name,realm,rating,cls,spec,play,win,lose
Phearbunny,bleeding-hollow,1660,deathknight,blood,159,86,73
Pagumon,moon-guard,1421,deathknight,blood,126,65,61
Warlôck,chogall,1399,deathknight,blood,36,19,17
Where,chogall,1383,deathknight,blood,63,27,36
Kayn,malganis,1359,deathknight,blood,83,36,47
Corndead,area-52,1251,deathknight,blood,48,16,32
Réndwarchièf,garrosh,1227,deathknight,blood,51,23,28
Tiumau,goldrinn,1132,deathknight,blood,109,52,57
Nbayoungboy,kiljaeden,1099,deathknight,blood,51,21,30
Insonne,dalaran,1003,deathknight,blood,36,18,18
Tragül,sargeras,987,deathknight,blood,48,21,27
Bloodbukkaky,bleeding-hollow,946,deathknight,blood,61,16,45
Cerbeefquake,wyrmrest-accord,868,deathknight,blood,62,19,43
Valind,eredar,854,deathknight,blood,18,9,9
Kult,azralon,841,deathknight,blood,12,9,3
Exur,stormrage,839,deathknight,blood,30,9,21
Yafa,bonechewer,779,deathknight,blood,42,16,26
Jakeboyswag,shandris,767,deathknight,blood,24,8,16
Graventhel,tichondrius,667,deathknight,blood,24,7,17
Aftamaf,sargeras,662,deathknight,blood,12,7,5
Eremeir,moon-guard,576,deathknight,blood,12,6,6
Blasphemus,malganis,575,deathknight,blood,12,6,6
He,echo-isles,518,deathknight,blood,15,7,8
Kaîne,dalaran,480,deathknight,blood,12,5,7
Belfknightt,area-52,479,deathknight,blood,15,5,10
Tristam,area-52,384,deathknight,blood,6,4,2
Humber,area-52,384,deathknight,blood,6,4,2
Lildeathdude,anvilmar,384,deathknight,blood,6,4,2
Pride,ragnaros,384,deathknight,blood,12,4,8
Cozzasad,jubeithos,384,deathknight,blood,12,4,8
Gerrog,zuljin,384,deathknight,blood,12,4,8
Cleofas,tichondrius,382,deathknight,blood,6,4,2
Xhahed,quelthalas,288,deathknight,blood,6,3,3
Mïïkes,area-52,288,deathknight,blood,6,3,3
Well,archimonde,288,deathknight,blood,6,3,3
Nungetsnone,dalaran,288,deathknight,blood,6,3,3
ßläzë,baelgun,288,deathknight,blood,15,4,11
Kimbøslîce,area-52,288,deathknight,blood,12,3,9
Kaloesh,drenden,288,deathknight,blood,12,3,9
Aborblood,hyjal,286,deathknight,blood,12,3,9
Theronranger,kelthuzad,192,deathknight,blood,6,2,4
Neroxzdvm,area-52,192,deathknight,blood,6,2,4
Balidon,frostmourne,192,deathknight,blood,6,2,4
Sharnathos,stormrage,192,deathknight,blood,6,2,4
Igiveherp,zuljin,192,deathknight,blood,6,2,4
Deanlas,moon-guard,192,deathknight,blood,6,2,4
Furo,lightbringer,192,deathknight,blood,12,2,10
Baracka,sargeras,192,deathknight,blood,12,2,10
Sorvett,azralon,192,deathknight,blood,12,2,10
Eteson,tichondrius,191,deathknight,blood,6,2,4
Unhølydøøm,misha,191,deathknight,blood,12,2,10
Cosmiclord,sargeras,191,deathknight,blood,18,2,16
Killteam,tichondrius,96,deathknight,blood,6,1,5
Gnargnarr,firetree,96,deathknight,blood,6,1,5
Festr,sargeras,96,deathknight,blood,6,1,5
Luciknight,nemesis,96,deathknight,blood,6,1,5
Plagueghoul,wyrmrest-accord,96,deathknight,blood,6,1,5
Ðrift,azralon,96,deathknight,blood,6,1,5
Determinate,deathwing,96,deathknight,blood,6,1,5
Lunatick,darkspear,96,deathknight,blood,6,1,5
Wowattorney,tichondrius,96,deathknight,blood,6,1,5
Kanghouly,moon-guard,96,deathknight,blood,6,1,5
Rykiforst,tichondrius,96,deathknight,blood,12,1,11
Zerhistran,proudmoore,64,deathknight,blood,4,1,3
Hulmorr,bleeding-hollow,64,deathknight,blood,4,1,3
Pookr,area-52,2198,deathknight,unholy,323,164,159
Partywaffles,illidan,2179,deathknight,unholy,288,149,139
Thorediks,stormrage,2158,deathknight,unholy,180,91,89
Graphics,moon-guard,2143,deathknight,unholy,592,299,293
Pwaff,illidan,2128,deathknight,unholy,191,95,96
Veilsidé,kelthuzad,2122,deathknight,unholy,456,235,221
Vigarst,azralon,2121,deathknight,unholy,114,57,57
Neroxz,area-52,2105,deathknight,unholy,83,43,40
Hsivonarap,zuljin,2104,deathknight,unholy,163,87,76
Búddy,zuljin,2103,deathknight,unholy,171,87,84
Spaidzz,malganis,2096,deathknight,unholy,327,165,162
Níngjìng,tichondrius,2074,deathknight,unholy,84,43,41
Toxicwaste,malganis,2052,deathknight,unholy,118,61,57
Renaming,area-52,2024,deathknight,unholy,140,73,67
Skideroth,kelthuzad,2024,deathknight,unholy,114,59,55
Stankybreath,bleeding-hollow,2021,deathknight,unholy,203,109,94
Attack,grizzly-hills,2014,deathknight,unholy,84,43,41
Sadboy,grizzly-hills,2014,deathknight,unholy,107,53,54
Flarkness,area-52,2010,deathknight,unholy,78,37,41
Dkya,tichondrius,2008,deathknight,unholy,596,303,293
Éternalnight,tichondrius,2000,deathknight,unholy,88,39,49
Supblood,tichondrius,1999,deathknight,unholy,170,89,81
Flizzycash,malganis,1998,deathknight,unholy,86,44,42
Pettyk,tichondrius,1994,deathknight,unholy,77,37,40
Roidboy,illidan,1992,deathknight,unholy,215,108,107
Dahnga,frostmourne,1986,deathknight,unholy,84,52,32
Andeadx,tichondrius,1984,deathknight,unholy,60,30,30
Skippee,tichondrius,1983,deathknight,unholy,162,85,77
Achílles,sargeras,1979,deathknight,unholy,175,85,90
Scriptløl,sargeras,1975,deathknight,unholy,138,66,72
Serwestley,stormrage,1974,deathknight,unholy,322,163,159
Gutterboy,malganis,1973,deathknight,unholy,129,60,69
Keetor,tichondrius,1965,deathknight,unholy,78,50,28
Darkcata,tichondrius,1962,deathknight,unholy,66,28,38
Barakhenaku,illidan,1959,deathknight,unholy,69,36,33
Ravindrannor,saurfang,1956,deathknight,unholy,89,43,46
Wowattorney,tichondrius,1954,deathknight,unholy,148,71,77
Vuittons,area-52,1951,deathknight,unholy,351,175,176
Amatox,moon-guard,1946,deathknight,unholy,62,32,30
Darktone,tichondrius,1937,deathknight,unholy,77,44,33
Nixonxx,tichondrius,1933,deathknight,unholy,126,78,48
Lagérthâ,ragnaros,1932,deathknight,unholy,93,47,46
Juelzjerk,tichondrius,1931,deathknight,unholy,316,162,154
Pradas,area-52,1931,deathknight,unholy,486,245,241
Hrsb,tichondrius,1927,deathknight,unholy,142,81,61
Ilceses,area-52,1925,deathknight,unholy,78,37,41
Dominos,tichondrius,1923,deathknight,unholy,84,44,40
Cardii,area-52,1921,deathknight,unholy,189,97,92
Kaeligh,ragnaros,1917,deathknight,unholy,78,37,41
Ceomdae,tichondrius,1917,deathknight,unholy,90,42,48
Mårlbørø,tichondrius,1915,deathknight,unholy,41,21,20
Aerd,sargeras,1914,deathknight,unholy,553,281,272
Ningjinglol,tichondrius,1913,deathknight,unholy,143,77,66
Zynyzter,malganis,1912,deathknight,unholy,72,41,31
Paozao,tichondrius,1910,deathknight,unholy,96,47,49
Killinois,tichondrius,1910,deathknight,unholy,47,21,26
Bukum,zuljin,1907,deathknight,unholy,179,82,97
Dazarune,burning-blade,1905,deathknight,unholy,52,30,22
Keomdae,tichondrius,1904,deathknight,unholy,77,36,41
Chimps,illidan,1900,deathknight,unholy,98,48,50
Plagueflavor,tichondrius,1899,deathknight,unholy,480,243,237
Bbidd,tichondrius,1898,deathknight,unholy,66,40,26
Skppee,tichondrius,1896,deathknight,unholy,56,31,25
Cammy,frostmourne,1896,deathknight,unholy,74,37,37
Alistra,frostmourne,1895,deathknight,unholy,86,43,43
Evilduck,ragnaros,1894,deathknight,unholy,96,55,41
Volyant,frostmourne,1893,deathknight,unholy,72,37,35
Harókz,azralon,1893,deathknight,unholy,179,91,88
Barelyviable,tichondrius,1893,deathknight,unholy,78,34,44
Malhandir,bleeding-hollow,1892,deathknight,unholy,60,32,28
Dtcfasd,tichondrius,1885,deathknight,unholy,44,29,15
Geomdae,tichondrius,1883,deathknight,unholy,89,39,50
Ragrek,bleeding-hollow,1878,deathknight,unholy,36,20,16
Veilsidé,illidan,1876,deathknight,unholy,232,115,117
Cryodemic,illidan,1873,deathknight,unholy,45,21,24
Muspel,sargeras,1872,deathknight,unholy,71,36,35
Bloodbruh,blackrock,1863,deathknight,unholy,90,49,41
Nürgle,black-dragonflight,1862,deathknight,unholy,418,212,206
Warrcc,steamwheedle-cartel,1862,deathknight,unholy,66,32,34
Cavaliers,ragnaros,1860,deathknight,unholy,72,35,37
Lattè,area-52,1859,deathknight,unholy,55,30,25
Avengering,tichondrius,1859,deathknight,unholy,128,69,59
Drauguss,azralon,1858,deathknight,unholy,186,93,93
Darkdj,kelthuzad,1857,deathknight,unholy,247,119,128
Claudio,tichondrius,1853,deathknight,unholy,93,37,56
Brutos,thrall,1851,deathknight,unholy,104,56,48
Divinium,bleeding-hollow,1851,deathknight,unholy,66,31,35
Tduggylolz,tichondrius,1851,deathknight,unholy,60,26,34
Dill,madoran,1850,deathknight,unholy,72,32,40
Morbiddesire,stormrage,1849,deathknight,unholy,87,49,38
Céle,area-52,1849,deathknight,unholy,54,29,25
Deuter,quelthalas,1845,deathknight,unholy,315,168,147
Tokyotimxx,malganis,1842,deathknight,unholy,48,30,18
Bicepsüal,zuljin,1840,deathknight,unholy,36,28,8
Kittyrio,tichondrius,1840,deathknight,unholy,42,28,14
Nevermore,hyjal,1840,deathknight,unholy,125,67,58
Ddibb,tichondrius,1840,deathknight,unholy,81,41,40
Darktonelol,tichondrius,1840,deathknight,unholy,72,27,45
Charon,tichondrius,1839,deathknight,unholy,36,22,14
Bruceleedk,tichondrius,1839,deathknight,unholy,100,51,49
Siêgfriëd,ragnaros,1839,deathknight,unholy,72,33,39
Blackfyré,sargeras,1837,deathknight,unholy,62,32,30
Exaar,tichondrius,1837,deathknight,unholy,111,53,58
Aidsbenedict,malganis,1837,deathknight,unholy,126,59,67
Haldevarik,doomhammer,1834,deathknight,unholy,78,43,35
Festr,sargeras,1832,deathknight,unholy,116,74,42
Vaizard,malganis,1832,deathknight,unholy,42,26,16
Poesoul,tichondrius,1832,deathknight,unholy,407,205,202
Howdoulose,illidan,1831,deathknight,unholy,66,30,36
Aurious,lightnings-blade,1830,deathknight,unholy,84,47,37
Kortingert,nagrand,1830,deathknight,unholy,59,33,26
Steamerboy,stormrage,1829,deathknight,unholy,96,44,52
Standalizer,gilneas,1827,deathknight,unholy,107,61,46
Anatøly,ragnaros,1827,deathknight,unholy,42,21,21
Starshopping,proudmoore,1826,deathknight,unholy,123,61,62
Sagadk,hyjal,1825,deathknight,unholy,160,79,81
Slîckhuman,spinebreaker,1825,deathknight,unholy,156,75,81
Greenduck,malganis,1824,deathknight,unholy,54,28,26
Imlagging,dalaran,1823,deathknight,unholy,59,32,27
Lighostx,tichondrius,1821,deathknight,unholy,247,121,126
Goldênboy,blades-edge,1820,deathknight,unholy,66,42,24
Kilohotel,stormrage,1820,deathknight,unholy,48,26,22
Einherjiar,tichondrius,1820,deathknight,unholy,48,25,23
Lolcàtxo,tichondrius,1820,deathknight,unholy,53,24,29
Kciktep,tichondrius,1819,deathknight,unholy,36,19,17
Blacklabel,andorhal,1819,deathknight,unholy,114,57,57
Bigdekay,illidan,1818,deathknight,unholy,48,29,19
Altareon,ragnaros,1818,deathknight,unholy,174,91,83
Infectik,tichondrius,1817,deathknight,unholy,71,41,30
Carryme,quelthalas,1817,deathknight,unholy,181,92,89
Sussybakadk,sargeras,1817,deathknight,unholy,70,34,36
Dkcane,kelthuzad,1816,deathknight,unholy,80,44,36
Xibbas,illidan,1816,deathknight,unholy,60,32,28
Malsedius,kelthuzad,1816,deathknight,unholy,236,118,118
Õdin,area-52,1815,deathknight,unholy,203,103,100
Catarïa,tichondrius,1813,deathknight,unholy,144,69,75
Thotiannaqt,area-52,1811,deathknight,unholy,163,79,84
Fatzilla,tichondrius,1811,deathknight,unholy,66,26,40
Dreadfang,the-venture-co,1808,deathknight,unholy,30,19,11
Hhasaki,area-52,1808,deathknight,unholy,276,146,130
Billieeilish,sargeras,1808,deathknight,unholy,333,175,158
Floreon,tichondrius,1808,deathknight,unholy,65,34,31
Cesaroo,aegwynn,1808,deathknight,unholy,142,72,70
Boofcigars,stormrage,1807,deathknight,unholy,100,60,40
Dreadrend,sargeras,1807,deathknight,unholy,96,52,44
Necrôtic,area-52,1806,deathknight,unholy,76,35,41
Darkathås,tichondrius,1805,deathknight,unholy,48,25,23
Twindleroot,aggramar,1804,deathknight,unholy,77,45,32
Mûs,tichondrius,1804,deathknight,unholy,66,36,30
Justtaki,zuljin,1804,deathknight,unholy,72,34,38
Cliffdk,kelthuzad,1804,deathknight,unholy,116,51,65
Asukka,tichondrius,1804,deathknight,unholy,78,32,46
Didri,quelthalas,1803,deathknight,unholy,90,39,51
Ziskon,illidan,1802,deathknight,unholy,100,53,47
Xiaodabaolol,tichondrius,1802,deathknight,unholy,108,50,58
Saco,malganis,1800,deathknight,unholy,60,37,23
Azre,tichondrius,1800,deathknight,unholy,160,74,86
Goonaa,tichondrius,1797,deathknight,unholy,120,55,65
Áethros,malganis,1793,deathknight,unholy,168,81,87
Muspellheim,azralon,1791,deathknight,unholy,54,29,25
Arthez,frostmourne,1791,deathknight,unholy,91,46,45
Demonboyjr,tichondrius,1790,deathknight,unholy,135,63,72
Iato,sargeras,1788,deathknight,unholy,111,60,51
Puppykiss,perenolde,1786,deathknight,unholy,116,57,59
Arroyo,borean-tundra,1782,deathknight,unholy,192,100,92
Sinell,kargath,1781,deathknight,unholy,276,144,132
Zìlêán,tichondrius,1779,deathknight,unholy,118,60,58
Chillbaynê,the-scryers,1777,deathknight,unholy,131,67,64
Brocigar,tichondrius,1776,deathknight,unholy,118,59,59
Brß,tichondrius,1775,deathknight,unholy,102,54,48
Grimiz,tichondrius,1774,deathknight,unholy,145,71,74
Longlnus,malganis,1769,deathknight,unholy,85,37,48
Jacklinn,ysondre,1767,deathknight,unholy,118,70,48
Zerochillz,sargeras,1767,deathknight,unholy,41,24,17
Orphanmakerx,area-52,1767,deathknight,unholy,158,76,82
Cloüd,wyrmrest-accord,1763,deathknight,unholy,98,42,56
Infection,steamwheedle-cartel,1759,deathknight,unholy,48,24,24
Xarielle,tichondrius,1758,deathknight,unholy,127,65,62
Giveretms,azralon,1758,deathknight,unholy,48,23,25
Älltimer,stormrage,1757,deathknight,unholy,66,36,30
Moonjae,illidan,1756,deathknight,unholy,53,29,24
Properterps,bonechewer,1755,deathknight,unholy,155,87,68
Deadsamurai,illidan,1755,deathknight,unholy,175,89,86
Bloodgorged,frostmane,1755,deathknight,unholy,153,71,82
Zerøimperial,quelthalas,1754,deathknight,unholy,305,157,148
Malhandir,azgalor,1752,deathknight,unholy,112,49,63
Milleh,bleeding-hollow,1751,deathknight,unholy,108,47,61
Wolfsnight,frostmourne,1751,deathknight,unholy,72,27,45
Earthican,bleeding-hollow,1749,deathknight,unholy,86,47,39
Anhedonía,illidan,1747,deathknight,unholy,180,93,87
Datnai,barthilas,1747,deathknight,unholy,60,25,35
Cherrydk,malganis,1746,deathknight,unholy,60,29,31
Kireek,stormrage,1742,deathknight,unholy,69,40,29
Jakeboyswag,shandris,1742,deathknight,unholy,161,79,82
Frozenkappa,hyjal,1737,deathknight,unholy,35,21,14
Nh,malganis,1737,deathknight,unholy,54,28,26
Goonà,tichondrius,1737,deathknight,unholy,135,62,73
Hanung,tichondrius,1736,deathknight,unholy,47,21,26
Ðecaying,area-52,1735,deathknight,unholy,53,28,25
Teksurugi,korgath,1734,deathknight,unholy,60,32,28
Bedstains,thunderlord,1729,deathknight,unholy,239,123,116
Killìan,kelthuzad,1725,deathknight,unholy,176,89,87
Boofcigars,sargeras,1724,deathknight,unholy,100,54,46
Xebane,frostmourne,1723,deathknight,unholy,619,314,305
Zerhistran,proudmoore,1718,deathknight,unholy,272,141,131
Annoyed,wyrmrest-accord,1718,deathknight,unholy,166,83,83
Vleryan,ragnaros,1718,deathknight,unholy,62,31,31
Ståtìc,tichondrius,1716,deathknight,unholy,90,48,42
Noik,azralon,1716,deathknight,unholy,94,46,48
Nubsz,zuljin,1714,deathknight,unholy,78,41,37
Vad,skullcrusher,1714,deathknight,unholy,64,26,38
Zedsdead,mannoroth,1713,deathknight,unholy,100,56,44
Xariuz,quelthalas,1708,deathknight,unholy,54,22,32
Kinkysgnome,tichondrius,1706,deathknight,unholy,137,64,73
Nabbiby,tichondrius,1706,deathknight,unholy,113,51,62
Goonazz,tichondrius,1705,deathknight,unholy,72,50,22
Lazarise,area-52,1705,deathknight,unholy,119,58,61
Kwolve,proudmoore,1703,deathknight,unholy,267,136,131
Doombeast,area-52,1703,deathknight,unholy,144,67,77
Coldsleeps,saurfang,1702,deathknight,unholy,52,31,21
Muscleface,moon-guard,1701,deathknight,unholy,104,57,47
Kûri,runetotem,1700,deathknight,unholy,48,25,23
Justafkdk,gorefiend,1700,deathknight,unholy,84,43,41
Darione,twisting-nether,1699,deathknight,unholy,126,58,68
Puppykisses,perenolde,1695,deathknight,unholy,155,75,80
Richiex,tichondrius,1693,deathknight,unholy,78,33,45
Rezøk,ragnaros,1693,deathknight,unholy,64,25,39
Raahjx,sargeras,1691,deathknight,unholy,66,39,27
Linyive,malganis,1690,deathknight,unholy,72,37,35
Sithdog,blackrock,1690,deathknight,unholy,112,47,65
Fasterjake,sargeras,1689,deathknight,unholy,194,104,90
Lickblood,sargeras,1687,deathknight,unholy,49,26,23
Ligmagooch,tichondrius,1687,deathknight,unholy,154,80,74
Khaíne,wyrmrest-accord,1687,deathknight,unholy,264,136,128
Dunduner,tichondrius,1687,deathknight,unholy,264,132,132
Raps,frostmourne,1686,deathknight,unholy,74,32,42
Brandonsdk,tichondrius,1685,deathknight,unholy,215,103,112
Mikoaa,bladefist,1685,deathknight,unholy,54,24,30
Merados,quelthalas,1685,deathknight,unholy,90,37,53
Ayooplaguez,guldan,1684,deathknight,unholy,48,24,24
Clearlol,bleeding-hollow,1684,deathknight,unholy,48,23,25
Beby,wyrmrest-accord,1683,deathknight,unholy,56,23,33
Tkyo,tichondrius,1682,deathknight,unholy,102,46,56
Søldier,proudmoore,1681,deathknight,unholy,48,29,19
Libitina,tichondrius,1681,deathknight,unholy,42,24,18
Megatroun,stormreaver,1681,deathknight,unholy,48,27,21
Bellum,moon-guard,1681,deathknight,unholy,129,72,57
Krätos,zuljin,1681,deathknight,unholy,85,46,39
Emopalli,tichondrius,1681,deathknight,unholy,223,116,107
Azhid,tichondrius,1681,deathknight,unholy,190,95,95
Bhyrnam,ragnaros,1680,deathknight,unholy,60,23,37
Fakiez,kelthuzad,1679,deathknight,unholy,68,30,38
Soulhand,tichondrius,1678,deathknight,unholy,128,64,64
Falkorn,korgath,1677,deathknight,unholy,141,69,72
Bagul,azralon,1677,deathknight,unholy,81,36,45
Dâki,blades-edge,1675,deathknight,unholy,114,63,51
Onefire,illidan,1675,deathknight,unholy,118,58,60
Urp,aggramar,1674,deathknight,unholy,129,66,63
Irreversible,zuljin,1674,deathknight,unholy,167,79,88
Emarose,illidan,1673,deathknight,unholy,54,25,29
Saltank,frostmourne,1671,deathknight,unholy,36,26,10
Neroxzdvm,area-52,1670,deathknight,unholy,48,22,26
Cantmove,area-52,1669,deathknight,unholy,50,22,28
Ðomìnus,moon-guard,1666,deathknight,unholy,303,158,145
Aundethell,moon-guard,1666,deathknight,unholy,134,58,76
Virulous,zuljin,1665,deathknight,unholy,65,34,31
Slty,tichondrius,1664,deathknight,unholy,42,18,24
Ulísés,ragnaros,1664,deathknight,unholy,82,34,48
Ludgan,stormrage,1663,deathknight,unholy,198,95,103
Lichtborne,illidan,1662,deathknight,unholy,73,33,40
Turbokitten,tichondrius,1661,deathknight,unholy,79,42,37
Nevmic,emerald-dream,1661,deathknight,unholy,184,88,96
Bannedforevr,dalaran,1661,deathknight,unholy,69,29,40
Takeurcheeks,tichondrius,1660,deathknight,unholy,181,91,90
Apoz,tichondrius,1659,deathknight,unholy,48,25,23
Imadkloldie,frostmourne,1659,deathknight,unholy,90,46,44
Kranaz,frostmourne,1659,deathknight,unholy,60,28,32
Kakarotó,azralon,1656,deathknight,unholy,65,37,28
Jeremiahe,hyjal,1654,deathknight,unholy,126,67,59
Kjarnda,malganis,1653,deathknight,unholy,48,21,27
Skynyght,area-52,1652,deathknight,unholy,42,26,16
Cizzorz,tichondrius,1652,deathknight,unholy,41,20,21
Pooseunpoose,velen,1652,deathknight,unholy,86,41,45
Ullísés,ragnaros,1650,deathknight,unholy,81,37,44
Sonoftwodads,thrall,1650,deathknight,unholy,52,22,30
Grimnuts,thrall,1648,deathknight,unholy,149,80,69
Wheatasil,garona,1648,deathknight,unholy,91,48,43
Hatrèd,quelthalas,1648,deathknight,unholy,117,56,61
Desen,arthas,1647,deathknight,unholy,80,40,40
Chachio,kiljaeden,1645,deathknight,unholy,42,21,21
Kel,stormreaver,1644,deathknight,unholy,76,31,45
Galarick,area-52,1643,deathknight,unholy,41,22,19
Fuzzknight,ravenholdt,1643,deathknight,unholy,78,41,37
Beanboyx,tichondrius,1642,deathknight,unholy,34,18,16
Deathwavez,cenarius,1641,deathknight,unholy,107,57,50
Clapt,kelthuzad,1641,deathknight,unholy,66,32,34
Kurnoth,barthilas,1641,deathknight,unholy,110,53,57
Tailm,ragnaros,1639,deathknight,unholy,36,20,16
Tråuma,uther,1639,deathknight,unholy,71,37,34
Rongkhun,proudmoore,1638,deathknight,unholy,60,23,37
Mephostophel,sargeras,1637,deathknight,unholy,219,112,107
Xhoul,sargeras,1636,deathknight,unholy,255,136,119
Loongdk,kiljaeden,1635,deathknight,unholy,327,164,163
Lichanis,bonechewer,1635,deathknight,unholy,188,94,94
Dóm,proudmoore,1635,deathknight,unholy,138,69,69
Rycerzfrost,ragnaros,1634,deathknight,unholy,113,59,54
Garht,azralon,1633,deathknight,unholy,61,35,26
Unholykevin,sargeras,1633,deathknight,unholy,48,23,25
Alexeous,wyrmrest-accord,1632,deathknight,unholy,250,136,114
Azibar,moon-guard,1632,deathknight,unholy,65,31,34
Kkoduck,tichondrius,1631,deathknight,unholy,79,50,29
Reizu,ragnaros,1631,deathknight,unholy,45,27,18
Azynks,azralon,1631,deathknight,unholy,135,62,73
Nappão,azralon,1630,deathknight,unholy,169,82,87
Methyldk,frostmourne,1630,deathknight,unholy,116,55,61
Kenishii,kiljaeden,1629,deathknight,unholy,80,46,34
Bopalop,malganis,1629,deathknight,unholy,75,30,45
Wisdôm,frostmourne,1628,deathknight,unholy,83,43,40
Elyxoxo,tichondrius,1627,deathknight,unholy,84,44,40
Littlekims,emerald-dream,1627,deathknight,unholy,84,43,41
Wastethis,sargeras,1626,deathknight,unholy,71,40,31
Drpepp,bleeding-hollow,1626,deathknight,unholy,173,94,79
Zetarexia,area-52,1625,deathknight,unholy,149,82,67
Paratekdk,thrall,1625,deathknight,unholy,71,39,32
Banjingquan,tichondrius,1624,deathknight,unholy,136,77,59
Neaz,moon-guard,1624,deathknight,unholy,96,49,47
Bladê,tichondrius,1624,deathknight,unholy,61,26,35
Auniel,gorefiend,1622,deathknight,unholy,54,22,32
Komplex,kelthuzad,1621,deathknight,unholy,88,45,43
Darkwraith,illidan,1621,deathknight,unholy,90,46,44
Rustique,tichondrius,1621,deathknight,unholy,95,45,50
Asterend,proudmoore,1621,deathknight,unholy,52,23,29
Xraduky,dawnbringer,1620,deathknight,unholy,38,26,12
Yikk,illidan,1620,deathknight,unholy,66,33,33
Kallgìn,emerald-dream,1620,deathknight,unholy,71,33,38
Jacklynn,ragnaros,1619,deathknight,unholy,42,27,15
Struggler,velen,1619,deathknight,unholy,60,34,26
Annerito,area-52,1619,deathknight,unholy,47,19,28
Reapsouls,stormrage,1617,deathknight,unholy,42,30,12
Shadow,ragnaros,1616,deathknight,unholy,79,43,36
Boofcigars,kelthuzad,1616,deathknight,unholy,82,44,38
Boneyards,bleeding-hollow,1616,deathknight,unholy,156,68,88
Søad,quelthalas,1615,deathknight,unholy,135,72,63
Yamanji,wyrmrest-accord,1614,deathknight,unholy,116,64,52
Nøsfferatus,azralon,1613,deathknight,unholy,77,41,36
Aldebamuu,ragnaros,1613,deathknight,unholy,238,122,116
Kterrorblade,sargeras,1613,deathknight,unholy,180,92,88
Reighart,kiljaeden,1613,deathknight,unholy,62,31,31
Raíndrop,tichondrius,1612,deathknight,unholy,162,87,75
Lùcius,garrosh,1612,deathknight,unholy,197,103,94
Shakefknzula,tichondrius,1612,deathknight,unholy,104,51,53
Bossdk,tichondrius,1611,deathknight,unholy,61,37,24
Ðogmá,vashj,1610,deathknight,unholy,35,22,13
Lichkong,dalaran,1609,deathknight,unholy,76,43,33
Frostyclaws,blackrock,1609,deathknight,unholy,66,37,29
Lagmasterx,sargeras,1609,deathknight,unholy,42,20,22
Drneroxz,area-52,1608,deathknight,unholy,41,17,24
Yubell,barthilas,1607,deathknight,unholy,522,260,262
Lemuriön,nemesis,1607,deathknight,unholy,43,20,23
Ultimatdeath,jubeithos,1606,deathknight,unholy,66,30,36
Ædolph,barthilas,1605,deathknight,unholy,30,17,13
Huuzzha,tichondrius,1605,deathknight,unholy,192,99,93
Ãstaroth,stormrage,1605,deathknight,unholy,48,22,26
Notorious,garrosh,1605,deathknight,unholy,42,18,24
Kalgor,illidan,1604,deathknight,unholy,144,76,68
Nekrosys,eitrigg,1604,deathknight,unholy,64,26,38
Zoomoth,illidan,1604,deathknight,unholy,48,17,31
Wednesdæ,moon-guard,1603,deathknight,unholy,54,28,26
Spacealien,malganis,1603,deathknight,unholy,66,33,33
Voncleaver,tichondrius,1603,deathknight,unholy,70,23,47
Gargoylepowa,nemesis,1602,deathknight,unholy,42,20,22
Nofoamlattes,thrall,1602,deathknight,unholy,42,19,23
Karthayne,area-52,1601,deathknight,unholy,60,32,28
Rhaeisxalnym,sargeras,1601,deathknight,unholy,231,119,112
Originalcimm,stormrage,1601,deathknight,unholy,66,28,38
Joeyxdk,tichondrius,1600,deathknight,unholy,77,42,35
Daoniancc,tichondrius,1599,deathknight,unholy,467,234,233
Kellydean,moon-guard,1597,deathknight,unholy,203,106,97
Nalz,drakkari,1595,deathknight,unholy,226,112,114
Berodox,malganis,1595,deathknight,unholy,96,42,54
Shezoe,drakkari,1593,deathknight,unholy,112,58,54
Biefeile,tichondrius,1593,deathknight,unholy,111,56,55
Orcsexual,azralon,1593,deathknight,unholy,78,39,39
Nwnqt,frostmourne,1593,deathknight,unholy,68,33,35
Subparatbest,chogall,1592,deathknight,unholy,48,25,23
Arcticc,area-52,1592,deathknight,unholy,60,26,34
Sevexi,moon-guard,1591,deathknight,unholy,58,36,22
Zukcho,tichondrius,1590,deathknight,unholy,78,35,43
Artyboy,icecrown,1590,deathknight,unholy,44,19,25
Gripyourhoe,tichondrius,1589,deathknight,unholy,48,28,20
Rytex,moon-guard,1589,deathknight,unholy,65,23,42
Eyir,thaurissan,1588,deathknight,unholy,104,50,54
Deathscyythe,illidan,1585,deathknight,unholy,48,24,24
Onlyfunss,moon-guard,1584,deathknight,unholy,119,58,61
Orkky,jubeithos,1582,deathknight,unholy,192,95,97
Annubarak,malganis,1581,deathknight,unholy,54,27,27
Rxzo,frostmourne,1581,deathknight,unholy,99,41,58
Alophedes,frostmourne,1580,deathknight,unholy,42,26,16
Dkdanim,tichondrius,1580,deathknight,unholy,184,96,88
Xènia,exodar,1580,deathknight,unholy,46,22,24
Migwel,emerald-dream,1579,deathknight,unholy,42,21,21
Níce,tichondrius,1578,deathknight,unholy,78,30,48
Dreadcowpie,dalaran,1577,deathknight,unholy,43,28,15
Mossó,tichondrius,1576,deathknight,unholy,30,18,12
Jaxxftw,azralon,1575,deathknight,unholy,147,81,66
Aryêl,ragnaros,1573,deathknight,unholy,51,26,25
Obedient,firetree,1572,deathknight,unholy,144,83,61
Promotheseis,sargeras,1572,deathknight,unholy,96,55,41
Kaaizer,azralon,1572,deathknight,unholy,120,68,52
Typhøn,illidan,1572,deathknight,unholy,247,126,121
Fydedk,stormrage,1572,deathknight,unholy,96,47,49
Glorydk,illidan,1571,deathknight,unholy,226,119,107
Asastac,tichondrius,1569,deathknight,unholy,66,34,32
Trumps,stormrage,1569,deathknight,unholy,76,38,38
Allianknight,windrunner,1568,deathknight,unholy,102,51,51
Zìlêáns,tichondrius,1567,deathknight,unholy,185,95,90
Genjírou,frostwolf,1567,deathknight,unholy,385,194,191
Demonnation,illidan,1567,deathknight,unholy,169,77,92
Idodamn,tichondrius,1566,deathknight,unholy,132,67,65
Zign,malganis,1564,deathknight,unholy,93,42,51
Rogdal,bleeding-hollow,1563,deathknight,unholy,38,22,16
Kasteny,frostmourne,1562,deathknight,unholy,71,34,37
Stoicïsm,tichondrius,1561,deathknight,unholy,156,87,69
Ousted,daggerspine,1560,deathknight,unholy,66,32,34
Stangz,bonechewer,1557,deathknight,unholy,78,37,41
Sommeliergg,stormrage,1556,deathknight,unholy,36,21,15
Hwml,barthilas,1556,deathknight,unholy,200,99,101
Carmii,wyrmrest-accord,1556,deathknight,unholy,55,26,29
Pue,hyjal,1553,deathknight,unholy,42,18,24
Fallen,nazjatar,1551,deathknight,unholy,45,31,14
Gottajuice,moonrunner,1551,deathknight,unholy,81,45,36
Siphilusxo,dalaran,1551,deathknight,unholy,36,20,16
Tuicca,frostmane,1551,deathknight,unholy,97,43,54
Buttrfingrz,cenarius,1550,deathknight,unholy,96,46,50
Kuwarerubana,proudmoore,1549,deathknight,unholy,74,41,33
Mïïkes,area-52,1548,deathknight,unholy,72,31,41
Giznator,malganis,1547,deathknight,unholy,259,125,134
Quiet,darkspear,1545,deathknight,unholy,84,40,44
Vexxan,thrall,1544,deathknight,unholy,88,42,46
Ntnf,illidan,1542,deathknight,unholy,59,32,27
Witdk,illidan,1542,deathknight,unholy,170,84,86
Poefather,tichondrius,1541,deathknight,unholy,42,25,17
Läskö,area-52,1541,deathknight,unholy,73,42,31
Mkownz,tichondrius,1539,deathknight,unholy,72,40,32
Jongro,tichondrius,1538,deathknight,unholy,122,64,58
Telrenaur,proudmoore,1538,deathknight,unholy,126,63,63
Rixin,agamaggan,1538,deathknight,unholy,66,28,38
Poonen,area-52,1537,deathknight,unholy,95,47,48
Chainsawmàn,tichondrius,1536,deathknight,unholy,290,152,138
Palliote,frostmane,1534,deathknight,unholy,52,30,22
Arktoz,tichondrius,1531,deathknight,unholy,30,16,14
Byres,kelthuzad,1530,deathknight,unholy,175,86,89
Kindaholy,malganis,1528,deathknight,unholy,23,17,6
Wölf,durotan,1528,deathknight,unholy,24,16,8
Ermanotruta,azralon,1527,deathknight,unholy,160,71,89
Koda,thrall,1527,deathknight,unholy,123,52,71
Thenin,crushridge,1525,deathknight,unholy,84,49,35
Zeenki,ragnaros,1525,deathknight,unholy,54,21,33
Urieen,gorefiend,1524,deathknight,unholy,176,94,82
Toophus,sargeras,1524,deathknight,unholy,98,46,52
Mehithee,kiljaeden,1524,deathknight,unholy,169,75,94
Arc,maiev,1524,deathknight,unholy,99,41,58
Deathboost,stormrage,1524,deathknight,unholy,60,22,38
Rk,blackhand,1523,deathknight,unholy,133,78,55
Deathbloss,illidan,1523,deathknight,unholy,32,17,15
Agohnim,moon-guard,1523,deathknight,unholy,115,58,57
Binicius,tichondrius,1522,deathknight,unholy,54,31,23
Tigs,proudmoore,1522,deathknight,unholy,126,65,61
Drfauci,boulderfist,1521,deathknight,unholy,42,20,22
Degrease,bonechewer,1520,deathknight,unholy,115,56,59
Zzji,frostmourne,1518,deathknight,unholy,53,26,27
Hooterzqt,tichondrius,1518,deathknight,unholy,106,47,59
Happynaru,tichondrius,1516,deathknight,unholy,120,62,58
Daethiel,demon-soul,1516,deathknight,unholy,89,40,49
Deezwaz,draka,1515,deathknight,unholy,85,44,41
Landez,ragnaros,1514,deathknight,unholy,135,67,68
Mordeo,bleeding-hollow,1514,deathknight,unholy,52,20,32
Unholyreap,arthas,1513,deathknight,unholy,66,41,25
Kangadeath,frostmourne,1513,deathknight,unholy,178,85,93
Deathzpeckt,tichondrius,1513,deathknight,unholy,36,17,19
Morrticia,malganis,1512,deathknight,unholy,94,52,42
Nightskull,malganis,1510,deathknight,unholy,84,45,39
Xen,malganis,1510,deathknight,unholy,77,35,42
Zeiok,tichondrius,1509,deathknight,unholy,78,43,35
Pharyngitis,emerald-dream,1509,deathknight,unholy,48,24,24
Ilikelydead,tichondrius,1509,deathknight,unholy,191,91,100
Devillele,proudmoore,1509,deathknight,unholy,78,36,42
Rizzchimp,tichondrius,1508,deathknight,unholy,24,16,8
Akilol,tichondrius,1508,deathknight,unholy,54,24,30
Tragdore,thrall,1507,deathknight,unholy,49,21,28
Unfórgíven,arthas,1507,deathknight,unholy,54,19,35
Burbash,moon-guard,1506,deathknight,unholy,223,112,111
Sandrexx,tichondrius,1506,deathknight,unholy,46,22,24
Original,muradin,1506,deathknight,unholy,68,27,41
Dexarax,norgannon,1505,deathknight,unholy,87,49,38
Frostbite,the-venture-co,1505,deathknight,unholy,90,48,42
Mainxx,stormrage,1505,deathknight,unholy,47,21,26
Feej,malganis,1504,deathknight,unholy,66,34,32
Dialysis,emerald-dream,1502,deathknight,unholy,205,101,104
Menethïl,quelthalas,1502,deathknight,unholy,72,32,40
Dmtdeaths,kelthuzad,1500,deathknight,unholy,48,26,22
Sevendeadly,frostmourne,1500,deathknight,unholy,57,29,28
Furcht,gundrak,1499,deathknight,unholy,38,20,18
Revvun,tichondrius,1499,deathknight,unholy,36,17,19
Abroham,arthas,1498,deathknight,unholy,59,30,29
Asheravon,moon-guard,1498,deathknight,unholy,432,210,222
Réndwarchièf,garrosh,1497,deathknight,unholy,48,24,24
Deadkaiser,ragnaros,1497,deathknight,unholy,50,24,26
Liodas,cenarius,1497,deathknight,unholy,43,17,26
Hooker,dragonmaw,1496,deathknight,unholy,79,44,35
Scythê,barthilas,1496,deathknight,unholy,76,35,41
Naxn,tichondrius,1495,deathknight,unholy,54,25,29
Artous,stormrage,1495,deathknight,unholy,69,26,43
Zifandel,tichondrius,1494,deathknight,unholy,54,24,30
Deathpool,shadowmoon,1494,deathknight,unholy,66,28,38
Samsoníte,illidan,1493,deathknight,unholy,24,16,8
Hatreon,sargeras,1493,deathknight,unholy,72,44,28
Nymppho,kelthuzad,1492,deathknight,unholy,417,196,221
Slissy,hyjal,1492,deathknight,unholy,74,32,42
Mords,area-52,1491,deathknight,unholy,46,22,24
Tasila,tichondrius,1490,deathknight,unholy,52,32,20
Zaxrree,malganis,1490,deathknight,unholy,90,51,39
Tenóry,nemesis,1490,deathknight,unholy,178,88,90
Menethiljr,boulderfist,1490,deathknight,unholy,143,70,73
Ghoulslasher,bleeding-hollow,1490,deathknight,unholy,62,28,34
Risottonero,kelthuzad,1489,deathknight,unholy,357,183,174
Malyga,sargeras,1489,deathknight,unholy,36,18,18
Kcorides,tichondrius,1488,deathknight,unholy,49,28,21
Fadedlight,zuljin,1488,deathknight,unholy,136,67,69
Laxatives,tichondrius,1488,deathknight,unholy,45,19,26
Monstrosìty,bleeding-hollow,1486,deathknight,unholy,24,16,8
Lazenca,malganis,1486,deathknight,unholy,56,36,20
Takeoverr,ragnaros,1485,deathknight,unholy,96,55,41
Ellipsoro,onyxia,1485,deathknight,unholy,137,63,74
Gripd,area-52,1484,deathknight,unholy,78,37,41
Arthyius,kiljaeden,1483,deathknight,unholy,100,46,54
Saighast,illidan,1482,deathknight,unholy,78,42,36
Unholyfish,malganis,1482,deathknight,unholy,145,75,70
Deadspellz,bleeding-hollow,1479,deathknight,unholy,58,17,41
Brounlyii,drakkari,1478,deathknight,unholy,60,38,22
Lebrônjames,tichondrius,1478,deathknight,unholy,60,29,31
Fruitpunch,shuhalo,1477,deathknight,unholy,34,18,16
Mizzri,frostmourne,1476,deathknight,unholy,30,17,13
Gilden,malfurion,1476,deathknight,unholy,134,65,69
Bulí,barthilas,1476,deathknight,unholy,100,43,57
Nialich,kelthuzad,1476,deathknight,unholy,41,16,25
Raull,ragnaros,1475,deathknight,unholy,36,16,20
Janco,runetotem,1472,deathknight,unholy,48,28,20
Ganancïa,nemesis,1472,deathknight,unholy,105,57,48
Nytrø,illidan,1472,deathknight,unholy,154,78,76
Xlive,tichondrius,1472,deathknight,unholy,66,28,38
Càsshêrn,lightbringer,1471,deathknight,unholy,62,34,28
Tracyminaj,tichondrius,1469,deathknight,unholy,102,49,53
Grayfoxx,twisting-nether,1469,deathknight,unholy,41,18,23
Darthsydius,azralon,1468,deathknight,unholy,61,32,29
Reinhartlol,sargeras,1468,deathknight,unholy,99,49,50
Breadtruck,area-52,1468,deathknight,unholy,81,35,46
Almostdead,proudmoore,1467,deathknight,unholy,43,23,20
Dirtydog,sargeras,1466,deathknight,unholy,48,25,23
Icytoast,tichondrius,1466,deathknight,unholy,60,25,35
Eldavò,quelthalas,1465,deathknight,unholy,132,63,69
Piratehookah,sargeras,1465,deathknight,unholy,36,16,20
Böffa,dalaran,1465,deathknight,unholy,59,21,38
Yareyare,tichondrius,1464,deathknight,unholy,113,60,53
Rognarash,emerald-dream,1464,deathknight,unholy,48,25,23
Sniperlord,uldaman,1461,deathknight,unholy,156,86,70
Garù,ragnaros,1461,deathknight,unholy,104,54,50
Dravoc,kelthuzad,1460,deathknight,unholy,149,72,77
Asthenophoba,bloodscalp,1459,deathknight,unholy,78,43,35
Hipower,moon-guard,1459,deathknight,unholy,162,86,76
Catena,blood-furnace,1459,deathknight,unholy,132,61,71
Grizzdk,blackrock,1457,deathknight,unholy,36,18,18
Rhaenyrà,tichondrius,1456,deathknight,unholy,49,32,17
Kramy,barthilas,1454,deathknight,unholy,56,35,21
Krargosh,quelthalas,1453,deathknight,unholy,226,109,117
Althamon,tanaris,1453,deathknight,unholy,216,101,115
Effendi,tichondrius,1452,deathknight,unholy,33,19,14
Mortarion,icecrown,1452,deathknight,unholy,268,131,137
Rhors,nemesis,1451,deathknight,unholy,106,51,55
Ams,moon-guard,1450,deathknight,unholy,66,35,31
Uglybowiie,ragnaros,1449,deathknight,unholy,145,69,76
Balboskina,shattered-hand,1448,deathknight,unholy,93,48,45
Wittlewanka,zuljin,1448,deathknight,unholy,170,75,95
Dezmond,quelthalas,1446,deathknight,unholy,60,28,32
Evilbot,tichondrius,1445,deathknight,unholy,78,45,33
Chocodilez,tichondrius,1444,deathknight,unholy,40,17,23
Felerin,kiljaeden,1438,deathknight,unholy,42,25,17
Corrpsse,tichondrius,1438,deathknight,unholy,157,81,76
Redbr,tichondrius,1437,deathknight,unholy,78,37,41
Flavorchops,kelthuzad,1437,deathknight,unholy,48,16,32
Grimorra,bleeding-hollow,1434,deathknight,unholy,36,20,16
Paíín,illidan,1433,deathknight,unholy,78,39,39
Tonylin,tichondrius,1433,deathknight,unholy,62,28,34
Exin,cenarion-circle,1432,deathknight,unholy,24,15,9
Xijiñpiñg,hyjal,1432,deathknight,unholy,93,51,42
Arkhän,ragnaros,1432,deathknight,unholy,89,37,52
Sofz,tichondrius,1432,deathknight,unholy,102,41,61
Mordumi,stormrage,1431,deathknight,unholy,67,28,39
Unrealzrotz,tichondrius,1429,deathknight,unholy,82,51,31
Deliriioh,ragnaros,1429,deathknight,unholy,282,149,133
Brisblade,shattered-hand,1429,deathknight,unholy,71,36,35
Asana,illidan,1429,deathknight,unholy,95,45,50
Bielzera,azralon,1429,deathknight,unholy,72,34,38
Solø,proudmoore,1428,deathknight,unholy,30,15,15
Kryptikkyt,blackrock,1428,deathknight,unholy,36,15,21
Heisenbern,stormrage,1427,deathknight,unholy,44,21,23
Grimmdreamer,stormrage,1427,deathknight,unholy,124,54,70
Krixia,ragnaros,1426,deathknight,unholy,58,30,28
Coffeebagel,bleeding-hollow,1426,deathknight,unholy,149,65,84
Wryu,malganis,1424,deathknight,unholy,136,71,65
Acerbus,mannoroth,1424,deathknight,unholy,40,16,24
Fruitvender,kelthuzad,1424,deathknight,unholy,41,16,25
Anexdk,korgath,1423,deathknight,unholy,24,15,9
Nyarlathotêp,barthilas,1422,deathknight,unholy,36,15,21
Starms,ragnaros,1421,deathknight,unholy,107,49,58
Vynox,frostmourne,1421,deathknight,unholy,145,64,81
Sannistus,ysera,1420,deathknight,unholy,97,43,54
Svar,frostmourne,1419,deathknight,unholy,54,30,24
Frosstbeach,hyjal,1419,deathknight,unholy,253,123,130
Trîmvain,bleeding-hollow,1418,deathknight,unholy,84,41,43
Necrósy,azralon,1418,deathknight,unholy,60,29,31
Fellenn,stormrage,1417,deathknight,unholy,144,78,66
Jayzhou,proudmoore,1417,deathknight,unholy,41,22,19
Orphnoch,illidan,1417,deathknight,unholy,54,25,29
Pmpfrmdwntwn,stormrage,1417,deathknight,unholy,67,28,39
Deathofchaos,smolderthorn,1417,deathknight,unholy,65,25,40
Seranta,wyrmrest-accord,1417,deathknight,unholy,54,19,35
Simplemuggle,draktharon,1416,deathknight,unholy,64,30,34
Kiritoo,draktharon,1415,deathknight,unholy,149,72,77
Wrothgarr,stormreaver,1414,deathknight,unholy,60,34,26
Fanggrief,proudmoore,1414,deathknight,unholy,127,60,67
Howlex,barthilas,1414,deathknight,unholy,66,28,38
Bojaçk,stormrage,1413,deathknight,unholy,30,17,13
Knownkilla,hyjal,1413,deathknight,unholy,83,47,36
Koév,ragnaros,1413,deathknight,unholy,62,31,31
Gerometal,ragnaros,1412,deathknight,unholy,48,20,28
Vamplyz,kelthuzad,1411,deathknight,unholy,86,44,42
Sílthree,barthilas,1411,deathknight,unholy,144,70,74
Cimitiere,stormrage,1410,deathknight,unholy,67,30,37
Polpop,zuljin,1409,deathknight,unholy,24,15,9
Blitzcreig,sargeras,1409,deathknight,unholy,48,23,25
Rimothedk,illidan,1407,deathknight,unholy,36,17,19
Zuckdk,illidan,1407,deathknight,unholy,88,40,48
Coldrhelx,quelthalas,1407,deathknight,unholy,122,55,67
Deephideblue,proudmoore,1407,deathknight,unholy,115,51,64
Nokenoke,illidan,1406,deathknight,unholy,281,138,143
Sacksqueezer,moon-guard,1405,deathknight,unholy,75,44,31
Àrchøn,kelthuzad,1405,deathknight,unholy,54,28,26
Midway,drakkari,1404,deathknight,unholy,54,31,23
Gankstagrip,anvilmar,1402,deathknight,unholy,120,58,62
Bot,icecrown,1401,deathknight,unholy,26,16,10
Blackary,emerald-dream,1401,deathknight,unholy,135,73,62
Dendra,barthilas,1401,deathknight,unholy,39,16,23
Chad,ysondre,1401,deathknight,unholy,42,17,25
Yadaddy,hydraxis,1400,deathknight,unholy,42,23,19
Cadavr,tichondrius,1399,deathknight,unholy,18,15,3
Rottenwiener,sargeras,1399,deathknight,unholy,65,40,25
Ventuss,bleeding-hollow,1399,deathknight,unholy,60,31,29
Wndypefrcorn,sargeras,1397,deathknight,unholy,77,44,33
Dkescanor,drakkari,1397,deathknight,unholy,74,41,33
Plagueghoul,wyrmrest-accord,1396,deathknight,unholy,240,122,118
Bloodramen,dalaran,1396,deathknight,unholy,409,207,202
Horîzon,sargeras,1396,deathknight,unholy,39,17,22
Cswildwind,aerie-peak,1395,deathknight,unholy,114,56,58
Rekbari,sargeras,1394,deathknight,unholy,30,18,12
Zuly,moon-guard,1394,deathknight,unholy,168,83,85
Dlaron,ragnaros,1394,deathknight,unholy,106,50,56
Attackondude,illidan,1393,deathknight,unholy,78,46,32
Fugs,ghostlands,1393,deathknight,unholy,126,64,62
Dkfenix,ragnaros,1393,deathknight,unholy,251,120,131
Apocxo,lightnings-blade,1392,deathknight,unholy,196,93,103
Deadlungs,area-52,1391,deathknight,unholy,80,38,42
Shhnitzle,stormrage,1390,deathknight,unholy,90,40,50
Draenor,shadowmoon,1389,deathknight,unholy,24,15,9
Luckyson,tichondrius,1387,deathknight,unholy,52,26,26
Sammåel,malganis,1387,deathknight,unholy,48,24,24
Jarah,destromath,1387,deathknight,unholy,66,30,36
Sìcx,tichondrius,1387,deathknight,unholy,131,59,72
Madmaxxy,barthilas,1385,deathknight,unholy,251,126,125
Dazerl,stormrage,1385,deathknight,unholy,138,68,70
Papalich,stormrage,1385,deathknight,unholy,246,115,131
Egirlgripper,area-52,1382,deathknight,unholy,30,15,15
Gêralt,darkspear,1379,deathknight,unholy,42,19,23
Maripaula,ragnaros,1379,deathknight,unholy,41,17,24
Dkani,nemesis,1378,deathknight,unholy,107,56,51
Ifsor,akama,1377,deathknight,unholy,169,82,87
Silanvia,wyrmrest-accord,1377,deathknight,unholy,66,30,36
Rihàn,drakkari,1376,deathknight,unholy,54,26,28
Mèrc,ragnaros,1376,deathknight,unholy,89,38,51
Xtador,quelthalas,1375,deathknight,unholy,45,25,20
Regiknight,stormrage,1375,deathknight,unholy,365,191,174
Sparklekitty,illidan,1374,deathknight,unholy,24,16,8
Greeasy,bleeding-hollow,1374,deathknight,unholy,41,23,18
Maiatsu,illidan,1374,deathknight,unholy,32,16,16
Bmminitian,illidan,1374,deathknight,unholy,36,16,20
Tragül,sargeras,1373,deathknight,unholy,30,17,13
Lppß,azralon,1373,deathknight,unholy,73,39,34
Terracundo,quelthalas,1371,deathknight,unholy,90,52,38
Overpony,area-52,1370,deathknight,unholy,79,43,36
Pacedd,silvermoon,1370,deathknight,unholy,30,15,15
Rulord,wyrmrest-accord,1369,deathknight,unholy,30,15,15
Dredrikbane,moon-guard,1367,deathknight,unholy,95,51,44
Nawis,quelthalas,1367,deathknight,unholy,59,26,33
Friezen,illidan,1367,deathknight,unholy,55,24,31
Hornpipe,borean-tundra,1366,deathknight,unholy,143,68,75
Kangsewooks,tichondrius,1366,deathknight,unholy,83,36,47
Mëgazørd,azralon,1365,deathknight,unholy,96,52,44
Holsey,moon-guard,1364,deathknight,unholy,156,76,80
Zeban,area-52,1364,deathknight,unholy,84,40,44
Warstompgød,tichondrius,1364,deathknight,unholy,36,16,20
Fzero,frostmourne,1364,deathknight,unholy,127,52,75
Raizzhít,ragnaros,1362,deathknight,unholy,28,15,13
Salahzar,stormrage,1362,deathknight,unholy,48,21,27
Waremoto,ragnaros,1361,deathknight,unholy,81,47,34
Sgtdead,thrall,1360,deathknight,unholy,115,60,55
Ziwadk,azralon,1358,deathknight,unholy,48,26,22
Justus,thrall,1358,deathknight,unholy,53,24,29
Dûsk,thunderlord,1358,deathknight,unholy,125,56,69
Lücìfër,illidan,1358,deathknight,unholy,59,26,33
Hydree,bleeding-hollow,1355,deathknight,unholy,72,32,40
Xhahed,quelthalas,1354,deathknight,unholy,71,37,34
Voldrezhul,area-52,1353,deathknight,unholy,66,36,30
Earador,dalaran,1352,deathknight,unholy,91,44,47
Zbrol,thrall,1352,deathknight,unholy,69,31,38
Keralius,stormrage,1352,deathknight,unholy,50,17,33
Dethcro,shandris,1351,deathknight,unholy,97,50,47
Humber,area-52,1350,deathknight,unholy,107,56,51
Släke,azralon,1350,deathknight,unholy,196,93,103
Killos,proudmoore,1350,deathknight,unholy,36,16,20
Bumbleton,blackrock,1349,deathknight,unholy,45,24,21
Tiansama,ragnaros,1349,deathknight,unholy,53,25,28
Stëroids,shuhalo,1348,deathknight,unholy,57,25,32
Hobdk,malganis,1347,deathknight,unholy,54,24,30
Golurun,tichondrius,1346,deathknight,unholy,43,25,18
Seíver,ragnaros,1346,deathknight,unholy,29,15,14
Beeftip,area-52,1346,deathknight,unholy,227,109,118
Lockstocked,dathremar,1344,deathknight,unholy,60,34,26
Shadowzombie,lethon,1344,deathknight,unholy,64,33,31
Gatrars,sargeras,1344,deathknight,unholy,256,129,127
Câpîrota,nemesis,1344,deathknight,unholy,118,54,64
Atrahazis,quelthalas,1343,deathknight,unholy,29,19,10
Vynkys,shadow-council,1343,deathknight,unholy,71,39,32
Deathwardenn,ghostlands,1343,deathknight,unholy,36,17,19
Zevrynn,barthilas,1342,deathknight,unholy,48,25,23
Viràlyourz,bleeding-hollow,1342,deathknight,unholy,94,48,46
Hyondeath,tichondrius,1342,deathknight,unholy,54,26,28
Feorlar,dalaran,1342,deathknight,unholy,48,21,27
Shadowsdk,tichondrius,1342,deathknight,unholy,36,14,22
Tummystix,arthas,1341,deathknight,unholy,46,20,26
Hotdk,thrall,1341,deathknight,unholy,42,14,28
Lilpootie,tichondrius,1338,deathknight,unholy,30,14,16
Allhejluya,illidan,1337,deathknight,unholy,229,112,117
Tötenkaiser,quelthalas,1337,deathknight,unholy,30,14,16
Darknessice,tichondrius,1336,deathknight,unholy,90,47,43
Ksoldier,illidan,1336,deathknight,unholy,54,26,28
Remõrse,moon-guard,1336,deathknight,unholy,30,14,16
Oomak,bonechewer,1336,deathknight,unholy,36,14,22
Ântipaladin,arthas,1335,deathknight,unholy,46,19,27
Paulpatine,tichondrius,1335,deathknight,unholy,84,32,52
Deathdra,illidan,1334,deathknight,unholy,72,44,28
Sweatynation,tichondrius,1334,deathknight,unholy,30,14,16
Axeldrion,tichondrius,1334,deathknight,unholy,118,49,69
Any,the-venture-co,1334,deathknight,unholy,69,28,41
Ceedog,crushridge,1334,deathknight,unholy,42,14,28
Fiddleop,thrall,1333,deathknight,unholy,24,14,10
Honustustere,stormrage,1333,deathknight,unholy,62,26,36
Scorpíøn,azralon,1332,deathknight,unholy,30,18,12
Negril,tichondrius,1332,deathknight,unholy,78,38,40
Gromhal,azralon,1331,deathknight,unholy,24,14,10
Demona,ragnaros,1331,deathknight,unholy,112,49,63
Erodin,moon-guard,1330,deathknight,unholy,30,14,16
Leiry,darkspear,1329,deathknight,unholy,49,30,19
Trüppen,area-52,1329,deathknight,unholy,151,84,67
Jamjae,tichondrius,1328,deathknight,unholy,30,16,14
Libramontes,ragnaros,1328,deathknight,unholy,74,38,36
Zxy,hyjal,1327,deathknight,unholy,23,17,6
Ez,moknathal,1327,deathknight,unholy,23,15,8
Anonymousix,kelthuzad,1327,deathknight,unholy,53,25,28
Volcolm,kelthuzad,1327,deathknight,unholy,60,28,32
Frostbytez,barthilas,1327,deathknight,unholy,41,18,23
Jughéad,thrall,1325,deathknight,unholy,24,14,10
Unholychillz,ghostlands,1324,deathknight,unholy,44,20,24
Mëlødy,quelthalas,1323,deathknight,unholy,94,46,48
Icewalløw,darkspear,1323,deathknight,unholy,30,14,16
Sabotdk,tichondrius,1322,deathknight,unholy,48,27,21
Kordrâk,quelthalas,1322,deathknight,unholy,47,23,24
Alayka,stormrage,1322,deathknight,unholy,43,21,22
Vazarus,darrowmere,1322,deathknight,unholy,139,63,76
Asylïthcc,sargeras,1321,deathknight,unholy,66,37,29
Harlthas,ragnaros,1321,deathknight,unholy,68,38,30
Dknoober,azralon,1319,deathknight,unholy,72,34,38
Zebirock,stormrage,1318,deathknight,unholy,94,47,47
Potatobob,dalaran,1318,deathknight,unholy,36,15,21
Galae,moon-guard,1318,deathknight,unholy,69,28,41
Iamthedanger,aerie-peak,1316,deathknight,unholy,30,14,16
Carrydeath,sargeras,1316,deathknight,unholy,36,14,22
Deathsatan,barthilas,1315,deathknight,unholy,114,57,57
Darkàn,lightnings-blade,1314,deathknight,unholy,77,38,39
Grimmosh,daggerspine,1313,deathknight,unholy,166,85,81
Bébøp,malganis,1313,deathknight,unholy,75,30,45
Thaladius,emerald-dream,1312,deathknight,unholy,59,31,28
Jhiv,tichondrius,1312,deathknight,unholy,42,20,22
Fluffymoo,frostmourne,1312,deathknight,unholy,30,14,16
Maligned,uldum,1312,deathknight,unholy,49,18,31
Frðst,executus,1310,deathknight,unholy,24,14,10
Ðaz,zuljin,1309,deathknight,unholy,102,50,52
Aretos,dreadmaul,1308,deathknight,unholy,56,27,29
Chibalaloca,quelthalas,1308,deathknight,unholy,42,14,28
Arcainian,tichondrius,1305,deathknight,unholy,195,89,106
Darkunral,stormrage,1305,deathknight,unholy,98,40,58
Gwiffhm,tichondrius,1304,deathknight,unholy,40,14,26
Niennahh,sargeras,1300,deathknight,unholy,63,32,31
Shélly,ragnaros,1298,deathknight,unholy,113,54,59
Killerundead,area-52,1298,deathknight,unholy,40,17,23
Mournehowl,stormrage,1297,deathknight,unholy,30,15,15
Unknowndk,kul-tiras,1296,deathknight,unholy,110,48,62
Dustknight,sargeras,1294,deathknight,unholy,48,26,22
Putrefactive,frostmourne,1294,deathknight,unholy,212,102,110
Elvacci,dreadmaul,1294,deathknight,unholy,71,32,39
Moxtexd,drakkari,1290,deathknight,unholy,203,114,89
Flo,ghostlands,1290,deathknight,unholy,69,35,34
Afterdeath,frostmourne,1290,deathknight,unholy,84,38,46
Kugzakh,fizzcrank,1290,deathknight,unholy,34,14,20
Unholycube,zuljin,1290,deathknight,unholy,35,14,21
Azgaroth,dathremar,1289,deathknight,unholy,168,91,77
Cripticknigt,spinebreaker,1289,deathknight,unholy,48,22,26
Sylneria,elune,1287,deathknight,unholy,42,19,23
Gothywaifu,thunderhorn,1286,deathknight,unholy,69,36,33
Zaluster,malganis,1285,deathknight,unholy,447,220,227
Bloodserfer,sargeras,1285,deathknight,unholy,66,31,35
Shargan,illidan,1283,deathknight,unholy,117,61,56
Tronnie,kelthuzad,1278,deathknight,unholy,128,58,70
Hildolfr,shattered-hand,1277,deathknight,unholy,30,15,15
Aradorn,azralon,1277,deathknight,unholy,215,97,118
Kentolos,proudmoore,1276,deathknight,unholy,36,25,11
Kromgarath,stormrage,1276,deathknight,unholy,93,44,49
Isaarid,proudmoore,1275,deathknight,unholy,34,20,14
Ometecuhtli,kelthuzad,1273,deathknight,unholy,60,35,25
Owenjak,moon-guard,1271,deathknight,unholy,41,17,24
Tëte,quelthalas,1269,deathknight,unholy,35,14,21
Stemen,quelthalas,1261,deathknight,unholy,62,30,32
Skyfalls,bleeding-hollow,1261,deathknight,unholy,64,28,36
Shargan,tichondrius,1260,deathknight,unholy,150,76,74
Nukydoe,azralon,1260,deathknight,unholy,42,19,23
Dkjs,anetheron,1260,deathknight,unholy,60,27,33
Daixks,proudmoore,1258,deathknight,unholy,82,42,40
Grriim,uther,1257,deathknight,unholy,36,14,22
Abruptdk,bonechewer,1254,deathknight,unholy,61,29,32
Dalrin,emerald-dream,1254,deathknight,unholy,44,19,25
Pugnation,uther,1253,deathknight,unholy,96,53,43
Bnasty,arthas,1253,deathknight,unholy,28,15,13
Sheipadinho,nemesis,1252,deathknight,unholy,104,59,45
Sne,dragonmaw,1251,deathknight,unholy,60,34,26
Ownaron,moon-guard,1249,deathknight,unholy,51,27,24
Resumen,steamwheedle-cartel,1249,deathknight,unholy,32,15,17
Murumuru,bleeding-hollow,1249,deathknight,unholy,54,25,29
Esquinência,azralon,1249,deathknight,unholy,48,20,28
Ekirei,daggerspine,1248,deathknight,unholy,23,14,9
Spotsdk,hyjal,1248,deathknight,unholy,38,21,17
Shxtlørdx,stormrage,1247,deathknight,unholy,24,13,11
Clowngodx,illidan,1247,deathknight,unholy,24,13,11
Ragsec,bleeding-hollow,1247,deathknight,unholy,24,13,11
Mesx,illidan,1247,deathknight,unholy,24,13,11
Masochrist,baelgun,1247,deathknight,unholy,57,28,29
Balakk,tichondrius,1247,deathknight,unholy,40,19,21
Worgenracist,tichondrius,1247,deathknight,unholy,33,13,20
Buldrokastee,tichondrius,1247,deathknight,unholy,36,13,23
Poubelle,malganis,1247,deathknight,unholy,36,13,23
Lèßrøñjämés,zuljin,1246,deathknight,unholy,24,13,11
Bloodyloco,malganis,1246,deathknight,unholy,64,32,32
Lr,hyjal,1246,deathknight,unholy,36,17,19
Metinchaff,shadowmoon,1245,deathknight,unholy,18,13,5
Noahmelo,nemesis,1245,deathknight,unholy,40,19,21
Hanmayuziro,tichondrius,1244,deathknight,unholy,29,14,15
Bloodbukkaky,bleeding-hollow,1244,deathknight,unholy,60,28,32
Aisö,bleeding-hollow,1244,deathknight,unholy,36,13,23
Omegaseven,gorgonnash,1243,deathknight,unholy,310,161,149
Mopglad,tichondrius,1242,deathknight,unholy,24,13,11
Bloodydebt,malganis,1242,deathknight,unholy,30,15,15
Lovedaddy,frostmourne,1242,deathknight,unholy,30,13,17
Maalevolent,thunderlord,1242,deathknight,unholy,37,14,23
Youngmoneyyd,illidan,1241,deathknight,unholy,18,13,5
Vaske,azjolnerub,1241,deathknight,unholy,157,76,81
Deathstrikex,tichondrius,1240,deathknight,unholy,24,13,11
Blightrish,icecrown,1240,deathknight,unholy,125,63,62
Mightyfails,frostmourne,1239,deathknight,unholy,30,13,17
Unleud,tichondrius,1237,deathknight,unholy,85,45,40
Digitalsammy,area-52,1235,deathknight,unholy,115,49,66
Neipum,stormrage,1234,deathknight,unholy,18,13,5
Vynlerran,skullcrusher,1234,deathknight,unholy,24,13,11
Seiyokú,ragnaros,1234,deathknight,unholy,270,130,140
Exur,stormrage,1234,deathknight,unholy,87,36,51
Rarum,bleeding-hollow,1233,deathknight,unholy,24,13,11
Pántera,darkspear,1233,deathknight,unholy,30,16,14
Lieyanyanwan,tichondrius,1233,deathknight,unholy,72,32,40
Agrip,proudmoore,1232,deathknight,unholy,58,25,33
Tugs,nathrezim,1231,deathknight,unholy,66,32,34
Bubblesdk,whisperwind,1231,deathknight,unholy,108,48,60
Deadlifts,daggerspine,1231,deathknight,unholy,30,13,17
Syringe,bloodhoof,1229,deathknight,unholy,30,13,17
Koltíra,azralon,1228,deathknight,unholy,82,38,44
Soulhuntress,doomhammer,1227,deathknight,unholy,114,58,56
Coolk,tichondrius,1227,deathknight,unholy,147,72,75
Déká,tichondrius,1226,deathknight,unholy,77,36,41
Belegos,quelthalas,1225,deathknight,unholy,134,60,74
Sokthr,proudmoore,1224,deathknight,unholy,38,17,21
Deathsmog,quelthalas,1221,deathknight,unholy,61,37,24
Möchi,ragnaros,1221,deathknight,unholy,87,43,44
Ahrímán,illidan,1221,deathknight,unholy,247,116,131
Aydic,emerald-dream,1221,deathknight,unholy,36,16,20
Muffinstomp,eredar,1218,deathknight,unholy,166,86,80
Volardan,trollbane,1214,deathknight,unholy,42,25,17
Hellzkknight,tichondrius,1213,deathknight,unholy,43,20,23
Finesthour,icecrown,1212,deathknight,unholy,38,14,24
Mazey,moon-guard,1209,deathknight,unholy,199,98,101
Nevarro,lightbringer,1209,deathknight,unholy,234,114,120
Heärt,bleeding-hollow,1208,deathknight,unholy,86,40,46
Atheion,the-underbog,1208,deathknight,unholy,52,19,33
Exequias,zuljin,1203,deathknight,unholy,60,35,25
Jonacho,quelthalas,1203,deathknight,unholy,45,20,25
Enjal,stormrage,1203,deathknight,unholy,77,33,44
Unhøøly,nemesis,1202,deathknight,unholy,114,57,57
Drowhd,stormrage,1202,deathknight,unholy,131,64,67
Deathafter,tichondrius,1202,deathknight,unholy,63,28,35
Treikorh,quelthalas,1202,deathknight,unholy,156,69,87
Yosemithe,quelthalas,1201,deathknight,unholy,24,13,11
Toroandmoi,area-52,1201,deathknight,unholy,42,20,22
Tyramir,tichondrius,1198,deathknight,unholy,72,27,45
Unhølydøøm,misha,1196,deathknight,unholy,86,42,44
Lorð,malganis,1195,deathknight,unholy,48,24,24
Deäthcrüsh,tichondrius,1194,deathknight,unholy,30,17,13
Soulfarm,tichondrius,1192,deathknight,unholy,96,59,37
Pacopico,area-52,1187,deathknight,unholy,49,21,28
Dkzote,quelthalas,1187,deathknight,unholy,66,23,43
Hitsüyi,quelthalas,1186,deathknight,unholy,47,27,20
Darktrinnity,nemesis,1186,deathknight,unholy,113,59,54
Magipierrot,ragnaros,1185,deathknight,unholy,114,55,59
Leviiathan,tichondrius,1185,deathknight,unholy,30,14,16
Edhral,ragnaros,1184,deathknight,unholy,36,16,20
Lunaxx,ragnaros,1183,deathknight,unholy,30,14,16
Zillachilla,azshara,1182,deathknight,unholy,48,24,24
Coffïnfeeder,dalaran,1178,deathknight,unholy,78,31,47
Darthblade,darkspear,1177,deathknight,unholy,66,43,23
Oldskul,sargeras,1176,deathknight,unholy,64,33,31
Umbranox,arthas,1176,deathknight,unholy,84,34,50
Deadwait,rivendare,1175,deathknight,unholy,22,13,9
Jojomcdeath,senjin,1175,deathknight,unholy,30,16,14
Ñovacaine,moon-guard,1174,deathknight,unholy,107,47,60
Corzmaen,illidan,1172,deathknight,unholy,62,30,32
Vcadk,ragnaros,1169,deathknight,unholy,26,13,13
Kehin,azralon,1164,deathknight,unholy,114,52,62
Deathfearsme,kiljaeden,1154,deathknight,unholy,35,14,21
Oql,tichondrius,1152,deathknight,unholy,24,12,12
Bukumo,zuljin,1152,deathknight,unholy,24,12,12
Diviniumx,bleeding-hollow,1152,deathknight,unholy,33,13,20
Agrithomqt,frostmourne,1151,deathknight,unholy,24,12,12
Akmy,illidan,1151,deathknight,unholy,24,12,12
Surkk,tichondrius,1150,deathknight,unholy,24,12,12
Nihlan,sargeras,1150,deathknight,unholy,30,12,18
Sleezyfbaby,sargeras,1149,deathknight,unholy,24,12,12
Vesel,tichondrius,1149,deathknight,unholy,36,12,24
Aquafina,nemesis,1147,deathknight,unholy,36,14,22
Vaseline,zangarmarsh,1146,deathknight,unholy,113,58,55
Dkbunny,thaurissan,1146,deathknight,unholy,24,12,12
Chalamander,tichondrius,1146,deathknight,unholy,24,12,12
Rakelan,area-52,1146,deathknight,unholy,36,12,24
Hellrusher,magtheridon,1144,deathknight,unholy,57,20,37
Dravix,azshara,1143,deathknight,unholy,18,12,6
Trentus,illidan,1142,deathknight,unholy,72,36,36
Kilagain,zuljin,1141,deathknight,unholy,24,12,12
Skeleton,lightnings-blade,1141,deathknight,unholy,33,13,20
Anaksunamooñ,sargeras,1140,deathknight,unholy,30,12,18
Wacktony,illidan,1139,deathknight,unholy,24,12,12
Hordbadia,garrosh,1139,deathknight,unholy,36,15,21
Deadlyforce,sargeras,1136,deathknight,unholy,18,12,6
Hellhämmer,ragnaros,1136,deathknight,unholy,24,12,12
Araris,stormrage,1135,deathknight,unholy,36,12,24
Velyssiah,stormrage,1134,deathknight,unholy,30,12,18
Shinici,kelthuzad,1132,deathknight,unholy,24,12,12
Bigdollars,eredar,1129,deathknight,unholy,24,12,12
Jinus,earthen-ring,1128,deathknight,unholy,60,30,30
Nicrack,malganis,1127,deathknight,unholy,30,15,15
Vapelounge,darkspear,1127,deathknight,unholy,147,69,78
Vampirecarti,tichondrius,1122,deathknight,unholy,38,18,20
Dnaloko,kelthuzad,1122,deathknight,unholy,46,17,29
Rid,boulderfist,1120,deathknight,unholy,28,16,12
Carecaa,azralon,1119,deathknight,unholy,44,19,25
Cheliä,quelthalas,1118,deathknight,unholy,51,19,32
Rulotauro,blackrock,1117,deathknight,unholy,76,34,42
Frostcleave,emerald-dream,1115,deathknight,unholy,24,16,8
Méthmonster,stormrage,1115,deathknight,unholy,57,31,26
Zebastion,amanthul,1115,deathknight,unholy,66,29,37
Azombie,burning-blade,1114,deathknight,unholy,46,20,26
Druncker,blackrock,1114,deathknight,unholy,53,20,33
Hyzor,azralon,1114,deathknight,unholy,35,12,23
Zathog,lightbringer,1113,deathknight,unholy,48,16,32
Zeeroo,moon-guard,1112,deathknight,unholy,60,28,32
Festers,burning-legion,1112,deathknight,unholy,38,14,24
Vërmilliøn,ragnaros,1112,deathknight,unholy,36,13,23
Nazrethos,drakkari,1111,deathknight,unholy,30,18,12
Jonnii,area-52,1110,deathknight,unholy,74,39,35
Froznorbs,tichondrius,1109,deathknight,unholy,32,15,17
Skellig,wyrmrest-accord,1109,deathknight,unholy,66,26,40
Dkchio,tichondrius,1107,deathknight,unholy,29,12,17
Alphabro,zuluhed,1105,deathknight,unholy,80,41,39
Jukpark,tichondrius,1104,deathknight,unholy,123,65,58
Bazzingaxd,hyjal,1100,deathknight,unholy,69,40,29
Morghulas,moon-guard,1098,deathknight,unholy,30,12,18
Maggotmulch,zuljin,1097,deathknight,unholy,48,13,35
Scaista,tichondrius,1095,deathknight,unholy,24,13,11
Croaker,gurubashi,1095,deathknight,unholy,69,37,32
Plaza,thorium-brotherhood,1093,deathknight,unholy,30,16,14
Thedarksoul,agamaggan,1092,deathknight,unholy,122,55,67
Polydeuces,queldorei,1091,deathknight,unholy,66,26,40
Hentaideath,kiljaeden,1088,deathknight,unholy,42,19,23
Fuzzyrump,eitrigg,1086,deathknight,unholy,48,27,21
Soulkiti,blackwater-raiders,1086,deathknight,unholy,28,12,16
Gbnkrnynagas,tichondrius,1084,deathknight,unholy,22,12,10
Kanthrix,illidan,1084,deathknight,unholy,32,12,20
Kayzark,tichondrius,1083,deathknight,unholy,114,61,53
Mordekaiseer,azralon,1082,deathknight,unholy,214,108,106
Emotionaldam,area-52,1081,deathknight,unholy,36,14,22
Bahtman,hakkar,1080,deathknight,unholy,68,40,28
Lòthlòria,mannoroth,1080,deathknight,unholy,67,26,41
Biukanon,ragnaros,1079,deathknight,unholy,34,13,21
Plaguebreak,darrowmere,1076,deathknight,unholy,214,114,100
Logann,azralon,1075,deathknight,unholy,46,20,26
Frostkane,stormrage,1071,deathknight,unholy,36,17,19
Ghostdeath,blackhand,1071,deathknight,unholy,27,12,15
Dankbro,tichondrius,1067,deathknight,unholy,54,21,33
Wildling,dragonmaw,1065,deathknight,unholy,29,14,15
Deathnorris,zuljin,1063,deathknight,unholy,176,88,88
Mandrágor,quelthalas,1060,deathknight,unholy,131,58,73
Henritoxic,azralon,1059,deathknight,unholy,26,17,9
Lharze,quelthalas,1059,deathknight,unholy,36,14,22
Hozzar,barthilas,1056,deathknight,unholy,18,11,7
Sickly,arthas,1056,deathknight,unholy,24,11,13
Diviniums,bleeding-hollow,1056,deathknight,unholy,24,11,13
Dreâmer,tichondrius,1056,deathknight,unholy,30,11,19
Cptsäveähöe,tichondrius,1056,deathknight,unholy,30,11,19
Jonahdk,sargeras,1055,deathknight,unholy,18,11,7
Jbot,dunemaul,1055,deathknight,unholy,24,11,13
Troyy,sargeras,1055,deathknight,unholy,30,11,19
Immadkx,area-52,1055,deathknight,unholy,36,11,25
Eightamdk,tichondrius,1054,deathknight,unholy,30,11,19
Xaldalas,kelthuzad,1053,deathknight,unholy,24,11,13
Boomxic,shuhalo,1053,deathknight,unholy,38,13,25
Øzzy,tichondrius,1052,deathknight,unholy,36,11,25
Brookmath,illidan,1051,deathknight,unholy,30,11,19
Grtmisdirect,illidan,1051,deathknight,unholy,45,16,29
Darik,the-venture-co,1049,deathknight,unholy,18,11,7
Acidirin,tichondrius,1049,deathknight,unholy,18,11,7
Apocalipsis,bleeding-hollow,1049,deathknight,unholy,24,11,13
Xány,ragnaros,1049,deathknight,unholy,27,12,15
Runicblade,jaedenar,1048,deathknight,unholy,18,11,7
Kidek,proudmoore,1048,deathknight,unholy,24,11,13
Demonicrunes,windrunner,1047,deathknight,unholy,24,11,13
Darthkeefers,zuljin,1047,deathknight,unholy,30,11,19
Arthureon,kelthuzad,1046,deathknight,unholy,119,55,64
Ñéçrôféélÿåh,moon-guard,1045,deathknight,unholy,66,33,33
Kreandria,dalaran,1045,deathknight,unholy,57,15,42
Bànished,moon-guard,1044,deathknight,unholy,19,11,8
Umbrha,quelthalas,1044,deathknight,unholy,24,11,13
Shadowghast,saurfang,1038,deathknight,unholy,18,11,7
Urineman,tichondrius,1034,deathknight,unholy,20,15,5
Mercysparx,thrall,1033,deathknight,unholy,138,64,74
Arthasnet,quelthalas,1031,deathknight,unholy,64,26,38
Lazta,azralon,1029,deathknight,unholy,64,29,35
Olblueyes,hyjal,1027,deathknight,unholy,30,11,19
Deathcometh,tichondrius,1027,deathknight,unholy,30,11,19
Tgrizzly,wyrmrest-accord,1019,deathknight,unholy,30,13,17
Mëllowhypë,sargeras,1017,deathknight,unholy,50,20,30
Mmrhostage,kelthuzad,1015,deathknight,unholy,35,15,20
Hansmclroy,trollbane,1012,deathknight,unholy,41,23,18
Bloopdabloop,sargeras,1012,deathknight,unholy,85,46,39
Zaelize,sargeras,1009,deathknight,unholy,90,40,50
Aborter,arthas,1009,deathknight,unholy,30,13,17
Modok,malganis,1006,deathknight,unholy,17,11,6
Jman,kaelthas,1004,deathknight,unholy,126,62,64
Argar,crushridge,1000,deathknight,unholy,42,22,20
Sherank,akama,998,deathknight,unholy,24,11,13
Rennoc,emerald-dream,990,deathknight,unholy,28,11,17
Galaxrz,bonechewer,990,deathknight,unholy,36,14,22
Pwnface,aerie-peak,990,deathknight,unholy,31,11,20
Kaciann,dalaran,988,deathknight,unholy,18,11,7
Latroz,gundrak,985,deathknight,unholy,226,98,128
Dàndàn,lightbringer,983,deathknight,unholy,30,12,18
Tandarilada,shadowmoon,981,deathknight,unholy,66,32,34
Futurism,shadowmoon,977,deathknight,unholy,23,13,10
Zàkgor,moon-guard,970,deathknight,unholy,27,13,14
Fendos,turalyon,963,deathknight,unholy,24,14,10
Dragoroth,zuluhed,963,deathknight,unholy,43,23,20
Bernaldino,illidan,960,deathknight,unholy,12,10,2
Xhín,bleeding-hollow,960,deathknight,unholy,18,10,8
Boltman,malganis,960,deathknight,unholy,24,10,14
Dicromick,illidan,960,deathknight,unholy,27,11,16
Eks,barthilas,959,deathknight,unholy,12,10,2
Devilwarship,daggerspine,959,deathknight,unholy,18,10,8
Gurnok,barthilas,959,deathknight,unholy,18,10,8
Raaizz,ragnaros,959,deathknight,unholy,18,10,8
Geth,sargeras,959,deathknight,unholy,18,10,8
Awshuks,illidan,959,deathknight,unholy,18,10,8
Válak,stormrage,959,deathknight,unholy,18,10,8
Distorted,emerald-dream,959,deathknight,unholy,24,10,14
Ohia,baelgun,959,deathknight,unholy,30,10,20
Galaxyboom,tichondrius,958,deathknight,unholy,12,10,2
Khørne,area-52,958,deathknight,unholy,18,10,8
Ghouldruis,barthilas,958,deathknight,unholy,18,10,8
Loomoros,sargeras,958,deathknight,unholy,36,10,26
Polepounder,malganis,957,deathknight,unholy,12,10,2
Iðûnn,barthilas,957,deathknight,unholy,18,10,8
Aldoraenna,illidan,957,deathknight,unholy,24,10,14
Orangedk,dalaran,956,deathknight,unholy,21,11,10
Gobaiakun,proudmoore,955,deathknight,unholy,18,10,8
Primeerebus,area-52,954,deathknight,unholy,18,10,8
Noolore,firetree,952,deathknight,unholy,12,10,2
Pasthope,emerald-dream,950,deathknight,unholy,18,10,8
Frostdest,kiljaeden,948,deathknight,unholy,24,10,14
Thaylenaar,eredar,947,deathknight,unholy,18,10,8
Thanatoss,dalaran,947,deathknight,unholy,24,10,14
Ghorzul,thrall,945,deathknight,unholy,30,10,20
Morhtzen,moon-guard,944,deathknight,unholy,13,10,3
Janoh,the-scryers,943,deathknight,unholy,59,24,35
Megatrôn,malganis,942,deathknight,unholy,41,10,31
Kalëndar,drakkari,940,deathknight,unholy,68,35,33
Draxsos,quelthalas,931,deathknight,unholy,54,25,29
Athropos,sargeras,926,deathknight,unholy,20,11,9
Gerrog,zuljin,925,deathknight,unholy,88,30,58
Cishei,quelthalas,921,deathknight,unholy,68,36,32
Jaydkx,tichondrius,906,deathknight,unholy,28,11,17
Delamuerte,ragnaros,905,deathknight,unholy,48,20,28
Rängi,caelestrasz,900,deathknight,unholy,138,55,83
Drgorignakk,tichondrius,899,deathknight,unholy,20,11,9
Emoeres,tichondrius,893,deathknight,unholy,17,10,7
Zareon,zuluhed,893,deathknight,unholy,27,14,13
Waterboy,malganis,890,deathknight,unholy,24,12,12
Sübzerö,quelthalas,889,deathknight,unholy,68,22,46
Lowan,stormrage,887,deathknight,unholy,24,12,12
Wuhán,proudmoore,886,deathknight,unholy,41,12,29
Dandandor,muradin,883,deathknight,unholy,49,23,26
Maverax,executus,875,deathknight,unholy,46,19,27
Garshna,ragnaros,872,deathknight,unholy,30,14,16
Nerfdklul,illidan,864,deathknight,unholy,12,9,3
Utthrity,ysera,864,deathknight,unholy,18,9,9
Rockadeath,sargeras,864,deathknight,unholy,18,9,9
Zakka,korgath,864,deathknight,unholy,18,9,9
Skullash,stormrage,864,deathknight,unholy,18,9,9
Meisterdeath,stormrage,864,deathknight,unholy,24,9,15
Shinukishin,stormrage,864,deathknight,unholy,24,9,15
Dixqt,deathwing,864,deathknight,unholy,30,9,21
Fortissax,area-52,864,deathknight,unholy,30,9,21
Sçythe,hyjal,863,deathknight,unholy,12,9,3
Valandiel,jubeithos,863,deathknight,unholy,18,9,9
Spurzilla,emerald-dream,863,deathknight,unholy,18,9,9
Azzandraza,wyrmrest-accord,863,deathknight,unholy,18,9,9
Xhan,tichondrius,863,deathknight,unholy,24,9,15
Ìnsanity,barthilas,863,deathknight,unholy,30,9,21
Sbplaysdk,akama,863,deathknight,unholy,30,9,21
Tharegorn,azralon,862,deathknight,unholy,18,9,9
Váthias,moon-guard,862,deathknight,unholy,18,9,9
Cowthàs,emerald-dream,862,deathknight,unholy,22,10,12
Gröxxigor,azralon,862,deathknight,unholy,24,9,15
Monglord,arthas,861,deathknight,unholy,18,9,9
Testitickler,gurubashi,861,deathknight,unholy,18,9,9
Runeswanson,area-52,861,deathknight,unholy,18,9,9
Igiveherp,zuljin,861,deathknight,unholy,18,9,9
Forgos,ragnaros,861,deathknight,unholy,24,9,15
Garorr,area-52,861,deathknight,unholy,41,9,32
Cosanostrá,malganis,860,deathknight,unholy,12,9,3
Rinthosaka,ragnaros,860,deathknight,unholy,18,9,9
Smerknight,proudmoore,860,deathknight,unholy,30,9,21
Ðerion,stormrage,859,deathknight,unholy,18,9,9
Sidbane,kalecgos,859,deathknight,unholy,19,9,10
Noitrox,azralon,859,deathknight,unholy,24,9,15
Katakuri,azralon,859,deathknight,unholy,24,9,15
Kaórii,stormrage,858,deathknight,unholy,30,9,21
Mardrank,stormrage,857,deathknight,unholy,36,9,27
Tinytanx,aerie-peak,856,deathknight,unholy,30,9,21
Étérnaldeath,ragnaros,853,deathknight,unholy,24,9,15
Revendra,emerald-dream,852,deathknight,unholy,20,10,10
Ulerin,illidan,850,deathknight,unholy,18,9,9
Flexyoo,kelthuzad,847,deathknight,unholy,23,9,14
Headbustr,sargeras,843,deathknight,unholy,30,14,16
Destruktion,uldaman,838,deathknight,unholy,12,9,3
Vynjonc,drenden,832,deathknight,unholy,48,21,27
Fufal,drakkari,832,deathknight,unholy,37,13,24
Kowell,drakkari,831,deathknight,unholy,50,17,33
Handler,nemesis,830,deathknight,unholy,20,10,10
Fallenelfie,frostmourne,829,deathknight,unholy,17,9,8
Bulfstone,quelthalas,819,deathknight,unholy,17,9,8
Calabrass,mannoroth,819,deathknight,unholy,53,17,36
Cycho,thaurissan,816,deathknight,unholy,21,9,12
Alderma,zuljin,814,deathknight,unholy,29,10,19
Iceclaw,bleeding-hollow,808,deathknight,unholy,17,9,8
Infestation,muradin,799,deathknight,unholy,22,9,13
Stygiansiix,draenor,798,deathknight,unholy,48,20,28
Yafa,bonechewer,798,deathknight,unholy,89,31,58
Easydk,tichondrius,796,deathknight,unholy,16,9,7
Starset,burning-legion,784,deathknight,unholy,30,12,18
Beedamoniv,tichondrius,783,deathknight,unholy,23,10,13
Ghostriderr,tichondrius,768,deathknight,unholy,12,8,4
Imrealgày,zuljin,768,deathknight,unholy,12,8,4
Poderrosodk,azralon,768,deathknight,unholy,12,8,4
Vitad,tichondrius,768,deathknight,unholy,12,8,4
Tomei,stormreaver,768,deathknight,unholy,18,8,10
Sinnan,turalyon,768,deathknight,unholy,18,8,10
Zyzz,frostmourne,768,deathknight,unholy,18,8,10
Maltendis,malganis,768,deathknight,unholy,18,8,10
Liqùid,moon-guard,768,deathknight,unholy,18,8,10
Barricus,stonemaul,768,deathknight,unholy,18,8,10
Saberest,tichondrius,768,deathknight,unholy,18,8,10
Toxicbooger,thrall,768,deathknight,unholy,18,8,10
Cgg,tichondrius,768,deathknight,unholy,18,8,10
Schreit,zuljin,768,deathknight,unholy,18,8,10
Dkinaboxx,hyjal,768,deathknight,unholy,24,8,16
Thraximundar,stormrage,768,deathknight,unholy,24,8,16
Novädk,ragnaros,768,deathknight,unholy,24,8,16
Deathsloot,sargeras,767,deathknight,unholy,12,8,4
Ørcrist,area-52,767,deathknight,unholy,12,8,4
Akrylo,ragnaros,767,deathknight,unholy,12,8,4
Trydeath,azralon,767,deathknight,unholy,13,8,5
Boogers,cenarion-circle,767,deathknight,unholy,18,8,10
Deathlyvoid,sargeras,767,deathknight,unholy,18,8,10
Skorge,arthas,767,deathknight,unholy,18,8,10
Bloodygrip,bleeding-hollow,767,deathknight,unholy,18,8,10
Gorillagrip,sargeras,767,deathknight,unholy,18,8,10
Lukroman,ragnaros,767,deathknight,unholy,18,8,10
Traitre,onyxia,767,deathknight,unholy,18,8,10
Nattór,dalaran,767,deathknight,unholy,18,8,10
Hædës,area-52,767,deathknight,unholy,18,8,10
Sujudk,emerald-dream,767,deathknight,unholy,18,8,10
Skulm,emerald-dream,767,deathknight,unholy,20,8,12
Sicklecell,laughing-skull,767,deathknight,unholy,24,8,16
Sahaile,moon-guard,767,deathknight,unholy,30,8,22
Redcancer,tichondrius,766,deathknight,unholy,12,8,4
Ðrëssa,azralon,766,deathknight,unholy,12,8,4
Raynorr,dawnbringer,766,deathknight,unholy,12,8,4
Malthoran,thrall,766,deathknight,unholy,12,8,4
Deatheey,area-52,766,deathknight,unholy,18,8,10
Archaná,stormrage,766,deathknight,unholy,18,8,10
Zrkõria,ragnaros,766,deathknight,unholy,18,8,10
Riparonii,illidan,766,deathknight,unholy,21,8,13
Ltoblivious,thrall,766,deathknight,unholy,24,8,16
Beetroots,area-52,765,deathknight,unholy,18,8,10
Blackùla,tichondrius,765,deathknight,unholy,24,8,16
Wickedknîght,kelthuzad,765,deathknight,unholy,24,8,16
Abadena,illidan,765,deathknight,unholy,27,8,19
Gotchäa,tichondrius,764,deathknight,unholy,18,8,10
Demher,ragnaros,762,deathknight,unholy,18,8,10
Primoverdino,azralon,762,deathknight,unholy,18,8,10
Jessefur,undermine,761,deathknight,unholy,18,8,10
Draynen,dentarg,761,deathknight,unholy,30,11,19
Iamlrr,maelstrom,761,deathknight,unholy,24,8,16
Liltinktink,stormreaver,760,deathknight,unholy,18,8,10
Lepanda,skywall,758,deathknight,unholy,18,8,10
Grimmtidings,dentarg,756,deathknight,unholy,95,41,54
Tormentsoul,ragnaros,754,deathknight,unholy,18,8,10
Rinngar,quelthalas,751,deathknight,unholy,14,8,6
Silvorus,moon-guard,735,deathknight,unholy,17,8,9
Papparoach,ysera,728,deathknight,unholy,36,11,25
Ulyssess,jubeithos,723,deathknight,unholy,100,43,57
Hadianton,stormrage,718,deathknight,unholy,21,9,12
Valadie,bleeding-hollow,718,deathknight,unholy,21,8,13
Syzurp,barthilas,717,deathknight,unholy,18,9,9
Droko,thunderlord,714,deathknight,unholy,27,9,18
Somethingdum,sargeras,703,deathknight,unholy,16,8,8
Deadge,blackrock,700,deathknight,unholy,22,8,14
Inscipid,frostmourne,697,deathknight,unholy,20,9,11
Liverkick,zuljin,672,deathknight,unholy,12,7,5
Beforelunch,tichondrius,672,deathknight,unholy,12,7,5
Penguinlolx,sargeras,672,deathknight,unholy,12,7,5
Plag,bleeding-hollow,672,deathknight,unholy,12,7,5
Donrhythmic,ysera,672,deathknight,unholy,12,7,5
Jbert,sargeras,672,deathknight,unholy,12,7,5
Ripcrawford,proudmoore,672,deathknight,unholy,12,7,5
Bkb,sargeras,672,deathknight,unholy,12,7,5
Murzlok,tichondrius,672,deathknight,unholy,12,7,5
Mcdeathturds,tichondrius,672,deathknight,unholy,12,7,5
Vicente,burning-legion,672,deathknight,unholy,12,7,5
Deathfab,tichondrius,672,deathknight,unholy,14,7,7
Inemia,wyrmrest-accord,672,deathknight,unholy,16,7,9
Ahirek,quelthalas,672,deathknight,unholy,20,8,12
Dxssxe,tichondrius,672,deathknight,unholy,18,7,11
Deathup,sargeras,672,deathknight,unholy,18,7,11
Coachclaudio,tichondrius,672,deathknight,unholy,18,7,11
Ebolaxd,area-52,672,deathknight,unholy,18,7,11
Bryku,tichondrius,672,deathknight,unholy,18,7,11
Cali,bladefist,672,deathknight,unholy,18,7,11
Notiniquity,tichondrius,672,deathknight,unholy,18,7,11
Bellybuster,malganis,672,deathknight,unholy,18,7,11
Mmaximus,darkspear,672,deathknight,unholy,18,7,11
Umbramane,tichondrius,672,deathknight,unholy,18,7,11
Cammykickbot,frostmourne,672,deathknight,unholy,18,7,11
Dreadwraith,malganis,672,deathknight,unholy,18,7,11
Reizü,ragnaros,672,deathknight,unholy,18,7,11
Xenocrates,illidan,672,deathknight,unholy,24,7,17
Zenan,area-52,672,deathknight,unholy,24,7,17
Atumor,frostmourne,672,deathknight,unholy,30,7,23
Zzed,azralon,671,deathknight,unholy,12,7,5
Fligdeath,llane,671,deathknight,unholy,12,7,5
Buhc,tichondrius,671,deathknight,unholy,12,7,5
Tiller,mannoroth,671,deathknight,unholy,12,7,5
Gâbriel,cairne,671,deathknight,unholy,12,7,5
Ceffy,barthilas,671,deathknight,unholy,12,7,5
Tailzy,proudmoore,671,deathknight,unholy,12,7,5
Mfknight,archimonde,671,deathknight,unholy,18,7,11
Zacharya,nemesis,671,deathknight,unholy,18,7,11
Woahwtf,area-52,671,deathknight,unholy,18,7,11
Ahgrax,tichondrius,671,deathknight,unholy,18,7,11
Annuvyz,darkspear,671,deathknight,unholy,18,7,11
Nolderosdk,nemesis,671,deathknight,unholy,18,7,11
Demonstalker,boulderfist,671,deathknight,unholy,24,7,17
Granknight,azralon,671,deathknight,unholy,30,7,23
Onslàught,sargeras,670,deathknight,unholy,12,7,5
Kralos,khadgar,670,deathknight,unholy,12,7,5
Arokh,sargeras,670,deathknight,unholy,12,7,5
Lahaa,stormrage,670,deathknight,unholy,12,7,5
Adralin,sargeras,670,deathknight,unholy,18,7,11
Dalka,laughing-skull,670,deathknight,unholy,18,7,11
Emberwarden,stormrage,670,deathknight,unholy,18,7,11
Irokthefrost,frostmourne,669,deathknight,unholy,12,7,5
Augsburg,kiljaeden,669,deathknight,unholy,18,7,11
Kìrìtó,malygos,669,deathknight,unholy,18,7,11
Pharoahx,gurubashi,669,deathknight,unholy,18,7,11
Cowmedian,norgannon,669,deathknight,unholy,24,7,17
Superjessdk,area-52,668,deathknight,unholy,18,7,11
Boneguard,stormrage,668,deathknight,unholy,18,7,11
Extremepvp,aegwynn,666,deathknight,unholy,12,7,5
Thepanzer,elune,665,deathknight,unholy,12,7,5
Zëb,sargeras,665,deathknight,unholy,12,7,5
Runíc,demon-soul,664,deathknight,unholy,18,7,11
Heldwynd,bonechewer,664,deathknight,unholy,24,7,17
Mortorum,skullcrusher,655,deathknight,unholy,15,9,6
Dreekon,bleeding-hollow,647,deathknight,unholy,30,15,15
Dbg,frostmane,639,deathknight,unholy,11,7,4
Alzenth,quelthalas,639,deathknight,unholy,16,7,9
Hardtoplaydk,chogall,639,deathknight,unholy,17,7,10
Løk,illidan,638,deathknight,unholy,14,8,6
Dakiroenus,thrall,637,deathknight,unholy,20,8,12
Bonalumë,azralon,620,deathknight,unholy,17,7,10
Abrahams,tichondrius,616,deathknight,unholy,15,9,6
Bingoez,frostmourne,607,deathknight,unholy,11,7,4
Frøstfinger,azralon,607,deathknight,unholy,14,7,7
Plutonyus,stonemaul,607,deathknight,unholy,16,7,9
Bosleigor,elune,592,deathknight,unholy,19,7,12
Veryslow,area-52,590,deathknight,unholy,13,8,5
Arcänn,drenden,576,deathknight,unholy,6,6,0
Càvic,malganis,576,deathknight,unholy,12,6,6
Hickish,tichondrius,576,deathknight,unholy,12,6,6
Chainsharder,stormrage,576,deathknight,unholy,12,6,6
Lilwayne,archimonde,576,deathknight,unholy,12,6,6
Salusx,area-52,576,deathknight,unholy,12,6,6
Ridesatenspd,caelestrasz,576,deathknight,unholy,12,6,6
Zefdk,illidan,576,deathknight,unholy,12,6,6
Viscerus,stormrage,576,deathknight,unholy,12,6,6
Ralphpootawn,illidan,576,deathknight,unholy,12,6,6
Bøoth,area-52,576,deathknight,unholy,12,6,6
Delwrath,proudmoore,576,deathknight,unholy,12,6,6
Nøzawkolypse,area-52,576,deathknight,unholy,12,6,6
Annaomila,tichondrius,576,deathknight,unholy,12,6,6
Pepecoomer,frostmourne,576,deathknight,unholy,12,6,6
Svlla,doomhammer,576,deathknight,unholy,12,6,6
Chubingus,the-venture-co,576,deathknight,unholy,12,6,6
Menalise,moon-guard,576,deathknight,unholy,12,6,6
Lucaa,icecrown,576,deathknight,unholy,12,6,6
Mts,thunderhorn,576,deathknight,unholy,12,6,6
Jirashi,emerald-dream,576,deathknight,unholy,12,6,6
Tradestrok,ragnaros,576,deathknight,unholy,12,6,6
Bassydk,sargeras,576,deathknight,unholy,12,6,6
Spiritzx,illidan,576,deathknight,unholy,12,6,6
Tyrsfaith,tichondrius,576,deathknight,unholy,12,6,6
Sanezarro,bleeding-hollow,576,deathknight,unholy,12,6,6
Doomdk,azralon,576,deathknight,unholy,15,7,8
Kobrex,kelthuzad,576,deathknight,unholy,18,6,12
Joystickwrld,silvermoon,576,deathknight,unholy,18,6,12
Laeroth,zuluhed,576,deathknight,unholy,18,6,12
Bøngripx,tichondrius,576,deathknight,unholy,18,6,12
Superzach,muradin,576,deathknight,unholy,18,6,12
Paleopath,stormrage,576,deathknight,unholy,18,6,12
Clubman,tichondrius,576,deathknight,unholy,18,6,12
Hemorrhoids,blackrock,576,deathknight,unholy,18,6,12
Lainmortal,ragnaros,576,deathknight,unholy,18,6,12
Testamentxx,thunderlord,576,deathknight,unholy,18,6,12
Cirillan,bleeding-hollow,576,deathknight,unholy,18,6,12
Icycrazy,azralon,576,deathknight,unholy,18,6,12
Nethaar,tichondrius,576,deathknight,unholy,18,6,12
Conquest,drenden,576,deathknight,unholy,24,6,18
Monesy,tichondrius,576,deathknight,unholy,24,6,18
Myddraal,moon-guard,576,deathknight,unholy,24,6,18
Baldlord,tichondrius,576,deathknight,unholy,24,6,18
Abombinator,stormrage,575,deathknight,unholy,6,6,0
Peteargryphn,illidan,575,deathknight,unholy,12,6,6
Christophe,skullcrusher,575,deathknight,unholy,12,6,6
Åkatsukii,uther,575,deathknight,unholy,12,6,6
Agamoth,ragnaros,575,deathknight,unholy,12,6,6
Questíonable,arthas,575,deathknight,unholy,12,6,6
Isaiahstolt,area-52,575,deathknight,unholy,12,6,6
Sephirott,boulderfist,575,deathknight,unholy,12,6,6
Galthro,tichondrius,575,deathknight,unholy,12,6,6
Sleylenagmez,kalecgos,575,deathknight,unholy,13,6,7
Reapar,amanthul,575,deathknight,unholy,13,6,7
Römulus,area-52,575,deathknight,unholy,18,6,12
Geliòn,quelthalas,575,deathknight,unholy,18,6,12
Dknightor,dalaran,575,deathknight,unholy,18,6,12
Grýmm,bonechewer,575,deathknight,unholy,18,6,12
Corpsepetal,muradin,575,deathknight,unholy,18,6,12
Vicentão,tichondrius,574,deathknight,unholy,12,6,6
Robacalzónes,ragnaros,574,deathknight,unholy,12,6,6
Bloodemperor,malfurion,574,deathknight,unholy,18,6,12
Fraänrisco,ragnaros,574,deathknight,unholy,18,6,12
Coldmilk,wyrmrest-accord,574,deathknight,unholy,24,6,18
Borgin,emerald-dream,573,deathknight,unholy,24,6,18
Baracka,sargeras,573,deathknight,unholy,30,6,24
Juggérnaút,bonechewer,572,deathknight,unholy,12,6,6
Castro,spinebreaker,565,deathknight,unholy,18,6,12
Raylene,frostmourne,564,deathknight,unholy,36,6,30
Lenos,tichondrius,543,deathknight,unholy,17,6,11
Caohiyan,tichondrius,542,deathknight,unholy,11,6,5
Herstôry,kelthuzad,527,deathknight,unholy,11,6,5
Gkdm,tichondrius,522,deathknight,unholy,21,8,13
Chës,tichondrius,522,deathknight,unholy,22,7,15
Abømination,zuljin,510,deathknight,unholy,20,6,14
Trukutruu,drakkari,504,deathknight,unholy,21,8,13
Bawlsauce,area-52,496,deathknight,unholy,13,6,7
Mookerfannia,moon-guard,480,deathknight,unholy,6,5,1
Wâggies,moon-guard,480,deathknight,unholy,6,5,1
Andariel,ragnaros,480,deathknight,unholy,6,5,1
Auzgul,gorefiend,480,deathknight,unholy,6,5,1
Rahdigga,bloodscalp,480,deathknight,unholy,6,5,1
Lastboyscout,silvermoon,480,deathknight,unholy,6,5,1
Depthknight,barthilas,480,deathknight,unholy,6,5,1
Forewraith,nagrand,480,deathknight,unholy,6,5,1
Grippysoren,kelthuzad,480,deathknight,unholy,6,5,1
Coldcrunch,dalaran,480,deathknight,unholy,6,5,1
Baakica,dalaran,480,deathknight,unholy,14,6,8
Gatitos,ragnaros,480,deathknight,unholy,12,5,7
Rayzuul,queldorei,480,deathknight,unholy,12,5,7
Drakkala,silvermoon,480,deathknight,unholy,12,5,7
Laboön,stormrage,480,deathknight,unholy,12,5,7
Vläad,ragnaros,480,deathknight,unholy,12,5,7
Süzuki,tichondrius,480,deathknight,unholy,12,5,7
Birnolan,proudmoore,480,deathknight,unholy,12,5,7
Swänsz,stormrage,480,deathknight,unholy,12,5,7
Deadntaxes,thunderlord,480,deathknight,unholy,12,5,7
Skotch,lightninghoof,480,deathknight,unholy,12,5,7
Cosmicrune,turalyon,480,deathknight,unholy,12,5,7
Gneanderthal,bloodscalp,480,deathknight,unholy,12,5,7
Gusabio,drakkari,480,deathknight,unholy,12,5,7
Deathpair,bleeding-hollow,480,deathknight,unholy,12,5,7
Lîch,azralon,480,deathknight,unholy,12,5,7
Darkfög,sargeras,480,deathknight,unholy,12,5,7
Aoshië,area-52,480,deathknight,unholy,12,5,7
Ânubîs,goldrinn,480,deathknight,unholy,12,5,7
Clovermoon,tichondrius,480,deathknight,unholy,12,5,7
Defaultz,turalyon,480,deathknight,unholy,12,5,7
Yeahgood,frostmourne,480,deathknight,unholy,12,5,7
Wapman,bloodhoof,480,deathknight,unholy,12,5,7
Serathai,tichondrius,480,deathknight,unholy,12,5,7
Ascendancyx,sargeras,480,deathknight,unholy,12,5,7
Defekaite,kiljaeden,480,deathknight,unholy,12,5,7
Feki,frostmourne,480,deathknight,unholy,12,5,7
Caravante,azralon,480,deathknight,unholy,12,5,7
Römney,stormrage,480,deathknight,unholy,12,5,7
Darkmancers,tichondrius,480,deathknight,unholy,12,5,7
Ariacy,sargeras,480,deathknight,unholy,12,5,7
Qberks,elune,480,deathknight,unholy,12,5,7
Pathæs,bleeding-hollow,480,deathknight,unholy,12,5,7
Initiative,moon-guard,480,deathknight,unholy,12,5,7
Sindragosa,dragonmaw,480,deathknight,unholy,12,5,7
Krumpous,tichondrius,480,deathknight,unholy,12,5,7
Ärlo,frostmourne,480,deathknight,unholy,12,5,7
Nordiin,stormrage,480,deathknight,unholy,12,5,7
Zaratose,area-52,480,deathknight,unholy,12,5,7
Andem,elune,480,deathknight,unholy,12,5,7
Corpsecat,firetree,480,deathknight,unholy,12,5,7
Ghrat,bleeding-hollow,480,deathknight,unholy,12,5,7
Scursy,tichondrius,480,deathknight,unholy,12,5,7
Nurglet,proudmoore,480,deathknight,unholy,18,5,13
Chachea,kiljaeden,480,deathknight,unholy,18,5,13
Kárd,tichondrius,480,deathknight,unholy,18,5,13
Deathgimbo,hellscream,480,deathknight,unholy,18,5,13
Chainsadeath,stormrage,480,deathknight,unholy,18,5,13
Gazco,frostmourne,480,deathknight,unholy,18,5,13
Herpetology,tichondrius,480,deathknight,unholy,18,5,13
Maskofwintrs,zuljin,480,deathknight,unholy,18,5,13
Sylèss,tichondrius,480,deathknight,unholy,18,5,13
Tinytimzy,perenolde,480,deathknight,unholy,18,5,13
Azryull,perenolde,480,deathknight,unholy,24,5,19
Dementrius,zuljin,480,deathknight,unholy,25,5,20
Valkzy,malganis,479,deathknight,unholy,6,5,1
Ahwooh,kelthuzad,479,deathknight,unholy,6,5,1
Wolfsdeath,shattered-hand,479,deathknight,unholy,6,5,1
Mefistô,quelthalas,479,deathknight,unholy,10,6,4
Amaethyst,kelthuzad,479,deathknight,unholy,12,5,7
Lubmuscle,illidan,479,deathknight,unholy,12,5,7
Dijkstrap,tichondrius,479,deathknight,unholy,12,5,7
Joelfromuber,stormrage,479,deathknight,unholy,12,5,7
Itired,tichondrius,479,deathknight,unholy,12,5,7
Vorlakesh,boulderfist,479,deathknight,unholy,12,5,7
Nekrofeelyak,kelthuzad,479,deathknight,unholy,12,5,7
Xadrisill,winterhoof,479,deathknight,unholy,12,5,7
Caqw,akama,479,deathknight,unholy,14,5,9
Dewwey,sargeras,479,deathknight,unholy,22,6,16
Malthis,antonidas,479,deathknight,unholy,24,5,19
Vitae,stonemaul,479,deathknight,unholy,27,5,22
Ffallen,quelthalas,477,deathknight,unholy,24,5,19
Drdeathz,sargeras,476,deathknight,unholy,12,5,7
Zedknight,emerald-dream,476,deathknight,unholy,21,6,15
Duesterwolf,windrunner,475,deathknight,unholy,12,5,7
Ghoulorama,illidan,471,deathknight,unholy,18,5,13
Tyrondious,tichondrius,462,deathknight,unholy,17,5,12
Faelmo,malganis,447,deathknight,unholy,11,5,6
Iloveenzley,tichondrius,447,deathknight,unholy,11,5,6
Prettyliched,area-52,447,deathknight,unholy,11,5,6
Fearfull,hyjal,447,deathknight,unholy,16,5,11
Sorry,ysera,432,deathknight,unholy,9,6,3
Zytira,wyrmrest-accord,431,deathknight,unholy,11,5,6
Furiel,mugthol,430,deathknight,unholy,9,6,3
Spôôn,aggramar,430,deathknight,unholy,11,5,6
Slapbag,kelthuzad,425,deathknight,unholy,15,6,9
Dtrayn,tichondrius,416,deathknight,unholy,10,5,5
Testifier,illidan,415,deathknight,unholy,8,5,3
Higeki,area-52,415,deathknight,unholy,8,5,3
Shiminy,chogall,415,deathknight,unholy,10,5,5
Dhaarok,malganis,415,deathknight,unholy,18,6,12
Skycracker,darkspear,400,deathknight,unholy,19,5,14
Frostology,echo-isles,399,deathknight,unholy,5,5,0
Zèro,moonrunner,384,deathknight,unholy,6,4,2
Thedarkbaron,area-52,384,deathknight,unholy,6,4,2
Mistmoorex,stormscale,384,deathknight,unholy,6,4,2
Zeathial,moon-guard,384,deathknight,unholy,6,4,2
Peacebringer,frostmourne,384,deathknight,unholy,6,4,2
Hlw,tichondrius,384,deathknight,unholy,6,4,2
Ðrift,azralon,384,deathknight,unholy,6,4,2
Janaru,bloodscalp,384,deathknight,unholy,6,4,2
Murphu,stormrage,384,deathknight,unholy,6,4,2
Beerknight,frostmourne,384,deathknight,unholy,6,4,2
Futruth,khaz-modan,384,deathknight,unholy,6,4,2
Apocalypst,wyrmrest-accord,384,deathknight,unholy,6,4,2
Keator,tichondrius,384,deathknight,unholy,6,4,2
Whaleofwales,ysondre,384,deathknight,unholy,6,4,2
Crink,sargeras,384,deathknight,unholy,6,4,2
Nbahooper,area-52,384,deathknight,unholy,6,4,2
Tibocourtois,tichondrius,384,deathknight,unholy,6,4,2
Chooksknight,tichondrius,384,deathknight,unholy,6,4,2
Ragnarøs,stormrage,384,deathknight,unholy,6,4,2
Lxsol,illidan,384,deathknight,unholy,6,4,2
Hiki,ragnaros,384,deathknight,unholy,6,4,2
Vampygeizt,zuljin,384,deathknight,unholy,6,4,2
Stelio,undermine,384,deathknight,unholy,6,4,2
Darkswar,barthilas,384,deathknight,unholy,6,4,2
Nooters,frostmourne,384,deathknight,unholy,6,4,2
Koreandk,tichondrius,384,deathknight,unholy,6,4,2
Chillbruh,garrosh,384,deathknight,unholy,6,4,2
Pleasecakes,blood-furnace,384,deathknight,unholy,9,5,4
Spleem,stormrage,384,deathknight,unholy,12,5,7
Dregdar,emerald-dream,384,deathknight,unholy,15,5,10
Cald,bonechewer,384,deathknight,unholy,12,4,8
Dkekk,illidan,384,deathknight,unholy,12,4,8
Shehanshah,area-52,384,deathknight,unholy,12,4,8
Sandooñ,tichondrius,384,deathknight,unholy,12,4,8
Kagäho,drakkari,384,deathknight,unholy,12,4,8
Wúhan,moon-guard,384,deathknight,unholy,12,4,8
Daellius,ragnaros,384,deathknight,unholy,12,4,8
Froztknight,anubarak,384,deathknight,unholy,12,4,8
Yeetmaster,area-52,384,deathknight,unholy,12,4,8
Danteloki,proudmoore,384,deathknight,unholy,12,4,8
Noiksnow,azralon,384,deathknight,unholy,12,4,8
Attitudë,thrall,384,deathknight,unholy,12,4,8
Darthnite,darkspear,384,deathknight,unholy,12,4,8
Capergrip,tichondrius,384,deathknight,unholy,12,4,8
Bealzabub,sargeras,384,deathknight,unholy,12,4,8
Çorn,sargeras,384,deathknight,unholy,12,4,8
Tyrien,frostmane,384,deathknight,unholy,12,4,8
Ändead,tichondrius,384,deathknight,unholy,12,4,8
Tirdinn,madoran,384,deathknight,unholy,12,4,8
Cäin,dreadmaul,384,deathknight,unholy,12,4,8
Threehunned,frostmourne,384,deathknight,unholy,12,4,8
Cokedrip,bleeding-hollow,384,deathknight,unholy,12,4,8
Hikikomori,hydraxis,384,deathknight,unholy,12,4,8
Assidik,dathremar,384,deathknight,unholy,12,4,8
Hounura,dathremar,384,deathknight,unholy,12,4,8
Lìlith,dreadmaul,384,deathknight,unholy,12,4,8
Wankekong,zuljin,384,deathknight,unholy,12,4,8
Coronä,malfurion,384,deathknight,unholy,12,4,8
Ambagrips,frostmourne,384,deathknight,unholy,12,4,8
Plaguetongue,magtheridon,384,deathknight,unholy,12,4,8
Raakaa,ghostlands,384,deathknight,unholy,12,4,8
Deathhimself,moonrunner,384,deathknight,unholy,12,4,8
Warraxe,draka,384,deathknight,unholy,18,4,14
Bultek,sargeras,384,deathknight,unholy,18,4,14
Golgothic,sargeras,384,deathknight,unholy,18,4,14
Drzièglér,tichondrius,384,deathknight,unholy,18,4,14
Avengis,bleeding-hollow,384,deathknight,unholy,18,4,14
Bjorstad,moon-guard,384,deathknight,unholy,18,4,14
Lho,caelestrasz,384,deathknight,unholy,18,4,14
Wkxx,tichondrius,384,deathknight,unholy,18,4,14
Deathbring,turalyon,383,deathknight,unholy,6,4,2
Turbotoxic,illidan,383,deathknight,unholy,6,4,2
Darkonos,stormrage,383,deathknight,unholy,6,4,2
Flazzul,kiljaeden,383,deathknight,unholy,6,4,2
Úndead,barthilas,383,deathknight,unholy,7,4,3
Noxhoy,ragnaros,383,deathknight,unholy,12,4,8
Shuangpepe,tichondrius,383,deathknight,unholy,12,4,8
Maligolde,nemesis,383,deathknight,unholy,12,4,8
Optics,bleeding-hollow,383,deathknight,unholy,12,4,8
Plaguedoctor,moon-guard,383,deathknight,unholy,12,4,8
Ziona,archimonde,383,deathknight,unholy,18,4,14
Juste,nazjatar,382,deathknight,unholy,6,4,2
Hobyrt,bleeding-hollow,382,deathknight,unholy,6,4,2
Jinxtar,wyrmrest-accord,382,deathknight,unholy,6,4,2
Eyedeas,emerald-dream,382,deathknight,unholy,12,4,8
Cachaviejas,tichondrius,381,deathknight,unholy,12,4,8
Brantodne,galakrond,379,deathknight,unholy,12,4,8
Atakan,burning-blade,367,deathknight,unholy,11,4,7
Dêåthknight,tichondrius,351,deathknight,unholy,8,5,3
Whosdead,area-52,351,deathknight,unholy,11,4,7
Azupo,aerie-peak,351,deathknight,unholy,14,5,9
Zuum,kelthuzad,351,deathknight,unholy,17,4,13
Zygon,thrall,336,deathknight,unholy,9,4,5
Rompeimën,ragnaros,330,deathknight,unholy,17,7,10
Ekaj,azuremyst,319,deathknight,unholy,5,4,1
Fishtouching,illidan,313,deathknight,unholy,17,5,12
Rodeon,azgalor,291,deathknight,unholy,13,5,8
Plaguewar,thrall,288,deathknight,unholy,6,3,3
Owlie,kelthuzad,288,deathknight,unholy,6,3,3
Shookdnation,suramar,288,deathknight,unholy,6,3,3
Kälämity,stormrage,288,deathknight,unholy,6,3,3
Trant,tichondrius,288,deathknight,unholy,6,3,3
Zarbag,malganis,288,deathknight,unholy,6,3,3
Zarataylor,frostmourne,288,deathknight,unholy,6,3,3
Adavynn,darkspear,288,deathknight,unholy,6,3,3
Turtoise,tichondrius,288,deathknight,unholy,6,3,3
Drippedout,illidan,288,deathknight,unholy,6,3,3
Alivægain,thrall,288,deathknight,unholy,6,3,3
Mendoh,tichondrius,288,deathknight,unholy,6,3,3
Llok,area-52,288,deathknight,unholy,6,3,3
Mawvac,quelthalas,288,deathknight,unholy,6,3,3
Marash,moon-guard,288,deathknight,unholy,6,3,3
Lafourche,sargeras,288,deathknight,unholy,6,3,3
Vinaroth,kiljaeden,288,deathknight,unholy,6,3,3
Nifftybear,tichondrius,288,deathknight,unholy,6,3,3
Disritmia,stormrage,288,deathknight,unholy,6,3,3
Xathrrid,stormrage,288,deathknight,unholy,6,3,3
Chrønnøz,nemesis,288,deathknight,unholy,6,3,3
Redrox,tichondrius,288,deathknight,unholy,6,3,3
Frenzza,frostmourne,288,deathknight,unholy,6,3,3
Malairia,area-52,288,deathknight,unholy,6,3,3
Indraz,jubeithos,288,deathknight,unholy,6,3,3
Ödens,dalaran,288,deathknight,unholy,6,3,3
Almatafh,azralon,288,deathknight,unholy,6,3,3
Matea,ragnaros,288,deathknight,unholy,6,3,3
Smokeyjoe,aegwynn,288,deathknight,unholy,6,3,3
Runtasticxz,tichondrius,288,deathknight,unholy,6,3,3
Wakkaflaca,bleeding-hollow,288,deathknight,unholy,6,3,3
Ego,blackrock,288,deathknight,unholy,6,3,3
Nalec,tichondrius,288,deathknight,unholy,6,3,3
Meattwinkie,dethecus,288,deathknight,unholy,6,3,3
Skosa,darkspear,288,deathknight,unholy,6,3,3
Leinandk,illidan,288,deathknight,unholy,6,3,3
Outbrèak,sargeras,288,deathknight,unholy,6,3,3
Adillus,area-52,288,deathknight,unholy,6,3,3
Reaplor,sargeras,288,deathknight,unholy,6,3,3
Rentt,malganis,288,deathknight,unholy,6,3,3
Pizy,frostmourne,288,deathknight,unholy,6,3,3
Jerkin,area-52,288,deathknight,unholy,6,3,3
Alivaron,lothar,288,deathknight,unholy,6,3,3
Katnajs,zuljin,288,deathknight,unholy,6,3,3
Mindflayers,area-52,288,deathknight,unholy,6,3,3
Dkdonut,frostmourne,288,deathknight,unholy,6,3,3
Legendåryx,sargeras,288,deathknight,unholy,6,3,3
Amtus,dalaran,288,deathknight,unholy,6,3,3
Vexmaw,twisting-nether,288,deathknight,unholy,6,3,3
Sworbjorn,kelthuzad,288,deathknight,unholy,6,3,3
Bigchillin,dragonmaw,288,deathknight,unholy,6,3,3
Johnnyrøtten,emerald-dream,288,deathknight,unholy,6,3,3
Icefrost,ghostlands,288,deathknight,unholy,6,3,3
Mikeoxmaul,frostmourne,288,deathknight,unholy,6,3,3
Northwing,sargeras,288,deathknight,unholy,6,3,3
Graket,vashj,288,deathknight,unholy,6,3,3
Necrotictko,tichondrius,288,deathknight,unholy,6,3,3
Shiggylich,dalaran,288,deathknight,unholy,6,3,3
Dizzyswiftz,tichondrius,288,deathknight,unholy,6,3,3
Anderius,tichondrius,288,deathknight,unholy,6,3,3
Petkick,tichondrius,288,deathknight,unholy,6,3,3
Greizul,area-52,288,deathknight,unholy,6,3,3
Jorich,ragnaros,288,deathknight,unholy,6,3,3
Gagaht,emerald-dream,288,deathknight,unholy,6,3,3
Kossero,thunderlord,288,deathknight,unholy,6,3,3
Alxcander,drakkari,288,deathknight,unholy,6,3,3
Mýrrh,wyrmrest-accord,288,deathknight,unholy,6,3,3
Martinnash,emerald-dream,288,deathknight,unholy,6,3,3
Graciemacie,area-52,288,deathknight,unholy,6,3,3
Desecration,emerald-dream,288,deathknight,unholy,6,3,3
Micteca,moonrunner,288,deathknight,unholy,7,3,4
Oroborus,korgath,288,deathknight,unholy,8,3,5
Erintodd,azshara,288,deathknight,unholy,9,3,6
Morbo,proudmoore,288,deathknight,unholy,12,3,9
Thalkard,thrall,288,deathknight,unholy,12,3,9
Monöri,ragnaros,288,deathknight,unholy,12,3,9
Lolgriped,tichondrius,288,deathknight,unholy,12,3,9
Gigabone,tichondrius,288,deathknight,unholy,12,3,9
Socalaj,malorne,288,deathknight,unholy,12,3,9
Shmoe,auchindoun,288,deathknight,unholy,12,3,9
Danlorinis,moon-guard,288,deathknight,unholy,12,3,9
Techneeq,tichondrius,288,deathknight,unholy,12,3,9
Zerky,stormrage,288,deathknight,unholy,12,3,9
Vynestus,caelestrasz,288,deathknight,unholy,12,3,9
Fokit,barthilas,288,deathknight,unholy,12,3,9
Herpesyphili,malganis,288,deathknight,unholy,12,3,9
Garonse,wyrmrest-accord,288,deathknight,unholy,12,3,9
Lsdee,maiev,288,deathknight,unholy,12,3,9
Touchofdecay,dragonblight,288,deathknight,unholy,12,3,9
Spaxz,illidan,288,deathknight,unholy,12,3,9
Shmeckla,tichondrius,288,deathknight,unholy,12,3,9
Sesshømâru,ragnaros,288,deathknight,unholy,12,3,9
Gazgol,tichondrius,288,deathknight,unholy,12,3,9
Pizay,azralon,288,deathknight,unholy,12,3,9
Rottenqunt,tichondrius,288,deathknight,unholy,12,3,9
Gersinhu,azralon,288,deathknight,unholy,12,3,9
Uncoachablex,illidan,288,deathknight,unholy,12,3,9
Hynzst,barthilas,288,deathknight,unholy,12,3,9
Kaspbrak,destromath,288,deathknight,unholy,12,3,9
Supermane,jubeithos,288,deathknight,unholy,12,3,9
Inigomontana,moon-guard,288,deathknight,unholy,12,3,9
Chosenhero,stormrage,288,deathknight,unholy,12,3,9
Chosenrune,stormrage,288,deathknight,unholy,12,3,9
Belfknightt,area-52,288,deathknight,unholy,12,3,9
Krw,stormrage,288,deathknight,unholy,12,3,9
Mongomongo,malganis,288,deathknight,unholy,12,3,9
Torsophuk,stormrage,288,deathknight,unholy,12,3,9
Coffeemilk,kiljaeden,288,deathknight,unholy,13,3,10
Sinfulfingrz,illidan,288,deathknight,unholy,18,3,15
Angerforge,illidan,288,deathknight,unholy,18,3,15
Deathsent,malganis,288,deathknight,unholy,18,3,15
Pitel,bleeding-hollow,288,deathknight,unholy,24,3,21
Deadmedic,quelthalas,287,deathknight,unholy,6,3,3
Malovv,nemesis,287,deathknight,unholy,6,3,3
Livor,ragnaros,287,deathknight,unholy,6,3,3
Chanskey,stormrage,287,deathknight,unholy,9,3,6
Kreachuer,onyxia,287,deathknight,unholy,12,3,9
Morthul,tol-barad,287,deathknight,unholy,12,3,9
Trustfalls,rexxar,287,deathknight,unholy,12,3,9
Orthason,moon-guard,286,deathknight,unholy,6,3,3
Soulgrinder,earthen-ring,286,deathknight,unholy,6,3,3
Icecreamlife,chogall,276,deathknight,unholy,25,7,18
Copy,suramar,271,deathknight,unholy,11,3,8
Explorer,kelthuzad,256,deathknight,unholy,10,3,7
Milkdrugs,daggerspine,256,deathknight,unholy,10,3,7
Guffles,tichondrius,256,deathknight,unholy,16,3,13
Baskel,frostmane,255,deathknight,unholy,11,3,8
Deathrowe,blackhand,240,deathknight,unholy,9,3,6
Leoprime,area-52,239,deathknight,unholy,5,3,2
Dairboi,sargeras,239,deathknight,unholy,5,3,2
Originalsin,tichondrius,239,deathknight,unholy,11,3,8
Elrog,nemesis,234,deathknight,unholy,13,4,9
Tinylich,arthas,234,deathknight,unholy,16,4,12
Ðëthbringër,jubeithos,223,deathknight,unholy,14,3,11
Nagaizao,nemesis,216,deathknight,unholy,20,6,14
Crypton,tichondrius,208,deathknight,unholy,13,3,10
Gankhiss,emerald-dream,201,deathknight,unholy,11,4,7
Chunkdk,stormrage,192,deathknight,unholy,4,3,1
Charabone,ragnaros,192,deathknight,unholy,4,3,1
Daddyspankme,frostmane,192,deathknight,unholy,6,2,4
Woddk,bleeding-hollow,192,deathknight,unholy,6,2,4
Onsslaught,sargeras,192,deathknight,unholy,6,2,4
Orcazmic,area-52,192,deathknight,unholy,6,2,4
Atlés,area-52,192,deathknight,unholy,6,2,4
Gurin,sargeras,192,deathknight,unholy,6,2,4
Nightdaddyy,laughing-skull,192,deathknight,unholy,6,2,4
Twocolors,gilneas,192,deathknight,unholy,6,2,4
Cailras,argent-dawn,192,deathknight,unholy,6,2,4
Tanskeey,sargeras,192,deathknight,unholy,6,2,4
Weedseagull,dragonmaw,192,deathknight,unholy,6,2,4
Ghaliö,sargeras,192,deathknight,unholy,6,2,4
Grimreminder,zuljin,192,deathknight,unholy,6,2,4
Kmardk,area-52,192,deathknight,unholy,6,2,4
Corscadden,zuljin,192,deathknight,unholy,6,2,4
Bealzabubb,sargeras,192,deathknight,unholy,6,2,4
Bogoraptor,emerald-dream,192,deathknight,unholy,6,2,4
Hastë,proudmoore,192,deathknight,unholy,6,2,4
Mythandour,shandris,192,deathknight,unholy,6,2,4
Orbo,elune,192,deathknight,unholy,6,2,4
Moonkhink,stormrage,192,deathknight,unholy,6,2,4
Merewen,lightnings-blade,192,deathknight,unholy,6,2,4
Benweth,dalaran,192,deathknight,unholy,6,2,4
Disturbedtwo,azralon,192,deathknight,unholy,6,2,4
Fizzease,illidan,192,deathknight,unholy,6,2,4
Junepí,stormrage,192,deathknight,unholy,6,2,4
Izanagidk,nemesis,192,deathknight,unholy,6,2,4
Redcoil,kelthuzad,192,deathknight,unholy,6,2,4
Havasu,proudmoore,192,deathknight,unholy,6,2,4
Mendie,azralon,192,deathknight,unholy,6,2,4
Vlladimir,kelthuzad,192,deathknight,unholy,6,2,4
Kniightdkk,kelthuzad,192,deathknight,unholy,6,2,4
Dkgrrick,bleeding-hollow,192,deathknight,unholy,6,2,4
Dkdkdkdkdk,chromaggus,192,deathknight,unholy,6,2,4
Eastcoast,azuremyst,192,deathknight,unholy,6,2,4
Ezmonie,alleria,192,deathknight,unholy,6,2,4
Lokzw,azralon,192,deathknight,unholy,6,2,4
Dkb,drakthul,192,deathknight,unholy,6,2,4
Mako,garithos,192,deathknight,unholy,6,2,4
Teedk,drakthul,192,deathknight,unholy,6,2,4
Pandauh,proudmoore,192,deathknight,unholy,6,2,4
Classtrial,kelthuzad,192,deathknight,unholy,6,2,4
Sieg,goldrinn,192,deathknight,unholy,6,2,4
Raikoh,area-52,192,deathknight,unholy,6,2,4
Semisoftbody,malganis,192,deathknight,unholy,6,2,4
Himatira,moon-guard,192,deathknight,unholy,6,2,4
Afkftwok,illidan,192,deathknight,unholy,6,2,4
Tristam,area-52,192,deathknight,unholy,6,2,4
Tèrok,stormrage,192,deathknight,unholy,6,2,4
Saraphdk,area-52,192,deathknight,unholy,6,2,4
Bbeanie,tichondrius,192,deathknight,unholy,6,2,4
Ahmisu,tichondrius,192,deathknight,unholy,6,2,4
Eviljosh,frostmourne,192,deathknight,unholy,6,2,4
Lunatick,darkspear,192,deathknight,unholy,6,2,4
Kranaz,barthilas,192,deathknight,unholy,6,2,4
Balstan,tichondrius,192,deathknight,unholy,6,2,4
Blooddisease,frostmourne,192,deathknight,unholy,6,2,4
Xàn,frostmourne,192,deathknight,unholy,6,2,4
Zilli,blackrock,192,deathknight,unholy,6,2,4
Jelcox,quelthalas,192,deathknight,unholy,6,2,4
Supfam,tichondrius,192,deathknight,unholy,6,2,4
Frozobagins,tichondrius,192,deathknight,unholy,6,2,4
Otr,wyrmrest-accord,192,deathknight,unholy,6,2,4
Chandsformer,tichondrius,192,deathknight,unholy,6,2,4
Sknow,dathremar,192,deathknight,unholy,6,2,4
Wheybolic,quelthalas,192,deathknight,unholy,6,2,4
Mailongdk,barthilas,192,deathknight,unholy,6,2,4
Ovishi,ragnaros,192,deathknight,unholy,6,2,4
Quixx,ragnaros,192,deathknight,unholy,6,2,4
Gooré,ragnaros,192,deathknight,unholy,6,2,4
Mesx,tichondrius,192,deathknight,unholy,6,2,4
Fatmamma,ragnaros,192,deathknight,unholy,6,2,4
Válhállá,ragnaros,192,deathknight,unholy,6,2,4
Deathscythè,barthilas,192,deathknight,unholy,6,2,4
Elzar,llane,192,deathknight,unholy,6,2,4
Hurstules,barthilas,192,deathknight,unholy,6,2,4
Mistake,ragnaros,192,deathknight,unholy,6,2,4
Astaxstaria,bladefist,192,deathknight,unholy,6,2,4
Eighthcycle,proudmoore,192,deathknight,unholy,6,2,4
Giraldus,stormrage,192,deathknight,unholy,12,2,10
Kzen,skullcrusher,192,deathknight,unholy,12,2,10
Nightrose,skullcrusher,192,deathknight,unholy,12,2,10
Stteve,proudmoore,192,deathknight,unholy,12,2,10
Maliceborn,stormrage,192,deathknight,unholy,12,2,10
Ovulating,malganis,192,deathknight,unholy,12,2,10
Víní,azralon,192,deathknight,unholy,12,2,10
Zerodk,kelthuzad,192,deathknight,unholy,12,2,10
Rykard,hyjal,192,deathknight,unholy,12,2,10
Mystery,wyrmrest-accord,192,deathknight,unholy,12,2,10
Astrødk,tichondrius,192,deathknight,unholy,12,2,10
Rinzlerx,illidan,192,deathknight,unholy,12,2,10
Cow,sargeras,192,deathknight,unholy,12,2,10
Kookx,tichondrius,192,deathknight,unholy,12,2,10
Ðìvíne,illidan,192,deathknight,unholy,12,2,10
Ðreak,azralon,192,deathknight,unholy,12,2,10
Taelse,medivh,192,deathknight,unholy,12,2,10
Tacofoxlol,tichondrius,192,deathknight,unholy,12,2,10
Dxn,nemesis,192,deathknight,unholy,18,2,16
Katiaany,quelthalas,192,deathknight,unholy,18,2,16
Larrisey,illidan,191,deathknight,unholy,6,2,4
Kaýlea,azralon,191,deathknight,unholy,6,2,4
Mormonpest,illidan,191,deathknight,unholy,6,2,4
Malkiss,kirin-tor,191,deathknight,unholy,6,2,4
Bëlzëbü,stormrage,159,deathknight,unholy,5,2,3
Amopeitos,stormrage,159,deathknight,unholy,8,3,5
Glacíuss,ragnaros,138,deathknight,unholy,9,4,5
Larímar,tichondrius,138,deathknight,unholy,9,3,6
Undêrtaker,sargeras,138,deathknight,unholy,9,3,6
Patchi,area-52,138,deathknight,unholy,14,4,10
Alyvier,shattered-hand,128,deathknight,unholy,4,2,2
Uniön,sargeras,96,deathknight,unholy,3,2,1
Caotix,bleeding-hollow,96,deathknight,unholy,3,2,1
Lollygag,wyrmrest-accord,96,deathknight,unholy,6,1,5
Fantabanana,azralon,96,deathknight,unholy,6,1,5
Vicedro,arthas,96,deathknight,unholy,6,1,5
Bulltille,azralon,96,deathknight,unholy,6,1,5
Ishamaael,tichondrius,96,deathknight,unholy,6,1,5
Drakero,stormrage,96,deathknight,unholy,6,1,5
Neofrank,drakkari,96,deathknight,unholy,6,1,5
Otarin,tichondrius,96,deathknight,unholy,6,1,5
Apocalypsis,uldum,96,deathknight,unholy,6,1,5
Sharnathos,stormrage,96,deathknight,unholy,6,1,5
Hunwild,emerald-dream,96,deathknight,unholy,6,1,5
Zanáken,stormrage,96,deathknight,unholy,6,1,5
Alexanderz,quelthalas,96,deathknight,unholy,6,1,5
Argy,zuljin,96,deathknight,unholy,6,1,5
Amö,emerald-dream,96,deathknight,unholy,6,1,5
Zenin,emerald-dream,96,deathknight,unholy,6,1,5
Raicoron,zuljin,96,deathknight,unholy,6,1,5
Tarone,zuljin,96,deathknight,unholy,6,1,5
Warller,azshara,96,deathknight,unholy,6,1,5
Alderollar,stormrage,96,deathknight,unholy,6,1,5
Gorgongosh,zuljin,96,deathknight,unholy,6,1,5
Bealzabbub,sargeras,96,deathknight,unholy,6,1,5
Distrolldk,zuljin,96,deathknight,unholy,6,1,5
Snipestrike,area-52,96,deathknight,unholy,6,1,5
Sever,demon-soul,96,deathknight,unholy,6,1,5
Ziedrich,sargeras,96,deathknight,unholy,6,1,5
Iluvbooty,blackrock,96,deathknight,unholy,6,1,5
Dontbanmepls,zuljin,96,deathknight,unholy,6,1,5
Apolokron,tichondrius,96,deathknight,unholy,6,1,5
Mtridew,tichondrius,96,deathknight,unholy,6,1,5
Percy,thaurissan,96,deathknight,unholy,6,1,5
Babkaniu,bleeding-hollow,96,deathknight,unholy,6,1,5
Tïmmyx,sargeras,96,deathknight,unholy,6,1,5
Nightshal,stormreaver,96,deathknight,unholy,6,1,5
Tìtø,ragnaros,96,deathknight,unholy,6,1,5
ßornkilla,tichondrius,96,deathknight,unholy,6,1,5
Dekadart,quelthalas,96,deathknight,unholy,6,1,5
Apeirøn,quelthalas,96,deathknight,unholy,6,1,5
Barrodir,tichondrius,96,deathknight,unholy,6,1,5
Drip,whisperwind,96,deathknight,unholy,6,1,5
Andivh,hydraxis,96,deathknight,unholy,6,1,5
Requísition,barthilas,96,deathknight,unholy,6,1,5
Axiom,nemesis,96,deathknight,unholy,6,1,5
Rgn,deathwing,96,deathknight,unholy,6,1,5
Hushima,lightbringer,96,deathknight,unholy,6,1,5
Karmakulaz,wildhammer,96,deathknight,unholy,6,1,5
Alayssia,darkspear,96,deathknight,unholy,6,1,5
Nøtus,stormrage,96,deathknight,unholy,6,1,5
Lichhbanne,doomhammer,96,deathknight,unholy,6,1,5
Râzôr,korgath,96,deathknight,unholy,6,1,5
Plaguedoctor,thrall,96,deathknight,unholy,6,1,5
Istery,thrall,96,deathknight,unholy,6,1,5
Dheyqu,quelthalas,96,deathknight,unholy,6,1,5
Dethklòk,area-52,96,deathknight,unholy,6,1,5
Terrethess,illidan,96,deathknight,unholy,6,1,5
Haldhir,ragnaros,96,deathknight,unholy,6,1,5
Abake,illidan,96,deathknight,unholy,6,1,5
Lazynome,azshara,96,deathknight,unholy,6,1,5
Rotfang,elune,96,deathknight,unholy,6,1,5
Sandolorian,area-52,96,deathknight,unholy,6,1,5
Heavic,skywall,96,deathknight,unholy,6,1,5
Ahizen,illidan,96,deathknight,unholy,6,1,5
Report,dathremar,96,deathknight,unholy,6,1,5
Gnargnarr,firetree,96,deathknight,unholy,6,1,5
Veslemes,tichondrius,96,deathknight,unholy,6,1,5
Vicesquad,tichondrius,96,deathknight,unholy,6,1,5
ßlazedkush,kelthuzad,96,deathknight,unholy,6,1,5
Papileche,tichondrius,96,deathknight,unholy,6,1,5
Jokenpi,illidan,96,deathknight,unholy,6,1,5
Nachohands,laughing-skull,96,deathknight,unholy,6,1,5
Doobymonzter,illidan,96,deathknight,unholy,6,1,5
Goldpowerz,kelthuzad,96,deathknight,unholy,6,1,5
Viscerak,dalaran,96,deathknight,unholy,6,1,5
Stormsick,ragnaros,96,deathknight,unholy,6,1,5
Loiseth,stormrage,96,deathknight,unholy,6,1,5
Moldremover,frostmourne,96,deathknight,unholy,6,1,5
Killa,maiev,96,deathknight,unholy,6,1,5
Bein,frostmourne,96,deathknight,unholy,6,1,5
Perculës,sargeras,96,deathknight,unholy,7,1,6
Aqs,sargeras,96,deathknight,unholy,9,1,8
Klàssy,stormrage,96,deathknight,unholy,12,1,11
Blowout,barthilas,96,deathknight,unholy,12,1,11
Vinsval,tichondrius,96,deathknight,unholy,12,1,11
Dípero,azralon,96,deathknight,unholy,12,1,11
Yorishomi,sargeras,96,deathknight,unholy,12,1,11
Skadattle,emerald-dream,96,deathknight,unholy,12,1,11
Zalåel,area-52,96,deathknight,unholy,12,1,11
Xeroxoxo,khadgar,96,deathknight,unholy,12,1,11
Clave,bleeding-hollow,96,deathknight,unholy,12,1,11
Darnkiller,kelthuzad,96,deathknight,unholy,18,1,17
Funerall,azralon,95,deathknight,unholy,12,1,11
Deanz,stormrage,63,deathknight,unholy,2,2,0
Asfaq,frostmourne,63,deathknight,unholy,2,2,0
Weebfiend,moon-guard,63,deathknight,unholy,8,2,6
Ayçe,proudmoore,58,deathknight,unholy,10,3,7
Meenotaurenk,azralon,47,deathknight,unholy,3,1,2
Tbop,ragnaros,42,deathknight,unholy,6,2,4
Lördd,moon-guard,42,deathknight,unholy,11,3,8
Harrypottr,darrowmere,42,deathknight,unholy,8,2,6
Ryannë,azshara,42,deathknight,unholy,12,2,10
Panddemonio,gallywix,31,deathknight,unholy,2,1,1
Doomstrike,azuremyst,16,deathknight,unholy,1,1,0
Barcadia,burning-legion,16,deathknight,unholy,1,1,0
Pookr,area-52,2236,deathknight,frost,361,184,177
Yoinkzz,illidan,2150,deathknight,frost,167,84,83
Duranteh,illidan,2091,deathknight,frost,84,44,40
Grippygarý,illidan,2031,deathknight,frost,72,40,32
Thânätos,nemesis,2004,deathknight,frost,210,107,103
Brutos,thrall,1974,deathknight,frost,95,47,48
Venvicta,tichondrius,1960,deathknight,frost,80,51,29
Axiomqt,tichondrius,1960,deathknight,frost,165,85,80
Xelonith,sargeras,1954,deathknight,frost,66,33,33
Gkdm,tichondrius,1938,deathknight,frost,84,40,44
Toxismall,zuljin,1936,deathknight,frost,66,34,32
Ksmc,tichondrius,1935,deathknight,frost,126,65,61
Runtasticxz,tichondrius,1923,deathknight,frost,137,66,71
Dtcfasd,tichondrius,1906,deathknight,frost,158,91,67
Plaw,kiljaeden,1894,deathknight,frost,65,33,32
Gladiaturd,hellscream,1875,deathknight,frost,160,83,77
Sylèss,tichondrius,1873,deathknight,frost,156,79,77
Menalise,moon-guard,1864,deathknight,frost,60,34,26
Mikepinkdk,illidan,1864,deathknight,frost,141,79,62
Saco,malganis,1845,deathknight,frost,110,62,48
Gkdl,tichondrius,1845,deathknight,frost,42,21,21
Raiekko,dalaran,1841,deathknight,frost,121,58,63
Fastapii,tichondrius,1838,deathknight,frost,47,27,20
Scareth,proudmoore,1823,deathknight,frost,46,27,19
Iccyhottie,stormrage,1823,deathknight,frost,322,170,152
Crink,sargeras,1817,deathknight,frost,83,42,41
Deaddubya,illidan,1815,deathknight,frost,63,40,23
Gràkk,illidan,1810,deathknight,frost,78,44,34
Chillpills,stormrage,1805,deathknight,frost,60,27,33
Delrock,bonechewer,1804,deathknight,frost,40,31,9
Onsllaught,stormrage,1804,deathknight,frost,54,30,24
Dunduner,tichondrius,1803,deathknight,frost,36,23,13
Bellum,moon-guard,1765,deathknight,frost,89,43,46
Devcoil,sargeras,1756,deathknight,frost,78,34,44
Chillbaynê,the-scryers,1754,deathknight,frost,36,22,14
Mikeycal,stormrage,1749,deathknight,frost,113,54,59
Fastapi,tichondrius,1739,deathknight,frost,132,62,70
Sober,destromath,1738,deathknight,frost,155,79,76
Onsslaught,sargeras,1730,deathknight,frost,114,52,62
Unhappyvelic,tichondrius,1725,deathknight,frost,102,51,51
Beliath,crushridge,1716,deathknight,frost,55,25,30
Mörrigham,stormrage,1712,deathknight,frost,42,20,22
Wap,bloodhoof,1707,deathknight,frost,43,22,21
Dkyeico,ragnaros,1706,deathknight,frost,114,54,60
Bikfrostyboi,barthilas,1700,deathknight,frost,102,58,44
Kodokuna,bleeding-hollow,1695,deathknight,frost,58,29,29
Kryptikkyt,blackrock,1694,deathknight,frost,24,18,6
Bellybuster,malganis,1689,deathknight,frost,90,43,47
Jykupajr,proudmoore,1685,deathknight,frost,89,41,48
Whytedk,illidan,1685,deathknight,frost,48,21,27
Hazerlazer,arthas,1682,deathknight,frost,65,28,37
Remanent,tichondrius,1664,deathknight,frost,77,39,38
Darkwraith,illidan,1660,deathknight,frost,96,53,43
Azhid,tichondrius,1653,deathknight,frost,52,28,24
Skullash,stormrage,1648,deathknight,frost,72,41,31
Børeas,quelthalas,1645,deathknight,frost,102,46,56
Sinizster,kelthuzad,1642,deathknight,frost,43,20,23
Ruggair,proudmoore,1631,deathknight,frost,66,36,30
Worgenracist,tichondrius,1625,deathknight,frost,77,35,42
Percy,thaurissan,1624,deathknight,frost,277,135,142
Deadspellz,bleeding-hollow,1622,deathknight,frost,96,46,50
Dromidon,darkspear,1618,deathknight,frost,89,49,40
Ebolaxd,area-52,1614,deathknight,frost,42,21,21
Milleh,bleeding-hollow,1612,deathknight,frost,30,18,12
Trødz,tichondrius,1611,deathknight,frost,141,74,67
Freshzzk,azralon,1610,deathknight,frost,226,123,103
Vãl,sargeras,1601,deathknight,frost,302,152,150
Blooddisease,frostmourne,1600,deathknight,frost,59,30,29
Zephyx,lightbringer,1597,deathknight,frost,42,19,23
Corrpsse,tichondrius,1594,deathknight,frost,359,187,172
Anexdk,korgath,1586,deathknight,frost,78,40,38
Rekktless,aerie-peak,1583,deathknight,frost,84,42,42
Bizdale,frostmourne,1568,deathknight,frost,54,28,26
Frosthana,illidan,1564,deathknight,frost,154,71,83
Emanuels,quelthalas,1563,deathknight,frost,188,99,89
Cesarz,tichondrius,1562,deathknight,frost,36,19,17
Deathscyythe,illidan,1555,deathknight,frost,53,25,28
Legendåryx,sargeras,1552,deathknight,frost,48,29,19
Fußuky,quelthalas,1547,deathknight,frost,97,48,49
Imfrozone,stormrage,1546,deathknight,frost,77,38,39
Satalas,tichondrius,1545,deathknight,frost,178,91,87
Zenin,emerald-dream,1543,deathknight,frost,62,31,31
Xen,malganis,1542,deathknight,frost,56,30,26
Kwolve,proudmoore,1536,deathknight,frost,30,18,12
Abrahams,tichondrius,1531,deathknight,frost,162,83,79
Grakth,quelthalas,1527,deathknight,frost,66,37,29
Deathboost,stormrage,1525,deathknight,frost,197,90,107
Gordiie,stormrage,1519,deathknight,frost,122,65,57
Iskandàr,ragnaros,1517,deathknight,frost,50,24,26
Thetissuebox,emerald-dream,1514,deathknight,frost,54,26,28
Stormitt,illidan,1512,deathknight,frost,72,33,39
Deathzpeckt,tichondrius,1511,deathknight,frost,132,62,70
Xhín,bleeding-hollow,1506,deathknight,frost,30,16,14
Thetalis,moon-guard,1503,deathknight,frost,218,114,104
Bopalop,malganis,1499,deathknight,frost,30,17,13
Happynaru,tichondrius,1498,deathknight,frost,36,16,20
Iriwa,tichondrius,1498,deathknight,frost,42,16,26
Zemzil,tichondrius,1496,deathknight,frost,92,41,51
Amarlana,mannoroth,1494,deathknight,frost,36,20,16
Report,dathremar,1494,deathknight,frost,75,38,37
Hoebliterate,proudmoore,1492,deathknight,frost,86,44,42
Iceice,emerald-dream,1489,deathknight,frost,168,87,81
Tzepesci,hyjal,1489,deathknight,frost,94,39,55
Bâttalion,illidan,1485,deathknight,frost,54,24,30
Alliancegey,medivh,1485,deathknight,frost,65,27,38
Uzgard,zuljin,1484,deathknight,frost,83,46,37
Anhedonía,illidan,1484,deathknight,frost,61,31,30
Shubertx,tichondrius,1478,deathknight,frost,77,39,38
Theronranger,kelthuzad,1476,deathknight,frost,183,93,90
Sinyay,tichondrius,1472,deathknight,frost,124,74,50
Lho,caelestrasz,1465,deathknight,frost,107,54,53
Baaileyy,illidan,1461,deathknight,frost,42,25,17
Shobiz,barthilas,1453,deathknight,frost,48,21,27
Sécret,tichondrius,1452,deathknight,frost,68,39,29
Dekanok,korgath,1452,deathknight,frost,30,16,14
Khorvusfel,frostmourne,1452,deathknight,frost,49,23,26
Icewalløw,darkspear,1452,deathknight,frost,48,22,26
Unholycube,zuljin,1451,deathknight,frost,151,72,79
Khaíne,wyrmrest-accord,1450,deathknight,frost,75,36,39
Enobrah,proudmoore,1441,deathknight,frost,119,58,61
Jazh,tichondrius,1441,deathknight,frost,59,23,36
Tåx,tanaris,1440,deathknight,frost,112,66,46
Tangarang,dalaran,1440,deathknight,frost,98,47,51
Toxicant,zuljin,1439,deathknight,frost,30,15,15
Zerhistran,proudmoore,1439,deathknight,frost,45,20,25
Umbramane,tichondrius,1438,deathknight,frost,45,22,23
Surcäfauces,ragnaros,1437,deathknight,frost,51,25,26
Gripnpull,tichondrius,1434,deathknight,frost,54,28,26
Algeross,dalaran,1432,deathknight,frost,201,95,106
Vust,malganis,1428,deathknight,frost,60,31,29
Frostunholy,tichondrius,1427,deathknight,frost,36,18,18
Bossk,emerald-dream,1427,deathknight,frost,65,30,35
Biggil,tichondrius,1423,deathknight,frost,95,52,43
Vuldy,blackhand,1417,deathknight,frost,81,42,39
Ðerion,stormrage,1414,deathknight,frost,146,65,81
Drfauci,boulderfist,1412,deathknight,frost,24,15,9
Sandooñ,tichondrius,1412,deathknight,frost,156,79,77
Denale,darkspear,1411,deathknight,frost,36,15,21
Lókhä,thrall,1406,deathknight,frost,88,44,44
Clapdat,malganis,1402,deathknight,frost,160,82,78
Dreadwheel,frostmourne,1401,deathknight,frost,41,24,17
Urieen,gorefiend,1400,deathknight,frost,36,17,19
Flavorchops,kelthuzad,1396,deathknight,frost,54,31,23
Friggintough,tichondrius,1394,deathknight,frost,104,54,50
Eldavò,quelthalas,1393,deathknight,frost,60,25,35
Blueboots,emerald-dream,1391,deathknight,frost,71,30,41
Demønnation,illidan,1390,deathknight,frost,104,54,50
Dkbunny,thaurissan,1388,deathknight,frost,42,15,27
Bbeanie,tichondrius,1387,deathknight,frost,45,24,21
Rembrandtdk,gorefiend,1385,deathknight,frost,179,88,91
Garbage,sargeras,1380,deathknight,frost,32,16,16
Laylowk,frostmourne,1374,deathknight,frost,44,21,23
Clongeus,tichondrius,1374,deathknight,frost,54,25,29
Ðreak,azralon,1369,deathknight,frost,49,23,26
Kekkijutsu,bleeding-hollow,1368,deathknight,frost,66,33,33
Yödä,barthilas,1368,deathknight,frost,66,31,35
Ellipsoro,onyxia,1366,deathknight,frost,99,46,53
Kruspy,area-52,1363,deathknight,frost,70,37,33
Volithras,wyrmrest-accord,1361,deathknight,frost,54,23,31
Rylas,destromath,1360,deathknight,frost,177,88,89
Ron,spirestone,1359,deathknight,frost,57,30,27
Nevermor,malganis,1356,deathknight,frost,196,99,97
Gwab,stormrage,1354,deathknight,frost,48,20,28
Lichborn,azralon,1351,deathknight,frost,95,44,51
Eloton,daggerspine,1350,deathknight,frost,35,18,17
Bridenbrad,quelthalas,1346,deathknight,frost,66,37,29
Janzano,deathwing,1345,deathknight,frost,44,24,20
Flúrrý,area-52,1342,deathknight,frost,18,14,4
Dreekon,bleeding-hollow,1342,deathknight,frost,40,21,19
Ariacy,sargeras,1341,deathknight,frost,30,14,16
Fatzilla,tichondrius,1340,deathknight,frost,27,15,12
Jimmyjohnson,illidan,1339,deathknight,frost,170,87,83
Dairboi,sargeras,1337,deathknight,frost,30,14,16
Kellydean,moon-guard,1337,deathknight,frost,30,14,16
Tightann,stormrage,1337,deathknight,frost,48,22,26
Tekc,nemesis,1336,deathknight,frost,321,160,161
Laboön,stormrage,1334,deathknight,frost,48,19,29
Garryxz,quelthalas,1326,deathknight,frost,45,19,26
Panthir,darkspear,1325,deathknight,frost,60,25,35
Amauqsun,bleeding-hollow,1319,deathknight,frost,42,25,17
Dontbanmepls,zuljin,1318,deathknight,frost,30,14,16
Biotics,barthilas,1316,deathknight,frost,36,19,17
Alzenth,quelthalas,1315,deathknight,frost,69,39,30
Estali,kelthuzad,1313,deathknight,frost,237,116,121
Darketvam,illidan,1308,deathknight,frost,106,60,46
Biglimb,area-52,1308,deathknight,frost,33,15,18
Ðëthbringër,jubeithos,1306,deathknight,frost,42,17,25
Alexeous,wyrmrest-accord,1304,deathknight,frost,127,57,70
Alujin,arthas,1294,deathknight,frost,68,34,34
Soulfang,nemesis,1292,deathknight,frost,132,69,63
Darkreígn,tichondrius,1286,deathknight,frost,101,52,49
Spoon,sargeras,1282,deathknight,frost,118,60,58
Monglord,arthas,1280,deathknight,frost,49,20,29
Sporkdk,illidan,1277,deathknight,frost,53,20,33
Parksy,kelthuzad,1276,deathknight,frost,80,40,40
Kelistros,moon-guard,1276,deathknight,frost,57,23,34
Khalid,azgalor,1275,deathknight,frost,65,25,40
Nefarion,nathrezim,1269,deathknight,frost,53,20,33
Úndead,barthilas,1267,deathknight,frost,46,27,19
Abake,illidan,1267,deathknight,frost,62,30,32
Alexanderz,quelthalas,1264,deathknight,frost,36,15,21
Jackofblades,veknilash,1261,deathknight,frost,119,61,58
Himanshu,emerald-dream,1261,deathknight,frost,81,37,44
Dyingwolf,ragnaros,1259,deathknight,frost,39,23,16
Selasia,malygos,1257,deathknight,frost,49,23,26
Barrodir,tichondrius,1251,deathknight,frost,111,57,54
Darkdeviliv,darkspear,1246,deathknight,frost,123,62,61
Gypo,scilla,1244,deathknight,frost,42,21,21
Azibar,moon-guard,1240,deathknight,frost,24,13,11
Rayden,frostmourne,1235,deathknight,frost,24,13,11
Dknightkofwa,tichondrius,1234,deathknight,frost,28,14,14
Zivz,borean-tundra,1233,deathknight,frost,18,13,5
Verhangnis,azjolnerub,1233,deathknight,frost,78,38,40
Dekafinator,frostmourne,1231,deathknight,frost,60,34,26
Lîch,azralon,1231,deathknight,frost,129,61,68
Blaid,nemesis,1229,deathknight,frost,72,40,32
Enjal,stormrage,1222,deathknight,frost,80,37,43
Ryudeus,lothar,1222,deathknight,frost,41,16,25
Seeyoudiebr,gallywix,1221,deathknight,frost,48,21,27
Chachio,kiljaeden,1215,deathknight,frost,29,13,16
Lospollos,tichondrius,1211,deathknight,frost,73,30,43
Zeró,wyrmrest-accord,1205,deathknight,frost,76,33,43
Riseup,area-52,1204,deathknight,frost,34,13,21
Brumaks,quelthalas,1202,deathknight,frost,51,23,28
Rotfang,proudmoore,1199,deathknight,frost,30,13,17
Zefdk,illidan,1192,deathknight,frost,54,30,24
Achilleo,quelthalas,1192,deathknight,frost,48,23,25
Blitzcreig,sargeras,1189,deathknight,frost,62,29,33
Sephirott,boulderfist,1188,deathknight,frost,74,42,32
Mexe,ragnaros,1186,deathknight,frost,68,32,36
Dkapocalypse,azralon,1181,deathknight,frost,60,21,39
Metaphysicsx,amanthul,1175,deathknight,frost,116,62,54
Nocreed,illidan,1175,deathknight,frost,54,18,36
Jasmíne,vashj,1171,deathknight,frost,22,14,8
Moonnwater,frostmourne,1169,deathknight,frost,126,67,59
Zarathraz,ragnaros,1168,deathknight,frost,40,18,22
Renathâ,ragnaros,1167,deathknight,frost,42,15,27
Jordankg,tanaris,1165,deathknight,frost,41,16,25
Ântipaladin,arthas,1163,deathknight,frost,102,47,55
Deweybrown,smolderthorn,1162,deathknight,frost,42,20,22
Darkdevilvii,tichondrius,1157,deathknight,frost,120,63,57
Flins,nemesis,1157,deathknight,frost,650,323,327
Jyantdeck,area-52,1156,deathknight,frost,37,22,15
Heykidsitsme,tichondrius,1152,deathknight,frost,24,12,12
Tìtø,ragnaros,1151,deathknight,frost,24,12,12
Bigdooks,area-52,1150,deathknight,frost,18,12,6
Lxsol,illidan,1149,deathknight,frost,18,12,6
Dragoz,fizzcrank,1149,deathknight,frost,48,22,26
Tambaknight,nemesis,1146,deathknight,frost,44,15,29
Laumuelden,ragnaros,1143,deathknight,frost,48,17,31
Janco,runetotem,1141,deathknight,frost,24,12,12
Araris,stormrage,1139,deathknight,frost,24,12,12
Carecaa,azralon,1136,deathknight,frost,60,25,35
Arnagal,drakkari,1136,deathknight,frost,30,12,18
Dregdar,emerald-dream,1135,deathknight,frost,24,12,12
Getmad,anvilmar,1135,deathknight,frost,75,37,38
Bluex,silvermoon,1135,deathknight,frost,30,12,18
Raegywn,blood-furnace,1135,deathknight,frost,35,13,22
Hiki,ragnaros,1134,deathknight,frost,30,12,18
Mosquito,zangarmarsh,1133,deathknight,frost,22,13,9
Griswold,windrunner,1132,deathknight,frost,50,28,22
Nagaizao,nemesis,1128,deathknight,frost,49,26,23
Tarknok,moon-guard,1123,deathknight,frost,24,12,12
Jiza,frostmourne,1123,deathknight,frost,42,14,28
Wãrson,bleeding-hollow,1118,deathknight,frost,48,24,24
Pembadk,tichondrius,1110,deathknight,frost,33,14,19
Mawvac,quelthalas,1106,deathknight,frost,90,43,47
Darfik,sargeras,1098,deathknight,frost,146,75,71
Rohdey,madoran,1097,deathknight,frost,252,115,137
Ixiefin,sargeras,1096,deathknight,frost,48,30,18
Jawyn,area-52,1096,deathknight,frost,30,12,18
Aradorn,azralon,1093,deathknight,frost,35,13,22
Dantte,stormscale,1092,deathknight,frost,71,37,34
Ârtas,uldum,1090,deathknight,frost,39,16,23
Asana,illidan,1085,deathknight,frost,27,13,14
Wartodeath,illidan,1074,deathknight,frost,36,19,17
Bigdragøn,tichondrius,1065,deathknight,frost,25,12,13
Stëroids,shuhalo,1058,deathknight,frost,32,14,18
Vigasick,azralon,1056,deathknight,frost,24,11,13
Puppykisses,perenolde,1055,deathknight,frost,24,11,13
Deathrey,kargath,1055,deathknight,frost,24,11,13
Beanboyx,tichondrius,1053,deathknight,frost,24,11,13
Jhonnsnow,frostmourne,1051,deathknight,frost,24,11,13
Darkrise,laughing-skull,1050,deathknight,frost,24,11,13
Nalz,drakkari,1050,deathknight,frost,30,11,19
Eliagianluca,caelestrasz,1048,deathknight,frost,82,39,43
Liche,wildhammer,1047,deathknight,frost,30,11,19
Panddemonio,gallywix,1044,deathknight,frost,96,40,56
Malovv,nemesis,1042,deathknight,frost,18,12,6
Primillion,tichondrius,1038,deathknight,frost,24,11,13
Kace,amanthul,1035,deathknight,frost,111,53,58
Letum,lightbringer,1034,deathknight,frost,76,39,37
Ztrain,proudmoore,1034,deathknight,frost,25,12,13
Freemoney,wyrmrest-accord,1034,deathknight,frost,24,11,13
Sllice,aegwynn,1034,deathknight,frost,30,11,19
Grimmr,tichondrius,1031,deathknight,frost,29,12,17
Dkptador,azralon,1029,deathknight,frost,222,104,118
ßlazedkush,kelthuzad,1028,deathknight,frost,48,25,23
Dèadpool,blackhand,1025,deathknight,frost,48,28,20
Runehelm,lightbringer,1023,deathknight,frost,32,13,19
Janoh,the-scryers,1021,deathknight,frost,44,19,25
Ryugetzu,drakkari,1013,deathknight,frost,126,52,74
Oilasslover,illidan,1008,deathknight,frost,29,13,16
Roarbane,muradin,1004,deathknight,frost,72,37,35
Slangnbang,tichondrius,1003,deathknight,frost,33,11,22
Devourz,exodar,1001,deathknight,frost,67,37,30
Sandolorian,area-52,996,deathknight,frost,30,14,16
Fokit,barthilas,989,deathknight,frost,90,47,43
Fåîrÿdûst,skullcrusher,984,deathknight,frost,27,12,15
Thebigknight,deathwing,983,deathknight,frost,34,18,16
Blunterwick,stormrage,982,deathknight,frost,36,20,16
Tarone,zuljin,981,deathknight,frost,27,14,13
Vorlakesh,boulderfist,979,deathknight,frost,22,11,11
Biukanon,ragnaros,976,deathknight,frost,38,11,27
Sakaarr,bleeding-hollow,975,deathknight,frost,60,27,33
Skittsdk,thrall,966,deathknight,frost,24,12,12
Válhállá,ragnaros,964,deathknight,frost,29,11,18
Hunrune,emerald-dream,960,deathknight,frost,18,10,8
Renaming,area-52,959,deathknight,frost,18,10,8
Tokyotimxx,malganis,958,deathknight,frost,18,10,8
Frosqt,queldorei,957,deathknight,frost,12,10,2
Toothstick,stormrage,957,deathknight,frost,18,10,8
Serwestley,stormrage,956,deathknight,frost,18,10,8
Necrósy,azralon,955,deathknight,frost,18,10,8
Axylus,kelthuzad,953,deathknight,frost,18,10,8
Bullbanger,runetotem,953,deathknight,frost,42,22,20
Vanyor,wyrmrest-accord,953,deathknight,frost,92,34,58
Simsvon,blackrock,952,deathknight,frost,21,10,11
Skyfalls,bleeding-hollow,951,deathknight,frost,30,10,20
Ciputra,blood-furnace,949,deathknight,frost,83,42,41
Flûffÿ,thrall,945,deathknight,frost,24,10,14
Twicecursed,kelthuzad,943,deathknight,frost,54,21,33
Whoopsies,sargeras,942,deathknight,frost,84,35,49
Loverianed,aerie-peak,941,deathknight,frost,270,129,141
Larrisey,illidan,940,deathknight,frost,33,18,15
Kraige,tichondrius,933,deathknight,frost,30,10,20
Coldcutcombo,bleeding-hollow,925,deathknight,frost,23,10,13
Aztecka,illidan,915,deathknight,frost,36,18,18
Icedmilk,zuluhed,909,deathknight,frost,61,29,32
Xninjakiller,korgath,897,deathknight,frost,24,11,13
Pizzathehutt,nordrassil,888,deathknight,frost,60,24,36
Kallugrax,kelthuzad,885,deathknight,frost,42,16,26
Kookx,tichondrius,871,deathknight,frost,27,13,14
Wahpow,frostwolf,864,deathknight,frost,12,9,3
Kaeligh,ragnaros,864,deathknight,frost,12,9,3
Lokitabeso,ragnaros,864,deathknight,frost,12,9,3
Tofurious,barthilas,864,deathknight,frost,18,9,9
Gorerotted,frostwolf,864,deathknight,frost,30,13,17
Lazenca,malganis,863,deathknight,frost,18,9,9
Réndwarchièf,garrosh,863,deathknight,frost,18,9,9
Zarakas,sargeras,863,deathknight,frost,24,9,15
Defeze,tichondrius,863,deathknight,frost,24,9,15
Helcurt,hyjal,863,deathknight,frost,24,9,15
Thesseo,quelthalas,862,deathknight,frost,18,9,9
Chicnchsteak,tichondrius,862,deathknight,frost,30,9,21
Frostyclaws,blackrock,859,deathknight,frost,25,10,15
Hyondeath,tichondrius,859,deathknight,frost,24,9,15
Darthnite,darkspear,858,deathknight,frost,18,9,9
Cirarla,tichondrius,857,deathknight,frost,12,9,3
Siouxsiie,nemesis,857,deathknight,frost,18,9,9
Helguarde,dragonblight,853,deathknight,frost,30,13,17
Uncfester,onyxia,847,deathknight,frost,24,11,13
Rensven,frostmourne,846,deathknight,frost,18,9,9
Frrost,earthen-ring,845,deathknight,frost,25,10,15
Ryannë,azshara,836,deathknight,frost,61,12,49
Krowl,nagrand,834,deathknight,frost,18,9,9
Jessaminne,nordrassil,833,deathknight,frost,36,9,27
Madorderog,stormrage,823,deathknight,frost,46,20,26
Varrine,hyjal,821,deathknight,frost,54,25,29
Neowolf,azgalor,818,deathknight,frost,71,23,48
Níngjìng,tichondrius,815,deathknight,frost,17,9,8
Neofrank,drakkari,802,deathknight,frost,60,16,44
Ziedrich,sargeras,795,deathknight,frost,22,9,13
Shioms,quelthalas,793,deathknight,frost,41,16,25
Lindrayëda,moon-guard,787,deathknight,frost,25,10,15
Xslaught,maiev,784,deathknight,frost,34,12,22
Incanis,moon-guard,782,deathknight,frost,25,9,16
Deadflopper,malganis,781,deathknight,frost,25,9,16
Rogoroth,stormrage,775,deathknight,frost,24,9,15
Havince,drenden,768,deathknight,frost,12,8,4
Lokítabesos,ragnaros,768,deathknight,frost,12,8,4
Skidmarks,whisperwind,768,deathknight,frost,12,8,4
Lokitaßesos,ragnaros,768,deathknight,frost,12,8,4
Nabreus,ragnaros,768,deathknight,frost,24,8,16
Stepknight,dalaran,767,deathknight,frost,12,8,4
Sathanazz,ragnaros,767,deathknight,frost,12,8,4
Stevegates,tichondrius,767,deathknight,frost,18,8,10
Chachabu,malganis,767,deathknight,frost,18,8,10
Soulbone,wyrmrest-accord,767,deathknight,frost,18,8,10
Satisie,eitrigg,767,deathknight,frost,18,8,10
Acg,tichondrius,766,deathknight,frost,12,8,4
Artourias,wyrmrest-accord,766,deathknight,frost,12,8,4
Kerigann,moon-guard,766,deathknight,frost,12,8,4
Deadbeards,zuluhed,766,deathknight,frost,18,8,10
Eighthcycle,proudmoore,766,deathknight,frost,24,8,16
Aquafina,nemesis,763,deathknight,frost,24,8,16
Dhrogar,moon-guard,762,deathknight,frost,12,8,4
Frostbytez,barthilas,761,deathknight,frost,16,9,7
Shyonn,drakkari,761,deathknight,frost,36,12,24
Zarolden,tichondrius,759,deathknight,frost,24,8,16
Fexon,queldorei,758,deathknight,frost,33,10,23
Killa,maiev,745,deathknight,frost,18,8,10
Hansmclroy,trollbane,738,deathknight,frost,24,8,16
Cowmedian,norgannon,730,deathknight,frost,28,8,20
Lafourche,sargeras,718,deathknight,frost,17,8,9
Xangrim,emerald-dream,704,deathknight,frost,16,8,8
Howlgore,burning-legion,702,deathknight,frost,20,8,12
Russkivolk,frostmourne,688,deathknight,frost,19,8,11
Sidbane,kalecgos,685,deathknight,frost,19,8,11
Bigfatdkk,illidan,672,deathknight,frost,12,7,5
Zorkîn,spirestone,672,deathknight,frost,12,7,5
Dumbledore,deathwing,672,deathknight,frost,12,7,5
Insanity,boulderfist,672,deathknight,frost,12,7,5
Dkalce,tichondrius,672,deathknight,frost,12,7,5
Reighart,kiljaeden,672,deathknight,frost,12,7,5
Frøzèñintïmê,tichondrius,672,deathknight,frost,12,7,5
Footodor,bleeding-hollow,672,deathknight,frost,12,7,5
Billclintonn,sargeras,672,deathknight,frost,18,7,11
Infectik,tichondrius,672,deathknight,frost,18,7,11
Kipchipperly,kelthuzad,671,deathknight,frost,12,7,5
Bersolgens,illidan,671,deathknight,frost,12,7,5
Khutuzun,tichondrius,671,deathknight,frost,18,7,11
Mordekeiser,wyrmrest-accord,671,deathknight,frost,18,7,11
Pandauh,proudmoore,671,deathknight,frost,18,7,11
Unintended,barthilas,671,deathknight,frost,24,7,17
Thwap,sargeras,670,deathknight,frost,18,7,11
Zulomón,area-52,670,deathknight,frost,18,7,11
Elwoodblooz,stormrage,669,deathknight,frost,15,8,7
Diseez,illidan,669,deathknight,frost,18,7,11
Winterstone,moon-guard,669,deathknight,frost,18,7,11
Rottenqunt,tichondrius,668,deathknight,frost,12,7,5
Helvegum,tichondrius,668,deathknight,frost,12,7,5
Caravante,azralon,668,deathknight,frost,18,7,11
Deathsôul,quelthalas,666,deathknight,frost,15,8,7
Cryptgore,moon-guard,665,deathknight,frost,18,7,11
Borter,azralon,664,deathknight,frost,12,7,5
Sgtdead,thrall,654,deathknight,frost,14,8,6
Vayk,bleeding-hollow,639,deathknight,frost,16,7,9
Iiedown,stormrage,623,deathknight,frost,11,7,4
Infadelias,stormrage,623,deathknight,frost,17,7,10
Cozzasad,jubeithos,607,deathknight,frost,14,7,7
Dreadmoore,wyrmrest-accord,607,deathknight,frost,16,7,9
Sübzerö,quelthalas,601,deathknight,frost,19,8,11
Câpîrota,nemesis,576,deathknight,frost,12,6,6
Dementrius,zuljin,576,deathknight,frost,12,6,6
Inarius,caelestrasz,576,deathknight,frost,12,6,6
Ironslaught,moon-guard,576,deathknight,frost,12,6,6
Qvox,area-52,576,deathknight,frost,12,6,6
Riglros,tichondrius,576,deathknight,frost,12,6,6
Otarin,tichondrius,576,deathknight,frost,12,6,6
Agattz,azralon,576,deathknight,frost,12,6,6
Sparklekitty,illidan,576,deathknight,frost,12,6,6
Piratehookah,sargeras,576,deathknight,frost,12,6,6
Aldrey,bonechewer,576,deathknight,frost,12,6,6
Darkxavros,stormrage,576,deathknight,frost,12,6,6
Rennoc,emerald-dream,576,deathknight,frost,12,6,6
Rykiforst,tichondrius,576,deathknight,frost,12,6,6
Dreadlight,moon-guard,576,deathknight,frost,12,6,6
Xhoul,sargeras,576,deathknight,frost,18,6,12
Deadlifts,daggerspine,576,deathknight,frost,18,6,12
Neaz,moon-guard,576,deathknight,frost,18,6,12
Chilivibes,boulderfist,576,deathknight,frost,18,6,12
Whosurbobby,area-52,576,deathknight,frost,18,6,12
Crimsondk,stormrage,576,deathknight,frost,18,6,12
Kaelhc,illidan,575,deathknight,frost,12,6,6
Davenn,stormrage,575,deathknight,frost,12,6,6
Tooe,darrowmere,575,deathknight,frost,12,6,6
Zamerz,malganis,575,deathknight,frost,12,6,6
Arcias,greymane,575,deathknight,frost,12,6,6
Astanddra,wyrmrest-accord,575,deathknight,frost,12,6,6
Getdiseases,illidan,575,deathknight,frost,18,6,12
Kóssak,black-dragonflight,575,deathknight,frost,18,6,12
Nezareth,sargeras,574,deathknight,frost,12,6,6
Bootyclapztv,tichondrius,574,deathknight,frost,12,6,6
Gerrog,zuljin,574,deathknight,frost,18,6,12
Bloodbanne,darkspear,573,deathknight,frost,12,6,6
Gerardkyx,drakkari,573,deathknight,frost,31,6,25
Venimuos,bleeding-hollow,571,deathknight,frost,18,7,11
Ikaris,wildhammer,569,deathknight,frost,12,6,6
Cailras,argent-dawn,566,deathknight,frost,12,6,6
Ergoth,darkspear,564,deathknight,frost,30,6,24
Busynas,thrall,559,deathknight,frost,11,6,5
Werebuddy,lightnings-blade,528,deathknight,frost,15,6,9
Rakutengirls,tichondrius,527,deathknight,frost,11,6,5
Styxîa,sargeras,527,deathknight,frost,11,6,5
Bigdkk,thaurissan,516,deathknight,frost,29,10,19
Dænish,sargeras,480,deathknight,frost,6,5,1
Necrôtic,area-52,480,deathknight,frost,6,5,1
Fåðëððëñåhøë,tichondrius,480,deathknight,frost,6,5,1
Laststeppz,malganis,480,deathknight,frost,6,5,1
Vett,antonidas,480,deathknight,frost,6,5,1
Linaeus,tichondrius,480,deathknight,frost,6,5,1
Lokitaßeso,ragnaros,480,deathknight,frost,6,5,1
Martinnash,emerald-dream,480,deathknight,frost,12,5,7
Släke,azralon,480,deathknight,frost,12,5,7
Mormegìl,fizzcrank,480,deathknight,frost,12,5,7
Altareon,ragnaros,480,deathknight,frost,12,5,7
Granknight,azralon,480,deathknight,frost,12,5,7
Sinistarz,illidan,480,deathknight,frost,12,5,7
Adalyln,illidan,480,deathknight,frost,12,5,7
Frostpanda,dalaran,480,deathknight,frost,12,5,7
Zookzooks,hyjal,480,deathknight,frost,12,5,7
Froxe,sargeras,480,deathknight,frost,12,5,7
Dooros,wyrmrest-accord,480,deathknight,frost,12,5,7
ßlacklìsted,kelthuzad,480,deathknight,frost,12,5,7
Darknessice,tichondrius,480,deathknight,frost,12,5,7
Sithdog,blackrock,480,deathknight,frost,12,5,7
Redbr,tichondrius,480,deathknight,frost,12,5,7
Frozenhawk,lothar,480,deathknight,frost,12,5,7
Koda,thrall,480,deathknight,frost,12,5,7
Jughéad,thrall,480,deathknight,frost,12,5,7
Frozobagins,tichondrius,480,deathknight,frost,12,5,7
Elmuerto,magtheridon,480,deathknight,frost,12,5,7
Yareyare,tichondrius,480,deathknight,frost,12,5,7
Rumblepuppy,hyjal,480,deathknight,frost,12,5,7
Flashofdark,proudmoore,480,deathknight,frost,12,5,7
Subparatbest,chogall,480,deathknight,frost,12,5,7
Withered,area-52,480,deathknight,frost,12,5,7
Felasrianth,dathremar,480,deathknight,frost,18,5,13
Serthaen,illidan,480,deathknight,frost,18,5,13
Drzièglér,tichondrius,480,deathknight,frost,18,5,13
Saighast,illidan,480,deathknight,frost,18,5,13
Bulltille,azralon,479,deathknight,frost,6,5,1
Moovement,illidan,479,deathknight,frost,6,5,1
Bëlzëbü,stormrage,479,deathknight,frost,6,5,1
Nalec,tichondrius,479,deathknight,frost,12,5,7
Boitungao,azralon,479,deathknight,frost,12,5,7
Krumpous,tichondrius,479,deathknight,frost,12,5,7
Thalkard,thrall,479,deathknight,frost,12,5,7
Sokthr,proudmoore,479,deathknight,frost,18,5,13
Paíín,illidan,479,deathknight,frost,18,5,13
Kalahari,perenolde,479,deathknight,frost,30,5,25
Darkríver,zuljin,478,deathknight,frost,18,5,13
Adjudicated,darkspear,477,deathknight,frost,12,5,7
Ðecimate,muradin,476,deathknight,frost,12,5,7
Sinfulvoid,darkspear,475,deathknight,frost,12,5,7
Greeasy,bleeding-hollow,446,deathknight,frost,17,5,12
Tampwon,barthilas,441,deathknight,frost,14,8,6
Bluemanikin,area-52,416,deathknight,frost,10,5,5
Drizzth,ragnaros,413,deathknight,frost,8,5,3
Winterchills,sargeras,400,deathknight,frost,13,5,8
Dìs,frostmourne,399,deathknight,frost,5,5,0
Unwantedgrab,sargeras,398,deathknight,frost,10,5,5
Tanjus,kelthuzad,384,deathknight,frost,6,4,2
Kobrex,kelthuzad,384,deathknight,frost,6,4,2
Laxatives,tichondrius,384,deathknight,frost,6,4,2
Rothouse,tichondrius,384,deathknight,frost,6,4,2
Gurrikhog,proudmoore,384,deathknight,frost,6,4,2
Sauranak,bleeding-hollow,384,deathknight,frost,6,4,2
Decmus,wyrmrest-accord,384,deathknight,frost,6,4,2
Pocserdk,drakkari,384,deathknight,frost,6,4,2
Inértià,mannoroth,384,deathknight,frost,6,4,2
Sera,blackrock,384,deathknight,frost,6,4,2
Teakillah,zuljin,384,deathknight,frost,6,4,2
Khazgrim,chogall,384,deathknight,frost,6,4,2
Ärlo,frostmourne,384,deathknight,frost,6,4,2
Tontan,cairne,384,deathknight,frost,6,4,2
Frostfluids,mugthol,384,deathknight,frost,6,4,2
Aldebamuu,ragnaros,384,deathknight,frost,6,4,2
Well,archimonde,384,deathknight,frost,6,4,2
Deathguru,tichondrius,384,deathknight,frost,6,4,2
Nerfdklul,illidan,384,deathknight,frost,6,4,2
Orbo,elune,384,deathknight,frost,6,4,2
Jonahdk,sargeras,384,deathknight,frost,6,4,2
Rhaeisxalnym,sargeras,384,deathknight,frost,6,4,2
Anatøly,ragnaros,384,deathknight,frost,6,4,2
Xnightmàre,wildhammer,384,deathknight,frost,6,4,2
Leelicious,stormrage,384,deathknight,frost,8,4,4
Hooterzqt,tichondrius,384,deathknight,frost,12,4,8
Deathrowe,blackhand,384,deathknight,frost,12,4,8
Zuly,moon-guard,384,deathknight,frost,12,4,8
Thikness,tichondrius,384,deathknight,frost,12,4,8
Exiledknight,area-52,384,deathknight,frost,12,4,8
Silanvia,wyrmrest-accord,384,deathknight,frost,12,4,8
Lonestarz,bleeding-hollow,384,deathknight,frost,12,4,8
Pyradine,amanthul,384,deathknight,frost,12,4,8
Martufe,sargeras,384,deathknight,frost,12,4,8
Lichhbanne,doomhammer,384,deathknight,frost,12,4,8
Rasputan,the-forgotten-coast,384,deathknight,frost,12,4,8
Shmacmiller,stormrage,384,deathknight,frost,12,4,8
Almostdead,proudmoore,384,deathknight,frost,12,4,8
Supermane,jubeithos,384,deathknight,frost,12,4,8
Maxymillion,thrall,384,deathknight,frost,12,4,8
Biroc,tichondrius,384,deathknight,frost,12,4,8
Astroroth,garrosh,384,deathknight,frost,12,4,8
Barrymanilow,aegwynn,384,deathknight,frost,12,4,8
Fruitvender,kelthuzad,384,deathknight,frost,12,4,8
Ðaz,zuljin,384,deathknight,frost,18,4,14
Harlthas,ragnaros,384,deathknight,frost,18,4,14
Savorettexzn,azralon,383,deathknight,frost,6,4,2
Shinici,kelthuzad,383,deathknight,frost,9,5,4
Goofygwape,azjolnerub,383,deathknight,frost,9,4,5
Krargosh,quelthalas,383,deathknight,frost,12,4,8
Hiverssalt,stormrage,383,deathknight,frost,12,4,8
Vithael,stormrage,383,deathknight,frost,12,4,8
Adoran,turalyon,383,deathknight,frost,12,4,8
Bloodmourne,barthilas,383,deathknight,frost,18,4,14
Sorvett,azralon,383,deathknight,frost,18,4,14
Sindragos,stormrage,382,deathknight,frost,12,4,8
Sonïs,illidan,382,deathknight,frost,42,4,38
Deathvortex,nemesis,379,deathknight,frost,12,4,8
Sayga,ragnaros,360,deathknight,frost,23,8,15
Lokitakisses,ragnaros,351,deathknight,frost,11,4,7
Orphanmakerx,area-52,336,deathknight,frost,9,5,4
Eltillible,ragnaros,336,deathknight,frost,15,4,11
Dkya,tichondrius,330,deathknight,frost,16,5,11
Xaldeth,moon-guard,319,deathknight,frost,14,4,10
Bunghoolio,nerzhul,315,deathknight,frost,16,4,12
Zygon,thrall,288,deathknight,frost,6,3,3
Trant,tichondrius,288,deathknight,frost,6,3,3
Gunga,skullcrusher,288,deathknight,frost,6,3,3
Doomdk,azralon,288,deathknight,frost,6,3,3
Malthis,antonidas,288,deathknight,frost,6,3,3
Ambagrips,frostmourne,288,deathknight,frost,6,3,3
Cammy,frostmourne,288,deathknight,frost,6,3,3
Millariel,stormrage,288,deathknight,frost,6,3,3
Bachmeier,illidan,288,deathknight,frost,6,3,3
Frostybones,guldan,288,deathknight,frost,6,3,3
Ghouldruis,barthilas,288,deathknight,frost,6,3,3
Cgg,tichondrius,288,deathknight,frost,6,3,3
Lilloafs,stormrage,288,deathknight,frost,6,3,3
Radnorghtar,malganis,288,deathknight,frost,6,3,3
Gorsz,tichondrius,288,deathknight,frost,6,3,3
Atheion,the-underbog,288,deathknight,frost,6,3,3
Clizforden,kelthuzad,288,deathknight,frost,6,3,3
Egirlgripper,area-52,288,deathknight,frost,6,3,3
Iröñ,baelgun,288,deathknight,frost,6,3,3
Gôdlîkê,burning-blade,288,deathknight,frost,6,3,3
Deathgripx,area-52,288,deathknight,frost,6,3,3
Dalka,laughing-skull,288,deathknight,frost,6,3,3
Étérnaldeath,ragnaros,288,deathknight,frost,6,3,3
Saraphdk,area-52,288,deathknight,frost,6,3,3
Sorenbjerg,zuljin,288,deathknight,frost,6,3,3
Noobender,burning-blade,288,deathknight,frost,6,3,3
Démise,malganis,288,deathknight,frost,6,3,3
Brojah,bonechewer,288,deathknight,frost,6,3,3
Kalevesicant,nesingwary,288,deathknight,frost,6,3,3
Avantee,moon-guard,288,deathknight,frost,6,3,3
Mesx,tichondrius,288,deathknight,frost,6,3,3
Bealzabub,sargeras,288,deathknight,frost,6,3,3
Snewbro,malganis,288,deathknight,frost,6,3,3
Zügzug,chogall,288,deathknight,frost,6,3,3
Étrans,stormrage,288,deathknight,frost,6,3,3
Störmrünner,kelthuzad,288,deathknight,frost,6,3,3
Standalizer,gilneas,288,deathknight,frost,6,3,3
Corpsecat,firetree,288,deathknight,frost,6,3,3
Karthayne,area-52,288,deathknight,frost,6,3,3
Plaugedone,lightbringer,288,deathknight,frost,6,3,3
Drpepp,bleeding-hollow,288,deathknight,frost,6,3,3
Yamanji,wyrmrest-accord,288,deathknight,frost,6,3,3
Xalren,darkspear,288,deathknight,frost,6,3,3
Víní,azralon,288,deathknight,frost,6,3,3
Vojac,moon-guard,288,deathknight,frost,9,4,5
Fearfull,hyjal,288,deathknight,frost,10,4,6
Binkiess,korgath,288,deathknight,frost,12,3,9
Freyjani,moon-guard,288,deathknight,frost,12,3,9
Tyrulris,kelthuzad,288,deathknight,frost,12,3,9
Ironmikebysn,bronzebeard,288,deathknight,frost,12,3,9
Janus,illidan,288,deathknight,frost,12,3,9
Lòthlòria,mannoroth,288,deathknight,frost,12,3,9
Darkunral,stormrage,288,deathknight,frost,12,3,9
Dkpeter,quelthalas,288,deathknight,frost,12,3,9
Flarkness,area-52,288,deathknight,frost,12,3,9
Kendøll,sargeras,288,deathknight,frost,12,3,9
Nenó,illidan,288,deathknight,frost,12,3,9
Kungfugrip,nazjatar,288,deathknight,frost,12,3,9
Moyjô,aggramar,288,deathknight,frost,15,3,12
Melyrc,quelthalas,288,deathknight,frost,18,3,15
Pedry,ragnaros,288,deathknight,frost,18,3,15
Páthøgen,ravencrest,287,deathknight,frost,12,3,9
Logann,azralon,287,deathknight,frost,12,3,9
Dragoroth,zuluhed,286,deathknight,frost,6,3,3
Gnomey,area-52,255,deathknight,frost,8,4,4
Crukashongal,zuljin,240,deathknight,frost,9,4,5
Catarïa,tichondrius,239,deathknight,frost,5,3,2
Hamze,stormrage,239,deathknight,frost,5,3,2
Icycrazy,azralon,239,deathknight,frost,5,3,2
Onìì,aegwynn,234,deathknight,frost,10,5,5
Otyrus,tichondrius,234,deathknight,frost,14,5,9
Noplug,area-52,234,deathknight,frost,15,4,11
Bbcobliterat,proudmoore,234,deathknight,frost,22,4,18
Slyphan,area-52,192,deathknight,frost,4,3,1
Drknights,lightninghoof,192,deathknight,frost,9,3,6
Oreodeath,sargeras,192,deathknight,frost,6,2,4
Kenishii,kiljaeden,192,deathknight,frost,6,2,4
Dixqt,deathwing,192,deathknight,frost,6,2,4
Kreyun,bleeding-hollow,192,deathknight,frost,6,2,4
Xorov,illidan,192,deathknight,frost,6,2,4
Ndz,quelthalas,192,deathknight,frost,6,2,4
Pofokut,bleeding-hollow,192,deathknight,frost,6,2,4
Wheybolic,quelthalas,192,deathknight,frost,6,2,4
Khaarnís,moon-guard,192,deathknight,frost,6,2,4
Hunwild,emerald-dream,192,deathknight,frost,6,2,4
Arthureon,kelthuzad,192,deathknight,frost,6,2,4
Yourunigrip,tichondrius,192,deathknight,frost,6,2,4
Juleidis,moon-guard,192,deathknight,frost,6,2,4
Nebuchadnezz,darkspear,192,deathknight,frost,6,2,4
Noik,azralon,192,deathknight,frost,6,2,4
Rotfang,elune,192,deathknight,frost,6,2,4
Demise,stormrage,192,deathknight,frost,6,2,4
Crakdos,illidan,192,deathknight,frost,6,2,4
Darthchadmé,frostmourne,192,deathknight,frost,6,2,4
Greatiskoffe,dalaran,192,deathknight,frost,6,2,4
Unhølydøøm,misha,192,deathknight,frost,6,2,4
Rulord,wyrmrest-accord,192,deathknight,frost,6,2,4
Brutalknight,frostmourne,192,deathknight,frost,6,2,4
Dego,tichondrius,192,deathknight,frost,6,2,4
Zëb,sargeras,192,deathknight,frost,6,2,4
Frosteezy,bleeding-hollow,192,deathknight,frost,6,2,4
Oldskul,sargeras,192,deathknight,frost,6,2,4
Deadlyforce,sargeras,192,deathknight,frost,6,2,4
Fraýja,tichondrius,192,deathknight,frost,6,2,4
Bonusman,sargeras,192,deathknight,frost,6,2,4
Sayâ,frostmane,192,deathknight,frost,6,2,4
Synth,shattered-hand,192,deathknight,frost,6,2,4
Alderollar,stormrage,192,deathknight,frost,6,2,4
Frozenjuice,sargeras,192,deathknight,frost,6,2,4
Edek,frostmourne,192,deathknight,frost,6,2,4
Loiseth,stormrage,192,deathknight,frost,6,2,4
Deathbringèr,tichondrius,192,deathknight,frost,6,2,4
Blightedxmox,aegwynn,192,deathknight,frost,6,2,4
Dkswaag,malganis,192,deathknight,frost,6,2,4
Soutennizase,azralon,192,deathknight,frost,6,2,4
Hadeon,boulderfist,192,deathknight,frost,6,2,4
Chrønnøz,nemesis,192,deathknight,frost,6,2,4
Bànished,moon-guard,192,deathknight,frost,6,2,4
Unholyreap,arthas,192,deathknight,frost,6,2,4
Ningjinglol,tichondrius,192,deathknight,frost,6,2,4
Madslayer,tichondrius,192,deathknight,frost,6,2,4
Nethaar,tichondrius,192,deathknight,frost,6,2,4
Kyon,azjolnerub,192,deathknight,frost,6,2,4
Heisenbern,stormrage,192,deathknight,frost,6,2,4
Envisage,kelthuzad,192,deathknight,frost,6,2,4
Superlast,blackrock,192,deathknight,frost,6,2,4
Lichkong,dalaran,192,deathknight,frost,6,2,4
Dahaaka,malganis,192,deathknight,frost,6,2,4
Cloüd,wyrmrest-accord,192,deathknight,frost,6,2,4
Lazynome,azshara,192,deathknight,frost,6,2,4
Khørne,area-52,192,deathknight,frost,6,2,4
Spaidzz,malganis,192,deathknight,frost,9,2,7
Lillylilly,bleeding-hollow,192,deathknight,frost,12,2,10
Deathhunters,aggramar,192,deathknight,frost,12,2,10
Shadar,muradin,192,deathknight,frost,12,2,10
Evangelina,antonidas,192,deathknight,frost,12,2,10
Icecreamlife,chogall,192,deathknight,frost,12,2,10
Appledog,ragnaros,192,deathknight,frost,12,2,10
Sivralion,tichondrius,192,deathknight,frost,12,2,10
Bubblesdk,whisperwind,192,deathknight,frost,12,2,10
Záiiko,quelthalas,192,deathknight,frost,12,2,10
Ocriterate,stormrage,192,deathknight,frost,12,2,10
Serberiss,barthilas,192,deathknight,frost,12,2,10
Edhral,ragnaros,191,deathknight,frost,6,2,4
Xepherto,ragnaros,191,deathknight,frost,6,2,4
Deathmike,bonechewer,191,deathknight,frost,6,2,4
Ulyssess,jubeithos,191,deathknight,frost,6,2,4
Autolysis,sargeras,191,deathknight,frost,6,2,4
Akmy,illidan,175,deathknight,frost,11,2,9
Nickolas,dalvengyr,159,deathknight,frost,5,2,3
Sleezyfbaby,sargeras,159,deathknight,frost,5,2,3
Sathoran,firetree,159,deathknight,frost,8,3,5
Yungdooks,area-52,138,deathknight,frost,6,3,3
Alexein,arathor,110,deathknight,frost,7,2,5
Nightbayne,area-52,96,deathknight,frost,3,2,1
Telrenaur,proudmoore,96,deathknight,frost,3,2,1
Blooded,the-venture-co,96,deathknight,frost,3,2,1
Takeoverr,ragnaros,96,deathknight,frost,3,2,1
Philyaliora,moon-guard,96,deathknight,frost,11,2,9
Lohruken,rexxar,96,deathknight,frost,6,1,5
Teksurugi,korgath,96,deathknight,frost,6,1,5
Asakiri,stormrage,96,deathknight,frost,6,1,5
Mikoaa,bladefist,96,deathknight,frost,6,1,5
Meisterdeath,stormrage,96,deathknight,frost,6,1,5
Grimorra,bleeding-hollow,96,deathknight,frost,6,1,5
Ricedisease,emerald-dream,96,deathknight,frost,6,1,5
Fwuffies,wyrmrest-accord,96,deathknight,frost,6,1,5
Kaio,kargath,96,deathknight,frost,6,1,5
Kireek,stormrage,96,deathknight,frost,6,1,5
Icejagan,stormrage,96,deathknight,frost,6,1,5
Cellebrok,bleeding-hollow,96,deathknight,frost,6,1,5
Xakri,kelthuzad,96,deathknight,frost,6,1,5
Grimmosh,daggerspine,96,deathknight,frost,6,1,5
Ophin,silver-hand,96,deathknight,frost,6,1,5
Siphilusxo,dalaran,96,deathknight,frost,6,1,5
Hadianton,stormrage,96,deathknight,frost,6,1,5
Puppykiss,perenolde,96,deathknight,frost,6,1,5
Heboriç,stormrage,96,deathknight,frost,6,1,5
Gooré,ragnaros,96,deathknight,frost,6,1,5
Varraeda,stonemaul,96,deathknight,frost,6,1,5
Barricus,stonemaul,96,deathknight,frost,6,1,5
Azynks,azralon,96,deathknight,frost,6,1,5
Mako,garithos,96,deathknight,frost,6,1,5
Vrolock,quelthalas,96,deathknight,frost,6,1,5
Druath,proudmoore,96,deathknight,frost,6,1,5
Fishtouching,illidan,96,deathknight,frost,6,1,5
Reapar,amanthul,96,deathknight,frost,6,1,5
Bingoez,frostmourne,96,deathknight,frost,6,1,5
Lücìfër,illidan,96,deathknight,frost,6,1,5
Crichtön,proudmoore,96,deathknight,frost,6,1,5
Denkot,stormrage,96,deathknight,frost,6,1,5
Rainerjones,proudmoore,96,deathknight,frost,6,1,5
Koltíra,azralon,96,deathknight,frost,6,1,5
Guffles,tichondrius,96,deathknight,frost,6,1,5
Cruzx,tichondrius,96,deathknight,frost,6,1,5
Grayfoxx,twisting-nether,96,deathknight,frost,6,1,5
Gnawkick,tichondrius,96,deathknight,frost,6,1,5
Einherjiar,tichondrius,96,deathknight,frost,6,1,5
Optimalfox,area-52,96,deathknight,frost,6,1,5
Sofz,tichondrius,96,deathknight,frost,6,1,5
Davyjonescx,moon-guard,96,deathknight,frost,6,1,5
Tiumau,goldrinn,96,deathknight,frost,6,1,5
Owenjak,moon-guard,96,deathknight,frost,6,1,5
Kakaih,azralon,96,deathknight,frost,6,1,5
Ascendancyx,sargeras,96,deathknight,frost,6,1,5
Dotted,tichondrius,96,deathknight,frost,6,1,5
Merewen,lightnings-blade,96,deathknight,frost,6,1,5
Sádge,area-52,96,deathknight,frost,6,1,5
Undêrtaker,sargeras,96,deathknight,frost,6,1,5
Frostellicus,maelstrom,96,deathknight,frost,6,1,5
Necrotic,greymane,96,deathknight,frost,6,1,5
Renzian,tichondrius,96,deathknight,frost,6,1,5
Sindragosa,dragonmaw,96,deathknight,frost,6,1,5
Coldblood,hydraxis,96,deathknight,frost,6,1,5
Inertìa,malganis,96,deathknight,frost,6,1,5
Mephostophel,sargeras,96,deathknight,frost,6,1,5
Ann,spirestone,96,deathknight,frost,6,1,5
Frostyslashr,kelthuzad,96,deathknight,frost,6,1,5
Flade,area-52,96,deathknight,frost,6,1,5
Littlenisman,ragnaros,96,deathknight,frost,12,1,11
Nirkanna,akama,96,deathknight,frost,12,1,11
Skadattle,emerald-dream,96,deathknight,frost,12,1,11
Dirtymon,deathwing,96,deathknight,frost,12,1,11
Teedk,drakthul,79,deathknight,frost,5,1,4
Pizay,azralon,79,deathknight,frost,5,1,4
Magipierrot,ragnaros,64,deathknight,frost,4,1,3
Zeiok,tichondrius,64,deathknight,frost,4,1,3
Agasuko,ghostlands,48,deathknight,frost,3,1,2
Frøstbeard,hyjal,42,deathknight,frost,9,2,7
Kënblock,tichondrius,42,deathknight,frost,14,2,12
Twindleroot,aggramar,31,deathknight,frost,2,1,1
Schwaffles,stormrage,31,deathknight,frost,2,1,1
Sharnathos,stormrage,16,deathknight,frost,1,1,0
Jerric,skullcrusher,16,deathknight,frost,7,1,6
Exzyo,area-52,2332,demonhunter,havoc,72,45,27
Xiaosu,tichondrius,2317,demonhunter,havoc,1134,573,561
Demoncouch,malganis,2285,demonhunter,havoc,156,84,72
Mamazboy,area-52,2272,demonhunter,havoc,129,70,59
Mvqdh,illidan,2228,demonhunter,havoc,197,109,88
Calmbefore,tichondrius,2215,demonhunter,havoc,95,70,25
Brbpetmycat,zuljin,2211,demonhunter,havoc,141,74,67
Seorae,tichondrius,2188,demonhunter,havoc,108,57,51
Yaboiswift,stormrage,2178,demonhunter,havoc,72,39,33
Ehtend,malganis,2176,demonhunter,havoc,372,187,185
Lemilion,wyrmrest-accord,2142,demonhunter,havoc,83,42,41
Lifting,illidan,2141,demonhunter,havoc,144,76,68
Sadgirlx,area-52,2127,demonhunter,havoc,116,57,59
Solit,illidan,2126,demonhunter,havoc,96,48,48
Medrathis,wyrmrest-accord,2122,demonhunter,havoc,72,40,32
Lighost,tichondrius,2116,demonhunter,havoc,470,236,234
Zetara,malganis,2112,demonhunter,havoc,137,78,59
Ehtend,sargeras,2106,demonhunter,havoc,78,42,36
Cynthadra,frostmourne,2105,demonhunter,havoc,83,49,34
Felluser,sargeras,2104,demonhunter,havoc,98,63,35
Tendiës,tichondrius,2103,demonhunter,havoc,134,66,68
Insomniaq,sargeras,2102,demonhunter,havoc,115,62,53
Kohî,sargeras,2102,demonhunter,havoc,79,39,40
Calpoot,stormscale,2101,demonhunter,havoc,106,59,47
Dhcn,tichondrius,2092,demonhunter,havoc,70,38,32
Ìke,quelthalas,2091,demonhunter,havoc,253,134,119
Jaybeezy,balnazzar,2084,demonhunter,havoc,96,46,50
Johnconnor,tichondrius,2049,demonhunter,havoc,125,64,61
Nézuko,eldrethalas,2045,demonhunter,havoc,129,68,61
Sleepyjoeb,illidan,2036,demonhunter,havoc,104,58,46
Soliit,illidan,2032,demonhunter,havoc,117,60,57
Felz,illidan,2028,demonhunter,havoc,125,65,60
Jinmorì,area-52,2013,demonhunter,havoc,153,81,72
Nasadh,tichondrius,2004,demonhunter,havoc,126,68,58
Ordorll,area-52,1998,demonhunter,havoc,114,59,55
Lademon,tichondrius,1997,demonhunter,havoc,84,46,38
Dwilk,sargeras,1997,demonhunter,havoc,204,103,101
Rlycoolclass,zuljin,1997,demonhunter,havoc,83,39,44
Sucio,khaz-modan,1992,demonhunter,havoc,90,41,49
Jelleh,frostmourne,1979,demonhunter,havoc,89,46,43
Bløødyrøse,illidan,1978,demonhunter,havoc,66,40,26
Sypï,malganis,1973,demonhunter,havoc,96,52,44
Mvqqdh,tichondrius,1971,demonhunter,havoc,54,29,25
Bippy,durotan,1965,demonhunter,havoc,173,90,83
Xtickles,frostmourne,1964,demonhunter,havoc,166,84,82
Garbage,illidan,1962,demonhunter,havoc,132,73,59
Reps,hydraxis,1959,demonhunter,havoc,192,101,91
Hogmandh,illidan,1959,demonhunter,havoc,86,45,41
Taegos,tichondrius,1947,demonhunter,havoc,921,450,471
Xxann,tichondrius,1947,demonhunter,havoc,73,35,38
Nephxz,tichondrius,1942,demonhunter,havoc,72,39,33
Badhábits,sargeras,1942,demonhunter,havoc,96,51,45
Gødzîllå,moon-guard,1940,demonhunter,havoc,60,27,33
Boonchu,frostmourne,1935,demonhunter,havoc,92,48,44
Chimpers,illidan,1931,demonhunter,havoc,100,51,49
Gameoverz,tichondrius,1930,demonhunter,havoc,57,30,27
Wowcoldcold,barthilas,1928,demonhunter,havoc,83,43,40
Felswamp,zuljin,1926,demonhunter,havoc,264,138,126
Xcf,area-52,1926,demonhunter,havoc,60,28,32
Tømåtøgøðx,sargeras,1924,demonhunter,havoc,186,97,89
Chirøn,darkspear,1924,demonhunter,havoc,78,38,40
Animepfp,shadowsong,1922,demonhunter,havoc,66,36,30
Glaivezx,stormreaver,1919,demonhunter,havoc,218,106,112
Jellehx,frostmourne,1917,demonhunter,havoc,55,32,23
Cyrøcryphä,quelthalas,1917,demonhunter,havoc,209,101,108
Gjoat,tichondrius,1917,demonhunter,havoc,101,48,53
Potspoon,tichondrius,1916,demonhunter,havoc,265,138,127
Gtåte,azjolnerub,1913,demonhunter,havoc,90,39,51
Dewkee,ghostlands,1909,demonhunter,havoc,54,32,22
Ragiidh,tichondrius,1909,demonhunter,havoc,63,31,32
Fametrap,tichondrius,1908,demonhunter,havoc,54,33,21
Okuzén,tichondrius,1907,demonhunter,havoc,127,76,51
Uneasydh,tichondrius,1905,demonhunter,havoc,73,38,35
Blasphemus,illidan,1904,demonhunter,havoc,81,43,38
Basedmf,emerald-dream,1903,demonhunter,havoc,119,61,58
Jøsem,ragnaros,1902,demonhunter,havoc,100,50,50
Loadingdh,tichondrius,1901,demonhunter,havoc,53,23,30
Askvivian,sargeras,1900,demonhunter,havoc,127,76,51
Andthrx,area-52,1899,demonhunter,havoc,407,207,200
Terrorsong,tichondrius,1898,demonhunter,havoc,83,48,35
Ktsoulhunter,azralon,1897,demonhunter,havoc,246,134,112
Griphunt,tichondrius,1895,demonhunter,havoc,258,135,123
Boos,moon-guard,1893,demonhunter,havoc,172,84,88
Cerebro,stormrage,1890,demonhunter,havoc,54,31,23
Gesture,malganis,1889,demonhunter,havoc,257,146,111
Dangerspud,frostmourne,1888,demonhunter,havoc,174,84,90
Raiinier,sargeras,1887,demonhunter,havoc,96,59,37
ßöb,aggramar,1887,demonhunter,havoc,176,89,87
Ragiixoxo,tichondrius,1886,demonhunter,havoc,36,23,13
Xch,aegwynn,1885,demonhunter,havoc,226,117,109
Promitto,tichondrius,1882,demonhunter,havoc,125,62,63
Maverzz,area-52,1881,demonhunter,havoc,172,88,84
Dayvenie,area-52,1879,demonhunter,havoc,125,70,55
Fellhamer,malganis,1879,demonhunter,havoc,201,102,99
Oddblindguy,area-52,1878,demonhunter,havoc,90,51,39
Xxân,tichondrius,1877,demonhunter,havoc,59,33,26
Soyboycuck,emerald-dream,1874,demonhunter,havoc,54,28,26
Telarius,emerald-dream,1872,demonhunter,havoc,115,66,49
Ubetterun,azralon,1872,demonhunter,havoc,314,165,149
Busting,tichondrius,1872,demonhunter,havoc,48,24,24
Cromega,malganis,1871,demonhunter,havoc,120,55,65
Aryapudding,tichondrius,1870,demonhunter,havoc,99,46,53
Nåxah,bleeding-hollow,1869,demonhunter,havoc,78,38,40
Furious,tichondrius,1868,demonhunter,havoc,60,31,29
Madepp,tichondrius,1868,demonhunter,havoc,85,43,42
Chainsawz,zuljin,1868,demonhunter,havoc,86,41,45
Chirõn,moonrunner,1867,demonhunter,havoc,78,34,44
Beerdash,area-52,1867,demonhunter,havoc,72,31,41
Amorielel,tichondrius,1866,demonhunter,havoc,63,29,34
Dewk,ghostlands,1865,demonhunter,havoc,111,57,54
Asdazanis,nemesis,1865,demonhunter,havoc,92,47,45
Ouru,area-52,1865,demonhunter,havoc,138,68,70
Doejah,stormrage,1864,demonhunter,havoc,92,46,46
Leothero,area-52,1863,demonhunter,havoc,54,28,26
Airmax,tichondrius,1863,demonhunter,havoc,156,80,76
Zoenin,illidan,1861,demonhunter,havoc,227,113,114
Hoguriders,tichondrius,1860,demonhunter,havoc,65,34,31
Fruitbatx,tichondrius,1860,demonhunter,havoc,209,105,104
Baikudyn,darkspear,1859,demonhunter,havoc,54,34,20
Dyllen,tichondrius,1859,demonhunter,havoc,247,136,111
Shadë,stormrage,1858,demonhunter,havoc,72,39,33
Praxx,veknilash,1858,demonhunter,havoc,72,34,38
Mèw,bleeding-hollow,1857,demonhunter,havoc,119,62,57
Anihilum,zuljin,1854,demonhunter,havoc,135,81,54
Failtimeboat,terenas,1854,demonhunter,havoc,66,38,28
Nb,silvermoon,1853,demonhunter,havoc,59,32,27
Ystkz,tichondrius,1853,demonhunter,havoc,219,113,106
Beyondjerky,malganis,1852,demonhunter,havoc,93,52,41
Hatréd,quelthalas,1852,demonhunter,havoc,132,65,67
Atomicsorrow,tichondrius,1851,demonhunter,havoc,116,61,55
Noobender,malganis,1850,demonhunter,havoc,54,22,32
Mizaru,moon-guard,1849,demonhunter,havoc,35,24,11
Hueylucifer,ravencrest,1849,demonhunter,havoc,61,31,30
Flykzuwu,azralon,1848,demonhunter,havoc,89,53,36
Írís,blackrock,1847,demonhunter,havoc,130,79,51
Cromosh,quelthalas,1847,demonhunter,havoc,150,72,78
Smqkepvrpp,zuljin,1846,demonhunter,havoc,88,54,34
Daía,ragnaros,1846,demonhunter,havoc,59,31,28
Devirador,ragnaros,1846,demonhunter,havoc,169,87,82
Ripidan,stormrage,1846,demonhunter,havoc,48,23,25
Ibdl,tichondrius,1845,demonhunter,havoc,58,31,27
Eibizoudh,sargeras,1843,demonhunter,havoc,43,21,22
Devotio,emerald-dream,1842,demonhunter,havoc,119,69,50
Tundies,tichondrius,1842,demonhunter,havoc,60,30,30
Bllackclover,zuljin,1841,demonhunter,havoc,68,39,29
Nadlli,bleeding-hollow,1841,demonhunter,havoc,277,144,133
Tiristra,cenarion-circle,1839,demonhunter,havoc,65,35,30
Stellitas,ragnaros,1839,demonhunter,havoc,118,59,59
Sacredtree,tichondrius,1837,demonhunter,havoc,146,80,66
Pythongodx,azralon,1837,demonhunter,havoc,284,147,137
Gameoverdh,tichondrius,1836,demonhunter,havoc,60,26,34
Crixxus,zuljin,1835,demonhunter,havoc,72,34,38
Ökìtycoón,proudmoore,1833,demonhunter,havoc,78,45,33
Xøtourlife,malganis,1833,demonhunter,havoc,160,83,77
Evaxaxx,tichondrius,1833,demonhunter,havoc,72,32,40
Doomantwo,sargeras,1831,demonhunter,havoc,53,24,29
Akurawrath,area-52,1830,demonhunter,havoc,120,84,36
Plumkin,kiljaeden,1829,demonhunter,havoc,66,39,27
Bitcoingodx,tichondrius,1829,demonhunter,havoc,162,90,72
Càrnagex,tichondrius,1828,demonhunter,havoc,387,192,195
Vanarion,area-52,1827,demonhunter,havoc,114,51,63
Anathørn,ragnaros,1826,demonhunter,havoc,195,107,88
Frostchaos,ragnaros,1826,demonhunter,havoc,78,39,39
Migey,thrall,1825,demonhunter,havoc,112,65,47
Rufio,nesingwary,1825,demonhunter,havoc,66,29,37
Ninetalesx,sargeras,1823,demonhunter,havoc,81,48,33
Darkrai,area-52,1823,demonhunter,havoc,132,73,59
Hasbeen,tichondrius,1823,demonhunter,havoc,69,36,33
Leesu,tichondrius,1822,demonhunter,havoc,152,79,73
Çhan,tichondrius,1822,demonhunter,havoc,467,242,225
Ùnlucky,tichondrius,1821,demonhunter,havoc,45,31,14
Deathbladezx,tichondrius,1821,demonhunter,havoc,59,28,31
Karonisam,dalaran,1820,demonhunter,havoc,61,32,29
Dannyolo,hyjal,1820,demonhunter,havoc,78,32,46
Axalark,nemesis,1819,demonhunter,havoc,108,56,52
Tenthslayer,frostmourne,1818,demonhunter,havoc,79,47,32
Nolabb,tichondrius,1818,demonhunter,havoc,170,93,77
Drachyn,darkspear,1818,demonhunter,havoc,121,59,62
Nocthdh,tichondrius,1818,demonhunter,havoc,66,28,38
Cálýpsó,tichondrius,1817,demonhunter,havoc,139,73,66
Ahsref,stormrage,1817,demonhunter,havoc,90,47,43
Erasér,area-52,1817,demonhunter,havoc,224,112,112
Helenquinn,kelthuzad,1815,demonhunter,havoc,72,46,26
Nismoos,daggerspine,1815,demonhunter,havoc,221,119,102
Mirriana,thunderlord,1815,demonhunter,havoc,98,52,46
Brotherz,tichondrius,1815,demonhunter,havoc,113,56,57
Døimös,quelthalas,1814,demonhunter,havoc,56,34,22
Glaivediggar,barthilas,1814,demonhunter,havoc,231,117,114
Reflexin,tichondrius,1814,demonhunter,havoc,66,33,33
Skyez,moon-guard,1814,demonhunter,havoc,115,54,61
Dêspacito,tichondrius,1814,demonhunter,havoc,59,25,34
Kázeshini,frostmourne,1813,demonhunter,havoc,143,71,72
Jfangio,moon-guard,1812,demonhunter,havoc,54,30,24
Gènji,tichondrius,1812,demonhunter,havoc,62,34,28
Coa,nazjatar,1812,demonhunter,havoc,100,54,46
Mamadorx,azralon,1812,demonhunter,havoc,47,25,22
Prophetpoz,tichondrius,1812,demonhunter,havoc,174,92,82
Eldiablaso,malganis,1812,demonhunter,havoc,36,19,17
Fenomeno,tichondrius,1812,demonhunter,havoc,88,45,43
Lucifèr,uther,1812,demonhunter,havoc,59,28,31
Vowz,sargeras,1811,demonhunter,havoc,66,34,32
Catfood,icecrown,1811,demonhunter,havoc,45,21,24
Tyskeram,bleeding-hollow,1810,demonhunter,havoc,81,47,34
Dhkyun,tichondrius,1810,demonhunter,havoc,72,38,34
Taylordem,tichondrius,1808,demonhunter,havoc,60,32,28
Feldarath,sargeras,1807,demonhunter,havoc,139,79,60
Syrio,frostmourne,1807,demonhunter,havoc,290,156,134
Landorus,barthilas,1806,demonhunter,havoc,155,83,72
Xenore,emerald-dream,1806,demonhunter,havoc,101,52,49
Zenage,area-52,1805,demonhunter,havoc,109,62,47
Fellenkellar,stormrage,1804,demonhunter,havoc,144,80,64
Isev,illidan,1804,demonhunter,havoc,110,56,54
Noopstop,tichondrius,1803,demonhunter,havoc,36,23,13
Imissgushing,area-52,1803,demonhunter,havoc,36,19,17
Decoherence,sargeras,1802,demonhunter,havoc,66,41,25
Wompo,wyrmrest-accord,1801,demonhunter,havoc,36,19,17
Jaypx,illidan,1801,demonhunter,havoc,73,30,43
Malthazaan,stormrage,1800,demonhunter,havoc,56,33,23
Icecokelime,black-dragonflight,1800,demonhunter,havoc,38,20,18
Lamorty,tichondrius,1800,demonhunter,havoc,181,87,94
Tendies,tichondrius,1800,demonhunter,havoc,60,28,32
Surehunts,magtheridon,1796,demonhunter,havoc,47,28,19
Chulakels,tichondrius,1796,demonhunter,havoc,87,50,37
Junma,tichondrius,1795,demonhunter,havoc,132,68,64
Nuktukdh,moon-guard,1791,demonhunter,havoc,68,30,38
Juiced,thunderhorn,1790,demonhunter,havoc,137,71,66
Pokemibut,frostmourne,1786,demonhunter,havoc,148,74,74
Ferano,frostmourne,1782,demonhunter,havoc,313,159,154
Hoochee,lightnings-blade,1781,demonhunter,havoc,91,50,41
Thickgary,illidan,1779,demonhunter,havoc,54,34,20
Doeja,illidan,1778,demonhunter,havoc,44,23,21
Deviljane,illidan,1774,demonhunter,havoc,60,31,29
Raylêy,tichondrius,1772,demonhunter,havoc,66,34,32
Theprodigy,malganis,1772,demonhunter,havoc,243,123,120
Demonsob,illidan,1772,demonhunter,havoc,59,22,37
Lilise,kiljaeden,1770,demonhunter,havoc,191,96,95
Rennae,zuljin,1770,demonhunter,havoc,67,33,34
Cöcainë,stormrage,1769,demonhunter,havoc,60,39,21
Monfel,dalaran,1768,demonhunter,havoc,114,67,47
Hydrocodeine,moon-guard,1768,demonhunter,havoc,60,32,28
Ntts,tichondrius,1767,demonhunter,havoc,149,73,76
Rruaast,bonechewer,1766,demonhunter,havoc,42,23,19
Bbteaa,frostmourne,1765,demonhunter,havoc,206,107,99
Blode,tichondrius,1763,demonhunter,havoc,255,128,127
Tylersdh,illidan,1760,demonhunter,havoc,181,102,79
Neverblurx,kirin-tor,1758,demonhunter,havoc,48,24,24
Dawgzo,thunderhorn,1756,demonhunter,havoc,186,100,86
Xaneuma,nemesis,1755,demonhunter,havoc,127,70,57
Bloodgash,tichondrius,1755,demonhunter,havoc,50,24,26
Mevadow,bleeding-hollow,1755,demonhunter,havoc,191,90,101
Antamoris,sargeras,1754,demonhunter,havoc,100,49,51
Baka,grizzly-hills,1754,demonhunter,havoc,54,23,31
Saaldh,zuljin,1753,demonhunter,havoc,71,30,41
Alkain,ragnaros,1752,demonhunter,havoc,60,28,32
Artee,illidan,1750,demonhunter,havoc,70,32,38
Giselah,malganis,1748,demonhunter,havoc,101,44,57
Fasnk,tichondrius,1747,demonhunter,havoc,60,29,31
Noobstaa,area-52,1745,demonhunter,havoc,48,34,14
Thundiir,area-52,1745,demonhunter,havoc,143,72,71
Boatsnhoze,tichondrius,1745,demonhunter,havoc,91,39,52
Thehonor,tichondrius,1744,demonhunter,havoc,77,43,34
Brackmagik,barthilas,1743,demonhunter,havoc,72,42,30
Azrethec,wyrmrest-accord,1743,demonhunter,havoc,132,70,62
Jambie,fenris,1743,demonhunter,havoc,78,40,38
Boomydh,tichondrius,1742,demonhunter,havoc,51,27,24
Hemmerdainz,kelthuzad,1741,demonhunter,havoc,162,86,76
Winsforgold,area-52,1741,demonhunter,havoc,102,54,48
Remuko,tichondrius,1741,demonhunter,havoc,36,19,17
Toteschatte,quelthalas,1739,demonhunter,havoc,96,49,47
Dadoftheyear,destromath,1738,demonhunter,havoc,102,61,41
Sáìto,arthas,1738,demonhunter,havoc,59,35,24
Progenji,azralon,1738,demonhunter,havoc,60,35,25
Ídunno,kiljaeden,1738,demonhunter,havoc,84,43,41
Donaldjr,area-52,1736,demonhunter,havoc,93,57,36
Busta,dethecus,1736,demonhunter,havoc,161,78,83
Sikarnix,stormrage,1736,demonhunter,havoc,108,52,56
Yaety,tichondrius,1735,demonhunter,havoc,82,50,32
Azexion,malganis,1735,demonhunter,havoc,167,86,81
Wherwelandin,zuljin,1734,demonhunter,havoc,51,24,27
Henry,tichondrius,1733,demonhunter,havoc,275,154,121
Scylus,tichondrius,1733,demonhunter,havoc,162,90,72
Namaga,illidan,1732,demonhunter,havoc,72,49,23
Rosinanta,malygos,1732,demonhunter,havoc,142,71,71
Wickbeams,barthilas,1731,demonhunter,havoc,107,54,53
Gubydal,frostmourne,1730,demonhunter,havoc,71,37,34
Dãnishroll,illidan,1726,demonhunter,havoc,126,60,66
Larandaa,sargeras,1725,demonhunter,havoc,152,79,73
Joshallen,malganis,1725,demonhunter,havoc,246,121,125
Icantseelol,sargeras,1724,demonhunter,havoc,146,77,69
Serb,chogall,1724,demonhunter,havoc,92,47,45
Tomhenk,blackrock,1724,demonhunter,havoc,54,27,27
Diequickly,tichondrius,1724,demonhunter,havoc,202,99,103
Zikzlol,tichondrius,1724,demonhunter,havoc,98,48,50
Ripchimmii,illidan,1722,demonhunter,havoc,37,19,18
Xylëm,tichondrius,1722,demonhunter,havoc,188,89,99
Nightcráwler,malganis,1721,demonhunter,havoc,72,39,33
Tichóndrius,tichondrius,1721,demonhunter,havoc,282,149,133
Ilìdarì,zuljin,1721,demonhunter,havoc,80,40,40
Croches,tichondrius,1721,demonhunter,havoc,36,18,18
Krythix,kelthuzad,1720,demonhunter,havoc,78,35,43
Ðrogö,emerald-dream,1719,demonhunter,havoc,48,27,21
Fardyhole,illidan,1719,demonhunter,havoc,36,18,18
Biognosis,ragnaros,1719,demonhunter,havoc,149,73,76
Bikeride,frostmourne,1717,demonhunter,havoc,70,41,29
Crittic,thrall,1717,demonhunter,havoc,106,48,58
Xeylin,sargeras,1715,demonhunter,havoc,83,48,35
Zcarfacee,frostmourne,1715,demonhunter,havoc,32,18,14
Xragii,kelthuzad,1715,demonhunter,havoc,36,18,18
Mewmewkitty,tichondrius,1715,demonhunter,havoc,52,22,30
Deathlex,sargeras,1714,demonhunter,havoc,108,57,51
Irisand,ragnaros,1714,demonhunter,havoc,83,40,43
Lazygågå,zuljin,1712,demonhunter,havoc,58,30,28
Deathsweep,tichondrius,1711,demonhunter,havoc,83,41,42
Zatharas,stormrage,1711,demonhunter,havoc,164,80,84
Sätän,malganis,1710,demonhunter,havoc,48,30,18
Munyanyô,moon-guard,1710,demonhunter,havoc,59,35,24
Lazydeamon,frostmourne,1710,demonhunter,havoc,89,39,50
Fléûrs,zuljin,1709,demonhunter,havoc,24,18,6
Glaivia,bleeding-hollow,1709,demonhunter,havoc,48,23,25
Aetheris,bleeding-hollow,1709,demonhunter,havoc,90,40,50
Draenkz,ragnaros,1709,demonhunter,havoc,70,25,45
Darkrasta,ragnaros,1708,demonhunter,havoc,190,95,95
Demoncastx,tichondrius,1707,demonhunter,havoc,141,79,62
Bigpapadigi,tichondrius,1706,demonhunter,havoc,48,25,23
Sheldoncoop,emerald-dream,1706,demonhunter,havoc,36,18,18
Rôsè,tichondrius,1705,demonhunter,havoc,90,50,40
Raahjxz,sargeras,1705,demonhunter,havoc,120,66,54
Raenorion,kelthuzad,1705,demonhunter,havoc,159,82,77
Firstsol,stormrage,1704,demonhunter,havoc,78,44,34
Divide,tichondrius,1703,demonhunter,havoc,316,159,157
Ethingy,emerald-dream,1702,demonhunter,havoc,42,25,17
Demonleap,proudmoore,1702,demonhunter,havoc,54,32,22
Wildh,stormrage,1702,demonhunter,havoc,78,41,37
Felgobbler,zuljin,1701,demonhunter,havoc,72,38,34
Gamernation,area-52,1701,demonhunter,havoc,93,47,46
Nåx,bleeding-hollow,1700,demonhunter,havoc,42,25,17
Dryback,illidan,1700,demonhunter,havoc,42,19,23
Trillidan,mugthol,1700,demonhunter,havoc,48,20,28
Nopohunter,burning-blade,1699,demonhunter,havoc,47,31,16
Blúr,tichondrius,1699,demonhunter,havoc,47,26,21
Stochastic,ragnaros,1699,demonhunter,havoc,115,63,52
Kioka,khaz-modan,1698,demonhunter,havoc,40,22,18
Unkiteable,malganis,1697,demonhunter,havoc,53,27,26
Vândel,kelthuzad,1697,demonhunter,havoc,135,67,68
Kolthis,tichondrius,1697,demonhunter,havoc,51,22,29
Chinadh,tichondrius,1696,demonhunter,havoc,41,23,18
Chiesa,sargeras,1695,demonhunter,havoc,34,27,7
Dhfaceguy,agamaggan,1695,demonhunter,havoc,86,52,34
Luribel,tichondrius,1695,demonhunter,havoc,224,118,106
Purplekuush,bleeding-hollow,1695,demonhunter,havoc,96,48,48
Gockgock,kelthuzad,1694,demonhunter,havoc,30,18,12
Dhwhat,stormrage,1692,demonhunter,havoc,139,75,64
Mustardtigër,bleeding-hollow,1691,demonhunter,havoc,47,26,21
Nooksuh,bleeding-hollow,1691,demonhunter,havoc,47,24,23
Speedh,area-52,1691,demonhunter,havoc,36,18,18
Bigbadmad,stormrage,1691,demonhunter,havoc,309,150,159
Superlative,area-52,1690,demonhunter,havoc,36,23,13
Randomdh,zuljin,1690,demonhunter,havoc,49,27,22
Chingiz,dunemaul,1690,demonhunter,havoc,180,93,87
Stefdh,tichondrius,1690,demonhunter,havoc,72,34,38
Qixoni,emerald-dream,1690,demonhunter,havoc,78,34,44
Onedigitiq,thrall,1689,demonhunter,havoc,24,18,6
Idontfaced,area-52,1689,demonhunter,havoc,52,32,20
Frøstdh,area-52,1688,demonhunter,havoc,54,21,33
Obsidians,korgath,1687,demonhunter,havoc,161,86,75
Stellartv,tichondrius,1687,demonhunter,havoc,198,97,101
Velana,tichondrius,1686,demonhunter,havoc,36,25,11
Rekttx,area-52,1686,demonhunter,havoc,112,60,52
Mvpdh,area-52,1686,demonhunter,havoc,316,153,163
Bobbyhill,nordrassil,1684,demonhunter,havoc,165,80,85
Niuzimeile,illidan,1681,demonhunter,havoc,161,70,91
Chäos,proudmoore,1680,demonhunter,havoc,225,112,113
Ihuntmufasa,tichondrius,1679,demonhunter,havoc,48,28,20
Doomsday,kargath,1676,demonhunter,havoc,36,22,14
Danloesh,silver-hand,1676,demonhunter,havoc,66,35,31
Icrazedcruxl,gnomeregan,1676,demonhunter,havoc,54,27,27
Odio,chromaggus,1675,demonhunter,havoc,61,32,29
Buddyyguy,illidan,1675,demonhunter,havoc,102,45,57
Jaauk,ragnaros,1674,demonhunter,havoc,76,35,41
Folkmagic,proudmoore,1673,demonhunter,havoc,30,18,12
Needlepoint,illidan,1671,demonhunter,havoc,125,69,56
Dingowango,illidan,1671,demonhunter,havoc,78,39,39
Felontis,sargeras,1671,demonhunter,havoc,60,28,32
Yuppx,tichondrius,1670,demonhunter,havoc,72,44,28
Felnipz,tichondrius,1670,demonhunter,havoc,91,49,42
Alast,emerald-dream,1670,demonhunter,havoc,78,41,37
Takagi,kirin-tor,1669,demonhunter,havoc,399,204,195
Ossivil,ragnaros,1669,demonhunter,havoc,226,113,113
Thrania,lothar,1669,demonhunter,havoc,40,20,20
Myllidan,emerald-dream,1668,demonhunter,havoc,36,23,13
Nécô,tichondrius,1668,demonhunter,havoc,116,64,52
Imaginedmg,illidan,1668,demonhunter,havoc,60,28,32
Gamgeum,tichondrius,1667,demonhunter,havoc,36,23,13
Hëll,spirestone,1666,demonhunter,havoc,60,32,28
Sadpepe,bleeding-hollow,1666,demonhunter,havoc,84,41,43
Worldahmelee,illidan,1665,demonhunter,havoc,36,22,14
Fiveiq,malganis,1664,demonhunter,havoc,39,24,15
Ravana,khaz-modan,1664,demonhunter,havoc,112,60,52
Demabrak,azralon,1664,demonhunter,havoc,71,33,38
Hundredeye,malganis,1664,demonhunter,havoc,82,38,44
Omygaud,tichondrius,1663,demonhunter,havoc,84,52,32
Boagz,area-52,1660,demonhunter,havoc,84,48,36
Hoonjojjyana,tichondrius,1659,demonhunter,havoc,76,33,43
Churchpls,stormrage,1659,demonhunter,havoc,58,23,35
Cheezitzz,tichondrius,1659,demonhunter,havoc,75,27,48
Tosilia,tichondrius,1658,demonhunter,havoc,50,30,20
Dragonÿx,ragnaros,1658,demonhunter,havoc,157,83,74
Achemedåche,dalaran,1657,demonhunter,havoc,33,22,11
Joric,dalaran,1657,demonhunter,havoc,66,40,26
Bloodhunter,exodar,1656,demonhunter,havoc,127,70,57
Deaforalive,malganis,1656,demonhunter,havoc,120,65,55
Cezkia,hyjal,1656,demonhunter,havoc,102,52,50
Babahorns,dalaran,1656,demonhunter,havoc,78,35,43
Getpoodon,sargeras,1655,demonhunter,havoc,36,18,18
Kìed,kiljaeden,1655,demonhunter,havoc,60,29,31
Hehehaha,wyrmrest-accord,1654,demonhunter,havoc,42,26,16
Entropics,tichondrius,1653,demonhunter,havoc,47,32,15
Manavrot,stormrage,1653,demonhunter,havoc,42,28,14
Watsinthebox,thrall,1653,demonhunter,havoc,36,24,12
Whysoospicy,wyrmrest-accord,1653,demonhunter,havoc,48,29,19
Doomtower,tichondrius,1652,demonhunter,havoc,194,101,93
Revvup,tichondrius,1651,demonhunter,havoc,218,121,97
Ðaredevil,azralon,1650,demonhunter,havoc,36,22,14
Killuaqt,frostmourne,1650,demonhunter,havoc,59,32,27
Warlasher,zuljin,1650,demonhunter,havoc,354,183,171
Ethhunter,proudmoore,1649,demonhunter,havoc,92,46,46
Shadöw,emerald-dream,1649,demonhunter,havoc,51,25,26
Asheng,cairne,1649,demonhunter,havoc,69,31,38
Szei,tichondrius,1648,demonhunter,havoc,33,20,13
Hròðvitnir,quelthalas,1648,demonhunter,havoc,124,73,51
Mybraintiny,illidan,1648,demonhunter,havoc,43,25,18
Nips,lightnings-blade,1648,demonhunter,havoc,102,56,46
Vendeem,moonrunner,1647,demonhunter,havoc,124,64,60
Helltaker,blood-furnace,1646,demonhunter,havoc,30,18,12
Allidox,tichondrius,1646,demonhunter,havoc,59,28,31
Harríson,tichondrius,1646,demonhunter,havoc,150,71,79
Shyisback,area-52,1645,demonhunter,havoc,138,77,61
Malefisentt,firetree,1645,demonhunter,havoc,51,26,25
Mdhunter,tichondrius,1644,demonhunter,havoc,100,54,46
Sìlençe,illidan,1643,demonhunter,havoc,35,22,13
Aertillian,ragnaros,1643,demonhunter,havoc,46,27,19
Narchis,malganis,1643,demonhunter,havoc,60,33,27
Valerrias,area-52,1643,demonhunter,havoc,42,21,21
Skyfly,stormscale,1643,demonhunter,havoc,84,40,44
Italoo,ragnaros,1642,demonhunter,havoc,66,39,27
Jk,dreadmaul,1642,demonhunter,havoc,123,68,55
Rune,dathremar,1642,demonhunter,havoc,48,23,25
Bdwxxnmm,tichondrius,1642,demonhunter,havoc,54,21,33
Jpdh,frostmourne,1641,demonhunter,havoc,80,44,36
Cavell,tichondrius,1640,demonhunter,havoc,43,22,21
Stalkdemon,azralon,1640,demonhunter,havoc,47,24,23
Snózberry,illidan,1639,demonhunter,havoc,81,37,44
Hyjixer,stormrage,1638,demonhunter,havoc,56,28,28
Viio,proudmoore,1637,demonhunter,havoc,36,21,15
Overtakeyou,azralon,1637,demonhunter,havoc,48,26,22
Tychondrius,earthen-ring,1636,demonhunter,havoc,220,117,103
Mattdizzle,illidan,1635,demonhunter,havoc,40,27,13
Blurblurblur,frostmourne,1635,demonhunter,havoc,60,25,35
Synthwäve,area-52,1634,demonhunter,havoc,36,23,13
Remh,bleeding-hollow,1634,demonhunter,havoc,350,175,175
Tubaki,tichondrius,1634,demonhunter,havoc,47,21,26
Lillidanss,the-forgotten-coast,1634,demonhunter,havoc,53,23,30
Luthianna,amanthul,1632,demonhunter,havoc,40,24,16
Bremdh,thrall,1632,demonhunter,havoc,44,25,19
Hisso,nordrassil,1632,demonhunter,havoc,90,48,42
Seraphïel,khaz-modan,1631,demonhunter,havoc,36,23,13
Perspirant,malganis,1631,demonhunter,havoc,47,26,21
Velravyn,moon-guard,1631,demonhunter,havoc,192,100,92
Aeezus,tichondrius,1631,demonhunter,havoc,54,28,26
Ironsightsdh,dalaran,1630,demonhunter,havoc,208,106,102
Xanthalos,wyrmrest-accord,1630,demonhunter,havoc,173,83,90
Trindh,thrall,1629,demonhunter,havoc,56,36,20
Sikäria,malganis,1629,demonhunter,havoc,72,43,29
Shinitakunai,area-52,1629,demonhunter,havoc,76,36,40
Nrpx,stormrage,1628,demonhunter,havoc,46,23,23
Trilidan,proudmoore,1627,demonhunter,havoc,37,21,16
Diiecrux,bleeding-hollow,1627,demonhunter,havoc,55,31,24
Thelor,frostmourne,1626,demonhunter,havoc,48,28,20
Benová,tichondrius,1626,demonhunter,havoc,64,27,37
Jiawen,barthilas,1625,demonhunter,havoc,36,23,13
Nowaifai,tichondrius,1625,demonhunter,havoc,114,62,52
Sicknizzle,area-52,1625,demonhunter,havoc,138,69,69
Sarynrae,malganis,1625,demonhunter,havoc,74,34,40
Litdh,azralon,1625,demonhunter,havoc,64,29,35
Dabsfordayz,zuluhed,1624,demonhunter,havoc,36,23,13
Dealer,frostmourne,1624,demonhunter,havoc,179,87,92
Kelmar,stormreaver,1624,demonhunter,havoc,50,22,28
Gymnast,thaurissan,1624,demonhunter,havoc,54,23,31
Cuper,tichondrius,1623,demonhunter,havoc,108,59,49
Ondablock,illidan,1621,demonhunter,havoc,76,43,33
Taatted,emerald-dream,1621,demonhunter,havoc,91,46,45
Zeroheaven,stormrage,1621,demonhunter,havoc,48,19,29
Amanthx,tichondrius,1620,demonhunter,havoc,66,33,33
Kryuwu,stormrage,1620,demonhunter,havoc,67,32,35
Räzzül,azralon,1619,demonhunter,havoc,48,26,22
Junmà,tichondrius,1618,demonhunter,havoc,90,50,40
Apõz,tichondrius,1618,demonhunter,havoc,36,20,16
Knshy,azralon,1618,demonhunter,havoc,133,69,64
Zarnix,area-52,1618,demonhunter,havoc,57,26,31
Ohanadh,ragnaros,1618,demonhunter,havoc,48,19,29
Yiptaw,area-52,1617,demonhunter,havoc,95,49,46
Smilingbomb,tichondrius,1617,demonhunter,havoc,59,28,31
Zachfortnite,emerald-dream,1616,demonhunter,havoc,30,19,11
Ptsdh,bloodhoof,1616,demonhunter,havoc,84,46,38
Axex,emerald-dream,1616,demonhunter,havoc,36,19,17
Batbomb,malganis,1616,demonhunter,havoc,42,20,22
Batorr,sargeras,1616,demonhunter,havoc,60,25,35
Cococat,tichondrius,1616,demonhunter,havoc,96,38,58
Xionas,moon-guard,1615,demonhunter,havoc,319,166,153
Alatrioni,illidan,1615,demonhunter,havoc,54,25,29
Hypetraindh,kelthuzad,1614,demonhunter,havoc,28,19,9
Ilovenina,sargeras,1613,demonhunter,havoc,36,20,16
Taszyn,blackrock,1613,demonhunter,havoc,92,51,41
Demontrue,tichondrius,1613,demonhunter,havoc,182,97,85
Karmakula,tichondrius,1613,demonhunter,havoc,77,39,38
Neodin,tichondrius,1612,demonhunter,havoc,61,35,26
Tmydh,illidan,1611,demonhunter,havoc,66,34,32
Ossariss,moon-guard,1610,demonhunter,havoc,30,17,13
Mazakein,tichondrius,1610,demonhunter,havoc,66,37,29
Nistrin,area-52,1609,demonhunter,havoc,72,40,32
Falachio,tichondrius,1609,demonhunter,havoc,279,149,130
Kyndlia,wyrmrest-accord,1609,demonhunter,havoc,79,40,39
Diablitaa,sargeras,1609,demonhunter,havoc,36,17,19
Netherbane,azgalor,1609,demonhunter,havoc,102,48,54
Vegêta,malganis,1608,demonhunter,havoc,108,62,46
Haades,proudmoore,1608,demonhunter,havoc,106,60,46
Borekkarxqt,emerald-dream,1608,demonhunter,havoc,36,20,16
Chîsäki,quelthalas,1608,demonhunter,havoc,93,48,45
Feníxx,ragnaros,1608,demonhunter,havoc,88,45,43
Thumôss,malganis,1608,demonhunter,havoc,47,24,23
Harû,tichondrius,1608,demonhunter,havoc,36,18,18
Nichousha,tichondrius,1608,demonhunter,havoc,66,31,35
Xday,tichondrius,1607,demonhunter,havoc,418,211,207
Sendronash,thrall,1607,demonhunter,havoc,84,39,45
Abigëil,quelthalas,1606,demonhunter,havoc,80,43,37
Sheepone,tichondrius,1605,demonhunter,havoc,54,35,19
Siksix,bleeding-hollow,1605,demonhunter,havoc,118,67,51
Derperhunter,kiljaeden,1605,demonhunter,havoc,156,85,71
Cots,stormrage,1605,demonhunter,havoc,201,108,93
Fingól,ragnaros,1605,demonhunter,havoc,41,19,22
Ðemonix,tichondrius,1605,demonhunter,havoc,95,42,53
Demodorn,frostmane,1604,demonhunter,havoc,136,76,60
Bigflopper,malganis,1604,demonhunter,havoc,102,55,47
Sineex,illidan,1603,demonhunter,havoc,48,29,19
Daymanhunter,bleeding-hollow,1603,demonhunter,havoc,103,53,50
Kaedri,burning-blade,1603,demonhunter,havoc,141,68,73
Magenie,korgath,1602,demonhunter,havoc,65,39,26
Torments,area-52,1602,demonhunter,havoc,114,60,54
Shale,gilneas,1602,demonhunter,havoc,70,35,35
Ariodh,area-52,1602,demonhunter,havoc,36,17,19
Mamif,korgath,1601,demonhunter,havoc,122,63,59
Dridri,quelthalas,1600,demonhunter,havoc,101,55,46
Iluvboóty,blackrock,1600,demonhunter,havoc,102,48,54
Sävage,zuljin,1599,demonhunter,havoc,37,22,15
Tresbotones,kelthuzad,1599,demonhunter,havoc,42,17,25
Bigtitiemilk,tichondrius,1597,demonhunter,havoc,64,34,30
Bitskii,kelthuzad,1596,demonhunter,havoc,98,47,51
Noztak,area-52,1596,demonhunter,havoc,54,20,34
Orsova,area-52,1595,demonhunter,havoc,36,22,14
Flamegøðx,azralon,1595,demonhunter,havoc,42,23,19
Jamerino,frostmourne,1594,demonhunter,havoc,61,33,28
Bümb,moon-guard,1594,demonhunter,havoc,54,25,29
Huzhan,illidan,1592,demonhunter,havoc,123,69,54
Powertaco,tichondrius,1591,demonhunter,havoc,249,132,117
Demonhunter,kirin-tor,1590,demonhunter,havoc,126,63,63
Hunttblacke,ragnaros,1590,demonhunter,havoc,54,26,28
Nándÿ,tichondrius,1589,demonhunter,havoc,73,39,34
Mavrush,malganis,1588,demonhunter,havoc,75,41,34
Nightwisty,azralon,1588,demonhunter,havoc,42,21,21
Shadowmoonz,frostmourne,1588,demonhunter,havoc,59,28,31
Jcosta,tichondrius,1588,demonhunter,havoc,150,69,81
Surå,tichondrius,1586,demonhunter,havoc,180,88,92
Vapegodxqt,aegwynn,1586,demonhunter,havoc,56,26,30
Littlewolfie,illidan,1585,demonhunter,havoc,60,31,29
Imlikethat,gorefiend,1585,demonhunter,havoc,60,30,30
Azinoht,ragnaros,1584,demonhunter,havoc,328,159,169
Khaito,illidan,1584,demonhunter,havoc,77,35,42
Gumeasy,tichondrius,1584,demonhunter,havoc,70,31,39
Coohiyan,tichondrius,1583,demonhunter,havoc,61,37,24
Ruffolina,azralon,1582,demonhunter,havoc,204,105,99
Bjj,bonechewer,1580,demonhunter,havoc,142,83,59
Supadupä,stormrage,1580,demonhunter,havoc,30,17,13
Phaintx,tichondrius,1579,demonhunter,havoc,60,29,31
Àku,area-52,1579,demonhunter,havoc,61,29,32
Servilletas,spirestone,1577,demonhunter,havoc,29,19,10
Zeane,tichondrius,1577,demonhunter,havoc,87,46,41
Nuggetx,lightnings-blade,1577,demonhunter,havoc,94,49,45
Chungîe,frostmourne,1577,demonhunter,havoc,98,50,48
Tywín,illidan,1577,demonhunter,havoc,57,29,28
Sarÿnrae,malganis,1576,demonhunter,havoc,78,40,38
Thêdràïñgáñg,jubeithos,1574,demonhunter,havoc,36,18,18
Fingersdh,malganis,1574,demonhunter,havoc,117,54,63
Minar,tichondrius,1573,demonhunter,havoc,276,139,137
Reito,ragnaros,1572,demonhunter,havoc,59,31,28
Vynthar,wyrmrest-accord,1572,demonhunter,havoc,470,233,237
Theflurry,tichondrius,1571,demonhunter,havoc,48,18,30
Beniesdh,frostmourne,1570,demonhunter,havoc,42,22,20
Billmcawsom,proudmoore,1570,demonhunter,havoc,117,56,61
Vareon,nesingwary,1569,demonhunter,havoc,59,38,21
Coaa,dalaran,1569,demonhunter,havoc,83,40,43
Nuredmyy,illidan,1568,demonhunter,havoc,120,64,56
Checkmate,bleeding-hollow,1568,demonhunter,havoc,63,29,34
Painvdh,tichondrius,1567,demonhunter,havoc,261,132,129
Redkin,moon-guard,1566,demonhunter,havoc,92,51,41
Neshaan,stormreaver,1566,demonhunter,havoc,105,58,47
Fleetop,tichondrius,1566,demonhunter,havoc,108,58,50
Glaivez,korgath,1565,demonhunter,havoc,30,17,13
Pragma,thrall,1564,demonhunter,havoc,237,126,111
Aiapaec,wyrmrest-accord,1564,demonhunter,havoc,294,151,143
Énchantress,thrall,1564,demonhunter,havoc,60,29,31
Kaelthys,nordrassil,1563,demonhunter,havoc,111,60,51
Iliillii,emerald-dream,1563,demonhunter,havoc,111,48,63
Somethingstu,sargeras,1562,demonhunter,havoc,40,24,16
Wormli,moon-guard,1562,demonhunter,havoc,88,51,37
Immortalsinz,dalaran,1562,demonhunter,havoc,131,51,80
Sivà,tichondrius,1561,demonhunter,havoc,117,57,60
Mcspicyy,tichondrius,1559,demonhunter,havoc,53,27,26
Eraticdh,illidan,1559,demonhunter,havoc,67,26,41
Mood,stonemaul,1558,demonhunter,havoc,84,47,37
Insomdh,sargeras,1557,demonhunter,havoc,30,18,12
Dankhuntér,zuljin,1556,demonhunter,havoc,78,32,46
Fourbuttonsx,sargeras,1555,demonhunter,havoc,63,31,32
Flirtyscythe,illidan,1555,demonhunter,havoc,105,49,56
Dirtylatin,ragnaros,1554,demonhunter,havoc,66,38,28
Beastbringer,proudmoore,1554,demonhunter,havoc,183,103,80
Souliz,tichondrius,1554,demonhunter,havoc,107,53,54
Gorillidan,kelthuzad,1553,demonhunter,havoc,30,18,12
Raith,khazgoroth,1553,demonhunter,havoc,85,49,36
Slashdh,stormrage,1552,demonhunter,havoc,60,33,27
Llörne,moon-guard,1552,demonhunter,havoc,71,38,33
Sero,malganis,1552,demonhunter,havoc,42,18,24
Nupx,frostmourne,1551,demonhunter,havoc,71,40,31
Papazaraki,tichondrius,1551,demonhunter,havoc,48,27,21
Nomfries,malganis,1550,demonhunter,havoc,73,37,36
Nocturnale,ragnaros,1550,demonhunter,havoc,165,82,83
Corngodx,sargeras,1550,demonhunter,havoc,108,52,56
Thebojanglz,frostmourne,1549,demonhunter,havoc,43,26,17
Llivid,area-52,1549,demonhunter,havoc,30,17,13
Alwaysin,zuljin,1548,demonhunter,havoc,78,43,35
Wreckforce,blades-edge,1548,demonhunter,havoc,58,31,27
Kuramou,area-52,1547,demonhunter,havoc,36,22,14
Blackmvp,tichondrius,1547,demonhunter,havoc,48,29,19
Poogzzig,tichondrius,1547,demonhunter,havoc,138,66,72
Bloodedge,moknathal,1547,demonhunter,havoc,76,28,48
Tyredris,kelthuzad,1546,demonhunter,havoc,98,54,44
Dèmonhuntèr,tichondrius,1545,demonhunter,havoc,223,114,109
Chesterdh,illidan,1545,demonhunter,havoc,74,32,42
Baalböski,tichondrius,1544,demonhunter,havoc,106,49,57
Gittgudd,area-52,1542,demonhunter,havoc,123,65,58
Scoplyn,malfurion,1541,demonhunter,havoc,84,42,42
Inphamy,chogall,1540,demonhunter,havoc,36,17,19
Radamanthysi,azralon,1539,demonhunter,havoc,126,75,51
Kalmor,barthilas,1538,demonhunter,havoc,118,64,54
Cäldo,tichondrius,1537,demonhunter,havoc,36,21,15
Órph,sargeras,1537,demonhunter,havoc,60,34,26
Demonfarter,tichondrius,1537,demonhunter,havoc,149,74,75
Rytesx,moon-guard,1536,demonhunter,havoc,93,61,32
Dhyzz,proudmoore,1536,demonhunter,havoc,78,41,37
Kssmee,korgath,1535,demonhunter,havoc,134,69,65
Furiel,quelthalas,1534,demonhunter,havoc,44,26,18
Sätyr,bleeding-hollow,1534,demonhunter,havoc,114,51,63
Dantesabyss,proudmoore,1533,demonhunter,havoc,149,72,77
Doxdevil,tichondrius,1533,demonhunter,havoc,57,19,38
Khatary,ragnaros,1531,demonhunter,havoc,78,42,36
Karmadh,malganis,1531,demonhunter,havoc,60,30,30
Stacheaction,sargeras,1529,demonhunter,havoc,77,38,39
Subieshift,sargeras,1529,demonhunter,havoc,43,20,23
Netherbird,malganis,1527,demonhunter,havoc,36,24,12
Cybertrax,tichondrius,1527,demonhunter,havoc,37,21,16
Mooneh,emerald-dream,1527,demonhunter,havoc,83,44,39
Kaelclaira,dalvengyr,1526,demonhunter,havoc,78,36,42
Desquiciao,quelthalas,1525,demonhunter,havoc,113,63,50
Crayoz,tichondrius,1525,demonhunter,havoc,137,76,61
Pubelice,draenor,1525,demonhunter,havoc,74,40,34
Emopidgeon,dalaran,1525,demonhunter,havoc,30,16,14
Mauê,archimonde,1525,demonhunter,havoc,56,29,27
Jibaiye,tichondrius,1525,demonhunter,havoc,173,89,84
Gigavlad,area-52,1525,demonhunter,havoc,90,45,45
Ðarkone,ragnaros,1524,demonhunter,havoc,76,36,40
Gaìjîn,barthilas,1523,demonhunter,havoc,168,91,77
Ilydos,emerald-dream,1523,demonhunter,havoc,130,67,63
Mingaming,tichondrius,1523,demonhunter,havoc,54,26,28
Accidcleaves,sargeras,1523,demonhunter,havoc,78,37,41
Luminesce,tichondrius,1523,demonhunter,havoc,36,16,20
Nôrthstår,tichondrius,1522,demonhunter,havoc,30,17,13
Demonthorne,illidan,1522,demonhunter,havoc,30,16,14
Chabashira,tichondrius,1521,demonhunter,havoc,61,27,34
Turecdh,illidan,1520,demonhunter,havoc,68,22,46
Hongnara,tichondrius,1518,demonhunter,havoc,95,51,44
Elidani,area-52,1518,demonhunter,havoc,96,49,47
Orosz,bleeding-hollow,1517,demonhunter,havoc,30,17,13
Rêliç,sargeras,1516,demonhunter,havoc,30,18,12
Nightcore,lightnings-blade,1516,demonhunter,havoc,74,40,34
Narandra,malganis,1516,demonhunter,havoc,60,23,37
Ryoga,malganis,1514,demonhunter,havoc,51,32,19
Eyecandyxo,grizzly-hills,1514,demonhunter,havoc,79,43,36
Antistar,emerald-dream,1514,demonhunter,havoc,68,26,42
Mileze,area-52,1513,demonhunter,havoc,96,39,57
Wangasaurus,emerald-dream,1512,demonhunter,havoc,72,37,35
Gulios,azralon,1512,demonhunter,havoc,104,41,63
Deidara,wildhammer,1511,demonhunter,havoc,54,29,25
Yukisyn,proudmoore,1511,demonhunter,havoc,275,147,128
Deadpixellz,illidan,1511,demonhunter,havoc,76,39,37
Steeler,shandris,1510,demonhunter,havoc,102,49,53
Hellmetal,quelthalas,1510,demonhunter,havoc,48,22,26
Sammyvicious,tichondrius,1509,demonhunter,havoc,40,26,14
Ezoen,mannoroth,1509,demonhunter,havoc,46,18,28
Bromosapien,tichondrius,1507,demonhunter,havoc,51,23,28
Chkclapper,kelthuzad,1505,demonhunter,havoc,42,22,20
Dammitbôbby,tichondrius,1505,demonhunter,havoc,127,66,61
Devastation,tichondrius,1505,demonhunter,havoc,84,43,41
Ranir,doomhammer,1505,demonhunter,havoc,152,76,76
Thegudgud,stormrage,1505,demonhunter,havoc,72,36,36
Wikkidd,thrall,1505,demonhunter,havoc,116,56,60
Devøted,area-52,1504,demonhunter,havoc,36,19,17
Luana,stormscale,1504,demonhunter,havoc,36,18,18
Shadevon,wyrmrest-accord,1503,demonhunter,havoc,70,38,32
Dirtbag,tichondrius,1503,demonhunter,havoc,30,16,14
Darknezzl,ragnaros,1503,demonhunter,havoc,164,79,85
Soloqisthefu,blackrock,1502,demonhunter,havoc,30,17,13
Shvir,azralon,1501,demonhunter,havoc,69,40,29
Krelious,barthilas,1501,demonhunter,havoc,79,44,35
Foxdie,bonechewer,1501,demonhunter,havoc,161,84,77
Jhinskui,drakkari,1501,demonhunter,havoc,125,60,65
Vilal,dalaran,1500,demonhunter,havoc,75,47,28
Cocomeld,tichondrius,1499,demonhunter,havoc,57,31,26
Macacøbrr,azralon,1498,demonhunter,havoc,76,37,39
Arête,malganis,1496,demonhunter,havoc,127,58,69
Jàkê,area-52,1496,demonhunter,havoc,36,16,20
Diemonic,drakkari,1495,demonhunter,havoc,42,26,16
Openhard,stormrage,1495,demonhunter,havoc,36,16,20
Alli,bleeding-hollow,1494,demonhunter,havoc,69,39,30
Bogdan,azjolnerub,1494,demonhunter,havoc,96,49,47
Træt,emerald-dream,1494,demonhunter,havoc,83,42,41
Kenpop,tichondrius,1493,demonhunter,havoc,73,40,33
Qvibes,tichondrius,1493,demonhunter,havoc,30,16,14
Thgyjufdgh,smolderthorn,1493,demonhunter,havoc,109,55,54
Muerto,suramar,1493,demonhunter,havoc,36,17,19
Schrute,bonechewer,1492,demonhunter,havoc,78,45,33
Cyånan,bleeding-hollow,1492,demonhunter,havoc,41,23,18
Kêrbydh,frostmourne,1491,demonhunter,havoc,175,100,75
Duhan,tichondrius,1491,demonhunter,havoc,350,184,166
Scriptyscrip,dark-iron,1491,demonhunter,havoc,192,86,106
Halleblurry,dalaran,1490,demonhunter,havoc,108,56,52
Zigzagrat,sargeras,1490,demonhunter,havoc,89,44,45
Croisoi,ragnaros,1490,demonhunter,havoc,78,38,40
Creãtuss,area-52,1489,demonhunter,havoc,85,43,42
Ðamageinc,emerald-dream,1488,demonhunter,havoc,27,17,10
Varthalos,thrall,1488,demonhunter,havoc,162,91,71
Madblader,tichondrius,1488,demonhunter,havoc,112,57,55
Khanlu,bleeding-hollow,1488,demonhunter,havoc,59,29,30
Rôrônôâzôrô,stormrage,1488,demonhunter,havoc,77,37,40
Joegamer,illidan,1487,demonhunter,havoc,90,44,46
Dashxo,tichondrius,1487,demonhunter,havoc,36,17,19
Dmonslayer,daggerspine,1487,demonhunter,havoc,66,26,40
Nekrosdaeva,zuljin,1486,demonhunter,havoc,115,62,53
Orgasmia,tichondrius,1486,demonhunter,havoc,106,32,74
Zéhoc,thrall,1484,demonhunter,havoc,54,35,19
Nezaah,area-52,1484,demonhunter,havoc,29,16,13
Knuckifubuck,frostwolf,1484,demonhunter,havoc,160,83,77
Jackieburton,stormrage,1484,demonhunter,havoc,36,18,18
Mintjoa,tichondrius,1483,demonhunter,havoc,36,18,18
Râkê,malganis,1483,demonhunter,havoc,42,20,22
Yaakee,tichondrius,1481,demonhunter,havoc,120,69,51
Businessmaam,malganis,1481,demonhunter,havoc,42,22,20
Tøwers,aegwynn,1481,demonhunter,havoc,227,117,110
Vegan,magtheridon,1480,demonhunter,havoc,96,57,39
Häruun,quelthalas,1480,demonhunter,havoc,59,32,27
Lxg,kelthuzad,1480,demonhunter,havoc,30,16,14
Illadòng,bonechewer,1480,demonhunter,havoc,38,17,21
Falaisper,tichondrius,1479,demonhunter,havoc,54,32,22
Irezumi,icecrown,1479,demonhunter,havoc,36,20,16
Eugenyackle,bleeding-hollow,1479,demonhunter,havoc,149,81,68
Allkillall,tichondrius,1479,demonhunter,havoc,42,19,23
Elillidan,emerald-dream,1477,demonhunter,havoc,42,22,20
Antaris,stonemaul,1474,demonhunter,havoc,78,37,41
Layli,azralon,1473,demonhunter,havoc,70,43,27
Eazyrat,stormrage,1472,demonhunter,havoc,66,42,24
Gravebirth,tichondrius,1472,demonhunter,havoc,85,47,38
Huntoneshot,bleeding-hollow,1471,demonhunter,havoc,91,48,43
Intensè,proudmoore,1471,demonhunter,havoc,77,38,39
Dlone,sargeras,1470,demonhunter,havoc,103,57,46
Spasmodiic,illidan,1470,demonhunter,havoc,63,32,31
Sëlene,antonidas,1470,demonhunter,havoc,114,56,58
Dzdh,stormrage,1469,demonhunter,havoc,34,16,18
Kegu,stormrage,1469,demonhunter,havoc,54,20,34
Sashasilver,frostmourne,1468,demonhunter,havoc,64,31,33
Demonqt,blackrock,1466,demonhunter,havoc,60,26,34
Ïtzpåpåløtl,tichondrius,1464,demonhunter,havoc,77,38,39
Yqpro,tichondrius,1463,demonhunter,havoc,143,71,72
Rolphi,illidan,1463,demonhunter,havoc,42,19,23
Kellox,ragnaros,1463,demonhunter,havoc,48,21,27
Derelikte,shadowmoon,1462,demonhunter,havoc,34,20,14
Catastrophis,tichondrius,1462,demonhunter,havoc,74,41,33
Emeress,illidan,1462,demonhunter,havoc,115,54,61
Eery,tichondrius,1461,demonhunter,havoc,71,35,36
Doomtots,kelthuzad,1460,demonhunter,havoc,30,17,13
Flyudzhin,azgalor,1460,demonhunter,havoc,153,71,82
Sternhunt,khadgar,1460,demonhunter,havoc,84,38,46
Ixix,proudmoore,1459,demonhunter,havoc,164,91,73
Røllnautløw,aegwynn,1458,demonhunter,havoc,49,30,19
Rem,stormrage,1458,demonhunter,havoc,93,53,40
Exequion,ragnaros,1458,demonhunter,havoc,212,114,98
Vespherie,moon-guard,1457,demonhunter,havoc,207,114,93
Felraven,scarlet-crusade,1457,demonhunter,havoc,57,31,26
Gazza,eldrethalas,1457,demonhunter,havoc,66,34,32
Demonfused,illidan,1457,demonhunter,havoc,84,43,41
Yåkuza,daggerspine,1457,demonhunter,havoc,246,122,124
Felseal,frostmourne,1456,demonhunter,havoc,53,34,19
Nepzz,stormrage,1456,demonhunter,havoc,95,52,43
Brútalgore,area-52,1456,demonhunter,havoc,266,133,133
Bofxo,sargeras,1456,demonhunter,havoc,77,37,40
Xiaochicken,tichondrius,1455,demonhunter,havoc,127,65,62
Îllîdàn,tichondrius,1455,demonhunter,havoc,99,48,51
Kenmu,ragnaros,1455,demonhunter,havoc,121,52,69
Loadedtruck,frostmourne,1454,demonhunter,havoc,101,58,43
Vipperis,stormrage,1454,demonhunter,havoc,80,41,39
Diëgo,gallywix,1453,demonhunter,havoc,36,20,16
Valka,emerald-dream,1452,demonhunter,havoc,177,93,84
Enfirok,duskwood,1452,demonhunter,havoc,417,211,206
Draagee,lothar,1452,demonhunter,havoc,55,26,29
Hellnkeller,tichondrius,1452,demonhunter,havoc,83,36,47
Metabeam,tichondrius,1451,demonhunter,havoc,54,34,20
Anatema,illidan,1451,demonhunter,havoc,171,89,82
Torophz,azralon,1451,demonhunter,havoc,66,31,35
Xillidan,area-52,1450,demonhunter,havoc,112,70,42
Cherlas,blood-furnace,1450,demonhunter,havoc,105,57,48
Ylydary,ragnaros,1450,demonhunter,havoc,176,92,84
Kisurazgudbi,bleeding-hollow,1450,demonhunter,havoc,36,16,20
Madatya,black-dragonflight,1449,demonhunter,havoc,48,25,23
Alphatoo,area-52,1448,demonhunter,havoc,70,34,36
Motutu,frostmourne,1448,demonhunter,havoc,70,32,38
Imwhack,frostmane,1447,demonhunter,havoc,113,55,58
Savetar,thrall,1446,demonhunter,havoc,105,54,51
Bucx,barthilas,1445,demonhunter,havoc,60,36,24
Khaodemus,kaelthas,1445,demonhunter,havoc,36,21,15
Wokeaf,malganis,1445,demonhunter,havoc,47,19,28
Ralløszek,illidan,1444,demonhunter,havoc,90,46,44
Talyethsam,shadowsong,1444,demonhunter,havoc,74,37,37
Pressinghunt,tichondrius,1444,demonhunter,havoc,35,16,19
Kúrama,tichondrius,1443,demonhunter,havoc,90,54,36
Ronkasprince,thunderlord,1443,demonhunter,havoc,128,62,66
Mybus,tichondrius,1443,demonhunter,havoc,105,49,56
Esomet,stormrage,1442,demonhunter,havoc,81,50,31
Faphunter,illidan,1441,demonhunter,havoc,87,50,37
Vandeste,tichondrius,1441,demonhunter,havoc,42,17,25
Foopaloopa,kelthuzad,1440,demonhunter,havoc,48,22,26
Sourlime,stormrage,1440,demonhunter,havoc,41,18,23
Sorrybadgas,illidan,1440,demonhunter,havoc,60,24,36
Zerotwox,thrall,1440,demonhunter,havoc,60,23,37
Illusiondh,tichondrius,1439,demonhunter,havoc,169,95,74
Kaelidan,kelthuzad,1439,demonhunter,havoc,129,71,58
Aszurra,bleeding-hollow,1438,demonhunter,havoc,53,38,15
Wowomg,tichondrius,1438,demonhunter,havoc,71,37,34
Jaysavage,eitrigg,1438,demonhunter,havoc,137,68,69
Molchamp,kelthuzad,1438,demonhunter,havoc,60,27,33
Feelmybush,barthilas,1438,demonhunter,havoc,78,32,46
Lravanal,quelthalas,1437,demonhunter,havoc,30,20,10
Rhadê,ragnaros,1437,demonhunter,havoc,36,18,18
Callux,black-dragonflight,1437,demonhunter,havoc,72,34,38
Hàuntress,saurfang,1436,demonhunter,havoc,127,68,59
ßlurr,moon-guard,1435,demonhunter,havoc,114,63,51
Genruis,area-52,1435,demonhunter,havoc,73,37,36
Xibir,amanthul,1435,demonhunter,havoc,54,27,27
Freyvin,emerald-dream,1434,demonhunter,havoc,139,68,71
Beastsburdun,zuljin,1433,demonhunter,havoc,24,15,9
Adryr,eredar,1433,demonhunter,havoc,88,53,35
Backtolumby,bleeding-hollow,1433,demonhunter,havoc,65,36,29
Gogungho,tichondrius,1433,demonhunter,havoc,30,15,15
Broneill,blood-furnace,1433,demonhunter,havoc,199,98,101
Ocão,azralon,1433,demonhunter,havoc,88,43,45
Felfright,sargeras,1433,demonhunter,havoc,41,18,23
Crankbaz,malganis,1433,demonhunter,havoc,60,26,34
Hollowxo,tichondrius,1432,demonhunter,havoc,30,15,15
Rza,dreadmaul,1432,demonhunter,havoc,75,35,40
Zergedh,kiljaeden,1432,demonhunter,havoc,41,18,23
Kungfudh,illidan,1432,demonhunter,havoc,40,16,24
Zztzz,illidan,1431,demonhunter,havoc,30,15,15
Kyuno,eitrigg,1431,demonhunter,havoc,60,28,32
Xenosa,kiljaeden,1431,demonhunter,havoc,36,16,20
Behemod,thrall,1431,demonhunter,havoc,42,16,26
Darkterrôr,sargeras,1430,demonhunter,havoc,27,16,11
Kereses,bonechewer,1430,demonhunter,havoc,99,58,41
Zradda,zuljin,1430,demonhunter,havoc,58,24,34
Unjusthunt,magtheridon,1429,demonhunter,havoc,30,15,15
Egirlhunter,echo-isles,1429,demonhunter,havoc,30,15,15
Zunfooki,stormrage,1428,demonhunter,havoc,54,27,27
Memebeam,emerald-dream,1428,demonhunter,havoc,30,15,15
Iim,tichondrius,1428,demonhunter,havoc,87,35,52
Roat,malganis,1428,demonhunter,havoc,80,30,50
Onigirix,area-52,1427,demonhunter,havoc,87,42,45
Mysteryastor,tichondrius,1427,demonhunter,havoc,92,44,48
Koodachicken,kul-tiras,1427,demonhunter,havoc,43,19,24
Margerie,bleeding-hollow,1426,demonhunter,havoc,192,101,91
Midewdh,proudmoore,1426,demonhunter,havoc,54,28,26
Chînchîn,kelthuzad,1426,demonhunter,havoc,37,19,18
Demonaco,tichondrius,1426,demonhunter,havoc,52,19,33
Tyrelara,durotan,1425,demonhunter,havoc,35,20,15
Jiujitsuu,bleeding-hollow,1425,demonhunter,havoc,67,29,38
Ariaxy,sargeras,1424,demonhunter,havoc,24,15,9
Goldsgym,boulderfist,1424,demonhunter,havoc,28,17,11
Sciatic,area-52,1424,demonhunter,havoc,74,35,39
Postodesaúde,azralon,1424,demonhunter,havoc,36,15,21
Nightshadeia,tichondrius,1423,demonhunter,havoc,36,15,21
Koverage,frostmourne,1422,demonhunter,havoc,24,15,9
Chandrian,gorefiend,1422,demonhunter,havoc,40,16,24
Naelaksa,tichondrius,1421,demonhunter,havoc,48,20,28
Chamuki,greymane,1421,demonhunter,havoc,42,15,27
Kêydën,ragnaros,1420,demonhunter,havoc,70,47,23
Fiebzz,queldorei,1420,demonhunter,havoc,32,20,12
Felshiv,azralon,1420,demonhunter,havoc,153,78,75
Seahawkk,tichondrius,1420,demonhunter,havoc,77,33,44
Pigmah,malganis,1420,demonhunter,havoc,40,17,23
Creamboi,stormrage,1419,demonhunter,havoc,34,19,15
Swarlee,kiljaeden,1419,demonhunter,havoc,101,56,45
Adhdh,haomarush,1418,demonhunter,havoc,24,15,9
Viismoke,thaurissan,1418,demonhunter,havoc,48,28,20
Bezmon,silvermoon,1418,demonhunter,havoc,54,31,23
Crtiicosdh,madoran,1418,demonhunter,havoc,36,17,19
Katrashin,drakkari,1416,demonhunter,havoc,30,16,14
Bijix,area-52,1415,demonhunter,havoc,57,37,20
Skace,jubeithos,1415,demonhunter,havoc,168,90,78
Inntty,barthilas,1415,demonhunter,havoc,260,136,124
Dearborn,frostmourne,1415,demonhunter,havoc,65,34,31
Ikilldemonz,thrall,1415,demonhunter,havoc,42,19,23
Xlash,malganis,1415,demonhunter,havoc,45,20,25
Nicodine,tichondrius,1414,demonhunter,havoc,69,36,33
Shasha,tichondrius,1414,demonhunter,havoc,36,18,18
Christensen,illidan,1413,demonhunter,havoc,114,66,48
Tickelfist,zuljin,1413,demonhunter,havoc,115,59,56
Mjin,tichondrius,1412,demonhunter,havoc,102,49,53
Erandrida,frostmourne,1412,demonhunter,havoc,114,53,61
Cheriste,malganis,1412,demonhunter,havoc,38,16,22
Greent,stormrage,1411,demonhunter,havoc,72,43,29
Deemoogorgon,goldrinn,1411,demonhunter,havoc,53,28,25
Grizzop,sargeras,1411,demonhunter,havoc,120,59,61
Numrasiel,drakkari,1411,demonhunter,havoc,89,39,50
Oxyoxy,illidan,1410,demonhunter,havoc,37,23,14
Halftruth,stormrage,1410,demonhunter,havoc,64,35,29
Vyndrestan,dalaran,1410,demonhunter,havoc,30,15,15
Zykxz,darrowmere,1410,demonhunter,havoc,57,24,33
Colinn,illidan,1409,demonhunter,havoc,42,25,17
Darthrobio,tichondrius,1407,demonhunter,havoc,56,32,24
Tharzadan,quelthalas,1407,demonhunter,havoc,89,46,43
Chaosfienddh,bleeding-hollow,1406,demonhunter,havoc,41,16,25
Oddlysimple,korgath,1405,demonhunter,havoc,30,15,15
Missjotab,tichondrius,1405,demonhunter,havoc,108,50,58
Ogmon,tichondrius,1404,demonhunter,havoc,47,27,20
Sektõr,dalaran,1404,demonhunter,havoc,54,28,26
Itachiix,sargeras,1403,demonhunter,havoc,72,45,27
Snaped,tichondrius,1403,demonhunter,havoc,90,53,37
Sloôtybag,tichondrius,1403,demonhunter,havoc,90,44,46
Swoffordsr,tichondrius,1401,demonhunter,havoc,64,35,29
Omgshesocute,hyjal,1401,demonhunter,havoc,40,21,19
Yodiegang,nazgrel,1400,demonhunter,havoc,24,15,9
Demonicfish,malganis,1400,demonhunter,havoc,72,40,32
Vaxs,moon-guard,1400,demonhunter,havoc,217,118,99
Plasticbagel,frostmourne,1400,demonhunter,havoc,102,53,49
Xavierdh,blackrock,1400,demonhunter,havoc,81,42,39
Gomesdhunter,azralon,1400,demonhunter,havoc,116,59,57
Hyperaids,sargeras,1400,demonhunter,havoc,142,72,70
Gohamx,illidan,1400,demonhunter,havoc,116,55,61
Durello,stormrage,1399,demonhunter,havoc,148,78,70
Noxon,stormrage,1399,demonhunter,havoc,154,79,75
Telmordrin,azralon,1399,demonhunter,havoc,98,49,49
Daedroth,thrall,1398,demonhunter,havoc,84,48,36
Wsickformula,gilneas,1398,demonhunter,havoc,181,90,91
Demonfuji,proudmoore,1396,demonhunter,havoc,42,22,20
Softkyll,area-52,1396,demonhunter,havoc,571,291,280
Phoébé,drakkari,1394,demonhunter,havoc,36,19,17
Gwendanzig,zangarmarsh,1393,demonhunter,havoc,114,56,58
Ehrapist,kelthuzad,1393,demonhunter,havoc,42,20,22
Devilkon,tichondrius,1392,demonhunter,havoc,88,43,45
Sarconys,thrall,1392,demonhunter,havoc,56,27,29
Sekiro,illidan,1391,demonhunter,havoc,47,25,22
Bobgoulantt,tichondrius,1391,demonhunter,havoc,308,161,147
Vida,winterhoof,1391,demonhunter,havoc,60,29,31
Loreney,quelthalas,1391,demonhunter,havoc,229,109,120
Keepr,tichondrius,1390,demonhunter,havoc,31,20,11
Hoein,eldrethalas,1390,demonhunter,havoc,137,76,61
Glayve,emerald-dream,1390,demonhunter,havoc,189,101,88
Hugehogger,boulderfist,1390,demonhunter,havoc,30,15,15
Ghótam,quelthalas,1389,demonhunter,havoc,54,29,25
Papaelf,thunderlord,1388,demonhunter,havoc,90,49,41
Hqq,illidan,1388,demonhunter,havoc,60,30,30
Maisus,illidan,1388,demonhunter,havoc,36,16,20
Roesh,amanthul,1388,demonhunter,havoc,39,15,24
Iralyna,frostmane,1386,demonhunter,havoc,70,40,30
Adycatt,illidan,1385,demonhunter,havoc,72,37,35
Çummins,malganis,1384,demonhunter,havoc,90,54,36
Thèflurry,tichondrius,1384,demonhunter,havoc,35,15,20
Kushidari,tichondrius,1383,demonhunter,havoc,215,113,102
Hawkowicz,tichondrius,1383,demonhunter,havoc,343,175,168
Kasseater,stormrage,1383,demonhunter,havoc,40,15,25
Dejay,thunderhorn,1381,demonhunter,havoc,90,51,39
Mavèrick,thrall,1381,demonhunter,havoc,81,37,44
Telrindyl,moon-guard,1380,demonhunter,havoc,144,81,63
Stavroseus,area-52,1380,demonhunter,havoc,42,23,19
Niteclawla,illidan,1380,demonhunter,havoc,30,15,15
Aomo,area-52,1379,demonhunter,havoc,41,26,15
Jotalejandro,quelthalas,1379,demonhunter,havoc,107,53,54
Onií,bleeding-hollow,1379,demonhunter,havoc,35,17,18
Absinith,jubeithos,1378,demonhunter,havoc,66,37,29
Hornedelf,frostmourne,1377,demonhunter,havoc,53,29,24
Xonu,sargeras,1377,demonhunter,havoc,36,17,19
Clutch,spirestone,1377,demonhunter,havoc,42,19,23
Rawdogginit,stormscale,1376,demonhunter,havoc,24,15,9
Violegrace,area-52,1376,demonhunter,havoc,106,51,55
Doublepenn,tichondrius,1376,demonhunter,havoc,94,43,51
Sourbooger,illidan,1376,demonhunter,havoc,43,19,24
Blomi,stormrage,1376,demonhunter,havoc,48,21,27
Villumninati,tichondrius,1375,demonhunter,havoc,48,27,21
Bogged,emerald-dream,1375,demonhunter,havoc,39,19,20
Necrødh,tichondrius,1374,demonhunter,havoc,75,42,33
Nisea,malganis,1374,demonhunter,havoc,48,21,27
Vlääd,ragnaros,1373,demonhunter,havoc,210,100,110
Catharsis,onyxia,1373,demonhunter,havoc,71,30,41
Døømblade,misha,1372,demonhunter,havoc,31,20,11
Petty,moon-guard,1371,demonhunter,havoc,54,31,23
Mördredd,quelthalas,1371,demonhunter,havoc,94,43,51
Metagoblin,tichondrius,1370,demonhunter,havoc,36,16,20
Drschna,emerald-dream,1369,demonhunter,havoc,80,41,39
Fweeballin,kiljaeden,1369,demonhunter,havoc,63,29,34
Kazdh,sargeras,1367,demonhunter,havoc,66,34,32
Scarshine,frostmourne,1367,demonhunter,havoc,274,136,138
Chromatïc,jubeithos,1367,demonhunter,havoc,120,56,64
Ravack,stormrage,1367,demonhunter,havoc,35,15,20
Winlegend,gallywix,1367,demonhunter,havoc,58,22,36
Thêpunisher,ragnaros,1366,demonhunter,havoc,148,75,73
Chaz,blood-furnace,1366,demonhunter,havoc,36,16,20
Jellous,rivendare,1366,demonhunter,havoc,42,17,25
Taters,gorefiend,1364,demonhunter,havoc,60,33,27
Andein,dalaran,1364,demonhunter,havoc,46,25,21
Bronaanas,tichondrius,1364,demonhunter,havoc,34,15,19
Hurtfeelings,emerald-dream,1363,demonhunter,havoc,30,21,9
Methany,saurfang,1362,demonhunter,havoc,105,48,57
Jackk,nordrassil,1361,demonhunter,havoc,56,28,28
Warglaîve,illidan,1360,demonhunter,havoc,78,37,41
Miroir,silvermoon,1359,demonhunter,havoc,280,139,141
Blinddh,bleeding-hollow,1359,demonhunter,havoc,59,29,30
Rânkle,darkspear,1358,demonhunter,havoc,52,28,24
Felbreak,stormrage,1358,demonhunter,havoc,72,35,37
Cigåro,thrall,1358,demonhunter,havoc,66,30,36
Sapsalgae,tichondrius,1358,demonhunter,havoc,76,32,44
Yedeme,tichondrius,1357,demonhunter,havoc,130,61,69
Moredread,sargeras,1356,demonhunter,havoc,60,29,31
Véñom,area-52,1355,demonhunter,havoc,102,38,64
Illifujitora,wyrmrest-accord,1354,demonhunter,havoc,30,16,14
Allyrian,sargeras,1354,demonhunter,havoc,186,96,90
Kakster,tichondrius,1353,demonhunter,havoc,113,59,54
Lonelydusk,zangarmarsh,1353,demonhunter,havoc,64,30,34
Dbljump,kiljaeden,1352,demonhunter,havoc,56,26,30
Aleira,frostwolf,1351,demonhunter,havoc,82,45,37
Ziyàl,vashj,1351,demonhunter,havoc,48,23,25
Suhui,sargeras,1349,demonhunter,havoc,47,20,27
Lostsoulzz,tichondrius,1348,demonhunter,havoc,57,33,24
Erazuz,stormrage,1348,demonhunter,havoc,108,54,54
Bodemön,stormrage,1346,demonhunter,havoc,36,18,18
Imrealgez,wyrmrest-accord,1345,demonhunter,havoc,30,16,14
Ergzydh,frostmourne,1345,demonhunter,havoc,84,36,48
Láskó,area-52,1344,demonhunter,havoc,33,21,12
Heptabase,tichondrius,1344,demonhunter,havoc,49,24,25
Soupwoup,moon-guard,1344,demonhunter,havoc,75,36,39
Sköhl,quelthalas,1344,demonhunter,havoc,120,57,63
Chupillidan,tichondrius,1344,demonhunter,havoc,36,16,20
Inkubuz,sargeras,1343,demonhunter,havoc,190,97,93
Demonsemble,illidan,1343,demonhunter,havoc,30,14,16
Thegoph,bleeding-hollow,1343,demonhunter,havoc,30,14,16
Wuya,thrall,1343,demonhunter,havoc,34,15,19
Hellrazer,azgalor,1343,demonhunter,havoc,39,17,22
Kokushiibo,frostwolf,1342,demonhunter,havoc,24,14,10
Riskerdog,tichondrius,1342,demonhunter,havoc,30,14,16
Gosrend,durotan,1342,demonhunter,havoc,79,32,47
Beerbreak,area-52,1342,demonhunter,havoc,42,14,28
Zackfair,burning-legion,1341,demonhunter,havoc,135,64,71
Momysimpypoo,tichondrius,1340,demonhunter,havoc,24,18,6
Øñî,moon-guard,1340,demonhunter,havoc,24,15,9
Çópê,sargeras,1340,demonhunter,havoc,24,14,10
Amdusias,darkspear,1340,demonhunter,havoc,61,31,30
Bellysniffer,illidan,1340,demonhunter,havoc,30,14,16
Jarlzdort,zuljin,1340,demonhunter,havoc,52,23,29
Projectalice,malganis,1340,demonhunter,havoc,42,14,28
Demondubya,illidan,1339,demonhunter,havoc,28,15,13
Cascadingeye,emerald-dream,1339,demonhunter,havoc,98,50,48
Bomp,illidan,1339,demonhunter,havoc,30,14,16
Jersey,proudmoore,1338,demonhunter,havoc,35,20,15
Refractx,illidan,1338,demonhunter,havoc,135,69,66
Misakidh,sargeras,1338,demonhunter,havoc,30,14,16
Paypaldh,malganis,1338,demonhunter,havoc,30,14,16
Kellytgt,perenolde,1337,demonhunter,havoc,155,79,76
Aethrys,amanthul,1335,demonhunter,havoc,102,52,50
Saelila,emerald-dream,1335,demonhunter,havoc,63,32,31
Onewhoknox,mannoroth,1335,demonhunter,havoc,276,139,137
Mudßutt,malganis,1335,demonhunter,havoc,36,14,22
Kimjonguun,tichondrius,1334,demonhunter,havoc,41,26,15
Qualitycaulk,tichondrius,1334,demonhunter,havoc,24,14,10
Nurzal,malganis,1334,demonhunter,havoc,72,32,40
Dulcibella,tichondrius,1333,demonhunter,havoc,24,14,10
Xenious,terokkar,1333,demonhunter,havoc,24,14,10
Tevodh,malganis,1333,demonhunter,havoc,44,25,19
Felhunt,ragnaros,1333,demonhunter,havoc,36,15,21
Feliodas,tichondrius,1333,demonhunter,havoc,36,14,22
Nubishe,jubeithos,1332,demonhunter,havoc,110,51,59
Evros,tichondrius,1331,demonhunter,havoc,170,93,77
Melantharia,wyrmrest-accord,1331,demonhunter,havoc,30,14,16
Oriondh,frostmourne,1331,demonhunter,havoc,30,14,16
Ottie,kelthuzad,1330,demonhunter,havoc,18,14,4
Vikingtog,nemesis,1330,demonhunter,havoc,30,15,15
Majnun,moon-guard,1330,demonhunter,havoc,65,30,35
Hellrunner,magtheridon,1329,demonhunter,havoc,72,38,34
Salomesalvi,proudmoore,1328,demonhunter,havoc,54,30,24
Celestiel,cenarion-circle,1327,demonhunter,havoc,72,37,35
Këÿz,earthen-ring,1327,demonhunter,havoc,36,17,19
Selindraeda,azralon,1326,demonhunter,havoc,24,15,9
Danyohl,kelthuzad,1326,demonhunter,havoc,24,14,10
Mondwin,kelthuzad,1326,demonhunter,havoc,30,14,16
Demonhunturd,malfurion,1326,demonhunter,havoc,30,14,16
Elevateztko,stormrage,1326,demonhunter,havoc,36,16,20
Falsewave,sargeras,1324,demonhunter,havoc,96,56,40
Faster,tichondrius,1324,demonhunter,havoc,40,16,24
Creamin,thrall,1323,demonhunter,havoc,24,15,9
Cresslina,tichondrius,1323,demonhunter,havoc,132,64,68
Moorzans,malganis,1322,demonhunter,havoc,35,21,14
Akiirus,azralon,1322,demonhunter,havoc,30,15,15
Zévron,area-52,1322,demonhunter,havoc,54,26,28
Cosbied,area-52,1322,demonhunter,havoc,48,19,29
Leravil,drakkari,1321,demonhunter,havoc,54,31,23
Kälec,drakkari,1321,demonhunter,havoc,109,59,50
Mortiria,dalaran,1320,demonhunter,havoc,115,56,59
Kitnix,proudmoore,1319,demonhunter,havoc,49,24,25
Vellestia,argent-dawn,1319,demonhunter,havoc,148,65,83
Onbloodfam,kelthuzad,1318,demonhunter,havoc,45,22,23
Rorac,ragnaros,1318,demonhunter,havoc,105,49,56
Felsa,wyrmrest-accord,1318,demonhunter,havoc,36,14,22
Pilyn,ragnaros,1317,demonhunter,havoc,158,81,77
Meatslayer,sargeras,1317,demonhunter,havoc,48,22,26
Vognum,quelthalas,1315,demonhunter,havoc,33,18,15
Litzilla,thrall,1315,demonhunter,havoc,42,20,22
Grumblepuppy,hyjal,1315,demonhunter,havoc,59,24,35
Szyvrax,moon-guard,1314,demonhunter,havoc,30,14,16
Crypsys,illidan,1314,demonhunter,havoc,42,18,24
Sicklyslick,frostmourne,1313,demonhunter,havoc,25,15,10
Metallíca,zuljin,1312,demonhunter,havoc,35,17,18
Cholula,korgath,1312,demonhunter,havoc,42,20,22
Valdiran,duskwood,1312,demonhunter,havoc,77,33,44
Noctemdh,tichondrius,1312,demonhunter,havoc,75,32,43
Pupupoo,tichondrius,1311,demonhunter,havoc,132,68,64
Malviciouss,tichondrius,1311,demonhunter,havoc,101,48,53
Blurnomnom,bleeding-hollow,1311,demonhunter,havoc,30,14,16
Helixe,anvilmar,1311,demonhunter,havoc,42,19,23
Unóhana,drakkari,1310,demonhunter,havoc,36,17,19
Smokahontas,eredar,1309,demonhunter,havoc,24,14,10
Mázoku,shuhalo,1309,demonhunter,havoc,41,20,21
Lucipur,thrall,1309,demonhunter,havoc,36,15,21
Yogo,tichondrius,1309,demonhunter,havoc,52,21,31
Darthmah,illidan,1308,demonhunter,havoc,47,28,19
Vizionz,emerald-dream,1304,demonhunter,havoc,105,54,51
Tekkamanevil,tichondrius,1304,demonhunter,havoc,270,134,136
Demonlord,shattered-hand,1304,demonhunter,havoc,77,37,40
Devilspawnss,barthilas,1302,demonhunter,havoc,52,23,29
Vërdugo,ragnaros,1300,demonhunter,havoc,28,16,12
Belial,haomarush,1299,demonhunter,havoc,54,28,26
Relaxnerdss,bleeding-hollow,1298,demonhunter,havoc,24,14,10
Litan,ragnaros,1298,demonhunter,havoc,30,16,14
Muerdun,tichondrius,1298,demonhunter,havoc,56,28,28
Thechaz,bleeding-hollow,1297,demonhunter,havoc,66,40,26
Airaxx,moon-guard,1294,demonhunter,havoc,39,20,19
Lovekills,tichondrius,1293,demonhunter,havoc,55,31,24
Shallah,barthilas,1293,demonhunter,havoc,66,30,36
Silvs,illidan,1291,demonhunter,havoc,244,131,113
Ozark,barthilas,1290,demonhunter,havoc,130,75,55
Verméil,tichondrius,1289,demonhunter,havoc,48,22,26
Lixthing,ragnaros,1288,demonhunter,havoc,74,48,26
Moylecrumbs,stormrage,1288,demonhunter,havoc,129,58,71
Dripht,stormrage,1288,demonhunter,havoc,72,32,40
Zephim,area-52,1288,demonhunter,havoc,46,20,26
Rustyanchor,malganis,1287,demonhunter,havoc,46,24,22
Chungg,laughing-skull,1287,demonhunter,havoc,30,15,15
Letzgobrandn,silvermoon,1286,demonhunter,havoc,24,15,9
Vtwelve,sargeras,1286,demonhunter,havoc,24,15,9
Schishkabob,archimonde,1286,demonhunter,havoc,42,21,21
Kuzykiller,tichondrius,1286,demonhunter,havoc,61,29,32
Artemisleto,tichondrius,1285,demonhunter,havoc,108,52,56
Sillyslayadk,moon-guard,1284,demonhunter,havoc,180,97,83
Vwap,tichondrius,1284,demonhunter,havoc,29,14,15
Siicknote,frostmourne,1284,demonhunter,havoc,29,14,15
Illidice,tichondrius,1281,demonhunter,havoc,60,28,32
Jámès,area-52,1281,demonhunter,havoc,30,14,16
Ashtyr,emerald-dream,1280,demonhunter,havoc,80,40,40
Facerollfel,tichondrius,1280,demonhunter,havoc,30,14,16
Thunderray,ragnaros,1279,demonhunter,havoc,60,30,30
Pegásus,kiljaeden,1278,demonhunter,havoc,34,21,13
Krizo,frostmourne,1278,demonhunter,havoc,58,30,28
Pariah,saurfang,1278,demonhunter,havoc,65,28,37
Rewyle,magtheridon,1278,demonhunter,havoc,53,19,34
Mursiless,drenden,1277,demonhunter,havoc,52,27,25
Trituone,ragnaros,1277,demonhunter,havoc,204,102,102
Ralrdh,ragnaros,1277,demonhunter,havoc,300,149,151
Rosamune,kelthuzad,1277,demonhunter,havoc,53,20,33
Cleår,kelthuzad,1276,demonhunter,havoc,26,15,11
Franklinmvdh,stormrage,1276,demonhunter,havoc,29,15,14
Pradaboi,tichondrius,1276,demonhunter,havoc,75,38,37
Dakro,blackrock,1275,demonhunter,havoc,68,34,34
Falaszun,aegwynn,1275,demonhunter,havoc,32,16,16
Sylenah,hyjal,1273,demonhunter,havoc,30,14,16
Soulsteall,tichondrius,1271,demonhunter,havoc,48,28,20
Valàk,bleeding-hollow,1271,demonhunter,havoc,30,14,16
Felbottom,tichondrius,1270,demonhunter,havoc,79,47,32
Fugabag,thrall,1270,demonhunter,havoc,86,39,47
Llrebelionll,stormrage,1269,demonhunter,havoc,30,20,10
Lucati,nemesis,1269,demonhunter,havoc,33,15,18
Whataboutbob,korgath,1268,demonhunter,havoc,36,14,22
Scanktilly,tichondrius,1267,demonhunter,havoc,74,41,33
Killmongeer,tichondrius,1267,demonhunter,havoc,63,32,31
Onlypain,korgath,1267,demonhunter,havoc,80,37,43
Dakkemon,zuljin,1267,demonhunter,havoc,62,24,38
Strickdaddy,hyjal,1265,demonhunter,havoc,90,43,47
Tytanitarr,tichondrius,1265,demonhunter,havoc,43,19,24
Yønkou,stormrage,1264,demonhunter,havoc,143,70,73
Haax,azralon,1264,demonhunter,havoc,36,15,21
Throniren,stormrage,1263,demonhunter,havoc,72,32,40
Dhunterkofwa,tichondrius,1263,demonhunter,havoc,47,18,29
Skilla,frostmourne,1262,demonhunter,havoc,91,45,46
Aedice,gurubashi,1262,demonhunter,havoc,36,17,19
Warglaives,dreadmaul,1262,demonhunter,havoc,84,36,48
Howller,azralon,1261,demonhunter,havoc,39,18,21
Nolights,moon-guard,1261,demonhunter,havoc,192,86,106
Elenamarth,kiljaeden,1260,demonhunter,havoc,108,53,55
Flyhacks,tichondrius,1259,demonhunter,havoc,31,14,17
Pollux,area-52,1259,demonhunter,havoc,93,41,52
Dömönic,illidan,1257,demonhunter,havoc,36,19,17
Rizzaarrdd,tichondrius,1257,demonhunter,havoc,148,74,74
Eullz,skullcrusher,1257,demonhunter,havoc,31,14,17
Rolecheck,tichondrius,1256,demonhunter,havoc,58,29,29
Xà,sargeras,1256,demonhunter,havoc,36,14,22
Leonardol,quelthalas,1255,demonhunter,havoc,39,24,15
Deepde,tichondrius,1254,demonhunter,havoc,54,26,28
Rauwèrs,azralon,1251,demonhunter,havoc,125,66,59
Intensìve,illidan,1250,demonhunter,havoc,266,122,144
Ryzhe,ragnaros,1249,demonhunter,havoc,30,15,15
Mårth,caelestrasz,1248,demonhunter,havoc,48,25,23
Roughins,chogall,1248,demonhunter,havoc,79,41,38
Twodxoxo,kelthuzad,1248,demonhunter,havoc,30,14,16
Draxíus,tichondrius,1248,demonhunter,havoc,95,44,51
Covoth,bleeding-hollow,1248,demonhunter,havoc,51,20,31
Gilberte,stormrage,1248,demonhunter,havoc,48,15,33
Doomanone,sargeras,1247,demonhunter,havoc,24,13,11
Angelawhite,illidan,1247,demonhunter,havoc,90,44,46
Drathothian,moon-guard,1247,demonhunter,havoc,42,14,28
Slayup,area-52,1246,demonhunter,havoc,18,13,5
Daiks,proudmoore,1246,demonhunter,havoc,96,49,47
Dandreb,draenor,1246,demonhunter,havoc,53,26,27
Katchem,barthilas,1246,demonhunter,havoc,50,21,29
Kalikanzar,sargeras,1245,demonhunter,havoc,24,13,11
Báléríón,area-52,1245,demonhunter,havoc,107,54,53
Finnanutt,tichondrius,1245,demonhunter,havoc,32,15,17
Juantty,area-52,1245,demonhunter,havoc,33,15,18
Rykidh,tichondrius,1245,demonhunter,havoc,30,13,17
Äòégämîñg,stormrage,1245,demonhunter,havoc,36,13,23
Liarsenics,tichondrius,1244,demonhunter,havoc,24,13,11
Alizqt,ragnaros,1244,demonhunter,havoc,24,13,11
Belilia,barthilas,1244,demonhunter,havoc,48,25,23
Superbug,quelthalas,1244,demonhunter,havoc,96,48,48
Khelt,dalaran,1244,demonhunter,havoc,36,13,23
Íllidan,stormrage,1244,demonhunter,havoc,36,13,23
Baejuhyun,kiljaeden,1243,demonhunter,havoc,24,16,8
Furíøus,tichondrius,1242,demonhunter,havoc,18,13,5
Alganoth,malfurion,1242,demonhunter,havoc,124,59,65
Decoi,tichondrius,1241,demonhunter,havoc,24,13,11
Kimochinchin,ragnaros,1241,demonhunter,havoc,24,13,11
Iyren,sargeras,1240,demonhunter,havoc,18,13,5
Tydriedian,dalaran,1239,demonhunter,havoc,18,13,5
Illadra,fizzcrank,1239,demonhunter,havoc,59,33,26
Detrox,ragnaros,1239,demonhunter,havoc,68,28,40
Vázz,quelthalas,1238,demonhunter,havoc,47,24,23
Adayinthelif,proudmoore,1237,demonhunter,havoc,72,37,35
Ritz,moon-guard,1237,demonhunter,havoc,30,13,17
Zétta,area-52,1236,demonhunter,havoc,24,13,11
Moranah,tichondrius,1236,demonhunter,havoc,24,13,11
Xein,khazgoroth,1234,demonhunter,havoc,105,46,59
Maddummy,tichondrius,1234,demonhunter,havoc,30,13,17
Myelvénlady,shattered-hand,1234,demonhunter,havoc,30,13,17
Blckreaper,area-52,1233,demonhunter,havoc,54,27,27
Tattedandfab,stormrage,1233,demonhunter,havoc,108,46,62
Ozaiï,tichondrius,1233,demonhunter,havoc,60,20,40
Aflex,zuljin,1232,demonhunter,havoc,35,19,16
Giantryhard,tichondrius,1231,demonhunter,havoc,30,13,17
Imjustbad,malganis,1230,demonhunter,havoc,133,75,58
Chris,dreadmaul,1230,demonhunter,havoc,24,13,11
Dhrongor,drakkari,1230,demonhunter,havoc,24,13,11
Friel,magtheridon,1230,demonhunter,havoc,24,13,11
Syrena,mugthol,1230,demonhunter,havoc,36,18,18
Touchofchaos,dragonblight,1230,demonhunter,havoc,30,14,16
Lördvïngadør,azralon,1230,demonhunter,havoc,30,13,17
Asmoday,warsong,1229,demonhunter,havoc,149,82,67
Psicxs,ragnaros,1229,demonhunter,havoc,30,13,17
Pokoloko,twisting-nether,1229,demonhunter,havoc,73,30,43
Heallscrean,drakkari,1227,demonhunter,havoc,66,30,36
Uwantwar,dark-iron,1226,demonhunter,havoc,36,14,22
Aeonys,stormrage,1223,demonhunter,havoc,102,51,51
Furfur,undermine,1223,demonhunter,havoc,28,13,15
Raradane,illidan,1222,demonhunter,havoc,36,21,15
Nessinwary,ysera,1222,demonhunter,havoc,24,13,11
Veladoria,malorne,1222,demonhunter,havoc,48,23,25
Tezrian,earthen-ring,1221,demonhunter,havoc,24,13,11
Sorrenta,ragnaros,1221,demonhunter,havoc,27,14,13
Bushwacker,azralon,1221,demonhunter,havoc,38,16,22
Diversityabc,bleeding-hollow,1220,demonhunter,havoc,131,58,73
Jagidan,area-52,1220,demonhunter,havoc,31,13,18
Felle,burning-blade,1218,demonhunter,havoc,26,16,10
Shandras,dathremar,1218,demonhunter,havoc,24,13,11
Lachesix,tichondrius,1217,demonhunter,havoc,30,13,17
Devwillhuntu,barthilas,1216,demonhunter,havoc,80,42,38
Corth,area-52,1216,demonhunter,havoc,42,21,21
Elfofura,azralon,1216,demonhunter,havoc,118,54,64
Ðemascus,tichondrius,1216,demonhunter,havoc,36,15,21
Axyy,area-52,1215,demonhunter,havoc,24,14,10
Dkt,blood-furnace,1215,demonhunter,havoc,56,27,29
Feydore,stormrage,1214,demonhunter,havoc,77,47,30
Keelin,ragnaros,1212,demonhunter,havoc,28,13,15
Allenqt,azralon,1211,demonhunter,havoc,116,54,62
Mëñâçë,tichondrius,1210,demonhunter,havoc,25,13,12
Justinbaeber,barthilas,1210,demonhunter,havoc,32,14,18
Etherëäl,stormrage,1209,demonhunter,havoc,59,36,23
Demondrëad,lightbringer,1209,demonhunter,havoc,27,14,13
Diizy,illidan,1209,demonhunter,havoc,42,19,23
Demonbane,moon-guard,1208,demonhunter,havoc,84,41,43
Spamsamich,stormscale,1207,demonhunter,havoc,101,56,45
Fiziokratdh,ghostlands,1207,demonhunter,havoc,89,39,50
Ladaris,shadow-council,1207,demonhunter,havoc,41,13,28
Jënesis,illidan,1206,demonhunter,havoc,143,74,69
Zématador,azralon,1205,demonhunter,havoc,112,57,55
Polunochnaya,area-52,1205,demonhunter,havoc,58,24,34
Neecro,frostmourne,1204,demonhunter,havoc,158,76,82
Xxsozin,skullcrusher,1203,demonhunter,havoc,51,25,26
Demonkratoz,ragnaros,1203,demonhunter,havoc,61,24,37
Genifer,norgannon,1202,demonhunter,havoc,48,30,18
Hellspawnn,malganis,1200,demonhunter,havoc,50,27,23
Foodtruck,hellscream,1198,demonhunter,havoc,41,23,18
Zetsuwaffles,area-52,1198,demonhunter,havoc,29,13,16
Bastaghor,stormrage,1194,demonhunter,havoc,42,19,23
Furxi,illidan,1193,demonhunter,havoc,93,43,50
Waxy,emerald-dream,1191,demonhunter,havoc,68,31,37
Faalleen,quelthalas,1190,demonhunter,havoc,33,21,12
Felvanora,amanthul,1190,demonhunter,havoc,24,14,10
Cassiedemonh,tichondrius,1189,demonhunter,havoc,36,15,21
Attritionx,sargeras,1188,demonhunter,havoc,35,20,15
Roosterhead,azjolnerub,1187,demonhunter,havoc,41,20,21
Spicywings,arthas,1187,demonhunter,havoc,108,50,58
Hævenlysinz,tichondrius,1186,demonhunter,havoc,42,15,27
Veridax,quelthalas,1185,demonhunter,havoc,30,20,10
Xanthrean,sargeras,1185,demonhunter,havoc,64,30,34
Brunoqt,azralon,1185,demonhunter,havoc,29,13,16
Cyberpsycho,illidan,1184,demonhunter,havoc,30,14,16
Miltonpickle,tichondrius,1184,demonhunter,havoc,72,31,41
Sleepyjobe,sargeras,1183,demonhunter,havoc,16,13,3
Narene,mannoroth,1181,demonhunter,havoc,60,25,35
Blazed,thrall,1180,demonhunter,havoc,280,140,140
Wheredyougo,proudmoore,1180,demonhunter,havoc,28,13,15
Darkweast,dalaran,1179,demonhunter,havoc,44,23,21
Revean,darkspear,1177,demonhunter,havoc,194,98,96
Stroonster,aegwynn,1176,demonhunter,havoc,30,18,12
Keeblerself,tichondrius,1174,demonhunter,havoc,77,46,31
Varanidae,kelthuzad,1174,demonhunter,havoc,30,17,13
Thelada,illidan,1173,demonhunter,havoc,65,31,34
Mitsûri,quelthalas,1173,demonhunter,havoc,57,27,30
Wíkkihx,emerald-dream,1173,demonhunter,havoc,133,60,73
Aroncruel,area-52,1172,demonhunter,havoc,77,41,36
Breezoo,tichondrius,1171,demonhunter,havoc,30,20,10
Djkelly,tichondrius,1171,demonhunter,havoc,38,13,25
Aliniron,illidan,1169,demonhunter,havoc,53,29,24
Atsudadh,illidan,1166,demonhunter,havoc,36,13,23
Gouge,hakkar,1165,demonhunter,havoc,67,36,31
Kassadinn,black-dragonflight,1162,demonhunter,havoc,42,13,29
Sucubus,eredar,1161,demonhunter,havoc,54,29,25
Bzrp,stormrage,1161,demonhunter,havoc,46,24,22
Jerrickah,skullcrusher,1161,demonhunter,havoc,38,17,21
Lloxly,skullcrusher,1161,demonhunter,havoc,42,18,24
Zoruv,quelthalas,1160,demonhunter,havoc,27,14,13
Diddlemethis,nagrand,1159,demonhunter,havoc,30,15,15
Thedaz,frostmourne,1158,demonhunter,havoc,143,66,77
Hiddenblade,coilfang,1158,demonhunter,havoc,67,29,38
Skógarmaðr,garrosh,1157,demonhunter,havoc,69,38,31
Shar,jaedenar,1157,demonhunter,havoc,101,53,48
Larayedia,illidan,1156,demonhunter,havoc,24,17,7
Fellight,bonechewer,1156,demonhunter,havoc,87,48,39
Slaytan,darkspear,1154,demonhunter,havoc,30,14,16
Ãstoreth,quelthalas,1153,demonhunter,havoc,20,14,6
Dennfear,skullcrusher,1153,demonhunter,havoc,42,25,17
Squaller,tichondrius,1152,demonhunter,havoc,18,12,6
Lanistus,bloodhoof,1152,demonhunter,havoc,38,21,17
Adhdhdh,bloodhoof,1151,demonhunter,havoc,30,12,18
Tân,zuluhed,1151,demonhunter,havoc,36,12,24
Surkkdh,tichondrius,1150,demonhunter,havoc,18,12,6
Ahgony,shadow-council,1150,demonhunter,havoc,24,12,12
Blacktocki,barthilas,1149,demonhunter,havoc,34,18,16
Slapxy,kelthuzad,1149,demonhunter,havoc,24,12,12
Successful,area-52,1149,demonhunter,havoc,222,101,121
Javakh,illidan,1149,demonhunter,havoc,30,12,18
Itsskaa,illidan,1149,demonhunter,havoc,48,16,32
Lakedemon,sargeras,1148,demonhunter,havoc,24,12,12
Lovedem,area-52,1148,demonhunter,havoc,116,49,67
Everdh,barthilas,1148,demonhunter,havoc,30,12,18
Weedeaterr,arthas,1148,demonhunter,havoc,60,21,39
Blakhaurt,tichondrius,1148,demonhunter,havoc,36,12,24
Fahrenhype,shattered-halls,1147,demonhunter,havoc,30,16,14
Kaeldh,illidan,1147,demonhunter,havoc,24,12,12
Vàin,ragnaros,1147,demonhunter,havoc,24,12,12
Proserpinâ,bleeding-hollow,1147,demonhunter,havoc,88,39,49
Demónio,tichondrius,1146,demonhunter,havoc,18,12,6
Buzzmezaddy,bleeding-hollow,1144,demonhunter,havoc,69,30,39
Tußlur,kelthuzad,1144,demonhunter,havoc,30,12,18
Skinnrd,malganis,1142,demonhunter,havoc,24,12,12
Nicecoq,agamaggan,1142,demonhunter,havoc,24,12,12
Volodem,wildhammer,1142,demonhunter,havoc,24,12,12
Kagraxxis,stormrage,1141,demonhunter,havoc,21,13,8
Moxí,ragnaros,1141,demonhunter,havoc,42,24,18
Cesilette,frostmourne,1141,demonhunter,havoc,24,12,12
Intrusive,kelthuzad,1141,demonhunter,havoc,24,12,12
Magoroth,ragnaros,1139,demonhunter,havoc,30,20,10
Timeryus,ragnaros,1139,demonhunter,havoc,41,21,20
Ødalýs,proudmoore,1138,demonhunter,havoc,18,12,6
Lingnafoxy,tichondrius,1137,demonhunter,havoc,39,16,23
Vivas,tichondrius,1136,demonhunter,havoc,24,12,12
Endyr,area-52,1136,demonhunter,havoc,25,12,13
Negraxo,ragnaros,1135,demonhunter,havoc,41,15,26
Bladeset,moonrunner,1134,demonhunter,havoc,23,13,10
Ovèrrated,area-52,1134,demonhunter,havoc,90,40,50
Tayel,emerald-dream,1133,demonhunter,havoc,34,19,15
Overwatch,gundrak,1133,demonhunter,havoc,93,48,45
Ziip,proudmoore,1133,demonhunter,havoc,72,31,41
Keigna,tichondrius,1132,demonhunter,havoc,18,12,6
Tentacruelzz,area-52,1132,demonhunter,havoc,30,12,18
Alaron,wildhammer,1131,demonhunter,havoc,169,83,86
Sharinne,frostmourne,1129,demonhunter,havoc,36,16,20
Jennesis,tichondrius,1126,demonhunter,havoc,78,36,42
Dougjudy,amanthul,1125,demonhunter,havoc,71,32,39
Ibeatrix,malorne,1124,demonhunter,havoc,24,18,6
Cantc,moon-guard,1124,demonhunter,havoc,24,12,12
Dirtyvitus,gorefiend,1123,demonhunter,havoc,42,29,13
Dameon,wildhammer,1123,demonhunter,havoc,132,69,63
Crozu,bleeding-hollow,1122,demonhunter,havoc,24,12,12
Racktor,tichondrius,1122,demonhunter,havoc,42,13,29
Flyingsky,tichondrius,1121,demonhunter,havoc,24,14,10
Deegsdh,sargeras,1121,demonhunter,havoc,33,15,18
Mazïkeen,uther,1121,demonhunter,havoc,32,14,18
Apaantuh,sargeras,1120,demonhunter,havoc,36,22,14
Iblees,caelestrasz,1120,demonhunter,havoc,24,12,12
Flarian,skullcrusher,1120,demonhunter,havoc,24,12,12
Zizi,ghostlands,1117,demonhunter,havoc,62,33,29
Dämonjäger,dragonmaw,1116,demonhunter,havoc,33,21,12
Crustorbust,tichondrius,1116,demonhunter,havoc,52,31,21
Tygerion,emerald-dream,1115,demonhunter,havoc,28,13,15
Cherrycrüsh,sargeras,1115,demonhunter,havoc,102,44,58
Tyindorin,gurubashi,1114,demonhunter,havoc,36,18,18
Ënky,ragnaros,1112,demonhunter,havoc,60,24,36
Raziel,khazgoroth,1111,demonhunter,havoc,29,13,16
Irìs,blood-furnace,1111,demonhunter,havoc,61,24,37
Twistéd,gorefiend,1104,demonhunter,havoc,60,29,31
Tsurugui,nemesis,1104,demonhunter,havoc,66,24,42
Zlr,bleeding-hollow,1103,demonhunter,havoc,23,12,11
Cursesoul,area-52,1102,demonhunter,havoc,84,40,44
Xanthee,drakkari,1101,demonhunter,havoc,105,55,50
Beamface,tichondrius,1100,demonhunter,havoc,33,13,20
Maydemon,ragnaros,1098,demonhunter,havoc,42,17,25
Atrgrunt,ragnaros,1098,demonhunter,havoc,36,14,22
Pumppimp,stormrage,1096,demonhunter,havoc,23,12,11
Gravelot,quelthalas,1094,demonhunter,havoc,77,35,42
Nemoj,hellscream,1092,demonhunter,havoc,48,27,21
Ryutt,illidan,1092,demonhunter,havoc,38,21,17
Suyu,ragnaros,1092,demonhunter,havoc,74,35,39
Pvpchump,malygos,1091,demonhunter,havoc,76,39,37
Demonslaier,dragonblight,1091,demonhunter,havoc,71,36,35
Snazzyy,kelthuzad,1091,demonhunter,havoc,51,23,28
Spicyblades,stormrage,1089,demonhunter,havoc,68,32,36
Arianhunter,greymane,1086,demonhunter,havoc,30,12,18
Nixsa,area-52,1085,demonhunter,havoc,130,60,70
Lilliåna,kiljaeden,1085,demonhunter,havoc,56,24,32
Blops,emerald-dream,1082,demonhunter,havoc,152,81,71
Kwoop,tichondrius,1082,demonhunter,havoc,30,12,18
Ceried,moon-guard,1080,demonhunter,havoc,49,28,21
Solorialorth,shadowsong,1080,demonhunter,havoc,37,17,20
Legäult,bleeding-hollow,1077,demonhunter,havoc,39,21,18
Bhuppz,frostmourne,1076,demonhunter,havoc,22,12,10
Dyingslow,stormrage,1076,demonhunter,havoc,162,69,93
Cercius,dalaran,1075,demonhunter,havoc,48,19,29
Fingerjamsx,area-52,1073,demonhunter,havoc,79,35,44
Kazadin,azralon,1072,demonhunter,havoc,76,33,43
Bossdh,zuljin,1069,demonhunter,havoc,25,12,13
Elvisburnlov,kelthuzad,1068,demonhunter,havoc,30,17,13
Melaan,jubeithos,1065,demonhunter,havoc,18,12,6
Illistorm,zuljin,1063,demonhunter,havoc,17,12,5
Painkiiller,kelthuzad,1063,demonhunter,havoc,94,47,47
Ryemortis,malganis,1062,demonhunter,havoc,38,13,25
Syrine,veknilash,1059,demonhunter,havoc,72,41,31
Syldaeya,silvermoon,1057,demonhunter,havoc,34,20,14
Smokepurppy,zuljin,1056,demonhunter,havoc,18,11,7
Shakah,dragonmaw,1056,demonhunter,havoc,18,11,7
Zuppashi,area-52,1056,demonhunter,havoc,24,11,13
Fireredir,moon-guard,1055,demonhunter,havoc,18,11,7
Abörted,thrall,1055,demonhunter,havoc,18,11,7
Xdrenzy,destromath,1055,demonhunter,havoc,18,11,7
Coldwintér,tichondrius,1055,demonhunter,havoc,18,11,7
Stalaias,madoran,1055,demonhunter,havoc,18,11,7
Fëlla,tanaris,1055,demonhunter,havoc,18,11,7
Çherrii,moon-guard,1055,demonhunter,havoc,81,48,33
Zelay,zuljin,1055,demonhunter,havoc,24,11,13
Sawsin,illidan,1055,demonhunter,havoc,24,11,13
Neverblur,azralon,1055,demonhunter,havoc,28,12,16
Pothedunter,area-52,1054,demonhunter,havoc,18,11,7
Tenth,draka,1054,demonhunter,havoc,18,11,7
Suzuha,illidan,1054,demonhunter,havoc,30,11,19
Hávok,sargeras,1054,demonhunter,havoc,31,11,20
Agsakim,tichondrius,1053,demonhunter,havoc,18,11,7
Maelstro,bladefist,1053,demonhunter,havoc,58,32,26
Cedicdh,illidan,1053,demonhunter,havoc,24,11,13
Latchdh,malganis,1053,demonhunter,havoc,24,11,13
Caraz,tichondrius,1053,demonhunter,havoc,24,11,13
Chaosdmg,lightbringer,1053,demonhunter,havoc,24,11,13
Xavid,bleeding-hollow,1053,demonhunter,havoc,24,11,13
Medusarri,frostmourne,1053,demonhunter,havoc,83,38,45
Painbourne,emerald-dream,1053,demonhunter,havoc,30,11,19
Thedee,emerald-dream,1053,demonhunter,havoc,30,11,19
Emodan,moon-guard,1053,demonhunter,havoc,30,11,19
Alviladari,crushridge,1051,demonhunter,havoc,18,11,7
Photuris,moon-guard,1051,demonhunter,havoc,24,11,13
Messenoire,area-52,1051,demonhunter,havoc,26,11,15
Midnightlord,tichondrius,1050,demonhunter,havoc,36,24,12
Ljevilin,gilneas,1050,demonhunter,havoc,18,11,7
Loathy,tichondrius,1050,demonhunter,havoc,18,11,7
Haterad,bonechewer,1050,demonhunter,havoc,54,20,34
Mangochili,sargeras,1050,demonhunter,havoc,36,11,25
Blackblades,blackhand,1049,demonhunter,havoc,18,11,7
Ênvy,tichondrius,1049,demonhunter,havoc,18,11,7
Ønsen,tichondrius,1049,demonhunter,havoc,29,11,18
Abrams,tichondrius,1048,demonhunter,havoc,24,11,13
Vuse,moon-guard,1048,demonhunter,havoc,24,11,13
Brokendh,ragnaros,1048,demonhunter,havoc,30,11,19
Cðnstantine,barthilas,1047,demonhunter,havoc,24,11,13
Moondh,area-52,1046,demonhunter,havoc,52,18,34
Åsüra,area-52,1044,demonhunter,havoc,18,11,7
Mercusis,stormrage,1044,demonhunter,havoc,30,17,13
Kchicalienta,ragnaros,1043,demonhunter,havoc,24,11,13
Axitria,ragnaros,1042,demonhunter,havoc,48,25,23
Darkglaive,ragnaros,1042,demonhunter,havoc,24,11,13
Misfortune,bloodscalp,1042,demonhunter,havoc,72,32,40
Rickinmorty,lightnings-blade,1041,demonhunter,havoc,19,11,8
Cuint,barthilas,1041,demonhunter,havoc,48,26,22
Creaminbeavr,twisting-nether,1040,demonhunter,havoc,22,12,10
Ethelric,frostmourne,1039,demonhunter,havoc,149,65,84
Feltini,whisperwind,1039,demonhunter,havoc,39,16,23
Misriah,sargeras,1039,demonhunter,havoc,30,11,19
Äshês,blackhand,1038,demonhunter,havoc,26,13,13
Aphy,thunderhorn,1038,demonhunter,havoc,24,11,13
Fafix,ragnaros,1038,demonhunter,havoc,24,11,13
Alphmega,malganis,1037,demonhunter,havoc,24,11,13
Memoryleaky,proudmoore,1036,demonhunter,havoc,17,12,5
Lillidum,azralon,1036,demonhunter,havoc,151,81,70
Gurthbrookz,tichondrius,1036,demonhunter,havoc,24,11,13
Frenchtoast,bonechewer,1034,demonhunter,havoc,54,21,33
Menadori,madoran,1031,demonhunter,havoc,42,22,20
Tdmturbo,zuluhed,1029,demonhunter,havoc,24,12,12
Felbòy,korgath,1029,demonhunter,havoc,24,11,13
Kratox,senjin,1028,demonhunter,havoc,79,37,42
Doomhead,burning-legion,1025,demonhunter,havoc,36,23,13
Demonbanter,emerald-dream,1024,demonhunter,havoc,30,15,15
Devc,stormrage,1022,demonhunter,havoc,48,22,26
Sitarok,drakkari,1022,demonhunter,havoc,40,17,23
Íko,tichondrius,1019,demonhunter,havoc,162,81,81
Skydemond,tichondrius,1019,demonhunter,havoc,36,17,19
Venomis,stormrage,1014,demonhunter,havoc,36,14,22
Portgaes,ragnaros,1014,demonhunter,havoc,71,22,49
Ariluci,destromath,1013,demonhunter,havoc,36,16,20
Pupariuh,illidan,1013,demonhunter,havoc,47,19,28
Ripper,anvilmar,1010,demonhunter,havoc,48,22,26
Chronicsmoke,blood-furnace,1008,demonhunter,havoc,36,16,20
Rhaast,executus,1006,demonhunter,havoc,103,46,57
Deamanjoe,borean-tundra,1005,demonhunter,havoc,29,14,15
Seamenhunter,garrosh,1004,demonhunter,havoc,24,12,12
Sanllish,illidan,1004,demonhunter,havoc,35,15,20
Xiitz,quelthalas,1004,demonhunter,havoc,45,14,31
Zumaldita,quelthalas,1003,demonhunter,havoc,48,26,22
Highpower,area-52,1002,demonhunter,havoc,32,13,19
Wabussy,drenden,1001,demonhunter,havoc,78,37,41
Clairconctla,spirestone,1001,demonhunter,havoc,87,40,47
Swansong,norgannon,1000,demonhunter,havoc,132,66,66
Nixxie,azgalor,998,demonhunter,havoc,58,31,27
Funspunk,nagrand,995,demonhunter,havoc,42,11,31
Fov,crushridge,991,demonhunter,havoc,26,11,15
Dling,kiljaeden,991,demonhunter,havoc,68,22,46
Yamato,elune,990,demonhunter,havoc,57,20,37
Skillidan,gurubashi,988,demonhunter,havoc,17,11,6
Progetto,frostmourne,987,demonhunter,havoc,29,11,18
Lüky,malganis,986,demonhunter,havoc,22,11,11
Quinny,runetotem,986,demonhunter,havoc,27,13,14
Lrianna,senjin,985,demonhunter,havoc,29,13,16
Lory,eldrethalas,984,demonhunter,havoc,104,47,57
Ghostzface,sargeras,980,demonhunter,havoc,87,42,45
Andarïel,bleeding-hollow,977,demonhunter,havoc,25,12,13
Purpsquirter,stormscale,974,demonhunter,havoc,39,20,19
Rrochy,tichondrius,971,demonhunter,havoc,44,20,24
Nasolar,illidan,971,demonhunter,havoc,49,22,27
Oilhead,frostmourne,969,demonhunter,havoc,26,13,13
Billygoat,bloodscalp,967,demonhunter,havoc,38,23,15
Grûnt,sargeras,967,demonhunter,havoc,54,22,32
Roderika,amanthul,965,demonhunter,havoc,42,24,18
Revzxy,dalaran,960,demonhunter,havoc,18,10,8
Stets,emerald-dream,960,demonhunter,havoc,18,10,8
Deathslice,azgalor,960,demonhunter,havoc,24,11,13
Lancee,zuljin,960,demonhunter,havoc,24,10,14
Icanmove,area-52,960,demonhunter,havoc,24,10,14
Densewench,stormrage,960,demonhunter,havoc,24,10,14
Totolorna,tichondrius,960,demonhunter,havoc,24,10,14
Igotdc,tichondrius,960,demonhunter,havoc,25,10,15
Zyer,mannoroth,959,demonhunter,havoc,18,10,8
Banaphel,hellscream,959,demonhunter,havoc,18,10,8
Theownz,stormrage,959,demonhunter,havoc,18,10,8
Sourapple,barthilas,959,demonhunter,havoc,18,10,8
Clorhídrico,quelthalas,959,demonhunter,havoc,122,60,62
Lawimmortal,tichondrius,959,demonhunter,havoc,24,10,14
Dhuck,nemesis,959,demonhunter,havoc,27,11,16
Planeinsky,malganis,958,demonhunter,havoc,18,10,8
Illadorable,muradin,958,demonhunter,havoc,24,10,14
Oyakai,tichondrius,958,demonhunter,havoc,24,10,14
Veilmaya,arthas,958,demonhunter,havoc,24,10,14
Adhdh,bloodhoof,958,demonhunter,havoc,30,10,20
Sofedon,kargath,957,demonhunter,havoc,18,10,8
Randôm,kelthuzad,957,demonhunter,havoc,21,11,10
Bukwheat,thunderhorn,957,demonhunter,havoc,126,62,64
Ragastan,queldorei,957,demonhunter,havoc,30,10,20
Zümanity,zangarmarsh,957,demonhunter,havoc,30,10,20
Vishì,thrall,957,demonhunter,havoc,30,10,20
Finelsite,area-52,956,demonhunter,havoc,18,10,8
Feldumper,illidan,956,demonhunter,havoc,24,10,14
Gozer,korialstrasz,956,demonhunter,havoc,48,18,30
Tangoh,burning-legion,955,demonhunter,havoc,18,10,8
Szèth,tichondrius,954,demonhunter,havoc,18,10,8
Wìnchester,durotan,954,demonhunter,havoc,18,10,8
Worcraf,ragnaros,954,demonhunter,havoc,109,45,64
Causinghavoc,dalaran,954,demonhunter,havoc,30,10,20
Dàwñ,doomhammer,953,demonhunter,havoc,85,36,49
Larnol,moon-guard,952,demonhunter,havoc,18,10,8
Nerco,bleeding-hollow,952,demonhunter,havoc,24,10,14
Rèlentless,moon-guard,951,demonhunter,havoc,24,10,14
Mvrda,area-52,951,demonhunter,havoc,30,10,20
Emama,stormrage,951,demonhunter,havoc,30,10,20
Raengard,azralon,950,demonhunter,havoc,30,10,20
Shwagxnugz,area-52,949,demonhunter,havoc,18,10,8
Insañitý,bleeding-hollow,948,demonhunter,havoc,18,10,8
Veriikk,sargeras,948,demonhunter,havoc,24,10,14
Eikichi,bleeding-hollow,947,demonhunter,havoc,84,39,45
Halfprepared,kelthuzad,946,demonhunter,havoc,30,10,20
Sãssy,moon-guard,945,demonhunter,havoc,42,22,20
Demonizhe,thrall,944,demonhunter,havoc,43,22,21
Bruaquenta,azralon,943,demonhunter,havoc,54,20,34
Rissélys,thrall,942,demonhunter,havoc,36,20,16
Wargeneral,illidan,942,demonhunter,havoc,38,13,25
Kylíejennêr,gilneas,941,demonhunter,havoc,18,10,8
Sodiaksd,quelthalas,939,demonhunter,havoc,24,10,14
Ilitía,area-52,935,demonhunter,havoc,27,14,13
Felyouup,malygos,934,demonhunter,havoc,45,11,34
Kreel,ghostlands,933,demonhunter,havoc,36,17,19
Riicardo,ragnaros,932,demonhunter,havoc,52,26,26
Eksorcism,muradin,931,demonhunter,havoc,24,12,12
Elurandre,moon-guard,929,demonhunter,havoc,34,13,21
Tättø,area-52,926,demonhunter,havoc,20,11,9
Demonshep,proudmoore,925,demonhunter,havoc,22,10,12
Macizo,whisperwind,925,demonhunter,havoc,23,10,13
Allukya,azralon,924,demonhunter,havoc,17,10,7
Akalitethi,moon-guard,924,demonhunter,havoc,94,33,61
Andyhunter,emerald-dream,922,demonhunter,havoc,137,70,67
Ottonashii,ragnaros,922,demonhunter,havoc,110,47,63
Lanathir,kirin-tor,919,demonhunter,havoc,30,11,19
Liptint,area-52,919,demonhunter,havoc,38,11,27
Aleymar,tichondrius,918,demonhunter,havoc,36,18,18
Whitexheart,illidan,912,demonhunter,havoc,30,15,15
Romïna,quelthalas,910,demonhunter,havoc,50,24,26
Kslicedevil,dalaran,909,demonhunter,havoc,72,31,41
Cuer,illidan,903,demonhunter,havoc,30,15,15
Teethdaggers,wyrmrest-accord,902,demonhunter,havoc,24,12,12
Zurg,wyrmrest-accord,901,demonhunter,havoc,25,11,14
Døffy,area-52,901,demonhunter,havoc,48,19,29
Edged,warsong,900,demonhunter,havoc,24,10,14
Veierax,azralon,897,demonhunter,havoc,35,15,20
Vladdtepes,cairne,895,demonhunter,havoc,162,82,80
Nezukoz,area-52,894,demonhunter,havoc,36,18,18
Wrathbringer,frostmourne,889,demonhunter,havoc,26,10,16
Vulpire,area-52,882,demonhunter,havoc,39,12,27
Troigh,thunderlord,870,demonhunter,havoc,127,61,66
Faarkyou,barthilas,868,demonhunter,havoc,26,10,16
Agradh,barthilas,864,demonhunter,havoc,12,9,3
Pennyx,barthilas,864,demonhunter,havoc,12,9,3
Ravevê,area-52,864,demonhunter,havoc,12,9,3
Plsbegood,area-52,864,demonhunter,havoc,12,9,3
Vandämn,barthilas,864,demonhunter,havoc,18,9,9
Emicruz,quelthalas,864,demonhunter,havoc,18,9,9
Yeondh,tichondrius,864,demonhunter,havoc,18,9,9
Juanfrijole,korialstrasz,864,demonhunter,havoc,18,9,9
Quayqu,cenarius,864,demonhunter,havoc,18,9,9
Tarro,whisperwind,864,demonhunter,havoc,18,9,9
Seya,tichondrius,864,demonhunter,havoc,18,9,9
Bammski,tichondrius,864,demonhunter,havoc,18,9,9
Tink,kilrogg,864,demonhunter,havoc,18,9,9
Dontplanahea,tichondrius,864,demonhunter,havoc,18,9,9
Kronicz,frostmourne,864,demonhunter,havoc,24,9,15
Foxfighter,thrall,864,demonhunter,havoc,24,9,15
Touchmeweird,area-52,864,demonhunter,havoc,24,9,15
Mcgurty,illidan,864,demonhunter,havoc,30,9,21
Rothdh,tichondrius,863,demonhunter,havoc,15,10,5
Tomglaiven,hyjal,863,demonhunter,havoc,18,9,9
Soñic,frostmourne,863,demonhunter,havoc,18,9,9
Shaydh,frostmourne,863,demonhunter,havoc,18,9,9
Dogcleave,area-52,863,demonhunter,havoc,18,9,9
Wizdûm,frostmourne,863,demonhunter,havoc,18,9,9
Grümb,earthen-ring,863,demonhunter,havoc,18,9,9
Showaitie,thrall,863,demonhunter,havoc,18,9,9
Judgefuddge,tichondrius,863,demonhunter,havoc,18,9,9
Phillswift,tichondrius,863,demonhunter,havoc,24,9,15
Tòrment,moon-guard,863,demonhunter,havoc,24,9,15
Odemy,area-52,863,demonhunter,havoc,24,9,15
Dàrk,zuljin,863,demonhunter,havoc,35,11,24
Dragynfíst,malganis,863,demonhunter,havoc,30,9,21
Cidolem,area-52,863,demonhunter,havoc,30,9,21
Samedh,nemesis,862,demonhunter,havoc,12,9,3
Rizzle,malganis,862,demonhunter,havoc,18,9,9
Xengful,barthilas,862,demonhunter,havoc,18,9,9
Deathschosen,malganis,862,demonhunter,havoc,18,9,9
Carlosjr,stormrage,862,demonhunter,havoc,18,9,9
Trenbolognie,illidan,862,demonhunter,havoc,18,9,9
Kickabout,deathwing,862,demonhunter,havoc,24,9,15
Valeriya,frostmourne,862,demonhunter,havoc,24,9,15
Fused,emerald-dream,861,demonhunter,havoc,12,9,3
Starianor,proudmoore,861,demonhunter,havoc,22,11,11
Frostidan,sargeras,861,demonhunter,havoc,24,9,15
Kruptikos,tichondrius,861,demonhunter,havoc,24,9,15
Hellboss,dalaran,860,demonhunter,havoc,12,9,3
Zirrey,stormrage,860,demonhunter,havoc,18,9,9
Bigbubbaa,azgalor,859,demonhunter,havoc,24,9,15
Icanseeyou,aerie-peak,859,demonhunter,havoc,30,9,21
Darkrais,sargeras,858,demonhunter,havoc,41,20,21
Bazér,frostmourne,858,demonhunter,havoc,24,9,15
Shawnchad,blood-furnace,857,demonhunter,havoc,287,138,149
Seppuku,senjin,856,demonhunter,havoc,18,9,9
Creta,frostmourne,854,demonhunter,havoc,30,15,15
Wut,nemesis,854,demonhunter,havoc,119,59,60
Kellndore,emerald-dream,854,demonhunter,havoc,72,35,37
Grolschen,proudmoore,854,demonhunter,havoc,114,51,63
Catastroz,ragnaros,854,demonhunter,havoc,24,9,15
Trystenn,nagrand,854,demonhunter,havoc,30,9,21
Callmerebel,dragonblight,853,demonhunter,havoc,74,32,42
Dartanyn,tichondrius,853,demonhunter,havoc,24,9,15
Jokerskull,ragnaros,852,demonhunter,havoc,18,9,9
Drackista,stormrage,852,demonhunter,havoc,18,9,9
Dynastyblade,area-52,850,demonhunter,havoc,18,9,9
Mayaia,sargeras,849,demonhunter,havoc,50,30,20
Purplesmoke,bonechewer,849,demonhunter,havoc,18,10,8
Jakodh,sargeras,848,demonhunter,havoc,18,9,9
Felbarrah,barthilas,848,demonhunter,havoc,24,9,15
Zilham,tichondrius,847,demonhunter,havoc,25,9,16
Aussiepleb,nagrand,846,demonhunter,havoc,87,37,50
Demonci,stormrage,845,demonhunter,havoc,32,16,16
Mindburn,shadowmoon,845,demonhunter,havoc,92,45,47
Dannaris,maelstrom,845,demonhunter,havoc,24,11,13
Kyndris,ghostlands,843,demonhunter,havoc,17,9,8
Rump,shandris,843,demonhunter,havoc,24,9,15
Rhydonx,korgath,842,demonhunter,havoc,41,19,22
Dalmandra,arthas,841,demonhunter,havoc,17,9,8
Gretadumberg,area-52,841,demonhunter,havoc,18,9,9
Annabow,moon-guard,841,demonhunter,havoc,186,91,95
Badalandabad,nemesis,841,demonhunter,havoc,23,9,14
Phaeton,zuluhed,839,demonhunter,havoc,28,12,16
Mikiller,thrall,838,demonhunter,havoc,148,71,77
Abusedchild,dalaran,837,demonhunter,havoc,36,16,20
Ripperxx,zuljin,837,demonhunter,havoc,60,26,34
Draged,area-52,835,demonhunter,havoc,19,9,10
Funky,draenor,832,demonhunter,havoc,36,18,18
Valerethis,steamwheedle-cartel,831,demonhunter,havoc,80,27,53
Ryogin,nemesis,830,demonhunter,havoc,14,10,4
Fckyouscott,illidan,830,demonhunter,havoc,14,10,4
Hentaidemon,kiljaeden,830,demonhunter,havoc,64,30,34
Rojoria,tichondrius,830,demonhunter,havoc,23,9,14
Amneshia,ragnaros,828,demonhunter,havoc,18,9,9
Itstokyo,mannoroth,818,demonhunter,havoc,18,9,9
Xàsthur,darkspear,818,demonhunter,havoc,24,9,15
Myname,aggramar,818,demonhunter,havoc,62,15,47
Unjust,darkspear,815,demonhunter,havoc,21,9,12
Healinfubar,stormrage,814,demonhunter,havoc,15,10,5
Anaríel,quelthalas,811,demonhunter,havoc,72,30,42
Azmorelan,caelestrasz,810,demonhunter,havoc,55,15,40
Feldhjumps,zuljin,809,demonhunter,havoc,28,11,17
Valeriann,thunderlord,802,demonhunter,havoc,28,13,15
Demonicway,stormrage,791,demonhunter,havoc,22,10,12
Msbadass,demon-soul,773,demonhunter,havoc,25,9,16
Dharkle,tichondrius,768,demonhunter,havoc,12,8,4
Mesidan,illidan,768,demonhunter,havoc,12,8,4
Humanitydh,sargeras,768,demonhunter,havoc,12,8,4
Norolemodelz,tichondrius,768,demonhunter,havoc,12,8,4
Kalachiquez,sargeras,768,demonhunter,havoc,12,8,4
Likelydemon,tichondrius,768,demonhunter,havoc,12,8,4
Deuzz,arthas,768,demonhunter,havoc,12,8,4
Thugonomicz,tichondrius,768,demonhunter,havoc,12,8,4
Whudaz,tichondrius,768,demonhunter,havoc,12,8,4
Cegocruel,sargeras,768,demonhunter,havoc,13,8,5
Pub,the-scryers,768,demonhunter,havoc,15,9,6
Spinnaz,sargeras,768,demonhunter,havoc,15,8,7
Obîtox,illidan,768,demonhunter,havoc,18,8,10
Zïlly,blackrock,768,demonhunter,havoc,18,8,10
Bättousai,kiljaeden,768,demonhunter,havoc,18,8,10
Wwdh,stormrage,768,demonhunter,havoc,18,8,10
Devssimpspec,sargeras,768,demonhunter,havoc,18,8,10
Smokepurppx,zuljin,768,demonhunter,havoc,18,8,10
Gilarian,stormrage,768,demonhunter,havoc,18,8,10
Demontoid,azgalor,768,demonhunter,havoc,18,8,10
Furculor,llane,768,demonhunter,havoc,22,9,13
Vorlimornd,illidan,768,demonhunter,havoc,24,8,16
Zózo,bleeding-hollow,768,demonhunter,havoc,24,8,16
Fuujiin,tol-barad,768,demonhunter,havoc,24,8,16
Anabolicbro,tichondrius,768,demonhunter,havoc,24,8,16
Xorothia,moon-guard,768,demonhunter,havoc,24,8,16
Prazethesun,emerald-dream,767,demonhunter,havoc,12,8,4
Evelynxc,stormrage,767,demonhunter,havoc,12,8,4
Hellrazer,area-52,767,demonhunter,havoc,12,8,4
Khàøs,stormrage,767,demonhunter,havoc,12,8,4
Myspyhu,malganis,767,demonhunter,havoc,12,8,4
Demonhuntard,azgalor,767,demonhunter,havoc,12,8,4
Dylle,tichondrius,767,demonhunter,havoc,12,8,4
Badwurd,sargeras,767,demonhunter,havoc,12,8,4
Zaelos,tichondrius,767,demonhunter,havoc,12,8,4
Jûj,tichondrius,767,demonhunter,havoc,12,8,4
Bigmith,gilneas,767,demonhunter,havoc,12,8,4
Keylath,quelthalas,767,demonhunter,havoc,12,8,4
Lethalblows,darkspear,767,demonhunter,havoc,15,9,6
Linedori,destromath,767,demonhunter,havoc,16,9,7
Eithelyrana,moon-guard,767,demonhunter,havoc,18,8,10
Nutzarebig,sargeras,767,demonhunter,havoc,18,8,10
Tyindron,exodar,767,demonhunter,havoc,18,8,10
Dchaps,illidan,767,demonhunter,havoc,18,8,10
ßonècrushèr,tichondrius,767,demonhunter,havoc,18,8,10
Inazlod,ragnaros,767,demonhunter,havoc,18,8,10
Káos,frostmourne,767,demonhunter,havoc,18,8,10
Slumberz,tichondrius,767,demonhunter,havoc,18,8,10
Devî,ragnaros,767,demonhunter,havoc,18,8,10
Soladari,illidan,767,demonhunter,havoc,18,8,10
Kzdh,illidan,767,demonhunter,havoc,18,8,10
Zibbz,illidan,767,demonhunter,havoc,18,8,10
Acclimate,aggramar,767,demonhunter,havoc,18,8,10
Saféspace,tichondrius,767,demonhunter,havoc,21,9,12
Thunderrbolt,illidan,766,demonhunter,havoc,12,8,4
Illbays,frostmourne,766,demonhunter,havoc,12,8,4
Wólff,azralon,766,demonhunter,havoc,12,8,4
Kdemonhunter,tichondrius,766,demonhunter,havoc,12,8,4
Baalial,eldrethalas,766,demonhunter,havoc,18,8,10
Ezuna,proudmoore,766,demonhunter,havoc,18,8,10
Namthar,quelthalas,766,demonhunter,havoc,18,8,10
Thalkituun,sargeras,766,demonhunter,havoc,18,8,10
Casperr,frostmourne,766,demonhunter,havoc,18,8,10
Bluefalchon,sargeras,766,demonhunter,havoc,18,8,10
Shadowdark,aggramar,766,demonhunter,havoc,24,8,16
Accipiter,ragnaros,766,demonhunter,havoc,24,8,16
Lil,anubarak,765,demonhunter,havoc,12,8,4
Tugï,tichondrius,765,demonhunter,havoc,18,8,10
Bholez,illidan,765,demonhunter,havoc,18,8,10
Smoothtaco,azshara,765,demonhunter,havoc,18,8,10
Sinhful,darkspear,765,demonhunter,havoc,18,8,10
Uchulu,quelthalas,765,demonhunter,havoc,24,8,16
Weetbreadsux,illidan,765,demonhunter,havoc,24,8,16
Lû,arthas,765,demonhunter,havoc,24,8,16
Santaclaus,mugthol,765,demonhunter,havoc,24,8,16
Ahsóka,malganis,765,demonhunter,havoc,24,8,16
Cantreborn,destromath,764,demonhunter,havoc,18,8,10
Adramadon,bleeding-hollow,764,demonhunter,havoc,20,8,12
Lugìa,illidan,764,demonhunter,havoc,24,8,16
Genobreaker,drenden,763,demonhunter,havoc,18,8,10
Gentlesoap,blackrock,762,demonhunter,havoc,18,8,10
Arnethiel,terenas,762,demonhunter,havoc,18,8,10
Raja,anvilmar,761,demonhunter,havoc,18,8,10
Idemonl,barthilas,761,demonhunter,havoc,24,8,16
Toxicimpulse,aegwynn,760,demonhunter,havoc,18,8,10
Akumahanta,aegwynn,759,demonhunter,havoc,12,8,4
Illhuntya,bonechewer,758,demonhunter,havoc,18,8,10
Dantes,jubeithos,756,demonhunter,havoc,18,8,10
Covidneitor,drakkari,752,demonhunter,havoc,24,8,16
Bckzy,malygos,751,demonhunter,havoc,18,8,10
Estarinaria,windrunner,751,demonhunter,havoc,18,8,10
Sammblorqt,illidan,751,demonhunter,havoc,36,8,28
Dangomushi,proudmoore,748,demonhunter,havoc,23,8,15
Slayèr,burning-legion,738,demonhunter,havoc,17,8,9
Leg,scilla,736,demonhunter,havoc,22,8,14
Elena,the-underbog,735,demonhunter,havoc,16,8,8
Bigpencil,frostmourne,735,demonhunter,havoc,29,8,21
Malrax,drakkari,731,demonhunter,havoc,24,8,16
Exalted,jubeithos,728,demonhunter,havoc,16,8,8
Hiresol,emerald-dream,719,demonhunter,havoc,11,8,3
Dorflex,sargeras,719,demonhunter,havoc,17,8,9
Revzdh,illidan,719,demonhunter,havoc,17,8,9
Saxa,azralon,719,demonhunter,havoc,17,8,9
Ulfhednarxz,illidan,715,demonhunter,havoc,27,8,19
Jinsha,emerald-dream,714,demonhunter,havoc,22,9,13
Sitkha,ragnaros,714,demonhunter,havoc,23,9,14
Sephmilli,azralon,713,demonhunter,havoc,27,9,18
Cloudzzy,illidan,703,demonhunter,havoc,20,8,12
Rivent,dethecus,702,demonhunter,havoc,26,8,18
Sigridh,ragnaros,698,demonhunter,havoc,26,8,18
Robomother,illidan,688,demonhunter,havoc,19,8,11
Pristager,tichondrius,672,demonhunter,havoc,10,8,2
Uncledonnie,tanaris,672,demonhunter,havoc,12,7,5
Zanoxis,tichondrius,672,demonhunter,havoc,12,7,5
Dæl,quelthalas,672,demonhunter,havoc,12,7,5
Deathshunt,zuljin,672,demonhunter,havoc,12,7,5
Nichidah,illidan,672,demonhunter,havoc,12,7,5
Harryunztein,ragnaros,672,demonhunter,havoc,12,7,5
Elengañao,ragnaros,672,demonhunter,havoc,12,7,5
Azkriel,fizzcrank,672,demonhunter,havoc,12,7,5
Darthwhorë,frostmane,672,demonhunter,havoc,12,7,5
Deminedora,arthas,672,demonhunter,havoc,12,7,5
Verå,tichondrius,672,demonhunter,havoc,12,7,5
Evelynee,illidan,672,demonhunter,havoc,12,7,5
Dx,drenden,672,demonhunter,havoc,12,7,5
Levail,wyrmrest-accord,672,demonhunter,havoc,12,7,5
Slaarky,malganis,672,demonhunter,havoc,12,7,5
Bq,feathermoon,672,demonhunter,havoc,12,7,5
Deeploss,malganis,672,demonhunter,havoc,12,7,5
Dimônio,stormrage,672,demonhunter,havoc,12,7,5
Reddh,bleeding-hollow,672,demonhunter,havoc,12,7,5
Vichopan,tichondrius,672,demonhunter,havoc,12,7,5
Havocupx,tichondrius,672,demonhunter,havoc,12,7,5
Smallsuper,azralon,672,demonhunter,havoc,12,7,5
Solbiz,tichondrius,672,demonhunter,havoc,12,7,5
Neros,black-dragonflight,672,demonhunter,havoc,12,7,5
Felscream,kelthuzad,672,demonhunter,havoc,12,7,5
Subsfordubs,illidan,672,demonhunter,havoc,12,7,5
Warassassin,stormrage,672,demonhunter,havoc,12,7,5
Çreme,tichondrius,672,demonhunter,havoc,12,7,5
Lazerìx,tichondrius,672,demonhunter,havoc,12,7,5
Flamehunter,durotan,672,demonhunter,havoc,13,7,6
Rachiel,tichondrius,672,demonhunter,havoc,15,8,7
Boonchux,frostmourne,672,demonhunter,havoc,18,7,11
Machx,illidan,672,demonhunter,havoc,18,7,11
Elchapotko,tichondrius,672,demonhunter,havoc,18,7,11
Slorpglorpx,illidan,672,demonhunter,havoc,18,7,11
Dooskie,tichondrius,672,demonhunter,havoc,18,7,11
Blanky,shadowmoon,672,demonhunter,havoc,18,7,11
Ratcnt,barthilas,672,demonhunter,havoc,18,7,11
Razyl,illidan,672,demonhunter,havoc,18,7,11
Louferrigno,zuljin,672,demonhunter,havoc,18,7,11
Inva,stormrage,672,demonhunter,havoc,18,7,11
Moistybreeze,frostmourne,672,demonhunter,havoc,18,7,11
Yasuo,moon-guard,672,demonhunter,havoc,18,7,11
Horrorvacui,stormrage,672,demonhunter,havoc,18,7,11
Pantyogurt,frostmourne,672,demonhunter,havoc,18,7,11
Faceurdemons,frostmourne,672,demonhunter,havoc,18,7,11
Cassadega,sargeras,672,demonhunter,havoc,18,7,11
Rizalo,frostmane,672,demonhunter,havoc,18,7,11
Smöke,hyjal,672,demonhunter,havoc,18,7,11
Demonchild,azralon,672,demonhunter,havoc,18,7,11
Dgj,kelthuzad,672,demonhunter,havoc,18,7,11
Dumbledor,stonemaul,672,demonhunter,havoc,18,7,11
Kambria,darkspear,672,demonhunter,havoc,21,8,13
Dartro,tichondrius,672,demonhunter,havoc,20,7,13
Zarosong,illidan,672,demonhunter,havoc,24,7,17
Kergerak,tichondrius,672,demonhunter,havoc,24,7,17
Zaldun,sargeras,672,demonhunter,havoc,24,7,17
Roughcut,blackrock,672,demonhunter,havoc,24,7,17
Logixdh,tichondrius,672,demonhunter,havoc,30,7,23
Thesituatíon,sargeras,672,demonhunter,havoc,30,7,23
Ellguindh,malganis,672,demonhunter,havoc,30,7,23
Spanksmcgooy,bleeding-hollow,671,demonhunter,havoc,12,7,5
Mavrii,executus,671,demonhunter,havoc,12,7,5
Dhameer,tichondrius,671,demonhunter,havoc,12,7,5
Zarroe,stormrage,671,demonhunter,havoc,12,7,5
Jolty,stormrage,671,demonhunter,havoc,12,7,5
Felstaggitha,frostmourne,671,demonhunter,havoc,12,7,5
Eisenhõwer,burning-blade,671,demonhunter,havoc,12,7,5
Seabisciut,silvermoon,671,demonhunter,havoc,12,7,5
Ivalerà,thrall,671,demonhunter,havoc,12,7,5
Jeeprcreeprs,sargeras,671,demonhunter,havoc,12,7,5
Satorugojoo,darkspear,671,demonhunter,havoc,12,7,5
Wìtchblades,tichondrius,671,demonhunter,havoc,12,7,5
Stormville,illidan,671,demonhunter,havoc,12,7,5
Alycina,wyrmrest-accord,671,demonhunter,havoc,12,7,5
Warvlye,ragnaros,671,demonhunter,havoc,12,7,5
Dreaux,whisperwind,671,demonhunter,havoc,12,7,5
Wheytoohigh,area-52,671,demonhunter,havoc,12,7,5
Isabellaluna,illidan,671,demonhunter,havoc,12,7,5
Hyphonìc,area-52,671,demonhunter,havoc,18,7,11
Akunda,the-venture-co,671,demonhunter,havoc,18,7,11
Nicòrobin,dalaran,671,demonhunter,havoc,18,7,11
Sreedhar,stormrage,671,demonhunter,havoc,18,7,11
Baalzadreth,bleeding-hollow,671,demonhunter,havoc,18,7,11
Älönë,thrall,671,demonhunter,havoc,18,7,11
Untouchèd,bleeding-hollow,671,demonhunter,havoc,18,7,11
Asamir,ragnaros,671,demonhunter,havoc,19,7,12
Veryaverage,kelthuzad,671,demonhunter,havoc,30,7,23
Renshear,cenarius,670,demonhunter,havoc,12,7,5
Vyndra,crushridge,670,demonhunter,havoc,12,7,5
Mattdaemun,korgath,670,demonhunter,havoc,18,7,11
Zanaiahs,sargeras,670,demonhunter,havoc,21,7,14
Claudija,frostmourne,669,demonhunter,havoc,12,7,5
Fferchu,ragnaros,669,demonhunter,havoc,12,7,5
Epicfc,bleeding-hollow,669,demonhunter,havoc,15,8,7
Stepbroseph,kiljaeden,669,demonhunter,havoc,15,8,7
Spikehed,area-52,669,demonhunter,havoc,24,7,17
Denjii,malganis,669,demonhunter,havoc,24,7,17
Koltharos,korgath,668,demonhunter,havoc,12,7,5
Pimm,kelthuzad,667,demonhunter,havoc,12,7,5
Bgeames,area-52,667,demonhunter,havoc,12,7,5
Snòòp,uldaman,667,demonhunter,havoc,12,7,5
Onoky,cairne,666,demonhunter,havoc,18,7,11
Endoshiva,icecrown,666,demonhunter,havoc,18,7,11
Rahgoul,garrosh,666,demonhunter,havoc,18,7,11
Qtee,cairne,664,demonhunter,havoc,18,7,11
Turbochadbro,spirestone,663,demonhunter,havoc,15,8,7
Chohpz,silvermoon,662,demonhunter,havoc,19,8,11
Supremetaco,stormrage,659,demonhunter,havoc,12,7,5
Eckerstrom,tichondrius,659,demonhunter,havoc,12,7,5
Luzev,thrall,657,demonhunter,havoc,12,7,5
Celtchar,tichondrius,657,demonhunter,havoc,12,7,5
Nomakk,greymane,653,demonhunter,havoc,18,7,11
Lëif,stormrage,652,demonhunter,havoc,18,7,11
Morava,darkspear,650,demonhunter,havoc,18,7,11
Forzaken,darkspear,647,demonhunter,havoc,18,7,11
Gwîlym,area-52,644,demonhunter,havoc,14,9,5
Demoniò,area-52,640,demonhunter,havoc,16,8,8
Moxy,kaelthas,638,demonhunter,havoc,17,7,10
Bliqué,emerald-dream,633,demonhunter,havoc,17,7,10
Agnikai,kelthuzad,624,demonhunter,havoc,21,7,14
Gebblemon,aerie-peak,623,demonhunter,havoc,17,7,10
Hidan,velen,621,demonhunter,havoc,14,8,6
Triplex,moknathal,620,demonhunter,havoc,24,7,17
Mqvdh,area-52,618,demonhunter,havoc,39,8,31
Galaxezz,bonechewer,612,demonhunter,havoc,15,8,7
Flîck,tichondrius,608,demonhunter,havoc,10,7,3
Kuzay,zuljin,607,demonhunter,havoc,14,8,6
Drewdh,zuljin,607,demonhunter,havoc,16,7,9
Soure,azralon,607,demonhunter,havoc,20,7,13
Bisiduo,area-52,606,demonhunter,havoc,17,8,9
Wualicho,ragnaros,603,demonhunter,havoc,24,8,16
Runecaster,anvilmar,587,demonhunter,havoc,11,7,4
Emmav,sargeras,576,demonhunter,havoc,6,6,0
Ghostatlas,tichondrius,576,demonhunter,havoc,6,6,0
Skimon,area-52,576,demonhunter,havoc,6,6,0
Fourthnut,stormreaver,576,demonhunter,havoc,6,6,0
Semteks,sargeras,576,demonhunter,havoc,6,6,0
Mysticglaive,sargeras,576,demonhunter,havoc,12,6,6
Twotrucks,kelthuzad,576,demonhunter,havoc,12,6,6
Soupstoohot,tichondrius,576,demonhunter,havoc,12,6,6
Dmgdaddy,darrowmere,576,demonhunter,havoc,12,6,6
Rugpuller,tichondrius,576,demonhunter,havoc,12,6,6
Lettüceprey,sargeras,576,demonhunter,havoc,12,6,6
Neutrophilia,area-52,576,demonhunter,havoc,12,6,6
Leeløø,malganis,576,demonhunter,havoc,12,6,6
Maofengou,tichondrius,576,demonhunter,havoc,12,6,6
Fanc,sargeras,576,demonhunter,havoc,12,6,6
Doras,kelthuzad,576,demonhunter,havoc,12,6,6
Demonzunter,tichondrius,576,demonhunter,havoc,12,6,6
Audara,sargeras,576,demonhunter,havoc,12,6,6
Daliandh,sargeras,576,demonhunter,havoc,12,6,6
Trampstampz,darkspear,576,demonhunter,havoc,12,6,6
Beugripperxo,frostmourne,576,demonhunter,havoc,12,6,6
Sathalivanth,lightbringer,576,demonhunter,havoc,12,6,6
Hirumë,quelthalas,576,demonhunter,havoc,12,6,6
Chicletim,azralon,576,demonhunter,havoc,12,6,6
Solriel,malganis,576,demonhunter,havoc,12,6,6
Discos,frostmourne,576,demonhunter,havoc,12,6,6
Whatdagoof,tichondrius,576,demonhunter,havoc,12,6,6
Aslowbust,tichondrius,576,demonhunter,havoc,12,6,6
Shinigameez,proudmoore,576,demonhunter,havoc,12,6,6
Ponytabish,aggramar,576,demonhunter,havoc,12,6,6
Merzinator,korgath,576,demonhunter,havoc,12,6,6
Ânubîs,quelthalas,576,demonhunter,havoc,12,6,6
Daggertooth,tichondrius,576,demonhunter,havoc,12,6,6
Minhzie,moon-guard,576,demonhunter,havoc,12,6,6
Kürosh,kalecgos,576,demonhunter,havoc,12,6,6
Thunderlor,malganis,576,demonhunter,havoc,12,6,6
Morgoph,burning-legion,576,demonhunter,havoc,12,6,6
Ceridas,moon-guard,576,demonhunter,havoc,12,6,6
Anubras,moon-guard,576,demonhunter,havoc,12,6,6
Weskerz,illidan,576,demonhunter,havoc,12,6,6
Frøppy,illidan,576,demonhunter,havoc,12,6,6
Siqx,arthas,576,demonhunter,havoc,12,6,6
Yikari,stormrage,576,demonhunter,havoc,12,6,6
Teleai,kaelthas,576,demonhunter,havoc,12,6,6
Venmora,argent-dawn,576,demonhunter,havoc,12,6,6
Reenah,exodar,576,demonhunter,havoc,12,6,6
Slapxy,illidan,576,demonhunter,havoc,12,6,6
Örx,stormrage,576,demonhunter,havoc,12,6,6
Flamesardan,dalaran,576,demonhunter,havoc,12,6,6
Evelynvc,illidan,576,demonhunter,havoc,12,6,6
Nen,illidan,576,demonhunter,havoc,12,6,6
Pabloh,trollbane,576,demonhunter,havoc,12,6,6
Abadina,illidan,576,demonhunter,havoc,12,6,6
Felraiser,stormrage,576,demonhunter,havoc,12,6,6
Manmilker,bleeding-hollow,576,demonhunter,havoc,12,6,6
Basdminority,bleeding-hollow,576,demonhunter,havoc,12,6,6
Metakigai,ghostlands,576,demonhunter,havoc,12,6,6
Ahsoka,arygos,576,demonhunter,havoc,15,7,8
Gommademon,illidan,576,demonhunter,havoc,13,6,7
Obakehunts,tichondrius,576,demonhunter,havoc,18,6,12
Meliodàs,ragnaros,576,demonhunter,havoc,18,6,12
Harahmbae,moon-guard,576,demonhunter,havoc,18,6,12
Hêlcrank,ragnaros,576,demonhunter,havoc,18,6,12
Demondurk,illidan,576,demonhunter,havoc,18,6,12
Gayrio,sargeras,576,demonhunter,havoc,18,6,12
Dkdakìng,thrall,576,demonhunter,havoc,18,6,12
Vyrai,lightbringer,576,demonhunter,havoc,18,6,12
Kyndrellesa,illidan,576,demonhunter,havoc,18,6,12
Abscarnage,ragnaros,576,demonhunter,havoc,18,6,12
Kelan,borean-tundra,576,demonhunter,havoc,18,6,12
Leeröy,area-52,576,demonhunter,havoc,18,6,12
Dira,kiljaeden,576,demonhunter,havoc,18,6,12
Mòrgoth,kiljaeden,576,demonhunter,havoc,18,6,12
Sailtheskys,tichondrius,576,demonhunter,havoc,18,6,12
Mavrel,moon-guard,576,demonhunter,havoc,18,6,12
Pikächú,stormrage,576,demonhunter,havoc,18,6,12
Kålî,kiljaeden,576,demonhunter,havoc,18,6,12
Xyntel,tichondrius,576,demonhunter,havoc,24,6,18
Danielitaz,ragnaros,576,demonhunter,havoc,26,6,20
Alexprou,area-52,575,demonhunter,havoc,12,6,6
Eyesyk,bonechewer,575,demonhunter,havoc,12,6,6
Safikins,tichondrius,575,demonhunter,havoc,12,6,6
Lysol,darrowmere,575,demonhunter,havoc,12,6,6
Galadorine,laughing-skull,575,demonhunter,havoc,12,6,6
Hottacos,stormrage,575,demonhunter,havoc,12,6,6
Vaanz,illidan,575,demonhunter,havoc,12,6,6
Hootyeahbou,shattered-hand,575,demonhunter,havoc,12,6,6
Liquidblaze,elune,575,demonhunter,havoc,12,6,6
Katsubaby,azralon,575,demonhunter,havoc,13,6,7
Xelonithdh,ysera,575,demonhunter,havoc,16,7,9
Jalet,azralon,575,demonhunter,havoc,18,6,12
Shallana,bloodscalp,575,demonhunter,havoc,18,6,12
ßatmañ,barthilas,575,demonhunter,havoc,18,6,12
Ýizl,ragnaros,575,demonhunter,havoc,18,6,12
Omegadachief,bonechewer,575,demonhunter,havoc,18,6,12
Whezka,ragnaros,575,demonhunter,havoc,18,6,12
Ítachí,eredar,575,demonhunter,havoc,18,6,12
Salveya,stormrage,575,demonhunter,havoc,20,6,14
Moralyndis,wyrmrest-accord,575,demonhunter,havoc,24,6,18
Thedh,ragnaros,575,demonhunter,havoc,24,6,18
Touched,guldan,574,demonhunter,havoc,12,6,6
Haikal,proudmoore,574,demonhunter,havoc,12,6,6
Casualdemon,emerald-dream,574,demonhunter,havoc,12,6,6
Kunitsuna,thunderlord,574,demonhunter,havoc,18,6,12
Falan,drakthul,574,demonhunter,havoc,18,6,12
Trekt,blades-edge,574,demonhunter,havoc,18,6,12
Ðruh,kelthuzad,574,demonhunter,havoc,18,6,12
Ignaz,illidan,574,demonhunter,havoc,24,6,18
Illidunk,tichondrius,574,demonhunter,havoc,24,6,18
Kattsparrow,stormrage,574,demonhunter,havoc,24,6,18
Firesworn,zuljin,573,demonhunter,havoc,12,6,6
Kimchiman,tichondrius,573,demonhunter,havoc,16,7,9
Rhynóe,illidan,573,demonhunter,havoc,18,6,12
Haarzam,quelthalas,572,demonhunter,havoc,12,6,6
Darckside,sargeras,571,demonhunter,havoc,12,6,6
Handael,illidan,571,demonhunter,havoc,12,6,6
Eggandpotato,saurfang,571,demonhunter,havoc,12,6,6
Halaena,moon-guard,571,demonhunter,havoc,24,6,18
Azradhell,quelthalas,571,demonhunter,havoc,24,6,18
Leonardovg,quelthalas,571,demonhunter,havoc,36,6,30
Rampyr,terokkar,569,demonhunter,havoc,12,6,6
Anguloke,wyrmrest-accord,568,demonhunter,havoc,16,7,9
Thjoannys,illidan,567,demonhunter,havoc,12,6,6
Rarespawnjon,tichondrius,567,demonhunter,havoc,18,6,12
Samirr,proudmoore,567,demonhunter,havoc,19,6,13
Elpis,tanaris,565,demonhunter,havoc,14,6,8
Byzzel,barthilas,559,demonhunter,havoc,17,6,11
Ziyutomioka,moon-guard,544,demonhunter,havoc,16,6,10
Thendoral,ragnaros,543,demonhunter,havoc,22,6,16
Felmilk,demon-soul,541,demonhunter,havoc,16,6,10
Junsa,darkspear,527,demonhunter,havoc,11,6,5
Itsplague,tichondrius,527,demonhunter,havoc,17,6,11
Shizune,boulderfist,525,demonhunter,havoc,11,6,5
Endofdaysx,tichondrius,522,demonhunter,havoc,12,7,5
Flaie,illidan,522,demonhunter,havoc,20,7,13
Fifteentolyf,illidan,520,demonhunter,havoc,11,6,5
Wickedlurker,sargeras,519,demonhunter,havoc,17,9,8
Xytonic,bleeding-hollow,511,demonhunter,havoc,11,6,5
Courtesyrss,nemesis,511,demonhunter,havoc,16,6,10
Isedelica,area-52,510,demonhunter,havoc,11,6,5
Vessarin,madoran,510,demonhunter,havoc,20,6,14
Masonliam,kaelthas,510,demonhunter,havoc,32,7,25
Cobra,quelthalas,495,demonhunter,havoc,13,6,7
Tîtø,quelthalas,480,demonhunter,havoc,6,5,1
Synzdh,frostmourne,480,demonhunter,havoc,6,5,1
Lumh,quelthalas,480,demonhunter,havoc,6,5,1
Twobuttonszz,tichondrius,480,demonhunter,havoc,6,5,1
Plecoptera,wyrmrest-accord,480,demonhunter,havoc,6,5,1
Dryxe,moon-guard,480,demonhunter,havoc,6,5,1
Jeifjoiodjfi,illidan,480,demonhunter,havoc,6,5,1
Chaosblood,sargeras,480,demonhunter,havoc,6,5,1
Remix,draka,480,demonhunter,havoc,6,5,1
Pumpñdump,echo-isles,480,demonhunter,havoc,6,5,1
Dornerasio,malganis,480,demonhunter,havoc,6,5,1
Twistedways,tichondrius,480,demonhunter,havoc,6,5,1
Nightcráwler,area-52,480,demonhunter,havoc,6,5,1
Damador,malganis,480,demonhunter,havoc,6,5,1
Milfhuñter,sargeras,480,demonhunter,havoc,6,5,1
Lecherro,silvermoon,480,demonhunter,havoc,6,5,1
Ryntx,moon-guard,480,demonhunter,havoc,6,5,1
Boreath,stormrage,480,demonhunter,havoc,6,5,1
Med,wyrmrest-accord,480,demonhunter,havoc,6,5,1
Mörph,laughing-skull,480,demonhunter,havoc,6,5,1
Kyndh,illidan,480,demonhunter,havoc,6,5,1
Stunnashades,hellscream,480,demonhunter,havoc,6,5,1
Jadistious,gorefiend,480,demonhunter,havoc,6,5,1
Balgrellal,bleeding-hollow,480,demonhunter,havoc,6,5,1
Bátmañ,stormrage,480,demonhunter,havoc,12,5,7
Lolxdh,zuljin,480,demonhunter,havoc,12,5,7
Cabedh,tichondrius,480,demonhunter,havoc,12,5,7
Zach,muradin,480,demonhunter,havoc,12,5,7
Wartornx,tichondrius,480,demonhunter,havoc,12,5,7
Feka,darkspear,480,demonhunter,havoc,12,5,7
Dheria,barthilas,480,demonhunter,havoc,12,5,7
Answersz,moon-guard,480,demonhunter,havoc,12,5,7
Domeemommy,moon-guard,480,demonhunter,havoc,12,5,7
Extínctíon,moon-guard,480,demonhunter,havoc,12,5,7
Ayohsee,azjolnerub,480,demonhunter,havoc,12,5,7
Dimestyle,illidan,480,demonhunter,havoc,12,5,7
Billmurray,skullcrusher,480,demonhunter,havoc,12,5,7
Xiaodudh,tichondrius,480,demonhunter,havoc,12,5,7
Chewyd,illidan,480,demonhunter,havoc,12,5,7
Azuki,lightbringer,480,demonhunter,havoc,12,5,7
Ramrodd,nazgrel,480,demonhunter,havoc,12,5,7
Tyrele,drakkari,480,demonhunter,havoc,12,5,7
Delaían,drakkari,480,demonhunter,havoc,12,5,7
Illidam,arthas,480,demonhunter,havoc,12,5,7
Hausecat,aegwynn,480,demonhunter,havoc,12,5,7
Sailtheskies,tichondrius,480,demonhunter,havoc,12,5,7
Muffjuice,emerald-dream,480,demonhunter,havoc,12,5,7
Laillwina,amanthul,480,demonhunter,havoc,12,5,7
Theenemesis,wildhammer,480,demonhunter,havoc,12,5,7
Izruul,tichondrius,480,demonhunter,havoc,12,5,7
Anthvedroth,area-52,480,demonhunter,havoc,12,5,7
Viewer,frostmourne,480,demonhunter,havoc,12,5,7
Siyfel,area-52,480,demonhunter,havoc,12,5,7
Goodrink,tichondrius,480,demonhunter,havoc,12,5,7
Axldh,tichondrius,480,demonhunter,havoc,12,5,7
Mvpdh,barthilas,480,demonhunter,havoc,12,5,7
Finagel,destromath,480,demonhunter,havoc,12,5,7
Alksndr,sargeras,480,demonhunter,havoc,12,5,7
Hippygamer,frostmourne,480,demonhunter,havoc,12,5,7
Mazar,korgath,480,demonhunter,havoc,12,5,7
Sitchenn,stormrage,480,demonhunter,havoc,12,5,7
Liwx,stormrage,480,demonhunter,havoc,12,5,7
Jaysavåge,azuremyst,480,demonhunter,havoc,12,5,7
Littledh,runetotem,480,demonhunter,havoc,12,5,7
Nazeiro,shadowsong,480,demonhunter,havoc,12,5,7
Chris,nordrassil,480,demonhunter,havoc,12,5,7
Ahurock,ragnaros,480,demonhunter,havoc,12,5,7
Jizzy,shadowmoon,480,demonhunter,havoc,12,5,7
Fabbris,stormrage,480,demonhunter,havoc,12,5,7
Cupernacus,tichondrius,480,demonhunter,havoc,12,5,7
Jarenjackson,area-52,480,demonhunter,havoc,12,5,7
Málifecent,bloodscalp,480,demonhunter,havoc,12,5,7
Teachamp,thrall,480,demonhunter,havoc,12,5,7
Køugami,azralon,480,demonhunter,havoc,12,5,7
Stopmymeta,darkspear,480,demonhunter,havoc,12,5,7
Oberyn,sargeras,480,demonhunter,havoc,12,5,7
Dhworm,azralon,480,demonhunter,havoc,12,5,7
Zelfyrã,malganis,480,demonhunter,havoc,12,5,7
Clîzzy,tichondrius,480,demonhunter,havoc,12,5,7
Hacca,maiev,480,demonhunter,havoc,12,5,7
Doomanthree,sargeras,480,demonhunter,havoc,12,5,7
Besoween,tichondrius,480,demonhunter,havoc,12,5,7
Foozelol,thrall,480,demonhunter,havoc,12,5,7
Hyptonique,queldorei,480,demonhunter,havoc,12,5,7
Löthkru,illidan,480,demonhunter,havoc,12,5,7
Efficacious,zuljin,480,demonhunter,havoc,15,6,9
Keairà,bleeding-hollow,480,demonhunter,havoc,14,5,9
Dèvistate,kelthuzad,480,demonhunter,havoc,18,5,13
Ssadabb,deathwing,480,demonhunter,havoc,18,5,13
Soulrending,stormrage,480,demonhunter,havoc,18,5,13
Arthoridan,proudmoore,480,demonhunter,havoc,18,5,13
Robvyn,tichondrius,480,demonhunter,havoc,18,5,13
Resumption,malganis,480,demonhunter,havoc,18,5,13
Dracxus,sargeras,480,demonhunter,havoc,18,5,13
Syekara,sargeras,480,demonhunter,havoc,18,5,13
Zoomie,durotan,480,demonhunter,havoc,18,5,13
Inssurgent,nagrand,480,demonhunter,havoc,18,5,13
Vaporra,area-52,480,demonhunter,havoc,18,5,13
Eyebeamtowin,stormrage,480,demonhunter,havoc,18,5,13
Yés,illidan,480,demonhunter,havoc,18,5,13
Barael,tichondrius,480,demonhunter,havoc,18,5,13
Greengodess,tichondrius,480,demonhunter,havoc,24,5,19
Neve,tichondrius,480,demonhunter,havoc,24,5,19
Roozi,tichondrius,480,demonhunter,havoc,24,5,19
Pwnagextreme,area-52,479,demonhunter,havoc,6,5,1
Jizzidan,blackhand,479,demonhunter,havoc,6,5,1
Critxclutch,tichondrius,479,demonhunter,havoc,10,6,4
Prepared,malganis,479,demonhunter,havoc,12,5,7
Desphiction,frostmourne,479,demonhunter,havoc,12,5,7
Cazcabal,drakkari,479,demonhunter,havoc,12,5,7
Darksraven,barthilas,479,demonhunter,havoc,12,5,7
Elfdiablo,bonechewer,479,demonhunter,havoc,12,5,7
Denathrion,moon-guard,479,demonhunter,havoc,12,5,7
ßoobiemiles,area-52,479,demonhunter,havoc,12,5,7
Horndawgg,zuljin,479,demonhunter,havoc,12,5,7
Lücifër,rexxar,479,demonhunter,havoc,12,5,7
Shazun,ragnaros,479,demonhunter,havoc,12,5,7
Fliar,black-dragonflight,479,demonhunter,havoc,12,5,7
Terruz,arathor,479,demonhunter,havoc,12,5,7
Pocahotnes,stormrage,479,demonhunter,havoc,12,5,7
Epicfront,darkspear,479,demonhunter,havoc,12,5,7
Ezymode,stormrage,479,demonhunter,havoc,12,5,7
Kraezyrite,kelthuzad,479,demonhunter,havoc,18,5,13
Bonebtwo,area-52,479,demonhunter,havoc,18,5,13
Demonlee,jubeithos,479,demonhunter,havoc,18,5,13
Kritik,goldrinn,478,demonhunter,havoc,12,5,7
Seshirio,tichondrius,475,demonhunter,havoc,12,5,7
Rouzk,ragnaros,474,demonhunter,havoc,12,5,7
Mentoes,tichondrius,473,demonhunter,havoc,12,5,7
Jojomojo,proudmoore,473,demonhunter,havoc,15,6,9
Anadix,tichondrius,472,demonhunter,havoc,12,5,7
Liriadim,quelthalas,447,demonhunter,havoc,11,5,6
Elrr,drakkari,447,demonhunter,havoc,23,5,18
Raum,elune,443,demonhunter,havoc,8,6,2
Duwap,zuljin,432,demonhunter,havoc,9,6,3
Axxy,proudmoore,432,demonhunter,havoc,9,5,4
Bituhvic,stormrage,431,demonhunter,havoc,11,5,6
Hydrad,thrall,431,demonhunter,havoc,17,5,12
Verdantveins,frostmourne,431,demonhunter,havoc,24,7,17
Annxyìng,tichondrius,426,demonhunter,havoc,14,6,8
Lurx,saurfang,426,demonhunter,havoc,16,6,10
Dákron,quelthalas,415,demonhunter,havoc,8,5,3
Preamcie,moon-guard,415,demonhunter,havoc,10,5,5
Bladezues,tichondrius,415,demonhunter,havoc,14,5,9
Blinddude,sargeras,415,demonhunter,havoc,14,5,9
Teenis,malygos,412,demonhunter,havoc,14,5,9
Florks,area-52,400,demonhunter,havoc,7,5,2
Eyu,hyjal,384,demonhunter,havoc,6,4,2
Hezmana,velen,384,demonhunter,havoc,6,4,2
Buenobunny,tichondrius,384,demonhunter,havoc,6,4,2
Rykudh,azuremyst,384,demonhunter,havoc,6,4,2
Jumpballz,tichondrius,384,demonhunter,havoc,6,4,2
Aleryn,malganis,384,demonhunter,havoc,6,4,2
Yolandei,malganis,384,demonhunter,havoc,6,4,2
Tiriøsh,area-52,384,demonhunter,havoc,6,4,2
Uncleruckus,bloodscalp,384,demonhunter,havoc,6,4,2
Riddickdh,malfurion,384,demonhunter,havoc,6,4,2
Krament,ragnaros,384,demonhunter,havoc,6,4,2
Fiberz,malganis,384,demonhunter,havoc,6,4,2
Ineptbb,frostmourne,384,demonhunter,havoc,6,4,2
Trilldh,illidan,384,demonhunter,havoc,6,4,2
Cyphre,tichondrius,384,demonhunter,havoc,6,4,2
Darkrëaper,azralon,384,demonhunter,havoc,6,4,2
Deezhuntz,anvilmar,384,demonhunter,havoc,6,4,2
Nocapfrfrong,tichondrius,384,demonhunter,havoc,6,4,2
Heygriffin,proudmoore,384,demonhunter,havoc,6,4,2
Vynrage,trollbane,384,demonhunter,havoc,6,4,2
Verasu,kiljaeden,384,demonhunter,havoc,6,4,2
Sharpdh,frostmourne,384,demonhunter,havoc,6,4,2
Prodgy,quelthalas,384,demonhunter,havoc,6,4,2
Abakkio,kelthuzad,384,demonhunter,havoc,6,4,2
Solre,area-52,384,demonhunter,havoc,6,4,2
Parabolicc,illidan,384,demonhunter,havoc,6,4,2
Abduragozik,stormrage,384,demonhunter,havoc,6,4,2
Kormraven,moon-guard,384,demonhunter,havoc,6,4,2
Cwrld,area-52,384,demonhunter,havoc,6,4,2
Xül,vashj,384,demonhunter,havoc,6,4,2
Layía,tichondrius,384,demonhunter,havoc,6,4,2
Kâirn,area-52,384,demonhunter,havoc,6,4,2
Darkah,icecrown,384,demonhunter,havoc,6,4,2
Zachxd,muradin,384,demonhunter,havoc,6,4,2
Nèzúko,stormrage,384,demonhunter,havoc,6,4,2
Doomkaiser,aerie-peak,384,demonhunter,havoc,6,4,2
Yågåmist,dalaran,384,demonhunter,havoc,6,4,2
Fishslildh,area-52,384,demonhunter,havoc,6,4,2
Galgy,ragnaros,384,demonhunter,havoc,6,4,2
Enorai,aggramar,384,demonhunter,havoc,6,4,2
Uhugo,kiljaeden,384,demonhunter,havoc,6,4,2
Monteego,stormrage,384,demonhunter,havoc,6,4,2
Rembestgirl,rivendare,384,demonhunter,havoc,6,4,2
Ultear,the-venture-co,384,demonhunter,havoc,6,4,2
Khaosx,ragnaros,384,demonhunter,havoc,6,4,2
Fellsoulz,area-52,384,demonhunter,havoc,6,4,2
Anathørn,quelthalas,384,demonhunter,havoc,6,4,2
Trewayy,emerald-dream,384,demonhunter,havoc,6,4,2
Henhome,illidan,384,demonhunter,havoc,6,4,2
Nihilist,kaelthas,384,demonhunter,havoc,6,4,2
Knowah,area-52,384,demonhunter,havoc,6,4,2
Bopersdh,drakkari,384,demonhunter,havoc,6,4,2
Soulnak,blackwater-raiders,384,demonhunter,havoc,6,4,2
Vinny,nazgrel,384,demonhunter,havoc,6,4,2
Veðrfølnir,area-52,384,demonhunter,havoc,6,4,2
Niketa,vashj,384,demonhunter,havoc,6,4,2
Wockysippa,illidan,384,demonhunter,havoc,6,4,2
Skeethunter,tichondrius,384,demonhunter,havoc,6,4,2
Hordesback,illidan,384,demonhunter,havoc,6,4,2
Chaosthéory,kelthuzad,384,demonhunter,havoc,6,4,2
Nänimo,area-52,384,demonhunter,havoc,6,4,2
Goosemongle,bleeding-hollow,384,demonhunter,havoc,6,4,2
Dareassassin,tichondrius,384,demonhunter,havoc,6,4,2
Déörwine,quelthalas,384,demonhunter,havoc,6,4,2
Latah,zuljin,384,demonhunter,havoc,6,4,2
Kottàs,area-52,384,demonhunter,havoc,6,4,2
Elfro,kelthuzad,384,demonhunter,havoc,6,4,2
Fluoroh,frostmourne,384,demonhunter,havoc,6,4,2
Rynus,tichondrius,384,demonhunter,havoc,6,4,2
Toryhunts,sargeras,384,demonhunter,havoc,6,4,2
Xgelo,illidan,384,demonhunter,havoc,6,4,2
Lucaria,sargeras,384,demonhunter,havoc,6,4,2
Bigdingding,area-52,384,demonhunter,havoc,6,4,2
Alyzihä,tichondrius,384,demonhunter,havoc,6,4,2
Genji,baelgun,384,demonhunter,havoc,6,4,2
Wöko,tichondrius,384,demonhunter,havoc,6,4,2
Saliib,bleeding-hollow,384,demonhunter,havoc,6,4,2
Shifttee,trollbane,384,demonhunter,havoc,6,4,2
Domoredamage,sargeras,384,demonhunter,havoc,6,4,2
Bananabrain,mannoroth,384,demonhunter,havoc,6,4,2
Slyblitz,bleeding-hollow,384,demonhunter,havoc,6,4,2
Tristanzx,sargeras,384,demonhunter,havoc,6,4,2
Wogarg,sargeras,384,demonhunter,havoc,6,4,2
Tragedydh,sargeras,384,demonhunter,havoc,6,4,2
Hellray,arthas,384,demonhunter,havoc,9,5,4
Trizza,blackhand,384,demonhunter,havoc,9,5,4
Illidaço,nemesis,384,demonhunter,havoc,10,5,5
Fraxxured,proudmoore,384,demonhunter,havoc,12,4,8
Xilanthrus,moon-guard,384,demonhunter,havoc,12,4,8
Hadgart,ragnaros,384,demonhunter,havoc,12,4,8
Hellishunter,illidan,384,demonhunter,havoc,12,4,8
Sathsong,tichondrius,384,demonhunter,havoc,12,4,8
Blackclóver,drakkari,384,demonhunter,havoc,12,4,8
Tindoll,dalaran,384,demonhunter,havoc,12,4,8
Overcrisis,quelthalas,384,demonhunter,havoc,12,4,8
Drîp,moon-guard,384,demonhunter,havoc,12,4,8
Dhsoop,tichondrius,384,demonhunter,havoc,12,4,8
Wunderbrah,sargeras,384,demonhunter,havoc,12,4,8
Lìnc,sargeras,384,demonhunter,havoc,12,4,8
Zzatmikaze,area-52,384,demonhunter,havoc,12,4,8
Dystopik,area-52,384,demonhunter,havoc,12,4,8
Mikemyoffice,illidan,384,demonhunter,havoc,12,4,8
Bleaster,malganis,384,demonhunter,havoc,12,4,8
Popsmok,thunderlord,384,demonhunter,havoc,12,4,8
Anomander,khazgoroth,384,demonhunter,havoc,12,4,8
Reapersauce,illidan,384,demonhunter,havoc,12,4,8
Baldreyna,malganis,384,demonhunter,havoc,12,4,8
Mommafingers,illidan,384,demonhunter,havoc,12,4,8
Fenthras,thrall,384,demonhunter,havoc,12,4,8
Wedemthugz,darkspear,384,demonhunter,havoc,12,4,8
Coorlight,thrall,384,demonhunter,havoc,12,4,8
Gulies,blackrock,384,demonhunter,havoc,12,4,8
Azerit,tichondrius,384,demonhunter,havoc,12,4,8
Phloridaman,stormrage,384,demonhunter,havoc,12,4,8
Contactfront,whisperwind,384,demonhunter,havoc,12,4,8
Thetim,kelthuzad,384,demonhunter,havoc,12,4,8
Separate,stormrage,384,demonhunter,havoc,12,4,8
Blade,khadgar,384,demonhunter,havoc,12,4,8
Dhtimes,ragnaros,384,demonhunter,havoc,12,4,8
Butterfinger,greymane,384,demonhunter,havoc,12,4,8
Lazerbeans,chogall,384,demonhunter,havoc,12,4,8
Zugzugtime,jubeithos,384,demonhunter,havoc,12,4,8
Noliaclap,sargeras,384,demonhunter,havoc,12,4,8
Bazul,tichondrius,384,demonhunter,havoc,12,4,8
Vallar,bleeding-hollow,384,demonhunter,havoc,12,4,8
Ahernn,tichondrius,384,demonhunter,havoc,12,4,8
Dhibjorf,destromath,384,demonhunter,havoc,12,4,8
Øxxy,azralon,384,demonhunter,havoc,12,4,8
Kaldaz,azralon,384,demonhunter,havoc,12,4,8
Temporarý,bleeding-hollow,384,demonhunter,havoc,12,4,8
Sãber,the-underbog,384,demonhunter,havoc,12,4,8
Kelprii,emerald-dream,384,demonhunter,havoc,12,4,8
Noyan,tichondrius,384,demonhunter,havoc,17,4,13
Shidz,frostmourne,384,demonhunter,havoc,18,4,14
Bloodfang,kul-tiras,384,demonhunter,havoc,18,4,14
Striyker,shadow-council,384,demonhunter,havoc,18,4,14
Sotoggez,quelthalas,384,demonhunter,havoc,18,4,14
Dandrusangel,nesingwary,384,demonhunter,havoc,18,4,14
Bevodh,tichondrius,384,demonhunter,havoc,18,4,14
Ravesx,illidan,384,demonhunter,havoc,18,4,14
Roodblurz,zuljin,384,demonhunter,havoc,18,4,14
Demonichoov,thrall,384,demonhunter,havoc,18,4,14
Anhkaym,tichondrius,383,demonhunter,havoc,6,4,2
Syngoth,wyrmrest-accord,383,demonhunter,havoc,6,4,2
Severon,stormrage,383,demonhunter,havoc,6,4,2
Inflightjazz,area-52,383,demonhunter,havoc,6,4,2
Sheiltan,frostmourne,383,demonhunter,havoc,6,4,2
Viridoom,stormrage,383,demonhunter,havoc,6,4,2
Andelefien,emerald-dream,383,demonhunter,havoc,6,4,2
Celestialpug,dalaran,383,demonhunter,havoc,10,5,5
Ahzalor,azralon,383,demonhunter,havoc,12,4,8
Ayestar,tichondrius,383,demonhunter,havoc,12,4,8
Vellinaris,zuljin,383,demonhunter,havoc,12,4,8
ßeelz,bleeding-hollow,383,demonhunter,havoc,12,4,8
Themurderer,area-52,383,demonhunter,havoc,12,4,8
Righton,black-dragonflight,383,demonhunter,havoc,12,4,8
Mythricus,tichondrius,383,demonhunter,havoc,12,4,8
Draktyl,bronzebeard,383,demonhunter,havoc,12,4,8
Felieda,malfurion,383,demonhunter,havoc,12,4,8
Henkdh,tichondrius,383,demonhunter,havoc,12,4,8
Moongaria,greymane,383,demonhunter,havoc,12,4,8
Flearemedy,moon-guard,383,demonhunter,havoc,12,4,8
Denel,laughing-skull,383,demonhunter,havoc,18,4,14
Dreâd,illidan,383,demonhunter,havoc,18,4,14
Demonslayyer,saurfang,383,demonhunter,havoc,30,4,26
Sarkras,andorhal,382,demonhunter,havoc,6,4,2
Woowho,dalaran,382,demonhunter,havoc,6,4,2
Dashblack,hellscream,382,demonhunter,havoc,6,4,2
Raptoxx,area-52,382,demonhunter,havoc,6,4,2
Xiin,cenarion-circle,382,demonhunter,havoc,12,4,8
Saladuoduo,illidan,382,demonhunter,havoc,12,4,8
Agramun,ragnaros,381,demonhunter,havoc,12,4,8
Killercooter,area-52,381,demonhunter,havoc,12,4,8
Canyaner,ragnaros,381,demonhunter,havoc,20,5,15
Yesnah,emerald-dream,378,demonhunter,havoc,13,4,9
Lúcy,malganis,367,demonhunter,havoc,11,4,7
Zaddii,tichondrius,367,demonhunter,havoc,17,4,13
Viølance,area-52,351,demonhunter,havoc,8,5,3
Selenerose,stormrage,351,demonhunter,havoc,8,5,3
Velareal,stormscale,351,demonhunter,havoc,11,4,7
Findoratoqc,darrowmere,351,demonhunter,havoc,11,4,7
Xiruu,area-52,336,demonhunter,havoc,15,5,10
Deadlysin,dragonmaw,336,demonhunter,havoc,15,4,11
Emola,twisting-nether,335,demonhunter,havoc,9,4,5
Lehvi,kiljaeden,335,demonhunter,havoc,11,4,7
Chad,anvilmar,330,demonhunter,havoc,12,5,7
Waos,maelstrom,330,demonhunter,havoc,16,5,11
Criyn,kelthuzad,330,demonhunter,havoc,17,5,12
Ivexia,blackrock,320,demonhunter,havoc,10,4,6
Acelolzz,illidan,320,demonhunter,havoc,10,4,6
Rákdos,illidan,319,demonhunter,havoc,8,4,4
Gibbz,wyrmrest-accord,304,demonhunter,havoc,11,5,6
Wildfel,ragnaros,302,demonhunter,havoc,13,4,9
Demonhide,malganis,288,demonhunter,havoc,7,4,3
Celestez,kelthuzad,288,demonhunter,havoc,6,3,3
Bdawg,frostmourne,288,demonhunter,havoc,6,3,3
Rangdris,illidan,288,demonhunter,havoc,6,3,3
Babrahamlnkn,bleeding-hollow,288,demonhunter,havoc,6,3,3
Oõp,deathwing,288,demonhunter,havoc,6,3,3
Paràgon,illidan,288,demonhunter,havoc,6,3,3
Blingtrön,malganis,288,demonhunter,havoc,6,3,3
Illipo,illidan,288,demonhunter,havoc,6,3,3
Asukaxox,illidan,288,demonhunter,havoc,6,3,3
Talsaris,drakthul,288,demonhunter,havoc,6,3,3
Rartchaser,moon-guard,288,demonhunter,havoc,6,3,3
Slodeath,zuljin,288,demonhunter,havoc,6,3,3
Treyydh,illidan,288,demonhunter,havoc,6,3,3
Yongfeel,tichondrius,288,demonhunter,havoc,6,3,3
Zaveen,kelthuzad,288,demonhunter,havoc,6,3,3
ßeelzëbub,icecrown,288,demonhunter,havoc,6,3,3
Usagitsukino,icecrown,288,demonhunter,havoc,6,3,3
Illídab,illidan,288,demonhunter,havoc,6,3,3
Sxzure,frostmourne,288,demonhunter,havoc,6,3,3
Âsmodeus,laughing-skull,288,demonhunter,havoc,6,3,3
Danthedh,illidan,288,demonhunter,havoc,6,3,3
Mèrlyn,sargeras,288,demonhunter,havoc,6,3,3
Felther,illidan,288,demonhunter,havoc,6,3,3
Gonpanchirow,moon-guard,288,demonhunter,havoc,6,3,3
Tõji,illidan,288,demonhunter,havoc,6,3,3
Velerolas,area-52,288,demonhunter,havoc,6,3,3
Slakë,azralon,288,demonhunter,havoc,6,3,3
Summat,sargeras,288,demonhunter,havoc,6,3,3
Walluped,malganis,288,demonhunter,havoc,6,3,3
Dabsvs,ragnaros,288,demonhunter,havoc,6,3,3
Imissher,dalaran,288,demonhunter,havoc,6,3,3
Demønical,dalaran,288,demonhunter,havoc,6,3,3
Sillybilly,aggramar,288,demonhunter,havoc,6,3,3
Cäncèr,area-52,288,demonhunter,havoc,6,3,3
Glaived,moon-guard,288,demonhunter,havoc,6,3,3
Xetta,burning-legion,288,demonhunter,havoc,6,3,3
Fracxures,area-52,288,demonhunter,havoc,6,3,3
Teufelhundn,tichondrius,288,demonhunter,havoc,6,3,3
Tnuggz,tichondrius,288,demonhunter,havoc,6,3,3
Felform,area-52,288,demonhunter,havoc,6,3,3
Kamakhasi,bleeding-hollow,288,demonhunter,havoc,6,3,3
Oriesh,auchindoun,288,demonhunter,havoc,6,3,3
Noóve,area-52,288,demonhunter,havoc,6,3,3
Arlequhin,ragnaros,288,demonhunter,havoc,6,3,3
Riodh,area-52,288,demonhunter,havoc,6,3,3
Powerx,sargeras,288,demonhunter,havoc,6,3,3
Bkeight,dalaran,288,demonhunter,havoc,6,3,3
Knivesdh,area-52,288,demonhunter,havoc,6,3,3
Gilidar,terenas,288,demonhunter,havoc,6,3,3
Dettlaff,sentinels,288,demonhunter,havoc,6,3,3
Grevdawg,barthilas,288,demonhunter,havoc,6,3,3
Bouldhunter,argent-dawn,288,demonhunter,havoc,6,3,3
Gnatman,skywall,288,demonhunter,havoc,6,3,3
Totheglaive,sargeras,288,demonhunter,havoc,6,3,3
Zalenn,whisperwind,288,demonhunter,havoc,6,3,3
Soquk,tichondrius,288,demonhunter,havoc,6,3,3
Treeüs,sargeras,288,demonhunter,havoc,6,3,3
Syndromedown,thrall,288,demonhunter,havoc,6,3,3
Shacco,bleeding-hollow,288,demonhunter,havoc,6,3,3
Miraill,goldrinn,288,demonhunter,havoc,6,3,3
Luckydeath,burning-legion,288,demonhunter,havoc,6,3,3
Elgreezy,sargeras,288,demonhunter,havoc,6,3,3
Lyrndrial,wildhammer,288,demonhunter,havoc,6,3,3
Ledge,azuremyst,288,demonhunter,havoc,6,3,3
Suddensky,sargeras,288,demonhunter,havoc,6,3,3
Viscera,trollbane,288,demonhunter,havoc,6,3,3
Belzabath,tichondrius,288,demonhunter,havoc,6,3,3
Pointsthief,tichondrius,288,demonhunter,havoc,6,3,3
Metta,malorne,288,demonhunter,havoc,6,3,3
Darkstein,nathrezim,288,demonhunter,havoc,6,3,3
Darkrushour,tichondrius,288,demonhunter,havoc,6,3,3
Unforgiving,the-forgotten-coast,288,demonhunter,havoc,6,3,3
Youngillidan,draka,288,demonhunter,havoc,6,3,3
Mungerbeam,dathremar,288,demonhunter,havoc,6,3,3
Kawaiiakitty,tichondrius,288,demonhunter,havoc,6,3,3
Sinstained,korgath,288,demonhunter,havoc,6,3,3
Walk,kul-tiras,288,demonhunter,havoc,6,3,3
Songtwo,frostmourne,288,demonhunter,havoc,6,3,3
Mythik,hyjal,288,demonhunter,havoc,6,3,3
Yunjiia,stormrage,288,demonhunter,havoc,6,3,3
Toejab,tichondrius,288,demonhunter,havoc,6,3,3
Kayron,tichondrius,288,demonhunter,havoc,6,3,3
Zax,gurubashi,288,demonhunter,havoc,6,3,3
Saeladia,stormrage,288,demonhunter,havoc,6,3,3
Careestal,stormrage,288,demonhunter,havoc,6,3,3
Wingsofhavoc,darkspear,288,demonhunter,havoc,6,3,3
Gerudodragon,maiev,288,demonhunter,havoc,6,3,3
Brattysis,tichondrius,288,demonhunter,havoc,6,3,3
Zeppelìn,stormrage,288,demonhunter,havoc,6,3,3
Safiyya,proudmoore,288,demonhunter,havoc,6,3,3
Waqqy,tichondrius,288,demonhunter,havoc,6,3,3
Quiksilverv,khazgoroth,288,demonhunter,havoc,6,3,3
Melirius,stormrage,288,demonhunter,havoc,6,3,3
Buttahfly,moon-guard,288,demonhunter,havoc,10,4,6
Malchou,shattered-hand,288,demonhunter,havoc,8,3,5
Yukivu,tichondrius,288,demonhunter,havoc,8,3,5
Eeresh,argent-dawn,288,demonhunter,havoc,11,4,7
Hisokafreecs,azralon,288,demonhunter,havoc,10,3,7
Inpain,ysera,288,demonhunter,havoc,14,4,10
Katsuucurry,tichondrius,288,demonhunter,havoc,12,3,9
Lizzmistress,tichondrius,288,demonhunter,havoc,12,3,9
Yabe,tichondrius,288,demonhunter,havoc,12,3,9
Daso,the-forgotten-coast,288,demonhunter,havoc,12,3,9
Carrîôn,tichondrius,288,demonhunter,havoc,12,3,9
Demontime,the-forgotten-coast,288,demonhunter,havoc,12,3,9
Azziria,aerie-peak,288,demonhunter,havoc,12,3,9
Missbhavin,kelthuzad,288,demonhunter,havoc,12,3,9
Zudo,amanthul,288,demonhunter,havoc,12,3,9
Sixcats,jaedenar,288,demonhunter,havoc,12,3,9
Kraky,nemesis,288,demonhunter,havoc,12,3,9
Heriser,azralon,288,demonhunter,havoc,12,3,9
Rasgon,azralon,288,demonhunter,havoc,12,3,9
Nayton,frostmourne,288,demonhunter,havoc,12,3,9
Justinthomas,khaz-modan,288,demonhunter,havoc,12,3,9
Akasla,stormrage,288,demonhunter,havoc,12,3,9
Daabsdh,thrall,288,demonhunter,havoc,12,3,9
Notörious,darkspear,288,demonhunter,havoc,12,3,9
Aventear,wyrmrest-accord,288,demonhunter,havoc,12,3,9
Meltdowns,tichondrius,288,demonhunter,havoc,12,3,9
Elflerri,area-52,288,demonhunter,havoc,12,3,9
Çløûdïx,tichondrius,288,demonhunter,havoc,12,3,9
Saelyssaelis,moon-guard,288,demonhunter,havoc,12,3,9
Dmfeetpics,dalaran,288,demonhunter,havoc,12,3,9
Dirtyd,dragonmaw,288,demonhunter,havoc,12,3,9
Greenweene,illidan,288,demonhunter,havoc,12,3,9
Singueta,stormrage,288,demonhunter,havoc,12,3,9
Denadiirx,area-52,288,demonhunter,havoc,12,3,9
Shamock,aggramar,288,demonhunter,havoc,12,3,9
Wotlkdh,area-52,288,demonhunter,havoc,12,3,9
Klàus,quelthalas,288,demonhunter,havoc,12,3,9
Shadynãsty,drakthul,288,demonhunter,havoc,12,3,9
Dhneedsbuff,tichondrius,288,demonhunter,havoc,12,3,9
Occula,moon-guard,288,demonhunter,havoc,12,3,9
Demonkets,proudmoore,288,demonhunter,havoc,12,3,9
Felfloozy,illidan,288,demonhunter,havoc,12,3,9
Thalnoes,proudmoore,288,demonhunter,havoc,12,3,9
Skrimpi,dalaran,288,demonhunter,havoc,12,3,9
Nightsatan,stormrage,288,demonhunter,havoc,12,3,9
Albinohobo,emerald-dream,288,demonhunter,havoc,12,3,9
Cantsapthis,azgalor,288,demonhunter,havoc,12,3,9
Mirante,illidan,288,demonhunter,havoc,12,3,9
Atriax,kelthuzad,288,demonhunter,havoc,12,3,9
Namiisann,terenas,288,demonhunter,havoc,12,3,9
Félmoose,moon-guard,288,demonhunter,havoc,12,3,9
Jxda,tichondrius,288,demonhunter,havoc,15,3,12
Smokinops,stormrage,288,demonhunter,havoc,18,3,15
Talias,whisperwind,288,demonhunter,havoc,18,3,15
Vellassa,stormscale,288,demonhunter,havoc,18,3,15
Hpmaxin,tichondrius,288,demonhunter,havoc,18,3,15
Lavantora,tichondrius,288,demonhunter,havoc,23,3,20
Rainblast,darkspear,287,demonhunter,havoc,6,3,3
Illa,dunemaul,287,demonhunter,havoc,6,3,3
Devilina,khadgar,287,demonhunter,havoc,6,3,3
Dinoco,darkspear,287,demonhunter,havoc,6,3,3
Haydet,stormrage,287,demonhunter,havoc,6,3,3
Holescrewer,tichondrius,287,demonhunter,havoc,6,3,3
Slixxk,sargeras,287,demonhunter,havoc,9,4,5
Flashey,moknathal,287,demonhunter,havoc,12,3,9
Villoria,kul-tiras,287,demonhunter,havoc,12,3,9
Lsnusnul,illidan,286,demonhunter,havoc,6,3,3
Darkknightjt,durotan,286,demonhunter,havoc,6,3,3
Ipoopzonu,tichondrius,286,demonhunter,havoc,6,3,3
Psythe,undermine,286,demonhunter,havoc,12,3,9
Daddysplints,sargeras,286,demonhunter,havoc,18,3,15
Pekkora,illidan,284,demonhunter,havoc,12,3,9
Cbt,grizzly-hills,256,demonhunter,havoc,10,3,7
Crixn,frostmourne,255,demonhunter,havoc,12,4,8
Nikator,emerald-dream,255,demonhunter,havoc,11,3,8
Azàzel,quelthalas,239,demonhunter,havoc,5,3,2
Vickyvette,illidan,239,demonhunter,havoc,5,3,2
Thenydiel,ragnaros,239,demonhunter,havoc,5,3,2
Hoppygofast,darkspear,239,demonhunter,havoc,5,3,2
Divinehorse,tichondrius,234,demonhunter,havoc,10,5,5
Question,spirestone,234,demonhunter,havoc,13,5,8
Kryzthed,drakkari,233,demonhunter,havoc,13,4,9
Onihunter,zangarmarsh,208,demonhunter,havoc,7,3,4
Zanecksbinge,skullcrusher,192,demonhunter,havoc,8,3,5
Syrendris,moon-guard,192,demonhunter,havoc,8,3,5
Thedhdream,frostmourne,192,demonhunter,havoc,9,3,6
String,tanaris,192,demonhunter,havoc,6,2,4
Ridemypiig,arygos,192,demonhunter,havoc,6,2,4
Impaledurgf,tichondrius,192,demonhunter,havoc,6,2,4
Arandë,earthen-ring,192,demonhunter,havoc,6,2,4
Pouncydemon,duskwood,192,demonhunter,havoc,6,2,4
Eboy,llane,192,demonhunter,havoc,6,2,4
Mybulma,bleeding-hollow,192,demonhunter,havoc,6,2,4
Daracu,aerie-peak,192,demonhunter,havoc,6,2,4
Grfauxrush,sargeras,192,demonhunter,havoc,6,2,4
Aleta,firetree,192,demonhunter,havoc,6,2,4
Zethh,drakkari,192,demonhunter,havoc,6,2,4
Nhoxell,ragnaros,192,demonhunter,havoc,6,2,4
Lustsama,ragnaros,192,demonhunter,havoc,6,2,4
Ecstassy,tichondrius,192,demonhunter,havoc,6,2,4
Joyboyop,sargeras,192,demonhunter,havoc,6,2,4
Shankszs,sargeras,192,demonhunter,havoc,6,2,4
Angelbreat,tichondrius,192,demonhunter,havoc,6,2,4
Fenrirsend,proudmoore,192,demonhunter,havoc,6,2,4
Arkynth,dalaran,192,demonhunter,havoc,6,2,4
Downbadsimp,tichondrius,192,demonhunter,havoc,6,2,4
Sarallesta,tichondrius,192,demonhunter,havoc,6,2,4
Xgiane,ragnaros,192,demonhunter,havoc,6,2,4
Exhawkdh,tichondrius,192,demonhunter,havoc,6,2,4
Demoverdugo,ragnaros,192,demonhunter,havoc,6,2,4
Sargery,sargeras,192,demonhunter,havoc,6,2,4
Illidanmello,proudmoore,192,demonhunter,havoc,6,2,4
Genxlobo,bleeding-hollow,192,demonhunter,havoc,6,2,4
Diskiller,sargeras,192,demonhunter,havoc,6,2,4
Rúbini,azralon,192,demonhunter,havoc,6,2,4
Slaymore,sargeras,192,demonhunter,havoc,6,2,4
Naresaris,proudmoore,192,demonhunter,havoc,6,2,4
Renatha,ragnaros,192,demonhunter,havoc,6,2,4
Elaurenne,sargeras,192,demonhunter,havoc,6,2,4
Vulgøre,illidan,192,demonhunter,havoc,6,2,4
Cryolite,sargeras,192,demonhunter,havoc,6,2,4
Cocopapa,tichondrius,192,demonhunter,havoc,6,2,4
Annmílls,quelthalas,192,demonhunter,havoc,6,2,4
Kernan,moon-guard,192,demonhunter,havoc,6,2,4
Sparklepunch,stormrage,192,demonhunter,havoc,6,2,4
Throtegoat,illidan,192,demonhunter,havoc,6,2,4
Eazxyxo,sargeras,192,demonhunter,havoc,6,2,4
Xannaa,illidan,192,demonhunter,havoc,6,2,4
Illimare,tichondrius,192,demonhunter,havoc,6,2,4
Rkakda,thunderlord,192,demonhunter,havoc,6,2,4
Lookatdishoe,tichondrius,192,demonhunter,havoc,6,2,4
Gildarts,illidan,192,demonhunter,havoc,6,2,4
Icäntseé,queldorei,192,demonhunter,havoc,6,2,4
Cirillas,illidan,192,demonhunter,havoc,6,2,4
Krador,wyrmrest-accord,192,demonhunter,havoc,6,2,4
Kiau,chogall,192,demonhunter,havoc,6,2,4
Fillmikehunt,kelthuzad,192,demonhunter,havoc,6,2,4
Malec,bleeding-hollow,192,demonhunter,havoc,6,2,4
Texts,norgannon,192,demonhunter,havoc,6,2,4
Ambitiòn,moon-guard,192,demonhunter,havoc,6,2,4
Metha,kiljaeden,192,demonhunter,havoc,6,2,4
Blynx,destromath,192,demonhunter,havoc,6,2,4
Iando,lightnings-blade,192,demonhunter,havoc,6,2,4
Mäläk,zuluhed,192,demonhunter,havoc,6,2,4
Yhell,darkspear,192,demonhunter,havoc,6,2,4
Skol,andorhal,192,demonhunter,havoc,6,2,4
Rôxàná,stormrage,192,demonhunter,havoc,6,2,4
Riot,nazgrel,192,demonhunter,havoc,6,2,4
Zeldris,duskwood,192,demonhunter,havoc,6,2,4
Dirtydone,area-52,192,demonhunter,havoc,6,2,4
Kramdh,area-52,192,demonhunter,havoc,6,2,4
Illdaira,windrunner,192,demonhunter,havoc,6,2,4
Jammistraza,skywall,192,demonhunter,havoc,6,2,4
Cakxx,tichondrius,192,demonhunter,havoc,6,2,4
Narilna,stormrage,192,demonhunter,havoc,6,2,4
Gopump,area-52,192,demonhunter,havoc,6,2,4
Asuliana,stormrage,192,demonhunter,havoc,6,2,4
Ragath,bonechewer,192,demonhunter,havoc,6,2,4
Kobeforever,area-52,192,demonhunter,havoc,6,2,4
Cordianx,area-52,192,demonhunter,havoc,6,2,4
Vyndh,area-52,192,demonhunter,havoc,6,2,4
Morbidfetus,thunderlord,192,demonhunter,havoc,6,2,4
Hansi,area-52,192,demonhunter,havoc,6,2,4
Xanthrodril,illidan,192,demonhunter,havoc,6,2,4
Throwglaive,moon-guard,192,demonhunter,havoc,6,2,4
Gogiban,tichondrius,192,demonhunter,havoc,6,2,4
Kruulanian,zuljin,192,demonhunter,havoc,6,2,4
Sodí,moon-guard,192,demonhunter,havoc,6,2,4
Jozeez,emerald-dream,192,demonhunter,havoc,6,2,4
Wïldside,tichondrius,192,demonhunter,havoc,6,2,4
Himawariuzu,hyjal,192,demonhunter,havoc,6,2,4
Davedh,emerald-dream,192,demonhunter,havoc,6,2,4
Azshada,shadowmoon,192,demonhunter,havoc,6,2,4
Waifuqt,destromath,192,demonhunter,havoc,6,2,4
Trackamp,emerald-dream,192,demonhunter,havoc,6,2,4
Hornët,tichondrius,192,demonhunter,havoc,6,2,4
Vyrthur,area-52,192,demonhunter,havoc,6,2,4
Turbodaddy,tichondrius,192,demonhunter,havoc,6,2,4
Carlibeth,illidan,192,demonhunter,havoc,6,2,4
Lilyanie,stormrage,192,demonhunter,havoc,6,2,4
Charivium,twisting-nether,192,demonhunter,havoc,6,2,4
Pitoü,azralon,192,demonhunter,havoc,6,2,4
Rykko,borean-tundra,192,demonhunter,havoc,6,2,4
Berquondh,tichondrius,192,demonhunter,havoc,6,2,4
Freddiedread,bladefist,192,demonhunter,havoc,6,2,4
Iøst,stormrage,192,demonhunter,havoc,6,2,4
Kuristominen,area-52,192,demonhunter,havoc,6,2,4
Glowstyx,dragonblight,192,demonhunter,havoc,6,2,4
Serberius,stormrage,192,demonhunter,havoc,6,2,4
Virra,korgath,192,demonhunter,havoc,6,2,4
Imleu,stormrage,192,demonhunter,havoc,6,2,4
Hoagiedevil,moon-guard,192,demonhunter,havoc,6,2,4
Xelker,tichondrius,192,demonhunter,havoc,6,2,4
Glaíve,anvilmar,192,demonhunter,havoc,6,2,4
Buhnana,stormscale,192,demonhunter,havoc,6,2,4
Kifling,azralon,192,demonhunter,havoc,6,2,4
Zusi,frostmane,192,demonhunter,havoc,6,2,4
Felsaur,nerzhul,192,demonhunter,havoc,6,2,4
Shatterstarr,galakrond,192,demonhunter,havoc,6,2,4
Demonwaffle,draka,192,demonhunter,havoc,6,2,4
Lilvetis,thrall,192,demonhunter,havoc,6,2,4
Varaedra,stormreaver,192,demonhunter,havoc,6,2,4
Gertrudz,azralon,192,demonhunter,havoc,6,2,4
Frino,steamwheedle-cartel,192,demonhunter,havoc,6,2,4
Dhishard,vashj,192,demonhunter,havoc,6,2,4
Swagidan,khaz-modan,192,demonhunter,havoc,6,2,4
Kraazi,thrall,192,demonhunter,havoc,6,2,4
Twinbladezz,suramar,192,demonhunter,havoc,6,2,4
Hedaka,thrall,192,demonhunter,havoc,6,2,4
Devilweef,whisperwind,192,demonhunter,havoc,6,2,4
Bosshoggamin,whisperwind,192,demonhunter,havoc,6,2,4
Zarraessa,trollbane,192,demonhunter,havoc,6,2,4
Skybri,azjolnerub,192,demonhunter,havoc,6,2,4
Badmfucker,nemesis,192,demonhunter,havoc,6,2,4
Phosistkar,jubeithos,192,demonhunter,havoc,6,2,4
Kayanson,azralon,192,demonhunter,havoc,6,2,4
Ausä,ragnaros,192,demonhunter,havoc,6,2,4
Stimming,wyrmrest-accord,192,demonhunter,havoc,6,2,4
Renoshan,wyrmrest-accord,192,demonhunter,havoc,6,2,4
Koogleblitz,sargeras,192,demonhunter,havoc,6,2,4
Zigsqt,frostmourne,192,demonhunter,havoc,6,2,4
Kezzaku,frostmourne,192,demonhunter,havoc,6,2,4
Badservice,frostwolf,192,demonhunter,havoc,6,2,4
Jadyne,frostmourne,192,demonhunter,havoc,6,2,4
Celadel,saurfang,192,demonhunter,havoc,6,2,4
Göuryella,barthilas,192,demonhunter,havoc,6,2,4
Cursedemon,vashj,192,demonhunter,havoc,6,2,4
Zarraedra,khazgoroth,192,demonhunter,havoc,6,2,4
Sarithos,frostmourne,192,demonhunter,havoc,6,2,4
Sendingit,vashj,192,demonhunter,havoc,6,2,4
Lvqp,barthilas,192,demonhunter,havoc,6,2,4
Sendbobsandv,caelestrasz,192,demonhunter,havoc,6,2,4
Keshouwa,saurfang,192,demonhunter,havoc,6,2,4
Gouache,frostmourne,192,demonhunter,havoc,6,2,4
Grádiabhal,frostwolf,192,demonhunter,havoc,6,2,4
Brokendh,frostmourne,192,demonhunter,havoc,6,2,4
Gyutaro,frostmourne,192,demonhunter,havoc,6,2,4
Tommytèo,frostmourne,192,demonhunter,havoc,6,2,4
Qlmm,stormrage,192,demonhunter,havoc,7,2,5
Doggybone,thunderlord,192,demonhunter,havoc,22,4,18
Politic,area-52,192,demonhunter,havoc,11,2,9
Kyska,tichondrius,192,demonhunter,havoc,12,2,10
Righetto,barthilas,192,demonhunter,havoc,12,2,10
Boredape,windrunner,192,demonhunter,havoc,12,2,10
Âduka,illidan,192,demonhunter,havoc,12,2,10
Garfizzle,grizzly-hills,192,demonhunter,havoc,12,2,10
Chell,stormscale,192,demonhunter,havoc,12,2,10
Tempésts,tichondrius,192,demonhunter,havoc,12,2,10
Daeth,skullcrusher,192,demonhunter,havoc,12,2,10
Ticó,stormrage,192,demonhunter,havoc,12,2,10
Hollownight,area-52,192,demonhunter,havoc,12,2,10
Reikune,tichondrius,192,demonhunter,havoc,12,2,10
Asharian,wyrmrest-accord,192,demonhunter,havoc,12,2,10
Spacéphoenix,stormrage,192,demonhunter,havoc,12,2,10
Ashlanna,tichondrius,192,demonhunter,havoc,12,2,10
Beastforlife,sargeras,192,demonhunter,havoc,12,2,10
Gyop,azralon,192,demonhunter,havoc,12,2,10
Lauriale,moon-guard,192,demonhunter,havoc,12,2,10
Kushz,dalaran,192,demonhunter,havoc,12,2,10
Boofdh,illidan,192,demonhunter,havoc,12,2,10
Cola,illidan,192,demonhunter,havoc,12,2,10
Kirelish,illidan,192,demonhunter,havoc,12,2,10
Zovbie,quelthalas,192,demonhunter,havoc,12,2,10
Nukesaurio,area-52,192,demonhunter,havoc,18,2,16
Maxpayne,tol-barad,191,demonhunter,havoc,6,2,4
Rustiin,barthilas,191,demonhunter,havoc,6,2,4
Pholly,altar-of-storms,191,demonhunter,havoc,6,2,4
Khaeer,quelthalas,191,demonhunter,havoc,6,2,4
Kïritô,bleeding-hollow,191,demonhunter,havoc,6,2,4
Tarasam,burning-blade,191,demonhunter,havoc,12,2,10
Feilixx,moon-guard,190,demonhunter,havoc,12,2,10
Cheernobyl,emerald-dream,178,demonhunter,havoc,18,5,13
Ferunye,stormrage,159,demonhunter,havoc,5,2,3
Djmachine,kelthuzad,159,demonhunter,havoc,5,2,3
Zenithsky,laughing-skull,159,demonhunter,havoc,5,2,3
Theweektwo,drakkari,159,demonhunter,havoc,11,2,9
Raycharlés,sargeras,138,demonhunter,havoc,6,3,3
Refused,nesingwary,138,demonhunter,havoc,11,4,7
Sleephoe,proudmoore,138,demonhunter,havoc,11,4,7
Krendron,malganis,138,demonhunter,havoc,9,3,6
Criolex,stormrage,138,demonhunter,havoc,9,3,6
Demï,moon-guard,138,demonhunter,havoc,14,3,11
Shanjara,sargeras,138,demonhunter,havoc,15,3,12
Mythadal,sargeras,138,demonhunter,havoc,21,3,18
Harambexo,sargeras,128,demonhunter,havoc,4,2,2
Xeil,zuljin,128,demonhunter,havoc,4,2,2
Cocolicious,area-52,128,demonhunter,havoc,4,2,2
Billybobdh,dalaran,127,demonhunter,havoc,4,2,2
Xwingpilot,arthas,127,demonhunter,havoc,8,2,6
Bottleofbirb,tichondrius,127,demonhunter,havoc,8,2,6
Icewings,tichondrius,96,demonhunter,havoc,3,2,1
Litball,stormrage,96,demonhunter,havoc,3,2,1
Kümï,quelthalas,96,demonhunter,havoc,3,2,1
Blaamy,magtheridon,96,demonhunter,havoc,3,2,1
Theysuffer,scilla,96,demonhunter,havoc,6,1,5
Emokillaz,thrall,96,demonhunter,havoc,6,1,5
Mythundorn,burning-blade,96,demonhunter,havoc,6,1,5
Nightlover,thrall,96,demonhunter,havoc,6,1,5
Felkyrie,velen,96,demonhunter,havoc,6,1,5
Demonîa,area-52,96,demonhunter,havoc,6,1,5
Demønvil,onyxia,96,demonhunter,havoc,6,1,5
Felblood,saurfang,96,demonhunter,havoc,6,1,5
Ericus,illidan,96,demonhunter,havoc,6,1,5
Thatdhunter,moon-guard,96,demonhunter,havoc,6,1,5
Glaivee,dalaran,96,demonhunter,havoc,6,1,5
Solcon,exodar,96,demonhunter,havoc,6,1,5
Demonleàf,area-52,96,demonhunter,havoc,6,1,5
Fonteh,quelthalas,96,demonhunter,havoc,6,1,5
Morava,spinebreaker,96,demonhunter,havoc,6,1,5
Cng,area-52,96,demonhunter,havoc,6,1,5
Zaythan,quelthalas,96,demonhunter,havoc,6,1,5
Exterminyors,ragnaros,96,demonhunter,havoc,6,1,5
Kurotoo,ragnaros,96,demonhunter,havoc,6,1,5
Siegfridemon,ragnaros,96,demonhunter,havoc,6,1,5
Nephy,dalaran,96,demonhunter,havoc,6,1,5
Esøteric,area-52,96,demonhunter,havoc,6,1,5
Aithusadh,barthilas,96,demonhunter,havoc,6,1,5
Sixxofnine,malganis,96,demonhunter,havoc,6,1,5
Nomedi,aggramar,96,demonhunter,havoc,6,1,5
Ellíot,illidan,96,demonhunter,havoc,6,1,5
Tamarr,arthas,96,demonhunter,havoc,6,1,5
Demonski,area-52,96,demonhunter,havoc,6,1,5
Ærès,ysondre,96,demonhunter,havoc,6,1,5
Slycerr,illidan,96,demonhunter,havoc,6,1,5
Painqtxo,area-52,96,demonhunter,havoc,6,1,5
Peltflesh,frostmourne,96,demonhunter,havoc,6,1,5
Skylinetime,sargeras,96,demonhunter,havoc,6,1,5
Brgkuma,sargeras,96,demonhunter,havoc,6,1,5
Reezi,sargeras,96,demonhunter,havoc,6,1,5
Mylerna,quelthalas,96,demonhunter,havoc,6,1,5
Phosphora,dalaran,96,demonhunter,havoc,6,1,5
Terpenese,chogall,96,demonhunter,havoc,6,1,5
Bazbeaüx,moon-guard,96,demonhunter,havoc,6,1,5
Illìdän,thunderhorn,96,demonhunter,havoc,6,1,5
Chakan,burning-legion,96,demonhunter,havoc,6,1,5
Tovahkin,chogall,96,demonhunter,havoc,6,1,5
Wubloadz,bleeding-hollow,96,demonhunter,havoc,6,1,5
Tuukka,thunderhorn,96,demonhunter,havoc,6,1,5
Jerry,emerald-dream,96,demonhunter,havoc,6,1,5
Adlphcritler,emerald-dream,96,demonhunter,havoc,6,1,5
Alanastus,bleeding-hollow,96,demonhunter,havoc,6,1,5
Vaestl,zuljin,96,demonhunter,havoc,6,1,5
Thêworld,azralon,96,demonhunter,havoc,6,1,5
Xänäx,azralon,96,demonhunter,havoc,6,1,5
Asada,blackwing-lair,96,demonhunter,havoc,6,1,5
Áréz,frostmourne,96,demonhunter,havoc,6,1,5
Waless,zuljin,96,demonhunter,havoc,6,1,5
Chanelx,zuljin,96,demonhunter,havoc,6,1,5
Marxefel,ragnaros,96,demonhunter,havoc,6,1,5
Llama,zuljin,96,demonhunter,havoc,6,1,5
Memslaw,tichondrius,96,demonhunter,havoc,6,1,5
Budsturga,arthas,96,demonhunter,havoc,6,1,5
Constantwood,sargeras,96,demonhunter,havoc,6,1,5
Gil,moonrunner,96,demonhunter,havoc,6,1,5
Pighe,tichondrius,96,demonhunter,havoc,6,1,5
Croces,tichondrius,96,demonhunter,havoc,6,1,5
Glimpsê,tichondrius,96,demonhunter,havoc,6,1,5
Islandboii,frostmourne,96,demonhunter,havoc,6,1,5
Clëaver,tichondrius,96,demonhunter,havoc,6,1,5
Tigadh,tichondrius,96,demonhunter,havoc,6,1,5
Psixx,tichondrius,96,demonhunter,havoc,6,1,5
Fasyllandor,barthilas,96,demonhunter,havoc,6,1,5
Lokydh,tichondrius,96,demonhunter,havoc,6,1,5
Bensonlove,tichondrius,96,demonhunter,havoc,6,1,5
Jekyldh,tichondrius,96,demonhunter,havoc,6,1,5
Skytorn,darkspear,96,demonhunter,havoc,6,1,5
Docdh,sargeras,96,demonhunter,havoc,6,1,5
Vëngêåncé,tichondrius,96,demonhunter,havoc,6,1,5
Xemnant,stormrage,96,demonhunter,havoc,6,1,5
Musewine,tichondrius,96,demonhunter,havoc,6,1,5
Mandenarir,wyrmrest-accord,96,demonhunter,havoc,6,1,5
Rhyàno,proudmoore,96,demonhunter,havoc,6,1,5
Ðemonhunterx,frostmourne,96,demonhunter,havoc,6,1,5
Vidalsha,stormrage,96,demonhunter,havoc,6,1,5
Akammy,proudmoore,96,demonhunter,havoc,6,1,5
Arkfall,proudmoore,96,demonhunter,havoc,6,1,5
Sado,proudmoore,96,demonhunter,havoc,6,1,5
Doblemuerte,queldorei,96,demonhunter,havoc,6,1,5
Vidêl,stormrage,96,demonhunter,havoc,6,1,5
Isí,stormrage,96,demonhunter,havoc,6,1,5
Shàdy,bladefist,96,demonhunter,havoc,6,1,5
Randydoe,wyrmrest-accord,96,demonhunter,havoc,6,1,5
Treblig,nerzhul,96,demonhunter,havoc,6,1,5
Lostpvp,blackrock,96,demonhunter,havoc,6,1,5
Scarolol,malganis,96,demonhunter,havoc,6,1,5
Feddy,frostmourne,96,demonhunter,havoc,6,1,5
Dabhunter,frostmourne,96,demonhunter,havoc,6,1,5
Eldominio,area-52,96,demonhunter,havoc,7,1,6
Lantherin,sargeras,96,demonhunter,havoc,11,1,10
Wynken,tichondrius,96,demonhunter,havoc,12,1,11
Pursephone,bonechewer,96,demonhunter,havoc,12,1,11
Ichigoo,arthas,96,demonhunter,havoc,12,1,11
Moonsocks,proudmoore,96,demonhunter,havoc,12,1,11
Gnocchis,thrall,96,demonhunter,havoc,12,1,11
Aríes,dreadmaul,94,demonhunter,havoc,4,3,1
Arlén,frostmourne,79,demonhunter,havoc,5,1,4
Unprepáred,steamwheedle-cartel,79,demonhunter,havoc,5,1,4
Fellchapo,illidan,79,demonhunter,havoc,5,1,4
Demonbluntzz,tichondrius,79,demonhunter,havoc,11,1,10
Miskiiv,malganis,79,demonhunter,havoc,11,1,10
Nayrobí,nemesis,64,demonhunter,havoc,4,1,3
Mcthiccyy,moon-guard,64,demonhunter,havoc,4,1,3
Blackpøwér,sargeras,64,demonhunter,havoc,5,1,4
Lifefery,quelthalas,48,demonhunter,havoc,3,1,2
Raptorjèsus,azjolnerub,48,demonhunter,havoc,3,1,2
Jizzidari,frostmourne,48,demonhunter,havoc,3,1,2
Celilis,cenarius,48,demonhunter,havoc,3,1,2
Aryía,stormrage,48,demonhunter,havoc,3,1,2
Boognish,zuljin,48,demonhunter,havoc,3,1,2
Quoates,dalaran,48,demonhunter,havoc,3,1,2
Surveil,anubarak,42,demonhunter,havoc,6,2,4
Xaryic,stormrage,42,demonhunter,havoc,16,5,11
Imagoon,sargeras,42,demonhunter,havoc,8,2,6
Kersplack,tichondrius,42,demonhunter,havoc,14,3,11
Mavlck,azralon,42,demonhunter,havoc,16,2,14
Pooterjuice,shadowmoon,31,demonhunter,havoc,2,1,1
Dreadley,frostmourne,31,demonhunter,havoc,2,1,1
Shortxfuse,illidan,31,demonhunter,havoc,2,1,1
Shaloril,area-52,31,demonhunter,havoc,8,1,7
Lathazar,darkspear,16,demonhunter,havoc,1,1,0
Methany,saurfang,1522,demonhunter,vengeance,169,89,80
Iwasright,stonemaul,1483,demonhunter,vengeance,120,59,61
Bamtastic,veknilash,1367,demonhunter,vengeance,82,37,45
Slippedinfel,tichondrius,1335,demonhunter,vengeance,47,22,25
Jersey,proudmoore,953,demonhunter,vengeance,61,29,32
Agricornia,tichondrius,807,demonhunter,vengeance,36,15,21
Nights,greymane,772,demonhunter,vengeance,65,28,37
Kysaerix,stormrage,479,demonhunter,vengeance,18,5,13
Narilis,illidan,384,demonhunter,vengeance,6,4,2
Juanfrijole,korialstrasz,384,demonhunter,vengeance,12,4,8
Annabow,moon-guard,301,demonhunter,vengeance,7,4,3
Sinfulpariah,bladefist,288,demonhunter,vengeance,6,3,3
Darkrushour,tichondrius,288,demonhunter,vengeance,6,3,3
Irisand,ragnaros,288,demonhunter,vengeance,6,3,3
Ferano,frostmourne,288,demonhunter,vengeance,6,3,3
Greent,stormrage,288,demonhunter,vengeance,6,3,3
Çherrii,moon-guard,286,demonhunter,vengeance,6,3,3
Gentlesoap,blackrock,255,demonhunter,vengeance,17,3,14
Tilltheend,illidan,239,demonhunter,vengeance,5,3,2
Kaelclaira,dalvengyr,192,demonhunter,vengeance,6,2,4
Asderel,zuljin,192,demonhunter,vengeance,6,2,4
Zserus,quelthalas,192,demonhunter,vengeance,6,2,4
Morgonas,wildhammer,192,demonhunter,vengeance,12,2,10
Meliødaz,ragnaros,192,demonhunter,vengeance,12,2,10
Maytreia,azralon,192,demonhunter,vengeance,12,2,10
Shiningvenus,stormrage,192,demonhunter,vengeance,12,2,10
Dameon,wildhammer,191,demonhunter,vengeance,6,2,4
Daymanhunter,bleeding-hollow,96,demonhunter,vengeance,6,1,5
Foodtruck,hellscream,96,demonhunter,vengeance,6,1,5
Øtakemaru,illidan,96,demonhunter,vengeance,6,1,5
Mooneh,emerald-dream,96,demonhunter,vengeance,6,1,5
Aleymar,tichondrius,96,demonhunter,vengeance,6,1,5
Nubishe,jubeithos,96,demonhunter,vengeance,6,1,5
Supersaiyan,sargeras,64,demonhunter,vengeance,4,1,3
Dannypimp,tichondrius,2327,druid,restoration,95,66,29
Grovetenderx,tichondrius,2327,druid,restoration,135,90,45
Dannycarry,tichondrius,2308,druid,restoration,122,76,46
Linful,tichondrius,2225,druid,restoration,269,141,128
Kobaishome,tichondrius,2214,druid,restoration,184,109,75
Flóp,dalaran,2212,druid,restoration,126,70,56
Garbagedruid,scilla,2198,druid,restoration,277,144,133
Renner,zuljin,2192,druid,restoration,109,57,52
Hlchs,tichondrius,2176,druid,restoration,90,53,37
Angrygochux,tichondrius,2151,druid,restoration,160,86,74
Couragé,ragnaros,2146,druid,restoration,165,84,81
Andrwceo,stormrage,2139,druid,restoration,90,54,36
Bestrun,tichondrius,2118,druid,restoration,206,111,95
Bemelerberg,sargeras,2117,druid,restoration,113,60,53
Lvse,tichondrius,2113,druid,restoration,203,120,83
Commerci,tichondrius,2113,druid,restoration,68,40,28
Liangpibro,illidan,2110,druid,restoration,252,135,117
Nersepha,gurubashi,2107,druid,restoration,108,52,56
Vers,dathremar,2102,druid,restoration,144,75,69
Bigdockepoch,sargeras,2100,druid,restoration,101,64,37
Sanlunainiu,tichondrius,2100,druid,restoration,239,119,120
Bigmoran,tichondrius,2090,druid,restoration,90,48,42
Bigtimers,illidan,2075,druid,restoration,111,61,50
Socialyst,area-52,2056,druid,restoration,100,56,44
Iån,dalaran,2055,druid,restoration,47,28,19
Creamyfresh,tichondrius,2044,druid,restoration,125,66,59
Druuná,kiljaeden,2044,druid,restoration,221,113,108
Commercii,tichondrius,2043,druid,restoration,72,42,30
Nikdruidne,tichondrius,2039,druid,restoration,119,56,63
Szwlol,tichondrius,2036,druid,restoration,459,241,218
Hchls,tichondrius,2036,druid,restoration,480,244,236
Aljalladtv,bleeding-hollow,2029,druid,restoration,54,33,21
Rindy,rexxar,2029,druid,restoration,342,179,163
Shaylyne,moonrunner,2026,druid,restoration,69,41,28
Omkin,tichondrius,2024,druid,restoration,251,123,128
Defteras,illidan,2023,druid,restoration,66,39,27
Nogardfan,tichondrius,2019,druid,restoration,66,31,35
Rorae,tichondrius,2012,druid,restoration,202,103,99
Currants,lightbringer,2008,druid,restoration,233,119,114
Vesoween,tichondrius,2006,druid,restoration,139,87,52
Sadbull,tichondrius,2005,druid,restoration,71,38,33
Wëndell,tichondrius,2005,druid,restoration,84,43,41
Guqingshuang,tichondrius,2004,druid,restoration,109,62,47
Leafynymph,tichondrius,1998,druid,restoration,61,39,22
Gotheelsx,illidan,1998,druid,restoration,226,113,113
Playstyle,stormrage,1996,druid,restoration,109,55,54
Germlol,sargeras,1984,druid,restoration,69,42,27
Ymy,tichondrius,1982,druid,restoration,72,36,36
Softpawz,kelthuzad,1982,druid,restoration,293,143,150
Floofi,kelthuzad,1974,druid,restoration,92,51,41
Leafowl,tichondrius,1972,druid,restoration,116,67,49
Davidqx,zuljin,1971,druid,restoration,151,84,67
Mengniulol,tichondrius,1969,druid,restoration,269,144,125
Gotheels,illidan,1967,druid,restoration,47,32,15
Bobd,proudmoore,1964,druid,restoration,108,56,52
Xgodhands,sargeras,1963,druid,restoration,54,31,23
Lotiononmyd,illidan,1960,druid,restoration,504,260,244
Rbavny,tichondrius,1959,druid,restoration,68,38,30
Brenden,area-52,1958,druid,restoration,150,76,74
Lenya,bleeding-hollow,1956,druid,restoration,128,68,60
Saxhouse,illidan,1953,druid,restoration,144,77,67
Pornkkimi,tichondrius,1952,druid,restoration,48,29,19
Racialmotive,illidan,1949,druid,restoration,146,79,67
Psam,emerald-dream,1948,druid,restoration,95,54,41
Jegara,auchindoun,1948,druid,restoration,227,124,103
Rapttors,zuljin,1944,druid,restoration,90,38,52
Cuzzidr,tichondrius,1940,druid,restoration,48,27,21
Flowen,spinebreaker,1940,druid,restoration,78,39,39
Penguindruid,area-52,1938,druid,restoration,78,45,33
Taaienberg,sargeras,1931,druid,restoration,144,70,74
Resto,crushridge,1930,druid,restoration,130,70,60
Shiftýx,tichondrius,1930,druid,restoration,113,58,55
Hxm,tichondrius,1927,druid,restoration,41,22,19
Spiritot,tichondrius,1925,druid,restoration,77,37,40
Fanboy,magtheridon,1924,druid,restoration,66,39,27
Disembles,illidan,1922,druid,restoration,120,62,58
Taiwanzz,tichondrius,1922,druid,restoration,91,43,48
Qdeb,akama,1912,druid,restoration,72,41,31
Holydruid,tichondrius,1908,druid,restoration,149,77,72
Crazywoodowl,tichondrius,1908,druid,restoration,78,33,45
Treenleaves,stormrage,1904,druid,restoration,902,460,442
Moldragon,crushridge,1902,druid,restoration,60,32,28
Tizzyy,eredar,1896,druid,restoration,90,48,42
Larissaelar,tichondrius,1895,druid,restoration,24,20,4
Sanitizer,tichondrius,1894,druid,restoration,102,54,48
Dexlol,area-52,1890,druid,restoration,38,31,7
Pvpgold,illidan,1888,druid,restoration,95,54,41
Dancesdru,area-52,1888,druid,restoration,36,20,16
Gluesmoka,icecrown,1887,druid,restoration,60,34,26
Sùlyvahn,tichondrius,1886,druid,restoration,114,57,57
Darkenëd,dalaran,1880,druid,restoration,68,41,27
Nìghtshift,moon-guard,1879,druid,restoration,125,63,62
Ziegey,tichondrius,1877,druid,restoration,78,45,33
Mvp,altar-of-storms,1873,druid,restoration,48,27,21
Fruitberry,malganis,1873,druid,restoration,71,33,38
Eddí,illidan,1872,druid,restoration,64,32,32
Bashthecat,tichondrius,1871,druid,restoration,59,39,20
Drøgbä,tichondrius,1870,druid,restoration,30,20,10
Xijinfing,tichondrius,1870,druid,restoration,42,25,17
Convokíng,kelthuzad,1870,druid,restoration,71,34,37
Maen,kelthuzad,1868,druid,restoration,106,54,52
Ksz,stormrage,1867,druid,restoration,42,25,17
Udoyu,barthilas,1865,druid,restoration,84,39,45
Represent,tichondrius,1864,druid,restoration,48,26,22
Corbind,arthas,1863,druid,restoration,382,199,183
Levican,tichondrius,1863,druid,restoration,324,167,157
Thasta,blackrock,1855,druid,restoration,205,113,92
Kayorva,gurubashi,1854,druid,restoration,71,38,33
Mymatejames,tichondrius,1854,druid,restoration,71,38,33
Clameo,barthilas,1852,druid,restoration,126,60,66
Légz,area-52,1851,druid,restoration,247,133,114
Facegotrake,stormrage,1850,druid,restoration,150,87,63
Bexdru,area-52,1850,druid,restoration,284,151,133
Boomsläng,ghostlands,1850,druid,restoration,115,59,56
Kenái,nemesis,1849,druid,restoration,36,21,15
Aryawilliams,area-52,1845,druid,restoration,191,97,94
Rèmix,bleeding-hollow,1842,druid,restoration,54,27,27
Esque,stormrage,1842,druid,restoration,48,24,24
Tokesh,malganis,1840,druid,restoration,72,33,39
Fattdiabetic,tichondrius,1839,druid,restoration,54,32,22
Washedgodx,mugthol,1839,druid,restoration,59,34,25
Loudswords,barthilas,1839,druid,restoration,213,107,106
Wìms,malganis,1838,druid,restoration,78,39,39
Janzak,thrall,1837,druid,restoration,48,28,20
Scätmän,ragnaros,1835,druid,restoration,54,35,19
Diggsterz,area-52,1834,druid,restoration,54,29,25
Plorenz,zuljin,1834,druid,restoration,149,78,71
Reehz,stormrage,1834,druid,restoration,53,25,28
Brëed,tichondrius,1833,druid,restoration,60,29,31
Mumblesd,emerald-dream,1832,druid,restoration,116,64,52
Soreze,kelthuzad,1831,druid,restoration,56,35,21
Coùgar,tichondrius,1829,druid,restoration,36,20,16
Gsex,nemesis,1829,druid,restoration,76,42,34
Bodytwisting,tichondrius,1828,druid,restoration,48,29,19
Elfjane,tichondrius,1826,druid,restoration,48,28,20
Rerolldr,firetree,1826,druid,restoration,42,24,18
Heymeow,tichondrius,1825,druid,restoration,60,24,36
Wuxidixi,tichondrius,1822,druid,restoration,58,35,23
Evolved,darkspear,1822,druid,restoration,273,136,137
Héisénbérg,sargeras,1820,druid,restoration,306,158,148
Kellogs,malganis,1820,druid,restoration,107,51,56
Brendenjr,area-52,1819,druid,restoration,45,32,13
Lucked,tichondrius,1819,druid,restoration,95,60,35
Sakpase,area-52,1813,druid,restoration,66,38,28
Jbdontplay,sargeras,1812,druid,restoration,59,37,22
Hideurkidz,tichondrius,1812,druid,restoration,75,44,31
Tunnaris,ragnaros,1811,druid,restoration,71,33,38
Corcovado,bleeding-hollow,1809,druid,restoration,66,31,35
Durintor,nemesis,1808,druid,restoration,225,123,102
Naturae,spirestone,1807,druid,restoration,230,126,104
Netflixnphil,sargeras,1807,druid,restoration,48,26,22
Yggdrasil,ravencrest,1805,druid,restoration,65,31,34
Caipirinha,tichondrius,1804,druid,restoration,59,31,28
Hoeba,tichondrius,1803,druid,restoration,48,26,22
Thundercast,quelthalas,1803,druid,restoration,272,142,130
Dmxx,kiljaeden,1801,druid,restoration,45,27,18
Nayko,sargeras,1801,druid,restoration,72,30,42
Ivý,shadowsong,1800,druid,restoration,41,28,13
Mengyu,tichondrius,1800,druid,restoration,64,41,23
Rdruid,zuluhed,1800,druid,restoration,148,83,65
Kobrah,twisting-nether,1800,druid,restoration,36,20,16
Morphiq,tichondrius,1800,druid,restoration,257,141,116
Drudma,shadowmoon,1800,druid,restoration,179,97,82
Pizzatimex,zuluhed,1800,druid,restoration,168,88,80
Airmeodaddy,barthilas,1796,druid,restoration,194,101,93
Sooey,wyrmrest-accord,1793,druid,restoration,148,88,60
Treeofangels,nathrezim,1793,druid,restoration,54,29,25
Mimidelol,tichondrius,1792,druid,restoration,78,40,38
Oinkme,kiljaeden,1791,druid,restoration,129,61,68
Smeekqtwo,tichondrius,1786,druid,restoration,101,57,44
Anaps,frostmourne,1781,druid,restoration,228,121,107
Dllz,drakthul,1780,druid,restoration,66,32,34
Ekr,tichondrius,1779,druid,restoration,54,29,25
Pineappledûe,tichondrius,1779,druid,restoration,88,46,42
Kwd,stormrage,1778,druid,restoration,146,86,60
Baruc,illidan,1776,druid,restoration,34,25,9
Èmax,barthilas,1773,druid,restoration,67,42,25
Boonsogan,tichondrius,1773,druid,restoration,72,36,36
Blueclàssxx,akama,1771,druid,restoration,70,49,21
Flowdruid,tichondrius,1770,druid,restoration,75,39,36
Slurpi,barthilas,1767,druid,restoration,60,22,38
Badtree,tichondrius,1766,druid,restoration,140,79,61
Ayalia,saurfang,1766,druid,restoration,84,43,41
Zyhsul,emerald-dream,1764,druid,restoration,209,112,97
Ellystarry,stormrage,1761,druid,restoration,96,49,47
Tweeguy,malganis,1761,druid,restoration,84,36,48
Dsheeps,tichondrius,1760,druid,restoration,48,27,21
Nodab,tichondrius,1758,druid,restoration,54,27,27
Nogàrd,arygos,1756,druid,restoration,29,19,10
Gloomster,tichondrius,1756,druid,restoration,64,37,27
Bigwetfart,firetree,1756,druid,restoration,66,32,34
Hoonjojjyanx,tichondrius,1755,druid,restoration,42,24,18
Chevy,onyxia,1753,druid,restoration,112,52,60
Suekeys,frostmourne,1752,druid,restoration,54,28,26
Chimnie,malganis,1748,druid,restoration,200,109,91
Gankstanerdz,tichondrius,1742,druid,restoration,423,207,216
Albafic,illidan,1741,druid,restoration,36,22,14
Surefacts,dathremar,1738,druid,restoration,40,21,19
Treebag,frostmane,1736,druid,restoration,351,181,170
Calimei,bladefist,1735,druid,restoration,48,21,27
Hxa,emerald-dream,1733,druid,restoration,106,54,52
Polyester,frostmourne,1729,druid,restoration,122,59,63
Shapelist,frostmourne,1727,druid,restoration,40,25,15
Binionsolboy,illidan,1725,druid,restoration,60,34,26
Erral,malganis,1725,druid,restoration,102,55,47
Hotgoal,frostmourne,1723,druid,restoration,87,47,40
Jathel,area-52,1721,druid,restoration,48,25,23
Dirtdog,uther,1719,druid,restoration,53,25,28
Teslabeam,illidan,1719,druid,restoration,65,25,40
Roraex,tichondrius,1718,druid,restoration,30,18,12
Faramar,sargeras,1718,druid,restoration,106,56,50
Pigheaddru,tichondrius,1717,druid,restoration,76,37,39
Lovenug,shadowsong,1715,druid,restoration,179,98,81
Suublime,ragnaros,1714,druid,restoration,139,70,69
Druidstin,tichondrius,1712,druid,restoration,192,102,90
Paranoidocpd,tichondrius,1710,druid,restoration,155,81,74
Razberriesz,stormrage,1710,druid,restoration,42,21,21
Starmist,malganis,1709,druid,restoration,224,131,93
Afkhottedyou,suramar,1708,druid,restoration,52,27,25
Somsom,frostmourne,1708,druid,restoration,36,18,18
Enrÿu,nemesis,1706,druid,restoration,54,25,29
Yungdoinkski,icecrown,1704,druid,restoration,28,19,9
Widescreen,burning-blade,1701,druid,restoration,608,319,289
Moomooheal,moon-guard,1696,druid,restoration,269,142,127
Poscod,tichondrius,1696,druid,restoration,196,103,93
Gsëx,nemesis,1694,druid,restoration,71,34,37
Jeperty,tichondrius,1693,druid,restoration,35,24,11
Stupidtree,antonidas,1693,druid,restoration,47,28,19
Kimdeokbae,tichondrius,1691,druid,restoration,77,45,32
Dbk,suramar,1690,druid,restoration,182,110,72
Zblmystic,tichondrius,1688,druid,restoration,144,77,67
Minisavage,proudmoore,1688,druid,restoration,78,38,40
Branchmanagr,dark-iron,1688,druid,restoration,149,69,80
Ðruìd,gnomeregan,1687,druid,restoration,76,38,38
Huaxià,tichondrius,1686,druid,restoration,227,122,105
Bramii,illidan,1686,druid,restoration,69,35,34
Kustumsdog,tichondrius,1684,druid,restoration,94,53,41
Jdown,dalaran,1683,druid,restoration,100,51,49
Sosaformx,stormrage,1682,druid,restoration,53,23,30
Addiedru,zuljin,1678,druid,restoration,88,44,44
Cheddy,tichondrius,1677,druid,restoration,83,48,35
Dabloleu,illidan,1675,druid,restoration,24,19,5
Hoebaz,tichondrius,1675,druid,restoration,42,21,21
Poscow,tichondrius,1674,druid,restoration,98,54,44
Creamjr,tichondrius,1673,druid,restoration,42,23,19
Ionlydrink,blackrock,1671,druid,restoration,23,19,4
Klamediya,illidan,1671,druid,restoration,71,29,42
Psyqobloom,dalaran,1670,druid,restoration,200,112,88
Animalge,sargeras,1668,druid,restoration,90,42,48
Reizzy,sargeras,1667,druid,restoration,212,101,111
Lobsterdruid,area-52,1666,druid,restoration,42,24,18
Hdruid,tichondrius,1665,druid,restoration,247,135,112
Insuranceguy,nagrand,1663,druid,restoration,72,42,30
Legitonedge,zuljin,1662,druid,restoration,55,30,25
Woshiyigede,frostmourne,1659,druid,restoration,302,149,153
Rowlex,moon-guard,1655,druid,restoration,72,44,28
Standee,sargeras,1655,druid,restoration,213,119,94
Jiywa,lightbringer,1654,druid,restoration,41,21,20
Meniscus,arthas,1654,druid,restoration,83,41,42
Qkdru,nemesis,1654,druid,restoration,81,36,45
Lubbeck,stormrage,1653,druid,restoration,157,87,70
Quasiderp,illidan,1651,druid,restoration,42,21,21
Druinin,archimonde,1651,druid,restoration,210,103,107
Quss,tichondrius,1650,druid,restoration,37,23,14
Montage,illidan,1650,druid,restoration,54,26,28
Notpodruida,tichondrius,1649,druid,restoration,48,28,20
Naturetazerr,sargeras,1648,druid,restoration,78,46,32
Hravan,dentarg,1648,druid,restoration,96,54,42
Sarrati,emerald-dream,1647,druid,restoration,212,114,98
Icehulk,kelthuzad,1647,druid,restoration,90,45,45
Ooh,stormreaver,1645,druid,restoration,54,31,23
Acerolita,azralon,1645,druid,restoration,83,46,37
Perilous,malygos,1645,druid,restoration,66,33,33
Mattiu,area-52,1645,druid,restoration,54,21,33
Venomgtz,laughing-skull,1643,druid,restoration,284,155,129
Sarojna,malganis,1642,druid,restoration,39,29,10
Drjelly,tichondrius,1642,druid,restoration,135,58,77
Dendrix,area-52,1641,druid,restoration,96,49,47
Muhu,frostmourne,1640,druid,restoration,114,63,51
Rizzit,wyrmrest-accord,1640,druid,restoration,417,223,194
Luckyslot,frostmourne,1640,druid,restoration,100,52,48
Cienza,proudmoore,1640,druid,restoration,324,164,160
Tayriel,area-52,1640,druid,restoration,57,26,31
Shìfty,emerald-dream,1639,druid,restoration,85,45,40
Zoteqt,kelthuzad,1639,druid,restoration,54,27,27
Gìtgoodtrash,frostmourne,1637,druid,restoration,88,46,42
Pkgdbts,tichondrius,1637,druid,restoration,47,22,25
Birdfromtree,dalaran,1636,druid,restoration,48,26,22
Fastcat,moon-guard,1636,druid,restoration,231,115,116
Pootyleaf,daggerspine,1636,druid,restoration,60,28,32
Lifeboomer,ragnaros,1634,druid,restoration,91,54,37
Toastsdruid,tichondrius,1633,druid,restoration,36,24,12
Krobz,bleeding-hollow,1633,druid,restoration,36,21,15
Errane,eonar,1633,druid,restoration,249,137,112
Vallk,area-52,1633,druid,restoration,58,22,36
Pekazay,illidan,1632,druid,restoration,79,41,38
Moonpaws,frostmourne,1631,druid,restoration,59,37,22
Momorabbitd,tichondrius,1631,druid,restoration,60,24,36
Esqueue,stormrage,1630,druid,restoration,24,17,7
Evokade,dalaran,1630,druid,restoration,74,47,27
Pawsbutton,stormrage,1629,druid,restoration,30,20,10
Zukrath,shadow-council,1628,druid,restoration,54,22,32
Rawbacon,blackrock,1628,druid,restoration,62,24,38
Skitzo,akama,1627,druid,restoration,30,20,10
Hayase,tichondrius,1627,druid,restoration,63,39,24
Xhoz,tichondrius,1627,druid,restoration,374,203,171
Uniquesia,tichondrius,1627,druid,restoration,53,22,31
Kamisamalee,tichondrius,1626,druid,restoration,41,25,16
Viscentdd,illidan,1626,druid,restoration,36,17,19
Sixthsex,tichondrius,1625,druid,restoration,123,64,59
Acdru,tichondrius,1624,druid,restoration,89,43,46
Admoney,sargeras,1624,druid,restoration,36,17,19
Remus,hydraxis,1624,druid,restoration,72,32,40
Wolfis,malganis,1622,druid,restoration,36,20,16
Qkskill,nemesis,1622,druid,restoration,77,25,52
Soheezy,illidan,1621,druid,restoration,223,124,99
Sanninx,barthilas,1621,druid,restoration,129,68,61
Foxwit,jubeithos,1620,druid,restoration,150,76,74
Doah,kelthuzad,1620,druid,restoration,42,20,22
Zhn,sargeras,1619,druid,restoration,53,34,19
Fresh,earthen-ring,1617,druid,restoration,30,17,13
Quetzelcoatl,malganis,1617,druid,restoration,144,70,74
Asmitar,illidan,1616,druid,restoration,36,22,14
Unis,tichondrius,1616,druid,restoration,91,48,43
Pilcosbie,stormrage,1615,druid,restoration,125,66,59
Images,kilrogg,1614,druid,restoration,99,58,41
Elyl,tichondrius,1614,druid,restoration,48,23,25
Matinee,tichondrius,1614,druid,restoration,54,24,30
Injections,kelthuzad,1613,druid,restoration,60,23,37
Rlzdruid,tichondrius,1612,druid,restoration,208,107,101
Jimjab,stormreaver,1611,druid,restoration,148,90,58
Drainean,sargeras,1611,druid,restoration,30,17,13
Poliage,moon-guard,1611,druid,restoration,319,164,155
Frydaze,tichondrius,1610,druid,restoration,102,52,50
Zulas,thrall,1609,druid,restoration,37,24,13
Fórmérfáttý,kelthuzad,1609,druid,restoration,30,18,12
Maplêleaf,moon-guard,1608,druid,restoration,426,224,202
Douwantoplay,tichondrius,1607,druid,restoration,60,32,28
Breaksilence,tichondrius,1606,druid,restoration,89,50,39
Jathy,area-52,1606,druid,restoration,51,21,30
Laser,bonechewer,1605,druid,restoration,54,38,16
Kurrious,frostmourne,1605,druid,restoration,40,18,22
Riiccflaiir,stormrage,1604,druid,restoration,108,59,49
Bakkaa,tichondrius,1603,druid,restoration,118,74,44
Mcy,nerzhul,1603,druid,restoration,115,59,56
Boomtastik,frostmourne,1602,druid,restoration,180,82,98
Ebyx,frostmourne,1601,druid,restoration,218,122,96
Moonyy,emerald-dream,1601,druid,restoration,69,36,33
Bfaboomy,stormrage,1599,druid,restoration,42,21,21
Manycyclones,zuluhed,1598,druid,restoration,60,32,28
Pekingcuckoo,illidan,1598,druid,restoration,42,19,23
Rekelberg,sargeras,1598,druid,restoration,72,30,42
ßigfoot,darkspear,1596,druid,restoration,30,21,9
Kaleaky,thrall,1595,druid,restoration,99,53,46
Ghostmonkey,hakkar,1594,druid,restoration,47,19,28
Kznels,tichondrius,1593,druid,restoration,95,54,41
Manzar,illidan,1592,druid,restoration,48,26,22
Stonemonkey,sargeras,1591,druid,restoration,124,64,60
Geddoff,stormrage,1590,druid,restoration,205,95,110
Imroot,tichondrius,1588,druid,restoration,54,32,22
Spikeleaf,tichondrius,1588,druid,restoration,69,33,36
Zrobloom,stormrage,1587,druid,restoration,111,44,67
Tippsyy,frostmane,1586,druid,restoration,214,101,113
Calmd,sargeras,1585,druid,restoration,30,21,9
Hehaw,kelthuzad,1585,druid,restoration,164,92,72
Dumberdruid,frostmourne,1584,druid,restoration,42,24,18
Aiyouyou,tichondrius,1584,druid,restoration,321,170,151
Arwëna,tichondrius,1582,druid,restoration,115,62,53
Shinjis,tichondrius,1582,druid,restoration,108,51,57
Chutney,windrunner,1581,druid,restoration,46,21,25
Xiaootong,tichondrius,1578,druid,restoration,54,31,23
Shapedance,sargeras,1578,druid,restoration,165,83,82
Cybeé,sargeras,1578,druid,restoration,102,44,58
Cokernut,tichondrius,1575,druid,restoration,36,20,16
Seamandeman,sargeras,1575,druid,restoration,144,79,65
Armorkits,area-52,1575,druid,restoration,33,17,16
Gonimydear,proudmoore,1575,druid,restoration,222,112,110
Tondrai,malganis,1574,druid,restoration,238,119,119
Tricklein,tichondrius,1573,druid,restoration,30,18,12
Lauramavra,azralon,1572,druid,restoration,364,194,170
Astraye,sargeras,1571,druid,restoration,60,30,30
Nerfthedruid,blackrock,1570,druid,restoration,42,28,14
Gunnymad,tichondrius,1570,druid,restoration,53,31,22
Gødriç,tichondrius,1569,druid,restoration,233,116,117
Duragx,bleeding-hollow,1567,druid,restoration,100,62,38
Roachsan,tichondrius,1565,druid,restoration,133,71,62
Qidzerker,arathor,1565,druid,restoration,185,93,92
Emjey,tichondrius,1562,druid,restoration,54,17,37
Mxlasthope,stormrage,1560,druid,restoration,65,38,27
Silentbeer,frostmourne,1559,druid,restoration,416,213,203
Zyzzema,frostmourne,1559,druid,restoration,174,82,92
Tigerpaw,eonar,1558,druid,restoration,144,62,82
Léaf,velen,1557,druid,restoration,185,100,85
Rhorr,frostmourne,1556,druid,restoration,90,46,44
Druxe,zuljin,1556,druid,restoration,139,65,74
Uniquexia,tichondrius,1554,druid,restoration,125,50,75
Veejae,stormreaver,1553,druid,restoration,58,23,35
Chocoo,thaurissan,1552,druid,restoration,64,38,26
Blightcubzy,proudmoore,1552,druid,restoration,42,23,19
Tigd,alleria,1551,druid,restoration,42,23,19
Lilbigcow,gnomeregan,1551,druid,restoration,264,123,141
Vernaar,laughing-skull,1548,druid,restoration,36,20,16
Yavannita,quelthalas,1548,druid,restoration,140,75,65
Lunkz,tichondrius,1548,druid,restoration,697,358,339
Meowmixx,frostmane,1548,druid,restoration,125,55,70
Diverge,bloodscalp,1548,druid,restoration,48,21,27
Kyujo,thrall,1548,druid,restoration,59,22,37
Druidnim,tichondrius,1546,druid,restoration,102,55,47
Leleoceo,azralon,1545,druid,restoration,36,21,15
Rasgabuxoh,azralon,1545,druid,restoration,41,21,20
Gizho,sargeras,1545,druid,restoration,46,22,24
Vinnydruid,tichondrius,1544,druid,restoration,73,34,39
Kruisberg,sargeras,1542,druid,restoration,97,39,58
Elven,frostmourne,1542,druid,restoration,75,27,48
Cheeseface,bleeding-hollow,1541,druid,restoration,40,19,21
Ojdidnt,bleeding-hollow,1541,druid,restoration,48,20,28
Lusam,korialstrasz,1540,druid,restoration,82,49,33
Varmint,bleeding-hollow,1539,druid,restoration,136,77,59
Loved,stormrage,1539,druid,restoration,96,52,44
Bruitzya,barthilas,1537,druid,restoration,45,30,15
Gulperberg,sargeras,1536,druid,restoration,68,40,28
Pigdd,tichondrius,1536,druid,restoration,48,18,30
Chinadruids,tichondrius,1534,druid,restoration,24,16,8
Busanmilk,tichondrius,1534,druid,restoration,84,45,39
Ppbtw,illidan,1534,druid,restoration,30,16,14
Iloveweed,tichondrius,1534,druid,restoration,78,39,39
Jrën,tichondrius,1533,druid,restoration,24,16,8
Invite,hellscream,1533,druid,restoration,57,32,25
Toslick,kelthuzad,1533,druid,restoration,382,205,177
Terkpla,ragnaros,1533,druid,restoration,176,90,86
Schleyer,alleria,1533,druid,restoration,120,57,63
Mittns,arthas,1532,druid,restoration,36,20,16
Nikotser,dreadmaul,1531,druid,restoration,39,18,21
Sombér,eitrigg,1531,druid,restoration,138,56,82
Biggié,bleeding-hollow,1530,druid,restoration,60,26,34
Clydruid,blackrock,1529,druid,restoration,24,16,8
Naturist,kelthuzad,1529,druid,restoration,137,58,79
Bridgerén,tichondrius,1529,druid,restoration,48,20,28
Ourse,frostmourne,1528,druid,restoration,35,23,12
Spurzky,emerald-dream,1526,druid,restoration,46,26,20
Gypsysoul,barthilas,1526,druid,restoration,35,18,17
Mortqt,tichondrius,1524,druid,restoration,96,44,52
Madowl,tichondrius,1522,druid,restoration,48,22,26
Tigranesia,proudmoore,1521,druid,restoration,36,24,12
Catahmine,thrall,1521,druid,restoration,36,18,18
Relbedo,sargeras,1520,druid,restoration,305,156,149
Knottywood,muradin,1519,druid,restoration,89,47,42
Oneinchclaw,malganis,1519,druid,restoration,290,153,137
Pancitas,quelthalas,1519,druid,restoration,186,98,88
Buffdisc,darkspear,1518,druid,restoration,18,16,2
Furrytorpedo,tichondrius,1518,druid,restoration,54,30,24
Gizho,dark-iron,1518,druid,restoration,51,27,24
Cakeinalake,bleeding-hollow,1517,druid,restoration,36,18,18
Proxytv,thrall,1516,druid,restoration,54,36,18
Hotski,sargeras,1516,druid,restoration,65,31,34
Fhiziod,kelthuzad,1515,druid,restoration,92,49,43
Clubroot,sargeras,1513,druid,restoration,90,46,44
Cnlaosepi,tichondrius,1512,druid,restoration,60,35,25
Sinapticc,proudmoore,1510,druid,restoration,155,93,62
Baduret,dalaran,1510,druid,restoration,79,45,34
Methyld,frostmourne,1508,druid,restoration,96,36,60
Dolwizz,tichondrius,1506,druid,restoration,580,294,286
Feralscar,elune,1506,druid,restoration,36,17,19
Haymade,sargeras,1505,druid,restoration,112,57,55
Utterhots,bleeding-hollow,1504,druid,restoration,228,125,103
Aristeus,kelthuzad,1504,druid,restoration,293,159,134
Ericzzddrr,tichondrius,1503,druid,restoration,36,25,11
Simina,kargath,1502,druid,restoration,106,59,47
Opiumheals,sargeras,1502,druid,restoration,119,61,58
Møøncry,ragnaros,1502,druid,restoration,160,73,87
Peakedinwod,sargeras,1501,druid,restoration,60,23,37
Maviç,hyjal,1499,druid,restoration,537,280,257
Overthink,daggerspine,1498,druid,restoration,60,28,32
Pëndulum,illidan,1496,druid,restoration,114,53,61
Anthracnose,zuljin,1496,druid,restoration,66,30,36
Redo,zuluhed,1494,druid,restoration,57,30,27
Skojin,bleeding-hollow,1493,druid,restoration,48,26,22
Redpigo,tichondrius,1493,druid,restoration,48,23,25
Akeven,illidan,1491,druid,restoration,68,31,37
Eldertroll,boulderfist,1491,druid,restoration,76,34,42
Opim,sargeras,1490,druid,restoration,48,19,29
Spuncone,frostmourne,1487,druid,restoration,84,46,38
Rikishi,executus,1485,druid,restoration,58,32,26
Greylyth,moon-guard,1485,druid,restoration,72,37,35
Faelonk,frostmourne,1485,druid,restoration,60,29,31
Hotemz,dragonmaw,1482,druid,restoration,84,46,38
Lolomas,proudmoore,1481,druid,restoration,60,27,33
Julx,nordrassil,1479,druid,restoration,42,29,13
Mastahskills,illidan,1478,druid,restoration,54,16,38
Zxxzy,tichondrius,1477,druid,restoration,44,19,25
Zoeishyper,sargeras,1477,druid,restoration,47,18,29
Warmkitteh,kiljaeden,1476,druid,restoration,96,49,47
Berzz,frostmourne,1476,druid,restoration,259,127,132
Selling,moon-guard,1476,druid,restoration,60,27,33
Growl,jubeithos,1476,druid,restoration,48,19,29
Treesh,kelthuzad,1476,druid,restoration,62,22,40
Nuyoah,proudmoore,1475,druid,restoration,45,24,21
Grimo,illidan,1474,druid,restoration,50,31,19
Spicyx,moon-guard,1474,druid,restoration,48,24,24
Sowo,sargeras,1474,druid,restoration,42,20,22
Lutein,tichondrius,1474,druid,restoration,77,31,46
Saego,draktharon,1472,druid,restoration,78,45,33
Aberdare,tichondrius,1472,druid,restoration,189,99,90
Roen,tichondrius,1472,druid,restoration,152,68,84
Cloneandbone,nerzhul,1471,druid,restoration,36,17,19
Staraborn,stormrage,1470,druid,restoration,543,286,257
Bobx,kelthuzad,1470,druid,restoration,82,35,47
Mask,gundrak,1469,druid,restoration,60,39,21
Çuradora,tichondrius,1469,druid,restoration,47,27,20
Hashdxm,tichondrius,1469,druid,restoration,32,16,16
Jnzid,area-52,1469,druid,restoration,71,27,44
Percocetxo,malganis,1469,druid,restoration,72,27,45
Daltius,illidan,1465,druid,restoration,72,28,44
Krevy,nazgrel,1463,druid,restoration,186,83,103
Kinatsu,tichondrius,1462,druid,restoration,58,26,32
Tandrood,tichondrius,1462,druid,restoration,54,24,30
Unpeelable,stormrage,1460,druid,restoration,24,16,8
Hideurchickn,tichondrius,1459,druid,restoration,36,23,13
Gokki,zuljin,1459,druid,restoration,40,25,15
Junjunxi,tichondrius,1459,druid,restoration,170,91,79
Elliar,akama,1459,druid,restoration,78,38,40
Carcitox,ragnaros,1457,druid,restoration,66,28,38
Fukwitmefamo,kelthuzad,1455,druid,restoration,64,36,28
Boiledfrogs,zuljin,1455,druid,restoration,33,17,16
Tickman,altar-of-storms,1454,druid,restoration,54,27,27
Cndistance,tichondrius,1454,druid,restoration,95,46,49
Leafs,tichondrius,1454,druid,restoration,79,37,42
Shiftydon,borean-tundra,1453,druid,restoration,45,21,24
Tumultz,frostmourne,1450,druid,restoration,60,31,29
Mosdu,tichondrius,1449,druid,restoration,24,17,7
Ozanji,wyrmrest-accord,1449,druid,restoration,36,21,15
Pouncing,sargeras,1449,druid,restoration,110,59,51
Naturamuta,alleria,1448,druid,restoration,55,32,23
Bluwhale,tichondrius,1447,druid,restoration,88,36,52
Barecow,tichondrius,1446,druid,restoration,134,70,64
Sanitaizr,arthas,1446,druid,restoration,66,29,37
Zaelos,proudmoore,1446,druid,restoration,114,50,64
Erogan,eitrigg,1445,druid,restoration,60,26,34
Rahaab,sargeras,1445,druid,restoration,74,31,43
Lorca,stormrage,1444,druid,restoration,72,45,27
Empcassi,wyrmrest-accord,1444,druid,restoration,149,85,64
Ÿozsh,azralon,1443,druid,restoration,112,64,48
Treynî,tichondrius,1441,druid,restoration,48,27,21
Iâmkyle,darkspear,1440,druid,restoration,42,23,19
Bitsandbobs,tichondrius,1440,druid,restoration,131,54,77
Treelomilo,stormrage,1439,druid,restoration,115,64,51
Volktots,bleeding-hollow,1439,druid,restoration,114,61,53
Hotwolf,tichondrius,1438,druid,restoration,48,26,22
Lothail,windrunner,1437,druid,restoration,42,24,18
Twertx,tichondrius,1437,druid,restoration,139,60,79
Steeples,illidan,1437,druid,restoration,60,23,37
Socktad,illidan,1437,druid,restoration,75,23,52
Girthture,tichondrius,1435,druid,restoration,330,167,163
Rougaroux,andorhal,1434,druid,restoration,168,75,93
Ddi,frostmourne,1433,druid,restoration,24,15,9
Jaxoa,zuljin,1433,druid,restoration,54,23,31
Jonnygg,illidan,1433,druid,restoration,36,15,21
Vuru,azralon,1432,druid,restoration,72,33,39
Edraen,zuljin,1431,druid,restoration,155,79,76
Cutely,tichondrius,1430,druid,restoration,183,91,92
Wrnd,illidan,1429,druid,restoration,30,15,15
Vakimumu,anubarak,1429,druid,restoration,96,46,50
Thornblade,stormrage,1427,druid,restoration,30,15,15
Strokingmyd,illidan,1427,druid,restoration,63,31,32
Chaníng,frostmourne,1427,druid,restoration,66,30,36
Spoogel,area-52,1426,druid,restoration,37,17,20
Sadcookie,stormrage,1425,druid,restoration,18,15,3
Hyne,emerald-dream,1425,druid,restoration,120,65,55
Sharkhotzlol,frostmourne,1425,druid,restoration,66,25,41
Bruujz,moon-guard,1424,druid,restoration,54,33,21
Næturesbliss,barthilas,1424,druid,restoration,203,102,101
Ulfaar,frostmourne,1423,druid,restoration,60,40,20
Hansman,illidan,1423,druid,restoration,54,31,23
Blinxxy,bleeding-hollow,1423,druid,restoration,42,21,21
Bobobear,proudmoore,1423,druid,restoration,96,44,52
Anothersalad,stormrage,1422,druid,restoration,104,60,44
Nestaballo,illidan,1422,druid,restoration,136,74,62
Ånðrømæðå,sargeras,1421,druid,restoration,88,51,37
Kaerrort,sargeras,1421,druid,restoration,32,18,14
Anotherstar,frostmourne,1421,druid,restoration,228,114,114
Donutdruid,illidan,1420,druid,restoration,30,15,15
Nóv,darkspear,1417,druid,restoration,43,25,18
Arkenix,velen,1417,druid,restoration,78,38,40
Jijunss,tichondrius,1416,druid,restoration,77,44,33
Dalrei,jubeithos,1415,druid,restoration,54,29,25
Fryy,balnazzar,1414,druid,restoration,65,33,32
Xaverius,gorefiend,1413,druid,restoration,60,29,31
Dypx,tichondrius,1413,druid,restoration,256,123,133
Worgbearpig,destromath,1413,druid,restoration,38,18,20
Etaurne,drakkari,1413,druid,restoration,66,28,38
Bramble,malganis,1412,druid,restoration,44,18,26
Hibernate,illidan,1411,druid,restoration,30,15,15
Hugharection,illidan,1410,druid,restoration,42,23,19
Verkara,stormrage,1410,druid,restoration,94,42,52
Approx,tichondrius,1409,druid,restoration,145,68,77
Branu,hyjal,1409,druid,restoration,56,24,32
Moolord,eonar,1408,druid,restoration,99,51,48
Goosebümps,stormrage,1408,druid,restoration,96,41,55
Clarice,shattered-halls,1406,druid,restoration,108,51,57
Komaner,frostmourne,1406,druid,restoration,66,29,37
Onblue,tichondrius,1404,druid,restoration,67,39,28
Renlion,malganis,1404,druid,restoration,95,42,53
Yarikitty,tichondrius,1403,druid,restoration,24,15,9
Boomfire,thaurissan,1402,druid,restoration,48,33,15
Cenarius,frostmourne,1402,druid,restoration,72,35,37
Twentyfour,laughing-skull,1402,druid,restoration,72,30,42
Gôdôfwow,tichondrius,1402,druid,restoration,77,31,46
Ñazary,thrall,1401,druid,restoration,47,30,17
Duude,whisperwind,1401,druid,restoration,60,33,27
Classydruid,spinebreaker,1401,druid,restoration,333,166,167
Santiagowski,ragnaros,1400,druid,restoration,64,34,30
Wackyoff,malganis,1399,druid,restoration,30,21,9
Sorrinn,tichondrius,1399,druid,restoration,53,27,26
Ursiiday,sargeras,1399,druid,restoration,90,32,58
Lorern,eldrethalas,1397,druid,restoration,84,42,42
Cyclone,mugthol,1396,druid,restoration,24,19,5
Horymory,darkspear,1396,druid,restoration,246,126,120
Magicrock,moon-guard,1395,druid,restoration,198,107,91
Bobochi,tichondrius,1395,druid,restoration,48,25,23
Shirô,bleeding-hollow,1394,druid,restoration,139,70,69
Sneakiez,tichondrius,1393,druid,restoration,36,15,21
Plagiarist,stormrage,1392,druid,restoration,98,51,47
Bedlam,zuljin,1392,druid,restoration,61,25,36
Murkeÿ,frostmourne,1391,druid,restoration,24,15,9
Ophiophagus,nemesis,1391,druid,restoration,36,22,14
Counsyl,silvermoon,1391,druid,restoration,94,45,49
Izzabelle,deathwing,1390,druid,restoration,43,25,18
Milksupply,area-52,1390,druid,restoration,29,15,14
Eviltwín,frostmourne,1390,druid,restoration,63,32,31
Slev,frostmourne,1390,druid,restoration,54,27,27
Longisland,quelthalas,1388,druid,restoration,172,90,82
Weedmunchies,kelthuzad,1388,druid,restoration,60,27,33
Lexut,ragnaros,1388,druid,restoration,36,16,20
Lookhowirun,emerald-dream,1387,druid,restoration,42,16,26
Reliclol,firetree,1386,druid,restoration,30,15,15
Hibernate,duskwood,1386,druid,restoration,48,23,25
Jentzull,tichondrius,1385,druid,restoration,30,19,11
Pumma,darkspear,1385,druid,restoration,34,17,17
Acórn,frostmourne,1385,druid,restoration,50,24,26
Kroshape,stormrage,1385,druid,restoration,49,22,27
Cinderellax,illidan,1384,druid,restoration,42,25,17
Dkfm,thrall,1383,druid,restoration,741,369,372
Kevarcen,dalaran,1383,druid,restoration,173,86,87
Wildarumqt,tichondrius,1383,druid,restoration,37,18,19
Nanniel,tichondrius,1383,druid,restoration,60,27,33
Mkat,illidan,1383,druid,restoration,48,19,29
Dengdengya,illidan,1382,druid,restoration,54,29,25
Haful,emerald-dream,1382,druid,restoration,45,23,22
Icastsmells,tichondrius,1381,druid,restoration,57,36,21
Sheeyts,tichondrius,1381,druid,restoration,31,16,15
Malfurionis,tichondrius,1380,druid,restoration,54,24,30
Shartah,zuljin,1378,druid,restoration,55,23,32
Meepø,mugthol,1377,druid,restoration,133,68,65
Earwën,ragnaros,1376,druid,restoration,126,65,61
Shifftycent,trollbane,1376,druid,restoration,84,42,42
Wythrim,quelthalas,1375,druid,restoration,48,26,22
Lostnsauce,tichondrius,1375,druid,restoration,72,30,42
Nasue,ragnaros,1375,druid,restoration,84,32,52
Maaui,sargeras,1374,druid,restoration,48,24,24
Spongedaddy,tichondrius,1374,druid,restoration,33,16,17
Naseebo,frostmourne,1374,druid,restoration,103,47,56
Sohsuh,tichondrius,1374,druid,restoration,48,19,29
Kymopexy,sargeras,1371,druid,restoration,47,17,30
Brandonxerox,tichondrius,1370,druid,restoration,51,25,26
Áçxpërt,jubeithos,1370,druid,restoration,90,42,48
Libel,korgath,1369,druid,restoration,30,19,11
Azshunara,moon-guard,1369,druid,restoration,84,43,41
Biggucci,stonemaul,1366,druid,restoration,48,25,23
Batlex,thrall,1366,druid,restoration,36,15,21
Crapster,boulderfist,1363,druid,restoration,41,20,21
Rawrl,illidan,1363,druid,restoration,36,16,20
Heniuhojia,tichondrius,1362,druid,restoration,48,27,21
Feraldudu,illidan,1362,druid,restoration,250,127,123
Daku,moknathal,1362,druid,restoration,64,31,33
Twistay,tichondrius,1361,druid,restoration,40,25,15
Gladelf,sargeras,1361,druid,restoration,324,162,162
Lazza,blackhand,1361,druid,restoration,46,23,23
Mudpi,illidan,1361,druid,restoration,101,50,51
Ohhshiift,tichondrius,1360,druid,restoration,51,25,26
Ojotasesina,ragnaros,1360,druid,restoration,90,35,55
Gryel,area-52,1359,druid,restoration,516,269,247
Miyeonly,dalaran,1359,druid,restoration,89,37,52
Purrfact,frostmourne,1359,druid,restoration,42,17,25
Bloodshadez,tichondrius,1358,druid,restoration,38,20,18
Corkybucek,frostmourne,1357,druid,restoration,74,41,33
Thõrr,tichondrius,1357,druid,restoration,99,49,50
Kergai,emerald-dream,1355,druid,restoration,102,53,49
Meruemoo,tichondrius,1354,druid,restoration,424,212,212
Heyhey,dethecus,1353,druid,restoration,33,19,14
Dummedruid,illidan,1353,druid,restoration,72,28,44
Seizuressld,stormrage,1352,druid,restoration,118,64,54
Madsewerslvt,stormrage,1352,druid,restoration,227,116,111
Shallowcat,tichondrius,1352,druid,restoration,144,68,76
Penumbria,proudmoore,1351,druid,restoration,148,60,88
Oobuck,kilrogg,1350,druid,restoration,123,63,60
Fatherbanger,blackrock,1350,druid,restoration,78,37,41
Nxghtfall,tichondrius,1348,druid,restoration,168,89,79
Benjixx,proudmoore,1348,druid,restoration,108,51,57
Wildbloom,draenor,1347,druid,restoration,158,87,71
Purpleleaves,stormrage,1347,druid,restoration,408,195,213
Pÿe,bleeding-hollow,1347,druid,restoration,90,40,50
Poutyface,sargeras,1347,druid,restoration,176,77,99
Deamondruidz,kaelthas,1347,druid,restoration,107,45,62
Nytecrawler,bonechewer,1346,druid,restoration,123,69,54
Bodyluvlee,zuljin,1345,druid,restoration,131,67,64
Diglit,malganis,1345,druid,restoration,100,46,54
Joya,stormrage,1344,druid,restoration,45,24,21
Phåtkid,darkspear,1344,druid,restoration,66,34,32
Amanthw,tichondrius,1344,druid,restoration,77,34,43
Tyler,emerald-dream,1344,druid,restoration,90,32,58
Delody,tichondrius,1343,druid,restoration,38,23,15
Puzzlebox,illidan,1343,druid,restoration,24,14,10
Kimnim,tichondrius,1343,druid,restoration,108,57,51
Dualagent,illidan,1342,druid,restoration,24,16,8
Mynameisfish,tichondrius,1341,druid,restoration,36,14,22
Cantmeldthis,zuljin,1340,druid,restoration,30,14,16
Eraticdruid,illidan,1340,druid,restoration,91,38,53
Bearthisnut,bonechewer,1340,druid,restoration,36,15,21
Streetsharx,tichondrius,1339,druid,restoration,24,15,9
Groschats,area-52,1339,druid,restoration,42,14,28
Morphios,barthilas,1338,druid,restoration,112,57,55
Ripberg,chogall,1338,druid,restoration,30,14,16
Cznfik,area-52,1338,druid,restoration,78,32,46
Patada,sargeras,1338,druid,restoration,104,36,68
Doglightning,illidan,1336,druid,restoration,25,15,10
Awkwarder,emerald-dream,1336,druid,restoration,172,82,90
Mamazbear,area-52,1336,druid,restoration,36,15,21
Yimii,stormrage,1335,druid,restoration,30,16,14
Dassiaran,sargeras,1335,druid,restoration,130,69,61
Vecuronium,tichondrius,1335,druid,restoration,30,14,16
Bukbukboom,thunderlord,1333,druid,restoration,57,26,31
Sassyfeline,tichondrius,1333,druid,restoration,119,53,66
Anchunlol,tichondrius,1332,druid,restoration,36,18,18
Kaperij,sargeras,1332,druid,restoration,111,36,75
Cyrea,dalaran,1330,druid,restoration,24,14,10
Kritscawk,sargeras,1329,druid,restoration,60,33,27
Ctarla,tichondrius,1329,druid,restoration,48,25,23
Mandingodam,auchindoun,1329,druid,restoration,99,45,54
Rígo,frostmourne,1328,druid,restoration,39,21,18
Onlyforms,illidan,1328,druid,restoration,30,14,16
Hotshrillz,illidan,1327,druid,restoration,28,15,13
Hynz,barthilas,1327,druid,restoration,36,15,21
Tallenzz,lightninghoof,1326,druid,restoration,132,73,59
Farmageddon,thunderhorn,1326,druid,restoration,102,55,47
Reyvin,illidan,1326,druid,restoration,97,42,55
Dokasaurus,lightbringer,1325,druid,restoration,36,17,19
Blizted,tichondrius,1325,druid,restoration,30,14,16
Jessbearly,kiljaeden,1324,druid,restoration,54,26,28
Bigrich,malorne,1324,druid,restoration,78,37,41
Bobruid,nagrand,1323,druid,restoration,79,47,32
Dgdruid,tichondrius,1323,druid,restoration,66,34,32
Prevail,nazgrel,1323,druid,restoration,175,87,88
Acexten,tichondrius,1322,druid,restoration,66,36,30
Taufik,azralon,1322,druid,restoration,114,50,64
Cuddles,moon-guard,1321,druid,restoration,185,89,96
Hippystick,tichondrius,1321,druid,restoration,52,24,28
Káát,moon-guard,1321,druid,restoration,75,33,42
Ceejaé,tichondrius,1320,druid,restoration,111,59,52
Minokawa,kargath,1320,druid,restoration,65,34,31
Carlo,blackrock,1319,druid,restoration,115,61,54
Undaunted,bloodhoof,1319,druid,restoration,30,14,16
Antrial,icecrown,1319,druid,restoration,30,14,16
Def,tichondrius,1319,druid,restoration,60,24,36
Youngteezy,barthilas,1319,druid,restoration,142,53,89
Menace,rexxar,1317,druid,restoration,69,41,28
Okiesmokied,tichondrius,1317,druid,restoration,42,20,22
Kg,cenarion-circle,1316,druid,restoration,40,21,19
Redness,daggerspine,1315,druid,restoration,49,24,25
Tagliatélle,emerald-dream,1314,druid,restoration,48,15,33
Zelyvia,moon-guard,1313,druid,restoration,24,14,10
Freehealjob,lightnings-blade,1313,druid,restoration,30,14,16
Airmíd,illidan,1313,druid,restoration,120,50,70
Kzinti,zuluhed,1312,druid,restoration,30,14,16
Puntcounder,sargeras,1311,druid,restoration,83,42,41
Drudax,kelthuzad,1311,druid,restoration,42,21,21
Petmydeadcow,illidan,1311,druid,restoration,169,83,86
Vexcey,sargeras,1310,druid,restoration,35,21,14
Veganaa,azralon,1310,druid,restoration,79,43,36
Coronacation,proudmoore,1310,druid,restoration,75,31,44
Willowwind,bonechewer,1310,druid,restoration,60,22,38
Pherakik,lightnings-blade,1309,druid,restoration,142,75,67
Silit,tichondrius,1307,druid,restoration,129,65,64
Tofumation,gorgonnash,1307,druid,restoration,71,35,36
Gruulnir,antonidas,1307,druid,restoration,48,19,29
Bcktobasics,emerald-dream,1307,druid,restoration,36,14,22
Donnà,tichondrius,1306,druid,restoration,73,41,32
Tranqisdank,grizzly-hills,1306,druid,restoration,68,34,34
Ghirox,stormrage,1306,druid,restoration,66,32,34
Noctorius,ragnaros,1306,druid,restoration,36,14,22
Stetile,azralon,1305,druid,restoration,24,14,10
Thericebags,stormscale,1305,druid,restoration,659,332,327
Baerin,bleeding-hollow,1304,druid,restoration,53,33,20
Frantlerx,illidan,1304,druid,restoration,134,67,67
Skêet,tichondrius,1303,druid,restoration,79,41,38
Trippyheals,korgath,1303,druid,restoration,55,28,27
Gaawdx,illidan,1303,druid,restoration,54,25,29
Erû,ragnaros,1302,druid,restoration,51,29,22
Lindi,kelthuzad,1302,druid,restoration,102,56,46
Lighthoof,mannoroth,1302,druid,restoration,69,36,33
Alteraim,thrall,1302,druid,restoration,59,23,36
Bigherbo,zuljin,1300,druid,restoration,211,110,101
Needabandaid,arthas,1300,druid,restoration,54,26,28
Shroomdealer,kelthuzad,1300,druid,restoration,42,17,25
Catinthebox,illidan,1299,druid,restoration,24,14,10
Skymund,tichondrius,1299,druid,restoration,62,34,28
Whispurrz,tichondrius,1299,druid,restoration,798,407,391
Yoshí,emerald-dream,1299,druid,restoration,51,22,29
Kittyboiz,illidan,1298,druid,restoration,72,37,35
Lahsa,tichondrius,1298,druid,restoration,91,46,45
Nohkotana,illidan,1297,druid,restoration,61,33,28
Caustìk,malganis,1297,druid,restoration,76,41,35
Haohomie,tichondrius,1297,druid,restoration,59,31,28
Rooroo,ragnaros,1296,druid,restoration,28,15,13
Kuwä,proudmoore,1296,druid,restoration,303,150,153
Pronewb,frostmourne,1295,druid,restoration,24,18,6
Entydruid,khazgoroth,1295,druid,restoration,34,19,15
Veganz,moon-guard,1295,druid,restoration,266,135,131
Bovindickus,tichondrius,1295,druid,restoration,120,56,64
Dankmids,hyjal,1294,druid,restoration,30,19,11
Bandruid,tichondrius,1294,druid,restoration,34,17,17
Angercow,nordrassil,1294,druid,restoration,42,20,22
Kupos,lightbringer,1294,druid,restoration,81,37,44
Slév,frostmourne,1293,druid,restoration,56,29,27
Feutrine,zuljin,1293,druid,restoration,82,41,41
Catatonik,emerald-dream,1293,druid,restoration,42,18,24
Romcom,demon-soul,1292,druid,restoration,60,35,25
Kittysnuggle,emerald-dream,1292,druid,restoration,60,26,34
Duckyy,garithos,1292,druid,restoration,117,49,68
Krittykitkat,chogall,1291,druid,restoration,35,16,19
Faeruh,dalaran,1290,druid,restoration,52,35,17
Haneulso,tichondrius,1290,druid,restoration,55,30,25
Wildwhisper,moon-guard,1289,druid,restoration,139,74,65
Turftiger,stormrage,1289,druid,restoration,51,25,26
Sloptoucher,barthilas,1289,druid,restoration,35,17,18
Fergsy,frostmourne,1289,druid,restoration,100,47,53
Flexxfurion,thrall,1288,druid,restoration,48,24,24
Kismet,andorhal,1287,druid,restoration,24,14,10
Raghid,kelthuzad,1287,druid,restoration,60,32,28
Apoxi,arygos,1284,druid,restoration,42,24,18
Clawriander,barthilas,1283,druid,restoration,191,99,92
Bosscjp,tichondrius,1282,druid,restoration,93,47,46
Eliaris,rivendare,1282,druid,restoration,30,15,15
Iiliith,moon-guard,1282,druid,restoration,47,23,24
Ravendar,moon-guard,1282,druid,restoration,89,39,50
Galadrielcn,tichondrius,1282,druid,restoration,78,34,44
Lenori,vashj,1281,druid,restoration,72,41,31
Chyx,stormreaver,1281,druid,restoration,60,25,35
Torilisather,ragnaros,1281,druid,restoration,78,31,47
Darksteak,tichondrius,1280,druid,restoration,238,124,114
Birdie,dalvengyr,1279,druid,restoration,37,20,17
Breezeys,tichondrius,1279,druid,restoration,47,21,26
Zambyr,azralon,1278,druid,restoration,66,28,38
Figsurine,sargeras,1276,druid,restoration,60,32,28
Kipsi,frostmourne,1274,druid,restoration,47,33,14
Chowyunfats,proudmoore,1274,druid,restoration,425,219,206
Dunedaddy,silvermoon,1274,druid,restoration,147,73,74
Darimmx,mannoroth,1273,druid,restoration,169,82,87
Tenhoteta,goldrinn,1272,druid,restoration,48,22,26
Jruids,stormrage,1272,druid,restoration,54,23,31
Hellahots,spinebreaker,1271,druid,restoration,29,18,11
Gemroc,kelthuzad,1271,druid,restoration,24,14,10
Drazibaz,thrall,1271,druid,restoration,42,24,18
Nanate,sargeras,1271,druid,restoration,83,43,40
Sxlanderx,malganis,1271,druid,restoration,118,58,60
Däll,tichondrius,1270,druid,restoration,72,32,40
Snugglin,kelthuzad,1270,druid,restoration,42,18,24
Lopper,hyjal,1269,druid,restoration,36,20,16
Larc,frostwolf,1269,druid,restoration,94,49,45
Tuskdaddie,sargeras,1268,druid,restoration,48,29,19
Volgoro,thrall,1268,druid,restoration,144,73,71
Ephemere,emerald-dream,1268,druid,restoration,40,20,20
Kronik,jubeithos,1268,druid,restoration,433,202,231
Carlosd,tichondrius,1267,druid,restoration,72,41,31
Cshafty,illidan,1267,druid,restoration,123,64,59
Beefyhealz,emerald-dream,1266,druid,restoration,227,122,105
Aaughh,sargeras,1266,druid,restoration,94,43,51
Judar,barthilas,1265,druid,restoration,67,31,36
Baridalarrus,dalaran,1265,druid,restoration,118,53,65
Adaralia,tichondrius,1265,druid,restoration,70,28,42
Cleptoresto,dalaran,1265,druid,restoration,46,16,30
Amandi,magtheridon,1264,druid,restoration,72,35,37
Muatigorn,blackrock,1264,druid,restoration,117,56,61
Iambeefy,hyjal,1263,druid,restoration,233,116,117
Travys,sargeras,1263,druid,restoration,54,26,28
Søusuke,azralon,1262,druid,restoration,45,25,20
Elgatomarica,ragnaros,1262,druid,restoration,65,35,30
Suye,tichondrius,1262,druid,restoration,90,44,46
Sertroz,sargeras,1262,druid,restoration,58,24,34
Jabawockdeez,area-52,1261,druid,restoration,101,59,42
Hotkage,tichondrius,1261,druid,restoration,84,43,41
Foxbear,garona,1260,druid,restoration,89,55,34
Asaphelps,stormrage,1260,druid,restoration,28,14,14
Twigleg,eonar,1260,druid,restoration,72,27,45
Unrootable,illidan,1259,druid,restoration,48,21,27
Swiftydel,frostmourne,1258,druid,restoration,215,112,103
Altx,moknathal,1255,druid,restoration,38,22,16
Crackheads,tichondrius,1255,druid,restoration,91,45,46
Imakitty,aerie-peak,1254,druid,restoration,157,81,76
Skotty,hyjal,1253,druid,restoration,66,30,36
Rockmeifucan,greymane,1253,druid,restoration,78,33,45
Vondutch,tichondrius,1253,druid,restoration,108,43,65
Santicow,ragnaros,1252,druid,restoration,38,20,18
Yaato,illidan,1252,druid,restoration,139,68,71
Jonoa,nagrand,1252,druid,restoration,57,26,31
Keelifdruid,arthas,1252,druid,restoration,48,20,28
Katherine,moon-guard,1251,druid,restoration,132,62,70
Jacknit,illidan,1250,druid,restoration,28,15,13
Velauris,sargeras,1250,druid,restoration,69,32,37
Smhyle,frostmourne,1249,druid,restoration,109,58,51
Bubcutie,burning-legion,1249,druid,restoration,41,18,23
Jungleakso,tichondrius,1249,druid,restoration,60,25,35
Saelyle,illidan,1248,druid,restoration,53,28,25
Joopsy,tichondrius,1248,druid,restoration,316,161,155
Rwi,tichondrius,1248,druid,restoration,161,73,88
Firefirelol,proudmoore,1247,druid,restoration,24,13,11
Ninzor,tichondrius,1247,druid,restoration,30,13,17
Shwayshift,bleeding-hollow,1247,druid,restoration,30,13,17
Cakedx,tichondrius,1247,druid,restoration,30,13,17
Loveflowers,nemesis,1246,druid,restoration,24,13,11
Joink,sargeras,1246,druid,restoration,48,24,24
Yellowstone,drakthul,1245,druid,restoration,72,39,33
Mysteec,bleeding-hollow,1245,druid,restoration,41,19,22
Sodury,tichondrius,1244,druid,restoration,226,127,99
Slambeezy,emerald-dream,1244,druid,restoration,24,13,11
Hgoo,tichondrius,1244,druid,restoration,30,13,17
Bunrack,nerzhul,1243,druid,restoration,57,30,27
Wp,proudmoore,1243,druid,restoration,92,47,45
Elylaylalar,moon-guard,1243,druid,restoration,146,72,74
Krözjk,quelthalas,1243,druid,restoration,63,29,34
Louisvuittón,area-52,1242,druid,restoration,41,23,18
Seyvyurtoo,black-dragonflight,1241,druid,restoration,24,14,10
Valeñtine,dalaran,1241,druid,restoration,110,57,53
Astralyte,kiljaeden,1240,druid,restoration,48,28,20
Odcerberus,azralon,1240,druid,restoration,72,35,37
Speaks,moon-guard,1240,druid,restoration,137,65,72
Kendoboos,moon-guard,1240,druid,restoration,72,32,40
Cuccii,sargeras,1240,druid,restoration,30,13,17
Layala,sargeras,1239,druid,restoration,108,55,53
Asclepïus,tichondrius,1239,druid,restoration,35,17,18
Drunner,lothar,1239,druid,restoration,42,15,27
Feldstarx,stormrage,1238,druid,restoration,24,13,11
Magzally,stormrage,1238,druid,restoration,30,13,17
Tardcakes,tichondrius,1238,druid,restoration,116,50,66
Yakuho,proudmoore,1237,druid,restoration,50,29,21
Pollished,kelthuzad,1237,druid,restoration,115,63,52
Kyndel,kiljaeden,1237,druid,restoration,44,22,22
Junglefists,frostmourne,1237,druid,restoration,250,123,127
Badferal,blackhand,1237,druid,restoration,73,34,39
Glenglooie,tichondrius,1235,druid,restoration,73,29,44
Erykk,dalaran,1234,druid,restoration,24,14,10
Lissette,thrall,1234,druid,restoration,24,13,11
Gromdruid,azralon,1233,druid,restoration,108,62,46
Dolanaar,stormrage,1233,druid,restoration,185,95,90
Greenvibes,drakkari,1233,druid,restoration,232,115,117
Neurotoxins,tichondrius,1233,druid,restoration,30,13,17
Svarne,kiljaeden,1232,druid,restoration,59,29,30
Controlyolo,stormrage,1232,druid,restoration,115,51,64
Catterpiller,daggerspine,1231,druid,restoration,18,13,5
Sroyalbeast,sargeras,1231,druid,restoration,24,13,11
Isiliar,nerzhul,1231,druid,restoration,71,36,35
Shekelsnätch,area-52,1231,druid,restoration,42,21,21
Groõt,barthilas,1231,druid,restoration,189,87,102
Delicioso,wyrmrest-accord,1230,druid,restoration,121,71,50
Devilsparda,frostmane,1230,druid,restoration,118,61,57
Trolbearpig,malganis,1230,druid,restoration,28,14,14
Nintrus,nazjatar,1230,druid,restoration,38,18,20
Mhdd,tichondrius,1230,druid,restoration,54,25,29
Kerrzo,frostmourne,1230,druid,restoration,48,22,26
Greemer,sargeras,1229,druid,restoration,45,20,25
Mamake,daggerspine,1229,druid,restoration,69,30,39
Lilbabymint,dalaran,1228,druid,restoration,36,18,18
Fioryxd,bleeding-hollow,1228,druid,restoration,62,29,33
Tìssuebox,malganis,1228,druid,restoration,87,39,48
Preachirr,lightbringer,1227,druid,restoration,18,13,5
Cøkelol,zuljin,1227,druid,restoration,70,36,34
Drchronic,boulderfist,1227,druid,restoration,212,106,106
Oflodor,azralon,1227,druid,restoration,60,30,30
Tworax,frostmourne,1227,druid,restoration,48,19,29
Bhagwan,area-52,1227,druid,restoration,48,18,30
Kasannaommi,sargeras,1226,druid,restoration,109,54,55
Afonso,frostmourne,1226,druid,restoration,62,30,32
Carneluna,area-52,1226,druid,restoration,66,31,35
Druidlstrudl,moon-guard,1226,druid,restoration,87,34,53
Xay,runetotem,1225,druid,restoration,36,20,16
Sneakysoren,kelthuzad,1224,druid,restoration,65,29,36
Topzet,azralon,1224,druid,restoration,36,13,23
Bumî,zuljin,1223,druid,restoration,30,13,17
Wizdùm,frostmourne,1223,druid,restoration,37,13,24
Slothform,barthilas,1222,druid,restoration,66,36,30
Zaknáfein,moon-guard,1222,druid,restoration,30,14,16
Omelet,tichondrius,1222,druid,restoration,30,14,16
Vëse,frostmourne,1222,druid,restoration,36,13,23
Torofarmeon,quelthalas,1221,druid,restoration,57,32,25
Panorämix,nemesis,1221,druid,restoration,78,42,36
Elvishchamp,mugthol,1221,druid,restoration,53,22,31
Bleedhoof,frostmourne,1221,druid,restoration,110,45,65
Zhinger,tichondrius,1220,druid,restoration,51,26,25
Sangsan,tichondrius,1220,druid,restoration,193,89,104
Tarzzan,drakkari,1219,druid,restoration,93,52,41
Dainehoof,area-52,1219,druid,restoration,96,44,52
Druidkingdk,stormrage,1218,druid,restoration,29,18,11
Beladrexx,stormrage,1218,druid,restoration,78,33,45
Traplordbill,sargeras,1217,druid,restoration,42,24,18
Ruskii,executus,1217,druid,restoration,59,26,33
Ännä,moon-guard,1217,druid,restoration,30,13,17
Lünaä,quelthalas,1216,druid,restoration,83,49,34
Jimmycooks,tichondrius,1216,druid,restoration,24,14,10
Edbtw,azralon,1216,druid,restoration,260,129,131
Nahualis,tichondrius,1216,druid,restoration,42,15,27
Rezl,sargeras,1215,druid,restoration,41,14,27
Gotdruid,sargeras,1214,druid,restoration,20,14,6
Dchizzle,tichondrius,1213,druid,restoration,69,35,34
Ananan,burning-blade,1212,druid,restoration,155,73,82
Sharinna,andorhal,1211,druid,restoration,86,40,46
Beecammy,frostmourne,1209,druid,restoration,101,56,45
Gossìpgoat,frostmourne,1209,druid,restoration,86,42,44
Pyrogenics,whisperwind,1209,druid,restoration,42,20,22
Hpcorrection,bleeding-hollow,1208,druid,restoration,48,23,25
Beleraine,moon-guard,1208,druid,restoration,40,17,23
Zoeyx,tichondrius,1207,druid,restoration,61,36,25
Dïscojuice,tichondrius,1207,druid,restoration,59,21,38
Bekroh,crushridge,1206,druid,restoration,24,14,10
Yourka,uther,1205,druid,restoration,98,55,43
Prudence,azralon,1205,druid,restoration,54,28,26
Concordya,tichondrius,1203,druid,restoration,90,46,44
Astrosapien,moon-guard,1203,druid,restoration,72,35,37
Blürry,area-52,1203,druid,restoration,42,13,29
Meôwmix,stormrage,1202,druid,restoration,24,13,11
Bearlielegal,stormrage,1202,druid,restoration,48,24,24
Apox,zuljin,1202,druid,restoration,52,21,31
Imrac,boulderfist,1202,druid,restoration,48,17,31
Erethran,kelthuzad,1201,druid,restoration,65,33,32
Kiraval,stormrage,1201,druid,restoration,102,50,52
Feckzd,blackhand,1201,druid,restoration,37,17,20
Ragotø,azralon,1201,druid,restoration,115,52,63
Razakka,stormrage,1201,druid,restoration,47,13,34
Lilvampp,kelthuzad,1200,druid,restoration,24,13,11
Mf,stormscale,1200,druid,restoration,52,25,27
Restorass,tichondrius,1200,druid,restoration,182,87,95
Quan,illidan,1199,druid,restoration,90,46,44
Wondla,ysera,1199,druid,restoration,53,27,26
Dimzim,lightbringer,1198,druid,restoration,66,31,35
Tuurban,stormrage,1197,druid,restoration,47,22,25
Feanah,tichondrius,1197,druid,restoration,32,14,18
Aterra,ragnaros,1196,druid,restoration,236,113,123
Smilax,eonar,1195,druid,restoration,104,44,60
Healingcute,tichondrius,1194,druid,restoration,203,99,104
Pahandan,bonechewer,1194,druid,restoration,33,14,19
Vacagalo,azralon,1193,druid,restoration,54,33,21
Mangleartist,wyrmrest-accord,1193,druid,restoration,24,14,10
Lynncheeks,spirestone,1193,druid,restoration,113,59,54
Whìtewölf,emerald-dream,1193,druid,restoration,36,15,21
Keëf,malganis,1192,druid,restoration,56,35,21
Sweetcorn,malganis,1192,druid,restoration,40,16,24
Chickenboss,ragnaros,1191,druid,restoration,40,18,22
Feykurds,sargeras,1191,druid,restoration,72,26,46
Leoho,tichondrius,1190,druid,restoration,50,27,23
Cheddastov,illidan,1189,druid,restoration,27,14,13
Knowgo,tichondrius,1188,druid,restoration,54,28,26
Benngotit,magtheridon,1187,druid,restoration,33,13,20
Healzforeal,dalaran,1186,druid,restoration,54,18,36
Alewild,quelthalas,1185,druid,restoration,54,26,28
Defku,quelthalas,1184,druid,restoration,72,32,40
Pawpurrazzi,moon-guard,1183,druid,restoration,17,13,4
Pachacamac,dragonmaw,1183,druid,restoration,60,34,26
Dankcentral,frostwolf,1183,druid,restoration,116,61,55
Irushbots,tichondrius,1183,druid,restoration,36,15,21
Hadoriss,kelthuzad,1183,druid,restoration,54,21,33
Quarantinia,arathor,1182,druid,restoration,115,67,48
Frames,area-52,1181,druid,restoration,246,122,124
Bunnyes,tichondrius,1181,druid,restoration,71,34,37
Yugen,arthas,1181,druid,restoration,36,14,22
Sinseir,stormscale,1179,druid,restoration,162,75,87
Wildbite,tichondrius,1177,druid,restoration,26,16,10
Mcriblet,illidan,1177,druid,restoration,64,30,34
Drexsabex,tichondrius,1176,druid,restoration,42,25,17
Purpyo,bleeding-hollow,1176,druid,restoration,30,14,16
Kitiano,thunderlord,1176,druid,restoration,187,87,100
Imcop,tichondrius,1175,druid,restoration,68,37,31
Kybecruz,stormrage,1175,druid,restoration,180,81,99
Filthyclaws,stormrage,1174,druid,restoration,76,26,50
Deximus,wyrmrest-accord,1173,druid,restoration,24,13,11
Alastras,tichondrius,1173,druid,restoration,36,18,18
Hruke,illidan,1173,druid,restoration,42,17,25
Prêdator,ragnaros,1173,druid,restoration,36,14,22
Kagoz,darkspear,1173,druid,restoration,43,13,30
Macdonah,tichondrius,1172,druid,restoration,98,56,42
Shanê,proudmoore,1172,druid,restoration,103,46,57
Emiyababmura,tichondrius,1171,druid,restoration,49,24,25
Tensuen,boulderfist,1171,druid,restoration,75,35,40
Psycloned,magtheridon,1171,druid,restoration,34,13,21
Robleatrox,quelthalas,1171,druid,restoration,66,23,43
Curze,maiev,1170,druid,restoration,42,18,24
Fision,kelthuzad,1167,druid,restoration,75,40,35
Bearuffinz,malganis,1167,druid,restoration,191,93,98
Chixao,tichondrius,1166,druid,restoration,23,13,10
Aramá,drakkari,1166,druid,restoration,43,21,22
Bosque,kelthuzad,1166,druid,restoration,96,44,52
Dergmoo,moon-guard,1166,druid,restoration,66,27,39
Fortnitburgr,tichondrius,1165,druid,restoration,24,13,11
Matpd,norgannon,1165,druid,restoration,124,61,63
Fjv,laughing-skull,1165,druid,restoration,36,15,21
Catlypso,tichondrius,1164,druid,restoration,102,60,42
Mathematical,dragonmaw,1164,druid,restoration,24,13,11
Juuru,stormreaver,1164,druid,restoration,84,44,40
Yanga,malfurion,1163,druid,restoration,48,27,21
Höneyfang,moon-guard,1161,druid,restoration,101,56,45
Lewïs,stormrage,1161,druid,restoration,153,84,69
Cocomint,wyrmrest-accord,1161,druid,restoration,33,16,17
Agnala,drakkari,1161,druid,restoration,135,60,75
Jammi,skywall,1161,druid,restoration,30,13,17
Müfasä,azralon,1160,druid,restoration,66,33,33
Sarangzzang,tichondrius,1159,druid,restoration,37,22,15
Bäñgarang,tichondrius,1159,druid,restoration,78,41,37
Fermata,aegwynn,1158,druid,restoration,62,33,29
Melbian,tichondrius,1158,druid,restoration,239,121,118
Moonshire,boulderfist,1158,druid,restoration,48,21,27
Crunchyleafs,thrall,1157,druid,restoration,29,21,8
Vacablancá,tichondrius,1157,druid,restoration,70,32,38
Tîgerlily,proudmoore,1157,druid,restoration,104,40,64
Wildartform,malganis,1156,druid,restoration,35,18,17
Jamw,proudmoore,1155,druid,restoration,114,58,56
Ahylen,quelthalas,1154,druid,restoration,111,51,60
Gouzz,frostmourne,1154,druid,restoration,35,14,21
Sharialawl,stormreaver,1154,druid,restoration,33,13,20
Meonk,frostmourne,1153,druid,restoration,80,39,41
Dno,demon-soul,1152,druid,restoration,18,12,6
Hoedrufroza,tichondrius,1152,druid,restoration,24,12,12
Ppbdru,tichondrius,1152,druid,restoration,24,12,12
Feroce,executus,1152,druid,restoration,24,12,12
Iamword,proudmoore,1152,druid,restoration,28,13,15
Gentlesoapp,blackrock,1151,druid,restoration,54,30,24
Antinous,tichondrius,1151,druid,restoration,156,80,76
Adarindre,aerie-peak,1151,druid,restoration,132,64,68
Gepardéx,ragnaros,1151,druid,restoration,178,82,96
Djdontlose,stormrage,1151,druid,restoration,31,13,18
Blackmoomba,kiljaeden,1150,druid,restoration,16,13,3
Tiggor,ghostlands,1150,druid,restoration,18,12,6
Bigblackcroc,kiljaeden,1150,druid,restoration,24,12,12
Panacaea,windrunner,1149,druid,restoration,60,33,27
Javoh,drakkari,1149,druid,restoration,49,26,23
Kvacco,kiljaeden,1149,druid,restoration,30,14,16
Basicdrood,frostmourne,1149,druid,restoration,51,21,30
Mommymilkers,jubeithos,1149,druid,restoration,54,14,40
Æpex,lightnings-blade,1148,druid,restoration,36,19,17
Cipozento,azralon,1148,druid,restoration,115,56,59
Ihideuseek,bloodscalp,1148,druid,restoration,85,31,54
Dampchamp,illidan,1148,druid,restoration,36,12,24
Idoldeoz,quelthalas,1147,druid,restoration,36,18,18
Kassyx,illidan,1147,druid,restoration,36,12,24
Kastro,frostwolf,1146,druid,restoration,322,166,156
Tranqz,moon-guard,1146,druid,restoration,24,12,12
Waxedchest,emerald-dream,1146,druid,restoration,24,12,12
Löthnälar,ragnaros,1145,druid,restoration,96,50,46
Fatshift,chogall,1145,druid,restoration,122,62,60
Sêxcavator,thrall,1145,druid,restoration,24,12,12
Fujimufu,bleeding-hollow,1145,druid,restoration,24,12,12
Skibbidy,boulderfist,1145,druid,restoration,33,14,19
Simperella,dalaran,1144,druid,restoration,39,15,24
Permbanned,tichondrius,1143,druid,restoration,18,12,6
Adind,tanaris,1143,druid,restoration,203,105,98
Seiddon,area-52,1143,druid,restoration,30,13,17
Kymosolod,sargeras,1142,druid,restoration,24,12,12
Ulfaren,frostmourne,1141,druid,restoration,54,27,27
Hughcockman,tichondrius,1141,druid,restoration,36,13,23
Burdup,tichondrius,1140,druid,restoration,185,97,88
Someshta,sargeras,1140,druid,restoration,24,12,12
Vaniboo,thrall,1140,druid,restoration,43,19,24
Tyrs,aggramar,1140,druid,restoration,35,15,20
Mainera,sargeras,1140,druid,restoration,78,33,45
Wiskees,sargeras,1140,druid,restoration,30,12,18
Alphalemon,ragnaros,1139,druid,restoration,69,33,36
Vivinara,moon-guard,1138,druid,restoration,122,47,75
Cear,proudmoore,1137,druid,restoration,45,16,29
Chocotoqtt,azralon,1136,druid,restoration,30,12,18
Seclusions,tichondrius,1135,druid,restoration,37,21,16
Duedad,gurubashi,1135,druid,restoration,114,63,51
Tyrantha,emerald-dream,1135,druid,restoration,85,40,45
Eredorn,darkspear,1134,druid,restoration,51,35,16
Nephro,barthilas,1134,druid,restoration,18,12,6
Pazlife,arthas,1134,druid,restoration,24,12,12
Glenkair,lightnings-blade,1134,druid,restoration,36,17,19
Schlotzsky,skullcrusher,1132,druid,restoration,87,45,42
Uttress,kalecgos,1132,druid,restoration,30,14,16
Driftwood,bonechewer,1132,druid,restoration,118,51,67
Ayadel,moon-guard,1130,druid,restoration,160,77,83
Lizzelune,drakkari,1130,druid,restoration,130,61,69
Mithaelar,moon-guard,1130,druid,restoration,36,13,23
Vlayn,ragnaros,1129,druid,restoration,29,12,17
Shiftyy,nordrassil,1129,druid,restoration,36,14,22
Fastafboy,stormrage,1128,druid,restoration,32,17,15
Delladdiozz,tichondrius,1128,druid,restoration,30,13,17
Duxz,tichondrius,1127,druid,restoration,23,13,10
Soxyeon,tichondrius,1127,druid,restoration,53,23,30
Sneakydikns,tichondrius,1127,druid,restoration,36,12,24
Bussincheeks,tichondrius,1124,druid,restoration,24,14,10
Yorch,stormrage,1124,druid,restoration,90,46,44
Bubbashift,garona,1124,druid,restoration,60,25,35
Anasia,barthilas,1123,druid,restoration,135,70,65
Delícíous,darkspear,1123,druid,restoration,55,24,31
Älef,ragnaros,1122,druid,restoration,78,34,44
Julyto,ragnaros,1120,druid,restoration,24,12,12
Pawsh,tichondrius,1118,druid,restoration,27,14,13
Dreaztock,malganis,1118,druid,restoration,30,15,15
Aokseer,azralon,1117,druid,restoration,52,31,21
Itzreallyhim,kiljaeden,1117,druid,restoration,45,20,25
Kittne,hellscream,1116,druid,restoration,60,32,28
Gorillagloo,area-52,1116,druid,restoration,156,73,83
Nugren,thrall,1115,druid,restoration,84,35,49
Zwind,nerzhul,1115,druid,restoration,52,21,31
Feralgodx,sargeras,1114,druid,restoration,23,12,11
Alukadru,area-52,1114,druid,restoration,24,12,12
Iheartpvp,tichondrius,1114,druid,restoration,73,33,40
Sbc,anvilmar,1114,druid,restoration,135,60,75
Onlypaws,azjolnerub,1114,druid,restoration,48,19,29
Queiq,malganis,1112,druid,restoration,18,12,6
Blitzÿ,lothar,1111,druid,restoration,33,19,14
Kuaite,azralon,1110,druid,restoration,72,25,47
Jeppcat,tichondrius,1110,druid,restoration,38,13,25
Goodhealer,akama,1109,druid,restoration,84,50,34
Gairen,the-venture-co,1108,druid,restoration,32,16,16
Tricknicgg,illidan,1108,druid,restoration,41,15,26
Lenowell,frostmourne,1108,druid,restoration,68,18,50
Terokky,azralon,1107,druid,restoration,24,12,12
Schwarzbier,area-52,1106,druid,restoration,18,15,3
Çura,tichondrius,1106,druid,restoration,49,28,21
Sonrius,proudmoore,1106,druid,restoration,94,50,44
Muukair,ragnaros,1106,druid,restoration,89,39,50
Maddoxi,stormrage,1106,druid,restoration,30,12,18
Dwalk,moknathal,1105,druid,restoration,128,67,61
Malice,undermine,1105,druid,restoration,137,58,79
Druphou,tichondrius,1104,druid,restoration,83,38,45
Furfu,illidan,1104,druid,restoration,74,33,41
Rammz,illidan,1104,druid,restoration,102,36,66
Infestador,tichondrius,1103,druid,restoration,117,59,58
Brotø,nemesis,1103,druid,restoration,176,86,90
Atillah,stormscale,1102,druid,restoration,24,12,12
Feaveldin,moon-guard,1102,druid,restoration,24,12,12
Furon,thunderlord,1101,druid,restoration,62,31,31
Salty,stormscale,1101,druid,restoration,48,24,24
Carekoala,wyrmrest-accord,1101,druid,restoration,71,35,36
Feralgød,tichondrius,1100,druid,restoration,54,27,27
Thicclesbean,tichondrius,1100,druid,restoration,136,67,69
Leafmane,moon-guard,1098,druid,restoration,24,13,11
Idracnine,sargeras,1098,druid,restoration,26,13,13
Elendriss,quelthalas,1098,druid,restoration,92,44,48
Ishiftalot,bleeding-hollow,1097,druid,restoration,52,33,19
Naturemagic,malganis,1096,druid,restoration,63,32,31
Battiatus,malganis,1093,druid,restoration,42,19,23
Seremap,frostmourne,1092,druid,restoration,110,62,48
Katdog,warsong,1091,druid,restoration,43,27,16
Samerax,vashj,1091,druid,restoration,193,90,103
Barugaf,drakkari,1090,druid,restoration,49,28,21
Guislstwo,azralon,1090,druid,restoration,100,43,57
Dorzaku,ragnaros,1089,druid,restoration,226,117,109
Druilicious,ghostlands,1089,druid,restoration,97,50,47
Alcoolânio,stormrage,1088,druid,restoration,43,24,19
Pmsprone,tichondrius,1086,druid,restoration,108,55,53
Hðthead,area-52,1086,druid,restoration,66,31,35
Notcovet,illidan,1085,druid,restoration,70,35,35
Careless,destromath,1085,druid,restoration,114,51,63
Saltyzz,tichondrius,1084,druid,restoration,54,25,29
Rockcow,tichondrius,1084,druid,restoration,78,33,45
Lunder,korgath,1084,druid,restoration,42,13,29
Berchwunden,ragnaros,1083,druid,restoration,58,27,31
Nnujabes,dalaran,1081,druid,restoration,22,12,10
Kandyshop,gorefiend,1080,druid,restoration,60,37,23
Urukz,goldrinn,1080,druid,restoration,30,16,14
Kaylabooz,tichondrius,1080,druid,restoration,126,58,68
Cloneftw,tol-barad,1079,druid,restoration,28,12,16
Oongadunga,tichondrius,1078,druid,restoration,28,12,16
Kittzey,stormrage,1077,druid,restoration,28,14,14
Lutzenberger,nemesis,1077,druid,restoration,95,45,50
Creasir,tichondrius,1077,druid,restoration,59,20,39
Alfurr,tichondrius,1075,druid,restoration,144,76,68
Würzel,nemesis,1074,druid,restoration,117,57,60
Jethelium,illidan,1072,druid,restoration,222,119,103
Janaki,malygos,1072,druid,restoration,42,20,22
Hallowbranch,moon-guard,1072,druid,restoration,56,23,33
Mydira,stormrage,1071,druid,restoration,54,30,24
Diaks,proudmoore,1070,druid,restoration,58,37,21
Proness,garithos,1070,druid,restoration,136,61,75
Augus,hyjal,1070,druid,restoration,45,18,27
Notarug,sargeras,1070,druid,restoration,49,14,35
Kimkay,the-venture-co,1068,druid,restoration,65,26,39
Ticelli,aerie-peak,1067,druid,restoration,42,20,22
Bankinbäbe,illidan,1066,druid,restoration,173,92,81
Gimborion,stormrage,1066,druid,restoration,48,23,25
Nöches,quelthalas,1065,druid,restoration,32,12,20
Somars,cenarius,1064,druid,restoration,28,18,10
Dehla,goldrinn,1064,druid,restoration,93,42,51
Tallais,barthilas,1064,druid,restoration,30,12,18
Quaileggs,illidan,1064,druid,restoration,36,12,24
Aarandiel,borean-tundra,1063,druid,restoration,30,17,13
Ateoate,stormscale,1063,druid,restoration,88,39,49
Anïtra,illidan,1061,druid,restoration,119,43,76
Kitnip,proudmoore,1060,druid,restoration,30,19,11
Spasmm,tichondrius,1059,druid,restoration,18,12,6
Vengaul,amanthul,1059,druid,restoration,42,21,21
Kassis,illidan,1058,druid,restoration,93,49,44
Dobidas,tichondrius,1058,druid,restoration,143,71,72
Jonculler,korgath,1058,druid,restoration,123,59,64
Vantorsydmel,proudmoore,1058,druid,restoration,104,48,56
Linbiba,area-52,1057,druid,restoration,24,13,11
Hainz,auchindoun,1057,druid,restoration,115,58,57
Shadøwshifta,kelthuzad,1057,druid,restoration,31,12,19
Samuelceo,area-52,1056,druid,restoration,12,11,1
Kkitsch,tichondrius,1056,druid,restoration,18,11,7
Fracxx,area-52,1056,druid,restoration,18,11,7
Ppb,illidan,1056,druid,restoration,24,11,13
Whhm,burning-blade,1056,druid,restoration,24,11,13
Kïte,drakkari,1056,druid,restoration,31,14,17
Ddizz,cairne,1056,druid,restoration,36,14,22
Jockrock,thunderhorn,1055,druid,restoration,25,13,12
Apple,saurfang,1055,druid,restoration,24,11,13
Lindsanr,illidan,1055,druid,restoration,36,11,25
Ordono,emerald-dream,1054,druid,restoration,18,11,7
Seèn,stormrage,1054,druid,restoration,34,18,16
Anaho,korgath,1053,druid,restoration,18,11,7
Azyx,stormrage,1053,druid,restoration,278,134,144
Mollytonasty,demon-soul,1053,druid,restoration,24,11,13
Bearlylegäl,eonar,1053,druid,restoration,138,61,77
Abakuá,ragnaros,1052,druid,restoration,18,11,7
Maeo,drenden,1052,druid,restoration,18,11,7
Jimooin,tichondrius,1052,druid,restoration,60,26,34
Deja,frostmourne,1052,druid,restoration,30,11,19
Marminalade,stormrage,1051,druid,restoration,18,11,7
Nastynancy,frostmourne,1051,druid,restoration,21,12,9
Hecaf,drakkari,1051,druid,restoration,24,11,13
Solisuu,frostmane,1051,druid,restoration,30,11,19
Cres,moon-guard,1051,druid,restoration,42,11,31
Cloyer,stormrage,1050,druid,restoration,30,16,14
Phxburn,illidan,1050,druid,restoration,30,11,19
Chicobrenes,moknathal,1049,druid,restoration,105,52,53
Drürsidae,malganis,1049,druid,restoration,100,44,56
Dinglebops,stormrage,1047,druid,restoration,28,15,13
Cenarïus,stormrage,1047,druid,restoration,98,43,55
Mâckdâddy,kul-tiras,1047,druid,restoration,30,11,19
Edorant,illidan,1047,druid,restoration,30,11,19
Shiftay,moon-guard,1047,druid,restoration,30,11,19
Scoobyshiftz,frostmourne,1046,druid,restoration,46,28,18
Phéônix,zuljin,1046,druid,restoration,24,11,13
Zzizi,tichondrius,1046,druid,restoration,29,13,16
Zoll,kelthuzad,1046,druid,restoration,66,26,40
Battlecát,stormscale,1045,druid,restoration,24,11,13
Cuddlepanda,mugthol,1045,druid,restoration,24,11,13
Lifebloomlol,area-52,1045,druid,restoration,30,11,19
Zadayos,aerie-peak,1044,druid,restoration,30,16,14
Leanoir,proudmoore,1044,druid,restoration,78,34,44
Duducows,tichondrius,1044,druid,restoration,65,26,39
Thetbones,tichondrius,1043,druid,restoration,24,11,13
Capizzi,illidan,1043,druid,restoration,28,12,16
Grubbs,terenas,1043,druid,restoration,30,11,19
Realhötgirl,moon-guard,1042,druid,restoration,18,11,7
Wiggle,stormscale,1042,druid,restoration,62,33,29
Herecomesthe,sargeras,1042,druid,restoration,24,11,13
Drudith,demon-soul,1041,druid,restoration,88,50,38
Buffalobillz,lethon,1041,druid,restoration,94,51,43
Vdubz,blackrock,1041,druid,restoration,138,73,65
Ahlekleklekk,azralon,1041,druid,restoration,49,25,24
Dzone,tichondrius,1040,druid,restoration,19,11,8
Arjác,jubeithos,1040,druid,restoration,24,11,13
Ahrily,kelthuzad,1040,druid,restoration,75,33,42
Rlie,quelthalas,1040,druid,restoration,42,11,31
Tristanne,proudmoore,1039,druid,restoration,21,14,7
Kanabat,drenden,1039,druid,restoration,24,11,13
Jabina,detheroc,1038,druid,restoration,60,17,43
Leoha,stormrage,1037,druid,restoration,24,15,9
Florella,misha,1037,druid,restoration,54,25,29
Taydruid,stormrage,1037,druid,restoration,54,24,30
Seralyo,quelthalas,1037,druid,restoration,99,37,62
Stupidranga,barthilas,1037,druid,restoration,60,19,41
Chopleaf,khadgar,1036,druid,restoration,192,98,94
Kourne,aegwynn,1036,druid,restoration,69,34,35
Destaliyas,sargeras,1036,druid,restoration,42,11,31
Slee,eredar,1035,druid,restoration,18,11,7
Erourk,azralon,1035,druid,restoration,24,12,12
Orryn,darkspear,1035,druid,restoration,36,11,25
Mimics,zuljin,1034,druid,restoration,97,38,59
Johnnyluna,barthilas,1033,druid,restoration,24,11,13
Toxicshift,malganis,1033,druid,restoration,39,13,26
Beefcurtâins,aggramar,1032,druid,restoration,18,11,7
Israh,malygos,1031,druid,restoration,32,17,15
Bblloodd,magtheridon,1031,druid,restoration,101,50,51
Cowtox,moon-guard,1031,druid,restoration,296,144,152
Aimafengari,emerald-dream,1030,druid,restoration,38,21,17
Cannabull,echo-isles,1029,druid,restoration,92,45,47
Equilibrio,nagrand,1028,druid,restoration,30,14,16
Boofndergz,area-52,1027,druid,restoration,24,15,9
Mayarí,sargeras,1027,druid,restoration,50,15,35
Tynyhands,tichondrius,1026,druid,restoration,35,19,16
Chloroforms,khazgoroth,1025,druid,restoration,76,44,32
Flôkey,tichondrius,1025,druid,restoration,30,11,19
Bainnê,ragnaros,1024,druid,restoration,54,14,40
Aquesadilla,tichondrius,1022,druid,restoration,363,163,200
Dots,moon-guard,1022,druid,restoration,59,24,35
Thomasdruid,tichondrius,1022,druid,restoration,42,11,31
Troply,ragnaros,1020,druid,restoration,20,12,8
Ylva,korialstrasz,1020,druid,restoration,40,18,22
Xarressian,moon-guard,1019,druid,restoration,24,11,13
Willdathrill,stormrage,1015,druid,restoration,125,48,77
Cratose,runetotem,1014,druid,restoration,83,36,47
Jarntrackedd,illidan,1013,druid,restoration,110,44,66
Solá,skywall,1011,druid,restoration,100,50,50
Milkmoneymeo,illidan,1011,druid,restoration,29,11,18
Drucaicer,quelthalas,1010,druid,restoration,101,56,45
Rudekiller,balnazzar,1010,druid,restoration,87,39,48
Ganizote,ragnaros,1010,druid,restoration,72,27,45
Lacarne,tichondrius,1010,druid,restoration,36,11,25
Uwakka,hyjal,1009,druid,restoration,20,12,8
Sunneater,azuremyst,1009,druid,restoration,37,18,19
Druidkofwa,tichondrius,1009,druid,restoration,23,11,12
Megara,dalaran,1009,druid,restoration,24,11,13
Snoowman,lightbringer,1009,druid,restoration,40,16,24
Malthen,quelthalas,1007,druid,restoration,45,23,22
Kataless,sargeras,1004,druid,restoration,279,140,139
Keladria,bleeding-hollow,1002,druid,restoration,102,55,47
Guron,aegwynn,1001,druid,restoration,57,30,27
Yeahhots,frostmourne,1000,druid,restoration,15,12,3
Dhannar,proudmoore,999,druid,restoration,18,13,5
Habit,dragonmaw,998,druid,restoration,27,12,15
Kadavrare,azralon,998,druid,restoration,67,22,45
Sorio,area-52,997,druid,restoration,70,26,44
Phyllostomus,quelthalas,996,druid,restoration,36,15,21
Nightwater,stormrage,995,druid,restoration,25,11,14
Smorak,area-52,994,druid,restoration,14,12,2
Cybella,zuljin,993,druid,restoration,75,42,33
Oanko,ragnaros,992,druid,restoration,36,22,14
Owl,frostwolf,990,druid,restoration,24,13,11
Browolf,emerald-dream,990,druid,restoration,72,36,36
Hewozuoai,area-52,990,druid,restoration,35,11,24
Astharon,drakkari,989,druid,restoration,56,31,25
Marrana,altar-of-storms,989,druid,restoration,24,13,11
Vernazza,proudmoore,989,druid,restoration,24,12,12
Bonemaul,bonechewer,988,druid,restoration,61,30,31
Cpttspitty,kelthuzad,988,druid,restoration,36,14,22
Nightseekers,grizzly-hills,987,druid,restoration,100,51,49
Minnysoda,area-52,987,druid,restoration,30,14,16
Monkeyxo,kelthuzad,987,druid,restoration,28,13,15
Canche,arthas,986,druid,restoration,34,19,15
Chenxguang,tichondrius,986,druid,restoration,86,45,41
Skaidi,quelthalas,986,druid,restoration,66,33,33
Dyfurion,stormrage,986,druid,restoration,30,15,15
Tyrannicool,proudmoore,986,druid,restoration,46,12,34
Montileven,moon-guard,985,druid,restoration,20,14,6
Elanni,illidan,984,druid,restoration,172,77,95
Cleserio,tichondrius,982,druid,restoration,30,18,12
Cowchicken,zuljin,982,druid,restoration,34,11,23
Ráinbow,quelthalas,981,druid,restoration,23,11,12
Cloudbreaker,duskwood,980,druid,restoration,22,13,9
Funnydruid,frostmourne,980,druid,restoration,49,21,28
Azshaela,dalaran,979,druid,restoration,36,22,14
Bigjunk,boulderfist,979,druid,restoration,36,14,22
Nerfmesoon,sargeras,978,druid,restoration,22,11,11
Mîløh,area-52,977,druid,restoration,36,18,18
Oblackbetty,illidan,975,druid,restoration,45,22,23
Bringo,executus,975,druid,restoration,33,16,17
Rivetrix,azralon,974,druid,restoration,133,63,70
Killari,malganis,973,druid,restoration,124,66,58
Polymorphos,mugthol,973,druid,restoration,42,18,24
Dayloni,draka,971,druid,restoration,29,17,12
Zaigh,dalaran,970,druid,restoration,23,11,12
Inbreds,jubeithos,970,druid,restoration,63,27,36
Locopewpew,malganis,969,druid,restoration,79,29,50
Boomshorts,blackrock,968,druid,restoration,29,14,15
Fionnbharr,ragnaros,968,druid,restoration,104,48,56
Tailwind,caelestrasz,967,druid,restoration,87,39,48
Tiufill,nemesis,965,druid,restoration,36,19,17
Irumble,silver-hand,964,druid,restoration,71,39,32
Solushun,sargeras,960,druid,restoration,12,10,2
Salzadruid,aggramar,960,druid,restoration,12,10,2
Epe,bleeding-hollow,960,druid,restoration,23,13,10
Aphroditezs,tichondrius,960,druid,restoration,18,10,8
Krisdu,kelthuzad,960,druid,restoration,18,10,8
Kurohîme,illidan,960,druid,restoration,18,10,8
Myovo,tichondrius,960,druid,restoration,18,10,8
Rëroll,zuljin,960,druid,restoration,41,19,22
Shroomkin,area-52,960,druid,restoration,87,40,47
Hotrecki,kelthuzad,960,druid,restoration,24,10,14
Leomerchan,stormrage,960,druid,restoration,24,10,14
Smeekq,tichondrius,960,druid,restoration,24,10,14
Suekey,frostmourne,960,druid,restoration,24,10,14
Nhin,ghostlands,960,druid,restoration,24,10,14
Fidelo,tichondrius,960,druid,restoration,30,10,20
Xiaoyi,tichondrius,959,druid,restoration,12,10,2
Garbagebutt,burning-legion,959,druid,restoration,18,10,8
Tumblr,terenas,959,druid,restoration,18,10,8
Midnightòker,tichondrius,959,druid,restoration,24,10,14
Tlanquility,tichondrius,958,druid,restoration,18,10,8
Bomp,malganis,958,druid,restoration,18,10,8
Uggadruid,malganis,958,druid,restoration,18,10,8
Nachopuppet,kelthuzad,958,druid,restoration,51,21,30
Shrooming,frostmourne,958,druid,restoration,30,10,20
Tayokou,zuljin,957,druid,restoration,12,10,2
Oswalphis,moon-guard,957,druid,restoration,18,11,7
Dreamgaze,zuljin,957,druid,restoration,18,10,8
Iheartmushu,mannoroth,957,druid,restoration,91,47,44
Cadekey,illidan,957,druid,restoration,48,16,32
Ñoobdruid,tichondrius,956,druid,restoration,18,10,8
Cranbérry,sargeras,956,druid,restoration,18,10,8
Vêzpêr,kelthuzad,956,druid,restoration,24,10,14
Halfsquat,the-underbog,954,druid,restoration,24,11,13
Uttress,tichondrius,953,druid,restoration,18,10,8
Science,arthas,953,druid,restoration,30,10,20
Dietmilk,sargeras,952,druid,restoration,24,11,13
Erisya,moon-guard,951,druid,restoration,18,10,8
Wintarz,sargeras,951,druid,restoration,30,10,20
Lolth,turalyon,950,druid,restoration,18,10,8
Honeymead,wyrmrest-accord,950,druid,restoration,65,36,29
Arïanny,sargeras,949,druid,restoration,18,10,8
Bigox,area-52,949,druid,restoration,246,109,137
Rhatir,stormrage,949,druid,restoration,138,61,77
Noonoo,frostwolf,949,druid,restoration,24,10,14
Vollzar,sargeras,949,druid,restoration,92,29,63
Immabot,tichondrius,949,druid,restoration,36,10,26
Scäpeqoat,sargeras,948,druid,restoration,18,10,8
Briimo,malganis,948,druid,restoration,26,10,16
Blooddude,saurfang,948,druid,restoration,42,15,27
Aurajin,spinebreaker,947,druid,restoration,30,10,20
Chupaone,dalaran,946,druid,restoration,114,50,64
Moobees,arthas,946,druid,restoration,30,10,20
Dytriax,ragnaros,945,druid,restoration,30,15,15
Moosicbear,tichondrius,945,druid,restoration,74,18,56
Oldcktwist,garrosh,944,druid,restoration,30,15,15
Xiaoddi,tichondrius,943,druid,restoration,17,10,7
Ryx,llane,943,druid,restoration,24,10,14
Fatjoints,tichondrius,943,druid,restoration,60,21,39
Maxobviously,stormrage,942,druid,restoration,18,10,8
Sliickrick,frostmourne,942,druid,restoration,36,12,24
Jofli,thrall,941,druid,restoration,36,10,26
Shiftaholic,azgalor,940,druid,restoration,33,17,16
Finubar,emerald-dream,940,druid,restoration,39,20,19
Breakthemm,bonechewer,940,druid,restoration,133,65,68
Draycø,tichondrius,940,druid,restoration,24,11,13
Modiboom,arthas,940,druid,restoration,78,31,47
Murrmerly,moon-guard,939,druid,restoration,18,10,8
Madmandan,moon-guard,939,druid,restoration,86,36,50
Kuijia,kiljaeden,938,druid,restoration,107,54,53
Ilikecake,bloodscalp,938,druid,restoration,66,32,34
Indicah,barthilas,937,druid,restoration,30,10,20
Vacote,aggramar,936,druid,restoration,125,52,73
Deumm,ragnaros,935,druid,restoration,37,19,18
Leify,area-52,935,druid,restoration,54,26,28
Fandren,ravencrest,935,druid,restoration,24,10,14
Mikewazowsky,stormrage,935,druid,restoration,68,28,40
Justinadr,tichondrius,934,druid,restoration,24,14,10
Mistakedream,quelthalas,934,druid,restoration,18,10,8
Bindudream,frostmane,934,druid,restoration,126,62,64
Delanor,cenarius,933,druid,restoration,199,101,98
Ohfudge,frostwolf,933,druid,restoration,36,10,26
Katochi,area-52,931,druid,restoration,74,34,40
Hellabanx,tichondrius,931,druid,restoration,24,10,14
Lirranya,wyrmrest-accord,930,druid,restoration,56,26,30
Baha,azralon,929,druid,restoration,30,12,18
Moolan,bleeding-hollow,928,druid,restoration,70,33,37
Krossus,drakkari,928,druid,restoration,66,24,42
Phanah,the-forgotten-coast,927,druid,restoration,18,10,8
Sunyatsen,quelthalas,927,druid,restoration,87,38,49
Marakar,nazjatar,927,druid,restoration,54,18,36
Bomme,zuljin,926,druid,restoration,94,44,50
Certzu,moon-guard,926,druid,restoration,44,17,27
Briallyn,tichondrius,926,druid,restoration,31,10,21
Treewik,emerald-dream,925,druid,restoration,113,60,53
Movom,tichondrius,925,druid,restoration,23,10,13
Hentaiboom,kiljaeden,924,druid,restoration,73,35,38
Lazypandas,silvermoon,924,druid,restoration,47,20,27
Blackdawgg,frostmourne,924,druid,restoration,71,26,45
Mielo,illidan,922,druid,restoration,146,67,79
Seceru,proudmoore,921,druid,restoration,106,54,52
Redharp,proudmoore,920,druid,restoration,93,42,51
Sylavien,alterac-mountains,918,druid,restoration,32,17,15
Jennafix,dathremar,918,druid,restoration,72,35,37
Vulgär,kiljaeden,917,druid,restoration,58,22,36
Kkrunkk,khadgar,916,druid,restoration,36,17,19
Taloniemas,illidan,913,druid,restoration,65,23,42
Hornmenow,frostmourne,912,druid,restoration,44,11,33
Rustedroots,khaz-modan,911,druid,restoration,84,30,54
Rdruidchump,the-forgotten-coast,910,druid,restoration,21,11,10
Zade,moonrunner,903,druid,restoration,37,11,26
Dcdc,malganis,901,druid,restoration,43,23,20
Treeoleo,stormrage,901,druid,restoration,42,21,21
Bethemarble,sargeras,900,druid,restoration,47,20,27
Dragondruid,dawnbringer,900,druid,restoration,65,26,39
Royjr,emerald-dream,899,druid,restoration,56,31,25
Irishdoom,tichondrius,899,druid,restoration,20,11,9
Junglez,shadowmoon,899,druid,restoration,25,11,14
Ånxiety,skullcrusher,899,druid,restoration,114,50,64
Illur,ragnaros,899,druid,restoration,46,16,30
Adanos,moon-guard,899,druid,restoration,66,21,45
Theboyz,zuljin,898,druid,restoration,42,18,24
Manlymanman,shandris,898,druid,restoration,30,11,19
Xzerhos,area-52,897,druid,restoration,156,71,85
Twoinpink,frostmourne,897,druid,restoration,42,17,25
Merawr,area-52,896,druid,restoration,22,10,12
Fongoons,kelthuzad,894,druid,restoration,65,28,37
Gazwazluz,lothar,893,druid,restoration,47,21,26
Kirato,ragnaros,893,druid,restoration,66,22,44
Poxs,shattered-hand,891,druid,restoration,48,14,34
Lâvazza,tichondrius,890,druid,restoration,28,10,18
Givemejuice,tichondrius,888,druid,restoration,23,10,13
Inblooms,blackhand,888,druid,restoration,60,25,35
Fingulfin,drenden,884,druid,restoration,30,16,14
Kawanishi,stormrage,884,druid,restoration,24,12,12
Uwupollo,ragnaros,884,druid,restoration,108,46,62
Agranock,nazgrel,882,druid,restoration,134,65,69
Midníght,drakkari,880,druid,restoration,34,18,16
Slleep,tichondrius,880,druid,restoration,59,29,30
Bunrÿl,thorium-brotherhood,874,druid,restoration,60,27,33
Lovise,nemesis,871,druid,restoration,74,35,39
Fovoss,dalaran,870,druid,restoration,48,22,26
Theboy,dalaran,869,druid,restoration,48,15,33
Offthemeters,mannoroth,866,druid,restoration,61,18,43
Justforgame,sargeras,864,druid,restoration,12,9,3
Bopplejr,tichondrius,864,druid,restoration,12,9,3
Bigbootyßutt,area-52,864,druid,restoration,12,9,3
Aiteezy,illidan,864,druid,restoration,12,9,3
Restokinaja,dreadmaul,864,druid,restoration,12,9,3
Toonah,area-52,864,druid,restoration,12,9,3
Duo,demon-soul,864,druid,restoration,12,9,3
Sunø,stormrage,864,druid,restoration,12,9,3
Hellshifterr,tichondrius,864,druid,restoration,18,9,9
Realá,kelthuzad,864,druid,restoration,18,9,9
Mmrborrower,icecrown,864,druid,restoration,18,9,9
Rukins,frostmourne,864,druid,restoration,18,9,9
Ppm,illidan,864,druid,restoration,18,9,9
Lackzx,malganis,864,druid,restoration,24,9,15
Persille,proudmoore,864,druid,restoration,24,9,15
Rejuvenation,kaelthas,863,druid,restoration,12,9,3
Pacetwo,area-52,863,druid,restoration,12,9,3
Naturenugget,tichondrius,863,druid,restoration,12,9,3
Ilovejuli,illidan,863,druid,restoration,12,9,3
Dumpesito,frostmourne,863,druid,restoration,18,9,9
Clonepeanut,tichondrius,863,druid,restoration,18,9,9
Reconus,frostmourne,863,druid,restoration,18,9,9
Motate,malganis,863,druid,restoration,18,9,9
Spohlol,malganis,863,druid,restoration,18,9,9
Nyxlawl,azralon,863,druid,restoration,18,9,9
Canek,ghostlands,863,druid,restoration,18,9,9
Krunks,frostmourne,863,druid,restoration,18,9,9
Canitöuchit,tichondrius,863,druid,restoration,24,9,15
Washeddruid,area-52,863,druid,restoration,24,9,15
Guss,mannoroth,863,druid,restoration,24,9,15
Mossin,sargeras,863,druid,restoration,24,9,15
Tugginudders,illidan,863,druid,restoration,30,9,21
Dulce,frostmourne,862,druid,restoration,12,9,3
Shuffleqlol,stormrage,862,druid,restoration,12,9,3
Lawlz,aegwynn,862,druid,restoration,200,108,92
Phylex,frostmourne,862,druid,restoration,18,9,9
Pawpa,daggerspine,862,druid,restoration,18,9,9
Truidy,proudmoore,862,druid,restoration,18,9,9
Elmez,thrall,862,druid,restoration,18,9,9
Duderdude,tichondrius,862,druid,restoration,53,25,28
Chitykitty,khadgar,862,druid,restoration,24,9,15
Shiftycent,tichondrius,862,druid,restoration,24,9,15
Hýovan,stormrage,862,druid,restoration,24,9,15
Imlordgumper,illidan,862,druid,restoration,24,9,15
Zackfromwow,illidan,862,druid,restoration,30,9,21
Treetalker,drenden,861,druid,restoration,36,18,18
Alindrä,moon-guard,861,druid,restoration,18,9,9
Lonewolfdrd,illidan,861,druid,restoration,24,11,13
Maolfurion,stormrage,861,druid,restoration,24,9,15
Willowvega,uther,860,druid,restoration,22,10,12
Pathostos,dalaran,860,druid,restoration,213,93,120
Loganski,korialstrasz,860,druid,restoration,36,14,22
Vøldir,tichondrius,860,druid,restoration,24,9,15
Papichulo,hydraxis,859,druid,restoration,72,33,39
Silasel,sargeras,859,druid,restoration,30,9,21
Flatnose,agamaggan,858,druid,restoration,18,9,9
Jhacobo,darkspear,858,druid,restoration,18,9,9
Ilikan,ragnaros,857,druid,restoration,12,9,3
Taansy,stormrage,857,druid,restoration,18,9,9
Bbkingschair,tichondrius,856,druid,restoration,12,9,3
Hedwíg,ragnaros,856,druid,restoration,36,9,27
Tomjoad,whisperwind,855,druid,restoration,73,27,46
Thorfir,gorefiend,854,druid,restoration,24,10,14
Faroo,azralon,854,druid,restoration,24,9,15
Sleepyheals,tichondrius,854,druid,restoration,39,14,25
Di,nemesis,853,druid,restoration,24,9,15
Guerrillera,khadgar,852,druid,restoration,298,138,160
Kenzié,doomhammer,852,druid,restoration,90,41,49
Linklan,bleeding-hollow,852,druid,restoration,24,9,15
Tziv,area-52,851,druid,restoration,18,9,9
Yashianna,aggramar,850,druid,restoration,30,9,21
Veyx,malganis,850,druid,restoration,30,9,21
Huriel,blackrock,849,druid,restoration,31,12,19
Encosan,azralon,848,druid,restoration,30,9,21
Kanadae,thrall,846,druid,restoration,24,9,15
Keyli,frostwolf,845,druid,restoration,18,9,9
Érois,azralon,844,druid,restoration,18,9,9
Dashíng,proudmoore,838,druid,restoration,112,54,58
Fronkysilva,illidan,838,druid,restoration,48,19,29
Twoworldz,tichondrius,836,druid,restoration,24,10,14
Shalandrea,sargeras,835,druid,restoration,78,30,48
Alsei,quelthalas,832,druid,restoration,52,24,28
Judwen,grizzly-hills,831,druid,restoration,229,105,124
Rhondarootsy,zuljin,829,druid,restoration,24,10,14
Shiifty,bonechewer,829,druid,restoration,42,10,32
Menapaws,arygos,828,druid,restoration,15,9,6
Bullshifftt,kelthuzad,828,druid,restoration,18,9,9
Flayde,barthilas,827,druid,restoration,24,9,15
Elauria,stormreaver,824,druid,restoration,84,39,45
Javersx,quelthalas,824,druid,restoration,26,9,17
Juboo,rexxar,819,druid,restoration,133,66,67
Trôll,mannoroth,818,druid,restoration,26,10,16
Yassi,earthen-ring,815,druid,restoration,30,10,20
Morpheous,emerald-dream,815,druid,restoration,49,12,37
Afterlîfe,sargeras,814,druid,restoration,17,9,8
Beôrn,mugthol,812,druid,restoration,74,39,35
Suwonhealer,tichondrius,811,druid,restoration,22,11,11
Dubya,illidan,809,druid,restoration,27,10,17
Brbcatsonfir,malganis,809,druid,restoration,52,11,41
Onyayo,barthilas,807,druid,restoration,42,18,24
Kiesterstash,sargeras,802,druid,restoration,18,9,9
Lêsly,thrall,800,druid,restoration,36,9,27
Restogodx,alexstrasza,799,druid,restoration,16,9,7
Vulkur,illidan,799,druid,restoration,38,9,29
Treesonn,kelthuzad,792,druid,restoration,24,11,13
Ünnbreakable,azralon,791,druid,restoration,23,9,14
Kadry,ragnaros,790,druid,restoration,24,10,14
Cenariun,stormrage,790,druid,restoration,30,9,21
Salpicow,nagrand,778,druid,restoration,29,11,18
Kittyz,wyrmrest-accord,775,druid,restoration,72,31,41
Whiskeyblues,ursin,774,druid,restoration,36,11,25
Babuina,nemesis,771,druid,restoration,36,13,23
Leilani,eredar,768,druid,restoration,12,8,4
Cntomy,tichondrius,768,druid,restoration,12,8,4
Podruidafury,tichondrius,768,druid,restoration,12,8,4
Bobxd,kelthuzad,768,druid,restoration,12,8,4
Mmkbro,tichondrius,768,druid,restoration,12,8,4
Solipsism,barthilas,768,druid,restoration,12,8,4
Polarïs,malganis,768,druid,restoration,12,8,4
Chinadruides,tichondrius,768,druid,restoration,12,8,4
Mkong,tichondrius,768,druid,restoration,18,8,10
Xingyejingmi,tichondrius,768,druid,restoration,18,8,10
Nemoo,tichondrius,768,druid,restoration,18,8,10
Flyshles,frostmourne,768,druid,restoration,18,8,10
Veyrønn,stormrage,768,druid,restoration,18,8,10
Lindsay,moonrunner,768,druid,restoration,18,8,10
Restobaby,tichondrius,768,druid,restoration,18,8,10
Taledra,stormrage,768,druid,restoration,18,8,10
Koratan,frostmourne,767,druid,restoration,12,8,4
Alend,alexstrasza,767,druid,restoration,12,8,4
Înfamous,thrall,767,druid,restoration,12,8,4
Beares,korgath,767,druid,restoration,12,8,4
Pathful,area-52,767,druid,restoration,12,8,4
Awguseon,proudmoore,767,druid,restoration,18,8,10
Kaboomy,moon-guard,767,druid,restoration,18,8,10
Lunas,alterac-mountains,767,druid,restoration,18,8,10
Thetakeout,tichondrius,767,druid,restoration,18,8,10
Botdruid,hyjal,767,druid,restoration,24,8,16
Stanktree,mugthol,766,druid,restoration,12,8,4
Yllercia,quelthalas,766,druid,restoration,12,8,4
Ortalen,spirestone,766,druid,restoration,12,8,4
Treanton,aerie-peak,766,druid,restoration,12,8,4
Wildsïde,tichondrius,766,druid,restoration,18,8,10
Bumbleebee,azralon,766,druid,restoration,24,8,16
Wallower,malganis,766,druid,restoration,24,8,16
Kyrieirving,illidan,766,druid,restoration,24,8,16
Sÿd,sargeras,765,druid,restoration,12,8,4
Imnotinhuman,tichondrius,765,druid,restoration,12,8,4
Giuseppee,hyjal,765,druid,restoration,12,8,4
Dmanrepus,sargeras,765,druid,restoration,12,8,4
Phlexii,jubeithos,765,druid,restoration,18,8,10
Nøêl,quelthalas,765,druid,restoration,24,8,16
Softgrizzly,auchindoun,765,druid,restoration,24,8,16
Fuzzybear,nemesis,765,druid,restoration,24,8,16
Guybranch,illidan,765,druid,restoration,24,8,16
Tigresa,perenolde,764,druid,restoration,12,8,4
Koehana,sargeras,764,druid,restoration,18,8,10
Leatherpig,proudmoore,764,druid,restoration,18,8,10
Irontree,dunemaul,764,druid,restoration,30,8,22
Polánd,area-52,763,druid,restoration,12,8,4
Johnnieboy,sargeras,763,druid,restoration,18,8,10
Studioghibli,bleeding-hollow,762,druid,restoration,12,8,4
Paknoh,azralon,762,druid,restoration,18,8,10
Vaetoren,vashj,762,druid,restoration,18,8,10
Atalìa,moon-guard,762,druid,restoration,18,8,10
Hajjima,blackrock,761,druid,restoration,18,8,10
Markóla,stormrage,761,druid,restoration,18,8,10
Rueems,area-52,761,druid,restoration,18,8,10
Kronictree,bleeding-hollow,761,druid,restoration,24,8,16
Wortsnom,tol-barad,760,druid,restoration,12,8,4
Cosmes,suramar,759,druid,restoration,12,8,4
Ayakuya,veknilash,757,druid,restoration,12,8,4
Stelarra,kiljaeden,757,druid,restoration,12,8,4
Rairven,stormrage,757,druid,restoration,42,8,34
Beanslice,nazgrel,755,druid,restoration,24,8,16
Glandalf,illidan,754,druid,restoration,30,8,22
Breakertime,illidan,753,druid,restoration,18,8,10
Scheppke,bleeding-hollow,753,druid,restoration,18,8,10
Atim,moon-guard,753,druid,restoration,102,29,73
Lawroadc,tichondrius,752,druid,restoration,18,8,10
Hydruidponic,aegwynn,752,druid,restoration,27,9,18
Curador,aegwynn,752,druid,restoration,48,12,36
Blazedorange,tichondrius,751,druid,restoration,17,8,9
Stamynn,kelthuzad,750,druid,restoration,558,194,364
Xxuan,tichondrius,750,druid,restoration,89,26,63
Friarpuck,nerzhul,747,druid,restoration,12,8,4
Notnamed,kiljaeden,746,druid,restoration,24,8,16
Goenytz,quelthalas,745,druid,restoration,70,22,48
Maxsonmaximo,sargeras,744,druid,restoration,48,17,31
Nodeathz,sargeras,743,druid,restoration,27,10,17
Goodspeed,thrall,741,druid,restoration,101,31,70
Billrog,thrall,739,druid,restoration,36,8,28
Nattog,area-52,736,druid,restoration,52,12,40
Ekj,tichondrius,735,druid,restoration,14,9,5
Akanx,tichondrius,735,druid,restoration,16,9,7
Otckillaa,boulderfist,732,druid,restoration,27,9,18
Garritass,moon-guard,732,druid,restoration,53,10,43
Ossiany,stormrage,730,druid,restoration,16,9,7
Amazingtom,magtheridon,730,druid,restoration,225,110,115
Guusx,bonechewer,725,druid,restoration,23,8,15
Aludra,tol-barad,725,druid,restoration,30,10,20
Kataoka,azralon,721,druid,restoration,23,11,12
Basulto,tichondrius,718,druid,restoration,23,8,15
Xîstance,barthilas,717,druid,restoration,23,8,15
Felinedreams,sargeras,714,druid,restoration,14,9,5
Mørphëüs,tichondrius,713,druid,restoration,24,9,15
Tañya,ragnaros,712,druid,restoration,40,10,30
Djimbo,kelthuzad,709,druid,restoration,33,9,24
Finntann,moon-guard,704,druid,restoration,24,8,16
Kellykapore,area-52,701,druid,restoration,104,28,76
Drexldrood,cenarius,697,druid,restoration,15,9,6
Zephiee,kelthuzad,692,druid,restoration,23,8,15
Druidsz,stormrage,688,druid,restoration,13,8,5
Finkledurp,dalaran,687,druid,restoration,19,8,11
Luluid,tichondrius,685,druid,restoration,11,8,3
Teamwork,moon-guard,681,druid,restoration,20,10,10
Importedalc,zuljin,678,druid,restoration,36,8,28
Ëhurricane,dalaran,672,druid,restoration,12,7,5
Jurof,malganis,672,druid,restoration,12,7,5
Sensations,moon-guard,672,druid,restoration,12,7,5
Zaddy,spinebreaker,672,druid,restoration,12,7,5
Toketree,sargeras,672,druid,restoration,12,7,5
Scuzzin,zuljin,672,druid,restoration,12,7,5
Cøsmiccow,illidan,672,druid,restoration,12,7,5
Tmdogwater,sargeras,672,druid,restoration,12,7,5
Crusch,shattered-halls,672,druid,restoration,12,7,5
Cameltail,kelthuzad,672,druid,restoration,12,7,5
Ishtarí,tichondrius,672,druid,restoration,12,7,5
Restokinaka,dreadmaul,672,druid,restoration,12,7,5
Imaoo,illidan,672,druid,restoration,12,7,5
Carntko,sargeras,672,druid,restoration,12,7,5
Blacksimbá,area-52,672,druid,restoration,12,7,5
Hmoobforshoz,wildhammer,672,druid,restoration,12,7,5
Plantbased,arthas,672,druid,restoration,18,7,11
Dreamstated,greymane,672,druid,restoration,18,7,11
Restokina,dreadmaul,672,druid,restoration,18,7,11
Dotsbots,barthilas,672,druid,restoration,18,7,11
Equinøxx,malganis,672,druid,restoration,18,7,11
Liloudadru,tichondrius,672,druid,restoration,18,7,11
Greentoë,sargeras,672,druid,restoration,18,7,11
Palsh,hyjal,672,druid,restoration,24,7,17
Wùúkìí,bleeding-hollow,672,druid,restoration,24,7,17
Zthatchx,shadowmoon,671,druid,restoration,12,7,5
Edredellea,stormrage,671,druid,restoration,12,7,5
Vadeyr,illidan,671,druid,restoration,12,7,5
Drop,shadow-council,671,druid,restoration,12,7,5
Slowmoon,illidan,671,druid,restoration,12,7,5
Nokentil,stormrage,671,druid,restoration,12,7,5
Jillferal,proudmoore,671,druid,restoration,12,7,5
Obpaws,sargeras,671,druid,restoration,12,7,5
Cinnaboom,stormrage,671,druid,restoration,12,7,5
Cryel,sargeras,671,druid,restoration,12,7,5
Boljin,darkspear,671,druid,restoration,14,7,7
Beelzehog,whisperwind,671,druid,restoration,18,7,11
Kollective,sargeras,671,druid,restoration,18,7,11
Lukass,tichondrius,671,druid,restoration,18,7,11
Zux,drakkari,671,druid,restoration,18,7,11
Finn,spinebreaker,671,druid,restoration,18,7,11
Scaicool,azralon,671,druid,restoration,18,7,11
Elwynlana,norgannon,671,druid,restoration,18,7,11
Lilgee,kelthuzad,671,druid,restoration,18,7,11
Bërzerk,dalvengyr,671,druid,restoration,18,7,11
Srgtdoofie,azgalor,671,druid,restoration,18,7,11
Druiidä,goldrinn,671,druid,restoration,21,8,13
Saltkin,frostmourne,671,druid,restoration,24,7,17
Vitamjn,moon-guard,671,druid,restoration,24,7,17
Treebearman,thrall,671,druid,restoration,24,7,17
Greenbones,frostmane,670,druid,restoration,12,7,5
Mustáfah,ragnaros,670,druid,restoration,12,7,5
Dionysus,mannoroth,670,druid,restoration,12,7,5
Queiq,kelthuzad,670,druid,restoration,12,7,5
Afrogx,dalaran,670,druid,restoration,18,7,11
Wreckked,sargeras,670,druid,restoration,18,7,11
Read,eredar,670,druid,restoration,27,8,19
Frave,dentarg,670,druid,restoration,24,7,17
Hotpocketz,kiljaeden,670,druid,restoration,28,8,20
Martymoo,bleeding-hollow,670,druid,restoration,30,7,23
Dipset,khadgar,670,druid,restoration,30,7,23
Nayelina,stormrage,669,druid,restoration,12,7,5
Dylonomancer,tichondrius,669,druid,restoration,12,7,5
Niensi,wyrmrest-accord,669,druid,restoration,18,7,11
Razorclaws,stormscale,669,druid,restoration,18,7,11
Spaceships,stormrage,669,druid,restoration,18,7,11
Maggiee,arthas,669,druid,restoration,24,7,17
Ayune,barthilas,669,druid,restoration,24,7,17
Bloomcrue,moon-guard,668,druid,restoration,12,7,5
Mtndewzerø,tichondrius,668,druid,restoration,12,7,5
Alymyr,moon-guard,668,druid,restoration,18,7,11
Migdrail,nemesis,668,druid,restoration,18,7,11
Esyiix,tichondrius,668,druid,restoration,24,7,17
Mukay,stormrage,668,druid,restoration,24,7,17
Dsoul,tichondrius,668,druid,restoration,31,8,23
Bulltdiffrnt,illidan,668,druid,restoration,30,7,23
Mïms,area-52,667,druid,restoration,12,7,5
Hamfetameme,gundrak,667,druid,restoration,12,7,5
Büllimia,area-52,667,druid,restoration,15,8,7
Gigagato,area-52,667,druid,restoration,18,7,11
Morphiius,archimonde,667,druid,restoration,24,7,17
Kobudo,frostwolf,666,druid,restoration,12,7,5
Transpecies,kelthuzad,666,druid,restoration,12,7,5
Quagsire,moon-guard,666,druid,restoration,24,7,17
Morpheûs,bleeding-hollow,666,druid,restoration,24,7,17
Megumixd,illidan,665,druid,restoration,12,7,5
Dekmdrui,quelthalas,665,druid,restoration,12,7,5
Darkstarfalz,bleeding-hollow,665,druid,restoration,12,7,5
Grimshifta,kelthuzad,665,druid,restoration,18,7,11
Swagbabe,sargeras,665,druid,restoration,18,7,11
Anakum,azshara,664,druid,restoration,16,8,8
Drulícinha,azralon,664,druid,restoration,18,7,11
Happylilmoo,kiljaeden,664,druid,restoration,24,7,17
Madambuku,thrall,663,druid,restoration,12,7,5
Shilpá,stormrage,662,druid,restoration,18,7,11
Donutjelly,moknathal,661,druid,restoration,12,7,5
Xkcc,perenolde,660,druid,restoration,18,7,11
Shiftywinter,saurfang,659,druid,restoration,12,7,5
Snarl,blades-edge,657,druid,restoration,12,7,5
Joxor,nordrassil,657,druid,restoration,18,7,11
Goochies,aerie-peak,655,druid,restoration,17,7,10
Shadowshiftr,sargeras,655,druid,restoration,26,9,17
Atagoo,tichondrius,653,druid,restoration,29,7,22
Ikova,frostmourne,650,druid,restoration,18,7,11
Rádágast,nemesis,649,druid,restoration,37,10,27
Thalanji,azralon,647,druid,restoration,41,7,34
Bjorangedru,tichondrius,643,druid,restoration,18,7,11
Solbinn,nordrassil,643,druid,restoration,146,37,109
Riddickd,malfurion,639,druid,restoration,14,8,6
Plantman,frostmourne,639,druid,restoration,17,7,10
Drstudmaster,skullcrusher,639,druid,restoration,20,8,12
Breathe,ysera,639,druid,restoration,28,7,21
Enyu,sargeras,637,druid,restoration,29,7,22
Perems,bleeding-hollow,629,druid,restoration,24,7,17
Guavajuice,stormrage,624,druid,restoration,19,8,11
Wolfelord,sargeras,624,druid,restoration,21,7,14
Chomperz,tichondrius,623,druid,restoration,27,7,20
Qij,eonar,622,druid,restoration,17,7,10
Geranium,guldan,616,druid,restoration,28,8,20
Midoriiro,dentarg,612,druid,restoration,25,8,17
Milkz,zuljin,607,druid,restoration,26,7,19
Lunaras,nemesis,605,druid,restoration,11,7,4
Nuantar,nemesis,605,druid,restoration,22,7,15
Meshotaf,tanaris,590,druid,restoration,13,7,6
Slapnutz,frostwolf,585,druid,restoration,13,7,6
Masan,burning-blade,576,druid,restoration,6,6,0
Blackjackz,tichondrius,576,druid,restoration,6,6,0
Daddypompum,tichondrius,576,druid,restoration,12,6,6
Sawajirii,tichondrius,576,druid,restoration,12,6,6
Apriix,saurfang,576,druid,restoration,12,6,6
Juicecarton,thrall,576,druid,restoration,12,6,6
Amtwoux,area-52,576,druid,restoration,12,6,6
Ioldeity,tichondrius,576,druid,restoration,12,6,6
Forèst,sargeras,576,druid,restoration,12,6,6
Afkifuthrow,ysera,576,druid,restoration,12,6,6
Torbock,zuljin,576,druid,restoration,12,6,6
Häng,tichondrius,576,druid,restoration,12,6,6
Bobblespook,stormrage,576,druid,restoration,12,6,6
Barqskin,malganis,576,druid,restoration,12,6,6
Dirtydrood,mugthol,576,druid,restoration,12,6,6
Gemo,tichondrius,576,druid,restoration,12,6,6
Larryjones,alleria,576,druid,restoration,12,6,6
Bigrejuv,zuljin,576,druid,restoration,12,6,6
Rizzdja,frostmourne,576,druid,restoration,12,6,6
Solushunx,sargeras,576,druid,restoration,12,6,6
Naturenugget,sargeras,576,druid,restoration,12,6,6
Nomilk,illidan,576,druid,restoration,12,6,6
Maèstus,thrall,576,druid,restoration,12,6,6
Baobeyingz,tichondrius,576,druid,restoration,12,6,6
Bearys,area-52,576,druid,restoration,12,6,6
Fwaffle,bleeding-hollow,576,druid,restoration,12,6,6
Floray,tichondrius,576,druid,restoration,12,6,6
Chinadruidss,tichondrius,576,druid,restoration,12,6,6
Connection,emerald-dream,576,druid,restoration,12,6,6
Restokin,dreadmaul,576,druid,restoration,15,7,8
Zerocoolx,illidan,576,druid,restoration,21,7,14
Nyxlie,stormrage,576,druid,restoration,18,6,12
Ephemêral,stormrage,576,druid,restoration,18,6,12
Bøo,frostmourne,576,druid,restoration,18,6,12
Psycloneman,tichondrius,576,druid,restoration,18,6,12
Hawtyforever,tichondrius,576,druid,restoration,18,6,12
Sajia,illidan,576,druid,restoration,18,6,12
Arútam,ragnaros,576,druid,restoration,18,6,12
Axtin,stormreaver,576,druid,restoration,18,6,12
Drwasabi,tichondrius,576,druid,restoration,18,6,12
Bigclapz,stormrage,576,druid,restoration,18,6,12
Egirly,zangarmarsh,576,druid,restoration,18,6,12
Fixn,tichondrius,576,druid,restoration,18,6,12
Kymolyia,sargeras,576,druid,restoration,24,6,18
Nerglet,aerie-peak,576,druid,restoration,24,6,18
Nìck,the-scryers,576,druid,restoration,24,6,18
Hottietottie,laughing-skull,576,druid,restoration,24,6,18
Shinoßi,area-52,576,druid,restoration,24,6,18
Fyrleaf,lightnings-blade,576,druid,restoration,24,6,18
Spacaa,kelthuzad,576,druid,restoration,30,6,24
Gønkh,quelthalas,575,druid,restoration,6,6,0
Shadahline,tichondrius,575,druid,restoration,6,6,0
Kangaroots,frostmourne,575,druid,restoration,12,6,6
Gekbanned,area-52,575,druid,restoration,12,6,6
Lorandros,saurfang,575,druid,restoration,12,6,6
Drágster,nemesis,575,druid,restoration,12,6,6
Farmâcia,mannoroth,575,druid,restoration,12,6,6
Keläia,quelthalas,575,druid,restoration,12,6,6
Metaindexqt,quelthalas,575,druid,restoration,12,6,6
Nightnes,sargeras,575,druid,restoration,12,6,6
Ulfvur,nagrand,575,druid,restoration,12,6,6
Anuufal,fizzcrank,575,druid,restoration,12,6,6
Bamfferal,tichondrius,575,druid,restoration,12,6,6
Clawandørder,tichondrius,575,druid,restoration,12,6,6
Miraval,area-52,575,druid,restoration,12,6,6
Illegalsaur,area-52,575,druid,restoration,12,6,6
Kited,illidan,575,druid,restoration,12,6,6
Kokushe,burning-legion,575,druid,restoration,12,6,6
Nrp,stormrage,575,druid,restoration,12,6,6
Gosch,stormrage,575,druid,restoration,12,6,6
Weltherion,guldan,575,druid,restoration,12,6,6
Maltaa,kelthuzad,575,druid,restoration,12,6,6
Skweeks,eredar,575,druid,restoration,13,6,7
Skullchief,barthilas,575,druid,restoration,16,7,9
Dýreðaguð,gurubashi,575,druid,restoration,18,6,12
Sleepypaws,silvermoon,575,druid,restoration,18,6,12
Aligantor,thrall,575,druid,restoration,18,6,12
Soulshift,sargeras,575,druid,restoration,24,6,18
Lymii,sargeras,575,druid,restoration,24,6,18
Tarvosx,thrall,575,druid,restoration,24,6,18
Elpako,ragnaros,574,druid,restoration,6,6,0
Tynsley,malganis,574,druid,restoration,12,6,6
Sochin,nemesis,574,druid,restoration,12,6,6
Càlthar,sargeras,574,druid,restoration,12,6,6
Dibinha,azralon,574,druid,restoration,12,6,6
Enkcredible,tichondrius,574,druid,restoration,12,6,6
Carther,korgath,574,druid,restoration,12,6,6
Throatslash,thrall,574,druid,restoration,12,6,6
Troky,drakkari,574,druid,restoration,12,6,6
Granferal,azralon,574,druid,restoration,18,6,12
Skishy,tichondrius,574,druid,restoration,18,6,12
Aranuir,emerald-dream,574,druid,restoration,18,6,12
Brisketmre,dalaran,574,druid,restoration,36,6,30
Kallinia,tichondrius,573,druid,restoration,6,6,0
Pëps,emerald-dream,573,druid,restoration,12,6,6
Rocotheshaft,skullcrusher,573,druid,restoration,24,6,18
Nightshiver,bleeding-hollow,572,druid,restoration,12,6,6
Modification,eonar,572,druid,restoration,12,6,6
Juucifer,thrall,572,druid,restoration,12,6,6
Broform,bleeding-hollow,572,druid,restoration,16,7,9
Adalruna,sargeras,572,druid,restoration,18,6,12
Zarul,ragnaros,572,druid,restoration,18,6,12
Irh,emerald-dream,572,druid,restoration,24,6,18
Marisska,stormrage,571,druid,restoration,12,6,6
Kupaloidzki,proudmoore,571,druid,restoration,12,6,6
Budsmoke,stormrage,571,druid,restoration,18,6,12
Zenoltt,doomhammer,570,druid,restoration,24,6,18
Nordway,alexstrasza,569,druid,restoration,12,6,6
Healbott,lightnings-blade,569,druid,restoration,12,6,6
Otixx,wyrmrest-accord,568,druid,restoration,18,6,12
Hugpp,aegwynn,568,druid,restoration,24,6,18
Naachocheeze,tichondrius,566,druid,restoration,12,6,6
Itzcuintle,bronzebeard,560,druid,restoration,37,6,31
Lililililil,stormrage,552,druid,restoration,36,6,30
Druidk,tichondrius,543,druid,restoration,8,7,1
Istishiã,tichondrius,543,druid,restoration,14,7,7
Daniik,tichondrius,542,druid,restoration,17,6,11
Cudbacrakhed,tichondrius,541,druid,restoration,20,7,13
Shaló,proudmoore,527,druid,restoration,9,6,3
Msfrtn,frostmourne,522,druid,restoration,20,7,13
Isalien,kelthuzad,521,druid,restoration,21,7,14
Arthemisgodx,azralon,520,druid,restoration,17,10,7
Terrestrial,firetree,516,druid,restoration,12,7,5
Azakai,sargeras,512,druid,restoration,16,6,10
Slån,bleeding-hollow,512,druid,restoration,22,6,16
Rakins,arthas,496,druid,restoration,13,6,7
Windù,azralon,488,druid,restoration,16,9,7
Kascatm,area-52,480,druid,restoration,6,5,1
Borccolihots,malganis,480,druid,restoration,6,5,1
Caring,malganis,480,druid,restoration,6,5,1
Treehealage,sargeras,480,druid,restoration,6,5,1
Zonnish,zuljin,480,druid,restoration,6,5,1
Treebeârd,kiljaeden,480,druid,restoration,6,5,1
Naakx,tichondrius,480,druid,restoration,6,5,1
Flatdaddy,doomhammer,480,druid,restoration,6,5,1
Jaspen,bleeding-hollow,480,druid,restoration,6,5,1
Dëmoníc,ragnaros,480,druid,restoration,6,5,1
Sevend,tichondrius,480,druid,restoration,6,5,1
Genghisßong,mannoroth,480,druid,restoration,6,5,1
Shiftydruid,tichondrius,480,druid,restoration,12,5,7
Hudada,emerald-dream,480,druid,restoration,12,5,7
Noah,altar-of-storms,480,druid,restoration,12,5,7
Brocolli,sargeras,480,druid,restoration,12,5,7
Feorb,sargeras,480,druid,restoration,12,5,7
Greeneguy,thrall,480,druid,restoration,12,5,7
Maxspeed,tichondrius,480,druid,restoration,12,5,7
Jaydog,emerald-dream,480,druid,restoration,12,5,7
Stormjammer,proudmoore,480,druid,restoration,12,5,7
Zemul,ragnaros,480,druid,restoration,12,5,7
Mclarenz,frostmourne,480,druid,restoration,12,5,7
Memoryleaks,proudmoore,480,druid,restoration,12,5,7
Crayolaa,barthilas,480,druid,restoration,12,5,7
Ayra,sargeras,480,druid,restoration,12,5,7
Ashstarfall,barthilas,480,druid,restoration,12,5,7
Stårrysky,illidan,480,druid,restoration,12,5,7
Maedrek,tichondrius,480,druid,restoration,12,5,7
Scheïn,sargeras,480,druid,restoration,12,5,7
Zoddyboy,tichondrius,480,druid,restoration,12,5,7
Coonanfriend,kiljaeden,480,druid,restoration,12,5,7
Hotgoose,malganis,480,druid,restoration,12,5,7
Tygraz,alleria,480,druid,restoration,12,5,7
Yevenbother,tichondrius,480,druid,restoration,12,5,7
Malashir,illidan,480,druid,restoration,12,5,7
Furrari,baelgun,480,druid,restoration,12,5,7
Blàtté,zuljin,480,druid,restoration,12,5,7
Geno,cenarius,480,druid,restoration,12,5,7
Vêrâ,stormrage,480,druid,restoration,12,5,7
Angryalyu,tichondrius,480,druid,restoration,12,5,7
Buckmoon,area-52,480,druid,restoration,12,5,7
Reniggen,sargeras,480,druid,restoration,12,5,7
Nekomaid,sargeras,480,druid,restoration,12,5,7
Tydruid,illidan,480,druid,restoration,12,5,7
Randoms,perenolde,480,druid,restoration,12,5,7
Stamookee,area-52,480,druid,restoration,12,5,7
Nicenature,gilneas,480,druid,restoration,12,5,7
Hatergodx,ravencrest,480,druid,restoration,12,5,7
Moonrg,stormrage,480,druid,restoration,12,5,7
Skogsbruk,stormrage,480,druid,restoration,12,5,7
Ykeason,hakkar,480,druid,restoration,12,5,7
Fastyhands,illidan,480,druid,restoration,12,5,7
Moonfannia,malganis,480,druid,restoration,12,5,7
Jungledíff,ragnaros,480,druid,restoration,18,5,13
Xannê,tichondrius,480,druid,restoration,18,5,13
Lughda,ragnaros,480,druid,restoration,18,5,13
Ellowei,earthen-ring,480,druid,restoration,18,5,13
Guacisextraa,thrall,480,druid,restoration,18,5,13
Nocup,illidan,480,druid,restoration,18,5,13
You,draka,480,druid,restoration,18,5,13
Pulpinaa,quelthalas,480,druid,restoration,18,5,13
Tmkakao,tichondrius,480,druid,restoration,18,5,13
Kittyfx,dalaran,480,druid,restoration,18,5,13
Treezy,dalaran,480,druid,restoration,24,5,19
Fauxsho,bleeding-hollow,480,druid,restoration,24,5,19
Brostoevski,khadgar,480,druid,restoration,24,5,19
Guárdían,frostmourne,479,druid,restoration,6,5,1
Murkkd,tichondrius,479,druid,restoration,12,5,7
Mînîboss,ragnaros,479,druid,restoration,12,5,7
Forest,frostmourne,479,druid,restoration,12,5,7
Deverel,kiljaeden,479,druid,restoration,12,5,7
Sønèca,azralon,479,druid,restoration,12,5,7
Moopheus,burning-blade,479,druid,restoration,12,5,7
Nordric,sargeras,479,druid,restoration,12,5,7
Mvqxd,tichondrius,479,druid,restoration,12,5,7
Tempesd,stormrage,479,druid,restoration,12,5,7
Jamona,cenarius,479,druid,restoration,12,5,7
Redfang,jaedenar,479,druid,restoration,12,5,7
Feeoria,lothar,479,druid,restoration,12,5,7
Pingú,tichondrius,479,druid,restoration,14,5,9
Komoocha,area-52,479,druid,restoration,18,5,13
Olegoatjames,darkspear,478,druid,restoration,13,6,7
Jíbóia,azralon,478,druid,restoration,12,5,7
Rònaldò,drakthul,478,druid,restoration,12,5,7
Natruid,sargeras,478,druid,restoration,12,5,7
Treemendous,tichondrius,478,druid,restoration,12,5,7
Beienus,ragnaros,478,druid,restoration,12,5,7
Bloodyhoofs,malganis,478,druid,restoration,12,5,7
Elyveen,proudmoore,478,druid,restoration,12,5,7
Furacked,sargeras,478,druid,restoration,18,5,13
Naturae,mannoroth,478,druid,restoration,18,5,13
Khatzen,nemesis,477,druid,restoration,12,5,7
Fiddy,kelthuzad,477,druid,restoration,12,5,7
Qanz,quelthalas,477,druid,restoration,12,5,7
Wraiven,elune,477,druid,restoration,18,5,13
Byahh,shuhalo,477,druid,restoration,18,5,13
Giddeonv,draenor,477,druid,restoration,36,5,31
Swiftstrider,frostmourne,476,druid,restoration,10,6,4
Kaldrago,detheroc,476,druid,restoration,12,5,7
Béren,alterac-mountains,476,druid,restoration,12,5,7
Phlap,zuljin,476,druid,restoration,12,5,7
Gradiluth,proudmoore,476,druid,restoration,18,5,13
Muphausa,area-52,475,druid,restoration,12,5,7
Apocalyptoe,proudmoore,474,druid,restoration,12,5,7
Ellarrya,moon-guard,474,druid,restoration,18,5,13
Bullshiftter,ursin,472,druid,restoration,12,5,7
Vuthryx,tichondrius,472,druid,restoration,18,5,13
Timeless,steamwheedle-cartel,471,druid,restoration,35,5,30
Policë,skullcrusher,469,druid,restoration,18,5,13
Maerk,aerie-peak,469,druid,restoration,18,5,13
Udroth,kelthuzad,468,druid,restoration,17,5,12
Furrycon,ysera,468,druid,restoration,24,5,19
Metaldruid,tichondrius,463,druid,restoration,11,5,6
Natureswang,bleeding-hollow,462,druid,restoration,17,5,12
Psyz,moon-guard,447,druid,restoration,14,5,9
Chopotron,ragnaros,447,druid,restoration,16,5,11
Fuzzie,icecrown,447,druid,restoration,16,5,11
Farnes,ragnaros,432,druid,restoration,9,6,3
Bigelbows,area-52,432,druid,restoration,15,6,9
Nexophobia,proudmoore,431,druid,restoration,11,5,6
Haerâx,nagrand,431,druid,restoration,11,5,6
Pulsarpete,frostmourne,431,druid,restoration,29,5,24
Sïmba,andorhal,426,druid,restoration,15,6,9
Hotmuztard,sargeras,426,druid,restoration,16,6,10
Ctoph,illidan,426,druid,restoration,19,6,13
Gankstababy,tichondrius,426,druid,restoration,20,6,14
Duckbillby,bleeding-hollow,426,druid,restoration,24,6,18
Nightwinter,area-52,425,druid,restoration,16,6,10
Lðhnar,malganis,425,druid,restoration,19,6,13
Indicahigh,moon-guard,424,druid,restoration,16,7,9
Persiancoco,area-52,422,druid,restoration,14,6,8
Psychotycxd,tichondrius,416,druid,restoration,10,5,5
Stratego,drenden,400,druid,restoration,19,5,14
Illdobetter,stormrage,384,druid,restoration,6,4,2
Bigjuicebox,tichondrius,384,druid,restoration,6,4,2
Galadrien,kelthuzad,384,druid,restoration,6,4,2
Faash,illidan,384,druid,restoration,6,4,2
Euwin,stormrage,384,druid,restoration,6,4,2
Gilysel,tichondrius,384,druid,restoration,6,4,2
Dpumba,azralon,384,druid,restoration,6,4,2
Clarityx,illidan,384,druid,restoration,6,4,2
Saél,kiljaeden,384,druid,restoration,6,4,2
Lushÿ,tichondrius,384,druid,restoration,6,4,2
Nbendtner,tichondrius,384,druid,restoration,6,4,2
Koan,proudmoore,384,druid,restoration,6,4,2
Kushkilla,malganis,384,druid,restoration,6,4,2
Music,magtheridon,384,druid,restoration,6,4,2
Pasolar,tichondrius,384,druid,restoration,6,4,2
Nèffex,sargeras,384,druid,restoration,6,4,2
Ckàíne,stormrage,384,druid,restoration,6,4,2
Kiter,illidan,384,druid,restoration,6,4,2
Felvar,area-52,384,druid,restoration,6,4,2
Mablanc,barthilas,384,druid,restoration,6,4,2
Ðgød,tichondrius,384,druid,restoration,6,4,2
Peazoepico,tichondrius,384,druid,restoration,6,4,2
Volayer,frostmourne,384,druid,restoration,6,4,2
Yayue,tichondrius,384,druid,restoration,6,4,2
Bambi,bleeding-hollow,384,druid,restoration,6,4,2
Cannabro,stormrage,384,druid,restoration,6,4,2
Pehkx,hyjal,384,druid,restoration,6,4,2
Silenxe,tichondrius,384,druid,restoration,6,4,2
Nøbuchi,kelthuzad,384,druid,restoration,6,4,2
Mingfar,tichondrius,384,druid,restoration,6,4,2
Starshípx,tichondrius,384,druid,restoration,6,4,2
Starfallin,aerie-peak,384,druid,restoration,6,4,2
Deegawn,proudmoore,384,druid,restoration,6,4,2
Outcastmango,thrall,384,druid,restoration,6,4,2
Relikd,dawnbringer,384,druid,restoration,6,4,2
Doomky,area-52,384,druid,restoration,6,4,2
Shiftedonyou,blackrock,384,druid,restoration,6,4,2
Leafclaw,eldrethalas,384,druid,restoration,6,4,2
Lylek,azshara,384,druid,restoration,6,4,2
Êhurricane,dalaran,384,druid,restoration,6,4,2
Zbh,tichondrius,384,druid,restoration,6,4,2
Durinlendakk,nemesis,384,druid,restoration,6,4,2
Ônlyyou,burning-legion,384,druid,restoration,12,4,8
Background,kelthuzad,384,druid,restoration,12,4,8
Spazer,darkspear,384,druid,restoration,12,4,8
Stamaximdru,lightbringer,384,druid,restoration,12,4,8
Py,stormscale,384,druid,restoration,12,4,8
Volbourn,amanthul,384,druid,restoration,12,4,8
Narlie,malfurion,384,druid,restoration,12,4,8
Tommyjimmy,andorhal,384,druid,restoration,12,4,8
Metaphysìcs,kelthuzad,384,druid,restoration,12,4,8
Bopple,tichondrius,384,druid,restoration,12,4,8
Synthesïs,malganis,384,druid,restoration,12,4,8
Gathmog,boulderfist,384,druid,restoration,12,4,8
Karlmalone,thunderlord,384,druid,restoration,12,4,8
Allevii,sargeras,384,druid,restoration,12,4,8
Nazo,moonrunner,384,druid,restoration,12,4,8
Bumbally,illidan,384,druid,restoration,12,4,8
Ohioman,bleeding-hollow,384,druid,restoration,12,4,8
Ebrìthil,hyjal,384,druid,restoration,12,4,8
Jonesy,zuluhed,384,druid,restoration,12,4,8
Thebutterboy,stormrage,384,druid,restoration,12,4,8
Catcat,dalaran,384,druid,restoration,12,4,8
Bigshred,tichondrius,384,druid,restoration,12,4,8
Stephonxd,area-52,384,druid,restoration,12,4,8
Rydërr,area-52,384,druid,restoration,12,4,8
Chickenwings,ragnaros,384,druid,restoration,12,4,8
Remorphose,tichondrius,384,druid,restoration,12,4,8
Odenmu,ragnaros,384,druid,restoration,12,4,8
Zazas,nordrassil,384,druid,restoration,12,4,8
Shadru,bleeding-hollow,384,druid,restoration,12,4,8
Flompstomper,skullcrusher,384,druid,restoration,12,4,8
Mé,arthas,384,druid,restoration,12,4,8
Faélar,moon-guard,384,druid,restoration,12,4,8
Marisco,malganis,384,druid,restoration,12,4,8
Taysfriend,tichondrius,384,druid,restoration,12,4,8
Guurgul,bleeding-hollow,384,druid,restoration,12,4,8
Lillenan,illidan,384,druid,restoration,12,4,8
Junglefevers,tichondrius,384,druid,restoration,12,4,8
Notafurryxd,tichondrius,384,druid,restoration,12,4,8
Mastabtw,illidan,384,druid,restoration,12,4,8
Brittanychan,sargeras,384,druid,restoration,12,4,8
Mmbessa,tichondrius,384,druid,restoration,12,4,8
Moosesolini,chogall,384,druid,restoration,12,4,8
Ursu,nemesis,384,druid,restoration,12,4,8
Bwaccowi,sargeras,384,druid,restoration,12,4,8
Kollie,azralon,384,druid,restoration,12,4,8
Fartsicle,lightnings-blade,384,druid,restoration,12,4,8
Chuie,moon-guard,384,druid,restoration,12,4,8
Hippyprotein,tichondrius,384,druid,restoration,13,4,9
Harøs,stormrage,384,druid,restoration,13,4,9
Sítkä,ragnaros,384,druid,restoration,19,5,14
Maviuss,barthilas,384,druid,restoration,17,4,13
Swagglefrag,zuljin,384,druid,restoration,18,4,14
Selendis,tichondrius,384,druid,restoration,18,4,14
Ausfall,area-52,384,druid,restoration,18,4,14
Tayerr,tichondrius,384,druid,restoration,18,4,14
Fribbleog,korgath,384,druid,restoration,18,4,14
Hardend,earthen-ring,384,druid,restoration,18,4,14
Ternkote,tichondrius,384,druid,restoration,21,4,17
Storiann,frostmourne,384,druid,restoration,24,4,20
Bryle,kiljaeden,383,druid,restoration,6,4,2
Mörphïoùs,kelthuzad,383,druid,restoration,6,4,2
Calleguard,terenas,383,druid,restoration,6,4,2
Seazyn,malganis,383,druid,restoration,6,4,2
Vanfalor,stormrage,383,druid,restoration,9,5,4
Zelara,kilrogg,383,druid,restoration,12,4,8
Ssuka,tichondrius,383,druid,restoration,12,4,8
Fyde,stormrage,383,druid,restoration,12,4,8
Hakunamatada,vashj,383,druid,restoration,12,4,8
Norco,dentarg,383,druid,restoration,12,4,8
Brazzar,kiljaeden,383,druid,restoration,12,4,8
Tempér,elune,383,druid,restoration,12,4,8
Posmard,ragnaros,383,druid,restoration,12,4,8
Justinheras,area-52,383,druid,restoration,12,4,8
Chuckzilla,korgath,383,druid,restoration,12,4,8
Kurnon,shattered-hand,383,druid,restoration,12,4,8
Nightflow,emerald-dream,383,druid,restoration,12,4,8
Dadboody,sargeras,383,druid,restoration,12,4,8
Jonnyutaa,emerald-dream,383,druid,restoration,12,4,8
Hazbekbek,area-52,383,druid,restoration,12,4,8
Pahrump,stormrage,383,druid,restoration,12,4,8
Bosephus,bleeding-hollow,383,druid,restoration,15,4,11
Tedrithal,moon-guard,383,druid,restoration,18,4,14
Twiggles,garrosh,383,druid,restoration,18,4,14
Rikey,thaurissan,383,druid,restoration,18,4,14
Lulerz,cenarius,383,druid,restoration,18,4,14
Hagenws,azralon,382,druid,restoration,12,4,8
Gardeni,emerald-dream,382,druid,restoration,12,4,8
Puzzlè,thrall,382,druid,restoration,12,4,8
Guojue,tichondrius,382,druid,restoration,12,4,8
Maldrake,quelthalas,381,druid,restoration,12,4,8
Ceria,hellscream,381,druid,restoration,12,4,8
Meowsz,malganis,381,druid,restoration,12,4,8
Bigbadcow,sargeras,380,druid,restoration,12,4,8
Äbÿss,area-52,380,druid,restoration,18,4,14
Larrac,azshara,379,druid,restoration,12,4,8
Metamooseowl,crushridge,379,druid,restoration,12,4,8
Nüg,frostmourne,379,druid,restoration,14,4,10
Mxlasthope,azralon,351,druid,restoration,11,4,7
Uzheals,zuljin,336,druid,restoration,15,4,11
Sndru,illidan,330,druid,restoration,12,5,7
Bottles,quelthalas,330,druid,restoration,15,6,9
Vìdá,tichondrius,330,druid,restoration,14,5,9
Ilmoonz,frostmane,330,druid,restoration,21,5,16
Harûko,moon-guard,330,druid,restoration,31,5,26
Greythan,madoran,325,druid,restoration,42,5,37
Alleae,stormrage,319,druid,restoration,5,4,1
Fatloser,hyjal,319,druid,restoration,11,5,6
Bluemarsh,agamaggan,319,druid,restoration,20,4,16
Skke,barthilas,318,druid,restoration,8,4,4
Semangarbage,tichondrius,307,druid,restoration,18,10,8
Neferpitou,fenris,303,druid,restoration,12,4,8
Ugress,whisperwind,302,druid,restoration,13,4,9
Sonicphantom,kelthuzad,288,druid,restoration,6,3,3
Analyzefacts,kelthuzad,288,druid,restoration,6,3,3
Knivas,illidan,288,druid,restoration,6,3,3
Origiinate,black-dragonflight,288,druid,restoration,6,3,3
Eryon,nemesis,288,druid,restoration,6,3,3
Nerg,aerie-peak,288,druid,restoration,6,3,3
Thenog,arthas,288,druid,restoration,6,3,3
Wolfbeasts,greymane,288,druid,restoration,6,3,3
Tronita,frostwolf,288,druid,restoration,6,3,3
Kanibuss,dragonmaw,288,druid,restoration,6,3,3
Anthria,illidan,288,druid,restoration,6,3,3
Bibliopole,tichondrius,288,druid,restoration,6,3,3
Bushroot,sentinels,288,druid,restoration,6,3,3
Muffiñ,moon-guard,288,druid,restoration,6,3,3
Lünäriä,stormrage,288,druid,restoration,6,3,3
Shíftý,area-52,288,druid,restoration,6,3,3
Nxy,area-52,288,druid,restoration,6,3,3
Hooginn,frostwolf,288,druid,restoration,6,3,3
Spinach,moon-guard,288,druid,restoration,6,3,3
Brãum,azralon,288,druid,restoration,6,3,3
Lotsoflovexo,illidan,288,druid,restoration,6,3,3
Garnass,eredar,288,druid,restoration,6,3,3
Bunnykiss,tichondrius,288,druid,restoration,6,3,3
Ømí,quelthalas,288,druid,restoration,6,3,3
Creamsoda,frostmane,288,druid,restoration,6,3,3
Helvetiòs,sargeras,288,druid,restoration,6,3,3
Juícebox,tichondrius,288,druid,restoration,6,3,3
Paps,laughing-skull,288,druid,restoration,6,3,3
Ateup,dawnbringer,288,druid,restoration,6,3,3
Rahkaaga,kiljaeden,288,druid,restoration,6,3,3
Nightz,icecrown,288,druid,restoration,6,3,3
Stephenfurry,tichondrius,288,druid,restoration,6,3,3
Sevensword,tichondrius,288,druid,restoration,6,3,3
Azaran,bleeding-hollow,288,druid,restoration,6,3,3
Mythicdruid,ragnaros,288,druid,restoration,6,3,3
Teancookies,tichondrius,288,druid,restoration,6,3,3
Panterarosa,ragnaros,288,druid,restoration,6,3,3
Iamfynch,sargeras,288,druid,restoration,6,3,3
Menapaws,muradin,288,druid,restoration,6,3,3
Kcazz,thorium-brotherhood,288,druid,restoration,6,3,3
Tarlis,khazgoroth,288,druid,restoration,6,3,3
Cutefeetz,moon-guard,288,druid,restoration,6,3,3
Moex,illidan,288,druid,restoration,6,3,3
Seekamp,khazgoroth,288,druid,restoration,6,3,3
Nokash,tichondrius,288,druid,restoration,6,3,3
Owaru,stormrage,288,druid,restoration,6,3,3
Fungamezx,bleeding-hollow,288,druid,restoration,6,3,3
Bearforcetwo,lightbringer,288,druid,restoration,6,3,3
Manwool,illidan,288,druid,restoration,6,3,3
Aidoh,kelthuzad,288,druid,restoration,6,3,3
Prøwl,nordrassil,288,druid,restoration,6,3,3
Partylord,malganis,288,druid,restoration,6,3,3
Catdruid,the-forgotten-coast,288,druid,restoration,6,3,3
Erwelz,quelthalas,288,druid,restoration,6,3,3
Swiftthis,nazgrel,288,druid,restoration,6,3,3
Antonniel,azralon,288,druid,restoration,6,3,3
Struutt,zuljin,288,druid,restoration,6,3,3
Meowmeowbean,darkspear,288,druid,restoration,6,3,3
Hibernate,frostmourne,288,druid,restoration,6,3,3
Aldirion,zuljin,288,druid,restoration,6,3,3
Isunami,emerald-dream,288,druid,restoration,6,3,3
Vadroid,dalaran,288,druid,restoration,6,3,3
Animesubs,dalaran,288,druid,restoration,6,3,3
Emaría,emerald-dream,288,druid,restoration,6,3,3
Buffjungle,tichondrius,288,druid,restoration,6,3,3
Wâggles,moon-guard,288,druid,restoration,6,3,3
Xro,frostmourne,288,druid,restoration,6,3,3
Obsesséd,aggramar,288,druid,restoration,6,3,3
Ðeepsixx,burning-legion,288,druid,restoration,6,3,3
Mädnhairy,zuljin,288,druid,restoration,6,3,3
Istayfrawsty,darkspear,288,druid,restoration,6,3,3
Bin,moon-guard,288,druid,restoration,6,3,3
Feignxd,emerald-dream,288,druid,restoration,6,3,3
Chúcknoúrish,agamaggan,288,druid,restoration,6,3,3
Lemonnz,illidan,288,druid,restoration,6,3,3
Asian,moon-guard,288,druid,restoration,6,3,3
Drmf,frostmourne,288,druid,restoration,6,3,3
Reptile,terenas,288,druid,restoration,6,3,3
Zoantype,stormrage,288,druid,restoration,6,3,3
Idolizeme,skullcrusher,288,druid,restoration,6,3,3
Lahgit,frostmourne,288,druid,restoration,6,3,3
Misswalkdru,ragnaros,288,druid,restoration,6,3,3
Xötic,stormrage,288,druid,restoration,6,3,3
Taviorn,illidan,288,druid,restoration,6,3,3
Druidma,aegwynn,288,druid,restoration,6,3,3
Neoboi,goldrinn,288,druid,restoration,7,3,4
Demitassie,wyrmrest-accord,288,druid,restoration,8,3,5
Overgrowth,zuljin,288,druid,restoration,9,3,6
Styli,tichondrius,288,druid,restoration,10,3,7
Samsaralol,tichondrius,288,druid,restoration,12,3,9
Bewear,zangarmarsh,288,druid,restoration,12,3,9
Qdrui,tichondrius,288,druid,restoration,12,3,9
Blacksimba,area-52,288,druid,restoration,12,3,9
Scorpitary,ysera,288,druid,restoration,12,3,9
Percocious,area-52,288,druid,restoration,12,3,9
Nacur,bleeding-hollow,288,druid,restoration,12,3,9
Deyz,ysera,288,druid,restoration,12,3,9
Wwkd,illidan,288,druid,restoration,12,3,9
Madtreé,bleeding-hollow,288,druid,restoration,12,3,9
Bearlínwall,sargeras,288,druid,restoration,12,3,9
Soloqmenace,malganis,288,druid,restoration,12,3,9
Lathunius,nemesis,288,druid,restoration,12,3,9
Krispies,eredar,288,druid,restoration,12,3,9
Druiddou,tichondrius,288,druid,restoration,12,3,9
Solushuffle,sargeras,288,druid,restoration,12,3,9
Borbys,sargeras,288,druid,restoration,12,3,9
Endworldx,tichondrius,288,druid,restoration,12,3,9
Druidranda,sargeras,288,druid,restoration,12,3,9
Pusswhisperr,bleeding-hollow,288,druid,restoration,12,3,9
Garrodan,aerie-peak,288,druid,restoration,12,3,9
Lîv,aerie-peak,288,druid,restoration,12,3,9
Ttaure,ragnaros,288,druid,restoration,12,3,9
Azngødz,tichondrius,288,druid,restoration,12,3,9
Anthren,garona,288,druid,restoration,12,3,9
Bigsave,bladefist,288,druid,restoration,12,3,9
Nesterin,arathor,288,druid,restoration,12,3,9
Theblind,korgath,288,druid,restoration,12,3,9
Møth,anvilmar,288,druid,restoration,12,3,9
Sandiegoo,destromath,288,druid,restoration,12,3,9
Theømega,stormrage,288,druid,restoration,12,3,9
Dousei,area-52,288,druid,restoration,12,3,9
Kanokoho,wyrmrest-accord,288,druid,restoration,12,3,9
Kilingspree,frostmourne,288,druid,restoration,12,3,9
Zsi,frostmourne,288,druid,restoration,12,3,9
Raptormotoo,lothar,288,druid,restoration,12,3,9
Bloodriot,wyrmrest-accord,288,druid,restoration,12,3,9
Psilo,kelthuzad,288,druid,restoration,12,3,9
Quadrivium,stormrage,288,druid,restoration,12,3,9
Noradn,malganis,288,druid,restoration,12,3,9
Monicaduan,frostmourne,288,druid,restoration,12,3,9
Concerneddog,malganis,288,druid,restoration,12,3,9
Smitebacklol,tichondrius,288,druid,restoration,17,4,13
Thundyrcat,tichondrius,288,druid,restoration,18,3,15
Friendly,wyrmrest-accord,288,druid,restoration,18,3,15
Yuumura,stormrage,288,druid,restoration,18,3,15
Iceicedruid,illidan,288,druid,restoration,18,3,15
Twippy,tichondrius,288,druid,restoration,18,3,15
Graffsworth,emerald-dream,288,druid,restoration,18,3,15
Wattami,area-52,288,druid,restoration,18,3,15
Soloqleaver,tichondrius,288,druid,restoration,18,3,15
Myepic,ragnaros,288,druid,restoration,19,3,16
Killvious,kelthuzad,288,druid,restoration,24,3,21
Moonfires,senjin,287,druid,restoration,6,3,3
Poppett,kirin-tor,287,druid,restoration,6,3,3
Udala,durotan,287,druid,restoration,6,3,3
Sagikos,skullcrusher,287,druid,restoration,6,3,3
Sefestria,senjin,287,druid,restoration,6,3,3
Harderplease,emerald-dream,287,druid,restoration,6,3,3
Glowstixz,tichondrius,287,druid,restoration,6,3,3
Divitiacus,kiljaeden,287,druid,restoration,6,3,3
Jinglebells,kiljaeden,287,druid,restoration,6,3,3
Temujin,shadow-council,287,druid,restoration,6,3,3
Iamanoob,sargeras,287,druid,restoration,10,4,6
Boldogs,proudmoore,287,druid,restoration,12,3,9
Druishcat,dark-iron,287,druid,restoration,12,3,9
Bulldog,runetotem,287,druid,restoration,12,3,9
Moggwasi,tichondrius,287,druid,restoration,18,3,15
Cieran,senjin,287,druid,restoration,18,3,15
Vanarus,khaz-modan,287,druid,restoration,18,3,15
Cyios,moon-guard,287,druid,restoration,18,3,15
Goingwild,frostmourne,286,druid,restoration,6,3,3
Cryptalas,tichondrius,286,druid,restoration,12,3,9
Fortunecat,illidan,286,druid,restoration,12,3,9
Andraste,queldorei,286,druid,restoration,12,3,9
Taiyla,stormrage,286,druid,restoration,12,3,9
Moonbootz,proudmoore,285,druid,restoration,12,3,9
Sabari,area-52,285,druid,restoration,24,3,21
Malakyte,medivh,285,druid,restoration,36,3,33
Stenebria,zuljin,271,druid,restoration,12,3,9
Trollsmind,tichondrius,271,druid,restoration,17,3,14
Anastasyiar,illidan,256,druid,restoration,10,3,7
Gloomy,andorhal,256,druid,restoration,10,3,7
Mahjongg,stormrage,255,druid,restoration,14,4,10
Thrunirn,dalaran,254,druid,restoration,11,3,8
Stive,nemesis,234,druid,restoration,6,4,2
Yoona,kiljaeden,234,druid,restoration,7,4,3
Restyblazed,sargeras,234,druid,restoration,8,4,4
Boomsky,tichondrius,234,druid,restoration,9,4,5
Donaldsr,area-52,234,druid,restoration,9,4,5
Hottie,kelthuzad,234,druid,restoration,10,4,6
Stormwood,moonrunner,234,druid,restoration,21,4,17
Stèvén,tichondrius,233,druid,restoration,13,4,9
Aegys,medivh,224,druid,restoration,11,3,8
Sliggo,bleeding-hollow,223,druid,restoration,8,3,5
Gavdru,tichondrius,223,druid,restoration,8,3,5
Moonshocka,tichondrius,223,druid,restoration,10,3,7
Chigseh,area-52,192,druid,restoration,9,3,6
Faentz,stormrage,192,druid,restoration,9,3,6
Hawtzi,stormrage,192,druid,restoration,6,2,4
Epicbehr,kiljaeden,192,druid,restoration,6,2,4
Hipityhopity,bleeding-hollow,192,druid,restoration,6,2,4
Five,the-underbog,192,druid,restoration,6,2,4
Iolhoofpics,area-52,192,druid,restoration,6,2,4
Whiplash,deathwing,192,druid,restoration,6,2,4
Bullbuddy,wyrmrest-accord,192,druid,restoration,6,2,4
Compactdruid,emerald-dream,192,druid,restoration,6,2,4
Cattdog,tichondrius,192,druid,restoration,6,2,4
Jackdr,tichondrius,192,druid,restoration,6,2,4
Kagekuma,bleeding-hollow,192,druid,restoration,6,2,4
Mutaformi,tichondrius,192,druid,restoration,6,2,4
Shiftyheal,kargath,192,druid,restoration,6,2,4
Twinkielol,kiljaeden,192,druid,restoration,6,2,4
Freemac,tichondrius,192,druid,restoration,6,2,4
Runarok,ragnaros,192,druid,restoration,6,2,4
Ninzorx,tichondrius,192,druid,restoration,6,2,4
Barkcheeks,area-52,192,druid,restoration,6,2,4
Chasmata,malganis,192,druid,restoration,6,2,4
Gretatunberg,skywall,192,druid,restoration,6,2,4
Letmekillu,dalaran,192,druid,restoration,6,2,4
Aewsome,quelthalas,192,druid,restoration,6,2,4
Dangercat,draenor,192,druid,restoration,6,2,4
Hydruponic,tichondrius,192,druid,restoration,6,2,4
Lilcocoxoxo,shadowmoon,192,druid,restoration,6,2,4
Ichugpaint,sargeras,192,druid,restoration,6,2,4
Zils,bleeding-hollow,192,druid,restoration,6,2,4
Koalla,frostmourne,192,druid,restoration,6,2,4
Terminatore,kelthuzad,192,druid,restoration,6,2,4
Droody,earthen-ring,192,druid,restoration,6,2,4
Mattrydian,wyrmrest-accord,192,druid,restoration,6,2,4
Relxlol,tichondrius,192,druid,restoration,6,2,4
Tropikana,burning-legion,192,druid,restoration,6,2,4
Firefireahh,sargeras,192,druid,restoration,6,2,4
Runningback,emerald-dream,192,druid,restoration,6,2,4
Megasteak,lightninghoof,192,druid,restoration,6,2,4
Gêrm,stormrage,192,druid,restoration,6,2,4
Hyperdryve,bonechewer,192,druid,restoration,6,2,4
Leafthief,whisperwind,192,druid,restoration,6,2,4
Violyte,tichondrius,192,druid,restoration,6,2,4
Mcbeef,tichondrius,192,druid,restoration,6,2,4
Ghostti,stormrage,192,druid,restoration,6,2,4
Hatricio,ragnaros,192,druid,restoration,6,2,4
Jxp,tichondrius,192,druid,restoration,6,2,4
Zaddychulo,area-52,192,druid,restoration,6,2,4
Jrewidism,whisperwind,192,druid,restoration,6,2,4
Shiftzy,thrall,192,druid,restoration,6,2,4
Hotsoncrak,tichondrius,192,druid,restoration,6,2,4
Garud,kaelthas,192,druid,restoration,6,2,4
Noonwalk,illidan,192,druid,restoration,6,2,4
Galimir,anvilmar,192,druid,restoration,6,2,4
Katesw,tichondrius,192,druid,restoration,6,2,4
Gaìjin,barthilas,192,druid,restoration,6,2,4
Darinnia,lothar,192,druid,restoration,6,2,4
Cultnelf,illidan,192,druid,restoration,6,2,4
Toadie,zuljin,192,druid,restoration,6,2,4
Cheesetouchy,illidan,192,druid,restoration,6,2,4
Drlackz,malganis,192,druid,restoration,6,2,4
Vaelstrasz,skullcrusher,192,druid,restoration,6,2,4
Naturestouch,tichondrius,192,druid,restoration,6,2,4
Softkity,area-52,192,druid,restoration,6,2,4
Owlgz,barthilas,192,druid,restoration,6,2,4
Sooil,tichondrius,192,druid,restoration,6,2,4
Camthedruid,khadgar,192,druid,restoration,6,2,4
Dustdruid,hakkar,192,druid,restoration,6,2,4
Catloverxoxo,barthilas,192,druid,restoration,6,2,4
Laesh,nemesis,192,druid,restoration,6,2,4
Kaisuckslol,stormrage,192,druid,restoration,6,2,4
Obliv,wildhammer,192,druid,restoration,6,2,4
Ambassador,kelthuzad,192,druid,restoration,6,2,4
Clonkzy,area-52,192,druid,restoration,6,2,4
Tyde,nemesis,192,druid,restoration,6,2,4
Gorfrog,tichondrius,192,druid,restoration,6,2,4
Bigtonkatruk,tichondrius,192,druid,restoration,6,2,4
Akinetic,illidan,192,druid,restoration,6,2,4
Hchhi,ragnaros,192,druid,restoration,6,2,4
Sôlemn,barthilas,192,druid,restoration,6,2,4
Sidechonies,tichondrius,192,druid,restoration,6,2,4
Tatahe,zuljin,192,druid,restoration,6,2,4
Manbearace,emerald-dream,192,druid,restoration,6,2,4
Ularmdrd,stormrage,192,druid,restoration,6,2,4
Wras,emerald-dream,192,druid,restoration,6,2,4
Niquil,hyjal,192,druid,restoration,6,2,4
Affe,tichondrius,192,druid,restoration,6,2,4
Kassius,alleria,192,druid,restoration,6,2,4
Rubato,dathremar,192,druid,restoration,6,2,4
Fløwjo,illidan,192,druid,restoration,6,2,4
Pincho,hyjal,192,druid,restoration,6,2,4
Umsal,tichondrius,192,druid,restoration,6,2,4
Heeller,illidan,192,druid,restoration,6,2,4
Tadoo,tichondrius,192,druid,restoration,6,2,4
Batshi,gorefiend,192,druid,restoration,6,2,4
Kardomux,quelthalas,192,druid,restoration,6,2,4
Kornaz,guldan,192,druid,restoration,6,2,4
Murpheey,sargeras,192,druid,restoration,6,2,4
Cushionmaker,tichondrius,192,druid,restoration,6,2,4
Boundless,skullcrusher,192,druid,restoration,6,2,4
Tdøubleu,tichondrius,192,druid,restoration,6,2,4
Hotsx,frostmourne,192,druid,restoration,9,2,7
Nakedllove,sargeras,192,druid,restoration,11,2,9
Aliën,tichondrius,192,druid,restoration,12,2,10
Moocka,ragnaros,192,druid,restoration,12,2,10
Glockenstien,proudmoore,192,druid,restoration,12,2,10
Actioncat,emerald-dream,192,druid,restoration,12,2,10
Cpksdru,tichondrius,192,druid,restoration,12,2,10
Lunmoon,thrall,192,druid,restoration,12,2,10
Bboikha,quelthalas,192,druid,restoration,12,2,10
Cloninglol,darkspear,192,druid,restoration,12,2,10
Xaric,area-52,192,druid,restoration,12,2,10
Gahr,wyrmrest-accord,192,druid,restoration,12,2,10
Jaaodalari,azralon,192,druid,restoration,12,2,10
Bossdru,sargeras,192,druid,restoration,12,2,10
Trèè,frostmane,192,druid,restoration,12,2,10
Iferhi,wyrmrest-accord,192,druid,restoration,12,2,10
Grullandur,hakkar,192,druid,restoration,12,2,10
Dráz,stormrage,192,druid,restoration,12,2,10
Cäirnëhöfblö,quelthalas,192,druid,restoration,12,2,10
Pinchncheeks,bleeding-hollow,192,druid,restoration,12,2,10
Bennedïct,tichondrius,192,druid,restoration,12,2,10
Crunchieroll,illidan,192,druid,restoration,12,2,10
Kilala,galakrond,192,druid,restoration,12,2,10
Chaarm,proudmoore,192,druid,restoration,12,2,10
Daesdaddy,sargeras,192,druid,restoration,12,2,10
Aelena,whisperwind,192,druid,restoration,12,2,10
Sírius,stormrage,192,druid,restoration,12,2,10
Moonkay,tichondrius,192,druid,restoration,12,2,10
Jayto,frostmourne,192,druid,restoration,12,2,10
Crazystorm,ragnaros,192,druid,restoration,12,2,10
Aelvalus,goldrinn,192,druid,restoration,12,2,10
Orbitz,stormrage,192,druid,restoration,12,2,10
Bristaice,tichondrius,192,druid,restoration,12,2,10
Goorybud,tichondrius,192,druid,restoration,12,2,10
Wonderhood,quelthalas,192,druid,restoration,12,2,10
Hotwhite,kelthuzad,192,druid,restoration,12,2,10
Urhero,sargeras,192,druid,restoration,12,2,10
Rootslayer,tichondrius,192,druid,restoration,12,2,10
Krucífy,dark-iron,192,druid,restoration,12,2,10
Dodozhou,illidan,192,druid,restoration,12,2,10
Pawswap,tichondrius,192,druid,restoration,13,2,11
Iyrnae,zuljin,192,druid,restoration,18,2,16
Devilzown,fenris,192,druid,restoration,18,2,16
Brutalhealz,aegwynn,192,druid,restoration,18,2,16
Çarpentree,sargeras,192,druid,restoration,18,2,16
Clonemunster,frostmourne,192,druid,restoration,18,2,16
Flusky,moon-guard,191,druid,restoration,6,2,4
Moonkinx,frostwolf,191,druid,restoration,6,2,4
Relativo,dalaran,191,druid,restoration,6,2,4
Naxanax,stormrage,191,druid,restoration,6,2,4
Zebb,veknilash,191,druid,restoration,6,2,4
Samesaras,darkspear,191,druid,restoration,6,2,4
Masilan,kelthuzad,191,druid,restoration,12,2,10
Voodooshiftz,emerald-dream,191,druid,restoration,12,2,10
Calliecat,moon-guard,191,druid,restoration,12,2,10
Standislau,azralon,191,druid,restoration,12,2,10
Denyou,aggramar,191,druid,restoration,12,2,10
Daweed,zuluhed,191,druid,restoration,12,2,10
Títanía,stormrage,191,druid,restoration,36,2,34
Wantto,moknathal,190,druid,restoration,12,2,10
Josepha,tichondrius,175,druid,restoration,11,2,9
Dreamwalk,stormrage,175,druid,restoration,17,3,14
Budhuka,nazjatar,175,druid,restoration,17,2,15
Ykr,sargeras,159,druid,restoration,5,2,3
Vozx,area-52,159,druid,restoration,5,2,3
Sypìí,stormrage,159,druid,restoration,5,2,3
Irl,frostmane,159,druid,restoration,8,3,5
Pvptactician,tichondrius,159,druid,restoration,11,4,7
Côsmos,illidan,159,druid,restoration,13,3,10
Acidmoon,tichondrius,159,druid,restoration,14,3,11
Frenzymoon,zuljin,144,druid,restoration,3,3,0
Theserbian,mugthol,143,druid,restoration,15,3,12
Çurador,tichondrius,138,druid,restoration,9,4,5
Betalfa,nemesis,138,druid,restoration,8,3,5
Teddybëar,illidan,138,druid,restoration,9,3,6
Pokieoaks,zuljin,138,druid,restoration,10,3,7
Mojoforweeks,bleeding-hollow,138,druid,restoration,12,3,9
Jazzmaster,barthilas,138,druid,restoration,17,4,13
Teres,moon-guard,136,druid,restoration,8,3,5
Galind,rexxar,128,druid,restoration,4,2,2
Alshari,proudmoore,128,druid,restoration,10,2,8
Crunkk,thunderlord,127,druid,restoration,14,2,12
Hille,sargeras,127,druid,restoration,14,2,12
Taailly,arthas,112,druid,restoration,7,2,5
Jruicy,frostmourne,96,druid,restoration,19,5,14
Forestmaster,area-52,96,druid,restoration,8,2,6
Sumaras,hydraxis,96,druid,restoration,11,2,9
Robomexi,tichondrius,96,druid,restoration,6,1,5
Alagorn,zangarmarsh,96,druid,restoration,6,1,5
Orakuru,barthilas,96,druid,restoration,6,1,5
Commandozero,tichondrius,96,druid,restoration,6,1,5
Arienne,kelthuzad,96,druid,restoration,6,1,5
Soñics,tichondrius,96,druid,restoration,6,1,5
Natürëblÿät,illidan,96,druid,restoration,6,1,5
Tchukoo,illidan,96,druid,restoration,6,1,5
Kazamura,tichondrius,96,druid,restoration,6,1,5
Chillicarrot,barthilas,96,druid,restoration,6,1,5
Nutless,illidan,96,druid,restoration,6,1,5
Lemonweed,borean-tundra,96,druid,restoration,6,1,5
Goldzera,goldrinn,96,druid,restoration,6,1,5
Tirazul,area-52,96,druid,restoration,6,1,5
Valkyraefan,illidan,96,druid,restoration,6,1,5
Sybrosa,malganis,96,druid,restoration,6,1,5
Malamew,antonidas,96,druid,restoration,6,1,5
Logyoh,tichondrius,96,druid,restoration,6,1,5
Drure,kelthuzad,96,druid,restoration,6,1,5
Narth,dethecus,96,druid,restoration,6,1,5
Neviç,area-52,96,druid,restoration,6,1,5
Dedderita,bloodhoof,96,druid,restoration,6,1,5
Róce,stormrage,96,druid,restoration,6,1,5
Beldiin,khazgoroth,96,druid,restoration,6,1,5
Moocowbear,illidan,96,druid,restoration,6,1,5
Smilodonmoo,tichondrius,96,druid,restoration,6,1,5
Hòler,sargeras,96,druid,restoration,6,1,5
Nightjr,tichondrius,96,druid,restoration,6,1,5
Woodkin,akama,96,druid,restoration,6,1,5
Tyrander,tichondrius,96,druid,restoration,6,1,5
Sinistuhd,tichondrius,96,druid,restoration,6,1,5
Katastrophý,tichondrius,96,druid,restoration,6,1,5
Khenes,ragnaros,96,druid,restoration,6,1,5
Vivianma,illidan,96,druid,restoration,6,1,5
Cazjel,arthas,96,druid,restoration,6,1,5
Symbiant,tichondrius,96,druid,restoration,6,1,5
Mokee,hakkar,96,druid,restoration,6,1,5
Berserkr,lethon,96,druid,restoration,6,1,5
Wotermelon,moon-guard,96,druid,restoration,6,1,5
Grímmjów,frostmourne,96,druid,restoration,6,1,5
Kuhama,tichondrius,96,druid,restoration,6,1,5
Spatulas,malganis,96,druid,restoration,6,1,5
Fusions,sargeras,96,druid,restoration,6,1,5
Whizkas,quelthalas,96,druid,restoration,6,1,5
Starfoxx,hellscream,96,druid,restoration,6,1,5
Raìñ,tichondrius,96,druid,restoration,6,1,5
Kalmoe,kiljaeden,96,druid,restoration,6,1,5
Zabartak,lightnings-blade,96,druid,restoration,6,1,5
Tahnu,deathwing,96,druid,restoration,6,1,5
Treebeard,garrosh,96,druid,restoration,6,1,5
Nitemanee,moon-guard,96,druid,restoration,6,1,5
Zorp,bleeding-hollow,96,druid,restoration,6,1,5
Glaedrtreeqt,bleeding-hollow,96,druid,restoration,6,1,5
Diligent,dathremar,96,druid,restoration,6,1,5
Cbreezyy,tichondrius,96,druid,restoration,6,1,5
Theßanished,hellscream,96,druid,restoration,6,1,5
Runx,zuljin,96,druid,restoration,6,1,5
Ayla,gorefiend,96,druid,restoration,6,1,5
Bellä,nazjatar,96,druid,restoration,6,1,5
Moonfart,zuljin,96,druid,restoration,6,1,5
Opconvoke,illidan,96,druid,restoration,6,1,5
Caminanube,quelthalas,96,druid,restoration,6,1,5
Omnitech,stormrage,96,druid,restoration,6,1,5
Kendra,barthilas,96,druid,restoration,6,1,5
Cüm,zuljin,96,druid,restoration,6,1,5
Baconsniper,illidan,96,druid,restoration,6,1,5
Hammyaki,area-52,96,druid,restoration,6,1,5
Rokkonx,sargeras,96,druid,restoration,6,1,5
Broken,bloodscalp,96,druid,restoration,6,1,5
Treerex,area-52,96,druid,restoration,6,1,5
Rokvaahn,illidan,96,druid,restoration,6,1,5
Popsiclex,frostmourne,96,druid,restoration,6,1,5
Sheeftah,illidan,96,druid,restoration,6,1,5
Cowboyydan,malganis,96,druid,restoration,6,1,5
Vikkileaks,aegwynn,96,druid,restoration,6,1,5
Pressuretd,frostmourne,96,druid,restoration,6,1,5
Xforcerage,zuljin,96,druid,restoration,6,1,5
Nomars,zuljin,96,druid,restoration,6,1,5
Sweetsu,stormrage,96,druid,restoration,6,1,5
Shiftingtaco,tichondrius,96,druid,restoration,6,1,5
Djsummer,tichondrius,96,druid,restoration,6,1,5
Savvin,area-52,96,druid,restoration,6,1,5
Whitehaze,proudmoore,96,druid,restoration,6,1,5
Rithirin,moon-guard,96,druid,restoration,6,1,5
Ryhighd,sargeras,96,druid,restoration,6,1,5
Pokémon,grizzly-hills,96,druid,restoration,6,1,5
Framess,area-52,96,druid,restoration,6,1,5
Samully,area-52,96,druid,restoration,6,1,5
Randomdruids,gurubashi,96,druid,restoration,6,1,5
Kzdubya,stormrage,96,druid,restoration,6,1,5
Moonkingx,ragnaros,96,druid,restoration,6,1,5
Rastakant,malganis,96,druid,restoration,6,1,5
Feralgo,tichondrius,96,druid,restoration,6,1,5
Bùgga,malfurion,96,druid,restoration,6,1,5
Kurzul,area-52,96,druid,restoration,6,1,5
Gúdru,zuljin,96,druid,restoration,6,1,5
Animalstylee,tichondrius,96,druid,restoration,6,1,5
Kitcat,magtheridon,96,druid,restoration,6,1,5
Easyløl,ragnaros,96,druid,restoration,6,1,5
Hairylady,area-52,96,druid,restoration,6,1,5
Ðjx,stormrage,96,druid,restoration,6,1,5
Nuruu,frostmourne,96,druid,restoration,6,1,5
Arthridas,wyrmrest-accord,96,druid,restoration,6,1,5
Hurbd,frostmourne,96,druid,restoration,6,1,5
Kekepop,emerald-dream,96,druid,restoration,6,1,5
Skéla,emerald-dream,96,druid,restoration,6,1,5
Eldenis,drakkari,96,druid,restoration,6,1,5
Gargøs,azralon,96,druid,restoration,6,1,5
Sadboy,moon-guard,96,druid,restoration,6,1,5
Slickshifter,sargeras,96,druid,restoration,6,1,5
Fadingfast,frostmourne,96,druid,restoration,6,1,5
Killerskullw,darkspear,96,druid,restoration,6,1,5
Suncintus,aggramar,96,druid,restoration,6,1,5
Rakroz,emerald-dream,96,druid,restoration,6,1,5
Trismo,darkspear,96,druid,restoration,6,1,5
Deadtree,agamaggan,96,druid,restoration,6,1,5
Juves,frostmourne,96,druid,restoration,6,1,5
Barrahjr,frostmourne,96,druid,restoration,6,1,5
Macfluff,emerald-dream,96,druid,restoration,6,1,5
Elyferia,moon-guard,96,druid,restoration,6,1,5
Thiccybear,darkspear,96,druid,restoration,6,1,5
Alajandro,malganis,96,druid,restoration,6,1,5
Lokobah,wyrmrest-accord,96,druid,restoration,6,1,5
Sily,frostmourne,96,druid,restoration,6,1,5
Peterdeleter,emerald-dream,96,druid,restoration,6,1,5
Zeelán,emerald-dream,96,druid,restoration,6,1,5
Boomtre,malganis,96,druid,restoration,6,1,5
Nyanncat,frostmourne,96,druid,restoration,7,1,6
Lirilith,shadowsong,96,druid,restoration,16,2,14
Ikita,illidan,96,druid,restoration,8,1,7
Foracus,sargeras,96,druid,restoration,11,1,10
Taztoc,stormrage,96,druid,restoration,11,1,10
Shebleeder,aegwynn,96,druid,restoration,11,1,10
Idontmoo,area-52,96,druid,restoration,12,1,11
Darezz,frostmourne,96,druid,restoration,12,1,11
Moonkin,thunderlord,96,druid,restoration,12,1,11
Daxximus,area-52,96,druid,restoration,12,1,11
Meiill,tichondrius,96,druid,restoration,12,1,11
Rebornwhisp,moon-guard,96,druid,restoration,12,1,11
Treelah,tichondrius,96,druid,restoration,12,1,11
Morezby,frostmourne,96,druid,restoration,12,1,11
Framling,sargeras,96,druid,restoration,12,1,11
Whiteglade,moon-guard,96,druid,restoration,12,1,11
Adaeloth,hyjal,96,druid,restoration,12,1,11
Kopidruid,barthilas,96,druid,restoration,12,1,11
Bethorâ,suramar,96,druid,restoration,12,1,11
Sinigang,duskwood,96,druid,restoration,12,1,11
Durkanis,maelstrom,96,druid,restoration,12,1,11
Flörence,drakkari,96,druid,restoration,12,1,11
Carboz,jubeithos,96,druid,restoration,12,1,11
Appitrap,emerald-dream,96,druid,restoration,12,1,11
Moonessence,fenris,96,druid,restoration,12,1,11
Kityboom,bleeding-hollow,96,druid,restoration,12,1,11
Kaeliah,stormrage,96,druid,restoration,12,1,11
Metamorfis,malorne,96,druid,restoration,12,1,11
Mushuk,quelthalas,96,druid,restoration,13,1,12
Mofoogoo,laughing-skull,96,druid,restoration,13,1,12
Thorsèn,sargeras,96,druid,restoration,15,1,14
Grakzul,blood-furnace,95,druid,restoration,9,2,7
Herbalife,stormrage,95,druid,restoration,6,1,5
Wynri,nemesis,95,druid,restoration,6,1,5
Bbabbi,tichondrius,89,druid,restoration,5,3,2
Dudt,tichondrius,84,druid,restoration,34,8,26
Timmyzz,sargeras,79,druid,restoration,5,1,4
Miviaris,alleria,79,druid,restoration,5,1,4
Pawblems,sargeras,79,druid,restoration,5,1,4
Ursox,sargeras,79,druid,restoration,11,1,10
Biig,stormreaver,64,druid,restoration,16,9,7
Eliteshift,frostmourne,64,druid,restoration,4,1,3
Pownage,kelthuzad,64,druid,restoration,16,1,15
Bòmi,tichondrius,63,druid,restoration,2,2,0
Geycat,tichondrius,42,druid,restoration,9,2,7
Levincy,thrall,42,druid,restoration,9,2,7
Raklek,tichondrius,42,druid,restoration,16,2,14
Valrathsx,arthas,31,druid,restoration,2,1,1
Dankymoo,thunderlord,31,druid,restoration,2,1,1
Rudar,sargeras,1701,druid,guardian,54,26,28
Landro,tichondrius,1373,druid,guardian,107,51,56
Kaid,malganis,1366,druid,guardian,56,21,35
Kobebeef,malganis,1203,druid,guardian,30,13,17
Nerfmesoon,sargeras,1172,druid,guardian,36,14,22
Ntseebxoxoxg,gurubashi,1149,druid,guardian,103,50,53
Drürsidae,malganis,1129,druid,guardian,39,15,24
Haalls,gallywix,1110,druid,guardian,54,16,38
Ürsus,quelthalas,1106,druid,guardian,72,32,40
Trídon,emerald-dream,1099,druid,guardian,30,15,15
Ashamang,emerald-dream,1075,druid,guardian,48,23,25
Crashägásm,proudmoore,1062,druid,guardian,30,15,15
Agmukar,wyrmrest-accord,1042,druid,guardian,42,25,17
Zhangfei,barthilas,1033,druid,guardian,24,11,13
Firash,frostmourne,1024,druid,guardian,43,23,20
Theme,frostwolf,1022,druid,guardian,80,32,48
Yurius,kiljaeden,988,druid,guardian,66,32,34
Gojen,stonemaul,963,druid,guardian,55,14,41
Kesagake,feathermoon,921,druid,guardian,18,10,8
Muphasax,ragnaros,875,druid,guardian,116,47,69
Maraliss,shadowsong,863,druid,guardian,30,14,16
Caliwagon,dalaran,861,druid,guardian,37,16,21
Mordu,rivendare,838,druid,guardian,25,9,16
Aìón,emerald-dream,834,druid,guardian,46,21,25
Giddeonv,draenor,833,druid,guardian,18,9,9
Strivinz,kelthuzad,811,druid,guardian,26,10,16
Gums,lightbringer,800,druid,guardian,95,30,65
Inxert,tichondrius,792,druid,guardian,16,9,7
Gifteddream,zuljin,759,druid,guardian,24,9,15
Ishiftalot,bleeding-hollow,758,druid,guardian,21,9,12
Unøtøuch,duskwood,671,druid,guardian,18,7,11
Dalidielor,dalaran,671,druid,guardian,18,7,11
Koan,proudmoore,671,druid,guardian,24,7,17
Jacinty,saurfang,670,druid,guardian,18,7,11
Multivar,burning-legion,669,druid,guardian,12,7,5
Penjamiin,tichondrius,660,druid,guardian,18,7,11
Bjørnen,thrall,657,druid,guardian,18,7,11
Manasmi,frostmourne,645,druid,guardian,111,44,67
Zbh,tichondrius,576,druid,guardian,6,6,0
Lycanthus,thrall,575,druid,guardian,12,6,6
Moistism,khazgoroth,575,druid,guardian,30,6,24
Rektx,area-52,574,druid,guardian,12,6,6
Sloom,zuljin,480,druid,guardian,12,5,7
Agaxaido,azgalor,480,druid,guardian,12,5,7
Ferio,moon-guard,480,druid,guardian,24,5,19
Chärmin,area-52,479,druid,guardian,12,5,7
Bufaloblanco,drakkari,479,druid,guardian,18,5,13
Görô,thrall,477,druid,guardian,6,5,1
Balanah,quelthalas,472,druid,guardian,15,6,9
Maen,kelthuzad,384,druid,guardian,6,4,2
Tommygomy,illidan,384,druid,guardian,6,4,2
Bleedhoof,frostmourne,384,druid,guardian,12,4,8
Tompunch,tichondrius,384,druid,guardian,12,4,8
Druidd,moonrunner,384,druid,guardian,12,4,8
Bigxworm,gurubashi,384,druid,guardian,12,4,8
Krylax,sargeras,384,druid,guardian,12,4,8
Wraithman,madoran,383,druid,guardian,6,4,2
Vennfox,illidan,383,druid,guardian,12,4,8
Tankbareass,aerie-peak,382,druid,guardian,18,4,14
Cléa,illidan,381,druid,guardian,12,4,8
Weedmans,turalyon,288,druid,guardian,6,3,3
Zultuot,azralon,288,druid,guardian,6,3,3
Mooseknukel,zuljin,288,druid,guardian,6,3,3
Peteybears,stormrage,288,druid,guardian,6,3,3
Clawin,frostmourne,288,druid,guardian,6,3,3
Jumånjï,tichondrius,288,druid,guardian,6,3,3
Cayinna,altar-of-storms,288,druid,guardian,12,3,9
Jüggernäut,area-52,288,druid,guardian,12,3,9
Woozydruid,anetheron,288,druid,guardian,12,3,9
Read,boulderfist,288,druid,guardian,12,3,9
Deutschland,whisperwind,288,druid,guardian,12,3,9
Manwool,illidan,288,druid,guardian,12,3,9
Zyrhek,quelthalas,288,druid,guardian,12,3,9
Israh,malygos,287,druid,guardian,12,3,9
Mavren,uldaman,286,druid,guardian,6,3,3
Jussgrimm,kiljaeden,271,druid,guardian,11,3,8
Classykitty,tichondrius,192,druid,guardian,4,3,1
Skrimshaw,burning-legion,192,druid,guardian,6,2,4
Shiftyounot,shattered-hand,192,druid,guardian,6,2,4
Empathz,emerald-dream,192,druid,guardian,6,2,4
Lilgushy,area-52,192,druid,guardian,6,2,4
Kasannaommi,sargeras,192,druid,guardian,6,2,4
Slayeress,illidan,192,druid,guardian,6,2,4
Avbox,proudmoore,192,druid,guardian,6,2,4
Athious,moon-guard,192,druid,guardian,6,2,4
Mommyh,duskwood,192,druid,guardian,6,2,4
Spacex,amanthul,192,druid,guardian,6,2,4
Kilmarr,bleeding-hollow,192,druid,guardian,6,2,4
Battlecát,stormscale,192,druid,guardian,6,2,4
Fluff,gurubashi,192,druid,guardian,6,2,4
Bimbobear,moon-guard,192,druid,guardian,6,2,4
Widedually,aegwynn,191,druid,guardian,6,2,4
Frozecold,illidan,191,druid,guardian,6,2,4
Eithelsa,frostmourne,191,druid,guardian,6,2,4
Altabarda,quelthalas,191,druid,guardian,12,2,10
Extail,ragnaros,191,druid,guardian,18,2,16
Meliódás,area-52,191,druid,guardian,18,2,16
Gornish,azralon,190,druid,guardian,12,2,10
Enrÿu,nemesis,96,druid,guardian,6,1,5
Moonshocka,tichondrius,96,druid,guardian,6,1,5
Bigdeeza,frostmourne,96,druid,guardian,6,1,5
Juicecarton,thrall,96,druid,guardian,6,1,5
Malvolo,eredar,96,druid,guardian,6,1,5
Funkbear,black-dragonflight,96,druid,guardian,6,1,5
Tutankamøn,ragnaros,96,druid,guardian,6,1,5
Canibust,blackhand,96,druid,guardian,6,1,5
Vindecca,kelthuzad,96,druid,guardian,6,1,5
Kushtiger,ragnaros,96,druid,guardian,6,1,5
Cawkaw,frostwolf,96,druid,guardian,6,1,5
Aurno,queldorei,96,druid,guardian,6,1,5
Wintarz,sargeras,96,druid,guardian,6,1,5
Sixfeetunder,shattered-halls,96,druid,guardian,6,1,5
Dashio,lightnings-blade,96,druid,guardian,6,1,5
Weezydende,area-52,96,druid,guardian,6,1,5
Finntann,moon-guard,96,druid,guardian,6,1,5
Pathxp,frostmourne,96,druid,guardian,6,1,5
Flenser,frostmane,96,druid,guardian,6,1,5
Woowis,stormrage,96,druid,guardian,12,1,11
Divax,proudmoore,96,druid,guardian,12,1,11
Fulmerethine,emerald-dream,96,druid,guardian,12,1,11
Chathos,emerald-dream,96,druid,guardian,12,1,11
Vineclaw,emerald-dream,96,druid,guardian,12,1,11
Kylysea,dalaran,96,druid,guardian,12,1,11
Poweri,winterhoof,96,druid,guardian,12,1,11
Varcoe,stormrage,96,druid,guardian,12,1,11
Abuz,azralon,96,druid,guardian,12,1,11
Lakroz,zuljin,95,druid,guardian,6,1,5
Cheyvá,proudmoore,79,druid,guardian,5,1,4
Sitruk,uldum,63,druid,guardian,10,1,9
Kieldru,illidan,48,druid,guardian,3,1,2
Ogdaugh,nagrand,48,druid,guardian,3,1,2
Tropikana,burning-legion,31,druid,guardian,2,1,1
Evildooer,stormrage,2286,druid,feral,188,98,90
Iinkinbio,alleria,2246,druid,feral,113,69,44
Jaguar,whisperwind,2244,druid,feral,153,82,71
Auntsusie,stormrage,2237,druid,feral,125,78,47
Bawbe,lightbringer,2227,druid,feral,125,68,57
Floppa,whisperwind,2221,druid,feral,144,76,68
Linkinbiox,alleria,2217,druid,feral,96,53,43
Bassy,whisperwind,2210,druid,feral,112,59,53
Marvin,stormreaver,2201,druid,feral,94,49,45
Loser,stormrage,2190,druid,feral,93,49,44
Formrage,jubeithos,2152,druid,feral,236,125,111
Nyç,sargeras,2139,druid,feral,216,116,100
Kynvi,moon-guard,2133,druid,feral,78,41,37
Crunchyroll,sargeras,2126,druid,feral,168,91,77
Duzis,tichondrius,2122,druid,feral,188,102,86
Porkonmyfork,frostmourne,2105,druid,feral,99,53,46
Yüxy,sargeras,2105,druid,feral,186,93,93
Cntomy,tichondrius,2102,druid,feral,90,50,40
Axtin,stormreaver,2069,druid,feral,66,40,26
Boomboombom,tichondrius,2054,druid,feral,119,72,47
Angryalyu,tichondrius,2030,druid,feral,294,142,152
Biggpharma,sargeras,2021,druid,feral,107,50,57
Floorz,firetree,2016,druid,feral,60,30,30
Save,aerie-peak,2007,druid,feral,128,64,64
Rwhatkr,tichondrius,2003,druid,feral,71,32,39
Calikonger,spirestone,2000,druid,feral,66,34,32
Amellies,quelthalas,1999,druid,feral,280,146,134
Henikbite,zuljin,1990,druid,feral,137,70,67
Cracked,vashj,1982,druid,feral,135,82,53
Feeg,sargeras,1980,druid,feral,71,36,35
Trìckyz,tichondrius,1973,druid,feral,314,160,154
Abstractf,sargeras,1971,druid,feral,134,74,60
Boomboomboom,misha,1969,druid,feral,355,178,177
Catzetzan,tichondrius,1968,druid,feral,60,32,28
Babekisser,stormrage,1961,druid,feral,130,69,61
Hugecat,tichondrius,1951,druid,feral,78,38,40
Pdfilewatch,stormrage,1943,druid,feral,42,30,12
Suedle,kelthuzad,1939,druid,feral,59,31,28
Mocfernando,sargeras,1935,druid,feral,66,34,32
Skrambles,mugthol,1930,druid,feral,105,52,53
Floorz,bleeding-hollow,1927,druid,feral,129,61,68
Chowxx,tichondrius,1910,druid,feral,96,45,51
Sammy,scilla,1906,druid,feral,132,66,66
Fuujinn,korgath,1900,druid,feral,114,61,53
Samuel,ravencrest,1897,druid,feral,60,33,27
Feorb,sargeras,1895,druid,feral,90,42,48
Ryecoke,stormrage,1894,druid,feral,66,36,30
Darmari,quelthalas,1892,druid,feral,77,35,42
Kittendev,tichondrius,1890,druid,feral,117,56,61
Duhfective,proudmoore,1887,druid,feral,65,33,32
Xyphor,bladefist,1871,druid,feral,71,36,35
Nèffex,sargeras,1869,druid,feral,96,51,45
Hypérion,dalaran,1863,druid,feral,101,46,55
Astrozxy,sargeras,1860,druid,feral,42,23,19
Lemön,frostmourne,1859,druid,feral,126,66,60
Notapn,tichondrius,1857,druid,feral,185,96,89
Tyx,bleeding-hollow,1855,druid,feral,122,59,63
Unfunnyferal,kelthuzad,1853,druid,feral,71,33,38
Glenn,norgannon,1850,druid,feral,42,27,15
Chrye,tichondrius,1848,druid,feral,75,39,36
Ivangamaz,area-52,1847,druid,feral,53,30,23
Meldzetzan,tichondrius,1845,druid,feral,49,30,19
Cliodhna,kelthuzad,1845,druid,feral,180,89,91
Tyxi,bleeding-hollow,1844,druid,feral,64,39,25
Beomjun,tichondrius,1844,druid,feral,207,104,103
Stellar,steamwheedle-cartel,1842,druid,feral,155,76,79
Lesliewj,proudmoore,1841,druid,feral,71,38,33
Hriiya,tichondrius,1840,druid,feral,119,55,64
Sporadiclive,sargeras,1839,druid,feral,66,30,36
Vinjo,ragnaros,1839,druid,feral,114,50,64
Yukjr,stormrage,1837,druid,feral,173,84,89
Alleae,stormrage,1831,druid,feral,78,39,39
Yayue,tichondrius,1830,druid,feral,72,37,35
Bpdferal,stormrage,1828,druid,feral,180,99,81
Unfriendly,bleeding-hollow,1826,druid,feral,227,126,101
Russiaguy,area-52,1826,druid,feral,271,141,130
Soaring,moon-guard,1826,druid,feral,69,34,35
Owd,tichondrius,1826,druid,feral,48,23,25
Oldtomcat,moon-guard,1825,druid,feral,201,106,95
Durwyn,sargeras,1825,druid,feral,428,217,211
Feignxd,emerald-dream,1823,druid,feral,60,43,17
Loserceo,stormrage,1822,druid,feral,48,27,21
Tenavï,stormrage,1821,druid,feral,66,32,34
Fappywapple,kiljaeden,1818,druid,feral,167,80,87
Wildfire,nesingwary,1814,druid,feral,164,89,75
Kakaroot,tichondrius,1813,druid,feral,153,78,75
Jpegcollectr,tichondrius,1813,druid,feral,123,57,66
Grizzlepaw,tichondrius,1812,druid,feral,222,124,98
Jihadibleeds,stormrage,1809,druid,feral,95,64,31
Fliip,barthilas,1809,druid,feral,65,34,31
Vebee,frostmourne,1808,druid,feral,101,54,47
Phøënîx,tichondrius,1802,druid,feral,60,27,33
Melonhole,darkspear,1801,druid,feral,82,41,41
Ripbot,sargeras,1795,druid,feral,69,36,33
Flayx,frostmourne,1795,druid,feral,60,28,32
Zuljor,sargeras,1793,druid,feral,95,53,42
Brawleyx,tichondrius,1793,druid,feral,136,68,68
Ërebüs,emerald-dream,1791,druid,feral,77,33,44
Wowgamer,sargeras,1789,druid,feral,54,34,20
Killuf,quelthalas,1784,druid,feral,101,39,62
Kolbie,emerald-dream,1782,druid,feral,230,123,107
Brewdock,boulderfist,1781,druid,feral,123,60,63
Raincloud,mannoroth,1779,druid,feral,85,49,36
Shreds,kirin-tor,1778,druid,feral,110,47,63
Retzerbil,sargeras,1776,druid,feral,30,21,9
Kakagroot,tichondrius,1769,druid,feral,54,30,24
Fangry,queldorei,1768,druid,feral,112,61,51
Sappora,illidan,1768,druid,feral,190,96,94
Addymeow,drenden,1767,druid,feral,66,38,28
Porkloafed,illidan,1764,druid,feral,261,135,126
Yukjr,tichondrius,1760,druid,feral,65,30,35
Yoruìchí,tichondrius,1759,druid,feral,36,23,13
Idiotferal,tortheldrin,1754,druid,feral,59,37,22
Mhdd,tichondrius,1754,druid,feral,72,39,33
Kobez,bleeding-hollow,1748,druid,feral,84,46,38
Atrumn,emerald-dream,1743,druid,feral,132,64,68
Tabbsy,frostmourne,1741,druid,feral,90,37,53
Egirly,zangarmarsh,1740,druid,feral,33,22,11
Flowke,illidan,1740,druid,feral,50,27,23
Ferar,frostmourne,1737,druid,feral,143,73,70
Nrp,stormrage,1733,druid,feral,138,61,77
Uag,emerald-dream,1731,druid,feral,36,22,14
Flowkie,illidan,1730,druid,feral,217,110,107
Erykk,dalaran,1727,druid,feral,72,34,38
Zyhsul,emerald-dream,1722,druid,feral,101,48,53
Extic,sargeras,1721,druid,feral,84,47,37
Proudfurryxo,dragonmaw,1721,druid,feral,84,43,41
Milkmoneymeo,illidan,1720,druid,feral,66,31,35
Nitetree,thrall,1719,druid,feral,96,50,46
Stêff,zuljin,1712,druid,feral,155,81,74
Bhen,tichondrius,1712,druid,feral,90,43,47
Juiceonlips,sargeras,1711,druid,feral,53,29,24
Bearoids,daggerspine,1709,druid,feral,90,53,37
Thycamore,cenarius,1708,druid,feral,60,23,37
Zenlonn,emerald-dream,1702,druid,feral,104,52,52
Hapgood,archimonde,1700,druid,feral,90,39,51
Dewfuss,tichondrius,1699,druid,feral,72,41,31
Tompunch,tichondrius,1699,druid,feral,212,106,106
Europecat,stormrage,1698,druid,feral,36,20,16
Yavà,tichondrius,1697,druid,feral,90,51,39
Icespicè,tichondrius,1697,druid,feral,128,58,70
Djdontlose,stormrage,1695,druid,feral,133,71,62
Cjæ,bleeding-hollow,1693,druid,feral,40,26,14
Plux,illidan,1693,druid,feral,245,131,114
Kittycudi,hyjal,1692,druid,feral,40,24,16
Féralis,sargeras,1690,druid,feral,50,26,24
Turow,firetree,1690,druid,feral,53,25,28
Ocêanus,sargeras,1689,druid,feral,31,27,4
Bobochan,tichondrius,1688,druid,feral,48,18,30
Gaday,malganis,1686,druid,feral,162,77,85
Meudayr,crushridge,1685,druid,feral,42,20,22
Tnvï,stormrage,1678,druid,feral,42,21,21
Akanx,tichondrius,1677,druid,feral,36,21,15
Robhockey,area-52,1676,druid,feral,30,18,12
Bearlylegalz,kelthuzad,1671,druid,feral,48,23,25
Akamu,nemesis,1667,druid,feral,90,35,55
Redhotbean,tichondrius,1665,druid,feral,40,23,17
Xerodru,area-52,1665,druid,feral,36,20,16
Csinii,bleeding-hollow,1664,druid,feral,83,37,46
Yavann,tichondrius,1663,druid,feral,124,68,56
Gabdruid,kiljaeden,1661,druid,feral,66,33,33
Lycanthrøpe,moon-guard,1661,druid,feral,140,64,76
Feraly,malganis,1659,druid,feral,48,25,23
Nobruh,sargeras,1658,druid,feral,180,90,90
Jaspurr,illidan,1656,druid,feral,84,48,36
Weedsmuggler,burning-legion,1655,druid,feral,376,196,180
Mysubrogue,veknilash,1651,druid,feral,36,21,15
Aldr,tichondrius,1650,druid,feral,104,57,47
Chasertv,tichondrius,1650,druid,feral,36,19,17
Zlegacy,anvilmar,1650,druid,feral,54,21,33
Rokaizu,dalaran,1649,druid,feral,65,30,35
Jiffynuts,proudmoore,1648,druid,feral,54,26,28
Dobromar,quelthalas,1647,druid,feral,117,60,57
Lakunahof,ragnaros,1647,druid,feral,57,29,28
Orthognathic,emerald-dream,1646,druid,feral,162,102,60
Kyoski,moon-guard,1645,druid,feral,34,19,15
Rotclaws,stormrage,1643,druid,feral,96,48,48
Jonio,tichondrius,1643,druid,feral,95,46,49
Oroskii,bleeding-hollow,1643,druid,feral,87,42,45
Bigbite,tichondrius,1642,druid,feral,66,37,29
Swindlestan,zuljin,1641,druid,feral,153,80,73
Nikola,dreadmaul,1638,druid,feral,69,36,33
Rahxay,quelthalas,1638,druid,feral,95,48,47
Nuadris,azralon,1638,druid,feral,173,87,86
Ðárk,ragnaros,1638,druid,feral,53,22,31
Bitenscratch,tichondrius,1638,druid,feral,78,29,49
Snowfaerie,moon-guard,1634,druid,feral,482,260,222
Sïmba,andorhal,1634,druid,feral,161,74,87
Koochii,tichondrius,1633,druid,feral,57,31,26
Aquahektik,malganis,1633,druid,feral,131,60,71
Ging,azralon,1630,druid,feral,30,17,13
Ohaa,sargeras,1628,druid,feral,18,17,1
Foxmeowz,blackwater-raiders,1627,druid,feral,36,20,16
Shiftage,frostmane,1627,druid,feral,57,22,35
Hoppus,icecrown,1626,druid,feral,180,90,90
Beastbaby,eldrethalas,1626,druid,feral,51,21,30
Prille,tichondrius,1624,druid,feral,51,26,25
Lïberty,ragnaros,1622,druid,feral,48,32,16
Yuandi,tichondrius,1622,druid,feral,204,111,93
Khiefceef,sargeras,1621,druid,feral,59,28,31
Neksir,ragnaros,1621,druid,feral,42,17,25
Conker,frostmourne,1619,druid,feral,324,163,161
Susruth,area-52,1619,druid,feral,42,18,24
Off,ravencrest,1618,druid,feral,177,88,89
Enya,stormreaver,1618,druid,feral,66,31,35
Hiddenfur,ragnaros,1617,druid,feral,36,19,17
Night,jaedenar,1617,druid,feral,42,20,22
Poosnickety,kelthuzad,1617,druid,feral,49,21,28
Bangle,area-52,1617,druid,feral,66,26,40
Faelonk,frostmourne,1615,druid,feral,150,79,71
Wøs,area-52,1615,druid,feral,98,50,48
Anxietyburns,stormrage,1612,druid,feral,93,52,41
Getahfix,frostmourne,1612,druid,feral,96,48,48
Duckystryker,tichondrius,1610,druid,feral,95,47,48
Clutchtime,sentinels,1610,druid,feral,46,21,25
Kibbens,area-52,1609,druid,feral,238,118,120
Amishal,stormrage,1609,druid,feral,108,49,59
Xanybarz,stormrage,1608,druid,feral,131,65,66
Reversflash,emerald-dream,1607,druid,feral,83,48,35
Griefs,emerald-dream,1607,druid,feral,48,24,24
Bobmarli,kiljaeden,1606,druid,feral,60,29,31
Chococrispis,quelthalas,1606,druid,feral,48,21,27
Jizzie,tichondrius,1605,druid,feral,157,88,69
Batterydruid,silvermoon,1605,druid,feral,36,20,16
Meanbear,stormrage,1605,druid,feral,60,31,29
Lunacore,illidan,1605,druid,feral,97,50,47
Darkombra,frostmourne,1604,druid,feral,106,55,51
Fyrkax,sargeras,1603,druid,feral,30,19,11
Kittysnuggle,emerald-dream,1600,druid,feral,45,24,21
Feralgo,tichondrius,1600,druid,feral,36,17,19
Tysandra,sargeras,1600,druid,feral,42,17,25
Dimsump,zuljin,1598,druid,feral,74,29,45
Yobibit,terenas,1597,druid,feral,108,52,56
Softshirtxo,ragnaros,1594,druid,feral,46,23,23
Fuqet,kelthuzad,1594,druid,feral,222,106,116
Blêêd,stormscale,1590,druid,feral,61,40,21
Lucky,destromath,1590,druid,feral,216,103,113
Nicó,darkspear,1589,druid,feral,176,82,94
Mxdi,tichondrius,1588,druid,feral,48,26,22
Rank,nerzhul,1588,druid,feral,126,59,67
Slanue,tichondrius,1585,druid,feral,76,33,43
Ursarius,skullcrusher,1584,druid,feral,89,43,46
Sheeyts,tichondrius,1582,druid,feral,119,65,54
Swolareclips,eitrigg,1580,druid,feral,227,114,113
Luvgames,area-52,1580,druid,feral,131,65,66
Ulcera,nemesis,1578,druid,feral,78,47,31
Dustin,moon-guard,1573,druid,feral,175,89,86
Poppynoff,barthilas,1573,druid,feral,131,60,71
Jeppcat,tichondrius,1572,druid,feral,30,17,13
Muggsy,scilla,1571,druid,feral,79,47,32
Wuby,tichondrius,1571,druid,feral,150,78,72
Irontree,dunemaul,1570,druid,feral,54,25,29
Dahmu,malygos,1569,druid,feral,243,125,118
Kals,burning-blade,1569,druid,feral,42,20,22
Elgatomarica,ragnaros,1567,druid,feral,114,57,57
Azrethyu,emerald-dream,1567,druid,feral,230,109,121
Blrr,sargeras,1564,druid,feral,218,101,117
Doblun,nemesis,1563,druid,feral,90,40,50
Zirrie,stormrage,1556,druid,feral,92,46,46
Psycloneman,tichondrius,1552,druid,feral,269,140,129
Sloom,zuljin,1548,druid,feral,223,114,109
Goldferal,illidan,1545,druid,feral,48,31,17
Zwaski,thrall,1544,druid,feral,220,105,115
Kaisuckslol,stormrage,1543,druid,feral,150,76,74
Franksuba,windrunner,1541,druid,feral,126,61,65
Whitetigeris,tichondrius,1534,druid,feral,48,27,21
Moonshady,zuljin,1534,druid,feral,104,55,49
Delorík,illidan,1534,druid,feral,66,32,34
Selendis,tichondrius,1533,druid,feral,72,27,45
Destrez,ragnaros,1532,druid,feral,45,24,21
Waggs,illidan,1532,druid,feral,36,16,20
Prêdator,ragnaros,1528,druid,feral,224,118,106
Cawkaw,frostwolf,1528,druid,feral,122,62,60
Welshblack,tichondrius,1528,druid,feral,40,18,22
Azoth,hyjal,1527,druid,feral,30,16,14
Féràlgøðx,sargeras,1526,druid,feral,24,16,8
Galind,rexxar,1524,druid,feral,40,26,14
Zall,amanthul,1524,druid,feral,36,17,19
Engarnassion,eredar,1523,druid,feral,30,16,14
Marathel,wyrmrest-accord,1518,druid,feral,47,22,25
Luluid,tichondrius,1516,druid,feral,167,82,85
Sugarbawls,area-52,1514,druid,feral,108,52,56
Kyrô,sargeras,1513,druid,feral,66,28,38
Fendiy,barthilas,1512,druid,feral,114,60,54
Pawsom,bleeding-hollow,1511,druid,feral,39,22,17
Cätwälk,gnomeregan,1511,druid,feral,36,16,20
Freinnar,kiljaeden,1509,druid,feral,143,71,72
Hellodan,proudmoore,1509,druid,feral,114,53,61
Shiftalk,nerzhul,1508,druid,feral,195,98,97
Awarz,drakkari,1508,druid,feral,54,26,28
Gregondor,skullcrusher,1506,druid,feral,48,24,24
Shmayba,malganis,1504,druid,feral,30,16,14
Koducck,tichondrius,1502,druid,feral,60,32,28
Vintera,sargeras,1501,druid,feral,302,165,137
Sweetxtooth,area-52,1501,druid,feral,156,83,73
Csagan,spirestone,1501,druid,feral,138,71,67
Theømega,stormrage,1500,druid,feral,77,39,38
Barnedruid,stormreaver,1500,druid,feral,36,18,18
Fastcat,moon-guard,1499,druid,feral,106,56,50
Innx,tichondrius,1498,druid,feral,48,21,27
Tree,lothar,1497,druid,feral,48,29,19
Azakana,sargeras,1495,druid,feral,41,23,18
Chitára,ragnaros,1494,druid,feral,240,126,114
Surmise,tichondrius,1493,druid,feral,142,82,60
Kurokyy,frostmourne,1492,druid,feral,43,23,20
Senex,stormrage,1489,druid,feral,106,62,44
Gairen,the-venture-co,1488,druid,feral,71,40,31
Mordrynn,veknilash,1487,druid,feral,110,66,44
Nightshift,dalvengyr,1487,druid,feral,48,25,23
Darkosdruid,tichondrius,1487,druid,feral,66,33,33
Skyde,sargeras,1487,druid,feral,105,45,60
Pressuretd,frostmourne,1486,druid,feral,24,16,8
Lunarboy,tichondrius,1486,druid,feral,91,44,47
Flufball,whisperwind,1480,druid,feral,66,35,31
Käïïjü,tichondrius,1479,druid,feral,106,45,61
Revcow,malganis,1477,druid,feral,48,24,24
Dillywadz,tichondrius,1476,druid,feral,235,111,124
Amdruid,bloodhoof,1475,druid,feral,44,21,23
Pibily,sargeras,1474,druid,feral,72,27,45
Melez,kelthuzad,1471,druid,feral,306,154,152
Pretzle,kelthuzad,1471,druid,feral,107,41,66
Haneulso,tichondrius,1467,druid,feral,96,51,45
Kushtiger,ragnaros,1467,druid,feral,123,61,62
Jurasico,ragnaros,1466,druid,feral,384,193,191
Shïfty,tichondrius,1464,druid,feral,36,19,17
Houseboat,hellscream,1464,druid,feral,120,49,71
Duuj,illidan,1462,druid,feral,30,22,8
Zivak,azshara,1460,druid,feral,66,32,34
Hoffhoff,area-52,1458,druid,feral,36,22,14
Wickeddruid,kelthuzad,1456,druid,feral,42,24,18
Badferal,blackhand,1455,druid,feral,78,38,40
Erwelz,quelthalas,1455,druid,feral,41,19,22
Hashmall,ragnaros,1454,druid,feral,107,51,56
Bullcritzz,saurfang,1453,druid,feral,118,66,52
Nätural,bloodhoof,1453,druid,feral,29,16,13
Gnairda,sargeras,1453,druid,feral,258,135,123
Nomnomnomn,chogall,1452,druid,feral,40,23,17
Catahmine,thrall,1450,druid,feral,44,20,24
Bossdru,sargeras,1447,druid,feral,53,31,22
Prowli,tichondrius,1446,druid,feral,209,107,102
Wildwhisper,moon-guard,1446,druid,feral,102,45,57
Amanardra,wyrmrest-accord,1445,druid,feral,42,23,19
Fennel,korgath,1445,druid,feral,77,40,37
Kongquest,emerald-dream,1445,druid,feral,71,28,43
Chomperz,tichondrius,1442,druid,feral,85,45,40
Chunks,korgath,1441,druid,feral,66,30,36
Scuffedx,tichondrius,1439,druid,feral,30,15,15
Scratchh,darkspear,1438,druid,feral,135,68,67
Sylvaster,stormrage,1437,druid,feral,36,15,21
Shiftex,arthas,1434,druid,feral,150,75,75
Ozex,crushridge,1433,druid,feral,100,43,57
Pfheral,area-52,1433,druid,feral,38,16,22
Feond,illidan,1430,druid,feral,94,49,45
Kwilli,tichondrius,1430,druid,feral,162,78,84
Moonraker,caelestrasz,1427,druid,feral,83,44,39
Zulas,thrall,1426,druid,feral,53,21,32
Makonis,tichondrius,1424,druid,feral,36,20,16
Mempool,tichondrius,1422,druid,feral,30,18,12
Kaissara,nemesis,1420,druid,feral,32,17,15
Dababÿ,frostmourne,1420,druid,feral,65,33,32
Oobuck,kilrogg,1415,druid,feral,54,29,25
Jayp,thrall,1414,druid,feral,83,35,48
Bukybuky,tichondrius,1413,druid,feral,141,73,68
Neetform,zuljin,1413,druid,feral,65,30,35
Azuredreams,bleeding-hollow,1411,druid,feral,80,38,42
Silvshifter,frostmourne,1410,druid,feral,47,32,15
Muwudred,stormrage,1410,druid,feral,36,15,21
Clarice,shattered-halls,1409,druid,feral,24,15,9
Malu,muradin,1409,druid,feral,106,59,47
Eletto,stormrage,1409,druid,feral,54,26,28
Oreganic,barthilas,1408,druid,feral,99,49,50
Vakimumu,anubarak,1407,druid,feral,68,33,35
Momoxchan,quelthalas,1406,druid,feral,40,18,22
Ikkarus,nemesis,1405,druid,feral,150,75,75
Classydruid,spinebreaker,1404,druid,feral,102,47,55
Gotroadrash,azuremyst,1402,druid,feral,47,29,18
Bênî,emerald-dream,1402,druid,feral,128,61,67
Boofings,sargeras,1400,druid,feral,34,19,15
Bloodynine,cairne,1397,druid,feral,42,17,25
Beargodx,stormrage,1396,druid,feral,120,67,53
Clawin,frostmourne,1395,druid,feral,24,15,9
Andaror,azralon,1395,druid,feral,72,32,40
Âzn,tichondrius,1394,druid,feral,34,21,13
Kotau,azralon,1393,druid,feral,114,72,42
Fugekî,zuljin,1393,druid,feral,125,66,59
Psyraxus,moon-guard,1392,druid,feral,30,15,15
Chin,ysera,1391,druid,feral,23,15,8
Chambz,tichondrius,1391,druid,feral,207,106,101
Ytgamezoned,darkspear,1390,druid,feral,30,16,14
Niwßor,azralon,1388,druid,feral,133,67,66
Oneinchclaw,malganis,1388,druid,feral,126,63,63
Naturestouch,tichondrius,1388,druid,feral,36,15,21
Jasmin,altar-of-storms,1387,druid,feral,40,25,15
Threeo,burning-blade,1386,druid,feral,40,26,14
Traxxo,tichondrius,1384,druid,feral,78,34,44
Freddiemerk,moon-guard,1382,druid,feral,54,32,22
Hööper,illidan,1380,druid,feral,136,59,77
Hroney,area-52,1379,druid,feral,54,22,32
Tommyjimmy,andorhal,1378,druid,feral,66,33,33
Frostyshakes,stormrage,1377,druid,feral,206,102,104
Craak,tichondrius,1376,druid,feral,41,19,22
Carboz,jubeithos,1375,druid,feral,54,26,28
Queiq,malganis,1373,druid,feral,46,24,22
Zazieraiel,moon-guard,1373,druid,feral,201,96,105
Hoofin,blackwing-lair,1373,druid,feral,110,49,61
Cheshiire,moon-guard,1372,druid,feral,197,96,101
Malfurionsto,moon-guard,1369,druid,feral,148,64,84
Vaniedron,zuljin,1368,druid,feral,164,69,95
Swippxx,tichondrius,1367,druid,feral,33,17,16
Raynark,azralon,1367,druid,feral,54,23,31
Herbx,sargeras,1366,druid,feral,66,33,33
Wwf,thrall,1365,druid,feral,419,207,212
Psychofeör,quelthalas,1364,druid,feral,186,92,94
Gatona,stormrage,1364,druid,feral,56,25,31
Swornenemy,mugthol,1363,druid,feral,93,49,44
Dätto,thrall,1363,druid,feral,77,40,37
Ashmila,ragnaros,1362,druid,feral,56,30,26
Toysruskyd,sargeras,1362,druid,feral,71,28,43
Boll,akama,1361,druid,feral,34,15,19
Roots,anubarak,1357,druid,feral,116,59,57
Barbary,tichondrius,1357,druid,feral,48,24,24
Treeweed,tichondrius,1355,druid,feral,87,44,43
Soupyhooves,dalaran,1355,druid,feral,71,32,39
Iamnature,dalaran,1355,druid,feral,67,30,37
Servax,illidan,1354,druid,feral,83,42,41
Styli,tichondrius,1353,druid,feral,169,90,79
Zuga,the-venture-co,1353,druid,feral,149,77,72
Fugg,frostmourne,1350,druid,feral,84,34,50
Darkdragoonz,barthilas,1344,druid,feral,43,20,23
Taiga,moon-guard,1343,druid,feral,24,14,10
Druidydruid,blackrock,1342,druid,feral,52,24,28
Senorcholo,malganis,1341,druid,feral,126,63,63
Muidruid,thrall,1341,druid,feral,36,17,19
Glockitty,tichondrius,1340,druid,feral,163,81,82
Samirgodx,tichondrius,1340,druid,feral,42,18,24
Smeow,zuljin,1339,druid,feral,39,16,23
Ceo,blackwater-raiders,1338,druid,feral,62,35,27
Zelyvia,moon-guard,1338,druid,feral,72,37,35
Beygatti,sargeras,1338,druid,feral,101,49,52
Torilisather,ragnaros,1336,druid,feral,32,16,16
Funkattack,tichondrius,1336,druid,feral,30,14,16
Midnitex,illidan,1335,druid,feral,69,36,33
Facegotrake,stormrage,1333,druid,feral,24,14,10
Asteriel,stormrage,1331,druid,feral,76,38,38
Treespec,stormrage,1330,druid,feral,52,26,26
Nearkoo,tichondrius,1330,druid,feral,30,14,16
Khyzan,illidan,1329,druid,feral,82,43,39
Kiwidru,frostmourne,1329,druid,feral,30,14,16
Jumpjumpcat,tichondrius,1327,druid,feral,51,23,28
Blut,stormrage,1326,druid,feral,300,142,158
Dorio,quelthalas,1325,druid,feral,90,47,43
Extacy,ragnaros,1323,druid,feral,24,14,10
Evolute,sargeras,1323,druid,feral,24,14,10
Miviaris,alleria,1323,druid,feral,30,14,16
Cymew,burning-blade,1322,druid,feral,24,14,10
Bullboy,frostmourne,1320,druid,feral,30,17,13
Wabbehkus,barthilas,1320,druid,feral,150,63,87
Bleedz,mugthol,1319,druid,feral,36,18,18
Percefhone,azralon,1319,druid,feral,145,68,77
Hermbott,proudmoore,1318,druid,feral,96,51,45
Tardcakes,tichondrius,1318,druid,feral,92,44,48
Rekrasaur,emerald-dream,1317,druid,feral,46,15,31
Haohomie,tichondrius,1315,druid,feral,34,15,19
Darkasto,nemesis,1313,druid,feral,98,43,55
Drbraino,sargeras,1311,druid,feral,42,19,23
Sharknado,haomarush,1309,druid,feral,71,25,46
Kittyboiz,illidan,1306,druid,feral,101,51,50
Empathz,emerald-dream,1306,druid,feral,59,23,36
Aligantor,thrall,1305,druid,feral,35,21,14
Isalien,stormrage,1305,druid,feral,104,54,50
Furryboyxd,saurfang,1303,druid,feral,83,40,43
Nyanncat,frostmourne,1302,druid,feral,30,14,16
Aleksandér,ragnaros,1301,druid,feral,60,28,32
Nojiling,quelthalas,1301,druid,feral,55,24,31
Gonjatusk,ravencrest,1299,druid,feral,68,38,30
Nuruu,frostmourne,1299,druid,feral,67,32,35
Bloodriot,wyrmrest-accord,1299,druid,feral,127,60,67
Bearlielegal,stormrage,1298,druid,feral,24,14,10
Mariko,area-52,1298,druid,feral,113,55,58
Duckieheit,sargeras,1298,druid,feral,52,24,28
Tenedoors,ragnaros,1298,druid,feral,153,65,88
Jasminonmars,zuluhed,1297,druid,feral,77,42,35
Sahksi,lothar,1297,druid,feral,60,30,30
Mbarakaja,malganis,1297,druid,feral,155,73,82
Hektuk,barthilas,1296,druid,feral,46,27,19
Anessan,silvermoon,1296,druid,feral,44,23,21
Jpnerazim,quelthalas,1294,druid,feral,90,44,46
Raebies,dalaran,1292,druid,feral,236,121,115
Meowny,area-52,1292,druid,feral,102,41,61
Panyot,kiljaeden,1291,druid,feral,66,33,33
Datkittydoe,kiljaeden,1287,druid,feral,73,34,39
Bigthirty,area-52,1286,druid,feral,44,23,21
Pachacamac,dragonmaw,1285,druid,feral,48,21,27
Manlymanman,shandris,1284,druid,feral,36,15,21
Canlexd,moon-guard,1283,druid,feral,121,54,67
Riseagainst,ragnaros,1281,druid,feral,70,38,32
Erahar,illidan,1281,druid,feral,46,24,22
Oldclive,frostmourne,1281,druid,feral,86,44,42
Ninefeet,argent-dawn,1281,druid,feral,104,52,52
Riemannzeta,azgalor,1279,druid,feral,108,54,54
Zxtreme,tichondrius,1279,druid,feral,42,16,26
Ðreadfang,tichondrius,1278,druid,feral,71,39,32
Gorim,area-52,1277,druid,feral,98,48,50
Moonbow,frostmourne,1276,druid,feral,30,15,15
Bearjoo,kelthuzad,1276,druid,feral,75,35,40
Nahtex,tichondrius,1270,druid,feral,42,19,23
Kilohanno,alexstrasza,1270,druid,feral,54,22,32
Ekhø,quelthalas,1269,druid,feral,62,35,27
Súse,sargeras,1269,druid,feral,71,35,36
Gapingloli,tichondrius,1265,druid,feral,69,33,36
Mooseknuccle,tichondrius,1262,druid,feral,43,21,22
Zderhs,blackrock,1262,druid,feral,47,20,27
Hoshizora,gorefiend,1262,druid,feral,48,17,31
Bigmolii,quelthalas,1260,druid,feral,145,62,83
Feanah,tichondrius,1259,druid,feral,66,29,37
Behrhart,stormrage,1258,druid,feral,28,19,9
Midnightmeat,tichondrius,1257,druid,feral,100,49,51
Udderchaos,dark-iron,1257,druid,feral,36,14,22
Zelazia,area-52,1256,druid,feral,66,36,30
Woodlly,stormrage,1256,druid,feral,30,15,15
Freeonlyfns,stormrage,1255,druid,feral,38,16,22
Doubledówn,sargeras,1254,druid,feral,456,233,223
Aeonás,tichondrius,1254,druid,feral,53,27,26
Berd,whisperwind,1249,druid,feral,58,30,28
Khaoticklaw,stormrage,1248,druid,feral,52,25,27
Tyriall,darkspear,1248,druid,feral,36,15,21
Dkkng,dalaran,1247,druid,feral,64,34,30
Malthen,quelthalas,1247,druid,feral,84,39,45
Aahx,thrall,1245,druid,feral,129,69,60
Hobbles,emerald-dream,1245,druid,feral,59,27,32
Enchiladacat,stormrage,1243,druid,feral,24,13,11
Hjerim,quelthalas,1242,druid,feral,80,34,46
Kellydacat,azuremyst,1241,druid,feral,24,13,11
Cwonzocat,moon-guard,1238,druid,feral,28,16,12
Kleanxx,tichondrius,1238,druid,feral,499,250,249
Sosd,kelthuzad,1237,druid,feral,38,21,17
Pusswhisperr,bleeding-hollow,1237,druid,feral,48,18,30
Catten,barthilas,1236,druid,feral,24,14,10
Dròódles,barthilas,1236,druid,feral,66,35,31
Homedepot,khadgar,1236,druid,feral,30,13,17
Ribushe,stormrage,1235,druid,feral,96,41,55
Munchausens,dalaran,1235,druid,feral,96,40,56
Ourse,aegwynn,1234,druid,feral,89,52,37
Pixyls,bleeding-hollow,1233,druid,feral,29,15,14
Critthisbruh,stormrage,1232,druid,feral,75,44,31
Ðementia,stormrage,1232,druid,feral,282,151,131
Stríðsmaður,area-52,1231,druid,feral,114,55,59
Zascat,malganis,1231,druid,feral,50,18,32
Matpd,norgannon,1228,druid,feral,66,28,38
Corv,drenden,1226,druid,feral,22,14,8
Bâgheera,sargeras,1225,druid,feral,67,28,39
Xanbàr,hyjal,1224,druid,feral,47,28,19
Solstice,frostmourne,1223,druid,feral,42,17,25
Twistach,quelthalas,1222,druid,feral,24,13,11
Zolíath,tichondrius,1221,druid,feral,36,13,23
Swappy,korgath,1220,druid,feral,69,31,38
Ripguts,bleeding-hollow,1218,druid,feral,30,13,17
Buhooki,tichondrius,1217,druid,feral,226,117,109
Deadlyshift,barthilas,1217,druid,feral,36,15,21
Igneël,ragnaros,1217,druid,feral,36,15,21
Maimsy,blackhand,1211,druid,feral,44,23,21
Hctibrehtom,illidan,1210,druid,feral,30,23,7
Curainfeliz,nemesis,1209,druid,feral,24,15,9
Ganodo,malganis,1208,druid,feral,104,54,50
Giatafix,whisperwind,1208,druid,feral,66,30,36
Treepiss,tichondrius,1207,druid,feral,110,55,55
Hadox,azralon,1206,druid,feral,199,94,105
Meemow,frostmourne,1203,druid,feral,42,23,19
Xdkittyrawr,tichondrius,1202,druid,feral,111,56,55
Strikinina,azralon,1202,druid,feral,127,63,64
Zurker,mannoroth,1202,druid,feral,125,62,63
Kyrona,frostmourne,1200,druid,feral,114,61,53
Spinach,moon-guard,1195,druid,feral,33,13,20
Hallthrok,stormrage,1194,druid,feral,28,14,14
Ðrengr,quelthalas,1193,druid,feral,36,20,16
Leight,whisperwind,1187,druid,feral,60,34,26
Hótlife,fizzcrank,1186,druid,feral,48,22,26
Bullshiftin,area-52,1184,druid,feral,48,24,24
Meowzedon,sargeras,1182,druid,feral,30,15,15
Jaydaprophet,azshara,1180,druid,feral,108,45,63
Vineclaw,emerald-dream,1179,druid,feral,48,21,27
Ursuur,drakkari,1178,druid,feral,86,38,48
Bocát,stormrage,1173,druid,feral,24,14,10
Ymirgore,zuljin,1173,druid,feral,49,22,27
Ramshackle,ursin,1169,druid,feral,23,13,10
Dehltax,stormrage,1169,druid,feral,54,29,25
Cooln,bleeding-hollow,1168,druid,feral,30,19,11
Berall,bleeding-hollow,1166,druid,feral,24,13,11
Saelyle,illidan,1166,druid,feral,136,61,75
Borybuilder,azralon,1160,druid,feral,94,43,51
Khione,dreadmaul,1155,druid,feral,109,58,51
Kistormx,tichondrius,1152,druid,feral,18,12,6
Sweetpurple,elune,1152,druid,feral,24,12,12
Ronin,arthas,1152,druid,feral,36,12,24
Sooey,wyrmrest-accord,1151,druid,feral,24,12,12
Efflence,tichondrius,1151,druid,feral,24,12,12
Ironfur,moon-guard,1150,druid,feral,18,12,6
Manbeartree,malganis,1150,druid,feral,36,12,24
Yukcyducky,tichondrius,1148,druid,feral,114,48,66
Alagorn,zangarmarsh,1147,druid,feral,345,167,178
Anaru,sisters-of-elune,1147,druid,feral,30,12,18
Tailzy,tichondrius,1146,druid,feral,24,12,12
Ostley,moon-guard,1142,druid,feral,24,12,12
Hupod,proudmoore,1142,druid,feral,112,54,58
Anastasyiar,illidan,1142,druid,feral,30,12,18
Ÿùp,tichondrius,1141,druid,feral,18,12,6
Donkeepunch,archimonde,1141,druid,feral,45,16,29
Scorn,spirestone,1140,druid,feral,31,12,19
Reallysauce,zuljin,1138,druid,feral,66,38,28
Kilr,bleeding-hollow,1137,druid,feral,42,25,17
Daniin,azralon,1137,druid,feral,78,36,42
Nikozho,sargeras,1136,druid,feral,36,15,21
Bufusala,illidan,1135,druid,feral,18,12,6
Cyder,thrall,1135,druid,feral,40,23,17
Mightymërlin,stormrage,1131,druid,feral,24,13,11
Ferallash,sargeras,1131,druid,feral,30,12,18
Werebruin,bleeding-hollow,1129,druid,feral,126,63,63
Ruhgen,deathwing,1129,druid,feral,32,13,19
Orizane,moon-guard,1129,druid,feral,30,12,18
Chernobiel,stormrage,1129,druid,feral,109,42,67
Scruffywolf,tichondrius,1126,druid,feral,167,72,95
Elunaya,illidan,1122,druid,feral,36,15,21
Tonoshapepai,azralon,1122,druid,feral,36,13,23
Skrillin,thrall,1121,druid,feral,82,45,37
Téddybéar,smolderthorn,1120,druid,feral,213,115,98
Aladelryth,malfurion,1118,druid,feral,30,12,18
Concordya,tichondrius,1118,druid,feral,36,14,22
Shahahrazad,queldorei,1118,druid,feral,36,12,24
Hotsamoray,frostmourne,1117,druid,feral,42,17,25
Snugglin,kelthuzad,1116,druid,feral,48,22,26
Gutzzu,area-52,1114,druid,feral,51,26,25
Brumalsun,moon-guard,1113,druid,feral,66,29,37
Fbombzz,kalecgos,1112,druid,feral,82,46,36
Chëësëbürgër,illidan,1109,druid,feral,130,61,69
Wingus,smolderthorn,1108,druid,feral,24,12,12
Sansao,sargeras,1106,druid,feral,65,30,35
Mojofoshobro,moonrunner,1106,druid,feral,100,46,54
Eyzie,stormrage,1106,druid,feral,41,15,26
Irontauren,drakkari,1104,druid,feral,66,25,41
Afrogx,dalaran,1103,druid,feral,30,14,16
Yobolsun,sargeras,1103,druid,feral,60,27,33
Ishiftalot,bleeding-hollow,1096,druid,feral,69,27,42
Jabiso,smolderthorn,1095,druid,feral,109,58,51
Oxvxo,senjin,1094,druid,feral,66,39,27
Feralicious,hyjal,1093,druid,feral,37,20,17
Tastelikecat,kelthuzad,1093,druid,feral,45,17,28
Bjohns,bleeding-hollow,1092,druid,feral,33,13,20
Bizkit,sargeras,1091,druid,feral,39,14,25
Pzykosis,quelthalas,1090,druid,feral,66,25,41
Druski,lightbringer,1089,druid,feral,23,14,9
Twigz,illidan,1089,druid,feral,226,114,112
Kragma,zuluhed,1085,druid,feral,24,13,11
Daisyôreo,tichondrius,1080,druid,feral,76,38,38
Bernoboy,kelthuzad,1079,druid,feral,30,16,14
Druidsling,mugthol,1079,druid,feral,82,36,46
Ráhilk,quelthalas,1078,druid,feral,42,13,29
Yokimo,amanthul,1077,druid,feral,48,18,30
Voodooshiftz,emerald-dream,1076,druid,feral,24,15,9
Looquitaa,ragnaros,1074,druid,feral,144,66,78
Kurimarlac,stormrage,1074,druid,feral,145,59,86
Carboz,barthilas,1074,druid,feral,30,12,18
Gush,echo-isles,1073,druid,feral,28,12,16
Gorlammi,illidan,1073,druid,feral,59,23,36
Skufty,illidan,1070,druid,feral,192,85,107
Trevvor,thrall,1070,druid,feral,36,12,24
Anarad,dalaran,1068,druid,feral,48,25,23
Chocomilk,nazgrel,1066,druid,feral,54,21,33
Deadlykept,ragnaros,1064,druid,feral,159,77,82
Turel,tichondrius,1064,druid,feral,54,26,28
Pokémon,grizzly-hills,1064,druid,feral,33,15,18
Chopleaf,khadgar,1062,druid,feral,30,12,18
Seraphim,lightnings-blade,1061,druid,feral,78,40,38
Dalinaìr,moon-guard,1059,druid,feral,30,16,14
Damnimal,caelestrasz,1058,druid,feral,22,13,9
Drdanknugs,laughing-skull,1057,druid,feral,54,16,38
Switchform,kiljaeden,1056,druid,feral,18,11,7
Birdy,proudmoore,1056,druid,feral,18,11,7
Hatergodx,ravencrest,1056,druid,feral,24,11,13
Dangersweg,frostmourne,1056,druid,feral,30,11,19
Taisheng,tichondrius,1055,druid,feral,18,11,7
Zoeishyper,sargeras,1055,druid,feral,24,11,13
Orekinya,area-52,1055,druid,feral,24,11,13
Trottystwin,emerald-dream,1055,druid,feral,24,11,13
Dawsonxo,proudmoore,1055,druid,feral,24,11,13
Bënzy,frostmourne,1055,druid,feral,30,11,19
Kellydabear,azuremyst,1054,druid,feral,24,11,13
Bearlyviable,stormrage,1054,druid,feral,33,12,21
Germainee,shandris,1054,druid,feral,36,11,25
Myeow,illidan,1052,druid,feral,24,11,13
Amyschumerr,garrosh,1052,druid,feral,24,11,13
Ursoc,muradin,1052,druid,feral,38,14,24
Droodkat,feathermoon,1051,druid,feral,54,16,38
Prevail,nazgrel,1049,druid,feral,18,11,7
Klypz,tichondrius,1049,druid,feral,18,11,7
Fürïous,tichondrius,1049,druid,feral,21,12,9
Nyla,nemesis,1048,druid,feral,12,11,1
Vykarux,suramar,1048,druid,feral,24,11,13
Greemer,sargeras,1048,druid,feral,48,18,30
Yám,tichondrius,1048,druid,feral,30,11,19
Fieryferal,kargath,1046,druid,feral,42,12,30
Nelferan,aegwynn,1043,druid,feral,160,82,78
Wildbeasts,proudmoore,1043,druid,feral,408,207,201
Moozdormu,stormrage,1042,druid,feral,32,13,19
Bananawaffle,proudmoore,1042,druid,feral,30,11,19
Yesqt,dalaran,1041,druid,feral,24,11,13
Ardelix,emerald-dream,1040,druid,feral,21,12,9
Sisilo,bonechewer,1037,druid,feral,124,57,67
Teddybear,medivh,1037,druid,feral,160,73,87
Gece,dalaran,1033,druid,feral,71,33,38
Liktak,perenolde,1031,druid,feral,32,12,20
Chaace,proudmoore,1029,druid,feral,24,11,13
Kayday,bloodscalp,1027,druid,feral,18,11,7
Kaya,hyjal,1025,druid,feral,114,42,72
Cadburycop,malganis,1023,druid,feral,39,13,26
Gotbleedz,illidan,1022,druid,feral,66,26,40
Screwdrivers,moon-guard,1022,druid,feral,29,11,18
Wonderclam,sargeras,1018,druid,feral,77,29,48
Lyndonww,frostmourne,1016,druid,feral,32,13,19
Taloniemas,illidan,1015,druid,feral,53,18,35
Sabastian,malfurion,1012,druid,feral,48,13,35
Ethernal,burning-blade,1009,druid,feral,60,25,35
Grassfed,laughing-skull,1009,druid,feral,54,17,37
Masilan,kelthuzad,1008,druid,feral,30,13,17
Bifë,ragnaros,1007,druid,feral,60,20,40
Syänn,thrall,1004,druid,feral,110,57,53
Pearci,shattered-hand,1004,druid,feral,78,37,41
Superwrath,khaz-modan,1000,druid,feral,23,11,12
Férállgødx,area-52,998,druid,feral,28,13,15
Brurion,dalaran,998,druid,feral,48,22,26
Zadayos,aerie-peak,992,druid,feral,44,14,30
Qtfurrylol,zuljin,992,druid,feral,55,16,39
Zauska,cenarion-circle,990,druid,feral,36,11,25
Tt,akama,989,druid,feral,26,11,15
Lelobull,ragnaros,987,druid,feral,60,23,37
Bigfloofy,frostmourne,986,druid,feral,17,11,6
Ediiann,cenarius,986,druid,feral,24,11,13
Ramso,skullcrusher,981,druid,feral,35,13,22
Tolldruid,chogall,977,druid,feral,36,18,18
Mavren,uldaman,969,druid,feral,36,16,20
Dogscratch,dalaran,967,druid,feral,20,11,9
Snowlion,the-forgotten-coast,967,druid,feral,89,44,45
Semveta,alleria,960,druid,feral,12,10,2
Buffjungle,tichondrius,960,druid,feral,26,10,16
Meowned,stormrage,959,druid,feral,18,10,8
Kekepop,emerald-dream,959,druid,feral,24,10,14
Yaboidakota,stormrage,959,druid,feral,24,10,14
Bèástly,kiljaeden,959,druid,feral,24,10,14
Venomsecho,vashj,959,druid,feral,24,10,14
Fryy,balnazzar,959,druid,feral,30,10,20
Whittlekitty,anetheron,959,druid,feral,30,10,20
Slymar,darkspear,958,druid,feral,24,13,11
Woshiyigede,frostmourne,958,druid,feral,21,11,10
Framko,quelthalas,958,druid,feral,100,33,67
Rairven,stormrage,957,druid,feral,18,10,8
Noet,ragnaros,957,druid,feral,18,10,8
Pavel,aerie-peak,957,druid,feral,59,18,41
Predatõr,malorne,956,druid,feral,35,17,18
Shiftingdean,sargeras,956,druid,feral,30,10,20
Hoargar,senjin,955,druid,feral,18,12,6
Høruss,azralon,955,druid,feral,27,11,16
Pàntera,tichondrius,955,druid,feral,36,10,26
Sckuzzbag,stormrage,954,druid,feral,19,10,9
Yseraspawn,kelthuzad,954,druid,feral,30,10,20
Veloon,laughing-skull,953,druid,feral,55,25,30
Stalfrus,area-52,952,druid,feral,12,10,2
Bigbih,nerzhul,950,druid,feral,24,10,14
Lòckers,frostmourne,950,druid,feral,24,10,14
Thegrefgx,ragnaros,949,druid,feral,18,10,8
Niocin,daggerspine,949,druid,feral,42,18,24
Xform,jubeithos,946,druid,feral,18,10,8
Peppapig,mugthol,946,druid,feral,30,10,20
Pawblems,sargeras,944,druid,feral,24,10,14
Ewok,vashj,943,druid,feral,30,10,20
Nokther,muradin,941,druid,feral,48,13,35
Darkemberrs,stormrage,939,druid,feral,48,11,37
Feraluwu,illidan,938,druid,feral,18,10,8
Moobees,arthas,938,druid,feral,30,10,20
Voju,wildhammer,938,druid,feral,89,29,60
Lusk,blades-edge,937,druid,feral,70,32,38
Ruzkit,illidan,937,druid,feral,36,15,21
Olhosdlua,azralon,932,druid,feral,23,10,13
Àspên,moon-guard,931,druid,feral,48,24,24
Greasemonkey,trollbane,929,druid,feral,82,41,41
Wurow,firetree,927,druid,feral,23,10,13
Dinnerbone,echo-isles,926,druid,feral,24,10,14
Kuzigothigh,thunderhorn,925,druid,feral,70,35,35
Arntu,malganis,924,druid,feral,17,10,7
Soldadito,zuljin,924,druid,feral,27,12,15
Ekkoh,sargeras,921,druid,feral,29,10,19
Eglania,stormrage,920,druid,feral,42,22,20
Lacrarola,nemesis,916,druid,feral,17,10,7
Kurodash,tichondrius,915,druid,feral,30,13,17
Odesellena,moon-guard,910,druid,feral,60,29,31
Dârkfang,moon-guard,905,druid,feral,71,34,37
Sjana,bleeding-hollow,904,druid,feral,54,27,27
Pawprika,tichondrius,893,druid,feral,111,47,64
Rum,the-venture-co,892,druid,feral,66,29,37
Hotsoncrak,tichondrius,892,druid,feral,26,10,16
Chiknsketti,bleeding-hollow,892,druid,feral,26,10,16
Koag,dalaran,891,druid,feral,29,13,16
Feronnia,sargeras,890,druid,feral,32,10,22
Maaryjo,quelthalas,889,druid,feral,68,30,38
Blackmoose,lethon,885,druid,feral,17,10,7
Vácagada,ragnaros,885,druid,feral,30,10,20
Lotuslove,emerald-dream,883,druid,feral,30,12,18
Pleomorpher,quelthalas,881,druid,feral,48,23,25
Bigherbo,zuljin,872,druid,feral,26,11,15
Pochaso,cenarius,867,druid,feral,40,19,21
Wuarlo,moon-guard,865,druid,feral,115,55,60
Jaegerbombx,sargeras,864,druid,feral,18,9,9
Thaddeusx,illidan,864,druid,feral,22,10,12
Faithxo,stormrage,864,druid,feral,24,9,15
Kobebeef,malganis,864,druid,feral,30,9,21
Parallax,shadowsong,863,druid,feral,18,9,9
Evulse,thrall,863,druid,feral,18,9,9
Gz,icecrown,863,druid,feral,18,9,9
Zoehange,frostmourne,863,druid,feral,18,9,9
Féèd,stormrage,863,druid,feral,18,9,9
Tostaø,ragnaros,863,druid,feral,18,9,9
Thaherb,korgath,863,druid,feral,24,9,15
Abene,tichondrius,863,druid,feral,24,9,15
Purplecat,frostmourne,862,druid,feral,12,9,3
Lunchßox,emerald-dream,862,druid,feral,12,9,3
Handolar,quelthalas,862,druid,feral,18,9,9
Jentzull,tichondrius,862,druid,feral,18,9,9
Morphes,suramar,862,druid,feral,18,9,9
Fullmoon,greymane,862,druid,feral,28,10,18
Mogleyz,stormreaver,862,druid,feral,26,9,17
Chrøniç,illidan,861,druid,feral,12,9,3
Izaràk,frostmourne,861,druid,feral,30,9,21
Drogs,moon-guard,860,druid,feral,24,9,15
Àaron,thrall,859,druid,feral,18,9,9
Drywatter,tichondrius,859,druid,feral,18,9,9
Eliteshift,frostmourne,859,druid,feral,18,9,9
Knauxk,black-dragonflight,859,druid,feral,18,9,9
Shiftyounot,shattered-hand,859,druid,feral,30,9,21
Jonoa,nagrand,858,druid,feral,24,9,15
Bigravioli,ragnaros,854,druid,feral,24,9,15
Bigdeeza,frostmourne,853,druid,feral,37,16,21
Capson,darkspear,853,druid,feral,78,33,45
Drulicious,tichondrius,849,druid,feral,27,13,14
Kaidenn,spirestone,847,druid,feral,12,9,3
Infamouz,stormrage,847,druid,feral,23,9,14
Eclipse,tichondrius,844,druid,feral,102,38,64
Wokoom,windrunner,842,druid,feral,90,37,53
Vämps,area-52,835,druid,feral,135,63,72
Flenser,frostmane,832,druid,feral,46,19,27
Mooncatbear,malganis,831,druid,feral,22,9,13
Fogboom,area-52,830,druid,feral,20,10,10
Dreamfyre,kiljaeden,828,druid,feral,29,9,20
Shartasm,anetheron,822,druid,feral,30,12,18
Pergutory,frostmourne,814,druid,feral,27,9,18
Garuharken,skullcrusher,814,druid,feral,60,17,43
Importedalc,zuljin,813,druid,feral,35,11,24
Feorelm,proudmoore,810,druid,feral,17,9,8
Weezydende,area-52,809,druid,feral,71,25,46
Nephdruid,stormrage,804,druid,feral,30,9,21
Ðjangø,goldrinn,801,druid,feral,17,9,8
Kittyperry,kelthuzad,800,druid,feral,28,9,19
Rogoroff,azralon,797,druid,feral,42,13,29
Robbieshift,emerald-dream,783,druid,feral,28,9,19
Disdeus,bleeding-hollow,770,druid,feral,100,36,64
Metrobloomin,bloodscalp,768,druid,feral,12,8,4
Ollyy,thrall,768,druid,feral,12,8,4
Novacoin,sargeras,768,druid,feral,12,8,4
Cfab,tichondrius,768,druid,feral,12,8,4
Jdown,dalaran,768,druid,feral,12,8,4
Kattles,frostmourne,768,druid,feral,12,8,4
Sweetnippies,elune,768,druid,feral,12,8,4
Jason,vashj,768,druid,feral,12,8,4
Anìmorph,sargeras,768,druid,feral,12,8,4
Salemgomeow,sargeras,768,druid,feral,18,8,10
Sknrd,stormrage,768,druid,feral,18,8,10
Mãsk,stormrage,768,druid,feral,18,8,10
Shiftdeznutz,tichondrius,768,druid,feral,18,8,10
Saltydru,illidan,768,druid,feral,24,8,16
Gouzz,frostmourne,768,druid,feral,24,8,16
Güar,area-52,767,druid,feral,12,8,4
Pokeyouryolk,sargeras,767,druid,feral,12,8,4
Nahelae,tichondrius,767,druid,feral,12,8,4
Kìttykat,stormrage,767,druid,feral,18,8,10
Lazypaw,malganis,767,druid,feral,18,8,10
Mythienair,stormrage,767,druid,feral,18,8,10
Thalerosa,tichondrius,767,druid,feral,18,8,10
ßleepßloop,tichondrius,766,druid,feral,12,8,4
Angulus,darkspear,766,druid,feral,18,8,10
Meõw,tichondrius,766,druid,feral,18,8,10
Grumalzi,moon-guard,766,druid,feral,24,8,16
Notoriouzßig,sargeras,765,druid,feral,18,8,10
Pabag,chogall,765,druid,feral,18,8,10
Bleisseed,quelthalas,765,druid,feral,18,8,10
Deaddpool,ragnaros,764,druid,feral,12,8,4
Davinchii,drakkari,764,druid,feral,18,8,10
Zimah,illidan,764,druid,feral,18,8,10
Raknary,kelthuzad,764,druid,feral,30,8,22
Chucknöürish,dalaran,763,druid,feral,47,16,31
Bebechat,area-52,762,druid,feral,12,8,4
Goorybud,tichondrius,762,druid,feral,12,8,4
Isleyy,tichondrius,760,druid,feral,18,8,10
Ausbie,garona,760,druid,feral,30,10,20
Gamble,the-underbog,760,druid,feral,24,8,16
Mapleesv,stormreaver,759,druid,feral,24,8,16
Novita,garrosh,750,druid,feral,12,8,4
Mychi,ragnaros,748,druid,feral,20,9,11
Trussmii,tichondrius,744,druid,feral,108,38,70
Ladernai,nemesis,744,druid,feral,24,8,16
Nodraent,quelthalas,741,druid,feral,18,8,10
Injail,tichondrius,736,druid,feral,22,8,14
Hyperlite,bonechewer,733,druid,feral,24,9,15
Amoru,moon-guard,714,druid,feral,17,9,8
Notinsanity,proudmoore,714,druid,feral,20,9,11
Élyrias,bleeding-hollow,708,druid,feral,21,9,12
Mazoak,sargeras,703,druid,feral,28,8,20
Byson,bleeding-hollow,702,druid,feral,17,8,9
Psynix,zuljin,688,druid,feral,19,8,11
Earlgrayl,kelthuzad,686,druid,feral,19,8,11
Shakedru,stormrage,684,druid,feral,19,8,11
Austínd,sargeras,672,druid,feral,12,7,5
Elyveen,proudmoore,672,druid,feral,12,7,5
Zðzð,zuljin,672,druid,feral,12,7,5
Dangerclaws,area-52,672,druid,feral,12,7,5
Krobz,bleeding-hollow,672,druid,feral,12,7,5
Isô,sargeras,672,druid,feral,12,7,5
Coolguyzack,stormscale,672,druid,feral,12,7,5
Primalxd,area-52,672,druid,feral,12,7,5
Shalaz,magtheridon,672,druid,feral,12,7,5
Catculator,tichondrius,672,druid,feral,12,7,5
Hypê,tichondrius,672,druid,feral,12,7,5
Lemonnz,illidan,672,druid,feral,18,7,11
Vecuronium,tichondrius,672,druid,feral,18,7,11
Druidman,mugthol,672,druid,feral,18,7,11
Mommyshårk,tichondrius,672,druid,feral,18,7,11
Islayne,moon-guard,672,druid,feral,18,7,11
Rêàgøñ,tichondrius,672,druid,feral,18,7,11
Dailydruid,illidan,672,druid,feral,18,7,11
Muffbfloppn,zuljin,672,druid,feral,18,7,11
Caelüm,area-52,672,druid,feral,24,7,17
Raeize,stormrage,671,druid,feral,12,7,5
Sneekykitty,malygos,671,druid,feral,12,7,5
Happyhotter,proudmoore,671,druid,feral,12,7,5
Zalmo,area-52,671,druid,feral,15,8,7
Wyldanimal,bleeding-hollow,671,druid,feral,18,7,11
Zallo,korgath,671,druid,feral,18,7,11
Duckseasonn,sargeras,671,druid,feral,18,7,11
Corym,frostmourne,671,druid,feral,18,7,11
Ruckiz,stormrage,671,druid,feral,18,7,11
Imnotinhuman,tichondrius,671,druid,feral,18,7,11
Ännä,moon-guard,671,druid,feral,18,7,11
Bearmuda,trollbane,671,druid,feral,18,7,11
Crendorides,bleeding-hollow,671,druid,feral,24,7,17
Rundov,stormrage,671,druid,feral,37,7,30
Erbirus,proudmoore,670,druid,feral,12,7,5
Omgapuddycat,stormrage,670,druid,feral,18,7,11
Moçamba,azralon,670,druid,feral,24,7,17
Lohnar,rivendare,669,druid,feral,18,7,11
Redness,daggerspine,669,druid,feral,18,7,11
Nanassa,spinebreaker,669,druid,feral,18,7,11
Volbourn,amanthul,669,druid,feral,30,7,23
Mawnster,drenden,668,druid,feral,15,8,7
Zeldriss,arthas,668,druid,feral,19,7,12
Jordiët,dalaran,667,druid,feral,12,7,5
Bàkari,stormrage,666,druid,feral,12,7,5
Tynyhands,tichondrius,666,druid,feral,17,7,10
Tatiannaa,stormreaver,665,druid,feral,26,10,16
Decapin,bonechewer,665,druid,feral,23,7,16
Healorhell,azralon,660,druid,feral,40,7,33
Rhaines,moon-guard,656,druid,feral,24,7,17
Chadwickx,illidan,639,druid,feral,11,7,4
Trixzi,korgath,638,druid,feral,17,7,10
Jeanz,bonechewer,632,druid,feral,19,9,10
Meowzetzan,tichondrius,623,druid,feral,11,7,4
Slapymilf,dentarg,623,druid,feral,11,7,4
Shyn,goldrinn,623,druid,feral,21,7,14
Puzzykat,uldum,621,druid,feral,27,7,20
Ninelivez,gorgonnash,618,druid,feral,28,8,20
Weedleaf,wyrmrest-accord,610,druid,feral,20,8,12
Beaker,uldum,605,druid,feral,11,7,4
Änimorph,emerald-dream,604,druid,feral,10,7,3
Kasnar,ragnaros,591,druid,feral,19,7,12
Bigbed,tichondrius,576,druid,feral,6,6,0
Kovux,illidan,576,druid,feral,6,6,0
Ogversaucey,skullcrusher,576,druid,feral,12,6,6
Targandx,tichondrius,576,druid,feral,12,6,6
Hybridxo,kelthuzad,576,druid,feral,12,6,6
Spaléxgu,azralon,576,druid,feral,12,6,6
Bables,tichondrius,576,druid,feral,12,6,6
Grimtreeper,illidan,576,druid,feral,12,6,6
Wilddeity,tichondrius,576,druid,feral,12,6,6
Bootayclappa,sargeras,576,druid,feral,12,6,6
Jungalo,dethecus,576,druid,feral,12,6,6
Lilrichdps,sargeras,576,druid,feral,12,6,6
Chickenboss,ragnaros,576,druid,feral,12,6,6
Thontt,sargeras,576,druid,feral,12,6,6
Honoriodruid,nemesis,576,druid,feral,12,6,6
Parabear,area-52,576,druid,feral,12,6,6
Daniverse,sargeras,576,druid,feral,12,6,6
Bleedinzqt,illidan,576,druid,feral,12,6,6
Rezin,barthilas,576,druid,feral,12,6,6
Nelfwaifú,area-52,576,druid,feral,12,6,6
Cíphenz,illidan,576,druid,feral,12,6,6
Sàbrè,darkspear,576,druid,feral,12,6,6
Bloodyhooves,kiljaeden,576,druid,feral,12,6,6
Hotmomlover,malganis,576,druid,feral,12,6,6
Alyxsandr,dalaran,576,druid,feral,12,6,6
Negatòry,tichondrius,576,druid,feral,12,6,6
Jinhova,stormrage,576,druid,feral,15,6,9
Asaptom,frostmourne,576,druid,feral,18,6,12
Emotionally,illidan,576,druid,feral,18,6,12
Mameseph,lightnings-blade,576,druid,feral,18,6,12
Rebrrth,antonidas,576,druid,feral,18,6,12
Clamchaddy,tichondrius,576,druid,feral,24,6,18
Zazishi,zuljin,575,druid,feral,6,6,0
Omnilul,zuljin,575,druid,feral,12,6,6
Hekhek,azjolnerub,575,druid,feral,12,6,6
Druishcat,dark-iron,575,druid,feral,12,6,6
Austîn,moon-guard,575,druid,feral,12,6,6
Chupaone,dalaran,575,druid,feral,12,6,6
Fireeloot,tichondrius,575,druid,feral,12,6,6
Allenjunior,ragnaros,575,druid,feral,12,6,6
Treebearman,thrall,575,druid,feral,12,6,6
Wulfjack,emerald-dream,575,druid,feral,12,6,6
Bästakatten,tichondrius,575,druid,feral,15,7,8
Paintmile,thunderlord,575,druid,feral,18,6,12
Thorñ,cenarius,575,druid,feral,18,6,12
Nextmonth,tichondrius,575,druid,feral,18,6,12
Strixferal,zuljin,575,druid,feral,18,6,12
Catorcow,aegwynn,575,druid,feral,19,6,13
Arbour,stormrage,575,druid,feral,24,6,18
Beelzehog,whisperwind,574,druid,feral,12,6,6
Drailyo,ravenholdt,574,druid,feral,18,6,12
Swánn,firetree,574,druid,feral,18,6,12
Imass,draka,573,druid,feral,18,6,12
Avestruz,azralon,572,druid,feral,12,6,6
Udala,durotan,572,druid,feral,14,6,8
Expells,nemesis,569,druid,feral,18,6,12
Rawrii,nemesis,567,druid,feral,12,6,6
Ssimbaa,area-52,563,druid,feral,18,6,12
Oxentoes,sargeras,559,druid,feral,17,7,10
Wodferalz,proudmoore,553,druid,feral,19,10,9
Dullbozer,thrall,543,druid,feral,11,6,5
Druidcyber,stormrage,543,druid,feral,16,6,10
Anniehall,stormrage,543,druid,feral,17,6,11
Lémons,tichondrius,542,druid,feral,17,6,11
Fanaror,frostmourne,529,druid,feral,104,48,56
Wtfimacat,area-52,527,druid,feral,11,6,5
Maplesyrup,moonrunner,527,druid,feral,17,6,11
Fernés,proudmoore,526,druid,feral,11,6,5
Wierdosaur,azralon,524,druid,feral,15,6,9
Ripx,khadgar,522,druid,feral,16,7,9
Centimoose,area-52,521,druid,feral,13,7,6
Kajla,sargeras,521,druid,feral,22,7,15
Shadalor,frostmourne,512,druid,feral,16,6,10
Ashvir,wyrmrest-accord,511,druid,feral,11,6,5
Cokanebear,garrosh,511,druid,feral,14,6,8
Kilbys,nemesis,510,druid,feral,8,6,2
Iamatomic,illidan,509,druid,feral,20,6,14
Worgbearpig,destromath,496,druid,feral,13,6,7
Gloomcat,illidan,480,druid,feral,6,5,1
Flompstomper,skullcrusher,480,druid,feral,6,5,1
Creamybutter,illidan,480,druid,feral,6,5,1
Idiotdruid,ragnaros,480,druid,feral,6,5,1
Hermes,moon-guard,480,druid,feral,6,5,1
Taurinhe,area-52,480,druid,feral,6,5,1
Wallabare,proudmoore,480,druid,feral,6,5,1
Dës,sargeras,480,druid,feral,6,5,1
Exxh,tichondrius,480,druid,feral,6,5,1
Bleèd,stormrage,480,druid,feral,6,5,1
Nbnbnb,proudmoore,480,druid,feral,6,5,1
Choolah,area-52,480,druid,feral,12,5,7
Cudlybear,bleeding-hollow,480,druid,feral,12,5,7
Karizikat,tichondrius,480,druid,feral,12,5,7
Frizzle,onyxia,480,druid,feral,12,5,7
Samuraicat,frostmourne,480,druid,feral,12,5,7
Sunmoons,hydraxis,480,druid,feral,12,5,7
Zeratull,cenarius,480,druid,feral,12,5,7
Vico,azralon,480,druid,feral,12,5,7
Marshanlynch,korgath,480,druid,feral,12,5,7
Zululu,dalaran,480,druid,feral,12,5,7
Honeybeam,moon-guard,480,druid,feral,12,5,7
Topangâ,lightninghoof,480,druid,feral,12,5,7
Meowf,tichondrius,480,druid,feral,12,5,7
Lurky,dalvengyr,480,druid,feral,12,5,7
Ragingcloner,tichondrius,480,druid,feral,12,5,7
Frenzyirl,darkspear,480,druid,feral,12,5,7
Shredupboo,illidan,480,druid,feral,12,5,7
Syringe,norgannon,480,druid,feral,12,5,7
Feralhearted,kelthuzad,480,druid,feral,12,5,7
Amadri,malganis,480,druid,feral,12,5,7
Breaderbear,emerald-dream,480,druid,feral,12,5,7
Acés,shattered-halls,480,druid,feral,12,5,7
Cenarius,frostmourne,480,druid,feral,12,5,7
Bloodyugly,area-52,480,druid,feral,12,5,7
Gunnymad,tichondrius,480,druid,feral,12,5,7
Lilrichdmg,sargeras,480,druid,feral,12,5,7
Loamie,proudmoore,480,druid,feral,12,5,7
Veryhighrn,area-52,480,druid,feral,12,5,7
Ezconvoke,sargeras,480,druid,feral,12,5,7
Bearstrength,azralon,480,druid,feral,12,5,7
Jericodru,trollbane,480,druid,feral,12,5,7
Fredolay,tichondrius,480,druid,feral,13,5,8
Teancookies,tichondrius,480,druid,feral,18,5,13
Maplêleaf,moon-guard,480,druid,feral,18,5,13
Funfunfrank,aegwynn,480,druid,feral,18,5,13
Purrcat,tichondrius,480,druid,feral,18,5,13
Lycanjungle,azralon,480,druid,feral,18,5,13
Atreis,malganis,480,druid,feral,18,5,13
Oneninesix,frostmourne,480,druid,feral,18,5,13
Bere,kul-tiras,480,druid,feral,18,5,13
Solumterra,moon-guard,480,druid,feral,24,5,19
Omnisyst,burning-blade,479,druid,feral,12,5,7
Malfurionis,tichondrius,479,druid,feral,12,5,7
Balthøs,moon-guard,479,druid,feral,12,5,7
Calani,lightnings-blade,479,druid,feral,12,5,7
Lookingdead,fenris,479,druid,feral,12,5,7
Nisheon,wyrmrest-accord,479,druid,feral,12,5,7
Animalcade,area-52,479,druid,feral,12,5,7
Elsancho,stormreaver,479,druid,feral,12,5,7
Hawthòrn,bloodscalp,479,druid,feral,12,5,7
Icecrackin,bloodscalp,479,druid,feral,12,5,7
Tootiebootie,bleeding-hollow,479,druid,feral,12,5,7
Harrystun,hyjal,479,druid,feral,12,5,7
Ysemia,drakkari,479,druid,feral,14,5,9
Moonkingx,ragnaros,479,druid,feral,17,5,12
Scarymon,tichondrius,479,druid,feral,18,5,13
Bigoldbear,moon-guard,479,druid,feral,24,5,19
Madador,bleeding-hollow,478,druid,feral,18,5,13
Ccb,chogall,478,druid,feral,18,5,13
Levincy,thrall,477,druid,feral,6,5,1
Cummewumme,stormrage,476,druid,feral,12,5,7
Scannor,illidan,474,druid,feral,12,5,7
Feralhearted,tichondrius,463,druid,feral,17,5,12
Gefetnix,cenarion-circle,461,druid,feral,30,5,25
Fusions,sargeras,447,druid,feral,11,5,6
Lilvampp,kelthuzad,447,druid,feral,16,5,11
Scaryy,kelthuzad,447,druid,feral,22,5,17
Kogti,malganis,446,druid,feral,10,6,4
Moonrg,stormrage,431,druid,feral,11,5,6
Njordbjørn,sargeras,431,druid,feral,11,5,6
Moocka,ragnaros,431,druid,feral,15,5,10
Jabek,duskwood,424,druid,feral,23,7,16
Drewiid,stormrage,421,druid,feral,21,7,14
Leemoon,ragnaros,416,druid,feral,10,5,5
Yunekai,stormrage,415,druid,feral,11,5,6
Vaelthunis,sargeras,400,druid,feral,13,5,8
Gwën,dalaran,384,druid,feral,6,4,2
Beastkong,dalaran,384,druid,feral,6,4,2
Slackoth,dalaran,384,druid,feral,6,4,2
Nïm,sargeras,384,druid,feral,6,4,2
Madhots,spirestone,384,druid,feral,6,4,2
Moondex,maelstrom,384,druid,feral,6,4,2
Douchebear,kelthuzad,384,druid,feral,6,4,2
Metamorfis,malorne,384,druid,feral,6,4,2
Xrw,kelthuzad,384,druid,feral,6,4,2
Macaronitime,area-52,384,druid,feral,6,4,2
Srwow,elune,384,druid,feral,6,4,2
Robomexi,tichondrius,384,druid,feral,6,4,2
Xoán,area-52,384,druid,feral,6,4,2
Nâturê,dalaran,384,druid,feral,6,4,2
Predatory,grizzly-hills,384,druid,feral,6,4,2
Ñòpé,tichondrius,384,druid,feral,6,4,2
Boostgu,illidan,384,druid,feral,6,4,2
Kaldiel,ysera,384,druid,feral,6,4,2
Torofarmeon,quelthalas,384,druid,feral,6,4,2
Zflop,azralon,384,druid,feral,6,4,2
Rouxel,emerald-dream,384,druid,feral,6,4,2
Cloneyourmom,sargeras,384,druid,feral,6,4,2
Stepkickcorz,frostmourne,384,druid,feral,6,4,2
Drinkmymoon,darkspear,384,druid,feral,6,4,2
Softkity,area-52,384,druid,feral,6,4,2
Curet,lightbringer,384,druid,feral,6,4,2
Furrari,frostmourne,384,druid,feral,6,4,2
Titiica,azralon,384,druid,feral,6,4,2
Papamason,tichondrius,384,druid,feral,6,4,2
Lharast,stormrage,384,druid,feral,6,4,2
Feltcute,burning-legion,384,druid,feral,6,4,2
Bearcathawk,sargeras,384,druid,feral,6,4,2
Steamerboi,stormrage,384,druid,feral,6,4,2
Zoomchicken,stormrage,384,druid,feral,6,4,2
Menapaws,muradin,384,druid,feral,6,4,2
Wìllferall,zuljin,384,druid,feral,6,4,2
Toiiz,malganis,384,druid,feral,9,4,5
Genuine,guldan,384,druid,feral,11,4,7
Toetoetoete,darrowmere,384,druid,feral,12,4,8
Plantdaddy,bladefist,384,druid,feral,12,4,8
Gernichora,barthilas,384,druid,feral,12,4,8
Moohok,bleeding-hollow,384,druid,feral,12,4,8
Hellabanx,tichondrius,384,druid,feral,12,4,8
Gaashh,bloodscalp,384,druid,feral,12,4,8
Freshzk,azralon,384,druid,feral,12,4,8
Nickarc,illidan,384,druid,feral,12,4,8
Acdru,tichondrius,384,druid,feral,12,4,8
Sellîas,senjin,384,druid,feral,12,4,8
Riec,kiljaeden,384,druid,feral,12,4,8
Yakir,kiljaeden,384,druid,feral,12,4,8
Quiziato,burning-legion,384,druid,feral,12,4,8
Alaillais,moon-guard,384,druid,feral,12,4,8
Weeñor,tichondrius,384,druid,feral,12,4,8
Thalvannas,nazjatar,384,druid,feral,12,4,8
Timthecatman,frostmourne,384,druid,feral,12,4,8
Sweatyclaws,bleeding-hollow,384,druid,feral,12,4,8
Actioncat,emerald-dream,384,druid,feral,12,4,8
Dragnformplz,magtheridon,384,druid,feral,12,4,8
Feralgød,tichondrius,384,druid,feral,12,4,8
Binjuicex,frostmourne,384,druid,feral,12,4,8
Windded,area-52,384,druid,feral,12,4,8
Iamfynch,sargeras,384,druid,feral,12,4,8
Auxl,tichondrius,384,druid,feral,12,4,8
Pansensual,archimonde,384,druid,feral,12,4,8
Lóríen,thrall,384,druid,feral,12,4,8
Carnumoose,zuljin,384,druid,feral,12,4,8
Kokujin,proudmoore,384,druid,feral,12,4,8
Onewitnature,nordrassil,384,druid,feral,12,4,8
Natureswang,bleeding-hollow,384,druid,feral,12,4,8
Sample,dark-iron,384,druid,feral,12,4,8
Elmachina,tichondrius,384,druid,feral,12,4,8
Timdillon,emerald-dream,384,druid,feral,12,4,8
Müfasä,azralon,384,druid,feral,12,4,8
Bolthor,wyrmrest-accord,384,druid,feral,12,4,8
Yakuho,proudmoore,384,druid,feral,12,4,8
Anzoô,illidan,384,druid,feral,12,4,8
Völlmond,illidan,384,druid,feral,12,4,8
Heìrophant,trollbane,384,druid,feral,12,4,8
Kollective,sargeras,384,druid,feral,12,4,8
Bomani,ragnaros,384,druid,feral,12,4,8
Puiltraxs,ragnaros,384,druid,feral,16,5,11
Ferril,drenden,384,druid,feral,13,4,9
Pereréka,azralon,384,druid,feral,14,4,10
Naastir,medivh,384,druid,feral,14,4,10
Nxndruid,tichondrius,384,druid,feral,18,4,14
Apothe,emerald-dream,384,druid,feral,18,4,14
Pollykush,sargeras,384,druid,feral,18,4,14
Colinferal,thrall,384,druid,feral,18,4,14
Carlosd,tichondrius,384,druid,feral,18,4,14
Bronaarr,nordrassil,384,druid,feral,18,4,14
Riverthorne,moon-guard,384,druid,feral,18,4,14
Startalons,area-52,384,druid,feral,18,4,14
Feles,darkspear,383,druid,feral,15,5,10
Pröfëct,ragnaros,383,druid,feral,12,4,8
Mfgs,kelthuzad,383,druid,feral,12,4,8
Jamesbailey,sargeras,383,druid,feral,12,4,8
Shoboski,quelthalas,383,druid,feral,12,4,8
Porrosman,quelthalas,383,druid,feral,12,4,8
Ozwaldo,illidan,383,druid,feral,12,4,8
Ruwkia,stormrage,383,druid,feral,12,4,8
Bramth,quelthalas,383,druid,feral,12,4,8
Malamew,antonidas,383,druid,feral,14,4,10
Illusiønize,azralon,383,druid,feral,18,4,14
Mogli,perenolde,383,druid,feral,30,4,26
Trickybianca,aerie-peak,383,druid,feral,36,4,32
Díc,drakkari,382,druid,feral,12,4,8
Velying,dalaran,382,druid,feral,18,4,14
Quaektem,bloodhoof,379,druid,feral,25,4,21
Zyila,garithos,367,druid,feral,11,4,7
Gordisimo,sargeras,367,druid,feral,11,4,7
Eightyhd,ravencrest,351,druid,feral,11,4,7
Rainbowsix,sargeras,347,druid,feral,11,4,7
Prowlâr,jubeithos,336,druid,feral,15,4,11
Yerdnax,ragnaros,335,druid,feral,11,4,7
Yizhiyuren,aegwynn,330,druid,feral,15,6,9
Defku,quelthalas,330,druid,feral,28,6,22
Bowbaggins,bleeding-hollow,318,druid,feral,10,4,6
Illclawyouup,tichondrius,288,druid,feral,6,3,3
Balnara,cenarius,288,druid,feral,6,3,3
Dairycream,skullcrusher,288,druid,feral,6,3,3
Elythria,hellscream,288,druid,feral,6,3,3
Opconvoke,illidan,288,druid,feral,6,3,3
Jonesy,zuluhed,288,druid,feral,6,3,3
Enti,sargeras,288,druid,feral,6,3,3
Katatafish,azralon,288,druid,feral,6,3,3
Ahhpalu,tichondrius,288,druid,feral,6,3,3
Kardien,quelthalas,288,druid,feral,6,3,3
Tasselhoof,hyjal,288,druid,feral,6,3,3
Insatiablé,azralon,288,druid,feral,6,3,3
Jungledíff,ragnaros,288,druid,feral,6,3,3
Sylesria,moon-guard,288,druid,feral,6,3,3
Anuufal,fizzcrank,288,druid,feral,6,3,3
Rígél,ragnaros,288,druid,feral,6,3,3
Jeperty,tichondrius,288,druid,feral,6,3,3
Taurenasarus,area-52,288,druid,feral,6,3,3
Posmard,ragnaros,288,druid,feral,6,3,3
Ñazary,thrall,288,druid,feral,6,3,3
Itaiipava,azralon,288,druid,feral,6,3,3
Octeviia,illidan,288,druid,feral,6,3,3
Øvernight,azralon,288,druid,feral,6,3,3
Nytecrawler,bonechewer,288,druid,feral,6,3,3
Donutdruid,illidan,288,druid,feral,6,3,3
Bubbleshiftz,area-52,288,druid,feral,6,3,3
Celetra,kiljaeden,288,druid,feral,6,3,3
Heretoleaf,tichondrius,288,druid,feral,6,3,3
Read,boulderfist,288,druid,feral,6,3,3
Steakjr,senjin,288,druid,feral,6,3,3
Tokyocat,sargeras,288,druid,feral,6,3,3
Tigriss,malganis,288,druid,feral,6,3,3
Sapplox,sargeras,288,druid,feral,6,3,3
Sõlenya,draka,288,druid,feral,6,3,3
Espoir,azuremyst,288,druid,feral,6,3,3
Owlcapwn,stormreaver,288,druid,feral,6,3,3
Grrayfox,azralon,288,druid,feral,6,3,3
Dramon,tichondrius,288,druid,feral,6,3,3
Frrest,proudmoore,288,druid,feral,6,3,3
Calph,kelthuzad,288,druid,feral,6,3,3
Rootchan,azralon,288,druid,feral,6,3,3
Ausfall,area-52,288,druid,feral,6,3,3
Ghostcats,proudmoore,288,druid,feral,6,3,3
Gâlaxy,sargeras,288,druid,feral,6,3,3
Arienne,kelthuzad,288,druid,feral,6,3,3
Thecolortwoo,tichondrius,288,druid,feral,6,3,3
Bigskeeve,sargeras,288,druid,feral,6,3,3
Mcnerd,sargeras,288,druid,feral,6,3,3
Datlogan,tichondrius,288,druid,feral,6,3,3
Nichodameus,firetree,288,druid,feral,6,3,3
Ysero,area-52,288,druid,feral,6,3,3
Silit,tichondrius,288,druid,feral,6,3,3
Nahualis,tichondrius,288,druid,feral,6,3,3
Feraljake,tichondrius,288,druid,feral,6,3,3
Myrlith,drenden,288,druid,feral,6,3,3
Nassoj,area-52,288,druid,feral,6,3,3
Hitchslaps,tichondrius,288,druid,feral,6,3,3
Injeckx,tichondrius,288,druid,feral,6,3,3
Askmeaboutmy,shattered-halls,288,druid,feral,6,3,3
Pissoutside,frostmourne,288,druid,feral,6,3,3
Riddickd,malfurion,288,druid,feral,6,3,3
Floridaman,moonrunner,288,druid,feral,6,3,3
Svarun,jubeithos,288,druid,feral,6,3,3
Fancyprance,dalaran,288,druid,feral,6,3,3
Sarenko,jubeithos,288,druid,feral,6,3,3
Lahgit,frostmourne,288,druid,feral,6,3,3
Cwísp,dalaran,288,druid,feral,6,3,3
Krishcat,azshara,288,druid,feral,6,3,3
Kíttypunch,bleeding-hollow,288,druid,feral,6,3,3
Frestydrul,stormrage,288,druid,feral,6,3,3
Robbas,stormrage,288,druid,feral,6,3,3
Kilingspree,frostmourne,288,druid,feral,6,3,3
Purrfact,frostmourne,288,druid,feral,6,3,3
Hyldru,stormrage,288,druid,feral,6,3,3
Trylzz,stormrage,288,druid,feral,6,3,3
Benaveth,moon-guard,288,druid,feral,9,4,5
Cläwwz,tichondrius,288,druid,feral,9,4,5
Pune,altar-of-storms,288,druid,feral,7,3,4
Barnabie,black-dragonflight,288,druid,feral,10,4,6
Moolord,eonar,288,druid,feral,8,3,5
Yutherl,moon-guard,288,druid,feral,12,3,9
Pawpaw,terenas,288,druid,feral,12,3,9
Unclebolty,frostmourne,288,druid,feral,12,3,9
Lilnippy,stormscale,288,druid,feral,12,3,9
Näna,dalaran,288,druid,feral,12,3,9
Vivinara,moon-guard,288,druid,feral,12,3,9
Ilovegrace,moon-guard,288,druid,feral,12,3,9
Treeguard,emerald-dream,288,druid,feral,12,3,9
Naaldlooshii,laughing-skull,288,druid,feral,12,3,9
Mcworphy,stormrage,288,druid,feral,12,3,9
Krawnk,zuljin,288,druid,feral,12,3,9
Nighetager,uther,288,druid,feral,12,3,9
Tchallå,tichondrius,288,druid,feral,12,3,9
Uniquex,zuljin,288,druid,feral,12,3,9
Sosorry,blackhand,288,druid,feral,12,3,9
Hídde,quelthalas,288,druid,feral,12,3,9
Oo,grizzly-hills,288,druid,feral,12,3,9
Lovemakitty,sargeras,288,druid,feral,12,3,9
Snoww,moonrunner,288,druid,feral,12,3,9
Illr,laughing-skull,288,druid,feral,12,3,9
Zyrhek,quelthalas,288,druid,feral,12,3,9
Flushi,nagrand,288,druid,feral,12,3,9
Vorare,tichondrius,288,druid,feral,12,3,9
Rivetrix,azralon,288,druid,feral,12,3,9
Cattdog,tichondrius,288,druid,feral,12,3,9
Madbuffs,nemesis,288,druid,feral,12,3,9
Xanjo,kiljaeden,288,druid,feral,12,3,9
Treezymeezy,proudmoore,288,druid,feral,12,3,9
Zetlolc,tichondrius,288,druid,feral,12,3,9
Èlunë,andorhal,288,druid,feral,18,3,15
Mikeyshifts,tichondrius,288,druid,feral,18,3,15
Mákeitnasty,tichondrius,288,druid,feral,18,3,15
Sylvanthorn,moon-guard,288,druid,feral,18,3,15
Zaknáfein,moon-guard,288,druid,feral,18,3,15
Denaye,tichondrius,288,druid,feral,18,3,15
Naebliss,arygos,288,druid,feral,18,3,15
Iamthewambo,bloodhoof,288,druid,feral,30,3,27
Extremeshift,dalaran,287,druid,feral,8,4,4
Twoworldz,tichondrius,287,druid,feral,6,3,3
Affe,tichondrius,287,druid,feral,6,3,3
Boompower,darkspear,287,druid,feral,6,3,3
Ånxiety,skullcrusher,287,druid,feral,6,3,3
Keepitrawr,tichondrius,287,druid,feral,6,3,3
Rosalba,zuljin,287,druid,feral,49,13,36
Absoles,agamaggan,287,druid,feral,12,3,9
Schwiftea,skullcrusher,287,druid,feral,12,3,9
Nast,dreadmaul,287,druid,feral,12,3,9
Zalledori,thrall,287,druid,feral,12,3,9
Spartanlxl,zuljin,287,druid,feral,12,3,9
Psychosis,kul-tiras,285,druid,feral,12,3,9
Wardruidkvn,stormreaver,285,druid,feral,12,3,9
Kétð,tichondrius,255,druid,feral,14,4,10
Punderful,stormrage,254,druid,feral,10,4,6
Trippykitty,tichondrius,240,druid,feral,9,3,6
Taydollasign,blackrock,239,druid,feral,5,3,2
Yámï,stormrage,239,druid,feral,5,3,2
Orakuru,barthilas,239,druid,feral,11,3,8
Worldly,medivh,223,druid,feral,14,3,11
Pél,tichondrius,223,druid,feral,14,3,11
Moistcream,tichondrius,208,druid,feral,7,3,4
Sâvâge,thrall,208,druid,feral,13,3,10
Feraldudu,illidan,192,druid,feral,4,3,1
Pecopeco,sargeras,192,druid,feral,6,2,4
Theliverklng,sargeras,192,druid,feral,6,2,4
Pusscat,illidan,192,druid,feral,6,2,4
Rigotakz,illidan,192,druid,feral,6,2,4
Yépp,sargeras,192,druid,feral,6,2,4
Basichoe,bleeding-hollow,192,druid,feral,6,2,4
Therooster,whisperwind,192,druid,feral,6,2,4
Perlek,bleeding-hollow,192,druid,feral,6,2,4
Katskratch,sargeras,192,druid,feral,6,2,4
Manwool,illidan,192,druid,feral,6,2,4
Bäldark,illidan,192,druid,feral,6,2,4
Wdruid,sargeras,192,druid,feral,6,2,4
Ðjango,goldrinn,192,druid,feral,6,2,4
Sçotty,sargeras,192,druid,feral,6,2,4
Wreckked,sargeras,192,druid,feral,6,2,4
Laymonath,elune,192,druid,feral,6,2,4
Vctrphs,nemesis,192,druid,feral,6,2,4
Vivianma,illidan,192,druid,feral,6,2,4
Prosperz,dalaran,192,druid,feral,6,2,4
Zevar,bleeding-hollow,192,druid,feral,6,2,4
Pathostos,dalaran,192,druid,feral,6,2,4
Sadsex,illidan,192,druid,feral,6,2,4
Makuro,bleeding-hollow,192,druid,feral,6,2,4
Psycloned,magtheridon,192,druid,feral,6,2,4
Bigbadjoe,emerald-dream,192,druid,feral,6,2,4
Klawzy,thrall,192,druid,feral,6,2,4
Kanadae,thrall,192,druid,feral,6,2,4
Bdsurges,illidan,192,druid,feral,6,2,4
Kumataku,emerald-dream,192,druid,feral,6,2,4
Aurajin,spinebreaker,192,druid,feral,6,2,4
Fulmerethine,emerald-dream,192,druid,feral,6,2,4
Anudi,whisperwind,192,druid,feral,6,2,4
Nabious,malganis,192,druid,feral,6,2,4
Touchmyroot,frostmourne,192,druid,feral,6,2,4
Snupy,area-52,192,druid,feral,6,2,4
Loadie,frostmourne,192,druid,feral,6,2,4
Nurturing,wyrmrest-accord,192,druid,feral,6,2,4
Bullbuddy,wyrmrest-accord,192,druid,feral,6,2,4
Usedmaxi,lightbringer,192,druid,feral,6,2,4
Rizzit,wyrmrest-accord,192,druid,feral,6,2,4
Xyhal,draka,192,druid,feral,6,2,4
Bwara,azralon,192,druid,feral,6,2,4
Geno,cenarius,192,druid,feral,6,2,4
Kurakai,runetotem,192,druid,feral,6,2,4
Lavanca,azralon,192,druid,feral,6,2,4
Dysexlicdr,velen,192,druid,feral,6,2,4
Serrabee,area-52,192,druid,feral,6,2,4
Crafty,jubeithos,192,druid,feral,6,2,4
Férax,area-52,192,druid,feral,6,2,4
Souliers,zuljin,192,druid,feral,6,2,4
Surgizalot,hyjal,192,druid,feral,6,2,4
Artsoneaux,proudmoore,192,druid,feral,6,2,4
Tilly,malorne,192,druid,feral,6,2,4
Dreadonly,tichondrius,192,druid,feral,6,2,4
Rockbrávo,stormrage,192,druid,feral,6,2,4
Eliaris,rivendare,192,druid,feral,6,2,4
Fødaødruida,azralon,192,druid,feral,6,2,4
Estuvez,twisting-nether,192,druid,feral,6,2,4
Augus,hyjal,192,druid,feral,6,2,4
Aethorax,hyjal,192,druid,feral,6,2,4
Grimfang,shadowmoon,192,druid,feral,6,2,4
Centari,tichondrius,192,druid,feral,6,2,4
Icastsmells,tichondrius,192,druid,feral,6,2,4
Driftwood,bonechewer,192,druid,feral,6,2,4
Metaldruid,tichondrius,192,druid,feral,6,2,4
Wolfles,frostmourne,192,druid,feral,6,2,4
Bigxworm,gurubashi,192,druid,feral,6,2,4
Dankbite,doomhammer,192,druid,feral,6,2,4
Drustdoit,malorne,192,druid,feral,6,2,4
Tauretari,tichondrius,192,druid,feral,6,2,4
Athious,moon-guard,192,druid,feral,6,2,4
Slimh,stormrage,192,druid,feral,6,2,4
Akelily,tichondrius,192,druid,feral,6,2,4
Druidsgodown,llane,192,druid,feral,6,2,4
Selfplay,barthilas,192,druid,feral,6,2,4
Barrah,barthilas,192,druid,feral,6,2,4
Apace,stonemaul,192,druid,feral,6,2,4
Mustáfah,ragnaros,192,druid,feral,6,2,4
Nakte,area-52,192,druid,feral,6,2,4
Mahadevi,moonrunner,192,druid,feral,6,2,4
Keithmoonkin,area-52,192,druid,feral,6,2,4
Shinoßi,area-52,192,druid,feral,6,2,4
Sítkä,ragnaros,192,druid,feral,6,2,4
Nyanyahoshi,proudmoore,192,druid,feral,6,2,4
Crypticdrood,proudmoore,192,druid,feral,6,2,4
Uphine,area-52,192,druid,feral,6,2,4
Buyadoge,area-52,192,druid,feral,6,2,4
Apocalyptoe,proudmoore,192,druid,feral,6,2,4
Milezy,area-52,192,druid,feral,6,2,4
Kai,spirestone,192,druid,feral,6,2,4
Majdomoterry,proudmoore,192,druid,feral,6,2,4
Manawhisker,area-52,192,druid,feral,6,2,4
Evantheomni,tichondrius,192,druid,feral,6,2,4
Songinsea,tichondrius,192,druid,feral,6,2,4
Meatspecial,malganis,192,druid,feral,6,2,4
Varietypack,antonidas,192,druid,feral,6,2,4
Karpin,area-52,192,druid,feral,6,2,4
Tedrithal,moon-guard,192,druid,feral,6,2,4
Stolenrims,tichondrius,192,druid,feral,6,2,4
Asmondruud,tichondrius,192,druid,feral,6,2,4
Haegur,tichondrius,192,druid,feral,6,2,4
Ikova,frostmourne,192,druid,feral,6,2,4
Taztoc,stormrage,192,druid,feral,6,2,4
Tigerbalm,tichondrius,192,druid,feral,6,2,4
Pwoons,tichondrius,192,druid,feral,6,2,4
Numbkin,stormrage,192,druid,feral,6,2,4
Ddkoi,frostmourne,192,druid,feral,6,2,4
Theliono,lightnings-blade,192,druid,feral,6,2,4
Lilstuped,tichondrius,192,druid,feral,6,2,4
Kikothecat,burning-blade,192,druid,feral,6,2,4
Samsaralol,tichondrius,192,druid,feral,6,2,4
Hehaw,kelthuzad,192,druid,feral,6,2,4
Meaningfully,kelthuzad,192,druid,feral,6,2,4
Deigons,quelthalas,192,druid,feral,6,2,4
Catmóm,tichondrius,192,druid,feral,6,2,4
Kittycatman,tichondrius,192,druid,feral,6,2,4
Hännibal,hydraxis,192,druid,feral,6,2,4
Restyblazed,sargeras,192,druid,feral,9,2,7
Tutankamøn,ragnaros,192,druid,feral,11,2,9
Guy,drakthul,192,druid,feral,12,2,10
Sever,ysera,192,druid,feral,12,2,10
Moosesolini,chogall,192,druid,feral,12,2,10
Samully,area-52,192,druid,feral,12,2,10
Seyala,moon-guard,192,druid,feral,12,2,10
Feathersnow,moon-guard,192,druid,feral,12,2,10
Àcid,stormreaver,192,druid,feral,12,2,10
Chaurli,hyjal,192,druid,feral,12,2,10
Pawz,windrunner,192,druid,feral,12,2,10
Shadedmika,zuljin,192,druid,feral,12,2,10
Drabo,boulderfist,192,druid,feral,12,2,10
Kangyoku,aegwynn,192,druid,feral,12,2,10
Ciggy,maiev,192,druid,feral,12,2,10
Acórn,frostmourne,192,druid,feral,12,2,10
Nerfdemo,kiljaeden,192,druid,feral,12,2,10
Noktua,moon-guard,192,druid,feral,12,2,10
Codieneme,blades-edge,192,druid,feral,12,2,10
Hairykin,blades-edge,192,druid,feral,12,2,10
Astralbeast,frostmourne,192,druid,feral,12,2,10
Faroo,azralon,192,druid,feral,12,2,10
Jawsbee,emerald-dream,192,druid,feral,12,2,10
Envasions,emerald-dream,192,druid,feral,12,2,10
Happyc,bleeding-hollow,192,druid,feral,12,2,10
Merxxotass,area-52,192,druid,feral,13,2,11
Rorhenn,moon-guard,192,druid,feral,18,2,16
Boomanon,illidan,191,druid,feral,6,2,4
Brodaciouss,durotan,191,druid,feral,6,2,4
Moonkanon,tichondrius,191,druid,feral,6,2,4
Baanell,kiljaeden,191,druid,feral,12,2,10
Maxsonmaximo,sargeras,191,druid,feral,12,2,10
Liightbite,illidan,191,druid,feral,12,2,10
Blackcatvibe,sargeras,191,druid,feral,12,2,10
Mmrborrower,icecrown,160,druid,feral,10,2,8
Jdoozie,bleeding-hollow,159,druid,feral,5,2,3
Kipsmiffly,darkspear,128,druid,feral,4,2,2
Moonxmox,aegwynn,128,druid,feral,4,2,2
Dobrman,sargeras,127,druid,feral,8,2,6
Daesperien,tichondrius,96,druid,feral,6,1,5
Ghostboy,zuljin,96,druid,feral,6,1,5
Remeta,tichondrius,96,druid,feral,6,1,5
Fuzzwuzzyqt,tichondrius,96,druid,feral,6,1,5
Sweetiefoxx,tichondrius,96,druid,feral,6,1,5
Feralhefty,stormrage,96,druid,feral,6,1,5
Lostctrl,sargeras,96,druid,feral,6,1,5
Ticømia,stormrage,96,druid,feral,6,1,5
Samedo,sargeras,96,druid,feral,6,1,5
Harlisu,stormrage,96,druid,feral,6,1,5
Rakex,tichondrius,96,druid,feral,6,1,5
Sangsan,tichondrius,96,druid,feral,6,1,5
Frëýá,bleeding-hollow,96,druid,feral,6,1,5
Ärianagrande,stormrage,96,druid,feral,6,1,5
Purpyo,bleeding-hollow,96,druid,feral,6,1,5
Gamerdaddydd,tichondrius,96,druid,feral,6,1,5
Tuskdaddie,sargeras,96,druid,feral,6,1,5
Droody,earthen-ring,96,druid,feral,6,1,5
Gúdru,zuljin,96,druid,feral,6,1,5
Wodbisxpac,sargeras,96,druid,feral,6,1,5
Shlümp,tichondrius,96,druid,feral,6,1,5
Jijunss,tichondrius,96,druid,feral,6,1,5
Swippy,blackhand,96,druid,feral,6,1,5
Ragiix,tichondrius,96,druid,feral,6,1,5
Adasdas,stormrage,96,druid,feral,6,1,5
Ashmíla,ragnaros,96,druid,feral,6,1,5
Bosscarri,ragnaros,96,druid,feral,6,1,5
Manottas,ragnaros,96,druid,feral,6,1,5
Hadzumi,quelthalas,96,druid,feral,6,1,5
Snowmar,sargeras,96,druid,feral,6,1,5
Valdr,stormrage,96,druid,feral,6,1,5
Snw,sargeras,96,druid,feral,6,1,5
Slep,tichondrius,96,druid,feral,6,1,5
Ahnsuk,bleeding-hollow,96,druid,feral,6,1,5
Yungle,tichondrius,96,druid,feral,6,1,5
Arôn,stormreaver,96,druid,feral,6,1,5
Hasemilë,dalaran,96,druid,feral,6,1,5
Sharialawl,stormreaver,96,druid,feral,6,1,5
Benjaferal,malganis,96,druid,feral,6,1,5
Astralrider,chogall,96,druid,feral,6,1,5
Chumdrumrum,malganis,96,druid,feral,6,1,5
Terminated,tichondrius,96,druid,feral,6,1,5
Bootzs,kelthuzad,96,druid,feral,6,1,5
Shredurass,kelthuzad,96,druid,feral,6,1,5
Avorah,tichondrius,96,druid,feral,6,1,5
Ban,chogall,96,druid,feral,6,1,5
Captclaws,tichondrius,96,druid,feral,6,1,5
Boundless,skullcrusher,96,druid,feral,6,1,5
Amarôk,bleeding-hollow,96,druid,feral,6,1,5
Stëvefrench,proudmoore,96,druid,feral,6,1,5
Basedcatx,tichondrius,96,druid,feral,6,1,5
Shanê,proudmoore,96,druid,feral,6,1,5
Shisha,mannoroth,96,druid,feral,6,1,5
Malfuriongrl,khazgoroth,96,druid,feral,6,1,5
Moistism,khazgoroth,96,druid,feral,6,1,5
Alope,blades-edge,96,druid,feral,6,1,5
Morizo,proudmoore,96,druid,feral,6,1,5
Noemofu,barthilas,96,druid,feral,6,1,5
Droupy,proudmoore,96,druid,feral,6,1,5
Kî,thunderlord,96,druid,feral,6,1,5
Healthy,auchindoun,96,druid,feral,6,1,5
Tikue,area-52,96,druid,feral,6,1,5
Shortskate,area-52,96,druid,feral,6,1,5
Édzar,area-52,96,druid,feral,6,1,5
Hynz,barthilas,96,druid,feral,6,1,5
Bophades,burning-legion,96,druid,feral,6,1,5
Yarmel,kaelthas,96,druid,feral,6,1,5
Mootality,area-52,96,druid,feral,6,1,5
Vernaar,laughing-skull,96,druid,feral,6,1,5
Kelylea,the-underbog,96,druid,feral,6,1,5
Tranceformer,eredar,96,druid,feral,6,1,5
Polyproof,emerald-dream,96,druid,feral,6,1,5
Jherrak,area-52,96,druid,feral,6,1,5
Expectancy,greymane,96,druid,feral,6,1,5
Fable,caelestrasz,96,druid,feral,6,1,5
Prudman,zuljin,96,druid,feral,6,1,5
Glorp,blackwater-raiders,96,druid,feral,6,1,5
Furricane,ysondre,96,druid,feral,6,1,5
Battledruid,nagrand,96,druid,feral,6,1,5
Spacex,amanthul,96,druid,feral,6,1,5
Ilikedôggy,saurfang,96,druid,feral,6,1,5
Spìcychicken,garrosh,96,druid,feral,6,1,5
Thebigcat,deathwing,96,druid,feral,6,1,5
Ihefbraindmg,thrall,96,druid,feral,6,1,5
Whiplash,deathwing,96,druid,feral,6,1,5
Jbladedrood,crushridge,96,druid,feral,6,1,5
Doomkin,demon-soul,96,druid,feral,6,1,5
Crazypaddy,dark-iron,96,druid,feral,6,1,5
Kagran,haomarush,96,druid,feral,6,1,5
Scizor,lightninghoof,96,druid,feral,6,1,5
Ottoro,azralon,96,druid,feral,6,1,5
Jonneto,azralon,96,druid,feral,6,1,5
Tincontchen,azralon,96,druid,feral,6,1,5
Dekutree,magtheridon,96,druid,feral,6,1,5
Fullbleed,zuljin,96,druid,feral,6,1,5
Symbiøsis,zuljin,96,druid,feral,6,1,5
Lakroz,zuljin,96,druid,feral,6,1,5
Lulerz,cenarius,96,druid,feral,6,1,5
Raigor,azralon,96,druid,feral,6,1,5
Fortunecat,illidan,96,druid,feral,6,1,5
Aigo,azralon,96,druid,feral,6,1,5
Kaldelar,emerald-dream,96,druid,feral,6,1,5
Wreckingcrew,emerald-dream,96,druid,feral,6,1,5
Lithrian,stormrage,96,druid,feral,6,1,5
Azreklol,sargeras,96,druid,feral,6,1,5
Baddecision,arthas,96,druid,feral,6,1,5
Shinova,darkspear,96,druid,feral,6,1,5
Aberdare,tichondrius,96,druid,feral,6,1,5
Yeyee,darkspear,96,druid,feral,6,1,5
Crowaar,moon-guard,96,druid,feral,6,1,5
Nyatarii,ysera,96,druid,feral,6,1,5
Ayune,barthilas,96,druid,feral,6,1,5
Thonarian,vashj,96,druid,feral,6,1,5
Nezrael,frostwolf,96,druid,feral,6,1,5
Eurth,lightbringer,96,druid,feral,6,1,5
Garcia,feathermoon,96,druid,feral,6,1,5
Ojira,moon-guard,96,druid,feral,6,1,5
Dééz,illidan,96,druid,feral,6,1,5
Raptor,jubeithos,96,druid,feral,6,1,5
Naztekk,dalaran,96,druid,feral,6,1,5
Ballinthree,illidan,96,druid,feral,6,1,5
Tartin,dragonmaw,96,druid,feral,6,1,5
Spunj,frostmourne,96,druid,feral,6,1,5
Laynahri,moon-guard,96,druid,feral,6,1,5
Gretatunberg,skywall,96,druid,feral,6,1,5
Furrycon,ysera,96,druid,feral,6,1,5
Deelark,skywall,96,druid,feral,6,1,5
Bleegblog,illidan,96,druid,feral,6,1,5
Satanstoe,illidan,96,druid,feral,6,1,5
Byefren,darkspear,96,druid,feral,7,1,6
Kâtniss,quelthalas,96,druid,feral,8,1,7
Dryä,sargeras,96,druid,feral,12,1,11
Lonewolfdrd,illidan,96,druid,feral,12,1,11
Owlcapwn,tichondrius,96,druid,feral,12,1,11
Shawdoostorm,nemesis,96,druid,feral,12,1,11
Grovestalker,nemesis,96,druid,feral,12,1,11
Backlazsh,illidan,96,druid,feral,12,1,11
Habras,alterac-mountains,96,druid,feral,12,1,11
Versipex,emerald-dream,96,druid,feral,12,1,11
Saucys,kaelthas,96,druid,feral,12,1,11
Ballsnack,zuljin,96,druid,feral,12,1,11
Roldanspet,sargeras,96,druid,feral,12,1,11
Trisgold,azralon,96,druid,feral,18,1,17
Furiøsä,quelthalas,95,druid,feral,6,1,5
Kaightough,azgalor,95,druid,feral,6,1,5
Skwidrific,crushridge,95,druid,feral,12,1,11
Gitsnshigles,frostmourne,79,druid,feral,5,1,4
Grabden,tichondrius,64,druid,feral,4,1,3
Ebrìthil,hyjal,58,druid,feral,10,3,7
Relidra,dathremar,48,druid,feral,3,1,2
Chubakea,kiljaeden,48,druid,feral,3,1,2
Qouro,area-52,42,druid,feral,6,2,4
Rainbaux,kiljaeden,42,druid,feral,11,3,8
Shiftwork,korgath,42,druid,feral,10,2,8
Enderhero,illidan,42,druid,feral,14,2,12
Ânhur,tichondrius,42,druid,feral,17,2,15
Warkingubba,zuljin,31,druid,feral,2,1,1
Mooncow,dalaran,31,druid,feral,2,1,1
Wägÿü,tichondrius,31,druid,feral,2,1,1
Wakandyn,illidan,31,druid,feral,8,1,7
Aqulaíssaela,sargeras,2371,druid,balance,153,89,64
Xijînping,tichondrius,2337,druid,balance,133,79,54
Gugukuaipao,tichondrius,2328,druid,balance,173,97,76
Supatease,tichondrius,2327,druid,balance,201,112,89
Laryfsherman,tichondrius,2324,druid,balance,83,54,29
Owl,shadowsong,2322,druid,balance,126,74,52
Solareclipse,tichondrius,2306,druid,balance,125,70,55
Hessenmèow,tichondrius,2305,druid,balance,126,72,54
Cti,tichondrius,2291,druid,balance,71,48,23
Starfail,illidan,2286,druid,balance,102,56,46
Peterßigßeam,malganis,2285,druid,balance,135,75,60
Girthybeam,sargeras,2282,druid,balance,104,61,43
Jbz,balnazzar,2269,druid,balance,201,128,73
Trusyrusty,stormrage,2254,druid,balance,268,147,121
Jaydog,emerald-dream,2251,druid,balance,84,57,27
Shifterx,illidan,2247,druid,balance,114,65,49
Sonicphantom,kelthuzad,2247,druid,balance,281,158,123
Thugrose,blackrock,2243,druid,balance,192,100,92
Pushpop,frostmourne,2241,druid,balance,125,77,48
Jssy,tichondrius,2241,druid,balance,91,55,36
Lilbeam,sargeras,2240,druid,balance,96,58,38
Starsucceed,illidan,2234,druid,balance,78,48,30
Fredagn,illidan,2232,druid,balance,138,79,59
Soggykfc,illidan,2228,druid,balance,238,131,107
Napes,tichondrius,2221,druid,balance,95,52,43
Gritzxv,stormrage,2218,druid,balance,165,92,73
Lgpepperoni,tichondrius,2214,druid,balance,78,64,14
Catworm,sargeras,2211,druid,balance,130,80,50
Flapz,illidan,2210,druid,balance,125,64,61
Akuladonfana,tichondrius,2207,druid,balance,48,40,8
Instar,tichondrius,2202,druid,balance,84,49,35
Kaid,malganis,2200,druid,balance,162,94,68
Nbadizzyboy,illidan,2196,druid,balance,65,50,15
Theforeigner,arathor,2194,druid,balance,59,46,13
Boyoboy,thrall,2193,druid,balance,63,45,18
Tanerno,illidan,2193,druid,balance,253,137,116
Bobthehefty,area-52,2181,druid,balance,100,56,44
Flowerboï,azralon,2180,druid,balance,96,69,27
Babekisser,stormrage,2175,druid,balance,387,216,171
Celtaberano,illidan,2174,druid,balance,156,94,62
Mittns,arthas,2173,druid,balance,112,71,41
Houlix,stormrage,2166,druid,balance,451,228,223
Rarelinedru,malganis,2161,druid,balance,105,71,34
Firefirelol,proudmoore,2152,druid,balance,137,68,69
Brose,malganis,2151,druid,balance,84,52,32
Impëria,quelthalas,2137,druid,balance,89,58,31
Altoberano,azralon,2136,druid,balance,95,53,42
Ertuzi,tichondrius,2136,druid,balance,331,179,152
Mewfasa,duskwood,2135,druid,balance,147,94,53
Yevenbother,tichondrius,2134,druid,balance,96,60,36
Houli,tichondrius,2134,druid,balance,96,50,46
Ratspot,stormrage,2133,druid,balance,66,43,23
Smëagol,zuljin,2133,druid,balance,114,59,55
Wnxmomthicc,tichondrius,2132,druid,balance,60,37,23
Omends,thrall,2132,druid,balance,164,91,73
Tygraz,alleria,2130,druid,balance,155,94,61
Zeromoon,frostmourne,2130,druid,balance,95,48,47
Elythria,hellscream,2125,druid,balance,48,42,6
Ephemêral,stormrage,2125,druid,balance,66,45,21
Pisces,emerald-dream,2123,druid,balance,128,75,53
Mortqt,tichondrius,2123,druid,balance,96,54,42
Bigdiablo,frostmourne,2120,druid,balance,321,171,150
Legionsucks,tanaris,2120,druid,balance,258,133,125
Spamclonewin,tichondrius,2118,druid,balance,183,109,74
Notes,sargeras,2118,druid,balance,164,81,83
Ztraws,tichondrius,2117,druid,balance,172,104,68
Jakob,arygos,2116,druid,balance,228,132,96
Lazershartz,cenarion-circle,2116,druid,balance,108,59,49
Riskies,tichondrius,2116,druid,balance,252,133,119
Nåpes,frostmourne,2116,druid,balance,98,50,48
Fergh,tichondrius,2112,druid,balance,113,60,53
Ezgamed,tichondrius,2111,druid,balance,117,75,42
Vertderferk,tichondrius,2110,druid,balance,98,58,40
Clonekunts,tichondrius,2107,druid,balance,248,135,113
Boosted,bloodscalp,2103,druid,balance,114,76,38
Omnigrind,frostmourne,2102,druid,balance,97,54,43
Xantastic,area-52,2102,druid,balance,144,72,72
Packinmeat,tichondrius,2100,druid,balance,102,59,43
Bkqtpie,tichondrius,2099,druid,balance,284,144,140
Jaseyxxl,area-52,2093,druid,balance,87,58,29
Pizzaparties,tichondrius,2091,druid,balance,147,98,49
Yepz,tichondrius,2090,druid,balance,222,119,103
Sqwippyd,tichondrius,2087,druid,balance,86,53,33
Hayase,tichondrius,2084,druid,balance,156,89,67
Balancex,tichondrius,2081,druid,balance,208,102,106
Sarvi,zuljin,2077,druid,balance,63,43,20
Murkeÿ,frostmourne,2077,druid,balance,168,83,85
Highapr,stormrage,2076,druid,balance,89,61,28
Hogd,illidan,2076,druid,balance,111,66,45
Anchunlol,tichondrius,2075,druid,balance,72,42,30
Tranquilo,stormrage,2074,druid,balance,126,73,53
Gspx,dalaran,2073,druid,balance,117,59,58
Feralgo,tichondrius,2071,druid,balance,99,62,37
Trollololkin,bleeding-hollow,2071,druid,balance,191,117,74
Fifty,ragnaros,2070,druid,balance,198,117,81
Xannê,tichondrius,2068,druid,balance,104,62,42
Treirus,sargeras,2064,druid,balance,142,96,46
Dízzen,bleeding-hollow,2063,druid,balance,136,78,58
Fhormations,area-52,2063,druid,balance,215,118,97
Egomonster,tichondrius,2062,druid,balance,48,36,12
Çoach,tichondrius,2061,druid,balance,212,117,95
Kiter,illidan,2060,druid,balance,107,68,39
Ylanglang,sargeras,2059,druid,balance,48,35,13
Boomkek,wyrmrest-accord,2056,druid,balance,80,50,30
Dilondru,area-52,2056,druid,balance,205,119,86
Boomçhicken,tichondrius,2056,druid,balance,112,58,54
Jimmypop,malganis,2051,druid,balance,259,140,119
Dipii,proudmoore,2041,druid,balance,42,32,10
Vengexd,sargeras,2041,druid,balance,73,47,26
Solju,farstriders,2039,druid,balance,48,31,17
John,azralon,2036,druid,balance,183,91,92
Soulz,quelthalas,2033,druid,balance,157,84,73
Lazersnewch,kelthuzad,2027,druid,balance,84,50,34
Suen,tichondrius,2027,druid,balance,116,68,48
Doomty,tichondrius,2024,druid,balance,180,102,78
Megadruidx,stormrage,2022,druid,balance,81,55,26
Ballinthree,illidan,2019,druid,balance,66,49,17
Etherêal,stormrage,2019,druid,balance,144,84,60
Beamed,thrall,2018,druid,balance,54,39,15
Deenut,sargeras,2018,druid,balance,126,76,50
Kangaroots,frostmourne,2015,druid,balance,202,115,87
Hxzard,dalaran,2014,druid,balance,217,120,97
Nokomanida,zuljin,2011,druid,balance,97,55,42
Lazygaga,zuljin,2005,druid,balance,194,101,93
Pipiwiwi,stormrage,2003,druid,balance,288,159,129
Bearyhalls,frostmourne,2002,druid,balance,111,64,47
Mkong,tichondrius,2002,druid,balance,83,41,42
Sebastian,tichondrius,2001,druid,balance,107,62,45
Youngtree,tichondrius,2001,druid,balance,207,107,100
Snöwghost,aerie-peak,2000,druid,balance,233,121,112
Bables,tichondrius,1998,druid,balance,96,61,35
Foekinghobo,sargeras,1995,druid,balance,268,145,123
Wereocelot,firetree,1994,druid,balance,330,179,151
Surfingbird,tichondrius,1990,druid,balance,334,198,136
Catculator,tichondrius,1989,druid,balance,130,80,50
Zneb,darkspear,1987,druid,balance,36,29,7
Hefkerd,tichondrius,1984,druid,balance,48,31,17
Panansy,stormrage,1984,druid,balance,359,188,171
Pigdd,tichondrius,1982,druid,balance,52,33,19
Fracxx,area-52,1982,druid,balance,48,29,19
Byk,tichondrius,1982,druid,balance,144,81,63
Komaner,frostmourne,1982,druid,balance,84,43,41
Compléx,tichondrius,1982,druid,balance,96,49,47
Babybite,frostmourne,1980,druid,balance,92,58,34
Giantpanther,tichondrius,1980,druid,balance,141,82,59
Ericzzdd,tichondrius,1979,druid,balance,83,60,23
Xanybarz,stormrage,1979,druid,balance,200,119,81
Cousa,zuljin,1976,druid,balance,266,146,120
Drwasabi,tichondrius,1975,druid,balance,316,161,155
Soar,destromath,1974,druid,balance,320,178,142
Moanabluray,area-52,1973,druid,balance,359,179,180
Cultnelf,illidan,1972,druid,balance,149,78,71
Tòmathy,tichondrius,1971,druid,balance,107,57,50
Blazeikin,tichondrius,1970,druid,balance,107,61,46
Harukai,azralon,1969,druid,balance,198,115,83
Rudar,sargeras,1967,druid,balance,43,29,14
Jaxer,illidan,1966,druid,balance,208,124,84
Vengex,sargeras,1965,druid,balance,60,38,22
Raïsin,moon-guard,1963,druid,balance,57,33,24
Equinøxx,malganis,1962,druid,balance,89,49,40
Alcorria,area-52,1961,druid,balance,59,38,21
Alpine,eldrethalas,1960,druid,balance,72,50,22
Locose,black-dragonflight,1955,druid,balance,102,59,43
Treelah,tichondrius,1953,druid,balance,155,88,67
Biophilic,moon-guard,1952,druid,balance,266,132,134
Daifuku,illidan,1948,druid,balance,114,65,49
Enøsh,tichondrius,1947,druid,balance,167,90,77
Fw,moon-guard,1945,druid,balance,125,73,52
Uhnoheals,tichondrius,1944,druid,balance,104,58,46
Daspdruid,nagrand,1942,druid,balance,332,169,163
Kellydabear,azuremyst,1941,druid,balance,72,44,28
Samsaralol,tichondrius,1941,druid,balance,65,33,32
Çørrúptíøñzx,tichondrius,1940,druid,balance,48,35,13
Basedcatx,tichondrius,1940,druid,balance,82,52,30
Johnieboy,azralon,1940,druid,balance,109,64,45
Sweatypapa,tichondrius,1937,druid,balance,175,111,64
Murruk,darkspear,1936,druid,balance,159,86,73
Kidcudi,dentarg,1935,druid,balance,300,147,153
Rä,bloodhoof,1934,druid,balance,44,32,12
Nipplx,illidan,1933,druid,balance,72,45,27
Purkins,barthilas,1931,druid,balance,65,39,26
Bigmanpaul,cairne,1928,druid,balance,164,91,73
Asenna,moon-guard,1928,druid,balance,59,31,28
Hennydru,dalaran,1927,druid,balance,83,51,32
Kited,illidan,1926,druid,balance,144,81,63
Sharialawl,stormreaver,1925,druid,balance,60,40,20
Stellar,steamwheedle-cartel,1924,druid,balance,71,42,29
Geezbutt,tichondrius,1923,druid,balance,364,185,179
Lovemakitty,sargeras,1922,druid,balance,78,46,32
Gèb,dalaran,1921,druid,balance,212,122,90
Rìniroo,area-52,1920,druid,balance,66,40,26
Mõoõoõoõoõoõ,tichondrius,1917,druid,balance,93,47,46
Orbitz,stormrage,1915,druid,balance,66,40,26
Gordzak,illidan,1915,druid,balance,230,126,104
Thundoon,tichondrius,1913,druid,balance,42,27,15
Treeheehee,frostmourne,1911,druid,balance,81,60,21
Moozzash,azralon,1911,druid,balance,102,59,43
Lakermagik,moknathal,1911,druid,balance,107,60,47
Acdru,tichondrius,1911,druid,balance,67,37,30
Suist,moonrunner,1910,druid,balance,97,58,39
Deloria,nemesis,1910,druid,balance,60,34,26
Moongodx,stormrage,1909,druid,balance,42,31,11
Johnnybeach,tichondrius,1909,druid,balance,67,44,23
Mcv,tichondrius,1909,druid,balance,108,59,49
Beefnudlsoup,tichondrius,1906,druid,balance,66,39,27
Rizzit,wyrmrest-accord,1906,druid,balance,64,36,28
Zoteqt,kelthuzad,1905,druid,balance,433,226,207
Gatorskin,sargeras,1904,druid,balance,63,39,24
Rabbithomas,malygos,1904,druid,balance,66,40,26
Animatronixz,area-52,1903,druid,balance,84,46,38
Bloomqt,tichondrius,1902,druid,balance,236,135,101
Dorizio,illidan,1902,druid,balance,162,88,74
Givemethatcr,tichondrius,1901,druid,balance,48,35,13
Elunegoddess,tichondrius,1901,druid,balance,76,41,35
Form,bleeding-hollow,1899,druid,balance,108,66,42
Knotgiver,moon-guard,1899,druid,balance,52,31,21
Fancynut,kiljaeden,1898,druid,balance,110,64,46
Wongelvis,zuljin,1895,druid,balance,44,30,14
Oakwalker,moon-guard,1895,druid,balance,120,64,56
Sorh,stormrage,1894,druid,balance,90,54,36
Herpadruid,illidan,1894,druid,balance,260,126,134
Lyshani,thrall,1893,druid,balance,233,130,103
Pønchø,quelthalas,1893,druid,balance,152,79,73
Dontnerfmore,queldorei,1893,druid,balance,131,63,68
Halrath,sargeras,1891,druid,balance,36,20,16
Elyveen,proudmoore,1888,druid,balance,128,87,41
Handhandb,tichondrius,1888,druid,balance,138,79,59
Convokeopp,tichondrius,1887,druid,balance,155,82,73
Lavlol,frostmourne,1887,druid,balance,612,311,301
Binkin,tichondrius,1886,druid,balance,30,24,6
Judar,barthilas,1885,druid,balance,77,39,38
Kydralola,ragnaros,1884,druid,balance,90,52,38
Prev,arathor,1883,druid,balance,30,28,2
Druidstin,tichondrius,1883,druid,balance,66,33,33
Oungan,illidan,1882,druid,balance,182,102,80
Zalothianx,thrall,1881,druid,balance,166,93,73
Ethan,the-venture-co,1879,druid,balance,39,26,13
Burninmoon,tichondrius,1879,druid,balance,168,88,80
Fungamezx,bleeding-hollow,1878,druid,balance,96,63,33
Gadzed,kelthuzad,1878,druid,balance,43,28,15
Clonemunster,frostmourne,1877,druid,balance,90,52,38
Komacine,emerald-dream,1876,druid,balance,553,294,259
Davo,tichondrius,1875,druid,balance,206,119,87
Kydro,sargeras,1875,druid,balance,104,58,46
Jayelljaÿ,thrall,1874,druid,balance,141,83,58
Pils,nemesis,1874,druid,balance,229,133,96
Cirranis,moon-guard,1873,druid,balance,231,132,99
Sommerrays,kelthuzad,1873,druid,balance,114,61,53
Jokerdks,tichondrius,1872,druid,balance,110,66,44
Ayla,gorefiend,1871,druid,balance,59,39,20
Buffjungle,tichondrius,1871,druid,balance,72,41,31
Psychotycxd,tichondrius,1870,druid,balance,126,69,57
Owlyfans,frostmourne,1869,druid,balance,60,39,21
Crusch,shattered-halls,1869,druid,balance,36,23,13
Toughshift,zuljin,1869,druid,balance,156,71,85
Fgsb,sargeras,1868,druid,balance,42,30,12
Sueycide,tichondrius,1868,druid,balance,112,56,56
Ràjeesh,frostmourne,1867,druid,balance,46,31,15
Chayten,bleeding-hollow,1867,druid,balance,60,32,28
Moonkay,tichondrius,1866,druid,balance,72,43,29
Möshinòõb,proudmoore,1865,druid,balance,58,40,18
Starlyxo,malganis,1865,druid,balance,92,62,30
Starbränd,azralon,1864,druid,balance,234,127,107
Mverstapp,moon-guard,1864,druid,balance,60,32,28
Bukkwild,stormrage,1863,druid,balance,84,60,24
Vuru,azralon,1862,druid,balance,47,32,15
Ilovediego,bleeding-hollow,1862,druid,balance,48,30,18
Exxh,tichondrius,1861,druid,balance,64,45,19
Djayolo,illidan,1861,druid,balance,66,46,20
Dreveron,bleeding-hollow,1861,druid,balance,84,42,42
Bearlylegalz,kelthuzad,1860,druid,balance,59,39,20
Chanimal,tichondrius,1860,druid,balance,90,58,32
Cattdog,tichondrius,1860,druid,balance,112,72,40
Moolord,eonar,1860,druid,balance,268,149,119
Nickyü,ragnaros,1860,druid,balance,156,81,75
Whoopz,blackrock,1860,druid,balance,73,36,37
Shiftzy,thrall,1859,druid,balance,46,29,17
Fidgy,tichondrius,1858,druid,balance,36,29,7
Poliage,moon-guard,1858,druid,balance,155,89,66
Fleasy,wyrmrest-accord,1857,druid,balance,135,78,57
Vernaar,laughing-skull,1857,druid,balance,174,91,83
Tratean,tichondrius,1856,druid,balance,113,66,47
Sadboy,moon-guard,1856,druid,balance,197,105,92
Animaldoctor,illidan,1855,druid,balance,93,64,29
Daddyballin,illidan,1854,druid,balance,60,47,13
Threk,spirestone,1852,druid,balance,213,117,96
Nokitty,tichondrius,1851,druid,balance,72,56,16
Infam,sargeras,1851,druid,balance,66,43,23
Starfallz,illidan,1850,druid,balance,42,23,19
Nurtures,sargeras,1849,druid,balance,148,83,65
Dooruid,tichondrius,1849,druid,balance,101,56,45
Rank,nerzhul,1849,druid,balance,132,72,60
Kyura,sargeras,1848,druid,balance,160,82,78
Swaggu,kelthuzad,1847,druid,balance,72,44,28
Thrage,sargeras,1847,druid,balance,78,47,31
Irooftrellen,chogall,1847,druid,balance,107,59,48
Idolizeme,skullcrusher,1845,druid,balance,59,30,29
Bêêfpattyx,darkspear,1844,druid,balance,84,50,34
Davione,tichondrius,1844,druid,balance,88,52,36
Standee,sargeras,1843,druid,balance,60,35,25
Lindsanr,illidan,1843,druid,balance,125,70,55
Bunnykiss,tichondrius,1843,druid,balance,128,66,62
Druidk,tichondrius,1843,druid,balance,144,74,70
Destromz,zuljin,1840,druid,balance,48,27,21
Fätål,ysera,1839,druid,balance,96,62,34
Blightcubzy,proudmoore,1839,druid,balance,116,67,49
Seyala,moon-guard,1839,druid,balance,181,103,78
Partylord,malganis,1839,druid,balance,191,105,86
Brokenomega,area-52,1837,druid,balance,160,98,62
Lazerbeamz,tichondrius,1837,druid,balance,126,69,57
Boomsquanch,emerald-dream,1835,druid,balance,96,54,42
Proudmom,barthilas,1835,druid,balance,60,31,29
Chal,illidan,1834,druid,balance,65,39,26
Piment,tichondrius,1834,druid,balance,79,45,34
Bolthor,wyrmrest-accord,1834,druid,balance,138,77,61
Metroboomy,magtheridon,1834,druid,balance,133,74,59
Boomfold,tichondrius,1834,druid,balance,78,40,38
Bubalolz,quelthalas,1834,druid,balance,275,140,135
Formhub,malganis,1834,druid,balance,84,42,42
Moonflora,stormrage,1833,druid,balance,129,73,56
Jojo,ysera,1833,druid,balance,218,115,103
Psycloneman,tichondrius,1832,druid,balance,108,64,44
Sawsaw,bleeding-hollow,1832,druid,balance,74,42,32
Lekick,tichondrius,1832,druid,balance,81,45,36
Fondra,sargeras,1831,druid,balance,103,65,38
Aiwawa,tichondrius,1831,druid,balance,176,98,78
Ilovediegoxo,kelthuzad,1830,druid,balance,48,32,16
Animlcracker,emerald-dream,1830,druid,balance,156,93,63
Laser,bonechewer,1830,druid,balance,54,32,22
Itachi,dragonmaw,1830,druid,balance,83,48,35
Jarrebear,boulderfist,1829,druid,balance,43,31,12
Tïgerpawz,stormrage,1829,druid,balance,90,53,37
Chernovax,kelthuzad,1828,druid,balance,87,47,40
Bbkingschair,tichondrius,1827,druid,balance,84,53,31
Tôpdadwôrld,sargeras,1827,druid,balance,36,20,16
Evsn,tichondrius,1826,druid,balance,36,28,8
Goochies,aerie-peak,1826,druid,balance,59,35,24
Bcup,sargeras,1826,druid,balance,54,32,22
Honeybeam,moon-guard,1826,druid,balance,110,60,50
Vakimumu,anubarak,1823,druid,balance,101,63,38
Ebrìthil,hyjal,1823,druid,balance,96,50,46
Astute,zuljin,1822,druid,balance,41,27,14
Wecksolol,sargeras,1821,druid,balance,439,218,221
Cheezaygx,arthas,1820,druid,balance,78,45,33
Lunalai,bloodhoof,1820,druid,balance,96,55,41
Mastabtw,illidan,1820,druid,balance,54,30,24
Arenamasterx,stormscale,1820,druid,balance,48,25,23
Taylorshift,misha,1819,druid,balance,51,42,9
Catpoop,frostmourne,1819,druid,balance,54,37,17
Realistik,kelthuzad,1819,druid,balance,96,62,34
Staystrongox,tichondrius,1819,druid,balance,84,53,31
Bruchko,illidan,1819,druid,balance,67,40,27
Ailari,moon-guard,1819,druid,balance,97,57,40
Resorange,malganis,1818,druid,balance,48,29,19
Starsiee,drakkari,1818,druid,balance,177,92,85
Myex,illidan,1817,druid,balance,84,55,29
Dorlingus,tichondrius,1817,druid,balance,48,29,19
Huroko,moon-guard,1817,druid,balance,89,53,36
Dbanned,nemesis,1817,druid,balance,270,148,122
Ripkinztko,stormrage,1815,druid,balance,42,33,9
Masan,burning-blade,1815,druid,balance,72,43,29
Jillferal,proudmoore,1815,druid,balance,156,93,63
Stepbro,malorne,1815,druid,balance,252,144,108
Krispz,area-52,1815,druid,balance,107,57,50
Bentøbøx,barthilas,1815,druid,balance,59,31,28
Aethisra,moon-guard,1814,druid,balance,215,123,92
Nophysique,zuljin,1814,druid,balance,160,90,70
Kuramaa,alexstrasza,1813,druid,balance,54,31,23
Treetard,altar-of-storms,1813,druid,balance,162,91,71
Aule,frostmourne,1813,druid,balance,54,28,26
Hbf,tichondrius,1812,druid,balance,42,30,12
Keylae,sargeras,1812,druid,balance,86,46,40
Kamero,tichondrius,1811,druid,balance,63,39,24
Likorit,azralon,1809,druid,balance,36,25,11
Zeromeme,frostmourne,1809,druid,balance,33,21,12
Chernlyssayo,stormrage,1809,druid,balance,86,53,33
Kzinti,zuluhed,1809,druid,balance,113,60,53
Smeow,zuljin,1808,druid,balance,146,82,64
Athalea,moon-guard,1807,druid,balance,72,47,25
Wiredxd,illidan,1807,druid,balance,44,28,16
Pào,tichondrius,1807,druid,balance,57,35,22
Seilah,lightbringer,1807,druid,balance,54,30,24
Dustydrx,area-52,1806,druid,balance,56,34,22
Kìttenuwu,sargeras,1806,druid,balance,78,42,36
Lothail,windrunner,1806,druid,balance,170,90,80
Drakemaster,aggramar,1805,druid,balance,71,49,22
Bathrobe,bloodscalp,1805,druid,balance,54,28,26
Magicgunner,tichondrius,1804,druid,balance,36,26,10
Wòót,stormreaver,1804,druid,balance,108,73,35
Bigboomy,sargeras,1804,druid,balance,60,40,20
Smeepy,bleeding-hollow,1804,druid,balance,66,36,30
Yorkville,sargeras,1804,druid,balance,312,163,149
Kûramä,dalaran,1803,druid,balance,42,24,18
Kittycatman,tichondrius,1803,druid,balance,48,25,23
Bunnyes,tichondrius,1802,druid,balance,66,35,31
Felny,malganis,1802,druid,balance,54,26,28
Boomybalboa,stormrage,1801,druid,balance,41,27,14
Wakeenfiendx,sargeras,1801,druid,balance,53,33,20
Hateshinai,sargeras,1800,druid,balance,36,24,12
Jisoojwa,frostmourne,1800,druid,balance,30,19,11
Kogas,hyjal,1800,druid,balance,62,39,23
Xenöchrist,ragnaros,1800,druid,balance,220,131,89
Starboy,garona,1800,druid,balance,54,32,22
Krahz,lightnings-blade,1800,druid,balance,421,222,199
Rikishi,executus,1800,druid,balance,129,63,66
Wildlight,hyjal,1799,druid,balance,100,57,43
Swergz,tichondrius,1797,druid,balance,24,19,5
Waiv,area-52,1797,druid,balance,54,30,24
Brodda,sargeras,1797,druid,balance,269,146,123
Mooseknukel,zuljin,1797,druid,balance,198,103,95
Sappyroots,area-52,1797,druid,balance,66,34,32
Binjuicex,frostmourne,1796,druid,balance,69,43,26
Yehaw,bloodhoof,1796,druid,balance,146,88,58
Donutdruid,illidan,1796,druid,balance,94,56,38
Nxf,sargeras,1795,druid,balance,71,40,31
Irl,frostmane,1794,druid,balance,53,32,21
Cringetbh,zuljin,1793,druid,balance,142,83,59
Thatboiscrew,tichondrius,1791,druid,balance,133,87,46
Rootyou,frostmourne,1791,druid,balance,77,49,28
Trapkin,tichondrius,1791,druid,balance,227,137,90
Yoona,kiljaeden,1791,druid,balance,131,70,61
Hypefull,tichondrius,1790,druid,balance,54,26,28
Kellydacat,azuremyst,1789,druid,balance,24,19,5
Stinkÿ,bleeding-hollow,1788,druid,balance,118,72,46
Striix,ragnaros,1788,druid,balance,66,32,34
ßleepßloop,tichondrius,1787,druid,balance,51,32,19
Haohomie,tichondrius,1787,druid,balance,102,63,39
Glickbear,illidan,1787,druid,balance,78,45,33
Fixxitfelix,sargeras,1786,druid,balance,30,19,11
Jemima,auchindoun,1786,druid,balance,174,101,73
Brainlessqt,tichondrius,1783,druid,balance,40,28,12
Bearyhallsjr,sargeras,1783,druid,balance,36,24,12
Cösmic,anetheron,1783,druid,balance,45,28,17
Oobuck,kilrogg,1782,druid,balance,105,61,44
Drugdoer,tichondrius,1782,druid,balance,175,97,78
Catatonik,emerald-dream,1782,druid,balance,54,26,28
Ghostisghost,sargeras,1779,druid,balance,119,67,52
Teeball,tichondrius,1779,druid,balance,53,20,33
Mythleaf,ragnaros,1778,druid,balance,186,102,84
Convoken,tichondrius,1777,druid,balance,96,55,41
Yipëë,moon-guard,1775,druid,balance,136,74,62
Azakai,sargeras,1774,druid,balance,42,29,13
Sym,zuljin,1774,druid,balance,36,24,12
Featherfeets,tichondrius,1774,druid,balance,36,22,14
Dreamwalker,bleeding-hollow,1772,druid,balance,42,24,18
Orollå,tichondrius,1771,druid,balance,50,29,21
Hoodjah,tichondrius,1770,druid,balance,54,35,19
Sahksi,lothar,1770,druid,balance,116,62,54
Kushtiger,ragnaros,1767,druid,balance,36,22,14
Justsidious,sargeras,1766,druid,balance,42,30,12
Wondercat,illidan,1765,druid,balance,54,33,21
Arellea,uther,1765,druid,balance,98,59,39
Lilkitty,tichondrius,1764,druid,balance,148,81,67
Druizzy,illidan,1764,druid,balance,90,44,46
Tyapet,area-52,1763,druid,balance,190,107,83
Comidru,tichondrius,1763,druid,balance,127,65,62
Fal,bloodscalp,1761,druid,balance,100,54,46
Meowkit,blackrock,1760,druid,balance,70,44,26
Maxspeed,tichondrius,1760,druid,balance,66,41,25
Druidmike,jaedenar,1759,druid,balance,30,21,9
Melloj,kelthuzad,1759,druid,balance,84,48,36
Ðøomkinz,azjolnerub,1758,druid,balance,76,50,26
Dorobloom,sargeras,1758,druid,balance,114,72,42
Islayne,moon-guard,1757,druid,balance,96,62,34
Daddyshift,proudmoore,1756,druid,balance,74,42,32
Clarice,shattered-halls,1756,druid,balance,147,81,66
Jacusias,stormrage,1756,druid,balance,273,142,131
Awguseon,proudmoore,1755,druid,balance,66,43,23
Boomybro,thrall,1755,druid,balance,152,90,62
Muunragery,illidan,1755,druid,balance,72,39,33
Cocainebeär,tichondrius,1755,druid,balance,77,39,38
Cynhawts,emerald-dream,1754,druid,balance,46,27,19
Midoo,proudmoore,1753,druid,balance,84,50,34
Angryjo,tichondrius,1753,druid,balance,124,71,53
Gorgoncity,illidan,1753,druid,balance,34,19,15
Dextructive,tichondrius,1753,druid,balance,196,97,99
Jacknit,illidan,1752,druid,balance,48,28,20
Signifies,tichondrius,1751,druid,balance,47,32,15
Flappyjacks,elune,1751,druid,balance,78,44,34
Gulrahf,wyrmrest-accord,1751,druid,balance,69,30,39
Swayjizz,tichondrius,1750,druid,balance,114,64,50
Wombatform,malganis,1750,druid,balance,36,20,16
Newcombe,tichondrius,1748,druid,balance,60,40,20
Lewïs,stormrage,1747,druid,balance,155,86,69
Dôcteurowl,zuljin,1747,druid,balance,172,87,85
Bugbugz,tichondrius,1746,druid,balance,48,27,21
Flapperz,sargeras,1746,druid,balance,146,76,70
Lupintk,tichondrius,1745,druid,balance,181,104,77
Malfuria,tichondrius,1745,druid,balance,71,39,32
Jxrx,malganis,1744,druid,balance,54,36,18
Xenny,chogall,1744,druid,balance,60,37,23
Ottovonbird,tichondrius,1744,druid,balance,72,34,38
Mûû,tichondrius,1743,druid,balance,116,69,47
Toolboy,tichondrius,1743,druid,balance,123,65,58
Cócorosie,tichondrius,1742,druid,balance,81,52,29
Drcuy,ragnaros,1742,druid,balance,115,62,53
Djsummer,tichondrius,1742,druid,balance,221,118,103
Niwßor,azralon,1742,druid,balance,148,79,69
Manbeartree,malganis,1742,druid,balance,52,27,25
Weckxa,sargeras,1742,druid,balance,302,154,148
Watchugonndo,tichondrius,1741,druid,balance,42,31,11
Niroxic,frostmourne,1740,druid,balance,78,47,31
Medibull,tichondrius,1739,druid,balance,48,31,17
Gumbawl,sargeras,1739,druid,balance,48,26,22
Hydrahl,thrall,1737,druid,balance,99,53,46
Ðraoï,stormrage,1737,druid,balance,60,31,29
Bumbleebee,azralon,1736,druid,balance,52,33,19
Dárách,malganis,1735,druid,balance,183,102,81
Elliar,akama,1735,druid,balance,153,82,71
Druidwhat,stormrage,1734,druid,balance,153,81,72
Starz,arthas,1733,druid,balance,50,33,17
Themustafa,tichondrius,1733,druid,balance,54,35,19
Verslinker,stormrage,1733,druid,balance,54,33,21
Yggdrasil,ravencrest,1733,druid,balance,78,42,36
Foxhoundlol,tichondrius,1732,druid,balance,135,77,58
Druentia,tichondrius,1732,druid,balance,116,65,51
Buckform,zuljin,1731,druid,balance,36,23,13
Mädnhairy,zuljin,1731,druid,balance,51,32,19
Herbzlova,lightnings-blade,1731,druid,balance,204,112,92
Kletys,azralon,1731,druid,balance,149,80,69
Mvpps,thrall,1730,druid,balance,48,28,20
Cobal,goldrinn,1730,druid,balance,437,225,212
Nyloke,kelthuzad,1729,druid,balance,66,44,22
Loraxx,bleeding-hollow,1729,druid,balance,42,28,14
Choosegoose,area-52,1729,druid,balance,44,29,15
Scene,frostmourne,1729,druid,balance,71,40,31
Potap,stormrage,1727,druid,balance,71,42,29
Abomasnow,turalyon,1727,druid,balance,102,58,44
Tenhoteta,goldrinn,1727,druid,balance,81,46,35
Gallianö,frostmourne,1727,druid,balance,170,89,81
Schlaankeyy,stormrage,1726,druid,balance,57,28,29
Xornhxb,tichondrius,1725,druid,balance,66,45,21
Òîó,sargeras,1725,druid,balance,125,77,48
Danimalxd,zuljin,1725,druid,balance,30,18,12
Mofan,tichondrius,1725,druid,balance,78,44,34
Chikinwing,illidan,1725,druid,balance,143,80,63
Ternkote,tichondrius,1725,druid,balance,54,30,24
Hasteley,khadgar,1724,druid,balance,119,64,55
Scurse,tichondrius,1724,druid,balance,201,106,95
Pannaxx,tichondrius,1723,druid,balance,36,24,12
Chøpstixs,bleeding-hollow,1723,druid,balance,66,40,26
Âzn,tichondrius,1722,druid,balance,184,111,73
Naakx,tichondrius,1722,druid,balance,52,30,22
Sombrien,stormrage,1722,druid,balance,138,75,63
Ehloheim,stormrage,1722,druid,balance,60,27,33
Moonlitgrove,silvermoon,1720,druid,balance,48,29,19
Kïx,illidan,1720,druid,balance,50,30,20
Wallower,malganis,1720,druid,balance,60,28,32
Cthulhuqt,kelthuzad,1719,druid,balance,42,30,12
Sibby,barthilas,1719,druid,balance,96,52,44
Treeshift,tichondrius,1715,druid,balance,78,48,30
Lharast,stormrage,1714,druid,balance,70,44,26
Sackchaser,illidan,1714,druid,balance,80,48,32
Rðsë,tichondrius,1714,druid,balance,208,110,98
Cjæ,bleeding-hollow,1713,druid,balance,24,18,6
Josepha,tichondrius,1713,druid,balance,36,25,11
Dànkness,frostwolf,1713,druid,balance,53,29,24
Petruccius,nordrassil,1713,druid,balance,423,212,211
Dupaface,stormrage,1712,druid,balance,53,25,28
Filthyclaws,stormrage,1712,druid,balance,66,30,36
Restorationz,tichondrius,1711,druid,balance,185,107,78
Swiftydel,frostmourne,1711,druid,balance,108,60,48
Halenson,illidan,1711,druid,balance,94,50,44
Stinky,bleeding-hollow,1711,druid,balance,72,37,35
Glazinator,sargeras,1710,druid,balance,323,159,164
Dasbeerboot,tichondrius,1709,druid,balance,64,39,25
Galadon,tichondrius,1709,druid,balance,77,45,32
Cyclone,darkspear,1709,druid,balance,54,22,32
Firefireyoy,tichondrius,1708,druid,balance,24,18,6
Faerie,kaelthas,1708,druid,balance,82,44,38
Maen,kelthuzad,1707,druid,balance,24,18,6
Mastahskills,illidan,1707,druid,balance,46,29,17
Slickitty,kelthuzad,1707,druid,balance,30,18,12
Moonsliced,kiljaeden,1706,druid,balance,108,63,45
Cenariun,stormrage,1706,druid,balance,144,78,66
Prowlâr,jubeithos,1705,druid,balance,90,48,42
Aralix,zuljin,1704,druid,balance,249,134,115
Desiration,area-52,1703,druid,balance,39,23,16
Maligoz,nemesis,1703,druid,balance,95,49,46
Rerob,aerie-peak,1702,druid,balance,50,26,24
Velyring,moon-guard,1701,druid,balance,102,60,42
Líu,area-52,1701,druid,balance,126,73,53
Doomdawn,sargeras,1701,druid,balance,123,65,58
Boomiè,tichondrius,1701,druid,balance,42,21,21
Royalflush,stormrage,1700,druid,balance,42,24,18
Chococrispis,quelthalas,1700,druid,balance,78,43,35
Skeevz,darkspear,1700,druid,balance,107,57,50
Johnnydrip,malganis,1700,druid,balance,48,25,23
Selyrel,frostmourne,1699,druid,balance,30,21,9
Neurotoxins,tichondrius,1697,druid,balance,36,25,11
Coompie,frostmourne,1697,druid,balance,42,28,14
Zils,bleeding-hollow,1697,druid,balance,60,29,31
Calfurion,stormscale,1696,druid,balance,36,29,7
Haymade,sargeras,1696,druid,balance,228,127,101
Rumorxo,illidan,1696,druid,balance,54,29,25
Rougaroux,andorhal,1696,druid,balance,61,31,30
Tunaren,wyrmrest-accord,1696,druid,balance,42,21,21
Jesterdru,area-52,1695,druid,balance,42,30,12
Flaxy,illidan,1695,druid,balance,64,27,37
Raquelitá,ragnaros,1694,druid,balance,28,19,9
Roar,moon-guard,1694,druid,balance,86,52,34
Løk,sargeras,1694,druid,balance,30,18,12
Ereshkïgal,stormrage,1694,druid,balance,126,75,51
Grizzlepaw,tichondrius,1694,druid,balance,53,25,28
Nasuu,bleeding-hollow,1693,druid,balance,167,94,73
Taekdonuttv,tichondrius,1692,druid,balance,59,45,14
Verelyris,nordrassil,1692,druid,balance,42,28,14
Rizzdja,frostmourne,1692,druid,balance,86,52,34
Doitforkylie,sargeras,1692,druid,balance,52,28,24
Seyon,tichondrius,1692,druid,balance,80,41,39
Redhotbean,tichondrius,1691,druid,balance,185,99,86
Meatbender,frostmourne,1691,druid,balance,110,55,55
Buckwhêât,illidan,1691,druid,balance,145,71,74
Sadsex,illidan,1690,druid,balance,141,84,57
Myeow,illidan,1690,druid,balance,158,84,74
Souress,shadowsong,1690,druid,balance,86,45,41
Harryhotter,blackrock,1690,druid,balance,163,84,79
Jalapenoz,wyrmrest-accord,1690,druid,balance,42,20,22
Fugekî,zuljin,1689,druid,balance,60,35,25
Thetruetrue,sargeras,1689,druid,balance,251,132,119
Realmehji,wyrmrest-accord,1688,druid,balance,42,30,12
Reàsons,stormrage,1688,druid,balance,126,62,64
Partybeast,malganis,1687,druid,balance,102,69,33
Enlil,the-underbog,1687,druid,balance,110,64,46
Iambeefy,hyjal,1687,druid,balance,221,115,106
Purrfessorx,proudmoore,1686,druid,balance,24,18,6
Whodoüvoodoo,tichondrius,1686,druid,balance,30,21,9
Boxtops,bleeding-hollow,1686,druid,balance,72,48,24
Drop,shadow-council,1686,druid,balance,41,26,15
Velaar,arthas,1686,druid,balance,36,21,15
Spinach,moon-guard,1686,druid,balance,104,53,51
Tanakoi,zuljin,1685,druid,balance,54,30,24
Kahpooya,tichondrius,1684,druid,balance,76,44,32
Contrololol,hyjal,1684,druid,balance,138,74,64
Schwenkyytv,sargeras,1684,druid,balance,137,73,64
Gwiffurry,tichondrius,1683,druid,balance,54,32,22
Nicenature,gilneas,1682,druid,balance,100,57,43
Røbinbanks,thrall,1681,druid,balance,28,19,9
Roofty,illidan,1681,druid,balance,34,22,12
Finkledurp,dalaran,1681,druid,balance,101,53,48
Yorch,stormrage,1681,druid,balance,149,78,71
Toadie,zuljin,1680,druid,balance,24,20,4
Podruidafury,tichondrius,1680,druid,balance,36,23,13
Eseldra,area-52,1680,druid,balance,64,39,25
Blamkin,tichondrius,1680,druid,balance,72,40,32
Oldcreg,emerald-dream,1679,druid,balance,24,18,6
Kittnmittens,frostmourne,1679,druid,balance,60,38,22
Beamrooster,silvermoon,1679,druid,balance,62,39,23
Daspd,tichondrius,1679,druid,balance,42,24,18
Qs,rivendare,1679,druid,balance,145,72,73
Koratan,frostmourne,1678,druid,balance,65,33,32
Clawyou,illidan,1677,druid,balance,30,21,9
Wïldmain,area-52,1677,druid,balance,88,55,33
Ruthlessbro,sargeras,1677,druid,balance,85,45,40
Chengxiaopao,tichondrius,1676,druid,balance,68,40,28
Glockenstien,proudmoore,1676,druid,balance,41,23,18
Drufasa,tichondrius,1676,druid,balance,106,54,52
Dcountts,area-52,1675,druid,balance,50,32,18
Chickenwings,ragnaros,1675,druid,balance,48,29,19
Rayzer,bleeding-hollow,1675,druid,balance,153,84,69
Torrox,tichondrius,1675,druid,balance,390,206,184
Ànìmàl,stormrage,1674,druid,balance,36,27,9
Dharmatra,quelthalas,1674,druid,balance,146,80,66
Tereeke,moon-guard,1674,druid,balance,130,69,61
Padavore,wyrmrest-accord,1673,druid,balance,180,103,77
Withwind,dalaran,1673,druid,balance,48,23,25
Pennytrate,barthilas,1672,druid,balance,110,60,50
Drognan,sargeras,1672,druid,balance,94,50,44
Alshari,proudmoore,1671,druid,balance,144,85,59
Goodbadcat,tichondrius,1670,druid,balance,36,29,7
Frostig,tichondrius,1670,druid,balance,36,22,14
Hagatta,stormrage,1670,druid,balance,204,109,95
Lostnsauce,tichondrius,1669,druid,balance,60,43,17
Softkiller,chogall,1669,druid,balance,84,50,34
Skrimshaw,burning-legion,1669,druid,balance,180,100,80
Astraldank,tichondrius,1669,druid,balance,204,102,102
Halensen,illidan,1668,druid,balance,47,23,24
Messyboom,illidan,1667,druid,balance,48,37,11
Supafat,thrall,1667,druid,balance,37,23,14
Galind,rexxar,1667,druid,balance,64,38,26
Bäñgarang,tichondrius,1667,druid,balance,161,91,70
Yazmawma,tichondrius,1667,druid,balance,113,60,53
Boys,bleeding-hollow,1666,druid,balance,48,29,19
Kröng,quelthalas,1666,druid,balance,140,81,59
Deviperdruid,frostmourne,1666,druid,balance,97,56,41
Boiledfrogs,zuljin,1666,druid,balance,41,23,18
Aesthetical,frostmourne,1665,druid,balance,80,47,33
Kekepop,emerald-dream,1664,druid,balance,54,35,19
Clawandørder,tichondrius,1664,druid,balance,48,30,18
Offthezaza,tichondrius,1664,druid,balance,111,62,49
Segamain,shuhalo,1664,druid,balance,98,51,47
Stetile,azralon,1664,druid,balance,70,33,37
Theshy,tanaris,1663,druid,balance,30,23,7
Muwudred,stormrage,1663,druid,balance,72,41,31
Mowglì,illidan,1663,druid,balance,110,59,51
Twinscroll,tichondrius,1662,druid,balance,268,151,117
Byte,ragnaros,1662,druid,balance,35,18,17
Trapdoorboom,illidan,1662,druid,balance,189,95,94
Pänzerkin,sargeras,1661,druid,balance,36,24,12
Marutot,tichondrius,1660,druid,balance,42,30,12
Guarbird,tichondrius,1660,druid,balance,27,19,8
Gokki,zuljin,1660,druid,balance,77,53,24
Soupbeandru,zuljin,1660,druid,balance,72,43,29
Azurehoof,earthen-ring,1659,druid,balance,45,30,15
Drakeowl,area-52,1659,druid,balance,49,28,21
Boõsty,bleeding-hollow,1659,druid,balance,86,47,39
Spacedruidx,illidan,1659,druid,balance,91,49,42
Gwub,illidan,1658,druid,balance,35,26,9
Foafoa,illidan,1657,druid,balance,31,19,12
Droodaphobé,sargeras,1657,druid,balance,65,35,30
Coldkill,burning-legion,1657,druid,balance,39,21,18
Verbz,arthas,1656,druid,balance,54,26,28
Sweatydruidx,tichondrius,1656,druid,balance,72,34,38
Rennar,stormrage,1654,druid,balance,29,18,11
Moohok,bleeding-hollow,1654,druid,balance,65,36,29
Entakkt,cenarius,1653,druid,balance,36,28,8
Zùnma,tichondrius,1653,druid,balance,48,30,18
Bearyhalls,sargeras,1653,druid,balance,30,18,12
Saltydru,illidan,1653,druid,balance,62,37,25
Kardak,frostwolf,1653,druid,balance,64,37,27
Ahrily,kelthuzad,1653,druid,balance,94,50,44
Aull,kelthuzad,1653,druid,balance,36,19,17
Alastras,tichondrius,1653,druid,balance,75,37,38
Vergota,emerald-dream,1652,druid,balance,73,50,23
Loudpax,zuljin,1652,druid,balance,53,36,17
Renithen,trollbane,1652,druid,balance,42,28,14
Înfamous,thrall,1652,druid,balance,36,24,12
Rokk,baelgun,1652,druid,balance,176,101,75
Almarasta,azralon,1652,druid,balance,172,98,74
Cyclíze,sargeras,1652,druid,balance,78,44,34
Delorík,illidan,1652,druid,balance,246,129,117
Odirtytshirt,malganis,1652,druid,balance,79,41,38
Jokeclass,darkspear,1651,druid,balance,28,22,6
Readt,malganis,1651,druid,balance,210,111,99
Thamoonsbak,aggramar,1651,druid,balance,41,19,22
Chickenboss,ragnaros,1650,druid,balance,47,27,20
Leeteracola,malganis,1650,druid,balance,68,38,30
Khryllx,tichondrius,1649,druid,balance,42,27,15
Kickconvoke,sargeras,1649,druid,balance,72,43,29
Phurr,area-52,1649,druid,balance,75,39,36
Douwantoplay,tichondrius,1648,druid,balance,45,29,16
Blackdogcola,frostmourne,1648,druid,balance,30,18,12
Ryügähidëki,tichondrius,1648,druid,balance,183,100,83
Cattpiss,tichondrius,1647,druid,balance,30,22,8
Drmf,frostmourne,1647,druid,balance,54,30,24
Muffbfloppn,zuljin,1646,druid,balance,44,27,17
Tankzsz,malganis,1646,druid,balance,36,19,17
Ripdimebag,frostmourne,1645,druid,balance,62,40,22
Korbö,zuljin,1645,druid,balance,48,27,21
Swagdaddyjr,area-52,1644,druid,balance,126,72,54
Pankecito,ragnaros,1644,druid,balance,64,36,28
Altius,drakkari,1644,druid,balance,66,37,29
Thottiie,hyjal,1644,druid,balance,96,48,48
Cokanebear,garrosh,1643,druid,balance,28,19,9
Wizdùm,frostmourne,1643,druid,balance,53,34,19
Buckbumble,frostmourne,1643,druid,balance,72,45,27
Convokeula,tichondrius,1643,druid,balance,132,76,56
Theboomkin,kelthuzad,1643,druid,balance,45,25,20
Surgingnews,sargeras,1643,druid,balance,96,51,45
Rezlur,tichondrius,1643,druid,balance,47,24,23
Junaleska,lightbringer,1642,druid,balance,31,23,8
Darach,boulderfist,1642,druid,balance,36,26,10
Hootiepie,hyjal,1642,druid,balance,42,24,18
Naurrog,tichondrius,1642,druid,balance,246,139,107
Boomchickens,area-52,1642,druid,balance,60,33,27
Knoxdog,illidan,1641,druid,balance,63,38,25
Abn,sargeras,1640,druid,balance,42,26,16
Feond,illidan,1640,druid,balance,40,22,18
Yuumura,stormrage,1640,druid,balance,217,118,99
Wildslash,proudmoore,1640,druid,balance,87,44,43
Scrubrat,moon-guard,1639,druid,balance,58,43,15
Rikezz,black-dragonflight,1639,druid,balance,109,66,43
Firesun,quelthalas,1639,druid,balance,222,129,93
Domord,stormrage,1639,druid,balance,45,25,20
Stargrazing,tichondrius,1639,druid,balance,48,23,25
Sigure,zuljin,1638,druid,balance,68,41,27
Snugglin,kelthuzad,1638,druid,balance,72,37,35
Zetii,emerald-dream,1637,druid,balance,148,83,65
Jshwills,sargeras,1636,druid,balance,42,27,15
Sÿndru,illidan,1636,druid,balance,34,21,13
Zuice,thrall,1636,druid,balance,121,67,54
Bodybuîlder,skywall,1636,druid,balance,52,26,26
Tummycummy,thrall,1635,druid,balance,36,24,12
Sunmoonkong,area-52,1635,druid,balance,82,48,34
Swampduck,saurfang,1635,druid,balance,88,51,37
Harlisu,stormrage,1635,druid,balance,103,57,46
Dudur,zuljin,1635,druid,balance,177,93,84
Numbkin,stormrage,1635,druid,balance,71,31,40
Ehleven,tichondrius,1634,druid,balance,48,29,19
Fioryxd,bleeding-hollow,1634,druid,balance,101,60,41
Villagebike,moon-guard,1633,druid,balance,53,32,21
Mayanardz,bleeding-hollow,1631,druid,balance,24,17,7
Metal,jaedenar,1631,druid,balance,113,61,52
Ssantirap,quelthalas,1631,druid,balance,65,24,41
Killiamp,tichondrius,1630,druid,balance,47,29,18
Zhinger,tichondrius,1630,druid,balance,103,57,46
Tinkeress,stormrage,1630,druid,balance,187,102,85
Temma,drakkari,1629,druid,balance,54,31,23
Hyperdryve,bonechewer,1629,druid,balance,132,74,58
Relaeh,andorhal,1629,druid,balance,36,19,17
Köêñígsègg,tichondrius,1628,druid,balance,30,17,13
Neytîrî,tichondrius,1628,druid,balance,149,82,67
Jimrobloxttv,emerald-dream,1627,druid,balance,36,24,12
Diligent,dathremar,1627,druid,balance,48,28,20
Oppose,akama,1627,druid,balance,65,37,28
Cfp,tichondrius,1627,druid,balance,132,69,63
Kitem,tichondrius,1627,druid,balance,36,17,19
ßigfoot,darkspear,1626,druid,balance,30,21,9
Daddyfresh,ursin,1626,druid,balance,114,67,47
Slowreverb,silver-hand,1626,druid,balance,36,20,16
Feaveldin,moon-guard,1626,druid,balance,42,23,19
Shaney,zuljin,1625,druid,balance,24,17,7
Jgb,dalaran,1625,druid,balance,36,20,16
Boompoizan,tichondrius,1625,druid,balance,231,121,110
Ablackdruid,moon-guard,1624,druid,balance,35,21,14
Oatmeals,fizzcrank,1624,druid,balance,40,23,17
Môistman,tichondrius,1624,druid,balance,71,40,31
Beyondbeef,sargeras,1623,druid,balance,94,59,35
Moonra,malganis,1623,druid,balance,66,38,28
Soonntkgo,ragnaros,1623,druid,balance,56,29,27
Bhboom,tichondrius,1623,druid,balance,54,23,31
Hellfireclaw,tichondrius,1622,druid,balance,30,20,10
Còyot,stormrage,1621,druid,balance,66,34,32
Rongrong,kargath,1621,druid,balance,36,18,18
Ihavehothots,kiljaeden,1620,druid,balance,55,38,17
Atreis,malganis,1620,druid,balance,38,23,15
Lowkie,llane,1620,druid,balance,81,44,37
Zzizi,tichondrius,1619,druid,balance,27,19,8
Charmandxr,hyjal,1619,druid,balance,83,44,39
Beamkin,area-52,1619,druid,balance,77,40,37
Sodio,wyrmrest-accord,1618,druid,balance,24,18,6
Tahunne,tichondrius,1618,druid,balance,148,89,59
Healthycow,illidan,1618,druid,balance,71,40,31
Faroo,azralon,1617,druid,balance,90,55,35
Karana,illidan,1617,druid,balance,36,21,15
Asnk,tichondrius,1617,druid,balance,83,48,35
Lesbianitax,stormrage,1617,druid,balance,60,34,26
Shibbith,nordrassil,1617,druid,balance,48,25,23
Bambooty,veknilash,1617,druid,balance,84,43,41
Uggadruid,malganis,1617,druid,balance,60,29,31
Zorn,lightnings-blade,1616,druid,balance,83,47,36
Foxwit,jubeithos,1616,druid,balance,40,22,18
Chaossdruid,bleeding-hollow,1616,druid,balance,249,134,115
Fastlife,drakkari,1616,druid,balance,84,44,40
Markers,gorefiend,1616,druid,balance,42,20,22
Cröòk,malganis,1616,druid,balance,66,31,35
Prebark,sargeras,1615,druid,balance,39,23,16
Metal,kiljaeden,1615,druid,balance,30,17,13
Héisénbérg,sargeras,1615,druid,balance,66,36,30
Milksquirts,thrall,1615,druid,balance,285,153,132
Targareyen,sargeras,1615,druid,balance,71,34,37
Gôdôfwow,tichondrius,1615,druid,balance,40,18,22
Hëllchaos,sargeras,1614,druid,balance,30,21,9
Ogdöstitz,area-52,1614,druid,balance,32,21,11
Zesto,nazjatar,1614,druid,balance,50,32,18
Syntheris,kaelthas,1614,druid,balance,135,81,54
Caboom,frostmourne,1614,druid,balance,36,19,17
Heraklinos,zuljin,1613,druid,balance,24,17,7
Yosuzume,thrall,1613,druid,balance,74,43,31
Seyedo,sargeras,1613,druid,balance,95,54,41
Forest,frostmourne,1613,druid,balance,46,25,21
Schneidèr,quelthalas,1613,druid,balance,42,20,22
Duglas,illidan,1612,druid,balance,91,55,36
Kïte,drakkari,1612,druid,balance,49,27,22
Grapeful,frostmourne,1612,druid,balance,72,39,33
Blàtté,zuljin,1611,druid,balance,30,24,6
Ellguin,malganis,1611,druid,balance,60,44,16
Gummoo,tichondrius,1611,druid,balance,90,59,31
Prøspect,moon-guard,1611,druid,balance,29,18,11
Chikntenderz,illidan,1611,druid,balance,103,59,44
Eatmorchiken,boulderfist,1611,druid,balance,37,21,16
Twcrazyk,tichondrius,1611,druid,balance,79,38,41
Glòom,stormrage,1610,druid,balance,36,23,13
Shiftybuga,frostmourne,1610,druid,balance,87,55,32
Zukru,malganis,1610,druid,balance,108,64,44
Bluechew,bleeding-hollow,1610,druid,balance,98,58,40
Jucleiton,azralon,1610,druid,balance,144,83,61
Taszy,blackrock,1610,druid,balance,94,52,42
Laradea,argent-dawn,1609,druid,balance,38,27,11
Alaillais,moon-guard,1609,druid,balance,48,28,20
Shafted,kelthuzad,1609,druid,balance,36,21,15
Stärscrëäm,darkspear,1609,druid,balance,153,85,68
Sxc,frostmourne,1609,druid,balance,52,27,25
Mommybod,stormrage,1608,druid,balance,90,59,31
Kittyboy,emerald-dream,1607,druid,balance,30,21,9
Kittiepurry,blackrock,1607,druid,balance,112,63,49
Moonrg,stormrage,1607,druid,balance,107,53,54
Boome,blackrock,1606,druid,balance,272,141,131
Awazing,illidan,1606,druid,balance,83,40,43
Smokeytheelf,illidan,1605,druid,balance,107,64,43
Empriona,wildhammer,1605,druid,balance,37,22,15
Braviel,stormrage,1605,druid,balance,54,32,22
Ashstarfall,barthilas,1605,druid,balance,66,39,27
Dontfloodit,tichondrius,1605,druid,balance,198,102,96
Baboongodx,frostmourne,1605,druid,balance,35,18,17
Lumipawz,frostmourne,1604,druid,balance,49,35,14
Hairykin,blades-edge,1604,druid,balance,62,38,24
Hefe,terenas,1604,druid,balance,48,28,20
Nehrudruid,area-52,1603,druid,balance,24,17,7
Sjchicken,tichondrius,1602,druid,balance,54,31,23
Smwise,tichondrius,1602,druid,balance,30,17,13
Starcastic,tichondrius,1602,druid,balance,198,104,94
Bearserk,rexxar,1602,druid,balance,126,66,60
Erutan,malganis,1602,druid,balance,60,30,30
Bruddahderpp,tichondrius,1601,druid,balance,66,45,21
Nuubmurph,stormrage,1601,druid,balance,45,29,16
Galadriowl,dalaran,1601,druid,balance,54,26,28
Ataraxie,illidan,1600,druid,balance,103,58,45
Wasabilol,tichondrius,1600,druid,balance,213,113,100
Mengniulol,tichondrius,1599,druid,balance,30,17,13
Woog,moon-guard,1599,druid,balance,180,99,81
Ironsightsdr,dalaran,1599,druid,balance,110,57,53
Droodad,mannoroth,1599,druid,balance,77,34,43
Donresantis,stormreaver,1598,druid,balance,114,60,54
Dirtmaggot,barthilas,1597,druid,balance,31,21,10
Whiteseal,frostmourne,1597,druid,balance,91,58,33
Syclonez,stormrage,1597,druid,balance,72,38,34
Doomkiñ,darkspear,1597,druid,balance,47,22,25
Adaptivv,sargeras,1596,druid,balance,48,33,15
Fìlø,bleeding-hollow,1596,druid,balance,298,163,135
Ghaal,tichondrius,1596,druid,balance,174,95,79
Boattastic,terenas,1596,druid,balance,155,75,80
Hàchi,malganis,1595,druid,balance,24,17,7
Wp,proudmoore,1595,druid,balance,76,48,28
Tomletrain,zuljin,1595,druid,balance,57,35,22
Cabek,malganis,1595,druid,balance,120,65,55
Sítkä,ragnaros,1595,druid,balance,157,85,72
Forsake,sargeras,1595,druid,balance,60,30,30
Skurts,tichondrius,1594,druid,balance,39,25,14
Blackjésüs,kelthuzad,1594,druid,balance,153,86,67
Secodegatø,ragnaros,1594,druid,balance,58,32,26
Gladdz,tichondrius,1594,druid,balance,89,47,42
Deed,korialstrasz,1594,druid,balance,63,30,33
Olongjonsson,wyrmrest-accord,1594,druid,balance,82,38,44
Thíççboí,tichondrius,1593,druid,balance,30,19,11
Faelonk,frostmourne,1592,druid,balance,30,23,7
Slottpocket,malganis,1592,druid,balance,42,24,18
Kittycleave,tichondrius,1591,druid,balance,30,20,10
Ragingtauren,burning-blade,1591,druid,balance,84,47,37
Draügus,azralon,1591,druid,balance,42,22,20
Scoon,aegwynn,1591,druid,balance,118,61,57
Quefemme,kelthuzad,1590,druid,balance,41,23,18
Atagoo,tichondrius,1590,druid,balance,204,107,97
Uckin,bleeding-hollow,1590,druid,balance,42,22,20
Orgnalf,area-52,1589,druid,balance,42,23,19
Ghostwolfe,area-52,1589,druid,balance,42,22,20
Milkman,mannoroth,1589,druid,balance,54,24,30
Nodeathz,sargeras,1588,druid,balance,34,20,14
Harambetwo,quelthalas,1588,druid,balance,36,17,19
Jaspen,bleeding-hollow,1587,druid,balance,24,17,7
Skirts,area-52,1587,druid,balance,65,37,28
Furryswipe,proudmoore,1587,druid,balance,74,41,33
Nbnbnb,proudmoore,1587,druid,balance,45,22,23
Kelagoat,kiljaeden,1587,druid,balance,100,48,52
Ligerbomb,bleeding-hollow,1586,druid,balance,30,17,13
Flowérz,illidan,1586,druid,balance,48,27,21
Bresmeato,barthilas,1585,druid,balance,83,49,34
Kuaite,azralon,1585,druid,balance,118,58,60
Highbye,area-52,1584,druid,balance,108,65,43
Genghisz,area-52,1584,druid,balance,180,96,84
Cyeq,blackrock,1584,druid,balance,389,203,186
Protagonist,zuluhed,1584,druid,balance,139,69,70
Enrÿu,nemesis,1583,druid,balance,75,45,30
Quelarre,velen,1583,druid,balance,112,60,52
Epicworld,stormrage,1582,druid,balance,165,94,71
Dabzndots,tichondrius,1581,druid,balance,122,74,48
Fatsquid,tichondrius,1581,druid,balance,66,40,26
Auras,kelthuzad,1581,druid,balance,132,78,54
Canek,ghostlands,1581,druid,balance,149,82,67
Jentlegiant,tichondrius,1581,druid,balance,72,38,34
Wiiee,darkspear,1580,druid,balance,92,56,36
Bocephus,dark-iron,1580,druid,balance,72,43,29
Greenseed,nagrand,1580,druid,balance,106,62,44
Chedisdru,mugthol,1580,druid,balance,48,28,20
Shîfty,ysondre,1580,druid,balance,65,35,30
Trippyshift,hyjal,1580,druid,balance,60,30,30
Jeanz,bonechewer,1579,druid,balance,36,22,14
Honahjill,emerald-dream,1579,druid,balance,30,18,12
Iluvbae,bleeding-hollow,1579,druid,balance,157,89,68
Bignuke,azjolnerub,1579,druid,balance,246,133,113
Goldentaint,tichondrius,1579,druid,balance,78,42,36
Poshspise,nathrezim,1579,druid,balance,54,28,26
Ruffriderr,tichondrius,1577,druid,balance,67,41,26
Huggerino,stormrage,1577,druid,balance,94,54,40
Astrals,runetotem,1577,druid,balance,39,21,18
Midnitetoker,hyjal,1577,druid,balance,105,52,53
Druiddruid,daggerspine,1575,druid,balance,71,42,29
Lightconvoke,norgannon,1575,druid,balance,78,44,34
Swappy,korgath,1575,druid,balance,156,84,72
Gaawdx,illidan,1575,druid,balance,166,83,83
Venkin,gnomeregan,1575,druid,balance,147,73,74
Reddruid,sargeras,1574,druid,balance,33,20,13
Maimz,tichondrius,1574,druid,balance,201,112,89
Wildbloom,draenor,1574,druid,balance,259,136,123
Showmanship,tichondrius,1574,druid,balance,164,85,79
Bigmilky,bloodhoof,1574,druid,balance,89,46,43
Maviç,hyjal,1572,druid,balance,205,106,99
Balanci,stormrage,1572,druid,balance,124,64,60
Nodadpullout,tichondrius,1572,druid,balance,51,25,26
Aethertide,stormrage,1570,druid,balance,59,27,32
Imhealer,drakkari,1568,druid,balance,35,21,14
Corym,frostmourne,1568,druid,balance,119,69,50
Hikoro,sargeras,1567,druid,balance,132,78,54
Renamebdsm,cenarius,1567,druid,balance,36,19,17
Tsup,sargeras,1567,druid,balance,47,23,24
Ralphrawr,barthilas,1567,druid,balance,72,30,42
Jruids,stormrage,1566,druid,balance,102,60,42
Queiq,kelthuzad,1566,druid,balance,72,41,31
Wyldfire,azjolnerub,1566,druid,balance,36,20,16
Yoglosmas,tichondrius,1566,druid,balance,101,56,45
Draide,dragonblight,1566,druid,balance,55,27,28
Sneeks,ragnaros,1565,druid,balance,36,23,13
Inuyasha,sargeras,1565,druid,balance,71,39,32
Mainera,sargeras,1565,druid,balance,61,33,28
Céléstial,azralon,1564,druid,balance,64,35,29
Swoopy,stormrage,1563,druid,balance,79,44,35
Ashvir,wyrmrest-accord,1563,druid,balance,79,41,38
Slumpxaddy,illidan,1562,druid,balance,35,21,14
Xiaoshuaigê,illidan,1562,druid,balance,30,18,12
Boomfire,thaurissan,1562,druid,balance,75,39,36
Pecopeco,sargeras,1562,druid,balance,42,20,22
Raddosaurus,area-52,1560,druid,balance,101,52,49
Furor,eonar,1560,druid,balance,42,18,24
Rootchan,azralon,1559,druid,balance,76,49,27
Corki,vashj,1559,druid,balance,48,29,19
Kitinglol,alexstrasza,1559,druid,balance,86,44,42
Dolwizz,tichondrius,1559,druid,balance,80,34,46
Arnlu,malganis,1558,druid,balance,51,28,23
Indicamicah,tichondrius,1558,druid,balance,66,36,30
Montrá,stormrage,1558,druid,balance,172,83,89
Ghostowl,thrall,1557,druid,balance,83,52,31
Sneakichode,tichondrius,1557,druid,balance,92,55,37
Polánd,area-52,1557,druid,balance,87,47,40
Catahoula,lothar,1555,druid,balance,48,29,19
Blitzkreigtv,area-52,1555,druid,balance,63,34,29
Nûû,tichondrius,1555,druid,balance,38,20,18
Drunknoodles,stormrage,1554,druid,balance,47,28,19
Polvinhoo,azralon,1554,druid,balance,133,71,62
Slowbleeds,blood-furnace,1553,druid,balance,30,18,12
Faruu,tichondrius,1553,druid,balance,30,18,12
Thumpb,bronzebeard,1553,druid,balance,36,20,16
Thespían,tichondrius,1553,druid,balance,369,193,176
Columpio,area-52,1553,druid,balance,54,28,26
Drdrulittle,darkspear,1553,druid,balance,78,40,38
Paddywhacked,tichondrius,1552,druid,balance,78,47,31
Rashmi,kiljaeden,1552,druid,balance,42,22,20
Meowmixx,frostmane,1552,druid,balance,107,56,51
Afpak,sargeras,1551,druid,balance,84,45,39
Frames,area-52,1551,druid,balance,118,54,64
Piping,thunderlord,1550,druid,balance,48,28,20
Druidlolwtf,area-52,1550,druid,balance,120,59,61
Pawpa,daggerspine,1549,druid,balance,30,20,10
Möôn,darkspear,1549,druid,balance,30,17,13
Ånðrømæðå,sargeras,1549,druid,balance,126,64,62
Duckdie,moon-guard,1549,druid,balance,36,18,18
Swiftroots,tichondrius,1548,druid,balance,38,21,17
Wattami,area-52,1547,druid,balance,47,24,23
Goldzin,stormrage,1546,druid,balance,45,29,16
Kelrelyrare,kiljaeden,1546,druid,balance,42,22,20
Clonexlt,wyrmrest-accord,1545,druid,balance,113,63,50
Yaboydave,stonemaul,1545,druid,balance,123,62,61
Tompunch,tichondrius,1543,druid,balance,35,22,13
Stennz,tichondrius,1543,druid,balance,31,19,12
Beretta,rexxar,1542,druid,balance,96,53,43
Hoagiecannon,moon-guard,1541,druid,balance,167,89,78
Rígél,ragnaros,1541,druid,balance,332,174,158
Formgodx,malganis,1540,druid,balance,52,23,29
Epitwo,aggramar,1538,druid,balance,24,20,4
Starsurgê,tichondrius,1538,druid,balance,90,53,37
Grapejuice,bleeding-hollow,1538,druid,balance,209,111,98
Birdmandaddy,bleeding-hollow,1538,druid,balance,42,22,20
Kuwä,proudmoore,1538,druid,balance,128,67,61
Taurenasarus,area-52,1538,druid,balance,117,58,59
Narthurs,ragnaros,1537,druid,balance,120,64,56
Banumm,sargeras,1537,druid,balance,42,21,21
Sàbrè,darkspear,1537,druid,balance,36,17,19
Ïny,emerald-dream,1536,druid,balance,40,21,19
Buffboomy,malganis,1535,druid,balance,24,16,8
Thunderhox,tichondrius,1535,druid,balance,103,57,46
Tanawak,tichondrius,1535,druid,balance,65,29,36
Mayathree,bleeding-hollow,1534,druid,balance,18,16,2
Bullquenepas,dalaran,1534,druid,balance,34,19,15
Slipprypickl,archimonde,1534,druid,balance,66,33,33
Clense,tichondrius,1533,druid,balance,73,44,29
Audacities,bloodhoof,1533,druid,balance,106,61,45
Alucardxd,ragnaros,1533,druid,balance,118,61,57
Pawpurrazzi,darkspear,1533,druid,balance,205,105,100
Fironous,nerzhul,1532,druid,balance,36,20,16
Groggs,frostwolf,1532,druid,balance,45,22,23
Lydariel,tichondrius,1530,druid,balance,138,88,50
Zelø,zuljin,1530,druid,balance,30,16,14
Starsurgeon,thrall,1530,druid,balance,185,97,88
Xiaodlol,tichondrius,1529,druid,balance,28,17,11
Basulto,tichondrius,1529,druid,balance,132,72,60
Kg,cenarion-circle,1528,druid,balance,162,93,69
Brockolini,tichondrius,1528,druid,balance,82,44,38
Sill,illidan,1528,druid,balance,35,18,17
Nevershiftx,kirin-tor,1526,druid,balance,24,16,8
Feralownage,malorne,1526,druid,balance,54,33,21
Ðjx,stormrage,1525,druid,balance,49,37,12
Shebleeder,aegwynn,1525,druid,balance,60,34,26
Pavati,bleeding-hollow,1525,druid,balance,79,44,35
Seneshy,azralon,1524,druid,balance,71,47,24
Shiftybiznes,black-dragonflight,1524,druid,balance,39,23,16
Espoir,azuremyst,1524,druid,balance,45,25,20
Swooped,emerald-dream,1524,druid,balance,65,35,30
Saltbae,velen,1524,druid,balance,43,19,24
Rouse,tichondrius,1523,druid,balance,78,51,27
Formmaster,malganis,1523,druid,balance,94,50,44
Meowzzy,emerald-dream,1522,druid,balance,30,17,13
Terkpla,ragnaros,1519,druid,balance,72,45,27
Nightshiver,bleeding-hollow,1519,druid,balance,36,19,17
Bippygucci,tichondrius,1518,druid,balance,78,38,40
Hitchslaps,tichondrius,1517,druid,balance,54,30,24
Børing,sargeras,1517,druid,balance,81,44,37
Musha,tichondrius,1517,druid,balance,57,30,27
Sakurao,tichondrius,1517,druid,balance,155,76,79
Skyde,sargeras,1517,druid,balance,36,17,19
Dabomb,malorne,1516,druid,balance,107,60,47
Groovyroom,tichondrius,1516,druid,balance,42,23,19
Nerzert,sargeras,1516,druid,balance,102,50,52
Antiherø,sargeras,1515,druid,balance,24,16,8
Chikenflu,tichondrius,1515,druid,balance,94,54,40
Pëps,emerald-dream,1514,druid,balance,48,27,21
Goopydruid,thrall,1514,druid,balance,38,17,21
Ganjácookies,stormrage,1513,druid,balance,40,26,14
Envasions,emerald-dream,1513,druid,balance,102,56,46
Maxable,alleria,1513,druid,balance,75,40,35
Druidmf,sargeras,1512,druid,balance,36,23,13
Seytu,sargeras,1512,druid,balance,38,20,18
Owlgz,barthilas,1511,druid,balance,60,30,30
Petitjeremy,zuljin,1511,druid,balance,54,26,28
Undeadshammy,tichondrius,1511,druid,balance,88,41,47
Watchmecap,silvermoon,1510,druid,balance,36,25,11
Luke,ghostlands,1510,druid,balance,24,16,8
Ramannoodlr,tichondrius,1510,druid,balance,45,24,21
Gossìpgoat,frostmourne,1510,druid,balance,80,42,38
Bigherbo,zuljin,1510,druid,balance,128,65,63
Darkombra,frostmourne,1510,druid,balance,66,30,36
Stepdru,sargeras,1509,druid,balance,49,30,19
Notadopted,sargeras,1509,druid,balance,36,19,17
Pissoutside,frostmourne,1509,druid,balance,65,34,31
Bronkez,azralon,1509,druid,balance,178,91,87
Hudalu,wyrmrest-accord,1508,druid,balance,42,22,20
Mythienair,stormrage,1508,druid,balance,39,19,20
Goonrip,frostmourne,1507,druid,balance,36,21,15
Stormmantlé,moon-guard,1507,druid,balance,59,32,27
Noans,proudmoore,1507,druid,balance,30,16,14
Lepolle,ragnaros,1506,druid,balance,57,35,22
Guidoanchovz,thrall,1505,druid,balance,24,16,8
Hyzah,tichondrius,1505,druid,balance,30,16,14
Mørphea,darkspear,1505,druid,balance,42,20,22
Vyrrath,stormrage,1504,druid,balance,32,19,13
Iny,area-52,1504,druid,balance,35,19,16
Tickler,durotan,1504,druid,balance,55,26,29
Druidad,spirestone,1503,druid,balance,48,35,13
Nyakalu,quelthalas,1503,druid,balance,36,18,18
Umsal,tichondrius,1502,druid,balance,63,32,31
Thatscute,moon-guard,1500,druid,balance,449,231,218
Déi,malganis,1499,druid,balance,54,33,21
Nephdruid,stormrage,1499,druid,balance,98,57,41
Kazamura,tichondrius,1499,druid,balance,88,38,50
Völsüng,tichondrius,1498,druid,balance,240,125,115
Ocâ,cenarius,1496,druid,balance,66,37,29
Thorothir,ragnaros,1496,druid,balance,173,93,80
Tak,garrosh,1496,druid,balance,36,17,19
Høt,thunderhorn,1495,druid,balance,34,21,13
Thullian,stormrage,1495,druid,balance,31,17,14
Meowfacebby,stormrage,1494,druid,balance,41,21,20
Yoloboomkin,tichondrius,1494,druid,balance,52,26,26
Gudkittykat,aggramar,1494,druid,balance,48,24,24
November,wyrmrest-accord,1492,druid,balance,146,78,68
Sunspot,tichondrius,1492,druid,balance,48,19,29
Yukcyducky,tichondrius,1491,druid,balance,39,24,15
Shumarina,mannoroth,1491,druid,balance,60,31,29
Canola,tichondrius,1490,druid,balance,26,17,9
Serega,skywall,1490,druid,balance,41,24,17
Museafour,tichondrius,1490,druid,balance,72,42,30
Wildsïde,tichondrius,1490,druid,balance,48,28,20
Jawnfurry,tichondrius,1489,druid,balance,64,32,32
Burninmôön,tichondrius,1489,druid,balance,47,16,31
Zoomchicken,stormrage,1487,druid,balance,36,26,10
Oo,grizzly-hills,1487,druid,balance,37,24,13
Lunarstone,tichondrius,1487,druid,balance,55,30,25
Dtefy,ragnaros,1486,druid,balance,35,25,10
Cdroo,burning-blade,1486,druid,balance,24,16,8
Jáguar,frostmourne,1486,druid,balance,131,76,55
Jâykeup,lightbringer,1486,druid,balance,162,88,74
Liñk,sargeras,1486,druid,balance,53,26,27
Arescarriess,shuhalo,1485,druid,balance,71,37,34
Snw,sargeras,1485,druid,balance,84,40,44
Ularda,bleeding-hollow,1484,druid,balance,54,33,21
Sensation,illidan,1484,druid,balance,42,23,19
Umadornahh,malganis,1484,druid,balance,54,28,26
Datlogan,tichondrius,1484,druid,balance,48,19,29
Airinsurgent,stormrage,1483,druid,balance,86,43,43
Druuyid,jubeithos,1482,druid,balance,194,103,91
Maplêleaf,moon-guard,1482,druid,balance,325,163,162
Skêet,tichondrius,1482,druid,balance,147,72,75
Spicydurid,tichondrius,1482,druid,balance,44,21,23
Stormrrage,demon-soul,1481,druid,balance,87,51,36
Illilydan,tichondrius,1481,druid,balance,190,99,91
Druee,tichondrius,1481,druid,balance,118,58,60
Kittygoboom,kiljaeden,1481,druid,balance,226,107,119
Theirs,tichondrius,1480,druid,balance,206,118,88
Gatø,area-52,1480,druid,balance,161,74,87
Ellysian,malganis,1479,druid,balance,36,18,18
Zodovia,illidan,1479,druid,balance,90,39,51
Boostgu,illidan,1478,druid,balance,41,24,17
Eøle,stormrage,1477,druid,balance,48,30,18
Fahnir,ragnaros,1477,druid,balance,72,40,32
Redscyclone,dalaran,1477,druid,balance,31,17,14
Grandsoleil,tichondrius,1477,druid,balance,48,23,25
Hayop,illidan,1477,druid,balance,126,58,68
Hootz,kelthuzad,1475,druid,balance,28,19,9
Saturday,frostmourne,1474,druid,balance,49,31,18
Juicylumpia,sargeras,1474,druid,balance,30,16,14
Stormbeef,tichondrius,1473,druid,balance,30,16,14
Drubuzz,tichondrius,1472,druid,balance,224,118,106
Roundtummy,area-52,1472,druid,balance,132,67,65
Hosehead,malganis,1471,druid,balance,182,102,80
Kimgurdian,tichondrius,1471,druid,balance,93,45,48
Whiteglade,moon-guard,1471,druid,balance,42,19,23
Druiddreams,frostmourne,1469,druid,balance,42,30,12
Starfallin,aerie-peak,1469,druid,balance,51,27,24
Pirira,quelthalas,1469,druid,balance,75,39,36
Quaras,frostmourne,1469,druid,balance,309,159,150
Partydip,stormrage,1468,druid,balance,60,31,29
Dobrman,sargeras,1468,druid,balance,100,48,52
Suncintus,aggramar,1468,druid,balance,60,27,33
Scarymon,tichondrius,1467,druid,balance,117,64,53
Alliess,aerie-peak,1467,druid,balance,159,81,78
Zgg,ragnaros,1466,druid,balance,114,53,61
Nokash,tichondrius,1466,druid,balance,85,37,48
Brettdadad,shandris,1465,druid,balance,36,23,13
Siberian,lightnings-blade,1465,druid,balance,121,63,58
Repanda,proudmoore,1465,druid,balance,249,126,123
Pártyx,tichondrius,1464,druid,balance,57,36,21
Dustin,moon-guard,1464,druid,balance,55,28,27
Famóus,stormrage,1463,druid,balance,28,17,11
Atherra,sargeras,1463,druid,balance,197,112,85
Notsofat,deathwing,1463,druid,balance,33,17,16
Unclenya,barthilas,1463,druid,balance,114,52,62
Gravshift,zuljin,1462,druid,balance,36,22,14
Gloomcat,illidan,1462,druid,balance,95,47,48
Ascension,emerald-dream,1461,druid,balance,62,38,24
Timdillon,emerald-dream,1461,druid,balance,48,26,22
Coorvinus,stormrage,1461,druid,balance,118,61,57
Windstag,korgath,1461,druid,balance,52,24,28
Tryrah,shattered-hand,1461,druid,balance,42,19,23
Dekmdrui,quelthalas,1460,druid,balance,33,23,10
Rajionu,kiljaeden,1460,druid,balance,30,20,10
Pobà,malganis,1460,druid,balance,48,27,21
Koluna,stormrage,1460,druid,balance,66,36,30
Krooksy,tichondrius,1460,druid,balance,32,17,15
Meatcat,sargeras,1460,druid,balance,48,25,23
Mk,caelestrasz,1460,druid,balance,48,23,25
Mèowcenaary,chogall,1459,druid,balance,84,48,36
Qelthalas,sargeras,1459,druid,balance,306,160,146
Kyndel,kiljaeden,1459,druid,balance,54,26,28
Nightshàdowz,barthilas,1458,druid,balance,48,27,21
Moonfart,zuljin,1458,druid,balance,241,124,117
Spicychicken,lightninghoof,1458,druid,balance,55,25,30
Shiftyn,proudmoore,1457,druid,balance,30,22,8
Dobidas,tichondrius,1457,druid,balance,36,23,13
Saltycats,jaedenar,1457,druid,balance,36,22,14
Bâzinga,bleeding-hollow,1457,druid,balance,71,40,31
Lãzy,tichondrius,1456,druid,balance,96,53,43
Lønewolf,sargeras,1456,druid,balance,127,70,57
Jubeam,area-52,1456,druid,balance,36,19,17
Rakex,tichondrius,1456,druid,balance,114,54,60
Indoee,mannoroth,1455,druid,balance,252,126,126
Satanstoe,illidan,1455,druid,balance,95,47,48
Forestface,dragonmaw,1454,druid,balance,84,45,39
Ghostxkillaz,antonidas,1454,druid,balance,61,31,30
Dreamkin,tichondrius,1454,druid,balance,108,54,54
Nefnef,malganis,1454,druid,balance,42,21,21
Muagor,tichondrius,1454,druid,balance,36,18,18
Therooster,whisperwind,1454,druid,balance,65,29,36
Aranuir,emerald-dream,1452,druid,balance,35,20,15
Jaduss,thrall,1452,druid,balance,62,32,30
Zebyn,tichondrius,1452,druid,balance,33,17,16
Kuroshizen,tichondrius,1452,druid,balance,138,69,69
Deathprofit,thrall,1451,druid,balance,42,18,24
Jeezelouise,kelthuzad,1450,druid,balance,38,26,12
Velaana,tichondrius,1450,druid,balance,139,66,73
Earendiill,azralon,1449,druid,balance,123,67,56
Cerest,kaelthas,1448,druid,balance,34,21,13
Moonowl,crushridge,1448,druid,balance,66,39,27
Juicywap,proudmoore,1448,druid,balance,47,26,21
Druidlow,azralon,1448,druid,balance,79,41,38
Torgreen,quelthalas,1447,druid,balance,29,18,11
Rocee,illidan,1447,druid,balance,115,66,49
Feralchild,emerald-dream,1447,druid,balance,138,78,60
Ssïp,tichondrius,1447,druid,balance,43,22,21
Feathergun,ragnaros,1446,druid,balance,60,36,24
Fripp,stormrage,1446,druid,balance,54,28,26
Sileda,nemesis,1445,druid,balance,25,18,7
Rdruidchump,the-forgotten-coast,1445,druid,balance,32,19,13
Axiomisop,tichondrius,1445,druid,balance,71,42,29
Bighomïe,emerald-dream,1445,druid,balance,48,27,21
Hanekura,moon-guard,1444,druid,balance,48,30,18
Kimnim,tichondrius,1444,druid,balance,37,22,15
Cien,thrall,1444,druid,balance,270,140,130
Luthienne,draktharon,1444,druid,balance,48,24,24
Beastsworn,alexstrasza,1444,druid,balance,66,27,39
Chetmanlee,sargeras,1443,druid,balance,24,16,8
Deathkahn,lightninghoof,1443,druid,balance,102,53,49
Ravenwick,kelthuzad,1442,druid,balance,60,36,24
Stringbeáns,tanaris,1442,druid,balance,122,69,53
Eyzie,stormrage,1442,druid,balance,208,103,105
Tiju,wyrmrest-accord,1442,druid,balance,66,32,34
Ghoouul,tichondrius,1441,druid,balance,69,33,36
Rogsdruid,sargeras,1441,druid,balance,100,43,57
Nuppxx,frostmourne,1440,druid,balance,42,29,13
Cast,moon-guard,1440,druid,balance,28,18,10
Nicotinefien,sargeras,1439,druid,balance,24,15,9
Martians,laughing-skull,1439,druid,balance,24,15,9
Livilla,sargeras,1439,druid,balance,58,32,26
Armorkits,area-52,1438,druid,balance,24,15,9
Hllw,tichondrius,1438,druid,balance,30,15,15
Elvishrage,zuljin,1437,druid,balance,18,15,3
Crazystorm,ragnaros,1437,druid,balance,102,63,39
Softdog,stormrage,1436,druid,balance,70,38,32
Vøldir,tichondrius,1436,druid,balance,41,21,20
Reconus,frostmourne,1435,druid,balance,24,15,9
Ridicules,cenarius,1435,druid,balance,42,26,16
Øutcast,malganis,1435,druid,balance,137,72,65
Chonkykitty,frostmourne,1434,druid,balance,36,23,13
Floofi,kelthuzad,1434,druid,balance,24,15,9
Itchyrat,moon-guard,1434,druid,balance,48,28,20
Solarcannon,shuhalo,1434,druid,balance,248,132,116
Sugarflower,tichondrius,1434,druid,balance,102,52,50
Dèrpin,thrall,1434,druid,balance,75,34,41
Meatbalmagus,stormrage,1433,druid,balance,27,18,9
Squidwonk,sargeras,1433,druid,balance,54,26,28
Buyadoge,area-52,1433,druid,balance,46,21,25
Arealdruid,moon-guard,1433,druid,balance,42,18,24
Kallabaluwa,azralon,1433,druid,balance,59,25,34
Cottonpaw,sargeras,1432,druid,balance,452,237,215
Scraww,tichondrius,1432,druid,balance,35,17,18
Maldobear,stormrage,1431,druid,balance,42,21,21
Falkond,tichondrius,1431,druid,balance,41,20,21
Shapedance,sargeras,1431,druid,balance,35,16,19
Tahnu,deathwing,1430,druid,balance,29,16,13
Kattel,blackrock,1430,druid,balance,329,175,154
Mcy,nerzhul,1430,druid,balance,30,15,15
Driftwood,bonechewer,1428,druid,balance,89,50,39
Aberdare,tichondrius,1428,druid,balance,71,38,33
Brawndiboom,stormrage,1427,druid,balance,133,68,65
Guitarsolos,nagrand,1427,druid,balance,60,28,32
Gënderdruid,tichondrius,1426,druid,balance,18,15,3
Pergutory,frostmourne,1425,druid,balance,30,17,13
Yaboidakota,stormrage,1425,druid,balance,177,92,85
Lumala,drakkari,1425,druid,balance,84,43,41
Walkdown,turalyon,1424,druid,balance,65,31,34
Lunarbalance,veknilash,1424,druid,balance,217,102,115
Ono,daggerspine,1423,druid,balance,24,15,9
Sammio,emerald-dream,1423,druid,balance,110,57,53
Ðeepsixx,burning-legion,1422,druid,balance,64,36,28
Bambozled,sargeras,1422,druid,balance,42,22,20
Flapping,illidan,1422,druid,balance,29,15,14
Azshunara,moon-guard,1422,druid,balance,35,18,17
Nanashi,tichondrius,1421,druid,balance,40,22,18
Müfasä,azralon,1421,druid,balance,71,38,33
Duakx,malganis,1420,druid,balance,121,60,61
Stormaggedon,dalvengyr,1419,druid,balance,96,52,44
Justinheras,area-52,1419,druid,balance,177,94,83
Gilgorash,kiljaeden,1419,druid,balance,86,42,44
Dmtdruid,tichondrius,1419,druid,balance,77,37,40
Hornny,shattered-hand,1418,druid,balance,24,15,9
Katobe,tichondrius,1418,druid,balance,48,27,21
Iloveweed,tichondrius,1418,druid,balance,29,16,13
Amarexf,stormrage,1418,druid,balance,38,18,20
Isomer,kilrogg,1417,druid,balance,36,20,16
Alfurr,tichondrius,1417,druid,balance,126,69,57
Lokdu,area-52,1417,druid,balance,48,26,22
Oakmont,darkspear,1417,druid,balance,42,20,22
Chakrabeam,kelthuzad,1417,druid,balance,48,22,26
Miviaris,alleria,1417,druid,balance,62,26,36
Arawn,jubeithos,1417,druid,balance,36,15,21
Crocface,tichondrius,1415,druid,balance,66,38,28
Styless,azjolnerub,1415,druid,balance,78,43,35
Ayadel,moon-guard,1415,druid,balance,65,32,33
Kawshuhn,bleeding-hollow,1414,druid,balance,145,78,67
Furu,bonechewer,1414,druid,balance,120,63,57
Yeyee,darkspear,1414,druid,balance,30,15,15
Bâgheera,sargeras,1413,druid,balance,30,20,10
Jynxy,sargeras,1413,druid,balance,59,31,28
Balverixqt,tichondrius,1413,druid,balance,42,20,22
Swapclone,sargeras,1413,druid,balance,60,20,40
Charnlok,thunderlord,1411,druid,balance,53,32,21
Wìtchdoctor,barthilas,1411,druid,balance,92,48,44
Jainzar,dreadmaul,1411,druid,balance,63,30,33
Seannybhoy,emerald-dream,1411,druid,balance,63,27,36
Shiftage,frostmane,1411,druid,balance,54,21,33
Dalsardirn,sargeras,1410,druid,balance,30,17,13
Isleyy,tichondrius,1410,druid,balance,34,19,15
Davymangravy,dalaran,1410,druid,balance,48,22,26
Fatcowthank,tichondrius,1410,druid,balance,100,42,58
Venturi,blackwater-raiders,1409,druid,balance,31,17,14
Daddymaple,tichondrius,1409,druid,balance,82,40,42
Sallyshifts,area-52,1409,druid,balance,140,68,72
Abzuri,kiljaeden,1408,druid,balance,36,17,19
Quincunx,tichondrius,1407,druid,balance,282,152,130
Dovaahkhiin,tichondrius,1406,druid,balance,48,24,24
Shrubzilla,area-52,1406,druid,balance,36,15,21
Trollsmind,tichondrius,1405,druid,balance,96,52,44
Chillaxin,gundrak,1404,druid,balance,27,16,11
Speedynut,area-52,1404,druid,balance,51,30,21
Lucidkiaru,moon-guard,1404,druid,balance,73,40,33
Mythelian,icecrown,1403,druid,balance,72,42,30
Oflodor,azralon,1403,druid,balance,42,23,19
Vicorin,illidan,1402,druid,balance,30,17,13
Tone,illidan,1402,druid,balance,150,73,77
Ammarik,area-52,1401,druid,balance,42,20,22
Dagoodestboy,shadowmoon,1401,druid,balance,36,15,21
Barrahjr,frostmourne,1400,druid,balance,69,38,31
Hollyberry,hyjal,1400,druid,balance,82,45,37
Cudbacrakhed,tichondrius,1399,druid,balance,48,27,21
Envoy,sargeras,1399,druid,balance,84,44,40
Monsin,illidan,1398,druid,balance,190,95,95
Nightstalkr,kelthuzad,1397,druid,balance,210,110,100
Nothanxx,dalaran,1397,druid,balance,69,31,38
Gullmock,quelthalas,1397,druid,balance,90,40,50
Ulcera,nemesis,1396,druid,balance,33,17,16
Jonoa,nagrand,1395,druid,balance,141,80,61
Mauiie,stormrage,1394,druid,balance,30,15,15
Evilakali,tichondrius,1393,druid,balance,88,49,39
Georgcycloni,zuljin,1393,druid,balance,62,33,29
Haneulso,tichondrius,1393,druid,balance,267,138,129
Radagaste,stormrage,1393,druid,balance,76,38,38
Campdoctor,azralon,1392,druid,balance,38,21,17
Yseraspawn,kelthuzad,1392,druid,balance,42,21,21
Trickatreyy,kelthuzad,1392,druid,balance,43,21,22
Pokémon,grizzly-hills,1391,druid,balance,54,29,25
Apex,terenas,1391,druid,balance,69,32,37
Daroot,spinebreaker,1390,druid,balance,60,34,26
Beastmanqq,kiljaeden,1390,druid,balance,34,19,15
Vorare,tichondrius,1389,druid,balance,38,22,16
Fluff,gurubashi,1388,druid,balance,30,15,15
Pigmanbear,kelthuzad,1387,druid,balance,54,29,25
Spìcychicken,garrosh,1387,druid,balance,35,17,18
Trenboloone,area-52,1387,druid,balance,36,17,19
Nomnomurface,tichondrius,1385,druid,balance,78,40,38
Grymdruid,wyrmrest-accord,1384,druid,balance,24,17,7
Amv,tichondrius,1384,druid,balance,48,24,24
Bigbeugs,frostmourne,1382,druid,balance,36,19,17
Flatnose,agamaggan,1382,druid,balance,42,21,21
Finntröll,area-52,1381,druid,balance,94,48,46
Snailbeam,shattered-hand,1381,druid,balance,78,34,44
Ironbark,azuremyst,1381,druid,balance,39,16,23
Capybara,nerzhul,1380,druid,balance,29,15,14
Atsiri,tichondrius,1380,druid,balance,41,20,21
Pneumashift,tichondrius,1379,druid,balance,30,22,8
Notwhaaz,area-52,1379,druid,balance,84,33,51
Jiya,zuljin,1379,druid,balance,54,21,33
Aozeh,kiljaeden,1378,druid,balance,36,22,14
Mommyx,stormrage,1378,druid,balance,78,37,41
Roshaka,shadowmoon,1378,druid,balance,36,17,19
Sìrfüzzy,proudmoore,1376,druid,balance,30,15,15
Huskars,tichondrius,1375,druid,balance,48,26,22
Atmospherè,tichondrius,1374,druid,balance,166,83,83
Tugond,tichondrius,1374,druid,balance,72,33,39
Bluppers,area-52,1373,druid,balance,17,15,2
Mooing,azralon,1373,druid,balance,70,45,25
Torhok,azralon,1373,druid,balance,54,32,22
Furocious,shadowsong,1372,druid,balance,24,15,9
Tugboat,saurfang,1370,druid,balance,30,15,15
Xevão,nemesis,1370,druid,balance,126,60,66
Jüjú,tichondrius,1369,druid,balance,48,28,20
Alecxeon,tichondrius,1369,druid,balance,78,41,37
Dráz,stormrage,1368,druid,balance,60,31,29
Raximus,moon-guard,1368,druid,balance,257,129,128
Marakar,nazjatar,1368,druid,balance,59,29,30
Mufaasa,boulderfist,1367,druid,balance,208,112,96
Spawnolyonce,gorefiend,1367,druid,balance,71,34,37
Asteriel,stormrage,1367,druid,balance,60,27,33
Binnchook,barthilas,1366,druid,balance,31,19,12
Shadowformer,kelthuzad,1366,druid,balance,27,16,11
Völltzx,azralon,1366,druid,balance,32,17,15
Chupappi,tichondrius,1366,druid,balance,48,21,27
Orkinetvx,frostmourne,1365,druid,balance,109,65,44
Barekat,emerald-dream,1365,druid,balance,70,40,30
Maulinyou,whisperwind,1365,druid,balance,72,39,33
Gepardéx,ragnaros,1364,druid,balance,320,158,162
Regnier,burning-blade,1364,druid,balance,133,65,68
Throatjelly,blackrock,1363,druid,balance,48,26,22
Trythis,tichondrius,1363,druid,balance,109,59,50
Leonardsby,tichondrius,1363,druid,balance,67,33,34
Hypernovax,tichondrius,1362,druid,balance,270,131,139
Deez,korgath,1362,druid,balance,68,31,37
Winekoolers,malganis,1361,druid,balance,90,47,43
Aeldryth,sargeras,1361,druid,balance,60,26,34
Jinglebells,kiljaeden,1360,druid,balance,84,48,36
Merquiades,drakkari,1360,druid,balance,30,16,14
Samelthios,proudmoore,1360,druid,balance,44,21,23
Dkat,malganis,1359,druid,balance,114,60,54
Nøêl,quelthalas,1359,druid,balance,54,23,31
Skum,bloodscalp,1359,druid,balance,128,54,74
Saeval,korgath,1358,druid,balance,109,57,52
Lùna,barthilas,1358,druid,balance,48,24,24
Damallis,anubarak,1357,druid,balance,57,34,23
Veraciouss,sargeras,1357,druid,balance,36,20,16
Sberry,illidan,1357,druid,balance,245,124,121
Boomskiet,stormrage,1357,druid,balance,134,65,69
Instanodle,proudmoore,1356,druid,balance,54,26,28
Bondlolo,illidan,1356,druid,balance,53,22,31
Graffsworth,emerald-dream,1355,druid,balance,158,80,78
Msparker,illidan,1355,druid,balance,90,36,54
Onidudu,frostmourne,1353,druid,balance,36,21,15
Rezstars,tichondrius,1353,druid,balance,97,55,42
Sofereir,frostmourne,1353,druid,balance,167,81,86
Meathook,kiljaeden,1353,druid,balance,37,16,21
Dedgame,malfurion,1351,druid,balance,26,16,10
Slimeyjoe,moon-guard,1351,druid,balance,90,51,39
Nebulose,moon-guard,1351,druid,balance,71,29,42
Clawriander,barthilas,1350,druid,balance,119,54,65
Spudpatikins,barthilas,1349,druid,balance,57,28,29
Rasmootìn,tichondrius,1348,druid,balance,30,15,15
Slingin,illidan,1348,druid,balance,66,32,34
Sekzor,darkspear,1346,druid,balance,41,22,19
Pãl,quelthalas,1345,druid,balance,61,37,24
Limikeen,bleeding-hollow,1345,druid,balance,48,22,26
Marcee,frostmourne,1345,druid,balance,56,25,31
Krazykritz,illidan,1343,druid,balance,39,19,20
Beamerboy,bleeding-hollow,1342,druid,balance,24,14,10
Gitsnshigles,frostmourne,1342,druid,balance,49,25,24
Bigdips,darkspear,1341,druid,balance,54,32,22
Shemeus,malganis,1341,druid,balance,60,29,31
Xoicowboy,tichondrius,1340,druid,balance,18,14,4
Starfallgg,sargeras,1340,druid,balance,18,14,4
Datdruidrod,illidan,1340,druid,balance,114,60,54
Gønkh,quelthalas,1340,druid,balance,112,55,57
Bearhug,dragonmaw,1339,druid,balance,36,24,12
Imaoo,illidan,1339,druid,balance,24,14,10
Mctree,cenarius,1339,druid,balance,230,124,106
Zèrkz,tichondrius,1339,druid,balance,239,124,115
Maxfd,tichondrius,1338,druid,balance,24,14,10
Volddy,tichondrius,1338,druid,balance,129,73,56
Schnitter,thrall,1338,druid,balance,40,18,22
Volatus,emerald-dream,1337,druid,balance,29,16,13
Starsaber,dalaran,1337,druid,balance,60,32,28
Germainee,shandris,1336,druid,balance,24,14,10
Leafmealone,chogall,1335,druid,balance,18,14,4
Hännibal,hydraxis,1335,druid,balance,24,14,10
Expatcow,tichondrius,1335,druid,balance,24,14,10
Runhe,zuljin,1335,druid,balance,58,33,25
Drewpg,zuljin,1335,druid,balance,48,24,24
Skaie,ragnaros,1335,druid,balance,30,14,16
Mntra,emerald-dream,1334,druid,balance,24,14,10
Sergat,stormreaver,1334,druid,balance,106,55,51
Convokendem,darkspear,1333,druid,balance,24,14,10
Egotistic,tichondrius,1333,druid,balance,24,14,10
Itchyfurball,sargeras,1333,druid,balance,24,14,10
Imnotinhuman,tichondrius,1333,druid,balance,41,22,19
Boombot,proudmoore,1333,druid,balance,39,20,19
Droody,earthen-ring,1333,druid,balance,40,20,20
Nutbutterpie,stormrage,1333,druid,balance,30,14,16
Yungterp,zuljin,1332,druid,balance,18,14,4
Alagoano,azralon,1332,druid,balance,128,79,49
Deths,frostmourne,1331,druid,balance,36,22,14
Deerwhite,ragnaros,1331,druid,balance,35,18,17
Hautheurel,illidan,1330,druid,balance,18,14,4
Feroz,frostmourne,1330,druid,balance,34,20,14
Immortalwild,tichondrius,1330,druid,balance,215,112,103
Stärfäll,frostmourne,1329,druid,balance,52,34,18
Koreanboom,tichondrius,1329,druid,balance,24,14,10
Shorthorn,mannoroth,1329,druid,balance,162,92,70
Antidreamer,tichondrius,1328,druid,balance,30,14,16
Giantmoobies,zuluhed,1328,druid,balance,42,19,23
Nolifer,sargeras,1327,druid,balance,50,31,19
Pepperpawz,emerald-dream,1327,druid,balance,24,14,10
Lolbearform,undermine,1327,druid,balance,59,32,27
Leetpete,eitrigg,1326,druid,balance,30,15,15
Teladrizzle,dalaran,1326,druid,balance,35,16,19
Redwallon,emerald-dream,1325,druid,balance,24,15,9
Apoc,bleeding-hollow,1324,druid,balance,38,23,15
Bozart,stormrage,1324,druid,balance,44,21,23
Cexyomi,tichondrius,1324,druid,balance,30,14,16
Squidrific,tichondrius,1323,druid,balance,105,60,45
Ungreed,tichondrius,1322,druid,balance,81,42,39
Pawz,windrunner,1322,druid,balance,85,42,43
Miedó,ragnaros,1322,druid,balance,116,55,61
Haxzr,sargeras,1321,druid,balance,60,35,25
Koducck,tichondrius,1321,druid,balance,24,14,10
Zettka,tichondrius,1321,druid,balance,63,33,30
Taycan,bonechewer,1320,druid,balance,24,14,10
Thebass,spinebreaker,1320,druid,balance,30,16,14
Zazacat,moon-guard,1320,druid,balance,40,17,23
Uuli,area-52,1318,druid,balance,36,23,13
Rkbnz,ragnaros,1318,druid,balance,30,14,16
Mihnt,sargeras,1318,druid,balance,52,20,32
Moorgasmic,tichondrius,1317,druid,balance,69,29,40
Lilrichdmg,sargeras,1316,druid,balance,18,14,4
Knoxella,moon-guard,1316,druid,balance,253,129,124
Awkwarder,emerald-dream,1316,druid,balance,260,125,135
Talinel,illidan,1315,druid,balance,36,14,22
Vawdka,proudmoore,1314,druid,balance,51,30,21
Basilix,moon-guard,1314,druid,balance,116,60,56
Banzbear,gilneas,1314,druid,balance,36,14,22
Lavenderowl,arthas,1313,druid,balance,66,36,30
Flôkey,tichondrius,1313,druid,balance,54,27,27
Cornedbeefz,mannoroth,1312,druid,balance,24,16,8
Réko,sargeras,1311,druid,balance,46,26,20
Ernest,goldrinn,1311,druid,balance,70,34,36
Alwind,alleria,1311,druid,balance,232,110,122
Stonefruit,mannoroth,1311,druid,balance,54,21,33
Fatjona,illidan,1310,druid,balance,78,37,41
Draden,moknathal,1309,druid,balance,56,29,27
Odweaven,thunderlord,1308,druid,balance,87,43,44
Hamïlton,ragnaros,1308,druid,balance,109,52,57
Côheed,bleeding-hollow,1308,druid,balance,60,22,38
Nimfaa,nemesis,1307,druid,balance,42,25,17
Ðementia,stormrage,1307,druid,balance,62,26,36
Deegawn,proudmoore,1306,druid,balance,36,15,21
Chikojuan,tichondrius,1305,druid,balance,23,14,9
Fugginskoden,twisting-nether,1305,druid,balance,23,14,9
Cleppy,korgath,1305,druid,balance,52,26,26
Panqwa,thrall,1305,druid,balance,75,36,39
Sunneater,azuremyst,1304,druid,balance,73,43,30
Vallk,area-52,1304,druid,balance,26,15,11
Mäya,jubeithos,1304,druid,balance,30,14,16
Bdsurges,illidan,1303,druid,balance,21,15,6
Mercz,illidan,1303,druid,balance,76,45,31
Thiccyiff,frostmourne,1303,druid,balance,60,34,26
Treemendous,nemesis,1303,druid,balance,30,14,16
Aolus,kaelthas,1302,druid,balance,132,66,66
Nucleardruid,khadgar,1302,druid,balance,36,17,19
Zentabra,proudmoore,1301,druid,balance,59,29,30
Iceingdeath,dalaran,1300,druid,balance,36,18,18
ßullx,quelthalas,1299,druid,balance,174,88,86
Skagakr,moon-guard,1299,druid,balance,187,91,96
Mofoogoo,laughing-skull,1299,druid,balance,48,18,30
Noteff,illidan,1298,druid,balance,42,24,18
Salvattor,stormrage,1296,druid,balance,50,32,18
Chatdôux,zuljin,1296,druid,balance,45,28,17
Shiffterzz,tichondrius,1296,druid,balance,48,27,21
Smitenkiten,baelgun,1295,druid,balance,52,23,29
Bäldark,illidan,1292,druid,balance,27,14,13
Solaress,moon-guard,1292,druid,balance,76,38,38
Lükê,tichondrius,1292,druid,balance,39,14,25
Vaalser,frostmourne,1291,druid,balance,100,48,52
Yoshinorii,tichondrius,1291,druid,balance,66,30,36
Thickmoo,tichondrius,1289,druid,balance,99,46,53
Druidma,aegwynn,1288,druid,balance,32,19,13
Vanarus,khaz-modan,1288,druid,balance,61,30,31
Slep,tichondrius,1288,druid,balance,37,16,21
Twanheal,kiljaeden,1287,druid,balance,48,29,19
Pixelface,frostmourne,1287,druid,balance,50,29,21
Durdern,barthilas,1287,druid,balance,159,88,71
Tuss,khazgoroth,1287,druid,balance,120,63,57
Raknary,kelthuzad,1287,druid,balance,48,23,25
Minusdruid,dalaran,1286,druid,balance,117,57,60
Fourthkind,illidan,1285,druid,balance,30,18,12
Rahkaaga,kiljaeden,1284,druid,balance,81,48,33
Vicvc,tichondrius,1284,druid,balance,130,69,61
Amanara,echo-isles,1284,druid,balance,155,74,81
Tanguanota,quelthalas,1284,druid,balance,120,56,64
Upps,kelthuzad,1283,druid,balance,24,16,8
Kyabe,ragnaros,1283,druid,balance,136,62,74
Xodz,sargeras,1282,druid,balance,42,21,21
Miamalkova,dalaran,1281,druid,balance,36,18,18
Barrah,barthilas,1280,druid,balance,70,34,36
Starswrath,moon-guard,1280,druid,balance,33,15,18
Kasparhauser,illidan,1280,druid,balance,36,14,22
Murkdruid,frostmourne,1279,druid,balance,23,15,8
Druidoy,tichondrius,1279,druid,balance,36,21,15
Beal,azgalor,1279,druid,balance,93,41,52
Coffey,sargeras,1278,druid,balance,30,18,12
Bayaba,tichondrius,1278,druid,balance,36,21,15
Tarukke,azralon,1277,druid,balance,32,15,17
Árès,frostmourne,1276,druid,balance,94,48,46
Édzar,area-52,1276,druid,balance,153,77,76
Eranelle,moon-guard,1275,druid,balance,55,26,29
Bignosecow,illidan,1275,druid,balance,49,19,30
Floote,thrall,1274,druid,balance,85,40,45
Shalkam,stormrage,1274,druid,balance,76,30,46
Hanaak,illidan,1273,druid,balance,23,14,9
Lawlz,aegwynn,1273,druid,balance,63,34,29
Softshirtxo,ragnaros,1271,druid,balance,24,14,10
Nobullshift,icecrown,1271,druid,balance,122,66,56
Stenebria,zuljin,1270,druid,balance,63,27,36
Jashyd,tichondrius,1269,druid,balance,33,22,11
Zeanasfaratu,spinebreaker,1269,druid,balance,63,28,35
Mukay,stormrage,1269,druid,balance,52,20,32
Bestik,quelthalas,1269,druid,balance,42,16,26
Chrisclones,stormrage,1269,druid,balance,41,14,27
Kukulkann,tichondrius,1268,druid,balance,24,17,7
Pooöòôp,kiljaeden,1268,druid,balance,47,27,20
Exillïs,frostmourne,1268,druid,balance,85,43,42
Meekgrylls,frostmourne,1268,druid,balance,88,41,47
Kujo,bloodhoof,1268,druid,balance,60,23,37
Rejuve,frostmourne,1267,druid,balance,60,23,37
Pandajerk,tichondrius,1266,druid,balance,94,53,41
Strallà,illidan,1266,druid,balance,121,63,58
Prismo,ravencrest,1266,druid,balance,84,40,44
Töm,durotan,1266,druid,balance,108,41,67
Scoobyshiftz,frostmourne,1265,druid,balance,47,26,21
Breynna,draenor,1265,druid,balance,79,42,37
Feetsock,wyrmrest-accord,1265,druid,balance,55,25,30
Laycan,azralon,1265,druid,balance,55,23,32
Shuxz,sargeras,1264,druid,balance,66,36,30
Dampnr,tichondrius,1264,druid,balance,52,26,26
Wortsnom,tol-barad,1264,druid,balance,30,15,15
Kittydiddle,stormrage,1263,druid,balance,88,45,43
Lavanca,azralon,1262,druid,balance,36,16,20
Dahts,destromath,1261,druid,balance,108,56,52
Slyfoxx,stonemaul,1261,druid,balance,122,63,59
Elatheris,stormrage,1259,druid,balance,68,37,31
Elliemoon,kelthuzad,1258,druid,balance,24,15,9
Muscelmilk,tichondrius,1258,druid,balance,57,28,29
Sample,dark-iron,1257,druid,balance,42,14,28
Bwokhanji,proudmoore,1256,druid,balance,76,40,36
Barecowbear,bleeding-hollow,1254,druid,balance,55,24,31
Thecovid,illidan,1252,druid,balance,209,104,105
Ayelune,stormrage,1250,druid,balance,64,33,31
Imshiftastic,area-52,1250,druid,balance,130,64,66
Brio,kul-tiras,1249,druid,balance,39,22,17
Lunapuma,stonemaul,1249,druid,balance,42,23,19
Zyyh,proudmoore,1248,druid,balance,21,15,6
Eldenis,drakkari,1248,druid,balance,178,89,89
Råstafart,tichondrius,1248,druid,balance,53,26,27
Rigotakz,illidan,1248,druid,balance,69,33,36
Acidmoon,tichondrius,1248,druid,balance,58,26,32
Ginunaga,tichondrius,1247,druid,balance,24,13,11
Hugodruid,frostmourne,1247,druid,balance,24,13,11
Chodkiewicz,echo-isles,1247,druid,balance,36,18,18
Galeshift,stormrage,1246,druid,balance,18,13,5
Jaegerbombx,sargeras,1246,druid,balance,18,13,5
Dsavart,stormrage,1246,druid,balance,18,13,5
Bobtail,moon-guard,1246,druid,balance,25,18,7
Veganmom,zuluhed,1246,druid,balance,24,13,11
Dirtdog,uther,1246,druid,balance,24,13,11
Rslm,tichondrius,1246,druid,balance,43,21,22
Xlimy,zuljin,1245,druid,balance,18,13,5
Gerrt,bleeding-hollow,1245,druid,balance,24,13,11
Mayet,area-52,1245,druid,balance,24,13,11
Daegon,frostmourne,1245,druid,balance,28,14,14
Hucklebeary,terokkar,1245,druid,balance,50,23,27
Horizøns,gorefiend,1243,druid,balance,21,14,7
Floridajoe,blackrock,1243,druid,balance,106,60,46
Overfunk,ragnaros,1243,druid,balance,90,44,46
Bouffecul,zuljin,1243,druid,balance,76,37,39
Asmodium,frostmourne,1243,druid,balance,63,26,37
Jinsha,winterhoof,1243,druid,balance,65,24,41
Ulfvur,nagrand,1242,druid,balance,18,13,5
Fearthedeer,area-52,1242,druid,balance,24,13,11
Moistcream,tichondrius,1242,druid,balance,28,15,13
Justwade,tichondrius,1242,druid,balance,48,22,26
Redrocket,eldrethalas,1242,druid,balance,35,15,20
Avishominem,magtheridon,1241,druid,balance,24,13,11
Boomiez,azgalor,1241,druid,balance,28,14,14
Treezús,thrall,1241,druid,balance,96,46,50
Torrwin,area-52,1241,druid,balance,112,53,59
Critthisbruh,stormrage,1240,druid,balance,85,46,39
Argento,frostmourne,1238,druid,balance,24,13,11
Cheddastov,illidan,1238,druid,balance,24,13,11
Erealana,tichondrius,1238,druid,balance,24,13,11
Girthygramps,sargeras,1238,druid,balance,24,13,11
Immortalowl,illidan,1238,druid,balance,24,13,11
Supriix,moon-guard,1238,druid,balance,30,13,17
Guojue,tichondrius,1237,druid,balance,46,25,21
Måsterpiece,azralon,1236,druid,balance,24,13,11
Boomkinks,moon-guard,1236,druid,balance,66,24,42
Selvius,area-52,1235,druid,balance,24,13,11
Blackmoons,thunderlord,1235,druid,balance,88,40,48
Kayodru,stormrage,1234,druid,balance,18,13,5
Mambuz,tichondrius,1234,druid,balance,90,50,40
Astrixx,frostmourne,1233,druid,balance,18,13,5
Ogsiko,kiljaeden,1233,druid,balance,24,13,11
Morphkow,sargeras,1233,druid,balance,142,74,68
Doomstar,malganis,1233,druid,balance,90,44,46
Morganz,azralon,1232,druid,balance,31,17,14
Lindzy,moon-guard,1231,druid,balance,101,55,46
Goofyfoot,wyrmrest-accord,1231,druid,balance,148,75,73
Lavanis,stormrage,1231,druid,balance,340,169,171
Dibinha,azralon,1231,druid,balance,36,15,21
Dweralin,nemesis,1230,druid,balance,58,23,35
Bobedroods,bonechewer,1228,druid,balance,58,31,27
Kudro,garithos,1227,druid,balance,102,48,54
Shivlary,stormrage,1224,druid,balance,81,45,36
Rektx,area-52,1223,druid,balance,24,13,11
Sunboy,tichondrius,1223,druid,balance,181,90,91
Eviltwín,frostmourne,1223,druid,balance,30,13,17
Mindsvoices,frostmourne,1223,druid,balance,66,27,39
Bluethebull,lothar,1222,druid,balance,51,17,34
Mulgorer,tichondrius,1221,druid,balance,30,13,17
Xoth,executus,1220,druid,balance,30,15,15
Hildisvini,sargeras,1220,druid,balance,30,14,16
Hootie,arygos,1220,druid,balance,63,26,37
Snowfaerie,moon-guard,1218,druid,balance,81,34,47
Maular,jubeithos,1218,druid,balance,59,24,35
Lolimatree,proudmoore,1218,druid,balance,36,13,23
Runestar,malganis,1217,druid,balance,37,16,21
Mutlèy,gundrak,1215,druid,balance,18,13,5
Hâke,quelthalas,1215,druid,balance,24,13,11
Vuginas,bleeding-hollow,1215,druid,balance,62,33,29
Hugedumbcow,area-52,1214,druid,balance,75,41,34
Schmeatbawls,illidan,1214,druid,balance,35,14,21
Judgedruid,scilla,1213,druid,balance,36,22,14
Cimanin,malganis,1213,druid,balance,24,13,11
Goodhealer,akama,1213,druid,balance,30,13,17
Sodapoopins,stormrage,1213,druid,balance,72,28,44
Lacroix,wildhammer,1212,druid,balance,42,29,13
Matock,malganis,1212,druid,balance,23,13,10
Oâk,farstriders,1211,druid,balance,30,16,14
Kitsurumi,ragnaros,1210,druid,balance,24,13,11
Einraedon,dalaran,1210,druid,balance,36,14,22
Redbbull,tichondrius,1209,druid,balance,95,51,44
Sefestria,senjin,1207,druid,balance,42,15,27
Virö,sargeras,1206,druid,balance,36,19,17
Vyntrix,kelthuzad,1205,druid,balance,26,14,12
Iamatomic,illidan,1205,druid,balance,209,105,104
Annef,tichondrius,1204,druid,balance,62,27,35
Lazerchicken,boulderfist,1204,druid,balance,30,13,17
Chillcat,illidan,1203,druid,balance,36,22,14
Huoxiaoying,tichondrius,1203,druid,balance,42,24,18
Grgcostanza,bleeding-hollow,1203,druid,balance,38,20,18
Tankbareass,aerie-peak,1203,druid,balance,42,16,26
Pleasepime,stormrage,1202,druid,balance,84,35,49
Luipu,elune,1201,druid,balance,54,28,26
Muhana,runetotem,1201,druid,balance,36,18,18
Drßoom,stormrage,1201,druid,balance,89,38,51
Thehooligan,stormrage,1200,druid,balance,75,41,34
Eintier,tichondrius,1200,druid,balance,35,19,16
Tabbo,uther,1200,druid,balance,66,34,32
Crashägásm,proudmoore,1200,druid,balance,102,48,54
Worldbullguy,area-52,1200,druid,balance,47,21,26
Palermo,aerie-peak,1199,druid,balance,30,15,15
Rabbismang,area-52,1194,druid,balance,48,15,33
Terrycrewz,illidan,1192,druid,balance,34,19,15
Levincy,thrall,1191,druid,balance,81,44,37
Boomkingg,kelthuzad,1190,druid,balance,23,13,10
Tariksha,sargeras,1190,druid,balance,60,28,32
Sochin,nemesis,1189,druid,balance,137,70,67
Jal,khazgoroth,1188,druid,balance,44,20,24
Malamew,antonidas,1184,druid,balance,48,31,17
Cloyer,stormrage,1183,druid,balance,51,20,31
Herbirove,frostmourne,1182,druid,balance,24,16,8
Hpcorrection,bleeding-hollow,1182,druid,balance,42,18,24
Bigboðm,tichondrius,1181,druid,balance,54,25,29
Zelyvia,moon-guard,1181,druid,balance,31,14,17
Monicaduan,frostmourne,1180,druid,balance,61,29,32
Arwëna,tichondrius,1179,druid,balance,16,13,3
Xvenusaur,bleeding-hollow,1179,druid,balance,24,16,8
Mantis,the-underbog,1179,druid,balance,60,32,28
Vapeculture,lightbringer,1177,druid,balance,204,112,92
Stupidranga,barthilas,1177,druid,balance,90,43,47
Thorsèn,sargeras,1175,druid,balance,48,25,23
Ganh,demon-soul,1172,druid,balance,30,18,12
Icancarryyou,darkspear,1171,druid,balance,25,14,11
Darkdragoonz,barthilas,1170,druid,balance,96,45,51
Circadion,illidan,1169,druid,balance,83,38,45
Sÿd,sargeras,1169,druid,balance,30,13,17
Gigajuiced,proudmoore,1166,druid,balance,19,13,6
Coggtron,uther,1166,druid,balance,30,20,10
Jackalman,tanaris,1165,druid,balance,125,66,59
Rastafan,proudmoore,1165,druid,balance,43,20,23
Cerumano,azralon,1164,druid,balance,19,13,6
Dirtydot,ragnaros,1164,druid,balance,24,14,10
Hawkk,azralon,1163,druid,balance,120,54,66
Amigomel,emerald-dream,1162,druid,balance,35,19,16
Ryxu,emerald-dream,1161,druid,balance,26,15,11
Dumdumdugan,korgath,1161,druid,balance,197,97,100
Simeron,silvermoon,1161,druid,balance,29,13,16
Fifthelement,tichondrius,1160,druid,balance,21,17,4
Bitechew,frostmourne,1160,druid,balance,27,16,11
Chillygraves,stormrage,1160,druid,balance,54,18,36
Smashthatbox,illidan,1158,druid,balance,80,37,43
Tmoby,emerald-dream,1158,druid,balance,36,16,20
Manglehornn,dalaran,1157,druid,balance,38,19,19
Dojacow,mannoroth,1154,druid,balance,34,16,18
Nardwaur,tichondrius,1152,druid,balance,12,12,0
Metik,frostmourne,1152,druid,balance,18,12,6
Meesterwolf,tichondrius,1151,druid,balance,18,12,6
Ballnout,zuljin,1151,druid,balance,18,12,6
Carntko,sargeras,1151,druid,balance,18,12,6
Manofhisword,malganis,1151,druid,balance,18,12,6
Katbriel,zuljin,1151,druid,balance,18,12,6
Hream,echo-isles,1151,druid,balance,24,12,12
Suurik,blackhand,1151,druid,balance,28,13,15
Kae,kelthuzad,1150,druid,balance,18,12,6
Freakytiki,arthas,1150,druid,balance,18,12,6
Ooh,stormreaver,1150,druid,balance,18,12,6
Buckeye,tichondrius,1150,druid,balance,24,12,12
Treeofangels,nathrezim,1150,druid,balance,24,12,12
Borrdru,arthas,1150,druid,balance,24,12,12
Johncenapwns,tichondrius,1149,druid,balance,18,12,6
Neophobia,stormrage,1149,druid,balance,18,12,6
Kololo,tichondrius,1149,druid,balance,18,12,6
Asterio,proudmoore,1149,druid,balance,18,12,6
Qtkinzz,illidan,1149,druid,balance,24,12,12
Maserati,emerald-dream,1148,druid,balance,18,12,6
Jherrak,area-52,1148,druid,balance,24,13,11
Silent,trollbane,1148,druid,balance,26,12,14
Syrlir,kargath,1147,druid,balance,24,12,12
Minxminx,moon-guard,1147,druid,balance,58,20,38
Jocek,stormrage,1146,druid,balance,18,12,6
Exxosd,tichondrius,1146,druid,balance,18,12,6
Coppersnout,moon-guard,1146,druid,balance,66,37,29
Ibirb,stormrage,1146,druid,balance,40,16,24
Clutchtime,sentinels,1145,druid,balance,24,12,12
Havôç,tichondrius,1145,druid,balance,90,31,59
Kelbjoraan,laughing-skull,1144,druid,balance,18,12,6
Aquanequa,stormrage,1144,druid,balance,24,12,12
Calani,lightnings-blade,1144,druid,balance,24,12,12
Roots,boulderfist,1144,druid,balance,30,13,17
Purv,tichondrius,1144,druid,balance,132,55,77
Neverboom,tichondrius,1143,druid,balance,18,12,6
Ulfaar,frostmourne,1143,druid,balance,21,13,8
Koehwa,illidan,1143,druid,balance,30,12,18
Thasta,blackrock,1142,druid,balance,18,12,6
Krustyora,khazgoroth,1142,druid,balance,30,15,15
Drulicious,tichondrius,1142,druid,balance,24,12,12
Treelouco,tol-barad,1141,druid,balance,54,28,26
Dangercat,draenor,1141,druid,balance,29,15,14
Druisole,zuljin,1141,druid,balance,97,42,55
Xail,hyjal,1141,druid,balance,32,12,20
Aton,frostwolf,1140,druid,balance,27,15,12
Joshuah,stormrage,1140,druid,balance,186,88,98
Fjblol,sargeras,1140,druid,balance,30,12,18
Zaltahn,emerald-dream,1138,druid,balance,18,12,6
Jawsbar,tichondrius,1138,druid,balance,30,12,18
Jacinty,saurfang,1137,druid,balance,24,12,12
Andrés,azralon,1137,druid,balance,108,52,56
Alphakatt,area-52,1137,druid,balance,143,66,77
Boogietease,frostmourne,1136,druid,balance,18,12,6
Gidam,moon-guard,1135,druid,balance,24,14,10
Furrycringe,stormrage,1135,druid,balance,30,12,18
Durbinpoison,malganis,1135,druid,balance,36,12,24
Hootyhoot,illidan,1133,druid,balance,18,12,6
Noheárt,kelthuzad,1133,druid,balance,42,21,21
Siöux,kelthuzad,1132,druid,balance,24,12,12
Architech,bleeding-hollow,1127,druid,balance,30,12,18
Bethemarble,sargeras,1125,druid,balance,122,56,66
Abzyplasm,sargeras,1124,druid,balance,30,16,14
Baaksau,illidan,1123,druid,balance,36,16,20
Gazwazluz,lothar,1120,druid,balance,75,41,34
Wídëwínkër,thrall,1120,druid,balance,24,12,12
Starsùrge,moon-guard,1118,druid,balance,16,13,3
Theriomorph,barthilas,1116,druid,balance,40,14,26
Trollkins,sargeras,1115,druid,balance,156,70,86
Toofast,lightninghoof,1114,druid,balance,18,12,6
Klyadedfogud,trollbane,1113,druid,balance,71,39,32
Outclone,tichondrius,1110,druid,balance,16,13,3
Megåtron,kelthuzad,1109,druid,balance,14,13,1
Shyn,goldrinn,1109,druid,balance,26,13,13
Ilgalsard,frostmourne,1109,druid,balance,36,16,20
Psycloned,undermine,1109,druid,balance,30,12,18
Møønscar,tichondrius,1108,druid,balance,76,33,43
Dodid,laughing-skull,1105,druid,balance,78,38,40
Rosalba,zuljin,1104,druid,balance,64,34,30
Nozgöth,quelthalas,1104,druid,balance,201,104,97
Treeteej,kelthuzad,1103,druid,balance,42,18,24
Naturlig,area-52,1102,druid,balance,42,20,22
Dennyyd,illidan,1101,druid,balance,42,26,16
Ûñø,frostmourne,1101,druid,balance,42,24,18
Shinazugawa,maiev,1100,druid,balance,22,13,9
Arcticpine,amanthul,1100,druid,balance,42,14,28
Weteamsteve,stormrage,1098,druid,balance,23,12,11
Caminanube,quelthalas,1098,druid,balance,91,47,44
Bvó,stormrage,1090,druid,balance,29,12,17
Adasdas,stormrage,1088,druid,balance,22,12,10
Readox,sargeras,1088,druid,balance,36,12,24
Kuthian,moon-guard,1087,druid,balance,52,22,30
Feldstarx,stormrage,1085,druid,balance,26,12,14
Vèrsusapp,thrall,1085,druid,balance,27,12,15
Xshadowhunt,dalaran,1084,druid,balance,41,14,27
Nahlem,greymane,1082,druid,balance,23,13,10
Druihd,stormrage,1082,druid,balance,71,39,32
Asharä,mannoroth,1081,druid,balance,20,12,8
Tuggmyudder,area-52,1080,druid,balance,49,26,23
Wyldthangz,stormrage,1077,druid,balance,26,12,14
Azzcream,tichondrius,1076,druid,balance,17,12,5
Pilaufakka,zuljin,1074,druid,balance,36,19,17
Plopperoo,caelestrasz,1074,druid,balance,56,22,34
Bluechicken,sargeras,1065,druid,balance,30,17,13
Kity,staghelm,1064,druid,balance,125,54,71
Macpoulet,aggramar,1062,druid,balance,22,12,10
Razzldazzle,thrall,1057,druid,balance,19,12,7
Bomme,zuljin,1057,druid,balance,31,13,18
Drdoomerkin,area-52,1056,druid,balance,12,11,1
Roccko,illidan,1056,druid,balance,18,11,7
Dno,demon-soul,1056,druid,balance,18,11,7
Slys,frostmourne,1055,druid,balance,18,11,7
Juìcedbro,illidan,1055,druid,balance,18,11,7
Docleave,tichondrius,1055,druid,balance,18,11,7
Zxve,stormrage,1055,druid,balance,18,11,7
Biggié,bleeding-hollow,1055,druid,balance,18,11,7
Peterdeleter,emerald-dream,1055,druid,balance,18,11,7
Yogosun,sargeras,1055,druid,balance,18,11,7
Brenden,area-52,1055,druid,balance,18,11,7
Lâvazza,tichondrius,1055,druid,balance,18,11,7
Birdfromtree,dalaran,1055,druid,balance,18,11,7
Yokimo,amanthul,1055,druid,balance,49,25,24
Slaÿr,malganis,1055,druid,balance,24,11,13
Ykr,sargeras,1055,druid,balance,24,11,13
Shînx,malganis,1054,druid,balance,18,11,7
Sñìp,zuljin,1054,druid,balance,18,11,7
Ryannshiftz,proudmoore,1054,druid,balance,18,11,7
Wildllama,moon-guard,1054,druid,balance,18,11,7
Buffclyde,blackrock,1054,druid,balance,18,11,7
Cumvokinlol,sargeras,1054,druid,balance,18,11,7
Tolvar,dawnbringer,1054,druid,balance,42,24,18
Køzi,tichondrius,1053,druid,balance,18,11,7
Johnnyluna,barthilas,1053,druid,balance,18,11,7
Blassen,sargeras,1053,druid,balance,18,11,7
Ðrood,bleeding-hollow,1053,druid,balance,18,11,7
Cabjr,tol-barad,1053,druid,balance,18,11,7
Santogrial,blood-furnace,1053,druid,balance,92,52,40
Ephwürd,malganis,1052,druid,balance,24,11,13
Gorillavoke,tichondrius,1052,druid,balance,24,11,13
Wizgarkin,area-52,1051,druid,balance,18,11,7
Cloninglol,darkspear,1051,druid,balance,24,11,13
Milkshift,demon-soul,1051,druid,balance,24,11,13
Psilo,kelthuzad,1051,druid,balance,24,11,13
Nutdeez,tichondrius,1051,druid,balance,24,11,13
Tensuen,boulderfist,1051,druid,balance,28,11,17
Samsshifter,tichondrius,1050,druid,balance,24,11,13
Àbyss,moon-guard,1049,druid,balance,18,11,7
Ebonclaw,malganis,1049,druid,balance,24,11,13
Fedidão,azralon,1049,druid,balance,24,11,13
Trashytrash,bleeding-hollow,1049,druid,balance,30,11,19
Zhuaraksha,kelthuzad,1048,druid,balance,24,11,13
Sinistuhd,tichondrius,1048,druid,balance,24,11,13
Goncko,ragnaros,1048,druid,balance,24,11,13
Harshphone,area-52,1048,druid,balance,30,11,19
Shavedtaco,azshara,1047,druid,balance,12,11,1
Bainnê,ragnaros,1047,druid,balance,18,11,7
Karpin,area-52,1046,druid,balance,18,11,7
Cuppnoodles,illidan,1046,druid,balance,18,11,7
Catrene,mannoroth,1045,druid,balance,45,28,17
Blckyoungsta,illidan,1045,druid,balance,48,26,22
Bulldog,runetotem,1045,druid,balance,24,13,11
Nightky,proudmoore,1045,druid,balance,24,11,13
Miggzii,draka,1045,druid,balance,57,24,33
Coochi,sargeras,1044,druid,balance,18,11,7
Deelark,skywall,1042,druid,balance,24,11,13
Naebliss,arygos,1041,druid,balance,71,31,40
Dietshasta,area-52,1040,druid,balance,24,11,13
Viodreth,moon-guard,1040,druid,balance,30,11,19
Gazzoni,illidan,1039,druid,balance,35,12,23
Proñgs,tichondrius,1038,druid,balance,72,41,31
Boatox,jubeithos,1038,druid,balance,59,23,36
Phenol,illidan,1035,druid,balance,30,11,19
Tusks,eredar,1033,druid,balance,24,11,13
Superhorsey,aggramar,1031,druid,balance,36,19,17
Hellyunm,azralon,1031,druid,balance,48,25,23
Hornmenow,frostmourne,1031,druid,balance,34,14,20
Donokokiya,destromath,1029,druid,balance,18,11,7
Xavieen,frostmourne,1028,druid,balance,26,16,10
Nîghtcráwlér,tichondrius,1028,druid,balance,77,43,34
Balantina,tichondrius,1027,druid,balance,66,30,36
Reeiyna,gallywix,1026,druid,balance,60,35,25
Qfidy,sargeras,1026,druid,balance,25,11,14
Papaland,tichondrius,1026,druid,balance,30,11,19
Kniitvekitta,jubeithos,1024,druid,balance,147,73,74
Foxxyroxxy,malganis,1023,druid,balance,17,11,6
Formality,kalecgos,1022,druid,balance,23,11,12
Riprip,tichondrius,1021,druid,balance,33,14,19
Druaids,kargath,1019,druid,balance,42,25,17
Azevedoo,nemesis,1018,druid,balance,67,27,40
Lorithiel,moon-guard,1017,druid,balance,22,11,11
Dotdotclone,tichondrius,1016,druid,balance,22,11,11
Elsombrak,onyxia,1012,druid,balance,36,17,19
Bloomsong,emerald-dream,1012,druid,balance,30,13,17
Araminka,drakkari,1011,druid,balance,12,11,1
Melizaa,stormrage,1010,druid,balance,22,11,11
Ilovebutter,illidan,1007,druid,balance,15,12,3
Feralain,sargeras,1006,druid,balance,17,11,6
Thèbearjèw,tichondrius,1004,druid,balance,67,28,39
Athious,moon-guard,1000,druid,balance,77,40,37
Killmonga,jubeithos,1000,druid,balance,30,11,19
Aexs,kelthuzad,998,druid,balance,23,11,12
Rahwan,bleeding-hollow,990,druid,balance,14,11,3
Naturae,spirestone,990,druid,balance,14,11,3
Deglan,tichondrius,989,druid,balance,24,13,11
Rakelan,tichondrius,988,druid,balance,164,86,78
Simo,kaelthas,988,druid,balance,27,11,16
Gavalle,khaz-modan,987,druid,balance,187,95,92
Tyrana,bloodscalp,986,druid,balance,36,18,18
Smallrichard,bleeding-hollow,986,druid,balance,27,11,16
Jazzmaster,barthilas,985,druid,balance,22,11,11
Emaría,emerald-dream,985,druid,balance,26,11,15
Indy,rivendare,980,druid,balance,22,11,11
Xisloko,azralon,980,druid,balance,26,11,15
Coqeh,frostwolf,976,druid,balance,36,17,19
Narianan,frostmourne,976,druid,balance,30,13,17
Spazz,firetree,975,druid,balance,17,11,6
Amandi,magtheridon,974,druid,balance,28,11,17
Bulldohz,tichondrius,971,druid,balance,63,30,33
Cowel,tichondrius,969,druid,balance,25,11,14
Warberton,moon-guard,966,druid,balance,31,14,17
Alaskanimal,illidan,963,druid,balance,64,27,37
Psnárf,area-52,961,druid,balance,54,22,32
Kunigami,malganis,960,druid,balance,12,10,2
Fäncy,sargeras,960,druid,balance,12,10,2
Soahclleh,sargeras,960,druid,balance,12,10,2
Jubi,bleeding-hollow,960,druid,balance,12,10,2
Killy,nazjatar,960,druid,balance,12,10,2
Roben,tichondrius,960,druid,balance,18,10,8
Enrofloxacin,tichondrius,960,druid,balance,18,10,8
Mythrestor,saurfang,960,druid,balance,24,10,14
Bfaboomy,stormrage,960,druid,balance,24,10,14
Nerglet,aerie-peak,959,druid,balance,12,10,2
Animatronz,area-52,959,druid,balance,12,10,2
Icefang,tichondrius,959,druid,balance,18,10,8
Polarïs,malganis,959,druid,balance,18,10,8
Naranir,terokkar,959,druid,balance,18,10,8
Credd,zuljin,959,druid,balance,18,10,8
Ayyva,proudmoore,959,druid,balance,18,10,8
Nbendtner,tichondrius,959,druid,balance,18,10,8
Durwyn,sargeras,959,druid,balance,18,10,8
Jaz,jubeithos,959,druid,balance,18,10,8
Hakyung,area-52,959,druid,balance,18,10,8
Dgo,frostmourne,959,druid,balance,18,10,8
Papapumper,sargeras,959,druid,balance,18,10,8
Toro,gorefiend,959,druid,balance,18,10,8
Kohru,moon-guard,959,druid,balance,18,10,8
Significance,blood-furnace,959,druid,balance,18,10,8
Dudt,tichondrius,959,druid,balance,24,10,14
Wuckfød,tichondrius,959,druid,balance,24,10,14
Biggieclawz,tichondrius,958,druid,balance,12,10,2
Swiftboom,stormrage,958,druid,balance,18,10,8
Thekarnnage,cenarion-circle,958,druid,balance,18,10,8
Rykudruid,azuremyst,958,druid,balance,18,10,8
Zmk,barthilas,958,druid,balance,18,10,8
Blodorn,stormrage,958,druid,balance,18,10,8
Ksnna,stormrage,958,druid,balance,18,10,8
Vczj,tichondrius,958,druid,balance,25,11,14
Emaris,malganis,958,druid,balance,24,10,14
Kushidabs,tichondrius,958,druid,balance,34,11,23
Smokeheaters,dalaran,957,druid,balance,18,10,8
Fugg,frostmourne,957,druid,balance,18,10,8
Drure,kelthuzad,957,druid,balance,24,10,14
Avbox,proudmoore,957,druid,balance,24,10,14
Tinyypuppyy,sargeras,957,druid,balance,44,16,28
Nøzopium,kelthuzad,956,druid,balance,18,10,8
Winmax,tichondrius,956,druid,balance,24,10,14
Fixn,tichondrius,955,druid,balance,18,10,8
Ømí,quelthalas,955,druid,balance,19,10,9
Vashida,stormrage,955,druid,balance,24,10,14
Antagonist,burning-blade,954,druid,balance,18,10,8
Guusx,bonechewer,954,druid,balance,24,10,14
Ankole,ravencrest,954,druid,balance,24,10,14
Barkcheeks,area-52,954,druid,balance,24,10,14
Ahruan,stormrage,954,druid,balance,24,10,14
Ardelorfin,kargath,953,druid,balance,18,10,8
Dethkight,area-52,953,druid,balance,22,11,11
Darreas,moon-guard,953,druid,balance,24,10,14
Artemisdru,frostmourne,952,druid,balance,12,10,2
Fronkysilva,illidan,952,druid,balance,48,27,21
Crunkk,thunderlord,952,druid,balance,18,10,8
Diarmaron,area-52,952,druid,balance,24,10,14
Hadoriss,kelthuzad,952,druid,balance,24,10,14
Ohzú,ragnaros,950,druid,balance,18,10,8
Edrielin,quelthalas,949,druid,balance,30,17,13
Falaan,frostmourne,949,druid,balance,24,10,14
Sharkdruid,malganis,946,druid,balance,18,10,8
Tegrizelle,cenarion-circle,945,druid,balance,24,10,14
Sennur,kelthuzad,944,druid,balance,30,14,16
Nyxlie,stormrage,943,druid,balance,19,11,8
Flapjack,malganis,943,druid,balance,24,10,14
Teziq,sargeras,943,druid,balance,30,10,20
Skiouros,emerald-dream,943,druid,balance,36,10,26
Boomtre,malganis,942,druid,balance,17,10,7
Rúdo,quelthalas,942,druid,balance,18,10,8
Soulhealer,quelthalas,940,druid,balance,18,10,8
Prockybalboa,illidan,940,druid,balance,18,10,8
Haallanna,thunderlord,940,druid,balance,40,21,19
Lunnæ,ragnaros,936,druid,balance,38,19,19
Juicedkin,tichondrius,936,druid,balance,23,11,12
Rajin,malganis,935,druid,balance,20,10,10
Psychoboomi,bleeding-hollow,927,druid,balance,24,13,11
Elpako,ragnaros,925,druid,balance,102,37,65
Appitrap,emerald-dream,920,druid,balance,67,23,44
Bellä,nazjatar,920,druid,balance,48,14,34
Jokey,quelthalas,916,druid,balance,48,26,22
Beleraine,moon-guard,915,druid,balance,23,10,13
Sever,ysera,914,druid,balance,42,17,25
Jaylol,thaurissan,911,druid,balance,23,10,13
Ðarkscar,laughing-skull,910,druid,balance,56,20,36
Fancyprance,dalaran,910,druid,balance,29,10,19
Elydaria,destromath,906,druid,balance,52,27,25
Meliódás,area-52,906,druid,balance,263,117,146
Aroxus,tichondrius,903,druid,balance,23,10,13
Stretchhxd,tichondrius,900,druid,balance,21,10,11
Batzul,tichondrius,896,druid,balance,21,11,10
Wtfiisthis,tichondrius,894,druid,balance,16,10,6
Druidacry,gallywix,894,druid,balance,36,19,17
Wantto,moknathal,894,druid,balance,54,26,28
Taurenosorus,illidan,890,druid,balance,118,58,60
Anchorz,maelstrom,888,druid,balance,26,10,16
Weezydende,area-52,887,druid,balance,134,56,78
Nalarin,kaelthas,878,druid,balance,72,35,37
Meiling,spirestone,866,druid,balance,36,17,19
Tinwhiskerz,bleeding-hollow,864,druid,balance,12,9,3
Choox,tichondrius,864,druid,balance,12,9,3
Hårlôw,stormrage,864,druid,balance,12,9,3
Toastsdruid,tichondrius,864,druid,balance,12,9,3
Nephara,sargeras,864,druid,balance,12,9,3
Ory,illidan,864,druid,balance,12,9,3
Simperella,dalaran,864,druid,balance,12,9,3
Skinnynhigh,malganis,864,druid,balance,18,9,9
Bigbootyßutt,area-52,864,druid,balance,18,9,9
Lunartiç,kelthuzad,864,druid,balance,18,9,9
Iost,arthas,864,druid,balance,18,9,9
Zydea,stormrage,864,druid,balance,18,9,9
Alindrä,moon-guard,863,druid,balance,12,9,3
Dabshifter,tichondrius,863,druid,balance,12,9,3
Cerberus,tanaris,863,druid,balance,12,9,3
Booteusmaxms,frostwolf,863,druid,balance,12,9,3
Flappyboí,proudmoore,863,druid,balance,15,10,5
Wiseoldman,jubeithos,863,druid,balance,38,19,19
Bearlylegál,sargeras,863,druid,balance,18,9,9
Tewdee,magtheridon,863,druid,balance,18,9,9
Furrysacks,sargeras,863,druid,balance,18,9,9
Amookelia,tichondrius,863,druid,balance,18,9,9
Jèrikho,illidan,863,druid,balance,18,9,9
Vanillaricee,illidan,863,druid,balance,18,9,9
Bòsschiick,blackhand,863,druid,balance,18,9,9
Môônkîn,chogall,863,druid,balance,18,9,9
Indacut,draenor,863,druid,balance,18,9,9
Bullshrymp,bleeding-hollow,863,druid,balance,18,9,9
Amanardra,wyrmrest-accord,863,druid,balance,18,9,9
Skydín,stormrage,863,druid,balance,18,9,9
Bullcritzz,saurfang,863,druid,balance,18,9,9
Lissànà,nesingwary,863,druid,balance,18,9,9
Doots,aegwynn,863,druid,balance,18,9,9
Doomky,area-52,863,druid,balance,24,9,15
Bekbek,blackrock,863,druid,balance,24,9,15
Orsu,duskwood,862,druid,balance,12,9,3
Oreoshift,illidan,862,druid,balance,12,9,3
Mesiaus,stormrage,862,druid,balance,12,9,3
Rootslayer,tichondrius,862,druid,balance,12,9,3
Twistach,quelthalas,862,druid,balance,12,9,3
Zugdruid,tichondrius,862,druid,balance,13,9,4
Wickerdaddy,proudmoore,862,druid,balance,18,9,9
Furrmissile,area-52,862,druid,balance,18,9,9
Shack,alterac-mountains,862,druid,balance,18,9,9
Zirrie,stormrage,862,druid,balance,18,9,9
Tigermoves,perenolde,862,druid,balance,18,9,9
Grayfan,malganis,862,druid,balance,18,9,9
Felløwship,nemesis,862,druid,balance,18,9,9
Newclear,tichondrius,861,druid,balance,12,9,3
Tinkker,zuljin,861,druid,balance,12,9,3
Actiad,stormrage,861,druid,balance,16,10,6
Starslicer,vashj,861,druid,balance,18,9,9
Ioncannon,darrowmere,861,druid,balance,24,9,15
Bashnerds,illidan,861,druid,balance,24,9,15
Morphlöl,frostmourne,860,druid,balance,12,9,3
Blizdontcuur,area-52,860,druid,balance,12,9,3
Runarok,ragnaros,860,druid,balance,18,9,9
Sanleba,tichondrius,860,druid,balance,18,9,9
Soviclol,malganis,859,druid,balance,18,9,9
Moringo,azralon,858,druid,balance,12,9,3
Incheondruid,tichondrius,858,druid,balance,21,10,11
Fuzzybear,nemesis,858,druid,balance,30,9,21
Tìtanx,bleeding-hollow,857,druid,balance,12,9,3
Kamionero,drakkari,856,druid,balance,12,9,3
Sinseir,stormscale,856,druid,balance,24,9,15
Zephyrous,queldorei,854,druid,balance,12,9,3
Dizzyshiftz,dalaran,852,druid,balance,30,9,21
Sleek,illidan,850,druid,balance,24,9,15
Everglim,azralon,847,druid,balance,24,9,15
Yasutorá,stormrage,846,druid,balance,18,9,9
Ciggy,maiev,843,druid,balance,17,9,8
Dèmønblâckev,malganis,842,druid,balance,24,11,13
Yävimaya,tichondrius,838,druid,balance,18,9,9
Starsfall,tichondrius,831,druid,balance,16,9,7
Dso,tichondrius,831,druid,balance,16,9,7
Ryandruid,tichondrius,830,druid,balance,17,9,8
Funnypiggy,borean-tundra,830,druid,balance,43,19,24
Nokther,muradin,830,druid,balance,28,9,19
Dankasauras,tichondrius,830,druid,balance,42,13,29
Geronimoon,illidan,829,druid,balance,58,19,39
Wintrader,zuljin,814,druid,balance,17,9,8
Mythianan,aggramar,807,druid,balance,28,12,16
Chicknfingaz,tichondrius,802,druid,balance,16,10,6
Jieter,malganis,799,druid,balance,14,9,5
Lunchßox,emerald-dream,799,druid,balance,16,9,7
Kalutt,ragnaros,796,druid,balance,16,9,7
Astroshift,emerald-dream,784,druid,balance,20,9,11
Äbÿss,area-52,782,druid,balance,13,9,4
Chocomilkx,korgath,776,druid,balance,32,9,23
Flamejacker,tichondrius,775,druid,balance,14,11,3
Iolhoofpics,area-52,768,druid,balance,12,8,4
Followtank,azralon,768,druid,balance,12,8,4
Juhji,dalaran,768,druid,balance,12,8,4
Guuh,tichondrius,768,druid,balance,12,8,4
Oopygoopy,bleeding-hollow,768,druid,balance,12,8,4
Elyiaida,emerald-dream,768,druid,balance,12,8,4
Zeløth,tichondrius,768,druid,balance,12,8,4
Treesrlegal,area-52,768,druid,balance,12,8,4
Crazystarz,frostmourne,768,druid,balance,12,8,4
Thallid,hydraxis,768,druid,balance,12,8,4
Snokezy,tichondrius,768,druid,balance,12,8,4
Abelladañger,area-52,768,druid,balance,12,8,4
Mådge,frostmourne,768,druid,balance,12,8,4
Hootforce,spirestone,768,druid,balance,12,8,4
Legitonedge,zuljin,768,druid,balance,12,8,4
Ryanspeed,mugthol,768,druid,balance,12,8,4
Aenari,anvilmar,768,druid,balance,12,8,4
Canfinich,illidan,768,druid,balance,12,8,4
Gameisass,illidan,768,druid,balance,12,8,4
Laserxo,tichondrius,768,druid,balance,12,8,4
Cabrøn,illidan,768,druid,balance,12,8,4
Evileyesqc,stormrage,768,druid,balance,12,8,4
Redpills,tichondrius,768,druid,balance,12,8,4
Mikelovin,nemesis,768,druid,balance,12,8,4
Nyzear,bleeding-hollow,768,druid,balance,12,8,4
Yøpìèrre,zuljin,768,druid,balance,12,8,4
Catmoomoo,tichondrius,768,druid,balance,12,8,4
Boomozz,stormrage,768,druid,balance,12,8,4
Skylined,sargeras,768,druid,balance,12,8,4
Wizkd,tichondrius,768,druid,balance,12,8,4
ßiußiußiu,sargeras,768,druid,balance,12,8,4
Shiftytom,spirestone,768,druid,balance,12,8,4
Aconcat,bleeding-hollow,768,druid,balance,12,8,4
Bewtee,tichondrius,768,druid,balance,12,8,4
Astralboom,stormrage,768,druid,balance,12,8,4
Nothecia,sargeras,768,druid,balance,12,8,4
Notports,tichondrius,768,druid,balance,12,8,4
Moistism,tichondrius,768,druid,balance,12,8,4
Shardzz,illidan,768,druid,balance,15,9,6
Salanzô,bleeding-hollow,768,druid,balance,18,8,10
Dankthulu,thrall,768,druid,balance,18,8,10
Lutze,frostmourne,768,druid,balance,18,8,10
Jecci,tichondrius,768,druid,balance,18,8,10
Artanial,illidan,768,druid,balance,18,8,10
Onsen,tichondrius,768,druid,balance,18,8,10
Chickenbeam,tichondrius,768,druid,balance,23,8,15
Mikoxarekt,area-52,768,druid,balance,24,8,16
Tricklein,tichondrius,767,druid,balance,12,8,4
Berllina,azralon,767,druid,balance,12,8,4
Jyuaiai,tichondrius,767,druid,balance,12,8,4
Kimimàrø,illidan,767,druid,balance,12,8,4
Scudbomb,kelthuzad,767,druid,balance,12,8,4
Starbender,arygos,767,druid,balance,12,8,4
Arntu,malganis,767,druid,balance,12,8,4
Bearmäntle,ragnaros,767,druid,balance,12,8,4
Harddeenball,area-52,767,druid,balance,15,9,6
Sôhâj,area-52,767,druid,balance,18,8,10
Sorrytofaded,tichondrius,767,druid,balance,18,8,10
Belrin,garona,767,druid,balance,18,8,10
Roodbòy,zuljin,767,druid,balance,18,8,10
Ruckiz,stormrage,767,druid,balance,18,8,10
Mòòbles,moon-guard,767,druid,balance,18,8,10
Pcpolicebro,spirestone,767,druid,balance,18,8,10
Beefyhealz,emerald-dream,767,druid,balance,18,8,10
Malafaïa,nemesis,767,druid,balance,24,8,16
Gigzd,malganis,767,druid,balance,24,8,16
Reizzy,sargeras,767,druid,balance,24,8,16
Khristine,spinebreaker,767,druid,balance,24,8,16
Wanda,tichondrius,766,druid,balance,14,10,4
Bäldir,dalaran,766,druid,balance,12,8,4
Iluvurmomxo,aerie-peak,766,druid,balance,12,8,4
Mornis,zuljin,766,druid,balance,12,8,4
Joiczar,maelstrom,766,druid,balance,12,8,4
Volgoro,thrall,766,druid,balance,12,8,4
Kaldelar,emerald-dream,766,druid,balance,12,8,4
Toxyflex,tichondrius,766,druid,balance,18,8,10
Stormclaw,elune,766,druid,balance,18,8,10
Polyproof,emerald-dream,766,druid,balance,18,8,10
Nxghtfall,tichondrius,766,druid,balance,18,8,10
Equilibrio,nagrand,766,druid,balance,18,8,10
Kastro,frostwolf,766,druid,balance,18,8,10
Florella,misha,766,druid,balance,21,9,12
Jashrus,korgath,765,druid,balance,12,8,4
Whitekongg,blackhand,765,druid,balance,15,9,6
Motörcharge,bleeding-hollow,764,druid,balance,12,8,4
Kelylea,the-underbog,764,druid,balance,18,8,10
Crépes,bleeding-hollow,764,druid,balance,18,8,10
Wabbehkus,barthilas,764,druid,balance,26,8,18
Coronaviwus,tichondrius,763,druid,balance,12,8,4
Chewychips,malganis,763,druid,balance,12,8,4
Eiel,undermine,763,druid,balance,12,8,4
Thonyg,sargeras,763,druid,balance,18,8,10
Anttfj,mannoroth,763,druid,balance,18,8,10
Skke,barthilas,762,druid,balance,18,8,10
Astromyles,tichondrius,762,druid,balance,25,8,17
Rejufang,sargeras,760,druid,balance,12,8,4
Freyaborn,sargeras,760,druid,balance,17,9,8
Jtogethendr,area-52,759,druid,balance,12,8,4
Boneheir,proudmoore,757,druid,balance,21,9,12
Aessinawisp,frostmourne,753,druid,balance,18,8,10
Seethert,quelthalas,751,druid,balance,12,8,4
Iceicedruid,illidan,750,druid,balance,86,24,62
Outandy,quelthalas,727,druid,balance,17,8,9
Onecalf,tichondrius,726,druid,balance,14,9,5
Áspect,stormreaver,719,druid,balance,11,8,3
Tzboo,stormrage,717,druid,balance,19,9,10
Hallthrok,stormrage,712,druid,balance,19,9,10
Druz,spirestone,703,druid,balance,11,8,3
Gemineye,stormrage,703,druid,balance,17,8,9
Treespec,stormrage,702,druid,balance,14,8,6
Pherakik,lightnings-blade,702,druid,balance,20,8,12
Jukebóx,stormrage,701,druid,balance,20,8,12
Nobodycow,tichondrius,701,druid,balance,21,8,13
Mooncry,wyrmrest-accord,700,druid,balance,26,9,17
Kaelxd,illidan,687,druid,balance,17,8,9
Hirtenweg,stormrage,681,druid,balance,25,8,17
Shiftness,nordrassil,679,druid,balance,11,8,3
Agathen,wyrmrest-accord,672,druid,balance,12,7,5
Alteraim,thrall,672,druid,balance,12,7,5
Saltkin,frostmourne,672,druid,balance,12,7,5
Donaldsr,area-52,672,druid,balance,12,7,5
Covidcarrier,thrall,672,druid,balance,12,7,5
Wascar,sargeras,672,druid,balance,12,7,5
Floppa,whisperwind,672,druid,balance,12,7,5
Elithyra,area-52,672,druid,balance,12,7,5
Beörne,sargeras,672,druid,balance,12,7,5
Celdah,emerald-dream,672,druid,balance,12,7,5
Jiywa,lightbringer,672,druid,balance,12,7,5
Mar,misha,672,druid,balance,12,7,5
Suedou,moon-guard,672,druid,balance,12,7,5
Akiiragata,azralon,672,druid,balance,12,7,5
Monogreen,burning-blade,672,druid,balance,12,7,5
Lathira,ravenholdt,672,druid,balance,12,7,5
Slickthick,sargeras,672,druid,balance,12,7,5
Deepdig,kiljaeden,672,druid,balance,12,7,5
Pantec,eredar,672,druid,balance,12,7,5
Chupåpi,area-52,672,druid,balance,12,7,5
Stacker,malganis,672,druid,balance,12,7,5
Riptin,kelthuzad,672,druid,balance,12,7,5
Heykitty,area-52,672,druid,balance,12,7,5
Moonkiin,sargeras,672,druid,balance,12,7,5
Nahkest,emerald-dream,672,druid,balance,12,7,5
Astrum,drenden,672,druid,balance,12,7,5
Thriaror,proudmoore,672,druid,balance,12,7,5
Lilshifthead,bleeding-hollow,672,druid,balance,12,7,5
Firulay,illidan,672,druid,balance,12,7,5
Rhyndris,dalaran,672,druid,balance,12,7,5
Kibokii,tichondrius,672,druid,balance,12,7,5
Bronnasaurus,tichondrius,672,druid,balance,12,7,5
Boomypower,dalaran,672,druid,balance,12,7,5
Villen,bleeding-hollow,672,druid,balance,12,7,5
Xiaoguai,tichondrius,672,druid,balance,12,7,5
Zoonkin,tichondrius,672,druid,balance,12,7,5
Omegablasted,tichondrius,672,druid,balance,12,7,5
Taysfriend,tichondrius,672,druid,balance,12,7,5
Delayedxd,bleeding-hollow,672,druid,balance,12,7,5
Straitbeast,tichondrius,672,druid,balance,12,7,5
Kookiees,zuljin,672,druid,balance,12,7,5
Steezydrutwo,tichondrius,672,druid,balance,12,7,5
Rammz,illidan,672,druid,balance,12,7,5
Xioqt,chogall,672,druid,balance,12,7,5
Eizruk,tichondrius,672,druid,balance,12,7,5
Taabbedout,tichondrius,672,druid,balance,12,7,5
Lalalu,frostmourne,672,druid,balance,15,8,7
Amundruid,area-52,672,druid,balance,18,7,11
Necromos,argent-dawn,672,druid,balance,18,7,11
Kassadega,sargeras,672,druid,balance,18,7,11
Purrfessor,proudmoore,672,druid,balance,18,7,11
Peteybears,stormrage,672,druid,balance,18,7,11
Raves,illidan,672,druid,balance,18,7,11
Sandriuzs,nemesis,672,druid,balance,18,7,11
Nexophobia,proudmoore,672,druid,balance,24,7,17
Ayari,sargeras,671,druid,balance,12,7,5
Tubemagnet,tichondrius,671,druid,balance,12,7,5
Dgas,tichondrius,671,druid,balance,12,7,5
Bambam,frostwolf,671,druid,balance,12,7,5
Khayman,sargeras,671,druid,balance,12,7,5
Trìckyz,tichondrius,671,druid,balance,12,7,5
Longstory,bonechewer,671,druid,balance,12,7,5
Ripx,khadgar,671,druid,balance,12,7,5
Stickyleavz,sargeras,671,druid,balance,12,7,5
Cashgame,malganis,671,druid,balance,12,7,5
Catalytic,frostmourne,671,druid,balance,15,8,7
Cooln,bleeding-hollow,671,druid,balance,16,8,8
Rkelli,ysera,671,druid,balance,14,7,7
Voelcan,tichondrius,671,druid,balance,18,7,11
Dirtytiger,sargeras,671,druid,balance,18,7,11
Wintërmutë,nemesis,671,druid,balance,18,7,11
Lutein,tichondrius,671,druid,balance,18,7,11
Devilkei,tichondrius,671,druid,balance,18,7,11
Dashio,lightnings-blade,671,druid,balance,18,7,11
Vibechicken,emerald-dream,671,druid,balance,18,7,11
Ichangeabull,bleeding-hollow,671,druid,balance,18,7,11
Mirudru,stormrage,671,druid,balance,18,7,11
Starsurged,moon-guard,671,druid,balance,18,7,11
Zade,moonrunner,671,druid,balance,18,7,11
Saltyzz,tichondrius,670,druid,balance,12,7,5
Chukksz,nerzhul,670,druid,balance,12,7,5
Traxxo,tichondrius,670,druid,balance,12,7,5
Yashazi,azralon,670,druid,balance,12,7,5
Budtender,moon-guard,670,druid,balance,12,7,5
Livelucky,tichondrius,670,druid,balance,18,7,11
Kragma,zuluhed,670,druid,balance,18,7,11
Alexserina,dalaran,670,druid,balance,18,7,11
Brodinmmx,bleeding-hollow,670,druid,balance,18,7,11
Bruddanature,dawnbringer,670,druid,balance,24,7,17
Eurotrance,frostmourne,669,druid,balance,12,7,5
Aviendiana,thrall,669,druid,balance,12,7,5
Puiltraxs,ragnaros,669,druid,balance,21,7,14
Katdog,warsong,669,druid,balance,24,7,17
Machinex,illidan,669,druid,balance,24,7,17
Laserlord,tichondrius,668,druid,balance,18,7,11
Rommulox,dunemaul,668,druid,balance,30,7,23
Wresty,frostmourne,667,druid,balance,12,7,5
Scienttific,malganis,667,druid,balance,18,7,11
Tïcks,illidan,666,druid,balance,18,7,11
Krunge,frostwolf,665,druid,balance,12,7,5
Bearoots,dalaran,665,druid,balance,13,7,6
Idontknowbro,bonechewer,665,druid,balance,18,7,11
Beammz,stormrage,664,druid,balance,15,8,7
Pao,nordrassil,664,druid,balance,18,7,11
Kångåwalafox,sargeras,663,druid,balance,12,7,5
Nazrelar,ragnaros,663,druid,balance,26,10,16
Bigolehoe,tichondrius,654,druid,balance,17,7,10
Dsoul,tichondrius,639,druid,balance,17,7,10
Spacéchicken,stormrage,638,druid,balance,10,8,2
Hancalimon,nemesis,634,druid,balance,26,8,18
Tumblr,terenas,624,druid,balance,9,7,2
Stive,nemesis,623,druid,balance,9,7,2
Neurologist,tichondrius,623,druid,balance,11,7,4
Gutanamo,stormrage,620,druid,balance,14,8,6
Leonardosaur,kargath,618,druid,balance,13,8,5
Telvannì,sargeras,618,druid,balance,18,8,10
Chankletta,quelthalas,618,druid,balance,18,8,10
Lawnkin,dalaran,608,druid,balance,16,7,9
Bleedsxd,tichondrius,606,druid,balance,14,7,7
Instinctuals,sargeras,606,druid,balance,14,7,7
Istayfrawsty,darkspear,606,druid,balance,20,7,13
Möòse,tichondrius,576,druid,balance,6,6,0
Claws,elune,576,druid,balance,6,6,0
Sunwel,emerald-dream,576,druid,balance,6,6,0
Balancetko,tichondrius,576,druid,balance,6,6,0
Odb,bleeding-hollow,576,druid,balance,6,6,0
Trynayeet,area-52,576,druid,balance,6,6,0
Bobxd,kelthuzad,576,druid,balance,6,6,0
Starship,frostmourne,576,druid,balance,6,6,0
Storiann,frostmourne,576,druid,balance,6,6,0
Druidaxs,ragnaros,576,druid,balance,10,7,3
Sicnarf,area-52,576,druid,balance,12,6,6
Zigzäg,thrall,576,druid,balance,12,6,6
Cantheal,frostmourne,576,druid,balance,12,6,6
Gigathicc,malganis,576,druid,balance,12,6,6
Slütcakes,tichondrius,576,druid,balance,12,6,6
Jonnygg,illidan,576,druid,balance,12,6,6
Bigbed,tichondrius,576,druid,balance,12,6,6
Bar,stormrage,576,druid,balance,12,6,6
Hellabandzup,drakthul,576,druid,balance,12,6,6
Nýla,stormrage,576,druid,balance,12,6,6
Maidah,malganis,576,druid,balance,12,6,6
Scykin,stormrage,576,druid,balance,12,6,6
Brocooli,tichondrius,576,druid,balance,12,6,6
Playsoon,ragnaros,576,druid,balance,12,6,6
Gâlaxy,sargeras,576,druid,balance,12,6,6
Tylërðûrðên,sargeras,576,druid,balance,12,6,6
Taylorshíftz,stormrage,576,druid,balance,12,6,6
Cowchicken,zuljin,576,druid,balance,12,6,6
Remorphose,tichondrius,576,druid,balance,12,6,6
Cukld,tichondrius,576,druid,balance,12,6,6
Killergdog,thrall,576,druid,balance,12,6,6
Nidalie,frostmourne,576,druid,balance,12,6,6
Dalaverrunis,tichondrius,576,druid,balance,12,6,6
Shwìftmend,area-52,576,druid,balance,12,6,6
Jadedx,thrall,576,druid,balance,12,6,6
Ularmdrd,stormrage,576,druid,balance,12,6,6
Duckyy,garithos,576,druid,balance,12,6,6
Astronimus,malganis,576,druid,balance,12,6,6
Fuzzytaco,stormrage,576,druid,balance,12,6,6
Natureww,sargeras,576,druid,balance,12,6,6
Ratbasturd,darkspear,576,druid,balance,12,6,6
Juqzy,area-52,576,druid,balance,12,6,6
Catsama,area-52,576,druid,balance,12,6,6
Jonnytsunami,the-forgotten-coast,576,druid,balance,12,6,6
Nature,haomarush,576,druid,balance,12,6,6
Iefts,stormrage,576,druid,balance,12,6,6
Oscillater,illidan,576,druid,balance,12,6,6
Crossdru,stormrage,576,druid,balance,12,6,6
Haffö,gundrak,576,druid,balance,12,6,6
Dazedru,stormrage,576,druid,balance,12,6,6
Chickenaeg,stormrage,576,druid,balance,12,6,6
Outofreach,tichondrius,576,druid,balance,12,6,6
Astroprof,bloodscalp,576,druid,balance,12,6,6
Bruitzya,barthilas,576,druid,balance,12,6,6
Runforest,tichondrius,576,druid,balance,12,6,6
Jmackd,frostmourne,576,druid,balance,12,6,6
Pincho,hyjal,576,druid,balance,12,6,6
Cronosphere,stormrage,576,druid,balance,12,6,6
Highbridz,bleeding-hollow,576,druid,balance,12,6,6
Nerfdemo,kiljaeden,576,druid,balance,12,6,6
Brewtherbear,kelthuzad,576,druid,balance,12,6,6
Mythhdruid,haomarush,576,druid,balance,12,6,6
Krunks,frostmourne,576,druid,balance,12,6,6
Loadstar,burning-blade,576,druid,balance,12,6,6
Moonkid,barthilas,576,druid,balance,12,6,6
Celetra,kiljaeden,576,druid,balance,12,6,6
Lathermeup,illidan,576,druid,balance,12,6,6
Còry,kiljaeden,576,druid,balance,12,6,6
Beomjun,tichondrius,576,druid,balance,12,6,6
Jamuestus,illidan,576,druid,balance,12,6,6
Treehard,malganis,576,druid,balance,12,6,6
Ggae,tichondrius,576,druid,balance,12,6,6
Bamfferal,tichondrius,576,druid,balance,12,6,6
Joatmoa,norgannon,576,druid,balance,12,6,6
Exiledruid,area-52,576,druid,balance,12,6,6
Icastsmells,tichondrius,576,druid,balance,12,6,6
Silynce,tichondrius,576,druid,balance,12,6,6
Formz,nagrand,576,druid,balance,12,6,6
Zaaduu,tichondrius,576,druid,balance,12,6,6
Notpodruida,tichondrius,576,druid,balance,13,6,7
Misa,saurfang,576,druid,balance,14,6,8
Mesteno,proudmoore,576,druid,balance,18,6,12
Tigerpaw,eonar,576,druid,balance,18,6,12
Longnus,stormrage,576,druid,balance,18,6,12
Faletra,eitrigg,576,druid,balance,18,6,12
Drphilsmith,moon-guard,576,druid,balance,18,6,12
Reloads,bleeding-hollow,576,druid,balance,18,6,12
Gåiâ,malganis,576,druid,balance,18,6,12
Sooey,wyrmrest-accord,576,druid,balance,18,6,12
Milkmoneymeo,illidan,576,druid,balance,18,6,12
Fidelo,tichondrius,576,druid,balance,18,6,12
Sarangzzang,tichondrius,575,druid,balance,6,6,0
Maxryan,emerald-dream,575,druid,balance,12,8,4
Targeted,sargeras,575,druid,balance,12,6,6
Ebichu,fenris,575,druid,balance,12,6,6
Shroudyroudy,dalaran,575,druid,balance,12,6,6
Omunn,darkspear,575,druid,balance,12,6,6
Milkme,jaedenar,575,druid,balance,12,6,6
Miçangak,azralon,575,druid,balance,12,6,6
Beamin,thunderlord,575,druid,balance,12,6,6
Áppa,malganis,575,druid,balance,12,6,6
Zieda,sisters-of-elune,575,druid,balance,12,6,6
Turnpike,exodar,575,druid,balance,12,6,6
Emolia,amanthul,575,druid,balance,12,6,6
Guybranch,illidan,575,druid,balance,12,6,6
Akthos,stormrage,575,druid,balance,12,6,6
Harrystun,hyjal,575,druid,balance,18,6,12
Moonbanger,stormrage,575,druid,balance,18,6,12
Smokidabear,kirin-tor,575,druid,balance,18,6,12
Silvërludê,sargeras,575,druid,balance,18,6,12
Sokodruid,tichondrius,575,druid,balance,18,6,12
Bainhoof,mugthol,575,druid,balance,18,6,12
Rolltothat,magtheridon,575,druid,balance,18,6,12
Kittystarz,tichondrius,575,druid,balance,24,6,18
Dradugun,hyjal,574,druid,balance,12,6,6
Rammbone,bladefist,574,druid,balance,12,6,6
Mirialia,alexstrasza,574,druid,balance,12,6,6
Painsbrook,thrall,574,druid,balance,12,6,6
Quagsire,moon-guard,574,druid,balance,18,6,12
Astrowalkerx,tichondrius,573,druid,balance,12,6,6
Xinnii,illidan,573,druid,balance,18,7,11
Lunder,korgath,573,druid,balance,18,6,12
Aldakray,sargeras,571,druid,balance,24,6,18
Guston,lightbringer,570,druid,balance,12,6,6
Wassupfoo,area-52,559,druid,balance,11,6,5
Marshanlynch,korgath,543,druid,balance,8,7,1
Casaran,anetheron,543,druid,balance,11,6,5
Cadekey,illidan,543,druid,balance,11,6,5
Hchhi,ragnaros,543,druid,balance,14,7,7
Moonkingx,ragnaros,543,druid,balance,17,6,11
Boufa,dentarg,527,druid,balance,9,7,2
Zïngerbox,frostmourne,527,druid,balance,11,6,5
Dendríta,ragnaros,526,druid,balance,17,6,11
Guron,aegwynn,526,druid,balance,27,6,21
Velais,exodar,512,druid,balance,22,6,16
Chéster,tichondrius,511,druid,balance,8,6,2
Thebruiser,baelgun,511,druid,balance,20,6,14
Malthen,quelthalas,509,druid,balance,11,6,5
Tulkan,kelthuzad,508,druid,balance,15,7,8
Treemad,illidan,496,druid,balance,7,6,1
Curze,maiev,480,druid,balance,6,5,1
Shiftiepants,bleeding-hollow,480,druid,balance,6,5,1
Iargdrud,tichondrius,480,druid,balance,6,5,1
Mayanardzz,bleeding-hollow,480,druid,balance,6,5,1
Ragiix,tichondrius,480,druid,balance,6,5,1
Deadlyshift,barthilas,480,druid,balance,6,5,1
Inheat,tichondrius,480,druid,balance,6,5,1
Aoewynn,nerzhul,480,druid,balance,6,5,1
Yurself,feathermoon,480,druid,balance,6,5,1
Smitebacklol,tichondrius,480,druid,balance,6,5,1
Seedsñstems,sargeras,480,druid,balance,6,5,1
Iconicxz,malganis,480,druid,balance,6,5,1
Canuatemyrat,tichondrius,480,druid,balance,6,5,1
Skymund,tichondrius,480,druid,balance,6,5,1
Rowdie,area-52,480,druid,balance,6,5,1
Coramoor,mannoroth,480,druid,balance,6,5,1
Drdoomkin,area-52,480,druid,balance,6,5,1
Dasmian,windrunner,480,druid,balance,6,5,1
Dojacat,tichondrius,480,druid,balance,6,5,1
Starfull,thunderlord,480,druid,balance,6,5,1
Mithroi,tichondrius,480,druid,balance,6,5,1
Redwind,turalyon,480,druid,balance,6,5,1
Rastakant,malganis,480,druid,balance,6,5,1
Dreadxfallen,area-52,480,druid,balance,6,5,1
Nephsis,kelthuzad,480,druid,balance,6,5,1
Gødÿäj,emerald-dream,480,druid,balance,6,5,1
Hooffy,emerald-dream,480,druid,balance,6,5,1
Psychosocîal,kiljaeden,480,druid,balance,6,5,1
ßælot,quelthalas,480,druid,balance,6,5,1
Yokux,thunderlord,480,druid,balance,6,5,1
Rippeddrood,malganis,480,druid,balance,6,5,1
Elbioh,tichondrius,480,druid,balance,6,5,1
Beestwithin,illidan,480,druid,balance,6,5,1
Nyxlawl,azralon,480,druid,balance,6,5,1
Darktransfo,dentarg,480,druid,balance,6,5,1
Steezydru,tichondrius,480,druid,balance,6,5,1
Beamlord,frostmourne,480,druid,balance,6,5,1
Sixxlul,malganis,480,druid,balance,6,5,1
Guår,tichondrius,480,druid,balance,6,5,1
Fattdiabetic,tichondrius,480,druid,balance,6,5,1
Joink,sargeras,480,druid,balance,7,5,2
Atrocitÿ,tichondrius,480,druid,balance,11,5,6
Sharkfighter,sargeras,480,druid,balance,12,5,7
Deergut,illidan,480,druid,balance,12,5,7
Fabu,tichondrius,480,druid,balance,12,5,7
Drufasä,sargeras,480,druid,balance,12,5,7
Havócdh,tichondrius,480,druid,balance,12,5,7
Intrinsiic,area-52,480,druid,balance,12,5,7
Samedo,sargeras,480,druid,balance,12,5,7
Sweetcat,malganis,480,druid,balance,12,5,7
Kumataku,emerald-dream,480,druid,balance,12,5,7
Nöches,quelthalas,480,druid,balance,12,5,7
Saucyy,malganis,480,druid,balance,12,5,7
Kobebeef,malganis,480,druid,balance,12,5,7
Phatpat,illidan,480,druid,balance,12,5,7
Kushkilla,malganis,480,druid,balance,12,5,7
Sschakall,tol-barad,480,druid,balance,12,5,7
Kruupe,illidan,480,druid,balance,12,5,7
Zimah,illidan,480,druid,balance,12,5,7
Paintlicker,emerald-dream,480,druid,balance,12,5,7
Fakechower,stormreaver,480,druid,balance,12,5,7
Kudboom,illidan,480,druid,balance,12,5,7
Afterlîfe,sargeras,480,druid,balance,12,5,7
Zuga,the-venture-co,480,druid,balance,12,5,7
Bigdaddyferg,illidan,480,druid,balance,12,5,7
Shuba,ragnaros,480,druid,balance,12,5,7
Smoogzbigd,tichondrius,480,druid,balance,12,5,7
Hooloo,blades-edge,480,druid,balance,12,5,7
Sodacream,illidan,480,druid,balance,12,5,7
Bearwithit,sargeras,480,druid,balance,12,5,7
Öomkinn,sargeras,480,druid,balance,12,5,7
Zippycat,kelthuzad,480,druid,balance,12,5,7
Xernicon,aggramar,480,druid,balance,12,5,7
Coparent,tichondrius,480,druid,balance,12,5,7
Pumpkill,sargeras,480,druid,balance,12,5,7
Clubs,sargeras,480,druid,balance,12,5,7
Bemelerberg,sargeras,480,druid,balance,12,5,7
Toptrolls,illidan,480,druid,balance,12,5,7
Lickmypaws,sargeras,480,druid,balance,12,5,7
Stumphugger,tichondrius,480,druid,balance,12,5,7
Stratego,drenden,480,druid,balance,12,5,7
Bënzy,frostmourne,480,druid,balance,12,5,7
Trippykitty,tichondrius,480,druid,balance,12,5,7
Bubblybear,winterhoof,480,druid,balance,12,5,7
Bigtammy,moon-guard,480,druid,balance,12,5,7
Ragerag,trollbane,480,druid,balance,12,5,7
Ssiikkaa,moon-guard,480,druid,balance,12,5,7
Beastin,queldorei,480,druid,balance,12,5,7
Redness,daggerspine,480,druid,balance,12,5,7
Fullyshiftz,frostmourne,480,druid,balance,12,5,7
Hrwaka,stormrage,480,druid,balance,12,5,7
Akay,bonechewer,480,druid,balance,12,5,7
Matinee,tichondrius,480,druid,balance,12,5,7
Lapensee,proudmoore,480,druid,balance,12,5,7
Injeckx,tichondrius,480,druid,balance,12,5,7
Moonhuntêr,barthilas,480,druid,balance,12,5,7
Cassatopia,zuljin,480,druid,balance,12,5,7
Cynderellaa,proudmoore,480,druid,balance,12,5,7
Rokdx,barthilas,480,druid,balance,12,5,7
Celestialife,frostmourne,480,druid,balance,12,5,7
Helpmeimbad,stormrage,480,druid,balance,12,5,7
Stick,khazgoroth,480,druid,balance,12,5,7
Nachthexen,tichondrius,480,druid,balance,12,5,7
Svär,frostmourne,480,druid,balance,12,5,7
Beastboyy,tichondrius,480,druid,balance,12,5,7
Casc,kiljaeden,480,druid,balance,12,5,7
Jujubeartank,darkspear,480,druid,balance,12,5,7
Ripter,moon-guard,480,druid,balance,12,5,7
Kurtsdruid,destromath,480,druid,balance,13,5,8
Ornaaga,blackrock,480,druid,balance,13,5,8
Coomlauncher,area-52,480,druid,balance,16,6,10
Fevo,dreadmaul,480,druid,balance,18,5,13
Brumalsun,moon-guard,480,druid,balance,18,5,13
Nightnes,sargeras,480,druid,balance,18,5,13
Aozin,goldrinn,480,druid,balance,18,5,13
Verdagris,skullcrusher,480,druid,balance,18,5,13
Truisole,zuljin,480,druid,balance,18,5,13
Tuppyboom,barthilas,480,druid,balance,24,5,19
Syllphrena,area-52,479,druid,balance,6,5,1
Ohfudge,frostwolf,479,druid,balance,12,5,7
Hoarseqock,area-52,479,druid,balance,12,5,7
Bóñés,malganis,479,druid,balance,12,5,7
Angelbigbutt,borean-tundra,479,druid,balance,12,5,7
Kenblôck,tichondrius,479,druid,balance,12,5,7
Smhyle,frostmourne,479,druid,balance,12,5,7
Cdrü,illidan,479,druid,balance,13,5,8
Loggoruk,illidan,479,druid,balance,18,5,13
Morphntime,blackrock,479,druid,balance,18,5,13
Killersilent,quelthalas,479,druid,balance,24,5,19
Edinhalfhorn,bonechewer,479,druid,balance,24,5,19
Sludgischonk,stormrage,478,druid,balance,13,6,7
Kirones,stormrage,478,druid,balance,12,5,7
Cyios,moon-guard,477,druid,balance,12,5,7
Allinone,thrall,476,druid,balance,12,5,7
Wardruidkvn,stormreaver,474,druid,balance,35,5,30
Twrixi,caelestrasz,463,druid,balance,17,5,12
Bearcathawk,sargeras,447,druid,balance,11,5,6
Artimedian,kiljaeden,447,druid,balance,11,5,6
Sylthren,muradin,447,druid,balance,11,5,6
Kyuub,barthilas,446,druid,balance,11,5,6
Thunderwolf,malganis,432,druid,balance,9,6,3
Féralis,sargeras,431,druid,balance,11,5,6
Thõrr,tichondrius,431,druid,balance,11,5,6
Cbreezyy,tichondrius,431,druid,balance,11,5,6
Excuylax,ragnaros,430,druid,balance,11,5,6
Maivwyn,zuljin,426,druid,balance,8,6,2
Yuhcy,malganis,426,druid,balance,10,6,4
Shuja,wyrmrest-accord,426,druid,balance,15,6,9
Policë,skullcrusher,425,druid,balance,14,6,8
Eaz,caelestrasz,425,druid,balance,18,6,12
Nintrus,nazjatar,425,druid,balance,23,6,17
Nightruffles,moon-guard,416,druid,balance,10,5,5
Biig,stormreaver,411,druid,balance,20,13,7
Aeo,frostmourne,400,druid,balance,13,5,8
Altha,proudmoore,400,druid,balance,13,5,8
Guárdían,frostmourne,398,druid,balance,10,5,5
Astralogy,runetotem,398,druid,balance,10,5,5
Æpex,zuljin,394,druid,balance,16,6,10
Somarythe,moon-guard,384,druid,balance,6,4,2
Spaceland,emerald-dream,384,druid,balance,6,4,2
Medsurgdruid,emerald-dream,384,druid,balance,6,4,2
Leefman,tichondrius,384,druid,balance,6,4,2
Yoshí,emerald-dream,384,druid,balance,6,4,2
Duo,demon-soul,384,druid,balance,6,4,2
Chehgo,illidan,384,druid,balance,6,4,2
Bäyter,tichondrius,384,druid,balance,6,4,2
Elonmuskirl,illidan,384,druid,balance,6,4,2
Kubzie,frostmourne,384,druid,balance,6,4,2
Hyne,emerald-dream,384,druid,balance,6,4,2
Dalaylan,moon-guard,384,druid,balance,6,4,2
Drillindarbs,frostmourne,384,druid,balance,6,4,2
Splintered,kelthuzad,384,druid,balance,6,4,2
Yeahhots,frostmourne,384,druid,balance,6,4,2
Silvshifter,frostmourne,384,druid,balance,6,4,2
Rahzoo,tichondrius,384,druid,balance,6,4,2
Jizzie,tichondrius,384,druid,balance,6,4,2
Söökie,tichondrius,384,druid,balance,6,4,2
Harute,aggramar,384,druid,balance,6,4,2
Tinishaker,ragnaros,384,druid,balance,6,4,2
Korlstone,zuljin,384,druid,balance,6,4,2
Sunio,dreadmaul,384,druid,balance,6,4,2
Zoddyboy,tichondrius,384,druid,balance,6,4,2
Socknsandals,tichondrius,384,druid,balance,6,4,2
Ellynshift,nemesis,384,druid,balance,6,4,2
Drmnheal,frostmourne,384,druid,balance,6,4,2
Mmbessa,tichondrius,384,druid,balance,6,4,2
Ilikeforests,dalaran,384,druid,balance,6,4,2
Cowspots,bonechewer,384,druid,balance,6,4,2
Whitehaze,proudmoore,384,druid,balance,6,4,2
Tyróg,area-52,384,druid,balance,6,4,2
Watchmeclone,malganis,384,druid,balance,6,4,2
Bakkaa,tichondrius,384,druid,balance,6,4,2
Ohgodbees,arthas,384,druid,balance,6,4,2
Bludehuestew,proudmoore,384,druid,balance,6,4,2
Câlypsô,dalaran,384,druid,balance,6,4,2
Nahelae,tichondrius,384,druid,balance,6,4,2
Biggucci,stonemaul,384,druid,balance,6,4,2
Vadant,sargeras,384,druid,balance,6,4,2
Lyingcat,mannoroth,384,druid,balance,6,4,2
Theømega,stormrage,384,druid,balance,6,4,2
Küb,sargeras,384,druid,balance,6,4,2
Brx,eredar,384,druid,balance,6,4,2
Winniethemuu,shattered-halls,384,druid,balance,6,4,2
Mcdizzil,bloodscalp,384,druid,balance,6,4,2
Blams,stormrage,384,druid,balance,6,4,2
Tankyguy,ragnaros,384,druid,balance,6,4,2
Anamoorphicc,kelthuzad,384,druid,balance,6,4,2
Sethfurian,magtheridon,384,druid,balance,6,4,2
Triggie,sargeras,384,druid,balance,6,4,2
Tarisant,tichondrius,384,druid,balance,6,4,2
Nightshift,dalvengyr,384,druid,balance,6,4,2
Böostedx,tichondrius,384,druid,balance,6,4,2
Vædas,tichondrius,384,druid,balance,6,4,2
Boomkinbob,malganis,384,druid,balance,6,4,2
Saiyancat,tichondrius,384,druid,balance,6,4,2
Sily,frostmourne,384,druid,balance,6,4,2
Cujjoh,tichondrius,384,druid,balance,6,4,2
Kornobluss,azralon,384,druid,balance,6,4,2
Kkamagwi,illidan,384,druid,balance,6,4,2
Kiwidru,frostmourne,384,druid,balance,6,4,2
Selfplay,barthilas,384,druid,balance,6,4,2
Hholyfield,tichondrius,384,druid,balance,6,4,2
Soothe,barthilas,384,druid,balance,6,4,2
Fusions,sargeras,384,druid,balance,6,4,2
Leomerchan,stormrage,384,druid,balance,6,4,2
Spèèdy,illidan,384,druid,balance,6,4,2
Rickyspanish,turalyon,384,druid,balance,6,4,2
Dokasaurus,lightbringer,384,druid,balance,6,4,2
Lukass,tichondrius,384,druid,balance,6,4,2
Drbulb,stormrage,384,druid,balance,6,4,2
Tchalla,detheroc,384,druid,balance,6,4,2
Drenten,stormrage,384,druid,balance,6,4,2
Qyuka,area-52,384,druid,balance,6,4,2
Katzumito,sargeras,384,druid,balance,6,4,2
Critkatbear,detheroc,384,druid,balance,6,4,2
Berntaikwa,tichondrius,384,druid,balance,6,4,2
Twostars,thrall,384,druid,balance,6,4,2
Ilovesakura,uldum,384,druid,balance,6,4,2
Jarya,drakkari,384,druid,balance,6,4,2
Nicklul,llane,384,druid,balance,6,4,2
Kiddohhz,tichondrius,384,druid,balance,6,4,2
Swiftsouljr,tichondrius,384,druid,balance,6,4,2
Trogshift,blackrock,384,druid,balance,6,4,2
Eñølá,sargeras,384,druid,balance,6,4,2
Elpiaso,sargeras,384,druid,balance,6,4,2
Seekamp,khazgoroth,384,druid,balance,6,4,2
Luvgames,area-52,384,druid,balance,6,4,2
Jherdugo,durotan,384,druid,balance,6,4,2
Sabretoóth,malganis,384,druid,balance,6,4,2
Pacmaynè,illidan,384,druid,balance,9,5,4
Balancz,thrall,384,druid,balance,10,5,5
Erwelz,quelthalas,384,druid,balance,10,5,5
Hooters,thunderlord,384,druid,balance,8,4,4
Boomkint,wyrmrest-accord,384,druid,balance,15,5,10
Jakermans,area-52,384,druid,balance,12,4,8
Soreze,kelthuzad,384,druid,balance,12,4,8
Christree,frostmourne,384,druid,balance,12,4,8
Greemer,sargeras,384,druid,balance,12,4,8
Boomhówer,illidan,384,druid,balance,12,4,8
Lifeforcer,barthilas,384,druid,balance,12,4,8
Kayabear,tichondrius,384,druid,balance,12,4,8
Skylightt,illidan,384,druid,balance,12,4,8
Msdruid,moon-guard,384,druid,balance,12,4,8
Jackdru,illidan,384,druid,balance,12,4,8
Compactdruid,emerald-dream,384,druid,balance,12,4,8
Menlove,area-52,384,druid,balance,12,4,8
Kerrzo,frostmourne,384,druid,balance,12,4,8
Amaryllis,the-underbog,384,druid,balance,12,4,8
Lilrichdps,sargeras,384,druid,balance,12,4,8
Shanadris,stormrage,384,druid,balance,12,4,8
Blipshift,tichondrius,384,druid,balance,12,4,8
Shinoßi,area-52,384,druid,balance,12,4,8
Wintarz,sargeras,384,druid,balance,12,4,8
Razorclaws,stormscale,384,druid,balance,12,4,8
Darkangle,ysera,384,druid,balance,12,4,8
Khogha,drakkari,384,druid,balance,12,4,8
Drguillotine,azralon,384,druid,balance,12,4,8
Omnipaw,kelthuzad,384,druid,balance,12,4,8
Astería,sentinels,384,druid,balance,12,4,8
Tasselhoof,hyjal,384,druid,balance,12,4,8
Donti,laughing-skull,384,druid,balance,12,4,8
Herb,zangarmarsh,384,druid,balance,12,4,8
Dogforms,azralon,384,druid,balance,12,4,8
Bigsmurph,illidan,384,druid,balance,12,4,8
Bowlpacka,malganis,384,druid,balance,12,4,8
Gangstaboo,sargeras,384,druid,balance,12,4,8
Zenowl,turalyon,384,druid,balance,12,4,8
Ferar,frostmourne,384,druid,balance,12,4,8
Veyrønn,stormrage,384,druid,balance,12,4,8
Cathelyana,tichondrius,384,druid,balance,16,5,11
Kaldrui,frostmourne,383,druid,balance,6,4,2
Thiccybear,darkspear,383,druid,balance,6,4,2
Papitank,drakkari,383,druid,balance,6,4,2
Balthøs,moon-guard,383,druid,balance,6,4,2
Kornaz,guldan,383,druid,balance,6,4,2
Samesaras,darkspear,383,druid,balance,6,4,2
Boffy,illidan,383,druid,balance,9,5,4
Heartsong,bloodhoof,383,druid,balance,12,4,8
Ranchdußois,illidan,383,druid,balance,12,4,8
Littleowl,nemesis,383,druid,balance,18,4,14
Lesliechao,tichondrius,383,druid,balance,18,4,14
Unhappystill,tichondrius,383,druid,balance,18,4,14
Alalletsa,destromath,383,druid,balance,24,4,20
Nukaboom,elune,382,druid,balance,6,4,2
Samanthag,frostmourne,382,druid,balance,6,4,2
Boomanon,illidan,382,druid,balance,6,4,2
Ravii,nemesis,382,druid,balance,12,4,8
Korduroi,malygos,380,druid,balance,12,4,8
Madmaxie,blackrock,379,druid,balance,12,4,8
Fuknméow,area-52,362,druid,balance,20,6,14
Crotchlicker,bloodscalp,352,druid,balance,10,4,6
Stealthhero,lightbringer,351,druid,balance,11,4,7
Cortado,thrall,351,druid,balance,14,5,9
Sheladruid,tichondrius,335,druid,balance,11,4,7
Ihjx,sargeras,330,druid,balance,11,6,5
Yangrou,tichondrius,330,druid,balance,11,5,6
Tehnklox,malorne,319,druid,balance,5,4,1
Pantyy,malganis,319,druid,balance,5,4,1
Raquelíta,stormrage,319,druid,balance,5,4,1
Relbedo,sargeras,304,druid,balance,7,4,3
Veldinn,illidan,304,druid,balance,7,4,3
Riddickd,malfurion,288,druid,balance,11,6,5
Tulasuave,tichondrius,288,druid,balance,6,3,3
Deadllytear,dark-iron,288,druid,balance,6,3,3
Woopsie,malfurion,288,druid,balance,6,3,3
Asstralpower,tichondrius,288,druid,balance,6,3,3
Sylvanna,tichondrius,288,druid,balance,6,3,3
Vêex,tichondrius,288,druid,balance,6,3,3
Senpaisteve,proudmoore,288,druid,balance,6,3,3
Levelboostx,tichondrius,288,druid,balance,6,3,3
Profesigh,tichondrius,288,druid,balance,6,3,3
Druishcat,dark-iron,288,druid,balance,6,3,3
Kavy,tichondrius,288,druid,balance,6,3,3
Spooser,proudmoore,288,druid,balance,6,3,3
Dreugh,illidan,288,druid,balance,6,3,3
Meruemoo,tichondrius,288,druid,balance,6,3,3
Farmâcia,mannoroth,288,druid,balance,6,3,3
Duuj,illidan,288,druid,balance,6,3,3
Kî,thunderlord,288,druid,balance,6,3,3
Unrootable,illidan,288,druid,balance,6,3,3
Däll,tichondrius,288,druid,balance,6,3,3
Fengfeidruid,illidan,288,druid,balance,6,3,3
Ghostboy,zuljin,288,druid,balance,6,3,3
Ménd,thrall,288,druid,balance,6,3,3
Jerm,coilfang,288,druid,balance,6,3,3
Crackheadava,frostmourne,288,druid,balance,6,3,3
Nidalie,zuljin,288,druid,balance,6,3,3
Eshutelly,tichondrius,288,druid,balance,6,3,3
Jeppcat,tichondrius,288,druid,balance,6,3,3
Ninóbily,ragnaros,288,druid,balance,6,3,3
Ÿùp,tichondrius,288,druid,balance,6,3,3
Kurodash,tichondrius,288,druid,balance,6,3,3
Kassius,alleria,288,druid,balance,6,3,3
Druidnim,tichondrius,288,druid,balance,6,3,3
Cassiê,bleeding-hollow,288,druid,balance,6,3,3
Silkyroad,tichondrius,288,druid,balance,6,3,3
Yëeëeëeëehaw,illidan,288,druid,balance,6,3,3
Kalalana,illidan,288,druid,balance,6,3,3
Sodah,tichondrius,288,druid,balance,6,3,3
Bridgerén,tichondrius,288,druid,balance,6,3,3
Loren,gorefiend,288,druid,balance,6,3,3
Gúùnchi,tichondrius,288,druid,balance,6,3,3
Aloverra,illidan,288,druid,balance,6,3,3
Pusswhisperr,bleeding-hollow,288,druid,balance,6,3,3
Feralgød,tichondrius,288,druid,balance,6,3,3
Fauck,illidan,288,druid,balance,6,3,3
Shaftomatic,tichondrius,288,druid,balance,6,3,3
Luuxia,tichondrius,288,druid,balance,6,3,3
Sïgbjörn,ragnaros,288,druid,balance,6,3,3
Cutely,tichondrius,288,druid,balance,6,3,3
Bròcclee,tichondrius,288,druid,balance,6,3,3
Iploopedyogf,bleeding-hollow,288,druid,balance,6,3,3
Voodoopipe,tichondrius,288,druid,balance,6,3,3
Teddybëar,illidan,288,druid,balance,6,3,3
Bleedinzqt,illidan,288,druid,balance,6,3,3
Eightozpatty,tichondrius,288,druid,balance,6,3,3
Meatmeester,tichondrius,288,druid,balance,6,3,3
Prowli,tichondrius,288,druid,balance,6,3,3
Tsochickenn,bleeding-hollow,288,druid,balance,6,3,3
Jxred,illidan,288,druid,balance,6,3,3
Jpylm,ysera,288,druid,balance,6,3,3
Pokemint,tichondrius,288,druid,balance,6,3,3
Shalaz,magtheridon,288,druid,balance,6,3,3
Laazz,area-52,288,druid,balance,6,3,3
Druiddotcom,burning-blade,288,druid,balance,6,3,3
Windù,azralon,288,druid,balance,6,3,3
Bearys,area-52,288,druid,balance,6,3,3
Teribad,area-52,288,druid,balance,6,3,3
Twloha,frostmourne,288,druid,balance,6,3,3
Treebag,frostmane,288,druid,balance,6,3,3
Littlepeepee,quelthalas,288,druid,balance,6,3,3
Besto,moon-guard,288,druid,balance,6,3,3
Feathermane,area-52,288,druid,balance,6,3,3
Snartx,malganis,288,druid,balance,6,3,3
Dreamfyre,kiljaeden,288,druid,balance,6,3,3
Jabawockdeez,area-52,288,druid,balance,6,3,3
Ebyx,frostmourne,288,druid,balance,6,3,3
Kittysnuggle,emerald-dream,288,druid,balance,6,3,3
Torofarmeon,quelthalas,288,druid,balance,6,3,3
Leafthief,whisperwind,288,druid,balance,6,3,3
Hoofchich,frostmourne,288,druid,balance,6,3,3
Stolenbur,frostmourne,288,druid,balance,6,3,3
Taztoc,stormrage,288,druid,balance,6,3,3
Ohsnapz,silvermoon,288,druid,balance,6,3,3
Alleae,stormrage,288,druid,balance,6,3,3
Deimos,jubeithos,288,druid,balance,6,3,3
Background,kelthuzad,288,druid,balance,6,3,3
Stársurge,area-52,288,druid,balance,6,3,3
Haaha,area-52,288,druid,balance,6,3,3
Sylvannlee,stormrage,288,druid,balance,6,3,3
Hotsnthots,khaz-modan,288,druid,balance,6,3,3
Bushel,malganis,288,druid,balance,6,3,3
Sawaz,frostmourne,288,druid,balance,6,3,3
Wravyn,malganis,288,druid,balance,6,3,3
Çãñçèr,frostmourne,288,druid,balance,6,3,3
Lilgee,kelthuzad,288,druid,balance,6,3,3
Bleedum,guldan,288,druid,balance,6,3,3
Rychicken,frostmourne,288,druid,balance,6,3,3
Nakedbull,velen,288,druid,balance,6,3,3
Lelantas,stormrage,288,druid,balance,6,3,3
Hallwanted,area-52,288,druid,balance,6,3,3
Jammi,skywall,288,druid,balance,6,3,3
Akiza,sargeras,288,druid,balance,6,3,3
Sowo,sargeras,288,druid,balance,6,3,3
Delrin,garona,288,druid,balance,6,3,3
Krutok,azralon,288,druid,balance,6,3,3
Vykarux,suramar,288,druid,balance,6,3,3
Ksg,bronzebeard,288,druid,balance,6,3,3
Nerfthedruid,blackrock,288,druid,balance,6,3,3
Lazza,blackhand,288,druid,balance,6,3,3
Papacard,stormrage,288,druid,balance,6,3,3
Revitalize,shadowsong,288,druid,balance,6,3,3
Cbark,ravencrest,288,druid,balance,6,3,3
Superwrath,khaz-modan,288,druid,balance,6,3,3
Bhíkkhu,stormrage,288,druid,balance,6,3,3
Phlexii,jubeithos,288,druid,balance,6,3,3
Gryel,area-52,288,druid,balance,6,3,3
Tokyotimxoxx,area-52,288,druid,balance,6,3,3
Zenithmoon,sargeras,288,druid,balance,6,3,3
Sypìí,stormrage,288,druid,balance,6,3,3
Dauncy,sargeras,288,druid,balance,6,3,3
Rhorr,frostmourne,288,druid,balance,6,3,3
Pätamansa,azralon,288,druid,balance,6,3,3
Flapjack,garithos,288,druid,balance,6,3,3
Ashclaw,akama,288,druid,balance,6,3,3
Azoth,hyjal,288,druid,balance,6,3,3
Psycloned,magtheridon,288,druid,balance,6,3,3
Jayroneowo,frostmourne,288,druid,balance,6,3,3
Rahtall,malganis,288,druid,balance,6,3,3
Tuxedobëar,tichondrius,288,druid,balance,9,4,5
Krittykitkat,chogall,288,druid,balance,9,4,5
Spacaa,kelthuzad,288,druid,balance,9,4,5
Bigswaag,malganis,288,druid,balance,7,3,4
Retsarehard,illidan,288,druid,balance,8,3,5
Wreckingcrew,emerald-dream,288,druid,balance,8,3,5
Padfot,tichondrius,288,druid,balance,15,4,11
Shruumz,sargeras,288,druid,balance,20,5,15
Islandhead,area-52,288,druid,balance,12,3,9
Davelombardo,tichondrius,288,druid,balance,12,3,9
Torilisather,ragnaros,288,druid,balance,12,3,9
Hottiecake,bronzebeard,288,druid,balance,12,3,9
Meowzedon,sargeras,288,druid,balance,12,3,9
Teyollocuani,sargeras,288,druid,balance,12,3,9
Tommyjimmy,andorhal,288,druid,balance,12,3,9
Boomybum,bleeding-hollow,288,druid,balance,12,3,9
Moonfirebeam,illidan,288,druid,balance,12,3,9
Evarene,vashj,288,druid,balance,12,3,9
Rwi,tichondrius,288,druid,balance,12,3,9
Cêania,moon-guard,288,druid,balance,12,3,9
Tsaß,bleeding-hollow,288,druid,balance,12,3,9
Sheeshmend,frostmourne,288,druid,balance,12,3,9
Uezzon,tol-barad,288,druid,balance,12,3,9
Linbiba,area-52,288,druid,balance,12,3,9
Ratot,emerald-dream,288,druid,balance,12,3,9
Feyrein,moon-guard,288,druid,balance,12,3,9
Deltabot,tichondrius,288,druid,balance,12,3,9
Drchronic,boulderfist,288,druid,balance,12,3,9
Koan,proudmoore,288,druid,balance,12,3,9
Apple,saurfang,288,druid,balance,12,3,9
Xalstarrot,sargeras,288,druid,balance,12,3,9
Loathe,korialstrasz,288,druid,balance,12,3,9
Srtoddy,azralon,288,druid,balance,12,3,9
Limpickles,tichondrius,288,druid,balance,12,3,9
Scythé,stormrage,288,druid,balance,12,3,9
Plye,korgath,288,druid,balance,12,3,9
Scarn,nathrezim,288,druid,balance,18,3,15
Tretzyqt,tichondrius,288,druid,balance,18,3,15
Wweegyy,tichondrius,287,druid,balance,6,3,3
Johnee,barthilas,287,druid,balance,6,3,3
Dainerysz,proudmoore,286,druid,balance,6,3,3
Daltius,illidan,256,druid,balance,10,3,7
Clownprince,barthilas,256,druid,balance,10,3,7
Vollzar,sargeras,255,druid,balance,11,3,8
Joekir,dalaran,255,druid,balance,11,3,8
Cryptø,azralon,240,druid,balance,7,4,3
Moox,azjolnerub,240,druid,balance,9,3,6
Trahfnahrumn,moon-guard,240,druid,balance,9,3,6
Verielda,skullcrusher,239,druid,balance,5,3,2
Oddclaw,stormrage,239,druid,balance,5,3,2
Bigtoeess,tichondrius,239,druid,balance,5,3,2
Spatulas,malganis,234,druid,balance,22,4,18
Dipdodge,illidan,224,druid,balance,10,3,7
Mclarenz,frostmourne,223,druid,balance,8,3,5
Variandruid,kelthuzad,223,druid,balance,8,3,5
Mkat,illidan,223,druid,balance,8,3,5
Eden,thrall,223,druid,balance,14,3,11
Jazzman,jubeithos,223,druid,balance,14,3,11
Ðaegon,area-52,192,druid,balance,4,3,1
Flummoz,frostmourne,192,druid,balance,4,3,1
Treezyn,sargeras,192,druid,balance,6,2,4
Explicít,sargeras,192,druid,balance,6,2,4
Phatê,nerzhul,192,druid,balance,6,2,4
Enyu,sargeras,192,druid,balance,6,2,4
Octacer,malfurion,192,druid,balance,6,2,4
Sloppysheila,sargeras,192,druid,balance,6,2,4
Katherine,moon-guard,192,druid,balance,6,2,4
Loodichriss,area-52,192,druid,balance,6,2,4
Jdwx,sargeras,192,druid,balance,6,2,4
Markóla,stormrage,192,druid,balance,6,2,4
Bullwïnkle,uther,192,druid,balance,6,2,4
Xay,runetotem,192,druid,balance,6,2,4
Sunø,stormrage,192,druid,balance,6,2,4
Saìyori,area-52,192,druid,balance,6,2,4
Lutêr,malganis,192,druid,balance,6,2,4
Mäûled,fizzcrank,192,druid,balance,6,2,4
Dartius,proudmoore,192,druid,balance,6,2,4
Tondrai,malganis,192,druid,balance,6,2,4
Linful,tichondrius,192,druid,balance,6,2,4
Tenavï,stormrage,192,druid,balance,6,2,4
Spicyorange,dalaran,192,druid,balance,6,2,4
Deadpoóll,area-52,192,druid,balance,6,2,4
Aprendíz,azralon,192,druid,balance,6,2,4
Juwizend,tichondrius,192,druid,balance,6,2,4
Meowed,sargeras,192,druid,balance,6,2,4
Freinnar,kiljaeden,192,druid,balance,6,2,4
Glynistann,bladefist,192,druid,balance,6,2,4
Côsmos,illidan,192,druid,balance,6,2,4
Mosdu,tichondrius,192,druid,balance,6,2,4
Wtfhommie,madoran,192,druid,balance,6,2,4
Solilunar,tichondrius,192,druid,balance,6,2,4
Jitlit,malganis,192,druid,balance,6,2,4
Mechx,stormrage,192,druid,balance,6,2,4
Glowstixz,tichondrius,192,druid,balance,6,2,4
Zinaar,dalaran,192,druid,balance,6,2,4
Beafsausage,thrall,192,druid,balance,6,2,4
Ørëø,elune,192,druid,balance,6,2,4
Lilherb,azralon,192,druid,balance,6,2,4
Hagenws,azralon,192,druid,balance,6,2,4
Superhadokin,tichondrius,192,druid,balance,6,2,4
Vacäo,azralon,192,druid,balance,6,2,4
Zaviuhs,wyrmrest-accord,192,druid,balance,6,2,4
Slavenhausen,azralon,192,druid,balance,6,2,4
Flarkage,area-52,192,druid,balance,6,2,4
Speaks,moon-guard,192,druid,balance,6,2,4
Unella,kelthuzad,192,druid,balance,6,2,4
Malcavelli,tichondrius,192,druid,balance,6,2,4
Mòónwhisper,moon-guard,192,druid,balance,6,2,4
Arienne,kelthuzad,192,druid,balance,6,2,4
Norzbek,silvermoon,192,druid,balance,6,2,4
Ozanji,wyrmrest-accord,192,druid,balance,6,2,4
Sydneey,kelthuzad,192,druid,balance,6,2,4
Milkz,zuljin,192,druid,balance,6,2,4
Joken,dalaran,192,druid,balance,6,2,4
Hawtzi,stormrage,192,druid,balance,6,2,4
Taddeddruid,area-52,192,druid,balance,6,2,4
Alarious,malganis,192,druid,balance,6,2,4
Centauri,shandris,192,druid,balance,6,2,4
Crycloné,stormrage,192,druid,balance,6,2,4
Wokker,mannoroth,192,druid,balance,6,2,4
Isunami,emerald-dream,192,druid,balance,6,2,4
Berster,area-52,192,druid,balance,6,2,4
Psspsspss,kelthuzad,192,druid,balance,6,2,4
Hasemilë,dalaran,192,druid,balance,6,2,4
Beargnarly,sargeras,192,druid,balance,6,2,4
Laymonath,elune,192,druid,balance,6,2,4
Cydeea,kelthuzad,192,druid,balance,6,2,4
Hoptimus,zuljin,192,druid,balance,6,2,4
Righteousdru,tichondrius,192,druid,balance,6,2,4
Lappz,malganis,192,druid,balance,6,2,4
Moonhorn,kelthuzad,192,druid,balance,6,2,4
Zigh,azralon,192,druid,balance,6,2,4
Chèétøhz,moon-guard,192,druid,balance,6,2,4
Leafsquirrel,kelthuzad,192,druid,balance,6,2,4
Malffurryan,draktharon,192,druid,balance,6,2,4
Feorb,sargeras,192,druid,balance,6,2,4
Vosegus,emerald-dream,192,druid,balance,6,2,4
Hzu,kelthuzad,192,druid,balance,6,2,4
Khorozok,mugthol,192,druid,balance,6,2,4
Totorostard,tichondrius,192,druid,balance,6,2,4
Blackchina,tichondrius,192,druid,balance,6,2,4
Drawknytsud,draka,192,druid,balance,6,2,4
Zzap,ragnaros,192,druid,balance,6,2,4
Bobobear,proudmoore,192,druid,balance,6,2,4
Yokan,agamaggan,192,druid,balance,6,2,4
Absentteeth,stormrage,192,druid,balance,6,2,4
Maélstrom,goldrinn,192,druid,balance,6,2,4
Mythicdruid,ragnaros,192,druid,balance,6,2,4
Paranoidocpd,tichondrius,192,druid,balance,6,2,4
Druidmàsta,lightbringer,192,druid,balance,6,2,4
Aridru,akama,192,druid,balance,6,2,4
Neytirí,stormrage,192,druid,balance,6,2,4
Bubblebraìn,area-52,192,druid,balance,6,2,4
Wdruid,sargeras,192,druid,balance,6,2,4
Lilgushy,area-52,192,druid,balance,6,2,4
Kynlenorel,moon-guard,192,druid,balance,6,2,4
Purrsnikitty,blackhand,192,druid,balance,6,2,4
Shredstitute,tichondrius,192,druid,balance,6,2,4
Fenrìr,area-52,192,druid,balance,6,2,4
Hawgs,bleeding-hollow,192,druid,balance,6,2,4
Tp,dragonblight,192,druid,balance,6,2,4
Pawswap,tichondrius,192,druid,balance,6,2,4
Hellabanx,tichondrius,192,druid,balance,6,2,4
Stones,lightbringer,192,druid,balance,6,2,4
Zatz,frostmourne,192,druid,balance,6,2,4
Xeroe,frostmourne,192,druid,balance,6,2,4
Criturpantz,garrosh,192,druid,balance,6,2,4
Beôrn,mugthol,192,druid,balance,6,2,4
Satyrø,frostmourne,192,druid,balance,6,2,4
Elgatomarica,ragnaros,192,druid,balance,6,2,4
Switchup,gorefiend,192,druid,balance,6,2,4
Boomtastik,frostmourne,192,druid,balance,6,2,4
Skig,stormreaver,192,druid,balance,6,2,4
Adonalsium,area-52,192,druid,balance,6,2,4
Baankai,frostmourne,192,druid,balance,6,2,4
Notafurryxd,tichondrius,192,druid,balance,6,2,4
Tansdruid,area-52,192,druid,balance,6,2,4
Bosscjp,tichondrius,192,druid,balance,6,2,4
Coochisurge,the-underbog,192,druid,balance,6,2,4
Fishnut,stormscale,192,druid,balance,6,2,4
Neferpitou,fenris,192,druid,balance,6,2,4
Moserker,bleeding-hollow,192,druid,balance,6,2,4
Gumbotron,illidan,192,druid,balance,6,2,4
Thugcat,tichondrius,192,druid,balance,6,2,4
Milkmê,area-52,192,druid,balance,6,2,4
Bulltdiffrnt,illidan,192,druid,balance,6,2,4
Multispec,farstriders,192,druid,balance,6,2,4
Srbestias,quelthalas,192,druid,balance,6,2,4
Alagorn,zangarmarsh,192,druid,balance,6,2,4
Guap,bleeding-hollow,192,druid,balance,6,2,4
Joobastank,arthas,192,druid,balance,6,2,4
Empowers,garrosh,192,druid,balance,6,2,4
Patiencé,moon-guard,192,druid,balance,6,2,4
Pepee,tichondrius,192,druid,balance,6,2,4
Ophiophagus,nemesis,192,druid,balance,6,2,4
Artaniss,tichondrius,192,druid,balance,6,2,4
Potus,illidan,192,druid,balance,6,2,4
Vanandor,tichondrius,192,druid,balance,6,2,4
Judite,azralon,192,druid,balance,6,2,4
Pleomorpher,quelthalas,192,druid,balance,6,2,4
Floso,illidan,192,druid,balance,6,2,4
Aquaarius,nemesis,192,druid,balance,6,2,4
Kångåwålafox,sargeras,192,druid,balance,8,2,6
Panchuwuanky,sargeras,192,druid,balance,8,2,6
Bullkkake,tichondrius,192,druid,balance,12,2,10
Skaidi,quelthalas,192,druid,balance,12,2,10
Rakuath,zuljin,192,druid,balance,12,2,10
Thundyrcat,tichondrius,192,druid,balance,12,2,10
Alluminax,sargeras,192,druid,balance,12,2,10
Murrmerly,moon-guard,192,druid,balance,12,2,10
Gholdris,moon-guard,192,druid,balance,12,2,10
Drule,illidan,192,druid,balance,12,2,10
Nephro,barthilas,192,druid,balance,12,2,10
Visûcius,moon-guard,192,druid,balance,12,2,10
Daydaygo,illidan,192,druid,balance,12,2,10
Trisinz,perenolde,192,druid,balance,12,2,10
Papiçhoc,quelthalas,192,druid,balance,12,2,10
Yám,tichondrius,192,druid,balance,12,2,10
Pusscat,illidan,192,druid,balance,18,2,16
Stage,garithos,191,druid,balance,6,2,4
Blueboom,area-52,191,druid,balance,6,2,4
Thicchicken,emerald-dream,191,druid,balance,12,2,10
Rahdek,azgalor,180,druid,balance,11,5,6
Ännä,moon-guard,159,druid,balance,5,2,3
Megaboom,destromath,159,druid,balance,5,2,3
Irontree,dunemaul,159,druid,balance,5,2,3
Trashj,moon-guard,159,druid,balance,5,2,3
Roongg,moon-guard,159,druid,balance,5,2,3
Simbã,the-forgotten-coast,159,druid,balance,5,2,3
Xylemcow,malganis,159,druid,balance,5,2,3
Mayarí,sargeras,159,druid,balance,16,3,13
Bethorâ,suramar,143,druid,balance,9,3,6
Ishalu,tichondrius,138,druid,balance,6,3,3
Meianoitchê,azralon,138,druid,balance,29,7,22
Drulixs,durotan,128,druid,balance,4,2,2
Wutangclones,tichondrius,128,druid,balance,12,2,10
Highs,sargeras,112,druid,balance,7,2,5
Yøpièrre,bleeding-hollow,96,druid,balance,3,2,1
Envirolol,frostmourne,96,druid,balance,3,2,1
Moosesolini,chogall,96,druid,balance,3,2,1
Hoseph,malganis,96,druid,balance,3,2,1
Stradamus,sargeras,96,druid,balance,3,2,1
Shifterjr,illidan,96,druid,balance,6,1,5
Jultsd,illidan,96,druid,balance,6,1,5
Scatpanties,moon-guard,96,druid,balance,6,1,5
Zackfromwow,illidan,96,druid,balance,6,1,5
Shmooglite,emerald-dream,96,druid,balance,6,1,5
Evergladé,emerald-dream,96,druid,balance,6,1,5
Zulin,bleeding-hollow,96,druid,balance,6,1,5
Sagikos,skullcrusher,96,druid,balance,6,1,5
Watchlady,thunderhorn,96,druid,balance,6,1,5
Chalupà,illidan,96,druid,balance,6,1,5
Zakwa,bleeding-hollow,96,druid,balance,6,1,5
Ripguts,bleeding-hollow,96,druid,balance,6,1,5
Omegabeast,frostmourne,96,druid,balance,6,1,5
Validruid,area-52,96,druid,balance,6,1,5
Travys,sargeras,96,druid,balance,6,1,5
Jonesy,zuluhed,96,druid,balance,6,1,5
Bearlylegäl,eonar,96,druid,balance,6,1,5
Gaìjin,barthilas,96,druid,balance,6,1,5
Amarôk,bleeding-hollow,96,druid,balance,6,1,5
Elivacheth,zuljin,96,druid,balance,6,1,5
Aeoc,barthilas,96,druid,balance,6,1,5
Invisakitty,demon-soul,96,druid,balance,6,1,5
Thissaene,sargeras,96,druid,balance,6,1,5
Kirrel,frostmourne,96,druid,balance,6,1,5
Jorkalak,zuljin,96,druid,balance,6,1,5
Zazinium,illidan,96,druid,balance,6,1,5
Shind,lightbringer,96,druid,balance,6,1,5
Môôn,bleeding-hollow,96,druid,balance,6,1,5
Bigsquirtz,sargeras,96,druid,balance,6,1,5
Sundae,khazgoroth,96,druid,balance,6,1,5
Ultracatx,tichondrius,96,druid,balance,6,1,5
Chulogringo,tichondrius,96,druid,balance,6,1,5
Pepesílvia,area-52,96,druid,balance,6,1,5
Oyweklefga,kelthuzad,96,druid,balance,6,1,5
Hööper,illidan,96,druid,balance,6,1,5
Anímorph,sargeras,96,druid,balance,6,1,5
Ouch,tichondrius,96,druid,balance,6,1,5
Sheeftah,illidan,96,druid,balance,6,1,5
Samully,area-52,96,druid,balance,6,1,5
Klint,darkspear,96,druid,balance,6,1,5
Feralmain,illidan,96,druid,balance,6,1,5
Kipsmiffly,darkspear,96,druid,balance,6,1,5
Hoovez,emerald-dream,96,druid,balance,6,1,5
Bearilylegal,zuljin,96,druid,balance,6,1,5
Slackoth,dalaran,96,druid,balance,6,1,5
Abellia,moon-guard,96,druid,balance,6,1,5
Disobey,wyrmrest-accord,96,druid,balance,6,1,5
Bpdferal,stormrage,96,druid,balance,6,1,5
Sneakydikns,tichondrius,96,druid,balance,6,1,5
Melez,kelthuzad,96,druid,balance,6,1,5
Franklenn,area-52,96,druid,balance,6,1,5
Selling,moon-guard,96,druid,balance,6,1,5
Lymeena,sargeras,96,druid,balance,6,1,5
Stalfrus,area-52,96,druid,balance,6,1,5
Furryluvr,tichondrius,96,druid,balance,6,1,5
Faldrynn,sargeras,96,druid,balance,6,1,5
Alv,azjolnerub,96,druid,balance,6,1,5
Blizhatesfun,zuljin,96,druid,balance,6,1,5
Jonculler,korgath,96,druid,balance,6,1,5
Rennan,cenarius,96,druid,balance,6,1,5
Twentypeice,tichondrius,96,druid,balance,6,1,5
Shifthappns,kaelthas,96,druid,balance,6,1,5
Capgodz,stormrage,96,druid,balance,6,1,5
Fergsy,frostmourne,96,druid,balance,6,1,5
Florgsgorgan,sargeras,96,druid,balance,6,1,5
Coomer,korgath,96,druid,balance,6,1,5
Edorant,illidan,96,druid,balance,6,1,5
Notdev,grizzly-hills,96,druid,balance,6,1,5
Kirato,ragnaros,96,druid,balance,6,1,5
Hurloon,demon-soul,96,druid,balance,6,1,5
Bearcat,thrall,96,druid,balance,6,1,5
Niquil,hyjal,96,druid,balance,6,1,5
Drilnos,hyjal,96,druid,balance,6,1,5
Sinapticc,proudmoore,96,druid,balance,6,1,5
Treepaw,hyjal,96,druid,balance,6,1,5
Sckuzzbag,stormrage,96,druid,balance,6,1,5
Briimo,malganis,96,druid,balance,6,1,5
Tricksters,malganis,96,druid,balance,6,1,5
Torpina,malganis,96,druid,balance,6,1,5
Birchbark,sargeras,96,druid,balance,6,1,5
Ahrilia,stormrage,96,druid,balance,6,1,5
Bwara,azralon,96,druid,balance,6,1,5
Eldertroll,boulderfist,96,druid,balance,6,1,5
Spunj,frostmourne,96,druid,balance,6,1,5
Giktsu,azralon,96,druid,balance,6,1,5
Rokitty,malganis,96,druid,balance,6,1,5
Breedable,elune,96,druid,balance,6,1,5
Vicentao,tichondrius,96,druid,balance,6,1,5
Datwinkie,stormrage,96,druid,balance,6,1,5
Mustáfah,ragnaros,96,druid,balance,6,1,5
Diezi,smolderthorn,96,druid,balance,6,1,5
Brucey,khadgar,96,druid,balance,6,1,5
Oldcktwist,garrosh,96,druid,balance,6,1,5
Ggumy,tichondrius,96,druid,balance,6,1,5
Innergeex,aegwynn,96,druid,balance,6,1,5
Bernwolf,moon-guard,96,druid,balance,6,1,5
Alore,wildhammer,96,druid,balance,6,1,5
Ynex,stormreaver,96,druid,balance,6,1,5
Keithmoonkin,area-52,96,druid,balance,6,1,5
Mørtifaga,quelthalas,96,druid,balance,6,1,5
Caponetonejr,steamwheedle-cartel,96,druid,balance,6,1,5
Stinkycrotch,malganis,96,druid,balance,6,1,5
Dox,azralon,96,druid,balance,6,1,5
Havocblaze,nazjatar,96,druid,balance,6,1,5
Keyli,frostwolf,96,druid,balance,6,1,5
Hawthòrn,bloodscalp,96,druid,balance,6,1,5
Youlived,aegwynn,96,druid,balance,6,1,5
Øvernight,azralon,96,druid,balance,6,1,5
Pappalovesu,area-52,96,druid,balance,6,1,5
Javada,garrosh,96,druid,balance,6,1,5
Aelena,whisperwind,96,druid,balance,6,1,5
Ewok,vashj,96,druid,balance,6,1,5
Boommkin,whisperwind,96,druid,balance,6,1,5
Treejuana,magtheridon,96,druid,balance,6,1,5
Interfury,magtheridon,96,druid,balance,6,1,5
Moocka,ragnaros,96,druid,balance,6,1,5
Earthstalker,crushridge,96,druid,balance,6,1,5
Busyvoken,malganis,96,druid,balance,6,1,5
Encosan,azralon,96,druid,balance,7,1,6
Simbaa,blades-edge,96,druid,balance,10,1,9
Grimmb,emerald-dream,96,druid,balance,12,1,11
Ravendawnn,tichondrius,96,druid,balance,12,1,11
Kängawalafox,frostmourne,96,druid,balance,12,1,11
Kodrän,stormrage,96,druid,balance,12,1,11
Udderchaos,dark-iron,96,druid,balance,12,1,11
Seremap,frostmourne,96,druid,balance,16,1,15
Blanquito,proudmoore,95,druid,balance,6,1,5
Geovanni,thaurissan,95,druid,balance,6,1,5
Ranokaliki,tichondrius,89,druid,balance,10,3,7
Gorfrog,tichondrius,84,druid,balance,13,6,7
Drewcarriesu,arthas,79,druid,balance,5,2,3
Hydraulick,tichondrius,79,druid,balance,5,1,4
Zephiee,kelthuzad,79,druid,balance,5,1,4
Lutzenberger,nemesis,79,druid,balance,5,1,4
Raahmirtah,illidan,79,druid,balance,5,1,4
Manalune,firetree,79,druid,balance,5,1,4
Foggie,spirestone,79,druid,balance,5,1,4
Doingo,destromath,79,druid,balance,11,1,10
Morpheûs,bleeding-hollow,64,druid,balance,4,1,3
Xforcerage,zuljin,64,druid,balance,4,1,3
Hughhefferr,illidan,63,druid,balance,2,2,0
Pleasantree,kelthuzad,63,druid,balance,2,2,0
Fyrleaf,lightnings-blade,48,druid,balance,3,1,2
Naturan,drakkari,42,druid,balance,9,2,7
Zoomanji,stormrage,42,druid,balance,10,2,8
Vleib,ragnaros,31,druid,balance,2,1,1
Wamma,tichondrius,31,druid,balance,2,1,1
Ohbawaswoomp,frostmourne,31,druid,balance,2,1,1
Kaylaria,aerie-peak,31,druid,balance,2,1,1
Tsubakihara,azralon,16,druid,balance,1,1,0
Sleepiiheadx,stormrage,2222,evoker,preservation,186,109,77
Syraxiez,sargeras,2203,evoker,preservation,87,55,32
Idk,proudmoore,2200,evoker,preservation,102,58,44
Meraxes,moonrunner,2194,evoker,preservation,220,111,109
Garbagevoker,scilla,2187,evoker,preservation,240,121,119
Dracob,sargeras,2180,evoker,preservation,252,140,112
Sleepiihead,stormrage,2151,evoker,preservation,126,67,59
Dreamfuego,tichondrius,2142,evoker,preservation,121,62,59
Jakedrake,stormrage,2123,evoker,preservation,247,124,123
Dragocula,tichondrius,2106,evoker,preservation,109,55,54
Sheepstealer,shuhalo,2104,evoker,preservation,133,69,64
Kallie,whisperwind,2101,evoker,preservation,811,412,399
Mkabaka,tichondrius,2086,evoker,preservation,261,141,120
Dracobys,area-52,2063,evoker,preservation,76,43,33
Goatkiller,lightbringer,2052,evoker,preservation,144,75,69
Walf,stormrage,2037,evoker,preservation,421,220,201
Advancedonly,tichondrius,1991,evoker,preservation,120,62,58
Dunkinonem,black-dragonflight,1989,evoker,preservation,1227,623,604
Soô,tichondrius,1983,evoker,preservation,72,34,38
Versezz,tichondrius,1981,evoker,preservation,102,57,45
Jdbthyr,malganis,1974,evoker,preservation,300,145,155
Didy,tichondrius,1973,evoker,preservation,388,195,193
Benym,tichondrius,1971,evoker,preservation,98,51,47
Dragongunz,illidan,1971,evoker,preservation,60,28,32
Drupy,tichondrius,1964,evoker,preservation,90,49,41
Lucardeht,illidan,1962,evoker,preservation,146,73,73
Storeypagoda,tichondrius,1960,evoker,preservation,187,95,92
Draggin,barthilas,1953,evoker,preservation,60,31,29
Benbm,proudmoore,1950,evoker,preservation,81,43,38
Ghîdøråh,moon-guard,1945,evoker,preservation,345,162,183
Ellafortnite,emerald-dream,1942,evoker,preservation,61,33,28
Enderal,stormrage,1941,evoker,preservation,92,45,47
Drepz,dalaran,1938,evoker,preservation,159,111,48
Fatsu,executus,1935,evoker,preservation,90,42,48
Ravebae,frostmourne,1931,evoker,preservation,116,61,55
Echowrath,tichondrius,1931,evoker,preservation,78,37,41
Eskrizzle,thrall,1926,evoker,preservation,129,61,68
Idrinkurine,tichondrius,1918,evoker,preservation,88,45,43
Philmcracken,proudmoore,1917,evoker,preservation,46,31,15
Dragonkok,stormrage,1917,evoker,preservation,60,32,28
Sloane,dunemaul,1916,evoker,preservation,57,33,24
Zarref,sargeras,1916,evoker,preservation,72,33,39
Vinygaar,stormrage,1911,evoker,preservation,60,30,30
Ojigi,sargeras,1911,evoker,preservation,105,45,60
Furegos,zuljin,1903,evoker,preservation,66,30,36
Kiry,emerald-dream,1902,evoker,preservation,126,59,67
Originull,tichondrius,1887,evoker,preservation,54,33,21
Cruv,boulderfist,1886,evoker,preservation,42,20,22
Kycaka,area-52,1874,evoker,preservation,76,33,43
Kwebab,tichondrius,1870,evoker,preservation,72,33,39
Allevesh,shadow-council,1868,evoker,preservation,58,33,25
Lieferant,area-52,1867,evoker,preservation,48,25,23
Draconian,frostmourne,1866,evoker,preservation,76,36,40
Healpumper,kelthuzad,1861,evoker,preservation,103,52,51
Bimbus,illidan,1857,evoker,preservation,165,89,76
Selkisaurus,area-52,1852,evoker,preservation,114,53,61
Cenchii,proudmoore,1851,evoker,preservation,60,30,30
Mngxaltx,ragnaros,1848,evoker,preservation,158,74,84
Evokethisdik,tichondrius,1844,evoker,preservation,61,32,29
Dragonchip,bleeding-hollow,1844,evoker,preservation,107,51,56
Dgevoker,tichondrius,1844,evoker,preservation,89,40,49
Ancalagðn,quelthalas,1841,evoker,preservation,131,64,67
Dweamfuego,sargeras,1840,evoker,preservation,101,56,45
Dracthyrfang,elune,1840,evoker,preservation,304,146,158
Patzdormu,area-52,1839,evoker,preservation,109,51,58
Sabledraco,stormrage,1838,evoker,preservation,30,23,7
Eyjes,stormrage,1837,evoker,preservation,300,150,150
Joc,khazgoroth,1835,evoker,preservation,149,81,68
Ancalagøn,ragnaros,1833,evoker,preservation,70,35,35
Novustrasza,lightbringer,1832,evoker,preservation,84,53,31
Áäøxgød,ravencrest,1830,evoker,preservation,269,132,137
Hlaargh,illidan,1829,evoker,preservation,84,44,40
Iba,tichondrius,1828,evoker,preservation,96,54,42
Usedbandage,sargeras,1824,evoker,preservation,283,151,132
Skyheal,ragnaros,1820,evoker,preservation,146,80,66
Yoyke,tichondrius,1816,evoker,preservation,125,62,63
Flamedramon,bleeding-hollow,1814,evoker,preservation,497,249,248
Mikoribreath,moknathal,1813,evoker,preservation,52,32,20
Usedaspirin,sargeras,1813,evoker,preservation,42,24,18
Lodedragon,tichondrius,1813,evoker,preservation,179,88,91
Zeldormu,malganis,1813,evoker,preservation,54,26,28
Mikoriivoker,tichondrius,1813,evoker,preservation,60,25,35
Dragonclause,stormrage,1809,evoker,preservation,72,32,40
Drerick,illidan,1808,evoker,preservation,127,65,62
Aymadragon,sargeras,1807,evoker,preservation,68,38,30
Fkndragon,proudmoore,1807,evoker,preservation,96,48,48
Flybro,malganis,1805,evoker,preservation,54,29,25
Mcdonovan,stormrage,1805,evoker,preservation,81,36,45
Neskor,moon-guard,1804,evoker,preservation,119,66,53
Chañïng,frostmourne,1804,evoker,preservation,72,34,38
Dragboy,stormrage,1802,evoker,preservation,199,112,87
Junkstam,malganis,1802,evoker,preservation,304,159,145
Livesey,thunderhorn,1801,evoker,preservation,108,62,46
Spyrotime,tichondrius,1801,evoker,preservation,81,38,43
Obama,dragonmaw,1801,evoker,preservation,78,33,45
Dracosar,kiljaeden,1800,evoker,preservation,30,24,6
Basedfurry,dalaran,1786,evoker,preservation,48,25,23
Petezra,ragnaros,1781,evoker,preservation,76,34,42
Voíd,sargeras,1771,evoker,preservation,81,44,37
Driceses,area-52,1766,evoker,preservation,101,56,45
Èvøkêrprätå,zuljin,1766,evoker,preservation,150,80,70
Dragontrees,illidan,1765,evoker,preservation,54,28,26
Vulkerr,stormrage,1753,evoker,preservation,276,149,127
Hamine,tichondrius,1753,evoker,preservation,182,83,99
Basherm,moon-guard,1752,evoker,preservation,114,58,56
Elimi,tichondrius,1748,evoker,preservation,36,22,14
Velstrasza,stormrage,1747,evoker,preservation,60,29,31
Berquone,tichondrius,1747,evoker,preservation,72,31,41
Starkiller,stormrage,1745,evoker,preservation,60,37,23
Moralies,area-52,1743,evoker,preservation,72,36,36
Yop,proudmoore,1740,evoker,preservation,221,107,114
Snuggleboo,malganis,1739,evoker,preservation,95,62,33
Schmitty,hellscream,1738,evoker,preservation,106,53,53
Phooby,sargeras,1736,evoker,preservation,72,37,35
Venitsu,malganis,1735,evoker,preservation,42,20,22
Thnake,zuljin,1734,evoker,preservation,132,64,68
Rosestrasza,silvermoon,1734,evoker,preservation,138,66,72
Kainalaz,moon-guard,1733,evoker,preservation,120,58,62
Raundur,ragnaros,1732,evoker,preservation,185,97,88
Ruffee,frostmourne,1731,evoker,preservation,42,27,15
Pootylizard,daggerspine,1731,evoker,preservation,68,28,40
Stønemonkey,sargeras,1730,evoker,preservation,147,73,74
Thugzillah,tichondrius,1728,evoker,preservation,109,71,38
Miradrake,icecrown,1728,evoker,preservation,42,21,21
Lodekiim,malganis,1725,evoker,preservation,150,67,83
Aetherz,illidan,1724,evoker,preservation,48,20,28
Dirtydragon,uther,1724,evoker,preservation,54,22,32
Dracadukez,illidan,1723,evoker,preservation,201,87,114
Imugee,sargeras,1722,evoker,preservation,126,71,55
Whelp,shadow-council,1717,evoker,preservation,60,30,30
Stadman,illidan,1714,evoker,preservation,42,21,21
Fxii,tichondrius,1713,evoker,preservation,287,156,131
Révoked,magtheridon,1713,evoker,preservation,429,232,197
Sandragon,ragnaros,1713,evoker,preservation,93,44,49
Vulpyre,ragnaros,1712,evoker,preservation,96,43,53
Twizzthyr,bleeding-hollow,1711,evoker,preservation,245,124,121
Puffdad,kiljaeden,1710,evoker,preservation,120,72,48
Chessyk,ragnaros,1707,evoker,preservation,83,54,29
Baldpython,area-52,1707,evoker,preservation,50,27,23
Abevv,bonechewer,1700,evoker,preservation,30,19,11
Chronoloop,tichondrius,1699,evoker,preservation,32,21,11
Siire,tichondrius,1697,evoker,preservation,36,19,17
Deathdrake,jubeithos,1697,evoker,preservation,323,160,163
Halcyonxz,tichondrius,1697,evoker,preservation,56,24,32
Tallcanman,kelthuzad,1696,evoker,preservation,66,29,37
Sanninv,barthilas,1694,evoker,preservation,117,59,58
Mirandaxo,tichondrius,1684,evoker,preservation,161,73,88
Egglayer,tichondrius,1683,evoker,preservation,229,108,121
Yukiormi,sargeras,1677,evoker,preservation,36,18,18
Hasstle,tichondrius,1677,evoker,preservation,47,22,25
Ugg,stormrage,1677,evoker,preservation,357,162,195
Cokobra,haomarush,1676,evoker,preservation,42,23,19
Dragisha,gnomeregan,1674,evoker,preservation,222,125,97
Flyboy,malganis,1673,evoker,preservation,72,34,38
Seviant,tichondrius,1671,evoker,preservation,48,20,28
Yrenlef,laughing-skull,1670,evoker,preservation,121,62,59
Wimsx,malganis,1670,evoker,preservation,149,75,74
Fláppÿbírd,bleeding-hollow,1668,evoker,preservation,36,22,14
Suffler,warsong,1667,evoker,preservation,403,215,188
Linkinloatr,tichondrius,1666,evoker,preservation,84,42,42
Vhaegart,area-52,1664,evoker,preservation,258,129,129
Yessirs,shadow-council,1662,evoker,preservation,44,30,14
Got,burning-blade,1660,evoker,preservation,68,36,32
Justbreathe,sargeras,1660,evoker,preservation,35,18,17
Christína,tichondrius,1659,evoker,preservation,99,66,33
Cannotjump,tichondrius,1653,evoker,preservation,60,27,33
Gharkul,frostmourne,1652,evoker,preservation,126,62,64
Conorvokes,tichondrius,1649,evoker,preservation,42,22,20
Slizards,area-52,1649,evoker,preservation,278,136,142
Neocellx,frostwolf,1648,evoker,preservation,159,78,81
Buttcrease,emerald-dream,1645,evoker,preservation,81,45,36
Domavem,tichondrius,1642,evoker,preservation,66,28,38
Cycircle,proudmoore,1637,evoker,preservation,41,23,18
Desetresh,hyjal,1637,evoker,preservation,55,29,26
Unclelroh,kelthuzad,1636,evoker,preservation,36,18,18
Dracladys,sargeras,1636,evoker,preservation,42,19,23
Earthshatter,lightbringer,1634,evoker,preservation,213,120,93
Trákanon,mugthol,1634,evoker,preservation,67,37,30
Pnse,perenolde,1634,evoker,preservation,48,20,28
Dripdrop,stormscale,1629,evoker,preservation,100,52,48
Mincko,area-52,1629,evoker,preservation,139,71,68
Smurgma,frostmane,1627,evoker,preservation,60,31,29
Zullavoker,bleeding-hollow,1625,evoker,preservation,42,29,13
Wingsoflyfe,frostmourne,1625,evoker,preservation,48,20,28
Briggsybear,malganis,1622,evoker,preservation,82,48,34
Dragoncods,velen,1622,evoker,preservation,112,63,49
Dragondikz,tichondrius,1622,evoker,preservation,48,25,23
Whethersmell,tichondrius,1621,evoker,preservation,268,129,139
Scaleyboy,tichondrius,1620,evoker,preservation,43,25,18
Flyingmooie,frostmourne,1620,evoker,preservation,66,26,40
Azradormu,zuljin,1619,evoker,preservation,243,130,113
Raptormoto,lothar,1619,evoker,preservation,44,19,25
Friendlyfire,muradin,1618,evoker,preservation,40,18,22
Jacm,fizzcrank,1616,evoker,preservation,141,73,68
Provokker,drakkari,1615,evoker,preservation,36,22,14
Corncrake,sargeras,1615,evoker,preservation,89,46,43
Zymx,moon-guard,1615,evoker,preservation,177,86,91
Leonilxd,tichondrius,1614,evoker,preservation,237,121,116
Trembulos,malganis,1613,evoker,preservation,102,54,48
Ðrac,bleeding-hollow,1612,evoker,preservation,65,35,30
Soukizilla,sargeras,1610,evoker,preservation,70,34,36
Redseal,tichondrius,1608,evoker,preservation,146,69,77
Bigdwagon,stormrage,1608,evoker,preservation,36,17,19
Evoketage,malganis,1608,evoker,preservation,48,20,28
Newclassop,emerald-dream,1607,evoker,preservation,36,18,18
Triarcs,sargeras,1606,evoker,preservation,40,21,19
Ensdomains,kelthuzad,1606,evoker,preservation,90,44,46
Emperör,quelthalas,1604,evoker,preservation,109,58,51
Sighevoker,thrall,1604,evoker,preservation,36,19,17
Stinkler,stormscale,1604,evoker,preservation,208,102,106
Nyzara,emerald-dream,1603,evoker,preservation,269,135,134
Deadlybx,bleeding-hollow,1603,evoker,preservation,70,32,38
Mewted,barthilas,1603,evoker,preservation,54,20,34
Jimmydragon,blackhand,1602,evoker,preservation,235,114,121
Goursaud,malganis,1602,evoker,preservation,54,20,34
Layugos,azralon,1601,evoker,preservation,35,20,15
Purrlynn,tichondrius,1600,evoker,preservation,72,42,30
Redeyesblm,sargeras,1600,evoker,preservation,67,31,36
Jnitoscaly,tichondrius,1598,evoker,preservation,30,20,10
Dupastrasza,illidan,1598,evoker,preservation,96,40,56
Daegonz,lightbringer,1597,evoker,preservation,134,63,71
Binidragon,tichondrius,1596,evoker,preservation,36,21,15
Nakyp,dalaran,1596,evoker,preservation,66,33,33
Whelpling,cenarion-circle,1594,evoker,preservation,42,30,12
Prettycooll,dathremar,1594,evoker,preservation,42,21,21
Hotblower,tichondrius,1593,evoker,preservation,73,28,45
Furygos,stormrage,1592,evoker,preservation,35,17,18
Azarke,rivendare,1588,evoker,preservation,60,31,29
Stinkybussy,mannoroth,1587,evoker,preservation,113,64,49
Adragon,garithos,1585,evoker,preservation,77,30,47
Thinprivlege,area-52,1583,evoker,preservation,60,26,34
Evokesyn,stormrage,1580,evoker,preservation,105,55,50
Grunkthyr,moon-guard,1579,evoker,preservation,81,40,41
Kaldobar,stormrage,1578,evoker,preservation,54,32,22
Unidragon,malganis,1577,evoker,preservation,65,27,38
Dragonman,twisting-nether,1573,evoker,preservation,93,47,46
Parfait,deathwing,1572,evoker,preservation,54,26,28
Nfts,darkspear,1569,evoker,preservation,52,25,27
Sineexe,illidan,1568,evoker,preservation,122,72,50
Fenroth,kelthuzad,1566,evoker,preservation,66,33,33
Alitasbbq,malganis,1565,evoker,preservation,54,22,32
Valarakuu,illidan,1564,evoker,preservation,36,20,16
Iamthêt,sargeras,1563,evoker,preservation,54,23,31
Kratheu,azralon,1562,evoker,preservation,59,32,27
Puffthemagic,lightnings-blade,1562,evoker,preservation,57,29,28
Dmt,ravencrest,1559,evoker,preservation,30,18,12
Vormontis,azralon,1559,evoker,preservation,240,121,119
Feevie,stormrage,1557,evoker,preservation,44,22,22
Mjlf,sargeras,1557,evoker,preservation,46,21,25
Judra,barthilas,1556,evoker,preservation,150,72,78
Handeezol,malganis,1552,evoker,preservation,190,105,85
Dougreen,azralon,1552,evoker,preservation,44,18,26
Dracorik,kargath,1551,evoker,preservation,42,17,25
Seeyn,tichondrius,1551,evoker,preservation,89,35,54
Weagle,zuljin,1550,evoker,preservation,68,31,37
Bynaero,area-52,1550,evoker,preservation,69,30,39
Xboy,tichondrius,1548,evoker,preservation,102,49,53
Lucidreamx,tichondrius,1547,evoker,preservation,115,58,57
Oogiewoogie,doomhammer,1544,evoker,preservation,29,20,9
Asschaps,area-52,1544,evoker,preservation,78,42,36
Drakjar,nemesis,1541,evoker,preservation,98,46,52
Skrimbles,tichondrius,1539,evoker,preservation,82,40,42
Tonysaur,lethon,1537,evoker,preservation,30,19,11
Splendadaddy,kiljaeden,1537,evoker,preservation,54,27,27
Saxthyr,stormreaver,1536,evoker,preservation,37,21,16
Kwitty,illidan,1535,evoker,preservation,48,27,21
Stableboy,bleeding-hollow,1535,evoker,preservation,171,88,83
Gobananas,sargeras,1533,evoker,preservation,41,23,18
Wamajam,area-52,1533,evoker,preservation,30,16,14
Fuzzievoker,tichondrius,1530,evoker,preservation,42,19,23
Jlucks,wyrmrest-accord,1529,evoker,preservation,172,94,78
Sovietønion,tichondrius,1527,evoker,preservation,125,64,61
Evokeo,area-52,1527,evoker,preservation,60,29,31
Xaxas,boulderfist,1526,evoker,preservation,48,22,26
Dylôn,tichondrius,1525,evoker,preservation,104,56,48
Velocîraptor,bleeding-hollow,1524,evoker,preservation,92,53,39
Qiblii,moon-guard,1524,evoker,preservation,72,38,34
Tugmapvpean,kelthuzad,1522,evoker,preservation,79,44,35
Ineptqt,frostmourne,1522,evoker,preservation,48,26,22
Møritz,stormrage,1522,evoker,preservation,125,57,68
Vokr,area-52,1521,evoker,preservation,350,173,177
Longaot,tichondrius,1519,evoker,preservation,176,97,79
Quickshootin,tichondrius,1514,evoker,preservation,455,224,231
Dragonsteppz,aegwynn,1512,evoker,preservation,30,16,14
Mfka,dalaran,1512,evoker,preservation,83,39,44
Soyum,sargeras,1512,evoker,preservation,48,21,27
Norvoker,area-52,1511,evoker,preservation,104,56,48
Goldizard,quelthalas,1510,evoker,preservation,140,62,78
Azurgos,proudmoore,1509,evoker,preservation,66,33,33
Nuubvoker,stormrage,1508,evoker,preservation,50,24,26
Ralzital,auchindoun,1508,evoker,preservation,92,42,50
Dragdezenutz,bleeding-hollow,1508,evoker,preservation,112,45,67
Veraxsys,wyrmrest-accord,1507,evoker,preservation,73,26,47
Ajiz,mannoroth,1505,evoker,preservation,54,27,27
Hakyou,tichondrius,1504,evoker,preservation,119,54,65
Spyrox,zuluhed,1503,evoker,preservation,60,33,27
Shruikan,lightnings-blade,1503,evoker,preservation,60,25,35
Meepslol,kiljaeden,1502,evoker,preservation,42,18,24
Hepzibah,kelthuzad,1501,evoker,preservation,113,54,59
Rõen,tichondrius,1501,evoker,preservation,36,16,20
Nulldd,tichondrius,1500,evoker,preservation,77,30,47
Pauly,suramar,1499,evoker,preservation,124,64,60
Djvoker,zuljin,1499,evoker,preservation,114,57,57
Bryagh,executus,1497,evoker,preservation,89,52,37
Gloamdream,cenarius,1497,evoker,preservation,581,304,277
Mingmoon,tichondrius,1497,evoker,preservation,72,34,38
Youngyongdie,tichondrius,1497,evoker,preservation,70,33,37
Lfg,shadow-council,1495,evoker,preservation,93,47,46
Biggestbroie,frostmourne,1495,evoker,preservation,36,16,20
Zakaraki,bloodscalp,1494,evoker,preservation,201,110,91
Slimez,malganis,1494,evoker,preservation,236,111,125
Gotbreath,dalaran,1492,evoker,preservation,138,78,60
Nazzadormu,tichondrius,1492,evoker,preservation,127,60,67
Masondragon,darkspear,1492,evoker,preservation,36,16,20
Transmogplz,tichondrius,1492,evoker,preservation,72,29,43
Thevochr,area-52,1491,evoker,preservation,48,29,19
Kaidagos,tichondrius,1491,evoker,preservation,60,32,28
Weeners,area-52,1490,evoker,preservation,84,46,38
Buttfinger,bladefist,1490,evoker,preservation,98,45,53
Kei,frostmourne,1487,evoker,preservation,128,72,56
Slèv,frostmourne,1486,evoker,preservation,72,31,41
Sheepdoll,icecrown,1485,evoker,preservation,56,25,31
Nitalzith,area-52,1484,evoker,preservation,99,55,44
Waggon,moon-guard,1484,evoker,preservation,88,45,43
Mako,uther,1483,evoker,preservation,78,47,31
Necrathma,tichondrius,1483,evoker,preservation,186,94,92
Jazzdragon,tichondrius,1482,evoker,preservation,69,40,29
Sekidrac,ragnaros,1480,evoker,preservation,54,25,29
Darchomp,illidan,1478,evoker,preservation,42,17,25
Nwatz,kelthuzad,1476,evoker,preservation,54,30,24
Kuratz,barthilas,1476,evoker,preservation,263,129,134
Ffaarrvv,illidan,1475,evoker,preservation,132,72,60
Yotus,illidan,1474,evoker,preservation,60,35,25
Fronkeyxl,stormrage,1473,evoker,preservation,30,16,14
Ninereeds,malganis,1473,evoker,preservation,185,89,96
Bigbaojian,tichondrius,1473,evoker,preservation,100,45,55
Kozaraler,stormrage,1472,evoker,preservation,246,130,116
Yllsara,archimonde,1472,evoker,preservation,138,72,66
Evoskunk,kelthuzad,1472,evoker,preservation,54,28,26
Tinine,frostmourne,1471,evoker,preservation,304,145,159
Diavai,area-52,1471,evoker,preservation,93,41,52
Vgt,nemesis,1470,evoker,preservation,239,124,115
Bucket,wyrmrest-accord,1469,evoker,preservation,78,34,44
Venjolly,wyrmrest-accord,1468,evoker,preservation,102,52,50
Monavoker,bleeding-hollow,1466,evoker,preservation,36,20,16
Ponnukii,tichondrius,1466,evoker,preservation,184,93,91
Marsz,zuljin,1466,evoker,preservation,66,26,40
Madegood,tichondrius,1465,evoker,preservation,72,32,40
Setalet,zuljin,1465,evoker,preservation,47,19,28
Items,frostmourne,1464,evoker,preservation,46,24,22
Runawayslave,frostmane,1462,evoker,preservation,363,175,188
Cyndragosa,dalvengyr,1462,evoker,preservation,161,73,88
Nandrolona,sargeras,1461,evoker,preservation,96,40,56
Macismighty,emerald-dream,1460,evoker,preservation,119,65,54
Ndr,proudmoore,1457,evoker,preservation,30,18,12
Uneedawhip,zuljin,1457,evoker,preservation,36,19,17
Kaidough,tichondrius,1456,evoker,preservation,34,23,11
Ycnpass,tichondrius,1456,evoker,preservation,158,89,69
Macdrag,malganis,1455,evoker,preservation,36,20,16
Cringilisk,kelthuzad,1454,evoker,preservation,126,82,44
Dwagndeez,tichondrius,1454,evoker,preservation,114,46,68
Sía,drakkari,1451,evoker,preservation,97,56,41
Miliolievo,azralon,1450,evoker,preservation,448,231,217
Nyxtari,ragnaros,1447,evoker,preservation,108,57,51
Annum,moon-guard,1447,evoker,preservation,78,33,45
Cjin,tichondrius,1445,evoker,preservation,78,42,36
Vaxilia,sargeras,1445,evoker,preservation,44,23,21
Dracniel,illidan,1444,evoker,preservation,111,65,46
Gannsito,emerald-dream,1441,evoker,preservation,48,27,21
Zindrozarath,area-52,1441,evoker,preservation,188,99,89
Hageiz,tichondrius,1441,evoker,preservation,60,27,33
Laggathaa,emerald-dream,1440,evoker,preservation,68,33,35
Ttvfòxyllamà,tichondrius,1439,evoker,preservation,30,15,15
Gdragons,tichondrius,1438,evoker,preservation,43,23,20
Kymoxien,sargeras,1438,evoker,preservation,42,21,21
Vyndormu,moon-guard,1437,evoker,preservation,88,44,44
Lazioo,frostmourne,1436,evoker,preservation,34,20,14
Kannakamui,malganis,1436,evoker,preservation,78,41,37
Masquemeto,illidan,1436,evoker,preservation,73,38,35
Nazatra,wyrmrest-accord,1436,evoker,preservation,167,84,83
Arnoeryan,ragnaros,1436,evoker,preservation,84,41,43
Darthjarjar,bloodscalp,1435,evoker,preservation,441,223,218
Dragonmyass,tichondrius,1434,evoker,preservation,43,17,26
Slither,terenas,1432,evoker,preservation,212,111,101
Dragonkink,sargeras,1429,evoker,preservation,61,32,29
Virtualcrush,sisters-of-elune,1427,evoker,preservation,100,50,50
Csodragon,sargeras,1426,evoker,preservation,84,45,39
Eyolker,kelthuzad,1426,evoker,preservation,100,49,51
Ultis,tichondrius,1425,evoker,preservation,566,292,274
Uzuhl,zuljin,1425,evoker,preservation,146,70,76
Tragik,zuljin,1425,evoker,preservation,54,20,34
Tazarke,dawnbringer,1424,evoker,preservation,66,40,26
Spyrodadrago,malganis,1423,evoker,preservation,113,50,63
Datinysmaug,stormrage,1422,evoker,preservation,107,49,58
Crsevencr,tichondrius,1421,evoker,preservation,24,15,9
Flowsmoke,tichondrius,1420,evoker,preservation,135,72,63
Myjewelshurt,stormrage,1420,evoker,preservation,49,26,23
Aralanoth,frostmourne,1420,evoker,preservation,42,21,21
Epsilon,laughing-skull,1419,evoker,preservation,24,15,9
Nøzmosis,area-52,1419,evoker,preservation,218,117,101
Kalsit,emerald-dream,1419,evoker,preservation,76,39,37
Tzindelor,illidan,1419,evoker,preservation,72,35,37
Modenzu,malganis,1418,evoker,preservation,100,47,53
Tigthyr,alleria,1417,evoker,preservation,42,19,23
Zaedor,stormrage,1416,evoker,preservation,40,26,14
Squarter,kiljaeden,1414,evoker,preservation,72,39,33
Sadeyes,dalaran,1413,evoker,preservation,268,148,120
Grousegamer,barthilas,1413,evoker,preservation,107,43,64
Congodragon,frostmourne,1411,evoker,preservation,69,37,32
Gogmagog,korgath,1411,evoker,preservation,227,111,116
Kcwt,illidan,1411,evoker,preservation,113,55,58
Eldenkingy,sargeras,1411,evoker,preservation,132,60,72
Delivv,hyjal,1410,evoker,preservation,120,61,59
Caphe,nerzhul,1410,evoker,preservation,122,60,62
Jácorex,proudmoore,1410,evoker,preservation,272,128,144
Tørched,icecrown,1409,evoker,preservation,30,17,13
Dractheese,tichondrius,1409,evoker,preservation,60,19,41
Kjerne,stormrage,1408,evoker,preservation,93,48,45
Iamg,stormscale,1407,evoker,preservation,36,15,21
Teevoke,drakthul,1406,evoker,preservation,133,74,59
Zenot,malganis,1406,evoker,preservation,186,97,89
Lilacstrasza,moon-guard,1406,evoker,preservation,245,125,120
Kigglypuff,illidan,1406,evoker,preservation,36,15,21
Nandrolona,malganis,1406,evoker,preservation,72,26,46
Suedeshoes,bleeding-hollow,1405,evoker,preservation,168,89,79
Erazure,sargeras,1404,evoker,preservation,63,39,24
Cyntheticdr,malganis,1404,evoker,preservation,54,30,24
Dröhkar,ragnaros,1404,evoker,preservation,66,25,41
Roogye,illidan,1403,evoker,preservation,96,49,47
Kiserys,suramar,1402,evoker,preservation,32,22,10
Kikokosta,tichondrius,1402,evoker,preservation,433,220,213
Courtvoke,turalyon,1402,evoker,preservation,233,117,116
Neffiie,dalaran,1401,evoker,preservation,156,78,78
Fangbanger,blackrock,1401,evoker,preservation,48,24,24
Whitesnow,korgath,1400,evoker,preservation,36,18,18
Erotheryx,gorgonnash,1399,evoker,preservation,95,51,44
Enazen,kiljaeden,1398,evoker,preservation,107,54,53
Agony,emerald-dream,1398,evoker,preservation,375,188,187
Aomend,stormrage,1398,evoker,preservation,42,17,25
Garchamp,area-52,1396,evoker,preservation,54,22,32
Dunkelzahn,gorgonnash,1395,evoker,preservation,60,32,28
Spyro,ravencrest,1395,evoker,preservation,42,22,20
Santokki,tichondrius,1395,evoker,preservation,206,102,104
Linguistic,tichondrius,1394,evoker,preservation,80,35,45
Naykir,khazgoroth,1392,evoker,preservation,72,41,31
Trensetra,sargeras,1392,evoker,preservation,48,24,24
Cynderrellaa,proudmoore,1390,evoker,preservation,206,104,102
Bendover,proudmoore,1389,evoker,preservation,48,24,24
Dracndanuts,draenor,1389,evoker,preservation,237,113,124
Jmir,tichondrius,1389,evoker,preservation,59,24,35
Satratren,moon-guard,1389,evoker,preservation,42,16,26
Bigsmaug,malganis,1387,evoker,preservation,44,25,19
Lalargata,azralon,1387,evoker,preservation,89,41,48
Drustkin,illidan,1387,evoker,preservation,89,39,50
Zka,nemesis,1382,evoker,preservation,64,31,33
Vxfire,sargeras,1382,evoker,preservation,36,17,19
Crivoker,quelthalas,1382,evoker,preservation,66,29,37
Beautylily,tichondrius,1380,evoker,preservation,359,191,168
Enalen,azjolnerub,1379,evoker,preservation,201,106,95
Jamörant,tichondrius,1378,evoker,preservation,24,15,9
Lamdyn,wyrmrest-accord,1378,evoker,preservation,36,19,17
Deepbreather,sargeras,1375,evoker,preservation,118,64,54
Kalikani,moon-guard,1374,evoker,preservation,171,83,88
Giratina,area-52,1374,evoker,preservation,138,64,74
Coldspawn,nerzhul,1373,evoker,preservation,72,33,39
Aspects,dreadmaul,1372,evoker,preservation,37,17,20
Chambea,kelthuzad,1371,evoker,preservation,163,84,79
Dragonpel,azralon,1371,evoker,preservation,124,62,62
Primshin,illidan,1370,evoker,preservation,135,68,67
Greenscales,frostmourne,1370,evoker,preservation,111,47,64
Healmeta,sargeras,1369,evoker,preservation,308,154,154
Apollygos,malganis,1369,evoker,preservation,96,48,48
Vodkasauce,tichondrius,1369,evoker,preservation,30,15,15
Derazar,malganis,1369,evoker,preservation,300,133,167
Deshandrov,bleeding-hollow,1368,evoker,preservation,54,30,24
Flappytin,zuljin,1367,evoker,preservation,78,39,39
Drakkar,elune,1367,evoker,preservation,66,20,46
Growthyy,malganis,1363,evoker,preservation,66,37,29
Karuikei,proudmoore,1362,evoker,preservation,152,86,66
Solong,sargeras,1360,evoker,preservation,79,46,33
Jinuva,tichondrius,1360,evoker,preservation,46,25,21
Aiaxvoker,area-52,1360,evoker,preservation,54,29,25
Dragocser,drakkari,1360,evoker,preservation,98,42,56
Otsira,frostmourne,1359,evoker,preservation,60,37,23
Friedwings,wyrmrest-accord,1359,evoker,preservation,27,16,11
Galrend,firetree,1359,evoker,preservation,57,33,24
Wtsgoldpst,tichondrius,1357,evoker,preservation,32,18,14
Misico,illidan,1355,evoker,preservation,78,46,32
Thepplschamp,bloodhoof,1354,evoker,preservation,48,23,25
Elcigala,ragnaros,1351,evoker,preservation,659,328,331
Dirtydraco,nerzhul,1351,evoker,preservation,166,82,84
Bomber,frostwolf,1351,evoker,preservation,34,16,18
Quesodillas,stormreaver,1349,evoker,preservation,84,36,48
Velzelya,zuljin,1348,evoker,preservation,82,36,46
Ibor,zuljin,1348,evoker,preservation,78,30,48
Biagi,proudmoore,1347,evoker,preservation,28,17,11
Garboker,area-52,1346,evoker,preservation,158,75,83
Cosmodrake,daggerspine,1345,evoker,preservation,142,68,74
Salusx,proudmoore,1345,evoker,preservation,42,18,24
Tamagotchî,quelthalas,1344,evoker,preservation,70,34,36
Dragûn,stormrage,1343,evoker,preservation,48,28,20
Kîñggïgàçhäð,stormrage,1343,evoker,preservation,24,14,10
Dawitchvoker,illidan,1343,evoker,preservation,680,344,336
Feijiwang,aegwynn,1342,evoker,preservation,69,41,28
Aoibae,frostmourne,1341,evoker,preservation,174,84,90
Caredormu,frostmourne,1341,evoker,preservation,122,57,65
Lilrandal,emerald-dream,1340,evoker,preservation,24,14,10
Frëëbîë,area-52,1339,evoker,preservation,93,48,45
Zmaj,jubeithos,1338,evoker,preservation,105,60,45
Tatsurai,tichondrius,1338,evoker,preservation,34,15,19
Whirlydirly,malganis,1337,evoker,preservation,24,14,10
Chinclin,ragnaros,1337,evoker,preservation,35,19,16
Jormagsundr,tichondrius,1337,evoker,preservation,90,40,50
Fionyan,proudmoore,1337,evoker,preservation,36,14,22
Hamanv,tichondrius,1336,evoker,preservation,78,40,38
Gumbåll,bleeding-hollow,1335,evoker,preservation,192,93,99
Tigdragon,proudmoore,1335,evoker,preservation,48,20,28
Binder,frostmane,1334,evoker,preservation,60,20,40
Forsakentime,sargeras,1333,evoker,preservation,60,32,28
Irezfortips,tichondrius,1333,evoker,preservation,61,31,30
Azhdaha,kelthuzad,1333,evoker,preservation,48,19,29
Draghyon,tichondrius,1333,evoker,preservation,79,29,50
Chunkè,moon-guard,1332,evoker,preservation,69,29,40
Panicnodisco,zuljin,1331,evoker,preservation,24,14,10
Sylf,kiljaeden,1331,evoker,preservation,225,121,104
Léthée,zuljin,1331,evoker,preservation,30,14,16
Matchamjölk,tichondrius,1330,evoker,preservation,85,40,45
Kephii,eonar,1330,evoker,preservation,75,35,40
Mäverick,kelthuzad,1327,evoker,preservation,35,23,12
Faffytwo,illidan,1327,evoker,preservation,30,14,16
Eraticevo,illidan,1326,evoker,preservation,54,24,30
Lilithlittle,daggerspine,1325,evoker,preservation,413,207,206
Lifewing,bleeding-hollow,1324,evoker,preservation,73,27,46
Chinadragon,balnazzar,1321,evoker,preservation,24,14,10
Hotdawgin,korgath,1321,evoker,preservation,232,112,120
Dendywings,zuljin,1321,evoker,preservation,30,14,16
Innervoker,tichondrius,1321,evoker,preservation,30,14,16
Ráigon,ragnaros,1321,evoker,preservation,151,66,85
Tagritash,kelthuzad,1320,evoker,preservation,91,49,42
Jep,emerald-dream,1320,evoker,preservation,30,14,16
Gavstarz,frostmourne,1319,evoker,preservation,120,55,65
Elurb,illidan,1318,evoker,preservation,96,46,50
Cadwaladr,frostmourne,1317,evoker,preservation,24,14,10
Smackthyr,thrall,1317,evoker,preservation,50,25,25
Kakanjutan,azralon,1314,evoker,preservation,28,16,12
Longxx,dalaran,1314,evoker,preservation,72,32,40
Mysticenergy,tichondrius,1311,evoker,preservation,96,53,43
Errier,tichondrius,1311,evoker,preservation,63,29,34
Mikorivoker,illidan,1310,evoker,preservation,23,14,9
Zuckerberg,uldum,1309,evoker,preservation,65,36,29
Charbothyr,gorgonnash,1309,evoker,preservation,87,42,45
Verk,deathwing,1308,evoker,preservation,168,89,79
Lizzardload,stormreaver,1308,evoker,preservation,107,50,57
Whinks,zangarmarsh,1307,evoker,preservation,35,18,17
Saviorkai,barthilas,1306,evoker,preservation,22,15,7
Bigdrag,blackhand,1305,evoker,preservation,175,91,84
Crayonshinch,tichondrius,1305,evoker,preservation,41,20,21
Setrazen,illidan,1303,evoker,preservation,39,19,20
Aeonwish,stormrage,1303,evoker,preservation,30,14,16
Yapartna,frostmane,1302,evoker,preservation,38,22,16
Djdavi,azralon,1302,evoker,preservation,227,131,96
Istaybrutal,malganis,1302,evoker,preservation,30,16,14
Allaker,kargath,1301,evoker,preservation,76,39,37
Xenomo,akama,1300,evoker,preservation,158,87,71
Fuoco,kiljaeden,1299,evoker,preservation,62,31,31
Thicscales,tichondrius,1299,evoker,preservation,119,54,65
Mittnz,arthas,1298,evoker,preservation,48,24,24
Icthelestron,black-dragonflight,1297,evoker,preservation,44,30,14
Inkdsy,detheroc,1296,evoker,preservation,35,18,17
Enoch,chogall,1296,evoker,preservation,69,28,41
Thereptile,frostmourne,1295,evoker,preservation,96,44,52
Kraiz,frostmourne,1295,evoker,preservation,60,26,34
Hydrrax,dalaran,1294,evoker,preservation,327,162,165
Ryloun,sargeras,1294,evoker,preservation,43,16,27
Xazxander,tichondrius,1293,evoker,preservation,108,55,53
Squablebox,kul-tiras,1293,evoker,preservation,91,40,51
Straxolotl,frostmourne,1293,evoker,preservation,81,33,48
Voithyr,moon-guard,1291,evoker,preservation,307,144,163
Goonwing,frostmourne,1290,evoker,preservation,42,22,20
Durtyvoker,illidan,1290,evoker,preservation,43,17,26
Boseijwho,emerald-dream,1289,evoker,preservation,78,40,38
Mãttyy,malganis,1288,evoker,preservation,54,30,24
Moiraine,frostwolf,1288,evoker,preservation,48,17,31
Firebreather,quelthalas,1286,evoker,preservation,42,22,20
Velaryonhero,arthas,1286,evoker,preservation,122,62,60
Rynntynn,blood-furnace,1286,evoker,preservation,30,15,15
Nitalash,moon-guard,1286,evoker,preservation,29,14,15
Cronós,tichondrius,1286,evoker,preservation,126,56,70
Nicegirl,stormrage,1284,evoker,preservation,48,25,23
Radragão,azralon,1282,evoker,preservation,102,53,49
Woozul,malganis,1282,evoker,preservation,56,21,35
Darkscalyboi,dalaran,1280,evoker,preservation,82,41,41
Sensandors,tichondrius,1280,evoker,preservation,68,27,41
Shellessturt,kelthuzad,1278,evoker,preservation,27,14,13
Nutsdragon,tichondrius,1277,evoker,preservation,24,14,10
Rayquazä,kelthuzad,1277,evoker,preservation,26,14,12
Allaston,tichondrius,1276,evoker,preservation,69,41,28
Flaemer,thaurissan,1274,evoker,preservation,32,16,16
Scalethorne,illidan,1274,evoker,preservation,42,19,23
Yzirgos,malorne,1273,evoker,preservation,142,63,79
Drgndeeznüts,tichondrius,1272,evoker,preservation,64,30,34
Anthyrsia,zuljin,1272,evoker,preservation,76,33,43
Scalesona,black-dragonflight,1272,evoker,preservation,43,18,25
Mordrakhuul,chogall,1271,evoker,preservation,90,35,55
Shinryuu,warsong,1270,evoker,preservation,42,23,19
Akavoker,sargeras,1270,evoker,preservation,70,25,45
Dragonfruits,lightbringer,1268,evoker,preservation,90,46,44
Selfhealzer,korgath,1268,evoker,preservation,92,43,49
Unknowndrago,kul-tiras,1268,evoker,preservation,71,33,38
Chue,quelthalas,1268,evoker,preservation,35,15,20
Bassblasterr,dalaran,1265,evoker,preservation,24,14,10
Lickndragons,sargeras,1265,evoker,preservation,36,14,22
Alyviah,stormrage,1264,evoker,preservation,30,18,12
Grievaxion,ragnaros,1263,evoker,preservation,68,28,40
Fusrodude,shuhalo,1260,evoker,preservation,161,78,83
Shudo,moon-guard,1257,evoker,preservation,143,72,71
Mmrglmrglmr,stormrage,1256,evoker,preservation,23,16,7
Nazanoth,windrunner,1256,evoker,preservation,58,24,34
Actïoncat,emerald-dream,1256,evoker,preservation,99,37,62
Ayavi,illidan,1255,evoker,preservation,40,23,17
Paladinex,tichondrius,1255,evoker,preservation,68,36,32
Zippityzoom,barthilas,1254,evoker,preservation,71,38,33
Skailyx,zuljin,1254,evoker,preservation,30,14,16
Benjaminamin,stormrage,1253,evoker,preservation,72,39,33
Raykwaza,tichondrius,1253,evoker,preservation,78,38,40
Brantley,stormscale,1253,evoker,preservation,92,44,48
Zendrov,skywall,1253,evoker,preservation,96,45,51
Terpsy,area-52,1252,evoker,preservation,24,17,7
Xhamon,quelthalas,1251,evoker,preservation,98,49,49
Glizzurd,proudmoore,1251,evoker,preservation,443,216,227
Kayvoke,stormrage,1251,evoker,preservation,54,25,29
Orame,dalaran,1251,evoker,preservation,37,15,22
Dragonhayes,stormrage,1248,evoker,preservation,81,36,45
Altevoker,frostmourne,1247,evoker,preservation,119,63,56
Oatmealneil,bleeding-hollow,1247,evoker,preservation,40,16,24
Sanaz,stormreaver,1246,evoker,preservation,68,36,32
Wyldefire,senjin,1246,evoker,preservation,100,50,50
Golden,area-52,1246,evoker,preservation,30,13,17
Zindrozath,thrall,1245,evoker,preservation,42,21,21
Dragontaru,quelthalas,1245,evoker,preservation,71,30,41
Justbreathez,tichondrius,1245,evoker,preservation,35,13,22
Nuunos,tichondrius,1243,evoker,preservation,71,29,42
Wonderk,frostmourne,1241,evoker,preservation,24,13,11
Dansauce,sargeras,1241,evoker,preservation,56,30,26
Wildcard,shattered-hand,1241,evoker,preservation,35,16,19
Zandragosa,dalaran,1240,evoker,preservation,24,13,11
Smaaugg,area-52,1239,evoker,preservation,30,19,11
Riz,blackhand,1239,evoker,preservation,114,56,58
Fluffelss,moon-guard,1237,evoker,preservation,18,13,5
Tailup,sargeras,1237,evoker,preservation,48,15,33
Nerfmeplsaoa,area-52,1236,evoker,preservation,24,13,11
Meiron,azralon,1236,evoker,preservation,128,57,71
Zerath,frostmane,1236,evoker,preservation,30,13,17
Lavagurl,stormscale,1235,evoker,preservation,30,13,17
Truffleßutta,tichondrius,1234,evoker,preservation,24,13,11
Proust,grizzly-hills,1233,evoker,preservation,56,22,34
Hottpeppa,wyrmrest-accord,1232,evoker,preservation,164,84,80
Tinyvoker,area-52,1232,evoker,preservation,72,26,46
Astoragosa,moon-guard,1231,evoker,preservation,61,38,23
Ebylizard,frostmourne,1231,evoker,preservation,60,29,31
Mëleys,ragnaros,1231,evoker,preservation,71,33,38
Verosria,area-52,1230,evoker,preservation,24,13,11
Mythsvoker,barthilas,1229,evoker,preservation,61,33,28
Onornun,magtheridon,1229,evoker,preservation,66,32,34
Feelzz,illidan,1228,evoker,preservation,55,26,29
Rustty,bleeding-hollow,1228,evoker,preservation,143,64,79
Mastadragndz,illidan,1228,evoker,preservation,42,13,29
Distortion,drakthul,1226,evoker,preservation,141,77,64
Derkscale,stormrage,1226,evoker,preservation,66,36,30
Wethotgarbee,tichondrius,1225,evoker,preservation,62,31,31
Lévocatrice,hakkar,1225,evoker,preservation,64,31,33
Abelldragon,tichondrius,1224,evoker,preservation,34,17,17
Lebronjmz,kiljaeden,1224,evoker,preservation,127,58,69
Rá,drenden,1223,evoker,preservation,30,15,15
Dokthyr,lightbringer,1222,evoker,preservation,18,13,5
Draseew,drakkari,1222,evoker,preservation,42,26,16
Valeron,ravenholdt,1222,evoker,preservation,34,16,18
Barneydragon,stormrage,1220,evoker,preservation,24,14,10
Everglow,the-forgotten-coast,1220,evoker,preservation,102,52,50
Milfwizard,tichondrius,1219,evoker,preservation,24,13,11
Wnrdraggin,stormrage,1219,evoker,preservation,24,13,11
Raelennis,ragnaros,1219,evoker,preservation,29,14,15
Hvybreething,stormrage,1219,evoker,preservation,46,17,29
Saînt,thrall,1218,evoker,preservation,28,14,14
Nêwt,darkspear,1218,evoker,preservation,244,119,125
Visserion,sargeras,1217,evoker,preservation,61,32,29
Lamentation,area-52,1217,evoker,preservation,152,78,74
Prøøf,kelthuzad,1217,evoker,preservation,61,27,34
Chö,ragnaros,1216,evoker,preservation,42,15,27
Zackxo,moon-guard,1214,evoker,preservation,58,38,20
Dreathyr,muradin,1214,evoker,preservation,22,14,8
Galakraas,proudmoore,1214,evoker,preservation,78,40,38
Shockragosa,chogall,1214,evoker,preservation,66,25,41
Amniotic,hyjal,1212,evoker,preservation,54,31,23
Naszeebo,frostmourne,1212,evoker,preservation,54,24,30
Corun,zuljin,1211,evoker,preservation,24,16,8
Shênlong,sargeras,1210,evoker,preservation,90,38,52
Deezdragon,stormrage,1209,evoker,preservation,47,24,23
Mesamune,bonechewer,1209,evoker,preservation,241,123,118
Vyraethel,wyrmrest-accord,1208,evoker,preservation,95,53,42
Ghidorah,sentinels,1208,evoker,preservation,100,53,47
Lunelumi,sargeras,1208,evoker,preservation,30,15,15
Flôwmotion,tichondrius,1208,evoker,preservation,30,14,16
Balèrion,illidan,1207,evoker,preservation,60,33,27
Weirdclassx,tichondrius,1207,evoker,preservation,47,23,24
Alexevoker,tichondrius,1207,evoker,preservation,54,22,32
Daikis,proudmoore,1206,evoker,preservation,66,37,29
Dkvastate,tichondrius,1206,evoker,preservation,142,67,75
Zascar,stormrage,1205,evoker,preservation,60,34,26
Döublepenn,tichondrius,1204,evoker,preservation,90,46,44
Babayågå,malganis,1203,evoker,preservation,30,13,17
Lizardmagic,saurfang,1203,evoker,preservation,94,34,60
Dìnosaur,illidan,1201,evoker,preservation,48,24,24
Buttstough,aerie-peak,1201,evoker,preservation,156,76,80
Assassasin,bonechewer,1200,evoker,preservation,60,27,33
Partysnaxx,thrall,1199,evoker,preservation,72,35,37
Malkronian,azralon,1199,evoker,preservation,58,25,33
Dmuzh,drakkari,1198,evoker,preservation,871,447,424
Rayvoker,elune,1198,evoker,preservation,54,27,27
Draxyrawr,area-52,1196,evoker,preservation,47,26,21
Glamorousbra,tichondrius,1196,evoker,preservation,38,19,19
Maldormu,stormrage,1196,evoker,preservation,37,16,21
Detreshan,stormreaver,1195,evoker,preservation,248,132,116
Dracdeez,dreadmaul,1195,evoker,preservation,42,21,21
Lirøu,azralon,1195,evoker,preservation,30,15,15
Turukmakto,illidan,1194,evoker,preservation,112,61,51
Xerroh,area-52,1193,evoker,preservation,176,89,87
Wangasaur,emerald-dream,1193,evoker,preservation,73,30,43
Cunk,illidan,1192,evoker,preservation,53,29,24
Crowqt,frostmourne,1190,evoker,preservation,95,34,61
Hakuroyime,ragnaros,1189,evoker,preservation,48,28,20
Kyrusic,tichondrius,1188,evoker,preservation,39,18,21
Brôcôlînî,zuljin,1187,evoker,preservation,43,29,14
Deathgos,stormscale,1187,evoker,preservation,53,26,27
Frozanat,kelthuzad,1187,evoker,preservation,110,51,59
Bahamut,magtheridon,1187,evoker,preservation,113,52,61
Amnemís,tichondrius,1185,evoker,preservation,57,29,28
Shandormu,kaelthas,1185,evoker,preservation,30,15,15
Draczod,proudmoore,1183,evoker,preservation,83,37,46
Zerev,moon-guard,1180,evoker,preservation,62,23,39
Tmpbibby,tichondrius,1179,evoker,preservation,42,23,19
Deralan,khaz-modan,1179,evoker,preservation,108,40,68
Careflight,barthilas,1178,evoker,preservation,84,47,37
Lindrak,azralon,1178,evoker,preservation,33,18,15
Strawdormu,ragnaros,1178,evoker,preservation,42,22,20
Lunadragon,spinebreaker,1178,evoker,preservation,28,13,15
Jambiisauce,fenris,1178,evoker,preservation,80,30,50
Nogard,dalaran,1177,evoker,preservation,24,14,10
Yozhz,ragnaros,1177,evoker,preservation,53,25,28
Dragonsama,area-52,1177,evoker,preservation,52,20,32
Antirrhinum,zuljin,1176,evoker,preservation,120,64,56
Proevoker,illidan,1176,evoker,preservation,75,34,41
Hugedrago,frostmane,1176,evoker,preservation,42,19,23
Hlf,tichondrius,1174,evoker,preservation,84,45,39
Dreamvisage,silvermoon,1173,evoker,preservation,80,35,45
Xblood,tichondrius,1172,evoker,preservation,42,25,17
Cantbanmebb,mannoroth,1172,evoker,preservation,61,33,28
Mungwings,area-52,1172,evoker,preservation,55,26,29
Drokula,darkspear,1171,evoker,preservation,36,16,20
Scalyhoe,alterac-mountains,1171,evoker,preservation,36,13,23
Shook,baelgun,1170,evoker,preservation,297,148,149
Qiuhan,tichondrius,1168,evoker,preservation,98,51,47
Hollowscale,emerald-dream,1168,evoker,preservation,177,87,90
Treadcinder,tichondrius,1167,evoker,preservation,42,18,24
Kaguax,tichondrius,1167,evoker,preservation,84,32,52
Worldx,illidan,1166,evoker,preservation,24,13,11
Evokas,tichondrius,1166,evoker,preservation,270,134,136
Ilithiphobia,ghostlands,1166,evoker,preservation,50,22,28
Xdragon,lightbringer,1164,evoker,preservation,36,18,18
Dragonspire,burning-legion,1164,evoker,preservation,102,45,57
Karrykx,tichondrius,1164,evoker,preservation,60,24,36
Draginnuts,illidan,1162,evoker,preservation,53,25,28
Thendroz,aerie-peak,1160,evoker,preservation,143,73,70
Fibonac,frostmourne,1159,evoker,preservation,90,50,40
Dandera,stormrage,1159,evoker,preservation,136,64,72
Repairraptor,area-52,1159,evoker,preservation,81,37,44
Trrxx,tichondrius,1159,evoker,preservation,54,20,34
Lyingdragon,tichondrius,1157,evoker,preservation,107,49,58
Enzi,vashj,1157,evoker,preservation,114,50,64
Razerazenoth,tichondrius,1156,evoker,preservation,60,31,29
Vermitor,sargeras,1155,evoker,preservation,24,13,11
Lhz,frostmourne,1154,evoker,preservation,45,21,24
Skithyrix,bleeding-hollow,1153,evoker,preservation,68,32,36
Bandel,tichondrius,1152,evoker,preservation,28,15,13
Brovoker,darkspear,1152,evoker,preservation,53,19,34
Flickmyscale,illidan,1151,evoker,preservation,12,12,0
Dzdv,stormrage,1151,evoker,preservation,18,12,6
Spaceox,tichondrius,1151,evoker,preservation,24,12,12
Ahuramazdra,stormrage,1150,evoker,preservation,18,12,6
Kaddyragon,mannoroth,1150,evoker,preservation,18,12,6
Kilawatt,barthilas,1150,evoker,preservation,23,15,8
Yaaty,tichondrius,1150,evoker,preservation,30,12,18
Riizo,malganis,1149,evoker,preservation,98,57,41
Endrall,tichondrius,1149,evoker,preservation,53,30,23
Smokeflare,frostmane,1149,evoker,preservation,24,12,12
Cycircle,tichondrius,1149,evoker,preservation,24,12,12
Drakepaul,bleeding-hollow,1148,evoker,preservation,28,13,15
Emozoomer,malganis,1148,evoker,preservation,66,25,41
Héllfire,ghostlands,1147,evoker,preservation,54,25,29
Medrathion,wyrmrest-accord,1146,evoker,preservation,29,13,16
Sandrozeria,wyrmrest-accord,1145,evoker,preservation,42,23,19
Garling,area-52,1145,evoker,preservation,24,12,12
Banggerrz,stormrage,1145,evoker,preservation,42,19,23
Smnsevoker,emerald-dream,1145,evoker,preservation,30,12,18
Mazalagon,trollbane,1144,evoker,preservation,35,16,19
Readwise,tichondrius,1143,evoker,preservation,26,12,14
Xmystique,area-52,1143,evoker,preservation,44,19,25
Badbill,moon-guard,1142,evoker,preservation,18,12,6
Draislyn,cenarion-circle,1142,evoker,preservation,30,12,18
Ashandshadow,area-52,1141,evoker,preservation,80,37,43
Xerithious,bleeding-hollow,1139,evoker,preservation,24,12,12
Nawzh,emerald-dream,1139,evoker,preservation,30,12,18
Dràgo,emerald-dream,1137,evoker,preservation,57,34,23
Arcanasz,thrall,1137,evoker,preservation,24,12,12
Ownlyfans,silvermoon,1136,evoker,preservation,36,20,16
Drektar,the-scryers,1136,evoker,preservation,42,18,24
Lahfly,tichondrius,1135,evoker,preservation,66,41,25
Doogiehowser,azshara,1135,evoker,preservation,254,118,136
Undeniable,zuljin,1135,evoker,preservation,78,30,48
Çhara,illidan,1133,evoker,preservation,269,134,135
Draacussy,tichondrius,1133,evoker,preservation,48,21,27
Waveydavey,illidan,1133,evoker,preservation,30,13,17
Vermax,akama,1133,evoker,preservation,45,17,28
Rorie,farstriders,1132,evoker,preservation,42,18,24
Blay,elune,1130,evoker,preservation,42,18,24
Salamandra,malganis,1129,evoker,preservation,91,45,46
Bobstrasz,tichondrius,1129,evoker,preservation,48,19,29
Dracoi,illidan,1129,evoker,preservation,36,14,22
Shenlong,malganis,1128,evoker,preservation,189,92,97
Moiraine,kargath,1126,evoker,preservation,36,15,21
Rewind,draka,1126,evoker,preservation,30,12,18
Takasaki,dalaran,1126,evoker,preservation,36,13,23
Tanninim,sargeras,1124,evoker,preservation,36,12,24
Pramhedax,tichondrius,1123,evoker,preservation,30,12,18
Saphfire,burning-legion,1122,evoker,preservation,24,16,8
Deralizrd,tichondrius,1120,evoker,preservation,37,20,17
Karganos,darkspear,1120,evoker,preservation,78,39,39
Drathron,tichondrius,1118,evoker,preservation,28,13,15
Blauthera,azralon,1116,evoker,preservation,24,12,12
Kersava,frostmourne,1115,evoker,preservation,53,27,26
Razzell,barthilas,1114,evoker,preservation,42,23,19
Unscaleable,illidan,1114,evoker,preservation,129,69,60
Niraz,dalaran,1114,evoker,preservation,30,13,17
Xiwinnie,illidan,1114,evoker,preservation,48,18,30
Lervish,durotan,1112,evoker,preservation,27,20,7
Atpsuspect,nerzhul,1112,evoker,preservation,24,12,12
Spitdafire,tichondrius,1112,evoker,preservation,67,28,39
Selden,boulderfist,1112,evoker,preservation,40,16,24
Butta,darkspear,1111,evoker,preservation,23,12,11
Darksmoke,spirestone,1111,evoker,preservation,48,18,30
Baexstrasza,tichondrius,1110,evoker,preservation,46,21,25
Tëssarion,quelthalas,1110,evoker,preservation,38,16,22
Idingosa,moon-guard,1109,evoker,preservation,28,12,16
Zulidar,silvermoon,1108,evoker,preservation,24,14,10
Mikkaelin,ragnaros,1108,evoker,preservation,102,50,52
Orïon,azralon,1108,evoker,preservation,68,31,37
Potfase,tichondrius,1106,evoker,preservation,66,28,38
Shworm,bleeding-hollow,1104,evoker,preservation,36,19,17
Evohrker,area-52,1103,evoker,preservation,60,30,30
Dragonwench,sargeras,1101,evoker,preservation,22,13,9
Blockaayy,kiljaeden,1101,evoker,preservation,47,23,24
Dragndeez,garrosh,1101,evoker,preservation,55,15,40
Geico,spinebreaker,1100,evoker,preservation,15,13,2
Hexavalent,tichondrius,1100,evoker,preservation,23,12,11
Ysondrius,durotan,1100,evoker,preservation,106,50,56
Lendren,sargeras,1100,evoker,preservation,45,13,32
Toothless,garithos,1099,evoker,preservation,82,46,36
Garrgle,sargeras,1099,evoker,preservation,30,14,16
Drâçø,sargeras,1099,evoker,preservation,36,14,22
Drozul,stormrage,1098,evoker,preservation,108,48,60
Saintpablox,illidan,1097,evoker,preservation,40,13,27
Sorcerous,arthas,1096,evoker,preservation,54,22,32
Vizora,moon-guard,1095,evoker,preservation,28,14,14
Linabeauty,ragnaros,1094,evoker,preservation,30,12,18
Djornmustman,sargeras,1094,evoker,preservation,42,12,30
Bayvoker,area-52,1093,evoker,preservation,56,29,27
Dragonmikeyy,dalaran,1093,evoker,preservation,96,47,49
Helixor,anvilmar,1091,evoker,preservation,90,44,46
Zarceous,area-52,1091,evoker,preservation,84,35,49
Degghurtni,area-52,1089,evoker,preservation,24,13,11
Gadiel,draka,1089,evoker,preservation,68,29,39
Abigaile,illidan,1088,evoker,preservation,24,17,7
Droggerdrago,stormreaver,1088,evoker,preservation,58,31,27
Seiros,garrosh,1088,evoker,preservation,50,21,29
Lickyertits,tichondrius,1088,evoker,preservation,40,16,24
Zitasanazen,tichondrius,1087,evoker,preservation,482,242,240
Kharizard,moon-guard,1086,evoker,preservation,62,27,35
Hatesnames,bladefist,1084,evoker,preservation,42,27,15
Aceu,bloodhoof,1084,evoker,preservation,36,21,15
Emyhr,sargeras,1084,evoker,preservation,24,13,11
Aspecto,area-52,1082,evoker,preservation,129,54,75
Wrathiøn,sargeras,1082,evoker,preservation,33,13,20
Setash,hyjal,1081,evoker,preservation,24,12,12
Curamil,azralon,1081,evoker,preservation,64,24,40
Jorlozthyr,ragnaros,1080,evoker,preservation,63,26,37
Dragoreo,illidan,1078,evoker,preservation,47,20,27
Cindermint,mugthol,1078,evoker,preservation,55,23,32
Eiselhuus,moon-guard,1077,evoker,preservation,77,33,44
Bronzus,ragnaros,1076,evoker,preservation,73,29,44
Lilithà,kelthuzad,1075,evoker,preservation,30,20,10
Stankywing,thrall,1075,evoker,preservation,34,17,17
Deàthwing,proudmoore,1074,evoker,preservation,53,16,37
Bitkoinz,tichondrius,1073,evoker,preservation,36,13,23
Endroz,tichondrius,1072,evoker,preservation,51,24,27
Draig,dethecus,1071,evoker,preservation,54,24,30
Maxyz,khadgar,1071,evoker,preservation,42,13,29
Tryhard,wyrmrest-accord,1070,evoker,preservation,132,58,74
Richviewrd,illidan,1068,evoker,preservation,54,31,23
Lunearia,stormrage,1067,evoker,preservation,24,12,12
Evokiathon,korgath,1067,evoker,preservation,84,38,46
Solryp,terokkar,1066,evoker,preservation,330,163,167
Draganoche,zuljin,1066,evoker,preservation,30,14,16
Ohffs,malganis,1065,evoker,preservation,42,23,19
Worldsdragon,area-52,1064,evoker,preservation,24,16,8
Acidbreath,tichondrius,1064,evoker,preservation,30,15,15
Shyyvana,malganis,1062,evoker,preservation,18,12,6
Drizzydrag,jubeithos,1062,evoker,preservation,42,16,26
Echoker,destromath,1061,evoker,preservation,81,43,38
Fenalysten,cenarius,1060,evoker,preservation,113,49,64
Clubmetro,boulderfist,1059,evoker,preservation,51,23,28
Sivak,illidan,1058,evoker,preservation,47,26,21
Sylvee,bleeding-hollow,1058,evoker,preservation,49,21,28
Wtfhappen,tichondrius,1055,evoker,preservation,24,11,13
Messyvok,illidan,1055,evoker,preservation,26,11,15
Buffarmswarr,area-52,1054,evoker,preservation,12,11,1
Bookwyrm,khadgar,1052,evoker,preservation,24,11,13
Dragonfroot,darkspear,1052,evoker,preservation,24,11,13
Slippee,mugthol,1051,evoker,preservation,12,11,1
Alzuresh,illidan,1051,evoker,preservation,30,11,19
Westyvoker,arthas,1051,evoker,preservation,30,11,19
Simmnyxia,area-52,1050,evoker,preservation,24,11,13
Swanzea,sargeras,1049,evoker,preservation,18,11,7
Bubblegum,frostmourne,1049,evoker,preservation,24,11,13
Puraimaru,sargeras,1049,evoker,preservation,30,11,19
Chewykek,area-52,1047,evoker,preservation,24,11,13
Sodtaoe,ursin,1047,evoker,preservation,35,11,24
Thrylius,illidan,1046,evoker,preservation,24,11,13
Sacrementus,tichondrius,1044,evoker,preservation,90,36,54
Psykx,frostmourne,1044,evoker,preservation,30,11,19
Drittles,illidan,1043,evoker,preservation,62,28,34
Prevoker,kirin-tor,1042,evoker,preservation,54,28,26
Drimare,quelthalas,1042,evoker,preservation,54,18,36
Uniqqe,tichondrius,1041,evoker,preservation,18,11,7
Shintrax,ragnaros,1041,evoker,preservation,79,40,39
Bobbydracthy,illidan,1041,evoker,preservation,24,11,13
Zinderal,thunderlord,1041,evoker,preservation,88,35,53
Blankebr,gallywix,1037,evoker,preservation,42,27,15
Beerdragon,ragnaros,1037,evoker,preservation,87,47,40
Krossbones,cenarion-circle,1035,evoker,preservation,86,47,39
Myxter,tichondrius,1035,evoker,preservation,49,25,24
Cripcuhz,tichondrius,1035,evoker,preservation,72,36,36
Namor,ragnaros,1035,evoker,preservation,58,28,30
Dragown,sargeras,1035,evoker,preservation,64,30,34
Carloxd,tichondrius,1035,evoker,preservation,34,12,22
Boomlvx,frostmourne,1034,evoker,preservation,24,11,13
Cootietooter,icecrown,1033,evoker,preservation,48,18,30
Rubellite,azralon,1030,evoker,preservation,97,46,51
Skkuld,stormrage,1029,evoker,preservation,30,11,19
Rah,gurubashi,1028,evoker,preservation,99,52,47
Fránky,ragnaros,1027,evoker,preservation,108,48,60
Cinderoz,moon-guard,1026,evoker,preservation,19,13,6
Mokkdala,blackrock,1026,evoker,preservation,40,12,28
Drabbot,thunderlord,1025,evoker,preservation,26,14,12
Draisin,zuljin,1025,evoker,preservation,36,17,19
Evoke,boulderfist,1025,evoker,preservation,28,12,16
Gidury,tichondrius,1024,evoker,preservation,138,73,65
Karmakulax,wildhammer,1024,evoker,preservation,31,12,19
Trillis,eldrethalas,1023,evoker,preservation,36,23,13
Gemish,lethon,1023,evoker,preservation,80,35,45
Drákô,ragnaros,1021,evoker,preservation,45,15,30
Bootymágic,tichondrius,1020,evoker,preservation,62,32,30
Rainwalkers,illidan,1019,evoker,preservation,42,20,22
Tazeneth,sargeras,1018,evoker,preservation,24,12,12
Prahvlord,shuhalo,1018,evoker,preservation,60,26,34
Dhrathir,moon-guard,1017,evoker,preservation,30,19,11
Tarnuss,skullcrusher,1017,evoker,preservation,42,14,28
Lechonlechon,tichondrius,1015,evoker,preservation,24,13,11
Charadrius,zuljin,1013,evoker,preservation,53,28,25
Jubey,tichondrius,1012,evoker,preservation,35,11,24
Mightywings,skywall,1011,evoker,preservation,138,70,68
Kivoke,proudmoore,1010,evoker,preservation,48,22,26
Verby,zuljin,1010,evoker,preservation,89,36,53
Kaikisen,malganis,1009,evoker,preservation,61,21,40
Dracauzrys,gorefiend,1008,evoker,preservation,18,11,7
Sheshumaru,ragnaros,1008,evoker,preservation,66,26,40
Esq,sargeras,1007,evoker,preservation,17,11,6
Kathendrov,sargeras,1006,evoker,preservation,237,112,125
Crumbflaps,kelthuzad,1006,evoker,preservation,54,22,32
Lightbeing,nazjatar,1003,evoker,preservation,60,35,25
Dragonarchy,draenor,1003,evoker,preservation,78,37,41
Aurastella,frostwolf,1003,evoker,preservation,48,19,29
Mailescort,magtheridon,1003,evoker,preservation,29,11,18
Zenatre,malganis,1001,evoker,preservation,42,24,18
Lawroadt,tichondrius,1001,evoker,preservation,103,53,50
Straightman,stormrage,1001,evoker,preservation,80,40,40
Shenrøn,altar-of-storms,1000,evoker,preservation,104,53,51
Cambodian,whisperwind,1000,evoker,preservation,24,11,13
Wheyvern,malganis,1000,evoker,preservation,93,41,52
Smögg,quelthalas,1000,evoker,preservation,54,23,31
Dracomedicus,frostmourne,1000,evoker,preservation,98,37,61
Dragobot,frostmourne,1000,evoker,preservation,48,17,31
Sophdrac,illidan,999,evoker,preservation,55,30,25
Cinderelluh,area-52,999,evoker,preservation,191,82,109
Katreseth,ragnaros,999,evoker,preservation,30,12,18
Brahown,altar-of-storms,998,evoker,preservation,36,11,25
Rápturé,tichondrius,997,evoker,preservation,34,14,20
Barbatiz,burning-legion,996,evoker,preservation,35,12,23
Heleucadio,tichondrius,993,evoker,preservation,27,17,10
Gemis,anvilmar,991,evoker,preservation,55,25,30
Falsedaze,sargeras,990,evoker,preservation,45,21,24
Ozmayzin,proudmoore,990,evoker,preservation,69,30,39
Hover,vashj,989,evoker,preservation,27,13,14
Vandinus,stormrage,988,evoker,preservation,68,31,37
Sanashalan,moon-guard,988,evoker,preservation,35,12,23
Vyreth,sargeras,987,evoker,preservation,81,38,43
Adessa,lothar,985,evoker,preservation,66,25,41
Tashaler,bonechewer,982,evoker,preservation,32,16,16
Homiedraconi,nordrassil,980,evoker,preservation,24,12,12
Windchaser,kelthuzad,980,evoker,preservation,54,12,42
Smaugett,zuljin,979,evoker,preservation,44,23,21
Azuril,wyrmrest-accord,972,evoker,preservation,114,43,71
Dzracona,gorefiend,970,evoker,preservation,29,14,15
Mouthgorawr,tichondrius,970,evoker,preservation,26,11,15
Chicknwingz,bonechewer,969,evoker,preservation,18,11,7
Thegrinchh,malganis,966,evoker,preservation,107,53,54
Charizard,bloodhoof,966,evoker,preservation,36,12,24
Interracial,stormscale,965,evoker,preservation,34,17,17
Caucasian,aegwynn,964,evoker,preservation,90,35,55
Arazerazer,thrall,963,evoker,preservation,114,47,67
Milkspurt,tichondrius,962,evoker,preservation,52,23,29
Arcaenae,moon-guard,962,evoker,preservation,78,34,44
Hwansu,tichondrius,960,evoker,preservation,18,10,8
Thefish,tichondrius,960,evoker,preservation,18,10,8
Vroomby,sargeras,960,evoker,preservation,18,10,8
Rubyzz,illidan,960,evoker,preservation,18,10,8
Boomon,blades-edge,960,evoker,preservation,68,31,37
Babylons,area-52,960,evoker,preservation,24,10,14
Imwoker,illidan,960,evoker,preservation,24,10,14
Uncleìroh,tichondrius,960,evoker,preservation,24,10,14
Gaslightqt,tichondrius,960,evoker,preservation,25,10,15
Spyroguts,thrall,960,evoker,preservation,30,10,20
Flyingkush,illidan,959,evoker,preservation,12,10,2
Dragoontekka,tichondrius,959,evoker,preservation,18,10,8
Myspycanfly,malganis,958,evoker,preservation,12,10,2
Slrepeat,frostmourne,958,evoker,preservation,18,10,8
Dragonsand,area-52,958,evoker,preservation,62,30,32
Supernamv,sargeras,958,evoker,preservation,24,10,14
Toastsevoker,tichondrius,958,evoker,preservation,24,10,14
Drakthussey,illidan,957,evoker,preservation,18,10,8
Wickedwings,tichondrius,957,evoker,preservation,24,10,14
Thiccprotein,tichondrius,956,evoker,preservation,18,10,8
Dracalis,thrall,956,evoker,preservation,110,60,50
Goonguy,gnomeregan,955,evoker,preservation,12,10,2
Holdherhorn,area-52,955,evoker,preservation,18,10,8
Dragy,bonechewer,954,evoker,preservation,24,10,14
Cvoker,illidan,954,evoker,preservation,24,10,14
Dragondoh,frostmourne,954,evoker,preservation,31,10,21
Hoverharder,stormrage,953,evoker,preservation,18,10,8
Soziin,skullcrusher,953,evoker,preservation,18,10,8
Forlornomens,area-52,953,evoker,preservation,18,10,8
Dragonblazer,illidan,952,evoker,preservation,18,10,8
Ayoitspav,malganis,952,evoker,preservation,25,11,14
Rubyskye,tichondrius,950,evoker,preservation,18,10,8
Carrnedge,area-52,949,evoker,preservation,36,10,26
Bvo,stormrage,948,evoker,preservation,12,10,2
Surasi,frostmourne,948,evoker,preservation,18,10,8
Draconys,shattered-hand,948,evoker,preservation,112,54,58
Aldruín,illidan,946,evoker,preservation,24,10,14
Pinkponies,area-52,945,evoker,preservation,28,17,11
Tokeandvoke,haomarush,945,evoker,preservation,24,10,14
Dragonsand,stormrage,944,evoker,preservation,24,11,13
Tragoul,dragonblight,942,evoker,preservation,60,30,30
Astaro,area-52,942,evoker,preservation,72,27,45
Dracthyrius,thunderlord,941,evoker,preservation,18,12,6
Sïgrìd,tichondrius,941,evoker,preservation,57,33,24
Dandroz,hyjal,938,evoker,preservation,24,10,14
Sochen,kelthuzad,934,evoker,preservation,115,58,57
Zavyra,kiljaeden,934,evoker,preservation,30,10,20
Zeldaryel,azralon,932,evoker,preservation,46,25,21
Faethana,thrall,929,evoker,preservation,23,11,12
Kerlaan,illidan,927,evoker,preservation,24,12,12
Rilex,kelthuzad,927,evoker,preservation,30,11,19
Erentyl,illidan,924,evoker,preservation,18,10,8
Tribunalis,stormrage,924,evoker,preservation,24,13,11
Frozonic,tichondrius,924,evoker,preservation,42,19,23
Dragonbro,spirestone,923,evoker,preservation,18,10,8
Drakesennin,frostmane,923,evoker,preservation,31,17,14
Heidibibe,tichondrius,920,evoker,preservation,23,10,13
Bumbledragn,moon-guard,919,evoker,preservation,38,23,15
Lylyith,quelthalas,918,evoker,preservation,36,14,22
Scourgewing,wyrmrest-accord,915,evoker,preservation,40,14,26
Kaelestian,ragnaros,911,evoker,preservation,54,27,27
Venlormi,moon-guard,910,evoker,preservation,82,35,47
Preservant,stormrage,907,evoker,preservation,18,10,8
Lisatallie,moon-guard,904,evoker,preservation,24,11,13
Dracoly,medivh,903,evoker,preservation,90,40,50
Balmoze,tichondrius,902,evoker,preservation,115,58,57
Yaaj,black-dragonflight,902,evoker,preservation,29,11,18
Chenrong,sargeras,902,evoker,preservation,30,11,19
Badvoker,area-52,902,evoker,preservation,71,26,45
Cransvoker,illidan,902,evoker,preservation,30,10,20
Bizzstrasza,shadowsong,901,evoker,preservation,122,59,63
Leralera,moon-guard,898,evoker,preservation,30,13,17
Tihkal,spinebreaker,897,evoker,preservation,30,10,20
Ragendragon,hellscream,896,evoker,preservation,42,18,24
Spliffdragon,sargeras,895,evoker,preservation,95,42,53
Razen,silvermoon,892,evoker,preservation,52,22,30
Dragonbush,sargeras,891,evoker,preservation,28,11,17
Bryágh,wyrmrest-accord,888,evoker,preservation,33,11,22
Mugenyan,ragnaros,879,evoker,preservation,41,21,20
Pypokay,nemesis,877,evoker,preservation,48,17,31
Madzul,emerald-dream,871,evoker,preservation,19,10,9
Willowflight,illidan,867,evoker,preservation,50,23,27
Viserion,wildhammer,865,evoker,preservation,44,10,34
Mewoker,sargeras,864,evoker,preservation,12,9,3
Toonahzy,area-52,864,evoker,preservation,12,9,3
Calvoker,moon-guard,864,evoker,preservation,18,9,9
Sweatydragon,area-52,864,evoker,preservation,18,9,9
Imcaprise,tichondrius,864,evoker,preservation,24,9,15
Hdyl,tichondrius,864,evoker,preservation,30,9,21
Lizardfaith,tichondrius,863,evoker,preservation,12,9,3
Tonymanitoba,whisperwind,863,evoker,preservation,18,9,9
Tadhg,mugthol,863,evoker,preservation,30,12,18
Azngodz,tichondrius,863,evoker,preservation,24,9,15
Muchentuchen,illidan,863,evoker,preservation,24,9,15
Daddydrago,sargeras,863,evoker,preservation,30,9,21
Velocivraull,malganis,862,evoker,preservation,12,9,3
Wyldev,illidan,862,evoker,preservation,18,9,9
Jesstrasza,quelthalas,862,evoker,preservation,96,42,54
Cindrozaraz,stormreaver,861,evoker,preservation,90,45,45
Evvookkeerr,tichondrius,861,evoker,preservation,18,9,9
Tazen,bleeding-hollow,861,evoker,preservation,60,24,36
Gravityblast,tichondrius,861,evoker,preservation,24,9,15
Minzur,illidan,861,evoker,preservation,33,10,23
Chewydragoon,kelthuzad,860,evoker,preservation,12,9,3
Binxyboy,garrosh,860,evoker,preservation,16,10,6
Docevoker,tichondrius,860,evoker,preservation,18,9,9
Velzirion,proudmoore,860,evoker,preservation,18,9,9
Mustafa,ragnaros,860,evoker,preservation,37,16,21
Enkvoker,tichondrius,859,evoker,preservation,18,9,9
Naùghtygames,area-52,859,evoker,preservation,24,9,15
Arûmat,tichondrius,859,evoker,preservation,30,9,21
Cerémony,zuljin,857,evoker,preservation,12,9,3
Agòny,dalaran,857,evoker,preservation,12,9,3
Kaeszandrus,azralon,857,evoker,preservation,66,29,37
Aethrys,zuljin,856,evoker,preservation,12,9,3
Wrathics,emerald-dream,856,evoker,preservation,18,9,9
Salakhar,drakkari,856,evoker,preservation,18,9,9
Balereyon,area-52,855,evoker,preservation,12,9,3
Tekath,altar-of-storms,855,evoker,preservation,18,9,9
Ðeathðragon,sargeras,855,evoker,preservation,18,9,9
Bjason,tichondrius,855,evoker,preservation,18,9,9
Prozach,shadowmoon,854,evoker,preservation,18,9,9
Saintetoile,tichondrius,853,evoker,preservation,84,39,45
Dragonballer,trollbane,853,evoker,preservation,24,9,15
Lagartixa,kirin-tor,851,evoker,preservation,66,26,40
Tazalth,uther,851,evoker,preservation,24,9,15
Madvillin,stormrage,850,evoker,preservation,36,19,17
Yoríchi,proudmoore,849,evoker,preservation,16,10,6
Alevoker,ragnaros,849,evoker,preservation,43,9,34
Darlión,ragnaros,840,evoker,preservation,24,9,15
Slyfur,burning-legion,837,evoker,preservation,30,13,17
Azuragon,illidan,837,evoker,preservation,115,48,67
Drewskie,malganis,831,evoker,preservation,112,45,67
Polsonlvy,dalaran,830,evoker,preservation,36,15,21
Decyrion,bleeding-hollow,830,evoker,preservation,29,9,20
Luxdraco,stormrage,827,evoker,preservation,22,9,13
Falastrasza,dalaran,821,evoker,preservation,23,9,14
Matsutake,kelthuzad,820,evoker,preservation,22,9,13
Freeblaze,blackhand,818,evoker,preservation,23,9,14
Arazarion,mugthol,816,evoker,preservation,48,19,29
Eggvoker,sargeras,814,evoker,preservation,23,9,14
Tooby,velen,813,evoker,preservation,42,16,26
Lishalthen,frostmourne,804,evoker,preservation,26,13,13
Azalar,caelestrasz,802,evoker,preservation,60,17,43
Moxa,doomhammer,800,evoker,preservation,251,115,136
Windryder,hakkar,800,evoker,preservation,82,31,51
Darkspyro,area-52,799,evoker,preservation,11,9,2
Dreezoo,tichondrius,799,evoker,preservation,79,38,41
Icallthecops,tichondrius,798,evoker,preservation,16,9,7
Drackaras,stormrage,798,evoker,preservation,26,10,16
Rockzocain,area-52,798,evoker,preservation,24,9,15
Zaldraka,cairne,795,evoker,preservation,48,20,28
Rrathion,frostmourne,794,evoker,preservation,22,9,13
Criteria,burning-legion,794,evoker,preservation,24,9,15
Reapercreepn,aegwynn,793,evoker,preservation,26,9,17
Itsac,daggerspine,792,evoker,preservation,30,13,17
Dumblxwn,tichondrius,791,evoker,preservation,18,9,9
Hentaizilla,kiljaeden,789,evoker,preservation,97,37,60
Hunglkdrgn,dragonmaw,779,evoker,preservation,30,11,19
Luøzheng,drakkari,777,evoker,preservation,19,9,10
Æsshayád,area-52,768,evoker,preservation,12,8,4
Evokeondeez,stormrage,768,evoker,preservation,12,8,4
Rvrbzv,stormrage,768,evoker,preservation,12,8,4
Ðçßñÿåæéîùøð,tichondrius,768,evoker,preservation,12,8,4
Dracostayout,sargeras,768,evoker,preservation,12,8,4
Icevoker,tichondrius,768,evoker,preservation,12,8,4
Suekeysaurus,frostmourne,768,evoker,preservation,18,8,10
Ryóng,tichondrius,768,evoker,preservation,18,8,10
Azgrodragon,stonemaul,768,evoker,preservation,18,8,10
Airschlong,tichondrius,768,evoker,preservation,18,8,10
Unclefarmer,illidan,768,evoker,preservation,18,8,10
Treysongz,area-52,768,evoker,preservation,18,8,10
Mvpjs,medivh,768,evoker,preservation,20,8,12
Rzdrag,nemesis,768,evoker,preservation,140,47,93
Walloper,malganis,767,evoker,preservation,12,8,4
Dendedewd,sargeras,767,evoker,preservation,12,8,4
Icecoldrink,suramar,767,evoker,preservation,12,8,4
Baradad,frostmourne,767,evoker,preservation,12,8,4
Evrok,ragnaros,767,evoker,preservation,18,8,10
Hornychunga,burning-legion,767,evoker,preservation,18,8,10
Dracritzzx,ragnaros,767,evoker,preservation,18,8,10
Ève,area-52,767,evoker,preservation,18,8,10
Dwagonwage,zuljin,767,evoker,preservation,18,8,10
Ugliest,aegwynn,767,evoker,preservation,18,8,10
Preáux,tichondrius,767,evoker,preservation,18,8,10
Xiaolongmei,frostmourne,767,evoker,preservation,18,8,10
Dracthott,thrall,767,evoker,preservation,18,8,10
Shrimpshumai,malganis,767,evoker,preservation,18,8,10
Liltj,tichondrius,767,evoker,preservation,18,8,10
Burbachdwago,stormrage,767,evoker,preservation,18,8,10
Donresantis,tichondrius,767,evoker,preservation,24,8,16
Dumpeyz,malganis,767,evoker,preservation,24,8,16
Devilmanguy,bonechewer,767,evoker,preservation,24,8,16
Nowon,tichondrius,767,evoker,preservation,24,8,16
Dracarus,crushridge,767,evoker,preservation,30,8,22
Galfiore,malganis,767,evoker,preservation,30,8,22
Artyr,nemesis,767,evoker,preservation,42,8,34
Talzindera,sargeras,766,evoker,preservation,18,8,10
Sunfyrion,sargeras,766,evoker,preservation,24,8,16
Dragonslut,kiljaeden,766,evoker,preservation,24,8,16
Paradïsso,tichondrius,765,evoker,preservation,12,8,4
Flameschosen,malganis,765,evoker,preservation,18,8,10
Selocky,bleeding-hollow,764,evoker,preservation,18,8,10
Snitx,stormrage,764,evoker,preservation,24,8,16
Neewhad,malganis,764,evoker,preservation,24,8,16
Pandavoke,kelthuzad,763,evoker,preservation,24,8,16
Kyloflight,thrall,763,evoker,preservation,30,8,22
Vaeghar,anvilmar,762,evoker,preservation,21,8,13
Arduls,stormrage,762,evoker,preservation,30,8,22
Dandroz,kelthuzad,761,evoker,preservation,18,8,10
Vermax,spirestone,759,evoker,preservation,18,8,10
Risumon,uldum,759,evoker,preservation,474,196,278
Testymctikle,stormreaver,758,evoker,preservation,12,8,4
Draehgor,hyjal,758,evoker,preservation,18,8,10
Kaaer,emerald-dream,757,evoker,preservation,24,8,16
Vicktt,malganis,754,evoker,preservation,18,8,10
Gamesruined,area-52,753,evoker,preservation,19,8,11
Chrysalis,gorefiend,751,evoker,preservation,30,8,22
Drevoker,lightbringer,748,evoker,preservation,18,8,10
Chaosrebørn,bleeding-hollow,746,evoker,preservation,36,8,28
Enuzan,dalaran,734,evoker,preservation,32,8,24
Polland,area-52,731,evoker,preservation,17,8,9
Ramas,burning-blade,731,evoker,preservation,38,9,29
Devokerkofwa,tichondrius,725,evoker,preservation,29,8,21
Tailia,sargeras,718,evoker,preservation,23,8,15
Dragonkings,tichondrius,717,evoker,preservation,29,8,21
Geicovoker,tichondrius,714,evoker,preservation,28,9,19
Densgone,aggramar,711,evoker,preservation,24,8,16
Shardsnorta,chogall,708,evoker,preservation,17,8,9
Exrtj,stormrage,704,evoker,preservation,16,8,8
Murozond,burning-blade,703,evoker,preservation,20,8,12
Kleptomancy,moon-guard,702,evoker,preservation,11,8,3
Kalswyrm,burning-blade,702,evoker,preservation,20,8,12
Letharrian,sargeras,698,evoker,preservation,12,10,2
Drakthuul,icecrown,696,evoker,preservation,114,48,66
Jsb,moon-guard,696,evoker,preservation,54,10,44
Dragonknght,tichondrius,680,evoker,preservation,49,22,27
Khaosius,moon-guard,673,evoker,preservation,72,12,60
Reeto,windrunner,672,evoker,preservation,12,7,5
Clm,staghelm,672,evoker,preservation,12,7,5
Vekke,illidan,672,evoker,preservation,12,7,5
Dragondubya,illidan,672,evoker,preservation,12,7,5
Nythendrah,emerald-dream,672,evoker,preservation,12,7,5
Augment,alexstrasza,672,evoker,preservation,12,7,5
Ayanokojí,stormrage,672,evoker,preservation,12,7,5
Vrondiss,trollbane,672,evoker,preservation,12,7,5
Beatxqt,area-52,672,evoker,preservation,12,7,5
Alithrya,illidan,672,evoker,preservation,12,7,5
Vroomby,area-52,672,evoker,preservation,12,7,5
Hypetwo,bleeding-hollow,672,evoker,preservation,12,7,5
Suzusaza,malganis,672,evoker,preservation,12,7,5
Trishulaice,illidan,672,evoker,preservation,12,7,5
Ckainë,stormrage,672,evoker,preservation,15,8,7
Orncen,emerald-dream,672,evoker,preservation,18,7,11
Burninator,black-dragonflight,672,evoker,preservation,18,7,11
Draikia,zuljin,672,evoker,preservation,18,7,11
Roastdrake,tichondrius,672,evoker,preservation,18,7,11
Zalpx,sargeras,672,evoker,preservation,24,7,17
Drakoniia,tichondrius,672,evoker,preservation,24,7,17
Kontaz,icecrown,672,evoker,preservation,24,7,17
Hammylee,firetree,672,evoker,preservation,30,7,23
Ketasdragon,frostmourne,671,evoker,preservation,10,8,2
Spicypnuts,zuljin,671,evoker,preservation,12,7,5
Doramifa,tichondrius,671,evoker,preservation,12,7,5
Reskue,burning-legion,671,evoker,preservation,12,7,5
Vertorgon,proudmoore,671,evoker,preservation,12,7,5
Tyrøs,illidan,671,evoker,preservation,12,7,5
Flapthewap,illidan,671,evoker,preservation,12,7,5
Emopidgey,dalaran,671,evoker,preservation,12,7,5
Toppedyouoff,thrall,671,evoker,preservation,15,7,8
Trogdør,illidan,671,evoker,preservation,18,7,11
Jigsz,illidan,671,evoker,preservation,18,7,11
Nunez,frostmourne,671,evoker,preservation,18,7,11
Hooktail,barthilas,671,evoker,preservation,18,7,11
Zosormu,tichondrius,671,evoker,preservation,18,7,11
Likelybaked,kiljaeden,671,evoker,preservation,18,7,11
Lampizard,bonechewer,671,evoker,preservation,24,7,17
Drøgon,sargeras,671,evoker,preservation,24,7,17
Bookkoo,burning-legion,671,evoker,preservation,24,7,17
Nienze,wyrmrest-accord,670,evoker,preservation,12,7,5
Mad,aerie-peak,670,evoker,preservation,19,9,10
Zumanitÿ,zangarmarsh,670,evoker,preservation,18,7,11
Dshiznit,sargeras,670,evoker,preservation,24,7,17
Sneekysnekz,tichondrius,670,evoker,preservation,24,7,17
Koopa,malygos,670,evoker,preservation,24,7,17
Dragondewd,area-52,669,evoker,preservation,12,7,5
Deezyroller,sargeras,669,evoker,preservation,12,7,5
Auradraca,queldorei,669,evoker,preservation,13,7,6
Azaralzind,bleeding-hollow,669,evoker,preservation,15,8,7
Rhaènyra,sargeras,669,evoker,preservation,18,7,11
Retcondragon,sargeras,669,evoker,preservation,18,7,11
Chickchauker,tichondrius,669,evoker,preservation,18,7,11
Veladren,ravencrest,669,evoker,preservation,36,7,29
Solreaper,malganis,668,evoker,preservation,12,7,5
Dragawn,area-52,668,evoker,preservation,18,7,11
Shartzypoo,thrall,668,evoker,preservation,24,7,17
Alexstrazaa,hyjal,667,evoker,preservation,12,7,5
Exilence,alleria,666,evoker,preservation,107,31,76
Azulnova,tichondrius,665,evoker,preservation,18,7,11
Carbër,bleeding-hollow,664,evoker,preservation,12,7,5
Erso,hellscream,664,evoker,preservation,12,7,5
Dracariss,darkspear,663,evoker,preservation,18,7,11
Dragonaut,queldorei,662,evoker,preservation,30,7,23
Biggslegion,ysera,659,evoker,preservation,12,7,5
Mulutlaser,frostmourne,659,evoker,preservation,18,7,11
Yiptondabs,emerald-dream,650,evoker,preservation,29,7,22
Thenasath,sargeras,640,evoker,preservation,17,7,10
Wizkmushu,tichondrius,639,evoker,preservation,14,8,6
Elderdragon,nerzhul,629,evoker,preservation,16,8,8
Kixxely,sargeras,623,evoker,preservation,12,8,4
Kirasa,moon-guard,623,evoker,preservation,17,7,10
Psyydragon,azralon,621,evoker,preservation,21,8,13
Tsuruda,illidan,618,evoker,preservation,21,8,13
Gaserick,quelthalas,618,evoker,preservation,29,8,21
Rathaloez,tichondrius,615,evoker,preservation,47,22,25
Zerosdream,thrall,607,evoker,preservation,14,7,7
Hutáo,tichondrius,607,evoker,preservation,26,7,19
Theory,icecrown,606,evoker,preservation,17,7,10
Ambadragon,frostmourne,591,evoker,preservation,11,7,4
Cheesedragon,tichondrius,576,evoker,preservation,6,6,0
Kcup,kiljaeden,576,evoker,preservation,12,6,6
Mushuffle,malygos,576,evoker,preservation,12,6,6
Teëst,malganis,576,evoker,preservation,12,6,6
Ccguzzlerx,tichondrius,576,evoker,preservation,12,6,6
Theyevokbuda,kelthuzad,576,evoker,preservation,12,6,6
Anachronormu,mannoroth,576,evoker,preservation,12,6,6
Ozvoker,area-52,576,evoker,preservation,12,6,6
Melvoker,tichondrius,576,evoker,preservation,12,6,6
Dchappelle,sargeras,576,evoker,preservation,12,6,6
Dragqueenx,hyjal,576,evoker,preservation,12,6,6
Jugemjugempe,icecrown,576,evoker,preservation,12,6,6
Bad,nerzhul,576,evoker,preservation,12,6,6
Daylenx,thrall,576,evoker,preservation,12,6,6
Diregon,kelthuzad,576,evoker,preservation,12,6,6
Localfemboy,area-52,576,evoker,preservation,12,6,6
Kwaz,kelthuzad,576,evoker,preservation,12,6,6
Deecarys,illidan,576,evoker,preservation,12,6,6
Jëthrø,illidan,576,evoker,preservation,12,6,6
Algonir,wyrmrest-accord,576,evoker,preservation,12,6,6
Thegoone,bleeding-hollow,576,evoker,preservation,12,6,6
Dragondznuts,archimonde,576,evoker,preservation,12,6,6
Oldgeorge,tichondrius,576,evoker,preservation,12,6,6
Thalzudormu,bleeding-hollow,576,evoker,preservation,12,6,6
Sten,khadgar,576,evoker,preservation,12,6,6
Mithycstraza,moon-guard,576,evoker,preservation,15,7,8
Teddydarg,tichondrius,576,evoker,preservation,14,6,8
Ablunxs,drakkari,576,evoker,preservation,18,6,12
Ayooflightz,guldan,576,evoker,preservation,18,6,12
Hicane,tichondrius,576,evoker,preservation,18,6,12
Phanthyr,tichondrius,576,evoker,preservation,18,6,12
Murphymonsta,stormscale,576,evoker,preservation,18,6,12
Dracaryz,hyjal,576,evoker,preservation,18,6,12
Alerale,thunderlord,576,evoker,preservation,18,6,12
Holyshiip,tichondrius,576,evoker,preservation,18,6,12
Dragonk,dragonblight,576,evoker,preservation,18,6,12
Dargonguy,stormrage,576,evoker,preservation,18,6,12
Deyuu,barthilas,576,evoker,preservation,28,7,21
Drageyman,tichondrius,576,evoker,preservation,28,7,21
Gdragon,sargeras,576,evoker,preservation,24,6,18
Jumpmaster,black-dragonflight,576,evoker,preservation,24,6,18
Exurion,quelthalas,575,evoker,preservation,6,6,0
Toodllesz,stormrage,575,evoker,preservation,6,6,0
Bhfflove,area-52,575,evoker,preservation,12,6,6
Balerion,chromaggus,575,evoker,preservation,12,6,6
Nâpâlm,aggramar,575,evoker,preservation,12,6,6
Ploops,korialstrasz,575,evoker,preservation,12,6,6
Ygnizem,ysera,575,evoker,preservation,12,6,6
Beebus,zuljin,575,evoker,preservation,12,6,6
Magnito,thorium-brotherhood,575,evoker,preservation,12,6,6
Valadrakth,tichondrius,575,evoker,preservation,12,6,6
Ajxo,thrall,575,evoker,preservation,12,6,6
Dragonpaws,illidan,575,evoker,preservation,12,6,6
Picklevoke,frostmourne,575,evoker,preservation,12,6,6
Valeshkanyel,ragnaros,575,evoker,preservation,12,6,6
Quetzaluma,tichondrius,575,evoker,preservation,14,6,8
Drakistraz,draenor,575,evoker,preservation,18,6,12
Dragonberry,tichondrius,575,evoker,preservation,18,6,12
Dracynmana,perenolde,575,evoker,preservation,18,6,12
Ðrízzy,area-52,575,evoker,preservation,24,6,18
Sgtskip,blackrock,575,evoker,preservation,24,6,18
Amun,frostwolf,574,evoker,preservation,12,6,6
Evalker,tichondrius,574,evoker,preservation,12,6,6
Ptita,zuljin,574,evoker,preservation,12,6,6
Dènali,black-dragonflight,574,evoker,preservation,18,6,12
Cinderazerat,moon-guard,574,evoker,preservation,18,6,12
Azalana,thrall,574,evoker,preservation,24,6,18
Asterfoor,stormrage,574,evoker,preservation,47,10,37
Ozsandlbs,tichondrius,573,evoker,preservation,12,6,6
Moraise,bonechewer,573,evoker,preservation,12,6,6
Genderbenda,uldum,573,evoker,preservation,18,6,12
Aethyrious,moon-guard,573,evoker,preservation,18,6,12
Siquitraki,illidan,573,evoker,preservation,18,6,12
Arrogon,gorefiend,573,evoker,preservation,24,6,18
Acyclic,frostmourne,572,evoker,preservation,12,6,6
Bilbodragons,stormreaver,571,evoker,preservation,18,6,12
Shuyiro,ragnaros,571,evoker,preservation,24,6,18
Rhaeynes,moon-guard,568,evoker,preservation,12,6,6
Ankhalagor,ragnaros,567,evoker,preservation,12,6,6
Herikas,tichondrius,560,evoker,preservation,24,6,18
Shexi,frostmourne,559,evoker,preservation,18,6,12
Wilbog,moon-guard,550,evoker,preservation,49,10,39
Dragussy,illidan,548,evoker,preservation,28,10,18
Hecklinheals,hyjal,544,evoker,preservation,13,7,6
Fckheals,bonechewer,543,evoker,preservation,10,6,4
Dabdrake,illidan,539,evoker,preservation,14,7,7
Arazen,frostmourne,539,evoker,preservation,23,6,17
Fieros,area-52,527,evoker,preservation,13,6,7
Draxitar,blackrock,526,evoker,preservation,22,6,16
Imperialist,proudmoore,522,evoker,preservation,29,7,22
Shenlòng,drakkari,521,evoker,preservation,15,7,8
Dragginhealz,stormrage,512,evoker,preservation,131,59,72
Supernovax,illidan,512,evoker,preservation,16,6,10
Demõn,whisperwind,511,evoker,preservation,10,6,4
Imaginedrgn,tichondrius,511,evoker,preservation,11,6,5
Dragondork,dalvengyr,511,evoker,preservation,16,6,10
Nwo,shattered-hand,494,evoker,preservation,11,6,5
Brindletail,proudmoore,494,evoker,preservation,19,6,13
Fatalion,thrall,480,evoker,preservation,6,5,1
Deathwingjr,illidan,480,evoker,preservation,6,5,1
Purpleskale,doomhammer,480,evoker,preservation,6,5,1
Finnahorns,sargeras,480,evoker,preservation,6,5,1
Timaeuz,malganis,480,evoker,preservation,6,5,1
Vinygar,illidan,480,evoker,preservation,6,5,1
Arzaria,stormrage,480,evoker,preservation,6,5,1
Zealantis,area-52,480,evoker,preservation,12,5,7
Pyraxes,thunderhorn,480,evoker,preservation,12,5,7
Cutewing,tichondrius,480,evoker,preservation,12,5,7
Nyrr,malganis,480,evoker,preservation,12,5,7
Ezarra,tichondrius,480,evoker,preservation,12,5,7
Failbus,area-52,480,evoker,preservation,12,5,7
Zonnith,zuljin,480,evoker,preservation,12,5,7
Fazedd,tichondrius,480,evoker,preservation,12,5,7
Killaseabee,lightnings-blade,480,evoker,preservation,12,5,7
Razdargon,kiljaeden,480,evoker,preservation,12,5,7
Baðìka,area-52,480,evoker,preservation,12,5,7
Sathendroz,tichondrius,480,evoker,preservation,12,5,7
Castoria,bleeding-hollow,480,evoker,preservation,12,5,7
Jejep,sargeras,480,evoker,preservation,12,5,7
Draktharl,tichondrius,480,evoker,preservation,12,5,7
Chronocolter,thunderhorn,480,evoker,preservation,12,5,7
Evokesaint,wyrmrest-accord,480,evoker,preservation,12,5,7
Shazdrag,stormrage,480,evoker,preservation,12,5,7
Cirroaltos,aerie-peak,480,evoker,preservation,12,5,7
Oldmandrake,mannoroth,480,evoker,preservation,12,5,7
Transitory,bleeding-hollow,480,evoker,preservation,12,5,7
Wydbro,kiljaeden,480,evoker,preservation,12,5,7
Evizzar,zuljin,480,evoker,preservation,12,5,7
Berylhwit,emerald-dream,480,evoker,preservation,12,5,7
Pinkoi,antonidas,480,evoker,preservation,12,5,7
Thedajjal,tichondrius,480,evoker,preservation,12,5,7
Dragndznuhts,tichondrius,480,evoker,preservation,15,6,9
Dastiel,zuljin,480,evoker,preservation,18,5,13
Ytsan,wyrmrest-accord,480,evoker,preservation,18,5,13
Backuphealer,bleeding-hollow,480,evoker,preservation,18,5,13
Olindoe,tichondrius,480,evoker,preservation,18,5,13
Dragonthese,cenarius,480,evoker,preservation,19,5,14
Selenian,area-52,480,evoker,preservation,24,5,19
Bronyflexy,sargeras,480,evoker,preservation,24,5,19
Targaryant,ragnaros,479,evoker,preservation,6,5,1
Moonwatcher,vashj,479,evoker,preservation,6,5,1
Rezpmpdragon,tichondrius,479,evoker,preservation,12,5,7
Flaplordx,frostmourne,479,evoker,preservation,12,5,7
Álln,sargeras,479,evoker,preservation,12,5,7
Lazzarross,area-52,479,evoker,preservation,12,5,7
Pidelo,tichondrius,479,evoker,preservation,12,5,7
Ihealstuff,dalaran,479,evoker,preservation,12,5,7
Flappeebird,area-52,479,evoker,preservation,12,5,7
Yadirstraza,quelthalas,479,evoker,preservation,12,5,7
Wrathykos,thrall,479,evoker,preservation,12,5,7
Changetarget,proudmoore,479,evoker,preservation,12,5,7
Zoenevoker,drakkari,479,evoker,preservation,12,5,7
Dragonsoup,frostmourne,479,evoker,preservation,12,5,7
Kratostrasz,moon-guard,479,evoker,preservation,12,5,7
Fromstedflek,tichondrius,479,evoker,preservation,18,5,13
Scardrakk,doomhammer,479,evoker,preservation,18,5,13
Netriyla,ragnaros,479,evoker,preservation,18,5,13
Draghone,illidan,479,evoker,preservation,18,5,13
Penciduq,barthilas,478,evoker,preservation,12,5,7
Melbu,thunderlord,478,evoker,preservation,12,5,7
Lizardtrash,ragnaros,478,evoker,preservation,12,5,7
Flymuch,illidan,478,evoker,preservation,18,5,13
Snáckbóx,alexstrasza,478,evoker,preservation,18,5,13
Oasisrose,andorhal,478,evoker,preservation,24,5,19
Scaryðragon,akama,477,evoker,preservation,12,5,7
Livemaximii,moon-guard,477,evoker,preservation,12,5,7
Korvold,zuluhed,477,evoker,preservation,12,5,7
Wetsponge,kelthuzad,477,evoker,preservation,12,5,7
Nightmaere,deathwing,477,evoker,preservation,18,5,13
Dracorblaq,bleeding-hollow,476,evoker,preservation,12,5,7
Kaaos,fizzcrank,475,evoker,preservation,12,5,7
Naxarick,ragnaros,472,evoker,preservation,12,5,7
Ruination,lightnings-blade,463,evoker,preservation,17,5,12
Cocodrilokí,ragnaros,462,evoker,preservation,17,5,12
Amoraz,tichondrius,460,evoker,preservation,23,5,18
Digna,thrall,448,evoker,preservation,16,5,11
Jcii,tichondrius,447,evoker,preservation,11,5,6
Easyevoker,tichondrius,447,evoker,preservation,11,5,6
Elfdatv,tichondrius,447,evoker,preservation,17,5,12
Drakonyx,mugthol,439,evoker,preservation,17,5,12
Meilokkttv,sargeras,432,evoker,preservation,13,5,8
Temporal,mannoroth,431,evoker,preservation,9,6,3
Golzure,tichondrius,426,evoker,preservation,23,7,16
Dragindeezba,stormrage,425,evoker,preservation,42,7,35
Drippydragon,stormrage,424,evoker,preservation,16,6,10
Banevoker,tichondrius,420,evoker,preservation,20,7,13
Tealik,frostmourne,416,evoker,preservation,16,5,11
Swagondragon,illidan,412,evoker,preservation,10,5,5
Monzydrake,emerald-dream,408,evoker,preservation,20,5,15
Taegon,area-52,384,evoker,preservation,6,4,2
Drekaeldur,area-52,384,evoker,preservation,6,4,2
Caelyxtra,emerald-dream,384,evoker,preservation,6,4,2
Chainchomp,suramar,384,evoker,preservation,6,4,2
Dyvyne,demon-soul,384,evoker,preservation,6,4,2
Mtndewboy,illidan,384,evoker,preservation,6,4,2
Cristina,tanaris,384,evoker,preservation,6,4,2
Blackdragôn,stormrage,384,evoker,preservation,6,4,2
Soupywings,illidan,384,evoker,preservation,6,4,2
Blazedvoke,tichondrius,384,evoker,preservation,6,4,2
Tygor,arthas,384,evoker,preservation,6,4,2
Babydragon,ragnaros,384,evoker,preservation,6,4,2
Râïn,tichondrius,384,evoker,preservation,6,4,2
Dracqt,zuljin,384,evoker,preservation,6,4,2
Murloc,shadowsong,384,evoker,preservation,6,4,2
Syneestra,nemesis,384,evoker,preservation,6,4,2
Ilovegingers,tichondrius,384,evoker,preservation,6,4,2
Ctlajumma,frostmourne,384,evoker,preservation,6,4,2
Tuzik,sargeras,384,evoker,preservation,6,4,2
Velahesa,sargeras,384,evoker,preservation,6,4,2
Atraxian,tichondrius,384,evoker,preservation,6,4,2
Dracmorz,nemesis,384,evoker,preservation,6,4,2
Rapiddvoker,zuljin,384,evoker,preservation,6,4,2
Odmehbb,tichondrius,384,evoker,preservation,6,4,2
Shenròn,kelthuzad,384,evoker,preservation,15,5,10
Kalessin,whisperwind,384,evoker,preservation,12,4,8
Razenset,draktharon,384,evoker,preservation,12,4,8
Thaone,area-52,384,evoker,preservation,12,4,8
Mignificent,sargeras,384,evoker,preservation,12,4,8
Hellgato,illidan,384,evoker,preservation,12,4,8
Gójira,jubeithos,384,evoker,preservation,12,4,8
Kèl,stormrage,384,evoker,preservation,12,4,8
Livebate,tichondrius,384,evoker,preservation,12,4,8
Dragwyn,senjin,384,evoker,preservation,12,4,8
Blazedvoker,tichondrius,384,evoker,preservation,12,4,8
Dragginnutsz,tichondrius,384,evoker,preservation,12,4,8
Williamjong,tichondrius,384,evoker,preservation,12,4,8
Samostrasza,illidan,384,evoker,preservation,12,4,8
Zandet,thunderlord,384,evoker,preservation,12,4,8
Mestrewëll,stormrage,384,evoker,preservation,12,4,8
Vanyalus,uldum,384,evoker,preservation,12,4,8
Larryboy,kelthuzad,384,evoker,preservation,12,4,8
Deviantart,emerald-dream,384,evoker,preservation,12,4,8
Flipturn,illidan,384,evoker,preservation,12,4,8
Slaymedaddy,proudmoore,384,evoker,preservation,12,4,8
Imadargin,malganis,384,evoker,preservation,12,4,8
Swøøpe,stormrage,384,evoker,preservation,12,4,8
Drawong,zuljin,384,evoker,preservation,12,4,8
Crumbsock,thrall,384,evoker,preservation,12,4,8
Shibby,garona,384,evoker,preservation,12,4,8
Boppled,tichondrius,384,evoker,preservation,12,4,8
Raphdragon,stormrage,384,evoker,preservation,12,4,8
Pensini,illidan,384,evoker,preservation,12,4,8
Cônflicted,emerald-dream,384,evoker,preservation,12,4,8
Rawrexp,emerald-dream,384,evoker,preservation,12,4,8
Durti,blackwing-lair,384,evoker,preservation,12,4,8
Shoestrings,tichondrius,384,evoker,preservation,12,4,8
Dragrenghost,illidan,384,evoker,preservation,12,4,8
Khalio,hyjal,384,evoker,preservation,12,4,8
Oldui,frostmourne,384,evoker,preservation,18,4,14
Epicdragon,sargeras,384,evoker,preservation,18,4,14
Upsdriver,dentarg,384,evoker,preservation,18,4,14
Scyyterr,azralon,384,evoker,preservation,18,4,14
Tidehunter,chogall,384,evoker,preservation,18,4,14
Pbaxo,tichondrius,384,evoker,preservation,18,4,14
Clawbear,kiljaeden,384,evoker,preservation,18,4,14
Jammstraza,skywall,384,evoker,preservation,18,4,14
Boomskinz,wyrmrest-accord,384,evoker,preservation,18,4,14
Alysraa,moon-guard,384,evoker,preservation,24,4,20
Drakthule,sargeras,384,evoker,preservation,24,4,20
Chachabish,eredar,384,evoker,preservation,24,4,20
Scalie,draktharon,383,evoker,preservation,10,5,5
Quesovoke,eldrethalas,383,evoker,preservation,12,4,8
Roukaevo,tichondrius,383,evoker,preservation,12,4,8
Dombi,moon-guard,383,evoker,preservation,12,4,8
Razhion,arathor,383,evoker,preservation,12,4,8
Bjarne,hyjal,383,evoker,preservation,18,4,14
Enlighteni,area-52,382,evoker,preservation,12,4,8
Dräkussy,bleeding-hollow,382,evoker,preservation,12,4,8
Bigtoots,illidan,382,evoker,preservation,12,4,8
Kyldarr,garithos,382,evoker,preservation,12,4,8
Uwuspit,tichondrius,382,evoker,preservation,12,4,8
Stroker,boulderfist,381,evoker,preservation,12,4,8
Vythendre,moon-guard,381,evoker,preservation,18,4,14
Extremess,quelthalas,380,evoker,preservation,12,4,8
Danatreseth,moon-guard,380,evoker,preservation,12,4,8
Galaxiz,bonechewer,377,evoker,preservation,18,4,14
Daddyrp,tichondrius,372,evoker,preservation,26,9,17
Nyxstrasza,moknathal,366,evoker,preservation,11,4,7
Snailor,eldrethalas,351,evoker,preservation,10,4,6
Pyrodextrin,wyrmrest-accord,351,evoker,preservation,11,4,7
Kazerath,nerzhul,351,evoker,preservation,23,4,19
Claudiad,ragnaros,347,evoker,preservation,33,4,29
Zathasar,tichondrius,333,evoker,preservation,28,4,24
Dragonleaves,sargeras,330,evoker,preservation,13,5,8
Corlys,thunderhorn,330,evoker,preservation,17,5,12
Zaraller,tichondrius,329,evoker,preservation,9,5,4
Jolynne,illidan,320,evoker,preservation,14,4,10
Ccms,area-52,319,evoker,preservation,5,4,1
Vlysage,dark-iron,319,evoker,preservation,5,4,1
Lantur,perenolde,319,evoker,preservation,16,4,12
Mordrake,tichondrius,318,evoker,preservation,25,4,21
Polyrhythmic,ysera,304,evoker,preservation,7,4,3
Geck,barthilas,288,evoker,preservation,6,3,3
Drakussy,wyrmrest-accord,288,evoker,preservation,6,3,3
Zenazen,sargeras,288,evoker,preservation,6,3,3
Petzarr,barthilas,288,evoker,preservation,6,3,3
Jokko,moon-guard,288,evoker,preservation,6,3,3
Bigtitsdrag,illidan,288,evoker,preservation,6,3,3
Iggyytv,area-52,288,evoker,preservation,6,3,3
Thayvoker,bleeding-hollow,288,evoker,preservation,6,3,3
Spyrä,moon-guard,288,evoker,preservation,6,3,3
Domormu,sargeras,288,evoker,preservation,6,3,3
Vokefuu,illidan,288,evoker,preservation,6,3,3
Setren,antonidas,288,evoker,preservation,6,3,3
Rangä,caelestrasz,288,evoker,preservation,6,3,3
Wasteddaily,illidan,288,evoker,preservation,6,3,3
Flapandclap,nerzhul,288,evoker,preservation,6,3,3
Trollhunterr,bleeding-hollow,288,evoker,preservation,6,3,3
Kirikox,proudmoore,288,evoker,preservation,6,3,3
Javoc,drakkari,288,evoker,preservation,6,3,3
Nezot,tol-barad,288,evoker,preservation,6,3,3
Redhorn,frostmourne,288,evoker,preservation,6,3,3
Dragonzballz,arthas,288,evoker,preservation,6,3,3
Drogôn,cairne,288,evoker,preservation,6,3,3
Thendetra,mannoroth,288,evoker,preservation,6,3,3
Flexlong,tichondrius,288,evoker,preservation,6,3,3
Gflops,tichondrius,288,evoker,preservation,6,3,3
Kñuj,illidan,288,evoker,preservation,6,3,3
Sigmanuz,tichondrius,288,evoker,preservation,6,3,3
Mozambiquee,tichondrius,288,evoker,preservation,6,3,3
Kranthyr,area-52,288,evoker,preservation,6,3,3
Lìthium,frostmourne,288,evoker,preservation,6,3,3
Raxdragon,sargeras,288,evoker,preservation,6,3,3
Dragonboots,area-52,288,evoker,preservation,6,3,3
Shalestrasz,proudmoore,288,evoker,preservation,6,3,3
Dracoon,madoran,288,evoker,preservation,6,3,3
Pufdaddy,stormreaver,288,evoker,preservation,6,3,3
Gvoker,nemesis,288,evoker,preservation,6,3,3
Dimpulse,zuljin,288,evoker,preservation,6,3,3
Zipzopitty,kelthuzad,288,evoker,preservation,6,3,3
Kreutzhauser,tichondrius,288,evoker,preservation,6,3,3
Vygrax,nerzhul,288,evoker,preservation,6,3,3
Greenskale,zuljin,288,evoker,preservation,6,3,3
Vermithos,zuljin,288,evoker,preservation,6,3,3
Drakush,tichondrius,288,evoker,preservation,6,3,3
Johnevoker,malganis,288,evoker,preservation,6,3,3
Gamehatesme,frostmourne,288,evoker,preservation,6,3,3
Dragonwagon,kelthuzad,288,evoker,preservation,6,3,3
Kèrby,frostmourne,288,evoker,preservation,6,3,3
Shalanoth,proudmoore,288,evoker,preservation,6,3,3
Bignai,agamaggan,288,evoker,preservation,6,3,3
Tournament,hakkar,288,evoker,preservation,6,3,3
Deathzor,burning-blade,288,evoker,preservation,6,3,3
Nòxx,tichondrius,288,evoker,preservation,6,3,3
Crackcook,frostmourne,288,evoker,preservation,6,3,3
Æg,zuljin,288,evoker,preservation,6,3,3
Powerfulman,drakthul,288,evoker,preservation,6,3,3
Predacious,draktharon,288,evoker,preservation,6,3,3
Hopefire,zuljin,288,evoker,preservation,6,3,3
Preserve,alexstrasza,288,evoker,preservation,6,3,3
Simplerules,zuljin,288,evoker,preservation,6,3,3
Chawp,tichondrius,288,evoker,preservation,6,3,3
Swagdriver,moon-guard,288,evoker,preservation,6,3,3
Skarsx,frostmourne,288,evoker,preservation,6,3,3
Daedrac,moon-guard,288,evoker,preservation,6,3,3
Garovoker,stormrage,288,evoker,preservation,6,3,3
Lorae,jubeithos,288,evoker,preservation,6,3,3
Dalechance,tichondrius,288,evoker,preservation,6,3,3
Knowragretz,tichondrius,288,evoker,preservation,6,3,3
Beelzeyob,illidan,288,evoker,preservation,6,3,3
Kheeleesi,illidan,288,evoker,preservation,6,3,3
Sÿpro,illidan,288,evoker,preservation,9,4,5
Phosphothel,moon-guard,288,evoker,preservation,12,3,9
Raegon,wyrmrest-accord,288,evoker,preservation,12,3,9
Tyrannicull,sargeras,288,evoker,preservation,12,3,9
Discussion,area-52,288,evoker,preservation,12,3,9
Discodiner,tichondrius,288,evoker,preservation,12,3,9
Stormdagger,proudmoore,288,evoker,preservation,12,3,9
Ryuzaki,zuluhed,288,evoker,preservation,12,3,9
Hausebat,moon-guard,288,evoker,preservation,12,3,9
Vandornomu,illidan,288,evoker,preservation,12,3,9
Drazongas,cenarius,288,evoker,preservation,12,3,9
Reflexd,malganis,288,evoker,preservation,12,3,9
Dwacawys,zuljin,288,evoker,preservation,12,3,9
Leshrac,shadowmoon,288,evoker,preservation,12,3,9
Memnochd,emerald-dream,288,evoker,preservation,12,3,9
Tefari,dalaran,288,evoker,preservation,12,3,9
Teldormu,drenden,288,evoker,preservation,12,3,9
Specscaly,hyjal,288,evoker,preservation,12,3,9
Cøømbuya,sargeras,288,evoker,preservation,12,3,9
Bigcawcaw,dalaran,288,evoker,preservation,12,3,9
Explosives,blades-edge,288,evoker,preservation,12,3,9
Dragonbabu,area-52,288,evoker,preservation,12,3,9
Drakthaer,tichondrius,288,evoker,preservation,12,3,9
Pèdro,moon-guard,288,evoker,preservation,12,3,9
Byzle,barthilas,288,evoker,preservation,12,3,9
Yuge,stonemaul,288,evoker,preservation,12,3,9
Fugginuhh,proudmoore,288,evoker,preservation,12,3,9
Hel,stormrage,288,evoker,preservation,12,3,9
Ahahaa,frostmourne,288,evoker,preservation,12,3,9
Cinistri,azshara,288,evoker,preservation,12,3,9
Jakburnon,stormrage,288,evoker,preservation,12,3,9
Wapowthion,blades-edge,288,evoker,preservation,18,3,15
Rogir,zuljin,288,evoker,preservation,18,3,15
Arkaan,malganis,288,evoker,preservation,18,3,15
Poatis,illidan,288,evoker,preservation,18,3,15
Tessaryonn,ragnaros,288,evoker,preservation,19,3,16
Rizzanomics,zuljin,287,evoker,preservation,8,4,4
Chimerazc,tichondrius,287,evoker,preservation,6,3,3
Rikui,quelthalas,287,evoker,preservation,6,3,3
Cumsly,kelthuzad,287,evoker,preservation,6,3,3
Killerdragon,darkspear,287,evoker,preservation,6,3,3
Drakier,kelthuzad,287,evoker,preservation,6,3,3
Adios,kelthuzad,287,evoker,preservation,6,3,3
Notvez,bleeding-hollow,287,evoker,preservation,6,3,3
Blueeyeswhit,nagrand,287,evoker,preservation,6,3,3
Supereragon,area-52,287,evoker,preservation,6,3,3
Retroo,dark-iron,287,evoker,preservation,6,3,3
Draktarion,ragnaros,287,evoker,preservation,12,3,9
Meekness,misha,287,evoker,preservation,12,3,9
Kalestrasza,nathrezim,287,evoker,preservation,13,3,10
Toothlesz,draka,287,evoker,preservation,18,3,15
Cyndera,windrunner,286,evoker,preservation,6,3,3
Kalistro,quelthalas,286,evoker,preservation,6,3,3
Dractherion,kiljaeden,285,evoker,preservation,18,3,15
Sodre,illidan,285,evoker,preservation,24,3,21
Draagoon,area-52,274,evoker,preservation,20,7,13
Gibvoke,icecrown,271,evoker,preservation,11,3,8
Blargan,area-52,271,evoker,preservation,17,3,14
Uskrait,tichondrius,255,evoker,preservation,14,4,10
Stíckyj,tichondrius,255,evoker,preservation,11,3,8
Caldragon,aerie-peak,255,evoker,preservation,11,3,8
Setash,kiljaeden,240,evoker,preservation,9,4,5
Slashprovoke,frostmourne,239,evoker,preservation,5,3,2
Saenys,ragnaros,234,evoker,preservation,16,4,12
Avastra,blackrock,233,evoker,preservation,9,5,4
Winghoof,kiljaeden,224,evoker,preservation,16,3,13
Chicknwingz,stormreaver,223,evoker,preservation,8,3,5
Zenetar,area-52,223,evoker,preservation,26,3,23
Combo,crushridge,192,evoker,preservation,4,3,1
Meerc,ragnaros,192,evoker,preservation,6,2,4
Ignicion,quelthalas,192,evoker,preservation,6,2,4
Wse,illidan,192,evoker,preservation,6,2,4
Uwukur,frostmourne,192,evoker,preservation,6,2,4
Ewoked,tichondrius,192,evoker,preservation,6,2,4
Shortdargon,zuljin,192,evoker,preservation,6,2,4
Topg,boulderfist,192,evoker,preservation,6,2,4
Drugdoer,illidan,192,evoker,preservation,6,2,4
Devokèr,tichondrius,192,evoker,preservation,6,2,4
Flappyboy,bleeding-hollow,192,evoker,preservation,6,2,4
Hochelaga,arthas,192,evoker,preservation,6,2,4
Blazor,sisters-of-elune,192,evoker,preservation,6,2,4
Racovoker,zuljin,192,evoker,preservation,6,2,4
Doomroo,malganis,192,evoker,preservation,6,2,4
Durnehviir,shadow-council,192,evoker,preservation,6,2,4
Tiyeal,thrall,192,evoker,preservation,6,2,4
Evokeyabtch,malganis,192,evoker,preservation,6,2,4
Arcrelion,thrall,192,evoker,preservation,6,2,4
Jevon,zuljin,192,evoker,preservation,6,2,4
Lexazule,bleeding-hollow,192,evoker,preservation,6,2,4
Dravonus,illidan,192,evoker,preservation,6,2,4
Nil,malganis,192,evoker,preservation,6,2,4
Todorokî,frostmourne,192,evoker,preservation,6,2,4
Kalrid,sargeras,192,evoker,preservation,6,2,4
Blazé,whisperwind,192,evoker,preservation,6,2,4
Daemon,terokkar,192,evoker,preservation,6,2,4
Muppetgronk,frostmourne,192,evoker,preservation,6,2,4
Phara,turalyon,192,evoker,preservation,6,2,4
Bloodydragon,firetree,192,evoker,preservation,6,2,4
Kieragosa,sargeras,192,evoker,preservation,6,2,4
Smilodon,kelthuzad,192,evoker,preservation,6,2,4
Draccarys,eldrethalas,192,evoker,preservation,6,2,4
Ownyxia,area-52,192,evoker,preservation,6,2,4
Ashgaar,sargeras,192,evoker,preservation,6,2,4
Eggvoker,area-52,192,evoker,preservation,6,2,4
Wonyoungx,frostmourne,192,evoker,preservation,6,2,4
Draconiss,bonechewer,192,evoker,preservation,6,2,4
Ardu,frostmourne,192,evoker,preservation,6,2,4
Zindrath,emerald-dream,192,evoker,preservation,6,2,4
Xenker,barthilas,192,evoker,preservation,6,2,4
Nonjer,tichondrius,192,evoker,preservation,6,2,4
Echosapián,stormrage,192,evoker,preservation,6,2,4
Syfen,burning-blade,192,evoker,preservation,6,2,4
Åñçhör,stormrage,192,evoker,preservation,6,2,4
Ricopin,tichondrius,192,evoker,preservation,6,2,4
Toesniffler,area-52,192,evoker,preservation,6,2,4
Stickvoker,sargeras,192,evoker,preservation,6,2,4
Lëåf,area-52,192,evoker,preservation,6,2,4
Tóòthless,senjin,192,evoker,preservation,6,2,4
Drogon,guldan,192,evoker,preservation,6,2,4
Dscim,zuljin,192,evoker,preservation,6,2,4
Drapary,dathremar,192,evoker,preservation,6,2,4
Jessefurr,undermine,192,evoker,preservation,6,2,4
Nite,lothar,192,evoker,preservation,6,2,4
Melchior,suramar,192,evoker,preservation,6,2,4
Exiztx,tichondrius,192,evoker,preservation,6,2,4
Parachutes,kelthuzad,192,evoker,preservation,6,2,4
Johka,tichondrius,192,evoker,preservation,6,2,4
Invdkill,azralon,192,evoker,preservation,6,2,4
Froky,stormrage,192,evoker,preservation,6,2,4
Sketchybum,tichondrius,192,evoker,preservation,6,2,4
Terramár,wyrmrest-accord,192,evoker,preservation,6,2,4
Custipiu,azralon,192,evoker,preservation,6,2,4
Drakhaz,azralon,192,evoker,preservation,6,2,4
Draco,tichondrius,192,evoker,preservation,12,2,10
Moop,spinebreaker,192,evoker,preservation,12,2,10
Nøøvè,area-52,192,evoker,preservation,12,2,10
Tightp,malganis,192,evoker,preservation,12,2,10
Drakthyrmonk,hyjal,192,evoker,preservation,12,2,10
Toyatoki,stormrage,192,evoker,preservation,12,2,10
Archoni,kelthuzad,192,evoker,preservation,12,2,10
Zeralera,stormrage,192,evoker,preservation,12,2,10
Huanglong,sargeras,192,evoker,preservation,12,2,10
Shellybelly,shadowmoon,192,evoker,preservation,12,2,10
Minikoaall,illidan,192,evoker,preservation,12,2,10
Ceraxxes,tichondrius,192,evoker,preservation,12,2,10
Turbo,mugthol,192,evoker,preservation,12,2,10
Luxxa,bloodhoof,192,evoker,preservation,12,2,10
Raphd,sargeras,192,evoker,preservation,12,2,10
Contractor,emerald-dream,192,evoker,preservation,12,2,10
Broxdolfo,stormrage,192,evoker,preservation,12,2,10
Stewvoker,wyrmrest-accord,192,evoker,preservation,12,2,10
Olawd,azshara,192,evoker,preservation,12,2,10
Kakäshï,tichondrius,192,evoker,preservation,12,2,10
Olesmokey,tichondrius,192,evoker,preservation,12,2,10
Vritara,tichondrius,192,evoker,preservation,12,2,10
Timecøp,zuljin,192,evoker,preservation,12,2,10
Dracthylian,ragnaros,192,evoker,preservation,13,2,11
Drachenatem,skywall,192,evoker,preservation,15,2,13
Shoryuki,ragnaros,192,evoker,preservation,18,2,16
Dracoron,quelthalas,192,evoker,preservation,18,2,16
Dadydafather,sargeras,192,evoker,preservation,24,2,22
Spyrð,emerald-dream,191,evoker,preservation,6,2,4
Lacost,area-52,191,evoker,preservation,6,2,4
Valethal,ragnaros,191,evoker,preservation,6,2,4
Beanflickher,tichondrius,191,evoker,preservation,12,2,10
Shadowyasuke,area-52,191,evoker,preservation,12,2,10
Shtableboy,illidan,191,evoker,preservation,12,2,10
Annazara,stormrage,186,evoker,preservation,14,4,10
Evooern,frostmourne,175,evoker,preservation,11,2,9
Ammar,drakkari,174,evoker,preservation,11,2,9
Solekstraza,stormrage,160,evoker,preservation,10,3,7
Pandasmoketv,proudmoore,159,evoker,preservation,5,2,3
Dractariz,ragnaros,159,evoker,preservation,5,2,3
Gigaiguana,quelthalas,159,evoker,preservation,8,3,5
Teanie,tichondrius,159,evoker,preservation,11,2,9
Jetthryx,emerald-dream,159,evoker,preservation,11,2,9
Krisushu,kelthuzad,159,evoker,preservation,17,2,15
Shíkyo,stormrage,138,evoker,preservation,20,3,17
Teenisenvy,laughing-skull,138,evoker,preservation,26,3,23
Clapzyrbgs,stormrage,105,evoker,preservation,13,3,10
Dragoondeez,bleeding-hollow,96,evoker,preservation,3,2,1
Hutterbut,malganis,96,evoker,preservation,3,2,1
Catvoker,area-52,96,evoker,preservation,6,1,5
Atreign,blackwing-lair,96,evoker,preservation,6,1,5
Nekrovoker,area-52,96,evoker,preservation,6,1,5
Ashafi,area-52,96,evoker,preservation,6,1,5
Yetidragon,the-venture-co,96,evoker,preservation,6,1,5
Azurflame,tichondrius,96,evoker,preservation,6,1,5
Khaosdragona,proudmoore,96,evoker,preservation,6,1,5
Rdrako,emerald-dream,96,evoker,preservation,6,1,5
Justyn,dathremar,96,evoker,preservation,6,1,5
Eralfa,sargeras,96,evoker,preservation,6,1,5
Nändy,tichondrius,96,evoker,preservation,6,1,5
Cashmoneyap,sargeras,96,evoker,preservation,6,1,5
Imaginedees,sargeras,96,evoker,preservation,6,1,5
Gamerwords,barthilas,96,evoker,preservation,6,1,5
Tyson,frostmane,96,evoker,preservation,6,1,5
Ohmylanta,stormrage,96,evoker,preservation,6,1,5
Ripdumpster,bonechewer,96,evoker,preservation,6,1,5
Brokenscale,malganis,96,evoker,preservation,6,1,5
Omars,sargeras,96,evoker,preservation,6,1,5
Banjee,hellscream,96,evoker,preservation,6,1,5
Drea,alleria,96,evoker,preservation,6,1,5
Yorts,frostmane,96,evoker,preservation,6,1,5
Caelïn,malganis,96,evoker,preservation,6,1,5
Daddymike,thrall,96,evoker,preservation,6,1,5
Mookthyr,area-52,96,evoker,preservation,6,1,5
Aflyguy,malganis,96,evoker,preservation,6,1,5
Neroker,malganis,96,evoker,preservation,6,1,5
Tobee,stormrage,96,evoker,preservation,6,1,5
Kevoker,thrall,96,evoker,preservation,6,1,5
Hardstuckirl,tichondrius,96,evoker,preservation,6,1,5
Simarity,thrall,96,evoker,preservation,6,1,5
Evezra,illidan,96,evoker,preservation,6,1,5
Seronus,moon-guard,96,evoker,preservation,6,1,5
Kazerica,illidan,96,evoker,preservation,6,1,5
Girthgotti,illidan,96,evoker,preservation,6,1,5
Chrisbenoitx,illidan,96,evoker,preservation,6,1,5
Ðräco,quelthalas,96,evoker,preservation,6,1,5
Falzar,illidan,96,evoker,preservation,6,1,5
Viverion,dalaran,96,evoker,preservation,6,1,5
Bluedream,kiljaeden,96,evoker,preservation,6,1,5
Dragostephen,nazjatar,96,evoker,preservation,6,1,5
Acvoker,tichondrius,96,evoker,preservation,6,1,5
Dragnips,bleeding-hollow,96,evoker,preservation,6,1,5
Grimreefer,thrall,96,evoker,preservation,6,1,5
Yousurper,thunderlord,96,evoker,preservation,6,1,5
Tempes,zuljin,96,evoker,preservation,6,1,5
Patrdorasz,zuljin,96,evoker,preservation,6,1,5
Ðrogõ,ragnaros,96,evoker,preservation,6,1,5
Nivekk,zuljin,96,evoker,preservation,6,1,5
Talleraz,zuljin,96,evoker,preservation,6,1,5
Etereosthel,ragnaros,96,evoker,preservation,6,1,5
Xampusaurio,ragnaros,96,evoker,preservation,6,1,5
Varandir,frostmane,96,evoker,preservation,6,1,5
Henryvoker,moknathal,96,evoker,preservation,6,1,5
Daymanx,zuljin,96,evoker,preservation,6,1,5
Sobuker,wyrmrest-accord,96,evoker,preservation,6,1,5
Rekkcah,bloodscalp,96,evoker,preservation,6,1,5
Daraz,tichondrius,96,evoker,preservation,6,1,5
Vvhip,tichondrius,96,evoker,preservation,6,1,5
Narraell,tichondrius,96,evoker,preservation,6,1,5
Spyroh,crushridge,96,evoker,preservation,6,1,5
Ambium,dunemaul,96,evoker,preservation,6,1,5
Rojothyr,tichondrius,96,evoker,preservation,6,1,5
Tasdarallar,frostmourne,96,evoker,preservation,6,1,5
Pyrepeanut,tichondrius,96,evoker,preservation,6,1,5
Aguacolypso,tichondrius,96,evoker,preservation,6,1,5
Sashvoker,illidan,96,evoker,preservation,12,1,11
Nelphemuer,wyrmrest-accord,96,evoker,preservation,12,1,11
Eragon,feathermoon,96,evoker,preservation,12,1,11
Seamanstorm,area-52,96,evoker,preservation,12,1,11
Khorvin,proudmoore,96,evoker,preservation,12,1,11
Jeeyell,malganis,96,evoker,preservation,12,1,11
Alkden,azralon,96,evoker,preservation,12,1,11
Morkite,moon-guard,96,evoker,preservation,12,1,11
Shimshine,destromath,96,evoker,preservation,12,1,11
Rhale,whisperwind,96,evoker,preservation,12,1,11
Derath,maelstrom,96,evoker,preservation,12,1,11
Dakotakek,illidan,96,evoker,preservation,12,1,11
Kâïn,tichondrius,95,evoker,preservation,24,1,23
Dragontamz,the-forgotten-coast,89,evoker,preservation,8,3,5
Yujirohanma,khazgoroth,84,evoker,preservation,15,4,11
Blowmiê,area-52,79,evoker,preservation,5,1,4
Beeguy,blackhand,48,evoker,preservation,3,1,2
Kozarat,ragnaros,42,evoker,preservation,9,2,7
Preserveluke,moon-guard,42,evoker,preservation,10,2,8
Dragcules,thrall,42,evoker,preservation,11,2,9
Zagze,stormrage,42,evoker,preservation,15,2,13
Tenyeen,moonrunner,31,evoker,preservation,2,1,1
Ralikus,sargeras,16,evoker,preservation,1,1,0
Sëverus,moon-guard,9,evoker,preservation,8,5,3
Chun,malganis,2349,evoker,devastation,114,66,48
Caedalade,tichondrius,2252,evoker,devastation,129,76,53
Nikthevoker,area-52,2246,evoker,devastation,276,143,133
Ocdgamer,malganis,2241,evoker,devastation,161,82,79
Whilefalse,stormrage,2238,evoker,devastation,107,56,51
Nikthevoker,tichondrius,2212,evoker,devastation,260,138,122
Shamblewing,arthas,2199,evoker,devastation,119,63,56
Caedalade,proudmoore,2168,evoker,devastation,670,337,333
Crappysmellz,tichondrius,2157,evoker,devastation,85,48,37
Evokemedaddy,bleeding-hollow,2145,evoker,devastation,197,107,90
Dametra,proudmoore,2138,evoker,devastation,208,114,94
Hoverhenry,illidan,2131,evoker,devastation,90,51,39
Lizzimcguire,zuljin,2118,evoker,devastation,90,60,30
Dracob,sargeras,2108,evoker,devastation,80,46,34
Kinndyvoker,sargeras,2082,evoker,devastation,107,54,53
Somyr,area-52,2075,evoker,devastation,230,121,109
Artemad,moon-guard,2074,evoker,devastation,210,115,95
Jwoker,malganis,2053,evoker,devastation,95,51,44
Eastwubz,norgannon,2008,evoker,devastation,280,145,135
Frequentlee,illidan,2000,evoker,devastation,84,48,36
Mtndewboy,illidan,1999,evoker,devastation,156,87,69
Frequevoker,tichondrius,1992,evoker,devastation,71,32,39
Platypus,tichondrius,1988,evoker,devastation,59,34,25
Breathalizer,sargeras,1988,evoker,devastation,213,112,101
Juicyjom,staghelm,1984,evoker,devastation,78,42,36
Hutaothighs,illidan,1978,evoker,devastation,141,74,67
Fizzlevoker,malganis,1956,evoker,devastation,100,52,48
Teritwo,stormrage,1954,evoker,devastation,63,30,33
Strepo,proudmoore,1953,evoker,devastation,84,45,39
Pykan,skullcrusher,1950,evoker,devastation,65,34,31
Katadrak,area-52,1949,evoker,devastation,66,37,29
Wazgon,emerald-dream,1945,evoker,devastation,290,142,148
Azradormu,zuljin,1943,evoker,devastation,306,151,155
Rizzlordx,bleeding-hollow,1942,evoker,devastation,102,53,49
Draxarys,area-52,1941,evoker,devastation,340,176,164
Koalaman,area-52,1936,evoker,devastation,473,242,231
Geicovoker,tichondrius,1931,evoker,devastation,70,37,33
Dzrn,moon-guard,1922,evoker,devastation,144,72,72
Mushugon,wyrmrest-accord,1908,evoker,devastation,95,59,36
Arzaria,stormrage,1908,evoker,devastation,170,94,76
Brendormu,moon-guard,1904,evoker,devastation,98,55,43
Venarys,dalaran,1903,evoker,devastation,54,36,18
Peef,tichondrius,1902,evoker,devastation,48,27,21
Seldantria,dalaran,1899,evoker,devastation,83,43,40
Komodolong,tichondrius,1896,evoker,devastation,59,30,29
Trogdør,illidan,1896,evoker,devastation,308,154,154
Gwaelii,tichondrius,1894,evoker,devastation,141,83,58
Ayavi,illidan,1890,evoker,devastation,96,61,35
Idrinkurine,tichondrius,1886,evoker,devastation,66,36,30
Draxarys,tichondrius,1885,evoker,devastation,518,258,260
Tërminus,quelthalas,1879,evoker,devastation,30,20,10
Coltist,elune,1879,evoker,devastation,78,48,30
Gôdzevoker,area-52,1879,evoker,devastation,129,73,56
Schmitty,hellscream,1877,evoker,devastation,68,38,30
Tatsurai,tichondrius,1874,evoker,devastation,49,28,21
Rõÿ,area-52,1872,evoker,devastation,66,36,30
Puf,magtheridon,1870,evoker,devastation,725,376,349
Azazél,borean-tundra,1868,evoker,devastation,257,136,121
Drogu,kelthuzad,1865,evoker,devastation,226,113,113
Dobbieslide,barthilas,1863,evoker,devastation,36,24,12
Thrawn,arygos,1855,evoker,devastation,65,40,25
Augment,alexstrasza,1852,evoker,devastation,50,28,22
Royquaza,illidan,1850,evoker,devastation,60,33,27
Cowboyydann,malganis,1848,evoker,devastation,71,41,30
Rescued,wyrmrest-accord,1848,evoker,devastation,54,31,23
Dracaryz,blackhand,1847,evoker,devastation,65,38,27
Fores,tichondrius,1845,evoker,devastation,127,65,62
Eshen,ragnaros,1843,evoker,devastation,298,158,140
Yrue,moon-guard,1843,evoker,devastation,72,37,35
Zindraco,thrall,1842,evoker,devastation,74,40,34
Whinks,zangarmarsh,1842,evoker,devastation,84,45,39
Milkymike,uldum,1839,evoker,devastation,78,48,30
Lemigosa,moon-guard,1839,evoker,devastation,53,29,24
Laneva,moon-guard,1836,evoker,devastation,152,98,54
Plep,wyrmrest-accord,1836,evoker,devastation,51,30,21
Ethalem,thrall,1836,evoker,devastation,554,290,264
Molono,tichondrius,1834,evoker,devastation,57,35,22
Angelicism,area-52,1834,evoker,devastation,52,31,21
Nørbert,frostmourne,1834,evoker,devastation,84,46,38
Zoomi,whisperwind,1830,evoker,devastation,41,23,18
Yakkin,kelthuzad,1829,evoker,devastation,165,94,71
Drgua,tichondrius,1829,evoker,devastation,117,61,56
Gridskully,quelthalas,1827,evoker,devastation,156,76,80
Raxdragon,sargeras,1826,evoker,devastation,36,22,14
Dracthael,stormrage,1825,evoker,devastation,134,76,58
Drakori,azralon,1823,evoker,devastation,115,67,48
Krúnsh,ragnaros,1823,evoker,devastation,191,104,87
Silumgarr,thrall,1822,evoker,devastation,68,35,33
Saryuja,thunderhorn,1820,evoker,devastation,124,68,56
Mlboa,frostmourne,1820,evoker,devastation,162,86,76
Beatdownbill,sargeras,1820,evoker,devastation,200,104,96
Dracomalfoyy,caelestrasz,1819,evoker,devastation,51,31,20
Kozmoker,gnomeregan,1819,evoker,devastation,42,24,18
Azvanced,sargeras,1818,evoker,devastation,48,31,17
Anachronormu,mannoroth,1818,evoker,devastation,251,130,121
Rothvoker,tichondrius,1818,evoker,devastation,168,85,83
Kyloflight,thrall,1817,evoker,devastation,50,33,17
Æthyr,anubarak,1816,evoker,devastation,54,33,21
Lacadabeef,tichondrius,1814,evoker,devastation,47,29,18
Wheezee,emerald-dream,1814,evoker,devastation,99,50,49
Konne,tichondrius,1813,evoker,devastation,48,30,18
Courtvoke,turalyon,1813,evoker,devastation,94,57,37
Teriarch,stormrage,1813,evoker,devastation,39,23,16
Caelïn,malganis,1812,evoker,devastation,244,133,111
Zlyrax,moon-guard,1812,evoker,devastation,83,44,39
Gojirastraza,stormrage,1810,evoker,devastation,53,32,21
Drøgon,sargeras,1810,evoker,devastation,89,49,40
Bhanethyr,illidan,1810,evoker,devastation,66,28,38
Tagzy,tichondrius,1809,evoker,devastation,159,95,64
Ragedizzle,twisting-nether,1808,evoker,devastation,91,49,42
Mil,lightnings-blade,1808,evoker,devastation,69,37,32
Oldxdrake,sargeras,1808,evoker,devastation,204,105,99
Recursion,dragonmaw,1806,evoker,devastation,181,100,81
Blackdragôn,stormrage,1806,evoker,devastation,67,36,31
Kazooie,zuljin,1806,evoker,devastation,83,43,40
Tazriak,tichondrius,1804,evoker,devastation,101,61,40
Goongdi,tichondrius,1802,evoker,devastation,49,30,19
Haramcad,tichondrius,1802,evoker,devastation,233,128,105
Arkeryte,moon-guard,1802,evoker,devastation,220,116,104
Thordak,drakkari,1801,evoker,devastation,72,40,32
Zerket,ragnaros,1801,evoker,devastation,60,33,27
Fractalz,alterac-mountains,1800,evoker,devastation,169,92,77
Izzythelizzy,tichondrius,1792,evoker,devastation,212,116,96
Jarregos,dalaran,1790,evoker,devastation,49,31,18
Lukamagik,boulderfist,1790,evoker,devastation,102,52,50
Evokes,moon-guard,1790,evoker,devastation,92,46,46
Bugberry,illidan,1784,evoker,devastation,102,51,51
Swolegarian,emerald-dream,1783,evoker,devastation,119,64,55
Derite,bonechewer,1778,evoker,devastation,58,40,18
Ilovepolpot,tichondrius,1776,evoker,devastation,36,24,12
Tjofscales,stormrage,1769,evoker,devastation,71,33,38
Meltharian,frostmourne,1766,evoker,devastation,180,91,89
Rial,frostmourne,1762,evoker,devastation,60,34,26
Ragtharion,tichondrius,1756,evoker,devastation,48,20,28
Draislyn,cenarion-circle,1755,evoker,devastation,72,44,28
Dilon,area-52,1747,evoker,devastation,114,62,52
Vhagarius,tichondrius,1746,evoker,devastation,118,61,57
Emiriss,thrall,1744,evoker,devastation,88,45,43
Bigdrag,blackhand,1743,evoker,devastation,293,146,147
Yulontoucher,tichondrius,1742,evoker,devastation,76,52,24
Lardicønn,thrall,1742,evoker,devastation,44,26,18
Dzdv,stormrage,1738,evoker,devastation,42,25,17
Blowmiê,area-52,1735,evoker,devastation,194,103,91
Theredmenace,barthilas,1734,evoker,devastation,41,26,15
Stickvoker,sargeras,1733,evoker,devastation,66,40,26
Xuendragon,tichondrius,1732,evoker,devastation,70,37,33
Obsidianimp,sargeras,1732,evoker,devastation,72,31,41
Flippyflappy,zuljin,1731,evoker,devastation,51,31,20
Balrôg,malganis,1729,evoker,devastation,131,65,66
Taylordra,tichondrius,1728,evoker,devastation,105,51,54
Zenasatral,sargeras,1726,evoker,devastation,37,27,10
Cløud,hellscream,1724,evoker,devastation,30,21,9
Seranis,sargeras,1724,evoker,devastation,54,24,30
Mmrglmrglmr,stormrage,1723,evoker,devastation,137,77,60
Quadude,illidan,1723,evoker,devastation,245,115,130
Axiomoixa,tichondrius,1722,evoker,devastation,42,23,19
Alekoslol,area-52,1722,evoker,devastation,64,35,29
Airgordan,area-52,1720,evoker,devastation,119,54,65
Nazaral,mannoroth,1718,evoker,devastation,126,67,59
Golden,area-52,1717,evoker,devastation,64,31,33
Nunez,frostmourne,1713,evoker,devastation,41,22,19
Panicnodisco,zuljin,1713,evoker,devastation,71,36,35
Hlnv,aegwynn,1712,evoker,devastation,124,70,54
Emopidgey,dalaran,1711,evoker,devastation,54,30,24
Bucket,wyrmrest-accord,1708,evoker,devastation,54,27,27
Mcglizzy,stormrage,1707,evoker,devastation,185,97,88
Oracle,duskwood,1706,evoker,devastation,39,21,18
Nið,moon-guard,1705,evoker,devastation,58,28,30
Potfase,tichondrius,1703,evoker,devastation,151,77,74
Iamluck,kiljaeden,1701,evoker,devastation,58,30,28
Millagosa,stormrage,1700,evoker,devastation,120,62,58
Xxkimura,tichondrius,1698,evoker,devastation,376,190,186
Quickshootin,tichondrius,1697,evoker,devastation,168,83,85
Dragnmÿballs,blackrock,1696,evoker,devastation,78,48,30
Zenithria,thrall,1696,evoker,devastation,208,109,99
Jase,gilneas,1691,evoker,devastation,74,45,29
Flapples,stormrage,1690,evoker,devastation,126,66,60
Srb,chogall,1690,evoker,devastation,125,64,61
Spyrodadrago,malganis,1689,evoker,devastation,93,51,42
Krashbandico,zangarmarsh,1688,evoker,devastation,71,33,38
Puffthemagic,lightnings-blade,1687,evoker,devastation,53,27,26
Qbgosa,malganis,1686,evoker,devastation,48,27,21
Borpia,malganis,1686,evoker,devastation,48,26,22
Djvoker,zuljin,1684,evoker,devastation,92,47,45
Evokez,barthilas,1682,evoker,devastation,64,41,23
Dragonborn,malganis,1681,evoker,devastation,62,33,29
Juicylizard,moon-guard,1681,evoker,devastation,292,146,146
Skazz,emerald-dream,1680,evoker,devastation,36,23,13
Darkwingz,icecrown,1680,evoker,devastation,44,25,19
Betasoldier,kelthuzad,1680,evoker,devastation,113,64,49
Kaldesun,ragnaros,1680,evoker,devastation,54,28,26
Xhamon,quelthalas,1679,evoker,devastation,288,143,145
Dovàhkin,moon-guard,1678,evoker,devastation,100,53,47
Dragoness,azralon,1678,evoker,devastation,215,113,102
Catvoker,area-52,1678,evoker,devastation,114,58,56
Hochenblume,proudmoore,1677,evoker,devastation,95,51,44
Altri,lightnings-blade,1675,evoker,devastation,65,43,22
Koralia,wyrmrest-accord,1673,evoker,devastation,59,31,28
Kozukimomo,area-52,1672,evoker,devastation,137,71,66
Averithel,moon-guard,1671,evoker,devastation,41,27,14
Garlicbreth,stormrage,1671,evoker,devastation,76,40,36
Dreathyr,muradin,1669,evoker,devastation,66,34,32
Jòrmungandr,moon-guard,1667,evoker,devastation,104,50,54
Devokerx,emerald-dream,1666,evoker,devastation,72,35,37
Kinto,stormrage,1665,evoker,devastation,60,27,33
Lizardik,lightnings-blade,1664,evoker,devastation,74,43,31
Drakein,zuljin,1664,evoker,devastation,73,34,39
Hmong,proudmoore,1664,evoker,devastation,84,37,47
Breathkillsu,emerald-dream,1663,evoker,devastation,107,54,53
Ackreshanaz,nagrand,1659,evoker,devastation,48,22,26
Emperör,quelthalas,1659,evoker,devastation,48,22,26
Vizora,moon-guard,1658,evoker,devastation,236,123,113
Embarasi,moon-guard,1656,evoker,devastation,84,50,34
Galakrønd,illidan,1656,evoker,devastation,223,118,105
Scaleychad,zuljin,1656,evoker,devastation,65,31,34
Whethersmell,tichondrius,1655,evoker,devastation,93,55,38
Bumbaclot,illidan,1653,evoker,devastation,43,24,19
Sådge,frostmourne,1652,evoker,devastation,42,22,20
Steveaoker,frostmourne,1650,evoker,devastation,88,50,38
Wingdeadly,tichondrius,1650,evoker,devastation,66,35,31
Raller,malganis,1649,evoker,devastation,30,18,12
Nykhel,tichondrius,1648,evoker,devastation,42,21,21
Deralan,khaz-modan,1645,evoker,devastation,36,20,16
Psynister,illidan,1644,evoker,devastation,168,76,92
Topg,boulderfist,1643,evoker,devastation,86,51,35
Talent,deathwing,1643,evoker,devastation,36,20,16
Erizcdraa,tichondrius,1642,evoker,devastation,46,26,20
Ruination,lightnings-blade,1641,evoker,devastation,54,31,23
Aentharion,argent-dawn,1641,evoker,devastation,65,33,32
Epollyon,sargeras,1639,evoker,devastation,54,31,23
Soory,coilfang,1639,evoker,devastation,82,46,36
Nethenezoth,auchindoun,1638,evoker,devastation,60,31,29
Dunkinonem,black-dragonflight,1637,evoker,devastation,60,39,21
Draidor,frostmourne,1637,evoker,devastation,48,24,24
Shalander,proudmoore,1636,evoker,devastation,165,89,76
Dractheseus,tichondrius,1633,evoker,devastation,42,23,19
Gangbânk,tichondrius,1633,evoker,devastation,134,68,66
Koralia,moon-guard,1633,evoker,devastation,48,19,29
Cmiygl,proudmoore,1632,evoker,devastation,42,24,18
Spyro,ravencrest,1632,evoker,devastation,60,34,26
Likelydevo,tichondrius,1631,evoker,devastation,36,26,10
Nändy,tichondrius,1630,evoker,devastation,54,29,25
Richflex,boulderfist,1630,evoker,devastation,159,77,82
Basiliskgodx,tichondrius,1629,evoker,devastation,48,26,22
Bryiona,proudmoore,1629,evoker,devastation,178,91,87
Bellerion,proudmoore,1628,evoker,devastation,80,45,35
Burnyxia,zuljin,1628,evoker,devastation,48,23,25
Naverdr,tichondrius,1626,evoker,devastation,107,57,50
Rizzanomics,zuljin,1626,evoker,devastation,76,32,44
Kalisee,skullcrusher,1625,evoker,devastation,145,78,67
Shoestrings,tichondrius,1625,evoker,devastation,138,64,74
Rá,drenden,1625,evoker,devastation,114,48,66
Mindme,tichondrius,1624,evoker,devastation,59,32,27
Drayongari,tichondrius,1624,evoker,devastation,112,60,52
Dragocser,drakkari,1621,evoker,devastation,72,40,32
Envisioned,kelthuzad,1621,evoker,devastation,42,22,20
Zona,moon-guard,1621,evoker,devastation,94,47,47
Rhÿu,quelthalas,1619,evoker,devastation,155,84,71
Drflame,quelthalas,1618,evoker,devastation,95,57,38
Slyinx,area-52,1616,evoker,devastation,84,43,41
Latria,malganis,1616,evoker,devastation,42,21,21
Ðeepßreath,sargeras,1616,evoker,devastation,102,50,52
Eshaybruh,barthilas,1615,evoker,devastation,46,26,20
Toastragosa,cenarius,1615,evoker,devastation,175,86,89
Lïzzy,tichondrius,1614,evoker,devastation,34,23,11
Dragonhyde,stormrage,1614,evoker,devastation,72,48,24
Eternabeam,gilneas,1614,evoker,devastation,89,45,44
Smoochies,emerald-dream,1614,evoker,devastation,72,36,36
Zyzzy,icecrown,1613,evoker,devastation,80,48,32
Endoveire,tichondrius,1613,evoker,devastation,54,23,31
Âvalon,zuljin,1611,evoker,devastation,24,17,7
Mcflý,sargeras,1611,evoker,devastation,131,76,55
Chinesedragn,tichondrius,1611,evoker,devastation,142,78,64
Zhannecgos,moon-guard,1611,evoker,devastation,46,20,26
Riz,blackhand,1610,evoker,devastation,75,48,27
Snout,stormrage,1610,evoker,devastation,142,74,68
Madjeckyl,dalaran,1610,evoker,devastation,62,27,35
Youdig,nazjatar,1608,evoker,devastation,42,24,18
Onysable,stormrage,1608,evoker,devastation,42,21,21
Børedom,burning-legion,1607,evoker,devastation,60,39,21
Akajills,tichondrius,1607,evoker,devastation,124,70,54
Rengöku,skullcrusher,1607,evoker,devastation,96,48,48
Judra,barthilas,1606,evoker,devastation,36,22,14
Valentis,bleeding-hollow,1606,evoker,devastation,149,85,64
Ycnpass,tichondrius,1606,evoker,devastation,159,79,80
Kozara,trollbane,1605,evoker,devastation,47,24,23
Moreleth,stormrage,1604,evoker,devastation,60,30,30
Wangfly,area-52,1604,evoker,devastation,48,24,24
Tealetaz,area-52,1603,evoker,devastation,86,54,32
Dubskis,area-52,1603,evoker,devastation,122,63,59
Jereico,stonemaul,1603,evoker,devastation,78,39,39
Cottoncandy,stormrage,1603,evoker,devastation,314,155,159
Bigdvoker,jubeithos,1603,evoker,devastation,41,20,21
Bently,bloodhoof,1603,evoker,devastation,48,21,27
Zlandicaar,area-52,1602,evoker,devastation,146,81,65
Rïvé,tichondrius,1602,evoker,devastation,68,32,36
Marccuss,bleeding-hollow,1601,evoker,devastation,24,17,7
Ryuback,sargeras,1601,evoker,devastation,42,26,16
Brokenscales,nerzhul,1601,evoker,devastation,97,58,39
Spicyrooster,area-52,1601,evoker,devastation,44,24,20
Quadarius,tichondrius,1601,evoker,devastation,204,109,95
Grapthar,korgath,1600,evoker,devastation,177,97,80
Dragontales,stormrage,1600,evoker,devastation,149,81,68
Baigels,thrall,1600,evoker,devastation,78,41,37
Razistzegrlz,illidan,1597,evoker,devastation,54,22,32
Pewnee,eonar,1595,evoker,devastation,143,70,73
Dooklord,shuhalo,1595,evoker,devastation,242,112,130
Voithyr,moon-guard,1594,evoker,devastation,218,115,103
Imugee,sargeras,1594,evoker,devastation,66,33,33
Mfquietus,illidan,1591,evoker,devastation,88,49,39
Batwig,area-52,1590,evoker,devastation,71,39,32
Drussyboy,illidan,1589,evoker,devastation,106,58,48
Eszel,thunderlord,1588,evoker,devastation,237,122,115
Dragonbic,illidan,1588,evoker,devastation,104,53,51
Djvokey,area-52,1587,evoker,devastation,54,28,26
Zeranthal,moon-guard,1586,evoker,devastation,38,22,16
Shortdargon,zuljin,1586,evoker,devastation,66,33,33
Devilmanguy,bonechewer,1585,evoker,devastation,102,51,51
Terraxkhan,quelthalas,1585,evoker,devastation,66,29,37
Mayhemvoker,rexxar,1584,evoker,devastation,60,35,25
Pewpowdragon,malganis,1581,evoker,devastation,46,26,20
Lorb,icecrown,1581,evoker,devastation,185,100,85
Algonir,wyrmrest-accord,1579,evoker,devastation,48,26,22
Rotscale,proudmoore,1578,evoker,devastation,76,39,37
Sofyon,dalaran,1577,evoker,devastation,82,39,43
Subject,kelthuzad,1576,evoker,devastation,70,38,32
Blaxasaurus,stormscale,1576,evoker,devastation,54,29,25
Zandrov,greymane,1575,evoker,devastation,101,56,45
Bombs,shattered-hand,1575,evoker,devastation,216,111,105
Zosormu,tichondrius,1573,evoker,devastation,36,22,14
Mustardtiger,malorne,1573,evoker,devastation,127,70,57
Lavlo,frostmourne,1573,evoker,devastation,78,42,36
Hemipenes,tichondrius,1571,evoker,devastation,35,21,14
Anthyrsia,zuljin,1571,evoker,devastation,171,83,88
Flysokan,tichondrius,1569,evoker,devastation,101,51,50
Ævoker,tichondrius,1569,evoker,devastation,111,54,57
Demidas,emerald-dream,1568,evoker,devastation,100,58,42
Sparkhaxius,turalyon,1568,evoker,devastation,35,19,16
Voidwing,malganis,1566,evoker,devastation,103,54,49
Daedrac,moon-guard,1566,evoker,devastation,90,46,44
Errier,tichondrius,1566,evoker,devastation,65,33,32
Shaoxia,ragnaros,1565,evoker,devastation,47,19,28
Nasath,arthas,1564,evoker,devastation,120,68,52
Swøøpe,stormrage,1563,evoker,devastation,91,49,42
Xhaal,tichondrius,1563,evoker,devastation,242,119,123
Hoodwings,stormrage,1561,evoker,devastation,91,53,38
Sethelys,tichondrius,1560,evoker,devastation,116,58,58
Rðsè,tichondrius,1558,evoker,devastation,204,97,107
Trákanon,mugthol,1557,evoker,devastation,93,49,44
Superscales,zuljin,1556,evoker,devastation,43,23,20
Gypgo,ragnaros,1555,evoker,devastation,66,34,32
Wonyoungx,frostmourne,1553,evoker,devastation,199,95,104
Aelvina,moon-guard,1552,evoker,devastation,246,131,115
Rinstraza,thrall,1552,evoker,devastation,179,89,90
Bréáth,tichondrius,1551,evoker,devastation,54,34,20
Kazuresh,shuhalo,1551,evoker,devastation,72,37,35
Kaeszandrus,azralon,1549,evoker,devastation,61,31,30
Khazdormu,chogall,1547,evoker,devastation,96,50,46
Xplode,area-52,1545,evoker,devastation,218,112,106
Jarzilla,illidan,1544,evoker,devastation,36,21,15
Sintholo,sargeras,1544,evoker,devastation,104,52,52
Agheel,firetree,1543,evoker,devastation,44,23,21
Aarax,tichondrius,1542,evoker,devastation,95,47,48
Hotdragon,zuljin,1540,evoker,devastation,95,52,43
Breezemordus,zuljin,1540,evoker,devastation,45,24,21
Rangel,tol-barad,1540,evoker,devastation,112,57,55
Growthyy,malganis,1539,evoker,devastation,30,18,12
Evòker,tichondrius,1539,evoker,devastation,90,43,47
Climax,stormrage,1539,evoker,devastation,55,24,31
Skymagician,frostmourne,1538,evoker,devastation,52,27,25
Dragonkings,tichondrius,1538,evoker,devastation,189,88,101
Yujirohanma,khazgoroth,1536,evoker,devastation,147,79,68
Weeners,area-52,1535,evoker,devastation,54,31,23
Leralan,illidan,1534,evoker,devastation,92,57,35
Dillss,tichondrius,1534,evoker,devastation,114,60,54
Rezoth,malganis,1534,evoker,devastation,67,35,32
Vaelikai,korgath,1530,evoker,devastation,36,24,12
Drachenatem,skywall,1530,evoker,devastation,48,27,21
Hydrogenbomb,sargeras,1530,evoker,devastation,86,47,39
Shwaydbz,zuljin,1529,evoker,devastation,30,16,14
Nxnevo,tichondrius,1529,evoker,devastation,36,19,17
You,deathwing,1528,evoker,devastation,42,24,18
Devdjinn,tichondrius,1528,evoker,devastation,397,205,192
Magnifíco,ragnaros,1527,evoker,devastation,64,33,31
Linguistic,tichondrius,1527,evoker,devastation,78,39,39
Abaddragon,dalaran,1522,evoker,devastation,77,35,42
Dracfire,saurfang,1520,evoker,devastation,72,36,36
Taeloc,frostmourne,1520,evoker,devastation,82,37,45
Soupbeann,zuljin,1519,evoker,devastation,42,22,20
Encouraçado,stormrage,1518,evoker,devastation,131,68,63
Fairstrider,tichondrius,1516,evoker,devastation,90,41,49
Curtis,shadowmoon,1515,evoker,devastation,172,93,79
Deewey,sargeras,1514,evoker,devastation,74,43,31
Daydrac,thrall,1514,evoker,devastation,66,33,33
Olesmokey,tichondrius,1513,evoker,devastation,86,45,41
Desiinger,tichondrius,1511,evoker,devastation,75,42,33
Galrend,firetree,1511,evoker,devastation,84,44,40
Tyrvin,kiljaeden,1511,evoker,devastation,224,116,108
Meleyx,saurfang,1510,evoker,devastation,102,51,51
Draginnutz,dunemaul,1509,evoker,devastation,108,59,49
Favoredson,area-52,1508,evoker,devastation,101,55,46
Deathwingtwo,sargeras,1507,evoker,devastation,78,41,37
Meepslol,kiljaeden,1506,evoker,devastation,27,17,10
Ragnagos,area-52,1506,evoker,devastation,84,41,43
Tinine,frostmourne,1503,evoker,devastation,60,33,27
Mythsvoker,barthilas,1503,evoker,devastation,37,18,19
Ayooflightz,guldan,1502,evoker,devastation,48,19,29
Deyuu,barthilas,1501,evoker,devastation,53,26,27
Karox,moon-guard,1500,evoker,devastation,359,178,181
Novi,kaelthas,1499,evoker,devastation,37,22,15
Bumbledragn,moon-guard,1499,evoker,devastation,156,82,74
Tezzyl,kiljaeden,1498,evoker,devastation,30,16,14
Vikings,madoran,1497,evoker,devastation,41,19,22
Arokh,frostmourne,1497,evoker,devastation,42,16,26
Raygos,nemesis,1496,evoker,devastation,152,79,73
Chànge,lothar,1496,evoker,devastation,77,38,39
Famousdr,stormrage,1495,evoker,devastation,50,26,24
Domavem,tichondrius,1494,evoker,devastation,48,24,24
Ecoera,tichondrius,1494,evoker,devastation,44,18,26
Evosham,thunderlord,1493,evoker,devastation,50,31,19
Tabebuya,illidan,1493,evoker,devastation,99,45,54
Evoqz,stormrage,1491,evoker,devastation,72,41,31
Jurokiel,sargeras,1491,evoker,devastation,251,134,117
Dwagonwage,zuljin,1491,evoker,devastation,108,46,62
Bloodwings,tichondrius,1490,evoker,devastation,66,34,32
Dragonfarts,frostmourne,1490,evoker,devastation,69,32,37
Zeetash,illidan,1490,evoker,devastation,120,55,65
Jgdragon,sargeras,1489,evoker,devastation,36,18,18
Skarlak,korgath,1488,evoker,devastation,30,19,11
Dimatis,ragnaros,1488,evoker,devastation,42,17,25
Drêki,bleeding-hollow,1487,evoker,devastation,162,80,82
Zervis,arthas,1487,evoker,devastation,122,55,67
Serthius,darkspear,1486,evoker,devastation,36,23,13
Kjerne,stormrage,1486,evoker,devastation,59,37,22
Filthywings,stormrage,1486,evoker,devastation,36,19,17
Xaeradroz,area-52,1486,evoker,devastation,78,41,37
Seybevo,kelthuzad,1486,evoker,devastation,93,48,45
Drakoris,malganis,1485,evoker,devastation,257,137,120
Leapofagony,zuljin,1483,evoker,devastation,64,32,32
Acoldwall,illidan,1482,evoker,devastation,36,24,12
Jiminsgf,tichondrius,1482,evoker,devastation,62,38,24
Dracky,deathwing,1482,evoker,devastation,35,21,14
Qfyre,frostmourne,1480,evoker,devastation,57,34,23
Puffthemagiq,mugthol,1479,evoker,devastation,72,40,32
Zartolas,moon-guard,1479,evoker,devastation,159,77,82
Trazana,wyrmrest-accord,1476,evoker,devastation,64,37,27
Jowtzprev,ragnaros,1476,evoker,devastation,72,38,34
Dragonvore,moon-guard,1475,evoker,devastation,23,17,6
Elurb,illidan,1475,evoker,devastation,50,30,20
Ripdumpster,bonechewer,1475,evoker,devastation,44,20,24
Lexgrossman,kelthuzad,1472,evoker,devastation,146,78,68
Alsilitroisa,tichondrius,1471,evoker,devastation,40,22,18
Narthraxion,destromath,1470,evoker,devastation,203,109,94
Friedsalmon,azshara,1467,evoker,devastation,76,39,37
Ilovequiet,proudmoore,1466,evoker,devastation,60,29,31
Bryágh,wyrmrest-accord,1463,evoker,devastation,222,114,108
Tfboys,tichondrius,1463,evoker,devastation,80,39,41
Vexosza,moon-guard,1461,evoker,devastation,36,20,16
Evokÿ,stormrage,1459,evoker,devastation,24,16,8
Lilmailmân,tichondrius,1459,evoker,devastation,30,16,14
Dekux,elune,1459,evoker,devastation,36,16,20
Netreset,illidan,1459,evoker,devastation,55,24,31
Talanoth,skullcrusher,1458,evoker,devastation,79,46,33
Bvo,stormrage,1456,evoker,devastation,219,116,103
Solidusz,thrall,1456,evoker,devastation,36,16,20
Narissian,wyrmrest-accord,1455,evoker,devastation,173,89,84
Polyrhythmic,ysera,1453,evoker,devastation,91,42,49
Snufflewing,zuljin,1451,evoker,devastation,99,49,50
Unseenzblack,tichondrius,1450,evoker,devastation,35,21,14
Spicy,mannoroth,1450,evoker,devastation,93,51,42
Dragontrees,illidan,1450,evoker,devastation,36,19,17
Amlug,illidan,1450,evoker,devastation,88,38,50
Ýüp,tichondrius,1448,evoker,devastation,34,21,13
Phlegython,eredar,1448,evoker,devastation,48,23,25
Doomn,moon-guard,1447,evoker,devastation,136,72,64
Midi,boulderfist,1446,evoker,devastation,42,21,21
Valkhar,illidan,1445,evoker,devastation,60,30,30
Veserion,azralon,1439,evoker,devastation,96,54,42
Salakhar,drakkari,1438,evoker,devastation,38,24,14
Ùwüdragon,tichondrius,1438,evoker,devastation,148,84,64
Kheeleesi,illidan,1438,evoker,devastation,113,55,58
Monkeydrake,tichondrius,1438,evoker,devastation,78,34,44
Kylidon,garrosh,1437,evoker,devastation,133,68,65
Zalzin,agamaggan,1436,evoker,devastation,98,51,47
Jolynevoker,tichondrius,1435,evoker,devastation,42,17,25
Cindiql,stormrage,1433,evoker,devastation,48,29,19
Erling,duskwood,1432,evoker,devastation,108,56,52
Totýs,quelthalas,1432,evoker,devastation,227,107,120
Joopydrake,tichondrius,1431,evoker,devastation,30,15,15
Nessumsar,azralon,1431,evoker,devastation,43,20,23
Êsh,lightbringer,1431,evoker,devastation,46,21,25
Dracthyrius,thunderlord,1430,evoker,devastation,30,16,14
Valthenax,frostmourne,1430,evoker,devastation,94,39,55
Brounno,area-52,1429,evoker,devastation,76,49,27
Nishalethen,moon-guard,1429,evoker,devastation,134,62,72
Lfg,shadow-council,1428,evoker,devastation,24,15,9
Erokx,kelthuzad,1428,evoker,devastation,30,15,15
Toephotos,tichondrius,1427,evoker,devastation,62,33,29
Ashenoth,antonidas,1426,evoker,devastation,106,58,48
Riizo,malganis,1425,evoker,devastation,42,22,20
Nezaral,frostmourne,1424,evoker,devastation,24,15,9
Dylawn,illidan,1424,evoker,devastation,54,31,23
Zoenevoker,drakkari,1423,evoker,devastation,79,45,34
Bàkèd,illidan,1423,evoker,devastation,47,18,29
Kosstro,thunderlord,1422,evoker,devastation,80,48,32
Senven,blackhand,1422,evoker,devastation,90,46,44
Madashy,durotan,1418,evoker,devastation,135,68,67
Ezarke,madoran,1417,evoker,devastation,65,33,32
Craterearth,moon-guard,1417,evoker,devastation,240,117,123
Juooun,tichondrius,1417,evoker,devastation,93,41,52
Lilfootmommy,emerald-dream,1415,evoker,devastation,63,25,38
Puffsmoke,korgath,1414,evoker,devastation,48,27,21
Toxicspyro,frostmourne,1414,evoker,devastation,118,58,60
Atreign,blackwing-lair,1412,evoker,devastation,109,46,63
Dreamtalons,area-52,1411,evoker,devastation,66,35,31
Setash,kiljaeden,1407,evoker,devastation,72,39,33
Hugehorns,jubeithos,1404,evoker,devastation,30,19,11
Thechadwasgr,bleeding-hollow,1403,evoker,devastation,68,34,34
Sylnathaire,wyrmrest-accord,1402,evoker,devastation,166,84,82
Valyrik,illidan,1402,evoker,devastation,177,89,88
Firkrag,bleeding-hollow,1402,evoker,devastation,60,28,32
Tinà,tichondrius,1400,evoker,devastation,89,49,40
Valkalas,moon-guard,1400,evoker,devastation,63,30,33
Tasoly,stormrage,1400,evoker,devastation,71,29,42
Maxryan,tichondrius,1399,evoker,devastation,36,20,16
Dragneel,wyrmrest-accord,1398,evoker,devastation,92,43,49
Smacktoch,sargeras,1397,evoker,devastation,66,33,33
Drozul,stormrage,1395,evoker,devastation,48,17,31
Dragondis,thrall,1394,evoker,devastation,77,36,41
Cerisoromis,stormrage,1393,evoker,devastation,73,35,38
Rodgoesinya,blackrock,1392,evoker,devastation,54,30,24
Blittlle,bleeding-hollow,1391,evoker,devastation,66,39,27
Dovå,moon-guard,1387,evoker,devastation,44,23,21
Prevocker,sargeras,1387,evoker,devastation,85,37,48
Zendrov,skywall,1386,evoker,devastation,79,41,38
Nuttutted,emerald-dream,1383,evoker,devastation,62,31,31
Dafiya,thrall,1382,evoker,devastation,52,26,26
Takhysis,frostmourne,1381,evoker,devastation,90,48,42
Dailon,stormreaver,1381,evoker,devastation,123,59,64
Howtew,jubeithos,1377,evoker,devastation,78,40,38
Tïtäm,area-52,1377,evoker,devastation,50,23,27
Tiamaat,black-dragonflight,1377,evoker,devastation,61,28,33
Devonstation,zuljin,1372,evoker,devastation,48,25,23
Dragoom,saurfang,1372,evoker,devastation,66,34,32
Vokeero,ysera,1371,evoker,devastation,98,52,46
Cmdragonbalz,sargeras,1370,evoker,devastation,288,142,146
Malygoz,frostmourne,1370,evoker,devastation,60,24,36
Neith,aerie-peak,1370,evoker,devastation,65,25,40
Dracthylian,ragnaros,1369,evoker,devastation,30,20,10
Monyz,emerald-dream,1369,evoker,devastation,86,53,33
Adraell,illidan,1367,evoker,devastation,161,79,82
Midnights,scarlet-crusade,1366,evoker,devastation,145,82,63
Drahconne,illidan,1365,evoker,devastation,82,45,37
Doombreath,ragnaros,1363,evoker,devastation,36,19,17
Gutterskank,illidan,1362,evoker,devastation,35,22,13
Zippityzoom,barthilas,1362,evoker,devastation,251,129,122
Wackthyr,frostmourne,1361,evoker,devastation,65,34,31
Evokedx,area-52,1361,evoker,devastation,42,21,21
Sidrasza,norgannon,1360,evoker,devastation,73,40,33
Cròk,quelthalas,1360,evoker,devastation,33,15,18
Alligatorz,sargeras,1359,evoker,devastation,60,32,28
Thendroz,moon-guard,1357,evoker,devastation,30,18,12
Brunswichk,azralon,1357,evoker,devastation,117,63,54
Milkylizard,sargeras,1355,evoker,devastation,113,57,56
Koriaz,ragnaros,1354,evoker,devastation,29,16,13
Aoxila,proudmoore,1353,evoker,devastation,319,153,166
Paycussy,sargeras,1349,evoker,devastation,48,32,16
Klownfiesta,thrall,1349,evoker,devastation,187,100,87
Dracopium,tichondrius,1345,evoker,devastation,201,114,87
Dragginballz,twisting-nether,1345,evoker,devastation,42,23,19
Nathenezital,frostmourne,1344,evoker,devastation,57,33,24
Ironscale,dalaran,1344,evoker,devastation,36,19,17
Pyrepapi,thrall,1343,evoker,devastation,38,19,19
Aydetal,eonar,1343,evoker,devastation,42,20,22
Skooby,drenden,1342,evoker,devastation,48,26,22
Chimo,laughing-skull,1342,evoker,devastation,76,40,36
Tekath,altar-of-storms,1342,evoker,devastation,85,41,44
Grendalevo,tichondrius,1341,evoker,devastation,75,37,38
Fáffy,kelthuzad,1341,evoker,devastation,60,27,33
Deneryus,illidan,1341,evoker,devastation,54,22,32
Sizzlebird,darkspear,1340,evoker,devastation,225,110,115
Dracthyrwa,azralon,1339,evoker,devastation,58,30,28
Kazrekan,moon-guard,1339,evoker,devastation,30,14,16
Evokinator,zuljin,1338,evoker,devastation,48,26,22
Yuukee,thrall,1338,evoker,devastation,43,23,20
Dragordito,drakkari,1338,evoker,devastation,30,15,15
Dragonstonks,moon-guard,1338,evoker,devastation,30,14,16
Williambates,malganis,1334,evoker,devastation,30,14,16
Skrimbles,tichondrius,1334,evoker,devastation,36,14,22
Nazanazar,wyrmrest-accord,1333,evoker,devastation,249,126,123
Pisslizard,stormrage,1331,evoker,devastation,40,19,21
Trenash,illidan,1330,evoker,devastation,126,55,71
Draconicus,bonechewer,1328,evoker,devastation,312,158,154
Draehgor,hyjal,1328,evoker,devastation,87,42,45
Derkscale,stormrage,1327,evoker,devastation,24,14,10
Pågemaster,moon-guard,1325,evoker,devastation,26,15,11
Zlolykcir,malganis,1324,evoker,devastation,95,52,43
Derazar,malganis,1323,evoker,devastation,42,25,17
Aktas,illidan,1323,evoker,devastation,51,26,25
Dîego,azralon,1321,evoker,devastation,58,33,25
Dankthyr,stormrage,1320,evoker,devastation,18,14,4
Emikothyr,thrall,1319,evoker,devastation,74,41,33
Dvrk,frostmourne,1318,evoker,devastation,83,41,42
Grievaxion,ragnaros,1317,evoker,devastation,30,16,14
Ggcthulhu,area-52,1316,evoker,devastation,24,14,10
Ganyahser,azgalor,1315,evoker,devastation,54,23,31
Ezindrozar,tichondrius,1315,evoker,devastation,42,17,25
Zayllaerth,illidan,1310,evoker,devastation,128,64,64
Alextroxo,stormrage,1308,evoker,devastation,38,21,17
Dracthul,tichondrius,1308,evoker,devastation,155,82,73
Prolyfe,blood-furnace,1306,evoker,devastation,39,28,11
Redeyés,area-52,1306,evoker,devastation,48,32,16
Sía,drakkari,1306,evoker,devastation,24,14,10
Galakraas,proudmoore,1306,evoker,devastation,93,46,47
Satanasx,illidan,1305,evoker,devastation,84,38,46
Kaaer,emerald-dream,1304,evoker,devastation,38,19,19
Emsli,moon-guard,1302,evoker,devastation,40,24,16
Proust,grizzly-hills,1302,evoker,devastation,24,14,10
Chadizard,tichondrius,1302,evoker,devastation,30,14,16
Fìg,wyrmrest-accord,1301,evoker,devastation,24,15,9
Skykeeper,quelthalas,1300,evoker,devastation,130,67,63
Evokjoe,tortheldrin,1295,evoker,devastation,70,35,35
Slitherin,dalaran,1294,evoker,devastation,60,28,32
Grem,muradin,1292,evoker,devastation,37,24,13
Ezath,zuljin,1290,evoker,devastation,113,65,48
Benares,zuljin,1290,evoker,devastation,108,52,56
Durijus,tichondrius,1289,evoker,devastation,47,23,24
Tralanoth,destromath,1288,evoker,devastation,54,28,26
Shënrøn,tichondrius,1287,evoker,devastation,24,14,10
Wrecketz,tichondrius,1284,evoker,devastation,100,53,47
Kêristrasza,wyrmrest-accord,1283,evoker,devastation,84,40,44
Notvez,bleeding-hollow,1282,evoker,devastation,73,32,41
Draisin,zuljin,1281,evoker,devastation,24,14,10
Puffthemagik,doomhammer,1280,evoker,devastation,250,117,133
Vlåd,tichondrius,1279,evoker,devastation,42,19,23
Itwasntthis,tichondrius,1278,evoker,devastation,149,75,74
Sylverion,thrall,1278,evoker,devastation,82,41,41
Cinderelluh,area-52,1277,evoker,devastation,209,100,109
Dinnkyion,dalaran,1277,evoker,devastation,30,14,16
Koopa,malygos,1277,evoker,devastation,86,37,49
Ejokerxx,tichondrius,1276,evoker,devastation,54,31,23
Cheaterz,area-52,1274,evoker,devastation,54,33,21
Atpsuspect,nerzhul,1273,evoker,devastation,96,48,48
Carloxd,tichondrius,1273,evoker,devastation,44,19,25
Obeahfire,tichondrius,1273,evoker,devastation,82,32,50
Muppetgronk,frostmourne,1268,evoker,devastation,84,37,47
Koderalth,azralon,1264,evoker,devastation,36,18,18
Naji,azralon,1264,evoker,devastation,84,34,50
Targaryenz,malganis,1263,evoker,devastation,70,34,36
Dkvastate,tichondrius,1260,evoker,devastation,42,30,12
Døvahkiin,sargeras,1260,evoker,devastation,29,14,15
Skizle,destromath,1259,evoker,devastation,35,16,19
Müshu,duskwood,1257,evoker,devastation,36,19,17
Skykeeper,dalaran,1257,evoker,devastation,36,19,17
Dimpulse,zuljin,1257,evoker,devastation,36,19,17
Suedeshoes,bleeding-hollow,1256,evoker,devastation,22,15,7
Azensëth,tichondrius,1256,evoker,devastation,26,14,12
Riyad,emerald-dream,1256,evoker,devastation,76,38,38
Dingermun,bleeding-hollow,1255,evoker,devastation,56,30,26
Dragonair,spinebreaker,1255,evoker,devastation,57,28,29
Drahkoo,azralon,1255,evoker,devastation,33,16,17
Layothyr,stormrage,1252,evoker,devastation,48,26,22
Nephrites,area-52,1252,evoker,devastation,34,15,19
Nathx,drakkari,1251,evoker,devastation,48,31,17
Crogosa,quelthalas,1251,evoker,devastation,36,14,22
Loganvkr,illidan,1250,evoker,devastation,87,44,43
Dragonpete,whisperwind,1249,evoker,devastation,96,51,45
Atrocion,wyrmrest-accord,1248,evoker,devastation,111,60,51
Ezgamedeez,tichondrius,1247,evoker,devastation,24,13,11
Marknormand,area-52,1246,evoker,devastation,24,13,11
Scalesun,azralon,1246,evoker,devastation,30,16,14
Gerz,area-52,1246,evoker,devastation,59,30,29
Rawrrxd,blackrock,1245,evoker,devastation,18,13,5
Shanegillis,emerald-dream,1244,evoker,devastation,18,13,5
Áspect,aegwynn,1244,evoker,devastation,18,13,5
Navaji,tichondrius,1244,evoker,devastation,68,33,35
Tylexstranza,malganis,1243,evoker,devastation,26,14,12
Yiserion,sargeras,1243,evoker,devastation,301,154,147
Chryphord,emerald-dream,1242,evoker,devastation,30,18,12
Drogan,demon-soul,1241,evoker,devastation,110,60,50
Smackthyr,thrall,1241,evoker,devastation,36,13,23
Dragbod,korgath,1239,evoker,devastation,30,13,17
Rïó,moon-guard,1237,evoker,devastation,36,18,18
Azorian,vashj,1236,evoker,devastation,36,21,15
Vahaerys,stormrage,1236,evoker,devastation,54,22,32
Raikori,ragnaros,1235,evoker,devastation,24,13,11
Longxx,dalaran,1235,evoker,devastation,24,13,11
Xm,emerald-dream,1235,evoker,devastation,31,14,17
Billynobob,tichondrius,1235,evoker,devastation,30,13,17
Gooliath,madoran,1234,evoker,devastation,23,13,10
Bigbadfred,tichondrius,1234,evoker,devastation,24,13,11
Acnøløgia,azralon,1234,evoker,devastation,71,37,34
Drwayne,azralon,1233,evoker,devastation,36,17,19
Lendrian,ragnaros,1232,evoker,devastation,82,38,44
Vysenía,moon-guard,1231,evoker,devastation,24,13,11
Breakerofsky,sargeras,1231,evoker,devastation,24,13,11
Huanglong,sargeras,1227,evoker,devastation,36,20,16
Evokemon,hyjal,1226,evoker,devastation,24,13,11
Snowdragon,azralon,1226,evoker,devastation,53,28,25
Granolajin,ragnaros,1226,evoker,devastation,54,24,30
Momonosuke,fizzcrank,1225,evoker,devastation,36,20,16
Ghonir,emerald-dream,1225,evoker,devastation,50,22,28
Tabuley,thrall,1224,evoker,devastation,32,16,16
Acnølogia,stormrage,1223,evoker,devastation,72,36,36
Brothererik,hydraxis,1223,evoker,devastation,37,15,22
Darazen,scarlet-crusade,1222,evoker,devastation,79,36,43
Skeedaddle,zuljin,1219,evoker,devastation,168,88,80
Duckxo,kelthuzad,1218,evoker,devastation,24,15,9
Zhyrouvion,stormrage,1216,evoker,devastation,29,17,12
Neffiie,dalaran,1215,evoker,devastation,74,41,33
Kèrby,frostmourne,1213,evoker,devastation,30,15,15
Gôdswrath,tichondrius,1213,evoker,devastation,30,13,17
Midyr,nemesis,1207,evoker,devastation,57,34,23
Ammar,drakkari,1207,evoker,devastation,50,23,27
Wizzkii,wyrmrest-accord,1206,evoker,devastation,27,14,13
Lazulosa,wyrmrest-accord,1204,evoker,devastation,30,13,17
Archion,azgalor,1202,evoker,devastation,47,18,29
Dragoceleste,ragnaros,1201,evoker,devastation,63,33,30
Amplicon,stormrage,1200,evoker,devastation,42,15,27
Tessedract,bleeding-hollow,1199,evoker,devastation,72,41,31
Vahvan,sargeras,1197,evoker,devastation,54,21,33
Clarkeboi,barthilas,1196,evoker,devastation,52,27,25
Zenithgar,aerie-peak,1195,evoker,devastation,46,28,18
Velzirion,proudmoore,1193,evoker,devastation,24,13,11
Valakaztower,area-52,1193,evoker,devastation,41,20,21
Spyrofnir,stormrage,1193,evoker,devastation,30,13,17
Dragkon,azuremyst,1193,evoker,devastation,66,28,38
Byssrak,borean-tundra,1191,evoker,devastation,24,15,9
Culture,khazgoroth,1191,evoker,devastation,21,13,8
Kazervish,wyrmrest-accord,1191,evoker,devastation,48,25,23
Sindraxx,stormrage,1187,evoker,devastation,81,40,41
Tattleslug,illidan,1186,evoker,devastation,42,20,22
Paean,moon-guard,1183,evoker,devastation,32,18,14
Loginplease,frostmourne,1183,evoker,devastation,133,63,70
Jabbawockeëz,drakkari,1182,evoker,devastation,107,57,50
Evooern,frostmourne,1181,evoker,devastation,84,39,45
Jugzxs,frostmourne,1181,evoker,devastation,78,32,46
Xampusaurio,ragnaros,1178,evoker,devastation,24,13,11
Kaikisen,malganis,1178,evoker,devastation,41,19,22
Yousurper,thunderlord,1177,evoker,devastation,128,69,59
Vaayu,moon-guard,1176,evoker,devastation,24,13,11
Dragopnik,tichondrius,1175,evoker,devastation,30,16,14
Zorashal,kiljaeden,1173,evoker,devastation,81,42,39
Vermicri,zuljin,1171,evoker,devastation,23,13,10
Himän,tichondrius,1169,evoker,devastation,44,18,26
Vokkinn,tichondrius,1167,evoker,devastation,23,13,10
Stretonaught,dalaran,1166,evoker,devastation,63,31,32
Thalyxia,azralon,1166,evoker,devastation,36,16,20
Aegontargary,azralon,1165,evoker,devastation,33,14,19
Bähamut,proudmoore,1161,evoker,devastation,71,34,37
Thenderazen,sargeras,1160,evoker,devastation,250,135,115
Dreampunk,tichondrius,1160,evoker,devastation,25,13,12
Tealandrov,zuljin,1159,evoker,devastation,80,30,50
Drakhaz,azralon,1156,evoker,devastation,22,13,9
Bhalaria,ragnaros,1156,evoker,devastation,87,35,52
Visron,stormrage,1153,evoker,devastation,65,41,24
Trenot,draenor,1152,evoker,devastation,64,30,34
Stælthßømbèr,baelgun,1152,evoker,devastation,30,12,18
Uhlive,area-52,1152,evoker,devastation,66,24,42
Dhcb,tichondrius,1151,evoker,devastation,30,12,18
Fortwonty,thrall,1150,evoker,devastation,30,18,12
Drsgme,dentarg,1150,evoker,devastation,24,12,12
Suetsukata,shadowmoon,1148,evoker,devastation,24,12,12
Skylizard,illidan,1147,evoker,devastation,24,12,12
Saxthyr,stormreaver,1147,evoker,devastation,36,12,24
Taamyr,wyrmrest-accord,1146,evoker,devastation,330,167,163
Historius,proudmoore,1146,evoker,devastation,36,15,21
Velstrana,moon-guard,1145,evoker,devastation,18,12,6
Soulflight,area-52,1143,evoker,devastation,18,12,6
Tiyeal,thrall,1135,evoker,devastation,29,13,16
Dragonbranch,area-52,1133,evoker,devastation,24,12,12
Gamerwords,barthilas,1130,evoker,devastation,48,23,25
Raghnard,illidan,1129,evoker,devastation,215,103,112
Lorathyr,lothar,1128,evoker,devastation,24,12,12
Enuzan,dalaran,1128,evoker,devastation,89,41,48
Duamutef,wyrmrest-accord,1127,evoker,devastation,28,16,12
Finvoker,kalecgos,1124,evoker,devastation,24,12,12
Dragndesnuts,scilla,1123,evoker,devastation,48,15,33
Dracnovae,emerald-dream,1117,evoker,devastation,323,159,164
Daikon,kaelthas,1117,evoker,devastation,29,13,16
Cunk,illidan,1113,evoker,devastation,47,32,15
Killdrake,tichondrius,1113,evoker,devastation,19,12,7
Dethendrov,moon-guard,1113,evoker,devastation,66,33,33
Mitzvah,barthilas,1110,evoker,devastation,66,29,37
Drakonyx,mugthol,1107,evoker,devastation,56,22,34
Zitasanazen,tichondrius,1107,evoker,devastation,64,25,39
Gommazilla,stormrage,1106,evoker,devastation,36,14,22
Bazelgos,moon-guard,1105,evoker,devastation,42,13,29
Kodeser,alleria,1101,evoker,devastation,27,16,11
Drögón,stormrage,1100,evoker,devastation,42,27,15
Crymor,lethon,1099,evoker,devastation,30,16,14
Danzick,sargeras,1098,evoker,devastation,36,19,17
Madelines,tichondrius,1097,evoker,devastation,24,13,11
Tikkaratika,nemesis,1095,evoker,devastation,42,14,28
Asham,azralon,1087,evoker,devastation,98,56,42
Azuria,lothar,1083,evoker,devastation,60,29,31
Alnuin,stormrage,1083,evoker,devastation,167,77,90
Rayomcquen,garrosh,1080,evoker,devastation,29,16,13
Bagelsaurus,tichondrius,1078,evoker,devastation,33,15,18
Blazor,sisters-of-elune,1076,evoker,devastation,35,14,21
Trrxx,tichondrius,1073,evoker,devastation,104,43,61
Aratre,daggerspine,1072,evoker,devastation,252,127,125
Natsirt,malorne,1072,evoker,devastation,34,12,22
Scotcheroo,turalyon,1068,evoker,devastation,46,22,24
Medusaan,tichondrius,1066,evoker,devastation,25,12,13
Ðarkwyrm,laughing-skull,1062,evoker,devastation,42,22,20
Lylyith,quelthalas,1061,evoker,devastation,26,12,14
Cheeriosvokr,tichondrius,1056,evoker,devastation,18,11,7
Devokèr,tichondrius,1056,evoker,devastation,24,11,13
Talzindera,sargeras,1055,evoker,devastation,21,12,9
Torakk,ravencrest,1055,evoker,devastation,25,12,13
Jwas,tichondrius,1055,evoker,devastation,24,11,13
Kiry,emerald-dream,1055,evoker,devastation,24,11,13
Hydroponicsz,bloodscalp,1055,evoker,devastation,24,11,13
Tepaku,thrall,1054,evoker,devastation,18,11,7
Kubus,emerald-dream,1054,evoker,devastation,18,11,7
Igneel,terokkar,1054,evoker,devastation,18,11,7
Smugpepe,malganis,1054,evoker,devastation,24,11,13
Daemon,terokkar,1054,evoker,devastation,24,11,13
Misik,frostwolf,1053,evoker,devastation,24,11,13
Byäkuyá,azralon,1052,evoker,devastation,200,107,93
Senznxx,illidan,1051,evoker,devastation,18,11,7
Eìdolon,sargeras,1049,evoker,devastation,18,11,7
Picodedraco,malganis,1049,evoker,devastation,24,11,13
Dragostephen,nazjatar,1049,evoker,devastation,24,11,13
Serathrine,smolderthorn,1048,evoker,devastation,24,11,13
Janacovstra,moon-guard,1047,evoker,devastation,18,11,7
Ryùtt,illidan,1046,evoker,devastation,42,21,21
Dragonballer,trollbane,1046,evoker,devastation,24,11,13
Dragòndeez,lightbringer,1046,evoker,devastation,30,11,19
Vaeghar,anvilmar,1045,evoker,devastation,24,11,13
Zirath,emerald-dream,1045,evoker,devastation,24,11,13
Sübjugador,azralon,1042,evoker,devastation,30,20,10
Dracothyst,tichondrius,1042,evoker,devastation,35,19,16
Lostplanet,drakkari,1042,evoker,devastation,59,22,37
Fpbafome,azralon,1038,evoker,devastation,42,13,29
Aaztra,whisperwind,1037,evoker,devastation,18,11,7
Gyirzkaag,illidan,1037,evoker,devastation,24,11,13
Saraphrodite,hakkar,1036,evoker,devastation,72,36,36
Bhristopher,wildhammer,1035,evoker,devastation,12,11,1
Karmísh,quelthalas,1033,evoker,devastation,30,11,19
Fafnirr,draenor,1030,evoker,devastation,44,15,29
Dedderion,zuljin,1029,evoker,devastation,24,11,13
Razorwing,azgalor,1028,evoker,devastation,42,21,21
Warhammerxx,tichondrius,1027,evoker,devastation,84,33,51
Capturethis,velen,1026,evoker,devastation,29,11,18
Chelseasgrin,bonechewer,1025,evoker,devastation,25,16,9
Toyatoki,stormrage,1025,evoker,devastation,70,33,37
Konarth,moon-guard,1024,evoker,devastation,36,21,15
Drägquëen,ragnaros,1023,evoker,devastation,16,11,5
Daigrefn,echo-isles,1019,evoker,devastation,33,16,17
Murtharion,stormrage,1017,evoker,devastation,42,11,31
Azulagos,sargeras,1016,evoker,devastation,58,32,26
Slimyreptile,sargeras,1016,evoker,devastation,166,75,91
Evilsquirel,area-52,1015,evoker,devastation,18,11,7
Flygor,quelthalas,1014,evoker,devastation,113,47,66
Herikas,tichondrius,1012,evoker,devastation,116,59,57
Kaidô,illidan,1008,evoker,devastation,16,12,4
Dracosofi,quelthalas,1008,evoker,devastation,36,13,23
Jgxv,dalaran,1007,evoker,devastation,23,11,12
Deepdweller,wyrmrest-accord,1007,evoker,devastation,95,44,51
Ambrosîa,area-52,1006,evoker,devastation,42,15,27
Midgard,caelestrasz,1005,evoker,devastation,30,17,13
Dragonbreaf,emerald-dream,1004,evoker,devastation,17,11,6
Chugpills,nathrezim,1003,evoker,devastation,15,11,4
Reptyle,emerald-dream,1002,evoker,devastation,30,13,17
Stolesom,emerald-dream,994,evoker,devastation,65,32,33
Battledragon,illidan,992,evoker,devastation,36,19,17
Sixjobs,area-52,990,evoker,devastation,29,11,18
Lifcleal,moon-guard,989,evoker,devastation,26,11,15
Neofarian,lightbringer,986,evoker,devastation,20,11,9
Dragongrim,silvermoon,986,evoker,devastation,30,14,16
Zovaan,emerald-dream,983,evoker,devastation,23,11,12
Popgoesurmom,tichondrius,981,evoker,devastation,24,13,11
Zuckerberg,uldum,980,evoker,devastation,26,11,15
Maximiliam,ragnaros,971,evoker,devastation,85,45,40
Nathrach,wyrmrest-accord,967,evoker,devastation,46,26,20
Miradrake,icecrown,960,evoker,devastation,12,10,2
Spikeyboi,eonar,960,evoker,devastation,18,10,8
Drakedrift,malganis,959,evoker,devastation,12,10,2
Chime,dalaran,959,evoker,devastation,18,10,8
Jácorex,proudmoore,959,evoker,devastation,18,10,8
Nasdanot,zuljin,959,evoker,devastation,18,10,8
Hausebat,moon-guard,959,evoker,devastation,18,10,8
Xeerus,stormreaver,959,evoker,devastation,18,10,8
Embeka,illidan,959,evoker,devastation,102,50,52
Royagon,draktharon,959,evoker,devastation,24,10,14
Runescape,altar-of-storms,959,evoker,devastation,24,10,14
Grafixx,sargeras,958,evoker,devastation,15,11,4
Ryhu,sargeras,958,evoker,devastation,18,10,8
Vokezuì,sargeras,958,evoker,devastation,30,10,20
Jormungandre,wyrmrest-accord,957,evoker,devastation,18,10,8
Galaxiz,bonechewer,957,evoker,devastation,24,12,12
Oatmealneil,bleeding-hollow,955,evoker,devastation,24,10,14
Velahesa,sargeras,955,evoker,devastation,36,10,26
Greenboi,zuljin,954,evoker,devastation,18,10,8
Sinepbreath,bleeding-hollow,954,evoker,devastation,18,10,8
Deàthwing,proudmoore,953,evoker,devastation,268,118,150
Liekki,illidan,953,evoker,devastation,24,10,14
Shenrõn,malganis,953,evoker,devastation,27,11,16
Ecksdoom,sargeras,952,evoker,devastation,18,10,8
Wizadsa,amanthul,951,evoker,devastation,12,10,2
Feelsogoodj,tichondrius,951,evoker,devastation,30,10,20
Teanie,tichondrius,950,evoker,devastation,24,10,14
Jorlozthyr,ragnaros,948,evoker,devastation,24,10,14
Drapybaras,bleeding-hollow,944,evoker,devastation,108,53,55
Escanorr,ghostlands,936,evoker,devastation,20,11,9
Ciana,black-dragonflight,936,evoker,devastation,56,29,27
Báalboski,tichondrius,935,evoker,devastation,18,10,8
Hicane,tichondrius,935,evoker,devastation,29,10,19
Slev,blades-edge,932,evoker,devastation,21,11,10
Mewclaw,tol-barad,931,evoker,devastation,42,21,21
Talegos,ragnaros,928,evoker,devastation,77,30,47
Fatevoker,deathwing,926,evoker,devastation,29,10,19
Galgaldr,tichondrius,914,evoker,devastation,30,12,18
Ezdrake,drakkari,913,evoker,devastation,41,13,28
Littleripper,tichondrius,912,evoker,devastation,36,18,18
Fukhur,ragnaros,910,evoker,devastation,36,15,21
Phatë,nerzhul,905,evoker,devastation,23,10,13
Stormstryke,queldorei,900,evoker,devastation,59,18,41
Evokatoke,proudmoore,899,evoker,devastation,67,29,38
Arath,zangarmarsh,898,evoker,devastation,42,22,20
Unclelroh,kelthuzad,894,evoker,devastation,11,10,1
Rhomzig,cairne,893,evoker,devastation,24,12,12
Spyrion,bleeding-hollow,890,evoker,devastation,16,10,6
Nyranblood,zuljin,869,evoker,devastation,92,42,50
Tireoz,frostmourne,866,evoker,devastation,48,12,36
Gobananas,sargeras,864,evoker,devastation,12,9,3
Kiserys,suramar,864,evoker,devastation,12,9,3
Orncen,emerald-dream,864,evoker,devastation,16,10,6
Creachy,kiljaeden,864,evoker,devastation,18,9,9
Todorøki,hyjal,864,evoker,devastation,18,9,9
Brakkarion,wyrmrest-accord,864,evoker,devastation,18,9,9
Thnake,zuljin,864,evoker,devastation,18,9,9
Weedi,tichondrius,863,evoker,devastation,12,9,3
Thyatera,ragnaros,863,evoker,devastation,18,9,9
Dâpper,queldorei,863,evoker,devastation,18,9,9
Dragonsteppz,aegwynn,863,evoker,devastation,18,9,9
Nelthendros,moon-guard,863,evoker,devastation,18,9,9
Wse,illidan,863,evoker,devastation,18,9,9
Missjenny,korgath,863,evoker,devastation,18,9,9
Rearcalzone,illidan,863,evoker,devastation,18,9,9
Drazgarth,azshara,863,evoker,devastation,18,9,9
Siatrend,moon-guard,863,evoker,devastation,18,9,9
Quifoö,whisperwind,863,evoker,devastation,18,9,9
Naraxus,thrall,863,evoker,devastation,18,9,9
Toastsevoker,tichondrius,863,evoker,devastation,21,10,11
Gharscales,tichondrius,863,evoker,devastation,24,9,15
Femboi,wyrmrest-accord,862,evoker,devastation,18,9,9
Müshü,icecrown,862,evoker,devastation,24,9,15
Disugaiza,tichondrius,861,evoker,devastation,12,9,3
Zaldraka,cairne,861,evoker,devastation,28,13,15
Karaxes,gorefiend,861,evoker,devastation,24,9,15
Krokuzan,ragnaros,860,evoker,devastation,18,9,9
Garchamp,area-52,860,evoker,devastation,21,10,11
Lazarust,tichondrius,860,evoker,devastation,24,9,15
Kevoker,thrall,859,evoker,devastation,19,9,10
Aoibae,frostmourne,859,evoker,devastation,24,9,15
Makiabelico,terenas,859,evoker,devastation,110,37,73
Littlebreath,stormrage,859,evoker,devastation,30,9,21
Lionkk,tichondrius,857,evoker,devastation,18,9,9
Furyíon,stormrage,855,evoker,devastation,12,9,3
Arcaenae,moon-guard,854,evoker,devastation,18,9,9
Bójack,stormrage,852,evoker,devastation,18,9,9
Edivian,ragnaros,849,evoker,devastation,19,10,9
Heluxue,tichondrius,847,evoker,devastation,18,9,9
Azafs,azralon,847,evoker,devastation,26,10,16
Frozanat,kelthuzad,846,evoker,devastation,18,9,9
Sindell,the-underbog,846,evoker,devastation,62,25,37
Stylez,anetheron,844,evoker,devastation,48,22,26
Rasec,moon-guard,843,evoker,devastation,20,9,11
Darlión,ragnaros,836,evoker,devastation,65,29,36
Henscale,malganis,831,evoker,devastation,17,9,8
Odorf,duskwood,826,evoker,devastation,18,9,9
Inumizu,dentarg,768,evoker,devastation,12,8,4
Jammstraza,skywall,768,evoker,devastation,12,8,4
Jenovi,tichondrius,768,evoker,devastation,12,8,4
Saînt,thrall,768,evoker,devastation,12,8,4
Sillystrasz,bleeding-hollow,768,evoker,devastation,12,8,4
Crosis,azralon,768,evoker,devastation,18,8,10
Lillbigd,bleeding-hollow,768,evoker,devastation,18,8,10
Saintpablox,illidan,768,evoker,devastation,18,8,10
Copevoker,black-dragonflight,767,evoker,devastation,12,8,4
Machaflux,winterhoof,767,evoker,devastation,12,8,4
Aurinax,proudmoore,767,evoker,devastation,12,8,4
Vermax,akama,767,evoker,devastation,18,8,10
Zorlstisza,moon-guard,767,evoker,devastation,18,8,10
Scalendar,frostmourne,767,evoker,devastation,18,8,10
Genderboy,tichondrius,767,evoker,devastation,24,8,16
Syvernius,khazgoroth,767,evoker,devastation,24,8,16
Naykir,khazgoroth,766,evoker,devastation,12,8,4
Drägondeez,area-52,766,evoker,devastation,18,8,10
Dawitchvoker,illidan,766,evoker,devastation,18,8,10
Ghostfable,emerald-dream,766,evoker,devastation,18,8,10
Glideoure,stonemaul,766,evoker,devastation,24,8,16
Dragxs,ragnaros,765,evoker,devastation,12,8,4
Skrillerv,frostmourne,765,evoker,devastation,18,8,10
Infinitejchh,thrall,765,evoker,devastation,24,8,16
Lindrak,azralon,765,evoker,devastation,24,8,16
Quêtzal,akama,764,evoker,devastation,12,8,4
Rikfreedom,ragnaros,764,evoker,devastation,60,25,35
Cursak,ragnaros,763,evoker,devastation,16,9,7
Windylyrics,drakkari,763,evoker,devastation,24,8,16
Zeldir,ragnaros,762,evoker,devastation,12,8,4
Davidfesago,quelthalas,762,evoker,devastation,18,8,10
Shenrøn,altar-of-storms,762,evoker,devastation,18,8,10
Visheira,bleeding-hollow,762,evoker,devastation,18,8,10
Roksanda,azralon,761,evoker,devastation,24,8,16
Seletgos,quelthalas,761,evoker,devastation,24,8,16
Setasdan,illidan,759,evoker,devastation,28,13,15
Detraa,illidan,754,evoker,devastation,12,8,4
Pouncer,proudmoore,754,evoker,devastation,48,18,30
Tekkamanevo,tichondrius,744,evoker,devastation,18,8,10
Arkdrac,shadowsong,741,evoker,devastation,30,9,21
Liefarion,barthilas,734,evoker,devastation,22,8,14
Canonevoker,ragnaros,730,evoker,devastation,16,9,7
Onornun,magtheridon,718,evoker,devastation,17,8,9
Freyess,malganis,717,evoker,devastation,15,8,7
Lamperr,illidan,709,evoker,devastation,86,22,64
Ryü,silver-hand,704,evoker,devastation,16,8,8
Daylenx,thrall,687,evoker,devastation,13,8,5
Porchoy,area-52,679,evoker,devastation,13,8,5
Nysian,wyrmrest-accord,672,evoker,devastation,12,7,5
Hien,stormrage,672,evoker,devastation,12,7,5
Dragzun,tichondrius,672,evoker,devastation,12,7,5
Dinohgos,area-52,672,evoker,devastation,12,7,5
Dendywings,zuljin,672,evoker,devastation,12,7,5
Vokr,area-52,672,evoker,devastation,12,7,5
Dudeofdragon,illidan,672,evoker,devastation,12,7,5
Rakhyro,azralon,672,evoker,devastation,12,7,5
Chewbigred,vashj,672,evoker,devastation,12,7,5
Evook,tichondrius,672,evoker,devastation,12,7,5
Demõn,whisperwind,672,evoker,devastation,12,7,5
Lizardgodtko,tichondrius,672,evoker,devastation,12,7,5
Emberlyn,sargeras,672,evoker,devastation,12,7,5
Wrathics,emerald-dream,672,evoker,devastation,12,7,5
Dragonherb,zuljin,672,evoker,devastation,12,7,5
Niratreno,tichondrius,672,evoker,devastation,12,7,5
Spryo,illidan,672,evoker,devastation,12,7,5
Ráigon,ragnaros,672,evoker,devastation,12,7,5
Écaille,dalaran,672,evoker,devastation,15,8,7
Deathstaind,tichondrius,672,evoker,devastation,16,8,8
Dragonshani,thrall,672,evoker,devastation,18,7,11
Jevoker,area-52,672,evoker,devastation,18,7,11
Shambly,kelthuzad,672,evoker,devastation,18,7,11
Draeconik,moon-guard,672,evoker,devastation,18,7,11
Greenlizard,tichondrius,672,evoker,devastation,18,7,11
Deezdragon,stormrage,672,evoker,devastation,18,7,11
Ashuraflame,frostwolf,672,evoker,devastation,18,7,11
Dragonballzx,kelthuzad,672,evoker,devastation,24,7,17
Esmoker,frostwolf,671,evoker,devastation,12,7,5
Vyrathysra,moon-guard,671,evoker,devastation,12,7,5
Glaurungr,ragnaros,671,evoker,devastation,12,7,5
Wekinball,tichondrius,671,evoker,devastation,12,7,5
Xeretas,bleeding-hollow,671,evoker,devastation,12,7,5
Boseijwho,emerald-dream,671,evoker,devastation,12,7,5
Vhaeryx,turalyon,671,evoker,devastation,12,7,5
Archalygos,moon-guard,671,evoker,devastation,12,7,5
Whiegrath,azralon,671,evoker,devastation,13,7,6
Kluath,daggerspine,671,evoker,devastation,18,7,11
Intec,area-52,671,evoker,devastation,18,7,11
Shenroda,tichondrius,671,evoker,devastation,18,7,11
Saristrasza,moon-guard,671,evoker,devastation,18,7,11
Daethwang,moon-guard,671,evoker,devastation,18,7,11
Ackrenoth,emerald-dream,671,evoker,devastation,18,7,11
Zogdagron,demon-soul,671,evoker,devastation,18,7,11
Drageyman,tichondrius,671,evoker,devastation,24,7,17
Beastlysoul,tichondrius,670,evoker,devastation,12,7,5
Gulvoke,shattered-hand,670,evoker,devastation,12,7,5
Reikserion,stormrage,670,evoker,devastation,12,7,5
Setchagos,emerald-dream,670,evoker,devastation,12,7,5
Draecion,tichondrius,670,evoker,devastation,18,7,11
Nikeze,kiljaeden,670,evoker,devastation,18,7,11
Mâne,ragnaros,670,evoker,devastation,24,7,17
Pläid,tichondrius,668,evoker,devastation,12,7,5
Lightbeing,nazjatar,668,evoker,devastation,18,7,11
Dracmalefic,area-52,667,evoker,devastation,18,7,11
Sleepeasy,blackrock,667,evoker,devastation,18,7,11
Mmanigoldo,quelthalas,667,evoker,devastation,18,7,11
Kodeserath,hakkar,666,evoker,devastation,24,7,17
Lightaurae,thunderlord,666,evoker,devastation,36,8,28
Broconian,zuljin,661,evoker,devastation,24,7,17
Evomend,thrall,656,evoker,devastation,17,8,9
Krefugee,tichondrius,637,evoker,devastation,17,7,10
Flikz,arthas,608,evoker,devastation,16,7,9
Dazei,quelthalas,588,evoker,devastation,23,8,15
Fuecoco,proudmoore,576,evoker,devastation,6,6,0
Yellowker,thrall,576,evoker,devastation,6,6,0
Zérai,quelthalas,576,evoker,devastation,6,6,0
Dragønbørne,blackrock,576,evoker,devastation,12,6,6
Wingjob,tichondrius,576,evoker,devastation,12,6,6
Cindermint,mugthol,576,evoker,devastation,12,6,6
Devastateme,frostmourne,576,evoker,devastation,12,6,6
Uncleìroh,tichondrius,576,evoker,devastation,12,6,6
Shrikethyr,chogall,576,evoker,devastation,12,6,6
Volksdragen,sargeras,576,evoker,devastation,12,6,6
Papadigi,tichondrius,576,evoker,devastation,12,6,6
Sathendroz,tichondrius,576,evoker,devastation,12,6,6
Comepancito,quelthalas,576,evoker,devastation,12,6,6
Bruceleezard,sargeras,576,evoker,devastation,12,6,6
Joyburn,tichondrius,576,evoker,devastation,12,6,6
Pÿthön,sargeras,576,evoker,devastation,12,6,6
Dragonage,stormrage,576,evoker,devastation,12,6,6
Glizard,firetree,576,evoker,devastation,12,6,6
Ackreseth,stormreaver,576,evoker,devastation,12,6,6
Iamtrash,daggerspine,576,evoker,devastation,12,6,6
Actïoncat,emerald-dream,576,evoker,devastation,12,6,6
Setdrake,illidan,576,evoker,devastation,12,6,6
Shanaynayae,area-52,576,evoker,devastation,12,6,6
Schlecht,wyrmrest-accord,576,evoker,devastation,12,6,6
Sathregos,emerald-dream,576,evoker,devastation,12,6,6
Alucardragon,turalyon,576,evoker,devastation,12,6,6
Stewvoker,wyrmrest-accord,576,evoker,devastation,12,6,6
Nemenyah,emerald-dream,576,evoker,devastation,12,6,6
Evoketage,malganis,576,evoker,devastation,12,6,6
Dukä,dalaran,576,evoker,devastation,15,7,8
Gavstarz,frostmourne,576,evoker,devastation,15,7,8
Summertime,dalaran,576,evoker,devastation,18,6,12
Nyldra,area-52,576,evoker,devastation,20,6,14
Chaosrebørn,bleeding-hollow,576,evoker,devastation,24,6,18
Cøømbuya,sargeras,575,evoker,devastation,12,6,6
Kensar,drakkari,575,evoker,devastation,12,6,6
Dumbodragon,bleeding-hollow,575,evoker,devastation,12,6,6
Swagondragon,illidan,575,evoker,devastation,12,6,6
Cadevoke,area-52,575,evoker,devastation,12,6,6
Vrtra,lightbringer,575,evoker,devastation,12,6,6
Avastri,moon-guard,575,evoker,devastation,12,6,6
Rykuvokr,azuremyst,575,evoker,devastation,12,6,6
Rayquazatv,sargeras,575,evoker,devastation,12,6,6
Drãco,area-52,575,evoker,devastation,12,6,6
Lòrdope,illidan,575,evoker,devastation,12,6,6
Avithori,borean-tundra,575,evoker,devastation,12,6,6
Sevariel,frostmane,575,evoker,devastation,12,6,6
Amaryliss,kelthuzad,575,evoker,devastation,12,6,6
Kazecgos,zuljin,575,evoker,devastation,12,6,6
Taxfraudchad,sargeras,575,evoker,devastation,13,6,7
Spyspyro,emerald-dream,575,evoker,devastation,18,6,12
Crankxz,malganis,575,evoker,devastation,18,6,12
Alragos,ragnaros,575,evoker,devastation,18,6,12
Hopefire,zuljin,575,evoker,devastation,18,6,12
Saphirå,kelthuzad,575,evoker,devastation,24,6,18
Baeltas,blackrock,574,evoker,devastation,12,6,6
Vermáx,caelestrasz,574,evoker,devastation,12,6,6
Syndue,malganis,573,evoker,devastation,12,6,6
Silvèrr,tichondrius,573,evoker,devastation,12,6,6
Deathb,chromaggus,573,evoker,devastation,12,6,6
Noodleslut,stormrage,573,evoker,devastation,12,6,6
Kattsumoto,sargeras,573,evoker,devastation,18,6,12
Wheyvern,malganis,573,evoker,devastation,18,6,12
Azuril,wyrmrest-accord,572,evoker,devastation,12,6,6
Abodie,dalaran,572,evoker,devastation,18,6,12
Enazen,icecrown,568,evoker,devastation,12,6,6
Pzyko,ragnaros,551,evoker,devastation,17,6,11
Eyjes,stormrage,544,evoker,devastation,10,7,3
Zindrozarath,area-52,544,evoker,devastation,10,6,4
Vyserion,turalyon,543,evoker,devastation,8,7,1
Bigdaddyc,anvilmar,542,evoker,devastation,17,6,11
Boadie,kilrogg,542,evoker,devastation,24,7,17
Vaegahr,tichondrius,540,evoker,devastation,10,7,3
Adorablexo,stormrage,527,evoker,devastation,11,6,5
Arnoeryan,ragnaros,512,evoker,devastation,16,6,10
Carrnedge,area-52,511,evoker,devastation,11,6,5
Ugliest,aegwynn,511,evoker,devastation,14,6,8
Eleechee,magtheridon,510,evoker,devastation,10,6,4
Sathrenak,moon-guard,507,evoker,devastation,16,6,10
Draggindees,sargeras,488,evoker,devastation,19,8,11
Happywing,wyrmrest-accord,480,evoker,devastation,6,5,1
Kharibdis,kul-tiras,480,evoker,devastation,6,5,1
Vellony,kelthuzad,480,evoker,devastation,6,5,1
Elf,malganis,480,evoker,devastation,6,5,1
Metaevoker,thrall,480,evoker,devastation,6,5,1
Khalt,quelthalas,480,evoker,devastation,6,5,1
Novustrasza,lightbringer,480,evoker,devastation,6,5,1
Pèdro,moon-guard,480,evoker,devastation,6,5,1
Trillvoker,illidan,480,evoker,devastation,12,5,7
Rebuk,area-52,480,evoker,devastation,12,5,7
Jyp,kelthuzad,480,evoker,devastation,12,5,7
Darkscale,haomarush,480,evoker,devastation,12,5,7
Purplerocket,illidan,480,evoker,devastation,12,5,7
Zerosdream,thrall,480,evoker,devastation,12,5,7
Moltqt,tichondrius,480,evoker,devastation,12,5,7
Ackresh,executus,480,evoker,devastation,12,5,7
Dratonos,stormrage,480,evoker,devastation,12,5,7
Vallath,zuljin,480,evoker,devastation,12,5,7
Daraz,tichondrius,480,evoker,devastation,12,5,7
Toenailstew,zuljin,480,evoker,devastation,12,5,7
Galakrond,black-dragonflight,480,evoker,devastation,12,5,7
Ventiev,tichondrius,480,evoker,devastation,12,5,7
Nuppsy,frostmourne,480,evoker,devastation,12,5,7
Saìntgeorge,sargeras,480,evoker,devastation,12,5,7
Demikass,azralon,480,evoker,devastation,12,5,7
Drogôn,malganis,480,evoker,devastation,12,5,7
Westavia,laughing-skull,480,evoker,devastation,12,5,7
Faahrad,azralon,480,evoker,devastation,12,5,7
Eyedxl,magtheridon,480,evoker,devastation,12,5,7
Nazenazuresh,hyjal,480,evoker,devastation,12,5,7
Hellasketchy,sargeras,480,evoker,devastation,12,5,7
Blastouise,thunderlord,480,evoker,devastation,12,5,7
Asatrat,greymane,480,evoker,devastation,12,5,7
Smaugler,frostmourne,480,evoker,devastation,12,5,7
Velori,gurubashi,480,evoker,devastation,12,5,7
Drakthaer,tichondrius,480,evoker,devastation,13,5,8
Abath,quelthalas,480,evoker,devastation,14,5,9
Frm,tichondrius,480,evoker,devastation,18,5,13
Adios,kelthuzad,479,evoker,devastation,6,5,1
Mattykanish,illidan,479,evoker,devastation,12,5,7
Vermithõr,ragnaros,479,evoker,devastation,12,5,7
Dracoi,illidan,479,evoker,devastation,12,5,7
Zerodorez,zuljin,479,evoker,devastation,12,5,7
Azatresera,moon-guard,479,evoker,devastation,12,5,7
Treeio,tichondrius,479,evoker,devastation,12,5,7
Niratrenn,area-52,478,evoker,devastation,12,5,7
Nazervis,silver-hand,478,evoker,devastation,18,5,13
Althenot,emerald-dream,477,evoker,devastation,12,5,7
Sandrov,kaelthas,477,evoker,devastation,12,5,7
Surezilla,malganis,477,evoker,devastation,24,5,19
Sammalone,burning-blade,474,evoker,devastation,12,5,7
Shennron,darkspear,447,evoker,devastation,11,5,6
Khaleeseeh,stormrage,432,evoker,devastation,15,5,10
Zzae,tichondrius,432,evoker,devastation,15,5,10
Bowsette,area-52,431,evoker,devastation,11,5,6
Xfemboyqt,area-52,426,evoker,devastation,19,7,12
Dracthyr,nerzhul,415,evoker,devastation,11,5,6
Seaserpent,kelthuzad,384,evoker,devastation,6,4,2
Bilbodragonz,tichondrius,384,evoker,devastation,6,4,2
Extradry,frostmourne,384,evoker,devastation,6,4,2
Dragonchip,bleeding-hollow,384,evoker,devastation,6,4,2
Bmbo,illidan,384,evoker,devastation,6,4,2
Dragonaria,illidan,384,evoker,devastation,6,4,2
Walmartshoes,tichondrius,384,evoker,devastation,6,4,2
Biscotti,illidan,384,evoker,devastation,6,4,2
Testzvoker,dalaran,384,evoker,devastation,6,4,2
Daemon,detheroc,384,evoker,devastation,6,4,2
Foxstrazagos,hellscream,384,evoker,devastation,6,4,2
Lucerys,kelthuzad,384,evoker,devastation,6,4,2
Deathraux,tichondrius,384,evoker,devastation,6,4,2
Awexstwaza,bleeding-hollow,384,evoker,devastation,6,4,2
Evokaters,area-52,384,evoker,devastation,6,4,2
Shenròn,kelthuzad,384,evoker,devastation,6,4,2
Erebyssian,emerald-dream,384,evoker,devastation,6,4,2
Mushú,archimonde,384,evoker,devastation,6,4,2
Bodytypetwo,area-52,384,evoker,devastation,6,4,2
Yourgymcrush,illidan,384,evoker,devastation,6,4,2
Rapiddvoker,zuljin,384,evoker,devastation,6,4,2
Xaxas,boulderfist,384,evoker,devastation,6,4,2
Obseh,hyjal,384,evoker,devastation,6,4,2
Kaidoxuchihv,ragnaros,384,evoker,devastation,6,4,2
Hunarie,tichondrius,384,evoker,devastation,6,4,2
Brokenclassl,bleeding-hollow,384,evoker,devastation,6,4,2
Kusarí,moon-guard,384,evoker,devastation,6,4,2
Opsmybad,ragnaros,384,evoker,devastation,6,4,2
Atraxian,tichondrius,384,evoker,devastation,6,4,2
Docevoker,tichondrius,384,evoker,devastation,6,4,2
Korvold,zuluhed,384,evoker,devastation,6,4,2
Nexeraon,tichondrius,384,evoker,devastation,6,4,2
Dragonsbgay,stormrage,384,evoker,devastation,6,4,2
Roju,illidan,384,evoker,devastation,6,4,2
Rhykz,sargeras,384,evoker,devastation,6,4,2
Vuldon,area-52,384,evoker,devastation,6,4,2
Kèl,stormrage,384,evoker,devastation,6,4,2
Solazari,tichondrius,384,evoker,devastation,6,4,2
Ygdall,moon-guard,384,evoker,devastation,10,5,5
Blay,elune,384,evoker,devastation,12,4,8
Draggoh,bleeding-hollow,384,evoker,devastation,12,4,8
Magnito,thorium-brotherhood,384,evoker,devastation,12,4,8
Trazer,malfurion,384,evoker,devastation,12,4,8
Bigsquirt,proudmoore,384,evoker,devastation,12,4,8
Hornedtoad,shuhalo,384,evoker,devastation,12,4,8
Ancalgon,bloodscalp,384,evoker,devastation,12,4,8
Nosrej,hyjal,384,evoker,devastation,12,4,8
Dracconic,sargeras,384,evoker,devastation,12,4,8
Nitalzith,area-52,384,evoker,devastation,12,4,8
Nemenaru,tichondrius,384,evoker,devastation,12,4,8
Arkevo,tichondrius,384,evoker,devastation,12,4,8
Lamdyn,wyrmrest-accord,384,evoker,devastation,12,4,8
Kulrainor,drakkari,384,evoker,devastation,12,4,8
Butta,darkspear,384,evoker,devastation,12,4,8
Bootybee,area-52,384,evoker,devastation,12,4,8
Aerogold,dragonmaw,384,evoker,devastation,12,4,8
Idiotlizard,stormrage,384,evoker,devastation,12,4,8
Usulamili,stormrage,384,evoker,devastation,12,4,8
Garovoker,stormrage,384,evoker,devastation,12,4,8
Kcwt,illidan,384,evoker,devastation,12,4,8
Kurulol,ragnaros,384,evoker,devastation,12,4,8
Kendrac,wyrmrest-accord,384,evoker,devastation,12,4,8
Amnesiashot,illidan,384,evoker,devastation,12,4,8
Devåståtion,tichondrius,384,evoker,devastation,12,4,8
Shárónandréá,ragnaros,384,evoker,devastation,14,4,10
Munichho,spirestone,384,evoker,devastation,18,4,14
Cuarta,drakkari,384,evoker,devastation,18,4,14
Dadydafather,sargeras,384,evoker,devastation,30,4,26
Deralizrd,tichondrius,383,evoker,devastation,6,4,2
Rysonda,tichondrius,383,evoker,devastation,6,4,2
Dinossauro,stormrage,383,evoker,devastation,6,4,2
Dragonboi,dathremar,383,evoker,devastation,6,4,2
Jabberwockie,zuljin,383,evoker,devastation,12,4,8
Joerelicgos,moon-guard,383,evoker,devastation,12,4,8
Odaa,moon-guard,383,evoker,devastation,12,4,8
Gunship,moon-guard,383,evoker,devastation,12,4,8
Zaland,whisperwind,383,evoker,devastation,12,4,8
Gorby,tichondrius,383,evoker,devastation,12,4,8
Axlo,azgalor,383,evoker,devastation,12,4,8
Zafirina,proudmoore,383,evoker,devastation,18,4,14
Mynameisjohn,hakkar,382,evoker,devastation,6,4,2
Äpollo,frostmourne,382,evoker,devastation,12,4,8
Dracalis,thrall,381,evoker,devastation,12,4,8
Forte,terokkar,381,evoker,devastation,18,4,14
Fearmybreath,stormrage,370,evoker,devastation,22,7,15
Elfdatv,tichondrius,367,evoker,devastation,11,4,7
Serazenoth,area-52,336,evoker,devastation,9,4,5
Mesamune,bonechewer,336,evoker,devastation,9,4,5
Lazioo,frostmourne,336,evoker,devastation,9,4,5
Acindor,stormrage,335,evoker,devastation,11,4,7
Ackrs,tichondrius,335,evoker,devastation,11,4,7
Heizdrag,area-52,335,evoker,devastation,17,4,13
Satanass,trollbane,332,evoker,devastation,11,4,7
Neelymyhoe,tichondrius,330,evoker,devastation,12,5,7
Nardleberry,wyrmrest-accord,330,evoker,devastation,15,5,10
Draygaar,stormrage,330,evoker,devastation,15,5,10
Failkor,boulderfist,288,evoker,devastation,6,3,3
Vermitor,sargeras,288,evoker,devastation,6,3,3
Aomend,stormrage,288,evoker,devastation,6,3,3
Baarss,tichondrius,288,evoker,devastation,6,3,3
Falsedaze,sargeras,288,evoker,devastation,6,3,3
Damo,skullcrusher,288,evoker,devastation,6,3,3
Sardonyx,dragonmaw,288,evoker,devastation,6,3,3
Horsegoblin,illidan,288,evoker,devastation,6,3,3
Unisex,ragnaros,288,evoker,devastation,6,3,3
Drugdoer,illidan,288,evoker,devastation,6,3,3
Holdherhorn,area-52,288,evoker,devastation,6,3,3
Dragmihi,quelthalas,288,evoker,devastation,6,3,3
Yeda,barthilas,288,evoker,devastation,6,3,3
Nashalan,garona,288,evoker,devastation,6,3,3
Varandir,frostmane,288,evoker,devastation,6,3,3
Preservant,stormrage,288,evoker,devastation,6,3,3
Cowardlysavi,illidan,288,evoker,devastation,6,3,3
Larythelzrd,tichondrius,288,evoker,devastation,6,3,3
Magicev,tichondrius,288,evoker,devastation,6,3,3
Patrdorasz,zuljin,288,evoker,devastation,6,3,3
Wickedwings,tichondrius,288,evoker,devastation,6,3,3
Sovant,sargeras,288,evoker,devastation,6,3,3
Zarazerath,tichondrius,288,evoker,devastation,6,3,3
Lëåf,area-52,288,evoker,devastation,6,3,3
Soupywings,illidan,288,evoker,devastation,6,3,3
Nonjer,tichondrius,288,evoker,devastation,6,3,3
Aaleron,turalyon,288,evoker,devastation,6,3,3
Ceraxes,stormscale,288,evoker,devastation,6,3,3
Moarkish,sargeras,288,evoker,devastation,6,3,3
Yousmokemids,frostwolf,288,evoker,devastation,6,3,3
Spyroh,crushridge,288,evoker,devastation,6,3,3
Caredormu,frostmourne,288,evoker,devastation,6,3,3
Sensandors,tichondrius,288,evoker,devastation,6,3,3
Dragonpel,azralon,288,evoker,devastation,6,3,3
Hausebat,aegwynn,288,evoker,devastation,6,3,3
Âréz,frostmourne,288,evoker,devastation,6,3,3
Shenronda,moon-guard,288,evoker,devastation,6,3,3
Skeye,malganis,288,evoker,devastation,6,3,3
Drackthyria,quelthalas,288,evoker,devastation,6,3,3
Koyra,illidan,288,evoker,devastation,6,3,3
Chac,shadowsong,288,evoker,devastation,6,3,3
Kettor,kelthuzad,288,evoker,devastation,6,3,3
Zindrath,emerald-dream,288,evoker,devastation,6,3,3
Baddrake,moon-guard,288,evoker,devastation,6,3,3
Spyro,nazgrel,288,evoker,devastation,6,3,3
Drakistraz,draenor,288,evoker,devastation,6,3,3
Xerroh,area-52,288,evoker,devastation,6,3,3
Kazekgos,sargeras,288,evoker,devastation,6,3,3
Raelstra,sargeras,288,evoker,devastation,6,3,3
Teevoke,drakthul,288,evoker,devastation,6,3,3
Nøzmosis,area-52,288,evoker,devastation,6,3,3
Burningwoe,tichondrius,288,evoker,devastation,6,3,3
Avasd,area-52,288,evoker,devastation,6,3,3
Theomarz,nagrand,288,evoker,devastation,6,3,3
Brôcôlînî,zuljin,288,evoker,devastation,6,3,3
Jakarn,moon-guard,288,evoker,devastation,6,3,3
Dreamfyrexi,thrall,288,evoker,devastation,6,3,3
Scyyterr,azralon,288,evoker,devastation,6,3,3
Kuroiryu,kelthuzad,288,evoker,devastation,6,3,3
Blackrend,illidan,288,evoker,devastation,6,3,3
Straykitty,moon-guard,288,evoker,devastation,6,3,3
Skydragonlol,tichondrius,288,evoker,devastation,7,3,4
Taegon,area-52,288,evoker,devastation,10,4,6
Viverion,dalaran,288,evoker,devastation,10,4,6
Vandinus,stormrage,288,evoker,devastation,8,3,5
Berylhwit,emerald-dream,288,evoker,devastation,11,3,8
Chriszilla,tichondrius,288,evoker,devastation,12,3,9
Milfwizard,tichondrius,288,evoker,devastation,12,3,9
Freddragon,illidan,288,evoker,devastation,12,3,9
Lizardlee,stormrage,288,evoker,devastation,12,3,9
Tazzay,tichondrius,288,evoker,devastation,12,3,9
Inferna,ysera,288,evoker,devastation,12,3,9
Enserio,stormrage,288,evoker,devastation,12,3,9
Draconis,onyxia,288,evoker,devastation,12,3,9
Detreshan,stormreaver,288,evoker,devastation,12,3,9
Sigroux,area-52,288,evoker,devastation,12,3,9
Praac,illidan,288,evoker,devastation,12,3,9
Akatosh,bloodhoof,288,evoker,devastation,12,3,9
Dragkween,sargeras,288,evoker,devastation,12,3,9
Handb,tichondrius,288,evoker,devastation,12,3,9
Healmeta,sargeras,288,evoker,devastation,12,3,9
Talonsong,wyrmrest-accord,288,evoker,devastation,12,3,9
Bjarne,hyjal,288,evoker,devastation,12,3,9
Eggvoker,area-52,288,evoker,devastation,12,3,9
Marâjade,proudmoore,288,evoker,devastation,12,3,9
Zatrazenot,area-52,287,evoker,devastation,6,3,3
Zeralzin,aerie-peak,287,evoker,devastation,6,3,3
Madzilla,borean-tundra,287,evoker,devastation,13,4,9
Baddragon,llane,287,evoker,devastation,12,3,9
Myvrth,windrunner,287,evoker,devastation,12,3,9
Shaletresh,thrall,287,evoker,devastation,12,3,9
Doubledeuce,gorefiend,287,evoker,devastation,12,3,9
Kilnarx,uldaman,286,evoker,devastation,6,3,3
Brontez,malganis,286,evoker,devastation,6,3,3
Conorvokes,tichondrius,255,evoker,devastation,11,3,8
Ghorin,akama,240,evoker,devastation,9,3,6
Draconiss,bonechewer,239,evoker,devastation,5,3,2
Tußizard,kelthuzad,239,evoker,devastation,5,3,2
Nebulae,proudmoore,239,evoker,devastation,11,3,8
Evoque,sargeras,239,evoker,devastation,15,3,12
Reombarth,nemesis,234,evoker,devastation,12,6,6
Baddrakthyr,moon-guard,234,evoker,devastation,13,4,9
Matchlock,vashj,224,evoker,devastation,10,3,7
Spectaclaw,crushridge,223,evoker,devastation,8,3,5
Niraz,dalaran,223,evoker,devastation,14,3,11
Ormagöden,ravencrest,208,evoker,devastation,13,3,10
Pirallotckil,boulderfist,192,evoker,devastation,4,3,1
Selocky,bleeding-hollow,192,evoker,devastation,6,2,4
Vapegodx,proudmoore,192,evoker,devastation,6,2,4
Xazxander,tichondrius,192,evoker,devastation,6,2,4
Siatren,shadowmoon,192,evoker,devastation,6,2,4
Magikarpchan,ragnaros,192,evoker,devastation,6,2,4
Lanatii,tichondrius,192,evoker,devastation,6,2,4
Santiny,azralon,192,evoker,devastation,6,2,4
Dokthyr,lightbringer,192,evoker,devastation,6,2,4
Deshandrov,bleeding-hollow,192,evoker,devastation,6,2,4
Woozul,malganis,192,evoker,devastation,6,2,4
Ilithiphobia,ghostlands,192,evoker,devastation,6,2,4
Azumgi,malganis,192,evoker,devastation,6,2,4
Setaler,bonechewer,192,evoker,devastation,6,2,4
Critqueenx,destromath,192,evoker,devastation,6,2,4
Dracorblaq,bleeding-hollow,192,evoker,devastation,6,2,4
Ralzital,auchindoun,192,evoker,devastation,6,2,4
Imthevoker,frostmourne,192,evoker,devastation,6,2,4
Horusnight,drakkari,192,evoker,devastation,6,2,4
Olawd,azshara,192,evoker,devastation,6,2,4
Zattanik,ragnaros,192,evoker,devastation,6,2,4
Donlarry,ragnaros,192,evoker,devastation,6,2,4
Stinkÿbreath,bleeding-hollow,192,evoker,devastation,6,2,4
Kímbah,emerald-dream,192,evoker,devastation,6,2,4
Hoodoo,dark-iron,192,evoker,devastation,6,2,4
Nitalash,moon-guard,192,evoker,devastation,6,2,4
Guavomango,moon-guard,192,evoker,devastation,6,2,4
Swamper,emerald-dream,192,evoker,devastation,6,2,4
Lizardbayne,the-scryers,192,evoker,devastation,6,2,4
Nightd,tichondrius,192,evoker,devastation,6,2,4
Moorozond,zuljin,192,evoker,devastation,6,2,4
Dragkweened,illidan,192,evoker,devastation,6,2,4
Paindragon,tol-barad,192,evoker,devastation,6,2,4
Sargg,bleeding-hollow,192,evoker,devastation,6,2,4
Wydbro,kiljaeden,192,evoker,devastation,6,2,4
Tasdaral,tichondrius,192,evoker,devastation,6,2,4
Gaiyo,sargeras,192,evoker,devastation,6,2,4
Babylons,area-52,192,evoker,devastation,6,2,4
Dragondubya,illidan,192,evoker,devastation,6,2,4
Racovoker,zuljin,192,evoker,devastation,6,2,4
Draguhne,stormrage,192,evoker,devastation,6,2,4
Acade,tichondrius,192,evoker,devastation,6,2,4
Exaraz,sargeras,192,evoker,devastation,6,2,4
Keosis,zuljin,192,evoker,devastation,6,2,4
Dragonsand,area-52,192,evoker,devastation,6,2,4
Álln,sargeras,192,evoker,devastation,6,2,4
Yalena,illidan,192,evoker,devastation,6,2,4
Zuberion,wyrmrest-accord,192,evoker,devastation,6,2,4
Mikaeza,tichondrius,192,evoker,devastation,6,2,4
Nichlaus,zuljin,192,evoker,devastation,6,2,4
Dragboy,stormrage,192,evoker,devastation,6,2,4
Kazerica,illidan,192,evoker,devastation,6,2,4
Analogies,stormrage,192,evoker,devastation,6,2,4
Baexstrasza,tichondrius,192,evoker,devastation,6,2,4
Zackxo,moon-guard,192,evoker,devastation,6,2,4
Chapdragless,illidan,192,evoker,devastation,6,2,4
Iragorn,nemesis,192,evoker,devastation,6,2,4
Sardior,tichondrius,192,evoker,devastation,6,2,4
Dixb,illidan,192,evoker,devastation,6,2,4
Nyaraoorun,uther,192,evoker,devastation,6,2,4
Puffed,frostmourne,192,evoker,devastation,6,2,4
Firebreather,quelthalas,192,evoker,devastation,6,2,4
Desdinova,tortheldrin,192,evoker,devastation,6,2,4
Shädòwçäsper,kilrogg,192,evoker,devastation,6,2,4
Noxidian,moon-guard,192,evoker,devastation,6,2,4
Bad,nerzhul,192,evoker,devastation,6,2,4
Pocketgiga,stormrage,192,evoker,devastation,6,2,4
Ryüh,azralon,192,evoker,devastation,6,2,4
Theyevokbuda,kelthuzad,192,evoker,devastation,6,2,4
Ploops,korialstrasz,192,evoker,devastation,6,2,4
Weirdclassx,tichondrius,192,evoker,devastation,6,2,4
Joesount,frostmourne,192,evoker,devastation,6,2,4
Enzi,vashj,192,evoker,devastation,6,2,4
Parachutes,kelthuzad,192,evoker,devastation,6,2,4
Galakrona,frostmourne,192,evoker,devastation,6,2,4
Pyrepeanut,tichondrius,192,evoker,devastation,6,2,4
Draketyr,area-52,192,evoker,devastation,6,2,4
Goreriders,area-52,192,evoker,devastation,6,2,4
Rozdormu,frostmourne,192,evoker,devastation,6,2,4
Nookoo,frostmourne,192,evoker,devastation,6,2,4
Daebruk,ragnaros,192,evoker,devastation,6,2,4
Aralzit,tichondrius,192,evoker,devastation,6,2,4
Chimata,kelthuzad,192,evoker,devastation,6,2,4
Kymera,dalaran,192,evoker,devastation,6,2,4
Doldorrii,terenas,192,evoker,devastation,6,2,4
Slydawg,amanthul,192,evoker,devastation,6,2,4
Gigagigas,dalaran,192,evoker,devastation,6,2,4
Umbrathel,tichondrius,192,evoker,devastation,6,2,4
Charlievoke,barthilas,192,evoker,devastation,7,2,5
Cyromancerr,illidan,192,evoker,devastation,8,2,6
Sunglasses,icecrown,192,evoker,devastation,8,2,6
Detralan,draka,192,evoker,devastation,12,2,10
Chillistraza,tichondrius,192,evoker,devastation,12,2,10
Valkarie,arygos,192,evoker,devastation,12,2,10
Drewdragon,zuljin,192,evoker,devastation,12,2,10
Kuthar,barthilas,192,evoker,devastation,12,2,10
Bitormu,scilla,192,evoker,devastation,12,2,10
Erathiss,wyrmrest-accord,192,evoker,devastation,12,2,10
Niraller,tichondrius,192,evoker,devastation,12,2,10
Dragonbornhd,tichondrius,192,evoker,devastation,12,2,10
Jormongand,garrosh,192,evoker,devastation,12,2,10
Villaindraq,stormrage,192,evoker,devastation,12,2,10
Blueblack,proudmoore,192,evoker,devastation,12,2,10
Sørrøw,blades-edge,192,evoker,devastation,18,2,16
Kaereelass,stormrage,191,evoker,devastation,6,2,4
Shenlongg,sargeras,191,evoker,devastation,6,2,4
Flightdragon,eldrethalas,191,evoker,devastation,6,2,4
Grigori,vashj,191,evoker,devastation,12,2,10
Rajhyn,azralon,191,evoker,devastation,18,2,16
Lesbianlizrd,sargeras,180,evoker,devastation,11,6,5
Exiztx,tichondrius,160,evoker,devastation,10,2,8
Enoth,aerie-peak,159,evoker,devastation,5,2,3
Tevvez,moon-guard,159,evoker,devastation,5,2,3
Alkden,azralon,159,evoker,devastation,8,3,5
Skaylee,illidan,144,evoker,devastation,9,2,7
Deshalth,dalaran,138,evoker,devastation,11,5,6
Deathflamee,emerald-dream,138,evoker,devastation,12,3,9
Iced,burning-legion,128,evoker,devastation,4,2,2
Shunkagosa,frostmourne,128,evoker,devastation,4,2,2
Booniejimbob,illidan,128,evoker,devastation,4,2,2
Vïtmercon,frostmourne,128,evoker,devastation,10,2,8
Vormontis,azralon,112,evoker,devastation,7,2,5
Tugmapvpean,kelthuzad,96,evoker,devastation,3,2,1
Ojigi,sargeras,96,evoker,devastation,6,1,5
Spacedragon,moon-guard,96,evoker,devastation,6,1,5
Tretan,illidan,96,evoker,devastation,6,1,5
Rutheal,amanthul,96,evoker,devastation,6,1,5
Ryuukishi,amanthul,96,evoker,devastation,6,1,5
Cindrozaraz,stormreaver,96,evoker,devastation,6,1,5
Demobreath,sargeras,96,evoker,devastation,6,1,5
Krenth,malganis,96,evoker,devastation,6,1,5
Ghidorah,sentinels,96,evoker,devastation,6,1,5
Warchad,stormrage,96,evoker,devastation,6,1,5
Stankybreff,area-52,96,evoker,devastation,6,1,5
Genderbenda,uldum,96,evoker,devastation,6,1,5
Shintrax,ragnaros,96,evoker,devastation,6,1,5
Lucià,thrall,96,evoker,devastation,6,1,5
Splewt,thrall,96,evoker,devastation,6,1,5
Demonmommy,caelestrasz,96,evoker,devastation,6,1,5
Rojothyr,tichondrius,96,evoker,devastation,6,1,5
Fígment,tichondrius,96,evoker,devastation,6,1,5
Bløssom,malganis,96,evoker,devastation,6,1,5
Charrio,illidan,96,evoker,devastation,6,1,5
Donresantis,tichondrius,96,evoker,devastation,6,1,5
Dàno,tichondrius,96,evoker,devastation,6,1,5
Kazadon,icecrown,96,evoker,devastation,6,1,5
Modenzu,malganis,96,evoker,devastation,6,1,5
Happyevoker,tichondrius,96,evoker,devastation,6,1,5
Luceryz,drakkari,96,evoker,devastation,6,1,5
Zinderaz,runetotem,96,evoker,devastation,6,1,5
Batterypowa,frostmourne,96,evoker,devastation,6,1,5
Trensetra,sargeras,96,evoker,devastation,6,1,5
Voraevo,sargeras,96,evoker,devastation,6,1,5
Trogs,emerald-dream,96,evoker,devastation,6,1,5
Ocd,stormrage,96,evoker,devastation,6,1,5
Netrazei,the-scryers,96,evoker,devastation,6,1,5
Daysubb,crushridge,96,evoker,devastation,6,1,5
Kazë,nemesis,96,evoker,devastation,6,1,5
Scrier,frostmourne,96,evoker,devastation,6,1,5
Puffthejoint,proudmoore,96,evoker,devastation,6,1,5
Trapaceiiro,azralon,96,evoker,devastation,6,1,5
Dragonsand,stormrage,96,evoker,devastation,6,1,5
Drakkar,elune,96,evoker,devastation,6,1,5
Flaptastic,elune,96,evoker,devastation,6,1,5
Zealagon,ragnaros,96,evoker,devastation,6,1,5
Roatisserie,malganis,96,evoker,devastation,6,1,5
Selfhealzer,korgath,96,evoker,devastation,6,1,5
Skithyrix,bleeding-hollow,96,evoker,devastation,6,1,5
Jsb,moon-guard,96,evoker,devastation,6,1,5
Repd,sargeras,96,evoker,devastation,6,1,5
Ðrac,bleeding-hollow,96,evoker,devastation,6,1,5
Sneekysnekz,tichondrius,96,evoker,devastation,6,1,5
Rhyno,tichondrius,96,evoker,devastation,6,1,5
Stormdrake,ragnaros,96,evoker,devastation,6,1,5
Dripps,bleeding-hollow,96,evoker,devastation,6,1,5
Celestras,illidan,96,evoker,devastation,6,1,5
Asui,senjin,96,evoker,devastation,6,1,5
Ackonstraza,frostmourne,96,evoker,devastation,6,1,5
Durnehviir,shadow-council,96,evoker,devastation,6,1,5
Dracynmana,perenolde,96,evoker,devastation,6,1,5
Wetbreath,sargeras,96,evoker,devastation,6,1,5
Myjewelshurt,stormrage,96,evoker,devastation,6,1,5
Chocamocos,area-52,96,evoker,devastation,6,1,5
Ipunchdarts,frostmourne,96,evoker,devastation,6,1,5
Alarien,frostmane,96,evoker,devastation,6,1,5
Donormi,moon-guard,96,evoker,devastation,12,1,11
Icedmochaa,thrall,96,evoker,devastation,12,1,11
Rathend,lothar,96,evoker,devastation,12,1,11
Ysondrius,durotan,96,evoker,devastation,12,1,11
Carnosaur,lightbringer,96,evoker,devastation,12,1,11
Colloc,tichondrius,96,evoker,devastation,12,1,11
Blightfang,arthas,96,evoker,devastation,12,1,11
Bigwurrm,illidan,96,evoker,devastation,18,1,17
Frozzensun,illidan,96,evoker,devastation,18,1,17
Eralfa,sargeras,96,evoker,devastation,18,1,17
Líghtníng,tichondrius,95,evoker,devastation,7,1,6
Coped,stormrage,79,evoker,devastation,5,1,4
Starkiller,stormrage,64,evoker,devastation,4,1,3
Nwo,shattered-hand,64,evoker,devastation,4,1,3
Moankeymage,stormreaver,63,evoker,devastation,2,2,0
Nyxtari,ragnaros,48,evoker,devastation,3,1,2
Bribbs,frostmourne,42,evoker,devastation,7,2,5
Charlestrasz,hyjal,42,evoker,devastation,11,3,8
Hiroshim,stormrage,42,evoker,devastation,11,3,8
Ytq,tichondrius,42,evoker,devastation,10,2,8
Nilakanta,hyjal,31,evoker,devastation,2,1,1
Remisha,emerald-dream,2214,hunter,marksmanship,159,84,75
Chadsmanship,kelthuzad,2141,hunter,marksmanship,134,66,68
Dobarantu,tichondrius,2128,hunter,marksmanship,235,122,113
Darkshady,tichondrius,2108,hunter,marksmanship,84,44,40
Abolick,area-52,2019,hunter,marksmanship,189,98,91
Tracershot,malganis,2015,hunter,marksmanship,91,52,39
Rendel,drakkari,1986,hunter,marksmanship,348,174,174
Taumelz,sargeras,1975,hunter,marksmanship,82,38,44
Dolcece,tichondrius,1972,hunter,marksmanship,120,57,63
Soloshuffle,kelthuzad,1971,hunter,marksmanship,66,33,33
Preze,moon-guard,1961,hunter,marksmanship,87,52,35
Imvalence,area-52,1956,hunter,marksmanship,193,92,101
Hrafn,illidan,1942,hunter,marksmanship,66,37,29
Êvâ,frostmourne,1937,hunter,marksmanship,96,48,48
Êvæ,frostmourne,1932,hunter,marksmanship,98,50,48
Mochigelato,kelthuzad,1920,hunter,marksmanship,66,31,35
Nishinos,tichondrius,1918,hunter,marksmanship,410,205,205
Bosshunter,tichondrius,1910,hunter,marksmanship,122,65,57
Babyhydra,frostmourne,1906,hunter,marksmanship,71,35,36
Fuknhunter,kiljaeden,1905,hunter,marksmanship,110,56,54
Rakan,spinebreaker,1884,hunter,marksmanship,54,33,21
Bøl,ragnaros,1882,hunter,marksmanship,30,20,10
Hokutoxx,tichondrius,1882,hunter,marksmanship,86,40,46
Wmsgs,tichondrius,1879,hunter,marksmanship,455,229,226
Tandope,sargeras,1877,hunter,marksmanship,53,24,29
Moonwind,tichondrius,1873,hunter,marksmanship,95,44,51
Milae,frostmourne,1870,hunter,marksmanship,96,48,48
Drupert,tichondrius,1869,hunter,marksmanship,36,20,16
Mhd,stormrage,1863,hunter,marksmanship,77,36,41
Banshee,frostmourne,1856,hunter,marksmanship,70,38,32
Goonsh,tichondrius,1856,hunter,marksmanship,72,36,36
Renaître,tichondrius,1856,hunter,marksmanship,212,103,109
Photos,moon-guard,1852,hunter,marksmanship,89,57,32
Squawkers,sargeras,1848,hunter,marksmanship,78,43,35
Ðurostar,area-52,1841,hunter,marksmanship,66,36,30
Blackjesu,blackrock,1841,hunter,marksmanship,78,35,43
Blickys,area-52,1838,hunter,marksmanship,54,22,32
Takeiya,zuljin,1830,hunter,marksmanship,65,33,32
Hâwkêyê,thrall,1827,hunter,marksmanship,48,22,26
Headshoot,tichondrius,1826,hunter,marksmanship,131,77,54
Venerer,tichondrius,1825,hunter,marksmanship,138,76,62
Dynith,sargeras,1825,hunter,marksmanship,75,39,36
Bootywhop,dalaran,1819,hunter,marksmanship,78,41,37
Ingrutamig,tichondrius,1817,hunter,marksmanship,72,34,38
Iconvoked,sargeras,1816,hunter,marksmanship,214,110,104
Zzackchicken,tichondrius,1813,hunter,marksmanship,42,25,17
Colada,malganis,1813,hunter,marksmanship,72,34,38
Sungold,dathremar,1809,hunter,marksmanship,32,26,6
Zumago,tichondrius,1808,hunter,marksmanship,117,60,57
Supersaiyan,antonidas,1806,hunter,marksmanship,66,31,35
Tánsøxøxø,tichondrius,1805,hunter,marksmanship,60,30,30
Ladderpolice,tichondrius,1803,hunter,marksmanship,167,90,77
Czeroenjoyer,malganis,1803,hunter,marksmanship,66,33,33
Lely,tichondrius,1800,hunter,marksmanship,72,38,34
Trapordíe,tichondrius,1800,hunter,marksmanship,42,21,21
Biubiubiubiu,proudmoore,1794,hunter,marksmanship,143,85,58
Primalus,tichondrius,1794,hunter,marksmanship,48,22,26
Durbìn,sargeras,1792,hunter,marksmanship,88,42,46
Markymarc,tichondrius,1788,hunter,marksmanship,77,30,47
Drasen,deathwing,1778,hunter,marksmanship,48,27,21
Kensho,illidan,1777,hunter,marksmanship,101,54,47
Khasu,ragnaros,1767,hunter,marksmanship,42,21,21
Undeadroach,tichondrius,1767,hunter,marksmanship,251,123,128
Hagadinn,frostmourne,1765,hunter,marksmanship,48,21,27
Hmh,burning-legion,1762,hunter,marksmanship,387,201,186
Blaðe,kelthuzad,1762,hunter,marksmanship,286,140,146
Arrowslol,stormrage,1761,hunter,marksmanship,206,111,95
Shatterwax,area-52,1753,hunter,marksmanship,96,44,52
Globalcake,illidan,1750,hunter,marksmanship,312,154,158
Notnick,tichondrius,1747,hunter,marksmanship,84,37,47
Overgnome,ragnaros,1746,hunter,marksmanship,105,52,53
Astolenis,quelthalas,1745,hunter,marksmanship,96,42,54
Nes,azuremyst,1744,hunter,marksmanship,92,49,43
Zota,frostmourne,1744,hunter,marksmanship,36,19,17
Undien,area-52,1742,hunter,marksmanship,123,65,58
Hunterlist,frostmourne,1738,hunter,marksmanship,143,68,75
Valdra,aegwynn,1730,hunter,marksmanship,102,56,46
Hokutox,tichondrius,1730,hunter,marksmanship,136,60,76
Trapstar,aggramar,1729,hunter,marksmanship,80,46,34
Stormjin,arthas,1729,hunter,marksmanship,122,64,58
Deutêr,quelthalas,1729,hunter,marksmanship,114,57,57
Jamesmcgill,tichondrius,1722,hunter,marksmanship,77,31,46
Glockin,zuljin,1719,hunter,marksmanship,36,18,18
Mapp,tichondrius,1717,hunter,marksmanship,36,21,15
Onemøreshot,bleeding-hollow,1717,hunter,marksmanship,185,98,87
Tren,blackrock,1716,hunter,marksmanship,62,32,30
Kkoduckk,tichondrius,1715,hunter,marksmanship,30,19,11
Aymas,sargeras,1714,hunter,marksmanship,185,97,88
Comebacks,ragnaros,1714,hunter,marksmanship,95,46,49
Dudemanyeah,skullcrusher,1714,hunter,marksmanship,72,28,44
Nãmki,tichondrius,1710,hunter,marksmanship,48,32,16
Onemoreshot,bleeding-hollow,1709,hunter,marksmanship,248,124,124
Sharpknife,dreadmaul,1708,hunter,marksmanship,96,46,50
Brewster,burning-legion,1707,hunter,marksmanship,84,43,41
Kristemis,thrall,1705,hunter,marksmanship,123,59,64
Aqurandris,moon-guard,1704,hunter,marksmanship,146,87,59
Quickitty,proudmoore,1703,hunter,marksmanship,148,73,75
Maia,frostwolf,1702,hunter,marksmanship,172,90,82
Alyywn,tichondrius,1702,hunter,marksmanship,261,128,133
Rawrzy,sargeras,1702,hunter,marksmanship,47,21,26
Tommychong,shandris,1701,hunter,marksmanship,167,86,81
Heädshöt,malorne,1699,hunter,marksmanship,78,38,40
Petattack,barthilas,1698,hunter,marksmanship,52,22,30
Scareder,malganis,1694,hunter,marksmanship,60,25,35
Huntkiller,tichondrius,1692,hunter,marksmanship,90,54,36
Khasü,quelthalas,1691,hunter,marksmanship,53,33,20
Misakilr,sargeras,1691,hunter,marksmanship,78,44,34
Keelif,arthas,1690,hunter,marksmanship,54,24,30
Huntsey,frostmourne,1688,hunter,marksmanship,36,18,18
Andalora,malganis,1685,hunter,marksmanship,35,19,16
Blungo,azralon,1682,hunter,marksmanship,184,92,92
Madbéê,tichondrius,1681,hunter,marksmanship,57,29,28
Drivebymac,tichondrius,1679,hunter,marksmanship,162,84,78
Killatrap,malganis,1677,hunter,marksmanship,42,23,19
Krissiz,drakkari,1676,hunter,marksmanship,30,18,12
Dracõ,proudmoore,1674,hunter,marksmanship,128,67,61
Evaelfi,illidan,1674,hunter,marksmanship,46,21,25
Ekzoo,tichondrius,1672,hunter,marksmanship,34,21,13
Spunky,zuluhed,1670,hunter,marksmanship,60,32,28
Shotmaster,tichondrius,1669,hunter,marksmanship,72,40,32
Learn,sargeras,1667,hunter,marksmanship,78,44,34
Stephkurryz,tichondrius,1667,hunter,marksmanship,50,24,26
Keenz,frostmourne,1666,hunter,marksmanship,54,24,30
Beldhur,archimonde,1666,hunter,marksmanship,59,26,33
Tassili,illidan,1666,hunter,marksmanship,60,23,37
Angelickon,tichondrius,1665,hunter,marksmanship,110,60,50
Mukbangbj,terenas,1662,hunter,marksmanship,118,65,53
Deliond,moon-guard,1661,hunter,marksmanship,275,145,130
Bertimus,sargeras,1659,hunter,marksmanship,120,60,60
Doves,wyrmrest-accord,1657,hunter,marksmanship,72,40,32
Candytoxic,quelthalas,1657,hunter,marksmanship,78,40,38
Kìllshot,madoran,1656,hunter,marksmanship,72,36,36
Hhappy,tichondrius,1655,hunter,marksmanship,124,57,67
Johaylon,sargeras,1654,hunter,marksmanship,60,27,33
Bowreckage,malganis,1650,hunter,marksmanship,259,140,119
Vitekz,illidan,1648,hunter,marksmanship,66,39,27
Bwaa,illidan,1648,hunter,marksmanship,186,97,89
Gohan,jubeithos,1648,hunter,marksmanship,63,31,32
Hämhunter,stormrage,1643,hunter,marksmanship,106,63,43
Freshko,kiljaeden,1641,hunter,marksmanship,48,31,17
Gotchã,area-52,1641,hunter,marksmanship,45,28,17
Slantedshot,coilfang,1641,hunter,marksmanship,150,67,83
Ïkite,zuljin,1640,hunter,marksmanship,30,21,9
Latesummer,tichondrius,1639,hunter,marksmanship,60,32,28
Wildder,area-52,1637,hunter,marksmanship,62,35,27
Plasmonic,muradin,1636,hunter,marksmanship,30,18,12
Surprisemfkr,emerald-dream,1635,hunter,marksmanship,78,39,39
Freezetrap,proudmoore,1632,hunter,marksmanship,39,24,15
Boquiinha,stormrage,1632,hunter,marksmanship,194,93,101
Pobby,frostmourne,1631,hunter,marksmanship,48,37,11
Showtheio,azralon,1631,hunter,marksmanship,36,23,13
Delphine,korgath,1631,hunter,marksmanship,106,45,61
Orber,stormrage,1628,hunter,marksmanship,44,23,21
Hanabanana,wyrmrest-accord,1627,hunter,marksmanship,30,17,13
Jotosalsa,blackrock,1627,hunter,marksmanship,114,64,50
Rednivrap,kelthuzad,1627,hunter,marksmanship,40,20,20
Elfymcelf,arthas,1626,hunter,marksmanship,108,55,53
ßoo,darkspear,1625,hunter,marksmanship,72,43,29
Wìkkihx,emerald-dream,1622,hunter,marksmanship,149,79,70
Yønkøu,azralon,1622,hunter,marksmanship,134,64,70
Arjunå,sargeras,1621,hunter,marksmanship,101,56,45
Mickyluvin,emerald-dream,1619,hunter,marksmanship,42,23,19
Xcw,stormrage,1619,hunter,marksmanship,60,28,32
Zakiro,illidan,1618,hunter,marksmanship,30,20,10
Toxarch,aggramar,1618,hunter,marksmanship,156,73,83
Alansho,tichondrius,1618,hunter,marksmanship,53,20,33
Tânsøxøxø,tichondrius,1617,hunter,marksmanship,30,17,13
Timmee,bleeding-hollow,1617,hunter,marksmanship,46,26,20
Kniightjayyx,kelthuzad,1615,hunter,marksmanship,54,30,24
Xavenwn,wyrmrest-accord,1614,hunter,marksmanship,76,36,40
Dezertpower,sargeras,1613,hunter,marksmanship,36,20,16
Darance,sargeras,1612,hunter,marksmanship,46,25,21
Shotashot,area-52,1612,hunter,marksmanship,36,17,19
Huataran,stormrage,1611,hunter,marksmanship,30,21,9
Zombified,moon-guard,1611,hunter,marksmanship,166,91,75
Landon,lightnings-blade,1611,hunter,marksmanship,114,55,59
Hogshanks,moon-guard,1609,hunter,marksmanship,54,27,27
Lttletrax,tichondrius,1609,hunter,marksmanship,130,61,69
Artois,tichondrius,1608,hunter,marksmanship,64,34,30
Vivaswan,tichondrius,1607,hunter,marksmanship,66,28,38
Unravel,tichondrius,1606,hunter,marksmanship,141,80,61
Thebweh,ragnaros,1606,hunter,marksmanship,65,31,34
Simbagrove,dalaran,1605,hunter,marksmanship,42,19,23
Airpodpro,emerald-dream,1604,hunter,marksmanship,42,28,14
Hyyz,proudmoore,1604,hunter,marksmanship,36,22,14
Rapidfire,perenolde,1604,hunter,marksmanship,162,90,72
Lilbang,thrall,1604,hunter,marksmanship,129,64,65
Junglejam,elune,1603,hunter,marksmanship,157,77,80
Ggtooeasy,thrall,1601,hunter,marksmanship,66,35,31
Maximos,lightnings-blade,1601,hunter,marksmanship,192,92,100
Datbigbowdoe,illidan,1601,hunter,marksmanship,36,17,19
Insanedabz,tichondrius,1600,hunter,marksmanship,84,44,40
Tråppin,sargeras,1599,hunter,marksmanship,171,91,80
Deadshöt,bleeding-hollow,1597,hunter,marksmanship,59,26,33
Demolitions,kelthuzad,1597,hunter,marksmanship,53,18,35
Bigpie,daggerspine,1594,hunter,marksmanship,64,38,26
Taylormadae,frostmourne,1594,hunter,marksmanship,102,54,48
Jímmycorn,sargeras,1592,hunter,marksmanship,123,71,52
Richmond,lightnings-blade,1590,hunter,marksmanship,132,66,66
Fatehunter,bleeding-hollow,1589,hunter,marksmanship,135,64,71
Clait,frostmourne,1587,hunter,marksmanship,42,17,25
Roidbum,barthilas,1587,hunter,marksmanship,52,20,32
Snìpershot,sargeras,1585,hunter,marksmanship,67,35,32
Kript,dragonmaw,1582,hunter,marksmanship,240,124,116
Papiskrill,staghelm,1582,hunter,marksmanship,160,78,82
Shotsphodays,sargeras,1581,hunter,marksmanship,126,66,60
Jubiscleudo,azralon,1581,hunter,marksmanship,187,89,98
Shawtytraps,tichondrius,1581,hunter,marksmanship,263,116,147
Aueria,kiljaeden,1581,hunter,marksmanship,101,44,57
Mojopojo,tichondrius,1580,hunter,marksmanship,36,20,16
Mambothehunt,stormrage,1579,hunter,marksmanship,66,36,30
Dienasty,zuljin,1577,hunter,marksmanship,36,23,13
Itsgma,shandris,1575,hunter,marksmanship,48,26,22
Stfd,illidan,1572,hunter,marksmanship,57,34,23
Huntonthic,korgath,1571,hunter,marksmanship,68,34,34
Dummorogh,stormrage,1570,hunter,marksmanship,189,91,98
Gnomorecum,kiljaeden,1568,hunter,marksmanship,163,92,71
Adive,drakkari,1567,hunter,marksmanship,234,117,117
Goldenblade,shadowmoon,1567,hunter,marksmanship,63,29,34
Eratichunt,illidan,1567,hunter,marksmanship,64,23,41
Eastwood,tichondrius,1565,hunter,marksmanship,36,20,16
Sax,stormreaver,1565,hunter,marksmanship,46,25,21
Stimpblimp,jubeithos,1563,hunter,marksmanship,48,19,29
Ssdslol,bleeding-hollow,1562,hunter,marksmanship,175,101,74
Unclepez,barthilas,1560,hunter,marksmanship,30,18,12
Odin,goldrinn,1560,hunter,marksmanship,299,146,153
Renzô,sargeras,1559,hunter,marksmanship,133,76,57
Crounzz,sargeras,1558,hunter,marksmanship,51,23,28
Mù,frostmourne,1556,hunter,marksmanship,66,36,30
Rampagez,tichondrius,1555,hunter,marksmanship,36,19,17
Easynightjr,bleeding-hollow,1552,hunter,marksmanship,261,133,128
Kynadri,moon-guard,1551,hunter,marksmanship,42,25,17
Insulin,moonrunner,1551,hunter,marksmanship,107,58,49
Bacchantress,tichondrius,1550,hunter,marksmanship,48,24,24
Okcupid,proudmoore,1549,hunter,marksmanship,35,18,17
Wockqt,kiljaeden,1549,hunter,marksmanship,79,37,42
Zasnar,malganis,1548,hunter,marksmanship,90,47,43
Saltard,frostmourne,1547,hunter,marksmanship,78,38,40
Luchadoris,malganis,1544,hunter,marksmanship,72,36,36
Rubinaldo,azralon,1543,hunter,marksmanship,36,18,18
Kimghak,tichondrius,1542,hunter,marksmanship,133,63,70
Marshen,zuljin,1540,hunter,marksmanship,48,23,25
Boggartt,ragnaros,1539,hunter,marksmanship,108,52,56
Waqz,tichondrius,1538,hunter,marksmanship,126,66,60
Shootipie,hyjal,1536,hunter,marksmanship,40,24,16
Tonichype,tichondrius,1536,hunter,marksmanship,60,28,32
Gvjellybeans,tichondrius,1535,hunter,marksmanship,24,16,8
Gor,hyjal,1534,hunter,marksmanship,59,26,33
Metalgear,icecrown,1533,hunter,marksmanship,66,34,32
Trippyhunter,akama,1532,hunter,marksmanship,42,24,18
Hitts,barthilas,1532,hunter,marksmanship,59,30,29
Smokabombom,eredar,1530,hunter,marksmanship,34,18,16
Zugbrained,illidan,1529,hunter,marksmanship,54,29,25
Barelyknower,area-52,1527,hunter,marksmanship,142,67,75
Swayshunt,area-52,1525,hunter,marksmanship,52,26,26
Saloran,akama,1524,hunter,marksmanship,114,62,52
Hideonpet,barthilas,1524,hunter,marksmanship,152,74,78
Blackhuntr,garona,1522,hunter,marksmanship,505,264,241
Unicom,malganis,1522,hunter,marksmanship,42,16,26
Guacmec,tichondrius,1521,hunter,marksmanship,48,28,20
Dykbuht,area-52,1520,hunter,marksmanship,84,43,41
Bowflexen,illidan,1520,hunter,marksmanship,48,22,26
Lsily,tichondrius,1519,hunter,marksmanship,36,16,20
Seyu,tichondrius,1519,hunter,marksmanship,48,16,32
Internade,frostmourne,1518,hunter,marksmanship,42,19,23
Snipeudead,sargeras,1516,hunter,marksmanship,78,39,39
Thunderdave,hakkar,1516,hunter,marksmanship,36,16,20
Tharlor,aegwynn,1516,hunter,marksmanship,42,16,26
Yozsh,azralon,1515,hunter,marksmanship,59,39,20
Ilina,malorne,1515,hunter,marksmanship,48,27,21
Balaria,tichondrius,1515,hunter,marksmanship,35,19,16
Dsnowy,emerald-dream,1515,hunter,marksmanship,36,17,19
Zgabriel,azralon,1514,hunter,marksmanship,65,35,30
Huntncheekz,kelthuzad,1514,hunter,marksmanship,160,80,80
Legeye,malganis,1514,hunter,marksmanship,54,26,28
Gnometoprace,illidan,1511,hunter,marksmanship,60,20,40
Lilbebe,illidan,1510,hunter,marksmanship,90,47,43
Swagprince,skullcrusher,1509,hunter,marksmanship,64,36,28
Kolosaltraps,tichondrius,1508,hunter,marksmanship,39,21,18
Plopslopper,frostmourne,1508,hunter,marksmanship,60,31,29
Casperonni,illidan,1507,hunter,marksmanship,50,31,19
Boomphaque,ravencrest,1505,hunter,marksmanship,168,82,86
Cyrsmen,ragnaros,1505,hunter,marksmanship,105,51,54
Rïve,tichondrius,1504,hunter,marksmanship,36,17,19
Booyakah,hyjal,1496,hunter,marksmanship,42,23,19
Ryukuzen,tichondrius,1496,hunter,marksmanship,60,24,36
Metalstorm,draenor,1494,hunter,marksmanship,77,37,40
Lildex,demon-soul,1492,hunter,marksmanship,42,23,19
Grayføxx,twisting-nether,1491,hunter,marksmanship,131,71,60
Zeenuts,sargeras,1491,hunter,marksmanship,59,31,28
Esler,quelthalas,1490,hunter,marksmanship,54,28,26
Larree,kelthuzad,1489,hunter,marksmanship,36,24,12
Lîvy,aerie-peak,1489,hunter,marksmanship,154,78,76
Rudekeef,illidan,1489,hunter,marksmanship,42,19,23
Cerébro,illidan,1489,hunter,marksmanship,100,41,59
Raevon,kelthuzad,1488,hunter,marksmanship,51,21,30
Sagadegêmeos,stormrage,1487,hunter,marksmanship,130,54,76
Ocromiun,illidan,1486,hunter,marksmanship,81,30,51
Barrohunt,tichondrius,1485,hunter,marksmanship,81,47,34
Cubixer,zuljin,1484,hunter,marksmanship,43,22,21
Stüzzy,moon-guard,1483,hunter,marksmanship,36,18,18
Föcker,emerald-dream,1482,hunter,marksmanship,61,36,25
Cholohippie,blackrock,1480,hunter,marksmanship,124,67,57
Shotdown,suramar,1480,hunter,marksmanship,62,32,30
Searobot,kelthuzad,1479,hunter,marksmanship,30,19,11
Ohifren,proudmoore,1479,hunter,marksmanship,30,16,14
Arkhinos,sargeras,1479,hunter,marksmanship,75,35,40
Islachan,ragnaros,1479,hunter,marksmanship,36,16,20
Bullseated,nemesis,1478,hunter,marksmanship,36,18,18
Neverhunter,azralon,1477,hunter,marksmanship,71,32,39
Yoowon,sargeras,1476,hunter,marksmanship,48,24,24
Hovahdo,proudmoore,1476,hunter,marksmanship,57,27,30
Artemyzz,tichondrius,1476,hunter,marksmanship,60,26,34
Brokenstars,illidan,1475,hunter,marksmanship,294,156,138
Highershot,azralon,1472,hunter,marksmanship,53,29,24
Hemathios,drakkari,1472,hunter,marksmanship,56,25,31
Skybourne,nemesis,1471,hunter,marksmanship,259,137,122
Scourgesurge,kiljaeden,1470,hunter,marksmanship,42,21,21
Cloudzbow,moon-guard,1470,hunter,marksmanship,40,18,22
Boradin,lightbringer,1469,hunter,marksmanship,119,71,48
Finaqua,sargeras,1469,hunter,marksmanship,56,24,32
Shootybooty,arygos,1469,hunter,marksmanship,92,39,53
Bigvudu,illidan,1468,hunter,marksmanship,48,25,23
Soljer,kiljaeden,1468,hunter,marksmanship,102,48,54
Windrein,ysondre,1467,hunter,marksmanship,76,34,42
Malkuri,medivh,1467,hunter,marksmanship,53,23,30
Kimbaa,tichondrius,1467,hunter,marksmanship,42,18,24
Dharo,illidan,1466,hunter,marksmanship,27,17,10
Allondra,proudmoore,1466,hunter,marksmanship,36,20,16
Killshøtß,tichondrius,1466,hunter,marksmanship,54,25,29
Huntkillerx,illidan,1466,hunter,marksmanship,48,19,29
Lederniertra,gorefiend,1465,hunter,marksmanship,451,229,222
Lowlore,moon-guard,1463,hunter,marksmanship,96,52,44
Kekkww,hyjal,1463,hunter,marksmanship,66,32,34
Tyrmaakk,emerald-dream,1463,hunter,marksmanship,82,39,43
Cheetah,tichondrius,1463,hunter,marksmanship,36,16,20
Squarë,ragnaros,1462,hunter,marksmanship,53,22,31
Tropic,proudmoore,1460,hunter,marksmanship,149,60,89
Chasseür,quelthalas,1458,hunter,marksmanship,83,44,39
Ladright,altar-of-storms,1458,hunter,marksmanship,137,72,65
Gorîlla,sargeras,1458,hunter,marksmanship,156,80,76
Bomomatic,zuljin,1457,hunter,marksmanship,42,24,18
Jenniekim,mugthol,1456,hunter,marksmanship,61,39,22
Benme,illidan,1456,hunter,marksmanship,369,180,189
Ibonon,frostmourne,1456,hunter,marksmanship,66,31,35
Tòxophilite,tichondrius,1456,hunter,marksmanship,74,28,46
Chuvug,quelthalas,1454,hunter,marksmanship,36,18,18
Rockenrique,nemesis,1453,hunter,marksmanship,72,34,38
Flämma,azralon,1453,hunter,marksmanship,180,82,98
Scïrfreez,ragnaros,1453,hunter,marksmanship,36,16,20
Sleepyjoee,dalaran,1451,hunter,marksmanship,66,38,28
Kusz,bleeding-hollow,1450,hunter,marksmanship,143,68,75
Pwnagraphic,barthilas,1450,hunter,marksmanship,114,52,62
Pkn,chogall,1450,hunter,marksmanship,60,27,33
Skelyeelegno,perenolde,1448,hunter,marksmanship,49,29,20
Mehontar,area-52,1448,hunter,marksmanship,60,27,33
Kronicbeast,bleeding-hollow,1446,hunter,marksmanship,146,69,77
Tóri,emerald-dream,1445,hunter,marksmanship,47,25,22
Somethinggo,tichondrius,1445,hunter,marksmanship,178,85,93
Bärney,frostmourne,1443,hunter,marksmanship,36,21,15
Madsniper,thunderlord,1442,hunter,marksmanship,126,66,60
Academic,kelthuzad,1442,hunter,marksmanship,66,30,36
Rumzi,thrall,1441,hunter,marksmanship,102,57,45
Stupidgodx,tichondrius,1441,hunter,marksmanship,74,38,36
Vibøra,stormrage,1441,hunter,marksmanship,156,72,84
Kynigi,bleeding-hollow,1440,hunter,marksmanship,72,34,38
Backpedalftw,darrowmere,1440,hunter,marksmanship,42,16,26
Hawkeyë,ragnaros,1439,hunter,marksmanship,30,18,12
Koridelse,nemesis,1439,hunter,marksmanship,60,28,32
Cullowhee,proudmoore,1437,hunter,marksmanship,59,27,32
Klitz,lightninghoof,1436,hunter,marksmanship,40,23,17
Acelol,proudmoore,1434,hunter,marksmanship,245,130,115
Pokcmvmxckm,senjin,1433,hunter,marksmanship,66,35,31
Gretress,azralon,1433,hunter,marksmanship,126,56,70
Sereom,frostmourne,1432,hunter,marksmanship,60,38,22
Thickychan,illidan,1432,hunter,marksmanship,132,69,63
Fernn,illidan,1432,hunter,marksmanship,231,116,115
Baixiaochu,area-52,1432,hunter,marksmanship,166,78,88
Crazyeasy,azshara,1431,hunter,marksmanship,30,15,15
Lewanker,zuljin,1430,hunter,marksmanship,54,29,25
Aimz,zuluhed,1430,hunter,marksmanship,98,42,56
Tallsky,frostmourne,1430,hunter,marksmanship,54,20,34
Topshotx,tichondrius,1429,hunter,marksmanship,93,50,43
Caylix,sargeras,1429,hunter,marksmanship,102,53,49
Lostfaith,tichondrius,1429,hunter,marksmanship,83,42,41
Xcisiion,nagrand,1429,hunter,marksmanship,209,105,104
Mlzj,tichondrius,1428,hunter,marksmanship,30,17,13
Joshmckin,area-52,1427,hunter,marksmanship,134,63,71
Javoj,drakkari,1427,hunter,marksmanship,60,28,32
Itryharder,stormrage,1426,hunter,marksmanship,54,35,19
Gstring,kelthuzad,1426,hunter,marksmanship,325,160,165
Inktray,durotan,1426,hunter,marksmanship,36,15,21
Hötdôg,kiljaeden,1425,hunter,marksmanship,66,31,35
Amyrkvothe,ragnaros,1424,hunter,marksmanship,168,77,91
Vonkrieg,tichondrius,1424,hunter,marksmanship,42,15,27
Tup,guldan,1423,hunter,marksmanship,87,44,43
Ðaybreâker,tichondrius,1422,hunter,marksmanship,121,63,58
Automatic,illidan,1422,hunter,marksmanship,99,48,51
Miscreant,kelthuzad,1421,hunter,marksmanship,61,30,31
Déadshot,thaurissan,1421,hunter,marksmanship,104,48,56
Infinitý,zuljin,1421,hunter,marksmanship,83,37,46
Rorijii,tichondrius,1421,hunter,marksmanship,54,23,31
Leucis,cenarius,1420,hunter,marksmanship,18,15,3
Grimcask,ragnaros,1419,hunter,marksmanship,56,26,30
Picapaul,stormrage,1418,hunter,marksmanship,89,47,42
Shaurala,alleria,1418,hunter,marksmanship,35,17,18
Longshánks,stormrage,1416,hunter,marksmanship,30,15,15
Bodaki,proudmoore,1416,hunter,marksmanship,66,30,36
Dsizzle,tichondrius,1415,hunter,marksmanship,68,29,39
Shøtii,tichondrius,1414,hunter,marksmanship,40,21,19
Dathunterr,azralon,1414,hunter,marksmanship,119,59,60
Dragonsdance,area-52,1413,hunter,marksmanship,56,31,25
Hoboh,illidan,1413,hunter,marksmanship,141,70,71
Clo,illidan,1413,hunter,marksmanship,39,17,22
Dillonn,emerald-dream,1413,hunter,marksmanship,50,20,30
Malcab,tichondrius,1412,hunter,marksmanship,30,19,11
Loyalrely,tichondrius,1412,hunter,marksmanship,46,27,19
Ud,eldrethalas,1412,hunter,marksmanship,77,42,35
Brapdaddy,lightbringer,1412,hunter,marksmanship,48,21,27
Elendïr,tichondrius,1411,hunter,marksmanship,60,33,27
Onlyphanz,darkspear,1411,hunter,marksmanship,38,16,22
Häydn,emerald-dream,1410,hunter,marksmanship,70,38,32
Berkhof,tichondrius,1410,hunter,marksmanship,74,34,40
Leeshaarrow,moon-guard,1409,hunter,marksmanship,109,58,51
Solomine,jubeithos,1409,hunter,marksmanship,106,55,51
Klannis,quelthalas,1409,hunter,marksmanship,42,19,23
Microshotz,windrunner,1408,hunter,marksmanship,36,24,12
Huntmeplz,proudmoore,1408,hunter,marksmanship,126,64,62
Bowinc,greymane,1407,hunter,marksmanship,30,17,13
Pbrmeasap,stormrage,1407,hunter,marksmanship,34,16,18
Dogezandalar,illidan,1405,hunter,marksmanship,58,29,29
Chï,zuljin,1405,hunter,marksmanship,263,131,132
Kayzia,lightninghoof,1405,hunter,marksmanship,35,17,18
Grands,tortheldrin,1405,hunter,marksmanship,66,28,38
Voidmarksman,whisperwind,1404,hunter,marksmanship,49,30,19
Tkrenshaw,proudmoore,1402,hunter,marksmanship,29,15,14
Ravenblood,lothar,1400,hunter,marksmanship,30,16,14
Feltz,moon-guard,1399,hunter,marksmanship,36,18,18
Pâl,quelthalas,1399,hunter,marksmanship,78,36,42
Gq,garona,1398,hunter,marksmanship,143,66,77
Nelosi,shadowmoon,1398,hunter,marksmanship,60,26,34
Mizhu,ragnaros,1397,hunter,marksmanship,136,73,63
Mariaassjx,ragnaros,1397,hunter,marksmanship,143,66,77
Hunsak,ragnaros,1396,hunter,marksmanship,36,24,12
Muckenfoose,frostmourne,1396,hunter,marksmanship,36,19,17
Huntnmaster,thrall,1396,hunter,marksmanship,36,17,19
Cu,frostmourne,1395,hunter,marksmanship,50,30,20
Chïnchïlla,zuljin,1395,hunter,marksmanship,51,27,24
Targetreaper,proudmoore,1394,hunter,marksmanship,120,63,57
Ashx,khazgoroth,1392,hunter,marksmanship,30,15,15
Chîll,frostmourne,1392,hunter,marksmanship,74,35,39
Papacohen,stormrage,1391,hunter,marksmanship,57,24,33
Szone,tichondrius,1391,hunter,marksmanship,65,26,39
Littledougie,boulderfist,1388,hunter,marksmanship,90,47,43
Murderone,undermine,1388,hunter,marksmanship,30,15,15
Staticarrow,norgannon,1387,hunter,marksmanship,132,64,68
ßeãst,bladefist,1386,hunter,marksmanship,30,17,13
Gotskill,lethon,1386,hunter,marksmanship,48,16,32
Lameshot,dalaran,1383,hunter,marksmanship,65,37,28
Doug,illidan,1382,hunter,marksmanship,94,50,44
Fuzzypjs,stormrage,1382,hunter,marksmanship,39,17,22
Zensuox,barthilas,1381,hunter,marksmanship,30,15,15
Dnicee,stormrage,1380,hunter,marksmanship,42,30,12
Wasteyou,tichondrius,1380,hunter,marksmanship,113,61,52
Valimhir,tichondrius,1380,hunter,marksmanship,132,60,72
Katebishop,nemesis,1379,hunter,marksmanship,40,22,18
Dreygar,dawnbringer,1379,hunter,marksmanship,36,15,21
Cerrundan,icecrown,1378,hunter,marksmanship,36,20,16
Shotpig,proudmoore,1378,hunter,marksmanship,42,15,27
Sindain,bloodscalp,1377,hunter,marksmanship,72,40,32
Lightarrøw,ragnaros,1376,hunter,marksmanship,38,22,16
Spacelandz,emerald-dream,1374,hunter,marksmanship,30,19,11
Sylanthia,sargeras,1374,hunter,marksmanship,68,39,29
Dominate,frostmourne,1373,hunter,marksmanship,96,47,49
Precísion,malganis,1372,hunter,marksmanship,35,18,17
Booyahflakes,darkspear,1372,hunter,marksmanship,36,18,18
Desolater,bleeding-hollow,1370,hunter,marksmanship,66,22,44
Blury,tichondrius,1369,hunter,marksmanship,30,15,15
Jerybery,gundrak,1368,hunter,marksmanship,59,33,26
Ohimissyou,emerald-dream,1368,hunter,marksmanship,42,16,26
Malebolick,ragnaros,1367,hunter,marksmanship,65,27,38
Toniic,moon-guard,1366,hunter,marksmanship,66,40,26
Vipermaster,azralon,1366,hunter,marksmanship,84,47,37
Lokuhzmarcus,goldrinn,1365,hunter,marksmanship,100,51,49
Leshwi,ragnaros,1364,hunter,marksmanship,82,41,41
Racooning,proudmoore,1364,hunter,marksmanship,59,27,32
Lixniqua,tichondrius,1364,hunter,marksmanship,87,39,48
Chokemescara,stormrage,1364,hunter,marksmanship,36,16,20
Slayou,uldum,1363,hunter,marksmanship,99,52,47
Dainsleif,perenolde,1363,hunter,marksmanship,46,21,25
Worewolf,lightninghoof,1363,hunter,marksmanship,50,22,28
Kä,blackhand,1362,hunter,marksmanship,128,62,66
Amonerhunter,bleeding-hollow,1362,hunter,marksmanship,54,23,31
Tazent,moon-guard,1361,hunter,marksmanship,36,19,17
Lotatinyfish,malganis,1360,hunter,marksmanship,54,32,22
Botoshooter,dragonmaw,1359,hunter,marksmanship,36,18,18
Vergillx,ragnaros,1357,hunter,marksmanship,95,54,41
Pleyadez,drakkari,1356,hunter,marksmanship,42,24,18
Akomata,emerald-dream,1356,hunter,marksmanship,64,34,30
Thaden,akama,1356,hunter,marksmanship,95,50,45
Péppérmínt,korgath,1355,hunter,marksmanship,74,36,38
Húntingarrow,area-52,1353,hunter,marksmanship,95,47,48
Jpynovisa,moon-guard,1351,hunter,marksmanship,34,15,19
Huuntard,proudmoore,1351,hunter,marksmanship,47,19,28
Grànd,tortheldrin,1349,hunter,marksmanship,63,32,31
Tinsho,drakkari,1347,hunter,marksmanship,45,23,22
Kyukon,illidan,1345,hunter,marksmanship,36,18,18
Jeezyxxii,shadowmoon,1345,hunter,marksmanship,118,54,64
Ssds,sargeras,1343,hunter,marksmanship,24,14,10
Ÿöskë,tichondrius,1343,hunter,marksmanship,24,14,10
Runsfromcops,sargeras,1342,hunter,marksmanship,24,14,10
Bullzeyê,kelthuzad,1341,hunter,marksmanship,24,14,10
Hurstt,kelthuzad,1341,hunter,marksmanship,56,27,29
Bigolekack,tichondrius,1341,hunter,marksmanship,53,23,30
Warblez,spinebreaker,1341,hunter,marksmanship,39,15,24
Birbwatcher,moon-guard,1339,hunter,marksmanship,24,14,10
Fartingshot,proudmoore,1339,hunter,marksmanship,89,41,48
Kyler,draka,1338,hunter,marksmanship,54,23,31
Ethne,garithos,1337,hunter,marksmanship,30,15,15
Braxigarr,area-52,1337,hunter,marksmanship,241,116,125
Wìllòw,khazgoroth,1337,hunter,marksmanship,48,18,30
Vanir,stormscale,1337,hunter,marksmanship,54,20,34
Orgpopeyes,illidan,1336,hunter,marksmanship,24,14,10
Moktarg,archimonde,1336,hunter,marksmanship,131,62,69
Lánárhóádés,tichondrius,1336,hunter,marksmanship,36,16,20
Dvei,silvermoon,1336,hunter,marksmanship,57,25,32
Cablok,moon-guard,1335,hunter,marksmanship,30,14,16
Drjingajanga,zuluhed,1335,hunter,marksmanship,63,28,35
Kritsu,tichondrius,1334,hunter,marksmanship,77,42,35
Deathhshott,area-52,1334,hunter,marksmanship,103,56,47
Mèseeks,bleeding-hollow,1334,hunter,marksmanship,102,52,50
Dexteros,ragnaros,1333,hunter,marksmanship,119,58,61
Lookøut,moon-guard,1333,hunter,marksmanship,164,76,88
Raenllin,moon-guard,1332,hunter,marksmanship,48,20,28
Trapshawty,darkspear,1332,hunter,marksmanship,72,27,45
Dandogg,tichondrius,1331,hunter,marksmanship,72,33,39
Siebee,tichondrius,1331,hunter,marksmanship,95,42,53
Gemky,ragnaros,1331,hunter,marksmanship,43,19,24
Revo,darkspear,1331,hunter,marksmanship,60,25,35
Warskullz,barthilas,1330,hunter,marksmanship,24,14,10
Bigolhippy,frostmourne,1330,hunter,marksmanship,48,24,24
Bungee,dentarg,1330,hunter,marksmanship,36,17,19
Snewboy,malganis,1329,hunter,marksmanship,42,22,20
Exabyssus,bleeding-hollow,1329,hunter,marksmanship,75,39,36
Booffmeister,area-52,1329,hunter,marksmanship,30,14,16
Escolhido,azralon,1328,hunter,marksmanship,131,68,63
Tonnyfab,ragnaros,1326,hunter,marksmanship,34,19,15
Cashhapp,zuljin,1326,hunter,marksmanship,315,157,158
Keedub,stormrage,1326,hunter,marksmanship,49,20,29
Uwuessy,illidan,1325,hunter,marksmanship,72,32,40
Bojob,azgalor,1324,hunter,marksmanship,75,40,35
Audioannie,thrall,1324,hunter,marksmanship,60,28,32
Picaubica,kiljaeden,1324,hunter,marksmanship,93,43,50
Gniw,tichondrius,1324,hunter,marksmanship,39,16,23
Softhunter,tichondrius,1324,hunter,marksmanship,36,14,22
Murza,korgath,1323,hunter,marksmanship,24,15,9
Brienz,tichondrius,1322,hunter,marksmanship,24,14,10
Purpurkle,area-52,1322,hunter,marksmanship,60,31,29
Dougv,stormrage,1322,hunter,marksmanship,30,14,16
Glittergun,sargeras,1322,hunter,marksmanship,71,33,38
Valane,ragnaros,1322,hunter,marksmanship,42,16,26
Ärtémisa,quelthalas,1320,hunter,marksmanship,41,22,19
Netorip,azralon,1320,hunter,marksmanship,88,45,43
Tristiae,stormrage,1319,hunter,marksmanship,67,36,31
Swolfp,tichondrius,1319,hunter,marksmanship,58,23,35
Stupid,arthas,1319,hunter,marksmanship,44,17,27
Juicyjams,moon-guard,1318,hunter,marksmanship,47,25,22
Smoothbrain,khadgar,1318,hunter,marksmanship,70,28,42
Beefcow,barthilas,1317,hunter,marksmanship,42,19,23
Condorexe,illidan,1317,hunter,marksmanship,113,49,64
Bensonlmn,tichondrius,1317,hunter,marksmanship,60,22,38
Clockwörk,sargeras,1316,hunter,marksmanship,45,26,19
Sï,anubarak,1315,hunter,marksmanship,66,27,39
Typh,saurfang,1314,hunter,marksmanship,47,24,23
Nemmises,proudmoore,1314,hunter,marksmanship,60,28,32
Gorbash,goldrinn,1314,hunter,marksmanship,43,20,23
Zarkul,tichondrius,1314,hunter,marksmanship,66,29,37
Sunyourmom,proudmoore,1312,hunter,marksmanship,30,16,14
Zaheerz,sargeras,1312,hunter,marksmanship,36,16,20
Lukhas,moon-guard,1311,hunter,marksmanship,72,28,44
Inability,emerald-dream,1311,hunter,marksmanship,36,14,22
Nirika,moon-guard,1310,hunter,marksmanship,123,55,68
Slanderous,korgath,1310,hunter,marksmanship,48,18,30
Bluecoral,frostmourne,1307,hunter,marksmanship,224,111,113
Thirià,garona,1306,hunter,marksmanship,18,14,4
Xephert,ragnaros,1306,hunter,marksmanship,96,48,48
Fuzzyfeeling,tichondrius,1306,hunter,marksmanship,64,30,34
Phojuansixx,ghostlands,1305,hunter,marksmanship,62,32,30
Cloudbuck,aegwynn,1305,hunter,marksmanship,94,42,52
Haemøphilus,area-52,1305,hunter,marksmanship,49,17,32
Wolverhino,thrall,1304,hunter,marksmanship,48,21,27
Idiiot,sargeras,1303,hunter,marksmanship,97,46,51
Cocobread,stormreaver,1303,hunter,marksmanship,48,21,27
Balun,sargeras,1303,hunter,marksmanship,66,28,38
Oattes,daggerspine,1303,hunter,marksmanship,34,14,20
Deathspot,thrall,1301,hunter,marksmanship,36,15,21
Celph,moon-guard,1299,hunter,marksmanship,48,20,28
Ghudi,moon-guard,1296,hunter,marksmanship,123,62,61
Gunther,korgath,1296,hunter,marksmanship,30,14,16
Fjdominador,azralon,1296,hunter,marksmanship,36,15,21
Linszsz,nemesis,1295,hunter,marksmanship,36,17,19
Jux,shadowmoon,1295,hunter,marksmanship,35,14,21
Ahegoface,frostmourne,1295,hunter,marksmanship,66,24,42
Mensrea,illidan,1294,hunter,marksmanship,53,33,20
Ongorn,lightninghoof,1294,hunter,marksmanship,112,56,56
Tenlbbow,illidan,1294,hunter,marksmanship,113,55,58
Hukkx,kalecgos,1294,hunter,marksmanship,56,24,32
Spanerd,moon-guard,1294,hunter,marksmanship,54,23,31
Arrowhoe,spinebreaker,1293,hunter,marksmanship,33,17,16
Halford,tol-barad,1293,hunter,marksmanship,57,27,30
Chetta,ragnaros,1292,hunter,marksmanship,161,79,82
Cobrag,tichondrius,1291,hunter,marksmanship,30,16,14
Hawkx,azralon,1291,hunter,marksmanship,42,22,20
Mwprimus,darkspear,1290,hunter,marksmanship,56,26,30
Gothew,turalyon,1289,hunter,marksmanship,416,210,206
Rocroc,gurubashi,1289,hunter,marksmanship,96,48,48
Snaafu,duskwood,1289,hunter,marksmanship,70,32,38
Zulorion,the-forgotten-coast,1288,hunter,marksmanship,30,14,16
Glediator,tichondrius,1288,hunter,marksmanship,112,51,61
Duruainn,zuljin,1286,hunter,marksmanship,88,42,46
Explosief,area-52,1285,hunter,marksmanship,101,50,51
Kalibah,azralon,1285,hunter,marksmanship,81,30,51
ßiognosis,ragnaros,1284,hunter,marksmanship,54,28,26
Spiketurtle,queldorei,1284,hunter,marksmanship,58,30,28
Sylvãnâs,tichondrius,1282,hunter,marksmanship,30,16,14
Felkrozzul,kalecgos,1281,hunter,marksmanship,33,16,17
Gromtheponch,area-52,1280,hunter,marksmanship,43,22,21
Loth,illidan,1279,hunter,marksmanship,34,19,15
Plima,illidan,1279,hunter,marksmanship,84,40,44
Give,draktharon,1278,hunter,marksmanship,39,16,23
Jamzlol,frostmourne,1276,hunter,marksmanship,44,26,18
Tîpz,stormrage,1275,hunter,marksmanship,29,17,12
Clutchxx,tichondrius,1275,hunter,marksmanship,24,14,10
Uc,khadgar,1275,hunter,marksmanship,30,14,16
Døubletap,gundrak,1275,hunter,marksmanship,58,23,35
Sniperarmy,dalaran,1274,hunter,marksmanship,103,52,51
Shooterzz,illidan,1273,hunter,marksmanship,39,22,17
Yaboismokey,aerie-peak,1273,hunter,marksmanship,106,54,52
Raneldar,proudmoore,1273,hunter,marksmanship,284,135,149
Enuk,nagrand,1272,hunter,marksmanship,139,70,69
Nights,nemesis,1271,hunter,marksmanship,24,15,9
Feov,tichondrius,1271,hunter,marksmanship,77,37,40
Murderville,illidan,1270,hunter,marksmanship,78,36,42
Greyk,moon-guard,1269,hunter,marksmanship,29,14,15
Kazug,destromath,1267,hunter,marksmanship,53,20,33
Dragg,tanaris,1266,hunter,marksmanship,32,16,16
Milktoker,tichondrius,1266,hunter,marksmanship,61,30,31
Azaz,khaz-modan,1266,hunter,marksmanship,77,34,43
Lathrop,runetotem,1265,hunter,marksmanship,59,30,29
Watchmanjoe,grizzly-hills,1265,hunter,marksmanship,90,45,45
Birgite,stormrage,1265,hunter,marksmanship,54,21,33
Soulchaos,illidan,1264,hunter,marksmanship,29,14,15
Mensita,quelthalas,1263,hunter,marksmanship,42,14,28
Týrak,illidan,1262,hunter,marksmanship,30,18,12
Lanarhoades,firetree,1261,hunter,marksmanship,30,14,16
Abloodelf,zuljin,1260,hunter,marksmanship,42,17,25
Sóny,area-52,1258,hunter,marksmanship,32,18,14
Skullcracker,azralon,1258,hunter,marksmanship,48,17,31
Shiros,ragnaros,1257,hunter,marksmanship,39,16,23
Ricas,malganis,1256,hunter,marksmanship,122,54,68
Stoopkid,dunemaul,1255,hunter,marksmanship,32,15,17
Seyd,barthilas,1255,hunter,marksmanship,68,31,37
Coolwhip,demon-soul,1252,hunter,marksmanship,100,50,50
Mathund,gurubashi,1252,hunter,marksmanship,233,116,117
Shuweet,moon-guard,1252,hunter,marksmanship,91,40,51
Urtthel,stormrage,1251,hunter,marksmanship,57,26,31
Infamousorc,chogall,1251,hunter,marksmanship,82,36,46
Lafleche,kiljaeden,1250,hunter,marksmanship,35,17,18
Jumaanji,gurubashi,1250,hunter,marksmanship,112,53,59
Rattrap,proudmoore,1250,hunter,marksmanship,41,18,23
Volga,haomarush,1249,hunter,marksmanship,109,56,53
Chickenzzack,tichondrius,1248,hunter,marksmanship,18,13,5
Ecbomb,tichondrius,1247,hunter,marksmanship,18,13,5
Ëzy,frostmourne,1246,hunter,marksmanship,66,36,30
Lunastrasza,moon-guard,1245,hunter,marksmanship,30,22,8
Qthunterr,dalaran,1245,hunter,marksmanship,18,13,5
Albe,azralon,1245,hunter,marksmanship,111,53,58
Songhammer,tichondrius,1244,hunter,marksmanship,24,13,11
Soul,sargeras,1244,hunter,marksmanship,30,13,17
Diisdik,tichondrius,1244,hunter,marksmanship,81,35,46
Jahir,tichondrius,1244,hunter,marksmanship,49,17,32
Hoeswannafuk,stormrage,1243,hunter,marksmanship,24,13,11
Moüserat,moon-guard,1243,hunter,marksmanship,187,95,92
Boombob,sargeras,1243,hunter,marksmanship,77,30,47
Zepphyr,azralon,1242,hunter,marksmanship,39,24,15
Shooked,area-52,1242,hunter,marksmanship,24,13,11
Dest,azralon,1241,hunter,marksmanship,58,24,34
Trikshot,magtheridon,1240,hunter,marksmanship,90,46,44
Kazes,stormrage,1240,hunter,marksmanship,28,14,14
Imineore,stormrage,1240,hunter,marksmanship,422,207,215
Talanar,ragnaros,1238,hunter,marksmanship,24,13,11
Critaclyzm,moon-guard,1238,hunter,marksmanship,49,22,27
Iililillilii,tichondrius,1238,hunter,marksmanship,43,18,25
Dayanier,ragnaros,1237,hunter,marksmanship,30,13,17
Focusfire,khazgoroth,1237,hunter,marksmanship,30,13,17
Ekbao,tichondrius,1237,hunter,marksmanship,54,17,37
Sootgarbage,sargeras,1235,hunter,marksmanship,18,13,5
Pokeyourbutt,hydraxis,1235,hunter,marksmanship,24,13,11
Lavaun,eredar,1235,hunter,marksmanship,66,34,32
Wincolt,stormrage,1235,hunter,marksmanship,30,13,17
Chaðs,amanthul,1234,hunter,marksmanship,121,64,57
Killz,skullcrusher,1234,hunter,marksmanship,50,24,26
Picon,whisperwind,1234,hunter,marksmanship,30,13,17
Loathin,stormrage,1233,hunter,marksmanship,30,22,8
Lolknocked,alexstrasza,1233,hunter,marksmanship,27,14,13
Falconex,azralon,1233,hunter,marksmanship,30,13,17
Xhartanis,magtheridon,1232,hunter,marksmanship,103,48,55
Shadowhokage,zuljin,1230,hunter,marksmanship,90,44,46
Graid,azralon,1230,hunter,marksmanship,30,13,17
Oopsurtrappd,darkspear,1229,hunter,marksmanship,35,19,16
Flacidhunter,kelthuzad,1229,hunter,marksmanship,120,63,57
Onehunnid,frostmourne,1229,hunter,marksmanship,42,21,21
Lagginwaggin,azgalor,1229,hunter,marksmanship,36,15,21
Eilleath,zuljin,1228,hunter,marksmanship,36,19,17
Snipezone,kelthuzad,1228,hunter,marksmanship,30,13,17
Chikkynuggy,destromath,1228,hunter,marksmanship,33,14,19
Nutshot,alterac-mountains,1227,hunter,marksmanship,66,29,37
Blimpbooty,stormrage,1225,hunter,marksmanship,30,13,17
Tiofil,goldrinn,1221,hunter,marksmanship,84,46,38
Apaweclover,stormrage,1220,hunter,marksmanship,349,171,178
Lostkníght,ragnaros,1219,hunter,marksmanship,54,21,33
Kyujin,ragnaros,1219,hunter,marksmanship,36,13,23
Hishamo,aggramar,1218,hunter,marksmanship,31,23,8
Llachiip,zuljin,1217,hunter,marksmanship,68,30,38
Huntdawgg,illidan,1217,hunter,marksmanship,69,23,46
Banhunter,tichondrius,1216,hunter,marksmanship,36,18,18
Exotichunter,the-underbog,1216,hunter,marksmanship,30,13,17
Thornshadow,steamwheedle-cartel,1215,hunter,marksmanship,48,27,21
Boww,sargeras,1215,hunter,marksmanship,24,13,11
Sukr,korgath,1215,hunter,marksmanship,98,37,61
Skarioth,azralon,1214,hunter,marksmanship,40,22,18
Sparemeok,illidan,1214,hunter,marksmanship,24,13,11
Ticey,frostmourne,1214,hunter,marksmanship,63,23,40
Ashaelyn,wyrmrest-accord,1213,hunter,marksmanship,157,78,79
Puresport,hyjal,1212,hunter,marksmanship,24,13,11
Kreaytion,sargeras,1212,hunter,marksmanship,42,17,25
Bowdown,moon-guard,1211,hunter,marksmanship,120,62,58
Hyü,barthilas,1211,hunter,marksmanship,30,13,17
Verdao,stormrage,1209,hunter,marksmanship,66,24,42
Äce,khazgoroth,1208,hunter,marksmanship,30,13,17
Kipoleon,moon-guard,1208,hunter,marksmanship,42,15,27
Foxgang,area-52,1207,hunter,marksmanship,42,16,26
Kìkìjiki,emerald-dream,1206,hunter,marksmanship,57,27,30
Toowizeë,barthilas,1206,hunter,marksmanship,89,35,54
Hunimi,elune,1205,hunter,marksmanship,65,27,38
Seenobody,stormrage,1204,hunter,marksmanship,124,62,62
Aoolfs,stormrage,1203,hunter,marksmanship,147,73,74
Taynen,azralon,1203,hunter,marksmanship,35,14,21
Augus,eredar,1202,hunter,marksmanship,41,15,26
Arzant,quelthalas,1201,hunter,marksmanship,18,13,5
Wwing,frostwolf,1201,hunter,marksmanship,565,285,280
Kalgorn,emerald-dream,1200,hunter,marksmanship,30,13,17
Ulrulk,tichondrius,1198,hunter,marksmanship,24,13,11
Aquastasia,aegwynn,1198,hunter,marksmanship,92,44,48
Bowtech,kelthuzad,1198,hunter,marksmanship,37,17,20
Wârhunt,frostmourne,1197,hunter,marksmanship,48,22,26
Grimbleneep,emerald-dream,1197,hunter,marksmanship,57,26,31
Iiwii,burning-legion,1196,hunter,marksmanship,31,15,16
Vinranya,sargeras,1194,hunter,marksmanship,75,34,41
Moonet,amanthul,1191,hunter,marksmanship,60,31,29
Rekshot,amanthul,1190,hunter,marksmanship,168,78,90
Rykár,kiljaeden,1189,hunter,marksmanship,30,15,15
Lìlleth,thrall,1189,hunter,marksmanship,36,14,22
Huntnfizzle,dethecus,1187,hunter,marksmanship,52,29,23
Forthethrill,area-52,1187,hunter,marksmanship,45,24,21
Cßo,tichondrius,1187,hunter,marksmanship,150,74,76
Elanas,gallywix,1186,hunter,marksmanship,43,20,23
Ownyoufast,darkspear,1186,hunter,marksmanship,84,33,51
Zengrin,quelthalas,1185,hunter,marksmanship,29,13,16
Piloks,gallywix,1182,hunter,marksmanship,134,70,64
Martlz,tichondrius,1181,hunter,marksmanship,44,22,22
Ramdy,quelthalas,1181,hunter,marksmanship,72,33,39
Gramaverde,kelthuzad,1181,hunter,marksmanship,42,16,26
Minzuki,drakkari,1180,hunter,marksmanship,60,27,33
Fova,wyrmrest-accord,1179,hunter,marksmanship,19,14,5
Buckeroo,skywall,1179,hunter,marksmanship,24,14,10
Hita,cenarion-circle,1179,hunter,marksmanship,35,20,15
Ifeignalot,stormscale,1178,hunter,marksmanship,22,13,9
Krane,alleria,1178,hunter,marksmanship,59,30,29
Fourtwents,stormrage,1178,hunter,marksmanship,49,19,30
Valieev,black-dragonflight,1177,hunter,marksmanship,72,40,32
Hwslol,tichondrius,1176,hunter,marksmanship,34,13,21
Tømalúca,azralon,1174,hunter,marksmanship,78,39,39
Zock,lothar,1173,hunter,marksmanship,199,96,103
Drewys,barthilas,1173,hunter,marksmanship,30,14,16
Ilovehippos,laughing-skull,1173,hunter,marksmanship,181,84,97
Tweak,ysera,1172,hunter,marksmanship,24,13,11
Mayhunter,ragnaros,1172,hunter,marksmanship,56,25,31
Ellishunter,frostmourne,1172,hunter,marksmanship,100,41,59
Porta,zuljin,1170,hunter,marksmanship,46,25,21
Silverweaver,illidan,1170,hunter,marksmanship,66,32,34
Aftërlyfe,tichondrius,1170,hunter,marksmanship,29,14,15
Igopew,firetree,1168,hunter,marksmanship,60,25,35
Foxhe,hyjal,1167,hunter,marksmanship,54,29,25
Mezmore,thrall,1167,hunter,marksmanship,54,24,30
Prozerpine,tichondrius,1167,hunter,marksmanship,78,33,45
Jordanhunter,frostmourne,1167,hunter,marksmanship,35,14,21
Thyraza,proudmoore,1165,hunter,marksmanship,54,29,25
Papiquezo,nagrand,1165,hunter,marksmanship,27,14,13
Wøllver,azralon,1164,hunter,marksmanship,26,14,12
Cliverth,frostmourne,1164,hunter,marksmanship,68,34,34
Niteynite,duskwood,1163,hunter,marksmanship,24,13,11
Redskul,azralon,1162,hunter,marksmanship,48,27,21
Mídnîght,azralon,1161,hunter,marksmanship,39,14,25
Ues,shuhalo,1158,hunter,marksmanship,25,14,11
Zarely,frostmourne,1158,hunter,marksmanship,70,37,33
Mikeangel,hydraxis,1158,hunter,marksmanship,33,13,20
Oqqo,tichondrius,1157,hunter,marksmanship,109,51,58
Udietofast,illidan,1156,hunter,marksmanship,195,92,103
Whatsleft,area-52,1155,hunter,marksmanship,34,17,17
Rhaygon,arthas,1154,hunter,marksmanship,57,20,37
Baruz,tichondrius,1153,hunter,marksmanship,46,14,32
Krossx,thrall,1151,hunter,marksmanship,24,13,11
Negãn,tichondrius,1151,hunter,marksmanship,24,12,12
Mondlicht,tichondrius,1151,hunter,marksmanship,36,12,24
Cannondale,tichondrius,1150,hunter,marksmanship,18,12,6
Sunnimuffens,deathwing,1150,hunter,marksmanship,53,25,28
Krattøs,bleeding-hollow,1150,hunter,marksmanship,99,42,57
Gilonate,tichondrius,1150,hunter,marksmanship,47,16,31
Tetz,kelthuzad,1150,hunter,marksmanship,36,12,24
Summerrain,illidan,1149,hunter,marksmanship,18,12,6
Ningiiwose,garona,1149,hunter,marksmanship,42,14,28
Dufflebagmån,tichondrius,1148,hunter,marksmanship,18,12,6
Ratpanda,tichondrius,1148,hunter,marksmanship,22,13,9
Emptypokcets,shattered-hand,1148,hunter,marksmanship,36,15,21
Myrfes,ragnaros,1147,hunter,marksmanship,89,34,55
Regretful,kelthuzad,1147,hunter,marksmanship,43,12,31
Ripmytoast,chogall,1146,hunter,marksmanship,265,135,130
Zøkøtrøkø,ragnaros,1146,hunter,marksmanship,83,39,44
Richihunt,ragnaros,1146,hunter,marksmanship,77,31,46
Sugarboyy,darkspear,1145,hunter,marksmanship,39,19,20
Amurr,hakkar,1144,hunter,marksmanship,18,12,6
Amsalja,tichondrius,1144,hunter,marksmanship,74,35,39
Gundolf,kargath,1144,hunter,marksmanship,42,19,23
Zenwrath,illidan,1144,hunter,marksmanship,44,19,25
Guttrax,emerald-dream,1143,hunter,marksmanship,52,33,19
Lilnatty,area-52,1143,hunter,marksmanship,33,13,20
Shukucingjr,illidan,1142,hunter,marksmanship,87,51,36
Ragnarlobkk,ragnaros,1142,hunter,marksmanship,190,92,98
Zachhunter,frostmourne,1141,hunter,marksmanship,54,20,34
Òriòn,tichondrius,1141,hunter,marksmanship,36,12,24
Drillklinton,tichondrius,1140,hunter,marksmanship,83,35,48
Chainmaster,misha,1139,hunter,marksmanship,165,79,86
Arucedd,frostmourne,1138,hunter,marksmanship,30,19,11
Kneecrippler,proudmoore,1138,hunter,marksmanship,24,12,12
Diacachimbaa,ragnaros,1138,hunter,marksmanship,27,13,14
Fian,lightnings-blade,1137,hunter,marksmanship,32,13,19
Thundershots,tichondrius,1136,hunter,marksmanship,86,38,48
Drewshot,sargeras,1134,hunter,marksmanship,18,12,6
Tazmaniak,gorefiend,1134,hunter,marksmanship,30,14,16
Vhan,azralon,1133,hunter,marksmanship,44,19,25
Gunshow,wyrmrest-accord,1131,hunter,marksmanship,30,12,18
Gstygodx,frostmourne,1131,hunter,marksmanship,30,12,18
Youngpo,thunderlord,1131,hunter,marksmanship,42,13,29
Blowedazchit,bonechewer,1130,hunter,marksmanship,42,15,27
Jarloo,madoran,1129,hunter,marksmanship,35,19,16
Linedalina,wyrmrest-accord,1129,hunter,marksmanship,48,23,25
Bumpf,malganis,1129,hunter,marksmanship,30,14,16
Táká,quelthalas,1129,hunter,marksmanship,30,13,17
Systane,mugthol,1127,hunter,marksmanship,18,12,6
Lightweight,kelthuzad,1124,hunter,marksmanship,72,35,37
Darylovejr,destromath,1124,hunter,marksmanship,40,16,24
Queldana,drakkari,1124,hunter,marksmanship,30,12,18
Emeri,winterhoof,1123,hunter,marksmanship,63,33,30
Amanazàra,tichondrius,1123,hunter,marksmanship,84,41,43
Wayrä,quelthalas,1122,hunter,marksmanship,48,22,26
Vendortrash,aggramar,1120,hunter,marksmanship,42,22,20
Patmypet,terenas,1120,hunter,marksmanship,48,21,27
Calî,stormscale,1120,hunter,marksmanship,47,19,28
Deadlyattack,barthilas,1119,hunter,marksmanship,60,28,32
Buckethole,doomhammer,1119,hunter,marksmanship,66,30,36
Starkmeister,stormrage,1118,hunter,marksmanship,30,12,18
Zuuvuya,nemesis,1118,hunter,marksmanship,68,25,43
Vanhe,quelthalas,1117,hunter,marksmanship,30,13,17
Torvauk,bleeding-hollow,1116,hunter,marksmanship,30,12,18
Minihunter,onyxia,1114,hunter,marksmanship,59,30,29
Guarambare,ragnaros,1114,hunter,marksmanship,135,60,75
Wixyy,aegwynn,1114,hunter,marksmanship,58,23,35
Onekz,ragnaros,1113,hunter,marksmanship,66,24,42
Deathwynd,malfurion,1110,hunter,marksmanship,30,15,15
Lyssavirhus,azralon,1109,hunter,marksmanship,30,15,15
Vngadr,stormrage,1108,hunter,marksmanship,69,31,38
Pollyren,illidan,1107,hunter,marksmanship,24,14,10
Halibut,quelthalas,1106,hunter,marksmanship,47,25,22
Clemenlemon,illidan,1105,hunter,marksmanship,42,20,22
Ocelotv,stormrage,1104,hunter,marksmanship,51,29,22
Sniperc,tichondrius,1098,hunter,marksmanship,29,12,17
Bentrick,altar-of-storms,1097,hunter,marksmanship,33,18,15
Dyson,nordrassil,1097,hunter,marksmanship,84,40,44
Floozyfairy,daggerspine,1096,hunter,marksmanship,116,55,61
Killincrew,scilla,1096,hunter,marksmanship,62,29,33
Jaydemo,thunderhorn,1096,hunter,marksmanship,29,12,17
Veranir,nemesis,1091,hunter,marksmanship,98,49,49
Malo,dragonmaw,1090,hunter,marksmanship,30,16,14
Tanephar,proudmoore,1090,hunter,marksmanship,77,35,42
Dahunterr,zuljin,1089,hunter,marksmanship,23,12,11
Delukzin,azralon,1089,hunter,marksmanship,56,23,33
Velosida,kiljaeden,1088,hunter,marksmanship,21,14,7
Secure,doomhammer,1087,hunter,marksmanship,137,68,69
Spyhunter,malganis,1087,hunter,marksmanship,260,118,142
Repotro,drakkari,1086,hunter,marksmanship,75,30,45
Porkerr,black-dragonflight,1084,hunter,marksmanship,71,38,33
Dustrago,stormrage,1084,hunter,marksmanship,44,16,28
Hoarf,nemesis,1083,hunter,marksmanship,26,12,14
Maxwel,sargeras,1082,hunter,marksmanship,175,86,89
Lezzbow,tichondrius,1081,hunter,marksmanship,61,32,29
Ackzar,ragnaros,1081,hunter,marksmanship,342,170,172
Ciils,doomhammer,1081,hunter,marksmanship,28,12,16
Roseandra,stormrage,1081,hunter,marksmanship,47,19,28
Bemaa,frostmourne,1079,hunter,marksmanship,48,23,25
Doomseeker,emerald-dream,1079,hunter,marksmanship,54,25,29
Alindra,zuluhed,1079,hunter,marksmanship,126,56,70
Tularac,sentinels,1078,hunter,marksmanship,42,21,21
Tarbabies,mannoroth,1077,hunter,marksmanship,47,24,23
Ligmubhole,queldorei,1077,hunter,marksmanship,50,24,26
Tajo,sargeras,1076,hunter,marksmanship,22,12,10
Trìggered,dark-iron,1076,hunter,marksmanship,84,41,43
Yadír,quelthalas,1074,hunter,marksmanship,208,105,103
Towness,kelthuzad,1073,hunter,marksmanship,59,29,30
Scubby,anetheron,1073,hunter,marksmanship,34,13,21
Pewpow,barthilas,1072,hunter,marksmanship,60,28,32
Kalinor,cenarius,1070,hunter,marksmanship,90,45,45
ßonßon,stormrage,1070,hunter,marksmanship,34,17,17
Longshott,azralon,1070,hunter,marksmanship,24,12,12
Fermra,dunemaul,1068,hunter,marksmanship,48,18,30
Ðeathßyarrøw,bloodscalp,1067,hunter,marksmanship,28,13,15
Brody,eitrigg,1066,hunter,marksmanship,28,13,15
Broking,azralon,1064,hunter,marksmanship,75,35,40
Aïmïng,tichondrius,1063,hunter,marksmanship,71,28,43
Ryhew,emerald-dream,1063,hunter,marksmanship,42,16,26
Baldor,stormrage,1062,hunter,marksmanship,72,31,41
Obsol,hyjal,1062,hunter,marksmanship,37,12,25
Arïya,azralon,1061,hunter,marksmanship,24,13,11
Kanaká,moon-guard,1061,hunter,marksmanship,61,30,31
Dragonlandy,stormrage,1061,hunter,marksmanship,48,20,28
Thoopered,korgath,1060,hunter,marksmanship,66,33,33
Survivor,dentarg,1060,hunter,marksmanship,30,14,16
Mailmann,skywall,1059,hunter,marksmanship,49,30,19
Balgair,hakkar,1059,hunter,marksmanship,94,50,44
Imperatrix,emerald-dream,1058,hunter,marksmanship,72,25,47
Nightgecko,elune,1056,hunter,marksmanship,18,11,7
Lexodream,bleeding-hollow,1056,hunter,marksmanship,18,11,7
Angelacross,azralon,1056,hunter,marksmanship,66,31,35
Benryats,area-52,1056,hunter,marksmanship,60,23,37
Ryutiz,fizzcrank,1056,hunter,marksmanship,30,11,19
Shayelin,frostmourne,1055,hunter,marksmanship,18,11,7
Aaggros,sargeras,1055,hunter,marksmanship,30,11,19
Redzic,tichondrius,1054,hunter,marksmanship,18,11,7
Galaxxis,bonechewer,1054,hunter,marksmanship,63,33,30
Remak,barthilas,1054,hunter,marksmanship,48,21,27
Ezx,moon-guard,1053,hunter,marksmanship,18,11,7
Enty,khazgoroth,1053,hunter,marksmanship,18,11,7
Redhawkyomi,drakkari,1053,hunter,marksmanship,24,13,11
Goodwillhunt,tichondrius,1053,hunter,marksmanship,24,11,13
Samloomis,ursin,1053,hunter,marksmanship,30,11,19
Bluejay,agamaggan,1053,hunter,marksmanship,78,26,52
Chosenjuan,nordrassil,1053,hunter,marksmanship,36,12,24
Kazzanval,sargeras,1052,hunter,marksmanship,30,15,15
Galfhord,ragnaros,1052,hunter,marksmanship,66,23,43
Guntrïx,stormrage,1052,hunter,marksmanship,36,11,25
Callenna,zuljin,1051,hunter,marksmanship,18,11,7
Raposo,nemesis,1050,hunter,marksmanship,18,11,7
Vigero,proudmoore,1050,hunter,marksmanship,24,11,13
Brendie,thrall,1050,hunter,marksmanship,30,13,17
Àlëxx,aegwynn,1050,hunter,marksmanship,88,38,50
Westbrooke,illidan,1050,hunter,marksmanship,30,12,18
Huntercry,ragnaros,1048,hunter,marksmanship,30,20,10
Troners,illidan,1048,hunter,marksmanship,24,11,13
Vansatih,azralon,1047,hunter,marksmanship,66,27,39
Jogydbdh,doomhammer,1047,hunter,marksmanship,30,11,19
Moyria,quelthalas,1046,hunter,marksmanship,18,11,7
Jakal,blackwater-raiders,1046,hunter,marksmanship,24,11,13
Löbo,quelthalas,1046,hunter,marksmanship,27,12,15
Lowk,stonemaul,1045,hunter,marksmanship,36,21,15
Pikochon,illidan,1045,hunter,marksmanship,119,48,71
Talonwind,tanaris,1044,hunter,marksmanship,53,28,25
Fëanora,quelthalas,1044,hunter,marksmanship,24,11,13
Ididntdoit,blackhand,1044,hunter,marksmanship,30,11,19
Illt,blackrock,1042,hunter,marksmanship,24,11,13
Derenit,ragnaros,1042,hunter,marksmanship,94,41,53
Zettl,eredar,1041,hunter,marksmanship,190,94,96
Djpwnz,bladefist,1041,hunter,marksmanship,114,50,64
Tweetêr,dragonblight,1040,hunter,marksmanship,18,11,7
Wolfyyxx,stormrage,1040,hunter,marksmanship,24,11,13
Corruptid,moon-guard,1039,hunter,marksmanship,18,11,7
Ansone,nazjatar,1039,hunter,marksmanship,24,11,13
Deadalot,dalaran,1038,hunter,marksmanship,18,11,7
Returners,emerald-dream,1038,hunter,marksmanship,72,37,35
Tkurt,laughing-skull,1037,hunter,marksmanship,24,11,13
Sartros,drakkari,1034,hunter,marksmanship,19,13,6
Kluetus,sargeras,1034,hunter,marksmanship,18,11,7
Salsa,hakkar,1034,hunter,marksmanship,173,73,100
Doubletappz,stormreaver,1033,hunter,marksmanship,96,39,57
Doghorn,thrall,1032,hunter,marksmanship,18,11,7
Rottinghood,hyjal,1032,hunter,marksmanship,23,12,11
Ramblin,ragnaros,1032,hunter,marksmanship,36,16,20
Zandrá,drakkari,1031,hunter,marksmanship,30,16,14
Lahyanhou,azjolnerub,1030,hunter,marksmanship,28,12,16
Kazike,hyjal,1029,hunter,marksmanship,42,15,27
Húrdrak,azralon,1028,hunter,marksmanship,18,11,7
Roboputa,quelthalas,1027,hunter,marksmanship,36,15,21
Itkovian,anvilmar,1026,hunter,marksmanship,72,36,36
Scottcrume,area-52,1026,hunter,marksmanship,102,50,52
Silenciozzo,azralon,1026,hunter,marksmanship,42,17,25
Gorilla,thaurissan,1025,hunter,marksmanship,70,37,33
Studiosx,tichondrius,1024,hunter,marksmanship,16,12,4
Soulbutter,malganis,1023,hunter,marksmanship,18,11,7
Cøpycat,dreadmaul,1023,hunter,marksmanship,34,17,17
Koonorc,dalaran,1023,hunter,marksmanship,84,41,43
Ronkasbottom,thunderlord,1023,hunter,marksmanship,30,13,17
Jitazz,azgalor,1021,hunter,marksmanship,42,21,21
Nelandris,tichondrius,1021,hunter,marksmanship,90,39,51
Avindal,greymane,1020,hunter,marksmanship,30,12,18
Busyfingers,sargeras,1018,hunter,marksmanship,24,11,13
Nalarien,moon-guard,1015,hunter,marksmanship,18,11,7
Xshadowdemon,korgath,1014,hunter,marksmanship,30,20,10
Ritler,frostmourne,1014,hunter,marksmanship,28,14,14
Huntingyou,destromath,1014,hunter,marksmanship,24,11,13
Kødran,stormrage,1013,hunter,marksmanship,54,26,28
Kuramax,senjin,1012,hunter,marksmanship,121,56,65
Deepcarver,tichondrius,1011,hunter,marksmanship,30,11,19
Jzander,ragnaros,1010,hunter,marksmanship,20,13,7
Katnie,azralon,1009,hunter,marksmanship,94,47,47
Sumom,darrowmere,1008,hunter,marksmanship,272,131,141
Peña,trollbane,1008,hunter,marksmanship,52,17,35
Murozz,malganis,1007,hunter,marksmanship,64,34,30
Wsgpwn,trollbane,1007,hunter,marksmanship,27,11,16
Thunter,kiljaeden,1005,hunter,marksmanship,38,19,19
Yoimiya,thunderlord,1005,hunter,marksmanship,71,31,40
Mirãbel,drakkari,1000,hunter,marksmanship,54,19,35
Mayohater,sargeras,1000,hunter,marksmanship,45,12,33
Adbéélitø,ragnaros,999,hunter,marksmanship,154,78,76
Jud,thunderlord,999,hunter,marksmanship,39,11,28
Bangbangbang,borean-tundra,998,hunter,marksmanship,59,31,28
Kánnah,ragnaros,998,hunter,marksmanship,240,118,122
Blaptz,wyrmrest-accord,997,hunter,marksmanship,54,25,29
Brenogam,azralon,996,hunter,marksmanship,138,72,66
Sitaelh,quelthalas,993,hunter,marksmanship,75,37,38
Apochuntz,greymane,992,hunter,marksmanship,113,59,54
Styles,thaurissan,992,hunter,marksmanship,90,43,47
Mynnokyr,gallywix,992,hunter,marksmanship,88,40,48
Cruelhuntres,tichondrius,990,hunter,marksmanship,83,32,51
Nelay,ragnaros,988,hunter,marksmanship,23,11,12
Aridan,area-52,988,hunter,marksmanship,36,15,21
Tungles,tichondrius,988,hunter,marksmanship,47,18,29
Jogoran,thunderlord,986,hunter,marksmanship,41,19,22
Wintermaple,stormrage,984,hunter,marksmanship,19,12,7
Brainzz,emerald-dream,984,hunter,marksmanship,52,30,22
Madogite,azralon,984,hunter,marksmanship,168,86,82
Killerxzxz,stormrage,983,hunter,marksmanship,30,15,15
Drakkoniss,spinebreaker,983,hunter,marksmanship,54,25,29
Xaveco,gallywix,982,hunter,marksmanship,70,29,41
Àbyss,shandris,982,hunter,marksmanship,48,18,30
Sufferiñg,doomhammer,978,hunter,marksmanship,26,12,14
Damnnicebutt,borean-tundra,977,hunter,marksmanship,32,15,17
Daytrade,stormrage,976,hunter,marksmanship,94,44,50
Bringthewar,undermine,975,hunter,marksmanship,54,24,30
Krosan,zuluhed,971,hunter,marksmanship,24,11,13
Tiidkloul,illidan,968,hunter,marksmanship,18,12,6
Reanivan,kiljaeden,968,hunter,marksmanship,66,24,42
Desolateone,nazgrel,967,hunter,marksmanship,80,41,39
Recebaa,barthilas,967,hunter,marksmanship,44,19,25
Dmasterbiter,zuljin,966,hunter,marksmanship,31,11,20
Scoundrella,sargeras,963,hunter,marksmanship,78,37,41
Øparin,azralon,961,hunter,marksmanship,40,23,17
Nachtcloverr,stormrage,961,hunter,marksmanship,101,47,54
Adjusted,frostmourne,960,hunter,marksmanship,12,10,2
Bárd,tichondrius,960,hunter,marksmanship,18,10,8
Nainit,sargeras,960,hunter,marksmanship,18,10,8
Kagaramar,hellscream,960,hunter,marksmanship,21,11,10
Lìght,dreadmaul,960,hunter,marksmanship,37,16,21
Bowmon,bleeding-hollow,960,hunter,marksmanship,24,10,14
Sylvaa,tichondrius,960,hunter,marksmanship,30,10,20
Goosejuicer,emerald-dream,959,hunter,marksmanship,18,10,8
Throre,bleeding-hollow,959,hunter,marksmanship,18,10,8
Aurzwraek,proudmoore,959,hunter,marksmanship,18,10,8
Hunterkilled,quelthalas,959,hunter,marksmanship,18,10,8
Skatenos,tortheldrin,959,hunter,marksmanship,32,16,16
Genug,tichondrius,959,hunter,marksmanship,24,10,14
Ñðñdêsçrípt,frostmourne,959,hunter,marksmanship,30,10,20
Hunghang,frostmourne,959,hunter,marksmanship,30,10,20
Rivs,detheroc,959,hunter,marksmanship,30,10,20
Humiliation,mugthol,958,hunter,marksmanship,18,10,8
Cyboreg,stormrage,958,hunter,marksmanship,18,10,8
Austelos,moon-guard,958,hunter,marksmanship,18,10,8
Shotfromhell,sargeras,958,hunter,marksmanship,27,10,17
Bigkolache,zuljin,958,hunter,marksmanship,30,10,20
Archemp,stormrage,958,hunter,marksmanship,40,12,28
Arraza,ragnaros,957,hunter,marksmanship,18,10,8
Rhunakk,emerald-dream,957,hunter,marksmanship,18,10,8
Htcrazykofwa,tichondrius,957,hunter,marksmanship,24,10,14
Thunderox,tichondrius,957,hunter,marksmanship,36,11,25
Blamethenaga,sargeras,956,hunter,marksmanship,18,10,8
Starsworn,moon-guard,956,hunter,marksmanship,18,10,8
Zhions,ragnaros,956,hunter,marksmanship,18,10,8
Hawkeyees,ragnaros,956,hunter,marksmanship,24,10,14
Aewyn,malganis,956,hunter,marksmanship,24,10,14
Arcticwôlf,ragnaros,956,hunter,marksmanship,30,10,20
Xhare,stormrage,955,hunter,marksmanship,18,10,8
Vatits,dalaran,955,hunter,marksmanship,18,10,8
Goatshots,lightninghoof,955,hunter,marksmanship,24,10,14
Jxoxex,wildhammer,955,hunter,marksmanship,30,12,18
Heavyduty,proudmoore,955,hunter,marksmanship,33,11,22
Ocui,ragnaros,954,hunter,marksmanship,18,10,8
Motommotto,deathwing,954,hunter,marksmanship,65,35,30
Rêvan,stormreaver,954,hunter,marksmanship,24,10,14
Daymanaahh,malfurion,954,hunter,marksmanship,24,10,14
Póra,stormrage,954,hunter,marksmanship,42,17,25
Twist,burning-legion,953,hunter,marksmanship,12,10,2
Damadar,tichondrius,953,hunter,marksmanship,24,10,14
Getnukedbud,emerald-dream,952,hunter,marksmanship,18,10,8
Pédehcabra,azralon,952,hunter,marksmanship,18,10,8
Ragar,korialstrasz,952,hunter,marksmanship,24,10,14
Feignmilf,tichondrius,952,hunter,marksmanship,24,10,14
Ðrift,wyrmrest-accord,950,hunter,marksmanship,24,10,14
Gentletree,thrall,949,hunter,marksmanship,156,78,78
Ownshot,kiljaeden,949,hunter,marksmanship,24,10,14
Brenri,boulderfist,948,hunter,marksmanship,45,22,23
Blackbrute,nathrezim,948,hunter,marksmanship,30,10,20
Kidofdeath,borean-tundra,947,hunter,marksmanship,18,10,8
Momomomo,draka,947,hunter,marksmanship,24,10,14
Globlauncher,tichondrius,946,hunter,marksmanship,18,10,8
Valro,hyjal,946,hunter,marksmanship,36,10,26
Sylvaethas,lightninghoof,945,hunter,marksmanship,24,10,14
Wolftracer,sargeras,944,hunter,marksmanship,24,10,14
Alorick,ragnaros,944,hunter,marksmanship,30,10,20
Jdoob,daggerspine,943,hunter,marksmanship,18,10,8
Lauannÿ,gallywix,943,hunter,marksmanship,159,75,84
Dirtman,laughing-skull,943,hunter,marksmanship,89,28,61
Sprockz,proudmoore,942,hunter,marksmanship,23,10,13
Pullthetrigg,area-52,939,hunter,marksmanship,24,10,14
Herroo,thrall,938,hunter,marksmanship,36,10,26
Silhouettes,barthilas,935,hunter,marksmanship,63,29,34
Lazygnome,azshara,934,hunter,marksmanship,23,11,12
Fleshfair,kiljaeden,932,hunter,marksmanship,140,65,75
Ishkaret,ragnaros,928,hunter,marksmanship,35,11,24
Caraméla,stormrage,927,hunter,marksmanship,22,10,12
Adapted,proudmoore,924,hunter,marksmanship,16,10,6
Syrach,area-52,924,hunter,marksmanship,22,10,12
Torturekilla,bleeding-hollow,922,hunter,marksmanship,75,34,41
Aeclpysis,dark-iron,921,hunter,marksmanship,42,17,25
Wael,perenolde,920,hunter,marksmanship,29,10,19
Feignqt,illidan,912,hunter,marksmanship,27,11,16
Zmugetsu,bleeding-hollow,909,hunter,marksmanship,18,10,8
Blaws,tichondrius,906,hunter,marksmanship,27,10,17
Heapstack,stormrage,905,hunter,marksmanship,48,20,28
Dartháne,moon-guard,904,hunter,marksmanship,45,17,28
Flechá,illidan,900,hunter,marksmanship,17,10,7
Triggaplease,jubeithos,899,hunter,marksmanship,123,62,61
Franzkafka,azralon,899,hunter,marksmanship,108,52,56
Huntercotoco,azralon,896,hunter,marksmanship,48,25,23
Lilstinstin,tichondrius,895,hunter,marksmanship,17,10,7
Bont,jubeithos,893,hunter,marksmanship,17,10,7
Dasvydanya,illidan,890,hunter,marksmanship,25,11,14
Braddocky,azralon,889,hunter,marksmanship,21,11,10
Fourkayiv,azgalor,889,hunter,marksmanship,41,18,23
Saxyhunter,moon-guard,888,hunter,marksmanship,98,32,66
Alleessa,goldrinn,883,hunter,marksmanship,54,21,33
Viciosa,bleeding-hollow,882,hunter,marksmanship,78,40,38
Jetlinx,thrall,881,hunter,marksmanship,21,12,9
Onehitrip,illidan,879,hunter,marksmanship,102,43,59
Karazuba,ragnaros,879,hunter,marksmanship,178,73,105
Nightwatch,kelthuzad,877,hunter,marksmanship,18,10,8
Ikol,andorhal,875,hunter,marksmanship,67,26,41
Noscoped,wildhammer,875,hunter,marksmanship,40,10,30
Lulaladraun,azralon,874,hunter,marksmanship,36,10,26
Saixx,thunderlord,872,hunter,marksmanship,42,19,23
Ontarget,cairne,872,hunter,marksmanship,96,42,54
Arshuntica,blackrock,870,hunter,marksmanship,78,38,40
Wastetext,tichondrius,870,hunter,marksmanship,42,17,25
Thaendra,moon-guard,865,hunter,marksmanship,23,11,12
Brylan,tichondrius,864,hunter,marksmanship,12,9,3
Zulla,bleeding-hollow,864,hunter,marksmanship,12,9,3
Rangêr,frostmourne,864,hunter,marksmanship,18,9,9
Decohunter,tichondrius,864,hunter,marksmanship,18,9,9
Deletedyou,tichondrius,864,hunter,marksmanship,18,9,9
Ashx,nemesis,864,hunter,marksmanship,18,9,9
Zievieda,hellscream,864,hunter,marksmanship,65,31,34
Trapkeithx,frostmourne,864,hunter,marksmanship,24,9,15
Xonios,frostwolf,864,hunter,marksmanship,24,9,15
Singletap,barthilas,864,hunter,marksmanship,24,9,15
Drãgenox,quelthalas,864,hunter,marksmanship,24,9,15
Najmoira,area-52,864,hunter,marksmanship,30,9,21
Rambot,bleeding-hollow,863,hunter,marksmanship,12,9,3
Telånnas,illidan,863,hunter,marksmanship,18,9,9
Hyrus,shadowmoon,863,hunter,marksmanship,18,9,9
Dôntlosmebro,stormrage,863,hunter,marksmanship,18,9,9
Torrthack,area-52,863,hunter,marksmanship,18,9,9
Hitstickk,tichondrius,863,hunter,marksmanship,18,9,9
Boxpatrol,ravencrest,863,hunter,marksmanship,18,9,9
Mattdeezy,frostmane,863,hunter,marksmanship,18,9,9
Íkíte,zuljin,863,hunter,marksmanship,18,9,9
Ultrasj,malfurion,863,hunter,marksmanship,18,9,9
Lökeii,area-52,863,hunter,marksmanship,24,9,15
Nosmoke,kargath,863,hunter,marksmanship,24,9,15
Ojmo,arthas,863,hunter,marksmanship,24,9,15
Hornidik,sargeras,863,hunter,marksmanship,24,9,15
Johhnweed,ragnaros,862,hunter,marksmanship,12,9,3
Fangs,arthas,862,hunter,marksmanship,12,9,3
Zurim,azralon,862,hunter,marksmanship,16,10,6
Eldotbrod,quelthalas,862,hunter,marksmanship,18,9,9
Zelanst,illidan,862,hunter,marksmanship,45,18,27
Cócaine,tichondrius,862,hunter,marksmanship,25,10,15
Insgesicht,proudmoore,862,hunter,marksmanship,24,9,15
Diertz,area-52,862,hunter,marksmanship,24,9,15
Varrinda,wyrmrest-accord,862,hunter,marksmanship,24,9,15
Onslaughtxq,tichondrius,861,hunter,marksmanship,18,9,9
Jagwaar,malganis,861,hunter,marksmanship,24,9,15
Snipastyle,twisting-nether,861,hunter,marksmanship,30,9,21
Thehunturd,dalaran,860,hunter,marksmanship,18,9,9
Skedd,wyrmrest-accord,860,hunter,marksmanship,18,9,9
Junka,bleeding-hollow,860,hunter,marksmanship,18,9,9
Tekkerz,tichondrius,860,hunter,marksmanship,19,9,10
Goyhmog,drakkari,860,hunter,marksmanship,30,14,16
Konar,nemesis,860,hunter,marksmanship,133,56,77
Jackrandall,frostmourne,860,hunter,marksmanship,24,9,15
Twistedtawl,area-52,860,hunter,marksmanship,24,9,15
Kaeuljua,tichondrius,860,hunter,marksmanship,24,9,15
Alinûs,stormrage,859,hunter,marksmanship,18,9,9
Smokezy,barthilas,859,hunter,marksmanship,18,9,9
Xurul,bleeding-hollow,858,hunter,marksmanship,18,9,9
Pupus,moon-guard,858,hunter,marksmanship,30,9,21
Belieli,ragnaros,858,hunter,marksmanship,34,10,24
Coldhunger,uldum,857,hunter,marksmanship,12,9,3
Raxa,shuhalo,857,hunter,marksmanship,18,9,9
Ëz,ragnaros,857,hunter,marksmanship,18,9,9
Lws,ragnaros,856,hunter,marksmanship,12,9,3
Hobbës,kelthuzad,856,hunter,marksmanship,18,9,9
Skillkiting,area-52,856,hunter,marksmanship,30,9,21
Jstorm,illidan,856,hunter,marksmanship,30,9,21
Panborikat,thaurissan,855,hunter,marksmanship,36,16,20
Colmery,khaz-modan,855,hunter,marksmanship,36,9,27
Kìngjaybroni,sargeras,854,hunter,marksmanship,18,9,9
Bunb,area-52,853,hunter,marksmanship,30,9,21
Dashr,dalvengyr,852,hunter,marksmanship,24,9,15
Azx,tichondrius,851,hunter,marksmanship,18,9,9
Chaarlee,senjin,851,hunter,marksmanship,44,21,23
Necroshotz,kul-tiras,849,hunter,marksmanship,30,9,21
Pucky,quelthalas,848,hunter,marksmanship,36,9,27
Kaws,korgath,846,hunter,marksmanship,18,9,9
Oorudun,hellscream,845,hunter,marksmanship,74,33,41
Axtlas,moonrunner,843,hunter,marksmanship,28,12,16
Aksalaz,area-52,842,hunter,marksmanship,23,9,14
Skyloss,illidan,839,hunter,marksmanship,72,27,45
Fritzy,nazjatar,838,hunter,marksmanship,36,9,27
Blåckhat,frostmourne,837,hunter,marksmanship,42,9,33
Euphylesz,garrosh,836,hunter,marksmanship,22,9,13
Vaelanor,destromath,831,hunter,marksmanship,24,11,13
Cio,fizzcrank,831,hunter,marksmanship,24,9,15
Cazadorelite,tichondrius,831,hunter,marksmanship,103,37,66
PlayerZQTRQJ,jubeithos,830,hunter,marksmanship,84,23,61
Mawlotov,barthilas,829,hunter,marksmanship,35,9,26
Muggzzy,malygos,824,hunter,marksmanship,18,9,9
Hartman,frostwolf,822,hunter,marksmanship,24,9,15
Amorial,barthilas,819,hunter,marksmanship,35,9,26
Kyriàn,lightnings-blade,818,hunter,marksmanship,17,9,8
Mambahh,dalaran,817,hunter,marksmanship,32,10,22
Traxêx,nemesis,816,hunter,marksmanship,23,9,14
Deejwithabow,frostmourne,815,hunter,marksmanship,18,9,9
Mohz,kiljaeden,814,hunter,marksmanship,29,9,20
Atraksis,thrall,813,hunter,marksmanship,17,9,8
Arbeis,area-52,813,hunter,marksmanship,90,31,59
Remixjy,burning-blade,810,hunter,marksmanship,22,10,12
Iamtotoro,area-52,809,hunter,marksmanship,28,9,19
Snäpträp,stormrage,807,hunter,marksmanship,15,9,6
Calmabença,azralon,806,hunter,marksmanship,105,48,57
Rödrigö,azralon,805,hunter,marksmanship,40,18,22
Lovedietdew,borean-tundra,805,hunter,marksmanship,27,10,17
Såvagehunter,malganis,797,hunter,marksmanship,22,9,13
Dairoxd,drakkari,797,hunter,marksmanship,65,26,39
Eaudelune,vashj,797,hunter,marksmanship,23,9,14
Qúin,frostmourne,797,hunter,marksmanship,29,10,19
Déadlyshot,tichondrius,796,hunter,marksmanship,101,44,57
Zindula,malganis,796,hunter,marksmanship,21,9,12
Vaerromar,thunderlord,786,hunter,marksmanship,42,17,25
Äzrael,elune,783,hunter,marksmanship,47,17,30
Erudraugdin,quelthalas,780,hunter,marksmanship,47,17,30
Jagare,tichondrius,778,hunter,marksmanship,25,9,16
Getkited,tichondrius,773,hunter,marksmanship,28,10,18
Tamsynn,stormreaver,769,hunter,marksmanship,54,15,39
Äpos,tichondrius,768,hunter,marksmanship,12,8,4
Entrapment,stormrage,768,hunter,marksmanship,12,8,4
Ragshunt,stormrage,768,hunter,marksmanship,12,8,4
Kiatus,nesingwary,768,hunter,marksmanship,18,8,10
Achillez,bleeding-hollow,768,hunter,marksmanship,18,8,10
Hyjix,stormrage,768,hunter,marksmanship,18,8,10
Lycanthropei,illidan,768,hunter,marksmanship,18,8,10
Bonquiesha,area-52,768,hunter,marksmanship,24,8,16
Civvo,dalaran,768,hunter,marksmanship,24,8,16
Gorthmog,daggerspine,768,hunter,marksmanship,24,8,16
Woeisyou,stormrage,768,hunter,marksmanship,24,8,16
Melkmane,emerald-dream,767,hunter,marksmanship,12,8,4
Handlez,gundrak,767,hunter,marksmanship,12,8,4
Cimotsw,stormrage,767,hunter,marksmanship,12,8,4
Presleyjane,tichondrius,767,hunter,marksmanship,12,8,4
Connovar,nemesis,767,hunter,marksmanship,12,8,4
Thrandrial,smolderthorn,767,hunter,marksmanship,12,8,4
Côckblocked,tichondrius,767,hunter,marksmanship,12,8,4
Arttemiss,zangarmarsh,767,hunter,marksmanship,12,8,4
Fhodhaz,nemesis,767,hunter,marksmanship,12,8,4
Harlory,moon-guard,767,hunter,marksmanship,12,8,4
Suyesh,tichondrius,767,hunter,marksmanship,12,8,4
Spiderham,tichondrius,767,hunter,marksmanship,12,8,4
Wolfmilkers,illidan,767,hunter,marksmanship,12,8,4
Hunterll,tichondrius,767,hunter,marksmanship,12,8,4
Wike,hyjal,767,hunter,marksmanship,15,9,6
Chouriça,stormrage,767,hunter,marksmanship,18,8,10
Silizir,emerald-dream,767,hunter,marksmanship,18,8,10
Xtina,drakkari,767,hunter,marksmanship,18,8,10
Thejessiah,tichondrius,767,hunter,marksmanship,18,8,10
Therana,duskwood,767,hunter,marksmanship,18,8,10
Rickshaw,frostmourne,767,hunter,marksmanship,18,8,10
Ravanskull,burning-blade,767,hunter,marksmanship,18,8,10
Brac,tichondrius,767,hunter,marksmanship,18,8,10
Smokabonbon,eredar,767,hunter,marksmanship,18,8,10
Yory,tol-barad,767,hunter,marksmanship,18,8,10
Cufless,proudmoore,767,hunter,marksmanship,18,8,10
Vileplumè,stormrage,767,hunter,marksmanship,18,8,10
Rumnaheim,nemesis,767,hunter,marksmanship,18,8,10
Runethkape,kelthuzad,767,hunter,marksmanship,18,8,10
Mhortaì,stormrage,767,hunter,marksmanship,21,9,12
Tarah,lightbringer,767,hunter,marksmanship,24,8,16
Lyqt,illidan,767,hunter,marksmanship,24,8,16
Rizzbow,dalvengyr,767,hunter,marksmanship,24,8,16
Pewitsabow,tichondrius,767,hunter,marksmanship,30,8,22
Mööky,frostmourne,766,hunter,marksmanship,12,8,4
Saltz,tichondrius,766,hunter,marksmanship,12,8,4
Turboxhunter,area-52,766,hunter,marksmanship,18,8,10
Raiku,aggramar,766,hunter,marksmanship,18,8,10
Zèd,azralon,766,hunter,marksmanship,18,8,10
Årcter,alexstrasza,766,hunter,marksmanship,18,8,10
Grimdrakk,zuljin,766,hunter,marksmanship,18,8,10
Noeffort,frostmourne,766,hunter,marksmanship,18,8,10
Raynòr,stormrage,766,hunter,marksmanship,24,8,16
Kaelhim,warsong,766,hunter,marksmanship,24,8,16
Tonyhunter,nemesis,766,hunter,marksmanship,24,8,16
Mfjl,tichondrius,765,hunter,marksmanship,18,8,10
Brosk,drakthul,765,hunter,marksmanship,18,8,10
Weecog,arygos,765,hunter,marksmanship,18,8,10
Dhar,eldrethalas,765,hunter,marksmanship,21,9,12
Evilslaug,tichondrius,765,hunter,marksmanship,20,8,12
Ramblinon,bloodhoof,765,hunter,marksmanship,42,14,28
Kòng,quelthalas,765,hunter,marksmanship,24,8,16
Ihuntkids,amanthul,765,hunter,marksmanship,24,8,16
Daahm,malganis,765,hunter,marksmanship,25,8,17
Bionix,sargeras,764,hunter,marksmanship,18,8,10
Bõjãck,stormrage,764,hunter,marksmanship,18,8,10
Myciri,proudmoore,764,hunter,marksmanship,18,8,10
Kiteftw,tichondrius,764,hunter,marksmanship,27,9,18
Fastaumath,icecrown,764,hunter,marksmanship,30,8,22
Bunnystrap,stormrage,763,hunter,marksmanship,18,8,10
Silentzkill,tichondrius,763,hunter,marksmanship,18,8,10
Sinsix,akama,763,hunter,marksmanship,18,8,10
Vthan,zuljin,763,hunter,marksmanship,24,8,16
Jaidev,nemesis,763,hunter,marksmanship,24,8,16
Comtambisuon,frostmourne,762,hunter,marksmanship,12,8,4
Kluako,stormreaver,762,hunter,marksmanship,12,8,4
Thisguÿ,arthas,762,hunter,marksmanship,18,8,10
Sorid,medivh,761,hunter,marksmanship,12,8,4
Enonoa,thunderlord,760,hunter,marksmanship,12,8,4
Wïndrunnêr,sargeras,760,hunter,marksmanship,18,8,10
Urscrewed,kiljaeden,760,hunter,marksmanship,18,8,10
Staudt,emerald-dream,757,hunter,marksmanship,18,8,10
Blindshotz,moon-guard,752,hunter,marksmanship,18,8,10
Cözz,amanthul,752,hunter,marksmanship,18,8,10
Niceshotboi,azgalor,751,hunter,marksmanship,24,8,16
Lynnì,khadgar,750,hunter,marksmanship,18,8,10
Darkmaximus,echo-isles,750,hunter,marksmanship,24,8,16
Aboy,frostmourne,744,hunter,marksmanship,58,20,38
Desolattor,aegwynn,741,hunter,marksmanship,29,10,19
Dashing,magtheridon,741,hunter,marksmanship,29,8,21
Mackin,maelstrom,740,hunter,marksmanship,24,8,16
Lennfear,frostmourne,739,hunter,marksmanship,24,8,16
Ratspit,chogall,734,hunter,marksmanship,23,8,15
Elchavo,malganis,733,hunter,marksmanship,17,8,9
Bowsbéforhos,stormrage,733,hunter,marksmanship,20,9,11
Wij,turalyon,733,hunter,marksmanship,54,19,35
Mazkeen,bonechewer,728,hunter,marksmanship,19,8,11
Chocoshots,burning-blade,719,hunter,marksmanship,27,8,19
Setepalms,azralon,718,hunter,marksmanship,17,8,9
Muerteaterry,ragnaros,714,hunter,marksmanship,24,9,15
Tinylegzz,illidan,711,hunter,marksmanship,33,9,24
Shablagoosh,zuljin,704,hunter,marksmanship,22,8,14
Huntersuck,burning-blade,703,hunter,marksmanship,11,8,3
Kushminion,zuljin,702,hunter,marksmanship,20,10,10
Glokrag,ysera,702,hunter,marksmanship,20,8,12
Ganeva,sargeras,700,hunter,marksmanship,99,36,63
Fizzleshot,malganis,699,hunter,marksmanship,18,8,10
Swm,nazjatar,697,hunter,marksmanship,22,8,14
Dagre,the-forgotten-coast,675,hunter,marksmanship,31,8,23
Vixaria,illidan,672,hunter,marksmanship,12,7,5
Relapse,dreadmaul,672,hunter,marksmanship,12,7,5
Titzyø,area-52,672,hunter,marksmanship,12,7,5
Mörgoth,quelthalas,672,hunter,marksmanship,12,7,5
Kookh,area-52,672,hunter,marksmanship,12,7,5
Raktama,proudmoore,672,hunter,marksmanship,12,7,5
Keboks,alleria,672,hunter,marksmanship,12,7,5
Kaznik,ragnaros,672,hunter,marksmanship,12,7,5
Candîce,moon-guard,672,hunter,marksmanship,12,7,5
Dpsmeslowly,stormrage,672,hunter,marksmanship,12,7,5
Luoshi,proudmoore,672,hunter,marksmanship,12,7,5
Winotah,barthilas,672,hunter,marksmanship,12,7,5
Deputydóng,zuljin,672,hunter,marksmanship,12,7,5
Munger,dathremar,672,hunter,marksmanship,12,7,5
Mms,frostmourne,672,hunter,marksmanship,12,7,5
Kaptincrunch,skywall,672,hunter,marksmanship,12,7,5
Metrolleta,thrall,672,hunter,marksmanship,12,7,5
Mochaxd,stormrage,672,hunter,marksmanship,14,7,7
Jimryl,illidan,672,hunter,marksmanship,18,7,11
Trapshootjk,area-52,672,hunter,marksmanship,18,7,11
Bombanodos,kelthuzad,672,hunter,marksmanship,18,7,11
Miranto,azralon,672,hunter,marksmanship,18,7,11
Phatshiet,anvilmar,672,hunter,marksmanship,18,7,11
Trappah,stormrage,672,hunter,marksmanship,18,7,11
Darkasacin,wyrmrest-accord,672,hunter,marksmanship,18,7,11
Xohzabu,wyrmrest-accord,672,hunter,marksmanship,18,7,11
Womdalekk,azralon,672,hunter,marksmanship,18,7,11
Øriiøn,ragnaros,672,hunter,marksmanship,18,7,11
Topgronk,tichondrius,672,hunter,marksmanship,18,7,11
Lexandra,quelthalas,672,hunter,marksmanship,18,7,11
Tirrill,malganis,672,hunter,marksmanship,18,7,11
Segfault,korgath,672,hunter,marksmanship,22,7,15
Frezunter,amanthul,672,hunter,marksmanship,24,7,17
Ping,tol-barad,672,hunter,marksmanship,24,7,17
Bigzane,darkspear,672,hunter,marksmanship,24,7,17
Kårdashian,illidan,672,hunter,marksmanship,24,7,17
Jaganshot,tol-barad,671,hunter,marksmanship,12,7,5
Foxyevermew,tichondrius,671,hunter,marksmanship,12,7,5
Neoxbow,wyrmrest-accord,671,hunter,marksmanship,12,7,5
Geraldson,proudmoore,671,hunter,marksmanship,12,7,5
Texploto,area-52,671,hunter,marksmanship,12,7,5
Hannover,ragnaros,671,hunter,marksmanship,12,7,5
Shootbert,malganis,671,hunter,marksmanship,12,7,5
Zelonas,emerald-dream,671,hunter,marksmanship,12,7,5
Eatmybow,nemesis,671,hunter,marksmanship,12,7,5
Kalizra,quelthalas,671,hunter,marksmanship,18,7,11
Furrhunter,tichondrius,671,hunter,marksmanship,18,7,11
Whatalexa,tichondrius,671,hunter,marksmanship,18,7,11
Navagee,tichondrius,671,hunter,marksmanship,18,7,11
Arenthius,lothar,671,hunter,marksmanship,18,7,11
Toesgoes,thrall,671,hunter,marksmanship,18,7,11
Lyricly,lightbringer,671,hunter,marksmanship,18,7,11
Sáns,sargeras,671,hunter,marksmanship,18,7,11
Bowtech,malygos,671,hunter,marksmanship,18,7,11
Atallstalker,sargeras,671,hunter,marksmanship,18,7,11
Schbaltz,tichondrius,671,hunter,marksmanship,18,7,11
Bacin,tichondrius,671,hunter,marksmanship,18,7,11
Stingyshot,thrall,671,hunter,marksmanship,18,7,11
Thekilla,ragnaros,671,hunter,marksmanship,18,7,11
Bstic,quelthalas,671,hunter,marksmanship,18,7,11
Zhetsu,cenarius,671,hunter,marksmanship,18,7,11
Prpl,sargeras,671,hunter,marksmanship,27,8,19
Temara,icecrown,671,hunter,marksmanship,24,7,17
Falamor,zuljin,671,hunter,marksmanship,24,7,17
Joogeenda,kaelthas,670,hunter,marksmanship,12,7,5
Sinoe,quelthalas,670,hunter,marksmanship,12,7,5
Untermench,tichondrius,670,hunter,marksmanship,12,7,5
Lazypossum,thrall,670,hunter,marksmanship,22,11,11
Machinê,stormrage,670,hunter,marksmanship,16,8,8
Nellond,malganis,670,hunter,marksmanship,18,7,11
Flitscher,stonemaul,670,hunter,marksmanship,18,7,11
Jesux,zuljin,670,hunter,marksmanship,18,7,11
Gagau,stormrage,670,hunter,marksmanship,18,7,11
Davidböwie,stormreaver,670,hunter,marksmanship,18,7,11
Luckynoodlle,frostmourne,669,hunter,marksmanship,12,7,5
Deathbyebow,maiev,669,hunter,marksmanship,12,7,5
Bartolomeu,kirin-tor,669,hunter,marksmanship,12,7,5
Datarrow,illidan,669,hunter,marksmanship,12,7,5
Johnwayne,alterac-mountains,669,hunter,marksmanship,22,8,14
Meldrissa,wyrmrest-accord,669,hunter,marksmanship,24,7,17
Lilzoomer,barthilas,668,hunter,marksmanship,12,7,5
Lionnheart,wyrmrest-accord,668,hunter,marksmanship,12,7,5
Qte,cairne,668,hunter,marksmanship,18,7,11
Korgie,thunderlord,667,hunter,marksmanship,12,7,5
Myguy,misha,667,hunter,marksmanship,12,7,5
Chicatatuada,ragnaros,666,hunter,marksmanship,21,10,11
Mulnaaj,zuljin,666,hunter,marksmanship,24,7,17
Mahty,stormrage,665,hunter,marksmanship,12,7,5
Cumflaps,frostmourne,664,hunter,marksmanship,18,7,11
Bowzo,emerald-dream,663,hunter,marksmanship,18,7,11
Pilhul,illidan,663,hunter,marksmanship,42,8,34
Steelfeather,hellscream,662,hunter,marksmanship,12,7,5
Twofeathers,wyrmrest-accord,659,hunter,marksmanship,18,7,11
Fearsabyss,stormrage,655,hunter,marksmanship,18,7,11
Trionias,malfurion,654,hunter,marksmanship,17,7,10
Drâgônâr,stormrage,654,hunter,marksmanship,24,7,17
Vixenstoy,stormrage,647,hunter,marksmanship,18,7,11
Righthole,area-52,640,hunter,marksmanship,22,7,15
Outranged,moon-guard,638,hunter,marksmanship,14,8,6
Shatå,tichondrius,636,hunter,marksmanship,29,7,22
Fayd,frostwolf,623,hunter,marksmanship,15,7,8
Grukar,tichondrius,623,hunter,marksmanship,17,7,10
Kodos,gnomeregan,621,hunter,marksmanship,17,7,10
Mesiauzx,stormrage,618,hunter,marksmanship,22,9,13
Kumàr,illidan,617,hunter,marksmanship,27,8,19
Trochillidae,dragonmaw,616,hunter,marksmanship,22,8,14
Maveraxx,executus,616,hunter,marksmanship,21,7,14
Basticus,blackwater-raiders,615,hunter,marksmanship,15,8,7
Ròllinafatty,dark-iron,607,hunter,marksmanship,20,7,13
Pogcheddar,tichondrius,607,hunter,marksmanship,20,7,13
Laurenx,illidan,606,hunter,marksmanship,31,14,17
Jonsnow,lightnings-blade,594,hunter,marksmanship,27,9,18
Dahunterguy,illidan,592,hunter,marksmanship,13,7,6
Ssibomb,tichondrius,576,hunter,marksmanship,6,6,0
Umayuseurdef,illidan,576,hunter,marksmanship,6,6,0
Donotrunaway,ragnaros,576,hunter,marksmanship,12,6,6
Quiv,jubeithos,576,hunter,marksmanship,12,6,6
Gopikachu,black-dragonflight,576,hunter,marksmanship,12,6,6
Trapwiz,firetree,576,hunter,marksmanship,12,6,6
Hannispian,tichondrius,576,hunter,marksmanship,12,6,6
Dranel,nordrassil,576,hunter,marksmanship,12,6,6
Rabity,thrall,576,hunter,marksmanship,12,6,6
Gugubird,proudmoore,576,hunter,marksmanship,12,6,6
Juwannaaim,lethon,576,hunter,marksmanship,12,6,6
Xernen,thrall,576,hunter,marksmanship,12,6,6
Vårelse,sargeras,576,hunter,marksmanship,12,6,6
Peppancini,wyrmrest-accord,576,hunter,marksmanship,12,6,6
Atti,ghostlands,576,hunter,marksmanship,12,6,6
Xtralitê,tichondrius,576,hunter,marksmanship,12,6,6
Kungabunga,illidan,576,hunter,marksmanship,12,6,6
Viralshot,tichondrius,576,hunter,marksmanship,12,6,6
Elmozz,thrall,576,hunter,marksmanship,12,6,6
Soxstayon,tichondrius,576,hunter,marksmanship,12,6,6
Rockehm,frostmourne,576,hunter,marksmanship,12,6,6
Doubletap,bleeding-hollow,576,hunter,marksmanship,12,6,6
Klepa,illidan,576,hunter,marksmanship,12,6,6
Aoti,nerzhul,576,hunter,marksmanship,12,6,6
Küngen,zuljin,576,hunter,marksmanship,12,6,6
Êlautismo,wyrmrest-accord,576,hunter,marksmanship,12,6,6
Cubecrawler,skullcrusher,576,hunter,marksmanship,12,6,6
Vicecheney,illidan,576,hunter,marksmanship,12,6,6
Basmorc,azralon,576,hunter,marksmanship,12,6,6
Knerf,silvermoon,576,hunter,marksmanship,12,6,6
Ysoseriusg,area-52,576,hunter,marksmanship,12,6,6
Jimbeampeach,illidan,576,hunter,marksmanship,12,6,6
Groomme,area-52,576,hunter,marksmanship,12,6,6
Kyudo,moon-guard,576,hunter,marksmanship,12,6,6
Annihilatiøn,zuluhed,576,hunter,marksmanship,12,6,6
Illine,azralon,576,hunter,marksmanship,12,6,6
Cù,frostmourne,576,hunter,marksmanship,12,6,6
Mtuanwm,tichondrius,576,hunter,marksmanship,12,6,6
Pulso,illidan,576,hunter,marksmanship,12,6,6
Gritzix,frostmourne,576,hunter,marksmanship,12,6,6
Ishootpeople,illidan,576,hunter,marksmanship,12,6,6
Skum,tichondrius,576,hunter,marksmanship,12,6,6
Mdizzly,zuljin,576,hunter,marksmanship,12,6,6
Pandaslayr,garrosh,576,hunter,marksmanship,12,6,6
Zaamsa,ragnaros,576,hunter,marksmanship,12,6,6
Bayum,emerald-dream,576,hunter,marksmanship,12,6,6
Tokez,moon-guard,576,hunter,marksmanship,14,6,8
Nastynadia,frostmourne,576,hunter,marksmanship,18,6,12
Nerfmeplezz,area-52,576,hunter,marksmanship,18,6,12
Cortavento,azralon,576,hunter,marksmanship,18,6,12
Dojaqat,frostmourne,576,hunter,marksmanship,18,6,12
Shcrimps,proudmoore,576,hunter,marksmanship,18,6,12
Medking,azralon,576,hunter,marksmanship,18,6,12
Aviarina,barthilas,576,hunter,marksmanship,18,6,12
Lightbullet,kelthuzad,576,hunter,marksmanship,18,6,12
Sorrybb,malganis,576,hunter,marksmanship,18,6,12
Germerican,illidan,576,hunter,marksmanship,18,6,12
Velinieron,norgannon,576,hunter,marksmanship,20,6,14
Jônathan,tichondrius,576,hunter,marksmanship,24,6,18
Lennx,tichondrius,575,hunter,marksmanship,12,6,6
Daggétt,zuljin,575,hunter,marksmanship,12,6,6
Malmsteen,argent-dawn,575,hunter,marksmanship,12,6,6
Starsabov,emerald-dream,575,hunter,marksmanship,12,6,6
Gresga,dalaran,575,hunter,marksmanship,12,6,6
Projectilez,sargeras,575,hunter,marksmanship,12,6,6
Dirtbagchaz,illidan,575,hunter,marksmanship,12,6,6
Littlespike,queldorei,575,hunter,marksmanship,12,6,6
Badharexx,perenolde,575,hunter,marksmanship,12,6,6
Pîllcosby,tichondrius,575,hunter,marksmanship,12,6,6
Chapushoot,ragnaros,575,hunter,marksmanship,12,6,6
Onlyfeìgns,frostmourne,575,hunter,marksmanship,12,6,6
Pumpum,malganis,575,hunter,marksmanship,12,6,6
Luxeley,lightbringer,575,hunter,marksmanship,12,6,6
Taphh,moon-guard,575,hunter,marksmanship,12,6,6
Chipsncheese,korgath,575,hunter,marksmanship,12,6,6
Kahtniss,quelthalas,575,hunter,marksmanship,12,6,6
Aragörnn,azralon,575,hunter,marksmanship,12,6,6
Razer,anvilmar,575,hunter,marksmanship,21,7,14
Smashfacehnt,tichondrius,575,hunter,marksmanship,18,6,12
Sylryuk,kelthuzad,575,hunter,marksmanship,18,6,12
Streeterc,quelthalas,575,hunter,marksmanship,18,6,12
Arbclimbs,frostmane,575,hunter,marksmanship,18,6,12
Zugineer,tichondrius,575,hunter,marksmanship,18,6,12
Duaalipaa,malganis,575,hunter,marksmanship,24,6,18
Sukiru,ragnaros,575,hunter,marksmanship,30,6,24
Zeddunn,stormrage,574,hunter,marksmanship,12,6,6
Marcusrarnis,zuljin,574,hunter,marksmanship,12,6,6
Hildihunt,stormrage,574,hunter,marksmanship,12,6,6
Folgadoo,azralon,574,hunter,marksmanship,18,6,12
Brotag,aggramar,574,hunter,marksmanship,18,6,12
Bigmommah,durotan,574,hunter,marksmanship,24,6,18
Louter,drakkari,573,hunter,marksmanship,12,6,6
Cptspaulding,magtheridon,573,hunter,marksmanship,18,6,12
Pilk,daggerspine,573,hunter,marksmanship,18,6,12
Hunternao,nemesis,572,hunter,marksmanship,24,6,18
Kahunå,area-52,571,hunter,marksmanship,12,6,6
Strelyatil,trollbane,571,hunter,marksmanship,18,6,12
Slayemz,barthilas,570,hunter,marksmanship,18,6,12
Nulliuss,khadgar,568,hunter,marksmanship,24,6,18
Dogstar,madoran,567,hunter,marksmanship,24,6,18
Beastmodeqt,blood-furnace,566,hunter,marksmanship,18,6,12
Liedaria,zangarmarsh,566,hunter,marksmanship,18,6,12
Nickhell,azralon,565,hunter,marksmanship,12,6,6
Weirdjeff,alexstrasza,565,hunter,marksmanship,12,6,6
Ikkare,dalaran,565,hunter,marksmanship,12,6,6
Purplebeaver,gorgonnash,565,hunter,marksmanship,18,6,12
Neef,mannoroth,564,hunter,marksmanship,24,6,18
Oohuntsoo,emerald-dream,561,hunter,marksmanship,28,10,18
Mìctlan,ragnaros,559,hunter,marksmanship,17,6,11
Almighty,trollbane,559,hunter,marksmanship,78,23,55
Iapsux,bleeding-hollow,543,hunter,marksmanship,10,7,3
Shímmér,barthilas,543,hunter,marksmanship,11,6,5
Gymli,destromath,543,hunter,marksmanship,11,6,5
Cloveth,wyrmrest-accord,543,hunter,marksmanship,11,6,5
Xpyroshot,area-52,537,hunter,marksmanship,18,9,9
Päinal,area-52,528,hunter,marksmanship,9,6,3
Nflmaster,malganis,527,hunter,marksmanship,11,6,5
Déadshøt,blackhand,527,hunter,marksmanship,17,6,11
Jgodsslayer,tichondrius,526,hunter,marksmanship,23,6,17
Xtremesnipez,frostmourne,522,hunter,marksmanship,15,9,6
Ayrelial,tichondrius,522,hunter,marksmanship,13,7,6
Zucarita,tichondrius,522,hunter,marksmanship,15,7,8
Kenichyi,drakkari,522,hunter,marksmanship,22,7,15
Stepbroski,moon-guard,510,hunter,marksmanship,14,6,8
Demongirl,arathor,504,hunter,marksmanship,31,7,24
Cassîdy,quelthalas,501,hunter,marksmanship,26,7,19
Arimkal,area-52,480,hunter,marksmanship,6,5,1
Thebush,dragonmaw,480,hunter,marksmanship,6,5,1
Speshylponi,smolderthorn,480,hunter,marksmanship,6,5,1
Shootandloot,zuljin,480,hunter,marksmanship,6,5,1
Taije,arthas,480,hunter,marksmanship,6,5,1
Pikabow,tichondrius,480,hunter,marksmanship,6,5,1
Gevin,stormrage,480,hunter,marksmanship,6,5,1
Kimchishotxo,tichondrius,480,hunter,marksmanship,6,5,1
Jalinhabbei,azralon,480,hunter,marksmanship,6,5,1
Drup,dalaran,480,hunter,marksmanship,6,5,1
Ragejones,tichondrius,480,hunter,marksmanship,6,5,1
Zmghost,nathrezim,480,hunter,marksmanship,6,5,1
Bendotexe,stormrage,480,hunter,marksmanship,6,5,1
Idtrapthat,nordrassil,480,hunter,marksmanship,9,5,4
Teaks,aggramar,480,hunter,marksmanship,12,5,7
Qqshot,emerald-dream,480,hunter,marksmanship,12,5,7
Splosiv,stormrage,480,hunter,marksmanship,12,5,7
Boomheadshot,blood-furnace,480,hunter,marksmanship,12,5,7
Ellissniper,frostmourne,480,hunter,marksmanship,12,5,7
Orì,stormrage,480,hunter,marksmanship,12,5,7
Dansfarm,tichondrius,480,hunter,marksmanship,12,5,7
Urukah,gallywix,480,hunter,marksmanship,12,5,7
Charzall,zuljin,480,hunter,marksmanship,12,5,7
Bowjoby,kelthuzad,480,hunter,marksmanship,12,5,7
Xxunderoath,frostwolf,480,hunter,marksmanship,12,5,7
Yonzo,area-52,480,hunter,marksmanship,12,5,7
Lorgor,eonar,480,hunter,marksmanship,12,5,7
Trænquility,tichondrius,480,hunter,marksmanship,12,5,7
Hunt,the-underbog,480,hunter,marksmanship,12,5,7
Lagshots,kelthuzad,480,hunter,marksmanship,12,5,7
Connora,stormrage,480,hunter,marksmanship,12,5,7
Josyv,quelthalas,480,hunter,marksmanship,12,5,7
Lianm,stormrage,480,hunter,marksmanship,12,5,7
Thewïld,tichondrius,480,hunter,marksmanship,12,5,7
Vashra,stormrage,480,hunter,marksmanship,12,5,7
Kankuro,proudmoore,480,hunter,marksmanship,12,5,7
Snoplow,illidan,480,hunter,marksmanship,12,5,7
Volarsomar,shattered-hand,480,hunter,marksmanship,12,5,7
Slobon,tichondrius,480,hunter,marksmanship,12,5,7
Huerfyta,quelthalas,480,hunter,marksmanship,12,5,7
Duckpow,frostmourne,480,hunter,marksmanship,12,5,7
Aloa,nagrand,480,hunter,marksmanship,12,5,7
Lilbowbigdam,emerald-dream,480,hunter,marksmanship,12,5,7
Omniquiver,sargeras,480,hunter,marksmanship,12,5,7
Davidbowey,bonechewer,480,hunter,marksmanship,12,5,7
Scruffiebear,deathwing,480,hunter,marksmanship,12,5,7
Wingclippin,stormrage,480,hunter,marksmanship,12,5,7
Snipedown,bonechewer,480,hunter,marksmanship,12,5,7
Magvez,tichondrius,480,hunter,marksmanship,12,5,7
Xísa,proudmoore,480,hunter,marksmanship,12,5,7
Cotoyo,sargeras,480,hunter,marksmanship,12,5,7
Baehydra,frostmourne,480,hunter,marksmanship,12,5,7
Partÿ,tichondrius,480,hunter,marksmanship,12,5,7
Ophois,lightbringer,480,hunter,marksmanship,12,5,7
Razengan,jubeithos,480,hunter,marksmanship,12,5,7
Mevioz,quelthalas,480,hunter,marksmanship,12,5,7
Faldran,earthen-ring,480,hunter,marksmanship,12,5,7
Zünma,tichondrius,480,hunter,marksmanship,12,5,7
Raeyy,area-52,480,hunter,marksmanship,12,5,7
Yukily,sargeras,480,hunter,marksmanship,12,5,7
Jaywuz,tichondrius,480,hunter,marksmanship,12,5,7
Happyhunting,sargeras,480,hunter,marksmanship,12,5,7
Reys,bonechewer,480,hunter,marksmanship,15,6,9
Yørch,stormrage,480,hunter,marksmanship,15,5,10
Taikiryoushi,frostmourne,480,hunter,marksmanship,21,6,15
Resonatorrob,illidan,480,hunter,marksmanship,18,5,13
Draban,stormrage,480,hunter,marksmanship,18,5,13
Absinther,emerald-dream,480,hunter,marksmanship,18,5,13
Ikiteforfood,zuljin,480,hunter,marksmanship,18,5,13
Shootybootìe,tichondrius,480,hunter,marksmanship,18,5,13
Oneclick,burning-legion,480,hunter,marksmanship,18,5,13
Eurekasl,ragnaros,480,hunter,marksmanship,18,5,13
Msghunter,sargeras,480,hunter,marksmanship,18,5,13
Kattarry,moon-guard,480,hunter,marksmanship,18,5,13
Killerblood,frostmourne,479,hunter,marksmanship,6,5,1
Runimurder,zuljin,479,hunter,marksmanship,6,5,1
Hoechunk,bonechewer,479,hunter,marksmanship,6,5,1
Ritrune,anvilmar,479,hunter,marksmanship,6,5,1
Zaghoward,fenris,479,hunter,marksmanship,12,5,7
Peitowyn,illidan,479,hunter,marksmanship,12,5,7
Treefall,garrosh,479,hunter,marksmanship,12,5,7
Kogger,frostmourne,479,hunter,marksmanship,12,5,7
Sealgai,area-52,479,hunter,marksmanship,12,5,7
Dversive,nagrand,479,hunter,marksmanship,12,5,7
Blurrí,area-52,479,hunter,marksmanship,12,5,7
Voujin,ragnaros,479,hunter,marksmanship,12,5,7
Alluminant,gilneas,479,hunter,marksmanship,12,5,7
Goldensour,malganis,479,hunter,marksmanship,12,5,7
Hyora,tichondrius,479,hunter,marksmanship,12,5,7
Keyva,moon-guard,479,hunter,marksmanship,12,5,7
Blackbandit,kiljaeden,479,hunter,marksmanship,12,5,7
Rykbad,area-52,479,hunter,marksmanship,12,5,7
Ohhsnaapp,blood-furnace,479,hunter,marksmanship,12,5,7
Globalhunter,emerald-dream,479,hunter,marksmanship,12,5,7
Jazeath,tichondrius,479,hunter,marksmanship,12,5,7
Hunchback,emerald-dream,479,hunter,marksmanship,12,5,7
Karimysac,aggramar,479,hunter,marksmanship,12,5,7
Pathius,uldaman,479,hunter,marksmanship,12,5,7
Hannoch,gallywix,479,hunter,marksmanship,12,5,7
Celestinè,ragnaros,479,hunter,marksmanship,15,6,9
Diur,ragnaros,479,hunter,marksmanship,15,5,10
Johar,nerzhul,479,hunter,marksmanship,18,5,13
Skillvanas,stormrage,479,hunter,marksmanship,18,5,13
Karcher,tichondrius,479,hunter,marksmanship,18,5,13
Sásori,area-52,479,hunter,marksmanship,18,5,13
Strixx,emerald-dream,479,hunter,marksmanship,18,5,13
Logonman,rexxar,479,hunter,marksmanship,18,5,13
Priinceps,azralon,478,hunter,marksmanship,12,5,7
Cocobage,destromath,478,hunter,marksmanship,12,5,7
Ensnare,wyrmrest-accord,478,hunter,marksmanship,12,5,7
Ozzoty,tol-barad,478,hunter,marksmanship,12,5,7
Iconundis,amanthul,478,hunter,marksmanship,18,5,13
Nobelscarlet,wildhammer,477,hunter,marksmanship,12,5,7
Ahthew,archimonde,477,hunter,marksmanship,18,5,13
Akbu,azralon,476,hunter,marksmanship,12,5,7
Puttry,stormrage,476,hunter,marksmanship,12,5,7
Àrsha,gallywix,475,hunter,marksmanship,12,5,7
Divinee,undermine,475,hunter,marksmanship,24,5,19
Nubberton,sargeras,473,hunter,marksmanship,16,8,8
Lanney,firetree,473,hunter,marksmanship,12,5,7
Evangeline,agamaggan,472,hunter,marksmanship,12,5,7
Butimbutters,bleeding-hollow,467,hunter,marksmanship,23,8,15
Elmerfuddx,terokkar,463,hunter,marksmanship,11,5,6
Nixous,azralon,460,hunter,marksmanship,17,5,12
Raun,anvilmar,453,hunter,marksmanship,17,5,12
Nyloc,dalvengyr,448,hunter,marksmanship,10,5,5
Againzt,tichondrius,447,hunter,marksmanship,12,6,6
Diavál,area-52,447,hunter,marksmanship,11,5,6
Stroodleboy,korgath,447,hunter,marksmanship,11,5,6
Ryonel,moon-guard,447,hunter,marksmanship,17,5,12
Vetag,dalaran,432,hunter,marksmanship,9,5,4
Mukeru,stormrage,432,hunter,marksmanship,9,5,4
Irontoast,kelthuzad,431,hunter,marksmanship,11,5,6
Yukiqtpie,barthilas,431,hunter,marksmanship,11,5,6
Wook,hyjal,431,hunter,marksmanship,11,5,6
Gryffindoore,saurfang,431,hunter,marksmanship,15,5,10
Noriee,destromath,431,hunter,marksmanship,15,5,10
Wildspirits,frostmourne,431,hunter,marksmanship,17,5,12
Ozarks,kiljaeden,426,hunter,marksmanship,23,6,17
Àshborn,stormrage,425,hunter,marksmanship,13,6,7
Yarthax,illidan,416,hunter,marksmanship,10,5,5
Silvertokay,ragnaros,384,hunter,marksmanship,6,4,2
Anecko,zuljin,384,hunter,marksmanship,6,4,2
Maidán,azralon,384,hunter,marksmanship,6,4,2
Junmuxiao,ragnaros,384,hunter,marksmanship,6,4,2
Lenacraft,frostmourne,384,hunter,marksmanship,6,4,2
Cashisabeast,zuljin,384,hunter,marksmanship,6,4,2
Hellf,goldrinn,384,hunter,marksmanship,6,4,2
Hèro,barthilas,384,hunter,marksmanship,6,4,2
Cainus,zuljin,384,hunter,marksmanship,6,4,2
Jojojobo,tichondrius,384,hunter,marksmanship,6,4,2
Swoljashotxp,area-52,384,hunter,marksmanship,6,4,2
Subdue,tichondrius,384,hunter,marksmanship,6,4,2
Nenenhunt,ragnaros,384,hunter,marksmanship,6,4,2
Geeko,ragnaros,384,hunter,marksmanship,6,4,2
Graartwo,tichondrius,384,hunter,marksmanship,6,4,2
Archetype,bladefist,384,hunter,marksmanship,6,4,2
Darkranger,frostmourne,384,hunter,marksmanship,6,4,2
Venj,proudmoore,384,hunter,marksmanship,6,4,2
Tanarin,bleeding-hollow,384,hunter,marksmanship,6,4,2
Ferodal,moon-guard,384,hunter,marksmanship,6,4,2
Morky,wyrmrest-accord,384,hunter,marksmanship,6,4,2
Sxra,area-52,384,hunter,marksmanship,6,4,2
Westrice,zuljin,384,hunter,marksmanship,6,4,2
Vellocet,illidan,384,hunter,marksmanship,6,4,2
Gezae,ragnaros,384,hunter,marksmanship,6,4,2
Vivianna,aegwynn,384,hunter,marksmanship,6,4,2
Gogey,area-52,384,hunter,marksmanship,6,4,2
Shootyzenth,kiljaeden,384,hunter,marksmanship,6,4,2
Mkmoney,khaz-modan,384,hunter,marksmanship,6,4,2
Sylos,moon-guard,384,hunter,marksmanship,6,4,2
Déwi,tichondrius,384,hunter,marksmanship,6,4,2
Valtolimor,moon-guard,384,hunter,marksmanship,6,4,2
Nyxus,tichondrius,384,hunter,marksmanship,6,4,2
Aleximo,quelthalas,384,hunter,marksmanship,6,4,2
Puffcopeak,illidan,384,hunter,marksmanship,6,4,2
Swish,burning-legion,384,hunter,marksmanship,6,4,2
Ajo,malganis,384,hunter,marksmanship,6,4,2
Tdarknet,quelthalas,384,hunter,marksmanship,6,4,2
Cucumber,shuhalo,384,hunter,marksmanship,6,4,2
Goonlmao,hyjal,384,hunter,marksmanship,6,4,2
Emilysamuels,tichondrius,384,hunter,marksmanship,6,4,2
Dargongunner,dalaran,384,hunter,marksmanship,6,4,2
Zers,tichondrius,384,hunter,marksmanship,6,4,2
Demölishar,proudmoore,384,hunter,marksmanship,6,4,2
Beatnass,cairne,384,hunter,marksmanship,6,4,2
Hitemup,bleeding-hollow,384,hunter,marksmanship,6,4,2
Oromís,dalaran,384,hunter,marksmanship,6,4,2
Llhopital,ragnaros,384,hunter,marksmanship,6,4,2
Messengers,illidan,384,hunter,marksmanship,6,4,2
Aladriaa,burning-blade,384,hunter,marksmanship,6,4,2
Jathe,emerald-dream,384,hunter,marksmanship,6,4,2
Aimbôt,frostmourne,384,hunter,marksmanship,6,4,2
Keknine,gnomeregan,384,hunter,marksmanship,6,4,2
Gunstorms,dalaran,384,hunter,marksmanship,6,4,2
Zendarae,tichondrius,384,hunter,marksmanship,6,4,2
Infatuatedx,moon-guard,384,hunter,marksmanship,6,4,2
Jannz,gilneas,384,hunter,marksmanship,6,4,2
Arteene,illidan,384,hunter,marksmanship,6,4,2
Bentkock,thrall,384,hunter,marksmanship,6,4,2
Wellerman,firetree,384,hunter,marksmanship,6,4,2
Folf,turalyon,384,hunter,marksmanship,6,4,2
Tsukinohana,ragnaros,384,hunter,marksmanship,6,4,2
Csantana,sargeras,384,hunter,marksmanship,6,4,2
Croift,stormrage,384,hunter,marksmanship,6,4,2
Huumpoutine,burning-blade,384,hunter,marksmanship,6,4,2
Critscrazy,dalaran,384,hunter,marksmanship,6,4,2
Cornstalk,area-52,384,hunter,marksmanship,6,4,2
Yamamasofat,proudmoore,384,hunter,marksmanship,6,4,2
Rektarrow,area-52,384,hunter,marksmanship,6,4,2
Zenkhi,quelthalas,384,hunter,marksmanship,6,4,2
Saewyne,illidan,384,hunter,marksmanship,6,4,2
Kamikazey,tichondrius,384,hunter,marksmanship,7,4,3
Zzdanteezz,azralon,384,hunter,marksmanship,9,5,4
Rena,lightbringer,384,hunter,marksmanship,9,5,4
Malthiz,antonidas,384,hunter,marksmanship,8,4,4
Vicluvv,stormrage,384,hunter,marksmanship,9,4,5
Baydog,moon-guard,384,hunter,marksmanship,11,4,7
Bunryl,thorium-brotherhood,384,hunter,marksmanship,12,4,8
Frankesthain,ragnaros,384,hunter,marksmanship,12,4,8
Robobop,stormrage,384,hunter,marksmanship,12,4,8
Hanccok,tichondrius,384,hunter,marksmanship,12,4,8
Penelòpe,wyrmrest-accord,384,hunter,marksmanship,12,4,8
Tsubakï,ragnaros,384,hunter,marksmanship,12,4,8
Bleedwolf,tichondrius,384,hunter,marksmanship,12,4,8
Mckillahoe,malganis,384,hunter,marksmanship,12,4,8
Crimsonmm,ragnaros,384,hunter,marksmanship,12,4,8
Brändöncody,stormrage,384,hunter,marksmanship,12,4,8
Altte,proudmoore,384,hunter,marksmanship,12,4,8
Samsin,sargeras,384,hunter,marksmanship,12,4,8
Autumnwinds,nazgrel,384,hunter,marksmanship,12,4,8
Karizzev,sargeras,384,hunter,marksmanship,12,4,8
Sabo,nemesis,384,hunter,marksmanship,12,4,8
Hunterjahvek,area-52,384,hunter,marksmanship,12,4,8
Dropflag,stormrage,384,hunter,marksmanship,12,4,8
Sylvanâs,bleeding-hollow,384,hunter,marksmanship,12,4,8
Patroclo,azralon,384,hunter,marksmanship,12,4,8
Hordworld,tichondrius,384,hunter,marksmanship,12,4,8
Frîck,bleeding-hollow,384,hunter,marksmanship,12,4,8
Protrapz,sargeras,384,hunter,marksmanship,12,4,8
Xeriife,stormrage,384,hunter,marksmanship,12,4,8
Adepia,hellscream,384,hunter,marksmanship,12,4,8
Orclore,proudmoore,384,hunter,marksmanship,12,4,8
Enchantras,jaedenar,384,hunter,marksmanship,12,4,8
Percision,bonechewer,384,hunter,marksmanship,12,4,8
Lilbic,bleeding-hollow,384,hunter,marksmanship,12,4,8
Junglar,eitrigg,384,hunter,marksmanship,12,4,8
Ðao,nazjatar,384,hunter,marksmanship,12,4,8
Saralli,thrall,384,hunter,marksmanship,12,4,8
Revö,area-52,384,hunter,marksmanship,12,4,8
Missnevamiss,skullcrusher,384,hunter,marksmanship,12,4,8
Joton,tichondrius,384,hunter,marksmanship,12,4,8
Aaron,jubeithos,384,hunter,marksmanship,12,4,8
Shottz,blackhand,384,hunter,marksmanship,12,4,8
Sucontheze,kelthuzad,384,hunter,marksmanship,12,4,8
Hákz,bonechewer,384,hunter,marksmanship,12,4,8
Weegnomie,wyrmrest-accord,384,hunter,marksmanship,12,4,8
Ðïanä,azralon,384,hunter,marksmanship,12,4,8
Karev,area-52,384,hunter,marksmanship,12,4,8
Shmurda,duskwood,384,hunter,marksmanship,12,4,8
Toross,stormscale,384,hunter,marksmanship,12,4,8
Emérr,drakkari,384,hunter,marksmanship,12,4,8
Gotrap,saurfang,384,hunter,marksmanship,12,4,8
Kumari,lothar,384,hunter,marksmanship,12,4,8
Hywhan,stormrage,384,hunter,marksmanship,12,4,8
Ignel,azshara,384,hunter,marksmanship,12,4,8
Lithality,tichondrius,384,hunter,marksmanship,12,4,8
Crackshotzz,illidan,384,hunter,marksmanship,12,4,8
Frankyy,frostmourne,384,hunter,marksmanship,12,4,8
Artemisagro,greymane,384,hunter,marksmanship,12,4,8
Braindeadorc,illidan,384,hunter,marksmanship,12,4,8
Limpnoodle,nerzhul,384,hunter,marksmanship,12,4,8
Zipzyup,tichondrius,384,hunter,marksmanship,12,4,8
Specops,illidan,384,hunter,marksmanship,12,4,8
Booshwookie,frostmourne,384,hunter,marksmanship,12,4,8
Sogeki,kelthuzad,384,hunter,marksmanship,12,4,8
Mabaku,tichondrius,384,hunter,marksmanship,12,4,8
Ganzilla,aerie-peak,384,hunter,marksmanship,12,4,8
Kanati,dunemaul,384,hunter,marksmanship,12,4,8
Pinaplexpres,stormrage,384,hunter,marksmanship,12,4,8
Vélos,illidan,384,hunter,marksmanship,12,4,8
Bigclamz,dragonmaw,384,hunter,marksmanship,12,4,8
Lemmiewînkzz,sargeras,384,hunter,marksmanship,12,4,8
Vion,mannoroth,384,hunter,marksmanship,12,4,8
Ezpzx,sargeras,384,hunter,marksmanship,12,4,8
Taurenseason,sargeras,384,hunter,marksmanship,12,4,8
Elfyr,area-52,384,hunter,marksmanship,18,4,14
Bacigalupo,medivh,384,hunter,marksmanship,18,4,14
Peashooter,sargeras,384,hunter,marksmanship,19,4,15
Goodbrew,wildhammer,383,hunter,marksmanship,6,4,2
Essya,frostmourne,383,hunter,marksmanship,6,4,2
Balanguxa,azralon,383,hunter,marksmanship,6,4,2
Malye,hakkar,383,hunter,marksmanship,6,4,2
Meriah,bleeding-hollow,383,hunter,marksmanship,6,4,2
Ryzu,bleeding-hollow,383,hunter,marksmanship,6,4,2
Kajol,bleeding-hollow,383,hunter,marksmanship,6,4,2
Flax,terenas,383,hunter,marksmanship,6,4,2
Félíx,ragnaros,383,hunter,marksmanship,6,4,2
Dathronin,chogall,383,hunter,marksmanship,6,4,2
Rplover,malganis,383,hunter,marksmanship,9,5,4
Shootymcshot,vashj,383,hunter,marksmanship,12,4,8
Ytsejammer,eonar,383,hunter,marksmanship,12,4,8
Shootingjaem,tichondrius,383,hunter,marksmanship,12,4,8
Arrowlekz,ragnaros,383,hunter,marksmanship,12,4,8
Cornbreadfed,gorgonnash,383,hunter,marksmanship,12,4,8
Minibrö,tichondrius,383,hunter,marksmanship,12,4,8
Juanita,laughing-skull,383,hunter,marksmanship,12,4,8
Lanamatt,azralon,383,hunter,marksmanship,12,4,8
Nevon,azralon,383,hunter,marksmanship,18,4,14
Mackarone,turalyon,382,hunter,marksmanship,6,4,2
Rzan,fenris,382,hunter,marksmanship,6,4,2
Lovek,ragnaros,382,hunter,marksmanship,12,4,8
Keelayy,anubarak,382,hunter,marksmanship,12,4,8
Goofyfingers,illidan,380,hunter,marksmanship,18,4,14
Venessie,moon-guard,379,hunter,marksmanship,12,4,8
Cns,tichondrius,371,hunter,marksmanship,23,7,16
Arighthunt,frostmourne,367,hunter,marksmanship,17,4,13
Hyesik,tichondrius,362,hunter,marksmanship,21,7,14
Cplski,kelthuzad,361,hunter,marksmanship,18,6,12
Pérséús,ragnaros,351,hunter,marksmanship,12,5,7
Romershot,tichondrius,351,hunter,marksmanship,11,4,7
Tarkovs,area-52,351,hunter,marksmanship,11,4,7
Bloodarrow,tichondrius,351,hunter,marksmanship,11,4,7
Traitorously,daggerspine,351,hunter,marksmanship,16,5,11
Bermatof,goldrinn,351,hunter,marksmanship,17,4,13
Socrato,tichondrius,350,hunter,marksmanship,7,5,2
Rnger,aerie-peak,350,hunter,marksmanship,12,5,7
Tafer,quelthalas,336,hunter,marksmanship,9,4,5
Trappxy,sargeras,336,hunter,marksmanship,9,4,5
Brorc,kul-tiras,335,hunter,marksmanship,11,4,7
Smokiiganja,proudmoore,335,hunter,marksmanship,11,4,7
Iol,blades-edge,330,hunter,marksmanship,14,5,9
Huntersaul,dalvengyr,330,hunter,marksmanship,17,5,12
Gyrobandit,korialstrasz,330,hunter,marksmanship,20,5,15
Nubcaks,nerzhul,330,hunter,marksmanship,21,5,16
Enzym,archimonde,329,hunter,marksmanship,19,5,14
Stupïd,tichondrius,319,hunter,marksmanship,5,4,1
Misogynistaf,tichondrius,319,hunter,marksmanship,5,4,1
Fruitenveg,frostmourne,319,hunter,marksmanship,8,4,4
Aimian,frostmourne,319,hunter,marksmanship,8,4,4
Daddyissues,aerie-peak,319,hunter,marksmanship,8,4,4
Streetcrime,stormrage,304,hunter,marksmanship,7,4,3
Howk,stormrage,304,hunter,marksmanship,19,4,15
Rhovanni,ragnaros,288,hunter,marksmanship,6,3,3
Rockendude,sargeras,288,hunter,marksmanship,6,3,3
Limpingspoon,kelthuzad,288,hunter,marksmanship,6,3,3
Kelbur,terokkar,288,hunter,marksmanship,6,3,3
Tugh,maiev,288,hunter,marksmanship,6,3,3
Casadora,dark-iron,288,hunter,marksmanship,6,3,3
Fastquiver,stormrage,288,hunter,marksmanship,6,3,3
Shiitter,frostmourne,288,hunter,marksmanship,6,3,3
Zalrousan,sargeras,288,hunter,marksmanship,6,3,3
Yammies,nerzhul,288,hunter,marksmanship,6,3,3
Lafc,ragnaros,288,hunter,marksmanship,6,3,3
Iannieht,illidan,288,hunter,marksmanship,6,3,3
Eforas,ragnaros,288,hunter,marksmanship,6,3,3
Bettycrocker,darkspear,288,hunter,marksmanship,6,3,3
Kansolly,tichondrius,288,hunter,marksmanship,6,3,3
Vinksy,sargeras,288,hunter,marksmanship,6,3,3
Buzzkiller,sargeras,288,hunter,marksmanship,6,3,3
Madjango,illidan,288,hunter,marksmanship,6,3,3
Purpreynolds,tichondrius,288,hunter,marksmanship,6,3,3
Weerou,arthas,288,hunter,marksmanship,6,3,3
Swearinger,kelthuzad,288,hunter,marksmanship,6,3,3
Mmx,whisperwind,288,hunter,marksmanship,6,3,3
Tiktok,agamaggan,288,hunter,marksmanship,6,3,3
Sosaho,sargeras,288,hunter,marksmanship,6,3,3
Quondo,boulderfist,288,hunter,marksmanship,6,3,3
Kaitoo,tichondrius,288,hunter,marksmanship,6,3,3
Maximuhm,vashj,288,hunter,marksmanship,6,3,3
Mangosteen,illidan,288,hunter,marksmanship,6,3,3
Silvershot,emerald-dream,288,hunter,marksmanship,6,3,3
Innerhunt,aegwynn,288,hunter,marksmanship,6,3,3
Cloakedninja,illidan,288,hunter,marksmanship,6,3,3
Wasero,quelthalas,288,hunter,marksmanship,6,3,3
Halosucks,sargeras,288,hunter,marksmanship,6,3,3
Alliestrasza,azralon,288,hunter,marksmanship,6,3,3
Bloodyman,korgath,288,hunter,marksmanship,6,3,3
Triggamikê,tichondrius,288,hunter,marksmanship,6,3,3
Airchick,frostmourne,288,hunter,marksmanship,6,3,3
Pasheh,tichondrius,288,hunter,marksmanship,6,3,3
Whoshiesty,tichondrius,288,hunter,marksmanship,6,3,3
Kormas,illidan,288,hunter,marksmanship,6,3,3
Eccay,ragnaros,288,hunter,marksmanship,6,3,3
Boonë,tichondrius,288,hunter,marksmanship,6,3,3
Heten,nordrassil,288,hunter,marksmanship,6,3,3
Adowsol,kiljaeden,288,hunter,marksmanship,6,3,3
Nutellacrepe,kelthuzad,288,hunter,marksmanship,6,3,3
Dasdasdds,zuljin,288,hunter,marksmanship,6,3,3
Keliara,dunemaul,288,hunter,marksmanship,6,3,3
Yeaheh,area-52,288,hunter,marksmanship,6,3,3
Ropivacaine,illidan,288,hunter,marksmanship,6,3,3
Ðarsathius,kelthuzad,288,hunter,marksmanship,6,3,3
Muffhuntér,blackrock,288,hunter,marksmanship,6,3,3
Kong,tichondrius,288,hunter,marksmanship,6,3,3
Chimpx,moon-guard,288,hunter,marksmanship,6,3,3
Arröws,area-52,288,hunter,marksmanship,6,3,3
Petmychode,illidan,288,hunter,marksmanship,6,3,3
Gorhound,tichondrius,288,hunter,marksmanship,6,3,3
Antily,kelthuzad,288,hunter,marksmanship,6,3,3
Battleon,dalaran,288,hunter,marksmanship,6,3,3
Jugi,wyrmrest-accord,288,hunter,marksmanship,6,3,3
Strudelshot,tichondrius,288,hunter,marksmanship,6,3,3
Yoske,tichondrius,288,hunter,marksmanship,6,3,3
Hunttor,dalaran,288,hunter,marksmanship,6,3,3
Somethinglit,sargeras,288,hunter,marksmanship,6,3,3
Lagolad,dalaran,288,hunter,marksmanship,6,3,3
Mylfhunter,azralon,288,hunter,marksmanship,6,3,3
Tìnker,stormrage,288,hunter,marksmanship,6,3,3
Gaazul,destromath,288,hunter,marksmanship,6,3,3
Chimentia,tichondrius,288,hunter,marksmanship,6,3,3
Littlepawz,area-52,288,hunter,marksmanship,6,3,3
Plastera,zuljin,288,hunter,marksmanship,6,3,3
Haeqn,stormrage,288,hunter,marksmanship,6,3,3
Amazoness,tichondrius,288,hunter,marksmanship,6,3,3
Carot,dalaran,288,hunter,marksmanship,6,3,3
Stewe,area-52,288,hunter,marksmanship,6,3,3
Traphouse,blackrock,288,hunter,marksmanship,6,3,3
Kargathx,ragnaros,288,hunter,marksmanship,6,3,3
Ashleyrj,nazjatar,288,hunter,marksmanship,6,3,3
Baalboski,tichondrius,288,hunter,marksmanship,6,3,3
Auset,aegwynn,288,hunter,marksmanship,6,3,3
Yinyangcali,anvilmar,288,hunter,marksmanship,6,3,3
Autisthic,illidan,288,hunter,marksmanship,6,3,3
Barrit,windrunner,288,hunter,marksmanship,6,3,3
Garden,kelthuzad,288,hunter,marksmanship,6,3,3
Zym,the-forgotten-coast,288,hunter,marksmanship,6,3,3
Bernelli,kelthuzad,288,hunter,marksmanship,6,3,3
Wallace,goldrinn,288,hunter,marksmanship,6,3,3
Tekitaz,illidan,288,hunter,marksmanship,6,3,3
Guncontrol,malganis,288,hunter,marksmanship,6,3,3
Deepbowjob,sargeras,288,hunter,marksmanship,6,3,3
Shindora,gurubashi,288,hunter,marksmanship,6,3,3
Brumbuh,tichondrius,288,hunter,marksmanship,6,3,3
Hogd,sargeras,288,hunter,marksmanship,6,3,3
Physical,destromath,288,hunter,marksmanship,6,3,3
Kallindo,sargeras,288,hunter,marksmanship,6,3,3
Xuorias,area-52,288,hunter,marksmanship,6,3,3
Orchood,proudmoore,288,hunter,marksmanship,6,3,3
Ssjbuu,kelthuzad,288,hunter,marksmanship,6,3,3
Saphling,emerald-dream,288,hunter,marksmanship,6,3,3
Mvpwonder,frostmourne,288,hunter,marksmanship,6,3,3
Iresa,bleeding-hollow,288,hunter,marksmanship,6,3,3
Tichong,tichondrius,288,hunter,marksmanship,6,3,3
Littlepimpin,tichondrius,288,hunter,marksmanship,6,3,3
Ämêthyst,illidan,288,hunter,marksmanship,6,3,3
Maochanchay,ragnaros,288,hunter,marksmanship,6,3,3
Armeniapower,area-52,288,hunter,marksmanship,6,3,3
Krelas,eldrethalas,288,hunter,marksmanship,6,3,3
Zestia,tichondrius,288,hunter,marksmanship,6,3,3
Perfectcrit,area-52,288,hunter,marksmanship,6,3,3
Bithiáh,quelthalas,288,hunter,marksmanship,6,3,3
Cáelum,area-52,288,hunter,marksmanship,6,3,3
Blakespace,area-52,288,hunter,marksmanship,6,3,3
Krtmänn,quelthalas,288,hunter,marksmanship,6,3,3
Sharpslice,khazgoroth,288,hunter,marksmanship,6,3,3
Chootembro,thunderlord,288,hunter,marksmanship,6,3,3
Rukojop,undermine,288,hunter,marksmanship,6,3,3
Alsol,drakkari,288,hunter,marksmanship,6,3,3
Hyperíon,draenor,288,hunter,marksmanship,6,3,3
Murrunu,windrunner,288,hunter,marksmanship,6,3,3
Leilina,kaelthas,288,hunter,marksmanship,6,3,3
Tzoop,tichondrius,288,hunter,marksmanship,6,3,3
Baoßun,thrall,288,hunter,marksmanship,6,3,3
Wonshawt,tichondrius,288,hunter,marksmanship,6,3,3
Jedwayson,area-52,288,hunter,marksmanship,6,3,3
Ketulirantle,azralon,288,hunter,marksmanship,6,3,3
Sabanna,proudmoore,288,hunter,marksmanship,6,3,3
Luphine,malganis,288,hunter,marksmanship,6,3,3
Glazing,zuljin,288,hunter,marksmanship,6,3,3
Neewie,barthilas,288,hunter,marksmanship,6,3,3
Darforner,shandris,288,hunter,marksmanship,6,3,3
Canadïan,stormrage,288,hunter,marksmanship,6,3,3
Lawstrider,zuljin,288,hunter,marksmanship,6,3,3
Giotash,quelthalas,288,hunter,marksmanship,6,3,3
Zeonas,tichondrius,288,hunter,marksmanship,6,3,3
Deathshoôt,suramar,288,hunter,marksmanship,6,3,3
Lilskill,lightnings-blade,288,hunter,marksmanship,6,3,3
Dirtyboy,barthilas,288,hunter,marksmanship,6,3,3
Laer,archimonde,288,hunter,marksmanship,6,3,3
Odratnuh,bleeding-hollow,288,hunter,marksmanship,6,3,3
Niche,jaedenar,288,hunter,marksmanship,6,3,3
Tmtrap,tichondrius,288,hunter,marksmanship,6,3,3
Longshadow,laughing-skull,288,hunter,marksmanship,6,3,3
Thugbeast,tichondrius,288,hunter,marksmanship,6,3,3
Xmanish,chogall,288,hunter,marksmanship,6,3,3
Waldrom,arathor,288,hunter,marksmanship,6,3,3
Twoshotts,tichondrius,288,hunter,marksmanship,6,3,3
Stupedhunter,tichondrius,288,hunter,marksmanship,6,3,3
Jackohun,quelthalas,288,hunter,marksmanship,6,3,3
Playnogames,moon-guard,288,hunter,marksmanship,6,3,3
Scopeside,gurubashi,288,hunter,marksmanship,6,3,3
Inked,frostmourne,288,hunter,marksmanship,6,3,3
Azairxd,tichondrius,288,hunter,marksmanship,6,3,3
Mikey,exodar,288,hunter,marksmanship,6,3,3
Royshot,stormrage,288,hunter,marksmanship,7,3,4
Snigskytte,dreadmaul,288,hunter,marksmanship,11,3,8
Konungr,zuljin,288,hunter,marksmanship,11,3,8
Skywrecker,bleeding-hollow,288,hunter,marksmanship,12,3,9
Getgaped,bronzebeard,288,hunter,marksmanship,12,3,9
Salvatiel,stormrage,288,hunter,marksmanship,12,3,9
Exile,tortheldrin,288,hunter,marksmanship,12,3,9
Xsparkys,kargath,288,hunter,marksmanship,12,3,9
Jaredd,lightnings-blade,288,hunter,marksmanship,12,3,9
Tmd,thrall,288,hunter,marksmanship,12,3,9
Aerefix,frostmourne,288,hunter,marksmanship,12,3,9
Terrygross,sargeras,288,hunter,marksmanship,12,3,9
Heloran,maelstrom,288,hunter,marksmanship,12,3,9
Bövvjobz,emerald-dream,288,hunter,marksmanship,12,3,9
Blloodhunter,madoran,288,hunter,marksmanship,12,3,9
Drysst,tichondrius,288,hunter,marksmanship,12,3,9
Uro,illidan,288,hunter,marksmanship,12,3,9
Sparkco,area-52,288,hunter,marksmanship,12,3,9
Polnarefu,illidan,288,hunter,marksmanship,12,3,9
Wadadly,malganis,288,hunter,marksmanship,12,3,9
Hefty,azuremyst,288,hunter,marksmanship,12,3,9
Blaisian,frostmourne,288,hunter,marksmanship,12,3,9
Blarck,shattered-halls,288,hunter,marksmanship,12,3,9
Gustavitch,executus,288,hunter,marksmanship,12,3,9
Mackspowers,area-52,288,hunter,marksmanship,12,3,9
Oua,queldorei,288,hunter,marksmanship,12,3,9
Zeedii,dalaran,288,hunter,marksmanship,12,3,9
Exiun,sargeras,288,hunter,marksmanship,12,3,9
Surfbum,lightbringer,288,hunter,marksmanship,12,3,9
Fawn,moon-guard,288,hunter,marksmanship,12,3,9
Sliperysaly,tichondrius,288,hunter,marksmanship,12,3,9
Arantir,drakkari,288,hunter,marksmanship,12,3,9
Stinkyfob,barthilas,288,hunter,marksmanship,12,3,9
Tastysauce,wyrmrest-accord,288,hunter,marksmanship,12,3,9
Bowjack,illidan,288,hunter,marksmanship,12,3,9
Hatara,quelthalas,288,hunter,marksmanship,12,3,9
Ttvdjdòxx,moknathal,288,hunter,marksmanship,12,3,9
Gytaepung,tichondrius,288,hunter,marksmanship,12,3,9
Cazadak,ragnaros,288,hunter,marksmanship,12,3,9
Angelicarrow,area-52,288,hunter,marksmanship,12,3,9
Alyzza,sargeras,288,hunter,marksmanship,12,3,9
Quackattack,arthas,288,hunter,marksmanship,12,3,9
Lesley,illidan,288,hunter,marksmanship,12,3,9
Princssdaizy,zuljin,288,hunter,marksmanship,12,3,9
Ouchiies,barthilas,288,hunter,marksmanship,12,3,9
Boltflux,nemesis,288,hunter,marksmanship,12,3,9
Beastcraft,emerald-dream,288,hunter,marksmanship,12,3,9
Maxifier,tichondrius,288,hunter,marksmanship,12,3,9
Lumbygoblin,illidan,288,hunter,marksmanship,13,3,10
Shifted,quelthalas,288,hunter,marksmanship,18,3,15
Sixtyfour,daggerspine,288,hunter,marksmanship,18,3,15
Skriill,tichondrius,288,hunter,marksmanship,18,3,15
Zarknoth,cenarius,288,hunter,marksmanship,18,3,15
Umachance,azralon,288,hunter,marksmanship,24,3,21
Braindeadly,malganis,287,hunter,marksmanship,6,3,3
Yydso,illidan,287,hunter,marksmanship,6,3,3
Ghazzghkuull,ragnaros,287,hunter,marksmanship,6,3,3
Yetihunter,draenor,287,hunter,marksmanship,6,3,3
Multicereal,quelthalas,287,hunter,marksmanship,6,3,3
Downtimes,illidan,287,hunter,marksmanship,6,3,3
Maassii,quelthalas,287,hunter,marksmanship,6,3,3
Lapelada,ragnaros,287,hunter,marksmanship,6,3,3
Crackerjack,echo-isles,287,hunter,marksmanship,12,3,9
Bumbow,tichondrius,287,hunter,marksmanship,12,3,9
Allready,stormrage,287,hunter,marksmanship,12,3,9
Darthwillie,cenarius,287,hunter,marksmanship,12,3,9
Arawnz,emerald-dream,287,hunter,marksmanship,12,3,9
Josthar,thrall,287,hunter,marksmanship,24,3,21
Irishnia,bleeding-hollow,286,hunter,marksmanship,6,3,3
Håwkeye,hyjal,286,hunter,marksmanship,6,3,3
Manuelvs,thrall,286,hunter,marksmanship,6,3,3
Lorelåii,tichondrius,286,hunter,marksmanship,6,3,3
Bloodofcaos,area-52,285,hunter,marksmanship,18,3,15
Huntsmate,tichondrius,256,hunter,marksmanship,10,3,7
Mythman,area-52,255,hunter,marksmanship,14,4,10
Maberry,area-52,255,hunter,marksmanship,11,3,8
Tanneritez,bleeding-hollow,240,hunter,marksmanship,17,3,14
Morbow,proudmoore,239,hunter,marksmanship,5,3,2
Crazedblood,thrall,239,hunter,marksmanship,5,3,2
Evilmoe,zuluhed,239,hunter,marksmanship,5,3,2
Tyleraq,area-52,239,hunter,marksmanship,5,3,2
Glôck,dalaran,239,hunter,marksmanship,11,3,8
Knowtraps,area-52,234,hunter,marksmanship,7,4,3
Druskritag,moon-guard,234,hunter,marksmanship,10,4,6
Buffcow,frostmourne,234,hunter,marksmanship,22,4,18
Sergunter,area-52,223,hunter,marksmanship,8,3,5
Downworlder,darkspear,223,hunter,marksmanship,8,3,5
Natewazzup,lightbringer,208,hunter,marksmanship,7,3,4
Lethalshot,dathremar,208,hunter,marksmanship,7,3,4
Andrømeda,frostmourne,208,hunter,marksmanship,7,3,4
Brewskí,frostwolf,208,hunter,marksmanship,7,3,4
Doop,azuremyst,207,hunter,marksmanship,7,3,4
Lamb,undermine,202,hunter,marksmanship,11,4,7
Farverr,area-52,192,hunter,marksmanship,4,3,1
Publicpooper,tichondrius,192,hunter,marksmanship,6,2,4
Kanta,bleeding-hollow,192,hunter,marksmanship,6,2,4
Latherel,bleeding-hollow,192,hunter,marksmanship,6,2,4
Furyblast,tichondrius,192,hunter,marksmanship,6,2,4
Dreezzy,bleeding-hollow,192,hunter,marksmanship,6,2,4
Moneeshots,area-52,192,hunter,marksmanship,6,2,4
Ezari,zuljin,192,hunter,marksmanship,6,2,4
Valcyoneus,dragonmaw,192,hunter,marksmanship,6,2,4
Vyergulf,dragonmaw,192,hunter,marksmanship,6,2,4
Soberish,bleeding-hollow,192,hunter,marksmanship,6,2,4
Seenindeaf,area-52,192,hunter,marksmanship,6,2,4
Jathriel,zuljin,192,hunter,marksmanship,6,2,4
Wongy,tichondrius,192,hunter,marksmanship,6,2,4
Cuchulláin,area-52,192,hunter,marksmanship,6,2,4
Landan,frostwolf,192,hunter,marksmanship,6,2,4
Rolandschitt,area-52,192,hunter,marksmanship,6,2,4
Sleazyrider,azuremyst,192,hunter,marksmanship,6,2,4
Nord,draka,192,hunter,marksmanship,6,2,4
Angrypepe,bleeding-hollow,192,hunter,marksmanship,6,2,4
Hideontrap,malganis,192,hunter,marksmanship,6,2,4
Ilîiìîìiilil,bleeding-hollow,192,hunter,marksmanship,6,2,4
Orkemon,emerald-dream,192,hunter,marksmanship,6,2,4
Vzeroo,emerald-dream,192,hunter,marksmanship,6,2,4
Anilora,wyrmrest-accord,192,hunter,marksmanship,6,2,4
Elvagabundo,emerald-dream,192,hunter,marksmanship,6,2,4
Molty,wyrmrest-accord,192,hunter,marksmanship,6,2,4
Valeriian,frostmourne,192,hunter,marksmanship,6,2,4
Desdee,icecrown,192,hunter,marksmanship,6,2,4
Zeaks,emerald-dream,192,hunter,marksmanship,6,2,4
Redthedeer,warsong,192,hunter,marksmanship,6,2,4
Ganaja,laughing-skull,192,hunter,marksmanship,6,2,4
Ramchi,burning-blade,192,hunter,marksmanship,6,2,4
Stormwardenx,turalyon,192,hunter,marksmanship,6,2,4
Terapista,area-52,192,hunter,marksmanship,6,2,4
Tyraelias,kaelthas,192,hunter,marksmanship,6,2,4
Noisetrader,illidan,192,hunter,marksmanship,6,2,4
Durotar,malfurion,192,hunter,marksmanship,6,2,4
Grotuk,azralon,192,hunter,marksmanship,6,2,4
Osnehun,quelthalas,192,hunter,marksmanship,6,2,4
Kïwwï,tichondrius,192,hunter,marksmanship,6,2,4
Jebote,frostmourne,192,hunter,marksmanship,6,2,4
Thiccita,tichondrius,192,hunter,marksmanship,6,2,4
Johnwïck,moon-guard,192,hunter,marksmanship,6,2,4
Gadorim,kelthuzad,192,hunter,marksmanship,6,2,4
Aimi,twisting-nether,192,hunter,marksmanship,6,2,4
Krazysniper,tichondrius,192,hunter,marksmanship,6,2,4
Théw,tichondrius,192,hunter,marksmanship,6,2,4
Skillhunter,tichondrius,192,hunter,marksmanship,6,2,4
Noz,terenas,192,hunter,marksmanship,6,2,4
Yozi,moonrunner,192,hunter,marksmanship,6,2,4
Yortrox,ragnaros,192,hunter,marksmanship,6,2,4
Fizzleegear,area-52,192,hunter,marksmanship,6,2,4
Isitrng,aggramar,192,hunter,marksmanship,6,2,4
Foffy,darkspear,192,hunter,marksmanship,6,2,4
Xuxoo,nemesis,192,hunter,marksmanship,6,2,4
Ayrana,tichondrius,192,hunter,marksmanship,6,2,4
Virax,hakkar,192,hunter,marksmanship,6,2,4
Àngèl,malganis,192,hunter,marksmanship,6,2,4
Córnell,tichondrius,192,hunter,marksmanship,6,2,4
Fleshfeast,tichondrius,192,hunter,marksmanship,6,2,4
Lukara,darkspear,192,hunter,marksmanship,6,2,4
Namøscä,nemesis,192,hunter,marksmanship,6,2,4
Gangstashot,burning-legion,192,hunter,marksmanship,6,2,4
Cantao,arthas,192,hunter,marksmanship,6,2,4
Gokissmywolf,moknathal,192,hunter,marksmanship,6,2,4
Arroz,blackwing-lair,192,hunter,marksmanship,6,2,4
Kuthulhu,kiljaeden,192,hunter,marksmanship,6,2,4
Leaf,chromaggus,192,hunter,marksmanship,6,2,4
Actimetohunt,gundrak,192,hunter,marksmanship,6,2,4
Amptx,tichondrius,192,hunter,marksmanship,6,2,4
Bendoon,sargeras,192,hunter,marksmanship,6,2,4
Zerand,sargeras,192,hunter,marksmanship,6,2,4
Geeshot,area-52,192,hunter,marksmanship,6,2,4
Arbos,ragnaros,192,hunter,marksmanship,6,2,4
Devised,proudmoore,192,hunter,marksmanship,6,2,4
Pauleraxzn,azralon,192,hunter,marksmanship,6,2,4
Thugio,sargeras,192,hunter,marksmanship,6,2,4
Haki,gallywix,192,hunter,marksmanship,6,2,4
Ganash,gallywix,192,hunter,marksmanship,6,2,4
Mordriva,azjolnerub,192,hunter,marksmanship,6,2,4
Ctrlaltdel,gundrak,192,hunter,marksmanship,6,2,4
Guntrïx,nemesis,192,hunter,marksmanship,6,2,4
Thethir,sargeras,192,hunter,marksmanship,6,2,4
Symz,ragnaros,192,hunter,marksmanship,6,2,4
Saveawp,stormrage,192,hunter,marksmanship,6,2,4
Stitsh,sargeras,192,hunter,marksmanship,6,2,4
Whitemàne,dalaran,192,hunter,marksmanship,6,2,4
Buy,korialstrasz,192,hunter,marksmanship,6,2,4
Holytrap,destromath,192,hunter,marksmanship,6,2,4
Fallacies,moon-guard,192,hunter,marksmanship,6,2,4
Kynlarianara,moon-guard,192,hunter,marksmanship,6,2,4
Percival,firetree,192,hunter,marksmanship,6,2,4
Aridias,mannoroth,192,hunter,marksmanship,6,2,4
Chumptard,area-52,192,hunter,marksmanship,6,2,4
Zackmorris,kelthuzad,192,hunter,marksmanship,6,2,4
Luiiguii,quelthalas,192,hunter,marksmanship,6,2,4
Tewthless,moon-guard,192,hunter,marksmanship,6,2,4
Cuervostreet,ragnaros,192,hunter,marksmanship,6,2,4
Hárd,illidan,192,hunter,marksmanship,6,2,4
Huntugz,frostmourne,192,hunter,marksmanship,6,2,4
Deirrë,saurfang,192,hunter,marksmanship,6,2,4
Jagër,dalaran,192,hunter,marksmanship,6,2,4
Regerts,sargeras,192,hunter,marksmanship,6,2,4
Doopers,kiljaeden,192,hunter,marksmanship,6,2,4
Nughunter,area-52,192,hunter,marksmanship,6,2,4
Alssong,tichondrius,192,hunter,marksmanship,6,2,4
Voodoohunter,blood-furnace,192,hunter,marksmanship,6,2,4
Justhunter,moknathal,192,hunter,marksmanship,6,2,4
Clapncheekz,moon-guard,192,hunter,marksmanship,6,2,4
Cazaaires,quelthalas,192,hunter,marksmanship,6,2,4
Pichsolika,frostmourne,192,hunter,marksmanship,6,2,4
Firskin,frostmourne,192,hunter,marksmanship,6,2,4
Knator,area-52,192,hunter,marksmanship,6,2,4
Beasting,moon-guard,192,hunter,marksmanship,6,2,4
Rëxx,moon-guard,192,hunter,marksmanship,6,2,4
Sobala,azralon,192,hunter,marksmanship,6,2,4
Commonbuck,area-52,192,hunter,marksmanship,6,2,4
Hynatä,ragnaros,192,hunter,marksmanship,6,2,4
Illweedx,kiljaeden,192,hunter,marksmanship,6,2,4
Lulafourdedo,stormrage,192,hunter,marksmanship,6,2,4
Pumpydumpy,malganis,192,hunter,marksmanship,6,2,4
Figgs,aegwynn,192,hunter,marksmanship,6,2,4
Zhona,moon-guard,192,hunter,marksmanship,6,2,4
Angelfern,sargeras,192,hunter,marksmanship,6,2,4
Cefla,illidan,192,hunter,marksmanship,6,2,4
Fkurrules,frostmourne,192,hunter,marksmanship,6,2,4
Shellby,malganis,192,hunter,marksmanship,6,2,4
Basicskills,illidan,192,hunter,marksmanship,6,2,4
Thiccshawts,moon-guard,192,hunter,marksmanship,6,2,4
Bvø,stormrage,192,hunter,marksmanship,6,2,4
Huntbodom,drakkari,192,hunter,marksmanship,6,2,4
Erebor,malganis,192,hunter,marksmanship,6,2,4
Chiidaruma,azralon,192,hunter,marksmanship,6,2,4
Vitae,shattered-halls,192,hunter,marksmanship,6,2,4
Skolzero,azralon,192,hunter,marksmanship,6,2,4
Shotymctrapy,gurubashi,192,hunter,marksmanship,6,2,4
Rannes,aegwynn,192,hunter,marksmanship,6,2,4
Peww,stonemaul,192,hunter,marksmanship,6,2,4
Markswoman,barthilas,192,hunter,marksmanship,6,2,4
Darkshunt,barthilas,192,hunter,marksmanship,6,2,4
Fuzzinator,ravenholdt,192,hunter,marksmanship,6,2,4
Warsh,anubarak,192,hunter,marksmanship,6,2,4
Huntsky,tichondrius,192,hunter,marksmanship,6,2,4
Thepredatorr,darkspear,192,hunter,marksmanship,6,2,4
Barosan,illidan,192,hunter,marksmanship,6,2,4
Huntgar,earthen-ring,192,hunter,marksmanship,6,2,4
Biqtime,area-52,192,hunter,marksmanship,6,2,4
Jaigo,stormrage,192,hunter,marksmanship,6,2,4
Juliussean,tichondrius,192,hunter,marksmanship,6,2,4
Dikbender,tichondrius,192,hunter,marksmanship,6,2,4
Ðevil,ragnaros,192,hunter,marksmanship,6,2,4
Mjhun,korgath,192,hunter,marksmanship,6,2,4
Inurah,malganis,192,hunter,marksmanship,6,2,4
Mtq,thrall,192,hunter,marksmanship,6,2,4
Bowzørx,tichondrius,192,hunter,marksmanship,6,2,4
Coolbeanz,boulderfist,192,hunter,marksmanship,6,2,4
Xiro,steamwheedle-cartel,192,hunter,marksmanship,6,2,4
Crownchild,illidan,192,hunter,marksmanship,6,2,4
Valdevenator,illidan,192,hunter,marksmanship,6,2,4
Léfty,nagrand,192,hunter,marksmanship,6,2,4
Aleriastraza,korialstrasz,192,hunter,marksmanship,6,2,4
Kudoh,ragnaros,192,hunter,marksmanship,6,2,4
Petmydog,aegwynn,192,hunter,marksmanship,6,2,4
Erelenn,tichondrius,192,hunter,marksmanship,6,2,4
Hunterguyy,tichondrius,192,hunter,marksmanship,6,2,4
Ojsimp,illidan,192,hunter,marksmanship,6,2,4
Geldyn,stormreaver,192,hunter,marksmanship,6,2,4
Hfn,stormrage,192,hunter,marksmanship,6,2,4
Defacegg,illidan,192,hunter,marksmanship,6,2,4
Bôdon,illidan,192,hunter,marksmanship,6,2,4
Muscletooth,moon-guard,192,hunter,marksmanship,6,2,4
Teddybowschi,sargeras,192,hunter,marksmanship,6,2,4
Shoccka,thrall,192,hunter,marksmanship,6,2,4
Camorcaist,stormrage,192,hunter,marksmanship,6,2,4
Ire,kelthuzad,192,hunter,marksmanship,6,2,4
Tus,tichondrius,192,hunter,marksmanship,6,2,4
Ganjjaa,stormrage,192,hunter,marksmanship,6,2,4
Tímon,ragnaros,192,hunter,marksmanship,6,2,4
Nixuis,stormrage,192,hunter,marksmanship,6,2,4
Yembohi,queldorei,192,hunter,marksmanship,6,2,4
Bloodrainia,ravencrest,192,hunter,marksmanship,6,2,4
Wartoz,dragonblight,192,hunter,marksmanship,6,2,4
Áppóló,spinebreaker,192,hunter,marksmanship,6,2,4
Genom,tichondrius,192,hunter,marksmanship,6,2,4
Tuanorz,proudmoore,192,hunter,marksmanship,6,2,4
Redrangerzz,daggerspine,192,hunter,marksmanship,10,3,7
Ishootz,area-52,192,hunter,marksmanship,7,2,5
Brindlë,kelthuzad,192,hunter,marksmanship,11,3,8
Kîra,stormrage,192,hunter,marksmanship,16,3,13
Savageshot,daggerspine,192,hunter,marksmanship,12,2,10
Hatros,stormrage,192,hunter,marksmanship,12,2,10
Killdred,bonechewer,192,hunter,marksmanship,12,2,10
Shafttrapper,queldorei,192,hunter,marksmanship,12,2,10
Goodideaa,tichondrius,192,hunter,marksmanship,12,2,10
Warrioress,illidan,192,hunter,marksmanship,12,2,10
Larts,fenris,192,hunter,marksmanship,12,2,10
Otirrub,deathwing,192,hunter,marksmanship,12,2,10
Sharpzy,jubeithos,192,hunter,marksmanship,12,2,10
Stïinck,azralon,192,hunter,marksmanship,12,2,10
Sevitham,dalaran,192,hunter,marksmanship,12,2,10
Luvtits,bonechewer,192,hunter,marksmanship,12,2,10
Drathuss,lightbringer,192,hunter,marksmanship,12,2,10
Hunterish,area-52,192,hunter,marksmanship,12,2,10
Allnewxexhu,frostwolf,192,hunter,marksmanship,12,2,10
Jahvekhunter,area-52,192,hunter,marksmanship,12,2,10
Ruhak,windrunner,192,hunter,marksmanship,12,2,10
Jmonger,runetotem,192,hunter,marksmanship,12,2,10
Electrobuzz,aggramar,192,hunter,marksmanship,12,2,10
Luffzy,barthilas,192,hunter,marksmanship,12,2,10
Seekem,destromath,192,hunter,marksmanship,12,2,10
Warpedshots,malganis,192,hunter,marksmanship,12,2,10
Eaglesx,skullcrusher,192,hunter,marksmanship,12,2,10
Orîon,hakkar,192,hunter,marksmanship,12,2,10
Xulag,tichondrius,192,hunter,marksmanship,12,2,10
Sukmedik,barthilas,192,hunter,marksmanship,12,2,10
Mazi,agamaggan,192,hunter,marksmanship,12,2,10
Findbind,altar-of-storms,192,hunter,marksmanship,12,2,10
Gunnpowder,malganis,192,hunter,marksmanship,12,2,10
Littleagu,proudmoore,192,hunter,marksmanship,12,2,10
Eaglefall,illidan,192,hunter,marksmanship,12,2,10
Huntranger,malganis,192,hunter,marksmanship,12,2,10
Rondlor,azralon,192,hunter,marksmanship,12,2,10
Zumythriel,stormrage,192,hunter,marksmanship,12,2,10
Shaginyamom,stormrage,192,hunter,marksmanship,15,2,13
Tarapandas,kilrogg,192,hunter,marksmanship,18,2,16
Sinhunter,hakkar,192,hunter,marksmanship,18,2,16
Chinchompas,bleeding-hollow,192,hunter,marksmanship,18,2,16
Böwjöbs,drakthul,192,hunter,marksmanship,21,2,19
Griffox,frostwolf,191,hunter,marksmanship,4,3,1
Cathayna,azjolnerub,191,hunter,marksmanship,6,2,4
Rorrnus,blackwing-lair,191,hunter,marksmanship,6,2,4
Dorg,azjolnerub,191,hunter,marksmanship,6,2,4
Gotexu,quelthalas,191,hunter,marksmanship,6,2,4
Airshots,bleeding-hollow,191,hunter,marksmanship,6,2,4
Donchy,proudmoore,191,hunter,marksmanship,6,2,4
Wörg,elune,191,hunter,marksmanship,6,2,4
Sylviannas,frostmourne,191,hunter,marksmanship,6,2,4
Luzdivina,agamaggan,191,hunter,marksmanship,6,2,4
Hellcry,khadgar,191,hunter,marksmanship,12,2,10
Actaeom,area-52,191,hunter,marksmanship,12,2,10
Ragehunter,scilla,191,hunter,marksmanship,12,2,10
Mhyalî,moon-guard,159,hunter,marksmanship,5,2,3
Coçador,stormrage,159,hunter,marksmanship,5,2,3
Hunntard,veknilash,159,hunter,marksmanship,5,2,3
Clintbartun,shadowsong,159,hunter,marksmanship,5,2,3
Gonnujo,ragnaros,159,hunter,marksmanship,5,2,3
Thesloott,azshara,159,hunter,marksmanship,5,2,3
Dropitëns,nemesis,159,hunter,marksmanship,5,2,3
Adonius,anvilmar,159,hunter,marksmanship,5,2,3
Fadek,mannoroth,159,hunter,marksmanship,11,2,9
Racoon,spinebreaker,138,hunter,marksmanship,10,4,6
Wannakill,stormrage,138,hunter,marksmanship,8,3,5
Dusle,azralon,138,hunter,marksmanship,8,3,5
Darthski,drenden,138,hunter,marksmanship,12,4,8
Pvrisxoxo,frostmourne,138,hunter,marksmanship,9,3,6
Zarrockk,emerald-dream,138,hunter,marksmanship,10,3,7
Gilton,blackrock,138,hunter,marksmanship,11,3,8
Winstônwolf,spinebreaker,138,hunter,marksmanship,19,4,15
Thindraa,dalaran,138,hunter,marksmanship,21,4,17
Plsnobanmee,frostmourne,137,hunter,marksmanship,9,5,4
Mookvader,illidan,128,hunter,marksmanship,4,2,2
Clütch,darkspear,128,hunter,marksmanship,4,2,2
Jjackchicken,tichondrius,128,hunter,marksmanship,4,2,2
Zenîth,caelestrasz,127,hunter,marksmanship,8,2,6
Lúthiel,azralon,127,hunter,marksmanship,8,2,6
Jacyrius,drakkari,96,hunter,marksmanship,3,2,1
Shootr,darkspear,96,hunter,marksmanship,3,2,1
Cesz,ragnaros,96,hunter,marksmanship,3,2,1
Ïmprîsôñ,dalaran,96,hunter,marksmanship,3,2,1
Narukín,tichondrius,96,hunter,marksmanship,6,1,5
Bosshunt,whisperwind,96,hunter,marksmanship,6,1,5
Nikolov,proudmoore,96,hunter,marksmanship,6,1,5
Puppyghoul,malganis,96,hunter,marksmanship,6,1,5
Wolfmastera,zuljin,96,hunter,marksmanship,6,1,5
Delanson,barthilas,96,hunter,marksmanship,6,1,5
Eternalhunt,ragnaros,96,hunter,marksmanship,6,1,5
Ha,tichondrius,96,hunter,marksmanship,6,1,5
Xclaw,llane,96,hunter,marksmanship,6,1,5
Citizen,dragonmaw,96,hunter,marksmanship,6,1,5
Rozzyn,bleeding-hollow,96,hunter,marksmanship,6,1,5
Alfentanil,thrall,96,hunter,marksmanship,6,1,5
Mellowzen,moon-guard,96,hunter,marksmanship,6,1,5
Mëliodás,moon-guard,96,hunter,marksmanship,6,1,5
Møoo,ragnaros,96,hunter,marksmanship,6,1,5
Musard,wyrmrest-accord,96,hunter,marksmanship,6,1,5
Biehuixin,tichondrius,96,hunter,marksmanship,6,1,5
Siimmplicitz,area-52,96,hunter,marksmanship,6,1,5
Staytrill,tichondrius,96,hunter,marksmanship,6,1,5
Wínchester,stormrage,96,hunter,marksmanship,6,1,5
Consanguin,sargeras,96,hunter,marksmanship,6,1,5
Lèkïnhø,azralon,96,hunter,marksmanship,6,1,5
Qua,perenolde,96,hunter,marksmanship,6,1,5
Mna,azralon,96,hunter,marksmanship,6,1,5
Panchovill,ragnaros,96,hunter,marksmanship,6,1,5
Quepop,demon-soul,96,hunter,marksmanship,6,1,5
Hxintzy,kalecgos,96,hunter,marksmanship,6,1,5
Murdaugh,icecrown,96,hunter,marksmanship,6,1,5
Kkurama,area-52,96,hunter,marksmanship,6,1,5
Nanotorque,moon-guard,96,hunter,marksmanship,6,1,5
Hopsmatei,azralon,96,hunter,marksmanship,6,1,5
Hyena,kelthuzad,96,hunter,marksmanship,6,1,5
Ashner,illidan,96,hunter,marksmanship,6,1,5
Forjadnodano,stormrage,96,hunter,marksmanship,6,1,5
Clydebarro,sargeras,96,hunter,marksmanship,6,1,5
Ellesia,saurfang,96,hunter,marksmanship,6,1,5
Wellfaír,area-52,96,hunter,marksmanship,6,1,5
Pinheira,nemesis,96,hunter,marksmanship,6,1,5
Minnervva,malganis,96,hunter,marksmanship,6,1,5
Zuump,azralon,96,hunter,marksmanship,6,1,5
Vladik,stormrage,96,hunter,marksmanship,6,1,5
Mzfat,sargeras,96,hunter,marksmanship,6,1,5
Deeznu,illidan,96,hunter,marksmanship,6,1,5
Slaughterr,kelthuzad,96,hunter,marksmanship,6,1,5
Lemmetrap,illidan,96,hunter,marksmanship,6,1,5
Darkarcher,hyjal,96,hunter,marksmanship,6,1,5
Boongtokes,illidan,96,hunter,marksmanship,6,1,5
Cowboytroy,exodar,96,hunter,marksmanship,6,1,5
Okiee,farstriders,96,hunter,marksmanship,6,1,5
Maquire,tichondrius,96,hunter,marksmanship,6,1,5
Gunwalk,azjolnerub,96,hunter,marksmanship,6,1,5
Teddyboy,proudmoore,96,hunter,marksmanship,6,1,5
Anndaria,tichondrius,96,hunter,marksmanship,6,1,5
Glockrivers,sargeras,96,hunter,marksmanship,6,1,5
Levette,wyrmrest-accord,96,hunter,marksmanship,6,1,5
Brutalhit,bonechewer,96,hunter,marksmanship,6,1,5
Ikiteforgold,zuljin,96,hunter,marksmanship,6,1,5
Smackadoodlé,illidan,96,hunter,marksmanship,6,1,5
Tigresswoodz,zuljin,96,hunter,marksmanship,6,1,5
Clacktar,wyrmrest-accord,96,hunter,marksmanship,6,1,5
Rämbow,frostmourne,96,hunter,marksmanship,6,1,5
Jerisil,draka,96,hunter,marksmanship,6,1,5
Happyjake,shadowsong,96,hunter,marksmanship,6,1,5
Gunjack,area-52,96,hunter,marksmanship,6,1,5
Saeculorum,azralon,96,hunter,marksmanship,6,1,5
Crazyshot,drakkari,96,hunter,marksmanship,6,1,5
Redic,area-52,96,hunter,marksmanship,6,1,5
Yandralen,kiljaeden,96,hunter,marksmanship,6,1,5
Garkia,hyjal,96,hunter,marksmanship,6,1,5
Coppersnout,wyrmrest-accord,96,hunter,marksmanship,6,1,5
Zral,dragonmaw,96,hunter,marksmanship,6,1,5
Vilguz,illidan,96,hunter,marksmanship,6,1,5
Samanta,blood-furnace,96,hunter,marksmanship,6,1,5
Terezhunt,tichondrius,96,hunter,marksmanship,6,1,5
Sarutovy,kelthuzad,96,hunter,marksmanship,6,1,5
Teexas,frostwolf,96,hunter,marksmanship,6,1,5
Lailyann,sargeras,96,hunter,marksmanship,6,1,5
Darksidios,quelthalas,96,hunter,marksmanship,6,1,5
Nightfall,azshara,96,hunter,marksmanship,6,1,5
Solderboi,tichondrius,96,hunter,marksmanship,6,1,5
Dalzar,darkspear,96,hunter,marksmanship,6,1,5
Autaila,thunderlord,96,hunter,marksmanship,6,1,5
Architect,bleeding-hollow,96,hunter,marksmanship,6,1,5
Dragov,frostmourne,96,hunter,marksmanship,6,1,5
Ruvathir,wyrmrest-accord,96,hunter,marksmanship,6,1,5
Arrowenn,zuljin,96,hunter,marksmanship,6,1,5
Kritlongshot,darkspear,96,hunter,marksmanship,6,1,5
Elknut,sargeras,96,hunter,marksmanship,6,1,5
Huntbooty,mannoroth,96,hunter,marksmanship,6,1,5
Shortbow,nordrassil,96,hunter,marksmanship,6,1,5
Exitwoundz,hyjal,96,hunter,marksmanship,6,1,5
Legoretzlas,durotan,96,hunter,marksmanship,6,1,5
Pewpew,gallywix,96,hunter,marksmanship,6,1,5
Decompossed,sargeras,96,hunter,marksmanship,6,1,5
Emeråld,sargeras,96,hunter,marksmanship,6,1,5
Faceshots,tichondrius,96,hunter,marksmanship,6,1,5
Seizedhunt,frostmourne,96,hunter,marksmanship,6,1,5
Gabitoqt,gallywix,96,hunter,marksmanship,6,1,5
Vortex,arthas,96,hunter,marksmanship,6,1,5
Ezzrra,silvermoon,96,hunter,marksmanship,6,1,5
Luthairian,sargeras,96,hunter,marksmanship,6,1,5
Meowimadog,spinebreaker,96,hunter,marksmanship,6,1,5
Shootermgavn,frostmourne,96,hunter,marksmanship,6,1,5
Thagandim,norgannon,96,hunter,marksmanship,6,1,5
Tredor,malganis,96,hunter,marksmanship,6,1,5
Shootdogg,mannoroth,96,hunter,marksmanship,6,1,5
Itchi,nerzhul,96,hunter,marksmanship,6,1,5
Bowbaggins,stormrage,96,hunter,marksmanship,6,1,5
Bigsexi,kiljaeden,96,hunter,marksmanship,6,1,5
Poizon,gorefiend,96,hunter,marksmanship,6,1,5
Zirstorm,altar-of-storms,96,hunter,marksmanship,6,1,5
Tmyogaflame,tichondrius,96,hunter,marksmanship,6,1,5
Ethùg,area-52,96,hunter,marksmanship,6,1,5
Fingamyquill,tichondrius,96,hunter,marksmanship,6,1,5
Arin,suramar,96,hunter,marksmanship,6,1,5
Elaestel,moon-guard,96,hunter,marksmanship,6,1,5
Loraela,emerald-dream,96,hunter,marksmanship,6,1,5
Nodar,quelthalas,96,hunter,marksmanship,6,1,5
Jumeog,stormscale,96,hunter,marksmanship,6,1,5
Konflako,quelthalas,96,hunter,marksmanship,6,1,5
Romro,norgannon,96,hunter,marksmanship,6,1,5
Ragerab,trollbane,96,hunter,marksmanship,6,1,5
Volstaggard,frostmourne,96,hunter,marksmanship,6,1,5
Emrisa,burning-legion,96,hunter,marksmanship,6,1,5
Bamtokki,tichondrius,96,hunter,marksmanship,6,1,5
Woodywoods,blades-edge,96,hunter,marksmanship,6,1,5
Qq,jaedenar,96,hunter,marksmanship,6,1,5
Desarus,archimonde,96,hunter,marksmanship,6,1,5
Feigncovid,area-52,96,hunter,marksmanship,6,1,5
Insönnia,azralon,96,hunter,marksmanship,6,1,5
Chriskylè,draka,96,hunter,marksmanship,6,1,5
Slimshadie,kiljaeden,96,hunter,marksmanship,6,1,5
Barginmeal,undermine,96,hunter,marksmanship,6,1,5
Allerios,alleria,96,hunter,marksmanship,6,1,5
Evemae,sargeras,96,hunter,marksmanship,6,1,5
Rensv,frostmourne,96,hunter,marksmanship,6,1,5
Menddri,moon-guard,96,hunter,marksmanship,6,1,5
Lavapiranha,tanaris,96,hunter,marksmanship,6,1,5
Nickaz,frostmourne,96,hunter,marksmanship,8,1,7
Anysia,amanthul,96,hunter,marksmanship,12,1,11
Dogtagluke,stormrage,96,hunter,marksmanship,12,1,11
Missedshot,frostmourne,96,hunter,marksmanship,12,1,11
Jacobsladder,illidan,96,hunter,marksmanship,12,1,11
Windbreaker,aggramar,96,hunter,marksmanship,12,1,11
Kofan,darkspear,96,hunter,marksmanship,12,1,11
Ømenix,laughing-skull,96,hunter,marksmanship,12,1,11
Bigpeener,gilneas,96,hunter,marksmanship,12,1,11
Ygor,azralon,96,hunter,marksmanship,12,1,11
Xalmoinmybow,illidan,96,hunter,marksmanship,12,1,11
Bophadeaz,sargeras,96,hunter,marksmanship,12,1,11
Laudion,quelthalas,96,hunter,marksmanship,12,1,11
Kyxn,area-52,96,hunter,marksmanship,12,1,11
Lawyernickk,thrall,96,hunter,marksmanship,12,1,11
Hawneyduo,skullcrusher,96,hunter,marksmanship,12,1,11
Elvkalla,aegwynn,96,hunter,marksmanship,12,1,11
Elanor,feathermoon,96,hunter,marksmanship,18,1,17
Strixis,blood-furnace,95,hunter,marksmanship,6,1,5
Strestor,senjin,95,hunter,marksmanship,18,1,17
Googies,area-52,84,hunter,marksmanship,12,4,8
Setbackhunt,illidan,79,hunter,marksmanship,5,1,4
Bownappetite,bleeding-hollow,79,hunter,marksmanship,5,1,4
Shagward,stormrage,79,hunter,marksmanship,5,1,4
Simyra,moon-guard,79,hunter,marksmanship,5,1,4
Creatuuree,zuljin,64,hunter,marksmanship,4,1,3
Raymose,tichondrius,64,hunter,marksmanship,4,1,3
Coffetaum,illidan,64,hunter,marksmanship,4,1,3
Boyarsky,area-52,48,hunter,marksmanship,3,1,2
Slurpdurp,the-underbog,48,hunter,marksmanship,3,1,2
Killarth,quelthalas,48,hunter,marksmanship,3,1,2
Ðecarlis,azralon,42,hunter,marksmanship,6,2,4
Døctørmälitø,tichondrius,42,hunter,marksmanship,9,2,7
Johnbow,azuremyst,42,hunter,marksmanship,10,2,8
Ahncheolsoo,tichondrius,42,hunter,marksmanship,11,2,9
Haamsuplo,tichondrius,31,hunter,marksmanship,2,1,1
Phíl,queldorei,31,hunter,marksmanship,2,1,1
Musaa,tichondrius,31,hunter,marksmanship,2,1,1
Dapoosyx,tichondrius,31,hunter,marksmanship,2,1,1
Bonquiesha,area-52,2297,hunter,survival,97,65,32
Boogiemas,akama,2268,hunter,survival,108,68,40
Suntail,dalaran,2253,hunter,survival,160,85,75
Cndavyjones,akama,2224,hunter,survival,192,97,95
Buffmm,kelthuzad,2215,hunter,survival,102,55,47
Rojpube,frostmourne,2206,hunter,survival,117,61,56
Artêêzy,illidan,2202,hunter,survival,83,58,25
Missedmytrap,draenor,2196,hunter,survival,100,60,40
Saiiph,bleeding-hollow,2169,hunter,survival,144,74,70
Jetskixoxo,sargeras,2159,hunter,survival,72,42,30
Cëb,stormrage,2157,hunter,survival,168,84,84
Disciple,darkspear,2152,hunter,survival,74,43,31
Pathofsexile,tichondrius,2141,hunter,survival,520,272,248
Kansolly,tichondrius,2133,hunter,survival,183,97,86
Hotmuscleman,tichondrius,2127,hunter,survival,74,45,29
Skàdii,tichondrius,2126,hunter,survival,186,110,76
Capncams,emerald-dream,2120,hunter,survival,130,68,62
Covlol,illidan,2119,hunter,survival,70,38,32
Wvwvwvwvwvww,stormrage,2109,hunter,survival,72,42,30
Briggsx,sargeras,2106,hunter,survival,102,53,49
Malukaca,azralon,2100,hunter,survival,185,92,93
Fancyox,frostmourne,2090,hunter,survival,78,51,27
Aimbotmir,zuljin,2083,hunter,survival,86,40,46
Gloomy,dark-iron,2082,hunter,survival,66,48,18
Ferex,tichondrius,2082,hunter,survival,110,61,49
Summerdope,aggramar,2075,hunter,survival,90,43,47
Ikiteforfood,zuljin,2069,hunter,survival,56,32,24
Legoelass,emerald-dream,2069,hunter,survival,203,112,91
Cadencex,stormrage,2066,hunter,survival,153,76,77
Pridefulz,stormrage,2062,hunter,survival,170,85,85
Nearly,wyrmrest-accord,2050,hunter,survival,108,56,52
Xyzv,tichondrius,2042,hunter,survival,129,68,61
Maxiam,frostmourne,2039,hunter,survival,124,65,59
Seanh,stormrage,2035,hunter,survival,66,48,18
Henhøuse,illidan,2034,hunter,survival,96,52,44
Dyucol,tichondrius,2029,hunter,survival,292,160,132
Garfieldbb,tichondrius,2018,hunter,survival,257,128,129
Dijhoni,moon-guard,2014,hunter,survival,234,121,113
Koupon,tichondrius,2012,hunter,survival,220,112,108
Djtraphouse,stormrage,2010,hunter,survival,162,82,80
Sclum,tichondrius,2006,hunter,survival,113,72,41
Krømatik,tichondrius,2002,hunter,survival,84,49,35
Ynoit,sargeras,2002,hunter,survival,106,57,49
Ungrella,malganis,2001,hunter,survival,81,44,37
Endsnear,stormrage,1998,hunter,survival,184,92,92
Wmsgs,tichondrius,1998,hunter,survival,201,99,102
Moroally,sargeras,1997,hunter,survival,54,35,19
Survchris,bleeding-hollow,1997,hunter,survival,117,62,55
Noimnotokay,tichondrius,1992,hunter,survival,113,57,56
Aurelx,tichondrius,1990,hunter,survival,72,44,28
Glockin,zuljin,1984,hunter,survival,84,43,41
Queríde,emerald-dream,1982,hunter,survival,71,50,21
Veyronnx,stormrage,1981,hunter,survival,126,71,55
Sikhunt,frostmourne,1980,hunter,survival,102,56,46
Lawyerpbj,tichondrius,1980,hunter,survival,66,31,35
Otii,tichondrius,1979,hunter,survival,226,112,114
Effyh,emerald-dream,1974,hunter,survival,266,139,127
Budika,ragnaros,1973,hunter,survival,42,30,12
Bicmex,sargeras,1970,hunter,survival,42,29,13
Yná,nemesis,1966,hunter,survival,70,42,28
Róckzero,quelthalas,1962,hunter,survival,283,150,133
Destrumz,zuljin,1961,hunter,survival,78,37,41
Galavant,frostmourne,1960,hunter,survival,98,52,46
Mlemily,stormrage,1955,hunter,survival,101,62,39
Cadenxr,bleeding-hollow,1953,hunter,survival,65,42,23
Finito,bladefist,1953,hunter,survival,466,236,230
Kimchishotxo,tichondrius,1948,hunter,survival,59,32,27
Scythedom,tichondrius,1947,hunter,survival,78,44,34
Javlinz,thrall,1947,hunter,survival,68,34,34
Hamslapper,shattered-hand,1946,hunter,survival,141,68,73
Drasen,deathwing,1944,hunter,survival,102,51,51
Ingridaniela,aegwynn,1943,hunter,survival,60,40,20
Pylorih,area-52,1941,hunter,survival,65,45,20
Raef,azralon,1938,hunter,survival,150,81,69
Robotwo,illidan,1937,hunter,survival,54,36,18
Notnunca,tichondrius,1937,hunter,survival,110,58,52
Krateeq,frostmourne,1933,hunter,survival,81,45,36
Møéÿsgïrîxø,tichondrius,1932,hunter,survival,37,23,14
Hwslol,tichondrius,1932,hunter,survival,270,141,129
Exhausted,blackrock,1932,hunter,survival,211,102,109
Darkshady,tichondrius,1931,hunter,survival,48,29,19
Neverturtlex,tichondrius,1929,hunter,survival,42,24,18
Queride,area-52,1929,hunter,survival,113,52,61
Dirtysoap,sargeras,1927,hunter,survival,108,52,56
Truckrsaurus,tichondrius,1917,hunter,survival,176,93,83
Xtralitê,tichondrius,1916,hunter,survival,137,89,48
Douggigadome,illidan,1915,hunter,survival,95,50,45
Dwx,bleeding-hollow,1915,hunter,survival,84,44,40
Traplordxd,illidan,1913,hunter,survival,53,33,20
Foxyhood,ragnaros,1913,hunter,survival,219,113,106
Tyleraq,area-52,1912,hunter,survival,48,30,18
Huntmon,nemesis,1912,hunter,survival,95,58,37
Kaldrool,frostmourne,1911,hunter,survival,118,64,54
Fictìon,kelthuzad,1909,hunter,survival,64,34,30
Pokìmane,tichondrius,1904,hunter,survival,110,66,44
Ssds,sargeras,1900,hunter,survival,48,29,19
Huntersmark,sargeras,1900,hunter,survival,402,211,191
Kzmo,gnomeregan,1896,hunter,survival,35,25,10
Dirtysoap,tichondrius,1891,hunter,survival,75,38,37
Feignqt,illidan,1886,hunter,survival,150,73,77
Acres,emerald-dream,1882,hunter,survival,78,42,36
Goonsh,tichondrius,1881,hunter,survival,60,39,21
Trevyx,aegwynn,1878,hunter,survival,220,122,98
Runecrossbow,barthilas,1878,hunter,survival,245,121,124
Lovevv,frostmourne,1875,hunter,survival,48,32,16
Shootin,frostmourne,1875,hunter,survival,78,45,33
Axezul,tichondrius,1873,hunter,survival,100,59,41
Bergy,thrall,1873,hunter,survival,54,30,24
Töxic,dalaran,1872,hunter,survival,121,62,59
Pinêapplê,bleeding-hollow,1870,hunter,survival,77,39,38
Nishinos,tichondrius,1868,hunter,survival,297,152,145
Mørødox,sargeras,1867,hunter,survival,36,27,9
Eref,sargeras,1865,hunter,survival,60,29,31
Jalinhabbei,azralon,1862,hunter,survival,53,28,25
Tøkÿöghøül,agamaggan,1860,hunter,survival,54,31,23
Lèkïnhø,azralon,1860,hunter,survival,126,60,66
Joón,moon-guard,1859,hunter,survival,55,33,22
Mambothehunt,stormrage,1858,hunter,survival,239,120,119
Fizzleegear,area-52,1856,hunter,survival,255,126,129
Plainrain,tichondrius,1853,hunter,survival,155,89,66
Tyjes,stormrage,1850,hunter,survival,93,50,43
Hibyexo,illidan,1849,hunter,survival,48,32,16
Foxwalk,nemesis,1848,hunter,survival,156,76,80
Buffnac,tichondrius,1848,hunter,survival,60,29,31
Kelarcia,moon-guard,1846,hunter,survival,65,29,36
Gufanyaun,tichondrius,1844,hunter,survival,48,29,19
Redhøød,moon-guard,1844,hunter,survival,178,88,90
Neonjz,ragnaros,1843,hunter,survival,126,61,65
Anisphia,tichondrius,1838,hunter,survival,352,182,170
Iyne,stormrage,1834,hunter,survival,66,45,21
Frêäkk,ragnaros,1832,hunter,survival,69,39,30
Stinkyfob,barthilas,1831,hunter,survival,147,76,71
Austelos,moon-guard,1830,hunter,survival,59,34,25
Saltstream,tichondrius,1830,hunter,survival,180,85,95
Equilibrium,tol-barad,1828,hunter,survival,408,217,191
Focús,laughing-skull,1828,hunter,survival,108,55,53
Gvoo,tichondrius,1827,hunter,survival,48,33,15
Petrà,tichondrius,1827,hunter,survival,105,48,57
Unicom,malganis,1826,hunter,survival,36,22,14
Éshen,illidan,1826,hunter,survival,101,53,48
Aaggros,sargeras,1825,hunter,survival,42,20,22
Sharkzooka,illidan,1825,hunter,survival,77,34,43
Bjornwald,thrall,1824,hunter,survival,410,214,196
Dazarrow,burning-blade,1824,hunter,survival,81,40,41
Chimeralol,area-52,1822,hunter,survival,174,101,73
Angrybow,ragnaros,1821,hunter,survival,36,25,11
Misogynistaf,tichondrius,1821,hunter,survival,40,22,18
Arsk,ragnaros,1821,hunter,survival,77,37,40
Warhog,wyrmrest-accord,1820,hunter,survival,127,74,53
Thoromel,wyrmrest-accord,1820,hunter,survival,78,39,39
Carnidon,area-52,1818,hunter,survival,247,125,122
Alphaqt,dethecus,1816,hunter,survival,48,27,21
Savagerko,illidan,1816,hunter,survival,75,42,33
Kisuke,khaz-modan,1815,hunter,survival,54,34,20
Nightarrows,area-52,1814,hunter,survival,86,53,33
Arcobaleno,tichondrius,1814,hunter,survival,72,35,37
Trappah,stormrage,1813,hunter,survival,60,35,25
Crypy,illidan,1813,hunter,survival,63,35,28
Terapista,area-52,1813,hunter,survival,90,45,45
Leaku,illidan,1810,hunter,survival,64,41,23
Percival,firetree,1810,hunter,survival,60,31,29
Leonilc,tichondrius,1810,hunter,survival,128,60,68
Jagaerz,emerald-dream,1808,hunter,survival,42,23,19
Shinhyez,tichondrius,1807,hunter,survival,60,36,24
Nevertraps,frostmourne,1805,hunter,survival,48,30,18
Yolloswag,tichondrius,1804,hunter,survival,249,137,112
Adjusted,frostmourne,1802,hunter,survival,36,21,15
Trapstar,aggramar,1802,hunter,survival,69,40,29
Covlolzz,illidan,1802,hunter,survival,60,29,31
Yip,moon-guard,1802,hunter,survival,71,34,37
Ratonh,ragnaros,1801,hunter,survival,156,88,68
Czeroenjoyer,malganis,1799,hunter,survival,46,28,18
Yiyixx,tichondrius,1798,hunter,survival,36,19,17
Kubu,emerald-dream,1797,hunter,survival,231,124,107
Toozz,frostmourne,1791,hunter,survival,48,28,20
Inktray,durotan,1791,hunter,survival,48,27,21
Caiodluffy,malganis,1791,hunter,survival,78,41,37
Altarare,ragnaros,1791,hunter,survival,414,215,199
Gabiña,tichondrius,1790,hunter,survival,558,277,281
Emart,bloodhoof,1790,hunter,survival,75,33,42
Hawkem,illidan,1788,hunter,survival,78,39,39
Sniffler,barthilas,1787,hunter,survival,54,25,29
Kiteforterps,zuljin,1786,hunter,survival,48,30,18
Kensho,illidan,1784,hunter,survival,85,39,46
Lovethabeans,zangarmarsh,1780,hunter,survival,166,96,70
Honorola,twisting-nether,1779,hunter,survival,30,21,9
Chiline,frostmourne,1778,hunter,survival,60,29,31
Sobit,tichondrius,1775,hunter,survival,54,30,24
Svhunt,frostmourne,1773,hunter,survival,91,48,43
Valdra,aegwynn,1771,hunter,survival,170,90,80
Zyzzmirin,illidan,1770,hunter,survival,175,96,79
Fancyxo,frostmourne,1769,hunter,survival,42,21,21
Trapgodxo,moon-guard,1768,hunter,survival,39,26,13
Faniquitinha,stormrage,1766,hunter,survival,79,52,27
Ordius,azralon,1765,hunter,survival,150,75,75
Knewbee,emerald-dream,1764,hunter,survival,105,58,47
Droj,stormrage,1764,hunter,survival,104,56,48
Dolcê,tichondrius,1763,hunter,survival,41,29,12
Puffcopeak,illidan,1762,hunter,survival,156,85,71
Pathed,azralon,1761,hunter,survival,54,31,23
Darkvicious,area-52,1761,hunter,survival,131,75,56
Lenacraft,frostmourne,1761,hunter,survival,72,38,34
Woriath,quelthalas,1761,hunter,survival,96,50,46
Irishredd,undermine,1756,hunter,survival,38,24,14
Trapula,tichondrius,1756,hunter,survival,90,47,43
Pollution,bleeding-hollow,1756,hunter,survival,48,24,24
Názzul,area-52,1755,hunter,survival,36,21,15
Sensator,barthilas,1753,hunter,survival,58,33,25
Concur,frostmourne,1753,hunter,survival,162,82,80
Vlf,tichondrius,1753,hunter,survival,60,30,30
Singletap,barthilas,1752,hunter,survival,59,31,28
Huntardzz,area-52,1751,hunter,survival,68,52,16
Kanta,bleeding-hollow,1749,hunter,survival,38,23,15
Venoc,bleeding-hollow,1749,hunter,survival,68,37,31
Musculate,firetree,1745,hunter,survival,60,27,33
Jîñßæçhïñæ,sargeras,1745,hunter,survival,72,30,42
Huntardadoo,nemesis,1741,hunter,survival,67,30,37
Wingclippin,stormrage,1740,hunter,survival,48,28,20
Trapful,illidan,1739,hunter,survival,53,26,27
Maran,chogall,1735,hunter,survival,42,28,14
Survïvalïst,bleeding-hollow,1732,hunter,survival,41,26,15
Henroyer,quelthalas,1732,hunter,survival,72,42,30
Sylvanne,sargeras,1732,hunter,survival,95,46,49
Lilgayjared,kelthuzad,1731,hunter,survival,265,147,118
Buttercocoa,kelthuzad,1731,hunter,survival,42,19,23
Grandpopjim,illidan,1730,hunter,survival,54,31,23
Fälke,stormrage,1729,hunter,survival,66,38,28
Gnarwallz,stormrage,1728,hunter,survival,72,39,33
Barnbougle,sargeras,1727,hunter,survival,48,29,19
Peppancini,wyrmrest-accord,1725,hunter,survival,53,34,19
Showtheio,azralon,1725,hunter,survival,58,35,23
Emostrings,tichondrius,1723,hunter,survival,50,30,20
Mckennagrace,tichondrius,1722,hunter,survival,78,47,31
Nussyo,tichondrius,1721,hunter,survival,84,42,42
Poston,ragnaros,1720,hunter,survival,228,114,114
Nákiri,spinebreaker,1719,hunter,survival,52,31,21
Krouno,ragnaros,1716,hunter,survival,78,42,36
Bolognã,tichondrius,1715,hunter,survival,117,60,57
Rvn,kelthuzad,1714,hunter,survival,42,26,16
Twodoobies,ghostlands,1713,hunter,survival,66,35,31
Køjo,emerald-dream,1711,hunter,survival,94,57,37
Stevemonday,stormrage,1711,hunter,survival,96,53,43
Blackdevil,magtheridon,1711,hunter,survival,67,35,32
Sphericsnow,shuhalo,1711,hunter,survival,88,40,48
Yeahimsad,tichondrius,1709,hunter,survival,24,18,6
Voltter,illidan,1709,hunter,survival,54,30,24
Viólenc,tichondrius,1708,hunter,survival,54,29,25
ßløømtøðèáth,shadow-council,1706,hunter,survival,30,18,12
Crimsoncoast,tichondrius,1704,hunter,survival,36,24,12
Bumspanker,kaelthas,1704,hunter,survival,114,64,50
Violenc,tichondrius,1704,hunter,survival,42,22,20
Violénc,tichondrius,1704,hunter,survival,70,33,37
Moartraps,zuljin,1703,hunter,survival,48,30,18
Partz,darkspear,1702,hunter,survival,56,35,21
Prêd,malganis,1702,hunter,survival,52,31,21
Mxabyycc,tichondrius,1702,hunter,survival,72,42,30
Samcro,rivendare,1700,hunter,survival,65,33,32
Toxarch,aggramar,1698,hunter,survival,48,26,22
Bbaronsamedi,darkspear,1698,hunter,survival,63,30,33
Spinze,stormrage,1697,hunter,survival,35,23,12
Covloltrap,illidan,1693,hunter,survival,30,24,6
Vigon,stormrage,1693,hunter,survival,225,118,107
Saelym,arthas,1693,hunter,survival,72,32,40
Sniperælite,korgath,1692,hunter,survival,48,23,25
Táká,quelthalas,1689,hunter,survival,60,38,22
Noxtis,kiljaeden,1689,hunter,survival,36,18,18
Arrów,duskwood,1688,hunter,survival,36,18,18
Jerusa,illidan,1686,hunter,survival,37,24,13
Nandorius,proudmoore,1685,hunter,survival,114,59,55
Sartel,tichondrius,1685,hunter,survival,262,128,134
Downer,antonidas,1684,hunter,survival,101,55,46
Scytsbow,illidan,1684,hunter,survival,66,34,32
Budgetben,stormrage,1682,hunter,survival,33,19,14
Huntingjutsu,kelthuzad,1677,hunter,survival,167,94,73
Nigthunt,quelthalas,1674,hunter,survival,149,85,64
Jjackchicken,tichondrius,1672,hunter,survival,27,19,8
Shablagoosh,zuljin,1672,hunter,survival,45,23,22
Hervur,skullcrusher,1672,hunter,survival,81,41,40
Pivott,wyrmrest-accord,1670,hunter,survival,364,190,174
Asurvivor,suramar,1669,hunter,survival,96,52,44
Drsien,frostmourne,1667,hunter,survival,54,31,23
Asarden,jubeithos,1667,hunter,survival,102,57,45
Huntzee,area-52,1664,hunter,survival,41,25,16
Htniss,tichondrius,1664,hunter,survival,101,59,42
Interleukin,frostwolf,1664,hunter,survival,244,132,112
Woeisyou,stormrage,1662,hunter,survival,97,54,43
Ajira,stormrage,1659,hunter,survival,93,55,38
Swordshot,moon-guard,1659,hunter,survival,217,111,106
Dju,stormrage,1659,hunter,survival,124,59,65
Fleche,aggramar,1658,hunter,survival,30,20,10
Diebleeding,ragnaros,1656,hunter,survival,35,18,17
Madival,ragnaros,1655,hunter,survival,60,32,28
Giraffetrap,zuljin,1654,hunter,survival,60,36,24
Limpingspoon,kelthuzad,1654,hunter,survival,172,95,77
Nimeer,tichondrius,1654,hunter,survival,115,62,53
Xebbec,sargeras,1653,hunter,survival,128,70,58
Oppado,sargeras,1653,hunter,survival,47,25,22
Ganemdar,sargeras,1653,hunter,survival,57,22,35
Krøww,azralon,1650,hunter,survival,56,31,25
Ælij,tichondrius,1650,hunter,survival,60,33,27
Trapdaddyx,thrall,1648,hunter,survival,36,21,15
Ajacs,zuljin,1647,hunter,survival,35,24,11
Undien,area-52,1647,hunter,survival,60,35,25
Ryukotsu,tichondrius,1647,hunter,survival,99,46,53
Tyrokk,barthilas,1646,hunter,survival,48,20,28
Envoltorio,ragnaros,1644,hunter,survival,96,48,48
Bicflop,azralon,1643,hunter,survival,36,24,12
Kuzar,thrall,1643,hunter,survival,41,22,19
Apokryph,stormrage,1642,hunter,survival,126,83,43
Awârz,drakkari,1642,hunter,survival,70,39,31
Swinky,tichondrius,1641,hunter,survival,52,34,18
Lahinch,darkspear,1641,hunter,survival,57,29,28
Bostonbeans,thrall,1639,hunter,survival,54,30,24
Bendotexe,stormrage,1638,hunter,survival,36,21,15
Fabfilter,tichondrius,1637,hunter,survival,64,35,29
Zugfeito,nemesis,1636,hunter,survival,42,25,17
Helïos,drakkari,1636,hunter,survival,102,56,46
Zêrø,moon-guard,1635,hunter,survival,52,29,23
Bacchantress,tichondrius,1635,hunter,survival,72,37,35
Mopgodxqt,nemesis,1634,hunter,survival,163,95,68
Vinnieone,kiljaeden,1633,hunter,survival,36,26,10
Ryohlin,sargeras,1633,hunter,survival,116,66,50
Vhelkan,senjin,1632,hunter,survival,54,32,22
Calsu,kiljaeden,1631,hunter,survival,46,31,15
Marccus,bleeding-hollow,1631,hunter,survival,47,25,22
Nicochan,senjin,1631,hunter,survival,118,56,62
Gigabigly,wyrmrest-accord,1630,hunter,survival,24,17,7
Ÿöskë,tichondrius,1629,hunter,survival,30,17,13
Rezkiin,tichondrius,1629,hunter,survival,42,23,19
Arrebol,tichondrius,1629,hunter,survival,34,18,16
Killshøtß,tichondrius,1629,hunter,survival,132,67,65
Schurk,illidan,1627,hunter,survival,156,83,73
Oattes,daggerspine,1627,hunter,survival,71,37,34
Drifting,bleeding-hollow,1626,hunter,survival,77,45,32
Hazzeth,thrall,1625,hunter,survival,30,19,11
Kukulkan,haomarush,1625,hunter,survival,150,81,69
Reeiko,ragnaros,1624,hunter,survival,66,36,30
Blåker,bleeding-hollow,1624,hunter,survival,108,53,55
Bigbillx,tichondrius,1623,hunter,survival,30,17,13
Shakeasaurus,sargeras,1622,hunter,survival,42,20,22
Piñg,tichondrius,1621,hunter,survival,30,18,12
Viòlenc,tichondrius,1621,hunter,survival,41,24,17
Contrack,zuljin,1620,hunter,survival,49,26,23
Wingclipt,stormrage,1619,hunter,survival,41,17,24
Aeht,illidan,1618,hunter,survival,83,41,42
Æßç,ragnaros,1617,hunter,survival,24,17,7
Stylebende,tichondrius,1616,hunter,survival,48,26,22
Zanira,stormrage,1614,hunter,survival,60,35,25
Cuddlestomp,magtheridon,1614,hunter,survival,46,24,22
Rûff,azralon,1614,hunter,survival,170,85,85
Shtealo,ragnaros,1611,hunter,survival,104,59,45
Dooper,malfurion,1611,hunter,survival,147,74,73
Scourgesurge,kiljaeden,1607,hunter,survival,60,39,21
Falconex,azralon,1607,hunter,survival,42,24,18
Cny,bleeding-hollow,1606,hunter,survival,36,22,14
Orgpopeyes,illidan,1605,hunter,survival,96,48,48
Vilguz,illidan,1604,hunter,survival,161,86,75
Tawok,moon-guard,1604,hunter,survival,48,21,27
Chîll,frostmourne,1603,hunter,survival,29,19,10
Voodoohunter,blood-furnace,1603,hunter,survival,60,34,26
Cybella,darkspear,1602,hunter,survival,77,39,38
Imapacifist,barthilas,1601,hunter,survival,135,70,65
Kyujin,ragnaros,1601,hunter,survival,144,74,70
Adobo,garona,1600,hunter,survival,30,21,9
Zakorai,thrall,1600,hunter,survival,146,85,61
Huntranger,malganis,1599,hunter,survival,83,45,38
Mckim,tichondrius,1596,hunter,survival,65,32,33
Soyos,sargeras,1594,hunter,survival,197,101,96
Kaitoo,tichondrius,1593,hunter,survival,95,49,46
Seanpennis,barthilas,1590,hunter,survival,36,19,17
Ryonel,moon-guard,1589,hunter,survival,281,148,133
Keelif,arthas,1588,hunter,survival,29,17,12
Dogwoöd,emerald-dream,1588,hunter,survival,36,21,15
Architect,bleeding-hollow,1587,hunter,survival,30,19,11
Noxickk,sargeras,1587,hunter,survival,30,19,11
Clampula,sargeras,1586,hunter,survival,36,20,16
Eliandriss,quelthalas,1586,hunter,survival,124,64,60
Squeakerx,sargeras,1585,hunter,survival,29,19,10
Mmx,whisperwind,1585,hunter,survival,103,57,46
Liekis,darkspear,1585,hunter,survival,66,27,39
Dephobius,azralon,1584,hunter,survival,101,54,47
Wildoldman,stormrage,1583,hunter,survival,24,17,7
Hillside,frostmourne,1583,hunter,survival,93,54,39
Yandralen,kiljaeden,1581,hunter,survival,107,63,44
Civvo,dalaran,1581,hunter,survival,218,116,102
Jésús,dalaran,1581,hunter,survival,33,17,16
Nullstalker,frostmourne,1580,hunter,survival,41,24,17
Legalt,tichondrius,1580,hunter,survival,116,62,54
Triplethreat,bleeding-hollow,1580,hunter,survival,122,64,58
Sliturthroat,barthilas,1577,hunter,survival,119,63,56
Randël,nemesis,1576,hunter,survival,77,43,34
Hollymarie,nazjatar,1574,hunter,survival,71,45,26
Mmchode,zuljin,1574,hunter,survival,50,23,27
Clanqk,destromath,1573,hunter,survival,37,19,18
Snowynightt,proudmoore,1573,hunter,survival,254,123,131
Iol,blades-edge,1573,hunter,survival,212,102,110
Hunterluan,nemesis,1572,hunter,survival,66,34,32
Kurnos,hyjal,1569,hunter,survival,88,51,37
Volkr,bleeding-hollow,1569,hunter,survival,120,65,55
Titanaxis,tichondrius,1569,hunter,survival,480,246,234
Freebeë,area-52,1568,hunter,survival,48,26,22
Rhyzen,drenden,1567,hunter,survival,47,27,20
Broskina,stormrage,1567,hunter,survival,42,19,23
Ickstab,illidan,1566,hunter,survival,30,18,12
Drezzial,illidan,1566,hunter,survival,57,29,28
Noguns,tichondrius,1563,hunter,survival,36,17,19
Stepzback,malganis,1560,hunter,survival,36,19,17
Drunknachos,bleeding-hollow,1560,hunter,survival,36,17,19
Gq,garona,1559,hunter,survival,77,38,39
Darkèlfo,azralon,1558,hunter,survival,127,73,54
Firskin,frostmourne,1555,hunter,survival,40,19,21
Réxon,quelthalas,1555,hunter,survival,117,53,64
Offensive,dragonmaw,1553,hunter,survival,67,38,29
Uhm,laughing-skull,1553,hunter,survival,118,63,55
Tharoks,tichondrius,1553,hunter,survival,90,47,43
Nautílus,ragnaros,1553,hunter,survival,60,28,32
Åî,tichondrius,1551,hunter,survival,101,57,44
Xtina,drakkari,1550,hunter,survival,77,42,35
Hildebald,moon-guard,1549,hunter,survival,64,37,27
Tumerok,barthilas,1549,hunter,survival,36,17,19
Deifyz,stormrage,1548,hunter,survival,36,20,16
Shadeckz,stormrage,1546,hunter,survival,116,58,58
Anaebody,stormrage,1545,hunter,survival,42,28,14
Kasu,queldorei,1545,hunter,survival,42,24,18
Demtings,dark-iron,1545,hunter,survival,50,21,29
Kaiholeo,tichondrius,1544,hunter,survival,54,33,21
Trap,vashj,1543,hunter,survival,54,31,23
Alexxspewpew,ragnaros,1543,hunter,survival,30,17,13
Ropivacaine,illidan,1540,hunter,survival,54,27,27
Bigiesmalls,moon-guard,1539,hunter,survival,96,48,48
Braindeadorc,illidan,1538,hunter,survival,90,50,40
Mateko,amanthul,1537,hunter,survival,122,60,62
Lixniqua,tichondrius,1536,hunter,survival,56,31,25
Buggyhuntz,stormrage,1534,hunter,survival,116,62,54
Sbgrv,dalaran,1534,hunter,survival,30,16,14
Wolfmastera,zuljin,1532,hunter,survival,30,16,14
Opsi,ragnaros,1532,hunter,survival,94,46,48
Jubulba,frostwolf,1531,hunter,survival,30,18,12
Pinktrexx,darkspear,1531,hunter,survival,30,16,14
Vegâ,ursin,1529,hunter,survival,24,16,8
Aheefeog,proudmoore,1529,hunter,survival,54,30,24
Jarhar,nesingwary,1529,hunter,survival,132,66,66
Viiu,sargeras,1528,hunter,survival,24,16,8
Aniraza,ragnaros,1528,hunter,survival,57,34,23
Arrowmatic,frostmourne,1527,hunter,survival,24,16,8
Bambii,fizzcrank,1527,hunter,survival,109,57,52
Exh,tichondrius,1527,hunter,survival,107,52,55
Mfjl,tichondrius,1525,hunter,survival,116,61,55
Berenal,moon-guard,1525,hunter,survival,162,77,85
Pedropete,barthilas,1525,hunter,survival,72,28,44
Sativ,moknathal,1524,hunter,survival,54,27,27
Shooting,sargeras,1522,hunter,survival,135,70,65
Hankjr,thunderlord,1521,hunter,survival,197,113,84
Arazian,stormrage,1521,hunter,survival,88,45,43
Dorkins,azralon,1521,hunter,survival,75,35,40
Shaslyka,tichondrius,1520,hunter,survival,51,29,22
Meowtard,kaelthas,1520,hunter,survival,66,31,35
Xenonviper,bleeding-hollow,1518,hunter,survival,168,83,85
That,tichondrius,1518,hunter,survival,81,40,41
Grizzlydeath,stormrage,1517,hunter,survival,108,64,44
Brewster,burning-legion,1517,hunter,survival,30,16,14
Ifoxs,bleeding-hollow,1517,hunter,survival,30,16,14
Ronnïn,proudmoore,1517,hunter,survival,42,21,21
Nastyan,ragnaros,1515,hunter,survival,30,17,13
Petmychode,illidan,1514,hunter,survival,44,24,20
Soukken,ragnaros,1514,hunter,survival,84,45,39
Ceejaee,tichondrius,1511,hunter,survival,66,31,35
Seratoninx,malganis,1509,hunter,survival,56,29,27
Fkurrules,frostmourne,1509,hunter,survival,139,71,68
Anêmos,ragnaros,1508,hunter,survival,30,16,14
Jaggeroi,thrall,1508,hunter,survival,40,17,23
Kekkww,hyjal,1506,hunter,survival,94,45,49
Drunkbunny,tichondrius,1505,hunter,survival,46,23,23
Gilæd,kelthuzad,1503,hunter,survival,71,36,35
Kalhistra,stormrage,1502,hunter,survival,66,38,28
Reeload,tichondrius,1502,hunter,survival,30,16,14
Toross,stormscale,1502,hunter,survival,155,73,82
Wafflezxo,frostmourne,1500,hunter,survival,47,25,22
Ripsurvival,area-52,1500,hunter,survival,112,58,54
Sybernetik,tichondrius,1499,hunter,survival,112,56,56
Met,dentarg,1497,hunter,survival,74,36,38
Lyler,tichondrius,1496,hunter,survival,81,43,38
Pfizershot,tichondrius,1496,hunter,survival,54,28,26
Fâmôûs,tichondrius,1495,hunter,survival,36,19,17
Kimbaa,tichondrius,1495,hunter,survival,89,42,47
Trumpmerica,illidan,1494,hunter,survival,68,25,43
Virianna,aggramar,1493,hunter,survival,77,35,42
Spromix,ragnaros,1490,hunter,survival,45,24,21
Malikyr,moon-guard,1489,hunter,survival,141,74,67
Prv,stormrage,1487,hunter,survival,48,27,21
Vindication,ysera,1486,hunter,survival,91,45,46
Lele,stormrage,1486,hunter,survival,52,25,27
Liñcoln,sargeras,1485,hunter,survival,39,20,19
Gunudown,haomarush,1485,hunter,survival,46,23,23
Carnosynn,sargeras,1484,hunter,survival,30,19,11
Arcos,emerald-dream,1483,hunter,survival,53,33,20
Kyoü,drakkari,1483,hunter,survival,82,51,31
Søapbubble,tichondrius,1480,hunter,survival,93,50,43
Ärtémisa,quelthalas,1480,hunter,survival,48,24,24
Uzixo,tichondrius,1480,hunter,survival,48,20,28
Zänich,tichondrius,1479,hunter,survival,48,28,20
Holbrook,greymane,1479,hunter,survival,173,89,84
Fuzzypjs,stormrage,1478,hunter,survival,101,57,44
Arigon,frostmane,1478,hunter,survival,30,16,14
Fangtreason,sargeras,1478,hunter,survival,42,22,20
Elmoon,zuljin,1478,hunter,survival,48,24,24
Rooman,ragnaros,1477,hunter,survival,48,24,24
Otternaught,tichondrius,1473,hunter,survival,66,40,26
Gildthorn,frostmourne,1473,hunter,survival,72,40,32
Genesiz,sargeras,1473,hunter,survival,48,22,26
Sarqis,lightbringer,1471,hunter,survival,74,41,33
Rúdrá,area-52,1468,hunter,survival,145,76,69
Bowjoby,kelthuzad,1466,hunter,survival,57,29,28
Onemøreshot,bleeding-hollow,1465,hunter,survival,29,16,13
Calidian,moon-guard,1465,hunter,survival,36,18,18
Wharble,illidan,1464,hunter,survival,72,37,35
Lfg,bleeding-hollow,1464,hunter,survival,69,35,34
Dotaace,emerald-dream,1464,hunter,survival,61,30,31
Spitballa,emerald-dream,1464,hunter,survival,81,38,43
Pokeahuntasz,frostmourne,1460,hunter,survival,71,42,29
Alby,deathwing,1459,hunter,survival,67,33,34
Dirtypolee,bleeding-hollow,1458,hunter,survival,183,90,93
Kaawhii,stormrage,1457,hunter,survival,24,18,6
Dangerrangér,area-52,1457,hunter,survival,37,19,18
Huntardxo,moon-guard,1456,hunter,survival,75,37,38
Luangg,tichondrius,1456,hunter,survival,44,18,26
Darkarrow,hyjal,1455,hunter,survival,73,41,32
Hrywnn,azralon,1455,hunter,survival,252,130,122
Kissmylin,tichondrius,1455,hunter,survival,38,17,21
Skyland,tichondrius,1454,hunter,survival,138,65,73
Junglepaw,moon-guard,1453,hunter,survival,158,81,77
Alpacxpress,stormrage,1453,hunter,survival,120,59,61
Ogamì,aegwynn,1449,hunter,survival,52,32,20
Dakti,tichondrius,1447,hunter,survival,120,58,62
Fallacies,moon-guard,1446,hunter,survival,270,140,130
Lormax,zuljin,1445,hunter,survival,42,18,24
Nervousness,draka,1444,hunter,survival,30,19,11
Moistbooger,emerald-dream,1444,hunter,survival,66,39,27
Kenjipoo,tichondrius,1444,hunter,survival,143,69,74
Vanthel,ragnaros,1442,hunter,survival,103,54,49
Tejodite,thrall,1441,hunter,survival,60,30,30
Jawbreakër,tichondrius,1440,hunter,survival,104,53,51
Nashi,burning-blade,1438,hunter,survival,30,15,15
Gunicks,illidan,1438,hunter,survival,30,15,15
Dreedlebug,tichondrius,1438,hunter,survival,72,35,37
Yory,tol-barad,1438,hunter,survival,42,19,23
Laken,quelthalas,1434,hunter,survival,75,33,42
Rimjobranger,bleeding-hollow,1433,hunter,survival,48,23,25
Elccid,tichondrius,1432,hunter,survival,24,15,9
Draban,stormrage,1431,hunter,survival,36,19,17
Domdamm,emerald-dream,1431,hunter,survival,36,17,19
Shytshot,dalaran,1429,hunter,survival,132,68,64
Sufutih,proudmoore,1429,hunter,survival,179,88,91
Pablita,drakkari,1426,hunter,survival,42,26,16
Ivansotes,quelthalas,1426,hunter,survival,45,22,23
Axxax,azralon,1425,hunter,survival,38,19,19
Crongar,magtheridon,1423,hunter,survival,48,22,26
Gichiwalrus,emerald-dream,1421,hunter,survival,168,91,77
Henesis,sargeras,1421,hunter,survival,54,28,26
Moomo,frostmourne,1418,hunter,survival,24,15,9
Wrathofexwif,proudmoore,1418,hunter,survival,60,36,24
Platonium,stormrage,1418,hunter,survival,50,29,21
Xuxoo,nemesis,1418,hunter,survival,54,29,25
Littlechooch,illidan,1417,hunter,survival,54,29,25
Soulwarden,haomarush,1417,hunter,survival,36,17,19
Slimshadie,kiljaeden,1414,hunter,survival,30,15,15
Sarvaxagar,tichondrius,1414,hunter,survival,30,15,15
Krimzus,hyjal,1414,hunter,survival,71,35,36
Mookvader,illidan,1411,hunter,survival,54,27,27
Dudemanyeah,black-dragonflight,1410,hunter,survival,178,85,93
Rirand,dalaran,1409,hunter,survival,78,39,39
Mayamia,ragnaros,1407,hunter,survival,102,48,54
Weedhoof,barthilas,1406,hunter,survival,66,36,30
Nippoc,aerie-peak,1404,hunter,survival,24,17,7
Gadorim,kelthuzad,1404,hunter,survival,193,91,102
Viró,sargeras,1401,hunter,survival,39,21,18
Kula,haomarush,1401,hunter,survival,73,34,39
Sukr,korgath,1400,hunter,survival,154,75,79
Animityx,illidan,1398,hunter,survival,57,29,28
Pdg,ragnaros,1394,hunter,survival,78,42,36
Huntasaurus,saurfang,1393,hunter,survival,113,50,63
Daxar,ragnaros,1393,hunter,survival,60,25,35
Rayuwa,azralon,1391,hunter,survival,157,77,80
Killconfirm,sargeras,1391,hunter,survival,74,32,42
Týrak,illidan,1389,hunter,survival,42,27,15
Ophois,lightbringer,1389,hunter,survival,114,50,64
Azx,tichondrius,1389,hunter,survival,60,25,35
Evilfury,tichondrius,1388,hunter,survival,388,191,197
Lafc,ragnaros,1387,hunter,survival,56,28,28
Dartoo,ragnaros,1387,hunter,survival,36,15,21
Audiofly,tichondrius,1385,hunter,survival,155,82,73
Kukulkán,muradin,1385,hunter,survival,40,18,22
Stupidgodx,tichondrius,1382,hunter,survival,30,16,14
Inheart,khazgoroth,1382,hunter,survival,120,57,63
Haemøphilus,area-52,1380,hunter,survival,45,22,23
Lashga,wyrmrest-accord,1380,hunter,survival,63,28,35
Tezlekhan,haomarush,1379,hunter,survival,48,24,24
Casadega,sargeras,1377,hunter,survival,34,20,14
Lëvix,illidan,1375,hunter,survival,51,28,23
Vhan,azralon,1370,hunter,survival,178,94,84
Stoleurgurl,sargeras,1370,hunter,survival,60,27,33
Figurinet,sargeras,1369,hunter,survival,30,19,11
Dversive,nagrand,1369,hunter,survival,57,26,31
Hunterdemond,ragnaros,1368,hunter,survival,125,60,65
Navagee,tichondrius,1367,hunter,survival,59,31,28
Dreebizz,gorefiend,1365,hunter,survival,134,66,68
Gunka,illidan,1359,hunter,survival,59,28,31
Wetpeach,frostmourne,1358,hunter,survival,74,37,37
Snoopinator,malganis,1356,hunter,survival,82,36,46
Gugubird,proudmoore,1352,hunter,survival,42,19,23
Bangerzx,stormrage,1351,hunter,survival,62,35,27
Xfo,bleeding-hollow,1346,hunter,survival,42,25,17
Rickshaw,frostmourne,1346,hunter,survival,65,33,32
Tethro,zuljin,1345,hunter,survival,66,32,34
Joeexotíc,moknathal,1344,hunter,survival,30,16,14
Cuervostreet,ragnaros,1344,hunter,survival,160,79,81
Lamerpvp,tichondrius,1343,hunter,survival,18,14,4
Zizzo,eonar,1343,hunter,survival,60,29,31
Vogtfog,tichondrius,1343,hunter,survival,36,17,19
Raiku,aggramar,1342,hunter,survival,54,23,31
Cosmodome,daggerspine,1341,hunter,survival,24,14,10
Bigsexi,kiljaeden,1341,hunter,survival,91,42,49
Adroi,tichondrius,1341,hunter,survival,36,14,22
Fìebs,queldorei,1340,hunter,survival,59,27,32
Champjones,senjin,1339,hunter,survival,24,14,10
Ariran,illidan,1338,hunter,survival,60,29,31
Jollycraze,spirestone,1337,hunter,survival,18,14,4
Nunca,tichondrius,1336,hunter,survival,24,14,10
Crissy,crushridge,1335,hunter,survival,58,31,27
Quepop,demon-soul,1335,hunter,survival,78,40,38
Riivali,quelthalas,1335,hunter,survival,102,50,52
Lavo,borean-tundra,1335,hunter,survival,99,45,54
Jyñ,malganis,1335,hunter,survival,36,15,21
Åpe,illidan,1334,hunter,survival,24,14,10
Clinteastwoo,ragnaros,1334,hunter,survival,30,14,16
Core,gorefiend,1334,hunter,survival,87,38,49
Reachme,moon-guard,1334,hunter,survival,36,14,22
Ghannha,wyrmrest-accord,1333,hunter,survival,36,19,17
Exxonerous,sargeras,1333,hunter,survival,108,52,56
Mihall,tichondrius,1332,hunter,survival,24,14,10
Taiberianrex,khazgoroth,1331,hunter,survival,110,59,51
Bowzørx,tichondrius,1331,hunter,survival,30,14,16
Hawkethorn,moon-guard,1331,hunter,survival,104,46,58
Zorht,ragnaros,1329,hunter,survival,283,142,141
Imbrokenlol,kiljaeden,1329,hunter,survival,36,14,22
Moonbast,quelthalas,1328,hunter,survival,30,14,16
Turkshot,area-52,1327,hunter,survival,31,15,16
Triggahh,thrall,1326,hunter,survival,36,19,17
Ynoit,illidan,1326,hunter,survival,29,14,15
Kimchimaster,tichondrius,1325,hunter,survival,32,14,18
Wouow,tichondrius,1324,hunter,survival,24,14,10
Madhuntter,azralon,1323,hunter,survival,30,14,16
Chootyboi,bronzebeard,1316,hunter,survival,35,16,19
Fådê,sargeras,1315,hunter,survival,36,18,18
Cocobread,stormreaver,1315,hunter,survival,102,43,59
Chiad,kargath,1313,hunter,survival,48,28,20
Luckboy,tichondrius,1313,hunter,survival,207,102,105
Trapordie,stormrage,1311,hunter,survival,88,44,44
Éygon,sargeras,1311,hunter,survival,39,17,22
Mypeach,frostmourne,1308,hunter,survival,90,45,45
Wìllòw,khazgoroth,1308,hunter,survival,92,44,48
Rogaldornn,thrall,1307,hunter,survival,53,26,27
Kelx,azralon,1306,hunter,survival,102,48,54
Myrfes,ragnaros,1304,hunter,survival,97,43,54
Tiagorufneck,ragnaros,1301,hunter,survival,64,34,30
Tagsy,quelthalas,1301,hunter,survival,86,41,45
Yesthyra,sargeras,1301,hunter,survival,30,14,16
Mimimoumou,tichondrius,1300,hunter,survival,39,17,22
Mav,dragonmaw,1298,hunter,survival,30,14,16
Ghuntcassh,quelthalas,1297,hunter,survival,60,34,26
Bredys,quelthalas,1295,hunter,survival,42,15,27
Rykbad,area-52,1293,hunter,survival,55,31,24
Xitara,stormrage,1293,hunter,survival,32,16,16
Najmoira,area-52,1291,hunter,survival,45,24,21
Banai,the-underbog,1290,hunter,survival,232,114,118
Kerion,emerald-dream,1289,hunter,survival,41,18,23
Xochiquetzal,jubeithos,1288,hunter,survival,24,18,6
Bleedwish,tichondrius,1288,hunter,survival,23,14,9
Hovahdo,proudmoore,1287,hunter,survival,35,14,21
Cefirhok,ragnaros,1283,hunter,survival,39,15,24
Cufless,proudmoore,1279,hunter,survival,42,15,27
Vongard,wyrmrest-accord,1277,hunter,survival,52,24,28
Jaykwan,boulderfist,1277,hunter,survival,65,27,38
Äkigga,tichondrius,1273,hunter,survival,66,37,29
Gxswow,tichondrius,1268,hunter,survival,66,30,36
Doomseeker,emerald-dream,1259,hunter,survival,208,100,108
Félíx,ragnaros,1259,hunter,survival,74,32,42
Coker,skullcrusher,1258,hunter,survival,36,14,22
Laurett,ragnaros,1253,hunter,survival,39,19,20
Bubblesh,whisperwind,1249,hunter,survival,72,37,35
Boomadiseone,malganis,1247,hunter,survival,18,13,5
Duckpow,frostmourne,1247,hunter,survival,60,24,36
Scottmeyers,proudmoore,1246,hunter,survival,30,13,17
Nowê,azralon,1245,hunter,survival,42,17,25
Yourgfiswarm,kelthuzad,1243,hunter,survival,29,14,15
Nanotorque,moon-guard,1242,hunter,survival,108,55,53
Panm,runetotem,1242,hunter,survival,35,17,18
Xeminis,area-52,1241,hunter,survival,31,14,17
Tsuka,eldrethalas,1240,hunter,survival,24,13,11
Ganderion,sargeras,1240,hunter,survival,27,14,13
Ariädne,sargeras,1239,hunter,survival,72,27,45
Jagaloon,area-52,1238,hunter,survival,24,13,11
Hobbléfoot,proudmoore,1238,hunter,survival,33,14,19
Deerhunt,black-dragonflight,1235,hunter,survival,24,13,11
Tuohnosaj,sargeras,1235,hunter,survival,245,114,131
Unchainedorc,tichondrius,1235,hunter,survival,30,13,17
Turquesaa,wyrmrest-accord,1234,hunter,survival,60,30,30
Obsididan,aerie-peak,1234,hunter,survival,30,14,16
Mameikilled,saurfang,1233,hunter,survival,18,13,5
Sealteamrick,frostmourne,1231,hunter,survival,30,15,15
Natsai,illidan,1227,hunter,survival,78,36,42
Nucleosome,stormrage,1219,hunter,survival,24,13,11
Pêtophile,kiljaeden,1219,hunter,survival,72,34,38
Zerkie,area-52,1212,hunter,survival,52,18,34
Triggers,ghostlands,1207,hunter,survival,48,18,30
Lorethor,kaelthas,1205,hunter,survival,77,31,46
Arkeryn,azralon,1203,hunter,survival,18,13,5
Vizkha,azralon,1199,hunter,survival,71,39,32
Firesail,kelthuzad,1199,hunter,survival,79,36,43
Abdias,ragnaros,1195,hunter,survival,135,63,72
Rensv,frostmourne,1190,hunter,survival,56,30,26
Rairin,tichondrius,1190,hunter,survival,47,20,27
Pastelitoz,tichondrius,1190,hunter,survival,67,26,41
Tekkerz,tichondrius,1188,hunter,survival,99,42,57
Tinsho,drakkari,1187,hunter,survival,72,35,37
Ashtron,trollbane,1184,hunter,survival,66,25,41
Thalrae,quelthalas,1183,hunter,survival,151,73,78
Gluegobbler,spinebreaker,1183,hunter,survival,73,32,41
Flowolf,tichondrius,1180,hunter,survival,22,13,9
Superiorkill,arathor,1173,hunter,survival,59,25,34
Ratherbully,tichondrius,1170,hunter,survival,24,13,11
Villainshunt,stormrage,1170,hunter,survival,41,17,24
Allahakbar,ragnaros,1169,hunter,survival,36,15,21
Pinotnoirr,proudmoore,1168,hunter,survival,59,31,28
Gruì,malganis,1168,hunter,survival,26,13,13
Joskyia,drenden,1166,hunter,survival,66,35,31
Travail,illidan,1163,hunter,survival,24,17,7
Kaïmsael,kelthuzad,1162,hunter,survival,197,108,89
Priinceps,azralon,1161,hunter,survival,24,15,9
Vansatih,azralon,1161,hunter,survival,398,206,192
Daymanaahh,malfurion,1159,hunter,survival,56,24,32
Mabaku,tichondrius,1157,hunter,survival,24,13,11
Eforas,ragnaros,1155,hunter,survival,30,13,17
Mokuraak,emerald-dream,1154,hunter,survival,42,20,22
Yøske,tichondrius,1152,hunter,survival,18,12,6
Çrowe,tichondrius,1151,hunter,survival,18,12,6
Megaspeed,arthas,1151,hunter,survival,24,12,12
Ubakaa,kelthuzad,1151,hunter,survival,24,12,12
Mythfive,stormrage,1151,hunter,survival,30,12,18
Lönêly,tichondrius,1150,hunter,survival,18,12,6
Perffect,sargeras,1150,hunter,survival,24,12,12
Ðfac,moon-guard,1149,hunter,survival,24,12,12
Ssdslol,bleeding-hollow,1148,hunter,survival,22,13,9
Quietqt,ragnaros,1148,hunter,survival,24,12,12
Crapshot,daggerspine,1148,hunter,survival,81,37,44
Gorgrokk,area-52,1147,hunter,survival,24,12,12
Mondlicht,tichondrius,1147,hunter,survival,26,12,14
Expskippy,darkspear,1146,hunter,survival,55,34,21
Bianco,malganis,1145,hunter,survival,24,12,12
Tyritth,azralon,1143,hunter,survival,30,16,14
Katherìnelol,tichondrius,1143,hunter,survival,24,12,12
Segulah,dalaran,1141,hunter,survival,36,15,21
Leftty,illidan,1140,hunter,survival,30,12,18
Lovoo,sargeras,1138,hunter,survival,18,12,6
Nekrón,quelthalas,1136,hunter,survival,24,12,12
Iambobby,area-52,1134,hunter,survival,30,12,18
Lesseneth,aegwynn,1130,hunter,survival,54,25,29
Rokimi,muradin,1129,hunter,survival,24,12,12
Waylòn,moon-guard,1128,hunter,survival,45,22,23
Eastera,tichondrius,1123,hunter,survival,137,64,73
Ligerjin,ragnaros,1122,hunter,survival,30,12,18
Laralodge,stormrage,1121,hunter,survival,90,37,53
Skriill,tichondrius,1119,hunter,survival,78,32,46
Rayhuntard,tichondrius,1115,hunter,survival,23,12,11
Emiri,dalaran,1109,hunter,survival,120,52,68
Ididntdoit,blackhand,1105,hunter,survival,42,17,25
Grayrat,trollbane,1103,hunter,survival,54,23,31
Negãn,tichondrius,1102,hunter,survival,23,12,11
Dabaosplash,tichondrius,1102,hunter,survival,32,13,19
Chicall,kalecgos,1096,hunter,survival,31,13,18
Eskii,moon-guard,1095,hunter,survival,78,41,37
Arucedd,frostmourne,1093,hunter,survival,135,74,61
Howk,stormrage,1092,hunter,survival,30,13,17
Cagooggo,moon-guard,1089,hunter,survival,28,12,16
Diddycombe,stormrage,1085,hunter,survival,39,13,26
Acidhunt,tichondrius,1080,hunter,survival,34,12,22
Drêâd,tichondrius,1079,hunter,survival,23,12,11
Chopsley,feathermoon,1079,hunter,survival,93,39,54
Drtapdatass,mannoroth,1074,hunter,survival,36,13,23
Allzia,illidan,1071,hunter,survival,37,14,23
Zhafiro,drakkari,1069,hunter,survival,54,30,24
Khaoskills,thunderlord,1067,hunter,survival,67,40,27
Kalgorn,emerald-dream,1059,hunter,survival,34,16,18
Cvelian,tichondrius,1058,hunter,survival,126,48,78
Cptx,kelthuzad,1056,hunter,survival,18,11,7
Anooß,tichondrius,1056,hunter,survival,21,12,9
Hunterguyy,tichondrius,1055,hunter,survival,18,11,7
Ayjay,zuljin,1055,hunter,survival,18,11,7
Áíkó,sargeras,1055,hunter,survival,18,11,7
Ïkite,zuljin,1055,hunter,survival,18,11,7
Maxlol,stormrage,1055,hunter,survival,24,11,13
Onécare,bleeding-hollow,1054,hunter,survival,18,11,7
Plsbepatient,wyrmrest-accord,1054,hunter,survival,18,11,7
Sagadegêmeos,stormrage,1053,hunter,survival,18,11,7
Jaw,hakkar,1053,hunter,survival,18,11,7
Reignwolf,nemesis,1053,hunter,survival,18,11,7
Embaçado,bleeding-hollow,1053,hunter,survival,30,11,19
Jigua,stormrage,1052,hunter,survival,18,11,7
Kusok,barthilas,1051,hunter,survival,18,11,7
Gundyr,cenarius,1051,hunter,survival,30,11,19
Wakkå,mugthol,1050,hunter,survival,27,12,15
Wartoz,dragonblight,1042,hunter,survival,116,63,53
Eithelleta,frostmourne,1039,hunter,survival,116,49,67
Kaelgrog,kiljaeden,1036,hunter,survival,36,14,22
Jathriel,zuljin,1036,hunter,survival,30,11,19
Ganash,gallywix,1031,hunter,survival,36,11,25
Gryffindor,chromaggus,1025,hunter,survival,78,28,50
Thoriden,amanthul,1023,hunter,survival,174,73,101
Wkx,tichondrius,1017,hunter,survival,26,12,14
Mægus,emerald-dream,1015,hunter,survival,28,11,17
Loochlin,sargeras,1014,hunter,survival,33,11,22
Rukkora,deathwing,1003,hunter,survival,126,60,66
Pucky,frostmourne,990,hunter,survival,20,11,9
Lucarcher,stormrage,988,hunter,survival,17,11,6
Thrandrial,smolderthorn,985,hunter,survival,20,11,9
Hordworld,tichondrius,982,hunter,survival,37,12,25
Raylinlinez,bleeding-hollow,976,hunter,survival,35,20,15
Fisthammer,frostmane,974,hunter,survival,54,26,28
Phasm,ravencrest,973,hunter,survival,45,21,24
Hellrayserr,azralon,970,hunter,survival,24,11,13
Tmzsteezy,tichondrius,960,hunter,survival,12,10,2
Virindi,barthilas,960,hunter,survival,12,10,2
Survivalists,kelthuzad,960,hunter,survival,12,10,2
Ergen,zuluhed,960,hunter,survival,18,10,8
Trenbolone,frostmourne,960,hunter,survival,24,10,14
Corpo,area-52,960,hunter,survival,24,10,14
Zipzyo,tichondrius,960,hunter,survival,24,10,14
Magvez,tichondrius,960,hunter,survival,24,10,14
Snipin,ragnaros,960,hunter,survival,30,10,20
Kêdokî,sargeras,959,hunter,survival,12,10,2
Árröw,arygos,959,hunter,survival,18,10,8
Elcap,tichondrius,959,hunter,survival,18,10,8
Rickybobby,warsong,959,hunter,survival,18,10,8
Egurl,firetree,959,hunter,survival,18,10,8
Zizilio,kelthuzad,959,hunter,survival,18,10,8
Beldhur,archimonde,959,hunter,survival,18,10,8
Selenis,khadgar,959,hunter,survival,18,10,8
Narakara,stormreaver,959,hunter,survival,21,11,10
Slomp,bleeding-hollow,959,hunter,survival,24,10,14
Araqíel,aegwynn,959,hunter,survival,24,10,14
Chaps,malygos,959,hunter,survival,30,10,20
Joree,medivh,958,hunter,survival,18,10,8
Gotrap,saurfang,958,hunter,survival,24,10,14
Fanikita,azralon,957,hunter,survival,15,11,4
Deejwithabow,frostmourne,957,hunter,survival,18,10,8
Rockehm,frostmourne,957,hunter,survival,18,10,8
Gytaepung,tichondrius,957,hunter,survival,24,10,14
Daréz,blackrock,956,hunter,survival,16,11,5
Jumpkick,azralon,956,hunter,survival,24,10,14
Pilesofpoop,sargeras,956,hunter,survival,24,10,14
Shamewizard,barthilas,955,hunter,survival,24,10,14
Hakaisurv,azralon,954,hunter,survival,20,12,8
Dfnhdft,stormrage,954,hunter,survival,18,10,8
Mirdous,moon-guard,954,hunter,survival,18,10,8
Vietnrg,doomhammer,954,hunter,survival,24,10,14
Jerza,emerald-dream,953,hunter,survival,18,10,8
Aristæos,kelthuzad,953,hunter,survival,18,10,8
Cameløt,ragnaros,952,hunter,survival,18,10,8
Calÿpsø,quelthalas,943,hunter,survival,14,12,2
Syvarris,medivh,943,hunter,survival,17,10,7
Imraghorn,sargeras,943,hunter,survival,23,10,13
Amarox,zuljin,938,hunter,survival,23,11,12
Gairkill,area-52,927,hunter,survival,104,53,51
Hoto,moon-guard,927,hunter,survival,23,10,13
Sitalces,ragnaros,924,hunter,survival,78,40,38
Gelter,stormrage,924,hunter,survival,23,10,13
Raaph,zuljin,900,hunter,survival,33,11,22
Blaymorrd,senjin,891,hunter,survival,28,15,13
Mórrígán,kelthuzad,889,hunter,survival,36,18,18
Jsquared,sargeras,877,hunter,survival,17,10,7
Jäger,zuljin,864,hunter,survival,12,9,3
Fäkêrøgüê,area-52,864,hunter,survival,12,9,3
Weedzy,tichondrius,864,hunter,survival,12,9,3
Noz,terenas,864,hunter,survival,12,9,3
Yná,azralon,864,hunter,survival,12,9,3
Tigglyjits,tichondrius,864,hunter,survival,12,9,3
Jaywaz,tichondrius,864,hunter,survival,12,9,3
Vitalxd,frostmourne,864,hunter,survival,14,9,5
Newcomb,tichondrius,864,hunter,survival,18,9,9
Alansho,tichondrius,864,hunter,survival,18,9,9
Eain,wyrmrest-accord,864,hunter,survival,18,9,9
Gilv,frostmourne,864,hunter,survival,18,9,9
Desari,thunderhorn,864,hunter,survival,18,9,9
Mooset,sargeras,864,hunter,survival,24,9,15
Zumythriel,stormrage,863,hunter,survival,12,9,3
Serpantsting,moon-guard,863,hunter,survival,18,9,9
Daspx,nagrand,863,hunter,survival,18,9,9
Negligent,sargeras,863,hunter,survival,18,9,9
Riram,stormrage,863,hunter,survival,18,9,9
Landscape,kiljaeden,863,hunter,survival,24,9,15
Tmyogaflame,tichondrius,863,hunter,survival,24,9,15
Playnogames,moon-guard,863,hunter,survival,24,9,15
Keenai,moon-guard,862,hunter,survival,12,9,3
Lasagnadaddy,maiev,862,hunter,survival,18,9,9
Downrange,stonemaul,862,hunter,survival,18,9,9
Vulkru,azralon,862,hunter,survival,18,9,9
Nøzhaha,area-52,861,hunter,survival,18,9,9
Packlead,sargeras,861,hunter,survival,18,9,9
Huntin,kelthuzad,860,hunter,survival,18,9,9
Tempistworg,greymane,859,hunter,survival,142,67,75
Fredericks,stormrage,859,hunter,survival,24,9,15
Blizhunt,thunderlord,859,hunter,survival,24,9,15
Zotahunterx,ragnaros,859,hunter,survival,24,9,15
Bamtokki,tichondrius,857,hunter,survival,24,9,15
Gorilla,thaurissan,856,hunter,survival,24,9,15
Wolfsorgorr,area-52,854,hunter,survival,24,9,15
Prettysure,nesingwary,851,hunter,survival,25,12,13
Lisbboax,stormrage,844,hunter,survival,27,11,16
Shukucingjr,illidan,842,hunter,survival,18,9,9
Mcilreavey,kelthuzad,836,hunter,survival,23,9,14
Defiance,rexxar,831,hunter,survival,16,9,7
Hunfor,anubarak,801,hunter,survival,28,11,17
Gothew,turalyon,798,hunter,survival,11,9,2
Somethinglit,sargeras,798,hunter,survival,20,9,11
Ærês,ysondre,796,hunter,survival,20,9,11
Tetzuo,illidan,782,hunter,survival,22,9,13
Ehz,tichondrius,768,hunter,survival,12,8,4
Iizerd,illidan,768,hunter,survival,12,8,4
Fiftyyddash,tichondrius,768,hunter,survival,12,8,4
Banshers,stormrage,768,hunter,survival,12,8,4
Torolol,tichondrius,768,hunter,survival,12,8,4
Sphericsnow,sargeras,768,hunter,survival,12,8,4
Eldigimon,quelthalas,768,hunter,survival,12,8,4
Gastropod,sargeras,768,hunter,survival,12,8,4
Beastaura,uther,768,hunter,survival,12,8,4
Feov,tichondrius,768,hunter,survival,12,8,4
Volbz,barthilas,768,hunter,survival,12,8,4
Shootypie,hyjal,768,hunter,survival,12,8,4
Gondolin,andorhal,768,hunter,survival,12,8,4
Julixnn,nordrassil,768,hunter,survival,12,8,4
Sheshou,barthilas,768,hunter,survival,12,8,4
Buffmarks,moon-guard,768,hunter,survival,12,8,4
Khels,stormreaver,768,hunter,survival,15,9,6
Fineye,illidan,768,hunter,survival,14,8,6
Michaeljfox,area-52,768,hunter,survival,18,8,10
Goromi,tichondrius,768,hunter,survival,18,8,10
Kimssis,tichondrius,768,hunter,survival,18,8,10
Igotloud,illidan,768,hunter,survival,18,8,10
Drupert,tichondrius,768,hunter,survival,18,8,10
Trellium,area-52,768,hunter,survival,18,8,10
Zerark,kelthuzad,768,hunter,survival,19,8,11
Ezari,zuljin,768,hunter,survival,24,8,16
Ratiø,illidan,767,hunter,survival,12,8,4
Hanabî,jubeithos,767,hunter,survival,12,8,4
Bruzit,tol-barad,767,hunter,survival,18,8,10
Amityyx,kelthuzad,767,hunter,survival,18,8,10
Korasaya,area-52,767,hunter,survival,18,8,10
Brissy,sargeras,767,hunter,survival,18,8,10
Zouzu,area-52,767,hunter,survival,18,8,10
Booshwookie,frostmourne,767,hunter,survival,18,8,10
Trixster,lethon,767,hunter,survival,18,8,10
Rummaker,mugthol,767,hunter,survival,18,8,10
Veluci,tichondrius,767,hunter,survival,18,8,10
Razzldazzlbb,thrall,767,hunter,survival,24,8,16
Soberish,bleeding-hollow,767,hunter,survival,24,8,16
Bowowner,aggramar,767,hunter,survival,30,8,22
Chokemescara,stormrage,767,hunter,survival,30,8,22
Kraslin,bleeding-hollow,766,hunter,survival,12,8,4
Greyh,madoran,766,hunter,survival,12,8,4
Cynya,wyrmrest-accord,766,hunter,survival,18,8,10
Nïblit,sargeras,766,hunter,survival,18,8,10
Lohse,emerald-dream,765,hunter,survival,18,8,10
Heylenny,area-52,765,hunter,survival,22,9,13
Sterge,maiev,764,hunter,survival,18,8,10
Golorn,malganis,764,hunter,survival,24,8,16
Runecbow,eonar,764,hunter,survival,24,8,16
Haumer,wyrmrest-accord,763,hunter,survival,12,8,4
Alfaan,moon-guard,763,hunter,survival,18,8,10
Dgs,nemesis,763,hunter,survival,18,8,10
Querosushi,ragnaros,760,hunter,survival,18,8,10
Dora,kirin-tor,754,hunter,survival,18,8,10
Gaahl,aggramar,735,hunter,survival,14,9,5
Iraxium,illidan,735,hunter,survival,14,9,5
Thesniperx,sargeras,719,hunter,survival,21,8,13
Thrakgor,wyrmrest-accord,713,hunter,survival,23,10,13
Snipes,exodar,703,hunter,survival,17,8,9
Rinehart,dalaran,700,hunter,survival,20,8,12
Cococakez,darkspear,698,hunter,survival,22,8,14
Kanekki,ragnaros,688,hunter,survival,13,8,5
Pfheign,area-52,672,hunter,survival,12,7,5
Equalizér,sargeras,672,hunter,survival,12,7,5
Ozzsimp,stormrage,672,hunter,survival,12,7,5
Oronir,frostmourne,672,hunter,survival,12,7,5
Mattyhuntz,tichondrius,672,hunter,survival,12,7,5
Yoppa,zuljin,672,hunter,survival,12,7,5
Samestishrus,stormrage,672,hunter,survival,12,7,5
Aquafino,chogall,672,hunter,survival,12,7,5
Trapirl,tichondrius,672,hunter,survival,12,7,5
Fannypacks,dragonmaw,672,hunter,survival,12,7,5
Taumelz,sargeras,672,hunter,survival,12,7,5
Vânillaice,stormrage,672,hunter,survival,12,7,5
Dumshot,zuljin,672,hunter,survival,12,7,5
Glediator,tichondrius,672,hunter,survival,12,7,5
Aurelqt,tichondrius,672,hunter,survival,12,7,5
Huntbay,destromath,672,hunter,survival,12,7,5
Endxworld,tichondrius,672,hunter,survival,12,7,5
Conrado,tichondrius,672,hunter,survival,12,7,5
Jamesön,sargeras,672,hunter,survival,12,7,5
Junglefever,skywall,672,hunter,survival,12,7,5
Antø,tichondrius,672,hunter,survival,12,7,5
Eriaenna,wyrmrest-accord,672,hunter,survival,12,7,5
Arraza,ragnaros,672,hunter,survival,12,7,5
Virgim,kelthuzad,672,hunter,survival,12,7,5
Freshko,kiljaeden,672,hunter,survival,18,7,11
Latrampoza,quelthalas,672,hunter,survival,18,7,11
Hironna,proudmoore,672,hunter,survival,18,7,11
Bloodarrow,tichondrius,672,hunter,survival,18,7,11
Porrainga,auchindoun,672,hunter,survival,18,7,11
Esser,mannoroth,672,hunter,survival,18,7,11
Bombbot,zuljin,672,hunter,survival,18,7,11
Aznel,ragnaros,672,hunter,survival,18,7,11
Meowimadog,spinebreaker,672,hunter,survival,18,7,11
Eekbarbadrkl,frostmourne,672,hunter,survival,18,7,11
Amorae,nathrezim,672,hunter,survival,24,7,17
Seeyoulater,azralon,672,hunter,survival,24,7,17
Kowabungy,tichondrius,672,hunter,survival,24,7,17
Genocell,thunderlord,671,hunter,survival,12,7,5
Ziaxel,bleeding-hollow,671,hunter,survival,12,7,5
Pulso,illidan,671,hunter,survival,12,7,5
Pinkmong,thrall,671,hunter,survival,12,7,5
Adonai,stormrage,671,hunter,survival,12,7,5
Suyesh,tichondrius,671,hunter,survival,12,7,5
Zackèse,area-52,671,hunter,survival,18,7,11
Úllr,wyrmrest-accord,671,hunter,survival,18,7,11
Gaezangsu,tichondrius,671,hunter,survival,24,7,17
Killswitches,dragonmaw,670,hunter,survival,12,7,5
Hatespark,bonechewer,667,hunter,survival,12,7,5
Illustrus,bleeding-hollow,639,hunter,survival,11,7,4
Futureblind,sargeras,639,hunter,survival,17,7,10
Catboikilla,altar-of-storms,639,hunter,survival,17,7,10
Rotthem,ragnaros,638,hunter,survival,20,8,12
Yogurtti,zuljin,623,hunter,survival,11,7,4
Trappin,malganis,623,hunter,survival,11,7,4
Böuntyhuntêr,area-52,623,hunter,survival,17,7,10
Lartrius,bleeding-hollow,621,hunter,survival,15,8,7
Hawqeye,zuljin,617,hunter,survival,13,8,5
Primez,sargeras,607,hunter,survival,11,7,4
Odynsraven,stormrage,605,hunter,survival,11,7,4
Limcross,drakkari,592,hunter,survival,13,7,6
Garkia,hyjal,576,hunter,survival,6,6,0
Ðevil,ragnaros,576,hunter,survival,6,6,0
Drees,nerzhul,576,hunter,survival,6,6,0
Jåden,kelthuzad,576,hunter,survival,6,6,0
Niceshooter,azralon,576,hunter,survival,10,7,3
Ivanjackenov,illidan,576,hunter,survival,10,7,3
Fíction,kelthuzad,576,hunter,survival,12,6,6
Guncontrol,malganis,576,hunter,survival,12,6,6
Boltozor,frostmourne,576,hunter,survival,12,6,6
Lefuza,malganis,576,hunter,survival,12,6,6
Camojoe,terokkar,576,hunter,survival,12,6,6
Nijicon,frostmourne,576,hunter,survival,12,6,6
Cherrypye,frostmourne,576,hunter,survival,12,6,6
Thorec,wyrmrest-accord,576,hunter,survival,12,6,6
Amhavgun,tichondrius,576,hunter,survival,12,6,6
Tréèstump,tichondrius,576,hunter,survival,12,6,6
Swagbx,illidan,576,hunter,survival,12,6,6
Glen,moonrunner,576,hunter,survival,12,6,6
Sinrax,stormrage,576,hunter,survival,12,6,6
Wezkerh,ragnaros,576,hunter,survival,12,6,6
Mctrapturds,tichondrius,576,hunter,survival,12,6,6
Walterwhite,trollbane,576,hunter,survival,12,6,6
Pridefulzjr,stormrage,576,hunter,survival,12,6,6
Traponomics,stormrage,576,hunter,survival,12,6,6
Yoske,tichondrius,576,hunter,survival,12,6,6
Tenzën,drakkari,576,hunter,survival,12,6,6
Nedad,tichondrius,576,hunter,survival,12,6,6
Tazsic,mannoroth,576,hunter,survival,12,6,6
Dikqt,quelthalas,576,hunter,survival,17,6,11
Mìtáng,moon-guard,576,hunter,survival,18,6,12
Goonlmao,hyjal,576,hunter,survival,18,6,12
Chetvi,uldum,576,hunter,survival,18,6,12
Beyco,darrowmere,575,hunter,survival,12,6,6
Xeiana,proudmoore,575,hunter,survival,12,6,6
Bherskrograx,burning-legion,575,hunter,survival,12,6,6
Bôwbafett,sargeras,575,hunter,survival,12,6,6
Zepplin,medivh,575,hunter,survival,12,6,6
Forevane,nagrand,575,hunter,survival,12,6,6
Bearbarryls,azralon,575,hunter,survival,18,6,12
Bunsglazing,zuluhed,575,hunter,survival,18,6,12
Vortann,proudmoore,575,hunter,survival,18,6,12
Berzxd,stormrage,573,hunter,survival,12,6,6
Bushytails,illidan,573,hunter,survival,18,6,12
Toopac,blackrock,528,hunter,survival,15,7,8
Ceezrh,sargeras,527,hunter,survival,15,7,8
Dräkö,tichondrius,527,hunter,survival,15,7,8
Kovoth,darkspear,526,hunter,survival,15,6,9
Greyhollow,sargeras,522,hunter,survival,17,8,9
Raeshots,area-52,518,hunter,survival,21,8,13
Tjota,azralon,512,hunter,survival,10,6,4
Veragin,tichondrius,512,hunter,survival,10,6,4
Pxry,drenden,511,hunter,survival,11,6,5
Therealpafo,tichondrius,507,hunter,survival,20,6,14
Destinations,bleeding-hollow,502,hunter,survival,38,6,32
Notzindalari,frostmourne,494,hunter,survival,22,6,16
Itryharder,stormrage,480,hunter,survival,6,5,1
Antoriel,ragnaros,480,hunter,survival,6,5,1
Booffmeister,area-52,480,hunter,survival,6,5,1
Llneval,area-52,480,hunter,survival,6,5,1
Heretotrap,tichondrius,480,hunter,survival,6,5,1
Poorapple,tichondrius,480,hunter,survival,6,5,1
Nearsight,proudmoore,480,hunter,survival,6,5,1
Wonttrapyou,tichondrius,480,hunter,survival,6,5,1
Mtuanwm,tichondrius,480,hunter,survival,6,5,1
Wwangman,tichondrius,480,hunter,survival,6,5,1
Minnsc,tichondrius,480,hunter,survival,6,5,1
Ewife,illidan,480,hunter,survival,6,5,1
Klancy,bleeding-hollow,480,hunter,survival,6,5,1
Narukín,tichondrius,480,hunter,survival,6,5,1
Grimbrew,garona,480,hunter,survival,6,5,1
Jonah,sargeras,480,hunter,survival,6,5,1
Toyshoota,stormrage,480,hunter,survival,9,6,3
Luckione,destromath,480,hunter,survival,12,5,7
Nuza,ragnaros,480,hunter,survival,12,5,7
Bundablasta,frostmourne,480,hunter,survival,12,5,7
Bastÿ,area-52,480,hunter,survival,12,5,7
Thiccita,tichondrius,480,hunter,survival,12,5,7
Alvard,zuljin,480,hunter,survival,12,5,7
Flanzo,illidan,480,hunter,survival,12,5,7
Alaurys,moon-guard,480,hunter,survival,12,5,7
Spookiez,bleeding-hollow,480,hunter,survival,12,5,7
Xoxono,frostmourne,480,hunter,survival,12,5,7
Minxed,sargeras,480,hunter,survival,12,5,7
Giorvannar,ragnaros,480,hunter,survival,12,5,7
Drysst,tichondrius,480,hunter,survival,12,5,7
Microice,nesingwary,480,hunter,survival,12,5,7
Smudge,frostmourne,480,hunter,survival,12,5,7
Draevinz,stormrage,480,hunter,survival,12,5,7
Caliente,tichondrius,480,hunter,survival,15,6,9
Shootnoscore,vashj,480,hunter,survival,15,6,9
Glutamate,burning-blade,480,hunter,survival,18,5,13
Tiztang,darkspear,480,hunter,survival,18,5,13
Tiktok,agamaggan,480,hunter,survival,18,5,13
Lxke,tichondrius,480,hunter,survival,18,5,13
Ytrap,tichondrius,480,hunter,survival,18,5,13
Powerstrokes,sargeras,480,hunter,survival,18,5,13
Belvhar,skullcrusher,479,hunter,survival,12,5,7
Darthski,drenden,479,hunter,survival,12,5,7
Mcgoob,tichondrius,479,hunter,survival,12,5,7
Starian,nerzhul,479,hunter,survival,18,5,13
Calvarîam,korgath,479,hunter,survival,18,5,13
Braindeadly,malganis,478,hunter,survival,12,5,7
Légölás,tichondrius,463,hunter,survival,17,5,12
Crumpit,moon-guard,426,hunter,survival,22,6,16
Onehitrip,illidan,424,hunter,survival,14,6,8
Aiyanafox,moon-guard,422,hunter,survival,25,6,19
Cinnybunz,malganis,415,hunter,survival,16,6,10
Northstrider,barthilas,384,hunter,survival,6,4,2
Promii,barthilas,384,hunter,survival,6,4,2
Petstun,moon-guard,384,hunter,survival,6,4,2
Kapukapu,illidan,384,hunter,survival,6,4,2
Kynadri,moon-guard,384,hunter,survival,6,4,2
Failtrap,ragnaros,384,hunter,survival,6,4,2
Thalyxion,moon-guard,384,hunter,survival,6,4,2
Malkuri,medivh,384,hunter,survival,6,4,2
Pwn,korgath,384,hunter,survival,6,4,2
Kargathx,ragnaros,384,hunter,survival,6,4,2
Ofthedeath,ragnaros,384,hunter,survival,6,4,2
Swagprince,skullcrusher,384,hunter,survival,6,4,2
Nalili,barthilas,384,hunter,survival,6,4,2
Cazadak,ragnaros,384,hunter,survival,6,4,2
Litchi,illidan,384,hunter,survival,6,4,2
Booshed,illidan,384,hunter,survival,6,4,2
Jasth,thrall,384,hunter,survival,6,4,2
Ososi,thrall,384,hunter,survival,6,4,2
Siëgward,quelthalas,384,hunter,survival,6,4,2
Boomseed,nagrand,384,hunter,survival,6,4,2
Hunterlolxd,altar-of-storms,384,hunter,survival,6,4,2
Zeddead,magtheridon,384,hunter,survival,6,4,2
Wilmaßallfit,malganis,384,hunter,survival,6,4,2
Chasseür,quelthalas,384,hunter,survival,6,4,2
Trashleigh,kiljaeden,384,hunter,survival,6,4,2
Segfault,korgath,384,hunter,survival,6,4,2
Pouncedgg,sargeras,384,hunter,survival,6,4,2
Ikitefordmt,zuljin,384,hunter,survival,6,4,2
Thefanbus,tichondrius,384,hunter,survival,6,4,2
Ssobit,tichondrius,384,hunter,survival,6,4,2
Getsnipdnerd,wyrmrest-accord,384,hunter,survival,6,4,2
Rankonee,area-52,384,hunter,survival,6,4,2
Bendoon,sargeras,384,hunter,survival,6,4,2
Pumpkinovo,tichondrius,384,hunter,survival,6,4,2
Shøøter,bonechewer,384,hunter,survival,6,4,2
Underrtakerr,shattered-hand,384,hunter,survival,6,4,2
Ehhee,twisting-nether,384,hunter,survival,6,4,2
Xbee,shattered-halls,384,hunter,survival,6,4,2
Bee,shattered-halls,384,hunter,survival,6,4,2
Clownshow,zuljin,384,hunter,survival,6,4,2
Surprisemfkr,emerald-dream,384,hunter,survival,6,4,2
Wapnonymous,mugthol,384,hunter,survival,6,4,2
Ethxx,emerald-dream,384,hunter,survival,6,4,2
Ethannatty,sargeras,384,hunter,survival,6,4,2
Ceresar,moon-guard,384,hunter,survival,6,4,2
Plastera,zuljin,384,hunter,survival,6,4,2
Scrubmastery,emerald-dream,384,hunter,survival,6,4,2
Gaymonbarnet,sargeras,384,hunter,survival,6,4,2
Nastoid,area-52,384,hunter,survival,6,4,2
Bigpets,azralon,384,hunter,survival,6,4,2
Ricosuave,sargeras,384,hunter,survival,6,4,2
Vinaric,kiljaeden,384,hunter,survival,7,4,3
Hyena,kelthuzad,384,hunter,survival,9,5,4
Blackjesu,blackrock,384,hunter,survival,12,4,8
Frogzy,area-52,384,hunter,survival,12,4,8
Troglav,drakkari,384,hunter,survival,12,4,8
Oatmeallover,stormrage,384,hunter,survival,12,4,8
Quickfyre,stormrage,384,hunter,survival,12,4,8
Wolfsok,norgannon,384,hunter,survival,12,4,8
Fâpple,stormrage,384,hunter,survival,12,4,8
Àngèl,malganis,384,hunter,survival,12,4,8
Keenz,frostmourne,384,hunter,survival,12,4,8
Zurzas,tichondrius,384,hunter,survival,12,4,8
Ôg,dalaran,384,hunter,survival,12,4,8
Biscuitbread,azuremyst,384,hunter,survival,12,4,8
Camfeed,illidan,384,hunter,survival,12,4,8
Innerhunt,aegwynn,384,hunter,survival,14,4,10
Teddiursa,elune,384,hunter,survival,18,4,14
Cakeislife,kelthuzad,384,hunter,survival,18,4,14
Silverdust,baelgun,383,hunter,survival,6,4,2
Aludren,quelthalas,383,hunter,survival,12,4,8
Splewsh,area-52,383,hunter,survival,12,4,8
Ojitoslindos,quelthalas,383,hunter,survival,18,4,14
Tydee,nagrand,383,hunter,survival,18,4,14
Survivor,dentarg,382,hunter,survival,6,4,2
Fearlesarrow,suramar,382,hunter,survival,18,4,14
Lawafla,area-52,371,hunter,survival,19,8,11
Rhaygon,arthas,367,hunter,survival,11,4,7
Partytrap,burning-blade,352,hunter,survival,10,4,6
Bâïr,frostmourne,351,hunter,survival,8,5,3
Lilqueezy,area-52,330,hunter,survival,11,5,6
Soggun,quelthalas,319,hunter,survival,5,4,1
Adamariss,stormrage,319,hunter,survival,16,4,12
Tayeal,thrall,318,hunter,survival,8,4,4
Skolfongoun,malfurion,318,hunter,survival,14,4,10
Illshot,tichondrius,304,hunter,survival,13,4,9
Circada,illidan,288,hunter,survival,6,3,3
Rustyspork,muradin,288,hunter,survival,6,3,3
Hohohohahah,gallywix,288,hunter,survival,6,3,3
Bjohnsht,bleeding-hollow,288,hunter,survival,6,3,3
Imisstraplol,tichondrius,288,hunter,survival,6,3,3
Petkd,frostmourne,288,hunter,survival,6,3,3
Limix,dathremar,288,hunter,survival,6,3,3
Samsin,sargeras,288,hunter,survival,6,3,3
Trapmasterx,tichondrius,288,hunter,survival,6,3,3
Dirtymongrel,barthilas,288,hunter,survival,6,3,3
Goodtimez,sargeras,288,hunter,survival,6,3,3
Slowdamage,ragnaros,288,hunter,survival,6,3,3
Ünitedi,nemesis,288,hunter,survival,6,3,3
July,drenden,288,hunter,survival,6,3,3
Damicle,earthen-ring,288,hunter,survival,6,3,3
Plumbuss,tichondrius,288,hunter,survival,6,3,3
Cantantie,tichondrius,288,hunter,survival,6,3,3
Hackerman,tichondrius,288,hunter,survival,6,3,3
Notidealx,kelthuzad,288,hunter,survival,6,3,3
Zà,sargeras,288,hunter,survival,6,3,3
Drivebymac,tichondrius,288,hunter,survival,6,3,3
Vilis,magtheridon,288,hunter,survival,6,3,3
Soul,sargeras,288,hunter,survival,6,3,3
Epochal,illidan,288,hunter,survival,6,3,3
Elvayti,stormrage,288,hunter,survival,6,3,3
Dortraz,turalyon,288,hunter,survival,6,3,3
Lowlore,moon-guard,288,hunter,survival,6,3,3
Nitroguy,moknathal,288,hunter,survival,6,3,3
Humpher,skullcrusher,288,hunter,survival,6,3,3
Fajitas,ursin,288,hunter,survival,6,3,3
Marbsx,bleeding-hollow,288,hunter,survival,6,3,3
Hazzersk,ragnaros,288,hunter,survival,6,3,3
Happyvelic,tichondrius,288,hunter,survival,6,3,3
Duune,wyrmrest-accord,288,hunter,survival,6,3,3
Loogan,sargeras,288,hunter,survival,6,3,3
Spårrow,alleria,288,hunter,survival,6,3,3
Whitemàne,dalaran,288,hunter,survival,6,3,3
Debeast,grizzly-hills,288,hunter,survival,6,3,3
Vaz,haomarush,288,hunter,survival,6,3,3
Hunterpk,lightbringer,288,hunter,survival,6,3,3
Makeastinky,malfurion,288,hunter,survival,6,3,3
Slowhunterr,tichondrius,288,hunter,survival,6,3,3
Trailed,dalaran,288,hunter,survival,6,3,3
Moroallytwo,sargeras,288,hunter,survival,6,3,3
Mistrj,frostmourne,288,hunter,survival,6,3,3
Ajo,malganis,288,hunter,survival,6,3,3
Goldz,twisting-nether,288,hunter,survival,6,3,3
Suetyic,tichondrius,288,hunter,survival,6,3,3
Fearna,destromath,288,hunter,survival,6,3,3
Trinhhunter,thrall,288,hunter,survival,6,3,3
Reic,kiljaeden,288,hunter,survival,6,3,3
Lemmetrap,illidan,288,hunter,survival,6,3,3
Hendlie,frostmourne,288,hunter,survival,6,3,3
Fjdominador,azralon,288,hunter,survival,6,3,3
Seiber,quelthalas,288,hunter,survival,6,3,3
Shootdogg,mannoroth,288,hunter,survival,6,3,3
Tyrannar,proudmoore,288,hunter,survival,6,3,3
Leyliann,quelthalas,288,hunter,survival,6,3,3
Irate,thunderlord,288,hunter,survival,6,3,3
Elmozz,thrall,288,hunter,survival,6,3,3
Pistolon,quelthalas,288,hunter,survival,6,3,3
Griefs,malganis,288,hunter,survival,6,3,3
Pewpewboi,malganis,288,hunter,survival,6,3,3
Brokenmyarm,quelthalas,288,hunter,survival,6,3,3
Badseedz,kargath,288,hunter,survival,6,3,3
Vicluvv,stormrage,288,hunter,survival,6,3,3
Wooftoof,frostmourne,288,hunter,survival,6,3,3
Mooguapo,kiljaeden,288,hunter,survival,6,3,3
Jackh,tichondrius,288,hunter,survival,6,3,3
Furipoon,stormrage,288,hunter,survival,6,3,3
Pvx,darkspear,288,hunter,survival,6,3,3
Dathunterr,azralon,288,hunter,survival,6,3,3
Vladik,stormrage,288,hunter,survival,6,3,3
Ripsnàrl,frostmourne,288,hunter,survival,6,3,3
Bakalan,dalaran,288,hunter,survival,16,4,12
Ezpzx,sargeras,288,hunter,survival,12,3,9
Spekgäwd,emerald-dream,288,hunter,survival,12,3,9
Wildhùnt,tichondrius,288,hunter,survival,12,3,9
Moondine,darkspear,288,hunter,survival,12,3,9
Koukin,kiljaeden,288,hunter,survival,12,3,9
Hawkéns,moon-guard,288,hunter,survival,12,3,9
Shiros,ragnaros,288,hunter,survival,12,3,9
Gutshott,tichondrius,288,hunter,survival,12,3,9
Evolv,crushridge,288,hunter,survival,12,3,9
Youlooknice,wyrmrest-accord,288,hunter,survival,12,3,9
Kharñe,tichondrius,288,hunter,survival,12,3,9
Hulading,proudmoore,288,hunter,survival,12,3,9
Pooshot,kelthuzad,288,hunter,survival,12,3,9
Kalibah,azralon,288,hunter,survival,12,3,9
Krispyflayz,sargeras,288,hunter,survival,12,3,9
Wakõz,arthas,288,hunter,survival,12,3,9
Weegnomie,wyrmrest-accord,288,hunter,survival,12,3,9
Raythør,area-52,288,hunter,survival,18,3,15
Nesinwary,ysera,288,hunter,survival,20,3,17
Sratenuz,stormrage,287,hunter,survival,6,3,3
Daddyissues,aerie-peak,287,hunter,survival,12,3,9
Mokaonly,wildhammer,256,hunter,survival,8,4,4
Kemper,dragonmaw,255,hunter,survival,8,4,4
Rainwind,tichondrius,239,hunter,survival,5,3,2
Gorruk,malganis,239,hunter,survival,5,3,2
Frostwulff,tichondrius,239,hunter,survival,5,3,2
Crèpes,bleeding-hollow,239,hunter,survival,5,3,2
Longthong,barthilas,239,hunter,survival,5,3,2
Lazypossum,thrall,234,hunter,survival,7,4,3
Harosh,azralon,234,hunter,survival,16,4,12
Moscato,cenarion-circle,232,hunter,survival,14,4,10
Inume,ragnaros,224,hunter,survival,10,3,7
Cumman,sargeras,208,hunter,survival,7,3,4
Rifomen,illidan,192,hunter,survival,9,3,6
Lenyuecf,proudmoore,192,hunter,survival,6,2,4
Ðrift,wyrmrest-accord,192,hunter,survival,6,2,4
Ipickmynose,tichondrius,192,hunter,survival,6,2,4
Zumago,tichondrius,192,hunter,survival,6,2,4
Silhfire,ragnaros,192,hunter,survival,6,2,4
Selun,ragnaros,192,hunter,survival,6,2,4
Urtitaz,shadowmoon,192,hunter,survival,6,2,4
Nelandris,tichondrius,192,hunter,survival,6,2,4
Trígger,azshara,192,hunter,survival,6,2,4
Traplife,stormrage,192,hunter,survival,6,2,4
Nesoo,destromath,192,hunter,survival,6,2,4
Lyqt,illidan,192,hunter,survival,6,2,4
Harposmash,trollbane,192,hunter,survival,6,2,4
Breakthëm,bonechewer,192,hunter,survival,6,2,4
Bboo,bonechewer,192,hunter,survival,6,2,4
Gugucachorro,azralon,192,hunter,survival,6,2,4
Ehdz,moon-guard,192,hunter,survival,6,2,4
Rainzs,stormrage,192,hunter,survival,6,2,4
Comebacks,ragnaros,192,hunter,survival,6,2,4
Femboyfatale,stormrage,192,hunter,survival,6,2,4
Gomrog,gurubashi,192,hunter,survival,6,2,4
Kravern,ragnaros,192,hunter,survival,6,2,4
Gorthmog,daggerspine,192,hunter,survival,6,2,4
Viio,sargeras,192,hunter,survival,6,2,4
Myladyy,zuljin,192,hunter,survival,6,2,4
Mukbangbj,terenas,192,hunter,survival,6,2,4
Dobuu,tichondrius,192,hunter,survival,6,2,4
ßn,zuljin,192,hunter,survival,6,2,4
Toruhagakure,tichondrius,192,hunter,survival,6,2,4
Sharpster,zuljin,192,hunter,survival,6,2,4
Mussky,wyrmrest-accord,192,hunter,survival,6,2,4
Diisdik,tichondrius,192,hunter,survival,6,2,4
Araghrn,draktharon,192,hunter,survival,6,2,4
Jellyleg,bleeding-hollow,192,hunter,survival,6,2,4
Théw,tichondrius,192,hunter,survival,6,2,4
Woobinman,tichondrius,192,hunter,survival,6,2,4
Meolli,sargeras,192,hunter,survival,6,2,4
Pint,madoran,192,hunter,survival,6,2,4
Côckblocked,tichondrius,192,hunter,survival,6,2,4
Zèd,azralon,192,hunter,survival,6,2,4
Marwessa,blades-edge,192,hunter,survival,6,2,4
Nahzah,stormrage,192,hunter,survival,6,2,4
Durko,frostmourne,192,hunter,survival,6,2,4
Gaea,korgath,192,hunter,survival,6,2,4
Shaftgravy,area-52,192,hunter,survival,6,2,4
Finol,azralon,192,hunter,survival,6,2,4
Quiveringboy,chogall,192,hunter,survival,6,2,4
Zirstorm,altar-of-storms,192,hunter,survival,6,2,4
Sebastian,blackhand,192,hunter,survival,6,2,4
Gobygobbs,magtheridon,192,hunter,survival,6,2,4
Baehydra,frostmourne,192,hunter,survival,6,2,4
Slipox,sargeras,192,hunter,survival,6,2,4
Miracertaa,azralon,192,hunter,survival,6,2,4
Qua,perenolde,192,hunter,survival,6,2,4
Kharvaash,onyxia,192,hunter,survival,6,2,4
Sunchea,arygos,192,hunter,survival,6,2,4
Giovasper,sargeras,192,hunter,survival,6,2,4
Rimbar,ysera,192,hunter,survival,6,2,4
Traptations,sargeras,192,hunter,survival,6,2,4
Cuckw,nemesis,192,hunter,survival,6,2,4
Heãdhunter,area-52,192,hunter,survival,6,2,4
Gaim,dalaran,192,hunter,survival,6,2,4
Zellor,wyrmrest-accord,192,hunter,survival,6,2,4
Afrog,dalaran,192,hunter,survival,6,2,4
Thazen,sargeras,192,hunter,survival,6,2,4
Cio,fizzcrank,192,hunter,survival,6,2,4
Eclipsie,aerie-peak,192,hunter,survival,6,2,4
Shïndow,ragnaros,192,hunter,survival,6,2,4
Cae,hellscream,192,hunter,survival,6,2,4
Dikkins,windrunner,192,hunter,survival,6,2,4
Kylez,area-52,192,hunter,survival,6,2,4
Pubelip,echo-isles,192,hunter,survival,6,2,4
Mustymuffler,malganis,192,hunter,survival,6,2,4
Moogoogaipan,icecrown,192,hunter,survival,6,2,4
Gswag,malganis,192,hunter,survival,6,2,4
Zas,lightnings-blade,192,hunter,survival,6,2,4
Tink,kelthuzad,192,hunter,survival,6,2,4
Achilles,twisting-nether,192,hunter,survival,6,2,4
Ishotmydog,malganis,192,hunter,survival,6,2,4
Nutellacrepe,kelthuzad,192,hunter,survival,6,2,4
Pedropete,frostmourne,192,hunter,survival,6,2,4
Cernos,malganis,192,hunter,survival,6,2,4
Spizsnipes,malganis,192,hunter,survival,6,2,4
Machunt,lightbringer,192,hunter,survival,6,2,4
Rämbow,frostmourne,192,hunter,survival,6,2,4
Linova,stormrage,192,hunter,survival,12,2,10
Shadewalker,earthen-ring,192,hunter,survival,12,2,10
Zbg,jubeithos,192,hunter,survival,12,2,10
Madlit,malganis,192,hunter,survival,12,2,10
Yukisong,bleeding-hollow,192,hunter,survival,12,2,10
Skrìms,tichondrius,192,hunter,survival,12,2,10
Elroyjetson,arthas,192,hunter,survival,12,2,10
Ulrulk,tichondrius,192,hunter,survival,12,2,10
Zhona,moon-guard,192,hunter,survival,12,2,10
Nwah,stormrage,159,hunter,survival,5,2,3
Shneedle,illidan,159,hunter,survival,5,2,3
Twom,area-52,138,hunter,survival,8,3,5
Ohnahra,kiljaeden,138,hunter,survival,9,3,6
Xradû,dawnbringer,138,hunter,survival,9,3,6
Slaughterr,kelthuzad,138,hunter,survival,10,3,7
Morganson,moon-guard,138,hunter,survival,22,4,18
Bránn,quelthalas,128,hunter,survival,4,2,2
Ryukuzen,tichondrius,128,hunter,survival,4,2,2
Coçador,stormrage,128,hunter,survival,4,2,2
Fenrock,cenarius,96,hunter,survival,3,2,1
Survbot,malganis,96,hunter,survival,6,1,5
Legosshi,darrowmere,96,hunter,survival,6,1,5
Shazraa,kelthuzad,96,hunter,survival,6,1,5
Killerxzxz,stormrage,96,hunter,survival,6,1,5
Critz,undermine,96,hunter,survival,6,1,5
Feorbxl,proudmoore,96,hunter,survival,6,1,5
Elaiaa,quelthalas,96,hunter,survival,6,1,5
Roboputa,quelthalas,96,hunter,survival,6,1,5
Garbogaloo,malganis,96,hunter,survival,6,1,5
Berkhof,tichondrius,96,hunter,survival,6,1,5
Terrabytés,kelthuzad,96,hunter,survival,6,1,5
Lance,darrowmere,96,hunter,survival,6,1,5
Explodez,illidan,96,hunter,survival,6,1,5
Thalduhr,zuljin,96,hunter,survival,6,1,5
Ocxhunter,nemesis,96,hunter,survival,6,1,5
Symz,ragnaros,96,hunter,survival,6,1,5
Nevertraps,tichondrius,96,hunter,survival,6,1,5
Joexotiq,stormrage,96,hunter,survival,6,1,5
Kcool,area-52,96,hunter,survival,6,1,5
Jîlt,aerie-peak,96,hunter,survival,6,1,5
Shottz,aerie-peak,96,hunter,survival,6,1,5
Agrahunter,barthilas,96,hunter,survival,6,1,5
Adramaleech,dalaran,96,hunter,survival,6,1,5
Shuweet,moon-guard,96,hunter,survival,6,1,5
Skybourne,nemesis,96,hunter,survival,6,1,5
Darksakix,dalaran,96,hunter,survival,6,1,5
Chosenjuan,nordrassil,96,hunter,survival,6,1,5
Alsol,drakkari,96,hunter,survival,6,1,5
Daveycrocket,kiljaeden,96,hunter,survival,6,1,5
Floorislava,durotan,96,hunter,survival,6,1,5
Wongy,tichondrius,96,hunter,survival,6,1,5
Alorick,ragnaros,96,hunter,survival,6,1,5
Staladìs,coilfang,96,hunter,survival,6,1,5
Elpidere,tichondrius,96,hunter,survival,6,1,5
Hûntrèsszero,moon-guard,96,hunter,survival,6,1,5
Lammy,bleeding-hollow,96,hunter,survival,6,1,5
Tazul,malganis,96,hunter,survival,6,1,5
Madbéê,tichondrius,96,hunter,survival,6,1,5
Saewyne,illidan,96,hunter,survival,6,1,5
Kdik,azralon,96,hunter,survival,6,1,5
Marcelor,azralon,96,hunter,survival,6,1,5
Veebee,emerald-dream,96,hunter,survival,6,1,5
Sobala,azralon,96,hunter,survival,6,1,5
Moktarg,archimonde,96,hunter,survival,6,1,5
Dusle,azralon,96,hunter,survival,6,1,5
Mybest,stormrage,96,hunter,survival,6,1,5
Shagward,stormrage,96,hunter,survival,6,1,5
Taofang,emerald-dream,96,hunter,survival,6,1,5
Kölhberg,azralon,96,hunter,survival,6,1,5
Purpmang,bleeding-hollow,96,hunter,survival,12,1,11
Morghalar,barthilas,96,hunter,survival,12,1,11
Montakka,illidan,79,hunter,survival,5,1,4
Bscs,tichondrius,64,hunter,survival,4,1,3
Vortex,arthas,63,hunter,survival,2,2,0
Vaniky,emerald-dream,48,hunter,survival,3,1,2
Ocelotv,stormrage,42,hunter,survival,9,2,7
Äzrael,elune,41,hunter,survival,6,2,4
Longshánks,stormrage,16,hunter,survival,1,1,0
Hurrican,kaelthas,16,hunter,survival,1,1,0
Sniperfx,lightbringer,16,hunter,survival,1,1,0
Saiiph,bleeding-hollow,2274,hunter,beastmastery,136,76,60
Sphericsnow,shuhalo,2210,hunter,beastmastery,95,51,44
Antø,tichondrius,2209,hunter,beastmastery,285,147,138
Studiosx,tichondrius,2186,hunter,beastmastery,124,65,59
Pãrzival,tichondrius,2184,hunter,beastmastery,84,46,38
Ucl,tichondrius,2175,hunter,beastmastery,120,62,58
Wmsgs,tichondrius,2150,hunter,beastmastery,153,77,76
Missedmytrap,agamaggan,2149,hunter,beastmastery,80,46,34
Zujo,emerald-dream,2135,hunter,beastmastery,179,92,87
Øverdose,ragnaros,2127,hunter,beastmastery,125,64,61
Hazzersk,ragnaros,2121,hunter,beastmastery,245,124,121
Traptations,sargeras,2114,hunter,beastmastery,90,43,47
Warpath,ursin,2113,hunter,beastmastery,150,82,68
Fish,darkspear,2112,hunter,beastmastery,102,51,51
Graar,tichondrius,2107,hunter,beastmastery,95,48,47
Outz,anvilmar,2099,hunter,beastmastery,531,270,261
Eref,sargeras,2080,hunter,beastmastery,84,44,40
Maiyev,quelthalas,2074,hunter,beastmastery,95,52,43
Veevx,proudmoore,2059,hunter,beastmastery,125,80,45
Hfn,stormrage,2058,hunter,beastmastery,70,37,33
Pikabow,tichondrius,2052,hunter,beastmastery,123,59,64
Axlee,tichondrius,2046,hunter,beastmastery,422,212,210
Sarutobi,black-dragonflight,2046,hunter,beastmastery,234,114,120
Manyu,tichondrius,2035,hunter,beastmastery,69,34,35
Sphericsnow,sargeras,2034,hunter,beastmastery,122,58,64
Tânsøxøxø,tichondrius,2032,hunter,beastmastery,78,37,41
Cannondale,tichondrius,2028,hunter,beastmastery,48,25,23
Orber,stormrage,2026,hunter,beastmastery,302,159,143
Squawkers,sargeras,2011,hunter,beastmastery,65,40,25
Fishxxo,frostmourne,2009,hunter,beastmastery,78,37,41
Fatalshots,bonechewer,2004,hunter,beastmastery,78,43,35
Reachme,moon-guard,1995,hunter,beastmastery,78,38,40
Wodhunterxdd,sargeras,1984,hunter,beastmastery,76,38,38
Éshen,illidan,1981,hunter,beastmastery,84,45,39
Twopumphunt,tichondrius,1972,hunter,beastmastery,48,30,18
Zeddead,magtheridon,1971,hunter,beastmastery,304,156,148
Pokìmane,tichondrius,1964,hunter,beastmastery,272,143,129
Aimbotmir,zuljin,1960,hunter,beastmastery,60,30,30
Flub,shadow-council,1960,hunter,beastmastery,47,21,26
Edarkness,gurubashi,1952,hunter,beastmastery,295,150,145
Flitt,zuljin,1952,hunter,beastmastery,54,26,28
Auwstin,tichondrius,1949,hunter,beastmastery,67,38,29
Beastmunster,frostmourne,1949,hunter,beastmastery,102,48,54
Sxra,area-52,1948,hunter,beastmastery,94,53,41
Jalinhabbei,azralon,1947,hunter,beastmastery,51,27,24
Genom,tichondrius,1944,hunter,beastmastery,525,263,262
Rëxx,moon-guard,1933,hunter,beastmastery,139,83,56
Monffbe,tichondrius,1931,hunter,beastmastery,90,41,49
Arcobaleno,tichondrius,1926,hunter,beastmastery,131,64,67
Nishinos,tichondrius,1925,hunter,beastmastery,221,113,108
Illweedx,kiljaeden,1923,hunter,beastmastery,308,156,152
Songhammer,tichondrius,1922,hunter,beastmastery,130,75,55
Ashenga,cairne,1922,hunter,beastmastery,356,185,171
Trapandclap,tichondrius,1922,hunter,beastmastery,155,74,81
Audeline,tichondrius,1921,hunter,beastmastery,93,48,45
Vëëv,proudmoore,1920,hunter,beastmastery,142,72,70
Notvn,illidan,1919,hunter,beastmastery,95,47,48
Lenacraft,frostmourne,1917,hunter,beastmastery,66,41,25
Lenalena,tichondrius,1917,hunter,beastmastery,161,88,73
Graartwo,tichondrius,1910,hunter,beastmastery,38,20,18
Zugbrained,illidan,1910,hunter,beastmastery,274,143,131
Karumä,thrall,1909,hunter,beastmastery,84,41,43
Benay,emerald-dream,1904,hunter,beastmastery,84,49,35
Trappxy,sargeras,1903,hunter,beastmastery,270,136,134
Huntmon,nemesis,1899,hunter,beastmastery,101,46,55
Trapful,illidan,1897,hunter,beastmastery,130,62,68
Bustyredhead,kelthuzad,1896,hunter,beastmastery,221,109,112
Kytan,shadowmoon,1895,hunter,beastmastery,261,132,129
Wrâge,senjin,1894,hunter,beastmastery,96,48,48
Hogx,sargeras,1890,hunter,beastmastery,78,34,44
Nyxus,tichondrius,1887,hunter,beastmastery,125,63,62
Mørodox,sargeras,1887,hunter,beastmastery,60,27,33
Lamerpvp,tichondrius,1885,hunter,beastmastery,50,31,19
Sobewan,staghelm,1881,hunter,beastmastery,115,56,59
Dualp,tichondrius,1879,hunter,beastmastery,48,28,20
Faniquitinha,stormrage,1878,hunter,beastmastery,60,28,32
Carlitocool,tichondrius,1877,hunter,beastmastery,36,28,8
Mugiwara,frostwolf,1877,hunter,beastmastery,42,25,17
Cashisabeast,zuljin,1876,hunter,beastmastery,85,44,41
Zøro,malganis,1876,hunter,beastmastery,72,36,36
Diegoshotz,zuljin,1874,hunter,beastmastery,100,45,55
Argryta,azralon,1872,hunter,beastmastery,47,22,25
Latrampoza,quelthalas,1871,hunter,beastmastery,30,20,10
Deathtomyfoe,sargeras,1870,hunter,beastmastery,66,31,35
Tánsøxøxø,tichondrius,1868,hunter,beastmastery,48,25,23
Lilstinstin,tichondrius,1867,hunter,beastmastery,42,23,19
Dekestei,bleeding-hollow,1867,hunter,beastmastery,65,27,38
Junglefever,skywall,1866,hunter,beastmastery,70,36,34
Happyvelic,tichondrius,1863,hunter,beastmastery,89,44,45
Añto,tichondrius,1861,hunter,beastmastery,49,26,23
Taxest,illidan,1860,hunter,beastmastery,53,26,27
Hogd,sargeras,1859,hunter,beastmastery,60,29,31
Thebush,dragonmaw,1858,hunter,beastmastery,138,83,55
Perawantua,frostmourne,1857,hunter,beastmastery,190,94,96
Wickyz,malganis,1854,hunter,beastmastery,48,27,21
Urukah,gallywix,1853,hunter,beastmastery,58,29,29
Ñotorious,frostmane,1852,hunter,beastmastery,53,27,26
Dayquillx,illidan,1852,hunter,beastmastery,84,37,47
Nerfthepet,blackrock,1851,hunter,beastmastery,105,62,43
Yucca,drenden,1851,hunter,beastmastery,48,25,23
Koridelse,nemesis,1851,hunter,beastmastery,144,71,73
Logjohn,frostmourne,1851,hunter,beastmastery,46,22,24
Køk,agamaggan,1850,hunter,beastmastery,47,20,27
Perffect,sargeras,1850,hunter,beastmastery,69,29,40
Ecl,azralon,1849,hunter,beastmastery,110,66,44
Nollzey,frostmourne,1847,hunter,beastmastery,51,25,26
Bolanite,illidan,1846,hunter,beastmastery,48,27,21
Arsk,ragnaros,1846,hunter,beastmastery,184,91,93
Jokerlord,illidan,1845,hunter,beastmastery,30,20,10
Nalasdottirh,moon-guard,1845,hunter,beastmastery,84,51,33
Inktray,durotan,1844,hunter,beastmastery,37,22,15
Wilmaßallfit,malganis,1844,hunter,beastmastery,71,31,40
Ðeatheater,tichondrius,1843,hunter,beastmastery,41,21,20
Taterballs,illidan,1843,hunter,beastmastery,114,57,57
Soccratees,shattered-hand,1842,hunter,beastmastery,59,36,23
Sinvat,tichondrius,1842,hunter,beastmastery,42,25,17
Cocoapuffs,cenarius,1842,hunter,beastmastery,54,27,27
Blackathena,tichondrius,1842,hunter,beastmastery,180,89,91
Ðfac,moon-guard,1840,hunter,beastmastery,126,67,59
Brendenhunt,area-52,1839,hunter,beastmastery,41,25,16
Soulr,tichondrius,1838,hunter,beastmastery,82,46,36
Xionos,wyrmrest-accord,1836,hunter,beastmastery,236,127,109
Massacration,area-52,1836,hunter,beastmastery,69,34,35
Aqq,moon-guard,1835,hunter,beastmastery,116,67,49
Bowrockobama,illidan,1835,hunter,beastmastery,93,49,44
Ârtæmïs,stormrage,1835,hunter,beastmastery,48,24,24
Fxsb,tichondrius,1835,hunter,beastmastery,356,177,179
Gennaro,ragnaros,1835,hunter,beastmastery,42,20,22
Wolfzburg,moon-guard,1834,hunter,beastmastery,54,24,30
Headshotzplz,tichondrius,1833,hunter,beastmastery,89,45,44
Kenshaunter,azralon,1833,hunter,beastmastery,80,34,46
Cumman,sargeras,1832,hunter,beastmastery,60,33,27
Waneallahx,tichondrius,1832,hunter,beastmastery,66,36,30
Alaurys,moon-guard,1831,hunter,beastmastery,55,29,26
Lilprimary,tichondrius,1831,hunter,beastmastery,101,49,52
Smokabombom,eredar,1830,hunter,beastmastery,72,55,17
Kyló,sargeras,1830,hunter,beastmastery,157,77,80
Dju,stormrage,1828,hunter,beastmastery,95,51,44
Illsugoi,frostwolf,1828,hunter,beastmastery,244,127,117
Genug,tichondrius,1828,hunter,beastmastery,72,36,36
Oromia,proudmoore,1828,hunter,beastmastery,60,29,31
Vox,tichondrius,1827,hunter,beastmastery,46,30,16
Tyleraq,area-52,1827,hunter,beastmastery,41,24,17
Conjor,zuljin,1827,hunter,beastmastery,86,44,42
Ciany,elune,1826,hunter,beastmastery,125,66,59
Negãn,tichondrius,1826,hunter,beastmastery,80,41,39
Seljzs,zuljin,1825,hunter,beastmastery,56,36,20
Flanzo,illidan,1825,hunter,beastmastery,59,32,27
Sniperælite,korgath,1824,hunter,beastmastery,55,32,23
Madbéê,tichondrius,1824,hunter,beastmastery,47,24,23
Petmanx,tichondrius,1823,hunter,beastmastery,289,154,135
Asynic,blades-edge,1823,hunter,beastmastery,137,73,64
Killaseason,akama,1823,hunter,beastmastery,84,39,45
Kok,azjolnerub,1823,hunter,beastmastery,66,29,37
Trap,demon-soul,1822,hunter,beastmastery,54,28,26
Zefbaby,quelthalas,1822,hunter,beastmastery,66,31,35
Warcher,azralon,1820,hunter,beastmastery,72,37,35
Tyreu,tichondrius,1820,hunter,beastmastery,59,30,29
Grimrokk,malganis,1819,hunter,beastmastery,78,40,38
Phayzd,sargeras,1818,hunter,beastmastery,66,34,32
Scuffedshots,tichondrius,1817,hunter,beastmastery,74,43,31
Doves,wyrmrest-accord,1817,hunter,beastmastery,58,31,27
Hollymarie,nazjatar,1816,hunter,beastmastery,60,36,24
Ellzuk,tichondrius,1816,hunter,beastmastery,78,45,33
Telånnas,illidan,1816,hunter,beastmastery,60,34,26
Jawnhunter,tichondrius,1816,hunter,beastmastery,48,23,25
Çute,moon-guard,1815,hunter,beastmastery,60,39,21
Harag,bleeding-hollow,1815,hunter,beastmastery,111,56,55
Chrisp,bloodhoof,1815,hunter,beastmastery,66,32,34
Hyjax,darkspear,1814,hunter,beastmastery,73,42,31
Quietqt,ragnaros,1814,hunter,beastmastery,123,64,59
Goonsh,tichondrius,1813,hunter,beastmastery,40,25,15
Asukaw,barthilas,1813,hunter,beastmastery,57,28,29
Rcman,tichondrius,1812,hunter,beastmastery,89,65,24
Nflmaster,malganis,1812,hunter,beastmastery,162,80,82
Wodhunterxdd,tichondrius,1811,hunter,beastmastery,32,23,9
Metrallon,black-dragonflight,1811,hunter,beastmastery,129,74,55
Mistachów,malganis,1811,hunter,beastmastery,106,59,47
Mythxplosive,ragnaros,1811,hunter,beastmastery,103,47,56
Phiyuh,stormrage,1810,hunter,beastmastery,126,76,50
Mvpwonder,frostmourne,1810,hunter,beastmastery,102,51,51
Onemøreshot,bleeding-hollow,1809,hunter,beastmastery,60,39,21
Bertimus,sargeras,1809,hunter,beastmastery,158,81,77
Easonl,tichondrius,1809,hunter,beastmastery,290,137,153
Airpodpro,emerald-dream,1808,hunter,beastmastery,42,25,17
Skywvlker,illidan,1808,hunter,beastmastery,141,68,73
Ordius,azralon,1808,hunter,beastmastery,59,27,32
Robinhooz,illidan,1807,hunter,beastmastery,187,102,85
Newcomb,sargeras,1807,hunter,beastmastery,66,28,38
Chouklak,zuljin,1806,hunter,beastmastery,48,26,22
Facerolled,area-52,1805,hunter,beastmastery,123,74,49
Lucki,blades-edge,1804,hunter,beastmastery,90,52,38
Warrccjr,steamwheedle-cartel,1804,hunter,beastmastery,65,30,35
Dirtymongrel,barthilas,1803,hunter,beastmastery,177,94,83
Seeyoulater,azralon,1803,hunter,beastmastery,48,24,24
Shot,shuhalo,1802,hunter,beastmastery,30,24,6
Kabalaku,moon-guard,1802,hunter,beastmastery,130,72,58
Airlol,tichondrius,1802,hunter,beastmastery,66,31,35
Wildlifezoo,tichondrius,1802,hunter,beastmastery,60,26,34
Peppancini,wyrmrest-accord,1801,hunter,beastmastery,47,26,21
Hg,illidan,1800,hunter,beastmastery,38,25,13
Kangarookyle,illidan,1800,hunter,beastmastery,96,58,38
Absinther,emerald-dream,1800,hunter,beastmastery,78,46,32
Shafttrapper,queldorei,1800,hunter,beastmastery,119,64,55
Funkyjunk,arthas,1800,hunter,beastmastery,72,35,37
Lkw,tichondrius,1800,hunter,beastmastery,116,54,62
Shootnskoot,icecrown,1798,hunter,beastmastery,42,27,15
Zå,dalaran,1798,hunter,beastmastery,99,52,47
Varka,area-52,1797,hunter,beastmastery,130,77,53
Zumago,tichondrius,1796,hunter,beastmastery,124,56,68
Mmeep,illidan,1795,hunter,beastmastery,216,114,102
Playnogames,moon-guard,1795,hunter,beastmastery,60,26,34
Lrnb,tichondrius,1794,hunter,beastmastery,92,49,43
Turtlegirl,tichondrius,1794,hunter,beastmastery,100,47,53
Austelos,moon-guard,1793,hunter,beastmastery,95,52,43
Kybelís,dalaran,1788,hunter,beastmastery,293,153,140
Koalahunter,area-52,1788,hunter,beastmastery,136,65,71
Infinit,onyxia,1786,hunter,beastmastery,118,55,63
Survivalists,kelthuzad,1785,hunter,beastmastery,42,26,16
Drektorath,bleeding-hollow,1785,hunter,beastmastery,72,36,36
Sñïpêr,tichondrius,1784,hunter,beastmastery,53,29,24
Nutellacrepe,kelthuzad,1784,hunter,beastmastery,278,138,140
Survchris,bleeding-hollow,1784,hunter,beastmastery,100,45,55
Pathofsexile,tichondrius,1783,hunter,beastmastery,99,46,53
Hunterphil,hyjal,1777,hunter,beastmastery,66,39,27
Bloodymalik,tichondrius,1777,hunter,beastmastery,68,28,40
Mckim,tichondrius,1775,hunter,beastmastery,48,28,20
Tyrokk,barthilas,1774,hunter,beastmastery,84,42,42
Livelovelaff,tichondrius,1773,hunter,beastmastery,54,28,26
Skysmile,tichondrius,1773,hunter,beastmastery,66,34,32
Cantcatchtin,tichondrius,1773,hunter,beastmastery,54,27,27
Nelay,ragnaros,1772,hunter,beastmastery,166,86,80
Savagerko,illidan,1770,hunter,beastmastery,63,29,34
Trapordíe,tichondrius,1768,hunter,beastmastery,54,31,23
Jeffersan,illidan,1767,hunter,beastmastery,173,82,91
Mukbangbj,terenas,1766,hunter,beastmastery,144,79,65
Tytonic,bleeding-hollow,1766,hunter,beastmastery,90,46,44
Kushaddict,lightnings-blade,1764,hunter,beastmastery,301,148,153
Saintpablo,mannoroth,1763,hunter,beastmastery,183,96,87
Bogen,nemesis,1761,hunter,beastmastery,172,86,86
Tracershot,malganis,1759,hunter,beastmastery,113,64,49
Beastkets,area-52,1758,hunter,beastmastery,96,53,43
Mhters,tichondrius,1752,hunter,beastmastery,48,26,22
Prêd,malganis,1752,hunter,beastmastery,45,21,24
Esstark,bleeding-hollow,1752,hunter,beastmastery,96,40,56
Cresselia,drakkari,1751,hunter,beastmastery,73,41,32
Tembaktytyd,barthilas,1751,hunter,beastmastery,49,24,25
Aiollus,stormreaver,1749,hunter,beastmastery,42,22,20
Åspect,aegwynn,1746,hunter,beastmastery,62,33,29
Lustblitz,illidan,1745,hunter,beastmastery,48,23,25
Xgoh,sargeras,1744,hunter,beastmastery,72,32,40
Xonios,frostwolf,1743,hunter,beastmastery,125,64,61
Revalay,emerald-dream,1742,hunter,beastmastery,60,36,24
Willdey,frostmourne,1742,hunter,beastmastery,60,26,34
Goongarg,frostmourne,1741,hunter,beastmastery,120,60,60
Smullik,wyrmrest-accord,1741,hunter,beastmastery,206,100,106
Gumbro,malganis,1740,hunter,beastmastery,240,130,110
Mhter,tichondrius,1738,hunter,beastmastery,113,51,62
Sensator,barthilas,1737,hunter,beastmastery,78,42,36
Bluez,tichondrius,1736,hunter,beastmastery,30,19,11
Bowzørx,tichondrius,1736,hunter,beastmastery,66,36,30
Bootydoo,illidan,1736,hunter,beastmastery,187,96,91
Rndx,sargeras,1734,hunter,beastmastery,54,25,29
Swang,kiljaeden,1734,hunter,beastmastery,91,42,49
Ahuamax,tichondrius,1732,hunter,beastmastery,154,89,65
Dahmer,greymane,1732,hunter,beastmastery,68,32,36
Selljzs,zuljin,1729,hunter,beastmastery,54,32,22
Kidao,emerald-dream,1729,hunter,beastmastery,54,30,24
Wodunaz,stormrage,1728,hunter,beastmastery,103,62,41
Kango,azgalor,1728,hunter,beastmastery,96,40,56
Buzzkilla,mannoroth,1727,hunter,beastmastery,60,35,25
Bazanguita,tichondrius,1727,hunter,beastmastery,53,29,24
Kite,dathremar,1726,hunter,beastmastery,66,38,28
Lissavi,tichondrius,1726,hunter,beastmastery,66,38,28
Kkoduckk,tichondrius,1726,hunter,beastmastery,36,19,17
Buliss,wyrmrest-accord,1725,hunter,beastmastery,45,22,23
Dragonspider,zuljin,1724,hunter,beastmastery,30,21,9
Krunkz,frostmourne,1724,hunter,beastmastery,53,33,20
Huntard,stormrage,1724,hunter,beastmastery,193,94,99
Thamie,tichondrius,1723,hunter,beastmastery,56,31,25
Casperonni,illidan,1723,hunter,beastmastery,174,94,80
Reparcero,quelthalas,1723,hunter,beastmastery,42,20,22
Vonkrieg,tichondrius,1722,hunter,beastmastery,64,35,29
Kkoner,illidan,1721,hunter,beastmastery,36,21,15
Sindragostra,tichondrius,1720,hunter,beastmastery,141,75,66
Trickshotss,illidan,1718,hunter,beastmastery,272,150,122
Lark,emerald-dream,1718,hunter,beastmastery,51,25,26
Kensho,illidan,1718,hunter,beastmastery,219,102,117
Kenpachie,jubeithos,1716,hunter,beastmastery,35,23,12
Kenji,sargeras,1716,hunter,beastmastery,80,40,40
Acres,emerald-dream,1714,hunter,beastmastery,27,19,8
Cachín,ragnaros,1714,hunter,beastmastery,65,34,31
Fanikita,azralon,1712,hunter,beastmastery,75,31,44
Laoai,tichondrius,1711,hunter,beastmastery,37,23,14
Motegi,illidan,1711,hunter,beastmastery,66,26,40
Squeekin,sargeras,1709,hunter,beastmastery,33,26,7
Hunterbloo,sargeras,1709,hunter,beastmastery,128,66,62
Datbigbowdoe,illidan,1707,hunter,beastmastery,54,30,24
Njörðr,eldrethalas,1707,hunter,beastmastery,107,57,50
Shablagoosh,zuljin,1706,hunter,beastmastery,37,25,12
Liillilliil,tichondrius,1706,hunter,beastmastery,64,32,32
Sbplayshunt,akama,1706,hunter,beastmastery,48,19,29
Xorian,frostmourne,1705,hunter,beastmastery,36,18,18
Foxqt,emerald-dream,1705,hunter,beastmastery,62,30,32
Mikey,exodar,1703,hunter,beastmastery,234,128,106
Hxnry,barthilas,1703,hunter,beastmastery,72,38,34
Somethinggo,tichondrius,1703,hunter,beastmastery,408,198,210
Puffcopeak,illidan,1702,hunter,beastmastery,90,50,40
Sosaho,sargeras,1702,hunter,beastmastery,49,23,26
Clowntown,illidan,1702,hunter,beastmastery,60,27,33
Snowmnz,tichondrius,1701,hunter,beastmastery,53,30,23
Urzoth,tichondrius,1700,hunter,beastmastery,84,52,32
Reay,frostmourne,1700,hunter,beastmastery,78,42,36
Shadowfangs,tichondrius,1700,hunter,beastmastery,101,49,52
Pepepls,proudmoore,1699,hunter,beastmastery,72,38,34
Fabbs,frostmourne,1699,hunter,beastmastery,94,44,50
Jímmycorn,sargeras,1698,hunter,beastmastery,66,40,26
Geeshot,area-52,1698,hunter,beastmastery,66,27,39
Lexandr,tichondrius,1697,hunter,beastmastery,162,90,72
Pkkfantasy,archimonde,1696,hunter,beastmastery,171,88,83
Barosan,illidan,1696,hunter,beastmastery,42,18,24
Missedtrap,tichondrius,1695,hunter,beastmastery,78,42,36
Dj,arygos,1695,hunter,beastmastery,84,44,40
Lfghunter,frostmourne,1695,hunter,beastmastery,50,25,25
Mojopojo,tichondrius,1694,hunter,beastmastery,61,35,26
Jfkd,sargeras,1694,hunter,beastmastery,52,21,31
Tuân,azgalor,1693,hunter,beastmastery,42,24,18
Séptimo,illidan,1693,hunter,beastmastery,42,18,24
Urukkz,goldrinn,1693,hunter,beastmastery,60,25,35
Shotmaster,tichondrius,1692,hunter,beastmastery,42,21,21
Jboogie,malganis,1692,hunter,beastmastery,46,21,25
Artames,tichondrius,1692,hunter,beastmastery,75,31,44
Nobito,quelthalas,1691,hunter,beastmastery,153,82,71
Stfd,illidan,1691,hunter,beastmastery,78,37,41
Whoshotu,tichondrius,1687,hunter,beastmastery,65,34,31
Barainto,tichondrius,1686,hunter,beastmastery,69,38,31
Jellyleg,bleeding-hollow,1686,hunter,beastmastery,42,23,19
Finol,azralon,1685,hunter,beastmastery,32,25,7
Ipickmynose,tichondrius,1683,hunter,beastmastery,125,68,57
Yahjh,khazgoroth,1683,hunter,beastmastery,84,42,42
Edelyysa,arthas,1682,hunter,beastmastery,192,94,98
Ha,tichondrius,1682,hunter,beastmastery,48,20,28
Kaboomza,tichondrius,1681,hunter,beastmastery,96,55,41
Pobby,frostmourne,1680,hunter,beastmastery,67,47,20
Tangoda,tichondrius,1680,hunter,beastmastery,66,30,36
Kapukapu,illidan,1679,hunter,beastmastery,30,18,12
Valndreal,zuljin,1679,hunter,beastmastery,48,26,22
Wordd,area-52,1679,hunter,beastmastery,44,23,21
Comebacks,ragnaros,1679,hunter,beastmastery,89,45,44
Xxo,frostmourne,1679,hunter,beastmastery,46,18,28
Shootiepie,hyjal,1678,hunter,beastmastery,36,22,14
Silverbite,garona,1678,hunter,beastmastery,92,51,41
Folf,turalyon,1678,hunter,beastmastery,108,56,52
Cuchulláin,area-52,1678,hunter,beastmastery,173,87,86
Damadar,tichondrius,1678,hunter,beastmastery,96,46,50
Mojopotato,stormrage,1677,hunter,beastmastery,89,44,45
Barbed,blackrock,1677,hunter,beastmastery,61,27,34
Sotsöl,ragnaros,1676,hunter,beastmastery,42,21,21
Mukeru,stormrage,1675,hunter,beastmastery,48,29,19
Saiiphz,bleeding-hollow,1675,hunter,beastmastery,40,22,18
Ztyer,stormrage,1674,hunter,beastmastery,47,24,23
Tageh,malganis,1673,hunter,beastmastery,188,99,89
Braxigarr,area-52,1673,hunter,beastmastery,97,48,49
Scythedom,tichondrius,1673,hunter,beastmastery,48,23,25
Tharisen,nemesis,1673,hunter,beastmastery,60,26,34
Øutpläyed,quelthalas,1672,hunter,beastmastery,36,18,18
Huntinpuss,tichondrius,1672,hunter,beastmastery,68,31,37
Spizsnipes,malganis,1672,hunter,beastmastery,66,30,36
Killshøtß,tichondrius,1672,hunter,beastmastery,71,32,39
Hughneutron,kirin-tor,1671,hunter,beastmastery,372,206,166
Darylovejr,destromath,1671,hunter,beastmastery,48,23,25
Gabulmenina,nemesis,1671,hunter,beastmastery,48,23,25
Chouriça,stormrage,1668,hunter,beastmastery,30,22,8
Deutêr,quelthalas,1668,hunter,beastmastery,50,23,27
Tosila,tichondrius,1667,hunter,beastmastery,54,26,28
Andalora,malganis,1667,hunter,beastmastery,81,38,43
Syldris,proudmoore,1665,hunter,beastmastery,78,44,34
Elad,tichondrius,1665,hunter,beastmastery,154,83,71
Flor,boulderfist,1665,hunter,beastmastery,85,41,44
Bowreckage,malganis,1664,hunter,beastmastery,293,141,152
Liarael,illidan,1663,hunter,beastmastery,237,113,124
Raymose,tichondrius,1663,hunter,beastmastery,107,50,57
Hokutoxx,tichondrius,1663,hunter,beastmastery,61,25,36
Yughii,stormrage,1662,hunter,beastmastery,42,20,22
Rbtz,illidan,1661,hunter,beastmastery,29,19,10
Pinêapplê,bleeding-hollow,1661,hunter,beastmastery,36,23,13
Bicas,emerald-dream,1660,hunter,beastmastery,84,42,42
Kopula,illidan,1660,hunter,beastmastery,79,38,41
Dpdóugh,illidan,1658,hunter,beastmastery,112,59,53
Hog,darkspear,1658,hunter,beastmastery,42,22,20
Vurlo,tichondrius,1657,hunter,beastmastery,66,37,29
Babyshawrk,tichondrius,1654,hunter,beastmastery,40,25,15
Gufanyaun,tichondrius,1654,hunter,beastmastery,34,18,16
Crounzz,sargeras,1654,hunter,beastmastery,72,28,44
Muffkick,illidan,1653,hunter,beastmastery,44,24,20
Semnickhntr,azralon,1652,hunter,beastmastery,86,50,36
Daskreg,uther,1652,hunter,beastmastery,41,20,21
Kwinoah,zuljin,1651,hunter,beastmastery,198,96,102
Teddybowschi,sargeras,1650,hunter,beastmastery,35,18,17
Odb,kelthuzad,1650,hunter,beastmastery,48,20,28
Stel,tichondrius,1649,hunter,beastmastery,74,43,31
Exitwoundz,hyjal,1649,hunter,beastmastery,149,80,69
Greyhunts,tichondrius,1649,hunter,beastmastery,48,23,25
Grimbrew,garona,1648,hunter,beastmastery,47,26,21
Ñðñdêsçrípt,frostmourne,1648,hunter,beastmastery,115,62,53
Cw,gorefiend,1647,hunter,beastmastery,48,25,23
Zemphoths,eredar,1645,hunter,beastmastery,93,41,52
Slimezy,tichondrius,1644,hunter,beastmastery,39,24,15
Mauklindaufe,fenris,1644,hunter,beastmastery,85,43,42
Tus,tichondrius,1644,hunter,beastmastery,60,23,37
Mlemily,stormrage,1643,hunter,beastmastery,63,36,27
Unloaded,illidan,1642,hunter,beastmastery,63,39,24
Rosebullets,bleeding-hollow,1642,hunter,beastmastery,35,20,15
Kaizong,hyjal,1642,hunter,beastmastery,53,28,25
Stonehard,mugthol,1642,hunter,beastmastery,66,29,37
Baozilieren,tichondrius,1641,hunter,beastmastery,125,65,60
Crinkx,arthas,1640,hunter,beastmastery,52,26,26
Grindal,drakkari,1639,hunter,beastmastery,126,63,63
Assbow,kiljaeden,1639,hunter,beastmastery,183,88,95
Kaelhim,warsong,1638,hunter,beastmastery,28,20,8
Marir,vashj,1638,hunter,beastmastery,41,24,17
Jasonshunter,tichondrius,1638,hunter,beastmastery,36,21,15
Legacyhunter,nazgrel,1638,hunter,beastmastery,36,19,17
Icecaffemoca,tichondrius,1638,hunter,beastmastery,72,32,40
Asurvivor,suramar,1637,hunter,beastmastery,274,141,133
Energiser,stormrage,1637,hunter,beastmastery,64,32,32
Scattertrap,ragnaros,1636,hunter,beastmastery,36,22,14
Mcclintock,executus,1636,hunter,beastmastery,41,21,20
Drakarth,khazgoroth,1635,hunter,beastmastery,47,22,25
Terminatôr,malganis,1634,hunter,beastmastery,66,31,35
Kahll,azralon,1634,hunter,beastmastery,54,24,30
Shootsb,tichondrius,1633,hunter,beastmastery,199,95,104
Mostmanly,tichondrius,1632,hunter,beastmastery,48,22,26
Airhunt,thrall,1632,hunter,beastmastery,42,19,23
Liadrelle,proudmoore,1632,hunter,beastmastery,63,27,36
Jockitch,wildhammer,1631,hunter,beastmastery,58,28,30
Sylviai,hyjal,1629,hunter,beastmastery,101,51,50
Raven,sargeras,1629,hunter,beastmastery,94,41,53
Razor,destromath,1628,hunter,beastmastery,159,76,83
Pineapplees,tichondrius,1627,hunter,beastmastery,102,49,53
Suetyic,tichondrius,1626,hunter,beastmastery,42,22,20
Layloww,thrall,1626,hunter,beastmastery,36,18,18
Beastkets,proudmoore,1626,hunter,beastmastery,55,22,33
Balldik,bleeding-hollow,1625,hunter,beastmastery,118,62,56
Eastwood,tichondrius,1625,hunter,beastmastery,119,54,65
Chrismebaby,frostmourne,1623,hunter,beastmastery,42,22,20
Fockewulf,dragonmaw,1623,hunter,beastmastery,167,74,93
Zakalla,malganis,1622,hunter,beastmastery,62,33,29
Sniffler,barthilas,1621,hunter,beastmastery,42,20,22
Rürü,illidan,1621,hunter,beastmastery,64,28,36
Brokiînn,aegwynn,1619,hunter,beastmastery,129,67,62
Feignqt,illidan,1618,hunter,beastmastery,30,17,13
Lasix,burning-blade,1618,hunter,beastmastery,143,72,71
Reallybroke,stormrage,1617,hunter,beastmastery,56,32,24
Darkoshuntar,tichondrius,1617,hunter,beastmastery,30,17,13
Dooper,malfurion,1617,hunter,beastmastery,65,35,30
Camhaanes,area-52,1617,hunter,beastmastery,179,96,83
Oblivîon,illidan,1616,hunter,beastmastery,59,38,21
Ryûkø,quelthalas,1616,hunter,beastmastery,120,56,64
Jinchuriki,shadow-council,1616,hunter,beastmastery,71,32,39
Choclit,scilla,1616,hunter,beastmastery,48,17,31
Drãgenox,quelthalas,1615,hunter,beastmastery,24,17,7
Nooche,bleeding-hollow,1615,hunter,beastmastery,36,22,14
Fernn,illidan,1615,hunter,beastmastery,276,133,143
Mightybow,sargeras,1615,hunter,beastmastery,42,17,25
Toozz,frostmourne,1615,hunter,beastmastery,60,22,38
Thejw,firetree,1614,hunter,beastmastery,30,17,13
Myladyy,zuljin,1614,hunter,beastmastery,89,43,46
Legoflaiz,drakkari,1614,hunter,beastmastery,48,23,25
Grannygatya,tichondrius,1613,hunter,beastmastery,60,33,27
Kript,dragonmaw,1613,hunter,beastmastery,431,213,218
Axxll,tichondrius,1613,hunter,beastmastery,83,38,45
Haamsuplo,tichondrius,1612,hunter,beastmastery,36,19,17
Vanasir,moon-guard,1611,hunter,beastmastery,53,27,26
Despise,frostmourne,1610,hunter,beastmastery,42,23,19
Mambothehunt,stormrage,1610,hunter,beastmastery,89,42,47
Melov,frostmourne,1610,hunter,beastmastery,124,56,68
Dôntlosmebro,stormrage,1609,hunter,beastmastery,84,49,35
Teneightt,tichondrius,1609,hunter,beastmastery,110,55,55
Showmakerc,proudmoore,1609,hunter,beastmastery,177,84,93
Despairius,moon-guard,1608,hunter,beastmastery,74,42,32
Amoron,tichondrius,1608,hunter,beastmastery,132,70,62
Publicpooper,tichondrius,1608,hunter,beastmastery,42,22,20
Spídër,maiev,1608,hunter,beastmastery,80,37,43
Digsites,emerald-dream,1608,hunter,beastmastery,126,52,74
Recklaw,frostmourne,1607,hunter,beastmastery,36,21,15
Reeload,tichondrius,1607,hunter,beastmastery,30,17,13
Tahksick,tichondrius,1607,hunter,beastmastery,59,29,30
Focusfire,khazgoroth,1607,hunter,beastmastery,66,32,34
Mordriva,azjolnerub,1607,hunter,beastmastery,53,25,28
Frankabingle,area-52,1607,hunter,beastmastery,48,20,28
Droneshot,tichondrius,1606,hunter,beastmastery,72,48,24
Shootnoscore,vashj,1606,hunter,beastmastery,83,46,37
Horcnbeans,bleeding-hollow,1606,hunter,beastmastery,358,180,178
Nodougaelark,dalaran,1606,hunter,beastmastery,48,20,28
Seyu,tichondrius,1606,hunter,beastmastery,48,17,31
Svsnipe,tichondrius,1605,hunter,beastmastery,70,39,31
Rachetbutt,tichondrius,1605,hunter,beastmastery,59,30,29
Computer,darkspear,1604,hunter,beastmastery,78,45,33
Huntsey,frostmourne,1604,hunter,beastmastery,30,17,13
Ungoliánt,cairne,1604,hunter,beastmastery,90,48,42
Overshot,tichondrius,1604,hunter,beastmastery,78,35,43
Toross,stormscale,1603,hunter,beastmastery,54,31,23
Légölás,tichondrius,1603,hunter,beastmastery,84,47,37
Coopshot,darkspear,1603,hunter,beastmastery,75,40,35
Jillypoo,azralon,1602,hunter,beastmastery,30,21,9
Sonichunterr,illidan,1602,hunter,beastmastery,166,91,75
Gernon,frostmourne,1602,hunter,beastmastery,93,49,44
Jackcoügh,frostmourne,1602,hunter,beastmastery,49,21,28
Bettallana,tichondrius,1601,hunter,beastmastery,30,17,13
Morbow,proudmoore,1601,hunter,beastmastery,94,52,42
Jeonghun,tichondrius,1601,hunter,beastmastery,38,21,17
Axis,mugthol,1601,hunter,beastmastery,85,45,40
Aazua,frostmourne,1601,hunter,beastmastery,45,22,23
Trapshawty,darkspear,1601,hunter,beastmastery,95,40,55
Snewfly,tichondrius,1600,hunter,beastmastery,54,36,18
Putos,zuljin,1600,hunter,beastmastery,48,27,21
Backpedalftw,darrowmere,1600,hunter,beastmastery,48,27,21
Hillside,frostmourne,1600,hunter,beastmastery,98,50,48
Squeeb,frostmourne,1600,hunter,beastmastery,82,41,41
Gonnujo,ragnaros,1600,hunter,beastmastery,72,29,43
Getrekt,azralon,1599,hunter,beastmastery,103,54,49
Angrypepe,bleeding-hollow,1599,hunter,beastmastery,78,37,41
Liennä,stormrage,1598,hunter,beastmastery,99,50,49
Bliv,tichondrius,1598,hunter,beastmastery,59,27,32
Khels,stormreaver,1594,hunter,beastmastery,46,24,22
Wøden,draka,1594,hunter,beastmastery,108,55,53
Brorc,kul-tiras,1593,hunter,beastmastery,42,24,18
Plastera,zuljin,1593,hunter,beastmastery,88,39,49
Nerfmytraps,frostmourne,1592,hunter,beastmastery,46,26,20
Puns,stormreaver,1591,hunter,beastmastery,30,20,10
Shyck,ragnaros,1591,hunter,beastmastery,71,35,36
Consanguin,sargeras,1590,hunter,beastmastery,42,24,18
Phatshiet,anvilmar,1589,hunter,beastmastery,98,47,51
Skytrooper,boulderfist,1589,hunter,beastmastery,77,34,43
Merkidy,illidan,1588,hunter,beastmastery,35,20,15
Legalizeezz,azralon,1588,hunter,beastmastery,96,47,49
Killwill,illidan,1587,hunter,beastmastery,54,28,26
Tódd,tichondrius,1587,hunter,beastmastery,37,18,19
Montano,area-52,1586,hunter,beastmastery,92,51,41
Bepee,auchindoun,1586,hunter,beastmastery,267,148,119
Hofftimus,tichondrius,1585,hunter,beastmastery,82,53,29
Lindsang,illidan,1585,hunter,beastmastery,78,42,36
Sashagreen,frostmourne,1585,hunter,beastmastery,83,43,40
Toxarch,aggramar,1585,hunter,beastmastery,78,39,39
Elaisse,uther,1585,hunter,beastmastery,42,21,21
Jeeberz,illidan,1584,hunter,beastmastery,36,22,14
Sasorï,nemesis,1584,hunter,beastmastery,48,24,24
Datadyne,stormrage,1583,hunter,beastmastery,24,21,3
Xbloody,tichondrius,1582,hunter,beastmastery,42,20,22
Regivaness,nemesis,1581,hunter,beastmastery,102,55,47
Parnicyon,frostmourne,1581,hunter,beastmastery,215,111,104
Oceandoom,tichondrius,1580,hunter,beastmastery,271,146,125
Szone,tichondrius,1579,hunter,beastmastery,220,113,107
Sniper,area-52,1579,hunter,beastmastery,350,169,181
Lilskill,lightnings-blade,1579,hunter,beastmastery,60,28,32
Neverhunter,azralon,1578,hunter,beastmastery,94,48,46
Twixzorz,boulderfist,1577,hunter,beastmastery,124,60,64
Zyzzmirin,illidan,1577,hunter,beastmastery,78,35,43
Emmihunt,tichondrius,1577,hunter,beastmastery,42,18,24
Wragetv,area-52,1576,hunter,beastmastery,24,20,4
Squishasf,tichondrius,1576,hunter,beastmastery,36,20,16
Genjiutsu,zuljin,1576,hunter,beastmastery,94,50,44
Häm,dalaran,1576,hunter,beastmastery,169,89,80
Torolol,tichondrius,1576,hunter,beastmastery,180,92,88
Themotu,frostmourne,1576,hunter,beastmastery,39,18,21
Sartel,tichondrius,1575,hunter,beastmastery,72,40,32
Revenantz,stormrage,1575,hunter,beastmastery,44,20,24
Pumpydumpy,malganis,1572,hunter,beastmastery,36,24,12
Pàstor,azralon,1571,hunter,beastmastery,42,21,21
Zennifi,bleeding-hollow,1570,hunter,beastmastery,97,49,48
Onemoreshot,bleeding-hollow,1570,hunter,beastmastery,143,72,71
Sissleto,tichondrius,1570,hunter,beastmastery,505,248,257
Snipin,ragnaros,1570,hunter,beastmastery,48,18,30
Phindo,agamaggan,1569,hunter,beastmastery,36,20,16
Amorae,malganis,1568,hunter,beastmastery,30,18,12
Robnhunt,tichondrius,1568,hunter,beastmastery,36,18,18
Dadhatesme,stormrage,1567,hunter,beastmastery,51,24,27
Bighuntz,bleeding-hollow,1566,hunter,beastmastery,54,20,34
Elieliloa,quelthalas,1564,hunter,beastmastery,104,51,53
Geregaux,sargeras,1562,hunter,beastmastery,36,20,16
Uzpak,tichondrius,1561,hunter,beastmastery,77,44,33
Runforthehil,barthilas,1560,hunter,beastmastery,66,34,32
Dreygar,dawnbringer,1560,hunter,beastmastery,230,116,114
Chimeralol,area-52,1559,hunter,beastmastery,30,18,12
Disper,hyjal,1558,hunter,beastmastery,76,39,37
Mortalz,barthilas,1558,hunter,beastmastery,262,131,131
Kniightjayyx,kelthuzad,1558,hunter,beastmastery,126,56,70
Somethinglit,sargeras,1556,hunter,beastmastery,79,41,38
Pillarington,tichondrius,1555,hunter,beastmastery,58,33,25
Mournebow,tichondrius,1555,hunter,beastmastery,447,234,213
Sillyvannas,thrall,1555,hunter,beastmastery,90,44,46
Lemmetrap,illidan,1554,hunter,beastmastery,41,22,19
Sylpheous,bleeding-hollow,1554,hunter,beastmastery,78,35,43
Montakka,illidan,1553,hunter,beastmastery,84,41,43
Robitur,sargeras,1553,hunter,beastmastery,56,25,31
Jangle,mannoroth,1552,hunter,beastmastery,100,58,42
Khaydarin,sargeras,1552,hunter,beastmastery,54,24,30
Skeetslinger,illidan,1552,hunter,beastmastery,81,31,50
Keboks,alleria,1551,hunter,beastmastery,33,18,15
Zzin,azralon,1550,hunter,beastmastery,48,22,26
Cummis,skullcrusher,1549,hunter,beastmastery,30,19,11
Partz,darkspear,1549,hunter,beastmastery,36,20,16
Yager,kalecgos,1549,hunter,beastmastery,70,36,34
Hazzeth,thrall,1547,hunter,beastmastery,36,25,11
Readtitle,malganis,1546,hunter,beastmastery,60,35,25
Stimpblimp,jubeithos,1546,hunter,beastmastery,58,26,32
Dorkins,azralon,1545,hunter,beastmastery,62,35,27
Santiiadonai,quelthalas,1544,hunter,beastmastery,41,22,19
Cinnybunz,malganis,1543,hunter,beastmastery,31,18,13
Redpvp,illidan,1543,hunter,beastmastery,48,25,23
Terpa,nemesis,1542,hunter,beastmastery,208,104,104
Outfazed,tichondrius,1541,hunter,beastmastery,105,57,48
Whitecake,area-52,1541,hunter,beastmastery,52,28,24
Thtswap,moon-guard,1541,hunter,beastmastery,78,41,37
Kaliaraan,bleeding-hollow,1540,hunter,beastmastery,202,105,97
Mfjl,tichondrius,1540,hunter,beastmastery,105,52,53
Zinelun,quelthalas,1540,hunter,beastmastery,42,18,24
Internade,frostmourne,1539,hunter,beastmastery,72,35,37
Yugno,wildhammer,1538,hunter,beastmastery,63,33,30
Mavrik,sargeras,1538,hunter,beastmastery,59,28,31
Fifie,azgalor,1537,hunter,beastmastery,101,53,48
Reloadz,shattered-hand,1536,hunter,beastmastery,78,40,38
Monatre,fizzcrank,1536,hunter,beastmastery,87,37,50
Himmihyme,illidan,1535,hunter,beastmastery,66,37,29
Velhokoira,illidan,1534,hunter,beastmastery,60,35,25
Kok,andorhal,1534,hunter,beastmastery,30,16,14
Sanchode,tichondrius,1534,hunter,beastmastery,78,36,42
Apøllö,kilrogg,1531,hunter,beastmastery,322,150,172
Hendó,korgath,1529,hunter,beastmastery,117,63,54
Cyrsmen,ragnaros,1529,hunter,beastmastery,234,116,118
Statistic,black-dragonflight,1529,hunter,beastmastery,119,57,62
Zakrogg,tichondrius,1528,hunter,beastmastery,143,68,75
Teaks,aggramar,1527,hunter,beastmastery,30,16,14
Jugi,wyrmrest-accord,1527,hunter,beastmastery,93,49,44
Breezekeeper,area-52,1527,hunter,beastmastery,78,40,38
Moash,spinebreaker,1527,hunter,beastmastery,47,23,24
Shadowtensai,stormrage,1527,hunter,beastmastery,84,37,47
Ddänz,kiljaeden,1524,hunter,beastmastery,101,41,60
Broydiesnipe,illidan,1523,hunter,beastmastery,24,16,8
Aredbull,jubeithos,1523,hunter,beastmastery,93,43,50
Sax,stormreaver,1523,hunter,beastmastery,48,21,27
Itrap,tichondrius,1522,hunter,beastmastery,48,24,24
Megahuntard,bleeding-hollow,1518,hunter,beastmastery,28,19,9
Bonnèy,zuljin,1518,hunter,beastmastery,49,32,17
Accuzationzx,tichondrius,1518,hunter,beastmastery,101,54,47
Gaktog,area-52,1517,hunter,beastmastery,57,29,28
Clinteastwoo,ragnaros,1517,hunter,beastmastery,48,16,32
Kalgorn,emerald-dream,1516,hunter,beastmastery,41,23,18
Unrealpewpew,lightbringer,1516,hunter,beastmastery,273,134,139
Celarla,tichondrius,1515,hunter,beastmastery,33,19,14
Blockeyhunt,tichondrius,1515,hunter,beastmastery,171,91,80
Shockwave,velen,1515,hunter,beastmastery,341,175,166
Borudin,stormrage,1515,hunter,beastmastery,275,135,140
Cyboreg,stormrage,1514,hunter,beastmastery,70,41,29
Hynathios,azralon,1514,hunter,beastmastery,59,28,31
Falsifier,ragnaros,1514,hunter,beastmastery,57,25,32
Whatfoxsay,tichondrius,1513,hunter,beastmastery,54,26,28
Deuzebuk,azralon,1513,hunter,beastmastery,48,21,27
Csantana,sargeras,1513,hunter,beastmastery,42,16,26
Laurenx,illidan,1512,hunter,beastmastery,53,28,25
Askelon,firetree,1511,hunter,beastmastery,67,33,34
Gamestopceo,tichondrius,1511,hunter,beastmastery,84,41,43
Fydehunt,stormrage,1511,hunter,beastmastery,74,34,40
Hitx,tichondrius,1510,hunter,beastmastery,60,30,30
Jpynovisa,moon-guard,1510,hunter,beastmastery,54,27,27
Ropz,eonar,1510,hunter,beastmastery,62,28,34
Hohohohahah,gallywix,1510,hunter,beastmastery,48,21,27
Shøz,wyrmrest-accord,1508,hunter,beastmastery,42,22,20
Petkd,frostmourne,1508,hunter,beastmastery,60,31,29
Diavál,area-52,1507,hunter,beastmastery,46,26,20
Bubbzar,frostmourne,1507,hunter,beastmastery,60,30,30
Grumnz,thrall,1507,hunter,beastmastery,60,29,31
Elyssandrá,thrall,1506,hunter,beastmastery,293,149,144
Skongs,tichondrius,1505,hunter,beastmastery,30,17,13
Volbz,barthilas,1505,hunter,beastmastery,36,16,20
Buggyhuntz,stormrage,1504,hunter,beastmastery,67,38,29
Pankyrangs,kelthuzad,1504,hunter,beastmastery,54,27,27
Cullowhee,proudmoore,1504,hunter,beastmastery,57,27,30
Smexyhunter,moon-guard,1504,hunter,beastmastery,54,25,29
Emilysamuels,tichondrius,1503,hunter,beastmastery,24,16,8
Strikerfirst,area-52,1503,hunter,beastmastery,151,84,67
Chowyunfatss,proudmoore,1503,hunter,beastmastery,136,66,70
Rektarrow,area-52,1501,hunter,beastmastery,77,36,41
ßoness,area-52,1501,hunter,beastmastery,134,60,74
Chrest,sargeras,1500,hunter,beastmastery,76,39,37
Chaw,nathrezim,1500,hunter,beastmastery,353,179,174
Thoridhal,quelthalas,1499,hunter,beastmastery,156,80,76
Ullr,gurubashi,1499,hunter,beastmastery,166,72,94
Irøneye,sargeras,1499,hunter,beastmastery,55,20,35
Xcisiion,nagrand,1498,hunter,beastmastery,118,56,62
Zaetor,ragnaros,1496,hunter,beastmastery,167,90,77
Beasting,moon-guard,1496,hunter,beastmastery,66,31,35
Xuorias,area-52,1495,hunter,beastmastery,53,27,26
Bronke,azralon,1495,hunter,beastmastery,108,52,56
Vanero,eonar,1495,hunter,beastmastery,125,57,68
Ramchi,burning-blade,1494,hunter,beastmastery,61,33,28
Thezeus,barthilas,1494,hunter,beastmastery,113,47,66
Cryfu,kelthuzad,1493,hunter,beastmastery,30,17,13
Hovahdo,proudmoore,1491,hunter,beastmastery,95,46,49
Finalshot,barthilas,1491,hunter,beastmastery,39,18,21
Kumàr,illidan,1490,hunter,beastmastery,38,21,17
Anastasia,gorgonnash,1490,hunter,beastmastery,66,36,30
Junmuxiao,ragnaros,1490,hunter,beastmastery,153,76,77
Turbows,proudmoore,1490,hunter,beastmastery,58,28,30
Scirfreez,ragnaros,1490,hunter,beastmastery,96,45,51
Probo,aegwynn,1489,hunter,beastmastery,48,25,23
Setepalms,azralon,1489,hunter,beastmastery,44,21,23
Wredd,nemesis,1488,hunter,beastmastery,35,20,15
Fkkroglash,barthilas,1488,hunter,beastmastery,60,32,28
Qlbl,tichondrius,1488,hunter,beastmastery,75,36,39
Jacss,azralon,1487,hunter,beastmastery,36,20,16
Bigolekack,tichondrius,1486,hunter,beastmastery,66,32,34
Tinyted,nathrezim,1486,hunter,beastmastery,106,51,55
Taelen,aegwynn,1485,hunter,beastmastery,160,84,76
Yandralen,kiljaeden,1485,hunter,beastmastery,135,69,66
Laras,blades-edge,1484,hunter,beastmastery,36,22,14
Showtheio,azralon,1484,hunter,beastmastery,101,50,51
Kyujin,ragnaros,1483,hunter,beastmastery,30,16,14
Spunky,zuluhed,1482,hunter,beastmastery,35,19,16
Midgetsniper,thrall,1481,hunter,beastmastery,32,17,15
Mms,frostmourne,1481,hunter,beastmastery,112,58,54
Puppe,sargeras,1481,hunter,beastmastery,95,49,46
Chizhi,tichondrius,1481,hunter,beastmastery,155,78,77
Torva,firetree,1481,hunter,beastmastery,48,24,24
Punjisticks,tichondrius,1481,hunter,beastmastery,152,74,78
Selhort,quelthalas,1481,hunter,beastmastery,84,36,48
Rengarok,emerald-dream,1480,hunter,beastmastery,44,23,21
Keknine,gnomeregan,1480,hunter,beastmastery,104,52,52
Grànd,tortheldrin,1480,hunter,beastmastery,66,33,33
Hyena,kelthuzad,1479,hunter,beastmastery,54,27,27
Kellsier,nordrassil,1479,hunter,beastmastery,36,16,20
Scourgesurge,kiljaeden,1478,hunter,beastmastery,145,71,74
Sungoro,tichondrius,1478,hunter,beastmastery,132,64,68
Josyv,quelthalas,1477,hunter,beastmastery,36,21,15
Huntncheekz,kelthuzad,1476,hunter,beastmastery,71,38,33
Pingaamarela,nemesis,1476,hunter,beastmastery,232,122,110
Garzb,area-52,1476,hunter,beastmastery,42,22,20
Djcummyfeet,stormrage,1476,hunter,beastmastery,65,28,37
Phatniss,tichondrius,1476,hunter,beastmastery,42,16,26
Scruffiebear,deathwing,1475,hunter,beastmastery,33,23,10
Sülivan,zuljin,1475,hunter,beastmastery,109,60,49
Jijiyoyo,tichondrius,1474,hunter,beastmastery,100,48,52
Mikly,ragnaros,1474,hunter,beastmastery,68,31,37
Drunkhunter,malygos,1473,hunter,beastmastery,42,21,21
Flamenco,arthas,1471,hunter,beastmastery,30,17,13
Paganfinn,tichondrius,1471,hunter,beastmastery,120,59,61
Gorgoon,sargeras,1470,hunter,beastmastery,78,40,38
Cerébro,illidan,1470,hunter,beastmastery,111,46,65
Yeaheh,area-52,1469,hunter,beastmastery,48,25,23
Amazoness,tichondrius,1469,hunter,beastmastery,114,59,55
Leandrox,quelthalas,1469,hunter,beastmastery,35,18,17
Virolac,tichondrius,1469,hunter,beastmastery,32,16,16
Triggamikê,tichondrius,1468,hunter,beastmastery,61,30,31
Fistbirtdor,illidan,1468,hunter,beastmastery,64,30,34
Caetomon,kiljaeden,1467,hunter,beastmastery,29,18,11
Nitroxl,illidan,1467,hunter,beastmastery,138,69,69
Kleankilla,malganis,1466,hunter,beastmastery,62,35,27
Lunarlunar,khadgar,1466,hunter,beastmastery,56,24,32
Tacos,kelthuzad,1465,hunter,beastmastery,36,22,14
Léfty,burning-blade,1465,hunter,beastmastery,90,42,48
Sootgarbage,sargeras,1464,hunter,beastmastery,72,42,30
Thiccphat,sargeras,1464,hunter,beastmastery,46,25,21
Nubberton,sargeras,1464,hunter,beastmastery,60,25,35
Kerandas,stormrage,1463,hunter,beastmastery,35,19,16
Chîll,frostmourne,1463,hunter,beastmastery,36,19,17
Xpyro,azralon,1463,hunter,beastmastery,78,40,38
Kupla,mugthol,1463,hunter,beastmastery,36,17,19
Shangowar,darrowmere,1462,hunter,beastmastery,30,17,13
Spicycheezit,malganis,1462,hunter,beastmastery,64,33,31
Gandson,fizzcrank,1462,hunter,beastmastery,81,41,40
Smoothbrainz,blackrock,1462,hunter,beastmastery,66,30,36
Ahncheolsoo,tichondrius,1461,hunter,beastmastery,32,17,15
Tiraa,kelthuzad,1460,hunter,beastmastery,122,63,59
Danncer,alexstrasza,1459,hunter,beastmastery,102,56,46
Momodasi,illidan,1459,hunter,beastmastery,51,26,25
Kouandjio,area-52,1459,hunter,beastmastery,42,21,21
Angdre,tichondrius,1459,hunter,beastmastery,94,46,48
Bootylickin,tichondrius,1459,hunter,beastmastery,36,17,19
Souperman,malganis,1459,hunter,beastmastery,66,28,38
Shedowhunter,azralon,1458,hunter,beastmastery,48,28,20
Pheijaumn,azralon,1458,hunter,beastmastery,55,32,23
Ehnó,illidan,1458,hunter,beastmastery,39,19,20
Javoz,drakkari,1457,hunter,beastmastery,65,31,34
Blanar,quelthalas,1457,hunter,beastmastery,98,40,58
Drig,korgath,1455,hunter,beastmastery,77,37,40
Pigmaster,tichondrius,1454,hunter,beastmastery,61,34,27
Tearsofrogue,tichondrius,1451,hunter,beastmastery,60,32,28
Freebeë,area-52,1451,hunter,beastmastery,109,58,51
Revbubs,darkspear,1451,hunter,beastmastery,118,62,56
Snipershot,blackrock,1449,hunter,beastmastery,66,37,29
Zansnipes,dalaran,1449,hunter,beastmastery,36,20,16
Spitballa,emerald-dream,1449,hunter,beastmastery,84,39,45
Rostter,azralon,1448,hunter,beastmastery,48,21,27
Hongnael,tichondrius,1447,hunter,beastmastery,70,36,34
Stalkstride,destromath,1447,hunter,beastmastery,78,36,42
Sambucca,daggerspine,1446,hunter,beastmastery,139,60,79
Jaysuper,zuljin,1446,hunter,beastmastery,109,46,63
Tsuro,area-52,1445,hunter,beastmastery,113,54,59
Narus,whisperwind,1444,hunter,beastmastery,132,74,58
Boomseed,nagrand,1443,hunter,beastmastery,46,22,24
Sabanna,proudmoore,1442,hunter,beastmastery,36,20,16
Daarrk,thrall,1441,hunter,beastmastery,82,39,43
Cophunter,tichondrius,1441,hunter,beastmastery,66,31,35
Aguntur,ragnaros,1440,hunter,beastmastery,141,79,62
Wolfarms,area-52,1440,hunter,beastmastery,111,53,58
Dontmissz,tichondrius,1439,hunter,beastmastery,59,32,27
Óriion,zuljin,1439,hunter,beastmastery,60,31,29
Kârân,tichondrius,1439,hunter,beastmastery,115,58,57
Limpnoodle,nerzhul,1439,hunter,beastmastery,260,128,132
Lashga,wyrmrest-accord,1439,hunter,beastmastery,47,22,25
Yná,azralon,1438,hunter,beastmastery,24,15,9
Feignmilf,tichondrius,1438,hunter,beastmastery,87,51,36
Ohnahra,kiljaeden,1437,hunter,beastmastery,30,19,11
Newcomb,tichondrius,1437,hunter,beastmastery,30,15,15
Thunderbúll,tichondrius,1437,hunter,beastmastery,78,36,42
Velaknahtou,illidan,1437,hunter,beastmastery,36,16,20
Zephanno,sargeras,1437,hunter,beastmastery,42,17,25
Aristæos,kelthuzad,1436,hunter,beastmastery,77,40,37
Sarahbeara,moonrunner,1435,hunter,beastmastery,24,15,9
Wongy,tichondrius,1435,hunter,beastmastery,30,17,13
Nightcrew,kiljaeden,1434,hunter,beastmastery,30,17,13
Alexxspewpew,ragnaros,1434,hunter,beastmastery,29,15,14
Dlabio,emerald-dream,1434,hunter,beastmastery,114,57,57
Seatback,arathor,1432,hunter,beastmastery,80,35,45
Munyshotz,tichondrius,1431,hunter,beastmastery,128,72,56
Wulfgeng,azgalor,1430,hunter,beastmastery,234,121,113
Schvitz,darkspear,1429,hunter,beastmastery,46,22,24
Snitches,emerald-dream,1429,hunter,beastmastery,42,19,23
Prierhunt,frostmourne,1429,hunter,beastmastery,36,15,21
Zarova,moon-guard,1428,hunter,beastmastery,24,15,9
Soulreaperts,ragnaros,1428,hunter,beastmastery,88,48,40
Lilbic,bleeding-hollow,1427,hunter,beastmastery,33,22,11
Homilbab,tichondrius,1427,hunter,beastmastery,36,15,21
Iyne,stormrage,1427,hunter,beastmastery,36,15,21
Bubbz,bloodscalp,1426,hunter,beastmastery,156,84,72
Yaisk,tichondrius,1426,hunter,beastmastery,74,38,36
Sergunter,area-52,1426,hunter,beastmastery,41,21,20
Entrapment,emerald-dream,1426,hunter,beastmastery,53,25,28
Kleivar,alleria,1426,hunter,beastmastery,42,19,23
Hawkkeye,thunderlord,1425,hunter,beastmastery,83,39,44
Laudion,quelthalas,1424,hunter,beastmastery,36,24,12
Snapyaf,area-52,1424,hunter,beastmastery,39,17,22
Hobbléfoot,proudmoore,1423,hunter,beastmastery,54,21,33
Fruitenveg,frostmourne,1422,hunter,beastmastery,65,34,31
Twatshót,burning-legion,1422,hunter,beastmastery,51,20,31
Tearsofnoobs,tichondrius,1421,hunter,beastmastery,39,17,22
Nephewblasty,nagrand,1419,hunter,beastmastery,42,23,19
Redwolf,moon-guard,1419,hunter,beastmastery,80,42,38
Radat,stormscale,1418,hunter,beastmastery,90,55,35
Jesselos,stormrage,1418,hunter,beastmastery,90,44,46
Biehuixin,tichondrius,1418,hunter,beastmastery,134,61,73
Mackabeagden,illidan,1418,hunter,beastmastery,40,17,23
Araghrn,draktharon,1417,hunter,beastmastery,111,54,57
Rawspits,kiljaeden,1417,hunter,beastmastery,47,17,30
Sereom,frostmourne,1416,hunter,beastmastery,229,120,109
Cigâro,thrall,1416,hunter,beastmastery,235,119,116
Gravshot,zuljin,1416,hunter,beastmastery,36,18,18
Hizyzshotz,illidan,1416,hunter,beastmastery,30,15,15
Loktarnum,illidan,1416,hunter,beastmastery,94,42,52
Belime,korgath,1415,hunter,beastmastery,96,53,43
Gannidema,illidan,1415,hunter,beastmastery,42,22,20
Rycksanches,quelthalas,1415,hunter,beastmastery,109,53,56
Legolasbow,tichondrius,1414,hunter,beastmastery,58,30,28
Chimpx,moon-guard,1414,hunter,beastmastery,35,18,17
Akoshi,illidan,1414,hunter,beastmastery,42,18,24
Onihanzo,thrall,1413,hunter,beastmastery,61,27,34
Clütch,darkspear,1413,hunter,beastmastery,36,15,21
Ovî,area-52,1412,hunter,beastmastery,29,20,9
Existential,moon-guard,1412,hunter,beastmastery,59,27,32
Seáhawk,kiljaeden,1411,hunter,beastmastery,30,18,12
Meowimadog,spinebreaker,1411,hunter,beastmastery,72,42,30
Zombified,moon-guard,1409,hunter,beastmastery,50,23,27
Hercules,draktharon,1409,hunter,beastmastery,44,20,24
Sunchea,arygos,1408,hunter,beastmastery,36,17,19
Limcross,drakkari,1406,hunter,beastmastery,80,37,43
Nalsa,tichondrius,1406,hunter,beastmastery,36,16,20
Tagsy,quelthalas,1405,hunter,beastmastery,66,31,35
Tanarin,bleeding-hollow,1404,hunter,beastmastery,36,16,20
Fusionrpg,quelthalas,1403,hunter,beastmastery,57,33,24
Sioul,bleeding-hollow,1403,hunter,beastmastery,30,15,15
Bowjingles,blackrock,1403,hunter,beastmastery,60,26,34
Babakatya,illidan,1403,hunter,beastmastery,66,28,38
Shootaids,illidan,1402,hunter,beastmastery,77,46,31
Shadebreaker,moon-guard,1402,hunter,beastmastery,42,22,20
Peiching,proudmoore,1402,hunter,beastmastery,66,31,35
Ziêg,eonar,1402,hunter,beastmastery,48,22,26
Ruffini,tichondrius,1402,hunter,beastmastery,60,26,34
Sliturthroat,barthilas,1402,hunter,beastmastery,50,20,30
Shrapnelx,ragnaros,1402,hunter,beastmastery,47,16,31
Bulleitrye,illidan,1401,hunter,beastmastery,100,52,48
Zünma,tichondrius,1401,hunter,beastmastery,84,39,45
Frostyarrow,moon-guard,1400,hunter,beastmastery,105,56,49
Rocchettâ,kirin-tor,1399,hunter,beastmastery,58,31,27
Floopze,burning-legion,1399,hunter,beastmastery,30,16,14
Fleetfox,tichondrius,1399,hunter,beastmastery,133,66,67
Fallacies,moon-guard,1398,hunter,beastmastery,69,36,33
Overshot,barthilas,1397,hunter,beastmastery,24,16,8
Reløad,zuluhed,1397,hunter,beastmastery,28,18,10
Eggbertx,frostmourne,1396,hunter,beastmastery,36,19,17
Jyttrg,tichondrius,1396,hunter,beastmastery,71,37,34
Boomsprocket,khazgoroth,1395,hunter,beastmastery,51,31,20
Illt,blackrock,1395,hunter,beastmastery,30,16,14
Nimbioth,proudmoore,1395,hunter,beastmastery,42,17,25
Hötdôg,kiljaeden,1394,hunter,beastmastery,24,15,9
Rämbow,frostmourne,1394,hunter,beastmastery,30,16,14
Spèedbump,stormrage,1394,hunter,beastmastery,81,40,41
Hukkx,kalecgos,1393,hunter,beastmastery,50,31,19
Aggargh,baelgun,1392,hunter,beastmastery,96,51,45
Fintlok,saurfang,1392,hunter,beastmastery,72,35,37
Timmee,bleeding-hollow,1392,hunter,beastmastery,36,15,21
Thralzun,dunemaul,1391,hunter,beastmastery,60,30,30
Fuzzypjs,stormrage,1390,hunter,beastmastery,42,24,18
Iar,tichondrius,1388,hunter,beastmastery,51,33,18
Venrek,gnomeregan,1388,hunter,beastmastery,56,33,23
Recha,emerald-dream,1388,hunter,beastmastery,42,21,21
Eldlichi,proudmoore,1388,hunter,beastmastery,111,51,60
Coyner,tichondrius,1387,hunter,beastmastery,33,18,15
Sleepywrld,area-52,1387,hunter,beastmastery,65,32,33
Diclonius,korgath,1387,hunter,beastmastery,42,16,26
Highdroe,tichondrius,1384,hunter,beastmastery,120,67,53
Tokendaily,sargeras,1383,hunter,beastmastery,78,44,34
Alwaysblazed,hyjal,1383,hunter,beastmastery,36,17,19
Critterz,gorgonnash,1383,hunter,beastmastery,77,33,44
Tatab,tichondrius,1381,hunter,beastmastery,60,31,29
Viperstng,area-52,1380,hunter,beastmastery,70,40,30
Airtight,area-52,1380,hunter,beastmastery,77,39,38
Velkhan,sargeras,1379,hunter,beastmastery,36,16,20
Fhodhaz,nemesis,1378,hunter,beastmastery,47,26,21
Bigclamz,dragonmaw,1378,hunter,beastmastery,98,50,48
Sharpster,zuljin,1376,hunter,beastmastery,91,43,48
Killshotqq,tichondrius,1375,hunter,beastmastery,40,18,22
Pokérap,dalaran,1375,hunter,beastmastery,48,21,27
Mopgodxqt,nemesis,1375,hunter,beastmastery,54,21,33
Gejagt,sargeras,1373,hunter,beastmastery,43,23,20
Skulgor,zuljin,1372,hunter,beastmastery,96,50,46
Chrise,darkspear,1371,hunter,beastmastery,24,18,6
Luckshot,destromath,1370,hunter,beastmastery,66,29,37
Timogen,illidan,1369,hunter,beastmastery,100,52,48
Phaction,tichondrius,1369,hunter,beastmastery,60,26,34
ßaeløn,malganis,1368,hunter,beastmastery,39,26,13
Therooth,bleeding-hollow,1367,hunter,beastmastery,83,46,37
Voodoohunter,blood-furnace,1366,hunter,beastmastery,47,25,22
Kinete,proudmoore,1366,hunter,beastmastery,37,18,19
Vraruk,quelthalas,1366,hunter,beastmastery,54,25,29
Berris,nazgrel,1365,hunter,beastmastery,79,42,37
Handicrap,tichondrius,1364,hunter,beastmastery,56,30,26
Femonemos,nemesis,1364,hunter,beastmastery,61,32,29
Juststayingy,tichondrius,1364,hunter,beastmastery,56,28,28
Terrygross,sargeras,1364,hunter,beastmastery,36,15,21
Yembohi,queldorei,1363,hunter,beastmastery,24,15,9
Kronas,laughing-skull,1363,hunter,beastmastery,123,62,61
Salvatiel,stormrage,1363,hunter,beastmastery,60,30,30
Zuvich,moon-guard,1362,hunter,beastmastery,60,32,28
Blackspit,ragnaros,1362,hunter,beastmastery,65,34,31
Dropshots,thrall,1362,hunter,beastmastery,48,25,23
Phife,emerald-dream,1362,hunter,beastmastery,48,23,25
Ogkhalifa,tichondrius,1362,hunter,beastmastery,59,26,33
Moistlegs,proudmoore,1360,hunter,beastmastery,36,16,20
Wook,hyjal,1359,hunter,beastmastery,35,17,18
Morganson,moon-guard,1359,hunter,beastmastery,303,147,156
Ryukuzen,tichondrius,1359,hunter,beastmastery,35,15,20
Lele,stormrage,1358,hunter,beastmastery,131,68,63
Jahir,tichondrius,1358,hunter,beastmastery,54,28,26
Huukend,azjolnerub,1357,hunter,beastmastery,102,53,49
Dabondweebs,dalaran,1357,hunter,beastmastery,65,32,33
Shlandy,frostmourne,1356,hunter,beastmastery,32,18,14
Genx,frostmane,1356,hunter,beastmastery,101,49,52
Stonëdpimp,moon-guard,1355,hunter,beastmastery,60,30,30
Exotichunter,the-underbog,1354,hunter,beastmastery,88,42,46
Kronc,dethecus,1354,hunter,beastmastery,68,27,41
Saintshaka,drakkari,1353,hunter,beastmastery,23,15,8
Wdb,tichondrius,1353,hunter,beastmastery,176,89,87
Conizle,sargeras,1353,hunter,beastmastery,36,17,19
Snypêr,tichondrius,1352,hunter,beastmastery,88,38,50
Backa,jubeithos,1350,hunter,beastmastery,38,18,20
Makao,stormrage,1349,hunter,beastmastery,40,16,24
Dinaoce,frostmourne,1348,hunter,beastmastery,206,108,98
Heyfatboiex,sargeras,1348,hunter,beastmastery,32,16,16
Cinamong,blackrock,1347,hunter,beastmastery,30,15,15
Vaettai,barthilas,1347,hunter,beastmastery,133,65,68
Leannon,stormrage,1346,hunter,beastmastery,82,47,35
Earlzmoade,bleeding-hollow,1346,hunter,beastmastery,96,44,52
Skywrecker,bleeding-hollow,1346,hunter,beastmastery,48,22,26
Tmac,winterhoof,1345,hunter,beastmastery,190,102,88
Djfortnité,tichondrius,1343,hunter,beastmastery,24,14,10
Bagofsnit,frostmourne,1343,hunter,beastmastery,54,24,30
Trianthel,azralon,1342,hunter,beastmastery,42,24,18
Rethum,tichondrius,1342,hunter,beastmastery,30,14,16
Pressbro,tichondrius,1342,hunter,beastmastery,30,14,16
Lilien,khazgoroth,1341,hunter,beastmastery,36,21,15
Runecrossbow,barthilas,1341,hunter,beastmastery,30,14,16
Snoozee,emerald-dream,1340,hunter,beastmastery,81,36,45
Clydebarro,sargeras,1339,hunter,beastmastery,30,14,16
Oatmeallover,stormrage,1339,hunter,beastmastery,30,14,16
Tupirani,azralon,1338,hunter,beastmastery,28,17,11
Oppshot,kul-tiras,1338,hunter,beastmastery,31,15,16
Burtone,aegwynn,1338,hunter,beastmastery,52,25,27
Hunternato,nemesis,1338,hunter,beastmastery,30,14,16
Pvrisxoxo,frostmourne,1337,hunter,beastmastery,31,15,16
Alitharia,nerzhul,1337,hunter,beastmastery,342,164,178
Bro,malorne,1337,hunter,beastmastery,96,45,51
Ojsimp,illidan,1337,hunter,beastmastery,30,14,16
Misakilr,illidan,1337,hunter,beastmastery,31,14,17
Crownchild,illidan,1336,hunter,beastmastery,24,14,10
Thunderdave,hakkar,1336,hunter,beastmastery,30,14,16
Azx,tichondrius,1336,hunter,beastmastery,42,19,23
Slowtogo,moon-guard,1336,hunter,beastmastery,33,14,19
Euclase,bleeding-hollow,1334,hunter,beastmastery,100,50,50
Jjack,muradin,1334,hunter,beastmastery,108,51,57
Fusbowdah,bleeding-hollow,1333,hunter,beastmastery,100,43,57
Hobbingtons,thunderlord,1333,hunter,beastmastery,66,28,38
Lilpoots,warsong,1332,hunter,beastmastery,81,37,44
Wrècked,kiljaeden,1331,hunter,beastmastery,119,54,65
Daken,ysera,1330,hunter,beastmastery,24,14,10
Bacatran,darkspear,1329,hunter,beastmastery,64,36,28
Remièl,frostmourne,1328,hunter,beastmastery,24,14,10
Luprikus,maelstrom,1328,hunter,beastmastery,29,14,15
Alligatorz,firetree,1327,hunter,beastmastery,24,14,10
Kälec,quelthalas,1326,hunter,beastmastery,72,35,37
Thiccshawts,moon-guard,1324,hunter,beastmastery,50,29,21
Jetzy,illidan,1324,hunter,beastmastery,95,46,49
Dadedehuyeah,illidan,1324,hunter,beastmastery,30,14,16
Tethro,zuljin,1324,hunter,beastmastery,30,14,16
Tentoontrey,emerald-dream,1324,hunter,beastmastery,99,46,53
Hitts,kelthuzad,1323,hunter,beastmastery,31,17,14
Skippyh,zuluhed,1323,hunter,beastmastery,30,14,16
Mahdy,ragnaros,1323,hunter,beastmastery,43,20,23
Darthski,drenden,1323,hunter,beastmastery,80,36,44
Riukyv,ragnaros,1323,hunter,beastmastery,53,21,32
Bowna,stormscale,1323,hunter,beastmastery,54,20,34
Aamoody,bloodhoof,1323,hunter,beastmastery,42,14,28
Jesticles,zuljin,1320,hunter,beastmastery,60,30,30
Katsumito,sargeras,1320,hunter,beastmastery,36,18,18
Sáns,sargeras,1320,hunter,beastmastery,30,14,16
Moralidawn,illidan,1318,hunter,beastmastery,35,14,21
Nampa,stormrage,1317,hunter,beastmastery,24,14,10
Doug,illidan,1317,hunter,beastmastery,30,14,16
Jîa,tichondrius,1317,hunter,beastmastery,46,20,26
Whaling,tichondrius,1316,hunter,beastmastery,36,14,22
Shaximus,illidan,1314,hunter,beastmastery,62,35,27
Xeminis,area-52,1314,hunter,beastmastery,30,14,16
Zetabot,tichondrius,1314,hunter,beastmastery,44,16,28
Míbu,lightbringer,1313,hunter,beastmastery,48,26,22
Omegalulzxd,kelthuzad,1313,hunter,beastmastery,169,81,88
Vindication,ysera,1313,hunter,beastmastery,30,14,16
Theblurd,kiljaeden,1312,hunter,beastmastery,52,25,27
Kamikazey,tichondrius,1311,hunter,beastmastery,72,36,36
Devised,proudmoore,1311,hunter,beastmastery,47,22,25
Dayneryz,quelthalas,1310,hunter,beastmastery,136,68,68
Hoboh,illidan,1310,hunter,beastmastery,66,32,34
Darksniper,proudmoore,1310,hunter,beastmastery,57,25,32
Huntmeplz,proudmoore,1309,hunter,beastmastery,35,17,18
Ellarise,stormrage,1308,hunter,beastmastery,36,22,14
Deirrë,saurfang,1308,hunter,beastmastery,227,118,109
Varthurg,ragnaros,1308,hunter,beastmastery,30,15,15
Grimhuntz,frostmourne,1308,hunter,beastmastery,54,24,30
Trionias,malfurion,1308,hunter,beastmastery,84,36,48
Fames,shuhalo,1308,hunter,beastmastery,73,30,43
Cowahunt,illidan,1307,hunter,beastmastery,30,15,15
Pooterdrip,shadowmoon,1307,hunter,beastmastery,30,14,16
Nakyash,ragnaros,1307,hunter,beastmastery,36,16,20
Hunterjim,tichondrius,1306,hunter,beastmastery,38,19,19
Pinch,kargath,1305,hunter,beastmastery,38,24,14
Hollee,turalyon,1305,hunter,beastmastery,30,15,15
Calypso,chromaggus,1305,hunter,beastmastery,55,27,28
Tinsho,drakkari,1305,hunter,beastmastery,30,14,16
Neymoxi,icecrown,1304,hunter,beastmastery,108,60,48
Kolyanis,stormrage,1303,hunter,beastmastery,202,97,105
Redzic,tichondrius,1302,hunter,beastmastery,32,15,17
Rten,tichondrius,1301,hunter,beastmastery,30,14,16
Boward,illidan,1300,hunter,beastmastery,79,40,39
Eglon,bleeding-hollow,1299,hunter,beastmastery,24,16,8
Tergls,illidan,1299,hunter,beastmastery,160,75,85
Villain,arthas,1298,hunter,beastmastery,48,22,26
Gïzmo,malganis,1296,hunter,beastmastery,102,51,51
Zzsocrateszz,dragonmaw,1295,hunter,beastmastery,128,64,64
Abloodelf,zuljin,1295,hunter,beastmastery,36,17,19
Bagodonuts,malganis,1295,hunter,beastmastery,59,27,32
Dabznblunts,twisting-nether,1295,hunter,beastmastery,42,18,24
Jacobsladder,illidan,1293,hunter,beastmastery,113,51,62
Youngteflon,bonechewer,1293,hunter,beastmastery,36,16,20
Xxty,stormrage,1292,hunter,beastmastery,30,15,15
Kidstylenol,aggramar,1292,hunter,beastmastery,36,16,20
Artemisa,warsong,1291,hunter,beastmastery,84,34,50
Mellowzen,moon-guard,1290,hunter,beastmastery,60,25,35
Jagare,tichondrius,1290,hunter,beastmastery,36,15,21
Darksector,nemesis,1290,hunter,beastmastery,41,14,27
Sylriynn,moon-guard,1289,hunter,beastmastery,123,62,61
Cottonshots,dalaran,1289,hunter,beastmastery,125,57,68
Jaboe,thrall,1289,hunter,beastmastery,42,19,23
Wogolas,barthilas,1288,hunter,beastmastery,30,16,14
Orcbeast,illidan,1288,hunter,beastmastery,121,54,67
Loranoh,illidan,1288,hunter,beastmastery,36,14,22
Shmurda,duskwood,1286,hunter,beastmastery,191,93,98
Cubixer,zuljin,1285,hunter,beastmastery,34,15,19
Shorÿuken,tichondrius,1285,hunter,beastmastery,45,15,30
Eightbeers,bleeding-hollow,1284,hunter,beastmastery,161,81,80
Spaeth,borean-tundra,1284,hunter,beastmastery,48,19,29
Xuv,illidan,1280,hunter,beastmastery,82,33,49
Purpmang,bleeding-hollow,1280,hunter,beastmastery,60,24,36
Peppiee,tichondrius,1279,hunter,beastmastery,23,14,9
Slêv,frostmourne,1278,hunter,beastmastery,34,18,16
Karev,area-52,1278,hunter,beastmastery,54,26,28
Joerogan,hydraxis,1278,hunter,beastmastery,50,22,28
Galadrieel,magtheridon,1278,hunter,beastmastery,35,15,20
Oblíviion,stormrage,1277,hunter,beastmastery,104,51,53
Shneedle,illidan,1277,hunter,beastmastery,84,40,44
Luoca,shuhalo,1277,hunter,beastmastery,48,20,28
Haiume,nemesis,1276,hunter,beastmastery,72,32,40
Mvpbunny,tichondrius,1273,hunter,beastmastery,141,74,67
Argent,altar-of-storms,1273,hunter,beastmastery,48,24,24
Handla,zuljin,1273,hunter,beastmastery,39,15,24
Huñté,stormrage,1272,hunter,beastmastery,66,31,35
Scaredcrow,azshara,1272,hunter,beastmastery,40,14,26
Winchestyr,lightbringer,1271,hunter,beastmastery,66,33,33
Bigpie,daggerspine,1271,hunter,beastmastery,29,14,15
Roostersauce,durotan,1271,hunter,beastmastery,66,31,35
Itsdoom,sargeras,1270,hunter,beastmastery,90,52,38
Ascer,gurubashi,1270,hunter,beastmastery,116,58,58
Starkills,galakrond,1270,hunter,beastmastery,40,19,21
Inume,ragnaros,1270,hunter,beastmastery,35,15,20
Alaranel,kiljaeden,1269,hunter,beastmastery,125,60,65
Glediator,tichondrius,1269,hunter,beastmastery,45,21,24
Tigerswood,sargeras,1268,hunter,beastmastery,30,16,14
Henski,wyrmrest-accord,1268,hunter,beastmastery,54,26,28
Rnger,aerie-peak,1267,hunter,beastmastery,61,28,33
Starsworn,moon-guard,1266,hunter,beastmastery,78,38,40
Piu,illidan,1266,hunter,beastmastery,78,36,42
Gigawrench,darkspear,1265,hunter,beastmastery,24,16,8
Diisdik,tichondrius,1265,hunter,beastmastery,34,19,15
Aztrappin,illidan,1264,hunter,beastmastery,107,49,58
Vruul,sargeras,1264,hunter,beastmastery,103,47,56
Dsnowy,emerald-dream,1264,hunter,beastmastery,46,20,26
Wârhunt,frostmourne,1263,hunter,beastmastery,90,48,42
Böuntyhuntêr,area-52,1263,hunter,beastmastery,72,35,37
Sagittarion,malfurion,1260,hunter,beastmastery,37,21,16
Saltz,tichondrius,1259,hunter,beastmastery,27,15,12
Bingdat,area-52,1259,hunter,beastmastery,148,72,76
Ketulirantle,azralon,1259,hunter,beastmastery,81,29,52
Spanerd,moon-guard,1258,hunter,beastmastery,28,14,14
Bobbysmurica,cenarion-circle,1257,hunter,beastmastery,66,30,36
Jareeth,bleeding-hollow,1255,hunter,beastmastery,38,19,19
Rachael,veknilash,1254,hunter,beastmastery,34,16,18
Coatl,archimonde,1254,hunter,beastmastery,60,25,35
Skpro,tichondrius,1253,hunter,beastmastery,54,22,32
Socrato,tichondrius,1252,hunter,beastmastery,43,21,22
Cotó,stormrage,1252,hunter,beastmastery,54,21,33
Drimhuzzah,velen,1251,hunter,beastmastery,32,18,14
Chrønic,khadgar,1251,hunter,beastmastery,36,19,17
Kathoey,wyrmrest-accord,1251,hunter,beastmastery,89,40,49
Deadscope,draenor,1251,hunter,beastmastery,110,43,67
Vesity,tichondrius,1250,hunter,beastmastery,93,44,49
Fallenfates,stormrage,1250,hunter,beastmastery,135,63,72
Petmayo,tichondrius,1249,hunter,beastmastery,50,24,26
Firesail,kelthuzad,1249,hunter,beastmastery,38,17,21
Deddita,zuljin,1248,hunter,beastmastery,24,13,11
Dunkam,quelthalas,1248,hunter,beastmastery,129,63,66
Spekgäwd,emerald-dream,1248,hunter,beastmastery,30,13,17
Jawnhunterii,tichondrius,1247,hunter,beastmastery,24,13,11
Babayagga,emerald-dream,1247,hunter,beastmastery,38,18,20
Baehydra,frostmourne,1247,hunter,beastmastery,30,13,17
Wastdpenguin,area-52,1247,hunter,beastmastery,30,13,17
Slowhunterr,tichondrius,1247,hunter,beastmastery,36,13,23
Iizerd,illidan,1246,hunter,beastmastery,18,13,5
Refinedx,sargeras,1246,hunter,beastmastery,18,13,5
Trapinc,sargeras,1246,hunter,beastmastery,24,13,11
Thiccit,illidan,1246,hunter,beastmastery,54,26,28
Norcklow,ragnaros,1246,hunter,beastmastery,84,39,45
Frenzygirl,azralon,1244,hunter,beastmastery,42,23,19
Blury,tichondrius,1244,hunter,beastmastery,85,44,41
Maquire,tichondrius,1244,hunter,beastmastery,36,17,19
Digitizoid,tichondrius,1244,hunter,beastmastery,30,13,17
Craftarrow,tichondrius,1243,hunter,beastmastery,41,21,20
Orgpopeyes,illidan,1243,hunter,beastmastery,33,13,20
Balboa,tortheldrin,1242,hunter,beastmastery,24,13,11
Drwíggles,smolderthorn,1242,hunter,beastmastery,24,13,11
Minkô,tichondrius,1242,hunter,beastmastery,43,21,22
Traitorously,daggerspine,1242,hunter,beastmastery,32,15,17
Deepcarver,tichondrius,1242,hunter,beastmastery,107,48,59
Guapshot,stormreaver,1242,hunter,beastmastery,41,16,25
Heparinqt,area-52,1242,hunter,beastmastery,36,13,23
Poonbaddy,kiljaeden,1242,hunter,beastmastery,41,14,27
Kalhistra,stormrage,1240,hunter,beastmastery,24,13,11
Gunbladez,burning-blade,1240,hunter,beastmastery,27,13,14
Houdan,frostmourne,1240,hunter,beastmastery,28,13,15
Mehontar,area-52,1240,hunter,beastmastery,30,13,17
Baconzola,dalaran,1239,hunter,beastmastery,23,16,7
Wadadly,malganis,1239,hunter,beastmastery,144,69,75
Balsagoth,azralon,1239,hunter,beastmastery,54,24,30
Bittitan,frostmourne,1238,hunter,beastmastery,30,17,13
Valtierd,illidan,1238,hunter,beastmastery,24,13,11
Ioioi,tichondrius,1238,hunter,beastmastery,34,16,18
Dakøta,wyrmrest-accord,1236,hunter,beastmastery,41,15,26
Yesterday,draka,1234,hunter,beastmastery,30,13,17
Bootytraps,proudmoore,1233,hunter,beastmastery,24,13,11
Honeygold,tichondrius,1233,hunter,beastmastery,51,19,32
Peterming,tichondrius,1232,hunter,beastmastery,153,68,85
Zanahoria,stormscale,1232,hunter,beastmastery,157,68,89
Xtop,draktharon,1231,hunter,beastmastery,23,15,8
Iffy,dentarg,1229,hunter,beastmastery,72,39,33
Wishon,proudmoore,1229,hunter,beastmastery,34,18,16
Nogaro,nemesis,1228,hunter,beastmastery,58,28,30
Zugkhan,azralon,1227,hunter,beastmastery,29,18,11
Nøtsurê,llane,1227,hunter,beastmastery,96,37,59
Jezoo,frostmourne,1226,hunter,beastmastery,104,51,53
Smallsouljah,demon-soul,1226,hunter,beastmastery,39,17,22
Hugehuntard,frostmane,1226,hunter,beastmastery,147,61,86
Totorostarh,tichondrius,1226,hunter,beastmastery,51,21,30
Behavior,nemesis,1225,hunter,beastmastery,24,13,11
Owoonisan,illidan,1225,hunter,beastmastery,40,19,21
Boww,sargeras,1225,hunter,beastmastery,80,36,44
Ljai,gilneas,1224,hunter,beastmastery,48,13,35
Brandough,detheroc,1223,hunter,beastmastery,33,19,14
Shotmieye,thunderhorn,1223,hunter,beastmastery,110,54,56
Lizymcguire,malganis,1222,hunter,beastmastery,66,32,34
ßutter,thunderlord,1222,hunter,beastmastery,276,127,149
Nothìng,tichondrius,1221,hunter,beastmastery,18,13,5
Bromance,kaelthas,1221,hunter,beastmastery,36,18,18
Vayesa,stormscale,1221,hunter,beastmastery,69,29,40
Chuphunts,tichondrius,1220,hunter,beastmastery,25,17,8
Crumpit,moon-guard,1220,hunter,beastmastery,51,17,34
Grands,tortheldrin,1219,hunter,beastmastery,29,14,15
Havymetal,andorhal,1219,hunter,beastmastery,48,20,28
Jayker,illidan,1218,hunter,beastmastery,18,14,4
Machiko,gorefiend,1218,hunter,beastmastery,30,13,17
Anaiset,hyjal,1217,hunter,beastmastery,24,13,11
Bluebow,tichondrius,1217,hunter,beastmastery,210,100,110
Mannypew,kelthuzad,1217,hunter,beastmastery,30,13,17
Mazziy,zangarmarsh,1217,hunter,beastmastery,36,15,21
Mitulla,wyrmrest-accord,1215,hunter,beastmastery,110,51,59
Nightfal,emerald-dream,1215,hunter,beastmastery,99,44,55
Sergejeremy,sargeras,1215,hunter,beastmastery,60,26,34
Rhaygon,arthas,1215,hunter,beastmastery,60,23,37
Markymarc,tichondrius,1214,hunter,beastmastery,23,13,10
Traxêx,nemesis,1214,hunter,beastmastery,48,22,26
Loathin,stormrage,1213,hunter,beastmastery,33,21,12
Wingclipped,kelthuzad,1213,hunter,beastmastery,22,14,8
Naass,area-52,1212,hunter,beastmastery,36,15,21
Arielma,illidan,1212,hunter,beastmastery,42,16,26
Capnjack,hyjal,1212,hunter,beastmastery,69,25,44
Frxyza,stormrage,1211,hunter,beastmastery,24,13,11
Slutnamedjim,zuljin,1211,hunter,beastmastery,260,131,129
Trikshot,magtheridon,1211,hunter,beastmastery,50,25,25
Lastanar,amanthul,1210,hunter,beastmastery,152,79,73
Lulafourdedo,stormrage,1209,hunter,beastmastery,21,14,7
Alexbm,amanthul,1209,hunter,beastmastery,87,47,40
Oddangel,azuremyst,1209,hunter,beastmastery,40,19,21
Zullypewpew,stormrage,1207,hunter,beastmastery,28,19,9
Hairyhype,malganis,1207,hunter,beastmastery,48,22,26
Rogshunt,sargeras,1207,hunter,beastmastery,29,13,16
Ydaine,alexstrasza,1206,hunter,beastmastery,75,33,42
Mithrandiel,blood-furnace,1205,hunter,beastmastery,126,63,63
Nyer,nemesis,1203,hunter,beastmastery,42,23,19
Desydn,draenor,1203,hunter,beastmastery,185,93,92
Ryøkø,nemesis,1202,hunter,beastmastery,23,14,9
Jendell,area-52,1202,hunter,beastmastery,24,13,11
Zhanzu,quelthalas,1202,hunter,beastmastery,36,16,20
Valintine,the-scryers,1201,hunter,beastmastery,26,15,11
Warsh,anubarak,1201,hunter,beastmastery,40,23,17
Nebulahaze,stormrage,1201,hunter,beastmastery,68,33,35
Trono,korgath,1201,hunter,beastmastery,48,20,28
Toontot,sargeras,1199,hunter,beastmastery,84,40,44
Xarmozao,nemesis,1199,hunter,beastmastery,69,27,42
Speshylponi,smolderthorn,1198,hunter,beastmastery,54,25,29
Zalyssavara,aerie-peak,1198,hunter,beastmastery,33,14,19
Élmérfudd,tichondrius,1197,hunter,beastmastery,48,21,27
Entillyrian,caelestrasz,1193,hunter,beastmastery,35,17,18
Slipperyqt,frostmourne,1193,hunter,beastmastery,106,44,62
Deathlokz,area-52,1193,hunter,beastmastery,36,13,23
Foffy,darkspear,1192,hunter,beastmastery,66,35,31
Jowtzhúnt,ragnaros,1192,hunter,beastmastery,27,13,14
Trapz,hellscream,1191,hunter,beastmastery,234,114,120
Oldmatador,azralon,1189,hunter,beastmastery,158,82,76
Vord,frostmourne,1189,hunter,beastmastery,30,13,17
Hunttor,dalaran,1189,hunter,beastmastery,36,14,22
Quickfyre,stormrage,1188,hunter,beastmastery,23,13,10
Jônathan,tichondrius,1188,hunter,beastmastery,51,28,23
Chetta,ragnaros,1187,hunter,beastmastery,66,28,38
Týrak,illidan,1184,hunter,beastmastery,41,22,19
Àltëzzá,malganis,1183,hunter,beastmastery,45,27,18
Rypunzul,proudmoore,1183,hunter,beastmastery,42,19,23
Tripmytrap,tichondrius,1183,hunter,beastmastery,30,13,17
Hartman,frostwolf,1183,hunter,beastmastery,63,25,38
Kaxer,illidan,1182,hunter,beastmastery,65,33,32
Thetrickyone,area-52,1180,hunter,beastmastery,52,20,32
Blasphemiaql,quelthalas,1179,hunter,beastmastery,54,28,26
Yørch,stormrage,1179,hunter,beastmastery,30,13,17
Deadlyarrows,ragnaros,1179,hunter,beastmastery,108,44,64
Ownyoufast,darkspear,1179,hunter,beastmastery,60,23,37
Elfinballz,khadgar,1177,hunter,beastmastery,54,28,26
Baddop,quelthalas,1176,hunter,beastmastery,30,19,11
Fixnoone,moon-guard,1176,hunter,beastmastery,38,18,20
Lanadari,trollbane,1173,hunter,beastmastery,24,17,7
Therealgam,the-underbog,1173,hunter,beastmastery,36,18,18
Rhienne,tanaris,1173,hunter,beastmastery,48,15,33
Chickenadobo,maelstrom,1170,hunter,beastmastery,78,43,35
Riivali,quelthalas,1169,hunter,beastmastery,87,40,47
Riccolonamek,veknilash,1167,hunter,beastmastery,18,13,5
Reic,kiljaeden,1166,hunter,beastmastery,25,14,11
Pikochon,illidan,1164,hunter,beastmastery,57,25,32
Dracð,malganis,1162,hunter,beastmastery,70,37,33
Bowflëx,zuljin,1162,hunter,beastmastery,84,37,47
Ijii,tichondrius,1161,hunter,beastmastery,32,15,17
Frenzyfire,whisperwind,1157,hunter,beastmastery,99,45,54
Macabre,scilla,1156,hunter,beastmastery,30,13,17
Arnoldpalmer,stormscale,1155,hunter,beastmastery,30,13,17
Shinhyez,tichondrius,1152,hunter,beastmastery,24,12,12
Splosiv,stormrage,1152,hunter,beastmastery,24,12,12
Malvnfresh,tichondrius,1152,hunter,beastmastery,24,12,12
Tyrec,proudmoore,1152,hunter,beastmastery,30,12,18
Lhax,stormrage,1152,hunter,beastmastery,48,19,29
Hkjb,tichondrius,1152,hunter,beastmastery,36,12,24
Rthr,kiljaeden,1151,hunter,beastmastery,18,12,6
Cubbab,tichondrius,1151,hunter,beastmastery,24,12,12
Survenant,zuljin,1151,hunter,beastmastery,24,12,12
Heädshöt,malorne,1151,hunter,beastmastery,24,12,12
Rhonishot,tichondrius,1151,hunter,beastmastery,115,52,63
Awps,sargeras,1150,hunter,beastmastery,18,12,6
Foh,kelthuzad,1150,hunter,beastmastery,23,13,10
Shrian,illidan,1150,hunter,beastmastery,25,12,13
Londen,tichondrius,1150,hunter,beastmastery,91,43,48
Kroozeh,illidan,1149,hunter,beastmastery,24,12,12
Ogstrutt,zuljin,1149,hunter,beastmastery,24,12,12
Ddukgue,tichondrius,1149,hunter,beastmastery,30,12,18
Berreydingle,norgannon,1148,hunter,beastmastery,24,12,12
Funnk,tichondrius,1148,hunter,beastmastery,24,12,12
Minop,tichondrius,1148,hunter,beastmastery,30,12,18
Elfo,kelthuzad,1147,hunter,beastmastery,18,12,6
Çhïlly,frostmourne,1147,hunter,beastmastery,24,12,12
Brickgrimes,illidan,1147,hunter,beastmastery,25,12,13
Mangosteen,illidan,1147,hunter,beastmastery,33,13,20
Airoh,gorefiend,1146,hunter,beastmastery,28,13,15
Slap,shattered-hand,1145,hunter,beastmastery,24,12,12
Warwonka,magtheridon,1145,hunter,beastmastery,80,35,45
Blungo,azralon,1144,hunter,beastmastery,18,12,6
Huntertiger,azralon,1144,hunter,beastmastery,24,12,12
Anniefuchsia,stormrage,1143,hunter,beastmastery,18,12,6
Bithiáh,quelthalas,1143,hunter,beastmastery,30,12,18
Komayam,malganis,1142,hunter,beastmastery,24,12,12
Beastcraft,emerald-dream,1141,hunter,beastmastery,33,14,19
Javascript,nemesis,1141,hunter,beastmastery,30,12,18
Urimiel,daggerspine,1139,hunter,beastmastery,68,29,39
Vladik,stormrage,1139,hunter,beastmastery,31,13,18
Gratmuk,ragnaros,1139,hunter,beastmastery,30,12,18
Hatteras,drakthul,1139,hunter,beastmastery,50,16,34
Gytaepung,tichondrius,1138,hunter,beastmastery,24,12,12
Varoden,drakkari,1138,hunter,beastmastery,30,13,17
Dyz,ragnaros,1137,hunter,beastmastery,28,13,15
Daréz,blackrock,1136,hunter,beastmastery,31,14,17
Møoo,ragnaros,1136,hunter,beastmastery,30,12,18
Strongene,aegwynn,1135,hunter,beastmastery,24,12,12
Kharthorin,moon-guard,1135,hunter,beastmastery,78,34,44
Ukamau,ragnaros,1134,hunter,beastmastery,36,21,15
Celdiirn,dragonmaw,1133,hunter,beastmastery,30,13,17
Yousokook,frostmourne,1132,hunter,beastmastery,48,17,31
Ganderion,sargeras,1131,hunter,beastmastery,24,12,12
Blackhunter,lothar,1131,hunter,beastmastery,102,49,53
Blimpbooty,stormrage,1130,hunter,beastmastery,41,20,21
Abundalacaca,sargeras,1130,hunter,beastmastery,36,13,23
Revö,area-52,1129,hunter,beastmastery,30,12,18
Dodirty,laughing-skull,1129,hunter,beastmastery,42,14,28
Juicedhunter,tichondrius,1128,hunter,beastmastery,24,12,12
Camperbill,borean-tundra,1127,hunter,beastmastery,25,14,11
Lieolaste,area-52,1126,hunter,beastmastery,35,17,18
Drexzo,tichondrius,1125,hunter,beastmastery,24,12,12
Survivor,dentarg,1124,hunter,beastmastery,36,16,20
Traps,deathwing,1123,hunter,beastmastery,30,12,18
Bogtor,dathremar,1121,hunter,beastmastery,42,22,20
Vegamax,illidan,1121,hunter,beastmastery,72,36,36
Qpoc,tichondrius,1120,hunter,beastmastery,50,23,27
Zesema,quelthalas,1117,hunter,beastmastery,63,29,34
Redrum,turalyon,1116,hunter,beastmastery,28,12,16
Mauiies,sargeras,1115,hunter,beastmastery,29,12,17
Ganaja,laughing-skull,1114,hunter,beastmastery,42,21,21
Eyeofkiller,azralon,1113,hunter,beastmastery,30,17,13
Danion,aerie-peak,1109,hunter,beastmastery,100,40,60
Brokenstars,illidan,1108,hunter,beastmastery,146,70,76
Berelai,area-52,1102,hunter,beastmastery,30,12,18
Evolushun,kiljaeden,1100,hunter,beastmastery,24,14,10
Topshunter,sargeras,1100,hunter,beastmastery,93,49,44
Sclum,tichondrius,1099,hunter,beastmastery,23,12,11
Håwkeye,hyjal,1099,hunter,beastmastery,211,108,103
Skillvanas,stormrage,1099,hunter,beastmastery,30,13,17
Jagër,dalaran,1097,hunter,beastmastery,55,31,24
Shekiro,illidan,1096,hunter,beastmastery,133,58,75
Massivattack,skullcrusher,1096,hunter,beastmastery,30,12,18
Myrfes,ragnaros,1096,hunter,beastmastery,68,27,41
Viserysll,azralon,1093,hunter,beastmastery,46,20,26
Wildfirefly,whisperwind,1091,hunter,beastmastery,178,86,92
Funwell,dalaran,1090,hunter,beastmastery,29,14,15
Moapax,azralon,1089,hunter,beastmastery,83,44,39
Noref,blood-furnace,1089,hunter,beastmastery,30,12,18
Arucedd,frostmourne,1087,hunter,beastmastery,116,51,65
Shoya,nerzhul,1085,hunter,beastmastery,24,12,12
Morenarösa,nemesis,1085,hunter,beastmastery,120,57,63
Cloxygen,moon-guard,1082,hunter,beastmastery,31,14,17
Barabulk,wyrmrest-accord,1081,hunter,beastmastery,59,32,27
Hunturr,thrall,1080,hunter,beastmastery,83,37,46
Ithildi,azralon,1077,hunter,beastmastery,45,20,25
Òrìòn,tichondrius,1077,hunter,beastmastery,54,20,34
Årya,rexxar,1077,hunter,beastmastery,42,15,27
Skriill,tichondrius,1076,hunter,beastmastery,28,14,14
Cuddle,arathor,1076,hunter,beastmastery,53,22,31
Tup,guldan,1075,hunter,beastmastery,29,12,17
Elisen,frostmourne,1075,hunter,beastmastery,80,33,47
Buyaga,stormreaver,1073,hunter,beastmastery,72,37,35
Árescarries,shuhalo,1073,hunter,beastmastery,33,12,21
Autismo,garithos,1071,hunter,beastmastery,59,18,41
Twoshotzz,darkspear,1068,hunter,beastmastery,22,13,9
Jayken,gnomeregan,1067,hunter,beastmastery,28,12,16
Frenchhtoast,sargeras,1066,hunter,beastmastery,30,16,14
Mouthymerc,zuljin,1063,hunter,beastmastery,35,12,23
Kelgar,the-scryers,1058,hunter,beastmastery,48,23,25
Pfheign,area-52,1056,hunter,beastmastery,18,11,7
Unicom,malganis,1056,hunter,beastmastery,30,11,19
Archicur,darkspear,1056,hunter,beastmastery,36,13,23
Bowbaggins,stormrage,1055,hunter,beastmastery,18,11,7
Ryutiz,fizzcrank,1055,hunter,beastmastery,18,11,7
Xavenwn,wyrmrest-accord,1055,hunter,beastmastery,22,11,11
Zertkal,undermine,1055,hunter,beastmastery,24,11,13
Tashio,aerie-peak,1055,hunter,beastmastery,24,11,13
Jaykos,thaurissan,1055,hunter,beastmastery,24,11,13
Undeadroach,tichondrius,1055,hunter,beastmastery,24,11,13
Ispamtraps,emerald-dream,1054,hunter,beastmastery,18,11,7
Vexxør,bleeding-hollow,1054,hunter,beastmastery,42,21,21
Citygirl,emerald-dream,1054,hunter,beastmastery,24,11,13
Cufless,proudmoore,1054,hunter,beastmastery,30,11,19
Maran,chogall,1053,hunter,beastmastery,21,11,10
Bigkolache,zuljin,1053,hunter,beastmastery,24,11,13
Bowflex,stormrage,1053,hunter,beastmastery,24,11,13
Fiddich,shattered-hand,1053,hunter,beastmastery,36,15,21
Chaucyy,magtheridon,1052,hunter,beastmastery,18,11,7
Sagadegêmeos,stormrage,1052,hunter,beastmastery,30,11,19
Lelreisw,goldrinn,1052,hunter,beastmastery,33,12,21
Killerronald,ragnaros,1051,hunter,beastmastery,174,83,91
Ezari,zuljin,1051,hunter,beastmastery,27,12,15
Mav,dragonmaw,1051,hunter,beastmastery,26,11,15
Trailbreaker,trollbane,1050,hunter,beastmastery,113,56,57
Booffmeister,area-52,1050,hunter,beastmastery,24,11,13
Bunsglazing,illidan,1050,hunter,beastmastery,24,11,13
Memënto,barthilas,1049,hunter,beastmastery,30,11,19
Gølin,aerie-peak,1049,hunter,beastmastery,30,11,19
Alfentanil,thrall,1049,hunter,beastmastery,30,11,19
Freeside,emerald-dream,1048,hunter,beastmastery,18,11,7
Thoraky,stormrage,1048,hunter,beastmastery,24,11,13
Eithelleta,frostmourne,1048,hunter,beastmastery,54,20,34
ßaelon,malganis,1047,hunter,beastmastery,12,11,1
Wolftracer,sargeras,1047,hunter,beastmastery,18,12,6
Flacidpasta,sargeras,1047,hunter,beastmastery,18,11,7
Kynagidas,korgath,1047,hunter,beastmastery,24,11,13
Raphgun,stormrage,1047,hunter,beastmastery,30,11,19
Berrydanish,tichondrius,1046,hunter,beastmastery,30,11,19
Cilnolm,moon-guard,1045,hunter,beastmastery,24,11,13
Kenhay,wyrmrest-accord,1044,hunter,beastmastery,36,18,18
Artilleria,quelthalas,1044,hunter,beastmastery,199,91,108
Strelyatil,trollbane,1043,hunter,beastmastery,61,31,30
Rotokrim,emerald-dream,1042,hunter,beastmastery,232,116,116
Kysii,burning-blade,1041,hunter,beastmastery,39,17,22
Zooker,tichondrius,1039,hunter,beastmastery,29,11,18
Soulshots,malganis,1037,hunter,beastmastery,72,21,51
Harÿn,nemesis,1036,hunter,beastmastery,24,11,13
Nioloari,tichondrius,1036,hunter,beastmastery,31,14,17
Euamomilfs,azralon,1035,hunter,beastmastery,24,12,12
More,khadgar,1035,hunter,beastmastery,30,11,19
Vicluvv,stormrage,1034,hunter,beastmastery,23,11,12
Ðaybreâker,tichondrius,1032,hunter,beastmastery,27,13,14
Ventura,emerald-dream,1030,hunter,beastmastery,24,11,13
Skarioth,azralon,1029,hunter,beastmastery,24,11,13
Huntercry,ragnaros,1026,hunter,beastmastery,18,11,7
Halberick,quelthalas,1025,hunter,beastmastery,18,11,7
Relaxnerd,antonidas,1022,hunter,beastmastery,23,11,12
Blankshot,doomhammer,1021,hunter,beastmastery,131,63,68
Bolbathefett,shadowsong,1020,hunter,beastmastery,30,11,19
Fwun,nerzhul,1019,hunter,beastmastery,30,16,14
Taedulos,azralon,1019,hunter,beastmastery,36,19,17
Hetaya,haomarush,1019,hunter,beastmastery,137,60,77
Caytano,quelthalas,1018,hunter,beastmastery,42,23,19
Maveraxx,executus,1018,hunter,beastmastery,76,35,41
Robingear,baelgun,1017,hunter,beastmastery,333,165,168
Bakharnabi,azralon,1017,hunter,beastmastery,24,11,13
Linkhiro,spirestone,1016,hunter,beastmastery,23,11,12
Malthiz,antonidas,1015,hunter,beastmastery,60,31,29
Barberreggie,barthilas,1015,hunter,beastmastery,116,46,70
Dakirell,drakkari,1014,hunter,beastmastery,30,12,18
Terusa,ragnaros,1013,hunter,beastmastery,42,13,29
Baelien,tichondrius,1010,hunter,beastmastery,34,17,17
Grøøves,dalaran,1010,hunter,beastmastery,29,13,16
Braii,blood-furnace,1010,hunter,beastmastery,65,29,36
Namikawa,stormrage,1005,hunter,beastmastery,24,11,13
Rairin,tichondrius,1004,hunter,beastmastery,65,33,32
Çhexmix,kiljaeden,1003,hunter,beastmastery,21,11,10
Eddyholiday,tichondrius,1001,hunter,beastmastery,26,13,13
Catharsis,quelthalas,1001,hunter,beastmastery,24,11,13
Shikago,wyrmrest-accord,1001,hunter,beastmastery,37,12,25
Thuperduper,tichondrius,999,hunter,beastmastery,18,12,6
Falesta,sargeras,999,hunter,beastmastery,28,12,16
Bullseyë,area-52,999,hunter,beastmastery,31,13,18
Oldmanmacd,tichondrius,998,hunter,beastmastery,37,16,21
Dikkins,windrunner,995,hunter,beastmastery,22,11,11
Kazrag,mugthol,995,hunter,beastmastery,23,11,12
Flexxbow,thrall,994,hunter,beastmastery,23,13,10
Robobrain,area-52,993,hunter,beastmastery,23,11,12
Gasslight,area-52,991,hunter,beastmastery,26,11,15
Lunachyara,quelthalas,991,hunter,beastmastery,26,11,15
Trassic,emerald-dream,990,hunter,beastmastery,23,11,12
Khaldru,drakkari,989,hunter,beastmastery,29,17,12
Cbramatacera,drakkari,989,hunter,beastmastery,30,17,13
Jonyvi,stormrage,989,hunter,beastmastery,25,12,13
Maku,burning-legion,987,hunter,beastmastery,23,11,12
Speirs,tichondrius,983,hunter,beastmastery,71,32,39
Ruthgarth,akama,983,hunter,beastmastery,30,13,17
Puhpsy,azralon,981,hunter,beastmastery,72,37,35
Cocstrong,darrowmere,981,hunter,beastmastery,108,54,54
Dragonman,grizzly-hills,981,hunter,beastmastery,78,28,50
Tartersauce,aggramar,979,hunter,beastmastery,60,18,42
Arbeis,area-52,978,hunter,beastmastery,90,38,52
Faldran,earthen-ring,977,hunter,beastmastery,112,46,66
Tozier,destromath,976,hunter,beastmastery,28,11,17
Dd,frostmourne,973,hunter,beastmastery,19,11,8
Gammaraven,dalaran,968,hunter,beastmastery,19,11,8
Shelbyy,tichondrius,966,hunter,beastmastery,88,43,45
Xhitara,stormrage,963,hunter,beastmastery,65,28,37
Arthex,exodar,962,hunter,beastmastery,54,26,28
Wrekkthal,illidan,961,hunter,beastmastery,70,29,41
Ahhpash,tichondrius,960,hunter,beastmastery,16,11,5
Zarnick,frostwolf,960,hunter,beastmastery,18,10,8
Xbee,shattered-halls,960,hunter,beastmastery,18,10,8
Sniperfx,lightbringer,960,hunter,beastmastery,18,10,8
Worsthunt,tichondrius,960,hunter,beastmastery,18,10,8
Lubze,bleeding-hollow,960,hunter,beastmastery,18,10,8
Pumplum,kiljaeden,960,hunter,beastmastery,18,10,8
Gööber,hyjal,960,hunter,beastmastery,18,10,8
Oidhunter,barthilas,960,hunter,beastmastery,18,10,8
Wovow,tichondrius,960,hunter,beastmastery,18,10,8
Ducksan,tichondrius,960,hunter,beastmastery,24,10,14
Focús,laughing-skull,960,hunter,beastmastery,24,10,14
Mastasnipa,illidan,960,hunter,beastmastery,24,10,14
Justforfunxx,tichondrius,960,hunter,beastmastery,30,10,20
Àeoros,ragnaros,959,hunter,beastmastery,12,10,2
Tmnarcanttv,tichondrius,959,hunter,beastmastery,18,10,8
Arrowsgobrr,norgannon,959,hunter,beastmastery,18,10,8
Phoktard,dark-iron,959,hunter,beastmastery,18,10,8
Yangthekhunt,tichondrius,959,hunter,beastmastery,24,10,14
Huntfaceguy,agamaggan,959,hunter,beastmastery,24,10,14
Vigon,stormrage,959,hunter,beastmastery,24,10,14
Leyliann,quelthalas,959,hunter,beastmastery,27,11,16
Trycaza,ragnaros,959,hunter,beastmastery,30,10,20
Kimbaa,tichondrius,959,hunter,beastmastery,30,10,20
Yolloswag,tichondrius,959,hunter,beastmastery,36,10,26
Aquabat,wildhammer,958,hunter,beastmastery,18,10,8
Ajukeo,tichondrius,958,hunter,beastmastery,18,10,8
Pafäcïle,tichondrius,958,hunter,beastmastery,24,10,14
Marexx,tichondrius,958,hunter,beastmastery,24,10,14
Tazer,area-52,958,hunter,beastmastery,24,10,14
Khattab,tichondrius,958,hunter,beastmastery,24,10,14
Chunco,ragnaros,958,hunter,beastmastery,30,10,20
Verycanadian,area-52,957,hunter,beastmastery,12,10,2
Dolcê,tichondrius,957,hunter,beastmastery,18,10,8
Zeenuts,sargeras,957,hunter,beastmastery,18,10,8
Grizmin,sargeras,957,hunter,beastmastery,18,10,8
Xua,frostmourne,957,hunter,beastmastery,18,10,8
Hackerman,tichondrius,957,hunter,beastmastery,18,10,8
Imthaböss,nazjatar,957,hunter,beastmastery,23,10,13
Amarush,illidan,957,hunter,beastmastery,24,10,14
Teaa,dalaran,957,hunter,beastmastery,24,10,14
Fáelin,proudmoore,957,hunter,beastmastery,28,11,17
Kaiholeo,tichondrius,957,hunter,beastmastery,30,10,20
Littledougie,boulderfist,957,hunter,beastmastery,30,10,20
Vendortrash,aggramar,956,hunter,beastmastery,23,12,11
Fiury,hyjal,956,hunter,beastmastery,65,32,33
Acturius,jubeithos,956,hunter,beastmastery,33,11,22
Backdatazzup,kiljaeden,955,hunter,beastmastery,25,14,11
Rainshadow,alterac-mountains,955,hunter,beastmastery,18,10,8
Noahxkhalel,azralon,955,hunter,beastmastery,83,35,48
Bloodstark,dreadmaul,955,hunter,beastmastery,24,10,14
Bowjobe,tichondrius,955,hunter,beastmastery,24,10,14
Murdaugh,icecrown,954,hunter,beastmastery,18,10,8
Trim,tichondrius,954,hunter,beastmastery,18,10,8
Coppersnout,wyrmrest-accord,954,hunter,beastmastery,24,10,14
Rezkiin,tichondrius,953,hunter,beastmastery,18,10,8
Ashantii,hakkar,953,hunter,beastmastery,30,11,19
Mingsomnia,kiljaeden,953,hunter,beastmastery,30,10,20
Vanquisher,trollbane,952,hunter,beastmastery,18,10,8
Huntertimes,ragnaros,951,hunter,beastmastery,12,10,2
Hunbatz,dalaran,951,hunter,beastmastery,61,32,29
Steelaeon,moon-guard,951,hunter,beastmastery,24,10,14
Tanrith,dark-iron,951,hunter,beastmastery,24,10,14
Malcab,tichondrius,950,hunter,beastmastery,18,10,8
Atheranni,azralon,950,hunter,beastmastery,24,10,14
Ragnarlobkk,ragnaros,949,hunter,beastmastery,157,73,84
Easypoacher,tichondrius,948,hunter,beastmastery,18,10,8
Flacidhunter,kelthuzad,948,hunter,beastmastery,24,10,14
Glizzys,cairne,946,hunter,beastmastery,47,23,24
Pewpew,gallywix,946,hunter,beastmastery,60,22,38
Shizuha,quelthalas,945,hunter,beastmastery,18,10,8
Leaii,thrall,944,hunter,beastmastery,45,25,20
Ownshot,kiljaeden,944,hunter,beastmastery,29,10,19
Taintz,altar-of-storms,943,hunter,beastmastery,29,10,19
Brendie,thrall,940,hunter,beastmastery,543,262,281
Iboofprofen,illidan,939,hunter,beastmastery,31,10,21
Noitrag,azralon,937,hunter,beastmastery,17,10,7
Gnomisaurus,scarlet-crusade,937,hunter,beastmastery,56,24,32
Sidca,nazjatar,930,hunter,beastmastery,24,10,14
Linszsz,nemesis,930,hunter,beastmastery,29,12,17
Shootyurshot,stormrage,927,hunter,beastmastery,20,11,9
Shavedballz,barthilas,925,hunter,beastmastery,17,10,7
Cabel,ragnaros,922,hunter,beastmastery,29,10,19
Oromme,ragnaros,916,hunter,beastmastery,40,13,27
Shamtus,bladefist,913,hunter,beastmastery,24,10,14
Rikitiki,bleeding-hollow,913,hunter,beastmastery,41,16,25
Doubletappz,stormreaver,913,hunter,beastmastery,38,11,27
Crimsoncoast,tichondrius,910,hunter,beastmastery,17,10,7
Verzatyle,frostwolf,910,hunter,beastmastery,22,10,12
Actehón,ragnaros,909,hunter,beastmastery,36,18,18
Beolwolf,darkspear,907,hunter,beastmastery,17,10,7
Kagome,barthilas,907,hunter,beastmastery,23,10,13
Thepuddle,bleeding-hollow,906,hunter,beastmastery,23,10,13
Wael,perenolde,905,hunter,beastmastery,17,10,7
Erik,nemesis,904,hunter,beastmastery,218,102,116
Wuzi,echo-isles,903,hunter,beastmastery,35,16,19
Sumom,darrowmere,903,hunter,beastmastery,50,19,31
Cernos,malganis,902,hunter,beastmastery,23,10,13
Derimahunter,malganis,902,hunter,beastmastery,90,35,55
Soljer,kiljaeden,900,hunter,beastmastery,35,11,24
Tarah,lightbringer,894,hunter,beastmastery,26,10,16
Arrowae,sargeras,892,hunter,beastmastery,188,88,100
Johnwïck,moon-guard,892,hunter,beastmastery,72,22,50
Vastiks,dalaran,891,hunter,beastmastery,38,12,26
Raikuu,skullcrusher,890,hunter,beastmastery,124,60,64
Killmachine,sargeras,886,hunter,beastmastery,22,10,12
Erovianoria,silver-hand,885,hunter,beastmastery,69,32,37
Drpenatrator,barthilas,885,hunter,beastmastery,51,20,31
Raadun,terokkar,879,hunter,beastmastery,19,10,9
Ninoryzen,illidan,876,hunter,beastmastery,30,11,19
Skrubber,mugthol,864,hunter,beastmastery,12,9,3
Bmhuntlol,illidan,864,hunter,beastmastery,12,9,3
Slipox,sargeras,864,hunter,beastmastery,12,9,3
Petattack,barthilas,864,hunter,beastmastery,12,9,3
Bmobepip,malganis,864,hunter,beastmastery,12,9,3
Naestrá,bleeding-hollow,864,hunter,beastmastery,12,9,3
Huntations,sargeras,864,hunter,beastmastery,12,9,3
Lilperc,zuljin,864,hunter,beastmastery,12,9,3
Reilerhunt,stormrage,864,hunter,beastmastery,12,9,3
Phetch,bleeding-hollow,864,hunter,beastmastery,12,9,3
Fereni,emerald-dream,864,hunter,beastmastery,16,10,6
Øverdosé,ragnaros,864,hunter,beastmastery,18,9,9
Iceposeidon,area-52,864,hunter,beastmastery,18,9,9
Elenin,tichondrius,864,hunter,beastmastery,18,9,9
Zizilio,kelthuzad,864,hunter,beastmastery,18,9,9
Cndavyjones,akama,864,hunter,beastmastery,18,9,9
Alenkras,stormrage,864,hunter,beastmastery,18,9,9
Lilsynchfyb,sargeras,864,hunter,beastmastery,18,9,9
Yatyegatchun,illidan,864,hunter,beastmastery,18,9,9
Hagadinn,frostmourne,864,hunter,beastmastery,18,9,9
Skyfel,aggramar,864,hunter,beastmastery,18,9,9
Reilerhunt,sargeras,864,hunter,beastmastery,18,9,9
Déwi,tichondrius,864,hunter,beastmastery,18,9,9
Babyhydra,frostmourne,864,hunter,beastmastery,18,9,9
Partytrap,burning-blade,864,hunter,beastmastery,18,9,9
Actioh,stormrage,864,hunter,beastmastery,18,9,9
Kaitoo,tichondrius,864,hunter,beastmastery,24,9,15
Brewster,burning-legion,864,hunter,beastmastery,24,9,15
Cholohippie,blackrock,864,hunter,beastmastery,24,9,15
Arteene,illidan,864,hunter,beastmastery,24,9,15
Balrröt,malganis,864,hunter,beastmastery,24,9,15
Scurvypete,perenolde,864,hunter,beastmastery,24,9,15
Dirtyytroll,area-52,864,hunter,beastmastery,24,9,15
Katiepie,frostmourne,864,hunter,beastmastery,30,9,21
Kårdashian,illidan,864,hunter,beastmastery,30,9,21
Noisetrader,illidan,863,hunter,beastmastery,12,9,3
Saynice,warsong,863,hunter,beastmastery,12,9,3
Jamzlol,frostmourne,863,hunter,beastmastery,18,9,9
Nikronos,quelthalas,863,hunter,beastmastery,18,9,9
Drivebyjuju,dentarg,863,hunter,beastmastery,18,9,9
Wellerman,firetree,863,hunter,beastmastery,18,9,9
Shiddyhunta,emerald-dream,863,hunter,beastmastery,18,9,9
Dbrickashaw,proudmoore,863,hunter,beastmastery,18,9,9
Berkhof,tichondrius,863,hunter,beastmastery,18,9,9
Luçkyan,tichondrius,863,hunter,beastmastery,18,9,9
Oztroza,grizzly-hills,863,hunter,beastmastery,18,9,9
Beabalm,dalaran,863,hunter,beastmastery,18,9,9
Priapismxh,stormrage,863,hunter,beastmastery,18,9,9
Xernen,thrall,863,hunter,beastmastery,18,9,9
Drezzial,illidan,863,hunter,beastmastery,18,9,9
Burguir,ragnaros,863,hunter,beastmastery,18,9,9
Petizoql,ragnaros,863,hunter,beastmastery,18,9,9
Viral,grizzly-hills,863,hunter,beastmastery,18,9,9
Snowjin,stormrage,863,hunter,beastmastery,18,9,9
Aethernovae,area-52,863,hunter,beastmastery,24,9,15
Junglepaw,moon-guard,863,hunter,beastmastery,24,9,15
Chernovax,altar-of-storms,863,hunter,beastmastery,30,9,21
Bleedwish,tichondrius,863,hunter,beastmastery,31,9,22
Loriandel,proudmoore,862,hunter,beastmastery,14,9,5
Tulipbee,moon-guard,862,hunter,beastmastery,18,9,9
Møçha,moon-guard,862,hunter,beastmastery,18,9,9
Atlacatl,tichondrius,862,hunter,beastmastery,18,9,9
Kyoü,drakkari,862,hunter,beastmastery,18,9,9
Qúin,frostmourne,862,hunter,beastmastery,18,9,9
Eatmybow,nemesis,862,hunter,beastmastery,22,10,12
Hawkeye,boulderfist,862,hunter,beastmastery,24,9,15
Korasaurus,tichondrius,861,hunter,beastmastery,12,9,3
Qetzalcoatl,ragnaros,861,hunter,beastmastery,18,9,9
Arrowbadoors,azralon,861,hunter,beastmastery,18,9,9
Hygogg,area-52,861,hunter,beastmastery,24,9,15
Alikay,ragnaros,861,hunter,beastmastery,24,9,15
Hrodvitnir,quelthalas,861,hunter,beastmastery,24,9,15
Ogbrooks,tichondrius,861,hunter,beastmastery,24,9,15
Trápngap,barthilas,861,hunter,beastmastery,24,9,15
Zpax,area-52,860,hunter,beastmastery,19,11,8
Forsaken,bleeding-hollow,860,hunter,beastmastery,18,9,9
Shdwhntrclub,wyrmrest-accord,860,hunter,beastmastery,24,9,15
Byrdh,zuljin,860,hunter,beastmastery,27,10,17
Recoyl,proudmoore,859,hunter,beastmastery,18,9,9
Tetrodotoxin,mugthol,859,hunter,beastmastery,18,9,9
Britannian,moon-guard,859,hunter,beastmastery,18,9,9
Goinghuntin,frostmourne,859,hunter,beastmastery,18,9,9
Zylen,tichondrius,859,hunter,beastmastery,24,9,15
Auset,aegwynn,859,hunter,beastmastery,24,9,15
Lockedônyou,stormrage,859,hunter,beastmastery,32,10,22
Rayman,thunderhorn,858,hunter,beastmastery,12,9,3
Xeriife,stormrage,858,hunter,beastmastery,19,9,10
Nikå,ragnaros,857,hunter,beastmastery,24,9,15
Larrydog,fizzcrank,857,hunter,beastmastery,30,9,21
Aun,baelgun,856,hunter,beastmastery,18,9,9
Kalekros,tichondrius,856,hunter,beastmastery,30,9,21
Rizzshot,sargeras,855,hunter,beastmastery,24,9,15
Galerius,illidan,855,hunter,beastmastery,36,9,27
Shiztec,malganis,854,hunter,beastmastery,24,9,15
Enigmer,area-52,853,hunter,beastmastery,18,9,9
Bluehead,emerald-dream,852,hunter,beastmastery,38,18,20
ßloodmain,tichondrius,852,hunter,beastmastery,24,9,15
Antihero,norgannon,851,hunter,beastmastery,22,12,10
Hunterdps,gurubashi,851,hunter,beastmastery,18,9,9
Rinasonline,sargeras,851,hunter,beastmastery,24,9,15
Doombug,lethon,846,hunter,beastmastery,18,9,9
Wkg,azgalor,845,hunter,beastmastery,47,23,24
Vannaria,destromath,844,hunter,beastmastery,12,9,3
Eggsquatch,emerald-dream,844,hunter,beastmastery,12,9,3
Skullgrain,eitrigg,844,hunter,beastmastery,23,9,14
Cazadak,ragnaros,844,hunter,beastmastery,24,9,15
Olelf,chogall,843,hunter,beastmastery,18,9,9
Alby,daggerspine,843,hunter,beastmastery,23,9,14
Salurian,destromath,843,hunter,beastmastery,58,21,37
Lyssavirhus,azralon,841,hunter,beastmastery,20,9,11
Anya,proudmoore,840,hunter,beastmastery,53,24,29
Ikorab,sargeras,839,hunter,beastmastery,30,10,20
Larthas,greymane,835,hunter,beastmastery,18,9,9
Seenobody,stormrage,834,hunter,beastmastery,41,9,32
Travisshot,tichondrius,831,hunter,beastmastery,17,9,8
Hikkupz,tichondrius,831,hunter,beastmastery,23,9,14
Tamsynn,stormreaver,827,hunter,beastmastery,42,17,25
Coletrickle,chogall,822,hunter,beastmastery,32,10,22
Zaddy,lightbringer,815,hunter,beastmastery,17,9,8
Orkemon,emerald-dream,815,hunter,beastmastery,21,10,11
Xhítt,sargeras,815,hunter,beastmastery,23,9,14
Beastmodex,quelthalas,815,hunter,beastmastery,23,9,14
Vyalaris,emerald-dream,813,hunter,beastmastery,21,9,12
Popshotz,khazgoroth,812,hunter,beastmastery,17,9,8
Yatolo,barthilas,810,hunter,beastmastery,21,9,12
Pureguava,gorefiend,810,hunter,beastmastery,30,10,20
Gilonate,tichondrius,805,hunter,beastmastery,48,10,38
Acotas,blades-edge,802,hunter,beastmastery,42,18,24
Brhumaverde,sargeras,801,hunter,beastmastery,33,9,24
Kolotak,kelthuzad,799,hunter,beastmastery,14,9,5
Bagurgur,tichondrius,799,hunter,beastmastery,16,9,7
Shootdogg,mannoroth,799,hunter,beastmastery,26,9,17
Booticheekz,tichondrius,798,hunter,beastmastery,17,9,8
Tandriel,frostmourne,798,hunter,beastmastery,17,9,8
Lûrtz,aegwynn,798,hunter,beastmastery,23,9,14
Vanpeltz,illidan,797,hunter,beastmastery,17,9,8
Elftigy,dentarg,796,hunter,beastmastery,40,15,25
Kaiso,chogall,795,hunter,beastmastery,27,9,18
Quigfoot,area-52,794,hunter,beastmastery,100,38,62
Raegen,sargeras,790,hunter,beastmastery,18,9,9
Malgar,zuljin,778,hunter,beastmastery,28,9,19
Feralhuntard,muradin,774,hunter,beastmastery,30,9,21
Follard,stormrage,768,hunter,beastmastery,12,8,4
Meshunt,tichondrius,768,hunter,beastmastery,12,8,4
Drunkus,sargeras,768,hunter,beastmastery,12,8,4
Zute,sargeras,768,hunter,beastmastery,12,8,4
Tezcâtlipocâ,sargeras,768,hunter,beastmastery,12,8,4
Deinaito,bleeding-hollow,768,hunter,beastmastery,12,8,4
Anisphia,tichondrius,768,hunter,beastmastery,12,8,4
Jsrhuntz,sargeras,768,hunter,beastmastery,12,8,4
Skankhuntx,kelthuzad,768,hunter,beastmastery,12,8,4
Chippendales,illidan,768,hunter,beastmastery,12,8,4
Paraxh,tichondrius,768,hunter,beastmastery,12,8,4
Torghast,demon-soul,768,hunter,beastmastery,12,8,4
Goober,blackhand,768,hunter,beastmastery,15,9,6
Oblitus,zuljin,768,hunter,beastmastery,18,8,10
Seongnam,tichondrius,768,hunter,beastmastery,18,8,10
Arrebol,tichondrius,768,hunter,beastmastery,18,8,10
Killatrap,malganis,768,hunter,beastmastery,18,8,10
Dangerclam,barthilas,768,hunter,beastmastery,18,8,10
Tigglyjits,tichondrius,768,hunter,beastmastery,18,8,10
Yonzo,area-52,768,hunter,beastmastery,18,8,10
Gotrap,saurfang,768,hunter,beastmastery,18,8,10
Teammatescba,tichondrius,768,hunter,beastmastery,18,8,10
Wîck,frostmourne,768,hunter,beastmastery,18,8,10
Wildlifejr,tichondrius,768,hunter,beastmastery,18,8,10
Seeq,illidan,768,hunter,beastmastery,18,8,10
Golgy,thrall,768,hunter,beastmastery,18,8,10
Tyjes,stormrage,768,hunter,beastmastery,18,8,10
Oblio,silvermoon,768,hunter,beastmastery,18,8,10
Peacemaker,dunemaul,768,hunter,beastmastery,18,8,10
Katherìnelol,tichondrius,768,hunter,beastmastery,21,9,12
Peregrin,burning-legion,768,hunter,beastmastery,24,8,16
Kolosaltraps,tichondrius,768,hunter,beastmastery,24,8,16
Moktarg,archimonde,767,hunter,beastmastery,12,8,4
Keldrek,wyrmrest-accord,767,hunter,beastmastery,12,8,4
Delek,illidan,767,hunter,beastmastery,12,8,4
Tìrra,stormrage,767,hunter,beastmastery,12,8,4
Cxnt,saurfang,767,hunter,beastmastery,15,9,6
Dranel,nordrassil,767,hunter,beastmastery,15,8,7
Quepop,demon-soul,767,hunter,beastmastery,18,8,10
Audiofly,tichondrius,767,hunter,beastmastery,18,8,10
Picapaul,stormrage,767,hunter,beastmastery,18,8,10
Gerathorn,sargeras,767,hunter,beastmastery,18,8,10
Trapgodtina,bleeding-hollow,767,hunter,beastmastery,18,8,10
Iamreek,sargeras,767,hunter,beastmastery,18,8,10
Packauwu,blackrock,767,hunter,beastmastery,18,8,10
Saoshow,barthilas,767,hunter,beastmastery,18,8,10
Ryko,firetree,767,hunter,beastmastery,18,8,10
Flîp,daggerspine,767,hunter,beastmastery,18,8,10
Thehunturd,dalaran,767,hunter,beastmastery,18,8,10
Okuhlaza,illidan,767,hunter,beastmastery,18,8,10
Goodwillhunt,tichondrius,767,hunter,beastmastery,18,8,10
Covfefeqt,illidan,767,hunter,beastmastery,18,8,10
Valeine,barthilas,766,hunter,beastmastery,12,8,4
Snipingmilfs,zuluhed,766,hunter,beastmastery,12,8,4
Ghostone,sargeras,766,hunter,beastmastery,18,8,10
Föcker,emerald-dream,766,hunter,beastmastery,18,8,10
Thirtyeight,blades-edge,766,hunter,beastmastery,18,8,10
Satours,quelthalas,766,hunter,beastmastery,18,8,10
Hideontrap,malganis,766,hunter,beastmastery,18,8,10
Tirocertobr,azralon,766,hunter,beastmastery,18,8,10
Killshotting,frostmourne,766,hunter,beastmastery,18,8,10
Boomup,tichondrius,766,hunter,beastmastery,27,9,18
Thugio,sargeras,766,hunter,beastmastery,24,8,16
Kazike,hyjal,766,hunter,beastmastery,36,9,27
Calbone,stormrage,765,hunter,beastmastery,12,8,4
Ivix,sargeras,765,hunter,beastmastery,12,8,4
Queldana,drakkari,765,hunter,beastmastery,18,8,10
Brenoob,azralon,765,hunter,beastmastery,18,8,10
Cae,hellscream,765,hunter,beastmastery,24,8,16
Hunt,akama,765,hunter,beastmastery,24,8,16
Franzosisch,stormrage,764,hunter,beastmastery,12,8,4
Apolex,velen,764,hunter,beastmastery,18,8,10
Logandawgfan,thunderlord,764,hunter,beastmastery,24,8,16
Ashevan,stormrage,763,hunter,beastmastery,18,8,10
Qwzh,quelthalas,763,hunter,beastmastery,18,8,10
Watapong,tichondrius,763,hunter,beastmastery,27,8,19
Tookoid,sargeras,762,hunter,beastmastery,12,8,4
Liightnight,illidan,762,hunter,beastmastery,12,8,4
Kluetus,sargeras,762,hunter,beastmastery,18,8,10
Stillkrow,sargeras,762,hunter,beastmastery,18,8,10
Mygun,deathwing,762,hunter,beastmastery,24,8,16
Nutshot,alterac-mountains,762,hunter,beastmastery,24,8,16
Riverjumper,ghostlands,761,hunter,beastmastery,12,8,4
Haeqn,illidan,761,hunter,beastmastery,12,8,4
Derringer,the-scryers,760,hunter,beastmastery,18,8,10
Wannakill,stormrage,760,hunter,beastmastery,24,8,16
Ophiela,shuhalo,759,hunter,beastmastery,36,8,28
Eeremm,drakkari,758,hunter,beastmastery,12,8,4
Bblsallday,illidan,754,hunter,beastmastery,12,8,4
Androki,stormrage,752,hunter,beastmastery,12,8,4
Krispyflayz,sargeras,751,hunter,beastmastery,17,8,9
Thor,barthilas,751,hunter,beastmastery,18,8,10
Serpentana,anubarak,749,hunter,beastmastery,54,18,36
Raevenah,dalaran,747,hunter,beastmastery,12,8,4
Luxyminx,moon-guard,747,hunter,beastmastery,23,8,15
Dathronin,chogall,739,hunter,beastmastery,23,10,13
Vansongwrong,tichondrius,735,hunter,beastmastery,17,8,9
Tekkys,barthilas,734,hunter,beastmastery,17,8,9
Musegreen,tichondrius,733,hunter,beastmastery,11,8,3
Kathelvia,area-52,727,hunter,beastmastery,26,9,17
Mehtcurious,ragnaros,725,hunter,beastmastery,24,8,16
Zoëx,amanthul,721,hunter,beastmastery,66,13,53
Eksd,sargeras,719,hunter,beastmastery,11,8,3
Timberex,drenden,715,hunter,beastmastery,15,8,7
Kargathx,ragnaros,706,hunter,beastmastery,27,12,15
Popster,cenarius,704,hunter,beastmastery,22,8,14
Jjaro,area-52,703,hunter,beastmastery,10,8,2
Petpenguin,kelthuzad,703,hunter,beastmastery,11,8,3
Yozomoto,nordrassil,703,hunter,beastmastery,14,8,6
Chopt,runetotem,703,hunter,beastmastery,17,8,9
Bowjobs,stormscale,703,hunter,beastmastery,20,8,12
Qua,perenolde,702,hunter,beastmastery,17,8,9
Mexishots,tichondrius,688,hunter,beastmastery,13,8,5
Samualadams,altar-of-storms,684,hunter,beastmastery,11,8,3
Gentledream,dalaran,672,hunter,beastmastery,12,7,5
Gøldfish,wyrmrest-accord,672,hunter,beastmastery,12,7,5
Kuzar,thrall,672,hunter,beastmastery,12,7,5
Gassmask,area-52,672,hunter,beastmastery,12,7,5
Rexzoolza,tichondrius,672,hunter,beastmastery,12,7,5
Mylaqt,malganis,672,hunter,beastmastery,12,7,5
Hunatar,stormrage,672,hunter,beastmastery,12,7,5
Calsu,kiljaeden,672,hunter,beastmastery,12,7,5
Gyrobandit,korialstrasz,672,hunter,beastmastery,12,7,5
Yolotraps,thrall,672,hunter,beastmastery,12,7,5
Añtø,tichondrius,672,hunter,beastmastery,12,7,5
Tusxx,tichondrius,672,hunter,beastmastery,12,7,5
Downor,malganis,672,hunter,beastmastery,12,7,5
Coachs,tichondrius,672,hunter,beastmastery,12,7,5
Sloxx,tichondrius,672,hunter,beastmastery,12,7,5
Buffhunt,tichondrius,672,hunter,beastmastery,12,7,5
Xerosa,emerald-dream,672,hunter,beastmastery,12,7,5
Varya,barthilas,672,hunter,beastmastery,12,7,5
Kaikunoshiri,tichondrius,672,hunter,beastmastery,12,7,5
Jsr,tichondrius,672,hunter,beastmastery,12,7,5
Peripheryy,bleeding-hollow,672,hunter,beastmastery,12,7,5
Jibalynne,laughing-skull,672,hunter,beastmastery,12,7,5
Interer,proudmoore,672,hunter,beastmastery,12,7,5
Litchi,illidan,672,hunter,beastmastery,12,7,5
Winmore,sargeras,672,hunter,beastmastery,12,7,5
Gun,shadowsong,672,hunter,beastmastery,12,7,5
Küky,ragnaros,672,hunter,beastmastery,12,7,5
Pmø,sargeras,672,hunter,beastmastery,12,7,5
Artemiszina,sargeras,672,hunter,beastmastery,12,7,5
Suliaodai,tichondrius,672,hunter,beastmastery,12,7,5
Sakedji,area-52,672,hunter,beastmastery,12,7,5
Hollowhunt,sentinels,672,hunter,beastmastery,12,7,5
Akirarika,wyrmrest-accord,672,hunter,beastmastery,12,7,5
Hunterkofwa,tichondrius,672,hunter,beastmastery,12,7,5
Jxbupx,tichondrius,672,hunter,beastmastery,12,7,5
Paralosniños,stormrage,672,hunter,beastmastery,12,7,5
Handmemygun,aggramar,672,hunter,beastmastery,12,7,5
Jumjaw,thrall,672,hunter,beastmastery,15,8,7
Shaytime,proudmoore,672,hunter,beastmastery,16,8,8
Szeh,tichondrius,672,hunter,beastmastery,14,7,7
Antares,dalaran,672,hunter,beastmastery,18,7,11
Hyperíon,draenor,672,hunter,beastmastery,18,7,11
Msghunter,sargeras,672,hunter,beastmastery,18,7,11
Dreagneal,ragnaros,672,hunter,beastmastery,18,7,11
Hoodster,illidan,672,hunter,beastmastery,18,7,11
Sensitivthug,sargeras,672,hunter,beastmastery,18,7,11
Legacee,shattered-hand,672,hunter,beastmastery,18,7,11
Nashi,burning-blade,672,hunter,beastmastery,18,7,11
Ziraiel,tichondrius,672,hunter,beastmastery,18,7,11
Greenmamba,thrall,672,hunter,beastmastery,18,7,11
Mjhun,korgath,672,hunter,beastmastery,18,7,11
Ðevil,ragnaros,672,hunter,beastmastery,18,7,11
Dopeykingdom,illidan,672,hunter,beastmastery,18,7,11
Sèasons,tichondrius,672,hunter,beastmastery,21,7,14
Dpschump,dragonmaw,672,hunter,beastmastery,24,7,17
Desoh,kelthuzad,672,hunter,beastmastery,24,7,17
Titanaxis,tichondrius,672,hunter,beastmastery,24,7,17
Sunsinfour,proudmoore,672,hunter,beastmastery,24,7,17
Rataataa,tichondrius,671,hunter,beastmastery,12,7,5
Winzip,whisperwind,671,hunter,beastmastery,12,7,5
Spunkked,tichondrius,671,hunter,beastmastery,12,7,5
Scrubmastery,emerald-dream,671,hunter,beastmastery,12,7,5
Terezhunt,tichondrius,671,hunter,beastmastery,12,7,5
Exploits,stormrage,671,hunter,beastmastery,12,7,5
Ragerab,trollbane,671,hunter,beastmastery,12,7,5
Kupupor,area-52,671,hunter,beastmastery,12,7,5
Ezpk,aegwynn,671,hunter,beastmastery,12,7,5
Melinda,kilrogg,671,hunter,beastmastery,12,7,5
Lavo,borean-tundra,671,hunter,beastmastery,12,7,5
Tremobbin,kelthuzad,671,hunter,beastmastery,12,7,5
Thanthion,spirestone,671,hunter,beastmastery,12,7,5
Beardedeagle,tichondrius,671,hunter,beastmastery,15,8,7
Heylenny,area-52,671,hunter,beastmastery,18,7,11
Mooséhunt,wyrmrest-accord,671,hunter,beastmastery,18,7,11
Dontkillpet,shandris,671,hunter,beastmastery,18,7,11
Valdevenator,illidan,671,hunter,beastmastery,18,7,11
Threethirty,thrall,671,hunter,beastmastery,18,7,11
Genowin,sargeras,671,hunter,beastmastery,18,7,11
Amortiz,illidan,671,hunter,beastmastery,18,7,11
Satàn,thrall,671,hunter,beastmastery,18,7,11
Youlooknice,wyrmrest-accord,671,hunter,beastmastery,18,7,11
Ratfood,tichondrius,671,hunter,beastmastery,23,7,16
Zernagul,proudmoore,671,hunter,beastmastery,24,7,17
Purpreynolds,tichondrius,671,hunter,beastmastery,24,7,17
Yanzz,spinebreaker,670,hunter,beastmastery,12,7,5
Topgun,laughing-skull,670,hunter,beastmastery,12,7,5
Madness,zuljin,670,hunter,beastmastery,12,7,5
Silvestri,shadowmoon,670,hunter,beastmastery,18,7,11
Graatata,shandris,670,hunter,beastmastery,18,7,11
Tarkovs,area-52,670,hunter,beastmastery,18,7,11
Fawn,moon-guard,670,hunter,beastmastery,18,7,11
Vicarnam,uldum,669,hunter,beastmastery,12,7,5
Neurosurgery,azralon,669,hunter,beastmastery,18,7,11
Fynnigan,shandris,669,hunter,beastmastery,18,7,11
Oneshotman,hydraxis,668,hunter,beastmastery,12,7,5
Bosslord,wyrmrest-accord,667,hunter,beastmastery,12,7,5
Aeriladin,moon-guard,667,hunter,beastmastery,24,7,17
Volján,quelthalas,667,hunter,beastmastery,24,7,17
Badboyzcry,deathwing,666,hunter,beastmastery,12,7,5
Strafenshoot,darkspear,666,hunter,beastmastery,12,7,5
Beatnyou,tichondrius,664,hunter,beastmastery,18,7,11
Bernice,darrowmere,663,hunter,beastmastery,18,7,11
Eastera,tichondrius,663,hunter,beastmastery,27,8,19
Broseth,saurfang,662,hunter,beastmastery,18,7,11
Isagypsy,ragnaros,662,hunter,beastmastery,18,7,11
Theprovider,burning-blade,659,hunter,beastmastery,12,7,5
Jonyhunter,sargeras,658,hunter,beastmastery,24,7,17
Benryats,area-52,657,hunter,beastmastery,21,8,13
Legendhunter,quelthalas,655,hunter,beastmastery,12,8,4
Lyduc,barthilas,655,hunter,beastmastery,17,7,10
Longwen,frostwolf,655,hunter,beastmastery,18,7,11
Latimer,barthilas,638,hunter,beastmastery,17,7,10
Patmypet,terenas,638,hunter,beastmastery,17,7,10
Jashak,windrunner,625,hunter,beastmastery,22,10,12
Ashx,nemesis,623,hunter,beastmastery,17,7,10
Rektage,jubeithos,622,hunter,beastmastery,23,7,16
Ôhunter,sentinels,618,hunter,beastmastery,17,8,9
Tjota,azralon,618,hunter,beastmastery,43,8,35
Àléç,mannoroth,610,hunter,beastmastery,18,8,10
Tribë,emerald-dream,607,hunter,beastmastery,11,7,4
Supdawg,aggramar,607,hunter,beastmastery,17,7,10
Missionfiggs,malganis,607,hunter,beastmastery,20,7,13
Drisilla,stormrage,606,hunter,beastmastery,11,7,4
Shanghunt,cenarius,604,hunter,beastmastery,14,7,7
Drakarÿs,drakkari,602,hunter,beastmastery,24,8,16
Packn,emerald-dream,592,hunter,beastmastery,13,7,6
Jímmy,garona,591,hunter,beastmastery,19,7,12
Oshosiwar,ragnaros,588,hunter,beastmastery,21,7,14
Píps,maelstrom,576,hunter,beastmastery,6,6,0
Mavmavmavmav,illidan,576,hunter,beastmastery,6,6,0
Igotapvpness,tichondrius,576,hunter,beastmastery,6,6,0
Rekkis,area-52,576,hunter,beastmastery,6,6,0
Raerdun,bonechewer,576,hunter,beastmastery,12,6,6
Chriscal,zuljin,576,hunter,beastmastery,12,6,6
Huntryxx,zuljin,576,hunter,beastmastery,12,6,6
Sibbleiv,boulderfist,576,hunter,beastmastery,12,6,6
Xaraya,kiljaeden,576,hunter,beastmastery,12,6,6
Longbeau,gnomeregan,576,hunter,beastmastery,12,6,6
Lökeii,area-52,576,hunter,beastmastery,12,6,6
Evilblammo,thorium-brotherhood,576,hunter,beastmastery,12,6,6
Bussyeatr,daggerspine,576,hunter,beastmastery,12,6,6
Kaptincrunch,skywall,576,hunter,beastmastery,12,6,6
Hordworld,tichondrius,576,hunter,beastmastery,12,6,6
Jwzz,tichondrius,576,hunter,beastmastery,12,6,6
Supernamh,sargeras,576,hunter,beastmastery,12,6,6
Aduurant,quelthalas,576,hunter,beastmastery,12,6,6
Taurask,tichondrius,576,hunter,beastmastery,12,6,6
Orqism,tichondrius,576,hunter,beastmastery,12,6,6
Makag,illidan,576,hunter,beastmastery,12,6,6
Zookeepah,tichondrius,576,hunter,beastmastery,12,6,6
Drivebytko,illidan,576,hunter,beastmastery,12,6,6
Daylilycoast,emerald-dream,576,hunter,beastmastery,12,6,6
Qsp,barthilas,576,hunter,beastmastery,12,6,6
Spookytrap,tichondrius,576,hunter,beastmastery,12,6,6
Nopez,tichondrius,576,hunter,beastmastery,12,6,6
Invisabootz,hyjal,576,hunter,beastmastery,12,6,6
Itch,moon-guard,576,hunter,beastmastery,12,6,6
Lilaeth,khadgar,576,hunter,beastmastery,12,6,6
Nytefell,skullcrusher,576,hunter,beastmastery,12,6,6
Markieemark,tichondrius,576,hunter,beastmastery,12,6,6
Sumpunter,barthilas,576,hunter,beastmastery,12,6,6
Thickgirl,kiljaeden,576,hunter,beastmastery,12,6,6
Boybawang,area-52,576,hunter,beastmastery,12,6,6
Gilv,frostmourne,576,hunter,beastmastery,12,6,6
Harmfulwang,emerald-dream,576,hunter,beastmastery,12,6,6
Victorcrumb,tichondrius,576,hunter,beastmastery,12,6,6
Hunterpk,lightbringer,576,hunter,beastmastery,12,6,6
Amalfi,dalaran,576,hunter,beastmastery,12,6,6
Noblesaïnt,tichondrius,576,hunter,beastmastery,12,6,6
Wapnonymous,mugthol,576,hunter,beastmastery,12,6,6
Hurato,stormrage,576,hunter,beastmastery,12,6,6
Zeedii,dalaran,576,hunter,beastmastery,12,6,6
Leadblaster,gorefiend,576,hunter,beastmastery,12,6,6
Zigum,dalaran,576,hunter,beastmastery,12,6,6
Wopper,moon-guard,576,hunter,beastmastery,12,6,6
Rakona,dark-iron,576,hunter,beastmastery,12,6,6
Greasebeast,arthas,576,hunter,beastmastery,12,6,6
Fma,stormrage,576,hunter,beastmastery,12,6,6
Meluremster,tichondrius,576,hunter,beastmastery,12,6,6
Alochol,vashj,576,hunter,beastmastery,12,6,6
Toniic,moon-guard,576,hunter,beastmastery,12,6,6
Retaâáàäãart,tichondrius,576,hunter,beastmastery,12,6,6
Bosshunter,tichondrius,576,hunter,beastmastery,12,6,6
Drdill,gorefiend,576,hunter,beastmastery,12,6,6
Khanittus,area-52,576,hunter,beastmastery,12,6,6
Arvic,barthilas,576,hunter,beastmastery,12,6,6
Kånade,ragnaros,576,hunter,beastmastery,12,6,6
Mcfibers,malganis,576,hunter,beastmastery,12,6,6
Rockoutt,emerald-dream,576,hunter,beastmastery,12,6,6
Deidada,ragnaros,576,hunter,beastmastery,12,6,6
Yoske,tichondrius,576,hunter,beastmastery,12,6,6
Jonah,sargeras,576,hunter,beastmastery,12,6,6
Thugbus,frostmourne,576,hunter,beastmastery,12,6,6
Spottedoger,burning-legion,576,hunter,beastmastery,12,6,6
Percival,firetree,576,hunter,beastmastery,15,7,8
Rhovanni,ragnaros,576,hunter,beastmastery,15,7,8
Bastamore,destromath,576,hunter,beastmastery,16,7,9
Virgim,kelthuzad,576,hunter,beastmastery,18,6,12
Jawbreakër,tichondrius,576,hunter,beastmastery,18,6,12
Skillkitingu,area-52,576,hunter,beastmastery,18,6,12
Mørødox,sargeras,576,hunter,beastmastery,18,6,12
Dynith,sargeras,576,hunter,beastmastery,18,6,12
Kanta,bleeding-hollow,576,hunter,beastmastery,18,6,12
Thorssman,illidan,576,hunter,beastmastery,18,6,12
Kurmojo,hyjal,576,hunter,beastmastery,18,6,12
Pieman,azuremyst,576,hunter,beastmastery,18,6,12
Coolbeanz,boulderfist,576,hunter,beastmastery,18,6,12
Accessdraven,tichondrius,576,hunter,beastmastery,18,6,12
Mylfhunter,azralon,576,hunter,beastmastery,18,6,12
Arraza,ragnaros,576,hunter,beastmastery,22,7,15
Llachiip,zuljin,576,hunter,beastmastery,22,7,15
Ærês,ysondre,576,hunter,beastmastery,20,6,14
Beastbaal,sargeras,576,hunter,beastmastery,24,6,18
Cuarentatres,azralon,576,hunter,beastmastery,24,6,18
Fireshots,tichondrius,575,hunter,beastmastery,12,6,6
Fulca,area-52,575,hunter,beastmastery,12,6,6
Gwarnar,stormrage,575,hunter,beastmastery,12,6,6
Ontop,draka,575,hunter,beastmastery,12,6,6
Yobby,area-52,575,hunter,beastmastery,12,6,6
Eastwake,stormrage,575,hunter,beastmastery,12,6,6
Bowjack,illidan,575,hunter,beastmastery,12,6,6
Aoife,zuljin,575,hunter,beastmastery,12,6,6
Vipermaster,azralon,575,hunter,beastmastery,12,6,6
Asuryakha,darkspear,575,hunter,beastmastery,12,6,6
Redneckjinx,sargeras,575,hunter,beastmastery,12,6,6
Mindbreaker,illidan,575,hunter,beastmastery,12,6,6
Longshott,azralon,575,hunter,beastmastery,12,6,6
Horsegirl,chogall,575,hunter,beastmastery,12,6,6
Chinoiti,bleeding-hollow,575,hunter,beastmastery,12,6,6
Tinychase,stormrage,575,hunter,beastmastery,12,6,6
Tibineids,stormrage,575,hunter,beastmastery,12,6,6
Sesilee,proudmoore,575,hunter,beastmastery,12,6,6
Rankhor,darkspear,575,hunter,beastmastery,12,6,6
Orangegummy,frostmourne,575,hunter,beastmastery,15,7,8
Boradin,lightbringer,575,hunter,beastmastery,18,6,12
Aliciaomg,andorhal,575,hunter,beastmastery,18,6,12
Softhunter,tichondrius,575,hunter,beastmastery,18,6,12
Bvø,stormrage,575,hunter,beastmastery,18,6,12
Camorcaist,stormrage,575,hunter,beastmastery,18,6,12
Goraku,dalaran,575,hunter,beastmastery,24,6,18
Nekrongar,agamaggan,574,hunter,beastmastery,12,6,6
Kalibah,azralon,574,hunter,beastmastery,18,6,12
Arcticuz,aegwynn,574,hunter,beastmastery,18,6,12
Sapphie,frostmourne,574,hunter,beastmastery,24,6,18
Roseandra,stormrage,574,hunter,beastmastery,24,6,18
Kresnik,azralon,574,hunter,beastmastery,24,6,18
Flooring,illidan,573,hunter,beastmastery,12,6,6
Eille,khadgar,573,hunter,beastmastery,12,6,6
Verzoz,illidan,573,hunter,beastmastery,18,6,12
Lazygnome,azshara,573,hunter,beastmastery,18,6,12
Mortia,thunderlord,573,hunter,beastmastery,18,6,12
Dethh,dunemaul,572,hunter,beastmastery,12,6,6
Volga,haomarush,572,hunter,beastmastery,12,6,6
Pewpewd,tichondrius,572,hunter,beastmastery,12,6,6
Høød,greymane,571,hunter,beastmastery,12,6,6
Cousinlarry,kaelthas,571,hunter,beastmastery,12,6,6
Katmang,frostmourne,571,hunter,beastmastery,18,6,12
Lanamatt,azralon,569,hunter,beastmastery,12,6,6
Mondlicht,tichondrius,559,hunter,beastmastery,17,6,11
Heavyduty,proudmoore,559,hunter,beastmastery,23,7,16
Parâsite,kelthuzad,559,hunter,beastmastery,23,6,17
Gerpshot,darrowmere,557,hunter,beastmastery,18,7,11
Ullria,frostmourne,544,hunter,beastmastery,16,6,10
Onearmsteve,tichondrius,543,hunter,beastmastery,11,6,5
Boopuh,illidan,543,hunter,beastmastery,14,7,7
Habanero,anetheron,543,hunter,beastmastery,14,7,7
Tezlekhan,haomarush,543,hunter,beastmastery,17,6,11
Doomseeker,emerald-dream,542,hunter,beastmastery,11,6,5
Trycen,bleeding-hollow,527,hunter,beastmastery,11,6,5
Memorypet,proudmoore,527,hunter,beastmastery,15,6,9
Pikepounder,tichondrius,527,hunter,beastmastery,15,6,9
Holyhunnter,proudmoore,526,hunter,beastmastery,15,6,9
Polnarefu,illidan,526,hunter,beastmastery,21,7,14
Porkrager,doomhammer,522,hunter,beastmastery,14,7,7
Iililillilii,tichondrius,522,hunter,beastmastery,20,7,13
Mïsërý,tichondrius,522,hunter,beastmastery,21,7,14
Bugsßunny,sargeras,521,hunter,beastmastery,22,7,15
Ataxyus,area-52,512,hunter,beastmastery,10,6,4
Punkrockguy,illidan,511,hunter,beastmastery,20,6,14
Alsol,drakkari,510,hunter,beastmastery,12,7,5
Aluminumfoil,kelthuzad,510,hunter,beastmastery,11,6,5
Nandaax,nemesis,510,hunter,beastmastery,14,6,8
Zock,lothar,494,hunter,beastmastery,19,6,13
Makk,azralon,494,hunter,beastmastery,23,7,16
Tukki,quelthalas,480,hunter,beastmastery,6,5,1
Linkolnn,sargeras,480,hunter,beastmastery,6,5,1
Plsnobanmee,frostmourne,480,hunter,beastmastery,6,5,1
Devilborne,tichondrius,480,hunter,beastmastery,6,5,1
Perrmabanned,tichondrius,480,hunter,beastmastery,6,5,1
Moistbooger,emerald-dream,480,hunter,beastmastery,6,5,1
Jjackchicken,tichondrius,480,hunter,beastmastery,6,5,1
Pwn,korgath,480,hunter,beastmastery,6,5,1
Acidhunt,tichondrius,480,hunter,beastmastery,6,5,1
Sinon,stormrage,480,hunter,beastmastery,6,5,1
Arleesta,thrall,480,hunter,beastmastery,6,5,1
Lixniqua,tichondrius,480,hunter,beastmastery,6,5,1
Deepdance,illidan,480,hunter,beastmastery,6,5,1
Luys,illidan,480,hunter,beastmastery,6,5,1
Troubski,bleeding-hollow,480,hunter,beastmastery,6,5,1
Cojáx,dalaran,480,hunter,beastmastery,6,5,1
Glacierr,emerald-dream,480,hunter,beastmastery,6,5,1
Brokensnipez,area-52,480,hunter,beastmastery,6,5,1
Nsjp,darkspear,480,hunter,beastmastery,6,5,1
Dankshunt,arthas,480,hunter,beastmastery,6,5,1
Yajr,black-dragonflight,480,hunter,beastmastery,6,5,1
Tèrrabite,sargeras,480,hunter,beastmastery,6,5,1
Vynloresh,thrall,480,hunter,beastmastery,6,5,1
Arthäsxd,azralon,480,hunter,beastmastery,6,5,1
Traptrinket,sargeras,480,hunter,beastmastery,6,5,1
Silentbeast,bleeding-hollow,480,hunter,beastmastery,6,5,1
Cyrads,darkspear,480,hunter,beastmastery,6,5,1
Oeoeoeoeoeoe,alterac-mountains,480,hunter,beastmastery,6,5,1
Nokda,tichondrius,480,hunter,beastmastery,6,5,1
Chipsncheese,korgath,480,hunter,beastmastery,12,5,7
Squiik,wildhammer,480,hunter,beastmastery,12,5,7
Xavííer,tichondrius,480,hunter,beastmastery,12,5,7
Anatric,illidan,480,hunter,beastmastery,12,5,7
Lululôlô,azralon,480,hunter,beastmastery,12,5,7
Tetzuo,illidan,480,hunter,beastmastery,12,5,7
Mna,azralon,480,hunter,beastmastery,12,5,7
Yosra,frostmourne,480,hunter,beastmastery,12,5,7
Àthenaa,malygos,480,hunter,beastmastery,12,5,7
Taskete,ragnaros,480,hunter,beastmastery,12,5,7
Feradeth,thrall,480,hunter,beastmastery,12,5,7
Gorillafart,spirestone,480,hunter,beastmastery,12,5,7
Ferex,tichondrius,480,hunter,beastmastery,12,5,7
Drakku,zuljin,480,hunter,beastmastery,12,5,7
Drixxt,mannoroth,480,hunter,beastmastery,12,5,7
Exabyssus,bleeding-hollow,480,hunter,beastmastery,12,5,7
Tonysting,sargeras,480,hunter,beastmastery,12,5,7
Trickshot,hakkar,480,hunter,beastmastery,12,5,7
Banai,the-underbog,480,hunter,beastmastery,12,5,7
Alssong,tichondrius,480,hunter,beastmastery,12,5,7
Atirofofo,azralon,480,hunter,beastmastery,12,5,7
Åî,tichondrius,480,hunter,beastmastery,12,5,7
Kaloh,daggerspine,480,hunter,beastmastery,12,5,7
Feltz,moon-guard,480,hunter,beastmastery,12,5,7
Checkhunter,frostwolf,480,hunter,beastmastery,12,5,7
Langs,bronzebeard,480,hunter,beastmastery,12,5,7
Krissiz,drakkari,480,hunter,beastmastery,12,5,7
Pannds,proudmoore,480,hunter,beastmastery,12,5,7
Hitcompleted,moon-guard,480,hunter,beastmastery,12,5,7
Harosh,azralon,480,hunter,beastmastery,12,5,7
Twoshotz,stormrage,480,hunter,beastmastery,12,5,7
Silemantorc,azralon,480,hunter,beastmastery,12,5,7
ßoo,darkspear,480,hunter,beastmastery,12,5,7
Skillhunter,tichondrius,480,hunter,beastmastery,12,5,7
Estrijeen,barthilas,480,hunter,beastmastery,12,5,7
Affections,darkspear,480,hunter,beastmastery,12,5,7
Deklin,malganis,480,hunter,beastmastery,12,5,7
Hèro,barthilas,480,hunter,beastmastery,12,5,7
Tureckk,illidan,480,hunter,beastmastery,12,5,7
Michaeljfox,area-52,480,hunter,beastmastery,12,5,7
Crannin,akama,480,hunter,beastmastery,12,5,7
Borh,arthas,480,hunter,beastmastery,12,5,7
Powerstrokes,sargeras,480,hunter,beastmastery,12,5,7
Valeous,azjolnerub,480,hunter,beastmastery,12,5,7
Keltuzard,quelthalas,480,hunter,beastmastery,12,5,7
Ravell,arygos,480,hunter,beastmastery,12,5,7
Bowzza,area-52,480,hunter,beastmastery,12,5,7
Stayinsight,area-52,480,hunter,beastmastery,12,5,7
Tekneex,zuljin,480,hunter,beastmastery,12,5,7
Wønky,stormrage,480,hunter,beastmastery,12,5,7
Silveraero,ghostlands,480,hunter,beastmastery,12,5,7
Huntersuck,burning-blade,480,hunter,beastmastery,12,5,7
Dinkfink,emerald-dream,480,hunter,beastmastery,12,5,7
Kansolly,tichondrius,480,hunter,beastmastery,12,5,7
Ariais,zangarmarsh,480,hunter,beastmastery,12,5,7
Hendlie,frostmourne,480,hunter,beastmastery,12,5,7
Imperatrix,emerald-dream,480,hunter,beastmastery,12,5,7
Powdersoak,area-52,480,hunter,beastmastery,12,5,7
Feladorn,silver-hand,480,hunter,beastmastery,12,5,7
Chenghiskhan,tichondrius,480,hunter,beastmastery,12,5,7
Mcbacon,illidan,480,hunter,beastmastery,12,5,7
Taphh,moon-guard,480,hunter,beastmastery,12,5,7
Skitso,illidan,480,hunter,beastmastery,12,5,7
Hellbow,ragnaros,480,hunter,beastmastery,12,5,7
Ghostdâwg,stormrage,480,hunter,beastmastery,12,5,7
Chutput,dalaran,480,hunter,beastmastery,15,6,9
Bøl,ragnaros,480,hunter,beastmastery,16,5,11
Chetxs,bleeding-hollow,480,hunter,beastmastery,18,5,13
Ayepapi,darkspear,480,hunter,beastmastery,18,5,13
Amoreiene,stormrage,480,hunter,beastmastery,18,5,13
Sunflwerdawn,emerald-dream,480,hunter,beastmastery,18,5,13
Murk,spirestone,480,hunter,beastmastery,18,5,13
Snoogen,illidan,480,hunter,beastmastery,18,5,13
Panzerfäust,zuljin,480,hunter,beastmastery,18,5,13
Semiautmatic,thrall,480,hunter,beastmastery,18,5,13
Blockbusters,sargeras,480,hunter,beastmastery,18,5,13
Aesennia,wyrmrest-accord,480,hunter,beastmastery,18,5,13
Deathwaker,nordrassil,480,hunter,beastmastery,18,5,13
Nasca,stormrage,480,hunter,beastmastery,19,5,14
Mafghine,malganis,479,hunter,beastmastery,6,5,1
Segulah,dalaran,479,hunter,beastmastery,6,5,1
Sizzimus,area-52,479,hunter,beastmastery,6,5,1
Chosan,sargeras,479,hunter,beastmastery,12,5,7
Pickshot,boulderfist,479,hunter,beastmastery,12,5,7
Deadlyattack,barthilas,479,hunter,beastmastery,12,5,7
Furyblast,tichondrius,479,hunter,beastmastery,12,5,7
Kairoke,azralon,479,hunter,beastmastery,12,5,7
Breakthëm,bonechewer,479,hunter,beastmastery,12,5,7
Capyou,lightninghoof,479,hunter,beastmastery,12,5,7
Equipmunk,arthas,479,hunter,beastmastery,12,5,7
Dwarfpecker,hydraxis,479,hunter,beastmastery,12,5,7
Livershot,zuljin,479,hunter,beastmastery,12,5,7
Simoro,malganis,479,hunter,beastmastery,14,5,9
Trushôtz,tichondrius,479,hunter,beastmastery,17,5,12
Simonskinny,eredar,479,hunter,beastmastery,18,5,13
Starkmeister,stormrage,479,hunter,beastmastery,18,5,13
Alutio,frostmourne,479,hunter,beastmastery,18,5,13
Cortavento,azralon,479,hunter,beastmastery,18,5,13
Twistedx,tichondrius,479,hunter,beastmastery,18,5,13
Smider,magtheridon,479,hunter,beastmastery,18,5,13
Morngrimm,area-52,479,hunter,beastmastery,20,5,15
Zarrockk,emerald-dream,478,hunter,beastmastery,12,5,7
Waagg,ragnaros,478,hunter,beastmastery,12,5,7
Brianz,zuljin,478,hunter,beastmastery,18,5,13
Fiznits,nerzhul,478,hunter,beastmastery,18,5,13
Titchi,azralon,478,hunter,beastmastery,18,5,13
Haltheron,azshara,477,hunter,beastmastery,12,5,7
Slowbear,kiljaeden,477,hunter,beastmastery,12,5,7
Funpickle,area-52,477,hunter,beastmastery,12,5,7
Azraelshunt,sargeras,477,hunter,beastmastery,18,5,13
Braindeadly,malganis,476,hunter,beastmastery,12,5,7
Leeaah,stormrage,476,hunter,beastmastery,12,5,7
Syphiel,moon-guard,476,hunter,beastmastery,12,5,7
Brokenarrowz,gilneas,475,hunter,beastmastery,12,5,7
Ogma,mugthol,475,hunter,beastmastery,12,5,7
Laer,frostmourne,475,hunter,beastmastery,49,5,44
Ledrip,sargeras,463,hunter,beastmastery,11,5,6
Krosan,zuluhed,463,hunter,beastmastery,11,5,6
Troubleshoot,thrall,463,hunter,beastmastery,17,5,12
Stonebreed,whisperwind,447,hunter,beastmastery,11,5,6
Gunther,korgath,447,hunter,beastmastery,11,5,6
Degenape,bleeding-hollow,447,hunter,beastmastery,11,5,6
Grudqt,blackrock,447,hunter,beastmastery,15,6,9
Vuur,korialstrasz,447,hunter,beastmastery,19,6,13
Vínçent,blood-furnace,447,hunter,beastmastery,23,5,18
Virindi,barthilas,432,hunter,beastmastery,9,5,4
Rástakhan,ragnaros,431,hunter,beastmastery,11,5,6
Ryanshootsu,tichondrius,431,hunter,beastmastery,11,5,6
Onlyfeignz,sargeras,431,hunter,beastmastery,11,5,6
Piess,thrall,431,hunter,beastmastery,15,5,10
Hum,tichondrius,426,hunter,beastmastery,15,7,8
Shotgunpain,nazjatar,426,hunter,beastmastery,16,7,9
Noscoped,barthilas,426,hunter,beastmastery,15,6,9
Hazzlôk,cairne,426,hunter,beastmastery,20,7,13
Yiyixx,tichondrius,426,hunter,beastmastery,28,6,22
Ripmytoast,chogall,424,hunter,beastmastery,16,7,9
Natiry,nemesis,415,hunter,beastmastery,8,5,3
Verse,aggramar,415,hunter,beastmastery,12,6,6
Resonators,tichondrius,400,hunter,beastmastery,13,5,8
Fistbèk,bleeding-hollow,393,hunter,beastmastery,23,7,16
Cowboyhood,tanaris,384,hunter,beastmastery,6,4,2
Jerso,zuljin,384,hunter,beastmastery,6,4,2
Beanshotz,area-52,384,hunter,beastmastery,6,4,2
Dexh,frostmourne,384,hunter,beastmastery,6,4,2
Deshiie,proudmoore,384,hunter,beastmastery,6,4,2
Ithanna,quelthalas,384,hunter,beastmastery,6,4,2
Relinna,lightbringer,384,hunter,beastmastery,6,4,2
Lowlore,moon-guard,384,hunter,beastmastery,6,4,2
Loveurtushyy,cairne,384,hunter,beastmastery,6,4,2
Bufluu,bleeding-hollow,384,hunter,beastmastery,6,4,2
Chokemescara,stormrage,384,hunter,beastmastery,6,4,2
Scytsbow,illidan,384,hunter,beastmastery,6,4,2
Dorilae,bleeding-hollow,384,hunter,beastmastery,6,4,2
Trapula,tichondrius,384,hunter,beastmastery,6,4,2
Infatuatedx,moon-guard,384,hunter,beastmastery,6,4,2
Primalus,tichondrius,384,hunter,beastmastery,6,4,2
Realtrapper,thrall,384,hunter,beastmastery,6,4,2
Elmerfudge,tichondrius,384,hunter,beastmastery,6,4,2
Nalsaz,tichondrius,384,hunter,beastmastery,6,4,2
Idiiot,sargeras,384,hunter,beastmastery,6,4,2
Hyyz,proudmoore,384,hunter,beastmastery,6,4,2
Zubo,tichondrius,384,hunter,beastmastery,6,4,2
Dcousins,tichondrius,384,hunter,beastmastery,6,4,2
Statîcx,thrall,384,hunter,beastmastery,6,4,2
Swearinger,kelthuzad,384,hunter,beastmastery,6,4,2
Meanie,garrosh,384,hunter,beastmastery,6,4,2
Kearnen,tichondrius,384,hunter,beastmastery,6,4,2
Drinktodrown,moon-guard,384,hunter,beastmastery,6,4,2
Bodangel,galakrond,384,hunter,beastmastery,6,4,2
Skytah,darkspear,384,hunter,beastmastery,6,4,2
Naxhunter,stormrage,384,hunter,beastmastery,6,4,2
Chikkynuggy,destromath,384,hunter,beastmastery,6,4,2
Edub,tichondrius,384,hunter,beastmastery,6,4,2
Landon,lightnings-blade,384,hunter,beastmastery,6,4,2
Damatic,area-52,384,hunter,beastmastery,6,4,2
Jerusa,illidan,384,hunter,beastmastery,6,4,2
Trapstar,aggramar,384,hunter,beastmastery,6,4,2
Stallwart,bronzebeard,384,hunter,beastmastery,6,4,2
Hunterquim,stormrage,384,hunter,beastmastery,6,4,2
Sôuleater,moon-guard,384,hunter,beastmastery,6,4,2
Sindshai,onyxia,384,hunter,beastmastery,6,4,2
Silvershot,emerald-dream,384,hunter,beastmastery,6,4,2
Eazyaimz,thrall,384,hunter,beastmastery,6,4,2
Hunterbausch,thrall,384,hunter,beastmastery,6,4,2
Bigtrapdog,sargeras,384,hunter,beastmastery,6,4,2
Shiki,icecrown,384,hunter,beastmastery,6,4,2
Krazykilla,spirestone,384,hunter,beastmastery,6,4,2
Fizzpow,blackrock,384,hunter,beastmastery,6,4,2
Pewpew,stormreaver,384,hunter,beastmastery,6,4,2
Lèkïnhø,azralon,384,hunter,beastmastery,6,4,2
Coçador,stormrage,384,hunter,beastmastery,6,4,2
Zzackchicken,tichondrius,384,hunter,beastmastery,6,4,2
Sconebone,andorhal,384,hunter,beastmastery,6,4,2
Mälädÿ,nemesis,384,hunter,beastmastery,6,4,2
Bênton,tichondrius,384,hunter,beastmastery,6,4,2
Explodez,illidan,384,hunter,beastmastery,6,4,2
Skað,lightbringer,384,hunter,beastmastery,6,4,2
Chichi,korgath,384,hunter,beastmastery,6,4,2
Kong,tichondrius,384,hunter,beastmastery,6,4,2
Kallthess,maelstrom,384,hunter,beastmastery,6,4,2
Anteróz,tichondrius,384,hunter,beastmastery,9,4,5
Grumaku,area-52,384,hunter,beastmastery,12,4,8
Bangerzx,stormrage,384,hunter,beastmastery,12,4,8
Saharä,illidan,384,hunter,beastmastery,12,4,8
Arfifteen,aggramar,384,hunter,beastmastery,12,4,8
Socraates,shattered-hand,384,hunter,beastmastery,12,4,8
Throwadox,malganis,384,hunter,beastmastery,12,4,8
Withoutraps,quelthalas,384,hunter,beastmastery,12,4,8
Nearsightedd,area-52,384,hunter,beastmastery,12,4,8
Pirateninja,illidan,384,hunter,beastmastery,12,4,8
Vandescar,illidan,384,hunter,beastmastery,12,4,8
Päinal,area-52,384,hunter,beastmastery,12,4,8
Bowfox,area-52,384,hunter,beastmastery,12,4,8
Roenigk,stormrage,384,hunter,beastmastery,12,4,8
Deatharrow,azuremyst,384,hunter,beastmastery,12,4,8
Miansi,tichondrius,384,hunter,beastmastery,12,4,8
Ælij,tichondrius,384,hunter,beastmastery,12,4,8
Valrosan,stormrage,384,hunter,beastmastery,12,4,8
Moùrningwood,stormrage,384,hunter,beastmastery,12,4,8
Inetpub,stormrage,384,hunter,beastmastery,12,4,8
Rhyzen,drenden,384,hunter,beastmastery,12,4,8
Quintonius,stormrage,384,hunter,beastmastery,12,4,8
Arcuz,quelthalas,384,hunter,beastmastery,12,4,8
Shatterwax,area-52,384,hunter,beastmastery,12,4,8
Coggter,uther,384,hunter,beastmastery,12,4,8
Lookoutt,tichondrius,384,hunter,beastmastery,12,4,8
Skycaptaín,lightbringer,384,hunter,beastmastery,12,4,8
Garbogaloo,malganis,384,hunter,beastmastery,12,4,8
Noxura,illidan,384,hunter,beastmastery,12,4,8
Zothus,azralon,384,hunter,beastmastery,12,4,8
Gandury,tichondrius,384,hunter,beastmastery,12,4,8
Bowsauce,khadgar,384,hunter,beastmastery,12,4,8
Largetender,illidan,384,hunter,beastmastery,12,4,8
Elywen,alexstrasza,384,hunter,beastmastery,12,4,8
Kragith,malganis,384,hunter,beastmastery,12,4,8
Zeront,garona,384,hunter,beastmastery,12,4,8
Seanpaì,tichondrius,384,hunter,beastmastery,12,4,8
Alkynabm,kelthuzad,384,hunter,beastmastery,12,4,8
Dampteeth,sargeras,384,hunter,beastmastery,12,4,8
Bówjòb,nordrassil,384,hunter,beastmastery,12,4,8
Mídnîght,azralon,384,hunter,beastmastery,12,4,8
Dirkadirk,tichondrius,384,hunter,beastmastery,12,4,8
Kharvaash,onyxia,384,hunter,beastmastery,12,4,8
Vencc,tichondrius,384,hunter,beastmastery,12,4,8
Devastavi,proudmoore,384,hunter,beastmastery,12,4,8
Noskillz,garona,384,hunter,beastmastery,12,4,8
Calvarîam,korgath,384,hunter,beastmastery,12,4,8
Cluhaywood,zuljin,384,hunter,beastmastery,12,4,8
Shaevie,lothar,384,hunter,beastmastery,12,4,8
Gaydin,zuljin,384,hunter,beastmastery,12,4,8
Eldpoopface,blackrock,384,hunter,beastmastery,12,4,8
Grimshot,boulderfist,384,hunter,beastmastery,12,4,8
Knarlin,uldum,384,hunter,beastmastery,12,4,8
Gawwd,proudmoore,384,hunter,beastmastery,12,4,8
Muckenfoose,frostmourne,384,hunter,beastmastery,12,4,8
Czeroenjoyer,malganis,384,hunter,beastmastery,12,4,8
Hanny,sargeras,384,hunter,beastmastery,12,4,8
Killaferret,uldum,384,hunter,beastmastery,12,4,8
Shootr,darkspear,384,hunter,beastmastery,12,4,8
Smurc,tichondrius,384,hunter,beastmastery,12,4,8
Deahtgab,ragnaros,384,hunter,beastmastery,12,4,8
Dubbledee,malganis,384,hunter,beastmastery,12,4,8
Calev,frostmourne,384,hunter,beastmastery,12,4,8
Sydina,malganis,384,hunter,beastmastery,12,4,8
Kuuladria,whisperwind,384,hunter,beastmastery,12,4,8
Meetdmonster,illidan,384,hunter,beastmastery,18,4,14
Petkink,stormrage,384,hunter,beastmastery,18,4,14
Gugubird,proudmoore,384,hunter,beastmastery,18,4,14
Stroodleboy,korgath,384,hunter,beastmastery,18,4,14
Atheos,gallywix,384,hunter,beastmastery,18,4,14
Löö,arthas,384,hunter,beastmastery,23,4,19
Gichiwalrus,emerald-dream,383,hunter,beastmastery,6,4,2
Bboo,bonechewer,383,hunter,beastmastery,6,4,2
Moogoogaipan,icecrown,383,hunter,beastmastery,6,4,2
Defacecilth,dalaran,383,hunter,beastmastery,12,4,8
Gals,saurfang,383,hunter,beastmastery,12,4,8
Paulayork,drakthul,383,hunter,beastmastery,12,4,8
Purna,moon-guard,383,hunter,beastmastery,12,4,8
Tarakii,moon-guard,383,hunter,beastmastery,12,4,8
Falarah,proudmoore,383,hunter,beastmastery,12,4,8
Böwjøb,illidan,383,hunter,beastmastery,12,4,8
Lamper,emerald-dream,383,hunter,beastmastery,12,4,8
Glarnog,illidan,383,hunter,beastmastery,12,4,8
Patcherson,kargath,383,hunter,beastmastery,12,4,8
Foakus,zuljin,383,hunter,beastmastery,13,4,9
Asylum,kul-tiras,382,hunter,beastmastery,12,4,8
Etb,bleeding-hollow,382,hunter,beastmastery,12,4,8
Azzreall,silvermoon,382,hunter,beastmastery,30,4,26
Sérapis,azralon,381,hunter,beastmastery,12,4,8
Aykiz,tichondrius,381,hunter,beastmastery,12,4,8
Mórrígán,kelthuzad,381,hunter,beastmastery,18,4,14
Zarizak,tichondrius,379,hunter,beastmastery,12,4,8
Ire,kelthuzad,367,hunter,beastmastery,11,4,7
Ssobit,tichondrius,367,hunter,beastmastery,11,4,7
Sylaris,arathor,366,hunter,beastmastery,11,4,7
Clinkz,chogall,351,hunter,beastmastery,11,4,7
Kemper,dragonmaw,351,hunter,beastmastery,11,4,7
Swagprince,skullcrusher,335,hunter,beastmastery,11,4,7
Sadarrow,frostmourne,334,hunter,beastmastery,11,4,7
Pichsolika,frostmourne,330,hunter,beastmastery,13,5,8
Nøcturnîs,tichondrius,330,hunter,beastmastery,15,5,10
Sheriff,blackrock,319,hunter,beastmastery,8,4,4
Khillin,destromath,319,hunter,beastmastery,8,4,4
Huntli,elune,304,hunter,beastmastery,7,4,3
Cefla,illidan,288,hunter,beastmastery,6,3,3
Refused,magtheridon,288,hunter,beastmastery,6,3,3
Comtambisuon,frostmourne,288,hunter,beastmastery,6,3,3
Changam,ragnaros,288,hunter,beastmastery,6,3,3
Talksic,bladefist,288,hunter,beastmastery,6,3,3
Wiittig,hyjal,288,hunter,beastmastery,6,3,3
Pesuñita,illidan,288,hunter,beastmastery,6,3,3
Bmsurvmm,tichondrius,288,hunter,beastmastery,6,3,3
Intrusionalh,barthilas,288,hunter,beastmastery,6,3,3
Jamesfranco,malganis,288,hunter,beastmastery,6,3,3
Realzanderr,antonidas,288,hunter,beastmastery,6,3,3
Venj,proudmoore,288,hunter,beastmastery,6,3,3
Dearyuanylol,tichondrius,288,hunter,beastmastery,6,3,3
Shikay,frostmourne,288,hunter,beastmastery,6,3,3
Lundyhunty,silver-hand,288,hunter,beastmastery,6,3,3
Lelantos,stonemaul,288,hunter,beastmastery,6,3,3
Viavii,barthilas,288,hunter,beastmastery,6,3,3
Noz,terenas,288,hunter,beastmastery,6,3,3
Billcsbyswtr,sargeras,288,hunter,beastmastery,6,3,3
Ocxhunter,nemesis,288,hunter,beastmastery,6,3,3
Elroyjetson,arthas,288,hunter,beastmastery,6,3,3
Grimpossible,sargeras,288,hunter,beastmastery,6,3,3
Gnurfgun,proudmoore,288,hunter,beastmastery,6,3,3
Nellond,malganis,288,hunter,beastmastery,6,3,3
Wrectitralph,sargeras,288,hunter,beastmastery,6,3,3
Stompaholic,arthas,288,hunter,beastmastery,6,3,3
Vikshen,illidan,288,hunter,beastmastery,6,3,3
Duskfire,alleria,288,hunter,beastmastery,6,3,3
Moyria,quelthalas,288,hunter,beastmastery,6,3,3
Rakhesh,quelthalas,288,hunter,beastmastery,6,3,3
Voltter,illidan,288,hunter,beastmastery,6,3,3
Altte,proudmoore,288,hunter,beastmastery,6,3,3
Trailed,dalaran,288,hunter,beastmastery,6,3,3
Djpopshot,thrall,288,hunter,beastmastery,6,3,3
Dolboo,tichondrius,288,hunter,beastmastery,6,3,3
Hannes,boulderfist,288,hunter,beastmastery,6,3,3
Adastro,illidan,288,hunter,beastmastery,6,3,3
Aasharrow,thrall,288,hunter,beastmastery,6,3,3
Miraclez,nerzhul,288,hunter,beastmastery,6,3,3
Ironova,illidan,288,hunter,beastmastery,6,3,3
Toxichunt,frostmourne,288,hunter,beastmastery,6,3,3
Nexxa,muradin,288,hunter,beastmastery,6,3,3
Pewpewbang,muradin,288,hunter,beastmastery,6,3,3
Toxicbowjobs,tichondrius,288,hunter,beastmastery,6,3,3
Saucypapi,kiljaeden,288,hunter,beastmastery,6,3,3
Archetype,bladefist,288,hunter,beastmastery,6,3,3
Bacigalupo,medivh,288,hunter,beastmastery,6,3,3
Tuanorz,proudmoore,288,hunter,beastmastery,6,3,3
Yoyoletsgo,malganis,288,hunter,beastmastery,6,3,3
Norgalys,proudmoore,288,hunter,beastmastery,6,3,3
Mogradme,shadowsong,288,hunter,beastmastery,6,3,3
Adapted,proudmoore,288,hunter,beastmastery,6,3,3
Emart,bloodhoof,288,hunter,beastmastery,6,3,3
Herroo,thrall,288,hunter,beastmastery,6,3,3
Relandria,jubeithos,288,hunter,beastmastery,6,3,3
Siimmplicitz,area-52,288,hunter,beastmastery,6,3,3
Jungling,kelthuzad,288,hunter,beastmastery,6,3,3
Wafflezxo,frostmourne,288,hunter,beastmastery,6,3,3
Shallwe,frostmourne,288,hunter,beastmastery,6,3,3
Gupples,frostwolf,288,hunter,beastmastery,6,3,3
Siebee,tichondrius,288,hunter,beastmastery,6,3,3
Deáthbyarrow,barthilas,288,hunter,beastmastery,6,3,3
Redthedeer,warsong,288,hunter,beastmastery,6,3,3
Huntnwabbit,stormrage,288,hunter,beastmastery,6,3,3
Nightstålkër,moon-guard,288,hunter,beastmastery,6,3,3
Barrohunt,tichondrius,288,hunter,beastmastery,6,3,3
Prasanna,kelthuzad,288,hunter,beastmastery,6,3,3
Illine,azralon,288,hunter,beastmastery,6,3,3
Kahoykeso,frostmourne,288,hunter,beastmastery,6,3,3
Díllý,area-52,288,hunter,beastmastery,6,3,3
Gudlukk,stormrage,288,hunter,beastmastery,6,3,3
Hunterspirit,azralon,288,hunter,beastmastery,6,3,3
Georgigeo,turalyon,288,hunter,beastmastery,6,3,3
Chadbowsman,tichondrius,288,hunter,beastmastery,6,3,3
Firskin,frostmourne,288,hunter,beastmastery,6,3,3
Ceruleanrose,sargeras,288,hunter,beastmastery,6,3,3
Shahirah,area-52,288,hunter,beastmastery,6,3,3
Soberish,bleeding-hollow,288,hunter,beastmastery,6,3,3
Vinksy,sargeras,288,hunter,beastmastery,6,3,3
Yunggrávy,sargeras,288,hunter,beastmastery,6,3,3
Dannyb,tichondrius,288,hunter,beastmastery,6,3,3
Wanshöt,tichondrius,288,hunter,beastmastery,6,3,3
Mynds,stormrage,288,hunter,beastmastery,6,3,3
Moroallytwo,sargeras,288,hunter,beastmastery,6,3,3
Shallaiya,stormrage,288,hunter,beastmastery,6,3,3
Noah,mugthol,288,hunter,beastmastery,6,3,3
Blastinnagas,tichondrius,288,hunter,beastmastery,6,3,3
Ballistik,area-52,288,hunter,beastmastery,6,3,3
Aldurion,wyrmrest-accord,288,hunter,beastmastery,6,3,3
Vivaswan,tichondrius,288,hunter,beastmastery,6,3,3
Namechange,guldan,288,hunter,beastmastery,6,3,3
Topgshooter,stormrage,288,hunter,beastmastery,6,3,3
Kookh,area-52,288,hunter,beastmastery,6,3,3
Naksha,area-52,288,hunter,beastmastery,6,3,3
Ow,shadow-council,288,hunter,beastmastery,6,3,3
Arrazyne,jubeithos,288,hunter,beastmastery,6,3,3
Onahai,tichondrius,288,hunter,beastmastery,6,3,3
Çrimson,frostmourne,288,hunter,beastmastery,6,3,3
Limpingspoon,kelthuzad,288,hunter,beastmastery,6,3,3
Raainha,stormrage,288,hunter,beastmastery,6,3,3
Skarsnick,draenor,288,hunter,beastmastery,6,3,3
Kimimai,area-52,288,hunter,beastmastery,6,3,3
Nastynadia,frostmourne,288,hunter,beastmastery,6,3,3
Andrømeda,frostmourne,288,hunter,beastmastery,6,3,3
Rexczar,shattered-hand,288,hunter,beastmastery,6,3,3
Enonoa,thunderlord,288,hunter,beastmastery,6,3,3
Accessdraven,sargeras,288,hunter,beastmastery,6,3,3
Derppasaurus,tichondrius,288,hunter,beastmastery,6,3,3
Lyler,tichondrius,288,hunter,beastmastery,6,3,3
Shootin,frostmourne,288,hunter,beastmastery,6,3,3
Cablok,moon-guard,288,hunter,beastmastery,6,3,3
Sparemeok,illidan,288,hunter,beastmastery,6,3,3
Verdao,stormrage,288,hunter,beastmastery,6,3,3
Iol,blades-edge,288,hunter,beastmastery,6,3,3
Grayføxx,twisting-nether,288,hunter,beastmastery,6,3,3
Shoottokill,frostmourne,288,hunter,beastmastery,6,3,3
Iosaon,tichondrius,288,hunter,beastmastery,6,3,3
Prodivus,stormrage,288,hunter,beastmastery,6,3,3
Schumann,ursin,288,hunter,beastmastery,6,3,3
Heãdhunter,area-52,288,hunter,beastmastery,6,3,3
Rolandschitt,area-52,288,hunter,beastmastery,6,3,3
Mhd,stormrage,288,hunter,beastmastery,6,3,3
Dhanirus,drakkari,288,hunter,beastmastery,6,3,3
Guacmec,tichondrius,288,hunter,beastmastery,6,3,3
Scolhunter,scarlet-crusade,288,hunter,beastmastery,6,3,3
Makeastinky,malfurion,288,hunter,beastmastery,6,3,3
Arrowenn,zuljin,288,hunter,beastmastery,6,3,3
Skulltøn,area-52,288,hunter,beastmastery,6,3,3
Terrabytés,kelthuzad,288,hunter,beastmastery,6,3,3
Ssjbuu,kelthuzad,288,hunter,beastmastery,6,3,3
Zeroday,emerald-dream,288,hunter,beastmastery,6,3,3
Fakerz,stormrage,288,hunter,beastmastery,6,3,3
Trixex,darkspear,288,hunter,beastmastery,6,3,3
Mulnaaj,zuljin,288,hunter,beastmastery,6,3,3
Abend,darkspear,288,hunter,beastmastery,6,3,3
Papagoofy,zuljin,288,hunter,beastmastery,6,3,3
Nyloc,dalvengyr,288,hunter,beastmastery,6,3,3
Shadewalker,earthen-ring,288,hunter,beastmastery,6,3,3
Legendshot,area-52,288,hunter,beastmastery,6,3,3
Ogkataro,tichondrius,288,hunter,beastmastery,6,3,3
Sharpsteelz,stormrage,288,hunter,beastmastery,6,3,3
Karnnagexxl,cenarion-circle,288,hunter,beastmastery,6,3,3
Hahahahahaha,frostmourne,288,hunter,beastmastery,6,3,3
Cloudbuck,aegwynn,288,hunter,beastmastery,7,3,4
Zbhunter,tichondrius,288,hunter,beastmastery,10,4,6
Omenevil,stormrage,288,hunter,beastmastery,8,3,5
Chimpee,sargeras,288,hunter,beastmastery,8,3,5
Wargodthor,blades-edge,288,hunter,beastmastery,12,3,9
Zhona,moon-guard,288,hunter,beastmastery,12,3,9
Leggodex,caelestrasz,288,hunter,beastmastery,12,3,9
Grlzzlyadams,norgannon,288,hunter,beastmastery,12,3,9
Rsttlegore,stormscale,288,hunter,beastmastery,12,3,9
Datzaza,illidan,288,hunter,beastmastery,12,3,9
Ahegaox,illidan,288,hunter,beastmastery,12,3,9
Inurah,malganis,288,hunter,beastmastery,12,3,9
Icculus,norgannon,288,hunter,beastmastery,12,3,9
Thiande,zuljin,288,hunter,beastmastery,12,3,9
Pewpowbang,illidan,288,hunter,beastmastery,12,3,9
Reecerkoz,nagrand,288,hunter,beastmastery,12,3,9
Dragon,stormscale,288,hunter,beastmastery,12,3,9
Prowd,staghelm,288,hunter,beastmastery,12,3,9
Sukr,korgath,288,hunter,beastmastery,12,3,9
Dieplox,thunderhorn,288,hunter,beastmastery,12,3,9
Rooman,ragnaros,288,hunter,beastmastery,12,3,9
Ratbasterrd,darkspear,288,hunter,beastmastery,12,3,9
Wave,kelthuzad,288,hunter,beastmastery,12,3,9
Rice,veknilash,288,hunter,beastmastery,12,3,9
Jgalth,chogall,288,hunter,beastmastery,12,3,9
Zaydenm,sargeras,288,hunter,beastmastery,12,3,9
Delanooch,rexxar,288,hunter,beastmastery,12,3,9
Fosberry,sargeras,288,hunter,beastmastery,12,3,9
Spurtzki,emerald-dream,288,hunter,beastmastery,12,3,9
Natnat,sargeras,288,hunter,beastmastery,12,3,9
Worewolf,lightninghoof,288,hunter,beastmastery,12,3,9
Ruckq,stormrage,288,hunter,beastmastery,12,3,9
Vendle,ravenholdt,288,hunter,beastmastery,12,3,9
Ryanderanged,wyrmrest-accord,288,hunter,beastmastery,12,3,9
Simyra,moon-guard,288,hunter,beastmastery,12,3,9
Morisacas,illidan,288,hunter,beastmastery,12,3,9
Warhog,wyrmrest-accord,288,hunter,beastmastery,12,3,9
Nephyxo,kiljaeden,288,hunter,beastmastery,12,3,9
Blåckhat,frostmourne,288,hunter,beastmastery,12,3,9
Gunwalk,azjolnerub,288,hunter,beastmastery,12,3,9
Dsizzle,tichondrius,288,hunter,beastmastery,12,3,9
Neríne,drakkari,288,hunter,beastmastery,12,3,9
Perfectcrit,area-52,288,hunter,beastmastery,12,3,9
Boyarsky,area-52,288,hunter,beastmastery,12,3,9
Fiercetamer,azuremyst,288,hunter,beastmastery,18,3,15
Bëcäüsë,proudmoore,288,hunter,beastmastery,18,3,15
Yazonics,stormrage,288,hunter,beastmastery,18,3,15
Mphunter,azralon,288,hunter,beastmastery,24,3,21
Euroniimus,ragnaros,287,hunter,beastmastery,6,3,3
Cococakez,darkspear,287,hunter,beastmastery,6,3,3
Ledan,lightnings-blade,287,hunter,beastmastery,6,3,3
Qwazy,zuljin,287,hunter,beastmastery,6,3,3
Xeneize,anubarak,287,hunter,beastmastery,6,3,3
Dagganet,thrall,287,hunter,beastmastery,6,3,3
Covidcovid,destromath,287,hunter,beastmastery,6,3,3
Orchunter,nathrezim,287,hunter,beastmastery,6,3,3
Luzyfer,quelthalas,287,hunter,beastmastery,6,3,3
Xereck,emerald-dream,287,hunter,beastmastery,12,3,9
Arin,suramar,287,hunter,beastmastery,12,3,9
Elravagerr,medivh,287,hunter,beastmastery,12,3,9
Drwu,stormrage,287,hunter,beastmastery,12,3,9
Snaken,the-forgotten-coast,287,hunter,beastmastery,12,3,9
Morasongg,area-52,286,hunter,beastmastery,12,3,9
Darkally,blades-edge,285,hunter,beastmastery,18,3,15
Kornatoma,bleeding-hollow,284,hunter,beastmastery,12,3,9
Smokiiganja,proudmoore,256,hunter,beastmastery,10,3,7
Bulszeye,azgalor,255,hunter,beastmastery,8,4,4
Mail,azralon,255,hunter,beastmastery,12,5,7
Petluver,bronzebeard,240,hunter,beastmastery,9,3,6
Pokeyourbutt,hydraxis,240,hunter,beastmastery,15,3,12
Barrit,windrunner,239,hunter,beastmastery,5,3,2
Reyxhunter,area-52,239,hunter,beastmastery,5,3,2
Vicecheney,illidan,239,hunter,beastmastery,5,3,2
Léfty,nagrand,239,hunter,beastmastery,11,3,8
Sigbjorn,khazgoroth,239,hunter,beastmastery,15,4,11
Kîsmet,area-52,234,hunter,beastmastery,8,4,4
Luiiguii,quelthalas,223,hunter,beastmastery,8,3,5
Rompecoolos,stormrage,223,hunter,beastmastery,8,3,5
Feralcat,nazjatar,208,hunter,beastmastery,13,3,10
Runecbow,eonar,192,hunter,beastmastery,4,3,1
Bunsglazing,zuluhed,192,hunter,beastmastery,4,3,1
Tukargoon,blackrock,192,hunter,beastmastery,6,2,4
Nenenhunt,ragnaros,192,hunter,beastmastery,6,2,4
Redskul,azralon,192,hunter,beastmastery,6,2,4
Slanderous,korgath,192,hunter,beastmastery,6,2,4
Elmozz,thrall,192,hunter,beastmastery,6,2,4
Flawwless,eredar,192,hunter,beastmastery,6,2,4
Nubcaks,nerzhul,192,hunter,beastmastery,6,2,4
Iskra,onyxia,192,hunter,beastmastery,6,2,4
Søapbubble,tichondrius,192,hunter,beastmastery,6,2,4
Caligar,tichondrius,192,hunter,beastmastery,6,2,4
Singer,lothar,192,hunter,beastmastery,6,2,4
Fjdominador,azralon,192,hunter,beastmastery,6,2,4
Etarie,malganis,192,hunter,beastmastery,6,2,4
Monstroow,nemesis,192,hunter,beastmastery,6,2,4
Kzxh,illidan,192,hunter,beastmastery,6,2,4
Camfeed,illidan,192,hunter,beastmastery,6,2,4
Gronk,azralon,192,hunter,beastmastery,6,2,4
Monffbc,tichondrius,192,hunter,beastmastery,6,2,4
Estilingada,azralon,192,hunter,beastmastery,6,2,4
Stigmaa,ragnaros,192,hunter,beastmastery,6,2,4
Nfo,lightbringer,192,hunter,beastmastery,6,2,4
Pinócho,ragnaros,192,hunter,beastmastery,6,2,4
Huntwhor,bladefist,192,hunter,beastmastery,6,2,4
Castíèl,thrall,192,hunter,beastmastery,6,2,4
Destrumz,zuljin,192,hunter,beastmastery,6,2,4
Hunterdemond,ragnaros,192,hunter,beastmastery,6,2,4
Vekic,ragnaros,192,hunter,beastmastery,6,2,4
Emiri,dalaran,192,hunter,beastmastery,6,2,4
Solderboi,tichondrius,192,hunter,beastmastery,6,2,4
Seyla,blood-furnace,192,hunter,beastmastery,6,2,4
Gruì,malganis,192,hunter,beastmastery,6,2,4
Xeneye,tichondrius,192,hunter,beastmastery,6,2,4
Kalripkensr,twisting-nether,192,hunter,beastmastery,6,2,4
Garble,darkspear,192,hunter,beastmastery,6,2,4
Dradran,kelthuzad,192,hunter,beastmastery,6,2,4
Hectorbuñue,quelthalas,192,hunter,beastmastery,6,2,4
Quinnshot,tichondrius,192,hunter,beastmastery,6,2,4
Madsniper,thunderlord,192,hunter,beastmastery,6,2,4
Jämmëdclïp,emerald-dream,192,hunter,beastmastery,6,2,4
Ometto,azralon,192,hunter,beastmastery,6,2,4
Baalboski,tichondrius,192,hunter,beastmastery,6,2,4
Honeyhunt,thrall,192,hunter,beastmastery,6,2,4
Nevon,azralon,192,hunter,beastmastery,6,2,4
Zarknoth,cenarius,192,hunter,beastmastery,6,2,4
Sahjana,lothar,192,hunter,beastmastery,6,2,4
Vvs,arthas,192,hunter,beastmastery,6,2,4
Alexandralis,zuljin,192,hunter,beastmastery,6,2,4
Munrrack,ragnaros,192,hunter,beastmastery,6,2,4
Cuervostreet,ragnaros,192,hunter,beastmastery,6,2,4
Antwonziezz,tichondrius,192,hunter,beastmastery,6,2,4
Lajovencita,arthas,192,hunter,beastmastery,6,2,4
Johnnybee,demon-soul,192,hunter,beastmastery,6,2,4
Sebastian,blackhand,192,hunter,beastmastery,6,2,4
Pudgihunt,proudmoore,192,hunter,beastmastery,6,2,4
Dreiya,quelthalas,192,hunter,beastmastery,6,2,4
Mvpglitched,darkspear,192,hunter,beastmastery,6,2,4
Catsualtaco,deathwing,192,hunter,beastmastery,6,2,4
Zoopdapoop,dalaran,192,hunter,beastmastery,6,2,4
Budget,emerald-dream,192,hunter,beastmastery,6,2,4
Diacachimbaa,ragnaros,192,hunter,beastmastery,6,2,4
Skolzero,azralon,192,hunter,beastmastery,6,2,4
Ikiteforfood,zuljin,192,hunter,beastmastery,6,2,4
Sogékíng,illidan,192,hunter,beastmastery,6,2,4
Lockdowwnn,kelthuzad,192,hunter,beastmastery,6,2,4
Chaseurnoir,exodar,192,hunter,beastmastery,6,2,4
Plumbuss,tichondrius,192,hunter,beastmastery,6,2,4
Powerful,aerie-peak,192,hunter,beastmastery,6,2,4
Luminai,thrall,192,hunter,beastmastery,6,2,4
Bambii,fizzcrank,192,hunter,beastmastery,6,2,4
Archfoe,maiev,192,hunter,beastmastery,6,2,4
Playboicarti,hyjal,192,hunter,beastmastery,6,2,4
Expskippy,darkspear,192,hunter,beastmastery,6,2,4
Farva,tanaris,192,hunter,beastmastery,6,2,4
Harrowin,area-52,192,hunter,beastmastery,6,2,4
Revengexyz,zuljin,192,hunter,beastmastery,6,2,4
Hedshot,kelthuzad,192,hunter,beastmastery,6,2,4
Izanägi,sargeras,192,hunter,beastmastery,6,2,4
Blickymon,wyrmrest-accord,192,hunter,beastmastery,6,2,4
Boquiinha,stormrage,192,hunter,beastmastery,6,2,4
Totolol,trollbane,192,hunter,beastmastery,6,2,4
Fäkêrøgüê,area-52,192,hunter,beastmastery,6,2,4
Moonraven,laughing-skull,192,hunter,beastmastery,6,2,4
Precizionlol,area-52,192,hunter,beastmastery,6,2,4
Greasyboi,tichondrius,192,hunter,beastmastery,6,2,4
Csadark,nemesis,192,hunter,beastmastery,6,2,4
Pêtophile,kiljaeden,192,hunter,beastmastery,6,2,4
Hìrcine,nesingwary,192,hunter,beastmastery,6,2,4
Obsol,hyjal,192,hunter,beastmastery,6,2,4
Öops,hyjal,192,hunter,beastmastery,6,2,4
Stupidhunter,aggramar,192,hunter,beastmastery,6,2,4
Pyunjeon,tichondrius,192,hunter,beastmastery,6,2,4
Rúdrá,area-52,192,hunter,beastmastery,6,2,4
Romro,norgannon,192,hunter,beastmastery,6,2,4
Sesami,tichondrius,192,hunter,beastmastery,6,2,4
Magvez,tichondrius,192,hunter,beastmastery,6,2,4
Crawl,auchindoun,192,hunter,beastmastery,6,2,4
Ohhmonsster,illidan,192,hunter,beastmastery,6,2,4
Royshot,stormrage,192,hunter,beastmastery,6,2,4
Saveawp,stormrage,192,hunter,beastmastery,6,2,4
Dargongunner,dalaran,192,hunter,beastmastery,6,2,4
Jbahh,hyjal,192,hunter,beastmastery,6,2,4
Blakespace,area-52,192,hunter,beastmastery,6,2,4
Dutchess,proudmoore,192,hunter,beastmastery,6,2,4
Shådé,stormrage,192,hunter,beastmastery,6,2,4
Nïblit,sargeras,192,hunter,beastmastery,6,2,4
Krattøs,bleeding-hollow,192,hunter,beastmastery,6,2,4
Kudzue,illidan,192,hunter,beastmastery,6,2,4
Uzixo,tichondrius,192,hunter,beastmastery,6,2,4
Huntith,kiljaeden,192,hunter,beastmastery,6,2,4
Deragon,tichondrius,192,hunter,beastmastery,6,2,4
Onlyflans,emerald-dream,192,hunter,beastmastery,6,2,4
Fova,wyrmrest-accord,192,hunter,beastmastery,6,2,4
Elivivia,tichondrius,192,hunter,beastmastery,6,2,4
Art,guldan,192,hunter,beastmastery,6,2,4
Zellor,wyrmrest-accord,192,hunter,beastmastery,6,2,4
Bluntcrushed,area-52,192,hunter,beastmastery,6,2,4
Ivanjackenov,illidan,192,hunter,beastmastery,6,2,4
Illrannevian,garrosh,192,hunter,beastmastery,6,2,4
Resonatorrob,illidan,192,hunter,beastmastery,6,2,4
Hitstickk,tichondrius,192,hunter,beastmastery,6,2,4
Letsmakebaby,sargeras,192,hunter,beastmastery,6,2,4
Slobon,tichondrius,192,hunter,beastmastery,6,2,4
Cloudz,laughing-skull,192,hunter,beastmastery,6,2,4
Notoffended,sargeras,192,hunter,beastmastery,6,2,4
Hüh,area-52,192,hunter,beastmastery,6,2,4
Khaandraa,moon-guard,192,hunter,beastmastery,6,2,4
Blindshotz,tichondrius,192,hunter,beastmastery,6,2,4
Jagwaar,malganis,192,hunter,beastmastery,6,2,4
Survbot,malganis,192,hunter,beastmastery,6,2,4
Hunata,crushridge,192,hunter,beastmastery,6,2,4
Sylvãnâs,tichondrius,192,hunter,beastmastery,6,2,4
Tichong,tichondrius,192,hunter,beastmastery,6,2,4
Menaceqq,stormrage,192,hunter,beastmastery,6,2,4
Arcús,drakkari,192,hunter,beastmastery,6,2,4
Dnicee,stormrage,192,hunter,beastmastery,6,2,4
Juicyfruit,bleeding-hollow,192,hunter,beastmastery,6,2,4
Petmeat,malganis,192,hunter,beastmastery,6,2,4
Goodideaa,tichondrius,192,hunter,beastmastery,6,2,4
Islapuwitaro,azjolnerub,192,hunter,beastmastery,6,2,4
Barrelsofrum,illidan,192,hunter,beastmastery,6,2,4
Equalizér,sargeras,192,hunter,beastmastery,6,2,4
Elvkalla,aegwynn,192,hunter,beastmastery,6,2,4
Aaggros,sargeras,192,hunter,beastmastery,6,2,4
Warplaquee,zuljin,192,hunter,beastmastery,6,2,4
Vyndiln,tichondrius,192,hunter,beastmastery,6,2,4
Presleyjane,tichondrius,192,hunter,beastmastery,6,2,4
Greyk,moon-guard,192,hunter,beastmastery,6,2,4
Viracha,stormrage,192,hunter,beastmastery,6,2,4
Glockrivers,sargeras,192,hunter,beastmastery,6,2,4
Dreadrahl,deathwing,192,hunter,beastmastery,6,2,4
Thazen,sargeras,192,hunter,beastmastery,6,2,4
Halaruka,area-52,192,hunter,beastmastery,6,2,4
Varianhunter,kelthuzad,192,hunter,beastmastery,6,2,4
Äkigga,tichondrius,192,hunter,beastmastery,6,2,4
Momtoy,illidan,192,hunter,beastmastery,6,2,4
Bombashotz,sargeras,192,hunter,beastmastery,6,2,4
Valdra,aegwynn,192,hunter,beastmastery,6,2,4
Aeht,illidan,192,hunter,beastmastery,6,2,4
Iapsux,bleeding-hollow,192,hunter,beastmastery,6,2,4
Mennis,archimonde,192,hunter,beastmastery,6,2,4
Titzyø,area-52,192,hunter,beastmastery,6,2,4
Twocranes,tichondrius,192,hunter,beastmastery,6,2,4
Jojojobo,tichondrius,192,hunter,beastmastery,6,2,4
Ussy,area-52,192,hunter,beastmastery,6,2,4
Swettx,bleeding-hollow,192,hunter,beastmastery,6,2,4
Samuelcolt,sargeras,192,hunter,beastmastery,6,2,4
Chømp,tichondrius,192,hunter,beastmastery,6,2,4
Ruluu,tichondrius,192,hunter,beastmastery,6,2,4
Wayer,tichondrius,192,hunter,beastmastery,6,2,4
Emve,area-52,192,hunter,beastmastery,6,2,4
Morepewpéw,area-52,192,hunter,beastmastery,6,2,4
Strepmutan,hakkar,192,hunter,beastmastery,6,2,4
Killercanis,nemesis,192,hunter,beastmastery,6,2,4
Jackrandall,frostmourne,192,hunter,beastmastery,6,2,4
Nahzah,stormrage,192,hunter,beastmastery,6,2,4
Autoshotxprt,frostmourne,192,hunter,beastmastery,6,2,4
Armaea,cenarion-circle,192,hunter,beastmastery,6,2,4
Gohan,jubeithos,192,hunter,beastmastery,6,2,4
Neverwipes,frostmourne,192,hunter,beastmastery,6,2,4
Clait,frostmourne,192,hunter,beastmastery,6,2,4
Wooftoof,frostmourne,192,hunter,beastmastery,6,2,4
Sativ,moknathal,192,hunter,beastmastery,6,2,4
Klepty,stormrage,192,hunter,beastmastery,6,2,4
Ellishunter,frostmourne,192,hunter,beastmastery,6,2,4
Fancyxo,frostmourne,192,hunter,beastmastery,6,2,4
Yggdrisli,moon-guard,192,hunter,beastmastery,6,2,4
Tordeck,frostmourne,192,hunter,beastmastery,6,2,4
Frìtz,barthilas,192,hunter,beastmastery,6,2,4
Ramboman,stormrage,192,hunter,beastmastery,6,2,4
Nanotorque,moon-guard,192,hunter,beastmastery,6,2,4
Endymîon,moknathal,192,hunter,beastmastery,6,2,4
Memitor,terenas,192,hunter,beastmastery,6,2,4
Spoojshot,frostmourne,192,hunter,beastmastery,6,2,4
Averely,skywall,192,hunter,beastmastery,6,2,4
Igzy,stormrage,192,hunter,beastmastery,6,2,4
Shootermgavn,frostmourne,192,hunter,beastmastery,6,2,4
Mojito,frostmourne,192,hunter,beastmastery,6,2,4
Critaclyzm,moon-guard,192,hunter,beastmastery,6,2,4
Stupïd,frostmourne,192,hunter,beastmastery,6,2,4
Krîî,zuljin,192,hunter,beastmastery,7,2,5
Kekorator,illidan,192,hunter,beastmastery,11,3,8
Defacegg,illidan,192,hunter,beastmastery,12,3,9
Seratoninx,malganis,192,hunter,beastmastery,9,2,7
Minax,twisting-nether,192,hunter,beastmastery,9,2,7
Bjj,eonar,192,hunter,beastmastery,12,2,10
Ariens,icecrown,192,hunter,beastmastery,12,2,10
Fredericks,stormrage,192,hunter,beastmastery,12,2,10
Richihunt,ragnaros,192,hunter,beastmastery,12,2,10
Gunnpowder,malganis,192,hunter,beastmastery,12,2,10
Ahmunra,zuljin,192,hunter,beastmastery,12,2,10
Thyladaern,kiljaeden,192,hunter,beastmastery,12,2,10
Pakale,amanthul,192,hunter,beastmastery,12,2,10
Tømray,quelthalas,192,hunter,beastmastery,12,2,10
Carloslaun,drakkari,192,hunter,beastmastery,12,2,10
Thundis,hellscream,192,hunter,beastmastery,12,2,10
Ulrulk,tichondrius,192,hunter,beastmastery,12,2,10
Ãmi,moon-guard,192,hunter,beastmastery,12,2,10
Arrowzpeckt,tichondrius,192,hunter,beastmastery,12,2,10
Khabul,area-52,192,hunter,beastmastery,12,2,10
Miannmar,proudmoore,192,hunter,beastmastery,12,2,10
Floozy,frostmane,192,hunter,beastmastery,12,2,10
Hughboner,illidan,192,hunter,beastmastery,12,2,10
Impërïum,zuljin,192,hunter,beastmastery,12,2,10
Dasdasdds,zuljin,192,hunter,beastmastery,12,2,10
Alexañdra,proudmoore,192,hunter,beastmastery,12,2,10
Bernar,bonechewer,192,hunter,beastmastery,13,2,11
Sojun,jaedenar,192,hunter,beastmastery,14,2,12
Ylexziel,moon-guard,191,hunter,beastmastery,6,2,4
Recebaa,barthilas,191,hunter,beastmastery,6,2,4
Dbzfreak,azshara,191,hunter,beastmastery,6,2,4
Tuvasa,blood-furnace,191,hunter,beastmastery,6,2,4
Khadrik,cenarius,191,hunter,beastmastery,6,2,4
Kolarius,emerald-dream,191,hunter,beastmastery,6,2,4
Turdferguson,blades-edge,191,hunter,beastmastery,6,2,4
Stoneforged,ragnaros,191,hunter,beastmastery,6,2,4
Aiilton,gallywix,191,hunter,beastmastery,6,2,4
Enrage,queldorei,191,hunter,beastmastery,12,2,10
Kangarang,khazgoroth,191,hunter,beastmastery,12,2,10
Raukothaur,azralon,175,hunter,beastmastery,8,3,5
Yory,tol-barad,175,hunter,beastmastery,11,3,8
Sarishion,kiljaeden,160,hunter,beastmastery,16,2,14
Stèlla,frostmourne,159,hunter,beastmastery,5,2,3
Helikaon,deathwing,159,hunter,beastmastery,5,2,3
Maximum,tichondrius,159,hunter,beastmastery,5,2,3
Flarkarino,area-52,159,hunter,beastmastery,5,2,3
Zeppelin,stormreaver,159,hunter,beastmastery,5,2,3
Skrìms,tichondrius,159,hunter,beastmastery,5,2,3
Twentyyfour,akama,144,hunter,beastmastery,3,3,0
Luckione,destromath,144,hunter,beastmastery,9,2,7
Bigun,emerald-dream,138,hunter,beastmastery,16,5,11
Bountybud,kiljaeden,138,hunter,beastmastery,10,3,7
Nixuis,stormrage,138,hunter,beastmastery,13,3,10
Flyimir,nemesis,128,hunter,beastmastery,4,2,2
Mmlau,tichondrius,128,hunter,beastmastery,4,2,2
Piñg,tichondrius,128,hunter,beastmastery,4,2,2
Arrawn,illidan,128,hunter,beastmastery,4,2,2
Beastmastr,garrosh,128,hunter,beastmastery,4,2,2
Terrâlus,kelthuzad,128,hunter,beastmastery,10,2,8
Deadhuntsyou,area-52,128,hunter,beastmastery,10,2,8
Josharoni,sargeras,127,hunter,beastmastery,8,2,6
Laviè,tichondrius,112,hunter,beastmastery,4,3,1
Salsa,hakkar,96,hunter,beastmastery,3,2,1
Carot,dalaran,96,hunter,beastmastery,6,1,5
Henhøuse,illidan,96,hunter,beastmastery,6,1,5
Panm,runetotem,96,hunter,beastmastery,6,1,5
Beefcow,barthilas,96,hunter,beastmastery,6,1,5
Chickenlip,illidan,96,hunter,beastmastery,6,1,5
Lyqt,illidan,96,hunter,beastmastery,6,1,5
Brokenfoot,bonechewer,96,hunter,beastmastery,6,1,5
Imsuperme,hakkar,96,hunter,beastmastery,6,1,5
Ochunter,hyjal,96,hunter,beastmastery,6,1,5
Jootuber,barthilas,96,hunter,beastmastery,6,1,5
Brody,eitrigg,96,hunter,beastmastery,6,1,5
Kiddles,laughing-skull,96,hunter,beastmastery,6,1,5
Remak,barthilas,96,hunter,beastmastery,6,1,5
Wixyy,aegwynn,96,hunter,beastmastery,6,1,5
Singletap,barthilas,96,hunter,beastmastery,6,1,5
Tybierious,illidan,96,hunter,beastmastery,6,1,5
Grullandàr,hakkar,96,hunter,beastmastery,6,1,5
ßenný,barthilas,96,hunter,beastmastery,6,1,5
Tekitaz,illidan,96,hunter,beastmastery,6,1,5
Bigly,duskwood,96,hunter,beastmastery,6,1,5
Dusle,azralon,96,hunter,beastmastery,6,1,5
Båttousai,kiljaeden,96,hunter,beastmastery,6,1,5
Sobala,azralon,96,hunter,beastmastery,6,1,5
Shoccka,thrall,96,hunter,beastmastery,6,1,5
Trolljinyou,thrall,96,hunter,beastmastery,6,1,5
Muttonhoney,shadowsong,96,hunter,beastmastery,6,1,5
Trapocalypse,blackrock,96,hunter,beastmastery,6,1,5
Thtdamhunter,thrall,96,hunter,beastmastery,6,1,5
Xcopel,azralon,96,hunter,beastmastery,6,1,5
Scatter,ragnaros,96,hunter,beastmastery,6,1,5
Globlauncher,tichondrius,96,hunter,beastmastery,6,1,5
Rexxiga,kiljaeden,96,hunter,beastmastery,6,1,5
Odratnuh,bleeding-hollow,96,hunter,beastmastery,6,1,5
Nahlis,exodar,96,hunter,beastmastery,6,1,5
Ferrettss,bleeding-hollow,96,hunter,beastmastery,6,1,5
Jarless,hydraxis,96,hunter,beastmastery,6,1,5
Uncann,boulderfist,96,hunter,beastmastery,6,1,5
Ilîiìîìiilil,bleeding-hollow,96,hunter,beastmastery,6,1,5
Hunterama,barthilas,96,hunter,beastmastery,6,1,5
Jabbar,bleeding-hollow,96,hunter,beastmastery,6,1,5
Cuckw,nemesis,96,hunter,beastmastery,6,1,5
Penelòpe,wyrmrest-accord,96,hunter,beastmastery,6,1,5
Teddyboy,proudmoore,96,hunter,beastmastery,6,1,5
Hieke,nemesis,96,hunter,beastmastery,6,1,5
Sóggybóxers,tichondrius,96,hunter,beastmastery,6,1,5
Bosshunt,whisperwind,96,hunter,beastmastery,6,1,5
Kelbur,terokkar,96,hunter,beastmastery,6,1,5
Cocobread,stormreaver,96,hunter,beastmastery,6,1,5
Madarrow,bleeding-hollow,96,hunter,beastmastery,6,1,5
Juliones,bleeding-hollow,96,hunter,beastmastery,6,1,5
Frîck,bleeding-hollow,96,hunter,beastmastery,6,1,5
Wamion,zuljin,96,hunter,beastmastery,6,1,5
Tiirra,sargeras,96,hunter,beastmastery,6,1,5
Zöökëëpër,sargeras,96,hunter,beastmastery,6,1,5
Sõulhunter,frostmourne,96,hunter,beastmastery,6,1,5
Bertiebott,zuljin,96,hunter,beastmastery,6,1,5
Orclore,proudmoore,96,hunter,beastmastery,6,1,5
Pampas,darkspear,96,hunter,beastmastery,6,1,5
Runsfromcops,sargeras,96,hunter,beastmastery,6,1,5
Kavalark,zuljin,96,hunter,beastmastery,6,1,5
Robinth,moon-guard,96,hunter,beastmastery,6,1,5
Oldmandave,stormrage,96,hunter,beastmastery,6,1,5
Taumelz,sargeras,96,hunter,beastmastery,6,1,5
Gulan,draka,96,hunter,beastmastery,6,1,5
Taurenseason,sargeras,96,hunter,beastmastery,6,1,5
Espaada,tichondrius,96,hunter,beastmastery,6,1,5
Artemyzz,tichondrius,96,hunter,beastmastery,6,1,5
Boido,ghostlands,96,hunter,beastmastery,6,1,5
Shadeckz,stormrage,96,hunter,beastmastery,6,1,5
Varag,amanthul,96,hunter,beastmastery,6,1,5
Justin,agamaggan,96,hunter,beastmastery,6,1,5
Laer,archimonde,96,hunter,beastmastery,6,1,5
Fourkayiv,azgalor,96,hunter,beastmastery,6,1,5
Relume,agamaggan,96,hunter,beastmastery,6,1,5
Tuskor,nazjatar,96,hunter,beastmastery,6,1,5
Grukar,tichondrius,96,hunter,beastmastery,6,1,5
Xclaw,llane,96,hunter,beastmastery,6,1,5
Naariko,aggramar,96,hunter,beastmastery,6,1,5
Ballinpotato,tichondrius,96,hunter,beastmastery,6,1,5
Jiawoweixin,illidan,96,hunter,beastmastery,6,1,5
Rekras,emerald-dream,96,hunter,beastmastery,6,1,5
Ophois,lightbringer,96,hunter,beastmastery,6,1,5
Mtuanwm,tichondrius,96,hunter,beastmastery,6,1,5
Physical,destromath,96,hunter,beastmastery,6,1,5
Calmabença,azralon,96,hunter,beastmastery,6,1,5
Darkhunterr,tichondrius,96,hunter,beastmastery,6,1,5
Appä,lightnings-blade,96,hunter,beastmastery,6,1,5
Gabanlicius,azralon,96,hunter,beastmastery,6,1,5
Taliy,stormrage,96,hunter,beastmastery,6,1,5
Opsi,ragnaros,96,hunter,beastmastery,6,1,5
Ud,eldrethalas,96,hunter,beastmastery,6,1,5
Huntardness,moon-guard,96,hunter,beastmastery,6,1,5
Allgasnocap,kelthuzad,96,hunter,beastmastery,6,1,5
Gotexu,quelthalas,96,hunter,beastmastery,6,1,5
Cynasia,maelstrom,96,hunter,beastmastery,6,1,5
Pupus,moon-guard,96,hunter,beastmastery,6,1,5
Fadingtrapz,jubeithos,96,hunter,beastmastery,6,1,5
Birggitte,the-venture-co,96,hunter,beastmastery,6,1,5
Nachtcloverr,stormrage,96,hunter,beastmastery,6,1,5
Jägermeistër,twisting-nether,96,hunter,beastmastery,6,1,5
Locket,maelstrom,96,hunter,beastmastery,6,1,5
Marksmanpain,malganis,96,hunter,beastmastery,6,1,5
Colt,detheroc,96,hunter,beastmastery,6,1,5
Matahunt,blackwing-lair,96,hunter,beastmastery,6,1,5
Derekscrow,tichondrius,96,hunter,beastmastery,6,1,5
Slimetime,tichondrius,96,hunter,beastmastery,6,1,5
Ocelotv,stormrage,96,hunter,beastmastery,6,1,5
Rorijii,tichondrius,96,hunter,beastmastery,6,1,5
Bellaphonte,stormrage,96,hunter,beastmastery,6,1,5
Shalodis,stormrage,96,hunter,beastmastery,6,1,5
Slideby,tichondrius,96,hunter,beastmastery,6,1,5
Robious,tichondrius,96,hunter,beastmastery,6,1,5
Yarcanine,stormrage,96,hunter,beastmastery,6,1,5
Analtraps,tichondrius,96,hunter,beastmastery,6,1,5
Zaralynna,stormrage,96,hunter,beastmastery,6,1,5
Alsomike,tichondrius,96,hunter,beastmastery,6,1,5
Arthanyz,quelthalas,96,hunter,beastmastery,6,1,5
Kynlarianara,moon-guard,96,hunter,beastmastery,6,1,5
Nyjahhuston,tichondrius,96,hunter,beastmastery,6,1,5
Taichungcat,tichondrius,96,hunter,beastmastery,6,1,5
Warpedshots,malganis,96,hunter,beastmastery,6,1,5
Predatðr,frostmourne,96,hunter,beastmastery,6,1,5
Jaymie,tichondrius,96,hunter,beastmastery,6,1,5
Deletedyou,tichondrius,96,hunter,beastmastery,6,1,5
Pantro,malganis,96,hunter,beastmastery,6,1,5
Lygerxd,malganis,96,hunter,beastmastery,6,1,5
Radiocity,magtheridon,96,hunter,beastmastery,7,1,6
Bendotexe,stormrage,96,hunter,beastmastery,7,1,6
Colchagua,quelthalas,96,hunter,beastmastery,8,1,7
Nakar,darkspear,96,hunter,beastmastery,10,1,9
Kazooi,stormrage,96,hunter,beastmastery,10,1,9
Tstormzz,stormrage,96,hunter,beastmastery,12,1,11
Feignharder,stormrage,96,hunter,beastmastery,12,1,11
Mckillahoe,malganis,96,hunter,beastmastery,12,1,11
Ferdphin,dalaran,96,hunter,beastmastery,12,1,11
Bee,shattered-halls,96,hunter,beastmastery,12,1,11
Ñordombra,quelthalas,96,hunter,beastmastery,12,1,11
Blackstaur,illidan,96,hunter,beastmastery,12,1,11
Rekows,stormrage,96,hunter,beastmastery,12,1,11
Lorishblood,blackrock,96,hunter,beastmastery,12,1,11
Divineseraph,dentarg,96,hunter,beastmastery,12,1,11
Caletten,destromath,96,hunter,beastmastery,12,1,11
Tydee,nagrand,96,hunter,beastmastery,12,1,11
Sylvanãs,ragnaros,96,hunter,beastmastery,12,1,11
Newdanni,barthilas,95,hunter,beastmastery,18,1,17
Dógs,illidan,79,hunter,beastmastery,5,1,4
Mörgoth,quelthalas,79,hunter,beastmastery,5,1,4
Ericcartman,drakthul,79,hunter,beastmastery,5,1,4
Moonlitleaf,daggerspine,79,hunter,beastmastery,5,1,4
Kristemis,thrall,79,hunter,beastmastery,5,1,4
Kölhberg,azralon,64,hunter,beastmastery,10,1,9
Longshánks,stormrage,63,hunter,beastmastery,2,2,0
Aceventurapð,area-52,48,hunter,beastmastery,3,1,2
Wonshawt,tichondrius,48,hunter,beastmastery,3,1,2
Dwrhunt,ragnaros,48,hunter,beastmastery,3,1,2
Temara,icecrown,48,hunter,beastmastery,3,1,2
Nufak,ragnaros,48,hunter,beastmastery,3,1,2
Yadír,quelthalas,48,hunter,beastmastery,4,1,3
Jumeog,stormscale,42,hunter,beastmastery,7,2,5
Bowjoblul,stormrage,42,hunter,beastmastery,9,2,7
Brapdaddy,lightbringer,31,hunter,beastmastery,2,1,1
Barrin,lightbringer,31,hunter,beastmastery,2,1,1
Voladren,moon-guard,31,hunter,beastmastery,2,1,1
Timesteal,tichondrius,31,hunter,beastmastery,2,1,1
Dalis,frostmourne,31,hunter,beastmastery,2,1,1
Dherrik,thrall,16,hunter,beastmastery,1,1,0
Dirkberkeley,moon-guard,16,hunter,beastmastery,1,1,0
Junglejape,tichondrius,2315,mage,arcane,102,65,37
Cvark,sargeras,2307,mage,arcane,100,59,41
Numbing,sargeras,2292,mage,arcane,106,59,47
Rof,sargeras,2186,mage,arcane,84,47,37
Venruki,tichondrius,2184,mage,arcane,126,69,57
Oneschool,sargeras,2169,mage,arcane,92,49,43
Juicemage,tichondrius,2162,mage,arcane,290,148,142
Ktp,tichondrius,2058,mage,arcane,137,74,63
Starxen,tichondrius,2046,mage,arcane,109,62,47
Vampìrelolz,tichondrius,2030,mage,arcane,76,41,35
Arcanemagek,tichondrius,2008,mage,arcane,66,41,25
Edgkey,illidan,1996,mage,arcane,204,112,92
Birdfather,tichondrius,1981,mage,arcane,60,42,18
Spellstéal,tichondrius,1971,mage,arcane,77,42,35
Lmaginedying,illidan,1884,mage,arcane,56,33,23
Whiterice,zuljin,1879,mage,arcane,50,31,19
Hallat,archimonde,1871,mage,arcane,645,324,321
Elfmage,tichondrius,1855,mage,arcane,36,25,11
Hocusjokus,frostmourne,1851,mage,arcane,47,31,16
Leakyboots,illidan,1838,mage,arcane,54,33,21
Delibro,tichondrius,1834,mage,arcane,94,52,42
Melkdud,wyrmrest-accord,1816,mage,arcane,42,25,17
Mageboy,bonechewer,1814,mage,arcane,87,47,40
Windwìtch,quelthalas,1813,mage,arcane,66,35,31
Unguided,moon-guard,1810,mage,arcane,72,43,29
Sourx,doomhammer,1810,mage,arcane,125,67,58
Magnesiium,illidan,1798,mage,arcane,72,43,29
Bananappeal,kelthuzad,1780,mage,arcane,122,62,60
Mokelovin,sargeras,1763,mage,arcane,65,33,32
Ezchallenger,undermine,1755,mage,arcane,132,61,71
Maegwynah,jaedenar,1753,mage,arcane,58,31,27
Bambambilly,kelthuzad,1749,mage,arcane,162,81,81
Buyßitcoin,sargeras,1746,mage,arcane,36,20,16
Sestren,zuljin,1746,mage,arcane,121,59,62
Arçanemage,tichondrius,1745,mage,arcane,42,20,22
Shawarms,tichondrius,1742,mage,arcane,78,39,39
Ilovejwoanna,kiljaeden,1740,mage,arcane,218,115,103
Rhythmdog,tichondrius,1738,mage,arcane,87,45,42
Bíscuít,illidan,1738,mage,arcane,193,98,95
Tbkz,amanthul,1734,mage,arcane,60,28,32
Dawitchery,illidan,1734,mage,arcane,64,28,36
Spart,runetotem,1731,mage,arcane,56,24,32
Snortmeth,area-52,1726,mage,arcane,102,60,42
Peacant,tichondrius,1726,mage,arcane,108,48,60
Oons,sargeras,1718,mage,arcane,201,104,97
Zps,illidan,1706,mage,arcane,72,40,32
Esien,tichondrius,1704,mage,arcane,156,74,82
Mysticor,zuljin,1703,mage,arcane,96,57,39
Felsparkles,area-52,1689,mage,arcane,101,57,44
Agoniey,illidan,1688,mage,arcane,168,90,78
Aosin,wyrmrest-accord,1684,mage,arcane,48,31,17
Höövalt,illidan,1681,mage,arcane,78,45,33
Badboykilla,dentarg,1679,mage,arcane,45,35,10
Frostituty,kiljaeden,1677,mage,arcane,47,25,22
Shwaysted,burning-blade,1677,mage,arcane,90,47,43
Clutchy,gorefiend,1672,mage,arcane,42,29,13
Hööva,illidan,1669,mage,arcane,42,21,21
Arianark,sargeras,1654,mage,arcane,141,79,62
Exterminatüs,tichondrius,1653,mage,arcane,87,44,43
Cyphen,proudmoore,1646,mage,arcane,58,32,26
Nyj,tichondrius,1643,mage,arcane,83,44,39
Nightsaber,blackrock,1642,mage,arcane,36,21,15
Veryfast,icecrown,1632,mage,arcane,63,43,20
Primearcanis,tol-barad,1631,mage,arcane,94,44,50
Waisted,kelthuzad,1629,mage,arcane,51,30,21
Mairgik,proudmoore,1629,mage,arcane,42,21,21
Spellsteål,malganis,1627,mage,arcane,53,31,22
Sazza,tichondrius,1626,mage,arcane,54,30,24
Magecombe,thrall,1617,mage,arcane,30,17,13
Dbox,stormscale,1615,mage,arcane,93,53,40
Dmgperseç,tichondrius,1612,mage,arcane,30,20,10
Proximalol,tichondrius,1610,mage,arcane,36,20,16
Snoogma,illidan,1609,mage,arcane,42,20,22
Ject,ragnaros,1606,mage,arcane,155,84,71
Wïzarduous,mannoroth,1605,mage,arcane,60,33,27
Failedwizard,frostmourne,1600,mage,arcane,58,25,33
Sky,lightnings-blade,1598,mage,arcane,143,76,67
Zhanna,nazjatar,1596,mage,arcane,179,91,88
Höövaltx,illidan,1590,mage,arcane,178,89,89
Bighot,tichondrius,1588,mage,arcane,132,79,53
Zerathremar,proudmoore,1585,mage,arcane,60,33,27
Prosperoh,burning-legion,1581,mage,arcane,84,45,39
Balencii,kiljaeden,1573,mage,arcane,60,33,27
Xialing,tichondrius,1570,mage,arcane,63,32,31
Spitemage,tichondrius,1567,mage,arcane,156,74,82
Beerbelly,tichondrius,1556,mage,arcane,137,77,60
Tbh,malganis,1555,mage,arcane,62,29,33
Étel,nemesis,1554,mage,arcane,45,20,25
Clernlol,emerald-dream,1548,mage,arcane,60,27,33
Symenmr,sargeras,1543,mage,arcane,123,61,62
Alode,moon-guard,1532,mage,arcane,71,42,29
Enthy,frostmourne,1529,mage,arcane,36,18,18
Lucidaze,daggerspine,1525,mage,arcane,359,180,179
Vênsêr,emerald-dream,1523,mage,arcane,36,17,19
Hustle,frostmourne,1520,mage,arcane,126,67,59
Feorbxx,proudmoore,1500,mage,arcane,24,16,8
Akunimon,ragnaros,1493,mage,arcane,41,19,22
Perrc,area-52,1488,mage,arcane,180,89,91
Mävra,emerald-dream,1482,mage,arcane,30,18,12
Alùcârd,tichondrius,1479,mage,arcane,65,33,32
Guaranaecox,goldrinn,1472,mage,arcane,32,17,15
Parapio,tichondrius,1469,mage,arcane,44,24,20
Hennimage,sargeras,1468,mage,arcane,241,132,109
Ebah,tichondrius,1464,mage,arcane,32,17,15
Missile,frostmourne,1454,mage,arcane,36,17,19
Hoçuspoçus,moon-guard,1452,mage,arcane,107,52,55
Strêss,kelthuzad,1449,mage,arcane,253,132,121
Eviltricks,tichondrius,1447,mage,arcane,60,37,23
Lünå,onyxia,1444,mage,arcane,72,44,28
Swàn,stormrage,1444,mage,arcane,42,23,19
Ligmmah,stormrage,1440,mage,arcane,69,39,30
Wretchy,ragnaros,1439,mage,arcane,73,38,35
Chezzmasterx,misha,1437,mage,arcane,124,67,57
Caseyjelly,tichondrius,1436,mage,arcane,36,20,16
Levalol,aggramar,1431,mage,arcane,46,16,30
Hvnlyfathr,stormrage,1425,mage,arcane,30,15,15
Pufs,stormrage,1422,mage,arcane,53,27,26
Maplemage,akama,1416,mage,arcane,201,103,98
Allýria,stormrage,1411,mage,arcane,48,21,27
Söngs,goldrinn,1409,mage,arcane,30,18,12
Sáron,quelthalas,1402,mage,arcane,112,57,55
Skillsbro,arthas,1401,mage,arcane,36,15,21
Blaxmagic,stormrage,1388,mage,arcane,119,56,63
Kevymarts,tichondrius,1380,mage,arcane,59,30,29
Frozonnee,aggramar,1379,mage,arcane,24,15,9
Themagicman,whisperwind,1376,mage,arcane,70,33,37
Wizzyx,illidan,1373,mage,arcane,40,21,19
Murr,boulderfist,1369,mage,arcane,26,16,10
Kickpollyplx,lothar,1368,mage,arcane,71,45,26
Avandal,proudmoore,1362,mage,arcane,71,29,42
Raazzamage,moon-guard,1360,mage,arcane,81,44,37
Astrojrue,sargeras,1353,mage,arcane,41,21,20
Melkra,tichondrius,1348,mage,arcane,66,36,30
Funnyfrankie,tichondrius,1348,mage,arcane,387,193,194
Somariais,illidan,1348,mage,arcane,190,93,97
Toknsmoke,tichondrius,1346,mage,arcane,77,36,41
Xtymhxy,tichondrius,1343,mage,arcane,18,14,4
Valériemeow,tichondrius,1343,mage,arcane,30,14,16
Castarcane,nordrassil,1342,mage,arcane,42,19,23
Derkrìeger,turalyon,1341,mage,arcane,40,21,19
Chelseâ,emerald-dream,1337,mage,arcane,81,41,40
Szrp,stormrage,1336,mage,arcane,57,27,30
Tessar,moon-guard,1329,mage,arcane,132,66,66
Måndias,tichondrius,1328,mage,arcane,34,18,16
Greenwise,illidan,1326,mage,arcane,126,69,57
Orderlight,alexstrasza,1318,mage,arcane,65,29,36
Zayth,silvermoon,1315,mage,arcane,45,24,21
Arcanochillz,ghostlands,1315,mage,arcane,50,20,30
Gusmaged,stormrage,1313,mage,arcane,28,15,13
Coôler,illidan,1313,mage,arcane,39,16,23
Zukoprince,azralon,1312,mage,arcane,24,14,10
Nazneen,elune,1312,mage,arcane,116,64,52
Linkolni,azralon,1312,mage,arcane,111,59,52
Kirayu,gilneas,1312,mage,arcane,34,16,18
Instincts,uldum,1309,mage,arcane,29,14,15
Scône,sargeras,1309,mage,arcane,69,31,38
Ruzam,area-52,1303,mage,arcane,186,91,95
Zulugara,barthilas,1303,mage,arcane,51,24,27
Véyda,emerald-dream,1300,mage,arcane,60,30,30
Airbnb,area-52,1299,mage,arcane,46,26,20
Moond,drakkari,1297,mage,arcane,30,16,14
Wasami,tichondrius,1293,mage,arcane,64,31,33
Garrieto,sargeras,1285,mage,arcane,36,19,17
Xplozion,lightninghoof,1276,mage,arcane,31,16,15
Sceledrus,quelthalas,1269,mage,arcane,62,35,27
Yonzho,area-52,1269,mage,arcane,32,17,15
Fruitdealerr,tichondrius,1266,mage,arcane,54,29,25
Draell,drakkari,1251,mage,arcane,72,37,35
Sorankim,tichondrius,1248,mage,arcane,24,13,11
Myzzl,kelthuzad,1246,mage,arcane,24,13,11
Valrendor,nazjatar,1243,mage,arcane,114,61,53
Velvetlurker,sargeras,1243,mage,arcane,36,13,23
Gessin,area-52,1241,mage,arcane,112,56,56
Unlike,sargeras,1235,mage,arcane,71,29,42
Edisia,moon-guard,1231,mage,arcane,24,13,11
Celciius,stormrage,1230,mage,arcane,211,98,113
Magicos,frostmourne,1229,mage,arcane,24,13,11
Myrondor,tichondrius,1227,mage,arcane,24,13,11
Gryd,area-52,1220,mage,arcane,160,83,77
Jedamere,proudmoore,1219,mage,arcane,57,26,31
Archtype,azralon,1218,mage,arcane,36,16,20
Thewizârd,stormrage,1217,mage,arcane,432,221,211
Nedrin,nemesis,1216,mage,arcane,96,46,50
Gin,nemesis,1212,mage,arcane,78,36,42
Antifreezex,tichondrius,1207,mage,arcane,118,62,56
Glacialfcial,frostmourne,1205,mage,arcane,48,27,21
Ettore,aerie-peak,1196,mage,arcane,42,18,24
Squishymage,moon-guard,1196,mage,arcane,47,20,27
Skywalkerino,azralon,1194,mage,arcane,151,76,75
Afasge,illidan,1184,mage,arcane,41,19,22
Nunezz,mannoroth,1179,mage,arcane,66,35,31
Nekrobear,nemesis,1179,mage,arcane,48,23,25
Freehoñgkong,tichondrius,1177,mage,arcane,42,20,22
Privilege,dragonmaw,1172,mage,arcane,53,26,27
Fearhades,drakkari,1170,mage,arcane,67,34,33
Austere,boulderfist,1161,mage,arcane,24,13,11
Simongof,tichondrius,1161,mage,arcane,75,32,43
Ærtai,black-dragonflight,1158,mage,arcane,25,13,12
Oharvestero,illidan,1158,mage,arcane,67,29,38
Numaïr,kiljaeden,1156,mage,arcane,36,17,19
Firehumper,turalyon,1155,mage,arcane,30,14,16
Xunalatu,frostmourne,1153,mage,arcane,30,18,12
Overratedxd,moon-guard,1149,mage,arcane,37,18,19
Sweetypie,fenris,1148,mage,arcane,42,17,25
Kynjji,azshara,1144,mage,arcane,66,30,36
Azeroth,boulderfist,1141,mage,arcane,19,12,7
Christensen,stormrage,1139,mage,arcane,30,15,15
Randalf,dragonmaw,1136,mage,arcane,48,29,19
Buffmages,malfurion,1135,mage,arcane,18,12,6
Firehawk,azralon,1133,mage,arcane,24,15,9
Amoredis,the-venture-co,1131,mage,arcane,66,28,38
Nadrex,hyjal,1129,mage,arcane,93,42,51
Billzeye,dalaran,1128,mage,arcane,24,12,12
Saladguy,thrall,1122,mage,arcane,47,21,26
Glitchwitch,zuljin,1119,mage,arcane,54,29,25
Dereliction,nagrand,1118,mage,arcane,156,76,80
Ìgnìtìöñ,whisperwind,1117,mage,arcane,36,19,17
Kyrumage,illidan,1112,mage,arcane,82,43,39
Kohvera,frostmourne,1112,mage,arcane,38,14,24
Badwoman,tichondrius,1111,mage,arcane,36,13,23
Kaiokenxten,bleeding-hollow,1102,mage,arcane,29,12,17
Cokézero,frostmourne,1098,mage,arcane,67,32,35
Oyagi,moon-guard,1097,mage,arcane,89,42,47
Klausgc,sargeras,1084,mage,arcane,20,12,8
Xakura,dragonmaw,1084,mage,arcane,29,14,15
Burist,illidan,1083,mage,arcane,21,14,7
Chëryl,proudmoore,1061,mage,arcane,240,111,129
Shocknawes,illidan,1060,mage,arcane,31,14,17
Lifeinaday,proudmoore,1057,mage,arcane,66,39,27
Smoks,stormrage,1057,mage,arcane,114,52,62
Flaux,sargeras,1055,mage,arcane,18,11,7
Tommagic,tichondrius,1055,mage,arcane,30,11,19
Glaciated,the-forgotten-coast,1053,mage,arcane,24,11,13
Shmage,dragonmaw,1050,mage,arcane,24,11,13
Zerosaspect,thrall,1047,mage,arcane,22,12,10
Eruilúvatar,nerzhul,1046,mage,arcane,48,29,19
Baskal,area-52,1046,mage,arcane,34,12,22
Oogleymoogly,zuljin,1040,mage,arcane,24,11,13
Eliese,bonechewer,1034,mage,arcane,18,11,7
Cassanara,moon-guard,1032,mage,arcane,36,13,23
Frozorfs,tichondrius,1032,mage,arcane,54,18,36
Raeign,frostmourne,1029,mage,arcane,316,159,157
Softbody,barthilas,1028,mage,arcane,128,60,68
Mixler,feathermoon,1024,mage,arcane,88,45,43
Thetodd,emerald-dream,1017,mage,arcane,24,16,8
Lacouet,lightnings-blade,1009,mage,arcane,88,33,55
Kittikk,tichondrius,1005,mage,arcane,119,53,66
Döömsage,hydraxis,999,mage,arcane,23,11,12
Knotyouagain,emerald-dream,996,mage,arcane,54,31,23
Mastablastar,windrunner,989,mage,arcane,63,24,39
Casarenarrus,staghelm,985,mage,arcane,24,13,11
Tsarevich,fizzcrank,985,mage,arcane,137,63,74
Cubanarox,gallywix,969,mage,arcane,46,18,28
Jazzgroyper,sargeras,960,mage,arcane,24,10,14
Lightsoran,tichondrius,960,mage,arcane,24,10,14
Markage,stormrage,960,mage,arcane,24,10,14
Gachaguy,bleeding-hollow,960,mage,arcane,30,10,20
Decamus,queldorei,959,mage,arcane,24,10,14
Notmunkees,the-venture-co,959,mage,arcane,24,10,14
Icydubya,illidan,958,mage,arcane,12,10,2
Tuggernaug,malganis,958,mage,arcane,18,10,8
Bamblue,ragnaros,956,mage,arcane,18,10,8
Pizzaslimé,tichondrius,956,mage,arcane,24,10,14
Haze,hyjal,955,mage,arcane,18,10,8
Firèballin,tichondrius,955,mage,arcane,24,10,14
Tagere,moon-guard,954,mage,arcane,24,10,14
Wizfajita,malganis,951,mage,arcane,24,10,14
Xariean,azuremyst,948,mage,arcane,24,10,14
Sksteve,rexxar,948,mage,arcane,30,10,20
Wøogles,sargeras,946,mage,arcane,24,10,14
Ispell,tichondrius,943,mage,arcane,30,10,20
Morkleen,korgath,943,mage,arcane,30,10,20
Shadows,exodar,934,mage,arcane,24,10,14
Akagamix,sargeras,924,mage,arcane,36,17,19
Suicune,area-52,922,mage,arcane,28,10,18
Arcalìte,illidan,894,mage,arcane,17,11,6
Prosperoo,aerie-peak,883,mage,arcane,92,49,43
Søkø,tichondrius,868,mage,arcane,30,11,19
Benisp,stormrage,864,mage,arcane,18,9,9
Arcp,illidan,864,mage,arcane,18,9,9
Viôlentj,area-52,863,mage,arcane,12,9,3
Pandazed,proudmoore,863,mage,arcane,18,9,9
Olympicz,kelthuzad,863,mage,arcane,18,9,9
Harshx,bleeding-hollow,863,mage,arcane,18,9,9
Onibeef,duskwood,862,mage,arcane,21,10,11
Eimm,stormrage,862,mage,arcane,30,9,21
Surik,moon-guard,861,mage,arcane,24,9,15
Omnislasher,terenas,858,mage,arcane,30,9,21
Nachtt,sargeras,857,mage,arcane,18,9,9
Oldtestament,akama,856,mage,arcane,18,9,9
Mageyoulooks,kelthuzad,856,mage,arcane,24,9,15
Arcanelord,the-underbog,853,mage,arcane,21,11,10
Dietdeww,borean-tundra,846,mage,arcane,41,22,19
Magicå,area-52,845,mage,arcane,12,9,3
Dchee,nerzhul,841,mage,arcane,18,9,9
Mahe,andorhal,841,mage,arcane,110,43,67
Waef,quelthalas,838,mage,arcane,18,9,9
Khierlana,hellscream,837,mage,arcane,256,118,138
Instataterz,eonar,833,mage,arcane,29,9,20
Sherian,queldorei,832,mage,arcane,18,9,9
Culours,stormrage,829,mage,arcane,35,14,21
Littlefun,tichondrius,823,mage,arcane,19,11,8
Nushala,stonemaul,816,mage,arcane,24,9,15
Jackson,altar-of-storms,809,mage,arcane,60,17,43
Fredcouples,tichondrius,803,mage,arcane,19,10,9
Stockinglids,windrunner,800,mage,arcane,17,9,8
Pez,frostmourne,799,mage,arcane,17,9,8
Unmix,tichondrius,794,mage,arcane,20,9,11
Lewpithy,area-52,768,mage,arcane,12,8,4
Aeghis,stormrage,768,mage,arcane,18,8,10
Rebornganegg,tichondrius,768,mage,arcane,18,8,10
Astroner,frostmourne,768,mage,arcane,18,8,10
Jööz,deathwing,768,mage,arcane,18,8,10
Hynzie,barthilas,768,mage,arcane,18,8,10
Eludin,aegwynn,768,mage,arcane,18,8,10
Drainbamage,coilfang,768,mage,arcane,246,80,166
Crøwgawd,tichondrius,767,mage,arcane,12,8,4
Watchmepog,tichondrius,767,mage,arcane,12,8,4
Arcanatos,emerald-dream,767,mage,arcane,18,8,10
Fakebusiness,area-52,767,mage,arcane,18,8,10
Fasttwitch,kiljaeden,767,mage,arcane,24,8,16
Lulumelo,illidan,766,mage,arcane,18,8,10
Delana,darkspear,766,mage,arcane,24,8,16
Boredmoomoo,thunderlord,765,mage,arcane,12,8,4
Gimani,tichondrius,765,mage,arcane,18,8,10
Allundria,dawnbringer,762,mage,arcane,30,8,22
Iseltwald,proudmoore,761,mage,arcane,12,8,4
Arcanin,thunderlord,742,mage,arcane,24,8,16
Aycc,tichondrius,735,mage,arcane,17,8,9
Freez,garona,732,mage,arcane,22,8,14
Perkaset,turalyon,703,mage,arcane,17,8,9
Noescaping,illidan,687,mage,arcane,19,8,11
Zakume,stormrage,672,mage,arcane,12,7,5
Vixen,boulderfist,672,mage,arcane,12,7,5
Umpire,boulderfist,672,mage,arcane,12,7,5
Lavaera,illidan,672,mage,arcane,12,7,5
Poggywoggy,frostmourne,672,mage,arcane,12,7,5
Bigmunkee,the-venture-co,672,mage,arcane,12,7,5
Diamondx,ragnaros,672,mage,arcane,18,7,11
Mershon,tichondrius,671,mage,arcane,12,7,5
Zezima,spirestone,671,mage,arcane,12,7,5
Magekofwa,tichondrius,671,mage,arcane,18,7,11
Cutienya,barthilas,671,mage,arcane,18,7,11
Ankidar,quelthalas,671,mage,arcane,18,7,11
Warthormage,stormrage,670,mage,arcane,12,7,5
Elegantbroth,illidan,670,mage,arcane,12,7,5
Herumor,kiljaeden,670,mage,arcane,18,7,11
Pyroflakes,darkspear,669,mage,arcane,12,7,5
Zimzum,bladefist,666,mage,arcane,12,7,5
Sigurrose,blackrock,660,mage,arcane,24,7,17
Sausage,boulderfist,659,mage,arcane,22,10,12
Brazcane,skullcrusher,655,mage,arcane,17,7,10
Karamzov,zuljin,652,mage,arcane,24,7,17
Uhh,blackrock,607,mage,arcane,14,7,7
Moogician,aerie-peak,592,mage,arcane,13,7,6
Asalumm,quelthalas,589,mage,arcane,19,8,11
Chez,tichondrius,576,mage,arcane,6,6,0
Slowmobius,tichondrius,576,mage,arcane,12,6,6
Icecreamboy,tichondrius,576,mage,arcane,12,6,6
Muffhugga,dalaran,576,mage,arcane,12,6,6
Biscobush,turalyon,576,mage,arcane,15,7,8
Krazsus,tichondrius,576,mage,arcane,18,6,12
Fuchsia,boulderfist,576,mage,arcane,18,6,12
Turtles,the-venture-co,576,mage,arcane,18,6,12
Nazmagus,hydraxis,576,mage,arcane,18,6,12
Cicciozi,sargeras,576,mage,arcane,24,6,18
Snâred,aggramar,575,mage,arcane,6,6,0
Kârén,aggramar,575,mage,arcane,12,6,6
Sorgannon,malganis,575,mage,arcane,18,6,12
Furrblock,tichondrius,575,mage,arcane,18,6,12
Enfuegoe,tichondrius,571,mage,arcane,12,6,6
Seaon,malganis,569,mage,arcane,12,6,6
Francious,echo-isles,566,mage,arcane,12,6,6
Belven,proudmoore,559,mage,arcane,17,6,11
Vires,kelthuzad,543,mage,arcane,11,6,5
Spellsteál,tichondrius,480,mage,arcane,6,5,1
Enveas,illidan,480,mage,arcane,6,5,1
Tibbit,kelthuzad,480,mage,arcane,6,5,1
Zeró,frostmourne,480,mage,arcane,6,5,1
Rebdoomer,skullcrusher,480,mage,arcane,12,5,7
Dagreatone,malganis,480,mage,arcane,12,5,7
Shäräpova,zuljin,480,mage,arcane,12,5,7
Perethos,area-52,480,mage,arcane,12,5,7
Lorlene,frostmourne,480,mage,arcane,12,5,7
Hansol,farstriders,480,mage,arcane,12,5,7
Fatso,boulderfist,480,mage,arcane,12,5,7
Maxtorgar,quelthalas,480,mage,arcane,12,5,7
Burstorbust,ravencrest,480,mage,arcane,12,5,7
Lúpìn,zuljin,480,mage,arcane,12,5,7
Wauzcrol,quelthalas,480,mage,arcane,12,5,7
Sumu,stormrage,480,mage,arcane,12,5,7
Inmylife,tichondrius,480,mage,arcane,15,6,9
Hogdog,illidan,480,mage,arcane,18,5,13
Astosv,stormrage,480,mage,arcane,18,5,13
Corsten,aerie-peak,479,mage,arcane,12,5,7
Jarvase,mugthol,479,mage,arcane,12,5,7
Mandrakë,nemesis,478,mage,arcane,12,5,7
Humpadumplin,wyrmrest-accord,478,mage,arcane,24,5,19
Merlon,dalaran,476,mage,arcane,12,5,7
Cinnamon,boulderfist,468,mage,arcane,15,8,7
Combusty,sargeras,447,mage,arcane,14,6,8
Tubby,boulderfist,431,mage,arcane,11,5,6
Respektwaman,tichondrius,416,mage,arcane,10,5,5
Larouse,quelthalas,415,mage,arcane,8,5,3
Dogmagetw,tichondrius,384,mage,arcane,6,4,2
Rositajonez,terenas,384,mage,arcane,6,4,2
Convector,tichondrius,384,mage,arcane,6,4,2
Chilléd,tichondrius,384,mage,arcane,6,4,2
Gelokay,tichondrius,384,mage,arcane,6,4,2
Imbusting,kiljaeden,384,mage,arcane,6,4,2
Riddickl,malfurion,384,mage,arcane,6,4,2
Meroki,anetheron,384,mage,arcane,6,4,2
Berrur,azralon,384,mage,arcane,6,4,2
Hasteboy,kelthuzad,384,mage,arcane,6,4,2
Cømbust,frostmourne,384,mage,arcane,6,4,2
Wanming,tichondrius,384,mage,arcane,6,4,2
Gandwàrf,moon-guard,384,mage,arcane,6,4,2
Frappuccino,burning-legion,384,mage,arcane,6,4,2
Skoals,thrall,384,mage,arcane,6,4,2
Juicechanel,tichondrius,384,mage,arcane,6,4,2
Magictrolman,thunderlord,384,mage,arcane,6,4,2
Pwnstarx,proudmoore,384,mage,arcane,12,4,8
Jordèb,sargeras,384,mage,arcane,12,4,8
Nesomage,destromath,384,mage,arcane,12,4,8
Sukaretto,illidan,384,mage,arcane,12,4,8
Gobbstoppers,dalaran,384,mage,arcane,12,4,8
Hogslop,saurfang,384,mage,arcane,12,4,8
Yellowfevrz,thrall,384,mage,arcane,12,4,8
Braelind,sargeras,384,mage,arcane,12,4,8
Granmago,azralon,384,mage,arcane,12,4,8
Biotic,kiljaeden,384,mage,arcane,12,4,8
Khaldyn,tichondrius,384,mage,arcane,12,4,8
Frostecho,moon-guard,384,mage,arcane,12,4,8
Muskinite,maiev,384,mage,arcane,12,4,8
Forestella,tichondrius,384,mage,arcane,12,4,8
Scxut,tichondrius,384,mage,arcane,12,4,8
Bigbuttangel,borean-tundra,384,mage,arcane,12,4,8
Skoffla,executus,383,mage,arcane,6,4,2
Hànk,tichondrius,383,mage,arcane,6,4,2
Raxxor,muradin,383,mage,arcane,6,4,2
Sènding,sargeras,383,mage,arcane,18,4,14
Preckwinkle,moon-guard,382,mage,arcane,12,4,8
Elunesh,hyjal,382,mage,arcane,18,4,14
Triuneward,tichondrius,351,mage,arcane,8,5,3
Keepinitnoob,tichondrius,351,mage,arcane,8,5,3
Icyfyre,kiljaeden,335,mage,arcane,15,5,10
Vonfrmdao,illidan,330,mage,arcane,14,5,9
Shahryar,chogall,303,mage,arcane,13,4,9
Grarg,stormrage,301,mage,arcane,13,4,9
Koro,tichondrius,288,mage,arcane,6,3,3
Smallbrainz,emerald-dream,288,mage,arcane,6,3,3
Rotaco,illidan,288,mage,arcane,6,3,3
Jizzlez,tichondrius,288,mage,arcane,6,3,3
Natzue,sargeras,288,mage,arcane,6,3,3
Zerodium,sargeras,288,mage,arcane,6,3,3
Pbcup,blackrock,288,mage,arcane,6,3,3
Lambsalsa,tichondrius,288,mage,arcane,6,3,3
Yaya,kargath,288,mage,arcane,6,3,3
Xzude,korgath,288,mage,arcane,6,3,3
Kogin,thrall,288,mage,arcane,6,3,3
Watchmesleep,tichondrius,288,mage,arcane,6,3,3
Kev,sentinels,288,mage,arcane,6,3,3
Adrazell,sargeras,288,mage,arcane,6,3,3
Unknownblast,kul-tiras,288,mage,arcane,6,3,3
Högnues,tichondrius,288,mage,arcane,6,3,3
Crøwgxd,tichondrius,288,mage,arcane,6,3,3
Ksauce,twisting-nether,288,mage,arcane,6,3,3
Annalee,ragnaros,288,mage,arcane,6,3,3
Fennix,ragnaros,288,mage,arcane,6,3,3
Weewhimsy,wyrmrest-accord,288,mage,arcane,6,3,3
Kasius,kelthuzad,288,mage,arcane,6,3,3
Smãlls,sargeras,288,mage,arcane,6,3,3
Wellbeam,nemesis,288,mage,arcane,6,3,3
Bobbyyx,sargeras,288,mage,arcane,6,3,3
Tonydippin,illidan,288,mage,arcane,6,3,3
Neverbroke,illidan,288,mage,arcane,6,3,3
Xythros,stormrage,288,mage,arcane,6,3,3
Phabulous,barthilas,288,mage,arcane,6,3,3
Rudypatudy,bleeding-hollow,288,mage,arcane,6,3,3
Madpoondog,frostmourne,288,mage,arcane,6,3,3
Freezerellah,illidan,288,mage,arcane,6,3,3
Xoxmage,frostmourne,288,mage,arcane,6,3,3
Arkanons,azralon,288,mage,arcane,12,5,7
Who,emerald-dream,288,mage,arcane,12,3,9
Heflash,azralon,288,mage,arcane,12,3,9
Skittels,azshara,288,mage,arcane,12,3,9
Freshtowels,thrall,288,mage,arcane,12,3,9
Elux,whisperwind,288,mage,arcane,12,3,9
Almauredeín,quelthalas,288,mage,arcane,12,3,9
Matmagic,drakkari,288,mage,arcane,13,3,10
Compactor,emerald-dream,288,mage,arcane,18,3,15
Calcaster,aegwynn,287,mage,arcane,6,3,3
Abrhamblinkn,tichondrius,287,mage,arcane,6,3,3
Kryptekk,area-52,287,mage,arcane,6,3,3
Hýdro,ghostlands,287,mage,arcane,11,3,8
Shinneex,ragnaros,287,mage,arcane,12,3,9
Ottsca,emerald-dream,286,mage,arcane,6,3,3
Etyx,tichondrius,239,mage,arcane,5,3,2
Ichor,blackhand,233,mage,arcane,17,5,12
Pay,nordrassil,223,mage,arcane,9,3,6
Røcco,azralon,192,mage,arcane,4,3,1
Vengx,tichondrius,192,mage,arcane,6,2,4
Emden,khadgar,192,mage,arcane,6,2,4
Pullmefingy,illidan,192,mage,arcane,6,2,4
Powerfulguy,frostmourne,192,mage,arcane,6,2,4
Shimmerpoly,sargeras,192,mage,arcane,6,2,4
Sheepshot,dentarg,192,mage,arcane,6,2,4
Loa,hydraxis,192,mage,arcane,6,2,4
Chinkins,illidan,192,mage,arcane,6,2,4
Sheepyamum,tichondrius,192,mage,arcane,6,2,4
Thistle,boulderfist,192,mage,arcane,6,2,4
Xoese,illidan,192,mage,arcane,6,2,4
Lilfruitsnac,illidan,192,mage,arcane,6,2,4
Highafrn,area-52,192,mage,arcane,6,2,4
Morganä,silver-hand,192,mage,arcane,6,2,4
Alìv,tichondrius,192,mage,arcane,6,2,4
Ferdabombs,tichondrius,192,mage,arcane,6,2,4
Umber,dreadmaul,192,mage,arcane,6,2,4
Polymedaddi,tichondrius,192,mage,arcane,6,2,4
Caimil,echo-isles,192,mage,arcane,6,2,4
Opiumlord,tichondrius,192,mage,arcane,6,2,4
Bustercraft,kelthuzad,192,mage,arcane,6,2,4
Crinkit,frostmourne,192,mage,arcane,6,2,4
Duffs,hyjal,192,mage,arcane,6,2,4
Aeg,stormrage,192,mage,arcane,6,2,4
Burna,amanthul,192,mage,arcane,6,2,4
Xannymancan,tichondrius,192,mage,arcane,6,2,4
Dorieline,khaz-modan,192,mage,arcane,6,2,4
Maguín,tichondrius,192,mage,arcane,6,2,4
Shareholder,stormrage,192,mage,arcane,6,2,4
Vensyr,stormrage,192,mage,arcane,6,2,4
Sðsa,stormrage,192,mage,arcane,6,2,4
Boptimus,moonrunner,192,mage,arcane,6,2,4
Uchihá,azgalor,192,mage,arcane,6,2,4
Xpez,stormrage,192,mage,arcane,6,2,4
Blinkmind,stormrage,192,mage,arcane,6,2,4
Suppawog,frostmourne,192,mage,arcane,6,2,4
Fakelovè,area-52,192,mage,arcane,6,2,4
Blastgodx,stormrage,192,mage,arcane,6,2,4
Aenomaus,stormrage,192,mage,arcane,6,2,4
Arcanefriend,wyrmrest-accord,192,mage,arcane,6,2,4
Sylendron,area-52,192,mage,arcane,6,2,4
Tarmiel,quelthalas,192,mage,arcane,6,2,4
Wayferz,illidan,192,mage,arcane,6,2,4
Icebish,skullcrusher,192,mage,arcane,6,2,4
Mymaage,andorhal,192,mage,arcane,6,2,4
Gatka,quelthalas,192,mage,arcane,12,2,10
Mcshwackin,area-52,192,mage,arcane,12,2,10
Rahahm,altar-of-storms,192,mage,arcane,12,2,10
Barbarabush,hellscream,192,mage,arcane,12,2,10
Darznath,drakkari,191,mage,arcane,6,2,4
Ðarkcore,laughing-skull,191,mage,arcane,6,2,4
Nevswrld,stormrage,191,mage,arcane,24,2,22
Vengefuly,tichondrius,138,mage,arcane,6,3,3
Milfmaster,aerie-peak,138,mage,arcane,8,3,5
Frostybihh,bonechewer,138,mage,arcane,15,3,12
Sos,kelthuzad,128,mage,arcane,4,2,2
Oej,area-52,127,mage,arcane,5,3,2
Pyropie,frostmourne,96,mage,arcane,3,2,1
Purpledrank,nagrand,96,mage,arcane,9,2,7
Bungholiojr,malganis,96,mage,arcane,6,1,5
Sula,muradin,96,mage,arcane,6,1,5
Gôøglëlòl,nemesis,96,mage,arcane,6,1,5
Xlordpagan,sargeras,96,mage,arcane,6,1,5
Needmyvape,moon-guard,96,mage,arcane,6,1,5
Coldrin,tichondrius,96,mage,arcane,6,1,5
Magiddo,skullcrusher,96,mage,arcane,6,1,5
Mageki,ragnaros,96,mage,arcane,6,1,5
Pollybot,tichondrius,96,mage,arcane,6,1,5
Burrbon,area-52,96,mage,arcane,6,1,5
Illúmi,moon-guard,96,mage,arcane,6,1,5
Elemenopi,thrall,96,mage,arcane,6,1,5
Pimbidingi,quelthalas,96,mage,arcane,6,1,5
Genozyde,elune,96,mage,arcane,6,1,5
Octané,illidan,96,mage,arcane,6,1,5
Hhavok,scarlet-crusade,96,mage,arcane,6,1,5
Ignit,stormrage,96,mage,arcane,6,1,5
Flomin,tichondrius,96,mage,arcane,6,1,5
Hognues,tichondrius,96,mage,arcane,6,1,5
Priyel,hyjal,96,mage,arcane,6,1,5
Trippy,senjin,96,mage,arcane,6,1,5
Drewzz,tichondrius,96,mage,arcane,6,1,5
Quinnfreeze,boulderfist,96,mage,arcane,6,1,5
Harquillen,dathremar,96,mage,arcane,6,1,5
Darthez,darkspear,96,mage,arcane,6,1,5
Stëpsister,illidan,96,mage,arcane,6,1,5
Fauxcast,sargeras,96,mage,arcane,6,1,5
Drookzz,illidan,96,mage,arcane,6,1,5
Smôl,emerald-dream,96,mage,arcane,6,1,5
Noyade,illidan,96,mage,arcane,6,1,5
Helloimazu,gilneas,96,mage,arcane,6,1,5
Sabrita,proudmoore,96,mage,arcane,6,1,5
Magiebaby,bleeding-hollow,96,mage,arcane,6,1,5
Vanillã,sargeras,96,mage,arcane,6,1,5
Copperfield,dreadmaul,96,mage,arcane,6,1,5
Nazztwren,bleeding-hollow,96,mage,arcane,6,1,5
Merlen,black-dragonflight,96,mage,arcane,6,1,5
Pecs,kiljaeden,96,mage,arcane,6,1,5
Khatee,kilrogg,96,mage,arcane,6,1,5
Telkham,tichondrius,96,mage,arcane,6,1,5
Singheart,tichondrius,96,mage,arcane,6,1,5
Imdepressed,malorne,96,mage,arcane,6,1,5
Magicious,tichondrius,96,mage,arcane,6,1,5
Nday,tichondrius,96,mage,arcane,11,1,10
Chowih,ragnaros,96,mage,arcane,12,1,11
Bmõ,stormrage,96,mage,arcane,12,1,11
Greaterbust,tichondrius,96,mage,arcane,12,1,11
Tovenaars,moon-guard,96,mage,arcane,12,1,11
Sahaquiel,tichondrius,96,mage,arcane,12,1,11
Merzyie,tichondrius,96,mage,arcane,12,1,11
Nikittomage,echo-isles,96,mage,arcane,12,1,11
Poofnpass,malorne,95,mage,arcane,6,1,5
Kralien,dalaran,95,mage,arcane,6,1,5
Pyroeuphoria,dark-iron,79,mage,arcane,5,1,4
Scribe,anvilmar,79,mage,arcane,5,1,4
Frostmaul,dreadmaul,79,mage,arcane,11,1,10
Mokelovinwtf,tichondrius,48,mage,arcane,3,1,2
Mkownzz,tichondrius,16,mage,arcane,1,1,0
Aeghis,stormrage,2360,mage,fire,101,61,40
Hansol,farstriders,2341,mage,fire,144,79,65
Ranj,tichondrius,2323,mage,fire,199,107,92
Johnpopi,malganis,2318,mage,fire,78,55,23
Sol,shandris,2263,mage,fire,114,60,54
Setback,illidan,2237,mage,fire,162,85,77
Taylorlol,tichondrius,2191,mage,fire,207,105,102
Bigfirebat,tichondrius,2188,mage,fire,251,133,118
Vcamusorz,tichondrius,2185,mage,fire,254,139,115
Talibandzx,sargeras,2172,mage,fire,237,121,116
Glacier,firetree,2165,mage,fire,68,47,21
Kasperkar,illidan,2159,mage,fire,370,193,177
Fixrexbaxlls,tichondrius,2155,mage,fire,155,93,62
Valériemeow,tichondrius,2124,mage,fire,121,61,60
Easyfreeze,sargeras,2121,mage,fire,84,47,37
Epod,illidan,2121,mage,fire,179,96,83
Poundcakezx,tichondrius,2115,mage,fire,72,43,29
Rebornganegg,tichondrius,2113,mage,fire,65,52,13
Udmx,zuljin,2108,mage,fire,115,71,44
Benisp,stormrage,2108,mage,fire,134,75,59
Horoba,sargeras,2107,mage,fire,305,154,151
Aangx,stormrage,2102,mage,fire,58,37,21
Sorankim,tichondrius,2102,mage,fire,90,46,44
Buyßitcoin,sargeras,2089,mage,fire,261,135,126
Numbing,sargeras,2087,mage,fire,66,45,21
Volkazar,sargeras,2084,mage,fire,80,41,39
Vcamus,tichondrius,2068,mage,fire,364,187,177
Asetback,illidan,2067,mage,fire,247,123,124
Setbackx,illidan,2051,mage,fire,168,81,87
Jazzgroyper,sargeras,2043,mage,fire,77,45,32
Opisop,kelthuzad,2037,mage,fire,78,43,35
Snaregodx,area-52,2025,mage,fire,132,72,60
Kyphosis,illidan,2013,mage,fire,185,103,82
Vampìrelolz,tichondrius,1995,mage,fire,61,34,27
Bandmage,exodar,1994,mage,fire,72,48,24
Peachygamer,stormscale,1992,mage,fire,252,128,124
Zokorzik,area-52,1991,mage,fire,57,34,23
Lightsoran,tichondrius,1989,mage,fire,48,30,18
Spellgun,area-52,1988,mage,fire,91,52,39
Rizke,tichondrius,1980,mage,fire,73,47,26
Iblïs,kelthuzad,1980,mage,fire,78,50,28
Adjudicatory,tichondrius,1980,mage,fire,81,36,45
Gohonn,emerald-dream,1975,mage,fire,227,124,103
Sifr,tichondrius,1969,mage,fire,56,38,18
Chez,tichondrius,1965,mage,fire,30,24,6
Ksmackm,illidan,1953,mage,fire,76,43,33
Fullsénd,tichondrius,1952,mage,fire,72,39,33
Undeadmerlin,zuljin,1951,mage,fire,103,54,49
Getmaged,bleeding-hollow,1943,mage,fire,64,40,24
Juniel,bleeding-hollow,1943,mage,fire,59,35,24
Ròÿ,area-52,1942,mage,fire,132,69,63
Dexpy,tichondrius,1940,mage,fire,61,38,23
Xiaoxiaochu,tichondrius,1939,mage,fire,211,121,90
Käxs,ragnaros,1939,mage,fire,72,37,35
Bigdjohnson,dalaran,1936,mage,fire,188,102,86
Avicci,shattered-halls,1930,mage,fire,72,42,30
Mana,shuhalo,1929,mage,fire,81,57,24
Squidio,stormrage,1927,mage,fire,193,106,87
Lmaginedying,illidan,1922,mage,fire,54,33,21
Dagreatone,malganis,1922,mage,fire,70,37,33
Starxen,tichondrius,1915,mage,fire,54,31,23
Gôdzcombust,area-52,1913,mage,fire,217,119,98
Lantx,tichondrius,1911,mage,fire,90,65,25
Myzzl,kelthuzad,1904,mage,fire,111,55,56
Zoryack,azralon,1903,mage,fire,276,144,132
Pinkmagetko,tichondrius,1901,mage,fire,60,35,25
Vazlgs,tichondrius,1898,mage,fire,96,54,42
Degen,laughing-skull,1897,mage,fire,76,48,28
Såni,tichondrius,1896,mage,fire,115,66,49
Proximalol,tichondrius,1894,mage,fire,71,46,25
Delibro,tichondrius,1888,mage,fire,90,58,32
Rockoe,tichondrius,1888,mage,fire,134,82,52
Kraxos,stormrage,1886,mage,fire,114,68,46
Elfmage,tichondrius,1884,mage,fire,72,41,31
Vedo,tichondrius,1873,mage,fire,45,28,17
Icetomeetyu,bleeding-hollow,1872,mage,fire,340,175,165
Chickenspank,stormrage,1871,mage,fire,126,77,49
Rmxd,malganis,1870,mage,fire,102,54,48
Nightsaber,blackrock,1869,mage,fire,42,26,16
Elysõna,area-52,1868,mage,fire,315,175,140
Almondcocoa,tichondrius,1867,mage,fire,78,37,41
Purpscurp,illidan,1864,mage,fire,270,143,127
Itrinketair,area-52,1861,mage,fire,92,49,43
Daddymayhem,proudmoore,1860,mage,fire,162,85,77
Aeg,stormrage,1857,mage,fire,42,24,18
Yaya,kargath,1857,mage,fire,126,65,61
Fròzt,ragnaros,1856,mage,fire,60,29,31
Thxo,hyjal,1855,mage,fire,153,82,71
Háté,ragnaros,1855,mage,fire,379,184,195
Bigpøppapump,tichondrius,1854,mage,fire,66,38,28
Dáddyshark,sargeras,1852,mage,fire,227,109,118
Animatronic,moon-guard,1851,mage,fire,181,100,81
Sunskim,tichondrius,1851,mage,fire,76,37,39
Julzx,hyjal,1848,mage,fire,42,27,15
Cryogeniks,illidan,1843,mage,fire,60,32,28
Smilesu,tichondrius,1839,mage,fire,57,36,21
Kjuuler,moon-guard,1837,mage,fire,53,28,25
Tainx,frostmourne,1834,mage,fire,42,29,13
Wanming,tichondrius,1831,mage,fire,84,47,37
Frøsty,lightbringer,1829,mage,fire,60,34,26
Leakyboots,illidan,1828,mage,fire,66,32,34
Mângo,frostmourne,1826,mage,fire,36,26,10
Csx,turalyon,1826,mage,fire,132,73,59
Cinnablast,darkspear,1824,mage,fire,26,20,6
Vamplol,tichondrius,1824,mage,fire,35,22,13
Zerathremar,proudmoore,1824,mage,fire,51,32,19
Yorgøs,ragnaros,1824,mage,fire,132,70,62
Fwooshinator,malganis,1823,mage,fire,71,56,15
Mageboy,bonechewer,1822,mage,fire,81,51,30
Levalol,aggramar,1822,mage,fire,42,26,16
Lexiahx,frostmourne,1820,mage,fire,62,35,27
Marfaz,ravencrest,1819,mage,fire,186,102,84
Cuymagíco,ragnaros,1818,mage,fire,42,26,16
Téhflip,tichondrius,1818,mage,fire,60,37,23
Nbapinktrex,darkspear,1816,mage,fire,72,40,32
Likebutter,tichondrius,1814,mage,fire,78,45,33
Sandylove,zuljin,1813,mage,fire,96,52,44
Lambsalsa,tichondrius,1812,mage,fire,71,39,32
Neät,frostmourne,1811,mage,fire,73,42,31
Enthy,frostmourne,1811,mage,fire,121,67,54
Deepgodsz,azralon,1810,mage,fire,57,34,23
Blak,bleeding-hollow,1810,mage,fire,96,54,42
Dbox,stormscale,1809,mage,fire,54,34,20
Notini,azralon,1809,mage,fire,281,138,143
Ogfresh,area-52,1808,mage,fire,100,63,37
Hadlly,tichondrius,1808,mage,fire,47,28,19
Lolololololo,kelthuzad,1808,mage,fire,331,177,154
Alenikus,blackhand,1808,mage,fire,220,116,104
Blinkaway,ragnaros,1807,mage,fire,90,51,39
Strdelmaker,tichondrius,1806,mage,fire,84,54,30
Stergenutfr,tichondrius,1806,mage,fire,54,33,21
Eludin,aegwynn,1805,mage,fire,41,28,13
Wiredcc,illidan,1805,mage,fire,30,20,10
Deathrøll,moon-guard,1804,mage,fire,42,31,11
Froztidflayx,tichondrius,1804,mage,fire,54,34,20
Umbriël,quelthalas,1804,mage,fire,59,35,24
Cïrçæ,sargeras,1802,mage,fire,126,70,56
Shimmerpoly,sargeras,1801,mage,fire,95,52,43
Oi,frostwolf,1800,mage,fire,135,84,51
Hotrunner,sargeras,1800,mage,fire,83,41,42
Yugedamn,nazjatar,1796,mage,fire,108,73,35
Juju,tichondrius,1796,mage,fire,75,44,31
Magecombe,thrall,1795,mage,fire,24,19,5
Dmgdaddy,zuljin,1795,mage,fire,48,22,26
Emvepee,sargeras,1791,mage,fire,42,25,17
Convector,tichondrius,1785,mage,fire,94,59,35
Hööva,illidan,1784,mage,fire,161,94,67
Ööf,emerald-dream,1784,mage,fire,120,61,59
Charkoalzz,moon-guard,1781,mage,fire,147,73,74
Bhabynahnah,tichondrius,1779,mage,fire,77,51,26
Blockjkdead,frostmourne,1776,mage,fire,50,33,17
Highms,stormrage,1776,mage,fire,108,57,51
Salvick,emerald-dream,1773,mage,fire,156,82,74
Snoogma,illidan,1772,mage,fire,41,30,11
Torched,stormreaver,1772,mage,fire,230,121,109
Mcdfries,tichondrius,1771,mage,fire,109,61,48
Mágos,stormrage,1769,mage,fire,46,30,16
Shaytime,tichondrius,1767,mage,fire,36,23,13
Mcfry,illidan,1767,mage,fire,72,38,34
Itshug,area-52,1766,mage,fire,97,53,44
Arrcadia,darkspear,1765,mage,fire,146,80,66
Kindle,malorne,1761,mage,fire,188,101,87
Mxdeez,tichondrius,1760,mage,fire,154,92,62
Kassmage,skullcrusher,1760,mage,fire,42,24,18
Littlejay,kelthuzad,1759,mage,fire,48,26,22
Lavarain,illidan,1758,mage,fire,51,30,21
Uhh,blackrock,1758,mage,fire,67,34,33
Muztaccio,tichondrius,1757,mage,fire,119,66,53
Xuxä,stormrage,1753,mage,fire,60,35,25
Guccii,bleeding-hollow,1751,mage,fire,65,34,31
Amge,uldum,1750,mage,fire,44,23,21
Tuniepop,sargeras,1746,mage,fire,130,69,61
Banquetmeal,emerald-dream,1744,mage,fire,54,35,19
Varroc,quelthalas,1743,mage,fire,419,209,210
Linkolni,azralon,1742,mage,fire,131,72,59
Ject,ragnaros,1741,mage,fire,88,59,29
Farragan,ragnaros,1741,mage,fire,50,23,27
Styler,tichondrius,1739,mage,fire,199,103,96
Maegwynah,jaedenar,1736,mage,fire,48,32,16
Mokelovinwtf,tichondrius,1735,mage,fire,38,27,11
Gelußabadook,kelthuzad,1733,mage,fire,36,24,12
Agoniey,illidan,1733,mage,fire,116,69,47
Coolhandz,tichondrius,1732,mage,fire,100,59,41
Freaknastyxo,stormrage,1731,mage,fire,96,52,44
Papita,mugthol,1728,mage,fire,41,21,20
Maxtorgar,quelthalas,1726,mage,fire,71,42,29
Gominsi,tichondrius,1724,mage,fire,30,22,8
Nazmagus,hydraxis,1724,mage,fire,149,88,61
Sorcerous,bloodhoof,1724,mage,fire,239,128,111
Frostymart,arthas,1720,mage,fire,66,40,26
Xs,stormrage,1715,mage,fire,184,106,78
Pollocabron,bleeding-hollow,1715,mage,fire,78,43,35
Pecs,kiljaeden,1713,mage,fire,58,27,31
Nickioxox,tichondrius,1711,mage,fire,54,33,21
Xythros,stormrage,1711,mage,fire,30,18,12
Yeetcannøn,illidan,1711,mage,fire,78,45,33
Coôler,illidan,1711,mage,fire,211,115,96
Ufree,tichondrius,1709,mage,fire,59,33,26
Rizzlerx,stormrage,1708,mage,fire,59,35,24
Wkndxo,emerald-dream,1707,mage,fire,36,24,12
Creaystar,area-52,1706,mage,fire,485,243,242
Xialing,tichondrius,1705,mage,fire,48,28,20
Wizarts,ragnaros,1705,mage,fire,84,37,47
Glaucuss,dalaran,1703,mage,fire,24,18,6
Belven,proudmoore,1703,mage,fire,38,22,16
Chumpp,tichondrius,1701,mage,fire,46,30,16
Bluedustfart,illidan,1699,mage,fire,59,32,27
Sahlokinn,stormrage,1698,mage,fire,78,42,36
Magibe,thrall,1697,mage,fire,60,37,23
Bambambilly,kelthuzad,1697,mage,fire,56,34,22
Wotl,tichondrius,1697,mage,fire,413,213,200
Dojacute,frostmourne,1696,mage,fire,47,29,18
Asap,frostmourne,1696,mage,fire,90,47,43
Peakd,bleeding-hollow,1694,mage,fire,51,30,21
Blockgodbhee,area-52,1693,mage,fire,65,35,30
Younghehe,tichondrius,1692,mage,fire,148,77,71
Magekylex,proudmoore,1691,mage,fire,218,123,95
Syntacks,lightnings-blade,1691,mage,fire,302,164,138
Neverbløck,illidan,1688,mage,fire,54,31,23
Fantabulous,korgath,1686,mage,fire,66,39,27
Criptonx,tichondrius,1686,mage,fire,40,19,21
Minverces,tichondrius,1685,mage,fire,83,51,32
Rnjin,tichondrius,1684,mage,fire,36,24,12
Kazimìr,tichondrius,1683,mage,fire,30,18,12
Zaleaqt,icecrown,1683,mage,fire,125,69,56
Murcury,tichondrius,1683,mage,fire,517,267,250
Frozun,sargeras,1682,mage,fire,40,24,16
Squantanimo,shadowmoon,1682,mage,fire,159,84,75
Ross,deathwing,1678,mage,fire,47,23,24
Fmpenjoyerx,illidan,1677,mage,fire,46,29,17
Alcapwn,kelthuzad,1676,mage,fire,36,21,15
Versacejay,sargeras,1676,mage,fire,42,22,20
Willzada,azralon,1675,mage,fire,135,72,63
Mârdûk,sargeras,1674,mage,fire,42,25,17
Babaghanøush,illidan,1673,mage,fire,36,24,12
Bighot,tichondrius,1673,mage,fire,90,53,37
Englavian,frostmane,1673,mage,fire,72,35,37
Akephálos,drakkari,1672,mage,fire,47,28,19
Micfiyah,thrall,1671,mage,fire,24,18,6
Seeu,tichondrius,1671,mage,fire,102,57,45
Ligmmah,stormrage,1670,mage,fire,78,45,33
Eazzybaby,eredar,1669,mage,fire,955,494,461
Variex,tichondrius,1667,mage,fire,54,33,21
Bibi,ragnaros,1667,mage,fire,49,28,21
Piratecaster,kargath,1664,mage,fire,42,27,15
Wickymorph,barthilas,1660,mage,fire,101,53,48
Glaucus,illidan,1656,mage,fire,36,22,14
Albbano,tichondrius,1655,mage,fire,36,24,12
Hanxiaowu,tichondrius,1652,mage,fire,32,22,10
Coldcaster,mugthol,1652,mage,fire,157,92,65
Harmfol,illidan,1651,mage,fire,42,28,14
Globglob,tichondrius,1651,mage,fire,40,26,14
Kaylemage,tichondrius,1651,mage,fire,54,31,23
Kushjointz,tichondrius,1650,mage,fire,94,56,38
Lycheeoolong,frostmourne,1649,mage,fire,38,22,16
Frosttko,kelthuzad,1649,mage,fire,90,51,39
Dârkus,sargeras,1649,mage,fire,211,110,101
Cam,kul-tiras,1648,mage,fire,128,74,54
Audacy,sargeras,1646,mage,fire,185,96,89
Swaglo,illidan,1642,mage,fire,52,27,25
Balencii,kiljaeden,1640,mage,fire,65,38,27
Faetalm,tichondrius,1640,mage,fire,247,127,120
Pootysmooch,sargeras,1639,mage,fire,54,33,21
Poonfarmer,zangarmarsh,1639,mage,fire,54,32,22
Biscobush,turalyon,1638,mage,fire,126,69,57
Diewnuts,zuljin,1638,mage,fire,179,98,81
Eutopia,tichondrius,1637,mage,fire,36,26,10
Magnificaxd,area-52,1637,mage,fire,66,37,29
Wretchy,ragnaros,1637,mage,fire,113,61,52
Domotricks,illidan,1637,mage,fire,114,61,53
Minerves,tichondrius,1637,mage,fire,88,42,46
Vyzo,stormrage,1635,mage,fire,36,20,16
Torthie,burning-blade,1634,mage,fire,30,18,12
Chionê,velen,1634,mage,fire,30,18,12
Gasolína,stormrage,1632,mage,fire,162,94,68
Zoobiz,tichondrius,1632,mage,fire,45,26,19
Merlu,silver-hand,1632,mage,fire,42,23,19
Formi,frostmourne,1632,mage,fire,105,50,55
Garbagemage,barthilas,1631,mage,fire,96,52,44
Gadgítte,moon-guard,1630,mage,fire,78,46,32
Fookz,malganis,1628,mage,fire,108,60,48
Ârcano,ragnaros,1628,mage,fire,53,29,24
Iampainn,kiljaeden,1627,mage,fire,192,102,90
Mudohir,stormrage,1627,mage,fire,58,29,29
Smoothini,area-52,1625,mage,fire,24,17,7
Sky,lightnings-blade,1625,mage,fire,63,35,28
Jardz,area-52,1625,mage,fire,48,25,23
Orionmage,frostmourne,1625,mage,fire,129,67,62
Marxeflamer,ragnaros,1625,mage,fire,56,29,27
Toteypotter,frostmourne,1625,mage,fire,42,20,22
Ingrumatig,tichondrius,1624,mage,fire,96,54,42
Gôøglëlòl,nemesis,1624,mage,fire,236,122,114
Kraftfull,azralon,1624,mage,fire,75,38,37
Sikeyzlol,bleeding-hollow,1623,mage,fire,30,17,13
Benjamming,ragnaros,1623,mage,fire,72,40,32
Harshx,bleeding-hollow,1623,mage,fire,45,25,20
Icelancedd,thrall,1622,mage,fire,57,34,23
Slymage,illidan,1621,mage,fire,73,43,30
Tweydey,tichondrius,1621,mage,fire,30,17,13
Bajaoreily,zangarmarsh,1620,mage,fire,59,31,28
Psychodelic,warsong,1618,mage,fire,49,24,25
Ohnostepbro,malfurion,1617,mage,fire,42,25,17
Imannoyingha,darkspear,1617,mage,fire,120,66,54
Pwnbolt,sargeras,1617,mage,fire,44,21,23
Corinthiax,wyrmrest-accord,1616,mage,fire,87,46,41
Blinkmind,stormrage,1615,mage,fire,42,24,18
Jonboym,illidan,1614,mage,fire,66,40,26
Anuub,kelthuzad,1614,mage,fire,96,54,42
Majjix,illidan,1613,mage,fire,84,49,35
Tjofmajik,stormrage,1611,mage,fire,30,20,10
Droop,tichondrius,1611,mage,fire,48,28,20
Kawailenard,tichondrius,1610,mage,fire,30,22,8
Dropdeadlol,bonechewer,1610,mage,fire,156,83,73
Chainpoly,area-52,1609,mage,fire,61,37,24
Toroy,wyrmrest-accord,1608,mage,fire,36,21,15
Vengefuly,tichondrius,1608,mage,fire,62,36,26
Affewxd,lothar,1608,mage,fire,294,153,141
Leofrith,moon-guard,1607,mage,fire,37,23,14
Warmingtide,kelthuzad,1607,mage,fire,54,31,23
Gigatuts,stormrage,1607,mage,fire,97,49,48
Kryomaniac,frostmourne,1606,mage,fire,72,37,35
Sïthfù,tichondrius,1605,mage,fire,78,46,32
Zarkanis,tichondrius,1604,mage,fire,49,25,24
Trippy,senjin,1604,mage,fire,84,41,43
Frogbum,fizzcrank,1603,mage,fire,76,47,29
Hpthewizard,deathwing,1603,mage,fire,131,74,57
Choccookies,illidan,1603,mage,fire,38,19,19
Gelokay,tichondrius,1602,mage,fire,24,17,7
Omagawd,tichondrius,1602,mage,fire,39,20,19
Starkp,ragnaros,1601,mage,fire,87,56,31
Mushys,stormrage,1601,mage,fire,35,22,13
Grynthwzrd,stormrage,1601,mage,fire,60,37,23
Savanali,kelthuzad,1600,mage,fire,53,32,21
Singheart,tichondrius,1600,mage,fire,253,131,122
Hunchojack,tichondrius,1599,mage,fire,30,17,13
Chapelrat,sargeras,1598,mage,fire,36,19,17
Worldonfire,ragnaros,1598,mage,fire,311,160,151
Juul,emerald-dream,1597,mage,fire,180,93,87
Hideongp,barthilas,1597,mage,fire,67,29,38
Òzåi,frostmourne,1594,mage,fire,34,21,13
Clerene,area-52,1592,mage,fire,33,23,10
Wíntersun,frostmourne,1592,mage,fire,302,169,133
Original,ysera,1590,mage,fire,36,20,16
Cambustion,frostmourne,1589,mage,fire,54,32,22
Pheroz,malganis,1589,mage,fire,36,21,15
Unknownblast,kul-tiras,1589,mage,fire,43,23,20
Myrondor,tichondrius,1589,mage,fire,154,80,74
Velvetlurker,tichondrius,1588,mage,fire,30,17,13
Rennifer,malganis,1586,mage,fire,39,18,21
Svips,illidan,1585,mage,fire,30,18,12
Chudini,ragnaros,1583,mage,fire,52,28,24
Needloog,sargeras,1582,mage,fire,47,29,18
Pzaz,moon-guard,1582,mage,fire,50,30,20
Waffles,ravencrest,1582,mage,fire,164,90,74
Crazytime,tichondrius,1580,mage,fire,78,43,35
Jenezis,area-52,1579,mage,fire,83,38,45
Engage,garrosh,1578,mage,fire,48,29,19
Gnitraf,malganis,1577,mage,fire,36,19,17
Hwii,tichondrius,1575,mage,fire,178,100,78
Xoese,illidan,1575,mage,fire,330,161,169
Aulle,whisperwind,1572,mage,fire,64,36,28
Kev,sentinels,1571,mage,fire,186,97,89
Balmunc,proudmoore,1570,mage,fire,30,20,10
Dreadparadox,bleeding-hollow,1570,mage,fire,103,52,51
Trolson,sargeras,1570,mage,fire,71,35,36
Stooki,tichondrius,1570,mage,fire,48,23,25
Hüz,frostmourne,1567,mage,fire,30,19,11
Plainblaine,illidan,1567,mage,fire,126,66,60
Northstår,tichondrius,1567,mage,fire,45,20,25
Pygetwo,kelthuzad,1566,mage,fire,36,19,17
Toastedoats,hyjal,1564,mage,fire,115,64,51
Keepv,tichondrius,1564,mage,fire,36,18,18
Firewreckage,malganis,1564,mage,fire,155,75,80
Kevymarts,tichondrius,1562,mage,fire,117,66,51
Iceward,frostmourne,1562,mage,fire,126,61,65
Fuhbar,stormreaver,1561,mage,fire,42,23,19
Vênsêr,emerald-dream,1561,mage,fire,98,50,48
Marrioo,tichondrius,1558,mage,fire,73,38,35
Darmora,kelthuzad,1558,mage,fire,127,57,70
Ono,sargeras,1554,mage,fire,42,20,22
Yooyar,barthilas,1553,mage,fire,370,186,184
Bis,aggramar,1552,mage,fire,36,18,18
Sabrita,proudmoore,1552,mage,fire,78,38,40
Porthúb,illidan,1547,mage,fire,30,18,12
Magedango,bleeding-hollow,1547,mage,fire,42,25,17
Neekodango,sisters-of-elune,1547,mage,fire,58,34,24
Johalenneron,area-52,1546,mage,fire,31,18,13
Cinns,moon-guard,1546,mage,fire,96,48,48
Firèballin,tichondrius,1544,mage,fire,69,40,29
Lilbabyx,stormrage,1543,mage,fire,146,76,70
Ddouble,tichondrius,1543,mage,fire,36,18,18
Maxxice,zuljin,1543,mage,fire,51,22,29
Jundead,dalaran,1537,mage,fire,105,63,42
Themilkmaid,stormrage,1535,mage,fire,48,31,17
Quikcast,archimonde,1535,mage,fire,90,44,46
Djpolymorph,stormrage,1533,mage,fire,114,62,52
Abruaa,area-52,1532,mage,fire,36,16,20
Chrisxo,azuremyst,1531,mage,fire,18,16,2
Slumpgodd,frostmourne,1531,mage,fire,42,21,21
Siayo,stormscale,1531,mage,fire,57,21,36
Rival,madoran,1530,mage,fire,48,22,26
Mariomario,tichondrius,1528,mage,fire,156,85,71
Ålmøst,tichondrius,1527,mage,fire,83,50,33
Jööz,deathwing,1527,mage,fire,99,51,48
Johntar,bloodscalp,1525,mage,fire,115,62,53
Gimilzor,arthas,1523,mage,fire,235,126,109
Koroshimasu,tichondrius,1522,mage,fire,30,19,11
Murphinya,sargeras,1522,mage,fire,34,20,14
Zënith,quelthalas,1522,mage,fire,30,17,13
Stickylol,tichondrius,1522,mage,fire,30,16,14
Erozbulls,ragnaros,1522,mage,fire,116,55,61
Cruelhabbits,tichondrius,1520,mage,fire,24,16,8
Granmago,azralon,1520,mage,fire,30,16,14
Coneofkony,bleeding-hollow,1519,mage,fire,42,27,15
Sparklepoof,tichondrius,1519,mage,fire,47,26,21
Wordd,malganis,1519,mage,fire,90,43,47
Cumbus,stormrage,1519,mage,fire,60,25,35
Morbøl,tichondrius,1517,mage,fire,100,60,40
Pyrod,tichondrius,1517,mage,fire,115,60,55
Teetems,sargeras,1516,mage,fire,146,74,72
Eekzlol,illidan,1514,mage,fire,95,50,45
Fredcouples,tichondrius,1513,mage,fire,60,34,26
Pòpsmóke,tichondrius,1512,mage,fire,30,16,14
Sakurai,tichondrius,1511,mage,fire,108,55,53
Øzmage,area-52,1510,mage,fire,45,27,18
Fireland,ragnaros,1510,mage,fire,113,61,52
Squishymage,frostmourne,1509,mage,fire,43,21,22
Melqüisedeq,nemesis,1509,mage,fire,39,17,22
Nunezz,mannoroth,1508,mage,fire,42,25,17
Bøfa,tichondrius,1508,mage,fire,30,17,13
Tonydippin,illidan,1508,mage,fire,120,61,59
Absentbrain,stormrage,1508,mage,fire,54,27,27
Ferdabombs,tichondrius,1507,mage,fire,210,113,97
Azraël,zuljin,1505,mage,fire,84,41,43
Arcánè,velen,1501,mage,fire,52,29,23
Xanthan,runetotem,1501,mage,fire,84,46,38
Maplemage,akama,1499,mage,fire,219,119,100
Magicmaghar,area-52,1499,mage,fire,108,54,54
Icebish,skullcrusher,1498,mage,fire,39,23,16
Houndoôm,hyjal,1498,mage,fire,42,23,19
Pòlly,illidan,1495,mage,fire,42,25,17
Magiebaby,bleeding-hollow,1495,mage,fire,48,28,20
Laradria,kiljaeden,1495,mage,fire,42,23,19
Wqnmlgbdy,tichondrius,1494,mage,fire,52,23,29
Osh,malorne,1492,mage,fire,42,20,22
Suicune,area-52,1491,mage,fire,50,28,22
Masulí,hellscream,1491,mage,fire,78,37,41
Crnomage,area-52,1490,mage,fire,35,18,17
Ghostofkiev,area-52,1489,mage,fire,53,37,16
Ritamaga,stormrage,1486,mage,fire,54,33,21
Dårks,area-52,1486,mage,fire,42,21,21
Sheepxyz,thrall,1486,mage,fire,153,76,77
Smallbrainz,emerald-dream,1485,mage,fire,84,47,37
Fifthelëment,emerald-dream,1484,mage,fire,137,73,64
Skryte,mannoroth,1483,mage,fire,130,66,64
Destiniemage,malganis,1480,mage,fire,30,17,13
Mager,dentarg,1479,mage,fire,68,42,26
Raynark,nemesis,1478,mage,fire,153,85,68
Hannahaa,area-52,1475,mage,fire,65,37,28
Avalance,hyjal,1474,mage,fire,52,26,26
Polymedaddi,tichondrius,1473,mage,fire,146,67,79
Ruzam,area-52,1470,mage,fire,144,73,71
Anàrchy,emerald-dream,1469,mage,fire,51,29,22
Allhitz,ragnaros,1468,mage,fire,48,30,18
Icewrld,nemesis,1464,mage,fire,55,28,27
Andorlin,barthilas,1462,mage,fire,46,24,22
Sydrol,area-52,1458,mage,fire,228,119,109
Kronicblast,bleeding-hollow,1458,mage,fire,122,63,59
Cubanmage,drakkari,1457,mage,fire,36,23,13
Jojomage,thrall,1456,mage,fire,155,79,76
Aerligar,area-52,1455,mage,fire,42,23,19
Sorgannon,malganis,1455,mage,fire,186,97,89
Snanth,black-dragonflight,1454,mage,fire,87,49,38
Ludakritz,sargeras,1453,mage,fire,50,21,29
Usirfail,bleeding-hollow,1452,mage,fire,60,30,30
Highafrn,area-52,1449,mage,fire,123,72,51
Certifried,emerald-dream,1449,mage,fire,38,20,18
Purpledrank,nagrand,1449,mage,fire,109,53,56
Bettybonk,cenarius,1449,mage,fire,42,20,22
Grandpapi,arthas,1448,mage,fire,45,25,20
Zaxrie,malganis,1446,mage,fire,36,21,15
Hîghroller,area-52,1446,mage,fire,42,18,24
Högnues,tichondrius,1445,mage,fire,38,18,20
Hoçuspoçus,moon-guard,1442,mage,fire,149,72,77
Tigang,frostmourne,1441,mage,fire,117,61,56
Connorq,stormrage,1440,mage,fire,74,40,34
Tupactopus,tichondrius,1438,mage,fire,24,15,9
Famouz,area-52,1437,mage,fire,76,30,46
Weathersmell,tichondrius,1436,mage,fire,30,15,15
Truewinter,tichondrius,1433,mage,fire,24,15,9
Flavaflame,mugthol,1433,mage,fire,48,29,19
Daydreamz,lightnings-blade,1433,mage,fire,54,19,35
Etyx,tichondrius,1431,mage,fire,66,30,36
Rossanopolis,tichondrius,1430,mage,fire,78,35,43
Rekonx,tichondrius,1429,mage,fire,42,22,20
Enchantress,wyrmrest-accord,1428,mage,fire,48,25,23
Fallenwizard,sargeras,1427,mage,fire,24,15,9
Kryptekk,area-52,1426,mage,fire,60,31,29
Halimage,zuljin,1426,mage,fire,48,21,27
Streetember,nemesis,1425,mage,fire,96,42,54
Frostpimp,anubarak,1425,mage,fire,68,24,44
Hugostiglets,dreadmaul,1423,mage,fire,83,46,37
Polypolypoly,kiljaeden,1420,mage,fire,135,66,69
Rhykx,malganis,1420,mage,fire,35,17,18
Pyroshima,barthilas,1420,mage,fire,149,71,78
Coltrip,azralon,1418,mage,fire,117,56,61
Elwyn,dunemaul,1415,mage,fire,66,34,32
Nøzotica,kelthuzad,1415,mage,fire,60,28,32
Pay,nordrassil,1414,mage,fire,40,17,23
Snuurf,ragnaros,1413,mage,fire,108,55,53
Chukii,darkspear,1412,mage,fire,31,18,13
Jjijuns,tichondrius,1412,mage,fire,122,62,60
Zukoprince,azralon,1411,mage,fire,24,22,2
Mageyoulooks,shattered-hand,1410,mage,fire,54,31,23
Incidium,darkspear,1410,mage,fire,30,16,14
Lavaera,illidan,1410,mage,fire,44,20,24
Åspect,blood-furnace,1408,mage,fire,48,20,28
Zstyle,frostmourne,1406,mage,fire,113,62,51
Fruitdealerr,tichondrius,1406,mage,fire,120,57,63
Gunzz,aegwynn,1405,mage,fire,164,87,77
Jizzlez,tichondrius,1405,mage,fire,53,26,27
Hogslop,saurfang,1405,mage,fire,35,15,20
Flame,arthas,1404,mage,fire,102,54,48
Stimml,blood-furnace,1404,mage,fire,42,18,24
Nerfdestro,illidan,1403,mage,fire,30,16,14
Licklix,tichondrius,1402,mage,fire,94,56,38
Chumleyson,eonar,1401,mage,fire,56,30,26
Scrúmp,tichondrius,1401,mage,fire,56,30,26
Grymorum,ragnaros,1400,mage,fire,54,22,32
Whiteyx,saurfang,1399,mage,fire,52,29,23
Cokézero,frostmourne,1397,mage,fire,60,32,28
Tìnkerspell,stormrage,1397,mage,fire,36,18,18
Supremeboxer,tichondrius,1397,mage,fire,74,35,39
Arlise,aegwynn,1397,mage,fire,59,26,33
Eatnu,tichondrius,1394,mage,fire,42,18,24
Gødvana,frostmourne,1390,mage,fire,63,36,27
Hempy,mannoroth,1390,mage,fire,81,39,42
Pyromidget,khazgoroth,1388,mage,fire,112,67,45
Slicktrik,area-52,1387,mage,fire,29,15,14
Discoinferno,kelthuzad,1385,mage,fire,53,24,29
Leaso,tichondrius,1384,mage,fire,57,28,29
Toaststrudel,tichondrius,1384,mage,fire,118,57,61
Marajaade,tichondrius,1384,mage,fire,107,51,56
Dìus,malganis,1384,mage,fire,41,17,24
Tamarolfrost,illidan,1382,mage,fire,55,29,26
Drookzz,illidan,1382,mage,fire,30,15,15
Trevihl,malganis,1381,mage,fire,87,47,40
Wïzarduous,mannoroth,1380,mage,fire,84,44,40
Coldrin,tichondrius,1379,mage,fire,64,32,32
Ultrá,stormscale,1377,mage,fire,97,55,42
Dearasian,ragnaros,1377,mage,fire,77,42,35
Magiaguarra,ragnaros,1377,mage,fire,60,29,31
Aliive,tichondrius,1375,mage,fire,30,16,14
Mageonthc,korgath,1373,mage,fire,155,81,74
Aarne,thrall,1373,mage,fire,64,30,34
Yusen,tichondrius,1371,mage,fire,70,39,31
Feogato,proudmoore,1369,mage,fire,138,73,65
Babysharky,uther,1368,mage,fire,100,46,54
Vecna,tichondrius,1367,mage,fire,72,42,30
Nukeit,azgalor,1366,mage,fire,54,28,26
Melkra,tichondrius,1366,mage,fire,76,38,38
Hiona,illidan,1366,mage,fire,42,16,26
Numaïr,kiljaeden,1365,mage,fire,72,35,37
Garungar,antonidas,1361,mage,fire,24,15,9
Frðstítutè,tichondrius,1357,mage,fire,30,16,14
Wzrdxz,tichondrius,1356,mage,fire,77,37,40
Gribbets,stormrage,1353,mage,fire,39,22,17
Baelthezer,moon-guard,1350,mage,fire,46,27,19
Alàh,stormscale,1349,mage,fire,52,26,26
Isendra,bleeding-hollow,1349,mage,fire,53,25,28
Dicmojo,area-52,1348,mage,fire,48,31,17
Mirimida,ragnaros,1348,mage,fire,299,153,146
Nevercs,malganis,1347,mage,fire,42,24,18
Naxxa,draktharon,1347,mage,fire,74,42,32
Degenhours,illidan,1346,mage,fire,96,49,47
Prinseza,quelthalas,1345,mage,fire,55,27,28
Badaszbich,tichondrius,1344,mage,fire,36,20,16
Xunalatu,frostmourne,1344,mage,fire,78,43,35
Midewmage,proudmoore,1344,mage,fire,123,57,66
Ñïz,bleeding-hollow,1343,mage,fire,24,14,10
Kabbalx,stormrage,1342,mage,fire,74,39,35
Realzedx,sargeras,1341,mage,fire,18,14,4
Raisonmage,tichondrius,1341,mage,fire,96,44,52
Zirkur,mannoroth,1340,mage,fire,18,14,4
Codeine,darkspear,1339,mage,fire,29,18,11
Unmix,tichondrius,1338,mage,fire,40,18,22
Valtessa,stormrage,1336,mage,fire,42,15,27
Masuli,tichondrius,1335,mage,fire,24,14,10
Lilmj,kelthuzad,1335,mage,fire,70,31,39
Demik,exodar,1334,mage,fire,72,38,34
Búrsting,kelthuzad,1334,mage,fire,31,16,15
Sahala,frostmourne,1333,mage,fire,60,25,35
Alorae,wyrmrest-accord,1332,mage,fire,24,14,10
Psycles,dragonmaw,1331,mage,fire,102,48,54
Bigmêan,boulderfist,1331,mage,fire,39,17,22
Itension,tichondrius,1329,mage,fire,106,60,46
Alzagen,ragnaros,1326,mage,fire,92,47,45
Gö,tichondrius,1325,mage,fire,48,20,28
Ivoltage,tichondrius,1324,mage,fire,54,24,30
Saggytits,blackrock,1323,mage,fire,37,18,19
Archtype,azralon,1321,mage,fire,24,17,7
Longastrasza,tichondrius,1321,mage,fire,24,14,10
Carnelius,bleeding-hollow,1321,mage,fire,107,55,52
Skoffla,executus,1321,mage,fire,76,37,39
Cymbalta,azralon,1318,mage,fire,73,45,28
Zulugara,barthilas,1318,mage,fire,42,24,18
Chanko,bleeding-hollow,1317,mage,fire,30,14,16
Tmharp,tichondrius,1316,mage,fire,44,24,20
Christjan,tichondrius,1316,mage,fire,365,189,176
Ordroth,borean-tundra,1316,mage,fire,32,15,17
Shírley,tichondrius,1315,mage,fire,96,46,50
Earff,kiljaeden,1314,mage,fire,30,14,16
Beerandmagic,zuljin,1314,mage,fire,66,26,40
Pyroflinger,stormrage,1313,mage,fire,268,131,137
Putridìty,thrall,1312,mage,fire,48,28,20
Ljaie,lightbringer,1312,mage,fire,31,15,16
Bakjulah,tichondrius,1311,mage,fire,24,14,10
Skynhet,ragnaros,1311,mage,fire,42,18,24
Quizzard,blackrock,1310,mage,fire,28,15,13
Ëmlix,tichondrius,1310,mage,fire,36,16,20
Subscribe,malganis,1309,mage,fire,60,27,33
Snoü,proudmoore,1309,mage,fire,42,14,28
Wolfgangs,thrall,1308,mage,fire,24,14,10
Supermajor,frostmourne,1305,mage,fire,61,30,31
Smigui,azralon,1295,mage,fire,233,112,121
Helpmestpbro,sargeras,1295,mage,fire,36,14,22
Empathý,tichondrius,1293,mage,fire,46,22,24
Mordonius,azralon,1293,mage,fire,43,19,24
Harlloo,the-underbog,1293,mage,fire,42,16,26
Yamitenshi,dalaran,1291,mage,fire,77,35,42
Rudeswizard,area-52,1291,mage,fire,73,32,41
Wakkaflame,stormrage,1290,mage,fire,84,34,50
Oharvestero,illidan,1284,mage,fire,30,14,16
Rieltar,barthilas,1283,mage,fire,42,18,24
Nethros,stormrage,1278,mage,fire,30,14,16
Hypernova,vashj,1277,mage,fire,41,19,22
Adrazell,sargeras,1275,mage,fire,48,22,26
Vecina,tichondrius,1271,mage,fire,26,14,12
Drewzz,tichondrius,1270,mage,fire,32,21,11
Jnxzx,sargeras,1266,mage,fire,72,41,31
Trozkov,dalaran,1261,mage,fire,38,22,16
Helcarwen,area-52,1261,mage,fire,60,30,30
Icepond,proudmoore,1260,mage,fire,30,17,13
Adronicus,tichondrius,1260,mage,fire,72,36,36
Whilly,nagrand,1259,mage,fire,198,95,103
Daggoe,nazjatar,1256,mage,fire,63,32,31
Sasghengis,frostmourne,1255,mage,fire,108,62,46
Absolutepowa,bleeding-hollow,1255,mage,fire,26,14,12
Baskal,area-52,1255,mage,fire,56,27,29
Frostìtütte,stormrage,1254,mage,fire,24,16,8
Abzy,sargeras,1254,mage,fire,84,41,43
Letitgoo,azralon,1253,mage,fire,109,53,56
Lorlene,frostmourne,1252,mage,fire,54,27,27
Clapsyou,illidan,1251,mage,fire,42,18,24
Drippymack,sargeras,1250,mage,fire,40,24,16
Skywalkerino,azralon,1250,mage,fire,84,48,36
Alondrah,nazjatar,1250,mage,fire,139,69,70
Christensen,stormrage,1248,mage,fire,36,20,16
Magination,frostmourne,1247,mage,fire,73,32,41
Bandmaid,emerald-dream,1246,mage,fire,18,13,5
Biogenesis,ragnaros,1246,mage,fire,30,15,15
Mageyoulooks,kelthuzad,1246,mage,fire,72,31,41
Sahir,thaurissan,1244,mage,fire,84,40,44
Vanairel,emerald-dream,1243,mage,fire,54,31,23
Novice,barthilas,1242,mage,fire,53,29,24
Astanadora,tichondrius,1241,mage,fire,24,13,11
Hittheshower,tichondrius,1241,mage,fire,24,13,11
Vornz,sargeras,1241,mage,fire,24,13,11
Jaçkjaçk,moon-guard,1241,mage,fire,60,27,33
Terarosa,tichondrius,1240,mage,fire,24,13,11
Tribes,dalaran,1240,mage,fire,24,13,11
Baduf,azralon,1240,mage,fire,59,30,29
Gualter,nemesis,1239,mage,fire,36,15,21
Alùcârd,tichondrius,1238,mage,fire,24,13,11
Watchmepog,tichondrius,1237,mage,fire,21,14,7
Blinksz,korgath,1235,mage,fire,30,13,17
Brutalatops,terenas,1234,mage,fire,42,23,19
Politeness,tichondrius,1233,mage,fire,24,13,11
Mongomike,stormrage,1233,mage,fire,69,30,39
Joobi,sargeras,1232,mage,fire,36,13,23
Uoz,malganis,1230,mage,fire,72,32,40
Tarmiel,quelthalas,1229,mage,fire,30,13,17
Product,mugthol,1228,mage,fire,30,15,15
Reddfire,proudmoore,1226,mage,fire,60,23,37
Nevernüde,sargeras,1225,mage,fire,24,13,11
Coldblooded,zuljin,1221,mage,fire,100,45,55
Spellbrker,stormrage,1221,mage,fire,42,18,24
Zinnos,tichondrius,1218,mage,fire,30,13,17
Abrhamblinkn,tichondrius,1215,mage,fire,51,27,24
Genthruz,ragnaros,1215,mage,fire,48,22,26
Fíery,blades-edge,1211,mage,fire,90,42,48
Halfsquad,malfurion,1208,mage,fire,24,13,11
Captsheepya,archimonde,1207,mage,fire,36,14,22
Hànk,tichondrius,1206,mage,fire,55,26,29
Pyrotactics,sargeras,1205,mage,fire,46,17,29
Pyrepad,moon-guard,1202,mage,fire,51,28,23
Smoney,icecrown,1202,mage,fire,69,35,34
Ejzok,dreadmaul,1201,mage,fire,137,62,75
Othokk,tichondrius,1198,mage,fire,66,31,35
Chuky,terokkar,1195,mage,fire,30,15,15
Palmwhite,malganis,1192,mage,fire,41,18,23
Burist,illidan,1190,mage,fire,86,41,45
Eanur,azralon,1188,mage,fire,55,22,33
Dorkski,bleeding-hollow,1187,mage,fire,235,111,124
Iguanodon,proudmoore,1185,mage,fire,62,33,29
Esfire,frostmourne,1185,mage,fire,48,23,25
Kibazn,sisters-of-elune,1185,mage,fire,47,20,27
Radrik,perenolde,1183,mage,fire,36,16,20
Jellycheese,frostmourne,1181,mage,fire,42,15,27
Vamkari,ragnaros,1178,mage,fire,42,23,19
Zonmague,drakkari,1177,mage,fire,36,17,19
Jakeyboí,frostmourne,1175,mage,fire,23,13,10
Plunks,bleeding-hollow,1172,mage,fire,27,13,14
Sorrenton,sargeras,1171,mage,fire,84,44,40
Dragonie,nordrassil,1171,mage,fire,63,30,33
Xgrave,sargeras,1171,mage,fire,33,14,19
Randalf,dragonmaw,1168,mage,fire,24,14,10
Astroblasty,tichondrius,1168,mage,fire,52,19,33
Frogpapi,illidan,1160,mage,fire,82,42,40
Pyromaster,emerald-dream,1158,mage,fire,42,22,20
Noescaping,illidan,1158,mage,fire,30,15,15
Magicginger,barthilas,1158,mage,fire,45,19,26
Saladguy,thrall,1157,mage,fire,73,32,41
Diabølcangel,malganis,1157,mage,fire,30,13,17
Gradmage,proudmoore,1156,mage,fire,50,20,30
Maxvila,kelthuzad,1152,mage,fire,18,12,6
Asönia,illidan,1152,mage,fire,36,14,22
Technique,tichondrius,1151,mage,fire,18,12,6
Kazmir,area-52,1151,mage,fire,21,13,8
Refreshments,bleeding-hollow,1151,mage,fire,24,12,12
Uzz,tichondrius,1150,mage,fire,18,12,6
Frostynips,argent-dawn,1149,mage,fire,24,12,12
Phantose,sargeras,1147,mage,fire,40,14,26
Shmoked,kelthuzad,1145,mage,fire,24,12,12
Pantsbeard,illidan,1144,mage,fire,24,12,12
Mclanda,frostmourne,1143,mage,fire,24,12,12
Dopamines,sargeras,1142,mage,fire,24,12,12
Notweegi,area-52,1141,mage,fire,24,12,12
Blurblurb,firetree,1141,mage,fire,102,48,54
Pendrake,sargeras,1140,mage,fire,22,13,9
Fleët,tichondrius,1139,mage,fire,18,12,6
Smók,ragnaros,1139,mage,fire,24,12,12
Ryusenji,malganis,1139,mage,fire,27,13,14
Darkisfrosty,tichondrius,1139,mage,fire,32,12,20
Zafel,tichondrius,1138,mage,fire,24,12,12
Xroz,barthilas,1137,mage,fire,30,12,18
Nachtt,sargeras,1136,mage,fire,24,12,12
Mtphranklin,barthilas,1135,mage,fire,24,12,12
Nebbylol,area-52,1135,mage,fire,36,13,23
Roseofsharon,tichondrius,1133,mage,fire,24,12,12
Gnarwallx,stormrage,1132,mage,fire,30,12,18
Burstyboi,frostmourne,1131,mage,fire,31,19,12
Ghaust,frostmourne,1131,mage,fire,24,12,12
Hositonet,malganis,1129,mage,fire,90,44,46
Aphazia,kiljaeden,1128,mage,fire,60,32,28
Chale,tichondrius,1127,mage,fire,66,27,39
Cána,stormrage,1125,mage,fire,140,68,72
Vaxís,proudmoore,1122,mage,fire,51,27,24
Erlendr,moon-guard,1120,mage,fire,106,55,51
Xzilence,aerie-peak,1118,mage,fire,30,12,18
Gadalka,frostmourne,1116,mage,fire,24,12,12
Keionti,dalaran,1115,mage,fire,28,14,14
Berrur,azralon,1112,mage,fire,30,16,14
Tráshmage,zuljin,1108,mage,fire,23,12,11
Ssmurfett,dalaran,1104,mage,fire,36,21,15
Boptimus,moonrunner,1103,mage,fire,30,17,13
Ðarkcore,laughing-skull,1102,mage,fire,41,17,24
Priyel,hyjal,1101,mage,fire,36,17,19
Wawakun,ragnaros,1098,mage,fire,42,19,23
Rhythmdog,tichondrius,1097,mage,fire,19,14,5
Guccilaflur,proudmoore,1097,mage,fire,51,22,29
Yellowfevrz,thrall,1096,mage,fire,29,13,16
Gempette,tichondrius,1095,mage,fire,23,12,11
Wazzerd,moon-guard,1093,mage,fire,27,12,15
Marrika,amanthul,1091,mage,fire,51,22,29
Suhzero,skullcrusher,1089,mage,fire,61,34,27
Mithroyy,tichondrius,1087,mage,fire,16,12,4
Orianne,windrunner,1082,mage,fire,37,25,12
Sánzunokawa,quelthalas,1082,mage,fire,45,24,21
Srloko,azralon,1076,mage,fire,52,21,31
Gnomegeddons,dalaran,1076,mage,fire,48,15,33
Noyade,illidan,1074,mage,fire,36,15,21
Freez,garona,1073,mage,fire,48,20,28
Pikoda,azralon,1066,mage,fire,28,12,16
Coldarei,nagrand,1065,mage,fire,57,30,27
Hýdro,ghostlands,1063,mage,fire,84,47,37
Exiledmage,area-52,1056,mage,fire,12,11,1
Flaux,sargeras,1055,mage,fire,18,11,7
Fuegomage,tichondrius,1055,mage,fire,18,11,7
Icyfate,stormrage,1055,mage,fire,18,11,7
Moogician,aerie-peak,1055,mage,fire,18,11,7
Alïce,kelthuzad,1055,mage,fire,18,11,7
Dace,tichondrius,1055,mage,fire,24,11,13
Nerothoz,azralon,1055,mage,fire,30,11,19
Choccoeu,illidan,1055,mage,fire,32,11,21
Lokko,malganis,1054,mage,fire,12,11,1
Melkdud,wyrmrest-accord,1054,mage,fire,18,11,7
Deepsheep,moon-guard,1054,mage,fire,18,11,7
Whyze,malganis,1054,mage,fire,18,11,7
Luketko,bleeding-hollow,1054,mage,fire,18,11,7
Skw,sargeras,1053,mage,fire,18,11,7
Iuseabedpan,illidan,1053,mage,fire,18,11,7
Longdaddy,sargeras,1053,mage,fire,18,11,7
Hustle,frostmourne,1053,mage,fire,18,11,7
Texie,tichondrius,1052,mage,fire,21,12,9
Milambehr,elune,1051,mage,fire,18,11,7
Muhfin,tichondrius,1051,mage,fire,24,11,13
Lyríee,stormrage,1051,mage,fire,30,11,19
Zobbzz,frostmourne,1050,mage,fire,30,17,13
Radakos,emerald-dream,1050,mage,fire,24,11,13
Wienerjeff,area-52,1050,mage,fire,24,11,13
Kiz,zuljin,1050,mage,fire,24,11,13
Ziggyman,ragnaros,1050,mage,fire,24,11,13
Caldian,wyrmrest-accord,1050,mage,fire,42,17,25
Pollylol,proudmoore,1049,mage,fire,24,11,13
Molinoren,quelthalas,1049,mage,fire,60,26,34
Deadsayru,drakkari,1048,mage,fire,24,11,13
Notafiremage,skullcrusher,1046,mage,fire,18,11,7
Låvazza,tichondrius,1046,mage,fire,24,11,13
Danksi,stormrage,1045,mage,fire,30,11,19
Pyroeuphoria,dark-iron,1044,mage,fire,32,13,19
Senegau,azralon,1043,mage,fire,89,47,42
Xenagozs,antonidas,1042,mage,fire,24,11,13
Brànd,antonidas,1041,mage,fire,24,15,9
Golddigger,warsong,1041,mage,fire,40,13,27
Pew,dathremar,1040,mage,fire,24,11,13
Scmage,exodar,1040,mage,fire,30,11,19
Ispell,tichondrius,1039,mage,fire,178,82,96
Covín,malganis,1039,mage,fire,30,11,19
Riencë,tol-barad,1036,mage,fire,30,11,19
Rubberbanned,proudmoore,1032,mage,fire,35,11,24
Trollsita,thrall,1028,mage,fire,24,12,12
Shylyah,dreadmaul,1027,mage,fire,42,22,20
Zniper,emerald-dream,1027,mage,fire,78,40,38
Superfrosty,barthilas,1026,mage,fire,36,13,23
Søkø,tichondrius,1021,mage,fire,38,18,20
Ops,frostmourne,1019,mage,fire,298,154,144
Shotö,skullcrusher,1013,mage,fire,35,11,24
Endmepls,ysera,1009,mage,fire,168,78,90
Xxnova,moon-guard,1005,mage,fire,36,15,21
Mageolisious,kelthuzad,1001,mage,fire,95,44,51
Burstorbust,ravencrest,999,mage,fire,38,12,26
Bmd,thrall,994,mage,fire,22,12,10
Jerrycurls,illidan,990,mage,fire,20,11,9
Dersão,azralon,989,mage,fire,21,11,10
Theodosa,frostmourne,988,mage,fire,18,11,7
Felsparkles,area-52,988,mage,fire,23,11,12
Ripburn,stormrage,986,mage,fire,53,24,29
Flippendicus,stormrage,985,mage,fire,48,16,32
Slipqt,tichondrius,981,mage,fire,34,11,23
Magalí,nemesis,977,mage,fire,90,36,54
Zancro,ragnaros,976,mage,fire,73,30,43
Øgum,goldrinn,975,mage,fire,26,12,14
Gåndalf,ragnaros,974,mage,fire,36,11,25
Shashyta,drakkari,974,mage,fire,66,18,48
Hotjazzfarts,sargeras,971,mage,fire,67,37,30
Alìv,tichondrius,961,mage,fire,72,31,41
Loopsyliu,stormrage,960,mage,fire,12,10,2
Hogdog,illidan,960,mage,fire,12,10,2
Deathlist,frostmourne,960,mage,fire,12,10,2
Pollybot,tichondrius,959,mage,fire,12,10,2
Arcturuss,sargeras,959,mage,fire,18,10,8
Vîgïl,feathermoon,959,mage,fire,18,10,8
Mokelovin,sargeras,959,mage,fire,18,10,8
Rendézvous,tichondrius,959,mage,fire,18,10,8
Mafra,sargeras,959,mage,fire,18,10,8
Thalanar,barthilas,959,mage,fire,18,10,8
Issabellx,frostmourne,959,mage,fire,24,10,14
Extremeways,tichondrius,958,mage,fire,12,10,2
Orangemilk,hyjal,958,mage,fire,18,10,8
Bluëbeard,area-52,958,mage,fire,18,10,8
Kerrac,tichondrius,958,mage,fire,18,10,8
Oring,tichondrius,958,mage,fire,18,10,8
Zakume,stormrage,958,mage,fire,18,10,8
Flamiohotman,illidan,958,mage,fire,19,10,9
Büki,kelthuzad,957,mage,fire,18,10,8
Frostboy,borean-tundra,957,mage,fire,18,10,8
Phrana,tichondrius,957,mage,fire,18,10,8
Tiptoez,stormrage,957,mage,fire,18,10,8
Preceptør,azralon,957,mage,fire,24,10,14
Linkston,area-52,956,mage,fire,18,10,8
Biffroy,stormrage,956,mage,fire,18,10,8
Alunarassra,tichondrius,956,mage,fire,24,10,14
Walterror,bleeding-hollow,956,mage,fire,43,17,26
Silverzaive,silvermoon,955,mage,fire,18,10,8
Elyvee,tichondrius,955,mage,fire,24,10,14
Zäriks,kelthuzad,954,mage,fire,24,10,14
Samuoa,tichondrius,954,mage,fire,24,10,14
Missingxx,silvermoon,952,mage,fire,24,10,14
Durcain,argent-dawn,952,mage,fire,24,10,14
Grisherina,quelthalas,949,mage,fire,30,10,20
Penzashef,stormrage,948,mage,fire,24,10,14
Waef,quelthalas,947,mage,fire,12,10,2
Pellemus,malganis,947,mage,fire,18,10,8
Abstractgoat,tichondrius,946,mage,fire,30,15,15
Beji,frostmourne,943,mage,fire,88,43,45
Vadikk,tichondrius,940,mage,fire,42,23,19
Ashex,moon-guard,938,mage,fire,30,11,19
Rammers,coilfang,935,mage,fire,12,10,2
Trepid,illidan,931,mage,fire,30,13,17
Zendrix,bonechewer,931,mage,fire,48,18,30
Naoz,ragnaros,927,mage,fire,18,11,7
Swiftyniifty,area-52,926,mage,fire,54,15,39
Vakina,tichondrius,923,mage,fire,63,23,40
Béssie,area-52,912,mage,fire,128,63,65
Diamondx,ragnaros,908,mage,fire,23,10,13
Rageymagey,azshara,899,mage,fire,54,16,38
Heinnekeinn,tichondrius,894,mage,fire,17,10,7
Alywgard,sargeras,894,mage,fire,22,10,12
Cfore,aggramar,893,mage,fire,16,10,6
Tungstentoes,shuhalo,890,mage,fire,22,13,9
Bloomper,stormrage,890,mage,fire,74,24,50
Alaramaria,sargeras,886,mage,fire,18,10,8
Palruki,tichondrius,880,mage,fire,26,11,15
Jaywazz,tichondrius,879,mage,fire,13,10,3
Jaysaucetv,tichondrius,878,mage,fire,19,10,9
Kazare,quelthalas,877,mage,fire,84,37,47
Nakana,area-52,875,mage,fire,52,25,27
Nushala,stonemaul,872,mage,fire,36,13,23
Strêss,kelthuzad,870,mage,fire,22,12,10
Itizar,frostmourne,864,mage,fire,12,9,3
Edgkey,illidan,864,mage,fire,12,9,3
Gunbomb,tichondrius,864,mage,fire,12,9,3
Rubybest,tichondrius,864,mage,fire,12,9,3
Fireshart,moon-guard,864,mage,fire,12,9,3
Playsfrost,skullcrusher,864,mage,fire,12,9,3
Aosin,wyrmrest-accord,864,mage,fire,12,9,3
Simpleorz,tichondrius,864,mage,fire,12,9,3
Amage,drakthul,864,mage,fire,18,9,9
Plutón,tichondrius,864,mage,fire,18,9,9
Xàr,ragnaros,864,mage,fire,18,9,9
Thedodgex,sargeras,864,mage,fire,18,9,9
Trés,ragnaros,863,mage,fire,12,9,3
Drupart,dalaran,863,mage,fire,12,9,3
Acecube,illidan,863,mage,fire,12,9,3
Fullsheep,emerald-dream,863,mage,fire,12,9,3
Arianark,sargeras,863,mage,fire,18,9,9
Gtown,kelthuzad,863,mage,fire,18,9,9
Sos,kelthuzad,863,mage,fire,18,9,9
Triuneward,tichondrius,863,mage,fire,18,9,9
Urbadxd,llane,863,mage,fire,18,9,9
Zenzoh,azuremyst,863,mage,fire,18,9,9
Renoria,norgannon,863,mage,fire,18,9,9
Themageguy,eitrigg,863,mage,fire,18,9,9
Ryntheris,zuljin,863,mage,fire,18,9,9
Dabsx,moon-guard,863,mage,fire,18,9,9
Octané,illidan,863,mage,fire,18,9,9
Avócadó,malganis,863,mage,fire,24,9,15
Fròzen,moon-guard,862,mage,fire,12,9,3
Magekofwa,tichondrius,862,mage,fire,18,9,9
Erîol,ragnaros,862,mage,fire,18,9,9
Kawner,crushridge,862,mage,fire,18,9,9
Desfunz,mugthol,862,mage,fire,18,9,9
Svenny,tichondrius,861,mage,fire,18,9,9
Atsumori,thrall,861,mage,fire,24,9,15
Morôdin,area-52,861,mage,fire,26,9,17
Youngdanglez,stormrage,860,mage,fire,18,9,9
Garion,moon-guard,860,mage,fire,20,9,11
Muffhugga,dalaran,860,mage,fire,24,9,15
Magja,bloodhoof,859,mage,fire,18,9,9
Playdohsx,frostmourne,859,mage,fire,24,9,15
Calínico,quelthalas,857,mage,fire,30,9,21
Bàttlemage,nagrand,855,mage,fire,88,44,44
Dreaming,draktharon,855,mage,fire,18,9,9
Wetworx,illidan,855,mage,fire,18,9,9
Canible,kalecgos,851,mage,fire,18,9,9
Neverblockx,kirin-tor,847,mage,fire,17,9,8
Navira,feathermoon,847,mage,fire,18,9,9
Valtaira,wyrmrest-accord,847,mage,fire,23,11,12
Dánó,lightbringer,843,mage,fire,62,26,36
Bergan,sargeras,831,mage,fire,17,9,8
Umber,dreadmaul,829,mage,fire,17,9,8
Assani,ragnaros,815,mage,fire,11,9,2
Sossmage,jaedenar,815,mage,fire,15,9,6
Neroclover,ysera,810,mage,fire,36,9,27
Pyrlos,terokkar,808,mage,fire,30,12,18
Trikimees,stormrage,806,mage,fire,66,22,44
Yeweiliang,tichondrius,800,mage,fire,16,9,7
Xinsol,illidan,799,mage,fire,14,9,5
Arcanemain,kargath,799,mage,fire,42,18,24
Drewann,draenor,799,mage,fire,22,9,13
Themose,sargeras,793,mage,fire,22,9,13
Endymiòn,tichondrius,783,mage,fire,11,9,2
Khaziiong,scilla,782,mage,fire,20,9,11
Zêz,illidan,781,mage,fire,18,9,9
Pherixsw,stormrage,768,mage,fire,12,8,4
Delibros,tichondrius,768,mage,fire,12,8,4
Telios,azralon,768,mage,fire,12,8,4
Incinerated,moon-guard,768,mage,fire,12,8,4
Artheruption,kelthuzad,768,mage,fire,12,8,4
Voljezus,jubeithos,768,mage,fire,12,8,4
Stöpwatch,hyjal,768,mage,fire,12,8,4
Déathmask,drakkari,768,mage,fire,12,8,4
Dandrix,sargeras,768,mage,fire,12,8,4
Sunstry,tichondrius,768,mage,fire,18,8,10
Castana,tichondrius,768,mage,fire,18,8,10
Golfirl,doomhammer,768,mage,fire,18,8,10
Ferchu,emerald-dream,768,mage,fire,18,8,10
Diminisher,agamaggan,768,mage,fire,21,8,13
Magichammer,arthas,767,mage,fire,12,8,4
Blickhim,tichondrius,767,mage,fire,12,8,4
Zajebisty,aegwynn,767,mage,fire,12,8,4
Burnhardian,emerald-dream,767,mage,fire,12,8,4
Hexed,kiljaeden,767,mage,fire,12,8,4
Klavin,bleeding-hollow,767,mage,fire,13,8,5
Preplex,thrall,767,mage,fire,18,8,10
Snowday,nerzhul,767,mage,fire,18,8,10
Mastacombust,illidan,767,mage,fire,18,8,10
Totalnoob,illidan,767,mage,fire,18,8,10
Rhoadies,malfurion,767,mage,fire,18,8,10
Mccorkle,azshara,767,mage,fire,21,9,12
Wayferz,illidan,767,mage,fire,24,8,16
Toelicka,frostmourne,766,mage,fire,12,8,4
Gin,nemesis,766,mage,fire,12,8,4
Maimee,kiljaeden,766,mage,fire,18,8,10
Havôc,malorne,766,mage,fire,18,8,10
Numz,sargeras,766,mage,fire,18,8,10
Ashenlad,moon-guard,766,mage,fire,18,8,10
Aapple,tichondrius,766,mage,fire,23,8,15
Mestraux,barthilas,766,mage,fire,30,8,22
Ellywizzle,tichondrius,765,mage,fire,18,8,10
Magicmaster,quelthalas,765,mage,fire,24,8,16
Agrodolce,gorefiend,765,mage,fire,24,8,16
Paires,azralon,763,mage,fire,12,8,4
Wetguuch,area-52,763,mage,fire,18,8,10
Magicshroomy,frostmourne,763,mage,fire,30,8,22
Pachow,moon-guard,762,mage,fire,36,12,24
Bennyhana,frostwolf,761,mage,fire,12,8,4
Dayv,azshara,760,mage,fire,30,8,22
Frostyhonk,silvermoon,759,mage,fire,12,8,4
Ärià,sargeras,757,mage,fire,18,8,10
Firehawk,azralon,748,mage,fire,23,8,15
Aelric,barthilas,748,mage,fire,29,8,21
Yasmani,drakkari,738,mage,fire,28,11,17
Annalee,ragnaros,735,mage,fire,14,9,5
Chiatsup,tichondrius,720,mage,fire,15,9,6
Toddx,tichondrius,714,mage,fire,12,9,3
Eromir,dawnbringer,704,mage,fire,16,8,8
Badboykilla,dentarg,704,mage,fire,16,8,8
Eriktherod,maelstrom,702,mage,fire,14,8,6
Monzorcerer,whisperwind,687,mage,fire,21,8,13
Hermanmiller,tichondrius,686,mage,fire,19,9,10
Shmagee,azralon,684,mage,fire,13,8,5
Evvylouu,stormrage,672,mage,fire,12,7,5
Koadic,zuljin,672,mage,fire,12,7,5
Wînx,barthilas,672,mage,fire,12,7,5
Seiko,thrall,672,mage,fire,12,7,5
Osirax,frostmane,672,mage,fire,12,7,5
Gromora,bleeding-hollow,672,mage,fire,12,7,5
Purpmanikin,area-52,672,mage,fire,12,7,5
Oons,sargeras,672,mage,fire,12,7,5
Youezdawg,tichondrius,672,mage,fire,12,7,5
Inori,kelthuzad,672,mage,fire,12,7,5
Tuggernaug,malganis,672,mage,fire,12,7,5
Nattylites,emerald-dream,672,mage,fire,12,7,5
Onlyfansgeno,sargeras,672,mage,fire,12,7,5
Silimage,area-52,672,mage,fire,12,7,5
Warpfactor,malganis,672,mage,fire,12,7,5
Coldkite,tichondrius,672,mage,fire,12,7,5
Aldruhn,sargeras,672,mage,fire,12,7,5
Zolix,malganis,672,mage,fire,12,7,5
Blar,tichondrius,672,mage,fire,12,7,5
Walrusxo,kelthuzad,672,mage,fire,12,7,5
Frankkie,mugthol,672,mage,fire,12,7,5
Tbh,malganis,672,mage,fire,12,7,5
Bootyslayerx,illidan,672,mage,fire,12,7,5
Vastlord,stormrage,672,mage,fire,18,7,11
Bic,darrowmere,672,mage,fire,18,7,11
Strumms,tichondrius,672,mage,fire,18,7,11
Sogood,tanaris,672,mage,fire,18,7,11
Marther,whisperwind,672,mage,fire,18,7,11
Dashonthany,arthas,672,mage,fire,18,7,11
Magicmichel,malganis,672,mage,fire,18,7,11
Magicos,frostmourne,671,mage,fire,12,7,5
Ásune,moon-guard,671,mage,fire,12,7,5
Angelsarebad,illidan,671,mage,fire,12,7,5
Aluce,frostmourne,671,mage,fire,12,7,5
Blinkstomp,moon-guard,671,mage,fire,12,7,5
Lucidaze,daggerspine,671,mage,fire,12,7,5
Kalligas,tichondrius,671,mage,fire,12,7,5
Yòkai,tichondrius,671,mage,fire,12,7,5
Keileon,tichondrius,671,mage,fire,12,7,5
Blync,emerald-dream,671,mage,fire,12,7,5
Blastfire,stormrage,671,mage,fire,12,7,5
Mymrmage,mannoroth,671,mage,fire,12,7,5
Keepinitnoob,tichondrius,671,mage,fire,12,7,5
Gíldrin,proudmoore,671,mage,fire,12,7,5
Defaultx,turalyon,671,mage,fire,18,7,11
Maressara,sargeras,671,mage,fire,18,7,11
Faeylyn,stormrage,671,mage,fire,18,7,11
Opossumm,tichondrius,671,mage,fire,18,7,11
Aumar,shandris,671,mage,fire,18,7,11
Saybye,azshara,671,mage,fire,24,7,17
Fanshen,tichondrius,670,mage,fire,17,7,10
Ddeuuk,tichondrius,670,mage,fire,18,7,11
Tmo,mannoroth,670,mage,fire,24,7,17
Sheepyamum,tichondrius,669,mage,fire,18,7,11
Demartino,area-52,669,mage,fire,24,7,17
Fralo,frostmourne,668,mage,fire,12,7,5
Baelzharon,hellscream,667,mage,fire,18,7,11
Jazen,quelthalas,656,mage,fire,25,9,16
Purpkush,zuljin,652,mage,fire,42,7,35
Doomguyx,korgath,634,mage,fire,38,8,30
Vonfrmdao,illidan,624,mage,fire,15,8,7
Spitemage,tichondrius,623,mage,fire,15,8,7
Jabronii,kelthuzad,622,mage,fire,17,7,10
Feenìx,tichondrius,618,mage,fire,12,8,4
Kyliec,tichondrius,618,mage,fire,16,8,8
Herzthroh,stormrage,617,mage,fire,19,8,11
Wabï,tichondrius,617,mage,fire,21,8,13
Faxandu,tichondrius,615,mage,fire,28,8,20
Isoicast,moon-guard,609,mage,fire,25,11,14
Smalldog,malganis,607,mage,fire,11,7,4
Aofa,sargeras,607,mage,fire,11,7,4
Littlemunkee,the-venture-co,607,mage,fire,16,7,9
Mômö,argent-dawn,606,mage,fire,22,7,15
Nãtsû,illidan,585,mage,fire,14,8,6
Mzr,proudmoore,576,mage,fire,6,6,0
Ctrlwrld,firetree,576,mage,fire,6,6,0
Blinkys,tichondrius,576,mage,fire,6,6,0
Nicemangoes,proudmoore,576,mage,fire,12,6,6
Cuterthanyou,sargeras,576,mage,fire,12,6,6
Roguemage,malganis,576,mage,fire,12,6,6
Crøwgxd,tichondrius,576,mage,fire,12,6,6
Kylar,icecrown,576,mage,fire,12,6,6
Gotya,tichondrius,576,mage,fire,12,6,6
Magicmidget,malganis,576,mage,fire,12,6,6
Hogmantwo,illidan,576,mage,fire,12,6,6
Shäräpova,zuljin,576,mage,fire,12,6,6
Polyenjoyerx,ysera,576,mage,fire,12,6,6
Yupmage,tichondrius,576,mage,fire,12,6,6
Mâsterkush,tichondrius,576,mage,fire,12,6,6
Kipock,malganis,576,mage,fire,12,6,6
Galit,tichondrius,576,mage,fire,12,6,6
Myfamilygpie,nazgrel,576,mage,fire,12,6,6
Aqcamus,illidan,576,mage,fire,12,6,6
Sðsa,stormrage,576,mage,fire,12,6,6
Supadoop,malganis,576,mage,fire,12,6,6
Qordix,tichondrius,576,mage,fire,12,6,6
Kennyb,illidan,576,mage,fire,12,6,6
Catchmage,bleeding-hollow,576,mage,fire,12,6,6
Sourpatchkds,emerald-dream,576,mage,fire,12,6,6
Brazcane,skullcrusher,576,mage,fire,12,6,6
Eraç,azralon,576,mage,fire,12,6,6
Caldalidar,kelthuzad,576,mage,fire,12,6,6
Tearsfórgód,kelthuzad,576,mage,fire,12,6,6
Stratokvn,ragnaros,576,mage,fire,12,6,6
Frosttwoop,moon-guard,576,mage,fire,12,6,6
Jajaragnaros,bleeding-hollow,576,mage,fire,12,6,6
Rbn,tichondrius,576,mage,fire,12,6,6
Oneminute,tichondrius,576,mage,fire,12,6,6
Emìlia,malygos,576,mage,fire,12,6,6
Vyninovan,aggramar,576,mage,fire,12,6,6
Glaciated,the-forgotten-coast,576,mage,fire,12,6,6
Wakamage,area-52,576,mage,fire,12,6,6
Mahe,andorhal,576,mage,fire,12,6,6
Ghili,tichondrius,576,mage,fire,12,6,6
Yourefat,emerald-dream,576,mage,fire,14,6,8
Hvnlyfathr,stormrage,576,mage,fire,18,6,12
Shivamode,thrall,576,mage,fire,18,6,12
Chadicewayne,tichondrius,576,mage,fire,18,6,12
Inflow,barthilas,576,mage,fire,18,6,12
Udó,proudmoore,576,mage,fire,18,6,12
Deverror,frostmourne,576,mage,fire,18,6,12
Enfuega,dalaran,575,mage,fire,6,6,0
Mkownzz,tichondrius,575,mage,fire,6,6,0
Insightæ,frostmourne,575,mage,fire,10,7,3
Genko,illidan,575,mage,fire,12,6,6
Minuswizard,dalaran,575,mage,fire,12,6,6
Achane,silvermoon,575,mage,fire,12,6,6
Nargine,tichondrius,575,mage,fire,12,6,6
Gittigittigo,tichondrius,575,mage,fire,12,6,6
Tigerzinho,stormrage,575,mage,fire,12,6,6
Magictrolman,thunderlord,575,mage,fire,12,6,6
Ultèár,stormrage,575,mage,fire,16,7,9
Auraelius,tichondrius,575,mage,fire,18,6,12
Teemage,drakthul,575,mage,fire,18,6,12
Icebboxx,tichondrius,575,mage,fire,18,6,12
Pugsmugg,icecrown,575,mage,fire,18,6,12
Sbabesdotcom,tichondrius,575,mage,fire,18,6,12
Ráistlìn,emerald-dream,575,mage,fire,20,6,14
Eraticmage,illidan,575,mage,fire,24,6,18
Smokëy,kelthuzad,575,mage,fire,24,6,18
Terriblepun,chogall,574,mage,fire,10,7,3
Spellpowa,khaz-modan,574,mage,fire,12,6,6
Deathfinger,kul-tiras,574,mage,fire,12,6,6
Ghostblaze,blackhand,573,mage,fire,18,6,12
Reini,agamaggan,573,mage,fire,18,6,12
Calcaster,aegwynn,573,mage,fire,19,6,13
Xannymancan,tichondrius,573,mage,fire,30,6,24
Dedlyspells,dalaran,572,mage,fire,12,6,6
Seaon,malganis,570,mage,fire,12,6,6
Itslilme,gurubashi,567,mage,fire,12,6,6
Jarvase,mugthol,558,mage,fire,11,6,5
Dead,nemesis,544,mage,fire,10,7,3
Thragè,sargeras,543,mage,fire,11,6,5
Magicke,azgalor,542,mage,fire,22,6,16
Genozyde,elune,527,mage,fire,11,6,5
Danmar,durotan,527,mage,fire,11,6,5
Turtles,the-venture-co,527,mage,fire,11,6,5
Nuzzle,boulderfist,521,mage,fire,15,7,8
Ftot,emerald-dream,515,mage,fire,21,10,11
Ghostrr,tichondrius,511,mage,fire,8,6,2
Aupology,tichondrius,480,mage,fire,6,5,1
Carsòn,malganis,480,mage,fire,6,5,1
Kymosolom,sargeras,480,mage,fire,6,5,1
Dmgperseç,tichondrius,480,mage,fire,6,5,1
Aimeim,tichondrius,480,mage,fire,6,5,1
Gutiwiz,azjolnerub,480,mage,fire,6,5,1
Persia,illidan,480,mage,fire,6,5,1
Emetselchm,tichondrius,480,mage,fire,6,5,1
Frostywind,quelthalas,480,mage,fire,6,5,1
Maxmie,sargeras,480,mage,fire,6,5,1
Disgrãced,zuljin,480,mage,fire,6,5,1
Badwoman,tichondrius,480,mage,fire,6,5,1
Blinkeh,sargeras,480,mage,fire,6,5,1
Aycc,tichondrius,480,mage,fire,6,5,1
Porthub,boulderfist,480,mage,fire,6,5,1
Zaiyge,bleeding-hollow,480,mage,fire,6,5,1
Jonasbollack,illidan,480,mage,fire,6,5,1
Freezze,malganis,480,mage,fire,6,5,1
Stinkywinky,cairne,480,mage,fire,6,5,1
Furrytazer,sargeras,480,mage,fire,6,5,1
Hocusjokus,frostmourne,480,mage,fire,6,5,1
Cozmose,tichondrius,480,mage,fire,6,5,1
Slavic,sargeras,480,mage,fire,6,5,1
Rooturus,caelestrasz,480,mage,fire,6,5,1
Sweetmagenta,elune,480,mage,fire,6,5,1
Shaabby,shadowmoon,480,mage,fire,6,5,1
Manabarx,illidan,480,mage,fire,6,5,1
Cînderellas,proudmoore,480,mage,fire,21,10,11
Rmpisgay,tichondrius,480,mage,fire,12,5,7
Warmweather,nagrand,480,mage,fire,12,5,7
Honeydutchss,black-dragonflight,480,mage,fire,12,5,7
Gessin,area-52,480,mage,fire,12,5,7
Skillcap,nagrand,480,mage,fire,12,5,7
Getsheepedon,boulderfist,480,mage,fire,12,5,7
Foreignname,sargeras,480,mage,fire,12,5,7
Kqlyy,tichondrius,480,mage,fire,12,5,7
Kayenri,area-52,480,mage,fire,12,5,7
Rippedkuntx,frostmourne,480,mage,fire,12,5,7
Miyukì,sargeras,480,mage,fire,12,5,7
Dbsheep,kul-tiras,480,mage,fire,12,5,7
ßutteryßoner,area-52,480,mage,fire,12,5,7
Espyy,area-52,480,mage,fire,12,5,7
Weedzerd,illidan,480,mage,fire,12,5,7
Kyriê,darkspear,480,mage,fire,12,5,7
Magicalbuns,illidan,480,mage,fire,12,5,7
Killddal,tichondrius,480,mage,fire,12,5,7
Arishasis,tichondrius,480,mage,fire,12,5,7
Valodrin,tichondrius,480,mage,fire,12,5,7
Baida,kelthuzad,480,mage,fire,12,5,7
Skylinem,sargeras,480,mage,fire,12,5,7
Zerosaspect,thrall,480,mage,fire,12,5,7
Dawonie,frostmourne,480,mage,fire,12,5,7
Kosuthy,stormrage,480,mage,fire,12,5,7
Entomas,quelthalas,480,mage,fire,12,5,7
Softbody,barthilas,480,mage,fire,12,5,7
Imhotboi,illidan,480,mage,fire,12,5,7
Zpe,frostmourne,480,mage,fire,12,5,7
Bxgs,tichondrius,480,mage,fire,12,5,7
Icestory,tichondrius,480,mage,fire,12,5,7
Fullyo,dragonmaw,480,mage,fire,12,5,7
Liljoker,bleeding-hollow,480,mage,fire,12,5,7
Xoxu,frostmourne,480,mage,fire,12,5,7
Kevdra,kelthuzad,480,mage,fire,12,5,7
Jikario,zuljin,480,mage,fire,12,5,7
Cnumlab,proudmoore,480,mage,fire,12,5,7
Jeffreezy,tichondrius,480,mage,fire,18,5,13
Tunax,tichondrius,480,mage,fire,18,5,13
Magictiddies,frostmourne,480,mage,fire,18,5,13
Percivaltp,scarlet-crusade,480,mage,fire,18,5,13
Médüsa,moon-guard,480,mage,fire,18,5,13
Mateusff,stormrage,479,mage,fire,11,5,6
Mescudi,bonechewer,479,mage,fire,12,5,7
Hemm,nemesis,479,mage,fire,12,5,7
Shadowgalaxy,arthas,479,mage,fire,12,5,7
Finanahs,sargeras,479,mage,fire,12,5,7
Linric,illidan,479,mage,fire,12,5,7
Apolarus,bonechewer,478,mage,fire,12,5,7
Infusion,ysondre,477,mage,fire,12,5,7
Amoa,stormrage,474,mage,fire,24,5,19
Gwenage,tichondrius,472,mage,fire,12,5,7
Mageymeows,dalaran,468,mage,fire,18,5,13
Roastbeefxd,tichondrius,447,mage,fire,11,5,6
Prepcook,dalaran,447,mage,fire,11,5,6
Normethy,illidan,447,mage,fire,11,5,6
Myelvenlady,proudmoore,431,mage,fire,11,5,6
Demolockk,quelthalas,416,mage,fire,16,5,11
Jayt,aggramar,415,mage,fire,20,5,15
Somuchcoom,illidan,400,mage,fire,13,5,8
Molassess,illidan,400,mage,fire,13,5,8
Satellitestv,kelthuzad,384,mage,fire,6,4,2
Hýdramist,sargeras,384,mage,fire,6,4,2
Pyröz,kelthuzad,384,mage,fire,6,4,2
Drdocx,frostmourne,384,mage,fire,6,4,2
Meteóric,stormrage,384,mage,fire,6,4,2
Enveas,illidan,384,mage,fire,6,4,2
Fattie,deathwing,384,mage,fire,6,4,2
Izado,barthilas,384,mage,fire,6,4,2
Zilaani,moon-guard,384,mage,fire,6,4,2
Vermiculus,area-52,384,mage,fire,6,4,2
Zould,alleria,384,mage,fire,6,4,2
Macadelic,kelthuzad,384,mage,fire,6,4,2
Shenme,moon-guard,384,mage,fire,6,4,2
Animatronic,nordrassil,384,mage,fire,6,4,2
Mysticlotus,doomhammer,384,mage,fire,6,4,2
Sheepard,sargeras,384,mage,fire,6,4,2
Moronmage,moknathal,384,mage,fire,6,4,2
Leocius,daggerspine,384,mage,fire,6,4,2
Haze,hyjal,384,mage,fire,6,4,2
Tutoro,emerald-dream,384,mage,fire,6,4,2
Cømbust,frostmourne,384,mage,fire,6,4,2
Fïtz,quelthalas,384,mage,fire,6,4,2
Cbm,dalaran,384,mage,fire,6,4,2
Crøwgawd,tichondrius,384,mage,fire,6,4,2
Dotznsheep,zuljin,384,mage,fire,6,4,2
Brbsheepingx,illidan,384,mage,fire,6,4,2
Backjing,tichondrius,384,mage,fire,6,4,2
Spiritwalkin,tichondrius,384,mage,fire,6,4,2
Frozonnee,aggramar,384,mage,fire,6,4,2
Portapoly,tichondrius,384,mage,fire,6,4,2
Datsick,aerie-peak,384,mage,fire,6,4,2
Tsukasachan,tichondrius,384,mage,fire,6,4,2
Nazneen,elune,384,mage,fire,6,4,2
Tåstydonut,bleeding-hollow,384,mage,fire,6,4,2
Clownspocket,tichondrius,384,mage,fire,6,4,2
Mithràndìr,tichondrius,384,mage,fire,6,4,2
Drämamine,tichondrius,384,mage,fire,6,4,2
Hhappier,tichondrius,384,mage,fire,6,4,2
Vileice,tichondrius,384,mage,fire,6,4,2
Ivanior,illidan,384,mage,fire,6,4,2
Adelein,earthen-ring,384,mage,fire,6,4,2
Azrick,illidan,384,mage,fire,6,4,2
Tafa,stormrage,384,mage,fire,6,4,2
Playtimex,proudmoore,384,mage,fire,6,4,2
Darealtruth,stormrage,384,mage,fire,6,4,2
Bamx,stormrage,384,mage,fire,6,4,2
Bonyobo,stormrage,384,mage,fire,6,4,2
Floatyz,tichondrius,384,mage,fire,6,4,2
Lilithyz,illidan,384,mage,fire,6,4,2
Krõx,quelthalas,384,mage,fire,10,5,5
Dytonie,moon-guard,384,mage,fire,9,4,5
Zaddyx,whisperwind,384,mage,fire,9,4,5
Couto,tichondrius,384,mage,fire,13,5,8
Lulumelo,illidan,384,mage,fire,12,4,8
Bojackal,illidan,384,mage,fire,12,4,8
Araski,malganis,384,mage,fire,12,4,8
Cristábel,stormrage,384,mage,fire,12,4,8
Remana,anvilmar,384,mage,fire,12,4,8
Uwuwhatnow,tichondrius,384,mage,fire,12,4,8
Annhubis,quelthalas,384,mage,fire,12,4,8
Kinrow,stormrage,384,mage,fire,12,4,8
Okatbest,emerald-dream,384,mage,fire,12,4,8
Drfrostie,anvilmar,384,mage,fire,12,4,8
Nairmage,tichondrius,384,mage,fire,12,4,8
Crabenjoyer,frostmourne,384,mage,fire,12,4,8
Taurencé,tichondrius,384,mage,fire,12,4,8
Plütö,tichondrius,384,mage,fire,12,4,8
Arcaninez,bleeding-hollow,384,mage,fire,12,4,8
Lucifered,tichondrius,384,mage,fire,12,4,8
Moghedi,emerald-dream,384,mage,fire,12,4,8
Uchihá,azgalor,384,mage,fire,12,4,8
Sarahbeth,khadgar,384,mage,fire,12,4,8
Catgirly,zuljin,384,mage,fire,12,4,8
Gandrich,drakkari,384,mage,fire,12,4,8
Aquralina,moon-guard,384,mage,fire,12,4,8
Fasttwitch,kiljaeden,384,mage,fire,12,4,8
Koulder,zuljin,384,mage,fire,12,4,8
Wizno,darkspear,384,mage,fire,12,4,8
Cãrmilla,frostmourne,384,mage,fire,12,4,8
Dasanimomo,sargeras,384,mage,fire,12,4,8
Blinkinghobo,sargeras,384,mage,fire,12,4,8
Dohnutt,tichondrius,384,mage,fire,12,4,8
Tovenaars,moon-guard,384,mage,fire,12,4,8
Maytrix,moon-guard,384,mage,fire,12,4,8
Spookydookie,dark-iron,384,mage,fire,12,4,8
Massivepoo,barthilas,384,mage,fire,12,4,8
Thiio,tichondrius,384,mage,fire,12,4,8
Droppinbombs,draka,384,mage,fire,12,4,8
Hèrò,barthilas,384,mage,fire,12,4,8
Pigdancel,tichondrius,384,mage,fire,12,4,8
Arialla,mannoroth,384,mage,fire,12,4,8
Puvö,tichondrius,384,mage,fire,12,4,8
Galsola,bronzebeard,384,mage,fire,12,4,8
Fierronegro,illidan,384,mage,fire,12,4,8
Dairian,whisperwind,384,mage,fire,12,4,8
Igniss,ysera,384,mage,fire,12,4,8
Cacaushow,stormrage,384,mage,fire,12,4,8
Kombussy,tichondrius,384,mage,fire,18,4,14
Orcaneblast,kelthuzad,384,mage,fire,18,4,14
Neferpitøu,tichondrius,383,mage,fire,6,4,2
Sparklmotion,cenarius,383,mage,fire,6,4,2
Chuggin,emerald-dream,383,mage,fire,15,5,10
Hyndoriann,azgalor,383,mage,fire,12,4,8
Hockisonz,moon-guard,383,mage,fire,12,4,8
Soulwiper,illidan,383,mage,fire,17,5,12
Scrubzero,area-52,383,mage,fire,18,4,14
Îùx,stormrage,383,mage,fire,18,4,14
Kopke,ragnaros,381,mage,fire,13,4,9
Prosperoo,aerie-peak,381,mage,fire,18,4,14
Hypnòs,kelthuzad,367,mage,fire,9,6,3
Hollfz,nemesis,367,mage,fire,11,4,7
Vixm,stormrage,352,mage,fire,10,5,5
Típtoes,illidan,336,mage,fire,7,6,1
Freezabub,frostmourne,330,mage,fire,9,5,4
Kelvii,tichondrius,330,mage,fire,15,5,10
Thiênmage,jubeithos,330,mage,fire,17,5,12
Allundria,dawnbringer,329,mage,fire,14,5,9
Clausolas,ragnaros,319,mage,fire,17,6,11
Sintirklass,stormrage,319,mage,fire,14,4,10
Elemenopi,thrall,304,mage,fire,14,4,10
Phoenixcat,illidan,288,mage,fire,6,3,3
Limeade,ursin,288,mage,fire,6,3,3
Frostkage,tichondrius,288,mage,fire,6,3,3
Zps,illidan,288,mage,fire,6,3,3
Rích,tichondrius,288,mage,fire,6,3,3
Ionian,illidan,288,mage,fire,6,3,3
Kuther,draenor,288,mage,fire,6,3,3
Bungholiojr,malganis,288,mage,fire,6,3,3
Cruxx,ragnaros,288,mage,fire,6,3,3
Unseën,area-52,288,mage,fire,6,3,3
Zakalina,nagrand,288,mage,fire,6,3,3
Nice,tichondrius,288,mage,fire,6,3,3
Mindthegap,tichondrius,288,mage,fire,6,3,3
Papadolo,tichondrius,288,mage,fire,6,3,3
Fennix,ragnaros,288,mage,fire,6,3,3
Taevy,tichondrius,288,mage,fire,6,3,3
Zazä,blackrock,288,mage,fire,6,3,3
Factszxy,area-52,288,mage,fire,6,3,3
Jimmybuffet,illidan,288,mage,fire,6,3,3
Slinkyslink,area-52,288,mage,fire,6,3,3
Paybax,sargeras,288,mage,fire,6,3,3
Síra,firetree,288,mage,fire,6,3,3
Chilléd,tichondrius,288,mage,fire,6,3,3
Kassekx,area-52,288,mage,fire,6,3,3
Caiee,blackrock,288,mage,fire,6,3,3
Sølár,ragnaros,288,mage,fire,6,3,3
Rof,sargeras,288,mage,fire,6,3,3
Frostbitè,area-52,288,mage,fire,6,3,3
Polyburst,darkspear,288,mage,fire,6,3,3
Thecorruptor,malorne,288,mage,fire,6,3,3
Tiktokbaddie,sargeras,288,mage,fire,6,3,3
Craigsdad,tichondrius,288,mage,fire,6,3,3
Ave,anetheron,288,mage,fire,6,3,3
Lampert,tichondrius,288,mage,fire,6,3,3
Metsys,baelgun,288,mage,fire,6,3,3
Criticalmage,agamaggan,288,mage,fire,6,3,3
Zuhbo,moon-guard,288,mage,fire,6,3,3
Spectacxx,misha,288,mage,fire,6,3,3
Icywrist,tichondrius,288,mage,fire,6,3,3
Dexd,laughing-skull,288,mage,fire,6,3,3
Angryßirdz,kelthuzad,288,mage,fire,6,3,3
Jokesonu,malganis,288,mage,fire,6,3,3
Mageporn,emerald-dream,288,mage,fire,6,3,3
Azuriex,tichondrius,288,mage,fire,6,3,3
Sikamikanico,kiljaeden,288,mage,fire,6,3,3
Reptär,demon-soul,288,mage,fire,6,3,3
Jimmyhendrix,wildhammer,288,mage,fire,6,3,3
Crechendo,ragnaros,288,mage,fire,6,3,3
Mageez,dunemaul,288,mage,fire,6,3,3
Azraeel,sargeras,288,mage,fire,6,3,3
Frostedballs,tichondrius,288,mage,fire,6,3,3
Hasteboy,kelthuzad,288,mage,fire,6,3,3
Billionnaire,tichondrius,288,mage,fire,6,3,3
Kandyperreo,ragnaros,288,mage,fire,6,3,3
Zhanna,nazjatar,288,mage,fire,6,3,3
Shøwtìme,tichondrius,288,mage,fire,6,3,3
Dontbeshy,bleeding-hollow,288,mage,fire,6,3,3
Mntaindew,bleeding-hollow,288,mage,fire,6,3,3
Bombr,sargeras,288,mage,fire,6,3,3
Kizran,frostmourne,288,mage,fire,6,3,3
Esien,tichondrius,288,mage,fire,6,3,3
Mugiara,azralon,288,mage,fire,6,3,3
Bubbleblower,hakkar,288,mage,fire,6,3,3
Wizzyx,illidan,288,mage,fire,6,3,3
Slapmesilly,destromath,288,mage,fire,6,3,3
Krip,boulderfist,288,mage,fire,6,3,3
Luckysix,illidan,288,mage,fire,6,3,3
Cowbustion,mugthol,288,mage,fire,6,3,3
Pigasus,emerald-dream,288,mage,fire,6,3,3
Dubbermagic,sargeras,288,mage,fire,6,3,3
Botoslàp,dragonmaw,288,mage,fire,6,3,3
Sleezeplease,emerald-dream,288,mage,fire,6,3,3
Lunatti,frostmourne,288,mage,fire,6,3,3
Formi,gundrak,288,mage,fire,6,3,3
Combustya,khazgoroth,288,mage,fire,6,3,3
Ädderäll,area-52,288,mage,fire,6,3,3
Lilsweeze,tichondrius,288,mage,fire,6,3,3
Boorster,illidan,288,mage,fire,6,3,3
Timetravelér,ragnaros,288,mage,fire,6,3,3
Ancientmagik,area-52,288,mage,fire,6,3,3
Bhalec,kelthuzad,288,mage,fire,6,3,3
Ariezx,kelthuzad,288,mage,fire,6,3,3
Jurgers,tichondrius,288,mage,fire,6,3,3
Benmxd,malganis,288,mage,fire,6,3,3
Nyj,tichondrius,288,mage,fire,6,3,3
Zanrox,tichondrius,288,mage,fire,6,3,3
Timme,ravencrest,288,mage,fire,6,3,3
Rhunón,dalaran,288,mage,fire,6,3,3
Outkãst,kiljaeden,288,mage,fire,6,3,3
Arckayne,zuljin,288,mage,fire,6,3,3
Oogleymoogly,zuljin,288,mage,fire,6,3,3
Affinitty,zuljin,288,mage,fire,6,3,3
Maagin,zuljin,288,mage,fire,6,3,3
Buffmages,malfurion,288,mage,fire,6,3,3
Xtymhxy,tichondrius,288,mage,fire,6,3,3
Ikiteforkay,zuljin,288,mage,fire,6,3,3
Rikko,gundrak,288,mage,fire,15,4,11
Thereäperr,illidan,288,mage,fire,12,3,9
Danggurl,tichondrius,288,mage,fire,12,3,9
Funkeoto,thrall,288,mage,fire,12,3,9
Falkyrieh,tichondrius,288,mage,fire,12,3,9
Eretik,ragnaros,288,mage,fire,12,3,9
Jadmss,illidan,288,mage,fire,12,3,9
Zogo,bleeding-hollow,288,mage,fire,12,3,9
Raidieon,kelthuzad,288,mage,fire,12,3,9
Antanella,tichondrius,288,mage,fire,12,3,9
Deathtsar,hellscream,288,mage,fire,12,3,9
Safety,stormreaver,288,mage,fire,12,3,9
Brokenblink,area-52,288,mage,fire,12,3,9
Twizz,haomarush,288,mage,fire,12,3,9
Mpmage,azralon,288,mage,fire,12,3,9
Ogpdk,sargeras,288,mage,fire,12,3,9
Fatalexo,tichondrius,288,mage,fire,12,3,9
Packaged,emerald-dream,288,mage,fire,12,3,9
Devilfrost,bleeding-hollow,288,mage,fire,12,3,9
Freshtowels,thrall,288,mage,fire,12,3,9
Frozorfs,tichondrius,288,mage,fire,12,3,9
Pyroflakes,darkspear,288,mage,fire,12,3,9
Magichands,darkspear,288,mage,fire,12,3,9
Spindarella,dreadmaul,288,mage,fire,12,3,9
Parruka,warsong,288,mage,fire,12,3,9
Pyrophobia,mannoroth,288,mage,fire,12,3,9
Orkinekek,frostmourne,288,mage,fire,12,3,9
Voidray,queldorei,288,mage,fire,12,3,9
Xbreezy,frostmourne,288,mage,fire,12,3,9
Tandallyn,silvermoon,288,mage,fire,12,3,9
Maximorick,senjin,288,mage,fire,12,3,9
Trízín,frostmourne,288,mage,fire,12,3,9
Nilla,hyjal,288,mage,fire,12,3,9
Ayev,tichondrius,288,mage,fire,12,3,9
Cocomadge,darkspear,288,mage,fire,12,3,9
Gingermage,stonemaul,288,mage,fire,12,3,9
Turbogeo,shuhalo,288,mage,fire,12,3,9
Mendittorosa,tichondrius,288,mage,fire,12,3,9
Chilshie,tichondrius,288,mage,fire,16,3,13
Chelseâ,emerald-dream,288,mage,fire,18,3,15
Nashzeher,ragnaros,288,mage,fire,18,3,15
Frostyii,stonemaul,287,mage,fire,6,3,3
Shutouchi,frostwolf,287,mage,fire,6,3,3
Harlen,quelthalas,287,mage,fire,6,3,3
Krupt,madoran,287,mage,fire,12,3,9
Zombiebeaver,aegwynn,287,mage,fire,18,3,15
Zipacna,antonidas,286,mage,fire,12,3,9
Kittikk,tichondrius,284,mage,fire,18,3,15
Coldnuke,stormrage,271,mage,fire,11,3,8
Nesomage,destromath,256,mage,fire,10,3,7
Radiku,blood-furnace,255,mage,fire,11,3,8
Nephalem,moknathal,240,mage,fire,9,3,6
Ktp,tichondrius,239,mage,fire,5,3,2
Alode,moon-guard,239,mage,fire,5,3,2
Qohoo,frostmourne,239,mage,fire,5,3,2
Fizario,barthilas,239,mage,fire,5,3,2
Xiangfe,emerald-dream,239,mage,fire,5,3,2
Orderlight,alexstrasza,239,mage,fire,5,3,2
Somethinglos,sargeras,234,mage,fire,10,5,5
Cottonmage,malganis,234,mage,fire,9,4,5
Flomin,tichondrius,234,mage,fire,16,6,10
Djp,tichondrius,234,mage,fire,18,4,14
Sîmply,zuljin,224,mage,fire,10,3,7
Magicdro,scilla,224,mage,fire,10,3,7
Danorius,laughing-skull,224,mage,fire,10,3,7
Beardsy,zuluhed,223,mage,fire,8,3,5
Coldgirl,malganis,192,mage,fire,11,4,7
Bôôm,arthas,192,mage,fire,9,3,6
Zxellos,quelthalas,192,mage,fire,9,3,6
Fallenfire,bleeding-hollow,192,mage,fire,6,2,4
Kissradiox,tichondrius,192,mage,fire,6,2,4
Hallat,archimonde,192,mage,fire,6,2,4
Karameltart,barthilas,192,mage,fire,6,2,4
Friézá,stormrage,192,mage,fire,6,2,4
Wauzcrol,quelthalas,192,mage,fire,6,2,4
Forzen,thrall,192,mage,fire,6,2,4
Juicemage,tichondrius,192,mage,fire,6,2,4
Likelyhard,tichondrius,192,mage,fire,6,2,4
Trashcan,bloodscalp,192,mage,fire,6,2,4
Castbars,sargeras,192,mage,fire,6,2,4
Snowp,tichondrius,192,mage,fire,6,2,4
Emetah,ysera,192,mage,fire,6,2,4
Cradic,tichondrius,192,mage,fire,6,2,4
Keii,bleeding-hollow,192,mage,fire,6,2,4
Mävra,emerald-dream,192,mage,fire,6,2,4
Josephaqil,tichondrius,192,mage,fire,6,2,4
Chillstep,dark-iron,192,mage,fire,6,2,4
Tessar,moon-guard,192,mage,fire,6,2,4
Magiken,emerald-dream,192,mage,fire,6,2,4
Quickwizard,tichondrius,192,mage,fire,6,2,4
Chrismsprsnt,tichondrius,192,mage,fire,6,2,4
Fruza,emerald-dream,192,mage,fire,6,2,4
Missile,frostmourne,192,mage,fire,6,2,4
Ÿenizä,illidan,192,mage,fire,6,2,4
Sandmann,stormscale,192,mage,fire,6,2,4
Dubyaj,tichondrius,192,mage,fire,6,2,4
Borlandor,tichondrius,192,mage,fire,6,2,4
Powerfulguy,frostmourne,192,mage,fire,6,2,4
Tannbone,illidan,192,mage,fire,6,2,4
Lilmager,tichondrius,192,mage,fire,6,2,4
Nerff,sargeras,192,mage,fire,6,2,4
Pwnstarx,proudmoore,192,mage,fire,6,2,4
Kuhr,dragonmaw,192,mage,fire,6,2,4
Arcranium,icecrown,192,mage,fire,6,2,4
Swàn,stormrage,192,mage,fire,6,2,4
Roggitman,emerald-dream,192,mage,fire,6,2,4
Avandal,proudmoore,192,mage,fire,6,2,4
Scriptedkick,illidan,192,mage,fire,6,2,4
Cùjo,tichondrius,192,mage,fire,6,2,4
Perona,drakkari,192,mage,fire,6,2,4
Giovannie,zuluhed,192,mage,fire,6,2,4
Killemz,dragonmaw,192,mage,fire,6,2,4
Privilege,dragonmaw,192,mage,fire,6,2,4
Aadotron,turalyon,192,mage,fire,6,2,4
Zerii,aggramar,192,mage,fire,6,2,4
Dustychill,illidan,192,mage,fire,6,2,4
Shinneex,ragnaros,192,mage,fire,6,2,4
Drakcarrus,balnazzar,192,mage,fire,6,2,4
Starguy,terenas,192,mage,fire,6,2,4
Pipeguzzler,zuljin,192,mage,fire,6,2,4
Ðfuego,azralon,192,mage,fire,6,2,4
Horios,senjin,192,mage,fire,6,2,4
Forestella,tichondrius,192,mage,fire,6,2,4
Aquafiona,garona,192,mage,fire,6,2,4
Telkham,tichondrius,192,mage,fire,6,2,4
Ignitex,bleeding-hollow,192,mage,fire,6,2,4
Gizrisa,moon-guard,192,mage,fire,6,2,4
Laf,frostmourne,192,mage,fire,6,2,4
Aisfaier,quelthalas,192,mage,fire,6,2,4
Kyns,sargeras,192,mage,fire,6,2,4
Zuqo,sargeras,192,mage,fire,6,2,4
Muskinite,maiev,192,mage,fire,6,2,4
Xaryù,zuljin,192,mage,fire,6,2,4
Catolina,cenarius,192,mage,fire,6,2,4
Randommagi,area-52,192,mage,fire,6,2,4
Natzue,sargeras,192,mage,fire,6,2,4
Pigtamer,bonechewer,192,mage,fire,6,2,4
Elhechizero,quelthalas,192,mage,fire,6,2,4
Herpsgungetu,maiev,192,mage,fire,6,2,4
Yonzho,area-52,192,mage,fire,6,2,4
Ehcos,stormrage,192,mage,fire,6,2,4
Converseqt,stormrage,192,mage,fire,6,2,4
Twizzlerz,executus,192,mage,fire,6,2,4
Derpmanjr,area-52,192,mage,fire,6,2,4
Magicmom,wyrmrest-accord,192,mage,fire,6,2,4
Hellfireice,kiljaeden,192,mage,fire,6,2,4
Wisye,stormrage,192,mage,fire,6,2,4
Trebbiano,illidan,192,mage,fire,6,2,4
Briklyx,zuljin,192,mage,fire,6,2,4
Shesy,sargeras,192,mage,fire,6,2,4
Dîarrhea,sargeras,192,mage,fire,6,2,4
Notria,illidan,192,mage,fire,6,2,4
Ïcekrispies,gurubashi,192,mage,fire,6,2,4
Burrbon,area-52,192,mage,fire,6,2,4
Iludron,aegwynn,192,mage,fire,6,2,4
Khelzter,area-52,192,mage,fire,6,2,4
Namechanged,malganis,192,mage,fire,6,2,4
Jinglehz,frostmourne,192,mage,fire,6,2,4
Sheepgodx,malganis,192,mage,fire,6,2,4
Elmozezos,thrall,192,mage,fire,6,2,4
Naimi,malganis,192,mage,fire,6,2,4
Magifish,malganis,192,mage,fire,6,2,4
Stegulator,kelthuzad,192,mage,fire,6,2,4
Kaboodlz,stormrage,192,mage,fire,6,2,4
Sateeva,hyjal,192,mage,fire,6,2,4
Betharua,suramar,192,mage,fire,6,2,4
Burna,amanthul,192,mage,fire,6,2,4
Magiër,tichondrius,192,mage,fire,6,2,4
Stickyricky,frostmourne,192,mage,fire,6,2,4
Firedupqt,darkspear,192,mage,fire,6,2,4
Onehitter,tichondrius,192,mage,fire,6,2,4
Sachetti,thrall,192,mage,fire,6,2,4
Dirtylöbster,crushridge,192,mage,fire,6,2,4
Clickhard,suramar,192,mage,fire,6,2,4
Shardgodx,kelthuzad,192,mage,fire,6,2,4
Fazzlee,nathrezim,192,mage,fire,6,2,4
Shephard,nemesis,192,mage,fire,6,2,4
Maddoggs,tichondrius,192,mage,fire,6,2,4
Kymowiz,sargeras,192,mage,fire,6,2,4
Peptobismo,shuhalo,192,mage,fire,6,2,4
Copperfield,dreadmaul,192,mage,fire,6,2,4
Abrácadaver,frostwolf,192,mage,fire,10,3,7
Sweezie,emerald-dream,192,mage,fire,8,2,6
Sceledrus,quelthalas,192,mage,fire,11,2,9
Arnx,tichondrius,192,mage,fire,11,2,9
Keepitlit,aegwynn,192,mage,fire,12,2,10
Friedtuna,daggerspine,192,mage,fire,12,2,10
Skatas,barthilas,192,mage,fire,12,2,10
Driel,illidan,192,mage,fire,12,2,10
Bustinonem,illidan,192,mage,fire,12,2,10
Saydar,stormrage,192,mage,fire,12,2,10
Odaravla,proudmoore,192,mage,fire,12,2,10
Ëfc,nemesis,192,mage,fire,12,2,10
Lauroca,azralon,192,mage,fire,12,2,10
Greidenn,sargeras,192,mage,fire,12,2,10
Shtsammich,tichondrius,192,mage,fire,18,2,16
Fiëryballz,tichondrius,191,mage,fire,6,2,4
Magemajor,uldum,191,mage,fire,12,2,10
Madalon,nemesis,160,mage,fire,10,2,8
Razaklov,tichondrius,159,mage,fire,5,2,3
Zezima,spirestone,159,mage,fire,5,2,3
Kindlin,frostmourne,159,mage,fire,5,2,3
Wellbeam,nemesis,159,mage,fire,11,2,9
Tylerus,tichondrius,128,mage,fire,4,2,2
Dwayniewayni,tichondrius,128,mage,fire,4,2,2
Ratfather,the-forgotten-coast,128,mage,fire,4,2,2
Brandonlol,area-52,128,mage,fire,4,2,2
Neltar,dalaran,112,mage,fire,7,2,5
Pompier,illidan,96,mage,fire,3,2,1
Chavles,icecrown,96,mage,fire,3,2,1
Deepolydead,tichondrius,96,mage,fire,3,2,1
Magetherian,frostmourne,96,mage,fire,3,2,1
Haliax,bronzebeard,96,mage,fire,3,2,1
Jahmilli,grizzly-hills,96,mage,fire,3,2,1
Litiria,burning-blade,96,mage,fire,6,1,5
Tsquare,trollbane,96,mage,fire,6,1,5
Micahweedbbq,tichondrius,96,mage,fire,6,1,5
Jazco,tichondrius,96,mage,fire,6,1,5
Adelynnxo,tichondrius,96,mage,fire,6,1,5
Korek,eonar,96,mage,fire,6,1,5
Sny,bleeding-hollow,96,mage,fire,6,1,5
Polyblart,hyjal,96,mage,fire,6,1,5
Brayni,wyrmrest-accord,96,mage,fire,6,1,5
Firemids,thrall,96,mage,fire,6,1,5
Gnomoguapo,altar-of-storms,96,mage,fire,6,1,5
Tisao,bronzebeard,96,mage,fire,6,1,5
Gurion,bleeding-hollow,96,mage,fire,6,1,5
Muted,frostmourne,96,mage,fire,6,1,5
Kickbotmacro,tichondrius,96,mage,fire,6,1,5
Kaius,bleeding-hollow,96,mage,fire,6,1,5
Flit,skullcrusher,96,mage,fire,6,1,5
Trojay,malganis,96,mage,fire,6,1,5
Nomidian,area-52,96,mage,fire,6,1,5
Wubwubwubwub,area-52,96,mage,fire,6,1,5
Morganä,silver-hand,96,mage,fire,6,1,5
Édika,area-52,96,mage,fire,6,1,5
Memnor,amanthul,96,mage,fire,6,1,5
Sheepshot,dentarg,96,mage,fire,6,1,5
Omgitzshowy,sargeras,96,mage,fire,6,1,5
Clutchy,gorefiend,96,mage,fire,6,1,5
Iamsol,area-52,96,mage,fire,6,1,5
Whalemylover,tichondrius,96,mage,fire,6,1,5
Mägï,tichondrius,96,mage,fire,6,1,5
Miapolyafoo,stormrage,96,mage,fire,6,1,5
Oogabooga,lethon,96,mage,fire,6,1,5
Piltrafa,tichondrius,96,mage,fire,6,1,5
Tabuta,ravenholdt,96,mage,fire,6,1,5
Clickersz,sargeras,96,mage,fire,6,1,5
Lolwuddupdoh,bleeding-hollow,96,mage,fire,6,1,5
Fauxcast,sargeras,96,mage,fire,6,1,5
Undeadmager,nerzhul,96,mage,fire,6,1,5
Doodleydoo,dragonmaw,96,mage,fire,6,1,5
Lilkyrie,senjin,96,mage,fire,6,1,5
Omorto,illidan,96,mage,fire,6,1,5
Firehazard,tichondrius,96,mage,fire,6,1,5
Bdmxd,stormrage,96,mage,fire,6,1,5
Bbaxter,stormrage,96,mage,fire,6,1,5
Majhk,sargeras,96,mage,fire,6,1,5
Boredomkïlls,burning-legion,96,mage,fire,6,1,5
Prosperoh,burning-legion,96,mage,fire,6,1,5
Floopse,agamaggan,96,mage,fire,6,1,5
Magefaceguy,agamaggan,96,mage,fire,6,1,5
Aimedint,sargeras,96,mage,fire,6,1,5
Kabonkle,drakthul,96,mage,fire,6,1,5
Jarethleon,ragnaros,96,mage,fire,6,1,5
Lv,stormscale,96,mage,fire,6,1,5
Snowith,azralon,96,mage,fire,6,1,5
Jnovawitness,stormrage,96,mage,fire,6,1,5
Arkuran,proudmoore,96,mage,fire,6,1,5
Sonioce,sargeras,96,mage,fire,6,1,5
Dâzk,sargeras,96,mage,fire,6,1,5
Carlosxd,tichondrius,96,mage,fire,6,1,5
Toat,dalaran,96,mage,fire,6,1,5
Fireemoji,argent-dawn,96,mage,fire,6,1,5
Dildope,frostmourne,96,mage,fire,6,1,5
Ignit,stormrage,96,mage,fire,6,1,5
Blàzèd,proudmoore,96,mage,fire,6,1,5
Vorkalth,tichondrius,96,mage,fire,6,1,5
Cyberstar,proudmoore,96,mage,fire,6,1,5
Sproggley,jubeithos,96,mage,fire,6,1,5
Fireblast,stormscale,96,mage,fire,6,1,5
Rolypolyman,tichondrius,96,mage,fire,6,1,5
Goodtime,emerald-dream,96,mage,fire,6,1,5
Pyromaniac,stormscale,96,mage,fire,6,1,5
Nazztwren,bleeding-hollow,96,mage,fire,6,1,5
Somnuss,barthilas,96,mage,fire,7,1,6
Daltene,zuljin,96,mage,fire,7,1,6
Thebugman,tichondrius,96,mage,fire,12,1,11
Zuroz,dathremar,96,mage,fire,12,1,11
Emelian,barthilas,96,mage,fire,12,1,11
Urtbre,illidan,96,mage,fire,12,1,11
Dezax,malfurion,96,mage,fire,12,1,11
Duhquarius,warsong,96,mage,fire,12,1,11
Allesanda,sargeras,96,mage,fire,12,1,11
Mideon,whisperwind,95,mage,fire,6,1,5
Grelfromhell,tichondrius,95,mage,fire,6,1,5
Simongof,tichondrius,79,mage,fire,5,1,4
Moistcream,bloodscalp,79,mage,fire,5,1,4
Jaked,frostmourne,79,mage,fire,5,1,4
Tainted,lightbringer,79,mage,fire,5,1,4
Noquemacuuh,ragnaros,79,mage,fire,5,1,4
Skerei,azralon,48,mage,fire,3,1,2
Redeyez,arthas,48,mage,fire,9,1,8
Gryd,area-52,42,mage,fire,8,3,5
Icybanter,emerald-dream,42,mage,fire,8,2,6
Evilear,andorhal,31,mage,fire,2,1,1
Eastex,blackhand,31,mage,fire,8,1,7
Hustus,amanthul,16,mage,fire,2,1,1
Juicemage,tichondrius,2366,mage,frost,198,111,87
Juicechanel,tichondrius,2363,mage,frost,100,58,42
Pigdancel,tichondrius,2253,mage,frost,168,91,77
Hogdog,illidan,2225,mage,frost,113,61,52
Birdfather,tichondrius,2167,mage,frost,59,45,14
Fromcanadaqc,stormrage,2153,mage,frost,89,48,41
Zlint,quelthalas,2145,mage,frost,175,94,81
Stonedmonkeý,tichondrius,2103,mage,frost,167,84,83
Valériemeow,tichondrius,2059,mage,frost,248,126,122
Tbe,guldan,2050,mage,frost,228,116,112
Ghostrr,tichondrius,2046,mage,frost,244,127,117
Pigdancell,tichondrius,2044,mage,frost,121,59,62
Kassmage,skullcrusher,2035,mage,frost,198,100,98
Frostitutex,illidan,2031,mage,frost,97,54,43
Bamx,stormrage,2018,mage,frost,96,55,41
Douyuweifa,tichondrius,2018,mage,frost,131,67,64
Smuky,stormrage,2002,mage,frost,208,105,103
Cremgotrockd,blackrock,2001,mage,frost,137,72,65
Easyfreeze,sargeras,1996,mage,frost,48,27,21
Stefanfs,tichondrius,1981,mage,frost,72,40,32
Chunzhangfs,tichondrius,1974,mage,frost,76,40,36
Lawuera,quelthalas,1974,mage,frost,112,55,57
Vampìrelolz,tichondrius,1969,mage,frost,60,30,30
Backjing,tichondrius,1969,mage,frost,87,42,45
Maxvila,kelthuzad,1965,mage,frost,111,55,56
Joe,llane,1956,mage,frost,320,161,159
Feener,stormreaver,1955,mage,frost,123,63,60
Hogmantwo,illidan,1940,mage,frost,110,57,53
Cunzhang,tichondrius,1931,mage,frost,84,40,44
Factszxy,area-52,1929,mage,frost,71,46,25
Dace,tichondrius,1929,mage,frost,92,46,46
Elkiador,area-52,1909,mage,frost,30,21,9
Rosò,tichondrius,1905,mage,frost,48,29,19
Lantx,tichondrius,1905,mage,frost,189,102,87
Yorgøs,ragnaros,1903,mage,frost,72,38,34
Chez,tichondrius,1894,mage,frost,41,23,18
Blastoize,tichondrius,1894,mage,frost,59,33,26
Miilky,tichondrius,1893,mage,frost,66,33,33
Flaux,sargeras,1892,mage,frost,88,50,38
Snaregodx,area-52,1885,mage,frost,59,31,28
Zerodium,sargeras,1884,mage,frost,167,84,83
Yellowfevrz,thrall,1880,mage,frost,60,27,33
Ams,aerie-peak,1878,mage,frost,66,34,32
Styler,tichondrius,1870,mage,frost,104,59,45
Gelokay,tichondrius,1866,mage,frost,48,28,20
Chrisxo,azuremyst,1866,mage,frost,48,27,21
Weathersmell,tichondrius,1865,mage,frost,48,27,21
Grumpyòlfart,tichondrius,1865,mage,frost,168,84,84
Manather,emerald-dream,1864,mage,frost,30,20,10
Messiaah,tichondrius,1862,mage,frost,42,20,22
Frøstdrægöñ,illidan,1858,mage,frost,36,27,9
Theydeadx,illidan,1858,mage,frost,47,31,16
Politeness,tichondrius,1858,mage,frost,76,35,41
Corgim,thrall,1857,mage,frost,65,33,32
Fròzt,ragnaros,1854,mage,frost,96,43,53
Hunchojack,tichondrius,1854,mage,frost,78,33,45
Mcdfries,tichondrius,1853,mage,frost,60,32,28
Sorankim,tichondrius,1853,mage,frost,55,28,27
Instincts,uldum,1850,mage,frost,48,29,19
Xanthilia,chogall,1849,mage,frost,96,49,47
Leakyboots,illidan,1848,mage,frost,53,27,26
Crøwx,tichondrius,1847,mage,frost,143,86,57
Hideongp,barthilas,1842,mage,frost,108,54,54
Maegwynah,stormrage,1841,mage,frost,122,59,63
Vazlgs,tichondrius,1839,mage,frost,88,48,40
Furisheep,stormrage,1838,mage,frost,47,27,20
Zssy,tichondrius,1835,mage,frost,107,69,38
Aapple,tichondrius,1834,mage,frost,72,39,33
Dexd,laughing-skull,1833,mage,frost,183,104,79
Dahp,thrall,1831,mage,frost,47,23,24
Tupactopus,tichondrius,1831,mage,frost,66,32,34
Micfiyah,thrall,1827,mage,frost,66,41,25
Drewdy,stormreaver,1824,mage,frost,36,22,14
Frikabust,stormrage,1824,mage,frost,96,57,39
Vague,tichondrius,1824,mage,frost,80,42,38
Fgnb,sargeras,1822,mage,frost,111,65,46
Illumià,illidan,1821,mage,frost,44,29,15
Kygores,tichondrius,1821,mage,frost,42,21,21
Animatronic,moon-guard,1820,mage,frost,345,180,165
Srinshi,sargeras,1820,mage,frost,160,80,80
Miketao,tichondrius,1820,mage,frost,67,31,36
Headbake,malganis,1820,mage,frost,66,30,36
Yeweiliang,tichondrius,1819,mage,frost,989,500,489
Cømbust,frostmourne,1816,mage,frost,72,50,22
Kabrax,nerzhul,1816,mage,frost,72,36,36
Evilnuts,quelthalas,1814,mage,frost,91,47,44
Quippy,kiljaeden,1813,mage,frost,309,156,153
Lambsalsa,tichondrius,1813,mage,frost,78,37,41
Fatamericanx,area-52,1812,mage,frost,47,27,20
Ribot,sargeras,1812,mage,frost,60,28,32
Horrendum,azralon,1811,mage,frost,60,37,23
Stöpwatch,hyjal,1807,mage,frost,168,92,76
Swagbased,tichondrius,1807,mage,frost,60,29,31
Koozay,kelthuzad,1805,mage,frost,65,38,27
Bic,darrowmere,1805,mage,frost,72,37,35
Mägë,kirin-tor,1804,mage,frost,54,30,24
Kazimìr,tichondrius,1802,mage,frost,36,24,12
Tjofmajik,stormrage,1802,mage,frost,60,31,29
Coolbuts,area-52,1802,mage,frost,67,31,36
Sheepard,sargeras,1800,mage,frost,48,29,19
Bigchilly,malganis,1797,mage,frost,69,38,31
Faynet,dalaran,1797,mage,frost,236,120,116
Evilear,andorhal,1793,mage,frost,96,47,49
Ligmmah,stormrage,1792,mage,frost,110,61,49
Kymowiz,sargeras,1789,mage,frost,84,43,41
Theetwotime,area-52,1785,mage,frost,154,79,75
Privilege,burning-legion,1784,mage,frost,66,34,32
Koro,tichondrius,1784,mage,frost,133,68,65
Sestren,zuljin,1784,mage,frost,138,65,73
Cayoux,darkspear,1782,mage,frost,54,33,21
Czq,tichondrius,1782,mage,frost,54,31,23
Rhythmdog,tichondrius,1782,mage,frost,97,44,53
Endymiòn,tichondrius,1780,mage,frost,48,24,24
Sheepgodx,malganis,1779,mage,frost,35,20,15
Kleinz,quelthalas,1776,mage,frost,91,54,37
Tris,malganis,1776,mage,frost,75,37,38
Bambambilly,kelthuzad,1774,mage,frost,141,73,68
Golfirl,doomhammer,1774,mage,frost,54,24,30
Téfy,ragnaros,1773,mage,frost,65,38,27
Prexcity,guldan,1769,mage,frost,42,24,18
Atra,spinebreaker,1768,mage,frost,78,39,39
Tatertots,bladefist,1768,mage,frost,89,42,47
Riddickl,malfurion,1766,mage,frost,108,54,54
Zlint,ragnaros,1766,mage,frost,42,21,21
Bigfirebat,tichondrius,1765,mage,frost,41,19,22
Ingcho,tichondrius,1763,mage,frost,108,51,57
Dtbmar,misha,1762,mage,frost,124,58,66
Dorsia,jaedenar,1761,mage,frost,88,55,33
Pitball,area-52,1753,mage,frost,167,85,82
Wqnmlgbdy,tichondrius,1752,mage,frost,78,35,43
Lorlene,frostmourne,1750,mage,frost,298,148,150
Persia,illidan,1748,mage,frost,59,27,32
Kazmir,area-52,1745,mage,frost,47,19,28
Mokelovin,sargeras,1744,mage,frost,47,30,17
Lemmiwïnks,area-52,1744,mage,frost,44,27,17
Pichorrá,quelthalas,1742,mage,frost,109,62,47
Perrc,area-52,1742,mage,frost,431,215,216
Pétêr,frostmourne,1739,mage,frost,111,50,61
Bravden,area-52,1735,mage,frost,72,40,32
Moyuu,proudmoore,1735,mage,frost,421,218,203
Tofusmell,illidan,1732,mage,frost,72,40,32
Pivnert,boulderfist,1730,mage,frost,48,26,22
Umber,dreadmaul,1730,mage,frost,294,153,141
Comaner,frostmourne,1728,mage,frost,66,38,28
Castana,tichondrius,1726,mage,frost,140,66,74
Blinkbow,tichondrius,1724,mage,frost,161,80,81
Hotrunner,sargeras,1723,mage,frost,239,126,113
Mmine,tichondrius,1721,mage,frost,48,25,23
Covil,tichondrius,1720,mage,frost,176,85,91
Macendra,illidan,1718,mage,frost,54,26,28
Lilpolyx,illidan,1715,mage,frost,57,30,27
Gnitraf,malganis,1714,mage,frost,182,97,85
Traelol,blades-edge,1713,mage,frost,126,64,62
Sifr,tichondrius,1713,mage,frost,36,18,18
Jerawokee,undermine,1713,mage,frost,109,50,59
Zezima,spirestone,1709,mage,frost,90,51,39
Deverror,frostmourne,1708,mage,frost,394,198,196
Suicune,area-52,1707,mage,frost,294,151,143
Kissradiox,tichondrius,1707,mage,frost,162,75,87
Valtessa,stormrage,1704,mage,frost,78,41,37
Xialing,tichondrius,1704,mage,frost,53,26,27
Rizke,tichondrius,1701,mage,frost,35,18,17
Arcayne,tichondrius,1696,mage,frost,145,80,65
Stealing,barthilas,1696,mage,frost,119,58,61
Frizbee,sargeras,1689,mage,frost,67,36,31
Adxion,quelthalas,1687,mage,frost,48,25,23
Redhell,dalaran,1686,mage,frost,36,24,12
Praestigium,barthilas,1685,mage,frost,115,63,52
Blinkmind,stormrage,1682,mage,frost,54,26,28
Sabrita,proudmoore,1680,mage,frost,98,50,48
Nukedat,proudmoore,1679,mage,frost,36,23,13
Deallus,tichondrius,1679,mage,frost,112,56,56
Luckysir,illidan,1677,mage,frost,78,38,40
Maebalim,tichondrius,1675,mage,frost,112,53,59
Hanxiaowu,tichondrius,1674,mage,frost,64,40,24
Luxør,aegwynn,1674,mage,frost,36,22,14
Alurion,moon-guard,1673,mage,frost,32,21,11
Fromcanadaqc,tichondrius,1673,mage,frost,42,22,20
Vileice,tichondrius,1671,mage,frost,100,52,48
Factsx,area-52,1669,mage,frost,42,22,20
Bmuafgfe,tichondrius,1668,mage,frost,36,22,14
Tommagic,tichondrius,1666,mage,frost,40,23,17
Babyspise,nathrezim,1664,mage,frost,54,30,24
Erykk,mugthol,1663,mage,frost,81,31,50
Polyenjoyerx,ysera,1659,mage,frost,118,60,58
Jaked,frostmourne,1658,mage,frost,86,41,45
Nerfdestro,illidan,1657,mage,frost,331,177,154
Zaddyx,whisperwind,1654,mage,frost,111,57,54
Minverces,tichondrius,1653,mage,frost,40,23,17
Axecap,tichondrius,1652,mage,frost,126,69,57
Erîol,ragnaros,1652,mage,frost,352,183,169
Entm,burning-blade,1651,mage,frost,42,22,20
Lilfruitsnac,illidan,1650,mage,frost,30,18,12
Kassody,kelthuzad,1650,mage,frost,42,25,17
Isellstuff,thrall,1650,mage,frost,144,71,73
Hüz,frostmourne,1648,mage,frost,62,41,21
Papita,mugthol,1647,mage,frost,31,19,12
Jtizzlè,tichondrius,1647,mage,frost,71,38,33
Zorexx,area-52,1643,mage,frost,61,30,31
Juniel,bleeding-hollow,1643,mage,frost,46,22,24
Megladon,tichondrius,1640,mage,frost,107,66,41
Preceptør,azralon,1640,mage,frost,67,37,30
Savanali,kelthuzad,1640,mage,frost,93,48,45
Gôøglëlòl,nemesis,1639,mage,frost,289,144,145
Luckysi,illidan,1639,mage,frost,74,34,40
Venachi,emerald-dream,1638,mage,frost,152,86,66
Chinye,tichondrius,1638,mage,frost,145,69,76
Qcomberoo,frostmane,1637,mage,frost,45,22,23
Tibbit,kelthuzad,1635,mage,frost,36,23,13
Charmed,black-dragonflight,1635,mage,frost,86,45,41
Gûmbÿ,illidan,1634,mage,frost,48,34,14
Zinnos,tichondrius,1634,mage,frost,517,255,262
Triuneward,tichondrius,1634,mage,frost,48,23,25
Lynt,dalaran,1633,mage,frost,36,23,13
Wïzarduous,mannoroth,1633,mage,frost,36,22,14
Triknology,dalaran,1633,mage,frost,35,18,17
Wienerjeff,area-52,1632,mage,frost,117,71,46
Neekodango,sisters-of-elune,1632,mage,frost,68,34,34
Stimml,blood-furnace,1630,mage,frost,96,52,44
Xuxä,stormrage,1630,mage,frost,80,39,41
Xtymhxy,tichondrius,1629,mage,frost,36,17,19
Scarablast,bleeding-hollow,1628,mage,frost,73,35,38
Snipymagus,shattered-hand,1627,mage,frost,37,21,16
Magecombe,thrall,1626,mage,frost,67,33,34
Nasgeth,darkspear,1625,mage,frost,30,18,12
Carmelasin,wyrmrest-accord,1625,mage,frost,51,29,22
Elyandria,proudmoore,1625,mage,frost,42,23,19
Kouks,tichondrius,1621,mage,frost,35,21,14
Dve,frostmourne,1621,mage,frost,90,53,37
Mashii,kiljaeden,1620,mage,frost,36,17,19
Neverblockx,kirin-tor,1618,mage,frost,30,17,13
Aycc,tichondrius,1616,mage,frost,64,33,31
Glaciated,the-forgotten-coast,1616,mage,frost,120,58,62
Gwyn,nemesis,1614,mage,frost,54,29,25
Burrstful,destromath,1614,mage,frost,83,40,43
Harmõny,tichondrius,1614,mage,frost,73,34,39
Icestory,tichondrius,1614,mage,frost,185,83,102
Rrite,tichondrius,1612,mage,frost,71,38,33
Frostpimp,anubarak,1611,mage,frost,68,31,37
Boejanglz,frostmourne,1610,mage,frost,52,26,26
Laserface,bleeding-hollow,1610,mage,frost,167,83,84
Fakebusiness,area-52,1609,mage,frost,216,115,101
Choxiy,illidan,1609,mage,frost,58,26,32
Nickioxox,tichondrius,1609,mage,frost,46,20,26
Whosdismage,illidan,1608,mage,frost,36,22,14
Crowllyx,fenris,1608,mage,frost,82,35,47
Pizzatest,area-52,1607,mage,frost,148,75,73
Marrioo,tichondrius,1607,mage,frost,114,52,62
Därkmägician,tichondrius,1606,mage,frost,91,55,36
Almondcocoa,tichondrius,1605,mage,frost,30,19,11
Tonystonerz,lightnings-blade,1605,mage,frost,108,58,50
Terarosa,tichondrius,1605,mage,frost,66,34,32
Maxtorgar,quelthalas,1605,mage,frost,54,21,33
Låvazza,tichondrius,1604,mage,frost,36,18,18
Sheepu,bladefist,1603,mage,frost,112,64,48
Arrokoth,malganis,1602,mage,frost,30,17,13
Chrismsprsnt,tichondrius,1602,mage,frost,383,197,186
Snoogensftw,tichondrius,1602,mage,frost,36,17,19
Edm,proudmoore,1602,mage,frost,45,20,25
Westaumin,illidan,1601,mage,frost,185,92,93
Soulberg,emerald-dream,1601,mage,frost,154,76,78
Moogician,aerie-peak,1601,mage,frost,36,17,19
Beeperiffic,sargeras,1600,mage,frost,36,20,16
Teetems,sargeras,1600,mage,frost,60,32,28
Qsc,barthilas,1600,mage,frost,340,172,168
Sheepshot,dentarg,1599,mage,frost,54,25,29
Arcánè,velen,1596,mage,frost,35,20,15
Convector,tichondrius,1594,mage,frost,42,27,15
Seeu,tichondrius,1594,mage,frost,213,95,118
Flâvor,illidan,1593,mage,frost,54,29,25
Rbn,tichondrius,1593,mage,frost,81,37,44
Corruptionz,nemesis,1591,mage,frost,126,68,58
Littlejay,kelthuzad,1591,mage,frost,42,19,23
Jeffreezy,tichondrius,1588,mage,frost,42,22,20
Mageboy,bonechewer,1588,mage,frost,65,29,36
Kbola,tichondrius,1586,mage,frost,45,22,23
Tossdztosdoz,tichondrius,1585,mage,frost,65,32,33
Garbagemage,barthilas,1585,mage,frost,72,35,37
Dearyuanmage,tichondrius,1584,mage,frost,30,17,13
Mageonthcc,korgath,1583,mage,frost,98,49,49
Fawcett,khazgoroth,1582,mage,frost,204,102,102
Enflame,tichondrius,1581,mage,frost,67,42,25
Fobbom,stormrage,1581,mage,frost,53,30,23
Nerothoz,azralon,1579,mage,frost,46,20,26
Rcainy,stormrage,1578,mage,frost,46,28,18
Justmoss,sargeras,1578,mage,frost,36,18,18
Sakurai,tichondrius,1577,mage,frost,126,59,67
Thatlejund,tichondrius,1576,mage,frost,103,53,50
Agoniey,illidan,1576,mage,frost,96,45,51
Icyspring,tichondrius,1574,mage,frost,30,18,12
Odaravla,proudmoore,1574,mage,frost,506,257,249
Marisadaze,tichondrius,1574,mage,frost,109,50,59
Trippy,senjin,1574,mage,frost,44,20,24
Aluce,frostmourne,1572,mage,frost,51,29,22
Ðontßlink,illidan,1572,mage,frost,30,17,13
Alùcârd,tichondrius,1572,mage,frost,64,34,30
Lilkyrie,senjin,1572,mage,frost,139,71,68
Magetherian,frostmourne,1572,mage,frost,211,107,104
Aosin,wyrmrest-accord,1572,mage,frost,42,21,21
Solusek,garona,1570,mage,frost,42,27,15
Brobo,chogall,1569,mage,frost,92,50,42
Piecez,illidan,1568,mage,frost,36,20,16
Crithappy,baelgun,1568,mage,frost,48,26,22
Baleiabranca,stormrage,1568,mage,frost,213,100,113
Frostytoez,firetree,1566,mage,frost,69,36,33
Luckysix,illidan,1564,mage,frost,67,25,42
Frussy,blood-furnace,1563,mage,frost,218,116,102
Froznpizza,zuljin,1562,mage,frost,66,33,33
Baemers,tichondrius,1561,mage,frost,138,73,65
Playsfrost,skullcrusher,1559,mage,frost,136,79,57
Affewxd,lothar,1557,mage,frost,126,65,61
Guyza,frostmourne,1557,mage,frost,233,116,117
Squidio,stormrage,1556,mage,frost,136,73,63
Kahve,dalaran,1555,mage,frost,30,18,12
Nate,black-dragonflight,1555,mage,frost,246,130,116
Houndoôm,hyjal,1554,mage,frost,97,50,47
Fracxure,area-52,1554,mage,frost,47,21,26
Deathrøll,moon-guard,1552,mage,frost,84,48,36
Wolfsmind,frostmourne,1549,mage,frost,48,19,29
Xiloscient,dalaran,1548,mage,frost,36,19,17
Jayma,moon-guard,1548,mage,frost,41,21,20
Genswift,thrall,1548,mage,frost,138,68,70
Meer,stonemaul,1547,mage,frost,114,68,46
Ruzam,area-52,1543,mage,frost,188,101,87
Mkudos,ragnaros,1543,mage,frost,131,69,62
Nairmage,tichondrius,1541,mage,frost,50,26,24
Mcshwackin,area-52,1541,mage,frost,41,21,20
Syntacks,lightnings-blade,1539,mage,frost,360,178,182
Kujousara,stormrage,1539,mage,frost,49,24,25
Aurumium,illidan,1538,mage,frost,69,35,34
Onyd,tichondrius,1537,mage,frost,42,17,25
Bluedustfart,illidan,1537,mage,frost,46,18,28
Yulian,tichondrius,1535,mage,frost,209,113,96
Omgmage,tichondrius,1534,mage,frost,24,20,4
Combusty,sargeras,1534,mage,frost,42,23,19
Froshar,ragnaros,1534,mage,frost,80,40,40
Fineous,kalecgos,1534,mage,frost,42,19,23
Kyphosis,illidan,1533,mage,frost,31,16,15
Cinns,moon-guard,1533,mage,frost,78,40,38
Chrislongtv,tichondrius,1533,mage,frost,678,339,339
Biglance,frostmourne,1533,mage,frost,36,17,19
Frostqt,area-52,1532,mage,frost,144,77,67
Song,sargeras,1529,mage,frost,110,57,53
Mcfry,illidan,1528,mage,frost,70,40,30
Ankidar,quelthalas,1527,mage,frost,84,43,41
Pëpz,emerald-dream,1527,mage,frost,42,17,25
Clm,lightnings-blade,1526,mage,frost,222,115,107
Yourefat,emerald-dream,1525,mage,frost,143,84,59
Warmweather,nagrand,1525,mage,frost,102,50,52
Vendizzle,malganis,1522,mage,frost,257,131,126
Danbì,ragnaros,1521,mage,frost,90,38,52
Polymurph,terenas,1518,mage,frost,59,31,28
Maauie,sargeras,1518,mage,frost,51,26,25
Tessar,moon-guard,1518,mage,frost,288,145,143
Omnislasher,terenas,1517,mage,frost,149,71,78
Walrusxo,kelthuzad,1516,mage,frost,75,34,41
Hambürglar,garrosh,1515,mage,frost,90,45,45
Daydreamz,lightnings-blade,1515,mage,frost,101,43,58
Krayguen,drakkari,1515,mage,frost,40,17,23
Üman,bleeding-hollow,1514,mage,frost,90,49,41
Rích,tichondrius,1514,mage,frost,216,108,108
Snôz,illidan,1513,mage,frost,78,34,44
Léstat,quelthalas,1509,mage,frost,102,55,47
Janchi,moon-guard,1509,mage,frost,194,88,106
Bigdjohnson,dalaran,1505,mage,frost,42,23,19
Swaxi,illidan,1503,mage,frost,54,22,32
Tuçhi,tichondrius,1501,mage,frost,48,27,21
Icegiants,tichondrius,1501,mage,frost,82,44,38
Khadberry,aerie-peak,1501,mage,frost,71,34,37
Vecna,tichondrius,1499,mage,frost,131,64,67
Renoria,norgannon,1498,mage,frost,78,33,45
Peakd,bleeding-hollow,1497,mage,frost,42,18,24
Balencii,kiljaeden,1494,mage,frost,66,38,28
Matchstickk,tichondrius,1494,mage,frost,39,20,19
Revised,sargeras,1493,mage,frost,100,56,44
Jikario,zuljin,1493,mage,frost,60,31,29
Zirkur,mannoroth,1493,mage,frost,80,40,40
Aramire,drakkari,1493,mage,frost,93,43,50
Osnapmage,malganis,1492,mage,frost,306,153,153
Soukidiot,sargeras,1492,mage,frost,48,22,26
Slaash,barthilas,1492,mage,frost,40,18,22
Galacticslug,tichondrius,1491,mage,frost,60,33,27
Burritsacold,bleeding-hollow,1491,mage,frost,54,26,28
Dazby,tichondrius,1490,mage,frost,68,32,36
Floofies,moon-guard,1489,mage,frost,151,73,78
Klødy,sargeras,1488,mage,frost,55,29,26
Gunzup,lightnings-blade,1488,mage,frost,39,19,20
Spurski,emerald-dream,1487,mage,frost,27,17,10
Ehcos,stormrage,1487,mage,frost,212,102,110
Drdocx,frostmourne,1487,mage,frost,42,20,22
Leghacy,korgath,1486,mage,frost,60,31,29
Trebbiano,illidan,1485,mage,frost,454,232,222
Cädemäddox,stormrage,1485,mage,frost,42,20,22
Supergun,tichondrius,1485,mage,frost,45,21,24
Arcaneshally,area-52,1483,mage,frost,66,32,34
Fizario,barthilas,1483,mage,frost,118,56,62
Fireguard,azralon,1481,mage,frost,113,59,54
Bibi,ragnaros,1481,mage,frost,105,47,58
Pibb,rivendare,1480,mage,frost,48,25,23
Aloredron,illidan,1479,mage,frost,77,40,37
Pocsermage,drakkari,1479,mage,frost,64,26,38
Mirmaduck,wyrmrest-accord,1478,mage,frost,30,19,11
Johalenneron,area-52,1478,mage,frost,41,21,20
Cubanmage,drakkari,1477,mage,frost,42,19,23
Xar,guldan,1475,mage,frost,128,68,60
Frøzzen,quelthalas,1475,mage,frost,209,104,105
Gardes,tichondrius,1475,mage,frost,71,27,44
Vornz,sargeras,1474,mage,frost,151,74,77
Fbd,bloodscalp,1473,mage,frost,30,16,14
Magneto,blood-furnace,1473,mage,frost,48,21,27
Tamarolfrost,illidan,1472,mage,frost,82,41,41
Abzy,sargeras,1471,mage,frost,50,28,22
Maagin,zuljin,1471,mage,frost,193,100,93
Snowmassive,illidan,1471,mage,frost,42,20,22
Scrúmp,tichondrius,1470,mage,frost,86,44,42
Kandyperreo,ragnaros,1469,mage,frost,100,49,51
Archewing,azjolnerub,1469,mage,frost,102,48,54
Slipqt,tichondrius,1468,mage,frost,113,54,59
Dearasian,ragnaros,1467,mage,frost,30,17,13
Trolson,sargeras,1467,mage,frost,126,54,72
Ddeuuk,tichondrius,1466,mage,frost,84,41,43
Fròzen,moon-guard,1466,mage,frost,80,39,41
Osh,malorne,1464,mage,frost,56,27,29
Enterthevoid,proudmoore,1463,mage,frost,36,21,15
Tynka,drakkari,1463,mage,frost,30,16,14
Bettybonk,cenarius,1462,mage,frost,119,57,62
Whyammage,dalaran,1461,mage,frost,185,107,78
Kaïdis,nemesis,1461,mage,frost,42,16,26
Zeshilol,stormrage,1460,mage,frost,51,21,30
Archtype,azralon,1459,mage,frost,72,33,39
Anarista,wyrmrest-accord,1458,mage,frost,42,26,16
Ghostofkiev,area-52,1458,mage,frost,48,26,22
Datazonfire,illidan,1457,mage,frost,42,24,18
Deepsheep,moon-guard,1457,mage,frost,30,17,13
Cheesebuns,proudmoore,1457,mage,frost,98,47,51
Magictrolman,thunderlord,1456,mage,frost,139,72,67
Bemaster,area-52,1456,mage,frost,157,80,77
Mageosaurusx,tichondrius,1456,mage,frost,110,50,60
Galiax,illidan,1455,mage,frost,48,23,25
Hirune,ragnaros,1455,mage,frost,100,45,55
Clownspocket,tichondrius,1454,mage,frost,132,75,57
Azhim,tichondrius,1454,mage,frost,170,86,84
Tylers,moon-guard,1453,mage,frost,56,30,26
Mëlkart,ragnaros,1452,mage,frost,138,71,67
Shephard,nemesis,1452,mage,frost,60,29,31
Coôler,illidan,1451,mage,frost,160,90,70
Kfortyone,kiljaeden,1450,mage,frost,30,16,14
Canva,barthilas,1449,mage,frost,91,51,40
Asparagoose,stormrage,1449,mage,frost,59,31,28
Hermanmiller,tichondrius,1448,mage,frost,160,82,78
Myxzz,barthilas,1447,mage,frost,380,192,188
Couto,tichondrius,1447,mage,frost,113,49,64
Ciaooh,tichondrius,1446,mage,frost,141,69,72
Minerves,tichondrius,1446,mage,frost,42,20,22
Wolfgangvn,stormrage,1446,mage,frost,65,29,36
Kevymarts,tichondrius,1444,mage,frost,95,55,40
Ado,zuluhed,1444,mage,frost,120,61,59
Shatturd,sargeras,1444,mage,frost,141,66,75
Nicemangoes,proudmoore,1443,mage,frost,42,22,20
Skywalkerino,azralon,1443,mage,frost,47,24,23
Optic,chogall,1443,mage,frost,62,31,31
Noescaping,illidan,1443,mage,frost,89,41,48
Forged,tichondrius,1443,mage,frost,86,38,48
Ultrá,stormscale,1442,mage,frost,45,22,23
Quinnc,tichondrius,1440,mage,frost,41,21,20
Kylar,icecrown,1440,mage,frost,72,34,38
Pvpbilly,tichondrius,1439,mage,frost,24,15,9
Finnapoly,area-52,1437,mage,frost,45,24,21
Sáron,quelthalas,1436,mage,frost,75,38,37
Isömetrics,tichondrius,1436,mage,frost,30,15,15
Naoya,bleeding-hollow,1435,mage,frost,60,34,26
Slymage,illidan,1435,mage,frost,47,24,23
Wíntersun,frostmourne,1435,mage,frost,411,208,203
Nereidan,drakkari,1435,mage,frost,104,49,55
Siayo,stormscale,1433,mage,frost,46,24,22
Lachawr,stormrage,1433,mage,frost,262,134,128
Cumbustyomom,illidan,1433,mage,frost,30,15,15
Kabonkle,drakthul,1433,mage,frost,104,46,58
Getsheepedon,boulderfist,1433,mage,frost,54,22,32
Sesshomaru,emerald-dream,1433,mage,frost,51,18,33
Drfrostie,anvilmar,1429,mage,frost,74,37,37
Crøwgxd,tichondrius,1428,mage,frost,24,15,9
Kyll,moon-guard,1427,mage,frost,64,34,30
Tifrodo,azralon,1425,mage,frost,82,44,38
Creatïne,stormrage,1425,mage,frost,280,142,138
Arckayne,zuljin,1425,mage,frost,106,44,62
Azmage,vashj,1424,mage,frost,54,32,22
Snowypumpkin,emerald-dream,1423,mage,frost,42,21,21
Murcury,tichondrius,1423,mage,frost,34,17,17
Boogley,bloodhoof,1423,mage,frost,33,16,17
Disgrãced,zuljin,1423,mage,frost,60,23,37
Thatotherguy,lightnings-blade,1421,mage,frost,46,24,22
Raisonmage,tichondrius,1421,mage,frost,54,28,26
Mclanda,frostmourne,1421,mage,frost,171,84,87
Emetah,ysera,1421,mage,frost,117,53,64
Unseën,area-52,1421,mage,frost,60,26,34
Fruitdealerr,tichondrius,1418,mage,frost,30,15,15
Bruxelejolie,twisting-nether,1417,mage,frost,48,25,23
Blaster,burning-blade,1416,mage,frost,30,15,15
Sîmply,zuljin,1416,mage,frost,132,63,69
Pateyz,malganis,1414,mage,frost,30,15,15
Biofreze,malganis,1414,mage,frost,60,26,34
Kitenic,proudmoore,1412,mage,frost,71,37,34
Puvö,tichondrius,1410,mage,frost,92,47,45
Gnomoguapo,altar-of-storms,1410,mage,frost,30,15,15
Orderlight,alexstrasza,1410,mage,frost,278,129,149
Bakjulah,tichondrius,1409,mage,frost,41,23,18
Unleáshed,moonrunner,1408,mage,frost,239,124,115
Hugostiglets,dreadmaul,1407,mage,frost,164,78,86
Toaststrudel,tichondrius,1407,mage,frost,151,70,81
Nargine,tichondrius,1403,mage,frost,30,15,15
Dillor,tichondrius,1403,mage,frost,302,149,153
Priyel,hyjal,1402,mage,frost,248,121,127
Koulder,zuljin,1400,mage,frost,62,35,27
Betrian,quelthalas,1400,mage,frost,165,78,87
Mâsterkush,tichondrius,1399,mage,frost,58,31,27
Eraticmage,illidan,1399,mage,frost,36,19,17
Paü,illidan,1399,mage,frost,161,73,88
Respectx,nemesis,1398,mage,frost,82,36,46
Rossanopolis,tichondrius,1397,mage,frost,59,30,29
Magewara,area-52,1395,mage,frost,24,15,9
Starscreamm,ragnaros,1394,mage,frost,40,23,17
Linhny,tichondrius,1394,mage,frost,198,102,96
Crymachine,garrosh,1391,mage,frost,33,17,16
Harmfol,illidan,1391,mage,frost,66,29,37
Svenny,tichondrius,1390,mage,frost,37,16,21
Chadyus,illidan,1390,mage,frost,42,17,25
Fíebs,queldorei,1389,mage,frost,70,42,28
Zzyuh,proudmoore,1389,mage,frost,52,25,27
Throatdemon,hakkar,1387,mage,frost,113,57,56
Fralo,frostmourne,1385,mage,frost,30,19,11
Nazneen,elune,1384,mage,frost,131,69,62
Maguín,tichondrius,1384,mage,frost,30,15,15
Deadsayru,drakkari,1382,mage,frost,88,43,45
Vallet,ragnaros,1379,mage,frost,30,23,7
Kahili,stormrage,1379,mage,frost,140,66,74
Cyberstar,proudmoore,1377,mage,frost,101,54,47
Arcaninez,bleeding-hollow,1377,mage,frost,60,31,29
Zoidy,bleeding-hollow,1377,mage,frost,35,15,20
Saski,nathrezim,1376,mage,frost,58,26,32
Lightsoran,tichondrius,1375,mage,frost,17,15,2
Arçanemage,tichondrius,1373,mage,frost,34,15,19
Wojnova,zuljin,1372,mage,frost,24,15,9
Heksyllia,wyrmrest-accord,1372,mage,frost,36,19,17
Hhappier,tichondrius,1371,mage,frost,65,32,33
Tagere,moon-guard,1370,mage,frost,80,38,42
Jooblee,illidan,1370,mage,frost,48,16,32
Nhinsanity,ghostlands,1369,mage,frost,27,17,10
Marfaz,ravencrest,1369,mage,frost,26,15,11
Roseofsharon,tichondrius,1367,mage,frost,54,21,33
Bossmage,tichondrius,1366,mage,frost,84,39,45
Vocaris,stormrage,1365,mage,frost,56,31,25
Daddyplease,bleeding-hollow,1365,mage,frost,121,64,57
Dinklord,azuremyst,1365,mage,frost,36,19,17
Numz,sargeras,1365,mage,frost,190,92,98
Thergon,kul-tiras,1362,mage,frost,62,34,28
Vorass,kelthuzad,1358,mage,frost,72,35,37
Novalocked,tichondrius,1358,mage,frost,78,35,43
Magicbunny,andorhal,1357,mage,frost,418,209,209
Starkp,ragnaros,1357,mage,frost,177,86,91
Bound,emerald-dream,1356,mage,frost,81,40,41
Arcranium,icecrown,1356,mage,frost,66,30,36
Dukky,sargeras,1353,mage,frost,41,22,19
Ragemage,borean-tundra,1353,mage,frost,101,42,59
Tentaçao,stormrage,1352,mage,frost,68,34,34
Starguy,laughing-skull,1351,mage,frost,67,34,33
Imwawkinhere,illidan,1350,mage,frost,110,52,58
Epifeni,blackrock,1348,mage,frost,91,41,50
Radiku,blood-furnace,1347,mage,frost,31,16,15
Kh,stormrage,1347,mage,frost,105,52,53
Gasolína,stormrage,1346,mage,frost,106,48,58
Skywarp,blackhand,1346,mage,frost,58,24,34
Phergo,ragnaros,1346,mage,frost,55,22,33
Gualter,nemesis,1345,mage,frost,231,122,109
Aqcamus,illidan,1344,mage,frost,23,15,8
Iceehott,kargath,1344,mage,frost,150,82,68
Tarmiel,quelthalas,1344,mage,frost,72,38,34
Cryogeniks,illidan,1343,mage,frost,30,14,16
Fromcanada,eitrigg,1343,mage,frost,30,14,16
Truemagician,tichondrius,1342,mage,frost,18,14,4
Harrypothead,senjin,1342,mage,frost,41,26,15
Hadlly,tichondrius,1341,mage,frost,24,14,10
Azrick,illidan,1340,mage,frost,24,14,10
Guji,area-52,1339,mage,frost,85,44,41
Iceward,frostmourne,1337,mage,frost,30,14,16
Shäräpova,zuljin,1336,mage,frost,42,24,18
Nethros,stormrage,1336,mage,frost,51,29,22
Safu,bleeding-hollow,1335,mage,frost,120,63,57
Elegantbroth,illidan,1335,mage,frost,57,25,32
Naviator,tichondrius,1334,mage,frost,29,17,12
Aherom,ragnaros,1334,mage,frost,81,45,36
Hammed,dalaran,1334,mage,frost,68,32,36
Tyning,blood-furnace,1333,mage,frost,84,43,41
Gralnur,kelthuzad,1332,mage,frost,74,36,38
Safety,stormreaver,1330,mage,frost,146,77,69
Frostítute,alterac-mountains,1330,mage,frost,78,38,40
Shimmerpoly,sargeras,1329,mage,frost,36,14,22
Juul,emerald-dream,1328,mage,frost,237,109,128
Genton,gorgonnash,1327,mage,frost,59,25,34
Paidemago,azralon,1323,mage,frost,123,69,54
Anaj,ysondre,1323,mage,frost,48,15,33
Milambehr,elune,1322,mage,frost,71,36,35
Linsz,nemesis,1322,mage,frost,30,14,16
Jugobomb,madoran,1320,mage,frost,76,41,35
Copperfield,dreadmaul,1320,mage,frost,206,101,105
Iladiin,malganis,1319,mage,frost,76,37,39
Allidont,tichondrius,1318,mage,frost,24,14,10
Lillbean,thunderlord,1317,mage,frost,67,36,31
Gazzuu,ragnaros,1317,mage,frost,61,28,33
Nynalith,area-52,1316,mage,frost,48,26,22
Annalee,ragnaros,1316,mage,frost,42,18,24
Skillcap,nagrand,1315,mage,frost,30,16,14
Aarne,thrall,1315,mage,frost,36,16,20
Maplemage,akama,1312,mage,frost,114,64,50
Songnineone,tichondrius,1312,mage,frost,30,15,15
Cambustion,frostmourne,1311,mage,frost,42,16,26
Burist,illidan,1310,mage,frost,30,16,14
Plunks,bleeding-hollow,1310,mage,frost,80,30,50
Mntaindew,bleeding-hollow,1309,mage,frost,35,14,21
Arendelle,kiljaeden,1307,mage,frost,30,14,16
Astería,ragnaros,1307,mage,frost,72,29,43
Tharaja,quelthalas,1306,mage,frost,44,18,26
Magemagick,mannoroth,1305,mage,frost,36,14,22
Kryliak,ragnaros,1304,mage,frost,66,37,29
Tyrecgosa,tichondrius,1304,mage,frost,132,70,62
Missingxx,silvermoon,1304,mage,frost,72,37,35
Thiz,kalecgos,1303,mage,frost,66,36,30
Wizno,darkspear,1303,mage,frost,36,18,18
Dumblexgamer,ragnaros,1303,mage,frost,120,57,63
Xárdas,quelthalas,1302,mage,frost,107,56,51
Rahzac,dalaran,1302,mage,frost,62,29,33
Krabby,malganis,1301,mage,frost,106,45,61
Mageyoulooks,kelthuzad,1300,mage,frost,114,55,59
Frostitutå,eonar,1300,mage,frost,154,73,81
Freez,garona,1300,mage,frost,46,19,27
Haruká,ragnaros,1300,mage,frost,45,15,30
Skizzlés,bleeding-hollow,1298,mage,frost,30,15,15
Jorzan,kelthuzad,1298,mage,frost,30,15,15
Ranje,kiljaeden,1296,mage,frost,30,17,13
Vyninovan,aggramar,1295,mage,frost,47,22,25
Gatka,quelthalas,1294,mage,frost,418,208,210
Numaïr,kiljaeden,1292,mage,frost,92,43,49
Sturmrevenge,lightnings-blade,1291,mage,frost,270,139,131
Remana,anvilmar,1291,mage,frost,30,15,15
Winterizer,sargeras,1290,mage,frost,53,31,22
Soia,ragnaros,1288,mage,frost,155,78,77
Drewzz,tichondrius,1287,mage,frost,56,30,26
Peetufo,whisperwind,1287,mage,frost,77,37,40
Alìv,tichondrius,1287,mage,frost,259,121,138
Andorlin,barthilas,1287,mage,frost,59,27,32
Agniih,azralon,1286,mage,frost,90,45,45
Médüsa,moon-guard,1284,mage,frost,36,16,20
Frostzadan,quelthalas,1283,mage,frost,68,31,37
Bubbleblower,hakkar,1281,mage,frost,48,28,20
Limeade,ursin,1281,mage,frost,36,17,19
Samaë,zuljin,1279,mage,frost,54,22,32
Ràmdas,hyjal,1278,mage,frost,60,30,30
Kelvii,tichondrius,1278,mage,frost,44,20,24
Skynhet,ragnaros,1277,mage,frost,36,16,20
Abracadaver,greymane,1276,mage,frost,82,44,38
Defarefa,frostmourne,1275,mage,frost,242,121,121
Showtíme,spirestone,1273,mage,frost,24,16,8
Discoinferno,kelthuzad,1273,mage,frost,45,22,23
Somethinglos,sargeras,1273,mage,frost,112,50,62
Eriktherod,maelstrom,1272,mage,frost,54,20,34
Lucyphilis,stormrage,1271,mage,frost,98,50,48
Zaxrie,malganis,1271,mage,frost,30,14,16
Edisia,moon-guard,1271,mage,frost,34,15,19
Ignit,stormrage,1270,mage,frost,74,36,38
Quietusllil,gurubashi,1269,mage,frost,102,60,42
Scorgasm,thrall,1268,mage,frost,36,22,14
Rastafarix,ragnaros,1267,mage,frost,57,25,32
Vengefuly,tichondrius,1264,mage,frost,34,17,17
Psi,nagrand,1263,mage,frost,90,45,45
Rizzbliz,sargeras,1260,mage,frost,30,16,14
Hiiamtay,azralon,1259,mage,frost,32,18,14
Satív,moknathal,1258,mage,frost,42,25,17
Xevros,ravenholdt,1257,mage,frost,69,32,37
Zedroçk,shadowmoon,1256,mage,frost,42,17,25
Ellywizzle,tichondrius,1255,mage,frost,36,21,15
Phantombila,azralon,1255,mage,frost,105,46,59
Degenhours,illidan,1253,mage,frost,51,25,26
Magicginger,barthilas,1253,mage,frost,58,27,31
Spellsurg,malganis,1251,mage,frost,40,15,25
Nnenna,bonechewer,1249,mage,frost,30,14,16
Reptär,demon-soul,1248,mage,frost,18,13,5
Lectis,area-52,1248,mage,frost,36,14,22
Selless,zuljin,1247,mage,frost,78,37,41
Wanming,tichondrius,1247,mage,frost,30,13,17
Derpmanjr,area-52,1246,mage,frost,66,41,25
Åquå,area-52,1246,mage,frost,51,28,23
Lycheeoolong,frostmourne,1246,mage,frost,24,13,11
Hýdramist,sargeras,1246,mage,frost,24,13,11
Magui,eredar,1245,mage,frost,60,37,23
Rêëéèéèéè,sargeras,1245,mage,frost,24,13,11
Calcaster,aegwynn,1245,mage,frost,48,23,25
Evaporada,illidan,1244,mage,frost,87,44,43
Mângo,frostmourne,1243,mage,frost,24,13,11
Cheapsects,drakthul,1243,mage,frost,74,37,37
Syndra,korialstrasz,1241,mage,frost,42,18,24
Finnese,medivh,1240,mage,frost,24,14,10
Vênsêr,emerald-dream,1240,mage,frost,30,13,17
Mageyoulooks,shattered-hand,1239,mage,frost,60,29,31
Merkkinz,thrall,1239,mage,frost,65,31,34
Valrendor,nazjatar,1238,mage,frost,142,69,73
Lildabpen,tichondrius,1236,mage,frost,143,69,74
Rmprmp,tichondrius,1236,mage,frost,36,17,19
ßlitzkreig,area-52,1235,mage,frost,24,18,6
Valtaira,wyrmrest-accord,1235,mage,frost,291,149,142
Hykkup,frostmourne,1232,mage,frost,24,13,11
Phoenixic,frostmourne,1232,mage,frost,191,84,107
Magifish,malganis,1231,mage,frost,62,35,27
Acarilla,stormrage,1231,mage,frost,96,42,54
Gadogear,draka,1231,mage,frost,36,13,23
Auralyn,wyrmrest-accord,1230,mage,frost,31,13,18
Maigoddess,proudmoore,1229,mage,frost,89,40,49
Wowenjoyer,area-52,1227,mage,frost,121,59,62
Rekonx,tichondrius,1226,mage,frost,160,80,80
Jobar,malganis,1221,mage,frost,24,13,11
Naar,ghostlands,1221,mage,frost,66,34,32
Alatria,frostmourne,1221,mage,frost,120,53,67
Féind,tichondrius,1220,mage,frost,42,22,20
Dimmershnitz,draka,1220,mage,frost,54,28,26
Jagmag,area-52,1219,mage,frost,18,14,4
Cuoreforte,moon-guard,1219,mage,frost,82,40,42
Jejihev,drakkari,1219,mage,frost,35,17,18
Juxmcmage,kiljaeden,1218,mage,frost,101,42,59
Trincando,azralon,1217,mage,frost,50,19,31
Bracér,area-52,1216,mage,frost,24,17,7
Unlike,sargeras,1216,mage,frost,30,13,17
Kevdra,kelthuzad,1215,mage,frost,103,46,57
Athenaswrath,sargeras,1214,mage,frost,24,13,11
Crizzpy,tichondrius,1214,mage,frost,101,51,50
Feogato,proudmoore,1214,mage,frost,165,80,85
Gsr,nerzhul,1214,mage,frost,91,41,50
Lacewings,stormrage,1213,mage,frost,36,15,21
Icelordd,ragnaros,1211,mage,frost,42,21,21
Maac,nemesis,1210,mage,frost,111,52,59
Dohnutt,tichondrius,1209,mage,frost,65,28,37
Fabled,stonemaul,1209,mage,frost,36,14,22
Marvelcuck,sargeras,1208,mage,frost,18,13,5
Bzerk,jubeithos,1207,mage,frost,24,13,11
Djp,tichondrius,1206,mage,frost,79,43,36
Azzurn,doomhammer,1205,mage,frost,42,25,17
Lunamae,fizzcrank,1205,mage,frost,30,14,16
Gunzz,aegwynn,1202,mage,frost,48,21,27
Makén,illidan,1201,mage,frost,78,46,32
Eskimoan,frostmourne,1201,mage,frost,60,20,40
Sènding,sargeras,1200,mage,frost,54,19,35
Magusia,emerald-dream,1198,mage,frost,39,15,24
Diabølcangel,malganis,1196,mage,frost,60,32,28
Palruki,tichondrius,1193,mage,frost,60,22,38
Gromora,bleeding-hollow,1188,mage,frost,23,13,10
Subshero,sargeras,1187,mage,frost,30,22,8
Plainblaine,illidan,1186,mage,frost,123,59,64
Dairian,whisperwind,1186,mage,frost,45,18,27
Smáckington,tichondrius,1184,mage,frost,204,102,102
Canassa,azralon,1183,mage,frost,131,66,65
Twinklestars,sargeras,1179,mage,frost,72,40,32
Frostchild,icecrown,1179,mage,frost,56,28,28
Cransmage,illidan,1177,mage,frost,42,20,22
Highafrn,area-52,1177,mage,frost,48,21,27
Icebboxx,tichondrius,1176,mage,frost,40,23,17
Ìgnìtìöñ,whisperwind,1176,mage,frost,33,13,20
Iacceptvenmo,tichondrius,1174,mage,frost,28,14,14
Surrsly,tortheldrin,1173,mage,frost,24,14,10
Zalatirix,bleeding-hollow,1173,mage,frost,30,15,15
Perfectpink,bleeding-hollow,1171,mage,frost,42,21,21
Khaldyn,tichondrius,1171,mage,frost,137,68,69
Aggrodite,drenden,1171,mage,frost,36,17,19
Pendrake,sargeras,1170,mage,frost,34,13,21
Darkrukia,tichondrius,1168,mage,frost,63,32,31
Littlebeth,azjolnerub,1167,mage,frost,204,106,98
Cocmagic,kelthuzad,1167,mage,frost,33,15,18
Aquariusmoon,bonechewer,1166,mage,frost,60,31,29
Layolis,area-52,1163,mage,frost,176,88,88
Akhilá,stormrage,1163,mage,frost,35,15,20
Icybanter,emerald-dream,1163,mage,frost,77,31,46
Cavit,wyrmrest-accord,1162,mage,frost,114,55,59
Yamitenshi,dalaran,1162,mage,frost,68,24,44
Hotfixes,barthilas,1160,mage,frost,105,54,51
Sahir,thaurissan,1160,mage,frost,90,42,48
Rkbj,korgath,1160,mage,frost,93,42,51
Blancnoir,tichondrius,1159,mage,frost,94,46,48
Ejzok,dreadmaul,1159,mage,frost,261,116,145
Spellblunder,barthilas,1159,mage,frost,36,16,20
Soya,sargeras,1159,mage,frost,41,18,23
Spellsbad,lightbringer,1158,mage,frost,67,34,33
Devlux,area-52,1158,mage,frost,104,50,54
Menacë,tichondrius,1157,mage,frost,181,84,97
Floopse,agamaggan,1153,mage,frost,18,13,5
Akagamix,sargeras,1153,mage,frost,59,24,35
Bçøløñápûðgé,illidan,1152,mage,frost,18,12,6
Ranj,tichondrius,1152,mage,frost,18,12,6
Hollerin,whisperwind,1151,mage,frost,24,14,10
Kromeus,illidan,1150,mage,frost,78,35,43
Damage,skullcrusher,1150,mage,frost,31,13,18
Zacx,area-52,1150,mage,frost,30,12,18
Dazmage,burning-blade,1149,mage,frost,40,13,27
Lewpithy,area-52,1147,mage,frost,24,12,12
Versacejay,sargeras,1147,mage,frost,24,12,12
Deadmarley,blackhand,1146,mage,frost,48,26,22
Lessthnthree,frostmourne,1146,mage,frost,24,12,12
Hotpeachpie,zuljin,1146,mage,frost,115,54,61
Featherboo,stormrage,1146,mage,frost,54,25,29
Samuoa,tichondrius,1145,mage,frost,59,27,32
Pyroshima,barthilas,1145,mage,frost,40,13,27
Giovannie,zuluhed,1144,mage,frost,84,39,45
Thaldarian,emerald-dream,1144,mage,frost,49,21,28
Yungice,hyjal,1144,mage,frost,36,14,22
Danorius,laughing-skull,1143,mage,frost,24,12,12
Diixynormus,illidan,1142,mage,frost,36,20,16
Kickbotmacro,tichondrius,1142,mage,frost,106,54,52
Vasthrash,bleeding-hollow,1142,mage,frost,78,33,45
Tsuchek,tichondrius,1139,mage,frost,24,12,12
Ghostblaze,blackhand,1138,mage,frost,33,16,17
Tendies,blackwater-raiders,1138,mage,frost,90,36,54
Osda,azralon,1137,mage,frost,42,23,19
Ashklabam,azralon,1136,mage,frost,36,20,16
Angerfrost,khazgoroth,1132,mage,frost,186,98,88
Itaachi,wyrmrest-accord,1130,mage,frost,101,54,47
Fatum,ragnaros,1124,mage,frost,32,14,18
Elwyn,dunemaul,1123,mage,frost,27,13,14
Worknlurk,malganis,1121,mage,frost,42,23,19
Standbyme,bleeding-hollow,1120,mage,frost,30,13,17
Memnor,amanthul,1119,mage,frost,59,29,30
Moistcream,bloodscalp,1118,mage,frost,27,13,14
Cìfel,quelthalas,1117,mage,frost,35,19,16
Frenk,moon-guard,1117,mage,frost,48,17,31
Dannyyoo,blackrock,1116,mage,frost,23,12,11
Bellåtrîx,quelthalas,1115,mage,frost,18,12,6
Faxandu,tichondrius,1115,mage,frost,30,12,18
Who,emerald-dream,1113,mage,frost,58,27,31
Sølem,frostmourne,1112,mage,frost,42,16,26
Mageolisious,kelthuzad,1111,mage,frost,42,17,25
Levitaine,bleeding-hollow,1110,mage,frost,38,19,19
Ibalyn,khazgoroth,1109,mage,frost,101,49,52
Wickednoob,malganis,1109,mage,frost,168,81,87
Letitgoo,azralon,1109,mage,frost,70,32,38
Castingmommy,moon-guard,1108,mage,frost,73,37,36
Mindthegap,tichondrius,1106,mage,frost,99,53,46
Granmago,azralon,1106,mage,frost,30,12,18
Noyade,illidan,1104,mage,frost,31,13,18
Urtbre,illidan,1102,mage,frost,90,48,42
Skdonkay,nerzhul,1102,mage,frost,89,45,44
Affinitty,zuljin,1101,mage,frost,74,35,39
Devoh,dunemaul,1100,mage,frost,26,12,14
Hositonet,malganis,1099,mage,frost,53,27,26
Avers,frostwolf,1097,mage,frost,36,16,20
Icetooseeyou,barthilas,1097,mage,frost,37,16,21
Wawakun,ragnaros,1095,mage,frost,23,15,8
Magedango,bleeding-hollow,1095,mage,frost,35,14,21
Yeez,thrall,1094,mage,frost,23,12,11
Captncold,area-52,1091,mage,frost,21,12,9
Moonfhang,azralon,1090,mage,frost,444,219,225
Coldfrønt,moon-guard,1089,mage,frost,54,23,31
Arcticsito,drakkari,1089,mage,frost,36,15,21
Dánó,lightbringer,1088,mage,frost,94,47,47
Esun,moon-guard,1088,mage,frost,36,17,19
Aulie,burning-blade,1087,mage,frost,24,12,12
Evierix,illidan,1086,mage,frost,181,87,94
Ralzarek,zuluhed,1085,mage,frost,30,15,15
Finanahs,sargeras,1084,mage,frost,43,28,15
Gradivous,emerald-dream,1084,mage,frost,133,63,70
Duhquarius,warsong,1084,mage,frost,66,30,36
Raxxor,muradin,1084,mage,frost,52,21,31
Chade,dunemaul,1083,mage,frost,96,40,56
Paintsicle,thunderlord,1082,mage,frost,58,26,32
Helcarwen,area-52,1081,mage,frost,31,13,18
Drumzter,ragnaros,1080,mage,frost,46,23,23
Maldine,tol-barad,1077,mage,frost,30,17,13
Corucia,echo-isles,1077,mage,frost,423,206,217
Hiona,illidan,1076,mage,frost,28,12,16
Kaël,area-52,1074,mage,frost,24,12,12
Huaerfei,thunderlord,1072,mage,frost,23,12,11
Mageeoh,bleeding-hollow,1072,mage,frost,47,15,32
Gryd,area-52,1070,mage,frost,88,43,45
Gelile,tichondrius,1070,mage,frost,86,40,46
Pizzle,perenolde,1069,mage,frost,76,38,38
Zould,alleria,1068,mage,frost,78,36,42
Mërlîn,barthilas,1066,mage,frost,36,13,23
Slot,kirin-tor,1062,mage,frost,36,13,23
Zehlks,garrosh,1060,mage,frost,48,21,27
Evieril,tichondrius,1058,mage,frost,24,14,10
Sigurð,khazgoroth,1058,mage,frost,48,22,26
Dealzy,malganis,1056,mage,frost,18,11,7
Corrmic,winterhoof,1056,mage,frost,146,70,76
Saydar,stormrage,1056,mage,frost,36,11,25
Decady,stormrage,1055,mage,frost,18,11,7
Dtrumpxx,illidan,1054,mage,frost,18,11,7
Doubledown,kiljaeden,1053,mage,frost,18,11,7
Badboykilla,dentarg,1053,mage,frost,27,12,15
Zstyle,frostmourne,1052,mage,frost,28,12,16
Juanmánce,quelthalas,1052,mage,frost,26,11,15
Xannymancan,tichondrius,1052,mage,frost,60,23,37
Coldshouldér,nerzhul,1051,mage,frost,24,11,13
Mogleys,stormreaver,1051,mage,frost,24,11,13
Zuqo,sargeras,1050,mage,frost,18,11,7
Vonfrmdao,illidan,1049,mage,frost,24,11,13
Klinkr,illidan,1049,mage,frost,30,11,19
Ggtoasted,thrall,1048,mage,frost,18,11,7
Percivaltp,scarlet-crusade,1048,mage,frost,24,11,13
Crimpster,illidan,1048,mage,frost,54,19,35
Queimabixo,azralon,1047,mage,frost,81,39,42
Åøe,tichondrius,1047,mage,frost,24,11,13
Hasty,emerald-dream,1047,mage,frost,35,12,23
Zibbo,ragnaros,1046,mage,frost,18,11,7
Drbloodmuscl,black-dragonflight,1046,mage,frost,52,24,28
Xûr,lightbringer,1046,mage,frost,37,12,25
Xoxmage,frostmourne,1045,mage,frost,120,62,58
Cäelüm,area-52,1045,mage,frost,30,11,19
Kickpollyplx,lothar,1044,mage,frost,18,11,7
Pyromaster,emerald-dream,1044,mage,frost,28,17,11
Leets,mugthol,1044,mage,frost,42,23,19
Magicke,azgalor,1042,mage,frost,23,14,9
Shenme,moon-guard,1041,mage,frost,26,11,15
Josemayer,nemesis,1038,mage,frost,30,14,16
Arkoz,tichondrius,1035,mage,frost,24,14,10
Pelvix,azralon,1034,mage,frost,18,11,7
Trentos,illidan,1033,mage,frost,54,29,25
Shizuno,emerald-dream,1033,mage,frost,24,11,13
Pugsmugg,icecrown,1032,mage,frost,49,13,36
Rankryman,quelthalas,1030,mage,frost,75,35,40
Vaius,proudmoore,1029,mage,frost,59,32,27
Sluagh,terenas,1028,mage,frost,64,30,34
Aurumpaleas,moon-guard,1028,mage,frost,30,14,16
Brashen,stormrage,1026,mage,frost,89,44,45
Niscra,nemesis,1026,mage,frost,40,12,28
Mugiara,azralon,1025,mage,frost,27,12,15
Nksbluedeath,area-52,1023,mage,frost,24,11,13
Brokser,quelthalas,1023,mage,frost,24,11,13
Merlinaa,ragnaros,1022,mage,frost,46,21,25
Frigginbeast,shattered-halls,1021,mage,frost,25,11,14
Soberstudent,nordrassil,1017,mage,frost,19,11,8
Codexzero,bleeding-hollow,1017,mage,frost,66,29,37
Squashfxz,tichondrius,1015,mage,frost,29,11,18
Kannim,sargeras,1014,mage,frost,125,58,67
Trollsita,thrall,1013,mage,frost,18,11,7
Briélla,area-52,1013,mage,frost,87,42,45
Tonepedo,zuljin,1013,mage,frost,30,12,18
Landard,exodar,1012,mage,frost,48,28,20
Voidera,wyrmrest-accord,1012,mage,frost,36,11,25
Rizzbot,sargeras,1005,mage,frost,75,27,48
Neacel,tichondrius,1004,mage,frost,24,11,13
Stankfreezer,thrall,1002,mage,frost,17,11,6
Trollings,azralon,1002,mage,frost,74,39,35
Oopsyourapig,darkspear,1002,mage,frost,66,26,40
Bigpinkies,korgath,1000,mage,frost,54,23,31
Keahiláni,area-52,997,mage,frost,46,20,26
Boldwarp,dalaran,997,mage,frost,59,22,37
Twirkin,proudmoore,996,mage,frost,83,38,45
Travarra,terenas,995,mage,frost,66,19,47
Craftin,sargeras,994,mage,frost,36,20,16
Jaymage,agamaggan,994,mage,frost,37,13,24
Ispell,tichondrius,993,mage,frost,36,22,14
Megapasta,illidan,989,mage,frost,23,11,12
Duwapkaine,sargeras,989,mage,frost,36,11,25
Sciona,suramar,988,mage,frost,213,97,116
Jayfunk,sargeras,984,mage,frost,23,11,12
Meliam,tichondrius,983,mage,frost,41,11,30
Oldpark,malganis,982,mage,frost,36,11,25
Bòóyah,muradin,980,mage,frost,40,21,19
Grudel,archimonde,979,mage,frost,41,21,20
Hugadoug,zuljin,977,mage,frost,42,13,29
Killerflaco,drakkari,977,mage,frost,36,11,25
Misfyre,malganis,976,mage,frost,58,25,33
Vynruki,area-52,974,mage,frost,54,26,28
Bootnet,drakkari,974,mage,frost,117,45,72
Dejavuh,dalaran,972,mage,frost,54,25,29
Rephlex,tichondrius,970,mage,frost,19,11,8
Bandagris,garrosh,969,mage,frost,33,14,19
Hhavok,scarlet-crusade,968,mage,frost,78,23,55
Tristania,archimonde,966,mage,frost,145,75,70
Cawyro,caelestrasz,964,mage,frost,137,69,68
Édika,area-52,963,mage,frost,30,11,19
Ceadruk,darkspear,962,mage,frost,48,20,28
Icehero,tichondrius,961,mage,frost,48,26,22
Torthie,burning-blade,960,mage,frost,12,10,2
Bigsplosions,kiljaeden,960,mage,frost,15,11,4
Thefridge,shadowmoon,960,mage,frost,18,10,8
Venruki,tichondrius,960,mage,frost,18,10,8
Tainx,frostmourne,960,mage,frost,18,10,8
Sylendron,area-52,959,mage,frost,18,10,8
Ntys,frostmourne,959,mage,frost,18,10,8
Legendkiller,bleeding-hollow,959,mage,frost,18,10,8
Arillius,malganis,959,mage,frost,18,10,8
Finnancy,stormrage,959,mage,frost,24,10,14
Skoals,thrall,959,mage,frost,35,11,24
Bigmêan,boulderfist,958,mage,frost,18,10,8
Vivàs,dalaran,958,mage,frost,18,10,8
Riverb,bleeding-hollow,958,mage,frost,24,10,14
Decamus,queldorei,958,mage,frost,24,10,14
Hylord,tichondrius,957,mage,frost,18,10,8
Zunyu,tichondrius,957,mage,frost,18,10,8
Perkaset,turalyon,957,mage,frost,24,10,14
Botoslàp,dragonmaw,956,mage,frost,18,10,8
Ehduh,onyxia,956,mage,frost,24,12,12
Zabaione,stormrage,956,mage,frost,34,13,21
Ranidos,area-52,955,mage,frost,18,10,8
Westii,illidan,955,mage,frost,30,10,20
Trízín,frostmourne,954,mage,frost,18,10,8
Magekingz,shattered-halls,954,mage,frost,91,41,50
Razkall,shattered-hand,954,mage,frost,24,10,14
Kahlandra,bloodscalp,954,mage,frost,24,10,14
Baultery,moon-guard,953,mage,frost,18,10,8
Bôsco,bleeding-hollow,953,mage,frost,34,17,17
Itension,tichondrius,952,mage,frost,18,10,8
Khrixa,illidan,952,mage,frost,132,61,71
Unmix,tichondrius,952,mage,frost,24,10,14
Mägï,tichondrius,951,mage,frost,18,10,8
Stinker,nazjatar,951,mage,frost,24,10,14
Abbyblink,illidan,950,mage,frost,18,10,8
Superoirity,trollbane,950,mage,frost,79,38,41
Diegoneally,bleeding-hollow,950,mage,frost,93,42,51
Keelaron,proudmoore,949,mage,frost,24,10,14
Rasmin,greymane,948,mage,frost,40,22,18
Marschubas,drakthul,948,mage,frost,125,59,66
Shírley,tichondrius,948,mage,frost,30,10,20
Redeyez,arthas,947,mage,frost,137,65,72
Putosucio,nordrassil,947,mage,frost,24,10,14
Airgumbo,illidan,946,mage,frost,19,11,8
Trevihl,malganis,945,mage,frost,24,10,14
Overfrost,terokkar,941,mage,frost,60,30,30
Onlyfansme,dalaran,939,mage,frost,18,10,8
Iesca,ragnaros,939,mage,frost,47,21,26
Harlloo,the-underbog,939,mage,frost,23,10,13
Dambea,tichondrius,938,mage,frost,23,11,12
Prometheus,crushridge,937,mage,frost,64,31,33
Loa,hydraxis,937,mage,frost,24,10,14
Magotom,ragnaros,934,mage,frost,18,10,8
Brynach,trollbane,934,mage,frost,138,69,69
Ärià,sargeras,926,mage,frost,18,10,8
Fireace,emerald-dream,922,mage,frost,17,10,7
Drpeppor,blades-edge,922,mage,frost,18,10,8
Fireblast,stormscale,922,mage,frost,41,16,25
Scár,blackrock,921,mage,frost,32,16,16
Raáiden,stormrage,921,mage,frost,72,30,42
Locasta,kirin-tor,918,mage,frost,24,11,13
Magemochi,dalaran,916,mage,frost,48,25,23
Nezarrek,sargeras,912,mage,frost,59,34,25
Shaynna,tichondrius,911,mage,frost,21,10,11
Mystics,dawnbringer,911,mage,frost,213,94,119
Moesel,emerald-dream,908,mage,frost,15,11,4
Leocius,daggerspine,906,mage,frost,23,10,13
Shahnazz,darkspear,906,mage,frost,29,12,17
Gtown,kelthuzad,905,mage,frost,29,11,18
Iceqube,drenden,903,mage,frost,14,11,3
Coldrin,tichondrius,901,mage,frost,30,12,18
Hékate,moon-guard,899,mage,frost,90,30,60
Halleph,nemesis,897,mage,frost,69,22,47
Imoen,zangarmarsh,895,mage,frost,66,28,38
Dieselonfire,the-venture-co,891,mage,frost,98,47,51
Mideon,whisperwind,883,mage,frost,89,41,48
Crankweigth,rivendare,883,mage,frost,122,56,66
Taylorrain,arthas,882,mage,frost,96,45,51
Mongera,bonechewer,867,mage,frost,98,48,50
Triambukh,grizzly-hills,867,mage,frost,36,17,19
Nalabb,illidan,864,mage,frost,12,9,3
Variex,tichondrius,864,mage,frost,12,9,3
Ihaveadream,proudmoore,864,mage,frost,12,9,3
Blurrs,illidan,864,mage,frost,12,9,3
Kaylemage,tichondrius,864,mage,frost,12,9,3
Benzos,eitrigg,864,mage,frost,12,9,3
Hyoonsfeet,stormrage,864,mage,frost,18,9,9
Ariezx,kelthuzad,864,mage,frost,18,9,9
Talibandzx,sargeras,864,mage,frost,24,9,15
Excentral,tichondrius,864,mage,frost,24,9,15
Frawzt,staghelm,864,mage,frost,48,14,34
Jottami,azralon,863,mage,frost,18,9,9
Lastiari,wyrmrest-accord,863,mage,frost,18,9,9
Blinkbotx,proudmoore,863,mage,frost,18,9,9
Derrek,icecrown,863,mage,frost,18,9,9
Blinkharder,stormrage,863,mage,frost,24,9,15
Benjamming,ragnaros,863,mage,frost,24,9,15
Cryyo,queldorei,862,mage,frost,18,9,9
Youngwiz,arthas,862,mage,frost,18,9,9
Boredomkïlls,burning-legion,862,mage,frost,18,9,9
Jodebabss,dalaran,862,mage,frost,18,9,9
Faire,stonemaul,862,mage,frost,18,9,9
Neomage,elune,862,mage,frost,22,9,13
Lazyxx,lightninghoof,862,mage,frost,24,9,15
Tunax,tichondrius,862,mage,frost,24,9,15
Corinthiax,wyrmrest-accord,862,mage,frost,24,9,15
Kevinfan,area-52,862,mage,frost,24,9,15
Converseqt,stormrage,862,mage,frost,30,9,21
Numb,trollbane,861,mage,frost,24,9,15
Anaclaraa,nemesis,861,mage,frost,24,9,15
Zioxoxo,tichondrius,861,mage,frost,30,9,21
Fruza,emerald-dream,860,mage,frost,16,10,6
Pimbidingi,quelthalas,860,mage,frost,18,9,9
Bootygoats,emerald-dream,859,mage,frost,18,9,9
Pantsbeard,illidan,859,mage,frost,30,9,21
Billionnaire,tichondrius,858,mage,frost,12,9,3
Oogabooga,lethon,858,mage,frost,18,9,9
Frðstítutè,tichondrius,858,mage,frost,24,9,15
Cùrtiñ,tichondrius,858,mage,frost,30,9,21
Telios,azralon,857,mage,frost,16,10,6
Tundraga,malganis,857,mage,frost,18,9,9
Shadomijin,bronzebeard,857,mage,frost,65,31,34
Plasmah,saurfang,856,mage,frost,18,9,9
Sparklmotion,cenarius,856,mage,frost,24,9,15
Smoney,icecrown,855,mage,frost,18,9,9
Palmwhite,malganis,854,mage,frost,18,9,9
Dathoe,laughing-skull,853,mage,frost,18,9,9
Hýdro,ghostlands,853,mage,frost,24,9,15
Kaboozles,area-52,853,mage,frost,24,9,15
Deadlysok,barthilas,852,mage,frost,42,18,24
Naoz,ragnaros,851,mage,frost,18,9,9
Babbushka,thrall,850,mage,frost,24,9,15
Eisson,hyjal,846,mage,frost,23,9,14
Freezu,jubeithos,845,mage,frost,23,9,14
Mellyni,hakkar,844,mage,frost,24,9,15
Pyromager,thrall,839,mage,frost,21,10,11
Pândàfæçé,ghostlands,839,mage,frost,22,10,12
Jarethleon,ragnaros,837,mage,frost,21,11,10
Âürõrâ,firetree,834,mage,frost,24,9,15
Itoncruxy,tichondrius,825,mage,frost,69,30,39
Triplegg,proudmoore,822,mage,frost,39,17,22
Blync,emerald-dream,821,mage,frost,18,9,9
Casualboy,skullcrusher,815,mage,frost,23,9,14
Summey,tichondrius,815,mage,frost,29,9,20
Twiztidwitch,burning-legion,808,mage,frost,35,11,24
Homodilf,blackrock,807,mage,frost,36,14,22
Oharvestero,illidan,805,mage,frost,29,10,19
Ratrider,dreadmaul,800,mage,frost,50,21,29
Zionist,earthen-ring,796,mage,frost,14,9,5
Lünâliä,thunderlord,796,mage,frost,20,10,10
Critique,malorne,792,mage,frost,75,36,39
Powder,lightninghoof,783,mage,frost,24,12,12
Luxfumante,azralon,778,mage,frost,84,38,46
Pandazed,stormscale,768,mage,frost,12,8,4
Elwynnforest,sargeras,768,mage,frost,12,8,4
Pipendselloy,boulderfist,768,mage,frost,12,8,4
Bajaoreily,zangarmarsh,768,mage,frost,12,8,4
Sipher,boulderfist,768,mage,frost,12,8,4
Eyesofrage,tichondrius,768,mage,frost,12,8,4
Frightmare,sargeras,768,mage,frost,12,8,4
Wiztopher,frostmourne,768,mage,frost,12,8,4
Brandonlol,area-52,768,mage,frost,12,8,4
Wizarts,ragnaros,768,mage,frost,12,8,4
Nefm,frostmourne,768,mage,frost,12,8,4
Muskybiggie,bleeding-hollow,768,mage,frost,18,8,10
Yeetcannøn,illidan,768,mage,frost,18,8,10
Dead,nemesis,768,mage,frost,18,8,10
Blinkinghobo,sargeras,768,mage,frost,18,8,10
Stinkyblinky,bleeding-hollow,768,mage,frost,18,8,10
Mcdude,kiljaeden,768,mage,frost,18,8,10
Magibe,thrall,768,mage,frost,18,8,10
Georgian,malfurion,768,mage,frost,18,8,10
Magnificaxd,area-52,768,mage,frost,24,8,16
Topsmagey,sargeras,768,mage,frost,99,31,68
Mokelovinwtf,tichondrius,767,mage,frost,12,8,4
Mempool,darkspear,767,mage,frost,12,8,4
Nôtôrious,thrall,767,mage,frost,12,8,4
Magicmaster,quelthalas,767,mage,frost,12,8,4
Crvarla,tichondrius,767,mage,frost,12,8,4
Léras,stormrage,767,mage,frost,12,8,4
Vonte,elune,767,mage,frost,12,8,4
Frosttwoop,moon-guard,767,mage,frost,12,8,4
Seeumaybe,proudmoore,767,mage,frost,12,8,4
Qtqq,malganis,767,mage,frost,18,8,10
Slowmobius,tichondrius,767,mage,frost,18,8,10
Pollylol,proudmoore,767,mage,frost,18,8,10
Turfburn,malganis,767,mage,frost,18,8,10
Keiiox,ragnaros,767,mage,frost,18,8,10
Halimage,zuljin,767,mage,frost,18,8,10
Kohvera,frostmourne,767,mage,frost,18,8,10
Vamplol,tichondrius,767,mage,frost,18,8,10
Wickymorph,barthilas,767,mage,frost,18,8,10
Staytrill,stormreaver,767,mage,frost,18,8,10
Badiatorr,alterac-mountains,767,mage,frost,24,8,16
Failzy,darkspear,767,mage,frost,24,8,16
Centrika,emerald-dream,767,mage,frost,24,8,16
Azuth,maelstrom,766,mage,frost,12,8,4
Teloiv,malganis,766,mage,frost,12,8,4
Morti,sargeras,766,mage,frost,18,8,10
Strêss,kelthuzad,766,mage,frost,18,8,10
Barcilas,proudmoore,766,mage,frost,24,8,16
Goymage,illidan,766,mage,frost,24,8,16
Moonpie,frostmane,765,mage,frost,12,8,4
Moonwater,vashj,765,mage,frost,18,8,10
Assasix,tichondrius,765,mage,frost,54,19,35
Emelian,barthilas,765,mage,frost,24,8,16
Raynark,nemesis,764,mage,frost,18,8,10
Snowjôb,illidan,764,mage,frost,24,8,16
Wiknuk,anvilmar,763,mage,frost,24,8,16
Inumano,laughing-skull,762,mage,frost,19,8,11
Ràisens,stormscale,755,mage,frost,12,8,4
Scmage,exodar,755,mage,frost,18,8,10
Icepickk,blackwater-raiders,752,mage,frost,12,8,4
Hoecakez,tichondrius,749,mage,frost,17,9,8
Artruis,detheroc,748,mage,frost,12,8,4
Spazzticblur,frostwolf,746,mage,frost,97,41,56
Bandmaid,emerald-dream,736,mage,frost,16,9,7
Cowwboydan,malganis,735,mage,frost,14,9,5
Phalkore,dalaran,735,mage,frost,16,8,8
Omegablink,sargeras,734,mage,frost,17,8,9
Lirahmi,quelthalas,730,mage,frost,23,8,15
Silverstrza,gnomeregan,726,mage,frost,18,8,10
Heca,tichondrius,719,mage,frost,11,8,3
Borntomage,sargeras,719,mage,frost,15,9,6
Rathrizar,emerald-dream,717,mage,frost,60,23,37
Rositajonez,terenas,714,mage,frost,17,9,8
Scarlin,proudmoore,703,mage,frost,11,8,3
Bmõ,stormrage,702,mage,frost,14,8,6
Renthalar,area-52,696,mage,frost,34,8,26
Coldbrute,blood-furnace,690,mage,frost,24,8,16
Vasq,area-52,690,mage,frost,26,8,18
Cölossus,gorefiend,681,mage,frost,13,8,5
Mushys,stormrage,672,mage,frost,12,7,5
Emvepee,sargeras,672,mage,frost,12,7,5
Myfamilygpie,nazgrel,672,mage,frost,12,7,5
Emmagosa,moon-guard,672,mage,frost,12,7,5
Legelance,malganis,672,mage,frost,12,7,5
Proximalol,tichondrius,672,mage,frost,12,7,5
Fakewizard,frostmane,672,mage,frost,12,7,5
Elfvis,deathwing,672,mage,frost,12,7,5
Toteypotter,frostmourne,672,mage,frost,12,7,5
Kogin,thrall,672,mage,frost,12,7,5
Chriglol,black-dragonflight,672,mage,frost,12,7,5
Crnomage,area-52,672,mage,frost,12,7,5
Criandria,lightbringer,672,mage,frost,12,7,5
Neovim,stormrage,672,mage,frost,12,7,5
Frostynips,argent-dawn,672,mage,frost,12,7,5
Playtimex,proudmoore,672,mage,frost,12,7,5
Lillb,bleeding-hollow,672,mage,frost,18,7,11
Xàr,ragnaros,672,mage,frost,18,7,11
Licklix,tichondrius,672,mage,frost,18,7,11
Arynnwyll,chogall,672,mage,frost,18,7,11
Parapio,tichondrius,672,mage,frost,24,7,17
Fortemage,tichondrius,672,mage,frost,24,7,17
Tychìs,bleeding-hollow,671,mage,frost,12,7,5
Hermiønie,quelthalas,671,mage,frost,12,7,5
Blinksz,korgath,671,mage,frost,12,7,5
Rekys,black-dragonflight,671,mage,frost,12,7,5
Khaziiong,scilla,671,mage,frost,12,7,5
Nihilitý,malganis,671,mage,frost,12,7,5
Supremeboxer,tichondrius,671,mage,frost,12,7,5
Tokiaro,tortheldrin,671,mage,frost,12,7,5
Snoogma,illidan,671,mage,frost,12,7,5
Malafar,kilrogg,671,mage,frost,12,7,5
Arittamordio,sargeras,671,mage,frost,15,8,7
Msspelld,turalyon,671,mage,frost,14,7,7
Astrømagè,tichondrius,671,mage,frost,18,8,10
Trixxen,korgath,671,mage,frost,18,7,11
Elemenopi,thrall,671,mage,frost,18,7,11
Nickygift,tichondrius,671,mage,frost,18,7,11
Leonrr,tichondrius,671,mage,frost,18,7,11
Kasparhausar,garithos,671,mage,frost,18,7,11
Chestbrah,whisperwind,671,mage,frost,18,7,11
Tmo,mannoroth,671,mage,frost,18,7,11
Shãy,area-52,671,mage,frost,18,7,11
Netix,tichondrius,671,mage,frost,24,7,17
Kidfurry,wyrmrest-accord,670,mage,frost,12,7,5
Tchass,skullcrusher,670,mage,frost,12,7,5
Daveslayz,dalaran,670,mage,frost,12,7,5
Talikuta,thrall,670,mage,frost,18,7,11
Syura,ragnaros,670,mage,frost,18,7,11
Magickus,korgath,670,mage,frost,18,7,11
Xenagozs,antonidas,670,mage,frost,21,7,14
Banída,stormrage,669,mage,frost,12,7,5
Criticalness,illidan,669,mage,frost,12,7,5
Havôc,malorne,669,mage,frost,12,7,5
Shinneex,ragnaros,669,mage,frost,18,7,11
Dchee,nerzhul,669,mage,frost,18,7,11
Myle,magtheridon,668,mage,frost,18,7,11
Xarmog,tichondrius,668,mage,frost,24,7,17
Nohealani,dragonmaw,667,mage,frost,15,8,7
Uppity,nazjatar,666,mage,frost,12,7,5
Aumar,shandris,665,mage,frost,9,8,1
Nnexus,azralon,665,mage,frost,18,7,11
Tigoditties,emerald-dream,662,mage,frost,12,7,5
Boxslinger,illidan,649,mage,frost,31,7,24
Asthar,ursin,647,mage,frost,35,7,28
Winstonchill,zuljin,640,mage,frost,16,7,9
Grausum,tichondrius,638,mage,frost,16,7,9
Ganbito,ragnaros,623,mage,frost,11,7,4
Leeandroo,quelthalas,623,mage,frost,17,7,10
Krip,boulderfist,608,mage,frost,16,7,9
Ghili,tichondrius,607,mage,frost,11,7,4
Ghrámz,stormrage,607,mage,frost,16,7,9
Ineedashave,shandris,606,mage,frost,20,7,13
Parruka,warsong,605,mage,frost,26,7,19
Piixxiie,sargeras,601,mage,frost,14,7,7
Emìlia,malygos,576,mage,frost,6,6,0
Wabï,tichondrius,576,mage,frost,12,6,6
Cozmose,tichondrius,576,mage,frost,12,6,6
Ingrumatig,tichondrius,576,mage,frost,12,6,6
Johncxvii,sargeras,576,mage,frost,12,6,6
Röcçö,tichondrius,576,mage,frost,12,6,6
Alludèd,illidan,576,mage,frost,12,6,6
Vamage,goldrinn,576,mage,frost,12,6,6
Dezz,gilneas,576,mage,frost,12,6,6
Angelsarebad,illidan,576,mage,frost,12,6,6
Manadart,quelthalas,576,mage,frost,12,6,6
Celia,area-52,576,mage,frost,12,6,6
Genko,illidan,576,mage,frost,12,6,6
Saymenre,tichondrius,576,mage,frost,12,6,6
Wetsocks,alexstrasza,576,mage,frost,12,6,6
Sheepyamum,tichondrius,576,mage,frost,12,6,6
Phuzadd,tichondrius,576,mage,frost,12,6,6
Vritus,emerald-dream,576,mage,frost,12,6,6
Slicktrik,area-52,576,mage,frost,12,6,6
Vixsiona,illidan,576,mage,frost,12,6,6
Médith,ragnaros,576,mage,frost,12,6,6
Meendy,tichondrius,576,mage,frost,12,6,6
Oab,proudmoore,576,mage,frost,12,6,6
Lunchfirst,tichondrius,576,mage,frost,12,6,6
Timmomage,stormrage,576,mage,frost,12,6,6
Anacreado,illidan,576,mage,frost,12,6,6
Lemonicee,sargeras,576,mage,frost,12,6,6
Azraël,zuljin,576,mage,frost,13,6,7
Bustercraft,kelthuzad,576,mage,frost,18,6,12
Fatalexo,tichondrius,576,mage,frost,18,6,12
Magidius,stormrage,576,mage,frost,18,6,12
Nexttmage,area-52,576,mage,frost,18,6,12
Butterybuck,mannoroth,576,mage,frost,18,6,12
Krazemagi,stormrage,576,mage,frost,18,6,12
Avavava,thaurissan,576,mage,frost,18,6,12
Fromcanada,tichondrius,576,mage,frost,18,6,12
Polymorphlol,queldorei,576,mage,frost,24,6,18
Estymage,tichondrius,575,mage,frost,12,6,6
Lisaerys,dalaran,575,mage,frost,12,6,6
Cosï,ragnaros,575,mage,frost,12,6,6
Casual,arthas,575,mage,frost,12,6,6
Bloodpumper,thrall,575,mage,frost,12,6,6
Damitmage,azralon,575,mage,frost,15,7,8
Rieltar,barthilas,575,mage,frost,18,6,12
Eyce,bleeding-hollow,575,mage,frost,18,6,12
Lucidgaze,bonechewer,575,mage,frost,18,6,12
Snowyj,khaz-modan,575,mage,frost,19,6,13
Nimingcn,tichondrius,575,mage,frost,24,6,18
Millions,jubeithos,575,mage,frost,24,6,18
Blockpartyy,area-52,574,mage,frost,12,6,6
Kalzak,hyjal,574,mage,frost,12,6,6
Irrandina,moon-guard,574,mage,frost,12,6,6
Maagão,azralon,574,mage,frost,18,6,12
Bartholomew,lothar,574,mage,frost,18,6,12
Lincepotter,quelthalas,574,mage,frost,18,6,12
Srloko,azralon,574,mage,frost,24,6,18
Litiria,burning-blade,573,mage,frost,18,6,12
Sohotritenow,malganis,573,mage,frost,18,6,12
Sodrezinn,illidan,571,mage,frost,12,6,6
Sarahfrost,stormrage,571,mage,frost,12,6,6
Joxar,nordrassil,571,mage,frost,13,6,7
Frostitutex,malfurion,571,mage,frost,18,6,12
Monstermage,madoran,571,mage,frost,18,6,12
Eatmyfritter,stonemaul,570,mage,frost,12,6,6
Zirge,vashj,570,mage,frost,18,6,12
Freyia,mugthol,569,mage,frost,18,6,12
Astrocx,sargeras,559,mage,frost,17,6,11
Issabellx,frostmourne,558,mage,frost,17,6,11
Nãtsû,illidan,543,mage,frost,11,6,5
Fernanxd,quelthalas,542,mage,frost,16,6,10
Soundcloud,barthilas,527,mage,frost,9,6,3
Gadalka,frostmourne,527,mage,frost,11,6,5
Ozwauld,emerald-dream,526,mage,frost,11,6,5
Ktp,tichondrius,522,mage,frost,15,7,8
Jooss,quelthalas,521,mage,frost,18,7,11
Pidge,aggramar,519,mage,frost,22,6,16
Alladen,anubarak,518,mage,frost,15,7,8
Tatersmaccs,sargeras,517,mage,frost,20,7,13
Emieralol,tichondrius,512,mage,frost,10,6,4
Ereblink,proudmoore,511,mage,frost,11,6,5
Korisaurus,tichondrius,496,mage,frost,13,6,7
Wnrfrost,stormrage,480,mage,frost,6,5,1
Hansol,farstriders,480,mage,frost,6,5,1
Genos,quelthalas,480,mage,frost,6,5,1
Flavaflame,mugthol,480,mage,frost,6,5,1
Buffmages,malfurion,480,mage,frost,6,5,1
Leaso,tichondrius,480,mage,frost,6,5,1
Melkdud,wyrmrest-accord,480,mage,frost,6,5,1
Dasanimomo,sargeras,480,mage,frost,6,5,1
Fromcanadaqc,zuljin,480,mage,frost,6,5,1
Magerat,icecrown,480,mage,frost,6,5,1
Roggitman,emerald-dream,480,mage,frost,6,5,1
Alorbas,hakkar,480,mage,frost,6,5,1
Pkf,tichondrius,480,mage,frost,6,5,1
Littlefun,tichondrius,480,mage,frost,6,5,1
Veritas,wildhammer,480,mage,frost,10,6,4
Jarvase,mugthol,480,mage,frost,10,6,4
Emppty,tichondrius,480,mage,frost,12,5,7
Kunxs,proudmoore,480,mage,frost,12,5,7
Armaluna,tichondrius,480,mage,frost,12,5,7
Zime,moon-guard,480,mage,frost,12,5,7
Adronicus,tichondrius,480,mage,frost,12,5,7
Legendary,deathwing,480,mage,frost,12,5,7
Hustle,frostmourne,480,mage,frost,12,5,7
Combustya,khazgoroth,480,mage,frost,12,5,7
Alijre,sargeras,480,mage,frost,12,5,7
Frostymilk,tichondrius,480,mage,frost,12,5,7
Vkkz,sargeras,480,mage,frost,12,5,7
Gadwick,alexstrasza,480,mage,frost,12,5,7
Iceyhott,bloodhoof,480,mage,frost,12,5,7
Nunezz,mannoroth,480,mage,frost,12,5,7
Kev,sentinels,480,mage,frost,12,5,7
Kayenri,area-52,480,mage,frost,12,5,7
Siobhána,moon-guard,480,mage,frost,12,5,7
Niccha,cenarion-circle,480,mage,frost,12,5,7
Qqubit,jubeithos,480,mage,frost,12,5,7
Pyrod,tichondrius,480,mage,frost,12,5,7
Tëy,zuljin,480,mage,frost,12,5,7
Qordix,tichondrius,480,mage,frost,12,5,7
Foodfish,bleeding-hollow,480,mage,frost,12,5,7
Frostyßamf,kiljaeden,480,mage,frost,12,5,7
Mageporn,emerald-dream,480,mage,frost,12,5,7
Doodledew,bleeding-hollow,480,mage,frost,12,5,7
Starguy,terenas,480,mage,frost,12,5,7
Freezerburnz,illidan,480,mage,frost,12,5,7
Wordd,malganis,480,mage,frost,12,5,7
Vires,kelthuzad,480,mage,frost,12,5,7
Peppachini,shadow-council,480,mage,frost,12,5,7
Icetomeetyu,bleeding-hollow,480,mage,frost,12,5,7
Asönia,illidan,480,mage,frost,13,5,8
Icebish,skullcrusher,480,mage,frost,18,5,13
Artty,velen,480,mage,frost,18,5,13
Tekilaa,zuljin,480,mage,frost,18,5,13
Steefers,arygos,480,mage,frost,18,5,13
Dreddpool,barthilas,480,mage,frost,18,5,13
Bibidi,emerald-dream,480,mage,frost,18,5,13
Kutulu,aerie-peak,480,mage,frost,18,5,13
Damadness,kiljaeden,480,mage,frost,24,5,19
Sand,malganis,479,mage,frost,6,5,1
Zugmage,stormrage,479,mage,frost,6,5,1
Gheãn,azralon,479,mage,frost,6,5,1
Mikwam,proudmoore,479,mage,frost,6,5,1
Phazora,suramar,479,mage,frost,12,5,7
Dwazam,lothar,479,mage,frost,12,5,7
Excelcion,bloodscalp,479,mage,frost,12,5,7
Grimreefer,trollbane,479,mage,frost,12,5,7
Frostburned,thrall,479,mage,frost,12,5,7
Cezax,frostmourne,479,mage,frost,12,5,7
Nachtt,sargeras,479,mage,frost,12,5,7
Icesickle,barthilas,479,mage,frost,12,5,7
Seranaxx,illidan,479,mage,frost,12,5,7
Kpoppin,stormrage,479,mage,frost,12,5,7
Odinzz,azralon,479,mage,frost,12,5,7
Arkangreen,ragnaros,479,mage,frost,21,6,15
Tofublock,barthilas,479,mage,frost,18,5,13
Friedtuna,daggerspine,479,mage,frost,24,5,19
Suprido,illidan,478,mage,frost,15,6,9
Tandallyn,silvermoon,477,mage,frost,6,5,1
Magodelphi,azralon,477,mage,frost,6,5,1
Rawrxd,kiljaeden,477,mage,frost,12,5,7
Ejavuday,bloodscalp,477,mage,frost,12,5,7
Eretik,ragnaros,477,mage,frost,36,5,31
Colddevil,hyjal,476,mage,frost,19,5,14
Claddagh,kelthuzad,473,mage,frost,12,5,7
Polyblart,hyjal,446,mage,frost,10,6,4
Barkäi,ragnaros,432,mage,frost,15,5,10
Cerisium,kiljaeden,431,mage,frost,11,5,6
Daimadoshi,sargeras,429,mage,frost,15,5,10
Ÿenizä,illidan,425,mage,frost,17,8,9
Aggrosheep,tichondrius,416,mage,frost,10,5,5
Itrinketair,area-52,415,mage,frost,11,5,6
Quinnfreeze,boulderfist,414,mage,frost,11,5,6
Pew,dathremar,399,mage,frost,7,5,2
Zhyva,quelthalas,384,mage,frost,6,4,2
Digitalhoax,area-52,384,mage,frost,6,4,2
Zokorzik,area-52,384,mage,frost,6,4,2
Polymedaddi,tichondrius,384,mage,frost,6,4,2
Respektwaman,tichondrius,384,mage,frost,6,4,2
Xiaoxiaochu,tichondrius,384,mage,frost,6,4,2
Putridìty,thrall,384,mage,frost,6,4,2
Cewchí,tichondrius,384,mage,frost,6,4,2
Jamesper,tichondrius,384,mage,frost,6,4,2
Mèduså,tichondrius,384,mage,frost,6,4,2
Pingafire,tichondrius,384,mage,frost,6,4,2
Eýraz,quelthalas,384,mage,frost,6,4,2
Lampert,tichondrius,384,mage,frost,6,4,2
Myrondor,tichondrius,384,mage,frost,6,4,2
Turbobones,tichondrius,384,mage,frost,6,4,2
Gai,lightnings-blade,384,mage,frost,6,4,2
Çhíllßrõ,tichondrius,384,mage,frost,6,4,2
Expozed,icecrown,384,mage,frost,6,4,2
Frostkage,tichondrius,384,mage,frost,6,4,2
Voiddude,proudmoore,384,mage,frost,6,4,2
Diamondx,ragnaros,384,mage,frost,6,4,2
Poonfarmer,zangarmarsh,384,mage,frost,6,4,2
Zolix,malganis,384,mage,frost,6,4,2
Tesserae,malganis,384,mage,frost,6,4,2
Morôdin,area-52,384,mage,frost,6,4,2
Timelorde,malganis,384,mage,frost,6,4,2
Belven,proudmoore,384,mage,frost,6,4,2
Lohkey,darkspear,384,mage,frost,6,4,2
Vixm,stormrage,384,mage,frost,6,4,2
Kälis,zuljin,384,mage,frost,6,4,2
Arkane,barthilas,384,mage,frost,6,4,2
Ratfather,the-forgotten-coast,384,mage,frost,6,4,2
Orissan,stormrage,384,mage,frost,6,4,2
Dashdoor,stormrage,384,mage,frost,6,4,2
Julzx,hyjal,384,mage,frost,6,4,2
Udmx,zuljin,384,mage,frost,6,4,2
Sydne,ysera,384,mage,frost,6,4,2
Hocusjokus,frostmourne,384,mage,frost,6,4,2
Neverbroke,illidan,384,mage,frost,6,4,2
Frobo,mannoroth,384,mage,frost,6,4,2
Zgodspeedz,stormrage,384,mage,frost,6,4,2
Schwab,warsong,384,mage,frost,6,4,2
Pzaz,moon-guard,384,mage,frost,6,4,2
Drmarauder,cenarius,384,mage,frost,6,4,2
Frostedtips,hakkar,384,mage,frost,6,4,2
Sealedfate,executus,384,mage,frost,11,4,7
Îùx,stormrage,384,mage,frost,12,4,8
Clerene,area-52,384,mage,frost,12,4,8
Aangx,stormrage,384,mage,frost,12,4,8
Darthez,darkspear,384,mage,frost,12,4,8
Ädderäll,area-52,384,mage,frost,12,4,8
Novokaine,area-52,384,mage,frost,12,4,8
Horizons,moon-guard,384,mage,frost,12,4,8
Grawmp,thunderlord,384,mage,frost,12,4,8
Yippmagus,area-52,384,mage,frost,12,4,8
Makius,area-52,384,mage,frost,12,4,8
Splocke,azralon,384,mage,frost,12,4,8
Yeuxbleus,tichondrius,384,mage,frost,12,4,8
Cuthhere,malganis,384,mage,frost,12,4,8
Natashaeb,wyrmrest-accord,384,mage,frost,12,4,8
Gusmaged,stormrage,384,mage,frost,12,4,8
Timêrmórk,kalecgos,384,mage,frost,12,4,8
Slurpey,moon-guard,384,mage,frost,12,4,8
Arcanatos,emerald-dream,384,mage,frost,12,4,8
Cruxx,ragnaros,384,mage,frost,12,4,8
Erlendr,moon-guard,384,mage,frost,12,4,8
Fishfood,bleeding-hollow,384,mage,frost,12,4,8
Jazen,quelthalas,384,mage,frost,12,4,8
Caseyjelly,tichondrius,384,mage,frost,12,4,8
Frostongue,azralon,384,mage,frost,12,4,8
Dallamar,frostwolf,384,mage,frost,12,4,8
Stefan,malganis,384,mage,frost,12,4,8
Badaszbich,tichondrius,384,mage,frost,12,4,8
Noxx,burning-legion,384,mage,frost,12,4,8
Hemm,nemesis,384,mage,frost,12,4,8
Meduka,proudmoore,384,mage,frost,12,4,8
Smeigol,sargeras,384,mage,frost,12,4,8
Coldcaster,mugthol,384,mage,frost,12,4,8
Oneminute,tichondrius,384,mage,frost,12,4,8
Wuzzo,tichondrius,384,mage,frost,12,4,8
Gemaicy,sargeras,384,mage,frost,12,4,8
Cradic,tichondrius,384,mage,frost,12,4,8
Themageguy,eitrigg,384,mage,frost,12,4,8
Teemage,drakthul,384,mage,frost,12,4,8
Silentsoul,argent-dawn,384,mage,frost,12,4,8
Fantabulous,korgath,384,mage,frost,14,4,10
Antiquesis,ragnaros,384,mage,frost,17,4,13
Fullmetal,jaedenar,384,mage,frost,18,4,14
Snanth,black-dragonflight,384,mage,frost,18,4,14
Rolypolyman,tichondrius,384,mage,frost,24,4,20
Vinnxs,sargeras,383,mage,frost,6,4,2
Elconfi,ragnaros,383,mage,frost,6,4,2
Softbody,barthilas,383,mage,frost,6,4,2
Alfaomega,ragnaros,383,mage,frost,12,4,8
Gattî,tichondrius,383,mage,frost,12,4,8
Undersky,tichondrius,383,mage,frost,12,4,8
Xzude,korgath,383,mage,frost,12,4,8
Aranict,saurfang,383,mage,frost,12,4,8
Skazzbomb,nerzhul,383,mage,frost,12,4,8
Abstractgoat,tichondrius,383,mage,frost,12,4,8
Cynafox,moon-guard,383,mage,frost,12,4,8
Robinesque,moon-guard,383,mage,frost,12,4,8
Viccluvin,stormrage,383,mage,frost,12,4,8
Walterror,bleeding-hollow,383,mage,frost,12,4,8
Erickthewise,bleeding-hollow,383,mage,frost,12,4,8
Preckwinkle,moon-guard,383,mage,frost,14,4,10
Brezman,tichondrius,382,mage,frost,12,4,8
Kuni,ghostlands,382,mage,frost,12,4,8
Georgez,ragnaros,382,mage,frost,20,4,16
Zoninsasseo,tichondrius,381,mage,frost,12,4,8
Eirwan,illidan,379,mage,frost,12,4,8
Chillxout,daggerspine,367,mage,frost,11,4,7
Ject,ragnaros,367,mage,frost,17,4,13
Alfaflux,nemesis,366,mage,frost,17,4,13
Eanur,azralon,352,mage,frost,16,4,12
Freezeup,area-52,349,mage,frost,14,7,7
Titsncoke,proudmoore,336,mage,frost,9,4,5
Jizzlez,tichondrius,335,mage,frost,11,4,7
Sheephappens,nemesis,330,mage,frost,8,5,3
Devkek,area-52,330,mage,frost,22,7,15
Icëblöck,ysera,329,mage,frost,6,5,1
Enchantress,wyrmrest-accord,320,mage,frost,10,4,6
Lezafort,area-52,320,mage,frost,16,4,12
Extremeways,tichondrius,319,mage,frost,5,4,1
Schishmage,archimonde,319,mage,frost,8,4,4
Crøwgawd,tichondrius,304,mage,frost,7,4,3
Orangemilk,hyjal,288,mage,frost,6,3,3
Killemz,dragonmaw,288,mage,frost,6,3,3
Illúmi,moon-guard,288,mage,frost,6,3,3
Thxo,hyjal,288,mage,frost,6,3,3
Icecreamboy,tichondrius,288,mage,frost,6,3,3
Cbm,dalaran,288,mage,frost,6,3,3
Isuikido,nemesis,288,mage,frost,6,3,3
Gobstpper,nagrand,288,mage,frost,6,3,3
Murderlin,tichondrius,288,mage,frost,6,3,3
Drippymack,sargeras,288,mage,frost,6,3,3
Partygawd,frostmane,288,mage,frost,6,3,3
Nalla,nerzhul,288,mage,frost,6,3,3
Kqlyy,tichondrius,288,mage,frost,6,3,3
Magicianqt,tichondrius,288,mage,frost,6,3,3
Coldkite,tichondrius,288,mage,frost,6,3,3
Atwyxn,illidan,288,mage,frost,6,3,3
Arckonite,tichondrius,288,mage,frost,6,3,3
Wasc,kelthuzad,288,mage,frost,6,3,3
Felsparkles,area-52,288,mage,frost,6,3,3
Peptobismo,shuhalo,288,mage,frost,6,3,3
Betaduck,bleeding-hollow,288,mage,frost,6,3,3
Mäz,malorne,288,mage,frost,6,3,3
Simpleorz,tichondrius,288,mage,frost,6,3,3
Lilsake,sargeras,288,mage,frost,6,3,3
Dragonie,nordrassil,288,mage,frost,6,3,3
Dcup,quelthalas,288,mage,frost,6,3,3
Whøîsýoû,kelthuzad,288,mage,frost,6,3,3
Urbadxd,llane,288,mage,frost,6,3,3
Natallyn,stormrage,288,mage,frost,6,3,3
Benisp,stormrage,288,mage,frost,6,3,3
Dikyschitts,tichondrius,288,mage,frost,6,3,3
Conjurecandy,barthilas,288,mage,frost,6,3,3
Índís,ragnaros,288,mage,frost,6,3,3
Whatthesheep,sargeras,288,mage,frost,6,3,3
Baybespice,malganis,288,mage,frost,6,3,3
Hadesmage,illidan,288,mage,frost,6,3,3
Bønemage,azralon,288,mage,frost,6,3,3
Toastmg,tichondrius,288,mage,frost,6,3,3
Feldt,korgath,288,mage,frost,6,3,3
Dubyaj,tichondrius,288,mage,frost,6,3,3
Gadarian,wyrmrest-accord,288,mage,frost,6,3,3
Jaklinburton,stormrage,288,mage,frost,6,3,3
Frostytits,spirestone,288,mage,frost,6,3,3
Floppcity,bleeding-hollow,288,mage,frost,6,3,3
Nofoodforu,thrall,288,mage,frost,6,3,3
Diminisher,agamaggan,288,mage,frost,6,3,3
Shiryu,thrall,288,mage,frost,6,3,3
Gpie,jubeithos,288,mage,frost,6,3,3
Fredcouples,tichondrius,288,mage,frost,6,3,3
Abruaa,area-52,288,mage,frost,6,3,3
Tessarìon,tichondrius,288,mage,frost,6,3,3
Cinnablast,darkspear,288,mage,frost,6,3,3
Oomoo,malganis,288,mage,frost,6,3,3
Liamfrost,stormrage,288,mage,frost,6,3,3
Undeadmerlin,zuljin,288,mage,frost,6,3,3
Personah,darkspear,288,mage,frost,6,3,3
Packaged,emerald-dream,288,mage,frost,6,3,3
Tônks,emerald-dream,288,mage,frost,6,3,3
Honchó,velen,288,mage,frost,6,3,3
Dìus,malganis,288,mage,frost,6,3,3
Dersão,azralon,288,mage,frost,6,3,3
Endlesspain,moon-guard,288,mage,frost,6,3,3
Dylantroll,tichondrius,288,mage,frost,6,3,3
Coneofkony,bleeding-hollow,288,mage,frost,6,3,3
Skermage,moon-guard,288,mage,frost,6,3,3
Krililin,stormrage,288,mage,frost,6,3,3
Frostwizard,area-52,288,mage,frost,6,3,3
Crojanglez,darkspear,288,mage,frost,6,3,3
Pyroseraph,bleeding-hollow,288,mage,frost,6,3,3
Freezypeazy,bleeding-hollow,288,mage,frost,6,3,3
Vértigô,illidan,288,mage,frost,6,3,3
Tasarion,mannoroth,288,mage,frost,6,3,3
Cruelhabbits,tichondrius,288,mage,frost,6,3,3
Omorto,illidan,288,mage,frost,6,3,3
Dotznsheep,zuljin,288,mage,frost,6,3,3
Kryptekk,area-52,288,mage,frost,6,3,3
Blâzer,nazjatar,288,mage,frost,6,3,3
Midmage,tichondrius,288,mage,frost,6,3,3
Címegripe,stormrage,288,mage,frost,6,3,3
Níro,zuljin,288,mage,frost,6,3,3
Zukoprince,azralon,288,mage,frost,6,3,3
Weewhimsy,wyrmrest-accord,288,mage,frost,6,3,3
Faeylyn,stormrage,288,mage,frost,9,4,5
Etyx,tichondrius,288,mage,frost,10,4,6
Baskal,area-52,288,mage,frost,13,4,9
Herzthroh,stormrage,288,mage,frost,12,3,9
Äntistar,emerald-dream,288,mage,frost,12,3,9
Shaizy,stormrage,288,mage,frost,12,3,9
Damagicman,sargeras,288,mage,frost,12,3,9
Frstysnogirl,silvermoon,288,mage,frost,12,3,9
Littleguzto,garrosh,288,mage,frost,12,3,9
Chukii,darkspear,288,mage,frost,12,3,9
Bootyclapper,shadowmoon,288,mage,frost,12,3,9
Frostcakes,quelthalas,288,mage,frost,12,3,9
Stormfrieza,tichondrius,288,mage,frost,12,3,9
Argyron,fizzcrank,288,mage,frost,12,3,9
Rabeiro,tichondrius,288,mage,frost,12,3,9
Trozkov,dalaran,288,mage,frost,12,3,9
Elaro,moon-guard,288,mage,frost,12,3,9
Momilk,blood-furnace,288,mage,frost,12,3,9
Technique,tichondrius,288,mage,frost,12,3,9
Aderia,gorefiend,288,mage,frost,12,3,9
Radakos,emerald-dream,288,mage,frost,12,3,9
Vyyp,echo-isles,288,mage,frost,12,3,9
Castermuffin,stormrage,288,mage,frost,12,3,9
Rmprmprmp,tichondrius,288,mage,frost,12,3,9
Houdiinii,illidan,288,mage,frost,12,3,9
Sintirklass,stormrage,288,mage,frost,12,3,9
Draell,drakkari,288,mage,frost,12,3,9
Gattmage,illidan,288,mage,frost,12,3,9
Anuub,kelthuzad,288,mage,frost,12,3,9
Grynthwzrd,stormrage,288,mage,frost,12,3,9
Linadeslayer,chogall,288,mage,frost,12,3,9
Ròÿ,area-52,288,mage,frost,12,3,9
Levalol,aggramar,288,mage,frost,12,3,9
Nøzotica,kelthuzad,288,mage,frost,12,3,9
Hqscoltt,azralon,288,mage,frost,12,3,9
Sukaretto,illidan,288,mage,frost,12,3,9
Hozlu,kiljaeden,288,mage,frost,12,3,9
Fingeredx,zuljin,288,mage,frost,12,3,9
Ezchallenger,undermine,288,mage,frost,12,3,9
Albbano,tichondrius,288,mage,frost,12,3,9
Jimmygibbler,illidan,288,mage,frost,12,3,9
Worldonfire,ragnaros,288,mage,frost,12,3,9
Psychodelic,warsong,288,mage,frost,12,3,9
Exonerate,mannoroth,288,mage,frost,18,3,15
Tracemaker,emerald-dream,288,mage,frost,18,3,15
Applemage,ragnaros,287,mage,frost,6,3,3
Voidmagic,shadowmoon,287,mage,frost,6,3,3
Anarchistaa,hellscream,287,mage,frost,6,3,3
Gufi,drakkari,287,mage,frost,6,3,3
Shimotama,malganis,287,mage,frost,6,3,3
Pyroflakes,darkspear,287,mage,frost,6,3,3
Clausolas,ragnaros,287,mage,frost,6,3,3
Tuxx,tichondrius,287,mage,frost,12,3,9
Greidenn,sargeras,287,mage,frost,18,3,15
Cheapped,emerald-dream,271,mage,frost,12,4,8
Chuekona,ragnaros,256,mage,frost,10,3,7
Taevy,tichondrius,256,mage,frost,10,3,7
Magemoney,area-52,239,mage,frost,5,3,2
Ricopoly,frostmourne,239,mage,frost,5,3,2
Arielak,kelthuzad,239,mage,frost,5,3,2
Drewann,draenor,239,mage,frost,5,3,2
Unydae,frostmourne,239,mage,frost,5,3,2
Cheyz,onyxia,239,mage,frost,5,3,2
Synëx,illidan,239,mage,frost,5,3,2
Itsoveryo,jubeithos,239,mage,frost,11,3,8
Korishi,malfurion,239,mage,frost,11,3,8
Kizran,frostmourne,239,mage,frost,11,3,8
Saberi,sargeras,234,mage,frost,8,4,4
Skerei,azralon,234,mage,frost,19,4,15
Brôcolîni,zuljin,233,mage,frost,11,4,7
Kajiuro,bleeding-hollow,224,mage,frost,10,3,7
Kinrow,stormrage,223,mage,frost,14,3,11
Ophian,shattered-hand,222,mage,frost,8,3,5
Thebraveonee,frostmourne,220,mage,frost,14,3,11
Rayricefan,blood-furnace,192,mage,frost,4,3,1
Onioneyes,area-52,192,mage,frost,4,3,1
Ryusuke,thrall,192,mage,frost,6,2,4
Bluishhue,thrall,192,mage,frost,6,2,4
Ess,tichondrius,192,mage,frost,6,2,4
Quesomancer,illidan,192,mage,frost,6,2,4
Portapoly,tichondrius,192,mage,frost,6,2,4
Magegpt,illidan,192,mage,frost,6,2,4
Avicci,shattered-halls,192,mage,frost,6,2,4
Kzm,illidan,192,mage,frost,6,2,4
Mpmage,azralon,192,mage,frost,6,2,4
Thebrain,twisting-nether,192,mage,frost,6,2,4
Firehawk,azralon,192,mage,frost,6,2,4
Cantblocklul,baelgun,192,mage,frost,6,2,4
Sachetti,thrall,192,mage,frost,6,2,4
Chronica,gundrak,192,mage,frost,6,2,4
Shivamode,thrall,192,mage,frost,6,2,4
Weedzird,thrall,192,mage,frost,6,2,4
Choctøp,frostmourne,192,mage,frost,6,2,4
Fleët,tichondrius,192,mage,frost,6,2,4
Airsickjet,kiljaeden,192,mage,frost,6,2,4
Kammany,thrall,192,mage,frost,6,2,4
Wyss,azralon,192,mage,frost,6,2,4
Sourx,doomhammer,192,mage,frost,6,2,4
Nomidian,area-52,192,mage,frost,6,2,4
Uhh,blackrock,192,mage,frost,6,2,4
Purkinji,bleeding-hollow,192,mage,frost,6,2,4
Iguanodon,proudmoore,192,mage,frost,6,2,4
Pichle,dalaran,192,mage,frost,6,2,4
Chelseâ,emerald-dream,192,mage,frost,6,2,4
Velenel,nordrassil,192,mage,frost,6,2,4
Korky,dalvengyr,192,mage,frost,6,2,4
Getmaged,bleeding-hollow,192,mage,frost,6,2,4
Arkuran,proudmoore,192,mage,frost,6,2,4
Iampainn,kiljaeden,192,mage,frost,6,2,4
Jurgers,tichondrius,192,mage,frost,6,2,4
Astelila,emerald-dream,192,mage,frost,6,2,4
Diveana,quelthalas,192,mage,frost,6,2,4
Elvin,frostmourne,192,mage,frost,6,2,4
Jainamommy,emerald-dream,192,mage,frost,6,2,4
Elfmage,tichondrius,192,mage,frost,6,2,4
Blînxx,bleeding-hollow,192,mage,frost,6,2,4
Undeadmager,nerzhul,192,mage,frost,6,2,4
Rubybest,tichondrius,192,mage,frost,6,2,4
Audacy,sargeras,192,mage,frost,6,2,4
Urmagesty,daggerspine,192,mage,frost,6,2,4
Indignatio,arthas,192,mage,frost,6,2,4
Magichammer,arthas,192,mage,frost,6,2,4
Snortmeth,area-52,192,mage,frost,6,2,4
Gradmage,proudmoore,192,mage,frost,6,2,4
Essare,illidan,192,mage,frost,6,2,4
Thiccoff,sargeras,192,mage,frost,6,2,4
Xü,stormrage,192,mage,frost,6,2,4
Brapture,dalaran,192,mage,frost,6,2,4
Vortex,fenris,192,mage,frost,6,2,4
Elhechizero,quelthalas,192,mage,frost,6,2,4
Elfoe,sargeras,192,mage,frost,6,2,4
Raidem,dalaran,192,mage,frost,6,2,4
Roarly,stonemaul,192,mage,frost,6,2,4
Hawx,stormrage,192,mage,frost,6,2,4
Arcayo,thrall,192,mage,frost,6,2,4
Tswiz,tichondrius,192,mage,frost,6,2,4
Mager,dentarg,192,mage,frost,6,2,4
Earff,kiljaeden,192,mage,frost,6,2,4
Vailor,whisperwind,192,mage,frost,6,2,4
Echoz,frostmourne,192,mage,frost,6,2,4
Sparqablink,tichondrius,192,mage,frost,6,2,4
Daxiongmiao,frostmourne,192,mage,frost,6,2,4
Anyahs,tichondrius,192,mage,frost,6,2,4
Massivepoo,barthilas,192,mage,frost,6,2,4
Dansr,stormrage,192,mage,frost,6,2,4
Smók,ragnaros,192,mage,frost,6,2,4
Magiaguarra,ragnaros,192,mage,frost,6,2,4
Cottonmage,malganis,192,mage,frost,6,2,4
Rapidmage,malganis,192,mage,frost,6,2,4
Afknz,frostmourne,192,mage,frost,6,2,4
Vallfire,malganis,192,mage,frost,6,2,4
Lokko,malganis,192,mage,frost,6,2,4
Icechew,area-52,192,mage,frost,6,2,4
Magio,kelthuzad,192,mage,frost,6,2,4
Chale,tichondrius,192,mage,frost,6,2,4
Kârén,aggramar,192,mage,frost,6,2,4
Biillionaire,frostmourne,192,mage,frost,6,2,4
Ðreyr,stormrage,192,mage,frost,6,2,4
Aeroclouda,stormrage,192,mage,frost,6,2,4
Fïtz,quelthalas,192,mage,frost,6,2,4
Goondalf,malganis,192,mage,frost,6,2,4
Mageethot,moon-guard,192,mage,frost,6,2,4
Whiteyx,saurfang,192,mage,frost,6,2,4
Magika,area-52,192,mage,frost,6,2,4
Sophrates,burning-blade,192,mage,frost,6,2,4
Myzzl,kelthuzad,192,mage,frost,6,2,4
Pyröz,kelthuzad,192,mage,frost,6,2,4
Dansustus,kelthuzad,192,mage,frost,6,2,4
Ayci,velen,192,mage,frost,6,2,4
Rhoody,kelthuzad,192,mage,frost,6,2,4
Toastsmage,tichondrius,192,mage,frost,6,2,4
Seraey,moon-guard,192,mage,frost,6,2,4
Karameltart,barthilas,192,mage,frost,6,2,4
Sãmi,amanthul,192,mage,frost,6,2,4
Crazytime,tichondrius,192,mage,frost,6,2,4
Laryluvstien,tichondrius,192,mage,frost,6,2,4
Bertburaat,barthilas,192,mage,frost,6,2,4
Tanedos,tichondrius,192,mage,frost,6,2,4
Dmgperseç,tichondrius,192,mage,frost,6,2,4
Stìnkfîst,tichondrius,192,mage,frost,6,2,4
Sahlokinn,stormrage,192,mage,frost,6,2,4
Lilbabyx,stormrage,192,mage,frost,6,2,4
Sahaquiel,tichondrius,192,mage,frost,6,2,4
Khaosflare,stormrage,192,mage,frost,6,2,4
Biscobush,turalyon,192,mage,frost,10,3,7
Røcco,azralon,192,mage,frost,7,2,5
Clickhard,suramar,192,mage,frost,9,2,7
Nayfrost,emerald-dream,192,mage,frost,10,2,8
Alode,moon-guard,192,mage,frost,12,2,10
Dylanpickles,darkspear,192,mage,frost,12,2,10
Joare,area-52,192,mage,frost,12,2,10
Camstein,area-52,192,mage,frost,12,2,10
Rán,spirestone,192,mage,frost,12,2,10
Twizz,haomarush,192,mage,frost,12,2,10
Zerg,fenris,192,mage,frost,12,2,10
Zyzzmirin,barthilas,192,mage,frost,12,2,10
Krazsus,tichondrius,192,mage,frost,12,2,10
Mônstâ,thrall,192,mage,frost,12,2,10
Molassess,illidan,192,mage,frost,12,2,10
Lemmepoly,illidan,192,mage,frost,12,2,10
Shwack,boulderfist,192,mage,frost,12,2,10
Mendittorosa,tichondrius,192,mage,frost,12,2,10
Èvilmage,blackrock,192,mage,frost,12,2,10
Dashonthany,arthas,192,mage,frost,12,2,10
Ironwolft,tichondrius,192,mage,frost,12,2,10
Kahldyn,stormrage,191,mage,frost,4,3,1
Hense,stormrage,191,mage,frost,6,2,4
Stillborn,lethon,191,mage,frost,6,2,4
Impersonator,silvermoon,191,mage,frost,6,2,4
Bittérs,tichondrius,191,mage,frost,6,2,4
Blakus,tichondrius,159,mage,frost,6,3,3
Frosteddiks,shattered-halls,159,mage,frost,5,2,3
Wizzyx,illidan,159,mage,frost,5,2,3
Csx,turalyon,144,mage,frost,3,3,0
Erudit,tichondrius,144,mage,frost,15,2,13
Shardgodx,kelthuzad,138,mage,frost,8,4,4
Shirouzentt,ragnaros,138,mage,frost,6,3,3
Shatterhoes,sargeras,138,mage,frost,8,3,5
Firèballin,tichondrius,128,mage,frost,4,2,2
Máximus,illidan,128,mage,frost,4,2,2
Idamnedu,crushridge,128,mage,frost,4,2,2
Dercydeaegis,nemesis,127,mage,frost,5,3,2
Goingmassive,frostmourne,127,mage,frost,4,2,2
Proviet,frostmourne,127,mage,frost,8,2,6
Sillycole,emerald-dream,96,mage,frost,3,2,1
Thôrsena,sargeras,96,mage,frost,3,2,1
Ñõxx,sargeras,96,mage,frost,6,1,5
Coolhandz,tichondrius,96,mage,frost,6,1,5
Gohonn,emerald-dream,96,mage,frost,6,1,5
Sky,lightnings-blade,96,mage,frost,6,1,5
Hruine,chogall,96,mage,frost,6,1,5
Meekolina,gilneas,96,mage,frost,6,1,5
Begirothas,tichondrius,96,mage,frost,6,1,5
Sùblimation,tichondrius,96,mage,frost,6,1,5
Ichirou,stormrage,96,mage,frost,6,1,5
Mazark,ghostlands,96,mage,frost,6,1,5
Quickwizard,tichondrius,96,mage,frost,6,1,5
Kattyy,drakkari,96,mage,frost,6,1,5
Freezy,ghostlands,96,mage,frost,6,1,5
Ogfresh,area-52,96,mage,frost,6,1,5
Yeonmok,tichondrius,96,mage,frost,6,1,5
Magiho,azjolnerub,96,mage,frost,6,1,5
Pikoda,azralon,96,mage,frost,6,1,5
Tmi,darkspear,96,mage,frost,6,1,5
Grandpapi,arthas,96,mage,frost,6,1,5
Gnòmêrcy,kelthuzad,96,mage,frost,6,1,5
Jayaßallard,emerald-dream,96,mage,frost,6,1,5
Dukdukdukduk,moon-guard,96,mage,frost,6,1,5
Kylelol,emerald-dream,96,mage,frost,6,1,5
Cafemagia,stormrage,96,mage,frost,6,1,5
Mïzzfreeze,haomarush,96,mage,frost,6,1,5
Lowskill,sargeras,96,mage,frost,6,1,5
Ushgusmapus,khazgoroth,96,mage,frost,6,1,5
Neverworks,tichondrius,96,mage,frost,6,1,5
Themose,sargeras,96,mage,frost,6,1,5
Alunarassra,tichondrius,96,mage,frost,6,1,5
Theflyshop,bleeding-hollow,96,mage,frost,6,1,5
Oring,tichondrius,96,mage,frost,6,1,5
Truewinter,tichondrius,96,mage,frost,6,1,5
Adrazell,sargeras,96,mage,frost,6,1,5
Amoa,stormrage,96,mage,frost,6,1,5
Ricter,hyjal,96,mage,frost,6,1,5
Javliin,sargeras,96,mage,frost,6,1,5
Zuhbo,moon-guard,96,mage,frost,6,1,5
Shíiro,bleeding-hollow,96,mage,frost,6,1,5
Thewizârd,stormrage,96,mage,frost,6,1,5
Beerandmagic,zuljin,96,mage,frost,6,1,5
Majx,eldrethalas,96,mage,frost,6,1,5
Kaoz,emerald-dream,96,mage,frost,6,1,5
Fookz,malganis,96,mage,frost,6,1,5
Magicdro,scilla,96,mage,frost,6,1,5
Aerodynamiq,area-52,96,mage,frost,6,1,5
Doodleydoo,dragonmaw,96,mage,frost,6,1,5
Daêgon,area-52,96,mage,frost,6,1,5
Furrblock,tichondrius,96,mage,frost,6,1,5
Magicmom,wyrmrest-accord,96,mage,frost,6,1,5
Futuristax,azralon,96,mage,frost,6,1,5
Ëfc,nemesis,96,mage,frost,6,1,5
Hopewingss,drakkari,96,mage,frost,6,1,5
Heztus,area-52,96,mage,frost,6,1,5
Ârcano,ragnaros,96,mage,frost,6,1,5
Bramicaye,illidan,96,mage,frost,6,1,5
Professor,khadgar,96,mage,frost,6,1,5
Daltene,zuljin,96,mage,frost,6,1,5
Freezze,malganis,96,mage,frost,6,1,5
Gíldrin,proudmoore,96,mage,frost,6,1,5
Soulbite,barthilas,96,mage,frost,6,1,5
Loopsyliu,stormrage,96,mage,frost,6,1,5
Åpollous,frostmourne,96,mage,frost,6,1,5
Pirne,executus,96,mage,frost,6,1,5
Fadedfire,area-52,96,mage,frost,6,1,5
Geekm,frostmourne,96,mage,frost,6,1,5
Aghnez,illidan,96,mage,frost,6,1,5
Muskinite,maiev,96,mage,frost,6,1,5
Pblastdatass,stormrage,96,mage,frost,6,1,5
Mastacombust,illidan,96,mage,frost,6,1,5
Pyrofrost,stonemaul,96,mage,frost,6,1,5
Scarrgon,wyrmrest-accord,96,mage,frost,6,1,5
Spik,sargeras,96,mage,frost,6,1,5
Absentbrain,stormrage,96,mage,frost,6,1,5
Michaelbust,tichondrius,96,mage,frost,6,1,5
Twizzlerz,executus,96,mage,frost,6,1,5
Braelynn,frostwolf,96,mage,frost,6,1,5
Phils,lightbringer,96,mage,frost,7,1,6
Thiccness,hydraxis,96,mage,frost,12,1,11
Shizdain,zuljin,96,mage,frost,12,1,11
Ldc,kelthuzad,96,mage,frost,12,1,11
Gastonius,quelthalas,96,mage,frost,12,1,11
Vensyr,stormrage,96,mage,frost,12,1,11
Taladas,suramar,96,mage,frost,12,1,11
Carmile,azralon,96,mage,frost,12,1,11
Jmanpk,stormrage,96,mage,frost,12,1,11
Tema,daggerspine,96,mage,frost,12,1,11
Zei,bleeding-hollow,96,mage,frost,12,1,11
Bøndu,zuljin,96,mage,frost,12,1,11
Pyrophobia,mannoroth,96,mage,frost,12,1,11
Voxbluvine,hakkar,96,mage,frost,18,1,17
Icemaker,destromath,95,mage,frost,18,1,17
Notria,illidan,79,mage,frost,5,1,4
Disjunction,zuljin,79,mage,frost,5,1,4
Ventiarcana,area-52,79,mage,frost,5,1,4
Buckybever,illidan,79,mage,frost,11,1,10
Frostybihh,bonechewer,64,mage,frost,4,1,3
Unclekyle,skullcrusher,48,mage,frost,3,1,2
Tink,shattered-hand,48,mage,frost,3,1,2
Lv,stormscale,48,mage,frost,9,1,8
Seinon,frostmourne,42,mage,frost,6,2,4
Jiblemynippl,illidan,42,mage,frost,7,2,5
Kushjointz,tichondrius,42,mage,frost,11,3,8
ßlínkÿ,tichondrius,42,mage,frost,13,3,10
Tzifardem,azshara,42,mage,frost,15,3,12
Fizzlepops,kiljaeden,31,mage,frost,2,1,1
Çhillyy,stormrage,31,mage,frost,2,1,1
Shiniceman,skywall,31,mage,frost,2,1,1
Mysticallx,sargeras,2314,monk,mistweaver,90,59,31
Akkiira,sargeras,2310,monk,mistweaver,159,91,68
Dannycarey,tichondrius,2307,monk,mistweaver,96,69,27
Mãsterpõ,tichondrius,2303,monk,mistweaver,379,208,171
Réðçräñé,sargeras,2302,monk,mistweaver,84,57,27
Dãnwun,tichondrius,2284,monk,mistweaver,102,63,39
Sharkpiggie,illidan,2283,monk,mistweaver,102,66,36
Akkiraa,sargeras,2283,monk,mistweaver,107,67,40
Raddxd,illidan,2282,monk,mistweaver,113,78,35
Sharkpiglet,illidan,2282,monk,mistweaver,237,150,87
Woezx,stormreaver,2264,monk,mistweaver,68,47,21
Linlol,tichondrius,2257,monk,mistweaver,478,278,200
Dowsk,tichondrius,2247,monk,mistweaver,124,78,46
Meepmonk,tichondrius,2246,monk,mistweaver,120,73,47
Zenjj,thorium-brotherhood,2228,monk,mistweaver,327,186,141
Actualcrime,tichondrius,2223,monk,mistweaver,96,54,42
Cuteballs,tichondrius,2222,monk,mistweaver,123,73,50
Weavied,sargeras,2215,monk,mistweaver,156,84,72
Stinkycok,tichondrius,2214,monk,mistweaver,84,54,30
Ringofpeace,sargeras,2211,monk,mistweaver,66,45,21
Canghaimonk,tichondrius,2201,monk,mistweaver,269,140,129
Nakedidiot,kelthuzad,2198,monk,mistweaver,162,100,62
Garbagemonk,scilla,2197,monk,mistweaver,229,137,92
Canghaigg,tichondrius,2194,monk,mistweaver,156,100,56
Yasysy,tichondrius,2172,monk,mistweaver,93,56,37
Dro,khadgar,2170,monk,mistweaver,78,46,32
Jetnoob,sargeras,2170,monk,mistweaver,301,166,135
Ðrägønéyèz,malygos,2168,monk,mistweaver,211,119,92
Cool,crushridge,2167,monk,mistweaver,126,75,51
Jep,tichondrius,2165,monk,mistweaver,156,97,59
Yangzai,tichondrius,2162,monk,mistweaver,163,93,70
Parodies,illidan,2162,monk,mistweaver,109,57,52
Idiotgriefer,tichondrius,2161,monk,mistweaver,112,61,51
Wingchungus,sargeras,2158,monk,mistweaver,77,55,22
Sloppyroppy,tichondrius,2154,monk,mistweaver,113,66,47
Flarks,area-52,2151,monk,mistweaver,155,80,75
Pragma,kiljaeden,2148,monk,mistweaver,90,55,35
Mêlon,tichondrius,2147,monk,mistweaver,58,42,16
Wolf,shattered-hand,2145,monk,mistweaver,65,39,26
Igriefidiots,tichondrius,2145,monk,mistweaver,149,85,64
Secdog,tichondrius,2145,monk,mistweaver,90,46,44
Moonym,frostmourne,2144,monk,mistweaver,80,48,32
Hernameplz,proudmoore,2144,monk,mistweaver,171,92,79
Griefgodx,tichondrius,2143,monk,mistweaver,116,67,49
Vramonk,area-52,2141,monk,mistweaver,115,64,51
Furiousfrank,stormrage,2140,monk,mistweaver,114,70,44
Moremoretea,tichondrius,2140,monk,mistweaver,87,53,34
Boogstyle,malganis,2138,monk,mistweaver,217,120,97
Purgenm,tichondrius,2137,monk,mistweaver,120,66,54
Quitw,tichondrius,2136,monk,mistweaver,91,50,41
Nohandslost,blackrock,2136,monk,mistweaver,240,122,118
Crunchyrollx,tichondrius,2135,monk,mistweaver,66,49,17
Xeus,darkspear,2133,monk,mistweaver,60,38,22
Woggitie,jubeithos,2129,monk,mistweaver,68,45,23
Taichí,tichondrius,2127,monk,mistweaver,303,157,146
Brewtankx,tichondrius,2126,monk,mistweaver,107,66,41
Wheatsli,malganis,2126,monk,mistweaver,138,81,57
Gothèels,illidan,2123,monk,mistweaver,78,46,32
Timermørk,kalecgos,2122,monk,mistweaver,139,86,53
Slunka,tichondrius,2121,monk,mistweaver,72,42,30
Illify,tichondrius,2119,monk,mistweaver,96,64,32
Yokuu,thunderlord,2117,monk,mistweaver,90,53,37
Yogapantsx,area-52,2117,monk,mistweaver,86,47,39
Mcoos,tichondrius,2116,monk,mistweaver,270,162,108
Kicub,emerald-dream,2115,monk,mistweaver,84,44,40
Oblivæon,tichondrius,2114,monk,mistweaver,78,47,31
Heywhatsup,emerald-dream,2114,monk,mistweaver,108,54,54
Itzokinlol,malganis,2113,monk,mistweaver,120,73,47
Firewatches,emerald-dream,2113,monk,mistweaver,72,42,30
Nilox,sargeras,2113,monk,mistweaver,299,163,136
Tekuto,tichondrius,2112,monk,mistweaver,174,109,65
Moldboy,area-52,2112,monk,mistweaver,75,45,30
Fúrùkáùntà,sargeras,2111,monk,mistweaver,62,41,21
Punchgodx,greymane,2111,monk,mistweaver,138,80,58
Ccain,stormrage,2111,monk,mistweaver,145,78,67
Proghouse,illidan,2111,monk,mistweaver,238,127,111
Oliveirarr,tichondrius,2108,monk,mistweaver,416,217,199
Pandacottoca,azralon,2107,monk,mistweaver,132,88,44
Strugglebus,sargeras,2107,monk,mistweaver,84,54,30
Yangroumo,tichondrius,2107,monk,mistweaver,179,103,76
Kris,llane,2105,monk,mistweaver,122,72,50
Lodbork,tichondrius,2105,monk,mistweaver,268,149,119
Praggers,proudmoore,2105,monk,mistweaver,198,104,94
Nezly,sargeras,2104,monk,mistweaver,197,99,98
Gameníne,tichondrius,2103,monk,mistweaver,72,42,30
Chifang,elune,2102,monk,mistweaver,181,118,63
Esqu,sargeras,2102,monk,mistweaver,66,42,24
Benneroy,moon-guard,2102,monk,mistweaver,54,34,20
Millé,frostmourne,2102,monk,mistweaver,84,52,32
Cmonkey,turalyon,2102,monk,mistweaver,130,80,50
Waggìes,moon-guard,2101,monk,mistweaver,83,50,33
Shadmw,barthilas,2100,monk,mistweaver,72,50,22
Pandacottoco,azralon,2100,monk,mistweaver,126,71,55
Elvenmonk,frostmane,2094,monk,mistweaver,78,45,33
Natalié,caelestrasz,2093,monk,mistweaver,143,83,60
Originull,darkspear,2086,monk,mistweaver,131,72,59
Hydroz,dethecus,2080,monk,mistweaver,101,56,45
Vaemonka,stormrage,2077,monk,mistweaver,231,133,98
Elcidw,tichondrius,2069,monk,mistweaver,45,26,19
Ekol,tichondrius,2068,monk,mistweaver,137,86,51
Damogen,spinebreaker,2066,monk,mistweaver,77,43,34
Søpra,zuljin,2065,monk,mistweaver,257,149,108
Nerf,malganis,2054,monk,mistweaver,53,35,18
Meepmonk,kilrogg,2052,monk,mistweaver,90,52,38
Oldmanswirl,mugthol,2052,monk,mistweaver,174,96,78
Tyliyah,tichondrius,2051,monk,mistweaver,65,43,22
Emoeres,kelthuzad,2051,monk,mistweaver,146,71,75
Nfm,cairne,2048,monk,mistweaver,239,132,107
Wpola,tichondrius,2046,monk,mistweaver,90,57,33
Wagfu,moon-guard,2045,monk,mistweaver,70,40,30
Gogumamonk,tichondrius,2044,monk,mistweaver,192,94,98
Zuhak,tichondrius,2043,monk,mistweaver,108,61,47
Ezqueue,area-52,2042,monk,mistweaver,42,31,11
Postmark,tichondrius,2042,monk,mistweaver,257,136,121
Cnww,tichondrius,2039,monk,mistweaver,102,61,41
Mlngo,illidan,2038,monk,mistweaver,78,44,34
Aleuzraz,illidan,2037,monk,mistweaver,72,42,30
Brazfu,skullcrusher,2036,monk,mistweaver,170,98,72
Zhoku,tichondrius,2036,monk,mistweaver,106,60,46
Peege,kelthuzad,2033,monk,mistweaver,405,239,166
Neuron,spirestone,2033,monk,mistweaver,56,30,26
Fizzlefarmer,moon-guard,2031,monk,mistweaver,89,54,35
Nesoween,tichondrius,2031,monk,mistweaver,230,127,103
Hdyww,tichondrius,2030,monk,mistweaver,240,137,103
Àvríam,stormrage,2029,monk,mistweaver,211,101,110
Friendshipx,emerald-dream,2028,monk,mistweaver,60,41,19
Wamitah,sargeras,2026,monk,mistweaver,42,29,13
Cmonktwo,turalyon,2026,monk,mistweaver,78,41,37
Xdfu,stormrage,2025,monk,mistweaver,137,84,53
Breadweaver,malganis,2025,monk,mistweaver,120,57,63
Danarolls,spirestone,2024,monk,mistweaver,143,72,71
Zukki,zuljin,2023,monk,mistweaver,287,156,131
Taeeun,tichondrius,2021,monk,mistweaver,111,64,47
Flavier,illidan,2020,monk,mistweaver,72,41,31
Thet,sargeras,2020,monk,mistweaver,206,105,101
Chadweave,moon-guard,2019,monk,mistweaver,637,333,304
Triixxy,thrall,2018,monk,mistweaver,101,64,37
Brewsome,bloodhoof,2018,monk,mistweaver,118,65,53
Vinnyd,tichondrius,2017,monk,mistweaver,63,40,23
Youstop,stormrage,2016,monk,mistweaver,210,122,88
Venfuki,tichondrius,2016,monk,mistweaver,96,53,43
Aiswalle,illidan,2015,monk,mistweaver,62,39,23
Kristië,stormrage,2015,monk,mistweaver,109,66,43
Confa,ragnaros,2015,monk,mistweaver,401,205,196
Gellindra,malganis,2012,monk,mistweaver,78,56,22
Sillyguy,stormrage,2010,monk,mistweaver,149,96,53
Cmonk,turalyon,2010,monk,mistweaver,58,34,24
Shlunks,illidan,2010,monk,mistweaver,357,202,155
Huaren,tichondrius,2007,monk,mistweaver,173,94,79
Sypìì,stormrage,2007,monk,mistweaver,144,77,67
Bungfist,stormrage,2006,monk,mistweaver,41,29,12
Tonyboloney,tichondrius,2006,monk,mistweaver,54,35,19
Crypomunkz,malganis,2005,monk,mistweaver,108,57,51
Jakethegreat,moknathal,2004,monk,mistweaver,217,124,93
Vaen,kelthuzad,2004,monk,mistweaver,197,104,93
Dancah,eitrigg,2002,monk,mistweaver,59,32,27
Voidstate,stormrage,2002,monk,mistweaver,137,74,63
Assez,tichondrius,2002,monk,mistweaver,91,48,43
Bhoredom,kiljaeden,2001,monk,mistweaver,212,113,99
Soprà,zuljin,1998,monk,mistweaver,97,60,37
Tyrfan,sargeras,1994,monk,mistweaver,154,84,70
Timbomist,kelthuzad,1990,monk,mistweaver,133,76,57
Kaylux,stormrage,1989,monk,mistweaver,66,37,29
Dampdampdamp,tichondrius,1988,monk,mistweaver,42,35,7
Mxf,tichondrius,1988,monk,mistweaver,84,50,34
Leetcoder,tichondrius,1987,monk,mistweaver,225,134,91
Chimme,skywall,1987,monk,mistweaver,215,117,98
Lépøissøn,tichondrius,1986,monk,mistweaver,91,53,38
Yepcocc,lightbringer,1985,monk,mistweaver,59,36,23
Loudpäck,dalaran,1984,monk,mistweaver,123,81,42
Ssamoo,tichondrius,1981,monk,mistweaver,148,103,45
Jiwå,terenas,1980,monk,mistweaver,804,408,396
Khylu,kelthuzad,1976,monk,mistweaver,42,30,12
Thèwy,tichondrius,1976,monk,mistweaver,89,51,38
Ilovefrogs,stormrage,1974,monk,mistweaver,90,46,44
Martiálfarts,malganis,1973,monk,mistweaver,42,30,12
Itsbald,bleeding-hollow,1969,monk,mistweaver,200,112,88
Liltuna,icecrown,1968,monk,mistweaver,42,26,16
Xzeer,illidan,1966,monk,mistweaver,65,44,21
Ònó,quelthalas,1966,monk,mistweaver,73,44,29
Hawainpunch,stormscale,1961,monk,mistweaver,90,53,37
Zaqqari,wyrmrest-accord,1961,monk,mistweaver,138,72,66
Poscom,tichondrius,1958,monk,mistweaver,221,140,81
Suamw,tichondrius,1958,monk,mistweaver,144,71,73
Pai,sargeras,1957,monk,mistweaver,72,43,29
Snuggubae,moon-guard,1957,monk,mistweaver,292,162,130
Speedcapped,area-52,1956,monk,mistweaver,144,70,74
Paperfist,stormrage,1955,monk,mistweaver,138,95,43
Zaçh,frostmane,1955,monk,mistweaver,54,29,25
Hafezassad,illidan,1954,monk,mistweaver,48,23,25
Crispeel,tichondrius,1951,monk,mistweaver,69,45,24
Coomweaver,stormrage,1950,monk,mistweaver,60,33,27
Cangry,area-52,1950,monk,mistweaver,77,41,36
Morzmyth,nemesis,1950,monk,mistweaver,357,176,181
Milkshayx,kiljaeden,1949,monk,mistweaver,66,41,25
Astrino,zuljin,1948,monk,mistweaver,54,37,17
Ekn,tichondrius,1945,monk,mistweaver,66,45,21
Zamist,sargeras,1945,monk,mistweaver,108,64,44
Xcrispy,scilla,1944,monk,mistweaver,85,51,34
Shùù,tichondrius,1944,monk,mistweaver,77,46,31
Eluka,tichondrius,1942,monk,mistweaver,65,38,27
Earlyybiirdd,sargeras,1940,monk,mistweaver,78,49,29
Bearmode,wyrmrest-accord,1940,monk,mistweaver,48,30,18
Melonmuncher,duskwood,1940,monk,mistweaver,150,85,65
Baychiz,sargeras,1940,monk,mistweaver,84,46,38
Wetchickennz,tichondrius,1940,monk,mistweaver,184,100,84
Monknutt,tichondrius,1939,monk,mistweaver,105,59,46
Orbgodx,darkspear,1938,monk,mistweaver,78,42,36
Aviee,illidan,1938,monk,mistweaver,329,161,168
Elesm,area-52,1938,monk,mistweaver,174,85,89
Aegea,illidan,1937,monk,mistweaver,73,42,31
Akiramenaide,tichondrius,1936,monk,mistweaver,64,44,20
Miley,lethon,1936,monk,mistweaver,51,32,19
Torakigai,ghostlands,1936,monk,mistweaver,84,40,44
Decompress,illidan,1935,monk,mistweaver,117,69,48
Swurvex,bleeding-hollow,1934,monk,mistweaver,120,57,63
Ilovekok,sargeras,1933,monk,mistweaver,84,64,20
Nuriva,tichondrius,1932,monk,mistweaver,94,63,31
Carzzy,sargeras,1932,monk,mistweaver,130,70,60
Nabunaga,illidan,1931,monk,mistweaver,66,50,16
Irraeine,malganis,1931,monk,mistweaver,60,42,18
Qup,lightbringer,1931,monk,mistweaver,180,111,69
Beez,balnazzar,1931,monk,mistweaver,69,35,34
Zeçe,tichondrius,1930,monk,mistweaver,42,26,16
Toozmania,stormrage,1930,monk,mistweaver,58,35,23
Stepfistz,aegwynn,1930,monk,mistweaver,154,90,64
Tenoseven,area-52,1928,monk,mistweaver,51,34,17
Veejaex,stormreaver,1928,monk,mistweaver,51,32,19
Mixon,archimonde,1927,monk,mistweaver,36,25,11
Fingies,whisperwind,1926,monk,mistweaver,102,61,41
Keyalga,tichondrius,1926,monk,mistweaver,60,35,25
Strongmandan,twisting-nether,1926,monk,mistweaver,72,36,36
Azurro,jubeithos,1925,monk,mistweaver,133,81,52
Frogsarecool,stormrage,1925,monk,mistweaver,206,120,86
Twoshero,tichondrius,1924,monk,mistweaver,64,37,27
Brews,black-dragonflight,1924,monk,mistweaver,121,65,56
Físterxd,bleeding-hollow,1924,monk,mistweaver,354,188,166
Imdabes,velen,1923,monk,mistweaver,72,39,33
Takugava,illidan,1922,monk,mistweaver,135,89,46
Sifu,bleeding-hollow,1922,monk,mistweaver,71,42,29
Vethosis,illidan,1921,monk,mistweaver,43,27,16
Briàr,area-52,1921,monk,mistweaver,66,36,30
Stonemists,ragnaros,1920,monk,mistweaver,131,77,54
Hyori,saurfang,1920,monk,mistweaver,66,35,31
Papermade,barthilas,1920,monk,mistweaver,102,51,51
Garg,malganis,1919,monk,mistweaver,53,35,18
Xitearith,ragnaros,1919,monk,mistweaver,71,41,30
Abellmonk,tichondrius,1918,monk,mistweaver,209,120,89
Evilfantum,illidan,1917,monk,mistweaver,72,51,21
Kapu,illidan,1917,monk,mistweaver,59,41,18
Spicyx,kiljaeden,1914,monk,mistweaver,36,27,9
Cööked,illidan,1914,monk,mistweaver,93,51,42
Kansú,ragnaros,1913,monk,mistweaver,100,53,47
Qarmax,azralon,1912,monk,mistweaver,112,63,49
Carlyjepsen,shadowmoon,1911,monk,mistweaver,247,138,109
Brewnasty,korgath,1911,monk,mistweaver,53,29,24
Dreadgladgum,tichondrius,1911,monk,mistweaver,66,33,33
Jtea,malganis,1910,monk,mistweaver,35,26,9
Zlatan,thaurissan,1910,monk,mistweaver,72,37,35
Sheff,daggerspine,1910,monk,mistweaver,72,35,37
Spook,kalecgos,1909,monk,mistweaver,91,58,33
Michæ,ragnaros,1909,monk,mistweaver,285,156,129
Impersonal,sargeras,1909,monk,mistweaver,82,42,40
Ephéyxq,area-52,1905,monk,mistweaver,42,25,17
Chessyx,ragnaros,1905,monk,mistweaver,66,37,29
Alianli,tichondrius,1905,monk,mistweaver,397,201,196
Basedbuck,dalaran,1904,monk,mistweaver,36,23,13
Dowzk,tichondrius,1904,monk,mistweaver,60,34,26
Youngsìnatra,muradin,1903,monk,mistweaver,66,38,28
Calvana,tichondrius,1902,monk,mistweaver,219,110,109
Knuqz,stormrage,1901,monk,mistweaver,72,38,34
Vybe,frostmourne,1899,monk,mistweaver,149,99,50
Fatnugly,sargeras,1897,monk,mistweaver,68,44,24
Jackouse,frostmourne,1897,monk,mistweaver,74,46,28
Canadá,bleeding-hollow,1896,monk,mistweaver,60,41,19
Elcidx,tichondrius,1896,monk,mistweaver,36,24,12
Jojostar,shadowsong,1896,monk,mistweaver,62,39,23
Mekawa,gurubashi,1895,monk,mistweaver,46,31,15
Worldhopperx,area-52,1894,monk,mistweaver,89,57,32
Iovegõd,tichondrius,1894,monk,mistweaver,367,205,162
Lmhs,tichondrius,1894,monk,mistweaver,126,67,59
Rokkon,sargeras,1892,monk,mistweaver,136,72,64
Taelinn,moonrunner,1892,monk,mistweaver,72,35,37
Ileffsinll,illidan,1890,monk,mistweaver,155,88,67
Gsdfjskpx,sargeras,1889,monk,mistweaver,456,228,228
Oppsimop,frostmourne,1888,monk,mistweaver,165,91,74
Centalink,barthilas,1887,monk,mistweaver,122,80,42
Alphamist,thrall,1887,monk,mistweaver,48,28,20
Ikaga,barthilas,1886,monk,mistweaver,42,32,10
Zengriff,ysondre,1885,monk,mistweaver,72,44,28
Ahlam,tichondrius,1885,monk,mistweaver,170,91,79
Itsnoozes,illidan,1882,monk,mistweaver,46,33,13
Udderpunch,barthilas,1882,monk,mistweaver,119,72,47
Izolatedrin,tichondrius,1881,monk,mistweaver,47,29,18
Heha,tichondrius,1881,monk,mistweaver,784,398,386
Poppinbrews,thrall,1880,monk,mistweaver,46,27,19
Ándi,barthilas,1880,monk,mistweaver,59,32,27
Valhira,kiljaeden,1879,monk,mistweaver,90,55,35
Dwánesan,tichondrius,1879,monk,mistweaver,84,51,33
Koyon,sargeras,1879,monk,mistweaver,35,20,15
Turbokíll,proudmoore,1879,monk,mistweaver,78,44,34
Yobeel,tichondrius,1879,monk,mistweaver,66,27,39
Pandatrainer,drakkari,1878,monk,mistweaver,72,44,28
Fenriranger,tichondrius,1878,monk,mistweaver,172,105,67
Toyotasupra,emerald-dream,1878,monk,mistweaver,84,51,33
Lexxbtw,thrall,1877,monk,mistweaver,360,191,169
Zdeg,tichondrius,1876,monk,mistweaver,57,32,25
Çät,frostmourne,1874,monk,mistweaver,173,111,62
Hinåta,thrall,1874,monk,mistweaver,46,29,17
Mixflo,bleeding-hollow,1873,monk,mistweaver,45,24,21
Syro,spinebreaker,1873,monk,mistweaver,66,33,33
Watersheep,darkspear,1872,monk,mistweaver,111,58,53
Iknwmyname,proudmoore,1871,monk,mistweaver,41,29,12
Itdreams,illidan,1871,monk,mistweaver,48,30,18
Buhmonk,thrall,1871,monk,mistweaver,115,67,48
Discurzed,barthilas,1870,monk,mistweaver,265,146,119
Antriai,icecrown,1870,monk,mistweaver,162,76,86
Gnëtic,azralon,1869,monk,mistweaver,24,20,4
Gnappyy,tichondrius,1869,monk,mistweaver,47,29,18
Robocto,area-52,1869,monk,mistweaver,102,61,41
Planetariumz,bleeding-hollow,1869,monk,mistweaver,516,280,236
Grandpå,tichondrius,1868,monk,mistweaver,78,47,31
Shandilla,proudmoore,1868,monk,mistweaver,66,35,31
Babyfaceqt,skullcrusher,1867,monk,mistweaver,345,172,173
Tokol,tichondrius,1866,monk,mistweaver,173,93,80
Qtmonk,emerald-dream,1866,monk,mistweaver,365,191,174
Sniffinsteak,laughing-skull,1865,monk,mistweaver,60,40,20
Dalillama,stormreaver,1865,monk,mistweaver,48,31,17
Embertail,tichondrius,1865,monk,mistweaver,36,23,13
Tiptea,stormrage,1864,monk,mistweaver,66,38,28
Steelcase,frostmourne,1864,monk,mistweaver,65,35,30
Logtich,moon-guard,1864,monk,mistweaver,84,45,39
Gabaan,azralon,1864,monk,mistweaver,156,79,77
Gtmdyjs,illidan,1863,monk,mistweaver,35,24,11
Exxos,tichondrius,1863,monk,mistweaver,142,88,54
Polyphia,lothar,1863,monk,mistweaver,54,32,22
Rokk,rivendare,1862,monk,mistweaver,102,60,42
Bengotitboi,magtheridon,1862,monk,mistweaver,58,32,26
Kelstrike,sargeras,1861,monk,mistweaver,54,34,20
Xhangtu,thrall,1861,monk,mistweaver,201,124,77
Cardrik,thrall,1861,monk,mistweaver,268,136,132
Pinkfairy,wyrmrest-accord,1860,monk,mistweaver,36,24,12
Exuperjun,emerald-dream,1860,monk,mistweaver,75,43,32
Liteup,smolderthorn,1859,monk,mistweaver,599,300,299
Pp,icecrown,1858,monk,mistweaver,67,55,12
Xinergy,illidan,1858,monk,mistweaver,109,71,38
Sevenmonk,tichondrius,1857,monk,mistweaver,54,36,18
Cyrøwø,ragnaros,1857,monk,mistweaver,168,96,72
Wrxx,kelthuzad,1857,monk,mistweaver,424,209,215
Gryffin,laughing-skull,1856,monk,mistweaver,48,32,16
Piilsburry,sargeras,1855,monk,mistweaver,48,26,22
Keshir,sargeras,1854,monk,mistweaver,123,75,48
Shad,frostmourne,1853,monk,mistweaver,102,58,44
Beejae,tichondrius,1853,monk,mistweaver,37,20,17
Powert,bleeding-hollow,1853,monk,mistweaver,60,27,33
Gottí,sargeras,1852,monk,mistweaver,60,33,27
Senseipwnda,stormrage,1851,monk,mistweaver,83,49,34
Cowsgonuts,gorefiend,1851,monk,mistweaver,60,33,27
Eminelle,moon-guard,1851,monk,mistweaver,73,37,36
Fluval,moon-guard,1850,monk,mistweaver,71,47,24
Vrieden,illidan,1850,monk,mistweaver,135,62,73
Boofen,stormrage,1849,monk,mistweaver,42,28,14
Battlecruise,tichondrius,1848,monk,mistweaver,54,34,20
Bromonster,zuljin,1848,monk,mistweaver,60,32,28
Rhorkfist,frostmourne,1847,monk,mistweaver,85,51,34
Kynalla,thunderlord,1847,monk,mistweaver,48,27,21
Fartknocker,magtheridon,1847,monk,mistweaver,54,29,25
Grif,nazjatar,1847,monk,mistweaver,231,114,117
Proxy,ragnaros,1846,monk,mistweaver,46,31,15
Deathsteel,emerald-dream,1846,monk,mistweaver,47,27,20
Intra,exodar,1846,monk,mistweaver,192,102,90
Wizlee,tichondrius,1845,monk,mistweaver,60,34,26
Cenfu,malganis,1845,monk,mistweaver,78,34,44
Misthealz,black-dragonflight,1844,monk,mistweaver,166,101,65
Fîstweave,emerald-dream,1844,monk,mistweaver,77,45,32
Noremaç,frostmourne,1844,monk,mistweaver,48,28,20
Swoleypoley,tichondrius,1844,monk,mistweaver,60,32,28
Zuhakmw,tichondrius,1844,monk,mistweaver,172,82,90
Yujiro,draktharon,1843,monk,mistweaver,36,23,13
Crabfest,zuljin,1843,monk,mistweaver,60,35,25
Kriticalkush,kelthuzad,1843,monk,mistweaver,65,37,28
Bigs,duskwood,1842,monk,mistweaver,47,21,26
Wombglazer,dalaran,1841,monk,mistweaver,34,26,8
Triarcs,area-52,1840,monk,mistweaver,48,33,15
Trins,azjolnerub,1840,monk,mistweaver,84,47,37
Victuskk,tichondrius,1839,monk,mistweaver,115,74,41
Ropturttlê,tichondrius,1839,monk,mistweaver,53,34,19
Bouncymoo,frostmourne,1839,monk,mistweaver,47,27,20
Vitcheztein,ragnaros,1838,monk,mistweaver,47,30,17
Vernki,laughing-skull,1838,monk,mistweaver,109,65,44
Hugdealer,warsong,1838,monk,mistweaver,86,51,35
Mistqt,illidan,1838,monk,mistweaver,101,58,43
Hansul,tichondrius,1838,monk,mistweaver,195,98,97
Caffeinated,barthilas,1838,monk,mistweaver,274,135,139
Habaneroz,wyrmrest-accord,1837,monk,mistweaver,48,31,17
Proventos,azralon,1837,monk,mistweaver,495,265,230
Itspoils,illidan,1835,monk,mistweaver,73,53,20
Binimonk,tichondrius,1835,monk,mistweaver,36,26,10
Jaige,illidan,1835,monk,mistweaver,42,28,14
Alekun,quelthalas,1835,monk,mistweaver,272,146,126
Zarenki,tichondrius,1835,monk,mistweaver,73,33,40
Lickthefist,sargeras,1834,monk,mistweaver,84,56,28
Supbro,hyjal,1834,monk,mistweaver,36,23,13
Sodamint,sargeras,1834,monk,mistweaver,238,130,108
Monjimen,ragnaros,1834,monk,mistweaver,408,216,192
Yuløn,illidan,1833,monk,mistweaver,80,57,23
Daneil,illidan,1833,monk,mistweaver,54,37,17
Guarantee,tichondrius,1832,monk,mistweaver,182,102,80
Jaja,kiljaeden,1832,monk,mistweaver,102,54,48
Zor,stormscale,1831,monk,mistweaver,78,44,34
Jiskweaver,sargeras,1831,monk,mistweaver,43,24,19
Zipmw,tichondrius,1831,monk,mistweaver,100,54,46
Tippity,stormrage,1830,monk,mistweaver,49,32,17
Ichiros,cenarion-circle,1830,monk,mistweaver,390,219,171
Chignar,dathremar,1829,monk,mistweaver,42,27,15
Zenox,rexxar,1829,monk,mistweaver,114,65,49
Drunkenfist,chogall,1829,monk,mistweaver,71,32,39
Ricearolli,area-52,1828,monk,mistweaver,48,35,13
Roypoker,illidan,1828,monk,mistweaver,54,39,15
Dogmonster,stormrage,1828,monk,mistweaver,58,33,25
Serikko,frostmourne,1827,monk,mistweaver,90,55,35
Demisodax,tichondrius,1827,monk,mistweaver,41,24,17
Baoma,tichondrius,1827,monk,mistweaver,95,55,40
Starçandy,tichondrius,1827,monk,mistweaver,168,92,76
Monklike,illidan,1827,monk,mistweaver,60,30,30
Nahr,tichondrius,1826,monk,mistweaver,73,41,32
Whaes,thrall,1826,monk,mistweaver,54,28,26
Whatdaheal,darkspear,1826,monk,mistweaver,84,38,46
Macrobrewski,tichondrius,1825,monk,mistweaver,41,32,9
Levoz,area-52,1825,monk,mistweaver,54,34,20
Danceofchiji,tichondrius,1825,monk,mistweaver,48,30,18
Phunkymonkey,mannoroth,1825,monk,mistweaver,102,56,46
Onepunçhman,stormreaver,1824,monk,mistweaver,250,141,109
Threefanandy,kelthuzad,1823,monk,mistweaver,48,28,20
Sickdrip,magtheridon,1823,monk,mistweaver,54,31,23
Patfu,area-52,1823,monk,mistweaver,57,32,25
Xhilong,quelthalas,1823,monk,mistweaver,150,78,72
Moushindeiru,sargeras,1822,monk,mistweaver,84,60,24
Drdabz,illidan,1822,monk,mistweaver,112,53,59
Zenchi,kelthuzad,1821,monk,mistweaver,36,26,10
Vynchi,area-52,1821,monk,mistweaver,97,67,30
Cervara,bleeding-hollow,1821,monk,mistweaver,48,29,19
Tazi,chromaggus,1821,monk,mistweaver,84,50,34
Exmist,tichondrius,1821,monk,mistweaver,113,67,46
Voltio,frostmane,1820,monk,mistweaver,103,68,35
Chaddington,malorne,1820,monk,mistweaver,48,30,18
Barelroll,proudmoore,1819,monk,mistweaver,122,83,39
Harderk,sargeras,1819,monk,mistweaver,168,99,69
Ajizzaÿ,saurfang,1819,monk,mistweaver,162,87,75
Wootzhu,zuljin,1819,monk,mistweaver,128,66,62
Stephenia,tichondrius,1818,monk,mistweaver,30,20,10
Diggster,area-52,1818,monk,mistweaver,51,23,28
Malibrew,proudmoore,1817,monk,mistweaver,42,29,13
Fistinator,blackrock,1817,monk,mistweaver,120,71,49
Toxicbeans,tichondrius,1817,monk,mistweaver,100,58,42
Rektral,ragnaros,1817,monk,mistweaver,127,73,54
Bubblepony,illidan,1817,monk,mistweaver,313,164,149
Dgmonk,tichondrius,1816,monk,mistweaver,42,30,12
Blackoutmonk,stormreaver,1816,monk,mistweaver,143,85,58
Spot,kelthuzad,1816,monk,mistweaver,84,47,37
Chaihard,sargeras,1816,monk,mistweaver,45,25,20
Brucechez,tichondrius,1816,monk,mistweaver,101,53,48
Chiang,chogall,1815,monk,mistweaver,91,66,25
Chiorc,tichondrius,1815,monk,mistweaver,42,28,14
Raígon,ragnaros,1815,monk,mistweaver,76,47,29
Rizzdriver,moon-guard,1815,monk,mistweaver,102,63,39
Wigglygiggly,mannoroth,1815,monk,mistweaver,137,76,61
Sourcandyx,area-52,1815,monk,mistweaver,51,26,25
Jutsu,moon-guard,1814,monk,mistweaver,54,33,21
Bananaboy,tichondrius,1814,monk,mistweaver,99,60,39
Toastsmonk,tichondrius,1813,monk,mistweaver,56,36,20
Karatechawp,bleeding-hollow,1813,monk,mistweaver,106,66,40
Mikamonk,illidan,1813,monk,mistweaver,104,64,40
Harkwind,azralon,1813,monk,mistweaver,211,119,92
Mð,vashj,1813,monk,mistweaver,277,143,134
Krömbopulos,magtheridon,1812,monk,mistweaver,59,41,18
Canadien,silver-hand,1812,monk,mistweaver,36,22,14
Bloodyxmonk,firetree,1812,monk,mistweaver,113,65,48
Soö,tichondrius,1812,monk,mistweaver,66,34,32
Faccemelter,illidan,1812,monk,mistweaver,42,20,22
Zoltwo,sargeras,1811,monk,mistweaver,179,105,74
Ryanx,azjolnerub,1811,monk,mistweaver,66,37,29
Mistpump,tichondrius,1811,monk,mistweaver,48,26,22
Smallboots,area-52,1810,monk,mistweaver,54,38,16
Catchdismist,tichondrius,1810,monk,mistweaver,271,160,111
Cystweaver,dalaran,1810,monk,mistweaver,167,96,71
Linsey,frostmourne,1810,monk,mistweaver,48,26,22
Fwisty,illidan,1809,monk,mistweaver,48,37,11
Goldenfoot,tichondrius,1809,monk,mistweaver,270,142,128
Ensaymada,frostmourne,1809,monk,mistweaver,197,102,95
Bebuu,proudmoore,1808,monk,mistweaver,95,62,33
Phattea,thrall,1808,monk,mistweaver,48,31,17
Pichau,zuljin,1808,monk,mistweaver,75,47,28
Miillkz,zuljin,1808,monk,mistweaver,89,53,36
Enfold,stormrage,1808,monk,mistweaver,48,26,22
Yesplease,illidan,1808,monk,mistweaver,54,29,25
Mackiechan,kelthuzad,1807,monk,mistweaver,169,94,75
Shiinobi,area-52,1807,monk,mistweaver,196,103,93
Zilph,malganis,1807,monk,mistweaver,126,65,61
Abeldra,moon-guard,1807,monk,mistweaver,82,42,40
Sayflight,tichondrius,1807,monk,mistweaver,72,31,41
Blueclàssxo,akama,1806,monk,mistweaver,39,28,11
Taekwonscro,proudmoore,1806,monk,mistweaver,60,33,27
Timed,shuhalo,1806,monk,mistweaver,49,26,23
Mavvi,tichondrius,1806,monk,mistweaver,230,118,112
Chimaekrush,tichondrius,1805,monk,mistweaver,36,24,12
Fudoki,area-52,1804,monk,mistweaver,348,194,154
Bruceleè,azjolnerub,1804,monk,mistweaver,132,72,60
Mukboo,tichondrius,1804,monk,mistweaver,60,28,32
Imdabes,destromath,1804,monk,mistweaver,99,44,55
Velenious,tichondrius,1803,monk,mistweaver,167,100,67
Djkungfu,thrall,1803,monk,mistweaver,264,149,115
Bickli,tichondrius,1803,monk,mistweaver,57,32,25
Cherep,kiljaeden,1803,monk,mistweaver,171,94,77
Spacebar,ysondre,1803,monk,mistweaver,72,39,33
Celerein,illidan,1803,monk,mistweaver,118,61,57
Zundor,ghostlands,1802,monk,mistweaver,32,25,7
Nefazzto,ragnaros,1802,monk,mistweaver,30,19,11
Zenno,darkspear,1802,monk,mistweaver,51,31,20
Kungfoocious,tichondrius,1802,monk,mistweaver,57,33,24
Zeroskil,thrall,1802,monk,mistweaver,66,38,28
Sengesen,sargeras,1802,monk,mistweaver,52,29,23
ßullsack,barthilas,1802,monk,mistweaver,108,57,51
Séthrogèn,tichondrius,1801,monk,mistweaver,47,30,17
Mistweave,aerie-peak,1801,monk,mistweaver,54,34,20
Vanmonk,eonar,1801,monk,mistweaver,54,33,21
Mis,tichondrius,1801,monk,mistweaver,74,40,34
Velzarria,zuljin,1801,monk,mistweaver,102,55,47
Squalicorax,area-52,1801,monk,mistweaver,47,24,23
Jiucho,dalaran,1800,monk,mistweaver,35,23,12
Prala,malganis,1800,monk,mistweaver,118,69,49
Kawali,thrall,1800,monk,mistweaver,175,96,79
Monktease,tichondrius,1800,monk,mistweaver,216,106,110
Haren,gundrak,1799,monk,mistweaver,30,19,11
Femalejam,darkspear,1798,monk,mistweaver,66,40,26
Toonington,sargeras,1797,monk,mistweaver,63,42,21
Gentleuncle,tichondrius,1797,monk,mistweaver,173,94,79
Cromulent,saurfang,1797,monk,mistweaver,158,83,75
Molochko,area-52,1796,monk,mistweaver,69,44,25
Kyókó,quelthalas,1796,monk,mistweaver,77,41,36
Alshee,nagrand,1793,monk,mistweaver,48,31,17
Senritsuh,drakkari,1793,monk,mistweaver,42,25,17
Jayvex,illidan,1793,monk,mistweaver,111,58,53
Yuï,bleeding-hollow,1792,monk,mistweaver,54,33,21
Jiraiýa,stormrage,1791,monk,mistweaver,130,85,45
Dasubb,crushridge,1791,monk,mistweaver,47,27,20
Mistohh,kiljaeden,1790,monk,mistweaver,48,31,17
Adop,dark-iron,1790,monk,mistweaver,414,223,191
Badnboojie,malganis,1790,monk,mistweaver,138,73,65
Fistër,area-52,1790,monk,mistweaver,173,90,83
Pissweever,barthilas,1789,monk,mistweaver,60,41,19
Unclety,tichondrius,1789,monk,mistweaver,48,30,18
Glqjkglbfgdl,zuljin,1789,monk,mistweaver,194,100,94
Brewy,bloodhoof,1788,monk,mistweaver,54,39,15
Nevershower,malganis,1788,monk,mistweaver,63,42,21
Jeskâi,tichondrius,1788,monk,mistweaver,105,60,45
Sâx,stormreaver,1787,monk,mistweaver,30,19,11
Treysongz,illidan,1787,monk,mistweaver,35,19,16
Askê,icecrown,1785,monk,mistweaver,36,25,11
Solusek,korgath,1785,monk,mistweaver,84,57,27
Rexfiend,tichondrius,1782,monk,mistweaver,24,19,5
Ojarax,bleeding-hollow,1782,monk,mistweaver,106,56,50
Dupaweaver,stormrage,1782,monk,mistweaver,104,53,51
Dræmwalker,malygos,1781,monk,mistweaver,735,367,368
Gnetic,nemesis,1779,monk,mistweaver,122,72,50
Guïnness,tichondrius,1778,monk,mistweaver,36,23,13
Chonmist,darkspear,1778,monk,mistweaver,140,81,59
Tbrew,area-52,1777,monk,mistweaver,68,42,26
Ttvchickchau,tichondrius,1777,monk,mistweaver,149,86,63
Anxin,tichondrius,1777,monk,mistweaver,130,66,64
Baldbutcute,darkspear,1774,monk,mistweaver,39,26,13
Copula,illidan,1774,monk,mistweaver,346,175,171
Spencere,hyjal,1773,monk,mistweaver,132,73,59
Dozy,stormrage,1772,monk,mistweaver,42,29,13
Vamplyyz,kelthuzad,1772,monk,mistweaver,123,63,60
Swiixm,frostmourne,1771,monk,mistweaver,124,73,51
Epî,tichondrius,1771,monk,mistweaver,414,205,209
Phyte,kelthuzad,1771,monk,mistweaver,90,44,46
Zenblazer,illidan,1768,monk,mistweaver,91,43,48
Trackstarx,area-52,1767,monk,mistweaver,30,25,5
Originalmonk,tichondrius,1767,monk,mistweaver,82,56,26
Daito,jubeithos,1767,monk,mistweaver,110,62,48
Kecub,sargeras,1767,monk,mistweaver,42,23,19
Watercowz,tichondrius,1765,monk,mistweaver,40,20,20
Chikid,barthilas,1764,monk,mistweaver,92,55,37
Ninetrigrams,illidan,1764,monk,mistweaver,92,54,38
Roogymw,emerald-dream,1764,monk,mistweaver,94,54,40
Minaffection,tichondrius,1763,monk,mistweaver,54,31,23
Ðescubra,stormrage,1763,monk,mistweaver,104,59,45
Santiaguiño,ragnaros,1763,monk,mistweaver,195,97,98
Iightning,dentarg,1762,monk,mistweaver,66,40,26
Floka,bleeding-hollow,1762,monk,mistweaver,66,39,27
Inalambrico,quelthalas,1761,monk,mistweaver,77,43,34
Fistay,sargeras,1760,monk,mistweaver,99,62,37
Boomtac,moon-guard,1760,monk,mistweaver,126,72,54
Gundamfish,tichondrius,1760,monk,mistweaver,48,25,23
Ppbnodru,illidan,1759,monk,mistweaver,59,46,13
Feel,frostmourne,1758,monk,mistweaver,36,24,12
Udmonk,tichondrius,1757,monk,mistweaver,40,25,15
Yoshinator,area-52,1755,monk,mistweaver,107,59,48
Monkeymonk,eonar,1755,monk,mistweaver,36,19,17
Lovehate,zuljin,1755,monk,mistweaver,105,53,52
Rîce,burning-blade,1754,monk,mistweaver,42,29,13
Swuseng,tichondrius,1753,monk,mistweaver,99,57,42
Metakillër,ragnaros,1753,monk,mistweaver,178,98,80
Sevymonk,stormrage,1753,monk,mistweaver,164,85,79
Tonytornado,proudmoore,1752,monk,mistweaver,146,74,72
Todnerey,sargeras,1751,monk,mistweaver,95,64,31
Grabbitz,kelthuzad,1751,monk,mistweaver,42,27,15
Blozop,tichondrius,1750,monk,mistweaver,48,29,19
Cohenn,tichondrius,1749,monk,mistweaver,30,23,7
Bradyfour,moon-guard,1749,monk,mistweaver,254,137,117
Ahlanna,malganis,1748,monk,mistweaver,29,19,10
Acelleration,frostmourne,1748,monk,mistweaver,83,51,32
Monkeyhealz,tichondrius,1748,monk,mistweaver,185,105,80
Callmekoldi,dalaran,1748,monk,mistweaver,93,52,41
Nerfmonk,spirestone,1747,monk,mistweaver,54,37,17
Meâghân,bladefist,1747,monk,mistweaver,39,23,16
Gamesuxlol,the-underbog,1747,monk,mistweaver,96,55,41
Sixsticks,tichondrius,1747,monk,mistweaver,112,63,49
Smoovhoov,kiljaeden,1747,monk,mistweaver,48,27,21
Suppfastlol,nemesis,1747,monk,mistweaver,180,97,83
Gummycat,bonechewer,1747,monk,mistweaver,228,120,108
Gramazen,tichondrius,1746,monk,mistweaver,72,39,33
Neverfakex,sargeras,1745,monk,mistweaver,72,48,24
Maicuta,thrall,1745,monk,mistweaver,60,38,22
Fisetèrr,kelthuzad,1745,monk,mistweaver,77,47,30
Chérudim,malganis,1744,monk,mistweaver,36,22,14
Hedgefrogs,stormrage,1743,monk,mistweaver,48,26,22
Mistpowaz,stormrage,1742,monk,mistweaver,143,84,59
Bouncycheeks,frostmourne,1742,monk,mistweaver,126,69,57
Drracaryss,sargeras,1742,monk,mistweaver,382,199,183
Cloq,kelthuzad,1742,monk,mistweaver,217,113,104
Grublord,stormrage,1742,monk,mistweaver,65,31,34
Zzhoop,darkspear,1741,monk,mistweaver,54,35,19
Baittor,proudmoore,1741,monk,mistweaver,62,39,23
Rattpig,sargeras,1741,monk,mistweaver,319,170,149
Okchat,emerald-dream,1740,monk,mistweaver,306,167,139
Tyforprecog,kelthuzad,1739,monk,mistweaver,54,33,21
Wokoon,kelthuzad,1738,monk,mistweaver,51,38,13
Chopschtichs,kiljaeden,1738,monk,mistweaver,99,61,38
Bobbytheorc,tichondrius,1738,monk,mistweaver,35,21,14
Såyo,ragnaros,1738,monk,mistweaver,302,175,127
Diagrams,tichondrius,1737,monk,mistweaver,51,39,12
Valian,tichondrius,1737,monk,mistweaver,108,61,47
Mistastep,tichondrius,1737,monk,mistweaver,204,109,95
Vongg,tichondrius,1737,monk,mistweaver,106,53,53
Møzy,darkspear,1736,monk,mistweaver,36,25,11
Onecoolmonk,tichondrius,1736,monk,mistweaver,80,48,32
Beerflow,stormrage,1736,monk,mistweaver,123,62,61
Bubear,stormreaver,1735,monk,mistweaver,36,23,13
Benday,ragnaros,1735,monk,mistweaver,60,25,35
Seokdenam,tichondrius,1734,monk,mistweaver,111,64,47
Phlexz,jubeithos,1733,monk,mistweaver,36,26,10
Gomon,terenas,1733,monk,mistweaver,59,37,22
Sylväs,barthilas,1733,monk,mistweaver,48,28,20
Fox,azshara,1732,monk,mistweaver,42,25,17
Chipapi,sargeras,1732,monk,mistweaver,36,19,17
Lasagnacàt,moon-guard,1731,monk,mistweaver,180,105,75
Buffmonkdmg,tichondrius,1731,monk,mistweaver,132,75,57
Monke,onyxia,1730,monk,mistweaver,96,54,42
Onlyfansx,ragnaros,1730,monk,mistweaver,292,154,138
Cymonka,sargeras,1730,monk,mistweaver,72,35,37
Yamatoqt,frostmourne,1729,monk,mistweaver,84,48,36
Bonquavius,thrall,1729,monk,mistweaver,56,32,24
Kungpaofish,tichondrius,1728,monk,mistweaver,42,25,17
Hepp,stormrage,1728,monk,mistweaver,84,48,36
Mistyfisty,laughing-skull,1727,monk,mistweaver,50,29,21
Drizzywow,arathor,1726,monk,mistweaver,24,18,6
Pandareng,tichondrius,1726,monk,mistweaver,86,46,40
Fistofchanny,tichondrius,1725,monk,mistweaver,104,57,47
Drkeen,frostmourne,1725,monk,mistweaver,108,53,55
Peekabrew,malganis,1724,monk,mistweaver,24,18,6
Drunkgiraffe,zuljin,1724,monk,mistweaver,30,20,10
Wnbafanx,silver-hand,1724,monk,mistweaver,30,18,12
Titti,korgath,1724,monk,mistweaver,46,25,21
Keeanuweaves,tichondrius,1723,monk,mistweaver,91,62,29
Monkgodx,tichondrius,1723,monk,mistweaver,78,48,30
Augustinê,tichondrius,1723,monk,mistweaver,97,56,41
Luvdeluxe,skullcrusher,1722,monk,mistweaver,138,74,64
Xblingtron,malganis,1721,monk,mistweaver,65,27,38
Feihung,executus,1718,monk,mistweaver,61,38,23
Emporertrump,bleeding-hollow,1718,monk,mistweaver,411,217,194
Solidww,moon-guard,1716,monk,mistweaver,40,27,13
Sshri,illidan,1716,monk,mistweaver,366,189,177
Joonbug,moonrunner,1715,monk,mistweaver,89,50,39
Healsforu,bloodhoof,1715,monk,mistweaver,83,46,37
Saygoodnight,sargeras,1715,monk,mistweaver,72,38,34
Squaanched,emerald-dream,1715,monk,mistweaver,66,29,37
Diobrando,illidan,1714,monk,mistweaver,99,62,37
Jedub,tichondrius,1714,monk,mistweaver,112,70,42
Mistwalker,area-52,1714,monk,mistweaver,30,18,12
Gfhaver,tichondrius,1714,monk,mistweaver,42,25,17
Liké,tichondrius,1714,monk,mistweaver,108,62,46
Fonnf,nemesis,1714,monk,mistweaver,86,44,42
Tenpiecenug,malganis,1713,monk,mistweaver,38,23,15
Ellesig,ragnaros,1713,monk,mistweaver,316,161,155
Ïtächï,illidan,1713,monk,mistweaver,72,32,40
Alexìn,sargeras,1712,monk,mistweaver,79,50,29
Magmuruk,garrosh,1712,monk,mistweaver,30,18,12
Inotropy,tichondrius,1711,monk,mistweaver,72,38,34
Bigjords,bonechewer,1711,monk,mistweaver,263,136,127
Zuen,ragnaros,1710,monk,mistweaver,230,117,113
Ghðst,ragnaros,1709,monk,mistweaver,72,42,30
Dryungpwnz,zuljin,1709,monk,mistweaver,278,156,122
Tiduskies,crushridge,1709,monk,mistweaver,96,52,44
Gauche,arygos,1709,monk,mistweaver,168,88,80
Trezzic,aegwynn,1709,monk,mistweaver,49,25,24
Munchan,hyjal,1708,monk,mistweaver,53,34,19
Mauvem,tichondrius,1708,monk,mistweaver,33,19,14
Nevercranex,kirin-tor,1708,monk,mistweaver,90,49,41
Anandamayi,emerald-dream,1708,monk,mistweaver,54,29,25
Kangeroo,tichondrius,1708,monk,mistweaver,57,27,30
Suhjoon,bleeding-hollow,1708,monk,mistweaver,216,101,115
Betasquadxd,bleeding-hollow,1707,monk,mistweaver,43,25,18
Dwãrf,tichondrius,1706,monk,mistweaver,42,29,13
Lgee,kelthuzad,1706,monk,mistweaver,50,28,22
Oliveoil,akama,1706,monk,mistweaver,126,63,63
Zugroi,frostmourne,1705,monk,mistweaver,84,58,26
Monkyou,area-52,1705,monk,mistweaver,72,35,37
Røllitup,illidan,1704,monk,mistweaver,54,34,20
Omihli,sargeras,1704,monk,mistweaver,48,28,20
Sleeks,bonechewer,1704,monk,mistweaver,144,77,67
Danceschi,area-52,1704,monk,mistweaver,51,26,25
Dirtyde,sargeras,1704,monk,mistweaver,247,124,123
Sponsored,lothar,1703,monk,mistweaver,78,55,23
Mundane,sargeras,1703,monk,mistweaver,36,24,12
Alekso,malganis,1702,monk,mistweaver,30,18,12
Manggi,tichondrius,1702,monk,mistweaver,169,98,71
Coachtyler,illidan,1701,monk,mistweaver,185,120,65
Koalàfoofoo,shadow-council,1701,monk,mistweaver,30,18,12
Astridia,darkspear,1701,monk,mistweaver,30,18,12
Lýøp,illidan,1701,monk,mistweaver,76,44,32
Brosiedon,sargeras,1701,monk,mistweaver,220,112,108
Sparksgamer,ragnaros,1701,monk,mistweaver,36,18,18
Badonkadonk,kiljaeden,1701,monk,mistweaver,66,27,39
Ryantiger,tichondrius,1700,monk,mistweaver,60,31,29
Taekwondope,antonidas,1699,monk,mistweaver,55,34,21
Miyung,quelthalas,1699,monk,mistweaver,54,29,25
Moonhealsyou,moon-guard,1698,monk,mistweaver,112,70,42
Cárcox,ragnaros,1698,monk,mistweaver,36,18,18
Yeji,altar-of-storms,1698,monk,mistweaver,157,76,81
Mvqws,tichondrius,1697,monk,mistweaver,50,33,17
Samzo,barthilas,1697,monk,mistweaver,99,54,45
Arahabaki,wyrmrest-accord,1696,monk,mistweaver,47,27,20
Doomstroller,aegwynn,1696,monk,mistweaver,291,150,141
Winfred,bleeding-hollow,1695,monk,mistweaver,96,58,38
Miztie,hyjal,1695,monk,mistweaver,47,25,22
Musedz,barthilas,1695,monk,mistweaver,102,47,55
Mopowa,illidan,1694,monk,mistweaver,30,19,11
Zawlp,sargeras,1693,monk,mistweaver,62,37,25
Wordword,tichondrius,1693,monk,mistweaver,36,20,16
Florla,illidan,1692,monk,mistweaver,46,24,22
Domisalamii,sargeras,1692,monk,mistweaver,44,22,22
Motogp,tichondrius,1692,monk,mistweaver,224,109,115
Ropgobbler,muradin,1691,monk,mistweaver,36,22,14
Imamistery,stormreaver,1691,monk,mistweaver,52,30,22
Avm,azralon,1691,monk,mistweaver,90,49,41
Jiubak,dalaran,1691,monk,mistweaver,48,26,22
Jinker,malganis,1690,monk,mistweaver,53,33,20
Healmart,bloodhoof,1690,monk,mistweaver,30,18,12
Teewin,area-52,1689,monk,mistweaver,101,67,34
Mistymarc,zuljin,1688,monk,mistweaver,36,24,12
Zenwyatt,area-52,1688,monk,mistweaver,31,20,11
Yajirobei,area-52,1688,monk,mistweaver,36,20,16
Skjol,sargeras,1686,monk,mistweaver,30,21,9
Limi,malganis,1686,monk,mistweaver,103,72,31
Spinharder,stormrage,1686,monk,mistweaver,131,67,64
Lazeekick,sargeras,1686,monk,mistweaver,60,29,31
Aledal,agamaggan,1685,monk,mistweaver,140,84,56
Stonymcblaze,malganis,1685,monk,mistweaver,60,35,25
Alternatives,sargeras,1684,monk,mistweaver,24,18,6
Sistfist,sargeras,1684,monk,mistweaver,48,29,19
Tazermw,sargeras,1684,monk,mistweaver,68,41,27
Hogarg,emerald-dream,1684,monk,mistweaver,36,21,15
Kênpächi,rexxar,1684,monk,mistweaver,105,52,53
Wildfists,tichondrius,1683,monk,mistweaver,867,437,430
Footloverx,area-52,1682,monk,mistweaver,79,53,26
Mwgodqtxtko,nazjatar,1682,monk,mistweaver,72,44,28
Ccop,kelthuzad,1681,monk,mistweaver,48,32,16
Swolington,proudmoore,1681,monk,mistweaver,53,34,19
Aráshicage,malganis,1681,monk,mistweaver,48,29,19
Aenian,ragnaros,1681,monk,mistweaver,106,56,50
Pandaiax,area-52,1681,monk,mistweaver,250,128,122
Phtarded,stormreaver,1681,monk,mistweaver,242,122,120
Djuice,tichondrius,1680,monk,mistweaver,66,34,32
Misswalk,ragnaros,1680,monk,mistweaver,50,23,27
Hoofweaver,proudmoore,1680,monk,mistweaver,60,25,35
Skipperx,area-52,1678,monk,mistweaver,42,23,19
Nugskis,dalaran,1678,monk,mistweaver,298,153,145
Èxpèrtisè,jubeithos,1677,monk,mistweaver,26,18,8
Sebsws,proudmoore,1677,monk,mistweaver,106,65,41
Imafqnbaby,tichondrius,1677,monk,mistweaver,59,29,30
Xtramist,tichondrius,1677,monk,mistweaver,60,28,32
Imogenheap,sargeras,1676,monk,mistweaver,29,21,8
Roloyolo,illidan,1676,monk,mistweaver,76,31,45
Shadowbringr,proudmoore,1675,monk,mistweaver,42,22,20
Yeyo,mugthol,1674,monk,mistweaver,48,32,16
Bergoth,bleeding-hollow,1674,monk,mistweaver,48,29,19
Monkmarz,malygos,1674,monk,mistweaver,47,25,22
Fistlord,zuljin,1674,monk,mistweaver,50,25,25
Drunkentoker,illidan,1673,monk,mistweaver,48,26,22
Cbrewfeaver,malganis,1673,monk,mistweaver,58,31,27
Dragonwhirl,stormrage,1672,monk,mistweaver,101,59,42
Tirionx,area-52,1672,monk,mistweaver,235,133,102
Gujunpyó,sargeras,1672,monk,mistweaver,135,76,59
Tezcatyo,malganis,1671,monk,mistweaver,54,32,22
Vardeh,stormscale,1671,monk,mistweaver,292,168,124
Masamunes,thrall,1670,monk,mistweaver,66,48,18
Vïolët,moon-guard,1670,monk,mistweaver,243,139,104
Fisticufs,bleeding-hollow,1670,monk,mistweaver,42,23,19
Tweiliax,tichondrius,1670,monk,mistweaver,57,31,26
Zxenn,tichondrius,1670,monk,mistweaver,36,19,17
Quitschi,tichondrius,1669,monk,mistweaver,42,26,16
Yaloon,stormrage,1669,monk,mistweaver,30,18,12
Loppjr,tichondrius,1669,monk,mistweaver,42,22,20
Zombir,frostmourne,1668,monk,mistweaver,32,21,11
Jerumay,tichondrius,1668,monk,mistweaver,122,71,51
Peachtea,burning-legion,1668,monk,mistweaver,81,41,40
Kiso,sargeras,1668,monk,mistweaver,103,49,54
Yulfee,kelthuzad,1667,monk,mistweaver,75,40,35
Noneedlokita,illidan,1666,monk,mistweaver,42,26,16
Drizzimonk,thrall,1666,monk,mistweaver,49,25,24
Cpr,blackrock,1665,monk,mistweaver,72,46,26
Mememories,tichondrius,1665,monk,mistweaver,74,46,28
Foxylovë,amanthul,1665,monk,mistweaver,54,33,21
Funkmunk,aegwynn,1665,monk,mistweaver,69,32,37
Pambelé,quelthalas,1665,monk,mistweaver,60,26,34
Kármâ,darkspear,1663,monk,mistweaver,38,27,11
Locusta,tichondrius,1663,monk,mistweaver,36,23,13
Eppsmonk,tichondrius,1662,monk,mistweaver,39,24,15
Blasê,frostmourne,1662,monk,mistweaver,36,22,14
Ninakittenx,staghelm,1662,monk,mistweaver,96,56,40
Psypalm,zuljin,1661,monk,mistweaver,42,27,15
Kendro,trollbane,1661,monk,mistweaver,125,73,52
Coldridge,bleeding-hollow,1661,monk,mistweaver,42,20,22
Nicotinetap,tichondrius,1660,monk,mistweaver,42,24,18
Friskyfister,tichondrius,1660,monk,mistweaver,36,19,17
Probs,sargeras,1660,monk,mistweaver,76,29,47
Rectus,proudmoore,1659,monk,mistweaver,30,22,8
Pichiquechi,frostmourne,1659,monk,mistweaver,54,34,20
Qxt,tichondrius,1659,monk,mistweaver,98,53,45
Gooncave,stormrage,1659,monk,mistweaver,110,56,54
Fistwrapped,illidan,1658,monk,mistweaver,42,27,15
Vegester,tichondrius,1658,monk,mistweaver,36,21,15
Cheetosnmilk,malganis,1658,monk,mistweaver,35,20,15
Oopsmonk,arthas,1657,monk,mistweaver,24,18,6
Gangzmm,tichondrius,1657,monk,mistweaver,37,22,15
Zachxd,onyxia,1657,monk,mistweaver,96,54,42
Cranekicks,moon-guard,1657,monk,mistweaver,275,152,123
Igaku,windrunner,1657,monk,mistweaver,78,42,36
Ramisan,barthilas,1656,monk,mistweaver,83,49,34
Valelarus,doomhammer,1656,monk,mistweaver,48,28,20
Nekzí,sargeras,1655,monk,mistweaver,36,25,11
Orgrrim,area-52,1655,monk,mistweaver,60,41,19
Greenrice,thrall,1655,monk,mistweaver,52,33,19
Bakanani,magtheridon,1655,monk,mistweaver,49,26,23
Tsytir,emerald-dream,1655,monk,mistweaver,82,39,43
Alocxo,drakkari,1654,monk,mistweaver,34,24,10
Raymond,malganis,1654,monk,mistweaver,111,64,47
Trojanz,malganis,1654,monk,mistweaver,36,20,16
Lu,nesingwary,1654,monk,mistweaver,54,29,25
Raonoc,area-52,1654,monk,mistweaver,42,18,24
Mydadishere,tichondrius,1653,monk,mistweaver,24,20,4
Glaedqt,bleeding-hollow,1653,monk,mistweaver,36,24,12
Treessome,tichondrius,1653,monk,mistweaver,53,33,20
Benedïct,korgath,1653,monk,mistweaver,36,21,15
Repbrew,sargeras,1653,monk,mistweaver,63,33,30
Spaazz,tichondrius,1652,monk,mistweaver,137,84,53
Theymistbuda,kelthuzad,1651,monk,mistweaver,48,36,12
Sushî,eonar,1651,monk,mistweaver,59,40,19
Revivalol,dragonmaw,1651,monk,mistweaver,95,51,44
Nezukó,malganis,1651,monk,mistweaver,43,23,20
Rakia,moon-guard,1650,monk,mistweaver,272,139,133
Pisswalker,area-52,1649,monk,mistweaver,24,18,6
Rexzilla,tichondrius,1648,monk,mistweaver,36,25,11
Búhda,tichondrius,1648,monk,mistweaver,36,20,16
Monkydoo,blackhand,1648,monk,mistweaver,137,75,62
Dareelyst,arygos,1648,monk,mistweaver,70,35,35
Notblakexo,tichondrius,1647,monk,mistweaver,35,19,16
Atsugin,khazgoroth,1646,monk,mistweaver,54,22,32
Wdsprdpanic,tichondrius,1646,monk,mistweaver,60,24,36
Starryysky,illidan,1645,monk,mistweaver,54,36,18
Zhíu,ragnaros,1645,monk,mistweaver,60,37,23
Nawzhy,emerald-dream,1645,monk,mistweaver,36,19,17
Ashamah,bleeding-hollow,1644,monk,mistweaver,30,22,8
Röshi,kelthuzad,1644,monk,mistweaver,60,39,21
Chongal,whisperwind,1644,monk,mistweaver,66,37,29
Ragemore,emerald-dream,1643,monk,mistweaver,37,23,14
Bootÿmagic,tichondrius,1643,monk,mistweaver,234,134,100
Ahnlev,ragnaros,1643,monk,mistweaver,116,66,50
Mistweaverxo,malganis,1643,monk,mistweaver,134,73,61
Monkgyfatso,tichondrius,1642,monk,mistweaver,33,25,8
Ææøææôææôææô,illidan,1642,monk,mistweaver,138,88,50
Jadestørmz,illidan,1642,monk,mistweaver,36,22,14
Atruefister,tichondrius,1642,monk,mistweaver,463,250,213
Liaoran,stormrage,1641,monk,mistweaver,28,18,10
Hêrô,bleeding-hollow,1641,monk,mistweaver,79,46,33
Swiftm,thrall,1641,monk,mistweaver,321,179,142
Sudury,tichondrius,1640,monk,mistweaver,137,79,58
Hymasterlol,tichondrius,1640,monk,mistweaver,121,66,55
Romdansik,tichondrius,1640,monk,mistweaver,323,174,149
Hafuz,wildhammer,1639,monk,mistweaver,60,41,19
Senseii,dathremar,1639,monk,mistweaver,66,43,23
Èmacs,barthilas,1639,monk,mistweaver,41,26,15
Oblivion,wildhammer,1639,monk,mistweaver,67,40,27
Jackphan,azralon,1639,monk,mistweaver,164,94,70
Monkgov,illidan,1639,monk,mistweaver,91,52,39
Gullystylez,hellscream,1639,monk,mistweaver,36,20,16
Brewjitsu,tichondrius,1639,monk,mistweaver,42,23,19
Azenia,barthilas,1639,monk,mistweaver,54,27,27
Jellobag,frostmane,1638,monk,mistweaver,54,33,21
Rañga,caelestrasz,1638,monk,mistweaver,83,48,35
Agilities,sargeras,1638,monk,mistweaver,40,22,18
Monkzilla,tichondrius,1637,monk,mistweaver,30,20,10
Grizzm,sargeras,1637,monk,mistweaver,78,48,30
Annisokay,bleeding-hollow,1637,monk,mistweaver,36,22,14
Chainwax,korgath,1637,monk,mistweaver,161,96,65
Tharja,bonechewer,1637,monk,mistweaver,74,44,30
Ggjudo,sargeras,1637,monk,mistweaver,70,41,29
Kungfused,frostmourne,1637,monk,mistweaver,72,41,31
Kaelastra,stormrage,1637,monk,mistweaver,202,115,87
Slothman,nagrand,1637,monk,mistweaver,174,99,75
Cuckoon,malganis,1637,monk,mistweaver,60,33,27
Khungfeu,area-52,1637,monk,mistweaver,90,44,46
Somebodym,illidan,1635,monk,mistweaver,47,29,18
Qords,tichondrius,1635,monk,mistweaver,154,81,73
Prisonike,area-52,1634,monk,mistweaver,66,40,26
Ìsrael,sargeras,1634,monk,mistweaver,48,24,24
Jtowne,dalaran,1633,monk,mistweaver,36,21,15
Sixesm,dalaran,1633,monk,mistweaver,90,43,47
Coralys,sargeras,1631,monk,mistweaver,88,61,27
Kymoshenz,sargeras,1631,monk,mistweaver,42,28,14
Manchu,stormrage,1631,monk,mistweaver,42,27,15
Botweaver,proudmoore,1631,monk,mistweaver,107,64,43
Aristea,emerald-dream,1631,monk,mistweaver,42,24,18
Korata,frostwolf,1631,monk,mistweaver,66,35,31
Shefcurry,boulderfist,1629,monk,mistweaver,30,17,13
Missweaver,sargeras,1629,monk,mistweaver,132,72,60
Místme,tichondrius,1629,monk,mistweaver,78,41,37
Justsidiousm,sargeras,1628,monk,mistweaver,60,44,16
Tuesdây,wyrmrest-accord,1628,monk,mistweaver,30,20,10
Tonyrelish,sargeras,1628,monk,mistweaver,88,54,34
Venomqt,laughing-skull,1628,monk,mistweaver,59,32,27
Cungflu,crushridge,1628,monk,mistweaver,129,62,67
Paraíba,azralon,1628,monk,mistweaver,53,21,32
Mariabaraks,darkspear,1627,monk,mistweaver,146,82,64
Rehder,barthilas,1627,monk,mistweaver,36,20,16
Zettelkasten,tichondrius,1627,monk,mistweaver,66,36,30
Avãrîce,stormrage,1626,monk,mistweaver,24,17,7
Cryptmist,frostmourne,1626,monk,mistweaver,48,32,16
Moppz,illidan,1626,monk,mistweaver,41,26,15
Barnåcle,darkspear,1625,monk,mistweaver,72,49,23
Balduglybaby,tichondrius,1625,monk,mistweaver,36,22,14
Qoong,tichondrius,1625,monk,mistweaver,70,42,28
Bodhisattvax,bleeding-hollow,1625,monk,mistweaver,42,24,18
Crentist,mannoroth,1624,monk,mistweaver,40,31,9
Dwrfu,ragnaros,1624,monk,mistweaver,74,54,20
Innerchii,tichondrius,1624,monk,mistweaver,24,17,7
Mmrmonkey,tichondrius,1624,monk,mistweaver,30,17,13
Uwufistgodx,tichondrius,1624,monk,mistweaver,84,46,38
Caibiws,tichondrius,1624,monk,mistweaver,86,44,42
Onegai,illidan,1624,monk,mistweaver,48,22,26
Pappaya,tichondrius,1623,monk,mistweaver,42,29,13
Ericzzmmonk,tichondrius,1623,monk,mistweaver,36,22,14
Liteup,korgath,1623,monk,mistweaver,102,62,40
Rileý,sargeras,1623,monk,mistweaver,49,28,21
Ophibrew,zuljin,1623,monk,mistweaver,42,22,20
Ceronash,dalaran,1622,monk,mistweaver,78,44,34
Rockcalm,malganis,1622,monk,mistweaver,116,62,54
Ywingtsuan,frostmourne,1622,monk,mistweaver,41,21,20
Jagichan,area-52,1621,monk,mistweaver,60,38,22
Nxghtmarezz,tichondrius,1621,monk,mistweaver,103,64,39
Hwsko,tichondrius,1621,monk,mistweaver,68,41,27
Dmzz,shadowmoon,1621,monk,mistweaver,42,25,17
Toysruskidx,sargeras,1621,monk,mistweaver,88,49,39
Muzzye,frostmourne,1621,monk,mistweaver,358,198,160
Braindi,arathor,1621,monk,mistweaver,78,43,35
Pumakicks,tichondrius,1621,monk,mistweaver,88,48,40
Kamiyah,tichondrius,1621,monk,mistweaver,66,33,33
Napzzxo,sargeras,1620,monk,mistweaver,60,37,23
Intertwine,frostmourne,1619,monk,mistweaver,30,17,13
Deftones,tichondrius,1619,monk,mistweaver,97,54,43
Jïngwei,proudmoore,1619,monk,mistweaver,96,48,48
Avz,azralon,1618,monk,mistweaver,30,21,9
Tahs,azralon,1618,monk,mistweaver,91,55,36
Lynio,area-52,1618,monk,mistweaver,36,20,16
Renae,malganis,1618,monk,mistweaver,48,24,24
Turbofist,bleeding-hollow,1618,monk,mistweaver,77,37,40
Punch,lothar,1617,monk,mistweaver,113,66,47
Gaudchi,tichondrius,1617,monk,mistweaver,36,21,15
Songwei,barthilas,1617,monk,mistweaver,131,74,57
Fistergand,frostwolf,1616,monk,mistweaver,67,45,22
Stormpounder,proudmoore,1616,monk,mistweaver,66,43,23
Cîrçles,bleeding-hollow,1616,monk,mistweaver,114,68,46
Seléndis,sargeras,1616,monk,mistweaver,42,25,17
Immamonkey,tichondrius,1616,monk,mistweaver,200,114,86
Brewmanchew,frostmourne,1616,monk,mistweaver,235,129,106
Zønnis,zuljin,1616,monk,mistweaver,44,24,20
Sleezyy,malganis,1615,monk,mistweaver,38,25,13
Vayce,barthilas,1615,monk,mistweaver,45,25,20
Bréwmaster,stormrage,1615,monk,mistweaver,36,17,19
Groundways,sargeras,1615,monk,mistweaver,89,42,47
Kungfuturdle,tichondrius,1614,monk,mistweaver,101,58,43
Creamchop,stormreaver,1614,monk,mistweaver,65,37,28
Craziediemon,malganis,1614,monk,mistweaver,115,60,55
Keiirah,zuluhed,1614,monk,mistweaver,60,24,36
Pacee,deathwing,1613,monk,mistweaver,24,17,7
Greenvan,tichondrius,1613,monk,mistweaver,24,17,7
Sììre,tichondrius,1613,monk,mistweaver,51,35,16
Kûshi,stormrage,1613,monk,mistweaver,35,23,12
Gotmonk,aggramar,1613,monk,mistweaver,62,40,22
Whoonmonk,tichondrius,1613,monk,mistweaver,66,41,25
Otzyy,turalyon,1612,monk,mistweaver,34,22,12
Santhz,ragnaros,1612,monk,mistweaver,48,28,20
Gravefu,area-52,1611,monk,mistweaver,30,19,11
Fissg,frostmourne,1611,monk,mistweaver,62,35,27
Fidgetspinna,zuljin,1611,monk,mistweaver,122,66,56
Srshy,drakkari,1611,monk,mistweaver,111,58,53
Thanieladiir,sargeras,1610,monk,mistweaver,52,30,22
Pingpang,stormreaver,1610,monk,mistweaver,81,46,35
Bozzychi,illidan,1610,monk,mistweaver,300,154,146
Tarkir,quelthalas,1609,monk,mistweaver,95,58,37
Shandaspanda,rivendare,1609,monk,mistweaver,168,94,74
Hîbîscus,illidan,1609,monk,mistweaver,32,17,15
Lazura,tichondrius,1609,monk,mistweaver,65,33,32
Evatch,kelthuzad,1609,monk,mistweaver,74,35,39
Cdeez,malganis,1608,monk,mistweaver,76,56,20
Iseeyouqt,tichondrius,1608,monk,mistweaver,26,19,7
Misooyom,moon-guard,1608,monk,mistweaver,66,40,26
Lazy,shattered-halls,1608,monk,mistweaver,58,32,26
Grandsonweez,thrall,1608,monk,mistweaver,95,49,46
Bigthing,burning-blade,1608,monk,mistweaver,42,21,21
Miniswag,arthas,1608,monk,mistweaver,72,31,41
Mîstchievous,sargeras,1607,monk,mistweaver,28,21,7
Rizzyg,tichondrius,1607,monk,mistweaver,47,34,13
Azahri,sargeras,1607,monk,mistweaver,46,29,17
Shilakamesn,tichondrius,1607,monk,mistweaver,30,17,13
Comonk,area-52,1607,monk,mistweaver,118,66,52
Monkwalker,tichondrius,1607,monk,mistweaver,90,46,44
Tubby,eredar,1606,monk,mistweaver,36,22,14
Mýthik,hyjal,1606,monk,mistweaver,66,37,29
Mastamonksta,illidan,1606,monk,mistweaver,64,32,32
Gooseoba,tichondrius,1605,monk,mistweaver,24,18,6
Conormonk,tichondrius,1605,monk,mistweaver,48,35,13
Tamingpanda,wildhammer,1605,monk,mistweaver,60,33,27
Flakkon,hyjal,1605,monk,mistweaver,110,53,57
Yangdingtian,sargeras,1605,monk,mistweaver,54,21,33
Shenzuu,daggerspine,1604,monk,mistweaver,158,91,67
Mcfisted,area-52,1604,monk,mistweaver,135,74,61
Bastilaqt,korgath,1604,monk,mistweaver,271,147,124
Morhe,the-forgotten-coast,1603,monk,mistweaver,54,38,16
Forgèt,kelthuzad,1603,monk,mistweaver,36,19,17
Fistnanweavn,dawnbringer,1603,monk,mistweaver,336,170,166
Greenstar,bleeding-hollow,1603,monk,mistweaver,316,159,157
Kharazim,skullcrusher,1603,monk,mistweaver,120,52,68
Lundch,tichondrius,1602,monk,mistweaver,57,36,21
Goochtickles,bleeding-hollow,1602,monk,mistweaver,128,79,49
Bigpøppa,tichondrius,1602,monk,mistweaver,93,51,42
Gess,stormscale,1602,monk,mistweaver,114,57,57
Docpalpatine,tichondrius,1602,monk,mistweaver,36,17,19
Xuenws,tichondrius,1602,monk,mistweaver,84,36,48
Bussyweaver,sargeras,1601,monk,mistweaver,147,90,57
Ronyxøxø,ragnaros,1601,monk,mistweaver,39,22,17
Sunbrewer,bonechewer,1601,monk,mistweaver,48,27,21
Ludan,eredar,1601,monk,mistweaver,401,210,191
Sëvyn,kelthuzad,1601,monk,mistweaver,123,64,59
Feeñy,tichondrius,1600,monk,mistweaver,83,50,33
Bachalsimple,proudmoore,1600,monk,mistweaver,119,71,48
Hunkymonky,thrall,1600,monk,mistweaver,105,59,46
Mistysweep,sargeras,1600,monk,mistweaver,85,45,40
Spirits,dreadmaul,1600,monk,mistweaver,36,19,17
Cisneros,doomhammer,1600,monk,mistweaver,401,211,190
Yuumeì,senjin,1600,monk,mistweaver,42,21,21
Veerudu,dalaran,1600,monk,mistweaver,171,85,86
Monkë,frostmourne,1600,monk,mistweaver,96,46,50
Shâdòw,ragnaros,1599,monk,mistweaver,38,23,15
Pydelo,tichondrius,1599,monk,mistweaver,72,43,29
Zarma,stormrage,1599,monk,mistweaver,124,72,52
Janeil,wyrmrest-accord,1599,monk,mistweaver,481,248,233
Vasera,moon-guard,1598,monk,mistweaver,36,20,16
Yunmen,blades-edge,1598,monk,mistweaver,122,65,57
Bubba,sargeras,1597,monk,mistweaver,106,72,34
Ghorb,boulderfist,1596,monk,mistweaver,131,73,58
Snoozzy,kelthuzad,1596,monk,mistweaver,42,21,21
Havasupai,turalyon,1595,monk,mistweaver,24,17,7
Lightskinmon,area-52,1595,monk,mistweaver,42,23,19
Mizzycash,malganis,1595,monk,mistweaver,101,55,46
Donnieyen,area-52,1595,monk,mistweaver,126,62,64
Oldfashheals,tichondrius,1594,monk,mistweaver,66,34,32
Crypslegacy,tichondrius,1594,monk,mistweaver,238,120,118
Drama,tichondrius,1593,monk,mistweaver,62,38,24
Aerius,area-52,1593,monk,mistweaver,60,35,25
Flagreturned,illidan,1593,monk,mistweaver,36,19,17
Ironmist,tichondrius,1592,monk,mistweaver,24,17,7
Waataafaak,malganis,1592,monk,mistweaver,153,78,75
Onees,tichondrius,1590,monk,mistweaver,99,49,50
Anagark,barthilas,1588,monk,mistweaver,45,34,11
Paralee,tichondrius,1587,monk,mistweaver,60,38,22
Jamerino,jubeithos,1587,monk,mistweaver,244,139,105
Bobthedrag,illidan,1587,monk,mistweaver,218,116,102
Neonep,stormrage,1586,monk,mistweaver,130,72,58
Thatsufour,ragnaros,1586,monk,mistweaver,59,31,28
Giatzo,barthilas,1585,monk,mistweaver,183,104,79
Ataxic,illidan,1585,monk,mistweaver,58,30,28
Caverus,jubeithos,1584,monk,mistweaver,230,133,97
Djux,zuljin,1584,monk,mistweaver,42,23,19
Épik,moknathal,1584,monk,mistweaver,48,23,25
Jeongkwon,tichondrius,1583,monk,mistweaver,36,19,17
Merkey,tichondrius,1583,monk,mistweaver,96,50,46
Inkar,tichondrius,1583,monk,mistweaver,42,17,25
Lariv,bleeding-hollow,1582,monk,mistweaver,82,46,36
Toastage,tichondrius,1582,monk,mistweaver,68,38,30
Monkatron,arthas,1582,monk,mistweaver,84,46,38
Beaver,zuljin,1582,monk,mistweaver,42,22,20
Damndaniel,hyjal,1582,monk,mistweaver,411,201,210
Nanfisterx,tichondrius,1582,monk,mistweaver,60,29,31
Zeroxe,area-52,1581,monk,mistweaver,54,36,18
Zhaojack,azralon,1581,monk,mistweaver,36,20,16
Voltekkor,tichondrius,1581,monk,mistweaver,62,33,29
Pls,moon-guard,1580,monk,mistweaver,30,17,13
Tamonger,stormrage,1579,monk,mistweaver,230,122,108
Scrotburg,thrall,1579,monk,mistweaver,36,19,17
Ricklee,ysera,1577,monk,mistweaver,33,23,10
Moonkers,tichondrius,1577,monk,mistweaver,73,46,27
Jurassaf,illidan,1575,monk,mistweaver,36,23,13
Josciel,ragnaros,1575,monk,mistweaver,748,379,369
Xtacie,sargeras,1575,monk,mistweaver,102,46,56
Imnumberone,alterac-mountains,1574,monk,mistweaver,30,17,13
Hitaru,azralon,1574,monk,mistweaver,106,59,47
Çlac,illidan,1574,monk,mistweaver,210,109,101
Hazelbazel,bleeding-hollow,1573,monk,mistweaver,66,42,24
Juchiyosamu,illidan,1573,monk,mistweaver,33,19,14
Chevvyy,azshara,1573,monk,mistweaver,36,18,18
Beboté,quelthalas,1573,monk,mistweaver,205,97,108
Brewtalìty,tichondrius,1572,monk,mistweaver,104,58,46
Slashsmack,caelestrasz,1572,monk,mistweaver,98,51,47
Eraticmonk,illidan,1572,monk,mistweaver,38,18,20
Jugies,emerald-dream,1571,monk,mistweaver,111,64,47
Scoopzim,frostmourne,1570,monk,mistweaver,72,29,43
Vohdka,malganis,1569,monk,mistweaver,148,86,62
Healzpapi,tichondrius,1569,monk,mistweaver,274,146,128
Dlysezzic,tichondrius,1569,monk,mistweaver,150,77,73
Thraging,sargeras,1569,monk,mistweaver,83,39,44
Daphtmunk,tichondrius,1567,monk,mistweaver,36,20,16
Veylana,tichondrius,1567,monk,mistweaver,36,19,17
Rileyreidfan,azjolnerub,1566,monk,mistweaver,54,33,21
Xuxin,medivh,1566,monk,mistweaver,100,58,42
Thevy,area-52,1566,monk,mistweaver,42,21,21
Zeelos,kelthuzad,1565,monk,mistweaver,36,24,12
Gsv,sargeras,1565,monk,mistweaver,180,98,82
Nukeproof,stormreaver,1565,monk,mistweaver,67,34,33
Fkedyourwife,dalaran,1564,monk,mistweaver,48,27,21
Bebess,moon-guard,1564,monk,mistweaver,51,28,23
Bunnygal,thaurissan,1564,monk,mistweaver,161,82,79
Eatmykïtty,dalaran,1563,monk,mistweaver,36,23,13
Lenakai,malganis,1563,monk,mistweaver,53,26,27
Zkingmonk,stormrage,1563,monk,mistweaver,48,20,28
Ðìé,tichondrius,1562,monk,mistweaver,84,47,37
Hatsu,madoran,1562,monk,mistweaver,155,79,76
Muzzen,fizzcrank,1562,monk,mistweaver,40,20,20
Holyfiremist,kiljaeden,1561,monk,mistweaver,43,27,16
Fistuhcuffs,sargeras,1561,monk,mistweaver,87,49,38
Julipz,tichondrius,1561,monk,mistweaver,57,32,25
Lilsloptop,moon-guard,1561,monk,mistweaver,207,116,91
Wide,scarlet-crusade,1560,monk,mistweaver,30,17,13
Jhaded,tichondrius,1560,monk,mistweaver,65,35,30
Fritzeñ,emerald-dream,1559,monk,mistweaver,76,47,29
Inebriated,auchindoun,1559,monk,mistweaver,39,22,17
Maripaulita,ragnaros,1559,monk,mistweaver,42,21,21
Rosellina,kelthuzad,1558,monk,mistweaver,97,56,41
Xentra,stormrage,1557,monk,mistweaver,23,17,6
Buoymoose,bleeding-hollow,1557,monk,mistweaver,53,35,18
Slipperybobs,tichondrius,1557,monk,mistweaver,101,61,40
Versachi,stormreaver,1557,monk,mistweaver,152,78,74
Odindad,tichondrius,1556,monk,mistweaver,168,91,77
Ekèl,tichondrius,1556,monk,mistweaver,155,83,72
Integrity,durotan,1556,monk,mistweaver,338,170,168
Alinejat,auchindoun,1556,monk,mistweaver,47,23,24
Fehthermane,area-52,1555,monk,mistweaver,94,58,36
Gomey,bleeding-hollow,1555,monk,mistweaver,62,38,24
Ermac,kiljaeden,1555,monk,mistweaver,71,41,30
Jèricho,thrall,1555,monk,mistweaver,118,68,50
Bowstâff,lightbringer,1555,monk,mistweaver,42,23,19
Hellcow,frostmourne,1555,monk,mistweaver,299,163,136
Critôris,tichondrius,1554,monk,mistweaver,53,30,23
Chiban,misha,1554,monk,mistweaver,82,45,37
Nelda,gorgonnash,1553,monk,mistweaver,209,117,92
Lartridia,malganis,1553,monk,mistweaver,85,44,41
Lonebamboo,tichondrius,1553,monk,mistweaver,56,28,28
Russtie,sargeras,1553,monk,mistweaver,48,24,24
Deepchi,tichondrius,1552,monk,mistweaver,96,55,41
React,frostwolf,1552,monk,mistweaver,74,37,37
Peezadelo,azralon,1551,monk,mistweaver,69,39,30
Xwârz,drakkari,1551,monk,mistweaver,86,48,38
Genjen,bleeding-hollow,1551,monk,mistweaver,57,28,29
Mexii,hellscream,1551,monk,mistweaver,328,157,171
Fattyboy,area-52,1550,monk,mistweaver,166,100,66
Nailtech,tichondrius,1550,monk,mistweaver,66,37,29
Phazorr,frostmourne,1550,monk,mistweaver,48,24,24
Sabersatin,sargeras,1550,monk,mistweaver,42,21,21
Keileas,moon-guard,1550,monk,mistweaver,142,67,75
Mfmiscreant,illidan,1550,monk,mistweaver,78,36,42
Fistyabooty,frostmourne,1550,monk,mistweaver,59,27,32
Phûckme,tichondrius,1549,monk,mistweaver,28,17,11
Statue,cenarius,1549,monk,mistweaver,29,17,12
Ckqt,stormrage,1549,monk,mistweaver,71,37,34
Lekrosa,thrall,1548,monk,mistweaver,99,55,44
Göat,emerald-dream,1548,monk,mistweaver,93,50,43
Silkymoves,tichondrius,1548,monk,mistweaver,36,17,19
Thetaria,sargeras,1548,monk,mistweaver,120,55,65
Purmbanned,tichondrius,1547,monk,mistweaver,36,28,8
Zendo,silvermoon,1547,monk,mistweaver,36,19,17
Frenchfries,dragonmaw,1547,monk,mistweaver,72,34,38
Misturi,moon-guard,1545,monk,mistweaver,65,37,28
Bauindar,illidan,1545,monk,mistweaver,42,21,21
Honjada,tichondrius,1544,monk,mistweaver,48,37,11
Utryhard,kiljaeden,1544,monk,mistweaver,48,27,21
Aramonk,tichondrius,1544,monk,mistweaver,189,105,84
Kwoon,hyjal,1544,monk,mistweaver,64,34,30
Krob,bleeding-hollow,1544,monk,mistweaver,33,17,16
Chozyn,illidan,1542,monk,mistweaver,24,18,6
Haiyà,malganis,1542,monk,mistweaver,30,17,13
Lingerer,aerie-peak,1542,monk,mistweaver,70,38,32
Cosome,tichondrius,1541,monk,mistweaver,27,18,9
Topnotch,malganis,1541,monk,mistweaver,102,60,42
Waxxi,barthilas,1541,monk,mistweaver,240,133,107
Cannenmonk,sargeras,1540,monk,mistweaver,60,37,23
Omii,darkspear,1540,monk,mistweaver,34,17,17
Notfw,tichondrius,1540,monk,mistweaver,64,27,37
Lørðjimmy,sargeras,1539,monk,mistweaver,42,29,13
Kegwalker,earthen-ring,1538,monk,mistweaver,30,18,12
Prf,ragnaros,1538,monk,mistweaver,94,56,38
Shinzui,proudmoore,1538,monk,mistweaver,122,64,58
Dovhug,draenor,1538,monk,mistweaver,106,53,53
Eightpoint,illidan,1536,monk,mistweaver,39,25,14
Scrapfu,proudmoore,1536,monk,mistweaver,83,44,39
Shaweaver,caelestrasz,1536,monk,mistweaver,72,31,41
Babychi,frostmourne,1535,monk,mistweaver,91,49,42
Soothinn,tichondrius,1534,monk,mistweaver,108,65,43
Brewswayne,argent-dawn,1534,monk,mistweaver,72,41,31
Trilltwo,illidan,1534,monk,mistweaver,30,16,14
Suntzulml,quelthalas,1534,monk,mistweaver,377,189,188
Rènh,ragnaros,1534,monk,mistweaver,65,32,33
Fisthealz,area-52,1533,monk,mistweaver,36,28,8
Mwomegalul,sargeras,1533,monk,mistweaver,36,16,20
Austinm,tichondrius,1532,monk,mistweaver,24,16,8
Zenspice,stormrage,1532,monk,mistweaver,51,27,24
Tigerlust,sargeras,1532,monk,mistweaver,40,21,19
Marsha,tichondrius,1532,monk,mistweaver,83,37,46
Dedracula,quelthalas,1531,monk,mistweaver,59,41,18
Lozza,jubeithos,1531,monk,mistweaver,89,48,41
Throws,stormrage,1531,monk,mistweaver,41,22,19
Lolaj,thrall,1530,monk,mistweaver,18,16,2
Noogiie,barthilas,1530,monk,mistweaver,28,18,10
Chopsake,khadgar,1530,monk,mistweaver,86,54,32
Zhuangnimane,tichondrius,1530,monk,mistweaver,65,38,27
Jlowbob,tichondrius,1530,monk,mistweaver,96,51,45
Kungfused,antonidas,1529,monk,mistweaver,30,16,14
Dakism,sargeras,1528,monk,mistweaver,32,19,13
Âfrika,ysondre,1528,monk,mistweaver,100,49,51
Carzo,area-52,1527,monk,mistweaver,38,23,15
Serpp,kelthuzad,1527,monk,mistweaver,42,24,18
Imsouglyman,tichondrius,1525,monk,mistweaver,88,54,34
Gngrbeardman,tichondrius,1525,monk,mistweaver,51,27,24
Kwazinator,area-52,1524,monk,mistweaver,24,16,8
Proctology,tichondrius,1524,monk,mistweaver,64,40,24
Kendargo,moon-guard,1524,monk,mistweaver,52,31,21
Rockemsockem,gorefiend,1524,monk,mistweaver,72,41,31
Bobbybiz,bleeding-hollow,1524,monk,mistweaver,158,86,72
Eldrik,stormrage,1522,monk,mistweaver,30,20,10
Ufs,illidan,1522,monk,mistweaver,24,16,8
Xomonik,borean-tundra,1522,monk,mistweaver,113,64,49
Kariwanji,tichondrius,1522,monk,mistweaver,365,189,176
Jitsu,frostmane,1521,monk,mistweaver,105,64,41
Baee,cairne,1521,monk,mistweaver,90,39,51
Lenee,frostmourne,1520,monk,mistweaver,51,33,18
Spoilermonk,kelthuzad,1519,monk,mistweaver,43,24,19
Kiqz,stormrage,1519,monk,mistweaver,30,16,14
Greenbrews,area-52,1519,monk,mistweaver,329,170,159
Banterx,sargeras,1519,monk,mistweaver,97,47,50
Manicata,tichondrius,1518,monk,mistweaver,317,172,145
Xenitate,bleeding-hollow,1518,monk,mistweaver,65,33,32
Kymosolomk,sargeras,1517,monk,mistweaver,24,18,6
Aokuâng,malganis,1517,monk,mistweaver,151,87,64
Mymissteak,darkspear,1517,monk,mistweaver,193,100,93
Mingchen,tichondrius,1515,monk,mistweaver,168,93,75
Indigojo,silver-hand,1515,monk,mistweaver,170,87,83
Thirteendads,turalyon,1515,monk,mistweaver,172,88,84
Phoenixspark,gnomeregan,1514,monk,mistweaver,98,62,36
Fister,garithos,1514,monk,mistweaver,136,79,57
Doodada,tichondrius,1514,monk,mistweaver,191,102,89
Wukong,gundrak,1514,monk,mistweaver,48,24,24
Zerker,nagrand,1514,monk,mistweaver,79,37,42
Hungfuu,tichondrius,1513,monk,mistweaver,36,25,11
Jackâl,malganis,1513,monk,mistweaver,73,43,30
Catmonk,the-forgotten-coast,1513,monk,mistweaver,30,16,14
Bogez,area-52,1513,monk,mistweaver,48,25,23
Meisterbrew,garona,1512,monk,mistweaver,60,29,31
Iluvthugnmcz,sargeras,1511,monk,mistweaver,148,79,69
Boneykicks,tichondrius,1511,monk,mistweaver,60,28,32
Vvsm,tichondrius,1510,monk,mistweaver,48,24,24
Bananagirl,tichondrius,1509,monk,mistweaver,18,16,2
Seldah,icecrown,1509,monk,mistweaver,24,17,7
Ric,gundrak,1509,monk,mistweaver,127,76,51
Bøkky,frostmourne,1509,monk,mistweaver,144,85,59
Monkash,sargeras,1509,monk,mistweaver,36,19,17
Presas,nemesis,1509,monk,mistweaver,110,58,52
Oochi,illidan,1509,monk,mistweaver,78,36,42
Chilliweaver,frostmourne,1509,monk,mistweaver,105,47,58
Tirêd,sargeras,1508,monk,mistweaver,136,73,63
Tipcat,wyrmrest-accord,1507,monk,mistweaver,36,18,18
Chìforce,sargeras,1507,monk,mistweaver,53,23,30
Sihgriid,tichondrius,1506,monk,mistweaver,104,60,44
Phialah,alexstrasza,1506,monk,mistweaver,54,27,27
Sob,frostmourne,1504,monk,mistweaver,277,153,124
Dextr,arthas,1503,monk,mistweaver,93,53,40
Thuglotus,tichondrius,1503,monk,mistweaver,30,17,13
Monkybidness,tichondrius,1503,monk,mistweaver,63,31,32
Superbae,area-52,1503,monk,mistweaver,54,25,29
Daslow,quelthalas,1501,monk,mistweaver,188,95,93
Jeolmyung,tichondrius,1501,monk,mistweaver,51,24,27
Frothy,bleeding-hollow,1500,monk,mistweaver,45,27,18
Rômmul,azralon,1500,monk,mistweaver,135,77,58
Evilbit,boulderfist,1500,monk,mistweaver,36,20,16
Ymiron,smolderthorn,1499,monk,mistweaver,120,64,56
Ghim,frostmourne,1499,monk,mistweaver,114,50,64
Gitwwrekd,area-52,1498,monk,mistweaver,30,22,8
Märthä,azralon,1498,monk,mistweaver,179,94,85
Äncient,quelthalas,1497,monk,mistweaver,142,82,60
Caliroll,gorefiend,1497,monk,mistweaver,88,42,46
Tinypunch,emerald-dream,1496,monk,mistweaver,72,34,38
Moystweaver,bleeding-hollow,1494,monk,mistweaver,78,41,37
Hiiyaa,tichondrius,1493,monk,mistweaver,134,66,68
Crìstiano,malganis,1492,monk,mistweaver,50,30,20
Lidela,sargeras,1492,monk,mistweaver,118,62,56
Diligentmonk,illidan,1492,monk,mistweaver,63,32,31
Seung,duskwood,1492,monk,mistweaver,255,121,134
Dhomonk,rexxar,1491,monk,mistweaver,52,29,23
Fistea,frostmourne,1491,monk,mistweaver,57,28,29
Caellum,quelthalas,1490,monk,mistweaver,41,27,14
Leemîn,tichondrius,1490,monk,mistweaver,58,38,20
Chelada,sargeras,1490,monk,mistweaver,72,33,39
Monaks,barthilas,1490,monk,mistweaver,102,40,62
Smoothkitty,stormrage,1489,monk,mistweaver,63,46,17
Americå,zuljin,1489,monk,mistweaver,105,65,40
Poundmedaddi,tichondrius,1489,monk,mistweaver,192,112,80
Xyamïxo,tichondrius,1489,monk,mistweaver,224,121,103
Carnâge,bleeding-hollow,1489,monk,mistweaver,63,33,30
Darce,tichondrius,1489,monk,mistweaver,42,20,22
Shyntä,dalaran,1488,monk,mistweaver,138,79,59
Tayytay,kiljaeden,1488,monk,mistweaver,117,66,51
Pandamanapua,dragonmaw,1488,monk,mistweaver,80,38,42
Themonkfunk,bleeding-hollow,1487,monk,mistweaver,46,29,17
Cousycous,garithos,1487,monk,mistweaver,54,33,21
Dégg,thrall,1487,monk,mistweaver,48,27,21
Thahomie,nordrassil,1487,monk,mistweaver,48,21,27
Ebrew,frostmourne,1486,monk,mistweaver,140,79,61
Mungka,tichondrius,1486,monk,mistweaver,132,69,63
Saeloon,frostmourne,1486,monk,mistweaver,77,36,41
Greenpigo,tichondrius,1485,monk,mistweaver,36,25,11
Enfoque,quelthalas,1485,monk,mistweaver,153,92,61
Jabtrak,kargath,1485,monk,mistweaver,54,32,22
Thors,gorgonnash,1485,monk,mistweaver,102,59,43
Buddhabud,sargeras,1485,monk,mistweaver,54,28,26
Bossmonk,tichondrius,1484,monk,mistweaver,192,99,93
Brokenfeels,azralon,1483,monk,mistweaver,72,35,37
Pimpolhona,nemesis,1482,monk,mistweaver,168,86,82
Drfoochi,tichondrius,1482,monk,mistweaver,72,35,37
Docwang,malganis,1481,monk,mistweaver,96,59,37
Kharazina,azralon,1481,monk,mistweaver,36,21,15
Hakunapotata,demon-soul,1480,monk,mistweaver,30,17,13
Sneakyymonk,dalaran,1480,monk,mistweaver,96,46,50
Grimaku,tichondrius,1480,monk,mistweaver,69,32,37
Wittymonk,illidan,1479,monk,mistweaver,123,63,60
Clipping,tichondrius,1478,monk,mistweaver,54,32,22
Xaurian,firetree,1478,monk,mistweaver,109,64,45
Ösîrîs,stormrage,1478,monk,mistweaver,129,69,60
Oakleet,bleeding-hollow,1478,monk,mistweaver,60,32,28
Taigared,ragnaros,1478,monk,mistweaver,45,17,28
Talented,azuremyst,1477,monk,mistweaver,63,41,22
Benex,tichondrius,1477,monk,mistweaver,71,39,32
Ungankable,sargeras,1477,monk,mistweaver,303,156,147
Meldrop,tichondrius,1477,monk,mistweaver,36,16,20
Monkpowaz,stormrage,1476,monk,mistweaver,42,26,16
Saulgóòdman,tichondrius,1476,monk,mistweaver,48,22,26
Sorowblade,lothar,1475,monk,mistweaver,86,48,38
Keekirx,tichondrius,1475,monk,mistweaver,46,25,21
Popchi,stormrage,1475,monk,mistweaver,48,18,30
Spoderkeeper,tichondrius,1474,monk,mistweaver,30,18,12
Restaurantzs,tichondrius,1474,monk,mistweaver,167,94,73
Bruceteå,area-52,1473,monk,mistweaver,29,19,10
Mòñk,shattered-halls,1473,monk,mistweaver,42,26,16
Punchberry,illidan,1472,monk,mistweaver,72,46,26
Ricecar,sargeras,1472,monk,mistweaver,59,34,25
Lostinmistz,tichondrius,1472,monk,mistweaver,30,16,14
Cooltran,tichondrius,1471,monk,mistweaver,59,35,24
Mcfluffey,area-52,1471,monk,mistweaver,98,58,40
Sóntix,sargeras,1471,monk,mistweaver,97,49,48
Sinistuhm,tichondrius,1470,monk,mistweaver,89,50,39
Xtrememisty,frostmourne,1470,monk,mistweaver,78,42,36
Puoll,gallywix,1467,monk,mistweaver,211,112,99
Kirshta,kelthuzad,1466,monk,mistweaver,44,32,12
Sangthos,darkspear,1466,monk,mistweaver,353,168,185
Twinktoez,bleeding-hollow,1466,monk,mistweaver,98,45,53
Ÿipman,frostmourne,1466,monk,mistweaver,72,33,39
Wohrfnok,illidan,1465,monk,mistweaver,48,28,20
Tuss,tichondrius,1465,monk,mistweaver,99,42,57
Bruceki,bleeding-hollow,1464,monk,mistweaver,99,50,49
Binghe,illidan,1463,monk,mistweaver,132,77,55
Warzsong,azralon,1463,monk,mistweaver,81,45,36
Jinjunxi,tichondrius,1463,monk,mistweaver,144,78,66
Dharma,khaz-modan,1463,monk,mistweaver,154,79,75
Virdy,ragnaros,1462,monk,mistweaver,36,24,12
Tinze,bonechewer,1462,monk,mistweaver,122,72,50
Khadfu,sargeras,1462,monk,mistweaver,45,22,23
Iamamonk,kelthuzad,1461,monk,mistweaver,50,32,18
Ñoobmonk,tichondrius,1461,monk,mistweaver,53,28,25
Mythm,frostmourne,1460,monk,mistweaver,48,26,22
Himah,area-52,1460,monk,mistweaver,36,16,20
Gnomepuncher,dalaran,1459,monk,mistweaver,48,25,23
Shoumi,turalyon,1458,monk,mistweaver,36,22,14
Monktor,dalaran,1458,monk,mistweaver,132,69,63
Kazov,proudmoore,1458,monk,mistweaver,178,92,86
Evllx,tichondrius,1457,monk,mistweaver,36,27,9
Phatcheeks,aegwynn,1457,monk,mistweaver,117,66,51
Knucklebadge,tichondrius,1455,monk,mistweaver,59,38,21
Brewleeroy,tichondrius,1455,monk,mistweaver,40,24,16
Chiapets,kiljaeden,1455,monk,mistweaver,47,22,25
Yurm,moon-guard,1454,monk,mistweaver,101,64,37
Berzerk,dalvengyr,1453,monk,mistweaver,33,16,17
Donchi,sargeras,1453,monk,mistweaver,58,27,31
Fairyeflora,wyrmrest-accord,1452,monk,mistweaver,48,31,17
Mistcrab,tichondrius,1452,monk,mistweaver,113,67,46
Rôbo,emerald-dream,1452,monk,mistweaver,29,16,13
Htm,barthilas,1451,monk,mistweaver,58,24,34
Pomonk,nazjatar,1450,monk,mistweaver,69,45,24
Bakus,tichondrius,1449,monk,mistweaver,57,32,25
Reque,illidan,1449,monk,mistweaver,557,291,266
Bibibi,moon-guard,1449,monk,mistweaver,48,24,24
Sisfist,blackhand,1449,monk,mistweaver,36,18,18
Orcmonkk,tichondrius,1449,monk,mistweaver,42,20,22
Sohéi,proudmoore,1448,monk,mistweaver,65,34,31
Kuá,tichondrius,1447,monk,mistweaver,48,29,19
Jujumonkie,darkspear,1447,monk,mistweaver,53,29,24
Míyãgí,tichondrius,1447,monk,mistweaver,90,48,42
Akumeidakai,stormrage,1446,monk,mistweaver,144,81,63
Sodosopaw,area-52,1446,monk,mistweaver,111,59,52
Allypecia,tichondrius,1446,monk,mistweaver,66,29,37
Musachi,barthilas,1446,monk,mistweaver,108,47,61
Monkeybooze,sargeras,1445,monk,mistweaver,68,40,28
Mustaf,stormrage,1445,monk,mistweaver,144,72,72
Vadszz,azralon,1444,monk,mistweaver,24,22,2
Brewball,illidan,1444,monk,mistweaver,68,37,31
Showshoway,tichondrius,1444,monk,mistweaver,306,147,159
Nyght,moon-guard,1444,monk,mistweaver,120,54,66
Abdoolah,illidan,1443,monk,mistweaver,164,83,81
Obàma,tichondrius,1443,monk,mistweaver,96,44,52
Zenquadz,elune,1442,monk,mistweaver,114,72,42
Qtlolpraxhz,quelthalas,1442,monk,mistweaver,72,42,30
Hyugga,azralon,1442,monk,mistweaver,113,65,48
Liamaz,amanthul,1442,monk,mistweaver,66,37,29
Darkjab,tichondrius,1442,monk,mistweaver,48,22,26
Furyjames,quelthalas,1442,monk,mistweaver,131,59,72
Meshugah,quelthalas,1441,monk,mistweaver,124,59,65
ßza,tichondrius,1440,monk,mistweaver,26,18,8
Hoggs,sargeras,1440,monk,mistweaver,243,135,108
Dblfistez,stormreaver,1440,monk,mistweaver,64,31,33
Chérudim,illidan,1439,monk,mistweaver,18,15,3
Bbunglee,tichondrius,1439,monk,mistweaver,78,46,32
Horndog,skullcrusher,1438,monk,mistweaver,18,15,3
Dbmmonk,malganis,1438,monk,mistweaver,18,15,3
Zzizzi,tichondrius,1438,monk,mistweaver,24,15,9
Zeevaliara,caelestrasz,1438,monk,mistweaver,80,46,34
Zonianman,tichondrius,1438,monk,mistweaver,125,69,56
Mxxb,illidan,1437,monk,mistweaver,24,15,9
Freeoni,sargeras,1437,monk,mistweaver,61,37,24
Kemmy,ravencrest,1436,monk,mistweaver,61,34,27
Shôckley,tichondrius,1436,monk,mistweaver,50,27,23
Pcyesh,nemesis,1436,monk,mistweaver,116,59,57
Rolybones,boulderfist,1436,monk,mistweaver,49,24,25
Iilgayrob,stormrage,1435,monk,mistweaver,24,15,9
Rawmonk,blackrock,1435,monk,mistweaver,24,15,9
Outhume,eredar,1435,monk,mistweaver,30,15,15
Ticmonk,frostmourne,1434,monk,mistweaver,24,15,9
Taipanni,sargeras,1434,monk,mistweaver,64,27,37
Sobuu,wyrmrest-accord,1433,monk,mistweaver,42,31,11
Feynzen,frostmourne,1433,monk,mistweaver,43,28,15
Chat,perenolde,1433,monk,mistweaver,24,15,9
Omimonk,sargeras,1433,monk,mistweaver,94,51,43
Softer,frostmane,1432,monk,mistweaver,24,15,9
Sakibombz,sargeras,1432,monk,mistweaver,120,67,53
Gotosleepkid,dalaran,1432,monk,mistweaver,50,25,25
Melrose,kiljaeden,1431,monk,mistweaver,42,26,16
Metapôd,tichondrius,1431,monk,mistweaver,117,60,57
Bingqilinn,sargeras,1431,monk,mistweaver,30,15,15
Tylerrian,kiljaeden,1430,monk,mistweaver,23,16,7
Brewfessorx,proudmoore,1430,monk,mistweaver,30,15,15
Närza,kelthuzad,1430,monk,mistweaver,73,36,37
Nîxs,frostmourne,1430,monk,mistweaver,50,22,28
Flfltmdal,tichondrius,1429,monk,mistweaver,24,15,9
Padunk,area-52,1428,monk,mistweaver,24,15,9
Blpkosher,tichondrius,1428,monk,mistweaver,24,15,9
Fuqame,kiljaeden,1428,monk,mistweaver,42,19,23
Paradissô,tichondrius,1428,monk,mistweaver,60,26,34
Tyrannus,chogall,1427,monk,mistweaver,48,26,22
Åvå,emerald-dream,1427,monk,mistweaver,164,79,85
Flicksx,arthas,1426,monk,mistweaver,24,15,9
Hybrid,draenor,1426,monk,mistweaver,72,42,30
Vorikson,stormrage,1426,monk,mistweaver,228,108,120
Jooshy,tichondrius,1426,monk,mistweaver,83,39,44
Jmonks,stormrage,1426,monk,mistweaver,102,46,56
Kronii,sargeras,1425,monk,mistweaver,98,53,45
Bbyyoda,illidan,1425,monk,mistweaver,132,70,62
Selfhealings,korgath,1425,monk,mistweaver,154,81,73
Tenshu,runetotem,1425,monk,mistweaver,93,48,45
Vraxion,aggramar,1425,monk,mistweaver,214,102,112
Pøkemonk,malganis,1424,monk,mistweaver,24,15,9
Absolutvodca,nemesis,1424,monk,mistweaver,102,59,43
Chuks,nerzhul,1424,monk,mistweaver,284,152,132
Goocn,tichondrius,1424,monk,mistweaver,66,35,31
Willowa,frostmourne,1424,monk,mistweaver,104,55,49
Deadmw,thrall,1423,monk,mistweaver,24,17,7
Valdredreaux,moon-guard,1423,monk,mistweaver,24,15,9
Tamagotchi,emerald-dream,1423,monk,mistweaver,54,31,23
Tenzing,azgalor,1423,monk,mistweaver,30,16,14
Evilstep,tichondrius,1422,monk,mistweaver,229,123,106
Pagtuk,daggerspine,1422,monk,mistweaver,69,30,39
Brüce,ragnaros,1421,monk,mistweaver,57,33,24
Ryukenshin,proudmoore,1421,monk,mistweaver,30,17,13
Xxgonchi,quelthalas,1421,monk,mistweaver,193,104,89
Jasonmonk,sargeras,1420,monk,mistweaver,31,19,12
Crunchyhippy,hyjal,1420,monk,mistweaver,54,31,23
Rhynoo,lothar,1420,monk,mistweaver,102,56,46
Niseo,kelthuzad,1419,monk,mistweaver,30,24,6
Taijutzu,darkspear,1419,monk,mistweaver,24,15,9
Nornangus,sargeras,1419,monk,mistweaver,65,34,31
Rickless,quelthalas,1419,monk,mistweaver,48,22,26
Xiaoemo,tichondrius,1418,monk,mistweaver,49,35,14
Telospateo,ragnaros,1418,monk,mistweaver,96,51,45
Pandemikmonk,turalyon,1418,monk,mistweaver,84,43,41
Dumbmonk,frostmourne,1416,monk,mistweaver,18,15,3
Tankozorr,zuljin,1416,monk,mistweaver,228,117,111
Midewmonk,proudmoore,1416,monk,mistweaver,70,29,41
Pixelface,barthilas,1415,monk,mistweaver,51,33,18
Aniwhy,tichondrius,1415,monk,mistweaver,24,15,9
Kymist,stormrage,1415,monk,mistweaver,194,102,92
Hadryan,proudmoore,1415,monk,mistweaver,392,198,194
Zac,veknilash,1414,monk,mistweaver,33,22,11
Decha,skywall,1414,monk,mistweaver,30,19,11
Beätfeet,tichondrius,1414,monk,mistweaver,54,33,21
Tjab,kiljaeden,1413,monk,mistweaver,30,15,15
Markofzugzug,tichondrius,1413,monk,mistweaver,36,15,21
Lelastarxo,barthilas,1412,monk,mistweaver,18,15,3
Nuubchi,stormrage,1412,monk,mistweaver,43,27,16
Beefdadyfist,tichondrius,1412,monk,mistweaver,72,41,31
Buudhist,dalaran,1412,monk,mistweaver,90,47,43
Purging,draka,1411,monk,mistweaver,122,83,39
Nipnap,bleeding-hollow,1411,monk,mistweaver,32,19,13
Ralphiex,tichondrius,1411,monk,mistweaver,101,53,48
Xenzas,chogall,1410,monk,mistweaver,29,17,12
Chèmosh,fenris,1410,monk,mistweaver,47,25,22
Chavbrew,stormrage,1410,monk,mistweaver,89,46,43
Caradlevinge,ragnaros,1410,monk,mistweaver,84,34,50
Beverage,frostmourne,1409,monk,mistweaver,35,24,11
Tanskee,sargeras,1409,monk,mistweaver,71,42,29
Milfpuncher,tichondrius,1409,monk,mistweaver,64,35,29
ßrewslèè,tichondrius,1409,monk,mistweaver,175,93,82
Noodalie,moon-guard,1408,monk,mistweaver,30,22,8
Tobyblack,illidan,1408,monk,mistweaver,143,72,71
Awwchi,tichondrius,1407,monk,mistweaver,90,47,43
Barlyfe,tichondrius,1407,monk,mistweaver,42,18,24
Vegoku,moon-guard,1406,monk,mistweaver,137,72,65
Onlyhands,whisperwind,1405,monk,mistweaver,83,48,35
Shaolyyn,zuljin,1405,monk,mistweaver,302,168,134
Smungus,bloodscalp,1405,monk,mistweaver,68,37,31
Gazzoxsan,chogall,1405,monk,mistweaver,116,60,56
Lindraice,illidan,1405,monk,mistweaver,30,15,15
Edbtz,illidan,1403,monk,mistweaver,30,21,9
Themys,zuljin,1403,monk,mistweaver,90,48,42
Závior,emerald-dream,1403,monk,mistweaver,36,16,20
Sgarbossa,tortheldrin,1403,monk,mistweaver,36,15,21
Tert,aerie-peak,1402,monk,mistweaver,170,97,73
Ninjatoots,aerie-peak,1402,monk,mistweaver,124,70,54
Nelly,grizzly-hills,1402,monk,mistweaver,39,17,22
Zuchi,frostmourne,1401,monk,mistweaver,36,23,13
Lunarc,mannoroth,1401,monk,mistweaver,93,50,43
Schein,sargeras,1401,monk,mistweaver,29,15,14
Gândhi,kiljaeden,1401,monk,mistweaver,51,21,30
Wungpo,the-forgotten-coast,1400,monk,mistweaver,24,15,9
Güwop,tichondrius,1400,monk,mistweaver,105,55,50
Mongénoio,nemesis,1400,monk,mistweaver,32,16,16
Blackmist,khazgoroth,1399,monk,mistweaver,24,16,8
Dåßz,illidan,1399,monk,mistweaver,55,24,31
Carlosm,tichondrius,1398,monk,mistweaver,30,19,11
Alfonzó,tichondrius,1398,monk,mistweaver,30,15,15
Karmajkdead,tichondrius,1397,monk,mistweaver,30,16,14
Soothem,tichondrius,1396,monk,mistweaver,313,171,142
Zignzag,stormscale,1396,monk,mistweaver,109,57,52
Swiftyboi,tichondrius,1396,monk,mistweaver,298,147,151
Cthulumonk,lightnings-blade,1395,monk,mistweaver,42,18,24
Gerranni,wyrmrest-accord,1394,monk,mistweaver,36,26,10
Jnziww,area-52,1394,monk,mistweaver,30,21,9
Karmerr,proudmoore,1394,monk,mistweaver,53,27,26
Brewamp,zuljin,1394,monk,mistweaver,112,57,55
Zammymonk,area-52,1393,monk,mistweaver,18,15,3
Troutline,bonechewer,1392,monk,mistweaver,172,98,74
Fortyozkilla,thrall,1392,monk,mistweaver,36,20,16
Tastyfeetz,illidan,1392,monk,mistweaver,61,28,33
Gèrthisha,thunderlord,1391,monk,mistweaver,34,21,13
Harryrichard,sargeras,1391,monk,mistweaver,53,31,22
Crankxx,malganis,1391,monk,mistweaver,33,18,15
Kylièjenner,gilneas,1389,monk,mistweaver,82,46,36
Pepperoncini,korgath,1389,monk,mistweaver,111,53,58
Figurines,sargeras,1389,monk,mistweaver,43,19,24
Twirl,mugthol,1389,monk,mistweaver,42,18,24
Biglinky,sargeras,1388,monk,mistweaver,46,25,21
Sonicenergy,tichondrius,1387,monk,mistweaver,75,37,38
Verelaana,moon-guard,1386,monk,mistweaver,41,21,20
Thunderfitz,tichondrius,1386,monk,mistweaver,84,38,46
Cilldemonarc,area-52,1386,monk,mistweaver,36,16,20
Xesus,nazjatar,1386,monk,mistweaver,61,26,35
Vum,quelthalas,1385,monk,mistweaver,21,16,5
Trüa,stormrage,1385,monk,mistweaver,45,29,16
Sensey,veknilash,1385,monk,mistweaver,32,18,14
Bullët,tichondrius,1385,monk,mistweaver,192,103,89
Hsi,kelthuzad,1385,monk,mistweaver,65,30,35
Shaolinmists,malganis,1384,monk,mistweaver,30,24,6
Troutz,sargeras,1384,monk,mistweaver,60,36,24
Redweave,moon-guard,1383,monk,mistweaver,36,17,19
Ferrarí,quelthalas,1382,monk,mistweaver,305,162,143
Flixz,stormrage,1382,monk,mistweaver,48,25,23
Clyteai,arthas,1382,monk,mistweaver,69,35,34
Riokhan,ragnaros,1381,monk,mistweaver,54,31,23
Buymymixtape,ursin,1381,monk,mistweaver,38,18,20
Valiantroar,shandris,1381,monk,mistweaver,38,16,22
Kennjin,spinebreaker,1380,monk,mistweaver,24,16,8
Hummerkungfu,azralon,1380,monk,mistweaver,79,40,39
Hirahxx,frostmourne,1379,monk,mistweaver,33,19,14
Dumplinz,tichondrius,1378,monk,mistweaver,65,39,26
Dirtysmonk,mugthol,1376,monk,mistweaver,24,16,8
Darrhon,illidan,1376,monk,mistweaver,379,201,178
Hornymonkale,thrall,1375,monk,mistweaver,27,17,10
Pablojám,ragnaros,1375,monk,mistweaver,42,23,19
Quinoo,emerald-dream,1375,monk,mistweaver,75,33,42
Azzazel,nerzhul,1375,monk,mistweaver,48,17,31
Afabled,drakkari,1373,monk,mistweaver,48,26,22
Ozen,burning-blade,1373,monk,mistweaver,80,41,39
Jtrâin,frostmourne,1372,monk,mistweaver,56,34,22
Flyjes,stormrage,1372,monk,mistweaver,30,17,13
Vai,korgath,1369,monk,mistweaver,30,20,10
Kaølin,azralon,1369,monk,mistweaver,24,16,8
Thyfist,frostmourne,1369,monk,mistweaver,28,16,12
Tàekwondo,drakkari,1369,monk,mistweaver,42,21,21
Madrasos,tichondrius,1368,monk,mistweaver,30,16,14
Vonn,drakkari,1368,monk,mistweaver,83,42,41
Bamboozile,arthas,1368,monk,mistweaver,30,15,15
Brühtus,tichondrius,1368,monk,mistweaver,59,22,37
Khamze,ragnaros,1367,monk,mistweaver,63,32,31
Iloki,shuhalo,1366,monk,mistweaver,99,52,47
Boostmonk,terenas,1365,monk,mistweaver,194,102,92
Eqoy,moon-guard,1365,monk,mistweaver,48,24,24
Salindrena,thrall,1364,monk,mistweaver,48,30,18
Tianji,malganis,1363,monk,mistweaver,42,26,16
Drafu,stormrage,1363,monk,mistweaver,36,19,17
Galiplays,zangarmarsh,1361,monk,mistweaver,125,66,59
Cloudl,silvermoon,1360,monk,mistweaver,41,16,25
Touchkarma,stormrage,1359,monk,mistweaver,176,96,80
Snuzzao,darkspear,1359,monk,mistweaver,44,22,22
Snoodle,korgath,1359,monk,mistweaver,234,116,118
Brightale,dathremar,1358,monk,mistweaver,48,26,22
Trixië,vashj,1358,monk,mistweaver,29,15,14
Pandalee,skullcrusher,1357,monk,mistweaver,60,37,23
Ggumn,tichondrius,1357,monk,mistweaver,182,98,84
Axellrod,tichondrius,1357,monk,mistweaver,119,60,59
Lita,barthilas,1354,monk,mistweaver,23,15,8
Asliam,undermine,1354,monk,mistweaver,84,49,35
Kreacher,ravencrest,1353,monk,mistweaver,107,61,46
Modelman,area-52,1353,monk,mistweaver,152,82,70
Critorgtfo,tanaris,1353,monk,mistweaver,38,17,21
Atiantian,proudmoore,1353,monk,mistweaver,58,25,33
Finnamist,tichondrius,1352,monk,mistweaver,97,54,43
Saucyfists,silvermoon,1352,monk,mistweaver,39,16,23
Zen,tichondrius,1351,monk,mistweaver,103,48,55
Blackthorne,illidan,1350,monk,mistweaver,47,28,19
Rollypunch,illidan,1350,monk,mistweaver,115,63,52
Beerheals,kelthuzad,1350,monk,mistweaver,37,19,18
Xiang,dreadmaul,1349,monk,mistweaver,84,45,39
Siddlez,frostmourne,1348,monk,mistweaver,65,45,20
Monkol,nemesis,1348,monk,mistweaver,36,20,16
Zeiana,proudmoore,1348,monk,mistweaver,44,24,20
Shizunô,stormrage,1348,monk,mistweaver,60,30,30
Mightbweavin,bleeding-hollow,1348,monk,mistweaver,162,73,89
Wecksoe,area-52,1347,monk,mistweaver,27,16,11
Lovechabill,darkspear,1347,monk,mistweaver,66,37,29
Hashìba,kiljaeden,1346,monk,mistweaver,24,17,7
Hvckleberry,kiljaeden,1346,monk,mistweaver,23,15,8
Puffpuffp,nazgrel,1346,monk,mistweaver,54,32,22
Moltenbeard,trollbane,1346,monk,mistweaver,117,68,49
Voodubrew,area-52,1346,monk,mistweaver,51,24,27
Monky,black-dragonflight,1345,monk,mistweaver,36,19,17
Bdâwg,frostmourne,1344,monk,mistweaver,24,16,8
Sunnfistway,sargeras,1344,monk,mistweaver,28,18,10
Hensing,malganis,1344,monk,mistweaver,24,14,10
Miretunie,arathor,1344,monk,mistweaver,155,88,67
Onegai,tichondrius,1343,monk,mistweaver,18,14,4
Hydrig,ragnaros,1343,monk,mistweaver,18,14,4
Turkspin,smolderthorn,1343,monk,mistweaver,39,28,11
Siserfister,sargeras,1343,monk,mistweaver,24,14,10
Tenoch,thunderlord,1343,monk,mistweaver,30,15,15
Karaka,ysera,1342,monk,mistweaver,40,25,15
Sethroguen,kelthuzad,1342,monk,mistweaver,40,25,15
Chaotics,bleeding-hollow,1342,monk,mistweaver,136,77,59
Jeffdagnome,moon-guard,1342,monk,mistweaver,108,55,53
Vulbeast,dalaran,1341,monk,mistweaver,18,14,4
Lustymonk,kelthuzad,1341,monk,mistweaver,18,14,4
Jmanownz,stormrage,1341,monk,mistweaver,18,14,4
Jonnymon,sargeras,1341,monk,mistweaver,18,14,4
Cilantrõ,malorne,1341,monk,mistweaver,30,21,9
Trapeez,kelthuzad,1341,monk,mistweaver,36,23,13
Evyllyn,bleeding-hollow,1340,monk,mistweaver,18,14,4
Ninjachavez,tichondrius,1340,monk,mistweaver,24,14,10
Daddbear,kiljaeden,1340,monk,mistweaver,42,22,20
Allegedheals,tichondrius,1340,monk,mistweaver,90,41,49
Klanianhere,sargeras,1339,monk,mistweaver,18,14,4
Anthuri,frostmourne,1339,monk,mistweaver,95,62,33
Kavallä,azralon,1339,monk,mistweaver,317,160,157
Valdosta,bloodscalp,1338,monk,mistweaver,94,56,38
Kungfuchious,dalaran,1338,monk,mistweaver,31,18,13
Lõgan,azralon,1338,monk,mistweaver,69,34,35
Lothnälar,ragnaros,1337,monk,mistweaver,78,52,26
Chanîng,frostmourne,1336,monk,mistweaver,24,14,10
Ðamntaiyo,sargeras,1336,monk,mistweaver,35,19,16
Stendari,moon-guard,1336,monk,mistweaver,42,17,25
Ludafist,whisperwind,1335,monk,mistweaver,144,79,65
Bresmeatfore,barthilas,1335,monk,mistweaver,77,38,39
Iielia,wyrmrest-accord,1335,monk,mistweaver,35,16,19
Streetjezus,bloodhoof,1335,monk,mistweaver,64,28,36
Chañi,ragnaros,1333,monk,mistweaver,59,33,26
Momochi,malygos,1333,monk,mistweaver,36,20,16
Naxanax,area-52,1332,monk,mistweaver,66,33,33
Xeg,whisperwind,1331,monk,mistweaver,59,32,27
Hotpotatoee,aerie-peak,1331,monk,mistweaver,434,221,213
Playdingle,frostmourne,1330,monk,mistweaver,46,27,19
Yoshimiitsu,bleeding-hollow,1330,monk,mistweaver,24,14,10
Snmonk,illidan,1330,monk,mistweaver,24,14,10
Keyszz,tichondrius,1330,monk,mistweaver,224,103,121
Udjun,bleeding-hollow,1329,monk,mistweaver,24,14,10
Thïngol,quelthalas,1329,monk,mistweaver,34,19,15
Kungphopan,proudmoore,1329,monk,mistweaver,44,19,25
Omegasix,nazjatar,1327,monk,mistweaver,30,18,12
Honorviejos,illidan,1327,monk,mistweaver,46,27,19
Bojflow,dalaran,1326,monk,mistweaver,54,27,27
Lzt,ragnaros,1326,monk,mistweaver,85,37,48
Galsello,moon-guard,1326,monk,mistweaver,36,14,22
Oldzmig,scilla,1325,monk,mistweaver,35,22,13
Neww,tichondrius,1325,monk,mistweaver,58,25,33
Thoryim,tichondrius,1323,monk,mistweaver,24,14,10
Monkeynut,whisperwind,1323,monk,mistweaver,161,85,76
Daddyrugburn,area-52,1323,monk,mistweaver,89,44,45
Aylama,sargeras,1323,monk,mistweaver,66,27,39
Zsalcior,jaedenar,1322,monk,mistweaver,93,58,35
Precóggodx,tichondrius,1322,monk,mistweaver,24,14,10
Baroon,chogall,1322,monk,mistweaver,119,50,69
Javof,drakkari,1321,monk,mistweaver,41,29,12
Likkleyute,akama,1321,monk,mistweaver,103,57,46
Mintÿ,wyrmrest-accord,1320,monk,mistweaver,54,25,29
Butfik,stormrage,1320,monk,mistweaver,48,21,27
Psyx,frostmourne,1319,monk,mistweaver,24,14,10
Johnkreese,andorhal,1319,monk,mistweaver,31,15,16
Mão,stormrage,1318,monk,mistweaver,60,41,19
Nazvik,quelthalas,1318,monk,mistweaver,24,14,10
Mabaoguo,aerie-peak,1318,monk,mistweaver,57,31,26
Zenphers,tichondrius,1318,monk,mistweaver,76,39,37
Deongjeon,tichondrius,1318,monk,mistweaver,33,16,17
Rotceth,ragnaros,1317,monk,mistweaver,29,20,9
Kallous,illidan,1316,monk,mistweaver,24,14,10
Shon,frostmourne,1316,monk,mistweaver,24,14,10
Albusventos,azralon,1315,monk,mistweaver,35,21,14
Shaszx,zuljin,1315,monk,mistweaver,24,14,10
Smackdat,azjolnerub,1315,monk,mistweaver,58,29,29
Senseißones,area-52,1315,monk,mistweaver,71,29,42
Razod,stormrage,1314,monk,mistweaver,433,223,210
Kungfumika,ragnaros,1314,monk,mistweaver,48,23,25
Rzeznik,boulderfist,1314,monk,mistweaver,82,36,46
Kungupanda,nesingwary,1313,monk,mistweaver,41,17,24
Paleira,emerald-dream,1311,monk,mistweaver,30,23,7
Breezymist,doomhammer,1311,monk,mistweaver,30,14,16
Harmoñize,moon-guard,1311,monk,mistweaver,30,14,16
Dashenna,illidan,1310,monk,mistweaver,84,32,52
Ojiin,wyrmrest-accord,1309,monk,mistweaver,307,155,152
Healyboi,bronzebeard,1309,monk,mistweaver,70,32,38
Odogin,tichondrius,1307,monk,mistweaver,65,41,24
Ambuinc,burning-blade,1307,monk,mistweaver,54,34,20
Monkqi,lightbringer,1307,monk,mistweaver,84,49,35
Thunderhots,tichondrius,1307,monk,mistweaver,36,18,18
Guleum,tichondrius,1307,monk,mistweaver,47,18,29
Velikins,doomhammer,1306,monk,mistweaver,91,54,37
Polofasho,illidan,1305,monk,mistweaver,47,28,19
Mango,spirestone,1305,monk,mistweaver,42,24,18
Hafu,wildhammer,1305,monk,mistweaver,54,29,25
Aeress,kelthuzad,1305,monk,mistweaver,42,17,25
Lizavet,stormrage,1304,monk,mistweaver,136,84,52
Kayzen,barthilas,1304,monk,mistweaver,83,49,34
Fistful,destromath,1304,monk,mistweaver,42,23,19
Illushadio,moon-guard,1304,monk,mistweaver,36,19,17
Niéh,frostmourne,1302,monk,mistweaver,52,27,25
Fânnybâws,stormrage,1302,monk,mistweaver,36,18,18
Orbí,tichondrius,1301,monk,mistweaver,185,109,76
Biggddaddy,thaurissan,1300,monk,mistweaver,48,33,15
Afw,moon-guard,1300,monk,mistweaver,75,42,33
Bluemyselph,tichondrius,1300,monk,mistweaver,40,21,19
Börg,bleeding-hollow,1300,monk,mistweaver,50,26,24
Endér,tichondrius,1300,monk,mistweaver,160,82,78
Kickbone,tichondrius,1300,monk,mistweaver,66,33,33
Håzê,kul-tiras,1299,monk,mistweaver,42,20,22
Lolkungfu,spirestone,1299,monk,mistweaver,30,14,16
Mefistu,tichondrius,1298,monk,mistweaver,249,138,111
Onekickman,dalaran,1298,monk,mistweaver,148,80,68
Szuka,tichondrius,1297,monk,mistweaver,36,20,16
Kung,tichondrius,1297,monk,mistweaver,30,14,16
Rxtea,darkspear,1297,monk,mistweaver,49,22,27
Gnomshini,proudmoore,1296,monk,mistweaver,30,14,16
Kailzchi,area-52,1295,monk,mistweaver,24,14,10
Orthôdox,tichondrius,1295,monk,mistweaver,62,28,34
Burststreak,tichondrius,1294,monk,mistweaver,30,16,14
Rapope,quelthalas,1294,monk,mistweaver,65,32,33
Gguldduk,tichondrius,1292,monk,mistweaver,40,26,14
Kobuya,tichondrius,1291,monk,mistweaver,23,14,9
Fakelove,kelthuzad,1291,monk,mistweaver,52,18,34
Barorcobama,frostmourne,1289,monk,mistweaver,34,16,18
Speedymonk,malfurion,1289,monk,mistweaver,60,25,35
Siamack,illidan,1288,monk,mistweaver,38,24,14
Boorams,tichondrius,1288,monk,mistweaver,24,15,9
Zarakna,sargeras,1288,monk,mistweaver,210,112,98
Tigraxus,proudmoore,1288,monk,mistweaver,49,22,27
Petsëmatary,bleeding-hollow,1287,monk,mistweaver,52,25,27
Psykhed,emerald-dream,1287,monk,mistweaver,108,45,63
Oyyo,tichondrius,1284,monk,mistweaver,101,40,61
Compacier,illidan,1283,monk,mistweaver,85,43,42
Glad,stormscale,1283,monk,mistweaver,455,230,225
Safiel,proudmoore,1283,monk,mistweaver,121,52,69
Boozebear,spirestone,1282,monk,mistweaver,136,68,68
Duckpond,nerzhul,1282,monk,mistweaver,36,15,21
Kìmjungheal,tichondrius,1281,monk,mistweaver,41,21,20
Chnzhs,tichondrius,1281,monk,mistweaver,58,18,40
Karynia,illidan,1280,monk,mistweaver,143,76,67
Sweatweaver,frostmourne,1280,monk,mistweaver,124,56,68
Holdmychi,stormrage,1279,monk,mistweaver,55,29,26
Knaveus,frostmourne,1278,monk,mistweaver,108,59,49
Byakugan,moon-guard,1277,monk,mistweaver,41,23,18
Mënace,skullcrusher,1276,monk,mistweaver,105,64,41
Fludz,burning-blade,1276,monk,mistweaver,66,28,38
Jigong,bleeding-hollow,1275,monk,mistweaver,48,26,22
Rylens,draka,1275,monk,mistweaver,70,37,33
Touzin,bleeding-hollow,1275,monk,mistweaver,52,27,25
Poppyharlow,saurfang,1274,monk,mistweaver,36,25,11
Mortimir,echo-isles,1274,monk,mistweaver,65,33,32
Blorkk,area-52,1273,monk,mistweaver,30,21,9
Picoree,frostmourne,1273,monk,mistweaver,27,15,12
Lanifer,area-52,1273,monk,mistweaver,83,41,42
Zxychi,hyjal,1271,monk,mistweaver,23,14,9
Rustedbarrel,azjolnerub,1271,monk,mistweaver,46,23,23
Haruko,baelgun,1271,monk,mistweaver,76,31,45
Ratioed,moon-guard,1270,monk,mistweaver,65,45,20
Mcnutz,proudmoore,1269,monk,mistweaver,36,24,12
Cexcex,tichondrius,1269,monk,mistweaver,54,29,25
Lelomonk,ragnaros,1268,monk,mistweaver,145,75,70
Raidenmnx,tichondrius,1268,monk,mistweaver,114,55,59
Lawroadp,tichondrius,1267,monk,mistweaver,63,35,28
Makimä,stormrage,1267,monk,mistweaver,80,41,39
Fìst,hyjal,1266,monk,mistweaver,24,14,10
Madnox,sargeras,1266,monk,mistweaver,66,36,30
Xulieng,tichondrius,1266,monk,mistweaver,506,258,248
Lokh,turalyon,1264,monk,mistweaver,30,14,16
Bháv,tichondrius,1264,monk,mistweaver,69,32,37
Mistingyou,proudmoore,1263,monk,mistweaver,24,15,9
Hakushi,the-forgotten-coast,1263,monk,mistweaver,30,15,15
Brochadchó,stormrage,1262,monk,mistweaver,38,15,23
Igodzilla,tichondrius,1261,monk,mistweaver,25,15,10
Dragonwarior,zuluhed,1261,monk,mistweaver,26,15,11
Valapan,tichondrius,1261,monk,mistweaver,101,52,49
Gallorex,frostmourne,1260,monk,mistweaver,54,29,25
Sayd,misha,1258,monk,mistweaver,54,29,25
Soderbergh,ysera,1258,monk,mistweaver,60,22,38
Carclan,darkspear,1257,monk,mistweaver,30,20,10
Teil,illidan,1257,monk,mistweaver,48,25,23
Pépto,bleeding-hollow,1257,monk,mistweaver,70,35,35
Drexlla,barthilas,1256,monk,mistweaver,74,43,31
Tanipto,tichondrius,1256,monk,mistweaver,33,14,19
Joxo,nordrassil,1255,monk,mistweaver,52,38,14
Putisucia,nordrassil,1255,monk,mistweaver,24,14,10
Hongmeï,illidan,1254,monk,mistweaver,48,25,23
Wmo,tichondrius,1253,monk,mistweaver,44,23,21
Hungrydevil,tichondrius,1253,monk,mistweaver,30,15,15
Zarrend,stormrage,1253,monk,mistweaver,29,14,15
Kekekeke,dreadmaul,1252,monk,mistweaver,30,15,15
Jighte,illidan,1251,monk,mistweaver,65,39,26
Hammonk,deathwing,1251,monk,mistweaver,62,37,25
Donnieyen,aerie-peak,1250,monk,mistweaver,19,14,5
Maiitoguy,illidan,1250,monk,mistweaver,48,24,24
Rotmerella,wyrmrest-accord,1249,monk,mistweaver,30,20,10
Sjw,icecrown,1248,monk,mistweaver,20,13,7
Hps,thrall,1248,monk,mistweaver,47,24,23
Beefyteet,tichondrius,1247,monk,mistweaver,18,13,5
Monkriada,nemesis,1247,monk,mistweaver,35,19,16
Gothamonk,tichondrius,1247,monk,mistweaver,24,13,11
Spulf,emerald-dream,1247,monk,mistweaver,30,13,17
Steadfastsr,black-dragonflight,1246,monk,mistweaver,18,13,5
Fheng,emerald-dream,1246,monk,mistweaver,24,13,11
Liucang,archimonde,1246,monk,mistweaver,35,17,18
Hîddëncløùdx,tichondrius,1245,monk,mistweaver,18,13,5
Enkcredulous,tichondrius,1245,monk,mistweaver,24,13,11
Azulinfinito,quelthalas,1245,monk,mistweaver,47,25,22
Sainlaurent,tichondrius,1244,monk,mistweaver,18,13,5
Dableu,tichondrius,1244,monk,mistweaver,24,13,11
Ammonk,bloodhoof,1242,monk,mistweaver,18,13,5
Cosetteb,proudmoore,1241,monk,mistweaver,72,38,34
Puya,nemesis,1241,monk,mistweaver,86,44,42
Biopsy,illidan,1240,monk,mistweaver,48,21,27
Növa,alterac-mountains,1239,monk,mistweaver,18,13,5
Mïstyfïsty,moon-guard,1239,monk,mistweaver,18,13,5
Perzevel,azshara,1239,monk,mistweaver,48,26,22
Elmozosz,thrall,1239,monk,mistweaver,24,13,11
Pikafist,tichondrius,1238,monk,mistweaver,53,35,18
Stëak,velen,1238,monk,mistweaver,24,13,11
Huëyfreeman,stormrage,1238,monk,mistweaver,304,148,156
Getkicked,moon-guard,1237,monk,mistweaver,64,38,26
Wraithfire,uldum,1237,monk,mistweaver,89,46,43
Shinobui,jubeithos,1237,monk,mistweaver,54,26,28
Madkickzack,blades-edge,1237,monk,mistweaver,30,13,17
Borrachales,drakkari,1236,monk,mistweaver,90,54,36
Mirokushan,skywall,1236,monk,mistweaver,138,75,63
Lataliia,moon-guard,1235,monk,mistweaver,22,14,8
Phragmites,tichondrius,1235,monk,mistweaver,24,13,11
Smokee,blackhand,1235,monk,mistweaver,48,24,24
Notastreamer,frostmourne,1234,monk,mistweaver,24,13,11
Marimonkori,stormscale,1234,monk,mistweaver,117,58,59
Vchii,tichondrius,1234,monk,mistweaver,32,13,19
Midfrie,ghostlands,1233,monk,mistweaver,24,15,9
Orski,bleeding-hollow,1232,monk,mistweaver,18,13,5
Joeyfists,frostwolf,1232,monk,mistweaver,80,40,40
Monktu,frostmourne,1232,monk,mistweaver,36,13,23
Facepalmx,nemesis,1231,monk,mistweaver,39,23,16
Cortexyme,tichondrius,1231,monk,mistweaver,24,13,11
Brujitsu,thrall,1231,monk,mistweaver,24,13,11
Azizyzz,barthilas,1231,monk,mistweaver,42,20,22
Rolexe,proudmoore,1230,monk,mistweaver,24,13,11
Noctes,thunderlord,1229,monk,mistweaver,72,43,29
Monknificent,medivh,1229,monk,mistweaver,106,49,57
Wuwei,onyxia,1228,monk,mistweaver,24,13,11
Akván,ragnaros,1228,monk,mistweaver,85,43,42
Greybushqt,deathwing,1228,monk,mistweaver,30,13,17
Globalmonk,emerald-dream,1227,monk,mistweaver,18,13,5
Monkêy,ghostlands,1226,monk,mistweaver,116,55,61
Ssghoul,bonechewer,1225,monk,mistweaver,63,36,27
Maqaveli,sargeras,1224,monk,mistweaver,60,34,26
Clenlift,emerald-dream,1224,monk,mistweaver,96,53,43
Yippweaver,area-52,1222,monk,mistweaver,42,20,22
Cheesemónk,tichondrius,1222,monk,mistweaver,30,13,17
Habuba,eredar,1221,monk,mistweaver,18,13,5
Ninjahogan,azgalor,1221,monk,mistweaver,32,15,17
Twistedchi,stormrage,1220,monk,mistweaver,24,13,11
Cammy,aerie-peak,1219,monk,mistweaver,32,20,12
Tsyatvo,illidan,1219,monk,mistweaver,42,26,16
Mystafista,tichondrius,1219,monk,mistweaver,59,23,36
Slinger,kalecgos,1218,monk,mistweaver,22,14,8
Monkgins,area-52,1218,monk,mistweaver,24,13,11
Shinarri,thrall,1218,monk,mistweaver,167,87,80
Fiztingfaded,area-52,1218,monk,mistweaver,66,34,32
Kungfutofu,sentinels,1218,monk,mistweaver,69,34,35
Tasslé,illidan,1216,monk,mistweaver,24,13,11
Twïst,tichondrius,1216,monk,mistweaver,24,13,11
Orurmine,kiljaeden,1216,monk,mistweaver,67,32,35
Haandz,moon-guard,1215,monk,mistweaver,30,13,17
Pòrts,tichondrius,1215,monk,mistweaver,48,16,32
Littlegeorge,moon-guard,1213,monk,mistweaver,42,28,14
Lilbee,azjolnerub,1212,monk,mistweaver,71,40,31
Obstetrics,archimonde,1212,monk,mistweaver,24,13,11
Zenmasta,exodar,1211,monk,mistweaver,90,41,49
Monkism,warsong,1210,monk,mistweaver,30,21,9
Ultramaga,dentarg,1210,monk,mistweaver,34,13,21
Xinn,kiljaeden,1209,monk,mistweaver,35,14,21
Unoweaver,illidan,1208,monk,mistweaver,18,13,5
Bârcõdë,tichondrius,1208,monk,mistweaver,52,30,22
Damemasduro,ragnaros,1208,monk,mistweaver,922,447,475
Keloggs,skullcrusher,1207,monk,mistweaver,22,14,8
Stephani,turalyon,1207,monk,mistweaver,43,22,21
Demonfu,stormrage,1207,monk,mistweaver,30,13,17
Sipu,wyrmrest-accord,1206,monk,mistweaver,99,58,41
Monkoala,illidan,1206,monk,mistweaver,65,34,31
Kreezoo,tichondrius,1206,monk,mistweaver,75,38,37
Chunkynorris,stormscale,1206,monk,mistweaver,38,18,20
Raptortaco,thrall,1206,monk,mistweaver,44,20,24
Dower,archimonde,1205,monk,mistweaver,22,14,8
Callibella,amanthul,1205,monk,mistweaver,54,23,31
Evílryü,quelthalas,1204,monk,mistweaver,46,26,20
Pompoe,kelthuzad,1204,monk,mistweaver,63,27,36
Foomanshoes,shandris,1204,monk,mistweaver,52,14,38
Jianrèn,wyrmrest-accord,1202,monk,mistweaver,24,14,10
Theweekend,tichondrius,1202,monk,mistweaver,124,52,72
Ciru,zangarmarsh,1201,monk,mistweaver,174,88,86
Amuy,uther,1200,monk,mistweaver,24,13,11
Freakyxo,tichondrius,1200,monk,mistweaver,54,28,26
Monkisses,bonechewer,1200,monk,mistweaver,125,62,63
Tusil,tichondrius,1200,monk,mistweaver,83,35,48
Sandboxx,proudmoore,1199,monk,mistweaver,21,14,7
Menadraene,wyrmrest-accord,1198,monk,mistweaver,26,14,12
Grefg,whisperwind,1198,monk,mistweaver,90,46,44
Brén,area-52,1197,monk,mistweaver,42,22,20
Síf,skywall,1197,monk,mistweaver,89,39,50
Michaeljordn,destromath,1196,monk,mistweaver,53,20,33
Miçrosoft,area-52,1194,monk,mistweaver,163,85,78
Ügway,azralon,1194,monk,mistweaver,66,30,36
Dirtyshef,deathwing,1193,monk,mistweaver,197,92,105
Dragonmonk,grizzly-hills,1193,monk,mistweaver,96,36,60
Titofresh,quelthalas,1191,monk,mistweaver,33,15,18
Shwankeesha,thrall,1191,monk,mistweaver,34,15,19
Raphzen,stormrage,1189,monk,mistweaver,33,17,16
Soapy,moon-guard,1188,monk,mistweaver,35,16,19
Kushmintz,whisperwind,1187,monk,mistweaver,36,17,19
Melocotonn,goldrinn,1186,monk,mistweaver,72,41,31
Kafuru,quelthalas,1185,monk,mistweaver,28,16,12
Monxellius,moon-guard,1184,monk,mistweaver,135,65,70
Teddybéar,illidan,1183,monk,mistweaver,20,13,7
Onemonkk,tichondrius,1183,monk,mistweaver,150,83,67
Reinah,malganis,1183,monk,mistweaver,48,18,30
Cassidÿ,illidan,1182,monk,mistweaver,17,13,4
Shoguns,zuljin,1181,monk,mistweaver,91,49,42
Strixx,silvermoon,1180,monk,mistweaver,42,29,13
Biggoosie,korgath,1180,monk,mistweaver,98,57,41
Organiccs,tichondrius,1180,monk,mistweaver,138,66,72
Velleicelara,tichondrius,1179,monk,mistweaver,21,14,7
Tenptonefotm,bleeding-hollow,1179,monk,mistweaver,24,14,10
Monktyson,barthilas,1179,monk,mistweaver,78,44,34
Touchofdell,illidan,1179,monk,mistweaver,29,13,16
Roskoh,area-52,1178,monk,mistweaver,31,15,16
Ironfistorm,stormrage,1177,monk,mistweaver,54,30,24
Xinchulin,ragnaros,1177,monk,mistweaver,78,34,44
Kromkwando,burning-blade,1177,monk,mistweaver,42,13,29
Zefta,moon-guard,1176,monk,mistweaver,67,29,38
Taichichuan,tichondrius,1174,monk,mistweaver,89,44,45
Ursorcen,frostmourne,1172,monk,mistweaver,57,30,27
Yinlong,illidan,1171,monk,mistweaver,22,13,9
Orenj,boulderfist,1171,monk,mistweaver,48,24,24
Hamandchi,sargeras,1169,monk,mistweaver,23,16,7
Whitepotato,bleeding-hollow,1168,monk,mistweaver,199,106,93
Excitable,moon-guard,1167,monk,mistweaver,39,19,20
Lumïnous,moon-guard,1167,monk,mistweaver,36,17,19
Hie,laughing-skull,1166,monk,mistweaver,90,38,52
Miraculer,drakkari,1163,monk,mistweaver,28,14,14
Sedition,emerald-dream,1163,monk,mistweaver,347,172,175
Mahhnaga,tichondrius,1161,monk,mistweaver,160,76,84
Halfaling,tichondrius,1159,monk,mistweaver,24,14,10
Kexti,wyrmrest-accord,1159,monk,mistweaver,57,25,32
Madmint,illidan,1159,monk,mistweaver,60,26,34
Stevejabz,malganis,1156,monk,mistweaver,30,13,17
Gobfu,emerald-dream,1154,monk,mistweaver,112,50,62
Zeeboogerton,wildhammer,1153,monk,mistweaver,24,17,7
Envymonk,tichondrius,1152,monk,mistweaver,18,12,6
Taintickler,stormrage,1152,monk,mistweaver,79,43,36
Qimeng,sargeras,1152,monk,mistweaver,30,12,18
Arumat,shadow-council,1151,monk,mistweaver,18,12,6
Tuladura,tichondrius,1151,monk,mistweaver,18,12,6
Inwardjim,hyjal,1151,monk,mistweaver,18,12,6
Tubescreamer,barthilas,1151,monk,mistweaver,18,12,6
Billycobham,tichondrius,1151,monk,mistweaver,24,12,12
Tunaroll,tichondrius,1151,monk,mistweaver,24,12,12
Affrika,ragnaros,1151,monk,mistweaver,53,25,28
Rygork,frostmane,1150,monk,mistweaver,20,14,6
Monkybizniss,skywall,1150,monk,mistweaver,24,12,12
Mownster,area-52,1150,monk,mistweaver,24,12,12
James,ghostlands,1149,monk,mistweaver,18,12,6
Dreamfist,emerald-dream,1149,monk,mistweaver,24,12,12
Bitzen,frostmourne,1149,monk,mistweaver,30,12,18
Lushona,ragnaros,1148,monk,mistweaver,54,38,16
Onlythumbs,area-52,1148,monk,mistweaver,18,12,6
Brantkicks,tichondrius,1148,monk,mistweaver,24,12,12
Alandis,spinebreaker,1148,monk,mistweaver,24,12,12
Jumexo,sargeras,1148,monk,mistweaver,30,12,18
Nøzawri,area-52,1147,monk,mistweaver,18,12,6
Zallie,frostmourne,1147,monk,mistweaver,18,12,6
Opclassxd,illidan,1147,monk,mistweaver,22,13,9
Vivian,caelestrasz,1147,monk,mistweaver,24,12,12
Info,ragnaros,1147,monk,mistweaver,24,12,12
Smashgordon,burning-legion,1147,monk,mistweaver,30,12,18
Dewtime,area-52,1146,monk,mistweaver,18,12,6
Rizchi,tichondrius,1146,monk,mistweaver,18,12,6
Dude,tichondrius,1146,monk,mistweaver,18,12,6
Hapgido,deathwing,1146,monk,mistweaver,80,43,37
Bopmykarma,kelthuzad,1146,monk,mistweaver,25,12,13
Kaniou,proudmoore,1146,monk,mistweaver,29,13,16
Kelpri,sentinels,1145,monk,mistweaver,18,12,6
Rektfu,emerald-dream,1145,monk,mistweaver,98,53,45
Aliafriend,proudmoore,1145,monk,mistweaver,24,12,12
Monkaveli,ursin,1145,monk,mistweaver,78,37,41
Mistabrew,frostmourne,1144,monk,mistweaver,75,38,37
Vacr,tichondrius,1143,monk,mistweaver,18,12,6
Linxiss,tichondrius,1143,monk,mistweaver,24,12,12
Hinudhera,barthilas,1143,monk,mistweaver,137,66,71
Coolid,tichondrius,1141,monk,mistweaver,18,12,6
Allismonker,ragnaros,1140,monk,mistweaver,36,15,21
Rivnn,sargeras,1139,monk,mistweaver,18,12,6
Dreadknotz,hyjal,1139,monk,mistweaver,51,25,26
Calmemaybe,darkspear,1138,monk,mistweaver,18,12,6
Malusiftw,tichondrius,1138,monk,mistweaver,24,12,12
Tetsuo,altar-of-storms,1137,monk,mistweaver,18,12,6
Irilia,sargeras,1137,monk,mistweaver,30,14,16
Çuß,kelthuzad,1137,monk,mistweaver,30,12,18
Marnartou,zuljin,1136,monk,mistweaver,73,43,30
Chitacos,trollbane,1136,monk,mistweaver,34,14,20
Tzidkiyahu,barthilas,1135,monk,mistweaver,23,14,9
Kowpowmoomoo,uther,1135,monk,mistweaver,69,32,37
Alerin,nazgrel,1135,monk,mistweaver,102,45,57
Shmello,akama,1134,monk,mistweaver,60,38,22
Megatool,barthilas,1134,monk,mistweaver,24,13,11
Lillyanda,lightbringer,1132,monk,mistweaver,18,12,6
Wangba,tichondrius,1132,monk,mistweaver,24,12,12
Gguldduck,tichondrius,1131,monk,mistweaver,18,12,6
Hastle,windrunner,1131,monk,mistweaver,106,57,49
Ariss,ragnaros,1131,monk,mistweaver,24,12,12
Herbivorous,sargeras,1131,monk,mistweaver,24,12,12
Táffy,moon-guard,1129,monk,mistweaver,18,12,6
Skonk,shattered-hand,1129,monk,mistweaver,18,12,6
Chicheez,sargeras,1129,monk,mistweaver,22,13,9
Metalmønk,nerzhul,1129,monk,mistweaver,81,43,38
Kongpoo,kelthuzad,1127,monk,mistweaver,21,14,7
Dangerkage,stormrage,1127,monk,mistweaver,316,144,172
Ieatshrooms,malfurion,1127,monk,mistweaver,96,38,58
Mistafistah,korgath,1126,monk,mistweaver,19,12,7
Knucklez,ragnaros,1126,monk,mistweaver,47,15,32
Fistmeister,tichondrius,1125,monk,mistweaver,30,19,11
Crãsh,quelthalas,1125,monk,mistweaver,28,15,13
Ogsimpsonn,tichondrius,1125,monk,mistweaver,25,13,12
Opmother,elune,1125,monk,mistweaver,56,21,35
Sylvanai,moon-guard,1123,monk,mistweaver,73,24,49
Jackburton,deathwing,1122,monk,mistweaver,24,17,7
Rabico,azralon,1122,monk,mistweaver,30,17,13
Tübes,trollbane,1122,monk,mistweaver,24,12,12
Zoochans,tichondrius,1121,monk,mistweaver,150,84,66
Rosinhood,illidan,1119,monk,mistweaver,98,51,47
Fluffykitty,deathwing,1119,monk,mistweaver,45,19,26
Wzzi,tichondrius,1119,monk,mistweaver,30,12,18
Whiteknight,tichondrius,1118,monk,mistweaver,14,13,1
Outofrange,frostmourne,1118,monk,mistweaver,22,13,9
Chopy,dragonblight,1118,monk,mistweaver,151,75,76
Jfredfox,nemesis,1116,monk,mistweaver,31,13,18
Tigmo,alleria,1115,monk,mistweaver,24,12,12
Gôrr,tichondrius,1114,monk,mistweaver,132,63,69
Sukrit,darkspear,1111,monk,mistweaver,52,24,28
Fitmonje,drakkari,1110,monk,mistweaver,49,24,25
Goodgodsz,tichondrius,1109,monk,mistweaver,30,19,11
Shabudinetz,stormrage,1107,monk,mistweaver,18,12,6
Freakndeikan,stormrage,1106,monk,mistweaver,53,33,20
Lolcutie,shandris,1105,monk,mistweaver,37,21,16
Reflexsivex,malganis,1103,monk,mistweaver,23,12,11
Thegoodclap,zuljin,1103,monk,mistweaver,24,12,12
Rowbur,thrall,1101,monk,mistweaver,57,36,21
Xstepfister,tichondrius,1101,monk,mistweaver,133,59,74
Antimoine,saurfang,1100,monk,mistweaver,72,38,34
Doicare,tichondrius,1097,monk,mistweaver,136,71,65
Emenboats,zuljin,1096,monk,mistweaver,70,44,26
Darkheälzz,wyrmrest-accord,1095,monk,mistweaver,156,77,79
Brewtari,whisperwind,1095,monk,mistweaver,27,13,14
Gentle,cenarius,1093,monk,mistweaver,26,12,14
Cornfist,zuljin,1091,monk,mistweaver,69,34,35
Monkings,tichondrius,1087,monk,mistweaver,102,43,59
Linkvers,tichondrius,1086,monk,mistweaver,16,14,2
Àkkimi,tichondrius,1086,monk,mistweaver,17,12,5
Coachputmein,barthilas,1086,monk,mistweaver,17,12,5
Atsudamonk,illidan,1086,monk,mistweaver,30,20,10
Skydouken,sargeras,1086,monk,mistweaver,22,12,10
Focalors,proudmoore,1085,monk,mistweaver,20,12,8
Ltsneaky,bladefist,1085,monk,mistweaver,66,19,47
Ghostmk,nagrand,1084,monk,mistweaver,36,15,21
Vencö,tichondrius,1083,monk,mistweaver,45,12,33
Stickbundle,illidan,1082,monk,mistweaver,33,20,13
Starskreem,tichondrius,1078,monk,mistweaver,27,17,10
Zendoo,tichondrius,1078,monk,mistweaver,27,13,14
Pwned,ghostlands,1078,monk,mistweaver,63,21,42
Ægo,sargeras,1076,monk,mistweaver,61,29,32
Hakushin,ragnaros,1075,monk,mistweaver,42,23,19
Mankér,ragnaros,1074,monk,mistweaver,30,12,18
Zendar,tichondrius,1073,monk,mistweaver,123,59,64
Ishtári,tichondrius,1068,monk,mistweaver,25,13,12
Sìrtankallot,stormrage,1068,monk,mistweaver,67,27,40
Zekeeh,ragnaros,1063,monk,mistweaver,20,13,7
Shanalot,stormrage,1063,monk,mistweaver,19,12,7
Hache,azjolnerub,1062,monk,mistweaver,86,37,49
Chugs,malorne,1062,monk,mistweaver,57,16,41
Kpeste,tichondrius,1061,monk,mistweaver,96,53,43
Kimonk,proudmoore,1061,monk,mistweaver,42,22,20
Aokuang,malganis,1061,monk,mistweaver,51,15,36
Knucklez,frostwolf,1060,monk,mistweaver,108,58,50
Angrybrewski,tichondrius,1057,monk,mistweaver,24,12,12
Duelist,the-scryers,1056,monk,mistweaver,12,11,1
Bruceyou,tichondrius,1056,monk,mistweaver,18,11,7
Giggacuck,frostmourne,1056,monk,mistweaver,18,11,7
Mistussy,sargeras,1056,monk,mistweaver,18,11,7
Flumus,tichondrius,1056,monk,mistweaver,18,11,7
Shwiftyfisty,doomhammer,1056,monk,mistweaver,95,54,41
Lotusdream,argent-dawn,1056,monk,mistweaver,128,65,63
Bonflur,quelthalas,1056,monk,mistweaver,275,130,145
Undertickle,illidan,1055,monk,mistweaver,18,11,7
Mtsalt,bleeding-hollow,1055,monk,mistweaver,18,11,7
Iplus,thrall,1055,monk,mistweaver,18,11,7
Oblivaeon,tichondrius,1055,monk,mistweaver,18,11,7
Fkinbis,area-52,1055,monk,mistweaver,18,11,7
Diabittus,thrall,1055,monk,mistweaver,18,11,7
Saren,nordrassil,1055,monk,mistweaver,18,11,7
Leeleeyong,tichondrius,1055,monk,mistweaver,18,11,7
Portinglol,scilla,1055,monk,mistweaver,18,11,7
Axibar,tichondrius,1055,monk,mistweaver,18,11,7
Chillionaíre,proudmoore,1055,monk,mistweaver,24,11,13
Lemmetouch,illidan,1055,monk,mistweaver,24,11,13
Boltí,azralon,1055,monk,mistweaver,24,11,13
Toothpick,blackrock,1055,monk,mistweaver,24,11,13
Matthew,ravencrest,1055,monk,mistweaver,30,11,19
Børraicho,ragnaros,1054,monk,mistweaver,18,11,7
Wòng,malganis,1054,monk,mistweaver,24,11,13
Punchopuncho,malganis,1054,monk,mistweaver,24,11,13
Ñightingale,queldorei,1053,monk,mistweaver,18,11,7
Bagayaroo,tichondrius,1053,monk,mistweaver,18,11,7
Topanga,azralon,1053,monk,mistweaver,42,12,30
Djslimweaver,stormrage,1052,monk,mistweaver,14,11,3
Tababtz,illidan,1052,monk,mistweaver,56,26,30
Theminivan,sargeras,1052,monk,mistweaver,24,11,13
Karnbroo,frostmourne,1052,monk,mistweaver,24,11,13
Tambher,lightbringer,1051,monk,mistweaver,18,11,7
Dkdakìng,stormrage,1051,monk,mistweaver,31,12,19
Jimmythemist,mugthol,1050,monk,mistweaver,18,11,7
Jb,burning-blade,1050,monk,mistweaver,36,15,21
Sevenpunch,area-52,1050,monk,mistweaver,30,11,19
Dellunnax,azralon,1049,monk,mistweaver,18,11,7
Fistfreak,stormrage,1049,monk,mistweaver,24,11,13
Floydmaywu,proudmoore,1048,monk,mistweaver,18,11,7
Dyress,area-52,1048,monk,mistweaver,18,11,7
Ilani,malganis,1047,monk,mistweaver,18,11,7
Zendemic,thrall,1047,monk,mistweaver,72,39,33
Lemoine,hakkar,1046,monk,mistweaver,18,11,7
Shwrmist,bleeding-hollow,1046,monk,mistweaver,18,11,7
Ninfinhas,illidan,1046,monk,mistweaver,18,11,7
Esotericzeo,mugthol,1045,monk,mistweaver,78,39,39
Xbrewtal,tichondrius,1043,monk,mistweaver,128,71,57
Philthyjutsu,moon-guard,1042,monk,mistweaver,12,11,1
Grateful,dalaran,1042,monk,mistweaver,19,11,8
Lyántrying,korgath,1041,monk,mistweaver,18,11,7
Shogundachi,moon-guard,1041,monk,mistweaver,45,23,22
Tubbytiph,ghostlands,1041,monk,mistweaver,121,47,74
Qeenwah,zuljin,1041,monk,mistweaver,30,11,19
Divaweaver,sargeras,1040,monk,mistweaver,30,11,19
Oopster,lightbringer,1040,monk,mistweaver,30,11,19
Ois,area-52,1039,monk,mistweaver,51,21,30
Patman,nazjatar,1038,monk,mistweaver,18,12,6
Newermonk,tichondrius,1038,monk,mistweaver,36,11,25
Leësin,ragnaros,1037,monk,mistweaver,18,11,7
Drzoid,thrall,1037,monk,mistweaver,84,39,45
Steenkk,tichondrius,1034,monk,mistweaver,72,34,38
Hirav,khazgoroth,1034,monk,mistweaver,33,14,19
Springsummer,tichondrius,1034,monk,mistweaver,29,11,18
Ragepalm,aegwynn,1033,monk,mistweaver,78,37,41
Tadaku,dalaran,1033,monk,mistweaver,37,17,20
Medge,kelthuzad,1033,monk,mistweaver,24,11,13
Poem,grizzly-hills,1032,monk,mistweaver,21,12,9
Merand,tichondrius,1031,monk,mistweaver,42,23,19
Kodrik,tichondrius,1031,monk,mistweaver,121,54,67
Lochekx,stonemaul,1031,monk,mistweaver,54,19,35
Baiji,gorefiend,1030,monk,mistweaver,12,11,1
Missdemeanor,boulderfist,1029,monk,mistweaver,30,15,15
Ahshurra,blackhand,1029,monk,mistweaver,41,14,27
Runkfyr,ragnaros,1029,monk,mistweaver,42,11,31
Linglingchi,azralon,1028,monk,mistweaver,24,11,13
Telrande,ysondre,1026,monk,mistweaver,80,49,31
Sivedrafely,arthas,1026,monk,mistweaver,65,24,41
Blazebeast,blackhand,1025,monk,mistweaver,24,13,11
Dalillamas,sargeras,1023,monk,mistweaver,14,12,2
Xes,andorhal,1021,monk,mistweaver,79,43,36
Djffkflfldyd,tichondrius,1020,monk,mistweaver,14,12,2
Darksoult,kelthuzad,1020,monk,mistweaver,174,70,104
Grizzchan,sargeras,1017,monk,mistweaver,17,11,6
Ainz,nagrand,1016,monk,mistweaver,30,15,15
Bógus,tichondrius,1013,monk,mistweaver,80,43,37
Samanosukee,illidan,1010,monk,mistweaver,60,31,29
Twizzurp,magtheridon,1007,monk,mistweaver,21,12,9
Cbrewx,tichondrius,1007,monk,mistweaver,23,11,12
Bigjuicers,bleeding-hollow,1006,monk,mistweaver,17,11,6
Howu,tichondrius,1006,monk,mistweaver,41,15,26
Supmybrew,frostmourne,1005,monk,mistweaver,23,11,12
Arktharrs,ragnaros,1005,monk,mistweaver,54,18,36
Edj,drenden,1001,monk,mistweaver,153,78,75
Yookho,tichondrius,1000,monk,mistweaver,17,12,5
Clutchinmist,malganis,1000,monk,mistweaver,40,12,28
Choys,tichondrius,998,monk,mistweaver,22,13,9
Bearchi,sargeras,997,monk,mistweaver,21,12,9
Gòss,azgalor,993,monk,mistweaver,61,25,36
Tisafister,kelthuzad,992,monk,mistweaver,28,12,16
Shelßy,azralon,987,monk,mistweaver,20,11,9
Rekque,amanthul,987,monk,mistweaver,108,46,62
Julox,azralon,985,monk,mistweaver,42,24,18
Mintbear,illidan,984,monk,mistweaver,14,11,3
Silito,drakkari,981,monk,mistweaver,138,55,83
Monkgringo,azralon,978,monk,mistweaver,76,40,36
Winniethepoo,borean-tundra,975,monk,mistweaver,19,11,8
Squidbillie,moon-guard,974,monk,mistweaver,24,11,13
Kfpanda,hellscream,973,monk,mistweaver,97,43,54
Keplermndset,stormrage,973,monk,mistweaver,26,11,15
Lañdo,uldaman,972,monk,mistweaver,148,77,71
Lepasfin,sargeras,971,monk,mistweaver,109,55,54
Soulex,blackwater-raiders,970,monk,mistweaver,23,12,11
Deadlyzz,gilneas,970,monk,mistweaver,99,51,48
Djwushu,blackhand,969,monk,mistweaver,26,11,15
Tjitsu,zuljin,966,monk,mistweaver,86,38,48
Teancrumpets,wyrmrest-accord,964,monk,mistweaver,62,24,38
Mistsoul,stormscale,960,monk,mistweaver,12,10,2
Woes,stormreaver,960,monk,mistweaver,12,10,2
Itwonders,illidan,960,monk,mistweaver,12,10,2
Hype,ursin,960,monk,mistweaver,12,10,2
Toonahroll,area-52,960,monk,mistweaver,12,10,2
Greenfriend,illidan,960,monk,mistweaver,18,10,8
Mywave,bleeding-hollow,960,monk,mistweaver,18,10,8
Thatfknguy,sargeras,960,monk,mistweaver,18,10,8
Rawmonk,malganis,960,monk,mistweaver,18,10,8
Chevvy,azshara,960,monk,mistweaver,18,10,8
Dapperdabz,illidan,960,monk,mistweaver,18,10,8
Suitosky,ragnaros,960,monk,mistweaver,24,10,14
Vanishm,ragnaros,960,monk,mistweaver,44,15,29
Fistweebin,area-52,960,monk,mistweaver,30,10,20
Hanlover,tichondrius,959,monk,mistweaver,12,10,2
Kvobrews,area-52,959,monk,mistweaver,12,10,2
Drmoist,moon-guard,959,monk,mistweaver,12,10,2
Sharpstorm,darkspear,959,monk,mistweaver,12,10,2
Cyclonegt,sargeras,959,monk,mistweaver,12,10,2
Nezkabad,frostmourne,959,monk,mistweaver,12,10,2
Katorin,tichondrius,959,monk,mistweaver,18,10,8
Melpaine,frostmourne,959,monk,mistweaver,18,10,8
Truefists,stormrage,959,monk,mistweaver,18,10,8
Insidedog,frostmourne,959,monk,mistweaver,18,10,8
Garybeary,tichondrius,959,monk,mistweaver,18,10,8
Diâblomw,barthilas,959,monk,mistweaver,18,10,8
Sunfistway,sargeras,959,monk,mistweaver,24,10,14
Pumpsx,area-52,959,monk,mistweaver,24,10,14
Tragictea,zuljin,959,monk,mistweaver,24,10,14
Argoholic,proudmoore,959,monk,mistweaver,24,10,14
Anabolicx,khazgoroth,959,monk,mistweaver,24,10,14
Kåtê,sargeras,958,monk,mistweaver,12,10,2
Sleezyinsane,sargeras,958,monk,mistweaver,12,10,2
Senfu,laughing-skull,958,monk,mistweaver,18,10,8
Fïish,stormrage,958,monk,mistweaver,18,10,8
Chipain,illidan,958,monk,mistweaver,18,10,8
Nientea,wyrmrest-accord,958,monk,mistweaver,18,10,8
Trazmold,emerald-dream,958,monk,mistweaver,18,10,8
Oobinkey,tichondrius,958,monk,mistweaver,18,10,8
Simarity,kelthuzad,958,monk,mistweaver,24,10,14
Kopiomw,tichondrius,957,monk,mistweaver,12,10,2
Mansosogodx,ragnaros,957,monk,mistweaver,16,11,5
Tye,doomhammer,957,monk,mistweaver,18,10,8
Immersion,the-forgotten-coast,957,monk,mistweaver,18,10,8
Inkers,detheroc,957,monk,mistweaver,18,10,8
Karkata,sargeras,957,monk,mistweaver,72,35,37
Strokahontas,stormreaver,957,monk,mistweaver,42,10,32
Ohnmar,area-52,956,monk,mistweaver,24,10,14
Nardugo,windrunner,956,monk,mistweaver,124,51,73
Wessex,sargeras,954,monk,mistweaver,18,10,8
Miýagi,sargeras,954,monk,mistweaver,20,10,10
Prodivuss,stormrage,954,monk,mistweaver,24,10,14
Ñøxx,tichondrius,954,monk,mistweaver,27,11,16
Aotd,tichondrius,954,monk,mistweaver,30,10,20
Tomaz,nazjatar,953,monk,mistweaver,23,14,9
Stellae,emerald-dream,953,monk,mistweaver,22,11,11
Traldri,khazgoroth,952,monk,mistweaver,18,10,8
Kurtall,area-52,952,monk,mistweaver,24,10,14
Rdmptn,bleeding-hollow,952,monk,mistweaver,24,10,14
Brewtalitops,illidan,950,monk,mistweaver,18,10,8
Krll,malganis,950,monk,mistweaver,18,10,8
Altf,frostmourne,950,monk,mistweaver,18,10,8
Palomagozzu,ragnaros,947,monk,mistweaver,18,10,8
Fruitcakezz,arthas,945,monk,mistweaver,21,12,9
Jæmz,moon-guard,944,monk,mistweaver,36,13,23
Kiyou,drakkari,940,monk,mistweaver,18,10,8
Fuzznorris,eredar,940,monk,mistweaver,34,11,23
Dornix,illidan,939,monk,mistweaver,48,18,30
Drektarz,area-52,938,monk,mistweaver,102,33,69
Dankestkhan,korialstrasz,933,monk,mistweaver,27,15,12
Giantsloot,hakkar,933,monk,mistweaver,18,10,8
Nigondatnay,tichondrius,927,monk,mistweaver,16,11,5
Sahalee,sargeras,927,monk,mistweaver,38,18,20
Nosweaver,malganis,926,monk,mistweaver,14,11,3
Summersoup,zuljin,926,monk,mistweaver,23,10,13
Tcoon,frostmourne,925,monk,mistweaver,26,11,15
Elfass,bleeding-hollow,924,monk,mistweaver,23,10,13
Fistofnstar,stormrage,918,monk,mistweaver,131,52,79
Madmoose,smolderthorn,916,monk,mistweaver,84,39,45
Kratis,doomhammer,915,monk,mistweaver,71,28,43
Flippyniipps,azshara,911,monk,mistweaver,15,11,4
Jisky,bleeding-hollow,911,monk,mistweaver,15,11,4
Dustyweaver,illidan,906,monk,mistweaver,115,47,68
Matsakaicin,azralon,904,monk,mistweaver,28,11,17
Motueka,frostmourne,904,monk,mistweaver,29,10,19
Kyndrïa,tichondrius,899,monk,mistweaver,321,151,170
Griddio,wyrmrest-accord,895,monk,mistweaver,14,10,4
Kimchimaj,tichondrius,895,monk,mistweaver,41,23,18
Inbu,tichondrius,893,monk,mistweaver,26,10,16
Bers,azralon,892,monk,mistweaver,23,12,11
Boojaa,silvermoon,892,monk,mistweaver,107,45,62
Kimchidelite,gorefiend,890,monk,mistweaver,17,10,7
Gällädriel,azralon,889,monk,mistweaver,48,13,35
Gino,proudmoore,881,monk,mistweaver,226,104,122
Prddoss,quelthalas,879,monk,mistweaver,18,11,7
Galyndra,darkspear,877,monk,mistweaver,13,10,3
Jaghealz,area-52,864,monk,mistweaver,12,9,3
Nickimínaj,illidan,864,monk,mistweaver,12,9,3
Ggonext,wyrmrest-accord,864,monk,mistweaver,12,9,3
Raekwan,area-52,864,monk,mistweaver,12,9,3
Franqx,tichondrius,864,monk,mistweaver,12,9,3
Rumor,lethon,864,monk,mistweaver,12,9,3
Zbhm,illidan,864,monk,mistweaver,12,9,3
Aikíø,kelthuzad,864,monk,mistweaver,12,9,3
Flaste,moon-guard,864,monk,mistweaver,12,9,3
Zõõmz,jaedenar,864,monk,mistweaver,18,9,9
Watty,zuljin,864,monk,mistweaver,18,9,9
Pantypirate,tichondrius,864,monk,mistweaver,18,9,9
Jukez,emerald-dream,864,monk,mistweaver,18,9,9
Shaolinreedy,tichondrius,864,monk,mistweaver,18,9,9
Kármah,emerald-dream,864,monk,mistweaver,18,9,9
Tmpikabrew,tichondrius,864,monk,mistweaver,18,9,9
Birgitta,thunderhorn,864,monk,mistweaver,30,9,21
Hulkhogan,mugthol,863,monk,mistweaver,14,11,3
Brewtillis,tichondrius,863,monk,mistweaver,12,9,3
Ztalian,moon-guard,863,monk,mistweaver,12,9,3
Beastmonk,sargeras,863,monk,mistweaver,12,9,3
Monkqtt,tichondrius,863,monk,mistweaver,12,9,3
Kazzichi,area-52,863,monk,mistweaver,12,9,3
Shweaver,zuljin,863,monk,mistweaver,12,9,3
Brewley,thrall,863,monk,mistweaver,12,9,3
Groku,burning-blade,863,monk,mistweaver,12,9,3
Ozáí,illidan,863,monk,mistweaver,12,9,3
Galaxygregg,area-52,863,monk,mistweaver,18,9,9
Zamzae,tichondrius,863,monk,mistweaver,18,9,9
Sinfú,tichondrius,863,monk,mistweaver,18,9,9
Jin,sisters-of-elune,863,monk,mistweaver,18,9,9
Sumaran,hydraxis,863,monk,mistweaver,18,9,9
Fìst,zuljin,863,monk,mistweaver,18,9,9
Strummies,tichondrius,863,monk,mistweaver,18,9,9
Rajile,sargeras,863,monk,mistweaver,18,9,9
Srgtbingo,azgalor,863,monk,mistweaver,18,9,9
Frésa,ragnaros,863,monk,mistweaver,18,9,9
Boothchi,kelthuzad,863,monk,mistweaver,18,9,9
Melcor,ragnaros,863,monk,mistweaver,18,9,9
Seltrum,quelthalas,863,monk,mistweaver,18,9,9
Kimjongkick,sargeras,863,monk,mistweaver,18,9,9
Neverfake,sargeras,863,monk,mistweaver,18,9,9
Bootytoes,emerald-dream,863,monk,mistweaver,18,9,9
Ninjagordu,nemesis,863,monk,mistweaver,267,115,152
Slickbeef,thrall,863,monk,mistweaver,24,9,15
Shwizzie,tichondrius,863,monk,mistweaver,24,9,15
Icytoned,kelthuzad,863,monk,mistweaver,24,9,15
Pharmasee,proudmoore,862,monk,mistweaver,12,9,3
Datlogan,mannoroth,862,monk,mistweaver,12,9,3
Ørçhid,ravenholdt,862,monk,mistweaver,12,9,3
Mistykeef,zuljin,862,monk,mistweaver,18,9,9
Madussy,zuljin,862,monk,mistweaver,24,9,15
Kromrax,stormrage,862,monk,mistweaver,24,9,15
Spenk,mannoroth,861,monk,mistweaver,12,9,3
Justfakeit,area-52,861,monk,mistweaver,18,9,9
Dinkschi,stormrage,861,monk,mistweaver,24,9,15
Shredmw,tichondrius,861,monk,mistweaver,24,9,15
Annabelee,draenor,860,monk,mistweaver,12,9,3
Théophila,illidan,860,monk,mistweaver,24,9,15
Brizbain,kiljaeden,859,monk,mistweaver,18,9,9
Psytama,moon-guard,859,monk,mistweaver,18,9,9
Yudrin,zuljin,859,monk,mistweaver,24,9,15
Sknypicho,malganis,858,monk,mistweaver,18,9,9
Walmartguard,arthas,857,monk,mistweaver,194,87,107
Winwakamank,sargeras,855,monk,mistweaver,24,9,15
Rauschende,stormscale,854,monk,mistweaver,12,9,3
Bomer,moknathal,854,monk,mistweaver,130,61,69
Chanelled,area-52,854,monk,mistweaver,24,9,15
Gerlokfu,tichondrius,852,monk,mistweaver,12,9,3
Eago,sargeras,852,monk,mistweaver,24,9,15
Bullshido,aerie-peak,851,monk,mistweaver,18,9,9
Epptwo,aggramar,851,monk,mistweaver,30,9,21
Gesir,tichondrius,848,monk,mistweaver,21,10,11
Tigerbrew,tichondrius,848,monk,mistweaver,90,30,60
Skaehs,saurfang,843,monk,mistweaver,36,10,26
Yungsun,ragnaros,837,monk,mistweaver,25,10,15
Facekandy,tichondrius,830,monk,mistweaver,20,10,10
Kugninja,queldorei,823,monk,mistweaver,42,14,28
Seaja,malganis,823,monk,mistweaver,99,26,73
Måz,malorne,822,monk,mistweaver,21,12,9
Soheials,illidan,817,monk,mistweaver,94,44,50
Hunchojack,undermine,815,monk,mistweaver,13,11,2
Wistmeaver,sargeras,815,monk,mistweaver,17,9,8
Eggwoll,velen,814,monk,mistweaver,15,10,5
Goodluck,madoran,809,monk,mistweaver,27,10,17
Paniku,sargeras,807,monk,mistweaver,51,17,34
Tokkyo,frostmourne,804,monk,mistweaver,66,15,51
Lulwport,frostmourne,798,monk,mistweaver,20,9,11
Mastahp,tichondrius,797,monk,mistweaver,22,9,13
Robochöp,emerald-dream,793,monk,mistweaver,20,9,11
Lfsingledads,dalaran,793,monk,mistweaver,23,9,14
Gengibirra,illidan,793,monk,mistweaver,144,49,95
Happymonk,tichondrius,790,monk,mistweaver,49,10,39
Kocksnapper,stormreaver,781,monk,mistweaver,133,71,62
Loadedfries,frostmourne,770,monk,mistweaver,33,12,21
Razyboi,kiljaeden,768,monk,mistweaver,12,8,4
Snowbunny,llane,768,monk,mistweaver,12,8,4
Shquiz,sargeras,768,monk,mistweaver,12,8,4
Prodigious,illidan,768,monk,mistweaver,12,8,4
Cobratate,quelthalas,768,monk,mistweaver,12,8,4
Omnly,stormrage,768,monk,mistweaver,12,8,4
Picklefartjr,malfurion,768,monk,mistweaver,12,8,4
Ericfu,tichondrius,768,monk,mistweaver,12,8,4
Bralex,black-dragonflight,768,monk,mistweaver,12,8,4
Vexed,illidan,768,monk,mistweaver,12,8,4
Hironk,proudmoore,768,monk,mistweaver,12,8,4
Kaskã,tichondrius,768,monk,mistweaver,12,8,4
Homomojo,daggerspine,768,monk,mistweaver,12,8,4
Bosschops,illidan,768,monk,mistweaver,12,8,4
Getswept,area-52,768,monk,mistweaver,12,8,4
Omnivò,emerald-dream,768,monk,mistweaver,12,8,4
Zuchi,barthilas,768,monk,mistweaver,12,8,4
Scrypter,proudmoore,768,monk,mistweaver,12,8,4
Dontchattome,sargeras,768,monk,mistweaver,12,8,4
Smackdownx,tichondrius,768,monk,mistweaver,12,8,4
Sàìñtàsønìà,kelthuzad,768,monk,mistweaver,12,8,4
Fangerlia,moon-guard,768,monk,mistweaver,12,8,4
Serénity,kiljaeden,768,monk,mistweaver,12,8,4
Yoblee,illidan,768,monk,mistweaver,12,8,4
Whatsthisuwu,tichondrius,768,monk,mistweaver,12,8,4
Goosebumps,daggerspine,768,monk,mistweaver,12,8,4
Kaystorm,stormrage,768,monk,mistweaver,12,8,4
Leesinga,alexstrasza,768,monk,mistweaver,12,8,4
Backup,lothar,768,monk,mistweaver,17,9,8
Lightweaving,norgannon,768,monk,mistweaver,18,8,10
Backflip,nemesis,768,monk,mistweaver,18,8,10
Guerrero,tichondrius,768,monk,mistweaver,18,8,10
Emerald,emerald-dream,768,monk,mistweaver,18,8,10
Rockyßalboa,sargeras,768,monk,mistweaver,18,8,10
Kwatann,bonechewer,768,monk,mistweaver,18,8,10
Wèave,tichondrius,768,monk,mistweaver,18,8,10
Erwynz,tichondrius,768,monk,mistweaver,24,8,16
Pungeebi,tichondrius,767,monk,mistweaver,12,8,4
Abird,tichondrius,767,monk,mistweaver,12,8,4
Rilenn,area-52,767,monk,mistweaver,12,8,4
Marrowless,illidan,767,monk,mistweaver,12,8,4
Mightbewôrth,thunderhorn,767,monk,mistweaver,12,8,4
Pyoapple,tichondrius,767,monk,mistweaver,12,8,4
Pandicapped,the-underbog,767,monk,mistweaver,12,8,4
Blitzcombo,thrall,767,monk,mistweaver,12,8,4
Hiddenvalley,sargeras,767,monk,mistweaver,18,8,10
Palden,blackrock,767,monk,mistweaver,18,8,10
Thehomìe,tichondrius,767,monk,mistweaver,18,8,10
Dùffmán,jubeithos,767,monk,mistweaver,18,8,10
Barleygar,tichondrius,767,monk,mistweaver,18,8,10
Chugginchi,illidan,767,monk,mistweaver,18,8,10
Ocmonk,hyjal,767,monk,mistweaver,18,8,10
Dabnhash,emerald-dream,767,monk,mistweaver,18,8,10
Mythsmonkx,barthilas,767,monk,mistweaver,24,8,16
Bloodyhealz,tortheldrin,767,monk,mistweaver,24,8,16
Selfiestíck,tichondrius,766,monk,mistweaver,12,8,4
Pripp,blackrock,766,monk,mistweaver,12,8,4
Bambolee,thunderhorn,766,monk,mistweaver,12,8,4
Nakiki,cenarion-circle,766,monk,mistweaver,12,8,4
Apexian,kelthuzad,766,monk,mistweaver,12,8,4
Artomist,stormrage,766,monk,mistweaver,12,8,4
Weave,saurfang,766,monk,mistweaver,18,8,10
Stevezee,barthilas,765,monk,mistweaver,12,8,4
Percosex,tichondrius,765,monk,mistweaver,18,8,10
Fist,arygos,765,monk,mistweaver,18,8,10
Freimuth,thrall,765,monk,mistweaver,18,8,10
Savyi,stormreaver,763,monk,mistweaver,12,8,4
Onlyfistss,illidan,763,monk,mistweaver,18,8,10
Dragonyun,illidan,763,monk,mistweaver,42,14,28
Wendur,area-52,762,monk,mistweaver,12,8,4
Fufu,terokkar,761,monk,mistweaver,18,8,10
Lemonstrong,caelestrasz,761,monk,mistweaver,24,8,16
Monkchi,ghostlands,760,monk,mistweaver,24,8,16
Moojìtsu,stormrage,758,monk,mistweaver,18,8,10
Bokker,tichondrius,757,monk,mistweaver,37,8,29
Matchuh,stormrage,751,monk,mistweaver,74,29,45
Uninvited,perenolde,750,monk,mistweaver,21,9,12
Fusionspell,stormrage,747,monk,mistweaver,24,8,16
Sätsu,bleeding-hollow,735,monk,mistweaver,17,8,9
Karlrogan,stormrage,734,monk,mistweaver,16,9,7
Áasuna,ragnaros,734,monk,mistweaver,20,9,11
Dreamy,mugthol,731,monk,mistweaver,90,32,58
Kryflex,frostmourne,720,monk,mistweaver,15,9,6
Thaliondor,stormrage,720,monk,mistweaver,15,9,6
Bombshellxo,illidan,719,monk,mistweaver,11,8,3
Fistidmi,area-52,718,monk,mistweaver,37,16,21
Danwunwolf,tichondrius,714,monk,mistweaver,12,9,3
Shaxi,bladefist,712,monk,mistweaver,14,9,5
Whee,wyrmrest-accord,703,monk,mistweaver,11,8,3
Kayten,nemesis,703,monk,mistweaver,11,8,3
Keloxx,ragnaros,702,monk,mistweaver,16,10,6
Shnoopy,lightbringer,702,monk,mistweaver,14,8,6
Shortbuss,aegwynn,696,monk,mistweaver,14,8,6
Bludyphister,tichondrius,693,monk,mistweaver,27,10,17
Minttea,kiljaeden,690,monk,mistweaver,28,9,19
Lascivîous,wyrmrest-accord,687,monk,mistweaver,11,8,3
Mcdubbles,korgath,679,monk,mistweaver,98,49,49
Ase,frostwolf,672,monk,mistweaver,12,7,5
Vesaves,azralon,672,monk,mistweaver,12,7,5
Mwr,frostmourne,672,monk,mistweaver,12,7,5
Såd,zuljin,672,monk,mistweaver,12,7,5
Sparksito,ragnaros,672,monk,mistweaver,12,7,5
Zhoutai,malganis,672,monk,mistweaver,12,7,5
Modelotimex,illidan,672,monk,mistweaver,12,7,5
Brimhildaa,tichondrius,672,monk,mistweaver,12,7,5
Laggytoodope,kelthuzad,672,monk,mistweaver,12,7,5
Kíd,ysera,672,monk,mistweaver,12,7,5
Galeindra,whisperwind,672,monk,mistweaver,12,7,5
Jeremih,arthas,672,monk,mistweaver,12,7,5
Mòñk,bloodscalp,672,monk,mistweaver,12,7,5
Synpunch,tichondrius,672,monk,mistweaver,12,7,5
Saiyañ,proudmoore,672,monk,mistweaver,12,7,5
Boblee,illidan,672,monk,mistweaver,12,7,5
Ashmisty,kelthuzad,672,monk,mistweaver,12,7,5
Copamine,dalaran,672,monk,mistweaver,12,7,5
Sweetröll,stormrage,672,monk,mistweaver,12,7,5
Keepcryin,gorefiend,672,monk,mistweaver,12,7,5
Rookere,malganis,672,monk,mistweaver,12,7,5
Strawberriez,kelthuzad,672,monk,mistweaver,12,7,5
Darong,tichondrius,672,monk,mistweaver,12,7,5
Ighostgirls,thrall,672,monk,mistweaver,12,7,5
Grayfanxo,malganis,672,monk,mistweaver,12,7,5
Xxvbamm,thrall,672,monk,mistweaver,12,7,5
Moönk,tichondrius,672,monk,mistweaver,12,7,5
Budfist,illidan,672,monk,mistweaver,12,7,5
Kyrap,stormscale,672,monk,mistweaver,12,7,5
Lilpøøter,tichondrius,672,monk,mistweaver,12,7,5
Abevx,bonechewer,672,monk,mistweaver,12,7,5
Tooflyfobrew,sargeras,672,monk,mistweaver,12,7,5
Jasonluv,illidan,672,monk,mistweaver,12,7,5
Mizúki,illidan,672,monk,mistweaver,12,7,5
Notrof,korgath,672,monk,mistweaver,12,7,5
Monkuret,dalaran,672,monk,mistweaver,12,7,5
Teclas,ragnaros,672,monk,mistweaver,12,7,5
Jaxvisto,dalaran,672,monk,mistweaver,12,7,5
Kruznîk,illidan,672,monk,mistweaver,12,7,5
Zbell,sargeras,672,monk,mistweaver,12,7,5
Missclickx,azralon,672,monk,mistweaver,12,7,5
Thutan,tichondrius,672,monk,mistweaver,18,7,11
Bamboøzled,daggerspine,672,monk,mistweaver,18,7,11
Mustard,arthas,672,monk,mistweaver,18,7,11
Audrun,frostmourne,672,monk,mistweaver,18,7,11
Taver,frostmourne,672,monk,mistweaver,18,7,11
Arrovv,sargeras,672,monk,mistweaver,18,7,11
Salzamonk,aggramar,672,monk,mistweaver,18,7,11
Thiccstroke,illidan,672,monk,mistweaver,18,7,11
Catchmemaybe,stormscale,672,monk,mistweaver,24,7,17
Faméd,stormrage,672,monk,mistweaver,26,7,19
Blackychan,frostmourne,671,monk,mistweaver,12,7,5
Wamii,tichondrius,671,monk,mistweaver,12,7,5
Alisoly,tichondrius,671,monk,mistweaver,12,7,5
Delightni,area-52,671,monk,mistweaver,12,7,5
Punchmoo,stormreaver,671,monk,mistweaver,12,7,5
Kokochiggy,tichondrius,671,monk,mistweaver,12,7,5
Fatkats,barthilas,671,monk,mistweaver,12,7,5
Universalize,zuljin,671,monk,mistweaver,12,7,5
Niculinha,nemesis,671,monk,mistweaver,12,7,5
Swansational,sargeras,671,monk,mistweaver,12,7,5
Kosiris,sargeras,671,monk,mistweaver,12,7,5
Jbonk,hyjal,671,monk,mistweaver,12,7,5
Shórtlived,skullcrusher,671,monk,mistweaver,13,7,6
Mystï,silvermoon,671,monk,mistweaver,14,7,7
Hallorann,nemesis,671,monk,mistweaver,16,7,9
Bükki,ragnaros,671,monk,mistweaver,18,7,11
Crakgirl,malganis,671,monk,mistweaver,18,7,11
Xanzee,area-52,671,monk,mistweaver,18,7,11
Sterow,kiljaeden,671,monk,mistweaver,18,7,11
Teawreckz,jubeithos,671,monk,mistweaver,18,7,11
Femifist,lightbringer,671,monk,mistweaver,18,7,11
Iwonson,mugthol,671,monk,mistweaver,18,7,11
Táishen,wyrmrest-accord,671,monk,mistweaver,22,8,14
Drizzie,queldorei,671,monk,mistweaver,24,7,17
Skyrim,tichondrius,671,monk,mistweaver,24,7,17
Hawrang,tichondrius,671,monk,mistweaver,24,7,17
Woshiwuseng,frostmourne,671,monk,mistweaver,24,7,17
Swann,stormreaver,670,monk,mistweaver,12,7,5
Paraplexed,crushridge,670,monk,mistweaver,12,7,5
Coffeek,area-52,670,monk,mistweaver,14,7,7
Microdose,blackrock,670,monk,mistweaver,18,7,11
Ysoki,eonar,670,monk,mistweaver,18,7,11
Khaldi,tichondrius,670,monk,mistweaver,19,7,12
Saddha,moon-guard,670,monk,mistweaver,24,7,17
Pandaranga,saurfang,670,monk,mistweaver,28,8,20
Chriskriegg,frostmourne,669,monk,mistweaver,12,7,5
Nymchi,stormrage,669,monk,mistweaver,12,7,5
Unlemike,runetotem,669,monk,mistweaver,12,7,5
Suwonhwang,tichondrius,669,monk,mistweaver,18,7,11
Melyodis,thrall,669,monk,mistweaver,18,7,11
Badkarmasix,tichondrius,667,monk,mistweaver,12,7,5
Gímley,bleeding-hollow,667,monk,mistweaver,12,7,5
Balooballs,frostmourne,667,monk,mistweaver,18,7,11
Shihfu,azralon,667,monk,mistweaver,24,7,17
Izgoku,frostmane,667,monk,mistweaver,24,7,17
Bíertrinker,dalaran,665,monk,mistweaver,12,7,5
Wetspaghetti,malganis,661,monk,mistweaver,18,7,11
Brewtiful,nesingwary,660,monk,mistweaver,12,7,5
Ninjaheals,spirestone,639,monk,mistweaver,11,7,4
Karu,barthilas,639,monk,mistweaver,18,8,10
Coolmemories,tichondrius,638,monk,mistweaver,17,7,10
Whosaidthat,frostmourne,627,monk,mistweaver,58,21,37
Blessedbalor,tichondrius,624,monk,mistweaver,21,7,14
Azz,barthilas,623,monk,mistweaver,11,7,4
Winsmmafight,frostmourne,623,monk,mistweaver,11,7,4
Praydoh,tichondrius,623,monk,mistweaver,11,7,4
Jetchi,proudmoore,623,monk,mistweaver,11,7,4
Gogobøy,stormrage,622,monk,mistweaver,11,7,4
Aerona,stormreaver,617,monk,mistweaver,12,8,4
Mistyheals,emerald-dream,617,monk,mistweaver,17,10,7
Jayjaybrew,area-52,615,monk,mistweaver,22,8,14
Scips,fizzcrank,614,monk,mistweaver,22,8,14
Talthorian,thrall,607,monk,mistweaver,11,7,4
Monjepa,illidan,604,monk,mistweaver,20,7,13
Akfourseven,barthilas,601,monk,mistweaver,86,38,48
Pandamoanda,azgalor,593,monk,mistweaver,16,7,9
Erksauce,kelthuzad,592,monk,mistweaver,13,7,6
Reoc,bleeding-hollow,592,monk,mistweaver,13,7,6
Shaotee,tichondrius,591,monk,mistweaver,13,7,6
Alanimistw,khadgar,586,monk,mistweaver,13,7,6
Minivanmom,illidan,576,monk,mistweaver,6,6,0
Raìndropz,tichondrius,576,monk,mistweaver,6,6,0
Jg,staghelm,576,monk,mistweaver,6,6,0
Kruxx,anvilmar,576,monk,mistweaver,6,6,0
Jorts,khazgoroth,576,monk,mistweaver,6,6,0
Baebygurl,malganis,576,monk,mistweaver,6,6,0
Freyeä,malganis,576,monk,mistweaver,6,6,0
Søck,malfurion,576,monk,mistweaver,6,6,0
Kryptoniko,illidan,576,monk,mistweaver,6,6,0
Worgendiff,moon-guard,576,monk,mistweaver,6,6,0
Larkssmw,zuljin,576,monk,mistweaver,6,6,0
Chrîstmas,proudmoore,576,monk,mistweaver,6,6,0
Hoshm,area-52,576,monk,mistweaver,6,6,0
Monkkofwa,tichondrius,576,monk,mistweaver,6,6,0
Munkï,tichondrius,576,monk,mistweaver,6,6,0
Narann,bleeding-hollow,576,monk,mistweaver,6,6,0
Bavmorda,malganis,576,monk,mistweaver,12,6,6
Kaztíel,ragnaros,576,monk,mistweaver,12,6,6
Lemeta,tichondrius,576,monk,mistweaver,12,6,6
Imakeplaysyo,illidan,576,monk,mistweaver,12,6,6
Flfltmfrl,tichondrius,576,monk,mistweaver,12,6,6
Zchi,zuljin,576,monk,mistweaver,12,6,6
Underpants,skullcrusher,576,monk,mistweaver,12,6,6
Boppweave,tichondrius,576,monk,mistweaver,12,6,6
Batterymonk,silvermoon,576,monk,mistweaver,12,6,6
Renzin,gilneas,576,monk,mistweaver,12,6,6
Potatopastry,area-52,576,monk,mistweaver,12,6,6
Research,frostmourne,576,monk,mistweaver,12,6,6
Mënmä,ragnaros,576,monk,mistweaver,12,6,6
Lumiän,area-52,576,monk,mistweaver,12,6,6
Tic,barthilas,576,monk,mistweaver,12,6,6
Shaqkobe,area-52,576,monk,mistweaver,12,6,6
Janim,illidan,576,monk,mistweaver,12,6,6
Drchake,quelthalas,576,monk,mistweaver,12,6,6
Magnustavick,bleeding-hollow,576,monk,mistweaver,12,6,6
Até,azralon,576,monk,mistweaver,12,6,6
Rubntug,zuljin,576,monk,mistweaver,12,6,6
Dracc,zuljin,576,monk,mistweaver,12,6,6
Bamboozïe,arthas,576,monk,mistweaver,12,6,6
Flexmonk,barthilas,576,monk,mistweaver,12,6,6
Broyoulined,spirestone,576,monk,mistweaver,12,6,6
Fudgepopx,tichondrius,576,monk,mistweaver,12,6,6
Transcend,nerzhul,576,monk,mistweaver,12,6,6
Kömï,quelthalas,576,monk,mistweaver,12,6,6
Steyi,nazjatar,576,monk,mistweaver,12,6,6
Vidrus,gorefiend,576,monk,mistweaver,12,6,6
Jbg,staghelm,576,monk,mistweaver,12,6,6
Tunchii,sargeras,576,monk,mistweaver,12,6,6
Sekushî,kelthuzad,576,monk,mistweaver,12,6,6
Jieterchan,malganis,576,monk,mistweaver,12,6,6
Cerrado,emerald-dream,576,monk,mistweaver,12,6,6
Dungfish,mugthol,576,monk,mistweaver,12,6,6
Mistér,tichondrius,576,monk,mistweaver,12,6,6
Lackofsleep,tichondrius,576,monk,mistweaver,12,6,6
Zeshmo,firetree,576,monk,mistweaver,12,6,6
Monkshiit,area-52,576,monk,mistweaver,12,6,6
Karrigwyn,tichondrius,576,monk,mistweaver,12,6,6
Aerlin,tichondrius,576,monk,mistweaver,12,6,6
Mesak,ragnaros,576,monk,mistweaver,15,7,8
Kynyssar,bleeding-hollow,576,monk,mistweaver,18,6,12
Daarl,burning-blade,576,monk,mistweaver,18,6,12
Hugerichard,wyrmrest-accord,576,monk,mistweaver,18,6,12
Fistorcstar,daggerspine,576,monk,mistweaver,18,6,12
Ampy,tichondrius,576,monk,mistweaver,18,6,12
Chingwang,frostmourne,576,monk,mistweaver,18,6,12
Selfîe,ysera,576,monk,mistweaver,18,6,12
Rebornmaster,moon-guard,576,monk,mistweaver,18,6,12
Rollsrice,area-52,576,monk,mistweaver,18,6,12
Mwgapper,sargeras,576,monk,mistweaver,18,6,12
Millpunch,korgath,576,monk,mistweaver,18,6,12
Bussinn,area-52,575,monk,mistweaver,6,6,0
Battleangel,tichondrius,575,monk,mistweaver,6,6,0
Haraumi,proudmoore,575,monk,mistweaver,6,6,0
Tohkmonk,crushridge,575,monk,mistweaver,6,6,0
Sinful,kirin-tor,575,monk,mistweaver,12,6,6
Nf,zuljin,575,monk,mistweaver,12,6,6
Zargtruth,proudmoore,575,monk,mistweaver,12,6,6
Misha,akama,575,monk,mistweaver,12,6,6
Soysaucë,malganis,575,monk,mistweaver,12,6,6
Myrsken,illidan,575,monk,mistweaver,12,6,6
Hibìscus,tichondrius,575,monk,mistweaver,12,6,6
Buttfists,stormrage,575,monk,mistweaver,12,6,6
Criarla,tichondrius,575,monk,mistweaver,12,6,6
Almondmïlk,bonechewer,575,monk,mistweaver,12,6,6
Clytpuncher,emerald-dream,575,monk,mistweaver,12,6,6
Laopow,area-52,575,monk,mistweaver,12,6,6
Glitchi,area-52,575,monk,mistweaver,12,6,6
Tassmonk,hyjal,575,monk,mistweaver,12,6,6
Itsjohnnylol,azuremyst,575,monk,mistweaver,12,6,6
Miso,nathrezim,575,monk,mistweaver,12,6,6
Agrïppa,caelestrasz,575,monk,mistweaver,12,6,6
Lexaz,quelthalas,575,monk,mistweaver,13,6,7
Ormchi,stormrage,575,monk,mistweaver,13,6,7
Cinnamonroll,mannoroth,575,monk,mistweaver,18,6,12
Rocketfist,bleeding-hollow,575,monk,mistweaver,18,6,12
Nîkè,area-52,575,monk,mistweaver,18,6,12
Freepunchz,frostmourne,575,monk,mistweaver,18,6,12
Beatboxblues,skullcrusher,574,monk,mistweaver,12,6,6
Yanedin,dalaran,574,monk,mistweaver,12,6,6
Westchi,arthas,574,monk,mistweaver,24,6,18
Jaf,lothar,574,monk,mistweaver,29,6,23
Manxxin,illidan,573,monk,mistweaver,24,6,18
Pradã,tichondrius,572,monk,mistweaver,12,6,6
Bewater,alterac-mountains,572,monk,mistweaver,12,6,6
Dokuho,silvermoon,572,monk,mistweaver,12,6,6
Gaturis,tichondrius,572,monk,mistweaver,21,7,14
Paladinei,tichondrius,571,monk,mistweaver,12,6,6
Keekismonk,gorefiend,566,monk,mistweaver,12,6,6
Dejohnette,quelthalas,565,monk,mistweaver,12,6,6
Gyunyumanjuu,proudmoore,559,monk,mistweaver,11,6,5
Boofie,perenolde,559,monk,mistweaver,11,6,5
Longdukdon,illidan,543,monk,mistweaver,11,6,5
Saltyone,firetree,543,monk,mistweaver,14,7,7
Jentmonk,tichondrius,543,monk,mistweaver,16,6,10
Bigolagile,velen,537,monk,mistweaver,22,6,16
Ogmonk,skullcrusher,528,monk,mistweaver,15,7,8
Narcotikx,runetotem,527,monk,mistweaver,11,6,5
Tøåst,illidan,527,monk,mistweaver,11,6,5
Shelbygtea,tichondrius,526,monk,mistweaver,11,6,5
Rakesh,azralon,525,monk,mistweaver,9,7,2
Kåelarayn,moon-guard,521,monk,mistweaver,19,7,12
Räyè,tichondrius,511,monk,mistweaver,8,6,2
Myozen,proudmoore,511,monk,mistweaver,11,6,5
Oldmanwalker,mannoroth,511,monk,mistweaver,11,6,5
Dingledop,illidan,511,monk,mistweaver,17,6,11
Sykaria,illidan,496,monk,mistweaver,7,6,1
Màngø,ragnaros,489,monk,mistweaver,33,7,26
Pinot,dragonmaw,480,monk,mistweaver,6,5,1
Theodôn,dalaran,480,monk,mistweaver,6,5,1
Siddharthä,barthilas,480,monk,mistweaver,6,5,1
Loserkid,illidan,480,monk,mistweaver,6,5,1
Gauchonatoo,nemesis,480,monk,mistweaver,6,5,1
Kchi,bleeding-hollow,480,monk,mistweaver,6,5,1
Tcm,deathwing,480,monk,mistweaver,6,5,1
Chaboixd,illidan,480,monk,mistweaver,6,5,1
Cryy,kelthuzad,480,monk,mistweaver,6,5,1
Elimweaver,frostmourne,480,monk,mistweaver,6,5,1
Donatello,arthas,480,monk,mistweaver,6,5,1
Thow,thrall,480,monk,mistweaver,6,5,1
Chanora,kelthuzad,480,monk,mistweaver,6,5,1
Fehung,moon-guard,480,monk,mistweaver,6,5,1
Custerweave,dalaran,480,monk,mistweaver,6,5,1
Spicym,proudmoore,480,monk,mistweaver,6,5,1
Dartanyuun,sargeras,480,monk,mistweaver,6,5,1
Klishae,emerald-dream,480,monk,mistweaver,6,5,1
Fistmê,stormrage,480,monk,mistweaver,6,5,1
Meepz,arthas,480,monk,mistweaver,6,5,1
Lilgnomeyhoe,moon-guard,480,monk,mistweaver,6,5,1
Mongénoìo,nemesis,480,monk,mistweaver,6,5,1
Stèvêwíldøît,tichondrius,480,monk,mistweaver,6,5,1
Orcboi,darkspear,480,monk,mistweaver,6,5,1
Yelixing,tichondrius,480,monk,mistweaver,6,5,1
Genia,ragnaros,480,monk,mistweaver,6,5,1
Touchoftism,proudmoore,480,monk,mistweaver,6,5,1
Meltycum,tichondrius,480,monk,mistweaver,6,5,1
Bluá,kiljaeden,480,monk,mistweaver,6,5,1
Stepfíster,tichondrius,480,monk,mistweaver,6,5,1
Khidda,barthilas,480,monk,mistweaver,6,5,1
Rollingkush,illidan,480,monk,mistweaver,6,5,1
Mistwalk,tichondrius,480,monk,mistweaver,6,5,1
Grumpî,tichondrius,480,monk,mistweaver,6,5,1
Alvinete,tichondrius,480,monk,mistweaver,6,5,1
Yuldaddy,tichondrius,480,monk,mistweaver,6,5,1
Enjie,stormrage,480,monk,mistweaver,6,5,1
Joeroganx,barthilas,480,monk,mistweaver,6,5,1
Monkcn,tichondrius,480,monk,mistweaver,6,5,1
Thegreentaco,tichondrius,480,monk,mistweaver,6,5,1
Laowaikiller,tichondrius,480,monk,mistweaver,6,5,1
Møzy,tichondrius,480,monk,mistweaver,6,5,1
Kayflock,tichondrius,480,monk,mistweaver,6,5,1
Bagslapper,stormrage,480,monk,mistweaver,6,5,1
Choibaedal,tichondrius,480,monk,mistweaver,7,5,2
Satiremaster,frostmourne,480,monk,mistweaver,8,5,3
Xiaotaimei,frostmourne,480,monk,mistweaver,12,5,7
Butjaum,stormrage,480,monk,mistweaver,12,5,7
Joggï,stormrage,480,monk,mistweaver,12,5,7
Poolcleaner,frostmourne,480,monk,mistweaver,12,5,7
Quander,tichondrius,480,monk,mistweaver,12,5,7
Btipton,tichondrius,480,monk,mistweaver,12,5,7
Loliported,tichondrius,480,monk,mistweaver,12,5,7
Palumorww,deathwing,480,monk,mistweaver,12,5,7
Kokweaver,sargeras,480,monk,mistweaver,12,5,7
Whipllash,tichondrius,480,monk,mistweaver,12,5,7
Ci,proudmoore,480,monk,mistweaver,12,5,7
Kaiøken,tichondrius,480,monk,mistweaver,12,5,7
Kalsaa,illidan,480,monk,mistweaver,12,5,7
Odradek,thunderlord,480,monk,mistweaver,12,5,7
Snooky,kiljaeden,480,monk,mistweaver,12,5,7
Masonn,kiljaeden,480,monk,mistweaver,12,5,7
Vonnygarami,kelthuzad,480,monk,mistweaver,12,5,7
Bitski,kelthuzad,480,monk,mistweaver,12,5,7
Ouibaguette,kelthuzad,480,monk,mistweaver,12,5,7
Zlatân,sargeras,480,monk,mistweaver,12,5,7
Piece,blackrock,480,monk,mistweaver,12,5,7
Karímm,ragnaros,480,monk,mistweaver,12,5,7
Xavelha,tichondrius,480,monk,mistweaver,12,5,7
Biggyballs,tichondrius,480,monk,mistweaver,12,5,7
Bigolbootay,tichondrius,480,monk,mistweaver,12,5,7
Complexqt,malganis,480,monk,mistweaver,12,5,7
Gnarmony,malganis,480,monk,mistweaver,12,5,7
Onak,illidan,480,monk,mistweaver,12,5,7
Dergu,quelthalas,480,monk,mistweaver,12,5,7
Gostop,barthilas,480,monk,mistweaver,12,5,7
Almondface,bleeding-hollow,480,monk,mistweaver,12,5,7
Amybaby,sargeras,480,monk,mistweaver,12,5,7
Kither,dentarg,480,monk,mistweaver,12,5,7
Judo,khadgar,480,monk,mistweaver,12,5,7
Superme,tichondrius,480,monk,mistweaver,12,5,7
Mists,velen,480,monk,mistweaver,12,5,7
Vashnir,lothar,480,monk,mistweaver,12,5,7
Monkchin,sargeras,480,monk,mistweaver,12,5,7
Nxtdimension,barthilas,480,monk,mistweaver,12,5,7
Ateci,area-52,480,monk,mistweaver,15,6,9
Sna,dragonmaw,480,monk,mistweaver,18,5,13
Blackflag,queldorei,480,monk,mistweaver,18,5,13
Sagapunch,hyjal,480,monk,mistweaver,18,5,13
Beefslaps,eitrigg,480,monk,mistweaver,18,5,13
Bruiseu,illidan,480,monk,mistweaver,18,5,13
Porkmist,icecrown,480,monk,mistweaver,18,5,13
Cckknckr,sargeras,480,monk,mistweaver,24,5,19
Monqq,tichondrius,479,monk,mistweaver,6,5,1
Phumanchew,tichondrius,479,monk,mistweaver,6,5,1
Deadlee,stormreaver,479,monk,mistweaver,12,5,7
Avarrayndrel,thrall,479,monk,mistweaver,12,5,7
Alothick,ragnaros,479,monk,mistweaver,12,5,7
Wisepaw,tichondrius,479,monk,mistweaver,12,5,7
Tianhu,sargeras,479,monk,mistweaver,12,5,7
Qi,draktharon,479,monk,mistweaver,12,5,7
Bitrau,destromath,479,monk,mistweaver,12,5,7
Chimpo,ragnaros,479,monk,mistweaver,12,5,7
Astralmonk,frostmourne,479,monk,mistweaver,12,5,7
Paticus,area-52,479,monk,mistweaver,12,5,7
Szass,barthilas,479,monk,mistweaver,12,5,7
Annara,tichondrius,479,monk,mistweaver,12,5,7
Ariël,tichondrius,479,monk,mistweaver,21,7,14
Satchelgizmo,tichondrius,479,monk,mistweaver,18,5,13
Svanasana,area-52,478,monk,mistweaver,12,5,7
Cahuun,baelgun,478,monk,mistweaver,12,5,7
Skittlés,alexstrasza,478,monk,mistweaver,12,5,7
Anußisito,stormrage,478,monk,mistweaver,18,5,13
Tutulee,tichondrius,477,monk,mistweaver,6,5,1
Sputnîk,nemesis,468,monk,mistweaver,22,10,12
Dyslexîc,emerald-dream,467,monk,mistweaver,22,9,13
Fairymonk,frostwolf,463,monk,mistweaver,11,5,6
Drgigglez,tichondrius,463,monk,mistweaver,11,5,6
Fumoo,sargeras,456,monk,mistweaver,18,8,10
Majinyooshi,kelthuzad,448,monk,mistweaver,10,5,5
Gòkou,moon-guard,447,monk,mistweaver,8,6,2
Scoopyafupa,illidan,447,monk,mistweaver,8,6,2
Bengal,arthas,447,monk,mistweaver,11,5,6
Graoul,thaurissan,447,monk,mistweaver,11,5,6
Hooverphonic,ragnaros,447,monk,mistweaver,11,5,6
Moistspot,frostmourne,447,monk,mistweaver,14,6,8
Indrazzxx,jubeithos,426,monk,mistweaver,11,7,4
Mindengo,sargeras,426,monk,mistweaver,15,7,8
Durath,burning-blade,415,monk,mistweaver,10,5,5
Skyflurry,darkspear,384,monk,mistweaver,6,4,2
Raires,tichondrius,384,monk,mistweaver,6,4,2
Punteeftw,sargeras,384,monk,mistweaver,6,4,2
Tinyboots,area-52,384,monk,mistweaver,6,4,2
Vetism,thrall,384,monk,mistweaver,6,4,2
Yeawe,tichondrius,384,monk,mistweaver,6,4,2
Shakeweightt,blackrock,384,monk,mistweaver,6,4,2
Chänx,tichondrius,384,monk,mistweaver,6,4,2
Monkinator,anvilmar,384,monk,mistweaver,6,4,2
Pôckets,shandris,384,monk,mistweaver,6,4,2
Notdustin,illidan,384,monk,mistweaver,6,4,2
Dottings,sargeras,384,monk,mistweaver,6,4,2
Minimiyagi,tichondrius,384,monk,mistweaver,6,4,2
Tubshark,kelthuzad,384,monk,mistweaver,6,4,2
Sleepyxo,tichondrius,384,monk,mistweaver,6,4,2
Põng,tichondrius,384,monk,mistweaver,6,4,2
Lynds,blackrock,384,monk,mistweaver,6,4,2
Kàdè,dalaran,384,monk,mistweaver,6,4,2
Snoogiee,khazgoroth,384,monk,mistweaver,6,4,2
Doodoodookie,thunderhorn,384,monk,mistweaver,6,4,2
Alkymw,crushridge,384,monk,mistweaver,6,4,2
Ksäh,bleeding-hollow,384,monk,mistweaver,6,4,2
Fistfyre,kiljaeden,384,monk,mistweaver,6,4,2
Bryanlucky,malganis,384,monk,mistweaver,6,4,2
Chopana,malganis,384,monk,mistweaver,6,4,2
Reehzyboy,stormrage,384,monk,mistweaver,6,4,2
Lexxiara,dalaran,384,monk,mistweaver,6,4,2
Pivo,wyrmrest-accord,384,monk,mistweaver,6,4,2
Scovillah,emerald-dream,384,monk,mistweaver,6,4,2
Healkinxo,tichondrius,384,monk,mistweaver,6,4,2
Loafymonk,stormrage,384,monk,mistweaver,6,4,2
Denji,staghelm,384,monk,mistweaver,6,4,2
Fueld,burning-legion,384,monk,mistweaver,6,4,2
Jackedz,frostmourne,384,monk,mistweaver,6,4,2
Büddhist,skullcrusher,384,monk,mistweaver,6,4,2
Anzulumonk,alexstrasza,384,monk,mistweaver,6,4,2
Kungfushrek,tichondrius,384,monk,mistweaver,6,4,2
Iruki,maelstrom,384,monk,mistweaver,6,4,2
Justamönk,moon-guard,384,monk,mistweaver,6,4,2
Rizzjutsu,stormrage,384,monk,mistweaver,6,4,2
Habitualtea,zuluhed,384,monk,mistweaver,6,4,2
Nikitip,tichondrius,384,monk,mistweaver,6,4,2
Woohoo,blackhand,384,monk,mistweaver,6,4,2
Monknuggét,illidan,384,monk,mistweaver,6,4,2
Brewtea,sargeras,384,monk,mistweaver,6,4,2
Orangechróme,area-52,384,monk,mistweaver,6,4,2
Delsiya,stormrage,384,monk,mistweaver,6,4,2
Hpee,illidan,384,monk,mistweaver,6,4,2
Dandyrz,azralon,384,monk,mistweaver,6,4,2
Azzovv,illidan,384,monk,mistweaver,6,4,2
Keyndanlamor,sargeras,384,monk,mistweaver,6,4,2
Talker,stormrage,384,monk,mistweaver,6,4,2
Howziexd,tichondrius,384,monk,mistweaver,6,4,2
Bruceléé,ragnaros,384,monk,mistweaver,6,4,2
Draxylzen,area-52,384,monk,mistweaver,6,4,2
Beersmonk,tichondrius,384,monk,mistweaver,6,4,2
Nipfuu,maelstrom,384,monk,mistweaver,6,4,2
Pandakid,shattered-halls,384,monk,mistweaver,6,4,2
Lyla,aegwynn,384,monk,mistweaver,6,4,2
Originalgødx,tichondrius,384,monk,mistweaver,6,4,2
Mistweaving,darkspear,384,monk,mistweaver,6,4,2
Lunelei,stormrage,384,monk,mistweaver,6,4,2
Brucetea,chogall,384,monk,mistweaver,6,4,2
Jâzze,zuljin,384,monk,mistweaver,6,4,2
Macnia,frostmourne,384,monk,mistweaver,6,4,2
Danie,nerzhul,384,monk,mistweaver,6,4,2
Wnrfu,stormrage,384,monk,mistweaver,6,4,2
Avendare,tichondrius,384,monk,mistweaver,6,4,2
Annalíssa,tichondrius,384,monk,mistweaver,6,4,2
Glorioushole,area-52,384,monk,mistweaver,6,4,2
Aliji,quelthalas,384,monk,mistweaver,10,5,5
Flurryfists,kalecgos,384,monk,mistweaver,10,5,5
Plopnspheres,arthas,384,monk,mistweaver,10,4,6
Darylphilbin,emerald-dream,384,monk,mistweaver,12,4,8
Hoyocochino,quelthalas,384,monk,mistweaver,12,4,8
Macktickle,zuljin,384,monk,mistweaver,12,4,8
Valkana,kelthuzad,384,monk,mistweaver,12,4,8
Spiritmist,sargeras,384,monk,mistweaver,12,4,8
Findorato,windrunner,384,monk,mistweaver,12,4,8
Nicolascåge,destromath,384,monk,mistweaver,12,4,8
Pandàmonium,frostmourne,384,monk,mistweaver,12,4,8
Pax,boulderfist,384,monk,mistweaver,12,4,8
Toxicc,dalaran,384,monk,mistweaver,12,4,8
Migchi,sargeras,384,monk,mistweaver,12,4,8
Windwalken,sargeras,384,monk,mistweaver,12,4,8
Melmonk,stormrage,384,monk,mistweaver,12,4,8
Sanosuki,dalaran,384,monk,mistweaver,12,4,8
Sprinkli,sargeras,384,monk,mistweaver,12,4,8
Xanxee,area-52,384,monk,mistweaver,12,4,8
Fluffykaboom,destromath,384,monk,mistweaver,12,4,8
Mingfei,uther,384,monk,mistweaver,12,4,8
Mccoy,quelthalas,384,monk,mistweaver,12,4,8
Darkeiji,stormrage,384,monk,mistweaver,12,4,8
Sim,frostmourne,384,monk,mistweaver,12,4,8
Ronash,hydraxis,384,monk,mistweaver,12,4,8
Bambos,sargeras,384,monk,mistweaver,12,4,8
Frankènmonk,illidan,384,monk,mistweaver,12,4,8
Jincíe,area-52,384,monk,mistweaver,12,4,8
Mockz,dentarg,384,monk,mistweaver,12,4,8
Monkyo,magtheridon,384,monk,mistweaver,12,4,8
Greentea,kaelthas,384,monk,mistweaver,12,4,8
Neversweep,tichondrius,384,monk,mistweaver,12,4,8
Gavzen,tichondrius,384,monk,mistweaver,12,4,8
Rìzzo,tichondrius,384,monk,mistweaver,12,4,8
Voralichi,sargeras,384,monk,mistweaver,12,4,8
Jimbojenkins,bleeding-hollow,384,monk,mistweaver,12,4,8
Yunei,tichondrius,384,monk,mistweaver,12,4,8
Nutbag,norgannon,384,monk,mistweaver,12,4,8
Zënløvë,tichondrius,384,monk,mistweaver,12,4,8
Nõõdlebreath,tichondrius,384,monk,mistweaver,12,4,8
Qpac,illidan,384,monk,mistweaver,12,4,8
Spiffo,tichondrius,384,monk,mistweaver,12,4,8
Róokie,tichondrius,384,monk,mistweaver,12,4,8
Xjjqaa,tichondrius,384,monk,mistweaver,12,4,8
Iamapotato,tichondrius,384,monk,mistweaver,18,4,14
Quitweavin,tichondrius,384,monk,mistweaver,36,4,32
Nedpanders,nagrand,383,monk,mistweaver,6,4,2
Therivermist,tichondrius,383,monk,mistweaver,6,4,2
Tsukuyômi,thrall,383,monk,mistweaver,6,4,2
Squishyfaces,wyrmrest-accord,383,monk,mistweaver,6,4,2
Reenayme,moon-guard,383,monk,mistweaver,6,4,2
Zinque,emerald-dream,383,monk,mistweaver,6,4,2
Esleif,moonrunner,383,monk,mistweaver,12,4,8
Zyemell,tichondrius,383,monk,mistweaver,12,4,8
Fvl,barthilas,383,monk,mistweaver,12,4,8
Rollbot,kelthuzad,382,monk,mistweaver,6,4,2
Baaron,sargeras,382,monk,mistweaver,12,4,8
Sence,lightnings-blade,382,monk,mistweaver,18,4,14
Kurrama,twisting-nether,381,monk,mistweaver,12,4,8
Kostazen,draenor,381,monk,mistweaver,18,4,14
Jeme,tichondrius,379,monk,mistweaver,12,4,8
Chickntendys,sargeras,361,monk,mistweaver,21,6,15
Bleht,moon-guard,352,monk,mistweaver,16,5,11
Sáble,stormrage,351,monk,mistweaver,11,4,7
Healomonko,emerald-dream,351,monk,mistweaver,14,5,9
Vesija,sargeras,351,monk,mistweaver,17,4,13
Chayim,wyrmrest-accord,336,monk,mistweaver,9,4,5
Daddywarpig,tichondrius,336,monk,mistweaver,9,4,5
Zhihua,moon-guard,336,monk,mistweaver,21,4,17
Clericninja,illidan,330,monk,mistweaver,9,6,3
Stormbreww,tichondrius,330,monk,mistweaver,15,5,10
Yenizä,illidan,330,monk,mistweaver,15,5,10
Stunnedheals,arthas,330,monk,mistweaver,16,5,11
Chronost,sargeras,330,monk,mistweaver,27,5,22
Xiaovega,dalaran,329,monk,mistweaver,16,5,11
Póe,gnomeregan,320,monk,mistweaver,10,4,6
Mikuohashi,amanthul,319,monk,mistweaver,5,4,1
Ereshkigalts,tichondrius,319,monk,mistweaver,5,4,1
Hauntings,hellscream,319,monk,mistweaver,5,4,1
Frostyllama,tichondrius,319,monk,mistweaver,5,4,1
Missfu,tichondrius,319,monk,mistweaver,8,4,4
Joda,sargeras,304,monk,mistweaver,13,4,9
Webcams,illidan,304,monk,mistweaver,13,4,9
Chriscukr,stormreaver,296,monk,mistweaver,15,5,10
Onlypands,stormrage,288,monk,mistweaver,6,3,3
Fammi,stormrage,288,monk,mistweaver,6,3,3
Jabjabjabjab,korgath,288,monk,mistweaver,6,3,3
Uppercutz,mannoroth,288,monk,mistweaver,6,3,3
Stigzz,stormrage,288,monk,mistweaver,6,3,3
Cädemaddöx,stormrage,288,monk,mistweaver,6,3,3
Fysicalx,stormrage,288,monk,mistweaver,6,3,3
Nocandefend,korgath,288,monk,mistweaver,6,3,3
Mïstë,stormrage,288,monk,mistweaver,6,3,3
Medx,wyrmrest-accord,288,monk,mistweaver,6,3,3
Kayla,ursin,288,monk,mistweaver,6,3,3
Röen,tichondrius,288,monk,mistweaver,6,3,3
Bfz,frostmourne,288,monk,mistweaver,6,3,3
Bigdaddyron,frostmourne,288,monk,mistweaver,6,3,3
Revivemeplzx,tichondrius,288,monk,mistweaver,6,3,3
Nomonko,tichondrius,288,monk,mistweaver,6,3,3
Zümiez,zuljin,288,monk,mistweaver,6,3,3
Seshiro,area-52,288,monk,mistweaver,6,3,3
Madson,darkspear,288,monk,mistweaver,6,3,3
Funkyfever,kelthuzad,288,monk,mistweaver,6,3,3
Hotwangs,jubeithos,288,monk,mistweaver,6,3,3
Marçi,moon-guard,288,monk,mistweaver,6,3,3
Möösê,moon-guard,288,monk,mistweaver,6,3,3
Papichi,icecrown,288,monk,mistweaver,6,3,3
Screeminmimi,tichondrius,288,monk,mistweaver,6,3,3
Dreadbrew,moon-guard,288,monk,mistweaver,6,3,3
Lxx,bleeding-hollow,288,monk,mistweaver,6,3,3
Dawnmist,tichondrius,288,monk,mistweaver,6,3,3
Evanyfist,proudmoore,288,monk,mistweaver,6,3,3
Camz,darkspear,288,monk,mistweaver,6,3,3
Kaminagi,proudmoore,288,monk,mistweaver,6,3,3
Greenteafrãp,bleeding-hollow,288,monk,mistweaver,6,3,3
Hundski,bleeding-hollow,288,monk,mistweaver,6,3,3
Chingu,ragnaros,288,monk,mistweaver,6,3,3
Streetcreds,bleeding-hollow,288,monk,mistweaver,6,3,3
Zamerà,bleeding-hollow,288,monk,mistweaver,6,3,3
Furrykisser,tichondrius,288,monk,mistweaver,6,3,3
Fistin,laughing-skull,288,monk,mistweaver,6,3,3
Kalaharo,sargeras,288,monk,mistweaver,6,3,3
Spacoli,stormrage,288,monk,mistweaver,6,3,3
Lourdez,tichondrius,288,monk,mistweaver,6,3,3
Fhister,sargeras,288,monk,mistweaver,6,3,3
Austaar,frostmourne,288,monk,mistweaver,6,3,3
Headhunterzs,ragnaros,288,monk,mistweaver,6,3,3
Darches,quelthalas,288,monk,mistweaver,6,3,3
Kotonnoha,quelthalas,288,monk,mistweaver,6,3,3
Serenïty,quelthalas,288,monk,mistweaver,6,3,3
Pamii,quelthalas,288,monk,mistweaver,6,3,3
Sàrion,sargeras,288,monk,mistweaver,6,3,3
Feelsogöod,tichondrius,288,monk,mistweaver,6,3,3
Macproblem,malganis,288,monk,mistweaver,6,3,3
Aphrodîîte,area-52,288,monk,mistweaver,6,3,3
Ðreadhot,malganis,288,monk,mistweaver,6,3,3
Alicea,gurubashi,288,monk,mistweaver,6,3,3
Feller,malganis,288,monk,mistweaver,6,3,3
Skâ,kiljaeden,288,monk,mistweaver,6,3,3
Canofwoopas,dalaran,288,monk,mistweaver,6,3,3
Phistea,area-52,288,monk,mistweaver,6,3,3
Moero,malganis,288,monk,mistweaver,6,3,3
Maybeyooshi,kelthuzad,288,monk,mistweaver,6,3,3
Chaipie,kelthuzad,288,monk,mistweaver,6,3,3
Baelmao,wyrmrest-accord,288,monk,mistweaver,6,3,3
Zóë,korgath,288,monk,mistweaver,6,3,3
Alphamist,wyrmrest-accord,288,monk,mistweaver,6,3,3
Jugojuice,stormrage,288,monk,mistweaver,6,3,3
Dublefist,draktharon,288,monk,mistweaver,6,3,3
Duckingkarma,tichondrius,288,monk,mistweaver,6,3,3
Sloptimonk,thaurissan,288,monk,mistweaver,6,3,3
Seii,ravenholdt,288,monk,mistweaver,6,3,3
Azithromycin,azjolnerub,288,monk,mistweaver,6,3,3
Grababutt,sargeras,288,monk,mistweaver,6,3,3
Voguex,area-52,288,monk,mistweaver,6,3,3
Br,steamwheedle-cartel,288,monk,mistweaver,6,3,3
Droppinfast,sargeras,288,monk,mistweaver,6,3,3
Supfreshx,tichondrius,288,monk,mistweaver,6,3,3
Klanianweevv,sargeras,288,monk,mistweaver,6,3,3
Xirrion,darkspear,288,monk,mistweaver,6,3,3
Notcheez,sargeras,288,monk,mistweaver,6,3,3
Reiij,illidan,288,monk,mistweaver,6,3,3
Bikkz,tichondrius,288,monk,mistweaver,6,3,3
Drockzo,wyrmrest-accord,288,monk,mistweaver,6,3,3
Dbgzx,illidan,288,monk,mistweaver,6,3,3
Imisswodxo,illidan,288,monk,mistweaver,6,3,3
Volt,wildhammer,288,monk,mistweaver,6,3,3
Densíty,kiljaeden,288,monk,mistweaver,6,3,3
Rasgacrú,stormrage,288,monk,mistweaver,6,3,3
Grogio,wyrmrest-accord,288,monk,mistweaver,6,3,3
Psii,the-venture-co,288,monk,mistweaver,6,3,3
Foxjade,thrall,288,monk,mistweaver,6,3,3
ßöe,sargeras,288,monk,mistweaver,6,3,3
Quartztiger,sargeras,288,monk,mistweaver,6,3,3
Oorochimaru,azralon,288,monk,mistweaver,6,3,3
Dedmk,azralon,288,monk,mistweaver,6,3,3
Mipkek,saurfang,288,monk,mistweaver,6,3,3
Cashina,azralon,288,monk,mistweaver,6,3,3
Kúrios,azralon,288,monk,mistweaver,10,3,7
Hixemonk,illidan,288,monk,mistweaver,12,3,9
Wørm,emerald-dream,288,monk,mistweaver,12,3,9
Øtpp,sargeras,288,monk,mistweaver,12,3,9
Superbuf,area-52,288,monk,mistweaver,12,3,9
Katalina,alexstrasza,288,monk,mistweaver,12,3,9
Katsübooy,azralon,288,monk,mistweaver,12,3,9
Korvishka,malganis,288,monk,mistweaver,12,3,9
Fitofryfitof,aegwynn,288,monk,mistweaver,12,3,9
Yuufi,moon-guard,288,monk,mistweaver,12,3,9
Dreadneck,sargeras,288,monk,mistweaver,12,3,9
Ãcé,ragnaros,288,monk,mistweaver,12,3,9
Ropanddrop,nerzhul,288,monk,mistweaver,12,3,9
Mwtouch,nemesis,288,monk,mistweaver,12,3,9
Wizcaulifa,stormrage,288,monk,mistweaver,12,3,9
Notthefather,area-52,288,monk,mistweaver,12,3,9
Luckystrike,area-52,288,monk,mistweaver,12,3,9
Gentlefists,sargeras,288,monk,mistweaver,12,3,9
Pumpdaddi,thrall,288,monk,mistweaver,12,3,9
Imakiya,tichondrius,288,monk,mistweaver,17,3,14
Mung,boulderfist,288,monk,mistweaver,18,3,15
Ztzztx,sargeras,287,monk,mistweaver,6,3,3
Deyseddia,azgalor,287,monk,mistweaver,6,3,3
Gatsbi,arthas,287,monk,mistweaver,6,3,3
Märyse,ragnaros,287,monk,mistweaver,6,3,3
Iarw,tichondrius,287,monk,mistweaver,6,3,3
Holandri,moon-guard,287,monk,mistweaver,6,3,3
Shlumpuh,tichondrius,287,monk,mistweaver,16,4,12
Lilpielover,zuljin,286,monk,mistweaver,15,4,11
Klassik,thrall,286,monk,mistweaver,21,4,17
Timjongill,stormrage,271,monk,mistweaver,11,3,8
Fingies,garrosh,271,monk,mistweaver,11,3,8
Condem,malfurion,271,monk,mistweaver,17,3,14
Lildae,burning-legion,256,monk,mistweaver,4,4,0
Gaynpetty,proudmoore,256,monk,mistweaver,4,4,0
Boeingair,kelthuzad,255,monk,mistweaver,8,4,4
Koragro,tichondrius,239,monk,mistweaver,5,3,2
Fistedorclaw,lothar,234,monk,mistweaver,10,5,5
Mydx,thrall,234,monk,mistweaver,8,4,4
Vinzen,jubeithos,234,monk,mistweaver,9,4,5
Isit,vashj,234,monk,mistweaver,9,4,5
Zeisei,wyrmrest-accord,234,monk,mistweaver,10,4,6
Mizmonk,agamaggan,234,monk,mistweaver,10,4,6
Hirado,kelthuzad,234,monk,mistweaver,16,4,12
Friedpanda,kelthuzad,234,monk,mistweaver,16,4,12
Saelexy,tichondrius,232,monk,mistweaver,7,5,2
Emrose,demon-soul,208,monk,mistweaver,13,3,10
Fujiô,illidan,192,monk,mistweaver,4,3,1
Furryfisttin,illidan,192,monk,mistweaver,8,3,5
Absurd,mannoroth,192,monk,mistweaver,8,3,5
Caralia,exodar,192,monk,mistweaver,6,2,4
Theriní,stormrage,192,monk,mistweaver,6,2,4
Jittersx,silvermoon,192,monk,mistweaver,6,2,4
Ricecákez,alterac-mountains,192,monk,mistweaver,6,2,4
Omashu,nemesis,192,monk,mistweaver,6,2,4
Ianfrómsmosh,sargeras,192,monk,mistweaver,6,2,4
Quartzmonkey,zuljin,192,monk,mistweaver,6,2,4
Mâkaveli,gnomeregan,192,monk,mistweaver,6,2,4
Fistbumps,senjin,192,monk,mistweaver,6,2,4
Torpedo,blackrock,192,monk,mistweaver,6,2,4
Banidiin,moon-guard,192,monk,mistweaver,6,2,4
Bamboozle,blackrock,192,monk,mistweaver,6,2,4
Õîßîgßrôßlëm,tichondrius,192,monk,mistweaver,6,2,4
Nilonsso,sargeras,192,monk,mistweaver,6,2,4
Djanira,nemesis,192,monk,mistweaver,6,2,4
Xiaowën,nemesis,192,monk,mistweaver,6,2,4
Jaybum,sargeras,192,monk,mistweaver,6,2,4
Hitchslapz,tichondrius,192,monk,mistweaver,6,2,4
Lowiebowie,tichondrius,192,monk,mistweaver,6,2,4
Cheegawn,maiev,192,monk,mistweaver,6,2,4
Sebasu,perenolde,192,monk,mistweaver,6,2,4
Zengoku,zuljin,192,monk,mistweaver,6,2,4
Nirox,akama,192,monk,mistweaver,6,2,4
Daelör,zuljin,192,monk,mistweaver,6,2,4
Acena,stormrage,192,monk,mistweaver,6,2,4
Boundiful,emerald-dream,192,monk,mistweaver,6,2,4
Monksbad,tanaris,192,monk,mistweaver,6,2,4
Skadouch,wyrmrest-accord,192,monk,mistweaver,6,2,4
Quickhands,dalaran,192,monk,mistweaver,6,2,4
Wrathion,rexxar,192,monk,mistweaver,6,2,4
Tarae,nagrand,192,monk,mistweaver,6,2,4
Lilknucks,bonechewer,192,monk,mistweaver,6,2,4
Meatmaster,kelthuzad,192,monk,mistweaver,6,2,4
Touchbot,tichondrius,192,monk,mistweaver,6,2,4
Mastaquick,malfurion,192,monk,mistweaver,6,2,4
Kîkû,moon-guard,192,monk,mistweaver,6,2,4
Fortnight,emerald-dream,192,monk,mistweaver,6,2,4
Gyatso,aegwynn,192,monk,mistweaver,6,2,4
Selocke,bleeding-hollow,192,monk,mistweaver,6,2,4
Foxmacleod,bleeding-hollow,192,monk,mistweaver,6,2,4
Blochs,tichondrius,192,monk,mistweaver,6,2,4
Djbluezx,tichondrius,192,monk,mistweaver,6,2,4
Bighañds,arthas,192,monk,mistweaver,6,2,4
Bodyshot,area-52,192,monk,mistweaver,6,2,4
Hiimseven,kiljaeden,192,monk,mistweaver,6,2,4
Obbmw,moon-guard,192,monk,mistweaver,6,2,4
Tommywiseau,amanthul,192,monk,mistweaver,6,2,4
Mistbeard,aggramar,192,monk,mistweaver,6,2,4
Ðawñ,aggramar,192,monk,mistweaver,6,2,4
Keltik,stormrage,192,monk,mistweaver,6,2,4
Demödras,stormrage,192,monk,mistweaver,6,2,4
Ramhemi,kiljaeden,192,monk,mistweaver,6,2,4
Gertza,dalaran,192,monk,mistweaver,6,2,4
Aquamonk,tichondrius,192,monk,mistweaver,6,2,4
Tejahh,ysondre,192,monk,mistweaver,6,2,4
Vams,barthilas,192,monk,mistweaver,6,2,4
Apparent,lightnings-blade,192,monk,mistweaver,6,2,4
Privm,moonrunner,192,monk,mistweaver,6,2,4
Kickflipy,dalaran,192,monk,mistweaver,6,2,4
Fäded,trollbane,192,monk,mistweaver,6,2,4
Broxxenidas,quelthalas,192,monk,mistweaver,6,2,4
Thebiscuit,frostmourne,192,monk,mistweaver,6,2,4
Snettalia,quelthalas,192,monk,mistweaver,6,2,4
Zåz,nazgrel,192,monk,mistweaver,6,2,4
Randiesel,malganis,192,monk,mistweaver,6,2,4
Fïstbeaver,malganis,192,monk,mistweaver,6,2,4
Primez,frostmourne,192,monk,mistweaver,6,2,4
Krucíal,illidan,192,monk,mistweaver,6,2,4
Drfistyfingr,malganis,192,monk,mistweaver,6,2,4
Iililiililil,stormrage,192,monk,mistweaver,6,2,4
Ashenn,area-52,192,monk,mistweaver,6,2,4
Onepunch,exodar,192,monk,mistweaver,7,2,5
Glowsgreenby,area-52,192,monk,mistweaver,8,2,6
Dirtysmile,ragnaros,192,monk,mistweaver,11,2,9
Monkik,laughing-skull,192,monk,mistweaver,12,2,10
Emmã,illidan,192,monk,mistweaver,12,2,10
Sanytea,sargeras,192,monk,mistweaver,12,2,10
Bramos,illidan,192,monk,mistweaver,12,2,10
Fuchizaki,ragnaros,192,monk,mistweaver,12,2,10
Taymonk,stormrage,192,monk,mistweaver,12,2,10
Hunglikejfk,thrall,192,monk,mistweaver,12,2,10
Göönsqüäd,moon-guard,192,monk,mistweaver,12,2,10
Ðetroitsmash,sargeras,192,monk,mistweaver,12,2,10
Whynotec,tichondrius,192,monk,mistweaver,12,2,10
Bubblekit,nerzhul,192,monk,mistweaver,12,2,10
Kick,dragonmaw,192,monk,mistweaver,12,2,10
Missmagda,darkspear,192,monk,mistweaver,12,2,10
Yomamaflo,wildhammer,192,monk,mistweaver,12,2,10
Chuggernaut,illidan,192,monk,mistweaver,15,2,13
Farmerstan,sargeras,192,monk,mistweaver,18,2,16
Fatde,daggerspine,192,monk,mistweaver,18,2,16
Senzmist,lightbringer,191,monk,mistweaver,6,2,4
Kamakani,moon-guard,191,monk,mistweaver,6,2,4
Melliex,hakkar,191,monk,mistweaver,6,2,4
Honestworkz,area-52,191,monk,mistweaver,6,2,4
Lazybear,hakkar,191,monk,mistweaver,6,2,4
Realisthands,barthilas,191,monk,mistweaver,6,2,4
Rorik,deathwing,191,monk,mistweaver,12,2,10
Krimla,suramar,191,monk,mistweaver,18,2,16
Phystweaver,malganis,175,monk,mistweaver,11,2,9
Fistaholic,turalyon,159,monk,mistweaver,5,2,3
Pathad,stormrage,159,monk,mistweaver,5,2,3
Duskier,garithos,144,monk,mistweaver,3,3,0
Elfïnhealme,tichondrius,144,monk,mistweaver,3,3,0
Miestro,tichondrius,138,monk,mistweaver,6,3,3
Spicybrew,tichondrius,138,monk,mistweaver,7,3,4
Wifflenut,tichondrius,138,monk,mistweaver,11,4,7
ßøøstêðçhåñ,illidan,138,monk,mistweaver,9,3,6
Slimweaver,stormrage,138,monk,mistweaver,13,4,9
Arinix,tichondrius,138,monk,mistweaver,11,3,8
Vyostao,ragnaros,138,monk,mistweaver,11,3,8
Onlyfannss,stormrage,128,monk,mistweaver,4,2,2
Averagéjoe,tichondrius,127,monk,mistweaver,8,2,6
Bellátíx,quelthalas,126,monk,mistweaver,23,10,13
Melssra,sargeras,112,monk,mistweaver,7,2,5
Mysstickle,icecrown,96,monk,mistweaver,3,2,1
Lyghtweight,stormrage,96,monk,mistweaver,3,2,1
Dabins,tichondrius,96,monk,mistweaver,16,4,12
Shrimptown,dalaran,96,monk,mistweaver,6,1,5
Tofugoku,area-52,96,monk,mistweaver,6,1,5
Siado,arthas,96,monk,mistweaver,6,1,5
Limejuulpod,malganis,96,monk,mistweaver,6,1,5
Saisho,dalaran,96,monk,mistweaver,6,1,5
Ünarù,area-52,96,monk,mistweaver,6,1,5
Cráne,duskwood,96,monk,mistweaver,6,1,5
Raylá,kelthuzad,96,monk,mistweaver,6,1,5
Rockfu,illidan,96,monk,mistweaver,6,1,5
Nject,malganis,96,monk,mistweaver,6,1,5
Kayakpunch,moon-guard,96,monk,mistweaver,6,1,5
Nevoanegra,stormrage,96,monk,mistweaver,6,1,5
Burgersaloon,moon-guard,96,monk,mistweaver,6,1,5
Danicah,altar-of-storms,96,monk,mistweaver,6,1,5
Bigblaack,shattered-hand,96,monk,mistweaver,6,1,5
Criminall,aegwynn,96,monk,mistweaver,6,1,5
Lainerya,moon-guard,96,monk,mistweaver,6,1,5
Fengshuî,tichondrius,96,monk,mistweaver,6,1,5
Kimmyfists,tichondrius,96,monk,mistweaver,6,1,5
Danthenoodle,aegwynn,96,monk,mistweaver,6,1,5
Froggie,illidan,96,monk,mistweaver,6,1,5
Hòlygòd,dalaran,96,monk,mistweaver,6,1,5
Dirack,quelthalas,96,monk,mistweaver,6,1,5
Huaria,illidan,96,monk,mistweaver,6,1,5
Kungfucheeks,illidan,96,monk,mistweaver,6,1,5
Heigila,aerie-peak,96,monk,mistweaver,6,1,5
Turkeydinner,frostmourne,96,monk,mistweaver,6,1,5
Tedbondy,moon-guard,96,monk,mistweaver,6,1,5
Veng,azralon,96,monk,mistweaver,6,1,5
Ruion,moon-guard,96,monk,mistweaver,6,1,5
Roryh,quelthalas,96,monk,mistweaver,6,1,5
Mystbullfyst,turalyon,96,monk,mistweaver,6,1,5
Jamesboong,illidan,96,monk,mistweaver,6,1,5
Kaÿñ,area-52,96,monk,mistweaver,6,1,5
Noicer,illidan,96,monk,mistweaver,6,1,5
Punchlord,saurfang,96,monk,mistweaver,6,1,5
Oafist,area-52,96,monk,mistweaver,6,1,5
Zrza,tichondrius,96,monk,mistweaver,6,1,5
Naveex,bleeding-hollow,96,monk,mistweaver,6,1,5
Stickyloads,illidan,96,monk,mistweaver,6,1,5
Lomist,nazjatar,96,monk,mistweaver,6,1,5
Sukrid,emerald-dream,96,monk,mistweaver,6,1,5
Monkuxe,zuljin,96,monk,mistweaver,6,1,5
Samaera,uther,96,monk,mistweaver,6,1,5
Kiawe,zuljin,96,monk,mistweaver,6,1,5
Kenvuki,emerald-dream,96,monk,mistweaver,6,1,5
Daeio,burning-legion,96,monk,mistweaver,6,1,5
Bannedbybliz,thrall,96,monk,mistweaver,6,1,5
Charrek,zuljin,96,monk,mistweaver,6,1,5
Tzobee,stormrage,96,monk,mistweaver,6,1,5
Superchi,sargeras,96,monk,mistweaver,6,1,5
Zabao,tichondrius,96,monk,mistweaver,6,1,5
Runinn,nordrassil,96,monk,mistweaver,6,1,5
Fatboyswag,tichondrius,96,monk,mistweaver,6,1,5
Sambana,sargeras,96,monk,mistweaver,6,1,5
Ezpzmonk,bloodscalp,96,monk,mistweaver,6,1,5
Súprä,stormrage,96,monk,mistweaver,6,1,5
Zenmidget,kelthuzad,96,monk,mistweaver,12,1,11
Eliwenn,ragnaros,96,monk,mistweaver,12,1,11
Ryzzah,sargeras,96,monk,mistweaver,12,1,11
Ghostsofur,tichondrius,96,monk,mistweaver,12,1,11
Selectra,malfurion,95,monk,mistweaver,6,1,5
Parkyeonjin,tichondrius,79,monk,mistweaver,5,1,4
Soldasac,area-52,79,monk,mistweaver,5,1,4
Clixstermonk,area-52,79,monk,mistweaver,5,1,4
Koharu,proudmoore,79,monk,mistweaver,11,1,10
Thalreyzian,vashj,64,monk,mistweaver,4,1,3
Memonk,ysera,64,monk,mistweaver,10,1,9
Deethnutth,bleeding-hollow,63,monk,mistweaver,2,2,0
Rockxtv,illidan,63,monk,mistweaver,2,2,0
Mataleao,emerald-dream,42,monk,mistweaver,10,2,8
Whtnyhuston,sargeras,42,monk,mistweaver,12,2,10
Tacoma,sargeras,42,monk,mistweaver,14,2,12
Ccdog,amanthul,31,monk,mistweaver,2,1,1
Vazana,wyrmrest-accord,30,monk,mistweaver,18,7,11
Inyomouf,frostwolf,16,monk,mistweaver,1,1,0
Robbo,tichondrius,1635,monk,brewmaster,84,38,46
Daesun,quelthalas,1467,monk,brewmaster,50,24,26
Worldpvp,nerzhul,1416,monk,brewmaster,68,29,39
Epucphail,kelthuzad,1221,monk,brewmaster,78,33,45
Omgar,frostmourne,1046,monk,brewmaster,44,17,27
Chochas,tichondrius,660,monk,brewmaster,18,7,11
Rín,dalaran,521,monk,brewmaster,19,7,12
Morpheous,whisperwind,383,monk,brewmaster,6,4,2
Doughboy,skullcrusher,383,monk,brewmaster,12,4,8
Genié,moon-guard,288,monk,brewmaster,6,3,3
Akhar,nazgrel,288,monk,brewmaster,6,3,3
Lonebamboo,tichondrius,288,monk,brewmaster,12,3,9
Quaria,moon-guard,288,monk,brewmaster,18,3,15
Daedae,quelthalas,192,monk,brewmaster,8,3,5
Gibrew,azralon,192,monk,brewmaster,6,2,4
Sistuhfista,tichondrius,192,monk,brewmaster,6,2,4
Hunglowe,bonechewer,192,monk,brewmaster,11,2,9
Drunkfight,zuljin,192,monk,brewmaster,18,2,16
Tazuna,trollbane,191,monk,brewmaster,6,2,4
Encry,zuljin,191,monk,brewmaster,6,2,4
Honcho,skywall,96,monk,brewmaster,6,1,5
Ferrarí,quelthalas,79,monk,brewmaster,11,1,10
Neighbors,sargeras,2342,monk,windwalker,265,141,124
Hwoärang,stormrage,2300,monk,windwalker,101,57,44
Iminglee,area-52,2271,monk,windwalker,178,94,84
Homunculusx,bleeding-hollow,2245,monk,windwalker,102,57,45
Chyx,tichondrius,2245,monk,windwalker,130,70,60
Edenx,sargeras,2238,monk,windwalker,84,48,36
Primez,frostmourne,2218,monk,windwalker,106,55,51
Sultanofwind,malganis,2214,monk,windwalker,117,65,52
Keyam,illidan,2208,monk,windwalker,101,54,47
Pacmankr,tichondrius,2204,monk,windwalker,175,93,82
Riversøng,frostmourne,2201,monk,windwalker,114,63,51
Doublejab,area-52,2200,monk,windwalker,78,59,19
Xyän,bleeding-hollow,2182,monk,windwalker,106,55,51
Thewy,tichondrius,2173,monk,windwalker,156,79,77
Percentx,tichondrius,2164,monk,windwalker,102,53,49
Judo,agamaggan,2161,monk,windwalker,122,62,60
Cmx,sargeras,2152,monk,windwalker,178,92,86
Sean,nazjatar,2143,monk,windwalker,72,38,34
Kranelo,tichondrius,2139,monk,windwalker,144,78,66
Rytes,moon-guard,2137,monk,windwalker,207,112,95
Homun,tichondrius,2135,monk,windwalker,99,50,49
Bigherosixx,tichondrius,2124,monk,windwalker,144,78,66
Senseiww,sargeras,2120,monk,windwalker,186,92,94
Fínzy,tichondrius,2118,monk,windwalker,337,176,161
Axtîn,stormreaver,2113,monk,windwalker,82,47,35
Flattsww,tichondrius,2111,monk,windwalker,274,140,134
Hypnøtìze,frostmourne,2106,monk,windwalker,221,118,103
Larryjonés,area-52,2105,monk,windwalker,215,111,104
Rickybobbyx,vashj,2103,monk,windwalker,137,70,67
Iílílílílílí,area-52,2101,monk,windwalker,84,43,41
Wwlékinhø,azralon,2091,monk,windwalker,153,87,66
Robbo,tichondrius,2079,monk,windwalker,125,62,63
Stárset,illidan,2076,monk,windwalker,102,56,46
Sickbanga,barthilas,2074,monk,windwalker,238,127,111
Chopt,zuljin,2057,monk,windwalker,179,89,90
Fueld,burning-legion,2053,monk,windwalker,558,279,279
Droguex,tichondrius,2050,monk,windwalker,409,200,209
Innerverse,tichondrius,2046,monk,windwalker,88,42,46
Nyofu,moon-guard,2043,monk,windwalker,94,51,43
Liamllama,barthilas,2036,monk,windwalker,182,95,87
Xølik,draenor,2019,monk,windwalker,60,43,17
Mikeyx,area-52,2017,monk,windwalker,76,39,37
Hehex,bleeding-hollow,2011,monk,windwalker,95,53,42
Catgallery,tichondrius,2011,monk,windwalker,274,136,138
Spotifyfan,ysera,1993,monk,windwalker,239,128,111
Hamyu,illidan,1992,monk,windwalker,96,49,47
Dalearnhardt,proudmoore,1988,monk,windwalker,83,46,37
Hakri,arthas,1987,monk,windwalker,30,21,9
Helvectius,tichondrius,1987,monk,windwalker,282,140,142
Kimetsu,sargeras,1985,monk,windwalker,148,87,61
Broomooster,bleeding-hollow,1983,monk,windwalker,71,34,37
Maomaogun,tichondrius,1980,monk,windwalker,96,54,42
Inbu,tichondrius,1978,monk,windwalker,341,171,170
Cuteirl,tichondrius,1970,monk,windwalker,84,53,31
Bussÿ,area-52,1968,monk,windwalker,277,142,135
Lodbork,tichondrius,1966,monk,windwalker,510,263,247
Ighostgirls,thrall,1964,monk,windwalker,88,45,43
Crashandflow,zuljin,1961,monk,windwalker,60,33,27
Gothamonk,tichondrius,1956,monk,windwalker,47,24,23
Xueyu,malganis,1955,monk,windwalker,66,35,31
Madtiger,scilla,1955,monk,windwalker,183,92,91
Screwz,tichondrius,1948,monk,windwalker,97,50,47
Yuujitsu,sargeras,1941,monk,windwalker,240,126,114
Omnly,stormrage,1939,monk,windwalker,86,44,42
Wondý,quelthalas,1935,monk,windwalker,178,89,89
Hitman,thrall,1934,monk,windwalker,66,39,27
Repbrew,sargeras,1933,monk,windwalker,93,46,47
Danzr,ragnaros,1932,monk,windwalker,66,38,28
Baddi,uldum,1931,monk,windwalker,160,82,78
Lhiri,moon-guard,1929,monk,windwalker,71,36,35
Duhäst,sargeras,1924,monk,windwalker,84,50,34
Torkscrew,bleeding-hollow,1919,monk,windwalker,42,25,17
Threnody,malganis,1917,monk,windwalker,160,79,81
Nelariah,wyrmrest-accord,1915,monk,windwalker,100,48,52
Rockxtv,illidan,1912,monk,windwalker,72,32,40
Choplo,demon-soul,1911,monk,windwalker,78,43,35
Madtigon,scilla,1910,monk,windwalker,71,37,34
Blackpandax,tichondrius,1907,monk,windwalker,191,93,98
Ddoongmonk,tichondrius,1899,monk,windwalker,90,41,49
Guylian,tichondrius,1896,monk,windwalker,118,62,56
Lalpu,tichondrius,1896,monk,windwalker,77,38,39
Weathermanxv,kelthuzad,1896,monk,windwalker,123,56,67
Vybïn,tichondrius,1891,monk,windwalker,393,198,195
Xuenfu,tichondrius,1890,monk,windwalker,36,20,16
Takkeya,zuljin,1888,monk,windwalker,72,38,34
Captnmurphy,tichondrius,1887,monk,windwalker,41,22,19
Sínsayer,tichondrius,1885,monk,windwalker,249,118,131
Artam,thrall,1883,monk,windwalker,173,94,79
Maozhën,tichondrius,1883,monk,windwalker,96,49,47
Squidie,tichondrius,1882,monk,windwalker,168,84,84
Sunfistway,sargeras,1878,monk,windwalker,86,52,34
Smalltall,area-52,1877,monk,windwalker,65,34,31
Mikephoenix,tichondrius,1875,monk,windwalker,169,87,82
Zãxlêß,illidan,1874,monk,windwalker,30,23,7
Gaslighterr,tichondrius,1874,monk,windwalker,159,86,73
Touchofdeáth,stormrage,1874,monk,windwalker,203,105,98
Hîddènsõündx,tichondrius,1871,monk,windwalker,48,25,23
Snebyos,tichondrius,1870,monk,windwalker,319,171,148
Jaxvisto,dalaran,1868,monk,windwalker,101,51,50
Bdw,tichondrius,1867,monk,windwalker,166,93,73
Azizyzz,barthilas,1865,monk,windwalker,54,34,20
Frootsmoothi,thrall,1864,monk,windwalker,118,56,62
Fatal,bonechewer,1863,monk,windwalker,238,118,120
Lopez,sargeras,1862,monk,windwalker,146,82,64
Tschi,illidan,1860,monk,windwalker,48,30,18
Dwarfmonk,tichondrius,1859,monk,windwalker,60,27,33
Dirtypunch,proudmoore,1859,monk,windwalker,90,39,51
Sistuhfista,tichondrius,1856,monk,windwalker,48,32,16
Garypool,emerald-dream,1856,monk,windwalker,33,20,13
Zeati,tichondrius,1854,monk,windwalker,54,34,20
Marçi,moon-guard,1854,monk,windwalker,145,69,76
Nehji,illidan,1853,monk,windwalker,250,122,128
Absurd,mannoroth,1852,monk,windwalker,39,22,17
Slimcognito,zuljin,1848,monk,windwalker,47,24,23
Unhappyclown,tichondrius,1847,monk,windwalker,274,146,128
Peachcactus,sargeras,1843,monk,windwalker,48,30,18
Jackdaniel,sargeras,1843,monk,windwalker,63,33,30
Micai,thrall,1841,monk,windwalker,48,27,21
Züdo,area-52,1841,monk,windwalker,105,55,50
Allmight,wyrmrest-accord,1839,monk,windwalker,105,58,47
Bunnygal,thaurissan,1838,monk,windwalker,82,43,39
Rigi,stormrage,1838,monk,windwalker,250,127,123
Wüsok,thrall,1837,monk,windwalker,42,22,20
Kuranchi,sargeras,1836,monk,windwalker,42,23,19
Kegrolls,proudmoore,1835,monk,windwalker,42,26,16
Karmerr,proudmoore,1835,monk,windwalker,66,35,31
Senritsuh,drakkari,1831,monk,windwalker,106,51,55
Jümmy,area-52,1829,monk,windwalker,60,32,28
Jabman,stormrage,1828,monk,windwalker,87,43,44
Backfliptime,ragnaros,1825,monk,windwalker,46,28,18
Lahri,silvermoon,1824,monk,windwalker,86,51,35
Fettywhopper,kaelthas,1824,monk,windwalker,82,47,35
Feyalash,stormrage,1824,monk,windwalker,247,128,119
Sckmonk,tichondrius,1824,monk,windwalker,81,34,47
Akir,zuljin,1823,monk,windwalker,47,31,16
Jaspier,quelthalas,1823,monk,windwalker,65,38,27
Sylash,ragnaros,1821,monk,windwalker,36,21,15
Orkmonk,tichondrius,1820,monk,windwalker,54,36,18
Tenooki,illidan,1820,monk,windwalker,53,27,26
Sentomaru,bleeding-hollow,1820,monk,windwalker,66,33,33
Daracus,kelthuzad,1819,monk,windwalker,50,35,15
Imasterl,proudmoore,1818,monk,windwalker,135,64,71
Serthean,illidan,1815,monk,windwalker,305,151,154
Euman,sargeras,1814,monk,windwalker,72,42,30
Thuyvan,barthilas,1814,monk,windwalker,72,40,32
Bakha,illidan,1812,monk,windwalker,35,22,13
Doczen,malganis,1812,monk,windwalker,60,29,31
Capiirotta,nemesis,1811,monk,windwalker,174,102,72
Xìðñ,moon-guard,1808,monk,windwalker,102,70,32
Meisi,illidan,1808,monk,windwalker,48,29,19
Gigagirth,emerald-dream,1808,monk,windwalker,66,37,29
Chunlee,tichondrius,1808,monk,windwalker,54,27,27
Heiwei,stormrage,1806,monk,windwalker,36,22,14
Atreia,malganis,1805,monk,windwalker,32,21,11
Wolffangfist,sargeras,1805,monk,windwalker,99,61,38
Rykouu,area-52,1805,monk,windwalker,37,20,17
Fátë,tichondrius,1805,monk,windwalker,191,89,102
Phistea,area-52,1804,monk,windwalker,87,45,42
Turbofist,bleeding-hollow,1803,monk,windwalker,42,25,17
Tyrannus,chogall,1803,monk,windwalker,488,254,234
Khawai,sargeras,1801,monk,windwalker,82,46,36
Furiamvp,stormrage,1801,monk,windwalker,54,28,26
Muhli,kiljaeden,1800,monk,windwalker,48,22,26
Boeycalma,illidan,1798,monk,windwalker,66,37,29
Yoojimin,kiljaeden,1796,monk,windwalker,60,29,31
Bearface,blades-edge,1795,monk,windwalker,151,73,78
Dseebee,thrall,1794,monk,windwalker,106,56,50
Yavaxye,stormrage,1789,monk,windwalker,83,36,47
Brewceo,area-52,1787,monk,windwalker,66,34,32
Alshee,nagrand,1787,monk,windwalker,51,25,26
Telospateo,ragnaros,1785,monk,windwalker,76,36,40
Jamut,stormrage,1785,monk,windwalker,66,28,38
Altaidm,ragnaros,1784,monk,windwalker,79,41,38
Mitras,dragonblight,1782,monk,windwalker,48,29,19
Shisama,area-52,1781,monk,windwalker,80,46,34
Alps,darkspear,1780,monk,windwalker,48,24,24
Atsuyuki,nemesis,1778,monk,windwalker,55,25,30
Zynflex,tichondrius,1776,monk,windwalker,65,30,35
Smokechief,hyjal,1775,monk,windwalker,84,42,42
Accidntprone,zangarmarsh,1775,monk,windwalker,60,30,30
Bigpoppap,tichondrius,1774,monk,windwalker,72,42,30
Vai,korgath,1773,monk,windwalker,112,57,55
Ghooch,illidan,1772,monk,windwalker,78,44,34
Livitsu,aerie-peak,1770,monk,windwalker,36,21,15
Elfoverde,stormrage,1769,monk,windwalker,104,56,48
Monkatron,arthas,1768,monk,windwalker,155,77,78
Kagebunshin,kelthuzad,1767,monk,windwalker,48,26,22
Lørdjåshïn,azjolnerub,1764,monk,windwalker,48,26,22
Zionk,tichondrius,1763,monk,windwalker,208,124,84
Setback,tichondrius,1761,monk,windwalker,48,28,20
Napbox,bleeding-hollow,1761,monk,windwalker,228,114,114
Humonkulous,darkspear,1761,monk,windwalker,132,66,66
Tristantwo,sargeras,1761,monk,windwalker,96,47,49
Azzovv,illidan,1760,monk,windwalker,30,21,9
Tippytap,bleeding-hollow,1760,monk,windwalker,205,99,106
Powerfisterr,stormrage,1759,monk,windwalker,70,44,26
Gigached,zuljin,1759,monk,windwalker,75,35,40
Akanq,tichondrius,1756,monk,windwalker,63,34,29
Kungfupurk,bleeding-hollow,1753,monk,windwalker,36,22,14
Warblaze,barthilas,1752,monk,windwalker,121,61,60
Scaryhours,stormrage,1751,monk,windwalker,111,58,53
Monkgyatso,drakthul,1749,monk,windwalker,132,69,63
Kaize,sargeras,1748,monk,windwalker,54,33,21
Råii,sargeras,1747,monk,windwalker,54,33,21
Jåðëðrägøñ,sargeras,1745,monk,windwalker,61,36,25
Zenigma,area-52,1745,monk,windwalker,51,28,23
Gêrôx,sargeras,1745,monk,windwalker,102,53,49
Bumbleechi,azralon,1745,monk,windwalker,54,26,28
Rockyßalboa,sargeras,1744,monk,windwalker,91,52,39
Bruceteå,area-52,1744,monk,windwalker,36,19,17
Wât,bleeding-hollow,1742,monk,windwalker,54,27,27
Fimeu,kiljaeden,1739,monk,windwalker,70,41,29
Shírÿu,azralon,1739,monk,windwalker,157,75,82
Danimalz,stormrage,1737,monk,windwalker,60,31,29
Pandagirlw,tichondrius,1736,monk,windwalker,90,52,38
Ambal,hellscream,1735,monk,windwalker,85,47,38
Meniscusmonk,emerald-dream,1735,monk,windwalker,83,44,39
Syerzie,dalaran,1732,monk,windwalker,93,42,51
Birgs,sargeras,1732,monk,windwalker,54,22,32
Mcoos,tichondrius,1731,monk,windwalker,53,29,24
Skug,area-52,1730,monk,windwalker,61,35,26
Jasey,area-52,1729,monk,windwalker,29,21,8
Kárma,malganis,1729,monk,windwalker,54,30,24
Pleasetouch,emerald-dream,1729,monk,windwalker,41,22,19
Kryptikkyt,gilneas,1729,monk,windwalker,90,44,46
Jükedx,stormrage,1728,monk,windwalker,97,57,40
Rbs,tichondrius,1728,monk,windwalker,396,207,189
Hiurge,tichondrius,1728,monk,windwalker,176,82,94
Iremía,azralon,1727,monk,windwalker,48,26,22
Shïvïr,azralon,1727,monk,windwalker,279,135,144
Azuri,ragnaros,1727,monk,windwalker,114,54,60
Fapmonk,illidan,1723,monk,windwalker,113,70,43
Raphåel,area-52,1722,monk,windwalker,35,18,17
Xanaxåddict,sargeras,1722,monk,windwalker,225,113,112
Boostedww,bloodscalp,1720,monk,windwalker,48,25,23
Zhoku,tichondrius,1718,monk,windwalker,36,21,15
Baconbiscuit,area-52,1716,monk,windwalker,47,21,26
Sterow,kiljaeden,1715,monk,windwalker,54,28,26
Deardiary,stormreaver,1715,monk,windwalker,66,25,41
Xuenws,tichondrius,1714,monk,windwalker,30,19,11
Mhmmzz,sargeras,1712,monk,windwalker,150,74,76
Dzq,zuljin,1712,monk,windwalker,155,75,80
Xas,sentinels,1711,monk,windwalker,119,57,62
Wørm,emerald-dream,1710,monk,windwalker,42,26,16
Xï,proudmoore,1710,monk,windwalker,92,51,41
Conngaline,stormreaver,1708,monk,windwalker,467,224,243
Hellstabberm,lightbringer,1702,monk,windwalker,78,41,37
Lidä,tichondrius,1702,monk,windwalker,156,72,84
Goosyloosy,dathremar,1701,monk,windwalker,42,22,20
Tochtlea,wyrmrest-accord,1701,monk,windwalker,100,49,51
Tôpsônworld,tichondrius,1700,monk,windwalker,66,39,27
Harde,thrall,1696,monk,windwalker,109,58,51
Themanski,area-52,1694,monk,windwalker,58,33,25
Nagato,nemesis,1691,monk,windwalker,105,63,42
Ludanford,eitrigg,1690,monk,windwalker,72,32,40
Fuqmeh,darkspear,1686,monk,windwalker,113,59,54
Kickflipy,dalaran,1686,monk,windwalker,54,28,26
Tragorin,tichondrius,1684,monk,windwalker,66,32,34
Zenluckydo,grizzly-hills,1683,monk,windwalker,113,61,52
Haco,malganis,1683,monk,windwalker,87,45,42
Dragonwhirl,stormrage,1683,monk,windwalker,53,23,30
Vanmonk,eonar,1681,monk,windwalker,36,18,18
Jatzai,emerald-dream,1680,monk,windwalker,58,27,31
Rïggen,thrall,1676,monk,windwalker,94,54,40
Ojii,tichondrius,1676,monk,windwalker,178,86,92
Panduh,moon-guard,1674,monk,windwalker,280,146,134
Rakije,barthilas,1673,monk,windwalker,126,70,56
Garofalo,tichondrius,1672,monk,windwalker,36,18,18
Phistycuffs,bleeding-hollow,1672,monk,windwalker,115,57,58
Kalsaa,illidan,1671,monk,windwalker,76,39,37
Jdanîel,ragnaros,1671,monk,windwalker,42,21,21
Clenbuterol,illidan,1670,monk,windwalker,182,96,86
Watercowz,tichondrius,1669,monk,windwalker,36,22,14
Jnco,thrall,1668,monk,windwalker,45,27,18
Mgzx,kelthuzad,1668,monk,windwalker,36,20,16
Akumà,tichondrius,1668,monk,windwalker,60,25,35
Mechamonk,aerie-peak,1667,monk,windwalker,159,71,88
Hèllòkîttý,illidan,1666,monk,windwalker,30,19,11
Mastâ,kelthuzad,1665,monk,windwalker,164,85,79
Hæt,stormrage,1665,monk,windwalker,48,23,25
Windmónk,tichondrius,1664,monk,windwalker,234,116,118
Fruitpünch,tichondrius,1663,monk,windwalker,60,21,39
Shaszx,zuljin,1661,monk,windwalker,47,25,22
Kkonaman,illidan,1660,monk,windwalker,36,20,16
Mattyj,darkspear,1659,monk,windwalker,42,23,19
Redami,gnomeregan,1657,monk,windwalker,48,24,24
Decompress,illidan,1656,monk,windwalker,63,34,29
Thåi,anubarak,1655,monk,windwalker,66,26,40
Quanyaozu,ragnaros,1654,monk,windwalker,32,19,13
Bleht,moon-guard,1654,monk,windwalker,114,62,52
Nightww,area-52,1654,monk,windwalker,70,38,32
Dea,thrall,1654,monk,windwalker,166,83,83
Monasticc,undermine,1654,monk,windwalker,36,18,18
Öñlýfåñs,tichondrius,1654,monk,windwalker,130,64,66
One,zuluhed,1653,monk,windwalker,60,30,30
Rubntug,zuljin,1652,monk,windwalker,36,22,14
Yacub,tichondrius,1652,monk,windwalker,42,22,20
Tnsnow,illidan,1649,monk,windwalker,42,23,19
Rnmedic,stormrage,1649,monk,windwalker,217,103,114
Whøru,azralon,1648,monk,windwalker,48,19,29
Allure,frostmourne,1646,monk,windwalker,103,54,49
Mists,velen,1645,monk,windwalker,54,31,23
Oxli,emerald-dream,1645,monk,windwalker,52,29,23
Dumplíngs,emerald-dream,1643,monk,windwalker,180,88,92
Ipmansensei,tichondrius,1643,monk,windwalker,60,28,32
Calmpunchman,mannoroth,1643,monk,windwalker,70,32,38
Ehdunno,kelthuzad,1642,monk,windwalker,182,95,87
Naagg,tichondrius,1642,monk,windwalker,48,23,25
Foxchik,zuljin,1641,monk,windwalker,76,42,34
Sdns,stormrage,1641,monk,windwalker,54,26,28
Corsan,illidan,1639,monk,windwalker,66,43,23
Dïsturbedtko,azralon,1639,monk,windwalker,134,68,66
Pankekz,tichondrius,1639,monk,windwalker,192,97,95
Hybrid,stormrage,1637,monk,windwalker,36,22,14
Xinpa,quelthalas,1637,monk,windwalker,62,32,30
Froshizzle,tichondrius,1637,monk,windwalker,42,21,21
Rozlynnww,tichondrius,1633,monk,windwalker,36,20,16
Excalibrew,malganis,1633,monk,windwalker,102,52,50
Gójó,tichondrius,1632,monk,windwalker,71,47,24
Brewbaker,hyjal,1630,monk,windwalker,121,68,53
Kitingqt,area-52,1629,monk,windwalker,48,22,26
Kungpóa,sargeras,1628,monk,windwalker,39,23,16
Sockem,arthas,1628,monk,windwalker,60,25,35
Feelsogöod,tichondrius,1626,monk,windwalker,154,87,67
Djjackyd,stormrage,1625,monk,windwalker,30,17,13
Unlike,tichondrius,1625,monk,windwalker,129,65,64
Plucky,tichondrius,1624,monk,windwalker,37,18,19
Burlyluckydo,grizzly-hills,1623,monk,windwalker,36,23,13
Wizcaulifa,stormrage,1620,monk,windwalker,76,43,33
Paracetamonk,kelthuzad,1620,monk,windwalker,199,98,101
Lavinci,area-52,1620,monk,windwalker,36,17,19
Rajile,sargeras,1619,monk,windwalker,48,24,24
Singao,malganis,1619,monk,windwalker,154,76,78
Karelio,wyrmrest-accord,1619,monk,windwalker,48,22,26
Aidenww,illidan,1618,monk,windwalker,24,17,7
Fistnafurry,tichondrius,1618,monk,windwalker,62,33,29
Npepper,khadgar,1618,monk,windwalker,142,73,69
Nuclearpunch,tichondrius,1618,monk,windwalker,84,42,42
Awsmonk,malygos,1618,monk,windwalker,45,22,23
Judgevr,frostmourne,1618,monk,windwalker,69,29,40
Xhu,kelthuzad,1617,monk,windwalker,36,17,19
Hadoukeñ,thrall,1616,monk,windwalker,41,22,19
Pamii,quelthalas,1616,monk,windwalker,42,17,25
Jbills,muradin,1615,monk,windwalker,71,41,30
Miýagi,sargeras,1615,monk,windwalker,122,64,58
Miuss,illidan,1615,monk,windwalker,42,19,23
Kuffy,kelthuzad,1614,monk,windwalker,79,44,35
Aizu,ragnaros,1614,monk,windwalker,36,17,19
Rennafgc,stormrage,1611,monk,windwalker,48,24,24
Punchco,senjin,1610,monk,windwalker,42,21,21
Hím,garrosh,1609,monk,windwalker,93,55,38
Kogoli,frostwolf,1609,monk,windwalker,167,81,86
Affected,lightninghoof,1608,monk,windwalker,30,19,11
Fistnu,aggramar,1608,monk,windwalker,83,49,34
Fiddletix,stormrage,1607,monk,windwalker,130,65,65
Maunk,illidan,1606,monk,windwalker,96,55,41
Oyyo,tichondrius,1606,monk,windwalker,41,23,18
Yogiji,proudmoore,1606,monk,windwalker,72,39,33
Toyotatacoma,bleeding-hollow,1605,monk,windwalker,42,27,15
Daeio,burning-legion,1605,monk,windwalker,31,19,12
Izu,senjin,1605,monk,windwalker,36,17,19
Shôckley,tichondrius,1602,monk,windwalker,159,86,73
Facekandy,tichondrius,1602,monk,windwalker,34,18,16
Xogum,azralon,1602,monk,windwalker,90,47,43
Fornoraisin,thrall,1602,monk,windwalker,74,34,40
Blueslide,malganis,1601,monk,windwalker,38,27,11
Vasconha,illidan,1601,monk,windwalker,24,17,7
Prickhead,sargeras,1601,monk,windwalker,62,35,27
Misery,stormscale,1601,monk,windwalker,41,23,18
Hotwatertank,area-52,1601,monk,windwalker,66,36,30
Flattswwjr,tichondrius,1601,monk,windwalker,36,19,17
Pepeloser,illidan,1601,monk,windwalker,48,23,25
Raikou,frostmourne,1600,monk,windwalker,58,34,24
Ronk,the-forgotten-coast,1600,monk,windwalker,30,17,13
Rafên,moon-guard,1600,monk,windwalker,48,19,29
Stevezee,barthilas,1600,monk,windwalker,54,21,33
Galaxystrike,illidan,1598,monk,windwalker,66,33,33
Cpapi,sargeras,1598,monk,windwalker,78,38,40
Pinot,dragonmaw,1598,monk,windwalker,72,29,43
Windwalker,blackhand,1597,monk,windwalker,35,19,16
Ftxyolo,azralon,1595,monk,windwalker,54,28,26
Wheresmyjuul,malganis,1594,monk,windwalker,89,41,48
Marcusm,bleeding-hollow,1592,monk,windwalker,33,20,13
Surgarush,moon-guard,1592,monk,windwalker,142,82,60
Metrical,kelthuzad,1592,monk,windwalker,36,20,16
Kawasakizph,tichondrius,1592,monk,windwalker,96,51,45
Tigerwoo,tichondrius,1591,monk,windwalker,80,37,43
Fatboí,sargeras,1590,monk,windwalker,57,31,26
Jigong,bleeding-hollow,1590,monk,windwalker,48,25,23
Druta,illidan,1589,monk,windwalker,48,35,13
Jegann,tichondrius,1589,monk,windwalker,169,85,84
Fistyuh,illidan,1588,monk,windwalker,84,47,37
Mannkin,zuluhed,1588,monk,windwalker,92,44,48
Mahatmä,dalaran,1587,monk,windwalker,42,18,24
Yeji,altar-of-storms,1585,monk,windwalker,36,22,14
Peacefulpaco,malganis,1583,monk,windwalker,54,30,24
Reprap,elune,1582,monk,windwalker,58,33,25
Hòlygòd,dalaran,1581,monk,windwalker,130,69,61
Honkbazz,illidan,1581,monk,windwalker,48,24,24
Novoctek,quelthalas,1581,monk,windwalker,52,21,31
Wonderx,darkspear,1579,monk,windwalker,30,20,10
Drakfu,tichondrius,1579,monk,windwalker,119,65,54
Gøgeta,stormrage,1579,monk,windwalker,173,86,87
Bamron,fizzcrank,1579,monk,windwalker,175,84,91
Copenfist,black-dragonflight,1578,monk,windwalker,36,21,15
Molta,tichondrius,1578,monk,windwalker,42,19,23
Stellae,emerald-dream,1577,monk,windwalker,35,18,17
Selfîe,ysera,1573,monk,windwalker,24,18,6
Geekweek,frostmourne,1573,monk,windwalker,60,32,28
Razekahl,wyrmrest-accord,1572,monk,windwalker,58,26,32
Yungtoochi,tichondrius,1569,monk,windwalker,108,53,55
Arunaa,tichondrius,1567,monk,windwalker,30,17,13
Antiherox,sargeras,1567,monk,windwalker,36,19,17
Píñg,area-52,1564,monk,windwalker,39,18,21
Flyingfury,illidan,1561,monk,windwalker,63,28,35
Hagano,drakkari,1560,monk,windwalker,145,76,69
Ráchez,tichondrius,1559,monk,windwalker,93,54,39
Jerax,thunderlord,1559,monk,windwalker,109,59,50
Swapto,proudmoore,1559,monk,windwalker,80,41,39
Stendari,moon-guard,1558,monk,windwalker,66,28,38
Tifá,tichondrius,1557,monk,windwalker,42,21,21
Ezpzmonk,bloodscalp,1556,monk,windwalker,39,23,16
Udderpunch,barthilas,1556,monk,windwalker,52,23,29
Æeeæ,hakkar,1555,monk,windwalker,49,33,16
Ascilica,firetree,1555,monk,windwalker,48,27,21
Winney,frostmourne,1554,monk,windwalker,33,19,14
Pagtuk,daggerspine,1552,monk,windwalker,66,34,32
Chongzly,frostmourne,1552,monk,windwalker,90,44,46
Allmother,area-52,1552,monk,windwalker,43,19,24
Omimonk,sargeras,1551,monk,windwalker,67,39,28
Monkings,tichondrius,1551,monk,windwalker,101,50,51
Ugrak,chogall,1547,monk,windwalker,36,22,14
Kutz,proudmoore,1547,monk,windwalker,120,61,59
Thouther,sargeras,1545,monk,windwalker,42,17,25
Convectuoso,illidan,1543,monk,windwalker,57,32,25
Chingu,ragnaros,1543,monk,windwalker,123,59,64
Therapeutics,moon-guard,1543,monk,windwalker,102,47,55
Okoh,wyrmrest-accord,1542,monk,windwalker,50,28,22
Gd,frostmourne,1540,monk,windwalker,30,18,12
Xradu,dawnbringer,1540,monk,windwalker,100,56,44
Metalmønk,nerzhul,1540,monk,windwalker,84,45,39
Forkknife,moon-guard,1540,monk,windwalker,36,19,17
Arizøna,illidan,1538,monk,windwalker,86,48,38
Eçua,tichondrius,1538,monk,windwalker,61,27,34
Songokusan,thrall,1538,monk,windwalker,54,23,31
Meatwrap,mugthol,1537,monk,windwalker,58,28,30
Pånkekz,tichondrius,1536,monk,windwalker,139,73,66
Pokinpooters,stormrage,1536,monk,windwalker,129,65,64
Daddyrugburn,area-52,1534,monk,windwalker,198,102,96
Çraßsßùrgêr,bonechewer,1533,monk,windwalker,24,16,8
Adilm,illidan,1533,monk,windwalker,30,16,14
Veso,tichondrius,1532,monk,windwalker,18,16,2
Glad,tichondrius,1532,monk,windwalker,30,16,14
Borekkar,emerald-dream,1532,monk,windwalker,52,27,25
Sonsia,arthas,1531,monk,windwalker,196,103,93
Healzpapi,tichondrius,1530,monk,windwalker,120,73,47
Lingerer,aerie-peak,1530,monk,windwalker,143,71,72
Bakedmonk,smolderthorn,1530,monk,windwalker,82,32,50
Tenshu,runetotem,1529,monk,windwalker,54,29,25
Chucksandmk,barthilas,1529,monk,windwalker,80,38,42
Zaabuza,azralon,1528,monk,windwalker,60,39,21
Domiik,ragnaros,1528,monk,windwalker,36,17,19
Ökami,tichondrius,1526,monk,windwalker,115,59,56
Kristiana,aegwynn,1524,monk,windwalker,36,22,14
Ogmonk,skullcrusher,1522,monk,windwalker,27,18,9
Whitepandax,tichondrius,1522,monk,windwalker,30,16,14
Yoshifistsu,malganis,1522,monk,windwalker,90,44,46
Rocketfrogg,bleeding-hollow,1522,monk,windwalker,42,16,26
Zòrrò,area-52,1521,monk,windwalker,24,16,8
Odogin,tichondrius,1520,monk,windwalker,65,42,23
Scabie,illidan,1519,monk,windwalker,86,48,38
Shids,barthilas,1518,monk,windwalker,69,32,37
Bløødÿ,ragnaros,1516,monk,windwalker,21,17,4
Dkdakìng,stormrage,1516,monk,windwalker,30,16,14
Headsmasher,wyrmrest-accord,1516,monk,windwalker,207,104,103
Göllyjee,tichondrius,1515,monk,windwalker,109,49,60
Muritors,ragnaros,1514,monk,windwalker,48,21,27
Bruhmesoftly,thrall,1513,monk,windwalker,90,46,44
Minimonke,moon-guard,1512,monk,windwalker,135,70,65
Alkaholik,stormrage,1512,monk,windwalker,52,24,28
Epî,tichondrius,1509,monk,windwalker,55,27,28
Sgarbossa,tortheldrin,1509,monk,windwalker,42,16,26
Samaelsin,emerald-dream,1507,monk,windwalker,114,61,53
Dangodxz,quelthalas,1506,monk,windwalker,64,36,28
Saucyfists,silvermoon,1506,monk,windwalker,76,36,40
Kuchukakî,ragnaros,1505,monk,windwalker,36,19,17
Xunzao,emerald-dream,1505,monk,windwalker,53,25,28
Wimdrewk,quelthalas,1505,monk,windwalker,58,21,37
Jagichan,area-52,1504,monk,windwalker,52,28,24
Gún,ragnaros,1504,monk,windwalker,123,65,58
Shishosenin,quelthalas,1503,monk,windwalker,292,148,144
Napoleonic,vashj,1502,monk,windwalker,42,25,17
Beverage,frostmourne,1502,monk,windwalker,57,28,29
Varn,frostmourne,1500,monk,windwalker,95,46,49
Senseî,altar-of-storms,1500,monk,windwalker,149,72,77
Yeawe,tichondrius,1499,monk,windwalker,36,19,17
Punchiboi,thrall,1498,monk,windwalker,48,27,21
Twïst,tichondrius,1497,monk,windwalker,47,33,14
Tigerstrikes,sargeras,1494,monk,windwalker,30,19,11
Raninn,bleeding-hollow,1494,monk,windwalker,40,19,21
Ashzen,azralon,1494,monk,windwalker,49,20,29
Raskalnikov,kelthuzad,1491,monk,windwalker,48,22,26
Slimdim,area-52,1485,monk,windwalker,54,29,25
Rockemsockem,gorefiend,1485,monk,windwalker,90,48,42
Tensun,quelthalas,1485,monk,windwalker,60,28,32
Astteell,proudmoore,1484,monk,windwalker,45,18,27
Jajabelugeng,tichondrius,1483,monk,windwalker,30,18,12
Bangtanboy,tichondrius,1483,monk,windwalker,42,22,20
Grimpossible,malganis,1483,monk,windwalker,136,68,68
Kiulang,kelthuzad,1483,monk,windwalker,93,44,49
Yamoshì,stormrage,1482,monk,windwalker,54,30,24
Jdkick,sargeras,1482,monk,windwalker,42,16,26
Tassmonk,hyjal,1481,monk,windwalker,60,32,28
Archlord,sargeras,1480,monk,windwalker,70,42,28
Diatom,agamaggan,1480,monk,windwalker,35,18,17
Currycooker,tichondrius,1480,monk,windwalker,64,28,36
Aubiemonk,malygos,1479,monk,windwalker,30,16,14
Dabzin,stormrage,1479,monk,windwalker,106,55,51
Giatzo,barthilas,1478,monk,windwalker,92,52,40
Sivedrafely,arthas,1475,monk,windwalker,60,30,30
Fmbbasedgód,tichondrius,1471,monk,windwalker,53,24,29
Atengie,stormrage,1469,monk,windwalker,36,18,18
Ranchy,zuljin,1469,monk,windwalker,288,140,148
Deezfist,illidan,1469,monk,windwalker,48,21,27
Ohgiddyttv,dalaran,1468,monk,windwalker,83,43,40
Röllup,area-52,1468,monk,windwalker,42,21,21
Wind,misha,1465,monk,windwalker,133,75,58
Banyasong,tichondrius,1465,monk,windwalker,148,77,71
Showshoway,tichondrius,1465,monk,windwalker,256,125,131
Butjaum,stormrage,1464,monk,windwalker,76,37,39
Rufaso,sargeras,1463,monk,windwalker,212,114,98
Slapcîty,zuljin,1463,monk,windwalker,48,20,28
Saiyajinsoul,ragnaros,1460,monk,windwalker,76,39,37
Katsübooy,azralon,1460,monk,windwalker,364,185,179
Simonb,tichondrius,1460,monk,windwalker,60,26,34
Varicin,zuljin,1460,monk,windwalker,48,19,29
Killmachine,farstriders,1459,monk,windwalker,369,184,185
Spacefolk,quelthalas,1459,monk,windwalker,47,20,27
Tyroneßanks,stormrage,1457,monk,windwalker,36,20,16
Mastahp,tichondrius,1457,monk,windwalker,42,23,19
Rowenoa,tichondrius,1457,monk,windwalker,102,53,49
Wenisdeep,frostmourne,1457,monk,windwalker,100,48,52
Zenphers,tichondrius,1456,monk,windwalker,40,21,19
Xxvbamm,thrall,1454,monk,windwalker,35,16,19
Opmother,elune,1453,monk,windwalker,95,56,39
Cryy,kelthuzad,1453,monk,windwalker,57,24,33
Eternity,mannoroth,1452,monk,windwalker,64,42,22
Funji,skullcrusher,1452,monk,windwalker,98,51,47
Pepepunch,bleeding-hollow,1451,monk,windwalker,96,43,53
Trapwalker,area-52,1450,monk,windwalker,63,27,36
Callae,dreadmaul,1449,monk,windwalker,66,34,32
Byakugun,wyrmrest-accord,1449,monk,windwalker,363,184,179
Drunkmaster,frostmourne,1447,monk,windwalker,30,17,13
Lickthefist,sargeras,1445,monk,windwalker,24,16,8
Chingwang,frostmourne,1443,monk,windwalker,71,41,30
Asaltofsorts,tichondrius,1442,monk,windwalker,68,38,30
Rhyskrispiez,sargeras,1437,monk,windwalker,30,15,15
Dazzler,ragnaros,1435,monk,windwalker,131,69,62
Gesir,tichondrius,1434,monk,windwalker,85,39,46
Ahrk,emerald-dream,1434,monk,windwalker,78,30,48
Neejitsu,malganis,1433,monk,windwalker,24,15,9
Chigang,deathwing,1433,monk,windwalker,67,37,30
Fistys,area-52,1433,monk,windwalker,117,60,57
Soprà,zuljin,1433,monk,windwalker,30,15,15
Rocketfist,bleeding-hollow,1431,monk,windwalker,168,81,87
Bhodie,zuljin,1431,monk,windwalker,86,38,48
Xedou,azralon,1429,monk,windwalker,24,15,9
Merçeÿ,tichondrius,1426,monk,windwalker,36,19,17
Skela,emerald-dream,1426,monk,windwalker,30,15,15
Norrischucks,sargeras,1425,monk,windwalker,36,25,11
Igetbar,barthilas,1422,monk,windwalker,28,16,12
Neonette,emerald-dream,1422,monk,windwalker,30,15,15
Missweaver,sargeras,1419,monk,windwalker,48,23,25
Yuufi,moon-guard,1418,monk,windwalker,94,45,49
Niked,tichondrius,1418,monk,windwalker,54,24,30
Nakwood,proudmoore,1418,monk,windwalker,36,16,20
Yishi,drakkari,1418,monk,windwalker,50,21,29
Qma,shattered-halls,1415,monk,windwalker,42,19,23
Alêxander,boulderfist,1413,monk,windwalker,30,15,15
Screwballz,blackrock,1412,monk,windwalker,179,87,92
Tianhu,sargeras,1411,monk,windwalker,135,73,62
Dimmay,destromath,1409,monk,windwalker,30,15,15
Killthatmonk,emerald-dream,1408,monk,windwalker,42,20,22
Whizz,frostmane,1408,monk,windwalker,37,17,20
Ilvory,tichondrius,1408,monk,windwalker,130,59,71
Monksoon,tichondrius,1407,monk,windwalker,29,17,12
Sarious,lightbringer,1407,monk,windwalker,427,222,205
Odi,stonemaul,1407,monk,windwalker,136,62,74
Smoothboxing,tichondrius,1405,monk,windwalker,122,68,54
Chihad,stormrage,1404,monk,windwalker,60,36,24
Reeperfist,area-52,1403,monk,windwalker,20,16,4
Sodamint,sargeras,1403,monk,windwalker,44,16,28
Daslow,quelthalas,1402,monk,windwalker,174,89,85
Memonk,ysera,1401,monk,windwalker,48,19,29
Creonus,proudmoore,1400,monk,windwalker,56,24,32
Bradyfour,moon-guard,1399,monk,windwalker,95,49,46
ßlesséd,tichondrius,1399,monk,windwalker,125,54,71
Finesse,frostwolf,1398,monk,windwalker,30,20,10
Kómugi,area-52,1398,monk,windwalker,185,92,93
Fanetö,stormrage,1395,monk,windwalker,66,27,39
Iarw,tichondrius,1393,monk,windwalker,36,18,18
Qinara,kelthuzad,1393,monk,windwalker,90,42,48
Milkychi,frostmourne,1392,monk,windwalker,40,15,25
Onepunchman,quelthalas,1391,monk,windwalker,54,21,33
Skippa,emerald-dream,1390,monk,windwalker,66,35,31
Jimothydab,lightbringer,1390,monk,windwalker,29,15,14
Goonkeg,frostmourne,1390,monk,windwalker,48,22,26
Shinjaru,area-52,1388,monk,windwalker,94,42,52
Gyadarun,mugthol,1387,monk,windwalker,48,19,29
Haqq,barthilas,1386,monk,windwalker,35,17,18
Growwler,moon-guard,1385,monk,windwalker,30,15,15
Shlumpuh,tichondrius,1385,monk,windwalker,42,18,24
Shanetx,area-52,1385,monk,windwalker,66,28,38
Acharä,tichondrius,1384,monk,windwalker,48,29,19
Chuchinga,tichondrius,1384,monk,windwalker,102,48,54
Sleýin,tichondrius,1383,monk,windwalker,332,169,163
Dochttm,ragnaros,1382,monk,windwalker,53,30,23
Kawasakii,tichondrius,1382,monk,windwalker,172,86,86
Matins,tichondrius,1382,monk,windwalker,42,21,21
Bigxthaplug,moon-guard,1381,monk,windwalker,48,23,25
Kapoerista,azralon,1380,monk,windwalker,36,17,19
Xthian,ragnaros,1377,monk,windwalker,36,21,15
Nject,malganis,1376,monk,windwalker,131,72,59
Idonthustle,area-52,1376,monk,windwalker,54,24,30
Wartenja,frostmourne,1375,monk,windwalker,114,51,63
Trapeez,kelthuzad,1369,monk,windwalker,75,42,33
Chinmusicc,tichondrius,1369,monk,windwalker,48,23,25
Murder,magtheridon,1367,monk,windwalker,73,40,33
Varekaî,frostmourne,1365,monk,windwalker,62,32,30
Spottedgar,area-52,1365,monk,windwalker,43,22,21
Skymonge,stormrage,1363,monk,windwalker,224,110,114
Arshavin,skullcrusher,1357,monk,windwalker,54,26,28
Rugalmaster,stormrage,1355,monk,windwalker,33,18,15
Kriticalkush,kelthuzad,1353,monk,windwalker,24,17,7
Keys,earthen-ring,1353,monk,windwalker,41,22,19
Grocerymonk,malganis,1353,monk,windwalker,34,15,19
Shocclol,stormrage,1351,monk,windwalker,49,29,20
Sunraa,zuljin,1351,monk,windwalker,40,19,21
Owned,dreadmaul,1349,monk,windwalker,36,23,13
Xiaowën,nemesis,1348,monk,windwalker,84,43,41
Maziyen,thunderlord,1347,monk,windwalker,60,22,38
Kungfusacks,sargeras,1346,monk,windwalker,24,16,8
Tacofox,tichondrius,1346,monk,windwalker,137,65,72
Saks,ragnaros,1344,monk,windwalker,48,21,27
Mapaly,ragnaros,1344,monk,windwalker,60,26,34
Vetting,stormrage,1343,monk,windwalker,24,14,10
Omashu,nemesis,1343,monk,windwalker,32,15,17
Fenghou,tichondrius,1343,monk,windwalker,30,14,16
Ryútt,illidan,1343,monk,windwalker,48,22,26
Zuì,sargeras,1342,monk,windwalker,24,14,10
Dublefist,draktharon,1342,monk,windwalker,24,14,10
Bluntdoctor,stormreaver,1342,monk,windwalker,78,30,48
Dakenprime,tichondrius,1340,monk,windwalker,82,40,42
Easytoread,malganis,1340,monk,windwalker,36,14,22
Hunkamonk,silvermoon,1340,monk,windwalker,37,14,23
Kungfüsed,stormrage,1339,monk,windwalker,90,47,43
Gitaepoong,tichondrius,1337,monk,windwalker,26,14,12
Tingum,kelthuzad,1337,monk,windwalker,34,15,19
Dabbingtons,chogall,1337,monk,windwalker,37,15,22
Silénce,borean-tundra,1336,monk,windwalker,42,21,21
Güwop,tichondrius,1335,monk,windwalker,30,14,16
Bigbootyboyx,tichondrius,1335,monk,windwalker,31,14,17
Marstol,bleeding-hollow,1334,monk,windwalker,101,60,41
Büster,tichondrius,1334,monk,windwalker,24,14,10
Poem,grizzly-hills,1333,monk,windwalker,18,14,4
Versuri,azralon,1333,monk,windwalker,201,100,101
Siddharthä,barthilas,1332,monk,windwalker,58,33,25
Zackesé,area-52,1331,monk,windwalker,60,24,36
Monkfy,moon-guard,1330,monk,windwalker,23,14,9
Getkicked,moon-guard,1329,monk,windwalker,49,31,18
Gelgameks,eredar,1329,monk,windwalker,36,14,22
Delorenzi,hellscream,1328,monk,windwalker,30,15,15
Ballok,bleeding-hollow,1326,monk,windwalker,36,14,22
Tino,kelthuzad,1325,monk,windwalker,78,42,36
Thiccdih,area-52,1325,monk,windwalker,30,14,16
Saltystepbro,illidan,1323,monk,windwalker,24,14,10
Wutangkillaß,kiljaeden,1322,monk,windwalker,54,23,31
Daddyoogway,sargeras,1320,monk,windwalker,90,45,45
Chillyssa,lightbringer,1319,monk,windwalker,53,28,25
Astrofu,tichondrius,1316,monk,windwalker,88,36,52
Eavale,destromath,1315,monk,windwalker,157,78,79
Shianjuo,ragnaros,1315,monk,windwalker,48,21,27
Brewmaker,sargeras,1314,monk,windwalker,81,37,44
Punchkingx,tichondrius,1313,monk,windwalker,30,14,16
Londobell,frostmourne,1311,monk,windwalker,43,23,20
Lexivixi,khazgoroth,1307,monk,windwalker,236,125,111
Orurmine,kiljaeden,1306,monk,windwalker,30,14,16
Madbuffz,nemesis,1304,monk,windwalker,72,32,40
Owenxdd,stormrage,1299,monk,windwalker,62,33,29
Xøxo,trollbane,1299,monk,windwalker,48,22,26
Legsweeps,tichondrius,1298,monk,windwalker,36,15,21
Anarska,thrall,1297,monk,windwalker,163,80,83
Tert,aerie-peak,1295,monk,windwalker,72,33,39
Fatuix,sargeras,1295,monk,windwalker,92,39,53
Dodried,ragnaros,1290,monk,windwalker,52,24,28
Yrn,crushridge,1287,monk,windwalker,60,32,28
Zakaza,kelthuzad,1286,monk,windwalker,42,19,23
Toughmonk,tichondrius,1284,monk,windwalker,52,20,32
Highku,drenden,1282,monk,windwalker,30,17,13
Sahhalea,sargeras,1282,monk,windwalker,95,48,47
Chaipie,kelthuzad,1278,monk,windwalker,23,14,9
Chopsake,khadgar,1278,monk,windwalker,126,66,60
Astralsurfer,tichondrius,1276,monk,windwalker,42,22,20
Leehofook,azshara,1276,monk,windwalker,149,76,73
Jacquelline,moon-guard,1271,monk,windwalker,42,21,21
Hitchslapz,tichondrius,1271,monk,windwalker,30,15,15
Rasta,ragnaros,1267,monk,windwalker,42,25,17
Weewalker,wyrmrest-accord,1267,monk,windwalker,57,29,28
Kungxxl,kiljaeden,1266,monk,windwalker,185,90,95
Iaguinhox,area-52,1265,monk,windwalker,57,23,34
Weezzyboi,tichondrius,1263,monk,windwalker,42,22,20
Natus,greymane,1262,monk,windwalker,36,18,18
Silkzy,frostwolf,1259,monk,windwalker,36,14,22
Razielic,frostmourne,1258,monk,windwalker,114,55,59
Resolver,stormscale,1257,monk,windwalker,82,39,43
Eîr,emerald-dream,1257,monk,windwalker,32,14,18
Renrukie,frostmourne,1256,monk,windwalker,30,14,16
Kricit,sargeras,1255,monk,windwalker,36,16,20
Supremekick,frostmourne,1254,monk,windwalker,43,27,16
Pangpoong,tichondrius,1249,monk,windwalker,99,44,55
Coomerww,kelthuzad,1248,monk,windwalker,18,13,5
Peterpunch,illidan,1247,monk,windwalker,24,13,11
Sïfu,barthilas,1247,monk,windwalker,61,27,34
ßájkà,area-52,1247,monk,windwalker,30,13,17
Prostotak,area-52,1246,monk,windwalker,18,13,5
Kyzen,trollbane,1246,monk,windwalker,24,13,11
Zoomerxd,stormrage,1246,monk,windwalker,24,13,11
Shadowstripe,the-venture-co,1246,monk,windwalker,49,24,25
Båshkin,terenas,1245,monk,windwalker,42,19,23
Rskmedaddy,tichondrius,1244,monk,windwalker,18,13,5
Hèàvy,stormrage,1244,monk,windwalker,24,13,11
Amphíon,kelthuzad,1244,monk,windwalker,30,13,17
Bükki,ragnaros,1243,monk,windwalker,18,13,5
Bowlbreak,sargeras,1243,monk,windwalker,36,20,16
Goldfornudez,area-52,1242,monk,windwalker,24,13,11
Daewoolanos,dalaran,1240,monk,windwalker,171,75,96
Xinghao,tichondrius,1240,monk,windwalker,30,13,17
Vp,bleeding-hollow,1238,monk,windwalker,30,13,17
Tipcat,wyrmrest-accord,1235,monk,windwalker,21,14,7
Blumpfu,thrall,1235,monk,windwalker,24,13,11
Felgolos,azralon,1232,monk,windwalker,27,17,10
Plotting,tichondrius,1232,monk,windwalker,26,16,10
Zettelkasten,tichondrius,1232,monk,windwalker,72,35,37
Xifang,malganis,1232,monk,windwalker,30,13,17
Ipnam,kelthuzad,1231,monk,windwalker,22,14,8
Starymww,tichondrius,1230,monk,windwalker,24,13,11
Rodign,hyjal,1229,monk,windwalker,30,13,17
Aedale,emerald-dream,1226,monk,windwalker,65,39,26
Angerday,illidan,1226,monk,windwalker,54,24,30
Ruckm,stormrage,1225,monk,windwalker,24,13,11
Turbodyne,tichondrius,1221,monk,windwalker,30,13,17
Karatay,tichondrius,1218,monk,windwalker,18,13,5
Selfless,gilneas,1218,monk,windwalker,48,24,24
Gentlefists,sargeras,1218,monk,windwalker,30,14,16
Gurda,wyrmrest-accord,1217,monk,windwalker,137,68,69
Spinning,nagrand,1216,monk,windwalker,72,31,41
Goharu,zuljin,1212,monk,windwalker,60,26,34
Vox,windrunner,1211,monk,windwalker,26,14,12
Garmakasmonk,skullcrusher,1207,monk,windwalker,52,23,29
Ghaelessi,senjin,1206,monk,windwalker,89,43,46
Limptriscuít,tichondrius,1205,monk,windwalker,55,25,30
Tobearus,stormscale,1202,monk,windwalker,83,48,35
Ofn,moon-guard,1202,monk,windwalker,96,45,51
Metios,aggramar,1202,monk,windwalker,95,42,53
Xéia,area-52,1201,monk,windwalker,60,23,37
Wwmonks,sargeras,1199,monk,windwalker,36,21,15
Slapstun,barthilas,1197,monk,windwalker,113,47,66
Mcmaplol,tichondrius,1196,monk,windwalker,29,13,16
Obiiwan,tichondrius,1196,monk,windwalker,102,42,60
Threnz,magtheridon,1195,monk,windwalker,36,13,23
Honeyjaem,tichondrius,1193,monk,windwalker,29,14,15
Infest,azralon,1192,monk,windwalker,105,53,52
Stickyloads,illidan,1190,monk,windwalker,78,35,43
Mcnipple,moonrunner,1189,monk,windwalker,24,14,10
Lxg,emerald-dream,1189,monk,windwalker,29,13,16
Kïri,wyrmrest-accord,1181,monk,windwalker,27,15,12
Hinakii,dalaran,1175,monk,windwalker,144,62,82
Sleepÿ,area-52,1171,monk,windwalker,84,34,50
Dbrady,thrall,1169,monk,windwalker,48,19,29
Milktank,medivh,1167,monk,windwalker,69,40,29
Mommysalamii,moon-guard,1167,monk,windwalker,25,13,12
Bonflur,quelthalas,1161,monk,windwalker,456,230,226
Sedition,emerald-dream,1157,monk,windwalker,125,59,66
Kandinarra,jubeithos,1156,monk,windwalker,64,34,30
Linkya,daggerspine,1152,monk,windwalker,22,14,8
Badvisto,dalaran,1151,monk,windwalker,18,12,6
Rafyww,tichondrius,1151,monk,windwalker,24,12,12
Mcbluffin,onyxia,1150,monk,windwalker,18,12,6
Pikotaro,tichondrius,1150,monk,windwalker,24,12,12
Ogre,the-venture-co,1148,monk,windwalker,48,26,22
Bigfel,nazjatar,1148,monk,windwalker,24,12,12
Boxxzer,kelthuzad,1147,monk,windwalker,18,12,6
Dobsy,bleeding-hollow,1147,monk,windwalker,24,12,12
Lümpz,tichondrius,1147,monk,windwalker,24,12,12
Gorton,lightbringer,1147,monk,windwalker,60,28,32
Grëyfox,sargeras,1147,monk,windwalker,30,12,18
Dynamo,blackrock,1144,monk,windwalker,34,14,20
Harvex,area-52,1143,monk,windwalker,24,12,12
Silvopanda,azralon,1142,monk,windwalker,203,101,102
Zfløp,azralon,1142,monk,windwalker,27,13,14
Fitmonje,drakkari,1141,monk,windwalker,32,15,17
Mechabre,stormrage,1140,monk,windwalker,18,12,6
Acindian,malganis,1140,monk,windwalker,36,18,18
Hulkapro,azralon,1139,monk,windwalker,152,80,72
Drektarz,area-52,1137,monk,windwalker,174,85,89
Astorari,illidan,1136,monk,windwalker,30,14,16
Thestar,gorefiend,1136,monk,windwalker,36,12,24
Somethingre,sargeras,1135,monk,windwalker,18,12,6
Çhëèch,tichondrius,1135,monk,windwalker,100,41,59
Shinjiki,tichondrius,1134,monk,windwalker,29,12,17
Kfpeeves,sargeras,1133,monk,windwalker,48,24,24
Duwhack,wyrmrest-accord,1133,monk,windwalker,30,12,18
Cowplox,illidan,1132,monk,windwalker,54,23,31
Honghong,kargath,1131,monk,windwalker,29,13,16
Iamanangel,illidan,1128,monk,windwalker,48,29,19
Boldyr,sargeras,1128,monk,windwalker,24,12,12
Zenkin,caelestrasz,1128,monk,windwalker,60,29,31
Dekù,ragnaros,1125,monk,windwalker,18,12,6
Deadlyfist,stormrage,1123,monk,windwalker,65,29,36
Jinpo,lightninghoof,1121,monk,windwalker,115,60,55
Stigzz,stormrage,1118,monk,windwalker,23,12,11
Gnomesweeper,sargeras,1117,monk,windwalker,20,13,7
Almaster,stormrage,1117,monk,windwalker,62,22,40
Broxxenidas,quelthalas,1116,monk,windwalker,23,12,11
Imonkalot,destromath,1114,monk,windwalker,67,29,38
Clytpuncher,emerald-dream,1114,monk,windwalker,29,12,17
Vetism,thrall,1113,monk,windwalker,22,12,10
Jish,bleeding-hollow,1112,monk,windwalker,60,32,28
Lyfegiver,blackrock,1110,monk,windwalker,20,13,7
Loadedfries,frostmourne,1110,monk,windwalker,24,12,12
Sébástián,drakkari,1108,monk,windwalker,94,52,42
Abboo,hyjal,1105,monk,windwalker,43,22,21
Nika,chogall,1105,monk,windwalker,48,19,29
Anavara,drakkari,1104,monk,windwalker,72,34,38
Monkii,bonechewer,1103,monk,windwalker,36,21,15
Scoobfly,illidan,1099,monk,windwalker,23,12,11
Steenkk,tichondrius,1097,monk,windwalker,30,13,17
Habana,stormreaver,1095,monk,windwalker,60,21,39
Pandalex,draenor,1092,monk,windwalker,54,27,27
Moopdahoop,stormrage,1088,monk,windwalker,146,75,71
Merand,tichondrius,1088,monk,windwalker,30,12,18
Hêrsh,frostmourne,1087,monk,windwalker,35,14,21
Retus,quelthalas,1086,monk,windwalker,35,16,19
Lööpér,tichondrius,1081,monk,windwalker,24,13,11
Failinghealz,proudmoore,1080,monk,windwalker,54,26,28
Ojiin,wyrmrest-accord,1079,monk,windwalker,24,13,11
Hellcow,frostmourne,1071,monk,windwalker,22,12,10
Blackychan,scilla,1070,monk,windwalker,54,24,30
Vokarhi,whisperwind,1065,monk,windwalker,42,23,19
Bingogranny,stormrage,1064,monk,windwalker,48,13,35
Tokyozesty,area-52,1056,monk,windwalker,18,11,7
Brewlong,area-52,1056,monk,windwalker,24,11,13
Jaige,illidan,1056,monk,windwalker,27,12,15
Hate,korialstrasz,1055,monk,windwalker,18,11,7
Abenobashi,malganis,1055,monk,windwalker,18,11,7
Monkamax,tichondrius,1054,monk,windwalker,18,11,7
Bootowsky,zuljin,1054,monk,windwalker,18,11,7
Ric,gundrak,1053,monk,windwalker,18,11,7
Zenpachi,hyjal,1053,monk,windwalker,27,11,16
Zenkam,ragnaros,1052,monk,windwalker,30,11,19
Hira,zuljin,1052,monk,windwalker,30,11,19
Hylithia,proudmoore,1051,monk,windwalker,73,39,34
Lotusdream,argent-dawn,1051,monk,windwalker,23,11,12
Rizzyglizzy,stormrage,1051,monk,windwalker,24,11,13
Suntzuvius,tichondrius,1050,monk,windwalker,24,11,13
Nemogaming,tichondrius,1049,monk,windwalker,24,11,13
Chowlaos,coilfang,1048,monk,windwalker,18,11,7
Brewswayne,argent-dawn,1048,monk,windwalker,24,11,13
Solafyde,aerie-peak,1046,monk,windwalker,22,12,10
Cráne,duskwood,1046,monk,windwalker,26,12,14
Tøbad,icecrown,1046,monk,windwalker,25,11,14
Bingqilinn,sargeras,1045,monk,windwalker,18,11,7
Kickkick,burning-blade,1045,monk,windwalker,24,11,13
Caulífla,barthilas,1045,monk,windwalker,24,11,13
Chaosrose,area-52,1044,monk,windwalker,18,11,7
Tremonk,kelthuzad,1043,monk,windwalker,18,11,7
Miyage,emerald-dream,1043,monk,windwalker,72,40,32
Hozoin,tichondrius,1043,monk,windwalker,36,19,17
Tsubal,mugthol,1042,monk,windwalker,18,11,7
Jnx,emerald-dream,1038,monk,windwalker,24,11,13
Romeonjuliet,tichondrius,1038,monk,windwalker,24,11,13
Kungfused,frostmourne,1035,monk,windwalker,30,11,19
Chugs,malorne,1034,monk,windwalker,48,18,30
Søuei,skullcrusher,1030,monk,windwalker,24,11,13
Liw,quelthalas,1028,monk,windwalker,39,14,25
Knuckbutter,sargeras,1027,monk,windwalker,69,31,38
Dankestkhan,korialstrasz,1022,monk,windwalker,35,11,24
Åsurã,stormrage,1021,monk,windwalker,34,11,23
Averagewang,sargeras,1020,monk,windwalker,61,32,29
Leafondawind,boulderfist,1020,monk,windwalker,29,11,18
Tzidkiyahu,barthilas,1018,monk,windwalker,28,16,12
Hanzøu,ragnaros,1012,monk,windwalker,24,11,13
Rosarìolover,stormrage,1008,monk,windwalker,36,18,18
Ghandii,thunderlord,1008,monk,windwalker,99,45,54
Bakicaa,dalaran,1005,monk,windwalker,17,11,6
Nutcrakerz,tichondrius,1002,monk,windwalker,42,24,18
Cubs,sargeras,1001,monk,windwalker,17,11,6
Brewzllee,tichondrius,998,monk,windwalker,78,40,38
Hairybadger,destromath,994,monk,windwalker,40,22,18
Sandii,azralon,992,monk,windwalker,141,72,69
Romeoe,muradin,992,monk,windwalker,30,11,19
Preceptonk,azralon,991,monk,windwalker,16,11,5
Fatde,daggerspine,991,monk,windwalker,47,27,20
Quanon,stormreaver,990,monk,windwalker,42,16,26
Nobmaster,garrosh,988,monk,windwalker,40,15,25
Onepunch,exodar,986,monk,windwalker,20,11,9
Traxshin,kelthuzad,982,monk,windwalker,30,12,18
Rollsroycist,trollbane,980,monk,windwalker,85,45,40
Kush,dalvengyr,971,monk,windwalker,39,18,21
Natintell,drakkari,967,monk,windwalker,119,55,64
Ðilara,area-52,960,monk,windwalker,12,10,2
Shadmtwo,tichondrius,960,monk,windwalker,12,10,2
Aýre,ravencrest,960,monk,windwalker,12,10,2
Afrosamurai,thrall,960,monk,windwalker,18,10,8
Tribunez,stormrage,960,monk,windwalker,18,10,8
Mynamegeorge,area-52,960,monk,windwalker,58,27,31
Hitt,barthilas,960,monk,windwalker,24,10,14
Phen,emerald-dream,960,monk,windwalker,24,10,14
Ked,ragnaros,960,monk,windwalker,30,10,20
Tazermw,sargeras,959,monk,windwalker,12,10,2
Getmistéd,sargeras,959,monk,windwalker,12,10,2
Undertickle,illidan,959,monk,windwalker,18,10,8
Iol,whisperwind,959,monk,windwalker,18,10,8
Mybutt,wyrmrest-accord,959,monk,windwalker,18,10,8
Cortexyme,tichondrius,959,monk,windwalker,18,10,8
Ilovemayer,hyjal,959,monk,windwalker,18,10,8
Yuckzz,malganis,959,monk,windwalker,24,10,14
Birean,area-52,959,monk,windwalker,24,10,14
Iraww,thrall,959,monk,windwalker,24,10,14
Apølon,azralon,958,monk,windwalker,18,10,8
Zunfu,tichondrius,958,monk,windwalker,18,10,8
Crittinka,bonechewer,958,monk,windwalker,18,10,8
Omoplàta,illidan,958,monk,windwalker,18,10,8
Frânkdux,tichondrius,957,monk,windwalker,18,10,8
Sxywind,azgalor,957,monk,windwalker,18,10,8
Mônkdunk,daggerspine,957,monk,windwalker,18,10,8
Mcwallets,moon-guard,957,monk,windwalker,150,70,80
Avz,azralon,957,monk,windwalker,24,10,14
Vuadeira,azralon,957,monk,windwalker,30,10,20
Skyvaan,barthilas,956,monk,windwalker,18,10,8
Thalreyzian,vashj,954,monk,windwalker,24,10,14
Oobinkey,tichondrius,954,monk,windwalker,24,10,14
Megatraun,tichondrius,953,monk,windwalker,18,10,8
Alcaquito,goldrinn,950,monk,windwalker,18,10,8
Nedpanders,nagrand,949,monk,windwalker,42,24,18
Santiie,drakkari,946,monk,windwalker,24,10,14
Léesin,stormrage,943,monk,windwalker,23,10,13
Madmint,illidan,941,monk,windwalker,23,11,12
Sickl,blood-furnace,941,monk,windwalker,167,78,89
Ryucko,azralon,933,monk,windwalker,18,10,8
Hyun,stormrage,931,monk,windwalker,18,10,8
Thäiländiä,bleeding-hollow,928,monk,windwalker,42,23,19
Bigmoli,quelthalas,925,monk,windwalker,16,11,5
Scarlos,tichondrius,915,monk,windwalker,213,102,111
Poanda,illidan,912,monk,windwalker,25,13,12
Rockfu,illidan,911,monk,windwalker,17,10,7
Prïncessmarb,bleeding-hollow,911,monk,windwalker,21,11,10
Chisuschrist,hyjal,911,monk,windwalker,27,10,17
Whtnyhuston,sargeras,899,monk,windwalker,29,11,18
Firstfire,stormrage,897,monk,windwalker,24,11,13
Gutso,malganis,896,monk,windwalker,28,10,18
Veganbacon,mannoroth,875,monk,windwalker,14,10,4
Thekilla,aegwynn,874,monk,windwalker,30,13,17
Thedeäd,stormrage,872,monk,windwalker,87,38,49
Poormanx,illidan,864,monk,windwalker,12,9,3
Wwrizz,frostmane,864,monk,windwalker,12,9,3
Gucchimane,illidan,864,monk,windwalker,12,9,3
Loenius,wyrmrest-accord,864,monk,windwalker,12,9,3
Choibaedal,tichondrius,864,monk,windwalker,12,9,3
Paullyfists,garona,864,monk,windwalker,12,9,3
Brüce,ragnaros,864,monk,windwalker,18,9,9
Chiang,chogall,864,monk,windwalker,24,9,15
Tmjojo,tichondrius,864,monk,windwalker,24,9,15
Arkypoo,drakkari,864,monk,windwalker,24,9,15
Detox,sargeras,864,monk,windwalker,24,9,15
Bvndio,ragnaros,864,monk,windwalker,30,9,21
Danksweaver,malganis,863,monk,windwalker,12,9,3
Monkoverdose,tichondrius,863,monk,windwalker,12,9,3
Aligned,zuljin,863,monk,windwalker,12,9,3
Buhlakay,sargeras,863,monk,windwalker,16,10,6
Stepsista,sargeras,863,monk,windwalker,18,9,9
Kahpital,azralon,863,monk,windwalker,18,9,9
Vandamme,durotan,863,monk,windwalker,18,9,9
Azzmane,bronzebeard,863,monk,windwalker,18,9,9
Tomatosaucin,area-52,863,monk,windwalker,18,9,9
Helicopter,borean-tundra,863,monk,windwalker,18,9,9
Crakgirl,malganis,863,monk,windwalker,18,9,9
Inko,ragnaros,863,monk,windwalker,24,9,15
Vova,bleeding-hollow,863,monk,windwalker,27,9,18
Fearrae,sargeras,862,monk,windwalker,12,9,3
Lördvingador,azralon,862,monk,windwalker,24,9,15
Kaishya,emerald-dream,861,monk,windwalker,12,9,3
Kentodne,stormrage,861,monk,windwalker,18,9,9
Pandagendon,quelthalas,860,monk,windwalker,12,9,3
Arimonk,mannoroth,860,monk,windwalker,18,9,9
Xuen,gurubashi,860,monk,windwalker,24,9,15
Rozword,ragnaros,860,monk,windwalker,30,9,21
Atulzo,emerald-dream,859,monk,windwalker,18,9,9
Anatomyx,kelthuzad,858,monk,windwalker,18,9,9
Eyllen,blood-furnace,858,monk,windwalker,18,9,9
Brewbïes,tichondrius,858,monk,windwalker,24,9,15
Kajjou,illidan,858,monk,windwalker,26,9,17
Acena,stormrage,856,monk,windwalker,24,9,15
Vascore,frostmourne,847,monk,windwalker,29,9,20
Shnooze,barthilas,843,monk,windwalker,164,72,92
Yosisoy,zuljin,839,monk,windwalker,23,9,14
Agroétudo,azralon,838,monk,windwalker,18,9,9
Pastarasta,malganis,838,monk,windwalker,30,14,16
Ipmán,moon-guard,836,monk,windwalker,68,30,38
Deathgoku,norgannon,831,monk,windwalker,23,9,14
Phuumyn,llane,829,monk,windwalker,17,9,8
Lolqtxd,sargeras,810,monk,windwalker,26,10,16
Tulalong,area-52,797,monk,windwalker,20,9,11
Skoi,moon-guard,796,monk,windwalker,14,9,5
Yeonguo,drakthul,795,monk,windwalker,16,9,7
Jamaldamort,sargeras,768,monk,windwalker,12,8,4
Weezym,illidan,768,monk,windwalker,12,8,4
Youngnudy,sargeras,768,monk,windwalker,12,8,4
Ïåtö,sargeras,768,monk,windwalker,12,8,4
Kungpaochicn,tichondrius,768,monk,windwalker,12,8,4
Kambrielx,zuljin,768,monk,windwalker,12,8,4
Khungfeu,area-52,768,monk,windwalker,12,8,4
Involve,tichondrius,768,monk,windwalker,12,8,4
Awfulww,tichondrius,768,monk,windwalker,12,8,4
Twichyling,tichondrius,768,monk,windwalker,12,8,4
Stormseven,stormrage,768,monk,windwalker,12,8,4
Ludenz,emerald-dream,768,monk,windwalker,18,8,10
Gnomepuncher,dalaran,768,monk,windwalker,18,8,10
Taggz,thunderlord,768,monk,windwalker,18,8,10
Goonsy,tichondrius,768,monk,windwalker,18,8,10
Leegueen,tichondrius,768,monk,windwalker,18,8,10
Stepfistz,aegwynn,768,monk,windwalker,18,8,10
Akumuh,area-52,768,monk,windwalker,18,8,10
Rerolled,moon-guard,768,monk,windwalker,18,8,10
Richywayne,bleeding-hollow,768,monk,windwalker,18,8,10
Dorander,frostmourne,768,monk,windwalker,18,8,10
Röllö,tichondrius,768,monk,windwalker,21,9,12
Monke,onyxia,768,monk,windwalker,24,8,16
Mîghtguy,barthilas,768,monk,windwalker,24,8,16
Blackìce,sargeras,768,monk,windwalker,24,8,16
Shinobiww,area-52,768,monk,windwalker,24,8,16
Tews,quelthalas,767,monk,windwalker,12,8,4
Kungfupana,destromath,767,monk,windwalker,12,8,4
Falconpaunch,bleeding-hollow,767,monk,windwalker,12,8,4
Fumoo,sargeras,767,monk,windwalker,16,9,7
Pipochen,ragnaros,767,monk,windwalker,18,8,10
Faashbae,illidan,767,monk,windwalker,18,8,10
Suspicious,malfurion,767,monk,windwalker,18,8,10
Biggyballs,tichondrius,767,monk,windwalker,18,8,10
Miresa,kelthuzad,767,monk,windwalker,18,8,10
Supernam,sargeras,767,monk,windwalker,18,8,10
Aydowon,illidan,767,monk,windwalker,18,8,10
Akrethar,medivh,767,monk,windwalker,18,8,10
Zukki,zuljin,767,monk,windwalker,18,8,10
Luckystrike,area-52,767,monk,windwalker,24,8,16
Yoshimotto,area-52,766,monk,windwalker,12,8,4
Nf,zuljin,766,monk,windwalker,12,8,4
Ragraxx,quelthalas,766,monk,windwalker,18,8,10
Pikx,frostmourne,766,monk,windwalker,18,8,10
Vatita,caelestrasz,765,monk,windwalker,18,8,10
Bôjåck,stormrage,765,monk,windwalker,24,8,16
Jackboi,the-underbog,765,monk,windwalker,24,8,16
Sorrentö,drakkari,764,monk,windwalker,12,8,4
Jãe,stormrage,764,monk,windwalker,24,8,16
Oz825AA7,illidan,763,monk,windwalker,12,8,4
Extinctión,stormscale,762,monk,windwalker,12,8,4
Sprinkli,sargeras,761,monk,windwalker,24,8,16
Burningfist,stormrage,760,monk,windwalker,30,8,22
Kilabit,azshara,756,monk,windwalker,44,19,25
Kylièjenner,gilneas,755,monk,windwalker,18,8,10
Wodinswolf,sargeras,749,monk,windwalker,18,8,10
Hontaruk,ragnaros,749,monk,windwalker,29,8,21
Habanèro,tichondrius,734,monk,windwalker,17,8,9
Shindoro,bonechewer,711,monk,windwalker,22,12,10
Kurha,queldorei,690,monk,windwalker,24,8,16
Monkeymonkey,dathremar,687,monk,windwalker,11,8,3
Laggyfist,frostmourne,683,monk,windwalker,13,8,5
Ázão,stormrage,672,monk,windwalker,12,7,5
Strokahontas,stormreaver,672,monk,windwalker,12,7,5
Jxyfist,illidan,672,monk,windwalker,12,7,5
Monkuban,destromath,672,monk,windwalker,12,7,5
Chipmonk,lightnings-blade,672,monk,windwalker,12,7,5
Fistay,sargeras,672,monk,windwalker,12,7,5
Ristion,moon-guard,672,monk,windwalker,12,7,5
Kimmyfists,tichondrius,672,monk,windwalker,12,7,5
Shry,kiljaeden,672,monk,windwalker,12,7,5
Kudrix,frostwolf,672,monk,windwalker,12,7,5
Jwazz,tichondrius,672,monk,windwalker,12,7,5
Bibis,sargeras,672,monk,windwalker,12,7,5
Shäopai,quelthalas,672,monk,windwalker,12,7,5
Porxhub,tichondrius,672,monk,windwalker,12,7,5
Ganjäsmoke,skullcrusher,672,monk,windwalker,12,7,5
Tag,tichondrius,672,monk,windwalker,12,7,5
Touchbot,tichondrius,672,monk,windwalker,12,7,5
Incaustik,ragnaros,672,monk,windwalker,12,7,5
Goldx,ragnaros,672,monk,windwalker,12,7,5
Lilpøøter,tichondrius,672,monk,windwalker,12,7,5
Shiphappens,barthilas,672,monk,windwalker,12,7,5
Bramicaye,malganis,672,monk,windwalker,12,7,5
Buffmonkdmg,tichondrius,672,monk,windwalker,15,8,7
Pandaforlife,area-52,672,monk,windwalker,18,7,11
Verizani,stormrage,672,monk,windwalker,18,7,11
Popchi,stormrage,672,monk,windwalker,18,7,11
Ohtani,frostwolf,672,monk,windwalker,18,7,11
Militantww,tichondrius,672,monk,windwalker,18,7,11
Tubshark,kelthuzad,672,monk,windwalker,18,7,11
Tapzm,area-52,672,monk,windwalker,18,7,11
Awcfanboy,bleeding-hollow,672,monk,windwalker,21,8,13
Chiglock,bloodscalp,672,monk,windwalker,24,7,17
Monkyun,tichondrius,672,monk,windwalker,24,7,17
Carlgustav,kelthuzad,671,monk,windwalker,12,7,5
Bauddor,ragnaros,671,monk,windwalker,12,7,5
Sleezyinsane,sargeras,671,monk,windwalker,12,7,5
Mosaden,suramar,671,monk,windwalker,12,7,5
Fisturmother,tichondrius,671,monk,windwalker,12,7,5
Qebui,darkspear,671,monk,windwalker,12,7,5
Drainar,bleeding-hollow,671,monk,windwalker,12,7,5
Døjø,dalaran,671,monk,windwalker,12,7,5
Quietbegger,sargeras,671,monk,windwalker,12,7,5
Bataan,tichondrius,671,monk,windwalker,12,7,5
Reckin,frostmourne,671,monk,windwalker,12,7,5
Fistnyou,norgannon,671,monk,windwalker,16,8,8
Andal,aegwynn,671,monk,windwalker,18,7,11
Santatsu,emerald-dream,671,monk,windwalker,18,7,11
Leozen,skullcrusher,671,monk,windwalker,18,7,11
Inaruss,ragnaros,671,monk,windwalker,18,7,11
Shenrá,moon-guard,671,monk,windwalker,18,7,11
Okuraseru,bleeding-hollow,671,monk,windwalker,24,7,17
Huángbó,blackhand,670,monk,windwalker,10,8,2
Minusmonk,dalaran,670,monk,windwalker,12,7,5
Etkai,proudmoore,670,monk,windwalker,12,7,5
Cryptique,tichondrius,670,monk,windwalker,12,7,5
Ironcladfist,proudmoore,670,monk,windwalker,18,7,11
Tababtz,illidan,669,monk,windwalker,18,7,11
Ursuschi,khazgoroth,669,monk,windwalker,24,7,17
Elmanteca,ragnaros,668,monk,windwalker,12,7,5
Ravenius,moon-guard,668,monk,windwalker,24,7,17
Kuungfoo,tichondrius,667,monk,windwalker,12,7,5
Lilutha,illidan,658,monk,windwalker,18,7,11
Liänä,quelthalas,658,monk,windwalker,18,7,11
Yemonyime,emerald-dream,655,monk,windwalker,17,7,10
Gaziee,tichondrius,653,monk,windwalker,17,7,10
Titsmagees,frostwolf,639,monk,windwalker,23,7,16
Mùnkey,nagrand,638,monk,windwalker,17,7,10
Mönk,blood-furnace,637,monk,windwalker,28,7,21
Ruì,malganis,623,monk,windwalker,23,7,16
Kfchi,tichondrius,618,monk,windwalker,19,9,10
Shinkunmonk,tichondrius,618,monk,windwalker,24,9,15
Iilmachoggy,stormrage,607,monk,windwalker,11,7,4
Sistafistaa,akama,606,monk,windwalker,14,7,7
Srýbrø,illidan,576,monk,windwalker,6,6,0
Softpourcorn,tichondrius,576,monk,windwalker,6,6,0
Goblinitto,archimonde,576,monk,windwalker,6,6,0
Swwaagg,illidan,576,monk,windwalker,6,6,0
Aveium,moon-guard,576,monk,windwalker,6,6,0
Honavya,stormrage,576,monk,windwalker,6,6,0
Griswolld,ragnaros,576,monk,windwalker,6,6,0
Makgøra,malganis,576,monk,windwalker,6,6,0
Kaminagi,proudmoore,576,monk,windwalker,12,6,6
Detoxalt,sargeras,576,monk,windwalker,12,6,6
Shevchenkô,quelthalas,576,monk,windwalker,12,6,6
Molsonicee,tichondrius,576,monk,windwalker,12,6,6
Funtscat,zuljin,576,monk,windwalker,12,6,6
Wako,nemesis,576,monk,windwalker,12,6,6
Onepunchmän,zuljin,576,monk,windwalker,12,6,6
Findorato,windrunner,576,monk,windwalker,12,6,6
Abrahamblue,moon-guard,576,monk,windwalker,12,6,6
Jaykun,ragnaros,576,monk,windwalker,12,6,6
Guuttzz,area-52,576,monk,windwalker,12,6,6
Gaps,ragnaros,576,monk,windwalker,12,6,6
Grandsonweez,thrall,576,monk,windwalker,12,6,6
Fivebears,blackwing-lair,576,monk,windwalker,12,6,6
Colez,illidan,576,monk,windwalker,12,6,6
Monk,scilla,576,monk,windwalker,12,6,6
Xua,sargeras,576,monk,windwalker,12,6,6
Silvyrx,boulderfist,576,monk,windwalker,12,6,6
Fúgg,zuljin,576,monk,windwalker,12,6,6
Yimmy,zuluhed,576,monk,windwalker,12,6,6
Serenïty,quelthalas,576,monk,windwalker,12,6,6
Egugu,tichondrius,576,monk,windwalker,12,6,6
Tokyodripztv,area-52,576,monk,windwalker,12,6,6
Xoir,tichondrius,576,monk,windwalker,12,6,6
Dippy,moon-guard,576,monk,windwalker,12,6,6
Wèbbystër,illidan,576,monk,windwalker,12,6,6
Cometx,darkspear,576,monk,windwalker,12,6,6
Klutzz,tichondrius,576,monk,windwalker,12,6,6
Bonzibuddy,barthilas,576,monk,windwalker,12,6,6
Läôtzu,fizzcrank,576,monk,windwalker,12,6,6
Tahs,azralon,576,monk,windwalker,12,6,6
Bakacia,ragnaros,576,monk,windwalker,12,6,6
Tinypunch,emerald-dream,576,monk,windwalker,12,6,6
Syffer,sargeras,576,monk,windwalker,12,6,6
Mâkaveli,gnomeregan,576,monk,windwalker,12,6,6
Coldridge,bleeding-hollow,576,monk,windwalker,12,6,6
Creamchop,stormreaver,576,monk,windwalker,12,6,6
Orcslam,tichondrius,576,monk,windwalker,12,6,6
Oafist,area-52,576,monk,windwalker,12,6,6
Jubei,dragonmaw,576,monk,windwalker,12,6,6
Thedrum,tichondrius,576,monk,windwalker,16,7,9
Forthekicks,tichondrius,576,monk,windwalker,19,8,11
Káizen,area-52,576,monk,windwalker,18,6,12
Giorhno,ragnaros,576,monk,windwalker,18,6,12
Pndmedaddy,tichondrius,576,monk,windwalker,18,6,12
Bollzdepe,wyrmrest-accord,576,monk,windwalker,18,6,12
Kuafu,illidan,576,monk,windwalker,18,6,12
Tinklejuice,sargeras,576,monk,windwalker,18,6,12
Zadaa,alleria,576,monk,windwalker,18,6,12
Monjimen,ragnaros,576,monk,windwalker,18,6,12
Lomist,nazjatar,575,monk,windwalker,12,6,6
Frimayadri,area-52,575,monk,windwalker,12,6,6
Tsosai,wyrmrest-accord,575,monk,windwalker,12,6,6
Kalrsk,frostmourne,575,monk,windwalker,12,6,6
Yoshimoku,dalaran,575,monk,windwalker,12,6,6
Bakusao,bleeding-hollow,575,monk,windwalker,18,6,12
Thevy,area-52,575,monk,windwalker,18,6,12
Tayden,korgath,575,monk,windwalker,18,6,12
Kradomjx,nazjatar,574,monk,windwalker,12,6,6
Zhixx,stormrage,574,monk,windwalker,12,6,6
Dragorovich,aerie-peak,574,monk,windwalker,12,6,6
Linwong,garithos,574,monk,windwalker,12,6,6
Fistecuffs,frostmourne,574,monk,windwalker,15,7,8
Fistidmi,area-52,573,monk,windwalker,12,6,6
Tøxicø,quelthalas,572,monk,windwalker,16,7,9
Nyomisims,azgalor,568,monk,windwalker,29,7,22
Rokkenstone,wyrmrest-accord,527,monk,windwalker,11,6,5
Wft,frostmourne,527,monk,windwalker,11,6,5
Crayóns,stormreaver,527,monk,windwalker,11,6,5
Mothonatt,tichondrius,526,monk,windwalker,11,6,5
Jowtaro,azralon,522,monk,windwalker,16,7,9
Såitama,azralon,522,monk,windwalker,21,9,12
Mistyfist,bleeding-hollow,521,monk,windwalker,28,7,21
Çruel,dalaran,511,monk,windwalker,14,6,8
Varimå,area-52,480,monk,windwalker,6,5,1
Nitrobrewed,stormrage,480,monk,windwalker,6,5,1
Monkskiiz,tichondrius,480,monk,windwalker,6,5,1
Yenjung,azralon,480,monk,windwalker,6,5,1
Wyndwanker,area-52,480,monk,windwalker,6,5,1
Cilldemonarc,area-52,480,monk,windwalker,6,5,1
Kuranchi,illidan,480,monk,windwalker,6,5,1
Zegood,tichondrius,480,monk,windwalker,6,5,1
Yunei,tichondrius,480,monk,windwalker,6,5,1
Pikadejegue,nemesis,480,monk,windwalker,6,5,1
Hennyww,dalaran,480,monk,windwalker,6,5,1
Benneroy,moon-guard,480,monk,windwalker,6,5,1
Koochies,aegwynn,480,monk,windwalker,6,5,1
Bomba,arthas,480,monk,windwalker,6,5,1
Iflykites,zuljin,480,monk,windwalker,6,5,1
Iloveabby,sargeras,480,monk,windwalker,6,5,1
Miwee,illidan,480,monk,windwalker,6,5,1
Blazebeast,blackhand,480,monk,windwalker,9,6,3
Ýogï,stormrage,480,monk,windwalker,10,6,4
Tyrus,kelthuzad,480,monk,windwalker,9,5,4
Troutz,sargeras,480,monk,windwalker,12,5,7
Tenkix,zuljin,480,monk,windwalker,12,5,7
Valdur,sargeras,480,monk,windwalker,12,5,7
Hazed,lightbringer,480,monk,windwalker,12,5,7
Tereriir,fenris,480,monk,windwalker,12,5,7
Antril,bleeding-hollow,480,monk,windwalker,12,5,7
Ultraop,emerald-dream,480,monk,windwalker,12,5,7
Transcend,nerzhul,480,monk,windwalker,12,5,7
Browniemix,tichondrius,480,monk,windwalker,12,5,7
Zhíu,ragnaros,480,monk,windwalker,12,5,7
Chakrah,laughing-skull,480,monk,windwalker,12,5,7
Pathad,stormrage,480,monk,windwalker,12,5,7
Bokchoii,sargeras,480,monk,windwalker,12,5,7
Slp,frostmourne,480,monk,windwalker,12,5,7
Plagai,fizzcrank,480,monk,windwalker,12,5,7
Saywha,windrunner,480,monk,windwalker,12,5,7
Chrisdamonk,stormrage,480,monk,windwalker,12,5,7
Castellón,quelthalas,480,monk,windwalker,12,5,7
Mepepegaclap,malganis,480,monk,windwalker,12,5,7
Ferknights,moon-guard,480,monk,windwalker,12,5,7
Zakuu,blackrock,480,monk,windwalker,12,5,7
Cannafist,tichondrius,480,monk,windwalker,12,5,7
Icesmoker,frostmourne,480,monk,windwalker,12,5,7
Tripster,wyrmrest-accord,480,monk,windwalker,12,5,7
Nomonko,tichondrius,480,monk,windwalker,12,5,7
Trunkx,area-52,480,monk,windwalker,12,5,7
Mistérfister,blackrock,480,monk,windwalker,12,5,7
Lokimana,zuljin,480,monk,windwalker,12,5,7
Druidenvy,sargeras,480,monk,windwalker,12,5,7
Mattmañ,sargeras,480,monk,windwalker,12,5,7
Abdoolah,illidan,480,monk,windwalker,12,5,7
Monkdruffy,tichondrius,480,monk,windwalker,12,5,7
Woowalker,illidan,480,monk,windwalker,12,5,7
Kkenpachi,illidan,480,monk,windwalker,12,5,7
Ãcé,ragnaros,480,monk,windwalker,18,5,13
Vinndz,azralon,480,monk,windwalker,18,5,13
Maisoftheart,barthilas,480,monk,windwalker,18,5,13
Esarhaddon,wyrmrest-accord,480,monk,windwalker,18,5,13
Zen,tichondrius,480,monk,windwalker,18,5,13
Indiowalker,azralon,480,monk,windwalker,18,5,13
Gabaan,azralon,480,monk,windwalker,18,5,13
Smigz,area-52,480,monk,windwalker,18,5,13
Bujiburger,frostmourne,480,monk,windwalker,18,5,13
Dmhsaint,sargeras,480,monk,windwalker,30,5,25
Zmajevratnik,illidan,479,monk,windwalker,6,5,1
Monkaaw,stormrage,479,monk,windwalker,6,5,1
Shà,kelthuzad,479,monk,windwalker,12,5,7
Kiukiukiu,tichondrius,479,monk,windwalker,12,5,7
Brzy,spinebreaker,479,monk,windwalker,12,5,7
Kythaela,quelthalas,479,monk,windwalker,12,5,7
Benjithur,tichondrius,479,monk,windwalker,12,5,7
Breakbonez,dalaran,479,monk,windwalker,24,5,19
Tamonk,veknilash,478,monk,windwalker,6,5,1
Whosaidthat,frostmourne,477,monk,windwalker,6,5,1
Smashdmonk,gnomeregan,476,monk,windwalker,12,5,7
Heavytrain,azralon,468,monk,windwalker,24,9,15
Leisa,jaedenar,463,monk,windwalker,17,5,12
Punch,agamaggan,463,monk,windwalker,17,5,12
Hogundagrim,frostmourne,448,monk,windwalker,10,5,5
Orcarucas,illidan,447,monk,windwalker,8,6,2
Rampant,anubarak,447,monk,windwalker,14,6,8
Samanosukee,illidan,447,monk,windwalker,17,5,12
Aethër,quelthalas,416,monk,windwalker,10,5,5
Prettyflacko,thrall,416,monk,windwalker,10,5,5
Turboðiesel,malganis,400,monk,windwalker,9,5,4
Crave,tichondrius,384,monk,windwalker,6,4,2
Champoo,executus,384,monk,windwalker,6,4,2
Bajiku,sargeras,384,monk,windwalker,6,4,2
Ghosted,skullcrusher,384,monk,windwalker,6,4,2
Xulieng,tichondrius,384,monk,windwalker,6,4,2
Mabaoguo,aerie-peak,384,monk,windwalker,6,4,2
Etrasu,thrall,384,monk,windwalker,6,4,2
Satchelgizmo,tichondrius,384,monk,windwalker,6,4,2
Donbaltica,ragnaros,384,monk,windwalker,6,4,2
Lowkn,sargeras,384,monk,windwalker,6,4,2
Ganksyou,sargeras,384,monk,windwalker,6,4,2
Barleygar,tichondrius,384,monk,windwalker,6,4,2
Chizhao,tichondrius,384,monk,windwalker,6,4,2
Jackphan,azralon,384,monk,windwalker,6,4,2
Pàí,tichondrius,384,monk,windwalker,6,4,2
Cowsgonuts,gorefiend,384,monk,windwalker,6,4,2
Freetristan,sargeras,384,monk,windwalker,6,4,2
Wintrader,sargeras,384,monk,windwalker,6,4,2
Jbebe,tichondrius,384,monk,windwalker,6,4,2
Ezpumpm,azralon,384,monk,windwalker,6,4,2
Diccheez,kelthuzad,384,monk,windwalker,6,4,2
Krawnick,malganis,384,monk,windwalker,6,4,2
Gorblox,emerald-dream,384,monk,windwalker,6,4,2
Toastichi,sargeras,384,monk,windwalker,6,4,2
Chopana,malganis,384,monk,windwalker,6,4,2
Stevìl,medivh,384,monk,windwalker,6,4,2
Bandøs,area-52,384,monk,windwalker,6,4,2
Yellowmonk,ragnaros,384,monk,windwalker,6,4,2
Ðøhkø,nemesis,384,monk,windwalker,6,4,2
Zenitsu,burning-blade,384,monk,windwalker,6,4,2
Thewyjr,illidan,384,monk,windwalker,6,4,2
Milli,twisting-nether,384,monk,windwalker,6,4,2
Saitamami,tichondrius,384,monk,windwalker,6,4,2
Castiwhite,quelthalas,384,monk,windwalker,6,4,2
Monkmarz,malygos,384,monk,windwalker,6,4,2
Cowhoe,icecrown,384,monk,windwalker,6,4,2
Liucang,archimonde,384,monk,windwalker,6,4,2
Korgark,tichondrius,384,monk,windwalker,6,4,2
Monktaco,azshara,384,monk,windwalker,6,4,2
Melonmuncher,duskwood,384,monk,windwalker,6,4,2
Vernki,laughing-skull,384,monk,windwalker,6,4,2
Kame,moon-guard,384,monk,windwalker,6,4,2
Garyblizard,bleeding-hollow,384,monk,windwalker,6,4,2
Punchbuggy,frostmourne,384,monk,windwalker,6,4,2
Saucers,bleeding-hollow,384,monk,windwalker,6,4,2
Tutis,stormrage,384,monk,windwalker,6,4,2
Kiggo,bonechewer,384,monk,windwalker,6,4,2
Torpedo,blackrock,384,monk,windwalker,6,4,2
Molific,gurubashi,384,monk,windwalker,6,4,2
Rubyrosé,proudmoore,384,monk,windwalker,6,4,2
Shandaspanda,rivendare,384,monk,windwalker,6,4,2
Thoraki,illidan,384,monk,windwalker,6,4,2
Yomonk,hydraxis,384,monk,windwalker,6,4,2
Paigow,proudmoore,384,monk,windwalker,6,4,2
Jeevous,darkspear,384,monk,windwalker,6,4,2
Sloptimonk,thaurissan,384,monk,windwalker,6,4,2
Monkespin,stormrage,384,monk,windwalker,6,4,2
Saiigen,frostmourne,384,monk,windwalker,6,4,2
Sobuu,wyrmrest-accord,384,monk,windwalker,6,4,2
Koda,crushridge,384,monk,windwalker,6,4,2
Trembull,gurubashi,384,monk,windwalker,6,4,2
Fistedby,nesingwary,384,monk,windwalker,6,4,2
Orbgodx,darkspear,384,monk,windwalker,6,4,2
Aedalithe,stormrage,384,monk,windwalker,6,4,2
Delaî,dalaran,384,monk,windwalker,6,4,2
Bajabrew,aegwynn,384,monk,windwalker,6,4,2
Illiea,cenarius,384,monk,windwalker,6,4,2
Evanyfist,proudmoore,384,monk,windwalker,6,4,2
Kyuke,moon-guard,384,monk,windwalker,6,4,2
Merm,frostmourne,384,monk,windwalker,6,4,2
Manizzle,illidan,384,monk,windwalker,6,4,2
Research,frostmourne,384,monk,windwalker,6,4,2
Mankér,ragnaros,384,monk,windwalker,7,4,3
Neaxain,tichondrius,384,monk,windwalker,9,5,4
Serenitys,tanaris,384,monk,windwalker,9,4,5
Kygol,zuljin,384,monk,windwalker,12,4,8
Machita,spirestone,384,monk,windwalker,12,4,8
Sëkushi,barthilas,384,monk,windwalker,12,4,8
Ramisan,barthilas,384,monk,windwalker,12,4,8
Camzs,bladefist,384,monk,windwalker,12,4,8
Fluffykitty,deathwing,384,monk,windwalker,12,4,8
Happymonk,tichondrius,384,monk,windwalker,12,4,8
Venfuki,tichondrius,384,monk,windwalker,12,4,8
Piece,blackrock,384,monk,windwalker,12,4,8
Ææøææôææôææô,illidan,384,monk,windwalker,12,4,8
Jxytwo,arygos,384,monk,windwalker,12,4,8
Talondien,dalaran,384,monk,windwalker,12,4,8
Solrise,wyrmrest-accord,384,monk,windwalker,12,4,8
Gai,gorgonnash,384,monk,windwalker,12,4,8
Forestweaver,area-52,384,monk,windwalker,12,4,8
Tesdra,moon-guard,384,monk,windwalker,12,4,8
Tóru,kelthuzad,384,monk,windwalker,12,4,8
Gravityfist,bleeding-hollow,384,monk,windwalker,12,4,8
Chijinx,area-52,384,monk,windwalker,12,4,8
Tasari,burning-blade,384,monk,windwalker,12,4,8
Rookz,drakthul,384,monk,windwalker,12,4,8
Firepandax,ragnaros,384,monk,windwalker,12,4,8
Cranjis,agamaggan,384,monk,windwalker,12,4,8
Turdgurgler,sargeras,384,monk,windwalker,12,4,8
Ferrarí,quelthalas,384,monk,windwalker,12,4,8
Tcjwindx,bleeding-hollow,384,monk,windwalker,12,4,8
Gngrbeardman,tichondrius,384,monk,windwalker,12,4,8
Mysticzen,tichondrius,384,monk,windwalker,12,4,8
Evilstep,tichondrius,384,monk,windwalker,12,4,8
Brokenfeels,azralon,384,monk,windwalker,12,4,8
Cudzingtin,dalaran,384,monk,windwalker,12,4,8
Xinvictus,frostmourne,384,monk,windwalker,12,4,8
Trigioth,tanaris,384,monk,windwalker,12,4,8
Bdsmdaddee,moon-guard,384,monk,windwalker,12,4,8
Raekwan,area-52,384,monk,windwalker,12,4,8
Téoo,azralon,384,monk,windwalker,12,4,8
Hurkal,arthas,384,monk,windwalker,12,4,8
Bwan,kelthuzad,384,monk,windwalker,12,4,8
Emporertrump,bleeding-hollow,384,monk,windwalker,12,4,8
Kfp,gorefiend,384,monk,windwalker,12,4,8
Outpalm,tichondrius,384,monk,windwalker,12,4,8
Jayr,bleeding-hollow,384,monk,windwalker,18,4,14
Fistermus,tichondrius,384,monk,windwalker,36,4,32
Zanmonk,moon-guard,383,monk,windwalker,6,4,2
Nightcaller,firetree,383,monk,windwalker,12,4,8
Illidanda,quelthalas,383,monk,windwalker,18,4,14
Viko,llane,382,monk,windwalker,6,4,2
Virgilfry,sargeras,351,monk,windwalker,11,4,7
Nakuang,tichondrius,339,monk,windwalker,24,7,17
Dadel,quelthalas,336,monk,windwalker,9,4,5
Ariannahxd,malganis,330,monk,windwalker,15,5,10
Gumrag,illidan,330,monk,windwalker,19,5,14
Jeffspicoli,emerald-dream,319,monk,windwalker,5,4,1
Miijo,senjin,288,monk,windwalker,6,3,3
Karkata,sargeras,288,monk,windwalker,6,3,3
Sethroguen,kelthuzad,288,monk,windwalker,6,3,3
Leemîn,tichondrius,288,monk,windwalker,6,3,3
Tigerlust,sargeras,288,monk,windwalker,6,3,3
Tictox,sargeras,288,monk,windwalker,6,3,3
Dripharder,tichondrius,288,monk,windwalker,6,3,3
Ultracosmic,sargeras,288,monk,windwalker,6,3,3
Wungpow,magtheridon,288,monk,windwalker,6,3,3
Raires,tichondrius,288,monk,windwalker,6,3,3
Slurrpslutt,proudmoore,288,monk,windwalker,6,3,3
Zexana,gorefiend,288,monk,windwalker,6,3,3
Niçky,tichondrius,288,monk,windwalker,6,3,3
Evilbit,boulderfist,288,monk,windwalker,6,3,3
Burash,frostwolf,288,monk,windwalker,6,3,3
Pusily,tichondrius,288,monk,windwalker,6,3,3
Triixxy,thrall,288,monk,windwalker,6,3,3
Sosm,kelthuzad,288,monk,windwalker,6,3,3
Oligast,tichondrius,288,monk,windwalker,6,3,3
Brewtool,tichondrius,288,monk,windwalker,6,3,3
Monksbad,tanaris,288,monk,windwalker,6,3,3
Jayzis,khazgoroth,288,monk,windwalker,6,3,3
Gageismonk,mugthol,288,monk,windwalker,6,3,3
Mlngo,illidan,288,monk,windwalker,6,3,3
Jatun,kiljaeden,288,monk,windwalker,6,3,3
Denaras,rivendare,288,monk,windwalker,6,3,3
Kúrios,azralon,288,monk,windwalker,6,3,3
Zonianman,tichondrius,288,monk,windwalker,6,3,3
Akumuh,tichondrius,288,monk,windwalker,6,3,3
Rín,dalaran,288,monk,windwalker,6,3,3
Spaaca,kelthuzad,288,monk,windwalker,6,3,3
Rhonco,quelthalas,288,monk,windwalker,6,3,3
Tonkchi,khaz-modan,288,monk,windwalker,6,3,3
ßluedream,dalaran,288,monk,windwalker,6,3,3
Fysicalx,stormrage,288,monk,windwalker,6,3,3
Rumlee,sargeras,288,monk,windwalker,6,3,3
Momkisserl,sargeras,288,monk,windwalker,6,3,3
Shogún,frostmourne,288,monk,windwalker,6,3,3
Camz,darkspear,288,monk,windwalker,6,3,3
Thalassassin,bleeding-hollow,288,monk,windwalker,6,3,3
Rùbý,illidan,288,monk,windwalker,6,3,3
Bogez,area-52,288,monk,windwalker,6,3,3
Catnïpaddïct,sargeras,288,monk,windwalker,6,3,3
Swurvex,bleeding-hollow,288,monk,windwalker,6,3,3
Daspmonk,nagrand,288,monk,windwalker,6,3,3
Weffty,illidan,288,monk,windwalker,6,3,3
Monklad,malganis,288,monk,windwalker,6,3,3
Highaskite,tichondrius,288,monk,windwalker,6,3,3
Mfmiscreant,illidan,288,monk,windwalker,6,3,3
Ggjudo,sargeras,288,monk,windwalker,6,3,3
Hábìtz,area-52,288,monk,windwalker,6,3,3
Deleeto,sargeras,288,monk,windwalker,6,3,3
Nosmonk,aegwynn,288,monk,windwalker,6,3,3
Sýññ,illidan,288,monk,windwalker,6,3,3
Spamrsk,area-52,288,monk,windwalker,6,3,3
Delvor,malygos,288,monk,windwalker,6,3,3
Valurfu,malganis,288,monk,windwalker,6,3,3
Kallandron,thunderhorn,288,monk,windwalker,6,3,3
Fistsofbeans,area-52,288,monk,windwalker,6,3,3
Drunksyco,proudmoore,288,monk,windwalker,6,3,3
Bunnynoodle,gnomeregan,288,monk,windwalker,6,3,3
Carmelfist,kargath,288,monk,windwalker,6,3,3
Liilo,rivendare,288,monk,windwalker,6,3,3
Worldpvp,nerzhul,288,monk,windwalker,6,3,3
Maserati,azjolnerub,288,monk,windwalker,6,3,3
Stickyglue,moon-guard,288,monk,windwalker,6,3,3
Bubblekit,nerzhul,288,monk,windwalker,6,3,3
Ichiros,cenarion-circle,288,monk,windwalker,6,3,3
Paylong,ragnaros,288,monk,windwalker,6,3,3
Reflexsivex,malganis,288,monk,windwalker,6,3,3
Rolybones,boulderfist,288,monk,windwalker,6,3,3
Sugmi,barthilas,288,monk,windwalker,6,3,3
Muffinz,shattered-halls,288,monk,windwalker,6,3,3
Mcfluffey,area-52,288,monk,windwalker,6,3,3
Lackofsleep,tichondrius,288,monk,windwalker,6,3,3
Conterkick,stormrage,288,monk,windwalker,6,3,3
Mgisloth,sargeras,288,monk,windwalker,6,3,3
Hungfuu,tichondrius,288,monk,windwalker,6,3,3
Bromonster,zuljin,288,monk,windwalker,6,3,3
Powchen,ragnaros,288,monk,windwalker,6,3,3
Gulmokk,tichondrius,288,monk,windwalker,6,3,3
Eggrolla,area-52,288,monk,windwalker,6,3,3
Atezo,tichondrius,288,monk,windwalker,6,3,3
Frogepoge,area-52,288,monk,windwalker,6,3,3
Legolos,runetotem,288,monk,windwalker,6,3,3
Goodluck,madoran,288,monk,windwalker,6,3,3
Zubon,draenor,288,monk,windwalker,10,3,7
Snorf,lightbringer,288,monk,windwalker,12,3,9
Natörr,dalaran,288,monk,windwalker,12,3,9
Kickxy,sargeras,288,monk,windwalker,12,3,9
Khnum,fizzcrank,288,monk,windwalker,12,3,9
Wwx,whisperwind,288,monk,windwalker,12,3,9
Dragoncubano,tichondrius,288,monk,windwalker,12,3,9
Atarii,emerald-dream,288,monk,windwalker,12,3,9
Paramendic,frostwolf,288,monk,windwalker,12,3,9
Senseixww,sargeras,288,monk,windwalker,12,3,9
Saohta,quelthalas,288,monk,windwalker,12,3,9
Meatcleave,kiljaeden,288,monk,windwalker,12,3,9
Minicoco,barthilas,288,monk,windwalker,12,3,9
Aangg,madoran,288,monk,windwalker,12,3,9
Shizzyowoxd,bleeding-hollow,288,monk,windwalker,12,3,9
Messym,illidan,288,monk,windwalker,12,3,9
Zamzae,tichondrius,288,monk,windwalker,12,3,9
Joreg,moon-guard,288,monk,windwalker,12,3,9
Kthanïd,ragnaros,288,monk,windwalker,12,3,9
Donn,illidan,288,monk,windwalker,12,3,9
Nevertilted,tichondrius,288,monk,windwalker,12,3,9
Raviolipolie,sargeras,288,monk,windwalker,12,3,9
Howlit,illidan,288,monk,windwalker,12,3,9
Tofugoku,area-52,288,monk,windwalker,12,3,9
Postmark,tichondrius,288,monk,windwalker,12,3,9
Tenfingers,dalaran,288,monk,windwalker,12,3,9
Bvndo,illidan,288,monk,windwalker,12,3,9
Wrynnerverse,tichondrius,288,monk,windwalker,12,3,9
Keloxx,ragnaros,288,monk,windwalker,12,3,9
Setzua,cairne,288,monk,windwalker,12,3,9
Fistrboi,tichondrius,288,monk,windwalker,18,3,15
Obozo,frostmourne,288,monk,windwalker,18,3,15
Bleikem,ragnaros,287,monk,windwalker,6,3,3
Brewmooser,area-52,287,monk,windwalker,6,3,3
Kaila,laughing-skull,287,monk,windwalker,12,3,9
Dafuqk,stormrage,256,monk,windwalker,16,3,13
Tbh,moon-guard,255,monk,windwalker,8,4,4
Kalitariouss,exodar,255,monk,windwalker,11,3,8
Hellrosennin,area-52,239,monk,windwalker,5,3,2
Plumber,ursin,239,monk,windwalker,5,3,2
Swimsmonk,bleeding-hollow,239,monk,windwalker,5,3,2
Cátfishbiily,frostmourne,234,monk,windwalker,11,6,5
Imperio,stormrage,234,monk,windwalker,8,4,4
Klamfu,thrall,192,monk,windwalker,4,3,1
Mùk,tichondrius,192,monk,windwalker,4,3,1
Musclemanx,tichondrius,192,monk,windwalker,6,2,4
Induhca,area-52,192,monk,windwalker,6,2,4
Senzmist,lightbringer,192,monk,windwalker,6,2,4
Lìpz,zuljin,192,monk,windwalker,6,2,4
Rouladecave,zuljin,192,monk,windwalker,6,2,4
Pisswalker,area-52,192,monk,windwalker,6,2,4
Deyasth,zuljin,192,monk,windwalker,6,2,4
Feverdreams,deathwing,192,monk,windwalker,6,2,4
Phien,area-52,192,monk,windwalker,6,2,4
Théwy,tichondrius,192,monk,windwalker,6,2,4
Seshiro,area-52,192,monk,windwalker,6,2,4
Fuzzie,hyjal,192,monk,windwalker,6,2,4
Merrell,area-52,192,monk,windwalker,6,2,4
Dabses,tichondrius,192,monk,windwalker,6,2,4
Robocto,area-52,192,monk,windwalker,6,2,4
Averagéjoe,tichondrius,192,monk,windwalker,6,2,4
Sleeks,bonechewer,192,monk,windwalker,6,2,4
Pvptone,bleeding-hollow,192,monk,windwalker,6,2,4
Sudoyo,tichondrius,192,monk,windwalker,6,2,4
Xarra,bleeding-hollow,192,monk,windwalker,6,2,4
Salanzoww,bleeding-hollow,192,monk,windwalker,6,2,4
Takazawas,bonechewer,192,monk,windwalker,6,2,4
Streetcreds,bleeding-hollow,192,monk,windwalker,6,2,4
Ramhemi,kiljaeden,192,monk,windwalker,6,2,4
Yopper,tichondrius,192,monk,windwalker,6,2,4
Strongmandan,twisting-nether,192,monk,windwalker,6,2,4
Mangoxdd,kelthuzad,192,monk,windwalker,6,2,4
Brëwslee,twisting-nether,192,monk,windwalker,6,2,4
Friardave,kiljaeden,192,monk,windwalker,6,2,4
Hsi,kelthuzad,192,monk,windwalker,6,2,4
Hossdelgadoe,kiljaeden,192,monk,windwalker,6,2,4
Weslolz,kiljaeden,192,monk,windwalker,6,2,4
Bhoredom,kiljaeden,192,monk,windwalker,6,2,4
Meidan,azralon,192,monk,windwalker,6,2,4
Kitfisty,kiljaeden,192,monk,windwalker,6,2,4
Dyress,area-52,192,monk,windwalker,6,2,4
Zengawd,magtheridon,192,monk,windwalker,6,2,4
Rumblewrex,magtheridon,192,monk,windwalker,6,2,4
Kakusanni,nemesis,192,monk,windwalker,6,2,4
Monkbro,altar-of-storms,192,monk,windwalker,6,2,4
Smungus,bloodscalp,192,monk,windwalker,6,2,4
Undmonge,azralon,192,monk,windwalker,6,2,4
Flicksx,arthas,192,monk,windwalker,6,2,4
Xeus,darkspear,192,monk,windwalker,6,2,4
Hóruus,azralon,192,monk,windwalker,6,2,4
Heävenly,kelthuzad,192,monk,windwalker,6,2,4
Sukrit,darkspear,192,monk,windwalker,6,2,4
Itakebigpoop,dalaran,192,monk,windwalker,6,2,4
Boeingair,kelthuzad,192,monk,windwalker,6,2,4
Ðudü,azralon,192,monk,windwalker,6,2,4
Xoulee,stormrage,192,monk,windwalker,6,2,4
Brønsøn,kelthuzad,192,monk,windwalker,6,2,4
Furrykisser,tichondrius,192,monk,windwalker,6,2,4
Kuraluna,proudmoore,192,monk,windwalker,6,2,4
Omenga,malganis,192,monk,windwalker,6,2,4
Sizerp,stormrage,192,monk,windwalker,6,2,4
Dragoro,exodar,192,monk,windwalker,6,2,4
Brodabren,proudmoore,192,monk,windwalker,6,2,4
Blåcked,thrall,192,monk,windwalker,6,2,4
Tadaku,dalaran,192,monk,windwalker,6,2,4
Toxicaff,dalaran,192,monk,windwalker,6,2,4
Hutmok,dalaran,192,monk,windwalker,6,2,4
Fistpumps,thrall,192,monk,windwalker,6,2,4
Privix,tichondrius,192,monk,windwalker,6,2,4
Sinistuhm,tichondrius,192,monk,windwalker,6,2,4
Yenizä,illidan,192,monk,windwalker,6,2,4
Dakunitsu,illidan,192,monk,windwalker,6,2,4
Lonebamboo,tichondrius,192,monk,windwalker,6,2,4
Závior,emerald-dream,192,monk,windwalker,6,2,4
Gøldéngødx,tichondrius,192,monk,windwalker,6,2,4
Defacen,illidan,192,monk,windwalker,6,2,4
Bubblewater,illidan,192,monk,windwalker,6,2,4
Prf,ragnaros,192,monk,windwalker,6,2,4
Krimla,suramar,192,monk,windwalker,6,2,4
ßrochacho,area-52,192,monk,windwalker,6,2,4
Spirits,dreadmaul,192,monk,windwalker,6,2,4
Miyagio,windrunner,192,monk,windwalker,6,2,4
Halfapizza,sargeras,192,monk,windwalker,6,2,4
Monkash,sargeras,192,monk,windwalker,6,2,4
Mîstchievous,sargeras,192,monk,windwalker,6,2,4
Akiiko,draenor,192,monk,windwalker,6,2,4
Fuchizaki,ragnaros,192,monk,windwalker,6,2,4
Toryfists,sargeras,192,monk,windwalker,6,2,4
Mtnbrew,sargeras,192,monk,windwalker,6,2,4
Jüdo,barthilas,192,monk,windwalker,6,2,4
Camulogeno,quelthalas,192,monk,windwalker,6,2,4
Trillek,firetree,192,monk,windwalker,6,2,4
Weendwolker,moon-guard,192,monk,windwalker,6,2,4
Noget,frostmourne,192,monk,windwalker,6,2,4
Vulpirino,drakkari,192,monk,windwalker,6,2,4
Möösê,moon-guard,192,monk,windwalker,6,2,4
Dailyllama,moon-guard,192,monk,windwalker,6,2,4
Taringa,drakkari,192,monk,windwalker,6,2,4
Thöran,ragnaros,192,monk,windwalker,6,2,4
Upcoming,moon-guard,192,monk,windwalker,6,2,4
Jadiel,quelthalas,192,monk,windwalker,6,2,4
Metaxzy,sargeras,192,monk,windwalker,6,2,4
Gracesowner,moon-guard,192,monk,windwalker,6,2,4
Sù,moon-guard,192,monk,windwalker,6,2,4
Puraimu,sargeras,192,monk,windwalker,6,2,4
Høruss,quelthalas,192,monk,windwalker,6,2,4
Hydraoxy,moon-guard,192,monk,windwalker,6,2,4
Guyfíeri,velen,192,monk,windwalker,8,2,6
ßwç,tichondrius,192,monk,windwalker,11,2,9
Ellicool,frostmourne,192,monk,windwalker,12,2,10
Pongo,kelthuzad,192,monk,windwalker,12,2,10
Eliwenn,ragnaros,192,monk,windwalker,12,2,10
Motivmonk,uldum,192,monk,windwalker,12,2,10
Imafqnbaby,tichondrius,192,monk,windwalker,12,2,10
Rugis,moon-guard,192,monk,windwalker,12,2,10
Chnko,sargeras,192,monk,windwalker,12,2,10
Xiashu,moon-guard,192,monk,windwalker,12,2,10
Bruceflea,gurubashi,192,monk,windwalker,18,2,16
Staypuftmm,tichondrius,191,monk,windwalker,6,2,4
Thormonk,maiev,191,monk,windwalker,6,2,4
Kipao,deathwing,191,monk,windwalker,12,2,10
Lemonstrong,caelestrasz,159,monk,windwalker,5,2,3
Lazy,shattered-halls,159,monk,windwalker,5,2,3
Wheatsli,malganis,159,monk,windwalker,5,2,3
Goku,frostmourne,159,monk,windwalker,5,2,3
Fendi,stormrage,159,monk,windwalker,5,2,3
Shenlong,jaedenar,159,monk,windwalker,6,2,4
Spicybrew,tichondrius,138,monk,windwalker,18,7,11
Heartsies,sargeras,128,monk,windwalker,4,2,2
Dinko,area-52,128,monk,windwalker,4,2,2
Maxamonk,stormrage,128,monk,windwalker,4,2,2
Monkwayz,emerald-dream,96,monk,windwalker,3,2,1
Jayjaybrew,area-52,96,monk,windwalker,3,2,1
Chongal,whisperwind,96,monk,windwalker,3,2,1
Vanishm,ragnaros,96,monk,windwalker,3,2,1
Bastilaqt,korgath,96,monk,windwalker,6,1,5
Murgleh,misha,96,monk,windwalker,6,1,5
Fiztingfaded,area-52,96,monk,windwalker,6,1,5
Gavix,tichondrius,96,monk,windwalker,6,1,5
Quartzmonkey,zuljin,96,monk,windwalker,6,1,5
Cerocool,hyjal,96,monk,windwalker,6,1,5
Vanaxi,moon-guard,96,monk,windwalker,6,1,5
Rileyreidfan,azjolnerub,96,monk,windwalker,6,1,5
Kåelarayn,moon-guard,96,monk,windwalker,6,1,5
Zinque,emerald-dream,96,monk,windwalker,6,1,5
Dasubb,crushridge,96,monk,windwalker,6,1,5
Jh,korgath,96,monk,windwalker,6,1,5
Moistmandy,tichondrius,96,monk,windwalker,6,1,5
Chipócluda,ragnaros,96,monk,windwalker,6,1,5
Furrwalker,tichondrius,96,monk,windwalker,6,1,5
Lartridia,malganis,96,monk,windwalker,6,1,5
Æsir,moon-guard,96,monk,windwalker,6,1,5
Bussyweaver,sargeras,96,monk,windwalker,6,1,5
Sanemi,amanthul,96,monk,windwalker,6,1,5
Lainerya,moon-guard,96,monk,windwalker,6,1,5
Wâtchmefist,stormrage,96,monk,windwalker,6,1,5
Blacdaryl,destromath,96,monk,windwalker,6,1,5
Stratachi,malganis,96,monk,windwalker,6,1,5
Jg,staghelm,96,monk,windwalker,6,1,5
Mooper,madoran,96,monk,windwalker,6,1,5
Teewin,area-52,96,monk,windwalker,6,1,5
Frisbees,kelthuzad,96,monk,windwalker,6,1,5
Pwap,moon-guard,96,monk,windwalker,6,1,5
Boomboomspin,illidan,96,monk,windwalker,6,1,5
Buddaba,tichondrius,96,monk,windwalker,6,1,5
Srgtbingo,azgalor,96,monk,windwalker,6,1,5
Boopthefist,moon-guard,96,monk,windwalker,6,1,5
Memurk,bleeding-hollow,96,monk,windwalker,6,1,5
Predict,stormrage,96,monk,windwalker,6,1,5
Xstepfister,tichondrius,96,monk,windwalker,6,1,5
Antimoine,saurfang,96,monk,windwalker,6,1,5
Comical,malygos,96,monk,windwalker,6,1,5
Pléb,kelthuzad,96,monk,windwalker,6,1,5
Pandacottoco,azralon,96,monk,windwalker,6,1,5
Brewswillis,veknilash,96,monk,windwalker,6,1,5
Gràvy,cenarion-circle,96,monk,windwalker,6,1,5
Friëden,quelthalas,96,monk,windwalker,6,1,5
Yípman,uldum,96,monk,windwalker,6,1,5
Minimonki,bleeding-hollow,96,monk,windwalker,6,1,5
Cloudsinger,hellscream,96,monk,windwalker,6,1,5
Munnk,stormreaver,96,monk,windwalker,6,1,5
Hama,aerie-peak,96,monk,windwalker,6,1,5
Monkanome,gilneas,96,monk,windwalker,6,1,5
Ischys,kelthuzad,96,monk,windwalker,6,1,5
Nbatrap,stormrage,96,monk,windwalker,6,1,5
Achillêz,illidan,96,monk,windwalker,6,1,5
Monkyo,magtheridon,96,monk,windwalker,6,1,5
Banidiin,moon-guard,96,monk,windwalker,6,1,5
Imingleejr,illidan,96,monk,windwalker,6,1,5
Gablle,tol-barad,96,monk,windwalker,6,1,5
Srshy,drakkari,96,monk,windwalker,6,1,5
Monkspanka,nemesis,96,monk,windwalker,6,1,5
Duquee,drakkari,96,monk,windwalker,6,1,5
Cystweaver,dalaran,96,monk,windwalker,6,1,5
Sìrtankallot,stormrage,96,monk,windwalker,6,1,5
Çhïtrÿx,darkspear,96,monk,windwalker,6,1,5
Kablam,frostmourne,96,monk,windwalker,6,1,5
Djanira,nemesis,96,monk,windwalker,6,1,5
Çlôûd,illidan,96,monk,windwalker,6,1,5
Emßerly,thrall,96,monk,windwalker,6,1,5
Quaria,moon-guard,96,monk,windwalker,6,1,5
Kegwalker,earthen-ring,96,monk,windwalker,6,1,5
Piccolo,emerald-dream,96,monk,windwalker,6,1,5
Giriom,thrall,96,monk,windwalker,6,1,5
Catchmyhånds,dalaran,96,monk,windwalker,6,1,5
Netang,emerald-dream,96,monk,windwalker,6,1,5
Tmtricks,tichondrius,96,monk,windwalker,6,1,5
Vullac,tichondrius,96,monk,windwalker,6,1,5
Espanasan,dalaran,96,monk,windwalker,6,1,5
Nanocybersec,tichondrius,96,monk,windwalker,6,1,5
Papafist,tichondrius,96,monk,windwalker,6,1,5
Respek,darkspear,96,monk,windwalker,6,1,5
Tákeöff,sargeras,96,monk,windwalker,6,1,5
Siserfister,sargeras,96,monk,windwalker,6,1,5
Windlordx,illidan,96,monk,windwalker,6,1,5
Mikuohashi,amanthul,96,monk,windwalker,8,1,7
Cmon,icecrown,96,monk,windwalker,12,1,11
Tuskytwofist,kargath,96,monk,windwalker,12,1,11
Saruyo,frostmourne,96,monk,windwalker,12,1,11
Scips,fizzcrank,96,monk,windwalker,12,1,11
Choyou,bleeding-hollow,84,monk,windwalker,18,5,13
Discurzed,barthilas,79,monk,windwalker,5,1,4
Ventoosh,tichondrius,79,monk,windwalker,11,1,10
Hít,bonechewer,64,monk,windwalker,4,1,3
Criminall,aegwynn,64,monk,windwalker,4,1,3
Xíaozhi,ragnaros,64,monk,windwalker,4,1,3
Zhatafaq,ragnaros,48,monk,windwalker,3,1,2
Stumpling,earthen-ring,42,monk,windwalker,10,3,7
Kreese,rivendare,42,monk,windwalker,9,2,7
Alzen,tichondrius,42,monk,windwalker,9,2,7
Ssjchi,dalaran,31,monk,windwalker,2,1,1
Cosetteb,proudmoore,31,monk,windwalker,2,1,1
Notamønk,bonechewer,31,monk,windwalker,2,1,1
Macbeth,the-scryers,16,monk,windwalker,1,1,0
Pambelé,quelthalas,16,monk,windwalker,1,1,0
Dûbs,malganis,16,monk,windwalker,1,1,0
Overwhelm,muradin,2200,paladin,holy,82,49,33
Dreathhammer,muradin,2198,paladin,holy,119,64,55
Tmborn,tichondrius,2168,paladin,holy,171,90,81
Rèxpéi,area-52,2157,paladin,holy,84,48,36
Shxz,illidan,2135,paladin,holy,72,45,27
Pattar,area-52,2107,paladin,holy,96,49,47
Digglesx,area-52,2097,paladin,holy,102,49,53
Sunita,arthas,2080,paladin,holy,207,107,100
Caveyodeler,zuluhed,2060,paladin,holy,101,56,45
Eskerda,nemesis,2010,paladin,holy,77,38,39
Nickimahoj,tichondrius,1983,paladin,holy,224,114,110
Ilovecanada,sargeras,1979,paladin,holy,82,40,42
Badnold,area-52,1978,paladin,holy,85,39,46
Bilmurii,zuljin,1966,paladin,holy,120,62,58
Thejustice,tichondrius,1963,paladin,holy,198,101,97
Airbad,tichondrius,1962,paladin,holy,83,36,47
Saacbot,area-52,1959,paladin,holy,81,34,47
Flashv,barthilas,1958,paladin,holy,74,40,34
Thejustices,tichondrius,1943,paladin,holy,66,34,32
Holylolz,ragnaros,1934,paladin,holy,424,205,219
Chenzo,exodar,1933,paladin,holy,274,148,126
Angrycubanx,black-dragonflight,1931,paladin,holy,62,30,32
Bubblebuddyx,tichondrius,1927,paladin,holy,160,74,86
Flõw,gnomeregan,1919,paladin,holy,84,52,32
Careless,malganis,1918,paladin,holy,102,50,52
Dýstopia,stormrage,1916,paladin,holy,53,26,27
Curator,emerald-dream,1914,paladin,holy,110,53,57
Theebus,tichondrius,1909,paladin,holy,111,49,62
Nyctemavanna,ragnaros,1907,paladin,holy,150,80,70
Scamlikely,tichondrius,1905,paladin,holy,139,75,64
Reverbz,malganis,1892,paladin,holy,174,79,95
Jaywalker,baelgun,1885,paladin,holy,78,45,33
Bubblist,tichondrius,1885,paladin,holy,80,33,47
Lovehan,tichondrius,1884,paladin,holy,69,36,33
Baelsimp,illidan,1884,paladin,holy,114,59,55
Heaven,gurubashi,1879,paladin,holy,88,44,44
Eskerda,azralon,1877,paladin,holy,292,139,153
Hojula,area-52,1870,paladin,holy,34,25,9
Ihaveajob,zuluhed,1870,paladin,holy,84,42,42
Cheerleader,bleeding-hollow,1864,paladin,holy,192,98,94
Chunzhangsqs,tichondrius,1864,paladin,holy,72,36,36
Bravepala,tichondrius,1862,paladin,holy,78,35,43
Duallkore,stormrage,1861,paladin,holy,96,52,44
Hamsti,sargeras,1861,paladin,holy,131,64,67
Braindeadrsj,anetheron,1860,paladin,holy,263,137,126
Adrizzyx,barthilas,1855,paladin,holy,54,29,25
Varies,kelthuzad,1854,paladin,holy,64,32,32
Airbusx,tichondrius,1854,paladin,holy,111,47,64
Ddeuk,tichondrius,1850,paladin,holy,693,357,336
Scrubbinton,zuljin,1850,paladin,holy,114,58,56
Csupremacy,tichondrius,1848,paladin,holy,111,53,58
Ðáxø,sargeras,1846,paladin,holy,48,25,23
Tiernoo,illidan,1844,paladin,holy,407,209,198
Citylights,tichondrius,1842,paladin,holy,147,82,65
Bombboyoz,area-52,1840,paladin,holy,126,62,64
Skillenjoyer,tichondrius,1839,paladin,holy,78,49,29
Censy,tichondrius,1839,paladin,holy,54,31,23
Bobthemad,illidan,1838,paladin,holy,59,33,26
Bushyy,tichondrius,1838,paladin,holy,54,26,28
Cynthianna,tichondrius,1834,paladin,holy,422,215,207
Ðáx,sargeras,1833,paladin,holy,237,119,118
Judgejim,barthilas,1832,paladin,holy,321,158,163
Sojupapi,area-52,1827,paladin,holy,245,122,123
Ppgdx,azralon,1826,paladin,holy,78,34,44
Esd,kelthuzad,1825,paladin,holy,95,43,52
Twichy,tichondrius,1822,paladin,holy,48,26,22
Cyphinx,darkspear,1822,paladin,holy,103,48,55
Memnoche,frostmane,1821,paladin,holy,89,53,36
Mvpj,medivh,1821,paladin,holy,217,117,100
Sacbubldead,area-52,1820,paladin,holy,126,79,47
Perfect,crushridge,1820,paladin,holy,56,28,28
Deadlyassian,sargeras,1819,paladin,holy,100,54,46
Everrlasting,tichondrius,1818,paladin,holy,78,39,39
Beejae,stormreaver,1818,paladin,holy,83,40,43
Zilea,kiljaeden,1818,paladin,holy,102,44,58
Bahkax,tichondrius,1815,paladin,holy,181,110,71
Fonypally,tichondrius,1815,paladin,holy,332,171,161
Waifu,area-52,1813,paladin,holy,36,22,14
Fukndibs,kiljaeden,1811,paladin,holy,172,85,87
Mctacos,proudmoore,1810,paladin,holy,30,23,7
Dyppally,moon-guard,1810,paladin,holy,131,65,66
Mercedez,bleeding-hollow,1809,paladin,holy,136,72,64
Softsister,tichondrius,1809,paladin,holy,114,57,57
Bravepl,tichondrius,1808,paladin,holy,73,28,45
Dracfire,zuljin,1807,paladin,holy,45,24,21
Taurenheit,area-52,1807,paladin,holy,458,236,222
Xciss,kiljaeden,1807,paladin,holy,434,219,215
Dalirah,illidan,1806,paladin,holy,75,46,29
Pallice,queldorei,1806,paladin,holy,156,80,76
Zetsubõ,stormrage,1806,paladin,holy,54,24,30
Truluck,area-52,1805,paladin,holy,165,83,82
Sd,kelthuzad,1804,paladin,holy,131,62,69
Ængelic,barthilas,1803,paladin,holy,202,107,95
Zunit,laughing-skull,1803,paladin,holy,70,31,39
Lesauceboss,tichondrius,1802,paladin,holy,70,30,40
Wtbmana,frostmourne,1801,paladin,holy,72,39,33
Zacháry,sargeras,1801,paladin,holy,374,199,175
Virabelle,gurubashi,1801,paladin,holy,66,33,33
Tylennis,archimonde,1801,paladin,holy,172,82,90
Richpiana,nathrezim,1800,paladin,holy,106,60,46
Saveursavior,bleeding-hollow,1799,paladin,holy,304,161,143
Kevinthecube,nerzhul,1797,paladin,holy,60,44,16
Sde,kelthuzad,1792,paladin,holy,162,75,87
Barcie,lothar,1789,paladin,holy,120,54,66
Chobbler,tichondrius,1788,paladin,holy,66,26,40
Amourranth,stormrage,1785,paladin,holy,52,30,22
Notalkyna,kelthuzad,1778,paladin,holy,78,48,30
Raigha,stormrage,1772,paladin,holy,104,58,46
Chenzio,garona,1766,paladin,holy,139,82,57
Zpsychotycx,tichondrius,1762,paladin,holy,115,72,43
Odriew,sargeras,1762,paladin,holy,48,23,25
Hps,argent-dawn,1759,paladin,holy,42,22,20
Bpalaax,kelthuzad,1755,paladin,holy,233,122,111
Veejayx,tichondrius,1752,paladin,holy,92,44,48
Mangoflash,malganis,1748,paladin,holy,113,53,60
Garbagepally,scilla,1747,paladin,holy,59,24,35
Nerfretpls,area-52,1739,paladin,holy,84,43,41
Colepal,zuljin,1739,paladin,holy,120,51,69
Holymooie,frostmourne,1736,paladin,holy,66,34,32
Insthy,illidan,1729,paladin,holy,229,115,114
Denke,thrall,1729,paladin,holy,78,37,41
Cewekmbek,barthilas,1727,paladin,holy,48,19,29
Peggy,azralon,1724,paladin,holy,51,27,24
Hats,icecrown,1724,paladin,holy,269,135,134
Fixyouz,mannoroth,1718,paladin,holy,118,55,63
Miswalkpally,ragnaros,1714,paladin,holy,61,29,32
Dwarrior,quelthalas,1714,paladin,holy,109,50,59
Wuhbp,illidan,1704,paladin,holy,106,58,48
Oing,tichondrius,1703,paladin,holy,134,77,57
Saintcassi,wyrmrest-accord,1703,paladin,holy,132,68,64
Bombboyozjr,area-52,1701,paladin,holy,36,24,12
Mattc,tichondrius,1701,paladin,holy,101,47,54
Showtíme,steamwheedle-cartel,1697,paladin,holy,31,19,12
Picorii,frostmourne,1697,paladin,holy,48,22,26
Killmoth,illidan,1696,paladin,holy,485,243,242
Ckaïnë,stormrage,1693,paladin,holy,110,57,53
Fortold,bloodhoof,1692,paladin,holy,54,23,31
Taargaryenn,tichondrius,1688,paladin,holy,111,58,53
Saibasita,tichondrius,1686,paladin,holy,100,66,34
Kustp,tichondrius,1686,paladin,holy,201,113,88
Uxe,zuljin,1686,paladin,holy,132,59,73
Rachaelucky,malganis,1681,paladin,holy,36,18,18
Rhönin,illidan,1676,paladin,holy,48,26,22
Tenêbrae,area-52,1674,paladin,holy,52,33,19
Bpalaayo,kelthuzad,1673,paladin,holy,146,65,81
Keyap,illidan,1670,paladin,holy,90,44,46
Hongwoosang,tichondrius,1670,paladin,holy,242,110,132
Center,ragnaros,1669,paladin,holy,47,22,25
Sologriefer,sargeras,1666,paladin,holy,216,106,110
Lubed,aegwynn,1665,paladin,holy,62,32,30
Quertz,sargeras,1664,paladin,holy,267,151,116
Imshmackedd,darkspear,1663,paladin,holy,84,35,49
Purmabanned,tichondrius,1662,paladin,holy,51,28,23
Fary,malganis,1661,paladin,holy,36,20,16
Slexpala,tichondrius,1661,paladin,holy,42,20,22
Brynnhild,stormrage,1659,paladin,holy,162,83,79
Ivan,tichondrius,1659,paladin,holy,136,62,74
Dgpaladin,tichondrius,1658,paladin,holy,79,44,35
Blessthfall,bleeding-hollow,1658,paladin,holy,62,23,39
Sacridas,fizzcrank,1657,paladin,holy,36,20,16
Ricopal,frostmourne,1656,paladin,holy,54,24,30
Nemiha,tichondrius,1655,paladin,holy,95,45,50
Madorian,bleeding-hollow,1655,paladin,holy,101,47,54
Vitabro,bleeding-hollow,1653,paladin,holy,245,136,109
Rhönin,sargeras,1652,paladin,holy,60,25,35
Bubbleofil,barthilas,1649,paladin,holy,65,39,26
Odiinn,stormscale,1648,paladin,holy,275,145,130
Lalatinaford,amanthul,1647,paladin,holy,76,44,32
Beyondsausag,malganis,1646,paladin,holy,219,102,117
Lindnerxo,malganis,1646,paladin,holy,54,23,31
Hoonjojjyanp,tichondrius,1645,paladin,holy,71,36,35
Thorfinaa,moon-guard,1644,paladin,holy,77,40,37
Boklahoma,stormrage,1643,paladin,holy,36,25,11
Ppgddxx,azralon,1643,paladin,holy,30,18,12
Pseudoret,tichondrius,1640,paladin,holy,36,24,12
Sàga,hyjal,1640,paladin,holy,135,69,66
Dazargeros,moon-guard,1638,paladin,holy,132,66,66
Abellpally,tichondrius,1638,paladin,holy,66,31,35
Ajlol,thrall,1638,paladin,holy,48,22,26
Evylinn,burning-legion,1637,paladin,holy,240,123,117
Gaelinar,tichondrius,1637,paladin,holy,60,29,31
Prettylightx,kelthuzad,1636,paladin,holy,382,195,187
Sadamell,tichondrius,1634,paladin,holy,44,26,18
Solfire,stormreaver,1634,paladin,holy,123,61,62
Leonilx,tichondrius,1633,paladin,holy,36,23,13
Leonideez,moon-guard,1633,paladin,holy,117,56,61
Enzõ,illidan,1632,paladin,holy,48,26,22
Arcanux,thrall,1632,paladin,holy,72,32,40
Drossp,illidan,1631,paladin,holy,30,19,11
Rhunon,dalaran,1631,paladin,holy,78,41,37
Roundbutts,stormrage,1631,paladin,holy,62,32,30
Shazuwu,illidan,1630,paladin,holy,30,17,13
Bebebig,tichondrius,1630,paladin,holy,306,166,140
Kelosia,bonechewer,1630,paladin,holy,48,20,28
Gazapal,thrall,1628,paladin,holy,168,95,73
Mijikai,proudmoore,1626,paladin,holy,54,23,31
Songminsu,proudmoore,1625,paladin,holy,99,47,52
Deepnasty,galakrond,1624,paladin,holy,215,110,105
Bërzerk,zuluhed,1624,paladin,holy,121,59,62
Piïls,sargeras,1623,paladin,holy,42,20,22
Drisx,sargeras,1622,paladin,holy,136,70,66
Xotama,moon-guard,1622,paladin,holy,42,21,21
Apally,drakthul,1621,paladin,holy,72,32,40
Bopbotx,area-52,1621,paladin,holy,49,17,32
Stompedlawl,illidan,1620,paladin,holy,42,20,22
Moonmi,tichondrius,1619,paladin,holy,217,122,95
Retsincewod,zuluhed,1619,paladin,holy,78,41,37
Denthus,dragonmaw,1619,paladin,holy,101,50,51
Klam,kelthuzad,1618,paladin,holy,180,91,89
Flow,spinebreaker,1617,paladin,holy,71,32,39
Trevmagoosey,tichondrius,1616,paladin,holy,56,26,30
Caitthegreat,malorne,1613,paladin,holy,42,23,19
Nelliellx,tichondrius,1613,paladin,holy,48,21,27
Minefujiko,tichondrius,1612,paladin,holy,423,216,207
Kynndra,azralon,1612,paladin,holy,48,21,27
Vmxp,barthilas,1611,paladin,holy,94,56,38
Kaseywyd,bonechewer,1609,paladin,holy,124,66,58
Defensezone,tichondrius,1609,paladin,holy,128,57,71
Jealp,sargeras,1608,paladin,holy,42,26,16
Roundhere,area-52,1608,paladin,holy,30,18,12
Naxzy,quelthalas,1608,paladin,holy,46,27,19
Larryhoova,malganis,1608,paladin,holy,36,20,16
Crâfty,bleeding-hollow,1608,paladin,holy,83,45,38
Forsakenlite,sargeras,1606,paladin,holy,90,41,49
Ricardão,emerald-dream,1605,paladin,holy,493,247,246
Ellyarian,emerald-dream,1604,paladin,holy,72,34,38
Madsama,quelthalas,1603,paladin,holy,87,47,40
Sekitar,ragnaros,1603,paladin,holy,185,95,90
Xcuse,tichondrius,1603,paladin,holy,200,100,100
Orphandog,zuljin,1600,paladin,holy,29,21,8
Gjoker,azralon,1600,paladin,holy,42,25,17
Fâmed,tichondrius,1600,paladin,holy,109,60,49
Gospel,duskwood,1600,paladin,holy,125,65,60
Zergmé,executus,1599,paladin,holy,96,48,48
Jiraya,nemesis,1598,paladin,holy,79,39,40
Landrysdad,malorne,1596,paladin,holy,78,35,43
Repèntance,stormrage,1595,paladin,holy,60,34,26
Arevia,stormrage,1595,paladin,holy,30,17,13
Caobobby,tichondrius,1593,paladin,holy,133,69,64
Paladinaiko,nemesis,1591,paladin,holy,153,75,78
Asherm,moon-guard,1590,paladin,holy,98,48,50
Runihaveaids,stormrage,1589,paladin,holy,292,150,142
Sprjustice,frostmourne,1589,paladin,holy,42,20,22
Ascion,tichondrius,1588,paladin,holy,143,69,74
Kensyzs,tichondrius,1588,paladin,holy,96,37,59
Dodgeandhoj,nerzhul,1587,paladin,holy,61,32,29
Holycowisroy,illidan,1585,paladin,holy,54,26,28
Stephon,area-52,1582,paladin,holy,114,49,65
Bushÿ,tichondrius,1580,paladin,holy,134,74,60
Baitur,zuljin,1580,paladin,holy,73,37,36
Chonsic,darkspear,1580,paladin,holy,143,67,76
Emmipal,tichondrius,1579,paladin,holy,36,17,19
Sevenword,tichondrius,1577,paladin,holy,67,38,29
Bigoldman,tichondrius,1577,paladin,holy,96,51,45
Bopthebomb,sargeras,1576,paladin,holy,89,42,47
Ironjudge,hakkar,1576,paladin,holy,76,32,44
Konvi,tichondrius,1575,paladin,holy,195,96,99
Donkeydumper,wyrmrest-accord,1573,paladin,holy,148,86,62
Hammersdown,stormrage,1571,paladin,holy,98,62,36
Avengom,tichondrius,1571,paladin,holy,441,217,224
Mfn,tichondrius,1569,paladin,holy,42,21,21
Doktavius,lightbringer,1568,paladin,holy,29,20,9
Aluríel,quelthalas,1568,paladin,holy,56,28,28
Condone,earthen-ring,1568,paladin,holy,120,59,61
Friendfriend,proudmoore,1567,paladin,holy,58,22,36
Santiagolol,ragnaros,1567,paladin,holy,53,20,33
Babaganôush,illidan,1566,paladin,holy,81,42,39
Zhula,nerzhul,1565,paladin,holy,66,39,27
Peelmeree,kelthuzad,1565,paladin,holy,36,18,18
Lenosail,tichondrius,1565,paladin,holy,41,20,21
Hônòr,thrall,1564,paladin,holy,51,29,22
Erikx,smolderthorn,1564,paladin,holy,126,68,58
Zoeyxo,tichondrius,1563,paladin,holy,92,47,45
Jeromee,area-52,1562,paladin,holy,89,43,46
Amiigo,tichondrius,1562,paladin,holy,103,48,55
Brumm,quelthalas,1561,paladin,holy,113,59,54
Holybussy,sargeras,1561,paladin,holy,82,38,44
Albeii,frostmourne,1560,paladin,holy,148,76,72
Castleknight,tichondrius,1560,paladin,holy,95,44,51
Dorski,tichondrius,1559,paladin,holy,29,17,12
Dageraad,tichondrius,1557,paladin,holy,36,18,18
Senorbaxter,emerald-dream,1557,paladin,holy,66,27,39
Gwok,thrall,1556,paladin,holy,247,127,120
Montageflav,illidan,1554,paladin,holy,56,27,29
Holygutzz,barthilas,1551,paladin,holy,71,28,43
Crabsaladpal,illidan,1550,paladin,holy,112,62,50
Vaerume,sargeras,1550,paladin,holy,129,70,59
Raxadin,stormrage,1550,paladin,holy,63,34,29
Kyriexo,sargeras,1549,paladin,holy,96,45,51
Nodenom,blackrock,1548,paladin,holy,55,29,26
Whalesx,thrall,1547,paladin,holy,40,20,20
Splashleyy,bleeding-hollow,1546,paladin,holy,345,173,172
Zayiro,eonar,1544,paladin,holy,42,20,22
Bushys,tichondrius,1543,paladin,holy,104,48,56
Discordnitro,illidan,1541,paladin,holy,48,26,22
Riptonix,stormrage,1540,paladin,holy,121,66,55
Avahir,moon-guard,1539,paladin,holy,132,65,67
Yubur,illidan,1538,paladin,holy,55,21,34
Shijielol,tichondrius,1537,paladin,holy,49,24,25
Slüg,bleeding-hollow,1536,paladin,holy,264,134,130
Xuantianchai,tichondrius,1536,paladin,holy,42,18,24
Narcissism,emerald-dream,1534,paladin,holy,24,16,8
Sinfolly,whisperwind,1534,paladin,holy,160,79,81
Graceyrae,tichondrius,1533,paladin,holy,92,55,37
Cynical,dalvengyr,1533,paladin,holy,138,78,60
Twìceborn,emerald-dream,1533,paladin,holy,92,49,43
Tigranes,proudmoore,1533,paladin,holy,64,33,31
Borngood,tichondrius,1533,paladin,holy,36,16,20
Tristx,illidan,1533,paladin,holy,64,25,39
Jdxqt,darkspear,1532,paladin,holy,119,57,62
Molki,tichondrius,1529,paladin,holy,128,71,57
Whitekao,illidan,1528,paladin,holy,30,16,14
Paladanim,tichondrius,1528,paladin,holy,125,49,76
Gorgona,illidan,1527,paladin,holy,125,61,64
Pála,dalaran,1527,paladin,holy,260,124,136
Iamguess,stormscale,1525,paladin,holy,78,36,42
Penpal,sargeras,1524,paladin,holy,57,26,31
Kidstable,nathrezim,1523,paladin,holy,70,27,43
Humañ,tichondrius,1522,paladin,holy,78,41,37
Ramzäbeoulve,tichondrius,1521,paladin,holy,292,148,144
Éætûgýäëí,area-52,1521,paladin,holy,83,32,51
Beyönd,quelthalas,1520,paladin,holy,78,39,39
Scoopzi,frostmourne,1518,paladin,holy,104,51,53
Drägonmynuts,tichondrius,1517,paladin,holy,151,65,86
Stophamrtime,barthilas,1516,paladin,holy,102,51,51
Sanasana,spirestone,1515,paladin,holy,177,98,79
Kencyz,tichondrius,1515,paladin,holy,80,39,41
Sheriff,tanaris,1515,paladin,holy,83,38,45
Bestpally,alterac-mountains,1514,paladin,holy,24,18,6
Obllivionn,wildhammer,1514,paladin,holy,54,23,31
Louisvuttiøn,tichondrius,1514,paladin,holy,94,39,55
Ahvenger,bonechewer,1513,paladin,holy,72,31,41
Lightleadsme,sargeras,1512,paladin,holy,588,305,283
Teenytoots,burning-legion,1512,paladin,holy,135,53,82
Boomda,tichondrius,1511,paladin,holy,256,128,128
Lindsans,illidan,1509,paladin,holy,48,32,16
Luminainre,zuljin,1509,paladin,holy,228,111,117
Bosat,drakkari,1509,paladin,holy,48,19,29
Holyknight,veknilash,1508,paladin,holy,101,50,51
Kusunoki,kelthuzad,1506,paladin,holy,59,31,28
Cubic,wyrmrest-accord,1506,paladin,holy,107,52,55
Pasda,frostmourne,1506,paladin,holy,83,34,49
Bringbackrmp,tichondrius,1505,paladin,holy,112,56,56
Kdex,tichondrius,1505,paladin,holy,84,37,47
Hogù,tichondrius,1504,paladin,holy,54,28,26
Santiadin,ragnaros,1504,paladin,holy,62,29,33
Nontheism,malganis,1504,paladin,holy,84,38,46
Ooppa,proudmoore,1503,paladin,holy,149,71,78
Doofum,stormrage,1503,paladin,holy,131,58,73
Pandahorn,tichondrius,1501,paladin,holy,66,29,37
Ageroÿ,sargeras,1500,paladin,holy,68,34,34
Rodrigo,frostmourne,1499,paladin,holy,81,39,42
Handsomedan,twisting-nether,1499,paladin,holy,102,47,55
Kbot,zuljin,1497,paladin,holy,27,19,8
Percüles,sargeras,1497,paladin,holy,86,49,37
Trivv,illidan,1495,paladin,holy,227,112,115
Rezmefool,tichondrius,1494,paladin,holy,187,95,92
Guerrie,hyjal,1494,paladin,holy,103,50,53
Haitishammer,stormrage,1494,paladin,holy,78,37,41
Lightkillerx,thrall,1494,paladin,holy,84,37,47
Stinkysmelly,chogall,1492,paladin,holy,28,18,10
Criaharn,turalyon,1491,paladin,holy,301,143,158
Tyranoss,azralon,1491,paladin,holy,42,16,26
Crüst,proudmoore,1490,paladin,holy,306,154,152
Lhpal,ragnaros,1489,paladin,holy,71,40,31
Xanarïs,kiljaeden,1489,paladin,holy,84,41,43
Goldirock,quelthalas,1489,paladin,holy,54,26,28
Nickiminhoj,stormrage,1488,paladin,holy,51,29,22
Bubblet,bleeding-hollow,1488,paladin,holy,46,22,24
Berseus,tichondrius,1488,paladin,holy,261,123,138
Wrathbourne,sargeras,1487,paladin,holy,52,19,33
Irunnal,kelthuzad,1486,paladin,holy,53,33,20
Neurôtoxins,frostmourne,1485,paladin,holy,119,59,60
Ibury,quelthalas,1484,paladin,holy,303,144,159
Vodokus,area-52,1484,paladin,holy,130,60,70
Yuuichi,moon-guard,1484,paladin,holy,124,53,71
Guerrer,hyjal,1482,paladin,holy,663,332,331
Arral,malganis,1480,paladin,holy,78,40,38
Regivan,nemesis,1479,paladin,holy,42,16,26
Aulty,sargeras,1479,paladin,holy,77,28,49
Fredward,bleeding-hollow,1478,paladin,holy,35,18,17
Jiberish,illidan,1478,paladin,holy,157,74,83
Dewlight,zuljin,1477,paladin,holy,161,77,84
Vamplyy,kelthuzad,1477,paladin,holy,66,31,35
Goldensmile,frostmourne,1476,paladin,holy,54,27,27
Dimix,sargeras,1476,paladin,holy,65,32,33
Droopyz,quelthalas,1475,paladin,holy,126,59,67
Thelac,dalaran,1474,paladin,holy,85,41,44
Ryhighh,sargeras,1474,paladin,holy,141,68,73
Zenkk,sargeras,1473,paladin,holy,96,43,53
Tèhflip,tichondrius,1471,paladin,holy,66,35,31
Renteria,sargeras,1471,paladin,holy,36,19,17
Celsica,kelthuzad,1471,paladin,holy,183,89,94
Judgemode,the-scryers,1468,paladin,holy,96,41,55
Sixty,sargeras,1467,paladin,holy,65,32,33
Swordstrikes,tichondrius,1467,paladin,holy,53,26,27
Ryhighdi,sargeras,1467,paladin,holy,48,22,26
Carbonero,stormrage,1467,paladin,holy,60,25,35
Buqi,barthilas,1466,paladin,holy,81,35,46
Maeyz,sargeras,1465,paladin,holy,132,68,64
Regivän,azralon,1464,paladin,holy,108,49,59
Mayru,ragnaros,1464,paladin,holy,79,35,44
Traumaboy,terenas,1463,paladin,holy,87,44,43
Gotomars,tichondrius,1463,paladin,holy,131,66,65
Danpros,azralon,1462,paladin,holy,84,34,50
Hughmyron,stormrage,1461,paladin,holy,40,24,16
Cohesion,draenor,1461,paladin,holy,88,40,48
Wokeinator,malganis,1459,paladin,holy,339,178,161
Viviana,shadowmoon,1459,paladin,holy,70,35,35
Daenrahh,azralon,1458,paladin,holy,194,99,95
Kencyxx,tichondrius,1456,paladin,holy,84,38,46
Wonpaiv,frostmourne,1456,paladin,holy,53,21,32
Ivanx,tichondrius,1455,paladin,holy,27,16,11
Gankstapwn,tichondrius,1455,paladin,holy,59,27,32
Aldrion,stormrage,1455,paladin,holy,130,59,71
Harryhui,tichondrius,1454,paladin,holy,54,27,27
Jässy,muradin,1454,paladin,holy,101,46,55
Bakoø,tichondrius,1453,paladin,holy,95,49,46
Ckemosabe,emerald-dream,1453,paladin,holy,68,30,38
Maín,tichondrius,1451,paladin,holy,34,16,18
Handyandy,kelthuzad,1450,paladin,holy,118,61,57
Palladomal,azralon,1450,paladin,holy,102,52,50
Kriegmeister,amanthul,1448,paladin,holy,75,38,37
Atelva,moon-guard,1447,paladin,holy,197,107,90
Kihluxo,frostmourne,1446,paladin,holy,101,56,45
Allitharis,tichondrius,1446,paladin,holy,130,67,63
Ryhigh,sargeras,1446,paladin,holy,113,50,63
Holyterror,dentarg,1444,paladin,holy,54,29,25
Jorik,lightbringer,1444,paladin,holy,53,24,29
Boundric,emerald-dream,1443,paladin,holy,72,31,41
Shatar,zuluhed,1443,paladin,holy,48,17,31
Holyprotectr,tichondrius,1442,paladin,holy,30,17,13
Pallydestroy,stormrage,1441,paladin,holy,24,16,8
Cykcp,burning-legion,1441,paladin,holy,72,34,38
Notdjalex,zuljin,1440,paladin,holy,30,19,11
Canny,emerald-dream,1439,paladin,holy,30,16,14
Unbreakable,antonidas,1438,paladin,holy,121,72,49
Noback,ragnaros,1438,paladin,holy,78,37,41
Blarr,azshara,1437,paladin,holy,126,53,73
Sigmapepe,quelthalas,1436,paladin,holy,96,52,44
Papaa,nemesis,1436,paladin,holy,347,178,169
Ocean,sargeras,1436,paladin,holy,36,15,21
Chowdar,proudmoore,1434,paladin,holy,132,62,70
Hawtwangs,proudmoore,1432,paladin,holy,114,63,51
Xinqingle,tichondrius,1432,paladin,holy,587,298,289
Loganholy,tichondrius,1432,paladin,holy,30,15,15
Wonpai,frostmourne,1431,paladin,holy,69,31,38
Thrandeill,bleeding-hollow,1428,paladin,holy,57,34,23
Solarcity,tichondrius,1428,paladin,holy,52,30,22
Vêgenace,proudmoore,1428,paladin,holy,45,21,24
Gcmd,black-dragonflight,1427,paladin,holy,30,16,14
Lyticmartyr,bleeding-hollow,1427,paladin,holy,48,24,24
Anderentonso,tichondrius,1426,paladin,holy,78,37,41
Fleshoflíght,azjolnerub,1426,paladin,holy,71,32,39
Sacrumtheos,mannoroth,1426,paladin,holy,41,18,23
Zakath,the-underbog,1426,paladin,holy,78,33,45
Devöut,aggramar,1425,paladin,holy,217,104,113
Iramm,gallywix,1424,paladin,holy,42,22,20
Ricemang,kiljaeden,1424,paladin,holy,552,277,275
Shagalaga,tichondrius,1424,paladin,holy,322,155,167
Serendipidy,bleeding-hollow,1423,paladin,holy,116,49,67
Realpalada,tichondrius,1422,paladin,holy,119,52,67
Maltheon,crushridge,1421,paladin,holy,65,30,35
Athenadel,malganis,1420,paladin,holy,30,15,15
Flareous,moon-guard,1420,paladin,holy,54,24,30
Jpwx,barthilas,1419,paladin,holy,30,15,15
Vajuicy,dalaran,1418,paladin,holy,30,15,15
Mywifeisbad,tichondrius,1417,paladin,holy,48,34,14
Holyhades,auchindoun,1417,paladin,holy,210,111,99
Decalli,tichondrius,1417,paladin,holy,69,35,34
Xöchïqüëtzäl,tichondrius,1416,paladin,holy,35,18,17
Loyantal,tichondrius,1416,paladin,holy,42,19,23
Dartpuncher,frostmourne,1414,paladin,holy,120,63,57
Archerxx,ragnaros,1413,paladin,holy,30,15,15
Xuanxingchai,tichondrius,1413,paladin,holy,72,30,42
Roderik,kargath,1413,paladin,holy,36,15,21
Irhcsaone,hakkar,1412,paladin,holy,48,26,22
Lothnalar,ragnaros,1412,paladin,holy,102,49,53
Paradisso,tichondrius,1411,paladin,holy,30,17,13
Alphanerd,burning-blade,1410,paladin,holy,73,40,33
Valius,tichondrius,1409,paladin,holy,30,21,9
Quadrifoglio,moon-guard,1409,paladin,holy,205,106,99
Racketyman,illidan,1409,paladin,holy,41,19,22
Brioc,tichondrius,1407,paladin,holy,42,24,18
Vasar,tichondrius,1406,paladin,holy,37,26,11
Granitei,quelthalas,1406,paladin,holy,74,37,37
Omfgitsyang,tichondrius,1405,paladin,holy,58,31,27
Rìan,tichondrius,1405,paladin,holy,36,18,18
Nume,nesingwary,1404,paladin,holy,102,51,51
Lilfingered,malganis,1403,paladin,holy,101,56,45
Nxkita,sargeras,1403,paladin,holy,54,28,26
Nilin,tichondrius,1403,paladin,holy,66,32,34
Kokomö,kelthuzad,1403,paladin,holy,71,33,38
Dlt,frostmourne,1402,paladin,holy,30,16,14
Kenric,quelthalas,1402,paladin,holy,155,77,78
Fiate,azralon,1402,paladin,holy,54,24,30
Nanøha,frostmourne,1402,paladin,holy,88,26,62
Hoopzz,illidan,1401,paladin,holy,123,55,68
Lightupx,stormrage,1401,paladin,holy,114,50,64
Arturias,kiljaeden,1400,paladin,holy,78,38,40
Aslanamir,illidan,1400,paladin,holy,78,36,42
Delilahxoxo,mugthol,1400,paladin,holy,75,33,42
Gompa,bleeding-hollow,1399,paladin,holy,36,22,14
Wálker,ragnaros,1399,paladin,holy,98,48,50
Palapoxi,arygos,1399,paladin,holy,113,55,58
Smitty,korgath,1399,paladin,holy,58,27,31
Talantyr,zuljin,1398,paladin,holy,48,23,25
Tandury,tichondrius,1397,paladin,holy,139,76,63
Cjqcjq,tichondrius,1397,paladin,holy,118,54,64
Fabîan,guldan,1395,paladin,holy,42,22,20
Dadcantsac,frostmourne,1395,paladin,holy,87,41,46
Liamo,amanthul,1395,paladin,holy,55,25,30
Indemnity,wildhammer,1394,paladin,holy,93,49,44
Ashley,sargeras,1394,paladin,holy,47,24,23
Krackanut,kelthuzad,1394,paladin,holy,42,19,23
Cbm,tichondrius,1393,paladin,holy,55,30,25
Wodlim,azralon,1393,paladin,holy,82,33,49
Technicolour,frostmourne,1392,paladin,holy,54,26,28
Slygonjinn,area-52,1392,paladin,holy,48,21,27
Saxmurderz,tichondrius,1389,paladin,holy,70,43,27
Danyuel,zuljin,1389,paladin,holy,92,40,52
Nepnade,stormrage,1388,paladin,holy,77,43,34
Zavop,tichondrius,1388,paladin,holy,50,24,26
Chedis,mugthol,1388,paladin,holy,137,65,72
Sapphiros,tichondrius,1388,paladin,holy,68,25,43
Summercarma,area-52,1387,paladin,holy,27,15,12
Chor,tichondrius,1386,paladin,holy,34,20,14
Rainx,shuhalo,1385,paladin,holy,58,30,28
Glørythrives,tichondrius,1385,paladin,holy,111,48,63
Holyramen,illidan,1384,paladin,holy,267,126,141
Rg,nerzhul,1383,paladin,holy,273,130,143
Samaze,tichondrius,1382,paladin,holy,138,66,72
Rarth,nemesis,1382,paladin,holy,71,27,44
Uprise,chogall,1378,paladin,holy,90,45,45
Scorcholdman,tichondrius,1377,paladin,holy,53,21,32
Doorii,tichondrius,1377,paladin,holy,47,18,29
Cirillah,quelthalas,1376,paladin,holy,48,27,21
Leónrey,stormrage,1376,paladin,holy,92,33,59
Rhaegan,nemesis,1374,paladin,holy,103,53,50
Mânz,zuljin,1374,paladin,holy,88,35,53
Kektrixia,tichondrius,1372,paladin,holy,48,28,20
Darillas,tichondrius,1372,paladin,holy,40,17,23
Hearthledger,ragnaros,1371,paladin,holy,77,39,38
Lu,the-venture-co,1371,paladin,holy,34,15,19
Mastadin,illidan,1370,paladin,holy,42,20,22
Relil,frostmourne,1370,paladin,holy,36,15,21
Massivesac,frostmourne,1369,paladin,holy,36,22,14
Jimmipepe,quelthalas,1369,paladin,holy,42,24,18
Qadosh,sargeras,1368,paladin,holy,32,17,15
Tig,alleria,1368,paladin,holy,43,21,22
Shaidd,bleeding-hollow,1368,paladin,holy,77,34,43
Marybopins,darkspear,1367,paladin,holy,83,50,33
Mellidi,azralon,1367,paladin,holy,42,23,19
Saeranella,moon-guard,1366,paladin,holy,106,44,62
Paladinaa,lothar,1364,paladin,holy,104,41,63
Enuug,malfurion,1362,paladin,holy,108,62,46
Sinay,azshara,1362,paladin,holy,163,88,75
Röniin,ragnaros,1362,paladin,holy,421,219,202
Alessan,nemesis,1362,paladin,holy,49,25,24
Gorilla,kiljaeden,1362,paladin,holy,65,15,50
Rengen,frostmourne,1360,paladin,holy,42,22,20
Zephyrvalor,sargeras,1360,paladin,holy,48,18,30
Kamadopkgd,tichondrius,1359,paladin,holy,24,16,8
Doominusx,tichondrius,1359,paladin,holy,42,24,18
Pallygeniusx,stormrage,1359,paladin,holy,212,108,104
Choonsly,tichondrius,1356,paladin,holy,69,36,33
Marretaoloco,stormrage,1355,paladin,holy,65,29,36
Lightswitchx,stormrage,1355,paladin,holy,42,16,26
Saphri,kiljaeden,1354,paladin,holy,468,235,233
Fedpowell,tichondrius,1354,paladin,holy,35,15,20
Catechism,laughing-skull,1353,paladin,holy,50,28,22
Hamen,frostwolf,1353,paladin,holy,59,31,28
Donoph,blades-edge,1352,paladin,holy,62,30,32
Lucciuzz,tichondrius,1352,paladin,holy,98,46,52
Clussy,barthilas,1351,paladin,holy,39,21,18
Septicyogurt,tichondrius,1351,paladin,holy,67,29,38
Galabanja,malganis,1350,paladin,holy,42,24,18
Oralen,daggerspine,1350,paladin,holy,66,31,35
Emrys,frostmourne,1349,paladin,holy,69,38,31
Ingrìd,ragnaros,1346,paladin,holy,24,17,7
Superzero,area-52,1346,paladin,holy,286,144,142
Monts,azralon,1346,paladin,holy,102,51,51
Kirilx,vashj,1346,paladin,holy,90,44,46
Flippo,sargeras,1346,paladin,holy,36,17,19
Hruuhwa,wyrmrest-accord,1345,paladin,holy,46,24,22
Piura,stormreaver,1345,paladin,holy,48,23,25
Holymorph,tichondrius,1343,paladin,holy,58,25,33
Dazztrain,barthilas,1342,paladin,holy,30,15,15
Harke,drakkari,1341,paladin,holy,63,35,28
Amadeo,hyjal,1341,paladin,holy,155,71,84
Darithos,moon-guard,1341,paladin,holy,118,53,65
Evanlina,bleeding-hollow,1340,paladin,holy,33,18,15
Babylonfive,zuluhed,1340,paladin,holy,430,217,213
Aberos,stonemaul,1340,paladin,holy,87,33,54
Ivyy,rivendare,1339,paladin,holy,52,23,29
Htmlar,tichondrius,1338,paladin,holy,75,41,34
Taiion,proudmoore,1338,paladin,holy,78,40,38
Salivan,darkspear,1338,paladin,holy,45,22,23
Stormzy,zuljin,1338,paladin,holy,98,46,52
Xiaoladin,frostmourne,1337,paladin,holy,25,16,9
Güido,stormrage,1337,paladin,holy,42,23,19
Leonrey,stormrage,1337,paladin,holy,43,21,22
Aiakus,lightbringer,1336,paladin,holy,30,15,15
Palazin,frostmourne,1336,paladin,holy,234,106,128
Riporeo,rexxar,1334,paladin,holy,42,27,15
Mabia,tichondrius,1334,paladin,holy,257,129,128
Holysplonk,stonemaul,1334,paladin,holy,108,51,57
Finerkane,quelthalas,1334,paladin,holy,138,62,76
Emptyjump,eredar,1333,paladin,holy,24,17,7
Therealdeal,sargeras,1332,paladin,holy,77,41,36
Mcllovin,kiljaeden,1330,paladin,holy,72,34,38
Buri,tichondrius,1330,paladin,holy,42,17,25
Kaiten,drakkari,1330,paladin,holy,36,14,22
Quarall,blackhand,1329,paladin,holy,154,80,74
Phinnik,tichondrius,1329,paladin,holy,250,125,125
Syrenz,khazgoroth,1327,paladin,holy,42,24,18
Ashgrim,kiljaeden,1327,paladin,holy,77,37,40
Madnhairy,zuljin,1327,paladin,holy,42,20,22
Jiaofu,illidan,1326,paladin,holy,33,19,14
Jezëbel,azralon,1326,paladin,holy,101,52,49
Clare,burning-blade,1325,paladin,holy,161,76,85
Minereth,quelthalas,1324,paladin,holy,65,32,33
Rhamadicinu,frostmourne,1324,paladin,holy,355,174,181
Alcaedra,shadowsong,1324,paladin,holy,92,45,47
Jordenz,bonechewer,1324,paladin,holy,30,14,16
Consecrated,daggerspine,1324,paladin,holy,75,30,45
Affrika,ysondre,1323,paladin,holy,128,66,62
Zantdemption,frostmourne,1322,paladin,holy,30,15,15
Wukongsunn,dalaran,1322,paladin,holy,84,41,43
Powerassasin,tichondrius,1322,paladin,holy,42,20,22
Oîn,area-52,1322,paladin,holy,30,14,16
Waldir,silver-hand,1322,paladin,holy,132,60,72
Mawning,kelthuzad,1321,paladin,holy,226,114,112
Bakoo,tichondrius,1321,paladin,holy,90,44,46
Uneazyxx,tichondrius,1321,paladin,holy,36,14,22
Herakleitos,firetree,1320,paladin,holy,129,65,64
Tryvor,stormrage,1320,paladin,holy,72,29,43
Yogafire,kelthuzad,1319,paladin,holy,85,46,39
Atarrio,illidan,1319,paladin,holy,30,14,16
Jaenus,azralon,1318,paladin,holy,102,50,52
Jurjen,quelthalas,1318,paladin,holy,30,14,16
Andantìno,tichondrius,1317,paladin,holy,47,21,26
Omnni,tichondrius,1316,paladin,holy,63,35,28
Valandiel,proudmoore,1315,paladin,holy,61,15,46
Liv,lightnings-blade,1314,paladin,holy,127,61,66
Rett,chogall,1313,paladin,holy,26,17,9
Ozpal,burning-blade,1313,paladin,holy,59,35,24
Dumpytrucks,sargeras,1313,paladin,holy,60,32,28
Hodl,barthilas,1313,paladin,holy,113,58,55
Heálbót,tichondrius,1311,paladin,holy,112,58,54
Liå,frostmourne,1311,paladin,holy,194,95,99
Daphillen,frostmourne,1309,paladin,holy,59,33,26
Mianheyo,quelthalas,1309,paladin,holy,71,38,33
Goodwood,ghostlands,1309,paladin,holy,133,62,71
Nrpzy,stormrage,1307,paladin,holy,131,57,74
Palltard,illidan,1307,paladin,holy,77,32,45
Bricker,barthilas,1306,paladin,holy,141,72,69
Bulgecranker,tichondrius,1306,paladin,holy,84,41,43
Errant,bonechewer,1305,paladin,holy,53,31,22
Thiccholy,deathwing,1305,paladin,holy,194,107,87
Agravaine,moon-guard,1304,paladin,holy,52,23,29
Beerüs,crushridge,1303,paladin,holy,66,36,30
Rxi,shadowmoon,1302,paladin,holy,36,19,17
Twck,hyjal,1302,paladin,holy,191,92,99
Dreadrot,azralon,1302,paladin,holy,50,24,26
Ironpaladin,sargeras,1302,paladin,holy,110,49,61
Dueprøcess,elune,1301,paladin,holy,30,16,14
Sorkar,tichondrius,1301,paladin,holy,129,66,63
Solanin,frostmourne,1301,paladin,holy,90,45,45
Konesky,dalaran,1300,paladin,holy,107,53,54
Holyiseasy,alleria,1299,paladin,holy,41,16,25
Sventyn,frostmourne,1298,paladin,holy,85,47,38
Dóminos,quelthalas,1298,paladin,holy,48,24,24
Galearn,ragnaros,1298,paladin,holy,30,14,16
Borntocoom,stormrage,1296,paladin,holy,24,14,10
Chewiipal,dalaran,1296,paladin,holy,93,52,41
Ehbowlskesk,zuljin,1295,paladin,holy,38,20,18
Chånïng,frostmourne,1295,paladin,holy,48,20,28
Beefin,dalaran,1293,paladin,holy,67,37,30
Weenustickle,barthilas,1293,paladin,holy,70,25,45
Dispirit,the-forgotten-coast,1292,paladin,holy,85,53,32
Pradå,tichondrius,1292,paladin,holy,24,14,10
Jacobhowda,tichondrius,1292,paladin,holy,54,25,29
Malicarion,drakthul,1290,paladin,holy,54,23,31
Ziggzag,hyjal,1289,paladin,holy,108,57,51
Botburger,stormrage,1288,paladin,holy,48,21,27
Korvén,area-52,1287,paladin,holy,54,31,23
Strecka,emerald-dream,1286,paladin,holy,48,27,21
Andrilsteh,malganis,1286,paladin,holy,76,39,37
Jdpala,zuljin,1286,paladin,holy,183,86,97
Lørdthemar,azralon,1286,paladin,holy,60,26,34
Odintrapstar,burning-legion,1286,paladin,holy,54,23,31
Tenlorian,illidan,1285,paladin,holy,24,15,9
Colbroggins,crushridge,1285,paladin,holy,50,26,24
Supercutee,malganis,1281,paladin,holy,34,14,20
Beeodin,malganis,1278,paladin,holy,51,16,35
Holywhiteguy,emerald-dream,1277,paladin,holy,46,28,18
Yadiyadiyada,barthilas,1277,paladin,holy,81,44,37
Cudiskush,tichondrius,1276,paladin,holy,57,33,24
Dimior,quelthalas,1276,paladin,holy,60,30,30
Whiteknight,kilrogg,1275,paladin,holy,30,17,13
Darkbringer,frostmourne,1275,paladin,holy,82,42,40
Tropicorn,proudmoore,1275,paladin,holy,96,47,49
Heniou,tichondrius,1275,paladin,holy,71,32,39
Galeras,norgannon,1274,paladin,holy,274,130,144
Impaler,gorefiend,1272,paladin,holy,112,46,66
Deidei,blood-furnace,1271,paladin,holy,35,21,14
Shorthordeon,kelthuzad,1270,paladin,holy,118,67,51
Gyps,blackwater-raiders,1270,paladin,holy,54,28,26
Coltlocks,sargeras,1270,paladin,holy,84,42,42
Hulksmash,terenas,1270,paladin,holy,89,38,51
Árrest,tichondrius,1269,paladin,holy,30,16,14
Malakor,thrall,1267,paladin,holy,139,68,71
Merll,ragnaros,1267,paladin,holy,121,58,63
Zakh,proudmoore,1266,paladin,holy,80,37,43
Pallin,sargeras,1264,paladin,holy,90,41,49
Palastik,malganis,1264,paladin,holy,59,24,35
Sneakypal,dalaran,1263,paladin,holy,58,22,36
Îcandy,stormrage,1262,paladin,holy,36,20,16
Motoa,stormrage,1262,paladin,holy,36,19,17
Vurian,uther,1262,paladin,holy,96,38,58
Beefyjones,illidan,1261,paladin,holy,99,53,46
Hèró,barthilas,1261,paladin,holy,30,16,14
Fuzed,frostmourne,1261,paladin,holy,192,98,94
Kromthael,burning-blade,1260,paladin,holy,36,18,18
Klamindor,emerald-dream,1259,paladin,holy,66,30,36
Randuir,proudmoore,1258,paladin,holy,68,38,30
Lafasíta,ragnaros,1257,paladin,holy,36,19,17
Etlas,windrunner,1257,paladin,holy,42,21,21
Brenenk,quelthalas,1257,paladin,holy,65,32,33
Imabandagins,bleeding-hollow,1257,paladin,holy,109,52,57
Einjerhar,quelthalas,1257,paladin,holy,78,35,43
Troypolamalu,dark-iron,1255,paladin,holy,30,14,16
Thorgard,antonidas,1252,paladin,holy,114,65,49
Faileeria,malganis,1250,paladin,holy,48,34,14
Zarrakra,daggerspine,1249,paladin,holy,36,16,20
Friedpaladin,frostmourne,1248,paladin,holy,107,54,53
Maleguz,azralon,1248,paladin,holy,447,221,226
Elutherios,tichondrius,1247,paladin,holy,54,26,28
Phpremium,dalaran,1246,paladin,holy,30,13,17
Freyr,deathwing,1245,paladin,holy,44,24,20
Silvermind,tichondrius,1244,paladin,holy,30,17,13
Burgermeat,bleeding-hollow,1244,paladin,holy,75,36,39
Akromma,drakkari,1243,paladin,holy,65,35,30
Vidalia,barthilas,1243,paladin,holy,41,20,21
Shámder,quelthalas,1243,paladin,holy,65,28,37
Agert,bloodhoof,1243,paladin,holy,122,48,74
Ëd,moon-guard,1242,paladin,holy,215,113,102
Alicê,moon-guard,1242,paladin,holy,30,13,17
Holyslapy,illidan,1241,paladin,holy,101,52,49
Bonz,ragnaros,1241,paladin,holy,52,25,27
Møcha,moon-guard,1241,paladin,holy,62,28,34
Herroprease,frostmane,1241,paladin,holy,30,13,17
Scarlet,skywall,1241,paladin,holy,30,13,17
Tyriam,stormscale,1240,paladin,holy,24,15,9
Deepsearide,illidan,1240,paladin,holy,168,87,81
Imfynch,sargeras,1240,paladin,holy,42,21,21
Dboly,frostmourne,1239,paladin,holy,126,62,64
Fatsoo,sargeras,1239,paladin,holy,93,39,54
Joshington,stormrage,1238,paladin,holy,133,54,79
Angelguards,tichondrius,1237,paladin,holy,18,13,5
Bubblepigo,tichondrius,1237,paladin,holy,69,38,31
Anatnof,malganis,1237,paladin,holy,30,16,14
Kristienna,boulderfist,1236,paladin,holy,35,16,19
Hamburgeryu,tichondrius,1236,paladin,holy,42,13,29
Psuito,ragnaros,1234,paladin,holy,66,33,33
Judgynomnom,the-underbog,1234,paladin,holy,36,13,23
Tuor,nerzhul,1233,paladin,holy,18,13,5
Willprot,illidan,1233,paladin,holy,92,37,55
Kariack,malganis,1231,paladin,holy,30,15,15
Cowladino,tichondrius,1231,paladin,holy,67,33,34
Mitshuki,ragnaros,1230,paladin,holy,58,31,27
Mörphêus,tichondrius,1230,paladin,holy,167,88,79
Holyquadz,elune,1229,paladin,holy,48,24,24
Justizz,vashj,1228,paladin,holy,65,35,30
Paladinomoto,sargeras,1228,paladin,holy,69,35,34
Wëlch,nemesis,1228,paladin,holy,63,29,34
Mobitz,dalvengyr,1228,paladin,holy,36,16,20
Venictus,frostwolf,1227,paladin,holy,24,13,11
Gareyn,moon-guard,1227,paladin,holy,36,14,22
Crocfacex,tichondrius,1226,paladin,holy,46,18,28
Lovesongs,sargeras,1225,paladin,holy,24,13,11
Serca,khadgar,1225,paladin,holy,43,23,20
Dreemie,tichondrius,1225,paladin,holy,84,34,50
Jessuss,shandris,1224,paladin,holy,75,34,41
Szsfstnoob,tichondrius,1224,paladin,holy,30,13,17
Toristan,sargeras,1222,paladin,holy,24,13,11
Miniweiner,proudmoore,1222,paladin,holy,30,13,17
Holyfrénzy,thrall,1222,paladin,holy,49,21,28
Aellithiene,tichondrius,1221,paladin,holy,30,13,17
Krspy,area-52,1220,paladin,holy,18,13,5
Vithar,bleeding-hollow,1218,paladin,holy,227,109,118
Slippyp,darkspear,1217,paladin,holy,41,20,21
Bloodyhull,azralon,1216,paladin,holy,30,22,8
Ùnholypally,jubeithos,1216,paladin,holy,83,44,39
Clehley,turalyon,1215,paladin,holy,78,41,37
Flandrs,the-forgotten-coast,1215,paladin,holy,95,49,46
Myrthedara,kargath,1215,paladin,holy,63,29,34
Saffranzord,azralon,1214,paladin,holy,79,38,41
Moogmodular,malganis,1213,paladin,holy,114,55,59
Hopeyouheal,sargeras,1213,paladin,holy,42,17,25
Salipally,dalaran,1212,paladin,holy,121,54,67
Aneu,kelthuzad,1211,paladin,holy,73,38,35
Bárdokø,ragnaros,1211,paladin,holy,144,72,72
Tizzi,eredar,1210,paladin,holy,23,13,10
Swazanaseger,frostmourne,1209,paladin,holy,96,47,49
Kusotarão,nemesis,1209,paladin,holy,30,13,17
Capedcrusade,area-52,1208,paladin,holy,24,13,11
Krysalid,stormrage,1208,paladin,holy,64,32,32
Ramphastoz,quelthalas,1208,paladin,holy,96,39,57
Yérn,barthilas,1208,paladin,holy,42,15,27
Exxin,turalyon,1207,paladin,holy,137,66,71
Sýteck,sargeras,1207,paladin,holy,36,13,23
Holyredx,bleeding-hollow,1206,paladin,holy,209,109,100
Ramspartan,drakkari,1206,paladin,holy,136,66,70
Hitsilent,warsong,1205,paladin,holy,24,14,10
Whosharted,area-52,1203,paladin,holy,108,63,45
Sôsaboy,tichondrius,1203,paladin,holy,84,46,38
Nikopala,tichondrius,1201,paladin,holy,39,20,19
Sacratess,area-52,1201,paladin,holy,42,19,23
Holyflux,winterhoof,1200,paladin,holy,18,13,5
Aiyoku,illidan,1200,paladin,holy,24,13,11
Maaxxee,zuljin,1200,paladin,holy,27,13,14
Aoishie,bleeding-hollow,1200,paladin,holy,90,40,50
Hammercy,tichondrius,1199,paladin,holy,127,67,60
Boarfarmer,tichondrius,1199,paladin,holy,87,37,50
Eyloi,area-52,1198,paladin,holy,36,13,23
Cnyrla,tichondrius,1195,paladin,holy,22,14,8
Jaycube,frostmourne,1195,paladin,holy,114,45,69
Bubblebooty,drakthul,1194,paladin,holy,86,52,34
Wiley,dark-iron,1194,paladin,holy,54,31,23
Oldgrumpster,stormrage,1194,paladin,holy,270,130,140
Whangsta,tichondrius,1194,paladin,holy,54,23,31
Goldwing,tichondrius,1194,paladin,holy,61,21,40
Envisionate,alterac-mountains,1194,paladin,holy,42,14,28
Toroke,nemesis,1193,paladin,holy,78,43,35
Zealotryjr,tichondrius,1193,paladin,holy,26,14,12
Resterx,nerzhul,1192,paladin,holy,30,14,16
Indooperator,frostmourne,1191,paladin,holy,492,246,246
Swanp,stormrage,1191,paladin,holy,60,26,34
Encantado,thrall,1190,paladin,holy,43,20,23
Chewyjitsu,tichondrius,1190,paladin,holy,105,47,58
Rogrmurtaugh,sargeras,1188,paladin,holy,133,66,67
Burgalveist,azgalor,1187,paladin,holy,67,33,34
Pallythre,proudmoore,1187,paladin,holy,54,23,31
Stompcomp,tichondrius,1186,paladin,holy,200,101,99
Lycheelz,illidan,1184,paladin,holy,66,40,26
Saccerball,tichondrius,1183,paladin,holy,23,13,10
Zyrk,nemesis,1183,paladin,holy,30,14,16
Pambam,thrall,1183,paladin,holy,54,25,29
Granklol,tichondrius,1181,paladin,holy,98,41,57
Holyhali,zuljin,1181,paladin,holy,92,36,56
Kymosolopal,sargeras,1181,paladin,holy,60,20,40
Palaadiin,sargeras,1180,paladin,holy,104,59,45
Dragonchaos,ragnaros,1180,paladin,holy,73,33,40
Sixtynine,nathrezim,1180,paladin,holy,78,35,43
Prosykt,sargeras,1179,paladin,holy,36,14,22
Usa,dark-iron,1178,paladin,holy,64,30,34
Cheliere,kiljaeden,1178,paladin,holy,66,28,38
Daik,proudmoore,1177,paladin,holy,88,47,41
Durendin,bonechewer,1176,paladin,holy,20,13,7
Hulkamaniac,blackhand,1175,paladin,holy,36,17,19
Jestiny,amanthul,1174,paladin,holy,128,63,65
Barbaluzz,quelthalas,1174,paladin,holy,257,123,134
Toesy,area-52,1173,paladin,holy,76,35,41
Hobbsholy,area-52,1173,paladin,holy,143,55,88
Madcandy,illidan,1172,paladin,holy,24,15,9
Belmonte,greymane,1172,paladin,holy,24,15,9
Elizzabeth,skullcrusher,1169,paladin,holy,65,33,32
Undefeatæd,korgath,1169,paladin,holy,82,39,43
Amlovích,quelthalas,1169,paladin,holy,42,18,24
Smackdem,kelthuzad,1168,paladin,holy,54,30,24
Yacè,moon-guard,1167,paladin,holy,39,18,21
Holycownut,area-52,1167,paladin,holy,72,31,41
Kento,quelthalas,1166,paladin,holy,48,23,25
Shockproof,garrosh,1166,paladin,holy,61,28,33
Elladan,illidan,1166,paladin,holy,148,54,94
Mortianna,illidan,1161,paladin,holy,30,15,15
Holodecoy,bleeding-hollow,1161,paladin,holy,60,28,32
Nimadebi,proudmoore,1161,paladin,holy,66,26,40
Sinara,detheroc,1159,paladin,holy,149,71,78
Jazzmatic,dalaran,1157,paladin,holy,53,24,29
Chopsparks,khadgar,1153,paladin,holy,159,79,80
Ej,ragnaros,1151,paladin,holy,24,12,12
Thulêan,moon-guard,1150,paladin,holy,23,13,10
Bignum,illidan,1150,paladin,holy,36,12,24
Cathode,area-52,1149,paladin,holy,24,15,9
Alodor,dalaran,1149,paladin,holy,24,12,12
Boxjang,tichondrius,1149,paladin,holy,24,12,12
Milkovir,quelthalas,1149,paladin,holy,48,12,36
Lòuisvuttion,tichondrius,1148,paladin,holy,18,12,6
Centimus,moon-guard,1147,paladin,holy,24,12,12
Psychorino,tichondrius,1145,paladin,holy,43,16,27
Votasha,tichondrius,1143,paladin,holy,24,12,12
Spikele,barthilas,1143,paladin,holy,36,17,19
Savagegirlz,tichondrius,1143,paladin,holy,93,38,55
Homiepaldino,nordrassil,1143,paladin,holy,30,12,18
Cadap,bleeding-hollow,1142,paladin,holy,30,12,18
Trivana,durotan,1140,paladin,holy,35,17,18
Trustone,emerald-dream,1139,paladin,holy,48,25,23
Buckybarnes,gorefiend,1138,paladin,holy,54,35,19
Elogant,mannoroth,1138,paladin,holy,58,33,25
Pallyspaz,bleeding-hollow,1138,paladin,holy,24,12,12
Xensanity,barthilas,1137,paladin,holy,30,12,18
Blackiron,frostmourne,1137,paladin,holy,50,19,31
Pemodyne,illidan,1137,paladin,holy,106,40,66
Alidarosa,tichondrius,1136,paladin,holy,24,12,12
Lanzzelot,goldrinn,1135,paladin,holy,30,12,18
Holydeciple,emerald-dream,1135,paladin,holy,30,12,18
Youlosth,quelthalas,1133,paladin,holy,36,12,24
Hildibrandt,stormrage,1132,paladin,holy,32,14,18
Lightouch,azuremyst,1132,paladin,holy,72,25,47
Blancaflór,ragnaros,1130,paladin,holy,29,14,15
Ihr,kiljaeden,1130,paladin,holy,129,61,68
Thin,ragnaros,1130,paladin,holy,34,13,21
Vänhélsing,tichondrius,1129,paladin,holy,109,49,60
Negodoskate,nemesis,1128,paladin,holy,223,109,114
Alarter,azralon,1128,paladin,holy,36,13,23
Alipal,area-52,1128,paladin,holy,67,20,47
Paladiung,ragnaros,1126,paladin,holy,42,17,25
Trycider,lightninghoof,1126,paladin,holy,30,12,18
Rajava,gallywix,1125,paladin,holy,92,49,43
Divinetits,sargeras,1121,paladin,holy,84,35,49
Bluemitch,malfurion,1120,paladin,holy,59,25,34
Sloppybobby,zuljin,1119,paladin,holy,30,16,14
Ellisar,kiljaeden,1119,paladin,holy,24,12,12
Caike,frostmourne,1117,paladin,holy,24,12,12
Emojunz,ragnaros,1116,paladin,holy,85,40,45
Diebeatus,zuljin,1116,paladin,holy,108,48,60
Kipow,proudmoore,1116,paladin,holy,36,16,20
Teloniow,quelthalas,1116,paladin,holy,62,27,35
Jaxal,nordrassil,1116,paladin,holy,47,18,29
Veliona,thaurissan,1114,paladin,holy,44,25,19
Tooholy,kiljaeden,1114,paladin,holy,66,25,41
Kamaelyn,proudmoore,1110,paladin,holy,157,76,81
Contémpt,kelthuzad,1109,paladin,holy,72,29,43
Acori,azralon,1108,paladin,holy,39,18,21
Kigz,illidan,1107,paladin,holy,28,12,16
Elaega,hyjal,1107,paladin,holy,33,14,19
Va,onyxia,1106,paladin,holy,834,419,415
Dawnhammer,mugthol,1106,paladin,holy,82,40,42
Kelthor,azralon,1104,paladin,holy,36,18,18
Owllii,frostwolf,1102,paladin,holy,48,29,19
Holysols,zuljin,1102,paladin,holy,24,12,12
Mcpuffin,aggramar,1102,paladin,holy,33,15,18
Lovinglight,zuljin,1101,paladin,holy,30,17,13
Meatburger,stormrage,1101,paladin,holy,54,20,34
Deathlowks,area-52,1100,paladin,holy,54,23,31
Mikeawk,tichondrius,1100,paladin,holy,42,14,28
Lavarball,tichondrius,1098,paladin,holy,41,14,27
Tittanfalls,illidan,1097,paladin,holy,72,36,36
Onecmpeter,kelthuzad,1096,paladin,holy,103,54,49
Guççi,thunderlord,1096,paladin,holy,44,21,23
Ahsys,tichondrius,1096,paladin,holy,77,32,45
Cög,ragnaros,1095,paladin,holy,32,13,19
Oopalaoo,azralon,1094,paladin,holy,70,23,47
Vamir,magtheridon,1093,paladin,holy,48,24,24
Holyginger,barthilas,1091,paladin,holy,164,71,93
Unworn,proudmoore,1087,paladin,holy,66,34,32
Lobõ,ragnaros,1086,paladin,holy,48,18,30
Elsie,ravenholdt,1085,paladin,holy,29,12,17
Elijar,sargeras,1084,paladin,holy,26,13,13
Bunksta,kelthuzad,1084,paladin,holy,64,30,34
Fokatayew,korialstrasz,1084,paladin,holy,67,31,36
Lawroadm,tichondrius,1083,paladin,holy,30,21,9
Paladinkofwa,tichondrius,1082,paladin,holy,39,12,27
Ilillilil,illidan,1081,paladin,holy,30,17,13
Joffrenckss,ragnaros,1079,paladin,holy,36,19,17
Ballsmcgee,bleeding-hollow,1079,paladin,holy,199,84,115
Ahundo,stonemaul,1078,paladin,holy,71,39,32
Shocka,norgannon,1078,paladin,holy,90,48,42
Pathalerix,eonar,1077,paladin,holy,54,23,31
Thãnzir,wyrmrest-accord,1076,paladin,holy,63,21,42
Genethalin,sargeras,1076,paladin,holy,66,21,45
Maldobarr,stormrage,1075,paladin,holy,30,12,18
Rykeran,warsong,1074,paladin,holy,120,66,54
Boostsixty,proudmoore,1074,paladin,holy,48,19,29
Marcopolo,azralon,1071,paladin,holy,41,14,27
Ramhammerz,sargeras,1070,paladin,holy,280,138,142
Vaalbara,fizzcrank,1070,paladin,holy,30,14,16
Paladeena,azshara,1069,paladin,holy,119,68,51
Raqu,laughing-skull,1068,paladin,holy,81,35,46
Resio,illidan,1068,paladin,holy,36,13,23
Xq,aegwynn,1065,paladin,holy,70,33,37
Solef,stormrage,1065,paladin,holy,36,12,24
Mikkylol,tichondrius,1064,paladin,holy,18,13,5
Constantino,hakkar,1064,paladin,holy,24,13,11
Voxoen,bleeding-hollow,1064,paladin,holy,28,13,15
Júpiter,kiljaeden,1064,paladin,holy,40,17,23
Cedinea,wyrmrest-accord,1061,paladin,holy,100,62,38
Kënsi,quelthalas,1060,paladin,holy,254,125,129
Bopanut,illidan,1059,paladin,holy,45,25,20
Hivers,stormrage,1059,paladin,holy,54,24,30
Judginator,boulderfist,1059,paladin,holy,56,18,38
Cephadrome,proudmoore,1058,paladin,holy,42,20,22
Areezoo,tichondrius,1058,paladin,holy,55,25,30
Mèdic,illidan,1057,paladin,holy,62,34,28
Yshida,ragnaros,1057,paladin,holy,96,46,50
Pallypocket,kelthuzad,1056,paladin,holy,64,33,31
Babe,crushridge,1056,paladin,holy,30,11,19
Swellowsx,tichondrius,1055,paladin,holy,18,11,7
Lazio,frostmourne,1055,paladin,holy,24,11,13
Lickmysacx,tichondrius,1055,paladin,holy,30,11,19
Rawpaladin,blackrock,1055,paladin,holy,30,11,19
Rc,tichondrius,1054,paladin,holy,18,11,7
Pality,illidan,1054,paladin,holy,24,11,13
Starfaith,illidan,1054,paladin,holy,93,40,53
Bloodrefuge,tichondrius,1054,paladin,holy,46,12,34
Dunderforce,proudmoore,1053,paladin,holy,18,11,7
Zowolf,quelthalas,1053,paladin,holy,77,37,40
Èmmà,stormrage,1052,paladin,holy,165,80,85
Stingay,nemesis,1052,paladin,holy,24,11,13
Eldessia,wyrmrest-accord,1052,paladin,holy,24,11,13
Reportmyname,jubeithos,1052,paladin,holy,24,11,13
Jonfox,stormrage,1051,paladin,holy,70,35,35
Runterran,illidan,1051,paladin,holy,24,11,13
Notredamefan,emerald-dream,1050,paladin,holy,25,13,12
Prh,frostmourne,1049,paladin,holy,132,66,66
Zxylight,hyjal,1048,paladin,holy,18,11,7
Kolmourn,deathwing,1048,paladin,holy,30,11,19
Palooma,area-52,1047,paladin,holy,72,29,43
Adventholy,tichondrius,1046,paladin,holy,54,27,27
Mundomaloo,quelthalas,1045,paladin,holy,63,31,32
Poofladin,lightbringer,1045,paladin,holy,24,11,13
Freezion,aegwynn,1045,paladin,holy,93,42,51
Lgbtq,trollbane,1044,paladin,holy,30,11,19
Potatopasta,area-52,1042,paladin,holy,18,11,7
Darkwingdad,illidan,1041,paladin,holy,134,69,65
Okx,illidan,1038,paladin,holy,12,11,1
Sutadansa,doomhammer,1038,paladin,holy,95,51,44
Mcduss,proudmoore,1037,paladin,holy,18,11,7
Hawianbread,stormrage,1037,paladin,holy,86,45,41
Overthrrow,kelthuzad,1037,paladin,holy,234,118,116
Hybbo,runetotem,1037,paladin,holy,48,22,26
Biwi,zuljin,1037,paladin,holy,239,109,130
Cloûd,tichondrius,1036,paladin,holy,31,17,14
Ouken,frostmourne,1036,paladin,holy,229,108,121
Jaok,tichondrius,1035,paladin,holy,60,35,25
Paulx,malganis,1034,paladin,holy,93,51,42
Stemi,kelthuzad,1034,paladin,holy,125,47,78
Pheriox,agamaggan,1032,paladin,holy,24,11,13
Kaina,wildhammer,1030,paladin,holy,162,77,85
Saìdelia,moon-guard,1030,paladin,holy,119,53,66
Giita,quelthalas,1030,paladin,holy,43,14,29
Smalldaddy,lightninghoof,1026,paladin,holy,36,11,25
Palqq,tichondrius,1025,paladin,holy,24,11,13
Klansey,magtheridon,1023,paladin,holy,54,30,24
Dragonnet,grizzly-hills,1023,paladin,holy,59,19,40
Allegiance,drenden,1022,paladin,holy,41,23,18
Minouther,area-52,1022,paladin,holy,80,32,48
Joeboomers,tichondrius,1021,paladin,holy,194,96,98
Lexdor,quelthalas,1021,paladin,holy,24,11,13
Tylnish,hyjal,1021,paladin,holy,24,11,13
Räny,quelthalas,1020,paladin,holy,52,25,27
Balanoriaa,azralon,1020,paladin,holy,68,29,39
Callmeweazy,arathor,1017,paladin,holy,64,34,30
Varenka,stormrage,1015,paladin,holy,83,36,47
Sothalas,dalaran,1013,paladin,holy,37,20,17
Erán,quelthalas,1012,paladin,holy,311,151,160
Eradrae,mannoroth,1010,paladin,holy,112,52,60
Sleepadin,shadowsong,1008,paladin,holy,60,30,30
Kithkannon,tichondrius,1007,paladin,holy,51,17,34
Tarnak,kelthuzad,1005,paladin,holy,33,11,22
Lukas,vashj,1003,paladin,holy,277,136,141
Howlfrost,stormrage,1002,paladin,holy,17,11,6
Imajeala,thrall,1002,paladin,holy,94,53,41
Ashera,amanthul,1001,paladin,holy,44,20,24
Darteon,moon-guard,1001,paladin,holy,49,17,32
Malthisz,antonidas,1000,paladin,holy,29,13,16
Sérgeant,illidan,999,paladin,holy,60,31,29
Malakk,zuljin,999,paladin,holy,65,32,33
Gigadunker,tichondrius,999,paladin,holy,29,13,16
Iamholyman,dragonmaw,999,paladin,holy,47,21,26
Onno,tichondrius,998,paladin,holy,105,48,57
Dbolpala,frostmourne,997,paladin,holy,55,27,28
Hurkalzul,azralon,997,paladin,holy,40,19,21
Freddieroach,tichondrius,996,paladin,holy,30,15,15
Ðß,arthas,995,paladin,holy,30,15,15
Westlysñipes,tichondrius,995,paladin,holy,92,44,48
Asclepiius,frostmourne,994,paladin,holy,107,54,53
Raenilil,area-52,991,paladin,holy,65,30,35
Hzo,tichondrius,989,paladin,holy,17,11,6
Cynotik,moon-guard,989,paladin,holy,78,38,40
Nazghoul,detheroc,988,paladin,holy,41,19,22
Jyin,emerald-dream,986,paladin,holy,84,38,46
Papakatsu,proudmoore,983,paladin,holy,69,37,32
Salitheion,queldorei,983,paladin,holy,102,40,62
Alltoohuman,nagrand,982,paladin,holy,29,11,18
Bubbleosevèn,frostmourne,980,paladin,holy,66,25,41
Biomas,gorefiend,978,paladin,holy,24,11,13
Luxsit,tichondrius,977,paladin,holy,36,13,23
Zhahira,hakkar,976,paladin,holy,30,12,18
Carneguisada,sargeras,975,paladin,holy,42,20,22
Nugsbunne,tichondrius,973,paladin,holy,149,63,86
Speedytrol,malfurion,971,paladin,holy,72,28,44
Shouzirl,tichondrius,970,paladin,holy,117,65,52
Huijji,illidan,967,paladin,holy,24,15,9
Photons,emerald-dream,966,paladin,holy,24,13,11
Wrathmatics,arthas,965,paladin,holy,112,51,61
Romeoo,silver-hand,965,paladin,holy,104,43,61
Thoryin,tichondrius,960,paladin,holy,12,10,2
Síríús,malganis,960,paladin,holy,15,11,4
Krritter,illidan,960,paladin,holy,18,10,8
Ezekìël,tichondrius,960,paladin,holy,34,14,20
Myswalkpally,ragnaros,959,paladin,holy,18,10,8
Jachunga,bleeding-hollow,959,paladin,holy,18,10,8
Jnzip,area-52,959,paladin,holy,21,11,10
Kagranac,moon-guard,959,paladin,holy,24,10,14
Akillavar,garrosh,958,paladin,holy,24,10,14
Mjölk,tichondrius,958,paladin,holy,30,10,20
Bahlakay,sargeras,957,paladin,holy,18,10,8
Okcheon,tichondrius,957,paladin,holy,30,10,20
Paluh,sargeras,956,paladin,holy,24,10,14
Hentaiangel,kiljaeden,955,paladin,holy,69,35,34
Mosso,bleeding-hollow,955,paladin,holy,24,10,14
Marklite,area-52,955,paladin,holy,24,10,14
Bullivan,sisters-of-elune,955,paladin,holy,47,15,32
Avasti,proudmoore,953,paladin,holy,24,10,14
Grfauxpal,sargeras,952,paladin,holy,18,10,8
Zafenate,nemesis,952,paladin,holy,24,10,14
Guelmin,azralon,951,paladin,holy,31,11,20
Chauncyboii,tichondrius,950,paladin,holy,18,10,8
Chaós,queldorei,950,paladin,holy,30,14,16
Palawun,nerzhul,949,paladin,holy,45,11,34
Bootymägicc,tichondrius,948,paladin,holy,18,10,8
Paladam,burning-blade,948,paladin,holy,24,10,14
Holydood,thunderhorn,947,paladin,holy,18,10,8
Asunä,bloodscalp,947,paladin,holy,37,10,27
Tolliver,area-52,944,paladin,holy,18,11,7
Lazygamerr,sargeras,944,paladin,holy,18,10,8
Balazar,bloodhoof,942,paladin,holy,19,11,8
Tacori,gorefiend,942,paladin,holy,48,22,26
Lemuzinho,ragnaros,941,paladin,holy,24,10,14
Sweettartts,zuljin,941,paladin,holy,36,10,26
Valie,silvermoon,939,paladin,holy,24,10,14
Gillgamesh,sentinels,938,paladin,holy,54,29,25
Doidyph,frostmourne,935,paladin,holy,24,10,14
Sixthycent,kiljaeden,934,paladin,holy,24,10,14
Troxnar,ragnaros,933,paladin,holy,88,46,42
Divinadin,stormrage,932,paladin,holy,146,75,71
Dissident,stormrage,932,paladin,holy,103,47,56
Cooldbrew,frostmourne,932,paladin,holy,34,11,23
Shanvo,tichondrius,931,paladin,holy,70,38,32
Mharad,ragnaros,931,paladin,holy,87,40,47
Geroden,tichondrius,931,paladin,holy,36,12,24
Finaldecis,zuljin,929,paladin,holy,42,10,32
Lmy,stormrage,927,paladin,holy,24,10,14
Valikia,tichondrius,926,paladin,holy,42,17,25
Rumanjuman,bronzebeard,925,paladin,holy,18,10,8
Monad,nazjatar,925,paladin,holy,84,41,43
Ljusett,frostmourne,925,paladin,holy,97,43,54
Ogmav,hyjal,924,paladin,holy,66,30,36
Fantasy,ragnaros,924,paladin,holy,84,32,52
Swamprat,zuljin,922,paladin,holy,23,10,13
Powtilted,thrall,920,paladin,holy,17,10,7
Lysetskriger,azralon,915,paladin,holy,24,12,12
Iwaterboy,malganis,914,paladin,holy,39,22,17
Seonghwa,kelthuzad,913,paladin,holy,116,57,59
Ilse,deathwing,911,paladin,holy,27,10,17
Gênji,eldrethalas,910,paladin,holy,101,40,61
Hammerabi,moon-guard,909,paladin,holy,27,14,13
Shâka,stormrage,907,paladin,holy,75,37,38
Ozirus,frostmourne,907,paladin,holy,41,13,28
Athanaiëll,proudmoore,906,paladin,holy,28,12,16
Grumpybubble,sargeras,905,paladin,holy,19,11,8
Acpally,tichondrius,902,paladin,holy,39,11,28
Snnow,stormrage,901,paladin,holy,54,28,26
Lennon,stormrage,900,paladin,holy,122,54,68
Orlandeau,nemesis,896,paladin,holy,123,48,75
Praisin,zuljin,895,paladin,holy,24,12,12
Sarkorius,moon-guard,895,paladin,holy,42,11,31
Beastyone,tichondrius,893,paladin,holy,23,15,8
Redentor,dalaran,892,paladin,holy,44,24,20
Orleenz,zuljin,890,paladin,holy,65,32,33
Takodaddy,elune,889,paladin,holy,16,10,6
Quinhella,quelthalas,889,paladin,holy,30,10,20
Nvgesus,undermine,881,paladin,holy,38,13,25
Letsirk,doomhammer,880,paladin,holy,30,11,19
Nualrossan,veknilash,865,paladin,holy,106,46,60
Løl,zuljin,865,paladin,holy,60,25,35
Granada,kirin-tor,865,paladin,holy,37,15,22
Sovice,illidan,864,paladin,holy,12,9,3
Trâshcårt,sargeras,864,paladin,holy,12,9,3
Mâdâra,blood-furnace,864,paladin,holy,18,9,9
Neeks,zuljin,864,paladin,holy,18,9,9
Deadry,ysera,864,paladin,holy,18,9,9
Mumaandron,emerald-dream,864,paladin,holy,18,9,9
Zilzag,moon-guard,864,paladin,holy,23,9,14
Diamondwater,tichondrius,864,paladin,holy,24,9,15
Breesh,nerzhul,864,paladin,holy,24,9,15
Alodorx,tichondrius,863,paladin,holy,18,9,9
Lamas,kelthuzad,863,paladin,holy,18,9,9
Auraingraham,stormscale,863,paladin,holy,18,9,9
Cheers,garona,863,paladin,holy,18,9,9
Proxima,laughing-skull,863,paladin,holy,24,9,15
Onlycams,sargeras,863,paladin,holy,24,9,15
Paintthinner,frostmourne,863,paladin,holy,24,9,15
Niense,wyrmrest-accord,862,paladin,holy,12,9,3
Ariste,emerald-dream,862,paladin,holy,30,9,21
Msheen,azralon,861,paladin,holy,12,9,3
Selockpal,bleeding-hollow,861,paladin,holy,18,9,9
Zaulp,sargeras,861,paladin,holy,18,9,9
Tanktopp,tichondrius,860,paladin,holy,18,9,9
Keltheas,rivendare,859,paladin,holy,18,9,9
Stormvikingx,darkspear,858,paladin,holy,30,9,21
Gothsick,zuljin,857,paladin,holy,18,9,9
Ascension,amanthul,857,paladin,holy,243,103,140
Spamsalot,malganis,857,paladin,holy,24,9,15
Stricken,kul-tiras,857,paladin,holy,24,9,15
Fivestarzx,malganis,854,paladin,holy,18,9,9
Nedorshock,stormrage,853,paladin,holy,24,9,15
Dewagon,area-52,853,paladin,holy,43,10,33
Veronica,sentinels,852,paladin,holy,42,9,33
Vëlar,tichondrius,851,paladin,holy,18,9,9
Mytolo,malganis,851,paladin,holy,24,9,15
Hugokpz,quelthalas,851,paladin,holy,33,12,21
Ðeathspire,tichondrius,846,paladin,holy,18,10,8
Hotspitta,darkspear,846,paladin,holy,43,12,31
Alydralmao,area-52,845,paladin,holy,24,9,15
Maalik,thrall,844,paladin,holy,18,9,9
Svitanie,bleeding-hollow,841,paladin,holy,111,48,63
Andormu,wyrmrest-accord,841,paladin,holy,24,9,15
Sbrightblade,blood-furnace,840,paladin,holy,12,9,3
Tyriån,lightbringer,840,paladin,holy,24,9,15
Thaedrun,hydraxis,837,paladin,holy,72,31,41
Justeight,stormrage,834,paladin,holy,101,54,47
Nabora,aggramar,834,paladin,holy,140,52,88
Antivaxer,frostmourne,830,paladin,holy,23,9,14
Laylee,anvilmar,828,paladin,holy,77,41,36
Miros,wyrmrest-accord,828,paladin,holy,50,23,27
Pallyox,hellscream,823,paladin,holy,58,28,30
Bainn,nerzhul,822,paladin,holy,73,31,42
Shananakin,azshara,817,paladin,holy,45,18,27
Palaknight,tichondrius,812,paladin,holy,60,21,39
Luminouser,stormrage,810,paladin,holy,21,10,11
Retribution,mannoroth,810,paladin,holy,29,10,19
Êctheliøn,drakkari,807,paladin,holy,18,10,8
Banpally,tichondrius,807,paladin,holy,21,11,10
Rickk,whisperwind,801,paladin,holy,39,9,30
Davinity,senjin,799,paladin,holy,23,9,14
Snowdawg,blackhand,798,paladin,holy,54,20,34
Mose,scilla,793,paladin,holy,17,9,8
Cyandra,moon-guard,783,paladin,holy,13,9,4
Holythunderx,tichondrius,782,paladin,holy,25,9,16
Mybaconstrip,dalaran,781,paladin,holy,44,9,35
Sanastris,zuljin,778,paladin,holy,26,9,17
Beeflecow,garrosh,775,paladin,holy,66,17,49
Bigolbittiez,tichondrius,774,paladin,holy,24,11,13
Bangerzzx,sargeras,773,paladin,holy,27,11,16
Kritzyx,stormrage,768,paladin,holy,12,8,4
Dublektwo,tichondrius,768,paladin,holy,12,8,4
Siebens,illidan,768,paladin,holy,12,8,4
Alkyna,kelthuzad,768,paladin,holy,12,8,4
Zero,anetheron,768,paladin,holy,18,8,10
Saintus,proudmoore,768,paladin,holy,18,8,10
Artús,ragnaros,768,paladin,holy,18,8,10
Ahkairee,whisperwind,768,paladin,holy,24,8,16
Voladis,malganis,768,paladin,holy,30,8,22
Stayinalivee,lightninghoof,767,paladin,holy,12,8,4
Kiimochi,tichondrius,767,paladin,holy,12,8,4
Kriegstier,scarlet-crusade,767,paladin,holy,12,8,4
Fupascoopa,illidan,767,paladin,holy,12,8,4
Linaiah,moon-guard,767,paladin,holy,12,8,4
Mhera,sargeras,767,paladin,holy,12,8,4
Nisheronadam,dalaran,767,paladin,holy,12,8,4
Ezmødë,kelthuzad,767,paladin,holy,12,8,4
Kaleroenin,cenarius,767,paladin,holy,12,8,4
Wonpai,barthilas,767,paladin,holy,18,8,10
Justicejosh,frostmourne,767,paladin,holy,18,8,10
Trancelancer,kelthuzad,767,paladin,holy,18,8,10
Iolwhat,sargeras,767,paladin,holy,18,8,10
Lighttzz,azralon,767,paladin,holy,18,8,10
Blackpiñk,tichondrius,767,paladin,holy,20,8,12
Bopsamdi,barthilas,767,paladin,holy,24,8,16
Jinguardx,tichondrius,767,paladin,holy,24,8,16
Marcêl,quelthalas,767,paladin,holy,30,8,22
Jeremywillia,skywall,766,paladin,holy,12,8,4
Madamharlot,daggerspine,766,paladin,holy,153,69,84
Wrekster,tichondrius,766,paladin,holy,18,8,10
Wakethelight,tichondrius,766,paladin,holy,18,8,10
Banga,farstriders,766,paladin,holy,18,8,10
Virkas,area-52,766,paladin,holy,24,8,16
Yanggongru,sargeras,766,paladin,holy,25,8,17
Holydeath,arthas,766,paladin,holy,30,8,22
Tontô,barthilas,765,paladin,holy,12,8,4
Thonar,stormrage,765,paladin,holy,12,8,4
Nøzawkalypse,kelthuzad,765,paladin,holy,18,8,10
Qoop,tichondrius,765,paladin,holy,24,8,16
Gromusa,azralon,765,paladin,holy,24,8,16
Lightsòut,frostmourne,765,paladin,holy,24,8,16
Revenere,tichondrius,765,paladin,holy,36,8,28
Grumpy,the-forgotten-coast,764,paladin,holy,12,8,4
Instaded,illidan,764,paladin,holy,18,8,10
Plsdontburst,tichondrius,763,paladin,holy,12,8,4
Jereth,kelthuzad,763,paladin,holy,18,8,10
Atair,antonidas,763,paladin,holy,24,8,16
Tennesse,sargeras,763,paladin,holy,24,8,16
Porkwatchy,eonar,762,paladin,holy,24,8,16
Gyle,stormrage,761,paladin,holy,18,8,10
Hamanjenkins,illidan,760,paladin,holy,24,8,16
Mixtapes,kargath,757,paladin,holy,12,8,4
Blacktemplar,area-52,755,paladin,holy,18,8,10
Kcrs,wyrmrest-accord,755,paladin,holy,18,8,10
Clefairy,arathor,754,paladin,holy,18,8,10
Crusæder,stormrage,753,paladin,holy,12,8,4
Unsungherø,skywall,752,paladin,holy,12,8,4
Synasthesia,zuljin,746,paladin,holy,17,8,9
Helltec,draka,744,paladin,holy,18,8,10
Willycrow,nordrassil,740,paladin,holy,18,8,10
Rangr,akama,740,paladin,holy,42,13,29
Ballingirl,gnomeregan,734,paladin,holy,71,27,44
Arenababy,tichondrius,733,paladin,holy,42,11,31
Eboi,daggerspine,732,paladin,holy,32,9,23
Røusseff,azralon,727,paladin,holy,32,9,23
Mirotchburns,illidan,724,paladin,holy,16,9,7
Hehealsyou,alleria,723,paladin,holy,48,17,31
Justmad,illidan,720,paladin,holy,91,38,53
Mangchì,tichondrius,719,paladin,holy,15,9,6
Kuunn,drakkari,718,paladin,holy,17,8,9
Deathblazer,blades-edge,716,paladin,holy,18,9,9
Ráwpaladin,blackrock,714,paladin,holy,37,11,26
Areura,hellscream,706,paladin,holy,27,9,18
Agato,stormrage,702,paladin,holy,11,8,3
Ziti,bonechewer,702,paladin,holy,14,8,6
Nea,argent-dawn,694,paladin,holy,113,37,76
Visanth,bonechewer,677,paladin,holy,24,9,15
Firepala,ragnaros,672,paladin,holy,12,7,5
Pkkcandy,archimonde,672,paladin,holy,12,7,5
Brogepi,cenarius,672,paladin,holy,12,7,5
Xiaoholy,barthilas,672,paladin,holy,12,7,5
Busdid,sargeras,672,paladin,holy,12,7,5
Crinject,sargeras,672,paladin,holy,12,7,5
Gimmethéloot,stormrage,672,paladin,holy,12,7,5
Imsuffering,zuljin,672,paladin,holy,12,7,5
Ddarkstarr,area-52,672,paladin,holy,12,7,5
Femsquatch,kelthuzad,672,paladin,holy,12,7,5
Conndiment,earthen-ring,672,paladin,holy,12,7,5
Mlpx,stormrage,672,paladin,holy,12,7,5
Farvadin,illidan,672,paladin,holy,12,7,5
Cotopax,sargeras,672,paladin,holy,21,9,12
Orekilol,stormrage,672,paladin,holy,18,7,11
Ronnierawdog,frostmourne,672,paladin,holy,18,7,11
Antigone,tichondrius,672,paladin,holy,18,7,11
Xgt,illidan,672,paladin,holy,18,7,11
Papiwhey,zuljin,672,paladin,holy,18,7,11
Gareesa,wyrmrest-accord,672,paladin,holy,18,7,11
Oreki,area-52,672,paladin,holy,18,7,11
Sensible,sargeras,672,paladin,holy,24,7,17
Hxnny,turalyon,672,paladin,holy,30,7,23
Boraz,bleeding-hollow,672,paladin,holy,36,7,29
Aràyleus,kelthuzad,671,paladin,holy,12,7,5
Emboxx,stormrage,671,paladin,holy,12,7,5
Scatterslol,korgath,671,paladin,holy,12,7,5
Billytwoshoe,laughing-skull,671,paladin,holy,12,7,5
Rahruan,wyrmrest-accord,671,paladin,holy,12,7,5
Lördnextdoor,tichondrius,671,paladin,holy,12,7,5
Lemmiéwinkzz,sargeras,671,paladin,holy,18,7,11
Milonus,frostmourne,671,paladin,holy,18,7,11
Animal,korialstrasz,671,paladin,holy,18,7,11
Demonsbane,frostmourne,671,paladin,holy,18,7,11
Sôck,zuljin,671,paladin,holy,18,7,11
Jdiddy,crushridge,671,paladin,holy,18,7,11
Shoppee,jubeithos,671,paladin,holy,18,7,11
Rheepent,hyjal,671,paladin,holy,18,7,11
Loguto,stormrage,671,paladin,holy,18,7,11
Bighardshock,aggramar,671,paladin,holy,24,7,17
Bolzar,zuljin,670,paladin,holy,12,7,5
Bjdreams,ragnaros,670,paladin,holy,12,7,5
Yobtar,nagrand,670,paladin,holy,12,7,5
Lightwerk,frostmourne,670,paladin,holy,12,7,5
Kalthorne,wyrmrest-accord,670,paladin,holy,12,7,5
Extee,proudmoore,670,paladin,holy,12,7,5
Numenor,kiljaeden,670,paladin,holy,18,7,11
Rebelion,nagrand,670,paladin,holy,24,7,17
Intravenous,illidan,670,paladin,holy,86,24,62
Drgn,azgalor,670,paladin,holy,30,7,23
Pluto,the-underbog,669,paladin,holy,12,7,5
Balkin,kelthuzad,669,paladin,holy,12,7,5
Jiralla,ragnaros,669,paladin,holy,18,7,11
Stationarity,frostmourne,669,paladin,holy,18,7,11
Kimahri,anvilmar,669,paladin,holy,36,7,29
Dragnastorm,barthilas,668,paladin,holy,12,7,5
Petsmacker,dalaran,668,paladin,holy,12,7,5
Supsupe,tichondrius,668,paladin,holy,24,7,17
Elbarra,ragnaros,667,paladin,holy,18,7,11
Annii,aegwynn,666,paladin,holy,12,7,5
Jockyrat,tichondrius,666,paladin,holy,18,7,11
Vanquishyr,stormrage,666,paladin,holy,30,7,23
Airham,cenarius,665,paladin,holy,12,7,5
Gnomesexer,illidan,655,paladin,holy,17,7,10
Sellathice,khadgar,654,paladin,holy,17,7,10
Ryuzu,arathor,640,paladin,holy,16,8,8
Josabbilra,tichondrius,639,paladin,holy,11,7,4
Mycow,tichondrius,638,paladin,holy,17,7,10
Mikiná,proudmoore,638,paladin,holy,22,7,15
Cristineth,tanaris,637,paladin,holy,20,8,12
Iluvitar,kiljaeden,633,paladin,holy,20,8,12
Koraesta,stormrage,632,paladin,holy,17,7,10
Mamothman,barthilas,622,paladin,holy,18,9,9
Mousesack,dragonmaw,618,paladin,holy,22,9,13
Usebandage,sargeras,617,paladin,holy,16,9,7
Nugnasty,korialstrasz,617,paladin,holy,28,10,18
Jinguard,tichondrius,608,paladin,holy,16,7,9
Mojiberus,wyrmrest-accord,606,paladin,holy,14,7,7
Yês,proudmoore,591,paladin,holy,15,7,8
Turnevil,wyrmrest-accord,591,paladin,holy,19,7,12
Rhonielson,tichondrius,585,paladin,holy,22,11,11
Greyhawk,sargeras,576,paladin,holy,6,6,0
Hezorath,kiljaeden,576,paladin,holy,6,6,0
Holysaìnt,icecrown,576,paladin,holy,6,6,0
Wonpait,frostmourne,576,paladin,holy,9,7,2
Doradar,zuljin,576,paladin,holy,12,6,6
Irêsha,quelthalas,576,paladin,holy,12,6,6
Vsleepeii,illidan,576,paladin,holy,12,6,6
Compxy,barthilas,576,paladin,holy,12,6,6
Hótlinebling,kelthuzad,576,paladin,holy,12,6,6
Orezmit,area-52,576,paladin,holy,12,6,6
Squarehammer,blackrock,576,paladin,holy,12,6,6
Tolentino,elune,576,paladin,holy,12,6,6
Holydubya,illidan,576,paladin,holy,12,6,6
Fadiez,sargeras,576,paladin,holy,12,6,6
Holymomia,blackrock,576,paladin,holy,12,6,6
Tríno,malganis,576,paladin,holy,12,6,6
Gbj,staghelm,576,paladin,holy,12,6,6
Aswaran,jaedenar,576,paladin,holy,12,6,6
Dequincy,tichondrius,576,paladin,holy,12,6,6
Ùthèr,tichondrius,576,paladin,holy,12,6,6
Amadin,winterhoof,576,paladin,holy,12,6,6
Faie,frostmourne,576,paladin,holy,12,6,6
Catharsis,tichondrius,576,paladin,holy,12,6,6
Nikxx,tichondrius,576,paladin,holy,18,6,12
Jiråchi,sargeras,576,paladin,holy,18,6,12
Imsoholy,tichondrius,576,paladin,holy,18,6,12
Remibear,tichondrius,576,paladin,holy,18,6,12
Pinkies,frostmourne,576,paladin,holy,18,6,12
Marleigh,kelthuzad,576,paladin,holy,18,6,12
Marien,kelthuzad,576,paladin,holy,18,6,12
Ghrumpy,thrall,576,paladin,holy,18,6,12
Shocksta,dalaran,576,paladin,holy,18,6,12
Willywønka,azgalor,576,paladin,holy,30,6,24
Aldrukor,quelthalas,575,paladin,holy,12,6,6
Anderious,moon-guard,575,paladin,holy,12,6,6
Gutzzx,frostmourne,575,paladin,holy,12,6,6
Bigpal,area-52,575,paladin,holy,12,6,6
Septimia,illidan,575,paladin,holy,12,6,6
Roachpally,area-52,575,paladin,holy,12,6,6
Leatherfase,dalaran,575,paladin,holy,12,6,6
Docternoon,stormrage,575,paladin,holy,12,6,6
Nochance,queldorei,575,paladin,holy,12,6,6
Auralyon,tichondrius,575,paladin,holy,12,6,6
Cassiel,barthilas,575,paladin,holy,12,6,6
Grombaby,lightnings-blade,575,paladin,holy,12,6,6
Mendes,stormrage,575,paladin,holy,12,6,6
Zealonn,area-52,575,paladin,holy,12,6,6
Dashhighborn,sargeras,575,paladin,holy,13,6,7
Hojadin,area-52,575,paladin,holy,18,6,12
Yawnbringer,tichondrius,575,paladin,holy,18,6,12
Deesqueezie,area-52,575,paladin,holy,18,6,12
Clonazedin,ragnaros,575,paladin,holy,18,6,12
Leonrëy,stormrage,575,paladin,holy,18,6,12
Hímüra,nemesis,575,paladin,holy,24,6,18
Theprimus,darkspear,574,paladin,holy,6,6,0
Pizzaface,stormrage,574,paladin,holy,12,6,6
Litebright,bleeding-hollow,574,paladin,holy,12,6,6
Vindication,nazgrel,574,paladin,holy,12,6,6
Kilion,illidan,574,paladin,holy,18,6,12
Mileihot,quelthalas,574,paladin,holy,18,6,12
Thonor,nemesis,574,paladin,holy,18,6,12
Beefstewmre,dalaran,573,paladin,holy,18,6,12
Metalpriest,shattered-halls,573,paladin,holy,24,6,18
Lelands,alterac-mountains,573,paladin,holy,24,6,18
Nellie,deathwing,572,paladin,holy,12,6,6
Holymomo,malganis,572,paladin,holy,12,6,6
Tehgodofdmg,tichondrius,572,paladin,holy,18,6,12
Ducii,stormrage,571,paladin,holy,18,6,12
Yobnai,zuljin,571,paladin,holy,18,6,12
Ducaine,ragnaros,570,paladin,holy,12,6,6
Kratheus,azralon,569,paladin,holy,22,8,14
Maplleafs,kelthuzad,560,paladin,holy,24,6,18
Glueconsumer,wyrmrest-accord,558,paladin,holy,12,7,5
Fayernaa,proudmoore,557,paladin,holy,10,7,3
Totalaustin,sargeras,544,paladin,holy,10,7,3
Biéyihàn,tichondrius,543,paladin,holy,11,6,5
Gabs,quelthalas,543,paladin,holy,16,6,10
Redpally,emerald-dream,543,paladin,holy,16,6,10
Blassphamy,chogall,543,paladin,holy,26,7,19
Elrecka,stormrage,526,paladin,holy,21,6,15
Leggomyagro,fenris,522,paladin,holy,26,7,19
Tyygore,nagrand,521,paladin,holy,19,8,11
Landelina,area-52,511,paladin,holy,10,6,4
Biggestkritz,frostmourne,511,paladin,holy,14,6,8
Pakalun,area-52,510,paladin,holy,20,6,14
Clearcoms,stormrage,496,paladin,holy,13,6,7
Splyts,stormrage,490,paladin,holy,23,7,16
Krickio,ragnaros,489,paladin,holy,24,7,17
Borenson,cenarius,480,paladin,holy,6,5,1
Zenastra,moon-guard,480,paladin,holy,6,5,1
Darfnarvis,sargeras,480,paladin,holy,6,5,1
Bigboiyahurd,sargeras,480,paladin,holy,6,5,1
Shocknstrut,bleeding-hollow,480,paladin,holy,6,5,1
Badboí,azralon,480,paladin,holy,6,5,1
Isecretly,stormrage,480,paladin,holy,6,5,1
Zanduncy,stormrage,480,paladin,holy,6,5,1
Vicentê,ragnaros,480,paladin,holy,12,5,7
Manye,trollbane,480,paladin,holy,12,5,7
Zhangliyi,tichondrius,480,paladin,holy,12,5,7
Kãrmä,area-52,480,paladin,holy,12,5,7
Paldeen,sargeras,480,paladin,holy,12,5,7
Jeryko,gundrak,480,paladin,holy,12,5,7
Wälly,sargeras,480,paladin,holy,12,5,7
Mithroe,tichondrius,480,paladin,holy,12,5,7
Mortolla,duskwood,480,paladin,holy,12,5,7
Velline,tichondrius,480,paladin,holy,12,5,7
Eneraxx,proudmoore,480,paladin,holy,12,5,7
Leddie,stormrage,480,paladin,holy,12,5,7
Drunknbum,area-52,480,paladin,holy,12,5,7
Fartburger,saurfang,480,paladin,holy,12,5,7
Stendarr,sargeras,480,paladin,holy,12,5,7
Beila,illidan,480,paladin,holy,12,5,7
Metlertoledo,mannoroth,480,paladin,holy,12,5,7
Deathflamez,illidan,480,paladin,holy,12,5,7
Timeparadox,illidan,480,paladin,holy,12,5,7
Gendevo,suramar,480,paladin,holy,12,5,7
Kongnibbax,spirestone,480,paladin,holy,12,5,7
Crimsby,kiljaeden,480,paladin,holy,12,5,7
Keodis,suramar,480,paladin,holy,12,5,7
Scubblez,zuljin,480,paladin,holy,12,5,7
Inmortall,illidan,480,paladin,holy,12,5,7
Cleanprotein,tichondrius,480,paladin,holy,12,5,7
Twoshockz,stormrage,480,paladin,holy,12,5,7
Subotai,frostmourne,480,paladin,holy,12,5,7
Ocxholly,azralon,480,paladin,holy,12,5,7
Exiledpally,area-52,480,paladin,holy,12,5,7
Mightypally,area-52,480,paladin,holy,12,5,7
Garethorne,illidan,480,paladin,holy,12,5,7
Gøldenlight,illidan,480,paladin,holy,12,5,7
Oxycleän,doomhammer,480,paladin,holy,12,5,7
Bíteme,sargeras,480,paladin,holy,15,6,9
Stahz,illidan,480,paladin,holy,18,5,13
Chrisgrin,malganis,480,paladin,holy,18,5,13
Wêsleypipes,crushridge,480,paladin,holy,18,5,13
Chimp,kiljaeden,480,paladin,holy,18,5,13
Hellcatzunit,kiljaeden,480,paladin,holy,18,5,13
Ashenira,barthilas,480,paladin,holy,18,5,13
Derbizzle,darkspear,480,paladin,holy,18,5,13
Rudez,kiljaeden,480,paladin,holy,18,5,13
Mootumba,boulderfist,480,paladin,holy,24,5,19
Bubbleosèven,tichondrius,479,paladin,holy,6,5,1
Evilpallie,illidan,479,paladin,holy,13,6,7
Lachaple,illidan,479,paladin,holy,12,5,7
Mightythorxx,tichondrius,479,paladin,holy,12,5,7
Althalon,moon-guard,479,paladin,holy,12,5,7
Bubbes,nerzhul,479,paladin,holy,12,5,7
Loabandit,malorne,479,paladin,holy,12,5,7
Nielec,arygos,479,paladin,holy,12,5,7
Tankgreed,quelthalas,479,paladin,holy,12,5,7
Joelsama,area-52,479,paladin,holy,12,5,7
Judgejitsu,black-dragonflight,479,paladin,holy,12,5,7
Goksuu,ragnaros,479,paladin,holy,12,5,7
Pazztez,arthas,479,paladin,holy,12,5,7
Thegreatrune,frostmourne,479,paladin,holy,13,5,8
Illbubble,duskwood,479,paladin,holy,13,5,8
Freydal,area-52,479,paladin,holy,18,5,13
Healadelphia,illidan,479,paladin,holy,18,5,13
Meistyr,thrall,479,paladin,holy,18,5,13
Kwazshock,area-52,479,paladin,holy,30,5,25
Frogwhy,malganis,478,paladin,holy,12,5,7
Mfpink,thrall,478,paladin,holy,12,5,7
Lighteiron,moonrunner,478,paladin,holy,12,5,7
Chimeraa,quelthalas,478,paladin,holy,12,5,7
Boiducéu,azralon,478,paladin,holy,12,5,7
Sihylde,quelthalas,478,paladin,holy,18,5,13
Duecesz,area-52,478,paladin,holy,26,5,21
Goingturbo,wyrmrest-accord,477,paladin,holy,12,5,7
Sovereignt,aggramar,477,paladin,holy,12,5,7
Spedstick,tichondrius,477,paladin,holy,15,6,9
Thaeldan,archimonde,477,paladin,holy,18,5,13
Crazykil,fenris,476,paladin,holy,12,5,7
Stilreigning,darkspear,476,paladin,holy,12,5,7
Valhallaborn,illidan,468,paladin,holy,40,13,27
Parts,aerie-peak,468,paladin,holy,30,5,25
Toastedheals,stormreaver,463,paladin,holy,17,5,12
Dose,moon-guard,447,paladin,holy,17,5,12
Ziggerqt,stormrage,432,paladin,holy,15,5,10
Belfordz,stormrage,430,paladin,holy,15,6,9
Nivie,moon-guard,430,paladin,holy,15,5,10
Rashell,garrosh,426,paladin,holy,16,7,9
Ohthatguy,sargeras,426,paladin,holy,17,7,10
Dante,ragnaros,425,paladin,holy,16,6,10
Sushiopath,area-52,415,paladin,holy,14,5,9
Eijara,shattered-hand,409,paladin,holy,37,6,31
Zeavran,gurubashi,399,paladin,holy,9,5,4
Bøble,thrall,399,paladin,holy,13,5,8
Vgeater,ysera,397,paladin,holy,13,5,8
Thesojulord,tichondrius,384,paladin,holy,6,4,2
Volphorix,illidan,384,paladin,holy,6,4,2
Reluctedpal,emerald-dream,384,paladin,holy,6,4,2
Hja,sargeras,384,paladin,holy,6,4,2
Eladore,hakkar,384,paladin,holy,6,4,2
Cyntesis,tichondrius,384,paladin,holy,6,4,2
Elim,frostmourne,384,paladin,holy,6,4,2
Binkybop,frostmane,384,paladin,holy,6,4,2
Respect,black-dragonflight,384,paladin,holy,6,4,2
Rahzhastuff,stormrage,384,paladin,holy,6,4,2
Anonymvs,eredar,384,paladin,holy,6,4,2
Nickahunnid,sargeras,384,paladin,holy,6,4,2
Miramedic,icecrown,384,paladin,holy,6,4,2
Ceeten,tichondrius,384,paladin,holy,6,4,2
Decree,rexxar,384,paladin,holy,6,4,2
Cenital,quelthalas,384,paladin,holy,6,4,2
Robötwizard,tichondrius,384,paladin,holy,6,4,2
Trågédy,zuljin,384,paladin,holy,6,4,2
Respiratoryy,kelthuzad,384,paladin,holy,6,4,2
Immensepower,tichondrius,384,paladin,holy,6,4,2
Theonlyheals,bleeding-hollow,384,paladin,holy,6,4,2
Ladanthal,barthilas,384,paladin,holy,6,4,2
Arleos,mannoroth,384,paladin,holy,6,4,2
Icac,stormrage,384,paladin,holy,6,4,2
Oceania,grizzly-hills,384,paladin,holy,6,4,2
Nfl,moon-guard,384,paladin,holy,9,5,4
Bergz,agamaggan,384,paladin,holy,11,4,7
Dragnix,dalaran,384,paladin,holy,11,4,7
Alkina,kelthuzad,384,paladin,holy,12,4,8
Wangzu,wildhammer,384,paladin,holy,12,4,8
Laythoz,hyjal,384,paladin,holy,12,4,8
Dairycow,stormreaver,384,paladin,holy,12,4,8
Gotredwings,proudmoore,384,paladin,holy,12,4,8
Egf,illidan,384,paladin,holy,12,4,8
Mordirhar,tichondrius,384,paladin,holy,12,4,8
Tiggerty,shuhalo,384,paladin,holy,12,4,8
Pocketuwu,tichondrius,384,paladin,holy,12,4,8
Swolsus,illidan,384,paladin,holy,12,4,8
Sweatypumper,proudmoore,384,paladin,holy,12,4,8
Gùmbý,illidan,384,paladin,holy,12,4,8
Pladypus,dalaran,384,paladin,holy,12,4,8
Sentence,moon-guard,384,paladin,holy,12,4,8
Zamn,frostmourne,384,paladin,holy,12,4,8
Maicolsalanu,quelthalas,384,paladin,holy,12,4,8
Zetka,tichondrius,384,paladin,holy,12,4,8
Nerfrets,stormrage,384,paladin,holy,12,4,8
Nikkixo,ysera,384,paladin,holy,12,4,8
Eull,skullcrusher,384,paladin,holy,12,4,8
Alicethemad,aerie-peak,384,paladin,holy,12,4,8
Lánná,tichondrius,384,paladin,holy,12,4,8
Purdicks,emerald-dream,384,paladin,holy,12,4,8
Gâbríél,maiev,384,paladin,holy,12,4,8
Tyryan,azralon,384,paladin,holy,12,4,8
Devsrdumb,bonechewer,384,paladin,holy,12,4,8
Schwârts,blackrock,384,paladin,holy,12,4,8
Daflash,emerald-dream,384,paladin,holy,12,4,8
Bigtimepali,tichondrius,384,paladin,holy,12,4,8
Floweezy,thrall,384,paladin,holy,12,4,8
Popje,zuljin,384,paladin,holy,12,4,8
Xtabelcnu,illidan,384,paladin,holy,12,4,8
Wut,gilneas,384,paladin,holy,12,4,8
Zundralak,korgath,384,paladin,holy,12,4,8
Iownmytrolls,korgath,384,paladin,holy,12,4,8
Nexandre,ragnaros,384,paladin,holy,22,5,17
Beebopper,illidan,384,paladin,holy,18,4,14
Retholyprot,tichondrius,384,paladin,holy,18,4,14
Mory,aegwynn,384,paladin,holy,18,4,14
Kaminasol,quelthalas,384,paladin,holy,18,4,14
Ardrider,emerald-dream,384,paladin,holy,18,4,14
Iamurpal,hakkar,384,paladin,holy,18,4,14
Justarius,stormrage,384,paladin,holy,18,4,14
Bloodangelz,sargeras,384,paladin,holy,18,4,14
Luminali,frostwolf,384,paladin,holy,18,4,14
Cremefraichè,tichondrius,384,paladin,holy,18,4,14
Riyu,blackrock,384,paladin,holy,18,4,14
Shockzer,bloodscalp,384,paladin,holy,23,4,19
Õblivion,jubeithos,384,paladin,holy,24,4,20
Rawrski,kiljaeden,383,paladin,holy,6,4,2
Tommyjr,nazgrel,383,paladin,holy,6,4,2
Scah,illidan,383,paladin,holy,6,4,2
Sabex,wyrmrest-accord,383,paladin,holy,6,4,2
Shengqis,frostmourne,383,paladin,holy,12,4,8
Rënner,stormrage,383,paladin,holy,12,4,8
Vorex,ragnaros,383,paladin,holy,12,4,8
Lunchmoney,aggramar,383,paladin,holy,12,4,8
Namaru,hellscream,383,paladin,holy,12,4,8
Angarusk,the-forgotten-coast,383,paladin,holy,12,4,8
Romeh,malganis,383,paladin,holy,12,4,8
Thulamon,zuljin,383,paladin,holy,12,4,8
Lightbeard,feathermoon,383,paladin,holy,12,4,8
Anjøs,azralon,383,paladin,holy,18,4,14
Siaaryn,darkspear,383,paladin,holy,18,4,14
Gokzurah,dragonmaw,383,paladin,holy,18,4,14
Alyosya,barthilas,383,paladin,holy,24,4,20
Pyson,khadgar,382,paladin,holy,10,5,5
Outforblood,stormscale,382,paladin,holy,8,4,4
Inglorious,korialstrasz,382,paladin,holy,24,4,20
Dolathrar,quelthalas,381,paladin,holy,9,4,5
Densom,aggramar,381,paladin,holy,12,4,8
Rustacian,area-52,380,paladin,holy,12,4,8
Gornack,draka,379,paladin,holy,12,4,8
Ååron,thrall,376,paladin,holy,17,6,11
Aethios,ragnaros,366,paladin,holy,17,4,13
Gnomeslapper,frostmourne,351,paladin,holy,11,4,7
Níkolaev,azralon,351,paladin,holy,11,4,7
Aärøn,stormrage,351,paladin,holy,11,4,7
Palewan,kiljaeden,351,paladin,holy,11,4,7
Alphonsé,draenor,336,paladin,holy,9,4,5
Usaýa,moon-guard,335,paladin,holy,9,4,5
Lafawndah,blackhand,333,paladin,holy,17,4,13
Holyshasha,tichondrius,329,paladin,holy,15,5,10
Veeve,emerald-dream,304,paladin,holy,7,4,3
Nulric,moon-guard,304,paladin,holy,13,4,9
Nskkbr,frostmourne,304,paladin,holy,13,4,9
Numey,area-52,288,paladin,holy,6,3,3
Todesgott,tichondrius,288,paladin,holy,6,3,3
Blasen,hellscream,288,paladin,holy,6,3,3
Antarcticala,frostmourne,288,paladin,holy,6,3,3
Pocketpal,bloodhoof,288,paladin,holy,6,3,3
Holysheesh,cenarion-circle,288,paladin,holy,6,3,3
Combatiente,quelthalas,288,paladin,holy,6,3,3
Vanitasz,bleeding-hollow,288,paladin,holy,6,3,3
Kshock,proudmoore,288,paladin,holy,6,3,3
Kaethos,zuljin,288,paladin,holy,6,3,3
Finishearlyx,kelthuzad,288,paladin,holy,6,3,3
Neil,kelthuzad,288,paladin,holy,6,3,3
Holzinger,quelthalas,288,paladin,holy,6,3,3
Psalms,lightnings-blade,288,paladin,holy,6,3,3
Skyyler,archimonde,288,paladin,holy,6,3,3
Grimmey,azjolnerub,288,paladin,holy,6,3,3
Leronos,zuljin,288,paladin,holy,6,3,3
Krý,saurfang,288,paladin,holy,6,3,3
Ressia,ragnaros,288,paladin,holy,6,3,3
Therealveal,illidan,288,paladin,holy,6,3,3
Mindfoolness,sargeras,288,paladin,holy,6,3,3
Hazkal,sargeras,288,paladin,holy,6,3,3
Hmofa,wyrmrest-accord,288,paladin,holy,6,3,3
Wonpæi,frostmourne,288,paladin,holy,6,3,3
Repgodx,illidan,288,paladin,holy,6,3,3
Brohtato,area-52,288,paladin,holy,6,3,3
Soapgirl,area-52,288,paladin,holy,6,3,3
Tradlad,frostmourne,288,paladin,holy,6,3,3
Paen,area-52,288,paladin,holy,6,3,3
Lànd,tichondrius,288,paladin,holy,6,3,3
Andronik,bleeding-hollow,288,paladin,holy,6,3,3
Ardbert,wyrmrest-accord,288,paladin,holy,6,3,3
Bosto,dunemaul,288,paladin,holy,6,3,3
Holyfuzz,aerie-peak,288,paladin,holy,6,3,3
Feelsögood,tichondrius,288,paladin,holy,6,3,3
Bubblebound,sargeras,288,paladin,holy,6,3,3
Kharissia,proudmoore,288,paladin,holy,6,3,3
Jackywacky,malganis,288,paladin,holy,6,3,3
Wârlord,boulderfist,288,paladin,holy,6,3,3
Solkad,tichondrius,288,paladin,holy,6,3,3
Tpane,kelthuzad,288,paladin,holy,6,3,3
Odinns,proudmoore,288,paladin,holy,6,3,3
Synergy,draenor,288,paladin,holy,6,3,3
Wolfös,drakkari,288,paladin,holy,6,3,3
Marolla,frostmourne,288,paladin,holy,6,3,3
Demoniret,ragnaros,288,paladin,holy,6,3,3
Sypi,malganis,288,paladin,holy,6,3,3
Datguysname,illidan,288,paladin,holy,6,3,3
Hitlist,frostmourne,288,paladin,holy,6,3,3
Stahlpanzer,area-52,288,paladin,holy,6,3,3
Fuchí,tichondrius,288,paladin,holy,6,3,3
Persena,frostmourne,288,paladin,holy,6,3,3
Thyedron,azralon,288,paladin,holy,6,3,3
Hogdaddy,illidan,288,paladin,holy,6,3,3
Austiin,moon-guard,288,paladin,holy,6,3,3
Arena,mannoroth,288,paladin,holy,6,3,3
Phut,stormrage,288,paladin,holy,6,3,3
Partyplace,stormrage,288,paladin,holy,6,3,3
Jubeebee,stormrage,288,paladin,holy,6,3,3
Miggsy,stormrage,288,paladin,holy,6,3,3
Dayatthespa,stormrage,288,paladin,holy,6,3,3
Nipon,stormrage,288,paladin,holy,6,3,3
Aduhrawl,moon-guard,288,paladin,holy,6,3,3
Brightcore,stormrage,288,paladin,holy,6,3,3
Welcome,wyrmrest-accord,288,paladin,holy,9,4,5
Yenz,sargeras,288,paladin,holy,13,4,9
Urudith,azralon,288,paladin,holy,11,3,8
Dartherion,shandris,288,paladin,holy,12,3,9
Meepally,kilrogg,288,paladin,holy,12,3,9
Mevand,windrunner,288,paladin,holy,12,3,9
Elronda,malganis,288,paladin,holy,12,3,9
Dráugus,azralon,288,paladin,holy,12,3,9
Taethelan,malganis,288,paladin,holy,12,3,9
Imabigkidnow,emerald-dream,288,paladin,holy,12,3,9
Afkyouheal,suramar,288,paladin,holy,12,3,9
Refugexd,kelthuzad,288,paladin,holy,12,3,9
Barquin,dalaran,288,paladin,holy,12,3,9
Deckter,ragnaros,288,paladin,holy,12,3,9
Prâytorian,illidan,288,paladin,holy,12,3,9
Sanctifyd,kiljaeden,288,paladin,holy,12,3,9
Benadiction,wyrmrest-accord,288,paladin,holy,12,3,9
Shãne,sargeras,288,paladin,holy,12,3,9
Sigfriéd,tichondrius,288,paladin,holy,12,3,9
Buslightyear,azralon,288,paladin,holy,12,3,9
Tolipos,earthen-ring,288,paladin,holy,12,3,9
Ratface,dathremar,288,paladin,holy,12,3,9
Coffeeman,barthilas,288,paladin,holy,12,3,9
Geðff,burning-legion,288,paladin,holy,12,3,9
Kommuna,stormscale,288,paladin,holy,12,3,9
Oneminute,nerzhul,288,paladin,holy,12,3,9
Paludin,deathwing,288,paladin,holy,12,3,9
Deltaknight,ragnaros,288,paladin,holy,12,3,9
Revoraal,frostmourne,288,paladin,holy,12,3,9
Teerblood,illidan,288,paladin,holy,12,3,9
Repths,illidan,288,paladin,holy,12,3,9
Thichammer,frostmourne,288,paladin,holy,12,3,9
Quits,tichondrius,288,paladin,holy,12,3,9
Panicbubblin,stormrage,288,paladin,holy,12,3,9
Tesstickle,skullcrusher,288,paladin,holy,12,3,9
Haldry,wyrmrest-accord,288,paladin,holy,12,3,9
Drippinheals,eitrigg,288,paladin,holy,12,3,9
Æglè,area-52,288,paladin,holy,12,3,9
Thechoseno,tichondrius,288,paladin,holy,22,4,18
Mathalt,area-52,288,paladin,holy,18,3,15
Flarisic,kelthuzad,288,paladin,holy,18,3,15
Capsiel,caelestrasz,288,paladin,holy,18,3,15
Alogagain,frostmourne,288,paladin,holy,18,3,15
Bigboppapump,lightnings-blade,288,paladin,holy,18,3,15
Guidö,stormrage,288,paladin,holy,20,3,17
Dimitrony,quelthalas,287,paladin,holy,6,3,3
Dekho,quelthalas,287,paladin,holy,6,3,3
Holyslapz,nazjatar,287,paladin,holy,6,3,3
Giscicatrice,firetree,287,paladin,holy,12,3,9
Avantasias,sargeras,287,paladin,holy,12,3,9
Spacebacon,thunderlord,287,paladin,holy,12,3,9
Rost,jaedenar,287,paladin,holy,24,3,21
Moraxeus,gundrak,286,paladin,holy,6,3,3
Xephyra,ragnaros,286,paladin,holy,6,3,3
Kaydenkross,azralon,286,paladin,holy,6,3,3
Schnabdain,exodar,285,paladin,holy,18,3,15
Iradruidz,tichondrius,255,paladin,holy,11,3,8
Drpawg,tichondrius,255,paladin,holy,11,3,8
Woggit,jubeithos,239,paladin,holy,5,3,2
Purepwnage,wyrmrest-accord,239,paladin,holy,5,3,2
Notuther,executus,239,paladin,holy,5,3,2
Palathor,spirestone,239,paladin,holy,9,4,5
Holywoof,agamaggan,234,paladin,holy,11,5,6
Itheternal,dalaran,234,paladin,holy,9,4,5
Cutebtw,zuljin,234,paladin,holy,18,4,14
Amgirlinv,malganis,234,paladin,holy,21,4,17
Tesslora,sargeras,192,paladin,holy,4,3,1
Xinane,dalaran,192,paladin,holy,6,2,4
Flexxborn,thrall,192,paladin,holy,6,2,4
Trâgedy,azjolnerub,192,paladin,holy,6,2,4
Djucc,zuljin,192,paladin,holy,6,2,4
Souljahgirl,demon-soul,192,paladin,holy,6,2,4
Aqbean,area-52,192,paladin,holy,6,2,4
Papertïger,illidan,192,paladin,holy,6,2,4
Smôres,sargeras,192,paladin,holy,6,2,4
Jastella,illidan,192,paladin,holy,6,2,4
Drii,moon-guard,192,paladin,holy,6,2,4
Veguê,ragnaros,192,paladin,holy,6,2,4
Valendin,ragnaros,192,paladin,holy,6,2,4
Misakiqs,sargeras,192,paladin,holy,6,2,4
Holyqt,thunderlord,192,paladin,holy,6,2,4
Dathroan,wyrmrest-accord,192,paladin,holy,6,2,4
Hitabull,hyjal,192,paladin,holy,6,2,4
Pearlx,ragnaros,192,paladin,holy,6,2,4
Antoniano,ragnaros,192,paladin,holy,6,2,4
Patpatterson,mannoroth,192,paladin,holy,6,2,4
Romaztlan,area-52,192,paladin,holy,6,2,4
Piscacha,ragnaros,192,paladin,holy,6,2,4
Nachius,ragnaros,192,paladin,holy,6,2,4
Belwiin,ragnaros,192,paladin,holy,6,2,4
Pallydeen,illidan,192,paladin,holy,6,2,4
Svane,thunderlord,192,paladin,holy,6,2,4
Beefjustice,velen,192,paladin,holy,6,2,4
Razzypal,sargeras,192,paladin,holy,6,2,4
Ezlyn,garona,192,paladin,holy,6,2,4
Tumatauenga,burning-blade,192,paladin,holy,6,2,4
Momhips,bloodscalp,192,paladin,holy,6,2,4
Sainttom,sargeras,192,paladin,holy,6,2,4
Kimbr,gallywix,192,paladin,holy,6,2,4
Breach,blades-edge,192,paladin,holy,6,2,4
Raywhite,kelthuzad,192,paladin,holy,6,2,4
Pgpal,kelthuzad,192,paladin,holy,6,2,4
Jabusty,kelthuzad,192,paladin,holy,6,2,4
Tuby,ysondre,192,paladin,holy,6,2,4
Tekar,altar-of-storms,192,paladin,holy,6,2,4
Fanaticiism,ghostlands,192,paladin,holy,6,2,4
Çhitøge,quelthalas,192,paladin,holy,6,2,4
Chinaballoon,moonrunner,192,paladin,holy,6,2,4
Drhades,gnomeregan,192,paladin,holy,6,2,4
Bravomedic,emerald-dream,192,paladin,holy,6,2,4
Câno,quelthalas,192,paladin,holy,6,2,4
Wâr,aegwynn,192,paladin,holy,6,2,4
Holynipple,malganis,192,paladin,holy,6,2,4
Cathandrix,malganis,192,paladin,holy,6,2,4
Fathros,emerald-dream,192,paladin,holy,6,2,4
Navxx,bleeding-hollow,192,paladin,holy,6,2,4
Eicke,malganis,192,paladin,holy,6,2,4
Saviorsavior,bleeding-hollow,192,paladin,holy,6,2,4
Eckò,malganis,192,paladin,holy,6,2,4
Elchupalibre,tichondrius,192,paladin,holy,6,2,4
Bushian,zuljin,192,paladin,holy,6,2,4
Stormwinter,azralon,192,paladin,holy,6,2,4
Lóli,azralon,192,paladin,holy,6,2,4
Ágirlzinha,azralon,192,paladin,holy,6,2,4
Jwølf,tichondrius,192,paladin,holy,6,2,4
Mêshak,burning-legion,192,paladin,holy,6,2,4
Lazydin,tichondrius,192,paladin,holy,6,2,4
Akj,tichondrius,192,paladin,holy,6,2,4
Ironmanfrank,tichondrius,192,paladin,holy,6,2,4
Bakapal,tichondrius,192,paladin,holy,6,2,4
Bubblebuddyy,tichondrius,192,paladin,holy,6,2,4
Gilazhar,eldrethalas,192,paladin,holy,6,2,4
Bubblohseven,tichondrius,192,paladin,holy,6,2,4
Healheal,tichondrius,192,paladin,holy,6,2,4
Dävis,ragnaros,192,paladin,holy,6,2,4
Flintstone,barthilas,192,paladin,holy,6,2,4
Healnsqueal,stormrage,192,paladin,holy,6,2,4
Turnipfãrmer,tichondrius,192,paladin,holy,6,2,4
Goldieg,tichondrius,192,paladin,holy,6,2,4
Bigdmcgee,frostmourne,192,paladin,holy,6,2,4
Toonchies,barthilas,192,paladin,holy,6,2,4
Naxzero,shadowsong,192,paladin,holy,8,2,6
Einheilagr,stormrage,192,paladin,holy,12,2,10
Minzyy,frostmourne,192,paladin,holy,12,2,10
Legendalan,quelthalas,192,paladin,holy,12,2,10
Ajoladin,illidan,192,paladin,holy,12,2,10
Gathnannia,stormrage,192,paladin,holy,12,2,10
Streetacus,stormrage,192,paladin,holy,12,2,10
Cehart,windrunner,192,paladin,holy,12,2,10
Spoons,malganis,192,paladin,holy,12,2,10
Piupiubiu,stormrage,192,paladin,holy,12,2,10
Trojani,malganis,192,paladin,holy,12,2,10
Dwemeor,azuremyst,192,paladin,holy,12,2,10
Initbruv,frostmourne,192,paladin,holy,12,2,10
Giuseppepee,malganis,192,paladin,holy,12,2,10
Märdrius,tichondrius,192,paladin,holy,12,2,10
Markyee,kelthuzad,192,paladin,holy,12,2,10
Gavril,kirin-tor,192,paladin,holy,12,2,10
Vaylindor,area-52,192,paladin,holy,12,2,10
Bohoqt,tichondrius,192,paladin,holy,12,2,10
Bighausse,thrall,192,paladin,holy,12,2,10
Murkpal,frostmourne,192,paladin,holy,12,2,10
Carmiínha,azralon,192,paladin,holy,12,2,10
Leonardò,moon-guard,192,paladin,holy,12,2,10
Reedyjnr,tichondrius,192,paladin,holy,12,2,10
Ronatiú,tichondrius,192,paladin,holy,18,2,16
Tetulia,quelthalas,192,paladin,holy,18,2,16
Saraty,stormrage,192,paladin,holy,18,2,16
Levarious,thunderlord,192,paladin,holy,18,2,16
Waifupaladin,azralon,192,paladin,holy,18,2,16
Prizum,medivh,192,paladin,holy,18,2,16
Shoresy,terokkar,192,paladin,holy,18,2,16
Krypton,tichondrius,192,paladin,holy,18,2,16
Zingaff,tichondrius,192,paladin,holy,18,2,16
Vacasanta,muradin,191,paladin,holy,6,2,4
Margötrobbie,trollbane,191,paladin,holy,6,2,4
Manoelgomes,frostmourne,191,paladin,holy,6,2,4
Basedhumpaly,moon-guard,191,paladin,holy,6,2,4
Holygota,nemesis,191,paladin,holy,6,2,4
Oldmanmark,jubeithos,191,paladin,holy,6,2,4
Arobelse,sargeras,191,paladin,holy,12,2,10
Sapeca,ragnaros,191,paladin,holy,12,2,10
Myû,korgath,160,paladin,holy,10,3,7
Holyclapzy,stormrage,159,paladin,holy,5,2,3
Bior,nordrassil,159,paladin,holy,14,3,11
Itsoverninek,emerald-dream,159,paladin,holy,17,2,15
Alîcë,wyrmrest-accord,138,paladin,holy,7,3,4
Whitedozer,darkspear,138,paladin,holy,10,4,6
Wayneretski,tichondrius,138,paladin,holy,10,3,7
Januaryjoy,sargeras,138,paladin,holy,20,3,17
Zela,ghostlands,137,paladin,holy,21,3,18
Chucknoreis,azralon,96,paladin,holy,6,1,5
Holyvytu,stormrage,96,paladin,holy,6,1,5
Jeppy,emerald-dream,96,paladin,holy,6,1,5
Therëv,zuljin,96,paladin,holy,6,1,5
Cathraga,moknathal,96,paladin,holy,6,1,5
Hamadam,azralon,96,paladin,holy,6,1,5
Oncehumanoid,stormrage,96,paladin,holy,6,1,5
Kimymaroo,azralon,96,paladin,holy,6,1,5
Luxs,tichondrius,96,paladin,holy,6,1,5
Zoneyy,proudmoore,96,paladin,holy,6,1,5
Beautiful,proudmoore,96,paladin,holy,6,1,5
Dárkness,blades-edge,96,paladin,holy,6,1,5
Thorr,trollbane,96,paladin,holy,6,1,5
Deadlyassian,ysera,96,paladin,holy,6,1,5
Ploppers,sargeras,96,paladin,holy,6,1,5
Pigeon,darkspear,96,paladin,holy,6,1,5
Meltedcheese,destromath,96,paladin,holy,6,1,5
Kamí,elune,96,paladin,holy,6,1,5
Parzsival,blood-furnace,96,paladin,holy,6,1,5
Sevina,twisting-nether,96,paladin,holy,6,1,5
Pïñgÿåøpälâ,sargeras,96,paladin,holy,6,1,5
Netéro,skywall,96,paladin,holy,6,1,5
Hibunny,thaurissan,96,paladin,holy,6,1,5
Victores,illidan,96,paladin,holy,6,1,5
Crosjudge,zuljin,96,paladin,holy,6,1,5
Syrenadrel,hydraxis,96,paladin,holy,6,1,5
Sherrill,nagrand,96,paladin,holy,6,1,5
Fakesimp,illidan,96,paladin,holy,6,1,5
Holybuds,barthilas,96,paladin,holy,6,1,5
Bayraa,tichondrius,96,paladin,holy,6,1,5
ßls,illidan,96,paladin,holy,6,1,5
Lyguard,frostmourne,96,paladin,holy,6,1,5
Hammerfest,stormrage,96,paladin,holy,6,1,5
Tìred,illidan,96,paladin,holy,6,1,5
Làtex,sargeras,96,paladin,holy,6,1,5
Mayumei,wyrmrest-accord,96,paladin,holy,6,1,5
Chakris,wyrmrest-accord,96,paladin,holy,6,1,5
Tarpeeksi,tichondrius,96,paladin,holy,6,1,5
Tfcpaladin,the-forgotten-coast,96,paladin,holy,6,1,5
Tradorel,illidan,96,paladin,holy,6,1,5
Khaosactual,proudmoore,96,paladin,holy,6,1,5
Kurook,moon-guard,96,paladin,holy,6,1,5
Trixzthot,barthilas,96,paladin,holy,6,1,5
Tadme,sargeras,96,paladin,holy,6,1,5
Rhinno,lothar,96,paladin,holy,6,1,5
Yikyok,stormrage,96,paladin,holy,6,1,5
Xannxan,area-52,96,paladin,holy,6,1,5
Burgasari,tichondrius,96,paladin,holy,6,1,5
Couchz,area-52,96,paladin,holy,6,1,5
Gringi,blackrock,96,paladin,holy,6,1,5
Mirashock,area-52,96,paladin,holy,6,1,5
Komugì,thrall,96,paladin,holy,6,1,5
Greddlok,rivendare,96,paladin,holy,6,1,5
Veilside,kelthuzad,96,paladin,holy,6,1,5
Hemmy,earthen-ring,96,paladin,holy,6,1,5
Dougiè,boulderfist,96,paladin,holy,6,1,5
Daz,spinebreaker,96,paladin,holy,6,1,5
Jeffylolmar,sargeras,96,paladin,holy,6,1,5
Shartea,winterhoof,96,paladin,holy,6,1,5
Shrektacular,malganis,96,paladin,holy,6,1,5
Arollak,sargeras,96,paladin,holy,6,1,5
Droppain,tichondrius,96,paladin,holy,6,1,5
Razuel,frostmourne,96,paladin,holy,6,1,5
Annhette,sargeras,96,paladin,holy,6,1,5
Litara,malganis,96,paladin,holy,6,1,5
Zwilliam,frostmourne,96,paladin,holy,6,1,5
Wings,arygos,96,paladin,holy,6,1,5
Deloria,aggramar,96,paladin,holy,6,1,5
Frot,kiljaeden,96,paladin,holy,6,1,5
Thaddxero,hyjal,96,paladin,holy,6,1,5
Makíma,tichondrius,96,paladin,holy,6,1,5
Crystals,stormreaver,96,paladin,holy,6,1,5
Retattack,area-52,96,paladin,holy,6,1,5
Palabora,kelthuzad,96,paladin,holy,6,1,5
Qechcan,quelthalas,96,paladin,holy,6,1,5
Vîxey,ragnaros,96,paladin,holy,6,1,5
Boppal,tichondrius,96,paladin,holy,6,1,5
Combidin,garrosh,96,paladin,holy,6,1,5
Lightfdre,rexxar,96,paladin,holy,6,1,5
Traditionalp,area-52,96,paladin,holy,6,1,5
Silreck,ragnaros,96,paladin,holy,6,1,5
Kaynè,senjin,96,paladin,holy,6,1,5
Oofky,ragnaros,96,paladin,holy,6,1,5
Jebpal,tichondrius,96,paladin,holy,9,1,8
Ripadin,dunemaul,96,paladin,holy,11,1,10
Fuknshané,area-52,96,paladin,holy,11,1,10
Grîshnâkh,ragnaros,96,paladin,holy,11,1,10
Midnightboto,dragonmaw,96,paladin,holy,12,1,11
Slapmynei,stormrage,96,paladin,holy,12,1,11
Memenki,azralon,96,paladin,holy,12,1,11
Ordained,moonrunner,96,paladin,holy,12,1,11
Pringonaso,quelthalas,96,paladin,holy,12,1,11
Lgbtsandwich,moon-guard,96,paladin,holy,12,1,11
Soloist,tichondrius,96,paladin,holy,12,1,11
Jwilks,black-dragonflight,96,paladin,holy,12,1,11
Caityline,azralon,96,paladin,holy,12,1,11
Jumahji,illidan,96,paladin,holy,12,1,11
Yccorz,frostmourne,96,paladin,holy,12,1,11
Restarting,tichondrius,96,paladin,holy,12,1,11
Driuling,frostmourne,96,paladin,holy,12,1,11
Pedin,stormrage,96,paladin,holy,12,1,11
Nickpala,bleeding-hollow,96,paladin,holy,12,1,11
Zentrick,whisperwind,96,paladin,holy,12,1,11
Glimglam,aggramar,96,paladin,holy,12,1,11
Dapallytroll,area-52,96,paladin,holy,12,1,11
Vexe,emerald-dream,96,paladin,holy,12,1,11
Cavicjr,bleeding-hollow,96,paladin,holy,12,1,11
Aenwyl,quelthalas,96,paladin,holy,24,1,23
Castïël,area-52,96,paladin,holy,26,1,25
Arlé,stormrage,95,paladin,holy,6,1,5
Ulfhednarx,illidan,95,paladin,holy,12,1,11
Itayia,dalaran,95,paladin,holy,18,1,17
Emilywilis,sargeras,84,paladin,holy,17,5,12
Inarit,thrall,82,paladin,holy,25,5,20
Zaeris,proudmoore,79,paladin,holy,5,1,4
Cyona,gallywix,79,paladin,holy,11,1,10
Vanticp,frostmourne,48,paladin,holy,3,1,2
Jkethuhsnake,ghostlands,48,paladin,holy,21,1,20
Vorstehhund,tichondrius,42,paladin,holy,9,3,6
Mythpally,barthilas,42,paladin,holy,8,2,6
Raiel,aegwynn,42,paladin,holy,9,2,7
Alpinestârs,tichondrius,42,paladin,holy,9,2,7
Enkcarnated,tichondrius,42,paladin,holy,9,2,7
Valemon,malganis,42,paladin,holy,9,2,7
Justinbebr,tichondrius,42,paladin,holy,14,3,11
Beaconlol,proudmoore,42,paladin,holy,10,2,8
Kziwei,stormrage,31,paladin,holy,2,1,1
Shkafell,ragnaros,9,paladin,holy,8,2,6
Oghal,frostmourne,9,paladin,holy,23,3,20
Vanguards,tichondrius,2271,paladin,retribution,112,64,48
Vânguards,tichondrius,2250,paladin,retribution,111,62,49
Thulêan,moon-guard,2231,paladin,retribution,329,166,163
Hollyflame,tichondrius,2228,paladin,retribution,293,153,140
Shotgunzs,tichondrius,2224,paladin,retribution,132,69,63
Vânguârds,tichondrius,2204,paladin,retribution,60,39,21
Rexpeitaboot,azralon,2188,paladin,retribution,107,56,51
Angryvelic,tichondrius,2181,paladin,retribution,138,71,67
Shôtgun,tichondrius,2178,paladin,retribution,168,87,81
Lvladen,sargeras,2174,paladin,retribution,144,71,73
Tramatic,sargeras,2173,paladin,retribution,156,80,76
Forzanapoli,tichondrius,2157,paladin,retribution,115,60,55
Getmeabag,tichondrius,2157,paladin,retribution,102,53,49
Zozo,zuljin,2152,paladin,retribution,95,50,45
Holychris,shadowmoon,2151,paladin,retribution,250,125,125
Imitlol,alexstrasza,2150,paladin,retribution,283,143,140
Notvelic,tichondrius,2145,paladin,retribution,158,81,77
Draenkz,quelthalas,2136,paladin,retribution,87,54,33
Thezenith,tichondrius,2135,paladin,retribution,130,81,49
Chetmorton,emerald-dream,2135,paladin,retribution,96,49,47
Insanity,dethecus,2135,paladin,retribution,150,75,75
Jxke,barthilas,2133,paladin,retribution,88,46,42
Ipomaikai,dragonmaw,2132,paladin,retribution,60,39,21
Iqt,moon-guard,2132,paladin,retribution,178,93,85
Lanteranth,drenden,2130,paladin,retribution,240,121,119
Burnning,tichondrius,2128,paladin,retribution,97,60,37
Cherrypally,area-52,2128,paladin,retribution,71,38,33
Alicê,moon-guard,2123,paladin,retribution,102,54,48
Yowanehaku,illidan,2118,paladin,retribution,66,38,28
Alpinestârs,tichondrius,2118,paladin,retribution,223,116,107
Xiaoqingye,tichondrius,2113,paladin,retribution,212,111,101
Dasp,nagrand,2112,paladin,retribution,84,45,39
Prettycure,illidan,2111,paladin,retribution,84,48,36
Møemøeda,illidan,2111,paladin,retribution,84,42,42
Condiments,earthen-ring,2110,paladin,retribution,144,77,67
Egirlret,tichondrius,2110,paladin,retribution,178,91,87
Coolvelic,tichondrius,2110,paladin,retribution,162,82,80
Furylolz,tichondrius,2109,paladin,retribution,82,42,40
Attkdmgcurry,illidan,2108,paladin,retribution,95,49,46
Wantsome,frostmourne,2107,paladin,retribution,100,53,47
Evanguards,tichondrius,2105,paladin,retribution,202,102,100
Retrachet,thrall,2104,paladin,retribution,78,42,36
Hammrekt,kelthuzad,2104,paladin,retribution,252,129,123
Kíngkáísér,azralon,2103,paladin,retribution,73,46,27
Ryuseiblade,ragnaros,2102,paladin,retribution,138,69,69
Yuji,darkspear,2102,paladin,retribution,108,54,54
Mikeqiaodan,tichondrius,2101,paladin,retribution,230,121,109
Seantate,stormrage,2100,paladin,retribution,73,44,29
Dayuanzhong,tichondrius,2100,paladin,retribution,123,63,60
Aldda,azralon,2100,paladin,retribution,170,85,85
Caperx,tichondrius,2100,paladin,retribution,132,66,66
Xalarius,illidan,2099,paladin,retribution,83,42,41
Venguards,azralon,2093,paladin,retribution,193,99,94
Xxwitcherxx,stormrage,2083,paladin,retribution,186,105,81
Recliner,wyrmrest-accord,2080,paladin,retribution,122,60,62
Attkdamdam,illidan,2074,paladin,retribution,84,44,40
Palakanda,azralon,2071,paladin,retribution,72,42,30
Hallmark,kelthuzad,2069,paladin,retribution,94,52,42
Daxxj,akama,2064,paladin,retribution,290,146,144
Furdaddylant,drenden,2063,paladin,retribution,90,62,28
Kishou,stormrage,2063,paladin,retribution,111,58,53
Quitzz,tichondrius,2050,paladin,retribution,123,61,62
Dankrachet,thrall,2048,paladin,retribution,114,57,57
Picachü,ragnaros,2048,paladin,retribution,160,79,81
Slíckhuman,spinebreaker,2040,paladin,retribution,120,71,49
Memorisë,ragnaros,2036,paladin,retribution,386,202,184
Mcconnell,sargeras,2031,paladin,retribution,83,47,36
Xuantianchai,tichondrius,2030,paladin,retribution,126,68,58
Dtaitou,tichondrius,2029,paladin,retribution,78,38,40
Mashy,moon-guard,2026,paladin,retribution,72,34,38
Galedance,tichondrius,2026,paladin,retribution,88,41,47
Simplybést,zuljin,2024,paladin,retribution,240,120,120
Omnnii,tichondrius,2023,paladin,retribution,124,68,56
Smortain,tichondrius,2019,paladin,retribution,113,55,58
Dúrnir,stormscale,2018,paladin,retribution,84,50,34
Niubcjq,tichondrius,2017,paladin,retribution,66,33,33
Koyoikonan,tichondrius,2016,paladin,retribution,66,43,23
Hamburgeryu,tichondrius,2015,paladin,retribution,154,72,82
Nërfme,illidan,2010,paladin,retribution,77,38,39
Ðepopulâting,moon-guard,2009,paladin,retribution,126,68,58
Puredecuy,ragnaros,2005,paladin,retribution,126,67,59
Awbie,moon-guard,2004,paladin,retribution,173,92,81
Xexe,stormreaver,2004,paladin,retribution,156,76,80
Voidaz,stormscale,2000,paladin,retribution,120,62,58
Swurvezx,bleeding-hollow,1998,paladin,retribution,79,47,32
Theblèss,tichondrius,1998,paladin,retribution,184,89,95
Iäl,tichondrius,1997,paladin,retribution,119,56,63
Thragar,stormrage,1996,paladin,retribution,36,21,15
Hammrekt,illidan,1991,paladin,retribution,60,33,27
Mürlin,illidan,1989,paladin,retribution,346,179,167
Ozzium,ragnaros,1988,paladin,retribution,245,125,120
Pallehx,tichondrius,1988,paladin,retribution,136,65,71
Ðori,tichondrius,1987,paladin,retribution,147,70,77
Genericuser,sargeras,1984,paladin,retribution,82,44,38
Asukaba,sargeras,1984,paladin,retribution,182,91,91
Dreamcastz,tichondrius,1981,paladin,retribution,66,41,25
Grifnballs,agamaggan,1977,paladin,retribution,74,39,35
Palabora,kelthuzad,1975,paladin,retribution,89,51,38
Ashenhallow,alexstrasza,1973,paladin,retribution,42,27,15
Bigdickrick,ragnaros,1972,paladin,retribution,54,32,22
Angelguards,tichondrius,1972,paladin,retribution,72,34,38
Dreamcastx,tichondrius,1971,paladin,retribution,249,123,126
Alodorx,tichondrius,1970,paladin,retribution,48,33,15
Mashbringer,moon-guard,1970,paladin,retribution,137,70,67
Venxpeita,azralon,1969,paladin,retribution,54,41,13
Conndiment,earthen-ring,1968,paladin,retribution,90,45,45
Galess,tichondrius,1968,paladin,retribution,108,51,57
Goldmembër,malganis,1967,paladin,retribution,84,43,41
Metallíka,nemesis,1963,paladin,retribution,220,105,115
Dadadalala,tichondrius,1962,paladin,retribution,48,25,23
Scathol,tichondrius,1962,paladin,retribution,184,91,93
Caveyodeler,zuluhed,1962,paladin,retribution,66,31,35
Mihawk,drenden,1960,paladin,retribution,48,32,16
Galatus,tichondrius,1959,paladin,retribution,119,56,63
Imcjq,tichondrius,1959,paladin,retribution,84,38,46
Kubota,sargeras,1958,paladin,retribution,60,36,24
Luosiding,tichondrius,1958,paladin,retribution,191,90,101
Rendwårchief,garrosh,1957,paladin,retribution,65,38,27
Clapstick,illidan,1957,paladin,retribution,96,46,50
Thørmento,azralon,1956,paladin,retribution,273,137,136
Zanthus,shadow-council,1955,paladin,retribution,41,23,18
Kurôsh,kalecgos,1955,paladin,retribution,96,52,44
Usdacertifed,lightnings-blade,1955,paladin,retribution,334,174,160
Sukilol,tichondrius,1955,paladin,retribution,252,131,121
Mesmi,moon-guard,1954,paladin,retribution,250,133,117
Arquidea,tichondrius,1953,paladin,retribution,156,87,69
Notae,alexstrasza,1952,paladin,retribution,71,37,34
Kaharule,akama,1947,paladin,retribution,108,58,50
Mikhàël,stormscale,1943,paladin,retribution,102,64,38
Bøgård,sargeras,1941,paladin,retribution,299,151,148
Truthkeeper,moon-guard,1941,paladin,retribution,65,30,35
Teniale,moon-guard,1939,paladin,retribution,60,32,28
Dratzq,ragnaros,1938,paladin,retribution,90,49,41
Bartharious,malganis,1935,paladin,retribution,144,68,76
Ohuo,tichondrius,1933,paladin,retribution,376,197,179
Damionblade,proudmoore,1933,paladin,retribution,319,167,152
Matthrian,moon-guard,1933,paladin,retribution,96,43,53
Szeq,tichondrius,1931,paladin,retribution,50,27,23
Panncakeman,tichondrius,1931,paladin,retribution,230,123,107
Nbtv,tichondrius,1931,paladin,retribution,78,36,42
Torinel,illidan,1929,paladin,retribution,71,36,35
Indivisionxp,tichondrius,1928,paladin,retribution,55,34,21
Yérn,barthilas,1928,paladin,retribution,72,41,31
Lazypally,frostmourne,1928,paladin,retribution,102,52,50
Fossilz,sargeras,1927,paladin,retribution,59,31,28
Cagowhite,tichondrius,1926,paladin,retribution,93,47,46
Aëriy,moon-guard,1925,paladin,retribution,48,24,24
Rycard,moon-guard,1924,paladin,retribution,116,72,44
Animepower,moon-guard,1924,paladin,retribution,186,106,80
Addisen,malganis,1924,paladin,retribution,60,30,30
Wasteddwolf,tichondrius,1924,paladin,retribution,225,110,115
Flavor,cairne,1924,paladin,retribution,154,71,83
Stlthykilla,cenarion-circle,1920,paladin,retribution,36,23,13
Hammrekt,dalaran,1920,paladin,retribution,60,32,28
Bigdogchief,stormrage,1920,paladin,retribution,77,40,37
Maledraenei,sargeras,1920,paladin,retribution,143,67,76
Evangelìne,darkspear,1918,paladin,retribution,86,54,32
Chadsteroid,sargeras,1918,paladin,retribution,63,35,28
Slaneesh,ragnaros,1918,paladin,retribution,171,81,90
Rédbarön,illidan,1917,paladin,retribution,131,64,67
Marthellus,quelthalas,1915,paladin,retribution,85,43,42
Bbtea,frostmourne,1914,paladin,retribution,84,38,46
Danceholy,tichondrius,1912,paladin,retribution,170,84,86
Andelko,tichondrius,1912,paladin,retribution,68,32,36
Tribünal,azralon,1911,paladin,retribution,72,40,32
Monkeypala,dathremar,1911,paladin,retribution,54,30,24
Retroreq,tichondrius,1911,paladin,retribution,190,102,88
Homelanderp,tichondrius,1911,paladin,retribution,87,45,42
Divinehammer,proudmoore,1911,paladin,retribution,84,43,41
Shiryn,illidan,1910,paladin,retribution,97,50,47
Filthyape,wyrmrest-accord,1909,paladin,retribution,166,102,64
Roushex,sargeras,1909,paladin,retribution,77,39,38
Zeldoul,magtheridon,1909,paladin,retribution,83,39,44
Goret,tichondrius,1907,paladin,retribution,72,34,38
Furgalicious,area-52,1904,paladin,retribution,125,60,65
Xuanxingchai,tichondrius,1904,paladin,retribution,106,46,60
Bestowed,moon-guard,1903,paladin,retribution,93,46,47
Pomboxd,stormrage,1901,paladin,retribution,167,93,74
Pantufä,stormrage,1900,paladin,retribution,95,47,48
Meatcastle,bleeding-hollow,1899,paladin,retribution,150,66,84
Cryof,illidan,1899,paladin,retribution,78,34,44
Beautiful,proudmoore,1898,paladin,retribution,153,82,71
Zèrà,thunderhorn,1898,paladin,retribution,66,30,36
Kíbá,malganis,1896,paladin,retribution,57,31,26
Velstadt,sargeras,1895,paladin,retribution,78,36,42
Zanur,tichondrius,1893,paladin,retribution,220,112,108
Cønk,khadgar,1892,paladin,retribution,170,100,70
Enjoy,frostmourne,1892,paladin,retribution,176,90,86
Ponytail,dark-iron,1890,paladin,retribution,104,59,45
Peledin,azralon,1890,paladin,retribution,95,48,47
Vendatha,darkspear,1887,paladin,retribution,30,25,5
Lepirate,emerald-dream,1887,paladin,retribution,72,38,34
Ðiviñe,zuluhed,1887,paladin,retribution,277,144,133
Hellsingwolf,zuljin,1885,paladin,retribution,30,20,10
Pécorino,malganis,1884,paladin,retribution,52,31,21
Lilglick,illidan,1884,paladin,retribution,66,35,31
Ålltimer,stormrage,1882,paladin,retribution,54,29,25
Ryanslover,kelthuzad,1881,paladin,retribution,77,44,33
Dazargeros,moon-guard,1880,paladin,retribution,36,22,14
Johnmacclane,azralon,1880,paladin,retribution,251,135,116
Lilcyans,ragnaros,1879,paladin,retribution,121,64,57
Watchamebaba,malganis,1879,paladin,retribution,72,31,41
Alexjones,stormrage,1878,paladin,retribution,84,46,38
Bignum,illidan,1878,paladin,retribution,42,22,20
Mvpj,medivh,1874,paladin,retribution,64,31,33
Praysnblaze,zuljin,1873,paladin,retribution,67,32,35
Leonilx,tichondrius,1873,paladin,retribution,54,24,30
Sâdê,bleeding-hollow,1872,paladin,retribution,42,23,19
Galeast,tichondrius,1871,paladin,retribution,110,53,57
Ämoureux,bleeding-hollow,1871,paladin,retribution,206,96,110
Sôck,zuljin,1871,paladin,retribution,77,32,45
Traize,kelthuzad,1870,paladin,retribution,54,35,19
Lejeñd,stormrage,1870,paladin,retribution,71,38,33
Teknik,stormscale,1870,paladin,retribution,275,141,134
Màli,akama,1870,paladin,retribution,64,24,40
Meleegodx,darkspear,1869,paladin,retribution,66,32,34
Fairgame,dathremar,1869,paladin,retribution,60,28,32
Robo,tichondrius,1867,paladin,retribution,42,26,16
Judgejudyx,sargeras,1866,paladin,retribution,49,33,16
Bisket,illidan,1866,paladin,retribution,89,51,38
Bohring,bleeding-hollow,1865,paladin,retribution,54,29,25
Xilio,tichondrius,1865,paladin,retribution,72,36,36
Mønaka,tichondrius,1864,paladin,retribution,90,56,34
Profundity,area-52,1864,paladin,retribution,82,45,37
Bluerunebar,illidan,1864,paladin,retribution,84,44,40
Kangsang,illidan,1864,paladin,retribution,88,42,46
Stêvêts,tichondrius,1861,paladin,retribution,42,24,18
Bizzaz,moon-guard,1861,paladin,retribution,102,51,51
Juffury,illidan,1861,paladin,retribution,66,32,34
Sweetfish,kiljaeden,1860,paladin,retribution,95,51,44
Talymra,ragnaros,1860,paladin,retribution,72,38,34
Víkk,zuljin,1860,paladin,retribution,182,94,88
Wogharder,stormrage,1860,paladin,retribution,74,34,40
Thebless,tichondrius,1859,paladin,retribution,53,31,22
Chuoo,proudmoore,1859,paladin,retribution,46,22,24
Dubliner,garona,1858,paladin,retribution,65,29,36
Gobblerr,blackrock,1857,paladin,retribution,108,54,54
Therëv,zuljin,1857,paladin,retribution,157,77,80
Mervor,quelthalas,1857,paladin,retribution,83,40,43
Plottwists,bleeding-hollow,1856,paladin,retribution,48,34,14
Ksvoten,azralon,1856,paladin,retribution,53,31,22
Rikkupìgu,sargeras,1856,paladin,retribution,56,30,26
Mwqyyds,tichondrius,1856,paladin,retribution,184,87,97
Saakero,illidan,1855,paladin,retribution,60,32,28
Wackobeef,barthilas,1854,paladin,retribution,71,34,37
Threnødy,malganis,1854,paladin,retribution,53,25,28
Alecx,tichondrius,1853,paladin,retribution,58,33,25
Holyhali,zuljin,1853,paladin,retribution,65,33,32
Huuzhaa,tichondrius,1853,paladin,retribution,110,55,55
Passinpeace,tichondrius,1852,paladin,retribution,48,25,23
Semellem,bloodhoof,1851,paladin,retribution,111,60,51
Apollidin,malganis,1851,paladin,retribution,141,66,75
Avenging,wyrmrest-accord,1850,paladin,retribution,68,33,35
Ezas,moon-guard,1849,paladin,retribution,54,32,22
Solanin,frostmourne,1849,paladin,retribution,35,20,15
Yccorz,frostmourne,1849,paladin,retribution,306,152,154
Fuchí,tichondrius,1848,paladin,retribution,266,131,135
Palypants,proudmoore,1848,paladin,retribution,55,26,29
Rethir,illidan,1847,paladin,retribution,122,72,50
Traceless,emerald-dream,1847,paladin,retribution,162,95,67
Moocowd,senjin,1847,paladin,retribution,66,35,31
Tahonto,malganis,1846,paladin,retribution,54,31,23
Kamadonezuko,illidan,1846,paladin,retribution,190,93,97
Ilyt,illidan,1846,paladin,retribution,54,26,28
Tyrillian,aerie-peak,1846,paladin,retribution,54,24,30
Mcjudgin,kilrogg,1845,paladin,retribution,29,20,9
Thomãs,moon-guard,1845,paladin,retribution,101,55,46
Josxth,stormrage,1845,paladin,retribution,81,44,37
Zenek,zuljin,1845,paladin,retribution,53,28,25
Sacredknight,kelthuzad,1845,paladin,retribution,48,23,25
Paladinaa,lothar,1844,paladin,retribution,60,30,30
Mixz,bleeding-hollow,1843,paladin,retribution,60,36,24
Nishru,sargeras,1843,paladin,retribution,60,32,28
Auxilio,arathor,1843,paladin,retribution,60,29,31
Liv,lightnings-blade,1842,paladin,retribution,42,28,14
Cuteluna,tichondrius,1842,paladin,retribution,78,43,35
Popje,zuljin,1841,paladin,retribution,42,23,19
Eldenblade,moon-guard,1841,paladin,retribution,96,51,45
Ashkandi,tichondrius,1840,paladin,retribution,137,72,65
Obsolete,onyxia,1840,paladin,retribution,161,81,80
Chuckvandam,illidan,1839,paladin,retribution,54,36,18
Naverpay,tichondrius,1839,paladin,retribution,46,26,20
Roguesmoker,zuljin,1839,paladin,retribution,59,31,28
Immobilized,frostmourne,1839,paladin,retribution,58,29,29
Ilaaria,moon-guard,1838,paladin,retribution,72,47,25
Beaconlol,proudmoore,1838,paladin,retribution,149,89,60
Cordelight,moon-guard,1837,paladin,retribution,95,64,31
Kushsessions,zuljin,1837,paladin,retribution,42,20,22
Popwings,azralon,1836,paladin,retribution,62,33,29
Vip,frostmourne,1836,paladin,retribution,108,55,53
Dréveleth,quelthalas,1836,paladin,retribution,200,95,105
Mikkylol,tichondrius,1836,paladin,retribution,67,31,36
Lirtheil,quelthalas,1835,paladin,retribution,54,31,23
Paladincane,sargeras,1835,paladin,retribution,185,99,86
Rengen,frostmourne,1835,paladin,retribution,230,120,110
Lundor,ragnaros,1835,paladin,retribution,208,105,103
Qunima,tichondrius,1835,paladin,retribution,60,30,30
Coldzito,ragnaros,1835,paladin,retribution,48,22,26
Reesescupz,kelthuzad,1834,paladin,retribution,177,93,84
Lolcraftv,tichondrius,1834,paladin,retribution,60,30,30
Bigdaddypuff,cenarius,1834,paladin,retribution,48,24,24
Pramethious,sargeras,1834,paladin,retribution,96,47,49
Dkdldkdld,tichondrius,1833,paladin,retribution,36,27,9
Joeschmo,area-52,1833,paladin,retribution,54,31,23
Thaldun,wyrmrest-accord,1833,paladin,retribution,160,84,76
Masqadin,tichondrius,1832,paladin,retribution,36,26,10
Diebygcd,tichondrius,1832,paladin,retribution,49,30,19
Practícal,moon-guard,1832,paladin,retribution,114,64,50
Angelicwhim,stormrage,1832,paladin,retribution,54,29,25
Garzzy,tichondrius,1832,paladin,retribution,60,31,29
Rugay,sargeras,1831,paladin,retribution,64,35,29
Kraggar,arthas,1831,paladin,retribution,96,52,44
Kaitúr,ragnaros,1831,paladin,retribution,56,29,27
ßò,area-52,1830,paladin,retribution,46,31,15
Hge,proudmoore,1830,paladin,retribution,53,32,21
Bigjiba,proudmoore,1829,paladin,retribution,84,49,35
Darcobs,ragnaros,1829,paladin,retribution,190,100,90
Ìshen,illidan,1829,paladin,retribution,60,31,29
Htmlar,tichondrius,1829,paladin,retribution,88,41,47
Chainsapally,stormrage,1828,paladin,retribution,54,38,16
Ítsyôúñötmé,tichondrius,1828,paladin,retribution,169,96,73
Galeatus,tichondrius,1828,paladin,retribution,132,56,76
Taeret,tichondrius,1827,paladin,retribution,36,23,13
Giulio,moon-guard,1827,paladin,retribution,250,144,106
Xfruitloops,illidan,1827,paladin,retribution,54,31,23
Palli,moon-guard,1827,paladin,retribution,72,37,35
Idenline,moon-guard,1827,paladin,retribution,59,30,29
Notae,icecrown,1826,paladin,retribution,48,26,22
Alvinsane,proudmoore,1826,paladin,retribution,84,45,39
Kuico,ragnaros,1826,paladin,retribution,72,38,34
Wolfs,firetree,1826,paladin,retribution,66,29,37
Alxndrr,area-52,1825,paladin,retribution,108,58,50
Pérona,tichondrius,1825,paladin,retribution,72,36,36
Foofs,shadowmoon,1825,paladin,retribution,59,28,31
Kooi,illidan,1825,paladin,retribution,84,37,47
Xytoken,tichondrius,1824,paladin,retribution,191,106,85
Maverickxz,nemesis,1824,paladin,retribution,89,46,43
Monchmon,tichondrius,1824,paladin,retribution,47,24,23
Tzakial,area-52,1824,paladin,retribution,72,34,38
Whitepally,kiljaeden,1824,paladin,retribution,52,23,29
Secksorcism,frostwolf,1823,paladin,retribution,125,73,52
Mercuryx,tichondrius,1823,paladin,retribution,66,31,35
Siire,darkspear,1822,paladin,retribution,152,84,68
Saradomin,kelthuzad,1822,paladin,retribution,129,66,63
Tofuupal,tichondrius,1822,paladin,retribution,126,64,62
Miktley,area-52,1822,paladin,retribution,77,37,40
Saakadin,illidan,1821,paladin,retribution,48,29,19
Olixx,blackrock,1821,paladin,retribution,54,30,24
Promethèus,jubeithos,1821,paladin,retribution,66,34,32
Lecheroø,tichondrius,1820,paladin,retribution,96,56,40
Badbad,icecrown,1820,paladin,retribution,42,23,19
Malakor,thrall,1820,paladin,retribution,150,79,71
Jonathein,barthilas,1820,paladin,retribution,206,106,100
Sunglow,skywall,1820,paladin,retribution,60,29,31
Softmograne,tichondrius,1820,paladin,retribution,60,28,32
Bornterrible,queldorei,1820,paladin,retribution,60,26,34
Kádabrak,tichondrius,1819,paladin,retribution,66,41,25
Draidan,area-52,1819,paladin,retribution,131,81,50
Blackcandle,tichondrius,1819,paladin,retribution,48,29,19
Yorøchi,azralon,1819,paladin,retribution,57,31,26
Backdrop,proudmoore,1819,paladin,retribution,169,91,78
Geöspäwn,tichondrius,1819,paladin,retribution,39,20,19
Pistis,kelthuzad,1819,paladin,retribution,76,37,39
Anbivilent,moon-guard,1819,paladin,retribution,54,23,31
Cardynivans,tichondrius,1819,paladin,retribution,67,25,42
Warstompgg,ragnaros,1818,paladin,retribution,36,25,11
Jâkê,area-52,1818,paladin,retribution,60,35,25
Marvallous,area-52,1818,paladin,retribution,132,73,59
Hurv,area-52,1818,paladin,retribution,95,50,45
Holybubble,silvermoon,1818,paladin,retribution,60,29,31
Dorex,moon-guard,1817,paladin,retribution,111,72,39
Nr,blood-furnace,1817,paladin,retribution,54,32,22
Hînøkåmí,tichondrius,1817,paladin,retribution,71,40,31
Impkpal,tichondrius,1817,paladin,retribution,73,39,34
Dwimberlike,ragnaros,1816,paladin,retribution,56,37,19
Dippedlol,tichondrius,1816,paladin,retribution,84,48,36
Kumdonia,illidan,1816,paladin,retribution,36,19,17
Randomwalk,illidan,1816,paladin,retribution,66,34,32
Bubblemark,tichondrius,1816,paladin,retribution,163,80,83
Kattkaffe,tichondrius,1816,paladin,retribution,72,33,39
Kíngkáiser,azralon,1815,paladin,retribution,46,27,19
Theboxx,frostmourne,1815,paladin,retribution,51,23,28
Badcat,dentarg,1815,paladin,retribution,76,32,44
Bebitufiufiu,illidan,1814,paladin,retribution,57,36,21
Loisterly,bladefist,1814,paladin,retribution,140,76,64
Dreneisha,malganis,1814,paladin,retribution,89,47,42
Nhsvikings,bleeding-hollow,1814,paladin,retribution,136,71,65
Zulmay,malganis,1814,paladin,retribution,156,78,78
Aeterias,dalaran,1813,paladin,retribution,307,160,147
Dorktanian,stormrage,1813,paladin,retribution,78,40,38
Tymy,tichondrius,1813,paladin,retribution,57,29,28
Heatyr,malganis,1813,paladin,retribution,59,28,31
Lovy,area-52,1813,paladin,retribution,66,30,36
Pallysmack,stormrage,1812,paladin,retribution,48,28,20
Lightslion,stormrage,1812,paladin,retribution,96,53,43
Allohes,area-52,1812,paladin,retribution,52,28,24
Moød,ragnaros,1812,paladin,retribution,185,99,86
Guggle,lothar,1812,paladin,retribution,60,32,28
Incubus,rexxar,1812,paladin,retribution,72,33,39
Stolzy,tichondrius,1812,paladin,retribution,86,39,47
Rethumtv,tichondrius,1812,paladin,retribution,72,30,42
Arkadiano,drakkari,1812,paladin,retribution,78,29,49
Primaryee,tichondrius,1811,paladin,retribution,133,59,74
Holreshee,tichondrius,1810,paladin,retribution,54,31,23
Rasler,stormrage,1810,paladin,retribution,369,188,181
Ienhova,area-52,1810,paladin,retribution,72,36,36
Ladeon,proudmoore,1809,paladin,retribution,72,44,28
Taéyeon,quelthalas,1809,paladin,retribution,140,77,63
Selivara,zuljin,1809,paladin,retribution,60,30,30
Jameson,andorhal,1808,paladin,retribution,36,24,12
Fussyotter,stormreaver,1808,paladin,retribution,103,59,44
Lasteroy,nemesis,1808,paladin,retribution,159,89,70
Faladrim,moon-guard,1808,paladin,retribution,277,149,128
Raxadin,stormrage,1808,paladin,retribution,60,30,30
Lânnâ,tichondrius,1808,paladin,retribution,60,26,34
Subtilizer,tichondrius,1807,paladin,retribution,60,36,24
Liadrives,area-52,1807,paladin,retribution,144,83,61
Downways,sargeras,1807,paladin,retribution,73,39,34
Cinacalcet,dalaran,1807,paladin,retribution,69,36,33
Ratg,frostmourne,1807,paladin,retribution,46,24,22
Suro,moon-guard,1807,paladin,retribution,84,41,43
Chadatron,tichondrius,1807,paladin,retribution,66,32,34
Pornenjoyer,dalaran,1806,paladin,retribution,30,19,11
Johnp,spirestone,1806,paladin,retribution,47,27,20
Ópsv,quelthalas,1806,paladin,retribution,197,113,84
Ròwdy,area-52,1806,paladin,retribution,47,25,22
Shirael,ragnaros,1806,paladin,retribution,201,105,96
Pambeazley,bronzebeard,1806,paladin,retribution,46,23,23
Elcíd,quelthalas,1806,paladin,retribution,210,103,107
Zeyrox,stormrage,1806,paladin,retribution,54,26,28
Fatkidslag,sargeras,1806,paladin,retribution,60,28,32
Annihilàtion,frostmourne,1805,paladin,retribution,42,30,12
Tearet,tichondrius,1805,paladin,retribution,42,28,14
Tævèn,tichondrius,1805,paladin,retribution,48,26,22
Ibullyourmom,tichondrius,1805,paladin,retribution,167,85,82
Koketsu,ragnaros,1805,paladin,retribution,219,109,110
Ironblade,zuljin,1804,paladin,retribution,54,29,25
Wrathofangus,nesingwary,1804,paladin,retribution,36,19,17
Vernon,ragnaros,1804,paladin,retribution,72,36,36
Lawdeedawh,tichondrius,1804,paladin,retribution,54,27,27
Lumbersnack,moon-guard,1804,paladin,retribution,75,36,39
Thantore,scilla,1804,paladin,retribution,76,34,42
Justicejosh,frostmourne,1803,paladin,retribution,42,25,17
Reypally,dalaran,1803,paladin,retribution,132,66,66
Candysugar,tichondrius,1802,paladin,retribution,104,58,46
Arkcadius,frostmourne,1802,paladin,retribution,96,52,44
Chestbrah,nemesis,1802,paladin,retribution,102,53,49
Zelowrath,emerald-dream,1801,paladin,retribution,24,19,5
Bakapal,tichondrius,1801,paladin,retribution,144,79,65
Tèhflip,tichondrius,1801,paladin,retribution,36,19,17
Gunderbok,emerald-dream,1801,paladin,retribution,63,33,30
Hargol,stormrage,1801,paladin,retribution,126,60,66
Blooderty,bleeding-hollow,1800,paladin,retribution,120,72,48
Iloveyouxoxo,tichondrius,1800,paladin,retribution,54,29,25
Duhvine,malganis,1800,paladin,retribution,41,22,19
Lunalunar,quelthalas,1800,paladin,retribution,71,32,39
Ha,bleeding-hollow,1800,paladin,retribution,64,26,38
Määx,bleeding-hollow,1799,paladin,retribution,42,25,17
Holyfused,illidan,1797,paladin,retribution,73,34,39
Heizero,area-52,1796,paladin,retribution,60,36,24
Buckey,kilrogg,1795,paladin,retribution,87,49,38
Çestlavie,korgath,1795,paladin,retribution,119,65,54
Dampenedxd,bleeding-hollow,1795,paladin,retribution,116,55,61
Voodoovon,tichondrius,1792,paladin,retribution,131,66,65
Coldzerox,ragnaros,1792,paladin,retribution,173,87,86
ßountystrike,sargeras,1792,paladin,retribution,90,42,48
Gelosagrado,illidan,1792,paladin,retribution,201,91,110
Fylerz,blackhand,1790,paladin,retribution,112,63,49
Cesah,tichondrius,1787,paladin,retribution,30,19,11
Akemih,ragnaros,1786,paladin,retribution,126,66,60
Outkas,area-52,1786,paladin,retribution,66,32,34
Youguessedit,stormrage,1785,paladin,retribution,30,19,11
Comeuppance,wyrmrest-accord,1785,paladin,retribution,202,108,94
Wîckèd,tichondrius,1785,paladin,retribution,83,42,41
Borntobebad,barthilas,1785,paladin,retribution,60,30,30
Jerichô,destromath,1784,paladin,retribution,107,48,59
Areuss,tichondrius,1783,paladin,retribution,41,22,19
Giørther,ragnaros,1783,paladin,retribution,57,29,28
Manryux,tichondrius,1783,paladin,retribution,40,20,20
Retsaíyan,tichondrius,1783,paladin,retribution,66,31,35
Uglyboyryan,sargeras,1782,paladin,retribution,54,31,23
Daylin,tichondrius,1782,paladin,retribution,89,48,41
Nizzy,caelestrasz,1782,paladin,retribution,72,34,38
Radacos,emerald-dream,1781,paladin,retribution,201,106,95
Parlore,moon-guard,1781,paladin,retribution,192,98,94
Émiluss,stormrage,1781,paladin,retribution,72,35,37
Dazn,tichondrius,1781,paladin,retribution,106,43,63
Trensei,emerald-dream,1780,paladin,retribution,48,23,25
Jhasøn,quelthalas,1779,paladin,retribution,66,42,24
Nerfmefaster,illidan,1779,paladin,retribution,90,51,39
Utherparty,frostmourne,1779,paladin,retribution,143,79,64
Knuckifubuck,illidan,1778,paladin,retribution,42,25,17
Zakladchick,illidan,1778,paladin,retribution,48,26,22
Holywaffle,nemesis,1778,paladin,retribution,235,122,113
Disappearing,stormrage,1777,paladin,retribution,66,39,27
Req,barthilas,1777,paladin,retribution,54,30,24
Weike,barthilas,1777,paladin,retribution,199,100,99
Poppmybubble,frostmourne,1776,paladin,retribution,53,32,21
Vanquishy,burning-legion,1775,paladin,retribution,48,25,23
Whathehell,black-dragonflight,1775,paladin,retribution,270,136,134
Leaelda,wyrmrest-accord,1773,paladin,retribution,64,30,34
Ulcerà,azralon,1773,paladin,retribution,90,42,48
Toughxguy,sargeras,1772,paladin,retribution,121,60,61
Rashbringer,azgalor,1771,paladin,retribution,79,41,38
Immensepower,tichondrius,1771,paladin,retribution,42,21,21
Syleith,shadow-council,1771,paladin,retribution,127,60,67
Gripadin,tichondrius,1771,paladin,retribution,72,33,39
Honeydutchtv,black-dragonflight,1771,paladin,retribution,180,80,100
Erodan,moon-guard,1771,paladin,retribution,127,56,71
Danaimei,tichondrius,1768,paladin,retribution,74,38,36
Ahsilum,frostmourne,1768,paladin,retribution,138,64,74
Tæven,tichondrius,1768,paladin,retribution,60,27,33
Genovah,sargeras,1767,paladin,retribution,54,30,24
Rahkinishu,khaz-modan,1766,paladin,retribution,189,109,80
Fixyouz,mannoroth,1765,paladin,retribution,42,23,19
Hojdin,tichondrius,1765,paladin,retribution,42,20,22
Wde,zuljin,1764,paladin,retribution,67,30,37
Xinqingle,tichondrius,1763,paladin,retribution,105,57,48
Vanas,stormrage,1763,paladin,retribution,99,49,50
Luke,frostwolf,1763,paladin,retribution,64,27,37
Tubular,area-52,1762,paladin,retribution,97,58,39
Antlkd,quelthalas,1762,paladin,retribution,84,42,42
Chenghisret,tichondrius,1762,paladin,retribution,48,24,24
Xygra,stormrage,1762,paladin,retribution,54,25,29
Bostonbird,sargeras,1761,paladin,retribution,53,25,28
Lucy,sargeras,1761,paladin,retribution,125,57,68
Bübbleqt,exodar,1760,paladin,retribution,51,29,22
Lyrz,sargeras,1760,paladin,retribution,165,91,74
Bravsirrobin,firetree,1760,paladin,retribution,41,20,21
Atair,antonidas,1759,paladin,retribution,57,33,24
Rimjobrachel,barthilas,1759,paladin,retribution,142,76,66
Retxsilver,thrall,1759,paladin,retribution,148,72,76
Younghova,kelthuzad,1759,paladin,retribution,96,43,53
Aiethyria,tichondrius,1758,paladin,retribution,66,38,28
Golden,tichondrius,1758,paladin,retribution,60,28,32
Valytonz,wyrmrest-accord,1758,paladin,retribution,108,48,60
Aiseyqt,frostmourne,1757,paladin,retribution,192,115,77
Britanybich,area-52,1757,paladin,retribution,78,39,39
Drriz,stormrage,1757,paladin,retribution,54,21,33
Shawra,moon-guard,1756,paladin,retribution,30,20,10
Izidar,tichondrius,1756,paladin,retribution,70,45,25
Soulyholy,tichondrius,1756,paladin,retribution,54,32,22
Warmpôcket,proudmoore,1756,paladin,retribution,199,100,99
Nume,nesingwary,1756,paladin,retribution,117,54,63
Hristian,tichondrius,1755,paladin,retribution,148,79,69
Holycots,stormrage,1755,paladin,retribution,118,55,63
Lilthroatbby,malganis,1755,paladin,retribution,186,86,100
Quinnzel,barthilas,1754,paladin,retribution,74,41,33
Swiftskillz,bleeding-hollow,1754,paladin,retribution,213,117,96
Elëssar,ragnaros,1754,paladin,retribution,245,127,118
Keltar,burning-blade,1753,paladin,retribution,36,22,14
Daleroth,ragnaros,1753,paladin,retribution,63,38,25
Palban,tichondrius,1752,paladin,retribution,151,82,69
Neonblade,illidan,1752,paladin,retribution,88,42,46
Strøngkiing,bleeding-hollow,1752,paladin,retribution,155,73,82
Floquiinhos,azralon,1751,paladin,retribution,102,50,52
Adamantïum,azralon,1751,paladin,retribution,72,27,45
Soverejgn,bleeding-hollow,1749,paladin,retribution,700,343,357
Imcomingbro,blackrock,1749,paladin,retribution,80,38,42
Ibustcheeks,sargeras,1746,paladin,retribution,125,68,57
Azerothmajor,tichondrius,1745,paladin,retribution,71,34,37
Goldskìn,sargeras,1744,paladin,retribution,72,31,41
Holyflopper,malganis,1744,paladin,retribution,86,37,49
Gimli,mannoroth,1744,paladin,retribution,72,30,42
Gexqt,dalaran,1743,paladin,retribution,51,28,23
Kalgormoth,ragnaros,1743,paladin,retribution,95,44,51
Htnhy,aegwynn,1743,paladin,retribution,60,24,36
Oldsixqs,illidan,1742,paladin,retribution,86,53,33
Gwff,tichondrius,1741,paladin,retribution,47,23,24
Ðreico,ragnaros,1741,paladin,retribution,66,28,38
ßöbby,sargeras,1740,paladin,retribution,78,43,35
Pallyhorse,tichondrius,1740,paladin,retribution,54,26,28
Aldhebarán,ragnaros,1740,paladin,retribution,54,26,28
Funk,sargeras,1740,paladin,retribution,42,19,23
Zett,jubeithos,1739,paladin,retribution,198,92,106
Grifnshlong,agamaggan,1738,paladin,retribution,63,35,28
Hamerfall,tichondrius,1738,paladin,retribution,96,48,48
Pheonixpally,azralon,1738,paladin,retribution,144,67,77
Tereberos,moon-guard,1737,paladin,retribution,35,22,13
Kaupe,barthilas,1737,paladin,retribution,71,33,38
Umbrasanctus,daggerspine,1736,paladin,retribution,272,145,127
Cexus,tichondrius,1736,paladin,retribution,41,19,22
Gellehar,barthilas,1735,paladin,retribution,36,19,17
Sventyn,frostmourne,1735,paladin,retribution,65,28,37
Palimedic,sargeras,1734,paladin,retribution,114,55,59
Oneshotman,stormrage,1733,paladin,retribution,57,28,29
Jereth,kelthuzad,1732,paladin,retribution,107,58,49
Sugnidrom,frostmourne,1732,paladin,retribution,124,65,59
Clee,sargeras,1730,paladin,retribution,159,82,77
Waffletrain,tichondrius,1729,paladin,retribution,94,46,48
Söuth,ragnaros,1728,paladin,retribution,54,32,22
Thebubbajay,illidan,1728,paladin,retribution,92,49,43
Claudleon,drakkari,1728,paladin,retribution,67,34,33
Xiddin,frostmourne,1728,paladin,retribution,78,39,39
Theseusz,tichondrius,1727,paladin,retribution,84,53,31
Moto,korgath,1727,paladin,retribution,41,25,16
Thrax,spirestone,1727,paladin,retribution,129,59,70
Cristø,stormrage,1727,paladin,retribution,72,30,42
Libertylol,tichondrius,1726,paladin,retribution,67,39,28
Schwârts,blackrock,1726,paladin,retribution,118,68,50
Ärlex,moon-guard,1726,paladin,retribution,39,20,19
Craq,alexstrasza,1726,paladin,retribution,152,76,76
Aegious,darkspear,1726,paladin,retribution,161,80,81
Brioc,tichondrius,1726,paladin,retribution,69,33,36
Typhoontravv,thrall,1726,paladin,retribution,43,19,24
Bladetm,proudmoore,1725,paladin,retribution,288,152,136
Redemptiøn,nemesis,1725,paladin,retribution,114,56,58
Æpaldin,tichondrius,1725,paladin,retribution,62,28,34
Coleta,stormrage,1724,paladin,retribution,60,37,23
Valinorean,nemesis,1724,paladin,retribution,45,21,24
Toofgape,sargeras,1724,paladin,retribution,52,24,28
Thenextx,illidan,1724,paladin,retribution,102,44,58
Palabeshar,area-52,1724,paladin,retribution,66,27,39
Stax,moon-guard,1724,paladin,retribution,78,30,48
Riseandgrind,tichondrius,1723,paladin,retribution,36,18,18
Haiden,goldrinn,1722,paladin,retribution,81,38,43
Feelsögood,tichondrius,1721,paladin,retribution,111,60,51
Marvinceo,stormreaver,1721,paladin,retribution,36,18,18
Zzerox,ragnaros,1721,paladin,retribution,48,22,26
Cès,tichondrius,1720,paladin,retribution,24,18,6
Lorenzinho,azralon,1719,paladin,retribution,198,108,90
Actionb,aggramar,1719,paladin,retribution,163,82,81
Bizaro,malganis,1719,paladin,retribution,54,21,33
Runö,frostmourne,1719,paladin,retribution,73,27,46
Clownfister,barthilas,1718,paladin,retribution,90,48,42
Holysimp,anetheron,1717,paladin,retribution,36,22,14
Goldnhart,wyrmrest-accord,1717,paladin,retribution,152,78,74
Apnea,ragnaros,1717,paladin,retribution,209,98,111
Aora,kiljaeden,1717,paladin,retribution,72,30,42
Éætûgýäëí,area-52,1716,paladin,retribution,42,18,24
Lgbtsandwich,moon-guard,1715,paladin,retribution,112,62,50
Hellfound,bleeding-hollow,1715,paladin,retribution,71,37,34
Dmghack,tichondrius,1714,paladin,retribution,54,24,30
Mabia,tichondrius,1712,paladin,retribution,120,58,62
Midheaven,moon-guard,1711,paladin,retribution,77,47,30
Sonatas,ursin,1711,paladin,retribution,51,30,21
Orindel,tichondrius,1711,paladin,retribution,46,26,20
Kendren,ragnaros,1711,paladin,retribution,85,41,44
Powermonster,tichondrius,1711,paladin,retribution,59,28,31
Emaus,tichondrius,1711,paladin,retribution,72,28,44
Mmbakes,shadowsong,1710,paladin,retribution,54,30,24
Nite,thrall,1710,paladin,retribution,36,18,18
Lánná,tichondrius,1708,paladin,retribution,36,21,15
Shádøwy,azralon,1708,paladin,retribution,148,79,69
Ënfos,azralon,1708,paladin,retribution,104,54,50
Fluffnac,tichondrius,1708,paladin,retribution,42,21,21
Handyandy,kelthuzad,1708,paladin,retribution,108,47,61
Yezzyll,korgath,1707,paladin,retribution,42,23,19
Hôtt,kul-tiras,1707,paladin,retribution,37,19,18
Thoreal,thrall,1707,paladin,retribution,132,67,65
Brinnia,hyjal,1707,paladin,retribution,54,25,29
Wonpaiv,frostmourne,1706,paladin,retribution,67,35,32
Gospel,duskwood,1705,paladin,retribution,48,32,16
Happybubbles,tichondrius,1705,paladin,retribution,54,32,22
Quadrifoglio,moon-guard,1705,paladin,retribution,168,91,77
Bloodrefuge,tichondrius,1705,paladin,retribution,36,19,17
Blackpie,bleeding-hollow,1705,paladin,retribution,54,28,26
Parkwons,tichondrius,1705,paladin,retribution,123,57,66
Nitemareforu,stormreaver,1704,paladin,retribution,102,59,43
Oneaßoveall,azralon,1704,paladin,retribution,103,57,46
Whosyadaddy,tichondrius,1704,paladin,retribution,241,121,120
Helldevil,zuljin,1703,paladin,retribution,69,34,35
Makayla,kiljaeden,1703,paladin,retribution,48,22,26
Sevrin,frostmourne,1703,paladin,retribution,46,19,27
Bakafish,tichondrius,1702,paladin,retribution,24,18,6
Raelan,icecrown,1702,paladin,retribution,107,70,37
Holyroro,area-52,1702,paladin,retribution,73,43,30
Heavenlyfire,zuljin,1702,paladin,retribution,114,62,52
Retrowrath,stormrage,1702,paladin,retribution,72,30,42
Pathalerix,eonar,1701,paladin,retribution,67,37,30
Wonpai,frostmourne,1701,paladin,retribution,48,24,24
Pickleret,emerald-dream,1701,paladin,retribution,155,75,80
Auranove,azralon,1701,paladin,retribution,48,21,27
Wutefuh,azgalor,1700,paladin,retribution,75,43,32
Stinkypínky,tichondrius,1700,paladin,retribution,66,35,31
Triston,area-52,1700,paladin,retribution,190,97,93
Alequin,stormrage,1700,paladin,retribution,66,33,33
Zazaron,kiljaeden,1700,paladin,retribution,89,44,45
Eneraxx,proudmoore,1700,paladin,retribution,54,24,30
Pallydestroy,stormrage,1699,paladin,retribution,60,23,37
Beefjustice,velen,1698,paladin,retribution,127,69,58
Whyta,azralon,1698,paladin,retribution,270,141,129
Munaru,illidan,1697,paladin,retribution,69,40,29
Tuuro,stormrage,1697,paladin,retribution,444,221,223
Bizarrap,quelthalas,1696,paladin,retribution,115,64,51
Saven,proudmoore,1696,paladin,retribution,84,39,45
Áldin,ragnaros,1695,paladin,retribution,95,50,45
Bigdaddysdic,illidan,1695,paladin,retribution,120,59,61
Sconey,andorhal,1695,paladin,retribution,52,25,27
Rönän,sargeras,1695,paladin,retribution,56,25,31
Axeliee,kiljaeden,1695,paladin,retribution,65,29,36
Jowliet,stormrage,1695,paladin,retribution,57,25,32
Axcvnz,draka,1694,paladin,retribution,42,23,19
Palajeans,stormrage,1694,paladin,retribution,69,37,32
Rahmie,kiljaeden,1694,paladin,retribution,131,61,70
Jianwen,kargath,1694,paladin,retribution,48,22,26
Tonimâster,misha,1693,paladin,retribution,71,36,35
Ÿøzsh,azralon,1692,paladin,retribution,122,62,60
Justnikop,tichondrius,1692,paladin,retribution,115,56,59
Dârkk,tichondrius,1691,paladin,retribution,36,20,16
Garlond,moon-guard,1691,paladin,retribution,78,42,36
Razneroka,ragnaros,1690,paladin,retribution,75,44,31
Frepz,illidan,1690,paladin,retribution,92,47,45
Scrubble,thrall,1690,paladin,retribution,114,56,58
Abegáil,area-52,1690,paladin,retribution,102,47,55
Kadabrak,area-52,1690,paladin,retribution,48,22,26
Wryly,mannoroth,1690,paladin,retribution,62,24,38
Lalatinx,quelthalas,1689,paladin,retribution,156,79,77
Redoubt,archimonde,1689,paladin,retribution,59,27,32
Demonissh,area-52,1689,paladin,retribution,63,27,36
Halrix,stormrage,1688,paladin,retribution,177,96,81
Titannious,stormrage,1688,paladin,retribution,143,70,73
Zoroastrø,azralon,1688,paladin,retribution,42,20,22
Scarotv,malganis,1688,paladin,retribution,125,59,66
Bubbledober,tichondrius,1687,paladin,retribution,36,21,15
Toguro,kelthuzad,1687,paladin,retribution,103,57,46
Varhald,quelthalas,1687,paladin,retribution,63,33,30
Healmeboi,tichondrius,1687,paladin,retribution,116,60,56
Noctisu,tichondrius,1687,paladin,retribution,48,18,30
Vanath,bleeding-hollow,1686,paladin,retribution,60,32,28
Schmïtty,tichondrius,1686,paladin,retribution,60,31,29
Oathen,proudmoore,1685,paladin,retribution,62,31,31
Notoriouus,bleeding-hollow,1685,paladin,retribution,90,41,49
Bloodside,sargeras,1684,paladin,retribution,53,37,16
Procs,hyjal,1684,paladin,retribution,124,80,44
Roachpally,area-52,1684,paladin,retribution,30,19,11
Damnhammer,tichondrius,1684,paladin,retribution,48,30,18
Wing,frostwolf,1684,paladin,retribution,96,49,47
Sourpatchh,stormrage,1684,paladin,retribution,94,46,48
Jafbe,mugthol,1684,paladin,retribution,41,20,21
Gabbynator,emerald-dream,1684,paladin,retribution,136,61,75
Sandokhán,ragnaros,1684,paladin,retribution,91,38,53
Miniell,tichondrius,1683,paladin,retribution,50,25,25
Tarucake,thrall,1682,paladin,retribution,36,22,14
Shakalot,illidan,1682,paladin,retribution,150,71,79
Bigboiszn,area-52,1681,paladin,retribution,72,30,42
Andrixi,bonechewer,1680,paladin,retribution,30,19,11
Shieldheart,moon-guard,1680,paladin,retribution,48,26,22
Bigmilkdog,tichondrius,1680,paladin,retribution,108,55,53
Lillm,malganis,1680,paladin,retribution,126,64,62
Healsonyou,windrunner,1680,paladin,retribution,54,22,32
Bravepala,tichondrius,1680,paladin,retribution,54,20,34
Allîe,malganis,1679,paladin,retribution,105,56,49
Mortaine,moon-guard,1679,paladin,retribution,264,127,137
Sasorï,stormrage,1679,paladin,retribution,96,44,52
Mílkywayx,stormrage,1678,paladin,retribution,132,68,64
Poisson,wildhammer,1678,paladin,retribution,75,37,38
Insîght,frostmourne,1678,paladin,retribution,70,27,43
Neovincent,aggramar,1677,paladin,retribution,120,67,53
Rendyrend,frostmourne,1677,paladin,retribution,36,18,18
Chuizz,frostmourne,1676,paladin,retribution,116,50,66
Sukmyret,sargeras,1676,paladin,retribution,79,33,46
Undrgrndman,dalaran,1676,paladin,retribution,46,19,27
Litler,tichondrius,1675,paladin,retribution,50,35,15
Releváncé,barthilas,1674,paladin,retribution,114,64,50
Lanach,lightbringer,1674,paladin,retribution,94,49,45
Jelial,chogall,1674,paladin,retribution,129,65,64
Orivia,spirestone,1674,paladin,retribution,72,36,36
Rxes,frostmourne,1674,paladin,retribution,135,65,70
Beardedbrute,korgath,1674,paladin,retribution,54,24,30
Navicc,zuljin,1673,paladin,retribution,47,27,20
Dentarg,garrosh,1673,paladin,retribution,150,85,65
Souldrainlol,quelthalas,1673,paladin,retribution,158,87,71
Dippedxd,tichondrius,1673,paladin,retribution,126,63,63
Rhegyna,quelthalas,1672,paladin,retribution,102,56,46
Moolishous,frostmourne,1672,paladin,retribution,95,51,44
Steelemantle,moon-guard,1672,paladin,retribution,102,54,48
Lhacius,drakkari,1672,paladin,retribution,46,22,24
Rektwings,area-52,1672,paladin,retribution,102,47,55
Zensargge,tichondrius,1672,paladin,retribution,114,48,66
Alduur,aggramar,1671,paladin,retribution,60,33,27
Griffïth,thrall,1671,paladin,retribution,42,23,19
Aoishie,bleeding-hollow,1671,paladin,retribution,152,81,71
Aleríon,ragnaros,1671,paladin,retribution,192,100,92
Restarting,tichondrius,1671,paladin,retribution,48,24,24
Smashpally,sargeras,1671,paladin,retribution,101,48,53
Redspine,azralon,1671,paladin,retribution,54,22,32
Chriskriego,frostmourne,1671,paladin,retribution,60,24,36
Kozk,quelthalas,1670,paladin,retribution,416,223,193
Crisxax,mugthol,1670,paladin,retribution,48,25,23
Ledster,kelthuzad,1670,paladin,retribution,66,27,39
Damndoi,tichondrius,1669,paladin,retribution,66,39,27
Pumperjer,tichondrius,1669,paladin,retribution,53,26,27
Boarfarmer,tichondrius,1669,paladin,retribution,48,23,25
Xerobite,quelthalas,1669,paladin,retribution,103,49,54
Slashnroses,tichondrius,1669,paladin,retribution,56,24,32
Bubbleblast,elune,1669,paladin,retribution,48,20,28
Hupa,crushridge,1668,paladin,retribution,48,24,24
Jaybbers,malganis,1667,paladin,retribution,54,35,19
Holdup,moon-guard,1667,paladin,retribution,119,72,47
Alexieus,wyrmrest-accord,1667,paladin,retribution,107,54,53
Reptila,bonechewer,1667,paladin,retribution,42,20,22
Reckcowning,area-52,1667,paladin,retribution,54,23,31
Yáhtzee,tichondrius,1666,paladin,retribution,40,20,20
Shuckles,windrunner,1666,paladin,retribution,67,31,36
Traditionalp,area-52,1665,paladin,retribution,61,36,25
Xeldar,tichondrius,1665,paladin,retribution,119,60,59
Alvick,icecrown,1665,paladin,retribution,54,27,27
Anjurus,moon-guard,1664,paladin,retribution,42,24,18
Pallyzo,zuljin,1664,paladin,retribution,48,26,22
Pique,malganis,1664,paladin,retribution,42,22,20
Markcrisman,quelthalas,1664,paladin,retribution,119,59,60
Ownedcrazy,stormrage,1664,paladin,retribution,60,22,38
Capedcrusade,area-52,1663,paladin,retribution,72,45,27
Alacrity,shadowsong,1663,paladin,retribution,123,67,56
Stompëd,proudmoore,1663,paladin,retribution,62,29,33
Pauliss,sargeras,1663,paladin,retribution,60,24,36
Bootcrusader,thrall,1662,paladin,retribution,33,21,12
Talivar,kelthuzad,1662,paladin,retribution,173,94,79
Derigoth,quelthalas,1662,paladin,retribution,132,67,65
Rukkas,sargeras,1662,paladin,retribution,66,28,38
Bøble,thrall,1662,paladin,retribution,84,35,49
Nadinebb,proudmoore,1662,paladin,retribution,58,23,35
Ilse,deathwing,1661,paladin,retribution,26,19,7
Finaljustice,sargeras,1661,paladin,retribution,30,19,11
Yazuka,wyrmrest-accord,1661,paladin,retribution,124,71,53
Zadquel,ragnaros,1661,paladin,retribution,143,81,62
Unsignedint,hyjal,1660,paladin,retribution,65,40,25
Pudgë,bleeding-hollow,1660,paladin,retribution,66,38,28
Xenk,moon-guard,1659,paladin,retribution,34,18,16
Crismj,tichondrius,1659,paladin,retribution,84,44,40
Boopif,sargeras,1659,paladin,retribution,60,21,39
Kettlebaby,wildhammer,1658,paladin,retribution,53,37,16
Deathodin,tichondrius,1658,paladin,retribution,102,54,48
Alyxandr,dalaran,1658,paladin,retribution,48,24,24
Lokâr,lightbringer,1658,paladin,retribution,100,45,55
Honeybunza,area-52,1657,paladin,retribution,140,68,72
Sathandrä,sargeras,1657,paladin,retribution,97,46,51
Sundher,ragnaros,1657,paladin,retribution,65,29,36
Palmangels,bleeding-hollow,1657,paladin,retribution,56,23,33
Superpaladin,stormrage,1656,paladin,retribution,137,74,63
Bolthore,wyrmrest-accord,1655,paladin,retribution,36,21,15
Bubblelol,bloodhoof,1655,paladin,retribution,152,73,79
Christtel,stormrage,1655,paladin,retribution,198,95,103
Hólyélf,illidan,1655,paladin,retribution,118,51,67
Hèlfar,wyrmrest-accord,1655,paladin,retribution,60,24,36
Alexese,area-52,1654,paladin,retribution,89,55,34
Ichigò,sargeras,1654,paladin,retribution,121,74,47
Tagex,malganis,1654,paladin,retribution,238,119,119
Takinvcards,area-52,1654,paladin,retribution,149,74,75
Ekyu,sargeras,1653,paladin,retribution,43,28,15
Maidan,azralon,1653,paladin,retribution,40,26,14
Tiddijustice,garrosh,1653,paladin,retribution,60,36,24
Itzcupcake,illidan,1653,paladin,retribution,120,69,51
Retartin,kelthuzad,1653,paladin,retribution,80,42,38
Cloaxy,azgalor,1653,paladin,retribution,247,123,124
Djdiogø,azralon,1653,paladin,retribution,146,70,76
Prosykt,sargeras,1653,paladin,retribution,50,23,27
Fressbee,nathrezim,1652,paladin,retribution,113,61,52
Konsentrate,tichondrius,1652,paladin,retribution,162,82,80
Retwarbye,tichondrius,1651,paladin,retribution,36,22,14
Çubânwrâth,kelthuzad,1651,paladin,retribution,54,30,24
Svinadin,emerald-dream,1651,paladin,retribution,42,22,20
Trixtur,tichondrius,1651,paladin,retribution,60,28,32
Torvus,bonechewer,1651,paladin,retribution,52,22,30
Andallar,nordrassil,1650,paladin,retribution,95,58,37
Ândy,zuljin,1650,paladin,retribution,42,23,19
Dogf,tichondrius,1650,paladin,retribution,98,38,60
Nicret,tichondrius,1649,paladin,retribution,42,33,9
Holyrump,bleeding-hollow,1649,paladin,retribution,63,38,25
Hasmere,tichondrius,1649,paladin,retribution,46,22,24
Sabotsaint,tichondrius,1649,paladin,retribution,72,29,43
Plusultra,moon-guard,1648,paladin,retribution,84,48,36
Samgonz,tichondrius,1648,paladin,retribution,93,53,40
Ylilliana,illidan,1648,paladin,retribution,49,22,27
Daukan,quelthalas,1647,paladin,retribution,39,22,17
Chrisader,stormrage,1647,paladin,retribution,42,22,20
Vapanor,ragnaros,1647,paladin,retribution,89,43,46
Thomir,tichondrius,1647,paladin,retribution,53,19,34
Baloria,stormrage,1646,paladin,retribution,40,22,18
Holychow,tichondrius,1646,paladin,retribution,66,36,30
Rohad,thrall,1646,paladin,retribution,55,29,26
Lustros,stormrage,1646,paladin,retribution,150,77,73
Nasnyl,stormrage,1646,paladin,retribution,42,20,22
Utherpendrag,bladefist,1646,paladin,retribution,140,65,75
Akâme,kelthuzad,1645,paladin,retribution,28,19,9
Bigolcriddys,barthilas,1645,paladin,retribution,36,21,15
Truesound,malganis,1645,paladin,retribution,36,21,15
Geedee,ysera,1645,paladin,retribution,70,39,31
Insideous,kelthuzad,1645,paladin,retribution,110,57,53
Janokaluo,wyrmrest-accord,1644,paladin,retribution,154,85,69
Paradisso,tichondrius,1644,paladin,retribution,52,25,27
Cheesy,frostmourne,1644,paladin,retribution,53,24,29
Därth,azralon,1644,paladin,retribution,46,20,26
Rexx,frostmourne,1643,paladin,retribution,84,45,39
Luminiscente,ragnaros,1643,paladin,retribution,94,50,44
Plniss,tichondrius,1643,paladin,retribution,138,66,72
Epòc,frostmourne,1643,paladin,retribution,50,23,27
Jackstank,dragonmaw,1642,paladin,retribution,53,33,20
Bufnita,tichondrius,1642,paladin,retribution,30,18,12
Savøx,sargeras,1642,paladin,retribution,255,132,123
Moistbible,kelthuzad,1642,paladin,retribution,83,42,41
Theholysword,tichondrius,1641,paladin,retribution,59,21,38
Lidranas,sargeras,1640,paladin,retribution,105,58,47
Mcgarrett,onyxia,1640,paladin,retribution,52,28,24
Lleo,nemesis,1640,paladin,retribution,118,54,64
Cnret,tichondrius,1640,paladin,retribution,42,18,24
Fulgal,jubeithos,1640,paladin,retribution,59,25,34
Cripplemakër,stormrage,1639,paladin,retribution,30,20,10
Shova,nemesis,1639,paladin,retribution,72,38,34
Sniper,uther,1639,paladin,retribution,66,34,32
Landeren,khazgoroth,1639,paladin,retribution,114,57,57
Auralyon,tichondrius,1639,paladin,retribution,60,25,35
Rhodela,illidan,1638,paladin,retribution,143,77,66
Ragarèn,emerald-dream,1638,paladin,retribution,48,24,24
Redarted,thrall,1638,paladin,retribution,38,19,19
Ceyh,ragnaros,1638,paladin,retribution,53,25,28
Yyh,illidan,1637,paladin,retribution,44,25,19
Benoít,zuljin,1637,paladin,retribution,90,51,39
Brightstar,azjolnerub,1637,paladin,retribution,71,39,32
Mesaa,illidan,1637,paladin,retribution,69,37,32
Dashhighborn,sargeras,1637,paladin,retribution,84,45,39
Dimdabbin,malganis,1637,paladin,retribution,42,22,20
Saccro,area-52,1637,paladin,retribution,114,57,57
Fây,sargeras,1636,paladin,retribution,118,59,59
Sigmond,azralon,1636,paladin,retribution,313,156,157
Trullz,illidan,1636,paladin,retribution,124,60,64
Jud,frostmourne,1636,paladin,retribution,90,43,47
Téchnic,frostmourne,1636,paladin,retribution,96,44,52
Immunelf,azgalor,1636,paladin,retribution,58,25,33
Blake,frostmourne,1636,paladin,retribution,110,46,64
Weskar,garithos,1635,paladin,retribution,178,99,79
Meleecleave,bleeding-hollow,1635,paladin,retribution,48,26,22
Jeffprobstt,kelthuzad,1635,paladin,retribution,42,22,20
Mazaltoff,proudmoore,1635,paladin,retribution,117,58,59
Dävis,ragnaros,1635,paladin,retribution,54,26,28
Stamptime,emerald-dream,1635,paladin,retribution,48,21,27
Arahann,bleeding-hollow,1634,paladin,retribution,46,28,18
Berryblast,shadowmoon,1634,paladin,retribution,72,40,32
Liaadrin,azralon,1634,paladin,retribution,38,20,18
Nattandin,ragnaros,1634,paladin,retribution,42,22,20
Verdicts,moon-guard,1634,paladin,retribution,84,41,43
Lightowen,draka,1634,paladin,retribution,46,22,24
Outstrike,tichondrius,1634,paladin,retribution,42,18,24
Cyanss,ragnaros,1634,paladin,retribution,47,19,28
Kdym,azralon,1633,paladin,retribution,54,33,21
Beardy,emerald-dream,1633,paladin,retribution,60,36,24
Rakzan,nerzhul,1633,paladin,retribution,54,29,25
Løøsè,frostmourne,1633,paladin,retribution,60,32,28
Sneeber,stormrage,1633,paladin,retribution,154,79,75
Southerly,tichondrius,1633,paladin,retribution,111,56,55
Imhardirl,area-52,1632,paladin,retribution,41,26,15
Shiadfang,tichondrius,1632,paladin,retribution,87,47,40
Ajulgedang,frostmourne,1632,paladin,retribution,120,57,63
Pirofosfato,azralon,1632,paladin,retribution,58,27,31
Nerfret,zuljin,1631,paladin,retribution,52,29,23
Arkantion,whisperwind,1631,paladin,retribution,98,53,45
Litium,frostmourne,1631,paladin,retribution,83,44,39
Tekar,altar-of-storms,1631,paladin,retribution,120,63,57
Nightreavers,sargeras,1631,paladin,retribution,42,18,24
Hulfsark,stormrage,1631,paladin,retribution,78,33,45
Wingalings,malganis,1630,paladin,retribution,52,27,25
Illustrata,illidan,1629,paladin,retribution,42,24,18
Ulrah,moon-guard,1629,paladin,retribution,120,68,52
Cathode,area-52,1629,paladin,retribution,60,34,26
Däkh,sargeras,1629,paladin,retribution,73,41,32
Lightmïlk,bonechewer,1629,paladin,retribution,36,20,16
Sóapbubble,tichondrius,1629,paladin,retribution,94,48,46
Yellomello,azuremyst,1629,paladin,retribution,96,48,48
Angrytitan,tichondrius,1629,paladin,retribution,130,64,66
Konesky,dalaran,1629,paladin,retribution,63,28,35
Deltronzerø,area-52,1629,paladin,retribution,69,29,40
Senleon,thrall,1628,paladin,retribution,42,26,16
Garruckadin,dalaran,1628,paladin,retribution,31,18,13
Arturias,kiljaeden,1628,paladin,retribution,166,88,78
Tlahtoani,illidan,1628,paladin,retribution,70,36,34
Intense,moonrunner,1628,paladin,retribution,40,20,20
Iggÿ,illidan,1628,paladin,retribution,82,35,47
Bakednub,malganis,1628,paladin,retribution,41,17,24
Nutonhands,moon-guard,1627,paladin,retribution,82,50,32
Làzårus,area-52,1627,paladin,retribution,56,30,26
Masqadin,stormrage,1627,paladin,retribution,36,17,19
Ziberax,chogall,1626,paladin,retribution,64,40,24
Míkau,barthilas,1626,paladin,retribution,48,28,20
Ereksean,sargeras,1626,paladin,retribution,128,71,57
Loyality,sargeras,1626,paladin,retribution,45,21,24
Snoogans,korgath,1626,paladin,retribution,66,30,36
Gatzu,tichondrius,1626,paladin,retribution,54,24,30
Notbärry,area-52,1625,paladin,retribution,48,27,21
Nuggetpusher,thunderlord,1625,paladin,retribution,102,55,47
Ödin,scarlet-crusade,1625,paladin,retribution,60,32,28
Renckay,ragnaros,1625,paladin,retribution,99,52,47
Scarllye,illidan,1625,paladin,retribution,36,18,18
Chajaaro,ragnaros,1625,paladin,retribution,67,33,34
Goons,frostmourne,1625,paladin,retribution,54,21,33
Solidifyxz,area-52,1624,paladin,retribution,35,20,15
Taîno,thrall,1624,paladin,retribution,243,135,108
Davinshki,stormrage,1624,paladin,retribution,91,49,42
Kaithen,quelthalas,1624,paladin,retribution,375,187,188
Koreancannon,tichondrius,1624,paladin,retribution,50,23,27
Trippën,tichondrius,1623,paladin,retribution,563,289,274
Techno,tichondrius,1623,paladin,retribution,175,89,86
Milizi,zuljin,1623,paladin,retribution,197,95,102
Joeyrat,area-52,1623,paladin,retribution,42,20,22
Neverwogx,kirin-tor,1623,paladin,retribution,36,17,19
Retrodino,anvilmar,1623,paladin,retribution,48,21,27
Cyrenity,tichondrius,1623,paladin,retribution,59,19,40
Tifalockhart,dathremar,1622,paladin,retribution,40,23,17
Dgâza,tichondrius,1622,paladin,retribution,130,67,63
Minikalina,ragnaros,1622,paladin,retribution,42,18,24
Paim,tol-barad,1622,paladin,retribution,55,23,32
Aaegon,shadow-council,1621,paladin,retribution,24,17,7
Pandoro,tichondrius,1621,paladin,retribution,55,33,22
Hozna,andorhal,1621,paladin,retribution,79,44,35
Hazexd,illidan,1621,paladin,retribution,36,20,16
Licestr,lightbringer,1621,paladin,retribution,42,21,21
Valardaharis,thunderlord,1621,paladin,retribution,194,96,98
Michaelsmith,frostmourne,1621,paladin,retribution,36,17,19
Lêggy,moon-guard,1621,paladin,retribution,54,23,31
Rùckûs,tichondrius,1621,paladin,retribution,47,19,28
Fakesimp,illidan,1620,paladin,retribution,30,20,10
Ilovecl,tichondrius,1620,paladin,retribution,66,39,27
Sozmsjackson,barthilas,1620,paladin,retribution,130,70,60
Nqe,area-52,1620,paladin,retribution,112,60,52
Alpengeist,turalyon,1620,paladin,retribution,81,42,39
Arlison,ragnaros,1620,paladin,retribution,54,23,31
Kamí,elune,1620,paladin,retribution,57,22,35
Bootboi,thrall,1619,paladin,retribution,30,17,13
Merculios,stormrage,1619,paladin,retribution,63,34,29
Urukap,goldrinn,1619,paladin,retribution,47,23,24
Marcêl,quelthalas,1618,paladin,retribution,66,37,29
Likzebawlz,tichondrius,1618,paladin,retribution,48,26,22
Zcho,proudmoore,1618,paladin,retribution,69,33,36
Glørious,drakkari,1618,paladin,retribution,90,42,48
Aaralis,ragnaros,1618,paladin,retribution,54,22,32
Sunnix,illidan,1618,paladin,retribution,48,17,31
Serås,silvermoon,1617,paladin,retribution,96,57,39
Luzoscura,quelthalas,1617,paladin,retribution,142,73,69
Tribiani,lightbringer,1617,paladin,retribution,48,24,24
Pugnacity,stormrage,1617,paladin,retribution,47,19,28
Supreme,farstriders,1617,paladin,retribution,73,28,45
Holiness,stormreaver,1617,paladin,retribution,48,18,30
Lituation,sargeras,1616,paladin,retribution,33,19,14
Überlin,whisperwind,1616,paladin,retribution,42,21,21
Yukíteru,illidan,1616,paladin,retribution,129,62,67
Tyirr,kelthuzad,1616,paladin,retribution,192,92,100
Ellyee,jaedenar,1616,paladin,retribution,135,64,71
Jackedx,sargeras,1615,paladin,retribution,36,21,15
Alekgo,ragnaros,1615,paladin,retribution,36,21,15
Inquisition,moon-guard,1615,paladin,retribution,30,17,13
Sinmca,moon-guard,1615,paladin,retribution,92,51,41
Drholypurp,tichondrius,1615,paladin,retribution,59,31,28
Sanctïon,bleeding-hollow,1615,paladin,retribution,35,18,17
Esçanór,darkspear,1615,paladin,retribution,102,52,50
Cøwðyn,area-52,1615,paladin,retribution,59,30,29
Hailsatans,ragnaros,1615,paladin,retribution,49,24,25
Guttridge,ragnaros,1615,paladin,retribution,55,24,31
Daweeki,area-52,1614,paladin,retribution,24,19,5
Ramcor,area-52,1614,paladin,retribution,26,19,7
Burstpink,zuljin,1614,paladin,retribution,70,44,26
Wreckina,tichondrius,1614,paladin,retribution,166,93,73
Smïthh,area-52,1614,paladin,retribution,48,26,22
Mjman,tichondrius,1614,paladin,retribution,64,33,31
Luret,tichondrius,1614,paladin,retribution,46,20,26
Littlebadbad,tichondrius,1613,paladin,retribution,24,20,4
Shïnjïtsu,tichondrius,1613,paladin,retribution,42,27,15
Xalø,ragnaros,1613,paladin,retribution,30,17,13
Bramot,moon-guard,1613,paladin,retribution,36,20,16
Xbloodknight,malganis,1613,paladin,retribution,56,30,26
Gattís,stormrage,1613,paladin,retribution,79,42,37
Eurekasret,ragnaros,1613,paladin,retribution,176,91,85
Bergz,agamaggan,1613,paladin,retribution,60,22,38
Naghret,area-52,1612,paladin,retribution,78,49,29
Blasstar,quelthalas,1612,paladin,retribution,77,40,37
Judgmentor,malganis,1612,paladin,retribution,172,88,84
Telarøn,stormrage,1612,paladin,retribution,200,101,99
Syreqt,nemesis,1612,paladin,retribution,78,35,43
Jvbai,area-52,1612,paladin,retribution,87,39,48
Mádz,ragnaros,1611,paladin,retribution,40,23,17
Mcholy,thrall,1611,paladin,retribution,79,45,34
Devvn,laughing-skull,1611,paladin,retribution,30,17,13
Kevybevy,stormrage,1611,paladin,retribution,150,81,69
Daeyang,tichondrius,1611,paladin,retribution,42,21,21
Noholy,nemesis,1611,paladin,retribution,73,32,41
Holyshockss,stormrage,1611,paladin,retribution,48,21,27
Mordirhar,tichondrius,1611,paladin,retribution,90,39,51
Oneblood,moonrunner,1610,paladin,retribution,24,17,7
Cålamìty,dalaran,1610,paladin,retribution,42,27,15
Limitier,proudmoore,1610,paladin,retribution,60,36,24
Layoya,aerie-peak,1610,paladin,retribution,82,49,33
Tobaz,azralon,1610,paladin,retribution,112,61,51
Paladinomg,darkspear,1610,paladin,retribution,202,110,92
Istril,ragnaros,1610,paladin,retribution,551,286,265
Coffeepal,tichondrius,1610,paladin,retribution,72,36,36
Alanthor,ragnaros,1610,paladin,retribution,236,116,120
Accépting,sargeras,1610,paladin,retribution,146,71,75
Darguen,ragnaros,1609,paladin,retribution,70,38,32
Snussp,emerald-dream,1609,paladin,retribution,126,66,60
Seraphini,illidan,1609,paladin,retribution,99,50,49
Peil,illidan,1609,paladin,retribution,60,29,31
Zero,garona,1609,paladin,retribution,217,104,113
Regivan,nemesis,1609,paladin,retribution,54,21,33
Oioo,proudmoore,1608,paladin,retribution,37,23,14
Airz,stormrage,1608,paladin,retribution,54,32,22
Perzeføne,quelthalas,1608,paladin,retribution,77,44,33
Kemono,dathremar,1608,paladin,retribution,125,71,54
Ragnore,shadow-council,1608,paladin,retribution,57,32,25
Ezcoatl,stormrage,1608,paladin,retribution,108,58,50
Pinkies,frostmourne,1608,paladin,retribution,194,102,92
Perturabeau,bonechewer,1608,paladin,retribution,94,49,45
Smallhammer,aegwynn,1608,paladin,retribution,162,81,81
Ascetic,barthilas,1608,paladin,retribution,336,158,178
Sofakingloco,thunderlord,1608,paladin,retribution,121,56,65
Gimlias,kelthuzad,1608,paladin,retribution,60,27,33
Whitearmor,draenor,1607,paladin,retribution,93,56,37
Palejandro,illidan,1607,paladin,retribution,138,69,69
Torosagrado,drakkari,1607,paladin,retribution,36,17,19
Nightz,eonar,1607,paladin,retribution,101,44,57
Omensageiro,azralon,1607,paladin,retribution,186,81,105
Solånar,bloodscalp,1607,paladin,retribution,73,30,43
Abigaile,ragnaros,1606,paladin,retribution,72,38,34
Skilladin,zuljin,1606,paladin,retribution,89,46,43
Cillessá,kelthuzad,1606,paladin,retribution,202,104,98
Rockbell,kiljaeden,1606,paladin,retribution,42,21,21
Lit,alexstrasza,1606,paladin,retribution,52,22,30
Pçpaladin,stormrage,1605,paladin,retribution,36,21,15
Zarrakra,daggerspine,1605,paladin,retribution,99,52,47
Urmumsbeefer,thrall,1605,paladin,retribution,82,42,40
Zhaslk,ragnaros,1605,paladin,retribution,48,19,29
Cuchuflaiz,drakkari,1604,paladin,retribution,30,17,13
Naxadin,tichondrius,1604,paladin,retribution,36,20,16
Joltie,quelthalas,1604,paladin,retribution,220,119,101
Xeniél,illidan,1604,paladin,retribution,36,19,17
Rycerzforge,ragnaros,1604,paladin,retribution,74,38,36
Gogofisco,moonrunner,1604,paladin,retribution,102,52,50
Önyx,quelthalas,1604,paladin,retribution,42,21,21
Stoof,arygos,1604,paladin,retribution,56,21,35
Wizdum,frostmourne,1603,paladin,retribution,40,23,17
Cókelol,zuljin,1603,paladin,retribution,94,54,40
Retsupreme,tichondrius,1603,paladin,retribution,36,20,16
Zayblade,dragonblight,1603,paladin,retribution,46,25,21
Talantyr,zuljin,1603,paladin,retribution,118,63,55
Erós,azralon,1603,paladin,retribution,45,23,22
Tanishalfelf,stormrage,1603,paladin,retribution,36,18,18
Skylinator,bleeding-hollow,1603,paladin,retribution,59,26,33
Thazadin,barthilas,1602,paladin,retribution,40,23,17
Vallahad,emerald-dream,1602,paladin,retribution,93,53,40
Uneazyxx,tichondrius,1602,paladin,retribution,48,19,29
Dartpuncher,frostmourne,1601,paladin,retribution,57,34,23
Retrolove,illidan,1601,paladin,retribution,62,36,26
Phanna,the-forgotten-coast,1601,paladin,retribution,42,23,19
Wagyou,skywall,1601,paladin,retribution,48,26,22
Connore,stormrage,1601,paladin,retribution,89,48,41
Uoenò,moon-guard,1601,paladin,retribution,77,41,36
Mongerr,drakkari,1601,paladin,retribution,53,28,25
Miguepally,ragnaros,1601,paladin,retribution,99,52,47
Brokeniron,wyrmrest-accord,1601,paladin,retribution,123,62,61
Remethea,sargeras,1601,paladin,retribution,245,120,125
Zoliz,tichondrius,1601,paladin,retribution,119,58,61
Aethelwulf,stormrage,1600,paladin,retribution,42,24,18
Yellowmay,sargeras,1600,paladin,retribution,36,20,16
Varekaì,frostmourne,1600,paladin,retribution,153,80,73
Virtuosi,area-52,1600,paladin,retribution,48,25,23
Jessheim,emerald-dream,1600,paladin,retribution,54,22,32
Guerrer,hyjal,1599,paladin,retribution,84,46,38
Inmortall,illidan,1599,paladin,retribution,90,47,43
Álkair,ragnaros,1599,paladin,retribution,101,48,53
Yoroding,tichondrius,1599,paladin,retribution,42,17,25
Hølyqt,zuljin,1598,paladin,retribution,36,20,16
Crystals,stormreaver,1597,paladin,retribution,31,19,12
Nilin,tichondrius,1597,paladin,retribution,78,41,37
Blitzzed,area-52,1596,paladin,retribution,44,24,20
Ezael,crushridge,1596,paladin,retribution,70,36,34
Excalibur,amanthul,1596,paladin,retribution,55,27,28
Stormwinter,azralon,1596,paladin,retribution,54,24,30
Duffnroses,tichondrius,1596,paladin,retribution,66,28,38
Gummybearz,doomhammer,1595,paladin,retribution,90,46,44
Fxxku,tichondrius,1595,paladin,retribution,48,20,28
Orestis,stormrage,1594,paladin,retribution,121,66,55
Serinos,zuljin,1594,paladin,retribution,48,21,27
Stônemôuntan,moon-guard,1594,paladin,retribution,126,53,73
Yedema,tichondrius,1593,paladin,retribution,40,21,19
Gringi,blackrock,1592,paladin,retribution,54,32,22
Bojanglz,frostmourne,1592,paladin,retribution,75,42,33
Oppressive,moon-guard,1592,paladin,retribution,730,361,369
Hùrin,ragnaros,1592,paladin,retribution,40,18,22
Mmrdonator,icecrown,1591,paladin,retribution,66,36,30
Vocarios,stormrage,1590,paladin,retribution,30,17,13
Cowsecration,ragnaros,1590,paladin,retribution,66,37,29
Tìg,proudmoore,1590,paladin,retribution,239,129,110
Piea,tichondrius,1590,paladin,retribution,119,62,57
Dazedpal,tichondrius,1590,paladin,retribution,548,282,266
Glowbulled,area-52,1589,paladin,retribution,72,34,38
Fistâcuffs,stormrage,1589,paladin,retribution,65,26,39
Royalfather,tichondrius,1587,paladin,retribution,52,31,21
Mfgspally,kelthuzad,1587,paladin,retribution,97,55,42
Leona,stormrage,1587,paladin,retribution,58,30,28
Palieop,aerie-peak,1587,paladin,retribution,100,51,49
Tarnyb,illidan,1587,paladin,retribution,86,42,44
Balín,quelthalas,1586,paladin,retribution,61,39,22
Lawmower,sargeras,1586,paladin,retribution,66,37,29
Emmastoned,bleeding-hollow,1586,paladin,retribution,193,101,92
Yiqieyouwei,proudmoore,1586,paladin,retribution,90,45,45
Battlepope,thrall,1586,paladin,retribution,123,58,65
Amgirlinv,malganis,1585,paladin,retribution,50,27,23
Drízzy,ragnaros,1585,paladin,retribution,76,37,39
Darifoz,ragnaros,1585,paladin,retribution,82,39,43
Bop,azralon,1584,paladin,retribution,30,23,7
Sevik,garithos,1584,paladin,retribution,84,42,42
Roxiomoxa,ragnaros,1584,paladin,retribution,48,20,28
Jùnmå,tichondrius,1583,paladin,retribution,37,23,14
Mardùk,stormrage,1583,paladin,retribution,65,37,28
Taphos,icecrown,1583,paladin,retribution,170,90,80
Azoruken,quelthalas,1583,paladin,retribution,136,68,68
Lightlana,frostwolf,1583,paladin,retribution,68,34,34
Arlanso,frostmourne,1583,paladin,retribution,46,22,24
Luðo,moon-guard,1583,paladin,retribution,65,31,34
Stöneblood,moon-guard,1583,paladin,retribution,54,18,36
Eustace,thunderhorn,1582,paladin,retribution,146,76,70
Morbop,proudmoore,1582,paladin,retribution,54,27,27
Dallyon,stormrage,1582,paladin,retribution,42,21,21
Triginhall,moon-guard,1582,paladin,retribution,171,79,92
Sprinkills,frostmourne,1581,paladin,retribution,130,75,55
Wasembroder,ragnaros,1581,paladin,retribution,139,74,65
Retxmack,lightnings-blade,1581,paladin,retribution,78,41,37
Anastos,anvilmar,1581,paladin,retribution,72,37,35
Véxv,emerald-dream,1581,paladin,retribution,324,160,164
Avati,sargeras,1580,paladin,retribution,32,20,12
Nornix,fenris,1580,paladin,retribution,54,29,25
Albïreo,drakkari,1580,paladin,retribution,66,35,31
Margit,moon-guard,1579,paladin,retribution,45,28,17
Aefuezar,earthen-ring,1579,paladin,retribution,62,30,32
Sammyste,elune,1578,paladin,retribution,212,112,100
Grãnd,tortheldrin,1578,paladin,retribution,101,50,51
Gromusa,azralon,1577,paladin,retribution,190,108,82
Tatakaicjq,tichondrius,1577,paladin,retribution,150,77,73
Fuknshané,area-52,1577,paladin,retribution,80,38,42
Bdaws,tichondrius,1577,paladin,retribution,42,18,24
Bigdixss,tichondrius,1576,paladin,retribution,36,18,18
Zandhal,ragnaros,1576,paladin,retribution,36,18,18
Jåckél,wyrmrest-accord,1576,paladin,retribution,84,39,45
Kurasi,frostmourne,1576,paladin,retribution,95,40,55
Careyprice,area-52,1575,paladin,retribution,41,23,18
Daddytoad,tichondrius,1575,paladin,retribution,90,42,48
Renzo,frostmourne,1575,paladin,retribution,93,43,50
Lizzyz,illidan,1575,paladin,retribution,42,18,24
Souyiro,sargeras,1575,paladin,retribution,104,44,60
Boundric,emerald-dream,1575,paladin,retribution,66,27,39
Pockopea,arygos,1574,paladin,retribution,118,68,50
Landryy,icecrown,1574,paladin,retribution,30,17,13
Ruhn,eldrethalas,1574,paladin,retribution,36,18,18
Hakson,stormrage,1573,paladin,retribution,115,61,54
Jursch,emerald-dream,1573,paladin,retribution,305,159,146
Ratburger,blood-furnace,1572,paladin,retribution,59,34,25
Sacredstella,illidan,1572,paladin,retribution,171,89,82
Plophero,moon-guard,1572,paladin,retribution,60,30,30
Gareesa,wyrmrest-accord,1572,paladin,retribution,102,49,53
Stackmymoney,kelthuzad,1572,paladin,retribution,50,22,28
Lagwat,sargeras,1571,paladin,retribution,72,44,28
Phokboi,shattered-hand,1571,paladin,retribution,101,57,44
Chancellor,azralon,1571,paladin,retribution,288,153,135
Clamdaddy,tichondrius,1571,paladin,retribution,58,27,31
Mormdring,fizzcrank,1571,paladin,retribution,77,35,42
Deepsearide,illidan,1570,paladin,retribution,214,111,103
Gannecus,bleeding-hollow,1570,paladin,retribution,42,21,21
Batmanp,quelthalas,1570,paladin,retribution,50,22,28
ßabyshark,tichondrius,1570,paladin,retribution,60,26,34
Lumaros,wyrmrest-accord,1569,paladin,retribution,77,40,37
Tenacer,darkspear,1569,paladin,retribution,105,51,54
Ethernaly,quelthalas,1569,paladin,retribution,53,24,29
Allixis,wyrmrest-accord,1569,paladin,retribution,106,45,61
Bigdpally,frostmourne,1569,paladin,retribution,54,20,34
Ruinlite,emerald-dream,1568,paladin,retribution,90,58,32
Cratos,nemesis,1568,paladin,retribution,42,21,21
Tyrfall,akama,1567,paladin,retribution,66,30,36
Anafensa,malganis,1567,paladin,retribution,117,53,64
Säj,aggramar,1566,paladin,retribution,156,86,70
Luxord,ysera,1566,paladin,retribution,40,21,19
Ultimos,tichondrius,1566,paladin,retribution,48,25,23
Howlerhead,illidan,1565,paladin,retribution,36,19,17
Unfairness,skullcrusher,1565,paladin,retribution,93,49,44
Tatánka,ragnaros,1565,paladin,retribution,96,48,48
Layonhánd,ragnaros,1565,paladin,retribution,60,27,33
Andrilsteh,malganis,1565,paladin,retribution,108,48,60
Chiphazard,stormscale,1565,paladin,retribution,76,32,44
Xcream,nemesis,1565,paladin,retribution,44,18,26
Typheuz,wyrmrest-accord,1565,paladin,retribution,54,21,33
Wwanntae,tichondrius,1564,paladin,retribution,190,95,95
Fionno,quelthalas,1564,paladin,retribution,116,58,58
Amialra,moon-guard,1564,paladin,retribution,120,59,61
Tantradin,illidan,1564,paladin,retribution,48,20,28
Davincintel,tichondrius,1563,paladin,retribution,95,52,43
Savethejelly,moon-guard,1563,paladin,retribution,42,22,20
Spala,tichondrius,1563,paladin,retribution,135,62,73
Azaril,jubeithos,1562,paladin,retribution,36,21,15
Hikarae,bleeding-hollow,1562,paladin,retribution,90,46,44
Kawkpaladin,kaelthas,1561,paladin,retribution,66,36,30
Dordrolan,frostmourne,1561,paladin,retribution,102,49,53
Õblivion,jubeithos,1561,paladin,retribution,70,33,37
Lighttzz,azralon,1560,paladin,retribution,36,22,14
Fótm,bleeding-hollow,1560,paladin,retribution,120,60,60
Baeflux,kelthuzad,1560,paladin,retribution,48,19,29
Grîshnâkh,ragnaros,1559,paladin,retribution,169,89,80
Aredel,drakkari,1559,paladin,retribution,101,45,56
Strodvarn,proudmoore,1559,paladin,retribution,42,17,25
Cylano,tichondrius,1559,paladin,retribution,59,21,38
Heliösdark,quelthalas,1558,paladin,retribution,42,21,21
Lawbandit,tichondrius,1557,paladin,retribution,34,19,15
Chewyjitsu,tichondrius,1557,paladin,retribution,36,20,16
Nah,emerald-dream,1557,paladin,retribution,60,30,30
Rillumas,wyrmrest-accord,1557,paladin,retribution,95,44,51
Alianór,tichondrius,1557,paladin,retribution,59,21,38
Worder,tichondrius,1556,paladin,retribution,41,29,12
Sthrealys,quelthalas,1556,paladin,retribution,56,33,23
Lilnattyy,area-52,1556,paladin,retribution,66,36,30
Elizzabeth,skullcrusher,1556,paladin,retribution,60,30,30
Vêgenace,proudmoore,1556,paladin,retribution,48,24,24
Ktwocrank,dalaran,1556,paladin,retribution,61,27,34
Fhoebia,frostmourne,1556,paladin,retribution,94,41,53
Missusomutch,azralon,1556,paladin,retribution,50,17,33
Garethorne,illidan,1556,paladin,retribution,50,17,33
Balrok,cenarius,1555,paladin,retribution,271,141,130
Smashnasty,area-52,1554,paladin,retribution,89,50,39
Notneo,zuljin,1554,paladin,retribution,71,37,34
Lygophobia,frostmourne,1554,paladin,retribution,72,37,35
Bovinestorm,ragnaros,1554,paladin,retribution,36,18,18
Seratonyn,malganis,1554,paladin,retribution,71,35,36
Darthhelios,illidan,1554,paladin,retribution,90,44,46
Yugee,doomhammer,1554,paladin,retribution,78,36,42
Maphisto,stormscale,1553,paladin,retribution,108,70,38
Laboøn,stormrage,1553,paladin,retribution,30,18,12
Minereth,quelthalas,1553,paladin,retribution,65,37,28
Bastiion,stormrage,1553,paladin,retribution,128,62,66
Nidalee,kilrogg,1553,paladin,retribution,102,47,55
Releváncé,frostmourne,1553,paladin,retribution,69,27,42
Thastrian,stormreaver,1552,paladin,retribution,60,31,29
Yree,ragnaros,1552,paladin,retribution,78,37,41
Skynn,stormrage,1551,paladin,retribution,76,38,38
Røshea,hydraxis,1551,paladin,retribution,66,33,33
Beeftink,tichondrius,1551,paladin,retribution,118,58,60
Dïlly,area-52,1551,paladin,retribution,96,47,49
Són,ragnaros,1551,paladin,retribution,76,36,40
Xdiegox,stormrage,1551,paladin,retribution,42,19,23
Humbubble,cairne,1550,paladin,retribution,47,23,24
Purejudgemnt,area-52,1549,paladin,retribution,75,41,34
Malacriianza,quelthalas,1549,paladin,retribution,83,43,40
Marehk,thrall,1549,paladin,retribution,83,42,41
Aewynn,nemesis,1549,paladin,retribution,48,24,24
Feannor,drakkari,1549,paladin,retribution,76,37,39
Palaxoto,nemesis,1549,paladin,retribution,84,35,49
Alahster,sargeras,1548,paladin,retribution,40,23,17
Ironcoco,ragnaros,1548,paladin,retribution,65,33,32
Caribourider,tichondrius,1548,paladin,retribution,65,29,36
Lìghtning,stormrage,1548,paladin,retribution,72,31,41
Rivzx,tichondrius,1548,paladin,retribution,42,18,24
Fermion,illidan,1547,paladin,retribution,254,129,125
Supernampal,sargeras,1546,paladin,retribution,36,21,15
Pocserpala,drakkari,1545,paladin,retribution,54,30,24
Doobiehigh,proudmoore,1545,paladin,retribution,58,30,28
Bubblless,thrall,1545,paladin,retribution,65,33,32
Héber,nemesis,1545,paladin,retribution,112,50,62
Jeralldo,ragnaros,1545,paladin,retribution,42,18,24
Varlip,wyrmrest-accord,1545,paladin,retribution,53,18,35
Poobiotic,frostmourne,1544,paladin,retribution,63,34,29
Grimmune,illidan,1544,paladin,retribution,36,17,19
Wreathy,sargeras,1544,paladin,retribution,42,17,25
Speedophile,kelthuzad,1543,paladin,retribution,54,30,24
Fourwives,sargeras,1543,paladin,retribution,45,23,22
Lichkingdenn,stormrage,1543,paladin,retribution,102,52,50
Mcbroken,tichondrius,1543,paladin,retribution,51,23,28
Tronzyy,trollbane,1543,paladin,retribution,116,52,64
Tacohuntter,stormrage,1542,paladin,retribution,42,23,19
Bigblackbull,whisperwind,1542,paladin,retribution,42,22,20
Purdicks,emerald-dream,1542,paladin,retribution,188,93,95
Wokeinator,malganis,1542,paladin,retribution,105,49,56
Gläd,tichondrius,1541,paladin,retribution,66,42,24
Holyfaxis,rexxar,1541,paladin,retribution,92,52,40
Ástridr,moon-guard,1541,paladin,retribution,161,76,85
Vaqoh,ragnaros,1541,paladin,retribution,60,27,33
Mixnut,tichondrius,1541,paladin,retribution,119,53,66
Ssjlimit,tichondrius,1541,paladin,retribution,89,39,50
Healplzz,tichondrius,1540,paladin,retribution,42,23,19
Kadryck,drakkari,1540,paladin,retribution,36,19,17
Narsys,tichondrius,1540,paladin,retribution,160,77,83
Sololeveling,malganis,1540,paladin,retribution,123,59,64
Denhoward,proudmoore,1539,paladin,retribution,81,46,35
Athamon,nemesis,1539,paladin,retribution,36,19,17
Onitenshi,stormscale,1539,paladin,retribution,124,64,60
Haunter,akama,1539,paladin,retribution,102,52,50
Frùglé,sargeras,1538,paladin,retribution,36,20,16
Mordered,proudmoore,1538,paladin,retribution,99,43,56
Yusha,barthilas,1537,paladin,retribution,94,54,40
Celethor,wyrmrest-accord,1537,paladin,retribution,54,30,24
Akabanee,ragnaros,1537,paladin,retribution,53,29,24
Wyon,stormrage,1537,paladin,retribution,53,28,25
Thepinkdept,proudmoore,1537,paladin,retribution,38,20,18
Detrimentãl,nagrand,1537,paladin,retribution,117,57,60
Zägä,quelthalas,1537,paladin,retribution,46,21,25
Pathed,aerie-peak,1536,paladin,retribution,68,34,34
Aberpal,illidan,1535,paladin,retribution,47,26,21
Greciâ,ragnaros,1535,paladin,retribution,42,18,24
Hammrekt,sargeras,1534,paladin,retribution,24,16,8
Lowkeyy,tichondrius,1534,paladin,retribution,66,41,25
Flavordin,area-52,1534,paladin,retribution,31,17,14
Zözo,zuljin,1534,paladin,retribution,30,16,14
Yamush,silver-hand,1534,paladin,retribution,138,72,66
Obeliskk,frostmourne,1534,paladin,retribution,36,17,19
Freddieroach,tichondrius,1534,paladin,retribution,84,39,45
Sowasred,emerald-dream,1533,paladin,retribution,152,80,72
Brolando,hyjal,1533,paladin,retribution,42,19,23
Retcuzyaknow,illidan,1533,paladin,retribution,36,16,20
Aztraseneco,ragnaros,1532,paladin,retribution,225,123,102
Borrus,malygos,1532,paladin,retribution,95,47,48
Divínos,area-52,1532,paladin,retribution,84,39,45
Menjo,malganis,1532,paladin,retribution,36,16,20
Mattilla,tichondrius,1532,paladin,retribution,42,18,24
Hatchet,skullcrusher,1532,paladin,retribution,42,17,25
Ricardão,emerald-dream,1531,paladin,retribution,64,34,30
Wimans,quelthalas,1531,paladin,retribution,36,18,18
Kymmy,ragnaros,1531,paladin,retribution,120,52,68
Eskannór,quelthalas,1530,paladin,retribution,77,41,36
Cobaine,illidan,1530,paladin,retribution,197,97,100
Duecesz,area-52,1529,paladin,retribution,54,29,25
Schankyy,stormrage,1529,paladin,retribution,36,19,17
Revent,drakkari,1529,paladin,retribution,39,20,19
Mïkhael,nemesis,1529,paladin,retribution,128,64,64
Atterz,azralon,1529,paladin,retribution,58,27,31
Avengercc,tichondrius,1529,paladin,retribution,65,30,35
Âllmíght,quelthalas,1529,paladin,retribution,48,22,26
Narrolp,azralon,1529,paladin,retribution,36,16,20
Väkariän,quelthalas,1529,paladin,retribution,66,29,37
Againstfilet,azralon,1529,paladin,retribution,118,51,67
Midnightboto,dragonmaw,1529,paladin,retribution,54,23,31
Worshipmex,tichondrius,1528,paladin,retribution,43,23,20
Caution,rexxar,1528,paladin,retribution,30,16,14
Castïël,area-52,1528,paladin,retribution,179,89,90
Iammj,skywall,1528,paladin,retribution,40,19,21
Near,saurfang,1528,paladin,retribution,36,16,20
Alínna,ragnaros,1528,paladin,retribution,54,21,33
Sanguinata,shadowsong,1527,paladin,retribution,101,59,42
Ðoflamingo,area-52,1527,paladin,retribution,102,53,49
Meditaté,emerald-dream,1527,paladin,retribution,51,26,25
Ezpzxd,arygos,1527,paladin,retribution,122,61,61
Trapqueenlol,alterac-mountains,1527,paladin,retribution,143,69,74
Elegan,frostmourne,1527,paladin,retribution,132,59,73
Hunsung,tichondrius,1527,paladin,retribution,99,44,55
Hefaista,ragnaros,1527,paladin,retribution,42,16,26
Muffinknight,quelthalas,1526,paladin,retribution,66,44,22
Beshiki,hakkar,1526,paladin,retribution,474,236,238
Holyjoint,uther,1526,paladin,retribution,139,62,77
Swiftyflower,dawnbringer,1525,paladin,retribution,24,16,8
Tonnyan,ragnaros,1525,paladin,retribution,36,21,15
Jager,medivh,1524,paladin,retribution,94,54,40
Holybirkkal,arthas,1524,paladin,retribution,56,29,27
Shaidd,bleeding-hollow,1524,paladin,retribution,98,49,49
Flykzu,azralon,1524,paladin,retribution,166,76,90
Jizii,tichondrius,1523,paladin,retribution,78,44,34
Unïk,zuljin,1523,paladin,retribution,35,19,16
Articilia,ragnaros,1523,paladin,retribution,60,29,31
Xandia,aegwynn,1523,paladin,retribution,48,16,32
Äeriah,fizzcrank,1522,paladin,retribution,174,93,81
Todesgott,tichondrius,1521,paladin,retribution,42,25,17
Pvrisxx,frostmourne,1521,paladin,retribution,60,31,29
Lestaroth,goldrinn,1521,paladin,retribution,78,31,47
Zalndraeda,barthilas,1520,paladin,retribution,126,63,63
Chillpal,illidan,1520,paladin,retribution,42,19,23
Deddy,malganis,1520,paladin,retribution,48,18,30
Toastpally,tichondrius,1519,paladin,retribution,24,16,8
Moutai,dalaran,1519,paladin,retribution,89,45,44
Bigbeardy,aerie-peak,1518,paladin,retribution,24,16,8
Evelimash,bloodhoof,1518,paladin,retribution,30,16,14
Gude,sargeras,1518,paladin,retribution,30,16,14
Crybátt,quelthalas,1518,paladin,retribution,74,37,37
Shartea,winterhoof,1518,paladin,retribution,64,32,32
Joeseph,stormrage,1518,paladin,retribution,48,21,27
Grubbyhands,tichondrius,1518,paladin,retribution,42,16,26
Nest,stormrage,1517,paladin,retribution,41,22,19
Relentless,magtheridon,1517,paladin,retribution,107,54,53
Milkmemamma,nordrassil,1517,paladin,retribution,60,30,30
Arreliya,sargeras,1517,paladin,retribution,100,49,51
Jebadia,proudmoore,1516,paladin,retribution,73,50,23
Liangguang,tichondrius,1516,paladin,retribution,30,16,14
Leztatium,quelthalas,1516,paladin,retribution,78,37,41
Randuir,proudmoore,1515,paladin,retribution,30,19,11
Mhelyssa,goldrinn,1515,paladin,retribution,44,26,18
Mäýhëm,sargeras,1515,paladin,retribution,64,36,28
Hurtmypp,stormrage,1515,paladin,retribution,84,46,38
Zolktro,stormrage,1515,paladin,retribution,94,51,43
Xenarius,barthilas,1515,paladin,retribution,32,17,15
Sorhihi,illidan,1515,paladin,retribution,36,19,17
Älmïghty,ragnaros,1515,paladin,retribution,42,20,22
Sosalo,sargeras,1515,paladin,retribution,120,56,64
Gronmpa,nemesis,1514,paladin,retribution,41,25,16
Jiasmat,ragnaros,1514,paladin,retribution,64,30,34
Sephiroth,hyjal,1514,paladin,retribution,86,40,46
Audris,chogall,1514,paladin,retribution,77,35,42
Dividin,stormrage,1514,paladin,retribution,69,31,38
Vük,destromath,1513,paladin,retribution,37,23,14
Luminainre,zuljin,1513,paladin,retribution,39,19,20
Kithrah,dathremar,1513,paladin,retribution,36,16,20
Ájummalukout,tichondrius,1513,paladin,retribution,109,47,62
Dzx,nemesis,1512,paladin,retribution,377,194,183
Minidin,kiljaeden,1512,paladin,retribution,150,70,80
Giovannas,tichondrius,1512,paladin,retribution,42,16,26
Rohrn,firetree,1511,paladin,retribution,85,48,37
Lóli,azralon,1511,paladin,retribution,30,16,14
Unitiss,velen,1511,paladin,retribution,60,30,30
Reînhard,drakkari,1511,paladin,retribution,85,41,44
Lorienv,sargeras,1511,paladin,retribution,66,31,35
Telvannî,sargeras,1511,paladin,retribution,54,25,29
Astaro,malganis,1511,paladin,retribution,101,45,56
Guluge,sargeras,1510,paladin,retribution,24,16,8
Blindburn,ragnaros,1510,paladin,retribution,66,36,30
Beluros,tichondrius,1510,paladin,retribution,66,34,32
Stõnêdpimp,agamaggan,1510,paladin,retribution,51,25,26
Barcar,area-52,1510,paladin,retribution,103,50,53
Kmackk,tichondrius,1510,paladin,retribution,36,16,20
Tonytoi,aegwynn,1509,paladin,retribution,60,37,23
Ogholyhands,bleeding-hollow,1509,paladin,retribution,89,48,41
Skuxxlord,khazgoroth,1509,paladin,retribution,30,16,14
Jèrico,quelthalas,1509,paladin,retribution,74,34,40
Dawncröwn,stormrage,1509,paladin,retribution,80,32,48
Protein,magtheridon,1509,paladin,retribution,42,16,26
Temote,anvilmar,1508,paladin,retribution,162,81,81
Lexdor,quelthalas,1508,paladin,retribution,54,27,27
Jøestar,proudmoore,1508,paladin,retribution,82,39,43
Gstbubble,hyjal,1508,paladin,retribution,54,25,29
Miemiesage,illidan,1508,paladin,retribution,42,16,26
Kenpachí,doomhammer,1507,paladin,retribution,45,30,15
Dachenkov,tichondrius,1507,paladin,retribution,48,26,22
Malthael,nagrand,1507,paladin,retribution,54,28,26
Theretpally,kelthuzad,1507,paladin,retribution,114,59,55
Amanzhul,quelthalas,1507,paladin,retribution,145,66,79
Imnoracist,thrall,1507,paladin,retribution,117,43,74
Tittanfalls,illidan,1506,paladin,retribution,76,38,38
Preacherfudd,area-52,1506,paladin,retribution,42,21,21
Cøøkïë,frostmourne,1506,paladin,retribution,78,37,41
Ugotburstt,arthas,1505,paladin,retribution,78,39,39
Angriel,azralon,1505,paladin,retribution,137,68,69
Lucianz,ragnaros,1505,paladin,retribution,90,41,49
Ifearphil,illidan,1505,paladin,retribution,60,21,39
Kissherlin,tichondrius,1504,paladin,retribution,101,52,49
Sunraiz,tichondrius,1503,paladin,retribution,94,51,43
Björñ,moon-guard,1503,paladin,retribution,58,31,27
Djangø,azuremyst,1503,paladin,retribution,36,16,20
Vaelinarys,ragnaros,1502,paladin,retribution,48,33,15
Cratt,chromaggus,1502,paladin,retribution,24,16,8
Ireckon,stormrage,1502,paladin,retribution,30,16,14
Loocille,frostmourne,1502,paladin,retribution,84,40,44
Alphanerd,burning-blade,1501,paladin,retribution,48,29,19
Chàrron,garrosh,1500,paladin,retribution,43,24,19
Kizaru,shuhalo,1500,paladin,retribution,63,34,29
Bubbleosevn,dragonmaw,1500,paladin,retribution,61,31,30
Kadbury,icecrown,1500,paladin,retribution,357,170,187
Brohtato,area-52,1500,paladin,retribution,37,17,20
Norlannd,ragnaros,1499,paladin,retribution,30,16,14
Velyssatha,moon-guard,1499,paladin,retribution,106,54,52
Treviathon,korgath,1499,paladin,retribution,42,18,24
Malandru,darrowmere,1499,paladin,retribution,117,50,67
Konthrus,azralon,1498,paladin,retribution,160,91,69
Tinymeatgang,misha,1498,paladin,retribution,47,23,24
Tehgodofdmg,tichondrius,1498,paladin,retribution,36,16,20
Xfiles,alterac-mountains,1497,paladin,retribution,36,22,14
Hinataa,illidan,1497,paladin,retribution,81,45,36
Snuggymuffin,barthilas,1496,paladin,retribution,46,27,19
Holyoverdose,laughing-skull,1496,paladin,retribution,36,19,17
Cyreus,emerald-dream,1496,paladin,retribution,117,56,61
Hamertime,wyrmrest-accord,1495,paladin,retribution,167,84,83
Warriorlight,quelthalas,1495,paladin,retribution,54,27,27
Saîntpaul,shattered-halls,1494,paladin,retribution,60,30,30
Whackadin,illidan,1494,paladin,retribution,85,40,45
Soterios,daggerspine,1494,paladin,retribution,96,45,51
Oynx,emerald-dream,1494,paladin,retribution,50,23,27
Hahe,tichondrius,1494,paladin,retribution,61,22,39
Rëtribution,tichondrius,1493,paladin,retribution,128,60,68
Negodoskate,nemesis,1493,paladin,retribution,84,39,45
Neutroo,stormrage,1492,paladin,retribution,48,30,18
Silvabac,illidan,1492,paladin,retribution,121,64,57
Industry,firetree,1491,paladin,retribution,75,42,33
Upaitaon,stormrage,1491,paladin,retribution,64,32,32
Týrael,uldum,1490,paladin,retribution,60,33,27
Rusinator,bonechewer,1490,paladin,retribution,71,38,33
Rasc,barthilas,1490,paladin,retribution,179,89,90
Cryptdog,illidan,1490,paladin,retribution,117,56,61
Petunias,malganis,1490,paladin,retribution,89,40,49
Sàgadegemeós,stormrage,1489,paladin,retribution,60,32,28
Crayt,tichondrius,1489,paladin,retribution,103,44,59
Mathieü,zuljin,1488,paladin,retribution,36,20,16
Magbun,saurfang,1488,paladin,retribution,48,24,24
Irushthots,tichondrius,1487,paladin,retribution,30,18,12
Apocalypze,hyjal,1487,paladin,retribution,30,18,12
Ulrìck,quelthalas,1487,paladin,retribution,104,55,49
Lumíty,sargeras,1487,paladin,retribution,163,85,78
Sweetcandy,sargeras,1487,paladin,retribution,90,44,46
Avvenging,tichondrius,1487,paladin,retribution,36,16,20
Richiggaa,illidan,1486,paladin,retribution,82,48,34
Hoelï,stormrage,1486,paladin,retribution,48,28,20
Lyricism,tichondrius,1486,paladin,retribution,67,39,28
Buddhalight,illidan,1486,paladin,retribution,30,16,14
Hedilyan,azralon,1486,paladin,retribution,111,57,54
Morneau,malganis,1485,paladin,retribution,357,181,176
Whets,thrall,1485,paladin,retribution,96,48,48
Ashric,moon-guard,1485,paladin,retribution,36,18,18
Sancthia,area-52,1485,paladin,retribution,47,22,25
Blackop,gallywix,1484,paladin,retribution,46,25,21
Hdmi,darkspear,1484,paladin,retribution,63,34,29
Urpi,drakkari,1484,paladin,retribution,103,55,48
Bennu,sargeras,1484,paladin,retribution,109,55,54
Exwars,moon-guard,1483,paladin,retribution,86,47,39
Punative,darkspear,1483,paladin,retribution,89,44,45
Greasysteve,stormrage,1482,paladin,retribution,60,33,27
Smitetheweak,rivendare,1481,paladin,retribution,48,29,19
Kealthamar,wyrmrest-accord,1480,paladin,retribution,106,66,40
Shadòw,emerald-dream,1480,paladin,retribution,29,16,13
Fabolouss,tichondrius,1480,paladin,retribution,189,102,87
Ralo,khaz-modan,1480,paladin,retribution,30,16,14
Gokuu,korgath,1480,paladin,retribution,182,92,90
Kookamønga,tichondrius,1480,paladin,retribution,97,46,51
Forlam,sargeras,1480,paladin,retribution,108,45,63
Revendreth,caelestrasz,1479,paladin,retribution,114,58,56
Shourins,tichondrius,1479,paladin,retribution,48,24,24
Connextion,terenas,1479,paladin,retribution,82,35,47
Imperious,anetheron,1478,paladin,retribution,60,34,26
Zénin,ragnaros,1478,paladin,retribution,42,22,20
Leihateh,moon-guard,1478,paladin,retribution,132,69,63
Deosfires,ragnaros,1478,paladin,retribution,70,32,38
Iliriel,illidan,1478,paladin,retribution,64,25,39
Olikono,tichondrius,1477,paladin,retribution,60,34,26
Belgrieve,proudmoore,1477,paladin,retribution,66,34,32
Buddyolpally,proudmoore,1477,paladin,retribution,48,23,25
Dbal,area-52,1476,paladin,retribution,105,55,50
Edjr,stormrage,1475,paladin,retribution,102,58,44
Wesdarian,jaedenar,1475,paladin,retribution,137,66,71
Shrektacular,malganis,1475,paladin,retribution,102,49,53
Holydiver,sargeras,1475,paladin,retribution,182,87,95
Raveen,veknilash,1475,paladin,retribution,36,17,19
Kiritazuma,ravencrest,1475,paladin,retribution,84,39,45
Dcountt,area-52,1475,paladin,retribution,53,24,29
Frigginsick,tichondrius,1475,paladin,retribution,40,18,22
Glizzybertz,bleeding-hollow,1474,paladin,retribution,42,25,17
Gigadorff,stormrage,1474,paladin,retribution,74,44,30
Regivän,azralon,1474,paladin,retribution,30,17,13
Dankpaladin,frostwolf,1474,paladin,retribution,48,24,24
Greasy,quelthalas,1474,paladin,retribution,61,26,35
Garcinddra,vashj,1473,paladin,retribution,40,22,18
Bilbain,proudmoore,1473,paladin,retribution,272,139,133
Ignasius,blood-furnace,1473,paladin,retribution,123,60,63
Vindictacho,tichondrius,1473,paladin,retribution,63,29,34
Níkolaev,azralon,1472,paladin,retribution,39,22,17
Justicierø,aegwynn,1471,paladin,retribution,70,37,33
Hughkane,tichondrius,1471,paladin,retribution,36,17,19
Yoboyindahiz,stormrage,1471,paladin,retribution,57,23,34
Davinchi,laughing-skull,1470,paladin,retribution,77,51,26
Rykorth,moon-guard,1470,paladin,retribution,33,20,13
Mundomaloo,quelthalas,1470,paladin,retribution,57,25,32
Guji,jubeithos,1469,paladin,retribution,48,27,21
Wickedpälly,kelthuzad,1469,paladin,retribution,54,30,24
Pàladwarf,stormrage,1469,paladin,retribution,110,55,55
Tayvar,stormrage,1468,paladin,retribution,32,18,14
Adorhon,staghelm,1468,paladin,retribution,30,16,14
Cowhair,tichondrius,1468,paladin,retribution,47,23,24
Yawnbringer,tichondrius,1466,paladin,retribution,188,94,94
Bruhstice,area-52,1466,paladin,retribution,48,24,24
Prïmavera,azralon,1466,paladin,retribution,41,20,21
Nerilliah,sargeras,1466,paladin,retribution,45,20,25
Energizzed,azralon,1466,paladin,retribution,36,16,20
Dimmadome,frostmourne,1465,paladin,retribution,78,50,28
Bawek,azralon,1465,paladin,retribution,254,120,134
Yovan,proudmoore,1464,paladin,retribution,108,57,51
Cyniaria,moon-guard,1464,paladin,retribution,150,78,72
Anisaria,skywall,1464,paladin,retribution,161,75,86
Nohpalli,kelthuzad,1463,paladin,retribution,79,43,36
Melize,area-52,1463,paladin,retribution,154,80,74
Freiermoth,shadowmoon,1463,paladin,retribution,237,120,117
Viclovin,stormrage,1463,paladin,retribution,74,37,37
Sonicblazer,darrowmere,1463,paladin,retribution,46,23,23
Holydeathx,magtheridon,1463,paladin,retribution,86,41,45
Artherion,kelthuzad,1463,paladin,retribution,143,64,79
Bañe,lightbringer,1463,paladin,retribution,81,35,46
Pooeey,tichondrius,1462,paladin,retribution,30,19,11
Bleeked,emerald-dream,1462,paladin,retribution,59,31,28
Levian,spirestone,1462,paladin,retribution,146,74,72
Dreyan,wyrmrest-accord,1462,paladin,retribution,47,23,24
Maiheev,moon-guard,1462,paladin,retribution,66,30,36
Chinsta,zuljin,1461,paladin,retribution,66,41,25
Arlizu,quelthalas,1461,paladin,retribution,97,51,46
Elendel,quelthalas,1461,paladin,retribution,48,17,31
Shishoknight,quelthalas,1460,paladin,retribution,104,46,58
Marof,spirestone,1459,paladin,retribution,57,34,23
Konarik,stormrage,1459,paladin,retribution,46,25,21
Zxeto,quelthalas,1459,paladin,retribution,38,20,18
Deafheavens,moon-guard,1459,paladin,retribution,66,32,34
Lusangri,thrall,1459,paladin,retribution,57,23,34
Yuccalicious,area-52,1458,paladin,retribution,109,58,51
Hânszu,ragnaros,1458,paladin,retribution,47,24,23
Athenauwu,illidan,1458,paladin,retribution,40,19,21
Sakicc,dalaran,1458,paladin,retribution,104,49,55
Evilmerdoc,kelthuzad,1458,paladin,retribution,96,44,52
Bapped,dalaran,1458,paladin,retribution,66,30,36
Bronytime,illidan,1458,paladin,retribution,49,22,27
Kelthálas,illidan,1458,paladin,retribution,42,18,24
Ludvigsen,hakkar,1458,paladin,retribution,46,19,27
Mazzriel,stormrage,1457,paladin,retribution,36,17,19
Shampin,alexstrasza,1457,paladin,retribution,96,44,52
Polypal,zuljin,1457,paladin,retribution,53,22,31
Aurken,ragnaros,1457,paladin,retribution,66,26,40
Øxøxø,emerald-dream,1456,paladin,retribution,153,83,70
Erowyn,tichondrius,1456,paladin,retribution,42,19,23
Hammerina,antonidas,1455,paladin,retribution,56,33,23
Yukiikaze,sargeras,1455,paladin,retribution,100,53,47
Savagedemise,barthilas,1455,paladin,retribution,61,32,29
Folgimar,moon-guard,1455,paladin,retribution,72,37,35
Jorix,stormrage,1454,paladin,retribution,33,17,16
Reìarthur,stormrage,1454,paladin,retribution,126,61,65
Exorcìst,barthilas,1454,paladin,retribution,41,19,22
Grünt,ragnaros,1453,paladin,retribution,45,24,21
Monchy,bleeding-hollow,1453,paladin,retribution,52,27,25
Carnagias,bleeding-hollow,1453,paladin,retribution,135,70,65
Liquidkoala,lightbringer,1453,paladin,retribution,82,38,44
Bogùs,tichondrius,1453,paladin,retribution,80,35,45
Zanric,emerald-dream,1453,paladin,retribution,40,17,23
Ryuuku,gilneas,1452,paladin,retribution,42,18,24
Yulzypal,tichondrius,1451,paladin,retribution,35,20,15
Astanis,azralon,1451,paladin,retribution,72,38,34
Vexxa,nerzhul,1451,paladin,retribution,40,20,20
Fìlìgree,tichondrius,1451,paladin,retribution,147,72,75
Lolslikeomg,malganis,1451,paladin,retribution,150,68,82
Orin,guldan,1451,paladin,retribution,39,17,22
Cyäbyë,frostmourne,1450,paladin,retribution,30,18,12
Inquisídor,nemesis,1450,paladin,retribution,36,20,16
Drtom,mannoroth,1450,paladin,retribution,39,21,18
Oxoslayeroxo,firetree,1450,paladin,retribution,67,36,31
Hammerzite,whisperwind,1450,paladin,retribution,30,16,14
Draeneihead,illidan,1450,paladin,retribution,249,126,123
Vasharien,nerzhul,1450,paladin,retribution,116,56,60
Azajudgeman,nemesis,1450,paladin,retribution,39,16,23
Airplane,malygos,1449,paladin,retribution,24,16,8
Jesebard,frostmourne,1449,paladin,retribution,110,64,46
Jonfox,stormrage,1449,paladin,retribution,108,54,54
Hurukpaly,azralon,1449,paladin,retribution,96,48,48
Sconci,whisperwind,1449,paladin,retribution,60,28,32
Californía,bleeding-hollow,1448,paladin,retribution,37,23,14
Corrán,thrall,1448,paladin,retribution,36,20,16
Lightballz,vashj,1448,paladin,retribution,29,16,13
Charleyy,stormscale,1447,paladin,retribution,98,55,43
Herrit,frostmourne,1447,paladin,retribution,198,110,88
Messeb,veknilash,1447,paladin,retribution,205,111,94
Gaismagorm,ragnaros,1447,paladin,retribution,38,20,18
Divinewert,stormrage,1446,paladin,retribution,51,30,21
Onnakishi,azralon,1446,paladin,retribution,60,26,34
Retrah,azralon,1445,paladin,retribution,47,27,20
Lettuceprey,the-underbog,1445,paladin,retribution,73,39,34
Puddy,scilla,1445,paladin,retribution,42,19,23
Uxd,tichondrius,1444,paladin,retribution,88,42,46
Chippo,aegwynn,1443,paladin,retribution,82,43,39
Nikho,thunderlord,1443,paladin,retribution,42,18,24
Iluminadoor,nemesis,1442,paladin,retribution,29,19,10
Àpolo,stormrage,1442,paladin,retribution,89,47,42
Misskilljoy,proudmoore,1442,paladin,retribution,42,20,22
Crasíus,quelthalas,1442,paladin,retribution,90,33,57
Iceburg,shadowmoon,1441,paladin,retribution,60,35,25
Uvatah,quelthalas,1441,paladin,retribution,54,31,23
Kpopsicle,frostmourne,1441,paladin,retribution,29,16,13
Zuthora,alleria,1441,paladin,retribution,82,42,40
Yuliu,magtheridon,1441,paladin,retribution,110,56,54
Pijbins,moon-guard,1441,paladin,retribution,74,37,37
Clorpi,drakkari,1441,paladin,retribution,42,20,22
Antarcticala,frostmourne,1441,paladin,retribution,54,24,30
Cosmog,cenarius,1440,paladin,retribution,40,22,18
Awake,chogall,1439,paladin,retribution,24,15,9
Critwink,illidan,1439,paladin,retribution,27,15,12
Kkgame,tichondrius,1439,paladin,retribution,37,19,18
Tiduz,tichondrius,1439,paladin,retribution,30,15,15
Qpal,area-52,1439,paladin,retribution,118,57,61
Trolladin,rivendare,1439,paladin,retribution,121,56,65
Unkillabowl,queldorei,1439,paladin,retribution,75,31,44
Onecmpeter,kelthuzad,1438,paladin,retribution,53,30,23
Amarnath,turalyon,1438,paladin,retribution,45,25,20
Ashess,sargeras,1438,paladin,retribution,66,32,34
Lodin,kalecgos,1438,paladin,retribution,35,16,19
Ballsmcgee,bleeding-hollow,1438,paladin,retribution,90,37,53
Heathen,spirestone,1437,paladin,retribution,33,18,15
Getdiswork,malygos,1437,paladin,retribution,108,52,56
Pantheeon,altar-of-storms,1437,paladin,retribution,48,18,30
Hokkan,quelthalas,1436,paladin,retribution,71,39,32
Eljefee,emerald-dream,1436,paladin,retribution,47,22,25
Kêrmit,zuljin,1435,paladin,retribution,43,26,17
Hammertime,boulderfist,1434,paladin,retribution,56,26,30
Keenos,frostmourne,1434,paladin,retribution,67,29,38
Amadin,emerald-dream,1434,paladin,retribution,42,17,25
Nyxkithar,nagrand,1433,paladin,retribution,36,21,15
Skelà,sargeras,1433,paladin,retribution,42,23,19
Donao,illidan,1433,paladin,retribution,226,117,109
Mgjun,ragnaros,1433,paladin,retribution,36,18,18
Gerian,altar-of-storms,1433,paladin,retribution,36,16,20
Zadragon,sargeras,1432,paladin,retribution,78,39,39
Forged,steamwheedle-cartel,1432,paladin,retribution,171,82,89
Cøkezero,barthilas,1432,paladin,retribution,36,17,19
Punjabeast,illidan,1431,paladin,retribution,51,31,20
Acallysta,moon-guard,1431,paladin,retribution,74,36,38
Spruk,greymane,1431,paladin,retribution,101,46,55
Masemune,bonechewer,1431,paladin,retribution,66,30,36
Lmd,tichondrius,1430,paladin,retribution,66,35,31
Nekropala,quelthalas,1430,paladin,retribution,36,18,18
Strattaltork,ragnaros,1430,paladin,retribution,36,16,20
Goodwood,ghostlands,1429,paladin,retribution,24,16,8
Mitchyc,stormrage,1429,paladin,retribution,102,52,50
Supercharged,area-52,1429,paladin,retribution,30,15,15
Hays,barthilas,1428,paladin,retribution,24,18,6
Falaran,azralon,1428,paladin,retribution,62,32,30
Alexandros,nordrassil,1428,paladin,retribution,30,15,15
Pablito,fizzcrank,1428,paladin,retribution,75,34,41
Allpower,azralon,1428,paladin,retribution,36,15,21
Indemnity,wildhammer,1428,paladin,retribution,42,16,26
Ginbirdup,kelthuzad,1427,paladin,retribution,41,24,17
Barbesacrer,zuljin,1427,paladin,retribution,39,22,17
Imrahilaf,korialstrasz,1427,paladin,retribution,42,18,24
Cammack,thrall,1427,paladin,retribution,93,39,54
Mechelle,thrall,1426,paladin,retribution,140,77,63
Hólÿ,bleeding-hollow,1426,paladin,retribution,60,29,31
Sathras,madoran,1426,paladin,retribution,57,24,33
Valurex,malganis,1425,paladin,retribution,24,15,9
Jxo,tichondrius,1425,paladin,retribution,54,31,23
Mathalt,area-52,1425,paladin,retribution,51,26,25
Carliitoz,quelthalas,1425,paladin,retribution,232,107,125
Soopadupa,trollbane,1424,paladin,retribution,116,69,47
Natsîrt,bleeding-hollow,1424,paladin,retribution,58,30,28
Krypton,tichondrius,1423,paladin,retribution,78,42,36
Tonnerre,silvermoon,1423,paladin,retribution,140,74,66
Quotation,silvermoon,1423,paladin,retribution,62,32,30
Agamemnom,tichondrius,1423,paladin,retribution,256,124,132
Sabêr,ragnaros,1422,paladin,retribution,63,34,29
Locustknight,illidan,1422,paladin,retribution,30,15,15
Eddwardo,emerald-dream,1422,paladin,retribution,84,41,43
Gànnicus,korgath,1422,paladin,retribution,36,15,21
Dfbattlepass,kelthuzad,1421,paladin,retribution,97,53,44
Aretwin,dalaran,1421,paladin,retribution,84,44,40
Sote,lightnings-blade,1421,paladin,retribution,57,29,28
Internadi,frostmourne,1421,paladin,retribution,66,32,34
Dragin,azralon,1421,paladin,retribution,87,40,47
Holycenter,stormrage,1421,paladin,retribution,36,16,20
Pallyseeker,thrall,1420,paladin,retribution,24,15,9
Emethala,windrunner,1420,paladin,retribution,48,26,22
Boozier,ragnaros,1420,paladin,retribution,30,16,14
Darkeclipse,area-52,1420,paladin,retribution,36,19,17
Mysticblade,sargeras,1420,paladin,retribution,72,37,35
Yeeter,thrall,1420,paladin,retribution,36,15,21
Tåine,suramar,1420,paladin,retribution,48,16,32
Chuckman,skullcrusher,1419,paladin,retribution,42,22,20
Adrockiller,quelthalas,1419,paladin,retribution,106,55,51
Pissdiaper,area-52,1419,paladin,retribution,95,42,53
Saphiraz,wildhammer,1419,paladin,retribution,86,38,48
Édzor,area-52,1419,paladin,retribution,107,47,60
Arecht,moon-guard,1418,paladin,retribution,95,49,46
Elowod,frostmourne,1418,paladin,retribution,48,24,24
Annhette,sargeras,1418,paladin,retribution,31,15,16
Nocomus,andorhal,1418,paladin,retribution,78,35,43
Levarious,thunderlord,1417,paladin,retribution,168,86,82
Siaaryn,darkspear,1417,paladin,retribution,84,37,47
Demihoj,illidan,1417,paladin,retribution,60,26,34
Napstër,ragnaros,1417,paladin,retribution,36,15,21
Refulgent,moon-guard,1416,paladin,retribution,82,50,32
Blulux,ragnaros,1416,paladin,retribution,107,56,51
Jaikerino,emerald-dream,1416,paladin,retribution,42,15,27
Trg,azralon,1415,paladin,retribution,36,20,16
Hrrothgar,muradin,1415,paladin,retribution,72,37,35
Lovelàce,proudmoore,1415,paladin,retribution,31,15,16
Eutectic,moon-guard,1415,paladin,retribution,88,40,48
Kitkatkiller,illidan,1415,paladin,retribution,36,16,20
Saifollah,area-52,1415,paladin,retribution,42,15,27
Minzyy,frostmourne,1414,paladin,retribution,24,15,9
Esixtytwoone,area-52,1414,paladin,retribution,36,22,14
Tooholy,kiljaeden,1414,paladin,retribution,117,71,46
Heraolympian,black-dragonflight,1414,paladin,retribution,99,55,44
Thorviim,azralon,1414,paladin,retribution,153,83,70
Tesak,emerald-dream,1414,paladin,retribution,138,64,74
Normaldude,sargeras,1414,paladin,retribution,48,22,26
Psych,quelthalas,1413,paladin,retribution,35,22,13
Shamo,stormreaver,1413,paladin,retribution,60,28,32
Mulagar,drakkari,1413,paladin,retribution,42,19,23
Ðivinestørm,stormrage,1413,paladin,retribution,67,28,39
Kiboko,tichondrius,1412,paladin,retribution,31,19,12
Lightblade,stormrage,1412,paladin,retribution,27,16,11
Navex,tichondrius,1412,paladin,retribution,34,19,15
Rhoche,ysera,1412,paladin,retribution,36,17,19
Killmönger,tichondrius,1412,paladin,retribution,113,52,61
Lüuz,area-52,1412,paladin,retribution,66,27,39
Lomis,azgalor,1411,paladin,retribution,30,20,10
Warboard,tichondrius,1411,paladin,retribution,39,22,17
Holyshôckz,stormrage,1411,paladin,retribution,116,62,54
Jagehbombs,tichondrius,1411,paladin,retribution,60,31,29
Holyfilers,thunderlord,1411,paladin,retribution,54,27,27
Lebowski,nordrassil,1411,paladin,retribution,84,41,43
Thalorian,azshara,1411,paladin,retribution,82,39,43
Kellissandra,aerie-peak,1411,paladin,retribution,139,63,76
Guanglong,malganis,1411,paladin,retribution,98,44,54
Oppression,kul-tiras,1411,paladin,retribution,89,35,54
Heliux,nerzhul,1410,paladin,retribution,40,21,19
Ane,gorefiend,1410,paladin,retribution,72,34,38
Brenaluna,tichondrius,1410,paladin,retribution,66,30,36
Fødãø,azralon,1409,paladin,retribution,34,21,13
Icepondpal,proudmoore,1409,paladin,retribution,71,41,30
Magnusnorth,illidan,1409,paladin,retribution,30,15,15
Philfred,frostmourne,1408,paladin,retribution,37,26,11
Dannyram,zuljin,1408,paladin,retribution,105,53,52
Ellanaria,thrall,1408,paladin,retribution,129,65,64
Qurbankabur,barthilas,1408,paladin,retribution,62,30,32
Karelys,area-52,1408,paladin,retribution,44,20,24
Kulandis,stormrage,1408,paladin,retribution,57,24,33
Kheltas,area-52,1407,paladin,retribution,69,35,34
Milke,chogall,1407,paladin,retribution,36,17,19
Remorâ,blackrock,1407,paladin,retribution,84,35,49
Keegân,area-52,1406,paladin,retribution,34,25,9
Rafaela,alterac-mountains,1406,paladin,retribution,62,32,30
Dexko,silvermoon,1405,paladin,retribution,44,32,12
Sophany,shattered-halls,1405,paladin,retribution,40,26,14
Adapa,azralon,1405,paladin,retribution,66,31,35
Toughlife,tichondrius,1405,paladin,retribution,78,29,49
Ardriel,nemesis,1405,paladin,retribution,54,20,34
Dimitrony,quelthalas,1404,paladin,retribution,48,27,21
Outlivz,hyjal,1404,paladin,retribution,33,17,16
Erethonis,bladefist,1404,paladin,retribution,95,48,47
Chandlerrj,area-52,1404,paladin,retribution,42,21,21
Buffalosaucé,illidan,1404,paladin,retribution,44,18,26
Xalixxa,wyrmrest-accord,1403,paladin,retribution,104,55,49
Solgrïm,wyrmrest-accord,1403,paladin,retribution,102,51,51
Zimzob,stormscale,1403,paladin,retribution,30,15,15
Pugnosano,black-dragonflight,1403,paladin,retribution,90,42,48
Faowin,sargeras,1403,paladin,retribution,107,48,59
Swietomierz,proudmoore,1403,paladin,retribution,48,20,28
Omegaziion,garrosh,1402,paladin,retribution,27,16,11
Holyginger,barthilas,1402,paladin,retribution,41,23,18
Ajoladin,illidan,1402,paladin,retribution,180,90,90
Vonmagnus,sargeras,1402,paladin,retribution,52,25,27
Lightvader,illidan,1402,paladin,retribution,54,23,31
Inexcusable,wyrmrest-accord,1401,paladin,retribution,53,27,26
Oschy,moon-guard,1401,paladin,retribution,101,51,50
Holytémplar,proudmoore,1401,paladin,retribution,54,27,27
Gorevent,sargeras,1401,paladin,retribution,36,18,18
Sellenagomez,malganis,1401,paladin,retribution,60,29,31
Palpinga,kelthuzad,1401,paladin,retribution,126,59,67
Jdgmnt,sargeras,1401,paladin,retribution,72,33,39
Felwythe,emerald-dream,1401,paladin,retribution,36,15,21
Mindfoolness,sargeras,1400,paladin,retribution,98,55,43
Eamon,kelthuzad,1400,paladin,retribution,29,15,14
Sona,jubeithos,1400,paladin,retribution,54,25,29
Auphanim,mannoroth,1400,paladin,retribution,42,19,23
Palabing,stormrage,1399,paladin,retribution,24,15,9
Melloow,azralon,1399,paladin,retribution,115,58,57
Murtag,bloodscalp,1398,paladin,retribution,72,33,39
Bosutai,dalaran,1398,paladin,retribution,48,22,26
Tinithis,tichondrius,1397,paladin,retribution,53,31,22
Dedsxy,tichondrius,1397,paladin,retribution,42,21,21
Drtankscelot,baelgun,1396,paladin,retribution,236,124,112
Delanadras,kelthuzad,1396,paladin,retribution,59,26,33
Tmac,azralon,1395,paladin,retribution,80,41,39
Yoash,quelthalas,1395,paladin,retribution,42,17,25
Biloro,azralon,1394,paladin,retribution,72,40,32
Shadd,destromath,1393,paladin,retribution,36,19,17
Wehrmachtt,emerald-dream,1393,paladin,retribution,42,21,21
Belregn,illidan,1393,paladin,retribution,90,42,48
Sunwalker,tichondrius,1393,paladin,retribution,46,21,25
Misbah,stormrage,1393,paladin,retribution,110,50,60
Skylexx,ragnaros,1392,paladin,retribution,90,47,43
Andronik,bleeding-hollow,1392,paladin,retribution,39,19,20
Scoopzi,frostmourne,1392,paladin,retribution,35,15,20
Bullzor,aerie-peak,1391,paladin,retribution,192,104,88
Bebopin,tichondrius,1391,paladin,retribution,99,47,52
Covidin,quelthalas,1391,paladin,retribution,105,46,59
Droden,tichondrius,1390,paladin,retribution,55,29,26
Dos,nagrand,1390,paladin,retribution,41,15,26
Ezekìël,tichondrius,1389,paladin,retribution,53,29,24
Tutankhammer,stormrage,1388,paladin,retribution,112,58,54
Schalpy,illidan,1388,paladin,retribution,60,28,32
Miitt,blackrock,1387,paladin,retribution,54,29,25
Andrevz,ragnaros,1387,paladin,retribution,144,77,67
Cuffaladin,fenris,1387,paladin,retribution,66,35,31
Slowedreverb,stormrage,1387,paladin,retribution,81,42,39
Granisdh,aegwynn,1387,paladin,retribution,54,27,27
Teewrecks,frostmourne,1387,paladin,retribution,58,25,33
Pallytoot,aerie-peak,1386,paladin,retribution,60,35,25
Valikyr,mugthol,1386,paladin,retribution,48,24,24
Walleis,moon-guard,1385,paladin,retribution,148,70,78
Hägär,tichondrius,1385,paladin,retribution,73,29,44
Pallyfreddyy,frostmourne,1385,paladin,retribution,54,21,33
Smokelif,quelthalas,1384,paladin,retribution,44,23,21
Kaladini,jubeithos,1383,paladin,retribution,28,16,12
Palameme,hyjal,1383,paladin,retribution,30,17,13
Autoattacker,mannoroth,1383,paladin,retribution,30,16,14
Mhuzz,nemesis,1383,paladin,retribution,48,21,27
Fimm,quelthalas,1382,paladin,retribution,36,20,16
Páláx,stormrage,1382,paladin,retribution,108,58,50
Vanthor,emerald-dream,1382,paladin,retribution,51,26,25
Duroi,spirestone,1382,paladin,retribution,65,27,38
Kalboko,twisting-nether,1381,paladin,retribution,55,27,28
Anivan,moon-guard,1381,paladin,retribution,94,43,51
Simplesam,draenor,1381,paladin,retribution,58,26,32
Tieberion,bleeding-hollow,1381,paladin,retribution,48,18,30
Puresight,kelthuzad,1380,paladin,retribution,71,35,36
Dresdén,skullcrusher,1379,paladin,retribution,24,17,7
Hallowgrave,moon-guard,1379,paladin,retribution,23,15,8
Pusufoxx,tichondrius,1379,paladin,retribution,38,23,15
Egufro,frostwolf,1379,paladin,retribution,84,45,39
Salaminhoo,azralon,1378,paladin,retribution,42,24,18
Aeroßlaze,dragonmaw,1378,paladin,retribution,42,22,20
Auka,zuljin,1378,paladin,retribution,42,21,21
Avantasias,sargeras,1378,paladin,retribution,119,59,60
Solandiis,tichondrius,1378,paladin,retribution,73,32,41
Arollak,sargeras,1377,paladin,retribution,36,22,14
Whisk,tichondrius,1377,paladin,retribution,33,15,18
Holyskeeter,thunderhorn,1377,paladin,retribution,123,55,68
Bahfoi,azralon,1377,paladin,retribution,42,18,24
Ahart,tichondrius,1377,paladin,retribution,59,24,35
Malavon,azralon,1376,paladin,retribution,33,20,13
Kaelthasar,azralon,1376,paladin,retribution,30,15,15
Retman,azuremyst,1376,paladin,retribution,95,44,51
Cherix,thrall,1376,paladin,retribution,50,17,33
Cigarret,tichondrius,1375,paladin,retribution,30,15,15
Gorostas,kelthuzad,1375,paladin,retribution,34,15,19
Strabic,stormrage,1375,paladin,retribution,87,35,52
Retski,thrall,1375,paladin,retribution,42,16,26
Mürdøx,illidan,1373,paladin,retribution,33,18,15
Wésters,quelthalas,1373,paladin,retribution,205,97,108
Wabukis,illidan,1373,paladin,retribution,32,15,17
Xk,kiljaeden,1373,paladin,retribution,105,45,60
Overbet,area-52,1372,paladin,retribution,29,17,12
Rhodius,dalaran,1372,paladin,retribution,63,32,31
Tacien,tichondrius,1372,paladin,retribution,142,66,76
Chiraqret,thunderhorn,1371,paladin,retribution,30,20,10
Lortrin,quelthalas,1370,paladin,retribution,34,19,15
Dawsonthebos,grizzly-hills,1370,paladin,retribution,30,16,14
Sovereignt,aggramar,1370,paladin,retribution,181,93,88
Lornd,quelthalas,1370,paladin,retribution,78,37,41
Superzooted,sargeras,1370,paladin,retribution,34,15,19
Hurrîcane,illidan,1370,paladin,retribution,48,15,33
Dorzwaz,draka,1369,paladin,retribution,36,22,14
Jdisco,bonechewer,1369,paladin,retribution,43,22,21
Nobullshiit,maiev,1369,paladin,retribution,32,16,16
Buslightyear,azralon,1369,paladin,retribution,66,30,36
Minitas,blackrock,1369,paladin,retribution,42,15,27
Palavittar,azralon,1368,paladin,retribution,38,20,18
Modafinil,bonechewer,1368,paladin,retribution,85,36,49
Uholypala,dalaran,1368,paladin,retribution,85,36,49
Dalgren,quelthalas,1368,paladin,retribution,117,44,73
Thót,malganis,1367,paladin,retribution,54,29,25
Huitz,drakkari,1366,paladin,retribution,102,55,47
Tøpbløke,frostmourne,1366,paladin,retribution,121,60,61
Bigsamtp,laughing-skull,1365,paladin,retribution,75,41,34
Öpäf,steamwheedle-cartel,1364,paladin,retribution,84,38,46
Áthz,ragnaros,1363,paladin,retribution,41,21,20
Bahkax,tichondrius,1363,paladin,retribution,79,39,40
Inareus,agamaggan,1363,paladin,retribution,36,17,19
Hùck,alexstrasza,1363,paladin,retribution,112,52,60
Hrizul,drakthul,1363,paladin,retribution,48,20,28
Flashbang,nazgrel,1363,paladin,retribution,43,17,26
Dathroan,wyrmrest-accord,1362,paladin,retribution,120,64,56
Jugheadqc,mugthol,1362,paladin,retribution,189,97,92
Andreck,ragnaros,1362,paladin,retribution,84,39,45
Sigismud,quelthalas,1361,paladin,retribution,78,39,39
Lunchhboxx,kelthuzad,1361,paladin,retribution,59,28,31
Nevanethus,frostmourne,1360,paladin,retribution,46,21,25
Pugpally,quelthalas,1359,paladin,retribution,35,21,14
Ðetroity,stormrage,1359,paladin,retribution,105,57,48
Pal,blackhand,1359,paladin,retribution,44,23,21
Shlaps,crushridge,1359,paladin,retribution,132,64,68
Bigdoosa,frostmourne,1358,paladin,retribution,46,23,23
Alucardlh,ragnaros,1357,paladin,retribution,336,174,162
Tsunin,area-52,1357,paladin,retribution,197,97,100
Arnblass,magtheridon,1357,paladin,retribution,90,43,47
Lightcast,moon-guard,1357,paladin,retribution,72,34,38
Hazmât,illidan,1357,paladin,retribution,127,55,72
Oneminute,nerzhul,1356,paladin,retribution,102,53,49
Wickedwingz,sargeras,1356,paladin,retribution,30,15,15
Mareaaturbo,azralon,1355,paladin,retribution,71,39,32
Coffiecup,frostmane,1355,paladin,retribution,33,18,15
Vynlorderan,area-52,1355,paladin,retribution,36,19,17
Pallyhealed,tichondrius,1355,paladin,retribution,40,19,21
Arbarrus,stormrage,1354,paladin,retribution,31,19,12
Shãne,sargeras,1354,paladin,retribution,48,29,19
Clayban,stormrage,1354,paladin,retribution,48,26,22
Willzaum,azralon,1354,paladin,retribution,72,38,34
Retributión,darkspear,1354,paladin,retribution,31,15,16
Utheer,quelthalas,1354,paladin,retribution,32,15,17
Zaxxous,hyjal,1354,paladin,retribution,33,15,18
Søøka,azralon,1354,paladin,retribution,102,43,59
Licano,azralon,1354,paladin,retribution,42,17,25
Eomàr,barthilas,1353,paladin,retribution,36,21,15
Crematória,azralon,1353,paladin,retribution,30,15,15
Zoobro,tichondrius,1353,paladin,retribution,138,67,71
Fizzlewig,malganis,1353,paladin,retribution,31,15,16
Dwk,thrall,1353,paladin,retribution,36,15,21
Theldart,ragnaros,1352,paladin,retribution,110,56,54
Modjytech,tichondrius,1352,paladin,retribution,153,65,88
Warspyder,alterac-mountains,1351,paladin,retribution,48,28,20
Onemorelight,sargeras,1351,paladin,retribution,65,36,29
Saucepally,laughing-skull,1351,paladin,retribution,103,56,47
Stonekey,warsong,1351,paladin,retribution,54,29,25
Hiikari,silver-hand,1351,paladin,retribution,48,25,23
Troyamat,nemesis,1351,paladin,retribution,131,64,67
Psyçh,quelthalas,1350,paladin,retribution,67,35,32
Mikezheng,tichondrius,1350,paladin,retribution,48,23,25
Thadose,bonechewer,1349,paladin,retribution,245,133,112
Zantdemption,frostmourne,1349,paladin,retribution,29,15,14
Lightmodel,sargeras,1349,paladin,retribution,41,21,20
Meanlight,zuljin,1348,paladin,retribution,140,77,63
Perfectgirl,maiev,1348,paladin,retribution,114,58,56
Astharor,stormrage,1348,paladin,retribution,99,50,49
Sländers,sargeras,1348,paladin,retribution,107,49,58
Shecara,malygos,1347,paladin,retribution,135,72,63
Rynis,arthas,1347,paladin,retribution,79,42,37
Vêndar,ragnaros,1347,paladin,retribution,196,94,102
Retligious,kelthuzad,1346,paladin,retribution,29,18,11
Dwurim,moon-guard,1346,paladin,retribution,48,26,22
Rektodin,tichondrius,1346,paladin,retribution,53,21,32
Ddeadwhisper,executus,1345,paladin,retribution,104,56,48
Winbott,sargeras,1345,paladin,retribution,48,17,31
Thorsenâ,sargeras,1344,paladin,retribution,66,41,25
Kalendawn,moon-guard,1344,paladin,retribution,115,63,52
Bossmin,tichondrius,1343,paladin,retribution,24,14,10
Chillstone,tichondrius,1343,paladin,retribution,54,29,25
Lainn,zuljin,1343,paladin,retribution,136,72,64
Formergf,crushridge,1343,paladin,retribution,96,50,46
Mendaltv,dalaran,1343,paladin,retribution,42,21,21
Dyskrazia,thrall,1343,paladin,retribution,32,15,17
Albagail,draka,1343,paladin,retribution,75,35,40
Kratosq,tichondrius,1343,paladin,retribution,30,14,16
Zugzugondeez,illidan,1343,paladin,retribution,30,14,16
Expiate,tichondrius,1342,paladin,retribution,18,14,4
Dublek,tichondrius,1342,paladin,retribution,18,14,4
Jumahji,illidan,1342,paladin,retribution,25,15,10
Talsono,hakkar,1342,paladin,retribution,30,16,14
Hardnow,emerald-dream,1342,paladin,retribution,30,14,16
Sweatylight,bleeding-hollow,1341,paladin,retribution,92,48,44
Fogonaventa,nemesis,1341,paladin,retribution,102,46,56
Kikazaru,moon-guard,1341,paladin,retribution,36,14,22
Mardrïus,tichondrius,1340,paladin,retribution,18,14,4
Hwanko,tichondrius,1340,paladin,retribution,52,33,19
Quickthing,dalaran,1340,paladin,retribution,113,64,49
Retsonictwo,tichondrius,1340,paladin,retribution,30,14,16
Vathus,stonemaul,1340,paladin,retribution,37,17,20
Flynnee,illidan,1340,paladin,retribution,50,22,28
Bubblestar,ragnaros,1340,paladin,retribution,56,23,33
Cabacarl,quelthalas,1340,paladin,retribution,104,41,63
Samphlty,azralon,1340,paladin,retribution,36,14,22
Holyvitamins,barthilas,1339,paladin,retribution,66,41,25
Galanblack,dalaran,1339,paladin,retribution,63,33,30
Pennedurma,akama,1339,paladin,retribution,52,27,25
Kiergann,quelthalas,1339,paladin,retribution,77,37,40
Samsaratry,proudmoore,1339,paladin,retribution,30,14,16
Lìnkzq,frostmourne,1339,paladin,retribution,36,14,22
Dragynfist,malganis,1339,paladin,retribution,36,14,22
Turner,skullcrusher,1338,paladin,retribution,24,14,10
Pugu,malfurion,1338,paladin,retribution,150,77,73
Neró,quelthalas,1338,paladin,retribution,67,31,36
Swiftdan,moon-guard,1338,paladin,retribution,96,43,53
Supramario,dragonmaw,1338,paladin,retribution,54,22,32
Yoshidakun,tichondrius,1337,paladin,retribution,18,14,4
Pappablanco,stormrage,1337,paladin,retribution,54,31,23
Weenerboy,nerzhul,1337,paladin,retribution,72,41,31
Xandish,illidan,1337,paladin,retribution,32,15,17
Steezyret,barthilas,1337,paladin,retribution,30,14,16
Bigpin,shattered-hand,1337,paladin,retribution,83,34,49
Washavy,drakkari,1337,paladin,retribution,42,14,28
Treizen,frostmourne,1336,paladin,retribution,86,40,46
Ozirus,frostmourne,1336,paladin,retribution,130,59,71
Ijóss,dreadmaul,1336,paladin,retribution,42,17,25
Principe,queldorei,1336,paladin,retribution,42,15,27
Justsmiteit,dalaran,1335,paladin,retribution,36,20,16
Wookpally,area-52,1335,paladin,retribution,63,30,33
Prôphêt,stormrage,1334,paladin,retribution,18,14,4
Minlarkwa,frostmourne,1334,paladin,retribution,36,21,15
Darktaron,ragnaros,1334,paladin,retribution,30,16,14
Tridon,zuljin,1334,paladin,retribution,74,37,37
Hasla,tichondrius,1334,paladin,retribution,121,51,70
Emisoul,sargeras,1334,paladin,retribution,36,14,22
Sarayan,proudmoore,1333,paladin,retribution,100,49,51
Stealhearsp,tichondrius,1333,paladin,retribution,65,29,36
Rainingrets,tichondrius,1333,paladin,retribution,69,27,42
Zrkoria,ragnaros,1333,paladin,retribution,46,15,31
Palyman,shattered-hand,1332,paladin,retribution,18,14,4
Emryi,stormrage,1332,paladin,retribution,24,14,10
Dirkadirkka,stormrage,1332,paladin,retribution,60,32,28
Holybalsagna,garrosh,1332,paladin,retribution,108,56,52
Kento,quelthalas,1332,paladin,retribution,30,14,16
Malorian,azgalor,1332,paladin,retribution,48,21,27
Trinade,stormrage,1332,paladin,retribution,36,14,22
Fallóut,proudmoore,1332,paladin,retribution,48,14,34
Xingxing,illidan,1331,paladin,retribution,24,14,10
Trogdorpwn,bonechewer,1331,paladin,retribution,30,17,13
Omenpachi,moon-guard,1331,paladin,retribution,56,31,25
Bonkky,whisperwind,1331,paladin,retribution,30,16,14
Pvppaulx,tichondrius,1331,paladin,retribution,83,41,42
Mobitz,dalvengyr,1330,paladin,retribution,117,60,57
Conámi,ragnaros,1329,paladin,retribution,36,21,15
Montyer,ragnaros,1329,paladin,retribution,24,14,10
Sïrenek,tichondrius,1329,paladin,retribution,79,42,37
Freÿdis,tichondrius,1329,paladin,retribution,36,17,19
Hoodmeatflap,stonemaul,1328,paladin,retribution,48,25,23
Van,tichondrius,1328,paladin,retribution,31,15,16
Antonn,stormrage,1328,paladin,retribution,30,14,16
Nerfashen,zuljin,1327,paladin,retribution,24,14,10
Gixpal,skullcrusher,1327,paladin,retribution,65,34,31
Easiestcomp,sargeras,1327,paladin,retribution,39,20,19
Xoxoxoxoxoxo,aegwynn,1327,paladin,retribution,109,52,57
Aeythyr,wyrmrest-accord,1326,paladin,retribution,24,17,7
Nerfmehpls,ragnaros,1326,paladin,retribution,186,103,83
Dontsleep,magtheridon,1326,paladin,retribution,30,14,16
Ennvy,nemesis,1326,paladin,retribution,30,14,16
Vorne,tortheldrin,1326,paladin,retribution,31,14,17
Bluewaves,tichondrius,1326,paladin,retribution,59,26,33
Akoru,quelthalas,1326,paladin,retribution,39,17,22
Santitron,ragnaros,1325,paladin,retribution,24,14,10
Fante,alleria,1325,paladin,retribution,33,17,16
Arkoth,kelthuzad,1325,paladin,retribution,30,14,16
Caylorn,illidan,1325,paladin,retribution,66,30,36
Eleonorr,proudmoore,1324,paladin,retribution,42,24,18
Clamhammer,malganis,1324,paladin,retribution,36,17,19
Toogud,moon-guard,1323,paladin,retribution,79,42,37
Elsinore,senjin,1323,paladin,retribution,41,20,21
Christman,illidan,1323,paladin,retribution,78,33,45
Reinharth,quelthalas,1322,paladin,retribution,24,14,10
Glorious,drakkari,1322,paladin,retribution,54,31,23
Holyshoc,kiljaeden,1321,paladin,retribution,105,56,49
Beastyone,tichondrius,1321,paladin,retribution,233,124,109
Sprezzatura,illidan,1321,paladin,retribution,30,15,15
Aradne,malganis,1320,paladin,retribution,47,32,15
Legendrìser,blood-furnace,1320,paladin,retribution,24,14,10
Mòse,emerald-dream,1320,paladin,retribution,30,16,14
Släyèr,tichondrius,1320,paladin,retribution,54,20,34
Kristary,ragnaros,1319,paladin,retribution,30,18,12
Elsordoo,illidan,1319,paladin,retribution,36,17,19
Dekho,quelthalas,1319,paladin,retribution,83,36,47
Keltec,bonechewer,1318,paladin,retribution,99,41,58
Serran,durotan,1318,paladin,retribution,54,20,34
Toyotasupra,azgalor,1316,paladin,retribution,51,31,20
Balango,azralon,1316,paladin,retribution,24,14,10
Statícx,ragnaros,1316,paladin,retribution,213,106,107
Stdee,zuljin,1316,paladin,retribution,75,37,38
Pallypapa,galakrond,1315,paladin,retribution,35,22,13
Pengideath,barthilas,1315,paladin,retribution,48,26,22
Hapii,tichondrius,1315,paladin,retribution,47,18,29
Nadrela,burning-blade,1314,paladin,retribution,67,39,28
Kaélthas,eonar,1314,paladin,retribution,30,14,16
Killeralan,quelthalas,1314,paladin,retribution,79,36,43
Pallynation,korgath,1314,paladin,retribution,70,31,39
Lostkanvas,azralon,1313,paladin,retribution,46,27,19
Siberios,stormrage,1313,paladin,retribution,30,14,16
Morcap,azralon,1313,paladin,retribution,48,22,26
Çløúdéd,area-52,1313,paladin,retribution,36,16,20
ßén,bleeding-hollow,1313,paladin,retribution,36,14,22
Dragonbait,khadgar,1312,paladin,retribution,60,31,29
Xenagos,akama,1312,paladin,retribution,84,41,43
Wolfgrad,stormrage,1312,paladin,retribution,75,31,44
Deadpoolman,emerald-dream,1312,paladin,retribution,42,15,27
Snowcrow,tichondrius,1311,paladin,retribution,242,116,126
Arlleth,area-52,1311,paladin,retribution,54,24,30
Trivana,durotan,1311,paladin,retribution,36,14,22
Hølyavenger,darkspear,1310,paladin,retribution,24,14,10
Taurendin,frostmourne,1310,paladin,retribution,24,14,10
Holyham,fizzcrank,1310,paladin,retribution,76,38,38
Ceebuck,thrall,1310,paladin,retribution,58,29,29
Amyrana,medivh,1310,paladin,retribution,60,29,31
Ápólló,tichondrius,1310,paladin,retribution,36,14,22
Fortueni,illidan,1309,paladin,retribution,196,112,84
Celerios,stormreaver,1308,paladin,retribution,25,15,10
Lashlan,barthilas,1308,paladin,retribution,65,36,29
Lemonliime,moon-guard,1308,paladin,retribution,81,35,46
Vólko,frostmourne,1307,paladin,retribution,49,26,23
Babyshuangs,illidan,1307,paladin,retribution,30,15,15
Fatuiz,sargeras,1306,paladin,retribution,30,14,16
Mangguo,tichondrius,1306,paladin,retribution,30,14,16
Unknownplay,tichondrius,1305,paladin,retribution,24,14,10
Brucedwal,moon-guard,1305,paladin,retribution,108,56,52
Davethunder,hakkar,1305,paladin,retribution,32,15,17
Anaken,dalaran,1304,paladin,retribution,28,16,12
Bayaz,emerald-dream,1304,paladin,retribution,67,36,31
Holyqunt,dalaran,1304,paladin,retribution,139,73,66
Thortanous,icecrown,1304,paladin,retribution,66,30,36
Gorriuke,wyrmrest-accord,1303,paladin,retribution,58,32,26
Åphrodite,bleeding-hollow,1303,paladin,retribution,30,15,15
Akiralons,ragnaros,1303,paladin,retribution,86,41,45
Prïdë,spinebreaker,1302,paladin,retribution,45,25,20
Krixes,firetree,1302,paladin,retribution,42,22,20
Guacamello,emerald-dream,1302,paladin,retribution,30,15,15
Canadianeh,malganis,1301,paladin,retribution,103,49,54
Playmaker,mannoroth,1301,paladin,retribution,99,46,53
Synthetic,moon-guard,1300,paladin,retribution,90,47,43
Silvversun,moon-guard,1300,paladin,retribution,41,18,23
Ultralord,dragonmaw,1299,paladin,retribution,28,14,14
Sunwrath,quelthalas,1299,paladin,retribution,87,37,50
Dralkou,kaelthas,1298,paladin,retribution,152,68,84
Svane,thunderlord,1298,paladin,retribution,36,14,22
Killmode,kelthuzad,1297,paladin,retribution,24,14,10
Krinkin,illidan,1297,paladin,retribution,42,14,28
Youwillatone,zuljin,1296,paladin,retribution,42,22,20
Vanndetta,thrall,1296,paladin,retribution,83,39,44
Arkanica,moon-guard,1294,paladin,retribution,59,24,35
Velarelan,moon-guard,1294,paladin,retribution,36,14,22
Giltronix,thrall,1293,paladin,retribution,66,34,32
Paladingirl,darkspear,1292,paladin,retribution,92,50,42
Holladrik,frostmourne,1291,paladin,retribution,105,49,56
Adrastéia,goldrinn,1291,paladin,retribution,54,18,36
Dewlight,zuljin,1289,paladin,retribution,81,48,33
Casko,wyrmrest-accord,1289,paladin,retribution,36,20,16
Bubbleysoda,aegwynn,1289,paladin,retribution,33,18,15
Aellâ,bloodscalp,1289,paladin,retribution,266,139,127
Vosailer,illidan,1289,paladin,retribution,40,18,22
Judgingu,proudmoore,1289,paladin,retribution,41,15,26
Asunima,wyrmrest-accord,1288,paladin,retribution,30,17,13
Hellcallerl,quelthalas,1288,paladin,retribution,28,15,13
Brsjak,frostmourne,1288,paladin,retribution,119,60,59
Kaallell,blackhand,1288,paladin,retribution,58,29,29
Elmuchacho,warsong,1288,paladin,retribution,41,20,21
Guidö,stormrage,1288,paladin,retribution,39,15,24
Bobbyliight,dunemaul,1287,paladin,retribution,24,15,9
Hivers,stormrage,1287,paladin,retribution,55,27,28
Elri,ragnaros,1287,paladin,retribution,60,29,31
Critxx,tichondrius,1287,paladin,retribution,89,41,48
Jerratt,thrall,1287,paladin,retribution,90,40,50
Kelleybelly,black-dragonflight,1287,paladin,retribution,46,19,27
Cronodxl,quelthalas,1286,paladin,retribution,60,25,35
Broxon,tichondrius,1285,paladin,retribution,76,39,37
Gainen,illidan,1285,paladin,retribution,47,24,23
Chbestafera,nemesis,1282,paladin,retribution,36,22,14
Zealotry,tichondrius,1282,paladin,retribution,44,18,26
Spartus,area-52,1281,paladin,retribution,50,29,21
Aidillon,shadowsong,1281,paladin,retribution,36,14,22
Wlq,frostmourne,1280,paladin,retribution,103,43,60
Brifos,sargeras,1280,paladin,retribution,43,14,29
Elivathord,trollbane,1279,paladin,retribution,53,27,26
Bennygee,moonrunner,1279,paladin,retribution,54,25,29
Dalance,draka,1279,paladin,retribution,54,23,31
Jazztice,mannoroth,1279,paladin,retribution,64,27,37
Sycomaniac,illidan,1279,paladin,retribution,40,14,26
Zeez,bleeding-hollow,1278,paladin,retribution,48,28,20
Justicefox,thrall,1278,paladin,retribution,24,14,10
Derethen,emerald-dream,1278,paladin,retribution,28,16,12
Vargonha,azralon,1278,paladin,retribution,178,89,89
Throwable,illidan,1277,paladin,retribution,116,52,64
Areura,hellscream,1275,paladin,retribution,33,22,11
Botïs,sargeras,1275,paladin,retribution,78,46,32
Faaqmee,gorefiend,1275,paladin,retribution,36,20,16
Holiesthoe,mannoroth,1275,paladin,retribution,36,17,19
Miketavius,moon-guard,1275,paladin,retribution,34,14,20
Blînky,illidan,1274,paladin,retribution,36,17,19
Carolena,thaurissan,1274,paladin,retribution,74,31,43
Silicä,dark-iron,1273,paladin,retribution,27,15,12
Dredberserk,stormrage,1273,paladin,retribution,30,16,14
Eddardstark,agamaggan,1273,paladin,retribution,104,54,50
Shusekki,drakkari,1273,paladin,retribution,135,68,67
Webothhateme,tichondrius,1272,paladin,retribution,36,20,16
Khorgus,gundrak,1271,paladin,retribution,54,27,27
Carenye,thunderhorn,1271,paladin,retribution,43,20,23
Soultanker,kalecgos,1271,paladin,retribution,43,17,26
Abuenano,ragnaros,1270,paladin,retribution,30,19,11
Såssy,moon-guard,1270,paladin,retribution,72,31,41
Pâpito,drakkari,1270,paladin,retribution,38,16,22
Lecarde,cenarion-circle,1270,paladin,retribution,54,20,34
Albion,sargeras,1270,paladin,retribution,42,14,28
Draygore,tichondrius,1269,paladin,retribution,54,28,26
Gramaton,malfurion,1269,paladin,retribution,60,28,32
Vassen,echo-isles,1269,paladin,retribution,45,21,24
Rampetos,mannoroth,1268,paladin,retribution,48,23,25
Lafasíta,ragnaros,1268,paladin,retribution,36,16,20
Thoti,tichondrius,1268,paladin,retribution,41,16,25
Angelos,tichondrius,1267,paladin,retribution,46,16,30
Scyni,kelthuzad,1266,paladin,retribution,61,31,30
Brightsaber,tichondrius,1266,paladin,retribution,75,38,37
Bmo,undermine,1266,paladin,retribution,36,18,18
Palacamâ,quelthalas,1266,paladin,retribution,34,15,19
Astraelon,bleeding-hollow,1266,paladin,retribution,32,14,18
Hydroponicz,tichondrius,1264,paladin,retribution,25,14,11
Bingbingcd,tichondrius,1264,paladin,retribution,54,28,26
Kregar,kelthuzad,1264,paladin,retribution,88,45,43
Hanael,quelthalas,1264,paladin,retribution,63,28,35
Madalynn,quelthalas,1264,paladin,retribution,66,29,37
Atrayeus,dawnbringer,1263,paladin,retribution,90,41,49
Quinnl,dreadmaul,1262,paladin,retribution,38,18,20
Athenariel,bleeding-hollow,1262,paladin,retribution,55,24,31
Calithia,destromath,1260,paladin,retribution,57,28,29
Steelbreaker,deathwing,1260,paladin,retribution,95,45,50
Vtyr,nemesis,1260,paladin,retribution,89,40,49
Revent,stormrage,1260,paladin,retribution,60,24,36
Sahbabii,baelgun,1260,paladin,retribution,35,14,21
Themachon,stormrage,1258,paladin,retribution,24,16,8
Jaypeezy,stormrage,1258,paladin,retribution,27,15,12
Vlandor,area-52,1258,paladin,retribution,53,29,24
Tightboxhere,illidan,1258,paladin,retribution,34,15,19
Bluether,sargeras,1257,paladin,retribution,19,14,5
Luxmiel,stormrage,1257,paladin,retribution,24,14,10
Grindlimg,dalaran,1257,paladin,retribution,30,15,15
Dannoruk,ragnaros,1257,paladin,retribution,138,66,72
Restitution,area-52,1257,paladin,retribution,35,14,21
Dárí,stormrage,1256,paladin,retribution,157,75,82
Zormzer,saurfang,1256,paladin,retribution,50,23,27
Pristinne,darkspear,1256,paladin,retribution,146,67,79
Bulioevn,emerald-dream,1256,paladin,retribution,69,30,39
Serefin,barthilas,1256,paladin,retribution,72,29,43
Gilmax,emerald-dream,1255,paladin,retribution,67,37,30
Bigboytime,area-52,1254,paladin,retribution,83,44,39
Retneyspears,darkspear,1254,paladin,retribution,95,45,50
Longinus,eredar,1253,paladin,retribution,30,15,15
Kanyewes,zuluhed,1253,paladin,retribution,95,39,56
Alberich,tichondrius,1252,paladin,retribution,70,33,37
Belena,jaedenar,1252,paladin,retribution,47,21,26
Paliodin,dalaran,1252,paladin,retribution,48,18,30
Thankyouswen,tichondrius,1251,paladin,retribution,130,60,70
Lvlone,sargeras,1250,paladin,retribution,30,17,13
Menaus,duskwood,1250,paladin,retribution,45,23,22
Verguetas,ragnaros,1250,paladin,retribution,126,57,69
Reinhardburm,quelthalas,1250,paladin,retribution,47,17,30
Saulhudson,bleeding-hollow,1249,paladin,retribution,36,17,19
Smorezz,bonechewer,1249,paladin,retribution,114,53,61
Jerseÿ,sargeras,1248,paladin,retribution,45,24,21
Andrinn,nemesis,1248,paladin,retribution,95,40,55
Wölfheärt,tichondrius,1247,paladin,retribution,18,13,5
Canadapants,kelthuzad,1247,paladin,retribution,42,24,18
Naughtygames,area-52,1247,paladin,retribution,24,13,11
Venturep,azralon,1247,paladin,retribution,24,13,11
Zalum,sargeras,1247,paladin,retribution,24,13,11
Billystacks,illidan,1247,paladin,retribution,24,13,11
Tlawn,tichondrius,1247,paladin,retribution,24,13,11
Daion,quelthalas,1247,paladin,retribution,24,13,11
Keelroi,sargeras,1247,paladin,retribution,24,13,11
Thakingyi,tichondrius,1247,paladin,retribution,24,13,11
Crimsonjudge,sargeras,1247,paladin,retribution,24,13,11
Thin,ragnaros,1247,paladin,retribution,30,14,16
Gryphin,moon-guard,1247,paladin,retribution,44,18,26
Talionz,illidan,1247,paladin,retribution,36,13,23
Doxan,quelthalas,1247,paladin,retribution,36,13,23
Bootscrapper,sargeras,1246,paladin,retribution,23,14,9
Mythbuster,frostwolf,1246,paladin,retribution,24,13,11
Palthors,ragnaros,1246,paladin,retribution,24,13,11
Talions,illidan,1246,paladin,retribution,30,13,17
Beyönd,quelthalas,1246,paladin,retribution,30,13,17
Loudpaq,guldan,1246,paladin,retribution,30,13,17
Zephyrvalor,sargeras,1245,paladin,retribution,54,32,22
Palaðu,azralon,1245,paladin,retribution,36,21,15
Luviah,proudmoore,1245,paladin,retribution,24,13,11
Leslievernon,ursin,1245,paladin,retribution,24,13,11
Mightyoak,twisting-nether,1245,paladin,retribution,24,13,11
Nosin,frostmourne,1245,paladin,retribution,24,13,11
Cozzey,amanthul,1245,paladin,retribution,34,17,17
Uunjaaku,kiljaeden,1245,paladin,retribution,57,28,29
Thaelium,ragnaros,1245,paladin,retribution,34,14,20
Onemassacre,spirestone,1245,paladin,retribution,42,13,29
Kasoon,illidan,1244,paladin,retribution,18,13,5
Holycower,tichondrius,1244,paladin,retribution,66,38,28
Marshman,kelthuzad,1244,paladin,retribution,42,23,19
Xamo,drakkari,1244,paladin,retribution,24,13,11
Happywow,tichondrius,1244,paladin,retribution,77,37,40
Bravomedic,emerald-dream,1244,paladin,retribution,57,27,30
Mákis,ragnaros,1244,paladin,retribution,30,13,17
Aduhrawl,moon-guard,1244,paladin,retribution,38,14,24
Jaimi,stormreaver,1243,paladin,retribution,18,13,5
Leyon,alterac-mountains,1243,paladin,retribution,53,32,21
Doktavius,lightbringer,1243,paladin,retribution,24,13,11
Hjolgrim,sargeras,1243,paladin,retribution,24,13,11
Seballedo,drakkari,1243,paladin,retribution,24,13,11
Audiemurphy,malganis,1243,paladin,retribution,36,18,18
Avaheal,dragonmaw,1243,paladin,retribution,41,17,24
Artaxerxes,stormrage,1243,paladin,retribution,50,20,30
Deployed,kaelthas,1243,paladin,retribution,36,13,23
Fierfox,moon-guard,1242,paladin,retribution,21,14,7
Tedward,emerald-dream,1242,paladin,retribution,24,13,11
Thørîm,nazjatar,1242,paladin,retribution,96,48,48
Pikatripa,quelthalas,1242,paladin,retribution,50,24,26
Justeight,stormrage,1242,paladin,retribution,33,13,20
Animal,korialstrasz,1241,paladin,retribution,18,13,5
Arksenva,jubeithos,1241,paladin,retribution,24,13,11
Glorgrim,emerald-dream,1241,paladin,retribution,24,13,11
Ricocheto,ragnaros,1241,paladin,retribution,24,13,11
Jhaann,tichondrius,1240,paladin,retribution,24,13,11
Mavrixz,illidan,1240,paladin,retribution,30,13,17
Safename,area-52,1239,paladin,retribution,24,13,11
Saintpower,stormscale,1239,paladin,retribution,24,13,11
Nordlight,stormrage,1239,paladin,retribution,24,13,11
Hugëhammer,emerald-dream,1238,paladin,retribution,24,13,11
Ràmetep,illidan,1238,paladin,retribution,30,13,17
Dontaylor,tichondrius,1238,paladin,retribution,33,14,19
Rigotakp,illidan,1237,paladin,retribution,30,13,17
Ablunedion,illidan,1237,paladin,retribution,41,14,27
Sialectra,illidan,1236,paladin,retribution,30,13,17
Terrordin,illidan,1236,paladin,retribution,38,13,25
Soana,alexstrasza,1234,paladin,retribution,89,53,36
Noitra,azralon,1234,paladin,retribution,27,14,13
Ödïösïtä,area-52,1234,paladin,retribution,29,14,15
Balster,moon-guard,1234,paladin,retribution,97,45,52
Malicia,malorne,1234,paladin,retribution,42,19,23
Pelagon,azralon,1234,paladin,retribution,30,13,17
Noblelight,saurfang,1233,paladin,retribution,29,17,12
Invictus,onyxia,1233,paladin,retribution,24,13,11
Criskaruz,ragnaros,1233,paladin,retribution,48,18,30
Tutle,nathrezim,1233,paladin,retribution,36,13,23
Johnyfresh,jubeithos,1232,paladin,retribution,85,41,44
Eyecandý,tichondrius,1232,paladin,retribution,36,13,23
Pasterõ,ragnaros,1231,paladin,retribution,28,16,12
Holyfunsack,frostmourne,1231,paladin,retribution,66,37,29
Oathden,area-52,1231,paladin,retribution,64,34,30
Irand,area-52,1231,paladin,retribution,67,26,41
Blø,sargeras,1230,paladin,retribution,24,13,11
Hammeerr,arthas,1230,paladin,retribution,24,13,11
Hodne,blackhand,1230,paladin,retribution,67,33,34
Dragomnnm,stormrage,1230,paladin,retribution,34,14,20
Annkha,stormrage,1229,paladin,retribution,30,16,14
Pìerre,ragnaros,1229,paladin,retribution,162,80,82
Galaxahan,bonechewer,1229,paladin,retribution,106,50,56
Tyelca,zuljin,1229,paladin,retribution,31,14,17
Golozzakum,tichondrius,1229,paladin,retribution,30,13,17
Bübbleboy,malganis,1228,paladin,retribution,18,13,5
Goodguy,tichondrius,1228,paladin,retribution,28,15,13
Gamber,frostmourne,1228,paladin,retribution,63,30,33
Psadin,thunderlord,1228,paladin,retribution,95,39,56
Uhklathel,quelthalas,1228,paladin,retribution,63,25,38
Wesleysnipes,doomhammer,1227,paladin,retribution,34,15,19
Pleasureman,gallywix,1226,paladin,retribution,108,58,50
ßlððdyßðnez,malganis,1226,paladin,retribution,42,21,21
Theuss,nerzhul,1226,paladin,retribution,95,41,54
Imposstopzc,chogall,1225,paladin,retribution,165,80,85
Haawkala,ragnaros,1225,paladin,retribution,30,13,17
Linias,quelthalas,1224,paladin,retribution,45,25,20
Trainstorm,emerald-dream,1224,paladin,retribution,60,27,33
Heälmeñow,tichondrius,1224,paladin,retribution,30,13,17
Reaslovak,jubeithos,1222,paladin,retribution,24,13,11
Wonas,ragnaros,1222,paladin,retribution,24,13,11
Bubbleöseven,agamaggan,1222,paladin,retribution,87,43,44
Daelira,illidan,1222,paladin,retribution,30,13,17
Unsung,stormreaver,1221,paladin,retribution,71,36,35
Karimpro,emerald-dream,1221,paladin,retribution,50,20,30
Vick,zuljin,1220,paladin,retribution,24,15,9
Dweezill,daggerspine,1220,paladin,retribution,51,30,21
Areaky,khazgoroth,1220,paladin,retribution,46,26,20
Kkrewk,illidan,1220,paladin,retribution,42,23,19
Ikanacanyon,stormrage,1220,paladin,retribution,24,13,11
Divinadin,stormrage,1220,paladin,retribution,48,23,25
Lucigiorna,stormrage,1219,paladin,retribution,92,44,48
Nightfallz,farstriders,1219,paladin,retribution,29,13,16
Canibaluy,ragnaros,1219,paladin,retribution,30,13,17
Oopalaoo,azralon,1219,paladin,retribution,54,21,33
Deftonia,stormrage,1218,paladin,retribution,80,38,42
Aetol,proudmoore,1218,paladin,retribution,48,21,27
Uglymugz,area-52,1218,paladin,retribution,37,16,21
Veguê,ragnaros,1218,paladin,retribution,48,20,28
Bernahl,amanthul,1218,paladin,retribution,67,24,43
Redeviliu,tichondrius,1217,paladin,retribution,41,15,26
Jeinova,barthilas,1216,paladin,retribution,141,82,59
Souiler,thunderlord,1215,paladin,retribution,31,16,15
Heindallr,nemesis,1215,paladin,retribution,88,42,46
Sandicang,azuremyst,1214,paladin,retribution,96,52,44
Pùteduvilage,zuljin,1214,paladin,retribution,36,14,22
Tanesdeline,area-52,1213,paladin,retribution,24,13,11
Iamurpal,hakkar,1211,paladin,retribution,23,13,10
Yenkmeilleur,zuljin,1211,paladin,retribution,36,20,16
Gloryana,arthas,1211,paladin,retribution,24,13,11
Hølydiver,rivendare,1210,paladin,retribution,60,32,28
Kaynè,senjin,1210,paladin,retribution,27,14,13
Wrath,frostmourne,1210,paladin,retribution,31,14,17
Armstrongz,bleeding-hollow,1210,paladin,retribution,36,13,23
Crisj,frostmourne,1209,paladin,retribution,38,18,20
Ghøjan,malganis,1208,paladin,retribution,35,21,14
Itsokimapaly,magtheridon,1208,paladin,retribution,94,52,42
Xupalaa,azralon,1208,paladin,retribution,50,26,24
Atilas,ragnaros,1208,paladin,retribution,30,15,15
Hellhawk,hellscream,1207,paladin,retribution,90,44,46
Irantir,drakkari,1207,paladin,retribution,186,87,99
Delightt,sargeras,1207,paladin,retribution,29,13,16
Gwendolyynn,moon-guard,1206,paladin,retribution,40,24,16
Noskill,moonrunner,1205,paladin,retribution,54,33,21
Hanno,azshara,1205,paladin,retribution,60,29,31
Tamahu,azralon,1205,paladin,retribution,36,16,20
Hibrael,azralon,1204,paladin,retribution,62,35,27
Skankysocks,tichondrius,1204,paladin,retribution,36,19,17
Wexting,ragnaros,1204,paladin,retribution,47,22,25
Operise,stormrage,1204,paladin,retribution,81,35,46
Webby,azjolnerub,1202,paladin,retribution,44,20,24
Ôdenswrath,stormscale,1201,paladin,retribution,104,47,57
Gruñ,quelthalas,1200,paladin,retribution,36,19,17
Featscrows,nemesis,1200,paladin,retribution,54,22,32
Tsubakî,norgannon,1199,paladin,retribution,23,13,10
Laburrito,darkspear,1199,paladin,retribution,67,31,36
Avelane,caelestrasz,1198,paladin,retribution,94,45,49
Finishearlyx,kelthuzad,1198,paladin,retribution,35,13,22
Exer,ragnaros,1198,paladin,retribution,48,16,32
Talvyr,icecrown,1197,paladin,retribution,54,23,31
Rebukezz,dalaran,1196,paladin,retribution,29,13,16
Unicochori,drakkari,1195,paladin,retribution,47,23,24
Abendroth,moon-guard,1195,paladin,retribution,69,26,43
Spoons,malganis,1195,paladin,retribution,39,13,26
Strobeyjr,tichondrius,1194,paladin,retribution,30,13,17
Xanamun,magtheridon,1194,paladin,retribution,30,13,17
Titamn,area-52,1194,paladin,retribution,36,13,23
Virrata,tichondrius,1193,paladin,retribution,26,14,12
Hoodlumz,kiljaeden,1192,paladin,retribution,24,13,11
Wosy,azralon,1192,paladin,retribution,48,25,23
Lungjuice,stormrage,1192,paladin,retribution,59,23,36
Bussyrrhea,kelthuzad,1191,paladin,retribution,46,22,24
Deathblazer,blades-edge,1191,paladin,retribution,38,17,21
Noblearthur,feathermoon,1190,paladin,retribution,24,15,9
Dinpal,tichondrius,1190,paladin,retribution,36,13,23
Hyperforce,area-52,1189,paladin,retribution,98,45,53
Evact,moon-guard,1188,paladin,retribution,97,47,50
Vanillur,tichondrius,1187,paladin,retribution,79,39,40
Redyomi,drakkari,1187,paladin,retribution,96,43,53
Morddrohung,hyjal,1186,paladin,retribution,42,26,16
Follower,sargeras,1186,paladin,retribution,101,45,56
Barbaluzz,quelthalas,1185,paladin,retribution,124,62,62
Gys,ragnaros,1185,paladin,retribution,106,52,54
Reptaur,bleeding-hollow,1185,paladin,retribution,64,31,33
Headsmusha,emerald-dream,1185,paladin,retribution,46,21,25
Moobroken,shadowsong,1184,paladin,retribution,90,35,55
Ðrâgøønz,ragnaros,1184,paladin,retribution,70,27,43
Warswordz,stormrage,1183,paladin,retribution,52,25,27
Zir,frostmourne,1182,paladin,retribution,125,65,60
Holyzeen,darkspear,1181,paladin,retribution,76,46,30
Rubain,kiljaeden,1181,paladin,retribution,48,21,27
Eetswaz,frostmourne,1180,paladin,retribution,44,23,21
Pallyjs,anetheron,1180,paladin,retribution,30,14,16
Dsio,bleeding-hollow,1180,paladin,retribution,34,13,21
Creton,magtheridon,1178,paladin,retribution,18,13,5
Bloodmich,ragnaros,1177,paladin,retribution,24,14,10
Dariänn,azralon,1177,paladin,retribution,54,20,34
Ergeboxito,quelthalas,1176,paladin,retribution,40,23,17
Meltedcheese,destromath,1176,paladin,retribution,36,19,17
Cederas,sargeras,1175,paladin,retribution,60,30,30
Bebedor,azralon,1175,paladin,retribution,45,21,24
Soledad,tichondrius,1175,paladin,retribution,36,16,20
Sanguiniius,stormrage,1174,paladin,retribution,30,13,17
Basstian,bleeding-hollow,1174,paladin,retribution,100,40,60
Trodos,quelthalas,1173,paladin,retribution,30,21,9
Lunchboxpaly,stormrage,1173,paladin,retribution,23,13,10
Amarith,queldorei,1172,paladin,retribution,102,42,60
Scudstock,tichondrius,1171,paladin,retribution,77,38,39
Rehtua,bleeding-hollow,1171,paladin,retribution,62,30,32
Crosshammer,quelthalas,1170,paladin,retribution,42,20,22
Scubalicous,magtheridon,1170,paladin,retribution,115,49,66
Swiftysh,ragnaros,1169,paladin,retribution,57,26,31
Dapión,ragnaros,1168,paladin,retribution,25,14,11
Capsiel,caelestrasz,1168,paladin,retribution,24,13,11
Souljahgirl,demon-soul,1168,paladin,retribution,42,18,24
Drakensang,tichondrius,1167,paladin,retribution,99,42,57
Rediems,drakkari,1166,paladin,retribution,66,32,34
Yungssta,sargeras,1166,paladin,retribution,55,20,35
Vaaga,quelthalas,1164,paladin,retribution,25,13,12
Marijuanza,kalecgos,1164,paladin,retribution,46,21,25
Tacsi,daggerspine,1164,paladin,retribution,54,19,35
Solomonss,frostmourne,1163,paladin,retribution,58,21,37
Krawmwell,lothar,1162,paladin,retribution,150,77,73
Angelscrÿ,stormrage,1161,paladin,retribution,24,14,10
Naizen,tichondrius,1161,paladin,retribution,25,13,12
Eagleslayer,aegwynn,1161,paladin,retribution,78,36,42
Siranvil,silver-hand,1161,paladin,retribution,42,18,24
Ducii,stormrage,1160,paladin,retribution,52,26,26
Lumberjack,bloodhoof,1160,paladin,retribution,58,21,37
Draerys,drakkari,1159,paladin,retribution,36,26,10
Rcon,khadgar,1157,paladin,retribution,39,21,18
Popwingzz,sargeras,1157,paladin,retribution,131,54,77
Brightfire,dawnbringer,1156,paladin,retribution,78,37,41
Thorsmites,sargeras,1156,paladin,retribution,66,26,40
Anbor,azralon,1154,paladin,retribution,28,13,15
Greatwyrm,illidan,1152,paladin,retribution,18,12,6
Huavi,tichondrius,1152,paladin,retribution,18,12,6
Furylolx,tichondrius,1152,paladin,retribution,18,12,6
Maxduo,bleeding-hollow,1152,paladin,retribution,24,12,12
Jivvy,eredar,1152,paladin,retribution,30,12,18
Kajoruun,bleeding-hollow,1152,paladin,retribution,43,13,30
Cöjax,dalaran,1151,paladin,retribution,18,12,6
Brotherjon,stormrage,1151,paladin,retribution,18,12,6
Bainn,nerzhul,1151,paladin,retribution,67,41,26
Cutebtw,zuljin,1151,paladin,retribution,22,13,9
Thanatiel,area-52,1151,paladin,retribution,125,68,57
Chainjustice,area-52,1151,paladin,retribution,24,12,12
ßrittany,gnomeregan,1151,paladin,retribution,24,12,12
Swegswog,frostmourne,1151,paladin,retribution,24,12,12
Hydaer,barthilas,1151,paladin,retribution,24,12,12
Divineera,frostmourne,1151,paladin,retribution,30,12,18
Geospawn,tichondrius,1151,paladin,retribution,30,12,18
Dynamism,frostmourne,1151,paladin,retribution,30,12,18
Mvwvm,tichondrius,1151,paladin,retribution,30,12,18
Fâmed,tichondrius,1151,paladin,retribution,30,12,18
Gentlemän,malganis,1150,paladin,retribution,18,12,6
Jebpal,tichondrius,1150,paladin,retribution,24,12,12
Jayolo,frostmourne,1150,paladin,retribution,36,12,24
Rykiniaz,tichondrius,1149,paladin,retribution,24,12,12
Volcathos,moon-guard,1149,paladin,retribution,24,12,12
Patrikuu,tichondrius,1149,paladin,retribution,24,12,12
Kipow,proudmoore,1149,paladin,retribution,27,13,14
Retosterone,stormrage,1149,paladin,retribution,30,12,18
Saffuki,frostmourne,1149,paladin,retribution,36,12,24
Prayme,area-52,1148,paladin,retribution,24,12,12
Warspite,caelestrasz,1147,paladin,retribution,20,14,6
Keit,moon-guard,1147,paladin,retribution,18,12,6
Rickadin,bleeding-hollow,1147,paladin,retribution,22,13,9
Pocacoco,azralon,1147,paladin,retribution,22,13,9
Exolust,dalaran,1147,paladin,retribution,24,12,12
Vongrinn,stormrage,1147,paladin,retribution,24,12,12
Vintibusca,azralon,1147,paladin,retribution,81,36,45
Alexanderrex,illidan,1147,paladin,retribution,37,16,21
Niddociv,malganis,1147,paladin,retribution,30,12,18
Smudgexy,frostmourne,1147,paladin,retribution,30,12,18
Vèltro,boulderfist,1147,paladin,retribution,50,16,34
Leroye,tichondrius,1146,paladin,retribution,18,12,6
Marhaus,emerald-dream,1146,paladin,retribution,24,12,12
Mikehawkhuge,area-52,1146,paladin,retribution,66,29,37
Adathan,ghostlands,1146,paladin,retribution,30,12,18
Gingibeno,tichondrius,1146,paladin,retribution,36,12,24
Jamoorino,frostmourne,1145,paladin,retribution,18,12,6
Schnabdain,exodar,1145,paladin,retribution,132,68,64
Lightsbane,azgalor,1145,paladin,retribution,24,12,12
Scoobs,bleeding-hollow,1145,paladin,retribution,30,12,18
Mateeka,malganis,1145,paladin,retribution,30,12,18
Thadrian,nazgrel,1144,paladin,retribution,24,12,12
Ðreschí,ragnaros,1144,paladin,retribution,28,12,16
Chopsparks,khadgar,1144,paladin,retribution,96,39,57
Riggen,thrall,1144,paladin,retribution,30,12,18
Lightshope,coilfang,1143,paladin,retribution,18,12,6
Elbigboy,tichondrius,1143,paladin,retribution,101,51,50
Bubz,silvermoon,1143,paladin,retribution,35,13,22
Seongje,tichondrius,1143,paladin,retribution,39,13,26
Oniizuna,thrall,1142,paladin,retribution,24,12,12
Hisenberg,drakkari,1142,paladin,retribution,24,12,12
Lightsheart,lightbringer,1142,paladin,retribution,27,13,14
Moosgo,emerald-dream,1142,paladin,retribution,30,12,18
Erraa,smolderthorn,1141,paladin,retribution,18,12,6
Lucard,drakkari,1141,paladin,retribution,18,12,6
Swiftxheal,stormrage,1141,paladin,retribution,24,12,12
Rakiran,area-52,1141,paladin,retribution,24,12,12
Beachyo,tichondrius,1140,paladin,retribution,18,12,6
Xlnc,illidan,1140,paladin,retribution,24,12,12
Sturka,illidan,1140,paladin,retribution,125,59,66
Athenax,area-52,1139,paladin,retribution,24,12,12
Àmárìs,tichondrius,1139,paladin,retribution,33,15,18
Snowcrest,cenarius,1139,paladin,retribution,135,60,75
Phattpump,tichondrius,1139,paladin,retribution,36,13,23
Victidin,quelthalas,1138,paladin,retribution,24,12,12
Alluxian,zuljin,1138,paladin,retribution,36,14,22
Olsen,stormrage,1137,paladin,retribution,24,12,12
Mágna,illidan,1137,paladin,retribution,24,12,12
Sarkorius,moon-guard,1137,paladin,retribution,24,12,12
Slar,emerald-dream,1137,paladin,retribution,36,17,19
Gavrill,thrall,1137,paladin,retribution,30,13,17
Narcolepso,azralon,1137,paladin,retribution,30,12,18
Eldirn,bleeding-hollow,1136,paladin,retribution,30,17,13
Drekgor,drakkari,1136,paladin,retribution,42,21,21
Rinneblack,ragnaros,1136,paladin,retribution,59,23,36
Herimi,drakkari,1136,paladin,retribution,39,13,26
Amlovích,quelthalas,1136,paladin,retribution,36,12,24
Holygerp,darrowmere,1135,paladin,retribution,36,21,15
Soyafed,mugthol,1135,paladin,retribution,58,30,28
Vejita,frostmourne,1135,paladin,retribution,24,12,12
Shadowarius,aerie-peak,1135,paladin,retribution,195,94,101
Jinfandi,gurubashi,1135,paladin,retribution,78,37,41
Groupaladin,skywall,1134,paladin,retribution,18,12,6
Shaktii,ragnaros,1134,paladin,retribution,30,12,18
Iceddcoffee,barthilas,1134,paladin,retribution,36,12,24
Ranthoril,hydraxis,1133,paladin,retribution,15,13,2
Báro,quelthalas,1133,paladin,retribution,60,37,23
Missoutale,aerie-peak,1133,paladin,retribution,94,43,51
Holyyness,bleeding-hollow,1133,paladin,retribution,30,12,18
Netguru,ragnaros,1133,paladin,retribution,30,12,18
Camcam,thrall,1132,paladin,retribution,21,13,8
Rétribution,farstriders,1132,paladin,retribution,74,37,37
Reivilly,azralon,1132,paladin,retribution,53,25,28
Ðß,arthas,1132,paladin,retribution,30,13,17
Ringout,tichondrius,1131,paladin,retribution,24,12,12
Dynamais,barthilas,1131,paladin,retribution,88,37,51
Joelanson,blood-furnace,1130,paladin,retribution,54,29,25
Jdn,ysera,1130,paladin,retribution,60,29,31
Stépz,frostmourne,1130,paladin,retribution,30,12,18
Trappadin,sargeras,1129,paladin,retribution,53,27,26
Azëitona,azralon,1129,paladin,retribution,95,42,53
Thaly,shadowmoon,1129,paladin,retribution,55,22,33
Stepurgameup,ghostlands,1128,paladin,retribution,54,29,25
Arun,arthas,1128,paladin,retribution,33,15,18
Slowmoshend,illidan,1127,paladin,retribution,36,12,24
Ascension,amanthul,1126,paladin,retribution,66,38,28
Goldfînger,zuljin,1126,paladin,retribution,36,14,22
Sparkchaser,proudmoore,1125,paladin,retribution,24,12,12
Newerlight,tichondrius,1124,paladin,retribution,25,13,12
Holypillager,zuljin,1124,paladin,retribution,24,12,12
Ajaxen,azshara,1123,paladin,retribution,18,12,6
Pallydin,smolderthorn,1123,paladin,retribution,54,28,26
Aladid,aggramar,1121,paladin,retribution,77,43,34
Darkknes,quelthalas,1121,paladin,retribution,52,26,26
Heiinneken,tichondrius,1121,paladin,retribution,26,13,13
Wilmâ,ragnaros,1121,paladin,retribution,61,24,37
Drakthorr,tichondrius,1120,paladin,retribution,22,13,9
Durothar,dalaran,1120,paladin,retribution,89,46,43
Thirtyfivemm,area-52,1119,paladin,retribution,106,53,53
Brpistol,azralon,1119,paladin,retribution,26,13,13
Cheesetitan,tichondrius,1119,paladin,retribution,91,42,49
Lemuzinho,ragnaros,1116,paladin,retribution,26,13,13
Zaklehblue,daggerspine,1116,paladin,retribution,114,51,63
Johnygoodboi,khazgoroth,1116,paladin,retribution,30,12,18
Deathwyz,thunderlord,1116,paladin,retribution,36,14,22
Reckless,quelthalas,1115,paladin,retribution,39,14,25
Hashmaal,tichondrius,1114,paladin,retribution,60,29,31
Adelsman,quelthalas,1113,paladin,retribution,30,14,16
Laelias,lightbringer,1113,paladin,retribution,36,13,23
Wrekkin,stormrage,1112,paladin,retribution,55,19,36
Brahion,icecrown,1110,paladin,retribution,98,50,48
Appolas,shattered-hand,1109,paladin,retribution,30,18,12
Volorick,dalaran,1109,paladin,retribution,56,24,32
Drágons,stormrage,1109,paladin,retribution,72,30,42
Krønos,nordrassil,1107,paladin,retribution,112,54,58
Greatgirthy,hyjal,1106,paladin,retribution,30,13,17
Haiyaa,frostwolf,1106,paladin,retribution,78,30,48
Kegmight,emerald-dream,1105,paladin,retribution,167,75,92
Valizon,hellscream,1105,paladin,retribution,78,28,50
Caitlyn,nazjatar,1103,paladin,retribution,42,24,18
Gtate,azjolnerub,1102,paladin,retribution,23,12,11
Füriøsa,quelthalas,1102,paladin,retribution,126,59,67
Decareos,tichondrius,1102,paladin,retribution,29,12,17
Toojazzyleah,proudmoore,1102,paladin,retribution,40,14,26
Mhakoi,bleeding-hollow,1102,paladin,retribution,42,13,29
Nejie,nazjatar,1101,paladin,retribution,66,36,30
Perallta,tichondrius,1101,paladin,retribution,27,14,13
Streetsaint,frostmourne,1101,paladin,retribution,78,38,40
Retgasm,drakthul,1101,paladin,retribution,34,14,20
Vengecide,proudmoore,1100,paladin,retribution,96,54,42
Diablosgrim,tichondrius,1099,paladin,retribution,36,24,12
Annashiaa,moon-guard,1099,paladin,retribution,96,47,49
Gämä,azralon,1099,paladin,retribution,36,16,20
Jamong,proudmoore,1099,paladin,retribution,35,15,20
Koltar,stormrage,1099,paladin,retribution,55,18,37
Vaaleria,dalaran,1098,paladin,retribution,42,14,28
Soukaa,illidan,1097,paladin,retribution,23,12,11
Pless,burning-blade,1097,paladin,retribution,36,15,21
Gorgrand,gorgonnash,1097,paladin,retribution,39,14,25
Savagefck,sargeras,1096,paladin,retribution,35,20,15
Piojopaladin,quelthalas,1096,paladin,retribution,49,23,26
Lucifuge,twisting-nether,1095,paladin,retribution,30,17,13
Riggar,uther,1094,paladin,retribution,77,31,46
Alphönsë,quelthalas,1093,paladin,retribution,30,16,14
Kittylickers,tichondrius,1092,paladin,retribution,108,56,52
Xyandrena,draka,1092,paladin,retribution,62,24,38
Mybadfoo,lethon,1091,paladin,retribution,24,15,9
Suncrashkid,nerzhul,1091,paladin,retribution,236,121,115
Billnighy,alleria,1091,paladin,retribution,126,62,64
Omenix,laughing-skull,1091,paladin,retribution,29,12,17
Mcbraín,quelthalas,1089,paladin,retribution,30,12,18
Alairius,tichondrius,1087,paladin,retribution,23,15,8
Killumminati,tichondrius,1087,paladin,retribution,21,13,8
Leennoox,quelthalas,1086,paladin,retribution,62,30,32
Thal,silvermoon,1086,paladin,retribution,54,25,29
Rheddbull,bonechewer,1086,paladin,retribution,35,12,23
Calwick,moon-guard,1085,paladin,retribution,44,12,32
Bubblegums,nagrand,1084,paladin,retribution,69,39,30
Hurkalzul,azralon,1083,paladin,retribution,28,12,16
Narthres,drakkari,1083,paladin,retribution,34,12,22
Chombe,tichondrius,1080,paladin,retribution,24,12,12
Zuezz,korialstrasz,1079,paladin,retribution,84,39,45
Alvis,kiljaeden,1079,paladin,retribution,42,14,28
Soncar,dalvengyr,1078,paladin,retribution,59,21,38
Eliasor,illidan,1077,paladin,retribution,18,13,5
Lízandor,ragnaros,1077,paladin,retribution,17,12,5
Phankro,quelthalas,1077,paladin,retribution,24,13,11
Clefairy,arathor,1076,paladin,retribution,39,23,16
Nuisances,illidan,1076,paladin,retribution,60,34,26
Sulfurious,moon-guard,1075,paladin,retribution,47,19,28
Abáddon,ragnaros,1075,paladin,retribution,41,13,28
Jonsnou,tol-barad,1074,paladin,retribution,36,14,22
Zorkus,turalyon,1073,paladin,retribution,42,22,20
Dreadain,gilneas,1070,paladin,retribution,36,13,23
Jeadtpt,aegwynn,1070,paladin,retribution,47,13,34
Superzero,area-52,1069,paladin,retribution,19,12,7
Ssggk,proudmoore,1069,paladin,retribution,35,18,17
Romonite,bleeding-hollow,1069,paladin,retribution,35,12,23
Takz,daggerspine,1066,paladin,retribution,38,13,25
Pldd,tichondrius,1065,paladin,retribution,141,64,77
Zela,ghostlands,1065,paladin,retribution,35,12,23
Kaidao,black-dragonflight,1064,paladin,retribution,35,15,20
Aowynd,tichondrius,1063,paladin,retribution,109,53,56
Terroll,bonechewer,1063,paladin,retribution,25,12,13
Rspect,trollbane,1062,paladin,retribution,17,12,5
Chilenoman,ragnaros,1062,paladin,retribution,63,30,33
Alexpaladin,amanthul,1061,paladin,retribution,30,13,17
Necrodar,ragnaros,1060,paladin,retribution,32,17,15
Saamuus,quelthalas,1060,paladin,retribution,96,40,56
Boomeers,emerald-dream,1060,paladin,retribution,36,13,23
Sîegfried,moon-guard,1060,paladin,retribution,37,13,24
Andras,emerald-dream,1059,paladin,retribution,22,12,10
Lessera,tichondrius,1057,paladin,retribution,26,12,14
Bdssp,stormrage,1056,paladin,retribution,18,11,7
Xenophanes,dalaran,1056,paladin,retribution,18,11,7
Pals,bronzebeard,1056,paladin,retribution,18,11,7
Hæsh,sargeras,1056,paladin,retribution,18,11,7
Lastjedi,whisperwind,1056,paladin,retribution,18,11,7
Ssawsy,illidan,1056,paladin,retribution,24,11,13
Siq,arthas,1056,paladin,retribution,30,11,19
Xandiê,sargeras,1055,paladin,retribution,18,11,7
Bigdig,stormrage,1055,paladin,retribution,18,11,7
Chubbychode,sargeras,1055,paladin,retribution,24,11,13
Thrandeill,bleeding-hollow,1055,paladin,retribution,24,11,13
Xavorn,illidan,1055,paladin,retribution,24,11,13
Sóláris,moon-guard,1055,paladin,retribution,24,11,13
Ripsader,stormrage,1055,paladin,retribution,24,11,13
Jakkatähn,malganis,1055,paladin,retribution,24,11,13
Vodulight,tichondrius,1055,paladin,retribution,24,11,13
Nugnasty,korialstrasz,1055,paladin,retribution,30,11,19
Ráky,quelthalas,1055,paladin,retribution,44,14,30
Júdgedredd,illidan,1055,paladin,retribution,36,11,25
Chelc,darkspear,1055,paladin,retribution,36,11,25
Grimven,stormrage,1054,paladin,retribution,18,11,7
Noxcy,area-52,1054,paladin,retribution,18,11,7
Hrota,laughing-skull,1054,paladin,retribution,18,11,7
Holycrusador,bleeding-hollow,1054,paladin,retribution,18,11,7
Ghostdik,ghostlands,1054,paladin,retribution,18,11,7
Protarena,zuljin,1054,paladin,retribution,24,11,13
Antarez,ragnaros,1054,paladin,retribution,24,11,13
Arena,mannoroth,1054,paladin,retribution,24,11,13
Nastenatren,steamwheedle-cartel,1054,paladin,retribution,54,22,32
Justtyce,scarlet-crusade,1054,paladin,retribution,30,11,19
Theehopper,shandris,1054,paladin,retribution,30,11,19
Varaben,sargeras,1054,paladin,retribution,36,11,25
Rektributíon,area-52,1053,paladin,retribution,18,11,7
Plateßound,black-dragonflight,1053,paladin,retribution,18,11,7
Holyåvenger,thunderhorn,1053,paladin,retribution,18,11,7
Trïpleh,sargeras,1053,paladin,retribution,18,11,7
Vincible,illidan,1053,paladin,retribution,24,11,13
Divineknight,moonrunner,1053,paladin,retribution,24,11,13
Proctrlx,tichondrius,1053,paladin,retribution,24,11,13
Dithfeo,tichondrius,1053,paladin,retribution,30,11,19
Zippzyx,tichondrius,1053,paladin,retribution,30,11,19
Vynesonia,emerald-dream,1052,paladin,retribution,21,12,9
Gallows,illidan,1052,paladin,retribution,24,11,13
Afterdawn,dreadmaul,1052,paladin,retribution,24,11,13
Thuunder,barthilas,1052,paladin,retribution,30,11,19
Supercutee,malganis,1052,paladin,retribution,36,11,25
Iesous,kiljaeden,1051,paladin,retribution,18,11,7
Exulta,illidan,1051,paladin,retribution,60,32,28
Arzorg,azralon,1051,paladin,retribution,24,12,12
Memepaladin,area-52,1051,paladin,retribution,24,11,13
Dominance,blackrock,1051,paladin,retribution,24,11,13
Holyplaise,tichondrius,1051,paladin,retribution,24,11,13
Sleekz,moon-guard,1051,paladin,retribution,24,11,13
Vashrayana,stormrage,1051,paladin,retribution,24,11,13
Daeriius,moon-guard,1051,paladin,retribution,24,11,13
Hermacles,stormrage,1051,paladin,retribution,25,11,14
Abregut,ragnaros,1051,paladin,retribution,30,11,19
Caonizumu,area-52,1051,paladin,retribution,30,11,19
Thánós,kiljaeden,1051,paladin,retribution,36,12,24
Yehovah,frostmourne,1051,paladin,retribution,42,13,29
Vankaer,uldum,1050,paladin,retribution,18,11,7
Atreuss,moon-guard,1050,paladin,retribution,72,37,35
Stainless,magtheridon,1050,paladin,retribution,30,13,17
Shãnks,illidan,1050,paladin,retribution,30,11,19
Maelificus,aggramar,1050,paladin,retribution,30,11,19
Kbak,azralon,1050,paladin,retribution,32,11,21
Dillysdilly,zuljin,1049,paladin,retribution,18,11,7
Ødin,turalyon,1049,paladin,retribution,18,11,7
Tharkeves,cenarius,1049,paladin,retribution,28,13,15
Ðinkleburg,tichondrius,1049,paladin,retribution,24,11,13
Brutaldeath,area-52,1049,paladin,retribution,39,15,24
Morghelm,stormrage,1048,paladin,retribution,12,11,1
Lïgma,dalaran,1048,paladin,retribution,18,11,7
Illëst,stormrage,1048,paladin,retribution,24,11,13
Jajabola,zuljin,1048,paladin,retribution,24,11,13
Fistopain,staghelm,1048,paladin,retribution,24,11,13
Durhin,quelthalas,1048,paladin,retribution,24,11,13
Retrimuution,emerald-dream,1048,paladin,retribution,30,12,18
Dorka,illidan,1048,paladin,retribution,30,11,19
Everyni,area-52,1047,paladin,retribution,18,11,7
Checkeettpal,sargeras,1047,paladin,retribution,24,11,13
Grim,eonar,1047,paladin,retribution,24,11,13
Pickypally,moon-guard,1046,paladin,retribution,55,30,25
Aubielynn,malygos,1046,paladin,retribution,24,11,13
Cptfantastk,emerald-dream,1046,paladin,retribution,24,11,13
Lunchboxz,nazjatar,1046,paladin,retribution,24,11,13
Hammerd,area-52,1046,paladin,retribution,27,12,15
Dévour,dalaran,1046,paladin,retribution,30,11,19
Doogo,cenarius,1045,paladin,retribution,18,11,7
Ssparkk,stormrage,1045,paladin,retribution,39,13,26
Grimhammer,the-scryers,1044,paladin,retribution,75,36,39
Palâdin,zuljin,1044,paladin,retribution,42,18,24
Rensvall,frostmourne,1043,paladin,retribution,24,13,11
Stunnaax,frostmourne,1043,paladin,retribution,60,24,36
Berthalas,stormrage,1042,paladin,retribution,18,11,7
Biblestomp,laughing-skull,1042,paladin,retribution,18,11,7
Zerofans,ragnaros,1042,paladin,retribution,24,11,13
Gotbrogurt,hyjal,1042,paladin,retribution,39,14,25
Kaysonso,thunderlord,1042,paladin,retribution,67,23,44
Swissalami,proudmoore,1041,paladin,retribution,18,11,7
Ilumine,mannoroth,1041,paladin,retribution,24,11,13
Pittypally,bleeding-hollow,1038,paladin,retribution,25,11,14
Vinjonc,drenden,1037,paladin,retribution,90,47,43
Wasimodo,emerald-dream,1037,paladin,retribution,90,43,47
Evielia,tichondrius,1037,paladin,retribution,24,11,13
Damorte,ragnaros,1037,paladin,retribution,57,25,32
Kehgs,sargeras,1037,paladin,retribution,78,32,46
Oraborra,area-52,1034,paladin,retribution,108,44,64
Mandragor,borean-tundra,1033,paladin,retribution,150,74,76
Radamant,argent-dawn,1032,paladin,retribution,36,11,25
Kryzshine,frostmourne,1030,paladin,retribution,18,11,7
Vanaris,blackrock,1030,paladin,retribution,57,30,27
Tenshí,windrunner,1030,paladin,retribution,24,12,12
Doraléous,illidan,1030,paladin,retribution,36,11,25
Mèdic,illidan,1029,paladin,retribution,23,11,12
Salvations,queldorei,1029,paladin,retribution,90,43,47
Disconnect,azjolnerub,1029,paladin,retribution,36,11,25
Feelmenu,deathwing,1027,paladin,retribution,29,11,18
Micurs,hyjal,1027,paladin,retribution,36,11,25
Bradoxx,thorium-brotherhood,1026,paladin,retribution,112,56,56
Sinficha,quelthalas,1024,paladin,retribution,18,11,7
Qechcan,quelthalas,1024,paladin,retribution,26,12,14
Kapaw,windrunner,1023,paladin,retribution,24,12,12
Holyshiznits,zuljin,1023,paladin,retribution,27,13,14
Bullpaladin,barthilas,1023,paladin,retribution,23,11,12
Moraxeus,gundrak,1020,paladin,retribution,18,11,7
Hâîlmâry,blackhand,1020,paladin,retribution,22,12,10
Wunderbread,dalaran,1020,paladin,retribution,29,11,18
Xhotbutters,korgath,1019,paladin,retribution,43,22,21
Furnost,drenden,1019,paladin,retribution,23,11,12
Beskar,shadow-council,1017,paladin,retribution,67,37,30
Millicentt,quelthalas,1017,paladin,retribution,29,13,16
Helvris,moon-guard,1016,paladin,retribution,21,12,9
Freewilly,illidan,1016,paladin,retribution,29,11,18
Lhury,quelthalas,1016,paladin,retribution,71,22,49
Renorhal,moon-guard,1015,paladin,retribution,48,16,32
Sponce,kirin-tor,1015,paladin,retribution,42,11,31
Charopiinho,azralon,1014,paladin,retribution,60,20,40
Driuling,frostmourne,1013,paladin,retribution,160,70,90
Sisterbubble,dathremar,1013,paladin,retribution,29,11,18
Dirtfunk,illidan,1011,paladin,retribution,48,18,30
Tuff,ysera,1008,paladin,retribution,36,21,15
Nikanikanomi,tichondrius,1007,paladin,retribution,35,20,15
Krossfyre,kiljaeden,1007,paladin,retribution,23,11,12
Cowna,stormrage,1007,paladin,retribution,48,16,32
Pappábear,tichondrius,1005,paladin,retribution,32,17,15
Yuriie,stormrage,1003,paladin,retribution,23,11,12
ßirdie,ragnaros,1003,paladin,retribution,29,11,18
Cupcaked,blackrock,1001,paladin,retribution,46,13,33
Astralweed,quelthalas,1000,paladin,retribution,103,40,63
Anyatay,ragnaros,1000,paladin,retribution,83,29,54
Tacoroll,tichondrius,1000,paladin,retribution,60,20,40
Smithulu,kelthuzad,997,paladin,retribution,45,24,21
Mevaleverga,zuljin,994,paladin,retribution,21,11,10
Tyrswrath,sargeras,992,paladin,retribution,36,19,17
Saltytaco,gurubashi,991,paladin,retribution,22,11,11
Iralyn,frostmane,991,paladin,retribution,60,27,33
Holyarken,dalaran,990,paladin,retribution,26,11,15
Veroth,caelestrasz,988,paladin,retribution,26,11,15
Lêe,dalaran,987,paladin,retribution,15,12,3
Sooeycide,frostmourne,987,paladin,retribution,39,14,25
Theseuus,stormrage,986,paladin,retribution,66,29,37
Amorimbr,area-52,985,paladin,retribution,29,11,18
Gowz,stormrage,985,paladin,retribution,54,18,36
Bwonmin,zuljin,984,paladin,retribution,16,11,5
Playandrunn,illidan,984,paladin,retribution,22,11,11
Adandon,dalaran,983,paladin,retribution,30,14,16
Kènjii,sargeras,982,paladin,retribution,58,27,31
Willhookah,azralon,982,paladin,retribution,60,26,34
Rayrunner,tanaris,981,paladin,retribution,42,14,28
Fenfrineflo,azralon,978,paladin,retribution,48,14,34
Kletüs,quelthalas,975,paladin,retribution,19,11,8
Sonecaks,gallywix,974,paladin,retribution,30,11,19
Kokuryuha,quelthalas,971,paladin,retribution,82,41,41
Flyinpankake,illidan,969,paladin,retribution,25,11,14
Mortika,frostmourne,965,paladin,retribution,54,24,30
Ridethispony,tichondrius,962,paladin,retribution,67,20,47
Bigfkndam,dathremar,960,paladin,retribution,12,10,2
Hyphenated,frostmourne,960,paladin,retribution,18,10,8
Accept,frostmourne,960,paladin,retribution,18,10,8
Khanid,emerald-dream,960,paladin,retribution,18,10,8
Xiaobizaizi,tichondrius,960,paladin,retribution,18,10,8
Kynndra,azralon,960,paladin,retribution,18,10,8
Meridional,tichondrius,960,paladin,retribution,18,10,8
Moonbaboon,hyjal,960,paladin,retribution,18,10,8
Eloinflated,malganis,960,paladin,retribution,18,10,8
Èmmà,stormrage,960,paladin,retribution,18,10,8
Emiaru,illidan,960,paladin,retribution,22,11,11
Fumaçaa,nemesis,960,paladin,retribution,27,13,14
Layson,uldum,960,paladin,retribution,24,10,14
Ziti,bonechewer,960,paladin,retribution,24,10,14
Picorii,frostmourne,960,paladin,retribution,24,10,14
Alodor,dalaran,960,paladin,retribution,24,10,14
Komonai,illidan,960,paladin,retribution,24,10,14
Dillionharpr,quelthalas,960,paladin,retribution,24,10,14
Ohmyglob,bleeding-hollow,960,paladin,retribution,24,10,14
Porxhux,tichondrius,960,paladin,retribution,24,10,14
Legèndaïry,tichondrius,960,paladin,retribution,24,10,14
Friendfriend,proudmoore,960,paladin,retribution,24,10,14
Retgodxo,tichondrius,960,paladin,retribution,25,10,15
Jswyrm,quelthalas,960,paladin,retribution,110,41,69
Gompa,bleeding-hollow,960,paladin,retribution,30,10,20
Benediction,burning-blade,960,paladin,retribution,30,10,20
Laurenlight,tichondrius,960,paladin,retribution,36,10,26
Bubblybuns,proudmoore,959,paladin,retribution,12,10,2
Kaydenkross,azralon,959,paladin,retribution,18,11,7
Lyghts,darkspear,959,paladin,retribution,18,10,8
Everith,bleeding-hollow,959,paladin,retribution,18,10,8
Yugawn,maiev,959,paladin,retribution,18,10,8
Lawzaddy,tichondrius,959,paladin,retribution,18,10,8
Holyterror,dentarg,959,paladin,retribution,18,10,8
Uprisen,daggerspine,959,paladin,retribution,18,10,8
Pulling,sargeras,959,paladin,retribution,18,10,8
Andriaana,moon-guard,959,paladin,retribution,18,10,8
Kaetix,frostmourne,959,paladin,retribution,18,10,8
Arimae,turalyon,959,paladin,retribution,18,10,8
Kayaman,tichondrius,959,paladin,retribution,18,10,8
Loween,thunderlord,959,paladin,retribution,102,44,58
Tazanian,aegwynn,959,paladin,retribution,24,10,14
Roddaric,nerzhul,959,paladin,retribution,24,10,14
Zetka,tichondrius,959,paladin,retribution,24,10,14
Déathkiing,area-52,959,paladin,retribution,24,10,14
Bruxx,twisting-nether,959,paladin,retribution,24,10,14
Shaqueefah,illidan,959,paladin,retribution,24,10,14
Onixx,kargath,959,paladin,retribution,30,10,20
Isayas,tichondrius,959,paladin,retribution,30,10,20
Digider,area-52,959,paladin,retribution,36,10,26
Zyden,hellscream,958,paladin,retribution,18,10,8
Rfox,sargeras,958,paladin,retribution,18,10,8
Akain,tichondrius,958,paladin,retribution,18,10,8
Svenn,eredar,958,paladin,retribution,18,10,8
Microlight,windrunner,958,paladin,retribution,18,10,8
Kegman,thrall,958,paladin,retribution,18,10,8
Holyshifts,exodar,958,paladin,retribution,24,10,14
Solambul,tichondrius,958,paladin,retribution,24,10,14
Mexipaladin,thrall,958,paladin,retribution,24,10,14
Strykerrz,tanaris,958,paladin,retribution,24,10,14
Tystaullan,zuljin,958,paladin,retribution,24,10,14
Freslys,zuljin,958,paladin,retribution,24,10,14
Benevolént,area-52,958,paladin,retribution,24,10,14
Korranix,sargeras,958,paladin,retribution,28,11,17
Fokatayew,korialstrasz,958,paladin,retribution,30,10,20
Donmi,dalaran,957,paladin,retribution,15,11,4
Pinladin,sargeras,957,paladin,retribution,16,11,5
Arenababy,tichondrius,957,paladin,retribution,22,11,11
Vulkaros,azralon,956,paladin,retribution,12,10,2
Vacoro,tichondrius,956,paladin,retribution,18,10,8
Qùestions,frostmourne,956,paladin,retribution,18,10,8
Thegreatrune,frostmourne,956,paladin,retribution,18,10,8
Taynos,tichondrius,956,paladin,retribution,21,11,10
Thüridan,azralon,956,paladin,retribution,21,11,10
Pardan,tichondrius,956,paladin,retribution,27,14,13
Ryumi,lightbringer,956,paladin,retribution,24,10,14
Zotro,sargeras,956,paladin,retribution,24,10,14
Buckedup,bleeding-hollow,956,paladin,retribution,24,10,14
Ollyollyawks,bloodscalp,956,paladin,retribution,30,10,20
Elhoj,illidan,955,paladin,retribution,18,10,8
Sparklepuss,turalyon,955,paladin,retribution,64,33,31
Skoozin,emerald-dream,955,paladin,retribution,22,11,11
Ailo,nemesis,955,paladin,retribution,24,10,14
Crtinsideyou,skullcrusher,955,paladin,retribution,27,11,16
Ashbrînger,emerald-dream,955,paladin,retribution,30,10,20
Torujo,drakkari,954,paladin,retribution,18,10,8
Cacaine,goldrinn,954,paladin,retribution,21,11,10
Eladrin,tichondrius,954,paladin,retribution,24,10,14
Ranknoob,khazgoroth,954,paladin,retribution,24,10,14
Pinelli,aegwynn,954,paladin,retribution,24,10,14
Sòl,stormrage,954,paladin,retribution,24,10,14
Kelenis,bonechewer,954,paladin,retribution,24,10,14
Tomcat,bladefist,954,paladin,retribution,24,10,14
Akolo,kelthuzad,954,paladin,retribution,24,10,14
Tisu,kiljaeden,954,paladin,retribution,24,10,14
Didymus,boulderfist,954,paladin,retribution,41,17,24
Axiskai,gorgonnash,954,paladin,retribution,30,10,20
Mindbodysoul,kiljaeden,953,paladin,retribution,24,14,10
Slædgæhæmmær,bonechewer,953,paladin,retribution,48,17,31
Aduynn,tichondrius,953,paladin,retribution,36,10,26
Aura,stormreaver,952,paladin,retribution,18,10,8
Llght,hydraxis,952,paladin,retribution,18,10,8
Bunkalunk,lightbringer,952,paladin,retribution,38,16,22
Pallyalli,burning-blade,952,paladin,retribution,24,10,14
Exeneyder,elune,952,paladin,retribution,25,10,15
Lilsquirt,proudmoore,951,paladin,retribution,40,24,16
Goontaa,staghelm,951,paladin,retribution,18,10,8
Deathret,stonemaul,951,paladin,retribution,18,10,8
Giancenna,illidan,950,paladin,retribution,18,10,8
Aewein,ragnaros,950,paladin,retribution,23,10,13
Lionag,ragnaros,950,paladin,retribution,24,10,14
Keu,emerald-dream,950,paladin,retribution,87,36,51
Tomaz,ragnaros,948,paladin,retribution,19,10,9
Pedromuulos,misha,948,paladin,retribution,34,11,23
Siton,rexxar,946,paladin,retribution,29,11,18
Krabbiepatty,wyrmrest-accord,945,paladin,retribution,24,10,14
Sinister,chogall,943,paladin,retribution,23,13,10
Taego,tichondrius,943,paladin,retribution,29,10,19
Jonnywick,duskwood,942,paladin,retribution,48,22,26
Whesley,drakkari,941,paladin,retribution,18,10,8
Sokzsz,barthilas,941,paladin,retribution,33,15,18
Øexørcistta,nemesis,941,paladin,retribution,24,10,14
Lailaa,balnazzar,940,paladin,retribution,32,15,17
Taegwyn,thunderlord,940,paladin,retribution,40,11,29
Oogablah,wyrmrest-accord,939,paladin,retribution,32,17,15
Lannislight,wyrmrest-accord,938,paladin,retribution,131,60,71
Sanctum,barthilas,936,paladin,retribution,153,72,81
Hadrianus,azralon,934,paladin,retribution,68,21,47
Deesqueezie,area-52,933,paladin,retribution,23,10,13
Bigjwpb,illidan,931,paladin,retribution,279,134,145
Palman,frostmourne,931,paladin,retribution,24,10,14
Gírthbrooks,hyjal,928,paladin,retribution,23,11,12
Jojoxd,proudmoore,927,paladin,retribution,22,10,12
Luluwu,stormrage,926,paladin,retribution,19,10,9
Garthilan,stormrage,925,paladin,retribution,22,10,12
Niáa,quelthalas,924,paladin,retribution,24,10,14
Biggin,garona,924,paladin,retribution,142,54,88
Bolidan,terokkar,923,paladin,retribution,48,19,29
Bukkning,tichondrius,922,paladin,retribution,58,17,41
Pallyoh,moknathal,921,paladin,retribution,41,23,18
Mayumei,wyrmrest-accord,920,paladin,retribution,44,21,23
Vonfraud,lightbringer,919,paladin,retribution,36,10,26
Diësëlsmoke,bronzebeard,917,paladin,retribution,18,10,8
Brandforge,thunderlord,916,paladin,retribution,18,10,8
Goldranger,hakkar,916,paladin,retribution,42,22,20
Avlystein,wyrmrest-accord,914,paladin,retribution,89,29,60
Slapatoe,tichondrius,912,paladin,retribution,37,12,25
Alpine,nordrassil,911,paladin,retribution,132,64,68
Tâbris,tichondrius,911,paladin,retribution,23,10,13
Stinaz,quelthalas,911,paladin,retribution,23,10,13
Fiate,azralon,911,paladin,retribution,29,10,19
Luvstopwn,akama,910,paladin,retribution,17,10,7
Vietnomeez,tichondrius,910,paladin,retribution,28,10,18
Housemix,gurubashi,904,paladin,retribution,30,16,14
Deltajk,drakkari,901,paladin,retribution,54,26,28
Cantbecosby,scilla,900,paladin,retribution,23,10,13
Thuurolo,moon-guard,900,paladin,retribution,36,10,26
Kilidin,illidan,899,paladin,retribution,21,10,11
Toepuller,doomhammer,897,paladin,retribution,89,43,46
Àxçël,hyjal,895,paladin,retribution,19,11,8
Denthor,lightbringer,894,paladin,retribution,20,10,10
Brocolinî,zuljin,892,paladin,retribution,28,11,17
Dubaron,burning-blade,888,paladin,retribution,64,33,31
Elderbill,emerald-dream,887,paladin,retribution,36,18,18
Palliful,runetotem,886,paladin,retribution,33,16,17
Kalayton,nesingwary,885,paladin,retribution,21,11,10
Kromcrush,azralon,883,paladin,retribution,22,10,12
Allandaa,frostmourne,878,paladin,retribution,25,10,15
Populate,tichondrius,877,paladin,retribution,30,14,16
Ulessys,bleeding-hollow,874,paladin,retribution,61,27,34
Murtsza,ragnaros,874,paladin,retribution,68,24,44
Dragollias,anvilmar,874,paladin,retribution,30,10,20
Kenbad,aegwynn,873,paladin,retribution,18,10,8
Zentrick,whisperwind,870,paladin,retribution,143,67,76
Olstonie,garrosh,866,paladin,retribution,48,25,23
Juang,arthas,866,paladin,retribution,55,24,31
Slivkoff,wyrmrest-accord,864,paladin,retribution,12,9,3
Palagan,frostmourne,864,paladin,retribution,12,9,3
Chrigpal,tichondrius,864,paladin,retribution,12,9,3
Sonô,sargeras,864,paladin,retribution,12,9,3
Arukan,ragnaros,864,paladin,retribution,12,9,3
Divenelena,sargeras,864,paladin,retribution,12,9,3
Dønpingøn,ragnaros,864,paladin,retribution,12,9,3
Palazyn,frostmourne,864,paladin,retribution,12,9,3
Skinnipeen,frostmourne,864,paladin,retribution,12,9,3
Akumasakana,earthen-ring,864,paladin,retribution,12,9,3
Notprot,zuljin,864,paladin,retribution,12,9,3
Raggnarokk,kelthuzad,864,paladin,retribution,12,9,3
Sensatione,tichondrius,864,paladin,retribution,18,9,9
Liadryn,kiljaeden,864,paladin,retribution,18,9,9
Gløry,alexstrasza,864,paladin,retribution,18,9,9
Farmerzonly,tichondrius,864,paladin,retribution,18,9,9
Rockdeath,sargeras,864,paladin,retribution,18,9,9
Wogyu,area-52,864,paladin,retribution,18,9,9
Mónstër,ragnaros,864,paladin,retribution,18,9,9
Popwingsz,nemesis,864,paladin,retribution,18,9,9
Dumbledwarf,hyjal,864,paladin,retribution,18,9,9
Beefdaddyx,tichondrius,864,paladin,retribution,18,9,9
Retpa,tichondrius,864,paladin,retribution,18,9,9
Glynisir,sargeras,864,paladin,retribution,18,9,9
Shinigammi,tichondrius,864,paladin,retribution,21,10,11
Althsar,thunderlord,864,paladin,retribution,26,11,15
Bageru,gnomeregan,864,paladin,retribution,24,9,15
Traevel,moon-guard,864,paladin,retribution,24,9,15
Zuther,spirestone,864,paladin,retribution,24,9,15
Dentonio,illidan,864,paladin,retribution,24,9,15
Sarcxmere,thrall,864,paladin,retribution,24,9,15
Onionknightt,illidan,864,paladin,retribution,24,9,15
Saintgeórge,frostmourne,864,paladin,retribution,25,9,16
Vibránium,tichondrius,864,paladin,retribution,30,9,21
Goozlight,area-52,864,paladin,retribution,30,9,21
Veliona,thaurissan,863,paladin,retribution,12,9,3
Pallyofhell,area-52,863,paladin,retribution,12,9,3
Dualipah,quelthalas,863,paladin,retribution,12,9,3
Pipay,proudmoore,863,paladin,retribution,12,9,3
Lenlaar,shadowsong,863,paladin,retribution,12,9,3
Mightymagnus,silvermoon,863,paladin,retribution,12,9,3
Zára,eitrigg,863,paladin,retribution,12,9,3
Beepsmash,executus,863,paladin,retribution,12,9,3
Drinkn,kelthuzad,863,paladin,retribution,18,9,9
Wálker,ragnaros,863,paladin,retribution,18,9,9
Avacii,illidan,863,paladin,retribution,18,9,9
Ahzalon,azralon,863,paladin,retribution,18,9,9
Longtai,proudmoore,863,paladin,retribution,18,9,9
Nhanless,tichondrius,863,paladin,retribution,18,9,9
Dreamlightz,tichondrius,863,paladin,retribution,18,9,9
Valandur,kelthuzad,863,paladin,retribution,18,9,9
Semamnohands,illidan,863,paladin,retribution,18,9,9
Menethil,ghostlands,863,paladin,retribution,18,9,9
Enril,azgalor,863,paladin,retribution,18,9,9
Paladinlugo,velen,863,paladin,retribution,18,9,9
Paliwarrior,illidan,863,paladin,retribution,18,9,9
Relsetta,sargeras,863,paladin,retribution,18,9,9
Wideloadphd,malganis,863,paladin,retribution,18,9,9
Zercker,ragnaros,863,paladin,retribution,18,9,9
Ltt,dalaran,863,paladin,retribution,18,9,9
Itaghí,sargeras,863,paladin,retribution,18,9,9
Loraven,wyrmrest-accord,863,paladin,retribution,18,9,9
Paredes,demon-soul,863,paladin,retribution,18,9,9
Spellshield,barthilas,863,paladin,retribution,18,9,9
Holyweaponz,sargeras,863,paladin,retribution,18,9,9
Crazysyco,tichondrius,863,paladin,retribution,18,9,9
Mohrdeth,bonechewer,863,paladin,retribution,18,9,9
Ironprice,tichondrius,863,paladin,retribution,18,9,9
Escanøor,stormrage,863,paladin,retribution,18,9,9
Biggbraiin,drakkari,863,paladin,retribution,22,10,12
Delvious,proudmoore,863,paladin,retribution,24,9,15
Aafushou,proudmoore,863,paladin,retribution,24,9,15
Nuuska,dalaran,863,paladin,retribution,24,9,15
Thickdam,korgath,863,paladin,retribution,24,9,15
Galadriele,zuljin,863,paladin,retribution,24,9,15
Roländ,thrall,863,paladin,retribution,24,9,15
Stricken,kul-tiras,863,paladin,retribution,24,9,15
Amntir,sargeras,863,paladin,retribution,24,9,15
Trevion,malganis,863,paladin,retribution,24,9,15
Ishuffle,malganis,863,paladin,retribution,24,9,15
Bubzfordubz,sargeras,863,paladin,retribution,30,9,21
Vooz,emerald-dream,863,paladin,retribution,30,9,21
Tenethor,area-52,863,paladin,retribution,30,9,21
Badboí,azralon,862,paladin,retribution,12,9,3
Keiora,sargeras,862,paladin,retribution,12,9,3
Ástedór,ragnaros,862,paladin,retribution,12,9,3
Izynia,tichondrius,862,paladin,retribution,12,9,3
Dörisseline,bleeding-hollow,862,paladin,retribution,18,9,9
Darkestday,hellscream,862,paladin,retribution,18,9,9
Klaro,frostmourne,862,paladin,retribution,18,9,9
Naritan,greymane,862,paladin,retribution,18,9,9
Santamuerte,firetree,862,paladin,retribution,18,9,9
Surrogat,ragnaros,862,paladin,retribution,18,9,9
Aeoliá,moon-guard,862,paladin,retribution,18,9,9
Rocknpally,icecrown,862,paladin,retribution,18,9,9
Fallenp,hakkar,862,paladin,retribution,18,9,9
Boogerred,korialstrasz,862,paladin,retribution,24,9,15
Wälly,garona,862,paladin,retribution,24,9,15
Starski,korgath,862,paladin,retribution,24,9,15
Kelimir,dathremar,861,paladin,retribution,12,9,3
Stevas,khazgoroth,861,paladin,retribution,12,9,3
Loctár,tichondrius,861,paladin,retribution,18,9,9
Killdamned,nemesis,861,paladin,retribution,18,9,9
Insidous,galakrond,861,paladin,retribution,18,9,9
Aerandír,stormrage,861,paladin,retribution,18,9,9
Kommuna,stormscale,861,paladin,retribution,18,9,9
Homiepaldino,nordrassil,861,paladin,retribution,18,9,9
Darawin,korgath,861,paladin,retribution,18,9,9
Borélock,kelthuzad,861,paladin,retribution,18,9,9
Guttis,nemesis,861,paladin,retribution,18,9,9
Artharie,proudmoore,861,paladin,retribution,18,9,9
Ottiepal,kelthuzad,861,paladin,retribution,24,9,15
Rennalux,stormrage,861,paladin,retribution,24,9,15
Retroactive,thunderlord,861,paladin,retribution,24,9,15
Nibuwolfx,daggerspine,861,paladin,retribution,24,9,15
Piscacha,ragnaros,861,paladin,retribution,24,9,15
Chstypuller,tichondrius,861,paladin,retribution,27,10,17
Deztrom,dalaran,860,paladin,retribution,12,9,3
Xaidas,jubeithos,860,paladin,retribution,18,9,9
Spenny,executus,860,paladin,retribution,18,9,9
Majinpal,illidan,860,paladin,retribution,24,9,15
Darkour,gnomeregan,860,paladin,retribution,24,9,15
Rusticles,aerie-peak,860,paladin,retribution,24,9,15
Unholypally,suramar,860,paladin,retribution,24,9,15
Khetzi,thunderhorn,859,paladin,retribution,18,9,9
Desrexen,malganis,859,paladin,retribution,18,9,9
Layonthis,the-venture-co,859,paladin,retribution,18,9,9
Enpyrian,azralon,859,paladin,retribution,18,9,9
Drolan,onyxia,859,paladin,retribution,18,9,9
Palpaladines,quelthalas,859,paladin,retribution,24,9,15
Kylarha,stormrage,859,paladin,retribution,24,9,15
Contritus,kiljaeden,859,paladin,retribution,30,9,21
Atularis,tichondrius,858,paladin,retribution,12,9,3
Irongiant,grizzly-hills,858,paladin,retribution,18,9,9
Alysca,tichondrius,858,paladin,retribution,18,9,9
Haziel,darkspear,858,paladin,retribution,24,9,15
Stévén,zuljin,858,paladin,retribution,30,9,21
Alerz,moon-guard,857,paladin,retribution,15,9,6
Jojoboskies,aegwynn,857,paladin,retribution,18,9,9
Übermane,illidan,857,paladin,retribution,18,9,9
Zeprikito,nemesis,857,paladin,retribution,18,9,9
Nasumi,emerald-dream,856,paladin,retribution,12,9,3
Seldom,azralon,856,paladin,retribution,18,9,9
Frostbitee,nerzhul,856,paladin,retribution,18,9,9
Prahv,shuhalo,856,paladin,retribution,24,9,15
Zerolayer,proudmoore,855,paladin,retribution,12,9,3
Maraboujan,nemesis,855,paladin,retribution,18,9,9
Blackflare,undermine,855,paladin,retribution,18,9,9
Persefaní,moon-guard,855,paladin,retribution,18,9,9
Clariten,ghostlands,855,paladin,retribution,24,9,15
Agonyss,quelthalas,853,paladin,retribution,18,9,9
Darqtank,smolderthorn,853,paladin,retribution,24,9,15
Jade,black-dragonflight,853,paladin,retribution,30,9,21
Synnderilla,wyrmrest-accord,851,paladin,retribution,24,9,15
Genâcide,windrunner,850,paladin,retribution,18,9,9
Cuthroat,area-52,848,paladin,retribution,663,328,335
Typicalangel,tichondrius,847,paladin,retribution,24,9,15
Elysés,stormrage,846,paladin,retribution,17,9,8
Aerweyn,proudmoore,846,paladin,retribution,17,9,8
Morthalos,moon-guard,845,paladin,retribution,23,9,14
Hotdgwatr,bleeding-hollow,843,paladin,retribution,24,10,14
Zalcan,vashj,843,paladin,retribution,30,9,21
Mereoleona,elune,842,paladin,retribution,24,9,15
Rakelanpally,area-52,841,paladin,retribution,22,10,12
Reverend,thunderlord,840,paladin,retribution,24,9,15
Redderick,illidan,837,paladin,retribution,95,33,62
Palgiga,tichondrius,834,paladin,retribution,18,9,9
Captdangle,stormrage,834,paladin,retribution,23,10,13
Hammerhitter,lightbringer,834,paladin,retribution,60,22,38
Palee,garrosh,833,paladin,retribution,44,19,25
Teléza,illidan,831,paladin,retribution,17,9,8
Tectorr,proudmoore,831,paladin,retribution,95,46,49
Mehchelol,azgalor,831,paladin,retribution,48,21,27
Hórús,azralon,831,paladin,retribution,84,29,55
Bellamor,burning-blade,830,paladin,retribution,17,9,8
Nyms,gallywix,828,paladin,retribution,78,25,53
Dreek,azralon,827,paladin,retribution,14,10,4
Heneaz,quelthalas,826,paladin,retribution,20,10,10
Unversed,illidan,825,paladin,retribution,24,11,13
Elgigante,azshara,817,paladin,retribution,62,29,33
Tbirdusa,sargeras,817,paladin,retribution,34,9,25
Sinica,barthilas,815,paladin,retribution,17,9,8
Lilbursty,tichondrius,810,paladin,retribution,25,10,15
Panicbubblin,stormrage,809,paladin,retribution,18,10,8
Naeamen,dragonmaw,808,paladin,retribution,15,10,5
Porterhousee,bleeding-hollow,807,paladin,retribution,23,11,12
Sondaar,madoran,807,paladin,retribution,65,18,47
Runscapemain,feathermoon,805,paladin,retribution,26,12,14
Sevothart,goldrinn,802,paladin,retribution,42,19,23
Traesh,quelthalas,799,paladin,retribution,17,9,8
Kalbuldur,ragnaros,799,paladin,retribution,23,9,14
Witewolf,illidan,798,paladin,retribution,19,10,9
Repentsinner,draka,797,paladin,retribution,22,9,13
Lightfdre,rexxar,797,paladin,retribution,34,11,23
Kûrâmâ,ragnaros,796,paladin,retribution,16,9,7
Kakashixd,area-52,794,paladin,retribution,14,11,3
Epora,hakkar,792,paladin,retribution,60,14,46
Kiloalpha,area-52,791,paladin,retribution,22,9,13
Lítebearer,kelthuzad,787,paladin,retribution,17,9,8
Slopzy,sargeras,783,paladin,retribution,13,9,4
Pochanaw,wyrmrest-accord,768,paladin,retribution,12,8,4
Pennywenny,barthilas,768,paladin,retribution,12,8,4
Mortalbeef,zuljin,768,paladin,retribution,12,8,4
Pizzapocket,windrunner,768,paladin,retribution,12,8,4
Franckz,ragnaros,768,paladin,retribution,12,8,4
Vàlkyrie,antonidas,768,paladin,retribution,12,8,4
Zelo,emerald-dream,768,paladin,retribution,12,8,4
Sebbytheman,tichondrius,768,paladin,retribution,12,8,4
Meady,area-52,768,paladin,retribution,12,8,4
Tânk,draktharon,768,paladin,retribution,12,8,4
Eskynor,sargeras,768,paladin,retribution,12,8,4
Swellows,tichondrius,768,paladin,retribution,12,8,4
Céllash,tichondrius,768,paladin,retribution,12,8,4
Tolliver,area-52,768,paladin,retribution,12,8,4
Luzmu,azralon,768,paladin,retribution,12,8,4
Syorì,wyrmrest-accord,768,paladin,retribution,12,8,4
Valoren,spinebreaker,768,paladin,retribution,12,8,4
Arellis,barthilas,768,paladin,retribution,12,8,4
Soymilkdrnka,sargeras,768,paladin,retribution,12,8,4
Lotarow,wyrmrest-accord,768,paladin,retribution,12,8,4
Hypheríon,ragnaros,768,paladin,retribution,12,8,4
Grimreaperx,azralon,768,paladin,retribution,17,8,9
Aswaran,jaedenar,768,paladin,retribution,18,8,10
Hkingx,frostwolf,768,paladin,retribution,18,8,10
Enriqûe,ragnaros,768,paladin,retribution,18,8,10
Maanuel,ragnaros,768,paladin,retribution,18,8,10
Roshord,quelthalas,768,paladin,retribution,18,8,10
Gersin,azralon,768,paladin,retribution,18,8,10
Ratkiller,barthilas,768,paladin,retribution,18,8,10
Smiteup,sargeras,768,paladin,retribution,18,8,10
Bubbletaunt,frostmourne,768,paladin,retribution,18,8,10
Lowther,bleeding-hollow,768,paladin,retribution,18,8,10
Potatopasta,area-52,768,paladin,retribution,18,8,10
Mizumaru,sargeras,768,paladin,retribution,18,8,10
Noansr,proudmoore,768,paladin,retribution,18,8,10
Derrios,stormrage,768,paladin,retribution,18,8,10
Turaylon,bloodscalp,768,paladin,retribution,18,8,10
Normnom,area-52,768,paladin,retribution,18,8,10
Tekkies,barthilas,768,paladin,retribution,18,8,10
Freyrr,azralon,768,paladin,retribution,18,8,10
Inquísítor,stormrage,768,paladin,retribution,18,8,10
Jachugz,tichondrius,768,paladin,retribution,18,8,10
Thaleros,tichondrius,768,paladin,retribution,18,8,10
Shibbx,quelthalas,768,paladin,retribution,18,8,10
Zøzø,zuljin,768,paladin,retribution,18,8,10
Volphorix,illidan,768,paladin,retribution,18,8,10
Metlertoledo,mannoroth,768,paladin,retribution,18,8,10
Tarà,sargeras,768,paladin,retribution,18,8,10
Quiznossubs,kelthuzad,768,paladin,retribution,18,8,10
Búbblebath,illidan,768,paladin,retribution,18,8,10
Ironinya,frostmourne,768,paladin,retribution,18,8,10
Condexx,quelthalas,768,paladin,retribution,18,8,10
Undefeatæd,korgath,768,paladin,retribution,18,8,10
Nozfferatu,drakkari,768,paladin,retribution,18,8,10
Adrexious,dalaran,768,paladin,retribution,18,8,10
Trulymental,bleeding-hollow,768,paladin,retribution,19,8,11
Bubbleblade,burning-blade,768,paladin,retribution,24,8,16
Jimxeung,tichondrius,768,paladin,retribution,24,8,16
Marcopolo,azralon,768,paladin,retribution,24,8,16
Lxwd,tichondrius,768,paladin,retribution,24,8,16
Shmokay,illidan,768,paladin,retribution,24,8,16
Arminhamer,sargeras,768,paladin,retribution,24,8,16
Forgivers,kiljaeden,768,paladin,retribution,24,8,16
Botch,drenden,768,paladin,retribution,24,8,16
Lowhp,tichondrius,768,paladin,retribution,24,8,16
Roundhere,area-52,768,paladin,retribution,30,8,22
Darkvih,azralon,767,paladin,retribution,12,8,4
Hafalek,lightbringer,767,paladin,retribution,12,8,4
Hqknight,moon-guard,767,paladin,retribution,12,8,4
Husurdaddy,dalaran,767,paladin,retribution,12,8,4
Aldrion,stormrage,767,paladin,retribution,12,8,4
Atheistqtlol,illidan,767,paladin,retribution,12,8,4
Fährad,azralon,767,paladin,retribution,12,8,4
Snajky,sargeras,767,paladin,retribution,12,8,4
Acidhammer,kelthuzad,767,paladin,retribution,12,8,4
Rhumil,tichondrius,767,paladin,retribution,12,8,4
Wompa,tanaris,767,paladin,retribution,12,8,4
Meatyblessin,area-52,767,paladin,retribution,12,8,4
Astaysia,undermine,767,paladin,retribution,12,8,4
Holydaddyy,area-52,767,paladin,retribution,12,8,4
Greybrox,barthilas,767,paladin,retribution,12,8,4
Awsem,barthilas,767,paladin,retribution,12,8,4
Jarlsirius,tichondrius,767,paladin,retribution,12,8,4
Faith,thorium-brotherhood,767,paladin,retribution,12,8,4
Everret,tichondrius,767,paladin,retribution,12,8,4
Mægenta,tichondrius,767,paladin,retribution,12,8,4
Dinapal,frostmourne,767,paladin,retribution,12,8,4
Baladine,zuljin,767,paladin,retribution,12,8,4
Infamoustool,barthilas,767,paladin,retribution,12,8,4
Akadios,azralon,767,paladin,retribution,12,8,4
Sauceclock,illidan,767,paladin,retribution,12,8,4
Palinator,bleeding-hollow,767,paladin,retribution,18,8,10
Holytrev,tichondrius,767,paladin,retribution,18,8,10
Juiol,frostmourne,767,paladin,retribution,18,8,10
Swoliikus,kelthuzad,767,paladin,retribution,18,8,10
Zyras,whisperwind,767,paladin,retribution,18,8,10
Germ,korgath,767,paladin,retribution,18,8,10
Angeluquis,quelthalas,767,paladin,retribution,18,8,10
Rodsley,zuljin,767,paladin,retribution,18,8,10
Nutsmashèr,illidan,767,paladin,retribution,18,8,10
Mhortái,stormrage,767,paladin,retribution,18,8,10
Stroods,stormrage,767,paladin,retribution,18,8,10
Itzon,proudmoore,767,paladin,retribution,18,8,10
Avasti,proudmoore,767,paladin,retribution,18,8,10
Blackmuu,malganis,767,paladin,retribution,18,8,10
Heamis,thunderlord,767,paladin,retribution,18,8,10
Nooplug,illidan,767,paladin,retribution,18,8,10
Gåbrîel,emerald-dream,767,paladin,retribution,18,8,10
Janumbers,frostwolf,767,paladin,retribution,18,8,10
Jaslexa,illidan,767,paladin,retribution,18,8,10
Ludicrus,tichondrius,767,paladin,retribution,18,8,10
Voro,barthilas,767,paladin,retribution,18,8,10
Yurinos,illidan,767,paladin,retribution,18,8,10
Sermon,moon-guard,767,paladin,retribution,18,8,10
Lokthara,stormrage,767,paladin,retribution,18,8,10
Toxanator,frostmourne,767,paladin,retribution,18,8,10
Verbum,malfurion,767,paladin,retribution,18,8,10
Yoiro,stormrage,767,paladin,retribution,18,8,10
Yehdardi,frostmourne,767,paladin,retribution,18,8,10
Brubb,illidan,767,paladin,retribution,18,8,10
Airmight,frostmourne,767,paladin,retribution,23,8,15
Chriscoz,korgath,767,paladin,retribution,24,8,16
Kolten,kelthuzad,767,paladin,retribution,24,8,16
Lightfûry,kelthuzad,767,paladin,retribution,24,8,16
Igmu,area-52,767,paladin,retribution,24,8,16
Kaïty,azralon,767,paladin,retribution,24,8,16
Kräthöz,quelthalas,767,paladin,retribution,30,8,22
Otorten,bladefist,766,paladin,retribution,12,8,4
Dubledeez,malganis,766,paladin,retribution,12,8,4
Passion,wyrmrest-accord,766,paladin,retribution,12,8,4
Orangepa,dalaran,766,paladin,retribution,12,8,4
Hypermania,jubeithos,766,paladin,retribution,12,8,4
Mikieal,tichondrius,766,paladin,retribution,12,8,4
Judgementalz,frostwolf,766,paladin,retribution,12,8,4
Palapeludo,azralon,766,paladin,retribution,12,8,4
Masho,skullcrusher,766,paladin,retribution,18,8,10
Nussaar,kelthuzad,766,paladin,retribution,18,8,10
Gyle,stormrage,766,paladin,retribution,18,8,10
Banglin,draenor,766,paladin,retribution,18,8,10
Cafre,illidan,766,paladin,retribution,18,8,10
Sølarknight,thrall,766,paladin,retribution,18,8,10
Inactive,gilneas,765,paladin,retribution,12,8,4
Mothh,terokkar,765,paladin,retribution,12,8,4
Sholmaht,frostmourne,765,paladin,retribution,12,8,4
Barven,proudmoore,765,paladin,retribution,12,8,4
Nikinaki,stormrage,765,paladin,retribution,12,8,4
Zuljaboi,thrall,765,paladin,retribution,12,8,4
Irongrizzle,barthilas,765,paladin,retribution,12,8,4
Holyhammered,kelthuzad,765,paladin,retribution,12,8,4
Peepilled,uldum,765,paladin,retribution,12,8,4
Whoowhat,zuljin,765,paladin,retribution,18,8,10
Checkmater,malganis,765,paladin,retribution,18,8,10
Lightahean,proudmoore,765,paladin,retribution,24,8,16
Daddyvladdy,illidan,765,paladin,retribution,24,8,16
Butchur,area-52,765,paladin,retribution,30,8,22
Tejb,sargeras,764,paladin,retribution,14,8,6
Reti,ursin,764,paladin,retribution,277,133,144
Angelz,garrosh,764,paladin,retribution,18,8,10
Ekhia,ragnaros,764,paladin,retribution,18,8,10
Vincentnero,runetotem,764,paladin,retribution,18,8,10
Freesorrow,area-52,764,paladin,retribution,19,8,11
Giorgyos,ragnaros,764,paladin,retribution,25,8,17
Guccii,quelthalas,763,paladin,retribution,18,8,10
Mooroy,moon-guard,763,paladin,retribution,18,8,10
Cóg,area-52,763,paladin,retribution,18,8,10
Cowsavior,terenas,763,paladin,retribution,18,8,10
Nefraxis,azralon,763,paladin,retribution,18,8,10
Palade,proudmoore,763,paladin,retribution,18,8,10
Faerdrik,emerald-dream,762,paladin,retribution,18,8,10
Røcal,stormrage,762,paladin,retribution,18,8,10
Kallandar,moon-guard,762,paladin,retribution,30,8,22
Flisk,garona,761,paladin,retribution,12,8,4
Jankytank,area-52,761,paladin,retribution,23,8,15
Kief,emerald-dream,761,paladin,retribution,30,8,22
Mordrime,moon-guard,760,paladin,retribution,18,8,10
Judgemèntal,illidan,758,paladin,retribution,26,8,18
Tauyoshi,azjolnerub,757,paladin,retribution,18,8,10
Acehoodz,azralon,757,paladin,retribution,27,9,18
Gureisufiru,uther,757,paladin,retribution,24,8,16
Easiestclass,azshara,756,paladin,retribution,28,13,15
Climaximum,gorgonnash,755,paladin,retribution,16,9,7
Tatgrim,drakkari,753,paladin,retribution,24,8,16
Jâiná,frostmourne,751,paladin,retribution,23,8,15
Ooabutterfly,sargeras,751,paladin,retribution,29,8,21
Cleavix,tichondrius,751,paladin,retribution,35,8,27
Paladocka,stormrage,751,paladin,retribution,36,8,28
Dunecan,tichondrius,750,paladin,retribution,17,8,9
Chaosbubble,burning-legion,750,paladin,retribution,24,8,16
Maelie,shadowmoon,749,paladin,retribution,12,8,4
Donnatrump,antonidas,749,paladin,retribution,18,8,10
Kithrin,emerald-dream,749,paladin,retribution,18,8,10
Gemutlich,khazgoroth,748,paladin,retribution,23,8,15
Jorkoh,the-scryers,747,paladin,retribution,29,8,21
Shanuslight,moon-guard,742,paladin,retribution,21,9,12
Geospawn,bleeding-hollow,736,paladin,retribution,22,8,14
Yulasa,area-52,735,paladin,retribution,14,9,5
Hekki,ragnaros,735,paladin,retribution,19,8,11
Kumahdori,stormrage,734,paladin,retribution,14,9,5
Anruun,garona,734,paladin,retribution,17,8,9
Swholly,senjin,733,paladin,retribution,21,10,11
Pincheds,emerald-dream,732,paladin,retribution,17,8,9
Felordron,silvermoon,731,paladin,retribution,22,9,13
Árèz,frostmourne,729,paladin,retribution,23,10,13
Darkpalaa,gallywix,722,paladin,retribution,18,8,10
Bomdia,stormrage,720,paladin,retribution,15,8,7
Kelvor,thaurissan,718,paladin,retribution,11,8,3
Reth,aerie-peak,718,paladin,retribution,17,8,9
Dolorîo,ragnaros,718,paladin,retribution,17,8,9
Andorsi,elune,714,paladin,retribution,21,9,12
Newwow,tichondrius,714,paladin,retribution,21,9,12
Mightythorxx,tichondrius,713,paladin,retribution,15,9,6
Vàrrðw,bleeding-hollow,713,paladin,retribution,21,9,12
Kloud,sargeras,713,paladin,retribution,27,9,18
Marlynx,tichondrius,712,paladin,retribution,29,11,18
Bratette,fenris,710,paladin,retribution,74,26,48
Elmasturvado,ragnaros,704,paladin,retribution,13,9,4
Andelk,tichondrius,703,paladin,retribution,14,9,5
Holyjoe,area-52,703,paladin,retribution,16,8,8
Lndrenk,gallywix,703,paladin,retribution,19,8,11
Dwarfineas,dalaran,702,paladin,retribution,11,8,3
Mujika,area-52,702,paladin,retribution,14,8,6
Wadalee,tichondrius,702,paladin,retribution,26,8,18
ßìgdám,bleeding-hollow,701,paladin,retribution,23,8,15
Akirahikarii,frostwolf,699,paladin,retribution,23,10,13
Paullokis,gallywix,686,paladin,retribution,13,8,5
Spàrhawke,stormrage,685,paladin,retribution,19,8,11
Turtlehoof,thrall,684,paladin,retribution,19,8,11
Fathros,emerald-dream,672,paladin,retribution,12,7,5
Chäinswellx,area-52,672,paladin,retribution,12,7,5
Vozy,bronzebeard,672,paladin,retribution,12,7,5
Dallypally,bleeding-hollow,672,paladin,retribution,12,7,5
Nosferätu,illidan,672,paladin,retribution,12,7,5
Mes,dragonmaw,672,paladin,retribution,12,7,5
Balduin,quelthalas,672,paladin,retribution,12,7,5
Arthos,crushridge,672,paladin,retribution,12,7,5
Bighoochie,moon-guard,672,paladin,retribution,12,7,5
Shadoweelite,sargeras,672,paladin,retribution,12,7,5
Cëlestial,drakkari,672,paladin,retribution,12,7,5
Brookeh,frostmourne,672,paladin,retribution,12,7,5
Cornifyd,area-52,672,paladin,retribution,12,7,5
Adrel,ragnaros,672,paladin,retribution,12,7,5
Aymer,thrall,672,paladin,retribution,12,7,5
Maldobarr,stormrage,672,paladin,retribution,12,7,5
Griezadin,azgalor,672,paladin,retribution,12,7,5
Homelord,drakkari,672,paladin,retribution,12,7,5
Aurelea,frostmourne,672,paladin,retribution,12,7,5
Naverdev,tichondrius,672,paladin,retribution,12,7,5
Nutbro,tichondrius,672,paladin,retribution,12,7,5
Uríel,frostmourne,672,paladin,retribution,12,7,5
Iloveket,blackrock,672,paladin,retribution,12,7,5
Thephreak,madoran,672,paladin,retribution,12,7,5
Netflixnfeet,stormreaver,672,paladin,retribution,12,7,5
Noxtrael,frostmourne,672,paladin,retribution,12,7,5
Qsx,bleeding-hollow,672,paladin,retribution,12,7,5
Schecterbug,stormrage,672,paladin,retribution,12,7,5
Xhiri,illidan,672,paladin,retribution,12,7,5
Bussen,altar-of-storms,672,paladin,retribution,12,7,5
Bonezyy,illidan,672,paladin,retribution,12,7,5
Paltarrd,bleeding-hollow,672,paladin,retribution,12,7,5
Threeroses,emerald-dream,672,paladin,retribution,12,7,5
Bubblethis,frostmourne,672,paladin,retribution,12,7,5
Aurðra,kiljaeden,672,paladin,retribution,12,7,5
Attackonpal,illidan,672,paladin,retribution,12,7,5
Omorion,illidan,672,paladin,retribution,12,7,5
Deathbybonk,maiev,672,paladin,retribution,12,7,5
Kanaki,gilneas,672,paladin,retribution,12,7,5
Bielin,area-52,672,paladin,retribution,12,7,5
Araguaney,bleeding-hollow,672,paladin,retribution,12,7,5
Wèbb,burning-legion,672,paladin,retribution,12,7,5
Skylightz,area-52,672,paladin,retribution,12,7,5
Merkzz,arthas,672,paladin,retribution,12,7,5
Boxader,dalaran,672,paladin,retribution,12,7,5
Xöchïqüëtzäl,tichondrius,672,paladin,retribution,12,7,5
Rexinarr,area-52,672,paladin,retribution,12,7,5
Mikâel,cairne,672,paladin,retribution,12,7,5
Motivlight,area-52,672,paladin,retribution,12,7,5
Holycar,illidan,672,paladin,retribution,12,7,5
Jellybrah,stormrage,672,paladin,retribution,12,7,5
Eduardoap,azralon,672,paladin,retribution,12,7,5
Justicefood,dalaran,672,paladin,retribution,12,7,5
Bootyfùnk,tichondrius,672,paladin,retribution,12,7,5
Elaire,senjin,672,paladin,retribution,12,7,5
Irahan,stormrage,672,paladin,retribution,12,7,5
Eurysthëus,stormrage,672,paladin,retribution,12,7,5
Nailuj,moon-guard,672,paladin,retribution,12,7,5
Montecrîsto,area-52,672,paladin,retribution,12,7,5
Dabbicus,tichondrius,672,paladin,retribution,12,7,5
Qoop,tichondrius,672,paladin,retribution,12,7,5
Slighted,illidan,672,paladin,retribution,12,7,5
Tmwesker,azralon,672,paladin,retribution,12,7,5
Ardbert,wyrmrest-accord,672,paladin,retribution,12,7,5
Condign,moon-guard,672,paladin,retribution,12,7,5
Trejetë,tichondrius,672,paladin,retribution,12,7,5
Paladan,tichondrius,672,paladin,retribution,17,7,10
Atalzel,kiljaeden,672,paladin,retribution,18,7,11
Cliftôn,illidan,672,paladin,retribution,18,7,11
Xvetis,thrall,672,paladin,retribution,18,7,11
Eurthswrath,lightbringer,672,paladin,retribution,18,7,11
Hølyshyt,tichondrius,672,paladin,retribution,18,7,11
Massiveloser,kelthuzad,672,paladin,retribution,18,7,11
Mayoclinic,frostmane,672,paladin,retribution,18,7,11
Teamamerica,proudmoore,672,paladin,retribution,18,7,11
Trïvium,caelestrasz,672,paladin,retribution,18,7,11
Roodictz,zuljin,672,paladin,retribution,18,7,11
Rivena,proudmoore,672,paladin,retribution,18,7,11
Aledin,frostmourne,672,paladin,retribution,18,7,11
Valantor,anvilmar,672,paladin,retribution,18,7,11
Héathèn,area-52,672,paladin,retribution,18,7,11
ßraveheart,zuljin,672,paladin,retribution,18,7,11
Shagalaga,tichondrius,672,paladin,retribution,18,7,11
Nawwll,stonemaul,672,paladin,retribution,18,7,11
Dýnamo,azralon,672,paladin,retribution,18,7,11
Shoresy,terokkar,672,paladin,retribution,18,7,11
Rebelion,nagrand,672,paladin,retribution,18,7,11
Strøngwin,bleeding-hollow,672,paladin,retribution,18,7,11
Anjocaído,nemesis,672,paladin,retribution,18,7,11
Suddify,area-52,672,paladin,retribution,18,7,11
Pallisix,barthilas,672,paladin,retribution,18,7,11
Roundbutts,stormrage,672,paladin,retribution,18,7,11
Knaring,aggramar,672,paladin,retribution,18,7,11
Trfreedomz,frostmourne,672,paladin,retribution,18,7,11
Zugonomics,proudmoore,672,paladin,retribution,18,7,11
Khêll,sargeras,672,paladin,retribution,18,7,11
Paintpumper,malganis,672,paladin,retribution,18,7,11
Absolution,gurubashi,672,paladin,retribution,18,7,11
Eillonwy,nerzhul,672,paladin,retribution,18,7,11
Vandvià,stormrage,672,paladin,retribution,18,7,11
Lmac,frostmourne,672,paladin,retribution,18,7,11
Lakera,proudmoore,672,paladin,retribution,18,7,11
Gigantidab,tichondrius,672,paladin,retribution,18,7,11
Sanctious,emerald-dream,672,paladin,retribution,22,8,14
Gotdrò,tichondrius,672,paladin,retribution,22,8,14
Càséy,zuljin,672,paladin,retribution,24,7,17
Yahjp,khazgoroth,672,paladin,retribution,24,7,17
Necrøzado,azralon,672,paladin,retribution,24,7,17
Séykän,ragnaros,672,paladin,retribution,24,7,17
Ganan,frostmane,672,paladin,retribution,24,7,17
Hayden,stormscale,672,paladin,retribution,24,7,17
Tothegravetv,illidan,672,paladin,retribution,24,7,17
Dose,moon-guard,672,paladin,retribution,24,7,17
Haimdallr,azralon,672,paladin,retribution,24,7,17
Ilsey,ragnaros,672,paladin,retribution,24,7,17
Aidren,trollbane,672,paladin,retribution,24,7,17
Kyuubî,bloodhoof,672,paladin,retribution,24,7,17
Heilige,thrall,672,paladin,retribution,24,7,17
Heavener,tichondrius,672,paladin,retribution,24,7,17
Hondplstaunt,zuljin,672,paladin,retribution,30,7,23
Ironpaladin,sargeras,671,paladin,retribution,12,7,5
Krossret,thrall,671,paladin,retribution,12,7,5
Smuglý,wyrmrest-accord,671,paladin,retribution,12,7,5
Blingster,hellscream,671,paladin,retribution,12,7,5
Liebesleid,quelthalas,671,paladin,retribution,12,7,5
Holywingz,moon-guard,671,paladin,retribution,12,7,5
Mimitos,frostmane,671,paladin,retribution,12,7,5
Ruca,icecrown,671,paladin,retribution,12,7,5
Thorean,sargeras,671,paladin,retribution,12,7,5
Ðrêâð,kirin-tor,671,paladin,retribution,12,7,5
Asôni,stormrage,671,paladin,retribution,12,7,5
Dabnpaladin,thunderlord,671,paladin,retribution,12,7,5
Miangder,tichondrius,671,paladin,retribution,12,7,5
Koohny,stormrage,671,paladin,retribution,12,7,5
Joobas,zuljin,671,paladin,retribution,12,7,5
Ðova,moon-guard,671,paladin,retribution,12,7,5
Prophesied,zuljin,671,paladin,retribution,12,7,5
Lystia,malfurion,671,paladin,retribution,12,7,5
Darktank,malganis,671,paladin,retribution,12,7,5
Spacebacon,thunderlord,671,paladin,retribution,12,7,5
Shivaku,area-52,671,paladin,retribution,12,7,5
Guthdrak,azgalor,671,paladin,retribution,12,7,5
Holyretribut,tichondrius,671,paladin,retribution,12,7,5
Annii,aegwynn,671,paladin,retribution,12,7,5
Jåy,nazjatar,671,paladin,retribution,12,7,5
Elemezs,tichondrius,671,paladin,retribution,12,7,5
Kentyn,emerald-dream,671,paladin,retribution,12,7,5
Kuthorn,stormrage,671,paladin,retribution,12,7,5
Bighusdingus,tichondrius,671,paladin,retribution,15,8,7
Callmesauced,dalaran,671,paladin,retribution,16,8,8
Auriol,azshara,671,paladin,retribution,14,7,7
Bubbleôsevèn,stormrage,671,paladin,retribution,18,7,11
Hinamattsuri,velen,671,paladin,retribution,18,7,11
Vaelicus,emerald-dream,671,paladin,retribution,18,7,11
Jakkburton,stormrage,671,paladin,retribution,18,7,11
Kaidoz,aegwynn,671,paladin,retribution,18,7,11
Zabuzà,barthilas,671,paladin,retribution,18,7,11
Xizzor,darkspear,671,paladin,retribution,18,7,11
Cruisader,ysera,671,paladin,retribution,18,7,11
Namiiswan,area-52,671,paladin,retribution,18,7,11
Drpawg,tichondrius,671,paladin,retribution,18,7,11
Basslinee,quelthalas,671,paladin,retribution,18,7,11
Hopebreaker,spinebreaker,671,paladin,retribution,18,7,11
Bettyböp,bleeding-hollow,671,paladin,retribution,18,7,11
Valtariel,wyrmrest-accord,671,paladin,retribution,18,7,11
Kedubb,stormrage,671,paladin,retribution,18,7,11
Blaeng,shandris,671,paladin,retribution,18,7,11
Hasbi,area-52,671,paladin,retribution,18,7,11
Vanticp,frostmourne,671,paladin,retribution,18,7,11
Arhyei,ragnaros,671,paladin,retribution,18,7,11
Littlemoses,exodar,671,paladin,retribution,18,7,11
Veshral,arthas,671,paladin,retribution,18,7,11
Ibull,stormscale,671,paladin,retribution,18,7,11
Sixty,sargeras,671,paladin,retribution,18,7,11
Killerspally,area-52,671,paladin,retribution,24,7,17
Petsmacker,dalaran,671,paladin,retribution,30,7,23
Kulikahn,terenas,671,paladin,retribution,30,7,23
Holychach,tichondrius,670,paladin,retribution,12,7,5
Leroyspankin,gorgonnash,670,paladin,retribution,12,7,5
Biggwill,proudmoore,670,paladin,retribution,12,7,5
Itsapoc,sargeras,670,paladin,retribution,12,7,5
Dartárok,ragnaros,670,paladin,retribution,12,7,5
Travas,sargeras,670,paladin,retribution,12,7,5
Garross,nazgrel,670,paladin,retribution,12,7,5
Riek,sargeras,670,paladin,retribution,16,8,8
Tpane,kelthuzad,670,paladin,retribution,18,7,11
Delukk,azralon,670,paladin,retribution,18,7,11
Jorgevercilo,azralon,670,paladin,retribution,18,7,11
Zaeris,proudmoore,670,paladin,retribution,18,7,11
Sapphiras,quelthalas,670,paladin,retribution,18,7,11
Augus,arygos,670,paladin,retribution,18,7,11
Conzor,tichondrius,670,paladin,retribution,18,7,11
Jotajotamz,quelthalas,670,paladin,retribution,18,7,11
Murdameek,area-52,670,paladin,retribution,24,7,17
Faffyi,thunderlord,670,paladin,retribution,24,7,17
Anjøs,azralon,670,paladin,retribution,24,7,17
Denstain,kul-tiras,669,paladin,retribution,18,7,11
Tpaartes,mannoroth,669,paladin,retribution,18,7,11
Chøcølatte,azralon,669,paladin,retribution,18,7,11
Salvø,tichondrius,669,paladin,retribution,24,7,17
Praisin,zuljin,668,paladin,retribution,12,7,5
Vooltron,bonechewer,668,paladin,retribution,12,7,5
Glowstone,emerald-dream,668,paladin,retribution,18,7,11
Velkh,illidan,668,paladin,retribution,18,7,11
Svensson,drakkari,668,paladin,retribution,18,7,11
Tacosmells,thunderlord,667,paladin,retribution,18,7,11
Mandow,tichondrius,667,paladin,retribution,22,8,14
Balnot,blackrock,667,paladin,retribution,24,7,17
Calmador,proudmoore,666,paladin,retribution,12,7,5
Imsoosmall,sargeras,666,paladin,retribution,12,7,5
Batix,malfurion,666,paladin,retribution,12,7,5
Stuus,kilrogg,666,paladin,retribution,18,7,11
Tëxas,proudmoore,665,paladin,retribution,12,7,5
Sushumna,area-52,663,paladin,retribution,12,7,5
Trutax,black-dragonflight,662,paladin,retribution,18,7,11
Arkeon,shadowsong,660,paladin,retribution,29,8,21
Nicepally,moon-guard,657,paladin,retribution,18,7,11
Orendis,illidan,650,paladin,retribution,38,9,29
Trippierett,bloodscalp,640,paladin,retribution,28,7,21
Tooperilous,exodar,639,paladin,retribution,16,7,9
Goldclaw,moon-guard,639,paladin,retribution,20,8,12
Zhappira,ragnaros,639,paladin,retribution,23,7,16
Hanicon,dragonmaw,638,paladin,retribution,16,7,9
Haldorino,dragonblight,638,paladin,retribution,17,7,10
Hoeliekow,dalaran,636,paladin,retribution,24,9,15
Fatalpally,antonidas,633,paladin,retribution,17,7,10
Bruujqt,moon-guard,624,paladin,retribution,21,8,13
Hadagoodlay,zuljin,624,paladin,retribution,21,7,14
Táçô,illidan,623,paladin,retribution,11,7,4
Jortesh,tichondrius,622,paladin,retribution,15,7,8
Alkon,quelthalas,619,paladin,retribution,33,7,26
Wonpai,barthilas,618,paladin,retribution,13,8,5
Pray,thunderlord,618,paladin,retribution,15,9,6
Carneguisada,sargeras,618,paladin,retribution,16,9,7
Grinzin,azralon,618,paladin,retribution,17,9,8
Xoppo,tichondrius,618,paladin,retribution,22,8,14
Antoniano,ragnaros,617,paladin,retribution,13,8,5
Grandez,jubeithos,614,paladin,retribution,35,12,23
Dleandor,tichondrius,608,paladin,retribution,16,7,9
Frêyr,barthilas,608,paladin,retribution,22,7,15
Anarkay,frostmourne,607,paladin,retribution,10,7,3
Kelhell,stormrage,607,paladin,retribution,11,7,4
Orellios,moon-guard,607,paladin,retribution,17,7,10
Willardgibbs,sargeras,607,paladin,retribution,20,7,13
Tolkki,dalaran,607,paladin,retribution,26,7,19
Captqueso,stormrage,606,paladin,retribution,14,7,7
Hottest,wyrmrest-accord,606,paladin,retribution,28,12,16
Excalibur,maiev,606,paladin,retribution,20,7,13
Szeyat,illidan,606,paladin,retribution,22,7,15
Dexi,lothar,604,paladin,retribution,26,7,19
Sixtynine,nathrezim,592,paladin,retribution,31,7,24
Tanin,hyjal,591,paladin,retribution,11,7,4
Warbird,lightnings-blade,591,paladin,retribution,13,7,6
Theomere,sargeras,586,paladin,retribution,27,10,17
Fibonaci,sargeras,576,paladin,retribution,6,6,0
Liht,blood-furnace,576,paladin,retribution,6,6,0
Thøradin,moon-guard,576,paladin,retribution,6,6,0
Hinnamnor,tichondrius,576,paladin,retribution,6,6,0
Detruiso,area-52,576,paladin,retribution,6,6,0
Próx,barthilas,576,paladin,retribution,7,6,1
Mythîcxd,tichondrius,576,paladin,retribution,9,7,2
Odegaret,illidan,576,paladin,retribution,10,7,3
Bootacious,tichondrius,576,paladin,retribution,12,6,6
Cjq,tichondrius,576,paladin,retribution,12,6,6
Rhoruk,turalyon,576,paladin,retribution,12,6,6
Dormånt,area-52,576,paladin,retribution,12,6,6
Aiden,zangarmarsh,576,paladin,retribution,12,6,6
Raywhite,kelthuzad,576,paladin,retribution,12,6,6
Mikeyqt,nemesis,576,paladin,retribution,12,6,6
Vixybae,illidan,576,paladin,retribution,12,6,6
Thaléros,tichondrius,576,paladin,retribution,12,6,6
Nýze,area-52,576,paladin,retribution,12,6,6
Nyroxz,quelthalas,576,paladin,retribution,12,6,6
Pheatureqt,illidan,576,paladin,retribution,12,6,6
Yungcheezy,illidan,576,paladin,retribution,12,6,6
Lyà,area-52,576,paladin,retribution,12,6,6
Breid,sargeras,576,paladin,retribution,12,6,6
Jabrohnie,sargeras,576,paladin,retribution,12,6,6
Siyepaladin,illidan,576,paladin,retribution,12,6,6
Cübe,malganis,576,paladin,retribution,12,6,6
Bloodeladin,deathwing,576,paladin,retribution,12,6,6
Zeröcoöl,malganis,576,paladin,retribution,12,6,6
Casadorez,tichondrius,576,paladin,retribution,12,6,6
Nragedpal,illidan,576,paladin,retribution,12,6,6
Ensaladatoss,emerald-dream,576,paladin,retribution,12,6,6
Çhñkzrèt,illidan,576,paladin,retribution,12,6,6
Cybopig,kelthuzad,576,paladin,retribution,12,6,6
Unsubsidized,tichondrius,576,paladin,retribution,12,6,6
Gàreth,aerie-peak,576,paladin,retribution,12,6,6
Banzz,azralon,576,paladin,retribution,12,6,6
Retboy,archimonde,576,paladin,retribution,12,6,6
Soapgirl,area-52,576,paladin,retribution,12,6,6
Piroc,tichondrius,576,paladin,retribution,12,6,6
Legelight,malganis,576,paladin,retribution,12,6,6
Sacerbelator,zuluhed,576,paladin,retribution,12,6,6
Seeys,tichondrius,576,paladin,retribution,12,6,6
Lebubbles,azuremyst,576,paladin,retribution,12,6,6
Totalaustin,sargeras,576,paladin,retribution,12,6,6
Arraladin,tichondrius,576,paladin,retribution,12,6,6
Ximenita,ragnaros,576,paladin,retribution,12,6,6
Tobeymguire,tichondrius,576,paladin,retribution,12,6,6
Alphali,quelthalas,576,paladin,retribution,12,6,6
Aura,emerald-dream,576,paladin,retribution,12,6,6
Klamindor,emerald-dream,576,paladin,retribution,12,6,6
Mystictoast,area-52,576,paladin,retribution,12,6,6
Sneely,kelthuzad,576,paladin,retribution,12,6,6
Thiccpala,tichondrius,576,paladin,retribution,12,6,6
Koûtt,ragnaros,576,paladin,retribution,12,6,6
Zèró,terokkar,576,paladin,retribution,12,6,6
Heilsleicht,thrall,576,paladin,retribution,12,6,6
Safah,thrall,576,paladin,retribution,12,6,6
Bèc,quelthalas,576,paladin,retribution,12,6,6
Jacklo,the-venture-co,576,paladin,retribution,12,6,6
Bloodyängel,emerald-dream,576,paladin,retribution,12,6,6
Mäx,area-52,576,paladin,retribution,12,6,6
Snivasgo,ragnaros,576,paladin,retribution,12,6,6
Swordpeace,ragnaros,576,paladin,retribution,12,6,6
Angryrites,emerald-dream,576,paladin,retribution,12,6,6
Míguelito,sargeras,576,paladin,retribution,12,6,6
Kech,illidan,576,paladin,retribution,12,6,6
Retsuxks,twisting-nether,576,paladin,retribution,12,6,6
Exodisius,emerald-dream,576,paladin,retribution,12,6,6
Gánico,ragnaros,576,paladin,retribution,12,6,6
Òp,illidan,576,paladin,retribution,12,6,6
Pállyho,tichondrius,576,paladin,retribution,12,6,6
Smitinbadger,the-venture-co,576,paladin,retribution,12,6,6
Emetselchs,tichondrius,576,paladin,retribution,12,6,6
Loridaris,illidan,576,paladin,retribution,12,6,6
Dwarfpaladin,dragonmaw,576,paladin,retribution,12,6,6
Zägreus,moon-guard,576,paladin,retribution,12,6,6
Koyourfamily,proudmoore,576,paladin,retribution,12,6,6
Geesworld,nazjatar,576,paladin,retribution,12,6,6
Skarleth,moon-guard,576,paladin,retribution,12,6,6
Enj,stormrage,576,paladin,retribution,12,6,6
Palladini,jubeithos,576,paladin,retribution,12,6,6
Vilert,stormrage,576,paladin,retribution,12,6,6
Sabêr,mannoroth,576,paladin,retribution,12,6,6
Isklol,tichondrius,576,paladin,retribution,12,6,6
Skarlagen,moon-guard,576,paladin,retribution,12,6,6
Octaviak,moon-guard,576,paladin,retribution,12,6,6
Holycrp,proudmoore,576,paladin,retribution,12,6,6
Sparticuss,frostmane,576,paladin,retribution,12,6,6
Bigkspally,korgath,576,paladin,retribution,12,6,6
Epicbro,kiljaeden,576,paladin,retribution,12,6,6
Thuggrnaut,darkspear,576,paladin,retribution,12,6,6
Brightness,lightbringer,576,paladin,retribution,12,6,6
Trixzthot,barthilas,576,paladin,retribution,12,6,6
Cazro,moon-guard,576,paladin,retribution,12,6,6
Tdm,bleeding-hollow,576,paladin,retribution,12,6,6
Zundralak,korgath,576,paladin,retribution,12,6,6
Deadlyskills,arathor,576,paladin,retribution,12,6,6
Gàttís,stormrage,576,paladin,retribution,12,6,6
Mollymatt,drenden,576,paladin,retribution,12,6,6
Cause,farstriders,576,paladin,retribution,12,6,6
Troegenator,stormrage,576,paladin,retribution,12,6,6
Daddykronz,magtheridon,576,paladin,retribution,12,6,6
Jagul,malfurion,576,paladin,retribution,12,6,6
Crânkdât,frostmourne,576,paladin,retribution,12,6,6
Leonkennedyx,stormrage,576,paladin,retribution,12,6,6
Dogecoln,bleeding-hollow,576,paladin,retribution,12,6,6
Vozy,shandris,576,paladin,retribution,12,6,6
Nerfmywings,frostmourne,576,paladin,retribution,12,6,6
Raeggor,stormrage,576,paladin,retribution,12,6,6
Claymore,draenor,576,paladin,retribution,12,6,6
Gambitdin,moon-guard,576,paladin,retribution,12,6,6
Cvpal,stormrage,576,paladin,retribution,12,6,6
Venter,bleeding-hollow,576,paladin,retribution,12,6,6
Ironaddict,frostmourne,576,paladin,retribution,12,6,6
Pokeyabutt,hydraxis,576,paladin,retribution,12,6,6
Holyrider,stormrage,576,paladin,retribution,12,6,6
Byebyetwinks,khaz-modan,576,paladin,retribution,12,6,6
Beato,silvermoon,576,paladin,retribution,12,6,6
Heniou,tichondrius,576,paladin,retribution,15,7,8
Palladin,tichondrius,576,paladin,retribution,15,7,8
Smaugg,boulderfist,576,paladin,retribution,15,7,8
Xanaxlol,sargeras,576,paladin,retribution,16,7,9
Sanctifield,azralon,576,paladin,retribution,17,6,11
Joshington,stormrage,576,paladin,retribution,21,7,14
Zaghad,ragnaros,576,paladin,retribution,21,7,14
Liandroa,stormrage,576,paladin,retribution,18,6,12
Simplychi,area-52,576,paladin,retribution,18,6,12
Niksilp,malfurion,576,paladin,retribution,18,6,12
Líghts,caelestrasz,576,paladin,retribution,18,6,12
Shiftybugar,tichondrius,576,paladin,retribution,18,6,12
Slithix,stormreaver,576,paladin,retribution,18,6,12
Cairdk,ragnaros,576,paladin,retribution,18,6,12
Retz,tichondrius,576,paladin,retribution,18,6,12
Xkillz,korgath,576,paladin,retribution,18,6,12
Xpect,spinebreaker,576,paladin,retribution,18,6,12
Roamin,aggramar,576,paladin,retribution,18,6,12
Nufi,magtheridon,576,paladin,retribution,18,6,12
Kochinodin,ragnaros,576,paladin,retribution,18,6,12
Coachcarter,nerzhul,576,paladin,retribution,18,6,12
Rickymilos,bleeding-hollow,576,paladin,retribution,18,6,12
Astolfo,tortheldrin,576,paladin,retribution,18,6,12
Femaledog,ragnaros,576,paladin,retribution,18,6,12
Kramsìb,ragnaros,576,paladin,retribution,18,6,12
Flexedonyou,sentinels,576,paladin,retribution,18,6,12
Gafgarrion,stormrage,576,paladin,retribution,18,6,12
Hetodo,blood-furnace,576,paladin,retribution,18,6,12
Supasavage,maiev,576,paladin,retribution,18,6,12
Revivemeplzs,tichondrius,576,paladin,retribution,18,6,12
Kronicle,bleeding-hollow,576,paladin,retribution,18,6,12
Kreigvar,moon-guard,576,paladin,retribution,18,6,12
Respect,moon-guard,576,paladin,retribution,18,6,12
Jarvin,kiljaeden,576,paladin,retribution,18,6,12
Retikulous,tichondrius,576,paladin,retribution,18,6,12
Actionman,bleeding-hollow,576,paladin,retribution,18,6,12
Bovasaur,illidan,576,paladin,retribution,18,6,12
Omniknìght,stormrage,576,paladin,retribution,18,6,12
Bigzook,moon-guard,576,paladin,retribution,18,6,12
Exorcìst,tichondrius,576,paladin,retribution,24,6,18
Pusshoof,malganis,576,paladin,retribution,24,6,18
Hojpack,tichondrius,576,paladin,retribution,24,6,18
Supermetroid,vashj,576,paladin,retribution,24,6,18
Holyhymen,mannoroth,576,paladin,retribution,24,6,18
Dragrias,altar-of-storms,575,paladin,retribution,10,7,3
Yuzuru,mannoroth,575,paladin,retribution,12,6,6
Asien,alleria,575,paladin,retribution,12,6,6
Crixius,eredar,575,paladin,retribution,12,6,6
Tapanko,whisperwind,575,paladin,retribution,12,6,6
Uritank,thrall,575,paladin,retribution,12,6,6
Knobody,emerald-dream,575,paladin,retribution,12,6,6
Detk,darrowmere,575,paladin,retribution,12,6,6
Jovolur,dalaran,575,paladin,retribution,12,6,6
Sihylde,quelthalas,575,paladin,retribution,12,6,6
Faetor,terenas,575,paladin,retribution,12,6,6
Vanmauren,quelthalas,575,paladin,retribution,12,6,6
Laluce,malganis,575,paladin,retribution,12,6,6
Skullblood,stormrage,575,paladin,retribution,12,6,6
Chaviel,daggerspine,575,paladin,retribution,12,6,6
Blëssëd,zuljin,575,paladin,retribution,12,6,6
Shaggrilla,trollbane,575,paladin,retribution,12,6,6
Jolandrine,sargeras,575,paladin,retribution,12,6,6
Riival,stormrage,575,paladin,retribution,12,6,6
Skyangel,illidan,575,paladin,retribution,12,6,6
Blankei,stormrage,575,paladin,retribution,12,6,6
Révolution,barthilas,575,paladin,retribution,12,6,6
Drágônbôrn,tichondrius,575,paladin,retribution,12,6,6
Kelbii,sargeras,575,paladin,retribution,12,6,6
Toscadin,ragnaros,575,paladin,retribution,12,6,6
Kcrs,wyrmrest-accord,575,paladin,retribution,12,6,6
Apollon,zuljin,575,paladin,retribution,12,6,6
Potiguar,azralon,575,paladin,retribution,12,6,6
Grimadin,azralon,575,paladin,retribution,12,6,6
Rymondo,sargeras,575,paladin,retribution,15,7,8
Butterbeanz,tanaris,575,paladin,retribution,13,6,7
Trekpii,area-52,575,paladin,retribution,13,6,7
Impe,ragnaros,575,paladin,retribution,14,6,8
Goomie,icecrown,575,paladin,retribution,18,6,12
Anoleak,tichondrius,575,paladin,retribution,18,6,12
Oceangal,illidan,575,paladin,retribution,18,6,12
Nashtty,guldan,575,paladin,retribution,18,6,12
Giita,quelthalas,575,paladin,retribution,18,6,12
Valdi,stonemaul,575,paladin,retribution,18,6,12
Qipupu,tichondrius,575,paladin,retribution,18,6,12
Paladatrox,ragnaros,575,paladin,retribution,18,6,12
Cropcircles,whisperwind,575,paladin,retribution,18,6,12
Zexion,azralon,575,paladin,retribution,18,6,12
Valion,lightbringer,575,paladin,retribution,20,6,14
Killstien,illidan,575,paladin,retribution,24,6,18
Carnefix,wyrmrest-accord,575,paladin,retribution,24,6,18
Vecknilashx,quelthalas,575,paladin,retribution,24,6,18
Runebane,doomhammer,574,paladin,retribution,12,6,6
Freiror,azralon,574,paladin,retribution,12,6,6
Clasheoff,mannoroth,574,paladin,retribution,12,6,6
Crithealss,dalaran,574,paladin,retribution,12,6,6
Akeero,khaz-modan,574,paladin,retribution,12,6,6
Belzibuth,zuljin,574,paladin,retribution,12,6,6
Korann,proudmoore,574,paladin,retribution,12,6,6
Waycooltwo,darrowmere,574,paladin,retribution,12,6,6
Ihmperiuus,quelthalas,574,paladin,retribution,12,6,6
Lodiso,silvermoon,574,paladin,retribution,15,6,9
Kittiluna,mugthol,574,paladin,retribution,21,7,14
Halordriest,tichondrius,574,paladin,retribution,18,6,12
Kimymaroo,azralon,574,paladin,retribution,24,6,18
Kiritio,stormreaver,574,paladin,retribution,24,6,18
Kuoch,shandris,573,paladin,retribution,18,6,12
Shakemup,stormrage,573,paladin,retribution,20,6,14
Thorbrecht,moon-guard,572,paladin,retribution,12,6,6
Callahan,frostwolf,572,paladin,retribution,12,6,6
Chadrickk,tichondrius,572,paladin,retribution,12,6,6
Escanorr,kargath,572,paladin,retribution,18,6,12
Kalerien,wildhammer,571,paladin,retribution,12,6,6
Ajaex,area-52,571,paladin,retribution,12,6,6
Lucent,duskwood,571,paladin,retribution,18,6,12
Akirahikarri,frostwolf,571,paladin,retribution,24,6,18
Baltazine,stormrage,570,paladin,retribution,12,6,6
Grayhoof,kiljaeden,570,paladin,retribution,12,6,6
Ginwow,hakkar,570,paladin,retribution,18,6,12
Palâdino,azralon,568,paladin,retribution,21,7,14
Halldhyr,quelthalas,566,paladin,retribution,12,6,6
Zenix,tanaris,564,paladin,retribution,27,11,16
Torms,illidan,559,paladin,retribution,21,8,13
Lorawynn,cenarion-circle,557,paladin,retribution,11,6,5
Warrenke,area-52,549,paladin,retribution,31,8,23
Litara,malganis,544,paladin,retribution,16,6,10
Bibimbop,boulderfist,544,paladin,retribution,19,7,12
Bringbackrmp,tichondrius,543,paladin,retribution,11,6,5
Whoopsie,dragonmaw,543,paladin,retribution,11,6,5
Zyllo,area-52,543,paladin,retribution,14,7,7
Holymanè,tichondrius,543,paladin,retribution,14,7,7
Unhólylight,kiljaeden,543,paladin,retribution,15,7,8
Zhspeilian,tichondrius,543,paladin,retribution,25,9,16
Bloodybill,frostmane,543,paladin,retribution,17,6,11
Conquistador,proudmoore,543,paladin,retribution,17,6,11
Gloren,garrosh,543,paladin,retribution,17,6,11
Toto,sargeras,543,paladin,retribution,17,6,11
Suslazin,area-52,543,paladin,retribution,20,7,13
Sevrick,dalaran,542,paladin,retribution,11,6,5
Celestíne,thrall,528,paladin,retribution,15,6,9
Sucris,kelthuzad,527,paladin,retribution,11,6,5
Wegie,emerald-dream,527,paladin,retribution,11,6,5
Svaanah,moon-guard,527,paladin,retribution,11,6,5
Tazzul,turalyon,527,paladin,retribution,15,7,8
Vardrik,darkspear,527,paladin,retribution,15,6,9
Haldhir,drakkari,527,paladin,retribution,17,6,11
Radiantheart,norgannon,525,paladin,retribution,11,6,5
Naarumaster,stormrage,522,paladin,retribution,17,8,9
Briaelyne,tichondrius,522,paladin,retribution,25,8,17
Spoelstra,dragonmaw,522,paladin,retribution,35,8,27
Stârfôx,area-52,512,paladin,retribution,15,6,9
Yemotis,emerald-dream,512,paladin,retribution,16,6,10
Plub,kiljaeden,511,paladin,retribution,13,6,7
Norwich,tichondrius,511,paladin,retribution,14,6,8
Nathaniel,galakrond,511,paladin,retribution,14,6,8
Phelix,lightninghoof,511,paladin,retribution,16,6,10
Hurlnix,stormscale,511,paladin,retribution,17,6,11
Javiermiléi,quelthalas,511,paladin,retribution,26,6,20
Bâppö,antonidas,496,paladin,retribution,7,6,1
Torrthak,area-52,496,paladin,retribution,13,6,7
Warumbruder,stormrage,496,paladin,retribution,13,6,7
Pemodyne,illidan,495,paladin,retribution,13,6,7
Fionax,frostmourne,495,paladin,retribution,21,6,15
Senorwang,dalaran,494,paladin,retribution,13,6,7
Ouss,tichondrius,480,paladin,retribution,6,5,1
Mìkó,sargeras,480,paladin,retribution,6,5,1
Jazzaret,ragnaros,480,paladin,retribution,6,5,1
Everwaken,ragnaros,480,paladin,retribution,6,5,1
Pickleparker,stormrage,480,paladin,retribution,6,5,1
Dragon,uldum,480,paladin,retribution,6,5,1
Corevp,frostmourne,480,paladin,retribution,6,5,1
Gramsby,aggramar,480,paladin,retribution,6,5,1
Demetriusxy,tichondrius,480,paladin,retribution,6,5,1
Mandymuze,illidan,480,paladin,retribution,6,5,1
Zhÿnx,nemesis,480,paladin,retribution,6,5,1
Fistrozenemy,illidan,480,paladin,retribution,6,5,1
Silviis,stormrage,480,paladin,retribution,6,5,1
Speedlight,ragnaros,480,paladin,retribution,6,5,1
Conejomalo,gnomeregan,480,paladin,retribution,6,5,1
Nanulux,kiljaeden,480,paladin,retribution,6,5,1
Rangedmelee,stormrage,480,paladin,retribution,6,5,1
Adrieoss,stormrage,480,paladin,retribution,6,5,1
Bauschret,thrall,480,paladin,retribution,6,5,1
Oldlemon,tichondrius,480,paladin,retribution,6,5,1
Relektos,azralon,480,paladin,retribution,6,5,1
Kimberley,boulderfist,480,paladin,retribution,6,5,1
Kongo,darkspear,480,paladin,retribution,6,5,1
Gayonhands,proudmoore,480,paladin,retribution,6,5,1
Ganrof,mugthol,480,paladin,retribution,6,5,1
Kimitail,tichondrius,480,paladin,retribution,6,5,1
Moozafa,kiljaeden,480,paladin,retribution,6,5,1
Dawnhammer,mugthol,480,paladin,retribution,6,5,1
Wabnote,twisting-nether,480,paladin,retribution,6,5,1
Rekindle,barthilas,480,paladin,retribution,6,5,1
Saitz,quelthalas,480,paladin,retribution,6,5,1
Diggli,emerald-dream,480,paladin,retribution,6,5,1
Einjerhar,quelthalas,480,paladin,retribution,6,5,1
Tenkäi,quelthalas,480,paladin,retribution,6,5,1
Blushweaver,zuljin,480,paladin,retribution,6,5,1
Wambo,emerald-dream,480,paladin,retribution,6,5,1
Shineysham,thrall,480,paladin,retribution,6,5,1
Romeh,malganis,480,paladin,retribution,8,5,3
Halfinn,elune,480,paladin,retribution,10,6,4
Siamac,illidan,480,paladin,retribution,13,7,6
Swishey,tichondrius,480,paladin,retribution,12,5,7
Shinymoo,laughing-skull,480,paladin,retribution,12,5,7
Berapal,tichondrius,480,paladin,retribution,12,5,7
Metalpriest,shattered-halls,480,paladin,retribution,12,5,7
Emotiza,illidan,480,paladin,retribution,12,5,7
Luxetveritas,tichondrius,480,paladin,retribution,12,5,7
Redeyedskink,illidan,480,paladin,retribution,12,5,7
Sabericdos,proudmoore,480,paladin,retribution,12,5,7
Illidanu,proudmoore,480,paladin,retribution,12,5,7
Redearth,bleeding-hollow,480,paladin,retribution,12,5,7
Tormentoxd,azralon,480,paladin,retribution,12,5,7
Domiet,bleeding-hollow,480,paladin,retribution,12,5,7
Judexd,frostmourne,480,paladin,retribution,12,5,7
Dirtbagg,demon-soul,480,paladin,retribution,12,5,7
Sâbër,moon-guard,480,paladin,retribution,12,5,7
Foxesshadow,tichondrius,480,paladin,retribution,12,5,7
Tanrid,moon-guard,480,paladin,retribution,12,5,7
Critadins,thrall,480,paladin,retribution,12,5,7
Kaelel,barthilas,480,paladin,retribution,12,5,7
Vanitasz,bleeding-hollow,480,paladin,retribution,12,5,7
Thickgirl,bleeding-hollow,480,paladin,retribution,12,5,7
Noleyboo,proudmoore,480,paladin,retribution,12,5,7
Jaenus,azralon,480,paladin,retribution,12,5,7
Balmain,moon-guard,480,paladin,retribution,12,5,7
Lücid,arthas,480,paladin,retribution,12,5,7
Dimsimbar,frostmourne,480,paladin,retribution,12,5,7
Baelmun,thrall,480,paladin,retribution,12,5,7
Ordinary,greymane,480,paladin,retribution,12,5,7
Theførza,ragnaros,480,paladin,retribution,12,5,7
Vain,shuhalo,480,paladin,retribution,12,5,7
Nohtu,quelthalas,480,paladin,retribution,12,5,7
Rakkhalar,ragnaros,480,paladin,retribution,12,5,7
Hallastus,stormrage,480,paladin,retribution,12,5,7
Hekcthor,ragnaros,480,paladin,retribution,12,5,7
Cedwarlancy,sargeras,480,paladin,retribution,12,5,7
Mickelodeon,sargeras,480,paladin,retribution,12,5,7
Dipho,illidan,480,paladin,retribution,12,5,7
Joonzu,frostmane,480,paladin,retribution,12,5,7
Zulyourmom,tichondrius,480,paladin,retribution,12,5,7
Minzyp,illidan,480,paladin,retribution,12,5,7
Bazzard,ragnaros,480,paladin,retribution,12,5,7
Dinobe,arthas,480,paladin,retribution,12,5,7
Daddyspit,arthas,480,paladin,retribution,12,5,7
Callandør,illidan,480,paladin,retribution,12,5,7
Gavriel,quelthalas,480,paladin,retribution,12,5,7
Morganlily,moon-guard,480,paladin,retribution,12,5,7
Randvi,sargeras,480,paladin,retribution,12,5,7
Bigbleuu,kiljaeden,480,paladin,retribution,12,5,7
Pallypallyy,aerie-peak,480,paladin,retribution,12,5,7
Shadomourne,arthas,480,paladin,retribution,12,5,7
Maraxxus,sargeras,480,paladin,retribution,12,5,7
Selentia,shadowmoon,480,paladin,retribution,12,5,7
Methor,thrall,480,paladin,retribution,12,5,7
Dräcôniss,area-52,480,paladin,retribution,12,5,7
Airane,sargeras,480,paladin,retribution,12,5,7
Morlunè,tichondrius,480,paladin,retribution,12,5,7
Holyham,bonechewer,480,paladin,retribution,12,5,7
Ookcoo,tichondrius,480,paladin,retribution,12,5,7
Beatman,blades-edge,480,paladin,retribution,12,5,7
Lastal,kiljaeden,480,paladin,retribution,12,5,7
Jadêd,thrall,480,paladin,retribution,12,5,7
Tonytwoglock,thrall,480,paladin,retribution,12,5,7
Líønheart,stormrage,480,paladin,retribution,12,5,7
Wayneretski,tichondrius,480,paladin,retribution,12,5,7
Hotnchocolat,stormrage,480,paladin,retribution,12,5,7
Nyc,sargeras,480,paladin,retribution,12,5,7
Cyntoria,moon-guard,480,paladin,retribution,12,5,7
Gennara,ragnaros,480,paladin,retribution,12,5,7
Diplomacy,illidan,480,paladin,retribution,12,5,7
Jinuhn,illidan,480,paladin,retribution,12,5,7
Eonos,durotan,480,paladin,retribution,12,5,7
Silreck,ragnaros,480,paladin,retribution,12,5,7
Defanikus,bleeding-hollow,480,paladin,retribution,12,5,7
Òtis,illidan,480,paladin,retribution,12,5,7
Únhøly,aegwynn,480,paladin,retribution,12,5,7
Aaronciy,tichondrius,480,paladin,retribution,12,5,7
Retbad,hyjal,480,paladin,retribution,12,5,7
Cranick,bleeding-hollow,480,paladin,retribution,12,5,7
Alexpalad,sargeras,480,paladin,retribution,12,5,7
Gotenks,trollbane,480,paladin,retribution,12,5,7
Holydawa,zuljin,480,paladin,retribution,12,5,7
Dehya,sargeras,480,paladin,retribution,12,5,7
Illuminatia,firetree,480,paladin,retribution,12,5,7
Thrasheric,ragnaros,480,paladin,retribution,12,5,7
Delaswing,quelthalas,480,paladin,retribution,12,5,7
Ravage,lothar,480,paladin,retribution,12,5,7
Holytankadin,alleria,480,paladin,retribution,12,5,7
Nydenn,area-52,480,paladin,retribution,12,5,7
Kuyueh,tichondrius,480,paladin,retribution,12,5,7
Mikewazowski,chogall,480,paladin,retribution,12,5,7
Lowbb,sargeras,480,paladin,retribution,12,5,7
Wythaen,proudmoore,480,paladin,retribution,12,5,7
Trinkhammer,illidan,480,paladin,retribution,12,5,7
Pirupiru,quelthalas,480,paladin,retribution,12,5,7
Lightknight,lothar,480,paladin,retribution,12,5,7
Theraptos,frostmourne,480,paladin,retribution,12,5,7
Crucifuk,sargeras,480,paladin,retribution,12,5,7
Röniin,ragnaros,480,paladin,retribution,12,5,7
Shieldgrab,illidan,480,paladin,retribution,12,5,7
Perasticus,garrosh,480,paladin,retribution,12,5,7
Bold,frostmourne,480,paladin,retribution,12,5,7
Jonbonholy,sargeras,480,paladin,retribution,12,5,7
Valkaurus,drakkari,480,paladin,retribution,12,5,7
Kid,tichondrius,480,paladin,retribution,12,5,7
Jazielh,quelthalas,480,paladin,retribution,12,5,7
Gotwingz,moon-guard,480,paladin,retribution,12,5,7
Rikku,undermine,480,paladin,retribution,12,5,7
Faithkiller,garrosh,480,paladin,retribution,12,5,7
Luminali,frostwolf,480,paladin,retribution,12,5,7
Merphy,tichondrius,480,paladin,retribution,12,5,7
Avengom,tichondrius,480,paladin,retribution,12,5,7
Caityline,azralon,480,paladin,retribution,12,5,7
Lumpylot,sargeras,480,paladin,retribution,12,5,7
Diior,tichondrius,480,paladin,retribution,12,5,7
Kirklandbeef,gorefiend,480,paladin,retribution,12,5,7
Pussandboots,cairne,480,paladin,retribution,12,5,7
Ankmael,ragnaros,480,paladin,retribution,12,5,7
Níngjìngy,tichondrius,480,paladin,retribution,12,5,7
Palydesu,blackhand,480,paladin,retribution,12,5,7
Heyboboh,sargeras,480,paladin,retribution,12,5,7
Shiningtendi,aerie-peak,480,paladin,retribution,12,5,7
Aeolus,uldaman,480,paladin,retribution,12,5,7
Xs,nagrand,480,paladin,retribution,12,5,7
Hegarth,archimonde,480,paladin,retribution,12,5,7
Loctherion,ragnaros,480,paladin,retribution,12,5,7
Mikeawk,tichondrius,480,paladin,retribution,12,5,7
Hattie,arthas,480,paladin,retribution,12,5,7
Wetterguuch,area-52,480,paladin,retribution,12,5,7
Meith,ragnaros,480,paladin,retribution,12,5,7
Rhaegorn,drakkari,480,paladin,retribution,12,5,7
Isevp,illidan,480,paladin,retribution,12,5,7
Ganster,dreadmaul,480,paladin,retribution,12,5,7
Varezion,vashj,480,paladin,retribution,12,5,7
Wahpop,sargeras,480,paladin,retribution,12,5,7
Freerating,moon-guard,480,paladin,retribution,15,6,9
Titaniomaxx,drakkari,480,paladin,retribution,15,6,9
Ckrim,malganis,480,paladin,retribution,16,5,11
Thepeony,tichondrius,480,paladin,retribution,17,5,12
Bigdret,moon-guard,480,paladin,retribution,18,5,13
Downs,tichondrius,480,paladin,retribution,18,5,13
Melgamis,quelthalas,480,paladin,retribution,18,5,13
Àurorâ,tichondrius,480,paladin,retribution,18,5,13
Razuel,frostmourne,480,paladin,retribution,18,5,13
Papazon,tichondrius,480,paladin,retribution,18,5,13
Odiato,stormrage,480,paladin,retribution,18,5,13
Furrpally,tichondrius,480,paladin,retribution,18,5,13
Bigboynathan,frostmourne,480,paladin,retribution,18,5,13
Tivorr,proudmoore,480,paladin,retribution,18,5,13
Zightmare,azralon,480,paladin,retribution,18,5,13
Sleepybiden,darkspear,480,paladin,retribution,18,5,13
Purged,wyrmrest-accord,480,paladin,retribution,18,5,13
Keelorde,kiljaeden,480,paladin,retribution,18,5,13
Manusdeorum,tichondrius,480,paladin,retribution,18,5,13
Vhaun,cairne,480,paladin,retribution,18,5,13
Spótt,stormrage,480,paladin,retribution,18,5,13
Tikkun,area-52,480,paladin,retribution,18,5,13
Bigolhammer,khadgar,480,paladin,retribution,18,5,13
Gashlycrumb,tichondrius,480,paladin,retribution,18,5,13
Deecompose,sargeras,480,paladin,retribution,18,5,13
Theril,kelthuzad,480,paladin,retribution,18,5,13
Unspankable,burning-legion,480,paladin,retribution,18,5,13
Seraphim,tichondrius,480,paladin,retribution,18,5,13
Moltensilver,emerald-dream,480,paladin,retribution,18,5,13
Photons,emerald-dream,480,paladin,retribution,18,5,13
Spunkbringer,zuljin,480,paladin,retribution,18,5,13
Peekz,kiljaeden,480,paladin,retribution,18,5,13
Reehzlol,stormrage,480,paladin,retribution,18,5,13
Jontapally,stormrage,480,paladin,retribution,18,5,13
Ztpz,illidan,480,paladin,retribution,18,5,13
Harke,drakkari,480,paladin,retribution,18,5,13
Tyronethebbc,tichondrius,480,paladin,retribution,18,5,13
Alibuda,tichondrius,480,paladin,retribution,18,5,13
Grïmaldus,moon-guard,480,paladin,retribution,19,5,14
Febimus,magtheridon,480,paladin,retribution,24,5,19
Bullworm,ragnaros,480,paladin,retribution,24,5,19
Iridicent,quelthalas,480,paladin,retribution,24,5,19
Malisaa,tichondrius,480,paladin,retribution,24,5,19
Firexfist,gurubashi,480,paladin,retribution,24,5,19
Azdan,ragnaros,480,paladin,retribution,30,5,25
Palaknight,tichondrius,479,paladin,retribution,6,5,1
Reidolitrao,nemesis,479,paladin,retribution,6,5,1
Kremation,zuljin,479,paladin,retribution,6,5,1
Imdatguyy,darkspear,479,paladin,retribution,6,5,1
Asttryd,barthilas,479,paladin,retribution,12,7,5
Grillandkill,stonemaul,479,paladin,retribution,12,5,7
Memoríez,zuljin,479,paladin,retribution,12,5,7
Barragañ,malganis,479,paladin,retribution,12,5,7
Sgtskittles,aggramar,479,paladin,retribution,12,5,7
Zhahira,hakkar,479,paladin,retribution,12,5,7
Inqa,thunderlord,479,paladin,retribution,12,5,7
Ðarksealz,laughing-skull,479,paladin,retribution,12,5,7
Giricoret,azralon,479,paladin,retribution,12,5,7
Noctis,nerzhul,479,paladin,retribution,12,5,7
Khels,gilneas,479,paladin,retribution,12,5,7
Farvadin,illidan,479,paladin,retribution,12,5,7
Zelrich,moon-guard,479,paladin,retribution,12,5,7
Reedeemer,bonechewer,479,paladin,retribution,12,5,7
Jakko,terokkar,479,paladin,retribution,12,5,7
Maswell,emerald-dream,479,paladin,retribution,12,5,7
Luxuriousman,fizzcrank,479,paladin,retribution,12,5,7
Minjikim,tichondrius,479,paladin,retribution,12,5,7
Chrisqwa,sargeras,479,paladin,retribution,12,5,7
Robz,malygos,479,paladin,retribution,12,5,7
Hulc,ysera,479,paladin,retribution,12,5,7
Ashera,amanthul,479,paladin,retribution,12,5,7
Smiting,emerald-dream,479,paladin,retribution,12,5,7
Kaylafell,kelthuzad,479,paladin,retribution,12,5,7
Orrvar,tichondrius,479,paladin,retribution,12,5,7
Murderous,frostmourne,479,paladin,retribution,12,5,7
Nalahra,moon-guard,479,paladin,retribution,15,6,9
Griz,magtheridon,479,paladin,retribution,18,5,13
Holyzolt,zuljin,479,paladin,retribution,18,5,13
Holyhealr,proudmoore,479,paladin,retribution,18,5,13
Agelikos,moon-guard,479,paladin,retribution,18,5,13
Provail,stormrage,479,paladin,retribution,18,5,13
Oilme,bleeding-hollow,479,paladin,retribution,18,5,13
Bellzebut,sargeras,479,paladin,retribution,24,5,19
Fintan,hakkar,479,paladin,retribution,30,5,25
Palypunchh,darrowmere,478,paladin,retribution,12,6,6
Herbzilla,haomarush,478,paladin,retribution,12,5,7
Methathrom,azralon,478,paladin,retribution,12,5,7
Neipala,ragnaros,478,paladin,retribution,12,5,7
Røusseff,azralon,478,paladin,retribution,12,5,7
Impia,tichondrius,478,paladin,retribution,12,5,7
Chengduqq,illidan,478,paladin,retribution,12,5,7
Lagun,wyrmrest-accord,478,paladin,retribution,12,5,7
Ashheart,the-venture-co,478,paladin,retribution,12,5,7
Willywhop,area-52,478,paladin,retribution,18,5,13
Benzen,bleeding-hollow,477,paladin,retribution,12,5,7
Jammsheed,arthas,477,paladin,retribution,12,5,7
Anard,eredar,477,paladin,retribution,13,5,8
Kaminasol,quelthalas,477,paladin,retribution,18,5,13
Reathe,llane,476,paladin,retribution,18,5,13
Solstein,dalaran,474,paladin,retribution,12,5,7
Holytrails,sargeras,474,paladin,retribution,12,5,7
Tyrack,ragnaros,463,paladin,retribution,17,5,12
Pallycow,kargath,462,paladin,retribution,17,5,12
Kforty,kiljaeden,458,paladin,retribution,18,7,11
Thepallyx,silvermoon,448,paladin,retribution,16,5,11
Remake,stormrage,447,paladin,retribution,8,6,2
Lamp,lothar,447,paladin,retribution,8,6,2
Spurgleretrd,frostmourne,447,paladin,retribution,11,5,6
Jireen,tichondrius,447,paladin,retribution,11,5,6
Asarul,ragnaros,447,paladin,retribution,14,6,8
Matrium,kiljaeden,447,paladin,retribution,28,5,23
Clarïtý,stormrage,446,paladin,retribution,20,6,14
Holythanos,bleeding-hollow,445,paladin,retribution,17,5,12
Darkgoku,malfurion,432,paladin,retribution,9,6,3
Lorgax,alterac-mountains,432,paladin,retribution,15,5,10
Zzf,turalyon,431,paladin,retribution,11,5,6
Sinsy,moon-guard,431,paladin,retribution,11,5,6
Dreadrein,tichondrius,431,paladin,retribution,11,5,6
Bubbleöseven,silvermoon,431,paladin,retribution,11,5,6
Neverforgot,quelthalas,431,paladin,retribution,11,5,6
Egu,mugthol,431,paladin,retribution,11,5,6
Anoxis,tichondrius,431,paladin,retribution,11,5,6
Ahzreal,garona,426,paladin,retribution,16,8,8
Stankylordz,sargeras,426,paladin,retribution,19,8,11
Ashley,sargeras,426,paladin,retribution,15,6,9
Fálko,azralon,426,paladin,retribution,17,6,11
Rashrind,moon-guard,426,paladin,retribution,23,8,15
Kimochiyuh,illidan,425,paladin,retribution,17,7,10
Arkmedys,azralon,425,paladin,retribution,16,6,10
Retoric,maelstrom,425,paladin,retribution,22,6,16
Molodino,nemesis,416,paladin,retribution,10,5,5
Ææøææøææøææø,illidan,416,paladin,retribution,10,5,5
Divinedabs,stormrage,416,paladin,retribution,22,5,17
Stahny,thrall,415,paladin,retribution,10,5,5
Saviorsavior,bleeding-hollow,415,paladin,retribution,11,5,6
Hrödric,stormrage,415,paladin,retribution,11,5,6
Hølyknìght,tichondrius,415,paladin,retribution,14,5,9
Epxilon,ragnaros,415,paladin,retribution,14,5,9
Waffulzz,moonrunner,415,paladin,retribution,20,5,15
Thechoseno,tichondrius,400,paladin,retribution,13,5,8
Iamriched,illidan,400,paladin,retribution,13,5,8
Sydnneeyy,kelthuzad,399,paladin,retribution,5,5,0
Clenbuterolx,frostmourne,399,paladin,retribution,5,5,0
Ronte,arygos,384,paladin,retribution,6,4,2
Ironpallyx,garrosh,384,paladin,retribution,6,4,2
Protopally,zuljin,384,paladin,retribution,6,4,2
Truekylos,tichondrius,384,paladin,retribution,6,4,2
Hulianna,tichondrius,384,paladin,retribution,6,4,2
Codiac,the-forgotten-coast,384,paladin,retribution,6,4,2
Noxter,illidan,384,paladin,retribution,6,4,2
Danmandan,gorgonnash,384,paladin,retribution,6,4,2
Crewsade,sargeras,384,paladin,retribution,6,4,2
Starknight,galakrond,384,paladin,retribution,6,4,2
Nayters,stormreaver,384,paladin,retribution,6,4,2
Bjonki,illidan,384,paladin,retribution,6,4,2
Temptrez,bleeding-hollow,384,paladin,retribution,6,4,2
Stavs,tichondrius,384,paladin,retribution,6,4,2
Ørinn,sargeras,384,paladin,retribution,6,4,2
Redempshun,drenden,384,paladin,retribution,6,4,2
Bubblebùtt,tichondrius,384,paladin,retribution,6,4,2
Guurm,zuljin,384,paladin,retribution,6,4,2
Packs,zangarmarsh,384,paladin,retribution,6,4,2
Impitoyable,illidan,384,paladin,retribution,6,4,2
Reclusiarch,tichondrius,384,paladin,retribution,6,4,2
Bastila,zuljin,384,paladin,retribution,6,4,2
Holyzøne,nemesis,384,paladin,retribution,6,4,2
Krewe,uldaman,384,paladin,retribution,6,4,2
Aohxmathoss,zuljin,384,paladin,retribution,6,4,2
Ashgrim,kiljaeden,384,paladin,retribution,6,4,2
Bmorezaddy,tichondrius,384,paladin,retribution,6,4,2
Flfltmf,tichondrius,384,paladin,retribution,6,4,2
Delta,khadgar,384,paladin,retribution,6,4,2
Gilgamesh,moonrunner,384,paladin,retribution,6,4,2
Ittypally,thrall,384,paladin,retribution,6,4,2
Dyllionaire,thrall,384,paladin,retribution,6,4,2
Chunggus,eredar,384,paladin,retribution,6,4,2
Uckie,bleeding-hollow,384,paladin,retribution,6,4,2
Rohlin,boulderfist,384,paladin,retribution,6,4,2
Slakyph,zuljin,384,paladin,retribution,6,4,2
Vxm,illidan,384,paladin,retribution,6,4,2
Crouton,zangarmarsh,384,paladin,retribution,6,4,2
Täintcrusher,illidan,384,paladin,retribution,6,4,2
Holyswag,illidan,384,paladin,retribution,6,4,2
Vihd,illidan,384,paladin,retribution,6,4,2
Crocfacex,tichondrius,384,paladin,retribution,6,4,2
Raphaelo,tichondrius,384,paladin,retribution,6,4,2
Salithan,gilneas,384,paladin,retribution,6,4,2
Ziradin,tichondrius,384,paladin,retribution,6,4,2
Couraegus,azgalor,384,paladin,retribution,6,4,2
Lilpéep,area-52,384,paladin,retribution,6,4,2
Bòjàçk,stormrage,384,paladin,retribution,6,4,2
Holykevobird,maiev,384,paladin,retribution,6,4,2
Thecruel,goldrinn,384,paladin,retribution,6,4,2
Gingas,ragnaros,384,paladin,retribution,6,4,2
Joxpala,moon-guard,384,paladin,retribution,6,4,2
Namix,frostmourne,384,paladin,retribution,6,4,2
Darg,azralon,384,paladin,retribution,6,4,2
Powerdin,dreadmaul,384,paladin,retribution,6,4,2
Kaypross,area-52,384,paladin,retribution,6,4,2
Jardagadim,moon-guard,384,paladin,retribution,6,4,2
Chorizos,uldum,384,paladin,retribution,6,4,2
Tyranoss,azralon,384,paladin,retribution,6,4,2
Gooeylouie,thunderlord,384,paladin,retribution,6,4,2
Downbadfr,stormrage,384,paladin,retribution,6,4,2
Partykrasher,kelthuzad,384,paladin,retribution,6,4,2
Wyrmblood,moon-guard,384,paladin,retribution,6,4,2
Diremirales,azralon,384,paladin,retribution,6,4,2
Heartss,moon-guard,384,paladin,retribution,6,4,2
Debonaire,cenarion-circle,384,paladin,retribution,6,4,2
Brilhosa,azralon,384,paladin,retribution,6,4,2
Kajsi,barthilas,384,paladin,retribution,6,4,2
Seven,blackwing-lair,384,paladin,retribution,6,4,2
Pronther,ragnaros,384,paladin,retribution,6,4,2
Leoros,blackrock,384,paladin,retribution,6,4,2
Anaxxie,azralon,384,paladin,retribution,6,4,2
Sasukee,quelthalas,384,paladin,retribution,6,4,2
Farlayne,quelthalas,384,paladin,retribution,6,4,2
Anstyl,moon-guard,384,paladin,retribution,6,4,2
Dazztrain,barthilas,384,paladin,retribution,6,4,2
Taiffan,azralon,384,paladin,retribution,6,4,2
Cenital,quelthalas,384,paladin,retribution,6,4,2
Laventus,area-52,384,paladin,retribution,6,4,2
Reckoniing,moon-guard,384,paladin,retribution,6,4,2
Heyroe,madoran,384,paladin,retribution,6,4,2
Notaefc,icecrown,384,paladin,retribution,6,4,2
Ghrin,stormrage,384,paladin,retribution,6,4,2
Reflexpala,malganis,384,paladin,retribution,6,4,2
Drakewood,moon-guard,384,paladin,retribution,6,4,2
Giancarloss,quelthalas,384,paladin,retribution,6,4,2
Dyreilas,stormrage,384,paladin,retribution,6,4,2
Pecilzed,sargeras,384,paladin,retribution,6,4,2
Doç,stormrage,384,paladin,retribution,6,4,2
Babylonfive,zuluhed,384,paladin,retribution,6,4,2
Thottylight,stormrage,384,paladin,retribution,6,4,2
Koal,area-52,384,paladin,retribution,6,4,2
Lalatinaford,amanthul,384,paladin,retribution,6,4,2
Darklyght,madoran,384,paladin,retribution,6,4,2
Smunder,wyrmrest-accord,384,paladin,retribution,6,4,2
Paveth,moon-guard,384,paladin,retribution,6,4,2
Lothremar,stormrage,384,paladin,retribution,6,4,2
Shadp,frostmourne,384,paladin,retribution,6,4,2
Siirloin,emerald-dream,384,paladin,retribution,6,4,2
Trynith,area-52,384,paladin,retribution,6,4,2
Owllii,frostwolf,384,paladin,retribution,6,4,2
Ashlín,sargeras,384,paladin,retribution,6,4,2
Sentence,moon-guard,384,paladin,retribution,6,4,2
Jaldabaöth,area-52,384,paladin,retribution,6,4,2
Mesiaussx,area-52,384,paladin,retribution,6,4,2
Äztlan,ragnaros,384,paladin,retribution,6,4,2
Legionare,quelthalas,384,paladin,retribution,6,4,2
Maeldart,quelthalas,384,paladin,retribution,6,4,2
Ascencer,spirestone,384,paladin,retribution,6,4,2
Balmond,quelthalas,384,paladin,retribution,6,4,2
Trisøn,area-52,384,paladin,retribution,6,4,2
Hammersdown,stormrage,384,paladin,retribution,6,4,2
Azerit,emerald-dream,384,paladin,retribution,6,4,2
Apollowulf,bronzebeard,384,paladin,retribution,6,4,2
Merlinä,illidan,384,paladin,retribution,7,4,3
Blazon,khazgoroth,384,paladin,retribution,10,5,5
Daylit,area-52,384,paladin,retribution,8,4,4
Bigddady,quelthalas,384,paladin,retribution,8,4,4
Armilus,area-52,384,paladin,retribution,11,5,6
Minaxx,dalaran,384,paladin,retribution,9,4,5
Unluckopal,illidan,384,paladin,retribution,11,4,7
Thõre,frostmourne,384,paladin,retribution,15,5,10
Andromëdä,hyjal,384,paladin,retribution,12,4,8
Kyrianjutsu,area-52,384,paladin,retribution,12,4,8
Gerudö,stormrage,384,paladin,retribution,12,4,8
Joepepperoni,korgath,384,paladin,retribution,12,4,8
Dezul,stormscale,384,paladin,retribution,12,4,8
Coltoniac,kaelthas,384,paladin,retribution,12,4,8
Oroürke,stormrage,384,paladin,retribution,12,4,8
Taelpalx,stormrage,384,paladin,retribution,12,4,8
Wards,thunderlord,384,paladin,retribution,12,4,8
Niolite,ragnaros,384,paladin,retribution,12,4,8
Thejüdge,malfurion,384,paladin,retribution,12,4,8
Ippótis,sargeras,384,paladin,retribution,12,4,8
Glexann,sargeras,384,paladin,retribution,12,4,8
Pallyforeva,sargeras,384,paladin,retribution,12,4,8
Givinpowpows,korgath,384,paladin,retribution,12,4,8
Biggpork,cairne,384,paladin,retribution,12,4,8
Evilmoocow,grizzly-hills,384,paladin,retribution,12,4,8
Bøzø,stormrage,384,paladin,retribution,12,4,8
Treboroyal,area-52,384,paladin,retribution,12,4,8
Darkpain,blackhand,384,paladin,retribution,12,4,8
Rhadaan,stormscale,384,paladin,retribution,12,4,8
Tûrbotax,sargeras,384,paladin,retribution,12,4,8
Réxul,ragnaros,384,paladin,retribution,12,4,8
Darkbeacon,tichondrius,384,paladin,retribution,12,4,8
Goodgardener,hyjal,384,paladin,retribution,12,4,8
Waveryy,jubeithos,384,paladin,retribution,12,4,8
Korijame,area-52,384,paladin,retribution,12,4,8
Smontis,sargeras,384,paladin,retribution,12,4,8
Tòpg,tichondrius,384,paladin,retribution,12,4,8
Crystahlmeth,sargeras,384,paladin,retribution,12,4,8
Salvatores,ragnaros,384,paladin,retribution,12,4,8
Bonker,rivendare,384,paladin,retribution,12,4,8
Bubblestuft,illidan,384,paladin,retribution,12,4,8
Craphtyßop,zuljin,384,paladin,retribution,12,4,8
Prettylightx,kelthuzad,384,paladin,retribution,12,4,8
Leail,frostmourne,384,paladin,retribution,12,4,8
Norider,trollbane,384,paladin,retribution,12,4,8
Stöny,illidan,384,paladin,retribution,12,4,8
Kanachi,bleeding-hollow,384,paladin,retribution,12,4,8
Rouzygoozy,illidan,384,paladin,retribution,12,4,8
Thêirin,lightbringer,384,paladin,retribution,12,4,8
Pogwogs,illidan,384,paladin,retribution,12,4,8
Simpforomenx,emerald-dream,384,paladin,retribution,12,4,8
Kiami,tichondrius,384,paladin,retribution,12,4,8
Lokkillos,drakkari,384,paladin,retribution,12,4,8
Crijr,ragnaros,384,paladin,retribution,12,4,8
Strugglèbus,thrall,384,paladin,retribution,12,4,8
Bracen,emerald-dream,384,paladin,retribution,12,4,8
Nikorico,tichondrius,384,paladin,retribution,12,4,8
Goloh,shadowmoon,384,paladin,retribution,12,4,8
Moshio,nagrand,384,paladin,retribution,12,4,8
Kegari,tichondrius,384,paladin,retribution,12,4,8
Smolbeef,tichondrius,384,paladin,retribution,12,4,8
Jeddmaus,tichondrius,384,paladin,retribution,12,4,8
Rochet,kiljaeden,384,paladin,retribution,12,4,8
Lenneth,nordrassil,384,paladin,retribution,12,4,8
Stinkfrog,illidan,384,paladin,retribution,12,4,8
Illhaveacoke,moon-guard,384,paladin,retribution,12,4,8
Ddawz,proudmoore,384,paladin,retribution,12,4,8
Catuvalos,kiljaeden,384,paladin,retribution,12,4,8
Blikzy,caelestrasz,384,paladin,retribution,12,4,8
Zakh,proudmoore,384,paladin,retribution,12,4,8
Greenracer,kiljaeden,384,paladin,retribution,12,4,8
Préssure,gurubashi,384,paladin,retribution,12,4,8
Mirâ,tichondrius,384,paladin,retribution,12,4,8
Gloryholy,shattered-hand,384,paladin,retribution,12,4,8
Kamianna,tichondrius,384,paladin,retribution,12,4,8
Msjudged,blackrock,384,paladin,retribution,12,4,8
Barrelbeast,proudmoore,384,paladin,retribution,12,4,8
Liongolden,azralon,384,paladin,retribution,12,4,8
Adrn,tichondrius,384,paladin,retribution,12,4,8
Bubblendash,stormrage,384,paladin,retribution,12,4,8
Smöke,frostmourne,384,paladin,retribution,12,4,8
Høtdog,kiljaeden,384,paladin,retribution,12,4,8
Rightz,muradin,384,paladin,retribution,12,4,8
Mikeelul,tichondrius,384,paladin,retribution,12,4,8
Tëmplar,bleeding-hollow,384,paladin,retribution,12,4,8
Nicc,kelthuzad,384,paladin,retribution,12,4,8
Crazysyco,proudmoore,384,paladin,retribution,12,4,8
Kurook,moon-guard,384,paladin,retribution,12,4,8
Paldan,illidan,384,paladin,retribution,12,4,8
Holykhan,blades-edge,384,paladin,retribution,12,4,8
Baptism,shattered-hand,384,paladin,retribution,12,4,8
Avataar,blades-edge,384,paladin,retribution,12,4,8
Bangerr,bonechewer,384,paladin,retribution,12,4,8
Turahk,amanthul,384,paladin,retribution,12,4,8
Slimxx,burning-blade,384,paladin,retribution,12,4,8
Adauto,illidan,384,paladin,retribution,12,4,8
Øathßreaker,laughing-skull,384,paladin,retribution,12,4,8
Sweettartts,zuljin,384,paladin,retribution,12,4,8
Remm,emerald-dream,384,paladin,retribution,12,4,8
Bauldrin,moon-guard,384,paladin,retribution,12,4,8
Landsharq,tichondrius,384,paladin,retribution,12,4,8
Uver,tichondrius,384,paladin,retribution,12,4,8
Blargnarg,area-52,384,paladin,retribution,12,4,8
Wendybyrde,tichondrius,384,paladin,retribution,12,4,8
Tufybighamer,malganis,384,paladin,retribution,12,4,8
Elflicious,illidan,384,paladin,retribution,12,4,8
Sigmapepe,quelthalas,384,paladin,retribution,12,4,8
Lépéedophil,zuljin,384,paladin,retribution,12,4,8
Rufiou,zangarmarsh,384,paladin,retribution,12,4,8
Eettooko,aegwynn,384,paladin,retribution,12,4,8
Retspec,darkspear,384,paladin,retribution,12,4,8
Fiorena,malganis,384,paladin,retribution,12,4,8
Ihitthose,moon-guard,384,paladin,retribution,12,4,8
Senion,velen,384,paladin,retribution,12,4,8
Thorkell,moon-guard,384,paladin,retribution,12,4,8
Oppaladin,elune,384,paladin,retribution,12,4,8
Dionysius,silvermoon,384,paladin,retribution,12,4,8
Tirinor,malganis,384,paladin,retribution,12,4,8
Holywrecked,khazgoroth,384,paladin,retribution,12,4,8
Palamyr,nemesis,384,paladin,retribution,12,4,8
Sethy,feathermoon,384,paladin,retribution,12,4,8
Grimdel,moon-guard,384,paladin,retribution,12,4,8
Dohsevèn,tichondrius,384,paladin,retribution,12,4,8
Icekiss,tichondrius,384,paladin,retribution,12,4,8
Juliusplzher,area-52,384,paladin,retribution,12,4,8
Fengyutongqs,tichondrius,384,paladin,retribution,12,4,8
Jimithing,senjin,384,paladin,retribution,12,4,8
Simonis,windrunner,384,paladin,retribution,12,4,8
Aricen,thunderhorn,384,paladin,retribution,12,4,8
Ðorlie,malganis,384,paladin,retribution,12,4,8
Boehab,silvermoon,384,paladin,retribution,12,4,8
Acquiesce,bleeding-hollow,384,paladin,retribution,16,5,11
Ñoctis,tichondrius,384,paladin,retribution,13,4,9
Simple,ghostlands,384,paladin,retribution,22,6,16
Deva,tichondrius,384,paladin,retribution,18,4,14
Talurius,azralon,384,paladin,retribution,18,4,14
Gallow,vashj,384,paladin,retribution,18,4,14
Draknals,illidan,384,paladin,retribution,18,4,14
Aeltharix,blackwater-raiders,384,paladin,retribution,18,4,14
Momhips,bloodscalp,384,paladin,retribution,18,4,14
Hopewarden,moon-guard,384,paladin,retribution,18,4,14
Theadona,runetotem,384,paladin,retribution,18,4,14
Essexqt,blackhand,384,paladin,retribution,18,4,14
Androgeos,hyjal,384,paladin,retribution,18,4,14
Kelaus,eitrigg,384,paladin,retribution,18,4,14
Onlyphans,thrall,384,paladin,retribution,18,4,14
Nik,the-underbog,384,paladin,retribution,18,4,14
Ongang,illidan,384,paladin,retribution,18,4,14
Milfcrusader,tichondrius,384,paladin,retribution,18,4,14
Aggromatik,zuljin,384,paladin,retribution,18,4,14
Deathret,tichondrius,384,paladin,retribution,18,4,14
Ccpx,area-52,384,paladin,retribution,18,4,14
Eddf,ursin,384,paladin,retribution,18,4,14
Balancelight,azgalor,384,paladin,retribution,18,4,14
Fragnum,barthilas,384,paladin,retribution,18,4,14
Burom,kelthuzad,384,paladin,retribution,18,4,14
Leonis,tichondrius,384,paladin,retribution,18,4,14
Tylnish,hyjal,384,paladin,retribution,18,4,14
Caityaj,illidan,384,paladin,retribution,18,4,14
Darkkantares,ragnaros,384,paladin,retribution,18,4,14
Retsáiyan,tichondrius,384,paladin,retribution,18,4,14
Powercelest,quelthalas,384,paladin,retribution,18,4,14
Varuul,nerzhul,384,paladin,retribution,18,4,14
Xinoh,area-52,384,paladin,retribution,18,4,14
Backfattammy,bleeding-hollow,384,paladin,retribution,24,4,20
Iskándar,tichondrius,384,paladin,retribution,24,4,20
Holymight,gurubashi,384,paladin,retribution,24,4,20
Mickmouse,moon-guard,384,paladin,retribution,24,4,20
Charmeine,zuljin,383,paladin,retribution,6,4,2
Shifo,quelthalas,383,paladin,retribution,6,4,2
Dabsmaster,dalaran,383,paladin,retribution,6,4,2
Thaerim,ragnaros,383,paladin,retribution,6,4,2
Keepitholy,tichondrius,383,paladin,retribution,6,4,2
Pajjy,azralon,383,paladin,retribution,6,4,2
Balador,uldum,383,paladin,retribution,6,4,2
Memorabilia,quelthalas,383,paladin,retribution,6,4,2
Chérubîm,tichondrius,383,paladin,retribution,15,5,10
Mugann,malganis,383,paladin,retribution,12,4,8
Lorainn,ragnaros,383,paladin,retribution,12,4,8
Kennysun,azralon,383,paladin,retribution,12,4,8
Zko,frostmourne,383,paladin,retribution,12,4,8
Amazarak,stormrage,383,paladin,retribution,12,4,8
Holyburger,hakkar,383,paladin,retribution,12,4,8
Thormonger,dalaran,383,paladin,retribution,20,5,15
Imimmune,garithos,383,paladin,retribution,18,4,14
Dago,azralon,383,paladin,retribution,18,4,14
Tooshka,azshara,383,paladin,retribution,18,4,14
Merothin,drakkari,383,paladin,retribution,18,4,14
Funkknight,sargeras,383,paladin,retribution,18,4,14
Anahl,icecrown,383,paladin,retribution,18,4,14
Ðrekai,moon-guard,383,paladin,retribution,24,4,20
Kungrowl,emerald-dream,382,paladin,retribution,6,4,2
Zedekia,aerie-peak,382,paladin,retribution,12,4,8
Kroman,quelthalas,382,paladin,retribution,12,4,8
Sundreland,moon-guard,382,paladin,retribution,12,4,8
Whosyourdady,azjolnerub,381,paladin,retribution,18,4,14
Amerok,malfurion,378,paladin,retribution,18,4,14
Vegetå,malganis,372,paladin,retribution,37,8,29
Novachrono,bladefist,367,paladin,retribution,9,5,4
Goinglarge,frostmourne,367,paladin,retribution,11,4,7
Crucifine,wyrmrest-accord,367,paladin,retribution,11,4,7
Laydarus,frostmourne,367,paladin,retribution,11,4,7
Barzø,tichondrius,367,paladin,retribution,11,4,7
Baalduru,borean-tundra,367,paladin,retribution,17,4,13
Mop,eitrigg,367,paladin,retribution,17,4,13
Milkmi,frostmourne,367,paladin,retribution,17,4,13
Gloriouscole,sargeras,367,paladin,retribution,23,4,19
Ssjgalen,tichondrius,352,paladin,retribution,10,4,6
Nohozano,area-52,352,paladin,retribution,10,4,6
Gordonryan,bleeding-hollow,352,paladin,retribution,16,4,12
Páladian,quelthalas,351,paladin,retribution,11,4,7
Sesshomâru,nemesis,351,paladin,retribution,11,4,7
Sorgeno,ursin,351,paladin,retribution,11,4,7
Joshius,argent-dawn,351,paladin,retribution,11,4,7
Seasondbeef,shandris,351,paladin,retribution,11,4,7
Estarosta,azralon,351,paladin,retribution,17,4,13
Vero,agamaggan,348,paladin,retribution,29,4,25
Titansnake,illidan,336,paladin,retribution,9,4,5
Tren,burning-blade,336,paladin,retribution,9,4,5
Ronnierawdog,frostmourne,336,paladin,retribution,9,4,5
Meduselda,kelthuzad,335,paladin,retribution,9,5,4
Timhiedecker,moon-guard,335,paladin,retribution,17,4,13
Yellowflash,sentinels,330,paladin,retribution,17,7,10
Polisexüs,azralon,330,paladin,retribution,15,6,9
Iæl,stormrage,330,paladin,retribution,16,5,11
Returdstrenf,illidan,330,paladin,retribution,20,5,15
Asolace,dark-iron,320,paladin,retribution,10,4,6
Dubbz,silvermoon,320,paladin,retribution,10,4,6
Tôhru,ragnaros,320,paladin,retribution,22,4,18
Jaguarshark,malganis,319,paladin,retribution,5,4,1
Ruulight,tichondrius,319,paladin,retribution,5,4,1
Kamadopkgd,tichondrius,319,paladin,retribution,5,4,1
Karig,sargeras,319,paladin,retribution,8,4,4
Unholynss,wyrmrest-accord,319,paladin,retribution,8,4,4
Métatron,azralon,319,paladin,retribution,8,4,4
Holyshasha,tichondrius,319,paladin,retribution,8,4,4
Jadelong,azshara,319,paladin,retribution,8,4,4
Holynaps,malganis,319,paladin,retribution,9,4,5
Darkjewmagic,frostmourne,319,paladin,retribution,14,4,10
Argonis,shadowsong,313,paladin,retribution,21,7,14
Brinxy,ragnaros,304,paladin,retribution,7,4,3
Apegodx,thrall,288,paladin,retribution,6,3,3
Cocodog,kiljaeden,288,paladin,retribution,6,3,3
Ivonisoul,kaelthas,288,paladin,retribution,6,3,3
Kyperion,stormrage,288,paladin,retribution,6,3,3
Divinetits,sargeras,288,paladin,retribution,6,3,3
Timu,suramar,288,paladin,retribution,6,3,3
Senisse,illidan,288,paladin,retribution,6,3,3
Gorillawings,tichondrius,288,paladin,retribution,6,3,3
Hybrix,tichondrius,288,paladin,retribution,6,3,3
Eyloi,area-52,288,paladin,retribution,6,3,3
Apocryphx,stormrage,288,paladin,retribution,6,3,3
Brodyb,malganis,288,paladin,retribution,6,3,3
Ýøg,tichondrius,288,paladin,retribution,6,3,3
Pallynatir,ragnaros,288,paladin,retribution,6,3,3
Sadamell,tichondrius,288,paladin,retribution,6,3,3
Kilru,stormrage,288,paladin,retribution,6,3,3
Vynlen,uldaman,288,paladin,retribution,6,3,3
Boladosx,azralon,288,paladin,retribution,6,3,3
Jestiny,amanthul,288,paladin,retribution,6,3,3
Therocker,darkspear,288,paladin,retribution,6,3,3
Gender,kelthuzad,288,paladin,retribution,6,3,3
Efilios,tichondrius,288,paladin,retribution,6,3,3
Holytank,korgath,288,paladin,retribution,6,3,3
Jaktpal,spinebreaker,288,paladin,retribution,6,3,3
Lightheartx,proudmoore,288,paladin,retribution,6,3,3
Rhoynar,quelthalas,288,paladin,retribution,6,3,3
Mcfleye,malganis,288,paladin,retribution,6,3,3
Zilladin,darkspear,288,paladin,retribution,6,3,3
Kôld,tichondrius,288,paladin,retribution,6,3,3
Ilovedookie,destromath,288,paladin,retribution,6,3,3
Naranjita,ragnaros,288,paladin,retribution,6,3,3
Roaren,ragnaros,288,paladin,retribution,6,3,3
Bíteme,sargeras,288,paladin,retribution,6,3,3
ßless,bleeding-hollow,288,paladin,retribution,6,3,3
Waldir,silver-hand,288,paladin,retribution,6,3,3
Chickenlover,tichondrius,288,paladin,retribution,6,3,3
Omikami,malganis,288,paladin,retribution,6,3,3
Borisdablade,bleeding-hollow,288,paladin,retribution,6,3,3
Slüg,bleeding-hollow,288,paladin,retribution,6,3,3
Åvacyn,zuljin,288,paladin,retribution,6,3,3
Ataraxy,bleeding-hollow,288,paladin,retribution,6,3,3
Jeezo,zuljin,288,paladin,retribution,6,3,3
Capitalgainz,emerald-dream,288,paladin,retribution,6,3,3
Aphrrodite,lightbringer,288,paladin,retribution,6,3,3
Paleitor,azralon,288,paladin,retribution,6,3,3
Toetoetoeteo,darrowmere,288,paladin,retribution,6,3,3
Venthul,emerald-dream,288,paladin,retribution,6,3,3
Lasonil,zuljin,288,paladin,retribution,6,3,3
Darkaner,quelthalas,288,paladin,retribution,6,3,3
Chicoweather,sargeras,288,paladin,retribution,6,3,3
Lynchmob,tichondrius,288,paladin,retribution,6,3,3
Moox,wyrmrest-accord,288,paladin,retribution,6,3,3
Twochains,aegwynn,288,paladin,retribution,6,3,3
Whitey,laughing-skull,288,paladin,retribution,6,3,3
Dazalight,archimonde,288,paladin,retribution,6,3,3
Zaratorasu,nemesis,288,paladin,retribution,6,3,3
Mayfirepal,hyjal,288,paladin,retribution,6,3,3
Ageroÿ,sargeras,288,paladin,retribution,6,3,3
Creytos,tichondrius,288,paladin,retribution,6,3,3
Elbarra,ragnaros,288,paladin,retribution,6,3,3
Klam,kelthuzad,288,paladin,retribution,6,3,3
Vënedictos,quelthalas,288,paladin,retribution,6,3,3
Astasia,laughing-skull,288,paladin,retribution,6,3,3
Purekiller,destromath,288,paladin,retribution,6,3,3
Rétrïbution,stormrage,288,paladin,retribution,6,3,3
Krackanut,kelthuzad,288,paladin,retribution,6,3,3
Burkpally,azralon,288,paladin,retribution,6,3,3
Salamislappr,stormrage,288,paladin,retribution,6,3,3
Buttflapster,proudmoore,288,paladin,retribution,6,3,3
Victorria,archimonde,288,paladin,retribution,6,3,3
Cassié,bleeding-hollow,288,paladin,retribution,6,3,3
Rheynus,ragnaros,288,paladin,retribution,6,3,3
Víctor,quelthalas,288,paladin,retribution,6,3,3
Açaelus,wyrmrest-accord,288,paladin,retribution,6,3,3
Ulfsark,garrosh,288,paladin,retribution,6,3,3
Darthalion,quelthalas,288,paladin,retribution,6,3,3
Kahleesy,sargeras,288,paladin,retribution,6,3,3
Maryse,ragnaros,288,paladin,retribution,6,3,3
Mki,kargath,288,paladin,retribution,6,3,3
Otame,quelthalas,288,paladin,retribution,6,3,3
Xideria,ragnaros,288,paladin,retribution,6,3,3
Rost,jaedenar,288,paladin,retribution,6,3,3
Haarun,blackrock,288,paladin,retribution,6,3,3
Cowpapi,kelthuzad,288,paladin,retribution,6,3,3
Beletharr,bleeding-hollow,288,paladin,retribution,6,3,3
Varo,laughing-skull,288,paladin,retribution,6,3,3
Pvar,stormrage,288,paladin,retribution,6,3,3
Holiemolie,frostmourne,288,paladin,retribution,6,3,3
Divinebehind,laughing-skull,288,paladin,retribution,6,3,3
Scuffedbrngr,sargeras,288,paladin,retribution,6,3,3
Altirius,tichondrius,288,paladin,retribution,6,3,3
Galjïn,zuljin,288,paladin,retribution,6,3,3
Thecrusaders,proudmoore,288,paladin,retribution,6,3,3
Kloha,tichondrius,288,paladin,retribution,6,3,3
Pallyson,thunderhorn,288,paladin,retribution,6,3,3
Numela,moon-guard,288,paladin,retribution,6,3,3
Frostyfeet,moonrunner,288,paladin,retribution,6,3,3
Finnthepally,proudmoore,288,paladin,retribution,6,3,3
Stømpdøwn,tichondrius,288,paladin,retribution,6,3,3
Pixilade,barthilas,288,paladin,retribution,6,3,3
Absolvus,emerald-dream,288,paladin,retribution,6,3,3
Nickotines,kelthuzad,288,paladin,retribution,6,3,3
Toomuchrac,tichondrius,288,paladin,retribution,6,3,3
Nâtion,cenarius,288,paladin,retribution,6,3,3
Frawlless,azralon,288,paladin,retribution,6,3,3
Reiot,sargeras,288,paladin,retribution,6,3,3
Flareous,moon-guard,288,paladin,retribution,6,3,3
Stepbrodi,moon-guard,288,paladin,retribution,6,3,3
Radbout,blackrock,288,paladin,retribution,6,3,3
Blackkníght,ragnaros,288,paladin,retribution,6,3,3
Ironboxer,tichondrius,288,paladin,retribution,6,3,3
Zugzorr,azralon,288,paladin,retribution,6,3,3
Pahlevahn,stormrage,288,paladin,retribution,6,3,3
Rechs,bonechewer,288,paladin,retribution,6,3,3
Bubbs,garrosh,288,paladin,retribution,6,3,3
Feikonia,queldorei,288,paladin,retribution,6,3,3
Dfz,mannoroth,288,paladin,retribution,6,3,3
Bivol,whisperwind,288,paladin,retribution,6,3,3
Dráugus,azralon,288,paladin,retribution,6,3,3
Rhettpally,sargeras,288,paladin,retribution,6,3,3
Flalis,gurubashi,288,paladin,retribution,6,3,3
Légolas,llane,288,paladin,retribution,6,3,3
Xizima,ragnaros,288,paladin,retribution,6,3,3
Beefyboi,shuhalo,288,paladin,retribution,6,3,3
Nalenne,alexstrasza,288,paladin,retribution,6,3,3
Coomadin,stormrage,288,paladin,retribution,6,3,3
Kelwinn,proudmoore,288,paladin,retribution,6,3,3
Alocr,drakkari,288,paladin,retribution,6,3,3
Kloernstarr,sargeras,288,paladin,retribution,6,3,3
Corbic,illidan,288,paladin,retribution,6,3,3
Vaels,sargeras,288,paladin,retribution,6,3,3
Jacobelaylo,moon-guard,288,paladin,retribution,6,3,3
Konyfotm,bleeding-hollow,288,paladin,retribution,6,3,3
Nickahunnid,sargeras,288,paladin,retribution,6,3,3
Eldanx,stormrage,288,paladin,retribution,6,3,3
Bubblet,bleeding-hollow,288,paladin,retribution,6,3,3
Bigdumpy,thaurissan,288,paladin,retribution,6,3,3
Shockdoctor,stormrage,288,paladin,retribution,6,3,3
Danks,arthas,288,paladin,retribution,6,3,3
Acelaidis,cenarius,288,paladin,retribution,6,3,3
Bubelharth,burning-blade,288,paladin,retribution,6,3,3
Xbertiize,tichondrius,288,paladin,retribution,6,3,3
Neowolf,ragnaros,288,paladin,retribution,6,3,3
Exaltedthot,zuljin,288,paladin,retribution,6,3,3
Pâllywhacker,bleeding-hollow,288,paladin,retribution,6,3,3
Rectaluse,dalaran,288,paladin,retribution,6,3,3
Judgem,tichondrius,288,paladin,retribution,6,3,3
Riverpally,frostmourne,288,paladin,retribution,6,3,3
Arngrim,the-venture-co,288,paladin,retribution,6,3,3
Bigdamham,tichondrius,288,paladin,retribution,6,3,3
Bublez,firetree,288,paladin,retribution,6,3,3
Brimmakor,ravenholdt,288,paladin,retribution,6,3,3
Obbzz,spirestone,288,paladin,retribution,6,3,3
Gapingpooter,shadowmoon,288,paladin,retribution,6,3,3
Yês,proudmoore,288,paladin,retribution,6,3,3
Coldverdict,tichondrius,288,paladin,retribution,6,3,3
Aldars,illidan,288,paladin,retribution,6,3,3
Brahlix,area-52,288,paladin,retribution,6,3,3
Makiligos,area-52,288,paladin,retribution,6,3,3
Holyshrekt,frostmourne,288,paladin,retribution,6,3,3
Alestena,icecrown,288,paladin,retribution,6,3,3
Insanely,moon-guard,288,paladin,retribution,6,3,3
Bigdmcgee,frostmourne,288,paladin,retribution,6,3,3
Daigorro,illidan,288,paladin,retribution,6,3,3
Torture,skullcrusher,288,paladin,retribution,6,3,3
Shibbz,illidan,288,paladin,retribution,6,3,3
Gnomishishis,demon-soul,288,paladin,retribution,6,3,3
Transwoman,frostmourne,288,paladin,retribution,6,3,3
Mitodin,illidan,288,paladin,retribution,6,3,3
Thorron,stormrage,288,paladin,retribution,6,3,3
Thorxx,illidan,288,paladin,retribution,6,3,3
Fixxedina,vashj,288,paladin,retribution,6,3,3
Alexrt,frostmourne,288,paladin,retribution,6,3,3
Demhealsdoe,shadowmoon,288,paladin,retribution,6,3,3
Tovz,illidan,288,paladin,retribution,6,3,3
Belkram,frostmourne,288,paladin,retribution,6,3,3
Ankhz,area-52,288,paladin,retribution,6,3,3
Halnarran,area-52,288,paladin,retribution,6,3,3
Sycoticbunny,icecrown,288,paladin,retribution,6,3,3
Aylaisbigdum,area-52,288,paladin,retribution,6,3,3
Neheemias,area-52,288,paladin,retribution,6,3,3
Oreomcflurry,stormscale,288,paladin,retribution,6,3,3
Lumpialover,illidan,288,paladin,retribution,6,3,3
Nerfretpls,area-52,288,paladin,retribution,6,3,3
Kontricsmash,illidan,288,paladin,retribution,6,3,3
Aelael,icecrown,288,paladin,retribution,6,3,3
Dev,frostwolf,288,paladin,retribution,6,3,3
Steviedin,area-52,288,paladin,retribution,6,3,3
Linook,illidan,288,paladin,retribution,6,3,3
Karwryn,area-52,288,paladin,retribution,6,3,3
Tadaki,dalaran,288,paladin,retribution,6,3,3
Rickybubble,frostmourne,288,paladin,retribution,6,3,3
Tephlon,illidan,288,paladin,retribution,6,3,3
Baladinn,tichondrius,288,paladin,retribution,6,3,3
Kunkei,tichondrius,288,paladin,retribution,6,3,3
Teazie,ursin,288,paladin,retribution,6,3,3
Assaultron,dalaran,288,paladin,retribution,6,3,3
Executiveceo,tichondrius,288,paladin,retribution,6,3,3
Syvir,area-52,288,paladin,retribution,6,3,3
Reallyfe,skullcrusher,288,paladin,retribution,6,3,3
Valadinna,tichondrius,288,paladin,retribution,6,3,3
Supawings,mugthol,288,paladin,retribution,6,3,3
Dyinglíght,frostmourne,288,paladin,retribution,6,3,3
Wabukiss,illidan,288,paladin,retribution,6,3,3
Lencelia,deathwing,288,paladin,retribution,6,3,3
Vez,mugthol,288,paladin,retribution,6,3,3
Rineheartt,area-52,288,paladin,retribution,6,3,3
Samosir,frostmourne,288,paladin,retribution,6,3,3
Zeroret,tichondrius,288,paladin,retribution,6,3,3
Obesebutt,scilla,288,paladin,retribution,6,3,3
Clasturt,area-52,288,paladin,retribution,6,3,3
Hadory,shattered-halls,288,paladin,retribution,6,3,3
Warchaos,skullcrusher,288,paladin,retribution,6,3,3
Sinhero,area-52,288,paladin,retribution,6,3,3
Qbola,area-52,288,paladin,retribution,6,3,3
Mvpp,dalaran,288,paladin,retribution,6,3,3
Jónò,tichondrius,288,paladin,retribution,6,3,3
Ouken,frostmourne,288,paladin,retribution,6,3,3
Leá,illidan,288,paladin,retribution,6,3,3
Anincy,dalaran,288,paladin,retribution,6,3,3
Scamadin,tichondrius,288,paladin,retribution,6,3,3
Xaospaladin,frostmourne,288,paladin,retribution,6,3,3
Pharmacology,skullcrusher,288,paladin,retribution,6,3,3
Babar,doomhammer,288,paladin,retribution,6,3,3
Bubbledee,illidan,288,paladin,retribution,6,3,3
Kickflipped,dalaran,288,paladin,retribution,6,3,3
Theßest,baelgun,288,paladin,retribution,6,3,3
Zenpally,doomhammer,288,paladin,retribution,6,3,3
Alsaen,illidan,288,paladin,retribution,6,3,3
Swordstrikes,tichondrius,288,paladin,retribution,9,4,5
Mandràke,bleeding-hollow,288,paladin,retribution,7,3,4
Rimurst,ragnaros,288,paladin,retribution,7,3,4
Ðarkängel,stormrage,288,paladin,retribution,7,3,4
Ivanko,dalaran,288,paladin,retribution,7,3,4
Retattack,area-52,288,paladin,retribution,10,4,6
Josepala,stormrage,288,paladin,retribution,9,3,6
Fpaladin,tichondrius,288,paladin,retribution,12,3,9
Walkerbait,nazgrel,288,paladin,retribution,12,3,9
Benn,eldrethalas,288,paladin,retribution,12,3,9
Holydiarrhea,illidan,288,paladin,retribution,12,3,9
Dárkness,blades-edge,288,paladin,retribution,12,3,9
Säv,tichondrius,288,paladin,retribution,12,3,9
Fknnoath,frostmourne,288,paladin,retribution,12,3,9
Spiritkeep,veknilash,288,paladin,retribution,12,3,9
Darkshield,stormrage,288,paladin,retribution,12,3,9
Leronos,zuljin,288,paladin,retribution,12,3,9
Mwanmwa,blades-edge,288,paladin,retribution,12,3,9
Coffeebean,quelthalas,288,paladin,retribution,12,3,9
Zwilliam,frostmourne,288,paladin,retribution,12,3,9
Oralen,daggerspine,288,paladin,retribution,12,3,9
Yepsqorz,tichondrius,288,paladin,retribution,12,3,9
Ultrah,area-52,288,paladin,retribution,12,3,9
Bulbi,emerald-dream,288,paladin,retribution,12,3,9
Perdiseus,stormrage,288,paladin,retribution,12,3,9
Sàber,tichondrius,288,paladin,retribution,12,3,9
Kãrën,emerald-dream,288,paladin,retribution,12,3,9
Corni,kiljaeden,288,paladin,retribution,12,3,9
Cucomangera,ragnaros,288,paladin,retribution,12,3,9
Donsagrado,quelthalas,288,paladin,retribution,12,3,9
Theodrei,darrowmere,288,paladin,retribution,12,3,9
Ashy,bonechewer,288,paladin,retribution,12,3,9
Bestie,blackrock,288,paladin,retribution,12,3,9
Sanction,the-forgotten-coast,288,paladin,retribution,12,3,9
Varthinator,stormrage,288,paladin,retribution,12,3,9
Cromsecrate,dalaran,288,paladin,retribution,12,3,9
Abivion,stormrage,288,paladin,retribution,12,3,9
Bubblebooty,drakthul,288,paladin,retribution,12,3,9
Flashstark,area-52,288,paladin,retribution,12,3,9
Rxxkiee,tichondrius,288,paladin,retribution,12,3,9
Geekpala,thrall,288,paladin,retribution,12,3,9
Kaedê,drakkari,288,paladin,retribution,12,3,9
Amega,bleeding-hollow,288,paladin,retribution,12,3,9
Johnus,lightbringer,288,paladin,retribution,12,3,9
Elpal,thrall,288,paladin,retribution,12,3,9
Tíron,dalaran,288,paladin,retribution,12,3,9
Eljosco,nordrassil,288,paladin,retribution,12,3,9
Smokeys,sargeras,288,paladin,retribution,12,3,9
Lue,boulderfist,288,paladin,retribution,12,3,9
Tarkovkappa,illidan,288,paladin,retribution,12,3,9
Aenwyl,quelthalas,288,paladin,retribution,12,3,9
Kimahri,anvilmar,288,paladin,retribution,12,3,9
Kylerr,maiev,288,paladin,retribution,12,3,9
Shortj,malganis,288,paladin,retribution,12,3,9
Trenbolóne,area-52,288,paladin,retribution,12,3,9
Sbpluss,illidan,288,paladin,retribution,12,3,9
Carloss,drakkari,288,paladin,retribution,12,3,9
Thunddarr,stormrage,288,paladin,retribution,12,3,9
Pallypòwer,garrosh,288,paladin,retribution,12,3,9
Quelite,sargeras,288,paladin,retribution,12,3,9
Tarpeeksi,tichondrius,288,paladin,retribution,12,3,9
Wasabipal,malganis,288,paladin,retribution,12,3,9
Bringbakbuff,illidan,288,paladin,retribution,12,3,9
Sessybrexy,bleeding-hollow,288,paladin,retribution,12,3,9
Thnannan,tichondrius,288,paladin,retribution,12,3,9
Somite,stormrage,288,paladin,retribution,12,3,9
Dalden,trollbane,288,paladin,retribution,12,3,9
Marrike,moon-guard,288,paladin,retribution,12,3,9
Pulangurata,tichondrius,288,paladin,retribution,12,3,9
Yeluh,malganis,288,paladin,retribution,12,3,9
Crusticus,stormrage,288,paladin,retribution,12,3,9
Tolleytrain,malganis,288,paladin,retribution,12,3,9
Amorammastal,sargeras,288,paladin,retribution,12,3,9
Vidalia,barthilas,288,paladin,retribution,12,3,9
Asellusarc,kelthuzad,288,paladin,retribution,12,3,9
Hardclimacks,frostmourne,288,paladin,retribution,12,3,9
Bigplucker,kelthuzad,288,paladin,retribution,12,3,9
Asukaxt,illidan,288,paladin,retribution,12,3,9
Aválerion,proudmoore,288,paladin,retribution,12,3,9
Ogtandoness,azgalor,288,paladin,retribution,12,3,9
Martin,haomarush,288,paladin,retribution,12,3,9
Sac,sargeras,288,paladin,retribution,12,3,9
Sivan,crushridge,288,paladin,retribution,12,3,9
Kloerny,sargeras,288,paladin,retribution,12,3,9
Ucvnt,illidan,288,paladin,retribution,12,3,9
Påladin,area-52,288,paladin,retribution,12,3,9
Murzo,hyjal,288,paladin,retribution,12,3,9
Bigjoetheceo,mannoroth,288,paladin,retribution,12,3,9
Zpaladino,azralon,288,paladin,retribution,12,3,9
Ashlïe,moon-guard,288,paladin,retribution,12,3,9
Cap,suramar,288,paladin,retribution,12,3,9
Olorunn,tichondrius,288,paladin,retribution,12,3,9
Ajara,moon-guard,288,paladin,retribution,12,3,9
Slantee,illidan,288,paladin,retribution,12,3,9
Treezey,durotan,288,paladin,retribution,12,3,9
Madworld,moon-guard,288,paladin,retribution,12,3,9
Teljen,destromath,288,paladin,retribution,12,3,9
Pelegroot,azralon,288,paladin,retribution,12,3,9
Homeboywill,hyjal,288,paladin,retribution,12,3,9
Æglè,area-52,288,paladin,retribution,12,3,9
Uzbadkhazad,ragnaros,288,paladin,retribution,12,3,9
Tharinty,ragnaros,288,paladin,retribution,12,3,9
Calvary,stormscale,288,paladin,retribution,12,3,9
Killerofmind,azralon,288,paladin,retribution,12,3,9
Meatwrath,sargeras,288,paladin,retribution,12,3,9
Dageraad,tichondrius,288,paladin,retribution,12,3,9
Mightbeard,proudmoore,288,paladin,retribution,14,3,11
Murgly,tichondrius,288,paladin,retribution,14,3,11
Miniminx,malganis,288,paladin,retribution,18,3,15
Voorrkk,kelthuzad,288,paladin,retribution,18,3,15
Pepepally,area-52,288,paladin,retribution,18,3,15
Taredowo,area-52,288,paladin,retribution,18,3,15
Mollybop,stormrage,288,paladin,retribution,18,3,15
Fourchon,tichondrius,288,paladin,retribution,18,3,15
Zoriå,sargeras,288,paladin,retribution,18,3,15
Kreigan,hellscream,288,paladin,retribution,18,3,15
Rohland,illidan,288,paladin,retribution,18,3,15
Whangsta,tichondrius,288,paladin,retribution,24,3,21
ßleider,quelthalas,1906,paladin,protection,55,39,16
Aluvia,malygos,1850,paladin,protection,142,107,35
Chanimalf,tichondrius,1844,paladin,protection,55,43,12
Ëlmaster,nemesis,1820,paladin,protection,162,106,56
Crâfty,bleeding-hollow,1813,paladin,protection,185,108,77
Chafqzhang,barthilas,1808,paladin,protection,35,28,7
Sigmapepe,quelthalas,1802,paladin,protection,155,111,44
Zhspeilian,tichondrius,1795,paladin,protection,102,62,40
Degenratebri,moon-guard,1774,paladin,protection,99,67,32
Höpönpöppö,frostmourne,1729,paladin,protection,48,26,22
Sutadansa,doomhammer,1696,paladin,protection,205,102,103
Zephyrvalor,sargeras,1692,paladin,protection,200,101,99
Protdream,tichondrius,1688,paladin,protection,36,26,10
Thulêan,moon-guard,1688,paladin,protection,137,74,63
Motates,malganis,1682,paladin,protection,99,49,50
Wilder,turalyon,1676,paladin,protection,47,27,20
Asukaba,sargeras,1672,paladin,protection,83,50,33
Dankerton,tichondrius,1670,paladin,protection,38,20,18
Jimmipepe,quelthalas,1668,paladin,protection,164,107,57
Zealna,tichondrius,1663,paladin,protection,35,24,11
Eclipsor,bleeding-hollow,1657,paladin,protection,48,30,18
Vondonna,moon-guard,1655,paladin,protection,113,65,48
Cusino,tichondrius,1655,paladin,protection,122,63,59
Bubblemark,tichondrius,1639,paladin,protection,136,66,70
Lxwd,tichondrius,1634,paladin,protection,185,89,96
Kierolechita,ragnaros,1630,paladin,protection,528,272,256
Rastakant,dark-iron,1629,paladin,protection,95,49,46
Trågédy,zuljin,1619,paladin,protection,36,26,10
Stormvikingx,darkspear,1615,paladin,protection,44,23,21
Vaalbara,fizzcrank,1611,paladin,protection,54,28,26
Devonius,sargeras,1609,paladin,protection,48,24,24
Zackthepally,area-52,1606,paladin,protection,48,21,27
Bighardshock,aggramar,1604,paladin,protection,54,28,26
Blackmiya,tichondrius,1599,paladin,protection,85,50,35
Palahogx,sargeras,1589,paladin,protection,48,19,29
Nyalisa,moon-guard,1588,paladin,protection,108,66,42
Øziris,goldrinn,1583,paladin,protection,131,64,67
Gredo,queldorei,1572,paladin,protection,47,25,22
Sôlux,quelthalas,1571,paladin,protection,92,49,43
Uglyboyryan,sargeras,1570,paladin,protection,120,64,56
Demloc,doomhammer,1558,paladin,protection,72,33,39
Rehtua,bleeding-hollow,1557,paladin,protection,83,35,48
Chozverialyz,ysondre,1552,paladin,protection,80,39,41
Ratburger,blood-furnace,1551,paladin,protection,36,23,13
Holywaffle,nemesis,1534,paladin,protection,34,19,15
Wiley,dark-iron,1518,paladin,protection,102,55,47
Cherubic,sargeras,1506,paladin,protection,132,73,59
Tarnaks,stormrage,1505,paladin,protection,66,32,34
Qtipds,moon-guard,1504,paladin,protection,50,22,28
Taillien,bonechewer,1499,paladin,protection,106,63,43
Xbloodknight,malganis,1494,paladin,protection,48,16,32
Domocho,azgalor,1486,paladin,protection,76,43,33
Tooholy,kiljaeden,1486,paladin,protection,41,22,19
Borrus,malygos,1480,paladin,protection,48,28,20
Holycwaps,sargeras,1477,paladin,protection,54,28,26
Aopidsfihjov,stormrage,1475,paladin,protection,119,60,59
Wowmike,sargeras,1462,paladin,protection,224,107,117
Ebull,quelthalas,1454,paladin,protection,36,16,20
Aeythyr,wyrmrest-accord,1453,paladin,protection,103,42,61
Moouzie,area-52,1444,paladin,protection,63,33,30
Poppadock,veknilash,1444,paladin,protection,221,113,108
Alekvin,moon-guard,1442,paladin,protection,36,19,17
Herimi,drakkari,1436,paladin,protection,241,105,136
Paldyn,illidan,1435,paladin,protection,24,16,8
Drágons,stormrage,1432,paladin,protection,66,29,37
Holydawa,zuljin,1416,paladin,protection,53,20,33
Whëëls,stormreaver,1411,paladin,protection,41,22,19
Bt,quelthalas,1410,paladin,protection,47,31,16
Terayus,veknilash,1409,paladin,protection,48,27,21
Ilovéyou,barthilas,1406,paladin,protection,30,15,15
Arcilys,illidan,1405,paladin,protection,226,94,132
Zexion,azralon,1398,paladin,protection,83,39,44
Lorec,zuljin,1395,paladin,protection,54,25,29
Modafinil,bonechewer,1390,paladin,protection,117,53,64
Goldjade,khazgoroth,1379,paladin,protection,179,81,98
Piojopaladin,quelthalas,1375,paladin,protection,83,41,42
Rakasho,azralon,1370,paladin,protection,60,23,37
Khrome,cenarion-circle,1365,paladin,protection,229,86,143
Íaan,drakkari,1359,paladin,protection,82,47,35
Marlynx,tichondrius,1355,paladin,protection,59,29,30
Lessera,tichondrius,1352,paladin,protection,72,32,40
Goeun,destromath,1351,paladin,protection,49,19,30
Jenesis,illidan,1348,paladin,protection,30,20,10
Jkethuhsnake,ghostlands,1348,paladin,protection,63,35,28
Hittit,thrall,1348,paladin,protection,42,16,26
Wuhbp,illidan,1340,paladin,protection,18,14,4
Ascension,amanthul,1340,paladin,protection,36,17,19
Bozikx,stormrage,1334,paladin,protection,18,14,4
Trâgedy,azjolnerub,1331,paladin,protection,30,14,16
Triene,wyrmrest-accord,1330,paladin,protection,60,26,34
Fredward,bleeding-hollow,1329,paladin,protection,30,14,16
Canibaluy,ragnaros,1329,paladin,protection,40,18,22
Ronor,thorium-brotherhood,1323,paladin,protection,48,24,24
Palzor,shadowsong,1318,paladin,protection,72,29,43
Almeta,kelthuzad,1316,paladin,protection,48,23,25
Thorsmites,sargeras,1310,paladin,protection,66,30,36
Blicka,dragonblight,1309,paladin,protection,107,48,59
Poorly,thorium-brotherhood,1266,paladin,protection,48,24,24
Imthabromb,dragonblight,1263,paladin,protection,77,35,42
Lythos,dathremar,1238,paladin,protection,48,23,25
Laylee,anvilmar,1230,paladin,protection,48,22,26
Pallylino,azralon,1224,paladin,protection,24,15,9
Dirkdigglerz,bleeding-hollow,1216,paladin,protection,47,17,30
Buxíu,area-52,1201,paladin,protection,68,25,43
Rikurena,bonechewer,1181,paladin,protection,28,14,14
Kittié,proudmoore,1163,paladin,protection,44,14,30
Lelythia,bleeding-hollow,1161,paladin,protection,71,28,43
Ratzon,dalaran,1156,paladin,protection,23,14,9
Hamners,tichondrius,1144,paladin,protection,20,12,8
Djdani,stormrage,1063,paladin,protection,78,22,56
Zakh,proudmoore,1053,paladin,protection,18,11,7
Bronislav,draka,1053,paladin,protection,18,11,7
Penitent,barthilas,1052,paladin,protection,18,11,7
Nobleblood,emerald-dream,1040,paladin,protection,24,11,13
Holybull,maiev,1039,paladin,protection,24,11,13
Mattis,malganis,1038,paladin,protection,24,11,13
Ndnpaly,bonechewer,1017,paladin,protection,24,11,13
Bullivan,sisters-of-elune,963,paladin,protection,40,14,26
Holyknight,veknilash,959,paladin,protection,26,11,15
Strontimus,moon-guard,958,paladin,protection,12,10,2
Steverógers,frostmourne,958,paladin,protection,12,10,2
Danthorin,malfurion,940,paladin,protection,44,10,34
Matadore,arygos,908,paladin,protection,22,11,11
Dyllionaire,thrall,863,paladin,protection,12,9,3
Alexcydragon,quelthalas,863,paladin,protection,18,9,9
Beeflecow,garrosh,812,paladin,protection,35,9,26
Negativeiq,moon-guard,798,paladin,protection,10,10,0
Courageousz,dalaran,768,paladin,protection,18,8,10
Crusâder,area-52,767,paladin,protection,24,8,16
Lothwrynn,senjin,762,paladin,protection,18,8,10
Halnoth,dethecus,702,paladin,protection,11,8,3
Buslightyear,azralon,672,paladin,protection,12,7,5
Paily,ravencrest,672,paladin,protection,12,7,5
Kurokodieru,dalaran,672,paladin,protection,18,7,11
Drtankscelot,baelgun,672,paladin,protection,19,7,12
Valkaire,area-52,671,paladin,protection,12,7,5
Goldshiine,darkspear,576,paladin,protection,6,6,0
Sølis,alleria,576,paladin,protection,12,6,6
Holykura,thrall,576,paladin,protection,12,6,6
Santovaca,anubarak,576,paladin,protection,12,6,6
Thortanous,icecrown,575,paladin,protection,12,6,6
Huwglyndur,trollbane,575,paladin,protection,12,6,6
Cots,azralon,556,paladin,protection,23,6,17
Azureplane,tichondrius,480,paladin,protection,6,5,1
Shockladdin,illidan,480,paladin,protection,6,5,1
Kiehui,lightbringer,480,paladin,protection,12,5,7
Tankfest,sargeras,480,paladin,protection,12,5,7
Gotankz,moon-guard,480,paladin,protection,12,5,7
Typhoontravv,thrall,480,paladin,protection,12,5,7
Safename,area-52,480,paladin,protection,18,5,13
Ergeboxito,quelthalas,480,paladin,protection,18,5,13
Wollondor,illidan,447,paladin,protection,17,5,12
Lewstelamon,korialstrasz,446,paladin,protection,10,6,4
Glimglam,aggramar,415,paladin,protection,10,5,5
Thejuiceman,emerald-dream,384,paladin,protection,6,4,2
Ibubblë,wildhammer,384,paladin,protection,6,4,2
Cès,tichondrius,384,paladin,protection,6,4,2
Guidö,stormrage,384,paladin,protection,6,4,2
Thorkell,moon-guard,384,paladin,protection,6,4,2
Alinae,feathermoon,384,paladin,protection,12,4,8
Bullheaded,silvermoon,384,paladin,protection,12,4,8
Valisari,korialstrasz,384,paladin,protection,12,4,8
Gîmply,proudmoore,384,paladin,protection,12,4,8
Zaeris,proudmoore,384,paladin,protection,12,4,8
Belmorlin,moon-guard,384,paladin,protection,12,4,8
Vanndetta,thrall,384,paladin,protection,12,4,8
Shrektacular,malganis,351,paladin,protection,11,4,7
Jahirie,aegwynn,351,paladin,protection,17,4,13
Isecretly,stormrage,335,paladin,protection,7,7,0
Primeevil,thunderlord,335,paladin,protection,11,4,7
Goldieg,tichondrius,288,paladin,protection,6,3,3
Chiraqret,thunderhorn,288,paladin,protection,6,3,3
Harterin,stormrage,288,paladin,protection,6,3,3
Cheers,garona,288,paladin,protection,6,3,3
Papashow,barthilas,288,paladin,protection,6,3,3
Kooshh,thunderlord,288,paladin,protection,12,3,9
Threesixteen,proudmoore,288,paladin,protection,12,3,9
Irahan,stormrage,288,paladin,protection,12,3,9
Eliteyahtzee,kelthuzad,288,paladin,protection,12,3,9
Saeranella,moon-guard,240,paladin,protection,9,3,6
Blâckhârt,saurfang,234,paladin,protection,9,4,5
Wegie,emerald-dream,192,paladin,protection,6,2,4
Simpforomenx,emerald-dream,192,paladin,protection,6,2,4
Jarvanvi,azralon,192,paladin,protection,6,2,4
Xinqingle,tichondrius,192,paladin,protection,6,2,4
Lightdivine,nemesis,192,paladin,protection,6,2,4
Stompem,zuljin,192,paladin,protection,6,2,4
Immensepower,tichondrius,192,paladin,protection,6,2,4
Pøtent,wyrmrest-accord,192,paladin,protection,6,2,4
Troxnar,ragnaros,192,paladin,protection,6,2,4
Davinshki,stormrage,192,paladin,protection,6,2,4
Zatheus,area-52,192,paladin,protection,6,2,4
Beargore,frostmourne,192,paladin,protection,6,2,4
Vaaleria,dalaran,192,paladin,protection,6,2,4
Òp,illidan,192,paladin,protection,10,3,7
Zifre,ragnaros,192,paladin,protection,12,2,10
Protbeeff,area-52,192,paladin,protection,12,2,10
Consecrated,daggerspine,192,paladin,protection,12,2,10
Dwarvendude,sargeras,159,paladin,protection,11,2,9
Imnotahealer,drakthul,138,paladin,protection,10,3,7
Smökë,area-52,127,paladin,protection,8,2,6
Pallymaan,stormrage,96,paladin,protection,6,1,5
Lasonil,zuljin,96,paladin,protection,6,1,5
Airane,sargeras,96,paladin,protection,6,1,5
Combidin,garrosh,96,paladin,protection,6,1,5
Siire,darkspear,96,paladin,protection,6,1,5
Hammerabi,moon-guard,96,paladin,protection,6,1,5
Rethayla,moon-guard,96,paladin,protection,6,1,5
Thrandaic,frostmourne,96,paladin,protection,6,1,5
Mtanchokeme,stormrage,96,paladin,protection,9,1,8
Chàrron,garrosh,79,paladin,protection,5,1,4
Fluent,emerald-dream,2143,priest,holy,294,151,143
Sinthe,stormrage,2133,priest,holy,136,79,57
Pianohouse,illidan,2124,priest,holy,268,146,122
Whitetails,illidan,2102,priest,holy,314,166,148
Ishyeboi,stormrage,2097,priest,holy,83,45,38
Garbagedisc,scilla,2091,priest,holy,193,92,101
Yötönyö,sargeras,2082,priest,holy,114,57,57
Néylo,illidan,2079,priest,holy,102,45,57
Leonerey,azralon,2057,priest,holy,126,73,53
Ømegagødx,illidan,2046,priest,holy,72,38,34
Ninbara,tichondrius,2031,priest,holy,171,87,84
Bjorke,tichondrius,2029,priest,holy,156,84,72
Rustymvpfan,nagrand,2012,priest,holy,318,162,156
Meatboxmoldy,blood-furnace,2009,priest,holy,100,58,42
Pickle,illidan,2004,priest,holy,116,65,51
Skzfangirl,moon-guard,2001,priest,holy,315,188,127
Priestlike,tichondrius,1997,priest,holy,156,82,74
Dogbutt,burning-legion,1996,priest,holy,228,114,114
Walnut,kelthuzad,1977,priest,holy,424,219,205
Citrinesta,illidan,1970,priest,holy,691,369,322
Gentlewoman,ragnaros,1962,priest,holy,122,71,51
Mastuti,azralon,1962,priest,holy,203,107,96
Noniok,blackrock,1958,priest,holy,200,127,73
Threesclass,tichondrius,1951,priest,holy,71,41,30
Onemission,whisperwind,1951,priest,holy,90,37,53
Cindyloux,tichondrius,1948,priest,holy,60,34,26
Mynaevis,malganis,1941,priest,holy,150,82,68
Fusira,gurubashi,1941,priest,holy,48,25,23
Tookiex,stormrage,1936,priest,holy,73,35,38
Saintjpii,tichondrius,1935,priest,holy,167,100,67
Onikûdaki,sargeras,1908,priest,holy,123,60,63
Rustymvp,nagrand,1905,priest,holy,299,144,155
Jjmms,akama,1900,priest,holy,463,232,231
Cokeheals,kelthuzad,1899,priest,holy,60,36,24
Tirrify,frostmourne,1899,priest,holy,54,29,25
Falsegodx,tichondrius,1889,priest,holy,209,115,94
Superduperr,illidan,1886,priest,holy,78,38,40
Pryx,drenden,1883,priest,holy,60,35,25
Zenelu,tichondrius,1878,priest,holy,530,268,262
Cinnalite,darkspear,1870,priest,holy,42,29,13
Pesian,dalaran,1869,priest,holy,46,30,16
Dreckie,sargeras,1869,priest,holy,219,114,105
Wisdumos,frostmourne,1865,priest,holy,198,109,89
Sizuré,frostmourne,1864,priest,holy,59,32,27
Luciellis,sargeras,1863,priest,holy,84,43,41
Djdazzle,kargath,1860,priest,holy,59,30,29
Bmouth,tichondrius,1858,priest,holy,78,49,29
Pipelayerx,illidan,1856,priest,holy,98,51,47
Teslashield,bleeding-hollow,1856,priest,holy,54,25,29
Zxxkawaii,tichondrius,1855,priest,holy,579,294,285
Pesca,proudmoore,1853,priest,holy,66,34,32
Jüdaspriest,gorefiend,1853,priest,holy,71,27,44
Goodlife,frostmourne,1852,priest,holy,146,77,69
Nanatoo,sargeras,1849,priest,holy,84,48,36
Pws,azralon,1846,priest,holy,126,66,60
Peat,hyjal,1844,priest,holy,54,27,27
Eccentricx,sargeras,1842,priest,holy,62,34,28
Fanatic,lightbringer,1841,priest,holy,54,31,23
Ioved,sisters-of-elune,1841,priest,holy,261,143,118
Eaten,emerald-dream,1840,priest,holy,275,157,118
Debussynjoyr,malganis,1839,priest,holy,36,23,13
Leoshi,turalyon,1839,priest,holy,202,113,89
Quicklight,sargeras,1836,priest,holy,258,139,119
Vandalia,shadowsong,1834,priest,holy,205,100,105
Manbooty,illidan,1833,priest,holy,116,70,46
Dypkillet,moon-guard,1833,priest,holy,255,131,124
Kottssanius,illidan,1829,priest,holy,85,52,33
Tookz,stormrage,1829,priest,holy,78,43,35
Dream,kelthuzad,1828,priest,holy,180,94,86
Hannavi,illidan,1824,priest,holy,132,87,45
Djchickpea,chogall,1823,priest,holy,48,33,15
Hatxsu,emerald-dream,1823,priest,holy,437,230,207
Nildryck,malganis,1823,priest,holy,54,26,28
Moosepriestx,sargeras,1821,priest,holy,60,28,32
Cosmicyiff,area-52,1819,priest,holy,178,96,82
Iniquitatem,tichondrius,1817,priest,holy,60,23,37
Zachon,sargeras,1816,priest,holy,50,30,20
Tromnasty,area-52,1816,priest,holy,90,53,37
Moldymeatbox,blood-furnace,1816,priest,holy,146,80,66
Pmos,sargeras,1816,priest,holy,100,49,51
Stonemonkeyp,sargeras,1815,priest,holy,338,188,150
Lëønë,nemesis,1814,priest,holy,166,101,65
Sweatynick,proudmoore,1813,priest,holy,227,109,118
Node,ysondre,1812,priest,holy,251,138,113
Dmgisop,illidan,1811,priest,holy,141,80,61
Clarifytwo,arathor,1809,priest,holy,48,29,19
Appleshampoo,black-dragonflight,1807,priest,holy,54,31,23
Qnzo,tichondrius,1806,priest,holy,60,39,21
Anguishment,stormrage,1806,priest,holy,455,240,215
Murkd,tichondrius,1804,priest,holy,145,68,77
Qnarisha,tichondrius,1803,priest,holy,251,134,117
Holypopocat,tichondrius,1801,priest,holy,176,102,74
Soloqqt,tichondrius,1800,priest,holy,54,32,22
Gill,proudmoore,1800,priest,holy,148,78,70
Ethxy,emerald-dream,1798,priest,holy,198,107,91
Scyner,bleeding-hollow,1790,priest,holy,158,88,70
Turnipp,sargeras,1790,priest,holy,84,38,46
Icychain,area-52,1786,priest,holy,47,26,21
Cokeheals,tichondrius,1786,priest,holy,54,28,26
Snowymooie,frostmourne,1785,priest,holy,65,31,34
Moonideli,moon-guard,1783,priest,holy,90,46,44
Immthuggin,tichondrius,1782,priest,holy,156,69,87
Pigogo,tichondrius,1778,priest,holy,181,100,81
Gerpe,stormrage,1775,priest,holy,195,107,88
Whalexo,kelthuzad,1774,priest,holy,399,194,205
Lilyxo,bleeding-hollow,1774,priest,holy,96,45,51
Donmartin,tichondrius,1772,priest,holy,42,19,23
Invincible,ragnaros,1768,priest,holy,158,95,63
Wabie,illidan,1768,priest,holy,96,47,49
Shoepooper,kelthuzad,1766,priest,holy,36,22,14
Irídium,area-52,1764,priest,holy,72,38,34
Qtasiangirl,emerald-dream,1764,priest,holy,147,71,76
Stevery,drakthul,1760,priest,holy,54,28,26
Runalor,zuljin,1759,priest,holy,97,53,44
Illmindofmoo,sargeras,1757,priest,holy,53,24,29
Endure,moon-guard,1753,priest,holy,96,51,45
Yikari,sargeras,1747,priest,holy,43,28,15
Óst,tichondrius,1747,priest,holy,54,23,31
Heavyflo,kelthuzad,1746,priest,holy,114,58,56
Hyouka,area-52,1745,priest,holy,321,166,155
Dadcantdeath,frostmourne,1745,priest,holy,174,87,87
Dntchekpvpme,tichondrius,1743,priest,holy,72,39,33
Tiestô,tichondrius,1741,priest,holy,77,38,39
Iovesosa,kelthuzad,1739,priest,holy,39,22,17
Lagemela,quelthalas,1739,priest,holy,125,56,69
Elbowbeans,tichondrius,1738,priest,holy,178,89,89
Haruspex,azralon,1738,priest,holy,171,81,90
Verymuscular,stormrage,1737,priest,holy,73,37,36
Ogneus,crushridge,1736,priest,holy,48,21,27
Wøo,area-52,1730,priest,holy,220,118,102
Rdvark,stormrage,1729,priest,holy,190,103,87
Archbishop,stormscale,1729,priest,holy,306,159,147
Bloodyx,bleeding-hollow,1727,priest,holy,48,29,19
Dfâc,moon-guard,1727,priest,holy,86,48,38
Minipriest,sargeras,1726,priest,holy,108,48,60
Bopang,emerald-dream,1724,priest,holy,124,64,60
Tyrrshadow,skywall,1723,priest,holy,48,31,17
Bravepriest,tichondrius,1723,priest,holy,156,86,70
Blazedpri,tichondrius,1721,priest,holy,30,18,12
Spx,frostmourne,1720,priest,holy,95,56,39
Rootandboot,frostmourne,1720,priest,holy,97,47,50
Fyne,kelthuzad,1716,priest,holy,248,130,118
Bleegs,illidan,1714,priest,holy,170,91,79
Cheekypriest,stormrage,1714,priest,holy,66,30,36
Edmen,stormrage,1711,priest,holy,156,87,69
Snookp,kiljaeden,1708,priest,holy,578,301,277
Flamboyant,sisters-of-elune,1708,priest,holy,210,106,104
Badgoy,dalaran,1706,priest,holy,103,40,63
Lickless,illidan,1705,priest,holy,65,35,30
Stigez,illidan,1703,priest,holy,35,19,16
Lightwell,blackrock,1702,priest,holy,48,29,19
Clarify,arathor,1701,priest,holy,119,57,62
Baip,sargeras,1696,priest,holy,42,25,17
Ksâh,bleeding-hollow,1694,priest,holy,103,64,39
Excellency,tichondrius,1694,priest,holy,71,41,30
Sukeena,malganis,1690,priest,holy,205,106,99
Geoffrred,illidan,1686,priest,holy,54,21,33
Mavuiss,barthilas,1683,priest,holy,94,50,44
Neverbeen,tichondrius,1683,priest,holy,47,23,24
Candohp,frostmourne,1682,priest,holy,60,31,29
Dinosmeow,sargeras,1681,priest,holy,108,53,55
Bellaelle,stormrage,1676,priest,holy,51,31,20
Soulghast,gorefiend,1676,priest,holy,65,34,31
Blax,stormscale,1675,priest,holy,48,28,20
Xpenance,ragnaros,1675,priest,holy,84,35,49
Fotmtrash,the-underbog,1671,priest,holy,48,29,19
Ninbará,stormrage,1671,priest,holy,44,22,22
Iluvthgnmicz,sargeras,1668,priest,holy,135,69,66
Robdàwg,illidan,1668,priest,holy,60,28,32
Myles,alexstrasza,1667,priest,holy,42,24,18
Pancakeboi,tichondrius,1667,priest,holy,224,106,118
Fearnfaith,zuljin,1666,priest,holy,58,27,31
Gaudthree,tichondrius,1665,priest,holy,54,28,26
Dankheals,zuluhed,1664,priest,holy,42,26,16
Avis,illidan,1660,priest,holy,212,111,101
Cryptron,tichondrius,1660,priest,holy,114,50,64
Lisnup,tichondrius,1659,priest,holy,75,39,36
Thisistragic,frostmourne,1657,priest,holy,46,35,11
Exploded,moon-guard,1657,priest,holy,304,158,146
Compenar,hydraxis,1655,priest,holy,48,30,18
Kernelious,illidan,1654,priest,holy,54,25,29
Gbumy,tichondrius,1648,priest,holy,37,23,14
Intrav,malganis,1648,priest,holy,98,48,50
Dorazòn,bleeding-hollow,1647,priest,holy,49,23,26
Shwayp,zuljin,1645,priest,holy,36,18,18
Conifer,emerald-dream,1643,priest,holy,78,45,33
Shïryn,illidan,1642,priest,holy,71,37,34
Daddyguaga,tichondrius,1641,priest,holy,283,153,130
Bibleblak,stormrage,1640,priest,holy,105,58,47
Weezyxo,tichondrius,1640,priest,holy,42,23,19
Canswersp,sargeras,1640,priest,holy,52,26,26
Phatheals,proudmoore,1639,priest,holy,36,19,17
Hpcando,frostmourne,1636,priest,holy,55,33,22
Fhenomenal,tichondrius,1636,priest,holy,48,21,27
Packet,zuluhed,1635,priest,holy,54,32,22
Chavvy,tichondrius,1635,priest,holy,60,34,26
Holydome,daggerspine,1634,priest,holy,60,22,38
Wankenobi,stormrage,1632,priest,holy,315,157,158
Bloodlinex,malganis,1631,priest,holy,274,145,129
Tewiyakichkn,tichondrius,1629,priest,holy,30,17,13
Kostantina,kelthuzad,1629,priest,holy,48,22,26
Huxleypoo,boulderfist,1628,priest,holy,31,21,10
Hardiness,tichondrius,1627,priest,holy,66,45,21
Dispassion,stormrage,1627,priest,holy,254,133,121
Saetia,drenden,1626,priest,holy,183,103,80
Jaytee,aggramar,1624,priest,holy,32,19,13
Yungsherm,tichondrius,1624,priest,holy,60,33,27
Yunwuyue,illidan,1623,priest,holy,72,37,35
Miamama,hydraxis,1622,priest,holy,54,25,29
Kustem,tichondrius,1621,priest,holy,36,18,18
Dgpriest,tichondrius,1620,priest,holy,48,23,25
Onion,garona,1619,priest,holy,30,17,13
Pej,emerald-dream,1619,priest,holy,84,37,47
Tortellino,hyjal,1618,priest,holy,42,29,13
Mevix,firetree,1618,priest,holy,91,41,50
Hizha,tichondrius,1617,priest,holy,119,72,47
Santyel,ragnaros,1616,priest,holy,144,72,72
Hamburgle,blackrock,1615,priest,holy,34,20,14
Cûrry,bleeding-hollow,1614,priest,holy,84,52,32
Miserable,emerald-dream,1614,priest,holy,102,56,46
ßsimp,darrowmere,1614,priest,holy,309,149,160
Lemmiewinkzx,sargeras,1612,priest,holy,72,39,33
Krobs,bleeding-hollow,1606,priest,holy,54,25,29
Thepumps,sargeras,1605,priest,holy,30,17,13
Atenai,sargeras,1605,priest,holy,72,36,36
Oxynor,zuljin,1605,priest,holy,84,34,50
Purgeoften,sargeras,1602,priest,holy,36,21,15
Jagsp,area-52,1600,priest,holy,87,43,44
Sypii,stormrage,1598,priest,holy,75,52,23
Madomie,bladefist,1597,priest,holy,36,20,16
Ohsop,chogall,1596,priest,holy,30,20,10
Gosilly,tichondrius,1595,priest,holy,61,35,26
Padrecarras,ragnaros,1594,priest,holy,84,43,41
Yyuan,tichondrius,1593,priest,holy,112,50,62
Evilpriest,stormrage,1591,priest,holy,48,24,24
Washdp,frostmourne,1591,priest,holy,60,26,34
Iaptop,tichondrius,1587,priest,holy,60,33,27
Sacrifer,moon-guard,1587,priest,holy,222,115,107
Tylexus,tichondrius,1585,priest,holy,70,30,40
Unsubbedd,sargeras,1583,priest,holy,39,22,17
Operandi,sargeras,1583,priest,holy,41,22,19
Pootyspanked,daggerspine,1579,priest,holy,166,94,72
Bubbles,drakthul,1576,priest,holy,874,439,435
Joeschmoe,proudmoore,1574,priest,holy,84,46,38
Vatan,dalaran,1574,priest,holy,93,49,44
Renniel,stormrage,1573,priest,holy,80,43,37
Whitewindmil,tichondrius,1572,priest,holy,48,22,26
Mindgoblin,terokkar,1571,priest,holy,36,19,17
Aceqt,illidan,1570,priest,holy,97,49,48
Akëla,nemesis,1567,priest,holy,140,79,61
Nomsayin,stormrage,1565,priest,holy,30,17,13
ßeautiful,sargeras,1562,priest,holy,42,22,20
Adrenalinn,illidan,1561,priest,holy,84,50,34
Heluupa,illidan,1560,priest,holy,125,78,47
Mystp,zuljin,1557,priest,holy,106,62,44
Cardinalpéll,frostmourne,1557,priest,holy,152,82,70
Giomoreno,tichondrius,1557,priest,holy,90,46,44
Iaz,darkspear,1557,priest,holy,98,43,55
Tonybanderas,shattered-halls,1554,priest,holy,174,91,83
Applepieyum,illidan,1554,priest,holy,185,93,92
Cutiepriest,gnomeregan,1553,priest,holy,275,148,127
Senzy,tichondrius,1553,priest,holy,36,18,18
Sodezz,stormrage,1552,priest,holy,42,25,17
Macko,wyrmrest-accord,1549,priest,holy,87,44,43
Alathea,elune,1546,priest,holy,285,137,148
Selidri,proudmoore,1545,priest,holy,40,21,19
Eatsoupbro,tichondrius,1544,priest,holy,65,32,33
Swrvlol,emerald-dream,1543,priest,holy,60,41,19
Psytrance,proudmoore,1543,priest,holy,124,65,59
Beli,dunemaul,1542,priest,holy,42,24,18
Praggy,proudmoore,1542,priest,holy,59,27,32
Yepidk,bleeding-hollow,1541,priest,holy,65,34,31
Boundword,emerald-dream,1540,priest,holy,84,45,39
Preebs,warsong,1539,priest,holy,48,19,29
Ååron,illidan,1538,priest,holy,100,55,45
Soleyxo,frostmourne,1538,priest,holy,156,82,74
Punkndrublic,sargeras,1537,priest,holy,189,91,98
Illyasviel,terenas,1537,priest,holy,151,68,83
Tarlex,illidan,1536,priest,holy,118,54,64
Auntbrittany,tichondrius,1534,priest,holy,225,115,110
Natahlia,area-52,1534,priest,holy,36,17,19
Tytusx,stormrage,1533,priest,holy,121,58,63
Hynzor,barthilas,1533,priest,holy,64,26,38
Æë,area-52,1532,priest,holy,24,16,8
Downturn,tichondrius,1532,priest,holy,181,87,94
Handsumheals,kiljaeden,1531,priest,holy,72,41,31
Linvial,moon-guard,1531,priest,holy,66,35,31
Cantheel,stormrage,1531,priest,holy,470,241,229
Nancynibbler,bleeding-hollow,1531,priest,holy,80,35,45
Rubymisfit,sargeras,1528,priest,holy,30,16,14
Leonihpriest,nemesis,1526,priest,holy,36,16,20
Deadpape,tichondrius,1525,priest,holy,166,84,82
Ggwizkaboo,tichondrius,1524,priest,holy,24,16,8
Angeldawn,stormrage,1524,priest,holy,43,24,19
Charbosan,gorgonnash,1522,priest,holy,48,22,26
Amayå,kelthuzad,1521,priest,holy,140,67,73
Nephrux,area-52,1520,priest,holy,77,43,34
Ayanamil,tichondrius,1519,priest,holy,99,69,30
Healinsucks,proudmoore,1519,priest,holy,52,29,23
Ðemi,zuljin,1518,priest,holy,105,58,47
Nopang,tichondrius,1517,priest,holy,173,91,82
Lildubs,bloodhoof,1515,priest,holy,27,18,9
Ducky,drakthul,1513,priest,holy,66,38,28
Ghøstfaces,illidan,1513,priest,holy,108,61,47
Illooj,eonar,1513,priest,holy,76,41,35
Nielbomb,tichondrius,1512,priest,holy,501,248,253
Boboxiao,illidan,1512,priest,holy,47,16,31
Dawnside,wyrmrest-accord,1510,priest,holy,917,482,435
Opeli,stormrage,1507,priest,holy,116,57,59
Zazul,frostmane,1505,priest,holy,139,78,61
Farielle,blackwing-lair,1505,priest,holy,30,16,14
Aladdinlol,tichondrius,1505,priest,holy,45,23,22
Atarri,illidan,1504,priest,holy,25,17,8
Einheit,stormrage,1502,priest,holy,48,28,20
Nerfdisc,azralon,1502,priest,holy,55,28,27
Vasileva,quelthalas,1502,priest,holy,46,23,23
Drelia,jubeithos,1502,priest,holy,83,32,51
Niná,arathor,1501,priest,holy,32,19,13
Rodrigo,whisperwind,1497,priest,holy,129,68,61
Sanojaz,ragnaros,1497,priest,holy,102,52,50
Symbolofhope,moon-guard,1495,priest,holy,75,36,39
Tazzi,chromaggus,1494,priest,holy,79,35,44
Roseri,area-52,1493,priest,holy,54,27,27
Rybbukk,wyrmrest-accord,1491,priest,holy,29,21,8
Griddly,alterac-mountains,1488,priest,holy,121,51,70
Scryphe,kelthuzad,1485,priest,holy,42,25,17
Breathkeeper,proudmoore,1480,priest,holy,60,27,33
Tranquilty,tichondrius,1480,priest,holy,84,36,48
Xho,tichondrius,1477,priest,holy,36,21,15
Cerebrill,bleeding-hollow,1476,priest,holy,135,60,75
Goyimhealer,area-52,1476,priest,holy,53,23,30
Meowforheals,sargeras,1473,priest,holy,90,51,39
Rolence,tichondrius,1473,priest,holy,109,60,49
Raskreia,dragonmaw,1472,priest,holy,42,24,18
Clárity,ragnaros,1472,priest,holy,42,20,22
Whitepigogo,tichondrius,1471,priest,holy,47,25,22
Jeraphìm,tichondrius,1469,priest,holy,43,26,17
Doob,ghostlands,1469,priest,holy,126,68,58
Khalesî,ragnaros,1469,priest,holy,135,66,69
Shieldspamx,tichondrius,1468,priest,holy,38,29,9
Nightcráwler,illidan,1467,priest,holy,42,23,19
Camedy,illidan,1467,priest,holy,209,104,105
Sooyáaa,illidan,1467,priest,holy,294,135,159
Cpoppa,sargeras,1467,priest,holy,42,18,24
Anathamaz,stormrage,1467,priest,holy,42,18,24
Persimmons,lightbringer,1466,priest,holy,30,16,14
Keicel,zuljin,1466,priest,holy,35,17,18
Meiev,quelthalas,1465,priest,holy,72,41,31
Exol,ragnaros,1465,priest,holy,48,25,23
Meepsw,stormrage,1464,priest,holy,124,76,48
Matthiass,thrall,1464,priest,holy,286,139,147
Paradoxbot,kelthuzad,1462,priest,holy,42,29,13
Heart,misha,1462,priest,holy,42,25,17
Taashigi,frostmourne,1462,priest,holy,154,80,74
Chandracath,draktharon,1461,priest,holy,60,29,31
Artiannaa,bleeding-hollow,1460,priest,holy,81,49,32
Anluoh,lightbringer,1460,priest,holy,88,50,38
Reverenced,stormrage,1460,priest,holy,144,81,63
Etain,bloodscalp,1460,priest,holy,99,55,44
Milkiesx,area-52,1459,priest,holy,45,23,22
Sasaberry,barthilas,1458,priest,holy,52,27,25
Discconnect,dark-iron,1456,priest,holy,41,19,22
Jiñx,destromath,1456,priest,holy,78,33,45
Justjoekingh,gurubashi,1454,priest,holy,64,31,33
Xedus,mannoroth,1454,priest,holy,92,42,50
Vampiric,laughing-skull,1452,priest,holy,146,77,69
Valunardrus,duskwood,1452,priest,holy,53,24,29
Maplesyrupz,moonrunner,1452,priest,holy,40,16,24
Arçhángël,moon-guard,1451,priest,holy,128,68,60
Lolcrafthd,ragnaros,1449,priest,holy,84,39,45
Mhp,illidan,1447,priest,holy,65,31,34
Dumbthott,illidan,1447,priest,holy,64,29,35
Tianqing,tichondrius,1447,priest,holy,81,35,46
Pics,emerald-dream,1446,priest,holy,40,22,18
Qtcookiebunz,proudmoore,1446,priest,holy,42,20,22
Giveheadpats,moon-guard,1445,priest,holy,176,84,92
ßugsy,illidan,1444,priest,holy,114,59,55
Grapestcrip,frostmourne,1443,priest,holy,56,29,27
Owlchubz,mannoroth,1443,priest,holy,121,57,64
Konãn,ragnaros,1442,priest,holy,48,26,22
Zallp,sargeras,1440,priest,holy,23,16,7
Pxxie,stormrage,1439,priest,holy,50,28,22
Cuaiminator,ragnaros,1438,priest,holy,77,42,35
Ímhotep,sargeras,1434,priest,holy,24,15,9
Räpture,andorhal,1434,priest,holy,35,21,14
Luxar,aegwynn,1433,priest,holy,36,24,12
Necroplasma,area-52,1433,priest,holy,55,31,24
Lilatro,barthilas,1433,priest,holy,65,24,41
Maddrox,sargeras,1432,priest,holy,76,42,34
Plod,kelthuzad,1430,priest,holy,84,48,36
Iggyp,hyjal,1430,priest,holy,217,113,104
Oyy,barthilas,1430,priest,holy,217,106,111
Marïmba,azralon,1428,priest,holy,42,20,22
Dylbags,frostmourne,1427,priest,holy,106,49,57
Lavigne,tichondrius,1427,priest,holy,36,15,21
Xumer,quelthalas,1426,priest,holy,128,70,58
Discospider,sargeras,1426,priest,holy,67,36,31
Sweetvoyeur,stormrage,1426,priest,holy,32,17,15
Wrinkletink,whisperwind,1426,priest,holy,61,30,31
Sassygayboyx,bleeding-hollow,1426,priest,holy,73,33,40
Chervz,chogall,1424,priest,holy,102,43,59
Bradythree,moon-guard,1423,priest,holy,58,35,23
Crypcanheal,sargeras,1423,priest,holy,30,18,12
Chaas,ragnaros,1422,priest,holy,102,51,51
Potatopriest,frostmourne,1421,priest,holy,42,21,21
Soaphia,kelthuzad,1420,priest,holy,268,130,138
Voidx,emerald-dream,1420,priest,holy,110,49,61
Suirr,tichondrius,1419,priest,holy,42,20,22
Vìxèn,zuljin,1419,priest,holy,127,57,70
Alukaxd,area-52,1416,priest,holy,54,29,25
Mizzbehavn,tichondrius,1416,priest,holy,62,32,30
Chadopri,stormrage,1414,priest,holy,114,59,55
Galadrael,quelthalas,1414,priest,holy,88,43,45
Aisperwind,shadowsong,1413,priest,holy,156,78,78
Kovaxx,frostmourne,1410,priest,holy,165,79,86
Aiwa,winterhoof,1407,priest,holy,158,84,74
Tòxìç,stormrage,1407,priest,holy,199,101,98
Faerielee,thrall,1407,priest,holy,110,55,55
Berzum,chogall,1407,priest,holy,52,24,28
Benjamints,thrall,1406,priest,holy,60,35,25
Yevøn,ragnaros,1406,priest,holy,60,31,29
Xrafa,azralon,1406,priest,holy,126,64,62
Jitr,tichondrius,1406,priest,holy,42,20,22
Îcarus,tichondrius,1406,priest,holy,36,17,19
Åutumn,tichondrius,1405,priest,holy,38,25,13
Celestian,malganis,1405,priest,holy,42,15,27
Teddyy,tichondrius,1403,priest,holy,26,16,10
Kaelthos,quelthalas,1403,priest,holy,161,80,81
Bonsana,shadowsong,1402,priest,holy,399,211,188
Jenîffer,sargeras,1402,priest,holy,90,44,46
Lauren,saurfang,1402,priest,holy,61,27,34
Dapcum,illidan,1401,priest,holy,114,60,54
Xtcbtc,sargeras,1401,priest,holy,36,15,21
Sacredforce,sargeras,1400,priest,holy,66,21,45
Xhadow,sargeras,1398,priest,holy,36,15,21
Ghostiepants,tichondrius,1396,priest,holy,59,30,29
Helgar,frostmourne,1396,priest,holy,54,25,29
Bestgirlna,area-52,1395,priest,holy,150,67,83
Barclan,destromath,1394,priest,holy,30,15,15
Pettypriest,dalaran,1394,priest,holy,201,95,106
Fertalize,maiev,1394,priest,holy,95,40,55
Musashibo,kelthuzad,1391,priest,holy,73,25,48
Rillding,tichondrius,1390,priest,holy,52,23,29
Discountay,burning-legion,1388,priest,holy,82,48,34
Mindgamez,stormreaver,1388,priest,holy,42,19,23
Soapfan,kelthuzad,1387,priest,holy,195,94,101
Strivedaily,proudmoore,1387,priest,holy,350,167,183
Dreäveler,stormrage,1385,priest,holy,27,15,12
Glaius,kiljaeden,1385,priest,holy,120,59,61
Fenty,nemesis,1384,priest,holy,59,33,26
Arterrmis,barthilas,1384,priest,holy,170,88,82
Bigtizzle,illidan,1384,priest,holy,93,45,48
Manocloth,frostmourne,1381,priest,holy,37,25,12
Akaneo,tichondrius,1380,priest,holy,90,46,44
Mikeyxo,gnomeregan,1379,priest,holy,50,30,20
Mkenze,moon-guard,1379,priest,holy,233,112,121
Blaydun,elune,1378,priest,holy,90,47,43
Rihen,tichondrius,1377,priest,holy,537,264,273
Methodist,proudmoore,1377,priest,holy,90,34,56
Imjheals,frostmourne,1376,priest,holy,68,38,30
París,mannoroth,1376,priest,holy,50,20,30
Izoth,tichondrius,1375,priest,holy,103,54,49
Xanky,frostmourne,1374,priest,holy,64,37,27
Urdaisyy,kelthuzad,1374,priest,holy,48,18,30
Hypepriest,sargeras,1373,priest,holy,42,23,19
Holiermilk,demon-soul,1373,priest,holy,334,161,173
Staypressed,moon-guard,1372,priest,holy,24,16,8
Deathrina,moon-guard,1372,priest,holy,69,42,27
Duskherald,zuljin,1372,priest,holy,130,67,63
Hérò,barthilas,1371,priest,holy,56,32,24
Deathlullaby,malganis,1370,priest,holy,39,22,17
Holyshytt,tichondrius,1370,priest,holy,83,45,38
Ithardtoheal,sargeras,1370,priest,holy,37,17,20
Padreamarol,ragnaros,1369,priest,holy,164,87,77
Famemolol,tichondrius,1367,priest,holy,114,60,54
Leggoscams,tichondrius,1364,priest,holy,78,39,39
Yuritzi,duskwood,1361,priest,holy,36,20,16
Svengle,greymane,1359,priest,holy,82,50,32
Esvary,quelthalas,1359,priest,holy,177,93,84
Loosejeans,blackrock,1357,priest,holy,51,23,28
Apsalar,kalecgos,1356,priest,holy,43,18,25
Chemod,quelthalas,1355,priest,holy,47,26,21
Cyelena,quelthalas,1355,priest,holy,84,38,46
Blanchfield,azralon,1354,priest,holy,48,25,23
Mímì,wyrmrest-accord,1354,priest,holy,229,118,111
Diablomonk,warsong,1354,priest,holy,42,16,26
Dankpope,malganis,1353,priest,holy,62,38,24
Quartzolio,azralon,1353,priest,holy,59,35,24
Muffinecho,sargeras,1353,priest,holy,85,36,49
Ascian,daggerspine,1352,priest,holy,30,16,14
Handgina,frostmourne,1352,priest,holy,47,24,23
Sabene,greymane,1349,priest,holy,120,58,62
Shaldra,bleeding-hollow,1348,priest,holy,109,64,45
Czupalla,illidan,1346,priest,holy,42,25,17
Sappes,area-52,1346,priest,holy,54,27,27
Duhàst,sargeras,1346,priest,holy,125,61,64
Milldogz,korgath,1345,priest,holy,36,17,19
Freshtodeath,malganis,1344,priest,holy,78,44,34
Bisí,trollbane,1344,priest,holy,138,69,69
Xenatic,emerald-dream,1344,priest,holy,262,128,134
Bagoheals,area-52,1344,priest,holy,36,16,20
Nylaza,kiljaeden,1342,priest,holy,102,48,54
Aurorias,burning-legion,1341,priest,holy,96,41,55
Pôê,blood-furnace,1339,priest,holy,72,41,31
Chambler,aegwynn,1335,priest,holy,36,14,22
Hermanmiller,frostmourne,1334,priest,holy,24,14,10
Allaras,eldrethalas,1334,priest,holy,78,41,37
Spriest,kul-tiras,1332,priest,holy,74,41,33
Cruxave,aegwynn,1332,priest,holy,135,72,63
Ratpriest,chogall,1332,priest,holy,93,42,51
Preacherr,bonechewer,1331,priest,holy,60,32,28
Pastorb,burning-blade,1331,priest,holy,148,75,73
Klondikebar,whisperwind,1331,priest,holy,84,42,42
Xerzosh,area-52,1331,priest,holy,57,28,29
Deemmortii,stormrage,1331,priest,holy,49,23,26
Kaelsgf,kaelthas,1331,priest,holy,90,40,50
Trufumthunzi,malganis,1330,priest,holy,26,17,9
Hexy,bonechewer,1330,priest,holy,93,52,41
Alrüna,moon-guard,1330,priest,holy,104,54,50
Whehaw,kelthuzad,1329,priest,holy,41,18,23
Sugarlorde,destromath,1326,priest,holy,57,28,29
Fiction,kelthuzad,1323,priest,holy,42,29,13
Xinpingole,azralon,1322,priest,holy,184,91,93
Dispersed,thrall,1321,priest,holy,104,48,56
Bigtimeplay,tichondrius,1321,priest,holy,60,21,39
Plebiss,burning-blade,1320,priest,holy,430,223,207
Priestlie,malganis,1318,priest,holy,98,43,55
Legoland,skullcrusher,1317,priest,holy,104,62,42
Fanseband,dalaran,1317,priest,holy,80,45,35
Aithren,moon-guard,1317,priest,holy,60,33,27
Ænußís,stormrage,1317,priest,holy,102,54,48
Moardotsa,tichondrius,1317,priest,holy,30,14,16
Allevia,frostmourne,1314,priest,holy,54,26,28
Dunanan,moon-guard,1313,priest,holy,50,27,23
Spïcÿ,frostmourne,1313,priest,holy,84,43,41
Dchi,tichondrius,1311,priest,holy,30,18,12
Jaelesia,wyrmrest-accord,1309,priest,holy,86,49,37
Mercý,zuljin,1309,priest,holy,60,34,26
Greytness,tichondrius,1305,priest,holy,36,16,20
Xinferesia,sargeras,1305,priest,holy,61,25,36
Jovon,frostmourne,1305,priest,holy,55,21,34
Andruel,ragnaros,1304,priest,holy,163,81,82
Floquii,area-52,1304,priest,holy,76,34,42
Snuffsnorter,kelthuzad,1304,priest,holy,41,16,25
Yujawang,sargeras,1303,priest,holy,48,23,25
Siawyn,malganis,1303,priest,holy,60,23,37
Snoorklizzak,malganis,1302,priest,holy,30,16,14
Edessa,lothar,1301,priest,holy,222,107,115
Lectra,firetree,1299,priest,holy,46,23,23
Cristobal,chogall,1299,priest,holy,30,15,15
Shadowchárm,bleeding-hollow,1299,priest,holy,47,19,28
Gracarix,frostmourne,1297,priest,holy,70,38,32
Holyb,tichondrius,1296,priest,holy,159,78,81
Holyfromrmp,tichondrius,1294,priest,holy,99,44,55
Irar,tichondrius,1293,priest,holy,17,14,3
Bootleg,crushridge,1292,priest,holy,36,14,22
Athull,ragnaros,1291,priest,holy,30,16,14
Dagaen,thunderlord,1286,priest,holy,270,137,133
Karenpigbear,area-52,1285,priest,holy,333,159,174
Dioecesis,moon-guard,1285,priest,holy,95,34,61
Kurandies,nemesis,1281,priest,holy,205,97,108
Healztonic,dalaran,1281,priest,holy,91,39,52
Vedney,emerald-dream,1281,priest,holy,51,17,34
Dëâth,ghostlands,1279,priest,holy,33,17,16
Amaristinaa,frostmourne,1279,priest,holy,52,24,28
Priesttess,skullcrusher,1277,priest,holy,35,16,19
Demoník,kelthuzad,1276,priest,holy,53,24,29
Visse,auchindoun,1273,priest,holy,42,29,13
Pílí,drakkari,1273,priest,holy,90,47,43
Firewatcher,sisters-of-elune,1272,priest,holy,66,37,29
Celinsa,ragnaros,1272,priest,holy,54,29,25
Lilyanná,tichondrius,1271,priest,holy,90,44,46
Animè,zuluhed,1270,priest,holy,119,65,54
Littlebat,proudmoore,1270,priest,holy,119,61,58
Merellia,moon-guard,1270,priest,holy,178,85,93
Holyphodays,sargeras,1270,priest,holy,59,20,39
Giusep,tichondrius,1268,priest,holy,54,24,30
Bwaka,dalaran,1266,priest,holy,30,20,10
Briliena,moon-guard,1266,priest,holy,30,17,13
Kroozep,illidan,1265,priest,holy,17,14,3
Tegridyfarm,malganis,1265,priest,holy,35,19,16
Kasiry,ragnaros,1265,priest,holy,115,55,60
Krukam,sargeras,1264,priest,holy,67,31,36
Phearix,zuljin,1264,priest,holy,72,31,41
Holymits,tichondrius,1263,priest,holy,96,41,55
Mirshadow,tichondrius,1260,priest,holy,54,27,27
Daisie,bleeding-hollow,1259,priest,holy,192,99,93
Æsir,skullcrusher,1259,priest,holy,48,22,26
Maedosgf,tichondrius,1257,priest,holy,66,32,34
Shadøwreaper,azralon,1257,priest,holy,63,29,34
Ävaheal,dragonmaw,1255,priest,holy,72,39,33
Tranith,jubeithos,1255,priest,holy,72,36,36
Adjectives,nerzhul,1254,priest,holy,60,30,30
Karrera,kelthuzad,1254,priest,holy,122,60,62
Dotsallover,sargeras,1254,priest,holy,56,27,29
Beckyboo,bleeding-hollow,1253,priest,holy,30,16,14
Etros,wyrmrest-accord,1253,priest,holy,187,89,98
Shadowowns,blackrock,1252,priest,holy,30,16,14
Mewtwö,tichondrius,1252,priest,holy,48,24,24
Healle,proudmoore,1252,priest,holy,59,26,33
Healfouru,frostmourne,1250,priest,holy,30,15,15
Zallstan,zuljin,1249,priest,holy,30,15,15
Zerolimitzz,arthas,1249,priest,holy,60,29,31
Veni,kiljaeden,1249,priest,holy,35,16,19
Berrymuffin,moon-guard,1248,priest,holy,72,27,45
Mêgumin,area-52,1245,priest,holy,36,26,10
Zumnb,quelthalas,1243,priest,holy,134,61,73
Priestprease,malganis,1242,priest,holy,50,24,26
Xavios,alexstrasza,1242,priest,holy,58,25,33
Tystinovar,khazgoroth,1238,priest,holy,48,26,22
Valiann,lightbringer,1238,priest,holy,24,13,11
Creamedcorn,tichondrius,1238,priest,holy,24,13,11
Anemonie,gorefiend,1237,priest,holy,152,71,81
Lawroadu,tichondrius,1236,priest,holy,36,21,15
Milkee,kiljaeden,1236,priest,holy,54,31,23
Msdash,tichondrius,1236,priest,holy,61,33,28
Dovoso,kargath,1235,priest,holy,55,23,32
Turkings,proudmoore,1235,priest,holy,36,14,22
Suzzanna,frostmourne,1234,priest,holy,89,51,38
Divona,blackhand,1234,priest,holy,111,51,60
Feedmyllama,quelthalas,1233,priest,holy,82,42,40
Hälø,moon-guard,1233,priest,holy,69,33,36
Altera,drakkari,1233,priest,holy,30,13,17
Jiwang,aegwynn,1233,priest,holy,36,15,21
Lilay,tichondrius,1232,priest,holy,24,13,11
Hassabel,stormrage,1232,priest,holy,48,24,24
Ukizeal,moknathal,1232,priest,holy,175,85,90
Ranøth,deathwing,1232,priest,holy,85,39,46
Junatoh,area-52,1231,priest,holy,55,29,26
Gigizi,frostmourne,1230,priest,holy,74,40,34
Healgirls,dalaran,1230,priest,holy,59,28,31
Santamuerte,agamaggan,1228,priest,holy,48,23,25
Ishtana,bleeding-hollow,1228,priest,holy,74,35,39
Superheals,nordrassil,1226,priest,holy,24,13,11
Aryalae,moon-guard,1226,priest,holy,55,23,32
Praytoplay,area-52,1225,priest,holy,84,33,51
Qelient,proudmoore,1222,priest,holy,124,64,60
Crumbled,kelthuzad,1222,priest,holy,103,52,51
Cusquena,caelestrasz,1222,priest,holy,78,38,40
Xarithea,caelestrasz,1222,priest,holy,41,19,22
Vernis,nazjatar,1222,priest,holy,46,20,26
Yrocker,magtheridon,1220,priest,holy,48,30,18
Tïto,blackrock,1220,priest,holy,50,23,27
Frïsk,illidan,1219,priest,holy,64,30,34
Fairylìght,stormrage,1218,priest,holy,41,19,22
Titô,frostmourne,1215,priest,holy,53,28,25
Veltaxis,moon-guard,1214,priest,holy,351,170,181
Valkur,aegwynn,1214,priest,holy,271,128,143
Destïnÿ,zuljin,1213,priest,holy,51,24,27
Vikks,tichondrius,1212,priest,holy,29,13,16
Myeryc,frostmourne,1211,priest,holy,23,13,10
Lexiié,area-52,1211,priest,holy,79,41,38
Saintfulsins,sargeras,1209,priest,holy,27,14,13
Hycinamun,malganis,1208,priest,holy,55,23,32
Maiyennefer,proudmoore,1207,priest,holy,78,34,44
Salaknib,frostmourne,1206,priest,holy,40,17,23
Dóctóre,thrall,1205,priest,holy,61,24,37
Lndsynbritny,darkspear,1201,priest,holy,36,14,22
Kazehanaa,ragnaros,1200,priest,holy,82,41,41
Akö,jubeithos,1200,priest,holy,30,14,16
Besó,proudmoore,1198,priest,holy,91,47,44
Cleos,ragnaros,1195,priest,holy,74,30,44
Skywritten,area-52,1194,priest,holy,40,18,22
Siella,magtheridon,1193,priest,holy,69,31,38
Theophobe,illidan,1190,priest,holy,85,45,40
Callus,stormrage,1184,priest,holy,78,25,53
Stennic,emerald-dream,1183,priest,holy,33,17,16
Dolandir,quelthalas,1181,priest,holy,30,18,12
Benedache,area-52,1181,priest,holy,54,20,34
Treytin,gallywix,1180,priest,holy,22,14,8
Flemyth,eitrigg,1180,priest,holy,40,16,24
Cléah,sargeras,1178,priest,holy,130,59,71
Boogiedo,area-52,1177,priest,holy,23,13,10
Ísábella,ragnaros,1177,priest,holy,47,21,26
Löstský,azralon,1176,priest,holy,61,32,29
Holynug,stormrage,1175,priest,holy,45,21,24
Veane,tichondrius,1175,priest,holy,103,48,55
Héaven,ragnaros,1168,priest,holy,54,20,34
Bismund,chogall,1166,priest,holy,48,24,24
Crazyhealz,bloodhoof,1164,priest,holy,32,21,11
Haushauha,azralon,1164,priest,holy,48,23,25
Dralaan,proudmoore,1162,priest,holy,188,91,97
Kirze,proudmoore,1160,priest,holy,37,14,23
Cheereos,stormrage,1160,priest,holy,128,48,80
Stayhealed,tichondrius,1158,priest,holy,72,33,39
Silentprayer,area-52,1157,priest,holy,71,39,32
Kytiana,blackwing-lair,1157,priest,holy,783,386,397
Aftercare,moon-guard,1157,priest,holy,72,27,45
Ruhaani,moon-guard,1155,priest,holy,42,16,26
Halö,doomhammer,1154,priest,holy,38,14,24
Rys,winterhoof,1153,priest,holy,39,20,19
Milkgulper,illidan,1152,priest,holy,24,12,12
Tifaa,drakkari,1151,priest,holy,18,12,6
Talinjo,dunemaul,1151,priest,holy,30,19,11
Conorpriest,tichondrius,1151,priest,holy,24,12,12
Trompiscola,quelthalas,1151,priest,holy,30,12,18
Arguseonp,proudmoore,1150,priest,holy,24,12,12
Hehehealyou,emerald-dream,1150,priest,holy,24,12,12
Gahía,ragnaros,1149,priest,holy,60,30,30
Shwøøps,sargeras,1149,priest,holy,30,13,17
Yasbomb,tichondrius,1149,priest,holy,30,12,18
Clockwororan,tichondrius,1148,priest,holy,24,12,12
Glöws,area-52,1148,priest,holy,30,12,18
Selath,ragnaros,1147,priest,holy,18,12,6
Pikachuwu,moon-guard,1145,priest,holy,29,21,8
Gronix,blood-furnace,1144,priest,holy,54,26,28
Urisaegin,senjin,1143,priest,holy,76,32,44
Galedry,ragnaros,1142,priest,holy,60,18,42
Millép,frostmourne,1140,priest,holy,24,12,12
Folate,frostmourne,1138,priest,holy,24,12,12
Viejiyoh,ragnaros,1137,priest,holy,24,12,12
Horimiya,silvermoon,1136,priest,holy,37,21,16
Releknosleep,frostwolf,1134,priest,holy,32,16,16
Voidthulhu,stormrage,1134,priest,holy,167,66,101
Soulhealer,shadowmoon,1133,priest,holy,30,19,11
Floppytatas,illidan,1131,priest,holy,424,212,212
Jêwsus,tichondrius,1130,priest,holy,52,32,20
Aszdriel,azralon,1130,priest,holy,66,34,32
Akainuu,nazjatar,1130,priest,holy,91,35,56
Asatruu,stormrage,1130,priest,holy,41,13,28
Chaynal,proudmoore,1126,priest,holy,24,12,12
Sanitater,frostmourne,1120,priest,holy,42,17,25
Dactylion,moon-guard,1119,priest,holy,24,12,12
Crysknife,korgath,1117,priest,holy,29,12,17
Darkheals,azralon,1117,priest,holy,64,23,41
Delthas,nagrand,1115,priest,holy,302,151,151
Zojhira,khazgoroth,1114,priest,holy,66,32,34
Carray,goldrinn,1113,priest,holy,49,16,33
Alexax,quelthalas,1110,priest,holy,34,13,21
Atlana,gilneas,1107,priest,holy,24,16,8
Rottigus,skullcrusher,1105,priest,holy,24,12,12
Cutensoft,moon-guard,1103,priest,holy,65,28,37
Thünderbird,area-52,1101,priest,holy,27,14,13
Nowwow,tichondrius,1097,priest,holy,50,23,27
Obscuriôn,moon-guard,1097,priest,holy,102,40,62
Souljourner,stormrage,1096,priest,holy,150,78,72
Zhideevskiy,trollbane,1090,priest,holy,60,32,28
Fallaner,destromath,1090,priest,holy,107,47,60
Sanaconda,sargeras,1090,priest,holy,36,12,24
Brosbeforeho,tichondrius,1089,priest,holy,33,14,19
Whitelabel,proudmoore,1086,priest,holy,30,12,18
Saltypepper,thunderhorn,1084,priest,holy,42,20,22
Faedre,smolderthorn,1084,priest,holy,30,12,18
Fayth,maiev,1083,priest,holy,77,40,37
Sôlîånia,alterac-mountains,1081,priest,holy,39,27,12
Pandamila,azralon,1079,priest,holy,27,15,12
Selket,stormscale,1079,priest,holy,165,75,90
Morticiá,blackrock,1078,priest,holy,36,15,21
Gewbrr,malganis,1073,priest,holy,24,12,12
Beckzz,illidan,1070,priest,holy,26,17,9
Trupriest,alleria,1069,priest,holy,20,12,8
Lunalucid,darkspear,1057,priest,holy,42,13,29
Arcmage,malganis,1056,priest,holy,18,11,7
Whitewalls,moonrunner,1056,priest,holy,18,11,7
Gudóngmáe,tichondrius,1056,priest,holy,18,11,7
Lecarrot,moon-guard,1056,priest,holy,28,11,17
Sorrowful,mannoroth,1055,priest,holy,30,11,19
Iilmama,area-52,1054,priest,holy,18,11,7
Bdaddyfresh,tichondrius,1053,priest,holy,18,11,7
Priestmika,illidan,1053,priest,holy,18,11,7
Alicia,nazjatar,1052,priest,holy,36,22,14
Amynthel,tichondrius,1052,priest,holy,30,11,19
Karebenniian,area-52,1051,priest,holy,24,11,13
Phayzz,area-52,1051,priest,holy,24,11,13
Lyleth,lightnings-blade,1051,priest,holy,30,11,19
Jsky,wyrmrest-accord,1050,priest,holy,21,11,10
Dotdotdead,earthen-ring,1049,priest,holy,18,11,7
Jol,aggramar,1049,priest,holy,30,13,17
Truebutter,ysera,1049,priest,holy,27,11,16
Holytitanzz,quelthalas,1049,priest,holy,35,13,22
Sunwarden,dalaran,1048,priest,holy,18,11,7
Webbii,frostmourne,1048,priest,holy,24,11,13
Sybenela,proudmoore,1047,priest,holy,91,45,46
Holyfizzle,dethecus,1045,priest,holy,84,49,35
Zantara,lightbringer,1045,priest,holy,61,32,29
Frankzappa,tichondrius,1045,priest,holy,24,11,13
Dylirium,dathremar,1044,priest,holy,18,11,7
Masqdispel,barthilas,1044,priest,holy,89,41,48
Noobepriest,thrall,1044,priest,holy,24,11,13
Fadedvi,wyrmrest-accord,1043,priest,holy,51,24,27
Danerÿ,ragnaros,1042,priest,holy,90,42,48
Pasmalade,zuljin,1040,priest,holy,55,26,29
Titoj,tichondrius,1035,priest,holy,38,19,19
Pharmacee,korgath,1034,priest,holy,191,84,107
Darkz,stormrage,1033,priest,holy,24,11,13
Scarlèttè,wyrmrest-accord,1032,priest,holy,112,53,59
Lieuwe,kelthuzad,1032,priest,holy,30,12,18
Seventeen,hyjal,1029,priest,holy,30,11,19
Celani,gilneas,1026,priest,holy,24,11,13
Aprocalypse,malganis,1026,priest,holy,109,45,64
Mailboxxy,kelthuzad,1023,priest,holy,50,18,32
Seråphim,sargeras,1022,priest,holy,180,95,85
Fivestarz,malganis,1014,priest,holy,24,11,13
Smellybox,area-52,1010,priest,holy,31,12,19
Idontmind,arthas,1008,priest,holy,60,28,32
Aliorixa,stormrage,1005,priest,holy,108,49,59
Aldryth,lightbringer,1004,priest,holy,24,13,11
Rienis,sargeras,1001,priest,holy,102,40,62
Ôôöô,sargeras,995,priest,holy,29,14,15
Muerte,ragnaros,990,priest,holy,35,21,14
Pottime,tichondrius,989,priest,holy,76,33,43
Friarbirkkal,arthas,988,priest,holy,41,25,16
Ráava,spirestone,986,priest,holy,20,11,9
Kälashnikova,ragnaros,986,priest,holy,145,70,75
Yinaiteen,drakkari,985,priest,holy,64,33,31
Malacanter,stormrage,984,priest,holy,61,21,40
Cultofsins,tichondrius,982,priest,holy,23,11,12
Powergoods,stormrage,981,priest,holy,131,69,62
Pavle,laughing-skull,965,priest,holy,43,14,29
Eredwarraim,akama,961,priest,holy,60,26,34
Gurgs,emerald-dream,960,priest,holy,12,10,2
Adephene,illidan,960,priest,holy,18,10,8
Sylvphrena,stormrage,960,priest,holy,18,10,8
Nïkkï,sargeras,960,priest,holy,18,10,8
Jameswarren,silvermoon,959,priest,holy,11,11,0
Bunbuns,spirestone,959,priest,holy,18,10,8
Trezz,hakkar,959,priest,holy,18,10,8
Nzkbr,frostmourne,959,priest,holy,18,10,8
Naxray,quelthalas,959,priest,holy,18,10,8
Pèrona,tichondrius,959,priest,holy,24,10,14
Trickyhobo,area-52,958,priest,holy,12,10,2
Pgpriest,kelthuzad,958,priest,holy,18,10,8
Indiglo,arthas,958,priest,holy,24,10,14
Deevious,barthilas,957,priest,holy,18,10,8
Krishpriest,azshara,957,priest,holy,54,27,27
Silverwish,moon-guard,957,priest,holy,24,10,14
Wockus,dalaran,956,priest,holy,18,10,8
Xtremeangel,frostmourne,956,priest,holy,24,10,14
Bugshott,tichondrius,956,priest,holy,32,10,22
Unhöly,norgannon,955,priest,holy,18,10,8
Priestybear,illidan,955,priest,holy,18,10,8
Cappoo,tichondrius,955,priest,holy,36,10,26
Xoraya,proudmoore,954,priest,holy,18,10,8
Boozing,frostmourne,953,priest,holy,18,10,8
Drkwispers,stormrage,952,priest,holy,24,10,14
Alazbek,aerie-peak,952,priest,holy,31,10,21
Unholypriest,frostmourne,951,priest,holy,18,10,8
Meibuff,frostmourne,950,priest,holy,151,69,82
Yësqt,sargeras,947,priest,holy,18,10,8
Tmturnt,tichondrius,946,priest,holy,16,10,6
Threreye,sargeras,945,priest,holy,38,17,21
Novous,area-52,944,priest,holy,30,10,20
Sapph,darkspear,943,priest,holy,41,10,31
Helorren,nagrand,941,priest,holy,38,14,24
Zombyrot,tichondrius,933,priest,holy,24,10,14
Ragekiller,lothar,932,priest,holy,72,32,40
Taylorsmites,emerald-dream,931,priest,holy,42,18,24
Dipanddøts,area-52,926,priest,holy,17,10,7
Bienhechora,quelthalas,924,priest,holy,18,10,8
Rachelstarrx,hyjal,924,priest,holy,23,10,13
Zelaya,hellscream,919,priest,holy,45,17,28
Artyòm,stormrage,913,priest,holy,417,199,218
Pibkac,stormrage,895,priest,holy,28,13,15
Rînnî,dalaran,882,priest,holy,112,58,54
Teheleopapi,quelthalas,875,priest,holy,88,27,61
Lohila,kiljaeden,869,priest,holy,39,14,25
Painful,moon-guard,867,priest,holy,31,10,21
Calence,aegwynn,865,priest,holy,40,10,30
Néy,illidan,864,priest,holy,12,9,3
Dudebanger,sargeras,864,priest,holy,18,9,9
Yumä,kiljaeden,864,priest,holy,25,9,16
Fadedyourgo,tichondrius,863,priest,holy,18,9,9
Holyxb,bleeding-hollow,863,priest,holy,18,9,9
Haduth,area-52,863,priest,holy,18,9,9
Moc,jubeithos,863,priest,holy,24,9,15
Milkymana,tichondrius,863,priest,holy,24,9,15
Epicnoobpwnr,sargeras,863,priest,holy,26,9,17
Mëïsoön,quelthalas,862,priest,holy,18,9,9
Tassadaraiur,tichondrius,862,priest,holy,18,9,9
Çummiñs,malganis,862,priest,holy,18,9,9
Leapofdoubt,zuljin,861,priest,holy,12,9,3
Ilurvyou,frostwolf,861,priest,holy,24,9,15
Design,frostmourne,860,priest,holy,14,9,5
Cheeseycake,illidan,860,priest,holy,24,9,15
Duonaiameng,illidan,859,priest,holy,18,9,9
Braevera,wyrmrest-accord,859,priest,holy,24,9,15
Swis,area-52,857,priest,holy,24,9,15
Midget,darkspear,855,priest,holy,12,9,3
Invisibler,tichondrius,855,priest,holy,24,9,15
Dtbündertree,nordrassil,854,priest,holy,12,9,3
Prayboy,aerie-peak,853,priest,holy,30,9,21
Shkeyia,stonemaul,852,priest,holy,30,9,21
Mawspriest,illidan,851,priest,holy,18,9,9
Otkblake,kelthuzad,843,priest,holy,30,9,21
Sêtsunà,dalaran,840,priest,holy,54,9,45
Canyounaut,kelthuzad,831,priest,holy,17,9,8
Aeoliana,laughing-skull,831,priest,holy,18,9,9
Psïren,quelthalas,831,priest,holy,28,9,19
Remixcandoit,malganis,827,priest,holy,24,10,14
Conno,thunderlord,816,priest,holy,90,44,46
Bigmommyxo,whisperwind,811,priest,holy,36,10,26
Azsoul,wyrmrest-accord,809,priest,holy,21,9,12
Gamepastors,illidan,805,priest,holy,23,9,14
Hüde,stormrage,803,priest,holy,30,9,21
Enzö,frostmourne,801,priest,holy,27,11,16
Jaaregis,area-52,799,priest,holy,11,9,2
Matiuca,stormrage,797,priest,holy,26,9,17
Híkarí,windrunner,796,priest,holy,14,9,5
Káldorei,proudmoore,784,priest,holy,13,9,4
Saceryito,quelthalas,770,priest,holy,13,9,4
Maizur,illidan,768,priest,holy,12,8,4
Turnip,zuljin,768,priest,holy,12,8,4
Sengmin,burning-blade,768,priest,holy,12,8,4
Scolhealer,dalaran,768,priest,holy,12,8,4
Iol,spinebreaker,768,priest,holy,12,8,4
Powerwordsuc,malganis,768,priest,holy,12,8,4
Centalinkxo,frostmourne,768,priest,holy,18,8,10
Ugotknocked,bleeding-hollow,768,priest,holy,18,8,10
Geartrixy,darkspear,768,priest,holy,18,8,10
Mfseal,bleeding-hollow,768,priest,holy,18,8,10
Blessxo,ragnaros,768,priest,holy,18,8,10
Yanyo,skullcrusher,768,priest,holy,18,8,10
Bloodyxx,bleeding-hollow,768,priest,holy,18,8,10
Voidzx,tichondrius,768,priest,holy,18,8,10
Attenea,illidan,768,priest,holy,18,8,10
Becrixx,thunderlord,768,priest,holy,18,8,10
Noted,aegwynn,768,priest,holy,21,9,12
Pomdom,tichondrius,767,priest,holy,18,8,10
Imnewsorry,illidan,767,priest,holy,18,8,10
Elendrie,illidan,767,priest,holy,18,8,10
Hysteria,dalaran,767,priest,holy,18,8,10
Elysane,fizzcrank,767,priest,holy,24,8,16
Healiûm,bleeding-hollow,767,priest,holy,24,8,16
Fujinpriest,azralon,767,priest,holy,24,8,16
Raphan,stormrage,766,priest,holy,12,8,4
Ofmanyfaces,illidan,766,priest,holy,12,8,4
Prayzar,illidan,766,priest,holy,12,8,4
Zeroo,maiev,765,priest,holy,12,8,4
Velyndra,icecrown,765,priest,holy,18,8,10
Manatea,moon-guard,765,priest,holy,18,8,10
Olivinpain,malganis,765,priest,holy,30,8,22
Sgiath,alleria,764,priest,holy,15,9,6
Lenlune,bloodscalp,763,priest,holy,18,8,10
Laj,proudmoore,763,priest,holy,30,8,22
Papergaruru,illidan,762,priest,holy,30,8,22
Uzakichan,arygos,760,priest,holy,30,8,22
Priestognic,azralon,759,priest,holy,16,9,7
Context,mannoroth,758,priest,holy,18,8,10
Thelroman,moon-guard,758,priest,holy,109,42,67
Zeruhl,kiljaeden,756,priest,holy,18,8,10
Fäñcÿ,tichondrius,734,priest,holy,17,8,9
Luminous,moon-guard,733,priest,holy,16,8,8
Xhirra,quelthalas,733,priest,holy,30,8,22
Chocowords,burning-blade,732,priest,holy,17,8,9
Sondrak,doomhammer,729,priest,holy,85,31,54
Rylance,burning-blade,720,priest,holy,21,8,13
Sleetherp,barthilas,719,priest,holy,11,8,3
Jexso,tichondrius,719,priest,holy,11,8,3
Angelface,darkspear,719,priest,holy,17,8,9
Leist,ragnaros,719,priest,holy,24,9,15
Murderballad,tichondrius,718,priest,holy,23,8,15
Canibumsmoke,illidan,713,priest,holy,21,9,12
Amunsu,stormrage,711,priest,holy,30,11,19
Messra,dathremar,707,priest,holy,30,8,22
Humz,ragnaros,703,priest,holy,14,8,6
Jâmïè,gurubashi,702,priest,holy,17,8,9
Hasalum,quelthalas,701,priest,holy,37,8,29
Postymalone,azgalor,697,priest,holy,24,8,16
Renwik,emerald-dream,695,priest,holy,32,8,24
Teiam,skullcrusher,672,priest,holy,12,7,5
Privx,bleeding-hollow,672,priest,holy,12,7,5
Leorid,stormrage,672,priest,holy,12,7,5
Imagees,stormscale,672,priest,holy,12,7,5
Cupitan,tichondrius,672,priest,holy,12,7,5
Nakedfish,tichondrius,672,priest,holy,12,7,5
Glizzylizzyx,tichondrius,672,priest,holy,12,7,5
Rinnegekz,tichondrius,672,priest,holy,12,7,5
Tethy,saurfang,672,priest,holy,12,7,5
Venzd,illidan,672,priest,holy,12,7,5
Shadedlight,dalaran,672,priest,holy,12,7,5
Qiahariya,emerald-dream,672,priest,holy,12,7,5
Undevout,tichondrius,672,priest,holy,12,7,5
Poup,area-52,672,priest,holy,12,7,5
Lalaliza,kelthuzad,672,priest,holy,12,7,5
Awanglaiye,tichondrius,672,priest,holy,12,7,5
Yungjim,the-forgotten-coast,672,priest,holy,12,7,5
Nwok,frostmourne,672,priest,holy,12,7,5
Chk,moon-guard,672,priest,holy,12,7,5
Pevis,thrall,672,priest,holy,12,7,5
Pleasuremax,area-52,672,priest,holy,18,7,11
Nicksfury,stormrage,672,priest,holy,18,7,11
Turböpriest,stormrage,672,priest,holy,18,7,11
Sakurax,proudmoore,672,priest,holy,18,7,11
Sisterrarity,tichondrius,672,priest,holy,21,8,13
Beliana,boulderfist,672,priest,holy,22,8,14
Diostinky,stormrage,672,priest,holy,30,7,23
Itàçhí,area-52,671,priest,holy,12,7,5
Jordandoesnt,tichondrius,671,priest,holy,12,7,5
Mïngau,nemesis,671,priest,holy,12,7,5
Suppòrt,stormrage,671,priest,holy,12,7,5
Deidre,illidan,671,priest,holy,16,8,8
Cataline,emerald-dream,671,priest,holy,18,7,11
Cessar,proudmoore,671,priest,holy,18,7,11
Razakam,tichondrius,671,priest,holy,18,7,11
Compåctdisc,sargeras,671,priest,holy,21,7,14
Mooneye,emerald-dream,670,priest,holy,12,7,5
Exlord,illidan,670,priest,holy,12,7,5
Jilt,aerie-peak,670,priest,holy,19,7,12
Arena,lothar,669,priest,holy,12,7,5
Skeyfyr,frostmourne,669,priest,holy,18,7,11
Elementoso,azralon,668,priest,holy,12,7,5
Kisstina,tichondrius,667,priest,holy,24,7,17
Vichealer,firetree,660,priest,holy,12,7,5
Kohengadol,sargeras,623,priest,holy,11,7,4
Yidra,illidan,623,priest,holy,17,7,10
ßöp,sargeras,620,priest,holy,11,7,4
Blackprez,dathremar,613,priest,holy,17,7,10
Enzö,illidan,611,priest,holy,31,11,20
Punishing,illidan,606,priest,holy,16,7,9
Papadarkness,tichondrius,603,priest,holy,14,7,7
Hectorz,zuljin,576,priest,holy,6,6,0
Idkmyname,proudmoore,576,priest,holy,6,6,0
Telarith,sargeras,576,priest,holy,12,6,6
Didntâsk,arthas,576,priest,holy,12,6,6
Fathercuck,tichondrius,576,priest,holy,12,6,6
Powerwordhim,malganis,576,priest,holy,12,6,6
Notjo,sargeras,576,priest,holy,12,6,6
Skylust,azralon,576,priest,holy,12,6,6
Trying,ysera,576,priest,holy,12,6,6
Calissy,proudmoore,576,priest,holy,12,6,6
Sigx,area-52,576,priest,holy,12,6,6
Sìnz,area-52,576,priest,holy,12,6,6
Jafarsp,illidan,576,priest,holy,12,6,6
Feverx,tichondrius,576,priest,holy,12,6,6
Nonbinary,trollbane,576,priest,holy,12,6,6
Lullabya,tichondrius,576,priest,holy,12,6,6
Hairypenance,sargeras,576,priest,holy,12,6,6
Muertabella,kiljaeden,576,priest,holy,12,6,6
Zraken,emerald-dream,576,priest,holy,12,6,6
Nyluh,deathwing,576,priest,holy,12,6,6
Holydustt,illidan,576,priest,holy,12,6,6
Reecepack,moon-guard,576,priest,holy,12,6,6
Benedictiion,tichondrius,576,priest,holy,12,6,6
Archaellia,area-52,576,priest,holy,12,6,6
Egbius,proudmoore,576,priest,holy,12,6,6
Polteageist,frostmourne,576,priest,holy,12,6,6
Jmanhealz,stormrage,576,priest,holy,12,6,6
Polyesterp,frostmourne,576,priest,holy,12,6,6
Everest,barthilas,576,priest,holy,12,6,6
Jezebëll,nemesis,576,priest,holy,12,6,6
Meifeilesi,tichondrius,576,priest,holy,12,6,6
Kittler,illidan,576,priest,holy,12,6,6
Shockterror,area-52,576,priest,holy,12,6,6
Prìestìtùte,stormrage,576,priest,holy,18,6,12
Voidrachet,thrall,576,priest,holy,18,6,12
Estaria,the-forgotten-coast,576,priest,holy,18,6,12
Sätîvá,tichondrius,576,priest,holy,18,6,12
Gustáv,sargeras,576,priest,holy,18,6,12
Disperse,vashj,576,priest,holy,18,6,12
Misatomori,tichondrius,576,priest,holy,18,6,12
Padrie,illidan,576,priest,holy,18,6,12
Boykoz,zuljin,576,priest,holy,18,6,12
Jichu,blackrock,576,priest,holy,24,6,18
Mattkoster,mannoroth,575,priest,holy,12,6,6
Nocturnimal,grizzly-hills,575,priest,holy,12,6,6
Whoscheating,illidan,575,priest,holy,12,6,6
Gluedemon,wyrmrest-accord,575,priest,holy,12,6,6
Youngwavy,area-52,575,priest,holy,12,6,6
Xue,whisperwind,575,priest,holy,12,6,6
Nevifell,illidan,575,priest,holy,13,6,7
Grindr,ragnaros,575,priest,holy,18,6,12
Kephrek,eonar,575,priest,holy,18,6,12
Därkness,azralon,575,priest,holy,18,6,12
Cowboydanpri,malganis,575,priest,holy,18,6,12
Dundamer,shattered-hand,575,priest,holy,18,6,12
Vøido,whisperwind,575,priest,holy,18,6,12
Syilar,area-52,575,priest,holy,24,6,18
Onlybuffs,sargeras,575,priest,holy,24,6,18
Sacerdetiza,drakkari,574,priest,holy,12,6,6
Cassíopeía,blackhand,574,priest,holy,12,6,6
Prohealin,skullcrusher,574,priest,holy,12,6,6
Laiya,nathrezim,574,priest,holy,15,6,9
Hottaters,tichondrius,574,priest,holy,24,6,18
Kreeko,area-52,573,priest,holy,18,6,12
Muino,zuljin,573,priest,holy,18,6,12
Zual,hakkar,569,priest,holy,12,6,6
Altara,malygos,569,priest,holy,12,6,6
Sanntana,echo-isles,563,priest,holy,24,6,18
Skalzi,thrall,559,priest,holy,11,6,5
Satíva,dark-iron,543,priest,holy,11,6,5
Keynel,tol-barad,528,priest,holy,15,7,8
Mips,saurfang,527,priest,holy,11,6,5
Albina,kelthuzad,526,priest,holy,11,6,5
Wadewattsz,sargeras,522,priest,holy,14,7,7
Ftheman,tichondrius,521,priest,holy,23,7,16
Klassy,thrall,518,priest,holy,19,8,11
Jesaminealbe,quelthalas,516,priest,holy,21,7,14
Kelfax,sargeras,511,priest,holy,11,6,5
Vandamnation,barthilas,511,priest,holy,14,6,8
Yokoshukumeì,aerie-peak,495,priest,holy,14,6,8
Kethseth,ragnaros,480,priest,holy,6,5,1
Serana,maelstrom,480,priest,holy,6,5,1
Artíst,sargeras,480,priest,holy,6,5,1
Malpraktice,mugthol,480,priest,holy,6,5,1
Bigdám,sargeras,480,priest,holy,6,5,1
Tarwow,alterac-mountains,480,priest,holy,6,5,1
Storylord,malganis,480,priest,holy,6,5,1
Magenboo,blackwing-lair,480,priest,holy,6,5,1
Klttzz,sargeras,480,priest,holy,6,5,1
Rukiyou,frostwolf,480,priest,holy,6,5,1
Toje,korgath,480,priest,holy,13,6,7
Bicardii,area-52,480,priest,holy,12,5,7
Xuxu,frostmourne,480,priest,holy,12,5,7
Holymeta,dunemaul,480,priest,holy,12,5,7
Oohso,chogall,480,priest,holy,12,5,7
Cånnibäl,tichondrius,480,priest,holy,12,5,7
Meif,tichondrius,480,priest,holy,12,5,7
Krazyapollo,tichondrius,480,priest,holy,12,5,7
Blackoss,sargeras,480,priest,holy,12,5,7
Secrèt,tichondrius,480,priest,holy,12,5,7
Tulz,cenarius,480,priest,holy,12,5,7
Anahka,tichondrius,480,priest,holy,12,5,7
Vaíl,wyrmrest-accord,480,priest,holy,12,5,7
Capriestsun,hydraxis,480,priest,holy,12,5,7
Timbobaloo,thrall,480,priest,holy,12,5,7
Darknuz,sargeras,480,priest,holy,12,5,7
Markers,spinebreaker,480,priest,holy,12,5,7
Imcutejk,malganis,480,priest,holy,12,5,7
Gad,moon-guard,480,priest,holy,12,5,7
Dontgome,proudmoore,480,priest,holy,12,5,7
Rysie,winterhoof,480,priest,holy,12,5,7
Maelei,ragnaros,480,priest,holy,12,5,7
Ameliarys,sargeras,480,priest,holy,12,5,7
Írithyll,sargeras,480,priest,holy,12,5,7
Akeila,stormrage,480,priest,holy,12,5,7
Bunnykinz,moon-guard,480,priest,holy,12,5,7
Shadowblazed,arthas,480,priest,holy,12,5,7
Àústîn,moon-guard,480,priest,holy,12,5,7
Rigotakx,illidan,480,priest,holy,12,5,7
Vaibye,dalaran,480,priest,holy,12,5,7
Selenitax,sargeras,480,priest,holy,12,5,7
Xeras,ravencrest,480,priest,holy,12,5,7
Buttercupx,vashj,480,priest,holy,12,5,7
Meehx,illidan,480,priest,holy,12,5,7
Anomoly,kiljaeden,480,priest,holy,12,5,7
Chûrch,malganis,480,priest,holy,18,5,13
Halfsorrow,tichondrius,480,priest,holy,18,5,13
Keelean,tichondrius,480,priest,holy,18,5,13
Benance,tichondrius,480,priest,holy,18,5,13
Dankenz,darkspear,480,priest,holy,18,5,13
Gobsend,illidan,480,priest,holy,18,5,13
Holyharlot,sargeras,480,priest,holy,18,5,13
Whitemagic,frostmourne,479,priest,holy,6,5,1
Freezingmøøn,area-52,479,priest,holy,12,5,7
Freshblubear,blood-furnace,479,priest,holy,12,5,7
Pûrplehaze,aegwynn,479,priest,holy,12,5,7
Dayatthaspa,stormrage,479,priest,holy,12,5,7
Orisons,bleeding-hollow,479,priest,holy,12,5,7
Toroheals,dawnbringer,479,priest,holy,12,5,7
Miganmarkle,sargeras,479,priest,holy,12,5,7
Mythica,gurubashi,479,priest,holy,18,5,13
Unni,azralon,479,priest,holy,18,5,13
Pactru,ragnaros,479,priest,holy,18,5,13
Randompriest,turalyon,478,priest,holy,18,5,13
Galya,nemesis,477,priest,holy,10,6,4
Asuryani,lightbringer,477,priest,holy,12,5,7
Brownsnooter,sargeras,463,priest,holy,17,5,12
Elusha,sargeras,447,priest,holy,8,6,2
Biltpeter,tichondrius,432,priest,holy,9,5,4
Bofin,stormrage,426,priest,holy,22,6,16
Nolar,shadowmoon,415,priest,holy,11,5,6
Ramuthrah,illidan,415,priest,holy,11,5,6
Trezz,aegwynn,384,priest,holy,6,4,2
Yav,exodar,384,priest,holy,6,4,2
Muriaticacid,tichondrius,384,priest,holy,6,4,2
Ænìma,tichondrius,384,priest,holy,6,4,2
Ängël,nemesis,384,priest,holy,6,4,2
Khallmir,goldrinn,384,priest,holy,6,4,2
Halfdeath,sargeras,384,priest,holy,6,4,2
Amorous,fizzcrank,384,priest,holy,6,4,2
Iraris,stormrage,384,priest,holy,6,4,2
Dookieate,destromath,384,priest,holy,6,4,2
Coralsaea,wyrmrest-accord,384,priest,holy,6,4,2
Patchyemoly,frostmourne,384,priest,holy,6,4,2
Corpsen,frostmourne,384,priest,holy,6,4,2
Cityboyy,tichondrius,384,priest,holy,6,4,2
Chañing,frostmourne,384,priest,holy,6,4,2
Samsypriest,frostmourne,384,priest,holy,6,4,2
Chanyt,azralon,384,priest,holy,6,4,2
Tokesalot,dragonmaw,384,priest,holy,6,4,2
Boogle,frostmourne,384,priest,holy,6,4,2
Pooboop,malganis,384,priest,holy,6,4,2
Xusin,tichondrius,384,priest,holy,6,4,2
Hiilz,area-52,384,priest,holy,6,4,2
Schátten,spirestone,384,priest,holy,6,4,2
Hugznkissez,sargeras,384,priest,holy,6,4,2
Ticheals,tichondrius,384,priest,holy,6,4,2
Lavazzå,tichondrius,384,priest,holy,6,4,2
Qingshuang,tichondrius,384,priest,holy,6,4,2
Faukauf,zuljin,384,priest,holy,6,4,2
Mcgg,tichondrius,384,priest,holy,6,4,2
Literally,bleeding-hollow,384,priest,holy,6,4,2
Anyway,illidan,384,priest,holy,6,4,2
Lisau,tichondrius,384,priest,holy,6,4,2
Unholywood,lightbringer,384,priest,holy,10,5,5
Tichealstwo,tichondrius,384,priest,holy,12,4,8
Zapix,tichondrius,384,priest,holy,12,4,8
Hazzang,tichondrius,384,priest,holy,12,4,8
Döyöuliftbro,tichondrius,384,priest,holy,12,4,8
Mellow,tichondrius,384,priest,holy,12,4,8
Depressednun,moon-guard,384,priest,holy,12,4,8
Râven,proudmoore,384,priest,holy,12,4,8
Darknuzs,sargeras,384,priest,holy,12,4,8
Rofrofmu,aegwynn,384,priest,holy,12,4,8
Spshady,aegwynn,384,priest,holy,12,4,8
Ancilx,area-52,384,priest,holy,12,4,8
Carti,bleeding-hollow,384,priest,holy,12,4,8
Terenor,thrall,384,priest,holy,12,4,8
Nepy,stormrage,384,priest,holy,12,4,8
Jethroze,area-52,384,priest,holy,12,4,8
Xhaajyh,area-52,384,priest,holy,12,4,8
Frozencherry,elune,384,priest,holy,12,4,8
Maccten,tichondrius,384,priest,holy,12,4,8
Lilicoco,tichondrius,384,priest,holy,12,4,8
Jnitodp,tichondrius,384,priest,holy,12,4,8
Kakao,stormreaver,384,priest,holy,12,4,8
Healyaz,skullcrusher,384,priest,holy,12,4,8
Hoshx,sargeras,384,priest,holy,12,4,8
Shauyia,uther,384,priest,holy,12,4,8
Sfr,frostmourne,384,priest,holy,12,4,8
Salyd,onyxia,384,priest,holy,12,4,8
Manadeath,moon-guard,384,priest,holy,12,4,8
Hoglet,moon-guard,384,priest,holy,12,4,8
Stromile,tichondrius,384,priest,holy,12,4,8
Valixia,sargeras,384,priest,holy,12,4,8
Spags,nagrand,384,priest,holy,12,4,8
Cazuex,ragnaros,384,priest,holy,12,4,8
Karmapi,malganis,384,priest,holy,12,4,8
Elindeel,kiljaeden,384,priest,holy,18,4,14
Madjak,lightnings-blade,384,priest,holy,18,4,14
Aeøns,sargeras,384,priest,holy,18,4,14
Madameezy,sargeras,384,priest,holy,18,4,14
Mindeas,the-forgotten-coast,384,priest,holy,18,4,14
Hungflare,dalaran,384,priest,holy,18,4,14
Purplexcìty,tichondrius,383,priest,holy,6,4,2
Fesix,akama,383,priest,holy,6,4,2
Dyianah,wyrmrest-accord,383,priest,holy,12,4,8
Healia,tichondrius,383,priest,holy,12,4,8
Melodhy,quelthalas,383,priest,holy,18,4,14
Safia,maiev,382,priest,holy,6,4,2
Stradey,tichondrius,367,priest,holy,11,4,7
Empty,frostmourne,367,priest,holy,11,4,7
Toastspriest,tichondrius,367,priest,holy,11,4,7
Thalladori,area-52,351,priest,holy,8,5,3
Ajonti,emerald-dream,351,priest,holy,11,4,7
Sharkda,frostmourne,350,priest,holy,17,4,13
Malarkie,sargeras,330,priest,holy,21,5,16
Aenarion,velen,320,priest,holy,10,4,6
Kabutta,stormrage,318,priest,holy,14,4,10
Engelmort,quelthalas,288,priest,holy,6,3,3
Enkcoherent,tichondrius,288,priest,holy,6,3,3
Dunrirck,quelthalas,288,priest,holy,6,3,3
Deeznuhh,tichondrius,288,priest,holy,6,3,3
Zhuyin,illidan,288,priest,holy,6,3,3
Crypthion,emerald-dream,288,priest,holy,6,3,3
Weezee,emerald-dream,288,priest,holy,6,3,3
Pristik,malganis,288,priest,holy,6,3,3
Chakota,emerald-dream,288,priest,holy,6,3,3
Ashwagandha,emerald-dream,288,priest,holy,6,3,3
Keyoshe,altar-of-storms,288,priest,holy,6,3,3
Jnxzxo,sargeras,288,priest,holy,6,3,3
Ñÿx,arthas,288,priest,holy,6,3,3
Orderic,ragnaros,288,priest,holy,6,3,3
Missingyou,emerald-dream,288,priest,holy,6,3,3
Mucada,tichondrius,288,priest,holy,6,3,3
Elphié,sargeras,288,priest,holy,6,3,3
Plánemo,azralon,288,priest,holy,6,3,3
Ykp,sargeras,288,priest,holy,6,3,3
Gypsysun,azralon,288,priest,holy,6,3,3
Gankchange,tichondrius,288,priest,holy,6,3,3
Jorlyna,sargeras,288,priest,holy,6,3,3
Pridesp,tichondrius,288,priest,holy,6,3,3
Smalltoad,lightnings-blade,288,priest,holy,6,3,3
Shredh,tichondrius,288,priest,holy,6,3,3
Zornor,drakkari,288,priest,holy,6,3,3
Neceo,icecrown,288,priest,holy,6,3,3
Franquitó,illidan,288,priest,holy,6,3,3
Fatherleem,tichondrius,288,priest,holy,6,3,3
Amorus,illidan,288,priest,holy,6,3,3
Crazyfinley,dalaran,288,priest,holy,6,3,3
Meatguzzler,tichondrius,288,priest,holy,6,3,3
Glycol,illidan,288,priest,holy,6,3,3
Bigbrother,andorhal,288,priest,holy,6,3,3
Eyedeas,tichondrius,288,priest,holy,6,3,3
Ärchangél,tichondrius,288,priest,holy,6,3,3
Alarin,whisperwind,288,priest,holy,6,3,3
Deadmanawait,area-52,288,priest,holy,6,3,3
Tseirpyeroc,area-52,288,priest,holy,6,3,3
Stinkiez,area-52,288,priest,holy,6,3,3
Life,thrall,288,priest,holy,6,3,3
Sackgrabba,area-52,288,priest,holy,6,3,3
Vynlanesh,illidan,288,priest,holy,6,3,3
Healdog,thrall,288,priest,holy,6,3,3
Lirrilin,dalaran,288,priest,holy,6,3,3
Sacerdotick,gallywix,288,priest,holy,6,3,3
Alwaystry,tichondrius,288,priest,holy,6,3,3
Spitonmejuli,illidan,288,priest,holy,6,3,3
Foreva,lightbringer,288,priest,holy,6,3,3
Aurros,shadow-council,288,priest,holy,6,3,3
Holysass,darkspear,288,priest,holy,6,3,3
Whitezz,frostmourne,288,priest,holy,6,3,3
Zesho,firetree,288,priest,holy,6,3,3
Darkmoonsun,frostmourne,288,priest,holy,6,3,3
Runoroth,bleeding-hollow,288,priest,holy,6,3,3
Twopiece,blackrock,288,priest,holy,6,3,3
Aardyx,frostmourne,288,priest,holy,6,3,3
Wormface,moon-guard,288,priest,holy,6,3,3
Dactylion,frostmourne,288,priest,holy,6,3,3
Sagapriest,hyjal,288,priest,holy,6,3,3
Hèal,frostmourne,288,priest,holy,6,3,3
Roseriela,moon-guard,288,priest,holy,6,3,3
Avaleira,moon-guard,288,priest,holy,6,3,3
Rbmxp,barthilas,288,priest,holy,6,3,3
Laurens,fenris,288,priest,holy,6,3,3
Calvisper,thunderlord,288,priest,holy,6,3,3
Wubbi,blackrock,288,priest,holy,6,3,3
Smiteyducks,stormrage,288,priest,holy,6,3,3
Dividëd,stormrage,288,priest,holy,6,3,3
Kickholy,stormrage,288,priest,holy,6,3,3
Greet,hyjal,288,priest,holy,6,3,3
Nellyele,zuljin,288,priest,holy,6,3,3
Palastiel,hyjal,288,priest,holy,6,3,3
Fishondabeat,proudmoore,288,priest,holy,6,3,3
Iamjakehill,area-52,288,priest,holy,9,4,5
Verothius,tichondrius,288,priest,holy,9,4,5
Likelydapper,tichondrius,288,priest,holy,7,3,4
Ssmushi,tichondrius,288,priest,holy,8,3,5
Reilacoste,moon-guard,288,priest,holy,11,4,7
Cuhs,thrall,288,priest,holy,15,5,10
Ermoriais,stormrage,288,priest,holy,16,4,12
Irilde,proudmoore,288,priest,holy,12,3,9
Lalight,tichondrius,288,priest,holy,12,3,9
Alexandriael,wyrmrest-accord,288,priest,holy,12,3,9
Hubbabubble,wyrmrest-accord,288,priest,holy,12,3,9
Woosanghong,tichondrius,288,priest,holy,12,3,9
Pèngotnerfed,exodar,288,priest,holy,12,3,9
Mstertank,sargeras,288,priest,holy,12,3,9
Hòwen,tichondrius,288,priest,holy,12,3,9
Sarkozzlol,tichondrius,288,priest,holy,12,3,9
Mushtakraken,mugthol,288,priest,holy,12,3,9
Onejuanwon,sargeras,288,priest,holy,12,3,9
Haedn,azralon,288,priest,holy,12,3,9
Smitepie,malganis,288,priest,holy,12,3,9
Jezuz,aerie-peak,288,priest,holy,12,3,9
Øliverxp,lightbringer,288,priest,holy,12,3,9
Haø,stormrage,288,priest,holy,12,3,9
Jonhey,tichondrius,288,priest,holy,12,3,9
Juniorfloyd,tichondrius,288,priest,holy,12,3,9
Lifesvr,kiljaeden,288,priest,holy,12,3,9
Trolldaddy,burning-legion,288,priest,holy,12,3,9
Zhadowbolts,thrall,288,priest,holy,12,3,9
Saviorlol,tichondrius,288,priest,holy,12,3,9
Holyvulpin,barthilas,288,priest,holy,15,3,12
Malefic,quelthalas,288,priest,holy,18,3,15
Vyvanse,azuremyst,288,priest,holy,18,3,15
Pringlés,suramar,288,priest,holy,24,3,21
Korhíl,ragnaros,287,priest,holy,6,3,3
Khalli,shuhalo,287,priest,holy,6,3,3
Fìngerbanger,lightnings-blade,287,priest,holy,6,3,3
Auradaluz,stormrage,287,priest,holy,12,3,9
Kïlljãh,kaelthas,287,priest,holy,12,3,9
Mloki,rivendare,285,priest,holy,12,3,9
Mikeliteo,blades-edge,283,priest,holy,18,3,15
Expectatiøns,emerald-dream,276,priest,holy,14,6,8
Terripriest,sargeras,239,priest,holy,5,3,2
Cinnaminie,tichondrius,239,priest,holy,5,3,2
Nefastó,ragnaros,239,priest,holy,8,3,5
Titò,tichondrius,239,priest,holy,13,4,9
Gnepe,sargeras,234,priest,holy,7,4,3
Nécrofear,drakkari,234,priest,holy,10,4,6
Girlpriest,thunderlord,229,priest,holy,15,4,11
Kundalini,boulderfist,223,priest,holy,8,3,5
Argotron,moon-guard,208,priest,holy,7,3,4
Tvstealer,illidan,192,priest,holy,6,2,4
Nikci,tichondrius,192,priest,holy,6,2,4
Dorraheals,tichondrius,192,priest,holy,6,2,4
Velainas,dalaran,192,priest,holy,6,2,4
Bilbopriest,illidan,192,priest,holy,6,2,4
Belfortx,tichondrius,192,priest,holy,6,2,4
Chernota,kiljaeden,192,priest,holy,6,2,4
Wafflers,tichondrius,192,priest,holy,6,2,4
Daystaria,bloodscalp,192,priest,holy,6,2,4
Aybaby,kiljaeden,192,priest,holy,6,2,4
Swipathefox,tichondrius,192,priest,holy,6,2,4
Naniwa,ragnaros,192,priest,holy,6,2,4
Rootai,quelthalas,192,priest,holy,6,2,4
Roßyn,quelthalas,192,priest,holy,6,2,4
Prescella,sargeras,192,priest,holy,6,2,4
Inquisitionx,frostmourne,192,priest,holy,6,2,4
Dabbee,magtheridon,192,priest,holy,6,2,4
Tuulipp,aegwynn,192,priest,holy,6,2,4
Iq,tichondrius,192,priest,holy,6,2,4
Littlegnome,azralon,192,priest,holy,6,2,4
Pocketrcket,sargeras,192,priest,holy,6,2,4
Speyside,medivh,192,priest,holy,6,2,4
Fungame,malganis,192,priest,holy,6,2,4
Holien,icecrown,192,priest,holy,6,2,4
Sacredlight,malygos,192,priest,holy,6,2,4
Lauretânia,nemesis,192,priest,holy,6,2,4
Aiss,malganis,192,priest,holy,6,2,4
Bearfriend,malorne,192,priest,holy,6,2,4
Zetk,tichondrius,192,priest,holy,6,2,4
Mendx,tichondrius,192,priest,holy,6,2,4
ßìrth,kelthuzad,192,priest,holy,6,2,4
Starzard,kelthuzad,192,priest,holy,6,2,4
Lebwonjamdi,tichondrius,192,priest,holy,6,2,4
Mitras,moon-guard,192,priest,holy,6,2,4
Jakemies,arathor,192,priest,holy,6,2,4
Aethriem,bleeding-hollow,192,priest,holy,6,2,4
Makeshiftz,zuljin,192,priest,holy,6,2,4
Niftÿ,tichondrius,192,priest,holy,6,2,4
Acevictck,proudmoore,192,priest,holy,6,2,4
Cln,bleeding-hollow,192,priest,holy,6,2,4
Verboden,kelthuzad,192,priest,holy,6,2,4
Xarid,moon-guard,192,priest,holy,6,2,4
Mommyafk,moon-guard,192,priest,holy,6,2,4
Baldy,arthas,192,priest,holy,6,2,4
Linarindil,hyjal,192,priest,holy,6,2,4
Levingstøn,tichondrius,192,priest,holy,6,2,4
Presbyter,moon-guard,192,priest,holy,6,2,4
Sensitive,eitrigg,192,priest,holy,6,2,4
Mutedox,frostmourne,192,priest,holy,6,2,4
Soulshadøw,misha,192,priest,holy,6,2,4
Schatzié,malganis,192,priest,holy,6,2,4
Redflavorz,sargeras,192,priest,holy,6,2,4
Rnkillingomg,sargeras,192,priest,holy,6,2,4
Amberturd,cenarius,192,priest,holy,6,2,4
Mizriz,emerald-dream,192,priest,holy,6,2,4
Dëëdëëpants,moon-guard,192,priest,holy,6,2,4
Taikae,stormrage,192,priest,holy,6,2,4
Rëy,bleeding-hollow,192,priest,holy,6,2,4
Wagnerr,jubeithos,192,priest,holy,6,2,4
Ôp,sargeras,192,priest,holy,6,2,4
Hypodontia,caelestrasz,192,priest,holy,6,2,4
Dentwo,aggramar,192,priest,holy,6,2,4
Skeemask,moon-guard,192,priest,holy,6,2,4
Lostnlight,aggramar,192,priest,holy,6,2,4
Felmnir,ragnaros,192,priest,holy,6,2,4
Gusho,frostmourne,192,priest,holy,6,2,4
Igotubrah,malganis,192,priest,holy,6,2,4
Gles,quelthalas,192,priest,holy,6,2,4
Eblis,the-underbog,192,priest,holy,6,2,4
Daddyhammer,area-52,192,priest,holy,6,2,4
Mamabless,quelthalas,192,priest,holy,6,2,4
Rhaenyrá,sargeras,192,priest,holy,6,2,4
Holycrack,dreadmaul,192,priest,holy,6,2,4
Calïsto,norgannon,192,priest,holy,6,2,4
Lilblackguys,stormrage,192,priest,holy,6,2,4
Shemhazai,ragnaros,192,priest,holy,6,2,4
Arodar,wyrmrest-accord,192,priest,holy,6,2,4
Nodorme,quelthalas,192,priest,holy,6,2,4
Opas,rivendare,192,priest,holy,6,2,4
Bcupz,darkspear,192,priest,holy,6,2,4
Frojasensei,tichondrius,192,priest,holy,6,2,4
ßræcher,black-dragonflight,192,priest,holy,6,2,4
Toorshul,tichondrius,192,priest,holy,6,2,4
Halfbaked,quelthalas,192,priest,holy,6,2,4
Plenipotent,moon-guard,192,priest,holy,6,2,4
Hansa,ragnaros,192,priest,holy,6,2,4
Drippyjoones,sargeras,192,priest,holy,6,2,4
Saenax,area-52,192,priest,holy,6,2,4
Janisce,ragnaros,192,priest,holy,6,2,4
Healslutxoxo,tichondrius,192,priest,holy,6,2,4
Sergey,zuljin,192,priest,holy,6,2,4
Voltstein,dalaran,192,priest,holy,6,2,4
Saintguard,tichondrius,192,priest,holy,11,3,8
Akuvurá,nemesis,192,priest,holy,8,2,6
Langyi,tichondrius,192,priest,holy,10,2,8
Drpez,frostmourne,192,priest,holy,12,2,10
Cigma,magtheridon,192,priest,holy,12,2,10
Legitgayirl,zuljin,192,priest,holy,12,2,10
Okitoki,tichondrius,192,priest,holy,12,2,10
Pinoculus,illidan,192,priest,holy,12,2,10
Lunay,tichondrius,192,priest,holy,12,2,10
Althir,ragnaros,192,priest,holy,12,2,10
Riot,velen,192,priest,holy,12,2,10
Xan,emerald-dream,192,priest,holy,12,2,10
Vladymere,moon-guard,192,priest,holy,12,2,10
Sukaru,khazgoroth,192,priest,holy,12,2,10
Nevertelsp,malganis,192,priest,holy,12,2,10
Pandap,dalaran,192,priest,holy,12,2,10
Fraggydaddy,frostmourne,192,priest,holy,12,2,10
Dawnwind,warsong,192,priest,holy,12,2,10
Påticus,area-52,192,priest,holy,13,2,11
Deaddoc,proudmoore,192,priest,holy,18,2,16
Fórsàken,barthilas,192,priest,holy,18,2,16
Gillís,thrall,192,priest,holy,18,2,16
Baroux,drakkari,191,priest,holy,6,2,4
Purplepills,skullcrusher,159,priest,holy,5,2,3
Sneaks,frostmourne,159,priest,holy,5,2,3
Bigvuqoffdam,area-52,147,priest,holy,26,6,20
Aeingel,amanthul,144,priest,holy,9,2,7
Identìty,moon-guard,138,priest,holy,8,3,5
Pestee,quelthalas,138,priest,holy,9,3,6
Janna,galakrond,138,priest,holy,14,4,10
Pumpss,area-52,138,priest,holy,17,3,14
Denarel,frostmourne,137,priest,holy,17,4,13
Iilmommy,area-52,112,priest,holy,4,3,1
Lunypriest,azralon,96,priest,holy,9,2,7
Olassi,stormrage,96,priest,holy,6,1,5
Gremma,ghostlands,96,priest,holy,6,1,5
Chrystella,nagrand,96,priest,holy,6,1,5
Poshh,darkspear,96,priest,holy,6,1,5
Priesthell,illidan,96,priest,holy,6,1,5
Missjules,illidan,96,priest,holy,6,1,5
Alaskaa,moon-guard,96,priest,holy,6,1,5
Lilshadow,bleeding-hollow,96,priest,holy,6,1,5
Ilovemanny,sargeras,96,priest,holy,6,1,5
Alvorr,ragnaros,96,priest,holy,6,1,5
Bloodcure,ysera,96,priest,holy,6,1,5
Stickytack,illidan,96,priest,holy,6,1,5
Faithmelter,stormrage,96,priest,holy,6,1,5
Bofuri,barthilas,96,priest,holy,6,1,5
Tuuros,wyrmrest-accord,96,priest,holy,6,1,5
Jinks,ragnaros,96,priest,holy,6,1,5
Xanory,arthas,96,priest,holy,6,1,5
Djsneemxd,emerald-dream,96,priest,holy,6,1,5
Evicereith,ragnaros,96,priest,holy,6,1,5
Sarïya,moon-guard,96,priest,holy,6,1,5
Scãpeqoat,sargeras,96,priest,holy,6,1,5
Hiroshikun,azshara,96,priest,holy,6,1,5
Orrphan,kiljaeden,96,priest,holy,6,1,5
Äwka,ragnaros,96,priest,holy,6,1,5
Tammyone,emerald-dream,96,priest,holy,6,1,5
Fannyny,tichondrius,96,priest,holy,6,1,5
Voodooloa,tichondrius,96,priest,holy,6,1,5
Alëssana,illidan,96,priest,holy,6,1,5
Ahualol,tichondrius,96,priest,holy,6,1,5
Gusyplz,illidan,96,priest,holy,6,1,5
Kagura,dunemaul,96,priest,holy,6,1,5
Thotsteal,lightbringer,96,priest,holy,6,1,5
Liph,frostmourne,96,priest,holy,6,1,5
Apollydivine,malganis,96,priest,holy,6,1,5
Kihlupr,frostmourne,96,priest,holy,6,1,5
Dietcokee,stormrage,96,priest,holy,6,1,5
Lilpaprika,sargeras,96,priest,holy,6,1,5
Yaz,emerald-dream,96,priest,holy,6,1,5
Kastwalker,earthen-ring,96,priest,holy,6,1,5
Minamy,tichondrius,96,priest,holy,6,1,5
Shadyvoodoo,barthilas,96,priest,holy,6,1,5
Angelicduck,illidan,96,priest,holy,6,1,5
Sukmysplooge,queldorei,96,priest,holy,6,1,5
Vamp,proudmoore,96,priest,holy,6,1,5
Bunked,bleeding-hollow,96,priest,holy,6,1,5
Viehweg,azralon,96,priest,holy,6,1,5
Faeriecorn,whisperwind,96,priest,holy,6,1,5
Janova,tichondrius,96,priest,holy,6,1,5
Fynne,windrunner,96,priest,holy,6,1,5
Lasaldra,quelthalas,96,priest,holy,6,1,5
Asmødeus,bleeding-hollow,96,priest,holy,6,1,5
Marantbourge,frostmourne,96,priest,holy,6,1,5
Guillotine,azralon,96,priest,holy,6,1,5
Pepske,dalaran,96,priest,holy,6,1,5
Nktxc,tichondrius,96,priest,holy,6,1,5
Efrem,tichondrius,96,priest,holy,6,1,5
Moomble,azralon,96,priest,holy,6,1,5
Jadyysz,azralon,96,priest,holy,6,1,5
Novoul,stormrage,96,priest,holy,6,1,5
Akami,tichondrius,96,priest,holy,6,1,5
Rakel,nathrezim,96,priest,holy,6,1,5
Mepisth,azralon,96,priest,holy,6,1,5
Hinako,kelthuzad,96,priest,holy,6,1,5
Dayquills,illidan,96,priest,holy,6,1,5
Makenaide,nemesis,96,priest,holy,6,1,5
Thorzan,eredar,96,priest,holy,6,1,5
Bratty,hellscream,96,priest,holy,6,1,5
Burpees,dalaran,96,priest,holy,6,1,5
Criticaal,aegwynn,96,priest,holy,6,1,5
Majjic,proudmoore,96,priest,holy,6,1,5
Burtier,zuljin,96,priest,holy,6,1,5
Griffward,thrall,96,priest,holy,6,1,5
Igotdots,scilla,96,priest,holy,6,1,5
Maverelle,thrall,96,priest,holy,6,1,5
Yungmazikeen,proudmoore,96,priest,holy,6,1,5
Lerien,thrall,96,priest,holy,6,1,5
Jjaeminkim,area-52,96,priest,holy,6,1,5
Deryus,dalaran,96,priest,holy,6,1,5
Khazardûm,area-52,96,priest,holy,6,1,5
Bigboyadam,frostmourne,96,priest,holy,6,1,5
Dënali,area-52,96,priest,holy,6,1,5
Djriest,sargeras,96,priest,holy,12,1,11
Gutrose,area-52,96,priest,holy,12,1,11
Tercken,azralon,96,priest,holy,12,1,11
Barryp,wyrmrest-accord,96,priest,holy,12,1,11
Acpriest,tichondrius,96,priest,holy,12,1,11
Mikkik,zuljin,96,priest,holy,12,1,11
Voidscrypt,thrall,79,priest,holy,8,1,7
Wiralyn,nathrezim,79,priest,holy,11,1,10
Wapriest,blades-edge,64,priest,holy,10,1,9
Neferpitouoo,tichondrius,63,priest,holy,2,2,0
Bns,perenolde,48,priest,holy,3,1,2
Accost,akama,48,priest,holy,3,1,2
Aeroalisson,azralon,42,priest,holy,6,2,4
Damokek,tichondrius,42,priest,holy,11,3,8
Tmyunggravy,sargeras,42,priest,holy,8,2,6
Grasy,ragnaros,42,priest,holy,15,2,13
Shazdo,illidan,2300,priest,discipline,84,56,28
Undrcvr,sargeras,2273,priest,discipline,132,73,59
Shikinomi,illidan,2266,priest,discipline,96,59,37
Proxs,sargeras,2257,priest,discipline,271,147,124
Castsmite,tichondrius,2253,priest,discipline,142,81,61
Natoshi,illidan,2252,priest,discipline,78,52,26
Whammiez,tichondrius,2243,priest,discipline,84,50,34
Plaedo,stormscale,2211,priest,discipline,84,47,37
Gentlewoman,ragnaros,2208,priest,discipline,105,61,44
Kebab,tichondrius,2204,priest,discipline,82,51,31
Reedyjrrtv,tichondrius,2181,priest,discipline,197,104,93
Klydasoreass,malganis,2176,priest,discipline,89,53,36
Strickmaney,nathrezim,2160,priest,discipline,513,272,241
Èfflux,sargeras,2159,priest,discipline,186,101,85
Sleepinglynx,ravencrest,2158,priest,discipline,405,228,177
Yokuz,thunderlord,2153,priest,discipline,95,52,43
Lemonmint,tichondrius,2153,priest,discipline,220,115,105
Pesian,dalaran,2153,priest,discipline,233,121,112
Kovulol,area-52,2151,priest,discipline,132,72,60
Praemal,tichondrius,2151,priest,discipline,156,78,78
Cinnamontage,illidan,2142,priest,discipline,114,64,50
Ultradumb,ragnaros,2140,priest,discipline,84,48,36
Søryn,madoran,2134,priest,discipline,114,60,54
Celestiah,kelthuzad,2128,priest,discipline,78,40,38
Reecepack,moon-guard,2126,priest,discipline,89,49,40
Wcnmb,blackrock,2123,priest,discipline,72,46,26
Devinere,tichondrius,2119,priest,discipline,580,317,263
Baldzx,sargeras,2116,priest,discipline,292,160,132
Idkmyname,proudmoore,2115,priest,discipline,76,40,36
Instoway,illidan,2114,priest,discipline,276,158,118
Nusrah,tichondrius,2114,priest,discipline,87,45,42
Ishyeboi,stormrage,2114,priest,discipline,102,49,53
Frksake,area-52,2111,priest,discipline,192,114,78
Sylvphrena,stormrage,2111,priest,discipline,78,42,36
Kkelly,stormrage,2111,priest,discipline,262,134,128
Frikapp,stormrage,2110,priest,discipline,99,50,49
Littlehcl,tichondrius,2109,priest,discipline,83,50,33
Matin,frostmourne,2107,priest,discipline,117,63,54
Stepxo,sargeras,2107,priest,discipline,441,229,212
Néylo,illidan,2106,priest,discipline,112,56,56
Hairyleg,kelthuzad,2106,priest,discipline,108,51,57
Psyches,dalaran,2106,priest,discipline,109,50,59
Pancakeboi,tichondrius,2105,priest,discipline,137,69,68
Néy,illidan,2104,priest,discipline,114,79,35
Mauvex,stormrage,2104,priest,discipline,673,331,342
Amberturd,cenarius,2103,priest,discipline,102,48,54
Montagehey,illidan,2101,priest,discipline,154,89,65
Changwongpk,kelthuzad,2101,priest,discipline,237,124,113
Jiangfenglol,tichondrius,2101,priest,discipline,270,136,134
Nakedfish,tichondrius,2101,priest,discipline,84,41,43
Twocrshort,area-52,2099,priest,discipline,203,119,84
Veivei,tichondrius,2095,priest,discipline,59,38,21
Cavityx,illidan,2094,priest,discipline,82,45,37
Jiangfeng,tichondrius,2090,priest,discipline,120,59,61
Nucypher,illidan,2086,priest,discipline,251,145,106
Rmpmeeper,kilrogg,2085,priest,discipline,209,116,93
Wheresmyvape,tichondrius,2080,priest,discipline,103,57,46
Xajen,illidan,2078,priest,discipline,144,72,72
Cosmicyiff,area-52,2077,priest,discipline,242,131,111
Ante,stonemaul,2075,priest,discipline,108,59,49
Rukiyou,frostwolf,2072,priest,discipline,293,147,146
Zxxkawaii,tichondrius,2069,priest,discipline,223,114,109
Blessxo,ragnaros,2063,priest,discipline,120,59,61
Stinkiez,area-52,2062,priest,discipline,411,218,193
Blesstwo,ragnaros,2061,priest,discipline,100,50,50
Classmaster,stormrage,2054,priest,discipline,183,100,83
Crabsp,illidan,2052,priest,discipline,327,169,158
Solecíto,ragnaros,2050,priest,discipline,272,156,116
Drnn,thrall,2050,priest,discipline,240,128,112
Sarkozzlol,tichondrius,2046,priest,discipline,102,56,46
Esqueue,illidan,2044,priest,discipline,54,26,28
Woolp,frostmourne,2041,priest,discipline,128,69,59
Novakaynersj,anetheron,2038,priest,discipline,118,63,55
Veiveilol,tichondrius,2038,priest,discipline,89,42,47
Pølupoker,illidan,2035,priest,discipline,107,53,54
Rubymisfit,sargeras,2023,priest,discipline,132,67,65
Supaflute,tichondrius,2023,priest,discipline,167,84,83
Robdàwg,illidan,2022,priest,discipline,84,43,41
Zámmy,area-52,2021,priest,discipline,65,44,21
Invincible,ragnaros,2020,priest,discipline,124,68,56
Crutched,blackhand,2020,priest,discipline,150,76,74
Fallspriest,frostmourne,2016,priest,discipline,60,41,19
Quaree,stormrage,2016,priest,discipline,1189,613,576
Allhubris,stormrage,2012,priest,discipline,66,38,28
Crutch,blackhand,2012,priest,discipline,156,82,74
Namilol,tichondrius,2011,priest,discipline,78,45,33
Adûnaic,frostmourne,2011,priest,discipline,463,232,231
Azzäm,tichondrius,2010,priest,discipline,99,55,44
Vànhendrix,tichondrius,2009,priest,discipline,155,81,74
Mimz,trollbane,2009,priest,discipline,280,144,136
Neverbeen,tichondrius,2008,priest,discipline,1941,997,944
Loopzw,tichondrius,2007,priest,discipline,186,98,88
Reydehaiti,ragnaros,2005,priest,discipline,277,142,135
Jtheals,illidan,2003,priest,discipline,95,49,46
Houseaddict,illidan,2002,priest,discipline,181,96,85
Reilacoste,moon-guard,2002,priest,discipline,83,41,42
Curachon,darkspear,2002,priest,discipline,191,90,101
Muffingal,tichondrius,2001,priest,discipline,84,44,40
Boykoz,zuljin,1998,priest,discipline,181,92,89
Poporeborn,tichondrius,1996,priest,discipline,357,178,179
Mautmaut,quelthalas,1995,priest,discipline,149,93,56
Jakemies,arathor,1992,priest,discipline,108,58,50
Deathblind,kelthuzad,1991,priest,discipline,107,56,51
Haruspex,azralon,1989,priest,discipline,282,146,136
Syllè,area-52,1988,priest,discipline,78,40,38
Legendary,ragnaros,1985,priest,discipline,113,57,56
Evicereith,ragnaros,1984,priest,discipline,72,41,31
Walterwhite,bleeding-hollow,1984,priest,discipline,60,29,31
Soupbean,zuljin,1984,priest,discipline,96,46,50
Kayern,kelthuzad,1982,priest,discipline,64,41,23
Kck,sentinels,1981,priest,discipline,185,93,92
Saviorlol,tichondrius,1981,priest,discipline,238,119,119
Hamstip,sargeras,1980,priest,discipline,203,116,87
Amine,tichondrius,1980,priest,discipline,168,87,81
Ogneus,crushridge,1980,priest,discipline,234,110,124
Sonicboomsz,azralon,1979,priest,discipline,145,74,71
Sÿnpriest,illidan,1979,priest,discipline,450,219,231
Leorid,stormrage,1977,priest,discipline,286,143,143
Etharass,illidan,1976,priest,discipline,84,36,48
Mcgg,tichondrius,1975,priest,discipline,565,286,279
Cosenzza,tichondrius,1975,priest,discipline,90,44,46
Sodezz,stormrage,1974,priest,discipline,120,65,55
Penanceperry,bleeding-hollow,1973,priest,discipline,387,189,198
Sñ,illidan,1972,priest,discipline,77,46,31
Fhenomenal,tichondrius,1972,priest,discipline,126,57,69
Yeeseafood,tichondrius,1971,priest,discipline,106,51,55
Artíst,sargeras,1969,priest,discipline,149,81,68
Faeleath,emerald-dream,1969,priest,discipline,127,68,59
Hadoka,ragnaros,1968,priest,discipline,126,62,64
Goodlife,frostmourne,1967,priest,discipline,71,34,37
Tonydatiger,the-forgotten-coast,1966,priest,discipline,84,45,39
Binkacol,malganis,1966,priest,discipline,131,65,66
Muhfinx,tichondrius,1965,priest,discipline,71,41,30
Nerfthedoc,blackrock,1965,priest,discipline,91,51,40
Yobell,tichondrius,1963,priest,discipline,78,41,37
Eluneslight,tichondrius,1963,priest,discipline,126,62,64
Electricdisc,korgath,1962,priest,discipline,60,33,27
Didy,dark-iron,1961,priest,discipline,221,113,108
Smokezter,area-52,1961,priest,discipline,249,126,123
Dayx,malganis,1959,priest,discipline,138,68,70
Corvenna,zuljin,1958,priest,discipline,72,41,31
Iilmama,area-52,1958,priest,discipline,129,67,62
Lchcl,tichondrius,1957,priest,discipline,66,42,24
Ilovemia,zuljin,1957,priest,discipline,80,46,34
Mancito,mannoroth,1957,priest,discipline,412,215,197
Høwtokill,azralon,1957,priest,discipline,503,243,260
Hospetal,tichondrius,1955,priest,discipline,146,74,72
Mynaevis,malganis,1954,priest,discipline,59,32,27
Qipriest,tichondrius,1954,priest,discipline,219,100,119
Clockwororan,tichondrius,1953,priest,discipline,144,85,59
Awàken,sargeras,1952,priest,discipline,57,35,22
Varbirttok,sargeras,1952,priest,discipline,85,43,42
Hugemilkys,tichondrius,1951,priest,discipline,206,115,91
Peruggia,tichondrius,1951,priest,discipline,193,96,97
Bearfriend,malorne,1951,priest,discipline,142,70,72
Sinthe,stormrage,1949,priest,discipline,101,51,50
Discopenguin,kelthuzad,1948,priest,discipline,72,39,33
Fancydisc,barthilas,1946,priest,discipline,84,47,37
Dinar,tichondrius,1945,priest,discipline,65,36,29
Scrollozaddy,illidan,1943,priest,discipline,355,211,144
Miamama,hydraxis,1943,priest,discipline,195,103,92
Cremona,tichondrius,1942,priest,discipline,138,69,69
Gosharbg,tichondrius,1940,priest,discipline,34,24,10
Notatk,tichondrius,1940,priest,discipline,299,142,157
Budings,tichondrius,1938,priest,discipline,149,81,68
Markers,spinebreaker,1938,priest,discipline,142,68,74
Veejae,tichondrius,1935,priest,discipline,78,41,37
Ndzy,malganis,1934,priest,discipline,96,47,49
Fracxured,sargeras,1934,priest,discipline,80,37,43
Discgoddess,proudmoore,1932,priest,discipline,465,250,215
Inquisitionx,frostmourne,1932,priest,discipline,478,253,225
Likethis,ragnaros,1932,priest,discipline,753,378,375
Fádé,illidan,1932,priest,discipline,97,48,49
Bnn,arathor,1930,priest,discipline,35,26,9
Chiot,tichondrius,1930,priest,discipline,113,79,34
Gotdro,kelthuzad,1929,priest,discipline,98,52,46
Donmartin,tichondrius,1929,priest,discipline,112,58,54
Praeyer,area-52,1929,priest,discipline,512,256,256
Velftrixi,sargeras,1927,priest,discipline,180,94,86
Fishondabeat,proudmoore,1927,priest,discipline,54,28,26
Hello,tichondrius,1926,priest,discipline,84,46,38
Antts,tichondrius,1924,priest,discipline,72,45,27
Presence,blood-furnace,1924,priest,discipline,48,28,20
Balsak,zuljin,1924,priest,discipline,152,72,80
Vinnydiesel,tichondrius,1924,priest,discipline,96,44,52
Quèénstar,tichondrius,1923,priest,discipline,121,56,65
Creamedcorn,tichondrius,1922,priest,discipline,56,32,24
Lovelike,tichondrius,1922,priest,discipline,74,41,33
Meloxicamm,tichondrius,1922,priest,discipline,359,183,176
Lichtschreit,zuljin,1919,priest,discipline,53,31,22
Woolly,tichondrius,1918,priest,discipline,90,53,37
ßeyonder,tichondrius,1918,priest,discipline,337,170,167
Shallwedance,tichondrius,1917,priest,discipline,92,53,39
Ganapati,the-underbog,1917,priest,discipline,60,29,31
Manyhot,tichondrius,1916,priest,discipline,69,43,26
Castsmites,tichondrius,1916,priest,discipline,63,36,27
Fotmvark,stormrage,1916,priest,discipline,78,36,42
Verboden,kelthuzad,1914,priest,discipline,60,41,19
Nomsayin,stormrage,1913,priest,discipline,60,39,21
Meemó,area-52,1912,priest,discipline,60,34,26
Celestiah,illidan,1911,priest,discipline,66,34,32
Rawze,tichondrius,1911,priest,discipline,93,44,49
Varenon,stormrage,1910,priest,discipline,159,90,69
Baddmachine,illidan,1910,priest,discipline,192,101,91
Astroverse,tichondrius,1909,priest,discipline,175,91,84
Xtcbtc,sargeras,1909,priest,discipline,129,66,63
Xiaz,lightbringer,1909,priest,discipline,83,36,47
Pregnantmale,area-52,1906,priest,discipline,310,162,148
Cokeheals,kelthuzad,1906,priest,discipline,66,34,32
Soojwa,frostmourne,1906,priest,discipline,66,30,36
Darkvss,illidan,1905,priest,discipline,90,47,43
Omhz,tichondrius,1905,priest,discipline,96,49,47
Niniua,tichondrius,1905,priest,discipline,59,30,29
Mumrah,antonidas,1904,priest,discipline,178,88,90
Breakmoon,tichondrius,1903,priest,discipline,102,42,60
Troja,malganis,1902,priest,discipline,102,58,44
Timidp,stormrage,1902,priest,discipline,84,41,43
Gaudthree,tichondrius,1901,priest,discipline,52,30,22
Bigbrother,andorhal,1901,priest,discipline,60,33,27
Lidoradra,zuljin,1900,priest,discipline,89,41,48
Wandynha,nemesis,1899,priest,discipline,265,139,126
June,dragonmaw,1899,priest,discipline,72,36,36
Sùlyvahñ,tichondrius,1898,priest,discipline,78,43,35
Wapriest,blades-edge,1898,priest,discipline,934,465,469
Fotmtrash,the-underbog,1897,priest,discipline,48,26,22
Riseandshine,illidan,1896,priest,discipline,54,38,16
Testzpriests,dalaran,1896,priest,discipline,60,34,26
Thewaker,tichondrius,1896,priest,discipline,36,20,16
Morboo,proudmoore,1895,priest,discipline,92,53,39
Xsy,stormrage,1894,priest,discipline,84,51,33
Amãnita,illidan,1894,priest,discipline,65,29,36
Boriz,frostmourne,1892,priest,discipline,79,44,35
Word,korgath,1892,priest,discipline,107,54,53
Bohomagz,tichondrius,1891,priest,discipline,48,28,20
Zerorizz,tichondrius,1890,priest,discipline,42,20,22
Drosslolz,illidan,1890,priest,discipline,60,23,37
Tiestô,tichondrius,1887,priest,discipline,54,32,22
Dairy,the-underbog,1887,priest,discipline,73,42,31
Anasuzana,stormrage,1887,priest,discipline,78,43,35
Jthealz,tichondrius,1887,priest,discipline,89,41,48
Eudog,zuljin,1886,priest,discipline,24,20,4
Athênå,tichondrius,1886,priest,discipline,192,110,82
Lesx,tichondrius,1886,priest,discipline,216,117,99
Duw,icecrown,1886,priest,discipline,234,117,117
Kostantina,kelthuzad,1886,priest,discipline,202,100,102
Curney,stormrage,1885,priest,discipline,121,79,42
Tyrrshadow,skywall,1885,priest,discipline,146,83,63
Cklifer,tichondrius,1885,priest,discipline,79,40,39
Haduth,area-52,1884,priest,discipline,531,274,257
Klitarus,barthilas,1884,priest,discipline,72,37,35
Aratis,bleeding-hollow,1884,priest,discipline,117,55,62
Usefirstaid,sargeras,1883,priest,discipline,42,26,16
Easywins,sargeras,1883,priest,discipline,48,28,20
Fordranger,frostmourne,1883,priest,discipline,183,90,93
Kfcchicken,proudmoore,1883,priest,discipline,90,43,47
Koalakazamza,shadow-council,1883,priest,discipline,86,40,46
Cupitan,tichondrius,1883,priest,discipline,62,27,35
Rèvrin,sargeras,1882,priest,discipline,240,122,118
Abt,proudmoore,1882,priest,discipline,66,31,35
Kàrmâ,area-52,1881,priest,discipline,30,20,10
Usedwrap,sargeras,1881,priest,discipline,78,43,35
Dabaojian,tichondrius,1881,priest,discipline,196,103,93
Throatgoated,moon-guard,1881,priest,discipline,47,21,26
Zygotes,tichondrius,1880,priest,discipline,45,25,20
Chee,bleeding-hollow,1880,priest,discipline,84,45,39
Mackulate,tichondrius,1880,priest,discipline,83,44,39
Yotinha,stormrage,1879,priest,discipline,54,31,23
Dékkh,illidan,1878,priest,discipline,37,25,12
Bswagxx,illidan,1878,priest,discipline,42,27,15
Sons,zuljin,1877,priest,discipline,60,34,26
Jangbi,tichondrius,1877,priest,discipline,76,33,43
Stayspooked,moon-guard,1876,priest,discipline,60,34,26
Lalaliza,kelthuzad,1876,priest,discipline,59,29,30
Kalyndaxo,frostmourne,1876,priest,discipline,174,84,90
Dream,kelthuzad,1875,priest,discipline,76,41,35
Akuzaki,illidan,1875,priest,discipline,60,29,31
Binipriest,tichondrius,1874,priest,discipline,94,53,41
Bkwhopper,emerald-dream,1874,priest,discipline,427,225,202
Shadey,onyxia,1874,priest,discipline,148,73,75
Rileymcgerr,tichondrius,1873,priest,discipline,42,24,18
Tarlex,illidan,1873,priest,discipline,192,108,84
Dí,illidan,1873,priest,discipline,95,53,42
Dellaptop,sargeras,1871,priest,discipline,88,51,37
Phludd,malganis,1871,priest,discipline,178,94,84
Tmversace,tichondrius,1871,priest,discipline,141,74,67
Thaldrum,tichondrius,1871,priest,discipline,121,54,67
Trengodqt,destromath,1869,priest,discipline,286,156,130
Renfury,bleeding-hollow,1869,priest,discipline,54,25,29
Snackermz,tichondrius,1869,priest,discipline,244,112,132
Gices,area-52,1868,priest,discipline,60,36,24
Candyshack,area-52,1867,priest,discipline,123,69,54
Hotgirlshiit,dalaran,1867,priest,discipline,471,239,232
Bholebender,tichondrius,1866,priest,discipline,109,52,57
Dudebanger,sargeras,1865,priest,discipline,42,32,10
Twopiece,blackrock,1864,priest,discipline,60,35,25
Jackski,nemesis,1864,priest,discipline,54,29,25
Pzx,zuljin,1863,priest,discipline,60,33,27
Waggers,moon-guard,1863,priest,discipline,48,26,22
Grimacê,sargeras,1863,priest,discipline,221,112,109
Temérios,azralon,1862,priest,discipline,150,76,74
Layons,nemesis,1861,priest,discipline,218,130,88
Dannycarrier,tichondrius,1861,priest,discipline,48,27,21
Cultxo,sargeras,1861,priest,discipline,310,174,136
Tormybew,illidan,1861,priest,discipline,53,29,24
Cokeheals,tichondrius,1861,priest,discipline,60,29,31
Nasser,tichondrius,1861,priest,discipline,78,36,42
Torgasm,dreadmaul,1860,priest,discipline,84,61,23
Angelforcez,frostmourne,1860,priest,discipline,109,50,59
Bubblekanush,tichondrius,1859,priest,discipline,36,22,14
Thefiveoh,malganis,1858,priest,discipline,62,38,24
Usebindwound,sargeras,1857,priest,discipline,108,65,43
Highskrizzle,thrall,1857,priest,discipline,97,49,48
Mightydrëk,malganis,1856,priest,discipline,53,30,23
Buhrokez,thrall,1855,priest,discipline,132,76,56
Nayzoh,darkspear,1855,priest,discipline,78,37,41
Vidzar,area-52,1854,priest,discipline,42,28,14
Drsquiddy,tichondrius,1854,priest,discipline,47,30,17
Poosydoodlez,malganis,1854,priest,discipline,154,80,74
Gladexp,tichondrius,1854,priest,discipline,96,45,51
Nha,stormrage,1853,priest,discipline,60,32,28
Marython,tichondrius,1853,priest,discipline,178,93,85
Anyra,stormrage,1853,priest,discipline,123,61,62
Aitri,hakkar,1853,priest,discipline,217,103,114
Ahoy,sargeras,1852,priest,discipline,97,60,37
Tanmo,illidan,1852,priest,discipline,120,63,57
Wizzybeats,tichondrius,1852,priest,discipline,54,27,27
Yaksa,proudmoore,1852,priest,discipline,78,35,43
Fannyny,tichondrius,1851,priest,discipline,338,179,159
Capcana,tichondrius,1851,priest,discipline,181,94,87
Onikûdaki,sargeras,1851,priest,discipline,71,31,40
Nickzx,tichondrius,1850,priest,discipline,142,87,55
Dispassion,dalaran,1850,priest,discipline,70,38,32
Epicp,sargeras,1850,priest,discipline,95,48,47
Shieldspamx,tichondrius,1850,priest,discipline,89,41,48
Bamboon,tanaris,1849,priest,discipline,198,105,93
Rilad,icecrown,1849,priest,discipline,252,133,119
Celerisp,malganis,1849,priest,discipline,78,39,39
Whiterhino,spirestone,1849,priest,discipline,67,32,35
Claverr,stormrage,1849,priest,discipline,63,30,33
Tekneeq,barthilas,1848,priest,discipline,214,115,99
Ccgo,tichondrius,1848,priest,discipline,194,98,96
Polarnight,zuljin,1848,priest,discipline,59,29,30
Bigshieldlol,illidan,1847,priest,discipline,60,39,21
Chromielol,tichondrius,1847,priest,discipline,54,31,23
Tzïñåçåñ,tichondrius,1847,priest,discipline,54,29,25
Cearáa,azralon,1847,priest,discipline,71,35,36
Bmouth,tichondrius,1846,priest,discipline,180,101,79
Jmjeezy,tichondrius,1846,priest,discipline,48,22,26
Halcyonzx,tichondrius,1845,priest,discipline,84,45,39
Rylla,illidan,1845,priest,discipline,72,38,34
Jangma,tichondrius,1845,priest,discipline,42,22,20
Koalakazamzy,shadow-council,1845,priest,discipline,58,29,29
Pomdom,tichondrius,1844,priest,discipline,102,54,48
Centalinkxo,frostmourne,1844,priest,discipline,108,53,55
Iyoui,tichondrius,1843,priest,discipline,71,40,31
Steelcity,tichondrius,1843,priest,discipline,54,28,26
Dacine,illidan,1843,priest,discipline,60,30,30
Xiaoqunzi,tichondrius,1843,priest,discipline,239,115,124
Bubbliez,frostmourne,1843,priest,discipline,59,28,31
Flamboyant,sisters-of-elune,1843,priest,discipline,66,31,35
Shadowcakes,tichondrius,1842,priest,discipline,72,38,34
Zelená,trollbane,1841,priest,discipline,128,77,51
Vampirê,tichondrius,1841,priest,discipline,66,35,31
Shugelol,tichondrius,1840,priest,discipline,42,26,16
Ayabae,illidan,1840,priest,discipline,1239,619,620
Syliva,frostmourne,1840,priest,discipline,65,30,35
Founda,hyjal,1839,priest,discipline,54,30,24
Shamáng,tichondrius,1839,priest,discipline,206,102,104
Katalad,wyrmrest-accord,1838,priest,discipline,72,43,29
Furydos,zuljin,1838,priest,discipline,48,26,22
Wbu,frostmourne,1838,priest,discipline,64,33,31
Clearclouds,tichondrius,1838,priest,discipline,439,221,218
Zachon,sargeras,1838,priest,discipline,60,28,32
Tistapriest,proudmoore,1837,priest,discipline,70,41,29
Lotion,icecrown,1837,priest,discipline,48,25,23
Thedude,spirestone,1837,priest,discipline,107,53,54
Chk,moon-guard,1837,priest,discipline,148,72,76
Miraclesoul,tichondrius,1836,priest,discipline,38,26,12
Goatspriesta,kelthuzad,1836,priest,discipline,86,49,37
Xxqq,illidan,1836,priest,discipline,218,117,101
Agnosis,sargeras,1836,priest,discipline,96,49,47
Wpj,barthilas,1836,priest,discipline,93,41,52
Jamino,jubeithos,1835,priest,discipline,111,60,51
Imissdave,dethecus,1835,priest,discipline,90,48,42
Tmeugene,tichondrius,1835,priest,discipline,40,21,19
Pride,moon-guard,1835,priest,discipline,166,77,89
Icychain,area-52,1835,priest,discipline,76,34,42
Paidtowin,frostmourne,1835,priest,discipline,92,41,51
Bugweeb,sargeras,1834,priest,discipline,87,56,31
Celeztiah,area-52,1834,priest,discipline,81,50,31
Rÿzo,tichondrius,1834,priest,discipline,111,63,48
Thottsteal,queldorei,1834,priest,discipline,60,31,29
Rigxy,arthas,1833,priest,discipline,147,92,55
Snakedoc,emerald-dream,1833,priest,discipline,132,74,58
Mastaspell,illidan,1833,priest,discipline,61,34,27
Hairypenance,sargeras,1833,priest,discipline,96,51,45
Ameliarys,sargeras,1833,priest,discipline,103,51,52
Sliktrik,area-52,1833,priest,discipline,71,30,41
Jadon,sargeras,1832,priest,discipline,54,42,12
Priceléss,tichondrius,1832,priest,discipline,36,25,11
Obscure,malygos,1832,priest,discipline,110,54,56
Oloriinn,stormrage,1831,priest,discipline,36,24,12
Shenanigans,illidan,1831,priest,discipline,44,24,20
Hotpockets,detheroc,1831,priest,discipline,77,35,42
Aube,frostmourne,1831,priest,discipline,94,42,52
Antagzy,bleeding-hollow,1830,priest,discipline,108,69,39
Ksâh,bleeding-hollow,1830,priest,discipline,87,55,32
Obsolete,area-52,1830,priest,discipline,60,33,27
Goneqt,illidan,1830,priest,discipline,126,66,60
Abepriest,zuljin,1830,priest,discipline,283,138,145
Strvnge,malganis,1830,priest,discipline,60,28,32
Notkim,zuljin,1829,priest,discipline,169,96,73
Tubz,boulderfist,1829,priest,discipline,72,38,34
Mommyafk,moon-guard,1829,priest,discipline,60,29,31
Attenea,illidan,1829,priest,discipline,60,24,36
Cpks,tichondrius,1828,priest,discipline,76,48,28
Baphomet,hyjal,1828,priest,discipline,88,53,35
Orderic,ragnaros,1828,priest,discipline,75,44,31
Wübbie,emerald-dream,1828,priest,discipline,114,63,51
Yezhua,zuljin,1828,priest,discipline,131,68,63
Misatomori,tichondrius,1828,priest,discipline,54,28,26
Winston,tichondrius,1828,priest,discipline,73,37,36
Milkiesx,area-52,1827,priest,discipline,42,29,13
Sleetherp,barthilas,1827,priest,discipline,70,40,30
Swurvexo,bleeding-hollow,1827,priest,discipline,53,29,24
Tinyheal,sargeras,1827,priest,discipline,379,191,188
Notsereba,illidan,1827,priest,discipline,54,27,27
Alisas,malganis,1827,priest,discipline,214,98,116
Rayllyn,bleeding-hollow,1826,priest,discipline,44,28,16
Eyolo,tichondrius,1826,priest,discipline,180,87,93
Jiukui,tichondrius,1825,priest,discipline,44,34,10
Bloodyxx,bleeding-hollow,1825,priest,discipline,34,23,11
Illstyles,tichondrius,1825,priest,discipline,48,31,17
Buffle,zuluhed,1825,priest,discipline,66,38,28
Selath,ragnaros,1825,priest,discipline,74,42,32
Aprîl,quelthalas,1825,priest,discipline,72,37,35
Däzzlë,quelthalas,1825,priest,discipline,72,35,37
Pnsp,perenolde,1824,priest,discipline,42,30,12
Xholyshietz,emerald-dream,1824,priest,discipline,71,48,23
Pervysaged,sargeras,1824,priest,discipline,60,40,20
Mixful,bleeding-hollow,1824,priest,discipline,56,37,19
Archìtects,wyrmrest-accord,1824,priest,discipline,108,68,40
Cya,deathwing,1824,priest,discipline,54,30,24
Randomprist,area-52,1824,priest,discipline,51,28,23
Cbalnom,tichondrius,1824,priest,discipline,76,41,35
Aethestan,zuljin,1824,priest,discipline,102,50,52
Dachenchen,tichondrius,1823,priest,discipline,60,43,17
Tuxen,wyrmrest-accord,1823,priest,discipline,48,29,19
Sacredmoon,dreadmaul,1823,priest,discipline,68,36,32
Barthol,malygos,1823,priest,discipline,225,115,110
Sprankels,bleeding-hollow,1823,priest,discipline,108,55,53
Luhkx,stormrage,1823,priest,discipline,54,25,29
Alomari,zuljin,1822,priest,discipline,44,29,15
Lands,ragnaros,1822,priest,discipline,126,72,54
Darknus,sargeras,1822,priest,discipline,155,86,69
Discflips,dalaran,1822,priest,discipline,317,159,158
Ggwizkaboo,tichondrius,1822,priest,discipline,60,30,30
Partypack,stormrage,1821,priest,discipline,55,32,23
Noted,aegwynn,1821,priest,discipline,258,146,112
Zunitpriest,laughing-skull,1821,priest,discipline,119,65,54
Zãrrãlis,arthas,1821,priest,discipline,360,189,171
Metaverse,lightbringer,1821,priest,discipline,57,29,28
Catfiend,moon-guard,1821,priest,discipline,431,213,218
Rerollpriest,firetree,1821,priest,discipline,53,25,28
Khathor,kargath,1820,priest,discipline,48,30,18
Ultrà,ragnaros,1820,priest,discipline,71,44,27
Wreklol,tichondrius,1820,priest,discipline,60,34,26
Dietcokee,stormrage,1820,priest,discipline,62,31,31
Ujelin,kiljaeden,1820,priest,discipline,48,24,24
Qmine,tichondrius,1820,priest,discipline,60,24,36
Tophr,illidan,1819,priest,discipline,41,24,17
Haunting,nerzhul,1819,priest,discipline,239,116,123
Umazz,tichondrius,1818,priest,discipline,48,31,17
Abbyc,frostmourne,1818,priest,discipline,84,45,39
Nanoboost,dark-iron,1818,priest,discipline,843,427,416
Novel,moon-guard,1817,priest,discipline,30,24,6
Despairx,tichondrius,1817,priest,discipline,102,66,36
Guerisser,hyjal,1817,priest,discipline,176,104,72
Exdric,kiljaeden,1817,priest,discipline,108,51,57
Dapp,barthilas,1817,priest,discipline,77,33,44
Cynthus,dalvengyr,1816,priest,discipline,102,60,42
Juicyturon,moon-guard,1816,priest,discipline,77,45,32
Hyoeun,dragonmaw,1816,priest,discipline,51,28,23
Zulazane,azralon,1816,priest,discipline,378,207,171
Cryptron,tichondrius,1816,priest,discipline,126,69,57
Woodowl,tichondrius,1816,priest,discipline,46,25,21
Kragenn,malganis,1816,priest,discipline,195,103,92
Hideonlight,barthilas,1816,priest,discipline,645,332,313
Redfungirl,area-52,1815,priest,discipline,54,35,19
Bloodybunnie,tichondrius,1815,priest,discipline,99,63,36
Mødilon,nemesis,1815,priest,discipline,47,29,18
Rythmzz,kiljaeden,1815,priest,discipline,108,59,49
Beejaex,stormreaver,1815,priest,discipline,102,52,50
Badnsweaty,sargeras,1815,priest,discipline,76,38,38
Diwara,ragnaros,1814,priest,discipline,60,37,23
Fullmetals,azralon,1814,priest,discipline,53,30,23
Catbabyslim,tichondrius,1814,priest,discipline,92,50,42
Zuwukey,kirin-tor,1814,priest,discipline,163,85,78
Healthyadult,zuluhed,1814,priest,discipline,60,30,30
Praitne,tichondrius,1814,priest,discipline,309,151,158
Curiosities,kiljaeden,1814,priest,discipline,43,20,23
Moonstin,bleeding-hollow,1814,priest,discipline,83,38,45
Dabû,tichondrius,1813,priest,discipline,42,30,12
Relicx,firetree,1813,priest,discipline,54,33,21
Youhealme,area-52,1813,priest,discipline,90,54,36
Hoonjojjyang,tichondrius,1813,priest,discipline,66,37,29
Svzy,illidan,1813,priest,discipline,48,26,22
Sätîvá,tichondrius,1813,priest,discipline,56,30,26
Cardinaldave,frostmourne,1813,priest,discipline,66,34,32
Sasha,muradin,1813,priest,discipline,142,70,72
Sixfourtank,tichondrius,1813,priest,discipline,53,26,27
Veiveix,tichondrius,1812,priest,discipline,49,40,9
Wîlly,moon-guard,1812,priest,discipline,45,27,18
Abstention,area-52,1812,priest,discipline,66,35,31
Radbutsad,tichondrius,1812,priest,discipline,51,27,24
Livin,kelthuzad,1812,priest,discipline,102,49,53
Playsoon,illidan,1811,priest,discipline,230,127,103
Dorgondra,wyrmrest-accord,1811,priest,discipline,60,33,27
Tallïa,stormrage,1811,priest,discipline,155,82,73
Litterfeet,moon-guard,1811,priest,discipline,173,89,84
Louisé,hydraxis,1811,priest,discipline,90,46,44
Leticia,magtheridon,1811,priest,discipline,189,96,93
Khorium,stormrage,1811,priest,discipline,75,35,40
Lilsillyguy,sargeras,1810,priest,discipline,29,21,8
Meip,illidan,1810,priest,discipline,42,25,17
Woobgasm,sargeras,1810,priest,discipline,138,82,56
Pawnza,tichondrius,1810,priest,discipline,120,65,55
Ixchelune,kelthuzad,1810,priest,discipline,297,158,139
Shadzx,andorhal,1810,priest,discipline,160,81,79
Probs,frostmourne,1810,priest,discipline,193,95,98
Arguseonp,proudmoore,1809,priest,discipline,54,37,17
Ãbelladanger,area-52,1809,priest,discipline,71,46,25
Thepumps,sargeras,1809,priest,discipline,73,43,30
Shadoris,antonidas,1809,priest,discipline,78,45,33
Paramour,laughing-skull,1809,priest,discipline,108,59,49
Drée,zuljin,1809,priest,discipline,62,32,30
Cazuex,ragnaros,1809,priest,discipline,66,34,32
Jaquels,area-52,1809,priest,discipline,130,65,65
Jaytee,aggramar,1809,priest,discipline,89,44,45
Paytin,illidan,1809,priest,discipline,119,57,62
Muffinboy,illidan,1809,priest,discipline,119,51,68
Iwillrezguys,tichondrius,1809,priest,discipline,66,23,43
Nudithree,malganis,1808,priest,discipline,38,26,12
Kinereth,malganis,1808,priest,discipline,95,56,39
Bingleboi,area-52,1808,priest,discipline,405,224,181
Vbear,dunemaul,1808,priest,discipline,71,39,32
Pkkdestiny,archimonde,1808,priest,discipline,71,37,34
Catbabyorz,tichondrius,1808,priest,discipline,84,41,43
Pns,perenolde,1808,priest,discipline,66,32,34
Exøtic,tichondrius,1807,priest,discipline,60,38,22
Murzloq,tichondrius,1807,priest,discipline,89,53,36
Marcìano,bleeding-hollow,1807,priest,discipline,85,49,36
Dopeypriest,area-52,1807,priest,discipline,120,68,52
Cursèlol,tichondrius,1807,priest,discipline,136,71,65
Spoõks,darkspear,1807,priest,discipline,153,73,80
Ayakashi,frostmourne,1806,priest,discipline,75,46,29
Wormface,moon-guard,1806,priest,discipline,58,35,23
Syrillia,wildhammer,1806,priest,discipline,172,93,79
Senzy,tichondrius,1806,priest,discipline,150,81,69
Releriel,area-52,1806,priest,discipline,58,31,27
Ðiscipline,kelthuzad,1806,priest,discipline,253,134,119
Inthemix,stormreaver,1806,priest,discipline,376,197,179
Frostinal,illidan,1806,priest,discipline,474,240,234
Danceslol,area-52,1806,priest,discipline,59,28,31
Iexii,frostmourne,1806,priest,discipline,60,27,33
Danncey,frostmourne,1806,priest,discipline,59,26,33
Çammy,frostmourne,1805,priest,discipline,42,26,16
Aetyn,tichondrius,1805,priest,discipline,154,88,66
Arianagrande,garona,1805,priest,discipline,165,91,74
Reignen,tichondrius,1805,priest,discipline,189,104,85
Joezyxz,tichondrius,1805,priest,discipline,270,139,131
Barrenbuffet,zuljin,1805,priest,discipline,284,142,142
Maghobou,tichondrius,1805,priest,discipline,66,30,36
Öxhö,tichondrius,1804,priest,discipline,44,31,13
Ðsco,tichondrius,1804,priest,discipline,36,24,12
Absorbs,stormrage,1804,priest,discipline,30,19,11
Scheîn,sargeras,1804,priest,discipline,64,40,24
Angelumlucis,frostmane,1804,priest,discipline,145,80,65
Salvation,tichondrius,1804,priest,discipline,84,43,41
Cln,bleeding-hollow,1804,priest,discipline,65,32,33
Taipriest,frostmourne,1804,priest,discipline,222,103,119
Krisup,kelthuzad,1804,priest,discipline,59,27,32
Kelthax,sargeras,1804,priest,discipline,66,27,39
Jinais,zuluhed,1803,priest,discipline,48,33,15
Phillthevoid,sargeras,1803,priest,discipline,45,29,16
Applecare,illidan,1803,priest,discipline,102,60,42
Goldsunx,emerald-dream,1803,priest,discipline,152,85,67
Dfâc,moon-guard,1803,priest,discipline,180,98,82
Tjphess,zuljin,1803,priest,discipline,240,130,110
Luciuz,tichondrius,1803,priest,discipline,84,45,39
Sußlime,frostwolf,1803,priest,discipline,90,47,43
Swaggie,skullcrusher,1803,priest,discipline,48,23,25
Criil,area-52,1803,priest,discipline,42,19,23
Yrñwiotøø,illidan,1802,priest,discipline,54,33,21
Healthat,tichondrius,1802,priest,discipline,88,52,36
Seifong,frostmourne,1802,priest,discipline,125,68,57
Kazgry,illidan,1802,priest,discipline,90,48,42
Syo,dreadmaul,1802,priest,discipline,219,114,105
Jexso,tichondrius,1802,priest,discipline,256,129,127
Turtlez,area-52,1802,priest,discipline,189,94,95
Retardèr,tichondrius,1801,priest,discipline,97,68,29
Reverendtun,area-52,1801,priest,discipline,83,55,28
Merit,emerald-dream,1801,priest,discipline,165,92,73
Vorazzun,quelthalas,1801,priest,discipline,355,189,166
Séxgodx,tichondrius,1801,priest,discipline,113,58,55
Änanti,tichondrius,1801,priest,discipline,310,156,154
Leonilcx,tichondrius,1801,priest,discipline,1010,507,503
Lípjju,tichondrius,1801,priest,discipline,54,24,30
Razdaz,twisting-nether,1801,priest,discipline,102,42,60
Geekynerd,frostmourne,1800,priest,discipline,151,98,53
Nexp,tichondrius,1800,priest,discipline,177,112,65
Bonigan,sargeras,1800,priest,discipline,215,126,89
Andrew,sargeras,1800,priest,discipline,48,28,20
Bobbyrich,sargeras,1800,priest,discipline,96,55,41
Hrdz,zuljin,1800,priest,discipline,70,40,30
Fearmen,tichondrius,1800,priest,discipline,89,50,39
Hallucinogen,kelthuzad,1800,priest,discipline,163,91,72
Ohsop,chogall,1800,priest,discipline,152,83,69
Holyhõ,stormrage,1800,priest,discipline,60,32,28
Bwgyx,area-52,1800,priest,discipline,42,22,20
Souvlaki,amanthul,1800,priest,discipline,54,28,26
Alola,illidan,1800,priest,discipline,135,69,66
Ousïa,quelthalas,1800,priest,discipline,170,83,87
Gekko,azgalor,1800,priest,discipline,93,45,48
Shenanígans,malganis,1800,priest,discipline,42,19,23
Nobodystarx,steamwheedle-cartel,1800,priest,discipline,72,32,40
Bomí,tichondrius,1799,priest,discipline,84,41,43
Diabloluckie,tichondrius,1799,priest,discipline,173,84,89
Seleniax,sargeras,1799,priest,discipline,59,24,35
Fearinoculúm,bleeding-hollow,1798,priest,discipline,24,19,5
Kiriko,mannoroth,1798,priest,discipline,36,19,17
Secondes,azralon,1797,priest,discipline,36,19,17
Comebaack,stormrage,1797,priest,discipline,98,51,47
Swagdemøn,kelthuzad,1797,priest,discipline,60,28,32
Sezyks,stormrage,1795,priest,discipline,65,37,28
Impvp,tichondrius,1795,priest,discipline,89,49,40
Odealp,stormscale,1795,priest,discipline,59,28,31
Gochuxx,tichondrius,1793,priest,discipline,102,53,49
Grimoz,illidan,1793,priest,discipline,112,54,58
Tryfekta,frostmourne,1792,priest,discipline,138,73,65
Redonkulos,wyrmrest-accord,1792,priest,discipline,236,111,125
Alarin,whisperwind,1791,priest,discipline,102,53,49
Ripngor,tichondrius,1791,priest,discipline,67,29,38
Bearz,the-underbog,1790,priest,discipline,90,44,46
Epitoh,bleeding-hollow,1789,priest,discipline,126,60,66
Ryno,cenarion-circle,1788,priest,discipline,80,43,37
Skunkbishop,sargeras,1787,priest,discipline,255,124,131
Oghealz,lightnings-blade,1787,priest,discipline,102,48,54
Euphorz,tichondrius,1786,priest,discipline,36,19,17
Írithyll,stormrage,1785,priest,discipline,63,36,27
Nxghtmares,tichondrius,1783,priest,discipline,464,232,232
Stoneflute,emerald-dream,1782,priest,discipline,367,199,168
Gibens,tichondrius,1782,priest,discipline,184,96,88
Cellestine,aggramar,1782,priest,discipline,163,82,81
Mealmassttr,frostmourne,1782,priest,discipline,237,119,118
Summersetisl,tichondrius,1782,priest,discipline,150,71,79
Stinkypinkÿ,bleeding-hollow,1781,priest,discipline,105,56,49
Vaaynee,ragnaros,1781,priest,discipline,120,63,57
Rúbybest,tichondrius,1781,priest,discipline,84,37,47
Usedmedkit,sargeras,1780,priest,discipline,47,28,19
Topbruv,tichondrius,1780,priest,discipline,72,42,30
Ruffhouz,tichondrius,1780,priest,discipline,483,259,224
Philmacrakn,stormrage,1780,priest,discipline,185,92,93
Melshiesty,stormrage,1780,priest,discipline,89,39,50
Kóba,bleeding-hollow,1778,priest,discipline,48,33,15
Deathlullaby,malganis,1778,priest,discipline,84,43,41
Wânda,tichondrius,1778,priest,discipline,117,58,59
Meltmeltz,nerzhul,1778,priest,discipline,104,51,53
Azari,illidan,1777,priest,discipline,53,32,21
Hollowsp,tichondrius,1777,priest,discipline,65,30,35
Iamgess,kilrogg,1776,priest,discipline,90,51,39
Meoveryou,stormrage,1776,priest,discipline,98,51,47
Fleckyy,tichondrius,1776,priest,discipline,42,19,23
Dëàthwîsh,tichondrius,1775,priest,discipline,65,29,36
Bigmomcook,tichondrius,1774,priest,discipline,416,225,191
Whalexo,kelthuzad,1774,priest,discipline,155,82,73
Lamont,archimonde,1774,priest,discipline,62,26,36
Selenitax,sargeras,1773,priest,discipline,116,57,59
Lumies,tichondrius,1773,priest,discipline,60,26,34
Envio,moon-guard,1772,priest,discipline,114,64,50
Pnub,aggramar,1772,priest,discipline,105,52,53
Smyted,tichondrius,1771,priest,discipline,97,52,45
Barley,chogall,1770,priest,discipline,58,30,28
Kaddy,mannoroth,1770,priest,discipline,154,72,82
Victordaddy,illidan,1770,priest,discipline,72,33,39
Krusheal,tichondrius,1769,priest,discipline,79,45,34
Leapofdoubt,zuljin,1769,priest,discipline,340,175,165
Jackski,aerie-peak,1768,priest,discipline,36,24,12
Smitelytius,tichondrius,1768,priest,discipline,36,21,15
Expectatiøns,emerald-dream,1768,priest,discipline,79,45,34
Kabugi,illidan,1768,priest,discipline,102,55,47
Opriest,queldorei,1768,priest,discipline,189,96,93
Catbabyeah,tichondrius,1767,priest,discipline,54,42,12
Aarei,stormrage,1767,priest,discipline,60,33,27
Calamithus,illidan,1767,priest,discipline,59,29,30
Kaztorz,tichondrius,1767,priest,discipline,52,24,28
Degenerates,blood-furnace,1766,priest,discipline,184,83,101
Ichikokoro,tichondrius,1766,priest,discipline,48,21,27
Jnglpriestx,thrall,1765,priest,discipline,33,20,13
Sgno,ragnaros,1765,priest,discipline,42,24,18
Badrapture,sargeras,1764,priest,discipline,104,73,31
Twistynipple,malganis,1764,priest,discipline,82,48,34
Narakku,sargeras,1764,priest,discipline,179,94,85
Sebpriest,proudmoore,1764,priest,discipline,42,20,22
Raysx,stormrage,1764,priest,discipline,89,40,49
Downturn,tichondrius,1764,priest,discipline,60,26,34
Ibubble,chromaggus,1763,priest,discipline,62,31,31
Rmxx,illidan,1762,priest,discipline,173,98,75
Koopy,kiljaeden,1762,priest,discipline,382,199,183
Irenesome,tichondrius,1762,priest,discipline,54,28,26
Darbybean,bleeding-hollow,1762,priest,discipline,54,28,26
Isilador,moon-guard,1762,priest,discipline,185,91,94
Meatguzzler,tichondrius,1761,priest,discipline,85,51,34
Noodles,azjolnerub,1761,priest,discipline,48,22,26
Psycrology,tichondrius,1760,priest,discipline,66,39,27
Msai,tichondrius,1759,priest,discipline,251,131,120
Astrøpriest,tichondrius,1759,priest,discipline,129,65,64
Sanddglokta,tichondrius,1759,priest,discipline,368,185,183
Tiernocookie,illidan,1759,priest,discipline,558,279,279
Sshhaaddooww,tichondrius,1759,priest,discipline,138,69,69
Compact,emerald-dream,1759,priest,discipline,86,43,43
Forti,sargeras,1759,priest,discipline,300,148,152
Sobamian,tichondrius,1759,priest,discipline,201,93,108
Interworld,illidan,1758,priest,discipline,104,57,47
Dojacatx,frostmourne,1758,priest,discipline,167,86,81
Maximiliano,barthilas,1757,priest,discipline,49,25,24
Oohso,chogall,1757,priest,discipline,150,71,79
Deathallpoly,tichondrius,1756,priest,discipline,449,234,215
Ghøstfaces,illidan,1756,priest,discipline,84,42,42
Powerwordwap,malganis,1756,priest,discipline,71,33,38
Flarkyllama,area-52,1756,priest,discipline,60,27,33
Memoria,emerald-dream,1755,priest,discipline,147,71,76
Falsity,kelthuzad,1755,priest,discipline,101,47,54
Papabrokuttv,sargeras,1755,priest,discipline,42,19,23
Høðj,tichondrius,1755,priest,discipline,48,21,27
Kälëy,ragnaros,1754,priest,discipline,440,236,204
Plenipotent,moon-guard,1753,priest,discipline,132,71,61
Hazzang,tichondrius,1753,priest,discipline,169,87,82
Highmoon,kelthuzad,1753,priest,discipline,54,26,28
Healabrotha,area-52,1752,priest,discipline,268,130,138
Devout,dentarg,1751,priest,discipline,30,19,11
Ferguss,ragnaros,1751,priest,discipline,127,66,61
Chañing,frostmourne,1750,priest,discipline,126,64,62
Zins,emerald-dream,1750,priest,discipline,114,54,60
Hectorz,zuljin,1750,priest,discipline,232,102,130
Xøspëélls,ragnaros,1749,priest,discipline,86,62,24
Nightz,illidan,1749,priest,discipline,72,45,27
Esseks,tichondrius,1749,priest,discipline,155,85,70
Hungrybone,proudmoore,1749,priest,discipline,1285,649,636
Myeryc,frostmourne,1749,priest,discipline,71,24,47
Bicardii,area-52,1748,priest,discipline,42,26,16
Littleshower,illidan,1748,priest,discipline,67,39,28
Bluecho,tichondrius,1748,priest,discipline,89,49,40
Falsegodxd,tichondrius,1748,priest,discipline,60,32,28
Ukishizumi,tichondrius,1748,priest,discipline,161,84,77
Neonpriest,tichondrius,1747,priest,discipline,54,30,24
Fatbellyx,sargeras,1747,priest,discipline,102,50,52
Dreckie,sargeras,1747,priest,discipline,122,58,64
Vonpaolo,emerald-dream,1746,priest,discipline,30,24,6
Medikhurts,bleeding-hollow,1746,priest,discipline,132,75,57
Priestass,bleeding-hollow,1746,priest,discipline,296,153,143
Durtybubz,tichondrius,1745,priest,discipline,254,150,104
Compxx,barthilas,1745,priest,discipline,102,56,46
Ninbara,tichondrius,1745,priest,discipline,59,27,32
Madmilesstv,zuljin,1745,priest,discipline,108,49,59
Dipadre,azralon,1744,priest,discipline,108,73,35
Conezy,frostmourne,1744,priest,discipline,159,88,71
Larisa,moon-guard,1744,priest,discipline,102,56,46
Horzp,bleeding-hollow,1744,priest,discipline,102,45,57
Pisshorse,tichondrius,1743,priest,discipline,65,47,18
Miix,proudmoore,1743,priest,discipline,30,20,10
Pleasant,dathremar,1743,priest,discipline,153,72,81
Shrimpouh,illidan,1742,priest,discipline,90,52,38
Sêlbus,stormrage,1742,priest,discipline,341,182,159
Yanye,tichondrius,1742,priest,discipline,224,109,115
Barbequechip,proudmoore,1742,priest,discipline,66,32,34
Faerline,kelthuzad,1742,priest,discipline,71,33,38
Jabberwolky,blackrock,1742,priest,discipline,60,23,37
Zlowbly,ragnaros,1741,priest,discipline,72,41,31
Dontlineme,tichondrius,1741,priest,discipline,220,104,116
Raizy,stormrage,1740,priest,discipline,110,52,58
Pibkac,stormrage,1740,priest,discipline,81,37,44
Auxp,tichondrius,1740,priest,discipline,77,30,47
Karmapi,malganis,1739,priest,discipline,78,50,28
Duubz,kelthuzad,1739,priest,discipline,145,78,67
Ancilx,area-52,1739,priest,discipline,143,72,71
Pitayakiller,tichondrius,1739,priest,discipline,185,87,98
Makdaddy,skullcrusher,1739,priest,discipline,60,25,35
Aloxc,drakkari,1738,priest,discipline,36,19,17
Whitecaster,tichondrius,1738,priest,discipline,153,80,73
Auntbrittany,tichondrius,1738,priest,discipline,42,21,21
Chaner,scarlet-crusade,1738,priest,discipline,127,61,66
Jimmythedon,mugthol,1738,priest,discipline,82,38,44
Emmarîl,sargeras,1738,priest,discipline,47,21,26
Marminator,stormrage,1738,priest,discipline,126,54,72
Starpass,illidan,1737,priest,discipline,78,52,26
Burkett,sargeras,1737,priest,discipline,54,27,27
Bibleblak,stormrage,1737,priest,discipline,140,68,72
Undevout,tichondrius,1737,priest,discipline,60,29,31
Yungbaker,area-52,1736,priest,discipline,41,25,16
Qenq,tichondrius,1736,priest,discipline,42,25,17
Niark,frostmourne,1736,priest,discipline,48,20,28
Xzliak,area-52,1735,priest,discipline,36,21,15
Peacetreaty,bleeding-hollow,1735,priest,discipline,48,24,24
Maybedead,tichondrius,1734,priest,discipline,42,26,16
Aupascamarad,tichondrius,1734,priest,discipline,35,19,16
Flatlining,illidan,1734,priest,discipline,264,143,121
Slickwilly,bloodhoof,1734,priest,discipline,402,203,199
Prophecyshd,tichondrius,1734,priest,discipline,86,43,43
Senddiscpics,tichondrius,1734,priest,discipline,48,20,28
Guiila,azralon,1733,priest,discipline,207,100,107
Snootlel,sargeras,1732,priest,discipline,42,22,20
Verymuscular,stormrage,1732,priest,discipline,66,34,32
Alphôn,bleeding-hollow,1732,priest,discipline,48,24,24
Wildsmite,hyjal,1732,priest,discipline,288,137,151
Haquin,malganis,1732,priest,discipline,54,25,29
Vineller,malganis,1732,priest,discipline,92,40,52
Byck,tichondrius,1732,priest,discipline,72,31,41
Uroka,malganis,1731,priest,discipline,101,49,52
Goatedpriest,kelthuzad,1730,priest,discipline,36,25,11
Saelom,frostmourne,1730,priest,discipline,78,49,29
Cruces,malorne,1730,priest,discipline,39,20,19
Grravitas,jubeithos,1729,priest,discipline,30,23,7
Laggytwodope,tichondrius,1729,priest,discipline,71,46,25
Johanna,tichondrius,1729,priest,discipline,41,26,15
Elciid,tichondrius,1729,priest,discipline,36,22,14
Lothenia,frostmourne,1729,priest,discipline,50,27,23
Memoriesorz,tichondrius,1729,priest,discipline,601,315,286
Crypcanheal,sargeras,1729,priest,discipline,620,308,312
Dirtydebbie,lightnings-blade,1729,priest,discipline,64,30,34
Bluemangroup,dalaran,1728,priest,discipline,28,21,7
Randompreest,stormrage,1728,priest,discipline,101,52,49
Scab,anetheron,1728,priest,discipline,182,91,91
Suspexyz,stormrage,1727,priest,discipline,77,47,30
Hermanmiller,frostmourne,1727,priest,discipline,60,32,28
Beeffdaddy,tichondrius,1727,priest,discipline,198,98,100
Oogs,tichondrius,1727,priest,discipline,244,108,136
Åpples,tichondrius,1727,priest,discipline,71,31,40
Deeznuhh,tichondrius,1727,priest,discipline,53,21,32
Piftw,illidan,1726,priest,discipline,42,25,17
Mxfd,tichondrius,1726,priest,discipline,47,27,20
Dévore,dalaran,1726,priest,discipline,46,25,21
Abbydaddy,illidan,1726,priest,discipline,96,48,48
Flagiddyflag,kelthuzad,1726,priest,discipline,48,24,24
Bennito,moon-guard,1726,priest,discipline,259,125,134
Perceptions,dalaran,1725,priest,discipline,60,38,22
Vtp,frostmourne,1725,priest,discipline,82,49,33
Conifer,emerald-dream,1725,priest,discipline,72,41,31
Barthbelro,kiljaeden,1725,priest,discipline,93,52,41
Milesa,korgath,1725,priest,discipline,95,49,46
Plumpkinn,kiljaeden,1725,priest,discipline,154,78,76
Jennyle,sargeras,1724,priest,discipline,102,57,45
Shastea,crushridge,1724,priest,discipline,140,75,65
Engle,arathor,1724,priest,discipline,108,51,57
Momorabbit,tichondrius,1724,priest,discipline,48,22,26
Benance,tichondrius,1723,priest,discipline,92,50,42
Crøws,ragnaros,1723,priest,discipline,330,168,162
Fhinky,tichondrius,1723,priest,discipline,219,108,111
Mååxxee,zuljin,1722,priest,discipline,30,18,12
Findabair,ragnaros,1722,priest,discipline,42,25,17
Guccísandals,emerald-dream,1722,priest,discipline,170,86,84
Darkxd,bleeding-hollow,1722,priest,discipline,36,18,18
Vegetable,suramar,1722,priest,discipline,36,18,18
Ussmissouri,area-52,1722,priest,discipline,435,210,225
Notwrek,tichondrius,1721,priest,discipline,137,80,57
Luwoona,tichondrius,1721,priest,discipline,160,76,84
Cody,magtheridon,1720,priest,discipline,96,61,35
Clydeington,illidan,1720,priest,discipline,61,36,25
Xiiaopanda,tichondrius,1720,priest,discipline,56,29,27
Rigxy,nazjatar,1719,priest,discipline,85,47,38
Aphrodìtë,tichondrius,1719,priest,discipline,285,154,131
Spankdealer,illidan,1719,priest,discipline,48,19,29
Akuhei,illidan,1718,priest,discipline,48,29,19
Bfts,illidan,1718,priest,discipline,263,137,126
Lòthnalar,ragnaros,1718,priest,discipline,131,68,63
Jezebëll,nemesis,1718,priest,discipline,195,100,95
Ooit,tichondrius,1717,priest,discipline,24,22,2
Voltstein,dalaran,1717,priest,discipline,381,202,179
Septmoon,tichondrius,1717,priest,discipline,66,34,32
Cixelpvp,area-52,1717,priest,discipline,53,27,26
Fyne,kelthuzad,1717,priest,discipline,84,42,42
Beelzebul,illidan,1717,priest,discipline,111,54,57
Leach,darkspear,1717,priest,discipline,89,39,50
Wizpell,area-52,1717,priest,discipline,42,18,24
Diskope,kelthuzad,1716,priest,discipline,42,30,12
Pissfeet,tichondrius,1716,priest,discipline,30,18,12
Androalis,thaurissan,1716,priest,discipline,178,101,77
Hadtogothere,kelthuzad,1716,priest,discipline,353,182,171
Döyöuliftbro,tichondrius,1716,priest,discipline,54,27,27
Airelia,sargeras,1716,priest,discipline,66,32,34
Whatsadot,tichondrius,1715,priest,discipline,72,51,21
Nydrosia,frostmourne,1715,priest,discipline,32,22,10
Judis,barthilas,1715,priest,discipline,132,68,64
Roentgen,sargeras,1715,priest,discipline,36,18,18
Psyjes,stormrage,1714,priest,discipline,146,83,63
Shadowbuzz,barthilas,1714,priest,discipline,203,101,102
Naelsaze,tichondrius,1713,priest,discipline,28,20,8
Hm,the-scryers,1713,priest,discipline,42,29,13
Jmlz,tichondrius,1713,priest,discipline,45,29,16
Bohomag,tichondrius,1713,priest,discipline,30,18,12
Silkydeath,frostmourne,1713,priest,discipline,124,67,57
Drtyror,area-52,1713,priest,discipline,308,163,145
Elomszz,tichondrius,1713,priest,discipline,45,20,25
Mygameslaggy,area-52,1713,priest,discipline,78,33,45
Pastapizza,zuljin,1712,priest,discipline,24,22,2
Rachell,emerald-dream,1712,priest,discipline,36,26,10
Twixicecream,sargeras,1712,priest,discipline,35,24,11
Fibbre,tichondrius,1712,priest,discipline,151,65,86
Bakara,jubeithos,1712,priest,discipline,42,18,24
Surfgang,tichondrius,1711,priest,discipline,89,40,49
Ilmx,illidan,1710,priest,discipline,18,18,0
Jzd,dreadmaul,1710,priest,discipline,107,60,47
Trebrooke,sargeras,1710,priest,discipline,161,88,73
Touchrr,tichondrius,1710,priest,discipline,108,58,50
Bonoo,tichondrius,1710,priest,discipline,467,245,222
Demaholy,illidan,1710,priest,discipline,163,82,81
Valothrian,area-52,1710,priest,discipline,172,86,86
Rlzpriest,tichondrius,1710,priest,discipline,148,74,74
Lavigne,tichondrius,1710,priest,discipline,48,24,24
Wisher,tichondrius,1710,priest,discipline,491,244,247
Pgpriest,kelthuzad,1710,priest,discipline,156,76,80
Cityboyy,tichondrius,1709,priest,discipline,61,28,33
Lesplief,bleeding-hollow,1708,priest,discipline,205,116,89
Abbyc,barthilas,1708,priest,discipline,84,45,39
Astroluma,illidan,1708,priest,discipline,190,96,94
Longday,kelthuzad,1708,priest,discipline,66,33,33
Catonement,moon-guard,1708,priest,discipline,997,490,507
Brett,exodar,1707,priest,discipline,36,23,13
Andreslol,sargeras,1707,priest,discipline,54,32,22
Raxekk,stormrage,1707,priest,discipline,72,40,32
Notfandy,tichondrius,1707,priest,discipline,198,108,90
Meren,kelthuzad,1707,priest,discipline,72,38,34
Caveria,emerald-dream,1707,priest,discipline,283,146,137
Indiglo,arthas,1707,priest,discipline,168,83,85
Kujox,tichondrius,1707,priest,discipline,117,57,60
Stegp,kelthuzad,1706,priest,discipline,52,26,26
Nabukom,destromath,1706,priest,discipline,58,27,31
Shaddäye,andorhal,1706,priest,discipline,82,38,44
Dijkstracted,ragnaros,1705,priest,discipline,235,126,109
Dippyboi,whisperwind,1705,priest,discipline,102,50,52
Squaanchy,bleeding-hollow,1705,priest,discipline,129,61,68
Highprofile,proudmoore,1705,priest,discipline,42,19,23
Notoriousmmä,illidan,1704,priest,discipline,123,74,49
Hottymcdotty,black-dragonflight,1704,priest,discipline,54,31,23
Nyluh,deathwing,1704,priest,discipline,125,62,63
Conorpriest,tichondrius,1703,priest,discipline,36,18,18
Tooziq,stormrage,1703,priest,discipline,47,22,25
Dènalí,area-52,1702,priest,discipline,90,49,41
Machinecoach,stormrage,1702,priest,discipline,70,37,33
Shnozberry,tichondrius,1702,priest,discipline,114,46,68
Blasphêmy,malganis,1701,priest,discipline,98,57,41
Cozies,stormreaver,1701,priest,discipline,89,50,39
Maxla,tichondrius,1701,priest,discipline,227,127,100
Cápone,bleeding-hollow,1701,priest,discipline,72,31,41
Ndeezy,malganis,1700,priest,discipline,51,33,18
Purged,shadowmoon,1700,priest,discipline,590,311,279
Sanitizer,frostmourne,1699,priest,discipline,102,54,48
Kencys,tichondrius,1699,priest,discipline,58,29,29
Choochang,sargeras,1698,priest,discipline,68,48,20
Leviathanh,tichondrius,1698,priest,discipline,124,80,44
Nightcráwler,illidan,1697,priest,discipline,101,53,48
Ucksy,blackrock,1697,priest,discipline,54,23,31
Practition,bleeding-hollow,1696,priest,discipline,70,44,26
Frymii,frostmourne,1696,priest,discipline,48,25,23
Mellow,tichondrius,1696,priest,discipline,272,141,131
Yogosun,dalaran,1696,priest,discipline,47,24,23
Icesnowli,tichondrius,1696,priest,discipline,101,51,50
Psyclick,zuljin,1695,priest,discipline,42,27,15
ßðßßÿ,area-52,1695,priest,discipline,48,26,22
Healum,nemesis,1695,priest,discipline,181,94,87
Winss,tichondrius,1695,priest,discipline,456,236,220
Fádéd,tichondrius,1695,priest,discipline,41,21,20
Scryphe,kelthuzad,1695,priest,discipline,241,120,121
Lanäthel,sargeras,1694,priest,discipline,34,22,12
Rmx,illidan,1694,priest,discipline,76,37,39
Howiecakes,bloodhoof,1694,priest,discipline,105,49,56
Ravnica,kelthuzad,1694,priest,discipline,118,54,64
Azaleth,sargeras,1693,priest,discipline,71,44,27
Skcits,sargeras,1693,priest,discipline,84,52,32
Tòxìç,stormrage,1693,priest,discipline,47,26,21
Kukion,uldum,1693,priest,discipline,130,67,63
Geon,sargeras,1693,priest,discipline,119,59,60
Plaguebaby,stormrage,1693,priest,discipline,57,28,29
Dimanche,thunderlord,1693,priest,discipline,108,52,56
Gothmidget,illidan,1693,priest,discipline,84,38,46
Cyntech,area-52,1691,priest,discipline,53,39,14
Pigogo,tichondrius,1690,priest,discipline,45,26,19
Kymosolop,sargeras,1690,priest,discipline,45,26,19
Amayå,kelthuzad,1690,priest,discipline,108,54,54
Ragretsxo,darkspear,1690,priest,discipline,204,100,104
Kencyx,tichondrius,1689,priest,discipline,42,24,18
Tcfx,bleeding-hollow,1689,priest,discipline,36,20,16
Elybele,sargeras,1689,priest,discipline,114,61,53
Charbosan,gorgonnash,1689,priest,discipline,850,436,414
Toopriestly,deathwing,1689,priest,discipline,118,59,59
Maatrrixx,drakkari,1689,priest,discipline,66,22,44
Anmu,illidan,1688,priest,discipline,36,20,16
Argylemomo,emerald-dream,1688,priest,discipline,202,103,99
Analogxz,nemesis,1688,priest,discipline,210,100,110
Zrn,bleeding-hollow,1688,priest,discipline,102,47,55
Khaoshealer,destromath,1688,priest,discipline,257,116,141
Pumtootoot,tichondrius,1688,priest,discipline,78,35,43
Backhairbb,tichondrius,1688,priest,discipline,54,24,30
Trentdaddy,tichondrius,1687,priest,discipline,42,26,16
Murth,laughing-skull,1687,priest,discipline,65,37,28
Onineko,bleeding-hollow,1687,priest,discipline,69,38,31
Qnarisha,tichondrius,1687,priest,discipline,95,47,48
Haetas,zuljin,1687,priest,discipline,59,28,31
Synsparks,tichondrius,1687,priest,discipline,77,35,42
Hõlyshìt,whisperwind,1686,priest,discipline,48,31,17
Klttzz,sargeras,1686,priest,discipline,106,57,49
Ritzzx,ragnaros,1686,priest,discipline,137,66,71
Bellaelle,stormrage,1686,priest,discipline,111,53,58
Andypr,illidan,1686,priest,discipline,66,25,41
Swaheally,frostmourne,1685,priest,discipline,84,45,39
Crysknife,korgath,1685,priest,discipline,53,27,26
Prettyxelinz,barthilas,1685,priest,discipline,203,98,105
Pesca,proudmoore,1685,priest,discipline,149,67,82
Likehisname,tichondrius,1685,priest,discipline,102,41,61
Sykezlol,darkspear,1684,priest,discipline,114,71,43
Krewesin,ravencrest,1684,priest,discipline,61,32,29
Oopsy,bleeding-hollow,1684,priest,discipline,78,40,38
Wormclergy,tichondrius,1684,priest,discipline,194,92,102
Hoglet,moon-guard,1683,priest,discipline,89,54,35
Dsls,daggerspine,1683,priest,discipline,46,27,19
Olark,durotan,1683,priest,discipline,635,308,327
Flagiddy,kelthuzad,1683,priest,discipline,75,36,39
Crunchywater,stormrage,1683,priest,discipline,68,32,36
Rámmstein,wyrmrest-accord,1682,priest,discipline,126,68,58
Fyshme,frostmourne,1682,priest,discipline,42,22,20
Tastyloads,illidan,1682,priest,discipline,258,134,124
Spliffs,tichondrius,1682,priest,discipline,260,125,135
Kepptwo,korgath,1682,priest,discipline,48,22,26
Märzy,thrall,1681,priest,discipline,42,26,16
Melforn,moon-guard,1681,priest,discipline,71,34,37
Lexiahp,frostmourne,1681,priest,discipline,295,141,154
Boostedpi,tichondrius,1681,priest,discipline,68,31,37
Ruinr,illidan,1680,priest,discipline,36,20,16
Meshuggah,archimonde,1680,priest,discipline,87,44,43
Donutpriest,kelthuzad,1680,priest,discipline,174,87,87
Shrooks,frostmourne,1680,priest,discipline,74,36,38
Xidis,vashj,1680,priest,discipline,77,30,47
Skzfangirl,moon-guard,1679,priest,discipline,41,24,17
Nißirøux,sargeras,1679,priest,discipline,36,20,16
Sontïx,sargeras,1679,priest,discipline,55,29,26
Washdp,frostmourne,1679,priest,discipline,47,24,23
Jjmms,akama,1679,priest,discipline,477,230,247
Ahealer,alterac-mountains,1679,priest,discipline,84,38,46
Soõ,tichondrius,1678,priest,discipline,74,46,28
Sleezi,emerald-dream,1678,priest,discipline,156,91,65
Gucciflops,tichondrius,1678,priest,discipline,72,42,30
Dotsfortots,malfurion,1678,priest,discipline,47,27,20
Frotters,kiljaeden,1678,priest,discipline,53,30,23
Ohnahnah,khadgar,1678,priest,discipline,143,72,71
Gurgs,emerald-dream,1676,priest,discipline,38,19,19
Natahlia,area-52,1676,priest,discipline,108,52,56
Eggsdenny,illidan,1676,priest,discipline,102,47,55
Shastyr,tichondrius,1675,priest,discipline,156,85,71
Narodiz,nemesis,1675,priest,discipline,48,26,22
Pedobearx,ragnaros,1675,priest,discipline,242,124,118
Bonehead,warsong,1675,priest,discipline,48,23,25
Dàzle,chogall,1674,priest,discipline,42,25,17
Mindtrick,zuljin,1674,priest,discipline,44,24,20
Eazyp,stormrage,1674,priest,discipline,86,45,41
Carboload,thrall,1674,priest,discipline,53,26,27
Deadpla,ragnaros,1674,priest,discipline,215,101,114
Nancya,stormrage,1673,priest,discipline,87,54,33
Staywild,tichondrius,1673,priest,discipline,87,49,38
Swartzp,tichondrius,1673,priest,discipline,158,85,73
Dakp,sargeras,1673,priest,discipline,48,20,28
Justafkoutpr,gorefiend,1672,priest,discipline,78,47,31
Plztrainme,spinebreaker,1672,priest,discipline,78,40,38
Gfayde,sargeras,1672,priest,discipline,78,40,38
Deathtones,barthilas,1672,priest,discipline,197,100,97
Sewerlordx,tichondrius,1671,priest,discipline,33,23,10
Gosarix,tichondrius,1671,priest,discipline,30,20,10
Eetsqt,barthilas,1671,priest,discipline,120,74,46
Bunnyeat,tichondrius,1671,priest,discipline,62,35,27
Discoteqe,korgath,1671,priest,discipline,135,71,64
Yaholyfather,aerie-peak,1671,priest,discipline,84,44,40
Gucciboon,frostmourne,1671,priest,discipline,91,46,45
Vatikn,stormrage,1671,priest,discipline,72,36,36
Maccten,tichondrius,1671,priest,discipline,56,28,28
Ariês,tichondrius,1671,priest,discipline,108,48,60
Holymagetv,tichondrius,1671,priest,discipline,68,29,39
Derpdot,stormrage,1670,priest,discipline,54,32,22
Perothon,garrosh,1670,priest,discipline,155,83,72
Pipamps,stormrage,1670,priest,discipline,201,104,97
Sweetnipsbro,tichondrius,1670,priest,discipline,196,95,101
Shieldharder,stormrage,1669,priest,discipline,97,46,51
Icemocha,tichondrius,1669,priest,discipline,104,46,58
Zaperama,tichondrius,1669,priest,discipline,47,20,27
Mastahspell,illidan,1669,priest,discipline,60,24,36
Taylor,draenor,1668,priest,discipline,72,43,29
Megz,zuljin,1668,priest,discipline,82,42,40
Honorkneez,muradin,1668,priest,discipline,48,23,25
Bosspriest,tichondrius,1668,priest,discipline,107,51,56
Dupaforted,stormrage,1668,priest,discipline,89,38,51
Junethegreat,tichondrius,1668,priest,discipline,60,24,36
Zaryx,wildhammer,1667,priest,discipline,84,44,40
Mcfref,tichondrius,1667,priest,discipline,135,70,65
Bryelx,ragnaros,1667,priest,discipline,479,246,233
Flamédøtz,ragnaros,1667,priest,discipline,78,40,38
Batiatus,moon-guard,1667,priest,discipline,469,236,233
Storylord,malganis,1667,priest,discipline,42,20,22
Ataraksija,sargeras,1666,priest,discipline,27,19,8
Catmints,illidan,1666,priest,discipline,168,89,79
Heart,misha,1666,priest,discipline,186,94,92
Nelpesh,tichondrius,1666,priest,discipline,60,27,33
Synnlawl,bleeding-hollow,1666,priest,discipline,119,52,67
Fullfear,lothar,1665,priest,discipline,66,38,28
Dolrizz,tichondrius,1665,priest,discipline,144,81,63
Gilthðniel,quelthalas,1665,priest,discipline,344,172,172
Feivalentine,illidan,1665,priest,discipline,54,24,30
Tammyone,emerald-dream,1664,priest,discipline,107,64,43
Góndhi,tichondrius,1664,priest,discipline,42,25,17
Milkkz,zuljin,1664,priest,discipline,78,42,36
Recoverys,illidan,1664,priest,discipline,36,19,17
Jammeslight,quelthalas,1664,priest,discipline,183,96,87
Chewey,tichondrius,1664,priest,discipline,89,43,46
Rima,stormscale,1664,priest,discipline,42,20,22
Marcalus,garrosh,1663,priest,discipline,37,20,17
Ghostchant,thrall,1663,priest,discipline,164,88,76
Amoureuxz,bleeding-hollow,1663,priest,discipline,150,79,71
Soulcleave,dark-iron,1663,priest,discipline,114,54,60
Drethor,saurfang,1663,priest,discipline,94,44,50
Lostmind,malganis,1663,priest,discipline,53,23,30
Shocklol,stormrage,1662,priest,discipline,29,22,7
Niik,tichondrius,1662,priest,discipline,36,25,11
Syrul,tichondrius,1662,priest,discipline,87,50,37
Azurebaba,tichondrius,1662,priest,discipline,205,116,89
Lingdums,tichondrius,1662,priest,discipline,77,43,34
Pakc,tichondrius,1662,priest,discipline,35,19,16
Draazja,dalaran,1662,priest,discipline,271,144,127
Tecnica,kelthuzad,1662,priest,discipline,268,138,130
Macknificent,sargeras,1662,priest,discipline,173,86,87
Chazzwizz,area-52,1662,priest,discipline,48,20,28
Fronkeytko,tichondrius,1661,priest,discipline,41,24,17
Kk,fizzcrank,1661,priest,discipline,90,52,38
Archecho,area-52,1661,priest,discipline,96,54,42
Inuyasha,stormrage,1661,priest,discipline,36,20,16
Fugazy,barthilas,1661,priest,discipline,44,24,20
Hårper,area-52,1661,priest,discipline,81,41,40
Smoochinz,sargeras,1661,priest,discipline,88,43,45
Fisp,moon-guard,1661,priest,discipline,72,33,39
Lunarina,hyjal,1661,priest,discipline,173,79,94
Archeo,area-52,1661,priest,discipline,84,35,49
Bvh,kelthuzad,1661,priest,discipline,57,22,35
Universe,spinebreaker,1660,priest,discipline,124,71,53
Soùlsista,sargeras,1660,priest,discipline,117,66,51
Prayussy,tichondrius,1660,priest,discipline,177,95,82
Fukneasy,darkspear,1660,priest,discipline,43,23,20
Joeyslaps,frostwolf,1660,priest,discipline,64,34,30
Khrystalhero,nagrand,1660,priest,discipline,233,123,110
Absorbn,barthilas,1660,priest,discipline,144,73,71
Resisted,gorefiend,1660,priest,discipline,244,123,121
Yotz,destromath,1660,priest,discipline,72,33,39
Arfaxad,quelthalas,1659,priest,discipline,24,18,6
Elfgasmic,blackwater-raiders,1659,priest,discipline,36,20,16
Priestreto,zuljin,1659,priest,discipline,137,76,61
Valtres,tichondrius,1659,priest,discipline,66,36,30
Kwaremont,sargeras,1659,priest,discipline,47,22,25
Cayleey,stormrage,1659,priest,discipline,90,40,50
Jaysshadow,illidan,1658,priest,discipline,161,88,73
Brickzy,dalaran,1658,priest,discipline,46,25,21
Bombdevil,quelthalas,1658,priest,discipline,173,94,79
Luciellis,sargeras,1658,priest,discipline,162,83,79
Educated,tichondrius,1658,priest,discipline,98,47,51
Teddyy,tichondrius,1658,priest,discipline,54,22,32
Caveron,tichondrius,1657,priest,discipline,42,23,19
Szx,akama,1657,priest,discipline,172,93,79
Pvprashida,tichondrius,1657,priest,discipline,737,378,359
Honeyduutch,black-dragonflight,1657,priest,discipline,186,95,91
Invoice,bloodscalp,1657,priest,discipline,46,23,23
Holyster,tichondrius,1657,priest,discipline,59,26,33
Pocket,alleria,1656,priest,discipline,36,21,15
Obstetrician,tichondrius,1656,priest,discipline,42,24,18
Frenezyz,ragnaros,1656,priest,discipline,112,56,56
Shunpei,ragnaros,1656,priest,discipline,270,130,140
Sarïya,moon-guard,1656,priest,discipline,143,68,75
Qtasiangirl,emerald-dream,1656,priest,discipline,115,49,66
Alfié,kelthuzad,1655,priest,discipline,130,75,55
Scruge,frostmourne,1655,priest,discipline,127,72,55
Saintpleb,sargeras,1655,priest,discipline,42,23,19
Theravus,moon-guard,1655,priest,discipline,124,67,57
Dances,emerald-dream,1655,priest,discipline,42,22,20
Rapturebtw,sargeras,1655,priest,discipline,65,34,31
Zilah,ravencrest,1655,priest,discipline,162,84,78
Vcainyfairy,stormrage,1655,priest,discipline,531,267,264
Holyneuro,illidan,1655,priest,discipline,48,24,24
Kagemetsu,sargeras,1655,priest,discipline,164,81,83
Pocserpriest,drakkari,1655,priest,discipline,92,44,48
Papafajita,area-52,1655,priest,discipline,125,59,66
Astalail,emerald-dream,1654,priest,discipline,64,35,29
Jönsnow,ghostlands,1654,priest,discipline,191,98,93
Darknuz,sargeras,1654,priest,discipline,53,27,26
Marejaynez,tichondrius,1654,priest,discipline,345,166,179
Ajazz,zuljin,1653,priest,discipline,126,69,57
Larry,tichondrius,1653,priest,discipline,149,73,76
Xîîaotong,tichondrius,1652,priest,discipline,82,53,29
Kelime,azralon,1652,priest,discipline,60,34,26
Ranthrough,tichondrius,1652,priest,discipline,119,63,56
Pinkprincess,tichondrius,1652,priest,discipline,36,19,17
Opeli,stormrage,1652,priest,discipline,120,63,57
Anastasiá,barthilas,1652,priest,discipline,72,28,44
Likkik,area-52,1651,priest,discipline,42,29,13
Hpalisdawg,malorne,1651,priest,discipline,79,44,35
Ringofvalor,lightnings-blade,1651,priest,discipline,232,128,104
Kathere,tichondrius,1651,priest,discipline,90,48,42
Deathwisher,illidan,1651,priest,discipline,317,154,163
Omgpeeldude,akama,1651,priest,discipline,72,32,40
Rotbaron,bleeding-hollow,1651,priest,discipline,138,60,78
Airalia,bleeding-hollow,1650,priest,discipline,36,23,13
Dogbutt,burning-legion,1650,priest,discipline,35,20,15
Lovesthebox,frostmourne,1650,priest,discipline,180,85,95
Yaz,emerald-dream,1650,priest,discipline,89,42,47
Lelyna,stormrage,1649,priest,discipline,51,35,16
Zyklonova,frostmourne,1649,priest,discipline,54,31,23
Lejn,illidan,1649,priest,discipline,90,51,39
Hanley,tichondrius,1649,priest,discipline,85,48,37
Lîk,tichondrius,1649,priest,discipline,243,133,110
Ezelra,frostmourne,1649,priest,discipline,53,29,24
Causeoflife,eitrigg,1649,priest,discipline,67,36,31
Pungentonion,tichondrius,1649,priest,discipline,58,26,32
Physics,frostmane,1649,priest,discipline,50,20,30
Bater,mugthol,1648,priest,discipline,116,66,50
Valdurai,stormrage,1648,priest,discipline,116,63,53
Hasby,area-52,1648,priest,discipline,270,145,125
Moalboal,tichondrius,1648,priest,discipline,472,238,234
Bigtomwudi,illidan,1647,priest,discipline,82,43,39
Persimmons,lightbringer,1647,priest,discipline,175,90,85
Trollpreist,tichondrius,1647,priest,discipline,148,75,73
Appleshampoo,black-dragonflight,1647,priest,discipline,52,25,27
Bathrobè,tichondrius,1646,priest,discipline,114,67,47
Valith,bleeding-hollow,1646,priest,discipline,112,61,51
Toastspriest,tichondrius,1646,priest,discipline,125,67,58
Maomaoangel,tichondrius,1646,priest,discipline,142,76,66
Psycozis,hyjal,1646,priest,discipline,510,264,246
Iamjakehill,area-52,1646,priest,discipline,154,79,75
Rum,kirin-tor,1646,priest,discipline,54,26,28
Dpendant,frostmourne,1646,priest,discipline,155,73,82
Vhexz,sargeras,1645,priest,discipline,266,155,111
Relaax,illidan,1645,priest,discipline,147,78,69
Rosaparksxo,sargeras,1645,priest,discipline,70,35,35
Piils,sargeras,1645,priest,discipline,42,21,21
Cavatea,illidan,1645,priest,discipline,42,21,21
Deadpriesst,arthas,1645,priest,discipline,180,85,95
Evilear,tichondrius,1645,priest,discipline,151,68,83
Delai,dalaran,1644,priest,discipline,34,23,11
Kellogss,magtheridon,1644,priest,discipline,42,24,18
Primalshadow,kaelthas,1644,priest,discipline,42,23,19
Arcalon,thrall,1644,priest,discipline,113,60,53
Nearo,barthilas,1644,priest,discipline,310,151,159
Sinday,zuljin,1644,priest,discipline,93,45,48
Tshik,ragnaros,1644,priest,discipline,187,88,99
Detainedz,malganis,1644,priest,discipline,42,19,23
Cptcancer,tichondrius,1644,priest,discipline,54,23,31
Toddmund,tichondrius,1644,priest,discipline,64,25,39
Ssgpak,tichondrius,1643,priest,discipline,77,53,24
Mayev,illidan,1643,priest,discipline,531,283,248
Stríkes,emerald-dream,1643,priest,discipline,59,26,33
Aldonalvan,argent-dawn,1642,priest,discipline,42,28,14
Life,amanthul,1642,priest,discipline,145,86,59
Jâldabaoth,area-52,1642,priest,discipline,140,80,60
Holyphodays,sargeras,1642,priest,discipline,199,109,90
Kuell,ragnaros,1642,priest,discipline,53,29,24
Twêet,frostmourne,1642,priest,discipline,246,115,131
Sidepiëce,area-52,1642,priest,discipline,64,26,38
Reiae,malganis,1642,priest,discipline,70,27,43
Kiwioom,frostmourne,1641,priest,discipline,60,38,22
Mabisyo,wyrmrest-accord,1641,priest,discipline,62,36,26
Linarindil,hyjal,1641,priest,discipline,156,78,78
Nancynibbler,bleeding-hollow,1641,priest,discipline,94,42,52
Ieveling,skywall,1641,priest,discipline,83,37,46
Jîtters,silvermoon,1640,priest,discipline,96,52,44
Ooft,tichondrius,1640,priest,discipline,58,31,27
Jiñx,destromath,1640,priest,discipline,284,151,133
Alguîen,ragnaros,1640,priest,discipline,115,61,54
Haill,quelthalas,1640,priest,discipline,140,72,68
Scpzi,frostmourne,1640,priest,discipline,80,41,39
Canibumsmoke,illidan,1640,priest,discipline,111,52,59
Zymmie,moon-guard,1640,priest,discipline,144,67,77
Boycrazy,nerzhul,1639,priest,discipline,57,36,21
Littlewizle,runetotem,1639,priest,discipline,52,27,25
Velandrys,earthen-ring,1639,priest,discipline,122,62,60
Purplepil,sargeras,1639,priest,discipline,36,18,18
Asthenia,saurfang,1639,priest,discipline,168,82,86
Xävier,farstriders,1639,priest,discipline,66,32,34
Monâ,sargeras,1639,priest,discipline,42,20,22
Rdson,malganis,1639,priest,discipline,141,62,79
Corrûpt,stormrage,1638,priest,discipline,141,75,66
Jemine,tichondrius,1638,priest,discipline,170,88,82
Yunnan,executus,1638,priest,discipline,239,123,116
Trojanphobia,bleeding-hollow,1637,priest,discipline,132,71,61
Inkders,detheroc,1637,priest,discipline,100,53,47
Mindblasterx,kelthuzad,1637,priest,discipline,879,441,438
Voidrachet,thrall,1637,priest,discipline,72,33,39
Evvylou,stormrage,1637,priest,discipline,42,19,23
Knucklesandy,tichondrius,1637,priest,discipline,71,29,42
Aethriem,bleeding-hollow,1636,priest,discipline,54,33,21
Asj,illidan,1636,priest,discipline,93,56,37
Bloodyx,bleeding-hollow,1636,priest,discipline,313,156,157
Liteztvp,tichondrius,1636,priest,discipline,351,169,182
Ünagi,thrall,1636,priest,discipline,134,64,70
Döllyy,illidan,1636,priest,discipline,48,22,26
Valeilah,illidan,1635,priest,discipline,188,112,76
Mutedox,frostmourne,1635,priest,discipline,47,24,23
Arcosis,turalyon,1635,priest,discipline,54,22,32
Mangolatte,frostmourne,1634,priest,discipline,55,41,14
Thirdplace,tichondrius,1634,priest,discipline,36,24,12
Prïestitute,zuljin,1634,priest,discipline,174,102,72
Naranjitá,ragnaros,1634,priest,discipline,96,56,40
Supplicant,malganis,1634,priest,discipline,47,24,23
Crizem,bleeding-hollow,1634,priest,discipline,319,161,158
Townbicyclé,area-52,1634,priest,discipline,48,24,24
Dorazòn,bleeding-hollow,1634,priest,discipline,60,26,34
Aesudan,dalaran,1633,priest,discipline,153,90,63
Zëref,azralon,1633,priest,discipline,94,55,39
Tokoyo,sargeras,1633,priest,discipline,232,131,101
Planchebois,zuljin,1633,priest,discipline,66,37,29
Creòle,area-52,1633,priest,discipline,42,23,19
Lyrä,kiljaeden,1633,priest,discipline,163,89,74
Huxleypoo,boulderfist,1633,priest,discipline,42,22,20
Marshpillow,barthilas,1633,priest,discipline,558,287,271
Bacpack,area-52,1633,priest,discipline,177,89,88
Aladdinlol,tichondrius,1633,priest,discipline,88,38,50
Voidnoodles,area-52,1633,priest,discipline,91,39,52
Neuterednuts,zuljin,1632,priest,discipline,48,27,21
Healzyea,eonar,1632,priest,discipline,149,81,68
Valyx,tichondrius,1632,priest,discipline,204,110,94
Uriyel,quelthalas,1632,priest,discipline,197,104,93
Magnuscorp,illidan,1632,priest,discipline,48,23,25
Buhroke,thrall,1632,priest,discipline,62,29,33
Brock,lightbringer,1632,priest,discipline,54,25,29
Kayare,area-52,1632,priest,discipline,53,23,30
Tslacalls,malganis,1631,priest,discipline,55,34,21
Lunapea,frostmourne,1631,priest,discipline,42,24,18
Lemmiewinkzx,sargeras,1631,priest,discipline,56,28,28
Serrahs,tichondrius,1631,priest,discipline,208,102,106
Gutrìck,tichondrius,1631,priest,discipline,54,26,28
Gödtier,frostwolf,1631,priest,discipline,42,18,24
Skadín,stormrage,1630,priest,discipline,155,92,63
Hellagud,kargath,1630,priest,discipline,283,157,126
Gamepass,tichondrius,1630,priest,discipline,60,30,30
Flexeggette,illidan,1630,priest,discipline,55,26,29
Okiin,malganis,1630,priest,discipline,48,19,29
Lolcrafthd,ragnaros,1629,priest,discipline,387,200,187
Doíboó,tichondrius,1629,priest,discipline,58,29,29
Anahka,tichondrius,1629,priest,discipline,78,37,41
Trezz,aegwynn,1629,priest,discipline,42,19,23
Zhaiyang,cairne,1628,priest,discipline,53,30,23
Thiella,azralon,1628,priest,discipline,90,49,41
Bustit,azgalor,1628,priest,discipline,52,28,24
Glöws,area-52,1628,priest,discipline,36,18,18
Ruminationz,stormrage,1628,priest,discipline,321,158,163
Kastep,tichondrius,1628,priest,discipline,154,75,79
Çherish,stormrage,1628,priest,discipline,36,17,19
Ggsaurusrex,area-52,1628,priest,discipline,139,64,75
Buffrmppls,ragnaros,1628,priest,discipline,48,18,30
Gabasim,illidan,1627,priest,discipline,34,27,7
Dics,barthilas,1627,priest,discipline,60,39,21
Tegridyfarm,malganis,1627,priest,discipline,54,30,24
Wheelson,wildhammer,1627,priest,discipline,119,65,54
Saltlevels,sargeras,1627,priest,discipline,174,94,80
Crionicz,bleeding-hollow,1627,priest,discipline,52,28,24
Sermøn,azuremyst,1627,priest,discipline,576,302,274
Djc,tichondrius,1627,priest,discipline,96,50,46
Ärchangél,tichondrius,1627,priest,discipline,152,79,73
Shutkap,sargeras,1627,priest,discipline,54,27,27
Yiesus,sargeras,1627,priest,discipline,45,22,23
Abbyy,barthilas,1627,priest,discipline,77,35,42
Gíggìty,stormrage,1626,priest,discipline,81,52,29
Chumpster,moon-guard,1626,priest,discipline,109,69,40
Discavow,bleeding-hollow,1626,priest,discipline,51,31,20
Krupticus,tichondrius,1626,priest,discipline,40,24,16
Msisidol,tichondrius,1626,priest,discipline,43,25,18
Jasonlol,sargeras,1626,priest,discipline,167,96,71
Brothercarl,stormrage,1626,priest,discipline,95,51,44
Famemolol,tichondrius,1626,priest,discipline,533,263,270
Aenbubble,tichondrius,1626,priest,discipline,49,24,25
Mdibaxx,tichondrius,1626,priest,discipline,150,71,79
Floppeh,khazgoroth,1626,priest,discipline,96,44,52
Benedictiion,tichondrius,1626,priest,discipline,127,58,69
Shadheda,andorhal,1626,priest,discipline,134,60,74
Bòngu,tichondrius,1626,priest,discipline,58,24,34
Intrav,malganis,1625,priest,discipline,41,25,16
Mylo,azralon,1625,priest,discipline,48,28,20
Aexdawg,malganis,1625,priest,discipline,144,83,61
Wtfamdoing,quelthalas,1625,priest,discipline,90,51,39
Zórg,stormrage,1625,priest,discipline,96,53,43
Spx,frostmourne,1625,priest,discipline,132,72,60
Againll,tichondrius,1625,priest,discipline,43,23,20
Tvstealer,illidan,1625,priest,discipline,95,49,46
Jâmïè,gurubashi,1624,priest,discipline,58,39,19
Roxann,firetree,1624,priest,discipline,192,101,91
Giveheadpats,moon-guard,1624,priest,discipline,301,154,147
Vampyren,frostmourne,1624,priest,discipline,42,20,22
Selfless,barthilas,1624,priest,discipline,96,45,51
Gránd,emerald-dream,1624,priest,discipline,60,23,37
Zerokool,moonrunner,1623,priest,discipline,54,33,21
Caesus,sargeras,1623,priest,discipline,124,70,54
Gus,the-venture-co,1623,priest,discipline,234,123,111
Tanthsondis,illidan,1623,priest,discipline,84,44,40
Helacia,jubeithos,1623,priest,discipline,41,21,20
Hereges,azralon,1623,priest,discipline,48,24,24
Shrax,emerald-dream,1623,priest,discipline,223,110,113
Ptampyx,tichondrius,1623,priest,discipline,65,32,33
Layu,azralon,1623,priest,discipline,60,24,36
Suekmydisc,frostmourne,1622,priest,discipline,72,43,29
Elbeefsteak,ragnaros,1622,priest,discipline,54,32,22
Vsat,illidan,1622,priest,discipline,54,26,28
Smiliebomb,tichondrius,1622,priest,discipline,36,17,19
Wickedpriest,malganis,1622,priest,discipline,54,25,29
Kûrtt,azralon,1622,priest,discipline,42,19,23
Woodricks,frostmourne,1622,priest,discipline,71,27,44
Spicer,eredar,1621,priest,discipline,41,25,16
Tuniepope,sargeras,1621,priest,discipline,75,45,30
Crazyshadow,proudmoore,1621,priest,discipline,48,27,21
Timbobaloo,thrall,1621,priest,discipline,94,52,42
Inssania,ragnaros,1621,priest,discipline,101,53,48
Deathsmoke,ragnaros,1621,priest,discipline,112,55,57
Fialiadia,illidan,1621,priest,discipline,54,20,34
Lukaspriest,proudmoore,1620,priest,discipline,71,46,25
Pigro,area-52,1620,priest,discipline,30,19,11
Madekasol,tichondrius,1620,priest,discipline,71,44,27
Cythrinx,bleeding-hollow,1620,priest,discipline,42,26,16
Warlocks,lightbringer,1620,priest,discipline,78,44,34
Luvenia,sargeras,1620,priest,discipline,404,207,197
Darknuzs,sargeras,1620,priest,discipline,42,21,21
Vandamnation,barthilas,1620,priest,discipline,355,169,186
Chigge,area-52,1619,priest,discipline,24,17,7
Descubra,stormrage,1619,priest,discipline,146,84,62
Holyfall,sargeras,1619,priest,discipline,244,126,118
Datspice,stormrage,1618,priest,discipline,42,25,17
Tickleme,zuljin,1618,priest,discipline,30,17,13
Oesobagi,tichondrius,1618,priest,discipline,131,74,57
Sacredlight,malygos,1618,priest,discipline,135,72,63
Nohéalforu,stormrage,1618,priest,discipline,48,25,23
Jmr,onyxia,1617,priest,discipline,24,17,7
Saíth,proudmoore,1617,priest,discipline,30,17,13
Bootycough,malganis,1617,priest,discipline,213,118,95
Ingladforx,azralon,1617,priest,discipline,83,41,42
Ajxoz,thrall,1617,priest,discipline,36,17,19
Norikoo,malganis,1617,priest,discipline,36,17,19
Mingoms,illidan,1616,priest,discipline,80,46,34
Jesstor,frostmourne,1616,priest,discipline,46,26,20
Zyonn,chogall,1616,priest,discipline,36,18,18
Dayquills,illidan,1616,priest,discipline,72,28,44
Elliepls,tichondrius,1615,priest,discipline,49,31,18
Apathist,sargeras,1615,priest,discipline,72,45,27
Predolph,illidan,1615,priest,discipline,60,34,26
Lifeswaplol,kelthuzad,1615,priest,discipline,85,48,37
Katilina,barthilas,1615,priest,discipline,53,28,25
Azurestorm,tichondrius,1615,priest,discipline,99,49,50
Kirigäya,quelthalas,1614,priest,discipline,106,65,41
Bombsmile,tichondrius,1614,priest,discipline,36,20,16
Illuminare,sargeras,1614,priest,discipline,225,118,107
Kks,tichondrius,1614,priest,discipline,96,49,47
Cency,tichondrius,1614,priest,discipline,36,17,19
Iovedoctor,tichondrius,1614,priest,discipline,78,25,53
Sâsh,stormrage,1613,priest,discipline,72,40,32
Zawi,zuljin,1613,priest,discipline,193,107,86
Discreté,bleeding-hollow,1613,priest,discipline,48,26,22
Deadnyx,tichondrius,1613,priest,discipline,54,29,25
Aåurøra,stormrage,1613,priest,discipline,46,23,23
Trezz,hakkar,1613,priest,discipline,46,23,23
Mattgarska,tichondrius,1613,priest,discipline,48,17,31
Tyszie,sargeras,1612,priest,discipline,66,40,26
Idontrez,illidan,1612,priest,discipline,47,27,20
Draxxankou,tanaris,1612,priest,discipline,103,59,44
Thelondon,tichondrius,1612,priest,discipline,118,66,52
Wiñtér,tichondrius,1612,priest,discipline,78,43,35
Rafers,tichondrius,1612,priest,discipline,48,20,28
Bigkey,malganis,1611,priest,discipline,36,24,12
Gsek,nemesis,1611,priest,discipline,36,23,13
Akayayuelol,tichondrius,1611,priest,discipline,91,58,33
Jamzae,tichondrius,1611,priest,discipline,36,21,15
Tazzi,chromaggus,1611,priest,discipline,271,147,124
Vincejddp,zuljin,1611,priest,discipline,199,105,94
Mortteus,agamaggan,1611,priest,discipline,145,72,73
Itsmurphy,sargeras,1611,priest,discipline,309,152,157
Drossv,shadowmoon,1611,priest,discipline,42,17,25
Zenorik,thrall,1610,priest,discipline,53,33,20
Kencyy,tichondrius,1610,priest,discipline,66,38,28
Cinsare,moon-guard,1610,priest,discipline,102,58,44
Elivice,ragnaros,1610,priest,discipline,30,17,13
Yugewap,hyjal,1610,priest,discipline,280,155,125
Sharkbones,tichondrius,1610,priest,discipline,60,33,27
Hopanda,tichondrius,1610,priest,discipline,137,74,63
Yidra,illidan,1610,priest,discipline,36,19,17
Blathers,malganis,1610,priest,discipline,98,51,47
Flatëarth,tichondrius,1610,priest,discipline,954,484,470
Billybobjane,jubeithos,1610,priest,discipline,42,21,21
Labraidor,tichondrius,1610,priest,discipline,264,126,138
Pontiffvelen,area-52,1610,priest,discipline,124,54,70
Másterclass,stormrage,1609,priest,discipline,29,22,7
Lightshizzle,illidan,1609,priest,discipline,32,20,12
Smashhley,bleeding-hollow,1609,priest,discipline,200,114,86
Feymuhs,blackrock,1609,priest,discipline,105,57,48
Slùm,barthilas,1609,priest,discipline,79,42,37
Auras,boulderfist,1609,priest,discipline,98,52,46
Absørptiøn,area-52,1609,priest,discipline,575,297,278
Pinchevato,ragnaros,1609,priest,discipline,401,204,197
Jizonya,tichondrius,1609,priest,discipline,144,65,79
Katjaa,quelthalas,1609,priest,discipline,80,30,50
Gsek,azralon,1608,priest,discipline,54,34,20
Dreaminz,tichondrius,1608,priest,discipline,60,37,23
Alcázardeyo,area-52,1608,priest,discipline,150,84,66
Kripple,tichondrius,1608,priest,discipline,62,33,29
Wrekkit,area-52,1608,priest,discipline,84,42,42
Psÿçhë,stormrage,1608,priest,discipline,42,20,22
Reginaa,nemesis,1608,priest,discipline,65,30,35
Zprist,illidan,1608,priest,discipline,84,36,48
Buttfive,illidan,1608,priest,discipline,58,24,34
Resortv,illidan,1607,priest,discipline,60,42,18
Winnzhor,bonechewer,1607,priest,discipline,189,109,80
Oiled,barthilas,1607,priest,discipline,224,125,99
Kaeda,drenden,1607,priest,discipline,84,44,40
Hootheals,illidan,1607,priest,discipline,46,24,22
Weapestrong,tichondrius,1607,priest,discipline,60,31,29
Preeste,stormrage,1607,priest,discipline,44,22,22
Mintadnade,nemesis,1607,priest,discipline,281,138,143
Powerwordqt,kalecgos,1607,priest,discipline,90,41,49
Spriestbro,emerald-dream,1606,priest,discipline,24,17,7
Kraamur,area-52,1606,priest,discipline,107,60,47
Teewat,illidan,1606,priest,discipline,42,23,19
Xhadow,sargeras,1606,priest,discipline,161,84,77
Alaran,magtheridon,1606,priest,discipline,149,77,72
Mclyte,whisperwind,1606,priest,discipline,203,103,100
Fõrcedtowipe,tichondrius,1606,priest,discipline,245,124,121
Lovesy,burning-legion,1606,priest,discipline,60,30,30
Abraz,kiljaeden,1606,priest,discipline,42,20,22
Darkispriest,tichondrius,1606,priest,discipline,36,17,19
Spdunni,area-52,1605,priest,discipline,53,29,24
Ytrexious,stormreaver,1605,priest,discipline,194,101,93
Yoggismydad,emerald-dream,1605,priest,discipline,185,95,90
Shiromar,tichondrius,1605,priest,discipline,102,51,51
Upwind,tichondrius,1605,priest,discipline,54,27,27
Takosoufflé,emerald-dream,1605,priest,discipline,48,22,26
Lolkwtf,sargeras,1605,priest,discipline,49,22,27
Míkò,sargeras,1604,priest,discipline,18,17,1
Speedboat,frostmourne,1604,priest,discipline,54,29,25
Tidbitsy,malganis,1604,priest,discipline,108,55,53
Tooze,draka,1604,priest,discipline,102,51,51
Giblettz,lightbringer,1604,priest,discipline,147,72,75
Renghost,illidan,1604,priest,discipline,42,20,22
ßlackøut,sargeras,1604,priest,discipline,59,28,31
Alcoric,illidan,1604,priest,discipline,36,17,19
Bublehead,zuljin,1604,priest,discipline,228,103,125
Priøst,tichondrius,1603,priest,discipline,195,112,83
Holymeta,dunemaul,1603,priest,discipline,155,89,66
Feymuhsjr,black-dragonflight,1603,priest,discipline,54,29,25
Kimjongdots,illidan,1603,priest,discipline,148,78,70
Serakiki,nemesis,1603,priest,discipline,114,59,55
Feloxi,lightnings-blade,1603,priest,discipline,202,104,98
Jubinátor,tichondrius,1603,priest,discipline,48,23,25
Peelforheals,nordrassil,1603,priest,discipline,153,73,80
Tooeasy,vashj,1603,priest,discipline,36,17,19
Solkadp,tichondrius,1603,priest,discipline,64,29,35
Mhp,illidan,1603,priest,discipline,57,23,34
Overshields,caelestrasz,1603,priest,discipline,58,23,35
Keaina,malganis,1602,priest,discipline,83,45,38
Lîghtsaber,illidan,1602,priest,discipline,146,79,67
Holyclappah,illidan,1602,priest,discipline,418,219,199
Gromkekz,area-52,1602,priest,discipline,73,38,35
Knoskeezy,proudmoore,1602,priest,discipline,162,84,78
Olibreaker,tichondrius,1602,priest,discipline,47,24,23
Manstench,tichondrius,1602,priest,discipline,81,40,41
Bigdaddios,dalaran,1602,priest,discipline,93,44,49
Cindyloux,tichondrius,1602,priest,discipline,42,19,23
Pennumbra,barthilas,1602,priest,discipline,132,57,75
Oopz,kelthuzad,1602,priest,discipline,50,20,30
Hiraa,frostmourne,1601,priest,discipline,42,28,14
Invicta,frostwolf,1601,priest,discipline,27,18,9
Fäñcÿ,tichondrius,1601,priest,discipline,72,39,33
Nenedada,tichondrius,1601,priest,discipline,105,56,49
Brahp,frostmourne,1601,priest,discipline,113,52,61
Mosquito,tichondrius,1601,priest,discipline,66,25,41
Donpireso,area-52,1600,priest,discipline,138,84,54
Seáoflions,aggramar,1600,priest,discipline,96,54,42
Whitesharks,tichondrius,1600,priest,discipline,48,27,21
Mepisth,azralon,1600,priest,discipline,66,36,30
Zarakonna,illidan,1600,priest,discipline,60,32,28
Frag,frostmourne,1600,priest,discipline,144,76,68
Troutlips,lightnings-blade,1600,priest,discipline,72,38,34
Nijoral,tichondrius,1600,priest,discipline,368,194,174
Opscurum,bleeding-hollow,1600,priest,discipline,174,90,84
Triangle,draka,1600,priest,discipline,138,71,67
Eirua,proudmoore,1600,priest,discipline,189,97,92
Sagarlor,moon-guard,1600,priest,discipline,79,40,39
Antonietta,drakkari,1599,priest,discipline,36,20,16
Crawly,illidan,1599,priest,discipline,289,144,145
Acpriest,tichondrius,1599,priest,discipline,147,72,75
Censyz,tichondrius,1598,priest,discipline,36,19,17
Zinnar,dalaran,1598,priest,discipline,202,97,105
Sagapriest,hyjal,1598,priest,discipline,66,31,35
Bigsmart,tichondrius,1598,priest,discipline,56,25,31
Antifaithx,frostmourne,1597,priest,discipline,72,41,31
Zackor,maiev,1597,priest,discipline,64,34,30
Størmy,kiljaeden,1597,priest,discipline,350,183,167
Fearthepain,lethon,1597,priest,discipline,60,30,30
Spicey,korgath,1596,priest,discipline,68,44,24
Wodturbo,bleeding-hollow,1596,priest,discipline,73,41,32
Mamabless,quelthalas,1596,priest,discipline,984,507,477
Shesaidthat,stormrage,1596,priest,discipline,333,169,164
Pettypriest,dalaran,1596,priest,discipline,79,39,40
Grizzlysmite,stormrage,1596,priest,discipline,379,185,194
Shathraxi,crushridge,1596,priest,discipline,71,34,37
Ivorytiger,bleeding-hollow,1596,priest,discipline,42,19,23
Jabreez,illidan,1595,priest,discipline,71,43,28
Incisions,moon-guard,1595,priest,discipline,120,65,55
Scarabless,bleeding-hollow,1595,priest,discipline,196,94,102
Serenewisp,tichondrius,1595,priest,discipline,101,48,53
Derpmodé,staghelm,1595,priest,discipline,78,36,42
Purgen,tichondrius,1594,priest,discipline,88,46,42
Overpriest,ragnaros,1594,priest,discipline,120,62,58
Bistek,bleeding-hollow,1594,priest,discipline,200,100,100
Kalilol,tichondrius,1594,priest,discipline,175,87,88
Afflickzz,kelthuzad,1594,priest,discipline,84,41,43
Somefire,proudmoore,1594,priest,discipline,262,127,135
Gummachine,tichondrius,1594,priest,discipline,36,17,19
Comana,frostmourne,1594,priest,discipline,53,25,28
Dazull,bleeding-hollow,1594,priest,discipline,76,34,42
Vezaxx,barthilas,1593,priest,discipline,554,282,272
Blacklog,darkspear,1593,priest,discipline,50,25,25
Lullabya,tichondrius,1593,priest,discipline,76,34,42
Randyortonn,tichondrius,1592,priest,discipline,98,54,44
Buddings,tichondrius,1592,priest,discipline,105,39,66
Madhairy,ragnaros,1591,priest,discipline,234,121,113
Dellitor,illidan,1591,priest,discipline,65,33,32
Darenlor,tichondrius,1591,priest,discipline,165,82,83
Ivf,darrowmere,1591,priest,discipline,275,134,141
Jatral,azralon,1591,priest,discipline,170,80,90
Dontgome,proudmoore,1590,priest,discipline,54,28,26
Aco,tichondrius,1590,priest,discipline,210,106,104
Meepsw,stormrage,1590,priest,discipline,125,63,62
Aralia,ragnaros,1590,priest,discipline,152,76,76
Isteri,thrall,1590,priest,discipline,52,26,26
Emotionally,sargeras,1589,priest,discipline,30,20,10
Lilbaldjosh,frostmourne,1589,priest,discipline,120,54,66
Sensitive,eitrigg,1588,priest,discipline,42,27,15
Bårriër,darkspear,1588,priest,discipline,53,30,23
Daleyn,ragnaros,1588,priest,discipline,54,30,24
Woosanghong,tichondrius,1588,priest,discipline,165,81,84
Raffimilk,tichondrius,1588,priest,discipline,45,22,23
Primael,tichondrius,1587,priest,discipline,40,18,22
Lightsight,burning-blade,1587,priest,discipline,136,61,75
Hawtzp,stormrage,1586,priest,discipline,113,62,51
Bushybush,darkspear,1586,priest,discipline,126,67,59
Azureslaps,tichondrius,1586,priest,discipline,264,134,130
Glassbirds,stormrage,1586,priest,discipline,111,55,56
Bhoyka,ragnaros,1586,priest,discipline,99,49,50
Motions,frostmourne,1586,priest,discipline,56,23,33
Sublîme,sargeras,1584,priest,discipline,145,87,58
Stickypriest,dreadmaul,1584,priest,discipline,117,69,48
Happybloke,moon-guard,1584,priest,discipline,288,159,129
Orzington,laughing-skull,1584,priest,discipline,164,88,76
Smalltoad,lightnings-blade,1584,priest,discipline,58,30,28
Fujinpriest,azralon,1584,priest,discipline,104,53,51
Shayylii,stormrage,1584,priest,discipline,56,26,30
Shadowdoc,illidan,1583,priest,discipline,154,83,71
Skwishee,illidan,1583,priest,discipline,112,60,52
Karebenniian,area-52,1583,priest,discipline,141,71,70
Catpictures,stormrage,1583,priest,discipline,66,32,34
Twistèr,zuljin,1583,priest,discipline,114,52,62
Punisherror,area-52,1583,priest,discipline,82,36,46
Packa,khaz-modan,1582,priest,discipline,54,29,25
Takomochi,sargeras,1582,priest,discipline,47,23,24
Vanderbeek,frostmourne,1582,priest,discipline,84,39,45
Bisholan,frostwolf,1582,priest,discipline,97,43,54
Ananiel,moon-guard,1581,priest,discipline,60,38,22
Methyll,firetree,1581,priest,discipline,45,27,18
Iichi,ragnaros,1581,priest,discipline,30,17,13
Halfcutt,tichondrius,1581,priest,discipline,144,71,73
Kihlupr,frostmourne,1581,priest,discipline,82,38,44
Jodaa,sargeras,1581,priest,discipline,54,24,30
Lonpriest,stormrage,1580,priest,discipline,336,168,168
Kepp,korgath,1580,priest,discipline,141,63,78
Dasaq,sargeras,1580,priest,discipline,48,19,29
Mxst,frostmourne,1579,priest,discipline,24,20,4
Cringepriest,area-52,1579,priest,discipline,54,33,21
Jagita,kelthuzad,1579,priest,discipline,37,22,15
Kdøt,bleeding-hollow,1579,priest,discipline,36,21,15
Faithmelter,stormrage,1579,priest,discipline,167,89,78
Luhhx,sargeras,1579,priest,discipline,170,88,82
Manryu,tichondrius,1579,priest,discipline,174,87,87
Adrio,malorne,1579,priest,discipline,493,238,255
Csjy,illidan,1579,priest,discipline,78,37,41
Poonanixo,gundrak,1579,priest,discipline,52,24,28
Carti,bleeding-hollow,1578,priest,discipline,244,135,109
Cezure,stormrage,1578,priest,discipline,368,199,169
Ilickdeadppl,sargeras,1577,priest,discipline,112,64,48
Skvmbag,tichondrius,1577,priest,discipline,217,112,105
Zizziz,tichondrius,1577,priest,discipline,66,33,33
Sungji,tichondrius,1577,priest,discipline,42,21,21
Badhabit,zuluhed,1577,priest,discipline,257,124,133
Skylark,bronzebeard,1577,priest,discipline,114,53,61
Mindseye,azgalor,1577,priest,discipline,186,81,105
Lolweedbro,illidan,1576,priest,discipline,160,90,70
Tricklee,tichondrius,1576,priest,discipline,77,40,37
Räpture,andorhal,1576,priest,discipline,64,33,31
Someonesxy,aggramar,1576,priest,discipline,52,26,26
Shadowmán,area-52,1576,priest,discipline,173,86,87
Chookspriest,tichondrius,1576,priest,discipline,272,135,137
Staysmall,stormrage,1576,priest,discipline,42,19,23
Takethat,emerald-dream,1575,priest,discipline,96,60,36
Bailez,malganis,1575,priest,discipline,91,53,38
Blindingstar,area-52,1575,priest,discipline,69,39,30
Fenty,nemesis,1575,priest,discipline,172,88,84
Ketapriest,frostmourne,1575,priest,discipline,142,67,75
Tokaru,frostmourne,1575,priest,discipline,62,29,33
Angeldawn,stormrage,1575,priest,discipline,64,26,38
Goo,boulderfist,1574,priest,discipline,78,44,34
Mathits,frostmourne,1574,priest,discipline,36,20,16
Brxddx,sargeras,1574,priest,discipline,137,68,69
Zegron,rexxar,1574,priest,discipline,44,21,23
Ulzaar,nerzhul,1574,priest,discipline,123,57,66
Fleshsack,area-52,1573,priest,discipline,30,17,13
Slippedadisc,kelthuzad,1573,priest,discipline,138,76,62
Croissånt,illidan,1573,priest,discipline,90,47,43
Blacklightz,korgath,1573,priest,discipline,133,67,66
Sasaberry,frostmourne,1573,priest,discipline,187,94,93
Imms,tichondrius,1573,priest,discipline,108,47,61
Cäpriestsunn,thrall,1572,priest,discipline,36,22,14
Imcringing,illidan,1572,priest,discipline,139,81,58
Leliane,tichondrius,1572,priest,discipline,78,42,36
Jerome,tichondrius,1572,priest,discipline,129,68,61
Seriosity,kelthuzad,1572,priest,discipline,54,23,31
Anastasìá,barthilas,1572,priest,discipline,64,23,41
Javox,drakkari,1571,priest,discipline,48,31,17
Madpriest,blades-edge,1571,priest,discipline,36,20,16
Psychic,bladefist,1571,priest,discipline,254,137,117
Turrec,illidan,1570,priest,discipline,30,22,8
Remuni,tichondrius,1570,priest,discipline,42,24,18
Ipód,tichondrius,1570,priest,discipline,251,139,112
Friendzonefw,illidan,1570,priest,discipline,156,79,77
Eccentrixx,mannoroth,1570,priest,discipline,66,33,33
Idolize,proudmoore,1570,priest,discipline,157,76,81
Rexîfy,zuljin,1569,priest,discipline,87,49,38
Lellos,tichondrius,1569,priest,discipline,122,63,59
Hypes,korgath,1569,priest,discipline,169,87,82
Ngin,queldorei,1569,priest,discipline,48,24,24
Ol,firetree,1569,priest,discipline,57,28,29
Høllywood,nazgrel,1568,priest,discipline,123,65,58
Nayng,tichondrius,1568,priest,discipline,458,233,225
Holécriss,tichondrius,1568,priest,discipline,173,88,85
Chinstrap,zuljin,1567,priest,discipline,48,33,15
Padrekevedø,azralon,1567,priest,discipline,42,27,15
Highasf,sargeras,1567,priest,discipline,90,52,38
Gospels,tichondrius,1566,priest,discipline,52,37,15
Itachî,ravencrest,1566,priest,discipline,66,33,33
Unisia,tichondrius,1566,priest,discipline,152,66,86
Kflexx,hydraxis,1566,priest,discipline,158,64,94
Puttles,tichondrius,1566,priest,discipline,95,38,57
Tigrania,proudmoore,1565,priest,discipline,35,21,14
Havocshadows,deathwing,1565,priest,discipline,262,154,108
Themoon,tichondrius,1565,priest,discipline,105,54,51
Keyoshe,altar-of-storms,1565,priest,discipline,365,185,180
Zsofi,rivendare,1565,priest,discipline,152,74,78
Epiipen,area-52,1565,priest,discipline,43,20,23
Manascythe,illidan,1564,priest,discipline,112,59,53
Ems,dawnbringer,1564,priest,discipline,267,133,134
Shunio,illidan,1564,priest,discipline,84,40,44
Nerfskills,tichondrius,1564,priest,discipline,95,41,54
Ppsp,azralon,1563,priest,discipline,47,27,20
Myles,alexstrasza,1563,priest,discipline,186,93,93
Willbes,tichondrius,1563,priest,discipline,42,19,23
Soyul,tichondrius,1563,priest,discipline,47,19,28
Vitéti,azralon,1562,priest,discipline,42,27,15
Indigojuly,sargeras,1562,priest,discipline,94,51,43
Anyway,illidan,1562,priest,discipline,303,156,147
Samirah,arthas,1562,priest,discipline,96,47,49
Zortkis,garithos,1562,priest,discipline,58,25,33
Qlimaxu,ragnaros,1561,priest,discipline,101,59,42
Rustypinball,bleeding-hollow,1561,priest,discipline,117,66,51
Priestsz,stormrage,1561,priest,discipline,175,94,81
Cario,emerald-dream,1561,priest,discipline,107,56,51
Lines,sargeras,1561,priest,discipline,94,48,46
Xillak,ragnaros,1561,priest,discipline,102,52,50
Emmelly,whisperwind,1561,priest,discipline,153,76,77
Bérzerk,dalvengyr,1561,priest,discipline,63,31,32
Jylertason,kelthuzad,1561,priest,discipline,58,26,32
Vern,laughing-skull,1561,priest,discipline,137,59,78
Stunsilence,malganis,1560,priest,discipline,32,18,14
Verna,dunemaul,1560,priest,discipline,97,53,44
Halliburton,illidan,1560,priest,discipline,436,229,207
Zivn,tichondrius,1560,priest,discipline,1285,662,623
Jhivagosp,tichondrius,1560,priest,discipline,66,33,33
Ropriest,frostmourne,1560,priest,discipline,64,32,32
Pootzy,malganis,1560,priest,discipline,95,42,53
Qmabayteckkl,tichondrius,1559,priest,discipline,95,51,44
Tajee,area-52,1559,priest,discipline,640,330,310
Kazuret,ragnaros,1559,priest,discipline,295,149,146
Gabanzyta,azralon,1559,priest,discipline,54,26,28
Shadlo,chogall,1559,priest,discipline,65,30,35
Moustachío,stormrage,1559,priest,discipline,59,27,32
Baredjanks,zuljin,1559,priest,discipline,57,17,40
Stroserous,hyjal,1558,priest,discipline,30,19,11
Apoorstudent,tichondrius,1558,priest,discipline,125,75,50
Melitele,magtheridon,1558,priest,discipline,36,21,15
Vanco,tichondrius,1558,priest,discipline,59,32,27
Ååron,illidan,1558,priest,discipline,155,84,71
Effsinstinks,illidan,1558,priest,discipline,72,38,34
Buchöna,quelthalas,1558,priest,discipline,191,97,94
Alex,boulderfist,1558,priest,discipline,231,111,120
Twistinfate,hyjal,1558,priest,discipline,173,83,90
Calahra,malganis,1558,priest,discipline,42,17,25
Bobelgum,emerald-dream,1557,priest,discipline,42,31,11
Purplegoon,executus,1557,priest,discipline,42,28,14
Twinkøgøâøàd,azralon,1557,priest,discipline,36,19,17
Justkx,stormrage,1557,priest,discipline,50,25,25
Biubiubium,tichondrius,1557,priest,discipline,66,29,37
Chocopp,illidan,1557,priest,discipline,78,33,45
Qoon,tichondrius,1556,priest,discipline,30,17,13
Imsl,tichondrius,1556,priest,discipline,104,53,51
Shoepooper,kelthuzad,1556,priest,discipline,35,17,18
Akëla,nemesis,1556,priest,discipline,165,80,85
Malavidax,malganis,1556,priest,discipline,138,66,72
Altarboy,agamaggan,1556,priest,discipline,191,90,101
Vicara,moon-guard,1556,priest,discipline,129,57,72
Noneckgeorge,malganis,1556,priest,discipline,41,17,24
Bonnieron,frostmourne,1555,priest,discipline,137,72,65
Umadcüzubad,azralon,1555,priest,discipline,215,108,107
Tarlonypp,malganis,1555,priest,discipline,45,22,23
Orrphan,kiljaeden,1555,priest,discipline,54,24,30
Sinnskløft,tichondrius,1555,priest,discipline,56,23,33
Asmødeus,bleeding-hollow,1554,priest,discipline,48,30,18
Bugsbright,tichondrius,1554,priest,discipline,954,493,461
Josquin,illidan,1554,priest,discipline,120,60,60
Marantbourge,frostmourne,1554,priest,discipline,152,74,78
Datdarnbéar,stormrage,1554,priest,discipline,72,34,38
Cigarillõ,thrall,1554,priest,discipline,53,25,28
Minatick,sargeras,1554,priest,discipline,48,19,29
Sstar,area-52,1553,priest,discipline,45,29,16
Powerranger,senjin,1553,priest,discipline,75,40,35
Vøidroid,malganis,1553,priest,discipline,335,176,159
Vullena,moon-guard,1553,priest,discipline,168,88,80
Deean,demon-soul,1553,priest,discipline,36,18,18
Zhuyin,illidan,1552,priest,discipline,24,21,3
Indicäsoul,illidan,1552,priest,discipline,41,25,16
Ricekak,haomarush,1552,priest,discipline,132,74,58
Shadowglezy,area-52,1552,priest,discipline,119,66,53
Alarantwo,magtheridon,1552,priest,discipline,69,38,31
Doutoodou,tichondrius,1552,priest,discipline,129,70,59
Luxury,blackrock,1552,priest,discipline,84,43,41
Gurlyounasty,khazgoroth,1552,priest,discipline,133,68,65
Sacrimoney,sargeras,1552,priest,discipline,57,27,30
Galandora,kelthuzad,1552,priest,discipline,77,34,43
Xviilegion,bleeding-hollow,1551,priest,discipline,137,83,54
Grannieslove,sargeras,1551,priest,discipline,48,28,20
Rondrica,stormscale,1551,priest,discipline,66,38,28
Heelznfeelz,tichondrius,1551,priest,discipline,99,55,44
Dbod,tichondrius,1551,priest,discipline,300,153,147
Ammcho,tichondrius,1551,priest,discipline,48,22,26
Sorrowful,mannoroth,1550,priest,discipline,30,19,11
Thyrians,ragnaros,1550,priest,discipline,78,47,31
Holysmokesx,tichondrius,1550,priest,discipline,51,21,30
Rebzyyx,tichondrius,1549,priest,discipline,38,25,13
Sportsgloss,tichondrius,1549,priest,discipline,162,89,73
Rousesz,ragnaros,1549,priest,discipline,42,23,19
Önagashøw,azralon,1549,priest,discipline,277,140,137
Feedya,tichondrius,1549,priest,discipline,621,312,309
Dædrà,stormrage,1549,priest,discipline,82,41,41
Disperse,vashj,1549,priest,discipline,203,98,105
Ròen,tichondrius,1549,priest,discipline,83,35,48
Trailmixx,bleeding-hollow,1548,priest,discipline,30,19,11
Nisagerx,tichondrius,1548,priest,discipline,33,19,14
Sineater,zuljin,1548,priest,discipline,101,52,49
Mudshadow,tichondrius,1548,priest,discipline,138,71,67
Rourk,medivh,1548,priest,discipline,252,127,125
Marmintor,stormrage,1548,priest,discipline,36,17,19
Osis,rivendare,1548,priest,discipline,222,100,122
Inerluna,tichondrius,1548,priest,discipline,75,31,44
Yea,shadow-council,1547,priest,discipline,78,49,29
Somethingkoo,sargeras,1547,priest,discipline,107,61,46
Luthiene,area-52,1547,priest,discipline,287,151,136
Wizkadrew,sargeras,1547,priest,discipline,105,55,50
Sevÿ,malygos,1547,priest,discipline,56,28,28
Holydave,spinebreaker,1547,priest,discipline,219,101,118
Peeinbottles,stormrage,1546,priest,discipline,75,44,31
Duakba,wyrmrest-accord,1546,priest,discipline,34,19,15
Everleígh,sargeras,1546,priest,discipline,68,37,31
Frankoizz,quelthalas,1546,priest,discipline,121,64,57
Yodud,tichondrius,1546,priest,discipline,42,18,24
Bóì,barthilas,1545,priest,discipline,36,26,10
Jtrxyz,tichondrius,1545,priest,discipline,30,18,12
Shangdi,tichondrius,1545,priest,discipline,59,34,25
Triggaz,tichondrius,1545,priest,discipline,204,110,94
Adoracity,tichondrius,1545,priest,discipline,54,26,28
Magicbus,blackrock,1545,priest,discipline,36,17,19
Shadöwtest,quelthalas,1545,priest,discipline,113,49,64
Limumu,barthilas,1544,priest,discipline,40,25,15
Sterycraiied,stormreaver,1544,priest,discipline,170,105,65
Mse,eonar,1544,priest,discipline,87,48,39
Zeusqt,azralon,1544,priest,discipline,242,129,113
Elilium,tichondrius,1544,priest,discipline,134,70,64
Lavenderism,moon-guard,1544,priest,discipline,150,78,72
Beefoverload,durotan,1544,priest,discipline,307,155,152
Thadino,nagrand,1544,priest,discipline,216,107,109
Blobble,tichondrius,1544,priest,discipline,176,86,90
Való,stormrage,1544,priest,discipline,44,21,23
Digop,azralon,1544,priest,discipline,53,25,28
Ricopri,frostmourne,1543,priest,discipline,54,34,20
Matics,tichondrius,1543,priest,discipline,62,33,29
Jazmiine,ragnaros,1543,priest,discipline,106,54,52
Dawnsy,arygos,1543,priest,discipline,56,26,30
Vìní,azralon,1543,priest,discipline,120,55,65
Sennaj,sargeras,1543,priest,discipline,125,54,71
Played,dark-iron,1543,priest,discipline,62,24,38
Mãthërs,tichondrius,1542,priest,discipline,56,30,26
Tonybanderas,shattered-halls,1542,priest,discipline,144,72,72
Littlegiirl,illidan,1542,priest,discipline,42,18,24
Metick,illidan,1542,priest,discipline,48,18,30
Daegal,malfurion,1541,priest,discipline,78,45,33
Lexaprö,moon-guard,1541,priest,discipline,106,60,46
Moltrin,stormscale,1541,priest,discipline,89,49,40
Mfynch,sargeras,1541,priest,discipline,120,66,54
Makuwu,area-52,1541,priest,discipline,93,49,44
Mistàclean,tichondrius,1541,priest,discipline,119,62,57
Whitewindmil,tichondrius,1541,priest,discipline,116,59,57
Xanarcine,moon-guard,1541,priest,discipline,72,35,37
Dreamteller,tichondrius,1541,priest,discipline,89,42,47
Beowulfy,stormrage,1541,priest,discipline,96,45,51
Wonpaipri,frostmourne,1541,priest,discipline,134,60,74
Slouch,emerald-dream,1541,priest,discipline,54,21,33
Slipzie,sargeras,1540,priest,discipline,95,55,40
Phayzz,area-52,1540,priest,discipline,165,90,75
Klowdz,burning-blade,1540,priest,discipline,352,186,166
Holyhusky,area-52,1539,priest,discipline,60,38,22
Katlø,stormrage,1539,priest,discipline,162,85,77
Goodvybes,tichondrius,1539,priest,discipline,95,48,47
Leensay,mannoroth,1539,priest,discipline,36,18,18
Feltsmaces,shadowmoon,1539,priest,discipline,206,97,109
Stepsistér,ragnaros,1539,priest,discipline,78,34,44
Biggunsaint,icecrown,1539,priest,discipline,67,26,41
Ulilah,barthilas,1538,priest,discipline,54,30,24
Minii,tichondrius,1538,priest,discipline,153,82,71
Saentha,sargeras,1538,priest,discipline,80,42,38
Healaryduff,skullcrusher,1538,priest,discipline,63,33,30
Priestykro,stormrage,1538,priest,discipline,73,32,41
Lawbster,jubeithos,1538,priest,discipline,64,28,36
Mutilla,tichondrius,1537,priest,discipline,32,22,10
Yangpriest,malfurion,1537,priest,discipline,51,26,25
Namecusein,ragnaros,1537,priest,discipline,90,45,45
Koizs,frostmourne,1537,priest,discipline,93,46,47
Azaradet,ragnaros,1537,priest,discipline,216,104,112
Babirygen,khaz-modan,1537,priest,discipline,48,23,25
Xannè,tichondrius,1536,priest,discipline,35,20,15
Flashsmite,illidan,1536,priest,discipline,222,118,104
Calientaeggs,drakkari,1536,priest,discipline,382,202,180
Mevix,firetree,1536,priest,discipline,53,27,26
Psyclicker,zuljin,1536,priest,discipline,47,23,24
Asfyxiated,thrall,1536,priest,discipline,95,46,49
Hellsembrace,lightbringer,1536,priest,discipline,51,24,27
Nopang,tichondrius,1536,priest,discipline,200,89,111
Shadowdaddy,barthilas,1535,priest,discipline,108,61,47
Bubblebuddí,tichondrius,1535,priest,discipline,80,42,38
Getgudwtrada,frostmourne,1535,priest,discipline,308,147,161
Ptam,tichondrius,1535,priest,discipline,40,19,21
Lydra,ragnaros,1535,priest,discipline,261,123,138
Mattkoster,mannoroth,1535,priest,discipline,44,17,27
Djdarkxd,bleeding-hollow,1534,priest,discipline,24,16,8
Skyzaddie,area-52,1534,priest,discipline,254,129,125
Safetyy,bleeding-hollow,1534,priest,discipline,62,31,31
Dopeyspriest,area-52,1534,priest,discipline,50,24,26
Freed,kargath,1534,priest,discipline,60,28,32
Zelfina,arthas,1534,priest,discipline,48,22,26
Saviorr,dalaran,1534,priest,discipline,84,37,47
Bakescakes,whisperwind,1534,priest,discipline,54,20,34
Linkolln,sargeras,1533,priest,discipline,48,33,15
Kelsxö,tichondrius,1533,priest,discipline,47,29,18
Walmartpjz,proudmoore,1533,priest,discipline,159,84,75
Baìter,zuljin,1533,priest,discipline,89,47,42
Flattsp,tichondrius,1533,priest,discipline,36,19,17
Priesmatco,area-52,1533,priest,discipline,81,40,41
Hermeneutic,illidan,1533,priest,discipline,81,37,44
Elcidd,tichondrius,1533,priest,discipline,36,16,20
Besó,proudmoore,1532,priest,discipline,222,121,101
Krillan,ysera,1532,priest,discipline,144,77,67
Galestick,illidan,1532,priest,discipline,78,40,38
Life,thrall,1532,priest,discipline,179,88,91
Hennywhite,sargeras,1532,priest,discipline,170,82,88
Fámóus,stormrage,1532,priest,discipline,124,50,74
Cenyo,malganis,1531,priest,discipline,263,132,131
Vañity,malganis,1531,priest,discipline,66,33,33
Vbgodd,frostmourne,1531,priest,discipline,54,25,29
Nonbinary,trollbane,1531,priest,discipline,60,26,34
Demonsp,frostmourne,1531,priest,discipline,42,18,24
Ðohko,ragnaros,1530,priest,discipline,78,47,31
Chubbsxo,proudmoore,1530,priest,discipline,54,25,29
Eunu,tichondrius,1530,priest,discipline,36,16,20
Moondabble,runetotem,1530,priest,discipline,48,18,30
Faithbuild,emerald-dream,1529,priest,discipline,24,16,8
Aríola,frostmourne,1529,priest,discipline,69,37,32
Lethalrosé,thrall,1529,priest,discipline,90,48,42
Vaala,jubeithos,1529,priest,discipline,36,19,17
Kaguyä,ragnaros,1529,priest,discipline,163,83,80
Troubler,tichondrius,1529,priest,discipline,36,18,18
Ruaba,area-52,1529,priest,discipline,42,20,22
Artiannaa,bleeding-hollow,1528,priest,discipline,174,100,74
Luxah,bloodhoof,1528,priest,discipline,63,36,27
Alarantoo,magtheridon,1528,priest,discipline,88,45,43
Truce,moon-guard,1528,priest,discipline,77,39,38
Zombiz,tichondrius,1528,priest,discipline,95,48,47
Halö,area-52,1528,priest,discipline,328,163,165
Blessrish,icecrown,1528,priest,discipline,165,81,84
Nausitoo,ragnaros,1528,priest,discipline,163,78,85
Ãnbu,illidan,1528,priest,discipline,54,25,29
Bigwap,illidan,1528,priest,discipline,66,30,36
Pearl,chogall,1527,priest,discipline,30,18,12
Fallenumbra,area-52,1527,priest,discipline,125,70,55
Chillaxin,dreadmaul,1526,priest,discipline,72,39,33
Fearnought,stormrage,1526,priest,discipline,260,134,126
Kovie,twisting-nether,1526,priest,discipline,47,24,23
Nakedlife,tichondrius,1526,priest,discipline,136,69,67
Ezzy,bleeding-hollow,1526,priest,discipline,60,30,30
Saiyana,frostmourne,1526,priest,discipline,244,121,123
Xtty,thrall,1525,priest,discipline,67,38,29
Hideyourkids,stormreaver,1525,priest,discipline,146,81,65
Møon,illidan,1525,priest,discipline,66,34,32
Voidmutex,emerald-dream,1525,priest,discipline,59,30,29
Holdentudikz,area-52,1525,priest,discipline,181,88,93
Googolplex,tichondrius,1524,priest,discipline,135,76,59
Benedictüs,tichondrius,1524,priest,discipline,220,117,103
Cexcexyomi,tichondrius,1524,priest,discipline,100,53,47
Thranduil,kiljaeden,1524,priest,discipline,166,87,79
Mursey,sargeras,1524,priest,discipline,183,92,91
Rómmul,azralon,1524,priest,discipline,71,34,37
Lilwin,bleeding-hollow,1524,priest,discipline,54,24,30
Kokboof,area-52,1524,priest,discipline,40,17,23
Playdohxz,frostmourne,1524,priest,discipline,71,25,46
Pretzah,barthilas,1523,priest,discipline,120,80,40
Langyi,tichondrius,1523,priest,discipline,119,69,50
Shalters,area-52,1523,priest,discipline,78,43,35
Sonofbetch,emerald-dream,1523,priest,discipline,55,30,25
Swiggster,thrall,1523,priest,discipline,84,44,40
Hølycrit,icecrown,1523,priest,discipline,131,66,65
Bloodytears,kiljaeden,1523,priest,discipline,138,65,73
Shaytyme,tichondrius,1523,priest,discipline,104,48,56
Midoopriest,proudmoore,1523,priest,discipline,42,18,24
Justashadow,zangarmarsh,1522,priest,discipline,187,101,86
Extel,sargeras,1522,priest,discipline,65,34,31
Zugzugheal,bleeding-hollow,1522,priest,discipline,311,154,157
Niurouchuan,tichondrius,1522,priest,discipline,123,60,63
Arkeyz,quelthalas,1522,priest,discipline,72,34,38
Decastro,silvermoon,1521,priest,discipline,47,25,22
Pheener,stormreaver,1521,priest,discipline,198,97,101
Ariste,tichondrius,1521,priest,discipline,36,17,19
Criminalsp,frostmourne,1521,priest,discipline,78,36,42
Lethø,silvermoon,1521,priest,discipline,120,54,66
Magpul,arthas,1521,priest,discipline,36,16,20
Massjihad,illidan,1520,priest,discipline,95,57,38
Herder,zuljin,1520,priest,discipline,52,30,22
Brian,lightnings-blade,1520,priest,discipline,70,38,32
Joktips,proudmoore,1520,priest,discipline,226,122,104
Sadistic,hyjal,1520,priest,discipline,166,85,81
Angusb,sargeras,1520,priest,discipline,170,85,85
Spacecowboyz,stormrage,1520,priest,discipline,126,63,63
Oneinurdome,moknathal,1520,priest,discipline,72,34,38
Mïnðtrÿx,darkspear,1520,priest,discipline,88,40,48
Kwitty,tichondrius,1519,priest,discipline,185,102,83
Ermec,azralon,1519,priest,discipline,81,43,38
Radackan,quelthalas,1519,priest,discipline,129,67,62
Tyksu,area-52,1519,priest,discipline,228,118,110
Hideyason,area-52,1519,priest,discipline,60,31,29
Zllik,illidan,1519,priest,discipline,101,52,49
Ðp,ragnaros,1519,priest,discipline,63,31,32
Teamz,illidan,1519,priest,discipline,48,21,27
Brakála,ragnaros,1518,priest,discipline,80,38,42
Drupmonst,dalaran,1518,priest,discipline,113,53,60
Swu,tichondrius,1518,priest,discipline,56,26,30
Siddhar,illidan,1518,priest,discipline,97,45,52
Giomoreno,tichondrius,1518,priest,discipline,36,16,20
Swapsy,illidan,1517,priest,discipline,59,32,27
Whateverbrah,tichondrius,1517,priest,discipline,75,33,42
Joní,malganis,1517,priest,discipline,41,18,23
Verchou,shattered-hand,1517,priest,discipline,42,18,24
Melancholies,moon-guard,1517,priest,discipline,43,18,25
Gòhan,azralon,1517,priest,discipline,65,27,38
Cobjr,frostmourne,1516,priest,discipline,64,38,26
Kethal,area-52,1516,priest,discipline,144,82,62
Daddydoeet,zuljin,1516,priest,discipline,78,40,38
Vels,blackrock,1515,priest,discipline,30,18,12
Chiri,tichondrius,1515,priest,discipline,66,37,29
Justanoutlaw,darkspear,1515,priest,discipline,156,86,70
Raakun,stormrage,1515,priest,discipline,36,19,17
Srenity,zuljin,1515,priest,discipline,164,85,79
Vemilli,tichondrius,1515,priest,discipline,136,69,67
Tý,frostmourne,1515,priest,discipline,84,36,48
Goobiesz,tichondrius,1515,priest,discipline,42,16,26
Rurenz,tichondrius,1514,priest,discipline,30,17,13
Shnítzel,thrall,1514,priest,discipline,168,89,79
Healbaby,illidan,1514,priest,discipline,490,243,247
Boujeeheals,darkspear,1514,priest,discipline,126,62,64
Razledazzled,grizzly-hills,1514,priest,discipline,214,103,111
Vonyka,area-52,1514,priest,discipline,48,23,25
Healther,firetree,1514,priest,discipline,85,39,46
Windroseh,proudmoore,1513,priest,discipline,96,51,45
Peacewrench,moon-guard,1513,priest,discipline,238,118,120
Lge,kelthuzad,1513,priest,discipline,37,17,20
Mettypws,tichondrius,1513,priest,discipline,101,45,56
Rezy,darkspear,1513,priest,discipline,60,24,36
Spookynun,moon-guard,1512,priest,discipline,268,149,119
Mombi,bloodhoof,1512,priest,discipline,48,25,23
Gustáv,sargeras,1512,priest,discipline,72,37,35
Krewed,ravencrest,1511,priest,discipline,50,32,18
Lumentusk,stormscale,1511,priest,discipline,224,115,109
Bloottyy,proudmoore,1511,priest,discipline,66,25,41
Brezi,azralon,1510,priest,discipline,84,45,39
Bradythree,moon-guard,1510,priest,discipline,44,23,21
Avashar,illidan,1510,priest,discipline,83,39,44
Zroheals,illidan,1510,priest,discipline,107,48,59
Maid,demon-soul,1510,priest,discipline,69,30,39
Agraheals,barthilas,1509,priest,discipline,42,22,20
Merkinhealz,darkspear,1509,priest,discipline,144,74,70
Arianthe,darrowmere,1509,priest,discipline,74,37,37
Calcifer,drakkari,1509,priest,discipline,57,26,31
Vegfem,dalaran,1509,priest,discipline,82,36,46
Kaldric,korgath,1508,priest,discipline,30,19,11
Kawin,goldrinn,1508,priest,discipline,154,87,67
Ate,rexxar,1508,priest,discipline,60,33,27
Brotatochip,andorhal,1508,priest,discipline,89,48,41
Ballzach,ysera,1508,priest,discipline,197,102,95
Mandymuze,barthilas,1508,priest,discipline,77,37,40
Iloveshannon,stormrage,1507,priest,discipline,172,98,74
Billzerian,nemesis,1507,priest,discipline,141,75,66
Jugeumx,proudmoore,1507,priest,discipline,66,26,40
Mëïsoön,quelthalas,1506,priest,discipline,154,85,69
Dabsorcerer,tichondrius,1506,priest,discipline,30,16,14
Senpriest,ragnaros,1506,priest,discipline,53,28,25
Chaxiubao,stormrage,1506,priest,discipline,89,47,42
Blaeth,stormrage,1506,priest,discipline,68,34,34
Pryst,bonechewer,1506,priest,discipline,60,30,30
Shadowgobbo,thrall,1506,priest,discipline,114,56,58
Sacrify,ragnaros,1506,priest,discipline,335,163,172
Lucènt,frostmourne,1505,priest,discipline,24,16,8
Pegwraith,sargeras,1505,priest,discipline,97,58,39
Quinnx,tichondrius,1505,priest,discipline,72,42,30
Darkhel,stormrage,1505,priest,discipline,36,19,17
Aidæn,zuljin,1505,priest,discipline,46,23,23
Xerseitwo,illidan,1505,priest,discipline,97,47,50
ßluezy,tichondrius,1504,priest,discipline,70,40,30
Epijho,area-52,1504,priest,discipline,48,27,21
Dadcantdeath,frostmourne,1504,priest,discipline,93,51,42
Happylonely,farstriders,1504,priest,discipline,59,31,28
Blackwish,ragnaros,1504,priest,discipline,95,46,49
Sierrastorms,moon-guard,1504,priest,discipline,64,30,34
Santhiel,ragnaros,1504,priest,discipline,60,24,36
Qtbbx,malganis,1503,priest,discipline,24,16,8
Aleistria,emerald-dream,1503,priest,discipline,60,37,23
Saren,dethecus,1503,priest,discipline,92,55,37
Neuro,barthilas,1503,priest,discipline,89,48,41
Zachlol,area-52,1503,priest,discipline,156,83,73
Noxientp,bleeding-hollow,1503,priest,discipline,252,130,122
Stormìst,korgath,1502,priest,discipline,54,34,20
Femìnazzi,ragnaros,1502,priest,discipline,123,68,55
Rèv,destromath,1502,priest,discipline,39,21,18
Kittypunch,tichondrius,1502,priest,discipline,42,19,23
Sëv,stormrage,1502,priest,discipline,53,22,31
Jamesxupttv,draenor,1501,priest,discipline,88,50,38
Säcrilege,drakkari,1501,priest,discipline,273,140,133
Yoozi,sargeras,1501,priest,discipline,126,63,63
Holyvoice,wyrmrest-accord,1501,priest,discipline,91,45,46
Arçhángël,moon-guard,1500,priest,discipline,30,21,9
Zarfel,ragnaros,1500,priest,discipline,36,21,15
Braffuki,frostmourne,1500,priest,discipline,107,54,53
Illen,nemesis,1499,priest,discipline,180,102,78
Aleykz,illidan,1499,priest,discipline,142,75,67
Magazíne,tichondrius,1499,priest,discipline,48,24,24
Notjo,sargeras,1499,priest,discipline,108,52,56
Erinzdern,quelthalas,1499,priest,discipline,98,47,51
Temnah,sargeras,1499,priest,discipline,56,26,30
Vexyy,tichondrius,1498,priest,discipline,56,36,20
Nvroom,illidan,1498,priest,discipline,61,33,28
Jpray,bleeding-hollow,1498,priest,discipline,121,65,56
Velastirra,saurfang,1498,priest,discipline,560,291,269
Daburnz,bleeding-hollow,1498,priest,discipline,156,76,80
Goldenfatty,blackrock,1498,priest,discipline,122,59,63
Valixia,sargeras,1498,priest,discipline,102,47,55
Defilex,tichondrius,1497,priest,discipline,68,45,23
Ketaminè,tichondrius,1497,priest,discipline,66,37,29
Thorzan,eredar,1497,priest,discipline,60,33,27
Photos,stormrage,1497,priest,discipline,322,175,147
Huevos,blackwing-lair,1497,priest,discipline,192,103,89
Hoshx,sargeras,1497,priest,discipline,116,62,54
Nelfpriest,khadgar,1497,priest,discipline,101,48,53
Aleana,ragnaros,1497,priest,discipline,114,53,61
Thottee,bleeding-hollow,1497,priest,discipline,120,55,65
Aveil,bloodscalp,1496,priest,discipline,70,47,23
Gommacura,stormrage,1496,priest,discipline,546,275,271
Rhima,tichondrius,1496,priest,discipline,155,77,78
Athlete,magtheridon,1496,priest,discipline,33,16,17
Docpriestelf,kelthuzad,1496,priest,discipline,54,23,31
Sorzartluz,malganis,1495,priest,discipline,39,31,8
Crucïfïx,stormrage,1495,priest,discipline,154,90,64
Fleshliight,area-52,1495,priest,discipline,99,56,43
Akash,ragnaros,1495,priest,discipline,86,48,38
Billymaays,azgalor,1495,priest,discipline,175,96,79
Khaoticdark,stormrage,1495,priest,discipline,54,29,25
Caldoran,quelthalas,1495,priest,discipline,30,16,14
Penummbra,frostmourne,1495,priest,discipline,30,16,14
Blavkata,area-52,1495,priest,discipline,100,44,56
Saelvar,ragnaros,1494,priest,discipline,118,69,49
Kariell,dalaran,1494,priest,discipline,93,54,39
Popeofdope,queldorei,1494,priest,discipline,110,60,50
Fanatic,nemesis,1494,priest,discipline,602,309,293
Oncemore,khazgoroth,1494,priest,discipline,48,24,24
Inveritu,kiljaeden,1494,priest,discipline,59,28,31
Armswarriorx,area-52,1494,priest,discipline,45,21,24
Staars,ragnaros,1494,priest,discipline,96,43,53
Discobish,sargeras,1494,priest,discipline,60,24,36
Sgiath,alleria,1493,priest,discipline,42,30,12
Rvxy,tichondrius,1493,priest,discipline,145,82,63
Healthreat,area-52,1493,priest,discipline,76,42,34
Tigop,alleria,1493,priest,discipline,38,21,17
Qtgirlsofine,bleeding-hollow,1493,priest,discipline,44,20,24
Weezyxo,tichondrius,1493,priest,discipline,46,19,27
Icetraygang,suramar,1492,priest,discipline,521,276,245
Zoin,azralon,1492,priest,discipline,129,68,61
Elysiana,wyrmrest-accord,1492,priest,discipline,77,37,40
Ankhxiety,area-52,1492,priest,discipline,128,61,67
Bubblerwrapp,malganis,1492,priest,discipline,36,17,19
Rezee,kelthuzad,1491,priest,discipline,28,17,11
Yorp,tichondrius,1491,priest,discipline,174,88,86
Thoaxx,magtheridon,1491,priest,discipline,125,63,62
Kountchocula,illidan,1491,priest,discipline,60,30,30
Unagidrop,malganis,1490,priest,discipline,46,26,20
Aheneas,quelthalas,1490,priest,discipline,48,27,21
Discobluntzz,tichondrius,1490,priest,discipline,137,74,63
Pìuzera,azralon,1490,priest,discipline,218,111,107
Nêcrô,tichondrius,1489,priest,discipline,40,23,17
Renewed,frostmourne,1489,priest,discipline,97,52,45
Kristyenna,boulderfist,1489,priest,discipline,66,34,32
Amaranth,the-forgotten-coast,1489,priest,discipline,107,52,55
Alelith,quelthalas,1489,priest,discipline,59,27,32
Joneski,malganis,1488,priest,discipline,36,24,12
Vacyle,azralon,1488,priest,discipline,260,138,122
Lavazzå,tichondrius,1488,priest,discipline,71,37,34
Delrey,sargeras,1488,priest,discipline,95,48,47
Kiritomauti,ragnaros,1488,priest,discipline,64,31,33
Compromise,the-scryers,1488,priest,discipline,129,62,67
Lauretânia,nemesis,1488,priest,discipline,227,109,118
Kelly,frostmourne,1488,priest,discipline,48,22,26
Xarid,moon-guard,1487,priest,discipline,54,35,19
Constin,doomhammer,1487,priest,discipline,60,32,28
Watchemeyolo,tichondrius,1487,priest,discipline,66,35,31
Flexxwzkaboo,thrall,1487,priest,discipline,98,51,47
Luxyel,azralon,1487,priest,discipline,149,65,84
Jrøc,sargeras,1486,priest,discipline,45,25,20
Onezor,frostmourne,1486,priest,discipline,96,43,53
Helianna,whisperwind,1485,priest,discipline,265,133,132
Growth,fizzcrank,1485,priest,discipline,143,67,76
Aerdaras,illidan,1485,priest,discipline,80,36,44
Ransomm,tichondrius,1484,priest,discipline,69,41,28
Chickadies,barthilas,1484,priest,discipline,292,164,128
Docmcstufins,darkspear,1484,priest,discipline,107,54,53
Drully,moon-guard,1484,priest,discipline,172,86,86
Yuntingmingo,tichondrius,1484,priest,discipline,51,25,26
Alëssana,illidan,1484,priest,discipline,134,65,69
Chernota,kiljaeden,1484,priest,discipline,108,52,56
Priestmass,dalaran,1484,priest,discipline,79,34,45
Myds,sargeras,1483,priest,discipline,46,31,15
Griddly,alterac-mountains,1483,priest,discipline,108,57,51
Skellybells,sargeras,1483,priest,discipline,74,39,35
Dingldangle,tichondrius,1483,priest,discipline,144,70,74
Arzaei,quelthalas,1483,priest,discipline,130,61,69
Prff,ragnaros,1483,priest,discipline,42,19,23
Elysane,fizzcrank,1483,priest,discipline,42,16,26
Trickyhobo,area-52,1482,priest,discipline,151,80,71
Kessavannell,frostwolf,1482,priest,discipline,191,100,91
Rháényra,tichondrius,1482,priest,discipline,48,25,23
Lelenia,tichondrius,1482,priest,discipline,202,97,105
Aumsi,illidan,1482,priest,discipline,200,96,104
Nutshotxx,skullcrusher,1482,priest,discipline,374,176,198
Lumia,quelthalas,1482,priest,discipline,45,19,26
Umbrous,ysera,1482,priest,discipline,88,37,51
Lindsanp,illidan,1482,priest,discipline,54,21,33
Zælya,stormrage,1481,priest,discipline,30,18,12
Dtsgx,tichondrius,1481,priest,discipline,33,19,14
Iinu,tichondrius,1481,priest,discipline,137,72,65
Akovob,tichondrius,1481,priest,discipline,68,35,33
Bigolbush,moon-guard,1481,priest,discipline,72,36,36
Akåsha,zuljin,1481,priest,discipline,140,63,77
Antìdote,tichondrius,1480,priest,discipline,61,42,19
Tonimàster,illidan,1480,priest,discipline,57,34,23
Fashion,bleeding-hollow,1480,priest,discipline,66,39,27
Iivelaughluv,kiljaeden,1480,priest,discipline,99,56,43
Pandia,quelthalas,1480,priest,discipline,68,37,31
Sinsuu,tichondrius,1480,priest,discipline,234,126,108
Dontstopxo,lightbringer,1480,priest,discipline,76,37,39
Toxictampax,azjolnerub,1480,priest,discipline,114,55,59
Gén,arathor,1479,priest,discipline,92,47,45
Marethelia,stonemaul,1479,priest,discipline,114,55,59
Thatruth,duskwood,1479,priest,discipline,71,33,38
Gonchar,bleeding-hollow,1479,priest,discipline,78,33,45
Bushwaker,darkspear,1478,priest,discipline,95,51,44
Chainsalight,stormrage,1478,priest,discipline,168,88,80
Preacharóund,frostmourne,1478,priest,discipline,310,157,153
Tygrr,kelthuzad,1478,priest,discipline,36,18,18
Shakky,queldorei,1478,priest,discipline,90,43,47
Nolar,shadowmoon,1478,priest,discipline,126,60,66
Saíth,thrall,1478,priest,discipline,35,16,19
Elfiê,moon-guard,1478,priest,discipline,54,22,32
Jinxaleyster,ragnaros,1477,priest,discipline,173,96,77
Luminous,moon-guard,1477,priest,discipline,179,96,83
Paare,stormrage,1477,priest,discipline,184,94,90
Phrìke,illidan,1477,priest,discipline,36,18,18
Zunari,thrall,1477,priest,discipline,87,43,44
Shaylari,kelthuzad,1477,priest,discipline,225,110,115
Gnepe,sargeras,1477,priest,discipline,77,36,41
Nylrev,moon-guard,1477,priest,discipline,78,35,43
Drhutchinson,illidan,1476,priest,discipline,36,21,15
Lebanese,frostmourne,1476,priest,discipline,83,47,36
Sadnez,illidan,1476,priest,discipline,187,102,85
Zerolyn,tichondrius,1476,priest,discipline,131,70,61
Allysheedy,sargeras,1476,priest,discipline,120,61,59
Zenfromwish,frostmourne,1476,priest,discipline,86,43,43
Fila,azralon,1476,priest,discipline,102,50,52
Marcuse,ragnaros,1476,priest,discipline,134,62,72
Stat,thrall,1476,priest,discipline,37,17,20
Saintguard,tichondrius,1475,priest,discipline,327,166,161
Daelynne,area-52,1475,priest,discipline,34,17,17
Bittyheals,illidan,1475,priest,discipline,48,22,26
Oyy,barthilas,1475,priest,discipline,157,71,86
Undefiled,rexxar,1474,priest,discipline,182,104,78
Derisha,ragnaros,1474,priest,discipline,46,24,22
Wallywanker,illidan,1474,priest,discipline,361,176,185
Dumbboxx,emerald-dream,1474,priest,discipline,72,34,38
Visìons,tichondrius,1474,priest,discipline,66,30,36
Rompenepes,drakkari,1473,priest,discipline,56,33,23
Alyndral,illidan,1473,priest,discipline,50,29,21
Swagndragon,zuljin,1473,priest,discipline,86,42,44
Bllaazze,frostwolf,1473,priest,discipline,138,67,71
Spacebeard,tichondrius,1472,priest,discipline,74,39,35
Mtito,drakkari,1472,priest,discipline,61,32,29
Benin,shattered-hand,1472,priest,discipline,54,28,26
Elagabal,tichondrius,1472,priest,discipline,392,201,191
Greymatterx,tichondrius,1472,priest,discipline,72,36,36
Tomseleck,frostmourne,1472,priest,discipline,161,76,85
Tisifone,ragnaros,1472,priest,discipline,81,34,47
Talrip,area-52,1471,priest,discipline,41,25,16
Icykal,tichondrius,1471,priest,discipline,42,22,20
Strawson,quelthalas,1471,priest,discipline,165,85,80
Scriptz,frostwolf,1471,priest,discipline,84,43,41
Confesiional,area-52,1471,priest,discipline,71,32,39
Pics,emerald-dream,1471,priest,discipline,60,27,33
Gustavustus,barthilas,1471,priest,discipline,88,39,49
Ÿsk,tichondrius,1470,priest,discipline,310,152,158
Zerola,sargeras,1470,priest,discipline,83,40,43
Sabrino,azralon,1470,priest,discipline,42,20,22
Suitoo,ragnaros,1470,priest,discipline,78,34,44
Apâthy,area-52,1469,priest,discipline,75,35,40
Melsebek,stormrage,1469,priest,discipline,64,27,37
Saxy,quelthalas,1467,priest,discipline,105,56,49
Sandfire,thrall,1467,priest,discipline,30,16,14
Stargoddess,illidan,1467,priest,discipline,168,84,84
Krymze,tichondrius,1467,priest,discipline,36,16,20
Bakøo,tichondrius,1466,priest,discipline,73,43,30
Artista,quelthalas,1466,priest,discipline,130,68,62
Blodwell,illidan,1466,priest,discipline,133,67,66
Mørathy,ragnaros,1465,priest,discipline,90,55,35
Discotty,stormrage,1465,priest,discipline,65,39,26
Basisc,frostmourne,1465,priest,discipline,219,122,97
Unholyhand,moon-guard,1465,priest,discipline,243,125,118
Malpractíce,zuljin,1465,priest,discipline,177,87,90
Priesteen,tichondrius,1465,priest,discipline,54,25,29
Forfeit,arthas,1464,priest,discipline,60,37,23
Aizetsu,sargeras,1464,priest,discipline,36,21,15
Plasticbag,frostmourne,1464,priest,discipline,35,18,17
Irais,ragnaros,1464,priest,discipline,69,35,34
Kiddonia,whisperwind,1464,priest,discipline,78,38,40
Imhðtep,ragnaros,1463,priest,discipline,70,39,31
Tbirdpriest,tichondrius,1463,priest,discipline,58,31,27
Angelicus,ragnaros,1463,priest,discipline,482,253,229
Zenobiai,hyjal,1463,priest,discipline,217,112,105
Onjah,kiljaeden,1463,priest,discipline,150,75,75
Looneý,drakkari,1462,priest,discipline,217,118,99
Joichua,sargeras,1462,priest,discipline,83,43,40
Wale,akama,1462,priest,discipline,101,51,50
Oniizanagi,thrall,1462,priest,discipline,42,21,21
Yeyoz,tichondrius,1462,priest,discipline,124,60,64
Biomadd,hellscream,1462,priest,discipline,86,38,48
Sâishâ,proudmoore,1462,priest,discipline,200,86,114
Chirimoyacon,ragnaros,1461,priest,discipline,72,44,28
Mileslol,azgalor,1461,priest,discipline,116,59,57
Lightvsdark,stormreaver,1461,priest,discipline,46,21,25
Bloodify,azralon,1461,priest,discipline,121,54,67
Syfy,thrall,1461,priest,discipline,114,48,66
Kayodee,stormrage,1460,priest,discipline,54,26,28
Càipirinha,tichondrius,1460,priest,discipline,76,33,43
Nesx,azuremyst,1459,priest,discipline,110,59,51
Eridan,moon-guard,1459,priest,discipline,95,49,46
Saegusa,tichondrius,1459,priest,discipline,118,60,58
Sensaye,dalaran,1459,priest,discipline,328,164,164
Forprophet,proudmoore,1459,priest,discipline,76,35,41
Livndeadgirl,bleeding-hollow,1459,priest,discipline,89,38,51
Lavvari,durotan,1458,priest,discipline,72,45,27
Galaxypepe,medivh,1458,priest,discipline,74,40,34
Miketython,chogall,1458,priest,discipline,45,24,21
Amarexlol,stormrage,1458,priest,discipline,78,39,39
Rhogran,zuljin,1458,priest,discipline,91,43,48
Zaemyn,dalaran,1458,priest,discipline,50,22,28
Alphe,sargeras,1457,priest,discipline,48,29,19
Kafarmer,frostmourne,1457,priest,discipline,119,68,51
Exgirlfren,tichondrius,1457,priest,discipline,30,16,14
Xtri,kelthuzad,1457,priest,discipline,42,20,22
Tiskka,magtheridon,1457,priest,discipline,80,37,43
Beastpriest,dalvengyr,1457,priest,discipline,59,26,33
Tunare,dalaran,1457,priest,discipline,48,21,27
Faxingberlin,sargeras,1457,priest,discipline,94,41,53
Holybubblezz,tichondrius,1457,priest,discipline,60,24,36
Shykaii,azralon,1456,priest,discipline,108,61,47
Jenîffer,sargeras,1456,priest,discipline,91,48,43
Zørb,area-52,1455,priest,discipline,84,47,37
Sappes,area-52,1455,priest,discipline,200,110,90
Rrain,proudmoore,1455,priest,discipline,95,48,47
Starshollow,ragnaros,1455,priest,discipline,165,83,82
Dreadpriate,emerald-dream,1455,priest,discipline,267,132,135
Nupanda,tichondrius,1455,priest,discipline,72,32,40
Venustas,daggerspine,1455,priest,discipline,96,39,57
Spiritual,dragonmaw,1454,priest,discipline,30,19,11
Myspacegirl,tichondrius,1454,priest,discipline,76,44,32
Smirkinlive,illidan,1454,priest,discipline,91,52,39
Lildeen,area-52,1454,priest,discipline,83,43,40
Minimelo,stormrage,1454,priest,discipline,89,46,43
Dib,arathor,1454,priest,discipline,60,31,29
Tubshark,moon-guard,1454,priest,discipline,41,21,20
Cault,moon-guard,1454,priest,discipline,59,28,31
Modotszilla,bleeding-hollow,1454,priest,discipline,36,16,20
Discs,detheroc,1454,priest,discipline,43,17,26
Aybaby,kiljaeden,1453,priest,discipline,48,31,17
Mateekie,malganis,1453,priest,discipline,78,45,33
Welovan,sargeras,1453,priest,discipline,158,84,74
Shiikari,terenas,1453,priest,discipline,60,30,30
Seader,alterac-mountains,1453,priest,discipline,71,35,36
Grimspriest,moon-guard,1453,priest,discipline,47,23,24
Peristalsis,nesingwary,1453,priest,discipline,54,25,29
Aipata,stormrage,1452,priest,discipline,140,83,57
Giannis,garrosh,1452,priest,discipline,61,32,29
Idhealthat,tichondrius,1452,priest,discipline,44,23,21
Rëckful,area-52,1452,priest,discipline,872,442,430
Skokie,area-52,1452,priest,discipline,42,21,21
Jjojae,illidan,1452,priest,discipline,40,20,20
Sichuankeith,frostmourne,1452,priest,discipline,63,31,32
Vinvictus,tichondrius,1452,priest,discipline,550,270,280
Jinniu,azralon,1452,priest,discipline,48,22,26
Tonesandi,malganis,1451,priest,discipline,42,27,15
Noblesx,illidan,1451,priest,discipline,54,30,24
Ganelm,vashj,1451,priest,discipline,36,18,18
Kuroyanagi,ragnaros,1451,priest,discipline,108,48,60
Fidalus,stormrage,1451,priest,discipline,64,25,39
Mikori,tichondrius,1450,priest,discipline,36,20,16
Penguinpie,illidan,1450,priest,discipline,52,24,28
Janna,jubeithos,1450,priest,discipline,48,21,27
Sjah,whisperwind,1450,priest,discipline,83,34,49
Scræm,sargeras,1449,priest,discipline,200,94,106
Darkills,tichondrius,1449,priest,discipline,45,19,26
Sargasm,darkspear,1448,priest,discipline,33,21,12
Juliusceazer,skywall,1448,priest,discipline,219,124,95
Spazmode,malganis,1448,priest,discipline,81,43,38
Alexsp,amanthul,1448,priest,discipline,132,70,62
Shadyhoe,alterac-mountains,1448,priest,discipline,148,75,73
Augustrox,ragnaros,1448,priest,discipline,170,81,89
Pilixil,bleeding-hollow,1448,priest,discipline,96,44,52
Capriëstsun,tichondrius,1447,priest,discipline,52,27,25
Vësse,frostmourne,1447,priest,discipline,72,34,38
Velzirya,zuljin,1447,priest,discipline,89,39,50
Jeresh,sargeras,1447,priest,discipline,123,51,72
Newchaos,hakkar,1446,priest,discipline,40,24,16
Nogetget,frostmourne,1446,priest,discipline,54,32,22
Leviosa,bleeding-hollow,1446,priest,discipline,50,29,21
Battlemage,magtheridon,1446,priest,discipline,111,58,53
Supski,destromath,1446,priest,discipline,48,24,24
Ibangedaqt,malganis,1446,priest,discipline,59,29,30
Camisoda,smolderthorn,1446,priest,discipline,40,19,21
Annuli,stormrage,1446,priest,discipline,44,19,25
Bladam,bleeding-hollow,1446,priest,discipline,89,37,52
Taboogie,tichondrius,1446,priest,discipline,114,47,67
Tinypebs,sargeras,1445,priest,discipline,29,20,9
Empty,frostmourne,1445,priest,discipline,54,34,20
Agrolazor,frostwolf,1445,priest,discipline,56,28,28
Holypuffs,burning-legion,1445,priest,discipline,92,41,51
Toysqt,sargeras,1445,priest,discipline,45,20,25
Aloo,zuljin,1444,priest,discipline,57,37,20
Iavenderism,moon-guard,1444,priest,discipline,66,35,31
What,moon-guard,1444,priest,discipline,150,79,71
Bedläm,kilrogg,1444,priest,discipline,120,62,58
Fakechow,nathrezim,1444,priest,discipline,139,71,68
Snoog,tichondrius,1444,priest,discipline,60,20,40
Nocturnalx,moon-guard,1443,priest,discipline,151,92,59
Shadowrat,stormrage,1443,priest,discipline,90,51,39
Phasmaaxd,tichondrius,1443,priest,discipline,106,54,52
Heladio,ragnaros,1443,priest,discipline,60,28,32
Knowknows,tichondrius,1443,priest,discipline,59,26,33
Napzz,sargeras,1442,priest,discipline,51,30,21
Jeanbi,ragnaros,1442,priest,discipline,90,51,39
Mins,quelthalas,1442,priest,discipline,177,87,90
Lovemehh,area-52,1442,priest,discipline,159,78,81
Chervz,chogall,1442,priest,discipline,36,16,20
Hágios,stormrage,1442,priest,discipline,66,29,37
Fenders,stormrage,1442,priest,discipline,47,17,30
Lyrynne,emerald-dream,1441,priest,discipline,80,53,27
Easypriest,tichondrius,1441,priest,discipline,96,50,46
Somnix,emerald-dream,1441,priest,discipline,272,133,139
Tëmpting,moon-guard,1441,priest,discipline,68,33,35
Amarøth,illidan,1441,priest,discipline,42,20,22
Voidathon,sargeras,1441,priest,discipline,36,17,19
Shadowblax,thrall,1441,priest,discipline,166,78,88
Unclecam,tichondrius,1441,priest,discipline,230,101,129
Taiji,whisperwind,1440,priest,discipline,95,59,36
Tallshiraz,destromath,1440,priest,discipline,118,67,51
Sunenergy,tichondrius,1440,priest,discipline,124,65,59
Punkndrublic,sargeras,1440,priest,discipline,135,69,66
Ínfocus,area-52,1440,priest,discipline,138,65,73
Priestmode,garona,1440,priest,discipline,90,40,50
Zhatfko,illidan,1440,priest,discipline,78,31,47
Rhayzel,ragnaros,1439,priest,discipline,229,128,101
Dehablo,aerie-peak,1439,priest,discipline,170,91,79
Clancygilroy,thrall,1439,priest,discipline,114,58,56
Sreykalip,frostmourne,1439,priest,discipline,72,36,36
Pissgóblin,stormrage,1439,priest,discipline,30,15,15
Hysteria,dalaran,1439,priest,discipline,104,48,56
Holyslap,nerzhul,1439,priest,discipline,36,16,20
Ïndis,ragnaros,1439,priest,discipline,82,36,46
Grotesque,gorefiend,1439,priest,discipline,96,42,54
Scrubx,malganis,1438,priest,discipline,18,15,3
Bent,gurubashi,1438,priest,discipline,53,29,24
Sistamaggie,bleeding-hollow,1438,priest,discipline,141,72,69
Raemara,quelthalas,1438,priest,discipline,80,37,43
Mäe,nemesis,1438,priest,discipline,77,34,43
Mason,winterhoof,1437,priest,discipline,24,15,9
Notdavido,illidan,1437,priest,discipline,96,59,37
Hoffmanx,emerald-dream,1437,priest,discipline,36,22,14
Tartapelle,zuljin,1437,priest,discipline,102,54,48
Miaria,chogall,1437,priest,discipline,138,69,69
Tmchicken,tichondrius,1437,priest,discipline,48,22,26
Joesus,kelthuzad,1437,priest,discipline,38,17,21
Melidrisande,wyrmrest-accord,1437,priest,discipline,40,15,25
Fleshwork,moon-guard,1436,priest,discipline,60,31,29
Syruhl,tichondrius,1436,priest,discipline,35,16,19
Howdaw,tichondrius,1436,priest,discipline,89,39,50
Pphill,aegwynn,1436,priest,discipline,54,22,32
Jiukuiowo,tichondrius,1436,priest,discipline,129,42,87
Kjpriest,kelthuzad,1435,priest,discipline,72,44,28
Diableero,barthilas,1435,priest,discipline,166,85,81
Shibatoshi,blackrock,1435,priest,discipline,163,83,80
Sliding,wyrmrest-accord,1435,priest,discipline,30,15,15
Travoidicus,wyrmrest-accord,1435,priest,discipline,163,81,82
Flavorgrave,tichondrius,1435,priest,discipline,34,16,18
Earface,blades-edge,1435,priest,discipline,56,19,37
Addisonraee,tichondrius,1434,priest,discipline,18,15,3
Baali,moon-guard,1434,priest,discipline,41,27,14
Oldris,darkspear,1434,priest,discipline,71,40,31
Juckerr,tichondrius,1434,priest,discipline,298,157,141
Doesine,area-52,1434,priest,discipline,101,53,48
Puddín,area-52,1434,priest,discipline,120,60,60
Priesters,crushridge,1434,priest,discipline,144,68,76
Meatboxmoldy,blood-furnace,1434,priest,discipline,36,15,21
Wintrow,sargeras,1434,priest,discipline,36,15,21
Unishooter,illidan,1433,priest,discipline,24,15,9
Bibicho,moon-guard,1433,priest,discipline,128,71,57
Edmust,black-dragonflight,1433,priest,discipline,30,16,14
Vampiric,laughing-skull,1433,priest,discipline,84,43,41
Thalyssarah,azralon,1433,priest,discipline,59,28,31
Zaneshy,azralon,1433,priest,discipline,49,19,30
Amorus,illidan,1432,priest,discipline,66,43,23
Wísh,emerald-dream,1432,priest,discipline,224,125,99
Wøo,area-52,1432,priest,discipline,113,60,53
Rôôk,kiljaeden,1432,priest,discipline,56,26,30
Trinketps,stormrage,1432,priest,discipline,42,15,27
Kippin,frostmourne,1431,priest,discipline,59,37,22
Fathersean,sargeras,1431,priest,discipline,24,15,9
Gomer,stormrage,1431,priest,discipline,71,42,29
Youngboys,stormreaver,1431,priest,discipline,102,54,48
Jubalie,guldan,1431,priest,discipline,75,38,37
Kinhilo,ragnaros,1431,priest,discipline,196,98,98
Ðiviniti,moon-guard,1430,priest,discipline,82,48,34
Krané,area-52,1430,priest,discipline,87,48,39
Davinatrans,azralon,1430,priest,discipline,111,57,54
Soulbane,frostmourne,1430,priest,discipline,30,15,15
Lily,blackrock,1430,priest,discipline,60,29,31
Zzay,burning-legion,1430,priest,discipline,36,17,19
Múd,mannoroth,1430,priest,discipline,57,19,38
Wincenn,moon-guard,1429,priest,discipline,24,15,9
Swagraptor,stormreaver,1429,priest,discipline,228,120,108
Orisons,lightbringer,1429,priest,discipline,60,31,29
Gothii,tichondrius,1429,priest,discipline,90,41,49
Darentious,area-52,1429,priest,discipline,54,22,32
Zènó,bleeding-hollow,1428,priest,discipline,42,25,17
Tainna,quelthalas,1428,priest,discipline,78,44,34
Hínáta,kelthuzad,1428,priest,discipline,36,19,17
Elexy,tichondrius,1428,priest,discipline,72,37,35
Rasputîn,tichondrius,1428,priest,discipline,75,33,42
Solestro,malganis,1428,priest,discipline,36,15,21
Torangi,tichondrius,1428,priest,discipline,42,15,27
Wizeau,dalaran,1427,priest,discipline,24,15,9
Mommyshere,vashj,1427,priest,discipline,119,71,48
Frogfrompad,tichondrius,1427,priest,discipline,106,61,45
Fleische,thrall,1427,priest,discipline,48,27,21
Emotionless,bonechewer,1427,priest,discipline,191,106,85
Bakí,hyjal,1427,priest,discipline,32,17,15
Coldphobia,uldum,1427,priest,discipline,263,138,125
Cherryfuzz,sargeras,1427,priest,discipline,89,45,44
Nerfdisc,azralon,1427,priest,discipline,177,89,88
Winsforgoldd,area-52,1427,priest,discipline,144,64,80
Saintmass,stormrage,1427,priest,discipline,36,16,20
Madjak,lightnings-blade,1426,priest,discipline,150,82,68
Tikel,ragnaros,1426,priest,discipline,117,61,56
Jaindoe,illidan,1426,priest,discipline,309,159,150
Smegmancer,korgath,1426,priest,discipline,149,73,76
Slaystation,wildhammer,1426,priest,discipline,42,19,23
Voicekal,sargeras,1425,priest,discipline,77,41,36
Soméone,sargeras,1425,priest,discipline,272,142,130
Curemeste,illidan,1425,priest,discipline,271,136,135
Teeds,stormrage,1425,priest,discipline,69,34,35
Akkassha,zuljin,1425,priest,discipline,60,29,31
Álvarez,tichondrius,1425,priest,discipline,54,26,28
Wíckéd,frostmourne,1425,priest,discipline,57,23,34
Rondebarber,thunderlord,1424,priest,discipline,132,72,60
Bornindeath,proudmoore,1424,priest,discipline,108,57,51
Kuwapre,proudmoore,1424,priest,discipline,76,40,36
Zäelly,moon-guard,1424,priest,discipline,204,103,101
Nuditwo,malganis,1424,priest,discipline,48,15,33
Roshik,stormrage,1423,priest,discipline,54,33,21
Nolan,drakkari,1423,priest,discipline,53,30,23
Anthoras,stormrage,1423,priest,discipline,84,47,37
Namî,barthilas,1423,priest,discipline,348,186,162
Mawlaana,frostmourne,1423,priest,discipline,96,50,46
Füuzin,stormrage,1423,priest,discipline,194,101,93
Murdock,the-forgotten-coast,1423,priest,discipline,116,60,56
Prayf,area-52,1423,priest,discipline,304,148,156
Filterd,azshara,1423,priest,discipline,112,54,58
Príest,nordrassil,1423,priest,discipline,54,24,30
Astraetus,zuljin,1422,priest,discipline,81,47,34
Nek,malganis,1422,priest,discipline,121,69,52
Necrodiva,magtheridon,1422,priest,discipline,108,54,54
Hly,frostmourne,1422,priest,discipline,30,15,15
Whitenoiz,kiljaeden,1422,priest,discipline,30,15,15
Ohgiddyy,dalaran,1422,priest,discipline,79,38,41
Glorpy,proudmoore,1422,priest,discipline,60,27,33
Discnotholy,kelthuzad,1422,priest,discipline,42,15,27
Bloatie,zuljin,1421,priest,discipline,42,28,14
Kreon,tichondrius,1421,priest,discipline,24,16,8
Sïlvermoon,ravencrest,1421,priest,discipline,61,33,28
Sumrand,frostmourne,1421,priest,discipline,30,16,14
Betterheals,tichondrius,1421,priest,discipline,169,88,81
Mortaroth,doomhammer,1421,priest,discipline,137,70,67
Kävanagh,ragnaros,1421,priest,discipline,71,36,35
Phuqz,stormrage,1421,priest,discipline,62,30,32
Axelrod,tichondrius,1421,priest,discipline,108,47,61
Chofis,nathrezim,1420,priest,discipline,42,30,12
Holycast,arygos,1420,priest,discipline,24,15,9
Purplebeauty,tichondrius,1420,priest,discipline,275,150,125
Tiannatrump,stormrage,1420,priest,discipline,77,42,35
Cheetos,draenor,1420,priest,discipline,65,35,30
Specialed,wildhammer,1420,priest,discipline,97,51,46
Libationz,area-52,1420,priest,discipline,257,133,124
Sentactic,illidan,1420,priest,discipline,33,17,16
Inmotion,tichondrius,1420,priest,discipline,30,15,15
Slumpbusterx,bonechewer,1420,priest,discipline,431,209,222
Compåctdisc,sargeras,1420,priest,discipline,78,37,41
Kaeso,magtheridon,1420,priest,discipline,42,16,26
Dkarla,lightnings-blade,1419,priest,discipline,28,16,12
Exigyo,quelthalas,1419,priest,discipline,195,103,92
Mosarra,agamaggan,1419,priest,discipline,48,24,24
Jbtytime,proudmoore,1419,priest,discipline,42,15,27
Brokennurse,area-52,1418,priest,discipline,72,47,25
Holyshiiet,area-52,1418,priest,discipline,24,15,9
Saintclac,illidan,1418,priest,discipline,100,56,44
Itsmaám,moon-guard,1418,priest,discipline,83,46,37
Dagónet,sargeras,1418,priest,discipline,78,41,37
Shufflnjoyer,sargeras,1418,priest,discipline,114,54,60
Endereth,skullcrusher,1418,priest,discipline,461,218,243
Holyish,proudmoore,1418,priest,discipline,42,19,23
Daluu,tichondrius,1418,priest,discipline,57,22,35
Raveën,quelthalas,1418,priest,discipline,42,16,26
Rufían,quelthalas,1417,priest,discipline,109,54,55
Kurobankai,tichondrius,1417,priest,discipline,105,51,54
Slaac,malfurion,1417,priest,discipline,84,39,45
Nidüz,stormrage,1417,priest,discipline,156,72,84
Boundword,emerald-dream,1417,priest,discipline,219,101,118
Jagsp,area-52,1417,priest,discipline,114,51,63
Nutsin,tichondrius,1417,priest,discipline,36,15,21
Chaøz,emerald-dream,1415,priest,discipline,73,46,27
Exanthrope,stormrage,1415,priest,discipline,30,18,12
Humpbackz,tichondrius,1415,priest,discipline,76,41,35
Ayakoji,proudmoore,1415,priest,discipline,96,48,48
Missrachel,kiljaeden,1415,priest,discipline,30,15,15
Thoughtcrime,doomhammer,1414,priest,discipline,102,59,43
Kayluhn,area-52,1414,priest,discipline,42,24,18
Ðiplø,tichondrius,1414,priest,discipline,71,39,32
Noiri,aegwynn,1414,priest,discipline,53,28,25
Muromsnel,proudmoore,1414,priest,discipline,132,65,67
Aubine,sargeras,1414,priest,discipline,41,15,26
Fatherjerry,kiljaeden,1413,priest,discipline,90,50,40
Kevpri,wyrmrest-accord,1413,priest,discipline,69,36,33
Zgzz,stormrage,1413,priest,discipline,82,40,42
Feløre,quelthalas,1412,priest,discipline,51,32,19
Ohnotready,tichondrius,1412,priest,discipline,79,44,35
Somberr,dalaran,1412,priest,discipline,97,48,49
Sýpha,dalaran,1412,priest,discipline,51,25,26
Pain,bloodscalp,1412,priest,discipline,38,18,20
Gwyneth,whisperwind,1412,priest,discipline,122,57,65
Raileight,illidan,1412,priest,discipline,56,25,31
Luanwanx,tichondrius,1411,priest,discipline,169,87,82
Twisturfait,tichondrius,1411,priest,discipline,76,39,37
Snoozemaster,cenarius,1411,priest,discipline,30,15,15
Posabilties,bleeding-hollow,1411,priest,discipline,42,20,22
Caricius,ravenholdt,1410,priest,discipline,26,17,9
Macnabber,malganis,1410,priest,discipline,42,27,15
Anastasius,lightbringer,1410,priest,discipline,88,56,32
ßlest,stormrage,1410,priest,discipline,180,98,82
Finnabustt,tichondrius,1410,priest,discipline,149,70,79
Nottahealer,anvilmar,1410,priest,discipline,66,29,37
Elsanto,stormrage,1409,priest,discipline,24,15,9
Jilt,aerie-peak,1409,priest,discipline,140,77,63
Ðelight,ragnaros,1409,priest,discipline,133,73,60
Hail,kaelthas,1409,priest,discipline,36,18,18
Caèlum,area-52,1409,priest,discipline,90,44,46
Raggasoca,malganis,1409,priest,discipline,151,70,81
Chemtrail,malganis,1409,priest,discipline,42,15,27
Stynke,bleeding-hollow,1409,priest,discipline,96,32,64
Draeneidiff,moon-guard,1408,priest,discipline,24,15,9
Bandèl,tichondrius,1408,priest,discipline,60,35,25
Curánderá,ragnaros,1408,priest,discipline,117,65,52
Lawroade,tichondrius,1408,priest,discipline,90,50,40
Letkidscome,archimonde,1408,priest,discipline,63,34,29
Fluffsterr,thrall,1408,priest,discipline,112,60,52
Oomed,bonechewer,1408,priest,discipline,182,96,86
Ahnit,azralon,1408,priest,discipline,46,22,24
Drcric,quelthalas,1408,priest,discipline,54,24,30
Xeras,misha,1408,priest,discipline,71,31,40
Grapeedrank,tichondrius,1407,priest,discipline,51,36,15
Wâtermelon,stormrage,1407,priest,discipline,24,15,9
Shonkee,tichondrius,1407,priest,discipline,134,64,70
Nightheals,sargeras,1407,priest,discipline,66,31,35
Holyjibs,moon-guard,1406,priest,discipline,85,52,33
Ünarû,illidan,1406,priest,discipline,120,65,55
Kikioo,ragnaros,1406,priest,discipline,69,32,37
Unholyshield,frostmourne,1406,priest,discipline,40,18,22
Bestpriestau,barthilas,1405,priest,discipline,30,19,11
Vahlen,azralon,1405,priest,discipline,65,39,26
Dmlx,frostmourne,1405,priest,discipline,156,90,66
Mechahomo,dalaran,1405,priest,discipline,108,59,49
Elixia,maiev,1405,priest,discipline,165,89,76
Mangueroide,quelthalas,1405,priest,discipline,123,63,60
Supôrte,nemesis,1405,priest,discipline,146,74,72
Chimiechurro,proudmoore,1405,priest,discipline,90,45,45
Littledog,velen,1405,priest,discipline,178,85,93
Goseoa,tichondrius,1405,priest,discipline,143,67,76
Eluko,tichondrius,1404,priest,discipline,63,39,24
Tryst,the-underbog,1404,priest,discipline,60,37,23
Cylocibin,kiljaeden,1404,priest,discipline,161,91,70
Dlysexic,barthilas,1404,priest,discipline,106,57,49
Åffliction,sargeras,1404,priest,discipline,40,20,20
Dabaksp,area-52,1404,priest,discipline,136,67,69
Accismus,khadgar,1404,priest,discipline,121,58,63
Feorlar,tichondrius,1404,priest,discipline,144,69,75
Sofluffy,burning-blade,1404,priest,discipline,77,35,42
Eiderwood,moon-guard,1403,priest,discipline,83,47,36
Vyndïllïn,tichondrius,1403,priest,discipline,29,16,13
Ekros,illidan,1403,priest,discipline,70,38,32
Rxpriest,the-forgotten-coast,1403,priest,discipline,35,18,17
Idkhowtoheàl,darkspear,1403,priest,discipline,42,20,22
Teeprie,drakthul,1403,priest,discipline,41,18,23
Karmatron,chogall,1403,priest,discipline,65,26,39
Therialjp,ragnaros,1402,priest,discipline,42,25,17
Izanemi,sargeras,1402,priest,discipline,71,39,32
Icônz,malganis,1402,priest,discipline,108,56,52
Poine,tichondrius,1402,priest,discipline,97,50,47
Mannius,tichondrius,1402,priest,discipline,188,90,98
Steefe,arygos,1402,priest,discipline,55,26,29
Discalaneous,tichondrius,1402,priest,discipline,45,20,25
Esciel,ragnaros,1402,priest,discipline,176,75,101
Owwie,nerzhul,1401,priest,discipline,137,72,65
Inot,nemesis,1401,priest,discipline,171,77,94
Stoutqt,arthas,1400,priest,discipline,36,28,8
Replacednewb,chogall,1400,priest,discipline,79,43,36
Bøness,area-52,1400,priest,discipline,187,97,90
Skillfull,chogall,1400,priest,discipline,429,217,212
Whehaw,kelthuzad,1400,priest,discipline,162,78,84
Namemetwo,malganis,1400,priest,discipline,132,62,70
Gðttlich,stormrage,1400,priest,discipline,56,26,30
Forsakenz,jaedenar,1400,priest,discipline,137,63,74
Kwx,tichondrius,1399,priest,discipline,24,15,9
Lovebbw,sargeras,1399,priest,discipline,48,25,23
Meditåtion,tichondrius,1399,priest,discipline,338,174,164
Noveh,tichondrius,1399,priest,discipline,82,42,40
Norastanne,moon-guard,1399,priest,discipline,77,39,38
Fairlightpp,zuljin,1399,priest,discipline,101,48,53
Iol,spinebreaker,1399,priest,discipline,35,15,20
Floratil,ragnaros,1399,priest,discipline,90,37,53
Coldvbs,barthilas,1398,priest,discipline,46,26,20
Cléríc,moon-guard,1398,priest,discipline,325,165,160
Padragon,tichondrius,1398,priest,discipline,42,17,25
Zmpr,area-52,1397,priest,discipline,44,30,14
Moonarie,draka,1397,priest,discipline,42,25,17
Aurajade,queldorei,1397,priest,discipline,78,41,37
Chloangel,frostmourne,1396,priest,discipline,75,42,33
Selenthea,moon-guard,1396,priest,discipline,166,89,77
Aubieheal,malygos,1396,priest,discipline,97,51,46
Bluffzp,boulderfist,1396,priest,discipline,54,28,26
Emytoty,ragnaros,1396,priest,discipline,268,132,136
Voyou,icecrown,1396,priest,discipline,148,68,80
Powerwordshy,area-52,1396,priest,discipline,42,16,26
Rabbix,aggramar,1395,priest,discipline,36,20,16
Izikial,illidan,1395,priest,discipline,66,32,34
Jacob,shadowmoon,1395,priest,discipline,171,82,89
Discrepancy,sargeras,1394,priest,discipline,54,32,22
Vøíd,sargeras,1394,priest,discipline,41,23,18
Luffzie,barthilas,1394,priest,discipline,162,85,77
Xerzosh,area-52,1394,priest,discipline,160,83,77
Prilance,hyjal,1394,priest,discipline,36,18,18
Jìtters,silvermoon,1394,priest,discipline,54,26,28
Moneymurph,blackrock,1394,priest,discipline,50,19,31
Iulu,doomhammer,1393,priest,discipline,39,23,16
Megdelight,deathwing,1393,priest,discipline,36,20,16
Bigtimeplay,tichondrius,1393,priest,discipline,65,34,31
Dokthekim,frostmourne,1393,priest,discipline,92,48,44
Eatmyfear,quelthalas,1393,priest,discipline,283,140,143
Lilblackguys,stormrage,1393,priest,discipline,120,59,61
Helarix,malganis,1393,priest,discipline,288,138,150
Yunganal,sargeras,1392,priest,discipline,60,36,24
Docvalentino,malganis,1392,priest,discipline,35,21,14
Atyourcervix,emerald-dream,1392,priest,discipline,50,29,21
Lightforfill,vashj,1392,priest,discipline,98,56,42
Zisenior,ragnaros,1392,priest,discipline,30,17,13
Pepske,dalaran,1392,priest,discipline,132,72,60
Claireredfld,lightbringer,1392,priest,discipline,78,42,36
Atzi,aerie-peak,1392,priest,discipline,48,25,23
Jjløver,tichondrius,1391,priest,discipline,55,28,27
Ggums,tichondrius,1391,priest,discipline,108,54,54
Necroshine,vashj,1391,priest,discipline,63,26,37
Pagän,illidan,1390,priest,discipline,75,42,33
Sæýfír,illidan,1390,priest,discipline,128,70,58
Ahane,wyrmrest-accord,1390,priest,discipline,132,68,64
Sleepiest,wyrmrest-accord,1390,priest,discipline,65,33,32
Bangemright,ursin,1390,priest,discipline,36,17,19
Tyzrapture,illidan,1390,priest,discipline,119,53,66
Nightious,malganis,1389,priest,discipline,69,34,35
Kayzen,frostmourne,1389,priest,discipline,54,25,29
Triazolam,illidan,1389,priest,discipline,72,29,43
Itsme,quelthalas,1388,priest,discipline,113,54,59
Someskips,darkspear,1388,priest,discipline,80,35,45
Psílocybín,icecrown,1387,priest,discipline,62,35,27
Boojanglez,exodar,1387,priest,discipline,90,50,40
Handyheals,frostmourne,1387,priest,discipline,137,73,64
Durgen,stormreaver,1387,priest,discipline,55,29,26
Tyreliy,eitrigg,1387,priest,discipline,223,116,107
Tluoc,nemesis,1387,priest,discipline,103,53,50
Shelak,frostmourne,1387,priest,discipline,137,69,68
Shaydeep,nagrand,1387,priest,discipline,46,23,23
Euphotic,tichondrius,1387,priest,discipline,85,41,44
Crashed,frostmourne,1387,priest,discipline,84,40,44
Vehex,malganis,1387,priest,discipline,112,53,59
Hesus,deathwing,1387,priest,discipline,40,18,22
Aimeé,chromaggus,1387,priest,discipline,96,40,56
Juicykuma,sargeras,1386,priest,discipline,36,23,13
Kobayashy,ragnaros,1386,priest,discipline,66,38,28
Unholywizard,sargeras,1386,priest,discipline,66,37,29
Ripscrew,area-52,1386,priest,discipline,30,16,14
Kaonn,frostmourne,1386,priest,discipline,574,293,281
Jèf,stormrage,1386,priest,discipline,35,17,18
Jugeum,proudmoore,1386,priest,discipline,66,27,39
Dønaldtrumpx,tichondrius,1385,priest,discipline,59,30,29
Kerahk,drakkari,1385,priest,discipline,68,33,35
Kìttý,cenarius,1385,priest,discipline,48,23,25
Ershackleton,illidan,1385,priest,discipline,48,20,28
Spacegrassfx,bleeding-hollow,1384,priest,discipline,60,37,23
Aldrych,malganis,1384,priest,discipline,91,51,40
Pipete,frostmourne,1384,priest,discipline,276,145,131
Mswatermelon,malganis,1384,priest,discipline,46,24,22
Misfyt,emerald-dream,1384,priest,discipline,78,40,38
Pyta,frostmourne,1384,priest,discipline,123,63,60
Späcehulk,illidan,1384,priest,discipline,91,35,56
Kms,sargeras,1383,priest,discipline,74,41,33
Risedead,azralon,1383,priest,discipline,171,91,80
Villageidiot,lightbringer,1383,priest,discipline,104,53,51
Wholeness,kelthuzad,1383,priest,discipline,48,21,27
Xora,frostmourne,1383,priest,discipline,62,23,39
Ilinwe,stormrage,1383,priest,discipline,65,24,41
Rakpriest,nerzhul,1382,priest,discipline,73,45,28
Zortroz,tichondrius,1382,priest,discipline,40,22,18
Leprêtre,hakkar,1382,priest,discipline,103,55,48
Prettyshade,area-52,1382,priest,discipline,30,16,14
Dessire,ragnaros,1382,priest,discipline,35,17,18
Sukmysplooge,queldorei,1382,priest,discipline,66,28,38
Èuneekz,thrall,1382,priest,discipline,42,16,26
Sofunchode,illidan,1382,priest,discipline,48,17,31
Holkthok,tichondrius,1381,priest,discipline,203,110,93
Renews,azralon,1381,priest,discipline,82,44,38
Muuq,frostmourne,1381,priest,discipline,311,156,155
Djefe,tichondrius,1381,priest,discipline,114,56,58
Rblood,emerald-dream,1380,priest,discipline,101,58,43
Moresbo,frostmourne,1380,priest,discipline,42,24,18
Endeshealer,suramar,1380,priest,discipline,72,38,34
Sibble,boulderfist,1380,priest,discipline,206,96,110
Mpshield,kiljaeden,1379,priest,discipline,89,51,38
Swagmasta,doomhammer,1379,priest,discipline,36,19,17
Hoppus,stormrage,1379,priest,discipline,186,94,92
Haizsu,tichondrius,1379,priest,discipline,99,46,53
Bandagebabe,sargeras,1379,priest,discipline,48,22,26
Zhadowbolts,thrall,1378,priest,discipline,36,23,13
Gristus,twisting-nether,1378,priest,discipline,47,27,20
Haø,stormrage,1378,priest,discipline,606,306,300
Penancepapi,stormrage,1378,priest,discipline,42,20,22
Shadowcrash,zuljin,1378,priest,discipline,36,17,19
Yótecuro,quelthalas,1378,priest,discipline,132,61,71
Tarny,tichondrius,1377,priest,discipline,94,55,39
Doubt,eredar,1377,priest,discipline,34,19,15
Mørphina,azralon,1377,priest,discipline,122,66,56
Xneanthia,illidan,1377,priest,discipline,67,35,32
Kuriyasu,emerald-dream,1377,priest,discipline,297,153,144
Noopnoop,burning-blade,1377,priest,discipline,63,32,31
Goosemongler,bleeding-hollow,1377,priest,discipline,42,21,21
Yeshùa,drakkari,1377,priest,discipline,149,72,77
Smallbrains,emerald-dream,1377,priest,discipline,42,16,26
Lexinalis,stormrage,1376,priest,discipline,29,17,12
Holystink,malganis,1376,priest,discipline,51,27,24
Kallixprime,ragnaros,1376,priest,discipline,135,71,64
Hydra,ursin,1376,priest,discipline,123,51,72
Sixfiggas,darkspear,1375,priest,discipline,24,17,7
Ihelp,altar-of-storms,1375,priest,discipline,67,38,29
Drinkndrive,tichondrius,1375,priest,discipline,57,30,27
Piskel,vashj,1375,priest,discipline,66,29,37
Gloomswrath,illidan,1375,priest,discipline,54,22,32
Diabiitus,stormrage,1374,priest,discipline,159,87,72
Scaloni,proudmoore,1374,priest,discipline,77,42,35
Jelzz,area-52,1374,priest,discipline,33,18,15
Theboogieman,magtheridon,1374,priest,discipline,179,94,85
Discountay,burning-legion,1374,priest,discipline,65,33,32
Guccigriimes,tichondrius,1374,priest,discipline,135,61,74
Deadshöt,gorefiend,1373,priest,discipline,57,33,24
Anymoon,tichondrius,1373,priest,discipline,211,111,100
Heal,boulderfist,1373,priest,discipline,40,21,19
Palpitine,kiljaeden,1373,priest,discipline,67,35,32
Testament,greymane,1373,priest,discipline,188,96,92
Zombieheals,gundrak,1373,priest,discipline,53,27,26
Mäí,ragnaros,1372,priest,discipline,120,67,53
Jaskil,skywall,1372,priest,discipline,185,98,87
Silnetlee,tichondrius,1372,priest,discipline,133,65,68
Nøzmonica,kelthuzad,1372,priest,discipline,80,38,42
Halcyon,eonar,1372,priest,discipline,74,34,40
Mauriel,proudmoore,1372,priest,discipline,42,19,23
Athëlstân,quelthalas,1372,priest,discipline,42,17,25
Diebetus,zuljin,1372,priest,discipline,88,34,54
Avis,illidan,1371,priest,discipline,60,37,23
Wildmanfrank,tichondrius,1371,priest,discipline,55,33,22
Blakalicious,illidan,1371,priest,discipline,48,28,20
Darkquinners,boulderfist,1371,priest,discipline,51,28,23
Bluebêrry,drakthul,1371,priest,discipline,67,35,32
Mindcurve,wyrmrest-accord,1371,priest,discipline,36,18,18
Armî,ragnaros,1371,priest,discipline,87,41,46
Karazhan,burning-legion,1371,priest,discipline,44,19,25
Methodist,proudmoore,1371,priest,discipline,94,39,55
Miserable,emerald-dream,1371,priest,discipline,101,40,61
Tatereh,illidan,1370,priest,discipline,64,34,30
Erossenin,proudmoore,1370,priest,discipline,68,35,33
Flab,tichondrius,1370,priest,discipline,52,26,26
Kyoku,tanaris,1369,priest,discipline,47,27,20
Blackbubba,tichondrius,1369,priest,discipline,340,175,165
Jesisapollo,blackrock,1368,priest,discipline,23,15,8
Sofhya,ragnaros,1368,priest,discipline,160,86,74
Huck,khazgoroth,1368,priest,discipline,96,50,46
Bigfirebet,tichondrius,1368,priest,discipline,31,16,15
Burroviejo,quelthalas,1368,priest,discipline,106,50,56
Eblis,the-underbog,1368,priest,discipline,87,39,48
Healbôt,korialstrasz,1368,priest,discipline,53,22,31
Moralism,moon-guard,1367,priest,discipline,116,70,46
Demimo,frostwolf,1367,priest,discipline,54,32,22
Gäindalf,tichondrius,1367,priest,discipline,40,23,17
Nenemsis,drakkari,1367,priest,discipline,68,34,34
Rhapsodias,area-52,1366,priest,discipline,24,16,8
Lyxx,kelthuzad,1366,priest,discipline,27,17,10
Slewt,aggramar,1366,priest,discipline,161,90,71
Hödü,tichondrius,1366,priest,discipline,48,26,22
Scrubnubz,barthilas,1366,priest,discipline,48,23,25
Mkowns,tichondrius,1366,priest,discipline,142,68,74
Telrane,aggramar,1366,priest,discipline,66,31,35
Solsano,stormrage,1365,priest,discipline,76,44,32
Arvida,ragnaros,1365,priest,discipline,78,45,33
Portrey,frostmourne,1365,priest,discipline,644,329,315
Pêrsephône,tichondrius,1365,priest,discipline,605,303,302
Purgingsyns,illidan,1364,priest,discipline,56,34,22
Chaseshadow,kelthuzad,1364,priest,discipline,95,57,38
Nars,draka,1364,priest,discipline,30,16,14
Míssdank,tichondrius,1364,priest,discipline,42,22,20
Cobesy,illidan,1364,priest,discipline,153,66,87
Drilbitt,jaedenar,1363,priest,discipline,39,28,11
Otterblast,illidan,1363,priest,discipline,36,24,12
Kynsias,stormrage,1363,priest,discipline,27,16,11
Evpray,area-52,1363,priest,discipline,72,40,32
Kerez,skywall,1363,priest,discipline,93,49,44
Sinnertitanz,quelthalas,1363,priest,discipline,96,49,47
Orìsel,wyrmrest-accord,1363,priest,discipline,177,88,89
Tyrea,kiljaeden,1363,priest,discipline,48,21,27
Mayzal,emerald-dream,1363,priest,discipline,46,19,27
Vladlèna,moon-guard,1362,priest,discipline,21,15,6
Smokeitmon,blackrock,1362,priest,discipline,41,22,19
Samloomis,zuluhed,1362,priest,discipline,47,24,23
Mytruelove,tichondrius,1362,priest,discipline,42,21,21
Jaeza,azralon,1362,priest,discipline,111,52,59
Andariel,quelthalas,1361,priest,discipline,60,36,24
Atemlos,malorne,1361,priest,discipline,79,47,32
Nordim,sargeras,1361,priest,discipline,54,31,23
Ophailea,thrall,1361,priest,discipline,80,45,35
Vivián,tichondrius,1361,priest,discipline,169,88,81
Holykushed,tichondrius,1361,priest,discipline,62,29,33
Curasia,drakkari,1360,priest,discipline,57,37,20
Trýíing,nemesis,1360,priest,discipline,50,31,19
Healrat,thrall,1360,priest,discipline,60,35,25
Juniorfloyd,tichondrius,1360,priest,discipline,48,27,21
Toorshul,tichondrius,1360,priest,discipline,149,81,68
Knifê,moon-guard,1360,priest,discipline,170,90,80
Methodist,sargeras,1359,priest,discipline,37,22,15
Radiantsoulz,area-52,1359,priest,discipline,102,56,46
Oprawinfree,tichondrius,1359,priest,discipline,142,77,65
Trummp,tichondrius,1359,priest,discipline,75,40,35
Scortum,goldrinn,1359,priest,discipline,90,45,45
Penetron,tichondrius,1359,priest,discipline,245,122,123
Nexoox,drakkari,1358,priest,discipline,42,23,19
Synesth,area-52,1357,priest,discipline,30,17,13
Filterz,korgath,1357,priest,discipline,42,22,20
Ricflayer,lothar,1357,priest,discipline,42,21,21
Gamist,area-52,1357,priest,discipline,214,105,109
Eiju,proudmoore,1357,priest,discipline,42,19,23
Tdmheals,zuluhed,1356,priest,discipline,48,36,12
Ainsworth,cairne,1356,priest,discipline,68,37,31
Aerdune,dalaran,1356,priest,discipline,68,36,32
Tungus,shadowsong,1356,priest,discipline,109,56,53
Nepy,stormrage,1356,priest,discipline,105,53,52
Shadowmiilf,illidan,1356,priest,discipline,113,57,56
Tumatauengha,burning-blade,1356,priest,discipline,176,88,88
Hunanbeef,kiljaeden,1356,priest,discipline,112,55,57
Baldie,zuljin,1356,priest,discipline,54,26,28
Monvireaux,area-52,1356,priest,discipline,54,25,29
Matchakatt,tichondrius,1355,priest,discipline,65,41,24
Rìch,tichondrius,1355,priest,discipline,129,69,60
Mistify,bleeding-hollow,1355,priest,discipline,60,32,28
Jùdas,ravencrest,1355,priest,discipline,29,15,14
Cyphrus,hyjal,1355,priest,discipline,73,34,39
Nellisei,barthilas,1355,priest,discipline,72,32,40
Maniafa,tichondrius,1354,priest,discipline,36,22,14
Kymmei,warsong,1354,priest,discipline,30,15,15
Cella,frostmourne,1354,priest,discipline,108,52,56
Iovesauce,stormrage,1354,priest,discipline,48,23,25
Myvanwy,silvermoon,1354,priest,discipline,42,19,23
Malarkie,sargeras,1354,priest,discipline,36,15,21
Prevain,area-52,1353,priest,discipline,55,31,24
Msdash,tichondrius,1353,priest,discipline,42,23,19
Rêvelation,trollbane,1353,priest,discipline,159,85,74
Murillio,moon-guard,1353,priest,discipline,29,15,14
Arkenes,dalaran,1353,priest,discipline,101,52,49
Remedium,drakkari,1353,priest,discipline,63,32,31
Eavin,laughing-skull,1353,priest,discipline,728,364,364
Mipa,proudmoore,1352,priest,discipline,30,22,8
Vochier,arthas,1352,priest,discipline,72,39,33
Chìbiusa,proudmoore,1352,priest,discipline,106,52,54
Dominie,area-52,1351,priest,discipline,24,17,7
Hereforfastq,shattered-hand,1351,priest,discipline,30,17,13
Hootin,whisperwind,1351,priest,discipline,62,35,27
Laopao,proudmoore,1351,priest,discipline,123,62,61
Littlewench,sargeras,1351,priest,discipline,44,22,22
Kivz,stormrage,1351,priest,discipline,176,86,90
Whitewidowx,eredar,1350,priest,discipline,27,16,11
Xápah,moon-guard,1350,priest,discipline,39,22,17
Donzorro,ragnaros,1350,priest,discipline,117,59,58
Worstpriest,stormscale,1350,priest,discipline,66,33,33
Satanshealer,terokkar,1350,priest,discipline,30,15,15
Harborcoat,whisperwind,1350,priest,discipline,107,53,54
Ollarlamente,zuljin,1350,priest,discipline,96,44,52
Propagàndhi,daggerspine,1350,priest,discipline,239,105,134
Cuisino,tichondrius,1349,priest,discipline,35,21,14
Dispelbot,kelthuzad,1349,priest,discipline,193,110,83
Krindil,korgath,1349,priest,discipline,113,62,51
Dacreampie,nerzhul,1349,priest,discipline,42,15,27
Beñzi,sargeras,1348,priest,discipline,26,16,10
Kantareller,tichondrius,1348,priest,discipline,208,114,94
Rickitz,bleeding-hollow,1348,priest,discipline,60,32,28
Gawlas,azshara,1348,priest,discipline,30,16,14
Yayoo,exodar,1348,priest,discipline,45,23,22
Swolequadz,elune,1348,priest,discipline,59,30,29
Fìngerbanger,lightnings-blade,1348,priest,discipline,526,264,262
Khaleth,suramar,1348,priest,discipline,108,52,56
Howdydoo,azshara,1348,priest,discipline,73,33,40
Skadim,azralon,1348,priest,discipline,156,68,88
Ihealusall,illidan,1348,priest,discipline,85,36,49
Rigotakx,illidan,1348,priest,discipline,40,16,24
Prignues,tichondrius,1347,priest,discipline,48,31,17
Caponz,tichondrius,1347,priest,discipline,30,18,12
Yait,tichondrius,1347,priest,discipline,32,16,16
Panelopie,maiev,1346,priest,discipline,24,17,7
Rbmxp,barthilas,1346,priest,discipline,27,16,11
Weakwind,burning-blade,1346,priest,discipline,59,33,26
Holymagic,lightnings-blade,1346,priest,discipline,208,110,98
Médíc,dalaran,1346,priest,discipline,80,42,38
Giyom,tichondrius,1346,priest,discipline,35,18,17
Dynopriest,kelthuzad,1346,priest,discipline,48,23,25
Elrywn,stormrage,1346,priest,discipline,77,36,41
Vandaley,tichondrius,1345,priest,discipline,50,30,20
Gnomelester,kiljaeden,1345,priest,discipline,42,24,18
Dominantz,khazgoroth,1345,priest,discipline,114,59,55
Victrix,tichondrius,1345,priest,discipline,162,72,90
Êxile,sargeras,1345,priest,discipline,107,44,63
ßræcher,black-dragonflight,1344,priest,discipline,36,24,12
Deadlydocc,illidan,1344,priest,discipline,62,39,23
Crazykitsune,thaurissan,1344,priest,discipline,93,52,41
Súlfuro,quelthalas,1344,priest,discipline,163,83,80
Tanakí,area-52,1344,priest,discipline,42,21,21
Eziri,goldrinn,1344,priest,discipline,104,51,53
Lilazngirl,stormrage,1343,priest,discipline,35,22,13
Textmepls,barthilas,1343,priest,discipline,54,32,22
Mthwz,tichondrius,1343,priest,discipline,24,14,10
Penitentrowr,illidan,1343,priest,discipline,133,70,63
Fadewench,sargeras,1343,priest,discipline,41,21,20
Lucsor,malganis,1343,priest,discipline,119,60,59
Mitoloshi,ragnaros,1343,priest,discipline,126,61,65
Marywanna,stormrage,1343,priest,discipline,30,14,16
Gabrieleron,quelthalas,1342,priest,discipline,77,48,29
Soloqqt,tichondrius,1342,priest,discipline,24,14,10
Kevarsin,dalaran,1342,priest,discipline,116,57,59
Scenekîd,moon-guard,1342,priest,discipline,54,26,28
Spursky,emerald-dream,1341,priest,discipline,18,14,4
Runemidgard,illidan,1341,priest,discipline,67,42,25
Squigic,turalyon,1341,priest,discipline,24,14,10
Carlita,ravenholdt,1341,priest,discipline,24,14,10
Redcoolaid,moon-guard,1341,priest,discipline,24,14,10
Soaphia,kelthuzad,1341,priest,discipline,190,104,86
Htx,dunemaul,1341,priest,discipline,30,16,14
Phonomena,malganis,1341,priest,discipline,179,93,86
Morningzz,tichondrius,1341,priest,discipline,262,128,134
Psyfriend,area-52,1341,priest,discipline,30,14,16
Zoap,stormrage,1341,priest,discipline,60,26,34
Teiam,skullcrusher,1340,priest,discipline,24,14,10
Bathenape,bleeding-hollow,1340,priest,discipline,58,32,26
Facethevoid,stormrage,1340,priest,discipline,35,19,16
Bionix,stormrage,1340,priest,discipline,72,37,35
Càptain,moon-guard,1339,priest,discipline,46,27,19
Spacelaces,stormrage,1339,priest,discipline,42,23,19
Nooice,dalaran,1339,priest,discipline,54,23,31
Blanchfield,azralon,1338,priest,discipline,48,24,24
Kasiry,ragnaros,1338,priest,discipline,78,38,40
Gnralways,andorhal,1338,priest,discipline,105,49,56
Såx,stormreaver,1338,priest,discipline,48,22,26
Terraqq,barthilas,1338,priest,discipline,33,15,18
Inmøthep,ragnaros,1338,priest,discipline,92,38,54
Lildubs,bloodhoof,1337,priest,discipline,18,14,4
Sauile,kelthuzad,1337,priest,discipline,222,115,107
Abbot,zangarmarsh,1337,priest,discipline,299,153,146
Ricksanchez,moonrunner,1337,priest,discipline,36,17,19
Vampiremane,ragnaros,1337,priest,discipline,74,31,43
Foxspritques,area-52,1337,priest,discipline,58,16,42
Flayzx,tichondrius,1336,priest,discipline,18,14,4
Gäindalt,tichondrius,1336,priest,discipline,114,60,54
Ioved,sisters-of-elune,1336,priest,discipline,36,14,22
Metagameswag,tichondrius,1335,priest,discipline,24,14,10
Allivan,frostwolf,1335,priest,discipline,42,24,18
Icyspicy,shadowsong,1335,priest,discipline,91,49,42
Vekxx,sargeras,1335,priest,discipline,30,15,15
Shinomiko,frostmourne,1335,priest,discipline,250,113,137
Yishaarj,tichondrius,1335,priest,discipline,65,27,38
Shadina,gorefiend,1335,priest,discipline,36,14,22
Aqurielen,turalyon,1334,priest,discipline,55,33,22
Halfyo,dragonmaw,1334,priest,discipline,96,51,45
Pherïox,drakkari,1334,priest,discipline,36,19,17
Talbadontu,thrall,1334,priest,discipline,42,22,20
Vìrus,jubeithos,1334,priest,discipline,58,29,29
Capnjazz,illidan,1334,priest,discipline,54,24,30
Kuuhakudes,illidan,1333,priest,discipline,18,14,4
Papafuego,stormrage,1333,priest,discipline,18,14,4
Zumanîty,zangarmarsh,1333,priest,discipline,43,27,16
Galnaine,emerald-dream,1333,priest,discipline,24,14,10
Aoirenaouo,tichondrius,1333,priest,discipline,30,14,16
Bubblerenew,altar-of-storms,1333,priest,discipline,30,14,16
Idryn,quelthalas,1333,priest,discipline,44,19,25
Holytitanzz,quelthalas,1333,priest,discipline,52,21,31
Bigpoppinxo,tichondrius,1332,priest,discipline,42,26,16
Ayzan,illidan,1332,priest,discipline,33,20,13
Fatherbrah,kelthuzad,1332,priest,discipline,27,15,12
Devilwithin,moon-guard,1332,priest,discipline,53,29,24
Buqisama,barthilas,1332,priest,discipline,168,74,94
Phenic,aggramar,1332,priest,discipline,41,18,23
Brodel,dark-iron,1332,priest,discipline,39,14,25
Crackneesha,tichondrius,1331,priest,discipline,42,28,14
Bandaidvibes,tichondrius,1331,priest,discipline,42,26,16
Maplesyrupz,moonrunner,1331,priest,discipline,24,14,10
Oouuh,illidan,1331,priest,discipline,24,14,10
Sergey,zuljin,1331,priest,discipline,60,32,28
Yuje,frostmourne,1331,priest,discipline,30,14,16
Quietscream,illidan,1330,priest,discipline,41,26,15
Kaeshia,proudmoore,1330,priest,discipline,42,24,18
Fatherßrian,draktharon,1330,priest,discipline,88,49,39
Holyfromrmp,tichondrius,1330,priest,discipline,72,35,37
Ëlite,tichondrius,1330,priest,discipline,54,26,28
Decline,balnazzar,1330,priest,discipline,30,14,16
Orisons,bleeding-hollow,1330,priest,discipline,30,14,16
Islandpink,malganis,1330,priest,discipline,77,31,46
Bomak,tichondrius,1330,priest,discipline,44,17,27
Bøøblover,tichondrius,1329,priest,discipline,36,27,9
Náay,ragnaros,1329,priest,discipline,47,30,17
Typhia,moon-guard,1329,priest,discipline,36,18,18
Temkcalb,ragnaros,1329,priest,discipline,154,76,78
Kadvan,area-52,1329,priest,discipline,48,22,26
Yáciel,quelthalas,1329,priest,discipline,72,31,41
Vodhka,arthas,1328,priest,discipline,24,14,10
Médic,guldan,1328,priest,discipline,39,21,18
Purify,sargeras,1328,priest,discipline,30,16,14
Stimpack,wyrmrest-accord,1328,priest,discipline,54,28,26
Holywordass,dalaran,1328,priest,discipline,42,20,22
Johnnysyns,barthilas,1328,priest,discipline,42,17,25
Zuss,tichondrius,1328,priest,discipline,70,28,42
Accost,akama,1328,priest,discipline,60,22,38
Uhatetoseeit,malganis,1328,priest,discipline,78,26,52
Srwilly,ragnaros,1327,priest,discipline,147,76,71
Vehlind,quelthalas,1327,priest,discipline,159,79,80
Nêrô,dalaran,1327,priest,discipline,66,29,37
Danrien,azralon,1326,priest,discipline,34,20,14
Honypot,ysondre,1326,priest,discipline,101,53,48
Healmedaddyy,korgath,1326,priest,discipline,207,99,108
Ezrah,kelthuzad,1326,priest,discipline,36,14,22
Karminha,azralon,1325,priest,discipline,36,20,16
Kaleirenay,stormrage,1325,priest,discipline,56,31,25
Bubbahotep,laughing-skull,1325,priest,discipline,99,45,54
Novasoline,mannoroth,1325,priest,discipline,54,23,31
Zapix,tichondrius,1325,priest,discipline,36,15,21
Lalo,bleeding-hollow,1325,priest,discipline,58,23,35
Blessedelf,tichondrius,1325,priest,discipline,66,26,40
Coutúre,illidan,1324,priest,discipline,31,17,14
Kaheen,proudmoore,1324,priest,discipline,32,16,16
Lìlí,tichondrius,1324,priest,discipline,108,53,55
Plasmax,ragnaros,1324,priest,discipline,56,19,37
Vandwrath,moon-guard,1323,priest,discipline,42,25,17
Siddhar,stormrage,1323,priest,discipline,45,25,20
Nécrofear,drakkari,1323,priest,discipline,47,26,21
Eshimä,quelthalas,1323,priest,discipline,195,106,89
Holyninfo,quelthalas,1323,priest,discipline,201,104,97
Jaysontatum,gurubashi,1323,priest,discipline,33,17,16
Chavkoraken,stormrage,1323,priest,discipline,82,38,44
Himslashhe,moon-guard,1323,priest,discipline,70,31,39
Analiesa,moon-guard,1323,priest,discipline,43,16,27
Fakér,illidan,1322,priest,discipline,18,14,4
Gariell,ragnaros,1322,priest,discipline,24,14,10
Holyshield,jubeithos,1322,priest,discipline,57,29,28
Smileshadowx,frostmourne,1322,priest,discipline,57,26,31
Nicety,skywall,1322,priest,discipline,86,37,49
Guillotine,azralon,1322,priest,discipline,51,21,30
Hymn,zuljin,1321,priest,discipline,85,49,36
Sickpriest,silvermoon,1321,priest,discipline,69,37,32
Duatneter,quelthalas,1321,priest,discipline,120,60,60
Sinaxia,sargeras,1321,priest,discipline,233,112,121
Eleeira,zuljin,1321,priest,discipline,48,21,27
Darthvalak,illidan,1320,priest,discipline,36,24,12
Skingraft,bleeding-hollow,1320,priest,discipline,24,16,8
Vended,zuljin,1320,priest,discipline,58,32,26
Prawda,area-52,1320,priest,discipline,60,30,30
Cheereos,stormrage,1320,priest,discipline,603,301,302
Blinxed,tichondrius,1320,priest,discipline,143,69,74
Legó,illidan,1320,priest,discipline,93,43,50
Vundead,tichondrius,1320,priest,discipline,69,27,42
Gapinasshole,kiljaeden,1319,priest,discipline,30,18,12
Sanarion,area-52,1319,priest,discipline,66,39,27
Volkova,quelthalas,1319,priest,discipline,54,30,24
Nadiaxo,moon-guard,1319,priest,discipline,65,35,30
Acabftp,zuljin,1319,priest,discipline,83,40,43
Xyberius,barthilas,1319,priest,discipline,72,34,38
Themøn,quelthalas,1318,priest,discipline,79,42,37
Raydz,altar-of-storms,1318,priest,discipline,325,156,169
Instanoodlz,proudmoore,1318,priest,discipline,118,55,63
Foremender,illidan,1318,priest,discipline,150,66,84
Dorashadows,tichondrius,1317,priest,discipline,28,17,11
Lingt,drakkari,1317,priest,discipline,30,15,15
Neutrino,quelthalas,1317,priest,discipline,29,14,15
Bishap,arthas,1317,priest,discipline,50,24,26
Rookieone,thrall,1317,priest,discipline,92,44,48
Sackura,quelthalas,1317,priest,discipline,131,62,69
Kibariyb,drakkari,1317,priest,discipline,105,47,58
Devoutness,thrall,1317,priest,discipline,42,14,28
Köto,dalaran,1316,priest,discipline,83,44,39
Warmth,moon-guard,1316,priest,discipline,159,84,75
Rbgeezus,lightnings-blade,1316,priest,discipline,149,78,71
Cathiah,darkspear,1316,priest,discipline,289,147,142
Enrika,stormrage,1316,priest,discipline,49,23,26
Malevolently,illidan,1316,priest,discipline,137,62,75
Bobet,zuljin,1316,priest,discipline,115,43,72
Moc,jubeithos,1316,priest,discipline,48,14,34
Iseeyoulookn,stormrage,1315,priest,discipline,47,29,18
Scryden,area-52,1315,priest,discipline,24,14,10
Krukam,sargeras,1315,priest,discipline,90,49,41
Peavzian,kiljaeden,1315,priest,discipline,109,54,55
Nadjika,moon-guard,1314,priest,discipline,108,58,50
Rickjames,laughing-skull,1314,priest,discipline,166,87,79
Senumbra,tichondrius,1314,priest,discipline,36,17,19
Pkriest,illidan,1314,priest,discipline,85,38,47
Miraz,the-venture-co,1313,priest,discipline,99,55,44
Eneco,alleria,1313,priest,discipline,451,240,211
Moontearss,tichondrius,1313,priest,discipline,48,25,23
Lixer,stormrage,1313,priest,discipline,34,15,19
Pelagius,suramar,1313,priest,discipline,50,21,29
Lilreedyjr,illidan,1312,priest,discipline,28,15,13
Thalladori,area-52,1312,priest,discipline,34,18,16
Lzzp,azralon,1312,priest,discipline,50,25,25
Whitehandpr,tichondrius,1312,priest,discipline,78,37,41
Darkquinn,boulderfist,1312,priest,discipline,284,132,152
Alawn,wyrmrest-accord,1312,priest,discipline,150,69,81
Discgolfsux,sargeras,1312,priest,discipline,68,29,39
Jsuschristix,zuljin,1311,priest,discipline,36,23,13
Mistnamed,emerald-dream,1311,priest,discipline,54,30,24
Totorostarp,tichondrius,1311,priest,discipline,202,108,94
Zephxd,illidan,1311,priest,discipline,139,71,68
Sílvia,durotan,1311,priest,discipline,127,58,69
Nixzey,bleeding-hollow,1311,priest,discipline,56,23,33
Conney,mugthol,1310,priest,discipline,24,14,10
Simphealz,area-52,1310,priest,discipline,81,43,38
Earebus,dalaran,1310,priest,discipline,42,22,20
Maenard,emerald-dream,1310,priest,discipline,30,15,15
Slyoda,area-52,1310,priest,discipline,42,19,23
Tûbes,trollbane,1310,priest,discipline,137,58,79
Doublesix,malganis,1310,priest,discipline,36,15,21
Xhaajyh,area-52,1309,priest,discipline,30,18,12
Alenio,sargeras,1309,priest,discipline,38,21,17
Bloo,draktharon,1309,priest,discipline,71,39,32
Spellpower,azralon,1309,priest,discipline,94,50,44
Steezyy,black-dragonflight,1309,priest,discipline,197,104,93
Zaroki,sargeras,1309,priest,discipline,36,19,17
Bigskill,proudmoore,1309,priest,discipline,54,23,31
Healmegently,bonechewer,1309,priest,discipline,86,34,52
Kakera,tichondrius,1308,priest,discipline,24,14,10
Pahdre,tichondrius,1308,priest,discipline,54,31,23
Xsqt,stormrage,1308,priest,discipline,125,63,62
Booyâh,muradin,1308,priest,discipline,54,27,27
Aeroz,quelthalas,1308,priest,discipline,48,24,24
Lampfood,alterac-mountains,1308,priest,discipline,51,25,26
Alaszun,shuhalo,1308,priest,discipline,48,19,29
Majesticar,moon-guard,1307,priest,discipline,30,20,10
Clickbait,spirestone,1307,priest,discipline,24,14,10
Priestitúte,thrall,1307,priest,discipline,36,19,17
Kissimee,tichondrius,1307,priest,discipline,69,32,37
Jinicuil,quelthalas,1307,priest,discipline,54,25,29
Xiöm,quelthalas,1307,priest,discipline,42,18,24
Ålexánder,quelthalas,1307,priest,discipline,66,27,39
Discbubbles,moonrunner,1306,priest,discipline,30,18,12
Xedus,mannoroth,1306,priest,discipline,36,15,21
Sarufony,dalaran,1305,priest,discipline,24,16,8
Priestgobrr,emerald-dream,1305,priest,discipline,50,30,20
Painsup,barthilas,1305,priest,discipline,42,24,18
Ruthlèss,ragnaros,1305,priest,discipline,54,28,26
Phaille,chromaggus,1305,priest,discipline,474,241,233
Döömrat,dalaran,1305,priest,discipline,72,34,38
Exploded,moon-guard,1305,priest,discipline,85,34,51
Tsukihí,ragnaros,1304,priest,discipline,48,23,25
Anakthol,illidan,1304,priest,discipline,35,15,20
Dahrwin,thrall,1303,priest,discipline,42,24,18
Vákc,quelthalas,1303,priest,discipline,57,29,28
Webbii,frostmourne,1303,priest,discipline,103,52,51
Voidscrypt,thrall,1303,priest,discipline,48,21,27
Againwtf,tichondrius,1302,priest,discipline,26,15,11
Vynlanesh,illidan,1302,priest,discipline,132,68,64
Zóe,eredar,1302,priest,discipline,76,39,37
Zjqf,akama,1302,priest,discipline,299,144,155
Yözsh,azralon,1302,priest,discipline,128,54,74
Poorass,sargeras,1301,priest,discipline,30,19,11
Angelicduck,illidan,1301,priest,discipline,47,27,20
Cvstodia,tichondrius,1301,priest,discipline,60,34,26
Sátiva,malganis,1301,priest,discipline,33,18,15
Aedarelyn,ysera,1301,priest,discipline,42,22,20
Payperbuff,tichondrius,1301,priest,discipline,82,40,42
Apnslickback,illidan,1301,priest,discipline,92,43,49
Helibix,bleeding-hollow,1301,priest,discipline,162,74,88
Evilnyllah,stormrage,1300,priest,discipline,32,20,12
Masochist,barthilas,1300,priest,discipline,179,99,80
Timeglass,kelthuzad,1300,priest,discipline,67,36,31
Zzurdo,area-52,1300,priest,discipline,46,22,24
Snowly,moonrunner,1299,priest,discipline,43,24,19
Iwonthealu,senjin,1299,priest,discipline,46,25,21
Pinkhandcuff,gorefiend,1299,priest,discipline,90,45,45
Deckardkane,stormrage,1299,priest,discipline,68,33,35
Darkmolt,vashj,1299,priest,discipline,38,18,20
Trallyn,emerald-dream,1299,priest,discipline,54,18,36
Normill,bonechewer,1298,priest,discipline,25,16,9
Thattpriest,thrall,1298,priest,discipline,24,14,10
Sinnon,turalyon,1298,priest,discipline,36,19,17
Saràh,stormscale,1298,priest,discipline,156,77,79
Gankdez,kelthuzad,1298,priest,discipline,162,78,84
Avipriest,area-52,1298,priest,discipline,41,14,27
Empower,garrosh,1297,priest,discipline,69,39,30
Lobstersock,malganis,1297,priest,discipline,42,21,21
Eclìpsè,barthilas,1297,priest,discipline,92,44,48
Xaerwolaeth,area-52,1297,priest,discipline,76,35,41
Nineoneone,kilrogg,1296,priest,discipline,24,16,8
Chîna,hyjal,1296,priest,discipline,316,171,145
Dabbinton,chogall,1296,priest,discipline,52,26,26
Hydramîst,ragnaros,1296,priest,discipline,36,15,21
Pottime,tichondrius,1295,priest,discipline,50,30,20
Kazandraah,quelthalas,1295,priest,discipline,46,26,20
Fenian,frostmourne,1295,priest,discipline,123,60,63
Këyglock,kelthuzad,1295,priest,discipline,591,285,306
Jeanclaud,sargeras,1295,priest,discipline,35,15,20
Holyxb,bleeding-hollow,1295,priest,discipline,42,14,28
Kárên,ragnaros,1294,priest,discipline,42,20,22
Valtruth,frostmane,1294,priest,discipline,30,14,16
Canharm,tichondrius,1294,priest,discipline,97,41,56
Imb,nagrand,1293,priest,discipline,18,14,4
Armspriest,stormrage,1293,priest,discipline,83,45,38
Travita,quelthalas,1293,priest,discipline,54,29,25
Xmasmiracle,korgath,1293,priest,discipline,369,194,175
Tibis,emerald-dream,1293,priest,discipline,185,87,98
Hükk,kalecgos,1293,priest,discipline,30,14,16
Oracion,boulderfist,1293,priest,discipline,36,16,20
Dadthegreat,bonechewer,1292,priest,discipline,42,25,17
Vazara,tichondrius,1292,priest,discipline,24,14,10
Ryboski,sargeras,1292,priest,discipline,53,30,23
Termiina,hyjal,1292,priest,discipline,97,48,49
Usmond,azralon,1292,priest,discipline,48,23,25
Jayxie,barthilas,1292,priest,discipline,54,24,30
Spitefuldirk,dalaran,1291,priest,discipline,24,16,8
Meddyglyn,area-52,1291,priest,discipline,42,26,16
Ahualol,tichondrius,1291,priest,discipline,84,43,41
Ezklapz,malganis,1291,priest,discipline,431,218,213
Unfriend,sargeras,1291,priest,discipline,48,22,26
Aelyn,andorhal,1291,priest,discipline,60,27,33
Rakket,moon-guard,1291,priest,discipline,36,16,20
Ragnarøk,warsong,1291,priest,discipline,56,24,32
Soulclap,sargeras,1291,priest,discipline,35,14,21
Lunett,area-52,1291,priest,discipline,52,19,33
Seniro,tichondrius,1290,priest,discipline,96,52,44
Capricornio,nemesis,1290,priest,discipline,78,40,38
Aerîs,magtheridon,1290,priest,discipline,76,38,38
Arodar,wyrmrest-accord,1290,priest,discipline,78,36,42
Scolhealer,dalaran,1290,priest,discipline,37,16,21
Hanklin,lightnings-blade,1290,priest,discipline,42,18,24
Weach,moon-guard,1290,priest,discipline,42,14,28
Taikae,stormrage,1289,priest,discipline,53,33,20
Audacy,azuremyst,1289,priest,discipline,105,64,41
Avarice,magtheridon,1289,priest,discipline,40,24,16
Fesix,akama,1289,priest,discipline,66,36,30
Brounly,drakkari,1289,priest,discipline,84,43,41
Cubski,darkspear,1289,priest,discipline,31,15,16
Leejungjae,tichondrius,1289,priest,discipline,87,41,46
Kikyo,antonidas,1289,priest,discipline,52,23,29
Loki,uldaman,1289,priest,discipline,69,27,42
Blaydun,elune,1288,priest,discipline,128,72,56
Troublmaker,illidan,1288,priest,discipline,58,30,28
Gimmedomex,tichondrius,1288,priest,discipline,155,80,75
Snowinvan,tichondrius,1288,priest,discipline,167,85,82
Vanszz,area-52,1288,priest,discipline,106,53,53
Healznfeel,tichondrius,1288,priest,discipline,90,40,50
Bibops,area-52,1288,priest,discipline,37,15,22
Sunael,quelthalas,1287,priest,discipline,107,60,47
Sojumike,proudmoore,1287,priest,discipline,139,71,68
Poefosho,stormrage,1287,priest,discipline,307,152,155
Xïlencer,tichondrius,1286,priest,discipline,232,130,102
Dragndatwagn,malganis,1286,priest,discipline,127,66,61
Zenthaz,thrall,1286,priest,discipline,122,60,62
Prniss,tichondrius,1286,priest,discipline,104,48,56
Kuppel,tichondrius,1286,priest,discipline,42,18,24
Sneaku,illidan,1285,priest,discipline,141,80,61
Rôxxy,thrall,1285,priest,discipline,48,27,21
Tithe,kiljaeden,1285,priest,discipline,86,42,44
Killä,area-52,1285,priest,discipline,36,17,19
Tursai,frostmourne,1285,priest,discipline,142,67,75
Aurorabibi,tichondrius,1285,priest,discipline,160,75,85
Ææae,nemesis,1284,priest,discipline,47,25,22
Dolm,tichondrius,1284,priest,discipline,250,124,126
Voidmaker,area-52,1284,priest,discipline,48,17,31
Zil,spinebreaker,1283,priest,discipline,36,21,15
Ide,malganis,1283,priest,discipline,30,16,14
Vaticly,hyjal,1283,priest,discipline,407,200,207
Antxres,sargeras,1283,priest,discipline,29,14,15
Bigtang,kiljaeden,1283,priest,discipline,50,20,30
Fistavert,stormreaver,1282,priest,discipline,48,27,21
Rotass,hyjal,1282,priest,discipline,106,55,51
Nythrin,llane,1282,priest,discipline,48,22,26
Brosbeforeho,tichondrius,1282,priest,discipline,66,26,40
Presto,kalecgos,1281,priest,discipline,30,22,8
Whitezz,frostmourne,1281,priest,discipline,60,34,26
Khamata,kelthuzad,1281,priest,discipline,58,31,27
Pyper,medivh,1281,priest,discipline,53,28,25
Stickheal,tichondrius,1281,priest,discipline,37,19,18
Lightxp,illidan,1281,priest,discipline,72,28,44
Dumbledwarfs,stormrage,1280,priest,discipline,26,17,9
Lichae,ragnaros,1280,priest,discipline,96,50,46
Touchér,whisperwind,1280,priest,discipline,29,14,15
Zórdon,spirestone,1279,priest,discipline,24,18,6
Smíght,thrall,1279,priest,discipline,23,14,9
Bübbler,tichondrius,1279,priest,discipline,36,20,16
Xyló,area-52,1279,priest,discipline,142,73,69
Hanuloa,tichondrius,1279,priest,discipline,219,112,107
Naniwa,ragnaros,1279,priest,discipline,54,23,31
Briefs,stormrage,1278,priest,discipline,21,15,6
Shadowgïrl,azralon,1278,priest,discipline,33,19,14
Hôbo,laughing-skull,1278,priest,discipline,36,20,16
Bloodsorrow,ragnaros,1278,priest,discipline,72,39,33
Babino,illidan,1278,priest,discipline,108,51,57
Kakao,stormreaver,1278,priest,discipline,120,51,69
Kapriestun,tichondrius,1277,priest,discipline,103,58,45
Slimshieldy,illidan,1277,priest,discipline,28,15,13
Revreal,thrall,1277,priest,discipline,106,52,54
Feff,shuhalo,1277,priest,discipline,45,17,28
Blisses,blackrock,1276,priest,discipline,78,42,36
Powerchucha,area-52,1276,priest,discipline,40,20,20
Mendhype,tichondrius,1276,priest,discipline,88,36,52
Fairylìght,stormrage,1276,priest,discipline,73,27,46
Snevini,azralon,1275,priest,discipline,125,62,63
Lowkii,malfurion,1275,priest,discipline,35,17,18
Stusy,tichondrius,1274,priest,discipline,24,16,8
Dibets,azralon,1274,priest,discipline,45,23,22
Inferis,ragnaros,1274,priest,discipline,411,207,204
Keliedeyn,emerald-dream,1274,priest,discipline,108,54,54
Shikyou,azralon,1274,priest,discipline,44,21,23
Zenjitsu,quelthalas,1274,priest,discipline,36,15,21
Terenor,thrall,1274,priest,discipline,66,22,44
Dottinu,area-52,1273,priest,discipline,30,23,7
Gungagingong,queldorei,1273,priest,discipline,84,47,37
Acenthe,sargeras,1273,priest,discipline,28,14,14
Heniupriest,tichondrius,1273,priest,discipline,60,29,31
Hangingmeat,jubeithos,1273,priest,discipline,30,14,16
Rephlexsion,tichondrius,1273,priest,discipline,84,34,50
Trienolone,emerald-dream,1272,priest,discipline,24,15,9
Strict,the-forgotten-coast,1272,priest,discipline,29,14,15
Feumanchu,area-52,1272,priest,discipline,38,18,20
Braindrip,thrall,1272,priest,discipline,54,25,29
Ghostdoves,nordrassil,1272,priest,discipline,42,18,24
Homercombo,tichondrius,1272,priest,discipline,47,16,31
Rashad,proudmoore,1271,priest,discipline,107,59,48
Shortty,arthas,1271,priest,discipline,66,35,31
Theryan,ragnaros,1271,priest,discipline,108,54,54
Lodekiim,tichondrius,1271,priest,discipline,48,24,24
Kìn,tol-barad,1271,priest,discipline,54,22,32
Franku,quelthalas,1270,priest,discipline,119,64,55
Markspell,stormrage,1270,priest,discipline,145,77,68
Sophistdew,proudmoore,1270,priest,discipline,58,30,28
Lätöxïkä,alleria,1270,priest,discipline,71,36,35
Foose,suramar,1270,priest,discipline,48,23,25
Smittën,barthilas,1270,priest,discipline,115,55,60
Marni,akama,1270,priest,discipline,30,14,16
Azztiel,tichondrius,1270,priest,discipline,57,26,31
Leya,kiljaeden,1269,priest,discipline,30,22,8
Loosey,malorne,1269,priest,discipline,78,45,33
Rachia,barthilas,1269,priest,discipline,136,78,58
Cilpri,emerald-dream,1269,priest,discipline,25,14,11
Twotimechamp,azshara,1269,priest,discipline,50,26,24
Priést,stormrage,1269,priest,discipline,111,51,60
Sincorel,whisperwind,1269,priest,discipline,52,19,33
Theheal,ragnaros,1269,priest,discipline,63,21,42
Hugépenance,tichondrius,1268,priest,discipline,32,20,12
Knez,ragnaros,1268,priest,discipline,45,25,20
Göats,emerald-dream,1268,priest,discipline,66,31,35
Lifeswap,area-52,1268,priest,discipline,97,42,55
Forliang,proudmoore,1268,priest,discipline,33,14,19
Atelios,azralon,1267,priest,discipline,54,33,21
Lynnar,stormrage,1267,priest,discipline,109,64,45
Aggravating,mugthol,1267,priest,discipline,176,89,87
Gurbooz,illidan,1267,priest,discipline,124,62,62
Fearufaraway,tichondrius,1267,priest,discipline,48,18,30
Boocharni,wyrmrest-accord,1266,priest,discipline,92,50,42
Abhu,quelthalas,1266,priest,discipline,193,101,92
Xavaat,nerzhul,1266,priest,discipline,84,38,46
Releknosleep,frostwolf,1266,priest,discipline,31,14,17
Nometh,emerald-dream,1266,priest,discipline,90,38,52
Gengarbage,bleeding-hollow,1266,priest,discipline,64,26,38
Grudgin,turalyon,1265,priest,discipline,47,27,20
Burtrie,stormrage,1265,priest,discipline,54,29,25
Skozz,illidan,1265,priest,discipline,36,18,18
Chopstix,senjin,1265,priest,discipline,41,20,21
Mythica,gurubashi,1264,priest,discipline,296,151,145
Misaosan,azralon,1264,priest,discipline,66,33,33
Fumes,ghostlands,1264,priest,discipline,150,73,77
Nøfaith,area-52,1264,priest,discipline,85,41,44
Karnival,aggramar,1264,priest,discipline,48,23,25
Lanakill,hyjal,1264,priest,discipline,80,38,42
Cajl,dathremar,1264,priest,discipline,197,90,107
Jahsheer,kiljaeden,1263,priest,discipline,26,16,10
Pactosombrio,azralon,1263,priest,discipline,152,84,68
Koide,moon-guard,1263,priest,discipline,48,23,25
Dahmeer,quelthalas,1263,priest,discipline,108,50,58
Butdidüdie,tichondrius,1263,priest,discipline,54,24,30
Shadowbu,tichondrius,1263,priest,discipline,48,21,27
Sassygayboyx,bleeding-hollow,1263,priest,discipline,39,15,24
Anöa,emerald-dream,1262,priest,discipline,46,22,24
Kristt,thrall,1262,priest,discipline,41,16,25
Emlix,tichondrius,1262,priest,discipline,42,14,28
Guineveré,drakkari,1261,priest,discipline,25,14,11
Sinzex,tichondrius,1261,priest,discipline,101,51,50
Roylwcheese,illidan,1261,priest,discipline,48,23,25
Manaburnout,blackhand,1261,priest,discipline,42,17,25
Ghettobarbie,kelthuzad,1260,priest,discipline,36,22,14
Solitaryvoid,moon-guard,1260,priest,discipline,30,18,12
Hawktalonuke,moon-guard,1260,priest,discipline,93,52,41
Viehweg,azralon,1260,priest,discipline,85,46,39
Aladelre,aerie-peak,1260,priest,discipline,113,53,60
Holyrotape,nemesis,1260,priest,discipline,147,68,79
Keenke,ragnaros,1260,priest,discipline,38,15,23
Dittless,stormrage,1259,priest,discipline,102,53,49
Neferpitouoo,tichondrius,1259,priest,discipline,195,98,97
Coors,lightnings-blade,1259,priest,discipline,42,19,23
Glassbones,kelthuzad,1259,priest,discipline,78,27,51
Quasenada,stormrage,1258,priest,discipline,23,14,9
Fidelpriest,bleeding-hollow,1258,priest,discipline,42,22,20
Hanuroa,tichondrius,1258,priest,discipline,310,162,148
Skall,kirin-tor,1258,priest,discipline,41,21,20
Samàél,frostmourne,1258,priest,discipline,89,41,48
Pyetro,bleeding-hollow,1258,priest,discipline,107,46,61
Saadboii,thrall,1257,priest,discipline,61,31,30
Murdrworship,tichondrius,1257,priest,discipline,47,23,24
Kenzao,nemesis,1257,priest,discipline,64,30,34
Roivas,bleeding-hollow,1257,priest,discipline,67,30,37
Dartonya,thrall,1257,priest,discipline,36,15,21
Offaxan,frostmourne,1255,priest,discipline,30,22,8
Alarind,kelthuzad,1255,priest,discipline,38,21,17
Optîmuskrayt,tichondrius,1255,priest,discipline,163,84,79
Kauldër,illidan,1255,priest,discipline,58,21,37
Norriam,moon-guard,1254,priest,discipline,41,27,14
Thotznprayrz,bleeding-hollow,1254,priest,discipline,36,23,13
Cypress,dreadmaul,1254,priest,discipline,253,134,119
Mellerwine,azralon,1254,priest,discipline,651,332,319
Runoroth,bleeding-hollow,1254,priest,discipline,150,74,76
Breeannà,doomhammer,1254,priest,discipline,40,19,21
Safewurd,sargeras,1253,priest,discipline,31,17,14
Healtomuch,nagrand,1253,priest,discipline,172,86,86
Beeds,sargeras,1253,priest,discipline,134,67,67
Millyna,area-52,1253,priest,discipline,41,20,21
Magicßoy,magtheridon,1252,priest,discipline,533,275,258
Féarlust,demon-soul,1252,priest,discipline,36,17,19
Ðåmìéñ,tichondrius,1252,priest,discipline,53,25,28
Kinkykween,tichondrius,1252,priest,discipline,30,14,16
Nightmxs,tichondrius,1252,priest,discipline,54,25,29
Celf,ragnaros,1252,priest,discipline,66,29,37
ßoogey,tichondrius,1252,priest,discipline,53,23,30
Dealth,spirestone,1251,priest,discipline,30,17,13
Amäo,illidan,1251,priest,discipline,77,38,39
Radgars,frostmourne,1251,priest,discipline,67,33,34
Blurple,crushridge,1251,priest,discipline,54,23,31
Spõt,stormrage,1251,priest,discipline,88,36,52
Xiaokk,barthilas,1250,priest,discipline,33,22,11
Derlanger,frostmourne,1250,priest,discipline,84,43,41
Amorathin,darkspear,1250,priest,discipline,78,39,39
Kitenix,proudmoore,1250,priest,discipline,47,23,24
Nardhead,sargeras,1249,priest,discipline,78,46,32
Kyrabon,ragnaros,1249,priest,discipline,96,53,43
Ihealyoudeal,korgath,1249,priest,discipline,60,33,27
Goodwin,darkspear,1249,priest,discipline,72,38,34
Heelium,spirestone,1249,priest,discipline,36,17,19
Pharäh,tichondrius,1249,priest,discipline,119,56,63
Tmspongwo,tichondrius,1248,priest,discipline,30,21,9
Zadae,area-52,1248,priest,discipline,128,67,61
Fenwyr,stormrage,1248,priest,discipline,88,46,42
Mydranol,tichondrius,1248,priest,discipline,36,14,22
Holycwap,stormrage,1248,priest,discipline,45,14,31
Bigsàd,proudmoore,1247,priest,discipline,24,13,11
Sussywussy,stormrage,1247,priest,discipline,24,13,11
Iatemykids,tichondrius,1247,priest,discipline,24,13,11
Alfeezie,illidan,1247,priest,discipline,28,15,13
Lvcia,thrall,1247,priest,discipline,70,35,35
Redkiwi,illidan,1247,priest,discipline,30,13,17
Pianohouse,illidan,1247,priest,discipline,30,13,17
Rezrs,frostmourne,1247,priest,discipline,30,13,17
Notlowboy,area-52,1247,priest,discipline,30,13,17
Pce,korialstrasz,1247,priest,discipline,34,13,21
Charón,tichondrius,1246,priest,discipline,18,13,5
Mxchsm,stormrage,1246,priest,discipline,18,13,5
Baroux,drakkari,1246,priest,discipline,61,40,21
Picurry,frostmourne,1246,priest,discipline,24,13,11
Drpez,frostmourne,1246,priest,discipline,24,13,11
Taevier,ghostlands,1246,priest,discipline,24,13,11
Karaasbull,tichondrius,1246,priest,discipline,58,30,28
Gurbooz,tichondrius,1246,priest,discipline,160,78,82
Psychiatrist,darkspear,1246,priest,discipline,100,48,52
Stevez,tichondrius,1246,priest,discipline,30,13,17
Touchyfeelie,durotan,1246,priest,discipline,61,21,40
Strippadora,azralon,1245,priest,discipline,18,13,5
Keepfit,proudmoore,1245,priest,discipline,52,29,23
Minkv,ragnaros,1245,priest,discipline,24,13,11
Rin,ghostlands,1245,priest,discipline,24,13,11
Triplekil,tichondrius,1245,priest,discipline,36,19,17
Vancake,quelthalas,1245,priest,discipline,426,206,220
Aanora,illidan,1245,priest,discipline,43,19,24
Youaint,sargeras,1245,priest,discipline,30,13,17
Epophy,stormrage,1244,priest,discipline,18,13,5
Mosher,zuluhed,1244,priest,discipline,36,22,14
Miznewbooty,garona,1244,priest,discipline,98,51,47
Wellheeled,norgannon,1244,priest,discipline,33,17,16
Dismybracket,tichondrius,1244,priest,discipline,60,27,33
Seí,barthilas,1244,priest,discipline,30,13,17
Tubrisildris,zuljin,1244,priest,discipline,30,13,17
Xalty,emerald-dream,1244,priest,discipline,37,14,23
Isto,aegwynn,1243,priest,discipline,18,13,5
Gobnik,illidan,1243,priest,discipline,48,30,18
Senliastra,medivh,1243,priest,discipline,54,31,23
Bingoreferee,kelthuzad,1243,priest,discipline,24,13,11
Mkx,illidan,1243,priest,discipline,24,13,11
Napr,proudmoore,1243,priest,discipline,24,13,11
Wrathchildd,azralon,1243,priest,discipline,173,88,85
Skjeldgaf,sargeras,1243,priest,discipline,30,13,17
Cyaja,moon-guard,1243,priest,discipline,31,13,18
ßellaßellz,tichondrius,1243,priest,discipline,60,23,37
Jonesy,tichondrius,1243,priest,discipline,36,13,23
Meiev,quelthalas,1243,priest,discipline,36,13,23
Deagled,tichondrius,1243,priest,discipline,36,13,23
Dmgisop,illidan,1242,priest,discipline,18,13,5
Iamrisen,tichondrius,1242,priest,discipline,24,13,11
Bombmarley,azralon,1242,priest,discipline,66,33,33
Overtigo,quelthalas,1242,priest,discipline,36,18,18
Ktqt,moon-guard,1242,priest,discipline,432,215,217
Matafuka,ragnaros,1242,priest,discipline,66,32,34
Deadlykíss,sargeras,1242,priest,discipline,66,31,35
Foxu,frostmourne,1242,priest,discipline,30,14,16
Ululoo,tichondrius,1242,priest,discipline,60,22,38
Keleset,area-52,1242,priest,discipline,36,13,23
Xyrxxe,tichondrius,1242,priest,discipline,36,13,23
Gromkor,ragnaros,1241,priest,discipline,24,14,10
Phantoms,moon-guard,1241,priest,discipline,102,55,47
Moresex,azralon,1241,priest,discipline,85,43,42
Reindharth,quelthalas,1240,priest,discipline,108,46,62
Nylaza,kiljaeden,1240,priest,discipline,102,42,60
Voodooloa,tichondrius,1240,priest,discipline,96,36,60
Spawnz,barthilas,1239,priest,discipline,22,17,5
Orcsaje,tichondrius,1239,priest,discipline,18,13,5
Wisher,gorefiend,1239,priest,discipline,59,32,27
Phobe,windrunner,1239,priest,discipline,24,13,11
Kerazul,sargeras,1239,priest,discipline,66,35,31
Thokrül,lightbringer,1239,priest,discipline,69,36,33
Raisonpriest,tichondrius,1239,priest,discipline,224,106,118
Sunwalken,stormrage,1239,priest,discipline,30,13,17
Mudbuttman,kelthuzad,1239,priest,discipline,30,13,17
Knotsbury,dalaran,1239,priest,discipline,78,32,46
Miandel,wildhammer,1239,priest,discipline,36,14,22
Mentality,frostmane,1238,priest,discipline,24,16,8
Saviorkaï,barthilas,1238,priest,discipline,45,25,20
Holyhand,auchindoun,1238,priest,discipline,24,13,11
Quickq,barthilas,1238,priest,discipline,66,35,31
Ickarus,anubarak,1238,priest,discipline,144,76,68
Rahmynpriest,tichondrius,1238,priest,discipline,60,29,31
Morbidfate,hyjal,1238,priest,discipline,73,34,39
Drzz,tichondrius,1238,priest,discipline,40,18,22
Álûcard,illidan,1237,priest,discipline,45,26,19
Forepråy,stormrage,1237,priest,discipline,48,23,25
Midniteqt,hyjal,1237,priest,discipline,36,17,19
Xuxao,azralon,1237,priest,discipline,35,15,20
Kostadinov,tichondrius,1237,priest,discipline,42,17,25
Remusha,dalaran,1237,priest,discipline,73,27,46
Bugshott,tichondrius,1237,priest,discipline,37,13,24
Laggin,queldorei,1236,priest,discipline,65,36,29
Holycoww,lightnings-blade,1236,priest,discipline,24,13,11
Holyren,sargeras,1236,priest,discipline,134,69,65
Grapës,jubeithos,1236,priest,discipline,56,28,28
Xahlia,darkspear,1236,priest,discipline,30,15,15
Adamspriest,stormrage,1236,priest,discipline,30,13,17
Fischtaco,deathwing,1236,priest,discipline,36,13,23
Anakahn,kelthuzad,1235,priest,discipline,24,13,11
Kideater,quelthalas,1235,priest,discipline,24,13,11
Bonkerwaffle,kelthuzad,1235,priest,discipline,54,29,25
Mentiroso,kaelthas,1235,priest,discipline,34,17,17
Rhennythal,tichondrius,1235,priest,discipline,30,13,17
Ermoriais,stormrage,1234,priest,discipline,18,13,5
Tossôff,proudmoore,1234,priest,discipline,18,13,5
Acïdbürn,zuljin,1234,priest,discipline,28,15,13
Awyn,elune,1234,priest,discipline,54,28,26
Dotersacer,quelthalas,1234,priest,discipline,82,41,41
Hobbs,trollbane,1234,priest,discipline,48,24,24
Butterblessr,thunderlord,1234,priest,discipline,81,38,43
Plznokill,tichondrius,1234,priest,discipline,66,30,36
Russbell,ragnaros,1234,priest,discipline,143,64,79
Léto,burning-blade,1234,priest,discipline,48,21,27
Kumzamboni,dalaran,1234,priest,discipline,30,13,17
Bunked,bleeding-hollow,1234,priest,discipline,47,18,29
Kinkypriest,tichondrius,1233,priest,discipline,24,13,11
Kethseth,ragnaros,1233,priest,discipline,143,63,80
Dalowks,area-52,1233,priest,discipline,90,39,51
Vagdstryr,anvilmar,1232,priest,discipline,136,74,62
Glitterballs,khazgoroth,1232,priest,discipline,24,13,11
Salovoth,area-52,1232,priest,discipline,120,59,61
Aalicya,tanaris,1232,priest,discipline,55,24,31
Bobraus,malganis,1231,priest,discipline,18,13,5
Mothra,ragnaros,1231,priest,discipline,18,13,5
Dorkulous,wyrmrest-accord,1231,priest,discipline,77,43,34
Jebadiia,tichondrius,1231,priest,discipline,284,153,131
Sureno,muradin,1231,priest,discipline,84,44,40
Zumbaoqepdqt,quelthalas,1231,priest,discipline,83,39,44
Demimang,emerald-dream,1231,priest,discipline,30,13,17
Shïtheals,frostmourne,1230,priest,discipline,42,25,17
Krypticus,tichondrius,1230,priest,discipline,66,37,29
Râven,proudmoore,1230,priest,discipline,54,29,25
Pico,spirestone,1230,priest,discipline,141,73,68
Kadkne,stormrage,1230,priest,discipline,80,41,39
Amgen,bleeding-hollow,1230,priest,discipline,48,22,26
Faithful,twisting-nether,1230,priest,discipline,36,16,20
Ón,tichondrius,1230,priest,discipline,30,13,17
Nude,azshara,1229,priest,discipline,18,13,5
Wanaatlarboy,dark-iron,1229,priest,discipline,41,23,18
Klingande,tichondrius,1229,priest,discipline,87,44,43
Anddori,moknathal,1229,priest,discipline,78,39,39
Edhelin,illidan,1229,priest,discipline,67,30,37
Yürika,emerald-dream,1229,priest,discipline,168,73,95
Keyzs,tichondrius,1229,priest,discipline,36,15,21
Healsforcash,bleeding-hollow,1229,priest,discipline,33,13,20
Ioudas,ragnaros,1229,priest,discipline,41,16,25
Polyesterp,frostmourne,1229,priest,discipline,36,13,23
Ttakayasu,bleeding-hollow,1228,priest,discipline,186,103,83
Tohma,azralon,1228,priest,discipline,54,28,26
Mxrru,stonemaul,1228,priest,discipline,329,163,166
Wxmm,illidan,1228,priest,discipline,70,34,36
Vikks,tichondrius,1228,priest,discipline,30,13,17
Slenden,illidan,1228,priest,discipline,36,13,23
Aape,frostmourne,1227,priest,discipline,24,13,11
Yotinha,nemesis,1226,priest,discipline,24,13,11
Cromekolo,tichondrius,1226,priest,discipline,159,80,79
Pavarotti,laughing-skull,1226,priest,discipline,44,19,25
Laüren,ragnaros,1226,priest,discipline,114,49,65
Wantsumcandy,illidan,1225,priest,discipline,156,88,68
Holygriz,skywall,1225,priest,discipline,135,72,63
Cökelol,zuljin,1225,priest,discipline,78,37,41
Bendoverbb,tichondrius,1225,priest,discipline,30,13,17
Haedn,azralon,1224,priest,discipline,24,13,11
Emiyawagrano,tichondrius,1224,priest,discipline,24,13,11
Dosarix,sargeras,1224,priest,discipline,47,25,22
Londy,area-52,1224,priest,discipline,106,51,55
Gregorovich,ragnaros,1224,priest,discipline,114,53,61
Raihn,garrosh,1224,priest,discipline,49,19,30
Hpriest,barthilas,1224,priest,discipline,35,13,22
Snekboy,hakkar,1223,priest,discipline,88,50,38
Doubtmyfaith,frostmourne,1223,priest,discipline,54,29,25
Redchord,kiljaeden,1223,priest,discipline,81,39,42
Castnngcouch,tichondrius,1223,priest,discipline,217,103,114
Aud,kiljaeden,1222,priest,discipline,18,14,4
Kummar,burning-blade,1222,priest,discipline,24,13,11
Showakoi,ragnaros,1222,priest,discipline,54,18,36
Kafzial,zuljin,1221,priest,discipline,92,54,38
Puralux,balnazzar,1221,priest,discipline,101,59,42
Jestiann,aegwynn,1221,priest,discipline,381,191,190
Invocational,moon-guard,1221,priest,discipline,147,72,75
Ferilla,illidan,1221,priest,discipline,30,13,17
Bromighty,kiljaeden,1221,priest,discipline,62,23,39
Mamahueva,quelthalas,1220,priest,discipline,42,24,18
Beecakes,illidan,1220,priest,discipline,29,16,13
Ödin,tichondrius,1220,priest,discipline,87,46,41
Dårc,tichondrius,1220,priest,discipline,125,64,61
Jersodead,zuljin,1220,priest,discipline,30,15,15
Revivemepls,tichondrius,1220,priest,discipline,30,13,17
Pòba,malganis,1220,priest,discipline,30,13,17
Freedomtruck,sargeras,1220,priest,discipline,54,22,32
Glauga,azralon,1220,priest,discipline,90,34,56
Eirenth,bleeding-hollow,1219,priest,discipline,89,49,40
Gdlsheretic,sargeras,1219,priest,discipline,24,13,11
Xuun,illidan,1219,priest,discipline,111,57,54
Thingas,garrosh,1219,priest,discipline,56,27,29
Cast,bronzebeard,1219,priest,discipline,100,47,53
Azkillatroll,quelthalas,1219,priest,discipline,114,53,61
Ppthot,kelthuzad,1219,priest,discipline,29,13,16
Séraphin,proudmoore,1219,priest,discipline,37,16,21
Jic,barthilas,1219,priest,discipline,66,25,41
Jizzonem,korgath,1218,priest,discipline,24,13,11
Blessings,aerie-peak,1218,priest,discipline,150,81,69
Nonamegame,sargeras,1218,priest,discipline,78,42,36
Iciana,proudmoore,1218,priest,discipline,26,14,12
Bbm,stormscale,1218,priest,discipline,324,160,164
Darkspearr,tichondrius,1218,priest,discipline,30,14,16
Sharkda,frostmourne,1217,priest,discipline,126,73,53
Yvága,ragnaros,1217,priest,discipline,48,27,21
Forestpriest,area-52,1217,priest,discipline,24,13,11
Pacopriest,tichondrius,1217,priest,discipline,24,13,11
Poilu,laughing-skull,1217,priest,discipline,90,44,46
Aloragon,tichondrius,1217,priest,discipline,29,14,15
Gdessairmed,exodar,1217,priest,discipline,85,39,46
Peremi,kelthuzad,1216,priest,discipline,24,13,11
Aelriah,thrall,1216,priest,discipline,31,15,16
Brahmin,nazjatar,1216,priest,discipline,36,17,19
Arythor,tichondrius,1216,priest,discipline,114,51,63
Anakou,emerald-dream,1215,priest,discipline,47,26,21
Voidwyrm,tichondrius,1215,priest,discipline,174,94,80
Eîr,tichondrius,1215,priest,discipline,72,29,43
Holypoopr,thrall,1214,priest,discipline,42,26,16
Ricxaw,frostmourne,1214,priest,discipline,52,27,25
Fatäl,moon-guard,1214,priest,discipline,233,110,123
Discpi,illidan,1214,priest,discipline,104,49,55
Boibussy,tichondrius,1214,priest,discipline,52,20,32
Cincolius,emerald-dream,1213,priest,discipline,18,13,5
Lillyspr,malganis,1213,priest,discipline,22,14,8
Nìght,trollbane,1213,priest,discipline,120,61,59
Fregè,ysera,1213,priest,discipline,84,41,43
Etabot,tichondrius,1212,priest,discipline,24,13,11
Goingserious,frostmourne,1212,priest,discipline,201,107,94
Fozil,area-52,1212,priest,discipline,110,58,52
Windwolf,dalvengyr,1211,priest,discipline,24,13,11
Sadury,tichondrius,1211,priest,discipline,276,149,127
Filljr,korgath,1211,priest,discipline,36,17,19
Tassadaraiur,tichondrius,1211,priest,discipline,104,44,60
Tamikochan,area-52,1211,priest,discipline,34,14,20
Artmend,malganis,1211,priest,discipline,36,14,22
Benmem,illidan,1210,priest,discipline,379,193,186
Svrite,area-52,1210,priest,discipline,35,17,18
Stinkyundies,frostmourne,1209,priest,discipline,54,25,29
Maiyennefer,proudmoore,1209,priest,discipline,89,40,49
Belrok,aggramar,1208,priest,discipline,30,18,12
Scrïpt,thaurissan,1208,priest,discipline,23,13,10
Ariavish,area-52,1208,priest,discipline,48,25,23
Nerzghoul,sargeras,1208,priest,discipline,54,28,26
Mindlames,bleeding-hollow,1208,priest,discipline,74,34,40
Pulso,area-52,1207,priest,discipline,24,13,11
Pixa,tichondrius,1207,priest,discipline,72,33,39
Prncesspeech,kiljaeden,1207,priest,discipline,36,16,20
Nothinsexual,frostmourne,1206,priest,discipline,26,14,12
Fillycheese,gorgonnash,1206,priest,discipline,78,39,39
Evelien,kiljaeden,1206,priest,discipline,72,34,38
Zouras,garona,1206,priest,discipline,82,37,45
Dpshealer,azralon,1206,priest,discipline,66,29,37
Donkeycube,tichondrius,1205,priest,discipline,24,13,11
Holyycrit,kelthuzad,1205,priest,discipline,76,39,37
Vampriest,frostmourne,1205,priest,discipline,49,25,24
Gurkorr,boulderfist,1205,priest,discipline,57,24,33
Visse,auchindoun,1204,priest,discipline,435,209,226
Rowman,frostmourne,1204,priest,discipline,47,22,25
Alimony,chogall,1204,priest,discipline,29,13,16
Antihealz,kiljaeden,1204,priest,discipline,54,21,33
Prelate,moon-guard,1204,priest,discipline,53,20,33
Saviorself,terenas,1203,priest,discipline,42,26,16
Keskima,malganis,1203,priest,discipline,147,82,65
Barrieroflig,tichondrius,1203,priest,discipline,87,41,46
Tsunadae,hakkar,1202,priest,discipline,21,14,7
Aynone,blood-furnace,1202,priest,discipline,216,104,112
Çõrlëøñè,illidan,1202,priest,discipline,36,13,23
Jjayleroux,hyjal,1201,priest,discipline,96,45,51
Healzyew,dragonmaw,1201,priest,discipline,79,31,48
Halidiir,frostmourne,1200,priest,discipline,24,17,7
Holyulf,ragnaros,1200,priest,discipline,45,27,18
Spicyhealz,arthas,1200,priest,discipline,121,61,60
Lookfig,frostmourne,1200,priest,discipline,54,27,27
Hustleplay,tichondrius,1200,priest,discipline,110,53,57
Denarson,tichondrius,1200,priest,discipline,42,16,26
Holymacaroni,cenarius,1199,priest,discipline,23,15,8
Siabo,tichondrius,1199,priest,discipline,22,14,8
Damoclexz,area-52,1199,priest,discipline,84,45,39
Psïren,quelthalas,1199,priest,discipline,143,74,69
Eirana,skywall,1199,priest,discipline,113,57,56
Fallenängel,senjin,1198,priest,discipline,65,35,30
Holyhog,whisperwind,1198,priest,discipline,75,36,39
Diviñetõuch,kelthuzad,1198,priest,discipline,30,13,17
Bröke,nemesis,1197,priest,discipline,212,108,104
Préaux,tichondrius,1197,priest,discipline,30,14,16
Lebwonjamdi,tichondrius,1197,priest,discipline,28,13,15
Nsquared,illidan,1197,priest,discipline,43,17,26
Glisserin,zuljin,1196,priest,discipline,58,34,24
Eluv,area-52,1196,priest,discipline,58,33,25
Trialla,medivh,1196,priest,discipline,108,58,50
Docbek,illidan,1196,priest,discipline,83,40,43
Chêrubim,arthas,1196,priest,discipline,48,23,25
Discyple,ysera,1196,priest,discipline,59,28,31
Healbilli,archimonde,1196,priest,discipline,30,13,17
Pizdük,stormrage,1196,priest,discipline,42,17,25
Gaaq,stormrage,1195,priest,discipline,30,17,13
Luminatio,quelthalas,1195,priest,discipline,88,45,43
Chaniste,moon-guard,1195,priest,discipline,109,49,60
Bcupz,darkspear,1195,priest,discipline,36,15,21
Marhuana,stormreaver,1195,priest,discipline,85,35,50
Desterk,quelthalas,1195,priest,discipline,48,18,30
Metius,smolderthorn,1194,priest,discipline,21,14,7
Freck,stormrage,1194,priest,discipline,47,25,22
Aedaki,garona,1194,priest,discipline,63,32,31
Papergaruru,illidan,1194,priest,discipline,174,84,90
Fantasyx,ragnaros,1193,priest,discipline,53,31,22
Nelf,warsong,1193,priest,discipline,32,16,16
Welorian,mannoroth,1193,priest,discipline,183,85,98
Cpalian,tichondrius,1193,priest,discipline,82,38,44
Eclipsos,dalaran,1193,priest,discipline,36,16,20
Ashlìe,moon-guard,1193,priest,discipline,42,18,24
Brooklyn,draka,1192,priest,discipline,30,16,14
Covnite,bloodscalp,1192,priest,discipline,74,36,38
Kriseria,moon-guard,1191,priest,discipline,24,17,7
Zathanel,ragnaros,1191,priest,discipline,48,23,25
Moirâ,silvermoon,1191,priest,discipline,42,18,24
Healyoudead,draenor,1191,priest,discipline,41,15,26
Paidessanto,azralon,1190,priest,discipline,184,99,85
Lania,detheroc,1190,priest,discipline,108,51,57
Dzpi,azralon,1190,priest,discipline,96,43,53
Jhonka,nerzhul,1189,priest,discipline,30,20,10
Protega,illidan,1189,priest,discipline,22,14,8
Alurand,bleeding-hollow,1189,priest,discipline,47,29,18
Dankpriest,frostwolf,1189,priest,discipline,30,18,12
Menorsita,tichondrius,1189,priest,discipline,120,57,63
Sanitater,frostmourne,1189,priest,discipline,120,55,65
Rinmaru,dark-iron,1188,priest,discipline,24,14,10
Iltharaph,illidan,1188,priest,discipline,25,14,11
Sluttiness,tichondrius,1188,priest,discipline,85,47,38
Kruciphix,tichondrius,1187,priest,discipline,29,20,9
Rymzxx,ragnaros,1187,priest,discipline,43,29,14
Kaxleigh,emerald-dream,1187,priest,discipline,29,18,11
Drstein,sentinels,1187,priest,discipline,41,24,17
Medo,dalaran,1187,priest,discipline,165,81,84
Sprinkling,sargeras,1187,priest,discipline,50,23,27
Inarius,dragonblight,1187,priest,discipline,55,23,32
Lmäo,azralon,1187,priest,discipline,34,14,20
Barelyxlegal,sargeras,1186,priest,discipline,34,19,15
Yusarin,garona,1186,priest,discipline,30,14,16
Dralaan,proudmoore,1186,priest,discipline,149,67,82
Kerfos,azralon,1185,priest,discipline,58,31,27
Happydot,stormrage,1185,priest,discipline,43,20,23
Casstiell,proudmoore,1185,priest,discipline,73,33,40
Idel,runetotem,1185,priest,discipline,45,16,29
Olêander,tichondrius,1184,priest,discipline,145,76,69
Såge,chogall,1184,priest,discipline,332,169,163
Alexena,senjin,1184,priest,discipline,61,28,33
Fhelurian,quelthalas,1184,priest,discipline,60,23,37
Tíngles,area-52,1184,priest,discipline,54,20,34
Merlynaah,azralon,1184,priest,discipline,72,24,48
Mindkilla,area-52,1183,priest,discipline,302,154,148
Wise,wildhammer,1183,priest,discipline,182,91,91
Riotgearmd,sargeras,1183,priest,discipline,72,34,38
Burpees,dalaran,1183,priest,discipline,115,53,62
Cuddly,shandris,1183,priest,discipline,155,70,85
Divinity,hellscream,1183,priest,discipline,54,20,34
Unwòke,dalaran,1182,priest,discipline,24,14,10
Boostvoid,terenas,1182,priest,discipline,326,168,158
Almycn,tichondrius,1182,priest,discipline,35,15,20
Kßnstuff,area-52,1182,priest,discipline,37,15,22
Hoochiemomma,kelthuzad,1181,priest,discipline,42,22,20
Roòkie,tichondrius,1180,priest,discipline,22,13,9
Kurtsheals,destromath,1180,priest,discipline,96,47,49
Arkathus,stormrage,1180,priest,discipline,36,14,22
Crusifixx,tichondrius,1180,priest,discipline,42,16,26
Zeno,haomarush,1178,priest,discipline,35,20,15
Fatherfilth,frostwolf,1178,priest,discipline,59,31,28
Susannahh,goldrinn,1178,priest,discipline,36,17,19
Otherxguy,sargeras,1176,priest,discipline,48,22,26
Angeolita,nemesis,1176,priest,discipline,42,16,26
Jagelclam,gorefiend,1175,priest,discipline,47,22,25
Onef,quelthalas,1175,priest,discipline,35,15,20
Deadäss,sargeras,1175,priest,discipline,84,29,55
Hiheals,anvilmar,1174,priest,discipline,36,20,16
Sacredream,illidan,1174,priest,discipline,24,13,11
Opalpupu,tichondrius,1174,priest,discipline,33,16,17
Bäldùr,moon-guard,1174,priest,discipline,54,26,28
Tenchü,azralon,1174,priest,discipline,78,35,43
Alexax,quelthalas,1173,priest,discipline,60,31,29
Shadowdeathx,bleeding-hollow,1173,priest,discipline,29,13,16
Cuckfist,darkspear,1172,priest,discipline,106,53,53
Discotecno,tichondrius,1172,priest,discipline,72,36,36
Spyzz,gilneas,1172,priest,discipline,36,18,18
Aoeprophet,area-52,1172,priest,discipline,29,13,16
Powerwordzz,dragonmaw,1171,priest,discipline,109,52,57
Synes,bleeding-hollow,1171,priest,discipline,87,29,58
Kractdp,tichondrius,1170,priest,discipline,76,29,47
Sasafras,feathermoon,1168,priest,discipline,99,48,51
Tuoday,agamaggan,1168,priest,discipline,43,19,24
Miscan,azralon,1168,priest,discipline,54,19,35
Coachbombae,tichondrius,1167,priest,discipline,24,16,8
Nâisha,ragnaros,1167,priest,discipline,49,29,20
Pushap,blood-furnace,1167,priest,discipline,108,58,50
Belletrael,wyrmrest-accord,1167,priest,discipline,111,51,60
Galedry,ragnaros,1167,priest,discipline,53,24,29
Foxyy,wildhammer,1167,priest,discipline,47,21,26
Shadowsissy,tichondrius,1166,priest,discipline,97,47,50
Qbanota,drakkari,1165,priest,discipline,216,93,123
Texmix,stormrage,1165,priest,discipline,82,35,47
Lusch,stormscale,1164,priest,discipline,102,55,47
Zaftkier,ragnaros,1164,priest,discipline,129,65,64
Abalowpt,nemesis,1163,priest,discipline,48,22,26
Feelmeheâlz,barthilas,1163,priest,discipline,48,19,29
Jeraphìm,tichondrius,1162,priest,discipline,23,13,10
Khyonne,nemesis,1162,priest,discipline,124,55,69
Priestøuchme,tichondrius,1161,priest,discipline,47,26,21
Saphirah,bleeding-hollow,1161,priest,discipline,36,13,23
Heallarious,stormrage,1160,priest,discipline,52,30,22
Jeffo,baelgun,1160,priest,discipline,126,66,60
Kintok,tichondrius,1160,priest,discipline,40,20,20
Rancidcookie,tichondrius,1160,priest,discipline,31,13,18
Mäy,greymane,1160,priest,discipline,36,14,22
Eveilar,sargeras,1159,priest,discipline,24,15,9
Bubbleyo,shandris,1159,priest,discipline,30,17,13
Shaellito,goldrinn,1159,priest,discipline,30,13,17
Semirg,moon-guard,1158,priest,discipline,30,13,17
Velinna,tichondrius,1158,priest,discipline,42,16,26
Cynthir,stormrage,1157,priest,discipline,36,19,17
Pugsmugglerr,icecrown,1157,priest,discipline,173,88,85
Artermis,barthilas,1157,priest,discipline,105,45,60
Donoras,ursin,1156,priest,discipline,117,58,59
Everluna,stormrage,1155,priest,discipline,18,13,5
Jawdypriest,barthilas,1155,priest,discipline,56,32,24
Hèal,frostmourne,1155,priest,discipline,48,20,28
Zulkmoon,ragnaros,1155,priest,discipline,102,37,65
Feelmyheels,frostmourne,1154,priest,discipline,84,42,42
Kälashnikova,ragnaros,1154,priest,discipline,75,36,39
Cyberpriest,stormrage,1154,priest,discipline,108,51,57
Yamahaz,lethon,1154,priest,discipline,36,15,21
Holnderoth,malganis,1153,priest,discipline,116,50,66
Pws,azralon,1152,priest,discipline,18,12,6
Bangseight,sargeras,1152,priest,discipline,18,12,6
Deacoderx,area-52,1152,priest,discipline,18,12,6
Maraagsdad,tichondrius,1152,priest,discipline,18,12,6
Mindmelts,gallywix,1152,priest,discipline,18,12,6
Lifesavér,tichondrius,1152,priest,discipline,31,20,11
Muino,zuljin,1152,priest,discipline,28,16,12
Tirapiedras,ragnaros,1152,priest,discipline,36,17,19
Ømegagødx,illidan,1152,priest,discipline,30,12,18
Xorriz,bleeding-hollow,1151,priest,discipline,18,12,6
Soupbeanx,zuljin,1151,priest,discipline,18,12,6
Souriel,tichondrius,1151,priest,discipline,96,51,45
Randrimm,stormrage,1151,priest,discipline,24,12,12
Shadowkenlol,tichondrius,1151,priest,discipline,24,12,12
Scyndar,bonechewer,1151,priest,discipline,24,12,12
Xpera,dalaran,1151,priest,discipline,238,112,126
Greif,garrosh,1151,priest,discipline,108,47,61
Graymorick,malganis,1151,priest,discipline,30,12,18
Pewwpew,malganis,1151,priest,discipline,30,12,18
Dandz,ragnaros,1151,priest,discipline,36,12,24
Aaff,tichondrius,1150,priest,discipline,18,12,6
Tomp,tichondrius,1150,priest,discipline,18,12,6
Chkashaa,emerald-dream,1150,priest,discipline,42,21,21
Rhaist,sargeras,1150,priest,discipline,36,18,18
Omgducttape,malganis,1150,priest,discipline,24,12,12
Cenrtrix,stormrage,1150,priest,discipline,24,12,12
Shadooe,tichondrius,1150,priest,discipline,24,12,12
Abercromby,malganis,1150,priest,discipline,25,12,13
Yoxxoo,tichondrius,1150,priest,discipline,36,17,19
Penancedeez,moon-guard,1150,priest,discipline,35,15,20
Maxximuss,bleeding-hollow,1150,priest,discipline,44,18,26
Jmanhealz,stormrage,1150,priest,discipline,30,12,18
Profpepper,tichondrius,1149,priest,discipline,18,12,6
Nokzo,dalaran,1149,priest,discipline,24,12,12
Technetium,illidan,1149,priest,discipline,24,12,12
Nerfholyplz,illidan,1149,priest,discipline,24,12,12
Shadowchaos,malganis,1149,priest,discipline,24,12,12
Tesserak,tichondrius,1149,priest,discipline,117,54,63
Yukih,tichondrius,1149,priest,discipline,87,39,48
Jacqueline,tichondrius,1149,priest,discipline,30,12,18
Anellas,sargeras,1149,priest,discipline,36,12,24
Highelfpally,sargeras,1148,priest,discipline,24,12,12
Hellequin,alexstrasza,1148,priest,discipline,137,66,71
Nervinia,tichondrius,1148,priest,discipline,36,15,21
Novous,area-52,1148,priest,discipline,80,32,48
Hayna,emerald-dream,1148,priest,discipline,30,12,18
Hasteful,tichondrius,1148,priest,discipline,30,12,18
Gudnewsevone,illidan,1148,priest,discipline,36,14,22
Revolki,azralon,1148,priest,discipline,48,12,36
Whitegirlirl,blackrock,1147,priest,discipline,18,14,4
Elimix,frostmourne,1147,priest,discipline,18,12,6
Rlkeyboard,sargeras,1147,priest,discipline,18,12,6
Profetico,ragnaros,1147,priest,discipline,83,43,40
Launchsite,emerald-dream,1147,priest,discipline,24,12,12
Tranquilty,tichondrius,1147,priest,discipline,24,12,12
Saucelord,barthilas,1147,priest,discipline,24,12,12
Mylà,ragnaros,1147,priest,discipline,32,12,20
Scrubgames,garrosh,1146,priest,discipline,12,12,0
Brickzyhehe,dalaran,1146,priest,discipline,18,12,6
Bakerstr,tichondrius,1146,priest,discipline,18,12,6
Smightful,garona,1146,priest,discipline,24,12,12
Níaa,ragnaros,1146,priest,discipline,24,12,12
Dinkk,stormrage,1146,priest,discipline,24,12,12
Derowent,emerald-dream,1146,priest,discipline,30,13,17
Kelelin,frostwolf,1146,priest,discipline,36,13,23
Lilgoochi,burning-legion,1145,priest,discipline,18,12,6
Relence,frostmourne,1145,priest,discipline,38,24,14
Kimchpower,tichondrius,1145,priest,discipline,22,13,9
Mortecraft,sargeras,1145,priest,discipline,116,64,52
Jivita,lightbringer,1145,priest,discipline,30,16,14
Beansofdean,proudmoore,1145,priest,discipline,24,12,12
Jejer,moon-guard,1145,priest,discipline,24,12,12
Darrong,darkspear,1145,priest,discipline,76,36,40
Psïcopata,gallywix,1145,priest,discipline,121,48,73
Lunypriest,azralon,1145,priest,discipline,48,18,30
Kamasutra,drakthul,1145,priest,discipline,36,12,24
Mashpotato,aerie-peak,1144,priest,discipline,24,13,11
Honeyweiss,cairne,1144,priest,discipline,30,16,14
Doibhli,frostmourne,1144,priest,discipline,25,13,12
Notskynet,tichondrius,1144,priest,discipline,24,12,12
Bubblez,gorefiend,1144,priest,discipline,24,12,12
Voidrisu,sargeras,1144,priest,discipline,30,12,18
Shirley,skywall,1144,priest,discipline,36,12,24
Cleymoré,quelthalas,1143,priest,discipline,62,37,25
Nowwow,tichondrius,1143,priest,discipline,30,15,15
Holliitriix,moon-guard,1143,priest,discipline,24,12,12
Depressedboy,wyrmrest-accord,1143,priest,discipline,24,12,12
Tenet,stormscale,1143,priest,discipline,47,23,24
Tmpriest,tichondrius,1143,priest,discipline,127,49,78
Kallenk,proudmoore,1143,priest,discipline,36,12,24
Vyvanse,azuremyst,1143,priest,discipline,99,32,67
Ryuuka,sargeras,1142,priest,discipline,18,12,6
Zackey,nemesis,1142,priest,discipline,26,13,13
Raivn,illidan,1142,priest,discipline,24,12,12
Itha,illidan,1142,priest,discipline,30,12,18
Venaseph,malganis,1142,priest,discipline,44,14,30
Mangoes,scilla,1141,priest,discipline,26,13,13
Vanhealsing,tichondrius,1141,priest,discipline,24,12,12
Skaeha,saurfang,1141,priest,discipline,36,17,19
Nóin,tichondrius,1141,priest,discipline,84,36,48
Chickchautv,tichondrius,1140,priest,discipline,20,13,7
Antiraus,aerie-peak,1140,priest,discipline,54,31,23
Tâmpîcö,ragnaros,1140,priest,discipline,48,24,24
Runnow,area-52,1140,priest,discipline,24,12,12
Superpriestz,alexstrasza,1140,priest,discipline,54,22,32
Kyranell,uldum,1140,priest,discipline,30,12,18
Scalpell,tichondrius,1139,priest,discipline,18,12,6
Núgz,tichondrius,1139,priest,discipline,47,31,16
Jtewatch,zuljin,1139,priest,discipline,72,43,29
Criticaal,aegwynn,1139,priest,discipline,30,14,16
Vaporeon,stormscale,1138,priest,discipline,22,13,9
Goodbyekiss,illidan,1138,priest,discipline,118,59,59
Shooshanaa,stormrage,1138,priest,discipline,24,12,12
Zetk,tichondrius,1138,priest,discipline,24,12,12
Horrena,laughing-skull,1138,priest,discipline,31,13,18
Blanter,illidan,1138,priest,discipline,36,15,21
Drywàter,tichondrius,1137,priest,discipline,81,45,36
Yddwin,quelthalas,1137,priest,discipline,62,33,29
Bubbleborn,garithos,1137,priest,discipline,90,47,43
Archcerion,stormreaver,1137,priest,discipline,40,18,22
Barrysanders,zuljin,1136,priest,discipline,72,38,34
Brotherheals,nagrand,1136,priest,discipline,66,33,33
Doggyy,tichondrius,1136,priest,discipline,194,94,100
Justinagnpr,tichondrius,1136,priest,discipline,36,17,19
Leuviáh,ragnaros,1135,priest,discipline,24,12,12
Monztrosity,kelthuzad,1135,priest,discipline,46,13,33
Fluki,skullcrusher,1134,priest,discipline,24,15,9
Calliah,moknathal,1134,priest,discipline,35,19,16
Lynra,dawnbringer,1134,priest,discipline,48,26,22
Turdsyn,sargeras,1134,priest,discipline,30,13,17
Beenslurpin,illidan,1134,priest,discipline,30,12,18
Styléßéndérx,illidan,1133,priest,discipline,22,13,9
Näme,frostmourne,1133,priest,discipline,213,94,119
Cenzlyor,arthas,1133,priest,discipline,36,12,24
Saviorsélf,tichondrius,1132,priest,discipline,247,118,129
Dirtnastyqtx,illidan,1132,priest,discipline,30,13,17
Dirtydogma,zuljin,1132,priest,discipline,87,31,56
Killían,darkspear,1131,priest,discipline,85,43,42
Sivamint,aerie-peak,1131,priest,discipline,72,35,37
Theleena,malorne,1131,priest,discipline,48,23,25
Flayed,frostmourne,1131,priest,discipline,29,12,17
Iwillsaveyou,tichondrius,1131,priest,discipline,64,24,40
Suphicate,sargeras,1130,priest,discipline,18,12,6
Melithor,frostmourne,1130,priest,discipline,24,12,12
Cãduceus,tichondrius,1129,priest,discipline,48,22,26
Makkima,area-52,1129,priest,discipline,48,20,28
Ceneda,duskwood,1129,priest,discipline,30,12,18
Corthien,thrall,1129,priest,discipline,30,12,18
Kaizzen,gorgonnash,1128,priest,discipline,59,36,23
Hëstia,darkspear,1128,priest,discipline,30,18,12
Såviør,suramar,1128,priest,discipline,58,30,28
Marpi,quelthalas,1128,priest,discipline,58,26,32
Cromagnøn,dalaran,1127,priest,discipline,18,12,6
Cyrilien,tichondrius,1127,priest,discipline,52,29,23
Watdahealydo,darkspear,1127,priest,discipline,54,28,26
Groggybird,tichondrius,1127,priest,discipline,53,16,37
Priestvamp,azralon,1126,priest,discipline,42,19,23
Banepriest,sargeras,1126,priest,discipline,30,13,17
Strithe,kiljaeden,1125,priest,discipline,45,29,16
Holyshart,stonemaul,1125,priest,discipline,35,19,16
Sihua,illidan,1125,priest,discipline,42,21,21
Sänctus,emerald-dream,1125,priest,discipline,24,12,12
Osombra,azralon,1125,priest,discipline,48,23,25
Mob,garona,1125,priest,discipline,53,22,31
Birkin,frostmourne,1125,priest,discipline,36,12,24
Hipsterheals,laughing-skull,1124,priest,discipline,21,13,8
Thrudarkness,thrall,1124,priest,discipline,25,15,10
Finake,kelthuzad,1124,priest,discipline,86,48,38
Pharaoh,deathwing,1124,priest,discipline,30,16,14
Xidems,frostmourne,1124,priest,discipline,52,25,27
Velriana,tichondrius,1124,priest,discipline,30,12,18
Zarfs,burning-blade,1124,priest,discipline,30,12,18
Tkawesome,area-52,1124,priest,discipline,60,23,37
Valonar,emerald-dream,1124,priest,discipline,53,20,33
Mucgib,frostmourne,1124,priest,discipline,74,27,47
Weregonnadie,stormrage,1123,priest,discipline,30,12,18
Ketone,malganis,1122,priest,discipline,169,88,81
Imbot,ragnaros,1122,priest,discipline,24,12,12
Adaele,ragnaros,1122,priest,discipline,120,56,64
Exsufficate,frostmourne,1122,priest,discipline,34,15,19
Evalispie,illidan,1122,priest,discipline,42,14,28
Healie,mannoroth,1121,priest,discipline,81,47,34
Chì,turalyon,1121,priest,discipline,43,15,28
Primeevil,black-dragonflight,1119,priest,discipline,24,14,10
Frojasensei,tichondrius,1119,priest,discipline,26,14,12
Deehilie,illidan,1119,priest,discipline,49,25,24
Erelim,durotan,1119,priest,discipline,221,107,114
Kerith,ragnaros,1118,priest,discipline,46,34,12
Sòraka,tichondrius,1118,priest,discipline,221,109,112
Elvspriesly,doomhammer,1118,priest,discipline,118,57,61
Nightdesire,ragnaros,1118,priest,discipline,30,12,18
Tetha,fizzcrank,1117,priest,discipline,84,39,45
Xxbswag,illidan,1117,priest,discipline,29,12,17
Moonpeace,tichondrius,1117,priest,discipline,31,12,19
Ravenusius,azralon,1116,priest,discipline,18,12,6
Kephrek,eonar,1116,priest,discipline,24,13,11
Frenx,moon-guard,1115,priest,discipline,30,18,12
Depressíøn,moon-guard,1114,priest,discipline,42,21,21
Vitalizes,nagrand,1114,priest,discipline,30,13,17
Nuell,malganis,1113,priest,discipline,42,22,20
Nanabritches,moon-guard,1113,priest,discipline,223,109,114
Laj,proudmoore,1113,priest,discipline,36,12,24
Augus,velen,1112,priest,discipline,30,12,18
Mezervescent,thrall,1112,priest,discipline,36,12,24
Blairwitch,ragnaros,1111,priest,discipline,18,13,5
Clergy,arthas,1111,priest,discipline,33,23,10
Kiilltic,sargeras,1111,priest,discipline,54,24,30
Dirtyone,dark-iron,1111,priest,discipline,48,21,27
Remixcandoit,malganis,1110,priest,discipline,18,13,5
Ariyaned,quelthalas,1110,priest,discipline,24,13,11
Sendia,hydraxis,1110,priest,discipline,78,40,38
Londog,vashj,1110,priest,discipline,138,66,72
Laradorsta,moon-guard,1110,priest,discipline,41,17,24
Xavios,alexstrasza,1108,priest,discipline,35,18,17
Mcdizzle,bloodscalp,1108,priest,discipline,132,63,69
Salads,blackrock,1108,priest,discipline,245,115,130
Rezputina,hyjal,1108,priest,discipline,36,15,21
Discodeath,tichondrius,1107,priest,discipline,24,13,11
Fushia,emerald-dream,1107,priest,discipline,53,20,33
Enkognito,tichondrius,1106,priest,discipline,52,33,19
Mikkik,zuljin,1106,priest,discipline,78,49,29
Powerick,drakkari,1106,priest,discipline,64,35,29
Pûrplehaze,aegwynn,1106,priest,discipline,23,12,11
Mchinder,tanaris,1106,priest,discipline,182,94,88
Draniev,azralon,1106,priest,discipline,90,45,45
Tootsieroll,dark-iron,1106,priest,discipline,53,25,28
Kithlas,emerald-dream,1105,priest,discipline,32,17,15
Tamayooni,illidan,1105,priest,discipline,36,16,20
Papipreach,sargeras,1104,priest,discipline,63,35,28
Skruffles,black-dragonflight,1104,priest,discipline,68,36,32
Pochis,bleeding-hollow,1104,priest,discipline,149,75,74
Dorst,bonechewer,1104,priest,discipline,30,13,17
Anäster,ragnaros,1103,priest,discipline,77,39,38
Feetishh,frostmourne,1103,priest,discipline,139,64,75
Dazzlingduck,illidan,1102,priest,discipline,29,12,17
Zatroux,ragnaros,1101,priest,discipline,110,50,60
Priestism,bonechewer,1100,priest,discipline,110,52,58
Mynigajeff,zuljin,1099,priest,discipline,134,58,76
Lördgrim,stormrage,1098,priest,discipline,67,37,30
Fluxus,sargeras,1098,priest,discipline,30,16,14
Elredreu,zuljin,1098,priest,discipline,27,13,14
Gorechop,aegwynn,1098,priest,discipline,72,29,43
Haidees,akama,1097,priest,discipline,70,39,31
Alwayssleepy,proudmoore,1097,priest,discipline,27,14,13
Axhia,dentarg,1097,priest,discipline,36,18,18
Lilbabe,stormrage,1097,priest,discipline,30,12,18
Roßyn,quelthalas,1097,priest,discipline,48,19,29
Cathêlay,bleeding-hollow,1096,priest,discipline,191,92,99
Athzziry,ragnaros,1096,priest,discipline,123,59,64
Darkxrp,bleeding-hollow,1096,priest,discipline,30,13,17
Draiger,quelthalas,1096,priest,discipline,36,14,22
Tealien,dalaran,1095,priest,discipline,23,12,11
Touchyouboy,stormrage,1095,priest,discipline,97,44,53
Xojelas,quelthalas,1094,priest,discipline,48,26,22
Zhaann,kelthuzad,1094,priest,discipline,48,23,25
Rando,shattered-halls,1094,priest,discipline,94,38,56
Hentaihealz,wyrmrest-accord,1093,priest,discipline,36,17,19
Nuvea,tichondrius,1093,priest,discipline,27,12,15
Drougiee,ysera,1093,priest,discipline,29,12,17
Annaphilaxis,sargeras,1091,priest,discipline,44,22,22
Stroodle,illidan,1091,priest,discipline,101,47,54
Mistymiau,drakkari,1091,priest,discipline,127,57,70
Kiaras,stormrage,1090,priest,discipline,114,56,58
Zacksnotcool,sargeras,1090,priest,discipline,33,13,20
Bigdaddyku,hyjal,1089,priest,discipline,40,23,17
Crossbones,cenarion-circle,1089,priest,discipline,283,145,138
Thinmintt,wyrmrest-accord,1089,priest,discipline,108,47,61
Kidha,stormrage,1089,priest,discipline,66,22,44
Mylkshakez,emerald-dream,1088,priest,discipline,31,13,18
Pleogasm,sargeras,1088,priest,discipline,30,12,18
Touchmylight,suramar,1087,priest,discipline,77,46,31
Esohpr,frostmourne,1087,priest,discipline,23,12,11
Kelody,zuljin,1087,priest,discipline,30,13,17
Ithvedriel,moon-guard,1086,priest,discipline,76,33,43
Nerylia,stormrage,1085,priest,discipline,23,14,9
Fulldesire,dalaran,1085,priest,discipline,75,43,32
Quavö,tichondrius,1085,priest,discipline,68,29,39
Elbowbeans,tichondrius,1085,priest,discipline,34,12,22
Shén,barthilas,1084,priest,discipline,30,19,11
Todrecas,ragnaros,1084,priest,discipline,24,13,11
Vaddaru,kirin-tor,1083,priest,discipline,66,38,28
Shakaa,tichondrius,1083,priest,discipline,42,21,21
Scirzzy,tichondrius,1083,priest,discipline,29,14,15
Chroly,stormrage,1083,priest,discipline,65,29,36
Grapedraankk,kelthuzad,1082,priest,discipline,18,12,6
Oniyuri,dark-iron,1082,priest,discipline,83,42,41
Chastised,moon-guard,1082,priest,discipline,1057,520,537
Rileau,tichondrius,1082,priest,discipline,83,37,46
Zolibeth,azshara,1081,priest,discipline,30,16,14
Nostrande,stormrage,1080,priest,discipline,21,12,9
Straightbuns,tichondrius,1078,priest,discipline,101,57,44
Serraphinaa,tichondrius,1078,priest,discipline,100,51,49
Holdmypriest,sargeras,1078,priest,discipline,74,33,41
Averli,moon-guard,1078,priest,discipline,48,20,28
Opri,andorhal,1078,priest,discipline,66,27,39
Preach,boulderfist,1078,priest,discipline,66,25,41
Deemmortii,stormrage,1078,priest,discipline,44,12,32
Butterflyblu,ragnaros,1076,priest,discipline,93,50,43
Sheriff,lightbringer,1076,priest,discipline,153,80,73
Rohee,illidan,1076,priest,discipline,101,52,49
Happyholy,tichondrius,1076,priest,discipline,54,20,34
Jinxheal,tichondrius,1075,priest,discipline,26,12,14
Zinr,tichondrius,1073,priest,discipline,425,200,225
Epicaah,quelthalas,1073,priest,discipline,30,14,16
Malhotra,amanthul,1071,priest,discipline,40,23,17
Voidlordd,kelthuzad,1071,priest,discipline,30,17,13
Orouborös,area-52,1071,priest,discipline,36,14,22
Drtesak,illidan,1070,priest,discipline,17,12,5
Astartés,area-52,1070,priest,discipline,30,17,13
Yosicuro,ragnaros,1070,priest,discipline,39,22,17
ßßxßß,tichondrius,1070,priest,discipline,32,13,19
Moomagic,sargeras,1069,priest,discipline,125,65,60
Kaladaz,destromath,1069,priest,discipline,45,22,23
Jessikal,quelthalas,1069,priest,discipline,25,12,13
Berzap,frostmourne,1068,priest,discipline,30,18,12
Animeyiddies,illidan,1068,priest,discipline,23,12,11
Kodaks,frostmourne,1068,priest,discipline,103,51,52
Idoletta,moon-guard,1068,priest,discipline,42,18,24
Wilita,drakkari,1067,priest,discipline,24,12,12
Preezoo,tichondrius,1067,priest,discipline,88,36,52
Neehow,hyjal,1066,priest,discipline,153,81,72
Biggerstaff,icecrown,1066,priest,discipline,85,35,50
Nipseys,frostmourne,1065,priest,discipline,48,27,21
Shemhazai,ragnaros,1065,priest,discipline,28,14,14
Kloudypriest,moon-guard,1065,priest,discipline,53,26,27
Twinkmuncher,proudmoore,1065,priest,discipline,25,12,13
Sadier,moon-guard,1065,priest,discipline,44,17,27
Newheal,quelthalas,1064,priest,discipline,30,16,14
Trustheals,tichondrius,1064,priest,discipline,134,71,63
Xue,whisperwind,1062,priest,discipline,42,13,29
Georgialina,moon-guard,1059,priest,discipline,126,65,61
Amphion,skullcrusher,1059,priest,discipline,25,12,13
Tapel,khazgoroth,1057,priest,discipline,66,42,24
Lustily,zuljin,1056,priest,discipline,18,11,7
Max,frostmourne,1056,priest,discipline,18,11,7
Xactly,sargeras,1056,priest,discipline,18,11,7
Lespaula,ragnaros,1056,priest,discipline,24,12,12
Nevermyndz,bleeding-hollow,1056,priest,discipline,24,11,13
Jackflashh,hakkar,1056,priest,discipline,90,41,49
Lilbabynaga,stormrage,1056,priest,discipline,75,27,48
Crucifer,proudmoore,1055,priest,discipline,12,11,1
Chawp,kelthuzad,1055,priest,discipline,18,11,7
Mehhxp,tichondrius,1055,priest,discipline,18,11,7
Pej,emerald-dream,1055,priest,discipline,18,11,7
Penanced,tichondrius,1055,priest,discipline,18,11,7
Pro,proudmoore,1055,priest,discipline,24,11,13
Galaxychub,tichondrius,1055,priest,discipline,24,11,13
Interacts,darkspear,1055,priest,discipline,24,11,13
Ffej,bleeding-hollow,1055,priest,discipline,24,11,13
Ginnja,emerald-dream,1055,priest,discipline,24,11,13
Chaotikx,kelthuzad,1055,priest,discipline,24,11,13
Ilovedailies,frostmourne,1055,priest,discipline,24,11,13
Voidgames,area-52,1055,priest,discipline,30,11,19
Hokutos,tichondrius,1055,priest,discipline,30,11,19
Oslowpriest,mugthol,1055,priest,discipline,30,11,19
Disconelf,barthilas,1055,priest,discipline,30,11,19
Oymay,illidan,1055,priest,discipline,30,11,19
Lampvpgerl,illidan,1055,priest,discipline,36,11,25
Aiss,malganis,1054,priest,discipline,16,12,4
Anneyann,fenris,1054,priest,discipline,30,19,11
Íxidorr,ragnaros,1054,priest,discipline,18,11,7
Greenteababy,tichondrius,1054,priest,discipline,18,11,7
Náñí,area-52,1054,priest,discipline,18,11,7
Missyoung,tichondrius,1054,priest,discipline,18,11,7
Kujoh,tichondrius,1054,priest,discipline,18,11,7
Xundi,ragnaros,1054,priest,discipline,84,39,45
Thenamesnorm,tichondrius,1054,priest,discipline,24,11,13
Aikinorz,tichondrius,1054,priest,discipline,24,11,13
Dpsmercy,sargeras,1054,priest,discipline,24,11,13
Moqoro,azralon,1054,priest,discipline,24,11,13
Aguavenditaa,quelthalas,1054,priest,discipline,24,11,13
Owlchubz,mannoroth,1054,priest,discipline,24,11,13
Gumiho,drakkari,1054,priest,discipline,87,39,48
Aliciab,andorhal,1054,priest,discipline,134,59,75
Dylan,shuhalo,1054,priest,discipline,30,11,19
Shwrma,bleeding-hollow,1054,priest,discipline,30,11,19
Syndrox,kelthuzad,1053,priest,discipline,12,11,1
Whitepigogo,tichondrius,1053,priest,discipline,18,11,7
Skiza,stormrage,1053,priest,discipline,18,11,7
Alizeë,illidan,1053,priest,discipline,149,77,72
Rectumhealer,stormrage,1053,priest,discipline,24,11,13
Goyqqp,illidan,1053,priest,discipline,24,11,13
Polteageist,frostmourne,1053,priest,discipline,24,11,13
Màva,zuljin,1053,priest,discipline,30,11,19
Whitecrash,bleeding-hollow,1052,priest,discipline,42,28,14
Hölymöly,moon-guard,1052,priest,discipline,18,11,7
Slavoj,gurubashi,1052,priest,discipline,41,19,22
Babburger,tichondrius,1052,priest,discipline,24,11,13
Buffhpriest,tichondrius,1052,priest,discipline,24,11,13
Frye,bleeding-hollow,1052,priest,discipline,30,11,19
Rhulvin,fizzcrank,1051,priest,discipline,18,11,7
Holytickles,stormrage,1051,priest,discipline,21,12,9
Wobzqq,tichondrius,1051,priest,discipline,24,11,13
Aguadejamica,tichondrius,1051,priest,discipline,30,11,19
Jayqwellen,bleeding-hollow,1051,priest,discipline,30,11,19
Xanderp,thrall,1051,priest,discipline,30,11,19
Moopha,zuljin,1050,priest,discipline,12,11,1
Lumyra,malganis,1050,priest,discipline,18,11,7
Lightschosen,malganis,1050,priest,discipline,18,11,7
Healdog,thrall,1050,priest,discipline,18,11,7
Elkies,area-52,1050,priest,discipline,18,11,7
Merxy,bleeding-hollow,1050,priest,discipline,24,11,13
Recrucified,bleeding-hollow,1050,priest,discipline,24,11,13
Thotsteal,lightbringer,1050,priest,discipline,24,11,13
Darkmoonsun,frostmourne,1050,priest,discipline,24,11,13
Scarlette,maelstrom,1050,priest,discipline,36,14,22
Lalight,tichondrius,1050,priest,discipline,32,11,21
Discospider,sargeras,1049,priest,discipline,18,11,7
Charybdis,bonechewer,1049,priest,discipline,101,58,43
Gangshet,illidan,1049,priest,discipline,27,11,16
Inmortar,dalaran,1049,priest,discipline,30,11,19
Lindisfarne,kiljaeden,1048,priest,discipline,48,23,25
Gstvsrrn,tichondrius,1048,priest,discipline,24,11,13
Epik,moknathal,1048,priest,discipline,27,12,15
Elexianpi,stormrage,1048,priest,discipline,30,11,19
Sinwifi,ragnaros,1047,priest,discipline,64,27,37
Skinnyfat,azralon,1046,priest,discipline,18,11,7
Goolol,tichondrius,1046,priest,discipline,18,11,7
Covfefe,draka,1046,priest,discipline,126,56,70
Gálfore,malganis,1046,priest,discipline,30,11,19
Ahitaro,ragnaros,1046,priest,discipline,65,19,46
Zetalight,kelthuzad,1045,priest,discipline,12,11,1
Skeepsi,area-52,1045,priest,discipline,90,45,45
Nippols,skullcrusher,1045,priest,discipline,24,11,13
Whoôx,khazgoroth,1044,priest,discipline,29,11,18
Nubzin,tichondrius,1043,priest,discipline,30,13,17
Mineral,sargeras,1042,priest,discipline,18,11,7
Coomdork,dalvengyr,1042,priest,discipline,18,11,7
Deusthanatos,medivh,1042,priest,discipline,105,53,52
Acésnóf,stormrage,1042,priest,discipline,30,11,19
Tiyme,moon-guard,1041,priest,discipline,24,11,13
Kajhy,ragnaros,1040,priest,discipline,54,24,30
Laeral,quelthalas,1039,priest,discipline,83,42,41
Ðrip,burning-legion,1039,priest,discipline,28,12,16
Efrem,tichondrius,1038,priest,discipline,72,35,37
Interdimen,suramar,1038,priest,discipline,24,11,13
Stinkyfingr,frostmourne,1038,priest,discipline,102,44,58
Lovetotouch,malganis,1037,priest,discipline,24,11,13
Ayezex,tichondrius,1037,priest,discipline,54,23,31
Alvvays,tichondrius,1037,priest,discipline,36,11,25
Shadowbishop,barthilas,1036,priest,discipline,42,20,22
Fouroneo,tichondrius,1035,priest,discipline,24,11,13
Gongá,moon-guard,1035,priest,discipline,108,43,65
Bawahaka,proudmoore,1034,priest,discipline,30,11,19
Sölemn,barthilas,1033,priest,discipline,87,40,47
Cøwbøycrytøø,azralon,1033,priest,discipline,84,24,60
Uchihalol,tichondrius,1032,priest,discipline,24,11,13
Geulis,illidan,1030,priest,discipline,65,30,35
Gãmbino,wyrmrest-accord,1029,priest,discipline,40,14,26
Egraner,drakkari,1027,priest,discipline,24,11,13
Karamapang,illidan,1026,priest,discipline,155,68,87
Sístermary,stormrage,1025,priest,discipline,53,27,26
Miju,tichondrius,1024,priest,discipline,223,110,113
Naxiest,stormrage,1024,priest,discipline,29,11,18
Bakharftw,nemesis,1023,priest,discipline,28,17,11
Harlei,tichondrius,1023,priest,discipline,24,14,10
Shadowpáin,ragnaros,1022,priest,discipline,86,38,48
Guillotinee,ragnaros,1022,priest,discipline,25,11,14
Healzutwo,tichondrius,1022,priest,discipline,90,38,52
Mxd,bleeding-hollow,1021,priest,discipline,20,12,8
Kymohek,sargeras,1021,priest,discipline,28,12,16
Treenewbeems,tichondrius,1020,priest,discipline,49,25,24
Mgfoxxie,scarlet-crusade,1020,priest,discipline,30,12,18
Kenray,sargeras,1020,priest,discipline,48,18,30
Holywarrior,smolderthorn,1020,priest,discipline,86,32,54
Chemod,quelthalas,1020,priest,discipline,44,13,31
Discokeef,zuljin,1019,priest,discipline,17,11,6
Thadan,uldaman,1019,priest,discipline,24,11,13
Liñkzq,frostmourne,1018,priest,discipline,36,16,20
Hopfit,the-underbog,1017,priest,discipline,28,15,13
Åz,quelthalas,1017,priest,discipline,66,34,32
Sév,frostmane,1017,priest,discipline,190,89,101
Rahna,azralon,1017,priest,discipline,30,11,19
Facemelt,azralon,1016,priest,discipline,24,11,13
Nightmxres,zuljin,1016,priest,discipline,30,11,19
Mandrÿ,tichondrius,1015,priest,discipline,23,13,10
Junss,tichondrius,1015,priest,discipline,25,13,12
Profît,stormrage,1014,priest,discipline,24,12,12
Mørbol,tichondrius,1014,priest,discipline,86,39,47
Pamira,drakkari,1013,priest,discipline,17,12,5
Hathamet,thrall,1013,priest,discipline,60,25,35
Rigityrekt,aggramar,1012,priest,discipline,30,22,8
Serana,maelstrom,1011,priest,discipline,164,88,76
Touchedbygud,frostmourne,1011,priest,discipline,62,33,29
Linarelitha,area-52,1011,priest,discipline,104,48,56
Rescueherø,tichondrius,1010,priest,discipline,56,30,26
Crawfu,barthilas,1010,priest,discipline,48,19,29
Drãith,magtheridon,1009,priest,discipline,30,15,15
Praiz,tichondrius,1008,priest,discipline,32,21,11
Buschlatte,frostmane,1007,priest,discipline,23,11,12
Lesserfaith,sargeras,1006,priest,discipline,21,11,10
Quartzolio,azralon,1005,priest,discipline,23,11,12
Ehmacros,kelthuzad,1005,priest,discipline,35,11,24
Crozuhn,moon-guard,1005,priest,discipline,42,12,30
Mottsarella,mugthol,1004,priest,discipline,120,65,55
Mando,area-52,1003,priest,discipline,186,99,87
Vidzz,silvermoon,1003,priest,discipline,23,11,12
Fallenfaith,dathremar,1002,priest,discipline,61,35,26
Jaster,proudmoore,1002,priest,discipline,76,41,35
Felina,maiev,1000,priest,discipline,15,12,3
Fleurdelis,zuluhed,1000,priest,discipline,24,11,13
Wartrix,bonechewer,1000,priest,discipline,29,12,17
Khallmir,goldrinn,999,priest,discipline,166,82,84
Lytherina,aegwynn,999,priest,discipline,42,19,23
Novoc,blackhand,998,priest,discipline,66,30,36
Priestkofwa,tichondrius,995,priest,discipline,24,11,13
Betrthenadam,bleeding-hollow,995,priest,discipline,75,32,43
Robertsmurda,emerald-dream,992,priest,discipline,22,11,11
Jonnycanuckz,duskwood,991,priest,discipline,36,14,22
Plaedito,stormscale,991,priest,discipline,29,11,18
Mixxd,shuhalo,990,priest,discipline,138,68,70
Tubelight,sargeras,990,priest,discipline,23,11,12
Jikoguu,stormscale,989,priest,discipline,36,11,25
Lilflexi,lightbringer,988,priest,discipline,22,11,11
Carbonated,zuljin,986,priest,discipline,17,11,6
Nickerbocker,nazgrel,986,priest,discipline,22,11,11
Toastanator,wyrmrest-accord,986,priest,discipline,340,166,174
Ugork,gundrak,986,priest,discipline,26,11,15
Bubblebuster,lightbringer,985,priest,discipline,208,104,104
Terric,shattered-hand,985,priest,discipline,37,18,19
Pockethealer,dalaran,985,priest,discipline,42,16,26
Antonella,malganis,985,priest,discipline,33,12,21
Ohashi,ragnaros,984,priest,discipline,24,15,9
Miel,kargath,982,priest,discipline,66,27,39
Bârcødê,tichondrius,981,priest,discipline,30,17,13
Steck,illidan,979,priest,discipline,70,28,42
Diamontie,tichondrius,977,priest,discipline,26,16,10
Sajahsa,moon-guard,977,priest,discipline,37,19,18
Azrïel,mannoroth,976,priest,discipline,54,29,25
Kahari,perenolde,976,priest,discipline,28,11,17
Zeun,spinebreaker,975,priest,discipline,102,47,55
Hèáls,tichondrius,975,priest,discipline,66,29,37
Icemeilarda,illidan,973,priest,discipline,124,55,69
Defibgnomate,area-52,973,priest,discipline,36,14,22
Aragingclue,burning-legion,972,priest,discipline,24,11,13
Degena,stormrage,970,priest,discipline,29,13,16
Uljinoo,blackwing-lair,970,priest,discipline,122,53,69
Reitherïn,drakkari,970,priest,discipline,48,11,37
Leoi,fenris,968,priest,discipline,63,31,32
Perzeval,azshara,967,priest,discipline,28,11,17
Zarakih,azralon,966,priest,discipline,86,38,48
Gwenoviere,whisperwind,966,priest,discipline,58,15,43
Mortto,azralon,963,priest,discipline,18,12,6
Throwinshadê,stormrage,962,priest,discipline,497,254,243
Voidwulf,azgalor,962,priest,discipline,131,65,66
Åphrødite,bonechewer,961,priest,discipline,22,12,10
Cezanne,tichondrius,961,priest,discipline,125,52,73
Privx,bleeding-hollow,960,priest,discipline,12,10,2
Taviesh,tichondrius,960,priest,discipline,18,10,8
Priesticules,illidan,960,priest,discipline,18,10,8
Instaboned,sargeras,960,priest,discipline,18,10,8
Kelinne,zuljin,960,priest,discipline,18,10,8
Lilpurp,sargeras,960,priest,discipline,28,10,18
Futuuncle,tichondrius,960,priest,discipline,30,10,20
Luzhú,illidan,960,priest,discipline,30,10,20
Strawberryzz,area-52,959,priest,discipline,12,10,2
Jinforever,tichondrius,959,priest,discipline,12,10,2
Henchwoman,stormrage,959,priest,discipline,12,10,2
Hansa,ragnaros,959,priest,discipline,18,10,8
Dudurr,zuluhed,959,priest,discipline,18,10,8
Alexjónes,emerald-dream,959,priest,discipline,18,10,8
Dubai,tichondrius,959,priest,discipline,18,10,8
Filthmaster,moon-guard,959,priest,discipline,18,10,8
Lecarrot,moon-guard,959,priest,discipline,18,10,8
Tamzy,eredar,959,priest,discipline,18,10,8
Cigma,magtheridon,959,priest,discipline,18,10,8
Hundski,darkspear,959,priest,discipline,18,10,8
Elphié,sargeras,959,priest,discipline,18,10,8
Budlyy,dalaran,959,priest,discipline,18,10,8
Oduum,tichondrius,959,priest,discipline,18,10,8
Lunatik,kelthuzad,959,priest,discipline,18,10,8
Minnowhead,kelthuzad,959,priest,discipline,18,10,8
Groove,kelthuzad,959,priest,discipline,18,10,8
Kelaara,gnomeregan,959,priest,discipline,19,10,9
Jacksreturne,kelthuzad,959,priest,discipline,627,318,309
Stylébender,tichondrius,959,priest,discipline,24,10,14
Johadorr,shadowsong,959,priest,discipline,24,10,14
Creata,frostmourne,959,priest,discipline,24,10,14
Tamtwo,the-forgotten-coast,959,priest,discipline,24,10,14
Yaheals,gorefiend,959,priest,discipline,24,10,14
Punchyxz,illidan,959,priest,discipline,24,10,14
Lidole,barthilas,959,priest,discipline,24,10,14
Khalan,bleeding-hollow,959,priest,discipline,24,10,14
Aquinas,executus,959,priest,discipline,30,10,20
Azide,mannoroth,958,priest,discipline,12,10,2
Twinkogood,nemesis,958,priest,discipline,15,10,5
Itzkü,malganis,958,priest,discipline,18,10,8
Josephlin,quelthalas,958,priest,discipline,18,10,8
Goonie,spirestone,958,priest,discipline,18,10,8
Nellìel,whisperwind,958,priest,discipline,18,10,8
Chknhealer,darkspear,958,priest,discipline,18,10,8
Amonerpriest,tichondrius,958,priest,discipline,18,10,8
Istvala,zuljin,958,priest,discipline,18,10,8
Tîg,nemesis,958,priest,discipline,21,10,11
Ritzien,jubeithos,958,priest,discipline,24,10,14
Câstiêl,malganis,958,priest,discipline,24,10,14
Kelpyd,tichondrius,957,priest,discipline,18,10,8
Bubblebeasst,area-52,957,priest,discipline,18,10,8
Wilburre,sargeras,957,priest,discipline,18,10,8
Joanoarc,destromath,957,priest,discipline,18,10,8
Forchi,malganis,957,priest,discipline,18,10,8
Bigchalupaz,sargeras,957,priest,discipline,18,10,8
Rellington,frostwolf,957,priest,discipline,24,10,14
Datwunguy,sargeras,957,priest,discipline,24,10,14
Daddydirtbag,malganis,957,priest,discipline,30,10,20
Lildes,tichondrius,957,priest,discipline,30,10,20
Chanyt,azralon,956,priest,discipline,12,10,2
Loøgie,area-52,956,priest,discipline,18,10,8
Saviorsëlf,tichondrius,956,priest,discipline,18,10,8
Glownoodle,stormrage,956,priest,discipline,107,52,55
Taedrid,stormrage,956,priest,discipline,140,61,79
Kissmyvoìd,frostmourne,956,priest,discipline,24,10,14
Mottomami,nemesis,956,priest,discipline,24,10,14
Dorlala,tichondrius,955,priest,discipline,18,10,8
Synthas,tichondrius,955,priest,discipline,18,10,8
Xinnie,illidan,955,priest,discipline,118,50,68
Bachaterah,skullcrusher,955,priest,discipline,24,10,14
Faxter,darkspear,955,priest,discipline,28,10,18
Felmnir,ragnaros,955,priest,discipline,30,10,20
Jasolini,area-52,955,priest,discipline,30,10,20
Eraticpriest,illidan,955,priest,discipline,36,10,26
Drcream,moon-guard,954,priest,discipline,12,10,2
Lauriestrode,andorhal,954,priest,discipline,18,10,8
Heleadorita,ragnaros,954,priest,discipline,18,10,8
Lúçíd,sargeras,954,priest,discipline,18,10,8
Liloffended,sargeras,954,priest,discipline,18,10,8
Febronia,aerie-peak,954,priest,discipline,18,10,8
Hateznamez,bladefist,954,priest,discipline,18,10,8
Stepbroplzno,barthilas,954,priest,discipline,22,11,11
Poltergeist,dalvengyr,954,priest,discipline,24,10,14
Judgejudyx,tichondrius,954,priest,discipline,24,10,14
Discjuice,tichondrius,954,priest,discipline,36,10,26
Discomon,lightnings-blade,953,priest,discipline,12,10,2
Kajagoogoö,emerald-dream,953,priest,discipline,18,10,8
Raddah,dalaran,953,priest,discipline,22,11,11
Ôvr,area-52,953,priest,discipline,26,11,15
Flagged,azgalor,953,priest,discipline,24,10,14
Clerkbum,emerald-dream,953,priest,discipline,24,10,14
Xenonfaith,bleeding-hollow,952,priest,discipline,17,12,5
Anonymoûs,silver-hand,952,priest,discipline,24,14,10
Actiop,stormrage,952,priest,discipline,18,10,8
Unholyio,barthilas,952,priest,discipline,18,10,8
Stennic,emerald-dream,952,priest,discipline,18,10,8
Jessicä,malganis,952,priest,discipline,18,10,8
Worthy,runetotem,952,priest,discipline,18,10,8
Supersede,sargeras,952,priest,discipline,330,162,168
Daijoubu,lightnings-blade,951,priest,discipline,24,10,14
Possumvendor,dalaran,951,priest,discipline,30,10,20
Ppinmuhbutt,tichondrius,951,priest,discipline,36,10,26
Blackpreach,illidan,950,priest,discipline,18,10,8
Zeas,moon-guard,950,priest,discipline,66,23,43
Threlad,elune,949,priest,discipline,18,10,8
Wzrdtrx,tichondrius,949,priest,discipline,18,10,8
Thirddps,illidan,949,priest,discipline,24,12,12
Dreamskull,aegwynn,949,priest,discipline,26,11,15
Dwennalous,stormrage,949,priest,discipline,24,10,14
Hypnogypsy,malganis,948,priest,discipline,18,10,8
Lasslìn,bonechewer,948,priest,discipline,18,10,8
Snapcrackpop,shadowmoon,948,priest,discipline,18,10,8
Prófessór,tichondrius,948,priest,discipline,24,10,14
Littlean,frostmourne,948,priest,discipline,24,10,14
Futatsi,zuljin,948,priest,discipline,46,18,28
Bambooster,sargeras,947,priest,discipline,18,10,8
Samsunglions,tichondrius,947,priest,discipline,18,10,8
Nejifa,aerie-peak,947,priest,discipline,84,37,47
Pleasefit,sargeras,947,priest,discipline,24,10,14
Darkphoxy,azralon,946,priest,discipline,18,10,8
Bellack,emerald-dream,946,priest,discipline,88,40,48
Demished,zuljin,946,priest,discipline,24,10,14
Nikkazul,drakkari,943,priest,discipline,30,14,16
Redg,azjolnerub,943,priest,discipline,23,10,13
Ðowörk,illidan,942,priest,discipline,18,10,8
Paulin,stormrage,942,priest,discipline,48,20,28
Grasy,ragnaros,942,priest,discipline,24,10,14
Prlest,proudmoore,941,priest,discipline,60,26,34
Felaisa,kul-tiras,940,priest,discipline,23,10,13
Sinnz,emerald-dream,939,priest,discipline,30,11,19
Sisterdeáth,area-52,938,priest,discipline,24,11,13
Toonahx,area-52,937,priest,discipline,28,12,16
Boosserbro,dawnbringer,936,priest,discipline,42,21,21
Ophiuchus,jubeithos,936,priest,discipline,32,12,20
Holynova,proudmoore,935,priest,discipline,24,11,13
Babayiagha,ragnaros,933,priest,discipline,18,10,8
Mcmorphy,stormrage,931,priest,discipline,53,23,30
Alexz,area-52,927,priest,discipline,14,11,3
Siokeena,stormrage,927,priest,discipline,17,10,7
Toastedheal,stormreaver,927,priest,discipline,20,11,9
Sublety,aerie-peak,927,priest,discipline,72,33,39
Healzium,blackwater-raiders,927,priest,discipline,22,10,12
Thehealinck,magtheridon,927,priest,discipline,22,10,12
Candyswaifu,malganis,927,priest,discipline,52,17,35
Peacebewithu,echo-isles,926,priest,discipline,24,13,11
Gankchange,tichondrius,926,priest,discipline,26,11,15
Tangykiwi,dalaran,926,priest,discipline,29,10,19
Marunakima,aegwynn,925,priest,discipline,68,23,45
Creepa,kul-tiras,924,priest,discipline,22,10,12
Tonymòntana,area-52,923,priest,discipline,18,10,8
Jijiyeye,tichondrius,923,priest,discipline,18,10,8
Eumalfa,dalaran,922,priest,discipline,60,29,31
Kaladîn,dark-iron,921,priest,discipline,20,11,9
Noriniani,sargeras,921,priest,discipline,45,23,22
Divinebones,gurubashi,921,priest,discipline,42,17,25
Unholydomina,zuljin,919,priest,discipline,125,59,66
Braxxten,tichondrius,919,priest,discipline,56,23,33
Chinsta,tichondrius,919,priest,discipline,41,16,25
Thekingheals,draenor,918,priest,discipline,28,14,14
Chinadøll,emerald-dream,918,priest,discipline,23,10,13
Priestrix,frostmourne,918,priest,discipline,91,39,52
Kastriel,moon-guard,918,priest,discipline,60,24,36
Belielosong,moon-guard,914,priest,discipline,105,52,53
Twistedead,illidan,911,priest,discipline,27,11,16
Katalla,spirestone,911,priest,discipline,27,10,17
Mègadèath,area-52,911,priest,discipline,35,10,25
Healloween,stormrage,910,priest,discipline,27,14,13
Anitatwat,sargeras,910,priest,discipline,64,19,45
Ëgirl,tichondrius,909,priest,discipline,21,10,11
Mindgames,the-underbog,906,priest,discipline,18,11,7
Tmnaarcanttv,tichondrius,906,priest,discipline,19,11,8
Sorros,cenarion-circle,905,priest,discipline,24,12,12
Ðanté,the-venture-co,904,priest,discipline,22,13,9
Lilgeek,kelthuzad,904,priest,discipline,33,11,22
Asfw,chogall,903,priest,discipline,24,12,12
Julisof,quelthalas,903,priest,discipline,30,11,19
Frothyfran,icecrown,902,priest,discipline,36,15,21
Esclipse,dunemaul,900,priest,discipline,84,38,46
Mikebroowwnn,firetree,900,priest,discipline,28,12,16
Johnnweedd,ragnaros,899,priest,discipline,20,11,9
Jeanmarc,aerie-peak,899,priest,discipline,84,34,50
Givenchy,arygos,897,priest,discipline,26,11,15
Jãde,ragnaros,897,priest,discipline,48,17,31
Cyiy,moon-guard,896,priest,discipline,28,15,13
Mvqjlm,tichondrius,895,priest,discipline,15,10,5
Maelei,ragnaros,894,priest,discipline,14,10,4
Chapitä,drakkari,893,priest,discipline,16,10,6
Tezcatyo,area-52,891,priest,discipline,17,10,7
Holyhannah,malganis,891,priest,discipline,30,11,19
Alexandriael,wyrmrest-accord,889,priest,discipline,30,12,18
Priestoleiro,nemesis,888,priest,discipline,23,11,12
Bërlin,drakkari,887,priest,discipline,45,21,24
Damushi,frostmourne,887,priest,discipline,29,12,17
Igotdots,scilla,886,priest,discipline,104,50,54
Voif,proudmoore,886,priest,discipline,22,10,12
Felixbsilent,daggerspine,884,priest,discipline,36,18,18
Coolzo,dethecus,882,priest,discipline,26,11,15
Classifiedcc,illidan,876,priest,discipline,353,179,174
Valkur,aegwynn,868,priest,discipline,72,35,37
Zanyp,akama,866,priest,discipline,70,29,41
Mistèrtoot,gundrak,864,priest,discipline,12,9,3
Gillette,thunderlord,864,priest,discipline,12,9,3
Tarwow,alterac-mountains,864,priest,discipline,12,9,3
Photic,malganis,864,priest,discipline,12,9,3
Trinaty,senjin,864,priest,discipline,12,9,3
Yasbomb,tichondrius,864,priest,discipline,12,9,3
Demongodtren,blackrock,864,priest,discipline,12,9,3
Dirtydickdan,sargeras,864,priest,discipline,12,9,3
Elise,ravenholdt,864,priest,discipline,12,9,3
Xxmewo,sargeras,864,priest,discipline,12,9,3
Squiddyjr,tichondrius,864,priest,discipline,12,9,3
Lisau,tichondrius,864,priest,discipline,18,9,9
Træway,tichondrius,864,priest,discipline,18,9,9
Challengerz,suramar,864,priest,discipline,18,9,9
Phurbosjr,sargeras,864,priest,discipline,18,9,9
Toteme,proudmoore,864,priest,discipline,18,9,9
Mørgøth,thrall,864,priest,discipline,18,9,9
Anzulupriest,alexstrasza,864,priest,discipline,18,9,9
Akinap,thrall,864,priest,discipline,18,9,9
Æßøäîètîÿ,sargeras,864,priest,discipline,18,9,9
Cinnalite,darkspear,864,priest,discipline,18,9,9
Tuladim,tichondrius,864,priest,discipline,18,9,9
Aeghisp,stormrage,864,priest,discipline,18,9,9
Sturms,tichondrius,864,priest,discipline,18,9,9
Irar,tichondrius,864,priest,discipline,18,9,9
Stubby,shadowsong,864,priest,discipline,18,9,9
Wv,kelthuzad,864,priest,discipline,18,9,9
Bluepunch,tichondrius,864,priest,discipline,18,9,9
Arcmage,malganis,864,priest,discipline,18,9,9
Drbønghitmd,tichondrius,864,priest,discipline,18,9,9
Omgnerfz,zuljin,864,priest,discipline,18,9,9
Seyvyur,black-dragonflight,864,priest,discipline,18,9,9
Tobaiss,arygos,864,priest,discipline,18,9,9
Badgoy,dalaran,864,priest,discipline,22,10,12
Ninbará,stormrage,864,priest,discipline,24,9,15
Soll,veknilash,864,priest,discipline,24,9,15
Peaky,moonrunner,864,priest,discipline,24,9,15
Çørrúptíøñz,tichondrius,864,priest,discipline,30,9,21
Softqt,tichondrius,863,priest,discipline,12,9,3
Djxkidrock,moon-guard,863,priest,discipline,12,9,3
Archyyx,illidan,863,priest,discipline,12,9,3
Helleamh,tichondrius,863,priest,discipline,12,9,3
Samsypriest,frostmourne,863,priest,discipline,12,9,3
Oprst,tichondrius,863,priest,discipline,18,9,9
Altaeres,tichondrius,863,priest,discipline,18,9,9
Dënali,area-52,863,priest,discipline,18,9,9
Eaten,emerald-dream,863,priest,discipline,18,9,9
Gäüga,burning-legion,863,priest,discipline,18,9,9
Xellda,azjolnerub,863,priest,discipline,18,9,9
Pillböx,tichondrius,863,priest,discipline,18,9,9
Darkrecovery,sargeras,863,priest,discipline,18,9,9
Piece,tichondrius,863,priest,discipline,18,9,9
Pehktwo,hyjal,863,priest,discipline,18,9,9
Dreambubble,crushridge,863,priest,discipline,18,9,9
Sentenel,duskwood,863,priest,discipline,18,9,9
Shadiness,exodar,863,priest,discipline,18,9,9
Yangthesmite,barthilas,863,priest,discipline,18,9,9
Ifalna,nemesis,863,priest,discipline,18,9,9
Timecop,garithos,863,priest,discipline,18,9,9
Eyepod,bleeding-hollow,863,priest,discipline,18,9,9
Faithx,frostmourne,863,priest,discipline,18,9,9
Kamisamakiss,illidan,863,priest,discipline,18,9,9
Zaradomin,kelthuzad,863,priest,discipline,18,9,9
Mashonala,bonechewer,863,priest,discipline,18,9,9
Løøtgoblin,skullcrusher,863,priest,discipline,24,9,15
Yosps,tichondrius,863,priest,discipline,24,9,15
Gobsend,illidan,863,priest,discipline,24,9,15
Wandallday,thrall,863,priest,discipline,25,9,16
Sypii,stormrage,863,priest,discipline,30,9,21
Kyüra,sargeras,863,priest,discipline,30,9,21
Bree,area-52,863,priest,discipline,30,9,21
Nuttypea,tichondrius,863,priest,discipline,36,9,27
Tinyjunk,stormrage,862,priest,discipline,12,9,3
Tysbich,kul-tiras,862,priest,discipline,12,9,3
Ocxpriest,azralon,862,priest,discipline,18,9,9
Zechariah,proudmoore,862,priest,discipline,18,9,9
Lacerating,illidan,862,priest,discipline,18,9,9
Neuroflex,proudmoore,862,priest,discipline,18,9,9
Kurtx,tichondrius,862,priest,discipline,18,9,9
Dweem,stormrage,862,priest,discipline,18,9,9
Irishna,moon-guard,862,priest,discipline,18,9,9
Redclover,tichondrius,862,priest,discipline,18,9,9
Nethong,illidan,862,priest,discipline,18,9,9
Drerrdaytv,kelthuzad,862,priest,discipline,18,9,9
Ppomx,tichondrius,862,priest,discipline,18,9,9
Fäÿë,tichondrius,862,priest,discipline,24,9,15
Ipanicshart,trollbane,861,priest,discipline,12,9,3
Drinkmymilk,hakkar,861,priest,discipline,12,9,3
Çøçø,tichondrius,861,priest,discipline,12,9,3
Cremexo,tichondrius,861,priest,discipline,16,9,7
Saladar,andorhal,861,priest,discipline,18,9,9
Adrameléch,area-52,861,priest,discipline,18,9,9
Synapse,moon-guard,861,priest,discipline,18,9,9
Vania,tortheldrin,861,priest,discipline,24,9,15
Byrez,kelthuzad,861,priest,discipline,24,9,15
Aègis,sargeras,860,priest,discipline,18,9,9
Holyjandda,garrosh,860,priest,discipline,24,9,15
Heler,ragnaros,860,priest,discipline,24,9,15
Rasputim,ragnaros,860,priest,discipline,30,9,21
Griggleslol,tichondrius,859,priest,discipline,12,9,3
Belamir,wyrmrest-accord,859,priest,discipline,18,9,9
Demonwizard,sargeras,859,priest,discipline,18,9,9
Mcfluffin,aggramar,859,priest,discipline,18,9,9
Gaîjîn,barthilas,859,priest,discipline,18,9,9
Drunkghoul,tichondrius,859,priest,discipline,18,9,9
Sharayu,madoran,859,priest,discipline,123,59,64
Benjïï,sargeras,859,priest,discipline,24,9,15
Younext,sargeras,859,priest,discipline,24,9,15
Rockdroid,illidan,859,priest,discipline,24,9,15
Selson,stormrage,859,priest,discipline,30,9,21
Notahero,tichondrius,858,priest,discipline,12,9,3
Jacktractive,area-52,858,priest,discipline,15,10,5
Cappoo,tichondrius,858,priest,discipline,18,9,9
Preachermang,laughing-skull,858,priest,discipline,18,9,9
Asatruu,stormrage,858,priest,discipline,24,9,15
Beetrap,wyrmrest-accord,858,priest,discipline,30,9,21
Bossay,icecrown,857,priest,discipline,12,9,3
Chowdä,kiljaeden,857,priest,discipline,18,9,9
Goblìnslayer,kelthuzad,857,priest,discipline,18,9,9
Rugaru,emerald-dream,857,priest,discipline,21,10,11
Ganndolf,kiljaeden,857,priest,discipline,24,9,15
Aquathicks,alexstrasza,857,priest,discipline,30,9,21
Rescueworker,kelthuzad,856,priest,discipline,24,11,13
Sipmemaster,tichondrius,856,priest,discipline,24,9,15
Caiitlynn,quelthalas,856,priest,discipline,24,9,15
Shroudhoof,barthilas,856,priest,discipline,24,9,15
Rustinheber,stormscale,855,priest,discipline,18,9,9
Chickenlight,bloodhoof,854,priest,discipline,12,9,3
Vynthorian,frostmourne,854,priest,discipline,18,9,9
Sunayriah,illidan,853,priest,discipline,12,9,3
Purplejello,sargeras,853,priest,discipline,28,12,16
Sukyl,ragnaros,852,priest,discipline,21,10,11
Uckuck,illidan,851,priest,discipline,18,9,9
Macoa,zuljin,851,priest,discipline,108,48,60
Barrist,wyrmrest-accord,850,priest,discipline,42,9,33
Naimillia,stormrage,848,priest,discipline,24,9,15
Averageheals,stormrage,848,priest,discipline,24,9,15
Alleviate,frostmourne,846,priest,discipline,23,9,14
Brahskeet,illidan,841,priest,discipline,30,9,21
Burielthy,frostmourne,839,priest,discipline,165,62,103
Darkblesxd,quelthalas,837,priest,discipline,12,9,3
Delithara,tichondrius,834,priest,discipline,20,10,10
Steezymaylon,tichondrius,834,priest,discipline,30,13,17
Thelonioüs,tichondrius,832,priest,discipline,55,20,35
Rockrock,zuljin,831,priest,discipline,14,11,3
Frankzappa,tichondrius,831,priest,discipline,26,11,15
Mêga,illidan,830,priest,discipline,26,10,16
Priestlaw,tichondrius,829,priest,discipline,22,10,12
Tjxx,zuljin,827,priest,discipline,43,14,29
Clubmoneth,sargeras,816,priest,discipline,15,10,5
Rankonebbc,the-underbog,815,priest,discipline,21,10,11
Rînnî,dalaran,815,priest,discipline,64,25,39
Asmyra,sargeras,814,priest,discipline,17,9,8
Arizztocrat,tichondrius,814,priest,discipline,23,9,14
Capriestsunn,turalyon,814,priest,discipline,23,9,14
Decokim,tichondrius,814,priest,discipline,27,9,18
Breathkeeper,proudmoore,810,priest,discipline,27,10,17
Crossblesser,alleria,809,priest,discipline,18,9,9
Ryukim,tichondrius,809,priest,discipline,26,12,14
Knucknuck,senjin,808,priest,discipline,34,10,24
Alterboy,garrosh,802,priest,discipline,54,21,33
Alathan,sargeras,792,priest,discipline,14,9,5
Thøt,malganis,788,priest,discipline,20,10,10
Tidepodzxo,moon-guard,783,priest,discipline,11,9,2
Fátima,tichondrius,783,priest,discipline,11,9,2
Butdidudied,sargeras,783,priest,discipline,17,9,8
Wingchick,azshara,781,priest,discipline,72,26,46
Penicillyn,stormrage,775,priest,discipline,20,9,11
Sinsofmany,tichondrius,768,priest,discipline,12,8,4
Yulx,area-52,768,priest,discipline,12,8,4
Slpox,sargeras,768,priest,discipline,12,8,4
Ñightelf,area-52,768,priest,discipline,12,8,4
Dubicle,kelthuzad,768,priest,discipline,12,8,4
Mingebag,bleeding-hollow,768,priest,discipline,12,8,4
Dimedaddy,tichondrius,768,priest,discipline,12,8,4
Notsquishy,tichondrius,768,priest,discipline,12,8,4
Mindboink,executus,768,priest,discipline,12,8,4
Zenelu,tichondrius,768,priest,discipline,12,8,4
Bambi,dunemaul,768,priest,discipline,12,8,4
Plosux,tichondrius,768,priest,discipline,12,8,4
Silentluna,tichondrius,768,priest,discipline,12,8,4
Spitonmejuli,illidan,768,priest,discipline,12,8,4
Bubbletrubbl,blackrock,768,priest,discipline,12,8,4
Lenabena,area-52,768,priest,discipline,12,8,4
Yansuanmu,tichondrius,768,priest,discipline,12,8,4
Criiltwo,area-52,768,priest,discipline,12,8,4
Twwety,thrall,768,priest,discipline,12,8,4
Smilebomb,tichondrius,768,priest,discipline,12,8,4
Myòvó,tichondrius,768,priest,discipline,12,8,4
Discipline,the-scryers,768,priest,discipline,12,8,4
Fzz,queldorei,768,priest,discipline,12,8,4
Angeldúst,the-forgotten-coast,768,priest,discipline,12,8,4
Heeka,kelthuzad,768,priest,discipline,12,8,4
Voltekkeh,tichondrius,768,priest,discipline,12,8,4
Sallydaddy,wyrmrest-accord,768,priest,discipline,12,8,4
Bananass,sargeras,768,priest,discipline,12,8,4
Zeepew,tichondrius,768,priest,discipline,12,8,4
Drewsies,anvilmar,768,priest,discipline,12,8,4
Skerrz,illidan,768,priest,discipline,12,8,4
Hallak,gorefiend,768,priest,discipline,12,8,4
Evèlyn,dathremar,768,priest,discipline,12,8,4
Káldorei,proudmoore,768,priest,discipline,12,8,4
Sip,sargeras,768,priest,discipline,12,8,4
Nurmagomedov,duskwood,768,priest,discipline,12,8,4
Slypooch,malganis,768,priest,discipline,12,8,4
Qohoo,tichondrius,768,priest,discipline,12,8,4
Actionable,area-52,768,priest,discipline,12,8,4
Sweethole,illidan,768,priest,discipline,12,8,4
Sìkarìa,illidan,768,priest,discipline,12,8,4
Goofs,moon-guard,768,priest,discipline,12,8,4
Karpfenlol,tichondrius,768,priest,discipline,18,8,10
Holysaxx,area-52,768,priest,discipline,18,8,10
Xtradotz,tichondrius,768,priest,discipline,18,8,10
Melielectra,tichondrius,768,priest,discipline,18,8,10
Mellisonant,stormrage,768,priest,discipline,18,8,10
Yannigirl,area-52,768,priest,discipline,18,8,10
Ifortalot,lothar,768,priest,discipline,18,8,10
Pearlhaps,darkspear,768,priest,discipline,18,8,10
Robinophelia,sargeras,768,priest,discipline,18,8,10
Beready,baelgun,768,priest,discipline,18,8,10
Tempname,thunderhorn,768,priest,discipline,18,8,10
Piffbadar,tichondrius,768,priest,discipline,18,8,10
Sotore,bleeding-hollow,768,priest,discipline,18,8,10
Dehf,bleeding-hollow,768,priest,discipline,18,8,10
Ellipsiz,area-52,768,priest,discipline,18,8,10
Immörtality,stormrage,768,priest,discipline,18,8,10
Jpgpng,tichondrius,768,priest,discipline,18,8,10
Cowboydanpri,malganis,768,priest,discipline,18,8,10
Divineecho,tichondrius,768,priest,discipline,18,8,10
Preyforme,tichondrius,768,priest,discipline,19,8,11
Manbelow,bleeding-hollow,768,priest,discipline,27,9,18
Repriest,malganis,768,priest,discipline,24,8,16
Ayani,khadgar,768,priest,discipline,24,8,16
Spøokz,stormreaver,768,priest,discipline,24,8,16
Hugeshield,stormrage,768,priest,discipline,24,8,16
Fréákk,ragnaros,768,priest,discipline,24,8,16
Minyeong,tichondrius,768,priest,discipline,24,8,16
Mavalie,zuljin,768,priest,discipline,24,8,16
Toxicpray,azralon,768,priest,discipline,24,8,16
Jinzp,area-52,768,priest,discipline,24,8,16
Orchidp,tichondrius,2361,priest,shadow,324,199,125
Kishoengi,sargeras,2359,priest,shadow,138,85,53
Luvkak,tichondrius,2335,priest,shadow,112,62,50
Bobbyvagene,area-52,2315,priest,shadow,182,103,79
Yeazy,stormrage,2296,priest,shadow,108,62,46
Jennaôrtega,tichondrius,2273,priest,shadow,126,77,49
Pboo,tichondrius,2253,priest,shadow,119,68,51
Techbadar,tichondrius,2242,priest,shadow,137,73,64
Edd,tichondrius,2239,priest,shadow,182,98,84
Disembly,illidan,2223,priest,shadow,87,50,37
Lillyp,malganis,2219,priest,shadow,90,48,42
Strwbrynaner,sargeras,2215,priest,shadow,222,118,104
Xmewo,sargeras,2212,priest,shadow,95,50,45
Claudiosip,tichondrius,2207,priest,shadow,173,100,73
Nozp,stormrage,2206,priest,shadow,84,45,39
Scandi,tichondrius,2202,priest,shadow,126,70,56
Alisasa,tichondrius,2199,priest,shadow,138,75,63
Yeona,tichondrius,2195,priest,shadow,101,60,41
Mearas,kelthuzad,2189,priest,shadow,88,52,36
Skzfangirl,moon-guard,2186,priest,shadow,138,81,57
Disemble,illidan,2186,priest,shadow,78,44,34
Envyion,sargeras,2185,priest,shadow,60,37,23
Healingstat,tichondrius,2183,priest,shadow,75,44,31
Pbxx,tichondrius,2174,priest,shadow,88,46,42
Oohhmágáá,azralon,2172,priest,shadow,90,63,27
Targora,lightninghoof,2168,priest,shadow,246,133,113
Criminalsp,frostmourne,2165,priest,shadow,101,55,46
Healingstats,tichondrius,2165,priest,shadow,89,47,42
Zçythe,tichondrius,2158,priest,shadow,84,51,33
Pèrona,tichondrius,2154,priest,shadow,60,34,26
Xqz,zuljin,2150,priest,shadow,68,50,18
Fxxkdamn,tichondrius,2146,priest,shadow,71,47,24
Louloudots,malganis,2141,priest,shadow,178,98,80
Eunu,tichondrius,2140,priest,shadow,296,151,145
Heheheg,tichondrius,2136,priest,shadow,249,129,120
Remixsp,malganis,2135,priest,shadow,78,43,35
Keygodx,illidan,2132,priest,shadow,78,46,32
Whysoserious,duskwood,2131,priest,shadow,75,46,29
Xiaozhui,tichondrius,2131,priest,shadow,135,73,62
Moraver,kelthuzad,2131,priest,shadow,86,44,42
Welplayedman,emerald-dream,2130,priest,shadow,88,53,35
Ousïa,quelthalas,2129,priest,shadow,285,146,139
Eradication,frostmourne,2128,priest,shadow,123,75,48
Zyrith,sargeras,2126,priest,shadow,149,77,72
Sècret,tichondrius,2125,priest,shadow,94,48,46
Urelz,illidan,2123,priest,shadow,77,50,27
Ivn,tichondrius,2120,priest,shadow,184,102,82
Apbrady,sargeras,2120,priest,shadow,229,116,113
Ejr,altar-of-storms,2119,priest,shadow,187,91,96
Palumorp,deathwing,2118,priest,shadow,90,57,33
Darkvagician,malganis,2116,priest,shadow,71,41,30
Dyrr,barthilas,2116,priest,shadow,383,196,187
Holydose,moon-guard,2116,priest,shadow,210,106,104
Omenx,emerald-dream,2115,priest,shadow,162,85,77
Rileyreidx,ragnaros,2114,priest,shadow,86,55,31
Metricdotem,terenas,2114,priest,shadow,78,47,31
Studiosxz,tichondrius,2114,priest,shadow,102,56,46
Stinkiez,area-52,2114,priest,shadow,438,232,206
Dream,tichondrius,2113,priest,shadow,204,102,102
Nekroscream,queldorei,2111,priest,shadow,151,83,68
Amyyds,illidan,2110,priest,shadow,184,112,72
Kottun,stormrage,2110,priest,shadow,66,38,28
Jomm,area-52,2107,priest,shadow,288,157,131
Pdfileclass,tichondrius,2106,priest,shadow,72,47,25
Secrèt,tichondrius,2105,priest,shadow,138,77,61
Lìám,frostmourne,2105,priest,shadow,211,114,97
Bayter,frostmourne,2105,priest,shadow,181,97,84
Geovanni,barthilas,2105,priest,shadow,107,54,53
Wetleaftx,chogall,2101,priest,shadow,66,45,21
Zlipz,frostmourne,2099,priest,shadow,78,47,31
Gâdzêd,kelthuzad,2096,priest,shadow,122,70,52
Babyh,tichondrius,2088,priest,shadow,95,53,42
Yenïza,illidan,2072,priest,shadow,214,112,102
Vtp,frostmourne,2069,priest,shadow,138,78,60
Puppyboyx,moon-guard,2069,priest,shadow,122,67,55
Kiriko,mannoroth,2063,priest,shadow,172,95,77
Talbadar,tichondrius,2060,priest,shadow,149,85,64
Taylorsp,tichondrius,2059,priest,shadow,146,84,62
Spamndam,tichondrius,2058,priest,shadow,93,52,41
Shibuu,moon-guard,2053,priest,shadow,88,50,38
Delasoul,malganis,2050,priest,shadow,129,76,53
Yoggsarodney,tichondrius,2044,priest,shadow,55,37,18
Cheesëburg,illidan,2041,priest,shadow,66,36,30
Notlowboy,area-52,2037,priest,shadow,78,50,28
Bibleblak,stormrage,2037,priest,shadow,167,94,73
Expr,area-52,2032,priest,shadow,162,87,75
Sin,guldan,2027,priest,shadow,431,227,204
Maskali,tichondrius,2025,priest,shadow,394,194,200
Mamísonga,ragnaros,2023,priest,shadow,107,53,54
Keliarc,sargeras,2019,priest,shadow,150,84,66
Séxgodx,tichondrius,2018,priest,shadow,48,26,22
Erebusz,tichondrius,2017,priest,shadow,272,140,132
Hadoka,ragnaros,2013,priest,shadow,94,55,39
Shortwombat,korgath,2011,priest,shadow,108,58,50
Johai,uldum,2010,priest,shadow,309,171,138
Vamp,proudmoore,2006,priest,shadow,111,70,41
Laundryday,korgath,2005,priest,shadow,162,82,80
Blackoss,sargeras,2002,priest,shadow,273,141,132
Inflate,frostmourne,2000,priest,shadow,144,84,60
Greaterfade,stormrage,2000,priest,shadow,66,37,29
Knowknow,tichondrius,2000,priest,shadow,192,98,94
Pengwinxl,agamaggan,1997,priest,shadow,78,43,35
Metasp,sargeras,1996,priest,shadow,96,51,45
Netheerix,tichondrius,1996,priest,shadow,87,44,43
Pinguisursi,kelthuzad,1995,priest,shadow,72,49,23
Royx,stormreaver,1994,priest,shadow,113,59,54
Swswswswswsw,stormrage,1990,priest,shadow,125,75,50
Esppx,barthilas,1982,priest,shadow,95,54,41
Gromkekz,area-52,1982,priest,shadow,131,67,64
Jugeumx,proudmoore,1979,priest,shadow,80,44,36
Kuraga,bleeding-hollow,1979,priest,shadow,583,305,278
Atarri,illidan,1977,priest,shadow,72,42,30
Viyana,stormrage,1977,priest,shadow,204,104,100
Niark,frostmourne,1976,priest,shadow,106,54,52
Fnllen,blackrock,1975,priest,shadow,72,39,33
Arobahn,tichondrius,1972,priest,shadow,184,95,89
Shadowkenlol,tichondrius,1969,priest,shadow,107,59,48
Missyoung,tichondrius,1968,priest,shadow,79,47,32
Zlips,frostmourne,1967,priest,shadow,122,58,64
Catmasters,area-52,1965,priest,shadow,144,88,56
Chazzwizz,area-52,1965,priest,shadow,60,34,26
Sapoopettas,quelthalas,1965,priest,shadow,66,34,32
Asmødeus,bleeding-hollow,1957,priest,shadow,125,68,57
Kattallyst,tichondrius,1957,priest,shadow,113,61,52
Ombravuota,blades-edge,1955,priest,shadow,426,214,212
Ptam,tichondrius,1953,priest,shadow,95,52,43
Psyfiend,alterac-mountains,1946,priest,shadow,123,67,56
Zhiwanam,tichondrius,1945,priest,shadow,107,63,44
Powerwordhim,malganis,1944,priest,shadow,30,21,9
Impur,zuljin,1944,priest,shadow,65,33,32
Helmsman,tichondrius,1940,priest,shadow,224,117,107
Marfas,illidan,1940,priest,shadow,140,69,71
Jags,area-52,1939,priest,shadow,155,81,74
Verbane,frostmourne,1938,priest,shadow,60,29,31
Yberisa,zuljin,1936,priest,shadow,155,81,74
Inmotion,tichondrius,1934,priest,shadow,48,27,21
Cozies,stormreaver,1932,priest,shadow,238,122,116
Fatherfeet,tichondrius,1931,priest,shadow,115,64,51
Voidkay,tichondrius,1929,priest,shadow,78,52,26
Qreckful,proudmoore,1928,priest,shadow,124,72,52
Jah,frostmourne,1928,priest,shadow,60,34,26
Headbrake,malganis,1927,priest,shadow,68,37,31
Katallyst,tichondrius,1926,priest,shadow,77,36,41
Pikeysplol,illidan,1925,priest,shadow,103,65,38
Brokenspc,tichondrius,1925,priest,shadow,231,126,105
Nutdrip,tichondrius,1924,priest,shadow,53,31,22
Zeromisx,proudmoore,1924,priest,shadow,58,28,30
Brwnricetuna,frostmourne,1922,priest,shadow,63,33,30
Comana,frostmourne,1918,priest,shadow,42,31,11
Stresscube,tichondrius,1915,priest,shadow,46,28,18
Jthreetx,kelthuzad,1915,priest,shadow,70,39,31
Míslead,kelthuzad,1914,priest,shadow,61,41,20
Maìden,sargeras,1913,priest,shadow,186,95,91
Drupith,dalaran,1912,priest,shadow,132,65,67
Katarot,area-52,1911,priest,shadow,63,37,26
Ilovevivien,spirestone,1911,priest,shadow,54,30,24
Goseikae,tichondrius,1911,priest,shadow,240,131,109
Bubbyflay,area-52,1910,priest,shadow,71,43,28
Ensanity,stormrage,1908,priest,shadow,149,76,73
Itkev,area-52,1907,priest,shadow,41,31,10
Årann,azralon,1907,priest,shadow,48,33,15
Çræmgøtsøçkd,blackrock,1906,priest,shadow,42,27,15
Wizkxjwap,tichondrius,1906,priest,shadow,42,26,16
Vtplz,bleeding-hollow,1906,priest,shadow,101,51,50
Aro,tichondrius,1906,priest,shadow,96,48,48
Sodíum,wyrmrest-accord,1906,priest,shadow,137,68,69
Plantmom,tichondrius,1905,priest,shadow,36,23,13
Ayumihamaski,tichondrius,1904,priest,shadow,63,44,19
Yayonaise,tichondrius,1903,priest,shadow,84,48,36
Tomcruisé,zuljin,1902,priest,shadow,66,37,29
Nktxc,tichondrius,1900,priest,shadow,108,67,41
Psyphi,duskwood,1899,priest,shadow,102,51,51
Iniquitatem,tichondrius,1897,priest,shadow,24,20,4
Blax,stormscale,1897,priest,shadow,132,67,65
Soapee,illidan,1896,priest,shadow,227,114,113
Sênju,thrall,1894,priest,shadow,89,47,42
Deuz,quelthalas,1891,priest,shadow,267,140,127
Felrynpr,malganis,1889,priest,shadow,53,32,21
Nucypher,illidan,1888,priest,shadow,93,53,40
Invincible,ragnaros,1888,priest,shadow,132,74,58
Lebronjâmes,tichondrius,1886,priest,shadow,54,33,21
Xdipi,proudmoore,1886,priest,shadow,62,35,27
Auttø,area-52,1885,priest,shadow,51,29,22
Nerfmehard,tichondrius,1884,priest,shadow,102,69,33
Hástür,quelthalas,1882,priest,shadow,169,94,75
Kaidow,wyrmrest-accord,1881,priest,shadow,88,50,38
Mindblastx,kelthuzad,1880,priest,shadow,63,35,28
Voidgodtko,tichondrius,1880,priest,shadow,54,29,25
Plaguesus,dalaran,1879,priest,shadow,82,45,37
Decadencex,sargeras,1878,priest,shadow,42,28,14
Bearoom,frostmourne,1877,priest,shadow,78,47,31
Stunsilence,sargeras,1877,priest,shadow,48,25,23
Plushys,emerald-dream,1874,priest,shadow,138,85,53
Sleepynuj,stormrage,1873,priest,shadow,136,80,56
Soar,ravencrest,1872,priest,shadow,47,26,21
Xtradotz,tichondrius,1870,priest,shadow,48,31,17
Drmuhammad,sargeras,1870,priest,shadow,46,28,18
Jydge,tichondrius,1870,priest,shadow,51,28,23
Griffsp,sargeras,1870,priest,shadow,221,111,110
Øvøxø,emerald-dream,1870,priest,shadow,62,30,32
Potatopriest,stormrage,1869,priest,shadow,48,36,12
Cmg,sargeras,1869,priest,shadow,60,31,29
Dí,illidan,1868,priest,shadow,96,54,42
Blindingstar,area-52,1867,priest,shadow,53,33,20
Ssupasonic,tichondrius,1866,priest,shadow,117,70,47
Ayniah,tichondrius,1866,priest,shadow,70,35,35
Matchacat,tichondrius,1864,priest,shadow,54,33,21
Xayp,kelthuzad,1863,priest,shadow,101,73,28
Theophobe,illidan,1862,priest,shadow,42,32,10
Ellindria,spinebreaker,1862,priest,shadow,165,93,72
Celypriest,moon-guard,1861,priest,shadow,36,28,8
Slpox,sargeras,1861,priest,shadow,36,20,16
Derisha,ragnaros,1860,priest,shadow,226,121,105
Christmasgal,uldum,1859,priest,shadow,30,27,3
Teddysedai,tichondrius,1859,priest,shadow,54,35,19
Doma,malganis,1858,priest,shadow,47,29,18
Jinks,ragnaros,1856,priest,shadow,180,100,80
Fungame,malganis,1855,priest,shadow,50,35,15
Ericzssp,tichondrius,1854,priest,shadow,63,36,27
Xaneo,kelthuzad,1853,priest,shadow,65,38,27
Dilonpi,area-52,1852,priest,shadow,102,67,35
Couldntbeme,sargeras,1852,priest,shadow,54,31,23
Jâmïè,gurubashi,1851,priest,shadow,30,23,7
Echoos,proudmoore,1849,priest,shadow,42,28,14
Nevertelsp,malganis,1848,priest,shadow,140,89,51
Griffsp,stormrage,1848,priest,shadow,189,103,86
Nhela,kelthuzad,1848,priest,shadow,66,33,33
Rizzle,emerald-dream,1847,priest,shadow,117,72,45
Yoggismydad,emerald-dream,1847,priest,shadow,48,29,19
Nobutter,archimonde,1847,priest,shadow,112,64,48
Wafflezsp,frostmourne,1847,priest,shadow,120,62,58
Rakÿna,nemesis,1846,priest,shadow,88,57,31
Quartzolio,azralon,1846,priest,shadow,75,47,28
Peggable,moon-guard,1846,priest,shadow,77,42,35
Kydraah,ragnaros,1846,priest,shadow,107,55,52
Xhadow,sargeras,1846,priest,shadow,144,74,70
Laokele,tichondrius,1844,priest,shadow,75,46,29
Resonator,laughing-skull,1844,priest,shadow,52,24,28
Lawfiend,illidan,1843,priest,shadow,140,76,64
Dildocrates,darkspear,1842,priest,shadow,72,40,32
Mimósa,quelthalas,1842,priest,shadow,216,119,97
Didy,dark-iron,1841,priest,shadow,47,28,19
Tidals,sargeras,1838,priest,shadow,72,44,28
Mindslips,tichondrius,1838,priest,shadow,354,188,166
Pnub,aggramar,1838,priest,shadow,65,34,31
Dialis,frostmourne,1837,priest,shadow,72,37,35
Kfcpriest,barthilas,1836,priest,shadow,72,35,37
Sinning,kelthuzad,1835,priest,shadow,60,40,20
Stankychimpo,malganis,1834,priest,shadow,54,32,22
Silkyx,tichondrius,1834,priest,shadow,69,38,31
Furbog,area-52,1833,priest,shadow,42,31,11
Ulqüiorra,azralon,1833,priest,shadow,72,47,25
Mindgoblin,terokkar,1833,priest,shadow,108,55,53
Bhadbhaabie,lethon,1832,priest,shadow,70,44,26
Jeseck,quelthalas,1832,priest,shadow,169,89,80
Priestpogger,tichondrius,1831,priest,shadow,48,31,17
Yb,kelthuzad,1831,priest,shadow,94,51,43
Remedio,emerald-dream,1830,priest,shadow,33,21,12
Cøtt,emerald-dream,1829,priest,shadow,48,30,18
Ysuran,moon-guard,1829,priest,shadow,290,156,134
Soulrulerx,tichondrius,1829,priest,shadow,54,24,30
Mepisth,azralon,1828,priest,shadow,84,55,29
Kalantris,ragnaros,1828,priest,shadow,64,41,23
Throwshade,moon-guard,1828,priest,shadow,89,56,33
Powerwordwap,malganis,1828,priest,shadow,42,23,19
Gìdem,aggramar,1827,priest,shadow,87,52,35
Lucsor,malganis,1827,priest,shadow,216,118,98
Darkestzell,azralon,1827,priest,shadow,77,40,37
Tënëbrë,nemesis,1826,priest,shadow,164,99,65
Ventusp,azralon,1826,priest,shadow,105,61,44
Voiders,area-52,1826,priest,shadow,288,164,124
What,drakthul,1825,priest,shadow,54,35,19
Voidazepam,zuljin,1825,priest,shadow,132,78,54
Brokentrojan,moon-guard,1825,priest,shadow,66,32,34
Silero,dalaran,1824,priest,shadow,116,76,40
Cheetos,draenor,1824,priest,shadow,60,38,22
Jammeslight,quelthalas,1824,priest,shadow,133,80,53
Idiotgarbage,moon-guard,1824,priest,shadow,48,26,22
Shadowforsho,sargeras,1824,priest,shadow,106,53,53
Hÿperion,quelthalas,1823,priest,shadow,60,38,22
Insanity,azuremyst,1823,priest,shadow,137,77,60
Livity,malganis,1822,priest,shadow,54,30,24
Voidcult,area-52,1822,priest,shadow,66,36,30
Snòzberry,illidan,1822,priest,shadow,66,36,30
Evelën,azralon,1822,priest,shadow,78,42,36
Jojotwo,illidan,1822,priest,shadow,114,59,55
Samsypriest,frostmourne,1821,priest,shadow,64,38,26
Bumbleedot,azralon,1821,priest,shadow,54,31,23
Ðemi,zuljin,1821,priest,shadow,183,99,84
Abnormality,trollbane,1820,priest,shadow,116,77,39
Thenamesnorm,tichondrius,1819,priest,shadow,95,61,34
Krytical,illidan,1819,priest,shadow,226,131,95
Vil,lightnings-blade,1819,priest,shadow,90,50,40
Wâtermelon,stormrage,1818,priest,shadow,29,20,9
Akuvurá,nemesis,1818,priest,shadow,226,126,100
Eridan,moon-guard,1818,priest,shadow,118,63,55
Ukishizumi,tichondrius,1817,priest,shadow,37,24,13
Kovie,twisting-nether,1817,priest,shadow,212,124,88
Moralism,moon-guard,1817,priest,shadow,259,150,109
Disxlyec,barthilas,1817,priest,shadow,142,79,63
Mcbot,illidan,1816,priest,shadow,36,27,9
Stungods,frostmourne,1816,priest,shadow,34,23,11
Dots,tichondrius,1816,priest,shadow,53,33,20
Minðgãmès,illidan,1816,priest,shadow,63,39,24
Keser,kelthuzad,1816,priest,shadow,70,39,31
Discipline,chogall,1816,priest,shadow,48,26,22
Hollister,illidan,1816,priest,shadow,246,132,114
Havocshadows,deathwing,1815,priest,shadow,94,58,36
Blissily,sargeras,1814,priest,shadow,75,47,28
Irasponsible,stormrage,1814,priest,shadow,42,23,19
Holytalk,tichondrius,1814,priest,shadow,60,30,30
Milan,dalaran,1813,priest,shadow,99,61,38
Nawzyh,emerald-dream,1813,priest,shadow,48,26,22
Melonsoda,stormrage,1813,priest,shadow,48,26,22
Invain,executus,1812,priest,shadow,30,24,6
Shadelink,tichondrius,1812,priest,shadow,74,42,32
Lolshadow,amanthul,1812,priest,shadow,257,136,121
Bagjoe,illidan,1812,priest,shadow,240,125,115
Snoog,tichondrius,1812,priest,shadow,78,39,39
Rmpmeeper,kilrogg,1811,priest,shadow,30,26,4
Iamjakehill,area-52,1811,priest,shadow,66,41,25
Mockr,kiljaeden,1811,priest,shadow,185,104,81
Xannè,tichondrius,1811,priest,shadow,60,30,30
Relapse,emerald-dream,1810,priest,shadow,36,25,11
Daemoon,deathwing,1810,priest,shadow,108,65,43
Llamabush,malganis,1809,priest,shadow,39,26,13
Doublesix,malganis,1809,priest,shadow,72,43,29
Álvarez,tichondrius,1809,priest,shadow,145,77,68
Krelaeren,tichondrius,1809,priest,shadow,65,33,32
Cixelpvp,area-52,1809,priest,shadow,54,26,28
Nuggs,mannoroth,1808,priest,shadow,63,36,27
Pootzy,malganis,1808,priest,shadow,56,30,26
Creapture,zuluhed,1808,priest,shadow,48,25,23
Swurvexo,bleeding-hollow,1808,priest,shadow,83,41,42
Arthrix,sargeras,1807,priest,shadow,72,46,26
Uploading,moon-guard,1807,priest,shadow,77,47,30
Huamao,tichondrius,1807,priest,shadow,66,39,27
Hurtfeet,sargeras,1807,priest,shadow,164,88,76
Avraf,sargeras,1807,priest,shadow,72,36,36
Ericxd,area-52,1807,priest,shadow,77,38,39
Edai,malganis,1806,priest,shadow,229,124,105
Pettypriest,dalaran,1806,priest,shadow,236,127,109
Tidbitsy,malganis,1806,priest,shadow,175,87,88
Dispel,agamaggan,1805,priest,shadow,32,24,8
Ghostz,alleria,1805,priest,shadow,60,39,21
Kurindrize,illidan,1805,priest,shadow,60,37,23
Flaytonmanin,korgath,1805,priest,shadow,57,34,23
Garpd,tichondrius,1805,priest,shadow,162,86,76
Mentalprison,khazgoroth,1805,priest,shadow,42,22,20
Madcaddies,bonechewer,1805,priest,shadow,138,72,66
Dispèrsion,darkspear,1805,priest,shadow,111,57,54
Brickzyhehe,dalaran,1805,priest,shadow,113,58,55
Niurouchuan,tichondrius,1805,priest,shadow,74,36,38
Naosoupriest,azralon,1804,priest,shadow,53,40,13
Luzira,stormrage,1804,priest,shadow,60,39,21
Manofmystery,dalaran,1804,priest,shadow,48,28,20
Panndaz,tichondrius,1803,priest,shadow,30,19,11
Bearzugzug,frostmourne,1803,priest,shadow,48,29,19
Voidork,tichondrius,1803,priest,shadow,131,79,52
Antorieth,area-52,1803,priest,shadow,60,33,27
Euthanasìa,deathwing,1803,priest,shadow,70,31,39
Tinypeen,tichondrius,1802,priest,shadow,36,25,11
Korrà,turalyon,1802,priest,shadow,30,19,11
Carbsauce,tichondrius,1802,priest,shadow,102,57,45
Nevermôre,area-52,1801,priest,shadow,120,75,45
Meehx,illidan,1801,priest,shadow,114,68,46
Snookp,kiljaeden,1801,priest,shadow,311,160,151
Phubar,stormreaver,1801,priest,shadow,90,39,51
Eclipsë,malganis,1800,priest,shadow,24,19,5
Sheiizy,azralon,1800,priest,shadow,90,52,38
Gusho,frostmourne,1800,priest,shadow,268,142,126
Bearuwu,frostmourne,1800,priest,shadow,66,34,32
Kemsety,azralon,1798,priest,shadow,30,19,11
Cymin,dalaran,1798,priest,shadow,73,39,34
Yurz,frostmourne,1796,priest,shadow,57,35,22
Dreaminz,tichondrius,1792,priest,shadow,89,54,35
Flamédøtz,ragnaros,1792,priest,shadow,60,33,27
Scalpell,tichondrius,1792,priest,shadow,305,163,142
Himikko,illidan,1792,priest,shadow,70,35,35
Icychain,area-52,1791,priest,shadow,30,19,11
Saintpleb,sargeras,1790,priest,shadow,158,97,61
Jmanhealz,stormrage,1789,priest,shadow,69,40,29
Giriosp,thrall,1789,priest,shadow,73,41,32
Boxcombo,kelthuzad,1789,priest,shadow,54,28,26
Cathery,tichondrius,1789,priest,shadow,84,39,45
Ykp,sargeras,1785,priest,shadow,53,28,25
Zanthix,tichondrius,1781,priest,shadow,60,28,32
Mythsnake,ragnaros,1780,priest,shadow,120,61,59
Nutdrip,kelthuzad,1778,priest,shadow,36,27,9
Afromon,suramar,1777,priest,shadow,108,64,44
Esteedees,bonechewer,1777,priest,shadow,173,91,82
Swaggylee,tichondrius,1777,priest,shadow,75,38,37
Plztrainme,spinebreaker,1776,priest,shadow,124,65,59
Exoticfather,stormrage,1775,priest,shadow,96,47,49
Haruspex,azralon,1773,priest,shadow,54,27,27
Partypriest,tichondrius,1772,priest,shadow,136,76,60
Bornagain,gundrak,1772,priest,shadow,152,73,79
Likesshadows,tichondrius,1770,priest,shadow,318,180,138
Ussmissouri,area-52,1770,priest,shadow,456,233,223
Lightforfill,vashj,1765,priest,shadow,60,41,19
Jangbi,tichondrius,1761,priest,shadow,36,20,16
Keicel,zuljin,1761,priest,shadow,42,22,20
Hriest,tichondrius,1758,priest,shadow,114,64,50
Axelrod,tichondrius,1758,priest,shadow,66,37,29
Vøyd,tichondrius,1756,priest,shadow,90,53,37
Shadowblastx,sargeras,1755,priest,shadow,68,41,27
Orgasmiq,frostmourne,1755,priest,shadow,84,45,39
Eklunð,proudmoore,1754,priest,shadow,53,28,25
Mindburn,nemesis,1753,priest,shadow,226,109,117
Lauretânia,nemesis,1752,priest,shadow,150,77,73
Dernièreplac,blackrock,1750,priest,shadow,39,23,16
Almycn,tichondrius,1750,priest,shadow,62,32,30
Yuhstin,sargeras,1749,priest,shadow,78,43,35
Kellsyo,hyjal,1748,priest,shadow,42,32,10
Bumps,zuljin,1748,priest,shadow,94,50,44
Vashrapani,stormrage,1748,priest,shadow,381,199,182
Dumpesitwo,frostmourne,1745,priest,shadow,60,30,30
Impérial,stormrage,1744,priest,shadow,179,107,72
Bubbzy,daggerspine,1743,priest,shadow,114,63,51
Krovnp,stormrage,1742,priest,shadow,60,34,26
Brothofnzoth,emerald-dream,1741,priest,shadow,145,80,65
Soyul,tichondrius,1740,priest,shadow,209,109,100
Saevita,area-52,1740,priest,shadow,114,58,56
Healiûm,bleeding-hollow,1739,priest,shadow,42,24,18
Osmatspriest,firetree,1738,priest,shadow,53,27,26
Emopriestqt,tichondrius,1737,priest,shadow,144,79,65
Sfr,frostmourne,1737,priest,shadow,42,22,20
Iceveins,illidan,1736,priest,shadow,46,27,19
Shadylotion,stormrage,1736,priest,shadow,54,31,23
Evenly,tichondrius,1736,priest,shadow,169,92,77
Sochron,stormrage,1736,priest,shadow,200,105,95
Tamajka,the-forgotten-coast,1736,priest,shadow,135,66,69
Seedisc,kelthuzad,1734,priest,shadow,111,67,44
Ticklefingrs,malganis,1734,priest,shadow,60,35,25
Clownface,tichondrius,1734,priest,shadow,48,28,20
Plenipotent,moon-guard,1733,priest,shadow,92,50,42
Raptorjésus,azjolnerub,1732,priest,shadow,48,26,22
Messiahp,illidan,1730,priest,shadow,59,28,31
Yåmi,arthas,1729,priest,shadow,42,28,14
Aristedes,thrall,1729,priest,shadow,35,20,15
Abc,spirestone,1726,priest,shadow,24,18,6
Shelize,kirin-tor,1726,priest,shadow,538,271,267
Dxsc,tichondrius,1725,priest,shadow,78,44,34
Despairx,tichondrius,1723,priest,shadow,54,31,23
Keepitlegal,sargeras,1723,priest,shadow,54,29,25
Alykus,emerald-dream,1719,priest,shadow,94,50,44
Murkqz,stormrage,1718,priest,shadow,84,48,36
Perfectz,stormrage,1716,priest,shadow,42,24,18
Pesca,proudmoore,1716,priest,shadow,105,54,51
Xucxdamn,tichondrius,1714,priest,shadow,42,24,18
Altera,drakkari,1712,priest,shadow,24,18,6
Chewthefat,darkspear,1712,priest,shadow,41,19,22
Faedyspriest,sargeras,1711,priest,shadow,101,57,44
Mellow,tichondrius,1711,priest,shadow,154,84,70
Notjo,sargeras,1710,priest,shadow,49,31,18
Nottonightqt,barthilas,1710,priest,shadow,126,70,56
Skgangmm,tichondrius,1709,priest,shadow,97,55,42
Nishishabi,tichondrius,1707,priest,shadow,48,24,24
Thaumaturgy,chogall,1706,priest,shadow,48,25,23
Saintjudys,tichondrius,1705,priest,shadow,67,38,29
Machinecoach,stormrage,1705,priest,shadow,52,27,25
Zlowbly,ragnaros,1705,priest,shadow,183,95,88
Cavaliersr,ragnaros,1703,priest,shadow,109,63,46
Jessticalz,frostmourne,1703,priest,shadow,48,24,24
Shadolord,illidan,1703,priest,shadow,197,98,99
Shwayp,zuljin,1702,priest,shadow,36,22,14
Moonideli,moon-guard,1702,priest,shadow,49,29,20
Twoboo,bleeding-hollow,1701,priest,shadow,72,40,32
Delbringer,moon-guard,1700,priest,shadow,185,102,83
Heihunüwang,kargath,1700,priest,shadow,74,40,34
Posest,darkspear,1699,priest,shadow,55,31,24
Dischaffy,shadowmoon,1697,priest,shadow,120,75,45
Palmerin,ravencrest,1697,priest,shadow,102,53,49
Brownie,blackrock,1697,priest,shadow,89,46,43
Mankbadar,tichondrius,1697,priest,shadow,219,111,108
Moojoke,zuljin,1696,priest,shadow,81,50,31
Badbwoi,frostmourne,1696,priest,shadow,61,29,32
Suirr,tichondrius,1695,priest,shadow,69,46,23
Shadork,area-52,1695,priest,shadow,70,45,25
Voltétt,tichondrius,1695,priest,shadow,102,56,46
Nvøsuperstar,zuljin,1695,priest,shadow,78,40,38
Jahz,zuljin,1693,priest,shadow,24,18,6
Nightelffeet,stormrage,1693,priest,shadow,48,27,21
Fireballingg,tichondrius,1692,priest,shadow,42,25,17
Drohung,sargeras,1692,priest,shadow,60,32,28
Void,darkspear,1692,priest,shadow,90,46,44
Arion,wyrmrest-accord,1689,priest,shadow,54,35,19
Kadralin,illidan,1685,priest,shadow,114,66,48
Scroad,kiljaeden,1684,priest,shadow,125,68,57
Manic,skywall,1683,priest,shadow,239,127,112
Xammys,malganis,1678,priest,shadow,160,95,65
Giveheadpats,moon-guard,1678,priest,shadow,234,127,107
Marantbourge,frostmourne,1677,priest,shadow,120,72,48
Efxsp,sargeras,1677,priest,shadow,54,28,26
Woodney,ragnaros,1676,priest,shadow,30,19,11
Mitogen,malganis,1676,priest,shadow,30,18,12
Littlewench,sargeras,1676,priest,shadow,86,49,37
Crayon,stormrage,1676,priest,shadow,48,25,23
Mumsmilk,sargeras,1675,priest,shadow,38,23,15
Girthed,bloodscalp,1675,priest,shadow,104,54,50
Cånnibäl,tichondrius,1674,priest,shadow,30,20,10
Mitamá,area-52,1674,priest,shadow,66,38,28
Pottime,tichondrius,1674,priest,shadow,96,55,41
Slasheal,caelestrasz,1674,priest,shadow,130,67,63
Ðantex,thrall,1674,priest,shadow,311,159,152
Omygawd,tichondrius,1673,priest,shadow,54,29,25
Evx,demon-soul,1673,priest,shadow,96,50,46
Mòrbídìtý,area-52,1673,priest,shadow,72,33,39
Dioscura,malganis,1672,priest,shadow,50,30,20
Antìdote,tichondrius,1672,priest,shadow,270,147,123
Csonka,stormrage,1672,priest,shadow,105,55,50
Dirtyysanta,tichondrius,1671,priest,shadow,40,24,16
Umbrah,veknilash,1671,priest,shadow,81,41,40
Aspéct,aegwynn,1670,priest,shadow,36,21,15
Whitemagic,frostmourne,1670,priest,shadow,137,78,59
Shádôws,blackhand,1669,priest,shadow,54,28,26
Givenchy,arygos,1668,priest,shadow,163,85,78
Desaros,tichondrius,1668,priest,shadow,102,52,50
Cxrsed,illidan,1667,priest,shadow,48,27,21
Fouroneo,tichondrius,1666,priest,shadow,42,25,17
Jhené,malganis,1666,priest,shadow,54,30,24
Holyren,sargeras,1666,priest,shadow,344,178,166
Aqurielen,turalyon,1665,priest,shadow,139,80,59
Boogiê,illidan,1663,priest,shadow,203,111,92
Salvate,tichondrius,1663,priest,shadow,48,26,22
Grimdox,tichondrius,1662,priest,shadow,66,46,20
Fancycorpse,tichondrius,1662,priest,shadow,78,37,41
Alucardibee,turalyon,1661,priest,shadow,110,55,55
Võid,tichondrius,1661,priest,shadow,41,18,23
Gineska,tichondrius,1660,priest,shadow,42,27,15
Zachlol,area-52,1658,priest,shadow,66,36,30
Chillypriest,azjolnerub,1657,priest,shadow,48,29,19
Luciellis,sargeras,1657,priest,shadow,51,29,22
Deadsp,thrall,1657,priest,shadow,115,58,57
Mscleo,lothar,1657,priest,shadow,535,263,272
Ümbra,frostmourne,1656,priest,shadow,30,20,10
Shadowkr,tichondrius,1656,priest,shadow,42,26,16
Twistèr,zuljin,1655,priest,shadow,30,20,10
Volkova,quelthalas,1655,priest,shadow,48,31,17
Ayooblitz,guldan,1655,priest,shadow,62,38,24
Cyanovoid,thrall,1654,priest,shadow,71,39,32
Darkenside,moon-guard,1654,priest,shadow,87,46,41
Soný,stormrage,1654,priest,shadow,81,42,39
Shadhoee,sargeras,1654,priest,shadow,78,35,43
Ilovealina,gorefiend,1653,priest,shadow,30,21,9
Evoldj,tichondrius,1652,priest,shadow,29,22,7
Mudkrab,gundrak,1652,priest,shadow,30,20,10
Mindfulness,tichondrius,1652,priest,shadow,29,18,11
Djcyrus,barthilas,1652,priest,shadow,54,28,26
Shalla,blackrock,1652,priest,shadow,138,71,67
Vaporachi,emerald-dream,1650,priest,shadow,42,28,14
Stivche,frostmourne,1650,priest,shadow,62,37,25
Dovoso,kargath,1650,priest,shadow,54,30,24
Salanzosp,bleeding-hollow,1650,priest,shadow,36,20,16
Alyndral,illidan,1650,priest,shadow,96,50,46
Holyxb,bleeding-hollow,1650,priest,shadow,454,233,221
Skrillô,emerald-dream,1650,priest,shadow,53,27,26
Jeffgordo,tichondrius,1649,priest,shadow,92,56,36
Dillydackx,sargeras,1649,priest,shadow,120,67,53
Caricius,ravenholdt,1649,priest,shadow,36,20,16
Tsmc,moon-guard,1648,priest,shadow,138,71,67
Docbek,illidan,1647,priest,shadow,44,28,16
Snuffp,sargeras,1647,priest,shadow,137,85,52
Griddly,alterac-mountains,1646,priest,shadow,72,41,31
Solstunn,moon-guard,1646,priest,shadow,54,28,26
Voiddookiex,area-52,1645,priest,shadow,34,21,13
Painful,malganis,1645,priest,shadow,62,36,26
Crazyherb,azralon,1644,priest,shadow,173,95,78
Slottie,malganis,1644,priest,shadow,84,46,38
Deiz,tichondrius,1644,priest,shadow,95,51,44
Sigx,area-52,1643,priest,shadow,30,21,9
Gaymalenurse,sargeras,1643,priest,shadow,48,25,23
Swungzebra,stormrage,1642,priest,shadow,140,83,57
Qadris,tichondrius,1642,priest,shadow,47,19,28
Destta,stormrage,1641,priest,shadow,34,19,15
Overpriest,ragnaros,1640,priest,shadow,30,18,12
Crbandit,moon-guard,1639,priest,shadow,124,73,51
Trenbologni,illidan,1639,priest,shadow,174,99,75
Øbara,frostmourne,1638,priest,shadow,274,148,126
Shoelacey,sargeras,1638,priest,shadow,42,22,20
Pineappleqt,skullcrusher,1638,priest,shadow,42,21,21
Enchantrez,frostmourne,1638,priest,shadow,42,18,24
Nullreferenc,frostmourne,1637,priest,shadow,81,45,36
Ratleen,malganis,1635,priest,shadow,248,123,125
Offwhit,azralon,1634,priest,shadow,60,35,25
Scarabless,bleeding-hollow,1634,priest,shadow,120,62,58
Darkness,azralon,1634,priest,shadow,73,34,39
Cloax,azgalor,1633,priest,shadow,54,33,21
Thrageqt,sargeras,1632,priest,shadow,62,37,25
Kwõnc,tichondrius,1632,priest,shadow,76,40,36
Shadowthief,magtheridon,1631,priest,shadow,46,26,20
Cixelp,area-52,1631,priest,shadow,42,23,19
Whorticiå,area-52,1631,priest,shadow,251,127,124
Bbeaie,tichondrius,1631,priest,shadow,36,18,18
Madcuzyaknow,bleeding-hollow,1630,priest,shadow,30,17,13
Nexumbra,dunemaul,1630,priest,shadow,168,90,78
Voidshift,tichondrius,1630,priest,shadow,414,213,201
Fenix,bloodhoof,1630,priest,shadow,88,42,46
Arcarc,tichondrius,1629,priest,shadow,43,25,18
Safe,illidan,1629,priest,shadow,97,51,46
Navaria,illidan,1628,priest,shadow,83,46,37
Jhivagosp,tichondrius,1628,priest,shadow,81,44,37
Irangara,gorefiend,1628,priest,shadow,86,46,40
Sempiternus,barthilas,1628,priest,shadow,46,24,22
Toysqt,sargeras,1628,priest,shadow,74,38,36
Pluse,bonechewer,1627,priest,shadow,58,33,25
Slimfo,sargeras,1627,priest,shadow,36,20,16
Rhick,azralon,1626,priest,shadow,89,55,34
Sarâda,moon-guard,1626,priest,shadow,177,95,82
Imabeast,stormrage,1625,priest,shadow,143,74,69
Xarid,moon-guard,1625,priest,shadow,82,42,40
Iuka,emerald-dream,1625,priest,shadow,219,112,107
Numinous,wyrmrest-accord,1624,priest,shadow,104,59,45
Fzz,tichondrius,1624,priest,shadow,101,56,45
Dontpvponme,illidan,1623,priest,shadow,36,24,12
Justfaith,barthilas,1623,priest,shadow,177,92,85
Jexso,tichondrius,1623,priest,shadow,61,27,34
Necrotise,illidan,1622,priest,shadow,42,21,21
Insanes,moon-guard,1621,priest,shadow,51,35,16
Mêdúsa,area-52,1621,priest,shadow,58,30,28
Mushill,tichondrius,1621,priest,shadow,132,66,66
Tutuhx,quelthalas,1621,priest,shadow,45,21,24
Touchrr,tichondrius,1620,priest,shadow,41,28,13
Darkshadows,ravenholdt,1620,priest,shadow,36,23,13
Dorraheals,tichondrius,1620,priest,shadow,41,22,19
Astoshan,moon-guard,1619,priest,shadow,185,108,77
Pitayakiller,tichondrius,1619,priest,shadow,30,17,13
Ilostmybible,quelthalas,1619,priest,shadow,46,23,23
Gershwinner,daggerspine,1619,priest,shadow,36,17,19
Iogical,kelthuzad,1618,priest,shadow,116,70,46
Caramelos,moon-guard,1618,priest,shadow,43,23,20
Ascian,daggerspine,1618,priest,shadow,61,30,31
Dustnbonez,area-52,1617,priest,shadow,36,20,16
Aidzaidzaidz,tichondrius,1616,priest,shadow,51,27,24
Hypixyl,proudmoore,1616,priest,shadow,69,32,37
Blakeak,hyjal,1615,priest,shadow,107,67,40
Hockula,kiljaeden,1615,priest,shadow,30,17,13
Fatzoid,the-forgotten-coast,1615,priest,shadow,36,20,16
Debbie,cairne,1615,priest,shadow,159,88,71
Xdlolqt,sargeras,1615,priest,shadow,90,44,46
Houzz,frostmourne,1614,priest,shadow,54,34,20
Bigboyadam,frostmourne,1614,priest,shadow,136,82,54
Rammstèin,sargeras,1614,priest,shadow,60,35,25
Winss,tichondrius,1614,priest,shadow,81,42,39
Drossv,shadowmoon,1614,priest,shadow,42,20,22
Fantasía,moon-guard,1614,priest,shadow,126,58,68
Hieken,nemesis,1612,priest,shadow,70,43,27
Jeängrey,tichondrius,1612,priest,shadow,39,23,16
Vallfiresp,malganis,1612,priest,shadow,40,22,18
Ydonburi,tichondrius,1612,priest,shadow,42,23,19
Biubiubium,tichondrius,1611,priest,shadow,42,26,16
Rhoku,nesingwary,1611,priest,shadow,122,68,54
Snackabre,moon-guard,1611,priest,shadow,36,20,16
Nihenben,illidan,1611,priest,shadow,94,50,44
Ezrashade,tichondrius,1611,priest,shadow,162,83,79
Márceline,stormrage,1610,priest,shadow,82,52,30
Benjamints,thrall,1610,priest,shadow,104,61,43
Sìnz,area-52,1610,priest,shadow,116,68,48
Cheereos,stormrage,1610,priest,shadow,108,58,50
Nonamegame,sargeras,1609,priest,shadow,118,63,55
Warklaw,frostmourne,1609,priest,shadow,72,34,38
Finfangfoom,laughing-skull,1609,priest,shadow,117,55,62
Adopted,wyrmrest-accord,1608,priest,shadow,72,40,32
Raahsty,malganis,1608,priest,shadow,87,43,44
Jojoxxz,illidan,1607,priest,shadow,67,39,28
Pwrwordsquee,lightbringer,1607,priest,shadow,30,17,13
Nodoubt,barthilas,1607,priest,shadow,70,32,38
Lightskinxo,kelthuzad,1606,priest,shadow,29,18,11
Iggyp,hyjal,1606,priest,shadow,48,28,20
Rassalor,frostmane,1606,priest,shadow,53,27,26
Ludapriest,moon-guard,1606,priest,shadow,42,21,21
Shrax,emerald-dream,1606,priest,shadow,121,60,61
Helleamh,tichondrius,1606,priest,shadow,36,17,19
Moc,jubeithos,1605,priest,shadow,36,22,14
Fight,icecrown,1605,priest,shadow,60,33,27
Gelato,velen,1605,priest,shadow,36,17,19
Krooked,kelthuzad,1604,priest,shadow,84,53,31
Mitoloshi,ragnaros,1604,priest,shadow,148,78,70
Clamchowdy,kiljaeden,1603,priest,shadow,27,18,9
Fâêlyn,wyrmrest-accord,1603,priest,shadow,166,82,84
Estéve,wyrmrest-accord,1603,priest,shadow,161,75,86
Sandelios,aggramar,1602,priest,shadow,81,54,27
Moross,bleeding-hollow,1602,priest,shadow,72,48,24
Sukes,korgath,1602,priest,shadow,186,95,91
Vanisa,hellscream,1601,priest,shadow,166,97,69
Kong,shandris,1601,priest,shadow,42,20,22
Suery,hyjal,1601,priest,shadow,96,45,51
Hotphoyou,moon-guard,1600,priest,shadow,60,39,21
Manifestor,illidan,1600,priest,shadow,86,51,35
Sawsawonè,bleeding-hollow,1600,priest,shadow,42,22,20
Ikillfast,tichondrius,1600,priest,shadow,411,213,198
Fae,gorefiend,1600,priest,shadow,66,33,33
Mealmassttr,frostmourne,1599,priest,shadow,48,25,23
Leorid,stormrage,1598,priest,shadow,113,61,52
Originull,emerald-dream,1598,priest,shadow,42,19,23
Wifegrip,tichondrius,1598,priest,shadow,42,19,23
Sylvane,silvermoon,1597,priest,shadow,131,78,53
Ightdoe,zuljin,1597,priest,shadow,93,53,40
Pegwraith,sargeras,1597,priest,shadow,94,51,43
Radicional,azralon,1596,priest,shadow,36,20,16
Voidrisu,sargeras,1596,priest,shadow,135,63,72
Wah,vashj,1595,priest,shadow,64,32,32
Xæl,tichondrius,1593,priest,shadow,168,96,72
Minamy,tichondrius,1593,priest,shadow,30,17,13
Kuazi,frostmourne,1593,priest,shadow,103,57,46
Xtcbtc,sargeras,1592,priest,shadow,88,41,47
Ajazz,zuljin,1591,priest,shadow,72,40,32
Tatzis,frostmourne,1590,priest,shadow,72,39,33
Aghorï,sargeras,1589,priest,shadow,283,145,138
Arataxx,area-52,1588,priest,shadow,99,53,46
Nòemis,quelthalas,1587,priest,shadow,96,52,44
Spriest,kul-tiras,1586,priest,shadow,52,35,17
Frankeebutt,stormrage,1586,priest,shadow,72,43,29
Shadowzypher,wyrmrest-accord,1586,priest,shadow,42,23,19
Holylip,frostmourne,1585,priest,shadow,67,38,29
Shadowhazed,tichondrius,1585,priest,shadow,122,67,55
Léstrange,quelthalas,1585,priest,shadow,52,25,27
Ranthrough,tichondrius,1584,priest,shadow,90,53,37
Xz,black-dragonflight,1583,priest,shadow,72,38,34
Ìnfìnite,bleeding-hollow,1581,priest,shadow,30,18,12
Vaala,jubeithos,1580,priest,shadow,84,42,42
Teddipriest,tichondrius,1578,priest,shadow,35,19,16
Vyabl,thrall,1577,priest,shadow,72,38,34
Bakedlord,malganis,1577,priest,shadow,296,154,142
Voidathon,sargeras,1576,priest,shadow,40,24,16
Kultil,dalaran,1576,priest,shadow,113,60,53
Brotherrob,area-52,1576,priest,shadow,77,40,37
Kilal,sargeras,1575,priest,shadow,66,44,22
Çummiñs,malganis,1575,priest,shadow,36,21,15
Kaldrir,malganis,1574,priest,shadow,42,27,15
Luokni,illidan,1573,priest,shadow,48,30,18
Dabaksp,area-52,1573,priest,shadow,30,18,12
Heàvenly,moon-guard,1573,priest,shadow,36,21,15
Ibringgears,tichondrius,1572,priest,shadow,127,66,61
Píty,ragnaros,1572,priest,shadow,36,18,18
Songalthram,illidan,1572,priest,shadow,48,23,25
Suicider,emerald-dream,1571,priest,shadow,260,132,128
Deadcode,frostmane,1569,priest,shadow,78,36,42
Ralphiez,tichondrius,1568,priest,shadow,112,62,50
Thrie,ragnaros,1568,priest,shadow,150,71,79
ßluedreamx,tichondrius,1567,priest,shadow,71,44,27
Onixió,ragnaros,1567,priest,shadow,54,31,23
Bublethenrun,cenarius,1567,priest,shadow,35,19,16
Falsegodx,tichondrius,1566,priest,shadow,66,34,32
Iminyou,kelthuzad,1565,priest,shadow,160,88,72
Amentia,area-52,1565,priest,shadow,42,23,19
Priestine,dreadmaul,1565,priest,shadow,192,97,95
Youngpriest,nordrassil,1565,priest,shadow,42,18,24
Covidchamp,proudmoore,1561,priest,shadow,29,17,12
Healypants,eonar,1560,priest,shadow,41,23,18
Bugsbright,tichondrius,1560,priest,shadow,177,96,81
Spookytorch,illidan,1560,priest,shadow,77,35,42
Vicara,moon-guard,1559,priest,shadow,101,50,51
Kloudbreak,amanthul,1558,priest,shadow,30,20,10
Ethandryl,kelthuzad,1558,priest,shadow,39,23,16
Oxxymoron,malganis,1558,priest,shadow,48,26,22
Pacmanlol,greymane,1557,priest,shadow,41,28,13
Alex,boulderfist,1557,priest,shadow,54,31,23
Anemic,moon-guard,1556,priest,shadow,82,47,35
Deathbyhot,gorefiend,1556,priest,shadow,71,40,31
Pumpss,area-52,1555,priest,shadow,100,51,49
Boneappletee,area-52,1555,priest,shadow,48,22,26
Greyyan,wyrmrest-accord,1554,priest,shadow,309,166,143
Fig,nazgrel,1554,priest,shadow,84,42,42
Dottydaddy,emerald-dream,1553,priest,shadow,48,30,18
Nightcráwler,illidan,1553,priest,shadow,42,25,17
Rhima,tichondrius,1552,priest,shadow,24,17,7
Bestwizardx,tichondrius,1552,priest,shadow,57,36,21
Krazé,tichondrius,1552,priest,shadow,80,40,40
Sindawen,kiljaeden,1551,priest,shadow,66,38,28
Shadowdurps,area-52,1551,priest,shadow,78,40,38
Softs,area-52,1549,priest,shadow,83,42,41
Xiphoidz,frostmourne,1549,priest,shadow,107,52,55
Brothercarl,stormrage,1548,priest,shadow,54,26,28
Èvil,tichondrius,1547,priest,shadow,30,18,12
Whitehandpr,tichondrius,1547,priest,shadow,558,281,277
Swollenarms,kiljaeden,1546,priest,shadow,59,36,23
Nøfaith,area-52,1546,priest,shadow,124,57,67
Badxjuju,frostmourne,1545,priest,shadow,48,26,22
Cpoppa,sargeras,1544,priest,shadow,90,50,40
Calientaeggs,drakkari,1544,priest,shadow,83,40,43
Adolescents,bonechewer,1543,priest,shadow,66,32,34
Healzium,blackwater-raiders,1543,priest,shadow,92,44,48
Fïonan,proudmoore,1542,priest,shadow,126,64,62
Deffaultz,turalyon,1541,priest,shadow,70,40,30
Vílja,moon-guard,1541,priest,shadow,165,88,77
Harisleidy,quelthalas,1540,priest,shadow,77,44,33
Pestee,quelthalas,1540,priest,shadow,211,114,97
Sorrentin,ragnaros,1540,priest,shadow,94,48,46
Zhadowbolts,thrall,1540,priest,shadow,47,24,23
Relicsa,proudmoore,1540,priest,shadow,123,62,61
Abientot,tichondrius,1539,priest,shadow,84,47,37
Stepho,dalaran,1539,priest,shadow,42,19,23
Rogspriest,sargeras,1538,priest,shadow,60,31,29
Vizioz,tichondrius,1538,priest,shadow,42,20,22
Scarsdeath,azralon,1537,priest,shadow,106,59,47
Baume,thrall,1537,priest,shadow,155,83,72
Lilithice,moon-guard,1537,priest,shadow,48,25,23
Shadowflux,thunderlord,1537,priest,shadow,66,30,36
Beloriath,ragnaros,1536,priest,shadow,64,35,29
Fluttershÿ,ragnaros,1536,priest,shadow,60,30,30
Milkgrabber,bleeding-hollow,1535,priest,shadow,157,82,75
Adeptphd,tichondrius,1534,priest,shadow,24,16,8
Punisherror,area-52,1534,priest,shadow,35,20,15
Razzamun,lothar,1534,priest,shadow,48,27,21
Mmys,tichondrius,1534,priest,shadow,30,16,14
Drpopepurp,tichondrius,1534,priest,shadow,122,63,59
Mightyp,malganis,1534,priest,shadow,42,19,23
Malikeht,drakkari,1533,priest,shadow,88,50,38
Dotdotwin,illidan,1533,priest,shadow,125,70,55
Amarexlol,stormrage,1533,priest,shadow,90,46,44
Aethestan,zuljin,1533,priest,shadow,83,37,46
Frúdgé,illidan,1533,priest,shadow,47,20,27
Lelyna,stormrage,1532,priest,shadow,54,34,20
Proudigy,lightninghoof,1532,priest,shadow,123,68,55
Anrop,illidan,1531,priest,shadow,48,31,17
Dikdik,tichondrius,1531,priest,shadow,75,42,33
Iuvrainee,area-52,1531,priest,shadow,96,50,46
Hakirn,bleeding-hollow,1529,priest,shadow,18,16,2
Sînkaî,demon-soul,1529,priest,shadow,220,118,102
Stellarnova,emerald-dream,1528,priest,shadow,89,47,42
Tuggyp,tichondrius,1527,priest,shadow,48,28,20
Büd,sargeras,1527,priest,shadow,30,17,13
Xijinping,chogall,1527,priest,shadow,46,24,22
Slogger,illidan,1527,priest,shadow,35,17,18
Voidariah,tichondrius,1526,priest,shadow,36,17,19
Allsmite,aerie-peak,1525,priest,shadow,118,63,55
Ddark,tichondrius,1525,priest,shadow,90,47,43
Purpskurp,stormrage,1525,priest,shadow,42,20,22
Hungrybone,proudmoore,1524,priest,shadow,36,17,19
Mastuti,azralon,1523,priest,shadow,33,18,15
Xodarap,frostmourne,1523,priest,shadow,125,65,60
Father,bleeding-hollow,1522,priest,shadow,60,37,23
Ghedeloco,tichondrius,1522,priest,shadow,64,37,27
Muurielle,quelthalas,1522,priest,shadow,237,125,112
Hevnlyst,proudmoore,1522,priest,shadow,60,25,35
Sèktør,dalaran,1521,priest,shadow,40,21,19
Graviton,tichondrius,1521,priest,shadow,120,62,58
Palutena,drakkari,1520,priest,shadow,54,29,25
Emlix,tichondrius,1520,priest,shadow,86,46,40
Dayquills,illidan,1520,priest,shadow,36,19,17
Spriesto,frostmourne,1520,priest,shadow,35,18,17
Tíosam,ragnaros,1519,priest,shadow,30,16,14
Azagthøth,ravenholdt,1518,priest,shadow,256,132,124
Shadzie,sargeras,1517,priest,shadow,128,72,56
Eraseme,bleeding-hollow,1517,priest,shadow,60,31,29
Terranle,tichondrius,1517,priest,shadow,160,80,80
Eskettit,korgath,1516,priest,shadow,41,24,17
Shadowpope,azralon,1516,priest,shadow,81,40,41
Thiazine,kiljaeden,1515,priest,shadow,57,36,21
Filljr,korgath,1515,priest,shadow,85,49,36
Lastshield,malganis,1514,priest,shadow,29,17,12
Psycozis,hyjal,1513,priest,shadow,53,24,29
Bandages,stormreaver,1512,priest,shadow,115,59,56
Rotass,hyjal,1511,priest,shadow,65,40,25
Jaxvistop,dalaran,1511,priest,shadow,41,22,19
Saitii,dalaran,1511,priest,shadow,30,16,14
Nizeurflayzz,tichondrius,1511,priest,shadow,68,36,32
Shmage,malganis,1511,priest,shadow,107,52,55
Xionys,sargeras,1510,priest,shadow,90,49,41
Viroga,stormrage,1508,priest,shadow,36,21,15
Growth,fizzcrank,1508,priest,shadow,48,24,24
Thelordx,barthilas,1507,priest,shadow,66,34,32
Amideus,dunemaul,1507,priest,shadow,42,18,24
Jatral,azralon,1506,priest,shadow,82,41,41
Cowabungá,azralon,1505,priest,shadow,30,23,7
Chibii,kelthuzad,1505,priest,shadow,89,58,31
Lowkii,malfurion,1505,priest,shadow,75,47,28
Roms,sargeras,1505,priest,shadow,126,62,64
Krythe,laughing-skull,1505,priest,shadow,41,19,22
Spõõky,illidan,1505,priest,shadow,50,22,28
Sezyks,stormrage,1503,priest,shadow,36,28,8
Faeinia,elune,1503,priest,shadow,111,63,48
Lucael,durotan,1503,priest,shadow,60,33,27
Twistedtéa,garrosh,1503,priest,shadow,42,20,22
Hecáte,dalaran,1502,priest,shadow,30,18,12
Alip,tichondrius,1501,priest,shadow,115,62,53
Vynlanesh,illidan,1501,priest,shadow,132,65,67
Oouuh,illidan,1500,priest,shadow,106,57,49
Danoc,tichondrius,1500,priest,shadow,114,56,58
Spoõks,darkspear,1500,priest,shadow,68,32,36
Corthien,thrall,1499,priest,shadow,37,22,15
Etan,thrall,1499,priest,shadow,181,99,82
Powerwordcry,stormrage,1499,priest,shadow,87,44,43
Goodlife,frostmourne,1499,priest,shadow,36,16,20
Luminous,moon-guard,1498,priest,shadow,262,136,126
Occult,bloodscalp,1498,priest,shadow,117,54,63
Pics,emerald-dream,1497,priest,shadow,58,30,28
Ravinny,nemesis,1497,priest,shadow,88,43,45
ßarracuda,illidan,1496,priest,shadow,146,84,62
Nickdeath,tichondrius,1496,priest,shadow,120,52,68
Ràvn,emerald-dream,1495,priest,shadow,40,29,11
Linarindil,hyjal,1495,priest,shadow,30,19,11
Onipapae,frostmourne,1495,priest,shadow,172,94,78
Beckðn,tichondrius,1495,priest,shadow,100,52,48
Markzugrberg,emerald-dream,1495,priest,shadow,78,39,39
Coral,stormscale,1495,priest,shadow,83,40,43
Bullma,boulderfist,1494,priest,shadow,22,17,5
Lichtin,bleeding-hollow,1494,priest,shadow,36,17,19
Púrg,frostmourne,1493,priest,shadow,90,47,43
Creedence,jubeithos,1493,priest,shadow,65,33,32
Wenger,crushridge,1493,priest,shadow,186,90,96
Nekkz,sargeras,1490,priest,shadow,29,21,8
Stellur,kelthuzad,1490,priest,shadow,29,18,11
Pastortee,sargeras,1490,priest,shadow,87,49,38
Synkiz,darkspear,1490,priest,shadow,137,74,63
Battlemage,magtheridon,1490,priest,shadow,30,16,14
Azheel,stormrage,1490,priest,shadow,71,29,42
Flickmybick,sargeras,1489,priest,shadow,128,65,63
Foli,zuljin,1488,priest,shadow,28,19,9
Folesian,tichondrius,1488,priest,shadow,95,51,44
Hemorrhoidz,tichondrius,1488,priest,shadow,47,25,22
Uncletouches,thrall,1488,priest,shadow,100,52,48
Methandrial,hyjal,1488,priest,shadow,172,87,85
Olkvan,quelthalas,1488,priest,shadow,72,33,39
Ivyslays,area-52,1487,priest,shadow,77,42,35
Stusy,tichondrius,1486,priest,shadow,89,55,34
Shadowlife,bonechewer,1486,priest,shadow,72,37,35
Theorym,tichondrius,1485,priest,shadow,52,34,18
Popejack,stormrage,1484,priest,shadow,71,37,34
Eazye,shadowmoon,1484,priest,shadow,42,17,25
Propumper,dalaran,1483,priest,shadow,47,27,20
Estarì,proudmoore,1483,priest,shadow,41,23,18
Îcecube,sargeras,1481,priest,shadow,30,17,13
Carniosso,azralon,1480,priest,shadow,140,70,70
Olrightt,stormrage,1479,priest,shadow,69,36,33
Deawalker,khaz-modan,1479,priest,shadow,42,21,21
Ñøöß,tichondrius,1478,priest,shadow,26,18,8
Revóra,kelthuzad,1478,priest,shadow,84,51,33
Aedan,emerald-dream,1478,priest,shadow,102,55,47
Tye,medivh,1478,priest,shadow,61,31,30
Mìdnìght,ragnaros,1477,priest,shadow,52,33,19
Exigyo,quelthalas,1477,priest,shadow,111,57,54
Maniwa,dentarg,1477,priest,shadow,149,72,77
Teeprie,drakthul,1476,priest,shadow,70,41,29
Aphôtic,moon-guard,1476,priest,shadow,66,27,39
Ashtahius,ragnaros,1474,priest,shadow,191,107,84
Cuaiminator,ragnaros,1474,priest,shadow,98,53,45
Janesville,tichondrius,1472,priest,shadow,78,47,31
Wdnmmd,proudmoore,1472,priest,shadow,421,211,210
Prignues,tichondrius,1471,priest,shadow,36,22,14
Dockavok,bloodhoof,1471,priest,shadow,36,22,14
Rolettana,stormrage,1471,priest,shadow,30,18,12
Juicymist,moon-guard,1471,priest,shadow,323,174,149
Lolcrafthd,ragnaros,1470,priest,shadow,48,27,21
Jeanbi,ragnaros,1469,priest,shadow,150,81,69
Thotsndots,blood-furnace,1468,priest,shadow,32,19,13
Ccnu,tichondrius,1468,priest,shadow,30,16,14
Shädë,emerald-dream,1467,priest,shadow,54,23,31
Ed,crushridge,1466,priest,shadow,83,47,36
Shadowbee,kargath,1466,priest,shadow,32,18,14
Moistfather,kelthuzad,1464,priest,shadow,59,36,23
Unholyreáper,magtheridon,1464,priest,shadow,48,28,20
Swp,sargeras,1463,priest,shadow,72,41,31
Shådøw,destromath,1463,priest,shadow,87,41,46
Shadeven,frostmourne,1463,priest,shadow,39,18,21
Ellipses,bleeding-hollow,1463,priest,shadow,135,62,73
Bigvoidman,area-52,1462,priest,shadow,64,32,32
Shadowylorka,sargeras,1461,priest,shadow,54,22,32
Yeeko,kiljaeden,1460,priest,shadow,48,25,23
ßuffysummer,illidan,1460,priest,shadow,42,18,24
Pocket,alleria,1459,priest,shadow,28,16,12
Elogant,frostmourne,1458,priest,shadow,166,76,90
Bratty,hellscream,1457,priest,shadow,39,21,18
Fritzi,shattered-hand,1456,priest,shadow,30,17,13
Shirubamoya,gurubashi,1456,priest,shadow,71,40,31
Deeaann,tichondrius,1455,priest,shadow,518,262,256
Crazyshadow,proudmoore,1455,priest,shadow,46,22,24
Aránhell,ragnaros,1454,priest,shadow,72,43,29
Mikeysp,tichondrius,1453,priest,shadow,48,26,22
Jylertason,kelthuzad,1453,priest,shadow,46,24,22
Priestzerath,azralon,1453,priest,shadow,86,44,42
Omnivoîd,tichondrius,1453,priest,shadow,48,23,25
Creata,frostmourne,1450,priest,shadow,25,16,9
Wobbleskank,tichondrius,1450,priest,shadow,179,97,82
Onegil,tichondrius,1450,priest,shadow,166,85,81
Lzzp,azralon,1450,priest,shadow,41,20,21
Fruitbasketz,malganis,1449,priest,shadow,75,41,34
Csheweishan,aerie-peak,1449,priest,shadow,124,62,62
Ablatiøn,illidan,1448,priest,shadow,48,23,25
Apollydivine,malganis,1447,priest,shadow,48,26,22
Zatthanea,hellscream,1445,priest,shadow,24,16,8
Grizzlysmite,stormrage,1445,priest,shadow,37,17,20
Simplyfaded,black-dragonflight,1444,priest,shadow,48,26,22
Vikks,tichondrius,1443,priest,shadow,35,17,18
Shén,barthilas,1442,priest,shadow,125,79,46
Austul,guldan,1442,priest,shadow,30,18,12
Liquidhorror,tichondrius,1442,priest,shadow,42,22,20
Pepps,proudmoore,1442,priest,shadow,881,443,438
Kokai,area-52,1440,priest,shadow,18,15,3
Yungjim,the-forgotten-coast,1439,priest,shadow,30,15,15
Patchouliz,tichondrius,1438,priest,shadow,47,30,17
Epithet,moon-guard,1438,priest,shadow,42,22,20
Dawnkìn,bleeding-hollow,1437,priest,shadow,138,72,66
Hephiron,area-52,1437,priest,shadow,121,61,60
Rachelstarrx,hyjal,1436,priest,shadow,24,15,9
Holydestroyr,dentarg,1436,priest,shadow,54,28,26
Imhðtep,ragnaros,1436,priest,shadow,114,57,57
Papadoll,malganis,1435,priest,shadow,38,20,18
Nyctelis,sargeras,1435,priest,shadow,70,35,35
Stasis,korialstrasz,1434,priest,shadow,42,26,16
Halselin,senjin,1434,priest,shadow,172,98,74
Priestodan,frostmourne,1434,priest,shadow,30,15,15
Worldhealer,area-52,1433,priest,shadow,30,18,12
Bradythree,moon-guard,1433,priest,shadow,42,23,19
Theodorous,frostmourne,1433,priest,shadow,87,47,40
Stromile,tichondrius,1431,priest,shadow,24,17,7
Ciem,tichondrius,1431,priest,shadow,24,15,9
Aguitardient,ragnaros,1431,priest,shadow,45,26,19
Lukuku,barthilas,1431,priest,shadow,30,15,15
Spacethug,illidan,1431,priest,shadow,30,15,15
Leach,darkspear,1431,priest,shadow,104,50,54
Nuvea,tichondrius,1431,priest,shadow,42,20,22
Fadedatm,illidan,1431,priest,shadow,36,15,21
Constentien,tichondrius,1430,priest,shadow,37,20,17
Nonbinary,trollbane,1429,priest,shadow,42,24,18
Plzdontlos,hyjal,1429,priest,shadow,78,42,36
Aabye,nemesis,1428,priest,shadow,35,23,12
Smokeitmon,blackrock,1428,priest,shadow,84,40,44
Vyrus,tichondrius,1427,priest,shadow,24,15,9
Sandrö,sargeras,1427,priest,shadow,24,15,9
Shadøwheal,stormrage,1427,priest,shadow,79,49,30
Bûdussy,bonechewer,1427,priest,shadow,119,61,58
Supremezx,frostmourne,1426,priest,shadow,104,55,49
Toddmund,tichondrius,1425,priest,shadow,251,122,129
Astari,illidan,1425,priest,shadow,50,20,30
Younext,sargeras,1425,priest,shadow,63,22,41
Voidsimping,kelthuzad,1424,priest,shadow,42,28,14
Bubblepop,blackhand,1424,priest,shadow,24,15,9
Kristt,thrall,1424,priest,shadow,284,141,143
Healtheze,kelthuzad,1424,priest,shadow,62,30,32
Zarøw,tichondrius,1423,priest,shadow,24,15,9
Duatneter,quelthalas,1423,priest,shadow,83,46,37
Vladsacer,nemesis,1423,priest,shadow,51,28,23
Frorgnence,stormrage,1422,priest,shadow,36,26,10
Fathersmits,area-52,1422,priest,shadow,24,15,9
Puerquirri,quelthalas,1422,priest,shadow,77,44,33
Lawgiva,thrall,1421,priest,shadow,42,27,15
Travisteez,illidan,1419,priest,shadow,58,37,21
Aeonar,alleria,1419,priest,shadow,117,62,55
Anmu,illidan,1418,priest,shadow,29,16,13
Lilmix,hydraxis,1417,priest,shadow,41,26,15
Roterick,wyrmrest-accord,1417,priest,shadow,24,15,9
Drethor,saurfang,1417,priest,shadow,96,58,38
Saltheril,burning-blade,1417,priest,shadow,55,28,27
Mabisyo,wyrmrest-accord,1416,priest,shadow,24,15,9
Wowgreatgame,tichondrius,1416,priest,shadow,106,54,52
Lostmybible,stormrage,1415,priest,shadow,72,44,28
Strokkerx,azralon,1414,priest,shadow,110,59,51
Moogyvoid,tichondrius,1414,priest,shadow,42,19,23
Grympriest,wyrmrest-accord,1412,priest,shadow,36,24,12
Showakoi,ragnaros,1412,priest,shadow,54,29,25
Aedaki,garona,1410,priest,shadow,166,92,74
Chaas,ragnaros,1410,priest,shadow,153,81,72
Nüt,malganis,1410,priest,shadow,75,39,36
Srenity,zuljin,1410,priest,shadow,54,27,27
Wongÿ,tichondrius,1408,priest,shadow,36,27,9
Blasterion,ragnaros,1408,priest,shadow,24,15,9
Thewizard,blackrock,1404,priest,shadow,77,44,33
ßroßraßroski,sargeras,1404,priest,shadow,54,30,24
Mãstermerlin,frostmourne,1404,priest,shadow,66,33,33
Coors,lightnings-blade,1404,priest,shadow,36,18,18
Pastorházze,illidan,1402,priest,shadow,41,28,13
Firstime,barthilas,1402,priest,shadow,35,21,14
Shmmoie,frostmourne,1401,priest,shadow,83,47,36
Rida,zuljin,1401,priest,shadow,74,41,33
Mindboink,malganis,1401,priest,shadow,88,47,41
Thaedreu,area-52,1401,priest,shadow,116,60,56
Influencing,moon-guard,1401,priest,shadow,44,22,22
Zeroghp,tichondrius,1401,priest,shadow,30,15,15
Barelylegalx,tichondrius,1401,priest,shadow,42,18,24
Cupriest,tichondrius,1400,priest,shadow,48,27,21
Oxytoxin,sargeras,1400,priest,shadow,36,20,16
Methodist,sargeras,1400,priest,shadow,36,18,18
Linn,tichondrius,1399,priest,shadow,18,15,3
Boocharni,wyrmrest-accord,1399,priest,shadow,66,40,26
Scadie,goldrinn,1399,priest,shadow,54,26,28
Wzrdtrx,tichondrius,1398,priest,shadow,83,44,39
Kuazi,khazgoroth,1398,priest,shadow,125,59,66
Milojac,hyjal,1396,priest,shadow,60,33,27
Brokenpriest,wyrmrest-accord,1396,priest,shadow,247,127,120
Shadyvoodoo,barthilas,1393,priest,shadow,159,85,74
Haø,stormrage,1393,priest,shadow,98,50,48
Flyingherps,tichondrius,1392,priest,shadow,30,20,10
Dyé,hydraxis,1391,priest,shadow,30,16,14
Zyræl,stormrage,1391,priest,shadow,208,104,104
Dipírex,azralon,1389,priest,shadow,84,40,44
Fruitjuice,arthas,1389,priest,shadow,48,22,26
Skyspice,frostmourne,1386,priest,shadow,84,42,42
Fäÿë,tichondrius,1386,priest,shadow,54,26,28
Vinasky,moon-guard,1386,priest,shadow,38,16,22
Bloodify,azralon,1385,priest,shadow,53,26,27
Rëckful,area-52,1384,priest,shadow,119,72,47
Khelleya,moon-guard,1384,priest,shadow,73,38,35
Faydes,arthas,1382,priest,shadow,37,18,19
Spõt,stormrage,1382,priest,shadow,104,47,57
Raoel,proudmoore,1380,priest,shadow,66,39,27
Healztonic,dalaran,1380,priest,shadow,72,32,40
Littlebagel,nesingwary,1378,priest,shadow,63,36,27
Maldità,tichondrius,1378,priest,shadow,48,19,29
Jadon,sargeras,1377,priest,shadow,38,22,16
Task,korgath,1377,priest,shadow,59,28,31
Dahliá,frostmourne,1376,priest,shadow,93,48,45
Jilt,aerie-peak,1376,priest,shadow,72,35,37
Saphet,draktharon,1375,priest,shadow,100,61,39
Donttrainplz,tichondrius,1374,priest,shadow,44,19,25
Faithplusone,zuljin,1373,priest,shadow,42,24,18
Habann,frostmourne,1373,priest,shadow,158,79,79
Londy,area-52,1373,priest,shadow,619,308,311
Niias,hyjal,1372,priest,shadow,99,54,45
Alvorr,ragnaros,1372,priest,shadow,160,85,75
Demoñ,deathwing,1372,priest,shadow,162,86,76
Plebcakès,sargeras,1372,priest,shadow,67,32,35
Dochon,area-52,1372,priest,shadow,51,23,28
Achíllesheal,stormrage,1371,priest,shadow,185,95,90
Xexeth,quelthalas,1371,priest,shadow,59,29,30
Kirarii,ragnaros,1370,priest,shadow,23,16,7
Auntbabushka,stormrage,1370,priest,shadow,49,33,16
Pristoleiro,azralon,1370,priest,shadow,23,15,8
Andso,azralon,1370,priest,shadow,48,23,25
Coolbie,korgath,1370,priest,shadow,32,15,17
Vellisper,sargeras,1368,priest,shadow,71,36,35
Tyisanity,tichondrius,1368,priest,shadow,68,32,36
Hollowed,drakkari,1367,priest,shadow,65,31,34
Kuarzø,ragnaros,1365,priest,shadow,30,20,10
Tjxx,zuljin,1365,priest,shadow,144,75,69
Prickled,zuljin,1364,priest,shadow,134,63,71
Labraidor,tichondrius,1364,priest,shadow,111,48,63
Tkawesome,area-52,1363,priest,shadow,24,15,9
Priestology,echo-isles,1362,priest,shadow,30,16,14
Huajie,lightnings-blade,1362,priest,shadow,68,34,34
Squishysally,wyrmrest-accord,1362,priest,shadow,60,28,32
Holyfok,thrall,1361,priest,shadow,33,18,15
Manofmystery,drenden,1359,priest,shadow,23,15,8
Discobish,sargeras,1359,priest,shadow,61,32,29
Pxrnhxb,tichondrius,1359,priest,shadow,29,15,14
Phantomz,malganis,1358,priest,shadow,65,39,26
Bibledave,whisperwind,1358,priest,shadow,45,22,23
Stellaryn,moon-guard,1358,priest,shadow,72,32,40
Mortivore,azralon,1358,priest,shadow,36,15,21
Irilde,proudmoore,1356,priest,shadow,42,21,21
Oxycodex,thrall,1355,priest,shadow,83,35,48
Hypochondria,moon-guard,1353,priest,shadow,117,59,58
Oldmanlou,spirestone,1353,priest,shadow,36,18,18
Icytaken,frostmourne,1353,priest,shadow,48,22,26
Harmlot,tichondrius,1350,priest,shadow,32,18,14
Bustworth,sargeras,1350,priest,shadow,152,71,81
Luzsombraa,stormrage,1349,priest,shadow,60,31,29
Radamántizz,ragnaros,1346,priest,shadow,84,44,40
Furìøns,nemesis,1345,priest,shadow,40,25,15
Zinr,tichondrius,1345,priest,shadow,78,41,37
Estelars,aggramar,1345,priest,shadow,346,179,167
Poltergeist,dalvengyr,1345,priest,shadow,38,17,21
Mettz,malganis,1344,priest,shadow,30,16,14
Poague,area-52,1343,priest,shadow,24,14,10
Flay,dragonmaw,1342,priest,shadow,18,14,4
Cixelp,tichondrius,1342,priest,shadow,30,14,16
Reos,jubeithos,1341,priest,shadow,72,43,29
Urspareparts,sargeras,1341,priest,shadow,119,62,57
Ilumus,lightnings-blade,1341,priest,shadow,42,21,21
Haracka,quelthalas,1341,priest,shadow,30,14,16
Verbeka,nemesis,1338,priest,shadow,18,14,4
Abolita,korgath,1338,priest,shadow,185,100,85
Daysgone,bleeding-hollow,1338,priest,shadow,317,164,153
Whosjoe,tichondrius,1337,priest,shadow,24,14,10
Cptnrockwèll,dalaran,1337,priest,shadow,98,53,45
Biodot,sargeras,1335,priest,shadow,19,15,4
Woosanghong,tichondrius,1335,priest,shadow,24,14,10
Scenekîd,moon-guard,1335,priest,shadow,60,28,32
Shiikari,terenas,1334,priest,shadow,24,14,10
Mindtrip,korgath,1334,priest,shadow,104,54,50
Bluebêrry,drakthul,1333,priest,shadow,24,18,6
Hikopriest,sargeras,1333,priest,shadow,24,14,10
Amestroada,nemesis,1333,priest,shadow,39,21,18
Pozcas,blood-furnace,1333,priest,shadow,60,31,29
Chenny,darkspear,1332,priest,shadow,72,40,32
Zeas,moon-guard,1331,priest,shadow,42,23,19
Trollypriest,darkspear,1331,priest,shadow,154,76,78
Safetyword,illidan,1330,priest,shadow,35,15,20
Spieluhr,tichondrius,1329,priest,shadow,86,44,42
Happybloke,moon-guard,1328,priest,shadow,50,20,30
Mindeas,the-forgotten-coast,1327,priest,shadow,56,22,34
Sacerthu,goldrinn,1325,priest,shadow,36,20,16
Lyriczx,kelthuzad,1325,priest,shadow,72,35,37
Brshki,tichondrius,1324,priest,shadow,18,14,4
Reverendpope,tichondrius,1323,priest,shadow,54,22,32
Tanthdrel,proudmoore,1322,priest,shadow,96,52,44
Ampela,dalaran,1322,priest,shadow,75,36,39
Choupidou,illidan,1322,priest,shadow,36,16,20
Badnfluence,kiljaeden,1321,priest,shadow,59,31,28
Lùcìd,dalaran,1319,priest,shadow,54,37,17
Roommatethor,thaurissan,1319,priest,shadow,30,18,12
Festær,area-52,1319,priest,shadow,99,53,46
Mastahmind,illidan,1319,priest,shadow,41,20,21
ßellaßellz,tichondrius,1319,priest,shadow,30,14,16
Miniimenx,azralon,1316,priest,shadow,59,36,23
Bastét,skullcrusher,1316,priest,shadow,122,64,58
Chádeervas,nemesis,1315,priest,shadow,39,24,15
Uikaren,tichondrius,1315,priest,shadow,67,36,31
Pandarue,tichondrius,1315,priest,shadow,111,56,55
Healixd,area-52,1315,priest,shadow,54,22,32
Maynard,ragnaros,1314,priest,shadow,119,59,60
Norbon,mugthol,1313,priest,shadow,24,14,10
Trenance,barthilas,1313,priest,shadow,30,14,16
Gnow,moon-guard,1312,priest,shadow,83,41,42
Sovix,sargeras,1311,priest,shadow,66,40,26
Semillion,tichondrius,1310,priest,shadow,30,14,16
Scriptö,fizzcrank,1308,priest,shadow,115,68,47
Alisaie,dalvengyr,1308,priest,shadow,52,27,25
Goodvybz,illidan,1306,priest,shadow,44,18,26
Marni,akama,1305,priest,shadow,103,49,54
Bec,khadgar,1305,priest,shadow,36,17,19
Roylwcheese,illidan,1304,priest,shadow,24,16,8
Holyfüry,ragnaros,1304,priest,shadow,24,15,9
Mortemus,drenden,1304,priest,shadow,44,26,18
Kflexx,hydraxis,1303,priest,shadow,24,15,9
Likeleela,azshara,1303,priest,shadow,215,106,109
Hurrdurr,shattered-hand,1300,priest,shadow,54,34,20
Pfl,area-52,1299,priest,shadow,248,125,123
Galedry,ragnaros,1299,priest,shadow,107,51,56
Ramaven,arygos,1299,priest,shadow,108,50,58
Sekhen,area-52,1298,priest,shadow,49,23,26
Bustmybubble,tichondrius,1297,priest,shadow,50,34,16
Bobbeans,area-52,1295,priest,shadow,30,18,12
Kumojorno,gilneas,1295,priest,shadow,30,15,15
Commotion,dalaran,1294,priest,shadow,23,14,9
Arzeuz,ragnaros,1293,priest,shadow,59,25,34
Valloren,kalecgos,1291,priest,shadow,50,26,24
Puruwai,laughing-skull,1291,priest,shadow,73,35,38
Ancene,illidan,1290,priest,shadow,42,24,18
Àx,draka,1290,priest,shadow,32,18,14
Thrilas,silver-hand,1289,priest,shadow,30,18,12
Hervert,area-52,1289,priest,shadow,36,19,17
Grapës,jubeithos,1289,priest,shadow,36,16,20
Maricotä,azralon,1287,priest,shadow,60,34,26
Paganpain,tichondrius,1285,priest,shadow,116,58,58
Voidscrypt,thrall,1284,priest,shadow,133,72,61
Lilpika,illidan,1283,priest,shadow,66,31,35
Ketchuslipin,illidan,1283,priest,shadow,82,37,45
Xandir,kaelthas,1282,priest,shadow,29,19,10
Alphawon,area-52,1280,priest,shadow,165,81,84
Beautifulgir,illidan,1279,priest,shadow,84,45,39
Grianné,mannoroth,1279,priest,shadow,83,43,40
Spamnhealz,illidan,1276,priest,shadow,45,19,26
Janke,malganis,1274,priest,shadow,26,14,12
Shadowtreta,azralon,1273,priest,shadow,54,31,23
Kovidcure,tichondrius,1273,priest,shadow,120,56,64
Gorebones,emerald-dream,1273,priest,shadow,30,14,16
Lirien,kelthuzad,1273,priest,shadow,78,29,49
Antoz,kelthuzad,1272,priest,shadow,55,32,23
Budow,frostmourne,1272,priest,shadow,42,15,27
Oncemore,khazgoroth,1266,priest,shadow,72,32,40
Shadowhet,azralon,1264,priest,shadow,38,21,17
Ochae,stormrage,1264,priest,shadow,31,15,16
Lilmermaid,laughing-skull,1263,priest,shadow,36,19,17
Zolgeta,exodar,1262,priest,shadow,53,34,19
Halleßerry,illidan,1261,priest,shadow,24,14,10
Dralaan,proudmoore,1259,priest,shadow,126,72,54
Beneficium,nazjatar,1254,priest,shadow,132,71,61
Payan,barthilas,1254,priest,shadow,60,31,29
Synergize,korgath,1254,priest,shadow,66,33,33
Mamofwar,arthas,1254,priest,shadow,109,49,60
Timreaper,barthilas,1253,priest,shadow,65,34,31
Kapriestsun,malorne,1252,priest,shadow,26,17,9
Stankylegz,tichondrius,1251,priest,shadow,30,16,14
Misslost,nerzhul,1250,priest,shadow,41,24,17
Duckdemon,ragnaros,1250,priest,shadow,147,69,78
Gothii,tichondrius,1250,priest,shadow,47,16,31
Jwx,malganis,1248,priest,shadow,18,13,5
Mmrassassin,stormrage,1248,priest,shadow,18,13,5
Lõkî,malganis,1248,priest,shadow,30,20,10
Xxmewo,sargeras,1248,priest,shadow,24,13,11
Jpwz,barthilas,1247,priest,shadow,18,13,5
Wombitpurple,azgalor,1247,priest,shadow,24,13,11
Solraea,stormrage,1246,priest,shadow,30,20,10
Kemsety,nemesis,1246,priest,shadow,24,13,11
Dazzlems,tichondrius,1246,priest,shadow,86,45,41
Quinlan,dreadmaul,1246,priest,shadow,40,19,21
Demples,darkspear,1245,priest,shadow,30,20,10
Fanfansp,tichondrius,1244,priest,shadow,18,13,5
Uvebeendead,the-forgotten-coast,1244,priest,shadow,103,55,48
Smitymouse,tichondrius,1243,priest,shadow,24,13,11
Sakuraginero,illidan,1243,priest,shadow,24,13,11
Chudeton,ragnaros,1243,priest,shadow,24,13,11
Cheez,tichondrius,1243,priest,shadow,136,61,75
Shadowjisha,emerald-dream,1243,priest,shadow,33,14,19
Pri,jubeithos,1242,priest,shadow,18,13,5
Tradcath,illidan,1242,priest,shadow,37,26,11
Ashidox,proudmoore,1242,priest,shadow,27,14,13
Nóin,tichondrius,1242,priest,shadow,89,37,52
Zïv,frostmourne,1241,priest,shadow,24,13,11
Iamgayx,kelthuzad,1240,priest,shadow,24,13,11
Layrissa,whisperwind,1240,priest,shadow,30,16,14
Xedus,mannoroth,1240,priest,shadow,74,37,37
Kushie,saurfang,1240,priest,shadow,36,16,20
Toxictampax,azjolnerub,1239,priest,shadow,22,14,8
Dockani,sargeras,1239,priest,shadow,90,45,45
Dilly,tichondrius,1238,priest,shadow,21,14,7
Veliarcy,sargeras,1238,priest,shadow,24,13,11
Khenshin,ragnaros,1237,priest,shadow,110,63,47
Nums,tichondrius,1236,priest,shadow,48,25,23
Mindraker,turalyon,1236,priest,shadow,37,19,18
Tydïus,illidan,1235,priest,shadow,24,13,11
Rykispriest,tichondrius,1234,priest,shadow,18,13,5
Touchypriest,jaedenar,1234,priest,shadow,24,13,11
Shadowyeti,illidan,1233,priest,shadow,18,13,5
Vikingkøng,ragnaros,1233,priest,shadow,18,13,5
Boogle,frostmourne,1233,priest,shadow,77,32,45
Cykle,blackrock,1233,priest,shadow,42,13,29
Allenád,dalaran,1231,priest,shadow,24,13,11
Bmô,stormrage,1230,priest,shadow,58,27,31
Jiedx,tichondrius,1230,priest,shadow,35,14,21
Elam,ragnaros,1229,priest,shadow,53,19,34
Boill,illidan,1228,priest,shadow,18,13,5
Fadedvoid,malorne,1228,priest,shadow,18,13,5
Faithhealing,zuljin,1228,priest,shadow,118,61,57
Kaermor,stormrage,1228,priest,shadow,78,34,44
Jaxette,tichondrius,1227,priest,shadow,58,25,33
Healzahoe,sargeras,1227,priest,shadow,38,14,24
Epijho,area-52,1226,priest,shadow,66,31,35
Qwertymushi,illidan,1225,priest,shadow,82,38,44
Omenous,area-52,1225,priest,shadow,136,62,74
Nyktøs,quelthalas,1224,priest,shadow,90,39,51
Lesplief,bleeding-hollow,1217,priest,shadow,43,25,18
Nøpè,tichondrius,1217,priest,shadow,54,30,24
Bojanglings,undermine,1217,priest,shadow,48,17,31
Clayphace,darkspear,1216,priest,shadow,63,29,34
Kàiju,zuljin,1216,priest,shadow,60,27,33
Moon,moonrunner,1215,priest,shadow,59,30,29
Khaibit,stormrage,1214,priest,shadow,97,57,40
Liar,stormrage,1214,priest,shadow,24,13,11
Kibariyb,drakkari,1213,priest,shadow,36,13,23
Naieth,aerie-peak,1212,priest,shadow,111,47,64
Ariandraice,tichondrius,1211,priest,shadow,30,13,17
Tylored,zuljin,1211,priest,shadow,54,22,32
Pipiwiwi,tichondrius,1210,priest,shadow,23,13,10
Dpdead,frostmourne,1209,priest,shadow,29,13,16
Madjak,lightnings-blade,1208,priest,shadow,22,15,7
Matafuka,ragnaros,1208,priest,shadow,126,63,63
Sorrowful,mannoroth,1208,priest,shadow,29,13,16
Castnngcouch,tichondrius,1207,priest,shadow,42,21,21
Discpi,illidan,1202,priest,shadow,78,34,44
Tictactoejc,tichondrius,1200,priest,shadow,18,14,4
Aeingel,amanthul,1200,priest,shadow,190,87,103
Senumbra,tichondrius,1200,priest,shadow,36,16,20
Vynardis,arygos,1199,priest,shadow,67,31,36
Discountay,burning-legion,1197,priest,shadow,43,23,20
Priestmain,thrall,1196,priest,shadow,42,20,22
Willibald,eldrethalas,1196,priest,shadow,58,22,36
Hairypenance,sargeras,1194,priest,shadow,23,13,10
Eggmccheese,stormrage,1194,priest,shadow,101,52,49
Dëmise,illidan,1194,priest,shadow,30,15,15
Hüde,stormrage,1194,priest,shadow,143,69,74
Sacerdotick,gallywix,1192,priest,shadow,35,13,22
Whisper,zuljin,1190,priest,shadow,43,23,20
Papergaruru,illidan,1188,priest,shadow,58,25,33
Judgejudyx,tichondrius,1187,priest,shadow,29,13,16
Aflstan,frostmourne,1185,priest,shadow,57,34,23
Sinkz,ragnaros,1183,priest,shadow,22,13,9
Locjawbe,area-52,1183,priest,shadow,65,29,36
Drakracs,doomhammer,1183,priest,shadow,54,18,36
Cursèlol,tichondrius,1182,priest,shadow,17,13,4
Vvti,quelthalas,1182,priest,shadow,34,20,14
Anathamaz,stormrage,1182,priest,shadow,36,13,23
Bigmollet,tichondrius,1181,priest,shadow,145,57,88
Hitful,azralon,1180,priest,shadow,54,30,24
Pestî,area-52,1180,priest,shadow,99,46,53
Fullfear,lothar,1178,priest,shadow,26,13,13
Darksheals,barthilas,1176,priest,shadow,30,22,8
Nèurósis,area-52,1172,priest,shadow,29,13,16
Holyphotoz,tichondrius,1171,priest,shadow,60,28,32
Urmorphine,area-52,1170,priest,shadow,215,112,103
Zelashan,proudmoore,1170,priest,shadow,30,14,16
Agraciada,illidan,1164,priest,shadow,57,32,25
Pathunn,draenor,1164,priest,shadow,26,13,13
Chinchillin,demon-soul,1159,priest,shadow,243,122,121
Overcastedxo,kelthuzad,1157,priest,shadow,129,69,60
Doctafuzz,muradin,1157,priest,shadow,49,26,23
Yaann,zuljin,1157,priest,shadow,60,31,29
Merlynaah,azralon,1153,priest,shadow,60,34,26
Lisaa,madoran,1153,priest,shadow,54,27,27
Devî,magtheridon,1153,priest,shadow,36,15,21
Snakklè,illidan,1152,priest,shadow,18,13,5
Raxii,area-52,1152,priest,shadow,18,12,6
Taxzury,tichondrius,1152,priest,shadow,18,12,6
Ejrs,altar-of-storms,1152,priest,shadow,18,12,6
Wojangles,zuljin,1151,priest,shadow,18,12,6
Playsoon,illidan,1151,priest,shadow,18,12,6
Heàl,akama,1151,priest,shadow,24,12,12
Airil,mugthol,1150,priest,shadow,18,12,6
Shadowp,shattered-halls,1150,priest,shadow,24,12,12
Spôoky,illidan,1150,priest,shadow,24,12,12
Bàttlepriest,nagrand,1150,priest,shadow,42,19,23
Nohealerhere,frostmourne,1149,priest,shadow,18,12,6
Frëÿjä,proudmoore,1149,priest,shadow,24,13,11
Studpriest,tichondrius,1149,priest,shadow,24,12,12
Zhangtanchi,moon-guard,1148,priest,shadow,30,12,18
Empty,frostmourne,1147,priest,shadow,18,12,6
Nùm,tichondrius,1147,priest,shadow,21,13,8
Delai,dalaran,1146,priest,shadow,24,12,12
Teccalil,tichondrius,1146,priest,shadow,24,12,12
Elitë,frostmourne,1145,priest,shadow,18,12,6
Tungus,shadowsong,1145,priest,shadow,18,12,6
Abednego,area-52,1145,priest,shadow,21,13,8
Soonya,arygos,1145,priest,shadow,45,24,21
Lidole,barthilas,1145,priest,shadow,30,12,18
Delrey,sargeras,1144,priest,shadow,24,12,12
Kk,fizzcrank,1144,priest,shadow,24,12,12
Tomseleck,frostmourne,1143,priest,shadow,30,13,17
Hesahoe,tichondrius,1141,priest,shadow,24,12,12
Bhruno,proudmoore,1140,priest,shadow,21,13,8
Olivianova,perenolde,1140,priest,shadow,24,12,12
Lyxorr,area-52,1139,priest,shadow,60,26,34
Holydarkness,quelthalas,1139,priest,shadow,76,30,46
Rucati,cenarius,1137,priest,shadow,47,21,26
Melas,stormrage,1136,priest,shadow,30,12,18
Antonietta,drakkari,1135,priest,shadow,23,12,11
Crashed,frostmourne,1134,priest,shadow,35,13,22
Voiddark,thrall,1130,priest,shadow,55,27,28
Midboss,illidan,1129,priest,shadow,36,20,16
Ëlliot,stormrage,1129,priest,shadow,39,19,20
Voidly,illidan,1127,priest,shadow,24,12,12
Davidx,tichondrius,1126,priest,shadow,28,14,14
Xïlencer,tichondrius,1125,priest,shadow,29,13,16
Aliciari,illidan,1125,priest,shadow,30,12,18
Seniorpickle,emerald-dream,1122,priest,shadow,26,15,11
Loldead,moonrunner,1118,priest,shadow,21,13,8
Icceeman,malganis,1117,priest,shadow,30,18,12
Fedodesubaco,gallywix,1117,priest,shadow,72,41,31
Fallenfaith,dathremar,1115,priest,shadow,78,43,35
Fearmongrol,bleeding-hollow,1114,priest,shadow,30,12,18
Shämus,dalaran,1113,priest,shadow,107,54,53
Saura,aegwynn,1111,priest,shadow,22,12,10
Aldrych,malganis,1111,priest,shadow,26,13,13
Thedarkshade,area-52,1110,priest,shadow,57,32,25
Ashleyrjx,nazjatar,1110,priest,shadow,24,13,11
Knglizward,stormrage,1110,priest,shadow,71,38,33
Raemara,quelthalas,1106,priest,shadow,26,13,13
Cloriquina,stormrage,1106,priest,shadow,42,14,28
Beansontoast,wyrmrest-accord,1101,priest,shadow,18,12,6
Eslaughter,twisting-nether,1100,priest,shadow,36,23,13
Knotsbury,dalaran,1096,priest,shadow,42,12,30
Shinyspriest,tichondrius,1095,priest,shadow,121,56,65
Pulpitò,ragnaros,1086,priest,shadow,20,12,8
Neehow,hyjal,1084,priest,shadow,91,50,41
Fila,azralon,1083,priest,shadow,26,12,14
Hørçrùx,tichondrius,1080,priest,shadow,23,12,11
Sterther,stormrage,1073,priest,shadow,81,33,48
Galice,archimonde,1066,priest,shadow,78,39,39
Beeds,sargeras,1066,priest,shadow,168,82,86
Halainpriest,undermine,1066,priest,shadow,30,14,16
Dtbündertree,nordrassil,1064,priest,shadow,17,12,5
Robhàlford,ragnaros,1061,priest,shadow,31,15,16
Valeknun,stormrage,1060,priest,shadow,42,27,15
Scormm,runetotem,1060,priest,shadow,48,23,25
Freebolte,frostmourne,1056,priest,shadow,12,11,1
Spookyman,malganis,1056,priest,shadow,18,11,7
Káldorei,proudmoore,1056,priest,shadow,18,11,7
Nynaeve,emerald-dream,1056,priest,shadow,18,11,7
Lastbubble,area-52,1056,priest,shadow,24,11,13
Patagoniabae,kelthuzad,1055,priest,shadow,12,11,1
Goblindat,illidan,1055,priest,shadow,18,13,5
Analogxz,nemesis,1055,priest,shadow,18,11,7
Chicoryx,illidan,1054,priest,shadow,18,11,7
Toddo,trollbane,1054,priest,shadow,18,11,7
Nutcollector,malganis,1054,priest,shadow,18,11,7
Rattyp,barthilas,1054,priest,shadow,18,11,7
Sleezi,emerald-dream,1054,priest,shadow,18,11,7
Bustit,azgalor,1054,priest,shadow,18,11,7
Eatmyspells,malganis,1053,priest,shadow,24,11,13
Toxicc,blackrock,1053,priest,shadow,24,11,13
Voidhearted,tichondrius,1053,priest,shadow,30,11,19
Talkura,tichondrius,1052,priest,shadow,12,11,1
Drteabaghaam,zuljin,1052,priest,shadow,18,11,7
Melterdecara,tichondrius,1052,priest,shadow,18,11,7
Cucksupreme,zuljin,1052,priest,shadow,24,11,13
Fancyspork,illidan,1052,priest,shadow,24,11,13
Legitgayirl,zuljin,1052,priest,shadow,24,11,13
Féarlust,demon-soul,1051,priest,shadow,18,11,7
Lunypriest,azralon,1051,priest,shadow,42,13,29
Azrothlol,kul-tiras,1050,priest,shadow,30,11,19
Boogieboop,frostmourne,1048,priest,shadow,18,11,7
Morboo,proudmoore,1048,priest,shadow,18,11,7
Murtrudin,andorhal,1048,priest,shadow,23,12,11
Clistyn,quelthalas,1048,priest,shadow,24,11,13
Sôuljah,skywall,1048,priest,shadow,32,13,19
Israfel,azralon,1047,priest,shadow,36,15,21
Ssphex,tichondrius,1046,priest,shadow,110,57,53
Pyetro,bleeding-hollow,1046,priest,shadow,24,11,13
Nocturnalx,moon-guard,1045,priest,shadow,18,11,7
Solrina,khazgoroth,1045,priest,shadow,18,11,7
Blueveins,muradin,1044,priest,shadow,36,13,23
Battlepope,the-scryers,1043,priest,shadow,61,34,27
Tasals,dragonmaw,1042,priest,shadow,30,12,18
Choppery,laughing-skull,1040,priest,shadow,18,11,7
Floofball,medivh,1038,priest,shadow,18,11,7
Angro,ragnaros,1037,priest,shadow,54,28,26
Yddwin,quelthalas,1036,priest,shadow,27,12,15
Kakao,stormreaver,1034,priest,shadow,30,11,19
Webba,azshara,1033,priest,shadow,30,11,19
Lotros,area-52,1025,priest,shadow,18,11,7
Alzu,ragnaros,1023,priest,shadow,23,11,12
Astraetus,zuljin,1021,priest,shadow,23,11,12
Kundalini,boulderfist,1019,priest,shadow,87,38,49
Hibot,illidan,1016,priest,shadow,72,34,38
Drkvagician,tichondrius,1016,priest,shadow,30,11,19
Brosbeforeho,tichondrius,1016,priest,shadow,36,11,25
Tinypuppyy,sargeras,1013,priest,shadow,55,20,35
Morningzz,tichondrius,1012,priest,shadow,22,12,10
Flopcroc,thrall,1012,priest,shadow,51,12,39
Daisydux,quelthalas,1011,priest,shadow,16,12,4
Schelleyyuki,tichondrius,1007,priest,shadow,17,11,6
Oglilptown,thunderlord,1005,priest,shadow,60,33,27
Nadrii,illidan,1002,priest,shadow,36,17,19
Púrplenurple,area-52,1000,priest,shadow,27,12,15
Shadynasti,azshara,999,priest,shadow,30,16,14
Suttle,kelthuzad,999,priest,shadow,21,11,10
Synergia,drakkari,999,priest,shadow,26,12,14
Bwansandi,blackrock,992,priest,shadow,50,15,35
Rigotakx,illidan,986,priest,shadow,33,12,21
Ipse,azshara,979,priest,shadow,138,72,66
Hydroman,black-dragonflight,974,priest,shadow,24,12,12
Fatherpruitt,illidan,968,priest,shadow,26,11,15
Lôvecraft,frostmourne,966,priest,shadow,25,11,14
Insindious,sargeras,963,priest,shadow,15,12,3
Verboden,kelthuzad,960,priest,shadow,12,10,2
Raizy,stormrage,960,priest,shadow,12,10,2
Novakaynersj,anetheron,960,priest,shadow,12,10,2
Nimabe,tichondrius,960,priest,shadow,12,10,2
Icarryozz,darkspear,960,priest,shadow,12,10,2
Evilgeniusx,area-52,960,priest,shadow,18,10,8
Ossirus,emerald-dream,960,priest,shadow,18,10,8
Anoumenon,tichondrius,960,priest,shadow,18,10,8
Piftw,illidan,960,priest,shadow,18,10,8
Jugeum,proudmoore,960,priest,shadow,18,10,8
Plumpkinn,kiljaeden,960,priest,shadow,18,10,8
Kissmyvoìd,frostmourne,960,priest,shadow,18,10,8
Xunjra,stormrage,960,priest,shadow,28,11,17
Diyel,area-52,959,priest,shadow,12,10,2
Rendoss,arathor,959,priest,shadow,12,10,2
Inflìctìøn,frostmourne,959,priest,shadow,12,10,2
Ayzen,emerald-dream,959,priest,shadow,18,10,8
Peppahmenthe,stormrage,959,priest,shadow,18,10,8
Bigmommyxo,whisperwind,959,priest,shadow,18,10,8
Wrinkletink,whisperwind,959,priest,shadow,18,10,8
Neonjii,tichondrius,959,priest,shadow,18,10,8
Brxddx,sargeras,959,priest,shadow,18,10,8
Pungentonion,tichondrius,959,priest,shadow,18,10,8
Philmacrakn,stormrage,959,priest,shadow,18,10,8
Vixova,illidan,959,priest,shadow,18,10,8
Bestpimp,frostmane,959,priest,shadow,18,10,8
Terý,dalaran,959,priest,shadow,24,10,14
Keepsleepin,stormrage,959,priest,shadow,24,10,14
Laq,proudmoore,959,priest,shadow,24,10,14
Felskie,tichondrius,958,priest,shadow,12,10,2
Deckx,khazgoroth,958,priest,shadow,16,11,5
Vandamnation,barthilas,958,priest,shadow,18,12,6
Drazzilbkcuf,area-52,958,priest,shadow,18,10,8
Madomie,bladefist,958,priest,shadow,18,10,8
Missiønary,area-52,958,priest,shadow,18,10,8
Otterblast,illidan,958,priest,shadow,18,10,8
Porffy,malygos,958,priest,shadow,18,10,8
Cerriôus,baelgun,958,priest,shadow,18,10,8
Pønt,sargeras,958,priest,shadow,24,10,14
Zikis,frostmourne,957,priest,shadow,30,10,20
Maiyennefer,proudmoore,956,priest,shadow,18,10,8
Imwithham,tichondrius,956,priest,shadow,18,10,8
Såx,stormreaver,956,priest,shadow,24,10,14
Halîth,terenas,955,priest,shadow,18,10,8
Gankdalf,draktharon,955,priest,shadow,18,10,8
Mathertia,dalaran,954,priest,shadow,18,10,8
Lätöxïkä,alleria,954,priest,shadow,24,10,14
Ragnálodbrok,ragnaros,953,priest,shadow,18,10,8
Capitancook,ragnaros,953,priest,shadow,94,37,57
Xora,frostmourne,952,priest,shadow,18,10,8
Pewzy,malganis,951,priest,shadow,18,10,8
Didittouchme,sargeras,949,priest,shadow,18,10,8
Kádábrá,tichondrius,943,priest,shadow,17,10,7
Ophiuchi,kiljaeden,938,priest,shadow,27,15,12
Turkings,proudmoore,936,priest,shadow,16,11,5
Bobe,sisters-of-elune,926,priest,shadow,72,24,48
Farnkxd,bleeding-hollow,925,priest,shadow,32,11,21
Cromekolo,tichondrius,919,priest,shadow,32,11,21
Aquathicks,alexstrasza,906,priest,shadow,17,11,6
Silmeriá,darkspear,904,priest,shadow,29,11,18
Pastorcilla,quelthalas,901,priest,shadow,27,11,16
Romero,blood-furnace,899,priest,shadow,206,97,109
Blackseries,tichondrius,895,priest,shadow,22,10,12
Khall,sargeras,895,priest,shadow,40,17,23
Exen,moon-guard,894,priest,shadow,18,11,7
Datcuban,illidan,894,priest,shadow,26,13,13
Ceoofvoid,moon-guard,894,priest,shadow,20,10,10
Ðecease,thrall,894,priest,shadow,20,10,10
Iyanne,nemesis,894,priest,shadow,32,10,22
Fósho,khadgar,891,priest,shadow,26,10,16
Berixa,stormscale,883,priest,shadow,11,10,1
Lockerest,sargeras,868,priest,shadow,41,13,28
Thelroman,moon-guard,866,priest,shadow,94,37,57
Henrywhopper,fizzcrank,864,priest,shadow,12,9,3
Æë,area-52,864,priest,shadow,12,9,3
Beibeihang,tichondrius,864,priest,shadow,12,9,3
Adelda,nazjatar,864,priest,shadow,12,9,3
Feverx,tichondrius,864,priest,shadow,12,9,3
Tiernocookie,illidan,864,priest,shadow,18,9,9
Wololo,emerald-dream,864,priest,shadow,18,9,9
Nutzz,malganis,864,priest,shadow,18,9,9
Rahtals,malganis,864,priest,shadow,18,9,9
Achllia,proudmoore,864,priest,shadow,18,9,9
Gordonramz,frostmourne,864,priest,shadow,18,9,9
Jdcii,tichondrius,864,priest,shadow,24,9,15
Barroq,azralon,864,priest,shadow,24,9,15
Dyhm,gorgonnash,863,priest,shadow,12,9,3
Charity,maelstrom,863,priest,shadow,12,9,3
Powerwordkék,area-52,863,priest,shadow,12,9,3
Osarin,sargeras,863,priest,shadow,12,9,3
Pumtootoot,tichondrius,863,priest,shadow,12,9,3
Sadomyhusein,eitrigg,863,priest,shadow,12,9,3
Küno,kelthuzad,863,priest,shadow,18,9,9
Gazdunk,dalaran,863,priest,shadow,18,9,9
Mks,barthilas,863,priest,shadow,18,9,9
Dnn,malganis,863,priest,shadow,18,9,9
Mallionse,wyrmrest-accord,863,priest,shadow,18,9,9
Jomez,area-52,863,priest,shadow,18,9,9
Càipirinha,tichondrius,863,priest,shadow,18,9,9
Smallpeilol,tichondrius,863,priest,shadow,18,9,9
Valerift,moon-guard,863,priest,shadow,18,9,9
Zêrø,aerie-peak,863,priest,shadow,24,9,15
Acpriest,tichondrius,863,priest,shadow,24,9,15
Flechyp,illidan,862,priest,shadow,12,9,3
Everblack,executus,862,priest,shadow,12,9,3
Vzell,kiljaeden,862,priest,shadow,18,9,9
Dóctóre,thrall,862,priest,shadow,18,9,9
Tyreliy,eitrigg,862,priest,shadow,18,9,9
Swartzp,tichondrius,862,priest,shadow,18,9,9
Nazgúl,lothar,862,priest,shadow,18,9,9
Faashrmpbtw,darkspear,861,priest,shadow,12,9,3
Slurppy,proudmoore,861,priest,shadow,12,9,3
Tmspongwo,tichondrius,861,priest,shadow,18,9,9
Coutúre,illidan,861,priest,shadow,24,9,15
Brutalla,illidan,861,priest,shadow,24,9,15
Morlie,icecrown,861,priest,shadow,24,9,15
Quadrela,baelgun,861,priest,shadow,24,9,15
Jawdypriest,barthilas,860,priest,shadow,12,9,3
Adíos,malganis,860,priest,shadow,18,9,9
Viejiyoh,ragnaros,860,priest,shadow,18,9,9
Wankenobi,stormrage,859,priest,shadow,18,9,9
Nuttsope,kiljaeden,859,priest,shadow,18,9,9
Krypts,shadow-council,859,priest,shadow,18,9,9
Synisteria,sargeras,858,priest,shadow,18,9,9
Sãoleozinho,azralon,858,priest,shadow,18,9,9
Digitalangel,area-52,858,priest,shadow,24,9,15
Beliál,ragnaros,857,priest,shadow,24,9,15
Rezzn,wyrmrest-accord,855,priest,shadow,24,9,15
Theophii,tichondrius,854,priest,shadow,24,9,15
Zaxine,moon-guard,854,priest,shadow,30,9,21
Mazahr,stormrage,852,priest,shadow,12,9,3
Lightbanter,emerald-dream,846,priest,shadow,24,9,15
Svytlana,thunderlord,843,priest,shadow,12,9,3
Kagamì,frostmane,843,priest,shadow,31,9,22
Touchedbygud,frostmourne,838,priest,shadow,18,9,9
Maldicius,emerald-dream,830,priest,shadow,23,9,14
Turböpriest,stormrage,828,priest,shadow,28,9,19
Nyrbana,onyxia,815,priest,shadow,15,10,5
Ariês,tichondrius,815,priest,shadow,15,9,6
Acabftp,zuljin,815,priest,shadow,15,9,6
Stylonious,hyjal,815,priest,shadow,15,9,6
Buc,barthilas,813,priest,shadow,15,9,6
Slctivhealng,area-52,804,priest,shadow,22,10,12
Fledgeling,frostmourne,799,priest,shadow,14,9,5
Bingleboi,area-52,798,priest,shadow,20,9,11
Hoshx,sargeras,783,priest,shadow,19,9,10
Reignsp,malganis,781,priest,shadow,19,9,10
Methwoman,barthilas,776,priest,shadow,16,11,5
Sanitizer,frostmourne,768,priest,shadow,12,8,4
Nilytha,trollbane,768,priest,shadow,12,8,4
Yaz,emerald-dream,768,priest,shadow,12,8,4
Lnoh,area-52,768,priest,shadow,12,8,4
Drinky,tichondrius,768,priest,shadow,12,8,4
Rôss,tichondrius,768,priest,shadow,12,8,4
Ruzhi,moon-guard,768,priest,shadow,12,8,4
Darkascended,arthas,768,priest,shadow,12,8,4
Tricklee,tichondrius,768,priest,shadow,12,8,4
Härpocrates,area-52,768,priest,shadow,12,8,4
Likeness,proudmoore,768,priest,shadow,12,8,4
Silentólògy,malganis,768,priest,shadow,12,8,4
Ahleven,tichondrius,768,priest,shadow,12,8,4
Nohesita,stormrage,768,priest,shadow,12,8,4
Skraitbussin,tichondrius,768,priest,shadow,12,8,4
Dazull,bleeding-hollow,768,priest,shadow,12,8,4
Sickfear,korgath,768,priest,shadow,14,8,6
Àústîn,moon-guard,768,priest,shadow,18,8,10
Skepix,lightbringer,768,priest,shadow,18,8,10
Vizzo,azralon,768,priest,shadow,18,8,10
Duhpriest,frostmourne,768,priest,shadow,18,8,10
Drosslolz,illidan,768,priest,shadow,18,8,10
Madmelter,emerald-dream,768,priest,shadow,18,8,10
Lisau,tichondrius,768,priest,shadow,18,8,10
Iluvwizkx,malganis,768,priest,shadow,18,8,10
Mydixi,stormrage,768,priest,shadow,18,8,10
Ripchadman,tichondrius,768,priest,shadow,18,8,10
Pâm,drakkari,768,priest,shadow,18,8,10
Deacoderx,area-52,768,priest,shadow,18,8,10
Popebenedix,barthilas,768,priest,shadow,18,8,10
Cenfade,sargeras,768,priest,shadow,18,8,10
Teetams,sargeras,768,priest,shadow,24,8,16
Synesis,bladefist,768,priest,shadow,24,8,16
Wizzlord,malganis,768,priest,shadow,24,8,16
Purplhaze,malganis,767,priest,shadow,12,8,4
Trashtruck,suramar,767,priest,shadow,12,8,4
Psychic,bladefist,767,priest,shadow,12,8,4
Valsong,argent-dawn,767,priest,shadow,12,8,4
Hairyboxx,frostmourne,767,priest,shadow,12,8,4
Mugiwarà,stormrage,767,priest,shadow,12,8,4
Sgssg,illidan,767,priest,shadow,12,8,4
Viq,stormrage,767,priest,shadow,12,8,4
Nellìel,whisperwind,767,priest,shadow,12,8,4
Shadowlords,emerald-dream,767,priest,shadow,12,8,4
Easyrevenge,kelthuzad,767,priest,shadow,12,8,4
Paidessanto,azralon,767,priest,shadow,12,8,4
Onfoenemm,tichondrius,767,priest,shadow,12,8,4
Yackle,dawnbringer,767,priest,shadow,12,8,4
Homonid,moon-guard,767,priest,shadow,12,8,4
Drtyror,area-52,767,priest,shadow,18,8,10
Valothrian,area-52,767,priest,shadow,18,8,10
Cybershade,tichondrius,767,priest,shadow,18,8,10
Zonozan,lightnings-blade,767,priest,shadow,18,8,10
Skelementary,magtheridon,767,priest,shadow,18,8,10
Igotubrah,malganis,767,priest,shadow,18,8,10
Smitepie,malganis,767,priest,shadow,18,8,10
Lostnlight,aggramar,767,priest,shadow,18,8,10
Vorva,kiljaeden,766,priest,shadow,12,8,4
Chroma,amanthul,766,priest,shadow,18,8,10
Clairvoyantt,tichondrius,766,priest,shadow,18,8,10
Jinzan,stormrage,766,priest,shadow,18,8,10
Blonkie,azgalor,766,priest,shadow,36,14,22
Sadinho,azralon,766,priest,shadow,24,8,16
Paal,quelthalas,765,priest,shadow,12,8,4
Avadrah,tichondrius,765,priest,shadow,12,8,4
Rustinheber,stormscale,765,priest,shadow,12,8,4
Klikk,illidan,765,priest,shadow,18,8,10
Zatannia,wyrmrest-accord,765,priest,shadow,18,8,10
Nachòs,wildhammer,765,priest,shadow,24,8,16
Playdohxz,frostmourne,764,priest,shadow,18,9,9
Prescella,sargeras,764,priest,shadow,24,8,16
Pactosombrio,azralon,763,priest,shadow,24,8,16
Juícifer,illidan,763,priest,shadow,24,8,16
Drkwispers,stormrage,762,priest,shadow,18,8,10
Speckilz,area-52,762,priest,shadow,26,8,18
Õjõ,illidan,759,priest,shadow,24,8,16
Anneir,moon-guard,756,priest,shadow,24,8,16
Aqusia,crushridge,753,priest,shadow,12,8,4
Memoria,emerald-dream,751,priest,shadow,15,9,6
Zultzqt,dalaran,750,priest,shadow,17,8,9
Jamashud,mannoroth,750,priest,shadow,18,8,10
Runswithrain,lethon,750,priest,shadow,23,8,15
Gedtemanager,dalaran,749,priest,shadow,12,8,4
Priestlaw,tichondrius,736,priest,shadow,22,8,14
Vorial,cenarion-circle,735,priest,shadow,17,8,9
Dilfshmu,sargeras,734,priest,shadow,16,9,7
Strazloraz,baelgun,719,priest,shadow,11,8,3
Holyhand,auchindoun,719,priest,shadow,15,9,6
Adrio,malorne,718,priest,shadow,17,8,9
Meegoshy,azuremyst,718,priest,shadow,17,8,9
Gorry,ragnaros,717,priest,shadow,18,9,9
Purplepil,sargeras,714,priest,shadow,20,9,11
Mikó,dawnbringer,714,priest,shadow,29,10,19
Druicytwo,illidan,713,priest,shadow,29,10,19
Shattershade,bleeding-hollow,711,priest,shadow,24,10,14
Glek,tichondrius,704,priest,shadow,22,8,14
Yrrep,kelthuzad,703,priest,shadow,16,8,8
Garbagépg,zuljin,702,priest,shadow,14,8,6
Peazyqt,tichondrius,687,priest,shadow,13,8,5
Psyfiend,agamaggan,672,priest,shadow,12,7,5
Grëýmåttèr,moon-guard,672,priest,shadow,12,7,5
Naùtilus,icecrown,672,priest,shadow,12,7,5
Freebolt,barthilas,672,priest,shadow,12,7,5
Lustily,zuljin,672,priest,shadow,12,7,5
Megamind,elune,672,priest,shadow,12,7,5
Lillyspr,malganis,672,priest,shadow,12,7,5
Twítch,bonechewer,672,priest,shadow,12,7,5
Diddlur,black-dragonflight,672,priest,shadow,12,7,5
Moonlightx,destromath,672,priest,shadow,12,7,5
Níghtcrawler,malganis,672,priest,shadow,12,7,5
Capriestson,fizzcrank,672,priest,shadow,12,7,5
Karkoza,proudmoore,672,priest,shadow,12,7,5
Divinehiicks,stormrage,672,priest,shadow,12,7,5
Zuuji,frostmourne,672,priest,shadow,12,7,5
Discs,detheroc,672,priest,shadow,12,7,5
Obeseheals,silvermoon,672,priest,shadow,12,7,5
Rubymisfit,sargeras,672,priest,shadow,12,7,5
Prizler,tichondrius,672,priest,shadow,12,7,5
Lontra,zangarmarsh,672,priest,shadow,12,7,5
Weach,moon-guard,672,priest,shadow,12,7,5
Wodturbo,bleeding-hollow,672,priest,shadow,12,7,5
Rottedjezus,dalaran,672,priest,shadow,12,7,5
Starp,tichondrius,672,priest,shadow,12,7,5
Lilsweet,stonemaul,672,priest,shadow,12,7,5
Xousa,area-52,672,priest,shadow,12,7,5
Nawtyforever,tichondrius,672,priest,shadow,12,7,5
Hårper,area-52,672,priest,shadow,12,7,5
Bucksp,zuljin,672,priest,shadow,12,7,5
Phéonìx,zuljin,672,priest,shadow,12,7,5
Kwiksi,arthas,672,priest,shadow,12,7,5
Coachsp,stormrage,672,priest,shadow,12,7,5
Whalexo,kelthuzad,672,priest,shadow,12,7,5
Nodorme,quelthalas,672,priest,shadow,12,7,5
Bugweeb,sargeras,672,priest,shadow,12,7,5
Javakhp,illidan,672,priest,shadow,12,7,5
Kyerñ,stormrage,672,priest,shadow,12,7,5
Aeøns,sargeras,672,priest,shadow,12,7,5
Toopriestly,deathwing,672,priest,shadow,12,7,5
Cheach,echo-isles,672,priest,shadow,12,7,5
Cryptoccocus,zuljin,672,priest,shadow,12,7,5
Tailsy,tichondrius,672,priest,shadow,12,7,5
Ikiteforhash,zuljin,672,priest,shadow,12,7,5
Kastwalker,earthen-ring,672,priest,shadow,12,7,5
Negans,tichondrius,672,priest,shadow,12,7,5
Blackaries,frostmourne,672,priest,shadow,12,7,5
Scøøb,malganis,672,priest,shadow,12,7,5
Facethevoid,stormrage,672,priest,shadow,16,9,7
Gles,quelthalas,672,priest,shadow,13,7,6
Eyedeas,tichondrius,672,priest,shadow,18,7,11
Aurilain,emerald-dream,672,priest,shadow,18,7,11
Donmartin,tichondrius,672,priest,shadow,18,7,11
Bigbrother,andorhal,672,priest,shadow,18,7,11
Silkky,frostwolf,672,priest,shadow,18,7,11
Dravi,azuremyst,672,priest,shadow,18,7,11
Nightious,malganis,672,priest,shadow,18,7,11
Gálfore,malganis,672,priest,shadow,18,7,11
Tenaebreu,tichondrius,672,priest,shadow,19,7,12
Chês,tichondrius,672,priest,shadow,24,7,17
Mindgamez,stormreaver,672,priest,shadow,24,7,17
Temnah,sargeras,672,priest,shadow,30,7,23
Lolsithlord,tichondrius,671,priest,shadow,12,7,5
Moonpenance,windrunner,671,priest,shadow,12,7,5
Preyforme,tichondrius,671,priest,shadow,12,7,5
Socknapper,sargeras,671,priest,shadow,12,7,5
Darkrics,barthilas,671,priest,shadow,12,7,5
Nastyyshadow,aegwynn,671,priest,shadow,12,7,5
Faukauf,zuljin,671,priest,shadow,12,7,5
Dovakhamut,illidan,671,priest,shadow,12,7,5
Diskordia,stormrage,671,priest,shadow,12,7,5
Pipete,frostmourne,671,priest,shadow,12,7,5
Voltstein,dalaran,671,priest,shadow,12,7,5
Spshady,aegwynn,671,priest,shadow,12,7,5
Chinstrap,zuljin,671,priest,shadow,12,7,5
Amanopriest,illidan,671,priest,shadow,12,7,5
Via,chogall,671,priest,shadow,13,7,6
Hootz,arygos,671,priest,shadow,18,7,11
Minarhy,moon-guard,671,priest,shadow,18,7,11
Sagis,moon-guard,671,priest,shadow,18,7,11
Tomriddlle,sargeras,671,priest,shadow,18,7,11
Shimz,andorhal,671,priest,shadow,18,7,11
Astralshadow,barthilas,671,priest,shadow,18,7,11
Dwarfxomp,ragnaros,671,priest,shadow,18,7,11
Pokeyoobutt,hydraxis,671,priest,shadow,18,7,11
Heion,detheroc,671,priest,shadow,18,7,11
Havefaith,whisperwind,671,priest,shadow,18,7,11
Torangi,tichondrius,671,priest,shadow,18,7,11
Shakinbust,stormrage,671,priest,shadow,24,7,17
Harlei,tichondrius,670,priest,shadow,12,7,5
Cylocibin,kiljaeden,670,priest,shadow,12,7,5
Showmemoney,saurfang,670,priest,shadow,12,7,5
Zaixse,illidan,670,priest,shadow,12,7,5
Nerfdisc,azralon,670,priest,shadow,12,7,5
Montcrief,tichondrius,670,priest,shadow,12,7,5
Iseeyoulookn,stormrage,670,priest,shadow,16,8,8
Noodloctopus,area-52,670,priest,shadow,16,8,8
Rhapsidy,barthilas,669,priest,shadow,15,8,7
Gabryanna,emerald-dream,669,priest,shadow,24,7,17
Rijonkulous,area-52,668,priest,shadow,18,7,11
Pharaoh,deathwing,668,priest,shadow,24,7,17
Bellalugosi,auchindoun,667,priest,shadow,12,7,5
Lampshayd,sargeras,665,priest,shadow,12,7,5
Chiavenatto,quelthalas,665,priest,shadow,12,7,5
Antiraus,aerie-peak,664,priest,shadow,18,7,11
Bustyhealz,aggramar,658,priest,shadow,12,7,5
Lucifena,darkspear,639,priest,shadow,11,7,4
Metaila,aerie-peak,639,priest,shadow,11,7,4
Chapyh,malganis,639,priest,shadow,17,7,10
Holliebell,zuljin,639,priest,shadow,17,7,10
Bouffantbibl,tichondrius,639,priest,shadow,20,8,12
Emmitson,scarlet-crusade,638,priest,shadow,28,7,21
Chiliy,frostmourne,623,priest,shadow,11,7,4
Ahualol,tichondrius,622,priest,shadow,15,7,8
Pootang,hyjal,618,priest,shadow,20,10,10
Misera,area-52,614,priest,shadow,19,8,11
Dispersed,thrall,607,priest,shadow,14,7,7
Sinaxia,sargeras,607,priest,shadow,17,7,10
Hölyfury,illidan,607,priest,shadow,17,7,10
Flowerpetals,emerald-dream,599,priest,shadow,21,7,14
Nylaza,kiljaeden,592,priest,shadow,19,7,12
Ìforted,zuljin,587,priest,shadow,19,7,12
Umberries,dreadmaul,585,priest,shadow,19,10,9
Innovate,dragonmaw,576,priest,shadow,6,6,0
Beerbellý,frostmourne,576,priest,shadow,6,6,0
Dotsfortots,malfurion,576,priest,shadow,6,6,0
Applepiezz,tichondrius,576,priest,shadow,6,6,0
Katjaa,quelthalas,576,priest,shadow,6,6,0
Moonwald,moon-guard,576,priest,shadow,6,6,0
Ferdi,sargeras,576,priest,shadow,6,6,0
Vampdro,arthas,576,priest,shadow,6,6,0
Nayzarh,darkspear,576,priest,shadow,6,6,0
Ipanicshart,trollbane,576,priest,shadow,6,6,0
Sydgames,area-52,576,priest,shadow,6,6,0
Outskilled,illidan,576,priest,shadow,6,6,0
Jamajuice,thrall,576,priest,shadow,6,6,0
Dradinx,illidan,576,priest,shadow,7,6,1
Zsofi,rivendare,576,priest,shadow,12,6,6
Mindgames,the-underbog,576,priest,shadow,12,6,6
Kovulol,area-52,576,priest,shadow,12,6,6
Wv,kelthuzad,576,priest,shadow,12,6,6
Domosmite,illidan,576,priest,shadow,12,6,6
Nelfonshelf,hyjal,576,priest,shadow,12,6,6
Kywole,area-52,576,priest,shadow,12,6,6
Doctapvp,stormrage,576,priest,shadow,12,6,6
Jeremyissped,proudmoore,576,priest,shadow,12,6,6
Toastspriest,tichondrius,576,priest,shadow,12,6,6
Lleak,tichondrius,576,priest,shadow,12,6,6
Eddysmokes,tichondrius,576,priest,shadow,12,6,6
Dream,kelthuzad,576,priest,shadow,12,6,6
Ershackleton,illidan,576,priest,shadow,12,6,6
Faztwo,illidan,576,priest,shadow,12,6,6
Zipzx,tichondrius,576,priest,shadow,12,6,6
Xpenance,ragnaros,576,priest,shadow,12,6,6
Faenzal,area-52,576,priest,shadow,12,6,6
Kessavannell,frostwolf,576,priest,shadow,12,6,6
Virsyti,area-52,576,priest,shadow,12,6,6
Wheelson,wildhammer,576,priest,shadow,12,6,6
Vengep,sargeras,576,priest,shadow,12,6,6
Froackey,agamaggan,576,priest,shadow,12,6,6
Enaan,proudmoore,576,priest,shadow,12,6,6
Shuterx,tichondrius,576,priest,shadow,12,6,6
Hanavoid,stormrage,576,priest,shadow,12,6,6
Ozzx,stormrage,576,priest,shadow,12,6,6
Mindflay,tichondrius,576,priest,shadow,12,6,6
Secretpriest,tichondrius,576,priest,shadow,12,6,6
Shadowspain,stormrage,576,priest,shadow,12,6,6
Drognar,lightbringer,576,priest,shadow,12,6,6
Shadowdesire,area-52,576,priest,shadow,12,6,6
Lovvely,drakkari,576,priest,shadow,12,6,6
Sped,saurfang,576,priest,shadow,12,6,6
Fitchbucker,sargeras,576,priest,shadow,12,6,6
Evansong,frostmane,576,priest,shadow,12,6,6
Carosene,thrall,576,priest,shadow,12,6,6
Imshadow,azralon,576,priest,shadow,12,6,6
Zeacho,proudmoore,576,priest,shadow,12,6,6
Jrøck,malganis,576,priest,shadow,12,6,6
Silverblacks,quelthalas,576,priest,shadow,12,6,6
Ôverweight,sargeras,576,priest,shadow,12,6,6
Spriestbro,emerald-dream,576,priest,shadow,12,6,6
Bipölar,area-52,576,priest,shadow,12,6,6
Yiptawh,area-52,576,priest,shadow,12,6,6
Rebdomine,magtheridon,576,priest,shadow,12,6,6
Bllitzxkreig,tichondrius,576,priest,shadow,12,6,6
Plaguepumper,sargeras,576,priest,shadow,12,6,6
Dellah,stormrage,576,priest,shadow,12,6,6
Heb,thrall,576,priest,shadow,12,6,6
Cephalopod,tichondrius,576,priest,shadow,18,6,12
Evaldi,proudmoore,576,priest,shadow,18,6,12
Caeda,icecrown,576,priest,shadow,18,6,12
Spriestes,thrall,575,priest,shadow,6,6,0
Azuvah,proudmoore,575,priest,shadow,6,6,0
Alienà,arthas,575,priest,shadow,12,6,6
Morne,shadow-council,575,priest,shadow,12,6,6
Empower,garrosh,575,priest,shadow,12,6,6
Linarastia,blackrock,575,priest,shadow,12,6,6
Vashyy,stormrage,575,priest,shadow,12,6,6
Rustydisc,area-52,575,priest,shadow,12,6,6
Rtdarkcraft,ragnaros,575,priest,shadow,12,6,6
Çovidònenine,tichondrius,575,priest,shadow,12,6,6
Mêrlin,duskwood,575,priest,shadow,12,6,6
Unclelively,dragonmaw,575,priest,shadow,12,6,6
Ricksanchez,moonrunner,575,priest,shadow,12,6,6
Drsonny,proudmoore,575,priest,shadow,12,6,6
Xinthra,stormrage,575,priest,shadow,12,6,6
Xð,jubeithos,575,priest,shadow,12,6,6
Vøíd,sargeras,575,priest,shadow,18,6,12
Makade,sargeras,575,priest,shadow,18,6,12
Farnzz,malganis,575,priest,shadow,18,6,12
Mäe,nemesis,575,priest,shadow,18,6,12
Asmitä,stormrage,575,priest,shadow,18,6,12
Vadalma,tichondrius,574,priest,shadow,6,6,0
Duhk,moon-guard,574,priest,shadow,12,6,6
Papipreach,sargeras,574,priest,shadow,12,6,6
Ðaddÿ,bleeding-hollow,574,priest,shadow,12,6,6
Dhader,area-52,574,priest,shadow,20,6,14
Machiomora,dunemaul,573,priest,shadow,12,6,6
Shadowpáin,ragnaros,573,priest,shadow,12,6,6
Raelintha,kelthuzad,571,priest,shadow,15,7,8
Leshlight,azuremyst,571,priest,shadow,30,6,24
Shadowbishop,barthilas,570,priest,shadow,12,6,6
Amazo,nemesis,570,priest,shadow,12,6,6
Holysheht,icecrown,566,priest,shadow,12,6,6
Kkpriest,frostmourne,566,priest,shadow,12,6,6
Sarkozzlol,tichondrius,543,priest,shadow,8,7,1
Yourlife,baelgun,543,priest,shadow,11,6,5
Anttila,ragnaros,543,priest,shadow,17,6,11
Nuggetree,tichondrius,527,priest,shadow,11,6,5
Sársaukis,illidan,527,priest,shadow,21,6,15
Ácÿd,nemesis,522,priest,shadow,16,8,8
Dlysexic,barthilas,522,priest,shadow,16,7,9
Toxicspriest,kelthuzad,522,priest,shadow,18,7,11
Jesstical,frostmourne,522,priest,shadow,21,7,14
Veressà,quelthalas,522,priest,shadow,25,8,17
Highdiverx,tichondrius,521,priest,shadow,14,7,7
Totorostarp,tichondrius,521,priest,shadow,22,8,14
Dingldangle,tichondrius,512,priest,shadow,10,6,4
Círe,bleeding-hollow,511,priest,shadow,8,6,2
Sjah,whisperwind,511,priest,shadow,14,6,8
Xenmas,sargeras,511,priest,shadow,14,6,8
Shaurana,stormrage,504,priest,shadow,24,7,17
Quantumchip,sargeras,489,priest,shadow,14,7,7
Kergok,stormrage,480,priest,shadow,6,5,1
Liloffended,sargeras,480,priest,shadow,6,5,1
Naít,stormrage,480,priest,shadow,6,5,1
Chervz,chogall,480,priest,shadow,6,5,1
Flush,moon-guard,480,priest,shadow,6,5,1
Foolishelf,malygos,480,priest,shadow,6,5,1
Schaos,azralon,480,priest,shadow,6,5,1
Topg,icecrown,480,priest,shadow,6,5,1
Seanuts,emerald-dream,480,priest,shadow,6,5,1
Keynath,burning-blade,480,priest,shadow,6,5,1
Saucy,muradin,480,priest,shadow,6,5,1
Waterbottlé,bleeding-hollow,480,priest,shadow,6,5,1
Polarnight,zuljin,480,priest,shadow,6,5,1
Death,firetree,480,priest,shadow,6,5,1
Lévophed,tichondrius,480,priest,shadow,6,5,1
Bigpenance,illidan,480,priest,shadow,6,5,1
Novasp,sargeras,480,priest,shadow,6,5,1
Groove,kelthuzad,480,priest,shadow,6,5,1
Tensorflow,tichondrius,480,priest,shadow,6,5,1
Batil,proudmoore,480,priest,shadow,6,5,1
Jezebëll,nemesis,480,priest,shadow,6,5,1
Komy,tichondrius,480,priest,shadow,6,5,1
Kraèdos,wyrmrest-accord,480,priest,shadow,6,5,1
Stocktonca,tichondrius,480,priest,shadow,6,5,1
Demise,frostmourne,480,priest,shadow,6,5,1
Myòvó,tichondrius,480,priest,shadow,6,5,1
Ãbelladanger,area-52,480,priest,shadow,6,5,1
Flynni,bleeding-hollow,480,priest,shadow,6,5,1
Penite,icecrown,480,priest,shadow,6,5,1
Atheistbtw,sargeras,480,priest,shadow,6,5,1
Fiéstah,illidan,480,priest,shadow,6,5,1
Hinako,kelthuzad,480,priest,shadow,6,5,1
Ihealstupid,area-52,480,priest,shadow,6,5,1
Mdt,tichondrius,480,priest,shadow,12,5,7
Ariellie,area-52,480,priest,shadow,12,5,7
Moä,nemesis,480,priest,shadow,12,5,7
Orderic,ragnaros,480,priest,shadow,12,5,7
Fatzzbtw,illidan,480,priest,shadow,12,5,7
Mistweaver,tichondrius,480,priest,shadow,12,5,7
Halö,area-52,480,priest,shadow,12,5,7
Soulistic,arygos,480,priest,shadow,12,5,7
Imightdie,moon-guard,480,priest,shadow,12,5,7
Sacrileges,crushridge,480,priest,shadow,12,5,7
Burfdaycake,malganis,480,priest,shadow,12,5,7
Sohalexs,tichondrius,480,priest,shadow,12,5,7
Detainedz,malganis,480,priest,shadow,12,5,7
Ajonti,emerald-dream,480,priest,shadow,12,5,7
Cryptron,tichondrius,480,priest,shadow,12,5,7
Müyrica,ragnaros,480,priest,shadow,12,5,7
Bomanic,sargeras,480,priest,shadow,12,5,7
Enternight,sargeras,480,priest,shadow,12,5,7
Lucariö,area-52,480,priest,shadow,12,5,7
Littledog,velen,480,priest,shadow,12,5,7
Zaele,ravenholdt,480,priest,shadow,12,5,7
Karaasbull,tichondrius,480,priest,shadow,12,5,7
Flukex,tichondrius,480,priest,shadow,12,5,7
Minnowhead,kelthuzad,480,priest,shadow,12,5,7
Nogroupies,tichondrius,480,priest,shadow,12,5,7
Magiccoon,tichondrius,480,priest,shadow,12,5,7
Darkforms,azralon,480,priest,shadow,12,5,7
Faxingberlin,sargeras,480,priest,shadow,12,5,7
Melaní,stormrage,480,priest,shadow,12,5,7
Zoomxzoom,stormrage,480,priest,shadow,12,5,7
Hygeïa,lightbringer,480,priest,shadow,12,5,7
Goblindruid,bleeding-hollow,480,priest,shadow,12,5,7
Nås,elune,480,priest,shadow,12,5,7
Optimism,frostmane,480,priest,shadow,12,5,7
Mookelina,stormrage,480,priest,shadow,12,5,7
Layyton,anvilmar,480,priest,shadow,12,5,7
Saxyniknowit,nerzhul,480,priest,shadow,12,5,7
Dmlx,frostmourne,480,priest,shadow,12,5,7
Sâltý,stormrage,480,priest,shadow,12,5,7
Taofang,wyrmrest-accord,480,priest,shadow,12,5,7
Kabutta,stormrage,480,priest,shadow,12,5,7
Jenastreaux,wyrmrest-accord,480,priest,shadow,12,5,7
Seraphims,moon-guard,480,priest,shadow,12,5,7
Kayodee,stormrage,480,priest,shadow,12,5,7
Puffpuffsz,illidan,480,priest,shadow,12,5,7
Bambõõ,barthilas,480,priest,shadow,12,5,7
Zayynah,illidan,480,priest,shadow,12,5,7
Analytic,zuljin,480,priest,shadow,12,5,7
Wormpie,duskwood,480,priest,shadow,12,5,7
Onizukakeiji,hyjal,480,priest,shadow,12,5,7
Umbrous,ysera,480,priest,shadow,12,5,7
Everest,barthilas,480,priest,shadow,12,5,7
Bunked,bleeding-hollow,480,priest,shadow,12,5,7
Rätcömpx,bleeding-hollow,480,priest,shadow,12,5,7
Senadori,azjolnerub,480,priest,shadow,12,5,7
Zerohoür,emerald-dream,480,priest,shadow,16,6,10
Stillmatick,tichondrius,480,priest,shadow,16,6,10
Nedajoon,tichondrius,480,priest,shadow,17,6,11
Guillotine,azralon,480,priest,shadow,18,5,13
Sybal,suramar,480,priest,shadow,19,5,14
Paradoxbot,kelthuzad,479,priest,shadow,6,5,1
Artheratus,sargeras,479,priest,shadow,6,5,1
Darkills,tichondrius,479,priest,shadow,6,5,1
Hanzuki,illidan,479,priest,shadow,6,5,1
Kraath,quelthalas,479,priest,shadow,6,5,1
Notahero,tichondrius,479,priest,shadow,6,5,1
Moardotsa,tichondrius,479,priest,shadow,12,5,7
Wolfeclipse,sargeras,479,priest,shadow,12,5,7
Shadoword,moon-guard,479,priest,shadow,12,5,7
Squekp,laughing-skull,479,priest,shadow,12,5,7
Knoxy,fizzcrank,479,priest,shadow,12,5,7
Rippmmr,frostmourne,479,priest,shadow,18,5,13
Malacanter,stormrage,479,priest,shadow,24,5,19
Thehern,tichondrius,463,priest,shadow,11,5,6
Wiiuwiiu,malganis,447,priest,shadow,11,5,6
Forober,queldorei,446,priest,shadow,10,6,4
Aerena,anvilmar,442,priest,shadow,21,7,14
Ryanrealz,tichondrius,432,priest,shadow,9,6,3
Drdragonlee,illidan,432,priest,shadow,15,6,9
Veilozity,tichondrius,432,priest,shadow,15,5,10
Sohalex,tichondrius,431,priest,shadow,11,5,6
Bernhard,azralon,431,priest,shadow,11,5,6
Shietamazon,tichondrius,426,priest,shadow,16,6,10
Libationz,area-52,424,priest,shadow,25,8,17
Excellency,tichondrius,416,priest,shadow,10,5,5
Geetdum,garona,416,priest,shadow,16,5,11
Nizr,bleeding-hollow,399,priest,shadow,5,5,0
Dzikuss,aegwynn,384,priest,shadow,6,4,2
Shadowsop,tichondrius,384,priest,shadow,6,4,2
Prydas,tichondrius,384,priest,shadow,6,4,2
Næzha,thrall,384,priest,shadow,6,4,2
Inmøthep,ragnaros,384,priest,shadow,6,4,2
Backhairbb,tichondrius,384,priest,shadow,6,4,2
Kks,tichondrius,384,priest,shadow,6,4,2
Arkám,ragnaros,384,priest,shadow,6,4,2
Aladarian,tichondrius,384,priest,shadow,6,4,2
Capnjazz,illidan,384,priest,shadow,6,4,2
Willibob,spirestone,384,priest,shadow,6,4,2
Itha,illidan,384,priest,shadow,6,4,2
Balverix,tichondrius,384,priest,shadow,6,4,2
Karpfenlol,tichondrius,384,priest,shadow,6,4,2
Polygons,bronzebeard,384,priest,shadow,6,4,2
Gojo,khadgar,384,priest,shadow,6,4,2
Iifa,medivh,384,priest,shadow,6,4,2
Spliffx,stormrage,384,priest,shadow,6,4,2
Ferzhump,tichondrius,384,priest,shadow,6,4,2
Shádowforce,frostmourne,384,priest,shadow,6,4,2
Unclecam,tichondrius,384,priest,shadow,6,4,2
Yuricksus,malganis,384,priest,shadow,6,4,2
Jaysshadow,illidan,384,priest,shadow,6,4,2
Shieldspamx,tichondrius,384,priest,shadow,6,4,2
Crucïfïx,stormrage,384,priest,shadow,6,4,2
Tethy,saurfang,384,priest,shadow,6,4,2
Bigpurple,crushridge,384,priest,shadow,6,4,2
Gracio,illidan,384,priest,shadow,6,4,2
Lgt,tichondrius,384,priest,shadow,6,4,2
Whitewindmil,tichondrius,384,priest,shadow,6,4,2
Valtres,tichondrius,384,priest,shadow,6,4,2
Feminizm,tichondrius,384,priest,shadow,6,4,2
Træway,tichondrius,384,priest,shadow,6,4,2
Mutedox,frostmourne,384,priest,shadow,6,4,2
Genevieve,aggramar,384,priest,shadow,6,4,2
Zork,wildhammer,384,priest,shadow,6,4,2
Rvxy,tichondrius,384,priest,shadow,6,4,2
Ohshytt,illidan,384,priest,shadow,6,4,2
Trufumthunzi,malganis,384,priest,shadow,6,4,2
Killían,darkspear,384,priest,shadow,6,4,2
Tyssara,nemesis,384,priest,shadow,6,4,2
Tiinkerbell,moon-guard,384,priest,shadow,6,4,2
Nezukiorra,stormrage,384,priest,shadow,6,4,2
Devinere,tichondrius,384,priest,shadow,6,4,2
Quiglius,tichondrius,384,priest,shadow,6,4,2
Gudóngmáe,tichondrius,384,priest,shadow,6,4,2
Zulkmoon,ragnaros,384,priest,shadow,6,4,2
Hippocrat,kul-tiras,384,priest,shadow,6,4,2
Bax,kilrogg,384,priest,shadow,6,4,2
Comoli,tichondrius,384,priest,shadow,6,4,2
Mygameslaggy,area-52,384,priest,shadow,6,4,2
Moomoomilker,blackrock,384,priest,shadow,6,4,2
Pures,bleeding-hollow,384,priest,shadow,6,4,2
Bramstein,jubeithos,384,priest,shadow,6,4,2
Dotznbubblez,zuljin,384,priest,shadow,6,4,2
Lenigrast,blackrock,384,priest,shadow,6,4,2
Apothion,stormrage,384,priest,shadow,6,4,2
Carcus,lethon,384,priest,shadow,6,4,2
Urdaisyy,kelthuzad,384,priest,shadow,6,4,2
Ðrip,burning-legion,384,priest,shadow,6,4,2
Kynyssaelz,proudmoore,384,priest,shadow,6,4,2
Prostrat,deathwing,384,priest,shadow,6,4,2
Robertlee,stormrage,384,priest,shadow,6,4,2
Missrachel,kiljaeden,384,priest,shadow,6,4,2
Hesus,deathwing,384,priest,shadow,6,4,2
Insaniac,spirestone,384,priest,shadow,6,4,2
Bigskill,proudmoore,384,priest,shadow,6,4,2
Falsegöd,emerald-dream,384,priest,shadow,6,4,2
Marcusalan,emerald-dream,384,priest,shadow,6,4,2
Kaztorz,tichondrius,384,priest,shadow,6,4,2
Darkwhispr,bleeding-hollow,384,priest,shadow,6,4,2
Haedn,azralon,384,priest,shadow,6,4,2
Mäte,bleeding-hollow,384,priest,shadow,6,4,2
Sungsh,zuljin,384,priest,shadow,6,4,2
Kelendreth,lightnings-blade,384,priest,shadow,6,4,2
Äni,sargeras,384,priest,shadow,6,4,2
Footx,tichondrius,384,priest,shadow,6,4,2
Ahane,wyrmrest-accord,384,priest,shadow,6,4,2
Shutkap,sargeras,384,priest,shadow,6,4,2
Fåtê,area-52,384,priest,shadow,6,4,2
Lorpriest,area-52,384,priest,shadow,6,4,2
Elb,sargeras,384,priest,shadow,6,4,2
Arieme,akama,384,priest,shadow,6,4,2
Capriëstsun,tichondrius,384,priest,shadow,6,4,2
Hèxxen,moon-guard,384,priest,shadow,6,4,2
Pain,bloodscalp,384,priest,shadow,6,4,2
Pedacinho,stormrage,384,priest,shadow,9,4,5
Mfn,deathwing,384,priest,shadow,11,4,7
Jeezzmus,borean-tundra,384,priest,shadow,12,4,8
Oligan,quelthalas,384,priest,shadow,12,4,8
Fhelurian,quelthalas,384,priest,shadow,12,4,8
Aerith,barthilas,384,priest,shadow,12,4,8
Syncopy,azshara,384,priest,shadow,12,4,8
Gotshtdmg,malganis,384,priest,shadow,12,4,8
Thalladori,area-52,384,priest,shadow,12,4,8
Loganisdank,black-dragonflight,384,priest,shadow,12,4,8
Jinbo,frostmane,384,priest,shadow,12,4,8
Bigkey,malganis,384,priest,shadow,12,4,8
Qtpatoòtie,moon-guard,384,priest,shadow,12,4,8
Eazydots,area-52,384,priest,shadow,12,4,8
Aexdawg,malganis,384,priest,shadow,12,4,8
Fáll,bleeding-hollow,384,priest,shadow,12,4,8
Çïöÿêüäüöàüê,stormrage,384,priest,shadow,12,4,8
Shademán,stormrage,384,priest,shadow,12,4,8
Grimmyreap,malygos,384,priest,shadow,12,4,8
Heretoflay,tichondrius,384,priest,shadow,12,4,8
Éx,alterac-mountains,384,priest,shadow,12,4,8
Ptheld,tichondrius,384,priest,shadow,12,4,8
Superniceguy,kelthuzad,384,priest,shadow,12,4,8
Vundead,tichondrius,384,priest,shadow,12,4,8
Knowufearme,auchindoun,384,priest,shadow,12,4,8
Junethegreat,tichondrius,384,priest,shadow,12,4,8
Mïndgames,kelthuzad,384,priest,shadow,12,4,8
Vaeryl,stormrage,384,priest,shadow,12,4,8
Mìçah,fizzcrank,384,priest,shadow,12,4,8
Zacksnotcool,sargeras,384,priest,shadow,12,4,8
Hakunna,malganis,384,priest,shadow,12,4,8
Brickzy,dalaran,384,priest,shadow,12,4,8
Xebrios,zuljin,384,priest,shadow,12,4,8
Holydrop,sargeras,384,priest,shadow,12,4,8
Lerilu,stormrage,384,priest,shadow,12,4,8
Mannyelf,ragnaros,384,priest,shadow,12,4,8
Fatäl,moon-guard,384,priest,shadow,12,4,8
Jxkep,frostmourne,384,priest,shadow,12,4,8
Chen,chogall,384,priest,shadow,12,4,8
Dipidorko,proudmoore,384,priest,shadow,12,4,8
Jikoguu,stormscale,384,priest,shadow,12,4,8
Vinatt,illidan,384,priest,shadow,12,4,8
Nôtthehealer,sargeras,384,priest,shadow,12,4,8
Tokaru,frostmourne,384,priest,shadow,12,4,8
Birdstyle,zuljin,384,priest,shadow,12,4,8
Biggina,vashj,384,priest,shadow,12,4,8
Dàzle,chogall,384,priest,shadow,12,4,8
Eeffoc,zuljin,384,priest,shadow,12,4,8
Wallywanker,illidan,384,priest,shadow,12,4,8
Prophetboosh,tichondrius,384,priest,shadow,18,4,14
Aliorixa,stormrage,384,priest,shadow,18,4,14
Mistmare,dalaran,384,priest,shadow,24,4,20
Psydchick,sargeras,383,priest,shadow,6,4,2
Mikkik,zuljin,383,priest,shadow,6,4,2
Skky,nagrand,383,priest,shadow,6,4,2
Thefiveoh,malganis,383,priest,shadow,6,4,2
Holyshatt,kiljaeden,383,priest,shadow,7,4,3
Priestthingz,area-52,383,priest,shadow,14,5,9
Jammý,burning-legion,383,priest,shadow,12,4,8
Holydork,sargeras,383,priest,shadow,12,4,8
Hermïs,stormrage,383,priest,shadow,12,4,8
Unfriend,sargeras,383,priest,shadow,12,4,8
Luísthian,quelthalas,383,priest,shadow,12,4,8
Zyte,stormrage,383,priest,shadow,14,4,10
Kellandis,jubeithos,383,priest,shadow,18,4,14
Nocappappy,tichondrius,383,priest,shadow,18,4,14
Honeybunns,skywall,382,priest,shadow,6,4,2
Geulis,illidan,382,priest,shadow,12,4,8
Durgen,stormreaver,367,priest,shadow,17,4,13
Deathzpirit,kiljaeden,352,priest,shadow,10,4,6
Krossvoid,thrall,351,priest,shadow,8,5,3
Squirlydan,kaelthas,351,priest,shadow,11,4,7
Shadowbuzz,barthilas,336,priest,shadow,9,4,5
Tünt,barthilas,335,priest,shadow,11,4,7
Kalzu,tichondrius,335,priest,shadow,11,4,7
Likelydapper,tichondrius,330,priest,shadow,7,5,2
Allis,tichondrius,330,priest,shadow,10,5,5
Bionix,stormrage,330,priest,shadow,11,5,6
Sgiath,alleria,330,priest,shadow,15,6,9
Onlyphantoms,kelthuzad,330,priest,shadow,16,6,10
Arca,cenarion-circle,329,priest,shadow,24,5,19
Flick,draktharon,320,priest,shadow,10,4,6
Staroza,stormrage,320,priest,shadow,10,4,6
Babywetwipes,area-52,319,priest,shadow,5,4,1
Dotzallday,frostwolf,319,priest,shadow,8,4,4
Mallox,quelthalas,288,priest,shadow,6,3,3
Chewit,kargath,288,priest,shadow,6,3,3
Xuxu,frostmourne,288,priest,shadow,6,3,3
Champ,norgannon,288,priest,shadow,6,3,3
Intheway,bleeding-hollow,288,priest,shadow,6,3,3
Mattchu,alleria,288,priest,shadow,6,3,3
Vodd,khadgar,288,priest,shadow,6,3,3
Darterian,moon-guard,288,priest,shadow,6,3,3
Pheegawn,proudmoore,288,priest,shadow,6,3,3
Apnslickback,illidan,288,priest,shadow,6,3,3
Monytrain,emerald-dream,288,priest,shadow,6,3,3
Cln,bleeding-hollow,288,priest,shadow,6,3,3
Xsm,sargeras,288,priest,shadow,6,3,3
Noanswerr,proudmoore,288,priest,shadow,6,3,3
Wrathhealer,hellscream,288,priest,shadow,6,3,3
Exploded,moon-guard,288,priest,shadow,6,3,3
Bubbleguppyx,tichondrius,288,priest,shadow,6,3,3
Pwïëst,stormrage,288,priest,shadow,6,3,3
Chinadøll,emerald-dream,288,priest,shadow,6,3,3
Ej,altar-of-storms,288,priest,shadow,6,3,3
Lifeswap,area-52,288,priest,shadow,6,3,3
Gospels,tichondrius,288,priest,shadow,6,3,3
Dumbboxx,emerald-dream,288,priest,shadow,6,3,3
Angelmute,illidan,288,priest,shadow,6,3,3
Betrues,tichondrius,288,priest,shadow,6,3,3
Quxxie,illidan,288,priest,shadow,6,3,3
Chañing,frostmourne,288,priest,shadow,6,3,3
Polyxenus,moon-guard,288,priest,shadow,6,3,3
Nizanz,illidan,288,priest,shadow,6,3,3
Haransimongo,area-52,288,priest,shadow,6,3,3
Bubblebeasst,area-52,288,priest,shadow,6,3,3
Limèria,emerald-dream,288,priest,shadow,6,3,3
Greedypants,area-52,288,priest,shadow,6,3,3
Drelia,jubeithos,288,priest,shadow,6,3,3
Norastanne,moon-guard,288,priest,shadow,6,3,3
Holyhoward,moon-guard,288,priest,shadow,6,3,3
Suki,alleria,288,priest,shadow,6,3,3
Prosight,tichondrius,288,priest,shadow,6,3,3
Ohmylaanta,stormrage,288,priest,shadow,6,3,3
Oongawa,sargeras,288,priest,shadow,6,3,3
Compactdisc,gundrak,288,priest,shadow,6,3,3
Foxu,frostmourne,288,priest,shadow,6,3,3
Pezziate,tichondrius,288,priest,shadow,6,3,3
Whittysp,tichondrius,288,priest,shadow,6,3,3
Unforgivën,malganis,288,priest,shadow,6,3,3
Karnnagex,cenarion-circle,288,priest,shadow,6,3,3
Caiitlynn,quelthalas,288,priest,shadow,6,3,3
Menorsita,tichondrius,288,priest,shadow,6,3,3
Warmth,moon-guard,288,priest,shadow,6,3,3
Banmi,tichondrius,288,priest,shadow,6,3,3
Massjihad,illidan,288,priest,shadow,6,3,3
Strokkerzin,azralon,288,priest,shadow,6,3,3
Lolsodacans,malganis,288,priest,shadow,6,3,3
Kindyx,ragnaros,288,priest,shadow,6,3,3
Vended,zuljin,288,priest,shadow,6,3,3
Döllyy,illidan,288,priest,shadow,6,3,3
Fiziixjr,darkspear,288,priest,shadow,6,3,3
Egraner,drakkari,288,priest,shadow,6,3,3
Cappoo,tichondrius,288,priest,shadow,6,3,3
Spspsp,illidan,288,priest,shadow,6,3,3
Alexandriael,wyrmrest-accord,288,priest,shadow,6,3,3
Djuxx,zuljin,288,priest,shadow,6,3,3
Lishany,thrall,288,priest,shadow,6,3,3
Lyleth,lightnings-blade,288,priest,shadow,6,3,3
Shadymac,sargeras,288,priest,shadow,6,3,3
Bubblebuddí,tichondrius,288,priest,shadow,6,3,3
Vullena,moon-guard,288,priest,shadow,6,3,3
Scaadoosh,dalaran,288,priest,shadow,6,3,3
Quantumgoat,tichondrius,288,priest,shadow,6,3,3
Lemmecastpls,sargeras,288,priest,shadow,6,3,3
Shaðows,malganis,288,priest,shadow,6,3,3
Pengwu,moon-guard,288,priest,shadow,6,3,3
Akewnón,stormrage,288,priest,shadow,6,3,3
Itsawrapwrap,tichondrius,288,priest,shadow,6,3,3
Randyortonn,tichondrius,288,priest,shadow,6,3,3
Mynameis,dethecus,288,priest,shadow,6,3,3
Khallmir,goldrinn,288,priest,shadow,6,3,3
Jaliera,malganis,288,priest,shadow,6,3,3
Pgpriest,kelthuzad,288,priest,shadow,6,3,3
Leyspring,moon-guard,288,priest,shadow,6,3,3
Ollarlamente,zuljin,288,priest,shadow,6,3,3
Gaudthree,tichondrius,288,priest,shadow,6,3,3
Ceebomb,tichondrius,288,priest,shadow,6,3,3
Makaylaxo,tichondrius,288,priest,shadow,6,3,3
Yennz,tichondrius,288,priest,shadow,6,3,3
Raptorjesùs,azjolnerub,288,priest,shadow,6,3,3
Nightheals,sargeras,288,priest,shadow,6,3,3
Squatchlace,tichondrius,288,priest,shadow,6,3,3
Earebus,dalaran,288,priest,shadow,6,3,3
ßìrth,kelthuzad,288,priest,shadow,6,3,3
Nuclease,turalyon,288,priest,shadow,6,3,3
Ohsop,chogall,288,priest,shadow,6,3,3
Adelen,illidan,288,priest,shadow,6,3,3
Jol,aggramar,288,priest,shadow,6,3,3
Auras,boulderfist,288,priest,shadow,6,3,3
Mlkchocolate,kelthuzad,288,priest,shadow,6,3,3
Therev,malganis,288,priest,shadow,6,3,3
Leya,kiljaeden,288,priest,shadow,6,3,3
Dottiemcfee,alterac-mountains,288,priest,shadow,6,3,3
Pogchamp,alterac-mountains,288,priest,shadow,6,3,3
Sealife,kelthuzad,288,priest,shadow,6,3,3
Stromhardt,moon-guard,288,priest,shadow,6,3,3
Gód,moonrunner,288,priest,shadow,6,3,3
Persimmons,lightbringer,288,priest,shadow,6,3,3
Farinah,area-52,288,priest,shadow,6,3,3
Kíraki,stormrage,288,priest,shadow,6,3,3
Raebaelucky,malganis,288,priest,shadow,6,3,3
Lucènt,frostmourne,288,priest,shadow,6,3,3
Fracxured,sargeras,288,priest,shadow,6,3,3
Soloqqt,tichondrius,288,priest,shadow,6,3,3
Nécrofear,drakkari,288,priest,shadow,6,3,3
Healbôt,korialstrasz,288,priest,shadow,6,3,3
Kinkypriest,tichondrius,288,priest,shadow,6,3,3
Stroserous,hyjal,288,priest,shadow,6,3,3
Forbiddance,bloodhoof,288,priest,shadow,6,3,3
Samio,area-52,288,priest,shadow,6,3,3
Aliciab,andorhal,288,priest,shadow,6,3,3
Pepsí,kaelthas,288,priest,shadow,6,3,3
Runakk,stonemaul,288,priest,shadow,6,3,3
Issaley,tichondrius,288,priest,shadow,6,3,3
Nzuth,dalaran,288,priest,shadow,6,3,3
Kinkyfurr,tichondrius,288,priest,shadow,6,3,3
Crazchinkin,tichondrius,288,priest,shadow,6,3,3
Russbell,ragnaros,288,priest,shadow,6,3,3
Fantõm,tichondrius,288,priest,shadow,6,3,3
Brodesius,darkspear,288,priest,shadow,6,3,3
Etherrion,area-52,288,priest,shadow,6,3,3
Knowknows,tichondrius,288,priest,shadow,6,3,3
Henrykane,azgalor,288,priest,shadow,6,3,3
Sugerebb,stormrage,288,priest,shadow,6,3,3
Rockmore,malganis,288,priest,shadow,6,3,3
Cckilla,maiev,288,priest,shadow,6,3,3
Judeath,area-52,288,priest,shadow,6,3,3
Whehaw,kelthuzad,288,priest,shadow,6,3,3
Lucydrop,area-52,288,priest,shadow,6,3,3
Sumrand,frostmourne,288,priest,shadow,6,3,3
Troop,kelthuzad,288,priest,shadow,6,3,3
Ontherise,kelthuzad,288,priest,shadow,6,3,3
Reginaa,nemesis,288,priest,shadow,6,3,3
Ascundead,tichondrius,288,priest,shadow,6,3,3
Empyreanlite,dalaran,288,priest,shadow,6,3,3
Sìkarìa,illidan,288,priest,shadow,6,3,3
Moselol,tichondrius,288,priest,shadow,6,3,3
Mhorkarion,quelthalas,288,priest,shadow,6,3,3
Zadae,area-52,288,priest,shadow,6,3,3
Clearclouds,tichondrius,288,priest,shadow,6,3,3
Reâpêr,kelthuzad,288,priest,shadow,6,3,3
Voidballs,tichondrius,288,priest,shadow,6,3,3
Meditåtion,tichondrius,288,priest,shadow,6,3,3
Wrong,sargeras,288,priest,shadow,6,3,3
Shakarot,illidan,288,priest,shadow,6,3,3
Deeyna,stormrage,288,priest,shadow,6,3,3
Creepypp,tichondrius,288,priest,shadow,6,3,3
Onahaihu,tichondrius,288,priest,shadow,9,4,5
Cexcexyomi,tichondrius,288,priest,shadow,12,4,8
Timbi,sargeras,288,priest,shadow,15,4,11
Dunnbledore,area-52,288,priest,shadow,12,3,9
Alukel,moon-guard,288,priest,shadow,12,3,9
Nancynibbler,bleeding-hollow,288,priest,shadow,12,3,9
Krindalar,arthas,288,priest,shadow,12,3,9
Vergilangelo,thunderlord,288,priest,shadow,12,3,9
Voidnoodles,area-52,288,priest,shadow,12,3,9
Devøid,thrall,288,priest,shadow,12,3,9
Stantz,burning-legion,288,priest,shadow,12,3,9
Obscuriôn,moon-guard,288,priest,shadow,12,3,9
Demonllama,duskwood,288,priest,shadow,12,3,9
Maraquinn,bleeding-hollow,288,priest,shadow,12,3,9
Mortificatio,kargath,288,priest,shadow,12,3,9
Dendoriedis,kelthuzad,288,priest,shadow,12,3,9
Tastyloads,illidan,288,priest,shadow,12,3,9
Shadowpain,the-underbog,288,priest,shadow,12,3,9
Scaryspise,nathrezim,288,priest,shadow,12,3,9
Dreamteller,tichondrius,288,priest,shadow,12,3,9
Airn,tichondrius,288,priest,shadow,12,3,9
Xeras,ravencrest,288,priest,shadow,12,3,9
Poppyp,stormrage,288,priest,shadow,12,3,9
Tatmàn,dalaran,288,priest,shadow,12,3,9
Sybenela,proudmoore,288,priest,shadow,12,3,9
Näme,frostmourne,288,priest,shadow,12,3,9
Mandisa,skywall,288,priest,shadow,12,3,9
Valuations,tichondrius,288,priest,shadow,12,3,9
Giantqid,malganis,288,priest,shadow,18,3,15
Cultists,tichondrius,288,priest,shadow,18,3,15
Twistedbunny,zuljin,287,priest,shadow,6,3,3
Holybless,stormrage,287,priest,shadow,6,3,3
Desterk,quelthalas,287,priest,shadow,6,3,3
Grímmz,veknilash,287,priest,shadow,7,3,4
Telamorstus,illidan,287,priest,shadow,12,3,9
Kyriana,doomhammer,287,priest,shadow,18,3,15
Samanine,moon-guard,286,priest,shadow,12,3,9
Drzz,tichondrius,256,priest,shadow,4,4,0
Brodel,dark-iron,256,priest,shadow,10,3,7
Catoggio,tortheldrin,255,priest,shadow,8,4,4
Dhory,drakkari,255,priest,shadow,18,4,14
Youcute,norgannon,239,priest,shadow,5,3,2
Izoth,tichondrius,239,priest,shadow,5,3,2
Nmm,ravencrest,239,priest,shadow,5,3,2
Kikkomán,tichondrius,239,priest,shadow,11,3,8
Mindrip,illidan,234,priest,shadow,6,4,2
Thänatós,quelthalas,234,priest,shadow,11,5,6
Nocego,nemesis,234,priest,shadow,11,5,6
Rbmxp,barthilas,234,priest,shadow,9,4,5
Risedead,azralon,234,priest,shadow,10,4,6
Beeffdaddy,tichondrius,223,priest,shadow,8,3,5
Actiop,stormrage,223,priest,shadow,8,3,5
Suppòrt,stormrage,192,priest,shadow,4,3,1
Donkeycube,tichondrius,192,priest,shadow,4,3,1
Shadowblax,thrall,192,priest,shadow,4,3,1
Hyponikz,illidan,192,priest,shadow,11,4,7
Cyberpriest,stormrage,192,priest,shadow,6,2,4
Fadestepx,stormrage,192,priest,shadow,6,2,4
Vodrem,dalaran,192,priest,shadow,6,2,4
Priést,stormrage,192,priest,shadow,6,2,4
Spøokz,stormreaver,192,priest,shadow,6,2,4
Horsegirls,kelthuzad,192,priest,shadow,6,2,4
Reckless,kirin-tor,192,priest,shadow,6,2,4
Bradpríest,stormrage,192,priest,shadow,6,2,4
Shanshan,bladefist,192,priest,shadow,6,2,4
Nicksfury,stormrage,192,priest,shadow,6,2,4
Clickbait,spirestone,192,priest,shadow,6,2,4
Slowbreeze,sargeras,192,priest,shadow,6,2,4
Synrgy,sargeras,192,priest,shadow,6,2,4
Spook,boulderfist,192,priest,shadow,6,2,4
Pugsmugglerr,icecrown,192,priest,shadow,6,2,4
Selspriest,kelthuzad,192,priest,shadow,6,2,4
Projectalice,ravencrest,192,priest,shadow,6,2,4
Indigojuly,sargeras,192,priest,shadow,6,2,4
Fleshliight,area-52,192,priest,shadow,6,2,4
Layons,nemesis,192,priest,shadow,6,2,4
Anxìetý,area-52,192,priest,shadow,6,2,4
Lethò,malganis,192,priest,shadow,6,2,4
Stopstepbro,icecrown,192,priest,shadow,6,2,4
Juliusceazer,skywall,192,priest,shadow,6,2,4
Kapriestsun,sargeras,192,priest,shadow,6,2,4
Vengenczz,the-underbog,192,priest,shadow,6,2,4
Fjayz,skullcrusher,192,priest,shadow,6,2,4
Apâthy,area-52,192,priest,shadow,6,2,4
Obstetrician,tichondrius,192,priest,shadow,6,2,4
Luuciian,thunderlord,192,priest,shadow,6,2,4
Freibs,tichondrius,192,priest,shadow,6,2,4
Texxán,bloodscalp,192,priest,shadow,6,2,4
Kalibaby,darkspear,192,priest,shadow,6,2,4
Chellelia,stormrage,192,priest,shadow,6,2,4
Sularetal,thorium-brotherhood,192,priest,shadow,6,2,4
Zombiejeesus,sargeras,192,priest,shadow,6,2,4
Lemmiewinkzx,sargeras,192,priest,shadow,6,2,4
Hail,kaelthas,192,priest,shadow,6,2,4
Bahbooh,whisperwind,192,priest,shadow,6,2,4
Annika,nemesis,192,priest,shadow,6,2,4
Dippyzs,alterac-mountains,192,priest,shadow,6,2,4
Cybele,skywall,192,priest,shadow,6,2,4
Psychohazard,area-52,192,priest,shadow,6,2,4
Kurandies,nemesis,192,priest,shadow,6,2,4
Zarkos,area-52,192,priest,shadow,6,2,4
Theono,sargeras,192,priest,shadow,6,2,4
Fatfinger,stormrage,192,priest,shadow,6,2,4
Hgbvljag,proudmoore,192,priest,shadow,6,2,4
Meehow,lightninghoof,192,priest,shadow,6,2,4
Auntiegrimm,silvermoon,192,priest,shadow,6,2,4
Sshhaaddooww,tichondrius,192,priest,shadow,6,2,4
Murkqz,azralon,192,priest,shadow,6,2,4
Ohmzi,auchindoun,192,priest,shadow,6,2,4
Lildeen,area-52,192,priest,shadow,6,2,4
Xlavant,elune,192,priest,shadow,6,2,4
Æepx,zuljin,192,priest,shadow,6,2,4
Deprive,tichondrius,192,priest,shadow,6,2,4
Löstský,azralon,192,priest,shadow,6,2,4
Shibatoshi,blackrock,192,priest,shadow,6,2,4
Optt,zuljin,192,priest,shadow,6,2,4
Quinnx,tichondrius,192,priest,shadow,6,2,4
Timeismoney,azjolnerub,192,priest,shadow,6,2,4
Negobrow,azralon,192,priest,shadow,6,2,4
Cxmplex,malganis,192,priest,shadow,6,2,4
Sorojín,zuljin,192,priest,shadow,6,2,4
Cluescroll,barthilas,192,priest,shadow,6,2,4
Spacepaq,bleeding-hollow,192,priest,shadow,6,2,4
Nordim,sargeras,192,priest,shadow,6,2,4
Byungsik,terenas,192,priest,shadow,6,2,4
Edhelin,illidan,192,priest,shadow,6,2,4
Avanise,blackrock,192,priest,shadow,6,2,4
Xyanydê,zuljin,192,priest,shadow,6,2,4
Exs,emerald-dream,192,priest,shadow,6,2,4
Moonshoes,tichondrius,192,priest,shadow,6,2,4
Midget,darkspear,192,priest,shadow,6,2,4
Notgoodatsp,bleeding-hollow,192,priest,shadow,6,2,4
Maxximuss,bleeding-hollow,192,priest,shadow,6,2,4
Ateras,emerald-dream,192,priest,shadow,6,2,4
Pestypriest,bleeding-hollow,192,priest,shadow,6,2,4
Ihatepriest,emerald-dream,192,priest,shadow,6,2,4
Sashatwo,proudmoore,192,priest,shadow,6,2,4
Vortek,bleeding-hollow,192,priest,shadow,6,2,4
Footfetísh,stormrage,192,priest,shadow,6,2,4
Sâishâ,proudmoore,192,priest,shadow,6,2,4
Naluta,tichondrius,192,priest,shadow,6,2,4
Dagaen,thunderlord,192,priest,shadow,6,2,4
Discotty,stormrage,192,priest,shadow,6,2,4
Canklez,stormscale,192,priest,shadow,6,2,4
Fraggydaddy,frostmourne,192,priest,shadow,6,2,4
Kryoff,illidan,192,priest,shadow,6,2,4
Mkenze,moon-guard,192,priest,shadow,6,2,4
Taashigi,frostmourne,192,priest,shadow,6,2,4
Thaldrum,tichondrius,192,priest,shadow,6,2,4
Îcarus,tichondrius,192,priest,shadow,6,2,4
Lifejuice,tichondrius,192,priest,shadow,6,2,4
Melithor,frostmourne,192,priest,shadow,6,2,4
Voidwyrm,tichondrius,192,priest,shadow,6,2,4
Geoat,barthilas,192,priest,shadow,6,2,4
Félurian,frostmourne,192,priest,shadow,6,2,4
Pocserpriest,drakkari,192,priest,shadow,6,2,4
Unholywood,lightbringer,192,priest,shadow,6,2,4
Barclin,suramar,192,priest,shadow,6,2,4
Fadeoff,tichondrius,192,priest,shadow,6,2,4
Faw,khazgoroth,192,priest,shadow,6,2,4
Mentalprism,khazgoroth,192,priest,shadow,6,2,4
Lyontnmetal,moon-guard,192,priest,shadow,6,2,4
Jindax,quelthalas,192,priest,shadow,6,2,4
Siankz,ragnaros,192,priest,shadow,6,2,4
Massivepuss,illidan,192,priest,shadow,6,2,4
Enochian,hyjal,192,priest,shadow,6,2,4
Pandiwoodney,ragnaros,192,priest,shadow,6,2,4
Judis,barthilas,192,priest,shadow,6,2,4
Glamorousky,illidan,192,priest,shadow,6,2,4
Beertriarch,frostmourne,192,priest,shadow,6,2,4
Zeye,illidan,192,priest,shadow,6,2,4
Azshauna,hyjal,192,priest,shadow,6,2,4
Kahine,thaurissan,192,priest,shadow,6,2,4
Hrathren,caelestrasz,192,priest,shadow,6,2,4
Yevøn,ragnaros,192,priest,shadow,6,2,4
Shadowvale,tichondrius,192,priest,shadow,6,2,4
Dogfrompark,illidan,192,priest,shadow,6,2,4
Dotdotdead,earthen-ring,192,priest,shadow,6,2,4
Aape,frostmourne,192,priest,shadow,6,2,4
Fatherleem,tichondrius,192,priest,shadow,6,2,4
Gobsend,illidan,192,priest,shadow,6,2,4
Ixlxx,tichondrius,192,priest,shadow,6,2,4
Opalpupu,tichondrius,192,priest,shadow,6,2,4
Wandallday,thrall,192,priest,shadow,6,2,4
Furryoflife,suramar,192,priest,shadow,6,2,4
Horridheals,shandris,192,priest,shadow,6,2,4
Çõrlëøñè,illidan,192,priest,shadow,6,2,4
Valkur,aegwynn,192,priest,shadow,6,2,4
Corrupted,hakkar,192,priest,shadow,6,2,4
Delithara,tichondrius,192,priest,shadow,6,2,4
Purrpleelff,saurfang,192,priest,shadow,6,2,4
Brounly,drakkari,192,priest,shadow,6,2,4
Kälashnikova,ragnaros,192,priest,shadow,6,2,4
Ðohko,ragnaros,192,priest,shadow,6,2,4
Sungai,thrall,192,priest,shadow,6,2,4
Loserpriestx,tichondrius,192,priest,shadow,6,2,4
Vanzera,thrall,192,priest,shadow,6,2,4
Karlqian,barthilas,192,priest,shadow,6,2,4
Gospel,moon-guard,192,priest,shadow,6,2,4
Orethon,thrall,192,priest,shadow,6,2,4
Innergee,aegwynn,192,priest,shadow,6,2,4
Rmppriest,tichondrius,192,priest,shadow,7,2,5
Melisandray,illidan,192,priest,shadow,12,2,10
Killuminati,hyjal,192,priest,shadow,12,2,10
Belfalst,shandris,192,priest,shadow,12,2,10
Karamapang,illidan,192,priest,shadow,12,2,10
Caristae,kelthuzad,192,priest,shadow,12,2,10
Jimmyjangle,kelthuzad,192,priest,shadow,12,2,10
Dalyeth,blackrock,192,priest,shadow,12,2,10
Kodaks,frostmourne,192,priest,shadow,12,2,10
Ozztwo,tichondrius,192,priest,shadow,12,2,10
Kulrig,shuhalo,192,priest,shadow,12,2,10
Phearix,zuljin,192,priest,shadow,12,2,10
Zepp,moknathal,192,priest,shadow,12,2,10
Painful,arathor,192,priest,shadow,12,2,10
Alizhe,ragnaros,192,priest,shadow,12,2,10
Murdangus,moon-guard,192,priest,shadow,18,2,16
Mythica,gurubashi,191,priest,shadow,6,2,4
Tmpriest,tichondrius,175,priest,shadow,11,2,9
Dawnbréaker,azralon,175,priest,shadow,11,2,9
Chü,dalaran,169,priest,shadow,12,5,7
Nychka,kelthuzad,160,priest,shadow,10,2,8
Tlolopolopo,quelthalas,159,priest,shadow,5,2,3
Tiizz,malganis,159,priest,shadow,5,2,3
Dekomori,quelthalas,159,priest,shadow,5,2,3
Myndz,stormrage,159,priest,shadow,5,2,3
Juckerr,tichondrius,159,priest,shadow,5,2,3
Xeevoos,nemesis,159,priest,shadow,5,2,3
Gobananas,bleeding-hollow,159,priest,shadow,5,2,3
Pugadin,bleeding-hollow,159,priest,shadow,5,2,3
Lilpurp,sargeras,159,priest,shadow,5,2,3
Gaeira,azralon,159,priest,shadow,11,2,9
Rashad,proudmoore,159,priest,shadow,11,2,9
Dirtydickdan,sargeras,144,priest,shadow,3,3,0
ßoy,amanthul,138,priest,shadow,8,4,4
Shadøwbølt,tichondrius,138,priest,shadow,20,3,17
Däddysgirl,magtheridon,128,priest,shadow,4,2,2
Cravex,stormrage,128,priest,shadow,4,2,2
Melbourn,kalecgos,112,priest,shadow,7,2,5
Sätîvá,tichondrius,96,priest,shadow,3,2,1
Pawtguy,area-52,96,priest,shadow,3,2,1
Kator,stormrage,96,priest,shadow,3,2,1
Expurgator,alleria,96,priest,shadow,9,2,7
Serýnta,wyrmrest-accord,96,priest,shadow,6,1,5
Baephael,bonechewer,96,priest,shadow,6,1,5
Drippyjoones,sargeras,96,priest,shadow,6,1,5
Powerwordkfc,kelthuzad,96,priest,shadow,6,1,5
Baerybonds,kiljaeden,96,priest,shadow,6,1,5
Slspookyx,tichondrius,96,priest,shadow,6,1,5
Whatsittoya,tichondrius,96,priest,shadow,6,1,5
Jèf,stormrage,96,priest,shadow,6,1,5
Leliane,tichondrius,96,priest,shadow,6,1,5
Milliyakk,area-52,96,priest,shadow,6,1,5
Nostrande,stormrage,96,priest,shadow,6,1,5
Bigdaddios,dalaran,96,priest,shadow,6,1,5
Oxyy,aerie-peak,96,priest,shadow,6,1,5
Raydz,altar-of-storms,96,priest,shadow,6,1,5
Bailez,malganis,96,priest,shadow,6,1,5
Tiskka,magtheridon,96,priest,shadow,6,1,5
Mental,deathwing,96,priest,shadow,6,1,5
Icespice,anvilmar,96,priest,shadow,6,1,5
Psyward,tichondrius,96,priest,shadow,6,1,5
Lilskizz,dalaran,96,priest,shadow,6,1,5
Manryu,tichondrius,96,priest,shadow,6,1,5
Ogdisc,gallywix,96,priest,shadow,6,1,5
Mauriel,proudmoore,96,priest,shadow,6,1,5
Vyndictus,shattered-hand,96,priest,shadow,6,1,5
Syrul,tichondrius,96,priest,shadow,6,1,5
Rays,drakkari,96,priest,shadow,6,1,5
Paingivër,drakkari,96,priest,shadow,6,1,5
Stepbroplzno,barthilas,96,priest,shadow,6,1,5
Vdip,illidan,96,priest,shadow,6,1,5
Releknosleep,frostwolf,96,priest,shadow,6,1,5
Cøømerx,illidan,96,priest,shadow,6,1,5
Peterlongrod,malganis,96,priest,shadow,6,1,5
Georgeppell,barthilas,96,priest,shadow,6,1,5
Shadowreck,malganis,96,priest,shadow,6,1,5
Cärdi,frostmourne,96,priest,shadow,6,1,5
Mangemoélqc,darkspear,96,priest,shadow,6,1,5
Psyrax,thaurissan,96,priest,shadow,6,1,5
Grimalkin,nemesis,96,priest,shadow,6,1,5
Lilzqt,cairne,96,priest,shadow,6,1,5
Khadryn,sargeras,96,priest,shadow,6,1,5
Marleylei,nesingwary,96,priest,shadow,6,1,5
Avatre,azralon,96,priest,shadow,6,1,5
Nightboxer,tichondrius,96,priest,shadow,6,1,5
Syrillia,wildhammer,96,priest,shadow,6,1,5
Rahna,azralon,96,priest,shadow,6,1,5
Sadury,tichondrius,96,priest,shadow,6,1,5
Shadowftw,illidan,96,priest,shadow,6,1,5
Amikam,barthilas,96,priest,shadow,6,1,5
Unclefelix,rexxar,96,priest,shadow,6,1,5
Stunsilence,tichondrius,96,priest,shadow,6,1,5
Dadsalad,zuljin,96,priest,shadow,6,1,5
Zhanay,ragnaros,96,priest,shadow,6,1,5
Ibangedaqt,malganis,96,priest,shadow,6,1,5
Theboss,gorefiend,96,priest,shadow,6,1,5
Zymmie,moon-guard,96,priest,shadow,6,1,5
Amenbrother,proudmoore,96,priest,shadow,6,1,5
Loudclapper,illidan,96,priest,shadow,6,1,5
Digop,azralon,96,priest,shadow,6,1,5
Cáscá,stormrage,96,priest,shadow,6,1,5
Galestick,illidan,96,priest,shadow,6,1,5
Fámóus,stormrage,96,priest,shadow,6,1,5
Darkz,stormrage,96,priest,shadow,6,1,5
Torturex,zuljin,96,priest,shadow,6,1,5
Onlysams,sargeras,96,priest,shadow,6,1,5
Cowboydanpri,malganis,96,priest,shadow,6,1,5
Pmpn,tichondrius,96,priest,shadow,6,1,5
Althlon,emerald-dream,96,priest,shadow,6,1,5
Lightxp,illidan,96,priest,shadow,6,1,5
Vineller,malganis,96,priest,shadow,6,1,5
Óst,tichondrius,96,priest,shadow,6,1,5
Lukaspriest,proudmoore,96,priest,shadow,6,1,5
Kelody,zuljin,96,priest,shadow,6,1,5
Rezzerection,gorefiend,96,priest,shadow,6,1,5
Torimonster,zuljin,96,priest,shadow,6,1,5
Fathergrey,emerald-dream,96,priest,shadow,6,1,5
Lejn,illidan,96,priest,shadow,6,1,5
Blickum,illidan,96,priest,shadow,6,1,5
Sprinkling,sargeras,96,priest,shadow,6,1,5
Allaras,eldrethalas,96,priest,shadow,6,1,5
Voidzx,tichondrius,96,priest,shadow,6,1,5
Tmall,tichondrius,96,priest,shadow,6,1,5
Jaquels,area-52,96,priest,shadow,6,1,5
Lillyx,tichondrius,96,priest,shadow,6,1,5
Aithren,moon-guard,96,priest,shadow,6,1,5
Voidlordx,jubeithos,96,priest,shadow,6,1,5
Prayussy,tichondrius,96,priest,shadow,6,1,5
Zway,moon-guard,96,priest,shadow,6,1,5
Yaelahi,illidan,96,priest,shadow,11,1,10
Tallary,azralon,96,priest,shadow,12,1,11
Poilu,laughing-skull,96,priest,shadow,12,1,11
Arayeda,kelthuzad,96,priest,shadow,12,1,11
Tusket,black-dragonflight,96,priest,shadow,12,1,11
Jpray,bleeding-hollow,96,priest,shadow,12,1,11
ßugsy,illidan,96,priest,shadow,12,1,11
Zenorik,thrall,96,priest,shadow,12,1,11
Neferpitouoo,tichondrius,89,priest,shadow,10,4,6
Xic,thrall,79,priest,shadow,5,1,4
Breadley,kelthuzad,79,priest,shadow,5,1,4
Kunof,ragnaros,79,priest,shadow,5,1,4
Uriyel,quelthalas,64,priest,shadow,4,1,3
Irommas,area-52,64,priest,shadow,4,1,3
Lucky,draktharon,64,priest,shadow,10,1,9
Cervasa,bleeding-hollow,63,priest,shadow,2,2,0
Patapaton,nemesis,63,priest,shadow,2,2,0
Richard,doomhammer,48,priest,shadow,3,1,2
Joktips,proudmoore,48,priest,shadow,3,1,2
Teethmeat,barthilas,48,priest,shadow,9,1,8
Apparìtions,khazgoroth,42,priest,shadow,8,2,6
Fadehojx,illidan,42,priest,shadow,9,2,7
Jjaeminkim,area-52,42,priest,shadow,10,2,8
Turelim,illidan,31,priest,shadow,2,1,1
Isazio,tichondrius,16,priest,shadow,1,1,0
Remixcandoit,malganis,16,priest,shadow,1,1,0
Pilixil,bleeding-hollow,16,priest,shadow,1,1,0
Trågédy,azjolnerub,16,priest,shadow,1,1,0
Lindsanp,illidan,9,priest,shadow,9,3,6
Weran,tichondrius,1976,rogue,outlaw,66,34,32
Sadiator,illidan,1876,rogue,outlaw,65,36,29
Dvn,stormrage,1844,rogue,outlaw,54,32,22
Millspec,zuljin,1840,rogue,outlaw,54,33,21
Supherr,sargeras,1806,rogue,outlaw,95,54,41
Meldspec,tichondrius,1796,rogue,outlaw,78,41,37
Yellowrose,kelthuzad,1775,rogue,outlaw,176,89,87
Dennerdz,tichondrius,1765,rogue,outlaw,122,58,64
Gothamzzing,tichondrius,1731,rogue,outlaw,97,52,45
Deadracer,moon-guard,1722,rogue,outlaw,105,58,47
Lardiconn,thrall,1708,rogue,outlaw,85,54,31
Millspec,tichondrius,1708,rogue,outlaw,180,88,92
Welinth,thunderlord,1698,rogue,outlaw,462,232,230
Xylvána,kiljaeden,1683,rogue,outlaw,157,78,79
Fryphilip,dalaran,1676,rogue,outlaw,64,29,35
Redimído,quelthalas,1669,rogue,outlaw,92,46,46
Lycanthropî,illidan,1655,rogue,outlaw,80,37,43
Fastblast,wyrmrest-accord,1650,rogue,outlaw,54,30,24
Lazeestab,sargeras,1618,rogue,outlaw,172,95,77
Sandorrogue,stormrage,1614,rogue,outlaw,58,29,29
Càgil,stormrage,1607,rogue,outlaw,34,19,15
Jmaxx,wyrmrest-accord,1603,rogue,outlaw,51,32,19
Arena,uldum,1601,rogue,outlaw,147,69,78
Dogeggs,area-52,1578,rogue,outlaw,54,25,29
Jenaki,gurubashi,1576,rogue,outlaw,114,62,52
Corevis,moon-guard,1562,rogue,outlaw,60,28,32
Houlton,moon-guard,1543,rogue,outlaw,48,26,22
Supine,illidan,1539,rogue,outlaw,115,61,54
Riprorin,stormrage,1535,rogue,outlaw,72,34,38
Asdestroyerr,tichondrius,1526,rogue,outlaw,38,18,20
Skaven,dunemaul,1525,rogue,outlaw,32,19,13
Walyo,stormrage,1516,rogue,outlaw,67,30,37
Kentaki,tichondrius,1515,rogue,outlaw,60,33,27
Swingonya,stormrage,1508,rogue,outlaw,48,20,28
Cheepz,emerald-dream,1500,rogue,outlaw,60,36,24
Gnover,ragnaros,1496,rogue,outlaw,118,57,61
Disrawen,ragnaros,1489,rogue,outlaw,689,343,346
Karambit,frostmourne,1486,rogue,outlaw,120,54,66
Trillkage,tichondrius,1483,rogue,outlaw,90,44,46
Heliopolis,bleeding-hollow,1466,rogue,outlaw,54,25,29
Omnïslash,stormrage,1460,rogue,outlaw,90,41,49
Mõtaru,stormrage,1455,rogue,outlaw,137,69,68
Trêl,velen,1454,rogue,outlaw,207,102,105
Cidi,moon-guard,1449,rogue,outlaw,153,74,79
Mgzx,tichondrius,1447,rogue,outlaw,189,101,88
Squigglies,aerie-peak,1438,rogue,outlaw,59,31,28
Mirâge,illidan,1432,rogue,outlaw,61,30,31
Combo,norgannon,1427,rogue,outlaw,179,98,81
Straite,area-52,1426,rogue,outlaw,30,15,15
Jolly,frostmourne,1413,rogue,outlaw,71,30,41
Pez,barthilas,1412,rogue,outlaw,48,23,25
Shadowstryfe,tichondrius,1409,rogue,outlaw,47,22,25
Velskud,area-52,1403,rogue,outlaw,100,49,51
Snakeblisken,emerald-dream,1401,rogue,outlaw,42,17,25
Shindeiru,area-52,1399,rogue,outlaw,43,30,13
Luolan,kargath,1378,rogue,outlaw,50,16,34
Blackmont,bleeding-hollow,1368,rogue,outlaw,204,104,100
Vîllâîn,tichondrius,1356,rogue,outlaw,70,33,37
Bleaklord,emerald-dream,1352,rogue,outlaw,190,87,103
Alexdelion,tichondrius,1342,rogue,outlaw,30,14,16
Gotosor,quelthalas,1337,rogue,outlaw,208,103,105
Peteylee,stormrage,1336,rogue,outlaw,30,14,16
Cheddery,dalaran,1335,rogue,outlaw,110,61,49
Slowtime,quelthalas,1327,rogue,outlaw,42,16,26
Dross,shadowmoon,1325,rogue,outlaw,30,14,16
Aitreena,stormrage,1322,rogue,outlaw,54,30,24
Chrisdorner,area-52,1316,rogue,outlaw,25,14,11
Jakamungo,area-52,1315,rogue,outlaw,68,34,34
Itsuksiko,quelthalas,1314,rogue,outlaw,122,58,64
Dookienotop,thunderhorn,1305,rogue,outlaw,66,33,33
Reyskywalker,kelthuzad,1303,rogue,outlaw,24,15,9
Shyzuku,drakkari,1303,rogue,outlaw,44,20,24
Cathat,area-52,1291,rogue,outlaw,30,14,16
Alexyy,blades-edge,1284,rogue,outlaw,48,20,28
Slitherex,thunderlord,1281,rogue,outlaw,93,48,45
Rynica,illidan,1279,rogue,outlaw,83,45,38
Ntrfighter,tichondrius,1266,rogue,outlaw,115,58,57
Hobblefoot,proudmoore,1258,rogue,outlaw,82,39,43
Mechamind,draka,1226,rogue,outlaw,42,24,18
Zaleskar,frostmourne,1225,rogue,outlaw,18,13,5
Vierhy,proudmoore,1209,rogue,outlaw,28,14,14
Adevoir,hakkar,1206,rogue,outlaw,114,62,52
Johnnyelbows,tichondrius,1197,rogue,outlaw,45,23,22
Gour,ragnaros,1197,rogue,outlaw,36,13,23
Zanith,wyrmrest-accord,1194,rogue,outlaw,28,15,13
Wátchyoúrbák,wyrmrest-accord,1194,rogue,outlaw,48,18,30
Lovedemtings,dark-iron,1191,rogue,outlaw,28,13,15
Nvirus,quelthalas,1190,rogue,outlaw,29,14,15
Emoond,ragnaros,1162,rogue,outlaw,61,35,26
Satürn,stormrage,1149,rogue,outlaw,70,28,42
Gogg,crushridge,1146,rogue,outlaw,47,14,33
Bootypie,hyjal,1135,rogue,outlaw,30,12,18
Mabushi,sargeras,1135,rogue,outlaw,42,15,27
Amorfirion,frostmourne,1131,rogue,outlaw,30,14,16
Zogbu,stormrage,1128,rogue,outlaw,42,17,25
Nello,runetotem,1125,rogue,outlaw,66,24,42
Vilthoon,sargeras,1122,rogue,outlaw,60,27,33
Geratyere,trollbane,1119,rogue,outlaw,64,29,35
Vanorn,aerie-peak,1109,rogue,outlaw,60,20,40
Eatcheese,sargeras,1096,rogue,outlaw,26,13,13
Zarthrox,bladefist,1086,rogue,outlaw,48,24,24
Bonizzi,stormrage,1085,rogue,outlaw,24,13,11
Xyleth,azgalor,1084,rogue,outlaw,86,38,48
Nordedge,stormrage,1080,rogue,outlaw,36,16,20
Azarha,zuljin,1060,rogue,outlaw,78,40,38
Hezi,area-52,1056,rogue,outlaw,30,11,19
Upcrazylol,area-52,1055,rogue,outlaw,18,11,7
Tanadoril,wyrmrest-accord,1051,rogue,outlaw,24,11,13
Wujn,tichondrius,1050,rogue,outlaw,24,11,13
Lumifer,quelthalas,1050,rogue,outlaw,54,18,36
Thèory,sargeras,1044,rogue,outlaw,24,11,13
Itricku,tichondrius,1044,rogue,outlaw,85,34,51
Valefarr,emerald-dream,1043,rogue,outlaw,113,55,58
Badpatatas,proudmoore,1043,rogue,outlaw,52,15,37
Hîzzÿ,ghostlands,1041,rogue,outlaw,38,13,25
Nicademos,bleeding-hollow,1037,rogue,outlaw,18,11,7
Abatoire,wyrmrest-accord,1018,rogue,outlaw,123,59,64
Uzell,sargeras,1017,rogue,outlaw,24,11,13
Elitejigsaw,perenolde,1012,rogue,outlaw,42,20,22
Thuganomics,dark-iron,1008,rogue,outlaw,27,12,15
Sûlly,area-52,997,rogue,outlaw,36,20,16
Lawyergamer,bonechewer,989,rogue,outlaw,68,31,37
Synj,frostmourne,977,rogue,outlaw,32,11,21
Farstrider,tichondrius,974,rogue,outlaw,84,33,51
Listrew,stormrage,970,rogue,outlaw,24,12,12
Inhume,eredar,960,rogue,outlaw,24,10,14
Nahj,tichondrius,960,rogue,outlaw,24,10,14
Quapi,tichondrius,959,rogue,outlaw,18,10,8
Preceptor,azralon,956,rogue,outlaw,24,10,14
Sabbathe,kargath,950,rogue,outlaw,38,17,21
Nitroxy,quelthalas,950,rogue,outlaw,24,10,14
Tootled,wyrmrest-accord,948,rogue,outlaw,112,60,52
Robbin,bleeding-hollow,946,rogue,outlaw,50,24,26
Stabbymcgee,duskwood,941,rogue,outlaw,24,11,13
Sheinnér,ragnaros,926,rogue,outlaw,45,22,23
Mhdz,tichondrius,912,rogue,outlaw,30,12,18
Shninzy,senjin,910,rogue,outlaw,31,11,20
Pigshank,proudmoore,906,rogue,outlaw,18,10,8
Hokagesasuke,bleeding-hollow,886,rogue,outlaw,90,38,52
Yerehmi,quelthalas,878,rogue,outlaw,30,14,16
Steviekìcks,frostmourne,864,rogue,outlaw,24,9,15
Donstevano,frostmourne,864,rogue,outlaw,24,9,15
Skoalr,thrall,863,rogue,outlaw,18,9,9
Stabbythorus,stormrage,862,rogue,outlaw,18,9,9
Hazal,wyrmrest-accord,861,rogue,outlaw,24,9,15
Bebesita,sisters-of-elune,860,rogue,outlaw,18,9,9
Phraze,silvermoon,859,rogue,outlaw,30,14,16
Deddyy,zuljin,854,rogue,outlaw,24,9,15
Evilkoreanz,tichondrius,851,rogue,outlaw,18,9,9
Gfuel,azgalor,827,rogue,outlaw,22,9,13
Fennick,tanaris,823,rogue,outlaw,37,9,28
Coalie,tichondrius,816,rogue,outlaw,15,9,6
Zeed,ragnaros,803,rogue,outlaw,95,42,53
Pelussy,kiljaeden,800,rogue,outlaw,39,9,30
Cireene,proudmoore,768,rogue,outlaw,12,8,4
Lesty,kelthuzad,768,rogue,outlaw,12,8,4
Deepsyo,frostmourne,768,rogue,outlaw,12,8,4
Yodiegang,tichondrius,768,rogue,outlaw,12,8,4
Airi,darkspear,768,rogue,outlaw,18,8,10
Tarnished,ravenholdt,766,rogue,outlaw,24,8,16
Shmoked,moon-guard,763,rogue,outlaw,24,8,16
Sasskei,malganis,760,rogue,outlaw,18,8,10
Vixxuis,stormrage,751,rogue,outlaw,36,13,23
Marraya,area-52,750,rogue,outlaw,18,8,10
Zeetwntyeght,stormrage,747,rogue,outlaw,35,8,27
Ningaturtle,korgath,741,rogue,outlaw,72,27,45
Hachiwari,moon-guard,702,rogue,outlaw,26,8,18
Gnòme,frostmourne,701,rogue,outlaw,11,8,3
Minuss,rivendare,686,rogue,outlaw,13,8,5
Thompson,bloodscalp,672,rogue,outlaw,12,7,5
Tëmpestas,quelthalas,672,rogue,outlaw,12,7,5
Invisidubya,illidan,671,rogue,outlaw,12,7,5
Drsinz,tichondrius,671,rogue,outlaw,18,7,11
Tmterminel,moon-guard,671,rogue,outlaw,18,7,11
Cosmicò,trollbane,670,rogue,outlaw,12,7,5
Lacero,bonechewer,670,rogue,outlaw,12,7,5
Minimumwage,bleeding-hollow,667,rogue,outlaw,12,7,5
Jamesallen,silvermoon,659,rogue,outlaw,12,7,5
Adrala,thunderlord,657,rogue,outlaw,12,7,5
Furrykneecap,hyjal,655,rogue,outlaw,12,9,3
Roxy,ghostlands,623,rogue,outlaw,17,7,10
Deeppockets,sargeras,576,rogue,outlaw,12,6,6
Xylvana,kiljaeden,576,rogue,outlaw,12,6,6
Esky,tichondrius,576,rogue,outlaw,12,6,6
Dalaranxp,illidan,576,rogue,outlaw,18,6,12
Drakariano,ragnaros,575,rogue,outlaw,18,6,12
Sprork,kiljaeden,575,rogue,outlaw,18,6,12
Maglove,nemesis,571,rogue,outlaw,12,6,6
Gheez,quelthalas,570,rogue,outlaw,12,6,6
Chapex,ragnaros,511,rogue,outlaw,14,6,8
Tmpikaboo,tichondrius,480,rogue,outlaw,6,5,1
Sotypical,area-52,480,rogue,outlaw,6,5,1
Tsubamë,tichondrius,480,rogue,outlaw,6,5,1
Johzul,emerald-dream,480,rogue,outlaw,9,6,3
Galfuran,burning-legion,480,rogue,outlaw,12,5,7
Dultz,tichondrius,480,rogue,outlaw,12,5,7
Matheuzaum,goldrinn,480,rogue,outlaw,12,5,7
Dicenslice,proudmoore,480,rogue,outlaw,12,5,7
Loktark,stormreaver,480,rogue,outlaw,12,5,7
Nightr,blackrock,480,rogue,outlaw,12,5,7
Evaru,tichondrius,480,rogue,outlaw,12,5,7
Sekkelx,moon-guard,480,rogue,outlaw,12,5,7
Violetrose,kelthuzad,480,rogue,outlaw,12,5,7
Spikiera,silvermoon,480,rogue,outlaw,18,5,13
Earthinhorn,frostmourne,480,rogue,outlaw,18,5,13
Universalize,proudmoore,479,rogue,outlaw,12,5,7
Falloran,nerzhul,479,rogue,outlaw,12,5,7
Kasharo,tichondrius,479,rogue,outlaw,12,5,7
Sazor,ysera,479,rogue,outlaw,21,6,15
Sxs,kiljaeden,479,rogue,outlaw,18,5,13
Aylyus,kiljaeden,478,rogue,outlaw,12,5,7
Xzarfi,moon-guard,478,rogue,outlaw,30,5,25
Adysius,malganis,476,rogue,outlaw,12,5,7
Mangaleón,wildhammer,475,rogue,outlaw,12,5,7
Gnork,twisting-nether,475,rogue,outlaw,12,5,7
Aleranah,frostmourne,474,rogue,outlaw,12,5,7
Darthkelso,arathor,465,rogue,outlaw,24,5,19
Spymafia,ragnaros,463,rogue,outlaw,14,7,7
Letty,area-52,384,rogue,outlaw,6,4,2
Kents,tichondrius,384,rogue,outlaw,6,4,2
Flashmob,zuljin,384,rogue,outlaw,6,4,2
Alandoril,tichondrius,384,rogue,outlaw,6,4,2
Trayvis,turalyon,384,rogue,outlaw,6,4,2
Velox,kiljaeden,384,rogue,outlaw,6,4,2
Xavar,malganis,384,rogue,outlaw,6,4,2
Krypticstab,malganis,384,rogue,outlaw,6,4,2
Darthol,muradin,384,rogue,outlaw,12,4,8
Jsyn,kiljaeden,384,rogue,outlaw,12,4,8
Showclass,stormrage,384,rogue,outlaw,12,4,8
Blingtronx,malganis,384,rogue,outlaw,12,4,8
Dayvanie,area-52,384,rogue,outlaw,12,4,8
Nestha,quelthalas,384,rogue,outlaw,12,4,8
Subnini,kelthuzad,384,rogue,outlaw,18,4,14
Eddybloodpaw,moon-guard,383,rogue,outlaw,12,4,8
Katanië,moon-guard,383,rogue,outlaw,12,4,8
Keenstar,moon-guard,383,rogue,outlaw,18,4,14
Kensley,amanthul,383,rogue,outlaw,30,4,26
Houdinilogic,skullcrusher,381,rogue,outlaw,12,4,8
Daftjack,bleeding-hollow,381,rogue,outlaw,12,4,8
Shádyj,velen,381,rogue,outlaw,18,4,14
Smilinjack,ysera,376,rogue,outlaw,18,4,14
Siamés,quelthalas,319,rogue,outlaw,14,4,10
Machos,azralon,288,rogue,outlaw,6,3,3
Whouzie,frostmourne,288,rogue,outlaw,6,3,3
Pilurfs,thrall,288,rogue,outlaw,6,3,3
Ghøstfäce,tichondrius,288,rogue,outlaw,6,3,3
Pockettsand,firetree,288,rogue,outlaw,6,3,3
Homeschoolx,moon-guard,288,rogue,outlaw,6,3,3
Whaazz,emerald-dream,288,rogue,outlaw,6,3,3
Zelvarisz,thaurissan,288,rogue,outlaw,6,3,3
Stabosaurus,proudmoore,288,rogue,outlaw,6,3,3
Slapjak,dalaran,288,rogue,outlaw,6,3,3
Mazit,sargeras,288,rogue,outlaw,6,3,3
Rujkah,archimonde,288,rogue,outlaw,6,3,3
Pikartz,stormrage,288,rogue,outlaw,6,3,3
Rotjaw,hydraxis,288,rogue,outlaw,6,3,3
Hobblefoot,tichondrius,288,rogue,outlaw,6,3,3
Bàndit,wyrmrest-accord,288,rogue,outlaw,6,3,3
Daehyun,moknathal,288,rogue,outlaw,6,3,3
Sussyj,kiljaeden,288,rogue,outlaw,6,3,3
Bigcolumn,tichondrius,288,rogue,outlaw,6,3,3
Karmagoodttv,stormrage,288,rogue,outlaw,6,3,3
Twnk,stormrage,288,rogue,outlaw,6,3,3
Instructor,area-52,288,rogue,outlaw,6,3,3
Movze,area-52,288,rogue,outlaw,6,3,3
Wolfmother,nemesis,288,rogue,outlaw,6,3,3
Hepatocyte,anvilmar,288,rogue,outlaw,6,3,3
Fateapocryph,azralon,288,rogue,outlaw,12,3,9
Axiy,stormrage,288,rogue,outlaw,12,3,9
Drpibb,ghostlands,288,rogue,outlaw,12,3,9
Ñinjå,alleria,288,rogue,outlaw,18,3,15
Nippsy,aerie-peak,288,rogue,outlaw,18,3,15
Stabyou,sentinels,287,rogue,outlaw,6,3,3
Vampireshade,bloodhoof,286,rogue,outlaw,12,3,9
Grimthorn,icecrown,285,rogue,outlaw,12,3,9
Fenrul,thunderlord,285,rogue,outlaw,12,3,9
Xánna,shattered-hand,256,rogue,outlaw,10,3,7
Mitsurî,quelthalas,255,rogue,outlaw,11,3,8
Hotboxthefox,illidan,253,rogue,outlaw,11,3,8
Grima,azralon,192,rogue,outlaw,6,2,4
Blunderfury,shadowsong,192,rogue,outlaw,6,2,4
Duskeron,cenarius,192,rogue,outlaw,6,2,4
Tummyache,nerzhul,192,rogue,outlaw,6,2,4
Mud,saurfang,192,rogue,outlaw,6,2,4
Silentjabs,tichondrius,192,rogue,outlaw,6,2,4
Kpr,sargeras,192,rogue,outlaw,6,2,4
Nïck,korialstrasz,192,rogue,outlaw,6,2,4
Stancepants,dalaran,192,rogue,outlaw,6,2,4
Slobernocker,stormrage,192,rogue,outlaw,6,2,4
Remonezero,moon-guard,192,rogue,outlaw,6,2,4
Unoreverse,bleeding-hollow,192,rogue,outlaw,6,2,4
Dillwilly,moon-guard,192,rogue,outlaw,6,2,4
Fllokki,sargeras,192,rogue,outlaw,6,2,4
Prisonshank,arthas,192,rogue,outlaw,6,2,4
Creamcakepop,stormrage,192,rogue,outlaw,6,2,4
ßuu,sargeras,192,rogue,outlaw,6,2,4
Jebubs,tichondrius,192,rogue,outlaw,6,2,4
Vizimyr,malganis,192,rogue,outlaw,12,2,10
Nikosneako,tichondrius,192,rogue,outlaw,12,2,10
Òklahomie,frostwolf,191,rogue,outlaw,6,2,4
Landrik,trollbane,191,rogue,outlaw,6,2,4
Gasionallaze,sargeras,191,rogue,outlaw,6,2,4
Fastone,thrall,191,rogue,outlaw,6,2,4
Manoq,drakkari,191,rogue,outlaw,6,2,4
Philliamson,azgalor,190,rogue,outlaw,12,2,10
Zugthug,perenolde,159,rogue,outlaw,11,2,9
Hellstabber,lightbringer,138,rogue,outlaw,7,3,4
Hedillyan,azralon,138,rogue,outlaw,9,3,6
Keylâ,thrall,138,rogue,outlaw,10,3,7
Churpie,zuljin,96,rogue,outlaw,6,1,5
Rinestiria,arthas,96,rogue,outlaw,6,1,5
Vandalyze,sargeras,96,rogue,outlaw,6,1,5
Leiffer,ragnaros,96,rogue,outlaw,6,1,5
Scottsparks,stormrage,96,rogue,outlaw,6,1,5
Loruk,ragnaros,96,rogue,outlaw,6,1,5
Xm,sargeras,96,rogue,outlaw,6,1,5
Whatsåpp,gallywix,96,rogue,outlaw,6,1,5
Madge,area-52,96,rogue,outlaw,6,1,5
Futânari,ragnaros,96,rogue,outlaw,6,1,5
Jippidy,tichondrius,96,rogue,outlaw,6,1,5
Karakaz,area-52,96,rogue,outlaw,6,1,5
Vanstealth,area-52,96,rogue,outlaw,6,1,5
Reginageorge,azuremyst,96,rogue,outlaw,6,1,5
Dessenia,illidan,96,rogue,outlaw,6,1,5
Neilyo,barthilas,96,rogue,outlaw,6,1,5
Lu,lethon,96,rogue,outlaw,6,1,5
Sindor,azralon,96,rogue,outlaw,6,1,5
Burt,akama,96,rogue,outlaw,6,1,5
Tegernako,firetree,96,rogue,outlaw,6,1,5
Denlox,moon-guard,96,rogue,outlaw,6,1,5
Takeiapika,azralon,96,rogue,outlaw,6,1,5
Downsix,sargeras,96,rogue,outlaw,6,1,5
Theft,gorefiend,96,rogue,outlaw,6,1,5
Lilfingers,gundrak,96,rogue,outlaw,6,1,5
Raimondo,frostmourne,96,rogue,outlaw,6,1,5
Saphrónia,moon-guard,96,rogue,outlaw,12,1,11
Koxz,stormrage,96,rogue,outlaw,12,1,11
Sleepstryke,stormrage,96,rogue,outlaw,12,1,11
Albricksen,zangarmarsh,95,rogue,outlaw,6,1,5
Magrelinha,azralon,95,rogue,outlaw,6,1,5
Culpera,undermine,95,rogue,outlaw,6,1,5
Vladdracc,quelthalas,48,rogue,outlaw,3,1,2
Teklore,arthas,16,rogue,outlaw,1,1,0
Aliasfaker,stormrage,16,rogue,outlaw,1,1,0
Nahj,tichondrius,2412,rogue,subtlety,81,56,25
Battzii,wyrmrest-accord,2409,rogue,subtlety,1304,686,618
Fotg,tichondrius,2339,rogue,subtlety,84,53,31
Alexdelion,tichondrius,2308,rogue,subtlety,138,77,61
Æsshayádlay,tichondrius,2241,rogue,subtlety,105,58,47
Erebüs,thunderlord,2238,rogue,subtlety,204,121,83
Howton,kelthuzad,2225,rogue,subtlety,48,38,10
Yellowdeep,tichondrius,2169,rogue,subtlety,116,76,40
Wowcode,tichondrius,2145,rogue,subtlety,92,56,36
Yázim,tichondrius,2126,rogue,subtlety,109,69,40
Ajl,drenden,2118,rogue,subtlety,226,120,106
Lies,dalaran,2116,rogue,subtlety,223,114,109
Spèèd,proudmoore,2109,rogue,subtlety,269,153,116
Ymxxworld,tichondrius,2107,rogue,subtlety,96,49,47
Stabasaurus,blood-furnace,2105,rogue,subtlety,60,37,23
Norbury,tichondrius,2105,rogue,subtlety,295,154,141
Thèllè,sargeras,2104,rogue,subtlety,78,46,32
Røgüë,malganis,2100,rogue,subtlety,96,53,43
Xiaochulol,tichondrius,2073,rogue,subtlety,150,87,63
Lycanthropî,illidan,2048,rogue,subtlety,54,39,15
Jarome,area-52,2044,rogue,subtlety,162,78,84
Baeruto,thunderlord,2037,rogue,subtlety,48,32,16
Donstevano,frostmourne,2024,rogue,subtlety,102,59,43
Flashmob,zuljin,2021,rogue,subtlety,110,56,54
Incoherentz,frostmourne,2017,rogue,subtlety,96,53,43
Kidcutti,proudmoore,2015,rogue,subtlety,212,111,101
Rhythmic,ysera,2014,rogue,subtlety,132,77,55
Wazowskiy,tichondrius,2012,rogue,subtlety,610,308,302
Ahsokatona,emerald-dream,2011,rogue,subtlety,219,117,102
Hiyõ,tichondrius,1998,rogue,subtlety,298,160,138
Orochiimaruu,tichondrius,1991,rogue,subtlety,58,45,13
Danrathm,sargeras,1990,rogue,subtlety,109,59,50
Illmatíc,kelthuzad,1987,rogue,subtlety,71,38,33
Slashthunder,blades-edge,1987,rogue,subtlety,84,43,41
Muggzy,emerald-dream,1984,rogue,subtlety,59,36,23
Minaciki,tichondrius,1984,rogue,subtlety,146,81,65
Bruìtzy,barthilas,1977,rogue,subtlety,258,140,118
Shadówl,tichondrius,1968,rogue,subtlety,90,57,33
Abssall,tichondrius,1968,rogue,subtlety,73,42,31
Kenpàchi,kelthuzad,1967,rogue,subtlety,367,192,175
Ulley,sargeras,1966,rogue,subtlety,305,165,140
Wizlysnipz,tichondrius,1960,rogue,subtlety,120,70,50
Stunsofpuns,sargeras,1960,rogue,subtlety,102,58,44
Maulline,tichondrius,1960,rogue,subtlety,72,34,38
Ojibwe,tichondrius,1959,rogue,subtlety,58,33,25
Coopi,tichondrius,1959,rogue,subtlety,228,121,107
Esky,tichondrius,1957,rogue,subtlety,238,123,115
Magictoker,bleeding-hollow,1953,rogue,subtlety,156,90,66
Vendettita,quelthalas,1951,rogue,subtlety,96,52,44
Geckø,sargeras,1950,rogue,subtlety,115,72,43
Aaronjlol,tichondrius,1949,rogue,subtlety,101,52,49
Roguesparrow,illidan,1947,rogue,subtlety,293,156,137
Swadeecup,nagrand,1946,rogue,subtlety,365,180,185
Zurza,proudmoore,1943,rogue,subtlety,95,44,51
Tiladar,tichondrius,1941,rogue,subtlety,114,66,48
Lumingfeix,sargeras,1941,rogue,subtlety,116,64,52
Asoj,tichondrius,1930,rogue,subtlety,72,37,35
Rangoons,tichondrius,1929,rogue,subtlety,134,72,62
Stealthyxd,arthas,1926,rogue,subtlety,78,39,39
Jowtzsimp,ragnaros,1918,rogue,subtlety,69,35,34
Damrat,tichondrius,1915,rogue,subtlety,78,46,32
Spötty,stormrage,1913,rogue,subtlety,54,35,19
Acid,warsong,1913,rogue,subtlety,168,102,66
Brucerogue,tichondrius,1912,rogue,subtlety,362,191,171
Scuffedjr,tichondrius,1908,rogue,subtlety,144,69,75
Sixcombopts,area-52,1907,rogue,subtlety,36,20,16
Xvic,bleeding-hollow,1906,rogue,subtlety,70,42,28
Cydonian,ragnaros,1906,rogue,subtlety,298,157,141
Needbuff,tichondrius,1900,rogue,subtlety,60,27,33
Dysxliec,dalaran,1895,rogue,subtlety,376,195,181
Coregx,tichondrius,1894,rogue,subtlety,74,45,29
Lesty,kelthuzad,1892,rogue,subtlety,87,53,34
Antoninez,tichondrius,1892,rogue,subtlety,54,29,25
Silentkush,arthas,1885,rogue,subtlety,120,67,53
Norburyx,tichondrius,1880,rogue,subtlety,29,21,8
Ivanrah,zuljin,1879,rogue,subtlety,30,22,8
Escapeartist,darkspear,1877,rogue,subtlety,30,20,10
Ideology,azgalor,1872,rogue,subtlety,112,58,54
Vyll,stormrage,1870,rogue,subtlety,77,39,38
Rinhon,windrunner,1868,rogue,subtlety,66,42,24
Poizzon,emerald-dream,1867,rogue,subtlety,115,67,48
Feinting,moon-guard,1852,rogue,subtlety,70,44,26
Faelanna,stormrage,1848,rogue,subtlety,186,104,82
Deepsyo,frostmourne,1847,rogue,subtlety,36,23,13
Scuffedsr,tichondrius,1846,rogue,subtlety,83,45,38
Yesua,ragnaros,1846,rogue,subtlety,547,283,264
Jsnlol,zuljin,1845,rogue,subtlety,48,29,19
Dåve,tichondrius,1843,rogue,subtlety,54,34,20
Zerogh,tichondrius,1843,rogue,subtlety,271,147,124
Lunatixz,emerald-dream,1840,rogue,subtlety,36,25,11
Dycrons,lightbringer,1840,rogue,subtlety,165,91,74
Clicksbtns,area-52,1839,rogue,subtlety,95,58,37
Ðèãth,area-52,1837,rogue,subtlety,48,20,28
Queuethunder,blades-edge,1836,rogue,subtlety,46,33,13
Bigpump,lothar,1835,rogue,subtlety,90,49,41
Originkorean,terenas,1835,rogue,subtlety,51,26,25
Smang,mugthol,1831,rogue,subtlety,36,23,13
Calxnnight,terenas,1827,rogue,subtlety,39,25,14
Fátálíty,tichondrius,1827,rogue,subtlety,66,33,33
Seengivenchy,zuljin,1825,rogue,subtlety,60,39,21
Ivellious,azralon,1824,rogue,subtlety,227,122,105
Smkgpvp,stormrage,1823,rogue,subtlety,68,43,25
Himitu,tichondrius,1821,rogue,subtlety,115,58,57
Stealthypoop,kelthuzad,1820,rogue,subtlety,295,145,150
Yurasick,lightbringer,1819,rogue,subtlety,66,41,25
Ujr,illidan,1819,rogue,subtlety,78,43,35
Clern,emerald-dream,1818,rogue,subtlety,65,35,30
Okaylmao,tichondrius,1817,rogue,subtlety,98,54,44
Celèphaïs,tichondrius,1817,rogue,subtlety,63,30,33
Nightcloud,tichondrius,1815,rogue,subtlety,132,71,61
Runakó,kelthuzad,1813,rogue,subtlety,87,44,43
Bigtengu,tichondrius,1811,rogue,subtlety,30,21,9
Notty,kelthuzad,1811,rogue,subtlety,365,197,168
Sasugay,sargeras,1809,rogue,subtlety,104,64,40
Pngöd,area-52,1809,rogue,subtlety,190,111,79
Shinigâmì,tichondrius,1809,rogue,subtlety,234,132,102
Vellexsis,sargeras,1809,rogue,subtlety,113,62,51
Ninjamf,bleeding-hollow,1808,rogue,subtlety,68,42,26
Themosk,malganis,1808,rogue,subtlety,84,47,37
Díor,azralon,1807,rogue,subtlety,124,70,54
Bobsaget,kiljaeden,1807,rogue,subtlety,117,63,54
Ymxxlolz,tichondrius,1804,rogue,subtlety,30,19,11
Shankntwist,malganis,1804,rogue,subtlety,114,65,49
Submissions,khazgoroth,1804,rogue,subtlety,107,60,47
Shizz,tichondrius,1803,rogue,subtlety,36,23,13
Turtlespeed,thrall,1803,rogue,subtlety,123,74,49
Errorless,moon-guard,1802,rogue,subtlety,152,89,63
Geartrix,darkspear,1801,rogue,subtlety,34,24,10
Ateabug,wyrmrest-accord,1800,rogue,subtlety,81,48,33
ßaltø,bleeding-hollow,1799,rogue,subtlety,42,19,23
Yunggodmalik,whisperwind,1799,rogue,subtlety,48,19,29
Beanlord,spinebreaker,1796,rogue,subtlety,105,60,45
Onîkudaki,sargeras,1795,rogue,subtlety,132,60,72
Wansuiye,tichondrius,1793,rogue,subtlety,46,30,16
Airi,darkspear,1793,rogue,subtlety,91,47,44
Eazyg,tichondrius,1791,rogue,subtlety,126,68,58
Rõý,area-52,1789,rogue,subtlety,60,29,31
Fingolfin,terenas,1786,rogue,subtlety,40,20,20
Nines,icecrown,1785,rogue,subtlety,48,26,22
Dyverse,stormrage,1784,rogue,subtlety,46,35,11
Kellenx,moon-guard,1781,rogue,subtlety,151,76,75
Åer,dalaran,1780,rogue,subtlety,243,133,110
Frez,amanthul,1775,rogue,subtlety,123,72,51
Bukaboo,tichondrius,1773,rogue,subtlety,54,32,22
Marcusr,tichondrius,1773,rogue,subtlety,66,37,29
Chitovera,tichondrius,1772,rogue,subtlety,48,32,16
Ppdx,malganis,1771,rogue,subtlety,36,24,12
Dvin,stormrage,1770,rogue,subtlety,54,30,24
Gyokkó,sargeras,1770,rogue,subtlety,36,20,16
Ganknvanish,tichondrius,1770,rogue,subtlety,243,122,121
Jaos,tichondrius,1769,rogue,subtlety,59,28,31
Topfloorboss,illidan,1768,rogue,subtlety,68,41,27
Stepcurry,tichondrius,1767,rogue,subtlety,83,54,29
Lxke,stormrage,1767,rogue,subtlety,64,32,32
Ziyanbaby,thunderlord,1763,rogue,subtlety,85,54,31
Vacui,area-52,1760,rogue,subtlety,175,96,79
Welinth,thunderlord,1759,rogue,subtlety,321,170,151
Astroz,sargeras,1757,rogue,subtlety,90,50,40
Greyyfox,illidan,1757,rogue,subtlety,139,68,71
Unshut,tichondrius,1752,rogue,subtlety,48,28,20
Energy,auchindoun,1751,rogue,subtlety,110,66,44
Bøyz,blackrock,1749,rogue,subtlety,25,20,5
ßuu,sargeras,1749,rogue,subtlety,36,21,15
Lycanthropì,illidan,1749,rogue,subtlety,36,21,15
Saltypwncake,illidan,1748,rogue,subtlety,65,37,28
Trc,illidan,1746,rogue,subtlety,50,28,22
Caliphate,stormrage,1744,rogue,subtlety,46,29,17
Flattsr,tichondrius,1742,rogue,subtlety,120,71,49
Pxb,sargeras,1740,rogue,subtlety,190,92,98
Lxw,frostmourne,1739,rogue,subtlety,61,29,32
Yoskit,tichondrius,1736,rogue,subtlety,54,31,23
Stabem,moon-guard,1734,rogue,subtlety,159,85,74
Iso,malganis,1734,rogue,subtlety,48,22,26
Plado,tichondrius,1728,rogue,subtlety,109,65,44
Votekanye,bleeding-hollow,1727,rogue,subtlety,84,48,36
Humphugull,skullcrusher,1727,rogue,subtlety,137,73,64
Ebasherx,area-52,1726,rogue,subtlety,42,19,23
Zenrion,sargeras,1723,rogue,subtlety,44,26,18
Tyrrantxo,agamaggan,1722,rogue,subtlety,189,97,92
Anßu,malganis,1721,rogue,subtlety,36,18,18
Saltymann,bleeding-hollow,1720,rogue,subtlety,102,57,45
Insanctus,malganis,1719,rogue,subtlety,46,29,17
Hykoo,tichondrius,1717,rogue,subtlety,189,104,85
ßestwørld,tichondrius,1717,rogue,subtlety,143,78,65
Jawnrogue,tichondrius,1716,rogue,subtlety,60,42,18
Kents,tichondrius,1716,rogue,subtlety,42,18,24
Zipperx,tichondrius,1712,rogue,subtlety,130,69,61
Yodiegang,tichondrius,1710,rogue,subtlety,36,22,14
Jinmorix,stormrage,1710,rogue,subtlety,92,51,41
Catatonic,moon-guard,1710,rogue,subtlety,173,91,82
Preceptor,azralon,1710,rogue,subtlety,156,81,75
Jjp,tichondrius,1709,rogue,subtlety,46,26,20
Brendantko,arthas,1707,rogue,subtlety,78,39,39
Wetit,illidan,1706,rogue,subtlety,114,66,48
Skitsöu,tichondrius,1706,rogue,subtlety,90,45,45
Alaeá,stormrage,1703,rogue,subtlety,67,34,33
Greasybbsea,illidan,1702,rogue,subtlety,256,135,121
Mirâge,illidan,1701,rogue,subtlety,161,89,72
Decóm,zuljin,1700,rogue,subtlety,94,47,47
Bloodwish,tichondrius,1700,rogue,subtlety,83,39,44
Bezeta,azralon,1698,rogue,subtlety,410,216,194
Spookyboogie,aegwynn,1697,rogue,subtlety,124,70,54
Linkzq,frostmourne,1697,rogue,subtlety,77,42,35
Kyubïx,ragnaros,1696,rogue,subtlety,150,87,63
Whoox,khazgoroth,1695,rogue,subtlety,42,29,13
Qtq,malganis,1693,rogue,subtlety,114,61,53
Xiaozhi,tichondrius,1692,rogue,subtlety,52,26,26
Ðankbud,barthilas,1692,rogue,subtlety,45,21,24
Esmeraldas,frostmourne,1686,rogue,subtlety,102,54,48
Aman,frostmourne,1683,rogue,subtlety,71,42,29
Atapayphone,zuljin,1683,rogue,subtlety,48,28,20
Nugator,illidan,1681,rogue,subtlety,30,18,12
Tizzyb,bleeding-hollow,1679,rogue,subtlety,50,28,22
Blakezilla,tichondrius,1677,rogue,subtlety,78,45,33
Zaszune,stormrage,1677,rogue,subtlety,113,63,50
Akorag,area-52,1676,rogue,subtlety,36,27,9
Woundman,sargeras,1675,rogue,subtlety,41,21,20
Nightthug,tichondrius,1675,rogue,subtlety,72,35,37
Assassìn,moon-guard,1674,rogue,subtlety,199,105,94
Steef,arygos,1672,rogue,subtlety,138,78,60
Haiev,tichondrius,1672,rogue,subtlety,90,46,44
Xm,sargeras,1670,rogue,subtlety,36,22,14
Eekz,illidan,1670,rogue,subtlety,467,249,218
Originalfake,sargeras,1670,rogue,subtlety,63,33,30
Roguetrix,stormrage,1670,rogue,subtlety,203,101,102
Scarablade,bleeding-hollow,1667,rogue,subtlety,82,46,36
Gnover,ragnaros,1667,rogue,subtlety,300,165,135
Avizura,dragonmaw,1666,rogue,subtlety,96,56,40
Nuhiva,tichondrius,1666,rogue,subtlety,127,63,64
Sohardtoplay,zuljin,1664,rogue,subtlety,106,50,56
Axtually,proudmoore,1663,rogue,subtlety,168,88,80
Eviscerator,moon-guard,1662,rogue,subtlety,137,68,69
Seaki,illidan,1661,rogue,subtlety,89,49,40
Danielsylerr,drakkari,1660,rogue,subtlety,90,45,45
Cbdoil,proudmoore,1659,rogue,subtlety,72,39,33
Chainsarogue,stormrage,1658,rogue,subtlety,48,24,24
Rogsky,tichondrius,1656,rogue,subtlety,42,20,22
Camlaw,area-52,1655,rogue,subtlety,96,55,41
Cahlee,sargeras,1655,rogue,subtlety,225,112,113
Siyeong,tichondrius,1653,rogue,subtlety,102,59,43
Majk,eldrethalas,1653,rogue,subtlety,166,80,86
Lululee,tichondrius,1651,rogue,subtlety,85,41,44
Mitsurí,sargeras,1650,rogue,subtlety,36,21,15
Vyrenn,destromath,1649,rogue,subtlety,133,67,66
Turec,illidan,1647,rogue,subtlety,41,22,19
Yurkarogue,tichondrius,1644,rogue,subtlety,38,29,9
Rmplol,azshara,1644,rogue,subtlety,112,67,45
Ãiriah,stormrage,1643,rogue,subtlety,42,24,18
Lilshortyaya,stormrage,1643,rogue,subtlety,67,37,30
Saintt,khaz-modan,1642,rogue,subtlety,79,53,26
Saprìse,darkspear,1641,rogue,subtlety,90,50,40
Fancen,drakthul,1641,rogue,subtlety,90,50,40
Saulgoodz,tichondrius,1641,rogue,subtlety,92,50,42
Defthands,tichondrius,1640,rogue,subtlety,30,18,12
Neonjk,ragnaros,1639,rogue,subtlety,106,58,48
Mutingall,tichondrius,1638,rogue,subtlety,35,23,12
Andreto,tichondrius,1637,rogue,subtlety,65,37,28
Nuff,emerald-dream,1637,rogue,subtlety,108,55,53
Bledstepelin,frostmourne,1635,rogue,subtlety,38,22,16
Kami,kelthuzad,1634,rogue,subtlety,66,39,27
Alts,tichondrius,1634,rogue,subtlety,42,23,19
Psÿchð,azralon,1633,rogue,subtlety,42,24,18
Yanhuaa,illidan,1632,rogue,subtlety,64,35,29
Garrotte,tichondrius,1631,rogue,subtlety,146,70,76
Frusciante,nemesis,1630,rogue,subtlety,90,52,38
Imiko,sargeras,1629,rogue,subtlety,78,39,39
Antonines,tichondrius,1628,rogue,subtlety,24,17,7
Îzu,ysera,1628,rogue,subtlety,98,53,45
Shreddér,tichondrius,1628,rogue,subtlety,41,20,21
Whooxx,khazgoroth,1627,rogue,subtlety,36,19,17
Eekz,sargeras,1627,rogue,subtlety,395,201,194
Cut,ragnaros,1626,rogue,subtlety,269,138,131
Goatforsale,tichondrius,1624,rogue,subtlety,102,58,44
Gptcodeplay,tichondrius,1622,rogue,subtlety,36,25,11
Frazz,ragnaros,1622,rogue,subtlety,66,32,34
Tarny,illidan,1622,rogue,subtlety,106,51,55
Genève,dreadmaul,1619,rogue,subtlety,66,38,28
Bruitzygg,barthilas,1619,rogue,subtlety,44,20,24
Peaches,akama,1618,rogue,subtlety,30,17,13
Fela,crushridge,1618,rogue,subtlety,208,108,100
Karmagoodttv,stormrage,1617,rogue,subtlety,40,23,17
Cerut,illidan,1617,rogue,subtlety,82,46,36
Amonn,arthas,1616,rogue,subtlety,165,82,83
Murked,barthilas,1613,rogue,subtlety,99,59,40
Ninetaildfox,arthas,1612,rogue,subtlety,30,22,8
Shigoo,sargeras,1612,rogue,subtlety,82,43,39
Horyx,zuljin,1611,rogue,subtlety,39,23,16
Sparqxx,tichondrius,1611,rogue,subtlety,116,64,52
Delphyax,azralon,1610,rogue,subtlety,42,23,19
Alexiionus,wyrmrest-accord,1609,rogue,subtlety,36,22,14
Ozzinton,kelthuzad,1609,rogue,subtlety,30,17,13
Jokerr,proudmoore,1607,rogue,subtlety,60,30,30
Piscís,sargeras,1606,rogue,subtlety,60,31,29
Skoalr,thrall,1605,rogue,subtlety,136,80,56
Köfy,quelthalas,1605,rogue,subtlety,128,65,63
Snoogly,tichondrius,1605,rogue,subtlety,101,51,50
Tmskitsou,tichondrius,1604,rogue,subtlety,52,28,24
Misthios,chogall,1604,rogue,subtlety,41,19,22
Weenies,illidan,1603,rogue,subtlety,101,57,44
Taidath,area-52,1603,rogue,subtlety,42,20,22
Kirona,tichondrius,1602,rogue,subtlety,35,24,11
Daradria,stormrage,1600,rogue,subtlety,30,17,13
Pãx,stormrage,1599,rogue,subtlety,54,35,19
Fkrueger,thrall,1599,rogue,subtlety,123,70,53
Kalvish,dalaran,1597,rogue,subtlety,29,17,12
Phatlolol,sargeras,1594,rogue,subtlety,136,69,67
Clerncc,emerald-dream,1589,rogue,subtlety,43,23,20
Wongski,darkspear,1587,rogue,subtlety,86,53,33
Karambit,frostmourne,1587,rogue,subtlety,48,25,23
Cuizhudi,tichondrius,1586,rogue,subtlety,78,44,34
Wowamaze,aegwynn,1584,rogue,subtlety,124,67,57
Cloó,tichondrius,1581,rogue,subtlety,29,17,12
Laaggul,tichondrius,1581,rogue,subtlety,36,21,15
Mayhemghost,rexxar,1581,rogue,subtlety,94,53,41
Ccýs,tichondrius,1580,rogue,subtlety,36,18,18
Incognitony,proudmoore,1580,rogue,subtlety,91,42,49
Mosedz,tichondrius,1578,rogue,subtlety,94,55,39
Fence,moon-guard,1578,rogue,subtlety,60,32,28
Kazzo,tichondrius,1575,rogue,subtlety,69,43,26
Blakezillax,tichondrius,1575,rogue,subtlety,36,19,17
Învîsîßull,illidan,1575,rogue,subtlety,76,36,40
Freshcakes,darkspear,1574,rogue,subtlety,48,26,22
ßecomeðeath,tichondrius,1574,rogue,subtlety,124,67,57
Cheapdeal,frostmourne,1573,rogue,subtlety,78,37,41
Jolly,frostmourne,1572,rogue,subtlety,112,62,50
Vavnmusic,illidan,1572,rogue,subtlety,151,82,69
Trizin,frostmourne,1572,rogue,subtlety,119,63,56
Jibdorf,destromath,1571,rogue,subtlety,60,38,22
Vanishcdc,area-52,1569,rogue,subtlety,189,96,93
Gardianstep,stormrage,1568,rogue,subtlety,78,39,39
Furt,frostmourne,1567,rogue,subtlety,56,28,28
Overdríver,emerald-dream,1566,rogue,subtlety,72,35,37
Stunz,mugthol,1564,rogue,subtlety,145,83,62
Proddivus,stormrage,1564,rogue,subtlety,42,17,25
Nargonis,illidan,1563,rogue,subtlety,80,46,34
Stankyx,bleeding-hollow,1563,rogue,subtlety,221,119,102
Scorpiovibes,misha,1563,rogue,subtlety,45,23,22
Kløud,uther,1559,rogue,subtlety,86,51,35
Wiman,quelthalas,1559,rogue,subtlety,48,23,25
Zeiss,tichondrius,1556,rogue,subtlety,119,56,63
Rosoma,kelthuzad,1555,rogue,subtlety,81,44,37
Lenik,azuremyst,1555,rogue,subtlety,66,35,31
Hayzarc,malfurion,1555,rogue,subtlety,72,35,37
Grelinho,stormrage,1554,rogue,subtlety,66,26,40
Sadtears,thrall,1553,rogue,subtlety,40,24,16
Steviekìcks,frostmourne,1553,rogue,subtlety,30,17,13
Wongcha,darkspear,1553,rogue,subtlety,54,27,27
Ironfistofcn,tichondrius,1552,rogue,subtlety,94,55,39
Techie,frostmane,1552,rogue,subtlety,85,45,40
Qq,doomhammer,1552,rogue,subtlety,54,28,26
Whereswaldo,azuremyst,1551,rogue,subtlety,45,21,24
Lyfallah,proudmoore,1549,rogue,subtlety,189,108,81
Usernameqtxo,kelthuzad,1549,rogue,subtlety,141,72,69
Sanozü,azralon,1548,rogue,subtlety,45,30,15
Ghoulzer,tichondrius,1548,rogue,subtlety,31,18,13
Bombman,tichondrius,1547,rogue,subtlety,143,69,74
Bobbyflay,velen,1546,rogue,subtlety,30,18,12
Swingonya,stormrage,1546,rogue,subtlety,30,17,13
Pleodonis,tichondrius,1545,rogue,subtlety,158,85,73
Kinbaal,bleeding-hollow,1544,rogue,subtlety,48,29,19
Kolander,tichondrius,1544,rogue,subtlety,82,46,36
Sandorroguee,stormrage,1544,rogue,subtlety,36,18,18
Whoô,khazgoroth,1543,rogue,subtlety,102,53,49
Satanicrizz,tichondrius,1543,rogue,subtlety,66,32,34
Mesqeets,kelthuzad,1542,rogue,subtlety,58,34,24
Prrey,hydraxis,1541,rogue,subtlety,133,61,72
Klawz,norgannon,1540,rogue,subtlety,77,41,36
Hawwtkunnk,emerald-dream,1539,rogue,subtlety,30,17,13
Clownboots,tichondrius,1538,rogue,subtlety,145,72,73
Hattorikun,proudmoore,1537,rogue,subtlety,30,17,13
Neilyo,barthilas,1535,rogue,subtlety,131,70,61
Solex,zuljin,1534,rogue,subtlety,30,16,14
Threeplates,silvermoon,1534,rogue,subtlety,135,71,64
Exacerbatê,mannoroth,1532,rogue,subtlety,74,40,34
Rufian,ursin,1532,rogue,subtlety,91,47,44
Pressuret,frostmourne,1531,rogue,subtlety,91,52,39
Vaith,wyrmrest-accord,1530,rogue,subtlety,154,80,74
Kody,dalaran,1528,rogue,subtlety,75,40,35
Tapwaterx,illidan,1527,rogue,subtlety,114,56,58
Dogpaws,moon-guard,1526,rogue,subtlety,70,39,31
Mtvcribs,emerald-dream,1526,rogue,subtlety,67,34,33
Jinglez,frostmourne,1525,rogue,subtlety,62,37,25
Miamiganster,lothar,1525,rogue,subtlety,75,38,37
ßeep,windrunner,1525,rogue,subtlety,48,24,24
Axerax,draka,1525,rogue,subtlety,48,24,24
Oj,frostmourne,1524,rogue,subtlety,30,17,13
Lyapunov,tichondrius,1524,rogue,subtlety,110,57,53
Corde,hyjal,1523,rogue,subtlety,32,20,12
Dissociated,stormrage,1523,rogue,subtlety,47,17,30
Lapuamagnum,illidan,1522,rogue,subtlety,54,29,25
Gladlol,stormrage,1522,rogue,subtlety,36,16,20
Sîlver,dragonblight,1521,rogue,subtlety,102,49,53
Pootymunchin,daggerspine,1520,rogue,subtlety,48,24,24
Lilshanker,tichondrius,1520,rogue,subtlety,122,60,62
Jon,the-venture-co,1519,rogue,subtlety,30,16,14
Beatcat,tichondrius,1519,rogue,subtlety,66,35,31
Heisenburst,garithos,1519,rogue,subtlety,36,18,18
Skinnymayne,laughing-skull,1519,rogue,subtlety,48,23,25
Whispx,malganis,1517,rogue,subtlety,36,18,18
Smolblade,nordrassil,1516,rogue,subtlety,91,47,44
Krolczz,tichondrius,1515,rogue,subtlety,129,75,54
Evaru,tichondrius,1515,rogue,subtlety,30,16,14
Vaelorac,suramar,1515,rogue,subtlety,48,24,24
Ieu,tichondrius,1514,rogue,subtlety,24,16,8
Rhyks,sargeras,1514,rogue,subtlety,47,27,20
Killmebaby,lightnings-blade,1514,rogue,subtlety,54,29,25
Mermm,burning-blade,1514,rogue,subtlety,54,29,25
Gotto,icecrown,1514,rogue,subtlety,107,49,58
Guiguzidr,illidan,1513,rogue,subtlety,188,106,82
Klâng,tichondrius,1512,rogue,subtlety,250,127,123
Abacura,moon-guard,1511,rogue,subtlety,154,87,67
Deathwishx,tichondrius,1511,rogue,subtlety,40,21,19
Progeriagodx,darkspear,1510,rogue,subtlety,30,16,14
Galaxybrain,icecrown,1509,rogue,subtlety,138,85,53
Aquickbust,tichondrius,1509,rogue,subtlety,66,38,28
Tootsio,tichondrius,1508,rogue,subtlety,61,30,31
Dawkx,thrall,1507,rogue,subtlety,31,17,14
Mgpro,tichondrius,1507,rogue,subtlety,72,39,33
Ghyile,stormreaver,1507,rogue,subtlety,72,34,38
Ricros,bleeding-hollow,1506,rogue,subtlety,68,35,33
Morriz,tichondrius,1505,rogue,subtlety,84,52,32
Twotimed,magtheridon,1505,rogue,subtlety,77,43,34
Sit,frostwolf,1505,rogue,subtlety,88,49,39
Vanvanlords,azralon,1505,rogue,subtlety,173,86,87
Hmmkek,frostmourne,1503,rogue,subtlety,53,32,21
Zernaz,thrall,1503,rogue,subtlety,114,59,55
Athletik,tichondrius,1502,rogue,subtlety,30,17,13
Nicoaa,tichondrius,1502,rogue,subtlety,229,117,112
Eridian,tichondrius,1502,rogue,subtlety,163,82,81
Bakedpotato,garithos,1501,rogue,subtlety,168,88,80
Cheepz,emerald-dream,1500,rogue,subtlety,30,17,13
Waytoosext,tichondrius,1500,rogue,subtlety,36,20,16
Kossori,deathwing,1500,rogue,subtlety,49,24,25
Vyserate,malfurion,1499,rogue,subtlety,66,34,32
Mcnastier,dunemaul,1497,rogue,subtlety,39,25,14
Luolan,kargath,1497,rogue,subtlety,102,55,47
Grinjuk,area-52,1497,rogue,subtlety,89,47,42
Xvds,tichondrius,1497,rogue,subtlety,95,45,50
Taliwis,burning-blade,1496,rogue,subtlety,60,27,33
Steffmaister,tichondrius,1495,rogue,subtlety,40,24,16
Revelationzz,turalyon,1493,rogue,subtlety,156,78,78
Aleh,exodar,1493,rogue,subtlety,36,18,18
Bswagx,illidan,1493,rogue,subtlety,172,85,87
Pince,black-dragonflight,1492,rogue,subtlety,51,29,22
Jmaxx,wyrmrest-accord,1492,rogue,subtlety,98,50,48
Nítzy,quelthalas,1491,rogue,subtlety,102,50,52
Saraelith,moon-guard,1489,rogue,subtlety,75,42,33
Hellainuis,kelthuzad,1489,rogue,subtlety,53,20,33
Hakuchi,tichondrius,1488,rogue,subtlety,135,69,66
Kragathor,malganis,1488,rogue,subtlety,118,60,58
Agilityrush,stormrage,1487,rogue,subtlety,36,19,17
Yanh,tichondrius,1487,rogue,subtlety,47,23,24
Wowtheskill,illidan,1486,rogue,subtlety,78,39,39
Broddz,sargeras,1485,rogue,subtlety,60,32,28
Woollord,frostmourne,1484,rogue,subtlety,90,50,40
Speedboi,skullcrusher,1483,rogue,subtlety,261,144,117
Bugser,tichondrius,1483,rogue,subtlety,102,54,48
Zhuodouqiaga,tichondrius,1479,rogue,subtlety,46,19,27
Négrá,ragnaros,1478,rogue,subtlety,24,16,8
Suhwooh,area-52,1476,rogue,subtlety,97,56,41
Lazzi,tichondrius,1475,rogue,subtlety,93,54,39
Brangs,ragnaros,1475,rogue,subtlety,86,45,41
Tigerinu,stormreaver,1475,rogue,subtlety,91,46,45
Tonjuras,uther,1473,rogue,subtlety,117,65,52
Greasymarheo,area-52,1472,rogue,subtlety,85,41,44
Malgoria,tichondrius,1471,rogue,subtlety,36,19,17
Roguechamp,aggramar,1471,rogue,subtlety,41,20,21
Cutx,frostmourne,1470,rogue,subtlety,46,25,21
Ikerz,tichondrius,1469,rogue,subtlety,37,20,17
Mhr,tichondrius,1468,rogue,subtlety,60,36,24
Arakine,uldaman,1467,rogue,subtlety,74,47,27
Tmterminel,moon-guard,1467,rogue,subtlety,361,192,169
Kaliasteddin,area-52,1467,rogue,subtlety,80,40,40
Stanley,mugthol,1465,rogue,subtlety,93,53,40
Scenna,stormrage,1465,rogue,subtlety,114,51,63
Lyliym,frostmourne,1464,rogue,subtlety,56,37,19
Oldgate,azralon,1462,rogue,subtlety,41,23,18
Toxsith,tichondrius,1459,rogue,subtlety,74,43,31
Clayton,frostmourne,1459,rogue,subtlety,85,46,39
Deadguys,tichondrius,1459,rogue,subtlety,96,50,46
Lcl,proudmoore,1458,rogue,subtlety,47,22,25
Swanl,stormrage,1457,rogue,subtlety,101,53,48
Subterfuge,sargeras,1457,rogue,subtlety,113,54,59
Rigotak,illidan,1455,rogue,subtlety,173,88,85
Revenantss,moon-guard,1452,rogue,subtlety,60,27,33
Jasam,daggerspine,1450,rogue,subtlety,57,30,27
Entropyphi,daggerspine,1450,rogue,subtlety,36,17,19
Trucidovaco,daggerspine,1449,rogue,subtlety,88,40,48
Tamsy,the-forgotten-coast,1448,rogue,subtlety,27,19,8
Goopthicc,sargeras,1448,rogue,subtlety,127,57,70
Géminis,sargeras,1444,rogue,subtlety,30,17,13
Twinkrogue,firetree,1443,rogue,subtlety,48,28,20
Rougething,bleeding-hollow,1443,rogue,subtlety,72,35,37
Johnnymayhem,kelthuzad,1443,rogue,subtlety,54,25,29
Bloodylegend,altar-of-storms,1442,rogue,subtlety,36,21,15
Huskyi,dalaran,1442,rogue,subtlety,66,31,35
Deprexxion,sargeras,1441,rogue,subtlety,36,24,12
Invokesap,area-52,1441,rogue,subtlety,36,18,18
Clownvish,dalaran,1440,rogue,subtlety,18,15,3
Evasionx,tichondrius,1438,rogue,subtlety,24,15,9
Ctrlfreak,hellscream,1438,rogue,subtlety,102,57,45
Flavored,bloodhoof,1437,rogue,subtlety,48,24,24
Calebrogue,illidan,1436,rogue,subtlety,24,15,9
Najohn,tichondrius,1436,rogue,subtlety,96,49,47
Drtmo,mannoroth,1434,rogue,subtlety,42,21,21
Tulis,frostmourne,1432,rogue,subtlety,186,106,80
Blinky,blades-edge,1432,rogue,subtlety,48,24,24
Hunchó,area-52,1431,rogue,subtlety,77,44,33
Morpheûs,tichondrius,1431,rogue,subtlety,100,50,50
Drsinz,tichondrius,1430,rogue,subtlety,95,45,50
Unsheathed,kelthuzad,1429,rogue,subtlety,36,16,20
Vap,azralon,1428,rogue,subtlety,104,55,49
Sighzy,sargeras,1428,rogue,subtlety,124,53,71
Quinity,wyrmrest-accord,1427,rogue,subtlety,252,129,123
Sevrow,wyrmrest-accord,1427,rogue,subtlety,67,33,34
Vigílant,proudmoore,1426,rogue,subtlety,114,55,59
Aszombie,tichondrius,1425,rogue,subtlety,24,16,8
Lurios,rivendare,1425,rogue,subtlety,204,102,102
Keepitshadow,frostmourne,1424,rogue,subtlety,44,25,19
Suggmadi,stormrage,1423,rogue,subtlety,24,15,9
Manersi,akama,1423,rogue,subtlety,31,16,15
Coughsyrup,sargeras,1422,rogue,subtlety,24,15,9
Superharry,tichondrius,1422,rogue,subtlety,90,47,43
Kibbs,korgath,1422,rogue,subtlety,60,30,30
Çrácked,blackrock,1422,rogue,subtlety,47,21,26
Chronisch,area-52,1422,rogue,subtlety,36,16,20
Calimari,frostmourne,1422,rogue,subtlety,42,18,24
Pichichi,frostmourne,1421,rogue,subtlety,99,54,45
Zefeckz,tichondrius,1420,rogue,subtlety,59,29,30
Xaidra,bleeding-hollow,1420,rogue,subtlety,53,25,28
Luriél,stormrage,1419,rogue,subtlety,40,24,16
Shaoriel,zuljin,1419,rogue,subtlety,36,21,15
Lagault,muradin,1419,rogue,subtlety,127,72,55
Scallywag,illidan,1419,rogue,subtlety,68,37,31
Teawhy,zuljin,1419,rogue,subtlety,66,32,34
Orîon,scilla,1418,rogue,subtlety,54,30,24
Hotcarl,kiljaeden,1418,rogue,subtlety,64,33,31
Tolthe,hyjal,1418,rogue,subtlety,80,40,40
Jujudaddy,sargeras,1416,rogue,subtlety,117,63,54
Jadhafeed,quelthalas,1416,rogue,subtlety,54,29,25
Murlu,silver-hand,1416,rogue,subtlety,44,22,22
Xandroesh,darkspear,1415,rogue,subtlety,116,61,55
Ambushr,tichondrius,1410,rogue,subtlety,96,58,38
Mistnazgul,quelthalas,1410,rogue,subtlety,175,94,81
Zetkx,tichondrius,1410,rogue,subtlety,45,23,22
Fulkrem,wyrmrest-accord,1410,rogue,subtlety,74,34,40
Weckful,kelthuzad,1409,rogue,subtlety,75,41,34
Smormu,bonechewer,1409,rogue,subtlety,60,27,33
Raqed,eredar,1407,rogue,subtlety,54,28,26
Lucki,tichondrius,1407,rogue,subtlety,44,21,23
Slap,icecrown,1405,rogue,subtlety,102,44,58
Neuschurke,warsong,1404,rogue,subtlety,54,30,24
Cv,proudmoore,1404,rogue,subtlety,42,23,19
Noxik,blackrock,1404,rogue,subtlety,243,129,114
Jirokun,illidan,1402,rogue,subtlety,36,16,20
Gaonasi,tichondrius,1401,rogue,subtlety,68,41,27
Lilstab,hakkar,1401,rogue,subtlety,224,118,106
Zaozaa,frostmourne,1401,rogue,subtlety,113,54,59
Aghanaar,burning-legion,1400,rogue,subtlety,74,33,41
Shilaya,dreadmaul,1400,rogue,subtlety,54,23,31
Fystrong,kelthuzad,1399,rogue,subtlety,30,15,15
Caveil,stormrage,1399,rogue,subtlety,59,29,30
Dustt,stormrage,1398,rogue,subtlety,48,33,15
Eryx,mugthol,1398,rogue,subtlety,58,36,22
Kahlx,azralon,1398,rogue,subtlety,156,78,78
Screwzx,tichondrius,1398,rogue,subtlety,41,19,22
Iilewisii,mannoroth,1397,rogue,subtlety,128,72,56
Hickery,frostmourne,1396,rogue,subtlety,36,21,15
Harlyfknquin,jubeithos,1396,rogue,subtlety,154,83,71
Axiy,stormrage,1396,rogue,subtlety,126,63,63
Leprocy,tichondrius,1395,rogue,subtlety,28,18,10
Lilplato,area-52,1395,rogue,subtlety,24,15,9
Venace,agamaggan,1395,rogue,subtlety,52,28,24
Merkules,dalaran,1394,rogue,subtlety,22,16,6
Oksanaastan,tichondrius,1392,rogue,subtlety,83,35,48
Fofree,hyjal,1390,rogue,subtlety,82,44,38
Microcore,sargeras,1390,rogue,subtlety,30,15,15
Nlynn,veknilash,1389,rogue,subtlety,29,15,14
Sapyalater,thrall,1389,rogue,subtlety,210,108,102
Homelanderx,darrowmere,1389,rogue,subtlety,55,27,28
Demìurge,tichondrius,1389,rogue,subtlety,171,82,89
Täy,thrall,1388,rogue,subtlety,128,67,61
Lisnp,tichondrius,1388,rogue,subtlety,260,129,131
Odelöt,drakkari,1387,rogue,subtlety,108,59,49
Rdt,durotan,1387,rogue,subtlety,35,16,19
Kidneyisntop,illidan,1386,rogue,subtlety,189,89,100
Stêf,zuljin,1384,rogue,subtlety,127,75,52
Nikosneako,tichondrius,1384,rogue,subtlety,48,24,24
Backshøtz,tichondrius,1384,rogue,subtlety,53,24,29
Raymga,tichondrius,1383,rogue,subtlety,60,36,24
Lásko,area-52,1383,rogue,subtlety,69,32,37
Nooz,thrall,1382,rogue,subtlety,107,62,45
Miraclesap,stormrage,1381,rogue,subtlety,309,171,138
Kainm,stormrage,1381,rogue,subtlety,398,201,197
Aoki,tichondrius,1381,rogue,subtlety,37,18,19
Søprøle,ragnaros,1380,rogue,subtlety,104,60,44
Helzzit,ragnaros,1380,rogue,subtlety,60,34,26
Bu,zuljin,1377,rogue,subtlety,78,42,36
Gøblìn,tichondrius,1377,rogue,subtlety,156,67,89
Pikabuu,bleeding-hollow,1377,rogue,subtlety,75,32,43
Leftyleaf,proudmoore,1376,rogue,subtlety,66,35,31
Secrettecbot,barthilas,1375,rogue,subtlety,48,25,23
Hahaurblind,perenolde,1375,rogue,subtlety,83,43,40
Dèàdly,korgath,1374,rogue,subtlety,96,48,48
Bossrogue,tichondrius,1374,rogue,subtlety,91,42,49
Gloòm,stormrage,1373,rogue,subtlety,24,16,8
Nolubepls,onyxia,1373,rogue,subtlety,45,18,27
Lozion,malganis,1372,rogue,subtlety,54,25,29
Dismayx,tichondrius,1367,rogue,subtlety,78,38,40
Deeshdosh,illidan,1367,rogue,subtlety,48,23,25
Orteker,tichondrius,1365,rogue,subtlety,135,67,68
Bumboklaat,bleeding-hollow,1365,rogue,subtlety,47,23,24
Zenshin,tichondrius,1365,rogue,subtlety,121,56,65
Anbuartist,dalaran,1364,rogue,subtlety,57,30,27
Natalya,stormreaver,1362,rogue,subtlety,23,15,8
Jadier,emerald-dream,1361,rogue,subtlety,47,24,23
Xmystery,illidan,1361,rogue,subtlety,63,32,31
Emrogr,tichondrius,1360,rogue,subtlety,81,44,37
Nihue,terenas,1360,rogue,subtlety,72,35,37
Chãlons,tichondrius,1360,rogue,subtlety,108,51,57
Meer,balnazzar,1359,rogue,subtlety,95,63,32
Meziausx,stormrage,1358,rogue,subtlety,42,16,26
Jenmarshall,lightbringer,1356,rogue,subtlety,45,19,26
Sabedoria,barthilas,1355,rogue,subtlety,130,68,62
Bloodraina,hyjal,1355,rogue,subtlety,297,150,147
Deyjavu,tichondrius,1354,rogue,subtlety,54,26,28
Pocketman,barthilas,1353,rogue,subtlety,83,38,45
Dessenia,illidan,1352,rogue,subtlety,136,81,55
Hypermix,tichondrius,1351,rogue,subtlety,64,33,31
Denoms,area-52,1351,rogue,subtlety,60,26,34
Trâshy,stormrage,1350,rogue,subtlety,37,23,14
Maløkeirø,stormrage,1349,rogue,subtlety,218,109,109
Sgtbuttfat,dalaran,1349,rogue,subtlety,65,31,34
Abdullahh,tichondrius,1348,rogue,subtlety,87,52,35
Khorgan,mugthol,1347,rogue,subtlety,66,34,32
Oilyrock,tichondrius,1346,rogue,subtlety,106,60,46
Poolover,barthilas,1346,rogue,subtlety,30,15,15
Swiftdeaths,queldorei,1346,rogue,subtlety,92,42,50
Hollfex,nemesis,1345,rogue,subtlety,96,51,45
Overzz,azralon,1344,rogue,subtlety,57,29,28
Æmg,malganis,1341,rogue,subtlety,24,14,10
Pmf,stormrage,1341,rogue,subtlety,24,14,10
Darkìs,tichondrius,1341,rogue,subtlety,42,20,22
Stuntedscamp,bleeding-hollow,1341,rogue,subtlety,65,27,38
Corrier,tichondrius,1340,rogue,subtlety,24,14,10
Kimomo,tichondrius,1339,rogue,subtlety,204,101,103
Faxingberlin,skullcrusher,1339,rogue,subtlety,83,38,45
Adept,whisperwind,1338,rogue,subtlety,24,14,10
Notxerian,stormrage,1338,rogue,subtlety,24,14,10
Seloc,wyrmrest-accord,1338,rogue,subtlety,64,26,38
Spacebase,illidan,1337,rogue,subtlety,24,14,10
Kidreen,dalaran,1337,rogue,subtlety,24,14,10
Dtelkham,tichondrius,1336,rogue,subtlety,48,21,27
Donnice,area-52,1335,rogue,subtlety,30,15,15
Narcoleptic,dalaran,1334,rogue,subtlety,127,61,66
ßackshots,kelthuzad,1333,rogue,subtlety,84,45,39
Gnomerogue,sargeras,1333,rogue,subtlety,63,33,30
Zôliath,tichondrius,1333,rogue,subtlety,46,17,29
Støné,azjolnerub,1329,rogue,subtlety,18,14,4
Towncar,kelthuzad,1329,rogue,subtlety,30,14,16
Epipenqt,dark-iron,1328,rogue,subtlety,54,28,26
Eraticrogue,illidan,1328,rogue,subtlety,65,28,37
Bokatañ,malganis,1327,rogue,subtlety,84,49,35
Medalist,darkspear,1327,rogue,subtlety,69,37,32
Xalsathoth,sargeras,1326,rogue,subtlety,30,15,15
Felistrien,wyrmrest-accord,1326,rogue,subtlety,162,77,85
Unholydood,bonechewer,1325,rogue,subtlety,30,15,15
Wiðôw,area-52,1325,rogue,subtlety,66,29,37
Quickxsilver,tichondrius,1324,rogue,subtlety,137,69,68
Hollowshade,hydraxis,1323,rogue,subtlety,30,16,14
Ustunned,stormrage,1323,rogue,subtlety,30,14,16
Thugspice,stormrage,1321,rogue,subtlety,205,104,101
Lagula,ragnaros,1320,rogue,subtlety,41,27,14
Peacetou,kelthuzad,1320,rogue,subtlety,36,14,22
Falt,tichondrius,1319,rogue,subtlety,28,17,11
Worrglaive,dalaran,1319,rogue,subtlety,332,165,167
Respia,proudmoore,1318,rogue,subtlety,76,34,42
Kilerhid,quelthalas,1318,rogue,subtlety,114,50,64
Gankolicious,nerzhul,1317,rogue,subtlety,18,14,4
Coh,sargeras,1315,rogue,subtlety,30,14,16
Julz,frostmourne,1314,rogue,subtlety,28,16,12
Rykojin,dalaran,1314,rogue,subtlety,99,56,43
Emabean,eonar,1310,rogue,subtlety,81,39,42
Kalamarii,stormrage,1309,rogue,subtlety,66,30,36
Poohpants,frostmourne,1308,rogue,subtlety,135,71,64
Sícarii,emerald-dream,1307,rogue,subtlety,60,33,27
Luradfate,dalaran,1307,rogue,subtlety,535,267,268
Kawagreen,tichondrius,1303,rogue,subtlety,82,44,38
Sketchyweas,sargeras,1303,rogue,subtlety,62,24,38
Varyk,amanthul,1302,rogue,subtlety,24,14,10
Taroo,ragnaros,1301,rogue,subtlety,103,55,48
Crÿptø,azralon,1300,rogue,subtlety,66,32,34
Rezy,lightbringer,1300,rogue,subtlety,59,19,40
Liquidmojo,tichondrius,1298,rogue,subtlety,43,21,22
Roguekofwa,tichondrius,1298,rogue,subtlety,36,14,22
Riezzoo,malfurion,1296,rogue,subtlety,108,58,50
Geeo,emerald-dream,1290,rogue,subtlety,118,59,59
Ohgiddy,dalaran,1290,rogue,subtlety,91,40,51
Orangez,malfurion,1289,rogue,subtlety,36,21,15
Dhexz,stormrage,1288,rogue,subtlety,30,14,16
Izula,spirestone,1286,rogue,subtlety,29,15,14
Gothblade,malganis,1285,rogue,subtlety,36,19,17
Riggz,burning-blade,1285,rogue,subtlety,159,80,79
Vellkann,azralon,1284,rogue,subtlety,30,21,9
Emøtions,darkspear,1284,rogue,subtlety,75,44,31
Oatmealcrisp,thrall,1284,rogue,subtlety,36,21,15
Liryth,lightninghoof,1281,rogue,subtlety,51,29,22
Ikmagine,icecrown,1281,rogue,subtlety,42,17,25
Luvsauce,tichondrius,1278,rogue,subtlety,121,64,57
Macsap,frostmourne,1277,rogue,subtlety,66,35,31
Sapùwú,stormrage,1277,rogue,subtlety,112,56,56
Bõjack,stormrage,1277,rogue,subtlety,31,15,16
Vex,durotan,1277,rogue,subtlety,54,21,33
Vangroen,quelthalas,1276,rogue,subtlety,61,38,23
Brocolini,zuljin,1276,rogue,subtlety,72,37,35
Surdiealot,tichondrius,1276,rogue,subtlety,134,64,70
Pegglerogue,fizzcrank,1275,rogue,subtlety,289,141,148
Thejizz,kiljaeden,1275,rogue,subtlety,64,28,36
Vashrasatva,stormrage,1275,rogue,subtlety,81,35,46
Betrayerz,darkspear,1273,rogue,subtlety,51,31,20
Bladefang,quelthalas,1273,rogue,subtlety,38,21,17
Flockavelli,zuljin,1272,rogue,subtlety,109,53,56
Ballflicker,malganis,1272,rogue,subtlety,53,23,30
Jdmg,azralon,1271,rogue,subtlety,34,20,14
Brand,bonechewer,1271,rogue,subtlety,48,15,33
Merek,scarlet-crusade,1270,rogue,subtlety,48,23,25
Mcromance,khadgar,1270,rogue,subtlety,104,49,55
Chuckydoll,sargeras,1268,rogue,subtlety,36,15,21
Dionavelynn,area-52,1267,rogue,subtlety,60,28,32
Vuye,moon-guard,1267,rogue,subtlety,110,49,61
Pargo,quelthalas,1266,rogue,subtlety,67,30,37
Chompycat,tichondrius,1265,rogue,subtlety,36,20,16
Draef,illidan,1263,rogue,subtlety,27,15,12
Vexyz,tichondrius,1263,rogue,subtlety,36,19,17
Loquen,ragnaros,1263,rogue,subtlety,167,83,84
Bubblesrr,whisperwind,1261,rogue,subtlety,44,16,28
Gèzo,tichondrius,1260,rogue,subtlety,30,14,16
Uchihaputin,tichondrius,1260,rogue,subtlety,36,16,20
Shyzuku,drakkari,1259,rogue,subtlety,24,15,9
Zarkans,proudmoore,1259,rogue,subtlety,149,79,70
Kestor,barthilas,1259,rogue,subtlety,42,18,24
Ayo,exodar,1256,rogue,subtlety,80,45,35
Smertin,area-52,1255,rogue,subtlety,57,28,29
Variat,azralon,1255,rogue,subtlety,78,38,40
Rooke,draktharon,1255,rogue,subtlety,103,42,61
Gaiuscaesa,moon-guard,1253,rogue,subtlety,36,16,20
Pgo,tichondrius,1252,rogue,subtlety,48,26,22
Trolladrão,goldrinn,1252,rogue,subtlety,35,15,20
Arbitér,moonrunner,1250,rogue,subtlety,64,25,39
Tmpikaboo,tichondrius,1248,rogue,subtlety,18,13,5
Keytürns,frostmourne,1248,rogue,subtlety,48,22,26
Gotothegym,tichondrius,1248,rogue,subtlety,83,38,45
Ohnoyoudont,dragonmaw,1246,rogue,subtlety,24,15,9
Seshtime,tichondrius,1245,rogue,subtlety,18,13,5
Eversincee,illidan,1245,rogue,subtlety,27,14,13
Mylovejunex,tichondrius,1244,rogue,subtlety,18,13,5
Endlesswaltz,zuljin,1243,rogue,subtlety,30,13,17
Moonvertz,barthilas,1242,rogue,subtlety,24,13,11
Pro,burning-legion,1240,rogue,subtlety,111,57,54
Zavrus,kelthuzad,1240,rogue,subtlety,30,15,15
Vlone,icecrown,1240,rogue,subtlety,30,13,17
Notjawn,arthas,1239,rogue,subtlety,24,14,10
Chakal,illidan,1239,rogue,subtlety,24,13,11
Squidr,tichondrius,1239,rogue,subtlety,24,13,11
Razzoldazzol,tichondrius,1238,rogue,subtlety,24,13,11
Stealthkid,tichondrius,1237,rogue,subtlety,24,13,11
Jipper,kelthuzad,1236,rogue,subtlety,69,31,38
Poofus,vashj,1236,rogue,subtlety,36,14,22
Gutpunch,kelthuzad,1234,rogue,subtlety,36,15,21
Pinksleep,sargeras,1234,rogue,subtlety,54,22,32
Sahima,tichondrius,1233,rogue,subtlety,285,145,140
Tigbits,frostmourne,1233,rogue,subtlety,44,17,27
Oddblade,stormrage,1232,rogue,subtlety,24,14,10
Sinnister,queldorei,1231,rogue,subtlety,42,24,18
Frostybeers,kelthuzad,1231,rogue,subtlety,174,89,85
Brettmckjnr,saurfang,1230,rogue,subtlety,73,37,36
Pixils,bleeding-hollow,1230,rogue,subtlety,36,14,22
Xleo,drakkari,1229,rogue,subtlety,253,118,135
Reckfull,burning-legion,1229,rogue,subtlety,30,13,17
Reclusivexo,tichondrius,1229,rogue,subtlety,30,13,17
Autumnsedge,area-52,1229,rogue,subtlety,79,31,48
Jhors,tichondrius,1227,rogue,subtlety,36,18,18
Tikirum,tichondrius,1226,rogue,subtlety,36,16,20
Rinestiria,arthas,1224,rogue,subtlety,102,54,48
Hattrìck,area-52,1224,rogue,subtlety,56,28,28
Lesliechow,sargeras,1223,rogue,subtlety,108,64,44
Wokemeup,bleeding-hollow,1223,rogue,subtlety,42,22,20
Coolswag,tichondrius,1223,rogue,subtlety,30,13,17
Steeldiesel,sargeras,1222,rogue,subtlety,30,13,17
Dralax,ragnaros,1222,rogue,subtlety,53,16,37
Gyrfalcon,spirestone,1220,rogue,subtlety,235,115,120
Usapped,tichondrius,1220,rogue,subtlety,30,13,17
Chokonet,gurubashi,1218,rogue,subtlety,24,13,11
Lemíly,emerald-dream,1218,rogue,subtlety,55,20,35
Kylerxius,korgath,1216,rogue,subtlety,54,31,23
Mendiant,azralon,1216,rogue,subtlety,179,89,90
Abogansterr,ragnaros,1215,rogue,subtlety,249,128,121
Ýazim,tichondrius,1214,rogue,subtlety,22,13,9
Boredomkills,frostmane,1213,rogue,subtlety,24,13,11
Thisisspiicy,tichondrius,1212,rogue,subtlety,36,13,23
Suñg,tichondrius,1211,rogue,subtlety,30,14,16
Draculà,wyrmrest-accord,1210,rogue,subtlety,267,137,130
Glatzkaus,shattered-hand,1210,rogue,subtlety,30,14,16
Harkknight,sargeras,1209,rogue,subtlety,314,166,148
Vexaryon,quelthalas,1208,rogue,subtlety,24,14,10
Drapezz,kelthuzad,1208,rogue,subtlety,81,45,36
Jagó,malganis,1208,rogue,subtlety,50,27,23
Reverel,tichondrius,1208,rogue,subtlety,28,14,14
Suffêr,dalaran,1207,rogue,subtlety,82,49,33
Shellby,tichondrius,1205,rogue,subtlety,98,49,49
Ghást,area-52,1204,rogue,subtlety,24,13,11
Macraux,kiljaeden,1204,rogue,subtlety,116,59,57
Ishtabbedyou,velen,1203,rogue,subtlety,54,24,30
Poozzels,frostmourne,1201,rogue,subtlety,30,15,15
Paraisbae,tichondrius,1200,rogue,subtlety,20,14,6
Vendettã,skullcrusher,1199,rogue,subtlety,42,27,15
Witherblade,area-52,1198,rogue,subtlety,29,19,10
Highwire,stormrage,1198,rogue,subtlety,53,29,24
Noriel,dathremar,1196,rogue,subtlety,85,42,43
Sappedwap,thrall,1191,rogue,subtlety,60,33,27
Aiber,sargeras,1191,rogue,subtlety,36,19,17
Arÿaa,azralon,1191,rogue,subtlety,78,39,39
Kernall,area-52,1190,rogue,subtlety,51,26,25
Pilz,malganis,1188,rogue,subtlety,72,34,38
Gougemebaby,emerald-dream,1188,rogue,subtlety,42,17,25
Bríng,illidan,1186,rogue,subtlety,71,37,34
Raidei,elune,1186,rogue,subtlety,27,14,13
Sxs,kiljaeden,1186,rogue,subtlety,71,36,35
Hiarolson,stormrage,1185,rogue,subtlety,89,42,47
Foxolnite,illidan,1184,rogue,subtlety,27,13,14
Alrynik,stormrage,1182,rogue,subtlety,42,22,20
Scyless,illidan,1181,rogue,subtlety,20,13,7
Roxeni,tichondrius,1181,rogue,subtlety,28,13,15
Peteroc,stormreaver,1178,rogue,subtlety,30,15,15
Winze,scilla,1176,rogue,subtlety,66,39,27
Droíd,bleeding-hollow,1175,rogue,subtlety,58,28,30
Dyane,gilneas,1174,rogue,subtlety,170,85,85
Aynrand,drakkari,1174,rogue,subtlety,105,49,56
Frèyjä,bleeding-hollow,1172,rogue,subtlety,293,146,147
Smashol,barthilas,1172,rogue,subtlety,78,37,41
Studders,kiljaeden,1171,rogue,subtlety,89,41,48
Vonyx,area-52,1170,rogue,subtlety,72,33,39
Writhes,sargeras,1169,rogue,subtlety,20,13,7
Abatoire,wyrmrest-accord,1166,rogue,subtlety,106,52,54
Xzert,frostmourne,1164,rogue,subtlety,36,15,21
Mirajoo,tichondrius,1162,rogue,subtlety,140,65,75
Thügz,dawnbringer,1160,rogue,subtlety,36,13,23
Ccainy,stormrage,1159,rogue,subtlety,30,13,17
Paulpitation,blood-furnace,1155,rogue,subtlety,39,15,24
Håkünämãtåtä,stormrage,1152,rogue,subtlety,18,12,6
Bèstworld,dalaran,1152,rogue,subtlety,24,12,12
Greedymoray,the-forgotten-coast,1152,rogue,subtlety,60,19,41
Venthyrblast,shuhalo,1151,rogue,subtlety,18,12,6
Nocte,goldrinn,1151,rogue,subtlety,149,68,81
Sitdownplz,darkspear,1150,rogue,subtlety,21,13,8
Xerise,malganis,1149,rogue,subtlety,24,12,12
Teamskitsou,tichondrius,1148,rogue,subtlety,12,12,0
Ybby,tichondrius,1148,rogue,subtlety,18,12,6
Itskanashi,frostmourne,1148,rogue,subtlety,81,36,45
Terpsaucey,tichondrius,1148,rogue,subtlety,42,14,28
Heegawn,proudmoore,1147,rogue,subtlety,30,12,18
Jalaroot,frostmourne,1146,rogue,subtlety,29,16,13
Shaisty,malganis,1146,rogue,subtlety,24,12,12
Dezly,tichondrius,1146,rogue,subtlety,42,12,30
Alec,laughing-skull,1145,rogue,subtlety,18,12,6
Morphina,gilneas,1145,rogue,subtlety,30,17,13
Shyfried,draenor,1145,rogue,subtlety,36,16,20
Grima,azralon,1145,rogue,subtlety,41,15,26
Codeplay,tichondrius,1144,rogue,subtlety,24,12,12
Kaminokage,barthilas,1144,rogue,subtlety,45,15,30
Yesuz,illidan,1143,rogue,subtlety,34,19,15
Smokepipe,nerzhul,1141,rogue,subtlety,30,16,14
Valaq,tichondrius,1140,rogue,subtlety,24,12,12
Arwy,stormrage,1139,rogue,subtlety,25,14,11
Brilliance,skywall,1139,rogue,subtlety,30,12,18
Snewdaddy,malganis,1136,rogue,subtlety,24,12,12
Trinktick,doomhammer,1136,rogue,subtlety,60,26,34
Keslean,stormrage,1135,rogue,subtlety,24,12,12
Salätzar,quelthalas,1135,rogue,subtlety,27,13,14
Faceten,nordrassil,1134,rogue,subtlety,18,14,4
Gank,jubeithos,1134,rogue,subtlety,24,12,12
Nystee,sargeras,1133,rogue,subtlety,30,12,18
Micromoon,windrunner,1131,rogue,subtlety,36,13,23
Dardeath,bleeding-hollow,1129,rogue,subtlety,36,20,16
Stelarstop,drakkari,1129,rogue,subtlety,89,39,50
Ninjadoo,tichondrius,1128,rogue,subtlety,18,12,6
Sevstar,malygos,1126,rogue,subtlety,23,12,11
Darkdevilx,tichondrius,1126,rogue,subtlety,36,12,24
Undalack,ragnaros,1125,rogue,subtlety,37,16,21
Zelzaramor,ravenholdt,1124,rogue,subtlety,40,15,25
Shadownibba,illidan,1123,rogue,subtlety,60,33,27
Doklim,spinebreaker,1122,rogue,subtlety,74,42,32
Cutthroat,aegwynn,1121,rogue,subtlety,45,20,25
Valence,firetree,1118,rogue,subtlety,20,13,7
Santyno,ragnaros,1117,rogue,subtlety,215,105,110
Shadonas,maelstrom,1115,rogue,subtlety,30,12,18
Cosmogenesis,tichondrius,1114,rogue,subtlety,24,12,12
Moodalert,tichondrius,1112,rogue,subtlety,19,13,6
Nenfister,quelthalas,1109,rogue,subtlety,18,12,6
Allirra,ragnaros,1108,rogue,subtlety,98,56,42
Kelelor,kelthuzad,1108,rogue,subtlety,57,18,39
Ekans,aegwynn,1107,rogue,subtlety,18,15,3
Zelthy,frostmourne,1107,rogue,subtlety,23,13,10
Elmabrox,quelthalas,1107,rogue,subtlety,81,35,46
Iheyji,quelthalas,1105,rogue,subtlety,125,63,62
Aquaponics,darkspear,1105,rogue,subtlety,42,12,30
Marshischunk,illidan,1104,rogue,subtlety,42,14,28
Mássimo,quelthalas,1104,rogue,subtlety,36,12,24
Nadari,cenarius,1103,rogue,subtlety,91,45,46
Dagasombria,drakkari,1101,rogue,subtlety,154,77,77
Vyla,barthilas,1101,rogue,subtlety,60,27,33
Lacero,bonechewer,1101,rogue,subtlety,36,13,23
Glíz,bloodscalp,1100,rogue,subtlety,54,28,26
Riskgo,frostwolf,1100,rogue,subtlety,100,49,51
Píxíedúst,black-dragonflight,1100,rogue,subtlety,36,13,23
Hayatö,ragnaros,1098,rogue,subtlety,54,30,24
Vanishman,ragnaros,1098,rogue,subtlety,36,17,19
Oilydaimon,tichondrius,1095,rogue,subtlety,95,44,51
Favès,thrall,1095,rogue,subtlety,121,49,72
Killdrunk,stormrage,1092,rogue,subtlety,25,13,12
Stunjunky,area-52,1091,rogue,subtlety,29,12,17
Karing,onyxia,1089,rogue,subtlety,36,14,22
Hezi,area-52,1086,rogue,subtlety,23,12,11
Abaløne,tichondrius,1085,rogue,subtlety,61,26,35
Jaanmonty,frostmourne,1081,rogue,subtlety,24,12,12
Zwielicht,quelthalas,1081,rogue,subtlety,30,14,16
Chebs,illidan,1081,rogue,subtlety,72,27,45
Toe,boulderfist,1077,rogue,subtlety,75,41,34
Esker,dragonmaw,1077,rogue,subtlety,341,169,172
Kilrogga,azshara,1074,rogue,subtlety,48,27,21
Beartøøth,stormrage,1070,rogue,subtlety,40,23,17
Imgunnacrumb,malganis,1070,rogue,subtlety,179,85,94
Wickedstuns,malganis,1070,rogue,subtlety,52,20,32
Bignippiez,frostmourne,1070,rogue,subtlety,42,16,26
Joysticks,ragnaros,1069,rogue,subtlety,23,12,11
Relaxsingh,tichondrius,1069,rogue,subtlety,118,52,66
Prisonshank,arthas,1067,rogue,subtlety,67,38,29
Scaal,kelthuzad,1064,rogue,subtlety,145,75,70
Defaces,illidan,1062,rogue,subtlety,30,13,17
Definitioni,area-52,1060,rogue,subtlety,25,12,13
Slootslayer,azshara,1058,rogue,subtlety,56,32,24
Dross,shadowmoon,1056,rogue,subtlety,18,11,7
Aelnoor,ragnaros,1056,rogue,subtlety,54,23,31
Nerfretnow,tichondrius,1055,rogue,subtlety,18,11,7
Psychostabby,tichondrius,1055,rogue,subtlety,66,24,42
Elwynë,tichondrius,1054,rogue,subtlety,24,11,13
Toestumper,sargeras,1054,rogue,subtlety,41,15,26
Aitormenta,ragnaros,1053,rogue,subtlety,54,28,26
Rabe,nagrand,1053,rogue,subtlety,24,11,13
Twnice,tichondrius,1053,rogue,subtlety,30,11,19
Stâb,emerald-dream,1052,rogue,subtlety,18,11,7
Sagatha,bleeding-hollow,1052,rogue,subtlety,18,11,7
Bungou,tichondrius,1052,rogue,subtlety,24,11,13
Boonee,frostmourne,1051,rogue,subtlety,24,11,13
Roguish,kiljaeden,1051,rogue,subtlety,44,14,30
Distract,quelthalas,1050,rogue,subtlety,18,11,7
Corntens,area-52,1050,rogue,subtlety,20,11,9
Backdóors,illidan,1050,rogue,subtlety,24,11,13
Popss,whisperwind,1050,rogue,subtlety,30,11,19
Rassiter,stonemaul,1050,rogue,subtlety,30,11,19
Tiras,ursin,1049,rogue,subtlety,24,11,13
Omgmoon,ragnaros,1048,rogue,subtlety,12,11,1
Devilape,ragnaros,1048,rogue,subtlety,36,23,13
Ðarkrøøxs,stormrage,1048,rogue,subtlety,24,11,13
Sildin,sargeras,1048,rogue,subtlety,70,31,39
Roguebasic,frostmourne,1048,rogue,subtlety,60,23,37
Backshank,stormrage,1048,rogue,subtlety,30,11,19
Whothekilla,tichondrius,1047,rogue,subtlety,18,11,7
Sahl,gorgonnash,1047,rogue,subtlety,24,11,13
Sarayia,frostwolf,1046,rogue,subtlety,45,28,17
Yunaka,grizzly-hills,1046,rogue,subtlety,95,38,57
Dasein,kelthuzad,1045,rogue,subtlety,27,12,15
Atulano,wyrmrest-accord,1045,rogue,subtlety,30,11,19
Laotrec,nemesis,1045,rogue,subtlety,33,12,21
Milklock,ravenholdt,1044,rogue,subtlety,23,12,11
Srmazakre,ragnaros,1044,rogue,subtlety,30,12,18
Olg,arathor,1043,rogue,subtlety,71,36,35
Hyperdexia,stormrage,1042,rogue,subtlety,88,47,41
Vozzy,proudmoore,1042,rogue,subtlety,41,20,21
Ntshaav,illidan,1042,rogue,subtlety,24,11,13
Prõdigy,blackrock,1041,rogue,subtlety,20,13,7
Diminish,frostmourne,1041,rogue,subtlety,72,35,37
Soulvex,barthilas,1040,rogue,subtlety,18,11,7
Kapz,lightnings-blade,1040,rogue,subtlety,66,18,48
Skallywagg,emerald-dream,1038,rogue,subtlety,121,61,60
Catoline,bleeding-hollow,1038,rogue,subtlety,24,11,13
Zeøs,dalaran,1037,rogue,subtlety,30,11,19
Niujaky,illidan,1034,rogue,subtlety,66,25,41
Benjisuwu,area-52,1034,rogue,subtlety,39,12,27
Relidria,thrall,1032,rogue,subtlety,36,22,14
Fangskin,dunemaul,1031,rogue,subtlety,48,23,25
Theevaelfie,quelthalas,1030,rogue,subtlety,49,15,34
Gatõ,quelthalas,1029,rogue,subtlety,61,24,37
Bubblesr,whisperwind,1028,rogue,subtlety,71,36,35
Terala,perenolde,1027,rogue,subtlety,30,11,19
Blindedu,dalaran,1026,rogue,subtlety,36,16,20
Ghostlyshade,illidan,1023,rogue,subtlety,73,38,35
Nijanari,wyrmrest-accord,1023,rogue,subtlety,49,20,29
Indiecompany,moon-guard,1021,rogue,subtlety,23,11,12
Topapple,mugthol,1021,rogue,subtlety,30,14,16
Maewyn,aerie-peak,1019,rogue,subtlety,25,11,14
Silentmoralz,tichondrius,1018,rogue,subtlety,93,39,54
Sneakyshots,emerald-dream,1017,rogue,subtlety,13,11,2
Fateapocryph,azralon,1014,rogue,subtlety,26,13,13
Trïxxy,stormrage,1013,rogue,subtlety,66,31,35
Indivisible,thunderlord,1012,rogue,subtlety,118,56,62
Bimbogirl,dalaran,1011,rogue,subtlety,52,29,23
Topsailor,uther,1006,rogue,subtlety,66,31,35
Ghost,shattered-halls,1006,rogue,subtlety,68,27,41
Log,blackhand,1004,rogue,subtlety,36,18,18
Onara,quelthalas,1003,rogue,subtlety,30,18,12
Mcghanhain,aegwynn,1000,rogue,subtlety,108,52,56
Granlady,azralon,1000,rogue,subtlety,23,11,12
Darthdad,bleeding-hollow,997,rogue,subtlety,72,27,45
Bloodygoat,area-52,997,rogue,subtlety,33,12,21
Idsapdat,illidan,996,rogue,subtlety,21,13,8
Drpepzi,tichondrius,996,rogue,subtlety,105,42,63
Katovo,tichondrius,995,rogue,subtlety,26,13,13
Mickdaggers,bleeding-hollow,994,rogue,subtlety,35,12,23
Deathben,tichondrius,992,rogue,subtlety,112,44,68
Feragho,tichondrius,992,rogue,subtlety,34,11,23
Zapersapp,malygos,991,rogue,subtlety,47,17,30
Opensap,tichondrius,990,rogue,subtlety,35,15,20
Toxos,tichondrius,987,rogue,subtlety,39,12,27
Locturne,tichondrius,985,rogue,subtlety,26,11,15
Backstàb,durotan,975,rogue,subtlety,42,23,19
Bakstabath,moon-guard,972,rogue,subtlety,52,20,32
Degrok,quelthalas,969,rogue,subtlety,176,90,86
Zamji,tichondrius,968,rogue,subtlety,32,16,16
Kidcudi,bonechewer,966,rogue,subtlety,53,19,34
Fantasmi,dalaran,965,rogue,subtlety,50,21,29
Jeri,gundrak,964,rogue,subtlety,67,31,36
Ralstony,stormrage,962,rogue,subtlety,29,11,18
Jowelyrandy,drakkari,962,rogue,subtlety,51,15,36
Lilacdiesel,stormrage,960,rogue,subtlety,12,10,2
Quapi,tichondrius,960,rogue,subtlety,12,10,2
Ascherx,veknilash,960,rogue,subtlety,12,10,2
Iloveserene,tichondrius,960,rogue,subtlety,12,10,2
Keytonz,tichondrius,960,rogue,subtlety,12,10,2
Havokxd,bleeding-hollow,960,rogue,subtlety,12,10,2
Unhappybro,ragnaros,959,rogue,subtlety,18,10,8
Spaca,kelthuzad,959,rogue,subtlety,18,10,8
Kvaal,dalaran,959,rogue,subtlety,18,10,8
Lightskinxx,kelthuzad,959,rogue,subtlety,18,10,8
Vulti,bleeding-hollow,959,rogue,subtlety,18,10,8
Slackness,bleeding-hollow,959,rogue,subtlety,103,54,49
Sapnfappqt,dalaran,958,rogue,subtlety,15,10,5
Drakën,stormrage,958,rogue,subtlety,18,10,8
Caldø,tichondrius,958,rogue,subtlety,18,10,8
Gulvzer,tichondrius,958,rogue,subtlety,18,10,8
Jannie,rexxar,958,rogue,subtlety,18,10,8
Kayriss,antonidas,958,rogue,subtlety,22,11,11
Wadge,zuljin,958,rogue,subtlety,24,10,14
Magottx,shattered-hand,958,rogue,subtlety,24,10,14
Struggle,sargeras,958,rogue,subtlety,30,10,20
Cillianna,dalaran,957,rogue,subtlety,18,10,8
Teribád,area-52,957,rogue,subtlety,18,10,8
Crossmax,tichondrius,956,rogue,subtlety,24,10,14
Kebabs,korgath,956,rogue,subtlety,24,10,14
Smakkey,tichondrius,955,rogue,subtlety,18,10,8
Emvee,kelthuzad,955,rogue,subtlety,18,10,8
Shrednex,executus,955,rogue,subtlety,24,10,14
Înfêrnô,emerald-dream,955,rogue,subtlety,24,10,14
Poogodx,proudmoore,954,rogue,subtlety,12,10,2
Irnoob,ursin,954,rogue,subtlety,24,10,14
Korviz,area-52,953,rogue,subtlety,78,37,41
Kachimodo,illidan,952,rogue,subtlety,111,52,59
Crucifur,anvilmar,952,rogue,subtlety,24,10,14
Moufwash,sargeras,952,rogue,subtlety,24,10,14
Dillwilly,moon-guard,952,rogue,subtlety,30,10,20
Smokapõtamus,tichondrius,951,rogue,subtlety,18,10,8
Wolfsfang,frostmourne,951,rogue,subtlety,19,10,9
Bootyboo,tichondrius,950,rogue,subtlety,37,22,15
Burningfury,arthas,950,rogue,subtlety,24,10,14
Juanightstnd,bleeding-hollow,950,rogue,subtlety,24,10,14
Wubbz,stormrage,947,rogue,subtlety,12,10,2
Drspreader,area-52,946,rogue,subtlety,21,11,10
Tàlion,emerald-dream,946,rogue,subtlety,30,10,20
Anteccessor,tichondrius,944,rogue,subtlety,24,10,14
Soultakerr,whisperwind,941,rogue,subtlety,77,29,48
Wrekage,emerald-dream,941,rogue,subtlety,30,10,20
Ivanapavlov,kelthuzad,938,rogue,subtlety,123,52,71
Aruldyr,zuljin,938,rogue,subtlety,31,11,20
Rarkalth,azralon,934,rogue,subtlety,91,34,57
Machinshin,dalaran,932,rogue,subtlety,66,24,42
Shadowspain,malganis,926,rogue,subtlety,24,10,14
Timat,emerald-dream,924,rogue,subtlety,23,10,13
Poisonstrike,khazgoroth,920,rogue,subtlety,17,10,7
Swayo,tichondrius,920,rogue,subtlety,18,10,8
Nerdpuncher,area-52,920,rogue,subtlety,20,11,9
Bernardi,uther,920,rogue,subtlety,29,10,19
Cerel,baelgun,917,rogue,subtlety,116,48,68
Backstabya,barthilas,917,rogue,subtlety,33,12,21
Swisha,dathremar,915,rogue,subtlety,24,10,14
Rouzh,sargeras,910,rogue,subtlety,17,10,7
Êxx,jubeithos,909,rogue,subtlety,17,10,7
Dritzt,eredar,909,rogue,subtlety,40,21,19
Diox,nemesis,909,rogue,subtlety,23,10,13
Hellstabber,lightbringer,906,rogue,subtlety,21,13,8
Spleen,aerie-peak,906,rogue,subtlety,21,10,11
Spytes,kiljaeden,894,rogue,subtlety,26,10,16
Romerick,galakrond,894,rogue,subtlety,114,41,73
Mhün,malganis,891,rogue,subtlety,22,10,12
Chancelör,illidan,890,rogue,subtlety,18,11,7
Peeryl,daggerspine,889,rogue,subtlety,67,33,34
Sinfate,bleeding-hollow,889,rogue,subtlety,22,10,12
Kanablis,tichondrius,888,rogue,subtlety,21,10,11
Jeezy,shadowmoon,887,rogue,subtlety,22,10,12
Sneaknfizzle,dethecus,879,rogue,subtlety,33,15,18
Lemeeng,uldum,876,rogue,subtlety,102,51,51
Swickwockdus,azralon,873,rogue,subtlety,25,10,15
Slyborg,tichondrius,864,rogue,subtlety,12,9,3
Scythix,firetree,864,rogue,subtlety,12,9,3
Poonqtxo,frostmourne,864,rogue,subtlety,12,9,3
Tistarogue,proudmoore,863,rogue,subtlety,12,9,3
Thelitleguy,area-52,863,rogue,subtlety,12,9,3
Stopthecap,tichondrius,863,rogue,subtlety,18,9,9
Wimpz,hyjal,863,rogue,subtlety,18,9,9
Dairykeen,misha,863,rogue,subtlety,18,9,9
Uglysrogue,sargeras,863,rogue,subtlety,18,9,9
Devstrike,sargeras,863,rogue,subtlety,18,9,9
Ãnimefãnx,moon-guard,863,rogue,subtlety,18,9,9
Nemoye,tichondrius,863,rogue,subtlety,18,9,9
Isonlydosex,tichondrius,863,rogue,subtlety,18,9,9
Opwanshinobi,azralon,863,rogue,subtlety,18,9,9
Wíck,barthilas,863,rogue,subtlety,18,9,9
Memoríst,frostmourne,863,rogue,subtlety,24,9,15
Illoo,frostmourne,863,rogue,subtlety,24,9,15
Jexy,barthilas,863,rogue,subtlety,24,9,15
Cricketts,kalecgos,863,rogue,subtlety,48,15,33
Jácket,area-52,863,rogue,subtlety,30,9,21
Nelfarious,bleeding-hollow,862,rogue,subtlety,12,9,3
Çomet,area-52,862,rogue,subtlety,18,9,9
Letsparty,malganis,862,rogue,subtlety,18,9,9
Stunlocked,tichondrius,862,rogue,subtlety,18,9,9
Veterån,tichondrius,862,rogue,subtlety,24,9,15
Cosmicò,trollbane,861,rogue,subtlety,12,9,3
Happyrogue,emerald-dream,861,rogue,subtlety,12,9,3
Dice,moon-guard,861,rogue,subtlety,12,9,3
Blitzree,thrall,861,rogue,subtlety,12,9,3
Filid,frostmourne,861,rogue,subtlety,18,9,9
Multik,tichondrius,861,rogue,subtlety,22,10,12
Lennysnephew,tichondrius,861,rogue,subtlety,24,9,15
Lymon,azralon,861,rogue,subtlety,24,9,15
Biggisdiggis,tichondrius,860,rogue,subtlety,12,9,3
Lanres,stormrage,860,rogue,subtlety,12,9,3
Christiaan,area-52,860,rogue,subtlety,18,9,9
Driizzel,sargeras,860,rogue,subtlety,24,9,15
Beretta,nemesis,860,rogue,subtlety,24,9,15
Larceny,emerald-dream,860,rogue,subtlety,24,9,15
Oío,ragnaros,859,rogue,subtlety,15,10,5
Smoka,aegwynn,859,rogue,subtlety,18,9,9
Jôrach,area-52,859,rogue,subtlety,18,9,9
Onetwostep,tichondrius,859,rogue,subtlety,24,9,15
Part,gundrak,859,rogue,subtlety,24,9,15
Gannjalord,frostmane,858,rogue,subtlety,22,10,12
Pumpp,dentarg,858,rogue,subtlety,24,9,15
Calvin,moon-guard,856,rogue,subtlety,18,9,9
Sodomh,aegwynn,855,rogue,subtlety,83,39,44
Wrekstun,area-52,855,rogue,subtlety,24,9,15
Drekha,tichondrius,854,rogue,subtlety,28,10,18
Exxød,tichondrius,852,rogue,subtlety,18,9,9
Superhattie,tichondrius,851,rogue,subtlety,21,10,11
Dizzm,area-52,847,rogue,subtlety,12,9,3
Shadowpunx,nemesis,846,rogue,subtlety,12,9,3
Greenjoe,bleeding-hollow,845,rogue,subtlety,39,10,29
Darkpaths,hyjal,844,rogue,subtlety,18,9,9
Cutindle,illidan,842,rogue,subtlety,18,9,9
Stenno,thrall,841,rogue,subtlety,12,9,3
Qinyun,tichondrius,839,rogue,subtlety,23,9,14
Robinsony,tichondrius,839,rogue,subtlety,30,9,21
Bloodyblades,blackhand,839,rogue,subtlety,30,9,21
Elßronkas,quelthalas,836,rogue,subtlety,48,21,27
Souporcereal,aegwynn,836,rogue,subtlety,30,9,21
Wildtrick,greymane,836,rogue,subtlety,55,14,41
Kerimoynihan,barthilas,833,rogue,subtlety,52,22,30
Sorieg,azralon,831,rogue,subtlety,22,11,11
Nanojsu,illidan,828,rogue,subtlety,17,9,8
ßlïght,malganis,813,rogue,subtlety,23,9,14
Raylo,blackhand,807,rogue,subtlety,24,11,13
Confianzudo,ragnaros,806,rogue,subtlety,96,42,54
Vandalyze,sargeras,805,rogue,subtlety,19,10,9
Dogedealer,ragnaros,801,rogue,subtlety,22,11,11
Zaghat,ragnaros,799,rogue,subtlety,22,9,13
Mdrogue,sargeras,798,rogue,subtlety,22,9,13
Mercaderps,frostmourne,798,rogue,subtlety,33,9,24
Nakedps,garona,797,rogue,subtlety,18,9,9
Sheinnér,ragnaros,797,rogue,subtlety,24,9,15
Trillkage,tichondrius,797,rogue,subtlety,26,9,17
Koraliya,kiljaeden,796,rogue,subtlety,20,9,11
Autumn,boulderfist,796,rogue,subtlety,59,24,35
Alexon,wyrmrest-accord,791,rogue,subtlety,95,39,56
Redtvco,blackrock,789,rogue,subtlety,17,9,8
Samllnuts,area-52,789,rogue,subtlety,30,11,19
Treeless,wyrmrest-accord,785,rogue,subtlety,31,11,20
Prxfxt,stormrage,776,rogue,subtlety,20,9,11
Carnagê,zuljin,772,rogue,subtlety,26,9,17
Commodore,arthas,768,rogue,subtlety,12,8,4
Evilthunder,illidan,768,rogue,subtlety,12,8,4
Austínrh,sargeras,768,rogue,subtlety,12,8,4
Losers,stormrage,768,rogue,subtlety,12,8,4
Zeenxz,tichondrius,768,rogue,subtlety,12,8,4
Astutý,illidan,768,rogue,subtlety,12,8,4
Khyrax,tichondrius,768,rogue,subtlety,12,8,4
Cójáx,dalaran,768,rogue,subtlety,12,8,4
Eredie,proudmoore,768,rogue,subtlety,12,8,4
Girio,thrall,768,rogue,subtlety,12,8,4
Czd,frostmourne,768,rogue,subtlety,12,8,4
Nicørøbin,tichondrius,768,rogue,subtlety,12,8,4
Snobbish,tichondrius,768,rogue,subtlety,12,8,4
Wîzz,bleeding-hollow,768,rogue,subtlety,12,8,4
Jòwtzy,ragnaros,768,rogue,subtlety,18,8,10
Iucav,stormrage,768,rogue,subtlety,18,8,10
Ascénd,sargeras,768,rogue,subtlety,18,8,10
Ricosap,frostmourne,768,rogue,subtlety,18,8,10
Getfkdkid,tichondrius,768,rogue,subtlety,24,8,16
Swippz,tichondrius,768,rogue,subtlety,24,8,16
Assasinww,sargeras,767,rogue,subtlety,12,8,4
Kiingspade,tichondrius,767,rogue,subtlety,12,8,4
Drunknclapz,bleeding-hollow,767,rogue,subtlety,12,8,4
Meebro,aggramar,767,rogue,subtlety,12,8,4
Kurosh,kalecgos,767,rogue,subtlety,12,8,4
Ilesire,frostmourne,767,rogue,subtlety,18,8,10
Antmang,bleeding-hollow,767,rogue,subtlety,18,8,10
Siyerogue,illidan,767,rogue,subtlety,18,8,10
Gloóm,stormrage,767,rogue,subtlety,18,8,10
Khaøzz,nazjatar,767,rogue,subtlety,18,8,10
Pwnsauce,frostmourne,767,rogue,subtlety,18,8,10
Orctheripper,garona,767,rogue,subtlety,18,8,10
Subgodx,stormrage,767,rogue,subtlety,18,8,10
Pokekek,stormrage,767,rogue,subtlety,18,8,10
Neoqt,zuljin,767,rogue,subtlety,18,8,10
Candren,area-52,767,rogue,subtlety,24,8,16
Zapstr,bleeding-hollow,766,rogue,subtlety,12,8,4
Razmir,malfurion,766,rogue,subtlety,18,8,10
Latetext,tichondrius,766,rogue,subtlety,20,8,12
Bigcolumn,tichondrius,765,rogue,subtlety,18,8,10
Yippykiyay,tichondrius,765,rogue,subtlety,24,8,16
Yato,mugthol,764,rogue,subtlety,12,8,4
Cron,arygos,764,rogue,subtlety,24,8,16
Imvenom,tichondrius,764,rogue,subtlety,24,8,16
Subtlepuddle,bleeding-hollow,764,rogue,subtlety,24,8,16
Hhushh,thunderlord,763,rogue,subtlety,18,8,10
Stabbetha,gilneas,763,rogue,subtlety,18,8,10
Whyumadbrah,shattered-halls,763,rogue,subtlety,24,8,16
Wolfmans,trollbane,762,rogue,subtlety,12,8,4
Zitihait,amanthul,762,rogue,subtlety,12,8,4
Shivlightnin,tichondrius,762,rogue,subtlety,24,8,16
Takamoto,windrunner,762,rogue,subtlety,24,8,16
Conflyct,malganis,762,rogue,subtlety,30,8,22
Veatrix,zuljin,761,rogue,subtlety,24,8,16
Fearnomore,destromath,760,rogue,subtlety,138,52,86
Mhasto,azralon,759,rogue,subtlety,18,8,10
Beign,runetotem,758,rogue,subtlety,12,8,4
Regorik,sargeras,758,rogue,subtlety,18,8,10
Sathrion,zuljin,758,rogue,subtlety,26,10,16
Roba,quelthalas,754,rogue,subtlety,12,8,4
Undreas,kiljaeden,753,rogue,subtlety,621,309,312
Asneakyfox,thunderlord,750,rogue,subtlety,42,8,34
Nazzt,tichondrius,749,rogue,subtlety,18,9,9
Hellwolf,azgalor,744,rogue,subtlety,30,10,20
Sheiv,shadow-council,742,rogue,subtlety,17,9,8
Tenr,tichondrius,740,rogue,subtlety,25,10,15
Xô,lothar,737,rogue,subtlety,36,8,28
Phyzzi,kargath,734,rogue,subtlety,23,8,15
Tyroshiv,area-52,732,rogue,subtlety,24,9,15
Dedrater,shadowmoon,728,rogue,subtlety,23,8,15
Snortedgfuel,drenden,719,rogue,subtlety,11,8,3
Reportlowdps,tichondrius,718,rogue,subtlety,11,8,3
Lerosi,malganis,718,rogue,subtlety,75,21,54
Liqwid,stormrage,717,rogue,subtlety,17,8,9
Yurico,zuljin,717,rogue,subtlety,17,8,9
Shadaux,frostmourne,713,rogue,subtlety,23,9,14
Kidneyshiv,stormrage,710,rogue,subtlety,22,10,12
Uchihà,sargeras,701,rogue,subtlety,35,10,25
Papiplunders,sargeras,687,rogue,subtlety,13,8,5
Gertrix,darkspear,672,rogue,subtlety,12,7,5
Slÿborg,tichondrius,672,rogue,subtlety,12,7,5
Chadgymbro,stormrage,672,rogue,subtlety,12,7,5
Bobfoonk,tichondrius,672,rogue,subtlety,12,7,5
Voldir,cenarion-circle,672,rogue,subtlety,12,7,5
Ascherx,illidan,672,rogue,subtlety,12,7,5
Joelpinkelit,illidan,672,rogue,subtlety,12,7,5
Syxs,sargeras,672,rogue,subtlety,12,7,5
Bloodyhairy,area-52,672,rogue,subtlety,12,7,5
Darkstár,bladefist,672,rogue,subtlety,12,7,5
Yangsol,stormrage,672,rogue,subtlety,12,7,5
Frooty,stormrage,672,rogue,subtlety,12,7,5
Joeyzord,stormrage,672,rogue,subtlety,12,7,5
Djsyn,bleeding-hollow,672,rogue,subtlety,12,7,5
Feyahni,wyrmrest-accord,672,rogue,subtlety,12,7,5
Enferz,tichondrius,672,rogue,subtlety,12,7,5
Àsgà,area-52,672,rogue,subtlety,12,7,5
Prepcoin,malganis,672,rogue,subtlety,12,7,5
Xaander,nazjatar,672,rogue,subtlety,12,7,5
Flaremagnet,whisperwind,672,rogue,subtlety,12,7,5
Adhd,ravencrest,672,rogue,subtlety,12,7,5
Saraku,barthilas,672,rogue,subtlety,12,7,5
Dizzymoods,stormrage,672,rogue,subtlety,12,7,5
Caliph,malganis,672,rogue,subtlety,12,7,5
Ghostheist,stormrage,672,rogue,subtlety,12,7,5
Loria,cenarion-circle,672,rogue,subtlety,15,8,7
Penguineater,tichondrius,672,rogue,subtlety,18,7,11
Patey,malganis,672,rogue,subtlety,18,7,11
Dupababayaga,stormrage,672,rogue,subtlety,18,7,11
Adao,tichondrius,672,rogue,subtlety,18,7,11
Jdnn,ysera,672,rogue,subtlety,18,7,11
Streetjesuz,barthilas,672,rogue,subtlety,24,7,17
Niwbor,azralon,672,rogue,subtlety,24,7,17
Tekrul,area-52,672,rogue,subtlety,30,7,23
Strîkér,tichondrius,671,rogue,subtlety,12,7,5
Deadsilenth,daggerspine,671,rogue,subtlety,12,7,5
Regardeoj,malganis,671,rogue,subtlety,12,7,5
Skitnim,tichondrius,671,rogue,subtlety,12,7,5
Kidkillz,tichondrius,671,rogue,subtlety,12,7,5
Powaah,emerald-dream,671,rogue,subtlety,12,7,5
Shadowoog,tichondrius,671,rogue,subtlety,12,7,5
Xemnxnt,stormrage,671,rogue,subtlety,12,7,5
Energetìc,stormrage,671,rogue,subtlety,12,7,5
Hassanssin,area-52,671,rogue,subtlety,18,7,11
Fennick,tanaris,671,rogue,subtlety,18,7,11
Henya,magtheridon,671,rogue,subtlety,18,7,11
Sepsicity,durotan,671,rogue,subtlety,18,7,11
Nezumikami,malganis,671,rogue,subtlety,18,7,11
Sapzz,tichondrius,671,rogue,subtlety,18,7,11
Rógue,aerie-peak,671,rogue,subtlety,18,7,11
Blackkula,tichondrius,671,rogue,subtlety,18,7,11
Puchy,stormrage,671,rogue,subtlety,21,8,13
Unoshade,illidan,670,rogue,subtlety,12,7,5
Creayuncle,area-52,670,rogue,subtlety,12,7,5
Rotjaw,hydraxis,670,rogue,subtlety,18,7,11
Rictorr,ragnaros,670,rogue,subtlety,18,7,11
Scowl,dethecus,670,rogue,subtlety,18,7,11
Castsequence,khaz-modan,670,rogue,subtlety,18,7,11
Seerenai,moon-guard,670,rogue,subtlety,24,7,17
Rovvo,queldorei,669,rogue,subtlety,24,7,17
Zogbu,stormrage,669,rogue,subtlety,24,7,17
Projectx,tichondrius,668,rogue,subtlety,15,8,7
Deceptiøn,moon-guard,667,rogue,subtlety,18,7,11
Schnozz,lightbringer,665,rogue,subtlety,12,7,5
Dabrat,frostwolf,664,rogue,subtlety,30,7,23
Minnicent,amanthul,661,rogue,subtlety,30,7,23
Gotchabak,stormrage,659,rogue,subtlety,12,7,5
Cerebrian,malygos,658,rogue,subtlety,12,7,5
Heserth,ragnaros,655,rogue,subtlety,24,7,17
Knife,moon-guard,651,rogue,subtlety,30,7,23
Howlrunner,medivh,650,rogue,subtlety,17,8,9
Aycaramba,skywall,648,rogue,subtlety,18,7,11
Kekdasneak,dragonmaw,637,rogue,subtlety,23,7,16
Loksz,stormrage,634,rogue,subtlety,23,7,16
Flazy,sargeras,623,rogue,subtlety,11,7,4
Coldkill,bleeding-hollow,623,rogue,subtlety,11,7,4
Poisønous,tichondrius,623,rogue,subtlety,14,8,6
Carpe,barthilas,618,rogue,subtlety,24,8,16
Gankbang,mugthol,617,rogue,subtlety,15,8,7
Namig,cenarion-circle,608,rogue,subtlety,10,7,3
Gibsons,quelthalas,607,rogue,subtlety,14,7,7
Apocalypse,azshara,606,rogue,subtlety,14,7,7
Iapologize,area-52,601,rogue,subtlety,14,7,7
Murdistino,tichondrius,588,rogue,subtlety,16,7,9
Djfortníte,tichondrius,576,rogue,subtlety,6,6,0
Deadshank,bleeding-hollow,576,rogue,subtlety,6,6,0
Donçorleone,stormrage,576,rogue,subtlety,6,6,0
Homarx,quelthalas,576,rogue,subtlety,10,7,3
Baßyøða,stormrage,576,rogue,subtlety,12,6,6
Kidneystones,kaelthas,576,rogue,subtlety,12,6,6
Trîlz,stormrage,576,rogue,subtlety,12,6,6
Notdeetss,boulderfist,576,rogue,subtlety,12,6,6
Palumor,deathwing,576,rogue,subtlety,12,6,6
Draiygo,nerzhul,576,rogue,subtlety,12,6,6
Rúben,stormrage,576,rogue,subtlety,12,6,6
Kindasorry,illidan,576,rogue,subtlety,12,6,6
Mistrjack,kelthuzad,576,rogue,subtlety,12,6,6
Sivni,tichondrius,576,rogue,subtlety,12,6,6
Shadxr,tichondrius,576,rogue,subtlety,12,6,6
Revila,bleeding-hollow,576,rogue,subtlety,12,6,6
Pamaaj,sargeras,576,rogue,subtlety,12,6,6
Dundeath,illidan,576,rogue,subtlety,12,6,6
Avelmire,sargeras,576,rogue,subtlety,12,6,6
Xedi,illidan,576,rogue,subtlety,12,6,6
Littlescrub,frostmourne,576,rogue,subtlety,12,6,6
Fkq,emerald-dream,576,rogue,subtlety,12,6,6
Sanira,illidan,576,rogue,subtlety,12,6,6
Tmpikaboo,mugthol,576,rogue,subtlety,12,6,6
Preemptive,emerald-dream,576,rogue,subtlety,12,6,6
Tußshark,kelthuzad,576,rogue,subtlety,12,6,6
Fllokki,sargeras,576,rogue,subtlety,12,6,6
Edzx,frostmourne,576,rogue,subtlety,12,6,6
Donpeon,hellscream,576,rogue,subtlety,12,6,6
Khmerogue,lightbringer,576,rogue,subtlety,12,6,6
Pingwii,ragnaros,576,rogue,subtlety,12,6,6
Moshington,kelthuzad,576,rogue,subtlety,14,6,8
Seutobinhaa,stormrage,576,rogue,subtlety,18,6,12
Drakariano,ragnaros,576,rogue,subtlety,18,6,12
Cinnashank,darkspear,576,rogue,subtlety,18,6,12
Rogueaqui,azralon,576,rogue,subtlety,18,6,12
Pbrmenow,stormrage,576,rogue,subtlety,18,6,12
Dërpt,tichondrius,576,rogue,subtlety,18,6,12
Ghosted,thrall,576,rogue,subtlety,18,6,12
Windrunnèr,moon-guard,575,rogue,subtlety,12,6,6
Azanax,area-52,575,rogue,subtlety,12,6,6
Akillyz,madoran,575,rogue,subtlety,12,6,6
Sticksnstabs,tichondrius,575,rogue,subtlety,12,6,6
Lostyourhash,area-52,575,rogue,subtlety,12,6,6
Jinxkiller,tichondrius,575,rogue,subtlety,12,6,6
Maulgryve,frostwolf,575,rogue,subtlety,12,6,6
Anë,azralon,575,rogue,subtlety,12,6,6
Hindpaw,wyrmrest-accord,575,rogue,subtlety,18,6,12
Dreamcatcher,azralon,575,rogue,subtlety,18,6,12
Flelfo,quelthalas,575,rogue,subtlety,24,6,18
Surveillance,tichondrius,575,rogue,subtlety,24,6,18
Mastrshreddr,kelthuzad,574,rogue,subtlety,12,6,6
Haeqn,azralon,574,rogue,subtlety,12,6,6
Tòúka,stormrage,574,rogue,subtlety,18,6,12
Alttee,proudmoore,573,rogue,subtlety,12,6,6
Strôbéy,tichondrius,573,rogue,subtlety,24,6,18
Gentlesaop,blackrock,572,rogue,subtlety,10,7,3
Warghostpvp,illidan,572,rogue,subtlety,12,6,6
Supminty,stormrage,571,rogue,subtlety,12,6,6
Aerokyn,wyrmrest-accord,571,rogue,subtlety,24,6,18
Xylow,garona,571,rogue,subtlety,27,6,21
Earkeeper,wildhammer,564,rogue,subtlety,19,9,10
Rotbreath,bleeding-hollow,557,rogue,subtlety,23,6,17
Qliqs,burning-blade,543,rogue,subtlety,11,6,5
Pancakestab,saurfang,543,rogue,subtlety,14,7,7
Tokasha,area-52,521,rogue,subtlety,17,7,10
Sttun,tichondrius,511,rogue,subtlety,8,6,2
Killerupdown,muradin,510,rogue,subtlety,20,6,14
Lowkn,tichondrius,480,rogue,subtlety,6,5,1
Bananaz,emerald-dream,480,rogue,subtlety,6,5,1
Kwins,cenarion-circle,480,rogue,subtlety,6,5,1
Whotherogue,tichondrius,480,rogue,subtlety,6,5,1
Ghoarie,sargeras,480,rogue,subtlety,6,5,1
Oceboomer,frostmourne,480,rogue,subtlety,6,5,1
Lesansdessin,area-52,480,rogue,subtlety,6,5,1
Max,stormrage,480,rogue,subtlety,6,5,1
Johnspp,bleeding-hollow,480,rogue,subtlety,6,5,1
Calamityx,cenarius,480,rogue,subtlety,6,5,1
Gurululz,stormrage,480,rogue,subtlety,6,5,1
Ethxn,sargeras,480,rogue,subtlety,6,5,1
Sandorrogue,stormrage,480,rogue,subtlety,6,5,1
Sneekyb,gorefiend,480,rogue,subtlety,6,5,1
Drakstal,stormrage,480,rogue,subtlety,6,5,1
Nodeßurglar,kelthuzad,480,rogue,subtlety,6,5,1
Ræfen,doomhammer,480,rogue,subtlety,6,5,1
Alathir,tichondrius,480,rogue,subtlety,6,5,1
Qcmax,stormrage,480,rogue,subtlety,6,5,1
Capicus,firetree,480,rogue,subtlety,8,5,3
Finlander,area-52,480,rogue,subtlety,11,6,5
Tessialith,azralon,480,rogue,subtlety,12,5,7
Myamota,tichondrius,480,rogue,subtlety,12,5,7
Söda,emerald-dream,480,rogue,subtlety,12,5,7
Farstrider,tichondrius,480,rogue,subtlety,12,5,7
Biöhazard,ragnaros,480,rogue,subtlety,12,5,7
Cheese,the-venture-co,480,rogue,subtlety,12,5,7
Sunalor,malganis,480,rogue,subtlety,12,5,7
Mikènuttz,sargeras,480,rogue,subtlety,12,5,7
Monkeykongr,lightnings-blade,480,rogue,subtlety,12,5,7
Ifríend,emerald-dream,480,rogue,subtlety,12,5,7
Myz,sargeras,480,rogue,subtlety,12,5,7
Ayáme,sargeras,480,rogue,subtlety,12,5,7
Harasna,emerald-dream,480,rogue,subtlety,12,5,7
Knonono,tichondrius,480,rogue,subtlety,12,5,7
Reaperprime,tichondrius,480,rogue,subtlety,12,5,7
Sixtyhorde,tichondrius,480,rogue,subtlety,12,5,7
Wooluncle,tichondrius,480,rogue,subtlety,12,5,7
Invkill,azralon,480,rogue,subtlety,12,5,7
Pjh,sargeras,480,rogue,subtlety,12,5,7
Mitra,eredar,480,rogue,subtlety,12,5,7
Zymes,tichondrius,480,rogue,subtlety,12,5,7
Vleiz,ragnaros,480,rogue,subtlety,12,5,7
Beefdaddydev,kargath,480,rogue,subtlety,12,5,7
Recktzful,ragnaros,480,rogue,subtlety,12,5,7
Chimpo,ravencrest,480,rogue,subtlety,12,5,7
Ninjintwo,illidan,480,rogue,subtlety,12,5,7
Sheerlol,stormrage,480,rogue,subtlety,12,5,7
Bruitzyttv,barthilas,480,rogue,subtlety,12,5,7
Uni,khadgar,480,rogue,subtlety,12,5,7
Minimumwage,bleeding-hollow,480,rogue,subtlety,12,5,7
Fay,nordrassil,480,rogue,subtlety,12,5,7
Sinary,cenarion-circle,480,rogue,subtlety,12,5,7
Drunknchaos,bleeding-hollow,480,rogue,subtlety,12,5,7
Aldessa,draka,480,rogue,subtlety,12,5,7
Caras,tichondrius,480,rogue,subtlety,12,5,7
Thugrz,illidan,480,rogue,subtlety,12,5,7
Jean,tichondrius,480,rogue,subtlety,12,5,7
Quartzrg,zuljin,480,rogue,subtlety,12,5,7
Dägger,barthilas,480,rogue,subtlety,12,5,7
Unapologetic,khazgoroth,480,rogue,subtlety,12,5,7
Kenyel,frostmourne,480,rogue,subtlety,12,5,7
Coatsog,tichondrius,480,rogue,subtlety,12,5,7
Tacetdeus,bleeding-hollow,480,rogue,subtlety,12,5,7
Shivalri,tichondrius,480,rogue,subtlety,12,5,7
Milafortnite,tichondrius,480,rogue,subtlety,12,5,7
Jâm,nerzhul,480,rogue,subtlety,12,5,7
Códax,stormrage,480,rogue,subtlety,12,5,7
Scrubzz,barthilas,480,rogue,subtlety,12,5,7
Arsènè,whisperwind,480,rogue,subtlety,13,5,8
Swiftypu,kelthuzad,480,rogue,subtlety,18,6,12
Valrec,stormrage,480,rogue,subtlety,16,5,11
Lycan,guldan,480,rogue,subtlety,20,6,14
Åmg,tichondrius,480,rogue,subtlety,18,5,13
Zeetwntyeght,stormrage,480,rogue,subtlety,18,5,13
Nevermoon,gallywix,480,rogue,subtlety,18,5,13
Greyleywin,azralon,480,rogue,subtlety,18,5,13
Mcjagerx,darkspear,480,rogue,subtlety,18,5,13
Rompelomos,quelthalas,479,rogue,subtlety,6,5,1
Shadowshade,skullcrusher,479,rogue,subtlety,12,5,7
Japz,sargeras,479,rogue,subtlety,12,5,7
Brohamm,gorefiend,479,rogue,subtlety,12,5,7
Crypblade,sargeras,479,rogue,subtlety,12,5,7
Felonista,tichondrius,479,rogue,subtlety,12,5,7
Qlog,tichondrius,479,rogue,subtlety,12,5,7
Minato,eredar,479,rogue,subtlety,12,5,7
Toodlles,stormrage,479,rogue,subtlety,12,5,7
Hamirl,bladefist,479,rogue,subtlety,12,5,7
Luoan,emerald-dream,479,rogue,subtlety,12,5,7
Ërëbus,greymane,479,rogue,subtlety,12,5,7
Deathbeacøn,sargeras,479,rogue,subtlety,12,5,7
Rehze,area-52,479,rogue,subtlety,12,5,7
Bâerâ,bloodscalp,479,rogue,subtlety,14,5,9
Jakeharvey,dalaran,479,rogue,subtlety,18,5,13
Corchô,moon-guard,479,rogue,subtlety,18,5,13
Marìus,moon-guard,479,rogue,subtlety,18,5,13
Pál,quelthalas,479,rogue,subtlety,24,5,19
Villainrogue,stormrage,478,rogue,subtlety,12,5,7
Fouzz,stormrage,478,rogue,subtlety,15,6,9
Shaearuth,hellscream,478,rogue,subtlety,18,5,13
Falra,wyrmrest-accord,478,rogue,subtlety,18,5,13
Sathrael,deathwing,477,rogue,subtlety,30,5,25
Muffens,alterac-mountains,476,rogue,subtlety,12,5,7
Liamoz,amanthul,475,rogue,subtlety,12,5,7
Hyunco,tichondrius,474,rogue,subtlety,12,5,7
Lancarlorïus,ragnaros,473,rogue,subtlety,12,5,7
Bigtoees,tichondrius,448,rogue,subtlety,10,6,4
Multhias,stormrage,447,rogue,subtlety,11,5,6
Backtoch,sargeras,447,rogue,subtlety,11,5,6
Fcknkyle,area-52,432,rogue,subtlety,9,5,4
Notlim,azralon,432,rogue,subtlety,15,5,10
Akhila,stormrage,431,rogue,subtlety,11,5,6
Pangppy,tichondrius,431,rogue,subtlety,11,5,6
Rickgone,bleeding-hollow,431,rogue,subtlety,14,6,8
Grfaux,sargeras,431,rogue,subtlety,17,5,12
Picaropanda,quelthalas,425,rogue,subtlety,22,6,16
Cayladin,tichondrius,416,rogue,subtlety,10,5,5
Kathërïnë,azralon,415,rogue,subtlety,16,5,11
Cucaracha,barthilas,415,rogue,subtlety,20,5,15
Kianth,korgath,413,rogue,subtlety,14,5,9
Soho,vashj,412,rogue,subtlety,26,5,21
Trashboat,ravencrest,400,rogue,subtlety,7,5,2
Pkkrevolt,archimonde,400,rogue,subtlety,13,5,8
Nvim,kelthuzad,400,rogue,subtlety,13,5,8
Clebinho,illidan,384,rogue,subtlety,6,4,2
Meepster,moon-guard,384,rogue,subtlety,6,4,2
Nichala,tichondrius,384,rogue,subtlety,6,4,2
Zerorog,zuljin,384,rogue,subtlety,6,4,2
Kellykapoor,sargeras,384,rogue,subtlety,6,4,2
Kérras,moon-guard,384,rogue,subtlety,6,4,2
Slicendie,moon-guard,384,rogue,subtlety,6,4,2
Alethal,tichondrius,384,rogue,subtlety,6,4,2
Sapafapa,illidan,384,rogue,subtlety,6,4,2
Chauva,zuljin,384,rogue,subtlety,6,4,2
Wrldstars,illidan,384,rogue,subtlety,6,4,2
Smackíngton,tichondrius,384,rogue,subtlety,6,4,2
Bilbobagginz,malganis,384,rogue,subtlety,6,4,2
Kushh,illidan,384,rogue,subtlety,6,4,2
Sapntapx,malganis,384,rogue,subtlety,6,4,2
Gongfo,tichondrius,384,rogue,subtlety,6,4,2
Starhound,kiljaeden,384,rogue,subtlety,6,4,2
Bootimus,illidan,384,rogue,subtlety,6,4,2
Fortie,moon-guard,384,rogue,subtlety,6,4,2
Sapmycrap,proudmoore,384,rogue,subtlety,6,4,2
Lgy,chogall,384,rogue,subtlety,6,4,2
Saloria,stormrage,384,rogue,subtlety,6,4,2
Onezik,stormrage,384,rogue,subtlety,6,4,2
Otb,azgalor,384,rogue,subtlety,6,4,2
Skargis,hellscream,384,rogue,subtlety,6,4,2
Deejey,frostmourne,384,rogue,subtlety,6,4,2
Austínr,sargeras,384,rogue,subtlety,6,4,2
Foreverioi,tichondrius,384,rogue,subtlety,6,4,2
Altaureen,thrall,384,rogue,subtlety,6,4,2
Averagerogue,thrall,384,rogue,subtlety,6,4,2
Mud,saurfang,384,rogue,subtlety,6,4,2
Deadopps,stormrage,384,rogue,subtlety,6,4,2
Memnõch,emerald-dream,384,rogue,subtlety,6,4,2
Zugdeeznutz,tichondrius,384,rogue,subtlety,6,4,2
Mirlol,stormrage,384,rogue,subtlety,6,4,2
Katabatic,wyrmrest-accord,384,rogue,subtlety,6,4,2
Roberto,darkspear,384,rogue,subtlety,6,4,2
Prïncessdopa,stormrage,384,rogue,subtlety,6,4,2
Sorv,tichondrius,384,rogue,subtlety,6,4,2
Spectremg,azralon,384,rogue,subtlety,9,5,4
Túesday,tichondrius,384,rogue,subtlety,9,5,4
Yenrab,illidan,384,rogue,subtlety,10,5,5
Sawsy,illidan,384,rogue,subtlety,8,4,4
Irkalla,frostmourne,384,rogue,subtlety,12,4,8
Meilh,emerald-dream,384,rogue,subtlety,12,4,8
Xikoro,emerald-dream,384,rogue,subtlety,12,4,8
Maxparkhurst,moon-guard,384,rogue,subtlety,12,4,8
Stabbymcbis,aggramar,384,rogue,subtlety,12,4,8
Lazaruslong,stormrage,384,rogue,subtlety,12,4,8
Elvesnknives,stormrage,384,rogue,subtlety,12,4,8
Kistef,tichondrius,384,rogue,subtlety,12,4,8
Zandrìn,tichondrius,384,rogue,subtlety,12,4,8
Potatotott,area-52,384,rogue,subtlety,12,4,8
Codeine,windrunner,384,rogue,subtlety,12,4,8
Cytôn,bleeding-hollow,384,rogue,subtlety,12,4,8
Antik,illidan,384,rogue,subtlety,12,4,8
Woodsapdat,sargeras,384,rogue,subtlety,12,4,8
Booitsdrew,sargeras,384,rogue,subtlety,12,4,8
Alcinah,sargeras,384,rogue,subtlety,12,4,8
Longatti,stormrage,384,rogue,subtlety,12,4,8
Rïddïck,tichondrius,384,rogue,subtlety,12,4,8
Tìlt,whisperwind,384,rogue,subtlety,12,4,8
Dions,ragnaros,384,rogue,subtlety,12,4,8
Rogecoin,illidan,384,rogue,subtlety,12,4,8
Astol,frostmourne,384,rogue,subtlety,12,4,8
Mîrro,stormrage,384,rogue,subtlety,12,4,8
Raego,frostmourne,384,rogue,subtlety,12,4,8
Belialas,thrall,384,rogue,subtlety,12,4,8
Blackstabyth,thrall,384,rogue,subtlety,12,4,8
Flankks,sargeras,384,rogue,subtlety,12,4,8
Liesll,thrall,384,rogue,subtlety,12,4,8
Keylight,tichondrius,384,rogue,subtlety,12,4,8
Sneakyt,shadow-council,384,rogue,subtlety,12,4,8
Mortovisível,azralon,384,rogue,subtlety,12,4,8
Stãtic,area-52,384,rogue,subtlety,12,4,8
Tpc,tichondrius,384,rogue,subtlety,12,4,8
Ðudeerall,kelthuzad,384,rogue,subtlety,12,4,8
Elishadowed,proudmoore,384,rogue,subtlety,12,4,8
Mãtthew,tichondrius,384,rogue,subtlety,12,4,8
Etyop,azralon,384,rogue,subtlety,12,4,8
Diamondx,proudmoore,384,rogue,subtlety,12,4,8
Tomas,bloodscalp,384,rogue,subtlety,12,4,8
Ðøñtàrmørýmè,tichondrius,384,rogue,subtlety,12,4,8
Valdaara,tichondrius,384,rogue,subtlety,12,4,8
Lolgoturbase,hyjal,384,rogue,subtlety,12,4,8
Velandros,eonar,384,rogue,subtlety,12,4,8
Spöke,dalvengyr,384,rogue,subtlety,12,4,8
Zzffqsm,tichondrius,384,rogue,subtlety,12,4,8
Kamee,gurubashi,384,rogue,subtlety,12,4,8
Crøøkedman,tichondrius,384,rogue,subtlety,12,4,8
Lettuce,shadowmoon,384,rogue,subtlety,12,4,8
Drunkmast,malganis,384,rogue,subtlety,12,4,8
Government,dawnbringer,384,rogue,subtlety,12,4,8
Hoodiesneaks,stormrage,384,rogue,subtlety,14,4,10
Miloandotis,malganis,384,rogue,subtlety,18,4,14
Covìn,malganis,384,rogue,subtlety,18,4,14
Romain,proudmoore,384,rogue,subtlety,24,4,20
Freego,quelthalas,383,rogue,subtlety,6,4,2
Stabsolutely,moon-guard,383,rogue,subtlety,6,4,2
Xanthinic,mugthol,383,rogue,subtlety,6,4,2
Clours,barthilas,383,rogue,subtlety,6,4,2
Galbatorrix,barthilas,383,rogue,subtlety,12,4,8
Majimae,sargeras,383,rogue,subtlety,12,4,8
Adysius,malganis,383,rogue,subtlety,12,4,8
Worlddark,quelthalas,383,rogue,subtlety,12,4,8
Ràinê,dalaran,383,rogue,subtlety,12,4,8
Hènnéssy,frostmourne,383,rogue,subtlety,12,4,8
Toxiccarnage,ghostlands,383,rogue,subtlety,14,4,10
Nigthdead,nemesis,383,rogue,subtlety,18,4,14
Whouzie,frostmourne,383,rogue,subtlety,18,4,14
Sinice,draka,382,rogue,subtlety,10,6,4
Rascallion,tichondrius,381,rogue,subtlety,12,4,8
Whitehunter,turalyon,351,rogue,subtlety,8,5,3
Variation,moon-guard,351,rogue,subtlety,11,4,7
Silenc,azgalor,351,rogue,subtlety,22,4,18
Samuraii,zuljin,335,rogue,subtlety,11,4,7
Wonderx,frostmourne,330,rogue,subtlety,9,5,4
Sanguinnar,nemesis,329,rogue,subtlety,18,5,13
Rosê,daggerspine,327,rogue,subtlety,14,7,7
Rawdawged,illidan,320,rogue,subtlety,16,4,12
Flickss,illidan,319,rogue,subtlety,5,4,1
Durzoblïnt,ragnaros,303,rogue,subtlety,14,4,10
Drstealthy,tichondrius,288,rogue,subtlety,6,3,3
Zêrøghgødx,tichondrius,288,rogue,subtlety,6,3,3
Amatoxin,tichondrius,288,rogue,subtlety,6,3,3
Pvptóne,steamwheedle-cartel,288,rogue,subtlety,6,3,3
Haladd,dalaran,288,rogue,subtlety,6,3,3
Ulanor,whisperwind,288,rogue,subtlety,6,3,3
Dogeggs,area-52,288,rogue,subtlety,6,3,3
Snackable,tichondrius,288,rogue,subtlety,6,3,3
Ninjachon,tichondrius,288,rogue,subtlety,6,3,3
Demoncatman,tichondrius,288,rogue,subtlety,6,3,3
Redspoison,dalaran,288,rogue,subtlety,6,3,3
Animalsauce,tichondrius,288,rogue,subtlety,6,3,3
Maliora,area-52,288,rogue,subtlety,6,3,3
Hemorrhages,tichondrius,288,rogue,subtlety,6,3,3
Liljonx,tichondrius,288,rogue,subtlety,6,3,3
Reformedyuri,illidan,288,rogue,subtlety,6,3,3
Ravicold,dalaran,288,rogue,subtlety,6,3,3
Theblindsap,dalaran,288,rogue,subtlety,6,3,3
Kreation,illidan,288,rogue,subtlety,6,3,3
Roollz,nemesis,288,rogue,subtlety,6,3,3
Compadrer,area-52,288,rogue,subtlety,6,3,3
Gongarn,thrall,288,rogue,subtlety,6,3,3
Rîa,area-52,288,rogue,subtlety,6,3,3
Woundzx,tichondrius,288,rogue,subtlety,6,3,3
Cnikun,tichondrius,288,rogue,subtlety,6,3,3
Trainhealers,tichondrius,288,rogue,subtlety,6,3,3
Metalz,exodar,288,rogue,subtlety,6,3,3
Ced,medivh,288,rogue,subtlety,6,3,3
Razáele,dalaran,288,rogue,subtlety,6,3,3
Sànsa,arathor,288,rogue,subtlety,6,3,3
Watchers,emerald-dream,288,rogue,subtlety,6,3,3
Trackrunner,tichondrius,288,rogue,subtlety,6,3,3
Peel,akama,288,rogue,subtlety,6,3,3
Frostheartyy,azralon,288,rogue,subtlety,6,3,3
Subculture,emerald-dream,288,rogue,subtlety,6,3,3
Sharmoc,ragnaros,288,rogue,subtlety,6,3,3
Buttaknife,darkspear,288,rogue,subtlety,6,3,3
Cafajesté,azralon,288,rogue,subtlety,6,3,3
Phade,bladefist,288,rogue,subtlety,6,3,3
Hideonmu,ragnaros,288,rogue,subtlety,6,3,3
Thompson,bloodscalp,288,rogue,subtlety,6,3,3
Thargal,tichondrius,288,rogue,subtlety,6,3,3
Bandoleiiro,stormrage,288,rogue,subtlety,6,3,3
Wikkihx,emerald-dream,288,rogue,subtlety,6,3,3
Kelbrelor,stormrage,288,rogue,subtlety,6,3,3
Deathxx,destromath,288,rogue,subtlety,6,3,3
Schneric,stormrage,288,rogue,subtlety,6,3,3
Urlo,moon-guard,288,rogue,subtlety,6,3,3
Sëshoumaru,azralon,288,rogue,subtlety,6,3,3
Leyff,stormrage,288,rogue,subtlety,6,3,3
Knifetalk,moon-guard,288,rogue,subtlety,6,3,3
Shadowreapz,barthilas,288,rogue,subtlety,6,3,3
Ralæriel,wyrmrest-accord,288,rogue,subtlety,6,3,3
Arbyspls,malganis,288,rogue,subtlety,6,3,3
Antijax,stormrage,288,rogue,subtlety,6,3,3
Asherian,wyrmrest-accord,288,rogue,subtlety,6,3,3
Piltráfa,ragnaros,288,rogue,subtlety,6,3,3
Dödoubleg,stormrage,288,rogue,subtlety,6,3,3
Thoxic,barthilas,288,rogue,subtlety,6,3,3
Garnoghan,stormrage,288,rogue,subtlety,6,3,3
Nazzers,zuljin,288,rogue,subtlety,6,3,3
Slilsp,sargeras,288,rogue,subtlety,6,3,3
Nüm,tichondrius,288,rogue,subtlety,6,3,3
Nestha,quelthalas,288,rogue,subtlety,6,3,3
Gangstsprdse,tichondrius,288,rogue,subtlety,6,3,3
Adrellissa,moon-guard,288,rogue,subtlety,6,3,3
Falkë,stormrage,288,rogue,subtlety,6,3,3
Dìngapoof,tichondrius,288,rogue,subtlety,6,3,3
Seanr,stormrage,288,rogue,subtlety,6,3,3
Subdude,daggerspine,288,rogue,subtlety,6,3,3
Epic,korgath,288,rogue,subtlety,6,3,3
Gåñðøñ,stormscale,288,rogue,subtlety,6,3,3
Bøbinette,sargeras,288,rogue,subtlety,6,3,3
Naoyuki,stormrage,288,rogue,subtlety,6,3,3
Tiavis,nathrezim,288,rogue,subtlety,6,3,3
Cheesereaper,kiljaeden,288,rogue,subtlety,6,3,3
Mondeaux,moon-guard,288,rogue,subtlety,6,3,3
Esraxo,frostmourne,288,rogue,subtlety,6,3,3
Spcz,malganis,288,rogue,subtlety,6,3,3
Quefist,sargeras,288,rogue,subtlety,6,3,3
Privz,sargeras,288,rogue,subtlety,6,3,3
Delaroze,sargeras,288,rogue,subtlety,6,3,3
Crowjester,aggramar,288,rogue,subtlety,6,3,3
Tukar,nesingwary,288,rogue,subtlety,6,3,3
Zarrth,malganis,288,rogue,subtlety,6,3,3
Raynor,fizzcrank,288,rogue,subtlety,6,3,3
Jackcurtis,kelthuzad,288,rogue,subtlety,6,3,3
Teknox,zuljin,288,rogue,subtlety,6,3,3
Repatriate,dark-iron,288,rogue,subtlety,6,3,3
Jeromedunkly,stormrage,288,rogue,subtlety,6,3,3
Enferna,kelthuzad,288,rogue,subtlety,6,3,3
Ëbrithil,hyjal,288,rogue,subtlety,6,3,3
Agiliacy,sargeras,288,rogue,subtlety,6,3,3
Sonymf,frostmourne,288,rogue,subtlety,6,3,3
Gotkick,stormrage,288,rogue,subtlety,6,3,3
Digma,aegwynn,288,rogue,subtlety,6,3,3
Skillshank,stormscale,288,rogue,subtlety,6,3,3
Taraminkadot,sargeras,288,rogue,subtlety,9,4,5
Malusi,tichondrius,288,rogue,subtlety,9,4,5
Xotourlife,frostwolf,288,rogue,subtlety,9,4,5
Gríma,moon-guard,288,rogue,subtlety,9,4,5
ßutthead,malganis,288,rogue,subtlety,7,3,4
Ünaru,sargeras,288,rogue,subtlety,7,3,4
Keytonx,tichondrius,288,rogue,subtlety,7,3,4
Muuzh,quelthalas,288,rogue,subtlety,10,4,6
Twodkitty,kelthuzad,288,rogue,subtlety,9,3,6
Stabnac,frostmourne,288,rogue,subtlety,12,3,9
Bourrasque,frostmourne,288,rogue,subtlety,12,3,9
Nobarå,veknilash,288,rogue,subtlety,12,3,9
Palla,tichondrius,288,rogue,subtlety,12,3,9
Foofz,kelthuzad,288,rogue,subtlety,12,3,9
Smashfacewïn,tichondrius,288,rogue,subtlety,12,3,9
Cincyhirou,exodar,288,rogue,subtlety,12,3,9
Khazii,scilla,288,rogue,subtlety,12,3,9
Kazynn,greymane,288,rogue,subtlety,12,3,9
Kowabungii,tichondrius,288,rogue,subtlety,12,3,9
Tigressax,illidan,288,rogue,subtlety,12,3,9
Ukspecial,tichondrius,288,rogue,subtlety,12,3,9
Badonka,aggramar,288,rogue,subtlety,12,3,9
Kymey,warsong,288,rogue,subtlety,12,3,9
Mégân,ragnaros,288,rogue,subtlety,12,3,9
Yamillpgk,ragnaros,288,rogue,subtlety,12,3,9
Ovrfivethosn,malganis,288,rogue,subtlety,12,3,9
Kranzie,nerzhul,288,rogue,subtlety,12,3,9
Yottsu,proudmoore,288,rogue,subtlety,12,3,9
Vatolord,azralon,288,rogue,subtlety,12,3,9
Toiletmuscle,illidan,288,rogue,subtlety,12,3,9
Eaxlol,sargeras,288,rogue,subtlety,12,3,9
Gnoescape,burning-legion,288,rogue,subtlety,12,3,9
Woboi,area-52,288,rogue,subtlety,12,3,9
Shadowmiles,quelthalas,288,rogue,subtlety,12,3,9
Imbe,nagrand,288,rogue,subtlety,12,3,9
Yodoctor,sargeras,288,rogue,subtlety,12,3,9
Nikkî,hyjal,288,rogue,subtlety,12,3,9
Pocketwaffle,dalaran,288,rogue,subtlety,12,3,9
Xolli,fizzcrank,288,rogue,subtlety,12,3,9
Bumpamoose,aggramar,288,rogue,subtlety,12,3,9
Grinz,sargeras,288,rogue,subtlety,12,3,9
Yülia,skywall,288,rogue,subtlety,12,3,9
Koreanpeach,tichondrius,288,rogue,subtlety,12,3,9
Hogstradamus,malganis,288,rogue,subtlety,12,3,9
Gannet,spirestone,288,rogue,subtlety,18,3,15
Buttér,sargeras,288,rogue,subtlety,18,3,15
Soupline,area-52,288,rogue,subtlety,18,3,15
Heretodance,tichondrius,288,rogue,subtlety,18,3,15
Framsteg,kelthuzad,287,rogue,subtlety,6,3,3
Xsneakski,jubeithos,287,rogue,subtlety,6,3,3
Gorzri,illidan,287,rogue,subtlety,6,3,3
Lawroadn,tichondrius,287,rogue,subtlety,6,3,3
Janglebang,arthas,287,rogue,subtlety,6,3,3
Bajeebus,azshara,287,rogue,subtlety,6,3,3
Urukzog,ragnaros,287,rogue,subtlety,6,3,3
Bcardi,burning-blade,287,rogue,subtlety,6,3,3
Stealheartsr,tichondrius,287,rogue,subtlety,7,3,4
Bromen,ragnaros,287,rogue,subtlety,12,3,9
Namiic,thrall,287,rogue,subtlety,12,3,9
Teach,illidan,287,rogue,subtlety,18,3,15
Tareduwu,area-52,286,rogue,subtlety,18,3,15
Wetwille,area-52,271,rogue,subtlety,11,3,8
Reflexiv,malganis,256,rogue,subtlety,10,3,7
Jebubs,tichondrius,239,rogue,subtlety,5,3,2
Bigbenislol,stormrage,239,rogue,subtlety,5,3,2
Wulfcrest,moon-guard,239,rogue,subtlety,5,3,2
Karvaer,barthilas,239,rogue,subtlety,5,3,2
Youngdraco,tichondrius,239,rogue,subtlety,5,3,2
Uncleblinker,proudmoore,239,rogue,subtlety,5,3,2
Radagon,fenris,234,rogue,subtlety,9,4,5
Koupiyan,tichondrius,234,rogue,subtlety,11,4,7
Rocanról,quelthalas,234,rogue,subtlety,12,4,8
Saberbane,tichondrius,234,rogue,subtlety,12,4,8
Twinkasz,nemesis,234,rogue,subtlety,16,5,11
Restinpeacex,bleeding-hollow,234,rogue,subtlety,16,4,12
Alphariús,wyrmrest-accord,192,rogue,subtlety,4,3,1
Dakresh,zuljin,192,rogue,subtlety,9,3,6
Ôberon,moon-guard,192,rogue,subtlety,6,2,4
Chariakin,tichondrius,192,rogue,subtlety,6,2,4
Shrapnil,stormrage,192,rogue,subtlety,6,2,4
Shadowmagikk,sargeras,192,rogue,subtlety,6,2,4
Blackmont,bleeding-hollow,192,rogue,subtlety,6,2,4
Shinobick,kelthuzad,192,rogue,subtlety,6,2,4
Pizzarollplz,kelthuzad,192,rogue,subtlety,6,2,4
Stateless,kelthuzad,192,rogue,subtlety,6,2,4
Shankmcganks,chogall,192,rogue,subtlety,6,2,4
Sarandella,madoran,192,rogue,subtlety,6,2,4
Joegamer,sargeras,192,rogue,subtlety,6,2,4
Ibuuki,bleeding-hollow,192,rogue,subtlety,6,2,4
Acid,kelthuzad,192,rogue,subtlety,6,2,4
Sickxx,quelthalas,192,rogue,subtlety,6,2,4
Twostepbtw,tichondrius,192,rogue,subtlety,6,2,4
Lilmikie,tichondrius,192,rogue,subtlety,6,2,4
Sizak,kelthuzad,192,rogue,subtlety,6,2,4
Beirx,azralon,192,rogue,subtlety,6,2,4
Vintosia,dalaran,192,rogue,subtlety,6,2,4
Vanquief,sargeras,192,rogue,subtlety,6,2,4
Zzu,azralon,192,rogue,subtlety,6,2,4
Alakie,cenarius,192,rogue,subtlety,6,2,4
Nubes,illidan,192,rogue,subtlety,6,2,4
Wuchi,tichondrius,192,rogue,subtlety,6,2,4
Shinnex,quelthalas,192,rogue,subtlety,6,2,4
Roguebalance,dalaran,192,rogue,subtlety,6,2,4
Vegaz,thaurissan,192,rogue,subtlety,6,2,4
Keagals,tichondrius,192,rogue,subtlety,6,2,4
Sparklepuffy,tichondrius,192,rogue,subtlety,6,2,4
Nemminem,sargeras,192,rogue,subtlety,6,2,4
Exwhite,proudmoore,192,rogue,subtlety,6,2,4
Icantsleep,tichondrius,192,rogue,subtlety,6,2,4
Coleds,ravencrest,192,rogue,subtlety,6,2,4
Slycndice,tortheldrin,192,rogue,subtlety,6,2,4
Yourhomieaj,tichondrius,192,rogue,subtlety,6,2,4
Tryedge,moon-guard,192,rogue,subtlety,6,2,4
Wyyre,hyjal,192,rogue,subtlety,6,2,4
Slíçk,tichondrius,192,rogue,subtlety,6,2,4
Lardiconn,thrall,192,rogue,subtlety,6,2,4
Stymie,malorne,192,rogue,subtlety,6,2,4
Rujkah,archimonde,192,rogue,subtlety,6,2,4
Raylubanks,area-52,192,rogue,subtlety,6,2,4
Onion,ursin,192,rogue,subtlety,6,2,4
Pizzfangers,area-52,192,rogue,subtlety,6,2,4
Shankums,thrall,192,rogue,subtlety,6,2,4
Brutalpocket,malganis,192,rogue,subtlety,6,2,4
Skorsh,wyrmrest-accord,192,rogue,subtlety,6,2,4
Theev,wyrmrest-accord,192,rogue,subtlety,6,2,4
Kurûmî,quelthalas,192,rogue,subtlety,6,2,4
Røbinhooe,malganis,192,rogue,subtlety,6,2,4
Nickxo,llane,192,rogue,subtlety,6,2,4
Vadik,frostmourne,192,rogue,subtlety,6,2,4
Zerø,barthilas,192,rogue,subtlety,6,2,4
Babáyágá,drakkari,192,rogue,subtlety,6,2,4
Ninjatoesok,zuljin,192,rogue,subtlety,6,2,4
Rapchery,illidan,192,rogue,subtlety,6,2,4
Buddymelon,thrall,192,rogue,subtlety,6,2,4
Meadview,bleeding-hollow,192,rogue,subtlety,6,2,4
Åaron,thrall,192,rogue,subtlety,6,2,4
Pwnzalot,emerald-dream,192,rogue,subtlety,6,2,4
Surplus,stormscale,192,rogue,subtlety,6,2,4
Gzl,frostmourne,192,rogue,subtlety,6,2,4
Lmorningstar,altar-of-storms,192,rogue,subtlety,6,2,4
Runescape,frostmourne,192,rogue,subtlety,6,2,4
Mavriic,executus,192,rogue,subtlety,6,2,4
Tleary,tichondrius,192,rogue,subtlety,6,2,4
Bambooßobby,area-52,192,rogue,subtlety,6,2,4
Brustent,icecrown,192,rogue,subtlety,6,2,4
Valaxer,sargeras,192,rogue,subtlety,6,2,4
Letsgobranon,sargeras,192,rogue,subtlety,6,2,4
Ikthemon,khaz-modan,192,rogue,subtlety,6,2,4
Xyltann,bleeding-hollow,192,rogue,subtlety,6,2,4
Dalsono,hakkar,192,rogue,subtlety,6,2,4
Grue,gundrak,192,rogue,subtlety,6,2,4
Mgzx,tichondrius,192,rogue,subtlety,6,2,4
Bloodhounder,illidan,192,rogue,subtlety,6,2,4
Wètdream,sargeras,192,rogue,subtlety,6,2,4
Macklittle,area-52,192,rogue,subtlety,6,2,4
Terrorstrike,tichondrius,192,rogue,subtlety,6,2,4
Shadowstryfe,tichondrius,192,rogue,subtlety,6,2,4
Anímosity,darkspear,192,rogue,subtlety,6,2,4
Ectrelor,moon-guard,192,rogue,subtlety,6,2,4
Happyunhappy,illidan,192,rogue,subtlety,6,2,4
Anystone,tichondrius,192,rogue,subtlety,6,2,4
Luvtwospooge,tichondrius,192,rogue,subtlety,6,2,4
Seriès,tichondrius,192,rogue,subtlety,6,2,4
Sicksix,bleeding-hollow,192,rogue,subtlety,6,2,4
Tpodkill,illidan,192,rogue,subtlety,6,2,4
Sweatysneaks,bleeding-hollow,192,rogue,subtlety,6,2,4
Kevio,sargeras,192,rogue,subtlety,6,2,4
Zeno,dragonmaw,192,rogue,subtlety,6,2,4
Elliven,frostmourne,192,rogue,subtlety,6,2,4
Roastful,tichondrius,192,rogue,subtlety,6,2,4
Verzerker,stormrage,192,rogue,subtlety,6,2,4
Xinigami,quelthalas,192,rogue,subtlety,6,2,4
Rya,echo-isles,192,rogue,subtlety,6,2,4
Blackempire,stormrage,192,rogue,subtlety,6,2,4
Chêckmatê,darkspear,192,rogue,subtlety,6,2,4
Coalie,tichondrius,192,rogue,subtlety,6,2,4
Womanx,tichondrius,192,rogue,subtlety,6,2,4
Guacpls,tichondrius,192,rogue,subtlety,6,2,4
Eleanorrigby,emerald-dream,192,rogue,subtlety,6,2,4
Xbk,moon-guard,192,rogue,subtlety,6,2,4
Indicadeath,stormrage,192,rogue,subtlety,6,2,4
Rhayu,emerald-dream,192,rogue,subtlety,6,2,4
ßroke,emerald-dream,192,rogue,subtlety,6,2,4
Toomuchcap,aggramar,192,rogue,subtlety,6,2,4
Theweeknd,kiljaeden,192,rogue,subtlety,7,2,5
Nattaku,tichondrius,192,rogue,subtlety,7,2,5
Xenitech,bleeding-hollow,192,rogue,subtlety,8,2,6
Ñíçklês,sargeras,192,rogue,subtlety,15,3,12
Beribani,azralon,192,rogue,subtlety,12,2,10
Flèè,illidan,192,rogue,subtlety,12,2,10
Rogmin,tichondrius,192,rogue,subtlety,12,2,10
Ipokethings,area-52,192,rogue,subtlety,12,2,10
Krius,blood-furnace,192,rogue,subtlety,12,2,10
Pëaches,area-52,192,rogue,subtlety,12,2,10
Jashyy,tichondrius,192,rogue,subtlety,12,2,10
Zabava,malganis,192,rogue,subtlety,12,2,10
Noxîc,zuljin,192,rogue,subtlety,12,2,10
Barmiah,stormrage,192,rogue,subtlety,12,2,10
Liridor,quelthalas,192,rogue,subtlety,12,2,10
Rainbowmtn,stormrage,192,rogue,subtlety,12,2,10
Donateblood,warsong,192,rogue,subtlety,12,2,10
Zeriek,stormrage,192,rogue,subtlety,12,2,10
Menphis,destromath,192,rogue,subtlety,12,2,10
Brickjohnson,illidan,192,rogue,subtlety,12,2,10
Ezmate,frostmourne,192,rogue,subtlety,12,2,10
Ow,eldrethalas,192,rogue,subtlety,12,2,10
Blînd,fenris,192,rogue,subtlety,12,2,10
Diabsoule,amanthul,192,rogue,subtlety,12,2,10
Myhandisfull,tichondrius,192,rogue,subtlety,12,2,10
Pouet,caelestrasz,192,rogue,subtlety,12,2,10
Onulyo,tichondrius,192,rogue,subtlety,12,2,10
Wildstory,tichondrius,192,rogue,subtlety,12,2,10
Shredead,kiljaeden,192,rogue,subtlety,12,2,10
Ghostdragons,tichondrius,192,rogue,subtlety,12,2,10
Mitchrogue,barthilas,192,rogue,subtlety,12,2,10
Hexxn,tichondrius,192,rogue,subtlety,18,2,16
Roguessy,dalaran,192,rogue,subtlety,18,2,16
Bleedszfreak,illidan,192,rogue,subtlety,18,2,16
Vitalz,bloodscalp,191,rogue,subtlety,6,2,4
Stéél,hakkar,191,rogue,subtlety,6,2,4
Coinspinner,korialstrasz,191,rogue,subtlety,6,2,4
Seth,stonemaul,191,rogue,subtlety,6,2,4
Matek,darkspear,180,rogue,subtlety,10,5,5
Koobbo,tichondrius,159,rogue,subtlety,5,2,3
Problemchild,rexxar,159,rogue,subtlety,5,2,3
Eliasael,moon-guard,159,rogue,subtlety,5,2,3
Khrezin,stonemaul,159,rogue,subtlety,5,2,3
Junemylove,tichondrius,138,rogue,subtlety,9,4,5
Tèdy,sargeras,138,rogue,subtlety,7,3,4
Deragmus,stormscale,138,rogue,subtlety,9,3,6
Ganksterqt,dentarg,138,rogue,subtlety,10,3,7
Ladelmono,tichondrius,138,rogue,subtlety,15,3,12
Uhtrred,ragnaros,137,rogue,subtlety,10,3,7
Fadedx,darkspear,128,rogue,subtlety,4,2,2
Earthinhorn,frostmourne,127,rogue,subtlety,8,2,6
Tulasiraptor,drakkari,127,rogue,subtlety,8,2,6
Exile,boulderfist,96,rogue,subtlety,3,2,1
Altimor,dalaran,96,rogue,subtlety,3,2,1
Pilurfs,thrall,96,rogue,subtlety,18,4,14
Cotuffa,drakkari,96,rogue,subtlety,6,1,5
Macc,khazgoroth,96,rogue,subtlety,6,1,5
Anistreya,wyrmrest-accord,96,rogue,subtlety,6,1,5
Hazal,wyrmrest-accord,96,rogue,subtlety,6,1,5
Cluutch,illidan,96,rogue,subtlety,6,1,5
Nayuki,area-52,96,rogue,subtlety,6,1,5
Roiva,ragnaros,96,rogue,subtlety,6,1,5
Robomom,illidan,96,rogue,subtlety,6,1,5
Deepcutz,barthilas,96,rogue,subtlety,6,1,5
Vivas,dalaran,96,rogue,subtlety,6,1,5
Docheatt,dalaran,96,rogue,subtlety,6,1,5
Akilesx,quelthalas,96,rogue,subtlety,6,1,5
Gnarlyblades,area-52,96,rogue,subtlety,6,1,5
Justlinesap,tichondrius,96,rogue,subtlety,6,1,5
Gothshawty,stormrage,96,rogue,subtlety,6,1,5
Fatass,tichondrius,96,rogue,subtlety,6,1,5
Wabi,tichondrius,96,rogue,subtlety,6,1,5
Eimr,stormrage,96,rogue,subtlety,6,1,5
Rooster,muradin,96,rogue,subtlety,6,1,5
Ratedpvp,tichondrius,96,rogue,subtlety,6,1,5
Mikea,stormrage,96,rogue,subtlety,6,1,5
Melyr,quelthalas,96,rogue,subtlety,6,1,5
Momsxxl,aerie-peak,96,rogue,subtlety,6,1,5
Mügi,ragnaros,96,rogue,subtlety,6,1,5
Slixes,ragnaros,96,rogue,subtlety,6,1,5
Chichop,quelthalas,96,rogue,subtlety,6,1,5
Slobernocker,stormrage,96,rogue,subtlety,6,1,5
Takeiapika,azralon,96,rogue,subtlety,6,1,5
Fuzzyslow,stormrage,96,rogue,subtlety,6,1,5
Mercer,area-52,96,rogue,subtlety,6,1,5
Bloodbrawl,caelestrasz,96,rogue,subtlety,6,1,5
Herian,caelestrasz,96,rogue,subtlety,6,1,5
Alithileria,moon-guard,96,rogue,subtlety,6,1,5
Halion,nagrand,96,rogue,subtlety,6,1,5
Meatballjr,frostmane,96,rogue,subtlety,6,1,5
Toxína,quelthalas,96,rogue,subtlety,6,1,5
Caalo,quelthalas,96,rogue,subtlety,6,1,5
Soosung,moon-guard,96,rogue,subtlety,6,1,5
Kurinaxx,azralon,96,rogue,subtlety,6,1,5
Xone,saurfang,96,rogue,subtlety,6,1,5
Shxcker,illidan,96,rogue,subtlety,6,1,5
Dagarah,quelthalas,96,rogue,subtlety,6,1,5
Eron,stormrage,96,rogue,subtlety,6,1,5
Tamalßoy,quelthalas,96,rogue,subtlety,6,1,5
Frootylol,stormrage,96,rogue,subtlety,6,1,5
Aitreena,stormrage,96,rogue,subtlety,6,1,5
Grindaicha,dentarg,96,rogue,subtlety,6,1,5
Solideoglria,tichondrius,96,rogue,subtlety,6,1,5
Kizakuo,moon-guard,96,rogue,subtlety,6,1,5
ßlessédx,tichondrius,96,rogue,subtlety,6,1,5
Vellatricks,barthilas,96,rogue,subtlety,6,1,5
Páige,ragnaros,96,rogue,subtlety,6,1,5
Adeth,agamaggan,96,rogue,subtlety,6,1,5
Sutekin,malganis,96,rogue,subtlety,6,1,5
Trebyoyoyo,haomarush,96,rogue,subtlety,6,1,5
Pubsucks,tichondrius,96,rogue,subtlety,6,1,5
Ironrod,shadowmoon,96,rogue,subtlety,6,1,5
Mintirogue,sargeras,96,rogue,subtlety,6,1,5
Yoodoo,nemesis,96,rogue,subtlety,6,1,5
Veleno,uldum,96,rogue,subtlety,6,1,5
Earnest,emerald-dream,96,rogue,subtlety,6,1,5
Tijeras,malganis,96,rogue,subtlety,6,1,5
Nightmarex,frostmourne,96,rogue,subtlety,6,1,5
Saltoss,frostmourne,96,rogue,subtlety,6,1,5
Sadgedeeznut,dalaran,96,rogue,subtlety,6,1,5
Heimlichkeit,tichondrius,96,rogue,subtlety,6,1,5
Nevatell,malganis,96,rogue,subtlety,6,1,5
Bonizzi,stormrage,96,rogue,subtlety,6,1,5
Illidin,executus,96,rogue,subtlety,6,1,5
Nexxy,exodar,96,rogue,subtlety,6,1,5
Divha,illidan,96,rogue,subtlety,6,1,5
Wrin,sargeras,96,rogue,subtlety,6,1,5
Yoshimitsoo,tichondrius,96,rogue,subtlety,6,1,5
Rolomon,tichondrius,96,rogue,subtlety,6,1,5
Filthiest,emerald-dream,96,rogue,subtlety,6,1,5
Vrashir,ragnaros,96,rogue,subtlety,6,1,5
Whaazz,tichondrius,96,rogue,subtlety,6,1,5
Swipeah,nathrezim,96,rogue,subtlety,6,1,5
Azrek,sargeras,96,rogue,subtlety,6,1,5
Sudokill,tichondrius,96,rogue,subtlety,6,1,5
Teleqraph,frostmourne,96,rogue,subtlety,6,1,5
Mysapcrits,bloodhoof,96,rogue,subtlety,6,1,5
Nwbzpwnr,aggramar,96,rogue,subtlety,6,1,5
Arrammash,arthas,96,rogue,subtlety,6,1,5
Sawred,bonechewer,96,rogue,subtlety,6,1,5
Thottie,bleeding-hollow,96,rogue,subtlety,6,1,5
Grep,daggerspine,96,rogue,subtlety,6,1,5
Aenaesx,malygos,96,rogue,subtlety,6,1,5
Wretch,the-forgotten-coast,96,rogue,subtlety,6,1,5
Dnb,warsong,96,rogue,subtlety,6,1,5
Papastabz,gorefiend,96,rogue,subtlety,6,1,5
Srrmortte,gallywix,96,rogue,subtlety,6,1,5
Mídnìght,aegwynn,96,rogue,subtlety,6,1,5
Dragosha,antonidas,96,rogue,subtlety,6,1,5
Reurog,garrosh,96,rogue,subtlety,6,1,5
Anadrol,sargeras,96,rogue,subtlety,6,1,5
Lawyergamer,bonechewer,96,rogue,subtlety,6,1,5
Treasy,malganis,96,rogue,subtlety,6,1,5
Quackerjacks,lightnings-blade,96,rogue,subtlety,6,1,5
Marcurio,kelthuzad,96,rogue,subtlety,6,1,5
Papadopolous,zuluhed,96,rogue,subtlety,6,1,5
Borre,kiljaeden,96,rogue,subtlety,6,1,5
Sapomatic,proudmoore,96,rogue,subtlety,6,1,5
Valekk,stormscale,96,rogue,subtlety,6,1,5
Breevs,kelthuzad,96,rogue,subtlety,6,1,5
Sapstick,kiljaeden,96,rogue,subtlety,6,1,5
Gtfø,tichondrius,96,rogue,subtlety,6,1,5
Ohsapmyjaw,thrall,96,rogue,subtlety,6,1,5
Souprog,sargeras,96,rogue,subtlety,6,1,5
Soggysenpai,kelthuzad,96,rogue,subtlety,6,1,5
Liloudarog,tichondrius,96,rogue,subtlety,6,1,5
Ghostyd,tichondrius,96,rogue,subtlety,12,1,11
Voidbone,malganis,96,rogue,subtlety,12,1,11
Ammo,stormreaver,96,rogue,subtlety,12,1,11
Hitri,gallywix,95,rogue,subtlety,6,1,5
Mccarter,bonechewer,87,rogue,subtlety,17,3,14
Minkys,azralon,79,rogue,subtlety,5,1,4
Zhaanth,bonechewer,79,rogue,subtlety,5,1,4
Vùdõõ,area-52,64,rogue,subtlety,4,1,3
Grimthorn,icecrown,64,rogue,subtlety,4,1,3
Andreironoa,ragnaros,64,rogue,subtlety,4,1,3
Vetisx,thrall,64,rogue,subtlety,4,1,3
Blackbutton,illidan,63,rogue,subtlety,2,2,0
Drpibb,ghostlands,63,rogue,subtlety,2,2,0
Nefariôus,llane,48,rogue,subtlety,3,1,2
Hordeslayerx,moon-guard,48,rogue,subtlety,3,1,2
Swøøpy,stormrage,48,rogue,subtlety,3,1,2
Tothegravetv,sargeras,42,rogue,subtlety,9,2,7
Thenelis,dalaran,42,rogue,subtlety,11,2,9
Archazx,sargeras,42,rogue,subtlety,12,2,10
Bestrogue,caelestrasz,31,rogue,subtlety,2,1,1
Toetime,dragonmaw,31,rogue,subtlety,2,1,1
Demonioverde,ragnaros,31,rogue,subtlety,2,1,1
Traumashears,proudmoore,31,rogue,subtlety,2,1,1
Betakong,quelthalas,31,rogue,subtlety,2,1,1
Nekosneako,frostmourne,31,rogue,subtlety,2,1,1
Zarkk,kelthuzad,2188,rogue,assassination,454,227,227
Xiaochulol,tichondrius,2169,rogue,assassination,102,57,45
Sinepymkcus,illidan,2131,rogue,assassination,144,73,71
Sllabymkcus,sargeras,2126,rogue,assassination,72,37,35
Nahj,tichondrius,2111,rogue,assassination,78,40,38
Snortedgfuel,drenden,2015,rogue,assassination,89,44,45
Ånko,tichondrius,1972,rogue,assassination,161,74,87
Alethal,tichondrius,1969,rogue,assassination,120,63,57
Mirrorx,tichondrius,1962,rogue,assassination,471,226,245
Kenteenx,tichondrius,1918,rogue,assassination,101,49,52
Plumblossomx,tichondrius,1904,rogue,assassination,128,65,63
Alterfate,wyrmrest-accord,1877,rogue,assassination,71,36,35
Ajúmma,tichondrius,1877,rogue,assassination,63,26,37
Lakeshark,stormrage,1873,rogue,assassination,78,36,42
Topfloorboss,illidan,1865,rogue,assassination,83,45,38
Endlesswaltz,zuljin,1861,rogue,assassination,39,20,19
Twoheaded,frostmourne,1854,rogue,assassination,132,69,63
Sio,bleeding-hollow,1852,rogue,assassination,127,64,63
Lemon,arygos,1851,rogue,assassination,47,20,27
Poonanixo,frostmourne,1846,rogue,assassination,78,38,40
Sanira,illidan,1841,rogue,assassination,75,35,40
Feinting,moon-guard,1839,rogue,assassination,76,35,41
Jon,the-venture-co,1838,rogue,assassination,54,27,27
Beaconlight,tichondrius,1838,rogue,assassination,83,33,50
Stealthdeath,quelthalas,1834,rogue,assassination,54,32,22
Jjp,tichondrius,1827,rogue,assassination,65,33,32
Hypnothot,tichondrius,1827,rogue,assassination,186,89,97
Bloodlessftw,azralon,1817,rogue,assassination,284,139,145
Wujn,tichondrius,1816,rogue,assassination,318,170,148
Tyrrantxo,agamaggan,1814,rogue,assassination,54,33,21
Olé,azralon,1814,rogue,assassination,178,91,87
Köfy,quelthalas,1810,rogue,assassination,99,47,52
Raj,blood-furnace,1810,rogue,assassination,66,29,37
Relän,ragnaros,1805,rogue,assassination,59,33,26
Lunatixz,emerald-dream,1805,rogue,assassination,65,36,29
Sairak,tichondrius,1804,rogue,assassination,101,49,52
Poonaniqt,gundrak,1794,rogue,assassination,59,30,29
Bellicoses,tichondrius,1793,rogue,assassination,366,193,173
Niarzz,tichondrius,1791,rogue,assassination,164,90,74
Peepoclown,illidan,1782,rogue,assassination,58,29,29
Doraz,tichondrius,1781,rogue,assassination,345,178,167
Poonqtxo,frostmourne,1778,rogue,assassination,36,23,13
Bigchimpin,frostmourne,1777,rogue,assassination,48,21,27
Thargal,tichondrius,1776,rogue,assassination,101,53,48
Vmoney,draenor,1763,rogue,assassination,87,47,40
Bukaboo,tichondrius,1760,rogue,assassination,72,51,21
Zandrin,tichondrius,1759,rogue,assassination,40,25,15
Stabem,moon-guard,1759,rogue,assassination,253,141,112
Øsi,icecrown,1755,rogue,assassination,53,24,29
Entrerí,illidan,1753,rogue,assassination,51,32,19
Kk,dalaran,1753,rogue,assassination,184,98,86
Jonuts,bleeding-hollow,1752,rogue,assassination,48,22,26
Esraxo,frostmourne,1745,rogue,assassination,68,38,30
Lycanthropî,illidan,1742,rogue,assassination,84,35,49
Viicky,ghostlands,1737,rogue,assassination,166,79,87
Ratlips,zuljin,1734,rogue,assassination,113,52,61
Omnìslash,area-52,1732,rogue,assassination,80,42,38
Ymxxlolz,tichondrius,1725,rogue,assassination,154,72,82
Elinarra,sargeras,1720,rogue,assassination,67,34,33
Impkasn,tichondrius,1718,rogue,assassination,180,82,98
Streetjesuz,barthilas,1712,rogue,assassination,52,26,26
Inaniss,tichondrius,1710,rogue,assassination,62,34,28
Movze,area-52,1710,rogue,assassination,54,27,27
Gùderman,tichondrius,1708,rogue,assassination,30,19,11
Slickyo,area-52,1705,rogue,assassination,42,23,19
Lucidstorm,tichondrius,1699,rogue,assassination,54,29,25
Xagreth,illidan,1692,rogue,assassination,58,32,26
Stabu,dalvengyr,1688,rogue,assassination,66,36,30
Stabasaurus,blood-furnace,1687,rogue,assassination,54,24,30
Bladä,area-52,1686,rogue,assassination,87,47,40
Spikiera,silvermoon,1686,rogue,assassination,143,77,66
Kiddmurphy,sargeras,1685,rogue,assassination,64,28,36
Saltoss,frostmourne,1681,rogue,assassination,49,22,27
Bellamor,tichondrius,1679,rogue,assassination,120,68,52
Johnnycryp,barthilas,1678,rogue,assassination,95,49,46
Nayle,dalaran,1676,rogue,assassination,116,60,56
Girio,thrall,1675,rogue,assassination,41,22,19
Vél,blackrock,1674,rogue,assassination,42,22,20
Wxva,tichondrius,1674,rogue,assassination,91,47,44
Katmira,tichondrius,1672,rogue,assassination,78,32,46
Josex,lightbringer,1661,rogue,assassination,54,23,31
Rîa,area-52,1658,rogue,assassination,54,24,30
Gyutaro,black-dragonflight,1657,rogue,assassination,390,198,192
Seroth,tichondrius,1656,rogue,assassination,36,23,13
Joeyzord,stormrage,1656,rogue,assassination,58,29,29
Lakeshark,tichondrius,1654,rogue,assassination,46,23,23
Ivanrah,zuljin,1648,rogue,assassination,45,20,25
Yanhuaa,illidan,1643,rogue,assassination,139,78,61
Devstrike,sargeras,1642,rogue,assassination,92,46,46
Riventrix,zuljin,1640,rogue,assassination,101,47,54
Pkkrevolt,archimonde,1636,rogue,assassination,123,60,63
Rapcher,illidan,1632,rogue,assassination,148,75,73
Zeth,frostmourne,1632,rogue,assassination,153,72,81
Sanozü,azralon,1631,rogue,assassination,59,23,36
Pochomän,ragnaros,1630,rogue,assassination,58,29,29
Saiine,drenden,1629,rogue,assassination,104,55,49
Garrotte,tichondrius,1629,rogue,assassination,388,192,196
Miamiganster,lothar,1629,rogue,assassination,180,87,93
Sheerlol,stormrage,1626,rogue,assassination,49,24,25
Amaretta,tichondrius,1624,rogue,assassination,144,71,73
Nightdelphya,azralon,1624,rogue,assassination,54,23,31
Sênorita,tichondrius,1619,rogue,assassination,42,17,25
Lemonlemon,arygos,1618,rogue,assassination,30,17,13
Assassìn,moon-guard,1618,rogue,assassination,48,27,21
Ultranumb,sargeras,1618,rogue,assassination,51,27,24
Nsns,drenden,1616,rogue,assassination,427,214,213
Shninzy,senjin,1614,rogue,assassination,124,64,60
Dairykeen,misha,1612,rogue,assassination,107,53,54
Whooxx,khazgoroth,1612,rogue,assassination,138,63,75
Vasherr,zuljin,1611,rogue,assassination,55,33,22
Wxvi,tichondrius,1609,rogue,assassination,101,55,46
Snazzyboots,sargeras,1609,rogue,assassination,85,37,48
Strîkér,tichondrius,1608,rogue,assassination,61,32,29
Foreverioi,tichondrius,1603,rogue,assassination,54,31,23
Kenyel,frostmourne,1600,rogue,assassination,176,85,91
Slapjak,dalaran,1600,rogue,assassination,74,33,41
Onetwostep,tichondrius,1600,rogue,assassination,45,20,25
Chêckmatê,darkspear,1589,rogue,assassination,54,25,29
Helecho,tichondrius,1584,rogue,assassination,54,21,33
Jaganz,stormrage,1582,rogue,assassination,78,36,42
Katovo,tichondrius,1581,rogue,assassination,95,50,45
Sìcarìus,tichondrius,1579,rogue,assassination,44,19,25
Zirkir,mannoroth,1578,rogue,assassination,84,44,40
Sparqxx,tichondrius,1577,rogue,assassination,233,117,116
Purplechil,garrosh,1571,rogue,assassination,248,121,127
Ybby,tichondrius,1571,rogue,assassination,116,53,63
Drtypzzaknfe,kelthuzad,1558,rogue,assassination,66,29,37
Shyzuku,drakkari,1553,rogue,assassination,60,24,36
Peaches,akama,1552,rogue,assassination,36,17,19
Jebubs,tichondrius,1550,rogue,assassination,67,31,36
Cut,ragnaros,1540,rogue,assassination,66,17,49
Løgîc,tichondrius,1535,rogue,assassination,54,33,21
Skoalr,thrall,1535,rogue,assassination,45,21,24
Htez,frostmourne,1534,rogue,assassination,106,53,53
Sapmepapi,illidan,1533,rogue,assassination,30,17,13
Quefist,sargeras,1533,rogue,assassination,104,48,56
Lyapunov,tichondrius,1532,rogue,assassination,66,30,36
Entropyphi,daggerspine,1532,rogue,assassination,48,19,29
Turec,illidan,1532,rogue,assassination,42,16,26
Kidneyshiv,stormrage,1531,rogue,assassination,36,20,16
Khrezin,stonemaul,1530,rogue,assassination,108,50,58
Shizunö,stormrage,1522,rogue,assassination,74,38,36
Ezrouge,frostmourne,1521,rogue,assassination,68,30,38
Kahlx,azralon,1520,rogue,assassination,280,145,135
Cálí,azralon,1520,rogue,assassination,102,44,58
Smkgpvp,stormrage,1516,rogue,assassination,35,17,18
Whoox,khazgoroth,1513,rogue,assassination,42,16,26
Tryedge,moon-guard,1512,rogue,assassination,36,19,17
Nhic,tichondrius,1510,rogue,assassination,93,40,53
Replayz,stormrage,1509,rogue,assassination,154,72,82
Rinhon,windrunner,1508,rogue,assassination,118,61,57
Cutercarver,proudmoore,1508,rogue,assassination,203,92,111
Tri,the-underbog,1506,rogue,assassination,66,29,37
Gøblìn,tichondrius,1502,rogue,assassination,103,48,55
Notjawn,arthas,1501,rogue,assassination,399,206,193
Ulley,sargeras,1499,rogue,assassination,62,30,32
Zeranos,kelthuzad,1498,rogue,assassination,24,18,6
Lcl,proudmoore,1494,rogue,assassination,317,163,154
Staabzz,thrall,1493,rogue,assassination,77,32,45
Joelpinkelit,illidan,1493,rogue,assassination,41,17,24
Yenrab,illidan,1492,rogue,assassination,90,33,57
Brendantko,arthas,1486,rogue,assassination,30,16,14
Leônhart,trollbane,1485,rogue,assassination,66,33,33
Osuba,proudmoore,1484,rogue,assassination,134,60,74
Sizka,sargeras,1483,rogue,assassination,102,48,54
Melodiouslol,tichondrius,1482,rogue,assassination,192,96,96
Skeezy,vashj,1480,rogue,assassination,141,62,79
Camlaw,area-52,1477,rogue,assassination,55,26,29
Isàputàp,tichondrius,1474,rogue,assassination,102,50,52
Paraisbae,tichondrius,1470,rogue,assassination,46,24,22
Valaq,tichondrius,1470,rogue,assassination,258,125,133
Ezmate,frostmourne,1465,rogue,assassination,154,72,82
Hookahrogue,area-52,1462,rogue,assassination,54,28,26
Sprigzey,frostmourne,1461,rogue,assassination,113,56,57
Pandrogue,shadowsong,1460,rogue,assassination,71,38,33
Himitu,tichondrius,1459,rogue,assassination,48,17,31
Blackmont,bleeding-hollow,1456,rogue,assassination,114,53,61
Dianiss,ragnaros,1452,rogue,assassination,30,17,13
Madge,area-52,1451,rogue,assassination,82,39,43
Vendëttä,quelthalas,1450,rogue,assassination,102,57,45
Evilsanta,sargeras,1449,rogue,assassination,58,27,31
Kiosh,tichondrius,1449,rogue,assassination,96,44,52
Lethun,zuljin,1449,rogue,assassination,38,17,21
Hickery,frostmourne,1443,rogue,assassination,125,55,70
Lancin,azjolnerub,1438,rogue,assassination,60,28,32
Ahjii,malganis,1438,rogue,assassination,42,15,27
Kzx,illidan,1436,rogue,assassination,41,22,19
Cleam,darkspear,1433,rogue,assassination,85,44,41
Pirrow,moon-guard,1429,rogue,assassination,52,28,24
Diewow,azralon,1427,rogue,assassination,39,19,20
Frëdlock,kelthuzad,1425,rogue,assassination,42,16,26
Ãnimefãnx,moon-guard,1424,rogue,assassination,169,83,86
Boonee,frostmourne,1422,rogue,assassination,89,44,45
Ballchinian,tichondrius,1420,rogue,assassination,30,16,14
Kidneyisntop,illidan,1417,rogue,assassination,65,33,32
Depressedx,illidan,1414,rogue,assassination,54,31,23
Poisønous,tichondrius,1414,rogue,assassination,45,20,25
Rapchery,illidan,1413,rogue,assassination,24,15,9
Theblindsap,dalaran,1408,rogue,assassination,69,37,32
Xilorio,skullcrusher,1407,rogue,assassination,66,30,36
Stillsol,stormrage,1406,rogue,assassination,60,35,25
Lyliym,frostmourne,1405,rogue,assassination,32,16,16
Slap,icecrown,1402,rogue,assassination,63,28,35
Zareys,malorne,1397,rogue,assassination,36,15,21
Playmaker,frostwolf,1396,rogue,assassination,156,82,74
Worlddark,quelthalas,1395,rogue,assassination,48,22,26
Nigthdead,nemesis,1392,rogue,assassination,78,40,38
Kossori,deathwing,1389,rogue,assassination,40,16,24
Xvds,tichondrius,1382,rogue,assassination,42,18,24
Itokuri,ysera,1379,rogue,assassination,42,19,23
Chakarr,stormrage,1374,rogue,assassination,32,22,10
Møfshanks,sargeras,1372,rogue,assassination,54,33,21
Nikolus,dreadmaul,1371,rogue,assassination,36,16,20
Creamypeach,stormrage,1371,rogue,assassination,87,38,49
Swingonya,stormrage,1371,rogue,assassination,42,15,27
Kindasorry,illidan,1367,rogue,assassination,185,92,93
Páïgèvêntürã,bleeding-hollow,1367,rogue,assassination,32,15,17
Poisonous,emerald-dream,1363,rogue,assassination,130,55,75
Shankeez,tichondrius,1357,rogue,assassination,90,40,50
Powerjuicer,tichondrius,1354,rogue,assassination,117,59,58
Hiddencosts,proudmoore,1345,rogue,assassination,127,65,62
Apocalipto,barthilas,1345,rogue,assassination,106,47,59
Jarcus,aggramar,1345,rogue,assassination,54,20,34
Liesll,thrall,1340,rogue,assassination,36,14,22
Wansuiye,tichondrius,1340,rogue,assassination,42,14,28
Røgüë,malganis,1338,rogue,assassination,30,14,16
Galaily,proudmoore,1337,rogue,assassination,150,72,78
Paradias,moonrunner,1335,rogue,assassination,30,17,13
Wongcha,darkspear,1331,rogue,assassination,36,14,22
Aah,doomhammer,1328,rogue,assassination,25,14,11
Sgnome,quelthalas,1323,rogue,assassination,36,16,20
Roguepvp,stormrage,1322,rogue,assassination,160,90,70
Ykvo,illidan,1322,rogue,assassination,30,14,16
Vindzl,azralon,1321,rogue,assassination,68,24,44
Lambs,blackhand,1320,rogue,assassination,53,21,32
Harlyquinn,barthilas,1318,rogue,assassination,148,75,73
Swexee,area-52,1318,rogue,assassination,129,60,69
Valråvn,bloodscalp,1314,rogue,assassination,91,42,49
Rêdrum,illidan,1313,rogue,assassination,108,39,69
Youwho,kiljaeden,1312,rogue,assassination,271,131,140
Passoafaca,azralon,1312,rogue,assassination,43,19,24
Sneakoh,illidan,1312,rogue,assassination,65,24,41
Senpaifuta,proudmoore,1310,rogue,assassination,36,22,14
Beedie,malganis,1310,rogue,assassination,195,99,96
Vimit,tichondrius,1310,rogue,assassination,66,29,37
Regios,shadowmoon,1304,rogue,assassination,131,62,69
Coquìn,proudmoore,1303,rogue,assassination,88,43,45
Înfêrnô,emerald-dream,1302,rogue,assassination,39,17,22
Enyr,frostmourne,1300,rogue,assassination,103,50,53
Sûshì,tichondrius,1298,rogue,assassination,39,16,23
Djpopsicle,chogall,1294,rogue,assassination,33,14,19
Vannisshh,shattered-halls,1292,rogue,assassination,208,100,108
Showclass,stormrage,1292,rogue,assassination,36,14,22
Urukzog,ragnaros,1289,rogue,assassination,72,36,36
Spectremg,azralon,1289,rogue,assassination,48,18,30
Monnarn,emerald-dream,1287,rogue,assassination,47,17,30
Average,burning-blade,1284,rogue,assassination,57,22,35
Gorgdrake,illidan,1283,rogue,assassination,78,39,39
Timat,emerald-dream,1282,rogue,assassination,48,22,26
Aynrand,drakkari,1281,rogue,assassination,36,16,20
Stepic,illidan,1276,rogue,assassination,155,78,77
Doomcore,barthilas,1272,rogue,assassination,72,36,36
Torshe,sargeras,1271,rogue,assassination,24,14,10
Necrotic,shadow-council,1266,rogue,assassination,52,26,26
Keylâ,thrall,1264,rogue,assassination,62,33,29
Seengivenchy,zuljin,1262,rogue,assassination,26,14,12
Deathshadow,dethecus,1262,rogue,assassination,49,24,25
Ninjadoo,tichondrius,1262,rogue,assassination,68,27,41
Cynalia,sargeras,1260,rogue,assassination,65,35,30
Thepitt,stormrage,1259,rogue,assassination,76,36,40
Stepper,aegwynn,1258,rogue,assassination,42,23,19
Eliasael,moon-guard,1258,rogue,assassination,39,18,21
Worm,demon-soul,1252,rogue,assassination,42,19,23
Vayllie,zuljin,1250,rogue,assassination,28,15,13
Blindfun,emerald-dream,1247,rogue,assassination,39,21,18
Laotrec,nemesis,1246,rogue,assassination,66,31,35
Stealthypoop,kelthuzad,1245,rogue,assassination,24,13,11
Pekolux,exodar,1245,rogue,assassination,36,17,19
Kriszov,moon-guard,1243,rogue,assassination,212,109,103
Gaige,muradin,1242,rogue,assassination,30,13,17
Roollz,nemesis,1240,rogue,assassination,33,14,19
Supqt,blackrock,1239,rogue,assassination,34,16,18
Exeg,tichondrius,1236,rogue,assassination,18,13,5
Keepitshadow,frostmourne,1236,rogue,assassination,124,61,63
Gucciboo,sargeras,1233,rogue,assassination,36,15,21
Drapezz,kelthuzad,1230,rogue,assassination,30,16,14
Uxaen,tichondrius,1230,rogue,assassination,62,32,30
Shadøw,the-forgotten-coast,1230,rogue,assassination,48,21,27
Raskapashan,moon-guard,1229,rogue,assassination,36,13,23
Mcskipa,sargeras,1228,rogue,assassination,18,13,5
Pst,spirestone,1227,rogue,assassination,24,14,10
Effikacy,uldum,1227,rogue,assassination,30,13,17
Dragoonz,nemesis,1226,rogue,assassination,53,23,30
Botches,bonechewer,1223,rogue,assassination,31,15,16
Revlul,darkspear,1222,rogue,assassination,42,14,28
Morgoophh,azralon,1221,rogue,assassination,330,171,159
Riggie,turalyon,1220,rogue,assassination,64,32,32
Arlom,daggerspine,1218,rogue,assassination,36,17,19
Chingado,kaelthas,1217,rogue,assassination,76,36,40
Shinobick,kelthuzad,1216,rogue,assassination,53,26,27
Irunaway,thrall,1214,rogue,assassination,83,32,51
Cjayy,bleeding-hollow,1209,rogue,assassination,56,24,32
Papadopolous,zuluhed,1203,rogue,assassination,50,21,29
Skoorbals,tichondrius,1201,rogue,assassination,128,65,63
Slashinsteev,dalaran,1198,rogue,assassination,24,13,11
Dismayx,tichondrius,1198,rogue,assassination,47,20,27
Dothras,stormrage,1193,rogue,assassination,99,51,48
Zxytox,hyjal,1191,rogue,assassination,33,17,16
Jeshka,wyrmrest-accord,1189,rogue,assassination,42,20,22
Lórdx,illidan,1189,rogue,assassination,62,28,34
Jagó,malganis,1187,rogue,assassination,42,19,23
Donamarillo,sargeras,1184,rogue,assassination,41,21,20
Alavennian,tichondrius,1183,rogue,assassination,30,14,16
Pál,quelthalas,1182,rogue,assassination,48,21,27
Betakong,quelthalas,1180,rogue,assassination,30,15,15
Thontz,sargeras,1179,rogue,assassination,42,26,16
Macabre,the-forgotten-coast,1173,rogue,assassination,54,25,29
Engels,quelthalas,1171,rogue,assassination,102,45,57
Roostuh,illidan,1166,rogue,assassination,48,21,27
Greenlemons,lightnings-blade,1164,rogue,assassination,113,55,58
Mìtsuru,proudmoore,1163,rogue,assassination,54,29,25
Vastørogue,azralon,1161,rogue,assassination,246,130,116
Sòó,illidan,1159,rogue,assassination,23,14,9
Grasiel,tichondrius,1159,rogue,assassination,98,41,57
Fluffkills,tichondrius,1158,rogue,assassination,42,19,23
Vandalyze,sargeras,1153,rogue,assassination,29,13,16
Apssal,tichondrius,1152,rogue,assassination,30,12,18
Cmòón,tichondrius,1152,rogue,assassination,30,12,18
Lycanthropì,illidan,1151,rogue,assassination,18,12,6
Lesentixd,stormrage,1149,rogue,assassination,30,12,18
Odetodindel,nerzhul,1146,rogue,assassination,60,32,28
Sergioz,quelthalas,1143,rogue,assassination,74,33,41
Nikhlaus,ragnaros,1139,rogue,assassination,36,18,18
Karnnage,cenarion-circle,1139,rogue,assassination,24,12,12
Ixìa,vashj,1135,rogue,assassination,30,12,18
Andreals,ragnaros,1134,rogue,assassination,72,33,39
Darkdessoft,ragnaros,1133,rogue,assassination,30,12,18
Ràinê,dalaran,1128,rogue,assassination,24,13,11
Spooky,bleeding-hollow,1128,rogue,assassination,112,50,62
Lakki,chromaggus,1127,rogue,assassination,30,12,18
Chriseanrock,illidan,1124,rogue,assassination,29,12,17
Slycndice,tortheldrin,1121,rogue,assassination,102,56,46
Indivisible,thunderlord,1115,rogue,assassination,102,51,51
Venefix,windrunner,1113,rogue,assassination,70,35,35
Rodanheim,burning-blade,1110,rogue,assassination,126,60,66
Sinnister,queldorei,1110,rogue,assassination,65,24,41
Copler,tichondrius,1110,rogue,assassination,48,17,31
Edvardd,moon-guard,1105,rogue,assassination,155,82,73
Altarys,ragnaros,1103,rogue,assassination,27,15,12
Respia,proudmoore,1103,rogue,assassination,40,16,24
Roguecity,tichondrius,1101,rogue,assassination,379,179,200
Ambushr,tichondrius,1101,rogue,assassination,78,35,43
Dysxliec,dalaran,1101,rogue,assassination,35,12,23
Pusufox,tichondrius,1099,rogue,assassination,24,12,12
Sinistro,bleeding-hollow,1088,rogue,assassination,36,18,18
Fakie,quelthalas,1087,rogue,assassination,97,48,49
Zaiyn,twisting-nether,1085,rogue,assassination,68,29,39
Ziggee,sargeras,1082,rogue,assassination,68,35,33
Eldan,moon-guard,1082,rogue,assassination,96,38,58
Smoketoad,tichondrius,1081,rogue,assassination,30,15,15
Cox,bleeding-hollow,1079,rogue,assassination,20,14,6
Roguebasic,frostmourne,1078,rogue,assassination,42,16,26
Banrouge,tichondrius,1073,rogue,assassination,33,16,17
Thoxic,barthilas,1067,rogue,assassination,32,15,17
Cashbigknife,area-52,1061,rogue,assassination,70,28,42
Sneakynight,bleeding-hollow,1058,rogue,assassination,111,49,62
Aiden,burning-legion,1056,rogue,assassination,18,11,7
Cruelworld,stormrage,1056,rogue,assassination,132,65,67
Frez,amanthul,1056,rogue,assassination,36,11,25
Vaporwavey,frostmourne,1055,rogue,assassination,18,11,7
Grafting,tichondrius,1055,rogue,assassination,24,11,13
Djfortníte,tichondrius,1055,rogue,assassination,24,11,13
Ka,blackhand,1054,rogue,assassination,26,11,15
Macsap,frostmourne,1053,rogue,assassination,24,11,13
Zipperx,tichondrius,1053,rogue,assassination,30,11,19
Stuns,azshara,1052,rogue,assassination,18,11,7
Shigoo,sargeras,1051,rogue,assassination,24,11,13
Kazzo,tichondrius,1050,rogue,assassination,18,11,7
Adrianstab,dalaran,1049,rogue,assassination,77,39,38
Tortador,quelthalas,1048,rogue,assassination,74,35,39
Velsad,sargeras,1045,rogue,assassination,65,27,38
Looprevil,andorhal,1043,rogue,assassination,24,14,10
Lilgoosie,korgath,1043,rogue,assassination,138,64,74
Freqax,quelthalas,1041,rogue,assassination,27,12,15
Pokiri,wyrmrest-accord,1039,rogue,assassination,126,60,66
Dochap,blackrock,1036,rogue,assassination,106,48,58
Gerpstab,darrowmere,1032,rogue,assassination,42,13,29
Caydeseis,stormrage,1031,rogue,assassination,18,11,7
Ñovä,tichondrius,1030,rogue,assassination,30,16,14
Cripstaet,spinebreaker,1029,rogue,assassination,25,12,13
Brobrando,tichondrius,1026,rogue,assassination,24,11,13
Oddblade,stormrage,1025,rogue,assassination,36,11,25
Lethalist,whisperwind,1024,rogue,assassination,30,15,15
Swiftbones,burning-blade,1023,rogue,assassination,80,41,39
Wìndrunner,dalaran,1022,rogue,assassination,150,79,71
Picaroxp,drakkari,1020,rogue,assassination,18,11,7
Skigskag,shadowsong,1017,rogue,assassination,157,76,81
Hellgaa,zuljin,1014,rogue,assassination,36,12,24
Kiorz,tichondrius,1009,rogue,assassination,18,11,7
Artymesia,medivh,1008,rogue,assassination,48,25,23
Veridank,emerald-dream,1004,rogue,assassination,30,16,14
Soupspoon,terenas,1003,rogue,assassination,39,16,23
Elithr,nemesis,1002,rogue,assassination,24,11,13
Escape,elune,1001,rogue,assassination,30,14,16
Trebyoyoyo,haomarush,1001,rogue,assassination,84,30,54
Vladtsepesh,stormrage,996,rogue,assassination,42,13,29
Xhau,moon-guard,993,rogue,assassination,164,78,86
Chizza,frostmourne,988,rogue,assassination,30,18,12
Aurrora,kiljaeden,987,rogue,assassination,29,11,18
Daggerback,bleeding-hollow,980,rogue,assassination,94,49,45
Karing,onyxia,977,rogue,assassination,22,11,11
Pegglerogue,fizzcrank,977,rogue,assassination,84,37,47
Lïlï,llane,975,rogue,assassination,41,14,27
Sapanddied,gallywix,972,rogue,assassination,30,20,10
Slizard,boulderfist,971,rogue,assassination,19,11,8
Sheinnér,ragnaros,970,rogue,assassination,55,23,32
Squeakyboots,icecrown,970,rogue,assassination,30,12,18
Zoupa,sargeras,968,rogue,assassination,79,42,37
Gygáx,terenas,968,rogue,assassination,102,52,50
Teach,illidan,965,rogue,assassination,168,76,92
Peeryl,daggerspine,961,rogue,assassination,139,77,62
Gogothirteen,kiljaeden,960,rogue,assassination,32,15,17
Procz,kirin-tor,960,rogue,assassination,24,10,14
Dizzymoods,stormrage,960,rogue,assassination,24,10,14
Kents,tichondrius,960,rogue,assassination,24,10,14
Synixi,moon-guard,960,rogue,assassination,24,10,14
Mosedz,tichondrius,959,rogue,assassination,18,10,8
Downsix,sargeras,959,rogue,assassination,24,10,14
Jxxs,zuljin,959,rogue,assassination,24,10,14
Nightthug,tichondrius,959,rogue,assassination,26,10,16
Spaca,kelthuzad,959,rogue,assassination,30,10,20
Bobsaget,kiljaeden,958,rogue,assassination,21,11,10
Annastasiya,moon-guard,958,rogue,assassination,42,19,23
Dezly,tichondrius,958,rogue,assassination,24,10,14
Lsdlover,tichondrius,958,rogue,assassination,24,10,14
Fluké,tichondrius,957,rogue,assassination,18,10,8
Cerut,illidan,957,rogue,assassination,18,10,8
Gersonq,moon-guard,957,rogue,assassination,43,19,24
Combo,norgannon,956,rogue,assassination,24,10,14
Vhiper,azralon,956,rogue,assassination,30,10,20
Dylan,frostmourne,955,rogue,assassination,24,10,14
Moardner,dalaran,954,rogue,assassination,117,50,67
Cosmicò,trollbane,954,rogue,assassination,24,10,14
Miloandotis,malganis,954,rogue,assassination,24,10,14
Snuzzy,darkspear,954,rogue,assassination,36,10,26
Dockside,stormrage,953,rogue,assassination,18,10,8
Sangreale,nemesis,953,rogue,assassination,18,10,8
Osiriko,thunderlord,953,rogue,assassination,168,84,84
Mcstabbface,tichondrius,951,rogue,assassination,18,10,8
Gengels,quelthalas,950,rogue,assassination,18,10,8
Problemchild,rexxar,949,rogue,assassination,24,10,14
Wolfsire,queldorei,949,rogue,assassination,24,10,14
Gábagool,kiljaeden,949,rogue,assassination,36,10,26
Háttori,quelthalas,948,rogue,assassination,21,11,10
Vozzy,proudmoore,947,rogue,assassination,30,17,13
Roguetwo,the-venture-co,947,rogue,assassination,36,18,18
Heimlichkeit,tichondrius,947,rogue,assassination,24,10,14
Knav,destromath,946,rogue,assassination,36,10,26
Xalsathoth,sargeras,946,rogue,assassination,36,10,26
Omëgis,archimonde,945,rogue,assassination,30,10,20
Feote,ragnaros,943,rogue,assassination,40,22,18
Hattrìck,area-52,943,rogue,assassination,30,10,20
Kuntyou,barthilas,941,rogue,assassination,36,10,26
Loligotyou,stormrage,936,rogue,assassination,70,22,48
Shhquiettime,norgannon,935,rogue,assassination,30,10,20
Beemôvie,stormrage,932,rogue,assassination,46,14,32
Atomicgoat,tichondrius,928,rogue,assassination,33,12,21
Shumira,tichondrius,925,rogue,assassination,23,10,13
Kurinaxx,azralon,918,rogue,assassination,36,12,24
Dogedealer,ragnaros,914,rogue,assassination,73,43,30
Vanishman,ragnaros,914,rogue,assassination,18,10,8
Euweu,azralon,914,rogue,assassination,24,10,14
Snub,aerie-peak,912,rogue,assassination,40,13,27
Minnicent,amanthul,910,rogue,assassination,34,16,18
Headless,dragonmaw,909,rogue,assassination,88,43,45
Wetwille,area-52,908,rogue,assassination,113,50,63
Diamondiâ,moon-guard,908,rogue,assassination,90,31,59
Pantypeelz,frostmourne,907,rogue,assassination,29,10,19
Cryptixx,blades-edge,904,rogue,assassination,47,19,28
Requiescat,bleeding-hollow,902,rogue,assassination,27,10,17
Ereye,burning-blade,902,rogue,assassination,30,10,20
Kellthzard,goldrinn,901,rogue,assassination,42,10,32
Wolgan,nemesis,898,rogue,assassination,95,44,51
Thenelis,dalaran,897,rogue,assassination,43,10,33
Redspoison,dalaran,894,rogue,assassination,22,10,12
Arcess,ragnaros,893,rogue,assassination,22,10,12
Kuhm,darkspear,893,rogue,assassination,23,10,13
Hellsrogue,nathrezim,886,rogue,assassination,38,18,20
Luckycrit,frostwolf,880,rogue,assassination,66,32,34
Revozy,azralon,880,rogue,assassination,54,23,31
Turyx,azralon,878,rogue,assassination,124,46,78
Yslkyle,skullcrusher,876,rogue,assassination,17,10,7
Emrogue,ragnaros,876,rogue,assassination,30,15,15
Criptoniø,azralon,873,rogue,assassination,63,30,33
Orcwarhammer,tichondrius,873,rogue,assassination,58,27,31
Dardeath,bleeding-hollow,869,rogue,assassination,23,10,13
Dabrat,frostwolf,867,rogue,assassination,101,45,56
Lefthook,kelthuzad,867,rogue,assassination,79,29,50
Betrue,tichondrius,864,rogue,assassination,12,9,3
Unlucký,sargeras,864,rogue,assassination,12,9,3
Endworldlife,stormrage,864,rogue,assassination,12,9,3
Carcass,moon-guard,863,rogue,assassination,18,9,9
Antons,hellscream,863,rogue,assassination,24,9,15
Hyggemeister,nerzhul,862,rogue,assassination,18,9,9
Shímira,azralon,862,rogue,assassination,18,9,9
Csguixuan,aerie-peak,862,rogue,assassination,24,9,15
Eski,kul-tiras,859,rogue,assassination,24,9,15
Nikosneako,tichondrius,859,rogue,assassination,36,9,27
Palastab,thrall,858,rogue,assassination,18,9,9
Ballflicker,malganis,857,rogue,assassination,30,9,21
Wreatus,moon-guard,853,rogue,assassination,108,44,64
Hachirama,nemesis,852,rogue,assassination,24,9,15
Snoopdrogado,sargeras,850,rogue,assassination,106,49,57
Banditolf,madoran,848,rogue,assassination,36,9,27
Alkal,stormreaver,846,rogue,assassination,32,14,18
Roadog,azralon,846,rogue,assassination,59,24,35
Leyff,stormrage,843,rogue,assassination,54,19,35
Sneakyfoot,gorgonnash,839,rogue,assassination,132,53,79
Julius,malganis,830,rogue,assassination,20,10,10
Lanottee,sargeras,829,rogue,assassination,17,10,7
Ripsaw,muradin,829,rogue,assassination,18,9,9
Píxíedúst,black-dragonflight,812,rogue,assassination,34,10,24
Chersy,tichondrius,810,rogue,assassination,32,10,22
Nikjawar,illidan,809,rogue,assassination,24,11,13
Zamorant,emerald-dream,806,rogue,assassination,53,11,42
Zapersapp,malygos,803,rogue,assassination,28,10,18
Armonica,wyrmrest-accord,795,rogue,assassination,28,9,19
Luuper,azralon,787,rogue,assassination,56,11,45
Savagedeeps,stormreaver,786,rogue,assassination,24,10,14
Kágé,ragnaros,782,rogue,assassination,19,9,10
Ôñéèýèdkíñg,stormrage,768,rogue,assassination,12,8,4
Toxos,tichondrius,768,rogue,assassination,12,8,4
Keytonx,tichondrius,768,rogue,assassination,12,8,4
Chickfilaye,auchindoun,768,rogue,assassination,18,8,10
Streetjudas,barthilas,768,rogue,assassination,18,8,10
Lululee,tichondrius,768,rogue,assassination,18,8,10
Drakariano,ragnaros,768,rogue,assassination,18,8,10
Clairered,tichondrius,768,rogue,assassination,18,8,10
Snakegødx,sargeras,768,rogue,assassination,21,9,12
Kdrx,thrall,768,rogue,assassination,24,8,16
Atulano,wyrmrest-accord,768,rogue,assassination,24,8,16
Xm,sargeras,768,rogue,assassination,30,8,22
Warmode,zuluhed,767,rogue,assassination,12,8,4
Pike,barthilas,767,rogue,assassination,12,8,4
Grima,azralon,767,rogue,assassination,12,8,4
Gøblìn,stormrage,767,rogue,assassination,15,9,6
Gomma,stormrage,767,rogue,assassination,18,8,10
Sagatha,bleeding-hollow,767,rogue,assassination,18,8,10
Zetéra,ragnaros,767,rogue,assassination,18,8,10
Shiddlesz,area-52,767,rogue,assassination,18,8,10
Gankbanger,arthas,767,rogue,assassination,18,8,10
Gilbertgr,boulderfist,767,rogue,assassination,18,8,10
Xshadowt,ragnaros,767,rogue,assassination,24,8,16
Sindor,azralon,767,rogue,assassination,32,8,24
Mylovejunex,tichondrius,766,rogue,assassination,12,8,4
ßackshots,kelthuzad,766,rogue,assassination,18,8,10
Moreover,tichondrius,766,rogue,assassination,18,8,10
Ssigma,tichondrius,765,rogue,assassination,24,8,16
Manersi,akama,764,rogue,assassination,24,8,16
Ðisappéar,ragnaros,764,rogue,assassination,33,9,24
Mashad,moon-guard,763,rogue,assassination,18,8,10
Skîttlês,kul-tiras,762,rogue,assassination,18,8,10
Zropi,quelthalas,762,rogue,assassination,24,8,16
Pikacuulo,ragnaros,760,rogue,assassination,31,9,22
Maison,ragnaros,758,rogue,assassination,18,8,10
Villainrogue,stormrage,757,rogue,assassination,18,8,10
Núm,tichondrius,756,rogue,assassination,32,12,20
Jaggeddagger,darrowmere,756,rogue,assassination,30,8,22
Snoor,nemesis,753,rogue,assassination,21,9,12
Killua,dalaran,752,rogue,assassination,18,8,10
Abuse,gundrak,750,rogue,assassination,18,8,10
Anyiele,stormrage,747,rogue,assassination,18,8,10
Adysius,malganis,744,rogue,assassination,18,8,10
Smum,tichondrius,735,rogue,assassination,17,8,9
Tiptoez,bleeding-hollow,728,rogue,assassination,24,10,14
Khaalli,wyrmrest-accord,718,rogue,assassination,17,8,9
Slithroat,stormrage,706,rogue,assassination,29,8,21
Ghoulzer,tichondrius,704,rogue,assassination,10,8,2
Superharry,tichondrius,702,rogue,assassination,22,8,14
Ishtabbedyou,velen,701,rogue,assassination,32,8,24
Slickdude,stormrage,681,rogue,assassination,78,18,60
Lxw,frostmourne,672,rogue,assassination,12,7,5
Dibef,ragnaros,672,rogue,assassination,12,7,5
Sotypical,area-52,672,rogue,assassination,12,7,5
Norangzzang,tichondrius,672,rogue,assassination,12,7,5
Toxicplyer,malganis,672,rogue,assassination,12,7,5
Matic,skullcrusher,672,rogue,assassination,12,7,5
Youbleedred,frostmourne,672,rogue,assassination,12,7,5
Skitsöu,tichondrius,672,rogue,assassination,12,7,5
Dzd,stormrage,672,rogue,assassination,12,7,5
Zunwick,tichondrius,672,rogue,assassination,12,7,5
Pwnsauce,frostmourne,672,rogue,assassination,13,7,6
Mydearest,tichondrius,672,rogue,assassination,18,7,11
Elwynë,tichondrius,672,rogue,assassination,18,7,11
Gridisx,wyrmrest-accord,672,rogue,assassination,18,7,11
Zaszune,stormrage,672,rogue,assassination,18,7,11
Nogodplsno,stormrage,672,rogue,assassination,18,7,11
Alithileria,moon-guard,671,rogue,assassination,12,7,5
Toxis,ragnaros,671,rogue,assassination,12,7,5
Alizashea,stormrage,671,rogue,assassination,12,7,5
Deepman,gorefiend,671,rogue,assassination,12,7,5
Jackbuster,area-52,671,rogue,assassination,12,7,5
Bootiebandit,tichondrius,671,rogue,assassination,12,7,5
Ezzdeath,tichondrius,671,rogue,assassination,18,7,11
Johnthefum,malganis,671,rogue,assassination,18,7,11
Mhortai,stormrage,671,rogue,assassination,18,7,11
Takeiapika,azralon,671,rogue,assassination,18,7,11
Mõtaru,stormrage,671,rogue,assassination,24,7,17
Tìnkerton,wyrmrest-accord,671,rogue,assassination,24,7,17
Mayyhem,caelestrasz,671,rogue,assassination,24,7,17
Schleazy,emerald-dream,670,rogue,assassination,12,7,5
Habock,ragnaros,670,rogue,assassination,17,7,10
Carnagê,zuljin,670,rogue,assassination,17,7,10
Sap,garrosh,670,rogue,assassination,18,7,11
Xhampu,ragnaros,670,rogue,assassination,18,7,11
Minimumwage,bleeding-hollow,670,rogue,assassination,18,7,11
Robinsony,tichondrius,670,rogue,assassination,18,7,11
Dayumbb,bleeding-hollow,670,rogue,assassination,18,7,11
Hoochzors,deathwing,670,rogue,assassination,24,7,17
Anyiel,stormrage,670,rogue,assassination,24,7,17
Çrëeper,illidan,670,rogue,assassination,24,7,17
Infiernitô,drakkari,667,rogue,assassination,12,7,5
Eversincee,illidan,667,rogue,assassination,12,7,5
Jakkov,blackrock,666,rogue,assassination,18,7,11
Lyndra,thunderlord,665,rogue,assassination,18,7,11
Crowroyal,emerald-dream,665,rogue,assassination,24,7,17
Bityellow,tichondrius,663,rogue,assassination,12,7,5
Slootslayer,azshara,662,rogue,assassination,18,7,11
Muffens,alterac-mountains,662,rogue,assassination,18,7,11
Duonati,stormreaver,661,rogue,assassination,72,23,49
Tralisong,azshara,660,rogue,assassination,18,7,11
Elkae,area-52,655,rogue,assassination,21,8,13
Killdead,warsong,646,rogue,assassination,18,7,11
Fatass,tichondrius,639,rogue,assassination,29,7,22
Atrreyu,lightninghoof,634,rogue,assassination,17,7,10
Runakó,kelthuzad,623,rogue,assassination,11,7,4
Onulyo,tichondrius,618,rogue,assassination,16,8,8
Twinkasz,nemesis,615,rogue,assassination,22,8,14
Stabmom,dalaran,607,rogue,assassination,17,7,10
Geratyere,trollbane,590,rogue,assassination,19,7,12
Mochachaya,tichondrius,576,rogue,assassination,12,6,6
Chipetan,hyjal,576,rogue,assassination,12,6,6
Nicknasty,kelthuzad,576,rogue,assassination,12,6,6
Lgy,chogall,576,rogue,assassination,12,6,6
Bags,blackrock,576,rogue,assassination,12,6,6
Yggskuggi,moon-guard,576,rogue,assassination,12,6,6
Kayriss,antonidas,576,rogue,assassination,12,6,6
Coregx,tichondrius,576,rogue,assassination,12,6,6
Jaywas,tichondrius,576,rogue,assassination,12,6,6
Luriél,stormrage,576,rogue,assassination,12,6,6
Benielfman,illidan,576,rogue,assassination,18,6,12
Thâïßòÿgøóñ,jubeithos,576,rogue,assassination,18,6,12
Ahji,malganis,576,rogue,assassination,18,6,12
Karlemagne,blackrock,576,rogue,assassination,18,6,12
Slipperydog,jubeithos,576,rogue,assassination,18,6,12
Bloodygoat,area-52,576,rogue,assassination,18,6,12
Aikoh,sargeras,576,rogue,assassination,24,6,18
Ccainy,stormrage,576,rogue,assassination,24,6,18
Daggerthorne,sargeras,576,rogue,assassination,24,6,18
Çõvìd,malganis,576,rogue,assassination,30,6,24
Virez,kelthuzad,576,rogue,assassination,30,6,24
Blaçkout,thrall,575,rogue,assassination,12,6,6
Ethaniel,bronzebeard,575,rogue,assassination,15,6,9
Slain,dark-iron,575,rogue,assassination,15,6,9
Pvnda,ragnaros,575,rogue,assassination,18,6,12
Goutetsu,area-52,575,rogue,assassination,24,6,18
Drcritalot,spinebreaker,574,rogue,assassination,12,6,6
Lacros,malganis,574,rogue,assassination,18,6,12
Mcvillain,kelthuzad,573,rogue,assassination,12,6,6
Härÿn,nemesis,573,rogue,assassination,12,6,6
Vegettaa,azralon,573,rogue,assassination,18,6,12
Killerdeadd,azralon,572,rogue,assassination,18,6,12
Guazona,stormrage,572,rogue,assassination,18,6,12
Ereshkigall,ragnaros,572,rogue,assassination,24,6,18
Akalio,laughing-skull,571,rogue,assassination,18,6,12
Addvilpm,wyrmrest-accord,570,rogue,assassination,12,6,6
Vitalz,bloodscalp,568,rogue,assassination,18,6,12
Nektulos,illidan,566,rogue,assassination,13,6,7
Hellwolf,azgalor,565,rogue,assassination,13,6,7
Bekaa,nemesis,565,rogue,assassination,18,6,12
Drpepzi,tichondrius,565,rogue,assassination,24,6,18
Stabsizzle,tichondrius,558,rogue,assassination,23,6,17
Lvx,frostmourne,528,rogue,assassination,9,6,3
Genève,dreadmaul,526,rogue,assassination,11,6,5
Offlinepk,area-52,511,rogue,assassination,12,7,5
Cassini,gorefiend,488,rogue,assassination,21,8,13
Steal,illidan,480,rogue,assassination,6,5,1
Purcius,moon-guard,480,rogue,assassination,6,5,1
Kostrìck,azralon,480,rogue,assassination,6,5,1
Bloore,fizzcrank,480,rogue,assassination,12,5,7
Sonymf,frostmourne,480,rogue,assassination,12,5,7
Vlayd,ragnaros,480,rogue,assassination,12,5,7
Luan,tichondrius,480,rogue,assassination,12,5,7
Surprises,azralon,480,rogue,assassination,12,5,7
Letmesap,lothar,480,rogue,assassination,12,5,7
Thugrz,illidan,480,rogue,assassination,12,5,7
Mercenàrioh,azralon,480,rogue,assassination,12,5,7
Gutshøt,tichondrius,480,rogue,assassination,12,5,7
Cintan,barthilas,480,rogue,assassination,12,5,7
Venomsnáke,tichondrius,480,rogue,assassination,12,5,7
Jezus,ghostlands,480,rogue,assassination,12,5,7
Catbreath,moonrunner,480,rogue,assassination,12,5,7
Bleedzbuttah,proudmoore,480,rogue,assassination,12,5,7
Toxan,emerald-dream,480,rogue,assassination,12,5,7
Váléntíná,tichondrius,480,rogue,assassination,12,5,7
Fuzzyslow,stormrage,480,rogue,assassination,12,5,7
Dengbang,nerzhul,480,rogue,assassination,12,5,7
Breakxcvii,bleeding-hollow,480,rogue,assassination,12,5,7
Tberg,emerald-dream,480,rogue,assassination,12,5,7
Roguespawn,dark-iron,480,rogue,assassination,12,5,7
Maciota,area-52,480,rogue,assassination,12,5,7
Ppdx,malganis,480,rogue,assassination,12,5,7
Tianlan,tichondrius,480,rogue,assassination,12,5,7
Steffmaister,tichondrius,480,rogue,assassination,12,5,7
Verasûs,nemesis,480,rogue,assassination,12,5,7
Anop,bloodscalp,480,rogue,assassination,12,5,7
Outsap,tichondrius,480,rogue,assassination,12,5,7
Akayod,tichondrius,480,rogue,assassination,12,5,7
Dtelkham,tichondrius,480,rogue,assassination,16,6,10
Limitbreakkz,tichondrius,480,rogue,assassination,18,5,13
Yellowdawt,stormrage,480,rogue,assassination,18,5,13
Holenex,nemesis,480,rogue,assassination,18,5,13
Hoodieszn,kargath,480,rogue,assassination,18,5,13
Bigtengu,tichondrius,480,rogue,assassination,18,5,13
Umbraxassin,illidan,480,rogue,assassination,19,5,14
Líquíd,tichondrius,480,rogue,assassination,24,5,19
Paradise,smolderthorn,479,rogue,assassination,6,5,1
Beartøøth,stormrage,479,rogue,assassination,6,5,1
Slayersama,ragnaros,479,rogue,assassination,12,5,7
Bigcolumn,tichondrius,479,rogue,assassination,12,5,7
Meilh,emerald-dream,479,rogue,assassination,12,5,7
Ihitwithfish,tichondrius,479,rogue,assassination,12,5,7
Scarrog,wyrmrest-accord,479,rogue,assassination,12,5,7
Poofhottie,lightbringer,479,rogue,assassination,12,5,7
Jásminë,darrowmere,479,rogue,assassination,12,5,7
Dessenia,illidan,479,rogue,assassination,12,5,7
Prinseraegar,tichondrius,479,rogue,assassination,12,5,7
Kimomo,tichondrius,479,rogue,assassination,12,5,7
Cron,arygos,479,rogue,assassination,12,5,7
Vore,elune,479,rogue,assassination,12,5,7
Teeice,bladefist,479,rogue,assassination,12,5,7
Bonzaipopo,stormrage,479,rogue,assassination,18,5,13
Rinestiria,arthas,479,rogue,assassination,18,5,13
Bungou,tichondrius,479,rogue,assassination,18,5,13
Inunofun,stormrage,479,rogue,assassination,18,5,13
Bonizzi,stormrage,478,rogue,assassination,12,5,7
Nystee,sargeras,478,rogue,assassination,12,5,7
Haeqn,nemesis,478,rogue,assassination,12,5,7
Psao,thunderlord,478,rogue,assassination,18,5,13
Stunedya,destromath,477,rogue,assassination,12,5,7
Gurreth,zuljin,473,rogue,assassination,12,5,7
Fllokii,arygos,472,rogue,assassination,18,5,13
Zervá,dalaran,463,rogue,assassination,11,5,6
Putres,area-52,463,rogue,assassination,23,5,18
Gnaark,bleeding-hollow,447,rogue,assassination,11,5,6
Shizz,tichondrius,447,rogue,assassination,14,6,8
Drøverînsane,thrall,431,rogue,assassination,11,5,6
Elixera,sargeras,425,rogue,assassination,16,6,10
Borre,kiljaeden,394,rogue,assassination,19,5,14
Crøøkedman,tichondrius,384,rogue,assassination,6,4,2
Endworldlife,tichondrius,384,rogue,assassination,6,4,2
Kevincrusher,zuljin,384,rogue,assassination,6,4,2
Tmpikaboo,tichondrius,384,rogue,assassination,6,4,2
Chokonet,gurubashi,384,rogue,assassination,6,4,2
Jðkêr,area-52,384,rogue,assassination,6,4,2
Silentzero,quelthalas,384,rogue,assassination,6,4,2
Taessin,kelthuzad,384,rogue,assassination,6,4,2
Yurkarogue,tichondrius,384,rogue,assassination,6,4,2
Vinrhayle,sargeras,384,rogue,assassination,6,4,2
Colom,moon-guard,384,rogue,assassination,6,4,2
Blackløl,tichondrius,384,rogue,assassination,6,4,2
Buckbreaker,stormrage,384,rogue,assassination,6,4,2
Hollowtipzz,tichondrius,384,rogue,assassination,6,4,2
Trîlz,stormrage,384,rogue,assassination,6,4,2
Shaisty,malganis,384,rogue,assassination,6,4,2
Fofree,hyjal,384,rogue,assassination,6,4,2
Xaw,mannoroth,384,rogue,assassination,8,4,4
Ikerz,tichondrius,384,rogue,assassination,9,4,5
Frostheartyy,azralon,384,rogue,assassination,15,5,10
Edaeda,tichondrius,384,rogue,assassination,12,4,8
Kerasphorus,the-underbog,384,rogue,assassination,12,4,8
Psilocin,sargeras,384,rogue,assassination,12,4,8
Deathxx,destromath,384,rogue,assassination,12,4,8
Celèphaïs,tichondrius,384,rogue,assassination,12,4,8
Cryoph,illidan,384,rogue,assassination,12,4,8
Kargargar,thrall,384,rogue,assassination,12,4,8
Rhazorblades,bleeding-hollow,384,rogue,assassination,12,4,8
Aygon,laughing-skull,384,rogue,assassination,12,4,8
Mirâge,illidan,384,rogue,assassination,12,4,8
Ninjamf,bleeding-hollow,384,rogue,assassination,12,4,8
Deepsyo,frostmourne,384,rogue,assassination,12,4,8
Cv,proudmoore,384,rogue,assassination,12,4,8
Ròry,dark-iron,384,rogue,assassination,12,4,8
Ghost,lightninghoof,384,rogue,assassination,12,4,8
Señorcheddar,thrall,384,rogue,assassination,12,4,8
Sillikitti,tichondrius,384,rogue,assassination,12,4,8
Wowslayer,bleeding-hollow,384,rogue,assassination,12,4,8
Muwop,barthilas,384,rogue,assassination,12,4,8
Bu,zuljin,384,rogue,assassination,12,4,8
Krusty,veknilash,384,rogue,assassination,12,4,8
Bungkhole,kiljaeden,384,rogue,assassination,12,4,8
Stabbyboy,malganis,384,rogue,assassination,12,4,8
Mügi,ragnaros,384,rogue,assassination,12,4,8
Kehkoa,thrall,384,rogue,assassination,12,4,8
Hirian,misha,384,rogue,assassination,12,4,8
Sellers,tichondrius,384,rogue,assassination,12,4,8
Jexy,barthilas,384,rogue,assassination,12,4,8
Akhila,stormrage,384,rogue,assassination,12,4,8
Noctûrne,proudmoore,384,rogue,assassination,12,4,8
Mansa,zangarmarsh,384,rogue,assassination,12,4,8
Escurecer,azralon,384,rogue,assassination,18,4,14
Denoms,area-52,384,rogue,assassination,18,4,14
Ggassasin,tichondrius,384,rogue,assassination,18,4,14
Troclar,quelthalas,384,rogue,assassination,18,4,14
Gladlol,stormrage,384,rogue,assassination,18,4,14
Skinnymayne,laughing-skull,384,rogue,assassination,18,4,14
Azrek,sargeras,384,rogue,assassination,18,4,14
Sîde,azralon,384,rogue,assassination,18,4,14
Brudashmurda,tichondrius,384,rogue,assassination,18,4,14
Wikkihx,emerald-dream,384,rogue,assassination,24,4,20
Zulatan,tichondrius,384,rogue,assassination,24,4,20
Lolbye,gurubashi,383,rogue,assassination,6,4,2
Shizz,malorne,383,rogue,assassination,6,4,2
Ajaxjones,illidan,383,rogue,assassination,6,4,2
Khorlan,illidan,383,rogue,assassination,6,4,2
Steeldiesel,sargeras,383,rogue,assassination,12,4,8
Sapstabdead,blackrock,383,rogue,assassination,12,4,8
Diser,quelthalas,383,rogue,assassination,12,4,8
Ñinjå,alleria,383,rogue,assassination,12,4,8
Moiatropos,ragnaros,383,rogue,assassination,12,4,8
Corteleve,nemesis,383,rogue,assassination,12,4,8
Brointhedark,gundrak,383,rogue,assassination,12,4,8
Jestertyv,hyjal,383,rogue,assassination,12,4,8
Setsu,sargeras,383,rogue,assassination,13,4,9
Hésta,moon-guard,382,rogue,assassination,12,4,8
Kalandar,moon-guard,382,rogue,assassination,12,4,8
Wrinklevoss,proudmoore,382,rogue,assassination,12,4,8
Slobernocker,stormrage,381,rogue,assassination,12,4,8
Ðerpius,proudmoore,381,rogue,assassination,12,4,8
Nosaptap,akama,381,rogue,assassination,12,4,8
Euphylezz,garrosh,379,rogue,assassination,12,4,8
Tolthe,hyjal,351,rogue,assassination,11,4,7
Merek,scarlet-crusade,336,rogue,assassination,9,4,5
Griefs,tichondrius,330,rogue,assassination,17,5,12
Coopi,tichondrius,320,rogue,assassination,10,4,6
Whatsåpp,gallywix,320,rogue,assassination,10,4,6
Pícáróóná,ragnaros,320,rogue,assassination,16,4,12
Suffêr,dalaran,319,rogue,assassination,8,4,4
Ziedrich,frostmourne,318,rogue,assassination,10,4,6
Rompoloyo,quelthalas,301,rogue,assassination,7,4,3
Pikabuu,bleeding-hollow,288,rogue,assassination,6,3,3
Crohnns,barthilas,288,rogue,assassination,6,3,3
Syxs,sargeras,288,rogue,assassination,6,3,3
Traviisto,sargeras,288,rogue,assassination,6,3,3
Wowamaze,aegwynn,288,rogue,assassination,6,3,3
Jannie,rexxar,288,rogue,assassination,6,3,3
Silentkush,arthas,288,rogue,assassination,6,3,3
Brlsels,azralon,288,rogue,assassination,6,3,3
Moistmouth,saurfang,288,rogue,assassination,6,3,3
Ghoststrider,sargeras,288,rogue,assassination,6,3,3
Punkyass,azralon,288,rogue,assassination,6,3,3
Rýuu,bleeding-hollow,288,rogue,assassination,6,3,3
Krooger,bleeding-hollow,288,rogue,assassination,6,3,3
Prodixybn,illidan,288,rogue,assassination,6,3,3
Ncb,bleeding-hollow,288,rogue,assassination,6,3,3
Kurosh,kalecgos,288,rogue,assassination,6,3,3
Azey,kargath,288,rogue,assassination,6,3,3
Dannodan,proudmoore,288,rogue,assassination,6,3,3
Dïeb,zuljin,288,rogue,assassination,6,3,3
Segero,zuljin,288,rogue,assassination,6,3,3
Gbg,arathor,288,rogue,assassination,6,3,3
Anímosity,darkspear,288,rogue,assassination,6,3,3
Stabystab,eonar,288,rogue,assassination,6,3,3
Vahrheit,tichondrius,288,rogue,assassination,6,3,3
Mcjagerx,darkspear,288,rogue,assassination,6,3,3
Grîmmjow,ragnaros,288,rogue,assassination,6,3,3
Greasybbsea,illidan,288,rogue,assassination,6,3,3
Eyeseeveîns,proudmoore,288,rogue,assassination,6,3,3
Velandros,eonar,288,rogue,assassination,6,3,3
Bigheadtony,hellscream,288,rogue,assassination,6,3,3
Worrglaive,dalaran,288,rogue,assassination,6,3,3
Saltypwncake,illidan,288,rogue,assassination,6,3,3
Emvee,kelthuzad,288,rogue,assassination,6,3,3
Usernameqtxo,kelthuzad,288,rogue,assassination,6,3,3
Corrier,tichondrius,288,rogue,assassination,6,3,3
Calebrogue,illidan,288,rogue,assassination,6,3,3
Ubun,quelthalas,288,rogue,assassination,6,3,3
Shninzy,stormrage,288,rogue,assassination,6,3,3
Yunjinnie,tichondrius,288,rogue,assassination,6,3,3
Rolomon,tichondrius,288,rogue,assassination,6,3,3
Laralia,quelthalas,288,rogue,assassination,6,3,3
Gulvzer,tichondrius,288,rogue,assassination,6,3,3
Kurûmî,quelthalas,288,rogue,assassination,6,3,3
Kujito,tichondrius,288,rogue,assassination,6,3,3
Deeshdosh,illidan,288,rogue,assassination,6,3,3
Ieu,tichondrius,288,rogue,assassination,6,3,3
Kimorak,ragnaros,288,rogue,assassination,6,3,3
Bledstepelin,frostmourne,288,rogue,assassination,6,3,3
Tiladar,tichondrius,288,rogue,assassination,6,3,3
Goldthief,drakkari,288,rogue,assassination,6,3,3
Txika,ragnaros,288,rogue,assassination,6,3,3
Mgv,aegwynn,288,rogue,assassination,7,3,4
Arrakisfangs,illidan,288,rogue,assassination,10,4,6
Brianä,quelthalas,288,rogue,assassination,12,3,9
Raego,frostmourne,288,rogue,assassination,12,3,9
Pantsed,sargeras,288,rogue,assassination,12,3,9
Ccýs,tichondrius,288,rogue,assassination,12,3,9
Arïa,drakkari,288,rogue,assassination,12,3,9
Shortcut,khadgar,288,rogue,assassination,12,3,9
Alttee,proudmoore,288,rogue,assassination,12,3,9
Pintofwoc,area-52,288,rogue,assassination,12,3,9
Flattsr,tichondrius,288,rogue,assassination,12,3,9
Pezcore,illidan,288,rogue,assassination,12,3,9
Finlander,area-52,288,rogue,assassination,12,3,9
Sunshinezx,frostmourne,288,rogue,assassination,12,3,9
Cydonian,ragnaros,288,rogue,assassination,12,3,9
Axm,azralon,288,rogue,assassination,12,3,9
Åmg,tichondrius,288,rogue,assassination,12,3,9
Redlïne,tichondrius,288,rogue,assassination,12,3,9
Tìlt,whisperwind,288,rogue,assassination,12,3,9
Trinktick,doomhammer,288,rogue,assassination,12,3,9
Rokkhan,blackrock,288,rogue,assassination,12,3,9
Bubbski,area-52,288,rogue,assassination,12,3,9
Aevaela,duskwood,288,rogue,assassination,12,3,9
Elevorra,frostmourne,288,rogue,assassination,12,3,9
Karmagoodttv,stormrage,288,rogue,assassination,12,3,9
Roogue,frostmourne,288,rogue,assassination,12,3,9
Tattoo,zuljin,288,rogue,assassination,12,3,9
Gurululz,stormrage,288,rogue,assassination,12,3,9
Wyyre,hyjal,288,rogue,assassination,17,3,14
Jisatsu,undermine,288,rogue,assassination,18,3,15
Zelzaramor,ravenholdt,287,rogue,assassination,6,3,3
Loruk,ragnaros,287,rogue,assassination,6,3,3
Moridra,demon-soul,287,rogue,assassination,6,3,3
Sebinas,tichondrius,287,rogue,assassination,6,3,3
Ghutrencha,area-52,287,rogue,assassination,6,3,3
Gilhela,bloodhoof,287,rogue,assassination,6,3,3
Shadownibba,illidan,287,rogue,assassination,6,3,3
Clipp,wildhammer,287,rogue,assassination,6,3,3
Anarusekkusu,wyrmrest-accord,287,rogue,assassination,12,3,9
Tracemakerr,emerald-dream,287,rogue,assassination,12,3,9
Talinô,moknathal,287,rogue,assassination,12,3,9
Chïdaruma,azralon,287,rogue,assassination,12,3,9
Olg,arathor,287,rogue,assassination,12,3,9
Brovac,area-52,287,rogue,assassination,14,3,11
Cricketts,kalecgos,287,rogue,assassination,16,3,13
Greekstryker,durotan,286,rogue,assassination,6,3,3
Zacchara,thunderlord,286,rogue,assassination,6,3,3
Lupindathird,frostmane,285,rogue,assassination,12,3,9
Clothies,zuljin,285,rogue,assassination,12,3,9
Sanguinnar,nemesis,285,rogue,assassination,12,3,9
Slyvyanna,wyrmrest-accord,255,rogue,assassination,8,4,4
Chronisch,area-52,255,rogue,assassination,11,3,8
Synesh,moon-guard,255,rogue,assassination,11,3,8
Tamsy,the-forgotten-coast,239,rogue,assassination,5,3,2
Abc,tichondrius,239,rogue,assassination,5,3,2
Pitfirex,area-52,239,rogue,assassination,5,3,2
Shigoku,tichondrius,239,rogue,assassination,11,3,8
Walnutrog,area-52,234,rogue,assassination,11,5,6
Pãndã,stormrage,234,rogue,assassination,13,4,9
Skairipa,agamaggan,232,rogue,assassination,7,4,3
Estabo,daggerspine,223,rogue,assassination,8,3,5
Locturne,tichondrius,208,rogue,assassination,7,3,4
Roguegirl,alexstrasza,202,rogue,assassination,18,4,14
Ryunøka,quelthalas,192,rogue,assassination,4,3,1
Ganksterqt,dentarg,192,rogue,assassination,6,2,4
Happyunhappy,illidan,192,rogue,assassination,6,2,4
Yoodoo,nemesis,192,rogue,assassination,6,2,4
Ninjapandax,arthas,192,rogue,assassination,6,2,4
Sepsicity,durotan,192,rogue,assassination,6,2,4
Quickflash,bloodhoof,192,rogue,assassination,6,2,4
Someone,ravencrest,192,rogue,assassination,6,2,4
Savyt,dalaran,192,rogue,assassination,6,2,4
Garatan,nemesis,192,rogue,assassination,6,2,4
Baalos,medivh,192,rogue,assassination,6,2,4
Ssjseem,sargeras,192,rogue,assassination,6,2,4
Professorwho,thrall,192,rogue,assassination,6,2,4
Daisuky,nemesis,192,rogue,assassination,6,2,4
Toestumper,sargeras,192,rogue,assassination,6,2,4
Ilesire,frostmourne,192,rogue,assassination,6,2,4
Karmakula,wildhammer,192,rogue,assassination,6,2,4
Fishbae,sargeras,192,rogue,assassination,6,2,4
Amysix,antonidas,192,rogue,assassination,6,2,4
Líghtßringêr,illidan,192,rogue,assassination,6,2,4
Robomom,illidan,192,rogue,assassination,6,2,4
Galfuran,burning-legion,192,rogue,assassination,6,2,4
Wolfmother,nemesis,192,rogue,assassination,6,2,4
Lesty,kelthuzad,192,rogue,assassination,6,2,4
Jaanmonty,frostmourne,192,rogue,assassination,6,2,4
Snoogly,tichondrius,192,rogue,assassination,6,2,4
Corchô,moon-guard,192,rogue,assassination,6,2,4
Blcknoir,tichondrius,192,rogue,assassination,6,2,4
Thianir,emerald-dream,192,rogue,assassination,6,2,4
Arindis,lightbringer,192,rogue,assassination,6,2,4
Dimfighter,lightbringer,192,rogue,assassination,6,2,4
Militant,tichondrius,192,rogue,assassination,6,2,4
Shadowudder,emerald-dream,192,rogue,assassination,6,2,4
Sneakysharky,frostmourne,192,rogue,assassination,6,2,4
Benjisuwu,area-52,192,rogue,assassination,6,2,4
Ennmaa,azralon,192,rogue,assassination,6,2,4
Kwins,cenarion-circle,192,rogue,assassination,6,2,4
Vanishcdc,area-52,192,rogue,assassination,6,2,4
Theworststab,stormrage,192,rogue,assassination,6,2,4
Darkfalleng,azralon,192,rogue,assassination,6,2,4
Battzii,wyrmrest-accord,192,rogue,assassination,6,2,4
Tandeyna,wyrmrest-accord,192,rogue,assassination,6,2,4
Støné,azjolnerub,192,rogue,assassination,6,2,4
Jpw,barthilas,192,rogue,assassination,6,2,4
Gentlesaop,blackrock,192,rogue,assassination,6,2,4
Kinnersr,frostmourne,192,rogue,assassination,6,2,4
Swickwockdus,azralon,192,rogue,assassination,6,2,4
Ninja,jubeithos,192,rogue,assassination,6,2,4
Omnilol,zuljin,192,rogue,assassination,6,2,4
Poolover,barthilas,192,rogue,assassination,6,2,4
Kazúmi,stormrage,192,rogue,assassination,6,2,4
Capinsano,azjolnerub,192,rogue,assassination,6,2,4
Ryoushei,ragnaros,192,rogue,assassination,6,2,4
Itskanashi,frostmourne,192,rogue,assassination,6,2,4
Sneakyboye,barthilas,192,rogue,assassination,6,2,4
Gabrielgray,firetree,192,rogue,assassination,6,2,4
Roguemain,smolderthorn,192,rogue,assassination,6,2,4
Zaozaa,frostmourne,192,rogue,assassination,6,2,4
Smormu,bonechewer,192,rogue,assassination,6,2,4
Moretti,aerie-peak,192,rogue,assassination,6,2,4
Zogbu,stormrage,192,rogue,assassination,6,2,4
Brand,bonechewer,192,rogue,assassination,6,2,4
Zenshin,tichondrius,192,rogue,assassination,6,2,4
Valence,firetree,192,rogue,assassination,6,2,4
Minneapolis,kiljaeden,192,rogue,assassination,6,2,4
Rohdahn,proudmoore,192,rogue,assassination,6,2,4
Miklos,area-52,192,rogue,assassination,6,2,4
Historymaker,tichondrius,192,rogue,assassination,6,2,4
Luccia,alterac-mountains,192,rogue,assassination,6,2,4
Sneakyt,shadow-council,192,rogue,assassination,6,2,4
Frodoganker,undermine,192,rogue,assassination,6,2,4
Maverz,area-52,192,rogue,assassination,6,2,4
Soizhiro,ragnaros,192,rogue,assassination,6,2,4
Kragathor,malganis,192,rogue,assassination,6,2,4
Novarra,tichondrius,192,rogue,assassination,6,2,4
Jolly,frostmourne,192,rogue,assassination,6,2,4
Poohkié,malganis,192,rogue,assassination,6,2,4
Fancen,drakthul,192,rogue,assassination,6,2,4
Yanh,tichondrius,192,rogue,assassination,6,2,4
Malikethh,quelthalas,192,rogue,assassination,6,2,4
Salätzar,quelthalas,192,rogue,assassination,6,2,4
Cktko,stormrage,192,rogue,assassination,6,2,4
Asneakyfox,thunderlord,192,rogue,assassination,6,2,4
Shini,malganis,192,rogue,assassination,6,2,4
Nítzy,quelthalas,192,rogue,assassination,6,2,4
Ddeadlykiss,hydraxis,192,rogue,assassination,6,2,4
Tagerung,malganis,192,rogue,assassination,6,2,4
Peacetou,kelthuzad,192,rogue,assassination,6,2,4
Mermm,burning-blade,192,rogue,assassination,6,2,4
Hashmap,tichondrius,192,rogue,assassination,6,2,4
Scath,stormscale,192,rogue,assassination,6,2,4
Allidoisstun,kelthuzad,192,rogue,assassination,6,2,4
Deathben,tichondrius,192,rogue,assassination,6,2,4
Abolishor,kelthuzad,192,rogue,assassination,6,2,4
Asyncore,tichondrius,192,rogue,assassination,6,2,4
Märlboro,ragnaros,192,rogue,assassination,6,2,4
Liridor,quelthalas,192,rogue,assassination,11,2,9
Youngtugger,daggerspine,192,rogue,assassination,11,2,9
Chuckydoll,sargeras,192,rogue,assassination,12,2,10
Triarc,area-52,192,rogue,assassination,12,2,10
Alts,tichondrius,192,rogue,assassination,12,2,10
Swipeah,nathrezim,192,rogue,assassination,12,2,10
Manyt,alterac-mountains,192,rogue,assassination,12,2,10
Subculture,emerald-dream,192,rogue,assassination,12,2,10
Bloodwish,tichondrius,192,rogue,assassination,12,2,10
Malaryn,moon-guard,192,rogue,assassination,12,2,10
Stabsmcslice,laughing-skull,192,rogue,assassination,12,2,10
Valdaara,tichondrius,192,rogue,assassination,12,2,10
Shadowshade,skullcrusher,192,rogue,assassination,12,2,10
Biggrogue,illidan,192,rogue,assassination,12,2,10
Nines,icecrown,192,rogue,assassination,12,2,10
Slowtime,quelthalas,192,rogue,assassination,12,2,10
Geradyn,stormrage,192,rogue,assassination,12,2,10
Weedshady,barthilas,192,rogue,assassination,12,2,10
Pleodonis,tichondrius,192,rogue,assassination,12,2,10
Emboscadora,azralon,192,rogue,assassination,12,2,10
Watto,ragnaros,192,rogue,assassination,12,2,10
Taktiix,illidan,192,rogue,assassination,12,2,10
Aghanaar,burning-legion,192,rogue,assassination,12,2,10
Seltzie,bleeding-hollow,192,rogue,assassination,12,2,10
Novocãin,draka,192,rogue,assassination,12,2,10
Suturamaster,ragnaros,192,rogue,assassination,12,2,10
Dralax,ragnaros,192,rogue,assassination,18,2,16
Jelloshots,blackhand,191,rogue,assassination,12,4,8
Cräsh,goldrinn,191,rogue,assassination,6,2,4
Cretos,jaedenar,191,rogue,assassination,6,2,4
Diatonic,illidan,191,rogue,assassination,6,2,4
Abogansterr,ragnaros,191,rogue,assassination,6,2,4
Quaylín,sargeras,191,rogue,assassination,7,2,5
Shadowwolfe,saurfang,191,rogue,assassination,18,2,16
Donpablò,area-52,175,rogue,assassination,11,2,9
ßalto,bleeding-hollow,160,rogue,assassination,10,2,8
Alagenang,frostmourne,159,rogue,assassination,5,2,3
Swiftchen,illidan,159,rogue,assassination,5,2,3
Xavar,malganis,159,rogue,assassination,5,2,3
Minato,eredar,138,rogue,assassination,9,4,5
Talothas,illidan,138,rogue,assassination,11,4,7
Hazara,sargeras,138,rogue,assassination,11,3,8
Tund,emerald-dream,138,rogue,assassination,12,3,9
Stâbitha,bloodscalp,138,rogue,assassination,20,4,16
Meianoittee,goldrinn,135,rogue,assassination,12,5,7
Multhias,stormrage,112,rogue,assassination,7,2,5
Twotimed,magtheridon,96,rogue,assassination,6,1,5
Dubiaroaches,tichondrius,96,rogue,assassination,6,1,5
Brutalpocket,malganis,96,rogue,assassination,6,1,5
Canesuckr,stormrage,96,rogue,assassination,6,1,5
Combøz,tichondrius,96,rogue,assassination,6,1,5
Irtehpoke,tichondrius,96,rogue,assassination,6,1,5
ßutthead,malganis,96,rogue,assassination,6,1,5
Liesmith,kelthuzad,96,rogue,assassination,6,1,5
Omnisc,tichondrius,96,rogue,assassination,6,1,5
Rykojin,dalaran,96,rogue,assassination,6,1,5
Erebüs,thunderlord,96,rogue,assassination,6,1,5
Drsinz,tichondrius,96,rogue,assassination,6,1,5
Flinchyy,dalaran,96,rogue,assassination,6,1,5
Panamarojo,tichondrius,96,rogue,assassination,6,1,5
Greased,arthas,96,rogue,assassination,6,1,5
Ulanor,whisperwind,96,rogue,assassination,6,1,5
Sømeøne,malygos,96,rogue,assassination,6,1,5
Valeeryn,thrall,96,rogue,assassination,6,1,5
Backclapper,tichondrius,96,rogue,assassination,6,1,5
Kiskapolyus,thrall,96,rogue,assassination,6,1,5
Cnikun,tichondrius,96,rogue,assassination,6,1,5
Nebiroth,illidan,96,rogue,assassination,6,1,5
Icantsleep,tichondrius,96,rogue,assassination,6,1,5
Yohigo,quelthalas,96,rogue,assassination,6,1,5
Vùdõõ,area-52,96,rogue,assassination,6,1,5
Jarome,area-52,96,rogue,assassination,6,1,5
Ransford,tichondrius,96,rogue,assassination,6,1,5
Eron,stormrage,96,rogue,assassination,6,1,5
Pocketwaffle,dalaran,96,rogue,assassination,6,1,5
Stabyou,sentinels,96,rogue,assassination,6,1,5
Nubes,illidan,96,rogue,assassination,6,1,5
Melyr,quelthalas,96,rogue,assassination,6,1,5
Zaphyron,quelthalas,96,rogue,assassination,6,1,5
Greedymoray,the-forgotten-coast,96,rogue,assassination,6,1,5
Sadclown,emerald-dream,96,rogue,assassination,6,1,5
Gianniv,chogall,96,rogue,assassination,6,1,5
Tòúka,stormrage,96,rogue,assassination,6,1,5
Subtletrapgf,stormrage,96,rogue,assassination,6,1,5
Undreas,kiljaeden,96,rogue,assassination,6,1,5
Meritra,ragnaros,96,rogue,assassination,6,1,5
Scylas,stormrage,96,rogue,assassination,6,1,5
Mysapcrits,bloodhoof,96,rogue,assassination,6,1,5
Ntshaav,illidan,96,rogue,assassination,6,1,5
Illmurk,zuljin,96,rogue,assassination,6,1,5
Burtonee,aegwynn,96,rogue,assassination,6,1,5
Zitihait,amanthul,96,rogue,assassination,6,1,5
Zhaanth,bonechewer,96,rogue,assassination,6,1,5
Ogsilverback,aegwynn,96,rogue,assassination,6,1,5
Boogersugars,khazgoroth,96,rogue,assassination,6,1,5
Clicksbtns,area-52,96,rogue,assassination,6,1,5
Macc,khazgoroth,96,rogue,assassination,6,1,5
Elbryán,ragnaros,96,rogue,assassination,6,1,5
Saintjon,bleeding-hollow,96,rogue,assassination,6,1,5
Rafikaa,ragnaros,96,rogue,assassination,6,1,5
Stêf,zuljin,96,rogue,assassination,6,1,5
Dopestalien,sargeras,96,rogue,assassination,6,1,5
Hordeslayerx,moon-guard,96,rogue,assassination,6,1,5
Grubbles,misha,96,rogue,assassination,6,1,5
Docheatt,dalaran,96,rogue,assassination,6,1,5
Vehx,azjolnerub,96,rogue,assassination,6,1,5
Lu,lethon,96,rogue,assassination,6,1,5
Privz,sargeras,96,rogue,assassination,6,1,5
Assakiller,azralon,96,rogue,assassination,6,1,5
Tzs,sargeras,96,rogue,assassination,6,1,5
Meadview,bleeding-hollow,96,rogue,assassination,6,1,5
Preceptor,azralon,96,rogue,assassination,6,1,5
Spookyswap,blackrock,96,rogue,assassination,6,1,5
Davybones,bleeding-hollow,96,rogue,assassination,6,1,5
Ninjasasory,azralon,96,rogue,assassination,6,1,5
Giftschlange,azralon,96,rogue,assassination,6,1,5
Detektor,stormrage,96,rogue,assassination,6,1,5
Slycraft,gorgonnash,96,rogue,assassination,6,1,5
Twinkrogue,firetree,96,rogue,assassination,6,1,5
Sevrow,wyrmrest-accord,96,rogue,assassination,6,1,5
Alphariús,wyrmrest-accord,96,rogue,assassination,6,1,5
Mizrogue,suramar,96,rogue,assassination,6,1,5
Unoreverse,bleeding-hollow,96,rogue,assassination,6,1,5
Pressuret,frostmourne,96,rogue,assassination,6,1,5
Codeine,windrunner,96,rogue,assassination,6,1,5
Wuzi,azralon,96,rogue,assassination,6,1,5
Uppi,bleeding-hollow,96,rogue,assassination,6,1,5
Mammiee,proudmoore,96,rogue,assassination,6,1,5
Muhtaal,moon-guard,96,rogue,assassination,6,1,5
Khlapncheeks,emerald-dream,96,rogue,assassination,6,1,5
Gour,ragnaros,96,rogue,assassination,6,1,5
Buhuhbles,area-52,96,rogue,assassination,6,1,5
Nightmarës,frostmourne,96,rogue,assassination,6,1,5
Bourrasque,frostmourne,96,rogue,assassination,6,1,5
Deejey,frostmourne,96,rogue,assassination,6,1,5
Rainbowmtn,stormrage,96,rogue,assassination,7,1,6
Razss,stormrage,96,rogue,assassination,8,1,7
Quietdeath,stormscale,96,rogue,assassination,8,1,7
Damídia,stormrage,96,rogue,assassination,10,1,9
Acrona,dathremar,96,rogue,assassination,12,1,11
Kistef,tichondrius,96,rogue,assassination,12,1,11
Karparog,ragnaros,96,rogue,assassination,12,1,11
Verture,frostmourne,96,rogue,assassination,12,1,11
Voidbone,malganis,96,rogue,assassination,12,1,11
Keljadian,black-dragonflight,96,rogue,assassination,12,1,11
Trecutter,grizzly-hills,96,rogue,assassination,12,1,11
Lilko,daggerspine,96,rogue,assassination,12,1,11
Voidbrain,area-52,96,rogue,assassination,12,1,11
Véndéttá,area-52,96,rogue,assassination,12,1,11
Xô,lothar,96,rogue,assassination,12,1,11
Evildies,shadowsong,96,rogue,assassination,12,1,11
Boogiedewitt,emerald-dream,96,rogue,assassination,12,1,11
Rabidlynsane,deathwing,96,rogue,assassination,12,1,11
Irotanin,thrall,95,rogue,assassination,6,1,5
Averagepimpn,tichondrius,79,rogue,assassination,5,1,4
Radiantrogue,nordrassil,79,rogue,assassination,5,1,4
Hadez,nemesis,63,rogue,assassination,4,1,3
Stabbindude,illidan,48,rogue,assassination,3,1,2
Raqed,eredar,48,rogue,assassination,3,1,2
Entriped,stormrage,48,rogue,assassination,3,1,2
Mythina,kiljaeden,48,rogue,assassination,3,1,2
Gilbarblo,skywall,48,rogue,assassination,9,1,8
Wildtrick,greymane,42,rogue,assassination,10,3,7
Naoyuki,stormrage,42,rogue,assassination,7,2,5
Nargonis,illidan,42,rogue,assassination,8,2,6
Parmigianore,ragnaros,42,rogue,assassination,10,2,8
Sneakyshoes,drakthul,42,rogue,assassination,10,2,8
Jerzs,tichondrius,42,rogue,assassination,11,2,9
Jahani,stormrage,31,rogue,assassination,2,1,1
Najmoiran,area-52,31,rogue,assassination,2,1,1
Ajy,tichondrius,31,rogue,assassination,2,1,1
Dàmìan,mugthol,31,rogue,assassination,2,1,1
Ascherx,illidan,16,rogue,assassination,1,1,0
Sneakattacks,illidan,16,rogue,assassination,1,1,0
Dyllbar,tichondrius,2283,shaman,restoration,157,89,68
Dadbar,tichondrius,2281,shaman,restoration,108,67,41
Samyeh,tichondrius,2235,shaman,restoration,119,76,43
Illiteratex,tichondrius,2231,shaman,restoration,121,69,52
Yooseafood,tichondrius,2230,shaman,restoration,137,85,52
Orochisháman,stormrage,2222,shaman,restoration,96,55,41
Spagetje,tichondrius,2222,shaman,restoration,550,292,258
Aameng,tichondrius,2213,shaman,restoration,150,81,69
Hotknifez,tichondrius,2178,shaman,restoration,155,85,70
Xtremeorc,area-52,2150,shaman,restoration,79,45,34
Hódoong,tichondrius,2132,shaman,restoration,88,45,43
Kwesy,tichondrius,2131,shaman,restoration,71,40,31
Plewt,zuljin,2131,shaman,restoration,254,140,114
Crazyshamañ,akama,2131,shaman,restoration,127,69,58
Restobyte,moon-guard,2124,shaman,restoration,78,47,31
Iissham,darkspear,2120,shaman,restoration,308,165,143
Breadx,khaz-modan,2116,shaman,restoration,48,28,20
Tpokes,sargeras,2113,shaman,restoration,89,50,39
Üchihamadarâ,tichondrius,2111,shaman,restoration,100,56,44
Bigyikez,kelthuzad,2109,shaman,restoration,217,126,91
Akwesy,stormrage,2107,shaman,restoration,268,143,125
Conjunction,azjolnerub,2107,shaman,restoration,107,53,54
Ttvfoxyllama,tichondrius,2104,shaman,restoration,178,95,83
Uncleilli,tichondrius,2102,shaman,restoration,286,150,136
Win,blackwing-lair,2098,shaman,restoration,69,44,25
Yungtooth,emerald-dream,2088,shaman,restoration,137,78,59
Selketh,area-52,2082,shaman,restoration,85,48,37
Sewerperson,zuljin,2072,shaman,restoration,82,46,36
Orochishaman,stormrage,2060,shaman,restoration,54,34,20
Fàlc,stormrage,2059,shaman,restoration,66,37,29
Laodo,tichondrius,2059,shaman,restoration,76,40,36
Caibeeshammy,tichondrius,2055,shaman,restoration,340,171,169
Kantok,quelthalas,2051,shaman,restoration,89,55,34
Nemix,barthilas,2049,shaman,restoration,66,38,28
Skipperx,thrall,2049,shaman,restoration,108,57,51
Sizure,frostmourne,2048,shaman,restoration,166,87,79
Vicioushands,illidan,2047,shaman,restoration,66,37,29
Boyfromhell,stormrage,2046,shaman,restoration,156,78,78
Laydboiyo,tichondrius,2046,shaman,restoration,114,56,58
Devilsham,tichondrius,2045,shaman,restoration,216,111,105
Tréway,area-52,2043,shaman,restoration,168,90,78
Kellogsz,malganis,2037,shaman,restoration,156,82,74
Madoka,llane,2035,shaman,restoration,107,57,50
Nediar,tichondrius,2031,shaman,restoration,72,47,25
Notmugg,sargeras,2022,shaman,restoration,78,48,30
Ilavayoualot,malganis,2017,shaman,restoration,172,83,89
Nayro,bleeding-hollow,2015,shaman,restoration,853,450,403
Breuer,tichondrius,2013,shaman,restoration,239,125,114
Kurtcx,tichondrius,2012,shaman,restoration,681,351,330
Shamaen,kelthuzad,2008,shaman,restoration,203,106,97
Itsallgoodx,tichondrius,2008,shaman,restoration,114,55,59
Gratiens,zuljin,2006,shaman,restoration,198,101,97
Abovesky,proudmoore,2006,shaman,restoration,222,109,113
Shearhands,illidan,2002,shaman,restoration,61,38,23
Coreygunz,illidan,2001,shaman,restoration,60,32,28
Smlz,garrosh,1998,shaman,restoration,68,38,30
Berquon,tichondrius,1997,shaman,restoration,90,46,44
Kikibay,quelthalas,1995,shaman,restoration,138,71,67
Lötus,tichondrius,1988,shaman,restoration,116,63,53
Jîneth,tichondrius,1987,shaman,restoration,161,83,78
Stormlashx,sargeras,1987,shaman,restoration,66,33,33
Nanosec,tichondrius,1981,shaman,restoration,60,35,25
Shamanbini,tichondrius,1980,shaman,restoration,83,44,39
Blaiserpub,tichondrius,1977,shaman,restoration,130,68,62
Epicthesloth,sargeras,1976,shaman,restoration,71,38,33
Muscleyuan,tichondrius,1975,shaman,restoration,89,44,45
Bigmontana,tichondrius,1972,shaman,restoration,72,38,34
Zavoky,tichondrius,1969,shaman,restoration,336,174,162
Lignipzyo,doomhammer,1967,shaman,restoration,66,34,32
Kafkaesk,tichondrius,1962,shaman,restoration,84,36,48
Meepsham,kilrogg,1958,shaman,restoration,78,36,42
Riptiedx,barthilas,1955,shaman,restoration,78,38,40
Corianderism,tichondrius,1953,shaman,restoration,119,59,60
Flarkology,area-52,1951,shaman,restoration,48,25,23
Oryxx,kiljaeden,1946,shaman,restoration,102,50,52
Esqueue,sargeras,1944,shaman,restoration,54,33,21
Nepos,dragonmaw,1944,shaman,restoration,102,50,52
Daxotv,sargeras,1941,shaman,restoration,72,40,32
Timpossible,tichondrius,1941,shaman,restoration,595,295,300
Cardïß,tichondrius,1936,shaman,restoration,54,32,22
Hiermy,tichondrius,1936,shaman,restoration,95,52,43
Gweemextreme,tichondrius,1935,shaman,restoration,191,104,87
Terapatrik,area-52,1935,shaman,restoration,170,87,83
Plorenz,illidan,1934,shaman,restoration,60,36,24
Shamanesè,emerald-dream,1932,shaman,restoration,53,29,24
Stormtitan,malganis,1932,shaman,restoration,140,71,69
Hodoongs,tichondrius,1932,shaman,restoration,70,35,35
Vlly,tichondrius,1930,shaman,restoration,71,34,37
Peyn,shadowsong,1930,shaman,restoration,90,43,47
Annte,stonemaul,1928,shaman,restoration,88,44,44
Baodan,azshara,1926,shaman,restoration,192,99,93
Chobawn,tichondrius,1924,shaman,restoration,110,59,51
Menc,frostmourne,1924,shaman,restoration,114,56,58
Ratedpvp,thrall,1923,shaman,restoration,200,115,85
Lamente,ragnaros,1922,shaman,restoration,155,76,79
Cruv,thrall,1921,shaman,restoration,164,81,83
Stylesp,tichondrius,1918,shaman,restoration,72,38,34
Angrygochuxx,tichondrius,1917,shaman,restoration,59,32,27
Chocopuff,bleeding-hollow,1916,shaman,restoration,72,39,33
Oridean,area-52,1911,shaman,restoration,48,26,22
Ogctkoy,illidan,1911,shaman,restoration,172,88,84
Sockta,illidan,1910,shaman,restoration,199,103,96
Solidhomme,tichondrius,1909,shaman,restoration,62,36,26
Totempack,stormrage,1909,shaman,restoration,66,31,35
Wâgu,moon-guard,1904,shaman,restoration,64,29,35
Joyrex,spinebreaker,1903,shaman,restoration,92,43,49
Çrøwx,tichondrius,1901,shaman,restoration,83,46,37
Shamanese,emerald-dream,1901,shaman,restoration,42,20,22
Wtbtotem,tichondrius,1899,shaman,restoration,108,52,56
Bigspaghetti,thrall,1898,shaman,restoration,77,38,39
Shamangpt,illidan,1897,shaman,restoration,122,75,47
Cmsi,tichondrius,1897,shaman,restoration,54,29,25
Fluiid,tichondrius,1895,shaman,restoration,48,26,22
Electricsham,archimonde,1895,shaman,restoration,78,38,40
Bombadil,korgath,1894,shaman,restoration,66,32,34
Muggz,sargeras,1891,shaman,restoration,125,62,63
Hathul,bleeding-hollow,1887,shaman,restoration,108,56,52
Däbü,tichondrius,1887,shaman,restoration,84,40,44
Evilabev,bonechewer,1887,shaman,restoration,59,27,32
Suyy,tichondrius,1886,shaman,restoration,72,34,38
Onlytides,malganis,1885,shaman,restoration,66,46,20
Smrtdeath,zuljin,1884,shaman,restoration,53,30,23
Slimdavey,tichondrius,1883,shaman,restoration,400,205,195
Svanteson,wyrmrest-accord,1883,shaman,restoration,212,106,106
Bóòchainz,tichondrius,1881,shaman,restoration,34,21,13
Tisaa,illidan,1876,shaman,restoration,30,20,10
Dehsaw,illidan,1875,shaman,restoration,138,70,68
Tôôz,stormrage,1874,shaman,restoration,48,27,21
Fluxxy,tichondrius,1874,shaman,restoration,151,71,80
Lavalavalava,eonar,1873,shaman,restoration,66,32,34
Dadidun,tichondrius,1871,shaman,restoration,72,37,35
Booramqt,tichondrius,1869,shaman,restoration,77,40,37
Sleepysham,kelthuzad,1866,shaman,restoration,216,114,102
Hulan,tichondrius,1865,shaman,restoration,36,20,16
Jangbi,malganis,1865,shaman,restoration,638,323,315
Platewalrus,illidan,1862,shaman,restoration,60,35,25
Patzog,area-52,1861,shaman,restoration,42,25,17
Bômi,tichondrius,1861,shaman,restoration,184,96,88
Aureal,malganis,1860,shaman,restoration,210,119,91
Badshock,tichondrius,1859,shaman,restoration,48,35,13
Aiyoubro,tichondrius,1859,shaman,restoration,89,46,43
Ganvitchenko,illidan,1858,shaman,restoration,132,67,65
Akw,tichondrius,1858,shaman,restoration,47,22,25
Fierymoo,frostmourne,1857,shaman,restoration,59,31,28
Haedodae,tichondrius,1857,shaman,restoration,81,32,49
Mastashamsta,illidan,1856,shaman,restoration,78,40,38
Stoneforged,area-52,1855,shaman,restoration,77,45,32
Linkandwink,nerzhul,1854,shaman,restoration,54,32,22
Moistbeans,tichondrius,1854,shaman,restoration,48,26,22
Garbagesham,scilla,1853,shaman,restoration,41,24,17
Exceedër,ragnaros,1853,shaman,restoration,87,47,40
Gragomga,area-52,1853,shaman,restoration,198,98,100
Ravaburst,sargeras,1852,shaman,restoration,159,74,85
Jimmybutler,tichondrius,1850,shaman,restoration,42,24,18
Raïñ,stormrage,1848,shaman,restoration,48,26,22
Desee,bleeding-hollow,1848,shaman,restoration,60,32,28
Solam,greymane,1848,shaman,restoration,108,55,53
Torrentzx,sargeras,1848,shaman,restoration,72,34,38
Kencyzz,tichondrius,1847,shaman,restoration,53,31,22
Moldymeatbox,emerald-dream,1847,shaman,restoration,96,47,49
Lingduacn,tichondrius,1846,shaman,restoration,48,28,20
Helga,hellscream,1845,shaman,restoration,48,29,19
Huáxià,tichondrius,1845,shaman,restoration,178,90,88
Waterbro,tichondrius,1843,shaman,restoration,125,70,55
Shozen,bonechewer,1843,shaman,restoration,281,147,134
Upyourtotem,illidan,1842,shaman,restoration,30,22,8
Shamcena,the-scryers,1842,shaman,restoration,51,28,23
Ogran,stormscale,1840,shaman,restoration,60,27,33
Trouvaille,tichondrius,1839,shaman,restoration,71,37,34
Pedaphil,frostmourne,1838,shaman,restoration,81,49,32
Omegalmao,sargeras,1838,shaman,restoration,42,23,19
Erwin,bonechewer,1837,shaman,restoration,273,149,124
Wastedlink,tichondrius,1836,shaman,restoration,107,61,46
Thormør,tichondrius,1836,shaman,restoration,49,26,23
Splashz,illidan,1836,shaman,restoration,125,62,63
Medzoe,tichondrius,1834,shaman,restoration,76,41,35
Totemgripper,moon-guard,1833,shaman,restoration,71,43,28
Momolagbbit,tichondrius,1833,shaman,restoration,40,21,19
Chontastic,darkspear,1832,shaman,restoration,90,42,48
Ztiffy,emerald-dream,1832,shaman,restoration,54,25,29
Xoweeknd,bleeding-hollow,1831,shaman,restoration,72,38,34
Suzhixie,akama,1831,shaman,restoration,175,82,93
Knockedup,tichondrius,1830,shaman,restoration,65,39,26
Lejn,kelthuzad,1830,shaman,restoration,36,20,16
Raeoki,area-52,1830,shaman,restoration,215,114,101
Holysharmmy,tichondrius,1830,shaman,restoration,74,39,35
Wanghaisham,kelthuzad,1830,shaman,restoration,123,63,60
Toxidizetkö,azralon,1828,shaman,restoration,121,69,52
Bluekid,barthilas,1828,shaman,restoration,54,30,24
Dbmx,tichondrius,1827,shaman,restoration,54,30,24
Snoozeshaman,ragnaros,1826,shaman,restoration,36,21,15
Beyoncé,lethon,1826,shaman,restoration,53,30,23
Chazzwozza,area-52,1826,shaman,restoration,53,30,23
Tuskcrusher,dalaran,1825,shaman,restoration,72,30,42
Thelosts,tichondrius,1825,shaman,restoration,72,28,44
Hehew,kelthuzad,1824,shaman,restoration,200,113,87
Gjök,nemesis,1824,shaman,restoration,54,22,32
Warríed,sargeras,1822,shaman,restoration,73,38,35
Rollintotems,bleeding-hollow,1822,shaman,restoration,108,53,55
Gunrose,proudmoore,1820,shaman,restoration,263,142,121
Pingatronx,ragnaros,1820,shaman,restoration,102,46,56
Cryochemist,tichondrius,1819,shaman,restoration,29,23,6
Lingdusm,tichondrius,1819,shaman,restoration,58,33,25
Elementz,tichondrius,1818,shaman,restoration,263,142,121
Terrasham,barthilas,1818,shaman,restoration,47,20,27
Matzuga,bleeding-hollow,1816,shaman,restoration,48,26,22
Gyrogg,scilla,1816,shaman,restoration,525,278,247
Ryuubi,illidan,1815,shaman,restoration,54,34,20
Immabòt,tichondrius,1814,shaman,restoration,77,45,32
Solliexo,area-52,1814,shaman,restoration,70,40,30
Vogaz,ragnaros,1814,shaman,restoration,136,69,67
Taronì,zuljin,1814,shaman,restoration,138,66,72
Overtax,tichondrius,1813,shaman,restoration,96,53,43
Drammah,malganis,1813,shaman,restoration,200,100,100
Grymn,sargeras,1812,shaman,restoration,264,132,132
Kobecoopper,sargeras,1812,shaman,restoration,78,39,39
Dantheman,twisting-nether,1810,shaman,restoration,48,26,22
Seimitsu,tichondrius,1810,shaman,restoration,47,24,23
Inpantsment,barthilas,1809,shaman,restoration,193,103,90
Meatballs,kirin-tor,1809,shaman,restoration,62,31,31
Msool,tichondrius,1808,shaman,restoration,36,25,11
Wulfey,sargeras,1808,shaman,restoration,53,28,25
Ligegelol,tichondrius,1808,shaman,restoration,77,39,38
Bootybpoppin,mugthol,1807,shaman,restoration,167,100,67
Kandshamy,azralon,1807,shaman,restoration,118,69,49
Ookmetide,bleeding-hollow,1807,shaman,restoration,52,29,23
Bravezf,tichondrius,1807,shaman,restoration,60,32,28
Wraethy,illidan,1807,shaman,restoration,368,192,176
Willy,icecrown,1807,shaman,restoration,87,44,43
Steverz,daggerspine,1806,shaman,restoration,30,19,11
Cigaretter,tichondrius,1806,shaman,restoration,92,38,54
Waymond,khadgar,1805,shaman,restoration,496,250,246
Paoran,sargeras,1804,shaman,restoration,214,115,99
Astrøcyte,tichondrius,1804,shaman,restoration,96,46,50
Boohaha,khadgar,1803,shaman,restoration,138,74,64
Mybbro,kiljaeden,1803,shaman,restoration,224,109,115
Tolík,ragnaros,1803,shaman,restoration,54,26,28
Lemmehex,illidan,1802,shaman,restoration,61,37,24
Hairyrichard,zuljin,1802,shaman,restoration,1043,546,497
Zingysham,tichondrius,1802,shaman,restoration,123,64,59
Tobírama,bleeding-hollow,1802,shaman,restoration,66,30,36
Oceangrown,emerald-dream,1802,shaman,restoration,51,22,29
Jìmmybuckets,tichondrius,1801,shaman,restoration,59,37,22
Duregar,tichondrius,1801,shaman,restoration,78,48,30
Itsyabøiwill,area-52,1801,shaman,restoration,96,56,40
Papatooties,tichondrius,1801,shaman,restoration,275,132,143
Holdmytotum,tichondrius,1800,shaman,restoration,52,29,23
Nazugresha,bleeding-hollow,1800,shaman,restoration,42,23,19
Doubletåp,emerald-dream,1800,shaman,restoration,53,29,24
Shield,lightnings-blade,1800,shaman,restoration,42,19,23
Redds,tichondrius,1799,shaman,restoration,174,111,63
Shockmematty,tichondrius,1798,shaman,restoration,36,25,11
Petzah,barthilas,1798,shaman,restoration,66,32,34
Inmø,ragnaros,1797,shaman,restoration,36,19,17
Aromental,sargeras,1797,shaman,restoration,60,25,35
Kurtxc,tichondrius,1795,shaman,restoration,42,27,15
Drupman,dalaran,1793,shaman,restoration,66,33,33
Brocules,aerie-peak,1792,shaman,restoration,64,31,33
Bigtexas,tichondrius,1791,shaman,restoration,35,25,10
Blazingtotem,dunemaul,1791,shaman,restoration,137,71,66
Sìxnìne,tichondrius,1791,shaman,restoration,85,43,42
Canadalol,kelthuzad,1790,shaman,restoration,59,27,32
Hoonjojjyans,tichondrius,1788,shaman,restoration,30,22,8
Ericzlassoz,tichondrius,1788,shaman,restoration,78,47,31
Heeyas,tichondrius,1788,shaman,restoration,52,21,31
Richnick,proudmoore,1787,shaman,restoration,318,164,154
Nktx,tichondrius,1784,shaman,restoration,166,88,78
Kromgul,malfurion,1784,shaman,restoration,102,48,54
Petrafk,illidan,1783,shaman,restoration,161,72,89
Kimflo,tichondrius,1782,shaman,restoration,741,368,373
Svondo,illidan,1781,shaman,restoration,42,27,15
Erbicklet,ragnaros,1781,shaman,restoration,214,113,101
Tarròò,bleeding-hollow,1780,shaman,restoration,66,35,31
Hordeoeuvre,zuljin,1780,shaman,restoration,48,23,25
Youngresto,tichondrius,1776,shaman,restoration,104,56,48
Chessyc,ragnaros,1776,shaman,restoration,101,47,54
Kencyi,tichondrius,1775,shaman,restoration,42,25,17
Rookieshaman,tichondrius,1774,shaman,restoration,84,44,40
Windmyl,emerald-dream,1773,shaman,restoration,86,50,36
Namso,tichondrius,1773,shaman,restoration,60,27,33
Bluepigo,tichondrius,1771,shaman,restoration,73,33,40
Whitezzxx,tichondrius,1770,shaman,restoration,54,29,25
Onagi,frostmourne,1769,shaman,restoration,138,76,62
Shanasty,bleeding-hollow,1769,shaman,restoration,60,31,29
Sunyang,tichondrius,1769,shaman,restoration,125,59,66
Mastrionilol,stormrage,1768,shaman,restoration,58,25,33
Aliens,nerzhul,1765,shaman,restoration,65,31,34
Gatorwavez,bleeding-hollow,1764,shaman,restoration,101,57,44
Ränton,bleeding-hollow,1764,shaman,restoration,54,28,26
Charlesby,tichondrius,1763,shaman,restoration,216,124,92
Youliuhua,tichondrius,1763,shaman,restoration,54,26,28
Hydrocheck,tichondrius,1760,shaman,restoration,172,91,81
Julíp,tichondrius,1760,shaman,restoration,58,23,35
Mitchestic,illidan,1758,shaman,restoration,137,60,77
Rawdogginher,dalaran,1757,shaman,restoration,42,26,16
Vtuberirl,tichondrius,1757,shaman,restoration,47,27,20
Bogz,korgath,1756,shaman,restoration,311,152,159
Chonchastic,darkspear,1756,shaman,restoration,121,53,68
Bubbacheeks,area-52,1755,shaman,restoration,96,55,41
Okinn,malganis,1755,shaman,restoration,71,38,33
Zeonard,ragnaros,1755,shaman,restoration,396,207,189
Stórmstruck,area-52,1755,shaman,restoration,90,47,43
Chomang,stormreaver,1755,shaman,restoration,132,62,70
Sln,bleeding-hollow,1754,shaman,restoration,42,20,22
Groundingtot,hydraxis,1753,shaman,restoration,66,36,30
Chiggys,area-52,1752,shaman,restoration,71,36,35
Fatdixb,illidan,1749,shaman,restoration,64,38,26
Cpplol,tichondrius,1749,shaman,restoration,90,48,42
Biguaga,tichondrius,1748,shaman,restoration,66,38,28
Shawmen,zuljin,1748,shaman,restoration,208,110,98
Tayictwo,tichondrius,1748,shaman,restoration,72,37,35
Baseballcap,sargeras,1748,shaman,restoration,114,52,62
Xruok,kelthuzad,1747,shaman,restoration,57,35,22
Wizzyjr,tichondrius,1747,shaman,restoration,64,27,37
Kassper,tichondrius,1746,shaman,restoration,175,98,77
Xxchamana,ragnaros,1745,shaman,restoration,36,21,15
Purpose,nerzhul,1745,shaman,restoration,60,33,27
Lilgeeh,kelthuzad,1745,shaman,restoration,64,34,30
Stormstrikes,tichondrius,1744,shaman,restoration,106,53,53
Eboy,thrall,1743,shaman,restoration,346,172,174
Nerfmytotemz,frostmourne,1742,shaman,restoration,54,29,25
Saw,ghostlands,1740,shaman,restoration,54,23,31
Slowpo,illidan,1740,shaman,restoration,80,32,48
Earthspeaker,bleeding-hollow,1739,shaman,restoration,120,65,55
Badjojò,ragnaros,1739,shaman,restoration,42,22,20
Todayqt,malganis,1739,shaman,restoration,71,35,36
Bozzyy,illidan,1739,shaman,restoration,138,67,71
Animus,dark-iron,1738,shaman,restoration,88,53,35
Ftp,kelthuzad,1738,shaman,restoration,47,26,21
Boxfour,tichondrius,1738,shaman,restoration,147,69,78
Meskthemage,barthilas,1737,shaman,restoration,77,37,40
Esqueue,tichondrius,1736,shaman,restoration,36,22,14
Pookiexo,illidan,1736,shaman,restoration,41,25,16
Tideoverdose,tichondrius,1736,shaman,restoration,48,26,22
Fkwithme,burning-blade,1736,shaman,restoration,95,46,49
Abev,bonechewer,1736,shaman,restoration,48,22,26
Hustlenflow,tichondrius,1733,shaman,restoration,64,36,28
Zoeyzour,illidan,1733,shaman,restoration,494,256,238
Rantòn,bleeding-hollow,1733,shaman,restoration,59,27,32
Bakenquake,tichondrius,1732,shaman,restoration,42,23,19
Maloran,zuljin,1732,shaman,restoration,97,40,57
Multiduelist,bleeding-hollow,1731,shaman,restoration,60,40,20
Bigbadsac,frostmourne,1731,shaman,restoration,225,111,114
Laji,cairne,1731,shaman,restoration,245,120,125
Gki,tichondrius,1730,shaman,restoration,91,60,31
Flõp,dalaran,1729,shaman,restoration,32,22,10
Weenusbeenus,area-52,1724,shaman,restoration,236,128,108
Fourinchsham,tichondrius,1722,shaman,restoration,51,27,24
Shyuuroz,azralon,1721,shaman,restoration,29,20,9
Spampurge,emerald-dream,1721,shaman,restoration,36,21,15
Meeb,emerald-dream,1721,shaman,restoration,48,22,26
Blackpïnk,tichondrius,1719,shaman,restoration,215,107,108
Pkx,eitrigg,1718,shaman,restoration,64,29,35
Blackfancy,thrall,1716,shaman,restoration,68,37,31
Krazyc,sargeras,1716,shaman,restoration,102,52,50
Humiliated,stormrage,1716,shaman,restoration,60,28,32
Mandleman,tichondrius,1715,shaman,restoration,275,147,128
Phxhouse,illidan,1715,shaman,restoration,438,215,223
Toazty,stormscale,1714,shaman,restoration,87,48,39
Blackoutsx,stormreaver,1714,shaman,restoration,58,29,29
Bizzarro,azgalor,1713,shaman,restoration,79,40,39
Ðiglett,frostmourne,1713,shaman,restoration,146,72,74
Belarix,emerald-dream,1713,shaman,restoration,277,135,142
Diulama,tichondrius,1708,shaman,restoration,111,65,46
Beardyboi,arathor,1708,shaman,restoration,78,45,33
Zaapi,dalaran,1706,shaman,restoration,156,80,76
Cheddaman,kiljaeden,1706,shaman,restoration,72,34,38
Sensibleqt,tichondrius,1705,shaman,restoration,30,18,12
Chitoss,gorgonnash,1705,shaman,restoration,539,281,258
Slm,bleeding-hollow,1704,shaman,restoration,24,18,6
Tagisho,illidan,1704,shaman,restoration,60,33,27
Sylicious,barthilas,1703,shaman,restoration,48,28,20
Bestbrook,tichondrius,1703,shaman,restoration,198,98,100
Specifyz,arathor,1702,shaman,restoration,48,27,21
Flappygooch,illidan,1702,shaman,restoration,167,79,88
Shámgodx,tichondrius,1701,shaman,restoration,167,102,65
Elemka,sargeras,1700,shaman,restoration,36,24,12
Bigdictuna,sargeras,1700,shaman,restoration,278,150,128
Juicedbydad,kelthuzad,1700,shaman,restoration,152,77,75
Linsa,tichondrius,1699,shaman,restoration,162,95,67
Booramz,tichondrius,1698,shaman,restoration,36,24,12
Vegaslytes,tichondrius,1698,shaman,restoration,54,35,19
Renghostwolf,illidan,1698,shaman,restoration,36,18,18
Grizze,bonechewer,1698,shaman,restoration,120,59,61
Sacredcowxd,tichondrius,1697,shaman,restoration,101,55,46
Héadshot,bleeding-hollow,1697,shaman,restoration,229,115,114
Ozmats,malganis,1697,shaman,restoration,88,42,46
Bacon,lightninghoof,1697,shaman,restoration,272,127,145
Gjok,nemesis,1697,shaman,restoration,77,30,47
Raxshock,stormrage,1696,shaman,restoration,60,35,25
Kyma,black-dragonflight,1696,shaman,restoration,55,27,28
Magma,spirestone,1695,shaman,restoration,102,62,40
Shockxd,illidan,1695,shaman,restoration,48,25,23
Strives,icecrown,1695,shaman,restoration,120,60,60
Gilbert,firetree,1695,shaman,restoration,41,20,21
Mawcus,zuljin,1694,shaman,restoration,24,18,6
Montageb,illidan,1694,shaman,restoration,39,29,10
Møp,spirestone,1694,shaman,restoration,143,72,71
Redek,sargeras,1693,shaman,restoration,303,167,136
Heniu,tichondrius,1693,shaman,restoration,135,66,69
Semtechs,tichondrius,1691,shaman,restoration,606,294,312
Eletius,tichondrius,1690,shaman,restoration,29,26,3
Sin,bleeding-hollow,1690,shaman,restoration,36,20,16
Señordoge,malganis,1690,shaman,restoration,50,25,25
Brokewitch,area-52,1690,shaman,restoration,54,26,28
Raywhiter,tichondrius,1690,shaman,restoration,84,40,44
Wegoagain,tichondrius,1690,shaman,restoration,42,20,22
Shacewoman,altar-of-storms,1690,shaman,restoration,198,92,106
Tzyorz,illidan,1689,shaman,restoration,248,132,116
Vexxs,shadowmoon,1689,shaman,restoration,48,25,23
Anasyed,emerald-dream,1688,shaman,restoration,36,21,15
Hexmix,muradin,1688,shaman,restoration,72,32,40
Telchar,quelthalas,1687,shaman,restoration,221,127,94
Cornstalk,illidan,1687,shaman,restoration,65,32,33
Moorgl,tichondrius,1687,shaman,restoration,77,36,41
Shk,illidan,1686,shaman,restoration,42,27,15
Kunsiha,tichondrius,1686,shaman,restoration,47,28,19
Dxxlol,tichondrius,1686,shaman,restoration,89,43,46
Krewesham,uldaman,1685,shaman,restoration,52,30,22
Goobie,crushridge,1684,shaman,restoration,84,52,32
Funkesapien,tichondrius,1684,shaman,restoration,72,32,40
Prowdt,azralon,1683,shaman,restoration,526,275,251
Blueteam,blackrock,1682,shaman,restoration,54,28,26
Tanta,gurubashi,1682,shaman,restoration,75,34,41
Bizzarra,azshara,1681,shaman,restoration,39,26,13
Shxl,zuljin,1681,shaman,restoration,30,20,10
Touchmytotmm,tichondrius,1681,shaman,restoration,36,20,16
Abulailah,sargeras,1681,shaman,restoration,126,66,60
Vayces,barthilas,1681,shaman,restoration,211,110,101
Ibreakanklez,bleeding-hollow,1681,shaman,restoration,42,20,22
Hoshwear,azralon,1680,shaman,restoration,138,78,60
Cosmô,sargeras,1679,shaman,restoration,48,20,28
Isagii,stormrage,1677,shaman,restoration,65,38,27
Ghomragar,antonidas,1677,shaman,restoration,111,51,60
Avgshaman,illidan,1677,shaman,restoration,66,28,38
Èmaxx,barthilas,1676,shaman,restoration,30,18,12
Dingfu,sargeras,1676,shaman,restoration,202,117,85
Rynoh,dalaran,1676,shaman,restoration,127,67,60
Shamankie,tichondrius,1676,shaman,restoration,64,25,39
Elementorx,stormrage,1675,shaman,restoration,262,137,125
Imd,tichondrius,1674,shaman,restoration,48,22,26
Gabbin,dalaran,1673,shaman,restoration,30,18,12
Dgshaman,tichondrius,1673,shaman,restoration,62,36,26
Horizonsham,stormrage,1673,shaman,restoration,90,48,42
Sorgal,area-52,1673,shaman,restoration,66,26,40
Plzdontlos,illidan,1672,shaman,restoration,161,96,65
Urga,hyjal,1672,shaman,restoration,36,20,16
Daddybeaarr,thrall,1672,shaman,restoration,79,39,40
Gwapejuith,burning-blade,1672,shaman,restoration,52,21,31
Nerfmytotems,barthilas,1671,shaman,restoration,54,30,24
Devastaterr,bleeding-hollow,1671,shaman,restoration,134,69,65
Philbert,boulderfist,1670,shaman,restoration,86,56,30
Fatpandajim,frostmourne,1670,shaman,restoration,72,44,28
Óompaloompa,frostmourne,1670,shaman,restoration,48,22,26
Thelphor,nemesis,1669,shaman,restoration,48,24,24
Wûbbie,emerald-dream,1669,shaman,restoration,55,20,35
Benjaminx,tichondrius,1668,shaman,restoration,125,78,47
Envy,korialstrasz,1668,shaman,restoration,50,26,24
Victorin,zuljin,1667,shaman,restoration,120,68,52
Drekkhal,area-52,1666,shaman,restoration,178,104,74
Skipler,stormrage,1666,shaman,restoration,66,36,30
Wardruna,andorhal,1664,shaman,restoration,36,20,16
Harigomi,tichondrius,1663,shaman,restoration,651,334,317
Semnicktotem,area-52,1663,shaman,restoration,72,36,36
Shadowz,alexstrasza,1662,shaman,restoration,92,56,36
Shaminham,barthilas,1662,shaman,restoration,108,54,54
Victusk,tichondrius,1662,shaman,restoration,48,23,25
Reppinsix,sargeras,1662,shaman,restoration,58,24,34
Earthentotem,tichondrius,1661,shaman,restoration,36,23,13
Cháningtotem,frostmourne,1661,shaman,restoration,36,22,14
Abellone,tichondrius,1661,shaman,restoration,45,27,18
Randomshammy,stormrage,1661,shaman,restoration,90,51,39
Latorius,frostmourne,1660,shaman,restoration,213,123,90
Cmz,bleeding-hollow,1660,shaman,restoration,173,94,79
Mixxt,illidan,1660,shaman,restoration,42,22,20
Tizm,stormrage,1659,shaman,restoration,42,26,16
Joryu,tichondrius,1659,shaman,restoration,42,25,17
Snooze,ragnaros,1659,shaman,restoration,66,39,27
Prêttylights,bleeding-hollow,1659,shaman,restoration,36,20,16
Vrom,whisperwind,1659,shaman,restoration,102,56,46
Blck,malorne,1659,shaman,restoration,71,36,35
Elementàlius,quelthalas,1658,shaman,restoration,125,66,59
Totemslol,ysera,1658,shaman,restoration,161,83,78
Mastlau,tichondrius,1658,shaman,restoration,246,122,124
Dogecoincäsh,sargeras,1657,shaman,restoration,152,84,68
Gorillox,chogall,1657,shaman,restoration,42,23,19
Polarities,malganis,1657,shaman,restoration,96,44,52
Hexworker,barthilas,1657,shaman,restoration,59,23,36
Treemanp,tichondrius,1656,shaman,restoration,244,147,97
Kolanji,akama,1656,shaman,restoration,102,55,47
Centalinkxox,frostmourne,1656,shaman,restoration,93,48,45
Deephole,illidan,1656,shaman,restoration,295,144,151
Zuescannon,kelthuzad,1656,shaman,restoration,84,39,45
Bolteon,malganis,1654,shaman,restoration,36,24,12
Lustsx,tichondrius,1653,shaman,restoration,48,29,19
Novoz,tichondrius,1653,shaman,restoration,42,24,18
Lfgzookeeper,malganis,1653,shaman,restoration,42,22,20
Whameradetu,suramar,1653,shaman,restoration,71,31,40
Tigrains,proudmoore,1652,shaman,restoration,43,26,17
Sittinn,malganis,1652,shaman,restoration,215,114,101
Bobbybigdam,tichondrius,1652,shaman,restoration,135,68,67
Mistarklean,malganis,1652,shaman,restoration,165,83,82
Camer,sargeras,1650,shaman,restoration,108,56,52
Dolshamizzy,tichondrius,1650,shaman,restoration,202,101,101
Hazexo,zuljin,1650,shaman,restoration,48,19,29
Jnzz,area-52,1649,shaman,restoration,72,40,32
Raln,malfurion,1648,shaman,restoration,44,33,11
Ethikas,tichondrius,1648,shaman,restoration,48,25,23
Hamrok,moon-guard,1648,shaman,restoration,98,48,50
Okïòmó,proudmoore,1648,shaman,restoration,47,21,26
Afktotems,suramar,1648,shaman,restoration,48,18,30
Zechary,proudmoore,1647,shaman,restoration,71,43,28
Fuzzymuzzy,illidan,1646,shaman,restoration,112,58,54
Badclass,the-underbog,1645,shaman,restoration,65,36,29
Amdshaman,thrall,1645,shaman,restoration,67,37,30
Luckyscatter,frostmourne,1645,shaman,restoration,48,23,25
Jieyanlol,tichondrius,1644,shaman,restoration,130,79,51
Mayim,sargeras,1644,shaman,restoration,30,18,12
Neosham,frostwolf,1644,shaman,restoration,100,48,52
Éspresso,moon-guard,1642,shaman,restoration,102,50,52
Surginate,zuljin,1642,shaman,restoration,52,25,27
Ekss,tichondrius,1642,shaman,restoration,48,19,29
Thunderspark,tichondrius,1641,shaman,restoration,78,43,35
Ric,malganis,1641,shaman,restoration,45,24,21
Qksilverz,nemesis,1641,shaman,restoration,119,60,59
Alett,arathor,1641,shaman,restoration,106,53,53
Squimbert,tichondrius,1641,shaman,restoration,48,21,27
Singleorigin,tichondrius,1641,shaman,restoration,105,41,64
Akheeta,tichondrius,1639,shaman,restoration,69,47,22
Youarenothim,area-52,1639,shaman,restoration,42,27,15
Ballmeblazer,tichondrius,1639,shaman,restoration,30,19,11
Ciroc,sargeras,1639,shaman,restoration,35,19,16
Tyranitaur,frostmourne,1639,shaman,restoration,48,23,25
Beastofmagic,illidan,1638,shaman,restoration,125,68,57
Shakrakhan,tichondrius,1638,shaman,restoration,84,42,42
Songo,frostmane,1638,shaman,restoration,48,21,27
Exshocks,tichondrius,1636,shaman,restoration,66,35,31
Macksimas,tichondrius,1636,shaman,restoration,42,22,20
Pressyocds,darkspear,1635,shaman,restoration,47,28,19
Thetotemtaco,tichondrius,1635,shaman,restoration,44,23,21
Stitchez,illidan,1635,shaman,restoration,45,21,24
Angelbie,tichondrius,1635,shaman,restoration,80,37,43
Zrosurge,stormrage,1634,shaman,restoration,44,23,21
Echoelements,tichondrius,1634,shaman,restoration,41,18,23
Jamieslays,korgath,1633,shaman,restoration,36,25,11
Kaili,illidan,1633,shaman,restoration,189,110,79
Uglybastrd,stormrage,1632,shaman,restoration,36,19,17
Rocksbury,malganis,1631,shaman,restoration,36,21,15
Hirah,frostmourne,1631,shaman,restoration,41,23,18
Zerocool,hyjal,1631,shaman,restoration,42,23,19
Shamanceylol,barthilas,1631,shaman,restoration,205,111,94
Yehbeen,tichondrius,1631,shaman,restoration,96,48,48
Wawsham,tichondrius,1631,shaman,restoration,48,19,29
Paperbot,barthilas,1629,shaman,restoration,42,21,21
Colterr,thunderhorn,1628,shaman,restoration,51,25,26
Ginju,madoran,1627,shaman,restoration,188,95,93
Yeeraldyn,quelthalas,1627,shaman,restoration,96,47,49
Wonima,tichondrius,1627,shaman,restoration,40,18,22
Manquez,tichondrius,1626,shaman,restoration,48,27,21
Enemyanemone,area-52,1626,shaman,restoration,42,23,19
Baern,thrall,1626,shaman,restoration,98,47,51
Dextor,stormreaver,1626,shaman,restoration,45,21,24
Streamsnipe,sargeras,1624,shaman,restoration,100,68,32
Restosêxual,tichondrius,1624,shaman,restoration,66,32,34
Drfentanylx,emerald-dream,1623,shaman,restoration,30,17,13
Xbk,tichondrius,1623,shaman,restoration,30,17,13
Plotwave,bleeding-hollow,1623,shaman,restoration,36,20,16
Ribbeye,tichondrius,1623,shaman,restoration,218,105,113
Hst,barthilas,1623,shaman,restoration,48,22,26
Kensyz,tichondrius,1622,shaman,restoration,30,17,13
Spiritry,tichondrius,1622,shaman,restoration,204,107,97
Sasgöb,illidan,1622,shaman,restoration,101,43,58
Enfusiontv,tichondrius,1621,shaman,restoration,30,21,9
Texmawave,moon-guard,1621,shaman,restoration,125,71,54
Quendella,aggramar,1621,shaman,restoration,84,46,38
Thuntard,bleeding-hollow,1621,shaman,restoration,48,23,25
Tianjiao,tichondrius,1619,shaman,restoration,133,78,55
Steveyy,frostmourne,1619,shaman,restoration,116,64,52
Keekballx,tichondrius,1619,shaman,restoration,60,28,32
Mastrionilol,dragonmaw,1619,shaman,restoration,60,25,35
Yoshìmìtsu,illidan,1618,shaman,restoration,102,53,49
Peegee,zuluhed,1618,shaman,restoration,96,42,54
Chacham,tichondrius,1617,shaman,restoration,166,92,74
Rockzoa,tichondrius,1617,shaman,restoration,84,34,50
Bakayarøu,tichondrius,1616,shaman,restoration,42,20,22
Juked,aegwynn,1616,shaman,restoration,48,21,27
Naisayyds,tichondrius,1615,shaman,restoration,30,17,13
Biased,sargeras,1615,shaman,restoration,42,17,25
Dazu,drakkari,1614,shaman,restoration,57,38,19
Insîdious,thrall,1614,shaman,restoration,36,21,15
Santral,ragnaros,1614,shaman,restoration,134,77,57
Doomtotems,area-52,1614,shaman,restoration,36,17,19
Kosiee,frostmourne,1614,shaman,restoration,36,17,19
Bostar,tichondrius,1613,shaman,restoration,108,59,49
Gordonramsai,sargeras,1613,shaman,restoration,325,173,152
Velar,frostwolf,1613,shaman,restoration,48,19,29
Esoterikk,malganis,1612,shaman,restoration,39,20,19
Weoo,doomhammer,1612,shaman,restoration,83,35,48
Mentyb,emerald-dream,1612,shaman,restoration,48,19,29
Purginperry,barthilas,1611,shaman,restoration,143,83,60
Gödöfbüdå,tichondrius,1611,shaman,restoration,48,25,23
Aishel,area-52,1611,shaman,restoration,54,28,26
Makocc,tichondrius,1611,shaman,restoration,48,24,24
Scroogz,emerald-dream,1611,shaman,restoration,132,64,68
Unbreakable,illidan,1611,shaman,restoration,103,49,54
Boffy,drenden,1611,shaman,restoration,42,19,23
Dreadxtotems,illidan,1610,shaman,restoration,77,42,35
Catchclause,eonar,1610,shaman,restoration,54,29,25
Orbys,illidan,1609,shaman,restoration,62,34,28
Kimchimi,tichondrius,1609,shaman,restoration,381,202,179
Rogrim,malganis,1609,shaman,restoration,89,46,43
Tesle,illidan,1609,shaman,restoration,72,33,39
Jazzlightnin,tichondrius,1609,shaman,restoration,77,35,42
Mcwindyfists,zuljin,1609,shaman,restoration,84,38,46
Oxicleanxo,tichondrius,1609,shaman,restoration,90,39,51
Ðoomed,kiljaeden,1608,shaman,restoration,30,19,11
Moosk,zuluhed,1607,shaman,restoration,57,32,25
Flêùrs,zuljin,1607,shaman,restoration,45,23,22
Starrey,frostmourne,1607,shaman,restoration,71,36,35
Quitnectar,aggramar,1607,shaman,restoration,54,26,28
Rainingheals,auchindoun,1607,shaman,restoration,44,19,25
Nagiska,ragnaros,1607,shaman,restoration,69,29,40
Randomshammy,area-52,1606,shaman,restoration,30,17,13
Hachikø,frostmourne,1606,shaman,restoration,192,98,94
Vulgrun,dalaran,1605,shaman,restoration,108,56,52
Hexrz,area-52,1605,shaman,restoration,42,21,21
Sliditin,tichondrius,1604,shaman,restoration,36,25,11
Bigamez,azuremyst,1604,shaman,restoration,259,139,120
Spampurge,blackwing-lair,1604,shaman,restoration,37,19,18
Pèpé,sargeras,1604,shaman,restoration,125,64,61
Lebs,barthilas,1603,shaman,restoration,38,24,14
Mahevagodx,ragnaros,1603,shaman,restoration,36,21,15
Repang,tichondrius,1603,shaman,restoration,66,37,29
Yarzin,azjolnerub,1603,shaman,restoration,48,25,23
Slermz,area-52,1603,shaman,restoration,96,39,57
Nethyxsoy,frostmourne,1602,shaman,restoration,54,33,21
Shiriloster,ragnaros,1602,shaman,restoration,84,41,43
Lacid,tichondrius,1601,shaman,restoration,68,42,26
Belshiro,sargeras,1601,shaman,restoration,108,51,57
Shocksfuker,stormrage,1600,shaman,restoration,104,58,46
Chingobling,illidan,1600,shaman,restoration,63,35,28
Succmytotems,tichondrius,1600,shaman,restoration,93,47,46
Shoxx,wyrmrest-accord,1600,shaman,restoration,42,21,21
Foilcap,bonechewer,1600,shaman,restoration,296,144,152
Improvedx,akama,1600,shaman,restoration,52,24,28
Ddogz,illidan,1600,shaman,restoration,48,21,27
Vernzi,laughing-skull,1599,shaman,restoration,54,34,20
Gulmuwu,zuljin,1599,shaman,restoration,38,22,16
Naweiv,caelestrasz,1599,shaman,restoration,96,49,47
Killercam,maiev,1599,shaman,restoration,517,262,255
Jizzlewizwiz,tichondrius,1599,shaman,restoration,211,103,108
Ryeqt,illidan,1598,shaman,restoration,47,23,24
Gemoz,tichondrius,1597,shaman,restoration,30,22,8
Torched,frostmourne,1597,shaman,restoration,68,45,23
Cdewschair,tichondrius,1597,shaman,restoration,55,32,23
Âpøllyøn,illidan,1597,shaman,restoration,112,59,53
Oninobu,sargeras,1597,shaman,restoration,145,76,69
Darcheros,quelthalas,1597,shaman,restoration,101,52,49
Noolube,barthilas,1597,shaman,restoration,78,36,42
Nottrhall,azralon,1596,shaman,restoration,32,21,11
Betterthanya,tichondrius,1596,shaman,restoration,70,33,37
Karratquake,sargeras,1595,shaman,restoration,54,26,28
Shocksauce,tichondrius,1594,shaman,restoration,160,83,77
Shamsom,tichondrius,1594,shaman,restoration,242,118,124
Gabant,azralon,1594,shaman,restoration,60,26,34
Hooldcool,tichondrius,1593,shaman,restoration,652,348,304
Moistydank,tichondrius,1592,shaman,restoration,173,98,75
Shocknrot,maelstrom,1592,shaman,restoration,44,24,20
Asøg,emerald-dream,1592,shaman,restoration,75,35,40
Fernetbrança,ragnaros,1591,shaman,restoration,110,56,54
Xypress,tichondrius,1591,shaman,restoration,48,21,27
Lazie,perenolde,1590,shaman,restoration,30,19,11
Uwuxdlol,tichondrius,1590,shaman,restoration,41,25,16
Tides,skullcrusher,1589,shaman,restoration,102,49,53
Meanbetty,illidan,1588,shaman,restoration,102,61,41
Haard,area-52,1588,shaman,restoration,72,28,44
Mcmufin,ysera,1587,shaman,restoration,61,32,29
Jsell,zuljin,1587,shaman,restoration,80,37,43
Turborundat,area-52,1586,shaman,restoration,225,127,98
Zad,spinebreaker,1586,shaman,restoration,42,22,20
Earthnsky,bleeding-hollow,1584,shaman,restoration,29,17,12
Totesmcgoatz,arthas,1584,shaman,restoration,81,44,37
Todems,kalecgos,1584,shaman,restoration,66,35,31
Goranzo,emerald-dream,1584,shaman,restoration,84,37,47
Vywolf,frostmourne,1583,shaman,restoration,80,46,34
Bluedynamite,tichondrius,1582,shaman,restoration,96,49,47
Lilcaju,sargeras,1581,shaman,restoration,29,18,11
Oxicleanxo,sargeras,1581,shaman,restoration,77,30,47
Tokuma,illidan,1580,shaman,restoration,76,32,44
Benta,zuljin,1579,shaman,restoration,114,62,52
Libangbang,tichondrius,1579,shaman,restoration,41,22,19
Vinnydsham,tichondrius,1579,shaman,restoration,34,18,16
Skoobasteeve,sargeras,1579,shaman,restoration,99,52,47
Brongar,bleeding-hollow,1579,shaman,restoration,173,83,90
Branasou,emerald-dream,1579,shaman,restoration,60,28,32
Sleepowl,tichondrius,1579,shaman,restoration,80,33,47
Chubbsxl,proudmoore,1578,shaman,restoration,66,33,33
Hexxercise,area-52,1577,shaman,restoration,74,52,22
Paradigm,sargeras,1577,shaman,restoration,72,44,28
Packspiritqt,tichondrius,1577,shaman,restoration,48,27,21
Asnalda,emerald-dream,1577,shaman,restoration,87,47,40
Chlckenx,tichondrius,1576,shaman,restoration,213,104,109
Dumerslayer,ragnaros,1575,shaman,restoration,54,29,25
Astrauk,nemesis,1575,shaman,restoration,160,84,76
Tarritos,ragnaros,1575,shaman,restoration,105,54,51
Kelta,kelthuzad,1575,shaman,restoration,117,55,62
Wolfsokar,emerald-dream,1575,shaman,restoration,154,67,87
Pherolex,tichondrius,1574,shaman,restoration,66,35,31
Kahuku,illidan,1574,shaman,restoration,105,55,50
Rainz,aggramar,1574,shaman,restoration,42,22,20
Szeav,tichondrius,1573,shaman,restoration,110,58,52
Paraplexed,blackrock,1573,shaman,restoration,167,83,84
Shamix,area-52,1573,shaman,restoration,84,39,45
Dawnyshock,arygos,1573,shaman,restoration,41,19,22
Durogh,darkspear,1573,shaman,restoration,85,33,52
Harth,zuljin,1572,shaman,restoration,134,75,59
Draidosh,area-52,1571,shaman,restoration,107,62,45
Allcatraz,zuljin,1571,shaman,restoration,184,91,93
Kaidis,jubeithos,1570,shaman,restoration,48,28,20
Yeamn,saurfang,1569,shaman,restoration,257,143,114
Kwzy,stormrage,1569,shaman,restoration,93,51,42
Intruzionall,barthilas,1569,shaman,restoration,277,146,131
Unchaman,ragnaros,1567,shaman,restoration,231,120,111
Askortus,stormrage,1566,shaman,restoration,90,49,41
Dadauera,azralon,1566,shaman,restoration,93,48,45
Pawbed,aegwynn,1565,shaman,restoration,236,126,110
Dduddaddu,tichondrius,1565,shaman,restoration,72,37,35
Kayadee,stormrage,1565,shaman,restoration,97,48,49
Spurske,emerald-dream,1564,shaman,restoration,78,32,46
Bigdampurge,illidan,1563,shaman,restoration,95,49,46
Waater,lightbringer,1562,shaman,restoration,86,49,37
Snakesoul,area-52,1561,shaman,restoration,139,75,64
Rugmat,tichondrius,1561,shaman,restoration,150,75,75
Ophitotem,zuljin,1561,shaman,restoration,60,27,33
Ssaotizi,tichondrius,1560,shaman,restoration,418,211,207
Wilmar,ragnaros,1560,shaman,restoration,66,33,33
Stonetides,tichondrius,1560,shaman,restoration,78,33,45
Odïn,tichondrius,1559,shaman,restoration,95,55,40
Ginkuma,illidan,1558,shaman,restoration,59,30,29
Rulf,proudmoore,1558,shaman,restoration,90,34,56
Bwinthewomb,stormrage,1557,shaman,restoration,154,83,71
Improvize,malganis,1557,shaman,restoration,76,36,40
Springtide,thrall,1556,shaman,restoration,118,64,54
Trapghost,cenarius,1556,shaman,restoration,93,46,47
Vzla,ragnaros,1555,shaman,restoration,96,54,42
Polared,hyjal,1555,shaman,restoration,88,40,48
Tsunamic,sargeras,1555,shaman,restoration,39,17,22
Millionvoltz,tichondrius,1554,shaman,restoration,45,26,19
Fenrirfuryy,tichondrius,1554,shaman,restoration,60,30,30
Plâto,stormrage,1554,shaman,restoration,42,21,21
Humpvack,tichondrius,1553,shaman,restoration,30,19,11
Hst,frostmourne,1552,shaman,restoration,30,17,13
Yggiz,stormrage,1551,shaman,restoration,66,36,30
Milkkshake,illidan,1551,shaman,restoration,316,153,163
Thunderkat,firetree,1551,shaman,restoration,80,36,44
Shulace,area-52,1550,shaman,restoration,96,47,49
Nosekandyz,chogall,1550,shaman,restoration,48,20,28
Zeusblaster,illidan,1549,shaman,restoration,77,40,37
Ryukims,tichondrius,1549,shaman,restoration,47,23,24
Goosha,tichondrius,1548,shaman,restoration,48,33,15
Ruupaul,kiljaeden,1548,shaman,restoration,30,17,13
Vanella,malganis,1548,shaman,restoration,66,34,32
Shayprime,tichondrius,1548,shaman,restoration,70,35,35
Stylebenderx,frostmourne,1548,shaman,restoration,36,18,18
Arkerus,emerald-dream,1547,shaman,restoration,60,33,27
Goatedsham,dalaran,1546,shaman,restoration,77,42,35
Scamgame,tichondrius,1545,shaman,restoration,36,27,9
Joeschhmoe,tichondrius,1545,shaman,restoration,102,56,46
Cherryboy,illidan,1545,shaman,restoration,218,106,112
Nobiggy,tichondrius,1545,shaman,restoration,84,39,45
Creatine,area-52,1544,shaman,restoration,95,54,41
Tyar,area-52,1543,shaman,restoration,137,64,73
Hakimi,thrall,1542,shaman,restoration,27,18,9
Kacham,nerzhul,1542,shaman,restoration,48,26,22
Bitxxnumber,tichondrius,1542,shaman,restoration,407,218,189
Sheared,area-52,1542,shaman,restoration,234,124,110
Camrellim,stormrage,1542,shaman,restoration,60,22,38
Pedren,thrall,1541,shaman,restoration,39,28,11
Shamxrob,sargeras,1541,shaman,restoration,78,46,32
Purgebotx,bleeding-hollow,1541,shaman,restoration,294,162,132
Deso,terenas,1541,shaman,restoration,124,64,60
Deathwards,frostmane,1541,shaman,restoration,114,53,61
Sistronok,bleeding-hollow,1540,shaman,restoration,48,28,20
Eatmymeatbal,illidan,1540,shaman,restoration,106,46,60
Chlknx,tichondrius,1538,shaman,restoration,42,18,24
Tenyks,tichondrius,1537,shaman,restoration,75,42,33
Yarl,ragnaros,1536,shaman,restoration,66,38,28
Primalistx,area-52,1536,shaman,restoration,76,38,38
Alexustexas,tichondrius,1535,shaman,restoration,147,86,61
Newshoes,burning-blade,1535,shaman,restoration,36,21,15
Hurky,sargeras,1535,shaman,restoration,116,64,52
Hexgodx,illidan,1534,shaman,restoration,24,16,8
Fwwrs,illidan,1534,shaman,restoration,31,19,12
World,frostmourne,1534,shaman,restoration,101,50,51
Nickwoper,emerald-dream,1533,shaman,restoration,24,16,8
Hruggol,bleeding-hollow,1533,shaman,restoration,120,63,57
Treasonreno,area-52,1533,shaman,restoration,232,115,117
Luckalicious,proudmoore,1532,shaman,restoration,30,16,14
Rsdyxjh,tichondrius,1532,shaman,restoration,57,27,30
Oscer,tichondrius,1532,shaman,restoration,84,39,45
Tripsit,illidan,1531,shaman,restoration,42,16,26
Chainstuff,area-52,1530,shaman,restoration,74,36,38
Baddaboom,sargeras,1530,shaman,restoration,54,25,29
Murkshamx,tichondrius,1529,shaman,restoration,24,16,8
Xotheweeknd,bleeding-hollow,1529,shaman,restoration,30,16,14
Savs,tichondrius,1528,shaman,restoration,39,22,17
Chilidawg,thrall,1528,shaman,restoration,135,74,61
Halfinha,nemesis,1528,shaman,restoration,608,310,298
Quady,zuljin,1528,shaman,restoration,57,27,30
Ballofduty,tichondrius,1527,shaman,restoration,48,21,27
Oldguy,ragnaros,1526,shaman,restoration,227,114,113
Angelabaaby,proudmoore,1525,shaman,restoration,85,45,40
Onepunchsham,illidan,1525,shaman,restoration,225,114,111
Arginine,tichondrius,1525,shaman,restoration,54,20,34
Woobsz,sargeras,1524,shaman,restoration,24,17,7
Folda,tichondrius,1524,shaman,restoration,53,22,31
Upholderxo,shadowmoon,1523,shaman,restoration,90,48,42
Wyått,emerald-dream,1523,shaman,restoration,139,72,67
Riptideafk,sargeras,1521,shaman,restoration,66,34,32
Moocatpie,illidan,1521,shaman,restoration,130,63,67
Rocyt,sargeras,1520,shaman,restoration,66,35,31
Kencysz,tichondrius,1520,shaman,restoration,39,19,20
Niian,skullcrusher,1519,shaman,restoration,72,40,32
Rbg,sargeras,1519,shaman,restoration,384,197,187
Aleforj,quelthalas,1519,shaman,restoration,55,27,28
Circuits,malganis,1518,shaman,restoration,85,46,39
Leyénddy,quelthalas,1518,shaman,restoration,30,16,14
Muruaic,dentarg,1516,shaman,restoration,172,88,84
Invokeesorin,area-52,1515,shaman,restoration,30,18,12
Jaegertotem,stormrage,1515,shaman,restoration,58,30,28
Lanzero,chogall,1514,shaman,restoration,66,40,26
Kaidman,tichondrius,1514,shaman,restoration,39,20,19
Rendas,fizzcrank,1513,shaman,restoration,42,21,21
Jbalvi,ragnaros,1512,shaman,restoration,257,135,122
Binladden,tichondrius,1511,shaman,restoration,84,49,35
Toteapole,malganis,1510,shaman,restoration,147,86,61
Balsonz,zuljin,1510,shaman,restoration,42,23,19
Lustlolol,korgath,1510,shaman,restoration,203,103,100
Besylate,illidan,1510,shaman,restoration,134,66,68
Rukkle,alterac-mountains,1510,shaman,restoration,36,17,19
Tampíco,ragnaros,1510,shaman,restoration,47,19,28
Cultsulyvahn,tichondrius,1509,shaman,restoration,138,69,69
Spongemama,tichondrius,1509,shaman,restoration,118,59,59
Woof,agamaggan,1509,shaman,restoration,91,44,47
Shamansrock,tichondrius,1509,shaman,restoration,36,16,20
Joltik,area-52,1508,shaman,restoration,225,112,113
Akubai,kelthuzad,1508,shaman,restoration,102,50,52
Hideontotem,barthilas,1508,shaman,restoration,82,39,43
Xiwg,tichondrius,1507,shaman,restoration,90,43,47
Ballistíc,boulderfist,1506,shaman,restoration,72,41,31
Shamankïng,proudmoore,1505,shaman,restoration,89,46,43
Nyf,khazgoroth,1505,shaman,restoration,72,30,42
Pikapiko,tichondrius,1504,shaman,restoration,30,16,14
Sushìroll,burning-legion,1504,shaman,restoration,114,58,56
Fujiyama,dark-iron,1504,shaman,restoration,225,113,112
Foragorn,stormrage,1504,shaman,restoration,364,179,185
Luxiaa,tichondrius,1504,shaman,restoration,125,55,70
Ban,blackrock,1503,shaman,restoration,45,26,19
Nessannix,stormrage,1503,shaman,restoration,348,186,162
Sharmut,bleeding-hollow,1503,shaman,restoration,234,125,109
Cokehealsx,tichondrius,1503,shaman,restoration,30,16,14
Agharn,moon-guard,1503,shaman,restoration,51,26,25
Leboy,tichondrius,1502,shaman,restoration,48,27,21
Sphaerus,tichondrius,1501,shaman,restoration,54,30,24
Torric,kalecgos,1501,shaman,restoration,126,64,62
Sellmysoul,kelthuzad,1501,shaman,restoration,129,65,64
Hennytides,zuljin,1501,shaman,restoration,89,44,45
Smitytotems,tichondrius,1500,shaman,restoration,182,98,84
Targhal,tichondrius,1500,shaman,restoration,318,163,155
Wazskood,stormrage,1500,shaman,restoration,453,230,223
Gangzmmsk,tichondrius,1499,shaman,restoration,30,22,8
Esa,andorhal,1499,shaman,restoration,99,59,40
Tevya,dalvengyr,1499,shaman,restoration,137,70,67
Adrec,quelthalas,1498,shaman,restoration,54,27,27
Vernacks,area-52,1497,shaman,restoration,36,23,13
ßread,illidan,1497,shaman,restoration,179,86,93
Dogood,tichondrius,1496,shaman,restoration,108,51,57
Quakess,zuljin,1494,shaman,restoration,66,28,38
Rhox,azralon,1493,shaman,restoration,30,16,14
Elecpod,frostmourne,1493,shaman,restoration,76,39,37
Shamanship,haomarush,1492,shaman,restoration,29,18,11
Reformeddogs,tichondrius,1492,shaman,restoration,63,36,27
Ärtful,illidan,1492,shaman,restoration,108,58,50
Pidel,tichondrius,1492,shaman,restoration,42,22,20
Sbrinz,thrall,1492,shaman,restoration,48,24,24
Powergeyser,blackhand,1492,shaman,restoration,36,17,19
Shamfold,illidan,1492,shaman,restoration,66,31,35
Køtømine,ragnaros,1491,shaman,restoration,106,67,39
Vanklayser,ragnaros,1491,shaman,restoration,108,54,54
Thunderphury,proudmoore,1491,shaman,restoration,131,59,72
Zombaschamy,ragnaros,1490,shaman,restoration,30,17,13
Flamehorns,malganis,1490,shaman,restoration,89,47,42
Artsha,tol-barad,1490,shaman,restoration,94,48,46
Halloweenz,area-52,1489,shaman,restoration,42,24,18
Teerex,tortheldrin,1489,shaman,restoration,81,42,39
Hwyl,frostmourne,1489,shaman,restoration,113,50,63
Gattious,illidan,1488,shaman,restoration,96,48,48
Flubydont,icecrown,1488,shaman,restoration,120,58,62
Miroen,tichondrius,1488,shaman,restoration,170,82,88
Hoboman,chogall,1488,shaman,restoration,42,17,25
Aceshamm,kelthuzad,1487,shaman,restoration,114,65,49
Kephax,eonar,1487,shaman,restoration,156,81,75
Bluetooth,stormrage,1487,shaman,restoration,107,52,55
Airenne,vashj,1487,shaman,restoration,54,26,28
Phrophetzee,altar-of-storms,1487,shaman,restoration,51,23,28
Mikeyodinson,area-52,1486,shaman,restoration,83,45,38
Supdaug,vashj,1486,shaman,restoration,92,48,44
Macnata,azralon,1486,shaman,restoration,70,34,36
Wuruizec,illidan,1485,shaman,restoration,83,41,42
Vajoku,proudmoore,1484,shaman,restoration,58,29,29
Koomrog,frostmourne,1483,shaman,restoration,62,36,26
Kaytahn,proudmoore,1483,shaman,restoration,78,40,38
Turtleinmud,frostmourne,1483,shaman,restoration,96,49,47
Buffdestru,azralon,1482,shaman,restoration,185,102,83
Carltonbanks,aggramar,1482,shaman,restoration,42,22,20
Ironcrag,moon-guard,1482,shaman,restoration,328,170,158
Buffduude,shadowsong,1482,shaman,restoration,78,38,40
Siyusm,illidan,1482,shaman,restoration,132,58,74
Trenhance,stormrage,1481,shaman,restoration,30,23,7
Abcmbx,illidan,1481,shaman,restoration,184,100,84
Smearedbeard,bleeding-hollow,1481,shaman,restoration,138,72,66
Eggrollninja,illidan,1480,shaman,restoration,72,45,27
Ericzztotem,tichondrius,1480,shaman,restoration,60,34,26
Elementols,azralon,1480,shaman,restoration,48,23,25
Babbz,sargeras,1480,shaman,restoration,71,31,40
Vazlah,tichondrius,1479,shaman,restoration,24,16,8
Curtrex,amanthul,1479,shaman,restoration,41,24,17
Pamaj,kelthuzad,1479,shaman,restoration,105,48,57
Discofoot,wyrmrest-accord,1479,shaman,restoration,44,17,27
Rumkin,malganis,1478,shaman,restoration,106,58,48
Kuhdos,caelestrasz,1478,shaman,restoration,66,34,32
Takemyprocs,ragnaros,1478,shaman,restoration,67,33,34
Rsham,dragonmaw,1477,shaman,restoration,54,28,26
Mkyz,tichondrius,1477,shaman,restoration,143,74,69
Needneed,tichondrius,1477,shaman,restoration,41,18,23
Mutaishammy,barthilas,1476,shaman,restoration,102,50,52
Defac,proudmoore,1475,shaman,restoration,72,42,30
Maxchungie,azshara,1475,shaman,restoration,30,16,14
Boryndor,stormrage,1475,shaman,restoration,63,33,30
Totemism,warsong,1474,shaman,restoration,42,25,17
Umadilia,area-52,1474,shaman,restoration,54,31,23
Santiagodx,ragnaros,1473,shaman,restoration,322,160,162
Tawahka,hyjal,1472,shaman,restoration,274,137,137
Maakasarg,tichondrius,1472,shaman,restoration,106,51,55
Brainal,sargeras,1472,shaman,restoration,60,25,35
Ùbbzy,illidan,1470,shaman,restoration,56,36,20
Tamzlol,the-forgotten-coast,1470,shaman,restoration,59,27,32
Murm,burning-blade,1470,shaman,restoration,42,19,23
Bazinguinha,azralon,1469,shaman,restoration,190,97,93
Urb,moknathal,1469,shaman,restoration,151,76,75
Azumaa,tichondrius,1468,shaman,restoration,285,141,144
Shockszz,onyxia,1468,shaman,restoration,161,76,85
Lavamon,illidan,1467,shaman,restoration,27,17,10
Kshock,hyjal,1467,shaman,restoration,47,26,21
Insertyzs,azralon,1467,shaman,restoration,88,48,40
Krilick,blackrock,1467,shaman,restoration,107,57,50
Tizz,quelthalas,1467,shaman,restoration,142,69,73
Keenie,shadow-council,1467,shaman,restoration,35,17,18
Synkrona,tichondrius,1467,shaman,restoration,44,19,25
Girthquake,agamaggan,1467,shaman,restoration,60,23,37
Aguinha,azralon,1466,shaman,restoration,84,43,41
Cinematticz,tichondrius,1466,shaman,restoration,132,67,65
Juvîa,emerald-dream,1466,shaman,restoration,156,76,80
Kaaying,tichondrius,1466,shaman,restoration,73,29,44
Jimmymaclroy,frostmourne,1465,shaman,restoration,120,62,58
Andiamo,deathwing,1465,shaman,restoration,136,60,76
Lunds,tichondrius,1464,shaman,restoration,84,42,42
Sikotics,area-52,1464,shaman,restoration,141,69,72
Sonofwolf,frostmourne,1462,shaman,restoration,64,40,24
Vewdew,guldan,1462,shaman,restoration,138,77,61
Zinns,dalaran,1462,shaman,restoration,135,69,66
Leca,tichondrius,1462,shaman,restoration,136,63,73
Thunderborn,laughing-skull,1461,shaman,restoration,54,27,27
Smartakkar,emerald-dream,1460,shaman,restoration,57,36,21
Freakytiki,azshara,1460,shaman,restoration,70,43,27
Sarkhanvol,aggramar,1460,shaman,restoration,72,42,30
Voluptuous,mannoroth,1460,shaman,restoration,936,471,465
Pissticles,bleeding-hollow,1460,shaman,restoration,214,106,108
Bighaircut,darkspear,1460,shaman,restoration,174,81,93
Erthshawk,wildhammer,1459,shaman,restoration,120,63,57
Specify,arathor,1459,shaman,restoration,153,73,80
Nilstorm,quelthalas,1458,shaman,restoration,72,38,34
Shangdide,tichondrius,1458,shaman,restoration,43,22,21
Ivìxi,area-52,1458,shaman,restoration,88,37,51
Isekai,alterac-mountains,1457,shaman,restoration,323,168,155
Spizzy,moon-guard,1456,shaman,restoration,48,28,20
Pickledegg,tichondrius,1456,shaman,restoration,51,27,24
Draüguss,azralon,1456,shaman,restoration,155,74,81
Yamazakì,nemesis,1455,shaman,restoration,87,40,47
Furrytotems,darkspear,1455,shaman,restoration,126,56,70
Xajsham,tichondrius,1454,shaman,restoration,127,70,57
Trewlolz,sargeras,1454,shaman,restoration,48,24,24
Redaxe,tichondrius,1453,shaman,restoration,54,30,24
Juicypork,moon-guard,1453,shaman,restoration,44,24,20
Elementgodx,skullcrusher,1453,shaman,restoration,152,81,71
Twistah,firetree,1453,shaman,restoration,57,30,27
Scrototëm,azralon,1452,shaman,restoration,397,216,181
Huroth,proudmoore,1452,shaman,restoration,48,16,32
Purgenx,tichondrius,1451,shaman,restoration,52,29,23
Jwondo,area-52,1451,shaman,restoration,62,26,36
Splonkydonky,stonemaul,1450,shaman,restoration,30,18,12
Tidalstorm,ragnaros,1450,shaman,restoration,90,52,38
Orkshammy,illidan,1450,shaman,restoration,46,26,20
Mabite,frostmourne,1450,shaman,restoration,48,22,26
Thungo,thaurissan,1450,shaman,restoration,42,19,23
Memorix,stonemaul,1450,shaman,restoration,54,21,33
Háshi,illidan,1448,shaman,restoration,42,24,18
Rapwnzel,tichondrius,1448,shaman,restoration,63,33,30
Stylesp,area-52,1448,shaman,restoration,155,75,80
Hurú,azralon,1448,shaman,restoration,103,47,56
Arkuldash,tichondrius,1447,shaman,restoration,78,40,38
Htsu,quelthalas,1447,shaman,restoration,34,17,17
Yossarabi,bleeding-hollow,1447,shaman,restoration,126,57,69
Lastdwarf,tichondrius,1446,shaman,restoration,29,18,11
Kimware,emerald-dream,1446,shaman,restoration,45,25,20
Ondra,frostmourne,1446,shaman,restoration,94,52,42
Schav,stormrage,1445,shaman,restoration,67,41,26
Tideful,area-52,1445,shaman,restoration,102,45,57
Totembarx,illidan,1444,shaman,restoration,64,41,23
Rommel,azralon,1444,shaman,restoration,57,32,25
Freesolo,barthilas,1444,shaman,restoration,312,154,158
Shazik,spirestone,1444,shaman,restoration,66,29,37
Blastoíse,area-52,1442,shaman,restoration,30,16,14
Pýe,bleeding-hollow,1442,shaman,restoration,89,47,42
Aemi,tichondrius,1442,shaman,restoration,211,108,103
Whoshealing,lightninghoof,1442,shaman,restoration,120,61,59
Boozi,sargeras,1442,shaman,restoration,48,24,24
Blaydin,elune,1442,shaman,restoration,42,20,22
Dókki,tichondrius,1441,shaman,restoration,57,32,25
Jupider,nathrezim,1441,shaman,restoration,45,18,27
Problamatic,tichondrius,1440,shaman,restoration,84,46,38
Kratór,kelthuzad,1440,shaman,restoration,89,45,44
Kaskä,tichondrius,1439,shaman,restoration,24,15,9
Gullirachad,stormrage,1439,shaman,restoration,30,15,15
Lurue,tichondrius,1438,shaman,restoration,54,32,22
Sagester,illidan,1438,shaman,restoration,28,16,12
Mòo,barthilas,1438,shaman,restoration,148,78,70
Badshock,area-52,1437,shaman,restoration,48,30,18
Pbjlover,illidan,1437,shaman,restoration,55,30,25
Praxis,tichondrius,1437,shaman,restoration,154,79,75
Miketheseal,bleeding-hollow,1437,shaman,restoration,36,15,21
Jhakrï,tichondrius,1437,shaman,restoration,36,15,21
Owtyobwol,area-52,1436,shaman,restoration,24,15,9
Enalen,argent-dawn,1436,shaman,restoration,123,67,56
ßøvîn,thrall,1436,shaman,restoration,137,71,66
Totomayo,tichondrius,1435,shaman,restoration,40,24,16
Urin,emerald-dream,1435,shaman,restoration,63,32,31
Dawny,arygos,1435,shaman,restoration,36,15,21
Synshari,frostmourne,1434,shaman,restoration,51,29,22
Ãrthor,stormrage,1434,shaman,restoration,78,42,36
Libragirl,tichondrius,1434,shaman,restoration,244,124,120
Crittingbull,veknilash,1434,shaman,restoration,382,194,188
Rinnan,malganis,1433,shaman,restoration,109,50,59
Xaltas,moon-guard,1432,shaman,restoration,76,46,30
Sploosh,norgannon,1432,shaman,restoration,44,26,18
Blowurbubble,tichondrius,1432,shaman,restoration,54,29,25
Ongob,kelthuzad,1432,shaman,restoration,30,15,15
Iightning,frostwolf,1432,shaman,restoration,36,15,21
Moolx,tichondrius,1431,shaman,restoration,18,15,3
Xuesu,tichondrius,1431,shaman,restoration,42,28,14
Shamjam,moon-guard,1431,shaman,restoration,24,15,9
Bluebones,frostmane,1431,shaman,restoration,30,17,13
Resonence,bleeding-hollow,1431,shaman,restoration,60,30,30
Deosculation,tichondrius,1431,shaman,restoration,47,23,24
Totem,burning-legion,1431,shaman,restoration,36,16,20
Maheva,ragnaros,1430,shaman,restoration,24,16,8
Fatherrtime,illidan,1430,shaman,restoration,48,26,22
Galeswind,sargeras,1430,shaman,restoration,72,36,36
Phado,tichondrius,1430,shaman,restoration,42,16,26
Sàuron,tichondrius,1428,shaman,restoration,234,124,110
Valst,kiljaeden,1427,shaman,restoration,156,81,75
Kandin,icecrown,1426,shaman,restoration,130,67,63
Zuralah,nemesis,1426,shaman,restoration,312,154,158
Playdohz,frostmourne,1426,shaman,restoration,36,15,21
Damoclez,jubeithos,1426,shaman,restoration,69,27,42
Gumballin,sargeras,1425,shaman,restoration,32,21,11
Macdab,malganis,1425,shaman,restoration,42,23,19
Feldstar,stormrage,1424,shaman,restoration,133,67,66
Tankseven,tichondrius,1424,shaman,restoration,48,23,25
Kudas,tichondrius,1423,shaman,restoration,30,15,15
Atorinà,tichondrius,1423,shaman,restoration,30,15,15
Kamltoetm,proudmoore,1423,shaman,restoration,58,28,30
Rekashaki,illidan,1423,shaman,restoration,42,20,22
Gluestix,bleeding-hollow,1422,shaman,restoration,49,27,22
Idowhatcdont,kelthuzad,1421,shaman,restoration,24,15,9
Wumx,tichondrius,1421,shaman,restoration,102,45,57
Jru,tichondrius,1421,shaman,restoration,37,16,21
Boonno,tichondrius,1421,shaman,restoration,36,15,21
Shyva,frostmourne,1420,shaman,restoration,24,15,9
Samanl,tichondrius,1420,shaman,restoration,77,44,33
Dîabeetus,moon-guard,1420,shaman,restoration,100,53,47
Molotoff,stormrage,1420,shaman,restoration,51,23,28
Hyonkh,tichondrius,1419,shaman,restoration,95,51,44
Totemfizzle,spirestone,1419,shaman,restoration,66,34,32
Biubiuz,tichondrius,1419,shaman,restoration,30,15,15
Pümba,azralon,1419,shaman,restoration,30,15,15
Choochette,illidan,1419,shaman,restoration,168,76,92
Guho,tichondrius,1418,shaman,restoration,29,18,11
Knownflexer,magtheridon,1418,shaman,restoration,170,98,72
Earthside,ragnaros,1418,shaman,restoration,30,15,15
Dreädwolf,thrall,1417,shaman,restoration,36,21,15
Krono,rexxar,1417,shaman,restoration,59,30,29
Xiaoya,tichondrius,1416,shaman,restoration,19,15,4
Kustys,tichondrius,1416,shaman,restoration,36,21,15
Jfrzd,tichondrius,1414,shaman,restoration,43,27,16
Uncleg,frostmourne,1414,shaman,restoration,54,33,21
Djshammy,barthilas,1414,shaman,restoration,80,42,38
Harbert,black-dragonflight,1414,shaman,restoration,235,123,112
Jammylol,frostmourne,1414,shaman,restoration,82,38,44
Massif,emerald-dream,1414,shaman,restoration,37,16,21
Bearmanshrek,tichondrius,1414,shaman,restoration,72,26,46
Zabatee,dalaran,1413,shaman,restoration,143,70,73
Grimtar,burning-blade,1412,shaman,restoration,48,24,24
Shamanology,echo-isles,1412,shaman,restoration,42,19,23
Xdxs,norgannon,1412,shaman,restoration,71,32,39
Goatpornbad,sargeras,1412,shaman,restoration,126,56,70
Windfrenzy,thrall,1412,shaman,restoration,54,23,31
Ellgric,emerald-dream,1412,shaman,restoration,68,28,40
Silhoustes,ragnaros,1411,shaman,restoration,24,15,9
Churgarm,zuljin,1411,shaman,restoration,236,129,107
Enflexi,lightbringer,1411,shaman,restoration,53,26,27
Worldx,barthilas,1411,shaman,restoration,308,149,159
Riptiddles,nordrassil,1411,shaman,restoration,54,19,35
Totemhype,tichondrius,1410,shaman,restoration,104,57,47
Purge,bleeding-hollow,1410,shaman,restoration,114,54,60
Otem,frostmourne,1410,shaman,restoration,50,23,27
Farö,azralon,1409,shaman,restoration,47,18,29
Mudtide,tichondrius,1408,shaman,restoration,142,80,62
Midew,proudmoore,1408,shaman,restoration,63,30,33
Duza,frostmourne,1407,shaman,restoration,53,31,22
Lanuur,moon-guard,1407,shaman,restoration,60,35,25
Ragnarüz,ragnaros,1407,shaman,restoration,37,21,16
Vibration,akama,1407,shaman,restoration,189,101,88
Hannamayzing,arathor,1407,shaman,restoration,42,19,23
Crowingraven,queldorei,1406,shaman,restoration,30,17,13
Elenix,area-52,1406,shaman,restoration,42,22,20
Multran,stormscale,1406,shaman,restoration,30,15,15
Thunderfucj,tichondrius,1406,shaman,restoration,61,22,39
Skelesham,zuljin,1405,shaman,restoration,54,34,20
Mlpz,black-dragonflight,1405,shaman,restoration,151,78,73
Mastashambtw,illidan,1405,shaman,restoration,30,15,15
Boppshock,tichondrius,1404,shaman,restoration,28,16,12
Xinz,guldan,1404,shaman,restoration,54,26,28
Zizö,barthilas,1404,shaman,restoration,42,19,23
Hexoffender,thunderlord,1404,shaman,restoration,69,30,39
Performix,sargeras,1404,shaman,restoration,36,15,21
Wuargh,area-52,1402,shaman,restoration,310,163,147
Tigs,alleria,1402,shaman,restoration,30,15,15
Totemgoddess,nemesis,1402,shaman,restoration,72,33,39
Kazino,stormrage,1401,shaman,restoration,49,32,17
Elpide,area-52,1401,shaman,restoration,36,23,13
Spiritwler,tichondrius,1401,shaman,restoration,78,39,39
Lildunny,tichondrius,1401,shaman,restoration,57,24,33
Kakolicious,stormrage,1400,shaman,restoration,36,20,16
Velesa,kiljaeden,1400,shaman,restoration,72,26,46
Viästa,ragnaros,1399,shaman,restoration,31,23,8
Satrixss,ragnaros,1399,shaman,restoration,102,58,44
Purgedubx,tichondrius,1399,shaman,restoration,399,207,192
Heebeegeebee,stormrage,1398,shaman,restoration,81,42,39
Hexshamy,azralon,1398,shaman,restoration,140,72,68
Curador,nemesis,1396,shaman,restoration,51,30,21
Teesham,drakthul,1396,shaman,restoration,148,77,71
Latosos,dalaran,1396,shaman,restoration,60,31,29
Kourage,illidan,1395,shaman,restoration,102,53,49
Capitaliron,agamaggan,1395,shaman,restoration,42,20,22
Drinkharder,stormrage,1395,shaman,restoration,34,16,18
Smooths,bloodscalp,1394,shaman,restoration,36,19,17
Uhd,malganis,1394,shaman,restoration,108,56,52
Elex,frostmourne,1394,shaman,restoration,170,80,90
Calliggolv,illidan,1394,shaman,restoration,47,21,26
Edwinjeans,hyjal,1393,shaman,restoration,112,62,50
Jakjohnson,stormrage,1393,shaman,restoration,33,18,15
Kakiscala,proudmoore,1393,shaman,restoration,30,16,14
Thegil,tichondrius,1392,shaman,restoration,114,50,64
Largeshaman,zuljin,1391,shaman,restoration,30,15,15
Rizam,malganis,1389,shaman,restoration,42,33,9
Reignz,moonrunner,1389,shaman,restoration,65,34,31
Kirawindu,zuljin,1387,shaman,restoration,69,39,30
Cheeziee,thrall,1387,shaman,restoration,88,44,44
Soowecide,tichondrius,1387,shaman,restoration,60,23,37
Rykku,illidan,1386,shaman,restoration,30,16,14
Cameltótém,sargeras,1386,shaman,restoration,108,57,51
Fuzbo,bleeding-hollow,1386,shaman,restoration,105,49,56
Jodalo,ragnaros,1385,shaman,restoration,173,92,81
Fungus,firetree,1384,shaman,restoration,48,26,22
Lyrig,lightbringer,1384,shaman,restoration,127,61,66
Orkwa,bleeding-hollow,1384,shaman,restoration,80,37,43
Afgoox,tichondrius,1382,shaman,restoration,162,88,74
Indesham,drenden,1382,shaman,restoration,40,20,20
Shamito,ragnaros,1382,shaman,restoration,73,36,37
Fishman,exodar,1382,shaman,restoration,101,45,56
Juky,emerald-dream,1382,shaman,restoration,67,29,38
Mythruxx,sargeras,1381,shaman,restoration,32,18,14
Çruces,illidan,1381,shaman,restoration,36,17,19
Siggmaster,chogall,1381,shaman,restoration,48,19,29
Derbain,caelestrasz,1380,shaman,restoration,36,18,18
Lleonardo,tichondrius,1380,shaman,restoration,90,44,46
Roostershama,tichondrius,1380,shaman,restoration,205,98,107
Bearlysober,draka,1379,shaman,restoration,101,56,45
Tákhisis,darkspear,1379,shaman,restoration,117,60,57
Ryùko,proudmoore,1379,shaman,restoration,108,44,64
Foray,barthilas,1378,shaman,restoration,84,48,36
Entropey,daggerspine,1378,shaman,restoration,99,52,47
Volzuna,wyrmrest-accord,1378,shaman,restoration,36,17,19
Ottoman,eredar,1378,shaman,restoration,75,32,43
Cowtidetotem,thrall,1377,shaman,restoration,42,21,21
Darado,kiljaeden,1377,shaman,restoration,45,20,25
Raisongreen,tichondrius,1376,shaman,restoration,67,35,32
Hugebrain,proudmoore,1376,shaman,restoration,190,81,109
Nomediocur,moknathal,1376,shaman,restoration,79,32,47
Shamankofwa,tichondrius,1374,shaman,restoration,36,23,13
Ahaw,area-52,1374,shaman,restoration,96,56,40
Roxzid,area-52,1374,shaman,restoration,57,33,24
Brosidan,anvilmar,1374,shaman,restoration,229,127,102
Jensenx,proudmoore,1374,shaman,restoration,82,38,44
Fíxer,tichondrius,1373,shaman,restoration,151,81,70
Mochiko,frostmourne,1372,shaman,restoration,133,70,63
Mudlùst,moon-guard,1370,shaman,restoration,106,57,49
Restosud,crushridge,1369,shaman,restoration,36,23,13
Fedinho,azralon,1368,shaman,restoration,161,88,73
Totemrack,tichondrius,1368,shaman,restoration,107,55,52
Nuggsfxce,frostmourne,1367,shaman,restoration,20,15,5
Drazic,area-52,1367,shaman,restoration,91,52,39
Earthsrage,illidan,1367,shaman,restoration,65,33,32
Shimansham,aegwynn,1367,shaman,restoration,319,160,159
Záheer,arthas,1367,shaman,restoration,77,38,39
Onlytidez,area-52,1367,shaman,restoration,77,35,42
Anußis,stormrage,1367,shaman,restoration,95,36,59
Shohzegky,azralon,1366,shaman,restoration,139,69,70
Papatreb,haomarush,1366,shaman,restoration,179,84,95
Aargonos,tichondrius,1365,shaman,restoration,29,23,6
Copuda,illidan,1365,shaman,restoration,137,72,65
Tumble,frostmourne,1365,shaman,restoration,111,54,57
Goub,skullcrusher,1364,shaman,restoration,29,16,13
Kymosoloshm,sargeras,1364,shaman,restoration,36,19,17
Shaquillius,tichondrius,1364,shaman,restoration,84,40,44
Krevsham,proudmoore,1364,shaman,restoration,62,26,36
Haldeir,frostmourne,1363,shaman,restoration,45,27,18
Shimta,kiljaeden,1363,shaman,restoration,83,45,38
Subnôize,bleeding-hollow,1362,shaman,restoration,141,75,66
Psiexrcst,tichondrius,1362,shaman,restoration,157,70,87
Overcåst,barthilas,1362,shaman,restoration,96,41,55
Mooh,stormscale,1361,shaman,restoration,42,24,18
Gromgrai,bleeding-hollow,1361,shaman,restoration,89,48,41
Yoloswage,tichondrius,1361,shaman,restoration,51,17,34
Kunchan,zuluhed,1360,shaman,restoration,30,18,12
Shockburst,dalaran,1360,shaman,restoration,42,25,17
Slothstorm,barthilas,1360,shaman,restoration,107,53,54
Rootsman,illidan,1360,shaman,restoration,65,29,36
Karnnages,cenarion-circle,1359,shaman,restoration,36,16,20
Rlzshaman,tichondrius,1358,shaman,restoration,36,17,19
Fàrrò,thrall,1357,shaman,restoration,78,45,33
Kiojin,ragnaros,1357,shaman,restoration,186,99,87
Johnnyblue,barthilas,1357,shaman,restoration,42,17,25
Ndz,anubarak,1356,shaman,restoration,72,41,31
Genjuu,proudmoore,1356,shaman,restoration,48,25,23
Wooskier,tichondrius,1355,shaman,restoration,60,32,28
Blickysham,tichondrius,1355,shaman,restoration,76,32,44
Hamshamwitch,shadowmoon,1353,shaman,restoration,36,17,19
Atnaz,drakkari,1352,shaman,restoration,42,24,18
Fencepost,bleeding-hollow,1352,shaman,restoration,150,81,69
Amperage,spirestone,1352,shaman,restoration,76,36,40
Kisimi,proudmoore,1351,shaman,restoration,36,23,13
Destrino,area-52,1351,shaman,restoration,54,25,29
Asskrap,daggerspine,1350,shaman,restoration,46,25,21
Foodlust,sargeras,1350,shaman,restoration,192,103,89
Esanim,tichondrius,1350,shaman,restoration,42,22,20
Mcshocks,area-52,1350,shaman,restoration,78,40,38
Joocer,emerald-dream,1350,shaman,restoration,144,73,71
Karrydoskftw,ragnaros,1349,shaman,restoration,200,102,98
Vsvs,tichondrius,1348,shaman,restoration,79,45,34
Barbosina,stormrage,1348,shaman,restoration,286,146,140
Dimitrio,azralon,1348,shaman,restoration,117,54,63
Chandye,proudmoore,1348,shaman,restoration,72,27,45
Greenenergy,tichondrius,1346,shaman,restoration,60,32,28
Charmize,azralon,1346,shaman,restoration,147,75,72
Imaspirit,malganis,1346,shaman,restoration,60,25,35
Saicey,zuljin,1345,shaman,restoration,134,75,59
Possessing,illidan,1345,shaman,restoration,60,23,37
Killonsight,tichondrius,1343,shaman,restoration,30,17,13
Shamicare,stormrage,1343,shaman,restoration,148,80,68
Quequin,quelthalas,1343,shaman,restoration,42,21,21
Wallflowerx,zuljin,1343,shaman,restoration,30,14,16
Handzum,blades-edge,1342,shaman,restoration,24,14,10
Dwârf,tichondrius,1342,shaman,restoration,24,14,10
Totemist,tichondrius,1342,shaman,restoration,90,44,46
Blayze,stormscale,1342,shaman,restoration,90,42,48
Fiizix,malganis,1342,shaman,restoration,30,14,16
Mythshaman,tichondrius,1342,shaman,restoration,87,39,48
Flekzs,blackhand,1341,shaman,restoration,24,16,8
Izarmona,bleeding-hollow,1341,shaman,restoration,30,18,12
Milkduzmegud,kelthuzad,1341,shaman,restoration,28,16,12
Nezzuk,quelthalas,1341,shaman,restoration,141,66,75
Weathersmell,sargeras,1341,shaman,restoration,30,14,16
Shockpanda,zuljin,1340,shaman,restoration,18,14,4
Mâdy,quelthalas,1340,shaman,restoration,64,35,29
Fallhazard,malganis,1340,shaman,restoration,64,35,29
Strohz,undermine,1340,shaman,restoration,88,47,41
Kachupinsito,ragnaros,1339,shaman,restoration,91,45,46
Shazamar,frostmourne,1339,shaman,restoration,55,26,29
Cannoliluvr,eldrethalas,1339,shaman,restoration,30,14,16
Forcè,bleeding-hollow,1339,shaman,restoration,30,14,16
Damador,tichondrius,1339,shaman,restoration,42,16,26
Karmatide,malganis,1338,shaman,restoration,42,26,16
Rzzn,sargeras,1338,shaman,restoration,24,14,10
Misswalksha,ragnaros,1338,shaman,restoration,24,14,10
Djbs,stormrage,1338,shaman,restoration,134,60,74
Dylie,tichondrius,1337,shaman,restoration,54,29,25
Bunnyele,tichondrius,1337,shaman,restoration,123,63,60
Cónò,tichondrius,1337,shaman,restoration,138,68,70
Furiousnick,stormrage,1337,shaman,restoration,31,15,16
Vanty,proudmoore,1337,shaman,restoration,89,38,51
Klimax,tichondrius,1337,shaman,restoration,54,23,31
Farfar,tichondrius,1336,shaman,restoration,18,14,4
Restoele,tichondrius,1336,shaman,restoration,24,14,10
Çdñ,tichondrius,1336,shaman,restoration,24,14,10
Cethun,amanthul,1336,shaman,restoration,148,72,76
Skylet,azralon,1336,shaman,restoration,58,25,33
Plausibility,moon-guard,1335,shaman,restoration,48,27,21
Shämwow,agamaggan,1335,shaman,restoration,1043,524,519
Snowtem,moonrunner,1335,shaman,restoration,42,20,22
Potf,illidan,1334,shaman,restoration,30,14,16
Nagumi,ragnaros,1333,shaman,restoration,24,16,8
Ekuku,tichondrius,1332,shaman,restoration,199,95,104
Gagr,illidan,1332,shaman,restoration,42,20,22
Twinkolava,nemesis,1331,shaman,restoration,67,40,27
Ixis,bleeding-hollow,1331,shaman,restoration,24,14,10
Zqshaman,tichondrius,1331,shaman,restoration,60,32,28
Cheliz,thrall,1331,shaman,restoration,195,95,100
Secyellen,tichondrius,1331,shaman,restoration,30,14,16
Edisto,darkspear,1331,shaman,restoration,30,14,16
Ofélia,azralon,1330,shaman,restoration,24,15,9
Joriko,magtheridon,1330,shaman,restoration,36,14,22
Exussh,tichondrius,1329,shaman,restoration,18,15,3
Clutchinbuds,malganis,1329,shaman,restoration,69,32,37
Graymatterz,ysondre,1329,shaman,restoration,84,37,47
Eccentrix,mannoroth,1329,shaman,restoration,36,14,22
Angron,barthilas,1328,shaman,restoration,34,21,13
Udungoofedd,the-underbog,1328,shaman,restoration,71,35,36
Sèrb,mugthol,1328,shaman,restoration,37,18,19
Elmoss,thrall,1328,shaman,restoration,36,14,22
Sindury,tichondrius,1327,shaman,restoration,319,169,150
Daddyk,gnomeregan,1327,shaman,restoration,89,47,42
Gruestorm,illidan,1327,shaman,restoration,30,14,16
Mkmprpr,tichondrius,1327,shaman,restoration,30,14,16
Rahkani,kiljaeden,1326,shaman,restoration,125,65,60
Tchaishammy,tichondrius,1326,shaman,restoration,29,14,15
Noobcrits,tichondrius,1325,shaman,restoration,48,27,21
Earthfirex,ragnaros,1325,shaman,restoration,25,14,11
Sipo,tichondrius,1325,shaman,restoration,30,14,16
Geser,silvermoon,1324,shaman,restoration,73,37,36
Klausnomi,jaedenar,1324,shaman,restoration,48,21,27
Meatballer,queldorei,1323,shaman,restoration,96,52,44
Oriyani,sargeras,1323,shaman,restoration,30,14,16
Bigbone,laughing-skull,1323,shaman,restoration,51,22,29
Orcaninja,zuljin,1322,shaman,restoration,28,15,13
Yarockheal,malganis,1322,shaman,restoration,60,31,29
Soulmiracle,tichondrius,1322,shaman,restoration,52,25,27
Glark,tichondrius,1322,shaman,restoration,36,14,22
Dxvxn,tichondrius,1321,shaman,restoration,73,37,36
Darmody,area-52,1321,shaman,restoration,52,20,32
Cleanfossil,stormrage,1319,shaman,restoration,41,24,17
Badião,azralon,1318,shaman,restoration,131,58,73
Rokir,tichondrius,1318,shaman,restoration,41,16,25
Bowén,frostmourne,1317,shaman,restoration,73,27,46
Tidalchief,dalaran,1316,shaman,restoration,58,40,18
Sephyros,ragnaros,1315,shaman,restoration,36,20,16
Beardcramps,tichondrius,1314,shaman,restoration,84,42,42
Drahkoma,illidan,1314,shaman,restoration,46,21,25
Elemen,quelthalas,1313,shaman,restoration,115,55,60
Antysham,emerald-dream,1312,shaman,restoration,24,14,10
Nyathera,barthilas,1312,shaman,restoration,132,68,64
Thuggliife,frostmourne,1312,shaman,restoration,55,27,28
Plop,tichondrius,1311,shaman,restoration,22,15,7
Youmad,moonrunner,1311,shaman,restoration,36,15,21
Ithappens,senjin,1310,shaman,restoration,30,16,14
Orlá,moon-guard,1310,shaman,restoration,54,18,36
Voodoototems,frostmourne,1309,shaman,restoration,93,50,43
Crazytotems,dalaran,1309,shaman,restoration,160,81,79
Hefestos,nemesis,1309,shaman,restoration,30,14,16
Absorblife,barthilas,1309,shaman,restoration,69,31,38
Brodems,sargeras,1308,shaman,restoration,42,21,21
Joyrider,sargeras,1308,shaman,restoration,149,74,75
Flamefüry,azralon,1307,shaman,restoration,36,18,18
Zetli,tichondrius,1307,shaman,restoration,84,37,47
Sukthistotem,kelthuzad,1306,shaman,restoration,30,20,10
Desgarcon,zuljin,1306,shaman,restoration,197,101,96
Gagonmytotem,tichondrius,1306,shaman,restoration,76,34,42
Daysub,crushridge,1306,shaman,restoration,38,15,23
Kissmeslowly,zuljin,1305,shaman,restoration,24,14,10
Nanishock,area-52,1305,shaman,restoration,90,45,45
Torgah,tichondrius,1305,shaman,restoration,96,47,49
Maserati,korialstrasz,1305,shaman,restoration,109,53,56
Bessame,sargeras,1304,shaman,restoration,136,75,61
Shamenatrix,darkspear,1304,shaman,restoration,369,185,184
Mooshi,exodar,1304,shaman,restoration,99,42,57
Hüsky,dalaran,1303,shaman,restoration,42,14,28
Babytiramisu,stormrage,1302,shaman,restoration,46,24,22
Tumble,barthilas,1302,shaman,restoration,52,26,26
Woodrose,frostmourne,1301,shaman,restoration,218,105,113
Badgeshock,area-52,1301,shaman,restoration,108,48,60
Bikutali,kiljaeden,1300,shaman,restoration,47,27,20
Cæl,azralon,1300,shaman,restoration,35,20,15
Buffele,tichondrius,1300,shaman,restoration,36,14,22
Pushaheal,tichondrius,1299,shaman,restoration,54,31,23
Starsetfan,zuljin,1299,shaman,restoration,67,37,30
Latin,aegwynn,1298,shaman,restoration,62,39,23
Smniss,tichondrius,1298,shaman,restoration,101,48,53
Wagesisdeath,illidan,1298,shaman,restoration,72,33,39
Ragerax,trollbane,1296,shaman,restoration,53,32,21
Glocksitotem,malganis,1296,shaman,restoration,173,93,80
Kalorra,whisperwind,1296,shaman,restoration,30,15,15
Teathin,ragnaros,1296,shaman,restoration,55,26,29
Kripnotik,nathrezim,1296,shaman,restoration,54,21,33
Bigtoy,frostmane,1296,shaman,restoration,42,14,28
Raininwishes,aegwynn,1295,shaman,restoration,24,14,10
Eekumbokum,bleeding-hollow,1295,shaman,restoration,86,46,40
Krishshammy,azshara,1295,shaman,restoration,171,86,85
Stormsurgë,bleeding-hollow,1295,shaman,restoration,34,15,19
Darrann,kiljaeden,1294,shaman,restoration,36,22,14
Moowik,emerald-dream,1294,shaman,restoration,84,45,39
Getco,tichondrius,1294,shaman,restoration,150,72,78
Kronko,frostmourne,1294,shaman,restoration,44,21,23
Shockbot,stormscale,1294,shaman,restoration,130,60,70
Qitian,tichondrius,1294,shaman,restoration,36,14,22
Fläkky,tichondrius,1293,shaman,restoration,45,23,22
Aseew,drakkari,1293,shaman,restoration,72,33,39
Bigtotempole,stormreaver,1293,shaman,restoration,86,38,48
Dewstorm,tichondrius,1293,shaman,restoration,41,18,23
Jetstream,shadow-council,1293,shaman,restoration,42,16,26
Slaggdaddy,durotan,1292,shaman,restoration,30,14,16
Twoflower,frostmourne,1291,shaman,restoration,566,289,277
Lollzerz,the-forgotten-coast,1291,shaman,restoration,54,22,32
Derkx,thrall,1289,shaman,restoration,42,29,13
Subai,area-52,1289,shaman,restoration,35,20,15
Siyuan,tichondrius,1289,shaman,restoration,72,40,32
Lawlsham,korgath,1288,shaman,restoration,30,16,14
Aviator,muradin,1288,shaman,restoration,36,19,17
Youneverknow,frostmourne,1288,shaman,restoration,244,121,123
Azhen,ragnaros,1288,shaman,restoration,150,74,76
Unishamx,malganis,1287,shaman,restoration,27,14,13
Grandbunder,tichondrius,1287,shaman,restoration,66,32,34
Shaokhang,emerald-dream,1287,shaman,restoration,104,49,55
Ulala,azshara,1287,shaman,restoration,120,55,65
Dùffman,jubeithos,1287,shaman,restoration,41,17,24
Soullinkk,tichondrius,1287,shaman,restoration,59,23,36
Josiahsham,kelthuzad,1286,shaman,restoration,54,26,28
Trúnks,magtheridon,1286,shaman,restoration,119,57,62
Mynigabob,zuljin,1285,shaman,restoration,154,86,68
Hoong,garrosh,1285,shaman,restoration,68,37,31
Shamorrhoids,frostmourne,1285,shaman,restoration,137,70,67
Boggins,dalaran,1285,shaman,restoration,58,27,31
Windpowa,blackrock,1285,shaman,restoration,77,32,45
Bubbert,illidan,1285,shaman,restoration,90,36,54
Ketaminedrip,illidan,1284,shaman,restoration,42,22,20
Phtalid,dalaran,1284,shaman,restoration,134,66,68
Sparks,ragnaros,1284,shaman,restoration,95,43,52
Romcomx,tichondrius,1284,shaman,restoration,36,16,20
Stormwalk,ragnaros,1283,shaman,restoration,114,56,58
Zaios,area-52,1283,shaman,restoration,33,16,17
Kabasan,illidan,1282,shaman,restoration,84,33,51
Zuljiba,illidan,1281,shaman,restoration,84,45,39
Alraxion,ragnaros,1281,shaman,restoration,84,41,43
Jabjor,malganis,1281,shaman,restoration,66,25,41
Hasselshock,area-52,1280,shaman,restoration,94,40,54
Sittingwolf,stormreaver,1279,shaman,restoration,41,23,18
Uhfishuhl,bleeding-hollow,1279,shaman,restoration,42,22,20
Darkn,cenarion-circle,1279,shaman,restoration,54,28,26
Ironcaulk,kelthuzad,1279,shaman,restoration,60,30,30
Soppin,bleeding-hollow,1279,shaman,restoration,29,14,15
Drünk,hyjal,1279,shaman,restoration,30,14,16
Tedmosbe,tichondrius,1279,shaman,restoration,132,61,71
Fenny,proudmoore,1278,shaman,restoration,93,49,44
Taò,tichondrius,1278,shaman,restoration,198,97,101
Synapqt,tichondrius,1278,shaman,restoration,29,14,15
Zaxxrie,sargeras,1277,shaman,restoration,71,26,45
Còsmos,illidan,1276,shaman,restoration,308,160,148
Importmodule,frostmourne,1276,shaman,restoration,92,41,51
Sòlemn,burning-legion,1276,shaman,restoration,90,35,55
Prøduce,tichondrius,1275,shaman,restoration,90,45,45
Freyttreyn,garrosh,1274,shaman,restoration,101,54,47
Tequíla,quelthalas,1274,shaman,restoration,42,20,22
Wunderwaffe,the-underbog,1274,shaman,restoration,102,48,54
Shamkack,kelthuzad,1274,shaman,restoration,175,82,93
Chancec,garrosh,1274,shaman,restoration,36,15,21
Surgedarknes,sargeras,1273,shaman,restoration,27,15,12
Belgrom,tichondrius,1273,shaman,restoration,48,25,23
Zugpug,emerald-dream,1273,shaman,restoration,54,20,34
Retgarr,tichondrius,1272,shaman,restoration,30,17,13
Thenextcdew,illidan,1272,shaman,restoration,84,45,39
Lengin,bleeding-hollow,1272,shaman,restoration,59,29,30
Chrongar,kelthuzad,1271,shaman,restoration,101,43,58
Frankenstien,proudmoore,1270,shaman,restoration,144,79,65
Raikages,whisperwind,1270,shaman,restoration,114,53,61
Classisop,tichondrius,1270,shaman,restoration,56,24,32
Blooddtears,stormrage,1269,shaman,restoration,50,34,16
Angelicrain,stormrage,1269,shaman,restoration,30,16,14
Defnotheals,kelthuzad,1269,shaman,restoration,142,68,74
Thomastides,tichondrius,1268,shaman,restoration,82,38,44
Killdeaderer,barthilas,1266,shaman,restoration,136,79,57
Infsham,hyjal,1266,shaman,restoration,165,77,88
Mäjorlazer,lightbringer,1266,shaman,restoration,74,30,44
Saulgudmon,area-52,1265,shaman,restoration,48,23,25
Jorahh,rexxar,1265,shaman,restoration,72,30,42
Bacnbitz,hellscream,1265,shaman,restoration,38,15,23
Lokhtar,zuljin,1264,shaman,restoration,54,30,24
Kultirio,quelthalas,1263,shaman,restoration,143,69,74
Teardrinker,korgath,1263,shaman,restoration,106,50,56
Edhance,area-52,1262,shaman,restoration,204,105,99
Asuni,illidan,1262,shaman,restoration,84,41,43
Kunio,proudmoore,1261,shaman,restoration,42,22,20
Menah,moon-guard,1260,shaman,restoration,36,20,16
Alphamael,lightbringer,1260,shaman,restoration,56,25,31
Tacho,bleeding-hollow,1259,shaman,restoration,126,61,65
Gallikano,tichondrius,1259,shaman,restoration,72,30,42
Hauby,zuljin,1259,shaman,restoration,48,15,33
Shiestys,tichondrius,1258,shaman,restoration,44,28,16
Furti,daggerspine,1258,shaman,restoration,51,26,25
Orjamba,barthilas,1257,shaman,restoration,100,48,52
Shokxx,malganis,1255,shaman,restoration,186,98,88
Tym,sargeras,1255,shaman,restoration,48,24,24
Shermen,dragonmaw,1255,shaman,restoration,46,22,24
Krolii,tichondrius,1255,shaman,restoration,109,49,60
Docshamwow,malganis,1252,shaman,restoration,24,14,10
Hateshifter,kul-tiras,1252,shaman,restoration,78,31,47
Speedyraptor,malfurion,1251,shaman,restoration,45,22,23
Leogi,daggerspine,1251,shaman,restoration,57,23,34
Kaleska,area-52,1251,shaman,restoration,90,36,54
Lezzer,ragnaros,1250,shaman,restoration,355,175,180
Mandinga,warsong,1249,shaman,restoration,135,69,66
Thordan,lothar,1249,shaman,restoration,60,30,30
Mudeng,tichondrius,1249,shaman,restoration,90,44,46
Dibatotenz,azralon,1249,shaman,restoration,105,49,56
Skymarshal,tichondrius,1248,shaman,restoration,24,13,11
Bigwave,zuluhed,1248,shaman,restoration,30,15,15
Elohaen,stormrage,1248,shaman,restoration,54,26,28
Murata,tichondrius,1248,shaman,restoration,42,20,22
Torgunderson,stormrage,1248,shaman,restoration,30,13,17
Cencyzz,tichondrius,1247,shaman,restoration,24,13,11
Censyzz,tichondrius,1247,shaman,restoration,30,13,17
Liquidcdew,illidan,1247,shaman,restoration,30,13,17
Groundded,tichondrius,1247,shaman,restoration,61,22,39
Peanutto,illidan,1246,shaman,restoration,156,87,69
Xenvale,illidan,1246,shaman,restoration,24,13,11
Sweatshirtz,tanaris,1246,shaman,restoration,24,13,11
Graebrah,tichondrius,1246,shaman,restoration,24,13,11
Aelwydx,quelthalas,1246,shaman,restoration,325,165,160
Crakmane,kelthuzad,1245,shaman,restoration,18,13,5
Tays,tichondrius,1245,shaman,restoration,18,13,5
Hoghlinn,stormrage,1245,shaman,restoration,55,37,18
Droni,emerald-dream,1245,shaman,restoration,92,46,46
Grakkah,thrall,1245,shaman,restoration,42,19,23
Scape,emerald-dream,1244,shaman,restoration,18,13,5
Rimmington,frostmourne,1244,shaman,restoration,60,30,30
Annpurgekins,area-52,1244,shaman,restoration,30,13,17
Tonka,area-52,1244,shaman,restoration,30,13,17
Alátreon,azralon,1244,shaman,restoration,84,36,48
Glaur,kelthuzad,1243,shaman,restoration,24,16,8
Hodoóng,tichondrius,1243,shaman,restoration,20,13,7
Subhealth,tichondrius,1243,shaman,restoration,24,13,11
Tekoqt,tichondrius,1243,shaman,restoration,41,22,19
Jsoto,ghostlands,1243,shaman,restoration,30,13,17
Pjtremblay,frostmourne,1243,shaman,restoration,30,13,17
Yamishka,dalaran,1242,shaman,restoration,79,36,43
Súrge,illidan,1241,shaman,restoration,29,16,13
Taproots,ursin,1241,shaman,restoration,24,13,11
Savjsh,illidan,1241,shaman,restoration,30,13,17
Chenguanxi,tichondrius,1240,shaman,restoration,18,13,5
Toroph,azralon,1240,shaman,restoration,57,29,28
Ralinta,tichondrius,1240,shaman,restoration,142,53,89
Spekgawd,emerald-dream,1239,shaman,restoration,18,13,5
Dabmarinø,tichondrius,1239,shaman,restoration,40,24,16
Turksham,tichondrius,1239,shaman,restoration,47,26,21
Rzul,tichondrius,1239,shaman,restoration,24,13,11
Sekkuo,kiljaeden,1239,shaman,restoration,143,77,66
Hearthx,perenolde,1239,shaman,restoration,30,13,17
Battleobobby,medivh,1239,shaman,restoration,41,13,28
Hicys,azralon,1238,shaman,restoration,196,98,98
Beefstocks,area-52,1238,shaman,restoration,66,32,34
Percocet,the-venture-co,1238,shaman,restoration,60,28,32
Waterfaller,tichondrius,1238,shaman,restoration,45,20,25
Shamakazi,tichondrius,1237,shaman,restoration,31,14,17
Wugmuk,illidan,1236,shaman,restoration,149,73,76
Madvillainny,thrall,1235,shaman,restoration,92,48,44
Êdge,quelthalas,1235,shaman,restoration,69,33,36
Pyroxten,area-52,1235,shaman,restoration,36,13,23
Zügga,dalaran,1234,shaman,restoration,18,13,5
Rétt,barthilas,1234,shaman,restoration,48,26,22
Dinaliia,lothar,1234,shaman,restoration,78,42,36
Chagun,illidan,1233,shaman,restoration,84,43,41
Exportgold,barthilas,1233,shaman,restoration,66,28,38
Chainspam,tichondrius,1232,shaman,restoration,30,13,17
Kinjin,dragonmaw,1232,shaman,restoration,30,13,17
Watchmytrem,ragnaros,1232,shaman,restoration,92,34,58
Kommotion,proudmoore,1232,shaman,restoration,36,13,23
Fênrisulfer,area-52,1231,shaman,restoration,89,37,52
Klaital,boulderfist,1230,shaman,restoration,36,22,14
Kikkóman,malganis,1230,shaman,restoration,48,25,23
Kinshaman,lightnings-blade,1230,shaman,restoration,103,49,54
Slimshaddy,tichondrius,1230,shaman,restoration,33,15,18
Peppito,illidan,1229,shaman,restoration,51,29,22
Milkmeforhp,frostmourne,1229,shaman,restoration,246,126,120
Edemental,area-52,1229,shaman,restoration,129,61,68
Lhost,tanaris,1228,shaman,restoration,30,17,13
Thobeloza,nemesis,1228,shaman,restoration,25,14,11
Samac,ravencrest,1228,shaman,restoration,141,71,70
Adrô,barthilas,1228,shaman,restoration,164,78,86
Laggythought,malganis,1228,shaman,restoration,63,21,42
Dunrik,area-52,1227,shaman,restoration,49,24,25
Lüca,wyrmrest-accord,1226,shaman,restoration,357,187,170
Stackinheals,thrall,1226,shaman,restoration,60,23,37
Bäsedgód,tichondrius,1225,shaman,restoration,30,13,17
Ozzai,ragnaros,1225,shaman,restoration,42,15,27
Uthprotekta,daggerspine,1224,shaman,restoration,41,19,22
Mishalla,tichondrius,1224,shaman,restoration,72,27,45
Villainousx,illidan,1223,shaman,restoration,45,24,21
Foogus,tichondrius,1223,shaman,restoration,30,16,14
Stargun,korgath,1223,shaman,restoration,189,94,95
Pissbeard,illidan,1220,shaman,restoration,66,32,34
Delíta,quelthalas,1220,shaman,restoration,113,48,65
Hammerme,barthilas,1220,shaman,restoration,131,52,79
Thizzasta,blackhand,1219,shaman,restoration,40,18,22
Thunderfuzz,eredar,1219,shaman,restoration,75,33,42
Keiox,ragnaros,1218,shaman,restoration,24,13,11
Donmills,tichondrius,1218,shaman,restoration,54,23,31
Lavablurst,stormrage,1218,shaman,restoration,59,23,36
Gushaman,area-52,1216,shaman,restoration,60,30,30
Spiritbear,zuljin,1215,shaman,restoration,42,27,15
Boltzinn,zuljin,1215,shaman,restoration,24,13,11
Valentinê,stormrage,1215,shaman,restoration,24,13,11
Blois,thunderlord,1215,shaman,restoration,42,20,22
ßøn,altar-of-storms,1213,shaman,restoration,26,17,9
Luto,tichondrius,1213,shaman,restoration,156,83,73
Shammimane,tichondrius,1212,shaman,restoration,219,110,109
Väsain,wyrmrest-accord,1212,shaman,restoration,36,16,20
Cale,warsong,1212,shaman,restoration,36,13,23
Kiyomizu,frostmourne,1211,shaman,restoration,82,38,44
Certz,dark-iron,1209,shaman,restoration,39,15,24
Lankae,quelthalas,1207,shaman,restoration,48,28,20
Greenberry,bonechewer,1207,shaman,restoration,28,15,13
Solomonster,tichondrius,1205,shaman,restoration,31,15,16
Sacroshaman,frostmourne,1205,shaman,restoration,66,21,45
Doxados,area-52,1204,shaman,restoration,136,73,63
Brislin,sargeras,1204,shaman,restoration,282,137,145
Lequandarius,sargeras,1204,shaman,restoration,29,13,16
Totzbisuit,illidan,1203,shaman,restoration,72,34,38
Paniczone,madoran,1203,shaman,restoration,81,37,44
Solaraa,proudmoore,1202,shaman,restoration,106,49,57
Shämboozle,area-52,1202,shaman,restoration,91,40,51
Strros,tichondrius,1202,shaman,restoration,32,14,18
Bluffin,stormrage,1201,shaman,restoration,24,17,7
Dodirt,laughing-skull,1201,shaman,restoration,72,32,40
Thräll,shuhalo,1200,shaman,restoration,202,103,99
Ogtrippleog,blackwing-lair,1200,shaman,restoration,47,19,28
Oghugin,sargeras,1200,shaman,restoration,50,17,33
Phatheelz,tichondrius,1199,shaman,restoration,35,21,14
Turblix,tichondrius,1199,shaman,restoration,102,57,45
Juggerr,thunderlord,1199,shaman,restoration,98,51,47
Trufsade,malganis,1199,shaman,restoration,52,27,25
Sizbo,thrall,1199,shaman,restoration,42,20,22
Redbulls,azralon,1198,shaman,restoration,96,54,42
Getwetand,quelthalas,1198,shaman,restoration,127,64,63
Slëvin,frostmourne,1197,shaman,restoration,78,36,42
Swinginwilly,barthilas,1197,shaman,restoration,72,29,43
Cruelface,sargeras,1196,shaman,restoration,26,14,12
Tundertotem,tichondrius,1195,shaman,restoration,114,64,50
Jaandar,saurfang,1194,shaman,restoration,329,162,167
Machingunele,aggramar,1194,shaman,restoration,53,26,27
Rokogg,thrall,1192,shaman,restoration,57,18,39
Deacoderz,area-52,1191,shaman,restoration,26,14,12
Shockur,sargeras,1191,shaman,restoration,29,13,16
Booyahshaman,area-52,1190,shaman,restoration,42,21,21
Thorsén,ursin,1190,shaman,restoration,54,23,31
Vulcanik,quelthalas,1189,shaman,restoration,79,32,47
Topa,magtheridon,1188,shaman,restoration,52,26,26
Bethklok,daggerspine,1188,shaman,restoration,66,26,40
Babibolo,duskwood,1187,shaman,restoration,24,13,11
Dcãicer,quelthalas,1187,shaman,restoration,115,60,55
Mengemort,crushridge,1187,shaman,restoration,105,51,54
Hohobear,tichondrius,1187,shaman,restoration,72,31,41
Chûnk,tichondrius,1186,shaman,restoration,32,15,17
Zuggernaut,kelthuzad,1184,shaman,restoration,126,59,67
Argena,bonechewer,1183,shaman,restoration,34,13,21
Delayy,destromath,1182,shaman,restoration,246,119,127
Reezy,draktharon,1181,shaman,restoration,23,13,10
Chungie,laughing-skull,1181,shaman,restoration,30,16,14
Kunshíí,bleeding-hollow,1181,shaman,restoration,33,16,17
Muur,zangarmarsh,1181,shaman,restoration,97,43,54
Mcstop,tanaris,1180,shaman,restoration,41,17,24
Orcstain,moknathal,1180,shaman,restoration,129,50,79
Lavamama,sargeras,1180,shaman,restoration,41,15,26
Slimjjim,frostmane,1179,shaman,restoration,26,14,12
Fngrlikngood,barthilas,1179,shaman,restoration,34,15,19
Xage,proudmoore,1178,shaman,restoration,24,14,10
Houhei,stormrage,1178,shaman,restoration,36,14,22
Totes,dalaran,1177,shaman,restoration,30,14,16
Firefingers,doomhammer,1176,shaman,restoration,96,45,51
Sõuls,quelthalas,1176,shaman,restoration,30,14,16
Lauralai,sargeras,1174,shaman,restoration,30,18,12
Zoodoo,nagrand,1174,shaman,restoration,95,44,51
Stabix,tichondrius,1169,shaman,restoration,120,58,62
Hedbang,kiljaeden,1169,shaman,restoration,60,24,36
Bon,ravencrest,1168,shaman,restoration,30,14,16
Wazöö,sargeras,1168,shaman,restoration,63,28,35
Oomshamm,area-52,1167,shaman,restoration,130,68,62
Zhyrouvstorm,stormrage,1167,shaman,restoration,95,49,46
Pecanwaffles,dalaran,1167,shaman,restoration,27,13,14
Shazikial,illidan,1167,shaman,restoration,44,21,23
Onpoint,frostmourne,1165,shaman,restoration,23,13,10
Voltzwagon,vashj,1165,shaman,restoration,33,14,19
Talroh,malganis,1165,shaman,restoration,122,51,71
Shämpäin,moon-guard,1165,shaman,restoration,32,13,19
Bigfatpus,illidan,1164,shaman,restoration,26,14,12
Yeetle,gorefiend,1164,shaman,restoration,74,38,36
Senzxlolxz,lightbringer,1163,shaman,restoration,89,51,38
Dmoneyswag,illidan,1162,shaman,restoration,64,31,33
Bigbøss,stormrage,1161,shaman,restoration,74,30,44
Turns,senjin,1161,shaman,restoration,36,14,22
Ârtík,tichondrius,1160,shaman,restoration,52,26,26
Smashtheface,nagrand,1160,shaman,restoration,112,54,58
Toedims,bonechewer,1160,shaman,restoration,36,17,19
Mtnju,eredar,1157,shaman,restoration,26,15,11
Hatethetotem,bleeding-hollow,1156,shaman,restoration,52,27,25
Drboidzerg,tichondrius,1154,shaman,restoration,32,20,12
Ghutter,tichondrius,1154,shaman,restoration,36,19,17
Lulers,cenarius,1154,shaman,restoration,48,22,26
Bekrogh,azralon,1153,shaman,restoration,23,14,9
Dahmerjr,area-52,1153,shaman,restoration,78,43,35
Etoshocky,malganis,1153,shaman,restoration,50,24,26
Kamehamekazi,blackhand,1153,shaman,restoration,30,14,16
Restoramen,frostmourne,1153,shaman,restoration,61,28,33
Xändra,ragnaros,1153,shaman,restoration,71,29,42
Creativemind,arathor,1152,shaman,restoration,18,12,6
Cositax,tichondrius,1152,shaman,restoration,78,45,33
Rawdòggin,emerald-dream,1152,shaman,restoration,33,13,20
ßlessthefall,malganis,1151,shaman,restoration,12,12,0
Killhat,emerald-dream,1151,shaman,restoration,18,12,6
Gbe,tichondrius,1151,shaman,restoration,24,12,12
Guybeingdude,sargeras,1151,shaman,restoration,24,12,12
Femdorfxo,frostmourne,1151,shaman,restoration,24,12,12
Lingfengsasa,tichondrius,1151,shaman,restoration,24,12,12
Lindnerx,malganis,1151,shaman,restoration,30,12,18
Xolkrem,stormrage,1151,shaman,restoration,101,38,63
Hoatboiz,magtheridon,1151,shaman,restoration,54,14,40
Binishaman,tichondrius,1150,shaman,restoration,18,12,6
Zarktwo,azralon,1150,shaman,restoration,18,12,6
Footwerk,area-52,1150,shaman,restoration,48,24,24
Zieebeep,stormrage,1150,shaman,restoration,24,12,12
Ponyi,frostmourne,1150,shaman,restoration,30,12,18
Skrubbles,mugthol,1149,shaman,restoration,18,12,6
Käck,tichondrius,1149,shaman,restoration,74,35,39
Bobaflexqt,korgath,1149,shaman,restoration,42,19,23
Applepen,tichondrius,1149,shaman,restoration,30,12,18
Loanomi,zuljin,1148,shaman,restoration,30,16,14
Jineluki,emerald-dream,1148,shaman,restoration,53,23,30
Jixxerele,malganis,1148,shaman,restoration,30,12,18
Ghiscar,tichondrius,1148,shaman,restoration,36,12,24
Funktotem,zuluhed,1148,shaman,restoration,36,12,24
Adventstrike,tichondrius,1148,shaman,restoration,45,14,31
Ricn,tichondrius,1147,shaman,restoration,24,12,12
Shôcky,tichondrius,1147,shaman,restoration,24,12,12
Gornu,nemesis,1147,shaman,restoration,24,12,12
Xiaoxiboy,tichondrius,1147,shaman,restoration,24,12,12
Zapped,frostmane,1147,shaman,restoration,30,12,18
Frankfert,barthilas,1147,shaman,restoration,30,12,18
Tartar,lightbringer,1146,shaman,restoration,158,83,75
Bitruff,tichondrius,1146,shaman,restoration,24,12,12
Shoxnproc,illidan,1145,shaman,restoration,18,12,6
Cùìó,barthilas,1145,shaman,restoration,18,12,6
Toastsshaman,tichondrius,1145,shaman,restoration,24,12,12
Vulcanuzz,ragnaros,1145,shaman,restoration,65,27,38
Aegaeonlol,tichondrius,1144,shaman,restoration,24,12,12
Boltadeez,tichondrius,1144,shaman,restoration,24,12,12
Glizzyfeast,illidan,1143,shaman,restoration,18,12,6
Sonsii,tichondrius,1143,shaman,restoration,48,18,30
Tràuma,caelestrasz,1143,shaman,restoration,69,25,44
Shamining,illidan,1142,shaman,restoration,20,13,7
Naturescandy,alterac-mountains,1142,shaman,restoration,41,22,19
Ldiet,sargeras,1142,shaman,restoration,72,37,35
Legsauce,area-52,1142,shaman,restoration,71,33,38
Juksi,the-scryers,1142,shaman,restoration,35,14,21
Nahualtt,quelthalas,1141,shaman,restoration,35,15,20
Dhalishama,thrall,1141,shaman,restoration,30,12,18
Elrik,khadgar,1140,shaman,restoration,34,16,18
Ttukilowatts,stormrage,1140,shaman,restoration,214,90,124
Vinceshamwow,lightbringer,1139,shaman,restoration,18,12,6
Semasham,khazgoroth,1139,shaman,restoration,36,12,24
Magnethor,frostmourne,1138,shaman,restoration,102,50,52
Xillicit,sargeras,1137,shaman,restoration,24,12,12
Fevolution,dreadmaul,1137,shaman,restoration,30,12,18
Stahlman,blackhand,1137,shaman,restoration,71,25,46
Degree,baelgun,1136,shaman,restoration,18,12,6
Jesuisbatman,zuljin,1136,shaman,restoration,24,12,12
Winchi,stormrage,1136,shaman,restoration,24,12,12
Charr,nemesis,1136,shaman,restoration,42,20,22
Cameltotêm,frostmourne,1135,shaman,restoration,36,20,16
Kroggath,area-52,1135,shaman,restoration,24,12,12
Devipersham,frostmourne,1135,shaman,restoration,24,12,12
Taekhala,moon-guard,1135,shaman,restoration,90,28,62
Graveman,illidan,1134,shaman,restoration,167,88,79
Jaegeer,azralon,1134,shaman,restoration,66,32,34
Vyy,perenolde,1133,shaman,restoration,24,12,12
Meshugga,scarlet-crusade,1132,shaman,restoration,110,49,61
Blodbar,kiljaeden,1131,shaman,restoration,92,47,45
Shampane,arathor,1131,shaman,restoration,24,12,12
Mordzan,area-52,1131,shaman,restoration,26,12,14
Ladilloso,zuljin,1131,shaman,restoration,59,24,35
Lechaman,hakkar,1131,shaman,restoration,66,22,44
Grimmzhul,daggerspine,1130,shaman,restoration,182,92,90
Msooli,tichondrius,1129,shaman,restoration,21,14,7
Messiahz,illidan,1129,shaman,restoration,24,12,12
Havrell,stormscale,1129,shaman,restoration,24,12,12
Xhod,zuljin,1128,shaman,restoration,24,12,12
Garbagedump,burning-legion,1128,shaman,restoration,36,14,22
Sannyasin,azralon,1126,shaman,restoration,24,12,12
Dankhammer,warsong,1126,shaman,restoration,31,13,18
Momoku,frostmourne,1125,shaman,restoration,24,13,11
Pugliese,bladefist,1125,shaman,restoration,45,18,27
Akhae,duskwood,1123,shaman,restoration,47,28,19
Llgll,tichondrius,1123,shaman,restoration,127,48,79
Rocksteddy,area-52,1120,shaman,restoration,24,12,12
Beanshammy,stormrage,1120,shaman,restoration,44,14,30
Bloodytotems,dethecus,1118,shaman,restoration,24,12,12
Lavatotem,stormrage,1117,shaman,restoration,68,37,31
Qüickeze,khazgoroth,1116,shaman,restoration,46,24,22
Castngcouch,dalaran,1116,shaman,restoration,47,23,24
Headcrackx,sargeras,1116,shaman,restoration,30,14,16
Gorrasha,gorgonnash,1116,shaman,restoration,30,13,17
Rajin,sentinels,1115,shaman,restoration,75,33,42
Hum,malfurion,1113,shaman,restoration,30,13,17
Wÿrd,illidan,1112,shaman,restoration,30,18,12
Slimcube,illidan,1111,shaman,restoration,60,27,33
Kime,tichondrius,1110,shaman,restoration,102,52,50
Betorc,azralon,1110,shaman,restoration,102,49,53
Uluwatu,bleeding-hollow,1109,shaman,restoration,48,22,26
Maestrix,quelthalas,1108,shaman,restoration,36,16,20
Tiä,quelthalas,1108,shaman,restoration,48,19,29
Recyclicrab,skullcrusher,1107,shaman,restoration,24,16,8
Eyris,dathremar,1107,shaman,restoration,233,115,118
Mvpstorm,darkspear,1106,shaman,restoration,30,12,18
Monorim,barthilas,1104,shaman,restoration,138,72,66
Etherys,frostmourne,1103,shaman,restoration,60,33,27
Shammyguy,stormreaver,1103,shaman,restoration,50,23,27
Winry,korgath,1102,shaman,restoration,60,26,34
Ttass,dalaran,1102,shaman,restoration,35,13,22
Kawixxi,ysondre,1101,shaman,restoration,106,59,47
Volsdeep,illidan,1101,shaman,restoration,27,12,15
Hazorele,nagrand,1100,shaman,restoration,72,37,35
Powerpress,thunderlord,1100,shaman,restoration,66,30,36
Eledogg,mannoroth,1099,shaman,restoration,28,13,15
Shortshocks,earthen-ring,1099,shaman,restoration,126,57,69
Explozion,kiljaeden,1099,shaman,restoration,27,12,15
Drumman,skullcrusher,1098,shaman,restoration,104,44,60
Kulgur,ravenholdt,1096,shaman,restoration,53,34,19
Thunderbust,tichondrius,1096,shaman,restoration,32,13,19
Emtflakes,darkspear,1095,shaman,restoration,24,12,12
Truemooin,wyrmrest-accord,1094,shaman,restoration,692,339,353
Morphose,tichondrius,1094,shaman,restoration,29,12,17
Fròstbolt,area-52,1093,shaman,restoration,42,18,24
Shocksamdi,malganis,1093,shaman,restoration,36,13,23
Narikó,aggramar,1092,shaman,restoration,172,94,78
Stormburst,sargeras,1092,shaman,restoration,42,20,22
Sweatysheet,emerald-dream,1090,shaman,restoration,45,24,21
Groonix,blood-furnace,1090,shaman,restoration,42,22,20
Meatwave,sargeras,1090,shaman,restoration,40,19,21
Baygone,tichondrius,1088,shaman,restoration,30,14,16
Taquitho,quelthalas,1088,shaman,restoration,75,32,43
Doombrother,malganis,1087,shaman,restoration,39,21,18
Turbluscious,frostmourne,1087,shaman,restoration,79,42,37
Briagnar,drakkari,1087,shaman,restoration,29,12,17
Mikeisbadwow,tichondrius,1086,shaman,restoration,16,12,4
Patoron,proudmoore,1084,shaman,restoration,88,40,48
Tsünade,anubarak,1083,shaman,restoration,19,15,4
Beardedone,durotan,1082,shaman,restoration,96,46,50
Flametide,proudmoore,1082,shaman,restoration,82,39,43
Çatastrophe,dalaran,1081,shaman,restoration,30,15,15
Belínski,azralon,1080,shaman,restoration,48,26,22
Saxaboom,tichondrius,1080,shaman,restoration,39,16,23
Phira,tichondrius,1079,shaman,restoration,131,66,65
Foghoran,quelthalas,1078,shaman,restoration,36,15,21
Superchunk,shattered-hand,1077,shaman,restoration,173,92,81
Racsors,ragnaros,1077,shaman,restoration,199,102,97
Laterallus,nagrand,1077,shaman,restoration,104,50,54
Umbrood,area-52,1073,shaman,restoration,28,13,15
Elharm,ragnaros,1072,shaman,restoration,36,13,23
Joopkinss,area-52,1070,shaman,restoration,110,45,65
Allegrata,sargeras,1069,shaman,restoration,42,21,21
Arjen,kelthuzad,1066,shaman,restoration,23,15,8
Shamanzinh,azralon,1063,shaman,restoration,35,12,23
Dratna,sisters-of-elune,1062,shaman,restoration,37,12,25
Littledream,quelthalas,1061,shaman,restoration,58,26,32
Pecueca,quelthalas,1061,shaman,restoration,64,24,40
Terdsammich,malganis,1060,shaman,restoration,55,27,28
Biofly,thrall,1056,shaman,restoration,18,11,7
Kìttý,malganis,1056,shaman,restoration,18,11,7
Reuxxe,area-52,1056,shaman,restoration,231,117,114
Anttoekneeoh,thrall,1056,shaman,restoration,30,15,15
Spiritbb,area-52,1056,shaman,restoration,24,11,13
Jukedlawl,illidan,1056,shaman,restoration,30,11,19
Klâus,fizzcrank,1055,shaman,restoration,18,11,7
Xannysnapper,zuljin,1055,shaman,restoration,18,11,7
Icehole,kelthuzad,1055,shaman,restoration,24,11,13
Jtrxs,tichondrius,1055,shaman,restoration,24,11,13
Revtide,thrall,1055,shaman,restoration,24,11,13
Pericazo,sargeras,1055,shaman,restoration,24,11,13
Sweetpotatoe,malganis,1055,shaman,restoration,24,11,13
Forgiver,area-52,1055,shaman,restoration,24,11,13
Localxhero,stormrage,1055,shaman,restoration,24,11,13
Mindgooblin,sargeras,1055,shaman,restoration,36,11,25
Isbabani,moon-guard,1054,shaman,restoration,18,11,7
Maana,dragonmaw,1054,shaman,restoration,18,11,7
Ituma,tichondrius,1054,shaman,restoration,18,11,7
Krarg,alexstrasza,1054,shaman,restoration,18,11,7
Iamg,kilrogg,1054,shaman,restoration,24,11,13
Unclexflex,tichondrius,1054,shaman,restoration,24,11,13
Vixeen,kelthuzad,1054,shaman,restoration,24,11,13
Elmonkeyloco,bleeding-hollow,1053,shaman,restoration,18,11,7
Kalashnikov,maiev,1053,shaman,restoration,60,32,28
Nøzurbo,area-52,1053,shaman,restoration,24,11,13
Lodekimm,tichondrius,1053,shaman,restoration,24,11,13
Akamâ,stormrage,1052,shaman,restoration,19,11,8
Kzxs,illidan,1051,shaman,restoration,18,11,7
Ataia,tichondrius,1051,shaman,restoration,24,11,13
Extenzz,area-52,1051,shaman,restoration,32,12,20
Alfrigg,stormrage,1051,shaman,restoration,30,11,19
Devastacion,malganis,1050,shaman,restoration,28,20,8
Raspberri,kelthuzad,1050,shaman,restoration,18,11,7
Chebbs,bleeding-hollow,1050,shaman,restoration,18,11,7
Nehpets,kiljaeden,1050,shaman,restoration,24,11,13
Dragum,blackrock,1050,shaman,restoration,30,11,19
Elamentz,bleeding-hollow,1049,shaman,restoration,18,11,7
Speedranger,stormrage,1049,shaman,restoration,48,20,28
Veeve,kelthuzad,1048,shaman,restoration,18,11,7
Zonsham,drakkari,1048,shaman,restoration,72,32,40
Ryuukas,illidan,1047,shaman,restoration,18,11,7
Cheesepufs,illidan,1047,shaman,restoration,25,14,11
Sledgehammer,auchindoun,1047,shaman,restoration,21,11,10
Pohtayto,darkspear,1047,shaman,restoration,24,11,13
Eleshortal,azuremyst,1046,shaman,restoration,51,21,30
Grullander,hakkar,1045,shaman,restoration,47,25,22
Fogden,alleria,1045,shaman,restoration,59,27,32
Totemlord,lightnings-blade,1044,shaman,restoration,24,11,13
Gl,nordrassil,1043,shaman,restoration,18,11,7
Cazlukz,demon-soul,1043,shaman,restoration,36,18,18
Enzÿte,tichondrius,1043,shaman,restoration,24,11,13
Saraguthix,dalaran,1043,shaman,restoration,30,11,19
Pootergash,shadowmoon,1041,shaman,restoration,24,11,13
Volcanô,area-52,1041,shaman,restoration,30,11,19
Chablez,shattered-hand,1040,shaman,restoration,48,20,28
Geoleo,stormrage,1040,shaman,restoration,42,17,25
Zugzugthug,moon-guard,1040,shaman,restoration,84,33,51
Víì,tichondrius,1040,shaman,restoration,76,24,52
Geontha,drakkari,1038,shaman,restoration,24,11,13
Cybersonic,stormrage,1037,shaman,restoration,36,11,25
Skippe,hyjal,1036,shaman,restoration,26,13,13
Tharapita,bleeding-hollow,1036,shaman,restoration,78,33,45
Atmospheric,frostmourne,1035,shaman,restoration,30,11,19
Aimiréal,nagrand,1033,shaman,restoration,48,26,22
Touchofarc,dragonblight,1032,shaman,restoration,42,22,20
Tremór,frostmourne,1031,shaman,restoration,48,25,23
Ctrlaltelite,burning-blade,1031,shaman,restoration,30,12,18
Hopetotem,zuljin,1031,shaman,restoration,30,11,19
Knowknown,tichondrius,1028,shaman,restoration,18,11,7
Healcacatoi,zuljin,1028,shaman,restoration,30,17,13
Nytestalker,sargeras,1028,shaman,restoration,30,11,19
Mera,lightbringer,1028,shaman,restoration,45,16,29
Suersaq,elune,1027,shaman,restoration,24,11,13
Baabaabare,tichondrius,1024,shaman,restoration,16,12,4
Shamanicc,stormrage,1023,shaman,restoration,93,39,54
Psychdoctor,bonechewer,1023,shaman,restoration,106,42,64
Vaginix,tichondrius,1023,shaman,restoration,30,11,19
Xiaoshaman,tichondrius,1022,shaman,restoration,16,12,4
Cúsquito,ragnaros,1020,shaman,restoration,34,11,23
Robis,thrall,1017,shaman,restoration,167,84,83
Phidra,draenor,1017,shaman,restoration,30,11,19
Illeh,illidan,1016,shaman,restoration,48,24,24
Igotadonk,boulderfist,1016,shaman,restoration,29,12,17
Chamorro,quelthalas,1016,shaman,restoration,42,16,26
Shammysham,zuljin,1016,shaman,restoration,55,19,36
Grimlên,skullcrusher,1014,shaman,restoration,30,19,11
Dextex,azralon,1012,shaman,restoration,59,32,27
Fengyuzhe,tichondrius,1011,shaman,restoration,66,17,49
Alagorn,icecrown,1009,shaman,restoration,44,16,28
Rebbecablack,malganis,1008,shaman,restoration,18,12,6
Lazi,frostmourne,1008,shaman,restoration,27,12,15
Donkeydrill,elune,1007,shaman,restoration,41,24,17
Grêgg,area-52,1006,shaman,restoration,22,11,11
Totori,stormscale,1006,shaman,restoration,30,11,19
Shamamanana,staghelm,1004,shaman,restoration,36,13,23
Rekiem,quelthalas,1003,shaman,restoration,58,29,29
Âmg,barthilas,1000,shaman,restoration,15,12,3
Nockra,emerald-dream,1000,shaman,restoration,27,11,16
Psilocypher,nazjatar,993,shaman,restoration,48,26,22
Cheefgrief,shadowsong,991,shaman,restoration,29,11,18
Payderos,tichondrius,985,shaman,restoration,42,15,27
Plaboii,magtheridon,985,shaman,restoration,38,11,27
Faegle,area-52,984,shaman,restoration,24,11,13
Brokkghul,illidan,983,shaman,restoration,46,25,21
Doomgodx,tichondrius,983,shaman,restoration,36,16,20
Snowship,sargeras,980,shaman,restoration,54,20,34
Banterx,emerald-dream,979,shaman,restoration,35,12,23
Athayis,malorne,977,shaman,restoration,65,35,30
Andrastia,thrall,976,shaman,restoration,24,15,9
Cokkain,proudmoore,976,shaman,restoration,343,146,197
Dragonsauce,grizzly-hills,976,shaman,restoration,101,38,63
Mhuns,malganis,973,shaman,restoration,108,46,62
Galaxiya,blackhand,972,shaman,restoration,130,57,73
Shamadran,hyjal,971,shaman,restoration,23,11,12
Ayahuassca,illidan,971,shaman,restoration,56,25,31
Njjshamm,thrall,969,shaman,restoration,36,16,20
Amonamarth,tichondrius,965,shaman,restoration,30,13,17
Esterosa,tichondrius,960,shaman,restoration,12,10,2
Yunotho,sargeras,960,shaman,restoration,18,10,8
Kilrögg,illidan,960,shaman,restoration,18,10,8
Apathcat,the-forgotten-coast,960,shaman,restoration,18,10,8
Yarrin,tanaris,960,shaman,restoration,18,10,8
Geyfried,ragnaros,960,shaman,restoration,18,10,8
Burstekka,tichondrius,960,shaman,restoration,18,10,8
Freerath,tichondrius,960,shaman,restoration,22,10,12
Weqeqwqwqex,ragnaros,960,shaman,restoration,24,10,14
Enhancex,frostwolf,960,shaman,restoration,24,10,14
Nisthesham,tichondrius,960,shaman,restoration,24,10,14
Earthuncle,illidan,960,shaman,restoration,36,10,26
Køl,illidan,959,shaman,restoration,12,10,2
Kánntok,quelthalas,959,shaman,restoration,12,10,2
Zêüs,dragonmaw,959,shaman,restoration,12,10,2
Jxx,nordrassil,959,shaman,restoration,18,10,8
Nakamora,tichondrius,959,shaman,restoration,18,10,8
Service,llane,959,shaman,restoration,18,10,8
Viprus,nerzhul,959,shaman,restoration,18,10,8
Rawdogginit,malfurion,959,shaman,restoration,18,10,8
Zapstrike,stormrage,959,shaman,restoration,18,10,8
Zensarg,tichondrius,959,shaman,restoration,18,10,8
Awsika,lethon,959,shaman,restoration,18,10,8
Ajj,thrall,959,shaman,restoration,18,10,8
Longlivecrit,exodar,959,shaman,restoration,18,10,8
Jisthexx,senjin,959,shaman,restoration,24,10,14
Valcn,moon-guard,959,shaman,restoration,24,10,14
Ggoong,tichondrius,959,shaman,restoration,36,10,26
Katchaa,zuljin,959,shaman,restoration,36,10,26
Tehbeast,khadgar,959,shaman,restoration,36,10,26
Cmsix,tichondrius,958,shaman,restoration,12,10,2
Felzbirt,uldum,958,shaman,restoration,30,14,16
Weirdboi,area-52,958,shaman,restoration,24,10,14
Thundershade,deathwing,958,shaman,restoration,24,10,14
History,burning-blade,958,shaman,restoration,30,10,20
Creamcheeser,tichondrius,957,shaman,restoration,18,10,8
Clytiae,arthas,957,shaman,restoration,18,10,8
Smolder,magtheridon,957,shaman,restoration,68,37,31
Zokx,tichondrius,956,shaman,restoration,18,10,8
Twistedteas,tichondrius,956,shaman,restoration,18,10,8
Chrigshock,black-dragonflight,956,shaman,restoration,24,10,14
Karaaka,ysera,956,shaman,restoration,30,10,20
Oohkillemm,silvermoon,955,shaman,restoration,18,10,8
Hentaistorm,kiljaeden,955,shaman,restoration,110,54,56
Mnightsham,sargeras,955,shaman,restoration,24,10,14
Shammystic,quelthalas,955,shaman,restoration,54,19,35
Totumstroker,thrall,954,shaman,restoration,18,10,8
Shamte,ragnaros,954,shaman,restoration,18,10,8
Lysergicacid,proudmoore,954,shaman,restoration,42,23,19
Drwaters,lightnings-blade,953,shaman,restoration,18,10,8
Oldhar,kirin-tor,953,shaman,restoration,45,19,26
Curelie,vashj,952,shaman,restoration,24,10,14
Aariyuh,proudmoore,952,shaman,restoration,24,10,14
Arashio,madoran,952,shaman,restoration,27,11,16
Bruhh,khadgar,951,shaman,restoration,18,10,8
Stormscrypt,thrall,950,shaman,restoration,18,10,8
Grubbyy,tichondrius,950,shaman,restoration,25,11,14
Tabby,emerald-dream,948,shaman,restoration,24,10,14
Astotems,tichondrius,948,shaman,restoration,24,10,14
Daxetan,area-52,947,shaman,restoration,18,10,8
Thonty,sargeras,947,shaman,restoration,30,10,20
Urao,stormrage,947,shaman,restoration,46,13,33
Cakinha,stormrage,946,shaman,restoration,59,32,27
Zevexx,tichondrius,945,shaman,restoration,18,10,8
Vulkova,illidan,945,shaman,restoration,24,10,14
Skaehj,saurfang,943,shaman,restoration,80,41,39
Xzak,the-underbog,942,shaman,restoration,18,10,8
Shockalama,tichondrius,941,shaman,restoration,150,62,88
Moetotemz,tichondrius,941,shaman,restoration,42,14,28
Shamkey,alexstrasza,940,shaman,restoration,103,41,62
Sainttotem,zuljin,940,shaman,restoration,53,18,35
Draeneirys,thunderlord,939,shaman,restoration,24,10,14
Iaania,garithos,937,shaman,restoration,36,20,16
Caferino,area-52,937,shaman,restoration,64,28,36
Hênzo,quelthalas,934,shaman,restoration,58,34,24
Spuckl,ragnaros,930,shaman,restoration,30,11,19
Thrallblade,burning-blade,926,shaman,restoration,16,11,5
Haether,madoran,926,shaman,restoration,101,50,51
Nupi,thaurissan,926,shaman,restoration,248,116,132
Colberton,dalaran,926,shaman,restoration,23,10,13
Rastablaze,darkspear,926,shaman,restoration,70,27,43
Yakella,trollbane,923,shaman,restoration,18,10,8
Thrawl,deathwing,923,shaman,restoration,57,30,27
Shoomas,tichondrius,923,shaman,restoration,23,10,13
Mikeyshockus,hydraxis,922,shaman,restoration,47,19,28
Wragnus,tichondrius,921,shaman,restoration,121,52,69
Klev,frostmourne,921,shaman,restoration,33,12,21
Grüncks,azralon,921,shaman,restoration,66,19,47
Malløry,mugthol,917,shaman,restoration,30,12,18
Jorko,dathremar,914,shaman,restoration,50,27,23
Bakedpototem,magtheridon,913,shaman,restoration,24,10,14
Tineer,tichondrius,912,shaman,restoration,27,10,17
Flexexpress,stormrage,911,shaman,restoration,17,10,7
Privxd,bleeding-hollow,910,shaman,restoration,17,10,7
Rensel,drakkari,910,shaman,restoration,29,11,18
Frizzie,barthilas,909,shaman,restoration,124,35,89
Donix,destromath,908,shaman,restoration,48,23,25
Booz,caelestrasz,908,shaman,restoration,95,41,54
Mainstreamx,sargeras,908,shaman,restoration,33,10,23
Bitflip,jubeithos,907,shaman,restoration,21,10,11
Jessestevens,kiljaeden,905,shaman,restoration,17,10,7
Vudu,terokkar,905,shaman,restoration,19,11,8
Gsync,tichondrius,905,shaman,restoration,99,53,46
Tyrión,aggramar,905,shaman,restoration,27,12,15
Shamyshame,quelthalas,904,shaman,restoration,18,11,7
Keybordternr,tichondrius,904,shaman,restoration,27,11,16
Boragu,area-52,903,shaman,restoration,24,13,11
Hellwave,azralon,902,shaman,restoration,48,16,32
Uggbootz,amanthul,899,shaman,restoration,56,24,32
Alestorm,nemesis,899,shaman,restoration,28,12,16
Jenniferlynn,tichondrius,897,shaman,restoration,54,18,36
Purgelordx,proudmoore,895,shaman,restoration,17,10,7
Bigbrenx,tichondrius,895,shaman,restoration,20,10,10
Lyshar,laughing-skull,894,shaman,restoration,20,10,10
Mikeoxxgigg,kelthuzad,894,shaman,restoration,94,43,51
Beppi,zuljin,893,shaman,restoration,23,10,13
Castte,ragnaros,892,shaman,restoration,148,65,83
Kumquat,draka,892,shaman,restoration,66,23,43
Vidulfo,tichondrius,891,shaman,restoration,30,15,15
Ðarkwintër,azralon,891,shaman,restoration,27,11,16
Imperiumrum,azuremyst,887,shaman,restoration,77,41,36
Adajjal,tichondrius,887,shaman,restoration,32,10,22
Dardop,ragnaros,885,shaman,restoration,18,10,8
Brahsbro,icecrown,884,shaman,restoration,156,80,76
Swifteyy,area-52,883,shaman,restoration,22,10,12
Totalshaman,kiljaeden,882,shaman,restoration,66,21,45
Kurtssham,destromath,881,shaman,restoration,41,20,21
Astàròth,malganis,880,shaman,restoration,13,10,3
Boogiefever,area-52,879,shaman,restoration,13,10,3
Lördßööböö,tichondrius,879,shaman,restoration,54,29,25
Interwebzz,tichondrius,873,shaman,restoration,114,42,72
Orouboros,area-52,869,shaman,restoration,72,25,47
Bukanra,tichondrius,868,shaman,restoration,25,10,15
Galarix,nerzhul,867,shaman,restoration,60,16,44
Pangniu,illidan,864,shaman,restoration,12,9,3
Iadyboi,kiljaeden,864,shaman,restoration,12,9,3
Washedupty,illidan,864,shaman,restoration,12,9,3
Seiunsky,area-52,864,shaman,restoration,12,9,3
Genesiis,stormrage,864,shaman,restoration,12,9,3
ßonevoyage,malganis,864,shaman,restoration,12,9,3
Hexcalibur,laughing-skull,864,shaman,restoration,18,9,9
Awyiss,dreadmaul,864,shaman,restoration,18,9,9
Gargrax,malganis,864,shaman,restoration,18,9,9
Kustum,tichondrius,864,shaman,restoration,18,9,9
Flatt,uther,864,shaman,restoration,18,9,9
Eleshamanz,tichondrius,864,shaman,restoration,18,9,9
Kirschblute,proudmoore,864,shaman,restoration,18,9,9
Neviahz,illidan,864,shaman,restoration,18,9,9
Strykked,illidan,864,shaman,restoration,18,9,9
Medullarum,suramar,864,shaman,restoration,18,9,9
Killswitch,bonechewer,864,shaman,restoration,24,9,15
Éarl,sargeras,864,shaman,restoration,24,9,15
Snurp,tichondrius,864,shaman,restoration,24,9,15
Gromar,malganis,864,shaman,restoration,24,9,15
Huashiren,illidan,864,shaman,restoration,24,9,15
Wildmaster,ragnaros,864,shaman,restoration,30,9,21
Ajvl,tichondrius,863,shaman,restoration,12,9,3
Køre,tichondrius,863,shaman,restoration,12,9,3
Poonqtx,frostmourne,863,shaman,restoration,12,9,3
Ube,illidan,863,shaman,restoration,12,9,3
Rockemsockem,frostmourne,863,shaman,restoration,12,9,3
Elder,draenor,863,shaman,restoration,12,9,3
Murica,area-52,863,shaman,restoration,18,9,9
Hoofpics,dalaran,863,shaman,restoration,18,9,9
Exiledsham,area-52,863,shaman,restoration,18,9,9
Snoff,burning-blade,863,shaman,restoration,18,9,9
Spiritshocks,tichondrius,863,shaman,restoration,18,9,9
Fjury,dalaran,863,shaman,restoration,18,9,9
Mariansaurus,ragnaros,863,shaman,restoration,18,9,9
Geödude,proudmoore,863,shaman,restoration,18,9,9
Grimmick,area-52,863,shaman,restoration,18,9,9
Dameyo,tichondrius,863,shaman,restoration,18,9,9
Shockandmaul,tichondrius,863,shaman,restoration,24,9,15
Kermut,frostmourne,863,shaman,restoration,24,9,15
Smashyz,nerzhul,863,shaman,restoration,30,9,21
Eraticsham,illidan,862,shaman,restoration,18,9,9
Oprawinfuryy,thrall,861,shaman,restoration,12,9,3
Milkstress,whisperwind,861,shaman,restoration,24,9,15
Shaoscara,stormrage,861,shaman,restoration,24,9,15
Hamo,frostwolf,861,shaman,restoration,24,9,15
Pôpamolly,saurfang,860,shaman,restoration,18,9,9
Totemtots,illidan,860,shaman,restoration,18,9,9
Sheariously,sargeras,860,shaman,restoration,24,9,15
Xtremedwarf,frostmourne,859,shaman,restoration,18,9,9
Blavan,area-52,859,shaman,restoration,24,9,15
Jemes,barthilas,858,shaman,restoration,18,9,9
Ironfart,destromath,858,shaman,restoration,18,9,9
Loec,thrall,858,shaman,restoration,24,9,15
Phantiy,tichondrius,857,shaman,restoration,18,9,9
Totescamel,tichondrius,857,shaman,restoration,24,9,15
Stormblast,stormrage,856,shaman,restoration,42,9,33
Niggum,stormrage,855,shaman,restoration,24,9,15
Ambevsulfr,tichondrius,847,shaman,restoration,23,9,14
Elementium,azshara,847,shaman,restoration,29,9,20
Fio,nerzhul,846,shaman,restoration,246,111,135
Matrìx,sargeras,844,shaman,restoration,122,56,66
Danil,emerald-dream,831,shaman,restoration,17,9,8
Slainheart,frostmourne,830,shaman,restoration,23,9,14
Azarg,blackrock,826,shaman,restoration,23,9,14
Stormcallerr,sargeras,824,shaman,restoration,17,9,8
Bettoo,ragnaros,824,shaman,restoration,79,41,38
Shubba,thrall,824,shaman,restoration,30,13,17
Logich,dalaran,820,shaman,restoration,23,9,14
Insidetrader,illidan,815,shaman,restoration,15,10,5
Zitan,tichondrius,813,shaman,restoration,17,9,8
Bigdaddyion,thrall,810,shaman,restoration,21,10,11
Vogelbach,ragnaros,806,shaman,restoration,45,25,20
Spencêrf,illidan,805,shaman,restoration,17,9,8
Tycho,skullcrusher,802,shaman,restoration,22,12,10
Deadlyshocks,gilneas,800,shaman,restoration,57,25,32
Galvarinø,quelthalas,799,shaman,restoration,66,27,39
Kàmï,illidan,792,shaman,restoration,21,10,11
Hudepohl,alexstrasza,776,shaman,restoration,23,9,14
Xiaoxiaoxi,tichondrius,768,shaman,restoration,12,8,4
Yoß,illidan,768,shaman,restoration,12,8,4
Bestshamus,sargeras,768,shaman,restoration,12,8,4
Tyshaman,sargeras,768,shaman,restoration,12,8,4
Plznostepmom,tichondrius,768,shaman,restoration,12,8,4
Xiaoshaman,frostmourne,768,shaman,restoration,12,8,4
Ggdumpy,tichondrius,768,shaman,restoration,12,8,4
Thictoxicity,tichondrius,768,shaman,restoration,12,8,4
Zithdik,tichondrius,768,shaman,restoration,12,8,4
Eleresto,tichondrius,768,shaman,restoration,12,8,4
Stuhealsu,tichondrius,768,shaman,restoration,12,8,4
Famikzmeypro,stormrage,768,shaman,restoration,12,8,4
Tidesurge,tichondrius,768,shaman,restoration,12,8,4
Hexistential,tichondrius,768,shaman,restoration,12,8,4
Puntress,barthilas,768,shaman,restoration,12,8,4
Floofs,kelthuzad,768,shaman,restoration,12,8,4
Fyc,wyrmrest-accord,768,shaman,restoration,18,8,10
Toastjr,frostmourne,768,shaman,restoration,18,8,10
Sgtsosix,zuljin,768,shaman,restoration,18,8,10
Pigheadbansm,tichondrius,768,shaman,restoration,18,8,10
Dyxlol,tichondrius,768,shaman,restoration,18,8,10
Legomyleg,tichondrius,768,shaman,restoration,18,8,10
Wolvez,tichondrius,768,shaman,restoration,18,8,10
Artotem,barthilas,768,shaman,restoration,18,8,10
Kaddya,mannoroth,768,shaman,restoration,18,8,10
Ändiroba,azralon,768,shaman,restoration,18,8,10
Nohotsngravy,sargeras,768,shaman,restoration,18,8,10
Rhazul,barthilas,768,shaman,restoration,18,8,10
Twiztedwayz,tichondrius,768,shaman,restoration,18,8,10
Zeroshears,tichondrius,768,shaman,restoration,24,8,16
Papaoryx,kiljaeden,768,shaman,restoration,24,8,16
Zute,frostmourne,767,shaman,restoration,12,8,4
Iarepotato,tichondrius,767,shaman,restoration,12,8,4
Shampoø,shattered-halls,767,shaman,restoration,12,8,4
Squirtrussel,boulderfist,767,shaman,restoration,12,8,4
Watergirl,thaurissan,767,shaman,restoration,12,8,4
Runnybabbit,daggerspine,767,shaman,restoration,12,8,4
Gerberbaby,chogall,767,shaman,restoration,12,8,4
Lepoow,illidan,767,shaman,restoration,12,8,4
Mymojo,tichondrius,767,shaman,restoration,12,8,4
Tholkt,ragnaros,767,shaman,restoration,15,9,6
Regisphilman,bonechewer,767,shaman,restoration,17,10,7
Rayfordyoung,zuljin,767,shaman,restoration,18,8,10
Jazziefae,arygos,767,shaman,restoration,18,8,10
Myrakh,zuljin,767,shaman,restoration,18,8,10
Scadouche,korgath,767,shaman,restoration,18,8,10
Fidelityfx,sargeras,767,shaman,restoration,18,8,10
Brotem,barthilas,767,shaman,restoration,21,9,12
Klimda,thrall,767,shaman,restoration,19,8,11
Nienzi,wyrmrest-accord,767,shaman,restoration,24,8,16
Agrîm,tichondrius,767,shaman,restoration,24,8,16
Andrewot,aerie-peak,767,shaman,restoration,41,11,30
Memetide,daggerspine,766,shaman,restoration,12,8,4
Bigboorst,kelthuzad,766,shaman,restoration,12,8,4
Shamansz,stormrage,766,shaman,restoration,12,8,4
Yzaria,nemesis,766,shaman,restoration,18,8,10
Nooch,malganis,766,shaman,restoration,27,9,18
Magatotem,sargeras,766,shaman,restoration,24,8,16
Bahzilla,tichondrius,766,shaman,restoration,24,8,16
Finaire,queldorei,765,shaman,restoration,12,8,4
Gohex,saurfang,765,shaman,restoration,12,8,4
Trickyjf,dalaran,765,shaman,restoration,18,8,10
Kazios,area-52,765,shaman,restoration,18,8,10
Kanagawa,illidan,765,shaman,restoration,24,8,16
Zuljincj,zuljin,764,shaman,restoration,18,8,10
Tendies,ursin,764,shaman,restoration,18,8,10
Shocksyou,area-52,764,shaman,restoration,30,8,22
Tdmoom,zuluhed,763,shaman,restoration,18,8,10
Vínnie,tichondrius,763,shaman,restoration,18,8,10
Furbiddên,area-52,763,shaman,restoration,24,8,16
Käßéf,illidan,763,shaman,restoration,24,8,16
Madhappycow,bleeding-hollow,762,shaman,restoration,17,9,8
Shamnnoodlez,area-52,762,shaman,restoration,18,8,10
Talc,antonidas,761,shaman,restoration,12,8,4
Shamàc,tichondrius,761,shaman,restoration,24,8,16
Cremecheese,crushridge,760,shaman,restoration,12,8,4
Luciuzz,tichondrius,760,shaman,restoration,18,8,10
Tiluchi,quelthalas,760,shaman,restoration,30,8,22
Camdoc,destromath,759,shaman,restoration,24,8,16
Turbö,hyjal,757,shaman,restoration,18,8,10
Shamanlesa,azralon,757,shaman,restoration,18,8,10
Kordir,kiljaeden,756,shaman,restoration,24,8,16
Getpurged,thrall,751,shaman,restoration,17,8,9
Shusetto,drakkari,748,shaman,restoration,28,8,20
Vazan,arthas,747,shaman,restoration,18,8,10
Siksika,bloodscalp,744,shaman,restoration,130,56,74
Onemount,tichondrius,742,shaman,restoration,23,8,15
Bubmack,tichondrius,737,shaman,restoration,18,8,10
Ryforges,frostmourne,734,shaman,restoration,14,9,5
Picklefartsh,tichondrius,720,shaman,restoration,15,8,7
Treris,bleeding-hollow,719,shaman,restoration,11,8,3
Lampstand,wildhammer,719,shaman,restoration,17,8,9
Notragii,kelthuzad,719,shaman,restoration,17,8,9
Ukumbe,thrall,715,shaman,restoration,11,8,3
Pugpuppies,sargeras,714,shaman,restoration,22,9,13
Obrahma,burning-legion,712,shaman,restoration,22,10,12
Oldbob,aerie-peak,711,shaman,restoration,17,10,7
Poundmaker,cairne,707,shaman,restoration,15,8,7
Pileef,thrall,706,shaman,restoration,21,12,9
Kenithwest,tichondrius,703,shaman,restoration,11,8,3
Wasuwant,frostmourne,703,shaman,restoration,14,8,6
Rikswordfire,wyrmrest-accord,697,shaman,restoration,22,8,14
Hueymagoo,firetree,684,shaman,restoration,25,8,17
Kikahna,stormreaver,683,shaman,restoration,22,9,13
Neather,area-52,672,shaman,restoration,12,7,5
Gagging,gundrak,672,shaman,restoration,12,7,5
Mørgénstérn,area-52,672,shaman,restoration,12,7,5
Apeboy,area-52,672,shaman,restoration,12,7,5
Paaman,proudmoore,672,shaman,restoration,12,7,5
Bloodlustxo,frostmourne,672,shaman,restoration,12,7,5
Boltekka,tichondrius,672,shaman,restoration,12,7,5
Heckinpurges,area-52,672,shaman,restoration,12,7,5
Wreckaholic,alterac-mountains,672,shaman,restoration,12,7,5
Acdc,zuljin,672,shaman,restoration,12,7,5
Banshaman,tichondrius,672,shaman,restoration,12,7,5
Zarly,bleeding-hollow,672,shaman,restoration,12,7,5
Shöckäzulu,nazgrel,672,shaman,restoration,12,7,5
Micgarnagul,illidan,672,shaman,restoration,12,7,5
Yusbe,ragnaros,672,shaman,restoration,12,7,5
Akurai,stormrage,672,shaman,restoration,12,7,5
Snapertun,tichondrius,672,shaman,restoration,12,7,5
Xueticsham,tichondrius,672,shaman,restoration,12,7,5
Dektide,zuljin,672,shaman,restoration,12,7,5
Dopey,twisting-nether,672,shaman,restoration,12,7,5
Joè,bleeding-hollow,672,shaman,restoration,12,7,5
Kassix,illidan,672,shaman,restoration,12,7,5
Furynir,zuljin,672,shaman,restoration,12,7,5
Toltem,bleeding-hollow,672,shaman,restoration,12,7,5
Plazz,sargeras,672,shaman,restoration,12,7,5
Symbox,tichondrius,672,shaman,restoration,12,7,5
Elîas,tichondrius,672,shaman,restoration,12,7,5
Farmër,illidan,672,shaman,restoration,12,7,5
Mastrioni,dragonmaw,672,shaman,restoration,12,7,5
Zerwyn,senjin,672,shaman,restoration,12,7,5
Beatsmaker,tichondrius,672,shaman,restoration,12,7,5
Quiksilvero,khazgoroth,672,shaman,restoration,12,7,5
Fatnutx,tichondrius,672,shaman,restoration,12,7,5
Meatboi,khaz-modan,672,shaman,restoration,12,7,5
Dizzyswift,tichondrius,672,shaman,restoration,12,7,5
Mugiwára,ragnaros,672,shaman,restoration,12,7,5
Thewindman,sargeras,672,shaman,restoration,12,7,5
Iliillililli,tichondrius,672,shaman,restoration,12,7,5
Befree,thunderlord,672,shaman,restoration,15,8,7
Eternaltotem,darkspear,672,shaman,restoration,18,7,11
Smeagles,ragnaros,672,shaman,restoration,18,7,11
Trippzs,barthilas,672,shaman,restoration,18,7,11
Lakewood,barthilas,672,shaman,restoration,18,7,11
Lindsanx,illidan,672,shaman,restoration,18,7,11
Lildik,tichondrius,672,shaman,restoration,18,7,11
Zanderpla,kelthuzad,672,shaman,restoration,18,7,11
Nikeshocks,detheroc,672,shaman,restoration,18,7,11
Hardlyfe,frostmourne,672,shaman,restoration,18,7,11
Meatlog,dalaran,672,shaman,restoration,18,7,11
Macavell,tichondrius,672,shaman,restoration,18,7,11
Oprawindfuri,whisperwind,672,shaman,restoration,18,7,11
Wabiex,illidan,672,shaman,restoration,18,7,11
Káori,area-52,672,shaman,restoration,18,7,11
Silverkitty,tichondrius,672,shaman,restoration,18,7,11
Rollînçoàl,malganis,672,shaman,restoration,18,7,11
Stumpyjoe,terokkar,672,shaman,restoration,19,7,12
Fatherchunga,burning-legion,672,shaman,restoration,24,7,17
Foxymama,the-forgotten-coast,672,shaman,restoration,24,7,17
Krisu,kelthuzad,672,shaman,restoration,24,7,17
Larvabust,azralon,672,shaman,restoration,24,7,17
Twinkyz,boulderfist,672,shaman,restoration,30,7,23
Rokvahn,illidan,671,shaman,restoration,12,7,5
Sixzo,tichondrius,671,shaman,restoration,12,7,5
Drathos,azralon,671,shaman,restoration,12,7,5
Theshamhomie,stormrage,671,shaman,restoration,12,7,5
Johnyboy,illidan,671,shaman,restoration,12,7,5
Arkilios,tichondrius,671,shaman,restoration,12,7,5
Thormodin,destromath,671,shaman,restoration,12,7,5
Rölanda,dalaran,671,shaman,restoration,12,7,5
Wishpool,stormrage,671,shaman,restoration,12,7,5
Shamiggels,sargeras,671,shaman,restoration,12,7,5
Porfis,tichondrius,671,shaman,restoration,12,7,5
Pakdis,sargeras,671,shaman,restoration,12,7,5
Nûkes,area-52,671,shaman,restoration,14,7,7
Keláia,quelthalas,671,shaman,restoration,18,7,11
Dochavoc,tichondrius,671,shaman,restoration,18,7,11
Cavolt,stormrage,671,shaman,restoration,18,7,11
Lvcianrs,thrall,671,shaman,restoration,18,7,11
Waterswet,kargath,671,shaman,restoration,18,7,11
Khaarim,terenas,671,shaman,restoration,18,7,11
Patmar,dragonmaw,671,shaman,restoration,18,7,11
Naturasol,quelthalas,671,shaman,restoration,18,7,11
Bintopean,boulderfist,671,shaman,restoration,18,7,11
Caobuloso,azralon,671,shaman,restoration,18,7,11
Crynoobs,senjin,670,shaman,restoration,12,7,5
Bethorá,suramar,670,shaman,restoration,12,7,5
Shamanastic,tichondrius,670,shaman,restoration,12,7,5
Jaws,skullcrusher,670,shaman,restoration,12,7,5
Arrcae,tichondrius,670,shaman,restoration,12,7,5
Lilishami,tichondrius,670,shaman,restoration,12,7,5
Flameism,sargeras,670,shaman,restoration,12,7,5
Jumpc,ragnaros,670,shaman,restoration,18,7,11
Bigmawmaw,moon-guard,670,shaman,restoration,18,7,11
Moonrider,nerzhul,670,shaman,restoration,18,7,11
Oprawîndfury,tichondrius,670,shaman,restoration,18,7,11
Cadvanx,area-52,670,shaman,restoration,24,7,17
Deunan,ragnaros,670,shaman,restoration,24,7,17
Shrekstormer,area-52,670,shaman,restoration,30,7,23
Bootle,khazgoroth,669,shaman,restoration,15,8,7
Rrakk,proudmoore,669,shaman,restoration,18,7,11
Ilmll,proudmoore,669,shaman,restoration,18,7,11
Todem,stormrage,669,shaman,restoration,18,7,11
Farku,illidan,669,shaman,restoration,36,7,29
Evilraven,tichondrius,668,shaman,restoration,18,7,11
Waterspinach,tichondrius,668,shaman,restoration,18,7,11
Piaopiao,skywall,668,shaman,restoration,18,7,11
Detropolis,illidan,668,shaman,restoration,48,7,41
Enemy,lightninghoof,667,shaman,restoration,12,7,5
Melisaa,tichondrius,667,shaman,restoration,18,7,11
Kaliøs,ragnaros,667,shaman,restoration,18,7,11
Youngneal,sargeras,667,shaman,restoration,18,7,11
Topazlight,thrall,667,shaman,restoration,24,7,17
Dennwoop,sargeras,666,shaman,restoration,28,8,20
Ruadhri,moon-guard,665,shaman,restoration,12,7,5
Trodor,tichondrius,665,shaman,restoration,18,7,11
Milkyduds,area-52,665,shaman,restoration,23,7,16
Drmundo,icecrown,665,shaman,restoration,30,7,23
Galcosta,azralon,661,shaman,restoration,12,7,5
Kihlubra,frostmourne,655,shaman,restoration,25,7,18
Mâyo,thrall,654,shaman,restoration,17,7,10
Kitanoo,kiljaeden,639,shaman,restoration,23,7,16
Healingtime,nerzhul,638,shaman,restoration,14,8,6
Flíx,stormrage,638,shaman,restoration,14,8,6
Talraviebor,stormrage,636,shaman,restoration,14,8,6
Brocklee,farstriders,635,shaman,restoration,22,7,15
Turbotery,tichondrius,623,shaman,restoration,21,7,14
Royblue,illidan,618,shaman,restoration,14,8,6
Îvôry,bloodhoof,618,shaman,restoration,22,10,12
Zugwave,area-52,618,shaman,restoration,22,8,14
Vindícated,area-52,617,shaman,restoration,13,8,5
Xchainz,stormrage,617,shaman,restoration,22,8,14
Tolvashoc,emerald-dream,608,shaman,restoration,16,7,9
Drfate,kargath,604,shaman,restoration,16,7,9
Woepost,tichondrius,604,shaman,restoration,26,7,19
Xlash,zuljin,598,shaman,restoration,26,7,19
Grony,malganis,592,shaman,restoration,7,7,0
Vaderung,emerald-dream,592,shaman,restoration,13,7,6
Chopps,wildhammer,590,shaman,restoration,22,7,15
Toljur,illidan,576,shaman,restoration,6,6,0
Vrangr,uther,576,shaman,restoration,6,6,0
Limburger,zuljin,576,shaman,restoration,6,6,0
Duckhead,tichondrius,576,shaman,restoration,6,6,0
Zontas,illidan,576,shaman,restoration,6,6,0
Jinyara,malganis,576,shaman,restoration,6,6,0
Slurgamer,area-52,576,shaman,restoration,6,6,0
Tommoorello,lightnings-blade,576,shaman,restoration,6,6,0
Jaygodx,blades-edge,576,shaman,restoration,6,6,0
Jimmyapple,illidan,576,shaman,restoration,6,6,0
Gerardohdez,ragnaros,576,shaman,restoration,6,6,0
Jordnöt,moon-guard,576,shaman,restoration,9,6,3
Surph,zuljin,576,shaman,restoration,12,6,6
Saeglópur,blackhand,576,shaman,restoration,12,6,6
Nymrose,stormrage,576,shaman,restoration,12,6,6
Oppaswag,tichondrius,576,shaman,restoration,12,6,6
Motatos,malganis,576,shaman,restoration,12,6,6
Mazekheen,barthilas,576,shaman,restoration,12,6,6
Betaprostate,alterac-mountains,576,shaman,restoration,12,6,6
Jamarcuss,tichondrius,576,shaman,restoration,12,6,6
Deevviouss,barthilas,576,shaman,restoration,12,6,6
Aespeon,stormrage,576,shaman,restoration,12,6,6
Kamusham,azralon,576,shaman,restoration,12,6,6
Hhex,tichondrius,576,shaman,restoration,12,6,6
Kotorî,proudmoore,576,shaman,restoration,12,6,6
Lavawurst,tichondrius,576,shaman,restoration,12,6,6
Triyourong,proudmoore,576,shaman,restoration,12,6,6
Totempeanut,zuljin,576,shaman,restoration,12,6,6
Ironstars,stormrage,576,shaman,restoration,12,6,6
Caprise,tichondrius,576,shaman,restoration,12,6,6
Tcurts,stormrage,576,shaman,restoration,12,6,6
Thoraq,bleeding-hollow,576,shaman,restoration,12,6,6
Cloudycloud,tichondrius,576,shaman,restoration,12,6,6
Blazedblue,tichondrius,576,shaman,restoration,12,6,6
Chogramm,illidan,576,shaman,restoration,12,6,6
Atsukaia,tichondrius,576,shaman,restoration,12,6,6
Mocksy,eredar,576,shaman,restoration,12,6,6
Purgebot,sargeras,576,shaman,restoration,12,6,6
Callabash,mugthol,576,shaman,restoration,12,6,6
Gangdan,emerald-dream,576,shaman,restoration,12,6,6
Jiangjinfu,tichondrius,576,shaman,restoration,12,6,6
Pex,sargeras,576,shaman,restoration,12,6,6
Lenxd,dalaran,576,shaman,restoration,12,6,6
Streetacus,tichondrius,576,shaman,restoration,12,6,6
Squog,sargeras,576,shaman,restoration,12,6,6
Wìnì,dalaran,576,shaman,restoration,12,6,6
Ccmeifbald,moon-guard,576,shaman,restoration,12,6,6
Nickbosa,illidan,576,shaman,restoration,12,6,6
Gojiras,barthilas,576,shaman,restoration,20,7,13
Pepezug,illidan,576,shaman,restoration,18,6,12
Shäman,anetheron,576,shaman,restoration,18,6,12
Lolcàt,tichondrius,576,shaman,restoration,18,6,12
Evildoesit,black-dragonflight,576,shaman,restoration,18,6,12
Sheeno,blackrock,576,shaman,restoration,18,6,12
Rubmytiki,skywall,576,shaman,restoration,18,6,12
Heysteptotem,tichondrius,576,shaman,restoration,18,6,12
Zâppý,dalaran,576,shaman,restoration,18,6,12
Goodzilla,aegwynn,576,shaman,restoration,18,6,12
Adodo,tichondrius,576,shaman,restoration,18,6,12
Tchamí,blackrock,576,shaman,restoration,18,6,12
Bigwaggies,moon-guard,576,shaman,restoration,18,6,12
Kÿlé,darkspear,576,shaman,restoration,18,6,12
Diptide,bleeding-hollow,576,shaman,restoration,18,6,12
Sixtyninelol,thunderlord,576,shaman,restoration,18,6,12
Aiyinsitan,illidan,576,shaman,restoration,18,6,12
Greensween,thrall,576,shaman,restoration,19,6,13
Shampowl,jaedenar,576,shaman,restoration,20,6,14
Dukaman,malganis,576,shaman,restoration,24,6,18
Froglok,boulderfist,575,shaman,restoration,6,6,0
Druugrar,illidan,575,shaman,restoration,12,6,6
Hexegin,kelthuzad,575,shaman,restoration,12,6,6
Gerrkiing,amanthul,575,shaman,restoration,12,6,6
Sarevoc,sargeras,575,shaman,restoration,12,6,6
Ladash,ragnaros,575,shaman,restoration,12,6,6
Râine,stormreaver,575,shaman,restoration,12,6,6
Thralgor,twisting-nether,575,shaman,restoration,12,6,6
Donojo,zuljin,575,shaman,restoration,12,6,6
Boohoo,dethecus,575,shaman,restoration,12,6,6
Zere,cenarius,575,shaman,restoration,15,7,8
Tagliatelle,kelthuzad,575,shaman,restoration,15,7,8
Numbreseven,frostmourne,575,shaman,restoration,14,6,8
Ðrunkentotem,tichondrius,575,shaman,restoration,17,7,10
Tingletotem,tichondrius,575,shaman,restoration,18,6,12
Gormaul,thrall,575,shaman,restoration,18,6,12
Dallìa,tichondrius,575,shaman,restoration,18,6,12
Fouroclock,drakthul,575,shaman,restoration,18,6,12
Girafasuarx,korgath,575,shaman,restoration,18,6,12
Millkmachine,daggerspine,575,shaman,restoration,18,6,12
Martabakasin,frostmourne,575,shaman,restoration,24,6,18
Shamncheddar,bleeding-hollow,575,shaman,restoration,24,6,18
Fete,malganis,574,shaman,restoration,12,6,6
Windfurry,garona,574,shaman,restoration,12,6,6
Shyeahmon,drenden,574,shaman,restoration,12,6,6
Killerphreak,mannoroth,574,shaman,restoration,12,6,6
Wolpfh,area-52,574,shaman,restoration,18,6,12
Hilditotem,stormrage,573,shaman,restoration,12,6,6
Monspiett,azralon,573,shaman,restoration,18,6,12
Naishi,mannoroth,573,shaman,restoration,18,6,12
Spookyosa,dalaran,573,shaman,restoration,36,6,30
Jibberp,tichondrius,572,shaman,restoration,12,6,6
Teebob,hyjal,572,shaman,restoration,18,6,12
Doomtotem,moon-guard,572,shaman,restoration,18,6,12
Bombsb,tichondrius,572,shaman,restoration,18,6,12
Killuminatti,nathrezim,572,shaman,restoration,18,6,12
Oregano,korgath,571,shaman,restoration,18,6,12
Recklss,stormrage,569,shaman,restoration,24,6,18
Gimlyman,madoran,567,shaman,restoration,12,6,6
Ranek,shuhalo,567,shaman,restoration,12,6,6
Trustfall,rexxar,566,shaman,restoration,12,6,6
Bloodmoôn,frostmourne,566,shaman,restoration,18,6,12
Emonez,kiljaeden,559,shaman,restoration,18,6,12
Pitaevergree,emerald-dream,552,shaman,restoration,35,6,29
Acmilan,tichondrius,544,shaman,restoration,16,6,10
Reddleman,stormrage,544,shaman,restoration,22,6,16
Brogetic,cenarius,543,shaman,restoration,11,6,5
Saviørkai,barthilas,543,shaman,restoration,14,7,7
Jabá,illidan,543,shaman,restoration,34,11,23
Firefíst,area-52,527,shaman,restoration,11,6,5
Cornroll,tichondrius,527,shaman,restoration,11,6,5
Imlubedup,saurfang,527,shaman,restoration,11,6,5
Beeto,sargeras,527,shaman,restoration,15,7,8
Pazzam,arthas,526,shaman,restoration,11,6,5
Fullstep,azralon,521,shaman,restoration,15,8,7
Tyealer,frostwolf,518,shaman,restoration,13,7,6
Gohral,wyrmrest-accord,512,shaman,restoration,16,6,10
Fengfeism,tichondrius,511,shaman,restoration,14,6,8
Shockjoy,malganis,511,shaman,restoration,17,6,11
Watoos,area-52,511,shaman,restoration,20,6,14
Aricer,proudmoore,495,shaman,restoration,25,6,19
Change,shadow-council,480,shaman,restoration,6,5,1
Dankestmemes,illidan,480,shaman,restoration,6,5,1
Cheddatotz,illidan,480,shaman,restoration,6,5,1
Jarebears,thrall,480,shaman,restoration,6,5,1
Sammila,tichondrius,480,shaman,restoration,6,5,1
Khaoshaman,proudmoore,480,shaman,restoration,6,5,1
Reèzx,illidan,480,shaman,restoration,6,5,1
Eagaen,illidan,480,shaman,restoration,6,5,1
Blueclass,akama,480,shaman,restoration,6,5,1
Cantshear,zuljin,480,shaman,restoration,6,5,1
Shamamsx,illidan,480,shaman,restoration,6,5,1
Toath,tichondrius,480,shaman,restoration,6,5,1
Binestein,tichondrius,480,shaman,restoration,6,5,1
Windfuryo,stormrage,480,shaman,restoration,6,5,1
Vixen,ravenholdt,480,shaman,restoration,6,5,1
Alasierg,stonemaul,480,shaman,restoration,6,5,1
Bluepenguin,kelthuzad,480,shaman,restoration,6,5,1
Oopy,icecrown,480,shaman,restoration,6,5,1
Nagôs,tichondrius,480,shaman,restoration,6,5,1
Praisegodx,stormrage,480,shaman,restoration,6,5,1
Çhïcagø,aegwynn,480,shaman,restoration,6,5,1
Ñätùrëðrägøñ,tichondrius,480,shaman,restoration,6,5,1
Fastaslight,bleeding-hollow,480,shaman,restoration,6,5,1
Iawls,tichondrius,480,shaman,restoration,6,5,1
Googurt,barthilas,480,shaman,restoration,12,5,7
Synkronaqt,tichondrius,480,shaman,restoration,12,5,7
Nagish,alexstrasza,480,shaman,restoration,12,5,7
Coral,veknilash,480,shaman,restoration,12,5,7
Simpinbeen,frostmourne,480,shaman,restoration,12,5,7
Teestuh,proudmoore,480,shaman,restoration,12,5,7
Shockwall,stormrage,480,shaman,restoration,12,5,7
Nazgore,jubeithos,480,shaman,restoration,12,5,7
Soonn,ragnaros,480,shaman,restoration,12,5,7
Azrlol,illidan,480,shaman,restoration,12,5,7
Devastian,quelthalas,480,shaman,restoration,12,5,7
Baltarian,emerald-dream,480,shaman,restoration,12,5,7
Smokedeew,tichondrius,480,shaman,restoration,12,5,7
Jacori,malganis,480,shaman,restoration,12,5,7
Flaggedname,frostmane,480,shaman,restoration,12,5,7
Totolorraine,tichondrius,480,shaman,restoration,12,5,7
Hokuto,tichondrius,480,shaman,restoration,12,5,7
Aderra,garrosh,480,shaman,restoration,12,5,7
Daintydan,illidan,480,shaman,restoration,12,5,7
Tmkaldärýs,tichondrius,480,shaman,restoration,12,5,7
Masatotem,burning-blade,480,shaman,restoration,12,5,7
Teftx,area-52,480,shaman,restoration,12,5,7
Kupnicki,zuljin,480,shaman,restoration,12,5,7
Nøir,drakkari,480,shaman,restoration,12,5,7
Vegaslights,tichondrius,480,shaman,restoration,12,5,7
Kergan,fenris,480,shaman,restoration,12,5,7
Restonomnom,the-underbog,480,shaman,restoration,12,5,7
Hijodelrayo,drakkari,480,shaman,restoration,12,5,7
Shambuddy,moon-guard,480,shaman,restoration,12,5,7
Bignutters,bleeding-hollow,480,shaman,restoration,12,5,7
Srbski,emerald-dream,480,shaman,restoration,12,5,7
Huulu,blades-edge,480,shaman,restoration,12,5,7
Cluffatty,tichondrius,480,shaman,restoration,12,5,7
Slippys,darkspear,480,shaman,restoration,12,5,7
Sylemm,malganis,480,shaman,restoration,12,5,7
Deyodin,illidan,480,shaman,restoration,12,5,7
Lesnar,area-52,480,shaman,restoration,12,5,7
Weebzealot,kelthuzad,480,shaman,restoration,12,5,7
Rykkar,kiljaeden,480,shaman,restoration,12,5,7
Krupto,tichondrius,480,shaman,restoration,12,5,7
Latoques,quelthalas,480,shaman,restoration,12,5,7
Rouzy,area-52,480,shaman,restoration,12,5,7
Goresx,tichondrius,480,shaman,restoration,12,5,7
Dyllbat,illidan,480,shaman,restoration,12,5,7
Healvonhealy,sargeras,480,shaman,restoration,12,5,7
Drcopafeel,stormrage,480,shaman,restoration,12,5,7
Feelmytotem,bleeding-hollow,480,shaman,restoration,12,5,7
Doop,kiljaeden,480,shaman,restoration,12,5,7
Avelmiré,sargeras,480,shaman,restoration,12,5,7
Sérizawa,tichondrius,480,shaman,restoration,12,5,7
Bröxigâr,tichondrius,480,shaman,restoration,12,5,7
Nizzarrathur,emerald-dream,480,shaman,restoration,12,5,7
Seukstinyne,frostmourne,480,shaman,restoration,12,5,7
Seiko,tichondrius,480,shaman,restoration,12,5,7
Gomeimsoft,magtheridon,480,shaman,restoration,12,5,7
Nathaan,tichondrius,480,shaman,restoration,12,5,7
Trizzeh,moon-guard,480,shaman,restoration,12,5,7
Scrumbum,tichondrius,480,shaman,restoration,16,6,10
Shammurai,destromath,480,shaman,restoration,17,5,12
Oilburner,malganis,480,shaman,restoration,18,5,13
Animac,bleeding-hollow,480,shaman,restoration,18,5,13
Stoompz,kiljaeden,480,shaman,restoration,18,5,13
Zezlek,malganis,480,shaman,restoration,18,5,13
Decm,area-52,480,shaman,restoration,18,5,13
Oldshammy,eldrethalas,480,shaman,restoration,18,5,13
Saksa,garrosh,480,shaman,restoration,18,5,13
Mommba,tichondrius,480,shaman,restoration,18,5,13
Sâxman,stormreaver,480,shaman,restoration,18,5,13
Noveske,arthas,480,shaman,restoration,18,5,13
Liltex,malganis,480,shaman,restoration,24,5,19
Stedi,moon-guard,480,shaman,restoration,24,5,19
Niperlxl,drakkari,480,shaman,restoration,30,5,25
Terrusguard,thrall,479,shaman,restoration,6,5,1
Dropset,kelthuzad,479,shaman,restoration,6,5,1
Danimalls,stormrage,479,shaman,restoration,6,5,1
Gagonmatotem,skullcrusher,479,shaman,restoration,9,5,4
Yngvii,tichondrius,479,shaman,restoration,12,5,7
Fryda,destromath,479,shaman,restoration,12,5,7
Welled,area-52,479,shaman,restoration,12,5,7
Bayonett,wyrmrest-accord,479,shaman,restoration,12,5,7
Arastour,bronzebeard,479,shaman,restoration,12,5,7
Maczo,kiljaeden,479,shaman,restoration,12,5,7
Øliverxd,lightbringer,479,shaman,restoration,12,5,7
Sâvage,zuljin,479,shaman,restoration,12,5,7
Highmountain,tichondrius,479,shaman,restoration,12,5,7
Blkpowerfist,malganis,479,shaman,restoration,12,5,7
Aimsely,area-52,479,shaman,restoration,12,5,7
Estheriea,moon-guard,479,shaman,restoration,12,5,7
Beardsworth,emerald-dream,479,shaman,restoration,12,5,7
Totemzlol,sargeras,479,shaman,restoration,12,5,7
Tattoö,elune,479,shaman,restoration,12,5,7
Durandre,moon-guard,479,shaman,restoration,12,5,7
Guronna,arthas,479,shaman,restoration,18,5,13
Shamantimes,ragnaros,479,shaman,restoration,18,5,13
Bimbibap,frostmourne,479,shaman,restoration,18,5,13
Stornbreiker,thrall,479,shaman,restoration,18,5,13
Haymaker,bleeding-hollow,479,shaman,restoration,24,5,19
Typo,skullcrusher,478,shaman,restoration,6,5,1
Kugelrund,proudmoore,478,shaman,restoration,12,5,7
Captnpickles,stormrage,478,shaman,restoration,12,5,7
Thunderguy,icecrown,478,shaman,restoration,18,5,13
Doctermoo,daggerspine,478,shaman,restoration,49,10,39
Stahlye,proudmoore,477,shaman,restoration,6,5,1
Timprecu,azralon,477,shaman,restoration,12,5,7
Furyshock,tichondrius,477,shaman,restoration,18,5,13
Luckyhoof,bleeding-hollow,475,shaman,restoration,25,5,20
Uderlol,tichondrius,448,shaman,restoration,10,5,5
Hortenhoost,korgath,447,shaman,restoration,11,5,6
Wetplurp,drenden,444,shaman,restoration,11,5,6
Shocktopus,emerald-dream,442,shaman,restoration,22,12,10
Sidnii,tichondrius,432,shaman,restoration,9,5,4
Ttvozzyxy,tichondrius,432,shaman,restoration,14,7,7
Alubedo,goldrinn,432,shaman,restoration,15,5,10
Zelzus,moon-guard,431,shaman,restoration,11,5,6
Mythsham,caelestrasz,431,shaman,restoration,11,5,6
Tiâ,bleeding-hollow,430,shaman,restoration,15,5,10
Tyfu,tichondrius,426,shaman,restoration,13,6,7
Swampy,tanaris,426,shaman,restoration,15,6,9
Ggezlmao,bleeding-hollow,426,shaman,restoration,16,6,10
Drowsbad,tichondrius,426,shaman,restoration,22,7,15
Zio,akama,425,shaman,restoration,14,6,8
Thelôpen,tichondrius,425,shaman,restoration,23,7,16
Ashidoxz,proudmoore,424,shaman,restoration,16,8,8
Hannibol,tichondrius,416,shaman,restoration,10,5,5
Instanoodlez,eonar,414,shaman,restoration,6,6,0
Clapton,darkspear,400,shaman,restoration,19,5,14
Ðzt,stormrage,399,shaman,restoration,11,5,6
Uggerz,barthilas,393,shaman,restoration,20,6,14
Excaliburumb,tichondrius,384,shaman,restoration,6,4,2
Drackmon,illidan,384,shaman,restoration,6,4,2
Shämblez,area-52,384,shaman,restoration,6,4,2
Kantokandres,quelthalas,384,shaman,restoration,6,4,2
Philshiesty,illidan,384,shaman,restoration,6,4,2
Aletcheoddox,sargeras,384,shaman,restoration,6,4,2
Standintotem,illidan,384,shaman,restoration,6,4,2
Smeeza,frostmourne,384,shaman,restoration,6,4,2
Matapacxs,quelthalas,384,shaman,restoration,6,4,2
Gotmolk,illidan,384,shaman,restoration,6,4,2
Notretro,uldum,384,shaman,restoration,6,4,2
Shampowx,tichondrius,384,shaman,restoration,6,4,2
Djbluex,tichondrius,384,shaman,restoration,6,4,2
Posong,bleeding-hollow,384,shaman,restoration,6,4,2
Hibbles,frostmourne,384,shaman,restoration,6,4,2
Guiliguili,stormrage,384,shaman,restoration,6,4,2
Buttermelk,bleeding-hollow,384,shaman,restoration,6,4,2
Intravz,tichondrius,384,shaman,restoration,6,4,2
Cdewsbaby,arthas,384,shaman,restoration,6,4,2
Saucysantana,illidan,384,shaman,restoration,6,4,2
Enkcurable,tichondrius,384,shaman,restoration,6,4,2
Capriserjr,tichondrius,384,shaman,restoration,6,4,2
Castia,sargeras,384,shaman,restoration,6,4,2
Unrealistic,dunemaul,384,shaman,restoration,6,4,2
Xraiduh,area-52,384,shaman,restoration,6,4,2
Tisaa,tichondrius,384,shaman,restoration,6,4,2
Lilthickness,dragonmaw,384,shaman,restoration,6,4,2
Satanics,drakkari,384,shaman,restoration,6,4,2
Jukezstorm,thrall,384,shaman,restoration,6,4,2
Bïgpäpä,darkspear,384,shaman,restoration,6,4,2
Wecookin,frostwolf,384,shaman,restoration,6,4,2
Bhann,tichondrius,384,shaman,restoration,6,4,2
Frogmaker,tichondrius,384,shaman,restoration,6,4,2
Rockytop,malganis,384,shaman,restoration,6,4,2
Dînk,stormrage,384,shaman,restoration,6,4,2
Telnos,emerald-dream,384,shaman,restoration,6,4,2
Thua,moon-guard,384,shaman,restoration,6,4,2
Nepshock,stormrage,384,shaman,restoration,6,4,2
Príde,ragnaros,384,shaman,restoration,6,4,2
Kaîowas,malganis,384,shaman,restoration,6,4,2
Autisty,sargeras,384,shaman,restoration,10,4,6
Halfzugzug,sargeras,384,shaman,restoration,12,4,8
Dablue,stormrage,384,shaman,restoration,12,4,8
Healswin,sargeras,384,shaman,restoration,12,4,8
Inhale,sargeras,384,shaman,restoration,12,4,8
Pomelol,tichondrius,384,shaman,restoration,12,4,8
Ngentotem,frostmourne,384,shaman,restoration,12,4,8
Spippippin,illidan,384,shaman,restoration,12,4,8
Boyyo,maiev,384,shaman,restoration,12,4,8
Tofuji,barthilas,384,shaman,restoration,12,4,8
Ayev,illidan,384,shaman,restoration,12,4,8
Myalttoon,area-52,384,shaman,restoration,12,4,8
Cgq,tichondrius,384,shaman,restoration,12,4,8
Lonaw,malganis,384,shaman,restoration,12,4,8
Skumnasty,tichondrius,384,shaman,restoration,12,4,8
Juraf,malganis,384,shaman,restoration,12,4,8
Erii,undermine,384,shaman,restoration,12,4,8
Yès,proudmoore,384,shaman,restoration,12,4,8
Kronick,magtheridon,384,shaman,restoration,12,4,8
Celements,malganis,384,shaman,restoration,12,4,8
Trölencio,quelthalas,384,shaman,restoration,12,4,8
Dikedwarf,burning-blade,384,shaman,restoration,12,4,8
Naturelover,mugthol,384,shaman,restoration,12,4,8
Dankprotein,tichondrius,384,shaman,restoration,12,4,8
Flexi,senjin,384,shaman,restoration,12,4,8
Bayslaps,tichondrius,384,shaman,restoration,12,4,8
Misakism,sargeras,384,shaman,restoration,12,4,8
Btruez,tichondrius,384,shaman,restoration,12,4,8
Toobeastly,deathwing,384,shaman,restoration,12,4,8
Woulf,proudmoore,384,shaman,restoration,12,4,8
Spokytv,azralon,384,shaman,restoration,12,4,8
Rabajood,korgath,384,shaman,restoration,12,4,8
Kharnus,ravenholdt,384,shaman,restoration,12,4,8
Engara,frostmane,384,shaman,restoration,12,4,8
Supor,maelstrom,384,shaman,restoration,12,4,8
Lixir,destromath,384,shaman,restoration,12,4,8
Shâmbulance,hyjal,384,shaman,restoration,12,4,8
Belazeus,tichondrius,384,shaman,restoration,12,4,8
Guccishamble,emerald-dream,384,shaman,restoration,12,4,8
Stormheim,moon-guard,384,shaman,restoration,12,4,8
Mauiiei,sargeras,384,shaman,restoration,12,4,8
Zuläkk,bleeding-hollow,384,shaman,restoration,16,5,11
Porkbrains,emerald-dream,384,shaman,restoration,16,5,11
Goyshaman,illidan,384,shaman,restoration,13,4,9
Kezzër,azralon,384,shaman,restoration,16,4,12
Djoko,tichondrius,384,shaman,restoration,18,4,14
Equinsuochha,silvermoon,384,shaman,restoration,18,4,14
Malthor,terenas,384,shaman,restoration,18,4,14
Conductivity,frostmourne,384,shaman,restoration,18,4,14
Oridin,emerald-dream,384,shaman,restoration,25,4,21
Bøx,ragnaros,383,shaman,restoration,6,4,2
Rockyisback,illidan,383,shaman,restoration,6,4,2
Hexnation,frostmourne,383,shaman,restoration,6,4,2
Ilion,nemesis,383,shaman,restoration,6,4,2
Ozsham,burning-blade,383,shaman,restoration,8,4,4
Gaboola,tichondrius,383,shaman,restoration,12,4,8
Surgetankian,malorne,383,shaman,restoration,12,4,8
Ânûbis,sargeras,383,shaman,restoration,12,4,8
Shotaro,galakrond,383,shaman,restoration,12,4,8
Huugsnkissez,sargeras,383,shaman,restoration,12,4,8
Herteitr,blood-furnace,383,shaman,restoration,12,4,8
Zìfu,darkspear,383,shaman,restoration,12,4,8
Tandarin,burning-legion,383,shaman,restoration,12,4,8
Sndtome,tichondrius,383,shaman,restoration,12,4,8
Akharis,frostmane,383,shaman,restoration,21,5,16
Draugurn,quelthalas,383,shaman,restoration,18,4,14
Thenewsherek,maelstrom,382,shaman,restoration,12,4,8
Huukron,emerald-dream,382,shaman,restoration,12,4,8
Caulkshock,tichondrius,382,shaman,restoration,12,4,8
Shockshow,zuljin,382,shaman,restoration,12,4,8
Laveidem,frostmourne,382,shaman,restoration,18,4,14
Valien,kiljaeden,381,shaman,restoration,12,4,8
Bigbadpercy,frostmourne,367,shaman,restoration,11,4,7
Flavortrash,the-underbog,367,shaman,restoration,11,4,7
Pche,tichondrius,367,shaman,restoration,11,4,7
Alwinaa,kiljaeden,367,shaman,restoration,11,4,7
Shamoover,kelthuzad,367,shaman,restoration,17,4,13
Aceventuura,hyjal,352,shaman,restoration,22,4,18
Shamanakin,emerald-dream,351,shaman,restoration,8,5,3
Dreadshox,tichondrius,336,shaman,restoration,9,5,4
Heaties,tichondrius,336,shaman,restoration,9,5,4
Grimstor,stormrage,335,shaman,restoration,9,4,5
Avidas,malganis,331,shaman,restoration,15,4,11
Hellstabbers,lightbringer,330,shaman,restoration,7,5,2
Båndø,tichondrius,330,shaman,restoration,15,5,10
Hitchsláp,tichondrius,330,shaman,restoration,16,5,11
Illmental,kelthuzad,330,shaman,restoration,17,5,12
Intress,moon-guard,329,shaman,restoration,10,6,4
Plutoshaker,tichondrius,320,shaman,restoration,10,4,6
Cleiri,quelthalas,319,shaman,restoration,5,4,1
Healbotsimon,stormrage,319,shaman,restoration,5,4,1
Záika,sargeras,318,shaman,restoration,10,4,6
Elevatezxo,stormrage,304,shaman,restoration,7,4,3
Sumdumshaman,illidan,297,shaman,restoration,13,5,8
Ryzak,dunemaul,288,shaman,restoration,6,3,3
Goongoon,zuljin,288,shaman,restoration,6,3,3
Nyroh,zuljin,288,shaman,restoration,6,3,3
Nüt,wyrmrest-accord,288,shaman,restoration,6,3,3
Catnïp,maelstrom,288,shaman,restoration,6,3,3
Forloren,zuljin,288,shaman,restoration,6,3,3
Nomoreswap,zuljin,288,shaman,restoration,6,3,3
Raidan,twisting-nether,288,shaman,restoration,6,3,3
Mooncalf,blackrock,288,shaman,restoration,6,3,3
Rakkasham,blackrock,288,shaman,restoration,6,3,3
Stymiedxs,zuljin,288,shaman,restoration,6,3,3
Shamjam,blackrock,288,shaman,restoration,6,3,3
Siox,zuljin,288,shaman,restoration,6,3,3
Epicchodez,nerzhul,288,shaman,restoration,6,3,3
Keggerop,korgath,288,shaman,restoration,6,3,3
Daggonet,sargeras,288,shaman,restoration,6,3,3
Skrubbles,bleeding-hollow,288,shaman,restoration,6,3,3
Floods,frostmourne,288,shaman,restoration,6,3,3
Smackzs,sargeras,288,shaman,restoration,6,3,3
Fwap,bleeding-hollow,288,shaman,restoration,6,3,3
Droganel,tichondrius,288,shaman,restoration,6,3,3
Chocothicc,bleeding-hollow,288,shaman,restoration,6,3,3
Zoltide,sargeras,288,shaman,restoration,6,3,3
Maoshaman,tichondrius,288,shaman,restoration,6,3,3
Rubmýtotems,tichondrius,288,shaman,restoration,6,3,3
Wèsleypipes,crushridge,288,shaman,restoration,6,3,3
Gucciblunts,sargeras,288,shaman,restoration,6,3,3
Gunx,darkspear,288,shaman,restoration,6,3,3
Lenin,nathrezim,288,shaman,restoration,6,3,3
Gerosine,aegwynn,288,shaman,restoration,6,3,3
Mifuyu,llane,288,shaman,restoration,6,3,3
Goullin,dalaran,288,shaman,restoration,6,3,3
Drwsham,ragnaros,288,shaman,restoration,6,3,3
Thekoi,frostmourne,288,shaman,restoration,6,3,3
Legendmatic,illidan,288,shaman,restoration,6,3,3
Ililiiïiili,tichondrius,288,shaman,restoration,6,3,3
Vitchzestein,ragnaros,288,shaman,restoration,6,3,3
Midnightsuns,ragnaros,288,shaman,restoration,6,3,3
Snpi,kiljaeden,288,shaman,restoration,6,3,3
Nondracil,ragnaros,288,shaman,restoration,6,3,3
Shomminn,tichondrius,288,shaman,restoration,6,3,3
Voron,kiljaeden,288,shaman,restoration,6,3,3
Sumyl,ragnaros,288,shaman,restoration,6,3,3
Hungy,wyrmrest-accord,288,shaman,restoration,6,3,3
Jackiesham,illidan,288,shaman,restoration,6,3,3
Shamráge,illidan,288,shaman,restoration,6,3,3
Kanntok,quelthalas,288,shaman,restoration,6,3,3
Stormshadowx,proudmoore,288,shaman,restoration,6,3,3
Shearx,illidan,288,shaman,restoration,6,3,3
Akupapu,illidan,288,shaman,restoration,6,3,3
Jubie,proudmoore,288,shaman,restoration,6,3,3
Snowkingx,illidan,288,shaman,restoration,6,3,3
Owoken,illidan,288,shaman,restoration,6,3,3
Ñoobshaman,tichondrius,288,shaman,restoration,6,3,3
Warshamn,tichondrius,288,shaman,restoration,6,3,3
Tonymax,malganis,288,shaman,restoration,6,3,3
Phinoi,tichondrius,288,shaman,restoration,6,3,3
Schok,tichondrius,288,shaman,restoration,6,3,3
Soloqstayer,tichondrius,288,shaman,restoration,6,3,3
Cowboydans,malganis,288,shaman,restoration,6,3,3
Mítchconnor,tichondrius,288,shaman,restoration,6,3,3
Sreve,malganis,288,shaman,restoration,6,3,3
Shoota,tichondrius,288,shaman,restoration,6,3,3
Megadabs,malganis,288,shaman,restoration,6,3,3
Wolfguts,thrall,288,shaman,restoration,6,3,3
Justdeadman,tichondrius,288,shaman,restoration,6,3,3
Naughtylol,malganis,288,shaman,restoration,6,3,3
Danyax,malganis,288,shaman,restoration,6,3,3
Laucian,malganis,288,shaman,restoration,6,3,3
Herpeaz,kelthuzad,288,shaman,restoration,6,3,3
Dwarfers,emerald-dream,288,shaman,restoration,6,3,3
Yunqboichay,kelthuzad,288,shaman,restoration,6,3,3
Teladoy,kelthuzad,288,shaman,restoration,6,3,3
Digglr,tichondrius,288,shaman,restoration,6,3,3
Krisuyo,kelthuzad,288,shaman,restoration,6,3,3
Cannonshot,tichondrius,288,shaman,restoration,6,3,3
Djtko,kelthuzad,288,shaman,restoration,6,3,3
Radbtw,icecrown,288,shaman,restoration,6,3,3
Meerlim,malygos,288,shaman,restoration,6,3,3
Megafin,tichondrius,288,shaman,restoration,6,3,3
Xxamba,tichondrius,288,shaman,restoration,6,3,3
Lavasurge,area-52,288,shaman,restoration,6,3,3
Lovesosa,draenor,288,shaman,restoration,6,3,3
Fruityrudyy,area-52,288,shaman,restoration,6,3,3
Russtoration,frostmourne,288,shaman,restoration,6,3,3
Zapmavz,area-52,288,shaman,restoration,6,3,3
Epikhigh,tichondrius,288,shaman,restoration,6,3,3
Solitarysham,moon-guard,288,shaman,restoration,6,3,3
Zapdos,silvermoon,288,shaman,restoration,6,3,3
Electriqt,barthilas,288,shaman,restoration,6,3,3
Cloudsh,silvermoon,288,shaman,restoration,6,3,3
Shammich,vashj,288,shaman,restoration,6,3,3
Drbuttcheeks,moon-guard,288,shaman,restoration,6,3,3
Olasia,stormrage,288,shaman,restoration,6,3,3
Shomon,khazgoroth,288,shaman,restoration,6,3,3
Baldbozo,stormrage,288,shaman,restoration,6,3,3
Youngie,dathremar,288,shaman,restoration,6,3,3
Frugged,stormrage,288,shaman,restoration,6,3,3
Jontrabolta,kelthuzad,288,shaman,restoration,9,4,5
Squidazzle,tichondrius,288,shaman,restoration,8,3,5
Mitsuri,tichondrius,288,shaman,restoration,8,3,5
Illapa,azralon,288,shaman,restoration,9,3,6
Rebelutioni,lothar,288,shaman,restoration,11,3,8
Sliccricc,doomhammer,288,shaman,restoration,12,3,9
Trysts,wyrmrest-accord,288,shaman,restoration,12,3,9
Shockathot,stormrage,288,shaman,restoration,12,3,9
Blackaxe,wyrmrest-accord,288,shaman,restoration,12,3,9
Sürge,blackwater-raiders,288,shaman,restoration,12,3,9
Shamle,azuremyst,288,shaman,restoration,12,3,9
Emaric,sargeras,288,shaman,restoration,12,3,9
Makogo,earthen-ring,288,shaman,restoration,12,3,9
Showkinho,azralon,288,shaman,restoration,12,3,9
Scion,thaurissan,288,shaman,restoration,12,3,9
Calliope,burning-legion,288,shaman,restoration,12,3,9
Thrallzballz,firetree,288,shaman,restoration,12,3,9
Pikon,bleeding-hollow,288,shaman,restoration,12,3,9
Athymus,dragonmaw,288,shaman,restoration,12,3,9
Sooweecide,tichondrius,288,shaman,restoration,12,3,9
Bobthashaman,tichondrius,288,shaman,restoration,12,3,9
Dadadabang,frostmourne,288,shaman,restoration,12,3,9
Vromme,whisperwind,288,shaman,restoration,12,3,9
Mochomò,ragnaros,288,shaman,restoration,12,3,9
Meatyball,tichondrius,288,shaman,restoration,12,3,9
Cackson,jubeithos,288,shaman,restoration,12,3,9
Oomme,area-52,288,shaman,restoration,12,3,9
Magwølfe,area-52,288,shaman,restoration,12,3,9
Chaüncy,tichondrius,288,shaman,restoration,12,3,9
Zéwel,tichondrius,288,shaman,restoration,12,3,9
Strawberryz,sargeras,288,shaman,restoration,12,3,9
Shamonalisa,altar-of-storms,288,shaman,restoration,12,3,9
Khälvis,stormrage,288,shaman,restoration,12,3,9
Øten,area-52,288,shaman,restoration,12,3,9
Torgami,tichondrius,288,shaman,restoration,12,3,9
Malenhncemnt,illidan,288,shaman,restoration,12,3,9
Babehmakr,lightnings-blade,288,shaman,restoration,12,3,9
Chocobomb,burning-blade,288,shaman,restoration,12,3,9
Mailkid,tichondrius,288,shaman,restoration,12,3,9
Mondaymood,illidan,288,shaman,restoration,12,3,9
Bovinefever,kiljaeden,288,shaman,restoration,12,3,9
Moresbythicc,frostmourne,288,shaman,restoration,12,3,9
Adosistoxic,zuljin,288,shaman,restoration,14,3,11
Lór,onyxia,288,shaman,restoration,21,4,17
Dier,frostmourne,288,shaman,restoration,18,3,15
Trøuble,deathwing,288,shaman,restoration,18,3,15
Eaeshaman,tichondrius,288,shaman,restoration,18,3,15
Boodaa,stormscale,288,shaman,restoration,18,3,15
Altryn,shuhalo,287,shaman,restoration,6,3,3
Trovac,azralon,287,shaman,restoration,6,3,3
Thean,wyrmrest-accord,287,shaman,restoration,6,3,3
Trashaman,garona,287,shaman,restoration,6,3,3
Criticalthry,garrosh,287,shaman,restoration,12,3,9
Nottoshammy,dalaran,287,shaman,restoration,12,3,9
Heatexchange,burning-blade,287,shaman,restoration,12,3,9
Lïet,quelthalas,287,shaman,restoration,12,3,9
Grimnur,bleeding-hollow,287,shaman,restoration,12,3,9
Bebelinn,quelthalas,287,shaman,restoration,12,3,9
Thormenthos,ragnaros,287,shaman,restoration,18,3,15
Riverrun,shattered-halls,287,shaman,restoration,24,3,21
Hawpch,area-52,287,shaman,restoration,25,3,22
Garurt,daggerspine,286,shaman,restoration,12,6,6
Kider,drakkari,286,shaman,restoration,6,3,3
Lupog,illidan,281,shaman,restoration,14,6,8
Tarlonygg,malganis,281,shaman,restoration,15,6,9
Littleshasha,tichondrius,276,shaman,restoration,17,6,11
Eloquent,emerald-dream,273,shaman,restoration,19,6,13
Uhohsweaty,senjin,256,shaman,restoration,10,3,7
Totèm,tichondrius,256,shaman,restoration,10,3,7
Krushin,tichondrius,255,shaman,restoration,11,5,6
Hilung,lightnings-blade,255,shaman,restoration,11,3,8
Poppedtrunk,lightbringer,240,shaman,restoration,9,3,6
Lamadingdang,stormrage,240,shaman,restoration,15,3,12
Lickerman,stormreaver,239,shaman,restoration,5,3,2
Aeølus,tichondrius,234,shaman,restoration,8,4,4
Rohzie,illidan,234,shaman,restoration,17,6,11
Succies,emerald-dream,234,shaman,restoration,16,4,12
Bigripnow,sargeras,234,shaman,restoration,20,4,16
Tokelahoma,stormrage,234,shaman,restoration,22,4,18
Kwaztotem,area-52,224,shaman,restoration,10,3,7
Sentence,skywall,201,shaman,restoration,31,9,22
Slîmshammy,skullcrusher,192,shaman,restoration,4,3,1
Krystiano,frostmourne,192,shaman,restoration,6,2,4
Splewtsham,thrall,192,shaman,restoration,6,2,4
Jumoma,thrall,192,shaman,restoration,6,2,4
Arckos,thrall,192,shaman,restoration,6,2,4
Totemabuser,frostmourne,192,shaman,restoration,6,2,4
Timbosteve,thrall,192,shaman,restoration,6,2,4
Toketime,thrall,192,shaman,restoration,6,2,4
Catfishballz,area-52,192,shaman,restoration,6,2,4
Nbax,tichondrius,192,shaman,restoration,6,2,4
Zosham,area-52,192,shaman,restoration,6,2,4
Faashy,illidan,192,shaman,restoration,6,2,4
Dubplates,drakthul,192,shaman,restoration,6,2,4
Himjones,proudmoore,192,shaman,restoration,6,2,4
Ezeya,area-52,192,shaman,restoration,6,2,4
Shinydiglett,area-52,192,shaman,restoration,6,2,4
Zugzugpurge,thrall,192,shaman,restoration,6,2,4
Zhangyider,illidan,192,shaman,restoration,6,2,4
Tacocasita,tichondrius,192,shaman,restoration,6,2,4
Rihokan,terenas,192,shaman,restoration,6,2,4
Konga,korialstrasz,192,shaman,restoration,6,2,4
Thingto,shadowsong,192,shaman,restoration,6,2,4
Venetia,area-52,192,shaman,restoration,6,2,4
Chainandrain,frostmourne,192,shaman,restoration,6,2,4
Vegarii,hydraxis,192,shaman,restoration,6,2,4
Monkeysauce,tichondrius,192,shaman,restoration,6,2,4
Swizznanaz,stormrage,192,shaman,restoration,6,2,4
Nosai,tichondrius,192,shaman,restoration,6,2,4
Yâmz,area-52,192,shaman,restoration,6,2,4
Cawlin,stormrage,192,shaman,restoration,6,2,4
Thefurrybox,tichondrius,192,shaman,restoration,6,2,4
Cpkzlol,tichondrius,192,shaman,restoration,6,2,4
Nxboy,proudmoore,192,shaman,restoration,6,2,4
Shockmehard,area-52,192,shaman,restoration,6,2,4
Sid,frostmourne,192,shaman,restoration,6,2,4
Mangeegee,malganis,192,shaman,restoration,6,2,4
Twistër,illidan,192,shaman,restoration,6,2,4
Karine,boulderfist,192,shaman,restoration,6,2,4
Balcbur,azralon,192,shaman,restoration,6,2,4
Gluestick,shadowmoon,192,shaman,restoration,6,2,4
Gwenstifani,sargeras,192,shaman,restoration,6,2,4
Shadowsmurff,mugthol,192,shaman,restoration,6,2,4
Danjimx,tichondrius,192,shaman,restoration,6,2,4
Colourful,darkspear,192,shaman,restoration,6,2,4
Simada,tichondrius,192,shaman,restoration,6,2,4
Jurafxdqt,malganis,192,shaman,restoration,6,2,4
Shamsky,tichondrius,192,shaman,restoration,6,2,4
Oaken,spirestone,192,shaman,restoration,6,2,4
Notviscent,illidan,192,shaman,restoration,6,2,4
Chungxs,illidan,192,shaman,restoration,6,2,4
Dabrat,lightnings-blade,192,shaman,restoration,6,2,4
Thundertusks,norgannon,192,shaman,restoration,6,2,4
Relâx,icecrown,192,shaman,restoration,6,2,4
Thøør,garona,192,shaman,restoration,6,2,4
Firesurge,sargeras,192,shaman,restoration,6,2,4
Hellfiresham,kiljaeden,192,shaman,restoration,6,2,4
Shamwoww,icecrown,192,shaman,restoration,6,2,4
Pandl,frostmourne,192,shaman,restoration,6,2,4
Sheems,shadowmoon,192,shaman,restoration,6,2,4
Rockøh,tichondrius,192,shaman,restoration,6,2,4
Raymonis,kelthuzad,192,shaman,restoration,6,2,4
Shamántics,illidan,192,shaman,restoration,6,2,4
Sobuki,wyrmrest-accord,192,shaman,restoration,6,2,4
Griph,shattered-hand,192,shaman,restoration,6,2,4
Hughwang,kelthuzad,192,shaman,restoration,6,2,4
Dylangs,frostmourne,192,shaman,restoration,6,2,4
Raxxom,tichondrius,192,shaman,restoration,6,2,4
Khidea,barthilas,192,shaman,restoration,6,2,4
Ghostrida,blackrock,192,shaman,restoration,6,2,4
Neex,zuljin,192,shaman,restoration,6,2,4
Cvoa,bonechewer,192,shaman,restoration,6,2,4
Drakkaa,tichondrius,192,shaman,restoration,6,2,4
Eye,kelthuzad,192,shaman,restoration,6,2,4
Mjxholland,aegwynn,192,shaman,restoration,6,2,4
Fanatix,moon-guard,192,shaman,restoration,6,2,4
Seutobinha,stormrage,192,shaman,restoration,6,2,4
Shikane,hyjal,192,shaman,restoration,6,2,4
Ioki,spirestone,192,shaman,restoration,6,2,4
Thunderbleem,hyjal,192,shaman,restoration,6,2,4
Lewse,tichondrius,192,shaman,restoration,6,2,4
Rychlost,malganis,192,shaman,restoration,6,2,4
Scarshamxn,frostmourne,192,shaman,restoration,6,2,4
Guabanva,wyrmrest-accord,192,shaman,restoration,6,2,4
Aû,wyrmrest-accord,192,shaman,restoration,6,2,4
Ebytotem,frostmourne,192,shaman,restoration,6,2,4
Miptide,saurfang,192,shaman,restoration,6,2,4
Busi,bleeding-hollow,192,shaman,restoration,6,2,4
Thatonesham,tichondrius,192,shaman,restoration,6,2,4
Alexxspurge,ragnaros,192,shaman,restoration,6,2,4
Lakeshow,tichondrius,192,shaman,restoration,6,2,4
Hottesthands,barthilas,192,shaman,restoration,6,2,4
Vulcanüz,ragnaros,192,shaman,restoration,6,2,4
Kumboi,frostmourne,192,shaman,restoration,6,2,4
Kwanni,moon-guard,192,shaman,restoration,6,2,4
Healyourself,sargeras,192,shaman,restoration,6,2,4
Gravybakes,bleeding-hollow,192,shaman,restoration,6,2,4
Duality,shattered-halls,192,shaman,restoration,6,2,4
Keldara,aerie-peak,192,shaman,restoration,6,2,4
Shambussin,bleeding-hollow,192,shaman,restoration,6,2,4
Kyrels,barthilas,192,shaman,restoration,6,2,4
Suspend,gorgonnash,192,shaman,restoration,9,2,7
Lomínark,stormrage,192,shaman,restoration,12,2,10
Saithô,quelthalas,192,shaman,restoration,12,2,10
Birdizdawerd,shuhalo,192,shaman,restoration,12,2,10
Soomer,frostmourne,192,shaman,restoration,12,2,10
Dtbmarmar,misha,192,shaman,restoration,12,2,10
Wasiri,illidan,192,shaman,restoration,12,2,10
Actios,stormrage,192,shaman,restoration,12,2,10
Dillone,frostmourne,192,shaman,restoration,12,2,10
Lorechad,laughing-skull,192,shaman,restoration,12,2,10
Bizzy,black-dragonflight,192,shaman,restoration,12,2,10
Elva,malganis,192,shaman,restoration,12,2,10
Rueem,area-52,192,shaman,restoration,12,2,10
Skingreen,nemesis,192,shaman,restoration,12,2,10
Aoiiro,dentarg,192,shaman,restoration,12,2,10
Dogchit,tichondrius,192,shaman,restoration,12,2,10
Rhaksh,sargeras,192,shaman,restoration,12,2,10
Awool,lightbringer,192,shaman,restoration,12,2,10
Luiztransa,azralon,192,shaman,restoration,12,2,10
Danila,blackrock,192,shaman,restoration,12,2,10
Sharish,mannoroth,192,shaman,restoration,12,2,10
Murlook,sargeras,192,shaman,restoration,12,2,10
Totemlyhot,frostmourne,192,shaman,restoration,12,2,10
Ara,zuljin,192,shaman,restoration,12,2,10
Paveron,stormrage,192,shaman,restoration,12,2,10
Monchsham,illidan,192,shaman,restoration,13,2,11
Km,sargeras,192,shaman,restoration,18,2,16
Bootsix,area-52,192,shaman,restoration,18,2,16
Schmutz,emerald-dream,192,shaman,restoration,18,2,16
Kicksave,illidan,192,shaman,restoration,18,2,16
Roogys,emerald-dream,192,shaman,restoration,22,2,20
Fóurelements,malganis,191,shaman,restoration,6,2,4
Machalo,sargeras,191,shaman,restoration,6,2,4
Thudthudzap,darkspear,191,shaman,restoration,6,2,4
Malsturm,stormrage,191,shaman,restoration,6,2,4
Pwrhouse,ravenholdt,191,shaman,restoration,8,2,6
Cyberheler,quelthalas,191,shaman,restoration,18,3,15
Restomilk,tichondrius,159,shaman,restoration,5,2,3
Fjv,kelthuzad,159,shaman,restoration,5,2,3
Kthy,area-52,159,shaman,restoration,5,2,3
Nolij,sargeras,159,shaman,restoration,5,2,3
Epitafor,illidan,138,shaman,restoration,6,3,3
Stormsanta,emerald-dream,138,shaman,restoration,8,3,5
Hermtic,aggramar,138,shaman,restoration,8,3,5
Hatemønger,medivh,138,shaman,restoration,17,3,14
Liloggie,illidan,127,shaman,restoration,8,2,6
Beatcoin,tichondrius,112,shaman,restoration,7,2,5
Jbahr,hyjal,96,shaman,restoration,3,2,1
Downerr,malganis,96,shaman,restoration,3,2,1
Beefdrapesz,tichondrius,96,shaman,restoration,3,2,1
Shamtoots,aerie-peak,96,shaman,restoration,9,2,7
Phéônîxgodx,zuljin,96,shaman,restoration,17,3,14
Totempixie,barthilas,96,shaman,restoration,6,1,5
Ashamanist,barthilas,96,shaman,restoration,6,1,5
Shamouranth,barthilas,96,shaman,restoration,6,1,5
Daiablo,barthilas,96,shaman,restoration,6,1,5
Wizzdóm,frostmourne,96,shaman,restoration,6,1,5
Zehbi,kelthuzad,96,shaman,restoration,6,1,5
Durzy,amanthul,96,shaman,restoration,6,1,5
Kardiaxz,ragnaros,96,shaman,restoration,6,1,5
Blmqt,stormrage,96,shaman,restoration,6,1,5
Lennylemons,stormrage,96,shaman,restoration,6,1,5
Hellriegel,ragnaros,96,shaman,restoration,6,1,5
Leeni,stormrage,96,shaman,restoration,6,1,5
Theshockà,stormrage,96,shaman,restoration,6,1,5
Vulpyr,ragnaros,96,shaman,restoration,6,1,5
Felkneecaps,zuljin,96,shaman,restoration,6,1,5
Butteredcorn,zuljin,96,shaman,restoration,6,1,5
Yggd,zuljin,96,shaman,restoration,6,1,5
Tehdy,zuljin,96,shaman,restoration,6,1,5
Pdk,sargeras,96,shaman,restoration,6,1,5
Hadèes,zuljin,96,shaman,restoration,6,1,5
Alfrond,bleeding-hollow,96,shaman,restoration,6,1,5
Amethystdawn,bleeding-hollow,96,shaman,restoration,6,1,5
Twizzhurp,bleeding-hollow,96,shaman,restoration,6,1,5
Groundfaults,bleeding-hollow,96,shaman,restoration,6,1,5
Ashborn,archimonde,96,shaman,restoration,6,1,5
Frostshear,maiev,96,shaman,restoration,6,1,5
Croniclung,dunemaul,96,shaman,restoration,6,1,5
Shamyuna,dalaran,96,shaman,restoration,6,1,5
Asanako,illidan,96,shaman,restoration,6,1,5
Meramin,illidan,96,shaman,restoration,6,1,5
Sharmalama,illidan,96,shaman,restoration,6,1,5
Kaighast,illidan,96,shaman,restoration,6,1,5
Crassian,illidan,96,shaman,restoration,6,1,5
Polinoo,drakkari,96,shaman,restoration,6,1,5
Teambk,illidan,96,shaman,restoration,6,1,5
Drzeuss,illidan,96,shaman,restoration,6,1,5
Nøtørious,thrall,96,shaman,restoration,6,1,5
Shigekuni,thrall,96,shaman,restoration,6,1,5
Sarrkjoy,thrall,96,shaman,restoration,6,1,5
Bluetip,wyrmrest-accord,96,shaman,restoration,6,1,5
Claymoore,nemesis,96,shaman,restoration,6,1,5
Shøckolate,whisperwind,96,shaman,restoration,6,1,5
Dasckisham,area-52,96,shaman,restoration,6,1,5
Zorg,area-52,96,shaman,restoration,6,1,5
Jazzywolf,frostmane,96,shaman,restoration,6,1,5
Ogeez,area-52,96,shaman,restoration,6,1,5
Galiffa,area-52,96,shaman,restoration,6,1,5
Goblintrap,area-52,96,shaman,restoration,6,1,5
Churdoodle,area-52,96,shaman,restoration,6,1,5
Vivianite,area-52,96,shaman,restoration,6,1,5
Klaropohwyom,area-52,96,shaman,restoration,6,1,5
Breadbaker,area-52,96,shaman,restoration,6,1,5
Shambita,azralon,96,shaman,restoration,6,1,5
Statikrage,eonar,96,shaman,restoration,6,1,5
Wannabecdeww,kelthuzad,96,shaman,restoration,6,1,5
Ocshaman,hyjal,96,shaman,restoration,6,1,5
Cerebov,kelthuzad,96,shaman,restoration,6,1,5
Calich,kelthuzad,96,shaman,restoration,6,1,5
Sform,frostmourne,96,shaman,restoration,6,1,5
Gadzêd,kelthuzad,96,shaman,restoration,6,1,5
Dodey,malganis,96,shaman,restoration,6,1,5
Gottisham,frostmourne,96,shaman,restoration,6,1,5
Finnaburstt,tichondrius,96,shaman,restoration,6,1,5
Thegaurdian,rivendare,96,shaman,restoration,6,1,5
Blodøks,ragnaros,96,shaman,restoration,6,1,5
Sleepysham,anubarak,96,shaman,restoration,6,1,5
Wowniceone,tichondrius,96,shaman,restoration,6,1,5
Guildhealer,darkspear,96,shaman,restoration,6,1,5
Stickshaman,sargeras,96,shaman,restoration,6,1,5
Obombyas,sargeras,96,shaman,restoration,6,1,5
Winebag,tichondrius,96,shaman,restoration,6,1,5
Average,bonechewer,96,shaman,restoration,6,1,5
Crankfrank,emerald-dream,96,shaman,restoration,6,1,5
Conflïcted,emerald-dream,96,shaman,restoration,6,1,5
Célty,moon-guard,96,shaman,restoration,6,1,5
Yaola,kiljaeden,96,shaman,restoration,6,1,5
Mufflër,the-venture-co,96,shaman,restoration,6,1,5
Delzen,lightninghoof,96,shaman,restoration,6,1,5
Movemaker,shattered-hand,96,shaman,restoration,6,1,5
Ampyx,tichondrius,96,shaman,restoration,6,1,5
Ddolsx,tichondrius,96,shaman,restoration,6,1,5
Restorates,tichondrius,96,shaman,restoration,6,1,5
Drgiggleheim,tichondrius,96,shaman,restoration,6,1,5
Meattoilet,tichondrius,96,shaman,restoration,6,1,5
Daku,tichondrius,96,shaman,restoration,6,1,5
Pehnnaxr,tichondrius,96,shaman,restoration,6,1,5
Toyletpaper,mugthol,96,shaman,restoration,6,1,5
Sshhammann,tichondrius,96,shaman,restoration,6,1,5
Shapaman,tichondrius,96,shaman,restoration,6,1,5
Swartzqt,tichondrius,96,shaman,restoration,6,1,5
Baloneyfiveo,kiljaeden,96,shaman,restoration,6,1,5
Twohammers,tichondrius,96,shaman,restoration,6,1,5
Finark,tichondrius,96,shaman,restoration,7,1,6
Calicø,durotan,96,shaman,restoration,7,1,6
Jips,illidan,96,shaman,restoration,11,1,10
Peternorse,tichondrius,96,shaman,restoration,12,1,11
Tinytiddies,chogall,96,shaman,restoration,12,1,11
Forzeus,zuluhed,96,shaman,restoration,12,1,11
Hexpert,firetree,96,shaman,restoration,12,1,11
Teraava,stormrage,96,shaman,restoration,12,1,11
Njolmir,khazgoroth,96,shaman,restoration,12,1,11
Slacken,kiljaeden,96,shaman,restoration,12,1,11
Latishas,alleria,96,shaman,restoration,18,1,17
Shammypuff,malorne,95,shaman,restoration,6,1,5
Okdopey,area-52,95,shaman,restoration,6,1,5
Shåmwiches,tichondrius,84,shaman,restoration,10,5,5
Mangosmooths,kelthuzad,79,shaman,restoration,5,1,4
Vashidda,stormrage,79,shaman,restoration,5,1,4
Felshàm,proudmoore,79,shaman,restoration,5,1,4
Varnol,emerald-dream,79,shaman,restoration,5,1,4
Dirtyshammy,mugthol,79,shaman,restoration,11,1,10
Jambijuice,fenris,42,shaman,restoration,6,2,4
Justten,stormrage,42,shaman,restoration,8,2,6
Applicable,tichondrius,42,shaman,restoration,9,2,7
Strånge,ysera,42,shaman,restoration,10,2,8
Duckmasick,tichondrius,42,shaman,restoration,12,2,10
Kraftfullx,azralon,16,shaman,restoration,7,1,6
Ttvozzyxy,tichondrius,2439,shaman,elemental,187,118,69
Bronzer,tichondrius,2403,shaman,elemental,87,63,24
Däbü,tichondrius,2400,shaman,elemental,155,93,62
Billycool,tichondrius,2331,shaman,elemental,112,72,40
Meatbeaterx,bleeding-hollow,2314,shaman,elemental,106,61,45
Selenna,tichondrius,2305,shaman,elemental,150,90,60
Orçhid,tichondrius,2283,shaman,elemental,325,189,136
Strongele,illidan,2282,shaman,elemental,117,65,52
Thegloc,illidan,2269,shaman,elemental,71,43,28
Meatbeaterx,aggramar,2235,shaman,elemental,243,128,115
Âmg,barthilas,2223,shaman,elemental,174,107,67
Ranjeesh,frostmourne,2220,shaman,elemental,215,121,94
Streamsnipe,sargeras,2217,shaman,elemental,86,62,24
Beibeihangh,tichondrius,2213,shaman,elemental,95,52,43
Glochaswon,illidan,2191,shaman,elemental,90,56,34
Aestheticsx,thrall,2190,shaman,elemental,70,44,26
Lardaz,darkspear,2189,shaman,elemental,84,46,38
Dipilga,proudmoore,2186,shaman,elemental,91,66,25
Hexecute,tichondrius,2186,shaman,elemental,102,53,49
Itzgucci,illidan,2185,shaman,elemental,86,49,37
Beyoncé,lethon,2180,shaman,elemental,116,61,55
Oblessy,tichondrius,2179,shaman,elemental,78,46,32
Nanosec,tichondrius,2173,shaman,elemental,106,59,47
Çrøwx,tichondrius,2170,shaman,elemental,112,87,25
Jimmysporty,malganis,2168,shaman,elemental,90,47,43
Khazger,area-52,2165,shaman,elemental,267,141,126
Mercs,frostmourne,2159,shaman,elemental,86,50,36
Reppinsix,sargeras,2158,shaman,elemental,62,36,26
Bøulderfist,tichondrius,2157,shaman,elemental,72,44,28
Crøwgød,tichondrius,2156,shaman,elemental,109,65,44
Hitzz,malganis,2149,shaman,elemental,114,66,48
Wangyinanmin,tichondrius,2135,shaman,elemental,58,38,20
Jgmbs,dalaran,2134,shaman,elemental,106,64,42
Bøøgaa,proudmoore,2134,shaman,elemental,197,103,94
Elefusion,sargeras,2127,shaman,elemental,66,40,26
Missedkick,tichondrius,2125,shaman,elemental,205,121,84
Shambix,illidan,2114,shaman,elemental,79,49,30
Axelsteel,illidan,2114,shaman,elemental,96,59,37
Benanderson,tichondrius,2111,shaman,elemental,110,61,49
Funnysa,tichondrius,2107,shaman,elemental,54,41,13
Zoeytur,sargeras,2107,shaman,elemental,84,45,39
Shiggenbasta,tichondrius,2107,shaman,elemental,119,63,56
Mozet,tichondrius,2106,shaman,elemental,83,46,37
Bronzers,tichondrius,2105,shaman,elemental,60,36,24
Luhz,tichondrius,2105,shaman,elemental,264,130,134
Hollowbaby,tichondrius,2095,shaman,elemental,85,54,31
Dxxlol,tichondrius,2095,shaman,elemental,169,96,73
Jeasham,malganis,2091,shaman,elemental,155,80,75
Depression,baelgun,2087,shaman,elemental,182,106,76
Àspect,aegwynn,2083,shaman,elemental,66,41,25
Lff,stormrage,2069,shaman,elemental,166,89,77
Jazuul,zuljin,2067,shaman,elemental,203,100,103
Yejinok,tichondrius,2065,shaman,elemental,144,78,66
Bakenquake,tichondrius,2060,shaman,elemental,146,79,67
Shockjob,frostmourne,2046,shaman,elemental,108,52,56
Ralae,zuljin,2045,shaman,elemental,53,33,20
Mazadu,malganis,2043,shaman,elemental,53,32,21
Torched,frostmourne,2041,shaman,elemental,168,104,64
Zynt,illidan,2040,shaman,elemental,90,52,38
Tyar,area-52,2037,shaman,elemental,87,57,30
Sleepysham,kelthuzad,2036,shaman,elemental,195,107,88
Sasageyo,tichondrius,2034,shaman,elemental,154,87,67
Nayro,bleeding-hollow,2030,shaman,elemental,97,59,38
Foudre,malganis,2027,shaman,elemental,54,34,20
Tisaa,tichondrius,2025,shaman,elemental,66,32,34
Iavalash,bleeding-hollow,2023,shaman,elemental,222,110,112
Trnzx,sargeras,2021,shaman,elemental,84,54,30
Planetwaves,malganis,2020,shaman,elemental,102,48,54
Starmaker,malganis,2003,shaman,elemental,106,54,52
Gaymakaí,sargeras,2002,shaman,elemental,72,38,34
Emppege,tichondrius,1998,shaman,elemental,163,81,82
Hazzathxy,tichondrius,1997,shaman,elemental,125,65,60
Dràgoon,thrall,1990,shaman,elemental,49,30,19
Joedna,tichondrius,1989,shaman,elemental,128,67,61
Vixeen,kelthuzad,1980,shaman,elemental,78,38,40
Zipzsham,maiev,1979,shaman,elemental,69,50,19
Orksham,tichondrius,1977,shaman,elemental,120,59,61
Blmqt,stormrage,1972,shaman,elemental,156,92,64
Hexistential,tichondrius,1971,shaman,elemental,64,43,21
Amgs,barthilas,1970,shaman,elemental,72,44,28
Torchic,drakkari,1962,shaman,elemental,114,59,55
Ãmg,tichondrius,1960,shaman,elemental,76,50,26
Liquidmagma,deathwing,1960,shaman,elemental,214,116,98
Manofsand,drenden,1959,shaman,elemental,291,148,143
Chunchünmaru,area-52,1957,shaman,elemental,71,40,31
Kimkar,bleeding-hollow,1956,shaman,elemental,120,62,58
Funuser,tichondrius,1954,shaman,elemental,305,162,143
Boomsele,tichondrius,1952,shaman,elemental,61,42,19
Deathblasts,zuljin,1949,shaman,elemental,90,46,44
Reckfulq,proudmoore,1948,shaman,elemental,143,86,57
Zzarit,tichondrius,1941,shaman,elemental,59,31,28
Eboy,thrall,1935,shaman,elemental,246,126,120
Apyôn,tichondrius,1933,shaman,elemental,66,34,32
Powerdown,blackrock,1926,shaman,elemental,71,35,36
Lasso,shattered-hand,1925,shaman,elemental,66,37,29
Safeword,nesingwary,1919,shaman,elemental,74,42,32
Matikz,boulderfist,1919,shaman,elemental,153,85,68
Groundme,malganis,1919,shaman,elemental,77,38,39
Tremordrfear,lightbringer,1918,shaman,elemental,36,23,13
Tenyks,tichondrius,1913,shaman,elemental,117,67,50
Ëìê,tichondrius,1912,shaman,elemental,78,34,44
Shockay,tichondrius,1904,shaman,elemental,104,55,49
Scaman,tichondrius,1903,shaman,elemental,36,23,13
Makazar,tichondrius,1901,shaman,elemental,42,26,16
Fàlç,stormrage,1898,shaman,elemental,60,34,26
Withinfinity,stormrage,1896,shaman,elemental,42,23,19
Dampenedxx,bleeding-hollow,1893,shaman,elemental,199,110,89
Osev,stormrage,1891,shaman,elemental,60,32,28
Hodonsin,tichondrius,1890,shaman,elemental,59,32,27
Ultron,deathwing,1890,shaman,elemental,143,74,69
Gambezee,kelthuzad,1889,shaman,elemental,89,42,47
Molbeato,uldum,1888,shaman,elemental,102,51,51
Juicébox,tichondrius,1886,shaman,elemental,158,83,75
Møp,spirestone,1885,shaman,elemental,146,83,63
Palcyon,eonar,1883,shaman,elemental,36,22,14
Geodude,executus,1882,shaman,elemental,71,41,30
Ryanxo,azjolnerub,1882,shaman,elemental,83,43,40
Hedeadxs,illidan,1882,shaman,elemental,60,30,30
Zò,zuljin,1881,shaman,elemental,78,37,41
Brezel,azralon,1878,shaman,elemental,72,42,30
Smiteums,sargeras,1877,shaman,elemental,48,29,19
Enkix,drakkari,1877,shaman,elemental,66,34,32
Kaandel,azralon,1877,shaman,elemental,317,153,164
Bigdaddyion,thrall,1872,shaman,elemental,41,25,16
Cùìó,barthilas,1871,shaman,elemental,55,26,29
Bujii,frostmourne,1870,shaman,elemental,332,164,168
Shøckys,tichondrius,1867,shaman,elemental,213,102,111
Caserguy,sargeras,1866,shaman,elemental,76,34,42
Hexxás,bloodscalp,1865,shaman,elemental,104,56,48
Jalgago,tichondrius,1865,shaman,elemental,47,20,27
Humorlava,tichondrius,1864,shaman,elemental,36,21,15
Uglytotem,tichondrius,1864,shaman,elemental,65,35,30
Illchayqt,frostmourne,1861,shaman,elemental,65,35,30
Ayumihamasai,tichondrius,1859,shaman,elemental,108,62,46
Gangmembr,illidan,1857,shaman,elemental,42,25,17
Cokkain,proudmoore,1855,shaman,elemental,42,34,8
Jøey,nesingwary,1854,shaman,elemental,36,23,13
Mugumbo,frostmourne,1854,shaman,elemental,222,124,98
Lindsanx,illidan,1853,shaman,elemental,65,39,26
Hengler,emerald-dream,1853,shaman,elemental,135,75,60
Metallical,tichondrius,1852,shaman,elemental,54,36,18
Jerkdaddy,aggramar,1852,shaman,elemental,48,28,20
Sshaman,tichondrius,1847,shaman,elemental,106,52,54
Snookìe,sargeras,1846,shaman,elemental,88,41,47
Hecstacy,dalaran,1842,shaman,elemental,66,42,24
Sxr,moon-guard,1836,shaman,elemental,36,26,10
Saphlare,tichondrius,1836,shaman,elemental,36,22,14
Rahtal,malganis,1834,shaman,elemental,48,25,23
Lonaw,malganis,1834,shaman,elemental,60,30,30
Ratedpvp,thrall,1833,shaman,elemental,54,41,13
Pubechin,jubeithos,1833,shaman,elemental,54,27,27
Guybeingdude,sargeras,1832,shaman,elemental,36,24,12
Ryansadge,sargeras,1828,shaman,elemental,42,28,14
Handzum,blades-edge,1828,shaman,elemental,118,63,55
Shambergler,tichondrius,1826,shaman,elemental,60,41,19
Jimchad,quelthalas,1822,shaman,elemental,48,27,21
Magtark,frostwolf,1820,shaman,elemental,61,38,23
Carondes,proudmoore,1820,shaman,elemental,69,38,31
Shôcky,tichondrius,1819,shaman,elemental,54,33,21
Weebdestroyr,illidan,1818,shaman,elemental,30,19,11
Chazzwozza,area-52,1818,shaman,elemental,30,19,11
Hotdogwaterx,tichondrius,1817,shaman,elemental,62,42,20
Damadar,zuljin,1817,shaman,elemental,142,75,67
Popsoot,area-52,1817,shaman,elemental,54,28,26
Baddaboom,sargeras,1816,shaman,elemental,97,54,43
Xpire,ragnaros,1816,shaman,elemental,60,31,29
Ggoong,tichondrius,1813,shaman,elemental,106,65,41
Chenjiawei,tichondrius,1811,shaman,elemental,54,26,28
Miroen,tichondrius,1810,shaman,elemental,48,24,24
Whameradetu,suramar,1809,shaman,elemental,80,38,42
Molerat,illidan,1808,shaman,elemental,218,103,115
Proctopus,moon-guard,1807,shaman,elemental,132,60,72
Ieeguen,tichondrius,1807,shaman,elemental,54,24,30
Coffinpls,illidan,1806,shaman,elemental,54,33,21
Swigadee,tichondrius,1806,shaman,elemental,84,39,45
Zuescannon,kelthuzad,1805,shaman,elemental,59,32,27
Ginnagangus,mugthol,1805,shaman,elemental,60,29,31
Chemjenn,korgath,1805,shaman,elemental,171,79,92
ßævis,magtheridon,1804,shaman,elemental,84,52,32
Drazziqt,malganis,1803,shaman,elemental,45,27,18
Triknolov,dalaran,1803,shaman,elemental,89,49,40
Ceasebelief,tichondrius,1803,shaman,elemental,71,31,40
Nonomori,frostmourne,1802,shaman,elemental,48,30,18
Utilitytotem,moon-guard,1802,shaman,elemental,160,85,75
Shockisha,sisters-of-elune,1802,shaman,elemental,118,61,57
Ashidoxz,proudmoore,1801,shaman,elemental,24,19,5
Monkeysham,dathremar,1800,shaman,elemental,48,30,18
Mackq,tichondrius,1800,shaman,elemental,103,54,49
Pipesable,ragnaros,1798,shaman,elemental,42,26,16
Bismarks,frostmourne,1798,shaman,elemental,124,67,57
Conjury,tichondrius,1797,shaman,elemental,102,52,50
Emaric,sargeras,1791,shaman,elemental,71,37,34
Cepheí,bleeding-hollow,1791,shaman,elemental,113,56,57
Ñîmåbè,tichondrius,1787,shaman,elemental,36,21,15
Blocboyjb,sargeras,1785,shaman,elemental,58,33,25
Isekai,alterac-mountains,1784,shaman,elemental,469,241,228
Hüsky,dalaran,1783,shaman,elemental,101,52,49
Zapmavz,area-52,1781,shaman,elemental,113,58,55
Trenzix,sargeras,1781,shaman,elemental,274,132,142
Donkeyteeth,bleeding-hollow,1779,shaman,elemental,97,54,43
Wonima,tichondrius,1776,shaman,elemental,55,27,28
Vitaminc,garona,1771,shaman,elemental,65,38,27
Zqsyyds,illidan,1770,shaman,elemental,35,19,16
Axegerd,quelthalas,1767,shaman,elemental,60,25,35
Aiggiggigne,sargeras,1766,shaman,elemental,72,36,36
Gravygumdrop,tichondrius,1765,shaman,elemental,116,61,55
Swiatek,ragnaros,1764,shaman,elemental,76,42,34
Illchayxo,barthilas,1762,shaman,elemental,61,42,19
Nybrax,moknathal,1762,shaman,elemental,31,20,11
Binladden,tichondrius,1756,shaman,elemental,45,35,10
Paltalk,the-forgotten-coast,1750,shaman,elemental,66,40,26
Faygodream,illidan,1750,shaman,elemental,303,166,137
Meatballpie,frostmourne,1749,shaman,elemental,84,53,31
Earthclap,tichondrius,1748,shaman,elemental,99,47,52
Oldcregg,emerald-dream,1743,shaman,elemental,36,24,12
Meatyball,tichondrius,1743,shaman,elemental,105,59,46
Vkzz,sargeras,1743,shaman,elemental,127,56,71
Ktshammy,frostmourne,1740,shaman,elemental,56,33,23
Dilonsham,area-52,1739,shaman,elemental,88,54,34
Johnsju,sargeras,1739,shaman,elemental,198,95,103
Babylonz,area-52,1736,shaman,elemental,39,22,17
Scrymax,area-52,1733,shaman,elemental,72,39,33
Drogues,tichondrius,1732,shaman,elemental,130,74,56
Rodbert,sargeras,1732,shaman,elemental,71,40,31
Artaiva,zuljin,1731,shaman,elemental,42,23,19
Jaxlightning,nemesis,1728,shaman,elemental,95,56,39
Trïggerr,blackrock,1726,shaman,elemental,36,20,16
Windfurygød,tichondrius,1724,shaman,elemental,60,44,16
Victorin,zuljin,1719,shaman,elemental,35,28,7
Skyten,quelthalas,1719,shaman,elemental,48,25,23
Snogger,stormrage,1715,shaman,elemental,36,30,6
Buffele,tichondrius,1714,shaman,elemental,59,25,34
Friedmans,illidan,1713,shaman,elemental,286,152,134
Giversham,bleeding-hollow,1711,shaman,elemental,30,18,12
Scherzer,frostwolf,1711,shaman,elemental,114,51,63
Thaelia,azgalor,1710,shaman,elemental,58,32,26
Skkarz,malganis,1707,shaman,elemental,193,100,93
Thündermoose,tichondrius,1704,shaman,elemental,138,70,68
Notahappyone,area-52,1703,shaman,elemental,48,34,14
Muffïn,moon-guard,1701,shaman,elemental,78,47,31
Thuntard,bleeding-hollow,1701,shaman,elemental,36,18,18
Simada,tichondrius,1699,shaman,elemental,48,24,24
Kustys,tichondrius,1699,shaman,elemental,36,18,18
Syile,stormrage,1698,shaman,elemental,142,77,65
Caninius,sargeras,1697,shaman,elemental,78,39,39
Robot,illidan,1696,shaman,elemental,42,23,19
Shellshocka,korgath,1696,shaman,elemental,86,47,39
Uglymuger,tichondrius,1696,shaman,elemental,217,107,110
Dyxlol,tichondrius,1696,shaman,elemental,62,27,35
Mytotemisbig,lothar,1694,shaman,elemental,59,38,21
Notbpage,burning-blade,1694,shaman,elemental,102,51,51
Grony,malganis,1693,shaman,elemental,96,42,54
Tupacshocker,zuljin,1692,shaman,elemental,30,18,12
Elementàlius,quelthalas,1692,shaman,elemental,110,56,54
Lilbabyapy,sargeras,1692,shaman,elemental,42,20,22
Novajersey,azralon,1691,shaman,elemental,146,78,68
Shamend,tichondrius,1689,shaman,elemental,57,31,26
Love,tichondrius,1687,shaman,elemental,37,24,13
Exceedër,ragnaros,1686,shaman,elemental,36,18,18
Shockyshock,emerald-dream,1683,shaman,elemental,46,29,17
Kilydily,destromath,1682,shaman,elemental,66,33,33
Smeagles,ragnaros,1681,shaman,elemental,42,24,18
Ryukims,tichondrius,1679,shaman,elemental,112,59,53
Hadèes,zuljin,1679,shaman,elemental,216,112,104
Gorjun,stormrage,1679,shaman,elemental,81,38,43
Ptee,tichondrius,1677,shaman,elemental,45,23,22
Zugzugdogg,destromath,1674,shaman,elemental,42,23,19
Hexlexic,stormrage,1673,shaman,elemental,78,46,32
Zeroclue,area-52,1673,shaman,elemental,40,22,18
Bikáchu,tichondrius,1673,shaman,elemental,48,25,23
Ayycce,firetree,1669,shaman,elemental,82,44,38
Makocc,tichondrius,1669,shaman,elemental,199,106,93
Opaltsing,tichondrius,1669,shaman,elemental,45,23,22
Highvoltagex,frostmourne,1667,shaman,elemental,48,21,27
Shawmoo,deathwing,1665,shaman,elemental,72,42,30
Arukz,tichondrius,1665,shaman,elemental,85,44,41
Oxdrog,malganis,1665,shaman,elemental,60,28,32
Minigible,tichondrius,1665,shaman,elemental,104,46,58
Wûbbie,emerald-dream,1664,shaman,elemental,42,21,21
Soo,kiljaeden,1664,shaman,elemental,126,62,64
Gahaa,tichondrius,1663,shaman,elemental,41,26,15
Deckìn,proudmoore,1663,shaman,elemental,160,85,75
Imnumberl,sargeras,1662,shaman,elemental,207,117,90
Buju,bleeding-hollow,1662,shaman,elemental,152,84,68
Kigoros,bleeding-hollow,1662,shaman,elemental,101,53,48
Jer,tichondrius,1661,shaman,elemental,40,21,19
Immashammyx,area-52,1660,shaman,elemental,39,24,15
Generators,area-52,1658,shaman,elemental,313,161,152
Taranís,sargeras,1658,shaman,elemental,72,31,41
Dewoverload,garithos,1657,shaman,elemental,33,23,10
Zajashuna,malganis,1657,shaman,elemental,36,22,14
Imense,sargeras,1656,shaman,elemental,113,63,50
Finark,tichondrius,1655,shaman,elemental,42,20,22
Kawj,eonar,1652,shaman,elemental,36,21,15
Døutrina,azralon,1652,shaman,elemental,355,180,175
Nuofu,illidan,1650,shaman,elemental,154,88,66
Maxchamo,ragnaros,1650,shaman,elemental,79,30,49
Flüke,tichondrius,1649,shaman,elemental,90,47,43
ßlessedx,tichondrius,1649,shaman,elemental,53,26,27
Walabi,tichondrius,1649,shaman,elemental,50,22,28
Liloggie,illidan,1647,shaman,elemental,29,18,11
Angezis,frostmourne,1646,shaman,elemental,60,36,24
Blöw,tichondrius,1644,shaman,elemental,42,23,19
Smoketide,stormrage,1644,shaman,elemental,47,21,26
Óompaloompa,frostmourne,1643,shaman,elemental,80,47,33
Univearth,emerald-dream,1643,shaman,elemental,150,80,70
Waterground,tichondrius,1643,shaman,elemental,111,58,53
Swrdfish,tichondrius,1642,shaman,elemental,34,23,11
Xodeus,frostmourne,1642,shaman,elemental,42,21,21
Shlmmyjimmy,tichondrius,1642,shaman,elemental,90,33,57
Streetmeat,crushridge,1640,shaman,elemental,125,64,61
Mcßooger,tichondrius,1639,shaman,elemental,44,24,20
Sweatshock,frostmourne,1639,shaman,elemental,378,200,178
Cîmm,stormrage,1638,shaman,elemental,70,40,30
Pikapo,tichondrius,1637,shaman,elemental,263,140,123
Cyhren,illidan,1637,shaman,elemental,174,92,82
Xxchamana,ragnaros,1633,shaman,elemental,36,23,13
Dornmawhide,sargeras,1631,shaman,elemental,42,28,14
Lovesthegear,blackrock,1631,shaman,elemental,42,21,21
Ïia,tichondrius,1630,shaman,elemental,30,17,13
Bubbert,illidan,1630,shaman,elemental,72,31,41
Clarix,quelthalas,1629,shaman,elemental,42,23,19
Legthul,tichondrius,1628,shaman,elemental,48,27,21
Krumpits,barthilas,1628,shaman,elemental,51,27,24
Koalatricks,shadow-council,1627,shaman,elemental,24,17,7
Fiftybeers,frostmourne,1627,shaman,elemental,35,19,16
Climhazard,senjin,1625,shaman,elemental,179,92,87
Shaymîn,malganis,1624,shaman,elemental,38,21,17
Aseew,drakkari,1624,shaman,elemental,51,23,28
Kebboz,frostmourne,1623,shaman,elemental,30,17,13
Àspec,aegwynn,1623,shaman,elemental,30,17,13
Lividelemnts,area-52,1623,shaman,elemental,42,22,20
Totey,nemesis,1622,shaman,elemental,36,21,15
Chandye,proudmoore,1620,shaman,elemental,48,22,26
Soyboyxxo,barthilas,1619,shaman,elemental,187,90,97
Mzzar,tichondrius,1619,shaman,elemental,48,22,26
Fruityrudyy,area-52,1618,shaman,elemental,30,22,8
Eimear,kelthuzad,1618,shaman,elemental,33,20,13
Cgq,tichondrius,1618,shaman,elemental,197,107,90
Zelthakaru,emerald-dream,1618,shaman,elemental,78,35,43
Novoz,tichondrius,1618,shaman,elemental,47,20,27
Indika,stormrage,1617,shaman,elemental,42,26,16
Shamans,zuljin,1616,shaman,elemental,54,38,16
Duality,shattered-halls,1615,shaman,elemental,59,38,21
Chajaa,ragnaros,1615,shaman,elemental,171,86,85
Snapstr,illidan,1614,shaman,elemental,101,47,54
Catdontcare,tichondrius,1613,shaman,elemental,30,17,13
Watchaníme,tichondrius,1613,shaman,elemental,48,20,28
Dreadshocks,sargeras,1612,shaman,elemental,66,48,18
Onnyx,proudmoore,1612,shaman,elemental,30,19,11
Cleansevolts,area-52,1612,shaman,elemental,38,22,16
Moodizzle,tichondrius,1612,shaman,elemental,102,55,47
Gangstà,stormrage,1611,shaman,elemental,66,30,36
Targhal,tichondrius,1610,shaman,elemental,67,41,26
Badandbooshi,stormreaver,1610,shaman,elemental,86,45,41
Uglymugshock,tichondrius,1610,shaman,elemental,90,46,44
Pedaphil,frostmourne,1610,shaman,elemental,36,17,19
Ligmabllz,kelthuzad,1610,shaman,elemental,48,22,26
Orkuss,illidan,1609,shaman,elemental,29,19,10
Deldoduro,azralon,1609,shaman,elemental,104,59,45
Billydreams,drakkari,1609,shaman,elemental,165,78,87
Squealer,sargeras,1608,shaman,elemental,140,70,70
Letronix,azralon,1607,shaman,elemental,132,63,69
Roxxiggom,aggramar,1606,shaman,elemental,36,24,12
Motorrad,azralon,1604,shaman,elemental,160,85,75
Tideffect,tichondrius,1603,shaman,elemental,30,17,13
Jaimenohex,illidan,1603,shaman,elemental,36,19,17
Totemsmacker,quelthalas,1603,shaman,elemental,175,91,84
Nutty,dentarg,1602,shaman,elemental,42,24,18
Jamieslays,korgath,1602,shaman,elemental,213,110,103
Tawambji,kiljaeden,1602,shaman,elemental,72,34,38
Ssjgreen,illidan,1601,shaman,elemental,66,33,33
Tidedown,dark-iron,1600,shaman,elemental,36,25,11
Dook,ghostlands,1600,shaman,elemental,41,20,21
Cornivore,malganis,1599,shaman,elemental,42,22,20
Afw,darkspear,1597,shaman,elemental,130,73,57
Mulak,frostmourne,1597,shaman,elemental,127,62,65
Igotu,tichondrius,1595,shaman,elemental,30,17,13
Applepen,tichondrius,1595,shaman,elemental,36,17,19
Electriik,kiljaeden,1594,shaman,elemental,108,58,50
Kymo,tichondrius,1591,shaman,elemental,30,17,13
Honeybean,tichondrius,1591,shaman,elemental,96,50,46
Lottogodx,area-52,1590,shaman,elemental,72,40,32
Gulmuwu,zuljin,1590,shaman,elemental,41,17,24
Zingyshamz,tichondrius,1589,shaman,elemental,45,24,21
Cowish,illidan,1588,shaman,elemental,71,41,30
Smartbunny,illidan,1588,shaman,elemental,112,54,58
Chillystotem,azjolnerub,1587,shaman,elemental,42,26,16
Sonire,tichondrius,1585,shaman,elemental,295,142,153
Rahkarg,korgath,1585,shaman,elemental,66,30,36
Tunegrote,ragnaros,1584,shaman,elemental,96,52,44
Zeylhe,proudmoore,1583,shaman,elemental,84,38,46
Lenxd,dalaran,1581,shaman,elemental,42,25,17
Keldinraz,stormrage,1581,shaman,elemental,60,31,29
Thestromp,quelthalas,1580,shaman,elemental,35,21,14
Setò,quelthalas,1578,shaman,elemental,72,37,35
Grimmson,emerald-dream,1578,shaman,elemental,48,20,28
Extrawelt,frostmourne,1577,shaman,elemental,39,18,21
Coldbeer,frostmourne,1575,shaman,elemental,95,48,47
Xakaeri,hyjal,1574,shaman,elemental,77,40,37
Feetfungus,area-52,1573,shaman,elemental,114,52,62
Snewboii,malganis,1567,shaman,elemental,49,29,20
Soulrak,tichondrius,1563,shaman,elemental,171,86,85
Tulol,tichondrius,1563,shaman,elemental,196,94,102
Everspell,lightnings-blade,1563,shaman,elemental,106,48,58
Ratson,ragnaros,1560,shaman,elemental,54,29,25
Zoumi,zuljin,1558,shaman,elemental,52,20,32
Thunderfaker,tichondrius,1557,shaman,elemental,132,53,79
Huskër,tichondrius,1556,shaman,elemental,153,85,68
Bycrax,ragnaros,1553,shaman,elemental,232,119,113
Illbuyurmom,tichondrius,1553,shaman,elemental,110,51,59
Dtab,tichondrius,1552,shaman,elemental,36,18,18
Volcanoboxer,tichondrius,1552,shaman,elemental,102,50,52
Sheman,galakrond,1551,shaman,elemental,82,42,40
Bobbymooshay,area-52,1549,shaman,elemental,149,73,76
Topax,vashj,1548,shaman,elemental,41,23,18
Cacahuates,suramar,1548,shaman,elemental,138,77,61
Taxd,sargeras,1548,shaman,elemental,58,26,32
Tuntar,ragnaros,1547,shaman,elemental,222,118,104
Doodleburger,dathremar,1545,shaman,elemental,50,41,9
Loxshox,gnomeregan,1542,shaman,elemental,797,398,399
Malrom,kelthuzad,1540,shaman,elemental,541,283,258
Muruaic,dentarg,1538,shaman,elemental,41,21,20
Borheals,tichondrius,1537,shaman,elemental,44,21,23
Shockerfist,thunderlord,1536,shaman,elemental,36,23,13
Hexzy,moon-guard,1536,shaman,elemental,97,44,53
Defrout,kelthuzad,1535,shaman,elemental,127,64,63
Frozensunn,illidan,1534,shaman,elemental,75,39,36
Elemelons,stormrage,1533,shaman,elemental,30,17,13
Darizzler,bleeding-hollow,1532,shaman,elemental,132,74,58
Doxshaman,tichondrius,1531,shaman,elemental,121,67,54
Clapton,darkspear,1531,shaman,elemental,52,25,27
Georgejr,thunderlord,1530,shaman,elemental,183,101,82
Kakaaroto,nemesis,1530,shaman,elemental,159,86,73
Stitchis,black-dragonflight,1529,shaman,elemental,99,56,43
Friedchickn,whisperwind,1529,shaman,elemental,59,30,29
Harrypotqueu,zuljin,1527,shaman,elemental,30,16,14
Zap,wyrmrest-accord,1527,shaman,elemental,90,44,46
Seventeen,blackrock,1522,shaman,elemental,39,18,21
Elryl,sargeras,1521,shaman,elemental,83,45,38
Daddykooll,tichondrius,1521,shaman,elemental,78,40,38
Rayfordyoung,zuljin,1520,shaman,elemental,68,38,30
Draghul,frostwolf,1520,shaman,elemental,43,24,19
Stormsage,jubeithos,1520,shaman,elemental,81,41,40
Smooths,bloodscalp,1518,shaman,elemental,30,16,14
Hurìon,coilfang,1516,shaman,elemental,100,51,49
Malosa,hyjal,1515,shaman,elemental,146,71,75
Talonga,moon-guard,1514,shaman,elemental,102,47,55
Torosmile,tichondrius,1513,shaman,elemental,52,24,28
Venekk,shattered-hand,1512,shaman,elemental,53,33,20
Yasmiel,zuljin,1512,shaman,elemental,90,42,48
Fearoshimä,drakthul,1511,shaman,elemental,94,53,41
Creativemind,ragnaros,1510,shaman,elemental,92,44,48
Xinz,guldan,1510,shaman,elemental,60,28,32
Busterbrounz,queldorei,1509,shaman,elemental,78,47,31
Zappynips,frostmourne,1509,shaman,elemental,63,35,28
Rss,barthilas,1509,shaman,elemental,85,44,41
Hehew,kelthuzad,1509,shaman,elemental,60,22,38
Pacapinchhit,azgalor,1508,shaman,elemental,81,43,38
Bramah,bonechewer,1508,shaman,elemental,64,32,32
Evilraven,tichondrius,1506,shaman,elemental,183,91,92
Elèctro,tichondrius,1504,shaman,elemental,36,20,16
Nøir,drakkari,1504,shaman,elemental,84,42,42
Dwarfdude,gorefiend,1503,shaman,elemental,98,53,45
Soartotes,sargeras,1503,shaman,elemental,82,43,39
Üchihamadarâ,tichondrius,1502,shaman,elemental,187,96,91
Pepîllo,ragnaros,1498,shaman,elemental,262,122,140
Illmental,kelthuzad,1496,shaman,elemental,178,85,93
Shocksrus,arthas,1495,shaman,elemental,36,17,19
Pipelord,destromath,1494,shaman,elemental,30,18,12
Datbigthing,frostmourne,1492,shaman,elemental,122,52,70
Slothycrit,emerald-dream,1491,shaman,elemental,88,47,41
Dodona,sargeras,1490,shaman,elemental,160,80,80
Enhancers,sargeras,1490,shaman,elemental,60,29,31
Benserkr,lightbringer,1489,shaman,elemental,72,34,38
Semasham,khazgoroth,1487,shaman,elemental,109,51,58
Dtrumpx,tichondrius,1486,shaman,elemental,36,16,20
Vulkuro,quelthalas,1485,shaman,elemental,48,27,21
Innvious,sargeras,1484,shaman,elemental,66,32,34
Kkangsiki,tichondrius,1484,shaman,elemental,42,19,23
Siò,barthilas,1483,shaman,elemental,20,17,3
Vktr,drakkari,1483,shaman,elemental,94,49,45
Caveseer,frostmourne,1482,shaman,elemental,51,18,33
Gloi,ragnaros,1481,shaman,elemental,31,19,12
Adutchcowboy,tichondrius,1481,shaman,elemental,124,66,58
Dadadabang,frostmourne,1478,shaman,elemental,40,18,22
Cheweydadawg,shandris,1478,shaman,elemental,53,21,32
Olboy,thrall,1476,shaman,elemental,72,40,32
Lilthrall,skullcrusher,1474,shaman,elemental,36,20,16
Boogielust,frostmourne,1472,shaman,elemental,36,19,17
Genericheat,tichondrius,1472,shaman,elemental,85,44,41
Baodan,azshara,1472,shaman,elemental,148,76,72
Kagdush,tichondrius,1469,shaman,elemental,30,16,14
Ectomee,tichondrius,1468,shaman,elemental,36,19,17
Gerrkiing,amanthul,1466,shaman,elemental,65,36,29
Mindfields,barthilas,1465,shaman,elemental,56,30,26
Conductivity,frostmourne,1463,shaman,elemental,135,70,65
Totempoke,frostmourne,1462,shaman,elemental,35,22,13
Engara,frostmane,1461,shaman,elemental,41,19,22
Washedupty,illidan,1460,shaman,elemental,118,56,62
Alphamael,lightbringer,1458,shaman,elemental,88,54,34
Dá,ragnaros,1457,shaman,elemental,36,19,17
Millywhopx,thrall,1454,shaman,elemental,48,18,30
Vuhdu,barthilas,1451,shaman,elemental,72,41,31
Fwwrs,illidan,1450,shaman,elemental,26,16,10
Rythia,elune,1446,shaman,elemental,58,30,28
Ghorokk,azralon,1444,shaman,elemental,78,52,26
Sheriffbj,emerald-dream,1443,shaman,elemental,131,60,71
Delement,ragnaros,1443,shaman,elemental,42,18,24
Hydroponicz,sargeras,1438,shaman,elemental,24,15,9
Josephor,lightnings-blade,1438,shaman,elemental,47,21,26
Charabon,ragnaros,1435,shaman,elemental,46,24,22
Komana,frostmourne,1434,shaman,elemental,24,15,9
Biberom,kelthuzad,1434,shaman,elemental,57,32,25
Wfb,sargeras,1432,shaman,elemental,62,37,25
Stèpbro,sargeras,1432,shaman,elemental,36,18,18
Latoques,quelthalas,1431,shaman,elemental,24,15,9
Metlar,sargeras,1431,shaman,elemental,60,30,30
Forgediniron,stormrage,1429,shaman,elemental,144,79,65
Bustinbooty,kiljaeden,1429,shaman,elemental,42,22,20
Saraguthix,dalaran,1427,shaman,elemental,60,27,33
Stormcop,kelthuzad,1427,shaman,elemental,36,15,21
Joehogan,stormrage,1426,shaman,elemental,90,51,39
Toho,ragnaros,1426,shaman,elemental,97,53,44
Thunderblood,nerzhul,1425,shaman,elemental,63,33,30
Shuzuki,wyrmrest-accord,1423,shaman,elemental,60,34,26
Traindablue,illidan,1423,shaman,elemental,30,15,15
Totemtown,darkspear,1422,shaman,elemental,107,56,51
Drazzella,arthas,1422,shaman,elemental,47,21,26
Feels,arthas,1421,shaman,elemental,61,24,37
Scryerman,area-52,1418,shaman,elemental,30,16,14
Avni,silver-hand,1417,shaman,elemental,42,24,18
Dalianyen,bladefist,1417,shaman,elemental,30,15,15
Srbski,emerald-dream,1416,shaman,elemental,32,17,15
Antek,quelthalas,1415,shaman,elemental,21,17,4
Blacklm,tichondrius,1413,shaman,elemental,24,15,9
Redlava,turalyon,1413,shaman,elemental,49,29,20
Plotious,antonidas,1413,shaman,elemental,36,19,17
Gumballin,sargeras,1412,shaman,elemental,85,41,44
Zro,ysera,1410,shaman,elemental,31,16,15
Korlog,tichondrius,1409,shaman,elemental,18,15,3
Barokoshama,area-52,1409,shaman,elemental,24,15,9
Nomahuata,cenarion-circle,1409,shaman,elemental,54,27,27
Cptnmagma,bleeding-hollow,1408,shaman,elemental,166,87,79
Shampainn,demon-soul,1407,shaman,elemental,72,38,34
Thundermatt,aegwynn,1407,shaman,elemental,117,53,64
Hurky,sargeras,1405,shaman,elemental,170,88,82
Kumer,tichondrius,1405,shaman,elemental,40,20,20
Gazamiseh,thunderhorn,1405,shaman,elemental,177,81,96
Cocainbear,emerald-dream,1404,shaman,elemental,45,26,19
Turinhorse,tichondrius,1404,shaman,elemental,36,18,18
Dumpweed,stormscale,1402,shaman,elemental,82,41,41
Ôprawindfury,mugthol,1400,shaman,elemental,42,21,21
Bushdeedit,stormrage,1400,shaman,elemental,59,23,36
Zapyourazz,tichondrius,1399,shaman,elemental,46,27,19
Rinnobunen,wyrmrest-accord,1397,shaman,elemental,191,94,97
Zugzugthug,moon-guard,1395,shaman,elemental,131,69,62
Sweetbabyraé,bleeding-hollow,1391,shaman,elemental,66,42,24
Yippeekiyay,zuluhed,1390,shaman,elemental,69,34,35
Telain,quelthalas,1386,shaman,elemental,114,58,56
Tulnak,kelthuzad,1386,shaman,elemental,207,100,107
Cavolt,stormrage,1383,shaman,elemental,81,39,42
Minusshaman,dalaran,1382,shaman,elemental,150,81,69
Bulljay,bleeding-hollow,1382,shaman,elemental,33,16,17
Golozok,zuljin,1382,shaman,elemental,35,16,19
Jaapo,barthilas,1381,shaman,elemental,164,85,79
Ceedlamb,kelthuzad,1381,shaman,elemental,66,34,32
Totemchucker,stormrage,1379,shaman,elemental,39,17,22
Krimzs,executus,1377,shaman,elemental,105,42,63
Richode,burning-legion,1376,shaman,elemental,30,17,13
Shuñk,frostmourne,1376,shaman,elemental,60,27,33
Tecnein,tichondrius,1374,shaman,elemental,36,15,21
Drvoodoo,tichondrius,1373,shaman,elemental,85,43,42
Rolltìde,tichondrius,1372,shaman,elemental,159,88,71
Zephyrwhite,proudmoore,1372,shaman,elemental,72,30,42
Zechary,proudmoore,1372,shaman,elemental,48,19,29
Ffaísca,azralon,1371,shaman,elemental,44,22,22
Chanix,ragnaros,1370,shaman,elemental,71,43,28
Seinnome,azralon,1369,shaman,elemental,73,37,36
Ayahuaskah,illidan,1367,shaman,elemental,73,38,35
Momothewolf,malganis,1367,shaman,elemental,30,15,15
Orkshammy,illidan,1365,shaman,elemental,30,15,15
Javinoo,tichondrius,1364,shaman,elemental,30,16,14
Zulaantar,agamaggan,1362,shaman,elemental,149,71,78
Kultirio,quelthalas,1360,shaman,elemental,24,18,6
Xantoor,area-52,1356,shaman,elemental,36,21,15
Firedchips,tichondrius,1351,shaman,elemental,41,19,22
Chonkymilk,illidan,1351,shaman,elemental,68,29,39
Brickzilla,dalaran,1349,shaman,elemental,65,37,28
Stormsanta,emerald-dream,1349,shaman,elemental,35,15,20
Cheddatotz,illidan,1347,shaman,elemental,45,27,18
Arakimara,tichondrius,1347,shaman,elemental,30,18,12
Moartotems,kelthuzad,1347,shaman,elemental,30,18,12
Everyst,darkspear,1344,shaman,elemental,71,36,35
Zuldroth,frostmourne,1343,shaman,elemental,42,25,17
Koalakisses,shadow-council,1343,shaman,elemental,24,14,10
Mittss,sargeras,1343,shaman,elemental,130,67,63
Spoonforkorc,thrall,1342,shaman,elemental,24,14,10
Bagele,tichondrius,1342,shaman,elemental,30,14,16
Graveshocks,illidan,1341,shaman,elemental,18,14,4
Feesstt,malganis,1340,shaman,elemental,24,14,10
Zute,frostmourne,1340,shaman,elemental,53,26,27
Ragnards,ragnaros,1340,shaman,elemental,97,45,52
Potf,illidan,1339,shaman,elemental,22,15,7
Neostorm,elune,1338,shaman,elemental,54,27,27
Oontuk,illidan,1337,shaman,elemental,66,31,35
Laelyk,kiljaeden,1336,shaman,elemental,30,14,16
Morluné,tichondrius,1336,shaman,elemental,78,35,43
Twinkyz,boulderfist,1334,shaman,elemental,71,35,36
Hansolorz,tichondrius,1332,shaman,elemental,79,36,43
Thathurts,thrall,1331,shaman,elemental,24,14,10
Exoticz,barthilas,1330,shaman,elemental,53,19,34
Aingry,darkspear,1328,shaman,elemental,30,14,16
Totem,burning-legion,1327,shaman,elemental,24,14,10
Totems,the-underbog,1327,shaman,elemental,24,14,10
Pozcaster,tichondrius,1327,shaman,elemental,82,31,51
Dontaey,frostmourne,1326,shaman,elemental,40,25,15
Shadowowl,tanaris,1324,shaman,elemental,51,24,27
Buffaloweens,thrall,1324,shaman,elemental,30,14,16
Hexandsex,zuljin,1323,shaman,elemental,24,14,10
Ekstasiel,azralon,1323,shaman,elemental,54,28,26
Edenorion,ragnaros,1320,shaman,elemental,85,45,40
Shocks,alleria,1318,shaman,elemental,30,14,16
Destroçadorx,azralon,1316,shaman,elemental,44,22,22
Lenin,nathrezim,1316,shaman,elemental,62,24,38
Statikrage,eonar,1314,shaman,elemental,50,21,29
Hazznokicks,bleeding-hollow,1314,shaman,elemental,39,15,24
Lugak,ragnaros,1311,shaman,elemental,71,31,40
Bwuberrypuff,tichondrius,1310,shaman,elemental,72,26,46
Endorovich,mannoroth,1309,shaman,elemental,30,14,16
Zaedran,thrall,1308,shaman,elemental,24,14,10
Bonevykin,area-52,1307,shaman,elemental,57,27,30
Eze,tichondrius,1301,shaman,elemental,82,48,34
Drzhong,frostmourne,1301,shaman,elemental,58,30,28
Rokogg,thrall,1300,shaman,elemental,185,89,96
Budgetseaan,stormrage,1296,shaman,elemental,69,40,29
Nobosham,tichondrius,1296,shaman,elemental,93,41,52
Hueymagoo,firetree,1295,shaman,elemental,24,14,10
Shammany,stormrage,1295,shaman,elemental,54,28,26
Casualsham,illidan,1294,shaman,elemental,32,15,17
Hufflefluffs,kiljaeden,1293,shaman,elemental,62,31,31
Matew,darkspear,1289,shaman,elemental,23,14,9
Rocksbury,malganis,1289,shaman,elemental,27,14,13
Teechainz,caelestrasz,1288,shaman,elemental,45,20,25
Drvoodoö,tichondrius,1288,shaman,elemental,36,16,20
Dirtyprocs,tichondrius,1287,shaman,elemental,45,17,28
Maldini,tol-barad,1286,shaman,elemental,60,30,30
Devipersham,frostmourne,1284,shaman,elemental,75,39,36
Vodord,arathor,1284,shaman,elemental,30,15,15
Luvstospooj,thaurissan,1284,shaman,elemental,91,40,51
Porkfririe,kelthuzad,1284,shaman,elemental,58,21,37
Barlonso,illidan,1280,shaman,elemental,45,21,24
Fuma,nordrassil,1279,shaman,elemental,30,16,14
Nírnez,ragnaros,1277,shaman,elemental,54,22,32
Alariaa,sargeras,1276,shaman,elemental,66,35,31
Øten,area-52,1275,shaman,elemental,48,31,17
Beerofdoom,proudmoore,1275,shaman,elemental,48,26,22
Discokid,norgannon,1259,shaman,elemental,47,21,26
Sugirukifuja,stormrage,1258,shaman,elemental,23,16,7
Shammpain,barthilas,1256,shaman,elemental,101,58,43
Moacmathi,quelthalas,1253,shaman,elemental,60,27,33
Pikapiko,tichondrius,1248,shaman,elemental,18,13,5
Mabite,frostmourne,1248,shaman,elemental,30,15,15
Okïòmó,proudmoore,1248,shaman,elemental,30,13,17
Madelements,tichondrius,1247,shaman,elemental,62,31,31
Dîabeetus,moon-guard,1246,shaman,elemental,18,13,5
Slurgamer,area-52,1246,shaman,elemental,18,13,5
Littz,malganis,1246,shaman,elemental,24,13,11
Rafiki,haomarush,1244,shaman,elemental,72,33,39
Risker,tichondrius,1243,shaman,elemental,30,13,17
Toetum,hyjal,1242,shaman,elemental,24,13,11
Fuhzee,sargeras,1240,shaman,elemental,18,13,5
Aishel,area-52,1240,shaman,elemental,24,13,11
Ruugo,malganis,1239,shaman,elemental,18,13,5
Earthfirex,ragnaros,1238,shaman,elemental,24,13,11
Marduul,azralon,1236,shaman,elemental,35,16,19
Hëïmdall,stormrage,1232,shaman,elemental,71,36,35
Sabtifa,proudmoore,1232,shaman,elemental,30,13,17
Hanaruk,ragnaros,1232,shaman,elemental,86,35,51
Blacklust,tichondrius,1231,shaman,elemental,36,15,21
Akó,quelthalas,1230,shaman,elemental,48,20,28
Marcøvich,ragnaros,1229,shaman,elemental,24,13,11
Phuamya,dalaran,1228,shaman,elemental,68,39,29
Lilalexhorne,smolderthorn,1228,shaman,elemental,30,13,17
Smithereen,area-52,1227,shaman,elemental,60,29,31
Káládin,malganis,1226,shaman,elemental,54,26,28
Baltharzhard,saurfang,1226,shaman,elemental,42,18,24
Blayze,stormscale,1222,shaman,elemental,47,21,26
Chaposz,tichondrius,1221,shaman,elemental,30,13,17
Yasuriyamile,illidan,1220,shaman,elemental,186,88,98
Zerium,nemesis,1220,shaman,elemental,57,24,33
Saulgudmon,area-52,1215,shaman,elemental,48,25,23
Blkpowerfist,malganis,1213,shaman,elemental,19,13,6
Shizamm,hyjal,1213,shaman,elemental,24,13,11
Mhaal,wyrmrest-accord,1213,shaman,elemental,116,47,69
Yodahh,daggerspine,1211,shaman,elemental,45,24,21
Amonita,stonemaul,1210,shaman,elemental,18,13,5
Bostar,tichondrius,1209,shaman,elemental,29,13,16
Grezzkall,malganis,1207,shaman,elemental,39,19,20
Bazinguinha,azralon,1207,shaman,elemental,60,28,32
Blazintotems,arthas,1207,shaman,elemental,29,13,16
Sixtyninelol,thunderlord,1205,shaman,elemental,36,16,20
Omegaman,lightninghoof,1204,shaman,elemental,69,35,34
Tørosentado,quelthalas,1204,shaman,elemental,194,94,100
Shamanzinh,azralon,1204,shaman,elemental,42,20,22
Cardanø,illidan,1203,shaman,elemental,91,37,54
Deggle,frostwolf,1201,shaman,elemental,30,14,16
Strugs,area-52,1201,shaman,elemental,59,25,34
Shokaria,frostwolf,1199,shaman,elemental,43,18,25
Killeniis,tichondrius,1198,shaman,elemental,94,42,52
Battleshammy,nagrand,1197,shaman,elemental,69,33,36
Bricx,dalaran,1195,shaman,elemental,36,18,18
Zemleroynoyy,magtheridon,1191,shaman,elemental,30,13,17
Martisor,barthilas,1191,shaman,elemental,71,30,41
Konndor,malganis,1190,shaman,elemental,96,43,53
Shmoo,deathwing,1189,shaman,elemental,49,25,24
Mcumshot,ragnaros,1189,shaman,elemental,168,77,91
Negsut,azralon,1187,shaman,elemental,96,44,52
Shachone,zuljin,1174,shaman,elemental,36,15,21
Megabolt,nemesis,1169,shaman,elemental,48,18,30
Lezzer,ragnaros,1167,shaman,elemental,102,45,57
Jamboree,darkspear,1167,shaman,elemental,48,15,33
Zhokal,quelthalas,1166,shaman,elemental,125,65,60
Synerggy,hakkar,1165,shaman,elemental,626,311,315
Drmeangreen,tichondrius,1164,shaman,elemental,103,53,50
Nuggitz,tichondrius,1163,shaman,elemental,59,35,24
Jashar,spinebreaker,1162,shaman,elemental,30,15,15
Jaycobb,area-52,1159,shaman,elemental,30,13,17
Kanasya,quelthalas,1155,shaman,elemental,66,31,35
Bovinebeauty,tichondrius,1152,shaman,elemental,18,12,6
Pasto,bleeding-hollow,1152,shaman,elemental,18,12,6
Svi,doomhammer,1152,shaman,elemental,24,15,9
Councilman,illidan,1152,shaman,elemental,24,12,12
Owtyobwol,area-52,1152,shaman,elemental,24,12,12
Deacoderz,area-52,1151,shaman,elemental,18,12,6
Bowlcutgodx,sargeras,1151,shaman,elemental,18,12,6
Krupto,tichondrius,1151,shaman,elemental,24,12,12
Shockbalboa,stormrage,1150,shaman,elemental,18,12,6
Kang,terenas,1150,shaman,elemental,18,12,6
Chudeshock,ragnaros,1150,shaman,elemental,36,12,24
Oscarmike,auchindoun,1149,shaman,elemental,18,12,6
Poonqtx,frostmourne,1149,shaman,elemental,18,12,6
Ndndurkadurk,malganis,1149,shaman,elemental,24,12,12
Hamrok,moon-guard,1149,shaman,elemental,24,12,12
Frostshear,maiev,1149,shaman,elemental,29,14,15
Duckmasick,tichondrius,1148,shaman,elemental,115,52,63
Eluulne,silvermoon,1147,shaman,elemental,24,12,12
Blobberino,tichondrius,1147,shaman,elemental,30,12,18
Kahuku,illidan,1146,shaman,elemental,24,12,12
Tatespeech,barthilas,1146,shaman,elemental,30,12,18
Rampàge,ragnaros,1144,shaman,elemental,18,12,6
Sonofabat,spirestone,1142,shaman,elemental,18,12,6
Kowabounga,ragnaros,1140,shaman,elemental,24,12,12
Beatryx,the-scryers,1140,shaman,elemental,24,12,12
Graymatterz,ysondre,1139,shaman,elemental,18,12,6
Urb,moknathal,1139,shaman,elemental,30,12,18
Muggs,cairne,1137,shaman,elemental,18,12,6
Araghok,ragnaros,1136,shaman,elemental,72,31,41
Sjamann,nemesis,1135,shaman,elemental,18,12,6
Nazz,cenarion-circle,1133,shaman,elemental,24,12,12
Tribalmood,illidan,1130,shaman,elemental,36,14,22
Nezzuk,quelthalas,1129,shaman,elemental,18,12,6
Epicchodez,nerzhul,1128,shaman,elemental,30,14,16
Illmental,sargeras,1127,shaman,elemental,18,12,6
Karvr,tichondrius,1125,shaman,elemental,26,14,12
Kirrard,tichondrius,1125,shaman,elemental,23,12,11
Luxenor,kelthuzad,1125,shaman,elemental,24,12,12
Johnwilke,area-52,1123,shaman,elemental,43,17,26
Bravederp,kelthuzad,1120,shaman,elemental,63,31,32
Premium,nagrand,1120,shaman,elemental,87,37,50
Afgoox,tichondrius,1118,shaman,elemental,41,27,14
Meteorah,kelthuzad,1118,shaman,elemental,69,34,35
Bronan,laughing-skull,1118,shaman,elemental,120,58,62
Rollypolli,gnomeregan,1116,shaman,elemental,108,57,51
Skwiglz,tichondrius,1113,shaman,elemental,90,44,46
Zugdabou,bonechewer,1113,shaman,elemental,144,65,79
Karashamy,ragnaros,1107,shaman,elemental,85,40,45
Xoelement,borean-tundra,1103,shaman,elemental,54,25,29
Yunow,ragnaros,1096,shaman,elemental,48,20,28
Madeleines,goldrinn,1091,shaman,elemental,48,24,24
Justballs,stormscale,1089,shaman,elemental,96,51,45
Wangbangjr,mugthol,1088,shaman,elemental,42,17,25
Kinjin,dragonmaw,1083,shaman,elemental,26,12,14
Shamanic,dunemaul,1080,shaman,elemental,136,62,74
Santee,frostmourne,1079,shaman,elemental,29,15,14
Firecracker,warsong,1077,shaman,elemental,101,52,49
Coffee,mugthol,1073,shaman,elemental,48,19,29
Saanrixa,jubeithos,1072,shaman,elemental,157,71,86
Shamarock,stonemaul,1071,shaman,elemental,48,25,23
Shockazulu,vashj,1070,shaman,elemental,47,23,24
Sàuron,tichondrius,1066,shaman,elemental,25,12,13
Darkrock,echo-isles,1062,shaman,elemental,30,16,14
Afri,tichondrius,1056,shaman,elemental,16,12,4
Helga,hellscream,1056,shaman,elemental,18,11,7
Biggiechief,illidan,1056,shaman,elemental,18,11,7
Petrafk,illidan,1056,shaman,elemental,18,11,7
Glizzyjamon,sargeras,1056,shaman,elemental,18,11,7
Bestshamus,sargeras,1056,shaman,elemental,18,11,7
Redpocket,zuluhed,1056,shaman,elemental,18,11,7
Sevare,area-52,1056,shaman,elemental,18,11,7
Szes,tichondrius,1056,shaman,elemental,18,11,7
Highsteakss,tichondrius,1055,shaman,elemental,12,11,1
Shakron,dalaran,1055,shaman,elemental,18,11,7
Fanatix,moon-guard,1055,shaman,elemental,18,11,7
Bootietootie,bleeding-hollow,1055,shaman,elemental,18,11,7
Shockalot,emerald-dream,1055,shaman,elemental,24,11,13
Jeffspicele,emerald-dream,1055,shaman,elemental,24,11,13
Ayetex,kelthuzad,1054,shaman,elemental,18,11,7
Cvoa,bonechewer,1054,shaman,elemental,18,11,7
Toastsshaman,tichondrius,1054,shaman,elemental,18,11,7
Voof,bleeding-hollow,1054,shaman,elemental,18,11,7
Lilmollet,tichondrius,1054,shaman,elemental,25,13,12
Blastuh,kiljaeden,1053,shaman,elemental,18,11,7
Tettnanger,azralon,1053,shaman,elemental,19,11,8
Madmartiggen,scilla,1051,shaman,elemental,21,12,9
Diokles,skywall,1051,shaman,elemental,24,12,12
Raiku,gnomeregan,1051,shaman,elemental,24,11,13
Flowerchild,proudmoore,1050,shaman,elemental,18,11,7
Taeilendar,ragnaros,1050,shaman,elemental,24,11,13
Waymond,khadgar,1049,shaman,elemental,36,11,25
Trashpandaa,deathwing,1048,shaman,elemental,18,11,7
Vashidda,stormrage,1048,shaman,elemental,24,11,13
Bröly,thunderhorn,1048,shaman,elemental,42,12,30
Tideborn,azralon,1047,shaman,elemental,78,37,41
Chamuko,kelthuzad,1045,shaman,elemental,21,12,9
Minzysm,illidan,1045,shaman,elemental,24,11,13
Khoden,emerald-dream,1044,shaman,elemental,24,12,12
Enflexi,lightbringer,1044,shaman,elemental,24,11,13
Axelrose,ragnaros,1044,shaman,elemental,54,23,31
Zappz,thunderlord,1042,shaman,elemental,78,42,36
Bigrider,nemesis,1041,shaman,elemental,126,59,67
Grandwolf,ragnaros,1040,shaman,elemental,24,11,13
Neukims,nemesis,1040,shaman,elemental,26,11,15
Oskai,sargeras,1034,shaman,elemental,18,11,7
Zappyshorty,sargeras,1032,shaman,elemental,18,11,7
Omnath,zuluhed,1027,shaman,elemental,41,20,21
Ðarkvolts,stormrage,1025,shaman,elemental,24,11,13
Dermbo,frostmourne,1025,shaman,elemental,68,30,38
Sumnah,sargeras,1024,shaman,elemental,66,33,33
Dooman,area-52,1023,shaman,elemental,36,13,23
Stîînck,azralon,1023,shaman,elemental,42,13,29
Olani,nesingwary,1022,shaman,elemental,38,12,26
Treesntotemz,darkspear,1020,shaman,elemental,18,11,7
Shadowchain,kelthuzad,1018,shaman,elemental,33,12,21
Frequency,kiljaeden,1016,shaman,elemental,36,12,24
Nerfshear,malganis,1007,shaman,elemental,17,11,6
Daiskei,nordrassil,1004,shaman,elemental,27,15,12
Datblueboi,dalaran,993,shaman,elemental,28,12,16
Dizzytotem,dalaran,991,shaman,elemental,24,11,13
Mistayl,bleeding-hollow,991,shaman,elemental,59,27,32
Piloncho,ragnaros,983,shaman,elemental,60,24,36
Zarîks,kelthuzad,978,shaman,elemental,26,11,15
Wälee,sargeras,976,shaman,elemental,83,39,44
Shroomhoof,moon-guard,976,shaman,elemental,42,15,27
Oznog,bleeding-hollow,964,shaman,elemental,31,11,20
Smrtdeath,zuljin,960,shaman,elemental,12,10,2
Ellega,tichondrius,960,shaman,elemental,18,10,8
Linkzz,malganis,960,shaman,elemental,18,10,8
Folus,azjolnerub,960,shaman,elemental,18,10,8
Ðøææøð,stormrage,960,shaman,elemental,18,10,8
Ingokwetrust,stormrage,960,shaman,elemental,18,10,8
Sxxr,moon-guard,959,shaman,elemental,12,10,2
Rngeezuss,tichondrius,959,shaman,elemental,12,10,2
Yogaflamex,area-52,959,shaman,elemental,12,10,2
Tidalstorm,thrall,959,shaman,elemental,18,10,8
Genesisz,tichondrius,959,shaman,elemental,18,10,8
Mofodave,stormrage,959,shaman,elemental,18,10,8
Hexoffend,zuljin,959,shaman,elemental,18,10,8
Kodyaj,illidan,959,shaman,elemental,18,10,8
Desdìnova,tortheldrin,959,shaman,elemental,24,10,14
Jimmysjohn,malganis,959,shaman,elemental,24,10,14
Howl,illidan,959,shaman,elemental,24,10,14
Ehhmacros,doomhammer,959,shaman,elemental,24,10,14
Totemzie,illidan,958,shaman,elemental,18,10,8
Beazel,moon-guard,957,shaman,elemental,30,10,20
Shockshammy,kiljaeden,956,shaman,elemental,18,10,8
Bigway,area-52,956,shaman,elemental,30,10,20
Tinkd,stormrage,953,shaman,elemental,18,10,8
Izreborn,tichondrius,953,shaman,elemental,24,10,14
Tuksha,alleria,951,shaman,elemental,30,10,20
Yagers,illidan,950,shaman,elemental,18,10,8
Hygelac,thrall,948,shaman,elemental,24,12,12
Sanlu,tichondrius,947,shaman,elemental,77,35,42
Elektrå,dalaran,947,shaman,elemental,24,10,14
Galgamesh,emerald-dream,939,shaman,elemental,18,10,8
Asanako,illidan,937,shaman,elemental,124,55,69
Mðna,zuluhed,935,shaman,elemental,52,24,28
Orkwa,bleeding-hollow,935,shaman,elemental,24,10,14
Lavablaster,kelthuzad,934,shaman,elemental,32,19,13
Proignite,drakthul,934,shaman,elemental,35,17,18
Gorron,frostwolf,929,shaman,elemental,24,10,14
Sixxtus,tichondrius,926,shaman,elemental,23,10,13
Poseidon,kiljaeden,925,shaman,elemental,22,10,12
Esbet,echo-isles,924,shaman,elemental,41,13,28
Goane,illidan,923,shaman,elemental,83,31,52
Mîkâ,area-52,917,shaman,elemental,48,18,30
Matria,tanaris,914,shaman,elemental,62,31,31
Geladoo,gallywix,913,shaman,elemental,98,41,57
Sarahfe,wyrmrest-accord,910,shaman,elemental,17,10,7
Aragog,malygos,899,shaman,elemental,32,16,16
Notsock,zuljin,894,shaman,elemental,17,10,7
Cyrah,azjolnerub,892,shaman,elemental,48,15,33
Threehandz,bleeding-hollow,886,shaman,elemental,55,20,35
Potatopirate,burning-legion,881,shaman,elemental,31,11,20
Trilz,barthilas,880,shaman,elemental,19,10,9
Eleveil,emerald-dream,877,shaman,elemental,21,10,11
Brokahantas,misha,872,shaman,elemental,46,15,31
Bojangz,illidan,864,shaman,elemental,12,9,3
Notragii,kelthuzad,864,shaman,elemental,12,9,3
Zokx,tichondrius,864,shaman,elemental,12,9,3
Nøtail,illidan,864,shaman,elemental,12,9,3
Âran,azralon,864,shaman,elemental,12,9,3
Chainz,illidan,864,shaman,elemental,18,9,9
Doorti,area-52,864,shaman,elemental,18,9,9
Drewzie,anvilmar,864,shaman,elemental,18,9,9
Zlateral,malganis,864,shaman,elemental,18,9,9
Tampíco,ragnaros,864,shaman,elemental,24,9,15
Doappy,malganis,864,shaman,elemental,24,9,15
Ryuzaki,saurfang,864,shaman,elemental,30,9,21
Curtrex,amanthul,863,shaman,elemental,12,9,3
Ðomzy,tichondrius,863,shaman,elemental,12,9,3
Vulcansh,azralon,863,shaman,elemental,12,9,3
Porqchop,sargeras,863,shaman,elemental,12,9,3
Meatballsx,tichondrius,863,shaman,elemental,15,10,5
Astrostorm,darkspear,863,shaman,elemental,18,9,9
Darkcharles,illidan,863,shaman,elemental,18,9,9
Slashshear,frostmourne,863,shaman,elemental,18,9,9
Karagra,tichondrius,863,shaman,elemental,18,9,9
Hexellént,kiljaeden,863,shaman,elemental,18,9,9
Baltozap,bleeding-hollow,863,shaman,elemental,22,9,13
Thaél,proudmoore,863,shaman,elemental,24,9,15
Lovebody,zuljin,863,shaman,elemental,24,9,15
Riseon,illidan,863,shaman,elemental,24,9,15
Dehsaw,illidan,863,shaman,elemental,24,9,15
Elemastery,windrunner,862,shaman,elemental,12,9,3
Tottemic,blackrock,862,shaman,elemental,18,9,9
Blodøks,ragnaros,862,shaman,elemental,18,9,9
Lenå,moon-guard,861,shaman,elemental,18,9,9
Aleysha,dreadmaul,861,shaman,elemental,18,9,9
Phagocytosis,illidan,861,shaman,elemental,18,9,9
Cónò,tichondrius,861,shaman,elemental,18,9,9
Jensenx,proudmoore,861,shaman,elemental,24,9,15
Grukall,galakrond,860,shaman,elemental,12,9,3
Borgmash,chogall,860,shaman,elemental,18,9,9
Galabanjø,malganis,860,shaman,elemental,24,9,15
Vanëssão,stormrage,859,shaman,elemental,24,9,15
Bluetape,azshara,858,shaman,elemental,12,9,3
Freesolo,barthilas,858,shaman,elemental,18,9,9
Velekar,moon-guard,858,shaman,elemental,24,9,15
Gorakh,illidan,856,shaman,elemental,18,9,9
Edalandd,zuljin,856,shaman,elemental,24,9,15
Dellnar,nagrand,847,shaman,elemental,18,9,9
Bcs,lightbringer,843,shaman,elemental,18,9,9
Shàmpow,darkspear,838,shaman,elemental,27,12,15
Branasou,emerald-dream,830,shaman,elemental,23,9,14
Hbjj,illidan,816,shaman,elemental,15,9,6
Vegaslights,tichondrius,816,shaman,elemental,21,9,12
Barabe,moon-guard,815,shaman,elemental,17,9,8
Insanelol,tichondrius,815,shaman,elemental,21,9,12
Yeoldkobb,kiljaeden,810,shaman,elemental,17,9,8
Thanwirn,ragnaros,809,shaman,elemental,24,9,15
Olex,zuluhed,808,shaman,elemental,26,10,16
Twohammers,tichondrius,796,shaman,elemental,24,9,15
Relâx,icecrown,779,shaman,elemental,19,9,10
Yurp,illidan,768,shaman,elemental,12,8,4
Smoketide,malganis,768,shaman,elemental,12,8,4
Dialtone,blackrock,768,shaman,elemental,12,8,4
Synkronaqt,tichondrius,768,shaman,elemental,12,8,4
Supbrø,zuluhed,768,shaman,elemental,12,8,4
Cduck,zuljin,768,shaman,elemental,12,8,4
Xammaa,illidan,768,shaman,elemental,12,8,4
Morabebi,tichondrius,768,shaman,elemental,12,8,4
Squidzy,tichondrius,768,shaman,elemental,12,8,4
Rhasktah,azralon,768,shaman,elemental,12,8,4
Grandpatits,illidan,768,shaman,elemental,12,8,4
Groundfaults,bleeding-hollow,768,shaman,elemental,18,8,10
Paltrok,tichondrius,768,shaman,elemental,18,8,10
Stayz,tichondrius,768,shaman,elemental,18,8,10
Gjaj,tichondrius,768,shaman,elemental,18,8,10
Coercè,tichondrius,768,shaman,elemental,18,8,10
Storminlorka,sargeras,768,shaman,elemental,18,8,10
Bagovs,tichondrius,768,shaman,elemental,18,8,10
Frosh,nazgrel,768,shaman,elemental,24,8,16
Raikages,whisperwind,767,shaman,elemental,12,8,4
Tierrox,tichondrius,767,shaman,elemental,12,8,4
Thandius,arygos,767,shaman,elemental,12,8,4
Johntrabølta,zuljin,767,shaman,elemental,12,8,4
Sammila,tichondrius,767,shaman,elemental,18,8,10
Dxycollapse,illidan,767,shaman,elemental,18,8,10
Uninfluenced,firetree,767,shaman,elemental,18,8,10
Fistwizard,sargeras,767,shaman,elemental,18,8,10
Ludasham,moon-guard,767,shaman,elemental,18,8,10
Jsyringe,duskwood,767,shaman,elemental,18,8,10
Volcanic,azuremyst,767,shaman,elemental,24,8,16
Mazdamundï,ragnaros,767,shaman,elemental,24,8,16
Firevag,hakkar,767,shaman,elemental,24,8,16
Fênrisulfer,area-52,766,shaman,elemental,18,8,10
Xhamankng,quelthalas,766,shaman,elemental,18,8,10
Duza,frostmourne,766,shaman,elemental,24,8,16
Procdepartme,area-52,765,shaman,elemental,18,8,10
Pãníç,bladefist,764,shaman,elemental,18,8,10
Neebon,jubeithos,763,shaman,elemental,12,8,4
Truemooin,wyrmrest-accord,763,shaman,elemental,12,8,4
Teekona,tichondrius,763,shaman,elemental,18,8,10
Stormterror,tichondrius,763,shaman,elemental,20,8,12
Shamofshame,garrosh,763,shaman,elemental,24,8,16
Maelshock,tichondrius,762,shaman,elemental,12,8,4
Girafasuarx,korgath,758,shaman,elemental,24,8,16
Aeromarius,ragnaros,733,shaman,elemental,13,10,3
Comfycashtv,nerzhul,720,shaman,elemental,21,8,13
Lowiqpleb,tichondrius,719,shaman,elemental,17,8,9
Ppepe,boulderfist,717,shaman,elemental,17,8,9
Downerr,malganis,712,shaman,elemental,17,10,7
Pileef,thrall,704,shaman,elemental,10,8,2
Dmt,exodar,704,shaman,elemental,22,8,14
Shamankie,tichondrius,703,shaman,elemental,11,8,3
Coffeeblacc,magtheridon,697,shaman,elemental,24,8,16
Makogo,earthen-ring,686,shaman,elemental,13,8,5
Thermopile,wildhammer,680,shaman,elemental,25,8,17
Tmanownz,tichondrius,672,shaman,elemental,12,7,5
Woepost,tichondrius,672,shaman,elemental,12,7,5
Smellyogre,area-52,672,shaman,elemental,12,7,5
Gondolf,darkspear,672,shaman,elemental,12,7,5
Plebshammy,bleeding-hollow,672,shaman,elemental,12,7,5
Cuban,kelthuzad,672,shaman,elemental,12,7,5
Pegleg,tichondrius,672,shaman,elemental,12,7,5
Merkal,illidan,672,shaman,elemental,12,7,5
Willy,icecrown,672,shaman,elemental,12,7,5
Autisty,sargeras,672,shaman,elemental,12,7,5
Sèèr,tichondrius,672,shaman,elemental,12,7,5
Lagroupie,ragnaros,672,shaman,elemental,12,7,5
Farku,illidan,672,shaman,elemental,12,7,5
Thoraq,bleeding-hollow,672,shaman,elemental,12,7,5
Pericazo,sargeras,672,shaman,elemental,12,7,5
Zzrroo,sargeras,672,shaman,elemental,12,7,5
Mesdew,tichondrius,672,shaman,elemental,12,7,5
Drmeatballmd,tichondrius,672,shaman,elemental,12,7,5
Varnol,emerald-dream,672,shaman,elemental,12,7,5
Ftp,kelthuzad,672,shaman,elemental,15,8,7
Ragor,quelthalas,672,shaman,elemental,18,7,11
Eravas,thrall,672,shaman,elemental,18,7,11
Shamigo,tichondrius,672,shaman,elemental,18,7,11
Lavasurge,area-52,672,shaman,elemental,18,7,11
Yucasinmojo,illidan,672,shaman,elemental,18,7,11
Neotrad,proudmoore,672,shaman,elemental,18,7,11
Alwaysbulkin,tichondrius,672,shaman,elemental,18,7,11
Josiahsham,kelthuzad,672,shaman,elemental,19,7,12
Tdub,frostmourne,672,shaman,elemental,24,7,17
Dansham,zuljin,672,shaman,elemental,24,7,17
Canute,bonechewer,671,shaman,elemental,12,7,5
Hairyrichard,zuljin,671,shaman,elemental,12,7,5
Oukami,area-52,671,shaman,elemental,12,7,5
Jacori,malganis,671,shaman,elemental,12,7,5
Zon,laughing-skull,671,shaman,elemental,12,7,5
Stormha,illidan,671,shaman,elemental,12,7,5
Mariarlee,proudmoore,671,shaman,elemental,18,7,11
Malito,ursin,671,shaman,elemental,18,7,11
Eztröz,kelthuzad,670,shaman,elemental,12,7,5
Ghulk,nordrassil,670,shaman,elemental,12,7,5
Suersaq,elune,670,shaman,elemental,12,7,5
Parallels,blackrock,670,shaman,elemental,24,7,17
Beardslee,malganis,669,shaman,elemental,12,7,5
Grimlên,skullcrusher,669,shaman,elemental,18,7,11
Hexluthor,greymane,669,shaman,elemental,18,7,11
Idiotstaff,dreadmaul,669,shaman,elemental,24,7,17
Saffoo,frostmourne,667,shaman,elemental,12,7,5
Dugomik,malganis,666,shaman,elemental,18,7,11
Shamadan,proudmoore,665,shaman,elemental,12,7,5
Warmak,hyjal,664,shaman,elemental,12,7,5
Jyster,area-52,664,shaman,elemental,24,7,17
Cheesewheelz,arthas,651,shaman,elemental,22,7,15
Tatius,stormreaver,644,shaman,elemental,24,7,17
Megalithic,moon-guard,639,shaman,elemental,14,8,6
Drakhe,proudmoore,639,shaman,elemental,17,7,10
Hexytimexoqt,thrall,638,shaman,elemental,17,7,10
Babyblake,malganis,637,shaman,elemental,20,8,12
Koongram,area-52,623,shaman,elemental,11,7,4
Alfreud,exodar,618,shaman,elemental,15,8,7
Orochishaman,stormrage,607,shaman,elemental,11,7,4
Shizzänk,illidan,606,shaman,elemental,11,7,4
Gunai,malganis,606,shaman,elemental,16,7,9
Boltadeez,tichondrius,576,shaman,elemental,6,6,0
Khrònòs,vashj,576,shaman,elemental,6,6,0
Jayes,zuljin,576,shaman,elemental,6,6,0
Chrispp,frostmourne,576,shaman,elemental,6,6,0
Kasparøv,tichondrius,576,shaman,elemental,6,6,0
Jimmyapple,illidan,576,shaman,elemental,10,7,3
Mcgraff,frostmourne,576,shaman,elemental,12,6,6
Rathaitu,illidan,576,shaman,elemental,12,6,6
Hijodelrayo,drakkari,576,shaman,elemental,12,6,6
Mistysham,illidan,576,shaman,elemental,12,6,6
Consolx,area-52,576,shaman,elemental,12,6,6
Ezevia,stormrage,576,shaman,elemental,12,6,6
Zunden,illidan,576,shaman,elemental,12,6,6
Jinukia,malganis,576,shaman,elemental,12,6,6
Jnzz,area-52,576,shaman,elemental,12,6,6
Tairen,ragnaros,576,shaman,elemental,12,6,6
Fuseillar,illidan,576,shaman,elemental,12,6,6
Smoketide,illidan,576,shaman,elemental,12,6,6
Knowknown,tichondrius,576,shaman,elemental,12,6,6
Tepss,thrall,576,shaman,elemental,12,6,6
Pupududu,stormrage,576,shaman,elemental,12,6,6
Feuerbart,dalaran,576,shaman,elemental,12,6,6
Spaceghost,illidan,576,shaman,elemental,12,6,6
Getwetand,quelthalas,576,shaman,elemental,12,6,6
Deeznuts,the-forgotten-coast,576,shaman,elemental,12,6,6
Deyodin,illidan,576,shaman,elemental,12,6,6
Mangosmooths,kelthuzad,576,shaman,elemental,12,6,6
Airiem,tichondrius,576,shaman,elemental,12,6,6
Charlesby,tichondrius,576,shaman,elemental,12,6,6
Rubmytotêm,tichondrius,576,shaman,elemental,12,6,6
Shaokhan,azjolnerub,576,shaman,elemental,12,6,6
Undaunte,sargeras,576,shaman,elemental,12,6,6
Doommjölnir,sargeras,576,shaman,elemental,12,6,6
Tolias,azjolnerub,576,shaman,elemental,12,6,6
Cowtidetotem,thrall,576,shaman,elemental,18,6,12
Bxb,frostmourne,576,shaman,elemental,18,6,12
Shamamas,area-52,576,shaman,elemental,18,6,12
Nazgore,jubeithos,576,shaman,elemental,18,6,12
Asuni,illidan,576,shaman,elemental,24,6,18
Hallion,frostmourne,576,shaman,elemental,24,6,18
Drewshammy,zuljin,575,shaman,elemental,12,6,6
Satup,ragnaros,575,shaman,elemental,12,6,6
Shøckolate,whisperwind,575,shaman,elemental,12,6,6
Thunderfuk,exodar,575,shaman,elemental,12,6,6
Tyzek,illidan,575,shaman,elemental,12,6,6
Wrathantula,thrall,575,shaman,elemental,12,6,6
Moctezumma,area-52,575,shaman,elemental,12,6,6
Skribblez,tichondrius,575,shaman,elemental,12,6,6
Nemei,zuljin,575,shaman,elemental,12,6,6
Apocalypsehb,quelthalas,575,shaman,elemental,12,6,6
Grimitt,suramar,575,shaman,elemental,18,6,12
Ulamøgg,proudmoore,575,shaman,elemental,21,6,15
Chanintotem,shattered-halls,574,shaman,elemental,12,6,6
Jaandar,saurfang,574,shaman,elemental,18,6,12
Thuggliife,frostmourne,573,shaman,elemental,18,6,12
Shanão,nemesis,572,shaman,elemental,9,7,2
Totempaul,frostmourne,570,shaman,elemental,18,6,12
Ryudark,stormrage,569,shaman,elemental,24,6,18
Asy,tichondrius,559,shaman,elemental,11,6,5
Hexpresso,sargeras,543,shaman,elemental,11,6,5
Aitex,kelthuzad,543,shaman,elemental,15,7,8
Lumpyshaman,tichondrius,543,shaman,elemental,22,6,16
Lazygemini,illidan,542,shaman,elemental,11,6,5
Thanen,the-scryers,541,shaman,elemental,16,6,10
Sprawl,stormrage,526,shaman,elemental,21,6,15
Døcholliday,zuluhed,521,shaman,elemental,25,7,18
Joysamn,illidan,496,shaman,elemental,7,6,1
Jessafer,undermine,495,shaman,elemental,19,6,13
Shamxrob,sargeras,480,shaman,elemental,6,5,1
Furiousnick,stormrage,480,shaman,elemental,6,5,1
Unbreakable,illidan,480,shaman,elemental,6,5,1
Riptideafk,sargeras,480,shaman,elemental,6,5,1
Axaxaxaxaxax,illidan,480,shaman,elemental,6,5,1
Fenny,proudmoore,480,shaman,elemental,6,5,1
Aléxjonés,emerald-dream,480,shaman,elemental,6,5,1
Shinydiglett,area-52,480,shaman,elemental,6,5,1
Girthbróóks,tichondrius,480,shaman,elemental,6,5,1
Azzula,tichondrius,480,shaman,elemental,6,5,1
Zarktwo,azralon,480,shaman,elemental,11,7,4
Chomolungma,azralon,480,shaman,elemental,12,5,7
Dgshaman,tichondrius,480,shaman,elemental,12,5,7
Shamberheard,kelthuzad,480,shaman,elemental,12,5,7
Largerwang,sargeras,480,shaman,elemental,12,5,7
Scarshamxn,frostmourne,480,shaman,elemental,12,5,7
Nerfmytotemz,frostmourne,480,shaman,elemental,12,5,7
Kissmywalnut,frostmourne,480,shaman,elemental,12,5,7
Xamaquen,azralon,480,shaman,elemental,12,5,7
Awesomeus,barthilas,480,shaman,elemental,12,5,7
Fonsestrelly,emerald-dream,480,shaman,elemental,12,5,7
Shamanzito,ragnaros,480,shaman,elemental,12,5,7
Crooked,saurfang,480,shaman,elemental,12,5,7
Fattizer,sargeras,480,shaman,elemental,12,5,7
Jènova,whisperwind,480,shaman,elemental,12,5,7
Athymus,dragonmaw,480,shaman,elemental,12,5,7
Zenan,stormreaver,480,shaman,elemental,12,5,7
Tipedc,sargeras,480,shaman,elemental,12,5,7
Calygosa,frostmourne,480,shaman,elemental,12,5,7
Hexxercise,area-52,480,shaman,elemental,12,5,7
Junkygreens,proudmoore,480,shaman,elemental,12,5,7
Twistedteas,tichondrius,480,shaman,elemental,12,5,7
Daerönn,azralon,480,shaman,elemental,12,5,7
Rokir,tichondrius,480,shaman,elemental,12,5,7
Shoxz,korgath,480,shaman,elemental,12,5,7
Ferdi,kelthuzad,480,shaman,elemental,12,5,7
Grêgg,area-52,480,shaman,elemental,12,5,7
Tromxd,area-52,480,shaman,elemental,12,5,7
Wobbleshock,tichondrius,480,shaman,elemental,12,5,7
Baern,thrall,480,shaman,elemental,12,5,7
Boodissy,tichondrius,480,shaman,elemental,12,5,7
Sgorr,illidan,480,shaman,elemental,12,5,7
Bigburstyboi,stormrage,480,shaman,elemental,12,5,7
Yssyyds,illidan,480,shaman,elemental,12,5,7
Thadx,illidan,480,shaman,elemental,12,5,7
Flukz,nazjatar,480,shaman,elemental,12,5,7
Shamyuna,dalaran,480,shaman,elemental,12,5,7
Zeebouzy,illidan,480,shaman,elemental,12,5,7
Fluupy,illidan,480,shaman,elemental,12,5,7
Trickytotems,stormrage,480,shaman,elemental,12,5,7
Oingo,destromath,480,shaman,elemental,12,5,7
Ccexy,tichondrius,480,shaman,elemental,12,5,7
Flamestrife,illidan,480,shaman,elemental,12,5,7
Jaedrick,chogall,480,shaman,elemental,12,5,7
Wempa,moon-guard,480,shaman,elemental,12,5,7
Slumpinator,tichondrius,480,shaman,elemental,12,5,7
Flamelink,tichondrius,480,shaman,elemental,20,6,14
Kyrels,barthilas,480,shaman,elemental,17,5,12
Dwârf,tichondrius,480,shaman,elemental,18,5,13
Golemagg,frostmourne,480,shaman,elemental,18,5,13
Blakki,barthilas,480,shaman,elemental,18,5,13
Thxndxr,tichondrius,480,shaman,elemental,18,5,13
Helapoon,area-52,480,shaman,elemental,18,5,13
Firesurge,sargeras,480,shaman,elemental,18,5,13
Advìl,area-52,480,shaman,elemental,18,5,13
Birdizdawerd,shuhalo,480,shaman,elemental,18,5,13
Oré,wyrmrest-accord,480,shaman,elemental,18,5,13
Arialial,hyjal,480,shaman,elemental,18,5,13
Vjeze,frostmourne,480,shaman,elemental,24,5,19
Zevelynne,wyrmrest-accord,480,shaman,elemental,24,5,19
Bigstormz,fenris,480,shaman,elemental,24,5,19
Killdeaderer,barthilas,479,shaman,elemental,6,5,1
Virô,sargeras,479,shaman,elemental,6,5,1
Carrbide,malganis,479,shaman,elemental,12,5,7
Sparkyy,kelthuzad,479,shaman,elemental,12,5,7
Shifushaman,the-forgotten-coast,479,shaman,elemental,18,5,13
Olthorson,kelthuzad,479,shaman,elemental,18,5,13
Doughboy,khadgar,478,shaman,elemental,14,6,8
Talraviebor,stormrage,478,shaman,elemental,12,5,7
Kimchimi,tichondrius,475,shaman,elemental,12,5,7
Juanisan,stormrage,475,shaman,elemental,19,5,14
Gazzak,dragonmaw,472,shaman,elemental,25,5,20
Eleshamanz,tichondrius,463,shaman,elemental,11,5,6
Tulwah,shadowmoon,447,shaman,elemental,11,6,5
Slogre,tichondrius,447,shaman,elemental,11,5,6
Ramonsanchez,ragnaros,446,shaman,elemental,22,5,17
Bigbadbolt,malganis,431,shaman,elemental,11,5,6
Vstealer,barthilas,426,shaman,elemental,12,6,6
Fulingyu,moon-guard,426,shaman,elemental,24,6,18
Ognerkish,black-dragonflight,414,shaman,elemental,11,5,6
Ripklanian,blood-furnace,400,shaman,elemental,13,5,8
Ryùko,proudmoore,384,shaman,elemental,6,4,2
Stormagedon,stormscale,384,shaman,elemental,6,4,2
Bodhistorm,kelthuzad,384,shaman,elemental,6,4,2
Blueku,tichondrius,384,shaman,elemental,6,4,2
Simped,bleeding-hollow,384,shaman,elemental,6,4,2
Thorlottie,stormrage,384,shaman,elemental,6,4,2
Smearedbeard,bleeding-hollow,384,shaman,elemental,6,4,2
Babyfacejack,tichondrius,384,shaman,elemental,6,4,2
Boøsty,bleeding-hollow,384,shaman,elemental,6,4,2
Wolfgangz,illidan,384,shaman,elemental,6,4,2
Lukora,stonemaul,384,shaman,elemental,6,4,2
Zelinsky,sargeras,384,shaman,elemental,6,4,2
Shear,bleeding-hollow,384,shaman,elemental,6,4,2
Yshi,kelthuzad,384,shaman,elemental,6,4,2
Stormnala,zuljin,384,shaman,elemental,6,4,2
Flêùrs,zuljin,384,shaman,elemental,6,4,2
Drcopafeel,stormrage,384,shaman,elemental,6,4,2
Shammyqua,tichondrius,384,shaman,elemental,6,4,2
Meatballman,malganis,384,shaman,elemental,6,4,2
Dingfu,sargeras,384,shaman,elemental,6,4,2
Zezlek,malganis,384,shaman,elemental,6,4,2
Wodgodx,sargeras,384,shaman,elemental,6,4,2
ßøn,altar-of-storms,384,shaman,elemental,6,4,2
Greensween,thrall,384,shaman,elemental,6,4,2
Ktom,runetotem,384,shaman,elemental,6,4,2
Thunderbudx,malganis,384,shaman,elemental,6,4,2
Redlyre,amanthul,384,shaman,elemental,6,4,2
Seraøth,area-52,384,shaman,elemental,6,4,2
Boogiefever,area-52,384,shaman,elemental,6,4,2
Kranif,tichondrius,384,shaman,elemental,6,4,2
Malgician,proudmoore,384,shaman,elemental,6,4,2
Enil,kiljaeden,384,shaman,elemental,6,4,2
Hulan,tichondrius,384,shaman,elemental,6,4,2
Bigspaghetti,thrall,384,shaman,elemental,6,4,2
Nerfele,tichondrius,384,shaman,elemental,6,4,2
Joè,stormrage,384,shaman,elemental,6,4,2
Rayjamalblk,tichondrius,384,shaman,elemental,6,4,2
Nyroh,zuljin,384,shaman,elemental,6,4,2
Dragaru,illidan,384,shaman,elemental,6,4,2
Mistyshamy,sargeras,384,shaman,elemental,6,4,2
Checkmâte,emerald-dream,384,shaman,elemental,6,4,2
Terapatrik,area-52,384,shaman,elemental,6,4,2
Zarynth,moon-guard,384,shaman,elemental,6,4,2
Badshock,area-52,384,shaman,elemental,6,4,2
Stormflow,dalaran,384,shaman,elemental,6,4,2
Elebro,emerald-dream,384,shaman,elemental,6,4,2
Riicc,stormrage,384,shaman,elemental,6,4,2
Mniteshyaman,barthilas,384,shaman,elemental,6,4,2
Doublezugs,illidan,384,shaman,elemental,6,4,2
Synkrona,tichondrius,384,shaman,elemental,6,4,2
Zappithorus,stormrage,384,shaman,elemental,6,4,2
Evolutionist,tichondrius,384,shaman,elemental,6,4,2
Møsh,emerald-dream,384,shaman,elemental,6,4,2
Semnicktotem,area-52,384,shaman,elemental,6,4,2
Trickyjf,dalaran,384,shaman,elemental,6,4,2
Meatballbag,thrall,384,shaman,elemental,6,4,2
Dutt,moon-guard,384,shaman,elemental,6,4,2
Jungsa,tichondrius,384,shaman,elemental,6,4,2
Ryuubi,illidan,384,shaman,elemental,6,4,2
Irou,drenden,384,shaman,elemental,6,4,2
Clamson,tichondrius,384,shaman,elemental,6,4,2
Munchies,madoran,384,shaman,elemental,6,4,2
Super,azshara,384,shaman,elemental,14,5,9
Yukishock,illidan,384,shaman,elemental,12,4,8
Ekuku,tichondrius,384,shaman,elemental,12,4,8
Grwarf,korgath,384,shaman,elemental,12,4,8
Ayatsu,thrall,384,shaman,elemental,12,4,8
Jhivone,tichondrius,384,shaman,elemental,12,4,8
Belgrom,tichondrius,384,shaman,elemental,12,4,8
Oohkillemm,silvermoon,384,shaman,elemental,12,4,8
Fatherrtime,illidan,384,shaman,elemental,12,4,8
Shrektar,cenarius,384,shaman,elemental,12,4,8
Trlesa,goldrinn,384,shaman,elemental,12,4,8
Fouroclock,drakthul,384,shaman,elemental,12,4,8
Naweiv,caelestrasz,384,shaman,elemental,12,4,8
Sharmut,bleeding-hollow,384,shaman,elemental,12,4,8
Rudoboy,ragnaros,384,shaman,elemental,12,4,8
Elementstorm,shandris,384,shaman,elemental,12,4,8
Popipi,kelthuzad,384,shaman,elemental,12,4,8
Sin,bleeding-hollow,384,shaman,elemental,12,4,8
Tacotastic,malganis,384,shaman,elemental,12,4,8
Likeslava,tichondrius,384,shaman,elemental,12,4,8
Kushnations,chogall,384,shaman,elemental,12,4,8
Sjostrom,proudmoore,384,shaman,elemental,12,4,8
Dromus,dalvengyr,384,shaman,elemental,12,4,8
Arcthicc,kiljaeden,384,shaman,elemental,12,4,8
Zizö,barthilas,384,shaman,elemental,12,4,8
Manitbaggins,earthen-ring,384,shaman,elemental,12,4,8
Natorr,dalaran,384,shaman,elemental,12,4,8
Rosettee,stormrage,384,shaman,elemental,12,4,8
Anahvee,moon-guard,384,shaman,elemental,12,4,8
Gomaliquida,quelthalas,384,shaman,elemental,12,4,8
Shaoscara,stormrage,384,shaman,elemental,16,5,11
Cannonshot,tichondrius,384,shaman,elemental,13,4,9
Stòrmbreaker,korgath,384,shaman,elemental,18,4,14
Rotbladeqt,tichondrius,384,shaman,elemental,18,4,14
Rickin,hyjal,384,shaman,elemental,18,4,14
Bigzappa,thrall,384,shaman,elemental,24,4,20
Cuallo,stormrage,383,shaman,elemental,6,4,2
Waller,duskwood,383,shaman,elemental,6,4,2
Amonamarth,tichondrius,383,shaman,elemental,6,4,2
Machalo,sargeras,383,shaman,elemental,12,4,8
Azlogar,ragnaros,383,shaman,elemental,12,4,8
Enroks,greymane,383,shaman,elemental,12,4,8
Camltotem,tichondrius,382,shaman,elemental,12,5,7
Roxastir,shattered-halls,382,shaman,elemental,12,4,8
Stórmfuryz,tichondrius,382,shaman,elemental,12,4,8
Shk,illidan,351,shaman,elemental,11,4,7
Shockindataz,tichondrius,351,shaman,elemental,11,4,7
Råys,turalyon,350,shaman,elemental,11,4,7
Stormfronts,kelthuzad,336,shaman,elemental,9,4,5
Trashaman,garona,336,shaman,elemental,9,4,5
Nondracil,ragnaros,336,shaman,elemental,14,4,10
Taraneh,garrosh,325,shaman,elemental,15,5,10
Ínfected,azralon,320,shaman,elemental,10,4,6
Shmaybuh,malganis,320,shaman,elemental,10,4,6
Shup,chogall,319,shaman,elemental,5,4,1
Mattzander,kiljaeden,319,shaman,elemental,14,4,10
Charr,nemesis,304,shaman,elemental,7,4,3
Tsunamibrew,moon-guard,302,shaman,elemental,9,4,5
Chakkusando,barthilas,288,shaman,elemental,6,3,3
Meatcannon,emerald-dream,288,shaman,elemental,6,3,3
Shàman,durotan,288,shaman,elemental,6,3,3
Mønønøke,tichondrius,288,shaman,elemental,6,3,3
Fobb,area-52,288,shaman,elemental,6,3,3
Vibration,akama,288,shaman,elemental,6,3,3
Blitzxkrigtv,tichondrius,288,shaman,elemental,6,3,3
Floon,barthilas,288,shaman,elemental,6,3,3
Dì,barthilas,288,shaman,elemental,6,3,3
Exsh,area-52,288,shaman,elemental,6,3,3
Cøffee,area-52,288,shaman,elemental,6,3,3
Hedeadx,illidan,288,shaman,elemental,6,3,3
Daiablo,barthilas,288,shaman,elemental,6,3,3
Altryn,shuhalo,288,shaman,elemental,6,3,3
Doop,kiljaeden,288,shaman,elemental,6,3,3
Elereeper,area-52,288,shaman,elemental,6,3,3
Xyaz,illidan,288,shaman,elemental,6,3,3
Ioki,spirestone,288,shaman,elemental,6,3,3
Vaypers,korgath,288,shaman,elemental,6,3,3
Crue,illidan,288,shaman,elemental,6,3,3
Blaydin,elune,288,shaman,elemental,6,3,3
Moosk,zuluhed,288,shaman,elemental,6,3,3
Applicable,tichondrius,288,shaman,elemental,6,3,3
Trenhance,stormrage,288,shaman,elemental,6,3,3
Scrötotem,saurfang,288,shaman,elemental,6,3,3
Mackandal,tichondrius,288,shaman,elemental,6,3,3
Shajay,area-52,288,shaman,elemental,6,3,3
Gankasaurrex,tichondrius,288,shaman,elemental,6,3,3
Healingtime,nerzhul,288,shaman,elemental,6,3,3
Axshaman,darkspear,288,shaman,elemental,6,3,3
Dikedwarf,burning-blade,288,shaman,elemental,6,3,3
Picapiedra,blackrock,288,shaman,elemental,6,3,3
Talfur,area-52,288,shaman,elemental,6,3,3
Wabiex,illidan,288,shaman,elemental,6,3,3
Rezkén,shadowmoon,288,shaman,elemental,6,3,3
Ssaotizi,tichondrius,288,shaman,elemental,6,3,3
Groink,kiljaeden,288,shaman,elemental,6,3,3
Vozi,magtheridon,288,shaman,elemental,6,3,3
Bizle,jaedenar,288,shaman,elemental,6,3,3
Frenchy,hyjal,288,shaman,elemental,6,3,3
Sunyang,tichondrius,288,shaman,elemental,6,3,3
Aerôv,area-52,288,shaman,elemental,6,3,3
Garalath,bleeding-hollow,288,shaman,elemental,6,3,3
Atokirina,drakkari,288,shaman,elemental,6,3,3
Roostershama,tichondrius,288,shaman,elemental,6,3,3
Hmoobpride,frostmourne,288,shaman,elemental,6,3,3
Sylierria,frostmourne,288,shaman,elemental,6,3,3
Shøk,kaelthas,288,shaman,elemental,6,3,3
Kwanni,moon-guard,288,shaman,elemental,6,3,3
Gödöfbüdå,tichondrius,288,shaman,elemental,6,3,3
Arckos,thrall,288,shaman,elemental,6,3,3
Headshake,malganis,288,shaman,elemental,6,3,3
Shadeele,cenarius,288,shaman,elemental,6,3,3
Shamtactic,thrall,288,shaman,elemental,6,3,3
Kurzee,kelthuzad,288,shaman,elemental,6,3,3
Éarl,sargeras,288,shaman,elemental,6,3,3
Corneador,ragnaros,288,shaman,elemental,6,3,3
Wordssham,tichondrius,288,shaman,elemental,6,3,3
Iloverina,stormrage,288,shaman,elemental,6,3,3
Shimta,kiljaeden,288,shaman,elemental,6,3,3
Fluffyhex,sargeras,288,shaman,elemental,6,3,3
Dazu,drakkari,288,shaman,elemental,6,3,3
Häzel,nerzhul,288,shaman,elemental,6,3,3
Bigdumb,blackrock,288,shaman,elemental,6,3,3
Jurafxdqt,malganis,288,shaman,elemental,6,3,3
Qoz,turalyon,288,shaman,elemental,6,3,3
Feagin,dragonmaw,288,shaman,elemental,6,3,3
Jamsham,tichondrius,288,shaman,elemental,6,3,3
Niarkx,frostmourne,288,shaman,elemental,6,3,3
Bolteon,malganis,288,shaman,elemental,6,3,3
Passion,sargeras,288,shaman,elemental,6,3,3
Earthspeaker,bleeding-hollow,288,shaman,elemental,6,3,3
Shamanlordi,wyrmrest-accord,288,shaman,elemental,6,3,3
Oxforcefairy,tichondrius,288,shaman,elemental,6,3,3
Raiden,gorgonnash,288,shaman,elemental,6,3,3
Tahz,wyrmrest-accord,288,shaman,elemental,6,3,3
Tethai,moon-guard,288,shaman,elemental,6,3,3
Tokelahoma,stormrage,288,shaman,elemental,6,3,3
Neesta,ragnaros,288,shaman,elemental,6,3,3
Earthfurÿ,quelthalas,288,shaman,elemental,6,3,3
Êdge,quelthalas,288,shaman,elemental,6,3,3
Thrallfanboy,zuljin,288,shaman,elemental,6,3,3
Improvize,malganis,288,shaman,elemental,6,3,3
Zozø,zuljin,288,shaman,elemental,6,3,3
Thelphor,nemesis,288,shaman,elemental,6,3,3
Jorlaug,wyrmrest-accord,288,shaman,elemental,6,3,3
Bens,malganis,288,shaman,elemental,6,3,3
Spacemilk,stormrage,288,shaman,elemental,6,3,3
Aquillez,nemesis,288,shaman,elemental,6,3,3
Angelbie,tichondrius,288,shaman,elemental,9,4,5
Grimnur,bleeding-hollow,288,shaman,elemental,11,3,8
Archaic,malygos,288,shaman,elemental,12,3,9
Healsquish,area-52,288,shaman,elemental,12,3,9
Tawahka,hyjal,288,shaman,elemental,12,3,9
Sunkist,whisperwind,288,shaman,elemental,12,3,9
Winiethepoöh,stormrage,288,shaman,elemental,12,3,9
Bloodytotemz,emerald-dream,288,shaman,elemental,12,3,9
Zaekaro,sisters-of-elune,288,shaman,elemental,12,3,9
Lhejyr,garona,288,shaman,elemental,12,3,9
Bitflip,jubeithos,288,shaman,elemental,12,3,9
Emptee,area-52,288,shaman,elemental,12,3,9
Taquitho,quelthalas,288,shaman,elemental,12,3,9
Cerebov,kelthuzad,288,shaman,elemental,12,3,9
Noobkinxzx,kelthuzad,288,shaman,elemental,12,3,9
Stoutbrew,jubeithos,288,shaman,elemental,12,3,9
Villainousx,illidan,288,shaman,elemental,12,3,9
Internnet,sargeras,288,shaman,elemental,12,3,9
Sumyl,ragnaros,288,shaman,elemental,12,3,9
Juicemcroose,zuljin,288,shaman,elemental,12,3,9
Honix,area-52,288,shaman,elemental,12,3,9
Malgrave,ragnaros,288,shaman,elemental,12,3,9
Frakk,silvermoon,288,shaman,elemental,12,3,9
Pandadude,stormrage,288,shaman,elemental,12,3,9
Shoxnproc,illidan,288,shaman,elemental,12,3,9
Greypickle,barthilas,288,shaman,elemental,12,3,9
Onicharm,frostmourne,288,shaman,elemental,12,3,9
Stormklepter,fizzcrank,288,shaman,elemental,12,3,9
Ragnartolex,ragnaros,288,shaman,elemental,12,3,9
Selexi,skywall,288,shaman,elemental,12,3,9
Rìddles,malygos,288,shaman,elemental,18,3,15
Strikzjr,frostmourne,287,shaman,elemental,6,3,3
Uggbootz,amanthul,287,shaman,elemental,6,3,3
Arakye,stormrage,287,shaman,elemental,6,3,3
Hartephinar,kul-tiras,287,shaman,elemental,6,3,3
Trabolta,hyjal,287,shaman,elemental,12,3,9
Slåpntickle,darkspear,287,shaman,elemental,12,3,9
Balrog,vashj,287,shaman,elemental,12,3,9
Awakarn,emerald-dream,287,shaman,elemental,24,4,20
Cropdustr,sargeras,286,shaman,elemental,6,3,3
Hannibol,tichondrius,255,shaman,elemental,11,3,8
Lulers,cenarius,255,shaman,elemental,17,3,14
Oxxnabatko,amanthul,240,shaman,elemental,9,3,6
Gurdle,frostwolf,240,shaman,elemental,9,3,6
Liamus,amanthul,239,shaman,elemental,5,3,2
Rîggs,wyrmrest-accord,239,shaman,elemental,5,3,2
Spunjie,frostmourne,239,shaman,elemental,5,3,2
Nikeshocks,detheroc,239,shaman,elemental,5,3,2
Thormenthos,ragnaros,239,shaman,elemental,21,3,18
Pepsy,frostmourne,192,shaman,elemental,9,3,6
Rokhnar,zuljin,192,shaman,elemental,6,2,4
Trizzeh,moon-guard,192,shaman,elemental,6,2,4
Rinjio,zuljin,192,shaman,elemental,6,2,4
Åint,bleeding-hollow,192,shaman,elemental,6,2,4
Oppaswag,tichondrius,192,shaman,elemental,6,2,4
Vanmaichet,azshara,192,shaman,elemental,6,2,4
Blastj,tichondrius,192,shaman,elemental,6,2,4
Jxseph,bleeding-hollow,192,shaman,elemental,6,2,4
Conorfotm,tichondrius,192,shaman,elemental,6,2,4
Taekhala,moon-guard,192,shaman,elemental,6,2,4
Celestiart,tichondrius,192,shaman,elemental,6,2,4
Maddasf,tichondrius,192,shaman,elemental,6,2,4
Hardheal,drakkari,192,shaman,elemental,6,2,4
Britisy,stormrage,192,shaman,elemental,6,2,4
Hooftoface,moon-guard,192,shaman,elemental,6,2,4
Praisegodx,stormrage,192,shaman,elemental,6,2,4
Burninmôöna,tichondrius,192,shaman,elemental,6,2,4
Piffzorz,tichondrius,192,shaman,elemental,6,2,4
Shamsky,tichondrius,192,shaman,elemental,6,2,4
Quakestorm,stormrage,192,shaman,elemental,6,2,4
Gorillox,chogall,192,shaman,elemental,6,2,4
Whitecake,frostmourne,192,shaman,elemental,6,2,4
Drupman,dalaran,192,shaman,elemental,6,2,4
Dedlystorm,dalaran,192,shaman,elemental,6,2,4
Tartar,lightbringer,192,shaman,elemental,6,2,4
Colberton,dalaran,192,shaman,elemental,6,2,4
Ragnavar,dalaran,192,shaman,elemental,6,2,4
Deathmaker,tichondrius,192,shaman,elemental,6,2,4
Nesessities,windrunner,192,shaman,elemental,6,2,4
Yangsangchu,tichondrius,192,shaman,elemental,6,2,4
Matzahmeal,skywall,192,shaman,elemental,6,2,4
Kooii,illidan,192,shaman,elemental,6,2,4
Shamantimes,ragnaros,192,shaman,elemental,6,2,4
Heniu,tichondrius,192,shaman,elemental,6,2,4
Alleys,tichondrius,192,shaman,elemental,6,2,4
Ililiiïiili,tichondrius,192,shaman,elemental,6,2,4
Eekumbokum,bleeding-hollow,192,shaman,elemental,6,2,4
Hruggol,bleeding-hollow,192,shaman,elemental,6,2,4
Wrestleman,drakthul,192,shaman,elemental,6,2,4
Zeusblaster,illidan,192,shaman,elemental,6,2,4
Xamaca,ragnaros,192,shaman,elemental,6,2,4
Elîas,tichondrius,192,shaman,elemental,6,2,4
Flappygooch,illidan,192,shaman,elemental,6,2,4
Messiahz,illidan,192,shaman,elemental,6,2,4
Chadious,illidan,192,shaman,elemental,6,2,4
Killtotem,illidan,192,shaman,elemental,6,2,4
Zugharder,illidan,192,shaman,elemental,6,2,4
Shockbot,stormscale,192,shaman,elemental,6,2,4
Shockt,wyrmrest-accord,192,shaman,elemental,6,2,4
Plasticity,spirestone,192,shaman,elemental,6,2,4
Doomberrie,thrall,192,shaman,elemental,6,2,4
Yellowfev,thrall,192,shaman,elemental,6,2,4
Daxetan,area-52,192,shaman,elemental,6,2,4
Naextramus,ragnaros,192,shaman,elemental,6,2,4
Funeropolis,stormrage,192,shaman,elemental,6,2,4
Goblarnit,gorefiend,192,shaman,elemental,6,2,4
Grandmaster,frostmourne,192,shaman,elemental,6,2,4
Artnatu,nemesis,192,shaman,elemental,6,2,4
Krilick,blackrock,192,shaman,elemental,6,2,4
Blaiserpub,tichondrius,192,shaman,elemental,6,2,4
Nevershockx,kirin-tor,192,shaman,elemental,6,2,4
Ahwahsahdood,stormreaver,192,shaman,elemental,6,2,4
Lastplace,blackrock,192,shaman,elemental,6,2,4
Shåmwowz,sargeras,192,shaman,elemental,6,2,4
Endry,korgath,192,shaman,elemental,6,2,4
Noether,sargeras,192,shaman,elemental,6,2,4
Stickshaman,sargeras,192,shaman,elemental,6,2,4
Tiluchi,quelthalas,192,shaman,elemental,6,2,4
Stargun,korgath,192,shaman,elemental,6,2,4
Oriyani,sargeras,192,shaman,elemental,6,2,4
Murlook,sargeras,192,shaman,elemental,6,2,4
Saltywap,proudmoore,192,shaman,elemental,6,2,4
Thormzz,tichondrius,192,shaman,elemental,6,2,4
Nawoma,quelthalas,192,shaman,elemental,6,2,4
Vööbrew,illidan,192,shaman,elemental,6,2,4
Yorven,malganis,192,shaman,elemental,6,2,4
Thunderlash,illidan,192,shaman,elemental,6,2,4
Ric,malganis,192,shaman,elemental,6,2,4
Ladash,ragnaros,192,shaman,elemental,6,2,4
Dahliamurder,the-underbog,192,shaman,elemental,6,2,4
Whodat,jaedenar,192,shaman,elemental,6,2,4
Maiven,frostmourne,192,shaman,elemental,6,2,4
Zeldrys,emerald-dream,192,shaman,elemental,6,2,4
Kanbar,emerald-dream,192,shaman,elemental,6,2,4
Elements,frostmourne,192,shaman,elemental,6,2,4
Stormysteve,hyjal,192,shaman,elemental,6,2,4
Robdaman,tichondrius,192,shaman,elemental,6,2,4
Kayzee,malganis,192,shaman,elemental,6,2,4
Sid,frostmourne,192,shaman,elemental,6,2,4
Elementin,kelthuzad,192,shaman,elemental,6,2,4
Imortallityx,azralon,192,shaman,elemental,6,2,4
Hughwang,kelthuzad,192,shaman,elemental,6,2,4
Drünk,hyjal,192,shaman,elemental,6,2,4
Jygz,destromath,192,shaman,elemental,6,2,4
Redbulls,azralon,192,shaman,elemental,6,2,4
Snoocher,kelthuzad,192,shaman,elemental,6,2,4
Dantheman,twisting-nether,192,shaman,elemental,6,2,4
Wizzdóm,frostmourne,192,shaman,elemental,6,2,4
Shablam,daggerspine,192,shaman,elemental,6,2,4
Jbahr,hyjal,192,shaman,elemental,6,2,4
Toobeastly,deathwing,192,shaman,elemental,6,2,4
Boogg,kelthuzad,192,shaman,elemental,6,2,4
Puntress,barthilas,192,shaman,elemental,6,2,4
Fromundcheez,kelthuzad,192,shaman,elemental,6,2,4
Stoneforged,area-52,192,shaman,elemental,6,2,4
Pyroxten,area-52,192,shaman,elemental,6,2,4
Niian,skullcrusher,192,shaman,elemental,6,2,4
Hekili,akama,192,shaman,elemental,6,2,4
Nosai,tichondrius,192,shaman,elemental,6,2,4
Zaxibow,area-52,192,shaman,elemental,6,2,4
Zuroster,kiljaeden,192,shaman,elemental,7,2,5
Fluffy,smolderthorn,192,shaman,elemental,12,2,10
Jedley,azshara,192,shaman,elemental,12,2,10
Mega,azralon,192,shaman,elemental,12,2,10
Teathin,ragnaros,192,shaman,elemental,12,2,10
Electrïck,tichondrius,192,shaman,elemental,12,2,10
Miane,tichondrius,192,shaman,elemental,12,2,10
Gaboola,tichondrius,192,shaman,elemental,12,2,10
Jazzblast,tichondrius,192,shaman,elemental,12,2,10
Harrìson,tichondrius,192,shaman,elemental,12,2,10
Azl,guldan,192,shaman,elemental,13,2,11
Anzul,runetotem,192,shaman,elemental,18,2,16
Telryndas,hyjal,192,shaman,elemental,18,2,16
Hakaskry,caelestrasz,191,shaman,elemental,12,2,10
Kawixxi,ysondre,159,shaman,elemental,5,2,3
Mentàl,baelgun,159,shaman,elemental,5,2,3
Hazzardttvz,illidan,159,shaman,elemental,5,2,3
Grymshaman,wyrmrest-accord,159,shaman,elemental,5,2,3
Kkshaman,frostmourne,159,shaman,elemental,5,2,3
Taò,tichondrius,159,shaman,elemental,5,2,3
Kidkovid,illidan,159,shaman,elemental,17,2,15
Noslol,bronzebeard,138,shaman,elemental,9,3,6
Uracemytotem,kiljaeden,138,shaman,elemental,10,3,7
Mynigabob,zuljin,128,shaman,elemental,4,2,2
Kaaying,tichondrius,128,shaman,elemental,4,2,2
Rahloo,sargeras,127,shaman,elemental,8,2,6
Cathxy,kelthuzad,96,shaman,elemental,6,1,5
Toxidizetkö,azralon,96,shaman,elemental,6,1,5
Oldshammy,eldrethalas,96,shaman,elemental,6,1,5
Ggsggs,akama,96,shaman,elemental,6,1,5
Hexondabeach,barthilas,96,shaman,elemental,6,1,5
Mdawwg,kelthuzad,96,shaman,elemental,6,1,5
Orruddon,thaurissan,96,shaman,elemental,6,1,5
Succies,emerald-dream,96,shaman,elemental,6,1,5
Firtog,emerald-dream,96,shaman,elemental,6,1,5
Flexi,senjin,96,shaman,elemental,6,1,5
Snowzy,icecrown,96,shaman,elemental,6,1,5
Thunderbudx,stonemaul,96,shaman,elemental,6,1,5
Detair,malganis,96,shaman,elemental,6,1,5
Aegaeonlol,tichondrius,96,shaman,elemental,6,1,5
Thunderforge,azralon,96,shaman,elemental,6,1,5
Miptide,saurfang,96,shaman,elemental,6,1,5
Gontwia,black-dragonflight,96,shaman,elemental,6,1,5
Zral,emerald-dream,96,shaman,elemental,6,1,5
Macdab,malganis,96,shaman,elemental,6,1,5
Bouje,frostmourne,96,shaman,elemental,6,1,5
Dwarfdead,nemesis,96,shaman,elemental,6,1,5
Hatemønger,medivh,96,shaman,elemental,6,1,5
Zhakrö,ragnaros,96,shaman,elemental,6,1,5
Iightningrod,area-52,96,shaman,elemental,6,1,5
Drmn,frostmourne,96,shaman,elemental,6,1,5
Youngmulakek,area-52,96,shaman,elemental,6,1,5
Mugiwára,ragnaros,96,shaman,elemental,6,1,5
Obiwonsamdi,illidan,96,shaman,elemental,6,1,5
Bowén,frostmourne,96,shaman,elemental,6,1,5
Oakshield,darkspear,96,shaman,elemental,6,1,5
Sinsar,illidan,96,shaman,elemental,6,1,5
Bullcowsby,darkspear,96,shaman,elemental,6,1,5
Ravaburst,sargeras,96,shaman,elemental,6,1,5
Minecraftboy,frostmourne,96,shaman,elemental,6,1,5
Myleyana,darkspear,96,shaman,elemental,6,1,5
Thoonder,kiljaeden,96,shaman,elemental,6,1,5
Crigga,dalaran,96,shaman,elemental,6,1,5
Machingunele,aggramar,96,shaman,elemental,6,1,5
Kobecoopper,sargeras,96,shaman,elemental,6,1,5
Buckshott,chogall,96,shaman,elemental,6,1,5
Polinoo,drakkari,96,shaman,elemental,6,1,5
Vulkhan,silvermoon,96,shaman,elemental,6,1,5
Keláia,quelthalas,96,shaman,elemental,6,1,5
Seanie,bleeding-hollow,96,shaman,elemental,6,1,5
Saltys,bleeding-hollow,96,shaman,elemental,6,1,5
Staticshok,moon-guard,96,shaman,elemental,6,1,5
Ensha,area-52,96,shaman,elemental,6,1,5
Torgah,tichondrius,96,shaman,elemental,6,1,5
Gan,silvermoon,96,shaman,elemental,6,1,5
Stoníe,tichondrius,96,shaman,elemental,6,1,5
Konakk,area-52,96,shaman,elemental,6,1,5
Thorni,nagrand,96,shaman,elemental,6,1,5
Mcshockturds,tichondrius,96,shaman,elemental,6,1,5
Macdiesel,tichondrius,96,shaman,elemental,6,1,5
Dezanu,daggerspine,96,shaman,elemental,6,1,5
Winebag,tichondrius,96,shaman,elemental,6,1,5
Bluntboy,zuljin,96,shaman,elemental,6,1,5
Zorgen,anvilmar,96,shaman,elemental,6,1,5
Ludacrìtz,stormrage,96,shaman,elemental,6,1,5
Kazragøre,cairne,96,shaman,elemental,6,1,5
Jovensangre,thrall,96,shaman,elemental,12,1,11
Touchmytots,shandris,96,shaman,elemental,12,1,11
Staticshock,darkspear,96,shaman,elemental,12,1,11
Docadams,chogall,79,shaman,elemental,5,1,4
Pitaevergree,emerald-dream,79,shaman,elemental,5,1,4
Aiyinsitan,illidan,79,shaman,elemental,5,1,4
Necrolords,tichondrius,79,shaman,elemental,5,1,4
Mcstop,tanaris,64,shaman,elemental,4,1,3
Aricer,proudmoore,48,shaman,elemental,3,1,2
Hentaistorm,kiljaeden,48,shaman,elemental,3,1,2
Keyarga,ravencrest,42,shaman,elemental,11,2,9
Atmospheric,frostmourne,31,shaman,elemental,2,1,1
Hothouse,malganis,31,shaman,elemental,2,1,1
Djskinflute,bleeding-hollow,16,shaman,elemental,1,1,0
Elementium,azshara,16,shaman,elemental,1,1,0
Parapluïe,anetheron,16,shaman,elemental,1,1,0
Jumoma,thrall,16,shaman,elemental,1,1,0
Aýanokoji,tichondrius,2297,shaman,enhancement,197,107,90
Vanhalestorm,frostmourne,2264,shaman,enhancement,106,58,48
Mítsurí,tichondrius,2244,shaman,enhancement,210,109,101
Zarktwo,azralon,2234,shaman,enhancement,195,106,89
Futeboy,tichondrius,2231,shaman,enhancement,105,60,45
Rauthgar,dalaran,2229,shaman,enhancement,132,75,57
Futeuncle,tichondrius,2219,shaman,enhancement,132,70,62
Saul,tichondrius,2218,shaman,enhancement,66,42,24
Smxxn,tichondrius,2200,shaman,enhancement,149,77,72
Swolé,emerald-dream,2184,shaman,enhancement,472,240,232
Musclebrains,tichondrius,2157,shaman,enhancement,108,57,51
Nopnopajnin,tichondrius,2156,shaman,enhancement,142,73,69
Akosilola,area-52,2150,shaman,enhancement,126,77,49
Axegerd,quelthalas,2147,shaman,enhancement,242,132,110
Bøulderfist,tichondrius,2142,shaman,enhancement,120,76,44
Opoy,sargeras,2142,shaman,enhancement,201,112,89
Musclebrain,tichondrius,2139,shaman,enhancement,204,104,100
Xiaoxiboy,tichondrius,2138,shaman,enhancement,84,54,30
Crowns,tichondrius,2136,shaman,enhancement,114,59,55
Skydre,area-52,2131,shaman,enhancement,89,54,35
Bestshamus,sargeras,2130,shaman,enhancement,149,90,59
Tastydonut,blackrock,2129,shaman,enhancement,153,92,61
Windfury,chogall,2129,shaman,enhancement,150,84,66
Peynful,shadowsong,2120,shaman,enhancement,93,59,34
Jazzlightnin,tichondrius,2119,shaman,enhancement,88,50,38
Ftyue,area-52,2116,shaman,enhancement,112,59,53
Taowth,tichondrius,2114,shaman,enhancement,65,35,30
Rawdòggin,emerald-dream,2113,shaman,enhancement,71,45,26
Alleys,tichondrius,2113,shaman,enhancement,255,127,128
ßlessedx,tichondrius,2110,shaman,enhancement,208,132,76
Sarthuul,emerald-dream,2108,shaman,enhancement,102,62,40
Doomwìnds,stormrage,2108,shaman,enhancement,168,93,75
Sswf,auchindoun,2108,shaman,enhancement,66,35,31
Shamsz,frostmourne,2106,shaman,enhancement,72,48,24
Bjorengahr,emerald-dream,2106,shaman,enhancement,107,65,42
Zeroq,tichondrius,2100,shaman,enhancement,120,72,48
Baseballcap,sargeras,2097,shaman,enhancement,102,62,40
Stew,illidan,2093,shaman,enhancement,131,68,63
Musclebrainz,tichondrius,2081,shaman,enhancement,134,66,68
Wetdraenei,moon-guard,2080,shaman,enhancement,283,157,126
Enhancex,frostwolf,2068,shaman,enhancement,110,58,52
Shampoó,jubeithos,2067,shaman,enhancement,60,46,14
Proctopus,moon-guard,2065,shaman,enhancement,310,165,145
Jyupaonaiwa,tichondrius,2060,shaman,enhancement,114,60,54
Shapaman,tichondrius,2055,shaman,enhancement,101,62,39
Realypump,area-52,2046,shaman,enhancement,215,111,104
Windshearbøt,tichondrius,2040,shaman,enhancement,83,51,32
Stormnala,zuljin,2038,shaman,enhancement,258,137,121
Lashandtrash,tichondrius,2037,shaman,enhancement,96,53,43
Spraggabenz,zuljin,2034,shaman,enhancement,83,43,40
Interruptbøt,tichondrius,2033,shaman,enhancement,62,39,23
Greenydapooh,nerzhul,2031,shaman,enhancement,96,61,35
Yejinok,tichondrius,2022,shaman,enhancement,137,80,57
Algresh,muradin,2020,shaman,enhancement,102,51,51
Oosheratchet,illidan,2019,shaman,enhancement,76,51,25
Hizúrú,tichondrius,2019,shaman,enhancement,153,80,73
Tokyofresh,malganis,2018,shaman,enhancement,444,239,205
Lustingchery,area-52,2018,shaman,enhancement,129,66,63
Shakeysham,tichondrius,2017,shaman,enhancement,119,67,52
Enhance,bleeding-hollow,2016,shaman,enhancement,120,65,55
Shylabuffkin,area-52,2015,shaman,enhancement,307,166,141
Sheared,emerald-dream,2013,shaman,enhancement,176,106,70
Lividelement,area-52,2012,shaman,enhancement,126,71,55
Swrdfsh,tichondrius,2007,shaman,enhancement,461,237,224
Crownsx,tichondrius,2005,shaman,enhancement,127,60,67
Shamguards,tichondrius,2004,shaman,enhancement,42,31,11
Thiccsha,moon-guard,2004,shaman,enhancement,108,55,53
Typhe,bleeding-hollow,2001,shaman,enhancement,48,30,18
Shakeys,tichondrius,1997,shaman,enhancement,95,56,39
Gatorwaves,bleeding-hollow,1993,shaman,enhancement,60,36,24
Olxsixsm,illidan,1989,shaman,enhancement,128,79,49
Watergirl,thaurissan,1982,shaman,enhancement,325,167,158
Hallofcost,illidan,1977,shaman,enhancement,162,97,65
Dopeysimida,illidan,1976,shaman,enhancement,92,57,35
Gìmli,tichondrius,1975,shaman,enhancement,71,43,28
Stronghit,tichondrius,1974,shaman,enhancement,72,37,35
Temar,sargeras,1971,shaman,enhancement,191,111,80
Plsnerfret,stormrage,1970,shaman,enhancement,66,44,22
Pizzashaman,illidan,1970,shaman,enhancement,109,64,45
Deemmorti,stormrage,1965,shaman,enhancement,123,78,45
Unezx,tichondrius,1964,shaman,enhancement,102,71,31
Partypurge,malganis,1964,shaman,enhancement,131,80,51
Shk,illidan,1964,shaman,enhancement,66,38,28
Zootywild,tichondrius,1963,shaman,enhancement,123,69,54
Grum,zuljin,1961,shaman,enhancement,48,27,21
Hooluu,frostmourne,1955,shaman,enhancement,92,49,43
Imchuckbass,tichondrius,1954,shaman,enhancement,122,64,58
Balgron,emerald-dream,1949,shaman,enhancement,52,26,26
Lavitris,illidan,1945,shaman,enhancement,84,53,31
Insîdious,thrall,1944,shaman,enhancement,41,30,11
Ohmálley,tichondrius,1944,shaman,enhancement,62,40,22
Dano,tichondrius,1943,shaman,enhancement,184,97,87
Ogeezkush,zuljin,1935,shaman,enhancement,160,93,67
Clasm,tichondrius,1933,shaman,enhancement,72,47,25
Kaediea,moon-guard,1932,shaman,enhancement,36,27,9
Youngmulakek,area-52,1932,shaman,enhancement,182,113,69
Spippippin,illidan,1932,shaman,enhancement,122,61,61
Grommi,proudmoore,1931,shaman,enhancement,586,292,294
Superchief,altar-of-storms,1929,shaman,enhancement,157,85,72
Keyturns,tichondrius,1928,shaman,enhancement,53,34,19
Kinzle,tichondrius,1926,shaman,enhancement,96,45,51
Rozboiclique,frostmourne,1925,shaman,enhancement,162,104,58
Jàro,thrall,1925,shaman,enhancement,78,36,42
Shamangpt,illidan,1924,shaman,enhancement,42,31,11
Ràntòn,bleeding-hollow,1922,shaman,enhancement,83,57,26
Undertów,area-52,1922,shaman,enhancement,72,40,32
Heisna,stormrage,1922,shaman,enhancement,450,239,211
Fwwrs,illidan,1919,shaman,enhancement,79,51,28
Wonima,tichondrius,1919,shaman,enhancement,41,24,17
Boombigshaq,ysera,1914,shaman,enhancement,50,30,20
Beañ,barthilas,1911,shaman,enhancement,715,361,354
Kushnations,chogall,1909,shaman,enhancement,100,50,50
Ballinhance,illidan,1908,shaman,enhancement,60,31,29
Revtide,thrall,1907,shaman,enhancement,90,48,42
Dä,tichondrius,1907,shaman,enhancement,60,32,28
Scaman,tichondrius,1904,shaman,enhancement,24,20,4
Chillpoppin,emerald-dream,1904,shaman,enhancement,42,31,11
Sanyaebalom,area-52,1904,shaman,enhancement,216,117,99
Stormrageman,tichondrius,1903,shaman,enhancement,99,59,40
Jokerxksx,tichondrius,1903,shaman,enhancement,108,64,44
Meataballa,the-underbog,1900,shaman,enhancement,103,60,43
Boboyaga,emerald-dream,1897,shaman,enhancement,100,55,45
Wishsteen,sargeras,1896,shaman,enhancement,66,35,31
Artenior,stormrage,1894,shaman,enhancement,165,84,81
Zarasvati,tichondrius,1894,shaman,enhancement,209,104,105
Kltz,sargeras,1892,shaman,enhancement,81,46,35
Seltz,illidan,1892,shaman,enhancement,36,20,16
Dalianyen,bladefist,1892,shaman,enhancement,170,85,85
Bighomiekang,arthas,1891,shaman,enhancement,84,50,34
Zizö,barthilas,1886,shaman,enhancement,96,64,32
Electrica,quelthalas,1883,shaman,enhancement,102,52,50
Mobi,tichondrius,1882,shaman,enhancement,66,40,26
Meiku,emerald-dream,1882,shaman,enhancement,66,36,30
Deandre,illidan,1880,shaman,enhancement,84,47,37
Bigsquatzy,bleeding-hollow,1880,shaman,enhancement,54,30,24
Konfuzious,emerald-dream,1879,shaman,enhancement,177,100,77
Earlainn,stormrage,1878,shaman,enhancement,126,68,58
Dalthragoz,tichondrius,1877,shaman,enhancement,84,55,29
Speedrush,nagrand,1877,shaman,enhancement,176,105,71
Sasageyo,tichondrius,1877,shaman,enhancement,49,29,20
Xoxoxø,area-52,1877,shaman,enhancement,48,28,20
Legendslayar,area-52,1877,shaman,enhancement,76,44,32
Daysub,crushridge,1877,shaman,enhancement,84,46,38
Ëxceeder,ragnaros,1872,shaman,enhancement,194,107,87
Napski,cenarius,1872,shaman,enhancement,352,175,177
Keyturn,tichondrius,1870,shaman,enhancement,102,47,55
Bodai,magtheridon,1867,shaman,enhancement,72,46,26
Jayhastotems,area-52,1865,shaman,enhancement,114,77,37
Zarrka,tichondrius,1864,shaman,enhancement,36,20,16
Eityhdz,tichondrius,1864,shaman,enhancement,532,271,261
Fròstbolt,area-52,1861,shaman,enhancement,134,83,51
Anadal,kargath,1861,shaman,enhancement,90,46,44
Lavamon,illidan,1860,shaman,enhancement,84,49,35
Krovn,stormrage,1860,shaman,enhancement,78,45,33
Harrypotqueu,zuljin,1860,shaman,enhancement,118,62,56
Shamwik,frostmourne,1858,shaman,enhancement,155,92,63
Shamikazi,crushridge,1857,shaman,enhancement,194,115,79
Taikø,area-52,1856,shaman,enhancement,42,25,17
Pinechanga,ragnaros,1853,shaman,enhancement,102,55,47
Xiaoxiaoxi,tichondrius,1853,shaman,enhancement,76,38,38
Freyía,illidan,1852,shaman,enhancement,36,26,10
Däbü,tichondrius,1850,shaman,enhancement,54,27,27
Mcshockturds,tichondrius,1849,shaman,enhancement,149,85,64
Muisor,quelthalas,1849,shaman,enhancement,100,56,44
Gïrthquake,tichondrius,1849,shaman,enhancement,84,45,39
Ndndurkadurk,malganis,1849,shaman,enhancement,68,34,34
Kamusham,azralon,1848,shaman,enhancement,128,72,56
Çhïcagø,aegwynn,1848,shaman,enhancement,159,81,78
Zeûs,lightbringer,1846,shaman,enhancement,72,41,31
Anzet,ragnaros,1846,shaman,enhancement,54,30,24
Clumzae,dalaran,1845,shaman,enhancement,72,46,26
Nibrax,moknathal,1845,shaman,enhancement,84,45,39
Cowaii,illidan,1844,shaman,enhancement,78,41,37
Landlordxx,area-52,1842,shaman,enhancement,58,35,23
Koalakisses,shadow-council,1842,shaman,enhancement,54,32,22
Teestuh,proudmoore,1840,shaman,enhancement,42,28,14
Faultline,khadgar,1840,shaman,enhancement,93,58,35
Bluntboy,zuljin,1840,shaman,enhancement,247,134,113
Bikboisteez,barthilas,1840,shaman,enhancement,128,66,62
Ishano,area-52,1839,shaman,enhancement,48,23,25
Dcg,hyjal,1838,shaman,enhancement,65,33,32
Krûde,tichondrius,1837,shaman,enhancement,173,105,68
Vulcänyr,quelthalas,1837,shaman,enhancement,60,34,26
Blîzz,ragnaros,1836,shaman,enhancement,54,32,22
Eletastic,tichondrius,1836,shaman,enhancement,78,43,35
Thuntard,bleeding-hollow,1835,shaman,enhancement,66,33,33
Seltherann,tichondrius,1832,shaman,enhancement,72,47,25
Struck,emerald-dream,1831,shaman,enhancement,280,163,117
Blueraccoon,tichondrius,1830,shaman,enhancement,63,38,25
Fujinx,medivh,1826,shaman,enhancement,45,30,15
Nomoreswap,zuljin,1825,shaman,enhancement,54,38,16
Rabbitlol,tichondrius,1825,shaman,enhancement,78,38,40
Kumu,stormscale,1825,shaman,enhancement,70,34,36
Shamanabuser,illidan,1825,shaman,enhancement,60,27,33
Geeblast,area-52,1824,shaman,enhancement,121,73,48
Care,silvermoon,1823,shaman,enhancement,58,36,22
Flabby,lightbringer,1823,shaman,enhancement,54,26,28
Midwestern,emerald-dream,1822,shaman,enhancement,44,26,18
Metako,sargeras,1822,shaman,enhancement,83,47,36
Berxek,tichondrius,1822,shaman,enhancement,72,36,36
Cptnvietnam,zuljin,1821,shaman,enhancement,71,47,24
Gladdorta,azralon,1821,shaman,enhancement,54,30,24
Movemaker,shattered-hand,1820,shaman,enhancement,47,30,17
Conorfotm,tichondrius,1820,shaman,enhancement,52,33,19
Darkcnight,stormrage,1820,shaman,enhancement,99,57,42
Cyclrin,sargeras,1819,shaman,enhancement,30,19,11
Volkuul,zuljin,1819,shaman,enhancement,95,57,38
Whírlwínd,area-52,1818,shaman,enhancement,30,19,11
Valkriie,tichondrius,1818,shaman,enhancement,49,26,23
Léxar,sargeras,1817,shaman,enhancement,72,33,39
Tuugo,mannoroth,1816,shaman,enhancement,53,36,17
Thromjin,ragnaros,1816,shaman,enhancement,95,57,38
Gorgonash,magtheridon,1816,shaman,enhancement,60,33,27
Cunkinator,stormrage,1815,shaman,enhancement,115,74,41
Riptiedx,barthilas,1815,shaman,enhancement,48,29,19
Xakaeri,hyjal,1813,shaman,enhancement,90,50,40
Drakhe,proudmoore,1811,shaman,enhancement,232,128,104
Plebshammy,bleeding-hollow,1811,shaman,enhancement,94,51,43
Failsy,darkspear,1811,shaman,enhancement,42,22,20
Rukagar,barthilas,1811,shaman,enhancement,191,99,92
Nygiants,tichondrius,1810,shaman,enhancement,24,19,5
Squidblitz,illidan,1810,shaman,enhancement,48,31,17
Xibalba,khaz-modan,1810,shaman,enhancement,96,57,39
Iamashaman,malganis,1810,shaman,enhancement,302,154,148
Taowth,area-52,1809,shaman,enhancement,53,27,26
Adalid,thrall,1808,shaman,enhancement,66,46,20
Shakazz,malganis,1806,shaman,enhancement,30,19,11
Hellamental,malganis,1806,shaman,enhancement,90,52,38
Shmnsm,kiljaeden,1806,shaman,enhancement,122,66,56
Sassyx,steamwheedle-cartel,1805,shaman,enhancement,60,32,28
Niuniudada,illidan,1805,shaman,enhancement,84,39,45
Stonetides,tichondrius,1804,shaman,enhancement,36,26,10
Vjeze,frostmourne,1804,shaman,enhancement,62,36,26
Olani,nesingwary,1802,shaman,enhancement,109,60,49
Electricity,tichondrius,1802,shaman,enhancement,138,66,72
Blakki,barthilas,1801,shaman,enhancement,66,40,26
Neuralînk,tichondrius,1801,shaman,enhancement,51,27,24
Riptideafk,sargeras,1800,shaman,enhancement,75,46,29
Vonvulviln,emerald-dream,1798,shaman,enhancement,175,88,87
Onlyshams,dalaran,1796,shaman,enhancement,48,28,20
Thicctotes,tichondrius,1796,shaman,enhancement,108,61,47
Forksin,tichondrius,1793,shaman,enhancement,81,34,47
Leaning,wyrmrest-accord,1792,shaman,enhancement,76,44,32
Dorta,azralon,1792,shaman,enhancement,54,30,24
Rngena,trollbane,1792,shaman,enhancement,42,23,19
Timzero,tichondrius,1791,shaman,enhancement,277,137,140
Soshatsumi,tichondrius,1790,shaman,enhancement,124,67,57
Stewtwo,illidan,1790,shaman,enhancement,51,27,24
Bigboorst,tichondrius,1788,shaman,enhancement,41,25,16
Nonomori,frostmourne,1788,shaman,enhancement,162,87,75
Judgesfotm,bleeding-hollow,1788,shaman,enhancement,165,84,81
Bitsuey,frostmourne,1787,shaman,enhancement,96,55,41
Pingatronx,ragnaros,1786,shaman,enhancement,90,64,26
Doex,thrall,1785,shaman,enhancement,96,52,44
Louiev,bleeding-hollow,1784,shaman,enhancement,60,33,27
Kiddfurious,kelthuzad,1783,shaman,enhancement,174,85,89
Sevare,area-52,1782,shaman,enhancement,69,36,33
Yelpreviewer,dalaran,1780,shaman,enhancement,53,24,29
Slothycrit,emerald-dream,1776,shaman,enhancement,96,53,43
Seltheran,tichondrius,1775,shaman,enhancement,60,41,19
Shocksrus,arthas,1775,shaman,enhancement,88,50,38
Nøname,azshara,1773,shaman,enhancement,444,229,215
Btruez,tichondrius,1773,shaman,enhancement,122,62,60
Meewo,sargeras,1772,shaman,enhancement,42,25,17
Thrallas,frostmourne,1772,shaman,enhancement,66,36,30
Novedz,illidan,1767,shaman,enhancement,62,32,30
Blöw,tichondrius,1763,shaman,enhancement,46,27,19
Dønkx,tichondrius,1763,shaman,enhancement,132,69,63
Addroi,tichondrius,1763,shaman,enhancement,120,55,65
Hexoffnder,zuljin,1761,shaman,enhancement,30,21,9
Bluez,bleeding-hollow,1761,shaman,enhancement,111,58,53
Clappadactyl,frostmourne,1760,shaman,enhancement,374,198,176
Juliojones,trollbane,1759,shaman,enhancement,60,31,29
Wautyriex,area-52,1759,shaman,enhancement,78,37,41
Heavy,ragnaros,1759,shaman,enhancement,149,70,79
Worthquake,illidan,1758,shaman,enhancement,98,55,43
Calliggolv,illidan,1758,shaman,enhancement,99,54,45
Yakora,stormrage,1757,shaman,enhancement,198,107,91
Earthspeaker,bleeding-hollow,1755,shaman,enhancement,42,25,17
Alablast,malganis,1753,shaman,enhancement,71,37,34
Cammeez,area-52,1753,shaman,enhancement,157,79,78
Synivabyatch,eonar,1752,shaman,enhancement,96,55,41
Pahtaklol,tichondrius,1752,shaman,enhancement,80,39,41
Åvarice,shattered-halls,1751,shaman,enhancement,81,35,46
Convolutedx,tichondrius,1750,shaman,enhancement,54,31,23
Zappithorus,stormrage,1748,shaman,enhancement,54,35,19
Àspec,aegwynn,1747,shaman,enhancement,46,28,18
Xaltas,moon-guard,1747,shaman,enhancement,108,65,43
Remi,tichondrius,1747,shaman,enhancement,60,26,34
Kalvishdam,dalaran,1746,shaman,enhancement,36,25,11
Wortwort,tichondrius,1745,shaman,enhancement,147,81,66
Overpowered,korgath,1745,shaman,enhancement,40,21,19
Sockittooya,bleeding-hollow,1742,shaman,enhancement,168,102,66
Melifesham,tichondrius,1742,shaman,enhancement,117,66,51
Sinestario,illidan,1742,shaman,enhancement,220,122,98
Sin,bleeding-hollow,1740,shaman,enhancement,35,19,16
Scherzer,frostwolf,1740,shaman,enhancement,112,60,52
Norlak,antonidas,1739,shaman,enhancement,96,45,51
Mokho,stormrage,1738,shaman,enhancement,72,43,29
Elementalqti,frostmourne,1737,shaman,enhancement,47,30,17
Tactíc,chromaggus,1736,shaman,enhancement,36,22,14
Nøtørious,thrall,1735,shaman,enhancement,24,22,2
Meatgobblerx,blades-edge,1735,shaman,enhancement,36,23,13
Fhenh,proudmoore,1734,shaman,enhancement,161,95,66
Hooftoface,moon-guard,1734,shaman,enhancement,96,49,47
Gorehouse,kiljaeden,1732,shaman,enhancement,98,55,43
Athropos,malganis,1732,shaman,enhancement,48,24,24
Tarazhim,kelthuzad,1731,shaman,enhancement,48,30,18
Akormu,tichondrius,1731,shaman,enhancement,100,62,38
Tandrian,daggerspine,1731,shaman,enhancement,139,70,69
Badshock,tichondrius,1730,shaman,enhancement,24,22,2
Stonetrog,blackrock,1730,shaman,enhancement,30,22,8
Notsamok,area-52,1730,shaman,enhancement,60,34,26
Violat,area-52,1725,shaman,enhancement,42,26,16
Ioiotete,tichondrius,1724,shaman,enhancement,66,37,29
Mumbo,malfurion,1722,shaman,enhancement,88,52,36
Azg,sargeras,1721,shaman,enhancement,30,18,12
Jofstrom,tichondrius,1720,shaman,enhancement,40,30,10
Myalttoon,area-52,1720,shaman,enhancement,36,24,12
Täcti,tichondrius,1720,shaman,enhancement,177,94,83
Flarkology,area-52,1720,shaman,enhancement,60,30,30
Poizele,tichondrius,1717,shaman,enhancement,294,164,130
Madonion,zuljin,1717,shaman,enhancement,84,40,44
Crnosham,area-52,1716,shaman,enhancement,24,19,5
Mindfields,barthilas,1715,shaman,enhancement,217,120,97
Totegoat,nazjatar,1715,shaman,enhancement,182,95,87
Antek,quelthalas,1714,shaman,enhancement,189,104,85
Cwippin,tichondrius,1712,shaman,enhancement,134,77,57
Swapxylee,tichondrius,1709,shaman,enhancement,87,49,38
Murig,bladefist,1707,shaman,enhancement,81,48,33
Plzbuffme,dalaran,1706,shaman,enhancement,148,81,67
Harrìson,tichondrius,1706,shaman,enhancement,53,24,29
Doomberrie,thrall,1705,shaman,enhancement,188,97,91
Jimmhalpert,bronzebeard,1704,shaman,enhancement,42,26,16
Vonnsmallpp,area-52,1704,shaman,enhancement,48,25,23
Aibheit,area-52,1703,shaman,enhancement,36,32,4
Biubiuz,tichondrius,1702,shaman,enhancement,120,70,50
Rexoss,hyjal,1702,shaman,enhancement,186,104,82
Killswitch,bonechewer,1701,shaman,enhancement,72,36,36
Turdfergesen,destromath,1701,shaman,enhancement,114,55,59
Durozu,tichondrius,1701,shaman,enhancement,71,34,37
Deeznuts,the-forgotten-coast,1700,shaman,enhancement,43,24,19
Yucasinmojo,illidan,1700,shaman,enhancement,97,51,46
Torvi,saurfang,1699,shaman,enhancement,54,31,23
Asumo,azralon,1699,shaman,enhancement,187,99,88
Shakerina,azralon,1699,shaman,enhancement,181,90,91
Bbshock,stormrage,1698,shaman,enhancement,90,53,37
Reflexsivx,malganis,1698,shaman,enhancement,84,46,38
Wingshaman,illidan,1698,shaman,enhancement,226,120,106
Vøllttz,azralon,1697,shaman,enhancement,78,48,30
Axelsteel,illidan,1697,shaman,enhancement,48,21,27
Toobeastly,deathwing,1696,shaman,enhancement,87,48,39
Zanderpla,kelthuzad,1695,shaman,enhancement,138,69,69
Chajaa,ragnaros,1694,shaman,enhancement,117,67,50
Tkarfuno,exodar,1694,shaman,enhancement,84,43,41
Rarelinesh,malganis,1693,shaman,enhancement,42,31,11
Miketideson,proudmoore,1693,shaman,enhancement,72,38,34
Goldshîre,tichondrius,1693,shaman,enhancement,48,24,24
Shearx,illidan,1692,shaman,enhancement,93,51,42
Megalithic,moon-guard,1690,shaman,enhancement,66,44,22
Mercó,bleeding-hollow,1690,shaman,enhancement,90,46,44
Dratna,sisters-of-elune,1689,shaman,enhancement,94,56,38
Shamezee,stormreaver,1689,shaman,enhancement,47,22,25
Brëw,tichondrius,1688,shaman,enhancement,82,53,29
Nyckysh,illidan,1688,shaman,enhancement,106,56,50
Hehew,kelthuzad,1686,shaman,enhancement,137,79,58
Deww,sargeras,1685,shaman,enhancement,130,68,62
Justkitettv,stormrage,1684,shaman,enhancement,42,28,14
Rakfnaruk,zuljin,1684,shaman,enhancement,40,26,14
Elefornoobs,area-52,1684,shaman,enhancement,78,47,31
Capershock,sargeras,1683,shaman,enhancement,42,21,21
Gambazzlok,terokkar,1682,shaman,enhancement,75,45,30
Pla,tichondrius,1681,shaman,enhancement,174,97,77
Rêngoku,dalaran,1680,shaman,enhancement,42,30,12
Shinian,tichondrius,1680,shaman,enhancement,100,54,46
Washedupty,illidan,1679,shaman,enhancement,76,44,32
Dilonsham,area-52,1678,shaman,enhancement,44,31,13
Anasyed,emerald-dream,1678,shaman,enhancement,42,24,18
Lagroupie,ragnaros,1675,shaman,enhancement,35,23,12
Shamanees,area-52,1675,shaman,enhancement,213,110,103
Bloudabadee,emerald-dream,1675,shaman,enhancement,60,27,33
Notblack,bleeding-hollow,1674,shaman,enhancement,65,43,22
Silyshamshyt,stormrage,1674,shaman,enhancement,36,23,13
Tyven,tichondrius,1672,shaman,enhancement,100,54,46
Raijû,illidan,1671,shaman,enhancement,42,28,14
Dankthunda,stormrage,1666,shaman,enhancement,168,94,74
Seanan,tichondrius,1665,shaman,enhancement,84,50,34
Egirlshmu,stormrage,1664,shaman,enhancement,60,36,24
Ryuuraix,area-52,1663,shaman,enhancement,33,21,12
ßaconator,illidan,1663,shaman,enhancement,74,38,36
Loabud,tichondrius,1663,shaman,enhancement,102,52,50
Kindaretro,tichondrius,1662,shaman,enhancement,72,44,28
Niceshoe,tichondrius,1662,shaman,enhancement,89,47,42
Shamungodc,tichondrius,1662,shaman,enhancement,62,30,32
Helohk,wyrmrest-accord,1660,shaman,enhancement,78,40,38
Jambijuice,fenris,1658,shaman,enhancement,175,95,80
Atthegates,illidan,1658,shaman,enhancement,320,159,161
Shamanicc,stormrage,1656,shaman,enhancement,42,29,13
Totemclass,bleeding-hollow,1656,shaman,enhancement,30,18,12
Swaplord,area-52,1656,shaman,enhancement,30,18,12
Volrog,magtheridon,1656,shaman,enhancement,51,30,21
Lohnash,area-52,1655,shaman,enhancement,60,41,19
Zêus,sargeras,1655,shaman,enhancement,90,54,36
Tinysha,tichondrius,1654,shaman,enhancement,30,20,10
Artsha,tol-barad,1654,shaman,enhancement,56,27,29
Pashå,norgannon,1652,shaman,enhancement,78,45,33
Windflex,emerald-dream,1651,shaman,enhancement,85,43,42
Healmeshammy,tichondrius,1650,shaman,enhancement,49,35,14
Delxx,tichondrius,1650,shaman,enhancement,157,82,75
Vortexfury,area-52,1650,shaman,enhancement,48,21,27
Slapnarp,wyrmrest-accord,1649,shaman,enhancement,90,43,47
Ceasebelief,tichondrius,1646,shaman,enhancement,42,28,14
Turbowolf,sargeras,1646,shaman,enhancement,138,59,79
Zeroshocks,kelthuzad,1645,shaman,enhancement,48,31,17
Tdlz,tichondrius,1645,shaman,enhancement,122,70,52
Feroxture,frostmourne,1645,shaman,enhancement,122,68,54
ßøt,bleeding-hollow,1644,shaman,enhancement,61,32,29
Jerykco,drakkari,1644,shaman,enhancement,159,83,76
Tettnanger,azralon,1643,shaman,enhancement,43,25,18
Swartzqt,tichondrius,1643,shaman,enhancement,94,46,48
Díesel,azralon,1643,shaman,enhancement,101,49,52
Bräindëad,hyjal,1642,shaman,enhancement,167,93,74
Daddymacktv,malganis,1642,shaman,enhancement,92,49,43
Gambezee,kelthuzad,1642,shaman,enhancement,62,32,30
Abigdude,frostmourne,1641,shaman,enhancement,300,161,139
Thunderlaw,area-52,1641,shaman,enhancement,105,49,56
Epictotem,tichondrius,1639,shaman,enhancement,46,25,21
Ieeguen,tichondrius,1639,shaman,enhancement,112,56,56
Shinydiglett,area-52,1637,shaman,enhancement,36,20,16
Smooths,bloodscalp,1637,shaman,enhancement,66,28,38
Apêx,cenarius,1635,shaman,enhancement,102,53,49
Frëdstorm,kelthuzad,1634,shaman,enhancement,353,179,174
Mixn,frostmourne,1633,shaman,enhancement,131,79,52
Ppdbb,malganis,1633,shaman,enhancement,54,31,23
Käshqt,tichondrius,1632,shaman,enhancement,32,22,10
Bolteon,malganis,1632,shaman,enhancement,49,32,17
Onamakawash,black-dragonflight,1632,shaman,enhancement,36,22,14
Goondruka,area-52,1632,shaman,enhancement,38,20,18
Orkuss,illidan,1631,shaman,enhancement,48,25,23
Thunderchad,jubeithos,1631,shaman,enhancement,50,25,25
Khormac,moon-guard,1630,shaman,enhancement,116,72,44
Shámdemons,area-52,1630,shaman,enhancement,114,67,47
Split,zuljin,1630,shaman,enhancement,254,137,117
Omaguap,tichondrius,1630,shaman,enhancement,107,57,50
Slashpity,stormrage,1630,shaman,enhancement,63,33,30
Mcb,barthilas,1630,shaman,enhancement,54,23,31
Elryl,sargeras,1629,shaman,enhancement,128,68,60
Khorgan,emerald-dream,1629,shaman,enhancement,42,22,20
Roidzsham,area-52,1628,shaman,enhancement,90,55,35
Kohatan,moon-guard,1627,shaman,enhancement,98,58,40
Olíndo,tichondrius,1627,shaman,enhancement,66,38,28
Beaviis,frostmourne,1627,shaman,enhancement,93,45,48
Hxzard,stormrage,1626,shaman,enhancement,36,17,19
Shockdome,daggerspine,1624,shaman,enhancement,33,23,10
Roysoy,stormrage,1623,shaman,enhancement,84,50,34
Tidalstorm,thrall,1623,shaman,enhancement,54,32,22
Shamom,silver-hand,1623,shaman,enhancement,190,103,87
Platanos,proudmoore,1623,shaman,enhancement,188,97,91
ßurstmedaddy,bleeding-hollow,1622,shaman,enhancement,48,36,12
Iamurfather,magtheridon,1622,shaman,enhancement,203,109,94
Shamakhazi,stormrage,1621,shaman,enhancement,24,17,7
Dadadabang,frostmourne,1621,shaman,enhancement,132,74,58
Heäven,malganis,1620,shaman,enhancement,272,145,127
Venmoo,illidan,1620,shaman,enhancement,42,20,22
Deyodin,illidan,1619,shaman,enhancement,26,18,8
Ezpzprime,bloodscalp,1618,shaman,enhancement,48,32,16
Beaversniper,tichondrius,1618,shaman,enhancement,161,82,79
Shockmehard,area-52,1617,shaman,enhancement,113,80,33
Tigolbittie,sargeras,1617,shaman,enhancement,247,125,122
Ryziax,tichondrius,1616,shaman,enhancement,41,23,18
Casinoclass,stormrage,1616,shaman,enhancement,273,144,129
Sonofabat,spirestone,1616,shaman,enhancement,270,138,132
Vultan,winterhoof,1615,shaman,enhancement,81,47,34
Ryb,sargeras,1615,shaman,enhancement,38,19,19
Udb,the-scryers,1614,shaman,enhancement,59,38,21
Roguemagewar,tichondrius,1614,shaman,enhancement,232,130,102
Tumble,frostmourne,1614,shaman,enhancement,275,145,130
Stýlébéñdér,kelthuzad,1613,shaman,enhancement,24,17,7
Jirig,tichondrius,1612,shaman,enhancement,42,24,18
Azão,stormrage,1610,shaman,enhancement,60,39,21
Zere,cenarius,1609,shaman,enhancement,74,49,25
Falasha,bloodscalp,1609,shaman,enhancement,106,63,43
Xlianah,zuljin,1609,shaman,enhancement,54,28,26
Somebozo,darkspear,1609,shaman,enhancement,294,151,143
Hecks,malorne,1609,shaman,enhancement,137,70,67
Illbuyurmom,tichondrius,1607,shaman,enhancement,30,24,6
Robdaman,tichondrius,1607,shaman,enhancement,24,18,6
Hexoffend,zuljin,1607,shaman,enhancement,42,24,18
Furrybâstard,wyrmrest-accord,1607,shaman,enhancement,120,66,54
Jummyman,area-52,1606,shaman,enhancement,87,56,31
Meattoilet,tichondrius,1606,shaman,enhancement,35,22,13
Garai,emerald-dream,1605,shaman,enhancement,177,84,93
Odïn,tichondrius,1604,shaman,enhancement,85,54,31
Emoshamanqt,tichondrius,1604,shaman,enhancement,72,41,31
Zelinsky,sargeras,1604,shaman,enhancement,30,17,13
Sâxman,stormreaver,1604,shaman,enhancement,99,53,46
Balldo,stormrage,1604,shaman,enhancement,48,22,26
Hagie,moon-guard,1603,shaman,enhancement,45,24,21
Nakamora,tichondrius,1603,shaman,enhancement,66,35,31
Borwald,dalaran,1602,shaman,enhancement,278,150,128
Tyranitaur,frostmourne,1602,shaman,enhancement,137,66,71
Jumoma,thrall,1601,shaman,enhancement,72,44,28
Sugarpapa,bonechewer,1601,shaman,enhancement,105,64,41
Raxabico,nemesis,1601,shaman,enhancement,68,36,32
Mihrion,moon-guard,1600,shaman,enhancement,101,55,46
Darkvx,quelthalas,1599,shaman,enhancement,44,31,13
Hagarr,azralon,1599,shaman,enhancement,177,97,80
Blackenergy,stormrage,1599,shaman,enhancement,273,141,132
Dàfèng,wyrmrest-accord,1599,shaman,enhancement,53,19,34
Torgami,tichondrius,1598,shaman,enhancement,49,30,19
Bòómz,stormrage,1598,shaman,enhancement,489,242,247
Harbert,black-dragonflight,1597,shaman,enhancement,66,36,30
Ironaddictz,kiljaeden,1596,shaman,enhancement,100,53,47
Pwnôgraphy,kelthuzad,1595,shaman,enhancement,38,25,13
Eyecandi,barthilas,1595,shaman,enhancement,151,76,75
Arázi,wyrmrest-accord,1595,shaman,enhancement,53,22,31
Pockethealer,emerald-dream,1592,shaman,enhancement,220,119,101
Creamcheeser,tichondrius,1588,shaman,enhancement,34,20,14
Happycorgi,proudmoore,1587,shaman,enhancement,96,50,46
Loadiez,frostmourne,1585,shaman,enhancement,76,46,30
Purgegodryuu,area-52,1585,shaman,enhancement,48,20,28
Dylangs,frostmourne,1583,shaman,enhancement,35,21,14
Thilv,ravenholdt,1583,shaman,enhancement,58,34,24
Halfzugzug,sargeras,1583,shaman,enhancement,66,35,31
Stormbash,ragnaros,1583,shaman,enhancement,96,41,55
Zaydax,altar-of-storms,1582,shaman,enhancement,30,18,12
Mugiwärä,area-52,1582,shaman,enhancement,60,33,27
Elemores,tichondrius,1582,shaman,enhancement,77,42,35
Gorillahazed,tichondrius,1582,shaman,enhancement,219,108,111
Omnipresent,malganis,1581,shaman,enhancement,56,34,22
Øñédåý,illidan,1579,shaman,enhancement,30,19,11
Turukmokto,illidan,1579,shaman,enhancement,60,37,23
Zavar,tichondrius,1579,shaman,enhancement,77,40,37
Ara,barthilas,1578,shaman,enhancement,72,42,30
Argena,bonechewer,1577,shaman,enhancement,48,30,18
Xelements,sargeras,1576,shaman,enhancement,84,49,35
Texmawave,moon-guard,1576,shaman,enhancement,42,21,21
Snipyterror,shattered-hand,1575,shaman,enhancement,59,38,21
Jags,baelgun,1574,shaman,enhancement,42,26,16
Duadhe,boulderfist,1574,shaman,enhancement,36,21,15
Armîn,moon-guard,1571,shaman,enhancement,60,37,23
Aoshiferuzz,ragnaros,1571,shaman,enhancement,101,55,46
Nÿh,quelthalas,1569,shaman,enhancement,48,27,21
Haishoe,stormrage,1569,shaman,enhancement,98,51,47
Kergan,fenris,1568,shaman,enhancement,170,94,76
Cowely,madoran,1567,shaman,enhancement,60,36,24
Kronkxd,malganis,1567,shaman,enhancement,40,21,19
Volsdeep,illidan,1566,shaman,enhancement,88,46,42
Arlikai,arthas,1566,shaman,enhancement,371,181,190
Keeba,wyrmrest-accord,1565,shaman,enhancement,80,41,39
Askpuntee,sargeras,1563,shaman,enhancement,48,25,23
Ephraalin,frostmourne,1563,shaman,enhancement,78,40,38
Thunda,black-dragonflight,1561,shaman,enhancement,36,22,14
Nutanix,illidan,1559,shaman,enhancement,51,33,18
Hoodieszn,dalaran,1559,shaman,enhancement,69,39,30
Thewindman,sargeras,1559,shaman,enhancement,111,54,57
Stormsanta,emerald-dream,1559,shaman,enhancement,54,24,30
Xeroen,arthas,1558,shaman,enhancement,106,65,41
Zugzugenh,stormrage,1557,shaman,enhancement,92,49,43
Animatronixx,area-52,1554,shaman,enhancement,42,25,17
Smash,fenris,1554,shaman,enhancement,109,54,55
Meadamemnon,tichondrius,1553,shaman,enhancement,36,23,13
Cayed,stormscale,1553,shaman,enhancement,90,47,43
Swaggitto,illidan,1553,shaman,enhancement,54,28,26
Goullin,dalaran,1552,shaman,enhancement,66,42,24
Zapnclap,tichondrius,1552,shaman,enhancement,54,27,27
Slowdown,malganis,1551,shaman,enhancement,42,19,23
Hurrikaine,dalaran,1550,shaman,enhancement,176,89,87
Shamgawd,illidan,1550,shaman,enhancement,177,87,90
Arque,stormrage,1549,shaman,enhancement,150,89,61
Ðr,earthen-ring,1549,shaman,enhancement,179,94,85
Ahwahsahdood,stormreaver,1549,shaman,enhancement,36,18,18
Xlinkqc,zuljin,1549,shaman,enhancement,100,48,52
Bqo,nemesis,1548,shaman,enhancement,38,29,9
Drakkaa,tichondrius,1548,shaman,enhancement,43,28,15
Scrototëm,azralon,1547,shaman,enhancement,258,133,125
Azumaa,tichondrius,1547,shaman,enhancement,102,52,50
Aceventuura,hyjal,1547,shaman,enhancement,90,42,48
Smartbunny,illidan,1546,shaman,enhancement,330,164,166
Daikí,ragnaros,1545,shaman,enhancement,61,35,26
Gonarosh,area-52,1543,shaman,enhancement,90,54,36
Froglok,boulderfist,1542,shaman,enhancement,91,51,40
Tootshock,illidan,1542,shaman,enhancement,70,34,36
Tumble,barthilas,1541,shaman,enhancement,68,45,23
Passmark,illidan,1541,shaman,enhancement,30,17,13
Dimitrio,azralon,1541,shaman,enhancement,145,74,71
Friednocap,kelthuzad,1540,shaman,enhancement,78,41,37
Zmogon,quelthalas,1540,shaman,enhancement,124,60,64
Meshrek,tichondrius,1539,shaman,enhancement,65,33,32
Saphage,tichondrius,1535,shaman,enhancement,64,35,29
Feesstt,malganis,1534,shaman,enhancement,48,27,21
Dontbeshockd,nagrand,1534,shaman,enhancement,44,24,20
Shamgødx,dalaran,1533,shaman,enhancement,18,16,2
Shamwickk,tichondrius,1533,shaman,enhancement,134,80,54
Uracemytotem,kiljaeden,1533,shaman,enhancement,90,53,37
Joeschno,bleeding-hollow,1533,shaman,enhancement,104,52,52
Shabenn,proudmoore,1531,shaman,enhancement,199,99,100
Killavicious,area-52,1531,shaman,enhancement,84,39,45
Lavawreckage,malganis,1527,shaman,enhancement,185,97,88
Gordonramsai,sargeras,1526,shaman,enhancement,30,21,9
Zuldran,tichondrius,1525,shaman,enhancement,48,25,23
Shamcowhah,frostmourne,1525,shaman,enhancement,66,26,40
Eliteshamann,tichondrius,1524,shaman,enhancement,135,69,66
Gucciblunts,sargeras,1522,shaman,enhancement,18,16,2
Dreamers,anvilmar,1522,shaman,enhancement,42,21,21
Hephron,area-52,1521,shaman,enhancement,96,45,51
Soupi,illidan,1520,shaman,enhancement,173,90,83
Capriserjr,tichondrius,1520,shaman,enhancement,42,17,25
Dirtyunique,tichondrius,1519,shaman,enhancement,90,51,39
Dillytotemz,tichondrius,1519,shaman,enhancement,54,30,24
Terrible,illidan,1519,shaman,enhancement,126,62,64
Diroc,tichondrius,1519,shaman,enhancement,42,20,22
Shiggy,emerald-dream,1518,shaman,enhancement,42,19,23
Kelx,stormreaver,1518,shaman,enhancement,50,18,32
Vásh,quelthalas,1517,shaman,enhancement,24,16,8
Tideqt,tichondrius,1517,shaman,enhancement,24,16,8
Dilfmaster,tichondrius,1517,shaman,enhancement,77,40,37
Ayahuaskah,illidan,1517,shaman,enhancement,38,18,20
Boomershock,stormrage,1516,shaman,enhancement,42,20,22
Chungussy,blackrock,1515,shaman,enhancement,41,24,17
Rtÿo,area-52,1515,shaman,enhancement,66,32,34
Obombyas,sargeras,1515,shaman,enhancement,69,32,37
Totemnikiel,stormrage,1515,shaman,enhancement,108,48,60
Ginjij,thrall,1514,shaman,enhancement,30,18,12
Thegil,tichondrius,1514,shaman,enhancement,79,41,38
Prymalfury,illidan,1514,shaman,enhancement,174,90,84
Slapchainz,tichondrius,1514,shaman,enhancement,59,28,31
Shokaria,frostwolf,1514,shaman,enhancement,60,25,35
Stormwolf,emerald-dream,1513,shaman,enhancement,78,47,31
Flirstatic,nemesis,1512,shaman,enhancement,135,73,62
Nashrak,illidan,1508,shaman,enhancement,35,17,18
Flukz,nazjatar,1507,shaman,enhancement,30,17,13
Thoramgar,malganis,1507,shaman,enhancement,42,23,19
Zaxibow,area-52,1506,shaman,enhancement,76,39,37
Pandashamnda,area-52,1505,shaman,enhancement,231,126,105
Tiostroke,stormrage,1505,shaman,enhancement,66,34,32
Xillas,moon-guard,1504,shaman,enhancement,54,33,21
Rongkhan,tichondrius,1504,shaman,enhancement,93,56,37
Benttwig,nazgrel,1503,shaman,enhancement,54,27,27
Elementin,kelthuzad,1503,shaman,enhancement,102,49,53
Yildiri,area-52,1501,shaman,enhancement,18,16,2
Larrylardazz,tichondrius,1501,shaman,enhancement,92,54,38
Dugomik,malganis,1501,shaman,enhancement,206,108,98
Casualsham,illidan,1500,shaman,enhancement,52,33,19
Shamwows,dalaran,1500,shaman,enhancement,284,140,144
Zugzugthug,moon-guard,1499,shaman,enhancement,138,74,64
Vanklayser,ragnaros,1499,shaman,enhancement,115,56,59
Grx,tichondrius,1498,shaman,enhancement,96,48,48
Kandin,icecrown,1498,shaman,enhancement,72,36,36
Leotis,tichondrius,1496,shaman,enhancement,40,22,18
Leschaises,skullcrusher,1495,shaman,enhancement,51,35,16
Pedaphil,frostmourne,1495,shaman,enhancement,38,21,17
Parateq,thrall,1494,shaman,enhancement,30,17,13
Jibbajabber,laughing-skull,1493,shaman,enhancement,30,16,14
Earthfirex,ragnaros,1493,shaman,enhancement,54,28,26
Killbro,blackrock,1493,shaman,enhancement,397,204,193
Kelce,stormrage,1492,shaman,enhancement,42,22,20
Quakenbake,emerald-dream,1491,shaman,enhancement,33,20,13
Lamorandrict,icecrown,1491,shaman,enhancement,58,28,30
Ârcanjo,azralon,1490,shaman,enhancement,46,24,22
Sndhlp,tichondrius,1488,shaman,enhancement,58,36,22
Hungnuts,sargeras,1487,shaman,enhancement,124,67,57
Jackiesham,illidan,1487,shaman,enhancement,87,42,45
Jamieslays,korgath,1487,shaman,enhancement,53,24,29
Byakuwugan,undermine,1486,shaman,enhancement,32,27,5
Beogar,moon-guard,1486,shaman,enhancement,54,30,24
Dalsun,turalyon,1486,shaman,enhancement,37,19,18
Katojune,tichondrius,1486,shaman,enhancement,58,28,30
Meatbender,tichondrius,1485,shaman,enhancement,125,69,56
Døømsdáy,thrall,1485,shaman,enhancement,200,98,102
Stèpbro,sargeras,1484,shaman,enhancement,32,20,12
Naesala,thunderlord,1484,shaman,enhancement,75,38,37
Boomotron,sargeras,1484,shaman,enhancement,52,23,29
Konga,korialstrasz,1483,shaman,enhancement,38,22,16
Elementalïst,durotan,1483,shaman,enhancement,57,30,27
Shamcharles,proudmoore,1483,shaman,enhancement,129,56,73
Euphonium,wyrmrest-accord,1482,shaman,enhancement,72,38,34
Blasho,ragnaros,1482,shaman,enhancement,198,99,99
Woof,agamaggan,1480,shaman,enhancement,36,17,19
Brulash,barthilas,1479,shaman,enhancement,146,77,69
Ragnarocck,sargeras,1479,shaman,enhancement,75,36,39
Qvibin,tichondrius,1478,shaman,enhancement,72,44,28
Dashmmy,dalaran,1478,shaman,enhancement,54,26,28
Dreddfoxy,illidan,1477,shaman,enhancement,108,52,56
Slaughterdog,coilfang,1476,shaman,enhancement,46,27,19
Forloren,zuljin,1475,shaman,enhancement,52,28,24
Kushgodd,kiljaeden,1474,shaman,enhancement,120,64,56
Globad,tichondrius,1474,shaman,enhancement,153,77,76
Maribain,barthilas,1472,shaman,enhancement,118,68,50
Saraguthix,dalaran,1472,shaman,enhancement,78,43,35
Goribash,wyrmrest-accord,1471,shaman,enhancement,70,41,29
Jäyp,thrall,1471,shaman,enhancement,125,66,59
Spacex,velen,1470,shaman,enhancement,42,21,21
Ayangat,darkspear,1469,shaman,enhancement,54,33,21
Deshamann,illidan,1468,shaman,enhancement,138,63,75
Manthozshami,ragnaros,1467,shaman,enhancement,36,17,19
Mackandal,tichondrius,1466,shaman,enhancement,86,43,43
Skyzik,area-52,1465,shaman,enhancement,54,34,20
Lamagra,nemesis,1465,shaman,enhancement,49,29,20
Earthlsflat,tichondrius,1463,shaman,enhancement,31,21,10
Töpg,garrosh,1463,shaman,enhancement,82,40,42
Lolzballz,kiljaeden,1462,shaman,enhancement,45,30,15
Mortzor,frostmourne,1462,shaman,enhancement,73,43,30
Daddyzap,stormrage,1462,shaman,enhancement,104,58,46
Daddyzmilk,bleeding-hollow,1462,shaman,enhancement,84,40,44
Chiëfslapaho,tichondrius,1461,shaman,enhancement,65,41,24
Doomfury,magtheridon,1461,shaman,enhancement,42,25,17
Ventus,thrall,1461,shaman,enhancement,138,69,69
Stormblast,stormrage,1460,shaman,enhancement,87,44,43
Small,alleria,1459,shaman,enhancement,90,44,46
Lavabone,dalaran,1459,shaman,enhancement,66,28,38
ßlûê,emerald-dream,1458,shaman,enhancement,36,16,20
Talfur,area-52,1457,shaman,enhancement,64,36,28
Parallels,blackrock,1457,shaman,enhancement,203,106,97
Trashfarmer,tichondrius,1457,shaman,enhancement,156,78,78
Lenin,nathrezim,1457,shaman,enhancement,66,33,33
Mairn,tichondrius,1456,shaman,enhancement,174,92,82
Rohar,boulderfist,1456,shaman,enhancement,54,24,30
Speedmonster,hellscream,1455,shaman,enhancement,72,39,33
Shockszz,onyxia,1455,shaman,enhancement,96,45,51
Sleeky,sargeras,1455,shaman,enhancement,90,42,48
Nahbuddhima,ragnaros,1454,shaman,enhancement,42,26,16
Rhez,frostmourne,1454,shaman,enhancement,54,30,24
Calich,kelthuzad,1454,shaman,enhancement,103,56,47
Tosil,tichondrius,1454,shaman,enhancement,78,38,40
Evidence,thrall,1454,shaman,enhancement,42,19,23
Spicyballs,coilfang,1452,shaman,enhancement,53,28,25
Amasaei,bleeding-hollow,1452,shaman,enhancement,94,46,48
Tigtotem,malganis,1450,shaman,enhancement,30,21,9
Nohandslost,tichondrius,1450,shaman,enhancement,76,47,29
Grìmlock,lightbringer,1450,shaman,enhancement,43,24,19
Megumi,aggramar,1450,shaman,enhancement,63,28,35
Shockter,bleeding-hollow,1449,shaman,enhancement,59,36,23
Pyroxten,area-52,1449,shaman,enhancement,35,16,19
Djasura,blackhand,1448,shaman,enhancement,82,44,38
Usul,frostmane,1447,shaman,enhancement,301,156,145
Umbrood,area-52,1446,shaman,enhancement,124,68,56
Hyjixtv,stormrage,1444,shaman,enhancement,48,29,19
Aircas,thrall,1443,shaman,enhancement,63,37,26
Shamann,azshara,1442,shaman,enhancement,99,52,47
Githealed,kelthuzad,1442,shaman,enhancement,81,41,40
Shocksqt,malganis,1442,shaman,enhancement,46,23,23
Lavalavalava,dentarg,1439,shaman,enhancement,42,26,16
Teeroll,frostmourne,1439,shaman,enhancement,41,25,16
Zelzus,moon-guard,1439,shaman,enhancement,34,16,18
Exsh,area-52,1438,shaman,enhancement,18,15,3
Exxosenh,tichondrius,1438,shaman,enhancement,18,15,3
Tamtam,gorefiend,1438,shaman,enhancement,24,15,9
Extraguacpls,tichondrius,1438,shaman,enhancement,41,25,16
Decambe,area-52,1438,shaman,enhancement,30,15,15
Iamegirl,moon-guard,1436,shaman,enhancement,94,51,43
Tungusk,tichondrius,1435,shaman,enhancement,24,15,9
Wecookin,frostwolf,1433,shaman,enhancement,18,15,3
Lokrath,zangarmarsh,1433,shaman,enhancement,18,15,3
Argues,tichondrius,1433,shaman,enhancement,84,48,36
Zheúz,azralon,1433,shaman,enhancement,80,42,38
Aiyinsitan,illidan,1433,shaman,enhancement,54,27,27
Shlongers,illidan,1433,shaman,enhancement,36,15,21
Arrok,bleeding-hollow,1432,shaman,enhancement,29,18,11
Zktz,warsong,1432,shaman,enhancement,37,20,17
Zithdik,tichondrius,1432,shaman,enhancement,30,15,15
Cuzcuz,tichondrius,1431,shaman,enhancement,24,15,9
Orcshamen,tichondrius,1431,shaman,enhancement,102,57,45
Gundar,chogall,1431,shaman,enhancement,74,40,34
Earfshock,thrall,1430,shaman,enhancement,128,68,60
Defiant,azgalor,1429,shaman,enhancement,30,15,15
Neeman,malganis,1429,shaman,enhancement,30,15,15
Cram,frostmourne,1429,shaman,enhancement,151,72,79
Yudo,stormrage,1429,shaman,enhancement,59,21,38
Roz,khaz-modan,1428,shaman,enhancement,18,15,3
Xapoxy,nemesis,1428,shaman,enhancement,86,51,35
Rayfordyoung,zuljin,1428,shaman,enhancement,63,30,33
Bubbert,illidan,1427,shaman,enhancement,30,15,15
Shockindataz,tichondrius,1426,shaman,enhancement,24,15,9
Grippysockz,dalaran,1424,shaman,enhancement,24,15,9
Shøxic,perenolde,1424,shaman,enhancement,84,51,33
Monadazs,ragnaros,1423,shaman,enhancement,62,35,27
Drumman,skullcrusher,1423,shaman,enhancement,118,66,52
Donomalam,tichondrius,1422,shaman,enhancement,36,21,15
Kungfuvoodoo,tichondrius,1422,shaman,enhancement,30,17,13
Raazzasham,moon-guard,1422,shaman,enhancement,71,37,34
Boozecruz,silvermoon,1422,shaman,enhancement,47,19,28
Rokudo,dragonmaw,1420,shaman,enhancement,30,15,15
Wagar,dawnbringer,1419,shaman,enhancement,48,21,27
Armønixx,ragnaros,1418,shaman,enhancement,132,69,63
Mobiediqônú,skywall,1418,shaman,enhancement,79,35,44
Painfury,zuljin,1417,shaman,enhancement,57,31,26
Shammywhammu,bleeding-hollow,1417,shaman,enhancement,30,15,15
Dwightjr,emerald-dream,1417,shaman,enhancement,48,23,25
Hvalleyranch,area-52,1417,shaman,enhancement,83,39,44
Roxxiggom,aggramar,1416,shaman,enhancement,30,24,6
Killamanjaro,alterac-mountains,1416,shaman,enhancement,89,43,46
Doomdon,area-52,1416,shaman,enhancement,121,58,63
Shamrockcawk,malganis,1415,shaman,enhancement,60,38,22
Clownshòes,tichondrius,1415,shaman,enhancement,42,26,16
Chaposz,tichondrius,1415,shaman,enhancement,109,54,55
Darshidarsh,emerald-dream,1415,shaman,enhancement,76,35,41
Grendinbal,moon-guard,1415,shaman,enhancement,39,16,23
Liteningbolt,bleeding-hollow,1414,shaman,enhancement,30,15,15
Mudroller,moon-guard,1414,shaman,enhancement,52,24,28
Playdohz,frostmourne,1413,shaman,enhancement,41,23,18
Bigtotempole,stormreaver,1413,shaman,enhancement,84,47,37
Drokán,ragnaros,1413,shaman,enhancement,249,128,121
Beardcramps,tichondrius,1412,shaman,enhancement,127,60,67
Dá,ragnaros,1412,shaman,enhancement,123,56,67
Stankydad,tichondrius,1412,shaman,enhancement,42,19,23
Shoresy,kaelthas,1411,shaman,enhancement,84,40,44
Solka,illidan,1410,shaman,enhancement,139,71,68
Nosfenrir,area-52,1410,shaman,enhancement,42,15,27
Denki,nesingwary,1409,shaman,enhancement,42,26,16
Ffaísca,azralon,1409,shaman,enhancement,61,36,25
Nuofu,illidan,1409,shaman,enhancement,40,20,20
Kriptonite,jubeithos,1409,shaman,enhancement,122,58,64
Gluestick,shadowmoon,1408,shaman,enhancement,54,25,29
Whydead,sargeras,1407,shaman,enhancement,78,42,36
Anime,azralon,1406,shaman,enhancement,64,37,27
Neyavv,tichondrius,1406,shaman,enhancement,526,263,263
Obeilius,illidan,1405,shaman,enhancement,87,48,39
Nankdug,tichondrius,1405,shaman,enhancement,53,28,25
Doughchino,darkspear,1405,shaman,enhancement,90,43,47
Zzar,daggerspine,1404,shaman,enhancement,42,23,19
Sigir,darrowmere,1404,shaman,enhancement,119,61,58
Finaplex,spirestone,1403,shaman,enhancement,54,24,30
Getacho,stormrage,1402,shaman,enhancement,254,122,132
Scrötotem,saurfang,1401,shaman,enhancement,186,98,88
Confounded,barthilas,1401,shaman,enhancement,48,22,26
Cutedraenei,destromath,1401,shaman,enhancement,42,17,25
Nyxxus,tichondrius,1399,shaman,enhancement,30,19,11
Slowgrath,burning-legion,1399,shaman,enhancement,165,92,73
Googurt,barthilas,1399,shaman,enhancement,29,15,14
Singingtotem,bonechewer,1398,shaman,enhancement,41,28,13
Crigga,dalaran,1398,shaman,enhancement,41,23,18
Zaboomafoo,emerald-dream,1398,shaman,enhancement,99,52,47
Vapus,area-52,1397,shaman,enhancement,160,86,74
Firevag,hakkar,1397,shaman,enhancement,207,109,98
Tictactotem,stormreaver,1397,shaman,enhancement,78,40,38
Moistydank,tichondrius,1396,shaman,enhancement,88,54,34
Raylord,ragnaros,1396,shaman,enhancement,169,90,79
Mëister,stormrage,1396,shaman,enhancement,191,99,92
Justincasé,sargeras,1396,shaman,enhancement,144,66,78
Tamzlol,the-forgotten-coast,1395,shaman,enhancement,54,30,24
Djelemental,darkspear,1394,shaman,enhancement,27,17,10
Shockolatte,sargeras,1392,shaman,enhancement,255,118,137
Stickysham,illidan,1391,shaman,enhancement,42,26,16
Dashinra,stormrage,1391,shaman,enhancement,38,20,18
Psilocypher,nazjatar,1390,shaman,enhancement,58,37,21
Tizzl,kelthuzad,1390,shaman,enhancement,125,65,60
Orcmanshamn,moon-guard,1390,shaman,enhancement,104,53,51
Shämboozle,area-52,1390,shaman,enhancement,60,30,30
Groundfaults,bleeding-hollow,1389,shaman,enhancement,35,15,20
Vanmaichet,azshara,1389,shaman,enhancement,43,17,26
Lyrzsa,blackwing-lair,1387,shaman,enhancement,158,82,76
Shipmatekev,sargeras,1386,shaman,enhancement,54,29,25
Restonomnom,the-underbog,1385,shaman,enhancement,36,20,16
Óompaloompa,frostmourne,1382,shaman,enhancement,28,17,11
Lüca,wyrmrest-accord,1382,shaman,enhancement,241,123,118
Shamzie,malganis,1380,shaman,enhancement,39,25,14
Jackofstorms,veknilash,1380,shaman,enhancement,100,50,50
Stubbywayne,area-52,1379,shaman,enhancement,259,129,130
Shampainn,demon-soul,1379,shaman,enhancement,56,27,29
Wartyde,tichondrius,1378,shaman,enhancement,30,20,10
Murlook,sargeras,1378,shaman,enhancement,91,57,34
Stïtch,area-52,1378,shaman,enhancement,80,42,38
Têach,ragnaros,1376,shaman,enhancement,24,15,9
Bessame,sargeras,1376,shaman,enhancement,106,55,51
Crowingraven,queldorei,1376,shaman,enhancement,42,18,24
Zute,frostmourne,1375,shaman,enhancement,91,52,39
Oaktar,bleeding-hollow,1375,shaman,enhancement,30,16,14
Harvesting,azralon,1375,shaman,enhancement,115,55,60
Neyter,azralon,1373,shaman,enhancement,108,65,43
Gettatotem,frostmourne,1373,shaman,enhancement,30,17,13
Orcthorw,proudmoore,1373,shaman,enhancement,111,52,59
Rhass,ragnaros,1372,shaman,enhancement,143,69,74
Buffdudé,illidan,1371,shaman,enhancement,45,17,28
Shalkahn,malganis,1369,shaman,enhancement,65,26,39
Ashida,stormrage,1368,shaman,enhancement,129,73,56
Triní,ragnaros,1367,shaman,enhancement,78,47,31
Whichdoctah,proudmoore,1367,shaman,enhancement,51,25,26
Hagass,tichondrius,1366,shaman,enhancement,82,40,42
Hellothere,drenden,1366,shaman,enhancement,42,20,22
Makocc,tichondrius,1366,shaman,enhancement,181,84,97
Megabolt,nemesis,1365,shaman,enhancement,204,111,93
Surtel,tichondrius,1365,shaman,enhancement,137,63,74
Oldshammy,eldrethalas,1364,shaman,enhancement,42,24,18
Cvoa,bonechewer,1364,shaman,enhancement,42,22,20
Nìke,nazgrel,1364,shaman,enhancement,47,21,26
Asaél,ragnaros,1364,shaman,enhancement,132,58,74
Killercam,maiev,1363,shaman,enhancement,40,19,21
Trenbolone,maiev,1362,shaman,enhancement,95,55,40
Grohltusk,barthilas,1360,shaman,enhancement,42,24,18
Piffenstien,malganis,1359,shaman,enhancement,102,52,50
Emelectric,quelthalas,1359,shaman,enhancement,84,42,42
Trickytotems,stormrage,1359,shaman,enhancement,64,27,37
Zugxo,area-52,1358,shaman,enhancement,32,24,8
Sophel,sargeras,1358,shaman,enhancement,97,54,43
Lavaman,kiljaeden,1357,shaman,enhancement,42,19,23
Wildslammer,khazgoroth,1357,shaman,enhancement,51,22,29
Zügz,illidan,1356,shaman,enhancement,67,38,29
Deathjoker,icecrown,1356,shaman,enhancement,83,46,37
Súrtr,sargeras,1356,shaman,enhancement,42,21,21
Johnwilke,area-52,1356,shaman,enhancement,119,59,60
Gesundrian,tichondrius,1355,shaman,enhancement,34,15,19
Brreeaadd,tichondrius,1354,shaman,enhancement,57,25,32
Isbabani,moon-guard,1353,shaman,enhancement,30,16,14
Cbomberz,tichondrius,1353,shaman,enhancement,91,47,44
Clumpen,thunderhorn,1347,shaman,enhancement,59,32,27
Sasori,stormrage,1346,shaman,enhancement,69,43,26
Bobaflexqt,korgath,1346,shaman,enhancement,36,22,14
Puddlecakes,lightbringer,1345,shaman,enhancement,39,24,15
Hexshamy,azralon,1345,shaman,enhancement,49,27,22
Goonxdz,illidan,1345,shaman,enhancement,69,27,42
Fyahchaming,drakkari,1344,shaman,enhancement,117,61,56
Canabal,eonar,1344,shaman,enhancement,30,15,15
Murdokr,quelthalas,1343,shaman,enhancement,30,15,15
Tsaheylu,barthilas,1343,shaman,enhancement,54,25,29
Døømwinds,tichondrius,1342,shaman,enhancement,24,14,10
Dano,frostwolf,1342,shaman,enhancement,36,14,22
Corkrain,sargeras,1341,shaman,enhancement,36,15,21
Crøwgød,tichondrius,1340,shaman,enhancement,24,14,10
Derzwaz,draka,1338,shaman,enhancement,77,35,42
Fulgurant,sargeras,1337,shaman,enhancement,18,14,4
Stormgraves,moon-guard,1337,shaman,enhancement,24,14,10
Lakindrentv,gorefiend,1337,shaman,enhancement,96,45,51
Lukora,stonemaul,1336,shaman,enhancement,48,31,17
Zeroshears,tichondrius,1336,shaman,enhancement,24,14,10
Lazygemini,illidan,1335,shaman,enhancement,108,54,54
Electabuzz,arygos,1335,shaman,enhancement,30,15,15
Electrik,stormrage,1334,shaman,enhancement,24,14,10
Vlackz,quelthalas,1334,shaman,enhancement,42,22,20
Rojhaz,stormrage,1334,shaman,enhancement,84,43,41
Laquica,sargeras,1334,shaman,enhancement,42,20,22
Methexd,barthilas,1333,shaman,enhancement,42,22,20
Arckos,thrall,1333,shaman,enhancement,30,14,16
Aldinatir,ragnaros,1332,shaman,enhancement,24,14,10
Baloneyfiveo,kiljaeden,1330,shaman,enhancement,92,50,42
Chomolungma,azralon,1330,shaman,enhancement,65,29,36
Kumboi,frostmourne,1330,shaman,enhancement,36,14,22
Amärök,area-52,1329,shaman,enhancement,68,30,38
Niteshammy,lothar,1328,shaman,enhancement,24,14,10
Ambevsulfr,deathwing,1327,shaman,enhancement,18,14,4
Drewshammy,zuljin,1326,shaman,enhancement,42,24,18
Gelomolhado,illidan,1326,shaman,enhancement,30,14,16
Fireclaws,bleeding-hollow,1325,shaman,enhancement,79,41,38
Kasukaga,shadowmoon,1325,shaman,enhancement,150,75,75
Winiethepoöh,stormrage,1325,shaman,enhancement,36,14,22
Allmeatie,hyjal,1321,shaman,enhancement,61,36,25
Forgediniron,stormrage,1321,shaman,enhancement,85,44,41
Dønßlack,thunderhorn,1319,shaman,enhancement,40,21,19
Meatballbag,thrall,1318,shaman,enhancement,54,24,30
Ironh,kelthuzad,1317,shaman,enhancement,84,44,40
Shawkedu,tichondrius,1317,shaman,enhancement,36,16,20
Cannonshot,tichondrius,1317,shaman,enhancement,42,14,28
Mustachex,kelthuzad,1315,shaman,enhancement,24,14,10
Xiano,wyrmrest-accord,1315,shaman,enhancement,53,28,25
Thorlottie,stormrage,1315,shaman,enhancement,42,21,21
Totesmagotes,scilla,1314,shaman,enhancement,36,22,14
Montí,moon-guard,1314,shaman,enhancement,101,59,42
Koegin,malganis,1314,shaman,enhancement,30,14,16
Bargen,thunderlord,1313,shaman,enhancement,30,19,11
Magmao,quelthalas,1312,shaman,enhancement,89,51,38
Rokogg,thrall,1312,shaman,enhancement,133,69,64
Shamorrhoids,frostmourne,1311,shaman,enhancement,118,62,56
Thunderfuri,thrall,1310,shaman,enhancement,72,40,32
Sâturnine,stormrage,1310,shaman,enhancement,47,20,27
Rôhân,stormrage,1309,shaman,enhancement,70,32,38
Gorgrom,thunderlord,1308,shaman,enhancement,24,15,9
Drvoodoö,tichondrius,1308,shaman,enhancement,47,24,23
Hanhze,quelthalas,1307,shaman,enhancement,115,65,50
Popz,dark-iron,1307,shaman,enhancement,87,48,39
Elek,alterac-mountains,1306,shaman,enhancement,24,14,10
Vøødøøboy,hyjal,1306,shaman,enhancement,58,30,28
Vöödooranger,stormrage,1305,shaman,enhancement,24,14,10
Relyts,tichondrius,1304,shaman,enhancement,43,23,20
Tabellarium,tichondrius,1303,shaman,enhancement,36,21,15
Atroll,moonrunner,1302,shaman,enhancement,72,32,40
Chapope,quelthalas,1301,shaman,enhancement,76,44,32
Kulnash,auchindoun,1301,shaman,enhancement,46,26,20
Beul,wyrmrest-accord,1301,shaman,enhancement,42,20,22
Pumpz,magtheridon,1301,shaman,enhancement,30,14,16
Lightnessx,stormrage,1301,shaman,enhancement,42,17,25
Microwavbakn,emerald-dream,1300,shaman,enhancement,70,38,32
Astrò,illidan,1299,shaman,enhancement,18,14,4
Prasu,spirestone,1299,shaman,enhancement,144,68,76
Zëphyros,tichondrius,1298,shaman,enhancement,43,22,21
Meatballman,malganis,1297,shaman,enhancement,42,20,22
Pwnskillz,area-52,1296,shaman,enhancement,65,39,26
Charmyn,frostmourne,1296,shaman,enhancement,30,14,16
Shrektar,cenarius,1296,shaman,enhancement,48,21,27
Okkoto,malfurion,1294,shaman,enhancement,24,15,9
Kamíhameha,stormrage,1293,shaman,enhancement,169,85,84
Dì,barthilas,1292,shaman,enhancement,60,35,25
Vectos,bleeding-hollow,1290,shaman,enhancement,24,18,6
Tarresh,azralon,1289,shaman,enhancement,54,26,28
Thromir,blackwing-lair,1288,shaman,enhancement,74,37,37
Volcanoboxer,tichondrius,1287,shaman,enhancement,57,26,31
Beanerburst,frostwolf,1285,shaman,enhancement,78,46,32
Gaelfury,malganis,1285,shaman,enhancement,96,43,53
Krinn,agamaggan,1285,shaman,enhancement,72,30,42
Mybadshawty,tichondrius,1278,shaman,enhancement,114,51,63
Notglads,thrall,1277,shaman,enhancement,20,14,6
Zerium,nemesis,1277,shaman,enhancement,54,31,23
Tyrega,stormrage,1276,shaman,enhancement,77,44,33
Mackabimbim,area-52,1275,shaman,enhancement,29,18,11
Sleekshammy,frostmourne,1275,shaman,enhancement,40,17,23
Zechary,proudmoore,1273,shaman,enhancement,54,33,21
Flaméy,stormrage,1273,shaman,enhancement,51,21,30
Sprite,wildhammer,1273,shaman,enhancement,34,14,20
Hypnus,stormrage,1273,shaman,enhancement,56,22,34
Bôjack,stormrage,1272,shaman,enhancement,29,18,11
Flashyjoe,tichondrius,1272,shaman,enhancement,34,18,16
Burrst,thrall,1271,shaman,enhancement,60,28,32
Shomminn,tichondrius,1269,shaman,enhancement,54,26,28
Warani,ragnaros,1268,shaman,enhancement,115,61,54
Yâmz,area-52,1266,shaman,enhancement,117,54,63
Popsmoke,gnomeregan,1265,shaman,enhancement,23,14,9
Bloodytotemz,emerald-dream,1264,shaman,enhancement,60,34,26
Datblueboi,dalaran,1263,shaman,enhancement,76,39,37
Sparkjuice,stormrage,1262,shaman,enhancement,42,25,17
Hordeymaori,jubeithos,1262,shaman,enhancement,236,125,111
Jonatasele,stormrage,1261,shaman,enhancement,36,14,22
Psychdoctor,bonechewer,1259,shaman,enhancement,41,23,18
Gorebog,feathermoon,1259,shaman,enhancement,42,23,19
Obrahma,burning-legion,1258,shaman,enhancement,30,19,11
Dilldoughnut,sargeras,1258,shaman,enhancement,29,15,14
Shamgoddam,illidan,1258,shaman,enhancement,72,32,40
Lutheran,dragonmaw,1257,shaman,enhancement,88,44,44
Shamantwo,windrunner,1255,shaman,enhancement,30,14,16
Mydus,kiljaeden,1253,shaman,enhancement,30,18,12
Doomvin,stormrage,1252,shaman,enhancement,60,29,31
Solomonster,tichondrius,1251,shaman,enhancement,53,29,24
Lerajje,tichondrius,1251,shaman,enhancement,42,22,20
Majhrakova,stormrage,1248,shaman,enhancement,53,26,27
Vulcanüz,ragnaros,1248,shaman,enhancement,48,20,28
Shamtopus,anubarak,1247,shaman,enhancement,83,35,48
Sizureirl,frostmourne,1246,shaman,enhancement,18,13,5
Guybeingdude,sargeras,1246,shaman,enhancement,18,13,5
Ftp,kelthuzad,1246,shaman,enhancement,24,13,11
Lizardhusk,barthilas,1246,shaman,enhancement,24,13,11
Strapps,ragnaros,1246,shaman,enhancement,54,26,28
Rotbladeqt,tichondrius,1246,shaman,enhancement,35,16,19
Doomtide,dalaran,1245,shaman,enhancement,18,14,4
Badshock,area-52,1245,shaman,enhancement,24,13,11
Shockalama,tichondrius,1245,shaman,enhancement,150,73,77
Doitclap,stormrage,1243,shaman,enhancement,18,15,3
Jowtzenha,ragnaros,1243,shaman,enhancement,18,13,5
Pikachil,tichondrius,1243,shaman,enhancement,21,14,7
Doorti,area-52,1241,shaman,enhancement,30,13,17
Bigbólts,bleeding-hollow,1240,shaman,enhancement,44,25,19
Zêûs,moon-guard,1240,shaman,enhancement,24,13,11
Mazaar,kul-tiras,1239,shaman,enhancement,24,13,11
Kigorami,nerzhul,1237,shaman,enhancement,54,26,28
Kvnstorm,stormscale,1235,shaman,enhancement,26,14,12
Jungsa,tichondrius,1235,shaman,enhancement,39,14,25
Wølfy,illidan,1234,shaman,enhancement,22,14,8
Floon,barthilas,1234,shaman,enhancement,138,66,72
Twansom,tichondrius,1233,shaman,enhancement,66,35,31
Tirtok,laughing-skull,1233,shaman,enhancement,89,43,46
Dillzîlla,kiljaeden,1233,shaman,enhancement,36,16,20
Smitytotems,tichondrius,1232,shaman,enhancement,18,13,5
Tótemicotl,quelthalas,1232,shaman,enhancement,36,14,22
Troxigan,ragnaros,1231,shaman,enhancement,42,14,28
Willy,icecrown,1230,shaman,enhancement,23,13,10
Rikswordfire,wyrmrest-accord,1230,shaman,enhancement,53,24,29
Skizzymars,malganis,1230,shaman,enhancement,36,15,21
Thorre,the-scryers,1228,shaman,enhancement,66,39,27
Shamikkazee,illidan,1228,shaman,enhancement,73,39,34
Adiew,ragnaros,1228,shaman,enhancement,30,13,17
Cseril,bonechewer,1227,shaman,enhancement,207,113,94
Drahlos,tichondrius,1227,shaman,enhancement,30,13,17
Gohsham,hyjal,1226,shaman,enhancement,30,13,17
Shawhammy,illidan,1225,shaman,enhancement,48,19,29
Uglykunt,barthilas,1224,shaman,enhancement,111,62,49
Netherfury,illidan,1224,shaman,enhancement,51,28,23
Kurtcan,kelthuzad,1224,shaman,enhancement,42,18,24
Orgyll,korgath,1224,shaman,enhancement,39,16,23
Mullten,sargeras,1219,shaman,enhancement,36,15,21
Bluëwafflë,tichondrius,1218,shaman,enhancement,97,50,47
Pained,arathor,1217,shaman,enhancement,30,18,12
Lilpump,boulderfist,1217,shaman,enhancement,72,36,36
Wokoe,tichondrius,1216,shaman,enhancement,18,13,5
Aegaeonlol,tichondrius,1216,shaman,enhancement,78,32,46
Rockbass,sargeras,1215,shaman,enhancement,30,13,17
Oreahsham,tichondrius,1214,shaman,enhancement,42,18,24
Nokrosao,aegwynn,1211,shaman,enhancement,30,14,16
Cydarta,ragnaros,1208,shaman,enhancement,90,52,38
Hroth,tanaris,1206,shaman,enhancement,30,13,17
Weatherboy,dalaran,1205,shaman,enhancement,30,13,17
Hammeredd,hyjal,1204,shaman,enhancement,48,24,24
Lothlôria,mannoroth,1204,shaman,enhancement,36,17,19
Peepingtotem,tichondrius,1204,shaman,enhancement,29,13,16
Holosoul,bleeding-hollow,1204,shaman,enhancement,100,42,58
Tweakkx,sargeras,1203,shaman,enhancement,23,13,10
Drokron,azralon,1203,shaman,enhancement,72,38,34
Zugzuggie,malfurion,1203,shaman,enhancement,103,50,53
Sinsar,illidan,1200,shaman,enhancement,35,13,22
Taò,tichondrius,1195,shaman,enhancement,168,81,87
Eze,tichondrius,1194,shaman,enhancement,76,41,35
Windfuryshm,emerald-dream,1194,shaman,enhancement,48,24,24
Lavitris,proudmoore,1183,shaman,enhancement,17,13,4
Djshammy,barthilas,1183,shaman,enhancement,28,15,13
Beelzeburst,sargeras,1182,shaman,enhancement,29,13,16
Scams,bleeding-hollow,1181,shaman,enhancement,79,47,32
Hownowwowcow,barthilas,1180,shaman,enhancement,28,14,14
ßøn,altar-of-storms,1179,shaman,enhancement,45,23,22
Spiderjohn,sargeras,1177,shaman,enhancement,48,26,22
Tyzek,illidan,1176,shaman,enhancement,47,26,21
Shomani,madoran,1175,shaman,enhancement,89,35,54
Enhancementz,azralon,1174,shaman,enhancement,68,37,31
Vozs,proudmoore,1174,shaman,enhancement,72,38,34
Opalsm,tichondrius,1174,shaman,enhancement,33,14,19
Shometrin,tichondrius,1172,shaman,enhancement,78,31,47
Ahzar,stormrage,1171,shaman,enhancement,78,38,40
Rogorof,area-52,1170,shaman,enhancement,30,14,16
Litchuckie,thrall,1169,shaman,enhancement,46,25,21
Bhaelfury,moon-guard,1168,shaman,enhancement,48,24,24
Ctrlaltelite,burning-blade,1165,shaman,enhancement,130,62,68
Finnaburstt,tichondrius,1162,shaman,enhancement,54,29,25
Jyster,area-52,1161,shaman,enhancement,92,44,48
Shammybreakx,malganis,1157,shaman,enhancement,98,58,40
Shamanman,dawnbringer,1156,shaman,enhancement,30,15,15
ßigðåddy,ghostlands,1155,shaman,enhancement,84,30,54
Splendapapi,stormrage,1155,shaman,enhancement,38,13,25
Papuchino,ragnaros,1154,shaman,enhancement,34,13,21
Gangmember,shadowmoon,1152,shaman,enhancement,18,12,6
Solbis,tichondrius,1152,shaman,enhancement,18,12,6
Deixw,tichondrius,1151,shaman,enhancement,18,12,6
Jelebeans,tichondrius,1151,shaman,enhancement,18,12,6
Jinxicle,illidan,1151,shaman,enhancement,18,12,6
Scrib,dawnbringer,1151,shaman,enhancement,18,12,6
Haywood,kelthuzad,1151,shaman,enhancement,18,12,6
Olujakal,emerald-dream,1151,shaman,enhancement,18,12,6
Loec,thrall,1151,shaman,enhancement,24,13,11
Mastrioni,dragonmaw,1151,shaman,enhancement,30,12,18
Itspringle,zuljin,1150,shaman,enhancement,18,12,6
Nyknicks,tichondrius,1150,shaman,enhancement,18,12,6
Kaandel,nemesis,1150,shaman,enhancement,18,12,6
Ataraxiax,tichondrius,1150,shaman,enhancement,18,12,6
Clear,darkspear,1150,shaman,enhancement,18,12,6
Shòckaholic,bleeding-hollow,1150,shaman,enhancement,18,12,6
Dialtone,blackrock,1150,shaman,enhancement,30,12,18
Angrymán,ragnaros,1149,shaman,enhancement,12,12,0
Durkh,ragnaros,1149,shaman,enhancement,18,12,6
Commodoor,dalaran,1149,shaman,enhancement,18,12,6
Rainjig,emerald-dream,1149,shaman,enhancement,21,12,9
Argrax,sargeras,1148,shaman,enhancement,111,60,51
Newele,thrall,1148,shaman,enhancement,24,12,12
Gamba,kargath,1147,shaman,enhancement,24,12,12
Shambergler,tichondrius,1147,shaman,enhancement,24,12,12
Stoneseed,steamwheedle-cartel,1147,shaman,enhancement,30,12,18
Shear,bleeding-hollow,1146,shaman,enhancement,24,12,12
Zèus,draka,1146,shaman,enhancement,24,12,12
Hexondabeach,barthilas,1145,shaman,enhancement,18,12,6
Zatchbell,lightnings-blade,1144,shaman,enhancement,78,43,35
Igarmaul,bonechewer,1143,shaman,enhancement,24,12,12
Fourstorms,gundrak,1141,shaman,enhancement,37,19,18
Varks,chogall,1140,shaman,enhancement,24,12,12
Vokxulsin,tichondrius,1139,shaman,enhancement,30,12,18
Sydstorm,frostmourne,1137,shaman,enhancement,18,12,6
Wickyz,moon-guard,1137,shaman,enhancement,30,12,18
Madeinserbia,sargeras,1133,shaman,enhancement,24,12,12
Gluestix,bleeding-hollow,1131,shaman,enhancement,23,12,11
Ummyea,dreadmaul,1131,shaman,enhancement,30,14,16
Shammich,vashj,1130,shaman,enhancement,23,12,11
Garshok,tichondrius,1130,shaman,enhancement,24,12,12
Bwandamian,emerald-dream,1129,shaman,enhancement,31,13,18
Dacota,emerald-dream,1128,shaman,enhancement,24,12,12
Jimi,stormreaver,1126,shaman,enhancement,24,12,12
Dhokki,frostmourne,1125,shaman,enhancement,20,17,3
Shamvandám,kiljaeden,1124,shaman,enhancement,47,20,27
Astroglyde,emerald-dream,1123,shaman,enhancement,24,12,12
Chopmynuts,illidan,1122,shaman,enhancement,30,12,18
Zalkran,area-52,1118,shaman,enhancement,77,44,33
Lovetides,area-52,1117,shaman,enhancement,36,23,13
Catiçero,azralon,1117,shaman,enhancement,30,12,18
Hexoffénder,tichondrius,1116,shaman,enhancement,21,13,8
Onezap,trollbane,1116,shaman,enhancement,61,23,38
Golkork,quelthalas,1112,shaman,enhancement,30,15,15
Schlemiel,barthilas,1112,shaman,enhancement,82,36,46
Cakinha,stormrage,1109,shaman,enhancement,27,15,12
Gunai,malganis,1108,shaman,enhancement,36,15,21
Drahkar,emerald-dream,1105,shaman,enhancement,23,12,11
Blaçktide,thrall,1104,shaman,enhancement,26,16,10
Pùffball,anvilmar,1104,shaman,enhancement,104,56,48
Shaminism,chromaggus,1103,shaman,enhancement,23,12,11
Ongruge,hyjal,1103,shaman,enhancement,156,78,78
Eléctro,tichondrius,1103,shaman,enhancement,70,31,39
Wigwog,hyjal,1102,shaman,enhancement,61,35,26
Zandya,nemesis,1096,shaman,enhancement,144,70,74
Robis,thrall,1096,shaman,enhancement,90,39,51
Camdoc,destromath,1093,shaman,enhancement,59,26,33
Pango,azralon,1091,shaman,enhancement,36,13,23
Hazak,nemesis,1088,shaman,enhancement,78,39,39
Gdiafplox,thunderhorn,1085,shaman,enhancement,85,39,46
Lassoway,illidan,1085,shaman,enhancement,78,30,48
Bôrghâ,sargeras,1083,shaman,enhancement,23,12,11
Voranis,firetree,1082,shaman,enhancement,28,13,15
Fiercegoblin,drakkari,1082,shaman,enhancement,37,15,22
Karlpoppa,thunderhorn,1081,shaman,enhancement,42,23,19
Motylek,ragnaros,1081,shaman,enhancement,30,12,18
Kalashnikov,maiev,1081,shaman,enhancement,36,14,22
Shayymann,exodar,1072,shaman,enhancement,66,30,36
Totojar,alexstrasza,1071,shaman,enhancement,46,14,32
Tekashi,muradin,1060,shaman,enhancement,31,12,19
Eternalife,khazgoroth,1058,shaman,enhancement,36,13,23
Dangguagua,illidan,1056,shaman,enhancement,12,11,1
Gamergirlx,area-52,1056,shaman,enhancement,18,11,7
Okïòmó,proudmoore,1056,shaman,enhancement,18,11,7
Shambostik,thrall,1056,shaman,enhancement,36,13,23
Shamawolf,stormrage,1055,shaman,enhancement,12,11,1
Megaraccoon,illidan,1055,shaman,enhancement,12,11,1
Jayes,zuljin,1055,shaman,enhancement,18,11,7
Lillys,malganis,1055,shaman,enhancement,18,11,7
Shampowl,jaedenar,1055,shaman,enhancement,30,11,19
Muyg,staghelm,1055,shaman,enhancement,36,11,25
Earthclap,tichondrius,1055,shaman,enhancement,36,11,25
Möuthbläster,malganis,1054,shaman,enhancement,12,11,1
Syraak,elune,1054,shaman,enhancement,15,12,3
Kyrz,ragnaros,1054,shaman,enhancement,18,11,7
Fishsham,zuljin,1054,shaman,enhancement,18,11,7
Kyteman,wyrmrest-accord,1054,shaman,enhancement,18,11,7
Rèiki,dalaran,1053,shaman,enhancement,24,11,13
Kassper,tichondrius,1053,shaman,enhancement,24,11,13
Windzorn,tichondrius,1052,shaman,enhancement,18,11,7
Xamaobomberø,azralon,1052,shaman,enhancement,18,11,7
Mzzar,tichondrius,1052,shaman,enhancement,24,11,13
Kuull,thunderlord,1052,shaman,enhancement,30,11,19
Sluggox,bleeding-hollow,1052,shaman,enhancement,30,11,19
Faminex,dragonmaw,1051,shaman,enhancement,12,11,1
Marginalized,tichondrius,1051,shaman,enhancement,24,11,13
Ectomee,tichondrius,1051,shaman,enhancement,24,11,13
Ashara,blades-edge,1051,shaman,enhancement,24,11,13
Twizzys,thrall,1051,shaman,enhancement,24,11,13
Anlukla,gilneas,1051,shaman,enhancement,30,11,19
Såüçéydåüçéy,area-52,1050,shaman,enhancement,18,11,7
Ellynnu,frostmourne,1050,shaman,enhancement,105,51,54
Indaka,kiljaeden,1050,shaman,enhancement,24,11,13
Dronesum,tichondrius,1050,shaman,enhancement,24,11,13
Stòrmzy,frostmourne,1049,shaman,enhancement,18,11,7
Keytürnz,frostmourne,1048,shaman,enhancement,223,105,118
Grindl,stormrage,1047,shaman,enhancement,18,11,7
Sparkqt,sargeras,1047,shaman,enhancement,18,11,7
Emptyy,azralon,1047,shaman,enhancement,24,11,13
Akwar,greymane,1047,shaman,enhancement,30,11,19
Johnnygeh,stormrage,1047,shaman,enhancement,30,11,19
Çatastrophe,dalaran,1047,shaman,enhancement,48,16,32
Îvôry,bloodhoof,1046,shaman,enhancement,24,11,13
Hypersomnia,icecrown,1045,shaman,enhancement,18,11,7
Dedlystorm,dalaran,1043,shaman,enhancement,24,15,9
Jamblee,sargeras,1043,shaman,enhancement,18,11,7
Omaboa,azgalor,1043,shaman,enhancement,30,11,19
Hexologist,sargeras,1042,shaman,enhancement,18,11,7
Trulos,stormrage,1041,shaman,enhancement,18,11,7
Gwyste,moon-guard,1041,shaman,enhancement,27,12,15
Spankì,kelthuzad,1040,shaman,enhancement,18,11,7
Rhal,ragnaros,1039,shaman,enhancement,23,12,11
Karisaatara,moon-guard,1036,shaman,enhancement,51,22,29
Hannibol,tichondrius,1036,shaman,enhancement,72,25,47
Gulgortz,ragnaros,1030,shaman,enhancement,72,22,50
Svddëndëath,sargeras,1024,shaman,enhancement,137,60,77
Grimlên,skullcrusher,1024,shaman,enhancement,44,16,28
Nîghtstalker,vashj,1023,shaman,enhancement,79,31,48
Dizzytotem,dalaran,1022,shaman,enhancement,35,20,15
Morderus,aegwynn,1021,shaman,enhancement,24,11,13
Tøtëm,tichondrius,1021,shaman,enhancement,28,12,16
Radan,kelthuzad,1020,shaman,enhancement,23,11,12
Facebooksux,sargeras,1019,shaman,enhancement,24,16,8
Ipponhim,saurfang,1017,shaman,enhancement,21,12,9
Felbrick,area-52,1007,shaman,enhancement,54,26,28
Toastsshaman,tichondrius,1005,shaman,enhancement,15,11,4
Rhagnar,warsong,1004,shaman,enhancement,17,11,6
Stormwolf,azjolnerub,1002,shaman,enhancement,72,37,35
Garabashi,boulderfist,1002,shaman,enhancement,27,13,14
Gawdot,tichondrius,1002,shaman,enhancement,23,11,12
Stroheim,warsong,1000,shaman,enhancement,21,12,9
Poseidonxd,lightbringer,1000,shaman,enhancement,23,13,10
Korgen,area-52,999,shaman,enhancement,25,12,13
Maltral,zuljin,999,shaman,enhancement,46,17,29
Botu,malorne,998,shaman,enhancement,23,13,10
Mudpwet,borean-tundra,997,shaman,enhancement,90,49,41
Shøcker,bonechewer,996,shaman,enhancement,23,11,12
Zackow,area-52,996,shaman,enhancement,42,12,30
Prinkipíssa,tichondrius,995,shaman,enhancement,48,22,26
Reavs,illidan,995,shaman,enhancement,40,12,28
Synshenrongt,thrall,990,shaman,enhancement,178,70,108
Deckìn,proudmoore,987,shaman,enhancement,14,11,3
Thorael,borean-tundra,985,shaman,enhancement,17,11,6
Jènova,whisperwind,984,shaman,enhancement,20,11,9
Wälee,sargeras,981,shaman,enhancement,66,34,32
Foxiee,tichondrius,979,shaman,enhancement,53,28,25
Gbankzs,tichondrius,978,shaman,enhancement,52,19,33
Paulenia,quelthalas,971,shaman,enhancement,35,11,24
Charr,nemesis,967,shaman,enhancement,36,17,19
Beefsham,eitrigg,962,shaman,enhancement,36,12,24
Enhance,sargeras,960,shaman,enhancement,18,10,8
Interval,malfurion,959,shaman,enhancement,12,10,2
Grouhnk,tichondrius,959,shaman,enhancement,18,10,8
Égirl,tichondrius,959,shaman,enhancement,18,10,8
Angrytotems,ragnaros,959,shaman,enhancement,18,10,8
Habrith,proudmoore,959,shaman,enhancement,26,11,15
Thorni,nagrand,958,shaman,enhancement,12,10,2
Jimorrison,wyrmrest-accord,958,shaman,enhancement,18,10,8
Ggsggs,akama,958,shaman,enhancement,18,10,8
Xpire,ragnaros,958,shaman,enhancement,18,10,8
Chesos,tichondrius,958,shaman,enhancement,90,33,57
Chavezlives,area-52,957,shaman,enhancement,18,10,8
Xênss,tichondrius,957,shaman,enhancement,18,10,8
Kirrard,tichondrius,957,shaman,enhancement,24,10,14
Suejitsue,malganis,957,shaman,enhancement,24,10,14
Claymoore,nemesis,957,shaman,enhancement,24,10,14
Keroh,blackrock,956,shaman,enhancement,18,10,8
Azl,guldan,956,shaman,enhancement,27,11,16
Murm,burning-blade,955,shaman,enhancement,18,10,8
Tukkutz,moon-guard,955,shaman,enhancement,60,25,35
Oneripemango,illidan,955,shaman,enhancement,24,10,14
Boogey,khazgoroth,955,shaman,enhancement,24,10,14
Kass,area-52,955,shaman,enhancement,24,10,14
Lïnc,sargeras,955,shaman,enhancement,30,10,20
Aelpian,emerald-dream,954,shaman,enhancement,18,10,8
Smokedemtree,stormrage,954,shaman,enhancement,18,10,8
Ryntyntyn,blood-furnace,954,shaman,enhancement,24,10,14
Nawoma,quelthalas,954,shaman,enhancement,26,10,16
Mavorca,stormrage,952,shaman,enhancement,24,10,14
Nirmek,amanthul,952,shaman,enhancement,30,10,20
Mcgraff,frostmourne,949,shaman,enhancement,18,10,8
Ayahuaska,darkspear,949,shaman,enhancement,24,10,14
Zeebouzy,illidan,948,shaman,enhancement,27,11,16
Miane,tichondrius,947,shaman,enhancement,24,10,14
Esko,magtheridon,943,shaman,enhancement,24,10,14
Thanwirn,ragnaros,932,shaman,enhancement,42,19,23
Zorieks,wyrmrest-accord,928,shaman,enhancement,23,10,13
Shaminja,kiljaeden,925,shaman,enhancement,16,11,5
Orfelix,nemesis,925,shaman,enhancement,42,17,25
Shamdogg,illidan,924,shaman,enhancement,35,10,25
Golozok,zuljin,923,shaman,enhancement,22,12,10
Gammacide,sargeras,921,shaman,enhancement,29,10,19
Cakeclapper,nerzhul,918,shaman,enhancement,23,10,13
Kyness,area-52,916,shaman,enhancement,60,30,30
Oct,thrall,912,shaman,enhancement,36,18,18
Shockshack,illidan,911,shaman,enhancement,17,10,7
Airiem,tichondrius,911,shaman,enhancement,21,11,10
Duality,shattered-halls,909,shaman,enhancement,23,10,13
Mfpo,thunderlord,903,shaman,enhancement,30,11,19
Thanen,the-scryers,897,shaman,enhancement,48,21,27
Thorsén,ursin,887,shaman,enhancement,35,10,25
Icedogg,malganis,885,shaman,enhancement,72,35,37
Lobovulpino,quelthalas,880,shaman,enhancement,41,17,24
Poagrious,bonechewer,876,shaman,enhancement,40,17,23
Vekku,ragnaros,872,shaman,enhancement,19,10,9
Nickxoxo,tichondrius,864,shaman,enhancement,12,9,3
Mílkthis,tichondrius,864,shaman,enhancement,12,9,3
Dörnèr,malganis,864,shaman,enhancement,12,9,3
Frantìk,tichondrius,864,shaman,enhancement,12,9,3
Raídyn,sargeras,864,shaman,enhancement,12,9,3
Elefusion,sargeras,864,shaman,enhancement,12,9,3
Molniyax,sargeras,864,shaman,enhancement,12,9,3
Anticyclóne,illidan,864,shaman,enhancement,12,9,3
Twotapped,sargeras,864,shaman,enhancement,12,9,3
Gódsgíft,tichondrius,864,shaman,enhancement,18,9,9
Luluzada,azralon,864,shaman,enhancement,18,9,9
Sethbrogen,vashj,864,shaman,enhancement,24,9,15
Lavafist,moknathal,863,shaman,enhancement,12,9,3
Lickerman,stormreaver,863,shaman,enhancement,12,9,3
Cluffatty,tichondrius,863,shaman,enhancement,12,9,3
Fischerman,barthilas,863,shaman,enhancement,18,9,9
Biggem,nazjatar,863,shaman,enhancement,18,9,9
Bumpssahh,zuljin,863,shaman,enhancement,18,9,9
Skybender,silvermoon,863,shaman,enhancement,18,9,9
Rakshir,area-52,863,shaman,enhancement,18,9,9
Chrisluxon,frostmourne,863,shaman,enhancement,18,9,9
Partyrawk,sargeras,863,shaman,enhancement,18,9,9
Rubious,cenarius,863,shaman,enhancement,19,9,10
Ravízul,sargeras,863,shaman,enhancement,24,9,15
Myriostigma,illidan,863,shaman,enhancement,24,9,15
Person,illidan,862,shaman,enhancement,13,9,4
Bjôrn,bonechewer,862,shaman,enhancement,18,9,9
Bioshocked,korgath,862,shaman,enhancement,18,9,9
Antahanu,ragnaros,862,shaman,enhancement,18,9,9
Shahahaman,illidan,862,shaman,enhancement,18,9,9
Kwizal,stormrage,862,shaman,enhancement,18,9,9
Blackshami,quelthalas,862,shaman,enhancement,54,25,29
Skribblez,tichondrius,862,shaman,enhancement,22,10,12
Kakiscala,proudmoore,862,shaman,enhancement,23,9,14
Juky,emerald-dream,861,shaman,enhancement,24,9,15
Kultirio,quelthalas,861,shaman,enhancement,24,9,15
Hoann,tichondrius,860,shaman,enhancement,18,9,9
Fevolution,dreadmaul,859,shaman,enhancement,18,9,9
Schnellhund,tichondrius,859,shaman,enhancement,18,9,9
Hellriegel,ragnaros,859,shaman,enhancement,30,9,21
Capivarãão,stormrage,858,shaman,enhancement,24,9,15
Zentius,thunderhorn,858,shaman,enhancement,26,9,17
Hazorele,nagrand,857,shaman,enhancement,18,9,9
Mustymid,bleeding-hollow,857,shaman,enhancement,18,9,9
Shinchan,lightnings-blade,857,shaman,enhancement,18,9,9
Columan,frostmourne,857,shaman,enhancement,359,176,183
Valthunder,azjolnerub,854,shaman,enhancement,18,9,9
Bilbobaggenz,sargeras,854,shaman,enhancement,18,9,9
Cdont,zuljin,853,shaman,enhancement,18,9,9
Halajo,thrall,849,shaman,enhancement,27,10,17
Catchclause,eonar,846,shaman,enhancement,18,10,8
Ugaboogah,thrall,845,shaman,enhancement,18,9,9
Xaryu,shuhalo,840,shaman,enhancement,26,10,16
Vinara,drenden,837,shaman,enhancement,65,32,33
Srgarrobo,drakkari,837,shaman,enhancement,72,35,37
Earthkeeper,drakkari,835,shaman,enhancement,30,9,21
Shablam,daggerspine,831,shaman,enhancement,34,9,25
Grosgars,burning-blade,830,shaman,enhancement,20,10,10
Britisy,stormrage,825,shaman,enhancement,24,10,14
Sharmut,bleeding-hollow,816,shaman,enhancement,21,10,11
Heaties,tichondrius,815,shaman,enhancement,17,9,8
Noveske,arthas,810,shaman,enhancement,21,10,11
Azzula,tichondrius,809,shaman,enhancement,25,10,15
Maicer,goldrinn,809,shaman,enhancement,35,9,26
Belgrom,tichondrius,807,shaman,enhancement,18,10,8
Orendail,jubeithos,799,shaman,enhancement,27,9,18
Souvlakii,argent-dawn,798,shaman,enhancement,29,10,19
Minusshaman,dalaran,795,shaman,enhancement,16,9,7
Slumb,stormrage,781,shaman,enhancement,19,9,10
Miroen,tichondrius,768,shaman,enhancement,12,8,4
Illchayqt,frostmourne,768,shaman,enhancement,12,8,4
Zemz,nazjatar,768,shaman,enhancement,12,8,4
Cinderfury,magtheridon,768,shaman,enhancement,12,8,4
Humiliated,stormrage,768,shaman,enhancement,12,8,4
Jamz,lightbringer,768,shaman,enhancement,12,8,4
Còsmos,illidan,768,shaman,enhancement,12,8,4
Ennoku,khadgar,768,shaman,enhancement,12,8,4
Iava,dalaran,768,shaman,enhancement,12,8,4
Plznostepmom,tichondrius,768,shaman,enhancement,12,8,4
Magmaz,tichondrius,768,shaman,enhancement,14,8,6
Lungsha,tichondrius,768,shaman,enhancement,18,8,10
Lindsanx,illidan,768,shaman,enhancement,18,8,10
Diksauce,dalaran,768,shaman,enhancement,18,8,10
Zunjix,tichondrius,767,shaman,enhancement,12,8,4
Barrakum,darrowmere,767,shaman,enhancement,12,8,4
Mèrkk,misha,767,shaman,enhancement,12,8,4
Beloo,lightbringer,767,shaman,enhancement,12,8,4
Elevatezxo,stormrage,767,shaman,enhancement,12,8,4
Nekorii,bleeding-hollow,767,shaman,enhancement,12,8,4
Wæver,tichondrius,767,shaman,enhancement,18,8,10
Sleepyhållow,tichondrius,767,shaman,enhancement,18,8,10
Loliqueenfae,illidan,767,shaman,enhancement,18,8,10
Shockfreak,stormrage,767,shaman,enhancement,18,8,10
Beast,mannoroth,767,shaman,enhancement,18,8,10
Futtbungus,stormrage,767,shaman,enhancement,18,8,10
Ikiteforlsd,zuljin,767,shaman,enhancement,20,8,12
Aerôv,area-52,767,shaman,enhancement,24,8,16
Flamefüry,azralon,767,shaman,enhancement,24,8,16
Reptimus,sargeras,767,shaman,enhancement,24,8,16
Cuban,kelthuzad,767,shaman,enhancement,24,8,16
Thunderøus,stormrage,767,shaman,enhancement,24,8,16
Jeuno,gnomeregan,767,shaman,enhancement,24,8,16
Mcumshot,ragnaros,767,shaman,enhancement,30,8,22
Pipers,frostmourne,767,shaman,enhancement,31,8,23
Chamxz,ragnaros,766,shaman,enhancement,12,8,4
Driftwing,moon-guard,766,shaman,enhancement,12,8,4
Jme,arthas,766,shaman,enhancement,18,8,10
Adhdeeznuts,frostmourne,766,shaman,enhancement,18,8,10
Xhenra,proudmoore,766,shaman,enhancement,18,8,10
Hornyratchet,bleeding-hollow,766,shaman,enhancement,18,8,10
Zarzlek,destromath,766,shaman,enhancement,37,8,29
Sicetots,sargeras,765,shaman,enhancement,30,8,22
Jigawatt,doomhammer,764,shaman,enhancement,18,8,10
Volcanic,azuremyst,763,shaman,enhancement,24,8,16
Böc,tichondrius,760,shaman,enhancement,20,8,12
Endme,zuljin,758,shaman,enhancement,12,8,4
Rocktor,alleria,757,shaman,enhancement,12,8,4
Shimshak,destromath,756,shaman,enhancement,18,8,10
Fbombz,kalecgos,756,shaman,enhancement,24,8,16
Morgoph,bleeding-hollow,735,shaman,enhancement,14,9,5
Emaric,sargeras,735,shaman,enhancement,23,8,15
Succies,emerald-dream,719,shaman,enhancement,17,8,9
Gonative,turalyon,718,shaman,enhancement,21,9,12
Shockedya,destromath,714,shaman,enhancement,23,10,13
Crucybletv,korgath,714,shaman,enhancement,26,9,17
Hammerdog,illidan,703,shaman,enhancement,16,8,8
Móonchild,frostmourne,702,shaman,enhancement,22,8,14
Streetacus,tichondrius,698,shaman,enhancement,32,8,24
Õhmÿ,emerald-dream,687,shaman,enhancement,11,8,3
Maxsimiliano,emerald-dream,681,shaman,enhancement,24,8,16
Råys,turalyon,678,shaman,enhancement,19,8,11
Ceromental,frostmane,672,shaman,enhancement,12,7,5
Skylîne,sargeras,672,shaman,enhancement,12,7,5
Wóåh,stormrage,672,shaman,enhancement,12,7,5
Thrallsack,sargeras,672,shaman,enhancement,12,7,5
Sorgal,area-52,672,shaman,enhancement,12,7,5
Zapstrike,stormrage,672,shaman,enhancement,12,7,5
Sourcreamqtx,stormrage,672,shaman,enhancement,12,7,5
Lavalinks,malganis,672,shaman,enhancement,12,7,5
Driu,malganis,672,shaman,enhancement,12,7,5
Shamaen,kelthuzad,672,shaman,enhancement,12,7,5
Eimear,kelthuzad,672,shaman,enhancement,12,7,5
Ogsmolsham,zuljin,672,shaman,enhancement,12,7,5
Windführer,illidan,672,shaman,enhancement,12,7,5
Asy,tichondrius,672,shaman,enhancement,12,7,5
Battleimp,kelthuzad,672,shaman,enhancement,12,7,5
Malderasx,illidan,672,shaman,enhancement,12,7,5
Purpledrank,tichondrius,672,shaman,enhancement,12,7,5
Bawkbagawk,bleeding-hollow,672,shaman,enhancement,12,7,5
Wojnar,zuljin,672,shaman,enhancement,12,7,5
Mattzander,kiljaeden,672,shaman,enhancement,12,7,5
Voltik,ragnaros,672,shaman,enhancement,12,7,5
Swonsham,ravencrest,672,shaman,enhancement,12,7,5
Dwârf,tichondrius,672,shaman,enhancement,12,7,5
Syliss,illidan,672,shaman,enhancement,12,7,5
Vlal,tichondrius,672,shaman,enhancement,12,7,5
Yaytotems,sargeras,672,shaman,enhancement,12,7,5
Yungcreampie,bleeding-hollow,672,shaman,enhancement,18,7,11
Bussybutter,sargeras,672,shaman,enhancement,18,7,11
Jahahahamon,arthas,672,shaman,enhancement,18,7,11
Popsoot,area-52,672,shaman,enhancement,18,7,11
Kidkovid,illidan,672,shaman,enhancement,18,7,11
Raywhiter,tichondrius,672,shaman,enhancement,22,8,14
Cale,warsong,672,shaman,enhancement,24,7,17
Folse,tichondrius,671,shaman,enhancement,12,7,5
Seraøth,area-52,671,shaman,enhancement,12,7,5
Kaws,shattered-halls,671,shaman,enhancement,12,7,5
Mynigabob,zuljin,671,shaman,enhancement,12,7,5
Setek,barthilas,671,shaman,enhancement,12,7,5
Unbaerable,blackrock,671,shaman,enhancement,12,7,5
Checkmâte,emerald-dream,671,shaman,enhancement,12,7,5
Kermut,frostmourne,671,shaman,enhancement,12,7,5
Thiccpedro,andorhal,671,shaman,enhancement,12,7,5
Takemyprocs,ragnaros,671,shaman,enhancement,15,8,7
Taintvapor,stormrage,671,shaman,enhancement,18,7,11
Víì,tichondrius,671,shaman,enhancement,18,7,11
Atlli,zuljin,671,shaman,enhancement,18,7,11
Zald,shattered-halls,671,shaman,enhancement,18,7,11
Vivianä,ragnaros,671,shaman,enhancement,18,7,11
Enhancee,bonechewer,671,shaman,enhancement,18,7,11
Nondracil,ragnaros,671,shaman,enhancement,18,7,11
Baldguy,azralon,671,shaman,enhancement,18,7,11
Bitxxnumber,tichondrius,671,shaman,enhancement,18,7,11
Dennwoop,sargeras,671,shaman,enhancement,18,7,11
Macdab,malganis,671,shaman,enhancement,18,7,11
Wangbangjr,mugthol,671,shaman,enhancement,18,7,11
Coronavirrus,hydraxis,671,shaman,enhancement,18,7,11
Firtog,emerald-dream,671,shaman,enhancement,18,7,11
Jëks,azjolnerub,671,shaman,enhancement,18,7,11
Hrotah,wyrmrest-accord,671,shaman,enhancement,18,7,11
Velekar,moon-guard,671,shaman,enhancement,21,8,13
Illdelph,crushridge,671,shaman,enhancement,24,7,17
Hablarocas,ragnaros,671,shaman,enhancement,24,7,17
Radiology,garithos,670,shaman,enhancement,12,7,5
Morehammeerr,thunderlord,670,shaman,enhancement,12,7,5
Brutalshammy,muradin,670,shaman,enhancement,12,7,5
Harkah,area-52,670,shaman,enhancement,15,8,7
Møostrom,thrall,670,shaman,enhancement,18,7,11
Lolabye,drenden,670,shaman,enhancement,18,7,11
Orcgirth,kiljaeden,670,shaman,enhancement,21,8,13
Beithir,spirestone,669,shaman,enhancement,12,7,5
Thunderod,destromath,669,shaman,enhancement,12,7,5
Vladd,hellscream,669,shaman,enhancement,18,7,11
Helljumper,illidan,669,shaman,enhancement,21,8,13
Mugnar,alleria,669,shaman,enhancement,24,7,17
Jacniclstorm,frostmourne,668,shaman,enhancement,12,7,5
Goretusk,alleria,668,shaman,enhancement,18,7,11
Funkyshock,dalaran,667,shaman,enhancement,18,7,11
Gerjann,emerald-dream,667,shaman,enhancement,18,7,11
Äpollø,tichondrius,667,shaman,enhancement,24,7,17
Mambaz,tichondrius,662,shaman,enhancement,24,7,17
Shammychillz,ghostlands,654,shaman,enhancement,17,7,10
Fligmos,llane,639,shaman,enhancement,20,8,12
Tsuchekk,tichondrius,632,shaman,enhancement,26,10,16
Sugarbabyy,tichondrius,623,shaman,enhancement,11,7,4
Turboeg,stormrage,623,shaman,enhancement,11,7,4
Nazghash,wyrmrest-accord,623,shaman,enhancement,17,7,10
Øsama,ragnaros,622,shaman,enhancement,18,8,10
Smeeza,frostmourne,617,shaman,enhancement,21,9,12
Haawksin,ragnaros,617,shaman,enhancement,20,8,12
Dtrumpx,tichondrius,617,shaman,enhancement,22,8,14
Intress,moon-guard,607,shaman,enhancement,10,7,3
Äwarz,drakkari,607,shaman,enhancement,14,7,7
Eanne,moon-guard,592,shaman,enhancement,19,7,12
Pikoom,tichondrius,576,shaman,enhancement,6,6,0
Shamane,onyxia,576,shaman,enhancement,6,6,0
Ftierspec,frostmourne,576,shaman,enhancement,6,6,0
Shockpanda,zuljin,576,shaman,enhancement,6,6,0
Dånydevito,moonrunner,576,shaman,enhancement,6,6,0
Foxymama,the-forgotten-coast,576,shaman,enhancement,6,6,0
Spotbeard,shadowsong,576,shaman,enhancement,6,6,0
Aléxjonés,emerald-dream,576,shaman,enhancement,6,6,0
Slurgamer,area-52,576,shaman,enhancement,6,6,0
Vuduü,stormrage,576,shaman,enhancement,6,6,0
Chachmon,ursin,576,shaman,enhancement,6,6,0
Shambam,spirestone,576,shaman,enhancement,6,6,0
Hruggol,bleeding-hollow,576,shaman,enhancement,12,6,6
Owtyobwol,area-52,576,shaman,enhancement,12,6,6
Orkshammy,illidan,576,shaman,enhancement,12,6,6
Kêtchpup,wyrmrest-accord,576,shaman,enhancement,12,6,6
Måståçåstå,bleeding-hollow,576,shaman,enhancement,12,6,6
Enhpower,area-52,576,shaman,enhancement,12,6,6
Charleschwab,proudmoore,576,shaman,enhancement,12,6,6
Rékghar,tichondrius,576,shaman,enhancement,12,6,6
Xantíd,wyrmrest-accord,576,shaman,enhancement,12,6,6
Polifemus,draenor,576,shaman,enhancement,12,6,6
Aganagin,moon-guard,576,shaman,enhancement,12,6,6
Sabikas,sargeras,576,shaman,enhancement,12,6,6
Nataledormer,emerald-dream,576,shaman,enhancement,12,6,6
Scarlo,bleeding-hollow,576,shaman,enhancement,12,6,6
Stnky,cairne,576,shaman,enhancement,12,6,6
Stormdancer,elune,576,shaman,enhancement,12,6,6
Agpx,tichondrius,576,shaman,enhancement,12,6,6
Ezzroz,guldan,576,shaman,enhancement,12,6,6
Cptsnarf,tichondrius,576,shaman,enhancement,12,6,6
Stylebenderx,frostmourne,576,shaman,enhancement,12,6,6
Nyvka,ragnaros,576,shaman,enhancement,12,6,6
Skrankles,illidan,576,shaman,enhancement,12,6,6
Uggoluga,dalaran,576,shaman,enhancement,12,6,6
Karagra,tichondrius,576,shaman,enhancement,12,6,6
Onlyfanslink,darkspear,576,shaman,enhancement,12,6,6
Coraamia,nerzhul,576,shaman,enhancement,12,6,6
Trashcam,illidan,576,shaman,enhancement,12,6,6
Cooperation,kelthuzad,576,shaman,enhancement,12,6,6
Mojoryzing,sargeras,576,shaman,enhancement,12,6,6
Firetrucks,area-52,576,shaman,enhancement,12,6,6
Mouseketool,illidan,576,shaman,enhancement,12,6,6
Blazefury,stormrage,576,shaman,enhancement,12,6,6
Strønklesøn,drakthul,576,shaman,enhancement,12,6,6
Kyzen,tichondrius,576,shaman,enhancement,12,6,6
Xaspen,skullcrusher,576,shaman,enhancement,12,6,6
Unrezolved,hyjal,576,shaman,enhancement,13,6,7
Groovesh,thrall,576,shaman,enhancement,14,6,8
Spoke,emerald-dream,576,shaman,enhancement,18,6,12
Osunutai,ragnaros,576,shaman,enhancement,18,6,12
Ferdashock,tichondrius,576,shaman,enhancement,18,6,12
Phantrho,nemesis,576,shaman,enhancement,18,6,12
Fíren,area-52,576,shaman,enhancement,24,6,18
Royvaz,guldan,575,shaman,enhancement,12,6,6
Naextramus,ragnaros,575,shaman,enhancement,12,6,6
Internnet,sargeras,575,shaman,enhancement,12,6,6
Totemtantrum,tichondrius,575,shaman,enhancement,12,6,6
Gingeroo,stonemaul,575,shaman,enhancement,12,6,6
Somethingdop,sargeras,575,shaman,enhancement,12,6,6
Gyoza,ravenholdt,575,shaman,enhancement,12,6,6
Kobeshio,destromath,575,shaman,enhancement,21,7,14
Regeneration,darkspear,575,shaman,enhancement,18,6,12
Samo,the-underbog,575,shaman,enhancement,18,6,12
Tottemic,kelthuzad,575,shaman,enhancement,18,6,12
Sartikiria,wyrmrest-accord,575,shaman,enhancement,18,6,12
Unknownghost,maiev,575,shaman,enhancement,18,6,12
Møp,spirestone,575,shaman,enhancement,18,6,12
Asuni,illidan,575,shaman,enhancement,18,6,12
Krypticbolts,mannoroth,574,shaman,enhancement,24,6,18
Okdopey,area-52,574,shaman,enhancement,24,6,18
Størmbreäker,tichondrius,572,shaman,enhancement,12,6,6
Hazreti,zuljin,572,shaman,enhancement,18,6,12
Fadesrp,moon-guard,571,shaman,enhancement,12,6,6
Kylnadra,silvermoon,571,shaman,enhancement,12,6,6
Ðg,tichondrius,569,shaman,enhancement,18,6,12
Notahealz,zuljin,559,shaman,enhancement,17,6,11
Rykutu,lightbringer,544,shaman,enhancement,10,7,3
Blacklm,tichondrius,543,shaman,enhancement,11,6,5
Prêttylights,bleeding-hollow,543,shaman,enhancement,11,6,5
Djshocks,sargeras,527,shaman,enhancement,11,6,5
Drboidzerg,tichondrius,526,shaman,enhancement,11,6,5
Kään,emerald-dream,522,shaman,enhancement,16,7,9
Frèya,uldaman,520,shaman,enhancement,18,7,11
Forge,maelstrom,511,shaman,enhancement,14,6,8
Manntasticc,bleeding-hollow,511,shaman,enhancement,16,6,10
Waryndor,uldum,511,shaman,enhancement,16,6,10
Krunggar,azralon,480,shaman,enhancement,6,5,1
Riverington,sargeras,480,shaman,enhancement,6,5,1
Beatmán,blades-edge,480,shaman,enhancement,6,5,1
Çaçeçiçoçu,azralon,480,shaman,enhancement,6,5,1
Grimgron,burning-legion,480,shaman,enhancement,6,5,1
Fwap,bleeding-hollow,480,shaman,enhancement,6,5,1
Zunden,illidan,480,shaman,enhancement,6,5,1
Burrower,tichondrius,480,shaman,enhancement,6,5,1
Bluepenguin,kelthuzad,480,shaman,enhancement,6,5,1
Bofah,draktharon,480,shaman,enhancement,6,5,1
Sänë,tichondrius,480,shaman,enhancement,6,5,1
Spicytotem,thunderlord,480,shaman,enhancement,6,5,1
Zappiiboii,malganis,480,shaman,enhancement,6,5,1
Homøhexual,tichondrius,480,shaman,enhancement,6,5,1
Vivias,tichondrius,480,shaman,enhancement,6,5,1
Fozzybudule,bloodscalp,480,shaman,enhancement,6,5,1
Demetrio,illidan,480,shaman,enhancement,6,5,1
Wugmuk,illidan,480,shaman,enhancement,6,5,1
Bucklucky,malganis,480,shaman,enhancement,6,5,1
Bluekid,barthilas,480,shaman,enhancement,6,5,1
Tremordrfear,lightbringer,480,shaman,enhancement,6,5,1
Tekdar,kiljaeden,480,shaman,enhancement,10,6,4
Kamisenhance,illidan,480,shaman,enhancement,12,5,7
Thorderaan,frostmourne,480,shaman,enhancement,12,5,7
Jorgim,frostmourne,480,shaman,enhancement,12,5,7
Matzahmeal,skywall,480,shaman,enhancement,12,5,7
Maxchiquito,ragnaros,480,shaman,enhancement,12,5,7
Ioopii,area-52,480,shaman,enhancement,12,5,7
Shamshotted,tichondrius,480,shaman,enhancement,12,5,7
Sèktor,dalaran,480,shaman,enhancement,12,5,7
Spencesham,sargeras,480,shaman,enhancement,12,5,7
Sleepysham,kelthuzad,480,shaman,enhancement,12,5,7
Scrototæm,area-52,480,shaman,enhancement,12,5,7
Choquinho,azralon,480,shaman,enhancement,12,5,7
Overloåd,caelestrasz,480,shaman,enhancement,12,5,7
Sleepysham,anubarak,480,shaman,enhancement,12,5,7
Rockperson,illidan,480,shaman,enhancement,12,5,7
Keltarget,malganis,480,shaman,enhancement,12,5,7
Meatlog,dalaran,480,shaman,enhancement,12,5,7
Tempestarii,ragnaros,480,shaman,enhancement,12,5,7
Shaoscara,stormrage,480,shaman,enhancement,12,5,7
Shoktsky,moon-guard,480,shaman,enhancement,12,5,7
Electrikz,moonrunner,480,shaman,enhancement,12,5,7
Waterground,tichondrius,480,shaman,enhancement,12,5,7
Shango,kalecgos,480,shaman,enhancement,12,5,7
Mawcus,zuljin,480,shaman,enhancement,12,5,7
Magharmain,stormrage,480,shaman,enhancement,12,5,7
Nordstorm,stormrage,480,shaman,enhancement,12,5,7
Twohammers,tichondrius,480,shaman,enhancement,15,6,9
Yeyo,tichondrius,480,shaman,enhancement,17,5,12
Califon,quelthalas,480,shaman,enhancement,18,5,13
Spiritry,tichondrius,480,shaman,enhancement,18,5,13
Berasham,aerie-peak,480,shaman,enhancement,18,5,13
Gyokuken,stormrage,480,shaman,enhancement,18,5,13
Fofty,kelthuzad,480,shaman,enhancement,18,5,13
Lacabezona,ragnaros,480,shaman,enhancement,18,5,13
Gangdan,emerald-dream,480,shaman,enhancement,18,5,13
Dushkanar,barthilas,479,shaman,enhancement,12,5,7
Huskër,tichondrius,479,shaman,enhancement,12,5,7
Girthshock,khazgoroth,479,shaman,enhancement,12,5,7
Tugnar,ragnaros,479,shaman,enhancement,12,5,7
Airethix,area-52,479,shaman,enhancement,12,5,7
Youngthùg,frostmourne,479,shaman,enhancement,18,5,13
Tictactotum,hyjal,479,shaman,enhancement,18,5,13
Ghowsst,area-52,479,shaman,enhancement,18,5,13
Brorogan,aerie-peak,478,shaman,enhancement,12,5,7
Unhapintadaa,azralon,478,shaman,enhancement,18,5,13
Flie,tichondrius,478,shaman,enhancement,18,5,13
Enkkiz,ragnaros,477,shaman,enhancement,12,5,7
Curtrex,amanthul,472,shaman,enhancement,19,8,11
Pocoloco,blades-edge,463,shaman,enhancement,17,6,11
Grogakk,moon-guard,447,shaman,enhancement,12,6,6
Shazikial,illidan,447,shaman,enhancement,11,5,6
Jazzyy,korgath,447,shaman,enhancement,11,5,6
Notmydad,aggramar,444,shaman,enhancement,29,5,24
Tassic,shadowsong,431,shaman,enhancement,9,6,3
Beefdrapesz,tichondrius,426,shaman,enhancement,16,6,10
Flamestrife,illidan,426,shaman,enhancement,28,8,20
Ban,blackrock,416,shaman,enhancement,10,5,5
Furiousnick,stormrage,415,shaman,enhancement,8,5,3
Rykku,illidan,400,shaman,enhancement,7,5,2
Bigbb,tichondrius,400,shaman,enhancement,10,6,4
Yaboistew,illidan,384,shaman,enhancement,6,4,2
Nymmie,tichondrius,384,shaman,enhancement,6,4,2
Urao,stormrage,384,shaman,enhancement,6,4,2
Naömh,sargeras,384,shaman,enhancement,6,4,2
Stormysteve,hyjal,384,shaman,enhancement,6,4,2
Fluffyhex,sargeras,384,shaman,enhancement,6,4,2
Clydehexler,area-52,384,shaman,enhancement,6,4,2
Aureal,malganis,384,shaman,enhancement,6,4,2
Dingfu,sargeras,384,shaman,enhancement,6,4,2
Omomo,shadowmoon,384,shaman,enhancement,6,4,2
Trícksey,burning-blade,384,shaman,enhancement,6,4,2
Zaibiik,area-52,384,shaman,enhancement,6,4,2
Thenightt,garona,384,shaman,enhancement,6,4,2
Skipler,stormrage,384,shaman,enhancement,6,4,2
Shammyturp,darkspear,384,shaman,enhancement,6,4,2
Birkenshock,tichondrius,384,shaman,enhancement,6,4,2
Mastrionilol,dragonmaw,384,shaman,enhancement,6,4,2
Dammerung,amanthul,384,shaman,enhancement,6,4,2
Rychlost,malganis,384,shaman,enhancement,6,4,2
Drmn,frostmourne,384,shaman,enhancement,6,4,2
Meramin,illidan,384,shaman,enhancement,6,4,2
Izari,draka,384,shaman,enhancement,6,4,2
Paddlebeard,warsong,384,shaman,enhancement,6,4,2
Elemastery,windrunner,384,shaman,enhancement,6,4,2
Gunrose,proudmoore,384,shaman,enhancement,6,4,2
Branasou,emerald-dream,384,shaman,enhancement,6,4,2
Parashox,barthilas,384,shaman,enhancement,6,4,2
Grimwind,tichondrius,384,shaman,enhancement,6,4,2
Sweatshock,frostmourne,384,shaman,enhancement,6,4,2
Touchofarc,dragonblight,384,shaman,enhancement,6,4,2
Slurslinger,area-52,384,shaman,enhancement,6,4,2
Wools,frostmourne,384,shaman,enhancement,6,4,2
Donogal,aerie-peak,384,shaman,enhancement,6,4,2
Streetacus,area-52,384,shaman,enhancement,6,4,2
Chakkusando,barthilas,384,shaman,enhancement,6,4,2
Azmir,nagrand,384,shaman,enhancement,6,4,2
Tokyotimxxo,malganis,384,shaman,enhancement,6,4,2
Çrøwx,tichondrius,384,shaman,enhancement,6,4,2
Protoaster,tichondrius,384,shaman,enhancement,6,4,2
Utilitytotem,moon-guard,384,shaman,enhancement,6,4,2
Stoutbrew,jubeithos,384,shaman,enhancement,6,4,2
Orcswole,tichondrius,384,shaman,enhancement,6,4,2
Wheath,tichondrius,384,shaman,enhancement,6,4,2
Drugdòér,tichondrius,384,shaman,enhancement,6,4,2
Kylani,thrall,384,shaman,enhancement,6,4,2
Bigboyjones,thrall,384,shaman,enhancement,6,4,2
Electrona,gallywix,384,shaman,enhancement,6,4,2
Drupman,dalaran,384,shaman,enhancement,6,4,2
Bronzers,tichondrius,384,shaman,enhancement,6,4,2
Wisksashe,area-52,384,shaman,enhancement,7,4,3
Kisseyfaçaí,kelthuzad,384,shaman,enhancement,7,4,3
Eleshortal,azuremyst,384,shaman,enhancement,9,4,5
Kayadee,stormrage,384,shaman,enhancement,15,5,10
Therogg,tichondrius,384,shaman,enhancement,12,4,8
Peelingsurge,illidan,384,shaman,enhancement,12,4,8
Insanelol,tichondrius,384,shaman,enhancement,12,4,8
Plsrespond,archimonde,384,shaman,enhancement,12,4,8
Emppege,tichondrius,384,shaman,enhancement,12,4,8
Merrìtt,area-52,384,shaman,enhancement,12,4,8
Nóócego,nemesis,384,shaman,enhancement,12,4,8
Bigdampez,frostmourne,384,shaman,enhancement,12,4,8
Rbg,sargeras,384,shaman,enhancement,12,4,8
Naturebøy,bleeding-hollow,384,shaman,enhancement,12,4,8
Wurzag,bleeding-hollow,384,shaman,enhancement,12,4,8
Styrmic,frostmourne,384,shaman,enhancement,12,4,8
Shocknawe,eredar,384,shaman,enhancement,12,4,8
Ironloins,kelthuzad,384,shaman,enhancement,12,4,8
Vertrág,malganis,384,shaman,enhancement,12,4,8
Kooj,frostmourne,384,shaman,enhancement,12,4,8
Foray,barthilas,384,shaman,enhancement,12,4,8
Raikages,whisperwind,384,shaman,enhancement,12,4,8
Kaalyssia,moon-guard,384,shaman,enhancement,12,4,8
Wabfurrie,twisting-nether,384,shaman,enhancement,12,4,8
Cariix,maelstrom,384,shaman,enhancement,12,4,8
Nehrakgu,wyrmrest-accord,384,shaman,enhancement,12,4,8
Piril,moon-guard,384,shaman,enhancement,12,4,8
Racsol,ragnaros,384,shaman,enhancement,12,4,8
Bigstormz,fenris,384,shaman,enhancement,12,4,8
Tiqqle,area-52,384,shaman,enhancement,12,4,8
Gaurudon,zuljin,384,shaman,enhancement,12,4,8
Staylo,sargeras,384,shaman,enhancement,12,4,8
Holytotem,cenarius,384,shaman,enhancement,12,4,8
Kinnarlan,sargeras,384,shaman,enhancement,12,4,8
Smackzs,sargeras,384,shaman,enhancement,12,4,8
Hancendance,malganis,384,shaman,enhancement,12,4,8
Enanomka,drakkari,384,shaman,enhancement,12,4,8
Tictactotem,lothar,384,shaman,enhancement,12,4,8
Odhin,mannoroth,384,shaman,enhancement,12,4,8
Dùffman,jubeithos,384,shaman,enhancement,12,4,8
Gorszu,proudmoore,384,shaman,enhancement,15,4,11
Grimdil,quelthalas,384,shaman,enhancement,18,4,14
Brenqt,nemesis,384,shaman,enhancement,18,4,14
Jasonnworb,tichondrius,384,shaman,enhancement,18,4,14
Xoelement,borean-tundra,384,shaman,enhancement,18,4,14
Stormmän,stormrage,384,shaman,enhancement,18,4,14
Lilmabu,tichondrius,384,shaman,enhancement,20,4,16
Toeto,darrowmere,383,shaman,enhancement,6,4,2
Ghogann,bleeding-hollow,383,shaman,enhancement,6,4,2
Kotoong,kiljaeden,383,shaman,enhancement,6,4,2
Shiestys,tichondrius,383,shaman,enhancement,6,4,2
Galgara,amanthul,383,shaman,enhancement,10,4,6
Smolder,magtheridon,383,shaman,enhancement,12,4,8
Kurzee,kelthuzad,383,shaman,enhancement,12,4,8
Zenitsue,sargeras,383,shaman,enhancement,12,4,8
Jhaggrid,emerald-dream,383,shaman,enhancement,12,4,8
Wyntertotem,tichondrius,383,shaman,enhancement,12,4,8
Euthiliz,emerald-dream,383,shaman,enhancement,18,4,14
Ikora,crushridge,381,shaman,enhancement,12,4,8
Jonfckingear,zuljin,351,shaman,enhancement,8,5,3
Pyanir,thrall,351,shaman,enhancement,11,4,7
Engorgdshock,tichondrius,351,shaman,enhancement,14,5,9
Admetis,vashj,351,shaman,enhancement,17,4,13
Deggle,frostwolf,336,shaman,enhancement,15,4,11
Katerini,azralon,335,shaman,enhancement,11,4,7
Oríon,sargeras,335,shaman,enhancement,11,4,7
Jeaunoo,darkspear,330,shaman,enhancement,14,5,9
Zapsquidzap,illidan,330,shaman,enhancement,16,5,11
Kyrels,barthilas,330,shaman,enhancement,16,5,11
Moltenut,windrunner,330,shaman,enhancement,16,5,11
Macumbolo,nemesis,330,shaman,enhancement,23,5,18
Ýup,tichondrius,320,shaman,enhancement,10,4,6
Boøsty,bleeding-hollow,319,shaman,enhancement,5,4,1
Lardaz,darkspear,319,shaman,enhancement,5,4,1
Xulangshammy,illidan,319,shaman,enhancement,11,4,7
Tempestsmash,tichondrius,304,shaman,enhancement,7,4,3
Bimbly,eitrigg,303,shaman,enhancement,13,4,9
Daddyyankeé,ragnaros,288,shaman,enhancement,6,3,3
Shammuraí,duskwood,288,shaman,enhancement,6,3,3
Xuea,tichondrius,288,shaman,enhancement,6,3,3
Mundi,madoran,288,shaman,enhancement,6,3,3
Ëvëlyn,chogall,288,shaman,enhancement,6,3,3
Glexhex,tichondrius,288,shaman,enhancement,6,3,3
Shamwowz,boulderfist,288,shaman,enhancement,6,3,3
Slowkeeper,azralon,288,shaman,enhancement,6,3,3
Honeybean,tichondrius,288,shaman,enhancement,6,3,3
Latosos,dalaran,288,shaman,enhancement,6,3,3
Thunnor,tichondrius,288,shaman,enhancement,6,3,3
Xxamba,tichondrius,288,shaman,enhancement,6,3,3
Täkémëhìghér,dalvengyr,288,shaman,enhancement,6,3,3
Zoma,elune,288,shaman,enhancement,6,3,3
Uyk,tichondrius,288,shaman,enhancement,6,3,3
Thunderlol,thrall,288,shaman,enhancement,6,3,3
Subbyxd,tichondrius,288,shaman,enhancement,6,3,3
Krolii,tichondrius,288,shaman,enhancement,6,3,3
Cuddlesmash,azshara,288,shaman,enhancement,6,3,3
Lame,korgath,288,shaman,enhancement,6,3,3
Kubisham,warsong,288,shaman,enhancement,6,3,3
Thonty,sargeras,288,shaman,enhancement,6,3,3
Owiez,sargeras,288,shaman,enhancement,6,3,3
Hwenh,tichondrius,288,shaman,enhancement,6,3,3
Humper,korgath,288,shaman,enhancement,6,3,3
Bíxeira,azralon,288,shaman,enhancement,6,3,3
Mhuns,malganis,288,shaman,enhancement,6,3,3
Eekumbokum,bleeding-hollow,288,shaman,enhancement,6,3,3
Lennylemons,stormrage,288,shaman,enhancement,6,3,3
Bovinefony,blackrock,288,shaman,enhancement,6,3,3
Reminisce,sargeras,288,shaman,enhancement,6,3,3
Kakazuu,azralon,288,shaman,enhancement,6,3,3
Remi,blackrock,288,shaman,enhancement,6,3,3
Zapmavz,area-52,288,shaman,enhancement,6,3,3
Oskai,sargeras,288,shaman,enhancement,6,3,3
Felzir,quelthalas,288,shaman,enhancement,6,3,3
Grimmick,area-52,288,shaman,enhancement,6,3,3
Ghutter,tichondrius,288,shaman,enhancement,6,3,3
Thesarcasm,tichondrius,288,shaman,enhancement,6,3,3
Wreçkitralph,sargeras,288,shaman,enhancement,6,3,3
Toyletpaper,mugthol,288,shaman,enhancement,6,3,3
Fadeshy,illidan,288,shaman,enhancement,6,3,3
Diodas,sargeras,288,shaman,enhancement,6,3,3
Deadryassian,malganis,288,shaman,enhancement,6,3,3
Swifteyy,area-52,288,shaman,enhancement,6,3,3
Binishaman,tichondrius,288,shaman,enhancement,6,3,3
Bignveiny,darkspear,288,shaman,enhancement,6,3,3
Shammateur,malganis,288,shaman,enhancement,6,3,3
Harshest,stormrage,288,shaman,enhancement,6,3,3
Brantsham,tichondrius,288,shaman,enhancement,6,3,3
Nkrumah,sargeras,288,shaman,enhancement,6,3,3
Getwetand,quelthalas,288,shaman,enhancement,6,3,3
Cameltotim,bleeding-hollow,288,shaman,enhancement,6,3,3
Baelements,sargeras,288,shaman,enhancement,6,3,3
Sanachan,blood-furnace,288,shaman,enhancement,6,3,3
Robot,illidan,288,shaman,enhancement,6,3,3
Bottlez,sargeras,288,shaman,enhancement,6,3,3
Emtflakes,darkspear,288,shaman,enhancement,6,3,3
Ethikas,tichondrius,288,shaman,enhancement,6,3,3
Luxenor,kelthuzad,288,shaman,enhancement,6,3,3
Ulala,azshara,288,shaman,enhancement,6,3,3
Thiccwater,frostmourne,288,shaman,enhancement,6,3,3
Boymojo,daggerspine,288,shaman,enhancement,6,3,3
Urcarry,illidan,288,shaman,enhancement,6,3,3
Redpocket,zuluhed,288,shaman,enhancement,6,3,3
Qmsun,sargeras,288,shaman,enhancement,6,3,3
Lillb,tichondrius,288,shaman,enhancement,6,3,3
Freshoranges,blood-furnace,288,shaman,enhancement,6,3,3
Meatcannon,emerald-dream,288,shaman,enhancement,6,3,3
Mongö,winterhoof,288,shaman,enhancement,6,3,3
Hottesthands,barthilas,288,shaman,enhancement,6,3,3
Puffjin,zuljin,288,shaman,enhancement,6,3,3
Drgreek,barthilas,288,shaman,enhancement,6,3,3
Shøk,kaelthas,288,shaman,enhancement,6,3,3
Jumanji,zuljin,288,shaman,enhancement,6,3,3
Dwarfmaro,sargeras,288,shaman,enhancement,6,3,3
Gojiras,barthilas,288,shaman,enhancement,6,3,3
Littleshammy,aggramar,288,shaman,enhancement,6,3,3
Dogcompany,tichondrius,288,shaman,enhancement,6,3,3
Gimpanzee,kiljaeden,288,shaman,enhancement,6,3,3
Obouild,tichondrius,288,shaman,enhancement,6,3,3
Shamaro,malganis,288,shaman,enhancement,6,3,3
Gumballin,sargeras,288,shaman,enhancement,6,3,3
Toath,tichondrius,288,shaman,enhancement,6,3,3
Hexellentx,malganis,288,shaman,enhancement,6,3,3
Zulazla,kaelthas,288,shaman,enhancement,6,3,3
Dåd,kargath,288,shaman,enhancement,6,3,3
Akainu,bloodscalp,288,shaman,enhancement,6,3,3
Wakaru,stormrage,288,shaman,enhancement,6,3,3
Lyckmytotem,illidan,288,shaman,enhancement,6,3,3
Bon,ravencrest,288,shaman,enhancement,6,3,3
Cagedape,moon-guard,288,shaman,enhancement,6,3,3
Røckdeath,sargeras,288,shaman,enhancement,6,3,3
Wildernez,whisperwind,288,shaman,enhancement,6,3,3
Vivean,kelthuzad,288,shaman,enhancement,6,3,3
Helapoon,area-52,288,shaman,enhancement,6,3,3
Cars,jaedenar,288,shaman,enhancement,6,3,3
Johntrabølta,zuljin,288,shaman,enhancement,6,3,3
Sabtifa,proudmoore,288,shaman,enhancement,6,3,3
Aruçar,drakkari,288,shaman,enhancement,6,3,3
Gluttöny,moon-guard,288,shaman,enhancement,6,3,3
Tempestion,malganis,288,shaman,enhancement,9,4,5
Hephæstus,maiev,288,shaman,enhancement,9,4,5
Jaftter,quelthalas,288,shaman,enhancement,9,4,5
Putinsdad,tichondrius,288,shaman,enhancement,10,4,6
Totemlyhot,frostmourne,288,shaman,enhancement,10,4,6
Vanella,malganis,288,shaman,enhancement,8,3,5
Fuw,zuljin,288,shaman,enhancement,12,3,9
Shocksnbonds,zuljin,288,shaman,enhancement,12,3,9
Koorslight,proudmoore,288,shaman,enhancement,12,3,9
Totomayo,tichondrius,288,shaman,enhancement,12,3,9
Littlettub,stormrage,288,shaman,enhancement,12,3,9
Tritun,proudmoore,288,shaman,enhancement,12,3,9
Epicchodez,nerzhul,288,shaman,enhancement,12,3,9
Blooddtears,stormrage,288,shaman,enhancement,12,3,9
Camltotem,tichondrius,288,shaman,enhancement,12,3,9
Billymays,korgath,288,shaman,enhancement,12,3,9
Immunize,tichondrius,288,shaman,enhancement,12,3,9
Hammaam,illidan,288,shaman,enhancement,12,3,9
Thunderblood,nerzhul,288,shaman,enhancement,12,3,9
Fadda,illidan,288,shaman,enhancement,12,3,9
Smeagðl,tichondrius,288,shaman,enhancement,12,3,9
Samanl,tichondrius,288,shaman,enhancement,12,3,9
Cleiri,quelthalas,288,shaman,enhancement,12,3,9
Khazy,skullcrusher,288,shaman,enhancement,12,3,9
Drekkhal,area-52,288,shaman,enhancement,12,3,9
Jwondo,area-52,288,shaman,enhancement,12,3,9
Actios,stormrage,288,shaman,enhancement,12,3,9
Baddaboom,sargeras,288,shaman,enhancement,12,3,9
Arkenai,nordrassil,288,shaman,enhancement,12,3,9
Melåån,jubeithos,288,shaman,enhancement,12,3,9
Yaazz,frostmourne,288,shaman,enhancement,12,3,9
Xrag,sargeras,288,shaman,enhancement,12,3,9
Gudac,tichondrius,288,shaman,enhancement,12,3,9
Fishmoley,zuljin,288,shaman,enhancement,12,3,9
Jajxshammy,rivendare,288,shaman,enhancement,12,3,9
Bobbymooshay,area-52,288,shaman,enhancement,12,3,9
Malsturm,stormrage,288,shaman,enhancement,12,3,9
Lurklox,emerald-dream,288,shaman,enhancement,12,3,9
Silverwolf,eredar,288,shaman,enhancement,12,3,9
Faelzão,nemesis,288,shaman,enhancement,12,3,9
Sparkflint,aggramar,288,shaman,enhancement,12,3,9
Jireñ,area-52,288,shaman,enhancement,12,3,9
Sparkeybeard,frostmourne,288,shaman,enhancement,12,3,9
Drgiggleheim,tichondrius,288,shaman,enhancement,12,3,9
Chainstuff,area-52,288,shaman,enhancement,12,3,9
Jhivone,tichondrius,288,shaman,enhancement,12,3,9
Lightnîng,sargeras,288,shaman,enhancement,17,3,14
Chucklez,andorhal,288,shaman,enhancement,18,3,15
Kinnix,bonechewer,288,shaman,enhancement,18,3,15
Urbullshixx,tichondrius,287,shaman,enhancement,6,3,3
Trodor,tichondrius,287,shaman,enhancement,6,3,3
Quentin,khaz-modan,287,shaman,enhancement,6,3,3
Crazytotems,dalaran,287,shaman,enhancement,6,3,3
Potatomaster,malorne,287,shaman,enhancement,6,3,3
Mustbetrash,malganis,287,shaman,enhancement,6,3,3
Dnttazemebro,area-52,286,shaman,enhancement,6,3,3
Zappz,thunderlord,286,shaman,enhancement,6,3,3
ßodycount,area-52,271,shaman,enhancement,11,4,7
Nargen,tichondrius,271,shaman,enhancement,11,3,8
Elecerix,thrall,271,shaman,enhancement,11,3,8
Lagamental,frostmourne,240,shaman,enhancement,9,3,6
Cllayy,tichondrius,240,shaman,enhancement,9,3,6
Sølbi,tichondrius,239,shaman,enhancement,5,3,2
Caobuloso,azralon,239,shaman,enhancement,5,3,2
Ghazal,emerald-dream,234,shaman,enhancement,10,4,6
Kryms,chogall,234,shaman,enhancement,17,6,11
Shamncheddar,bleeding-hollow,234,shaman,enhancement,18,4,14
Kazadan,azralon,233,shaman,enhancement,24,4,20
Kodeyahk,proudmoore,224,shaman,enhancement,10,3,7
Johnpanda,frostmourne,192,shaman,enhancement,4,3,1
Rinjio,zuljin,192,shaman,enhancement,6,2,4
Contraponto,azralon,192,shaman,enhancement,6,2,4
Machingunele,aggramar,192,shaman,enhancement,6,2,4
Moisttaco,azshara,192,shaman,enhancement,6,2,4
Brocklee,farstriders,192,shaman,enhancement,6,2,4
Djs,bleeding-hollow,192,shaman,enhancement,6,2,4
Skyshamy,azralon,192,shaman,enhancement,6,2,4
Ibreakanklez,bleeding-hollow,192,shaman,enhancement,6,2,4
Goatgirl,tichondrius,192,shaman,enhancement,6,2,4
Mandeengoh,hakkar,192,shaman,enhancement,6,2,4
Doñapetá,ragnaros,192,shaman,enhancement,6,2,4
Agatotem,azgalor,192,shaman,enhancement,6,2,4
Shamanakin,emerald-dream,192,shaman,enhancement,6,2,4
Gstock,tichondrius,192,shaman,enhancement,6,2,4
Picolö,bleeding-hollow,192,shaman,enhancement,6,2,4
Dalnus,deathwing,192,shaman,enhancement,6,2,4
Buttermelk,bleeding-hollow,192,shaman,enhancement,6,2,4
Pozcaster,tichondrius,192,shaman,enhancement,6,2,4
Thünderstrük,tichondrius,192,shaman,enhancement,6,2,4
Ceedlamb,kelthuzad,192,shaman,enhancement,6,2,4
Jamsham,tichondrius,192,shaman,enhancement,6,2,4
Poxnhxb,tichondrius,192,shaman,enhancement,6,2,4
Morphose,tichondrius,192,shaman,enhancement,6,2,4
Statechamps,tichondrius,192,shaman,enhancement,6,2,4
Neast,sargeras,192,shaman,enhancement,6,2,4
Severîn,mannoroth,192,shaman,enhancement,6,2,4
Afri,tichondrius,192,shaman,enhancement,6,2,4
Detair,malganis,192,shaman,enhancement,6,2,4
Bootsix,area-52,192,shaman,enhancement,6,2,4
Jashiik,tichondrius,192,shaman,enhancement,6,2,4
Sareo,bonechewer,192,shaman,enhancement,6,2,4
Stallos,zuljin,192,shaman,enhancement,6,2,4
Sadisticewok,malganis,192,shaman,enhancement,6,2,4
Wìzz,zuljin,192,shaman,enhancement,6,2,4
Dàin,hyjal,192,shaman,enhancement,6,2,4
Apothicary,thrall,192,shaman,enhancement,6,2,4
Furywolf,bleeding-hollow,192,shaman,enhancement,6,2,4
Joehogan,stormrage,192,shaman,enhancement,6,2,4
Meatyball,tichondrius,192,shaman,enhancement,6,2,4
Jbahr,hyjal,192,shaman,enhancement,6,2,4
Hothandxo,illidan,192,shaman,enhancement,6,2,4
Neverend,tichondrius,192,shaman,enhancement,6,2,4
Mudañg,emerald-dream,192,shaman,enhancement,6,2,4
Netflixnfeet,moonrunner,192,shaman,enhancement,6,2,4
Bigwongtotem,thrall,192,shaman,enhancement,6,2,4
Hèllzpyro,sargeras,192,shaman,enhancement,6,2,4
Zeldrys,emerald-dream,192,shaman,enhancement,6,2,4
Krushin,tichondrius,192,shaman,enhancement,6,2,4
Girthquake,agamaggan,192,shaman,enhancement,6,2,4
Peternorse,tichondrius,192,shaman,enhancement,6,2,4
Raidjin,tichondrius,192,shaman,enhancement,6,2,4
Pericazo,sargeras,192,shaman,enhancement,6,2,4
Yátiri,ragnaros,192,shaman,enhancement,6,2,4
Toto,zuljin,192,shaman,enhancement,6,2,4
Totemrecalld,zuljin,192,shaman,enhancement,6,2,4
Tengarah,dalaran,192,shaman,enhancement,6,2,4
Vitaminc,garona,192,shaman,enhancement,6,2,4
Cackson,jubeithos,192,shaman,enhancement,6,2,4
Saltt,proudmoore,192,shaman,enhancement,6,2,4
ßeesy,emerald-dream,192,shaman,enhancement,6,2,4
Fatluma,zuljin,192,shaman,enhancement,6,2,4
Brofessor,frostwolf,192,shaman,enhancement,6,2,4
Stormfronts,kelthuzad,192,shaman,enhancement,6,2,4
Galarix,nerzhul,192,shaman,enhancement,6,2,4
Boj,magtheridon,192,shaman,enhancement,6,2,4
Amzurs,area-52,192,shaman,enhancement,6,2,4
Bearmanshrek,tichondrius,192,shaman,enhancement,6,2,4
Sprawl,stormrage,192,shaman,enhancement,6,2,4
Olboy,thrall,192,shaman,enhancement,6,2,4
Efsin,illidan,192,shaman,enhancement,6,2,4
Pissticles,bleeding-hollow,192,shaman,enhancement,6,2,4
Elleish,moon-guard,192,shaman,enhancement,6,2,4
Shockazulu,vashj,192,shaman,enhancement,6,2,4
Arabitol,stormrage,192,shaman,enhancement,6,2,4
Thrallzballz,firetree,192,shaman,enhancement,6,2,4
Unshavenxo,area-52,192,shaman,enhancement,6,2,4
Xantorn,illidan,192,shaman,enhancement,6,2,4
Rayjamalblk,tichondrius,192,shaman,enhancement,6,2,4
Badjujubruh,thrall,192,shaman,enhancement,6,2,4
Myancalender,tichondrius,192,shaman,enhancement,6,2,4
Khälvis,stormrage,192,shaman,enhancement,6,2,4
Vywolf,frostmourne,192,shaman,enhancement,6,2,4
Sosas,moon-guard,192,shaman,enhancement,6,2,4
Shamutari,sargeras,192,shaman,enhancement,6,2,4
Shommtastic,darkspear,192,shaman,enhancement,6,2,4
Gurdle,frostwolf,192,shaman,enhancement,6,2,4
Carahija,blackrock,192,shaman,enhancement,6,2,4
Ageegee,sargeras,192,shaman,enhancement,6,2,4
Mishalla,tichondrius,192,shaman,enhancement,6,2,4
Maoshaman,tichondrius,192,shaman,enhancement,6,2,4
Totemburst,frostmourne,192,shaman,enhancement,6,2,4
Elecpod,frostmourne,192,shaman,enhancement,6,2,4
Adios,blackrock,192,shaman,enhancement,6,2,4
Grukall,galakrond,192,shaman,enhancement,6,2,4
Shokxx,malganis,192,shaman,enhancement,6,2,4
Scarshamxn,frostmourne,192,shaman,enhancement,6,2,4
Durogh,darkspear,192,shaman,enhancement,6,2,4
Turbopls,sargeras,192,shaman,enhancement,6,2,4
Synyshok,tichondrius,192,shaman,enhancement,6,2,4
Friedshammy,frostmourne,192,shaman,enhancement,6,2,4
Virô,sargeras,192,shaman,enhancement,6,2,4
Totemzie,illidan,192,shaman,enhancement,6,2,4
Thejoshuwua,icecrown,192,shaman,enhancement,6,2,4
Loused,wyrmrest-accord,192,shaman,enhancement,6,2,4
Ôprawindfury,mugthol,192,shaman,enhancement,6,2,4
Bullcowsby,darkspear,192,shaman,enhancement,6,2,4
Huiracøcha,quelthalas,192,shaman,enhancement,6,2,4
Slugstout,moon-guard,192,shaman,enhancement,6,2,4
Solliexo,area-52,192,shaman,enhancement,6,2,4
Eraali,stormrage,192,shaman,enhancement,6,2,4
Skyten,quelthalas,192,shaman,enhancement,6,2,4
Sparklebunny,dark-iron,192,shaman,enhancement,6,2,4
Maelshock,tichondrius,192,shaman,enhancement,6,2,4
Khuufu,fizzcrank,192,shaman,enhancement,6,2,4
Prowdt,azralon,192,shaman,enhancement,6,2,4
Nyce,kelthuzad,192,shaman,enhancement,6,2,4
Twistër,illidan,192,shaman,enhancement,6,2,4
Jammylol,frostmourne,192,shaman,enhancement,6,2,4
Eàrthfury,malganis,192,shaman,enhancement,6,2,4
Rhomra,wyrmrest-accord,192,shaman,enhancement,6,2,4
Motorrad,azralon,192,shaman,enhancement,6,2,4
Bakenquake,tichondrius,192,shaman,enhancement,6,2,4
Nigghtwolf,illidan,192,shaman,enhancement,6,2,4
Pandancement,thrall,192,shaman,enhancement,6,2,4
Hecstacy,dalaran,192,shaman,enhancement,6,2,4
Kyojuro,shadowsong,192,shaman,enhancement,6,2,4
Crankzilla,area-52,192,shaman,enhancement,6,2,4
Kumer,tichondrius,192,shaman,enhancement,6,2,4
Shamnick,malganis,192,shaman,enhancement,6,2,4
Quequin,quelthalas,192,shaman,enhancement,6,2,4
Sagekee,darkspear,192,shaman,enhancement,6,2,4
Bigfatpus,illidan,192,shaman,enhancement,6,2,4
Shockalot,lightnings-blade,192,shaman,enhancement,6,2,4
Szael,durotan,192,shaman,enhancement,6,2,4
Dontccmepls,stormrage,192,shaman,enhancement,6,2,4
Mavz,illidan,192,shaman,enhancement,6,2,4
Kylanlight,moon-guard,192,shaman,enhancement,6,2,4
Goyshaman,illidan,192,shaman,enhancement,6,2,4
Shockstick,frostmourne,192,shaman,enhancement,6,2,4
Milkmeforhp,frostmourne,192,shaman,enhancement,6,2,4
Texaspumper,sargeras,192,shaman,enhancement,6,2,4
Faygetto,sargeras,192,shaman,enhancement,6,2,4
Uwitduhfeds,moon-guard,192,shaman,enhancement,6,2,4
Whameradetu,suramar,192,shaman,enhancement,6,2,4
Dibbydogtote,tichondrius,192,shaman,enhancement,6,2,4
Swigadee,tichondrius,192,shaman,enhancement,6,2,4
Lavabolts,tichondrius,192,shaman,enhancement,6,2,4
Valcannos,area-52,192,shaman,enhancement,6,2,4
Shamflu,tichondrius,192,shaman,enhancement,6,2,4
Soapmactavis,sargeras,192,shaman,enhancement,6,2,4
Freesolo,barthilas,192,shaman,enhancement,6,2,4
Daiablo,barthilas,192,shaman,enhancement,6,2,4
Thekoi,frostmourne,192,shaman,enhancement,10,3,7
Feär,ysera,192,shaman,enhancement,9,2,7
Zuljiba,illidan,192,shaman,enhancement,12,2,10
Stylebend,area-52,192,shaman,enhancement,12,2,10
Dadajuju,azralon,192,shaman,enhancement,12,2,10
Brewstoned,kargath,192,shaman,enhancement,12,2,10
Legendmatic,illidan,192,shaman,enhancement,12,2,10
Rât,dunemaul,192,shaman,enhancement,12,2,10
Ohtoro,zuljin,192,shaman,enhancement,12,2,10
Vashidda,stormrage,192,shaman,enhancement,12,2,10
Manemon,quelthalas,192,shaman,enhancement,12,2,10
Gusgusgus,laughing-skull,192,shaman,enhancement,12,2,10
Coffeeblacc,magtheridon,192,shaman,enhancement,12,2,10
Elèctro,tichondrius,192,shaman,enhancement,12,2,10
Rhazer,cenarion-circle,192,shaman,enhancement,12,2,10
Tampíco,ragnaros,192,shaman,enhancement,12,2,10
Chontu,area-52,192,shaman,enhancement,12,2,10
Îlikêdinos,aggramar,192,shaman,enhancement,12,2,10
Shamanhack,hellscream,192,shaman,enhancement,15,2,13
Etzlï,dragonmaw,192,shaman,enhancement,18,2,16
Ophine,illidan,191,shaman,enhancement,6,2,4
Dahmerjr,area-52,191,shaman,enhancement,6,2,4
Calmconflict,daggerspine,191,shaman,enhancement,6,2,4
Baktolumby,tichondrius,175,shaman,enhancement,11,2,9
Jhotto,drenden,169,shaman,enhancement,9,6,3
Liltmantwo,skywall,160,shaman,enhancement,10,3,7
Healingtime,nerzhul,159,shaman,enhancement,5,2,3
Manquez,tichondrius,159,shaman,enhancement,5,2,3
Nuggitz,tichondrius,159,shaman,enhancement,5,2,3
Skuffedx,spirestone,159,shaman,enhancement,5,2,3
Shamto,zuljin,144,shaman,enhancement,3,3,0
Grauldron,illidan,144,shaman,enhancement,9,2,7
Khaylaa,tichondrius,138,shaman,enhancement,11,6,5
Shamanzito,ragnaros,128,shaman,enhancement,4,2,2
Evlle,tichondrius,128,shaman,enhancement,4,2,2
Bogz,korgath,128,shaman,enhancement,4,2,2
Badgeshock,area-52,128,shaman,enhancement,4,2,2
Odegaard,barthilas,112,shaman,enhancement,7,2,5
Ludacrìtz,stormrage,112,shaman,enhancement,7,2,5
Utk,tichondrius,96,shaman,enhancement,3,2,1
Shamcakes,kilrogg,96,shaman,enhancement,17,3,14
Zoeyzour,illidan,96,shaman,enhancement,6,1,5
Camer,sargeras,96,shaman,enhancement,6,1,5
Sweettooth,area-52,96,shaman,enhancement,6,1,5
Aiggiggigne,sargeras,96,shaman,enhancement,6,1,5
Toyotatron,tichondrius,96,shaman,enhancement,6,1,5
Alferian,moon-guard,96,shaman,enhancement,6,1,5
Zoltide,sargeras,96,shaman,enhancement,6,1,5
Layton,gnomeregan,96,shaman,enhancement,6,1,5
Nanishock,area-52,96,shaman,enhancement,6,1,5
Anticidè,zuluhed,96,shaman,enhancement,6,1,5
Firefíst,area-52,96,shaman,enhancement,6,1,5
Baelgoth,moon-guard,96,shaman,enhancement,6,1,5
Tetonka,tichondrius,96,shaman,enhancement,6,1,5
Karmar,proudmoore,96,shaman,enhancement,6,1,5
Saesenthesis,barthilas,96,shaman,enhancement,6,1,5
Beazel,moon-guard,96,shaman,enhancement,6,1,5
Shamofshame,garrosh,96,shaman,enhancement,6,1,5
Axshaman,darkspear,96,shaman,enhancement,6,1,5
Fourever,ragnaros,96,shaman,enhancement,6,1,5
Adosistoxic,zuljin,96,shaman,enhancement,6,1,5
Shockd,icecrown,96,shaman,enhancement,6,1,5
Fludge,dathremar,96,shaman,enhancement,6,1,5
Sweatytotems,tichondrius,96,shaman,enhancement,6,1,5
Totemtîme,frostmourne,96,shaman,enhancement,6,1,5
Trouvaille,tichondrius,96,shaman,enhancement,6,1,5
Trøuble,deathwing,96,shaman,enhancement,6,1,5
Kidlat,tichondrius,96,shaman,enhancement,6,1,5
Nessannix,stormrage,96,shaman,enhancement,6,1,5
Jackzilla,dreadmaul,96,shaman,enhancement,6,1,5
Juvîa,emerald-dream,96,shaman,enhancement,6,1,5
Paramecium,sargeras,96,shaman,enhancement,6,1,5
Drgoodvibes,barthilas,96,shaman,enhancement,6,1,5
Zugnuz,sargeras,96,shaman,enhancement,6,1,5
Udÿr,drakkari,96,shaman,enhancement,6,1,5
Volaarn,area-52,96,shaman,enhancement,6,1,5
Totalshaman,kiljaeden,96,shaman,enhancement,6,1,5
Poonqtx,frostmourne,96,shaman,enhancement,6,1,5
Zeemo,maelstrom,96,shaman,enhancement,6,1,5
Trynr,ragnaros,96,shaman,enhancement,6,1,5
Solari,hydraxis,96,shaman,enhancement,6,1,5
Killuminatti,nathrezim,96,shaman,enhancement,6,1,5
Littz,malganis,96,shaman,enhancement,6,1,5
Chewbåcca,skywall,96,shaman,enhancement,6,1,5
Pileef,thrall,96,shaman,enhancement,6,1,5
Frostyshock,hellscream,96,shaman,enhancement,6,1,5
Charredbull,dragonblight,96,shaman,enhancement,6,1,5
Nøzurbo,area-52,96,shaman,enhancement,6,1,5
Zabatee,dalaran,96,shaman,enhancement,6,1,5
Ëvà,dalaran,96,shaman,enhancement,6,1,5
Ulfgarn,stormrage,96,shaman,enhancement,6,1,5
Tahz,wyrmrest-accord,96,shaman,enhancement,6,1,5
Onemount,tichondrius,96,shaman,enhancement,6,1,5
Headcrackx,sargeras,96,shaman,enhancement,6,1,5
Deboster,quelthalas,96,shaman,enhancement,6,1,5
Arkthòn,emerald-dream,96,shaman,enhancement,6,1,5
Spaceghost,illidan,96,shaman,enhancement,6,1,5
Sheriffbj,emerald-dream,96,shaman,enhancement,6,1,5
Sureofname,frostmourne,96,shaman,enhancement,6,1,5
Zhakrö,ragnaros,96,shaman,enhancement,6,1,5
Kranif,tichondrius,96,shaman,enhancement,6,1,5
Atmospheric,frostmourne,96,shaman,enhancement,6,1,5
Kinjin,dragonmaw,96,shaman,enhancement,6,1,5
Firmerpit,tichondrius,96,shaman,enhancement,6,1,5
Feuerbart,dalaran,96,shaman,enhancement,6,1,5
Kàrlx,tichondrius,96,shaman,enhancement,6,1,5
Rehgar,magtheridon,96,shaman,enhancement,6,1,5
Zuitianshi,tichondrius,96,shaman,enhancement,6,1,5
Youliuhua,tichondrius,96,shaman,enhancement,6,1,5
Raelo,staghelm,96,shaman,enhancement,6,1,5
Drwsham,ragnaros,96,shaman,enhancement,6,1,5
Tym,sargeras,96,shaman,enhancement,6,1,5
Coldbull,azralon,96,shaman,enhancement,6,1,5
Nommymilkers,stormrage,96,shaman,enhancement,6,1,5
Tôôz,stormrage,96,shaman,enhancement,6,1,5
Blackjackxx,frostmourne,96,shaman,enhancement,6,1,5
Neveroom,cenarius,96,shaman,enhancement,6,1,5
Hangellyca,azralon,96,shaman,enhancement,6,1,5
Khaydar,auchindoun,96,shaman,enhancement,6,1,5
Numbao,area-52,96,shaman,enhancement,6,1,5
Sandmanatee,crushridge,96,shaman,enhancement,6,1,5
Shamamas,area-52,96,shaman,enhancement,6,1,5
Chudeshock,ragnaros,96,shaman,enhancement,6,1,5
Dxvxn,tichondrius,96,shaman,enhancement,6,1,5
Uttertrash,illidan,96,shaman,enhancement,6,1,5
Shamaatu,tichondrius,96,shaman,enhancement,6,1,5
Aezst,illidan,96,shaman,enhancement,6,1,5
Chroll,tichondrius,96,shaman,enhancement,6,1,5
Tsunder,frostmourne,96,shaman,enhancement,6,1,5
Shoxztwo,korgath,96,shaman,enhancement,6,1,5
Bunnyele,tichondrius,96,shaman,enhancement,6,1,5
Fäcecleave,malfurion,96,shaman,enhancement,6,1,5
Korrin,trollbane,96,shaman,enhancement,6,1,5
Karrydoskftw,ragnaros,96,shaman,enhancement,6,1,5
Yungmeaty,tichondrius,96,shaman,enhancement,7,1,6
Threehandz,bleeding-hollow,96,shaman,enhancement,8,1,7
Wildspark,frostmourne,96,shaman,enhancement,12,1,11
Zugpug,emerald-dream,96,shaman,enhancement,12,1,11
Thallor,stormrage,96,shaman,enhancement,12,1,11
Thickynuff,azshara,96,shaman,enhancement,12,1,11
Immutef,tichondrius,96,shaman,enhancement,12,1,11
Kenion,silver-hand,96,shaman,enhancement,12,1,11
Chäningtotem,kiljaeden,96,shaman,enhancement,12,1,11
Javinoo,tichondrius,96,shaman,enhancement,12,1,11
Geladoo,gallywix,96,shaman,enhancement,12,1,11
Smokeymcpots,khazgoroth,95,shaman,enhancement,6,1,5
Oakshield,darkspear,64,shaman,enhancement,4,1,3
Stórmfuryz,tichondrius,64,shaman,enhancement,4,1,3
Njórd,sargeras,63,shaman,enhancement,2,2,0
Bluberi,nazjatar,48,shaman,enhancement,3,1,2
Rondru,zuljin,48,shaman,enhancement,3,1,2
Splewtsham,thrall,48,shaman,enhancement,3,1,2
Ekatonkiro,ragnaros,48,shaman,enhancement,3,1,2
Stormburst,sargeras,42,shaman,enhancement,9,2,7
Feels,arthas,42,shaman,enhancement,19,3,16
Thegaurdian,rivendare,31,shaman,enhancement,2,1,1
Totemlord,lightnings-blade,31,shaman,enhancement,2,1,1
Haruchan,dalaran,16,shaman,enhancement,1,1,0
Stumpyjoe,terokkar,16,shaman,enhancement,7,1,6
Cidkagenou,sargeras,2410,warlock,demonology,69,51,18
Bronzerl,tichondrius,2366,warlock,demonology,75,51,24
Wildimp,aerie-peak,2354,warlock,demonology,180,104,76
Wildimpx,sargeras,2309,warlock,demonology,250,136,114
Oymmander,illidan,2303,warlock,demonology,86,55,31
Dreadlock,tichondrius,2302,warlock,demonology,101,57,44
Btsfangirl,moon-guard,2297,warlock,demonology,140,80,60
Chanigay,tichondrius,2289,warlock,demonology,83,52,31
Miredö,tichondrius,2284,warlock,demonology,108,62,46
Bahamas,bleeding-hollow,2274,warlock,demonology,120,68,52
Fishorz,tichondrius,2271,warlock,demonology,119,64,55
Lilballz,tichondrius,2266,warlock,demonology,71,44,27
Nos,bleeding-hollow,2263,warlock,demonology,88,54,34
Slantsix,tichondrius,2250,warlock,demonology,151,79,72
Wesyane,anetheron,2249,warlock,demonology,204,111,93
Shinyballz,tichondrius,2240,warlock,demonology,89,51,38
Mixtape,stormrage,2239,warlock,demonology,83,51,32
Gentleq,tichondrius,2237,warlock,demonology,111,62,49
Babyaga,illidan,2233,warlock,demonology,108,59,49
Bigfatballz,tichondrius,2224,warlock,demonology,106,61,45
Iordozzy,malganis,2215,warlock,demonology,132,80,52
Jojofann,nemesis,2212,warlock,demonology,59,40,19
Sofan,dalaran,2212,warlock,demonology,94,54,40
Xadge,tichondrius,2209,warlock,demonology,85,48,37
Awangdemon,tichondrius,2205,warlock,demonology,98,56,42
Mlx,proudmoore,2205,warlock,demonology,212,114,98
Toiletghost,tichondrius,2204,warlock,demonology,122,78,44
Evildeath,tichondrius,2197,warlock,demonology,84,47,37
Xygg,tichondrius,2195,warlock,demonology,126,70,56
Beyourselff,tichondrius,2195,warlock,demonology,151,80,71
Erock,korgath,2180,warlock,demonology,72,54,18
Hrrpeuh,zuljin,2179,warlock,demonology,90,53,37
Fatass,cairne,2179,warlock,demonology,74,42,32
Deathair,tichondrius,2178,warlock,demonology,72,43,29
Wzxx,tichondrius,2175,warlock,demonology,102,54,48
Boltqt,tichondrius,2172,warlock,demonology,66,40,26
Broccoleh,area-52,2169,warlock,demonology,126,69,57
Inmøtion,tichondrius,2168,warlock,demonology,108,59,49
Sslock,sargeras,2161,warlock,demonology,130,71,59
Newmanz,nerzhul,2160,warlock,demonology,83,44,39
Kymochaos,sargeras,2160,warlock,demonology,65,34,31
Procalypse,stormrage,2159,warlock,demonology,72,43,29
Ediya,tichondrius,2158,warlock,demonology,214,112,102
Daerde,malganis,2156,warlock,demonology,71,41,30
Erlandesher,tichondrius,2154,warlock,demonology,167,86,81
Slpxoxo,sargeras,2149,warlock,demonology,66,44,22
Gianni,chogall,2149,warlock,demonology,107,57,50
Abrocket,alleria,2143,warlock,demonology,72,45,27
Precogfear,tichondrius,2138,warlock,demonology,322,166,156
Kimchiblast,tichondrius,2135,warlock,demonology,71,42,29
Ogchaos,tichondrius,2135,warlock,demonology,96,54,42
Aoepump,tichondrius,2133,warlock,demonology,84,46,38
Ziffy,emerald-dream,2133,warlock,demonology,84,42,42
Spicytaters,malganis,2130,warlock,demonology,66,48,18
Döremi,tichondrius,2130,warlock,demonology,71,40,31
Biubius,tichondrius,2128,warlock,demonology,84,44,40
Harambê,sargeras,2127,warlock,demonology,36,27,9
Lemmefear,illidan,2127,warlock,demonology,47,32,15
Uaf,tichondrius,2127,warlock,demonology,66,38,28
Actualjoke,frostmourne,2124,warlock,demonology,118,68,50
Patoquenn,azralon,2124,warlock,demonology,78,41,37
Bigdaddylol,ragnaros,2120,warlock,demonology,83,45,38
Iruffcarla,cairne,2119,warlock,demonology,96,56,40
Ltr,moon-guard,2118,warlock,demonology,90,50,40
Il,nerzhul,2117,warlock,demonology,112,62,50
Awdam,tichondrius,2114,warlock,demonology,96,50,46
Vexxes,malganis,2114,warlock,demonology,407,210,197
Zuelu,tichondrius,2113,warlock,demonology,235,124,111
Reallygud,tichondrius,2112,warlock,demonology,89,46,43
Ensebado,azralon,2111,warlock,demonology,140,78,62
Sàill,tichondrius,2111,warlock,demonology,65,35,30
Falco,azshara,2110,warlock,demonology,66,38,28
Synkz,blood-furnace,2110,warlock,demonology,72,38,34
Cosmosxx,illidan,2110,warlock,demonology,112,58,54
Kaossqt,azralon,2105,warlock,demonology,165,86,79
Díablo,bleeding-hollow,2104,warlock,demonology,95,62,33
Spicyfingers,illidan,2103,warlock,demonology,78,44,34
Babydots,stormreaver,2103,warlock,demonology,249,134,115
Darkzell,azralon,2102,warlock,demonology,78,46,32
Nðm,tichondrius,2100,warlock,demonology,72,44,28
Venticm,tichondrius,2099,warlock,demonology,66,39,27
Disgustingfk,illidan,2098,warlock,demonology,96,61,35
Iselltacos,dalaran,2086,warlock,demonology,55,37,18
Maadhum,illidan,2079,warlock,demonology,104,55,49
Tessarath,area-52,2079,warlock,demonology,89,47,42
Ofc,malganis,2068,warlock,demonology,60,35,25
Demoniclily,kiljaeden,2058,warlock,demonology,77,39,38
Lilgigs,stormrage,2056,warlock,demonology,163,86,77
Laiquisha,zuljin,2053,warlock,demonology,120,64,56
Nosw,bleeding-hollow,2052,warlock,demonology,42,30,12
Louu,emerald-dream,2050,warlock,demonology,119,66,53
Persistencss,tichondrius,2047,warlock,demonology,48,29,19
Dotman,tichondrius,2044,warlock,demonology,76,42,34
Ztlivid,area-52,2044,warlock,demonology,359,185,174
Avery,mannoroth,2043,warlock,demonology,66,32,34
Scalpelexis,stormrage,2040,warlock,demonology,47,30,17
Hellbraive,queldorei,2039,warlock,demonology,78,44,34
Shadowsloc,tichondrius,2034,warlock,demonology,36,27,9
Playßøy,area-52,2032,warlock,demonology,60,33,27
Etuskaa,tichondrius,2032,warlock,demonology,179,89,90
Gigabiga,area-52,2028,warlock,demonology,54,35,19
Dätura,tichondrius,2026,warlock,demonology,157,92,65
Eazyw,stormrage,2024,warlock,demonology,95,47,48
Zörkô,zuljin,2020,warlock,demonology,363,188,175
Debao,malganis,2016,warlock,demonology,185,90,95
Snuufels,area-52,2013,warlock,demonology,120,67,53
Paygo,tichondrius,2008,warlock,demonology,86,49,37
Nocrackrocks,stormrage,2007,warlock,demonology,117,66,51
Stopdot,lightnings-blade,2004,warlock,demonology,282,142,140
Atheô,ragnaros,2002,warlock,demonology,118,63,55
Demondisco,tichondrius,2002,warlock,demonology,181,92,89
Alisa,moon-guard,2002,warlock,demonology,96,48,48
Unhòólylck,ragnaros,1999,warlock,demonology,121,61,60
Ðëâthløck,tichondrius,1998,warlock,demonology,89,45,44
Darthael,stormrage,1998,warlock,demonology,96,48,48
Demyo,tichondrius,1997,warlock,demonology,56,30,26
Voidxx,tichondrius,1995,warlock,demonology,42,29,13
Xarela,kiljaeden,1980,warlock,demonology,72,46,26
Wls,frostmourne,1980,warlock,demonology,175,98,77
Teivlol,mugthol,1980,warlock,demonology,96,51,45
Gigabiga,tol-barad,1979,warlock,demonology,56,38,18
Extreme,blackwing-lair,1978,warlock,demonology,78,53,25
Menemies,malganis,1977,warlock,demonology,56,35,21
Xiyangpvp,tichondrius,1974,warlock,demonology,66,36,30
Percadu,barthilas,1974,warlock,demonology,151,80,71
Tiltbaseline,emerald-dream,1974,warlock,demonology,83,38,45
Mhael,lightninghoof,1972,warlock,demonology,90,50,40
Feinnx,dalaran,1971,warlock,demonology,114,58,56
Baka,moon-guard,1969,warlock,demonology,72,39,33
Meisy,quelthalas,1965,warlock,demonology,81,41,40
Shuffler,tichondrius,1964,warlock,demonology,113,71,42
Coèrce,tichondrius,1960,warlock,demonology,77,41,36
Glad,fenris,1959,warlock,demonology,58,33,25
Megamindx,tichondrius,1957,warlock,demonology,48,31,17
Voidbb,tichondrius,1957,warlock,demonology,53,30,23
Bleachkk,tichondrius,1955,warlock,demonology,119,69,50
Jimmyvagene,area-52,1953,warlock,demonology,48,30,18
Buymymixtåpe,ursin,1953,warlock,demonology,75,45,30
Voidxo,tichondrius,1948,warlock,demonology,54,29,25
Ihaveapowers,maiev,1944,warlock,demonology,120,60,60
Yekoms,emerald-dream,1943,warlock,demonology,96,57,39
Bwonsamdijin,tichondrius,1943,warlock,demonology,164,80,84
Lambe,tichondrius,1941,warlock,demonology,59,35,24
Naughtybolts,sargeras,1941,warlock,demonology,80,46,34
Lockdlhm,tichondrius,1940,warlock,demonology,66,41,25
Keylloggz,sargeras,1939,warlock,demonology,199,107,92
Tarth,sargeras,1939,warlock,demonology,172,90,82
Canobio,tichondrius,1937,warlock,demonology,89,54,35
Littlerod,tichondrius,1934,warlock,demonology,90,48,42
Suwook,tichondrius,1933,warlock,demonology,39,29,10
Doomdm,zuljin,1931,warlock,demonology,54,31,23
Tazlock,blackrock,1929,warlock,demonology,204,102,102
Larixpotanin,tichondrius,1927,warlock,demonology,166,93,73
Lockedlock,nemesis,1923,warlock,demonology,72,40,32
Arckádia,stormrage,1923,warlock,demonology,66,31,35
Shadowmoonon,tichondrius,1921,warlock,demonology,43,21,22
Bronzel,tichondrius,1920,warlock,demonology,48,30,18
Bugbugg,tichondrius,1917,warlock,demonology,83,42,41
Åmön,zuljin,1916,warlock,demonology,90,46,44
Maral,kelthuzad,1914,warlock,demonology,71,38,33
Ceeloftw,tichondrius,1914,warlock,demonology,119,63,56
Juleno,quelthalas,1913,warlock,demonology,111,61,50
Ministàff,ursin,1913,warlock,demonology,66,36,30
Ökïlôck,proudmoore,1912,warlock,demonology,48,27,21
Yoshmuraa,proudmoore,1910,warlock,demonology,159,90,69
Poggun,tichondrius,1909,warlock,demonology,47,30,17
Zjxy,tichondrius,1908,warlock,demonology,30,20,10
Amazingamez,sargeras,1907,warlock,demonology,179,86,93
Zhul,nerzhul,1906,warlock,demonology,84,38,46
Dyenamik,stormrage,1904,warlock,demonology,30,24,6
Nanabana,emerald-dream,1903,warlock,demonology,178,102,76
Juicyburrito,sargeras,1902,warlock,demonology,95,63,32
Lopenx,korgath,1902,warlock,demonology,110,53,57
Puchador,sargeras,1901,warlock,demonology,72,36,36
Siphoned,darkspear,1900,warlock,demonology,53,27,26
Domenic,sentinels,1900,warlock,demonology,87,44,43
Warzog,wyrmrest-accord,1899,warlock,demonology,58,32,26
Deadlpoo,stormscale,1899,warlock,demonology,81,41,40
Salinar,chogall,1897,warlock,demonology,90,51,39
Chaosboltlol,tichondrius,1897,warlock,demonology,48,25,23
Lemmepvponu,illidan,1896,warlock,demonology,48,30,18
Lowrcase,zuljin,1895,warlock,demonology,48,28,20
Drakatattwo,tichondrius,1894,warlock,demonology,48,26,22
Epícburn,illidan,1892,warlock,demonology,58,31,27
Haunt,mugthol,1890,warlock,demonology,60,31,29
Blaxzlock,stormscale,1887,warlock,demonology,56,30,26
Adonege,tichondrius,1885,warlock,demonology,36,22,14
Rakshama,chogall,1885,warlock,demonology,42,25,17
Neruvian,tichondrius,1884,warlock,demonology,36,22,14
Atheø,ragnaros,1884,warlock,demonology,48,25,23
Gamecover,azralon,1883,warlock,demonology,181,101,80
Døtyou,area-52,1882,warlock,demonology,59,31,28
Mongobros,illidan,1881,warlock,demonology,54,33,21
Dowal,whisperwind,1881,warlock,demonology,68,35,33
Cosmosxi,illidan,1878,warlock,demonology,229,114,115
Petattack,area-52,1878,warlock,demonology,125,60,65
Sobadhahaha,azralon,1877,warlock,demonology,78,49,29
Wachifurro,drakkari,1877,warlock,demonology,71,38,33
Eminence,stormrage,1876,warlock,demonology,114,64,50
Sarcophagus,duskwood,1874,warlock,demonology,51,32,19
Zehzet,area-52,1873,warlock,demonology,46,31,15
Haì,illidan,1873,warlock,demonology,66,41,25
Dlhmlock,tichondrius,1873,warlock,demonology,47,27,20
Lockiator,moon-guard,1870,warlock,demonology,71,35,36
Scatach,area-52,1864,warlock,demonology,60,32,28
Lcomi,tichondrius,1863,warlock,demonology,84,47,37
Reneqtxo,jubeithos,1862,warlock,demonology,36,22,14
Rôsé,tichondrius,1861,warlock,demonology,160,86,74
Thranlock,area-52,1861,warlock,demonology,162,80,82
Klol,proudmoore,1861,warlock,demonology,54,26,28
Pikme,bleeding-hollow,1860,warlock,demonology,114,54,60
ßøßßÿßøûçhêr,tichondrius,1859,warlock,demonology,48,32,16
Graendol,tichondrius,1858,warlock,demonology,42,27,15
Dogegg,tichondrius,1857,warlock,demonology,102,52,50
Blunder,frostmourne,1856,warlock,demonology,53,31,22
Aramith,tichondrius,1854,warlock,demonology,118,60,58
Greasymario,area-52,1852,warlock,demonology,66,46,20
Synthwave,shadowsong,1850,warlock,demonology,54,30,24
Quinsnyder,zuljin,1850,warlock,demonology,66,31,35
Séptima,illidan,1848,warlock,demonology,48,29,19
Redfish,tichondrius,1847,warlock,demonology,34,20,14
Invalid,frostmourne,1845,warlock,demonology,66,34,32
Villaìn,moon-guard,1845,warlock,demonology,159,77,82
Agertis,frostmourne,1845,warlock,demonology,72,32,40
Xitokaiba,tichondrius,1844,warlock,demonology,67,46,21
Overlard,illidan,1844,warlock,demonology,66,34,32
Phóbòs,tichondrius,1843,warlock,demonology,54,40,14
Bigdamege,tichondrius,1843,warlock,demonology,36,22,14
Blxzed,bonechewer,1843,warlock,demonology,90,42,48
Metic,firetree,1842,warlock,demonology,48,33,15
Kwrhitom,zuljin,1842,warlock,demonology,54,33,21
Kerrigan,the-venture-co,1842,warlock,demonology,66,38,28
Brothadoinks,zuljin,1842,warlock,demonology,88,45,43
Ptwo,illidan,1840,warlock,demonology,54,36,18
Hubbywubz,kiljaeden,1839,warlock,demonology,51,35,16
Lemmetyrant,azgalor,1838,warlock,demonology,41,30,11
Eklypso,kelthuzad,1838,warlock,demonology,86,43,43
Demofliction,stormrage,1838,warlock,demonology,108,51,57
Alndron,thrall,1837,warlock,demonology,78,38,40
Qwêrty,ursin,1836,warlock,demonology,53,36,17
Lrry,dalaran,1836,warlock,demonology,162,91,71
Huajianmanwu,tichondrius,1836,warlock,demonology,433,220,213
Rezw,illidan,1835,warlock,demonology,36,23,13
Speakeasy,malygos,1835,warlock,demonology,58,29,29
Castingfear,barthilas,1835,warlock,demonology,117,56,61
Wicklock,barthilas,1832,warlock,demonology,48,22,26
Richactress,tichondrius,1828,warlock,demonology,48,34,14
Bic,thrall,1828,warlock,demonology,66,45,21
Beatinu,draenor,1828,warlock,demonology,84,44,40
Xoboroz,moon-guard,1827,warlock,demonology,60,29,31
Ketahole,warsong,1827,warlock,demonology,141,67,74
Cendit,malganis,1825,warlock,demonology,54,34,20
Jerclard,area-52,1825,warlock,demonology,90,51,39
Vcain,stormrage,1825,warlock,demonology,191,99,92
Malatharr,quelthalas,1824,warlock,demonology,52,34,18
Xacayth,ragnaros,1824,warlock,demonology,98,57,41
Zver,drakkari,1824,warlock,demonology,171,94,77
Playtoy,moon-guard,1824,warlock,demonology,180,90,90
Xentzor,auchindoun,1823,warlock,demonology,53,31,22
Axelrodx,tichondrius,1822,warlock,demonology,84,50,34
Dapete,malorne,1821,warlock,demonology,59,32,27
Idoovoodoo,burning-legion,1820,warlock,demonology,36,23,13
Sharaßha,moon-guard,1820,warlock,demonology,69,41,28
Scarysherri,aggramar,1819,warlock,demonology,54,36,18
Creepydotman,mannoroth,1819,warlock,demonology,52,32,20
Búmchúm,frostmourne,1818,warlock,demonology,60,38,22
Dëvïl,ragnaros,1818,warlock,demonology,94,59,35
Yuoalx,tichondrius,1818,warlock,demonology,56,32,24
Muchas,area-52,1818,warlock,demonology,42,23,19
Dottcha,blackrock,1818,warlock,demonology,48,24,24
Arcinian,kelthuzad,1817,warlock,demonology,66,39,27
Edzeá,frostmourne,1817,warlock,demonology,73,38,35
Nethron,the-venture-co,1816,warlock,demonology,155,81,74
Zydiva,sargeras,1815,warlock,demonology,124,63,61
Tít,malganis,1814,warlock,demonology,41,31,10
Wearelegionx,frostmourne,1814,warlock,demonology,84,49,35
Skullsoul,arthas,1814,warlock,demonology,118,67,51
Jaganshi,tichondrius,1814,warlock,demonology,106,57,49
Charlton,illidan,1813,warlock,demonology,177,103,74
Elbrujon,sargeras,1813,warlock,demonology,178,84,94
Richards,thrall,1812,warlock,demonology,42,32,10
Altairo,illidan,1812,warlock,demonology,148,80,68
Kronii,jubeithos,1811,warlock,demonology,35,25,10
Spreadlove,emerald-dream,1811,warlock,demonology,258,135,123
Deboltzaru,ragnaros,1810,warlock,demonology,36,20,16
Errogant,area-52,1810,warlock,demonology,60,30,30
Nüts,blackrock,1810,warlock,demonology,50,23,27
Beckypls,zuljin,1809,warlock,demonology,36,27,9
Dounutlock,area-52,1809,warlock,demonology,54,33,21
Saevitar,area-52,1809,warlock,demonology,45,24,21
Gengar,dalaran,1809,warlock,demonology,186,97,89
Zzooxxqt,area-52,1809,warlock,demonology,48,25,23
Hadoukën,hyjal,1809,warlock,demonology,108,56,52
Chilipeppa,wyrmrest-accord,1808,warlock,demonology,60,34,26
Elipsis,bloodhoof,1808,warlock,demonology,47,26,21
Voidxz,tichondrius,1808,warlock,demonology,42,22,20
Mälwaré,tichondrius,1808,warlock,demonology,58,29,29
Chaosthekid,malganis,1807,warlock,demonology,40,25,15
Buccs,barthilas,1806,warlock,demonology,66,46,20
Bâppo,antonidas,1806,warlock,demonology,65,33,32
Chowie,moon-guard,1805,warlock,demonology,39,28,11
Spicyfingerx,zangarmarsh,1805,warlock,demonology,60,38,22
Evelyne,tichondrius,1805,warlock,demonology,30,19,11
Harrydotterr,bonechewer,1805,warlock,demonology,114,63,51
Devilman,darkspear,1805,warlock,demonology,234,119,115
Slothycrip,emerald-dream,1805,warlock,demonology,54,24,30
Cappadonna,azralon,1804,warlock,demonology,118,69,49
Broccolehtoo,area-52,1804,warlock,demonology,49,28,21
Rakudemon,ragnaros,1804,warlock,demonology,147,77,70
Melisândre,kiljaeden,1804,warlock,demonology,125,58,67
Darkborkain,tichondrius,1803,warlock,demonology,30,19,11
Kronicdotz,bleeding-hollow,1803,warlock,demonology,107,60,47
Mbhlol,illidan,1803,warlock,demonology,42,23,19
ßaphomet,blackrock,1803,warlock,demonology,53,29,24
Feldren,wyrmrest-accord,1802,warlock,demonology,133,73,60
Xlilgee,kelthuzad,1802,warlock,demonology,57,31,26
ßállin,illidan,1801,warlock,demonology,47,30,17
Lockeslock,sargeras,1801,warlock,demonology,118,62,56
Thelockzx,azralon,1801,warlock,demonology,60,28,32
Hommer,tichondrius,1800,warlock,demonology,48,27,21
Bbangtimo,tichondrius,1800,warlock,demonology,131,66,65
Salaszar,illidan,1797,warlock,demonology,48,31,17
Raegon,kiljaeden,1797,warlock,demonology,44,25,19
Bigdaddyborr,arthas,1797,warlock,demonology,55,27,28
Vulcke,kelthuzad,1796,warlock,demonology,63,37,26
Tiná,tichondrius,1796,warlock,demonology,69,36,33
Overclocked,destromath,1795,warlock,demonology,30,21,9
Hugebolt,tichondrius,1793,warlock,demonology,48,28,20
Kossnen,shandris,1789,warlock,demonology,80,44,36
Lockedinn,mannoroth,1789,warlock,demonology,109,59,50
Thumperrz,frostmourne,1788,warlock,demonology,54,29,25
Douzz,frostmourne,1786,warlock,demonology,65,36,29
Seangnong,tichondrius,1782,warlock,demonology,52,27,25
Quetzâlcoâtl,sargeras,1777,warlock,demonology,71,39,32
Locodwarf,frostmourne,1777,warlock,demonology,128,65,63
Perkz,moon-guard,1777,warlock,demonology,56,26,30
Urïk,stormrage,1776,warlock,demonology,48,26,22
Hitwarlock,tichondrius,1775,warlock,demonology,78,39,39
Fadedemon,area-52,1774,warlock,demonology,66,46,20
Radii,bladefist,1774,warlock,demonology,42,23,19
Amgs,frostmourne,1773,warlock,demonology,54,38,16
Mcpickls,illidan,1773,warlock,demonology,54,30,24
Magë,ursin,1773,warlock,demonology,150,69,81
Wrathh,stormscale,1773,warlock,demonology,57,25,32
Qp,thrall,1771,warlock,demonology,38,28,10
Sicksick,tichondrius,1769,warlock,demonology,85,42,43
Abomasnow,frostmourne,1768,warlock,demonology,67,32,35
Medzor,tichondrius,1761,warlock,demonology,42,23,19
Fearbarx,illidan,1761,warlock,demonology,36,19,17
Bosongo,boulderfist,1760,warlock,demonology,82,50,32
Ovërlord,emerald-dream,1758,warlock,demonology,77,46,31
Tinkerfell,sargeras,1758,warlock,demonology,78,37,41
Hâm,dalaran,1758,warlock,demonology,199,94,105
Aomniloltv,zuljin,1756,warlock,demonology,58,34,24
Pitou,akama,1756,warlock,demonology,78,35,43
Emurog,icecrown,1755,warlock,demonology,36,23,13
Mcjoy,akama,1754,warlock,demonology,163,98,65
Jyhoona,chromaggus,1752,warlock,demonology,723,367,356
Icemanliddel,area-52,1750,warlock,demonology,62,29,33
Wet,blood-furnace,1745,warlock,demonology,35,21,14
Dlchem,tichondrius,1745,warlock,demonology,111,61,50
Smoolock,tichondrius,1744,warlock,demonology,36,19,17
Urfucct,burning-blade,1743,warlock,demonology,54,36,18
Tesil,tichondrius,1743,warlock,demonology,42,28,14
Ciprýan,azralon,1743,warlock,demonology,88,42,46
Orgcontroler,hyjal,1743,warlock,demonology,73,32,41
Michae,tichondrius,1740,warlock,demonology,48,25,23
Arityy,tichondrius,1738,warlock,demonology,33,23,10
Soultrain,sargeras,1738,warlock,demonology,36,22,14
Missalice,nesingwary,1738,warlock,demonology,42,23,19
Invisibles,barthilas,1738,warlock,demonology,72,36,36
Ashlëen,ragnaros,1735,warlock,demonology,192,98,94
Tazerr,sargeras,1735,warlock,demonology,63,30,33
Leleth,nordrassil,1734,warlock,demonology,64,38,26
Rarelinelk,malganis,1731,warlock,demonology,40,24,16
Catarina,kaelthas,1730,warlock,demonology,34,19,15
Eastwitch,ragnaros,1730,warlock,demonology,156,72,84
Demí,zuljin,1729,warlock,demonology,42,23,19
Lemmewin,illidan,1724,warlock,demonology,24,18,6
Gihaewon,tichondrius,1724,warlock,demonology,36,25,11
Eriebos,area-52,1724,warlock,demonology,60,35,25
Shooterg,tichondrius,1724,warlock,demonology,116,58,58
Wrathzn,azralon,1723,warlock,demonology,24,18,6
Dreadlõck,malganis,1723,warlock,demonology,112,56,56
Lazymongoose,frostmourne,1720,warlock,demonology,251,133,118
Spicyfingerx,illidan,1718,warlock,demonology,42,24,18
Evanylock,proudmoore,1716,warlock,demonology,42,22,20
Minichompei,frostmourne,1712,warlock,demonology,59,33,26
Joung,tichondrius,1712,warlock,demonology,48,25,23
Th,kiljaeden,1708,warlock,demonology,125,64,61
Milkybøng,area-52,1705,warlock,demonology,99,61,38
Beerbolt,dalaran,1705,warlock,demonology,52,29,23
Juswannarock,tichondrius,1705,warlock,demonology,117,56,61
Thelocker,stormrage,1704,warlock,demonology,125,72,53
Sasaology,frostmourne,1704,warlock,demonology,126,65,61
Pikslol,bleeding-hollow,1704,warlock,demonology,42,18,24
Saeph,burning-legion,1702,warlock,demonology,78,43,35
Uwantpeach,tichondrius,1701,warlock,demonology,47,23,24
Phogy,bleeding-hollow,1700,warlock,demonology,77,40,37
Brightmoonhw,tichondrius,1700,warlock,demonology,66,32,34
Mongdot,frostmourne,1698,warlock,demonology,48,34,14
Welpxd,tichondrius,1697,warlock,demonology,36,21,15
Ourlegacy,tichondrius,1695,warlock,demonology,40,24,16
Aidadeshu,tichondrius,1694,warlock,demonology,78,34,44
Ezgamejr,tichondrius,1693,warlock,demonology,24,20,4
Necroabuser,area-52,1692,warlock,demonology,40,24,16
Hoana,azralon,1692,warlock,demonology,159,91,68
Fksm,tichondrius,1692,warlock,demonology,36,20,16
Dìablo,area-52,1691,warlock,demonology,102,55,47
Whitteniight,nagrand,1690,warlock,demonology,90,54,36
Stopdottroll,zuljin,1690,warlock,demonology,30,18,12
Emperator,quelthalas,1690,warlock,demonology,64,37,27
Metrow,area-52,1688,warlock,demonology,30,18,12
Evianne,skywall,1688,warlock,demonology,48,22,26
Leeka,tichondrius,1687,warlock,demonology,48,23,25
Mcpickles,illidan,1686,warlock,demonology,38,25,13
Notomorrow,tichondrius,1686,warlock,demonology,146,87,59
Millions,barthilas,1685,warlock,demonology,50,23,27
Eatsleepgame,barthilas,1684,warlock,demonology,80,34,46
Rasildur,ragnaros,1683,warlock,demonology,97,49,48
Hulkyy,illidan,1682,warlock,demonology,137,76,61
Almostoogood,illidan,1680,warlock,demonology,36,24,12
Yuengling,illidan,1680,warlock,demonology,150,77,73
Scalpelx,tichondrius,1677,warlock,demonology,29,18,11
Themedia,tichondrius,1677,warlock,demonology,54,31,23
Samsara,akama,1675,warlock,demonology,36,22,14
Narmazulnn,area-52,1673,warlock,demonology,53,31,22
Incaseidcya,tichondrius,1673,warlock,demonology,42,22,20
Doombaby,zuljin,1672,warlock,demonology,187,102,85
Ézman,tichondrius,1671,warlock,demonology,66,37,29
Säbrine,zuljin,1671,warlock,demonology,136,66,70
Jæja,wyrmrest-accord,1670,warlock,demonology,41,21,20
Daxxter,tichondrius,1669,warlock,demonology,143,73,70
Mindheist,stormrage,1668,warlock,demonology,30,20,10
Teesolinia,stormrage,1668,warlock,demonology,40,26,14
Flocka,agamaggan,1667,warlock,demonology,92,61,31
Xanetor,illidan,1667,warlock,demonology,70,39,31
Zuulusi,stormrage,1667,warlock,demonology,156,80,76
Vews,firetree,1667,warlock,demonology,60,30,30
Yooseok,tichondrius,1667,warlock,demonology,48,19,29
Gløcked,area-52,1666,warlock,demonology,48,26,22
Omertà,staghelm,1664,warlock,demonology,143,77,66
Theseance,dalaran,1664,warlock,demonology,90,47,43
Doties,bleeding-hollow,1663,warlock,demonology,42,23,19
Darknessgodd,goldrinn,1663,warlock,demonology,112,61,51
Møbscene,bleeding-hollow,1662,warlock,demonology,43,22,21
Mcpickl,illidan,1662,warlock,demonology,54,25,29
Antigotenent,sargeras,1660,warlock,demonology,30,18,12
Jokerks,tichondrius,1658,warlock,demonology,38,21,17
Toestye,lightbringer,1658,warlock,demonology,132,70,62
Drain,proudmoore,1654,warlock,demonology,36,28,8
Wawrlock,stormrage,1654,warlock,demonology,50,36,14
Archibalding,area-52,1654,warlock,demonology,66,38,28
Gørb,wyrmrest-accord,1654,warlock,demonology,111,60,51
Homeschooler,darkspear,1654,warlock,demonology,49,24,25
Bigdotenergi,tichondrius,1653,warlock,demonology,44,28,16
Dilonlock,area-52,1653,warlock,demonology,47,29,18
Symaitiel,azralon,1653,warlock,demonology,42,19,23
Eternalsmile,tichondrius,1652,warlock,demonology,105,58,47
Gimmeprecog,tichondrius,1651,warlock,demonology,30,21,9
Fãttyqt,sargeras,1651,warlock,demonology,76,52,24
Hellparks,malganis,1649,warlock,demonology,36,21,15
Exofilth,thrall,1648,warlock,demonology,92,54,38
Conely,barthilas,1648,warlock,demonology,66,33,33
Necronemesis,arthas,1647,warlock,demonology,213,107,106
Hauntgød,tichondrius,1644,warlock,demonology,54,40,14
Epinetheus,stormrage,1644,warlock,demonology,84,40,44
Ceeloww,illidan,1643,warlock,demonology,65,28,37
Kreâtor,tichondrius,1642,warlock,demonology,111,62,49
Floorlamp,anvilmar,1639,warlock,demonology,39,22,17
Skanckqt,malganis,1638,warlock,demonology,59,31,28
Peterdotz,whisperwind,1637,warlock,demonology,37,21,16
Torghast,bloodhoof,1637,warlock,demonology,42,21,21
Tydar,bleeding-hollow,1637,warlock,demonology,41,19,22
Dudebrø,zuluhed,1635,warlock,demonology,36,21,15
Hekion,emerald-dream,1633,warlock,demonology,43,24,19
Blastyboat,terenas,1633,warlock,demonology,48,26,22
Cinderwhip,moon-guard,1632,warlock,demonology,249,122,127
Ioroselmi,illidan,1631,warlock,demonology,92,59,33
Rococo,emerald-dream,1631,warlock,demonology,36,22,14
Breadbug,moon-guard,1631,warlock,demonology,35,21,14
Svén,icecrown,1631,warlock,demonology,42,22,20
Suzüki,tichondrius,1631,warlock,demonology,50,26,24
Zeeref,stormrage,1629,warlock,demonology,54,27,27
Drkdestro,boulderfist,1629,warlock,demonology,60,21,39
Azrezzael,area-52,1628,warlock,demonology,36,22,14
Discordance,zuljin,1628,warlock,demonology,30,17,13
Rxelly,ysera,1628,warlock,demonology,60,31,29
Badstepbro,sargeras,1627,warlock,demonology,30,17,13
Soulrulerxc,tichondrius,1627,warlock,demonology,36,20,16
Lamdyn,moon-guard,1626,warlock,demonology,96,55,41
Ggooudan,tichondrius,1625,warlock,demonology,29,21,8
Paparoxy,illidan,1625,warlock,demonology,71,31,40
Jokerxks,tichondrius,1624,warlock,demonology,24,17,7
Turbocleave,blackwater-raiders,1624,warlock,demonology,24,17,7
Gnomechomski,magtheridon,1624,warlock,demonology,30,17,13
Hellsparks,malganis,1624,warlock,demonology,42,17,25
Celestialock,tichondrius,1623,warlock,demonology,67,44,23
Dommön,ragnaros,1623,warlock,demonology,33,19,14
Nolullaby,stormrage,1623,warlock,demonology,42,24,18
Demonicsmoke,darrowmere,1622,warlock,demonology,104,56,48
Garcheros,ragnaros,1622,warlock,demonology,105,55,50
Sixonenine,boulderfist,1622,warlock,demonology,46,24,22
Caesaros,quelthalas,1622,warlock,demonology,135,66,69
Condevil,quelthalas,1621,warlock,demonology,119,64,55
Fluffylockk,bloodscalp,1620,warlock,demonology,166,93,73
Dazevil,burning-blade,1618,warlock,demonology,35,21,14
Krumlax,thrall,1618,warlock,demonology,78,44,34
Eldriptch,kelthuzad,1616,warlock,demonology,45,26,19
Soreanus,illidan,1615,warlock,demonology,48,30,18
Zantology,frostmourne,1615,warlock,demonology,54,31,23
Mukkamuk,shadowmoon,1614,warlock,demonology,24,17,7
Perfectíon,tichondrius,1614,warlock,demonology,30,19,11
Sleez,area-52,1614,warlock,demonology,255,132,123
Fearedu,thunderhorn,1613,warlock,demonology,191,92,99
Yükina,stormrage,1611,warlock,demonology,54,29,25
Vawns,zuljin,1611,warlock,demonology,47,24,23
Charlieo,barthilas,1610,warlock,demonology,30,17,13
Mìya,barthilas,1609,warlock,demonology,42,23,19
Hers,vashj,1608,warlock,demonology,54,34,20
Gulßad,tichondrius,1607,warlock,demonology,36,24,12
Diabolock,proudmoore,1607,warlock,demonology,48,26,22
Djvetis,blackhand,1607,warlock,demonology,48,25,23
Bestwarlock,skywall,1606,warlock,demonology,60,30,30
Mamabolts,kelthuzad,1605,warlock,demonology,29,18,11
Georky,ragnaros,1605,warlock,demonology,60,36,24
Cakeplease,illidan,1605,warlock,demonology,84,48,36
Mindfulchimp,sargeras,1604,warlock,demonology,79,47,32
Varian,quelthalas,1604,warlock,demonology,93,53,40
Cambolts,tichondrius,1604,warlock,demonology,36,20,16
Ðåntë,thrall,1604,warlock,demonology,56,29,27
Bonetangler,thrall,1604,warlock,demonology,303,140,163
Ktlock,frostmourne,1603,warlock,demonology,114,65,49
Innocentius,illidan,1602,warlock,demonology,82,42,40
Geauxst,tichondrius,1602,warlock,demonology,62,31,31
Juxsr,nerzhul,1601,warlock,demonology,67,34,33
Sickmade,zuljin,1600,warlock,demonology,162,90,72
Durgamon,kirin-tor,1600,warlock,demonology,104,52,52
Idisa,bleeding-hollow,1600,warlock,demonology,98,49,49
Drippyjones,sargeras,1600,warlock,demonology,36,17,19
Vendellin,moon-guard,1600,warlock,demonology,42,18,24
Voter,kelthuzad,1599,warlock,demonology,33,18,15
Raisa,chogall,1599,warlock,demonology,70,33,37
Fearmebro,bleeding-hollow,1597,warlock,demonology,188,105,83
Jorloz,ragnaros,1596,warlock,demonology,42,24,18
Voltshot,tichondrius,1596,warlock,demonology,712,362,350
Aroug,aggramar,1596,warlock,demonology,143,68,75
Valkynaris,chogall,1594,warlock,demonology,30,20,10
Warlocklmao,malganis,1594,warlock,demonology,36,19,17
Stonelocke,area-52,1594,warlock,demonology,79,40,39
Yanlexx,stormrage,1592,warlock,demonology,86,44,42
Ven,dalaran,1592,warlock,demonology,50,23,27
Zzh,stormrage,1590,warlock,demonology,89,46,43
Funkminot,illidan,1588,warlock,demonology,421,214,207
Silentfears,tichondrius,1585,warlock,demonology,57,35,22
Demodar,tol-barad,1585,warlock,demonology,60,30,30
Pollodelight,deathwing,1583,warlock,demonology,73,42,31
Raidspot,bleeding-hollow,1581,warlock,demonology,72,40,32
Goorock,area-52,1581,warlock,demonology,78,40,38
Avoidence,tanaris,1578,warlock,demonology,60,38,22
Dreamsw,frostmourne,1578,warlock,demonology,36,18,18
Gromy,lightnings-blade,1577,warlock,demonology,137,80,57
Nttslock,tichondrius,1575,warlock,demonology,48,24,24
Sadgellation,arthas,1574,warlock,demonology,42,27,15
Jweezy,malganis,1572,warlock,demonology,30,18,12
Zrò,bleeding-hollow,1571,warlock,demonology,84,45,39
Xephostwo,area-52,1567,warlock,demonology,42,20,22
Eflock,barthilas,1566,warlock,demonology,136,83,53
Xaryl,stormrage,1564,warlock,demonology,108,52,56
Amour,wyrmrest-accord,1564,warlock,demonology,64,28,36
Rathul,bonechewer,1563,warlock,demonology,79,36,43
Empiratore,quelthalas,1561,warlock,demonology,106,49,57
Valerik,azralon,1560,warlock,demonology,108,57,51
Imgxyz,frostmourne,1557,warlock,demonology,108,64,44
Zhoull,thrall,1556,warlock,demonology,64,34,30
Krýptizl,frostmourne,1556,warlock,demonology,99,52,47
Tsunamibaby,anvilmar,1552,warlock,demonology,144,79,65
Fullxd,quelthalas,1551,warlock,demonology,54,31,23
Kytae,malygos,1550,warlock,demonology,99,46,53
Minervini,kiljaeden,1547,warlock,demonology,35,21,14
Blliizz,aegwynn,1547,warlock,demonology,30,17,13
Blackjewels,illidan,1547,warlock,demonology,42,22,20
Spooknjuke,bleeding-hollow,1546,warlock,demonology,41,26,15
Mixolydian,malganis,1546,warlock,demonology,60,31,29
Cilium,illidan,1543,warlock,demonology,80,43,37
Britnyfears,korgath,1543,warlock,demonology,52,27,25
Redbullsz,bleeding-hollow,1543,warlock,demonology,74,36,38
Bauchalain,area-52,1541,warlock,demonology,48,27,21
Houdneeznuts,tichondrius,1540,warlock,demonology,200,101,99
Synisterlock,moon-guard,1539,warlock,demonology,60,33,27
Smallj,zuljin,1539,warlock,demonology,108,53,55
Krolczdots,tichondrius,1537,warlock,demonology,60,33,27
Lamo,dawnbringer,1537,warlock,demonology,232,117,115
Maldinath,sargeras,1535,warlock,demonology,24,16,8
Isometrics,barthilas,1534,warlock,demonology,30,16,14
Yazonics,area-52,1534,warlock,demonology,97,51,46
Krixaus,lightnings-blade,1534,warlock,demonology,78,39,39
Nahz,tichondrius,1533,warlock,demonology,30,16,14
Forsâken,tichondrius,1531,warlock,demonology,95,42,53
Kamohoalii,bleeding-hollow,1530,warlock,demonology,24,16,8
Dotzor,area-52,1529,warlock,demonology,70,38,32
Giantgobrin,zuljin,1529,warlock,demonology,30,16,14
Fyahwalka,aggramar,1528,warlock,demonology,33,22,11
Miryem,illidan,1528,warlock,demonology,73,38,35
Helyana,illidan,1525,warlock,demonology,107,61,46
Nyhn,bleeding-hollow,1525,warlock,demonology,62,35,27
Warlockluo,tichondrius,1524,warlock,demonology,42,25,17
Seekma,gallywix,1524,warlock,demonology,65,35,30
Threedotfivu,proudmoore,1524,warlock,demonology,45,22,23
Bïcho,queldorei,1524,warlock,demonology,60,28,32
Wollylock,dark-iron,1523,warlock,demonology,133,66,67
Voldamorte,tichondrius,1518,warlock,demonology,47,23,24
Rotsndotss,thrall,1515,warlock,demonology,84,42,42
Dotcom,eonar,1514,warlock,demonology,113,54,59
Bagn,tichondrius,1510,warlock,demonology,60,28,32
Greenbukakky,tichondrius,1509,warlock,demonology,30,16,14
Kandrus,moon-guard,1508,warlock,demonology,158,79,79
Comina,kelthuzad,1507,warlock,demonology,36,16,20
Betterone,azralon,1504,warlock,demonology,30,16,14
Parmenides,tichondrius,1502,warlock,demonology,112,56,56
Diosban,malganis,1500,warlock,demonology,78,39,39
Blastfinger,tichondrius,1499,warlock,demonology,90,43,47
Oluluo,andorhal,1498,warlock,demonology,197,95,102
Kìllèrgf,area-52,1495,warlock,demonology,338,166,172
Shigero,tichondrius,1494,warlock,demonology,30,19,11
Fears,norgannon,1494,warlock,demonology,51,30,21
Zorah,quelthalas,1494,warlock,demonology,48,27,21
Reczy,azralon,1494,warlock,demonology,30,16,14
Prägä,drakkari,1493,warlock,demonology,51,27,24
Gigagnomer,kelthuzad,1493,warlock,demonology,77,35,42
Hentry,sargeras,1492,warlock,demonology,89,42,47
Malegnant,proudmoore,1491,warlock,demonology,75,38,37
Enchilada,haomarush,1490,warlock,demonology,42,28,14
Esdreel,ragnaros,1490,warlock,demonology,208,103,105
Dotsyu,frostmourne,1489,warlock,demonology,42,32,10
Guisls,azralon,1489,warlock,demonology,90,44,46
Volanti,bleeding-hollow,1488,warlock,demonology,60,32,28
Valvravé,malganis,1487,warlock,demonology,149,83,66
Wickdways,daggerspine,1486,warlock,demonology,60,33,27
Heartpvp,tichondrius,1485,warlock,demonology,98,49,49
Brawndelock,stormrage,1483,warlock,demonology,111,58,53
Oversteps,stormrage,1482,warlock,demonology,75,46,29
Eriand,nordrassil,1482,warlock,demonology,108,54,54
Davekoresh,dunemaul,1482,warlock,demonology,85,42,43
Spookyfurry,area-52,1480,warlock,demonology,119,65,54
Grixis,zuluhed,1478,warlock,demonology,36,23,13
Musgrin,gallywix,1478,warlock,demonology,87,44,43
Thekook,illidan,1478,warlock,demonology,61,30,31
Devilin,drakkari,1478,warlock,demonology,48,21,27
Laggyturbo,barthilas,1477,warlock,demonology,123,69,54
Sayatar,ragnaros,1476,warlock,demonology,135,71,64
Joednalol,tichondrius,1476,warlock,demonology,39,18,21
Popnlockit,thrall,1475,warlock,demonology,60,30,30
Evilmilf,tichondrius,1475,warlock,demonology,88,42,46
Sacrilege,zuljin,1474,warlock,demonology,30,18,12
Dôctor,tichondrius,1474,warlock,demonology,112,61,51
Fabriziø,ragnaros,1472,warlock,demonology,31,21,10
Mssy,illidan,1470,warlock,demonology,29,16,13
Possapp,azralon,1468,warlock,demonology,139,65,74
Tubarão,azralon,1467,warlock,demonology,42,26,16
Khanaan,illidan,1466,warlock,demonology,30,16,14
Licmash,fizzcrank,1466,warlock,demonology,177,90,87
Sugarwaffles,area-52,1460,warlock,demonology,60,33,27
Graveland,frostwolf,1458,warlock,demonology,34,17,17
Mêdìvh,tichondrius,1456,warlock,demonology,42,20,22
Curseifier,frostmourne,1454,warlock,demonology,78,41,37
Immortallock,tichondrius,1454,warlock,demonology,96,48,48
Kothoped,wyrmrest-accord,1451,warlock,demonology,41,20,21
Thalsiani,moon-guard,1451,warlock,demonology,105,50,55
Kuyog,illidan,1450,warlock,demonology,119,61,58
Ramlock,spirestone,1449,warlock,demonology,94,55,39
Alaren,korgath,1448,warlock,demonology,84,38,46
Kriskaboshi,thrall,1443,warlock,demonology,51,22,29
Warhola,tichondrius,1440,warlock,demonology,83,34,49
Darkwîngduck,illidan,1439,warlock,demonology,24,15,9
Abismoarmdr,ragnaros,1439,warlock,demonology,174,89,85
Felegance,proudmoore,1439,warlock,demonology,30,15,15
Exuslock,tichondrius,1438,warlock,demonology,24,15,9
Niubeelol,tichondrius,1438,warlock,demonology,28,16,12
Ötì,altar-of-storms,1437,warlock,demonology,30,18,12
Sosahawk,stormrage,1437,warlock,demonology,30,15,15
Mucholock,azralon,1437,warlock,demonology,30,15,15
Fluj,sargeras,1434,warlock,demonology,24,15,9
Dárklórd,dalaran,1434,warlock,demonology,268,136,132
Decolock,tichondrius,1433,warlock,demonology,24,15,9
Abantes,area-52,1431,warlock,demonology,48,30,18
Aruotnof,nemesis,1430,warlock,demonology,24,15,9
Damerus,illidan,1430,warlock,demonology,69,28,41
Regime,deathwing,1428,warlock,demonology,30,19,11
Gotfear,zuljin,1428,warlock,demonology,397,206,191
Kyrionn,azralon,1427,warlock,demonology,33,18,15
Zxyastra,hyjal,1426,warlock,demonology,30,17,13
Mothapucka,thrall,1426,warlock,demonology,47,21,26
Zoagen,ragnaros,1425,warlock,demonology,24,15,9
Løcalplugxø,barthilas,1425,warlock,demonology,24,15,9
Kaertis,emerald-dream,1425,warlock,demonology,57,30,27
Bou,gorefiend,1424,warlock,demonology,97,40,57
Jpsotex,thrall,1423,warlock,demonology,45,24,21
Khalamar,steamwheedle-cartel,1422,warlock,demonology,24,15,9
Hibíky,ragnaros,1422,warlock,demonology,36,15,21
Middot,area-52,1422,warlock,demonology,106,44,62
Mxd,ragnaros,1419,warlock,demonology,24,15,9
Arlenna,sargeras,1419,warlock,demonology,128,60,68
Stargasms,blackrock,1416,warlock,demonology,112,57,55
Arcinion,kelthuzad,1415,warlock,demonology,24,15,9
Marowyth,ragnaros,1415,warlock,demonology,48,27,21
Sashafive,proudmoore,1415,warlock,demonology,30,15,15
Demic,thrall,1415,warlock,demonology,54,22,32
Nefertarie,illidan,1413,warlock,demonology,36,15,21
Mysteryannie,tichondrius,1411,warlock,demonology,88,53,35
Ganknãmstyle,illidan,1411,warlock,demonology,65,31,34
Spooppy,thunderlord,1408,warlock,demonology,45,26,19
Darktias,quelthalas,1406,warlock,demonology,47,26,21
Ipickcotton,barthilas,1404,warlock,demonology,36,17,19
Blavindy,illidan,1403,warlock,demonology,72,33,39
Siaokuai,tichondrius,1403,warlock,demonology,36,15,21
Adlfcritler,emerald-dream,1402,warlock,demonology,36,19,17
Imbooms,blackrock,1402,warlock,demonology,34,15,19
Dawdrax,gallywix,1400,warlock,demonology,28,17,11
Medallok,laughing-skull,1400,warlock,demonology,202,101,101
Iamlavon,area-52,1397,warlock,demonology,100,51,49
Zeraedify,bleeding-hollow,1395,warlock,demonology,30,15,15
Sphîñx,sargeras,1394,warlock,demonology,62,29,33
Fshi,frostmourne,1394,warlock,demonology,70,32,38
Dcpwns,arthas,1393,warlock,demonology,158,76,82
Gandorf,alleria,1393,warlock,demonology,66,30,36
Suminl,tichondrius,1392,warlock,demonology,24,15,9
Cleavüs,stormrage,1391,warlock,demonology,17,15,2
Vigius,dalaran,1391,warlock,demonology,47,22,25
Kuroyt,drakkari,1390,warlock,demonology,67,32,35
Vèigarr,frostmourne,1388,warlock,demonology,39,21,18
Darkbrujo,ragnaros,1388,warlock,demonology,35,15,20
Kyller,quelthalas,1385,warlock,demonology,59,27,32
Smartpimp,tichondrius,1384,warlock,demonology,48,26,22
Kotica,stormrage,1382,warlock,demonology,40,19,21
Bashel,sargeras,1381,warlock,demonology,36,23,13
Menedemus,amanthul,1379,warlock,demonology,56,25,31
Arcaangell,sargeras,1374,warlock,demonology,203,109,94
Nezsarek,sargeras,1373,warlock,demonology,41,22,19
Destrokk,gorefiend,1372,warlock,demonology,42,24,18
Mocreia,azralon,1372,warlock,demonology,115,57,58
Bojàck,stormrage,1370,warlock,demonology,30,17,13
Guldorum,kiljaeden,1365,warlock,demonology,78,43,35
Boltsfordays,dalaran,1365,warlock,demonology,108,46,62
Jamesiyah,moon-guard,1364,warlock,demonology,72,36,36
Monstir,sargeras,1362,warlock,demonology,49,24,25
Proletariat,moon-guard,1361,warlock,demonology,130,66,64
Lemongillo,stormrage,1359,warlock,demonology,83,44,39
Deathcyth,crushridge,1359,warlock,demonology,293,148,145
Felorc,wyrmrest-accord,1358,warlock,demonology,63,39,24
Tizzy,malganis,1356,warlock,demonology,38,25,13
Elioknight,area-52,1355,warlock,demonology,36,18,18
Grineed,emerald-dream,1354,warlock,demonology,36,17,19
Conilus,malganis,1354,warlock,demonology,48,20,28
Lintlickin,bonechewer,1353,warlock,demonology,20,15,5
Kecca,azralon,1353,warlock,demonology,159,69,90
Es,velen,1350,warlock,demonology,186,96,90
Soulruler,tichondrius,1344,warlock,demonology,18,14,4
Ellynaria,nemesis,1343,warlock,demonology,18,14,4
Pigii,tichondrius,1343,warlock,demonology,18,14,4
Lhordeign,area-52,1343,warlock,demonology,24,14,10
Leeka,emerald-dream,1343,warlock,demonology,24,14,10
Dunni,area-52,1343,warlock,demonology,24,14,10
Saltiernuts,malganis,1343,warlock,demonology,84,47,37
Idotû,tichondrius,1343,warlock,demonology,30,14,16
Isømetrics,frostmourne,1342,warlock,demonology,24,14,10
Mementomøri,quelthalas,1341,warlock,demonology,53,26,27
Demonalien,malganis,1339,warlock,demonology,18,14,4
Playandlock,illidan,1335,warlock,demonology,24,14,10
Snuffer,detheroc,1334,warlock,demonology,71,36,35
Narcan,arthas,1334,warlock,demonology,59,27,32
Yoyoling,illidan,1333,warlock,demonology,417,211,206
Intura,burning-legion,1333,warlock,demonology,108,54,54
Praemonium,dalaran,1330,warlock,demonology,24,14,10
Smôkedsôul,area-52,1330,warlock,demonology,24,14,10
Wwlock,area-52,1327,warlock,demonology,24,14,10
Stormrift,sargeras,1325,warlock,demonology,36,14,22
Memon,frostmane,1324,warlock,demonology,65,29,36
Wybbukk,wyrmrest-accord,1322,warlock,demonology,18,14,4
Moryan,malfurion,1322,warlock,demonology,39,16,23
Superjuno,sargeras,1319,warlock,demonology,18,14,4
Bizcochito,thrall,1318,warlock,demonology,72,33,39
Teron,stonemaul,1313,warlock,demonology,84,48,36
Fokâi,sargeras,1311,warlock,demonology,47,19,28
Shadowflame,skullcrusher,1310,warlock,demonology,121,64,57
Yozzik,illidan,1309,warlock,demonology,35,14,21
Mechamaca,black-dragonflight,1308,warlock,demonology,96,45,51
Spicydots,arthas,1307,warlock,demonology,123,64,59
Elmobolt,thrall,1306,warlock,demonology,29,14,15
Andlerock,emerald-dream,1305,warlock,demonology,37,22,15
Plagué,barthilas,1303,warlock,demonology,23,14,9
Sû,stormrage,1301,warlock,demonology,84,40,44
Canning,shuhalo,1299,warlock,demonology,32,14,18
Bänno,bleeding-hollow,1297,warlock,demonology,37,18,19
Critthis,illidan,1297,warlock,demonology,30,14,16
Daedalesh,moon-guard,1295,warlock,demonology,30,14,16
Valerilma,azralon,1284,warlock,demonology,40,18,22
Grimrizz,ragnaros,1282,warlock,demonology,43,26,17
Gauul,illidan,1281,warlock,demonology,70,39,31
Bazeni,frostmourne,1281,warlock,demonology,72,40,32
Freadle,sargeras,1281,warlock,demonology,42,14,28
Heathncraig,illidan,1279,warlock,demonology,50,29,21
Screampied,sargeras,1279,warlock,demonology,53,24,29
Aboode,blackrock,1278,warlock,demonology,111,47,64
Manosverdes,tichondrius,1275,warlock,demonology,39,14,25
Cornboil,tichondrius,1274,warlock,demonology,57,27,30
Salacia,chogall,1273,warlock,demonology,293,145,148
Voidwarlord,tichondrius,1271,warlock,demonology,107,56,51
Idoturmum,frostmourne,1265,warlock,demonology,73,38,35
Warlockdelux,thrall,1264,warlock,demonology,69,27,42
Bluffzlock,boulderfist,1260,warlock,demonology,23,14,9
Owwie,malganis,1258,warlock,demonology,22,14,8
Tickleskin,windrunner,1258,warlock,demonology,165,82,83
Lockeem,jubeithos,1258,warlock,demonology,87,41,46
Braylon,azuremyst,1257,warlock,demonology,42,23,19
Kogath,thunderlord,1253,warlock,demonology,71,32,39
Wazog,jubeithos,1250,warlock,demonology,30,16,14
Nigthdeath,nemesis,1249,warlock,demonology,23,14,9
Drakatat,tichondrius,1248,warlock,demonology,24,13,11
Deathboltx,zuljin,1248,warlock,demonology,24,13,11
Pfhear,area-52,1247,warlock,demonology,24,13,11
Soulrman,tichondrius,1247,warlock,demonology,30,13,17
Hehimx,bleeding-hollow,1247,warlock,demonology,30,13,17
Carvana,illidan,1247,warlock,demonology,86,35,51
Thoroxa,stormrage,1245,warlock,demonology,35,17,18
Soorisoori,tichondrius,1245,warlock,demonology,30,13,17
Demise,azuremyst,1245,warlock,demonology,30,13,17
Aerumna,barthilas,1244,warlock,demonology,18,13,5
Uzag,mugthol,1243,warlock,demonology,38,16,22
Warlockafk,darkspear,1242,warlock,demonology,24,17,7
Ironsightsl,dalaran,1241,warlock,demonology,24,13,11
Pardoned,stormrage,1241,warlock,demonology,36,13,23
Firemarshall,stormrage,1240,warlock,demonology,28,14,14
Demonkiiller,kelthuzad,1237,warlock,demonology,30,13,17
Willsayan,ragnaros,1235,warlock,demonology,73,30,43
Nightblloom,illidan,1233,warlock,demonology,18,13,5
Tomzombe,durotan,1233,warlock,demonology,18,13,5
Lpharji,tichondrius,1231,warlock,demonology,24,13,11
Easymac,thunderlord,1231,warlock,demonology,38,14,24
Artmaster,nordrassil,1229,warlock,demonology,42,28,14
Welendiock,malganis,1228,warlock,demonology,43,21,22
Devid,frostmourne,1227,warlock,demonology,23,13,10
Anjkh,skullcrusher,1224,warlock,demonology,30,13,17
Symplicìty,area-52,1219,warlock,demonology,24,13,11
Aniie,nemesis,1212,warlock,demonology,78,35,43
Netherhigh,tichondrius,1209,warlock,demonology,125,67,58
Dundreavan,area-52,1209,warlock,demonology,42,19,23
Rannieck,dark-iron,1208,warlock,demonology,22,14,8
Prahvstein,shuhalo,1206,warlock,demonology,30,14,16
Demophile,bleeding-hollow,1204,warlock,demonology,24,18,6
Sipues,drakkari,1201,warlock,demonology,42,21,21
Falcarr,proudmoore,1194,warlock,demonology,45,20,25
Rickrock,gnomeregan,1184,warlock,demonology,24,14,10
Adistril,bleeding-hollow,1182,warlock,demonology,48,14,34
Syndrielle,emerald-dream,1181,warlock,demonology,54,22,32
Alastoar,moon-guard,1175,warlock,demonology,100,45,55
Stankidanky,illidan,1156,warlock,demonology,30,18,12
Naydene,moon-guard,1156,warlock,demonology,102,47,55
Jezzika,azralon,1155,warlock,demonology,81,33,48
Phelth,magtheridon,1154,warlock,demonology,24,13,11
Jiusushi,tichondrius,1153,warlock,demonology,42,17,25
Thefunk,tichondrius,1152,warlock,demonology,18,12,6
Ðamndaddy,sargeras,1152,warlock,demonology,18,12,6
Nùts,frostmourne,1152,warlock,demonology,24,12,12
Khaozx,ragnaros,1151,warlock,demonology,18,12,6
Conboee,tichondrius,1151,warlock,demonology,18,12,6
Amberleyvail,tichondrius,1151,warlock,demonology,24,12,12
Darkwidow,sargeras,1151,warlock,demonology,24,12,12
Demonia,dathremar,1151,warlock,demonology,30,12,18
Lentil,zuljin,1150,warlock,demonology,18,12,6
Spectaclol,crushridge,1150,warlock,demonology,18,12,6
Wizxin,emerald-dream,1150,warlock,demonology,18,12,6
Maddotts,malganis,1150,warlock,demonology,24,12,12
Bellatriks,nemesis,1149,warlock,demonology,18,12,6
Crilock,quelthalas,1149,warlock,demonology,28,13,15
Chipt,kelthuzad,1149,warlock,demonology,30,12,18
Locklytius,tichondrius,1148,warlock,demonology,18,12,6
Druzzaj,thrall,1147,warlock,demonology,18,12,6
Nêlson,area-52,1145,warlock,demonology,24,12,12
Guuldãn,azralon,1145,warlock,demonology,30,14,16
Ragnalock,laughing-skull,1144,warlock,demonology,32,12,20
Namig,aerie-peak,1141,warlock,demonology,18,12,6
Bubbao,barthilas,1140,warlock,demonology,24,12,12
Snipsfan,hyjal,1140,warlock,demonology,56,22,34
Päpï,tichondrius,1139,warlock,demonology,18,12,6
Grendael,area-52,1136,warlock,demonology,24,12,12
Damelon,gurubashi,1131,warlock,demonology,125,57,68
Tenletters,kirin-tor,1130,warlock,demonology,25,13,12
Remusdark,exodar,1129,warlock,demonology,24,12,12
Szell,caelestrasz,1124,warlock,demonology,24,12,12
Sätänas,quelthalas,1123,warlock,demonology,47,18,29
Nostractus,azralon,1119,warlock,demonology,27,15,12
Xtralyfe,hyjal,1117,warlock,demonology,22,12,10
Apples,ravencrest,1113,warlock,demonology,23,14,9
Larsiezwei,spirestone,1113,warlock,demonology,24,12,12
Wårloçk,tichondrius,1109,warlock,demonology,29,12,17
Shadowndko,ragnaros,1102,warlock,demonology,36,19,17
Löksöflöve,sargeras,1101,warlock,demonology,60,25,35
Beelzismurph,emerald-dream,1095,warlock,demonology,36,20,16
Nellon,azralon,1087,warlock,demonology,26,13,13
Eeso,stormrage,1084,warlock,demonology,30,13,17
Sumondeznuts,wyrmrest-accord,1080,warlock,demonology,23,12,11
Politepvperx,kelthuzad,1070,warlock,demonology,17,12,5
Maroth,elune,1070,warlock,demonology,30,12,18
Lilmollyboy,demon-soul,1068,warlock,demonology,13,12,1
Belloch,frostmourne,1064,warlock,demonology,24,12,12
Waii,emerald-dream,1056,warlock,demonology,12,11,1
Bøltqt,tichondrius,1056,warlock,demonology,12,11,1
Igortrikadva,zuljin,1056,warlock,demonology,12,11,1
Maxice,zuljin,1056,warlock,demonology,18,11,7
Famelol,tichondrius,1056,warlock,demonology,18,11,7
Squats,aegwynn,1056,warlock,demonology,18,11,7
Starta,tichondrius,1056,warlock,demonology,18,11,7
Itzlandox,emerald-dream,1056,warlock,demonology,18,11,7
Destructio,tichondrius,1056,warlock,demonology,18,11,7
Drainedd,blades-edge,1056,warlock,demonology,18,11,7
Adramelech,thrall,1056,warlock,demonology,18,11,7
Asiopdu,tichondrius,1056,warlock,demonology,18,11,7
Fotmspec,area-52,1055,warlock,demonology,18,11,7
Candykrush,tichondrius,1055,warlock,demonology,18,11,7
Síkaría,malganis,1055,warlock,demonology,18,11,7
Viralwashbrn,illidan,1055,warlock,demonology,18,11,7
Dàmagicman,drakthul,1055,warlock,demonology,30,11,19
Burninlegion,tichondrius,1054,warlock,demonology,18,11,7
Twinklockxx,mannoroth,1054,warlock,demonology,28,12,16
Jblock,zuljin,1053,warlock,demonology,21,12,9
Sauzith,area-52,1052,warlock,demonology,24,11,13
Throckywl,tichondrius,1052,warlock,demonology,24,11,13
Choas,jaedenar,1051,warlock,demonology,18,11,7
Azazil,moon-guard,1051,warlock,demonology,18,11,7
Zinkro,quelthalas,1049,warlock,demonology,22,12,10
Cørrüptïøn,azralon,1048,warlock,demonology,24,11,13
Sorcerass,moon-guard,1047,warlock,demonology,18,11,7
Sheara,silver-hand,1041,warlock,demonology,30,14,16
Tartamuda,ragnaros,1037,warlock,demonology,30,11,19
Tròll,moon-guard,1035,warlock,demonology,72,34,38
Griffoz,frostwolf,1033,warlock,demonology,24,11,13
Lockman,frostwolf,1027,warlock,demonology,31,17,14
Elyshia,illidan,1026,warlock,demonology,35,14,21
Hecataeus,stormrage,1024,warlock,demonology,16,11,5
Westhøf,sargeras,1023,warlock,demonology,17,11,6
Ddorangmoon,tichondrius,1022,warlock,demonology,26,12,14
Pestileus,bleeding-hollow,1007,warlock,demonology,50,29,21
Tichondrus,ragnaros,1007,warlock,demonology,29,11,18
Reckluss,shattered-hand,1000,warlock,demonology,30,11,19
Smidget,trollbane,993,warlock,demonology,24,12,12
Conboi,tichondrius,992,warlock,demonology,16,11,5
Lukelock,azralon,990,warlock,demonology,22,11,11
Trilleon,eldrethalas,987,warlock,demonology,20,12,8
Toxik,zuljin,976,warlock,demonology,13,11,2
Phyxylock,stormrage,960,warlock,demonology,12,10,2
Vìqtìm,kelthuzad,960,warlock,demonology,12,10,2
Meltlordqt,mannoroth,960,warlock,demonology,12,10,2
Idiocy,stormrage,960,warlock,demonology,18,10,8
Daddybolt,blackrock,960,warlock,demonology,18,10,8
Spacedots,illidan,960,warlock,demonology,18,10,8
Xyguoguo,tichondrius,960,warlock,demonology,18,10,8
Vexice,firetree,960,warlock,demonology,18,10,8
Ragdoll,illidan,960,warlock,demonology,22,11,11
Aellorie,proudmoore,960,warlock,demonology,24,10,14
Wdc,illidan,960,warlock,demonology,24,10,14
Uwugpt,frostmourne,959,warlock,demonology,12,10,2
Purraisa,tichondrius,959,warlock,demonology,18,10,8
Syraxi,illidan,959,warlock,demonology,18,10,8
Vonfire,quelthalas,959,warlock,demonology,18,10,8
Diabhlaí,tichondrius,959,warlock,demonology,18,10,8
Ensanaty,dalaran,959,warlock,demonology,18,10,8
Pheobebuffay,frostmane,959,warlock,demonology,24,10,14
Criptix,bleeding-hollow,959,warlock,demonology,24,10,14
Drsauce,sargeras,959,warlock,demonology,24,10,14
Lefteexd,tichondrius,959,warlock,demonology,24,10,14
Reckiga,sargeras,959,warlock,demonology,28,11,17
Agla,quelthalas,958,warlock,demonology,18,10,8
Lynnha,wyrmrest-accord,958,warlock,demonology,24,10,14
Buboñic,area-52,958,warlock,demonology,30,10,20
Dplexs,jubeithos,957,warlock,demonology,12,10,2
Nurglea,proudmoore,957,warlock,demonology,18,10,8
Shâdowman,stormrage,957,warlock,demonology,18,10,8
Lockswagger,stormrage,956,warlock,demonology,18,10,8
Zaintv,illidan,955,warlock,demonology,18,10,8
Sytrick,bleeding-hollow,955,warlock,demonology,24,10,14
Leine,proudmoore,955,warlock,demonology,24,10,14
Shalandalina,sargeras,954,warlock,demonology,18,10,8
Isarac,zuljin,954,warlock,demonology,18,10,8
Meattyrant,sargeras,954,warlock,demonology,25,10,15
Juankkii,bonechewer,953,warlock,demonology,18,10,8
Methrocks,emerald-dream,953,warlock,demonology,24,10,14
Demonslayerr,turalyon,952,warlock,demonology,18,10,8
Mileiana,moon-guard,952,warlock,demonology,18,10,8
Xenagos,antonidas,950,warlock,demonology,24,10,14
Freyanna,moon-guard,949,warlock,demonology,24,10,14
Sørceress,bonechewer,948,warlock,demonology,18,10,8
Sinissa,ysondre,948,warlock,demonology,18,10,8
Algard,emerald-dream,931,warlock,demonology,24,10,14
Velondris,illidan,929,warlock,demonology,46,18,28
Demonicdayer,area-52,928,warlock,demonology,21,13,8
Hawkinz,illidan,927,warlock,demonology,23,10,13
Pellah,malganis,926,warlock,demonology,20,11,9
Voodootidies,proudmoore,922,warlock,demonology,27,13,14
Mourdera,ragnaros,904,warlock,demonology,20,11,9
Yury,scarlet-crusade,895,warlock,demonology,26,11,15
Impenjoyer,tichondrius,864,warlock,demonology,12,9,3
Genzy,tichondrius,864,warlock,demonology,12,9,3
Wamage,malganis,864,warlock,demonology,12,9,3
Hiddentech,saurfang,864,warlock,demonology,12,9,3
Pittyb,malganis,864,warlock,demonology,12,9,3
Huloo,blades-edge,864,warlock,demonology,12,9,3
Lyfex,blackrock,864,warlock,demonology,12,9,3
Xuzhilei,tichondrius,864,warlock,demonology,12,9,3
Muchø,emerald-dream,864,warlock,demonology,12,9,3
Dimanel,moon-guard,864,warlock,demonology,18,9,9
Liuh,tichondrius,864,warlock,demonology,18,9,9
Caduz,stormrage,864,warlock,demonology,18,9,9
Luku,kiljaeden,864,warlock,demonology,18,9,9
Justganmore,tichondrius,864,warlock,demonology,18,9,9
Dxhusky,tichondrius,864,warlock,demonology,18,9,9
Djdemolordx,bleeding-hollow,864,warlock,demonology,18,9,9
Lhorgainz,area-52,864,warlock,demonology,18,9,9
Auntzhang,tichondrius,864,warlock,demonology,18,9,9
Bewær,deathwing,864,warlock,demonology,18,9,9
Flangy,kiljaeden,864,warlock,demonology,20,9,11
Destructo,illidan,864,warlock,demonology,24,9,15
Beaknasty,sargeras,864,warlock,demonology,24,9,15
Lazzarros,area-52,864,warlock,demonology,24,9,15
Xephine,proudmoore,864,warlock,demonology,30,9,21
Crujonez,sargeras,863,warlock,demonology,12,9,3
Fatals,thrall,863,warlock,demonology,12,9,3
Brujever,ragnaros,863,warlock,demonology,12,9,3
Katsurägi,tichondrius,863,warlock,demonology,16,10,6
Engorge,azgalor,863,warlock,demonology,18,9,9
Sykoraa,zuljin,863,warlock,demonology,18,9,9
Hermania,sargeras,863,warlock,demonology,18,9,9
Criticalpets,stormrage,863,warlock,demonology,18,9,9
Dothaxx,maiev,863,warlock,demonology,21,10,11
Marothredd,nathrezim,863,warlock,demonology,24,9,15
Harleyjames,ravenholdt,862,warlock,demonology,12,9,3
Tahroden,moon-guard,862,warlock,demonology,18,9,9
Thorlock,maiev,861,warlock,demonology,18,9,9
Dotsfired,crushridge,861,warlock,demonology,24,9,15
Oopsíe,nagrand,860,warlock,demonology,24,9,15
Nécromonster,illidan,852,warlock,demonology,24,9,15
Wakkundoe,tichondrius,846,warlock,demonology,17,9,8
Orbvoid,sargeras,845,warlock,demonology,24,9,15
Warlow,mugthol,835,warlock,demonology,53,14,39
Nurnok,ragnaros,808,warlock,demonology,24,10,14
Keturáh,garrosh,806,warlock,demonology,34,14,20
Getavoided,azralon,778,warlock,demonology,17,10,7
Bumbleebolts,nemesis,768,warlock,demonology,12,8,4
Asmion,earthen-ring,768,warlock,demonology,12,8,4
Bigboltkazar,tichondrius,768,warlock,demonology,12,8,4
Leekeeaynis,frostmourne,768,warlock,demonology,12,8,4
Mitchosx,frostmourne,768,warlock,demonology,12,8,4
Forestfruit,tichondrius,768,warlock,demonology,12,8,4
Westhofs,sargeras,768,warlock,demonology,12,8,4
Razlock,skullcrusher,768,warlock,demonology,12,8,4
Amez,grizzly-hills,768,warlock,demonology,12,8,4
Pvtpotato,tichondrius,768,warlock,demonology,12,8,4
Unicornspit,tichondrius,768,warlock,demonology,12,8,4
Crazikrix,area-52,768,warlock,demonology,12,8,4
Moramont,stormrage,768,warlock,demonology,12,8,4
Sakae,moon-guard,768,warlock,demonology,12,8,4
Vølt,illidan,768,warlock,demonology,12,8,4
Drböb,area-52,768,warlock,demonology,12,8,4
Marshyxd,tichondrius,768,warlock,demonology,12,8,4
Gnumbnutz,blades-edge,768,warlock,demonology,12,8,4
Narcissist,tanaris,768,warlock,demonology,12,8,4
Rizzofsparta,stormrage,768,warlock,demonology,12,8,4
Yunaka,sargeras,768,warlock,demonology,12,8,4
Reneqtxo,frostmourne,768,warlock,demonology,12,8,4
Priit,tichondrius,768,warlock,demonology,13,8,5
Hoonjojjyanl,tichondrius,768,warlock,demonology,18,8,10
Niava,tichondrius,768,warlock,demonology,18,8,10
Darkboltz,area-52,768,warlock,demonology,18,8,10
Joseph,draktharon,768,warlock,demonology,18,8,10
Nolb,tichondrius,768,warlock,demonology,18,8,10
Rylal,illidan,768,warlock,demonology,18,8,10
Lila,kaelthas,768,warlock,demonology,18,8,10
Vasqu,stormrage,768,warlock,demonology,18,8,10
Nismo,trollbane,768,warlock,demonology,18,8,10
Dewandoritos,kelthuzad,768,warlock,demonology,18,8,10
Torowasabi,tichondrius,768,warlock,demonology,21,8,13
Neutrinowal,tichondrius,768,warlock,demonology,24,8,16
Rosacrutian,tichondrius,767,warlock,demonology,12,8,4
Grimortes,azralon,767,warlock,demonology,12,8,4
Gibberishss,tichondrius,767,warlock,demonology,12,8,4
Lemdul,thrall,767,warlock,demonology,12,8,4
Nerfdemo,chogall,767,warlock,demonology,18,8,10
Fullmelt,azjolnerub,767,warlock,demonology,18,8,10
Benisman,malganis,767,warlock,demonology,18,8,10
Ritzhul,nordrassil,766,warlock,demonology,12,8,4
Vorlos,bonechewer,766,warlock,demonology,18,8,10
Lustyclam,tichondrius,765,warlock,demonology,12,8,4
Cvntpvntcans,kelthuzad,764,warlock,demonology,18,8,10
Pulentinskin,quelthalas,764,warlock,demonology,24,8,16
Noteko,korgath,763,warlock,demonology,15,9,6
Cslice,magtheridon,746,warlock,demonology,19,12,7
Ärminvßuurën,barthilas,735,warlock,demonology,17,8,9
Doobielock,kelthuzad,734,warlock,demonology,14,9,5
Aînzooalgown,ragnaros,712,warlock,demonology,14,9,5
Cutefgt,barthilas,704,warlock,demonology,14,9,5
Tikz,magtheridon,703,warlock,demonology,11,8,3
Donce,tichondrius,703,warlock,demonology,11,8,3
Stonnerz,ragnaros,703,warlock,demonology,16,10,6
Iromath,sargeras,701,warlock,demonology,14,8,6
Famington,tichondrius,687,warlock,demonology,13,8,5
Lilsquirts,kelthuzad,672,warlock,demonology,12,7,5
Drbeakmanphd,sargeras,672,warlock,demonology,12,7,5
Løckyun,tichondrius,672,warlock,demonology,12,7,5
Zeexi,illidan,672,warlock,demonology,12,7,5
Fearmore,bleeding-hollow,672,warlock,demonology,12,7,5
Juppup,tichondrius,672,warlock,demonology,12,7,5
Dadtired,tichondrius,672,warlock,demonology,12,7,5
Viamie,illidan,672,warlock,demonology,12,7,5
Sangala,illidan,672,warlock,demonology,12,7,5
Sorenbjerga,zuljin,672,warlock,demonology,12,7,5
Sixv,barthilas,672,warlock,demonology,12,7,5
Bestcookies,malganis,672,warlock,demonology,12,7,5
Drekka,bleeding-hollow,672,warlock,demonology,12,7,5
Protomán,agamaggan,672,warlock,demonology,12,7,5
Demonmal,frostmourne,672,warlock,demonology,12,7,5
Isömetrics,barthilas,672,warlock,demonology,12,7,5
Drix,wyrmrest-accord,672,warlock,demonology,12,7,5
Zanlockos,dalaran,672,warlock,demonology,12,7,5
Deammon,tichondrius,672,warlock,demonology,12,7,5
Expiredonion,bleeding-hollow,672,warlock,demonology,12,7,5
Gearboxx,tichondrius,672,warlock,demonology,12,7,5
Lánathel,ragnaros,672,warlock,demonology,12,7,5
Sapaqlia,quelthalas,672,warlock,demonology,12,7,5
Sauronne,illidan,672,warlock,demonology,12,7,5
Dodgebolts,khaz-modan,672,warlock,demonology,12,7,5
Lifeinsuranc,tichondrius,672,warlock,demonology,12,7,5
Syen,quelthalas,672,warlock,demonology,12,7,5
Soulbae,malganis,672,warlock,demonology,12,7,5
Shutupthug,illidan,672,warlock,demonology,12,7,5
Smoogzi,tichondrius,672,warlock,demonology,12,7,5
Nockdreal,azralon,672,warlock,demonology,12,7,5
Lockycharms,sargeras,672,warlock,demonology,12,7,5
Psykana,barthilas,672,warlock,demonology,12,7,5
Dlmples,stormrage,672,warlock,demonology,12,7,5
Lafuke,tichondrius,672,warlock,demonology,15,8,7
Kernlberton,tichondrius,672,warlock,demonology,17,7,10
Toytrain,stormrage,672,warlock,demonology,18,7,11
Staywrong,malganis,672,warlock,demonology,18,7,11
Ranil,mannoroth,672,warlock,demonology,18,7,11
Acejerk,the-forgotten-coast,672,warlock,demonology,18,7,11
Matrriixx,proudmoore,672,warlock,demonology,18,7,11
Evarona,gorefiend,672,warlock,demonology,18,7,11
Tynks,mannoroth,672,warlock,demonology,18,7,11
Tahmrin,quelthalas,672,warlock,demonology,18,7,11
Kajayak,nazjatar,672,warlock,demonology,18,7,11
Dobbymaster,tichondrius,672,warlock,demonology,24,7,17
Faraday,laughing-skull,671,warlock,demonology,12,7,5
Helriculton,madoran,671,warlock,demonology,12,7,5
Nëcrophil,area-52,671,warlock,demonology,12,7,5
Damagexx,the-underbog,671,warlock,demonology,12,7,5
Glortheeb,spirestone,671,warlock,demonology,12,7,5
Snoosnoo,exodar,671,warlock,demonology,12,7,5
Felynrith,khadgar,671,warlock,demonology,12,7,5
Poppadot,korgath,671,warlock,demonology,12,7,5
Lockmau,azralon,671,warlock,demonology,12,7,5
Celindeyn,stormrage,671,warlock,demonology,12,7,5
Saldori,malganis,671,warlock,demonology,12,7,5
Drdotalot,dalaran,671,warlock,demonology,18,7,11
Osanga,illidan,671,warlock,demonology,18,7,11
Ombiez,moonrunner,671,warlock,demonology,18,7,11
Saddestboi,proudmoore,671,warlock,demonology,18,7,11
Motyl,area-52,671,warlock,demonology,18,7,11
Chelythalle,tichondrius,671,warlock,demonology,19,7,12
Sniffer,dalvengyr,670,warlock,demonology,12,7,5
Jèdi,drenden,670,warlock,demonology,12,7,5
Sanastik,laughing-skull,670,warlock,demonology,12,7,5
Deanwarlock,sargeras,670,warlock,demonology,12,7,5
Albus,skywall,668,warlock,demonology,24,7,17
Lokiiee,azuremyst,664,warlock,demonology,12,7,5
Tsmcfker,tichondrius,654,warlock,demonology,17,7,10
Alchandil,tichondrius,624,warlock,demonology,9,8,1
Chlomakï,azralon,622,warlock,demonology,11,7,4
Heilcyon,illidan,622,warlock,demonology,11,7,4
Chaosboltex,tichondrius,618,warlock,demonology,14,8,6
Mssyy,illidan,608,warlock,demonology,10,7,3
Vueltoachote,stormrage,592,warlock,demonology,13,7,6
Comply,frostmane,592,warlock,demonology,13,7,6
Ritsü,darkspear,576,warlock,demonology,6,6,0
Spook,steamwheedle-cartel,576,warlock,demonology,6,6,0
Wâg,moon-guard,576,warlock,demonology,6,6,0
Grimløck,khadgar,576,warlock,demonology,6,6,0
Hof,bloodscalp,576,warlock,demonology,6,6,0
Dingis,bloodscalp,576,warlock,demonology,6,6,0
Gschism,ragnaros,576,warlock,demonology,6,6,0
Lillpfudd,area-52,576,warlock,demonology,6,6,0
Fakemagician,tichondrius,576,warlock,demonology,6,6,0
Hank,azgalor,576,warlock,demonology,6,6,0
Spectro,laughing-skull,576,warlock,demonology,6,6,0
Honne,sargeras,576,warlock,demonology,10,7,3
Nightmanx,sargeras,576,warlock,demonology,12,6,6
Oniyooshi,kelthuzad,576,warlock,demonology,12,6,6
Muchopower,ragnaros,576,warlock,demonology,12,6,6
Titusvorenus,runetotem,576,warlock,demonology,12,6,6
Mmfoodisgood,dalaran,576,warlock,demonology,12,6,6
Dalah,illidan,576,warlock,demonology,12,6,6
Zoerina,fizzcrank,576,warlock,demonology,12,6,6
Kyralena,stormrage,576,warlock,demonology,12,6,6
Viejita,quelthalas,576,warlock,demonology,12,6,6
Eddybigbolts,tichondrius,576,warlock,demonology,12,6,6
Dethknell,stormrage,576,warlock,demonology,12,6,6
Therru,tichondrius,576,warlock,demonology,12,6,6
Damint,sargeras,576,warlock,demonology,12,6,6
Nojx,tichondrius,576,warlock,demonology,12,6,6
Vexria,wyrmrest-accord,576,warlock,demonology,12,6,6
Pumpkeenky,hyjal,576,warlock,demonology,12,6,6
Conboii,tichondrius,576,warlock,demonology,12,6,6
Fearem,tichondrius,576,warlock,demonology,12,6,6
Sorath,blackrock,576,warlock,demonology,12,6,6
Widenose,agamaggan,576,warlock,demonology,12,6,6
Rottenhell,kelthuzad,576,warlock,demonology,12,6,6
Westhofz,tichondrius,576,warlock,demonology,12,6,6
Davidofbowie,burning-legion,576,warlock,demonology,12,6,6
Projectpump,kelthuzad,576,warlock,demonology,12,6,6
Matrielan,azshara,576,warlock,demonology,12,6,6
Meelady,tichondrius,576,warlock,demonology,12,6,6
Scarletdemon,malganis,576,warlock,demonology,12,6,6
Snailbite,tichondrius,576,warlock,demonology,12,6,6
Exxosl,tichondrius,576,warlock,demonology,12,6,6
Bellath,azralon,576,warlock,demonology,12,6,6
Soulbane,nemesis,576,warlock,demonology,12,6,6
Babybolt,frostmourne,576,warlock,demonology,12,6,6
Morål,frostmourne,576,warlock,demonology,12,6,6
Backseatn,tichondrius,576,warlock,demonology,12,6,6
Hutchyw,tichondrius,576,warlock,demonology,12,6,6
Capslock,arthas,576,warlock,demonology,12,6,6
Dipgodx,bleeding-hollow,576,warlock,demonology,12,6,6
Aclonos,tichondrius,576,warlock,demonology,12,6,6
Chaosblade,burning-blade,576,warlock,demonology,12,6,6
Yaldin,nemesis,576,warlock,demonology,12,6,6
Linestrazsa,daggerspine,576,warlock,demonology,12,6,6
Artzul,tichondrius,576,warlock,demonology,15,7,8
Alprazoläm,illidan,576,warlock,demonology,20,9,11
Lockhomes,azralon,576,warlock,demonology,16,7,9
Dreadful,frostmourne,576,warlock,demonology,18,6,12
Yungwilly,silvermoon,576,warlock,demonology,18,6,12
Shadowhax,area-52,576,warlock,demonology,18,6,12
Caesis,illidan,576,warlock,demonology,18,6,12
Tribulatiön,moon-guard,576,warlock,demonology,18,6,12
Amauder,moon-guard,576,warlock,demonology,18,6,12
Dranovis,illidan,576,warlock,demonology,18,6,12
Shadü,tichondrius,576,warlock,demonology,25,6,19
Lockazo,quelthalas,575,warlock,demonology,6,6,0
Bertnasty,tichondrius,575,warlock,demonology,12,6,6
Lilpewpeww,bleeding-hollow,575,warlock,demonology,12,6,6
Ronacq,norgannon,575,warlock,demonology,12,6,6
Twototheone,illidan,575,warlock,demonology,12,6,6
Voidgown,moon-guard,575,warlock,demonology,12,6,6
Doomczar,frostmane,575,warlock,demonology,12,6,6
Syndel,drakkari,575,warlock,demonology,12,6,6
Lollilock,area-52,575,warlock,demonology,12,6,6
Sylvanes,emerald-dream,575,warlock,demonology,12,6,6
Sinaman,barthilas,575,warlock,demonology,17,6,11
Dotsrbop,illidan,575,warlock,demonology,18,6,12
Daliadark,sargeras,575,warlock,demonology,21,6,15
Xanlel,deathwing,574,warlock,demonology,18,6,12
Undeadcurse,frostmourne,574,warlock,demonology,24,6,18
Däemön,area-52,573,warlock,demonology,12,6,6
Kutulu,malganis,543,warlock,demonology,11,6,5
Jafi,coilfang,543,warlock,demonology,17,6,11
Penzer,stormrage,528,warlock,demonology,15,6,9
Constantine,exodar,527,warlock,demonology,17,6,11
Torrxol,area-52,522,warlock,demonology,13,7,6
Dotte,tichondrius,512,warlock,demonology,16,6,10
Novahcaine,frostmourne,496,warlock,demonology,7,6,1
Leyzer,stormrage,480,warlock,demonology,6,5,1
Tiatiatia,illidan,480,warlock,demonology,6,5,1
Igniz,tichondrius,480,warlock,demonology,6,5,1
Leeroyjenkin,frostmourne,480,warlock,demonology,6,5,1
Seutóóbinha,stormrage,480,warlock,demonology,6,5,1
Linctowncar,sargeras,480,warlock,demonology,6,5,1
Demondrip,tichondrius,480,warlock,demonology,6,5,1
Sêrok,tichondrius,480,warlock,demonology,6,5,1
Sinixx,tichondrius,480,warlock,demonology,6,5,1
Inkblot,tichondrius,480,warlock,demonology,6,5,1
Gavvi,frostmourne,480,warlock,demonology,6,5,1
Velrose,thrall,480,warlock,demonology,6,5,1
Norran,nemesis,480,warlock,demonology,6,5,1
Vapeboi,bleeding-hollow,480,warlock,demonology,6,5,1
Plagueîs,area-52,480,warlock,demonology,6,5,1
Skeemer,azuremyst,480,warlock,demonology,6,5,1
Sixxlol,malganis,480,warlock,demonology,6,5,1
Boltkill,tichondrius,480,warlock,demonology,6,5,1
Demonycc,archimonde,480,warlock,demonology,6,5,1
Excusey,tichondrius,480,warlock,demonology,6,5,1
Necrotko,malganis,480,warlock,demonology,6,5,1
Niadmer,gnomeregan,480,warlock,demonology,6,5,1
Omegamagi,auchindoun,480,warlock,demonology,6,5,1
Valraths,arthas,480,warlock,demonology,6,5,1
Rotkid,barthilas,480,warlock,demonology,6,5,1
Stepmommie,moon-guard,480,warlock,demonology,6,5,1
Knazt,kelthuzad,480,warlock,demonology,6,5,1
Kaylä,frostmourne,480,warlock,demonology,6,5,1
Inmøtíøn,tichondrius,480,warlock,demonology,6,5,1
Ezralem,tichondrius,480,warlock,demonology,10,6,4
Judin,ragnaros,480,warlock,demonology,12,5,7
Jennifear,sargeras,480,warlock,demonology,12,5,7
Yanned,hakkar,480,warlock,demonology,12,5,7
Alataar,sargeras,480,warlock,demonology,12,5,7
Dapperdanxy,tichondrius,480,warlock,demonology,12,5,7
Cozu,tichondrius,480,warlock,demonology,12,5,7
Qyp,tichondrius,480,warlock,demonology,12,5,7
Breeak,sargeras,480,warlock,demonology,12,5,7
Notprint,sargeras,480,warlock,demonology,12,5,7
Demonâ,ragnaros,480,warlock,demonology,12,5,7
Rooms,sargeras,480,warlock,demonology,12,5,7
Beaknstein,sargeras,480,warlock,demonology,12,5,7
Klumzey,tichondrius,480,warlock,demonology,12,5,7
Sinápsís,ragnaros,480,warlock,demonology,12,5,7
Salsong,draka,480,warlock,demonology,12,5,7
Widdleywahh,area-52,480,warlock,demonology,12,5,7
Drugmuffin,tichondrius,480,warlock,demonology,12,5,7
Movvo,queldorei,480,warlock,demonology,12,5,7
Grandpapapa,tichondrius,480,warlock,demonology,12,5,7
Wheremyshoes,area-52,480,warlock,demonology,12,5,7
Zarinista,veknilash,480,warlock,demonology,12,5,7
Mânuel,akama,480,warlock,demonology,12,5,7
Mclock,tanaris,480,warlock,demonology,12,5,7
Grandmama,tichondrius,480,warlock,demonology,12,5,7
Tacobelf,magtheridon,480,warlock,demonology,12,5,7
Zelxor,tichondrius,480,warlock,demonology,12,5,7
Démoniaque,garrosh,480,warlock,demonology,12,5,7
Søcks,tichondrius,480,warlock,demonology,12,5,7
Zïo,tichondrius,480,warlock,demonology,12,5,7
Phylox,cenarius,480,warlock,demonology,12,5,7
Lockonthc,korgath,480,warlock,demonology,12,5,7
Ånguish,illidan,480,warlock,demonology,12,5,7
Rumpology,illidan,480,warlock,demonology,12,5,7
Claclock,illidan,480,warlock,demonology,12,5,7
Aniuk,bloodhoof,480,warlock,demonology,12,5,7
Kanyu,illidan,480,warlock,demonology,12,5,7
Dkdakìng,dalaran,480,warlock,demonology,12,5,7
Gandreleda,wyrmrest-accord,480,warlock,demonology,16,6,10
Paleontology,moon-guard,480,warlock,demonology,14,5,9
Javinou,tichondrius,480,warlock,demonology,18,5,13
Wineburger,frostmourne,480,warlock,demonology,18,5,13
Rivstur,tichondrius,480,warlock,demonology,18,5,13
Shadococo,tichondrius,480,warlock,demonology,18,5,13
Vantt,tichondrius,480,warlock,demonology,18,5,13
Jancilianna,stormrage,480,warlock,demonology,30,5,25
Sagaema,silvermoon,479,warlock,demonology,6,5,1
Deathlowkz,area-52,479,warlock,demonology,12,5,7
Stinkmeaner,chogall,479,warlock,demonology,12,5,7
Cássandra,ragnaros,479,warlock,demonology,12,5,7
Lockybalbowa,amanthul,479,warlock,demonology,18,5,13
Omegawarlock,quelthalas,479,warlock,demonology,18,5,13
Strax,shattered-hand,479,warlock,demonology,18,5,13
Iolitee,khazgoroth,477,warlock,demonology,12,5,7
Sathorastus,spirestone,448,warlock,demonology,10,6,4
Rentacletape,kelthuzad,447,warlock,demonology,9,6,3
Rèdrùm,tichondrius,447,warlock,demonology,11,5,6
Catraca,sargeras,447,warlock,demonology,11,5,6
Shadowbyte,drakkari,431,warlock,demonology,11,5,6
Afróex,azralon,426,warlock,demonology,14,6,8
Agaros,zuljin,426,warlock,demonology,17,6,11
Trengodx,area-52,416,warlock,demonology,10,5,5
Carnäge,tichondrius,415,warlock,demonology,14,5,9
Rosalynda,azralon,398,warlock,demonology,10,5,5
Hauntedhøuse,area-52,384,warlock,demonology,6,4,2
Fourthwind,stormreaver,384,warlock,demonology,6,4,2
Karmalock,malganis,384,warlock,demonology,6,4,2
Xekk,wyrmrest-accord,384,warlock,demonology,6,4,2
Jxkoi,frostmourne,384,warlock,demonology,6,4,2
Mazzaleen,area-52,384,warlock,demonology,6,4,2
Crayonchewer,alleria,384,warlock,demonology,6,4,2
Hordefella,malganis,384,warlock,demonology,6,4,2
Dumbandugly,area-52,384,warlock,demonology,6,4,2
Tiddliwinx,nordrassil,384,warlock,demonology,6,4,2
Ulthràn,quelthalas,384,warlock,demonology,6,4,2
Frustration,darkspear,384,warlock,demonology,6,4,2
Ardam,cenarion-circle,384,warlock,demonology,6,4,2
Adrenalyin,illidan,384,warlock,demonology,6,4,2
Arphix,kelthuzad,384,warlock,demonology,6,4,2
Fanzhiyi,illidan,384,warlock,demonology,6,4,2
Fellurt,exodar,384,warlock,demonology,6,4,2
Lockniel,skullcrusher,384,warlock,demonology,6,4,2
Viejitaa,quelthalas,384,warlock,demonology,6,4,2
Conjur,barthilas,384,warlock,demonology,6,4,2
Dotudead,kelthuzad,384,warlock,demonology,6,4,2
Ethero,emerald-dream,384,warlock,demonology,6,4,2
Apocryphh,stormrage,384,warlock,demonology,6,4,2
Jorit,argent-dawn,384,warlock,demonology,6,4,2
Anastadora,proudmoore,384,warlock,demonology,6,4,2
Alchan,tichondrius,384,warlock,demonology,6,4,2
Syíthe,sargeras,384,warlock,demonology,6,4,2
Retaruko,illidan,384,warlock,demonology,6,4,2
Zabijoul,tichondrius,384,warlock,demonology,6,4,2
Dashaad,illidan,384,warlock,demonology,6,4,2
Bigmancam,illidan,384,warlock,demonology,6,4,2
Mobilecherpn,frostmourne,384,warlock,demonology,6,4,2
Coomerdoomer,stormrage,384,warlock,demonology,6,4,2
Hélà,sargeras,384,warlock,demonology,6,4,2
Vilebrute,illidan,384,warlock,demonology,6,4,2
Westhofxx,sargeras,384,warlock,demonology,6,4,2
Bakko,tichondrius,384,warlock,demonology,6,4,2
Decentraland,tichondrius,384,warlock,demonology,6,4,2
Deathage,crushridge,384,warlock,demonology,6,4,2
Rodneyjones,emerald-dream,384,warlock,demonology,6,4,2
Zidus,tichondrius,384,warlock,demonology,6,4,2
Mykìe,area-52,384,warlock,demonology,6,4,2
Moräl,frostmourne,384,warlock,demonology,6,4,2
Luvdn,tichondrius,384,warlock,demonology,6,4,2
Dotyoazz,tichondrius,384,warlock,demonology,6,4,2
Beastsuper,tichondrius,384,warlock,demonology,6,4,2
Vesaloth,zuljin,384,warlock,demonology,6,4,2
Mesiauz,stormrage,384,warlock,demonology,6,4,2
Lizlock,stormrage,384,warlock,demonology,6,4,2
Mädzy,azralon,384,warlock,demonology,6,4,2
Quonton,tichondrius,384,warlock,demonology,6,4,2
Icantjuke,tichondrius,384,warlock,demonology,6,4,2
Curpt,the-scryers,384,warlock,demonology,6,4,2
Nerolock,frostmourne,384,warlock,demonology,6,4,2
Helheim,haomarush,384,warlock,demonology,6,4,2
Sakuin,bonechewer,384,warlock,demonology,6,4,2
Ahp,stormrage,384,warlock,demonology,6,4,2
Meep,madoran,384,warlock,demonology,6,4,2
Dejagu,tichondrius,384,warlock,demonology,6,4,2
Thanock,illidan,384,warlock,demonology,6,4,2
Warlooch,area-52,384,warlock,demonology,9,5,4
Woudini,malganis,384,warlock,demonology,10,5,5
Jvilla,tichondrius,384,warlock,demonology,8,4,4
Pìnto,illidan,384,warlock,demonology,12,4,8
Gotty,stormrage,384,warlock,demonology,12,4,8
Locker,lightnings-blade,384,warlock,demonology,12,4,8
Srz,stormrage,384,warlock,demonology,12,4,8
Arsaurelica,blackrock,384,warlock,demonology,12,4,8
Porneliuz,stormrage,384,warlock,demonology,12,4,8
Greenkaren,azralon,384,warlock,demonology,12,4,8
Jaslovesme,malganis,384,warlock,demonology,12,4,8
Mindlock,ragnaros,384,warlock,demonology,12,4,8
Dotsandpot,malfurion,384,warlock,demonology,12,4,8
Guldylox,kiljaeden,384,warlock,demonology,12,4,8
Deatt,deathwing,384,warlock,demonology,12,4,8
Hallìgan,illidan,384,warlock,demonology,12,4,8
Himselfflol,tichondrius,384,warlock,demonology,12,4,8
Ironchief,illidan,384,warlock,demonology,12,4,8
Flameonz,black-dragonflight,384,warlock,demonology,12,4,8
Frezy,stormrage,384,warlock,demonology,12,4,8
Schrader,sargeras,384,warlock,demonology,12,4,8
Diekast,tichondrius,384,warlock,demonology,12,4,8
Ezpz,frostmane,384,warlock,demonology,12,4,8
Glizzÿ,thrall,384,warlock,demonology,12,4,8
Naz,shadowsong,384,warlock,demonology,12,4,8
Fayeshara,sargeras,384,warlock,demonology,12,4,8
Xoxoxu,frostmourne,384,warlock,demonology,12,4,8
Rumjugs,barthilas,384,warlock,demonology,12,4,8
Nazare,tichondrius,384,warlock,demonology,12,4,8
Çheesestick,dalaran,384,warlock,demonology,12,4,8
Picklecatz,barthilas,384,warlock,demonology,12,4,8
Warlack,jubeithos,384,warlock,demonology,12,4,8
Marty,stormrage,384,warlock,demonology,12,4,8
Monstermime,wildhammer,384,warlock,demonology,12,4,8
Uarus,tichondrius,384,warlock,demonology,12,4,8
Borudo,thrall,384,warlock,demonology,12,4,8
Dogcookie,moon-guard,384,warlock,demonology,12,4,8
Logixo,sargeras,384,warlock,demonology,13,4,9
Tofulery,tichondrius,384,warlock,demonology,18,4,14
Sorelock,tichondrius,384,warlock,demonology,18,4,14
Dagadon,arathor,384,warlock,demonology,24,4,20
Thoeril,area-52,383,warlock,demonology,6,4,2
Greems,tichondrius,383,warlock,demonology,6,4,2
Squibley,sargeras,383,warlock,demonology,10,5,5
Xandemic,tichondrius,383,warlock,demonology,12,4,8
Daggondai,tichondrius,383,warlock,demonology,12,4,8
Meminissemus,ragnaros,383,warlock,demonology,12,4,8
Nephali,darkspear,383,warlock,demonology,15,4,11
Legïõn,uldaman,383,warlock,demonology,18,4,14
Freshimps,blood-furnace,367,warlock,demonology,11,4,7
Sharee,azuremyst,363,warlock,demonology,11,4,7
Slipnslide,malganis,351,warlock,demonology,8,5,3
Butterboyx,stormrage,351,warlock,demonology,11,4,7
Kuoma,boulderfist,336,warlock,demonology,9,5,4
Westhofzx,sargeras,319,warlock,demonology,5,4,1
Pizzanipple,illidan,319,warlock,demonology,5,4,1
Rycho,tichondrius,319,warlock,demonology,5,4,1
Onlyfâns,barthilas,319,warlock,demonology,8,4,4
Schofen,tichondrius,318,warlock,demonology,23,8,15
Pulpfliction,kiljaeden,304,warlock,demonology,13,4,9
Wazie,area-52,288,warlock,demonology,6,3,3
Superbroly,area-52,288,warlock,demonology,6,3,3
Locksoul,area-52,288,warlock,demonology,6,3,3
Loglock,area-52,288,warlock,demonology,6,3,3
Chaøsbolt,area-52,288,warlock,demonology,6,3,3
Zimer,moon-guard,288,warlock,demonology,6,3,3
Ëfera,nemesis,288,warlock,demonology,6,3,3
Enfurno,arthas,288,warlock,demonology,6,3,3
Arêshavoc,illidan,288,warlock,demonology,6,3,3
Seltzi,illidan,288,warlock,demonology,6,3,3
Crowlina,area-52,288,warlock,demonology,6,3,3
Crtyodautr,skullcrusher,288,warlock,demonology,6,3,3
Chars,velen,288,warlock,demonology,6,3,3
Keezus,area-52,288,warlock,demonology,6,3,3
Shìnedown,eonar,288,warlock,demonology,6,3,3
Rickyspanish,malygos,288,warlock,demonology,6,3,3
Dottiana,thrall,288,warlock,demonology,6,3,3
Infear,area-52,288,warlock,demonology,6,3,3
Kodyconner,darkspear,288,warlock,demonology,6,3,3
Deadlylock,gilneas,288,warlock,demonology,6,3,3
Emeary,kelthuzad,288,warlock,demonology,6,3,3
Drerrday,kelthuzad,288,warlock,demonology,6,3,3
Shadowlifts,kelthuzad,288,warlock,demonology,6,3,3
Areolaz,kelthuzad,288,warlock,demonology,6,3,3
Asmodeun,malganis,288,warlock,demonology,6,3,3
Gholra,wyrmrest-accord,288,warlock,demonology,6,3,3
Azazil,malganis,288,warlock,demonology,6,3,3
Wiredftwx,illidan,288,warlock,demonology,6,3,3
Sooshi,malganis,288,warlock,demonology,6,3,3
Evilwarlock,malganis,288,warlock,demonology,6,3,3
Wiredftw,illidan,288,warlock,demonology,6,3,3
Lckdown,garona,288,warlock,demonology,6,3,3
Diebydots,blackrock,288,warlock,demonology,6,3,3
Elwesthof,ragnaros,288,warlock,demonology,6,3,3
Fëlgibson,illidan,288,warlock,demonology,6,3,3
Cyrillus,moon-guard,288,warlock,demonology,6,3,3
Gulvandan,dathremar,288,warlock,demonology,6,3,3
Yifaruhún,illidan,288,warlock,demonology,6,3,3
Ledrlpxlx,bleeding-hollow,288,warlock,demonology,6,3,3
Shadöwdancer,uldum,288,warlock,demonology,6,3,3
Molguzano,ragnaros,288,warlock,demonology,6,3,3
Malthaél,kelthuzad,288,warlock,demonology,6,3,3
Wasca,kelthuzad,288,warlock,demonology,6,3,3
Radhamantys,quelthalas,288,warlock,demonology,6,3,3
Chody,sargeras,288,warlock,demonology,6,3,3
Lilthicy,sargeras,288,warlock,demonology,6,3,3
Nipz,korialstrasz,288,warlock,demonology,6,3,3
Ohthemisery,sargeras,288,warlock,demonology,6,3,3
Fatuglyegirl,sargeras,288,warlock,demonology,6,3,3
Casabonitazz,sargeras,288,warlock,demonology,6,3,3
Iamfear,shuhalo,288,warlock,demonology,6,3,3
Dakulim,burning-legion,288,warlock,demonology,6,3,3
Dippndotz,bleeding-hollow,288,warlock,demonology,6,3,3
Nightterrour,frostmourne,288,warlock,demonology,6,3,3
Hauntsin,hyjal,288,warlock,demonology,6,3,3
Bral,hyjal,288,warlock,demonology,6,3,3
Saffuky,frostmourne,288,warlock,demonology,6,3,3
Ðemented,bleeding-hollow,288,warlock,demonology,6,3,3
Daqizy,emerald-dream,288,warlock,demonology,6,3,3
Srcorvo,azralon,288,warlock,demonology,6,3,3
Voldmorto,azralon,288,warlock,demonology,6,3,3
Khatrat,azralon,288,warlock,demonology,6,3,3
Nookíe,azralon,288,warlock,demonology,6,3,3
Archleon,smolderthorn,288,warlock,demonology,6,3,3
Lockinha,azralon,288,warlock,demonology,6,3,3
Petdaddy,lightninghoof,288,warlock,demonology,6,3,3
Dps,garithos,288,warlock,demonology,6,3,3
Yamamas,hakkar,288,warlock,demonology,6,3,3
Élio,quelthalas,288,warlock,demonology,6,3,3
Psyløck,bleeding-hollow,288,warlock,demonology,6,3,3
Sweetmeat,madoran,288,warlock,demonology,6,3,3
Devi,executus,288,warlock,demonology,6,3,3
Destroyy,greymane,288,warlock,demonology,6,3,3
Dxxz,tichondrius,288,warlock,demonology,6,3,3
Cvoaw,bonechewer,288,warlock,demonology,6,3,3
Feelthefearx,ragnaros,288,warlock,demonology,6,3,3
Krystchan,bleeding-hollow,288,warlock,demonology,6,3,3
Fancynuts,kiljaeden,288,warlock,demonology,6,3,3
Whydemono,tichondrius,288,warlock,demonology,6,3,3
Lockâsf,tichondrius,288,warlock,demonology,6,3,3
Payn,kiljaeden,288,warlock,demonology,6,3,3
Breeped,tichondrius,288,warlock,demonology,6,3,3
Therapeuticz,barthilas,288,warlock,demonology,6,3,3
Drelgun,aerie-peak,288,warlock,demonology,6,3,3
Themagelock,bleeding-hollow,288,warlock,demonology,6,3,3
Guldunk,tichondrius,288,warlock,demonology,6,3,3
Leonito,tichondrius,288,warlock,demonology,6,3,3
Azlloa,tichondrius,288,warlock,demonology,6,3,3
Freejakejone,tichondrius,288,warlock,demonology,6,3,3
Elementzero,malorne,288,warlock,demonology,6,3,3
Barovir,tichondrius,288,warlock,demonology,6,3,3
Dispator,tichondrius,288,warlock,demonology,6,3,3
Agonie,tichondrius,288,warlock,demonology,6,3,3
Fearmë,tichondrius,288,warlock,demonology,6,3,3
Hgma,tichondrius,288,warlock,demonology,6,3,3
Fakecastxøxø,drakkari,288,warlock,demonology,6,3,3
Khamzatt,proudmoore,288,warlock,demonology,6,3,3
Azland,proudmoore,288,warlock,demonology,6,3,3
Domwarlock,uther,288,warlock,demonology,6,3,3
Okul,frostmourne,288,warlock,demonology,6,3,3
Ðöts,frostmourne,288,warlock,demonology,6,3,3
Noldoli,proudmoore,288,warlock,demonology,6,3,3
Insanemids,tichondrius,288,warlock,demonology,6,3,3
Wasbad,tichondrius,288,warlock,demonology,6,3,3
Pillçosby,tichondrius,288,warlock,demonology,6,3,3
Glickxo,tichondrius,288,warlock,demonology,6,3,3
Potta,sargeras,288,warlock,demonology,6,3,3
Muldan,stormrage,288,warlock,demonology,6,3,3
Impbiscuit,stormrage,288,warlock,demonology,6,3,3
Aksness,stormrage,288,warlock,demonology,6,3,3
Naokishi,stormrage,288,warlock,demonology,6,3,3
Wreyz,mannoroth,288,warlock,demonology,6,3,3
Dotomizer,moonrunner,288,warlock,demonology,6,3,3
Feartool,stormrage,288,warlock,demonology,6,3,3
Amz,grizzly-hills,288,warlock,demonology,6,3,3
Aeonss,stormrage,288,warlock,demonology,6,3,3
Favorite,malfurion,288,warlock,demonology,6,3,3
Ofcurse,stormrage,288,warlock,demonology,10,3,7
Opacusflamma,kelthuzad,288,warlock,demonology,11,3,8
Sumonníng,tichondrius,288,warlock,demonology,12,3,9
Laklin,stormscale,288,warlock,demonology,12,3,9
Albbanoo,tichondrius,288,warlock,demonology,12,3,9
Ebi,thrall,288,warlock,demonology,12,3,9
Jagni,stormrage,288,warlock,demonology,12,3,9
Uggaboogga,malganis,288,warlock,demonology,12,3,9
Pachips,zuljin,288,warlock,demonology,12,3,9
Westhofs,tichondrius,288,warlock,demonology,12,3,9
Killvilock,kelthuzad,288,warlock,demonology,12,3,9
Goblangus,burning-blade,288,warlock,demonology,12,3,9
Crispee,azuremyst,288,warlock,demonology,12,3,9
Erc,alterac-mountains,288,warlock,demonology,12,3,9
Tatemor,barthilas,288,warlock,demonology,12,3,9
Didntflush,blood-furnace,288,warlock,demonology,18,3,15
Shadowrift,the-forgotten-coast,287,warlock,demonology,6,3,3
Lololl,velen,287,warlock,demonology,6,3,3
Gbow,malygos,287,warlock,demonology,6,3,3
Ijustsharded,area-52,255,warlock,demonology,11,3,8
Slugworth,rivendare,239,warlock,demonology,5,3,2
Frankandbean,dawnbringer,234,warlock,demonology,7,4,3
Piblock,kiljaeden,234,warlock,demonology,11,6,5
Predictions,sargeras,234,warlock,demonology,10,5,5
Deatthmoon,stormrage,234,warlock,demonology,9,4,5
Basticor,moon-guard,223,warlock,demonology,8,3,5
Annubyz,quelthalas,208,warlock,demonology,7,3,4
Cocoabuttâ,stormrage,192,warlock,demonology,4,3,1
Javirr,ragnaros,192,warlock,demonology,15,5,10
Cylèr,whisperwind,192,warlock,demonology,6,2,4
Keltek,kelthuzad,192,warlock,demonology,6,2,4
Denji,galakrond,192,warlock,demonology,6,2,4
Firemike,kelthuzad,192,warlock,demonology,6,2,4
Soulbane,tol-barad,192,warlock,demonology,6,2,4
Nanicide,kelthuzad,192,warlock,demonology,6,2,4
Kaosqt,nemesis,192,warlock,demonology,6,2,4
Zaxry,malganis,192,warlock,demonology,6,2,4
Jkun,malganis,192,warlock,demonology,6,2,4
Capïrota,nemesis,192,warlock,demonology,6,2,4
Warfeen,malganis,192,warlock,demonology,6,2,4
Réliok,quelthalas,192,warlock,demonology,6,2,4
Gwarlocassh,quelthalas,192,warlock,demonology,6,2,4
Walterrør,nemesis,192,warlock,demonology,6,2,4
Watchmeport,onyxia,192,warlock,demonology,6,2,4
Zelnokt,thrall,192,warlock,demonology,6,2,4
Pinkypay,ragnaros,192,warlock,demonology,6,2,4
Egirlgamer,sargeras,192,warlock,demonology,6,2,4
Promancer,drakkari,192,warlock,demonology,6,2,4
Shadows,arygos,192,warlock,demonology,6,2,4
Vendareth,earthen-ring,192,warlock,demonology,6,2,4
Wesy,earthen-ring,192,warlock,demonology,6,2,4
Sneakeypeet,sargeras,192,warlock,demonology,6,2,4
Sheshð,stormrage,192,warlock,demonology,6,2,4
Rathianna,sargeras,192,warlock,demonology,6,2,4
Ðemõn,area-52,192,warlock,demonology,6,2,4
Liv,guldan,192,warlock,demonology,6,2,4
Darkmourn,icecrown,192,warlock,demonology,6,2,4
Kelifan,sargeras,192,warlock,demonology,6,2,4
Leônidos,ghostlands,192,warlock,demonology,6,2,4
Xmikaela,illidan,192,warlock,demonology,6,2,4
Scxut,zuljin,192,warlock,demonology,6,2,4
Tromeo,sargeras,192,warlock,demonology,6,2,4
Diabolicalz,sargeras,192,warlock,demonology,6,2,4
Draindeez,sargeras,192,warlock,demonology,6,2,4
Xmogfarmer,sargeras,192,warlock,demonology,6,2,4
Trippednfel,stormrage,192,warlock,demonology,6,2,4
Evilempire,sargeras,192,warlock,demonology,6,2,4
Dwight,kargath,192,warlock,demonology,6,2,4
Yuckytoetoe,emerald-dream,192,warlock,demonology,6,2,4
Sakyameil,area-52,192,warlock,demonology,6,2,4
Albright,azralon,192,warlock,demonology,6,2,4
Ðeimøn,azralon,192,warlock,demonology,6,2,4
Lockurdoors,blackwing-lair,192,warlock,demonology,6,2,4
Felforyouu,illidan,192,warlock,demonology,6,2,4
Dedology,area-52,192,warlock,demonology,6,2,4
Rokdas,area-52,192,warlock,demonology,6,2,4
Xidothewitch,stormrage,192,warlock,demonology,6,2,4
Feldotz,illidan,192,warlock,demonology,6,2,4
Bagelandlock,tichondrius,192,warlock,demonology,6,2,4
Zevoc,tichondrius,192,warlock,demonology,6,2,4
Knobbynobbas,stormrage,192,warlock,demonology,6,2,4
Arkama,tichondrius,192,warlock,demonology,6,2,4
Snoogli,tichondrius,192,warlock,demonology,6,2,4
Brough,illidan,192,warlock,demonology,6,2,4
Xblessed,stormrage,192,warlock,demonology,6,2,4
Draino,tichondrius,192,warlock,demonology,6,2,4
Frodosagginz,illidan,192,warlock,demonology,6,2,4
Ceelowtf,sargeras,192,warlock,demonology,6,2,4
Shipmatelock,stormrage,192,warlock,demonology,6,2,4
Tmsix,tichondrius,192,warlock,demonology,6,2,4
Vicnutz,tichondrius,192,warlock,demonology,6,2,4
Rightwaylovê,illidan,192,warlock,demonology,6,2,4
Xuker,tichondrius,192,warlock,demonology,6,2,4
Greenbeanzs,tichondrius,192,warlock,demonology,6,2,4
Zalissel,proudmoore,192,warlock,demonology,6,2,4
Anukh,emerald-dream,192,warlock,demonology,6,2,4
Hentailust,kiljaeden,192,warlock,demonology,6,2,4
Aceej,nazgrel,192,warlock,demonology,6,2,4
Ggaayyooii,anubarak,192,warlock,demonology,6,2,4
Reckzet,stormrage,192,warlock,demonology,6,2,4
Ziroken,crushridge,192,warlock,demonology,6,2,4
Podda,shuhalo,192,warlock,demonology,6,2,4
Fiennx,dalaran,192,warlock,demonology,6,2,4
Qic,runetotem,192,warlock,demonology,6,2,4
Mefound,nerzhul,192,warlock,demonology,6,2,4
Darkcrok,gallywix,192,warlock,demonology,6,2,4
Koffay,bleeding-hollow,192,warlock,demonology,6,2,4
Agamendoir,frostmane,192,warlock,demonology,6,2,4
Savubaloo,blackrock,192,warlock,demonology,6,2,4
Fellraiser,bleeding-hollow,192,warlock,demonology,6,2,4
Wtb,blackrock,192,warlock,demonology,6,2,4
Stuffs,wyrmrest-accord,192,warlock,demonology,6,2,4
Cursedkash,stormrage,192,warlock,demonology,6,2,4
Wreckquiem,draka,192,warlock,demonology,6,2,4
Esteedees,moon-guard,192,warlock,demonology,6,2,4
Snakromancer,bleeding-hollow,192,warlock,demonology,6,2,4
Tomathus,moon-guard,192,warlock,demonology,6,2,4
Karlangax,illidan,192,warlock,demonology,6,2,4
Solitarylock,moon-guard,192,warlock,demonology,6,2,4
Doomtome,moon-guard,192,warlock,demonology,6,2,4
Incaseoffire,moon-guard,192,warlock,demonology,6,2,4
Naoma,moon-guard,192,warlock,demonology,6,2,4
Vexidus,moon-guard,192,warlock,demonology,6,2,4
Tikdotlock,silvermoon,192,warlock,demonology,6,2,4
Hootenanny,korialstrasz,192,warlock,demonology,6,2,4
Boon,spirestone,192,warlock,demonology,6,2,4
Shadow,frostwolf,192,warlock,demonology,6,2,4
Zwicky,zuljin,192,warlock,demonology,6,2,4
Pikkon,malorne,192,warlock,demonology,6,2,4
Barbieelf,sargeras,192,warlock,demonology,6,2,4
Chde,ragnaros,192,warlock,demonology,6,2,4
Infecçäo,stormrage,192,warlock,demonology,6,2,4
Irene,nagrand,192,warlock,demonology,6,2,4
Feardr,frostmourne,192,warlock,demonology,6,2,4
Felpuppet,barthilas,192,warlock,demonology,6,2,4
Zerowarlock,stormrage,192,warlock,demonology,6,2,4
Noggét,frostmourne,192,warlock,demonology,6,2,4
Lilbiackguy,stormrage,192,warlock,demonology,6,2,4
Dirtydeikan,stormrage,192,warlock,demonology,6,2,4
Flággedname,area-52,192,warlock,demonology,7,2,5
Manthos,sargeras,192,warlock,demonology,9,2,7
Miamarin,ragnaros,192,warlock,demonology,12,2,10
Octeh,hyjal,192,warlock,demonology,12,2,10
Gàtór,kiljaeden,192,warlock,demonology,12,2,10
Starwitch,darkspear,192,warlock,demonology,12,2,10
Nameflagged,arathor,192,warlock,demonology,12,2,10
Shortbuhz,tichondrius,192,warlock,demonology,12,2,10
Vielkä,ragnaros,192,warlock,demonology,12,2,10
Sinful,darkspear,192,warlock,demonology,12,2,10
Umadbruhh,tichondrius,192,warlock,demonology,12,2,10
Felnoxx,dragonmaw,192,warlock,demonology,12,2,10
Raven,baelgun,192,warlock,demonology,12,2,10
Timerad,maelstrom,192,warlock,demonology,14,2,12
Mammok,azshara,191,warlock,demonology,6,2,4
Kezakle,ragnaros,190,warlock,demonology,7,3,4
Taeden,jubeithos,175,warlock,demonology,11,3,8
Tunacanthicc,moon-guard,159,warlock,demonology,5,2,3
Ededneddy,tichondrius,159,warlock,demonology,5,2,3
Gartlarrey,daggerspine,158,warlock,demonology,14,3,11
Itstista,proudmoore,144,warlock,demonology,3,3,0
Exilegd,proudmoore,144,warlock,demonology,9,2,7
Urmami,frostwolf,127,warlock,demonology,8,2,6
Darkvitality,dathremar,127,warlock,demonology,8,2,6
Iñdåçut,bleeding-hollow,96,warlock,demonology,3,2,1
Malleus,drakkari,96,warlock,demonology,3,2,1
Africanlock,sargeras,96,warlock,demonology,3,2,1
Poländ,area-52,96,warlock,demonology,6,1,5
Ironreaver,area-52,96,warlock,demonology,6,1,5
Oreo,velen,96,warlock,demonology,6,1,5
Impcredible,shadowsong,96,warlock,demonology,6,1,5
Lefrancais,area-52,96,warlock,demonology,6,1,5
Halloweèn,kelthuzad,96,warlock,demonology,6,1,5
Hidler,malganis,96,warlock,demonology,6,1,5
Craftman,malganis,96,warlock,demonology,6,1,5
Tormentor,malganis,96,warlock,demonology,6,1,5
Osteogenesis,quelthalas,96,warlock,demonology,6,1,5
Wakingdead,mugthol,96,warlock,demonology,6,1,5
Regent,nemesis,96,warlock,demonology,6,1,5
Erimegara,ragnaros,96,warlock,demonology,6,1,5
Eriss,exodar,96,warlock,demonology,6,1,5
Malzahard,ragnaros,96,warlock,demonology,6,1,5
Agramonn,ragnaros,96,warlock,demonology,6,1,5
Repláced,thrall,96,warlock,demonology,6,1,5
Fashon,barthilas,96,warlock,demonology,6,1,5
Yora,illidan,96,warlock,demonology,6,1,5
Thinkchair,sargeras,96,warlock,demonology,6,1,5
Lockz,illidan,96,warlock,demonology,6,1,5
Bucweat,illidan,96,warlock,demonology,6,1,5
Thugpenus,frostmane,96,warlock,demonology,6,1,5
Guldansbicep,illidan,96,warlock,demonology,6,1,5
Sidiouss,dreadmaul,96,warlock,demonology,6,1,5
Telvanni,sargeras,96,warlock,demonology,6,1,5
Blankdots,sargeras,96,warlock,demonology,6,1,5
Zod,burning-legion,96,warlock,demonology,6,1,5
Decrepticus,kargath,96,warlock,demonology,6,1,5
Naughtyjoshx,emerald-dream,96,warlock,demonology,6,1,5
Bmó,stormrage,96,warlock,demonology,6,1,5
Yeniza,illidan,96,warlock,demonology,6,1,5
Vuodoo,azralon,96,warlock,demonology,6,1,5
Bilidin,azralon,96,warlock,demonology,6,1,5
Killulock,area-52,96,warlock,demonology,6,1,5
Watsfear,illidan,96,warlock,demonology,6,1,5
Hâunted,khazgoroth,96,warlock,demonology,6,1,5
Xalithra,moon-guard,96,warlock,demonology,6,1,5
Somethingud,tichondrius,96,warlock,demonology,6,1,5
Bergerak,tichondrius,96,warlock,demonology,6,1,5
Damneddog,laughing-skull,96,warlock,demonology,6,1,5
Isthismeta,tichondrius,96,warlock,demonology,6,1,5
Jessewheels,tichondrius,96,warlock,demonology,6,1,5
Fearedit,bleeding-hollow,96,warlock,demonology,6,1,5
Tonyxx,tichondrius,96,warlock,demonology,6,1,5
Clarton,tichondrius,96,warlock,demonology,6,1,5
Damdochael,bleeding-hollow,96,warlock,demonology,6,1,5
Asetiks,tichondrius,96,warlock,demonology,6,1,5
Harukay,tichondrius,96,warlock,demonology,6,1,5
Injera,tichondrius,96,warlock,demonology,6,1,5
Draintráin,tichondrius,96,warlock,demonology,6,1,5
Jazzycj,bleeding-hollow,96,warlock,demonology,6,1,5
Solöw,tichondrius,96,warlock,demonology,6,1,5
Cynnd,tichondrius,96,warlock,demonology,6,1,5
Borthrel,moon-guard,96,warlock,demonology,6,1,5
Felsparkz,tichondrius,96,warlock,demonology,6,1,5
Lockfoxyy,tichondrius,96,warlock,demonology,6,1,5
Bfaclâssic,zuljin,96,warlock,demonology,6,1,5
Liability,zuljin,96,warlock,demonology,6,1,5
Stronge,frostmourne,96,warlock,demonology,6,1,5
Allixon,feathermoon,96,warlock,demonology,6,1,5
Varvanta,proudmoore,96,warlock,demonology,6,1,5
Zíppen,proudmoore,96,warlock,demonology,6,1,5
Cancer,bloodscalp,96,warlock,demonology,6,1,5
Skured,maiev,96,warlock,demonology,6,1,5
Almyfrnsrded,stormrage,96,warlock,demonology,6,1,5
Hsxcx,stonemaul,96,warlock,demonology,6,1,5
Krilkore,kiljaeden,96,warlock,demonology,6,1,5
Redkimochi,stormrage,96,warlock,demonology,6,1,5
Olãf,kilrogg,96,warlock,demonology,6,1,5
Zerosix,sargeras,96,warlock,demonology,6,1,5
Ñinelyfe,frostmourne,96,warlock,demonology,6,1,5
Swapchan,sargeras,96,warlock,demonology,6,1,5
Coheatt,hyjal,96,warlock,demonology,6,1,5
Playdizzle,frostmourne,96,warlock,demonology,6,1,5
Halsonis,smolderthorn,96,warlock,demonology,6,1,5
Shiionitsune,hyjal,96,warlock,demonology,6,1,5
Fluximilian,azralon,96,warlock,demonology,7,1,6
Trpnbangtime,zuljin,96,warlock,demonology,12,1,11
Vladdraculi,drakkari,96,warlock,demonology,12,1,11
Galtur,azralon,96,warlock,demonology,12,1,11
Resima,stormscale,96,warlock,demonology,13,1,12
Wræthïøn,tichondrius,64,warlock,demonology,4,1,3
Softmain,frostmourne,64,warlock,demonology,4,1,3
Lockonomicz,tichondrius,63,warlock,demonology,2,2,0
Hecataeus,proudmoore,63,warlock,demonology,8,2,6
Shaurial,zuljin,48,warlock,demonology,3,1,2
Aerindell,dalaran,48,warlock,demonology,3,1,2
Eternitty,nemesis,42,warlock,demonology,11,3,8
Fliclock,anubarak,42,warlock,demonology,8,2,6
Locksyy,tichondrius,31,warlock,demonology,2,1,1
Synysta,frostmourne,31,warlock,demonology,2,1,1
Lilspank,chogall,31,warlock,demonology,2,1,1
Soluesk,tichondrius,31,warlock,demonology,2,1,1
Camila,lightnings-blade,16,warlock,demonology,1,1,0
Rainbowdate,tichondrius,2452,warlock,destruction,78,59,19
Nosw,bleeding-hollow,2395,warlock,destruction,114,72,42
Slipnslide,malganis,2357,warlock,destruction,83,55,28
Hahahahahha,stormrage,2357,warlock,destruction,95,62,33
Nos,bleeding-hollow,2351,warlock,destruction,100,64,36
Drexia,tichondrius,2320,warlock,destruction,271,170,101
Ihavestds,tichondrius,2302,warlock,destruction,114,65,49
Forestfruit,tichondrius,2281,warlock,destruction,66,43,23
Drackkyy,tichondrius,2279,warlock,destruction,216,124,92
Truetime,tichondrius,2270,warlock,destruction,96,55,41
Deathhawkz,ravencrest,2263,warlock,destruction,90,56,34
Reverence,tichondrius,2263,warlock,destruction,143,86,57
Isodjdojk,sargeras,2263,warlock,destruction,112,62,50
Solwl,shandris,2256,warlock,destruction,72,41,31
Singleaf,stormrage,2255,warlock,destruction,98,57,41
Deideimeow,illidan,2254,warlock,destruction,77,51,26
Rightwaylovê,illidan,2249,warlock,destruction,239,138,101
Danaowns,spirestone,2248,warlock,destruction,72,42,30
Dannyl,tichondrius,2241,warlock,destruction,78,50,28
Notprint,sargeras,2238,warlock,destruction,84,53,31
Demonman,auchindoun,2229,warlock,destruction,84,49,35
Voidchaos,whisperwind,2229,warlock,destruction,277,160,117
Gimmeprecog,tichondrius,2227,warlock,destruction,98,60,38
Playßøy,area-52,2226,warlock,destruction,164,89,75
Newmanz,nerzhul,2224,warlock,destruction,72,46,26
Trengodx,area-52,2221,warlock,destruction,132,88,44
Scarified,illidan,2221,warlock,destruction,138,79,59
Ellynaria,nemesis,2218,warlock,destruction,96,62,34
Alucarduo,emerald-dream,2216,warlock,destruction,108,61,47
Drâkedog,illidan,2212,warlock,destruction,78,46,32
Kamohoalii,bleeding-hollow,2210,warlock,destruction,102,62,40
Deathair,tichondrius,2210,warlock,destruction,90,53,37
Kryl,kiljaeden,2208,warlock,destruction,78,48,30
Headbolterx,tichondrius,2207,warlock,destruction,93,52,41
Slantsix,tichondrius,2205,warlock,destruction,126,68,58
Spicywhite,tichondrius,2205,warlock,destruction,167,88,79
Drakedogee,illidan,2205,warlock,destruction,195,100,95
Turiggyjr,tichondrius,2202,warlock,destruction,118,62,56
Tomatobob,thrall,2193,warlock,destruction,96,52,44
Mcdudebro,malganis,2192,warlock,destruction,72,45,27
Mclovn,suramar,2189,warlock,destruction,323,169,154
Drböb,area-52,2187,warlock,destruction,106,63,43
Medzor,tichondrius,2186,warlock,destruction,105,61,44
Demonicxs,area-52,2184,warlock,destruction,332,176,156
Sockems,guldan,2182,warlock,destruction,108,62,46
Bakko,tichondrius,2181,warlock,destruction,95,64,31
Heckindoggø,tichondrius,2180,warlock,destruction,93,51,42
Chazzlock,area-52,2173,warlock,destruction,60,38,22
Ruination,cenarius,2165,warlock,destruction,72,44,28
Butterboyx,stormrage,2162,warlock,destruction,101,61,40
Amez,grizzly-hills,2162,warlock,destruction,151,79,72
Søülætër,bleeding-hollow,2161,warlock,destruction,66,42,24
Cux,malganis,2159,warlock,destruction,107,56,51
Impenjoyer,tichondrius,2154,warlock,destruction,66,41,25
Sonlyc,tichondrius,2153,warlock,destruction,114,60,54
Thugonomicz,demon-soul,2149,warlock,destruction,60,41,19
Venticm,tichondrius,2149,warlock,destruction,98,57,41
Rizzofsparta,stormrage,2148,warlock,destruction,72,45,27
Woahlock,thrall,2146,warlock,destruction,64,40,24
Hudwinx,illidan,2146,warlock,destruction,84,51,33
Sitomey,emerald-dream,2145,warlock,destruction,84,50,34
Bufflockmore,tichondrius,2143,warlock,destruction,118,66,52
Colombø,gallywix,2142,warlock,destruction,181,98,83
Dae,burning-legion,2138,warlock,destruction,65,41,24
Usainboltzz,tichondrius,2137,warlock,destruction,71,49,22
Igortrikadva,zuljin,2135,warlock,destruction,72,43,29
Mengqil,tichondrius,2135,warlock,destruction,185,96,89
Yifaruhún,illidan,2132,warlock,destruction,78,58,20
Kyranu,tichondrius,2132,warlock,destruction,142,80,62
Lockdotsftw,illidan,2132,warlock,destruction,137,75,62
Ribman,stormrage,2132,warlock,destruction,120,62,58
Jonboyy,illidan,2132,warlock,destruction,241,124,117
Boxtrolls,ragnaros,2129,warlock,destruction,78,47,31
Etuskaa,tichondrius,2129,warlock,destruction,235,127,108
Loopsy,stormrage,2128,warlock,destruction,133,73,60
Revérence,sargeras,2127,warlock,destruction,83,44,39
Diabolicalz,sargeras,2125,warlock,destruction,177,94,83
Ihatemyson,tichondrius,2125,warlock,destruction,131,67,64
Tichonkimc,tichondrius,2124,warlock,destruction,215,115,100
Dxxz,tichondrius,2124,warlock,destruction,187,99,88
Chaosboltex,tichondrius,2123,warlock,destruction,84,47,37
Oopsprecog,tichondrius,2123,warlock,destruction,120,64,56
Horror,moon-guard,2123,warlock,destruction,93,47,46
Heizx,area-52,2122,warlock,destruction,57,31,26
Genzy,tichondrius,2122,warlock,destruction,196,104,92
Xiyangpvp,tichondrius,2122,warlock,destruction,96,49,47
Bigdamege,tichondrius,2121,warlock,destruction,127,78,49
Zyzx,malganis,2120,warlock,destruction,59,37,22
Ztlivid,area-52,2120,warlock,destruction,173,103,70
Neruvian,tichondrius,2120,warlock,destruction,66,39,27
Beastsuper,tichondrius,2120,warlock,destruction,78,40,38
Insanetroll,stormrage,2119,warlock,destruction,78,54,24
Uwantpeach,tichondrius,2117,warlock,destruction,64,44,20
Ðlrwêcïûj,stormrage,2117,warlock,destruction,84,56,28
Bananapan,tichondrius,2116,warlock,destruction,66,44,22
Starta,tichondrius,2116,warlock,destruction,66,39,27
Luvana,kelthuzad,2116,warlock,destruction,155,89,66
Dyenamik,stormrage,2116,warlock,destruction,65,36,29
Realization,illidan,2115,warlock,destruction,48,33,15
Epícburn,illidan,2115,warlock,destruction,66,40,26
Minglocked,proudmoore,2114,warlock,destruction,54,37,17
Usurpest,bleeding-hollow,2114,warlock,destruction,79,50,29
Marcelium,greymane,2114,warlock,destruction,70,40,30
Stingzz,azralon,2113,warlock,destruction,78,46,32
Marshyw,tichondrius,2113,warlock,destruction,66,36,30
Whodatman,illidan,2112,warlock,destruction,64,42,22
Dean,frostmourne,2111,warlock,destruction,66,33,33
Xertling,sargeras,2109,warlock,destruction,140,87,53
Ghoul,demon-soul,2109,warlock,destruction,60,35,25
Soulbane,jubeithos,2108,warlock,destruction,60,34,26
Mjn,tichondrius,2107,warlock,destruction,100,51,49
Vapeboi,bleeding-hollow,2106,warlock,destruction,84,47,37
Michae,tichondrius,2105,warlock,destruction,67,42,25
Drugmuffin,tichondrius,2105,warlock,destruction,100,55,45
Jcm,hyjal,2104,warlock,destruction,59,41,18
Dottle,frostmourne,2104,warlock,destruction,66,39,27
Disembolt,illidan,2102,warlock,destruction,66,41,25
Breeped,tichondrius,2102,warlock,destruction,150,91,59
Disgustingfk,illidan,2102,warlock,destruction,205,115,90
Abrocket,alleria,2101,warlock,destruction,112,58,54
Dodgeykun,khaz-modan,2100,warlock,destruction,95,58,37
Äran,azralon,2100,warlock,destruction,84,41,43
Destroyy,greymane,2099,warlock,destruction,72,38,34
Sourslock,shadowsong,2093,warlock,destruction,138,82,56
Badhombre,tichondrius,2091,warlock,destruction,72,50,22
Kaytoxics,tichondrius,2078,warlock,destruction,72,46,26
Hellsparks,malganis,2074,warlock,destruction,66,41,25
Locean,tichondrius,2074,warlock,destruction,112,60,52
Løckyun,tichondrius,2073,warlock,destruction,78,52,26
Wzxx,tichondrius,2073,warlock,destruction,314,170,144
Demofire,tichondrius,2072,warlock,destruction,69,43,26
Qp,thrall,2068,warlock,destruction,42,31,11
Rizzard,lightnings-blade,2067,warlock,destruction,113,65,48
Rotfull,burning-legion,2066,warlock,destruction,81,42,39
Babyaga,illidan,2065,warlock,destruction,133,65,68
Mjndewb,tichondrius,2064,warlock,destruction,78,58,20
Sinápsís,ragnaros,2063,warlock,destruction,66,39,27
Butteredbun,stormrage,2063,warlock,destruction,228,125,103
Babybolt,frostmourne,2054,warlock,destruction,138,70,68
Payn,kiljaeden,2053,warlock,destruction,180,92,88
Koitis,tichondrius,2050,warlock,destruction,97,56,41
Scørrgx,azralon,2049,warlock,destruction,102,53,49
Warlockwars,amanthul,2047,warlock,destruction,423,217,206
Ohmend,thrall,2046,warlock,destruction,75,46,29
Synthwave,shadowsong,2046,warlock,destruction,84,50,34
Foresthills,sargeras,2044,warlock,destruction,102,53,49
Hàrrydotter,darkspear,2043,warlock,destruction,142,78,64
Yuvirayz,illidan,2043,warlock,destruction,88,43,45
Quinsnyder,zuljin,2042,warlock,destruction,276,138,138
Kaytoxic,tichondrius,2041,warlock,destruction,138,71,67
Brainless,tichondrius,2040,warlock,destruction,109,66,43
Zeari,sargeras,2040,warlock,destruction,121,63,58
Pillçosby,bleeding-hollow,2040,warlock,destruction,319,158,161
Hydra,wyrmrest-accord,2039,warlock,destruction,135,72,63
Salanzø,bleeding-hollow,2037,warlock,destruction,63,36,27
Dragonixs,ragnaros,2035,warlock,destruction,142,83,59
Napiersdot,tichondrius,2032,warlock,destruction,104,53,51
Skynflute,tichondrius,2031,warlock,destruction,52,30,22
Thumperrz,frostmourne,2031,warlock,destruction,142,71,71
Heresucacok,frostmourne,2030,warlock,destruction,48,27,21
Matafé,kelthuzad,2025,warlock,destruction,78,43,35
Idotû,tichondrius,2025,warlock,destruction,221,116,105
Richactress,tichondrius,2024,warlock,destruction,59,37,22
Chaosbolt,bloodhoof,2023,warlock,destruction,123,67,56
Koei,tichondrius,2021,warlock,destruction,60,33,27
Instabilityx,tichondrius,2021,warlock,destruction,113,61,52
Eav,area-52,2020,warlock,destruction,78,47,31
Implify,tichondrius,2016,warlock,destruction,154,76,78
Sweatystain,tichondrius,2015,warlock,destruction,129,77,52
Revenid,tichondrius,2015,warlock,destruction,78,44,34
Duukka,malganis,2015,warlock,destruction,96,53,43
Köënïgsëgg,blackwater-raiders,2014,warlock,destruction,39,29,10
Hollowl,tichondrius,2013,warlock,destruction,101,65,36
Dimanel,moon-guard,2013,warlock,destruction,100,52,48
Dxhusky,illidan,2011,warlock,destruction,78,44,34
Natsuki,tichondrius,2009,warlock,destruction,66,44,22
Doties,bleeding-hollow,2007,warlock,destruction,78,42,36
Kaidow,tichondrius,2006,warlock,destruction,114,67,47
Warzog,wyrmrest-accord,2004,warlock,destruction,126,67,59
Kruxxqt,illidan,2002,warlock,destruction,499,255,244
Vyrecks,hyjal,2001,warlock,destruction,83,47,36
Basicwitch,malganis,1997,warlock,destruction,71,37,34
Dxhusky,tichondrius,1994,warlock,destruction,90,52,38
Sereniaa,sargeras,1992,warlock,destruction,62,35,27
Cc,hellscream,1991,warlock,destruction,274,154,120
Realgodlock,proudmoore,1990,warlock,destruction,241,125,116
Tott,hellscream,1990,warlock,destruction,122,60,62
Bronzel,tichondrius,1989,warlock,destruction,36,27,9
Famerap,tichondrius,1989,warlock,destruction,48,33,15
Starwitch,darkspear,1989,warlock,destruction,266,135,131
Dejagu,tichondrius,1989,warlock,destruction,126,63,63
Meraz,zuljin,1987,warlock,destruction,58,37,21
Cvoaw,bonechewer,1987,warlock,destruction,108,59,49
Dazu,illidan,1986,warlock,destruction,221,115,106
Conboi,tichondrius,1984,warlock,destruction,54,36,18
Slurper,frostwolf,1984,warlock,destruction,48,31,17
Inmøtion,tichondrius,1984,warlock,destruction,60,31,29
Hrrpeuh,zuljin,1984,warlock,destruction,106,54,52
Il,nerzhul,1983,warlock,destruction,42,29,13
Chaotixbolt,sargeras,1981,warlock,destruction,101,66,35
Biubius,tichondrius,1978,warlock,destruction,104,64,40
Felfeels,area-52,1978,warlock,destruction,132,73,59
Radalyn,icecrown,1977,warlock,destruction,61,34,27
Fotmspec,area-52,1976,warlock,destruction,66,46,20
Narila,firetree,1976,warlock,destruction,48,29,19
Darthael,stormrage,1971,warlock,destruction,218,121,97
Stankybootie,malganis,1970,warlock,destruction,79,53,26
Calvarr,bleeding-hollow,1970,warlock,destruction,77,45,32
Wampeter,azshara,1968,warlock,destruction,248,131,117
Ruellia,tichondrius,1968,warlock,destruction,198,98,100
Pigii,tichondrius,1967,warlock,destruction,42,28,14
Zchenboom,tichondrius,1966,warlock,destruction,54,36,18
Salival,chogall,1965,warlock,destruction,51,36,15
Mizmagius,moon-guard,1965,warlock,destruction,65,31,34
Feetsampler,stormrage,1963,warlock,destruction,105,55,50
Maureenn,mannoroth,1962,warlock,destruction,163,84,79
Boltsnhoes,illidan,1961,warlock,destruction,78,46,32
Omegapasta,illidan,1961,warlock,destruction,120,64,56
Radicalz,ragnaros,1959,warlock,destruction,55,30,25
Blackyeonnam,tichondrius,1959,warlock,destruction,86,46,40
Soulbane,nemesis,1956,warlock,destruction,54,32,22
Beegbeechy,nesingwary,1956,warlock,destruction,84,48,36
Rakshama,chogall,1956,warlock,destruction,73,41,32
Zarinista,veknilash,1956,warlock,destruction,133,71,62
Sarcophagus,duskwood,1956,warlock,destruction,198,97,101
Mazewl,illidan,1955,warlock,destruction,117,71,46
Mistrnesbitt,malganis,1954,warlock,destruction,54,31,23
Oldwing,illidan,1954,warlock,destruction,350,180,170
Seangnong,tichondrius,1953,warlock,destruction,54,34,20
Bod,bleeding-hollow,1953,warlock,destruction,125,69,56
Soulbane,tol-barad,1951,warlock,destruction,33,22,11
Zhul,nerzhul,1949,warlock,destruction,69,42,27
Slobõnmyknob,frostmourne,1948,warlock,destruction,79,48,31
Zettian,quelthalas,1947,warlock,destruction,108,58,50
Moosejockey,stormrage,1946,warlock,destruction,42,26,16
Truepain,tichondrius,1946,warlock,destruction,42,26,16
Demondisco,tichondrius,1946,warlock,destruction,168,90,78
Archimondee,rivendare,1945,warlock,destruction,149,75,74
Balveer,tichondrius,1944,warlock,destruction,71,38,33
Nightmanx,sargeras,1942,warlock,destruction,137,68,69
Fartymårty,tichondrius,1940,warlock,destruction,69,42,27
Zyltan,tichondrius,1938,warlock,destruction,36,25,11
Vileröze,zuljin,1938,warlock,destruction,114,62,52
Eqx,illidan,1938,warlock,destruction,193,103,90
Aeaea,bleeding-hollow,1936,warlock,destruction,113,67,46
Garvers,tichondrius,1935,warlock,destruction,42,26,16
Buu,veknilash,1934,warlock,destruction,66,40,26
Maadhum,illidan,1934,warlock,destruction,210,100,110
Nahalmaeim,tichondrius,1933,warlock,destruction,61,37,24
Wodwarlock,thrall,1933,warlock,destruction,83,49,34
Bismorc,frostmourne,1932,warlock,destruction,120,61,59
Leeroydots,area-52,1931,warlock,destruction,132,80,52
Alchandil,tichondrius,1931,warlock,destruction,102,55,47
Roxmysox,darkspear,1930,warlock,destruction,102,54,48
Albbanoo,tichondrius,1930,warlock,destruction,173,89,84
Tjdotter,stormrage,1929,warlock,destruction,56,34,22
Brujoalfa,ragnaros,1929,warlock,destruction,283,156,127
Dazedl,stormrage,1928,warlock,destruction,39,23,16
Stilltrilly,tichondrius,1925,warlock,destruction,42,28,14
Deadlpoo,stormscale,1925,warlock,destruction,194,99,95
Tacobelf,magtheridon,1923,warlock,destruction,141,77,64
Karimbenzema,tichondrius,1922,warlock,destruction,78,45,33
Yuoalx,tichondrius,1922,warlock,destruction,72,38,34
Panna,tichondrius,1920,warlock,destruction,458,231,227
Naughtybolts,sargeras,1919,warlock,destruction,71,48,23
Cumbledor,bleeding-hollow,1916,warlock,destruction,50,28,22
Warsmock,tichondrius,1914,warlock,destruction,65,37,28
Blodrain,tichondrius,1912,warlock,destruction,30,20,10
Søulswap,tichondrius,1912,warlock,destruction,66,36,30
Grandmama,tichondrius,1912,warlock,destruction,131,67,64
Nðm,tichondrius,1912,warlock,destruction,120,58,62
Reallymagic,malganis,1911,warlock,destruction,197,111,86
Zunexx,malganis,1910,warlock,destruction,66,36,30
Destructo,illidan,1910,warlock,destruction,186,96,90
Jfet,sargeras,1909,warlock,destruction,89,49,40
Screampies,tichondrius,1909,warlock,destruction,64,35,29
Dottcha,blackrock,1909,warlock,destruction,138,73,65
Nino,barthilas,1908,warlock,destruction,51,31,20
Rocketman,hydraxis,1907,warlock,destruction,54,36,18
Dreadful,frostmourne,1907,warlock,destruction,81,49,32
Leredi,stormrage,1907,warlock,destruction,222,108,114
Pernicious,bladefist,1907,warlock,destruction,251,121,130
Mcrfan,illidan,1906,warlock,destruction,41,33,8
Whatisthis,tichondrius,1906,warlock,destruction,36,20,16
Valkynaris,chogall,1906,warlock,destruction,38,21,17
Baxmoney,malganis,1905,warlock,destruction,24,20,4
Yoyoyosup,stormrage,1905,warlock,destruction,48,32,16
Nasn,black-dragonflight,1904,warlock,destruction,127,76,51
Drthiccbolts,malganis,1903,warlock,destruction,53,34,19
Almostoogood,illidan,1902,warlock,destruction,42,25,17
Extreme,blackwing-lair,1902,warlock,destruction,72,42,30
Drazh,area-52,1901,warlock,destruction,75,42,33
Kayersoul,tichondrius,1901,warlock,destruction,72,40,32
Miniya,tichondrius,1900,warlock,destruction,30,20,10
Freddiewill,tichondrius,1900,warlock,destruction,136,78,58
Ozmat,spirestone,1900,warlock,destruction,36,20,16
Mayelinvail,moon-guard,1900,warlock,destruction,221,115,106
Bigjmmywiggl,illidan,1898,warlock,destruction,109,67,42
Gucciflops,bleeding-hollow,1898,warlock,destruction,156,79,77
Scatz,sargeras,1897,warlock,destruction,36,33,3
Shïrõ,tichondrius,1897,warlock,destruction,176,106,70
Pillçosby,tichondrius,1897,warlock,destruction,54,27,27
Donutd,stormrage,1896,warlock,destruction,72,41,31
Jaspieno,illidan,1895,warlock,destruction,54,34,20
Indelock,drenden,1895,warlock,destruction,48,27,21
Ralerhard,kelthuzad,1893,warlock,destruction,130,77,53
Belandyr,stormrage,1893,warlock,destruction,36,20,16
Bodhisage,kelthuzad,1892,warlock,destruction,30,23,7
Curse,agamaggan,1891,warlock,destruction,210,116,94
Pikslol,bleeding-hollow,1889,warlock,destruction,54,28,26
Bigulinhos,nemesis,1888,warlock,destruction,214,107,107
Daddybolt,blackrock,1887,warlock,destruction,117,59,58
Cowboydann,malganis,1885,warlock,destruction,36,24,12
Xidothewitch,stormrage,1885,warlock,destruction,54,32,22
Drakwlya,tichondrius,1885,warlock,destruction,72,42,30
Truenatestes,proudmoore,1885,warlock,destruction,229,113,116
Dmacxl,tichondrius,1885,warlock,destruction,66,32,34
Toggafputuhs,illidan,1884,warlock,destruction,42,26,16
Intentionz,sargeras,1884,warlock,destruction,125,66,59
Døtbomb,stormrage,1884,warlock,destruction,41,21,20
Madthelock,sargeras,1884,warlock,destruction,42,20,22
Rice,lothar,1883,warlock,destruction,30,23,7
Sphoo,tichondrius,1883,warlock,destruction,54,29,25
Benafflockz,kelthuzad,1882,warlock,destruction,77,46,31
Dbf,sargeras,1882,warlock,destruction,289,152,137
Crayonchewer,alleria,1882,warlock,destruction,78,40,38
Reneqtxo,frostmourne,1879,warlock,destruction,98,62,36
Fake,blackrock,1879,warlock,destruction,62,38,24
Warcalk,stormrage,1879,warlock,destruction,78,46,32
Çxb,tichondrius,1879,warlock,destruction,89,50,39
Humanwarlock,spirestone,1879,warlock,destruction,57,32,25
Darkwidow,sargeras,1879,warlock,destruction,331,168,163
Scorrgx,azralon,1878,warlock,destruction,102,47,55
Sosahawk,stormrage,1877,warlock,destruction,156,96,60
Maldivà,tichondrius,1877,warlock,destruction,47,27,20
Aramith,tichondrius,1875,warlock,destruction,83,50,33
Tommybahama,velen,1875,warlock,destruction,76,45,31
Klumzey,tichondrius,1875,warlock,destruction,118,69,49
Tacticalderp,bleeding-hollow,1875,warlock,destruction,54,28,26
Evilclass,tichondrius,1874,warlock,destruction,66,45,21
Shinjuro,stormrage,1873,warlock,destruction,60,37,23
Gotthmog,nerzhul,1873,warlock,destruction,54,32,22
Elcidoo,tichondrius,1873,warlock,destruction,48,25,23
Falsaqt,area-52,1872,warlock,destruction,42,25,17
Hommer,tichondrius,1870,warlock,destruction,57,34,23
Liritasu,illidan,1870,warlock,destruction,66,36,30
Vexe,tichondrius,1869,warlock,destruction,178,98,80
Jeffreyw,tichondrius,1868,warlock,destruction,89,55,34
Pheadas,deathwing,1868,warlock,destruction,60,29,31
Dipicrowcaw,tichondrius,1867,warlock,destruction,30,21,9
Picklecatz,barthilas,1867,warlock,destruction,59,33,26
Corkeý,azuremyst,1865,warlock,destruction,160,85,75
Ensanaty,dalaran,1865,warlock,destruction,199,103,96
Footyl,stormrage,1864,warlock,destruction,54,39,15
Particles,proudmoore,1864,warlock,destruction,40,26,14
Palumorl,deathwing,1864,warlock,destruction,36,23,13
Romdi,tichondrius,1863,warlock,destruction,58,36,22
Wildimp,aerie-peak,1862,warlock,destruction,36,22,14
Barovir,tichondrius,1862,warlock,destruction,60,35,25
Tonyxx,tichondrius,1862,warlock,destruction,142,74,68
Dampenedx,bleeding-hollow,1862,warlock,destruction,64,33,31
Alchan,tichondrius,1860,warlock,destruction,101,58,43
Zírds,stormrage,1860,warlock,destruction,99,53,46
Ashlet,kelthuzad,1859,warlock,destruction,54,33,21
Golock,tichondrius,1859,warlock,destruction,66,37,29
Neverending,malganis,1859,warlock,destruction,67,34,33
Shutkax,sargeras,1858,warlock,destruction,42,30,12
Necrosade,tichondrius,1858,warlock,destruction,48,30,18
Tìdals,sargeras,1858,warlock,destruction,50,31,19
Podda,shuhalo,1858,warlock,destruction,117,69,48
Neverportx,kirin-tor,1858,warlock,destruction,54,31,23
Wiredftwx,illidan,1858,warlock,destruction,37,21,16
Dauntx,proudmoore,1857,warlock,destruction,72,38,34
Tenaciousd,malganis,1857,warlock,destruction,72,32,40
Dottx,frostmourne,1856,warlock,destruction,48,32,16
Luhgëek,tichondrius,1856,warlock,destruction,47,29,18
Zadelyn,whisperwind,1855,warlock,destruction,30,23,7
Snerp,frostmourne,1855,warlock,destruction,135,78,57
Soulrulerxc,tichondrius,1854,warlock,destruction,42,27,15
Sktfäker,sargeras,1854,warlock,destruction,41,25,16
Mokushiroku,trollbane,1854,warlock,destruction,95,52,43
Mongobros,illidan,1853,warlock,destruction,54,35,19
Hädes,frostwolf,1853,warlock,destruction,121,73,48
Coilsinfive,tichondrius,1853,warlock,destruction,48,27,21
Dàmagicman,drakthul,1853,warlock,destruction,134,72,62
Evilempire,sargeras,1853,warlock,destruction,60,32,28
Immolate,eitrigg,1852,warlock,destruction,48,29,19
Odjure,zuljin,1852,warlock,destruction,47,27,20
Littlerod,tichondrius,1852,warlock,destruction,57,30,27
Shequita,thrall,1851,warlock,destruction,54,35,19
Dragoska,kiljaeden,1851,warlock,destruction,60,38,22
Ændrew,darkspear,1850,warlock,destruction,59,37,22
Trundle,area-52,1850,warlock,destruction,107,63,44
Synkz,blood-furnace,1849,warlock,destruction,42,24,18
Threeinches,kelthuzad,1848,warlock,destruction,170,100,70
Mycelium,greymane,1848,warlock,destruction,34,20,14
Pigmahz,malganis,1848,warlock,destruction,102,59,43
Zakhim,zuljin,1848,warlock,destruction,183,105,78
Kaelith,kelthuzad,1848,warlock,destruction,109,53,56
Löcked,illidan,1846,warlock,destruction,42,36,6
Verbzz,tichondrius,1846,warlock,destruction,36,23,13
Krokusx,illidan,1846,warlock,destruction,156,88,68
Leruss,zangarmarsh,1846,warlock,destruction,73,40,33
Lemmepvponu,illidan,1846,warlock,destruction,59,28,31
Lamaso,area-52,1845,warlock,destruction,138,80,58
Demonicsnap,bleeding-hollow,1845,warlock,destruction,130,75,55
Dralok,area-52,1845,warlock,destruction,84,48,36
Shendù,stormrage,1845,warlock,destruction,90,48,42
Eskyx,tichondrius,1845,warlock,destruction,53,26,27
Eldenjohn,proudmoore,1844,warlock,destruction,30,24,6
Renatis,malganis,1844,warlock,destruction,33,24,9
Babyhzz,tichondrius,1844,warlock,destruction,60,41,19
Eyoeyo,tichondrius,1844,warlock,destruction,72,34,38
Eggós,sargeras,1843,warlock,destruction,510,255,255
Chilipeppa,wyrmrest-accord,1842,warlock,destruction,36,27,9
Róckroad,lightnings-blade,1842,warlock,destruction,90,51,39
Herpalock,illidan,1842,warlock,destruction,78,34,44
Vialdkaseun,muradin,1841,warlock,destruction,47,28,19
Ignorai,illidan,1841,warlock,destruction,160,85,75
Fearsponce,dragonmaw,1841,warlock,destruction,78,38,40
Cosmosxx,illidan,1840,warlock,destruction,54,37,17
Mindheist,stormrage,1840,warlock,destruction,48,29,19
Blackchinese,zuljin,1840,warlock,destruction,174,92,82
Drakedog,ragnaros,1839,warlock,destruction,43,27,16
Obliceress,crushridge,1839,warlock,destruction,48,30,18
Tharax,moon-guard,1839,warlock,destruction,66,28,38
Ctierwarlock,tichondrius,1838,warlock,destruction,28,21,7
Enter,saurfang,1838,warlock,destruction,36,24,12
Philsbad,lightbringer,1838,warlock,destruction,134,76,58
Døomsday,hyjal,1837,warlock,destruction,108,55,53
Kekbolt,tichondrius,1836,warlock,destruction,53,33,20
Deathcoill,frostmourne,1836,warlock,destruction,54,32,22
Wife,bleeding-hollow,1836,warlock,destruction,60,31,29
Dipixd,tichondrius,1835,warlock,destruction,36,29,7
Sibëria,quelthalas,1835,warlock,destruction,48,35,13
Badstep,tichondrius,1835,warlock,destruction,51,30,21
Goal,malganis,1835,warlock,destruction,50,25,25
Gigabiga,area-52,1834,warlock,destruction,24,20,4
Soragen,barthilas,1834,warlock,destruction,54,37,17
Soukinomicz,sargeras,1834,warlock,destruction,66,42,24
Chrönic,azralon,1834,warlock,destruction,93,55,38
Enmama,malganis,1834,warlock,destruction,84,48,36
Daylyt,sargeras,1833,warlock,destruction,39,24,15
Dustywlx,area-52,1833,warlock,destruction,79,46,33
Scathey,area-52,1833,warlock,destruction,190,109,81
Lockonomicz,tichondrius,1833,warlock,destruction,48,25,23
Dotorama,sargeras,1832,warlock,destruction,53,33,20
Ðemented,bleeding-hollow,1831,warlock,destruction,63,38,25
Threk,quelthalas,1831,warlock,destruction,52,30,22
Slpxoxo,sargeras,1831,warlock,destruction,60,31,29
Rhelialock,stormrage,1830,warlock,destruction,36,21,15
Fearem,tichondrius,1830,warlock,destruction,63,33,30
Gigglywiggly,illidan,1829,warlock,destruction,48,33,15
Lafuke,tichondrius,1829,warlock,destruction,43,27,16
Keniiwood,quelthalas,1829,warlock,destruction,78,41,37
Brillina,windrunner,1829,warlock,destruction,66,33,33
Nezlock,moon-guard,1829,warlock,destruction,92,45,47
Marware,quelthalas,1829,warlock,destruction,132,62,70
Asaplocky,moon-guard,1828,warlock,destruction,72,44,28
Xervas,frostmourne,1828,warlock,destruction,60,35,25
Denotate,zuljin,1828,warlock,destruction,115,65,50
Koramoz,area-52,1828,warlock,destruction,176,92,84
Naiyuan,tichondrius,1828,warlock,destruction,48,24,24
Shadowhax,area-52,1828,warlock,destruction,164,81,83
Chaosbôlt,proudmoore,1827,warlock,destruction,120,66,54
Crucyblettv,korgath,1826,warlock,destruction,36,24,12
Vonsteevan,area-52,1826,warlock,destruction,75,46,29
Evanylock,proudmoore,1826,warlock,destruction,81,48,33
Lüçian,ragnaros,1826,warlock,destruction,75,42,33
Kissmybolts,frostmourne,1826,warlock,destruction,95,48,47
Shequita,stormrage,1825,warlock,destruction,48,37,11
Agaros,zuljin,1825,warlock,destruction,49,30,19
Necroboi,alterac-mountains,1825,warlock,destruction,52,29,23
Weeblock,area-52,1825,warlock,destruction,58,32,26
Wwlock,area-52,1825,warlock,destruction,176,90,86
Bumbleebolts,azralon,1824,warlock,destruction,47,31,16
Emospec,chogall,1824,warlock,destruction,54,35,19
Dedrikz,illidan,1823,warlock,destruction,60,40,20
Yaresly,kelthuzad,1823,warlock,destruction,80,49,31
Guldåniel,tichondrius,1823,warlock,destruction,86,49,37
Balepyre,moon-guard,1823,warlock,destruction,147,83,64
Nezsarek,sargeras,1823,warlock,destruction,337,174,163
Vilebeing,frostmourne,1822,warlock,destruction,66,46,20
Hakai,bleeding-hollow,1822,warlock,destruction,92,57,35
Kairiesmirk,illidan,1821,warlock,destruction,159,86,73
Aggrodesiac,wyrmrest-accord,1821,warlock,destruction,199,107,92
Homeboyardee,the-venture-co,1821,warlock,destruction,78,39,39
Dadtired,tichondrius,1820,warlock,destruction,60,40,20
Chaøz,bleeding-hollow,1820,warlock,destruction,48,32,16
Saruon,proudmoore,1820,warlock,destruction,48,32,16
Dabú,tichondrius,1820,warlock,destruction,36,24,12
Spliffxl,stormrage,1820,warlock,destruction,72,41,31
Mastasnipah,illidan,1820,warlock,destruction,54,28,26
Yipláw,stormrage,1819,warlock,destruction,36,23,13
Puginlock,illidan,1819,warlock,destruction,60,38,22
Slurpme,stormscale,1819,warlock,destruction,48,30,18
Bfadestro,tichondrius,1819,warlock,destruction,54,32,22
Vamprixlz,illidan,1818,warlock,destruction,49,34,15
Veklen,tichondrius,1818,warlock,destruction,64,36,28
Thragèqt,sargeras,1818,warlock,destruction,42,23,19
Darkjambii,tichondrius,1818,warlock,destruction,145,78,67
Audition,ragnaros,1818,warlock,destruction,126,58,68
Bumbleebolt,azralon,1817,warlock,destruction,24,19,5
Firenzy,dalaran,1817,warlock,destruction,67,39,28
Antinurse,bleeding-hollow,1817,warlock,destruction,78,45,33
Feinnx,dalaran,1817,warlock,destruction,70,38,32
Zehoc,thrall,1817,warlock,destruction,102,55,47
Derok,bleeding-hollow,1817,warlock,destruction,277,144,133
Defeuss,quelthalas,1816,warlock,destruction,34,26,8
Wraithlord,chogall,1816,warlock,destruction,51,32,19
Doclove,destromath,1816,warlock,destruction,149,83,66
Lockfaceguy,agamaggan,1816,warlock,destruction,111,59,52
Súpersonic,tichondrius,1816,warlock,destruction,48,22,26
Dunnin,dalaran,1815,warlock,destruction,36,22,14
Hellparks,malganis,1815,warlock,destruction,48,29,19
Savlonicsego,stormrage,1815,warlock,destruction,78,45,33
Locodwarf,frostmourne,1815,warlock,destruction,316,155,161
Frappucino,wyrmrest-accord,1814,warlock,destruction,30,23,7
Nozyroh,emerald-dream,1814,warlock,destruction,41,25,16
Wafflezcb,frostmourne,1814,warlock,destruction,56,29,27
Zaef,kelthuzad,1814,warlock,destruction,193,97,96
Dommön,ragnaros,1814,warlock,destruction,144,70,74
Wiredftw,illidan,1813,warlock,destruction,30,19,11
Kopium,tichondrius,1813,warlock,destruction,42,26,16
Sacalawia,drakkari,1813,warlock,destruction,45,27,18
Thirsts,tichondrius,1813,warlock,destruction,82,49,33
Korash,kilrogg,1813,warlock,destruction,42,25,17
Monika,anetheron,1813,warlock,destruction,58,32,26
Sakyameil,area-52,1813,warlock,destruction,90,49,41
Razlock,moon-guard,1813,warlock,destruction,236,128,108
Nvlnx,tichondrius,1813,warlock,destruction,157,81,76
Lokintots,darkspear,1812,warlock,destruction,36,29,7
Zauber,magtheridon,1812,warlock,destruction,44,29,15
Grq,stormrage,1812,warlock,destruction,93,56,37
Embrz,area-52,1812,warlock,destruction,60,34,26
Galfear,malganis,1812,warlock,destruction,207,116,91
Inmøtíøn,tichondrius,1812,warlock,destruction,36,19,17
Magnetix,arthas,1812,warlock,destruction,317,164,153
Rèdrùm,tichondrius,1812,warlock,destruction,51,26,25
Lavictoria,tichondrius,1811,warlock,destruction,60,39,21
Clapollyon,dalaran,1811,warlock,destruction,70,40,30
Ppoonlock,tichondrius,1811,warlock,destruction,47,26,21
Naroy,malygos,1811,warlock,destruction,38,21,17
Isoldmysoul,stormrage,1811,warlock,destruction,138,68,70
Fenriakshog,zuljin,1810,warlock,destruction,36,23,13
Omnireaper,tichondrius,1810,warlock,destruction,54,29,25
Latchlock,malganis,1810,warlock,destruction,233,125,108
Krypt,scilla,1810,warlock,destruction,72,37,35
Amazingamez,sargeras,1810,warlock,destruction,84,43,41
Berkz,stormrage,1810,warlock,destruction,66,33,33
Oof,dalaran,1809,warlock,destruction,30,22,8
Shulol,tichondrius,1809,warlock,destruction,48,25,23
Veerdz,area-52,1809,warlock,destruction,122,61,61
Contagion,dragonmaw,1809,warlock,destruction,54,27,27
Emeraldflame,turalyon,1808,warlock,destruction,60,44,16
Fanzhiyi,illidan,1808,warlock,destruction,43,27,16
Freejakejone,tichondrius,1808,warlock,destruction,83,48,35
Nigthdeath,nemesis,1808,warlock,destruction,197,103,94
Niava,tichondrius,1808,warlock,destruction,54,28,26
Zjxy,tichondrius,1807,warlock,destruction,30,22,8
Drdoom,sargeras,1807,warlock,destruction,36,22,14
Fredwinsta,laughing-skull,1807,warlock,destruction,66,39,27
Xivra,thrall,1807,warlock,destruction,59,34,25
Aidadeshu,tichondrius,1807,warlock,destruction,60,32,28
Mursay,tichondrius,1806,warlock,destruction,54,36,18
Åbyssal,stormrage,1806,warlock,destruction,159,94,65
Jakjub,kelthuzad,1806,warlock,destruction,60,35,25
Belenas,tichondrius,1806,warlock,destruction,48,28,20
Plasticware,korgath,1806,warlock,destruction,110,60,50
Amgs,frostmourne,1806,warlock,destruction,167,88,79
Döremi,tichondrius,1805,warlock,destruction,48,28,20
Veleza,kiljaeden,1805,warlock,destruction,82,47,35
Sithaholic,wildhammer,1805,warlock,destruction,127,66,61
Trixtah,illidan,1804,warlock,destruction,36,23,13
Meatmanxtrem,sargeras,1804,warlock,destruction,60,33,27
Teesolinia,stormrage,1803,warlock,destruction,117,74,43
Expiredfood,stormreaver,1803,warlock,destruction,42,26,16
Xhrine,frostmourne,1803,warlock,destruction,71,40,31
Warwand,tichondrius,1802,warlock,destruction,48,35,13
Scârecrow,stormrage,1802,warlock,destruction,72,46,26
Vexidus,moon-guard,1802,warlock,destruction,102,60,42
Mamosa,stormrage,1801,warlock,destruction,72,52,20
Lilbiackguy,stormrage,1801,warlock,destruction,114,75,39
Azlloa,tichondrius,1801,warlock,destruction,48,31,17
Geekmonster,tichondrius,1801,warlock,destruction,54,33,21
Ghettobeluga,area-52,1801,warlock,destruction,53,30,23
Qyp,tichondrius,1801,warlock,destruction,46,26,20
Rettek,bleeding-hollow,1801,warlock,destruction,48,27,21
Frightbright,sargeras,1801,warlock,destruction,45,25,20
Enkryption,dalaran,1801,warlock,destruction,42,23,19
Suaveaye,tichondrius,1801,warlock,destruction,66,36,30
Seltzi,illidan,1801,warlock,destruction,47,25,22
Boltsnhoez,tichondrius,1801,warlock,destruction,58,30,28
Gavlock,tichondrius,1801,warlock,destruction,102,49,53
Necrochemist,frostmane,1800,warlock,destruction,24,19,5
Debigbolt,area-52,1800,warlock,destruction,48,31,17
Warmstreak,blackrock,1800,warlock,destruction,48,28,20
Wårløck,stormrage,1800,warlock,destruction,54,31,23
Fkq,tichondrius,1800,warlock,destruction,81,46,35
Lapidate,malganis,1800,warlock,destruction,59,33,26
Domwarlock,uther,1800,warlock,destruction,153,81,72
Catodo,ragnaros,1800,warlock,destruction,89,47,42
Twinklockxx,mannoroth,1800,warlock,destruction,149,66,83
Doughnut,mugthol,1799,warlock,destruction,108,59,49
Missinhim,shattered-halls,1798,warlock,destruction,24,19,5
Tribulatiön,moon-guard,1798,warlock,destruction,446,237,209
Sherlóck,duskwood,1798,warlock,destruction,54,28,26
Cróhns,bleeding-hollow,1797,warlock,destruction,139,86,53
Nick,llane,1797,warlock,destruction,42,25,17
Lockfoxyy,tichondrius,1796,warlock,destruction,36,25,11
Exilegd,proudmoore,1796,warlock,destruction,101,62,39
Punstable,tichondrius,1795,warlock,destruction,222,117,105
Puchador,sargeras,1795,warlock,destruction,144,74,70
Krikxy,tichondrius,1793,warlock,destruction,56,31,25
Darksummoner,kaelthas,1793,warlock,destruction,90,47,43
Chaosjedi,stormrage,1793,warlock,destruction,183,89,94
Feardotjpg,stormrage,1791,warlock,destruction,42,29,13
Raxxis,moon-guard,1791,warlock,destruction,35,22,13
Brazlem,blackrock,1791,warlock,destruction,61,38,23
Loksoflove,tichondrius,1791,warlock,destruction,36,22,14
Chaoticchaos,kelthuzad,1791,warlock,destruction,41,24,17
Shadøwy,nemesis,1791,warlock,destruction,184,102,82
Yungncapable,malganis,1790,warlock,destruction,75,55,20
Kyleslock,illidan,1790,warlock,destruction,29,21,8
Maral,kelthuzad,1790,warlock,destruction,30,19,11
Milkdrunk,blackrock,1790,warlock,destruction,183,91,92
Nùts,frostmourne,1789,warlock,destruction,48,28,20
Gianni,chogall,1789,warlock,destruction,77,41,36
Loadybigbolt,dalaran,1788,warlock,destruction,134,76,58
Justganmore,tichondrius,1788,warlock,destruction,119,59,60
Tylennidar,black-dragonflight,1787,warlock,destruction,42,24,18
Løcalplugxø,barthilas,1786,warlock,destruction,137,86,51
Merji,area-52,1786,warlock,destruction,41,25,16
Whitexzz,tichondrius,1786,warlock,destruction,42,24,18
Millidots,bleeding-hollow,1786,warlock,destruction,72,38,34
Lopenx,korgath,1786,warlock,destruction,242,118,124
Urukaix,sargeras,1785,warlock,destruction,42,28,14
Benafflockzz,kelthuzad,1785,warlock,destruction,72,45,27
Roblockz,illidan,1785,warlock,destruction,60,35,25
Ñpç,bleeding-hollow,1785,warlock,destruction,101,51,50
Darkmagicc,tichondrius,1784,warlock,destruction,227,106,121
Wreyz,mannoroth,1783,warlock,destruction,72,39,33
Nevermindxd,barthilas,1783,warlock,destruction,66,32,34
Finalboss,tichondrius,1782,warlock,destruction,48,33,15
Deammon,tichondrius,1782,warlock,destruction,84,51,33
Positivity,thunderhorn,1782,warlock,destruction,66,39,27
Øutbreak,thrall,1782,warlock,destruction,62,36,26
Jussmollett,arygos,1782,warlock,destruction,155,86,69
Anujy,moon-guard,1781,warlock,destruction,102,65,37
Sairic,azralon,1781,warlock,destruction,156,93,63
Duckboji,tichondrius,1780,warlock,destruction,56,33,23
Thinktank,tichondrius,1780,warlock,destruction,47,27,20
Charlieo,barthilas,1780,warlock,destruction,198,105,93
Dupapad,stormrage,1780,warlock,destruction,65,31,34
Bbangtimo,tichondrius,1780,warlock,destruction,48,22,26
Lycanthropi,illidan,1779,warlock,destruction,33,20,13
Nahz,tichondrius,1779,warlock,destruction,42,24,18
Knockknock,llane,1779,warlock,destruction,66,37,29
Naughtybôlts,sargeras,1778,warlock,destruction,63,39,24
Bellaswans,hyjal,1778,warlock,destruction,96,52,44
Tonnon,stormrage,1777,warlock,destruction,96,53,43
Zuelu,tichondrius,1776,warlock,destruction,126,68,58
Eggpower,tichondrius,1776,warlock,destruction,52,27,25
Youkeyoh,illidan,1775,warlock,destruction,84,53,31
Lhandus,drakkari,1775,warlock,destruction,146,78,68
Mythdot,ragnaros,1774,warlock,destruction,280,149,131
Liuh,tichondrius,1773,warlock,destruction,48,26,22
Screwed,tichondrius,1773,warlock,destruction,96,49,47
Azaradx,azralon,1773,warlock,destruction,133,65,68
Nt,burning-legion,1772,warlock,destruction,50,41,9
Andelaylas,tichondrius,1772,warlock,destruction,355,189,166
Alùcärd,tichondrius,1772,warlock,destruction,54,25,29
Yeepzbytre,bleeding-hollow,1771,warlock,destruction,125,73,52
Pkzy,azralon,1771,warlock,destruction,48,26,22
Twilson,moon-guard,1771,warlock,destruction,54,29,25
Laiquisha,zuljin,1771,warlock,destruction,59,30,29
Lockedinn,mannoroth,1771,warlock,destruction,66,30,36
Kartharian,wyrmrest-accord,1770,warlock,destruction,297,147,150
Torghast,bloodhoof,1770,warlock,destruction,71,32,39
Urukái,dalaran,1769,warlock,destruction,117,65,52
Gladyr,frostmourne,1768,warlock,destruction,54,28,26
Lifeinsuranc,tichondrius,1767,warlock,destruction,30,19,11
Deathage,crushridge,1767,warlock,destruction,228,130,98
Vallàx,area-52,1767,warlock,destruction,244,126,118
Brutalsummon,frostmourne,1766,warlock,destruction,117,63,54
Revdog,sargeras,1765,warlock,destruction,48,24,24
Glôck,lightbringer,1765,warlock,destruction,174,85,89
Sdiaz,illidan,1764,warlock,destruction,48,28,20
Thegodd,nemesis,1764,warlock,destruction,124,58,66
Exgenshinpro,proudmoore,1763,warlock,destruction,42,23,19
Elbrujon,sargeras,1762,warlock,destruction,77,40,37
Kakistocracy,kelthuzad,1761,warlock,destruction,30,23,7
Haì,illidan,1761,warlock,destruction,78,44,34
Zerfall,area-52,1760,warlock,destruction,36,21,15
Jierd,tichondrius,1760,warlock,destruction,70,38,32
Bolsheivik,dentarg,1759,warlock,destruction,104,58,46
Marshyxd,tichondrius,1759,warlock,destruction,48,23,25
Pk,azralon,1758,warlock,destruction,36,23,13
Mchawi,tichondrius,1758,warlock,destruction,83,49,34
Aryoc,ragnaros,1758,warlock,destruction,215,115,100
Gottawiz,illidan,1758,warlock,destruction,60,32,28
Identiti,tichondrius,1757,warlock,destruction,96,55,41
Kudoslck,tichondrius,1756,warlock,destruction,132,76,56
Birez,kelthuzad,1756,warlock,destruction,134,72,62
Painful,mannoroth,1756,warlock,destruction,342,177,165
Alktrz,azralon,1756,warlock,destruction,49,24,25
Chêrrypopper,proudmoore,1755,warlock,destruction,67,41,26
Paindge,senjin,1755,warlock,destruction,42,25,17
Sendnudez,nemesis,1755,warlock,destruction,110,62,48
Ravëncläw,quelthalas,1755,warlock,destruction,67,35,32
Flattsl,tichondrius,1755,warlock,destruction,84,39,45
Jennifear,sargeras,1754,warlock,destruction,120,68,52
Cptsaveayou,skullcrusher,1754,warlock,destruction,81,39,42
Ibrroski,proudmoore,1753,warlock,destruction,24,20,4
Littledúck,azralon,1753,warlock,destruction,42,26,16
Popdotdropit,frostwolf,1753,warlock,destruction,102,58,44
Elfwarlock,aerie-peak,1753,warlock,destruction,93,48,45
Iïmë,stormrage,1753,warlock,destruction,66,28,38
Deathboltx,zuljin,1752,warlock,destruction,45,27,18
Squishyboy,tichondrius,1752,warlock,destruction,75,39,36
Espanyolo,zuljin,1751,warlock,destruction,102,63,39
Killabeesack,tichondrius,1751,warlock,destruction,85,50,35
Degred,tichondrius,1750,warlock,destruction,57,43,14
Hugechungusw,frostmourne,1750,warlock,destruction,68,44,24
Glad,fenris,1750,warlock,destruction,115,64,51
Plaintive,moon-guard,1750,warlock,destruction,54,28,26
Parishiltoon,frostmourne,1750,warlock,destruction,270,132,138
Éx,jubeithos,1748,warlock,destruction,47,30,17
Symaitiel,azralon,1748,warlock,destruction,114,60,54
Cheqmate,moon-guard,1746,warlock,destruction,73,39,34
Teefgap,sargeras,1746,warlock,destruction,75,38,37
Devi,executus,1745,warlock,destruction,30,19,11
Barbieelf,sargeras,1744,warlock,destruction,360,183,177
Wineburger,frostmourne,1743,warlock,destruction,102,60,42
Keylloggz,sargeras,1743,warlock,destruction,114,63,51
Dewandoritos,kelthuzad,1742,warlock,destruction,36,22,14
Halloweèn,kelthuzad,1741,warlock,destruction,131,74,57
Yukiji,tichondrius,1739,warlock,destruction,24,22,2
Elcidz,tichondrius,1739,warlock,destruction,36,23,13
Medeia,tichondrius,1739,warlock,destruction,47,22,25
Gent,stormrage,1738,warlock,destruction,78,45,33
Zrok,bleeding-hollow,1738,warlock,destruction,60,29,31
Boodizz,frostmourne,1738,warlock,destruction,54,25,29
Rollup,turalyon,1737,warlock,destruction,36,20,16
Cheylock,stormrage,1736,warlock,destruction,42,28,14
Nyhn,bleeding-hollow,1736,warlock,destruction,51,29,22
Theredwoman,emerald-dream,1736,warlock,destruction,36,20,16
Darkmagician,kelthuzad,1735,warlock,destruction,30,22,8
Boltster,destromath,1735,warlock,destruction,110,74,36
Nocchi,amanthul,1735,warlock,destruction,64,31,33
Pheobebuffay,frostmane,1734,warlock,destruction,54,32,22
Vasqu,stormrage,1733,warlock,destruction,36,25,11
Skrublockz,area-52,1733,warlock,destruction,77,41,36
Bouldrlickr,dragonmaw,1732,warlock,destruction,54,31,23
Buhdunkadunk,tichondrius,1732,warlock,destruction,63,31,32
Mânuel,akama,1731,warlock,destruction,30,22,8
Manapouli,area-52,1731,warlock,destruction,50,32,18
Ciprýan,azralon,1731,warlock,destruction,88,50,38
Ticklemycrit,kiljaeden,1731,warlock,destruction,54,25,29
Phyxylock,stormrage,1729,warlock,destruction,30,22,8
Fabiusbilex,tichondrius,1729,warlock,destruction,45,28,17
Zandõx,jubeithos,1729,warlock,destruction,83,51,32
Harmfuul,illidan,1728,warlock,destruction,45,28,17
Ggooudan,tichondrius,1727,warlock,destruction,36,27,9
Cesily,frostmourne,1727,warlock,destruction,48,27,21
Harukay,tichondrius,1724,warlock,destruction,41,26,15
Sundrín,mugthol,1724,warlock,destruction,71,32,39
Perfidious,altar-of-storms,1723,warlock,destruction,40,30,10
Illinkin,illidan,1723,warlock,destruction,180,97,83
Flake,kelthuzad,1721,warlock,destruction,116,63,53
Janeciap,tichondrius,1720,warlock,destruction,30,18,12
Kyrmax,malganis,1720,warlock,destruction,150,71,79
Drwongmd,sargeras,1719,warlock,destruction,30,21,9
Zimer,moon-guard,1719,warlock,destruction,102,57,45
Guldansbicep,illidan,1719,warlock,destruction,169,85,84
Vickerzz,barthilas,1719,warlock,destruction,130,62,68
Vulcke,kelthuzad,1719,warlock,destruction,129,60,69
Ole,area-52,1719,warlock,destruction,51,23,28
Verminosa,nemesis,1718,warlock,destruction,30,19,11
Røckdeäth,sargeras,1718,warlock,destruction,66,41,25
Claus,warsong,1718,warlock,destruction,36,20,16
Agni,gurubashi,1718,warlock,destruction,126,66,60
Gløcked,area-52,1718,warlock,destruction,48,24,24
Insànity,bleeding-hollow,1718,warlock,destruction,42,21,21
Coèrce,tichondrius,1716,warlock,destruction,46,28,18
Viejitaa,quelthalas,1716,warlock,destruction,46,25,21
Gëngar,malganis,1713,warlock,destruction,37,26,11
Richãrdjr,area-52,1713,warlock,destruction,36,22,14
Elmobolt,thrall,1713,warlock,destruction,97,58,39
Daimonic,bronzebeard,1713,warlock,destruction,125,69,56
Lotussama,anetheron,1712,warlock,destruction,24,18,6
Necrotko,malganis,1712,warlock,destruction,30,21,9
Evatar,malganis,1712,warlock,destruction,36,21,15
Hehimx,bleeding-hollow,1711,warlock,destruction,24,18,6
Crimpy,dathremar,1711,warlock,destruction,59,34,25
Serveq,tichondrius,1710,warlock,destruction,103,58,45
Imbooms,blackrock,1710,warlock,destruction,48,22,26
Fatass,cairne,1709,warlock,destruction,30,21,9
Kerrigan,the-venture-co,1709,warlock,destruction,41,27,14
Warmandei,dalaran,1709,warlock,destruction,78,47,31
Vvivienx,tichondrius,1709,warlock,destruction,36,21,15
Katrisse,aegwynn,1709,warlock,destruction,120,65,55
Cloudynightz,tichondrius,1709,warlock,destruction,220,117,103
Richãrd,area-52,1709,warlock,destruction,49,26,23
Contägion,bleeding-hollow,1709,warlock,destruction,68,33,35
Sslock,sargeras,1709,warlock,destruction,76,34,42
Ercaz,frostmourne,1709,warlock,destruction,54,23,31
Trewlocke,sargeras,1708,warlock,destruction,60,36,24
Dätura,tichondrius,1708,warlock,destruction,52,23,29
Shipmatelock,stormrage,1707,warlock,destruction,87,62,25
Kbolt,barthilas,1707,warlock,destruction,113,65,48
Kogath,thunderlord,1707,warlock,destruction,135,75,60
Cokeparty,tichondrius,1707,warlock,destruction,59,32,27
Farathos,ragnaros,1707,warlock,destruction,249,134,115
Levantine,barthilas,1707,warlock,destruction,51,27,24
Necrotiá,tichondrius,1706,warlock,destruction,35,22,13
Pedodestro,tichondrius,1706,warlock,destruction,65,36,29
Angrydestro,tichondrius,1706,warlock,destruction,62,31,31
Pãni,area-52,1704,warlock,destruction,162,83,79
Tstlsl,area-52,1703,warlock,destruction,24,18,6
Dobbythelock,zuljin,1703,warlock,destruction,66,31,35
Gasgrassnass,sargeras,1702,warlock,destruction,89,50,39
Hordeadlock,illidan,1702,warlock,destruction,90,49,41
Manthos,sargeras,1702,warlock,destruction,253,125,128
Numerical,frostmourne,1701,warlock,destruction,46,27,19
Wanglock,blackrock,1700,warlock,destruction,42,25,17
Neghros,illidan,1700,warlock,destruction,125,60,65
Wolfstein,tichondrius,1699,warlock,destruction,24,18,6
Conradlenoir,illidan,1699,warlock,destruction,36,23,13
Rainymood,frostmourne,1699,warlock,destruction,121,74,47
Ahrimus,area-52,1699,warlock,destruction,53,28,25
Cairo,emerald-dream,1699,warlock,destruction,303,159,144
Giantgobrin,zuljin,1699,warlock,destruction,60,31,29
Selwitch,dalaran,1698,warlock,destruction,36,24,12
Shadowmoonon,tichondrius,1698,warlock,destruction,42,24,18
Kvxkxvxvk,bleeding-hollow,1698,warlock,destruction,72,35,37
Stankbigly,thrall,1697,warlock,destruction,74,45,29
Ifearjoo,vashj,1697,warlock,destruction,54,28,26
Uarus,tichondrius,1696,warlock,destruction,72,40,32
Hiddentech,saurfang,1696,warlock,destruction,36,20,16
Buboñic,area-52,1696,warlock,destruction,131,69,62
Teivlol,mugthol,1696,warlock,destruction,36,18,18
Chrysippus,illidan,1696,warlock,destruction,42,18,24
Lønewølf,sargeras,1694,warlock,destruction,136,69,67
Deathteller,tichondrius,1694,warlock,destruction,53,25,28
Revenus,tichondrius,1693,warlock,destruction,276,138,138
Flûké,tichondrius,1693,warlock,destruction,48,21,27
Poxnhub,tichondrius,1692,warlock,destruction,47,30,17
Dotandforget,tichondrius,1691,warlock,destruction,36,24,12
Cbx,kelthuzad,1690,warlock,destruction,36,28,8
Aluaris,earthen-ring,1690,warlock,destruction,30,23,7
Mfcalamity,uldum,1690,warlock,destruction,48,27,21
Hargol,azralon,1690,warlock,destruction,114,63,51
Marshyl,tichondrius,1690,warlock,destruction,54,20,34
Taneverah,wyrmrest-accord,1689,warlock,destruction,47,30,17
Zhujiu,illidan,1689,warlock,destruction,77,45,32
Missmonday,tichondrius,1689,warlock,destruction,83,44,39
Hauntsin,hyjal,1689,warlock,destruction,42,21,21
Drflesh,tichondrius,1689,warlock,destruction,68,33,35
Lockz,illidan,1688,warlock,destruction,66,34,32
Qualio,thrall,1688,warlock,destruction,207,98,109
Aureboros,sargeras,1687,warlock,destruction,36,24,12
Hadouh,stormrage,1687,warlock,destruction,47,25,22
Kâyn,area-52,1687,warlock,destruction,95,49,46
Bourrasq,illidan,1686,warlock,destruction,30,22,8
Drain,proudmoore,1686,warlock,destruction,72,44,28
Bobbyshmurdå,frostmourne,1686,warlock,destruction,48,29,19
Jishtructo,frostmourne,1685,warlock,destruction,42,22,20
Sketchytat,stormrage,1685,warlock,destruction,78,40,38
Melôck,area-52,1684,warlock,destruction,42,28,14
Shadowlifts,kelthuzad,1684,warlock,destruction,54,34,20
Resuah,tichondrius,1684,warlock,destruction,279,146,133
Maggotworm,sargeras,1683,warlock,destruction,189,104,85
Zoagen,ragnaros,1682,warlock,destruction,76,39,37
Hellwish,tichondrius,1682,warlock,destruction,116,59,57
Sidgnosis,stormrage,1682,warlock,destruction,391,198,193
Noxfear,azralon,1681,warlock,destruction,96,58,38
Adelrinn,frostmourne,1681,warlock,destruction,258,141,117
Chrishasnen,moon-guard,1681,warlock,destruction,86,46,40
Xephine,proudmoore,1680,warlock,destruction,58,38,20
Droptopp,malganis,1680,warlock,destruction,42,27,15
Spooked,khadgar,1680,warlock,destruction,85,46,39
Lockmetsu,area-52,1680,warlock,destruction,54,28,26
Gavrhin,area-52,1679,warlock,destruction,47,29,18
Mongdot,frostmourne,1679,warlock,destruction,115,69,46
Lïttle,stormrage,1679,warlock,destruction,105,60,45
Dplexs,jubeithos,1678,warlock,destruction,36,22,14
Lemonfire,area-52,1678,warlock,destruction,55,30,25
Sauceaura,frostmourne,1678,warlock,destruction,57,29,28
Warcrimes,silvermoon,1678,warlock,destruction,38,19,19
Getoffmedawg,illidan,1677,warlock,destruction,66,38,28
Lyonesse,frostmourne,1677,warlock,destruction,46,26,20
Breeak,sargeras,1676,warlock,destruction,48,31,17
Gekku,ragnaros,1676,warlock,destruction,36,22,14
Jaffaar,dragonmaw,1675,warlock,destruction,30,18,12
Rianna,lightninghoof,1675,warlock,destruction,71,39,32
Byndedlock,dragonmaw,1675,warlock,destruction,94,51,43
Paparoxy,illidan,1675,warlock,destruction,106,50,56
Demonkiiller,kelthuzad,1675,warlock,destruction,66,30,36
Fingerslock,malganis,1673,warlock,destruction,219,102,117
Asamsbinladn,illidan,1672,warlock,destruction,36,23,13
Booßiemiles,area-52,1672,warlock,destruction,157,92,65
Bytezlk,area-52,1672,warlock,destruction,36,21,15
Azazil,malganis,1672,warlock,destruction,42,24,18
Pyatpree,bleeding-hollow,1671,warlock,destruction,30,19,11
Liability,zuljin,1671,warlock,destruction,48,23,25
Mlxd,tichondrius,1670,warlock,destruction,24,19,5
Impsfordays,sargeras,1670,warlock,destruction,39,27,12
Critthis,illidan,1670,warlock,destruction,47,32,15
Vocarion,stormrage,1670,warlock,destruction,33,22,11
Ztc,dalaran,1670,warlock,destruction,29,18,11
Sauzith,area-52,1670,warlock,destruction,55,33,22
Ðòm,tichondrius,1670,warlock,destruction,42,24,18
Kylaria,emerald-dream,1670,warlock,destruction,59,29,30
Necrotic,mannoroth,1670,warlock,destruction,161,78,83
Imadotyasan,shandris,1669,warlock,destruction,52,35,17
Belford,tichondrius,1669,warlock,destruction,73,39,34
Ðiêsel,malganis,1668,warlock,destruction,57,32,25
Terrorbytes,frostmourne,1668,warlock,destruction,144,76,68
Kymamd,sargeras,1668,warlock,destruction,50,25,25
Doomswitch,sargeras,1667,warlock,destruction,78,49,29
Ruknài,barthilas,1667,warlock,destruction,56,32,24
Soloart,tichondrius,1667,warlock,destruction,84,47,37
Breezyw,area-52,1666,warlock,destruction,36,21,15
Iskiplegday,illidan,1666,warlock,destruction,107,45,62
Restolock,destromath,1665,warlock,destruction,78,45,33
Kurifodo,illidan,1664,warlock,destruction,88,50,38
Evilmilf,tichondrius,1664,warlock,destruction,121,66,55
Babydots,stormreaver,1664,warlock,destruction,98,53,45
Olgee,tortheldrin,1663,warlock,destruction,53,30,23
Chnos,mugthol,1663,warlock,destruction,47,23,24
Khølek,ragnaros,1662,warlock,destruction,59,39,20
Shatteroidz,darkspear,1662,warlock,destruction,36,22,14
Rumplefust,thrall,1662,warlock,destruction,42,22,20
Fece,area-52,1661,warlock,destruction,56,33,23
Hynnis,nemesis,1661,warlock,destruction,90,53,37
Yaldin,nemesis,1661,warlock,destruction,281,155,126
Cenich,darkspear,1661,warlock,destruction,97,53,44
Calidaze,tichondrius,1661,warlock,destruction,179,95,84
Silone,tichondrius,1659,warlock,destruction,30,24,6
Yisuschríst,quelthalas,1659,warlock,destruction,52,26,26
Zuyumin,ragnaros,1658,warlock,destruction,152,90,62
Carcøsa,malganis,1658,warlock,destruction,78,41,37
Grandpa,daggerspine,1658,warlock,destruction,220,113,107
Maxdamage,blackwater-raiders,1657,warlock,destruction,61,32,29
Viralwashbrn,illidan,1657,warlock,destruction,90,45,45
Nocrackrocks,stormrage,1657,warlock,destruction,52,26,26
Sixv,barthilas,1656,warlock,destruction,54,33,21
Pikme,bleeding-hollow,1656,warlock,destruction,42,23,19
Asetiks,tichondrius,1656,warlock,destruction,48,24,24
Steebi,tichondrius,1655,warlock,destruction,36,23,13
Beetlejoos,stormreaver,1655,warlock,destruction,42,22,20
Nooko,frostmourne,1655,warlock,destruction,48,25,23
Ðòt,nagrand,1655,warlock,destruction,90,43,47
Huskee,sargeras,1655,warlock,destruction,53,23,30
Hawklock,ragnaros,1654,warlock,destruction,42,29,13
Deathmask,alleria,1654,warlock,destruction,76,43,33
Zhvim,stormrage,1654,warlock,destruction,41,23,18
Sagatt,illidan,1654,warlock,destruction,83,45,38
Bigolehogger,area-52,1654,warlock,destruction,41,22,19
Xiáoyan,tichondrius,1653,warlock,destruction,72,46,26
Egirlgamer,sargeras,1653,warlock,destruction,72,43,29
Ulalock,proudmoore,1653,warlock,destruction,60,34,26
Nickie,azralon,1653,warlock,destruction,60,33,27
Cannaboltzz,icecrown,1652,warlock,destruction,24,18,6
Covírus,azralon,1652,warlock,destruction,65,41,24
Shredlock,tichondrius,1652,warlock,destruction,60,37,23
Dewars,aggramar,1652,warlock,destruction,165,91,74
Chaosbeard,korgath,1652,warlock,destruction,127,67,60
Oblivious,firetree,1652,warlock,destruction,367,184,183
Dolut,azralon,1651,warlock,destruction,65,38,27
Mephizar,moon-guard,1651,warlock,destruction,67,35,32
Mokulock,tichondrius,1650,warlock,destruction,168,90,78
Lockniel,skullcrusher,1649,warlock,destruction,60,37,23
Absoluté,nemesis,1649,warlock,destruction,36,19,17
Swapsfour,area-52,1649,warlock,destruction,84,43,41
Yibbel,tichondrius,1648,warlock,destruction,48,28,20
Jpepps,perenolde,1648,warlock,destruction,168,93,75
Royalmace,dethecus,1648,warlock,destruction,46,25,21
Jaythuzad,stormrage,1648,warlock,destruction,146,79,67
Prelick,illidan,1648,warlock,destruction,72,36,36
Wargllock,tichondrius,1648,warlock,destruction,42,20,22
Uranusa,proudmoore,1648,warlock,destruction,108,50,58
Muffîn,moon-guard,1647,warlock,destruction,109,64,45
Reppedlock,illidan,1647,warlock,destruction,94,55,39
Feardadots,tichondrius,1646,warlock,destruction,75,48,27
Javirr,ragnaros,1646,warlock,destruction,71,42,29
Harambê,sargeras,1646,warlock,destruction,40,22,18
Swaelee,area-52,1646,warlock,destruction,343,177,166
Malagas,tichondrius,1645,warlock,destruction,87,50,37
Dëstró,tichondrius,1645,warlock,destruction,65,34,31
Pâni,azralon,1645,warlock,destruction,48,24,24
Darchrow,frostmourne,1645,warlock,destruction,59,26,33
Misolock,sargeras,1644,warlock,destruction,105,56,49
Ko,nordrassil,1643,warlock,destruction,90,47,43
Tahmrin,quelthalas,1642,warlock,destruction,64,33,31
Covidmaster,frostmourne,1642,warlock,destruction,142,72,70
Easypickens,dentarg,1642,warlock,destruction,50,25,25
Saltiez,sargeras,1641,warlock,destruction,30,22,8
Pratticus,stormrage,1641,warlock,destruction,26,18,8
Imports,tichondrius,1641,warlock,destruction,34,21,13
Vasago,jubeithos,1641,warlock,destruction,95,51,44
Chaosage,sargeras,1640,warlock,destruction,42,28,14
Magiaoscurax,quelthalas,1640,warlock,destruction,195,108,87
Dapperdanxy,tichondrius,1640,warlock,destruction,44,24,20
Ägnar,nemesis,1640,warlock,destruction,52,25,27
Mindrekt,azralon,1639,warlock,destruction,78,50,28
Shokran,frostmourne,1639,warlock,destruction,42,23,19
Nibala,aegwynn,1638,warlock,destruction,48,25,23
Promethian,proudmoore,1638,warlock,destruction,99,49,50
Demonclock,sargeras,1637,warlock,destruction,39,24,15
Ardentia,malganis,1637,warlock,destruction,54,30,24
Reficul,frostmourne,1637,warlock,destruction,50,23,27
Gingerspise,nathrezim,1637,warlock,destruction,60,27,33
Arenis,stormrage,1636,warlock,destruction,36,25,11
Stølo,deathwing,1636,warlock,destruction,177,106,71
Midoolock,proudmoore,1636,warlock,destruction,94,54,40
Crypticwl,proudmoore,1636,warlock,destruction,102,56,46
Caplock,barthilas,1636,warlock,destruction,115,63,52
Iconicxo,thrall,1636,warlock,destruction,166,84,82
Evalovia,hyjal,1636,warlock,destruction,168,75,93
Cursedstales,stormrage,1635,warlock,destruction,48,33,15
Sëcond,azralon,1635,warlock,destruction,36,19,17
Ðêcimatê,frostmourne,1634,warlock,destruction,48,29,19
Pyralock,malfurion,1634,warlock,destruction,84,43,41
Dìpndots,wyrmrest-accord,1633,warlock,destruction,54,32,22
Lyllîth,proudmoore,1633,warlock,destruction,52,27,25
Buckéthéad,arathor,1633,warlock,destruction,79,41,38
Zhaphrax,frostmourne,1633,warlock,destruction,85,43,42
Evapilot,tichondrius,1632,warlock,destruction,54,31,23
Juicestarr,barthilas,1632,warlock,destruction,111,51,60
Guldoom,tichondrius,1631,warlock,destruction,18,17,1
Demonista,illidan,1631,warlock,destruction,31,22,9
Osmatz,area-52,1631,warlock,destruction,24,17,7
Oxylock,magtheridon,1631,warlock,destruction,42,24,18
Narzhul,drakkari,1631,warlock,destruction,34,19,15
Lóckdówn,frostmourne,1631,warlock,destruction,60,32,28
Siellisele,illidan,1631,warlock,destruction,72,35,37
Ddorangmoon,tichondrius,1630,warlock,destruction,42,25,17
Dipixyz,tichondrius,1630,warlock,destruction,30,17,13
Chachanoobx,sargeras,1630,warlock,destruction,287,162,125
Rortty,barthilas,1630,warlock,destruction,42,23,19
Holunging,illidan,1630,warlock,destruction,36,19,17
Daartaru,quelthalas,1630,warlock,destruction,102,52,50
Tjdrizzle,tichondrius,1630,warlock,destruction,48,18,30
Daenon,kiljaeden,1629,warlock,destruction,54,29,25
Stormrift,sargeras,1629,warlock,destruction,74,39,35
Ltoplaylock,area-52,1628,warlock,destruction,24,17,7
Soranpotter,tichondrius,1628,warlock,destruction,24,17,7
Vronos,stormrage,1628,warlock,destruction,36,21,15
Deangood,tichondrius,1628,warlock,destruction,158,79,79
Árkadiano,drakkari,1627,warlock,destruction,42,23,19
Cöpeñhagen,illidan,1627,warlock,destruction,48,26,22
Undeadzx,tichondrius,1627,warlock,destruction,36,19,17
Synmari,tichondrius,1627,warlock,destruction,54,26,28
Destructio,tichondrius,1627,warlock,destruction,201,96,105
Sladez,tichondrius,1627,warlock,destruction,53,22,31
Meep,madoran,1626,warlock,destruction,59,35,24
Katastrophïk,area-52,1626,warlock,destruction,36,20,16
Azaradx,sargeras,1626,warlock,destruction,231,120,111
Wayce,burning-blade,1626,warlock,destruction,402,206,196
Blayzen,elune,1625,warlock,destruction,83,46,37
Verminperson,illidan,1625,warlock,destruction,44,23,21
Dovahkini,stormrage,1625,warlock,destruction,47,23,24
Shadowsloc,tichondrius,1625,warlock,destruction,48,22,26
Doombaby,zuljin,1624,warlock,destruction,161,89,72
Coomerius,zuljin,1624,warlock,destruction,54,29,25
Wickiedalice,vashj,1624,warlock,destruction,39,20,19
Excusey,tichondrius,1623,warlock,destruction,36,20,16
Alizondemdik,azralon,1623,warlock,destruction,67,37,30
Hitwarlock,tichondrius,1623,warlock,destruction,43,23,20
Thotblood,stormrage,1622,warlock,destruction,24,18,6
Friendd,frostmourne,1622,warlock,destruction,41,30,11
Sauromann,sargeras,1622,warlock,destruction,120,69,51
Permaslowed,kiljaeden,1622,warlock,destruction,40,22,18
Scxut,zuljin,1622,warlock,destruction,169,89,80
Fullfear,drakkari,1621,warlock,destruction,36,25,11
Skrunkz,illidan,1621,warlock,destruction,34,21,13
Saddestboi,proudmoore,1621,warlock,destruction,142,85,57
Yikës,stormrage,1621,warlock,destruction,60,32,28
Ticklebolts,tichondrius,1621,warlock,destruction,52,21,31
Fearlord,shattered-hand,1620,warlock,destruction,78,39,39
Fiddlesticks,draka,1619,warlock,destruction,77,47,30
Lorenzojrr,sargeras,1619,warlock,destruction,45,26,19
Webrar,frostmourne,1619,warlock,destruction,54,31,23
Gnomlette,smolderthorn,1619,warlock,destruction,144,76,68
Tít,malganis,1619,warlock,destruction,90,46,44
Tonìx,proudmoore,1619,warlock,destruction,84,41,43
Penzer,stormrage,1618,warlock,destruction,36,20,16
Luckehlock,firetree,1618,warlock,destruction,77,39,38
Fenexia,hyjal,1617,warlock,destruction,101,63,38
Yükina,stormrage,1615,warlock,destruction,277,145,132
Notspeedy,tichondrius,1615,warlock,destruction,91,41,50
Dautenit,illidan,1615,warlock,destruction,72,32,40
Ãids,khadgar,1614,warlock,destruction,54,36,18
Zezkin,alexstrasza,1614,warlock,destruction,56,35,21
Gerthclas,aggramar,1614,warlock,destruction,68,42,26
Unmaykr,illidan,1614,warlock,destruction,54,33,21
Hollowgrave,area-52,1614,warlock,destruction,102,61,41
Hamdulla,tichondrius,1614,warlock,destruction,42,23,19
Drakedox,tichondrius,1614,warlock,destruction,140,74,66
Smokiilock,proudmoore,1614,warlock,destruction,128,65,63
Tiqs,stormrage,1613,warlock,destruction,60,34,26
Dotlockndrop,stormreaver,1613,warlock,destruction,72,37,35
Dotte,tichondrius,1612,warlock,destruction,94,54,40
Draenil,eredar,1612,warlock,destruction,42,21,21
Rotsndotss,thrall,1612,warlock,destruction,63,30,33
Hypnotikal,illidan,1611,warlock,destruction,30,22,8
Corruptblxck,tichondrius,1611,warlock,destruction,45,28,17
Matilla,tichondrius,1611,warlock,destruction,42,21,21
Wondon,tichondrius,1610,warlock,destruction,57,33,24
Omleaf,malganis,1610,warlock,destruction,36,18,18
Rxjr,sargeras,1610,warlock,destruction,136,67,69
Gigabiga,tol-barad,1609,warlock,destruction,24,17,7
Nagasaki,spirestone,1609,warlock,destruction,36,21,15
Lessance,dalaran,1609,warlock,destruction,90,52,38
Belzebud,area-52,1609,warlock,destruction,123,71,52
Musgrin,gallywix,1609,warlock,destruction,120,67,53
Kajayak,nazjatar,1609,warlock,destruction,194,104,90
Xylâ,emerald-dream,1609,warlock,destruction,57,30,27
Momshutup,sargeras,1609,warlock,destruction,41,20,21
Nicorot,malganis,1609,warlock,destruction,49,23,26
Lockblock,veknilash,1608,warlock,destruction,47,29,18
Jxstinl,tichondrius,1608,warlock,destruction,33,20,13
Ayrr,zuljin,1608,warlock,destruction,30,17,13
Kály,azralon,1608,warlock,destruction,69,37,32
Búmchúm,frostmourne,1608,warlock,destruction,54,26,28
Alexmeister,jubeithos,1608,warlock,destruction,48,20,28
Valrena,rivendare,1607,warlock,destruction,30,20,10
Darknessgodd,goldrinn,1607,warlock,destruction,133,76,57
Omarlil,kelthuzad,1607,warlock,destruction,48,27,21
Thirdsol,stormrage,1607,warlock,destruction,71,38,33
Rotshtëin,tichondrius,1607,warlock,destruction,209,102,107
Pugnatwo,kelthuzad,1607,warlock,destruction,42,18,24
Tougetsu,tichondrius,1606,warlock,destruction,46,27,19
Gluestik,shadowmoon,1606,warlock,destruction,90,46,44
Destructing,hyjal,1606,warlock,destruction,78,36,42
Macdeezylock,sargeras,1605,warlock,destruction,36,23,13
Vugaddi,illidan,1605,warlock,destruction,30,19,11
Lôrdslug,bleeding-hollow,1605,warlock,destruction,48,29,19
Xdta,frostmourne,1605,warlock,destruction,96,50,46
Ragol,moon-guard,1605,warlock,destruction,53,22,31
Brdsflynhigh,garrosh,1604,warlock,destruction,33,23,10
Arredivh,blackhand,1604,warlock,destruction,29,19,10
Mispickle,kelthuzad,1604,warlock,destruction,78,43,35
Darkÿoda,malganis,1604,warlock,destruction,86,47,39
Løvesick,zuljin,1604,warlock,destruction,113,59,54
Powertrîp,sargeras,1604,warlock,destruction,36,18,18
Wickedry,antonidas,1604,warlock,destruction,96,47,49
Kholdstarev,thunderlord,1604,warlock,destruction,53,22,31
Sharkweek,zuljin,1603,warlock,destruction,48,29,19
Loçky,area-52,1603,warlock,destruction,30,17,13
Nosferatu,arthas,1602,warlock,destruction,26,20,6
Freggen,shadowsong,1602,warlock,destruction,78,47,31
Bbclover,thrall,1602,warlock,destruction,41,23,18
Demonia,dathremar,1602,warlock,destruction,34,18,16
Zipanadblcup,thrall,1602,warlock,destruction,36,19,17
Trastham,malganis,1602,warlock,destruction,131,66,65
Espyn,silvermoon,1602,warlock,destruction,105,51,54
Vafa,kelthuzad,1601,warlock,destruction,32,21,11
Myfaceisugly,tichondrius,1601,warlock,destruction,79,47,32
Reportmenerd,tichondrius,1601,warlock,destruction,126,71,55
Lafourche,tichondrius,1601,warlock,destruction,60,31,29
Pauldiesel,ragnaros,1601,warlock,destruction,42,21,21
Hâm,dalaran,1601,warlock,destruction,96,46,50
Dapete,malorne,1600,warlock,destruction,36,26,10
Watchmegate,darkspear,1600,warlock,destruction,72,45,27
Asiloas,shattered-hand,1600,warlock,destruction,30,17,13
Rentacletape,kelthuzad,1600,warlock,destruction,46,25,21
Adouken,ragnaros,1600,warlock,destruction,36,19,17
Nybeth,malganis,1600,warlock,destruction,116,59,57
Canobio,tichondrius,1600,warlock,destruction,63,32,31
Infecçäo,stormrage,1599,warlock,destruction,137,75,62
Jaboltz,tichondrius,1599,warlock,destruction,37,20,17
Idrannell,illidan,1599,warlock,destruction,313,163,150
Whaad,tichondrius,1598,warlock,destruction,30,19,11
Romminus,zuljin,1598,warlock,destruction,67,42,25
Scarysherri,aggramar,1597,warlock,destruction,40,25,15
Nutgobblerxo,sargeras,1597,warlock,destruction,42,26,16
Cbolt,tichondrius,1597,warlock,destruction,96,53,43
Predictions,sargeras,1597,warlock,destruction,77,40,37
Closetslut,moon-guard,1596,warlock,destruction,24,20,4
Maddotts,malganis,1596,warlock,destruction,42,28,14
Riiselock,shadow-council,1596,warlock,destruction,81,44,37
Burnzul,bleeding-hollow,1596,warlock,destruction,54,29,25
Khartric,kelthuzad,1595,warlock,destruction,48,25,23
Neph,malganis,1595,warlock,destruction,44,21,23
Caseau,frostmourne,1594,warlock,destruction,36,22,14
Veryhardgame,malganis,1594,warlock,destruction,30,18,12
Dotcoin,tichondrius,1594,warlock,destruction,30,17,13
Dôkgo,tichondrius,1594,warlock,destruction,36,17,19
Tothegrave,sargeras,1593,warlock,destruction,40,25,15
Zuulusi,stormrage,1593,warlock,destruction,84,49,35
Jnxzlock,sargeras,1593,warlock,destruction,67,37,30
Wheremyshoes,area-52,1593,warlock,destruction,141,68,73
Jerearderedo,thrall,1592,warlock,destruction,54,30,24
Nonamehero,tichondrius,1592,warlock,destruction,42,17,25
Larryfisher,drenden,1591,warlock,destruction,30,19,11
Akolite,tichondrius,1591,warlock,destruction,62,31,31
Noggét,frostmourne,1590,warlock,destruction,126,71,55
Hávìk,malganis,1590,warlock,destruction,42,22,20
Lockdogg,mannoroth,1588,warlock,destruction,36,22,14
Caustikk,malganis,1587,warlock,destruction,44,25,19
Buffwarlocks,senjin,1587,warlock,destruction,48,26,22
Sasaology,frostmourne,1587,warlock,destruction,68,31,37
Doobielock,kelthuzad,1586,warlock,destruction,57,33,24
Lockforyou,frostmourne,1585,warlock,destruction,82,45,37
Brockdot,tichondrius,1584,warlock,destruction,50,33,17
Plagueîs,area-52,1584,warlock,destruction,69,40,29
Blklavender,darkspear,1584,warlock,destruction,61,33,28
Stocktonslap,saurfang,1584,warlock,destruction,242,127,115
Blorgaflob,thaurissan,1583,warlock,destruction,25,20,5
Dipz,zuljin,1583,warlock,destruction,42,26,16
Kuroyt,drakkari,1583,warlock,destruction,42,26,16
Gflowx,tichondrius,1583,warlock,destruction,102,62,40
Devilman,darkspear,1583,warlock,destruction,169,85,84
Badmir,area-52,1582,warlock,destruction,30,17,13
Mickylock,tichondrius,1582,warlock,destruction,305,167,138
Horloc,moon-guard,1582,warlock,destruction,138,73,65
Dettocs,emerald-dream,1582,warlock,destruction,67,31,36
Woezz,tichondrius,1581,warlock,destruction,165,85,80
Tulu,muradin,1580,warlock,destruction,89,55,34
Stonnerz,ragnaros,1580,warlock,destruction,116,66,50
Bosswarlock,tichondrius,1579,warlock,destruction,41,23,18
Grindwald,echo-isles,1579,warlock,destruction,85,44,41
Kliera,stormscale,1578,warlock,destruction,84,44,40
Cioxius,stormrage,1578,warlock,destruction,63,32,31
Azracore,illidan,1577,warlock,destruction,130,73,57
Dferreira,azralon,1577,warlock,destruction,123,66,57
Charnoob,kelthuzad,1577,warlock,destruction,54,26,28
Làsko,area-52,1577,warlock,destruction,132,63,69
Bénâfflock,area-52,1576,warlock,destruction,60,33,27
Locknug,tichondrius,1575,warlock,destruction,178,96,82
Expiredonion,bleeding-hollow,1575,warlock,destruction,41,21,20
Grenswood,arathor,1575,warlock,destruction,39,19,20
Struggles,emerald-dream,1574,warlock,destruction,252,123,129
Tevonsonte,tichondrius,1574,warlock,destruction,36,17,19
Jezwazerox,area-52,1573,warlock,destruction,117,66,51
Mattypatty,the-forgotten-coast,1573,warlock,destruction,66,32,34
Bunnyhugs,gorefiend,1571,warlock,destruction,42,25,17
Carmelasin,moon-guard,1570,warlock,destruction,60,39,21
Destruição,zuljin,1570,warlock,destruction,59,34,25
Toonbolt,sargeras,1570,warlock,destruction,114,61,53
Sîthfu,tichondrius,1570,warlock,destruction,213,111,102
Austeeny,wyrmrest-accord,1569,warlock,destruction,37,26,11
Sinash,thorium-brotherhood,1569,warlock,destruction,42,23,19
Pykorrg,ragnaros,1569,warlock,destruction,49,22,27
Hornetbee,tichondrius,1568,warlock,destruction,36,22,14
Xoxoxu,frostmourne,1568,warlock,destruction,50,27,23
Lifelock,auchindoun,1567,warlock,destruction,58,34,24
Hellbòund,mugthol,1567,warlock,destruction,66,38,28
Dkdakìng,dalaran,1567,warlock,destruction,36,20,16
Teahourse,tichondrius,1566,warlock,destruction,103,54,49
Ellipsispain,bleeding-hollow,1566,warlock,destruction,49,23,26
Skillful,illidan,1566,warlock,destruction,41,17,24
Hellfires,ragnaros,1565,warlock,destruction,36,17,19
Ørfna,zuljin,1564,warlock,destruction,120,67,53
Gulkros,tichondrius,1564,warlock,destruction,42,22,20
Uow,stormrage,1564,warlock,destruction,42,20,22
Plutö,thrall,1563,warlock,destruction,36,18,18
Felnightz,area-52,1562,warlock,destruction,48,23,25
Alfaflux,tol-barad,1562,warlock,destruction,65,30,35
Juswannarock,tichondrius,1561,warlock,destruction,45,26,19
Bootyybandit,tichondrius,1561,warlock,destruction,121,68,53
Kernlberton,tichondrius,1561,warlock,destruction,66,34,32
Ranil,mannoroth,1560,warlock,destruction,30,18,12
Dunbu,illidan,1560,warlock,destruction,259,139,120
Xtwistedteas,tichondrius,1560,warlock,destruction,49,24,25
Dartthvader,azralon,1560,warlock,destruction,143,67,76
Flággedname,area-52,1559,warlock,destruction,54,27,27
Majinbuû,malganis,1559,warlock,destruction,70,32,38
Razzakka,stormrage,1558,warlock,destruction,201,98,103
Pashe,hyjal,1558,warlock,destruction,51,18,33
Reckiga,sargeras,1557,warlock,destruction,84,44,40
Mothmayhem,moon-guard,1556,warlock,destruction,54,29,25
Annereyn,stormrage,1556,warlock,destruction,178,90,88
Kjazz,tichondrius,1556,warlock,destruction,72,35,37
Dëception,ragnaros,1555,warlock,destruction,30,18,12
Tirzah,frostmourne,1555,warlock,destruction,30,18,12
Raykun,quelthalas,1555,warlock,destruction,96,48,48
Rottenhell,kelthuzad,1554,warlock,destruction,114,63,51
Porsimorgis,firetree,1553,warlock,destruction,51,27,24
Jerclard,area-52,1553,warlock,destruction,87,45,42
Leônidos,ghostlands,1553,warlock,destruction,137,69,68
Lockuup,illidan,1553,warlock,destruction,43,20,23
Sidious,jubeithos,1552,warlock,destruction,111,61,50
Wizxin,emerald-dream,1552,warlock,destruction,48,24,24
Tunacangirth,mannoroth,1551,warlock,destruction,24,17,7
Raizël,ragnaros,1551,warlock,destruction,226,122,104
Dots,haomarush,1551,warlock,destruction,107,53,54
Naba,malorne,1550,warlock,destruction,42,27,15
Serplock,kelthuzad,1550,warlock,destruction,39,20,19
Kossnen,shandris,1550,warlock,destruction,76,35,41
Baldandugly,illidan,1549,warlock,destruction,36,21,15
Adøràßøltz,tichondrius,1549,warlock,destruction,30,17,13
Ceeloftw,tichondrius,1549,warlock,destruction,41,21,20
Jenda,blackrock,1549,warlock,destruction,131,67,64
Soreanus,illidan,1548,warlock,destruction,64,38,26
Feoona,hyjal,1548,warlock,destruction,54,25,29
Zzat,area-52,1547,warlock,destruction,26,20,6
Trobgol,bleeding-hollow,1547,warlock,destruction,46,29,17
Sickmade,zuljin,1547,warlock,destruction,46,27,19
Johnnybegood,frostmourne,1547,warlock,destruction,102,54,48
Suminl,tichondrius,1547,warlock,destruction,36,19,17
Forsâken,tichondrius,1547,warlock,destruction,97,50,47
Medusaqn,tichondrius,1547,warlock,destruction,36,18,18
Spòngwò,tichondrius,1547,warlock,destruction,36,17,19
Honchoe,illidan,1546,warlock,destruction,48,30,18
Bayfayth,zuljin,1546,warlock,destruction,92,52,40
Versariki,frostmourne,1546,warlock,destruction,150,78,72
Ðem,azralon,1546,warlock,destruction,36,18,18
Sahdude,illidan,1546,warlock,destruction,36,17,19
Blanklee,tichondrius,1545,warlock,destruction,24,21,3
Pescador,tichondrius,1545,warlock,destruction,84,48,36
Cilium,illidan,1545,warlock,destruction,114,57,57
Plexwl,sargeras,1544,warlock,destruction,75,37,38
Gorontar,kelthuzad,1544,warlock,destruction,62,30,32
Nöxïöüs,sargeras,1543,warlock,destruction,29,17,12
Lila,kaelthas,1543,warlock,destruction,84,49,35
Nebulox,stormrage,1543,warlock,destruction,95,54,41
Mèrlin,aerie-peak,1542,warlock,destruction,78,50,28
Borthrel,moon-guard,1542,warlock,destruction,198,107,91
Siccwidit,area-52,1542,warlock,destruction,86,41,45
Mxd,ragnaros,1541,warlock,destruction,30,17,13
Tizl,tichondrius,1541,warlock,destruction,84,46,38
Remua,tichondrius,1540,warlock,destruction,29,18,11
Warlockmf,sargeras,1540,warlock,destruction,121,66,55
Nattydots,sargeras,1540,warlock,destruction,89,46,43
Kkokko,tichondrius,1539,warlock,destruction,114,60,54
Thralord,blackrock,1538,warlock,destruction,48,30,18
Cryptos,kalecgos,1538,warlock,destruction,38,22,16
Beranflakes,darkspear,1538,warlock,destruction,36,19,17
Flxmin,area-52,1538,warlock,destruction,66,33,33
Kmüz,drakkari,1538,warlock,destruction,72,35,37
Guula,alexstrasza,1538,warlock,destruction,48,23,25
Rerolledfotm,sargeras,1537,warlock,destruction,60,36,24
Deebeel,sargeras,1536,warlock,destruction,83,38,45
Celistia,wyrmrest-accord,1535,warlock,destruction,24,17,7
Chadica,malganis,1534,warlock,destruction,18,16,2
Kill,barthilas,1534,warlock,destruction,24,16,8
Ratwizard,barthilas,1534,warlock,destruction,30,18,12
Kboydots,sargeras,1533,warlock,destruction,40,24,16
Zver,drakkari,1533,warlock,destruction,41,23,18
Jankity,kelthuzad,1533,warlock,destruction,42,22,20
Katarameni,tortheldrin,1533,warlock,destruction,37,19,18
Morganith,ravenholdt,1533,warlock,destruction,90,44,46
Goldielocks,eredar,1532,warlock,destruction,24,16,8
Scarletdemon,malganis,1532,warlock,destruction,71,38,33
Garbagefarts,aegwynn,1532,warlock,destruction,118,63,55
Ketahole,warsong,1531,warlock,destruction,45,24,21
Yidhra,aerie-peak,1531,warlock,destruction,125,62,63
Demoabuser,lightnings-blade,1530,warlock,destruction,24,16,8
Zogs,stonemaul,1530,warlock,destruction,42,17,25
Batär,area-52,1529,warlock,destruction,72,50,22
Bêlthazor,kelthuzad,1529,warlock,destruction,78,41,37
Soulicit,kelthuzad,1529,warlock,destruction,70,34,36
Brucelock,proudmoore,1528,warlock,destruction,24,16,8
Demodrip,tichondrius,1528,warlock,destruction,24,16,8
Gharlock,tichondrius,1528,warlock,destruction,62,36,26
Ïmpdance,tichondrius,1528,warlock,destruction,30,16,14
Ìzanamí,area-52,1528,warlock,destruction,42,20,22
Vexxes,malganis,1528,warlock,destruction,36,17,19
Lustyclam,tichondrius,1527,warlock,destruction,95,55,40
Fearmebro,bleeding-hollow,1527,warlock,destruction,151,74,77
Newty,zuljin,1526,warlock,destruction,42,31,11
Wediditjoe,kelthuzad,1526,warlock,destruction,54,28,26
Char,jubeithos,1525,warlock,destruction,24,17,7
Punishment,jubeithos,1525,warlock,destruction,47,30,17
Repláced,thrall,1525,warlock,destruction,101,58,43
Dotsfired,crushridge,1525,warlock,destruction,133,76,57
Josaith,moon-guard,1525,warlock,destruction,107,57,50
Zetsu,zuljin,1525,warlock,destruction,395,201,194
Addonic,hyjal,1524,warlock,destruction,66,37,29
Strawberryz,boulderfist,1524,warlock,destruction,66,36,30
Tunacanthicc,moon-guard,1523,warlock,destruction,142,73,69
Obscurity,tichondrius,1523,warlock,destruction,72,36,36
Léarníng,nemesis,1521,warlock,destruction,53,32,21
Impfused,azshara,1521,warlock,destruction,78,43,35
Mcscrotie,tichondrius,1521,warlock,destruction,57,29,28
Killvilock,kelthuzad,1521,warlock,destruction,79,37,42
Christophear,stormrage,1521,warlock,destruction,47,21,26
Vantt,tichondrius,1520,warlock,destruction,42,25,17
Brothadoinks,zuljin,1520,warlock,destruction,36,20,16
Lostanubis,tichondrius,1520,warlock,destruction,57,30,27
Carielict,sargeras,1520,warlock,destruction,42,22,20
Getlockdlol,stormrage,1520,warlock,destruction,36,18,18
Mixolydian,malganis,1519,warlock,destruction,54,29,25
Devastation,senjin,1519,warlock,destruction,99,48,51
Quickzmaster,blackrock,1518,warlock,destruction,24,16,8
Nvmb,frostmourne,1518,warlock,destruction,96,53,43
Aliciayd,andorhal,1517,warlock,destruction,30,19,11
Hyoozy,illidan,1517,warlock,destruction,30,16,14
Grammapatty,tichondrius,1517,warlock,destruction,30,16,14
Kascade,drakkari,1517,warlock,destruction,68,36,32
Mcjoy,akama,1517,warlock,destruction,260,135,125
Agonie,tichondrius,1517,warlock,destruction,285,146,139
Funnysoxx,caelestrasz,1517,warlock,destruction,82,42,40
Ðarkñess,burning-legion,1517,warlock,destruction,84,43,41
Sourmilkz,zuljin,1517,warlock,destruction,42,19,23
Sickgurl,stormrage,1516,warlock,destruction,101,57,44
Snéed,sargeras,1516,warlock,destruction,92,48,44
Bcxz,illidan,1516,warlock,destruction,94,45,49
Brickedx,malfurion,1516,warlock,destruction,119,56,63
Sylrath,illidan,1516,warlock,destruction,69,30,39
Barathron,tichondrius,1515,warlock,destruction,179,90,89
Politex,malganis,1513,warlock,destruction,64,40,24
Axetoss,stormrage,1513,warlock,destruction,29,18,11
Warpstar,area-52,1513,warlock,destruction,57,31,26
Adderall,altar-of-storms,1513,warlock,destruction,96,51,45
Voltshot,tichondrius,1513,warlock,destruction,425,217,208
Boltybarnes,area-52,1512,warlock,destruction,84,54,30
Geauxst,tichondrius,1512,warlock,destruction,36,23,13
Greenwarlock,bleeding-hollow,1512,warlock,destruction,38,23,15
Squatchamp,sargeras,1512,warlock,destruction,54,31,23
Kongal,tichondrius,1512,warlock,destruction,30,16,14
Galtur,azralon,1512,warlock,destruction,86,42,44
Millyvanilly,tichondrius,1511,warlock,destruction,89,47,42
Hootenanny,korialstrasz,1511,warlock,destruction,72,34,38
Grimby,malganis,1511,warlock,destruction,42,18,24
Greedy,garrosh,1510,warlock,destruction,48,25,23
Nazzlock,bleeding-hollow,1510,warlock,destruction,107,55,52
Maniacal,shattered-halls,1510,warlock,destruction,36,16,20
Sonovabeech,winterhoof,1510,warlock,destruction,36,16,20
Joseph,draktharon,1509,warlock,destruction,66,35,31
Khrom,illidan,1509,warlock,destruction,70,33,37
Fearsntears,stormrage,1509,warlock,destruction,42,16,26
Chaosmorty,tichondrius,1508,warlock,destruction,51,32,19
Cozu,tichondrius,1508,warlock,destruction,89,51,38
Mariscoveloz,stormrage,1508,warlock,destruction,156,86,70
Imbadatpvp,tichondrius,1508,warlock,destruction,73,37,36
Honne,sargeras,1507,warlock,destruction,73,39,34
Bivvix,malganis,1506,warlock,destruction,30,16,14
Conspiration,sargeras,1505,warlock,destruction,48,30,18
Hazbussy,kelthuzad,1505,warlock,destruction,30,17,13
Nigsy,nagrand,1505,warlock,destruction,30,16,14
Wdc,illidan,1505,warlock,destruction,154,78,76
Shaneyxd,bleeding-hollow,1504,warlock,destruction,24,16,8
Johndazombie,zuljin,1504,warlock,destruction,24,16,8
Korose,tichondrius,1503,warlock,destruction,286,142,144
Warlooch,area-52,1503,warlock,destruction,60,28,32
Dinglerdots,tichondrius,1502,warlock,destruction,27,21,6
Graced,dalaran,1502,warlock,destruction,105,56,49
Bosongo,boulderfist,1501,warlock,destruction,65,37,28
Deboltzaru,ragnaros,1501,warlock,destruction,91,45,46
Victani,gallywix,1500,warlock,destruction,58,32,26
Greasymario,area-52,1500,warlock,destruction,46,25,21
Sathorastus,spirestone,1500,warlock,destruction,70,36,34
Zalord,mannoroth,1500,warlock,destruction,148,65,83
Favorite,malfurion,1500,warlock,destruction,60,26,34
Becà,stormrage,1499,warlock,destruction,48,31,17
Nevermorde,area-52,1499,warlock,destruction,41,22,19
Krokodiil,tichondrius,1498,warlock,destruction,74,46,28
Odiums,area-52,1498,warlock,destruction,77,44,33
Badmagic,area-52,1498,warlock,destruction,87,46,41
Nadirius,shadowmoon,1497,warlock,destruction,24,16,8
Niked,sargeras,1497,warlock,destruction,120,68,52
Chéztér,proudmoore,1497,warlock,destruction,197,100,97
Dippidydot,illidan,1497,warlock,destruction,84,39,45
Mitryc,illidan,1497,warlock,destruction,41,19,22
Dedremus,korialstrasz,1497,warlock,destruction,54,21,33
Firewõrks,moon-guard,1496,warlock,destruction,30,17,13
Hadit,malganis,1496,warlock,destruction,67,35,32
Brettmackson,area-52,1496,warlock,destruction,105,54,51
Stonelocke,area-52,1496,warlock,destruction,54,24,30
Clamdischarg,frostmourne,1495,warlock,destruction,43,26,17
Twinkies,tichondrius,1495,warlock,destruction,62,36,26
Erazero,illidan,1495,warlock,destruction,186,99,87
Daddybolt,stormrage,1495,warlock,destruction,48,25,23
Kazinox,area-52,1495,warlock,destruction,102,48,54
Matrriixx,proudmoore,1494,warlock,destruction,24,16,8
Cynwise,arathor,1494,warlock,destruction,89,53,36
Mateekabr,malganis,1493,warlock,destruction,36,20,16
Memnøch,emerald-dream,1492,warlock,destruction,47,27,20
Possapp,azralon,1492,warlock,destruction,136,71,65
Locksolo,tichondrius,1491,warlock,destruction,42,18,24
Ðeãdman,bleeding-hollow,1490,warlock,destruction,48,29,19
Khurze,area-52,1490,warlock,destruction,127,62,65
Arthyr,twisting-nether,1490,warlock,destruction,113,54,59
Wackykid,azralon,1489,warlock,destruction,122,62,60
Avelmi,daggerspine,1489,warlock,destruction,205,103,102
Darksolace,dalaran,1489,warlock,destruction,48,22,26
Nightshan,draenor,1489,warlock,destruction,90,40,50
Goomgoom,doomhammer,1489,warlock,destruction,114,50,64
Pacopico,illidan,1488,warlock,destruction,24,17,7
Lockhippo,illidan,1488,warlock,destruction,33,22,11
Titusvorenus,runetotem,1488,warlock,destruction,50,30,20
Exupery,emerald-dream,1488,warlock,destruction,240,127,113
Flor,khadgar,1488,warlock,destruction,302,152,150
Morcegø,azralon,1488,warlock,destruction,81,40,41
Terrival,illidan,1487,warlock,destruction,41,22,19
Papablasty,nagrand,1487,warlock,destruction,60,31,29
Ilvvll,proudmoore,1487,warlock,destruction,119,61,58
Ovosound,tichondrius,1486,warlock,destruction,23,16,7
Jakeyboii,frostmourne,1486,warlock,destruction,69,43,26
Zhing,frostmourne,1486,warlock,destruction,30,18,12
Asmodheus,ragnaros,1486,warlock,destruction,36,18,18
Gentleq,tichondrius,1486,warlock,destruction,33,16,17
Vigius,dalaran,1486,warlock,destruction,53,24,29
Daliron,moon-guard,1485,warlock,destruction,60,29,31
Jarasseck,malganis,1485,warlock,destruction,121,57,64
Yanned,hakkar,1484,warlock,destruction,255,132,123
Lockmycawk,stormrage,1484,warlock,destruction,53,25,28
Coby,vashj,1483,warlock,destruction,23,17,6
Kalellock,azralon,1483,warlock,destruction,120,63,57
Incantation,moon-guard,1482,warlock,destruction,40,23,17
Chàõs,tichondrius,1482,warlock,destruction,72,36,36
Gatewayoncd,frostmourne,1482,warlock,destruction,156,76,80
Ellneggro,zuljin,1481,warlock,destruction,78,46,32
Fatals,thrall,1480,warlock,destruction,36,17,19
Luntrazz,arthas,1479,warlock,destruction,139,72,67
Beyourselff,tichondrius,1479,warlock,destruction,35,16,19
Yahihlock,silver-hand,1478,warlock,destruction,36,23,13
Dloq,azgalor,1478,warlock,destruction,117,70,47
Marcedlc,ragnaros,1478,warlock,destruction,223,116,107
Hayhatchie,nagrand,1478,warlock,destruction,35,16,19
Drcameron,zuljin,1477,warlock,destruction,36,24,12
Nytefels,skullcrusher,1477,warlock,destruction,66,38,28
Rytaint,emerald-dream,1477,warlock,destruction,42,24,18
Ioroselmi,illidan,1477,warlock,destruction,137,68,69
Drdotngo,tichondrius,1477,warlock,destruction,74,30,44
Baofengxue,crushridge,1476,warlock,destruction,25,17,8
Destruction,frostmourne,1476,warlock,destruction,60,35,25
Avae,frostmourne,1476,warlock,destruction,108,61,47
Cúrsified,sargeras,1476,warlock,destruction,129,66,63
Pyresworn,wyrmrest-accord,1475,warlock,destruction,60,36,24
Drksøul,barthilas,1475,warlock,destruction,130,71,59
Nefandous,malganis,1475,warlock,destruction,179,95,84
Widdleywahh,area-52,1475,warlock,destruction,151,78,73
Tofulery,tichondrius,1475,warlock,destruction,50,23,27
Theovohn,thrall,1475,warlock,destruction,48,20,28
Pwz,azralon,1474,warlock,destruction,128,71,57
Chaoticman,tichondrius,1474,warlock,destruction,129,70,59
Sìddy,frostmourne,1474,warlock,destruction,46,24,22
Doublebolt,illidan,1473,warlock,destruction,135,78,57
Pestilocks,area-52,1473,warlock,destruction,120,66,54
Gingerlocky,barthilas,1473,warlock,destruction,169,86,83
Dotgonewrong,malganis,1473,warlock,destruction,89,36,53
Zhoull,thrall,1472,warlock,destruction,73,37,36
Priiscilá,drakkari,1472,warlock,destruction,72,35,37
Rzlrot,tichondrius,1471,warlock,destruction,48,28,20
Privin,sargeras,1471,warlock,destruction,36,18,18
Inviteonly,kiljaeden,1471,warlock,destruction,46,22,24
Sñeed,sargeras,1470,warlock,destruction,107,58,49
Daremyth,azralon,1469,warlock,destruction,54,32,22
Demondots,sargeras,1469,warlock,destruction,60,34,26
Enforcer,hellscream,1469,warlock,destruction,38,21,17
Munar,quelthalas,1469,warlock,destruction,159,81,78
Taìnted,lightbringer,1469,warlock,destruction,34,16,18
Laylowl,tichondrius,1468,warlock,destruction,36,22,14
Shadowxlock,misha,1468,warlock,destruction,101,54,47
Ahp,stormrage,1468,warlock,destruction,33,17,16
Orî,stormrage,1467,warlock,destruction,42,27,15
Magy,deathwing,1467,warlock,destruction,48,30,18
Wawfw,bleeding-hollow,1466,warlock,destruction,33,21,12
Loçk,zuljin,1466,warlock,destruction,181,90,91
Esså,jaedenar,1466,warlock,destruction,47,20,27
Noxdolor,stormreaver,1465,warlock,destruction,54,29,25
Sankestones,burning-legion,1465,warlock,destruction,50,25,25
Soultrain,sargeras,1465,warlock,destruction,38,17,21
Felacid,tichondrius,1464,warlock,destruction,67,39,28
Eldriptch,kelthuzad,1464,warlock,destruction,83,42,41
Tharki,darkspear,1462,warlock,destruction,346,173,173
Kuoma,boulderfist,1462,warlock,destruction,163,79,84
Coreleron,proudmoore,1460,warlock,destruction,85,44,41
Glortheeb,spirestone,1460,warlock,destruction,60,27,33
Falcorr,area-52,1459,warlock,destruction,34,19,15
Darknuker,wyrmrest-accord,1459,warlock,destruction,88,47,41
Dialalock,frostmourne,1459,warlock,destruction,81,42,39
Captrollol,tichondrius,1459,warlock,destruction,100,47,53
Notchinese,kiljaeden,1458,warlock,destruction,139,72,67
Ðarkbat,ragnaros,1456,warlock,destruction,52,25,27
Sukmypeker,area-52,1456,warlock,destruction,34,16,18
Perfectylock,azralon,1456,warlock,destruction,46,21,25
Filthypumper,proudmoore,1455,warlock,destruction,43,28,15
Bugha,ravencrest,1455,warlock,destruction,36,22,14
Ptheven,area-52,1455,warlock,destruction,90,54,36
Cælohin,tichondrius,1455,warlock,destruction,66,37,29
Crashcrash,area-52,1455,warlock,destruction,48,25,23
Ilxxllxxll,area-52,1455,warlock,destruction,44,22,22
Ledrlpxlx,bleeding-hollow,1455,warlock,destruction,77,38,39
Tergale,illidan,1455,warlock,destruction,159,78,81
Karter,anetheron,1455,warlock,destruction,60,28,32
Beelzibub,firetree,1454,warlock,destruction,95,53,42
Dercair,korgath,1454,warlock,destruction,54,29,25
Demontos,darkspear,1454,warlock,destruction,78,40,38
Escapefromtw,tichondrius,1454,warlock,destruction,95,45,50
Psyløck,bleeding-hollow,1453,warlock,destruction,110,54,56
Vacuole,uther,1451,warlock,destruction,36,19,17
Lockybalboah,turalyon,1451,warlock,destruction,126,64,62
Aexsion,moon-guard,1451,warlock,destruction,42,19,23
Muldan,stormrage,1450,warlock,destruction,47,30,17
Cutewarlock,draktharon,1450,warlock,destruction,62,35,27
Salties,magtheridon,1450,warlock,destruction,78,39,39
Staudt,mugthol,1449,warlock,destruction,42,28,14
Monkeylock,dathremar,1449,warlock,destruction,33,22,11
Pvping,illidan,1449,warlock,destruction,48,30,18
Thravis,tichondrius,1449,warlock,destruction,54,26,28
Yekoms,emerald-dream,1448,warlock,destruction,60,32,28
Davnport,frostmourne,1448,warlock,destruction,162,81,81
Glenfarclas,tichondrius,1448,warlock,destruction,103,48,55
Malevictus,deathwing,1448,warlock,destruction,65,26,39
Ebølarot,tichondrius,1447,warlock,destruction,30,19,11
Gridwild,drakkari,1447,warlock,destruction,42,21,21
Metafin,quelthalas,1447,warlock,destruction,35,17,18
Meleemetabtw,emerald-dream,1447,warlock,destruction,72,34,38
Eriess,burning-blade,1447,warlock,destruction,54,24,30
Dasati,frostmourne,1446,warlock,destruction,42,29,13
Taoloni,stormrage,1446,warlock,destruction,42,22,20
Demonicus,thunderlord,1445,warlock,destruction,54,25,29
Maleficmango,tichondrius,1444,warlock,destruction,36,23,13
Vindicated,azgalor,1444,warlock,destruction,68,42,26
Kyoarnez,quelthalas,1444,warlock,destruction,86,42,44
Whathurts,tichondrius,1444,warlock,destruction,104,47,57
Enaria,queldorei,1442,warlock,destruction,54,31,23
Bmó,stormrage,1442,warlock,destruction,60,33,27
Tanskeeh,sargeras,1442,warlock,destruction,90,46,44
Xbqss,illidan,1442,warlock,destruction,36,16,20
Kurudios,ragnaros,1441,warlock,destruction,36,22,14
Gorelami,tichondrius,1441,warlock,destruction,48,28,20
Bustednut,nerzhul,1441,warlock,destruction,116,67,49
Yorchziel,ragnaros,1441,warlock,destruction,100,54,46
Mantis,proudmoore,1441,warlock,destruction,43,23,20
Nttslock,tichondrius,1441,warlock,destruction,42,22,20
Yosuzüme,stormrage,1441,warlock,destruction,60,30,30
Pøwertrîp,sargeras,1441,warlock,destruction,96,42,54
Riciexo,frostmourne,1440,warlock,destruction,48,27,21
Javaspooky,nemesis,1440,warlock,destruction,97,46,51
Moxxlee,bleeding-hollow,1440,warlock,destruction,46,18,28
Çèrègäpîrät,illidan,1439,warlock,destruction,18,15,3
Hdys,tichondrius,1439,warlock,destruction,24,15,9
Printwo,sargeras,1439,warlock,destruction,24,15,9
Hydroponics,bloodscalp,1439,warlock,destruction,24,15,9
Discordant,trollbane,1439,warlock,destruction,48,29,19
Skazza,bleeding-hollow,1439,warlock,destruction,62,34,28
Twototheone,illidan,1439,warlock,destruction,131,67,64
Sâlâñzø,bleeding-hollow,1438,warlock,destruction,18,15,3
Spectro,laughing-skull,1438,warlock,destruction,18,15,3
Laklin,stormscale,1438,warlock,destruction,134,67,67
Mykiel,sargeras,1438,warlock,destruction,42,21,21
Goofycupcake,drakthul,1437,warlock,destruction,18,15,3
Deathmásk,ragnaros,1437,warlock,destruction,18,15,3
Lostlock,sargeras,1437,warlock,destruction,18,15,3
Phreekish,bleeding-hollow,1437,warlock,destruction,24,15,9
Shadococo,tichondrius,1437,warlock,destruction,42,19,23
Kroshuto,ragnaros,1436,warlock,destruction,36,23,13
Lockyun,tichondrius,1436,warlock,destruction,24,15,9
Stíngz,nemesis,1436,warlock,destruction,24,15,9
Fiftydkps,azralon,1436,warlock,destruction,133,75,58
Jämeson,tichondrius,1436,warlock,destruction,30,15,15
Dynamó,tichondrius,1436,warlock,destruction,92,45,47
Mêdìvh,tichondrius,1436,warlock,destruction,77,36,41
Artzul,tichondrius,1436,warlock,destruction,60,25,35
Elitest,deathwing,1435,warlock,destruction,24,15,9
Sonnagalook,sargeras,1435,warlock,destruction,48,27,21
Strykerliath,bleeding-hollow,1435,warlock,destruction,89,42,47
Mikaelbolton,tichondrius,1435,warlock,destruction,52,24,28
Stizzy,eredar,1434,warlock,destruction,24,15,9
Lotusx,tichondrius,1434,warlock,destruction,60,35,25
Év,azralon,1434,warlock,destruction,53,27,26
Kevin,moon-guard,1434,warlock,destruction,169,85,84
Edeklock,frostmourne,1433,warlock,destruction,18,15,3
Picklepuller,arthas,1433,warlock,destruction,60,34,26
Mordranan,thrall,1433,warlock,destruction,104,55,49
Tuugadark,echo-isles,1433,warlock,destruction,185,94,91
Auntiecrist,quelthalas,1433,warlock,destruction,57,28,29
Myidas,quelthalas,1433,warlock,destruction,42,17,25
Badufin,azralon,1432,warlock,destruction,97,51,46
Sargatanas,frostmane,1432,warlock,destruction,37,19,18
Mldxd,undermine,1432,warlock,destruction,34,17,17
Zemphius,illidan,1432,warlock,destruction,97,47,50
Dance,sargeras,1431,warlock,destruction,18,15,3
Jokerzz,tichondrius,1431,warlock,destruction,24,16,8
Necrotic,antonidas,1431,warlock,destruction,78,41,37
Delarae,frostmourne,1431,warlock,destruction,65,34,31
Mordie,sisters-of-elune,1431,warlock,destruction,54,20,34
Masefield,moon-guard,1430,warlock,destruction,128,63,65
Spaceghóst,bleeding-hollow,1430,warlock,destruction,291,142,149
Dotsyu,frostmourne,1429,warlock,destruction,50,28,22
Conorloco,tichondrius,1429,warlock,destruction,36,15,21
Pinksh,sargeras,1428,warlock,destruction,231,121,110
Tarth,sargeras,1428,warlock,destruction,30,15,15
Thalura,azralon,1428,warlock,destruction,143,71,72
Naome,cenarius,1428,warlock,destruction,36,16,20
Foxfoxfel,thrall,1427,warlock,destruction,42,27,15
Catdog,bleeding-hollow,1427,warlock,destruction,143,68,75
Buildsuccess,tichondrius,1427,warlock,destruction,65,28,37
Sepültüra,quelthalas,1426,warlock,destruction,206,103,103
Ironsightsl,dalaran,1426,warlock,destruction,48,21,27
Aomniloltv,zuljin,1425,warlock,destruction,112,60,52
Shadowfork,illidan,1424,warlock,destruction,24,15,9
Chaosvoid,frostmourne,1424,warlock,destruction,46,28,18
Domson,area-52,1424,warlock,destruction,164,90,74
Darthðotspam,mugthol,1424,warlock,destruction,126,69,57
Bâppo,antonidas,1424,warlock,destruction,40,19,21
Zhaunt,area-52,1424,warlock,destruction,35,16,19
Zaeloc,ragnaros,1424,warlock,destruction,62,28,34
Çyánide,boulderfist,1424,warlock,destruction,60,27,33
Deseo,moon-guard,1423,warlock,destruction,139,81,58
Jhivtwo,tichondrius,1423,warlock,destruction,42,21,21
Gvvo,tichondrius,1423,warlock,destruction,30,15,15
Çrayoneater,tichondrius,1423,warlock,destruction,52,22,30
Soiedentaire,illidan,1422,warlock,destruction,36,30,6
Hellcon,area-52,1422,warlock,destruction,112,64,48
Stunresistin,tichondrius,1422,warlock,destruction,192,99,93
Neccross,azralon,1422,warlock,destruction,31,15,16
Windwolff,dalvengyr,1422,warlock,destruction,36,16,20
Aashes,doomhammer,1422,warlock,destruction,73,31,42
Yarrz,kelthuzad,1421,warlock,destruction,42,28,14
Nergoul,stormrage,1421,warlock,destruction,30,16,14
Sauronne,illidan,1421,warlock,destruction,120,58,62
Yuh,moon-guard,1420,warlock,destruction,18,15,3
Nmelock,malganis,1420,warlock,destruction,66,32,34
Decrepticus,kargath,1419,warlock,destruction,44,26,18
Kelifan,sargeras,1419,warlock,destruction,138,76,62
Vandammed,silvermoon,1419,warlock,destruction,30,15,15
Rickyspanish,malygos,1419,warlock,destruction,79,37,42
Gretlock,emerald-dream,1418,warlock,destruction,24,16,8
Impdad,destromath,1418,warlock,destruction,148,84,64
Typhonn,bleeding-hollow,1418,warlock,destruction,31,16,15
Tsalagi,sargeras,1417,warlock,destruction,84,45,39
Fshi,frostmourne,1417,warlock,destruction,221,115,106
Gyuripapa,tichondrius,1417,warlock,destruction,30,15,15
Vexedconvex,area-52,1417,warlock,destruction,612,304,308
Xlilgee,kelthuzad,1416,warlock,destruction,24,15,9
Desconjuro,nemesis,1416,warlock,destruction,50,29,21
Crewee,tichondrius,1416,warlock,destruction,37,21,16
Amidone,bleeding-hollow,1416,warlock,destruction,40,21,19
Deatthmoon,stormrage,1415,warlock,destruction,24,15,9
Bowltz,chogall,1415,warlock,destruction,30,17,13
Wiildgoose,area-52,1414,warlock,destruction,66,34,32
Purraisa,tichondrius,1414,warlock,destruction,30,15,15
Mineralock,sargeras,1414,warlock,destruction,37,18,19
Batmansux,area-52,1414,warlock,destruction,34,16,18
Exofilth,thrall,1414,warlock,destruction,58,25,33
Budgetkroozz,illidan,1413,warlock,destruction,30,15,15
Srcorvo,azralon,1413,warlock,destruction,79,37,42
Overlock,ragnaros,1412,warlock,destruction,80,46,34
Spite,thrall,1411,warlock,destruction,24,18,6
Provilock,moon-guard,1411,warlock,destruction,37,20,17
Chaoticstorm,area-52,1411,warlock,destruction,52,28,24
Chuwhee,sargeras,1411,warlock,destruction,101,41,60
Thicclöcc,tichondrius,1410,warlock,destruction,30,15,15
Fearlok,malorne,1410,warlock,destruction,58,27,31
Balfast,quelthalas,1410,warlock,destruction,123,57,66
Parmenides,tichondrius,1410,warlock,destruction,42,19,23
Warluckie,zuljin,1409,warlock,destruction,36,20,16
Amoranlenus,sargeras,1409,warlock,destruction,42,23,19
Ezdagor,quelthalas,1408,warlock,destruction,161,86,75
Kemchaos,illidan,1407,warlock,destruction,124,67,57
Bobbygoulant,tichondrius,1406,warlock,destruction,265,130,135
Blackguldan,illidan,1405,warlock,destruction,24,15,9
Meatybolts,nagrand,1405,warlock,destruction,84,46,38
Sweetmeat,madoran,1405,warlock,destruction,43,17,26
Digylock,kelthuzad,1405,warlock,destruction,47,16,31
Lightname,arthas,1404,warlock,destruction,24,17,7
Antistar,barthilas,1404,warlock,destruction,65,38,27
Fazzlock,nagrand,1404,warlock,destruction,76,42,34
Kyle,shandris,1404,warlock,destruction,69,38,31
Daracon,thrall,1404,warlock,destruction,71,34,37
Bellanomikus,stormrage,1404,warlock,destruction,60,25,35
Fearloom,tichondrius,1403,warlock,destruction,220,112,108
Fearndot,draenor,1402,warlock,destruction,85,46,39
Mystrix,illidan,1402,warlock,destruction,42,19,23
Bauchalain,area-52,1402,warlock,destruction,44,19,25
Rickthelock,tichondrius,1401,warlock,destruction,30,18,12
Humanreapers,malganis,1401,warlock,destruction,61,34,27
Patagucci,bleeding-hollow,1401,warlock,destruction,128,67,61
Vamx,jubeithos,1400,warlock,destruction,24,17,7
Seeword,sargeras,1400,warlock,destruction,32,22,10
Lockerdoo,aegwynn,1400,warlock,destruction,102,52,50
Slipfallx,tichondrius,1400,warlock,destruction,150,74,76
Kanekiskid,mannoroth,1399,warlock,destruction,65,40,25
Razizzles,malganis,1399,warlock,destruction,90,53,37
Pantypeeler,barthilas,1399,warlock,destruction,92,53,39
Perples,dalaran,1399,warlock,destruction,60,30,30
Dragonlordy,proudmoore,1399,warlock,destruction,48,24,24
Neodron,thrall,1398,warlock,destruction,87,55,32
Azöd,tichondrius,1398,warlock,destruction,117,69,48
Jaydow,illidan,1398,warlock,destruction,29,15,14
Ganknãmstyle,illidan,1398,warlock,destruction,121,61,60
Keyloc,illidan,1397,warlock,destruction,48,29,19
Avatar,uldum,1397,warlock,destruction,131,66,65
Georky,ragnaros,1397,warlock,destruction,67,32,35
Manã,wyrmrest-accord,1397,warlock,destruction,66,31,35
Monstir,sargeras,1396,warlock,destruction,43,25,18
Darkbaron,khadgar,1396,warlock,destruction,30,15,15
Theporkchunk,nordrassil,1395,warlock,destruction,106,66,40
Iongestpp,bleeding-hollow,1395,warlock,destruction,42,22,20
Drudotzz,hyjal,1395,warlock,destruction,48,24,24
Wizie,arthas,1395,warlock,destruction,36,16,20
Moistpoodle,the-underbog,1394,warlock,destruction,24,16,8
Dixynormis,zuljin,1393,warlock,destruction,47,26,21
Mithlock,azralon,1392,warlock,destruction,24,15,9
Kecca,azralon,1392,warlock,destruction,220,113,107
Ticktóck,ghostlands,1390,warlock,destruction,25,16,9
Adhauto,illidan,1390,warlock,destruction,113,62,51
ßlûrr,moon-guard,1390,warlock,destruction,85,45,40
Liltoastii,illidan,1390,warlock,destruction,39,20,19
Sixonenine,boulderfist,1390,warlock,destruction,36,15,21
Esteedees,moon-guard,1389,warlock,destruction,54,23,31
Semyaza,zuluhed,1388,warlock,destruction,116,65,51
Gnomerky,stormrage,1388,warlock,destruction,42,19,23
Veyra,malganis,1388,warlock,destruction,42,19,23
Dvorakk,frostmourne,1387,warlock,destruction,91,47,44
Steav,quelthalas,1387,warlock,destruction,89,45,44
Rottgodqt,area-52,1387,warlock,destruction,42,19,23
Fearedu,thunderhorn,1386,warlock,destruction,29,15,14
Dotsnrots,frostmourne,1386,warlock,destruction,70,32,38
Gagitha,black-dragonflight,1386,warlock,destruction,36,15,21
Shortstacki,tichondrius,1385,warlock,destruction,42,27,15
Rangmar,ragnaros,1385,warlock,destruction,39,18,21
Spreadnhiv,thrall,1383,warlock,destruction,66,31,35
Cvntpvntcans,kelthuzad,1382,warlock,destruction,77,40,37
Celash,barthilas,1382,warlock,destruction,72,35,37
Shelocks,sargeras,1381,warlock,destruction,72,35,37
Himselfflol,tichondrius,1381,warlock,destruction,58,28,30
Lockssy,tichondrius,1380,warlock,destruction,165,90,75
Kyrionn,azralon,1380,warlock,destruction,34,18,16
Ferfykins,sargeras,1379,warlock,destruction,40,16,24
Warlo,moonrunner,1378,warlock,destruction,30,20,10
Pachips,zuljin,1378,warlock,destruction,54,24,30
Gobvoca,bleeding-hollow,1376,warlock,destruction,29,16,13
Jeramie,darkspear,1376,warlock,destruction,44,21,23
Cs,icecrown,1375,warlock,destruction,21,16,5
Blankdots,sargeras,1375,warlock,destruction,42,27,15
Liarz,tichondrius,1375,warlock,destruction,35,22,13
Sunkuna,aerie-peak,1375,warlock,destruction,176,89,87
Lockonthc,korgath,1375,warlock,destruction,32,16,16
Wasrenai,tichondrius,1375,warlock,destruction,47,21,26
Dealcloud,tichondrius,1374,warlock,destruction,89,47,42
Trìplock,area-52,1374,warlock,destruction,144,72,72
Hobblefoòt,proudmoore,1374,warlock,destruction,46,23,23
Wizlox,illidan,1374,warlock,destruction,277,132,145
Austen,tichondrius,1374,warlock,destruction,83,39,44
Zinkro,quelthalas,1374,warlock,destruction,77,32,45
Babydolls,tichondrius,1373,warlock,destruction,24,17,7
Naparima,stormreaver,1373,warlock,destruction,65,35,30
Vorelock,wyrmrest-accord,1373,warlock,destruction,36,19,17
Locker,lightnings-blade,1373,warlock,destruction,48,25,23
Blockk,moknathal,1373,warlock,destruction,200,96,104
Locktardoe,thrall,1372,warlock,destruction,24,15,9
Aroris,silver-hand,1372,warlock,destruction,42,21,21
Impieties,emerald-dream,1372,warlock,destruction,54,26,28
Aikìo,kelthuzad,1371,warlock,destruction,23,15,8
Lynnilock,area-52,1371,warlock,destruction,26,16,10
Connect,borean-tundra,1371,warlock,destruction,35,18,17
Gingery,the-underbog,1371,warlock,destruction,259,126,133
Adramelech,thrall,1371,warlock,destruction,36,15,21
Djvetis,blackhand,1370,warlock,destruction,39,18,21
Atrofourth,tichondrius,1370,warlock,destruction,60,26,34
Cronobolts,stormrage,1369,warlock,destruction,29,15,14
Methandmmkay,illidan,1368,warlock,destruction,33,21,12
Hamadan,azralon,1368,warlock,destruction,113,61,52
Darthzugzug,gorefiend,1367,warlock,destruction,102,59,43
Zephee,queldorei,1367,warlock,destruction,96,54,42
Flemball,aegwynn,1367,warlock,destruction,33,17,16
Ktlock,frostmourne,1366,warlock,destruction,130,70,60
Vamperro,thrall,1366,warlock,destruction,40,21,19
Kabroom,boulderfist,1366,warlock,destruction,60,30,30
Critneyfearz,stormscale,1366,warlock,destruction,65,31,34
Trixxin,korgath,1366,warlock,destruction,36,16,20
Júbeka,drakkari,1366,warlock,destruction,38,16,22
Dipindottz,tichondrius,1365,warlock,destruction,48,32,16
Razdarin,proudmoore,1365,warlock,destruction,96,51,45
Xêlsnåp,steamwheedle-cartel,1365,warlock,destruction,140,72,68
Moreedotss,malganis,1365,warlock,destruction,84,42,42
Striga,staghelm,1365,warlock,destruction,89,41,48
Møs,proudmoore,1365,warlock,destruction,54,22,32
Blindingsun,kiljaeden,1365,warlock,destruction,72,27,45
Gilgameshs,stormrage,1364,warlock,destruction,41,20,21
Shlecht,ragnaros,1363,warlock,destruction,41,21,20
Luxenna,malganis,1363,warlock,destruction,84,40,44
Zazyi,azralon,1362,warlock,destruction,31,20,11
Thizzmaa,area-52,1362,warlock,destruction,158,83,75
Eurygnomous,thrall,1362,warlock,destruction,36,18,18
Heathncraig,illidan,1362,warlock,destruction,296,146,150
Aikus,quelthalas,1361,warlock,destruction,54,26,28
Hellwalker,illidan,1361,warlock,destruction,42,19,23
Lilitht,drakkari,1360,warlock,destruction,66,36,30
Wadoom,tichondrius,1360,warlock,destruction,98,50,48
Doomers,frostmourne,1359,warlock,destruction,36,21,15
Dercrow,quelthalas,1359,warlock,destruction,95,45,50
Cyrus,akama,1358,warlock,destruction,54,35,19
Fireballingx,illidan,1358,warlock,destruction,26,15,11
Melodyh,laughing-skull,1358,warlock,destruction,60,27,33
Jugaa,arthas,1357,warlock,destruction,71,39,32
Rogslock,sargeras,1357,warlock,destruction,36,16,20
Bilidin,azralon,1357,warlock,destruction,99,42,57
Locksyy,tichondrius,1357,warlock,destruction,59,24,35
Sylestrio,feathermoon,1356,warlock,destruction,76,38,38
Killafornia,runetotem,1355,warlock,destruction,78,42,36
Aksness,stormrage,1355,warlock,destruction,84,39,45
Pandemik,turalyon,1354,warlock,destruction,35,20,15
Katsby,moon-guard,1354,warlock,destruction,46,23,23
Drdots,tichondrius,1353,warlock,destruction,101,53,48
Microd,tichondrius,1353,warlock,destruction,30,15,15
Finnickk,blackrock,1353,warlock,destruction,36,16,20
Mordekhay,tichondrius,1352,warlock,destruction,108,57,51
Caesaros,quelthalas,1352,warlock,destruction,31,16,15
Dista,bleeding-hollow,1352,warlock,destruction,189,94,95
Scrumlock,fenris,1351,warlock,destruction,59,33,26
Zénth,kiljaeden,1349,warlock,destruction,58,31,27
Nøvah,tichondrius,1348,warlock,destruction,25,15,10
Abracadavers,ragnaros,1347,warlock,destruction,57,30,27
Brimmie,malganis,1346,warlock,destruction,42,24,18
Sumonníng,tichondrius,1346,warlock,destruction,60,33,27
Memon,frostmane,1346,warlock,destruction,114,58,56
Pruevolf,tichondrius,1346,warlock,destruction,116,57,59
Kuhui,lightbringer,1346,warlock,destruction,66,28,38
Stallrooks,moon-guard,1345,warlock,destruction,41,22,19
Slysdexia,sargeras,1345,warlock,destruction,36,15,21
Retwarr,tichondrius,1344,warlock,destruction,18,14,4
Conboii,tichondrius,1344,warlock,destruction,22,15,7
Livinpink,zuljin,1344,warlock,destruction,24,14,10
Thinkchair,sargeras,1344,warlock,destruction,24,14,10
Soulruler,tichondrius,1344,warlock,destruction,24,14,10
Brenda,bleeding-hollow,1344,warlock,destruction,66,38,28
Jhop,sargeras,1344,warlock,destruction,136,72,64
Williwallace,stormrage,1344,warlock,destruction,67,34,33
Margyy,illidan,1343,warlock,destruction,18,14,4
Notstingz,azralon,1343,warlock,destruction,18,14,4
Granlordmilu,azralon,1343,warlock,destruction,42,24,18
Isarac,zuljin,1343,warlock,destruction,108,55,53
Juanigtstand,bleeding-hollow,1343,warlock,destruction,46,18,28
Dingis,bloodscalp,1342,warlock,destruction,18,14,4
Beckypls,zuljin,1342,warlock,destruction,18,14,4
Nbayoungbolt,altar-of-storms,1342,warlock,destruction,24,14,10
Coronabolt,azralon,1342,warlock,destruction,24,14,10
Rubybestlol,tichondrius,1342,warlock,destruction,24,14,10
Sugmabone,zuluhed,1342,warlock,destruction,72,41,31
Warlockgomes,azralon,1342,warlock,destruction,427,214,213
Umdur,zuljin,1342,warlock,destruction,117,55,62
Miniime,azgalor,1341,warlock,destruction,50,23,27
Indrah,tichondrius,1341,warlock,destruction,92,41,51
Lazeebolt,ravencrest,1340,warlock,destruction,21,15,6
Spenwarlocka,illidan,1340,warlock,destruction,24,14,10
Kortinanga,tichondrius,1340,warlock,destruction,90,51,39
Buttkins,tichondrius,1340,warlock,destruction,48,25,23
Lovetehbacon,tichondrius,1340,warlock,destruction,93,41,52
Gilfhunter,hellscream,1340,warlock,destruction,48,17,31
Westy,drenden,1339,warlock,destruction,66,43,23
Pocserlock,drakkari,1339,warlock,destruction,27,17,10
Flicks,arthas,1339,warlock,destruction,24,14,10
Haxlock,azralon,1339,warlock,destruction,64,26,38
Ionithvia,tichondrius,1339,warlock,destruction,42,16,26
Aemma,proudmoore,1338,warlock,destruction,18,14,4
Felancholy,illidan,1338,warlock,destruction,44,31,13
Chaosbolt,draktharon,1338,warlock,destruction,24,15,9
Extinção,azralon,1338,warlock,destruction,64,39,25
Sofan,dalaran,1338,warlock,destruction,24,14,10
Famington,tichondrius,1337,warlock,destruction,24,14,10
Nekrovax,wyrmrest-accord,1337,warlock,destruction,48,23,25
Scãryz,jubeithos,1336,warlock,destruction,62,35,27
Zod,burning-legion,1336,warlock,destruction,30,14,16
Haloren,moon-guard,1335,warlock,destruction,30,18,12
Arckádia,stormrage,1335,warlock,destruction,24,14,10
Nueleth,frostmourne,1335,warlock,destruction,75,35,40
Felqueenn,windrunner,1334,warlock,destruction,102,56,46
Condevil,quelthalas,1334,warlock,destruction,119,64,55
Lòthloria,mannoroth,1334,warlock,destruction,149,74,75
Iockgodtkoz,tichondrius,1334,warlock,destruction,64,30,34
Atrabiliario,quelthalas,1334,warlock,destruction,42,17,25
Thotsanddots,area-52,1333,warlock,destruction,31,19,12
Prototyp,azralon,1332,warlock,destruction,24,17,7
Fearedit,bleeding-hollow,1332,warlock,destruction,24,14,10
Mailerdaemön,proudmoore,1332,warlock,destruction,30,14,16
Straightlock,sargeras,1332,warlock,destruction,85,35,50
Lazarùs,zuljin,1331,warlock,destruction,36,24,12
Spongebobjrj,tichondrius,1331,warlock,destruction,36,20,16
Æzi,tichondrius,1331,warlock,destruction,42,23,19
Mìrä,kelthuzad,1331,warlock,destruction,34,18,16
Matdamon,barthilas,1331,warlock,destruction,72,38,34
Jannus,wyrmrest-accord,1331,warlock,destruction,133,65,68
Tartamuda,ragnaros,1331,warlock,destruction,69,32,37
Zyhq,stormrage,1331,warlock,destruction,90,40,50
Lefteexd,tichondrius,1330,warlock,destruction,24,14,10
Krýstál,ragnaros,1329,warlock,destruction,91,50,41
Iceameri,tichondrius,1328,warlock,destruction,74,37,37
Dreadlock,shadowsong,1328,warlock,destruction,46,23,23
Oony,quelthalas,1328,warlock,destruction,66,27,39
Celeden,emerald-dream,1327,warlock,destruction,36,21,15
Ashdan,area-52,1327,warlock,destruction,41,22,19
Harleyjames,ravenholdt,1327,warlock,destruction,30,16,14
Monson,warsong,1327,warlock,destruction,30,14,16
Cursedoll,ragnaros,1327,warlock,destruction,36,15,21
Ogawalation,stormrage,1326,warlock,destruction,64,36,28
Plagueis,zuluhed,1326,warlock,destruction,31,15,16
Helraz,darkspear,1325,warlock,destruction,18,14,4
Lockabuser,tichondrius,1325,warlock,destruction,30,16,14
Ehcsrop,doomhammer,1325,warlock,destruction,171,88,83
Insanemids,tichondrius,1325,warlock,destruction,62,29,33
Baelith,doomhammer,1324,warlock,destruction,24,14,10
Dessoft,ragnaros,1323,warlock,destruction,50,22,28
Draxxus,barthilas,1323,warlock,destruction,36,15,21
Somethingud,tichondrius,1323,warlock,destruction,85,34,51
Lockednloade,tichondrius,1322,warlock,destruction,63,36,27
Juwi,nagrand,1322,warlock,destruction,56,30,26
Wizdom,turalyon,1322,warlock,destruction,33,17,16
Beerbolt,dalaran,1321,warlock,destruction,24,14,10
Altazor,thunderlord,1321,warlock,destruction,54,22,32
Gòtti,frostmourne,1320,warlock,destruction,24,14,10
Jackscar,windrunner,1320,warlock,destruction,71,40,31
Jugerdotz,sargeras,1320,warlock,destruction,30,14,16
Sieghert,frostmourne,1320,warlock,destruction,30,14,16
Madgettike,stormrage,1319,warlock,destruction,66,45,21
Krishi,hyjal,1319,warlock,destruction,92,49,43
Gauul,illidan,1319,warlock,destruction,117,61,56
Coffínfeeder,tichondrius,1319,warlock,destruction,54,23,31
Jill,thunderhorn,1318,warlock,destruction,48,23,25
Dogetrash,tichondrius,1317,warlock,destruction,80,47,33
Felpsychosis,illidan,1317,warlock,destruction,182,94,88
Ramlock,spirestone,1317,warlock,destruction,30,15,15
Yetiaids,tichondrius,1317,warlock,destruction,48,21,27
Pipeo,quelthalas,1316,warlock,destruction,107,58,49
Castngcouch,tichondrius,1316,warlock,destruction,69,35,34
Soorisoori,tichondrius,1316,warlock,destruction,30,14,16
Lockoutz,illidan,1315,warlock,destruction,36,14,22
Lessthanjake,zuljin,1314,warlock,destruction,30,14,16
Dubledee,malganis,1314,warlock,destruction,70,29,41
Vlk,barthilas,1313,warlock,destruction,74,29,45
Lapandemica,gorefiend,1312,warlock,destruction,18,14,4
Veditä,goldrinn,1312,warlock,destruction,24,15,9
Shedara,ragnaros,1311,warlock,destruction,23,14,9
Imsupercool,bleeding-hollow,1310,warlock,destruction,23,14,9
Epicgaymer,zuljin,1310,warlock,destruction,32,15,17
Zoluraan,proudmoore,1309,warlock,destruction,75,46,29
Unstablê,ragnaros,1309,warlock,destruction,37,19,18
Dotyoazz,tichondrius,1308,warlock,destruction,38,22,16
Emptyx,tichondrius,1308,warlock,destruction,131,67,64
Lladyyheartt,nesingwary,1308,warlock,destruction,72,36,36
Valerilma,azralon,1308,warlock,destruction,58,29,29
Sayatar,ragnaros,1308,warlock,destruction,30,14,16
Yelabanxtown,thaurissan,1307,warlock,destruction,18,14,4
Opëth,thrall,1307,warlock,destruction,36,19,17
Fnwarlock,thorium-brotherhood,1307,warlock,destruction,42,20,22
Balencinaga,frostmourne,1306,warlock,destruction,18,14,4
Muchoprecogo,tichondrius,1306,warlock,destruction,24,14,10
Wolfib,tichondrius,1306,warlock,destruction,29,16,13
Damerus,illidan,1306,warlock,destruction,30,14,16
Parrotice,tichondrius,1306,warlock,destruction,95,43,52
Stéalyogirl,kelthuzad,1306,warlock,destruction,74,33,41
Sû,stormrage,1306,warlock,destruction,72,31,41
Karadelice,stormrage,1305,warlock,destruction,66,33,33
Kraynngi,nemesis,1304,warlock,destruction,28,15,13
Pancakestack,stormrage,1304,warlock,destruction,247,129,118
Zárco,ragnaros,1304,warlock,destruction,42,21,21
Acribal,quelthalas,1304,warlock,destruction,42,18,24
Shadü,tichondrius,1304,warlock,destruction,66,28,38
Shendotigans,illidan,1304,warlock,destruction,35,14,21
Dotess,illidan,1303,warlock,destruction,64,33,31
Ededneddy,tichondrius,1303,warlock,destruction,96,44,52
Docwildest,area-52,1301,warlock,destruction,29,15,14
Azràel,dreadmaul,1301,warlock,destruction,54,26,28
Soulwipe,dethecus,1301,warlock,destruction,30,14,16
Voidchaos,korgath,1300,warlock,destruction,18,14,4
Felryssa,kiljaeden,1299,warlock,destruction,72,36,36
Valthorion,dathremar,1299,warlock,destruction,34,17,17
Ragingbolts,area-52,1299,warlock,destruction,30,15,15
Getpissed,emerald-dream,1299,warlock,destruction,74,34,40
Tsmcfker,tichondrius,1298,warlock,destruction,24,14,10
Irunaways,stormrage,1298,warlock,destruction,73,36,37
Chaosboltt,gallywix,1298,warlock,destruction,30,14,16
Døtcom,frostmourne,1297,warlock,destruction,76,41,35
Awfeelya,sargeras,1297,warlock,destruction,110,57,53
Nylíx,stormrage,1297,warlock,destruction,30,15,15
Shadowy,dragonblight,1296,warlock,destruction,36,17,19
Gwarlocassh,quelthalas,1296,warlock,destruction,69,31,38
Promancer,drakkari,1295,warlock,destruction,21,14,7
Iamfear,shuhalo,1295,warlock,destruction,30,17,13
Rykilock,tichondrius,1295,warlock,destruction,45,24,21
Diabhlaí,tichondrius,1294,warlock,destruction,126,67,59
Tarnish,medivh,1292,warlock,destruction,249,122,127
Thotorina,tichondrius,1292,warlock,destruction,64,31,33
Rauwërrs,azralon,1292,warlock,destruction,55,26,29
Kombat,amanthul,1292,warlock,destruction,71,32,39
Nintendøt,malganis,1292,warlock,destruction,36,14,22
Sicarialol,kelthuzad,1291,warlock,destruction,39,21,18
Ezralem,tichondrius,1291,warlock,destruction,101,46,55
Xicó,tichondrius,1290,warlock,destruction,124,63,61
Ravikk,dalaran,1290,warlock,destruction,73,31,42
Boltsfordays,dalaran,1289,warlock,destruction,104,55,49
Pikkon,malorne,1288,warlock,destruction,49,24,25
Undies,demon-soul,1287,warlock,destruction,78,41,37
Valvravé,malganis,1287,warlock,destruction,83,35,48
Sylvine,korgath,1287,warlock,destruction,36,14,22
Lolimalock,bleeding-hollow,1286,warlock,destruction,35,19,16
Hookslinger,barthilas,1286,warlock,destruction,42,22,20
Bohnd,elune,1286,warlock,destruction,33,15,18
Frdchickiana,tichondrius,1286,warlock,destruction,54,24,30
Rentblod,azralon,1285,warlock,destruction,35,14,21
Verybaked,sargeras,1284,warlock,destruction,45,30,15
Scaryðreams,malganis,1284,warlock,destruction,104,48,56
Wybbukk,wyrmrest-accord,1283,warlock,destruction,24,16,8
Celestiah,aggramar,1282,warlock,destruction,164,86,78
Omegawarlock,quelthalas,1281,warlock,destruction,32,19,13
Zuldar,tichondrius,1281,warlock,destruction,36,21,15
Skruls,ragnaros,1281,warlock,destruction,24,14,10
Kritza,proudmoore,1280,warlock,destruction,47,21,26
Drstrange,onyxia,1279,warlock,destruction,30,18,12
Botoslap,dragonmaw,1279,warlock,destruction,40,16,24
Sumondeznuts,wyrmrest-accord,1279,warlock,destruction,39,15,24
Shadow,frostwolf,1279,warlock,destruction,73,27,46
Valintine,khadgar,1278,warlock,destruction,33,18,15
Ozgwad,thunderhorn,1277,warlock,destruction,42,19,23
Burnedout,proudmoore,1276,warlock,destruction,51,32,19
Avadakedavra,warsong,1276,warlock,destruction,42,22,20
Grendaldots,tichondrius,1273,warlock,destruction,28,14,14
Potatostew,dalaran,1273,warlock,destruction,36,14,22
Gscar,area-52,1272,warlock,destruction,66,36,30
Covenslave,nemesis,1271,warlock,destruction,353,174,179
Shivalx,tichondrius,1271,warlock,destruction,42,19,23
Derfflinger,tichondrius,1270,warlock,destruction,118,49,69
Yake,aegwynn,1269,warlock,destruction,54,29,25
Xmochahollic,tichondrius,1268,warlock,destruction,392,190,202
Funnelcakies,area-52,1268,warlock,destruction,40,19,21
Ilovedabs,aerie-peak,1268,warlock,destruction,34,15,19
Gyxx,exodar,1267,warlock,destruction,27,14,13
Zudre,tanaris,1266,warlock,destruction,40,28,12
Sakuin,bonechewer,1266,warlock,destruction,59,24,35
Locknloadqq,tichondrius,1265,warlock,destruction,30,15,15
Ràistlin,madoran,1264,warlock,destruction,35,21,14
Ftelkham,tichondrius,1264,warlock,destruction,57,30,27
Üziel,nemesis,1264,warlock,destruction,27,14,13
Lukgar,azralon,1263,warlock,destruction,30,15,15
Griget,runetotem,1263,warlock,destruction,95,46,49
Ugotmail,thunderlord,1263,warlock,destruction,60,29,31
Imprecátion,tichondrius,1262,warlock,destruction,83,33,50
Klapincheeks,malganis,1262,warlock,destruction,87,31,56
Strax,shattered-hand,1261,warlock,destruction,54,27,27
Celestîne,sargeras,1261,warlock,destruction,28,14,14
Deydraeline,moon-guard,1261,warlock,destruction,45,17,28
Moredots,zuljin,1261,warlock,destruction,42,15,27
Stinkychef,hyjal,1259,warlock,destruction,30,19,11
Freestyle,blackwater-raiders,1259,warlock,destruction,93,52,41
Gattsonn,kiljaeden,1259,warlock,destruction,42,15,27
Darkboltz,area-52,1258,warlock,destruction,57,31,26
Mysophobia,frostmourne,1258,warlock,destruction,149,78,71
Notäçultist,nagrand,1258,warlock,destruction,146,73,73
Grandpapapa,tichondrius,1258,warlock,destruction,66,25,41
Soulfurr,dathremar,1257,warlock,destruction,42,19,23
Candykrush,tichondrius,1255,warlock,destruction,28,15,13
Lerooux,hyjal,1253,warlock,destruction,138,70,68
Mandley,nazgrel,1253,warlock,destruction,38,17,21
Siliconsnipe,tichondrius,1252,warlock,destruction,24,17,7
Lizzosize,tichondrius,1252,warlock,destruction,30,19,11
Dinkydeen,area-52,1252,warlock,destruction,24,14,10
Superbroly,area-52,1252,warlock,destruction,36,20,16
Pinkmom,tichondrius,1251,warlock,destruction,30,16,14
Bigdoinks,nagrand,1251,warlock,destruction,73,37,36
Downbad,ysera,1251,warlock,destruction,67,29,38
Thiccdots,moon-guard,1251,warlock,destruction,34,14,20
Soulsurvivor,tichondrius,1251,warlock,destruction,42,14,28
Drwolfman,bonechewer,1250,warlock,destruction,116,57,59
Flayaz,bleeding-hollow,1249,warlock,destruction,62,22,40
Stainn,gallywix,1248,warlock,destruction,45,26,19
Malchiev,area-52,1248,warlock,destruction,51,23,28
Drainerx,kelthuzad,1247,warlock,destruction,18,13,5
Glanis,drakkari,1247,warlock,destruction,18,13,5
Voqo,shandris,1247,warlock,destruction,18,13,5
Pressurë,tichondrius,1247,warlock,destruction,18,13,5
Dottzie,malganis,1247,warlock,destruction,18,13,5
Jandorace,anetheron,1247,warlock,destruction,24,13,11
Kimsoul,zuljin,1247,warlock,destruction,24,13,11
Oymmander,illidan,1247,warlock,destruction,24,13,11
Moonsoaps,moon-guard,1247,warlock,destruction,24,13,11
Ezgamejr,tichondrius,1247,warlock,destruction,30,13,17
Djdemolordx,bleeding-hollow,1246,warlock,destruction,18,13,5
Suwook,tichondrius,1246,warlock,destruction,18,13,5
Inaane,thrall,1246,warlock,destruction,24,13,11
Skanckqt,malganis,1246,warlock,destruction,24,13,11
Lestant,moon-guard,1246,warlock,destruction,28,15,13
Markov,goldrinn,1246,warlock,destruction,72,34,38
Alphaeus,hydraxis,1245,warlock,destruction,18,13,5
Luulloo,proudmoore,1245,warlock,destruction,72,40,32
Toastwl,tichondrius,1244,warlock,destruction,18,13,5
Riptyler,illidan,1244,warlock,destruction,24,13,11
Dreadxbolts,stormrage,1244,warlock,destruction,24,13,11
Alyarn,greymane,1244,warlock,destruction,56,30,26
Gambel,duskwood,1244,warlock,destruction,42,20,22
Vuittøn,barthilas,1243,warlock,destruction,18,13,5
Shulading,proudmoore,1243,warlock,destruction,57,25,32
Luciffer,windrunner,1242,warlock,destruction,22,16,6
Justseven,stormrage,1242,warlock,destruction,24,13,11
Llu,tichondrius,1242,warlock,destruction,125,66,59
Zelophobiaz,crushridge,1241,warlock,destruction,24,13,11
Cyio,zuljin,1241,warlock,destruction,24,13,11
Sutra,tichondrius,1241,warlock,destruction,121,65,56
Sevokk,stormrage,1241,warlock,destruction,42,18,24
Kápz,darkspear,1240,warlock,destruction,24,13,11
Saraphina,maiev,1240,warlock,destruction,896,445,451
Jnzi,area-52,1239,warlock,destruction,18,13,5
Peeberson,tichondrius,1239,warlock,destruction,30,13,17
Antigotenent,sargeras,1238,warlock,destruction,24,13,11
Necrodeath,malygos,1238,warlock,destruction,60,31,29
Jecklez,tichondrius,1238,warlock,destruction,141,70,71
Arremon,thrall,1238,warlock,destruction,30,13,17
Impbisqit,stormrage,1237,warlock,destruction,18,13,5
Brútek,moon-guard,1237,warlock,destruction,29,15,14
Cascades,icecrown,1237,warlock,destruction,182,88,94
Crankshaft,nordrassil,1237,warlock,destruction,36,17,19
Santoru,emerald-dream,1237,warlock,destruction,42,17,25
Chamansy,darkspear,1236,warlock,destruction,133,64,69
Azrezzael,area-52,1233,warlock,destruction,24,13,11
Lockabeesha,chogall,1233,warlock,destruction,24,13,11
Blastyboat,terenas,1233,warlock,destruction,39,15,24
Dalruk,wyrmrest-accord,1232,warlock,destruction,18,13,5
Klatuu,stonemaul,1232,warlock,destruction,24,15,9
Nanodingo,tichondrius,1232,warlock,destruction,77,41,36
Gouldon,sargeras,1232,warlock,destruction,52,27,25
Keraj,quelthalas,1232,warlock,destruction,30,14,16
Synisterlock,moon-guard,1232,warlock,destruction,30,13,17
Virt,anubarak,1231,warlock,destruction,30,13,17
Altairo,illidan,1230,warlock,destruction,26,13,13
Jelluz,ghostlands,1230,warlock,destruction,33,16,17
Consumed,area-52,1229,warlock,destruction,45,23,22
Offendor,stormrage,1229,warlock,destruction,75,33,42
Dmox,darkspear,1229,warlock,destruction,30,13,17
Radamantîs,ragnaros,1229,warlock,destruction,36,13,23
Warlockage,frostmane,1228,warlock,destruction,24,13,11
Jjesie,tichondrius,1228,warlock,destruction,30,13,17
Faldoras,kalecgos,1227,warlock,destruction,18,13,5
Chermonalbur,draka,1227,warlock,destruction,72,40,32
Dummythiccxo,emerald-dream,1226,warlock,destruction,40,21,19
Regent,nemesis,1226,warlock,destruction,116,54,62
Xdyourd,tichondrius,1225,warlock,destruction,18,13,5
Esmaldo,tichondrius,1225,warlock,destruction,49,24,25
Demtros,tichondrius,1225,warlock,destruction,30,13,17
Soularonomy,tichondrius,1225,warlock,destruction,62,24,38
Dirtybóy,tichondrius,1224,warlock,destruction,24,13,11
Mordror,azralon,1224,warlock,destruction,74,38,36
Nazgal,tichondrius,1224,warlock,destruction,78,35,43
Raebolts,area-52,1222,warlock,destruction,24,13,11
Fabianos,azralon,1222,warlock,destruction,32,16,16
Lagcursed,frostmourne,1221,warlock,destruction,48,24,24
Vikkter,tichondrius,1221,warlock,destruction,30,14,16
Rustý,illidan,1220,warlock,destruction,77,42,35
Carcine,frostwolf,1220,warlock,destruction,30,13,17
Hurriicane,stormrage,1218,warlock,destruction,110,55,55
Cursedtool,quelthalas,1216,warlock,destruction,21,14,7
Schmok,terenas,1216,warlock,destruction,64,33,31
Iiferna,sargeras,1215,warlock,destruction,239,116,123
Yury,scarlet-crusade,1215,warlock,destruction,36,15,21
Scentient,jubeithos,1213,warlock,destruction,51,30,21
Erevas,area-52,1213,warlock,destruction,24,14,10
Shaggster,stormrage,1213,warlock,destruction,132,69,63
Tatemor,barthilas,1213,warlock,destruction,36,13,23
Gamno,ragnaros,1211,warlock,destruction,58,27,31
Ganondolph,sargeras,1211,warlock,destruction,36,16,20
Xanlel,deathwing,1210,warlock,destruction,101,48,53
Orelauk,rexxar,1209,warlock,destruction,66,36,30
Felinå,hyjal,1206,warlock,destruction,39,24,15
Handler,earthen-ring,1205,warlock,destruction,72,45,27
Sitra,ragnaros,1203,warlock,destruction,46,26,20
Gwar,khazgoroth,1202,warlock,destruction,183,84,99
Zehr,malganis,1201,warlock,destruction,64,33,31
Blew,bleeding-hollow,1200,warlock,destruction,15,14,1
Rodimus,hyjal,1200,warlock,destruction,327,173,154
Misro,malganis,1199,warlock,destruction,36,20,16
Kadavara,thrall,1199,warlock,destruction,58,27,31
Dotdoctor,thrall,1198,warlock,destruction,75,35,40
Sykosenpai,zuljin,1196,warlock,destruction,18,13,5
Dokue,kaelthas,1195,warlock,destruction,15,14,1
Zydaria,stormrage,1195,warlock,destruction,36,20,16
Daeykras,crushridge,1194,warlock,destruction,92,48,44
Darksdot,barthilas,1194,warlock,destruction,89,34,55
Spookyfurry,area-52,1192,warlock,destruction,30,13,17
Corezach,proudmoore,1192,warlock,destruction,42,14,28
Nhen,daggerspine,1191,warlock,destruction,173,93,80
Damienn,wyrmrest-accord,1191,warlock,destruction,30,13,17
Aboode,blackrock,1190,warlock,destruction,65,29,36
Malleus,drakkari,1189,warlock,destruction,44,21,23
Gruldan,drakkari,1189,warlock,destruction,30,13,17
Cørruption,emerald-dream,1188,warlock,destruction,47,22,25
Gukky,misha,1187,warlock,destruction,155,83,72
Pabloescobr,tichondrius,1185,warlock,destruction,28,14,14
Jezzabell,amanthul,1185,warlock,destruction,60,24,36
Bagn,tichondrius,1183,warlock,destruction,45,26,19
Noteko,korgath,1183,warlock,destruction,36,17,19
Aswrislock,tichondrius,1181,warlock,destruction,18,13,5
Aluridan,azralon,1181,warlock,destruction,49,21,28
Maldíta,quelthalas,1180,warlock,destruction,117,52,65
Sylorelol,stormreaver,1179,warlock,destruction,78,35,43
Kidsoul,illidan,1178,warlock,destruction,97,46,51
Telvanni,sargeras,1177,warlock,destruction,85,42,43
Alyndraxia,malganis,1175,warlock,destruction,22,15,7
Mocreia,azralon,1173,warlock,destruction,206,99,107
Collinator,crushridge,1171,warlock,destruction,56,34,22
Bénn,moon-guard,1171,warlock,destruction,83,50,33
Josemb,ragnaros,1171,warlock,destruction,32,16,16
Shadowndko,ragnaros,1171,warlock,destruction,59,26,33
Phreaky,area-52,1169,warlock,destruction,75,40,35
Conboee,tichondrius,1167,warlock,destruction,21,14,7
Creambun,barthilas,1166,warlock,destruction,28,13,15
Dysxliea,dalaran,1166,warlock,destruction,32,13,19
Edielyth,proudmoore,1165,warlock,destruction,23,13,10
Chodetamer,lethon,1165,warlock,destruction,74,39,35
Goldieloc,sargeras,1164,warlock,destruction,48,28,20
Juniorsalanu,quelthalas,1164,warlock,destruction,48,27,21
Prägä,drakkari,1163,warlock,destruction,20,13,7
Aerozyn,wyrmrest-accord,1161,warlock,destruction,30,16,14
Caramelgodx,stormrage,1161,warlock,destruction,46,16,30
Totti,tol-barad,1160,warlock,destruction,60,30,30
Rainali,tichondrius,1159,warlock,destruction,33,14,19
Clizarisa,moon-guard,1158,warlock,destruction,37,23,14
ßoly,quelthalas,1158,warlock,destruction,35,16,19
Lockaloga,azralon,1156,warlock,destruction,28,16,12
Otus,echo-isles,1156,warlock,destruction,30,15,15
Cynissel,sargeras,1156,warlock,destruction,48,22,26
Dudda,sargeras,1152,warlock,destruction,12,12,0
Dreamrush,area-52,1152,warlock,destruction,26,18,8
Kazam,quelthalas,1152,warlock,destruction,36,20,16
Locnload,bonechewer,1152,warlock,destruction,35,17,18
Broccoleh,area-52,1151,warlock,destruction,18,12,6
Shutupthug,illidan,1151,warlock,destruction,18,12,6
Blastamastah,tichondrius,1151,warlock,destruction,18,12,6
Luckythesimp,illidan,1151,warlock,destruction,18,12,6
Soulfinder,tichondrius,1151,warlock,destruction,18,12,6
Tessarath,area-52,1151,warlock,destruction,18,12,6
Magik,balnazzar,1151,warlock,destruction,18,12,6
Jagsl,area-52,1151,warlock,destruction,18,12,6
Thulium,dawnbringer,1151,warlock,destruction,30,16,14
Thugpenus,frostmane,1151,warlock,destruction,36,19,17
Klol,proudmoore,1151,warlock,destruction,24,12,12
Stuffs,wyrmrest-accord,1151,warlock,destruction,24,12,12
Areufearious,sargeras,1151,warlock,destruction,24,12,12
Oceangrownx,emerald-dream,1151,warlock,destruction,24,12,12
Joung,tichondrius,1151,warlock,destruction,25,12,13
Asmit,firetree,1151,warlock,destruction,28,13,15
Zaiocian,tichondrius,1151,warlock,destruction,26,12,14
Pndasrntlegt,burning-blade,1150,warlock,destruction,12,12,0
Gamecover,azralon,1150,warlock,destruction,18,12,6
Fsx,malganis,1150,warlock,destruction,18,12,6
Wasbad,tichondrius,1150,warlock,destruction,18,12,6
Ñigorshedøn,area-52,1150,warlock,destruction,18,12,6
Nynx,stormrage,1150,warlock,destruction,18,12,6
Prinzheinric,quelthalas,1150,warlock,destruction,69,35,34
Biggbolts,tichondrius,1150,warlock,destruction,24,12,12
Soulripped,area-52,1150,warlock,destruction,24,12,12
Hoonjojjyanl,tichondrius,1150,warlock,destruction,24,12,12
Khalynd,azralon,1150,warlock,destruction,47,22,25
Rezial,illidan,1150,warlock,destruction,30,12,18
Crumbs,doomhammer,1149,warlock,destruction,18,12,6
Kemiya,the-underbog,1149,warlock,destruction,18,12,6
Anorex,area-52,1149,warlock,destruction,18,12,6
Paddywacker,azgalor,1149,warlock,destruction,18,12,6
Greenbolts,area-52,1149,warlock,destruction,24,12,12
Iggyiggy,sargeras,1149,warlock,destruction,24,12,12
Itstista,proudmoore,1149,warlock,destruction,30,12,18
Snoogli,tichondrius,1149,warlock,destruction,30,12,18
Robotbofa,illidan,1149,warlock,destruction,30,12,18
Pardoned,stormrage,1149,warlock,destruction,30,12,18
Poock,goldrinn,1148,warlock,destruction,18,12,6
Yze,sargeras,1147,warlock,destruction,24,12,12
Toastyybone,hellscream,1147,warlock,destruction,24,12,12
Goarage,tichondrius,1147,warlock,destruction,28,13,15
Joromojo,zuljin,1146,warlock,destruction,18,12,6
Sibome,stormrage,1146,warlock,destruction,30,12,18
Shweti,stormrage,1144,warlock,destruction,18,12,6
Shikyo,lightnings-blade,1144,warlock,destruction,30,12,18
Thânàtös,malganis,1144,warlock,destruction,30,12,18
Marvolö,darkspear,1143,warlock,destruction,30,19,11
Ritua,dragonmaw,1143,warlock,destruction,24,12,12
Wakøzi,mugthol,1143,warlock,destruction,24,12,12
Yëët,wildhammer,1142,warlock,destruction,18,12,6
Escro,azgalor,1142,warlock,destruction,82,48,34
Artheás,azralon,1142,warlock,destruction,24,12,12
Ifeludead,sargeras,1141,warlock,destruction,36,14,22
Shadøwcrits,quelthalas,1140,warlock,destruction,21,13,8
Nadek,tichondrius,1140,warlock,destruction,24,12,12
Florryn,barthilas,1140,warlock,destruction,62,26,36
Prinsessdie,proudmoore,1140,warlock,destruction,42,17,25
Evilrodent,frostmourne,1140,warlock,destruction,30,12,18
Kärên,proudmoore,1139,warlock,destruction,58,33,25
Viash,thrall,1137,warlock,destruction,24,12,12
Xargeras,emerald-dream,1137,warlock,destruction,48,22,26
Snapp,kelthuzad,1137,warlock,destruction,30,12,18
Cogitoergo,stormrage,1136,warlock,destruction,18,12,6
Klaríon,ragnaros,1136,warlock,destruction,21,13,8
Kunshii,bleeding-hollow,1136,warlock,destruction,30,12,18
Taylôr,proudmoore,1136,warlock,destruction,30,12,18
Pepzz,emerald-dream,1135,warlock,destruction,24,12,12
Haardmode,area-52,1135,warlock,destruction,24,12,12
Sakeer,quelthalas,1134,warlock,destruction,33,15,18
Shickeri,thunderlord,1133,warlock,destruction,53,31,22
Souwantwar,kiljaeden,1133,warlock,destruction,24,12,12
Tazlock,blackrock,1132,warlock,destruction,18,12,6
Skullsoul,arthas,1132,warlock,destruction,24,12,12
Wyrmsteez,tichondrius,1131,warlock,destruction,24,12,12
Dlchem,tichondrius,1126,warlock,destruction,18,12,6
Mybadyo,dalaran,1126,warlock,destruction,22,13,9
Yvonnee,tichondrius,1126,warlock,destruction,102,42,60
Huskir,tichondrius,1125,warlock,destruction,30,12,18
Mäléficø,nemesis,1125,warlock,destruction,74,27,47
Rageraff,trollbane,1121,warlock,destruction,30,18,12
Shardgodx,barthilas,1121,warlock,destruction,37,16,21
Nathalyâ,drakkari,1119,warlock,destruction,104,54,50
Zêphyr,gilneas,1117,warlock,destruction,18,12,6
Cöökïe,tichondrius,1117,warlock,destruction,23,12,11
Kurmenos,uldum,1116,warlock,destruction,98,57,41
Deecon,stormscale,1116,warlock,destruction,24,12,12
Beldiinlock,khazgoroth,1116,warlock,destruction,81,38,43
Lilibe,tichondrius,1115,warlock,destruction,77,34,43
Cakeplease,illidan,1115,warlock,destruction,42,16,26
Danoinfelizz,nemesis,1114,warlock,destruction,41,24,17
Giiada,korgath,1113,warlock,destruction,45,22,23
Prenupp,dalaran,1113,warlock,destruction,71,27,44
Shadohz,lightnings-blade,1109,warlock,destruction,18,12,6
Mshyde,gurubashi,1107,warlock,destruction,32,18,14
Esomy,sargeras,1107,warlock,destruction,33,17,16
Darthlockz,illidan,1107,warlock,destruction,30,15,15
Catraca,sargeras,1105,warlock,destruction,33,17,16
Siphos,proudmoore,1105,warlock,destruction,30,12,18
Anstik,area-52,1103,warlock,destruction,15,13,2
Infortunium,sargeras,1103,warlock,destruction,18,12,6
Ilovedemons,aegwynn,1102,warlock,destruction,60,32,28
Wìckedelf,area-52,1102,warlock,destruction,201,102,99
Icemanliddel,area-52,1102,warlock,destruction,27,12,15
Ilfucyobit,kelthuzad,1101,warlock,destruction,113,43,70
Hulion,kiljaeden,1100,warlock,destruction,54,21,33
Bawldimort,stormrage,1098,warlock,destruction,219,109,110
Gritzixx,frostmourne,1098,warlock,destruction,29,12,17
Sargeril,suramar,1098,warlock,destruction,30,12,18
Evillyñ,tichondrius,1097,warlock,destruction,81,40,41
Tempestzone,barthilas,1096,warlock,destruction,29,16,13
Hawkstalker,thaurissan,1096,warlock,destruction,168,79,89
Valyona,moon-guard,1094,warlock,destruction,30,18,12
Cãsh,aegwynn,1094,warlock,destruction,41,14,27
Cassetes,tichondrius,1093,warlock,destruction,17,12,5
Varuuss,ragnaros,1092,warlock,destruction,21,12,9
Mindfulchimp,sargeras,1092,warlock,destruction,23,12,11
Timmerstar,tichondrius,1091,warlock,destruction,54,25,29
Lockedyaup,skullcrusher,1091,warlock,destruction,78,35,43
Agramonn,ragnaros,1090,warlock,destruction,71,30,41
Trïnîty,tichondrius,1087,warlock,destruction,77,33,44
Stoufmeister,stormrage,1086,warlock,destruction,26,13,13
Dualipy,ragnaros,1084,warlock,destruction,20,12,8
Mogran,twisting-nether,1084,warlock,destruction,36,19,17
Spicý,sargeras,1084,warlock,destruction,63,31,32
Nobuyori,tichondrius,1084,warlock,destruction,42,14,28
Barhathion,ragnaros,1082,warlock,destruction,33,13,20
Alvatio,tichondrius,1079,warlock,destruction,54,27,27
Locksoul,area-52,1078,warlock,destruction,107,53,54
Kracky,tichondrius,1077,warlock,destruction,222,114,108
Glifosáto,quelthalas,1075,warlock,destruction,22,14,8
Valval,moon-guard,1074,warlock,destruction,72,22,50
Gùldán,tichondrius,1071,warlock,destruction,52,28,24
Gängrëna,azralon,1070,warlock,destruction,74,35,39
Toby,azralon,1066,warlock,destruction,25,12,13
Githany,hyjal,1063,warlock,destruction,26,13,13
Luke,lightnings-blade,1062,warlock,destruction,18,12,6
Noriaeradra,illidan,1062,warlock,destruction,31,17,14
Deathlock,rexxar,1062,warlock,destruction,25,12,13
Solrad,illidan,1057,warlock,destruction,113,57,56
Redsolojdc,tichondrius,1056,warlock,destruction,12,11,1
Pandasrlegit,burning-blade,1056,warlock,destruction,18,11,7
Lockâsf,tichondrius,1056,warlock,destruction,24,11,13
Drsmegmaz,dreadmaul,1056,warlock,destruction,24,11,13
Furry,blackrock,1055,warlock,destruction,16,12,4
Schlutty,malganis,1055,warlock,destruction,18,11,7
Tuzadin,tichondrius,1055,warlock,destruction,18,11,7
Pedestal,bleeding-hollow,1055,warlock,destruction,18,11,7
Feardotzrun,illidan,1055,warlock,destruction,18,11,7
Karmalock,malganis,1055,warlock,destruction,18,11,7
Shadowflux,winterhoof,1055,warlock,destruction,18,11,7
Ohthemisery,sargeras,1055,warlock,destruction,18,11,7
Politepvperx,kelthuzad,1055,warlock,destruction,18,11,7
Snikpan,silver-hand,1055,warlock,destruction,18,11,7
Siddara,garrosh,1055,warlock,destruction,18,11,7
Lowkei,stonemaul,1055,warlock,destruction,72,30,42
Viciousnees,ragnaros,1055,warlock,destruction,30,11,19
Sneakeypeet,sargeras,1054,warlock,destruction,14,11,3
Friggus,azralon,1054,warlock,destruction,18,11,7
Tinked,stormrage,1054,warlock,destruction,18,11,7
Sweetpotato,elune,1054,warlock,destruction,21,12,9
Dunkindots,dalaran,1054,warlock,destruction,24,11,13
Maledictivus,stormrage,1054,warlock,destruction,24,11,13
Spudzies,bleeding-hollow,1054,warlock,destruction,24,11,13
Jùmmy,area-52,1054,warlock,destruction,24,11,13
Neurotoxiina,azralon,1054,warlock,destruction,90,32,58
Brough,illidan,1054,warlock,destruction,36,11,25
Feldance,sargeras,1053,warlock,destruction,12,11,1
Diablox,silvermoon,1053,warlock,destruction,18,11,7
Faënn,zuljin,1053,warlock,destruction,18,11,7
Buffwarlockz,stormrage,1053,warlock,destruction,18,11,7
Zeeref,stormrage,1053,warlock,destruction,24,11,13
Notdiesel,thrall,1053,warlock,destruction,24,11,13
Dilonlock,area-52,1053,warlock,destruction,24,11,13
Dëvïl,ragnaros,1053,warlock,destruction,24,11,13
Maquedonia,quelthalas,1053,warlock,destruction,24,11,13
Precogx,kelthuzad,1052,warlock,destruction,18,11,7
Jonuts,korgath,1052,warlock,destruction,129,66,63
Elchileno,drakkari,1052,warlock,destruction,49,25,24
Toxishk,tichondrius,1052,warlock,destruction,24,11,13
Owwie,malganis,1052,warlock,destruction,30,11,19
Domenic,sentinels,1051,warlock,destruction,16,12,4
Fatuglyegirl,sargeras,1051,warlock,destruction,22,11,11
Modot,tichondrius,1051,warlock,destruction,24,11,13
Curseudown,kul-tiras,1051,warlock,destruction,24,11,13
Actiow,stormrage,1050,warlock,destruction,18,11,7
Toxec,barthilas,1050,warlock,destruction,18,11,7
Unprønuncea,azralon,1050,warlock,destruction,25,11,14
Dotsandchill,dalaran,1049,warlock,destruction,24,11,13
Lindrasta,proudmoore,1048,warlock,destruction,12,11,1
Spankkylong,dalaran,1048,warlock,destruction,68,37,31
Tirp,illidan,1048,warlock,destruction,24,11,13
Bronkë,azralon,1048,warlock,destruction,36,11,25
Moorrt,dragonblight,1047,warlock,destruction,89,43,46
Pokemebutt,hydraxis,1046,warlock,destruction,18,11,7
Trumpthicc,tichondrius,1046,warlock,destruction,24,11,13
Deadlockz,stormrage,1046,warlock,destruction,24,11,13
Ltr,moon-guard,1045,warlock,destruction,18,11,7
Naoma,moon-guard,1045,warlock,destruction,24,11,13
Chaosbud,tichondrius,1045,warlock,destruction,30,11,19
Dopamine,antonidas,1044,warlock,destruction,24,11,13
Padlockk,dalaran,1044,warlock,destruction,36,11,25
Dipndøtz,illidan,1043,warlock,destruction,18,11,7
Reluxify,dalaran,1042,warlock,destruction,30,11,19
Begelock,stormrage,1042,warlock,destruction,30,11,19
Soulinite,fizzcrank,1042,warlock,destruction,30,11,19
Ninjamcdotz,spirestone,1042,warlock,destruction,30,11,19
Terminall,quelthalas,1041,warlock,destruction,30,12,18
Silkxy,frostwolf,1040,warlock,destruction,18,11,7
Archibalding,area-52,1040,warlock,destruction,27,11,16
Superbvious,lothar,1039,warlock,destruction,148,69,79
Thediaz,quelthalas,1038,warlock,destruction,48,25,23
Zalurk,emerald-dream,1037,warlock,destruction,30,11,19
Vicnutz,tichondrius,1037,warlock,destruction,36,11,25
Enur,malganis,1036,warlock,destruction,24,11,13
Gorskij,frostwolf,1035,warlock,destruction,25,11,14
Albus,skywall,1035,warlock,destruction,66,28,38
Zíppen,proudmoore,1034,warlock,destruction,66,32,34
Vahlgor,thunderlord,1034,warlock,destruction,71,28,43
Moknuhg,emerald-dream,1033,warlock,destruction,30,11,19
Voidsoul,garithos,1031,warlock,destruction,24,12,12
Warkoc,stormreaver,1031,warlock,destruction,33,12,21
Baiss,tichondrius,1030,warlock,destruction,18,11,7
Kimis,azralon,1029,warlock,destruction,36,22,14
Darkmetal,andorhal,1029,warlock,destruction,46,15,31
Fidobiu,stormrage,1028,warlock,destruction,48,23,25
Getsmoked,moknathal,1023,warlock,destruction,23,11,12
Nikôlas,stormrage,1023,warlock,destruction,120,57,63
Joednalol,tichondrius,1023,warlock,destruction,29,11,18
Drlocktastic,vashj,1022,warlock,destruction,18,11,7
Cheiff,tichondrius,1020,warlock,destruction,87,36,51
Coheatt,hyjal,1019,warlock,destruction,45,18,27
Sylersa,malganis,1018,warlock,destruction,30,11,19
Nessro,stormrage,1016,warlock,destruction,30,19,11
Deatthwish,ragnaros,1016,warlock,destruction,33,17,16
Rnicu,bonechewer,1016,warlock,destruction,99,49,50
Hugebolts,frostmane,1015,warlock,destruction,24,12,12
Bobthedoc,sargeras,1011,warlock,destruction,23,11,12
Kklock,frostmourne,1007,warlock,destruction,45,26,19
Notoriusmma,illidan,1007,warlock,destruction,25,13,12
Faliceu,sargeras,1006,warlock,destruction,26,11,15
Plagué,barthilas,1004,warlock,destruction,27,11,16
Panyc,tichondrius,1002,warlock,destruction,23,11,12
Nicestrike,barthilas,998,warlock,destruction,24,12,12
Opple,burning-legion,996,warlock,destruction,39,12,27
Dex,jubeithos,991,warlock,destruction,183,70,113
Evierine,zuljin,990,warlock,destruction,14,11,3
Earllock,stormrage,990,warlock,destruction,20,11,9
Playdizzle,frostmourne,989,warlock,destruction,26,11,15
Wingzerø,tichondrius,988,warlock,destruction,23,11,12
Soderbergh,area-52,988,warlock,destruction,66,26,40
Ozric,quelthalas,987,warlock,destruction,20,12,8
Fëâr,trollbane,983,warlock,destruction,24,11,13
Wárbaby,area-52,982,warlock,destruction,91,41,50
Hanoaa,tichondrius,975,warlock,destruction,11,11,0
Falcarr,proudmoore,969,warlock,destruction,125,49,76
Anubís,vashj,963,warlock,destruction,29,11,18
Teclic,thrall,961,warlock,destruction,96,44,52
Letmecastpls,tichondrius,960,warlock,destruction,12,10,2
Wolfibi,tichondrius,960,warlock,destruction,12,10,2
Lockbtw,altar-of-storms,960,warlock,destruction,12,10,2
Mesw,tichondrius,960,warlock,destruction,12,10,2
Jaboy,dragonmaw,960,warlock,destruction,12,10,2
Kammuany,sargeras,960,warlock,destruction,12,10,2
Púp,bleeding-hollow,960,warlock,destruction,12,10,2
Afrikenx,tichondrius,960,warlock,destruction,12,10,2
Foxbolt,tichondrius,960,warlock,destruction,12,10,2
Droppindotz,dunemaul,960,warlock,destruction,12,10,2
Lilshedon,kelthuzad,960,warlock,destruction,12,10,2
Defukd,proudmoore,960,warlock,destruction,12,10,2
Fxckyuo,tichondrius,960,warlock,destruction,12,10,2
Hogw,illidan,960,warlock,destruction,12,10,2
Icecokepeach,black-dragonflight,960,warlock,destruction,12,10,2
Adonegege,tichondrius,960,warlock,destruction,12,10,2
Zlippery,barthilas,960,warlock,destruction,16,11,5
Savagetheron,korgath,960,warlock,destruction,30,18,12
Moóndust,bleeding-hollow,960,warlock,destruction,18,10,8
Spicyfingerx,illidan,960,warlock,destruction,18,10,8
Kovid,dalaran,960,warlock,destruction,18,10,8
Solflames,stormrage,960,warlock,destruction,18,10,8
Phøbøs,hyjal,960,warlock,destruction,18,10,8
Veryezgame,tichondrius,960,warlock,destruction,18,10,8
Busterbob,tichondrius,960,warlock,destruction,18,10,8
Baka,moon-guard,960,warlock,destruction,18,10,8
Medivhz,tichondrius,960,warlock,destruction,18,10,8
Reflexlock,malganis,960,warlock,destruction,24,10,14
Gneçro,area-52,960,warlock,destruction,24,10,14
Foxar,stormrage,959,warlock,destruction,12,10,2
Hexxorcism,bleeding-hollow,959,warlock,destruction,12,10,2
Candylock,blackrock,959,warlock,destruction,12,10,2
Percaddict,illidan,959,warlock,destruction,12,10,2
Daisyridley,frostmourne,959,warlock,destruction,12,10,2
Gregfearnrun,area-52,959,warlock,destruction,16,11,5
Juiçédaddy,aggramar,959,warlock,destruction,18,10,8
Kxäs,ragnaros,959,warlock,destruction,18,10,8
Years,moon-guard,959,warlock,destruction,18,10,8
Bktheruler,tichondrius,959,warlock,destruction,18,10,8
Elkane,area-52,959,warlock,destruction,18,10,8
Cursé,area-52,959,warlock,destruction,18,10,8
Notatryhard,emerald-dream,959,warlock,destruction,18,10,8
Locksama,area-52,959,warlock,destruction,18,10,8
Teppss,sargeras,959,warlock,destruction,18,10,8
Dotnrunn,kelthuzad,959,warlock,destruction,18,10,8
Lockafloka,thrall,959,warlock,destruction,18,10,8
Cleanhouse,whisperwind,959,warlock,destruction,27,11,16
Mørgoth,thrall,958,warlock,destruction,18,10,8
Taye,barthilas,958,warlock,destruction,18,10,8
Kuyog,illidan,958,warlock,destruction,18,10,8
Friendsalt,frostmourne,958,warlock,destruction,18,10,8
Gibkii,tichondrius,958,warlock,destruction,21,11,10
Miggazzizle,senjin,958,warlock,destruction,24,12,12
Evilorangé,illidan,958,warlock,destruction,24,10,14
Gulliftonan,zuljin,958,warlock,destruction,37,11,26
Diabolous,malganis,957,warlock,destruction,18,10,8
Kåos,kelthuzad,957,warlock,destruction,18,10,8
Stachybotrys,burning-blade,957,warlock,destruction,18,10,8
Xerozus,tichondrius,957,warlock,destruction,18,10,8
Daedalesh,moon-guard,957,warlock,destruction,18,10,8
Tromeo,sargeras,957,warlock,destruction,24,10,14
Jaybro,thaurissan,957,warlock,destruction,24,10,14
Necrófear,tichondrius,957,warlock,destruction,30,10,20
Sacrifices,sargeras,956,warlock,destruction,12,10,2
Wartoyy,uldum,956,warlock,destruction,18,10,8
Dårkfyre,kiljaeden,956,warlock,destruction,18,10,8
Wømanizer,azralon,956,warlock,destruction,18,10,8
Ragnalock,laughing-skull,956,warlock,destruction,18,10,8
Raidspot,bleeding-hollow,956,warlock,destruction,24,10,14
Yungwilly,silvermoon,956,warlock,destruction,24,10,14
Briside,malganis,955,warlock,destruction,18,10,8
Zaintv,illidan,955,warlock,destruction,18,10,8
Hellslayer,frostmourne,955,warlock,destruction,24,10,14
Dotcòm,illidan,955,warlock,destruction,24,10,14
Redbro,darkspear,955,warlock,destruction,24,10,14
Amgamgamg,hyjal,955,warlock,destruction,24,10,14
Veleseth,stormrage,955,warlock,destruction,30,10,20
Moxilli,malganis,955,warlock,destruction,30,10,20
Oogießöögie,illidan,954,warlock,destruction,30,10,20
Plaugewolf,azgalor,953,warlock,destruction,66,31,35
Holdmybeard,senjin,953,warlock,destruction,24,10,14
Seniorshneef,emerald-dream,953,warlock,destruction,24,10,14
Psionyde,barthilas,953,warlock,destruction,24,10,14
Punjj,jubeithos,952,warlock,destruction,18,10,8
Huuchie,moon-guard,951,warlock,destruction,18,10,8
Vansa,caelestrasz,951,warlock,destruction,24,10,14
Puscifear,azralon,951,warlock,destruction,30,10,20
Sojupain,kaelthas,950,warlock,destruction,12,10,2
Graced,stormrage,950,warlock,destruction,24,10,14
Xenagos,antonidas,950,warlock,destruction,40,13,27
Dmgcrit,destromath,948,warlock,destruction,18,10,8
Schwaan,bladefist,947,warlock,destruction,67,31,36
Sinissa,ysondre,945,warlock,destruction,22,11,11
Cursé,stormrage,944,warlock,destruction,18,10,8
Tihslil,shuhalo,944,warlock,destruction,66,34,32
Picakil,lightnings-blade,944,warlock,destruction,24,10,14
Darkhadouken,sargeras,944,warlock,destruction,24,10,14
Marlett,destromath,943,warlock,destruction,223,116,107
Exitiumm,malygos,942,warlock,destruction,23,10,13
Apothokary,stormrage,941,warlock,destruction,24,10,14
Moz,sargeras,940,warlock,destruction,23,10,13
Damneddog,laughing-skull,940,warlock,destruction,39,12,27
Babbidi,area-52,939,warlock,destruction,24,10,14
Mystikcloak,lightbringer,938,warlock,destruction,43,23,20
Loçkshow,hyjal,938,warlock,destruction,24,10,14
Saicinxd,darkspear,931,warlock,destruction,23,10,13
Shadymagic,nazjatar,929,warlock,destruction,58,25,33
Myshadow,gorefiend,928,warlock,destruction,75,34,41
Moramont,stormrage,926,warlock,destruction,14,11,3
Astarõth,zuljin,926,warlock,destruction,26,11,15
Sasseypeach,frostmourne,923,warlock,destruction,18,10,8
Downing,drakkari,921,warlock,destruction,144,68,76
Twohandedkil,stormrage,920,warlock,destruction,26,11,15
Keleiron,velen,916,warlock,destruction,18,10,8
Aliceðupree,darkspear,915,warlock,destruction,78,33,45
Britnyfears,korgath,915,warlock,destruction,28,10,18
Moërk,quelthalas,910,warlock,destruction,17,10,7
Yateshall,illidan,910,warlock,destruction,17,10,7
Xekk,wyrmrest-accord,910,warlock,destruction,23,10,13
Voodoowan,bleeding-hollow,905,warlock,destruction,23,10,13
Virûs,vashj,904,warlock,destruction,14,11,3
Yeniza,illidan,904,warlock,destruction,21,11,10
Dihva,malganis,904,warlock,destruction,27,12,15
Lockyy,khaz-modan,904,warlock,destruction,26,11,15
Lunazz,tichondrius,895,warlock,destruction,17,11,6
Fiennx,dalaran,894,warlock,destruction,17,10,7
Rakudemon,ragnaros,894,warlock,destruction,20,10,10
Alliciia,area-52,892,warlock,destruction,29,12,17
Wompastompah,tanaris,886,warlock,destruction,32,10,22
Studathlete,tichondrius,879,warlock,destruction,19,10,9
Erindevil,demon-soul,878,warlock,destruction,24,10,14
Pyria,boulderfist,877,warlock,destruction,13,10,3
Feladrae,wyrmrest-accord,872,warlock,destruction,83,27,56
Halix,emerald-dream,866,warlock,destruction,27,10,17
Brewtankl,tichondrius,864,warlock,destruction,12,9,3
Baddummy,tichondrius,864,warlock,destruction,12,9,3
Cirï,hellscream,864,warlock,destruction,12,9,3
Voidsoda,whisperwind,864,warlock,destruction,12,9,3
Ziffy,emerald-dream,864,warlock,destruction,12,9,3
Høçúspøçùs,bladefist,864,warlock,destruction,12,9,3
Crnowarlock,area-52,864,warlock,destruction,12,9,3
Wtfcowisownz,illidan,864,warlock,destruction,12,9,3
Lysitheä,moon-guard,864,warlock,destruction,12,9,3
Darthnattydb,sargeras,864,warlock,destruction,12,9,3
Diljit,illidan,864,warlock,destruction,12,9,3
Drezx,frostmourne,864,warlock,destruction,12,9,3
Bonita,garona,864,warlock,destruction,12,9,3
Animarex,tichondrius,864,warlock,destruction,12,9,3
Pengliyuaner,illidan,864,warlock,destruction,12,9,3
Frustration,darkspear,864,warlock,destruction,12,9,3
Cutefgt,barthilas,864,warlock,destruction,12,9,3
Matthewx,stormrage,864,warlock,destruction,12,9,3
Dearyuanlove,tichondrius,864,warlock,destruction,12,9,3
Yooseok,tichondrius,864,warlock,destruction,12,9,3
Buttcinders,bleeding-hollow,864,warlock,destruction,12,9,3
Lokiy,ragnaros,864,warlock,destruction,12,9,3
Khaozx,ragnaros,864,warlock,destruction,12,9,3
Judgethedots,bleeding-hollow,864,warlock,destruction,18,9,9
Miroir,illidan,864,warlock,destruction,18,9,9
Voidxo,tichondrius,864,warlock,destruction,18,9,9
Blair,wildhammer,864,warlock,destruction,18,9,9
Eazyw,stormrage,864,warlock,destruction,18,9,9
Baconmuffin,tichondrius,864,warlock,destruction,18,9,9
Drossx,illidan,864,warlock,destruction,18,9,9
Uggaboogga,malganis,864,warlock,destruction,18,9,9
Woopie,malfurion,864,warlock,destruction,18,9,9
Rorvask,area-52,864,warlock,destruction,18,9,9
Ahrimaan,illidan,863,warlock,destruction,12,9,3
Dottemup,dalvengyr,863,warlock,destruction,12,9,3
Kathriss,frostmane,863,warlock,destruction,12,9,3
Slicktrik,stormrage,863,warlock,destruction,12,9,3
Pleaseno,tichondrius,863,warlock,destruction,12,9,3
Covidcorp,emerald-dream,863,warlock,destruction,12,9,3
Stambye,ragnaros,863,warlock,destruction,12,9,3
Darkguile,kiljaeden,863,warlock,destruction,12,9,3
Shooff,area-52,863,warlock,destruction,12,9,3
Schimdt,sargeras,863,warlock,destruction,12,9,3
Glergarby,stormscale,863,warlock,destruction,15,10,5
Connfused,illidan,863,warlock,destruction,18,9,9
Icantjuke,tichondrius,863,warlock,destruction,18,9,9
Hellweaver,amanthul,863,warlock,destruction,18,9,9
Minzyw,illidan,863,warlock,destruction,18,9,9
Rhabdo,ravenholdt,863,warlock,destruction,18,9,9
Ronnietherat,tichondrius,863,warlock,destruction,18,9,9
Manethail,aegwynn,863,warlock,destruction,18,9,9
Afflackxl,sargeras,863,warlock,destruction,18,9,9
Nicsb,caelestrasz,863,warlock,destruction,18,9,9
Firemike,kelthuzad,863,warlock,destruction,18,9,9
Durgamon,kirin-tor,863,warlock,destruction,18,9,9
Xajboltz,tichondrius,863,warlock,destruction,18,9,9
Zoboo,zuljin,863,warlock,destruction,18,9,9
Bhalthazar,staghelm,863,warlock,destruction,18,9,9
Limeriax,emerald-dream,863,warlock,destruction,18,9,9
Smellypig,barthilas,863,warlock,destruction,18,9,9
Rothmar,bleeding-hollow,863,warlock,destruction,18,9,9
Kyraleth,frostmourne,863,warlock,destruction,18,9,9
Nethron,the-venture-co,863,warlock,destruction,18,9,9
Cigárillo,thrall,863,warlock,destruction,24,9,15
Rokdas,area-52,863,warlock,destruction,24,9,15
Evianne,skywall,863,warlock,destruction,30,9,21
Dastruct,tichondrius,862,warlock,destruction,12,9,3
Çhåos,destromath,862,warlock,destruction,12,9,3
Mourinhoftw,illidan,862,warlock,destruction,12,9,3
Locklockdead,earthen-ring,862,warlock,destruction,12,9,3
Namig,aerie-peak,862,warlock,destruction,12,9,3
Sanzofunke,area-52,862,warlock,destruction,18,9,9
Duhdotsbruh,trollbane,862,warlock,destruction,18,9,9
Marbuldan,frostmourne,862,warlock,destruction,18,9,9
Thewkama,tichondrius,862,warlock,destruction,18,9,9
Lynnha,wyrmrest-accord,862,warlock,destruction,18,9,9
Uzag,mugthol,862,warlock,destruction,18,9,9
Galamarius,korgath,862,warlock,destruction,18,9,9
Dìabolos,frostmourne,862,warlock,destruction,18,9,9
Breaad,tichondrius,862,warlock,destruction,24,9,15
Tanathoz,thrall,862,warlock,destruction,28,10,18
Aveeda,malganis,861,warlock,destruction,12,9,3
Rruasst,tichondrius,861,warlock,destruction,18,9,9
Morzan,jubeithos,861,warlock,destruction,18,9,9
Aruotnof,nemesis,861,warlock,destruction,18,9,9
Zekela,arthas,861,warlock,destruction,18,9,9
Blackwlk,tichondrius,861,warlock,destruction,24,9,15
Walleyemike,kelthuzad,861,warlock,destruction,24,9,15
Squatonmydot,azgalor,860,warlock,destruction,18,9,9
Twospliff,sargeras,860,warlock,destruction,22,10,12
Tidepodd,bonechewer,860,warlock,destruction,23,9,14
Damdochael,bleeding-hollow,860,warlock,destruction,24,9,15
Xiano,mannoroth,859,warlock,destruction,12,9,3
Demonchurch,area-52,859,warlock,destruction,18,9,9
Fapchat,silvermoon,859,warlock,destruction,18,9,9
Sargrath,ragnaros,859,warlock,destruction,44,17,27
Darksòúl,stormrage,859,warlock,destruction,24,9,15
Snailbite,tichondrius,859,warlock,destruction,24,9,15
Anubrikhan,wyrmrest-accord,858,warlock,destruction,18,9,9
Rudeuss,kiljaeden,857,warlock,destruction,18,9,9
Sarkahn,sargeras,856,warlock,destruction,12,9,3
Damagexx,the-underbog,855,warlock,destruction,18,9,9
Chewpawcabra,tichondrius,855,warlock,destruction,23,11,12
Teedub,thrall,854,warlock,destruction,24,9,15
Alagau,sargeras,853,warlock,destruction,12,9,3
Kurtcodrain,blackhand,853,warlock,destruction,24,9,15
Anúbis,farstriders,852,warlock,destruction,24,9,15
Rôver,crushridge,851,warlock,destruction,39,16,23
Klummzy,tichondrius,850,warlock,destruction,18,9,9
Vampir,hellscream,850,warlock,destruction,24,9,15
Juan,borean-tundra,850,warlock,destruction,24,9,15
Doomtome,moon-guard,850,warlock,destruction,38,9,29
Evolda,tichondrius,848,warlock,destruction,30,12,18
Dotvador,dalaran,844,warlock,destruction,29,9,20
Xîon,nagrand,843,warlock,destruction,12,9,3
Deathwishiz,tichondrius,840,warlock,destruction,24,9,15
Lockyßalboa,the-venture-co,835,warlock,destruction,18,9,9
Plaguelnc,illidan,831,warlock,destruction,16,10,6
Broddx,sargeras,831,warlock,destruction,17,9,8
Maxfx,tichondrius,830,warlock,destruction,14,10,4
Oppaijuggler,tichondrius,816,warlock,destruction,21,9,12
Cheêsyx,tichondrius,815,warlock,destruction,17,9,8
Chaospump,frostmourne,815,warlock,destruction,17,9,8
Liftthatbox,undermine,814,warlock,destruction,24,9,15
Sixxlol,malganis,813,warlock,destruction,23,9,14
Metamòrph,malganis,810,warlock,destruction,16,10,6
Donutx,illidan,799,warlock,destruction,14,9,5
Middot,area-52,799,warlock,destruction,16,9,7
Timerad,maelstrom,797,warlock,destruction,89,30,59
Ravenlocks,illidan,796,warlock,destruction,26,9,17
Boltspam,moon-guard,795,warlock,destruction,16,9,7
Elyzier,gallywix,786,warlock,destruction,66,27,39
Dumbfknclass,malganis,768,warlock,destruction,12,8,4
Searinox,scilla,768,warlock,destruction,12,8,4
Ayedss,dalaran,768,warlock,destruction,12,8,4
Felegance,proudmoore,768,warlock,destruction,12,8,4
Smeezles,frostmourne,768,warlock,destruction,12,8,4
Flavakid,malganis,768,warlock,destruction,12,8,4
Blocstar,proudmoore,768,warlock,destruction,12,8,4
Zoljinn,frostwolf,768,warlock,destruction,12,8,4
Fischh,hyjal,768,warlock,destruction,12,8,4
Xevari,zuljin,768,warlock,destruction,12,8,4
Esolock,malganis,768,warlock,destruction,12,8,4
Mcsquee,lightbringer,768,warlock,destruction,12,8,4
Halftism,sargeras,768,warlock,destruction,12,8,4
Levee,spirestone,768,warlock,destruction,12,8,4
Discordance,zuljin,768,warlock,destruction,12,8,4
Warlocknroll,frostmourne,768,warlock,destruction,12,8,4
Clorvenna,zuljin,768,warlock,destruction,12,8,4
Flackory,tichondrius,768,warlock,destruction,12,8,4
Koalafluffy,shadow-council,768,warlock,destruction,12,8,4
Rhelialock,icecrown,768,warlock,destruction,12,8,4
Isbrianpage,burning-blade,768,warlock,destruction,12,8,4
Démoniaque,garrosh,768,warlock,destruction,12,8,4
Slackjaww,kiljaeden,768,warlock,destruction,12,8,4
Warcoc,bleeding-hollow,768,warlock,destruction,12,8,4
Sokoz,dalaran,768,warlock,destruction,12,8,4
Hipnus,drakkari,768,warlock,destruction,12,8,4
Chaoscoach,sargeras,768,warlock,destruction,12,8,4
Elldiablo,darkspear,768,warlock,destruction,12,8,4
Starmove,proudmoore,768,warlock,destruction,12,8,4
Munje,bleeding-hollow,768,warlock,destruction,12,8,4
Necroferal,whisperwind,768,warlock,destruction,12,8,4
Soliaa,stormrage,768,warlock,destruction,12,8,4
Dancedark,tichondrius,768,warlock,destruction,12,8,4
Roopx,bleeding-hollow,768,warlock,destruction,12,8,4
Postitnotes,tichondrius,768,warlock,destruction,12,8,4
Râsh,tichondrius,768,warlock,destruction,12,8,4
Humanox,sargeras,768,warlock,destruction,12,8,4
Idoovoodoo,burning-legion,768,warlock,destruction,12,8,4
Aptukk,archimonde,768,warlock,destruction,12,8,4
Diznei,nemesis,768,warlock,destruction,12,8,4
Shinagae,tichondrius,768,warlock,destruction,12,8,4
Bopplock,tichondrius,768,warlock,destruction,12,8,4
Ronaspreader,tichondrius,768,warlock,destruction,12,8,4
Annantu,area-52,768,warlock,destruction,12,8,4
Rebolting,tichondrius,768,warlock,destruction,12,8,4
Elprup,tichondrius,768,warlock,destruction,12,8,4
Skylinel,tichondrius,768,warlock,destruction,12,8,4
Westtung,tichondrius,768,warlock,destruction,13,8,5
Ttk,tichondrius,768,warlock,destruction,14,8,6
Metic,firetree,768,warlock,destruction,16,9,7
Oxtheog,sargeras,768,warlock,destruction,18,8,10
Furryfears,gurubashi,768,warlock,destruction,18,8,10
Iniboltquity,tichondrius,768,warlock,destruction,18,8,10
Kallym,azralon,768,warlock,destruction,18,8,10
Rashiko,bleeding-hollow,768,warlock,destruction,18,8,10
Mônkêy,kelthuzad,768,warlock,destruction,18,8,10
Westhofxx,sargeras,768,warlock,destruction,18,8,10
Demfearslol,terokkar,768,warlock,destruction,18,8,10
Dethknell,stormrage,768,warlock,destruction,18,8,10
Viejita,quelthalas,768,warlock,destruction,18,8,10
Xaviier,sargeras,767,warlock,destruction,12,8,4
Darthtequila,stormrage,767,warlock,destruction,12,8,4
Rylal,illidan,767,warlock,destruction,12,8,4
Feldune,sargeras,767,warlock,destruction,12,8,4
Dwight,kargath,767,warlock,destruction,12,8,4
Ravessa,area-52,767,warlock,destruction,12,8,4
Alastoorx,ragnaros,767,warlock,destruction,12,8,4
Yonz,area-52,767,warlock,destruction,12,8,4
Kruder,tichondrius,767,warlock,destruction,12,8,4
Coil,kiljaeden,767,warlock,destruction,12,8,4
Doman,thorium-brotherhood,767,warlock,destruction,12,8,4
Accentuate,tichondrius,767,warlock,destruction,12,8,4
Siverus,spirestone,767,warlock,destruction,18,8,10
Supergainz,emerald-dream,767,warlock,destruction,18,8,10
Misscháos,malganis,767,warlock,destruction,18,8,10
Babubabub,azralon,767,warlock,destruction,18,8,10
Javinou,tichondrius,767,warlock,destruction,18,8,10
Aldaill,moon-guard,767,warlock,destruction,18,8,10
Féår,tichondrius,767,warlock,destruction,18,8,10
Mèrríck,illidan,767,warlock,destruction,18,8,10
Zeromech,sargeras,767,warlock,destruction,18,8,10
Skirnir,tichondrius,767,warlock,destruction,18,8,10
Katsurägi,tichondrius,767,warlock,destruction,18,8,10
Felpuppet,barthilas,767,warlock,destruction,18,8,10
Síkaría,malganis,767,warlock,destruction,18,8,10
Inkkubus,lightninghoof,767,warlock,destruction,18,8,10
Mangdaemon,silvermoon,767,warlock,destruction,18,8,10
Soundtrack,quelthalas,767,warlock,destruction,18,8,10
Bludlock,illidan,767,warlock,destruction,18,8,10
Abramerlin,tichondrius,767,warlock,destruction,18,8,10
Says,gorefiend,767,warlock,destruction,18,8,10
Lokkup,dalaran,767,warlock,destruction,18,8,10
Itsmeagain,area-52,767,warlock,destruction,24,8,16
Spicytaters,malganis,767,warlock,destruction,24,8,16
Blxzed,bonechewer,767,warlock,destruction,24,8,16
Doubledigit,tichondrius,766,warlock,destruction,12,8,4
Assaulttron,wyrmrest-accord,766,warlock,destruction,12,8,4
Devdolittle,tichondrius,766,warlock,destruction,12,8,4
Raglans,amanthul,766,warlock,destruction,12,8,4
Cytosine,medivh,766,warlock,destruction,18,8,10
Mlmcoachx,tichondrius,766,warlock,destruction,18,8,10
Abyssamcdoom,sargeras,766,warlock,destruction,18,8,10
Uncann,bleeding-hollow,766,warlock,destruction,18,8,10
Wahgasm,area-52,766,warlock,destruction,24,8,16
Spiritofodin,grizzly-hills,765,warlock,destruction,12,8,4
Wrathfull,malganis,765,warlock,destruction,12,8,4
Rurnt,bloodhoof,765,warlock,destruction,12,8,4
Lockblade,tichondrius,765,warlock,destruction,18,8,10
Wakkundoe,tichondrius,765,warlock,destruction,24,8,16
Flameonz,black-dragonflight,765,warlock,destruction,30,8,22
Ragnorök,medivh,764,warlock,destruction,18,8,10
Guinegobbler,hyjal,764,warlock,destruction,20,8,12
Zohhan,tichondrius,764,warlock,destruction,24,8,16
Cyd,muradin,764,warlock,destruction,24,8,16
Esoo,kul-tiras,763,warlock,destruction,12,8,4
Caryn,dalaran,763,warlock,destruction,18,8,10
Speedlock,daggerspine,763,warlock,destruction,24,8,16
Theadmin,deathwing,763,warlock,destruction,30,8,22
Disrespex,kelthuzad,762,warlock,destruction,18,8,10
Djfear,tichondrius,762,warlock,destruction,18,8,10
Miuda,malygos,762,warlock,destruction,18,8,10
Nightblloom,illidan,762,warlock,destruction,18,8,10
Degynlock,wyrmrest-accord,762,warlock,destruction,24,8,16
Larsiezwei,spirestone,762,warlock,destruction,24,8,16
Shooterg,tichondrius,761,warlock,destruction,18,8,10
Xandemic,tichondrius,760,warlock,destruction,12,8,4
Dirkdingle,tichondrius,760,warlock,destruction,18,8,10
Lockmonster,blades-edge,757,warlock,destruction,72,26,46
Demontae,nathrezim,741,warlock,destruction,18,8,10
Guwop,sargeras,735,warlock,destruction,17,8,9
Howsitgoin,kelthuzad,735,warlock,destruction,21,9,12
Fellraiser,bleeding-hollow,720,warlock,destruction,15,8,7
Thuglovex,sargeras,719,warlock,destruction,11,8,3
Sotera,bleeding-hollow,719,warlock,destruction,11,8,3
Ghsehs,tichondrius,719,warlock,destruction,11,8,3
Bradella,proudmoore,718,warlock,destruction,15,8,7
Silverfire,ragnaros,718,warlock,destruction,17,8,9
Rickylakess,ragnaros,718,warlock,destruction,22,8,14
Lökdown,dalaran,714,warlock,destruction,15,11,4
Zycas,tichondrius,713,warlock,destruction,17,10,7
Valthander,drakkari,713,warlock,destruction,20,9,11
Noosk,zuluhed,704,warlock,destruction,16,8,8
Disclamer,tichondrius,704,warlock,destruction,16,8,8
Lilsquirts,kelthuzad,704,warlock,destruction,16,8,8
Ihaveapowers,maiev,703,warlock,destruction,11,8,3
Bäbz,barthilas,703,warlock,destruction,11,8,3
Tinyjo,sargeras,703,warlock,destruction,11,8,3
Cubanlock,aegwynn,703,warlock,destruction,11,8,3
Demotional,wyrmrest-accord,703,warlock,destruction,14,8,6
Mingy,dragonmaw,703,warlock,destruction,16,8,8
Liljamie,stormrage,703,warlock,destruction,17,8,9
Perfsx,bleeding-hollow,703,warlock,destruction,20,8,12
Nozixx,thrall,703,warlock,destruction,22,8,14
Screampied,sargeras,699,warlock,destruction,20,8,12
Ðëthbríngèr,jubeithos,688,warlock,destruction,19,8,11
Surleshilla,malganis,688,warlock,destruction,19,8,11
Boltondahoes,sargeras,686,warlock,destruction,13,8,5
Zunlock,tichondrius,681,warlock,destruction,26,11,15
Nokturnal,norgannon,673,warlock,destruction,22,9,13
Getfeared,emerald-dream,672,warlock,destruction,10,8,2
Qayin,azralon,672,warlock,destruction,12,7,5
Solohairy,blades-edge,672,warlock,destruction,12,7,5
Brujoroba,drakkari,672,warlock,destruction,12,7,5
Aegywn,gorgonnash,672,warlock,destruction,12,7,5
Lambchops,sargeras,672,warlock,destruction,12,7,5
Rockalock,burning-blade,672,warlock,destruction,12,7,5
Charognart,lightninghoof,672,warlock,destruction,12,7,5
Frùgle,sargeras,672,warlock,destruction,12,7,5
Sylvarri,stormrage,672,warlock,destruction,12,7,5
Toomanymind,stormrage,672,warlock,destruction,12,7,5
Westhofz,sargeras,672,warlock,destruction,12,7,5
Oreganow,icecrown,672,warlock,destruction,12,7,5
Iñdåçut,bleeding-hollow,672,warlock,destruction,12,7,5
Deidax,sargeras,672,warlock,destruction,12,7,5
Tamzin,kelthuzad,672,warlock,destruction,12,7,5
Dipgodx,bleeding-hollow,672,warlock,destruction,12,7,5
Castiglione,malganis,672,warlock,destruction,12,7,5
Méphisto,emerald-dream,672,warlock,destruction,12,7,5
Demí,zuljin,672,warlock,destruction,12,7,5
Stîgz,stormrage,672,warlock,destruction,12,7,5
Xinzu,sargeras,672,warlock,destruction,12,7,5
Ouijafaps,sargeras,672,warlock,destruction,12,7,5
Pherixl,sargeras,672,warlock,destruction,12,7,5
Diabòlical,sargeras,672,warlock,destruction,12,7,5
Bluchok,kalecgos,672,warlock,destruction,12,7,5
Monkeyasslol,sargeras,672,warlock,destruction,12,7,5
Alterity,kelthuzad,672,warlock,destruction,12,7,5
Washeeba,tichondrius,672,warlock,destruction,12,7,5
Tomathus,moon-guard,672,warlock,destruction,12,7,5
Cancer,bloodscalp,672,warlock,destruction,12,7,5
Bigjersey,illidan,672,warlock,destruction,12,7,5
Phishdots,tichondrius,672,warlock,destruction,12,7,5
Tatordotzz,tichondrius,672,warlock,destruction,12,7,5
Norosaki,thrall,672,warlock,destruction,12,7,5
Clingrita,tichondrius,672,warlock,destruction,12,7,5
Rothslock,tichondrius,672,warlock,destruction,12,7,5
Dealindoug,bonechewer,672,warlock,destruction,12,7,5
Elanfel,thrall,672,warlock,destruction,12,7,5
Kuaa,illidan,672,warlock,destruction,12,7,5
Iboltudie,tichondrius,672,warlock,destruction,12,7,5
Fantumz,illidan,672,warlock,destruction,12,7,5
Buypork,tichondrius,672,warlock,destruction,12,7,5
Mokfernal,tichondrius,672,warlock,destruction,12,7,5
Callofzevoid,tichondrius,672,warlock,destruction,12,7,5
Mesiauz,stormrage,672,warlock,destruction,12,7,5
Pillock,bleeding-hollow,672,warlock,destruction,12,7,5
Graendol,tichondrius,672,warlock,destruction,12,7,5
Sàill,tichondrius,672,warlock,destruction,12,7,5
Bigherobolts,tichondrius,672,warlock,destruction,12,7,5
Morganach,moon-guard,672,warlock,destruction,12,7,5
Yellowfevr,thrall,672,warlock,destruction,12,7,5
Kountdrakula,tichondrius,672,warlock,destruction,12,7,5
Kimchiblast,tichondrius,672,warlock,destruction,12,7,5
Glizzÿ,thrall,672,warlock,destruction,12,7,5
Puvvo,tichondrius,672,warlock,destruction,12,7,5
Alìen,barthilas,672,warlock,destruction,12,7,5
Felforyouu,illidan,672,warlock,destruction,12,7,5
Nolb,tichondrius,672,warlock,destruction,12,7,5
Yeeaahhbuddy,frostmourne,672,warlock,destruction,12,7,5
Drakatat,tichondrius,672,warlock,destruction,12,7,5
Dötkill,illidan,672,warlock,destruction,12,7,5
Locker,darkspear,672,warlock,destruction,12,7,5
Muffinrat,sargeras,672,warlock,destruction,20,8,12
Girthlock,tichondrius,672,warlock,destruction,18,7,11
Zareke,silvermoon,672,warlock,destruction,18,7,11
Synysta,frostmourne,672,warlock,destruction,18,7,11
Spacedots,illidan,672,warlock,destruction,18,7,11
Bergerak,tichondrius,672,warlock,destruction,18,7,11
Css,thrall,672,warlock,destruction,18,7,11
Bazeni,frostmourne,672,warlock,destruction,18,7,11
Ratlock,chogall,672,warlock,destruction,18,7,11
Luciusvrenus,tichondrius,672,warlock,destruction,18,7,11
Salanivan,echo-isles,672,warlock,destruction,18,7,11
Vihxy,moon-guard,672,warlock,destruction,18,7,11
Zantology,frostmourne,672,warlock,destruction,18,7,11
Shädowflame,bleeding-hollow,672,warlock,destruction,18,7,11
Lilintrovert,illidan,672,warlock,destruction,18,7,11
Ivanux,quelthalas,672,warlock,destruction,18,7,11
Nerfmyfears,frostmourne,672,warlock,destruction,18,7,11
Anasúi,quelthalas,672,warlock,destruction,18,7,11
Onedeagedlol,frostmourne,672,warlock,destruction,18,7,11
Errogant,area-52,672,warlock,destruction,18,7,11
Pourmeup,stormrage,672,warlock,destruction,18,7,11
Yurick,frostmourne,672,warlock,destruction,18,7,11
Pinkless,frostmourne,672,warlock,destruction,18,7,11
Littlepiece,stormrage,672,warlock,destruction,18,7,11
Gabagøøl,illidan,672,warlock,destruction,18,7,11
Butterbolts,aerie-peak,672,warlock,destruction,18,7,11
Baconmarty,emerald-dream,672,warlock,destruction,24,7,17
Krillz,quelthalas,671,warlock,destruction,12,7,5
Mssloock,dalaran,671,warlock,destruction,12,7,5
Mérli,quelthalas,671,warlock,destruction,12,7,5
Zms,ragnaros,671,warlock,destruction,12,7,5
Polluticorn,korgath,671,warlock,destruction,12,7,5
Zyraxx,moon-guard,671,warlock,destruction,12,7,5
Azâziel,ragnaros,671,warlock,destruction,12,7,5
Hudsonse,eitrigg,671,warlock,destruction,12,7,5
Crenth,ravencrest,671,warlock,destruction,12,7,5
Leroybrown,alterac-mountains,671,warlock,destruction,12,7,5
Darthgoku,area-52,671,warlock,destruction,12,7,5
Drskeeters,malganis,671,warlock,destruction,12,7,5
Narcan,arthas,671,warlock,destruction,12,7,5
Grimzo,mugthol,671,warlock,destruction,12,7,5
Deathtones,moon-guard,671,warlock,destruction,12,7,5
Pendïng,area-52,671,warlock,destruction,12,7,5
Rhisk,sargeras,671,warlock,destruction,12,7,5
Numbz,malganis,671,warlock,destruction,12,7,5
Espanol,magtheridon,671,warlock,destruction,12,7,5
Xnyjhgih,tichondrius,671,warlock,destruction,12,7,5
Biznam,tichondrius,671,warlock,destruction,12,7,5
Norastrum,area-52,671,warlock,destruction,12,7,5
Zeraphil,area-52,671,warlock,destruction,12,7,5
Demosthenes,nazjatar,671,warlock,destruction,12,7,5
Sorenbjerga,zuljin,671,warlock,destruction,12,7,5
Bhupzy,barthilas,671,warlock,destruction,12,7,5
Choas,jaedenar,671,warlock,destruction,12,7,5
Implivesmatr,area-52,671,warlock,destruction,12,7,5
Eldïablo,stormrage,671,warlock,destruction,18,7,11
Marothredd,nathrezim,671,warlock,destruction,18,7,11
Cuteasianpov,kiljaeden,671,warlock,destruction,18,7,11
Jvilla,tichondrius,671,warlock,destruction,18,7,11
Flocka,agamaggan,671,warlock,destruction,18,7,11
Kachauwoo,kiljaeden,671,warlock,destruction,18,7,11
Mtm,sargeras,671,warlock,destruction,18,7,11
Wollylock,dark-iron,671,warlock,destruction,18,7,11
Arkangel,dalvengyr,671,warlock,destruction,18,7,11
Lübelock,illidan,671,warlock,destruction,18,7,11
Purplehatred,area-52,671,warlock,destruction,18,7,11
Vetislock,thrall,671,warlock,destruction,18,7,11
Fulc,area-52,671,warlock,destruction,18,7,11
Shadowpainn,the-underbog,671,warlock,destruction,18,7,11
Dahakalock,malganis,671,warlock,destruction,18,7,11
Sweatysauce,tichondrius,671,warlock,destruction,18,7,11
Avoidahoe,sargeras,671,warlock,destruction,18,7,11
Vorituuray,moon-guard,671,warlock,destruction,18,7,11
Jazabeth,zuljin,671,warlock,destruction,22,7,15
Gulrenk,azralon,671,warlock,destruction,27,8,19
Familjia,nagrand,671,warlock,destruction,24,7,17
Tørturë,tichondrius,670,warlock,destruction,12,7,5
Amilkman,area-52,670,warlock,destruction,12,7,5
Cazadorius,jubeithos,670,warlock,destruction,13,7,6
Heartpvp,tichondrius,670,warlock,destruction,18,7,11
Zaxry,malganis,670,warlock,destruction,18,7,11
Jiwonpark,goldrinn,670,warlock,destruction,18,7,11
Revenancer,smolderthorn,669,warlock,destruction,12,7,5
Kristenßell,senjin,669,warlock,destruction,12,7,5
Dethnome,sargeras,669,warlock,destruction,17,7,10
Helsinglevel,emerald-dream,669,warlock,destruction,18,7,11
Ailliforlune,illidan,669,warlock,destruction,22,8,14
Gorski,frostwolf,668,warlock,destruction,12,7,5
Sneakywarlok,dalaran,668,warlock,destruction,19,7,12
Deathjerky,thrall,667,warlock,destruction,12,7,5
Anahaldever,fenris,667,warlock,destruction,12,7,5
Locknchaos,jubeithos,666,warlock,destruction,12,7,5
Twixx,bleeding-hollow,666,warlock,destruction,12,7,5
Fartonomus,illidan,658,warlock,destruction,18,7,11
Meerline,ragnaros,654,warlock,destruction,16,9,7
Saltboi,azjolnerub,640,warlock,destruction,16,7,9
Truffleseed,tichondrius,640,warlock,destruction,16,7,9
Felse,stormrage,640,warlock,destruction,22,7,15
Voidxx,tichondrius,639,warlock,destruction,11,7,4
Fel,khadgar,639,warlock,destruction,14,8,6
Demondan,magtheridon,638,warlock,destruction,23,7,16
Hateslocks,bladefist,637,warlock,destruction,22,7,15
Sooshi,malganis,634,warlock,destruction,18,10,8
Pandemone,proudmoore,624,warlock,destruction,15,7,8
Seregå,skywall,623,warlock,destruction,11,7,4
Famouslos,anetheron,623,warlock,destruction,23,7,16
Helpimdýing,sargeras,622,warlock,destruction,21,7,14
Fênrîr,moon-guard,618,warlock,destruction,17,9,8
Marty,stormrage,618,warlock,destruction,21,8,13
Lazzarros,area-52,618,warlock,destruction,22,8,14
Pontoontim,mugthol,617,warlock,destruction,20,8,12
Fancynuts,kiljaeden,607,warlock,destruction,11,7,4
Huajianmanwu,tichondrius,607,warlock,destruction,14,7,7
Furrlokc,tichondrius,607,warlock,destruction,16,7,9
Peacelöck,area-52,606,warlock,destruction,11,7,4
Prahvstein,shuhalo,602,warlock,destruction,14,7,7
Federkleid,nemesis,590,warlock,destruction,19,8,11
Freyanna,moon-guard,588,warlock,destruction,19,7,12
Yzqer,stormrage,576,warlock,destruction,6,6,0
Menggoth,tichondrius,576,warlock,destruction,6,6,0
Damn,stormreaver,576,warlock,destruction,6,6,0
Brennis,sargeras,576,warlock,destruction,6,6,0
Wallrock,tichondrius,576,warlock,destruction,6,6,0
Dogegg,tichondrius,576,warlock,destruction,6,6,0
Baiw,tichondrius,576,warlock,destruction,6,6,0
Jblock,zuljin,576,warlock,destruction,6,6,0
Hypexis,area-52,576,warlock,destruction,6,6,0
Paratex,thrall,576,warlock,destruction,6,6,0
Gabbagoul,sargeras,576,warlock,destruction,6,6,0
Fears,norgannon,576,warlock,destruction,6,6,0
Winipuhmalo,quelthalas,576,warlock,destruction,6,6,0
Kòngal,tichondrius,576,warlock,destruction,6,6,0
Malevolent,velen,576,warlock,destruction,6,6,0
Zyntowin,bleeding-hollow,576,warlock,destruction,6,6,0
Schrader,sargeras,576,warlock,destruction,6,6,0
Demondrip,tichondrius,576,warlock,destruction,6,6,0
Usainboltzz,kelthuzad,576,warlock,destruction,6,6,0
Guitarpick,kelthuzad,576,warlock,destruction,6,6,0
Firehando,smolderthorn,576,warlock,destruction,6,6,0
Alexiosy,area-52,576,warlock,destruction,6,6,0
Raghnor,illidan,576,warlock,destruction,6,6,0
Mitchosx,frostmourne,576,warlock,destruction,6,6,0
Deliverances,kelthuzad,576,warlock,destruction,9,7,2
Nêlson,area-52,576,warlock,destruction,9,6,3
Broovid,tichondrius,576,warlock,destruction,13,7,6
Aphotick,thrall,576,warlock,destruction,12,6,6
Crimsonela,emerald-dream,576,warlock,destruction,12,6,6
Bléssédx,tichondrius,576,warlock,destruction,12,6,6
Iemonv,vashj,576,warlock,destruction,12,6,6
Lambe,tichondrius,576,warlock,destruction,12,6,6
Justignoreme,tichondrius,576,warlock,destruction,12,6,6
Souldrain,malganis,576,warlock,destruction,12,6,6
Zedonius,dragonmaw,576,warlock,destruction,12,6,6
Riggermortis,agamaggan,576,warlock,destruction,12,6,6
Kerës,sargeras,576,warlock,destruction,12,6,6
Doomhauzer,kiljaeden,576,warlock,destruction,12,6,6
Kaoticvirus,dragonmaw,576,warlock,destruction,12,6,6
Betrili,tichondrius,576,warlock,destruction,12,6,6
Impabuser,tichondrius,576,warlock,destruction,12,6,6
Diminish,sargeras,576,warlock,destruction,12,6,6
Lockboss,malganis,576,warlock,destruction,12,6,6
Bhris,wildhammer,576,warlock,destruction,12,6,6
Graingrippin,malganis,576,warlock,destruction,12,6,6
Cosmosxi,illidan,576,warlock,destruction,12,6,6
Medusablood,area-52,576,warlock,destruction,12,6,6
Ryzhen,area-52,576,warlock,destruction,12,6,6
Smashfacelck,tichondrius,576,warlock,destruction,12,6,6
Ixtab,gorefiend,576,warlock,destruction,12,6,6
Massivebolts,area-52,576,warlock,destruction,12,6,6
Zurdoow,area-52,576,warlock,destruction,12,6,6
Gagh,tichondrius,576,warlock,destruction,12,6,6
Jingzw,illidan,576,warlock,destruction,12,6,6
Strativarius,rexxar,576,warlock,destruction,12,6,6
Manalis,zuljin,576,warlock,destruction,12,6,6
Shigero,tichondrius,576,warlock,destruction,12,6,6
Instababe,stormrage,576,warlock,destruction,12,6,6
Lockmeupuwu,malganis,576,warlock,destruction,12,6,6
Stonks,ragnaros,576,warlock,destruction,12,6,6
Chipt,kelthuzad,576,warlock,destruction,12,6,6
Imortalchaos,dentarg,576,warlock,destruction,12,6,6
Limë,burning-blade,576,warlock,destruction,12,6,6
Hiro,steamwheedle-cartel,576,warlock,destruction,12,6,6
Grimmi,kelthuzad,576,warlock,destruction,12,6,6
Justgokes,bleeding-hollow,576,warlock,destruction,12,6,6
Drßöb,area-52,576,warlock,destruction,12,6,6
Coffeezx,malganis,576,warlock,destruction,12,6,6
Åchse,ragnaros,576,warlock,destruction,12,6,6
Kreemy,ysera,576,warlock,destruction,12,6,6
Quadrillion,stormrage,576,warlock,destruction,12,6,6
Athronak,malganis,576,warlock,destruction,12,6,6
Bogglersaurx,sargeras,576,warlock,destruction,12,6,6
Tomato,azjolnerub,576,warlock,destruction,12,6,6
Tlock,azjolnerub,576,warlock,destruction,12,6,6
Eboknight,area-52,576,warlock,destruction,12,6,6
Maarten,nagrand,576,warlock,destruction,12,6,6
Vravras,kelthuzad,576,warlock,destruction,12,6,6
Zephidel,thrall,576,warlock,destruction,12,6,6
Andrewpg,zuljin,576,warlock,destruction,12,6,6
Maèlstrom,area-52,576,warlock,destruction,12,6,6
Charmandfarm,nerzhul,576,warlock,destruction,12,6,6
Shredcoil,tichondrius,576,warlock,destruction,12,6,6
Riskydemon,azralon,576,warlock,destruction,12,6,6
Wonderlocks,sargeras,576,warlock,destruction,12,6,6
Lri,frostmourne,576,warlock,destruction,12,6,6
Meliodac,azralon,576,warlock,destruction,12,6,6
Fluffylockk,bloodscalp,576,warlock,destruction,12,6,6
Squirtwee,frostmourne,576,warlock,destruction,12,6,6
Sadist,area-52,576,warlock,destruction,12,6,6
Velvalla,chogall,576,warlock,destruction,12,6,6
Äbolished,illidan,576,warlock,destruction,12,6,6
Ðáyshéll,kelthuzad,576,warlock,destruction,12,6,6
Ezdüzit,sargeras,576,warlock,destruction,12,6,6
Pavél,ragnaros,576,warlock,destruction,12,6,6
Vietoutlaw,bronzebeard,576,warlock,destruction,12,6,6
Chabolt,tichondrius,576,warlock,destruction,12,6,6
Pepperbolt,emerald-dream,576,warlock,destruction,12,6,6
Beamin,dentarg,576,warlock,destruction,12,6,6
Salentsia,malganis,576,warlock,destruction,12,6,6
Flu,darkspear,576,warlock,destruction,12,6,6
Cunalia,sargeras,576,warlock,destruction,12,6,6
Wrongname,hakkar,576,warlock,destruction,12,6,6
Tonifortnite,emerald-dream,576,warlock,destruction,12,6,6
Sumrule,dreadmaul,576,warlock,destruction,12,6,6
Kulgar,aerie-peak,576,warlock,destruction,12,6,6
Kentus,moonrunner,576,warlock,destruction,12,6,6
Jessewheels,tichondrius,576,warlock,destruction,12,6,6
Fakecastxøxø,drakkari,576,warlock,destruction,12,6,6
Sn,dalaran,576,warlock,destruction,12,6,6
Geegas,malganis,576,warlock,destruction,12,6,6
Jördy,moon-guard,576,warlock,destruction,12,6,6
Gøhard,azralon,576,warlock,destruction,12,6,6
Gengar,dalaran,576,warlock,destruction,12,6,6
Legallydan,tichondrius,576,warlock,destruction,12,6,6
Kyliexd,sargeras,576,warlock,destruction,12,6,6
Karpawarlock,ragnaros,576,warlock,destruction,12,6,6
Lugar,barthilas,576,warlock,destruction,12,6,6
Bolèyn,moon-guard,576,warlock,destruction,12,6,6
Innerforce,tichondrius,576,warlock,destruction,12,6,6
Kingshane,malganis,576,warlock,destruction,12,6,6
Lucíela,ragnaros,576,warlock,destruction,12,6,6
Marinw,azralon,576,warlock,destruction,16,7,9
Decentraland,tichondrius,576,warlock,destruction,18,6,12
Pitou,akama,576,warlock,destruction,18,6,12
Curaven,emerald-dream,576,warlock,destruction,18,6,12
Darkfæ,kaelthas,576,warlock,destruction,18,6,12
Ràzy,frostmourne,576,warlock,destruction,18,6,12
Hellsmaster,stormreaver,576,warlock,destruction,18,6,12
Wzrdtrx,deathwing,576,warlock,destruction,18,6,12
Jinxdacat,shandris,576,warlock,destruction,18,6,12
Emptysoul,illidan,576,warlock,destruction,18,6,12
Lenestus,stormrage,576,warlock,destruction,18,6,12
Lõck,tichondrius,576,warlock,destruction,18,6,12
Berszerk,quelthalas,576,warlock,destruction,18,6,12
Tenletters,kirin-tor,576,warlock,destruction,18,6,12
Burninlegion,tichondrius,576,warlock,destruction,18,6,12
Esoteríc,sargeras,576,warlock,destruction,18,6,12
Whaleshark,terenas,576,warlock,destruction,18,6,12
Plutheros,stormrage,576,warlock,destruction,18,6,12
Coviddotsrot,sargeras,576,warlock,destruction,18,6,12
Locknes,kiljaeden,576,warlock,destruction,18,6,12
Lamdyn,moon-guard,576,warlock,destruction,18,6,12
Klisman,azralon,576,warlock,destruction,18,6,12
Voidelic,malganis,576,warlock,destruction,18,6,12
Mesrhine,laughing-skull,576,warlock,destruction,24,6,18
Kkuldan,tichondrius,576,warlock,destruction,24,6,18
Ezzthop,amanthul,575,warlock,destruction,6,6,0
Spamfearftw,sargeras,575,warlock,destruction,6,6,0
Rosebolt,nemesis,575,warlock,destruction,6,6,0
Neevius,barthilas,575,warlock,destruction,10,7,3
Daimon,kaelthas,575,warlock,destruction,12,6,6
Abovex,arygos,575,warlock,destruction,12,6,6
Cheekzz,illidan,575,warlock,destruction,12,6,6
Meltzz,area-52,575,warlock,destruction,12,6,6
Exedrin,wyrmrest-accord,575,warlock,destruction,12,6,6
Bruxetinha,stormrage,575,warlock,destruction,12,6,6
Noslock,aegwynn,575,warlock,destruction,12,6,6
Ÿoucantwin,kiljaeden,575,warlock,destruction,12,6,6
Baphomët,tichondrius,575,warlock,destruction,12,6,6
Pactman,sargeras,575,warlock,destruction,12,6,6
Anklebolter,alterac-mountains,575,warlock,destruction,12,6,6
Mathindis,ragnaros,575,warlock,destruction,12,6,6
Mium,bronzebeard,575,warlock,destruction,12,6,6
Greenjeans,greymane,575,warlock,destruction,12,6,6
Méhoe,bleeding-hollow,575,warlock,destruction,12,6,6
Rathianna,sargeras,575,warlock,destruction,12,6,6
Pegorn,illidan,575,warlock,destruction,12,6,6
Lockswagger,stormrage,575,warlock,destruction,12,6,6
Feldubya,illidan,575,warlock,destruction,12,6,6
Chesterfear,quelthalas,575,warlock,destruction,12,6,6
Kdoggydogg,azshara,575,warlock,destruction,12,6,6
Mastroguise,illidan,575,warlock,destruction,15,6,9
Benbuttons,sargeras,575,warlock,destruction,21,7,14
Zivira,stormrage,575,warlock,destruction,18,6,12
Leno,twisting-nether,575,warlock,destruction,18,6,12
Balasar,cenarion-circle,575,warlock,destruction,18,6,12
Muluggorr,tichondrius,575,warlock,destruction,18,6,12
Oluluo,andorhal,575,warlock,destruction,18,6,12
Selitose,illidan,575,warlock,destruction,18,6,12
Belfomént,ragnaros,575,warlock,destruction,18,6,12
Tròll,moon-guard,575,warlock,destruction,18,6,12
Dotsamoray,frostmourne,575,warlock,destruction,24,6,18
Ëliphas,tichondrius,575,warlock,destruction,24,6,18
Trayga,illidan,574,warlock,destruction,6,6,0
Tesdeez,tichondrius,574,warlock,destruction,12,6,6
Ggumx,tichondrius,574,warlock,destruction,12,6,6
Hungovermate,barthilas,574,warlock,destruction,12,6,6
Persephoné,blackrock,574,warlock,destruction,12,6,6
Kronman,zuluhed,574,warlock,destruction,18,6,12
Träzyn,kiljaeden,574,warlock,destruction,18,6,12
Zetsumeí,anvilmar,573,warlock,destruction,12,6,6
Reckluss,shattered-hand,573,warlock,destruction,24,6,18
Zahba,stormrage,572,warlock,destruction,12,6,6
Supercracker,bleeding-hollow,572,warlock,destruction,18,6,12
Mageline,thrall,567,warlock,destruction,24,6,18
Friend,frostmourne,559,warlock,destruction,17,6,11
Emurog,icecrown,552,warlock,destruction,27,13,14
Märshall,quelthalas,543,warlock,destruction,10,7,3
Aoepump,tichondrius,543,warlock,destruction,12,6,6
Draisien,moon-guard,537,warlock,destruction,13,8,5
Lissann,illidan,528,warlock,destruction,9,6,3
Malékíth,ragnaros,528,warlock,destruction,9,6,3
Loch,destromath,527,warlock,destruction,11,6,5
Watchdatfear,dragonmaw,527,warlock,destruction,11,6,5
Warlockluo,tichondrius,527,warlock,destruction,11,6,5
Exillis,barthilas,527,warlock,destruction,17,6,11
Ebo,bloodscalp,527,warlock,destruction,21,6,15
Tangslock,skullcrusher,526,warlock,destruction,17,6,11
Tesowenn,tichondrius,522,warlock,destruction,15,7,8
Milkybøng,area-52,522,warlock,destruction,16,7,9
Dotznfearz,zuljin,521,warlock,destruction,16,8,8
Redmil,quelthalas,520,warlock,destruction,35,7,28
Locdup,sargeras,512,warlock,destruction,22,6,16
Wàtchmebolt,dalvengyr,511,warlock,destruction,14,6,8
ßenafflock,wyrmrest-accord,495,warlock,destruction,20,6,14
Sully,korgath,480,warlock,destruction,6,5,1
Bendejo,thrall,480,warlock,destruction,6,5,1
Djae,frostmourne,480,warlock,destruction,6,5,1
Salaszar,illidan,480,warlock,destruction,6,5,1
Zatoz,zuljin,480,warlock,destruction,6,5,1
Meowmixxo,rivendare,480,warlock,destruction,6,5,1
Jalean,illidan,480,warlock,destruction,6,5,1
Akudama,dalaran,480,warlock,destruction,6,5,1
Efuc,tichondrius,480,warlock,destruction,6,5,1
Yadorigi,tichondrius,480,warlock,destruction,6,5,1
Ëfera,nemesis,480,warlock,destruction,6,5,1
Kargos,bonechewer,480,warlock,destruction,6,5,1
Betterone,azralon,480,warlock,destruction,6,5,1
Rottíe,sargeras,480,warlock,destruction,6,5,1
Zerocastspec,tichondrius,480,warlock,destruction,6,5,1
Cloperry,area-52,480,warlock,destruction,6,5,1
Leîa,tichondrius,480,warlock,destruction,6,5,1
Geeßoogie,laughing-skull,480,warlock,destruction,6,5,1
Meddsurgx,emerald-dream,480,warlock,destruction,6,5,1
Matdemonn,barthilas,480,warlock,destruction,6,5,1
Unicornspit,tichondrius,480,warlock,destruction,6,5,1
Pickles,kaelthas,480,warlock,destruction,6,5,1
Sicksick,tichondrius,480,warlock,destruction,6,5,1
Onidium,area-52,480,warlock,destruction,6,5,1
Ragomi,kiljaeden,480,warlock,destruction,6,5,1
Zerefel,stormrage,480,warlock,destruction,6,5,1
Emosyco,proudmoore,480,warlock,destruction,6,5,1
Panndadots,tichondrius,480,warlock,destruction,6,5,1
Stonesoulwow,tichondrius,480,warlock,destruction,6,5,1
Arnan,korgath,480,warlock,destruction,6,5,1
Patoquenz,azralon,480,warlock,destruction,6,5,1
Dippindotz,scilla,480,warlock,destruction,6,5,1
Popnloc,tichondrius,480,warlock,destruction,6,5,1
Evilforce,area-52,480,warlock,destruction,6,5,1
Bronzerl,tichondrius,480,warlock,destruction,6,5,1
Pantubølt,stormrage,480,warlock,destruction,6,5,1
Lucro,emerald-dream,480,warlock,destruction,6,5,1
Chewybolt,illidan,480,warlock,destruction,6,5,1
Jahlin,dawnbringer,480,warlock,destruction,6,5,1
Destructium,stormrage,480,warlock,destruction,6,5,1
Nerflocks,azralon,480,warlock,destruction,6,5,1
Nutted,dentarg,480,warlock,destruction,6,5,1
Novah,balnazzar,480,warlock,destruction,6,5,1
Shortnproud,tichondrius,480,warlock,destruction,6,5,1
Kss,quelthalas,480,warlock,destruction,6,5,1
Omnimetus,bleeding-hollow,480,warlock,destruction,6,5,1
Eyedot,stormscale,480,warlock,destruction,6,5,1
Yuckytoetoe,emerald-dream,480,warlock,destruction,6,5,1
Ricemachinex,grizzly-hills,480,warlock,destruction,6,5,1
Itsjoey,emerald-dream,480,warlock,destruction,6,5,1
Eastwitch,ragnaros,480,warlock,destruction,6,5,1
Mørøs,tichondrius,480,warlock,destruction,6,5,1
Cheesëbolt,illidan,480,warlock,destruction,6,5,1
Awdam,tichondrius,480,warlock,destruction,6,5,1
Frylockx,mugthol,480,warlock,destruction,6,5,1
Bwx,suramar,480,warlock,destruction,6,5,1
Humblegodd,illidan,480,warlock,destruction,6,5,1
Rathmadamus,quelthalas,480,warlock,destruction,6,5,1
Morsecode,illidan,480,warlock,destruction,6,5,1
Ikite,zuljin,480,warlock,destruction,6,5,1
Babyvet,stormreaver,480,warlock,destruction,6,5,1
Frogdance,stormrage,480,warlock,destruction,6,5,1
Dlarenn,kelthuzad,480,warlock,destruction,6,5,1
Poonanifotm,gundrak,480,warlock,destruction,6,5,1
Tiddliwinx,nordrassil,480,warlock,destruction,7,5,2
Redisdead,dragonmaw,480,warlock,destruction,8,5,3
Phizzlebane,dalaran,480,warlock,destruction,8,5,3
Myrddraal,illidan,480,warlock,destruction,10,6,4
Nikax,illidan,480,warlock,destruction,9,5,4
Elementzero,malorne,480,warlock,destruction,11,5,6
Balden,fenris,480,warlock,destruction,12,5,7
Noxsol,illidan,480,warlock,destruction,12,5,7
Bellgrande,shadowmoon,480,warlock,destruction,12,5,7
Jakd,frostmourne,480,warlock,destruction,12,5,7
Pikvas,darkspear,480,warlock,destruction,12,5,7
Zugzor,shadowmoon,480,warlock,destruction,12,5,7
Murphyslawl,skullcrusher,480,warlock,destruction,12,5,7
Archleon,smolderthorn,480,warlock,destruction,12,5,7
Qfear,illidan,480,warlock,destruction,12,5,7
Kaossqt,azralon,480,warlock,destruction,12,5,7
Deflection,burning-blade,480,warlock,destruction,12,5,7
Meropegaunt,azralon,480,warlock,destruction,12,5,7
Speakeasy,malygos,480,warlock,destruction,12,5,7
Gameface,garrosh,480,warlock,destruction,12,5,7
Totsdots,blackrock,480,warlock,destruction,12,5,7
Ngemtot,frostmourne,480,warlock,destruction,12,5,7
Pabloqlx,ragnaros,480,warlock,destruction,12,5,7
Pveisboring,tichondrius,480,warlock,destruction,12,5,7
Hyjixy,stormrage,480,warlock,destruction,12,5,7
Dalanllan,wyrmrest-accord,480,warlock,destruction,12,5,7
Sugarfire,nemesis,480,warlock,destruction,12,5,7
Soullinker,stormrage,480,warlock,destruction,12,5,7
Souljäboy,bleeding-hollow,480,warlock,destruction,12,5,7
Kubera,mannoroth,480,warlock,destruction,12,5,7
Respecter,kelthuzad,480,warlock,destruction,12,5,7
Shadowflame,skullcrusher,480,warlock,destruction,12,5,7
Darezs,frostmourne,480,warlock,destruction,12,5,7
Imhereforrbg,moon-guard,480,warlock,destruction,12,5,7
Sweetjezuz,barthilas,480,warlock,destruction,12,5,7
Gash,bloodscalp,480,warlock,destruction,12,5,7
Dottythottie,stormrage,480,warlock,destruction,12,5,7
Soulswap,deathwing,480,warlock,destruction,12,5,7
Eneraxg,proudmoore,480,warlock,destruction,12,5,7
Cycaeria,moon-guard,480,warlock,destruction,12,5,7
Gundrillas,area-52,480,warlock,destruction,12,5,7
Saraden,illidan,480,warlock,destruction,12,5,7
Strixlocked,area-52,480,warlock,destruction,12,5,7
Baldboss,tichondrius,480,warlock,destruction,12,5,7
Grannybutter,sargeras,480,warlock,destruction,12,5,7
Chaoz,aggramar,480,warlock,destruction,12,5,7
Unarok,nemesis,480,warlock,destruction,12,5,7
Nelamona,moon-guard,480,warlock,destruction,12,5,7
Humanturret,tichondrius,480,warlock,destruction,12,5,7
Lockandload,malfurion,480,warlock,destruction,12,5,7
Lcomi,tichondrius,480,warlock,destruction,12,5,7
Stretchmark,stormrage,480,warlock,destruction,12,5,7
Lilthicy,sargeras,480,warlock,destruction,12,5,7
Gouzenko,emerald-dream,480,warlock,destruction,12,5,7
Gallynna,moon-guard,480,warlock,destruction,12,5,7
Whittylol,tichondrius,480,warlock,destruction,12,5,7
Hadeys,amanthul,480,warlock,destruction,12,5,7
Richards,thrall,480,warlock,destruction,12,5,7
Liík,malganis,480,warlock,destruction,12,5,7
Dirtrox,tichondrius,480,warlock,destruction,12,5,7
Ascendant,amanthul,480,warlock,destruction,12,5,7
Jenová,uldaman,480,warlock,destruction,12,5,7
Lockwell,tichondrius,480,warlock,destruction,12,5,7
Topboypepito,tichondrius,480,warlock,destruction,12,5,7
Firulock,azralon,480,warlock,destruction,12,5,7
Bou,gorefiend,480,warlock,destruction,12,5,7
Cadejo,emerald-dream,480,warlock,destruction,12,5,7
Dignifie,area-52,480,warlock,destruction,12,5,7
Juus,frostmourne,480,warlock,destruction,12,5,7
Gnimms,sargeras,480,warlock,destruction,12,5,7
Keber,quelthalas,480,warlock,destruction,12,5,7
Seraphserius,laughing-skull,480,warlock,destruction,12,5,7
Galeirria,stormrage,480,warlock,destruction,12,5,7
Halfmade,tichondrius,480,warlock,destruction,12,5,7
Aurdra,thunderhorn,480,warlock,destruction,12,5,7
Khillua,tichondrius,480,warlock,destruction,12,5,7
Scalaakka,proudmoore,480,warlock,destruction,12,5,7
Buccs,barthilas,480,warlock,destruction,12,5,7
Daemonixx,vashj,480,warlock,destruction,12,5,7
Craftman,malganis,480,warlock,destruction,12,5,7
Macnab,malganis,480,warlock,destruction,12,5,7
Lildottythot,malganis,480,warlock,destruction,12,5,7
Wombogombo,malganis,480,warlock,destruction,12,5,7
Sukmalock,proudmoore,480,warlock,destruction,15,6,9
Maarzil,malygos,480,warlock,destruction,16,6,10
Preed,caelestrasz,480,warlock,destruction,14,5,9
Teajools,area-52,480,warlock,destruction,18,5,13
Lisaleda,stormrage,480,warlock,destruction,18,5,13
Omensx,emerald-dream,480,warlock,destruction,18,5,13
Dcáicer,quelthalas,479,warlock,destruction,6,5,1
Lockystar,malganis,479,warlock,destruction,6,5,1
Skrillhex,dragonmaw,479,warlock,destruction,6,5,1
Osteogenesis,quelthalas,479,warlock,destruction,12,5,7
Kelici,borean-tundra,479,warlock,destruction,12,5,7
Nianas,ysondre,479,warlock,destruction,12,5,7
Amedrontei,nemesis,479,warlock,destruction,12,5,7
Kiami,destromath,479,warlock,destruction,12,5,7
Eloru,area-52,479,warlock,destruction,12,5,7
Vordz,amanthul,479,warlock,destruction,12,5,7
Tacolock,azshara,479,warlock,destruction,12,5,7
Loccdawg,laughing-skull,479,warlock,destruction,12,5,7
Grix,uldaman,479,warlock,destruction,12,5,7
Tsunamibaby,anvilmar,479,warlock,destruction,15,5,10
Mykìe,area-52,479,warlock,destruction,21,6,15
Daemonddred,hakkar,479,warlock,destruction,18,5,13
Karkloc,stormrage,479,warlock,destruction,18,5,13
Theereäper,illidan,479,warlock,destruction,18,5,13
Clias,galakrond,479,warlock,destruction,18,5,13
Methology,wyrmrest-accord,479,warlock,destruction,18,5,13
Giled,runetotem,478,warlock,destruction,12,5,7
Spitroast,dragonblight,478,warlock,destruction,12,5,7
Duratestön,stormrage,478,warlock,destruction,18,5,13
Saintvil,drakkari,477,warlock,destruction,6,5,1
Monkeypôx,tichondrius,477,warlock,destruction,12,5,7
Warrogoblin,ragnaros,476,warlock,destruction,9,6,3
Blázê,illidan,476,warlock,destruction,12,5,7
Mystickittie,aerie-peak,475,warlock,destruction,12,5,7
Raven,baelgun,463,warlock,destruction,11,5,6
Bitblack,tichondrius,453,warlock,destruction,13,7,6
Ainzeal,nagrand,448,warlock,destruction,16,6,10
Magniwl,zuljin,447,warlock,destruction,11,5,6
ßolts,frostmourne,447,warlock,destruction,11,5,6
Theshattered,kiljaeden,447,warlock,destruction,11,5,6
Aoneandatwo,proudmoore,432,warlock,destruction,9,5,4
Fengfeiss,tichondrius,432,warlock,destruction,15,6,9
Chaosboltss,tichondrius,426,warlock,destruction,15,6,9
Drpumps,area-52,426,warlock,destruction,16,6,10
Berathelok,aerie-peak,426,warlock,destruction,17,6,11
Korguji,tichondrius,426,warlock,destruction,21,7,14
Krillzonee,dalaran,426,warlock,destruction,23,6,17
Empowerdlock,garrosh,416,warlock,destruction,10,5,5
Smithereenss,tichondrius,415,warlock,destruction,14,5,9
Velsona,moon-guard,415,warlock,destruction,14,5,9
Krozu,bleeding-hollow,415,warlock,destruction,14,5,9
Semodots,proudmoore,415,warlock,destruction,25,8,17
Amonthuzad,blackrock,400,warlock,destruction,7,5,2
Ultion,bleeding-hollow,400,warlock,destruction,7,5,2
Vaynnei,kiljaeden,400,warlock,destruction,7,5,2
Lockdlhm,tichondrius,400,warlock,destruction,13,5,8
Sugarmumy,tichondrius,399,warlock,destruction,5,5,0
Drainerade,stormreaver,399,warlock,destruction,5,5,0
Apocoly,tichondrius,384,warlock,destruction,9,6,3
Voidbb,tichondrius,384,warlock,destruction,6,4,2
Gothicthot,tichondrius,384,warlock,destruction,6,4,2
Ceeloww,illidan,384,warlock,destruction,6,4,2
Mgodx,tichondrius,384,warlock,destruction,6,4,2
Kractdlk,tichondrius,384,warlock,destruction,6,4,2
Dematic,illidan,384,warlock,destruction,6,4,2
Roota,dalaran,384,warlock,destruction,6,4,2
Saitibolty,dalaran,384,warlock,destruction,6,4,2
Rendori,the-scryers,384,warlock,destruction,6,4,2
Anthaxel,dalaran,384,warlock,destruction,6,4,2
Vilebrute,illidan,384,warlock,destruction,6,4,2
Pokendot,illidan,384,warlock,destruction,6,4,2
Bertnasty,tichondrius,384,warlock,destruction,6,4,2
Menedemus,amanthul,384,warlock,destruction,6,4,2
Tiidkloui,illidan,384,warlock,destruction,6,4,2
Lydan,azralon,384,warlock,destruction,6,4,2
Hoana,azralon,384,warlock,destruction,6,4,2
Gulßad,tichondrius,384,warlock,destruction,6,4,2
Ozidus,tichondrius,384,warlock,destruction,6,4,2
Leekeeaynis,frostmourne,384,warlock,destruction,6,4,2
Ðöts,frostmourne,384,warlock,destruction,6,4,2
Seekma,gallywix,384,warlock,destruction,6,4,2
Marrowsipper,tichondrius,384,warlock,destruction,6,4,2
Hawtchili,illidan,384,warlock,destruction,6,4,2
Khaos,norgannon,384,warlock,destruction,6,4,2
Syraxi,illidan,384,warlock,destruction,6,4,2
Lîlý,bleeding-hollow,384,warlock,destruction,6,4,2
Biger,nemesis,384,warlock,destruction,6,4,2
Brokenaf,stormrage,384,warlock,destruction,6,4,2
Daucrow,stormrage,384,warlock,destruction,6,4,2
Crackhammer,sargeras,384,warlock,destruction,6,4,2
Sylvahh,sargeras,384,warlock,destruction,6,4,2
Arucil,sargeras,384,warlock,destruction,6,4,2
Dötsonurpp,stormrage,384,warlock,destruction,6,4,2
Aussiesauce,frostmourne,384,warlock,destruction,6,4,2
Iplaywarlock,deathwing,384,warlock,destruction,6,4,2
Slappndemons,mugthol,384,warlock,destruction,6,4,2
Bigbadbolt,thaurissan,384,warlock,destruction,6,4,2
Zonss,tichondrius,384,warlock,destruction,6,4,2
Rodneyjones,emerald-dream,384,warlock,destruction,6,4,2
Dotsualot,sargeras,384,warlock,destruction,6,4,2
Xijp,illidan,384,warlock,destruction,6,4,2
Alwysoom,aegwynn,384,warlock,destruction,6,4,2
Sheetzlock,azgalor,384,warlock,destruction,6,4,2
Quetzâlcoâtl,sargeras,384,warlock,destruction,6,4,2
Ñever,winterhoof,384,warlock,destruction,6,4,2
Shawtypartyp,illidan,384,warlock,destruction,6,4,2
Tazerr,sargeras,384,warlock,destruction,6,4,2
Asalaviik,illidan,384,warlock,destruction,6,4,2
Chumbing,sargeras,384,warlock,destruction,6,4,2
Ardamelech,quelthalas,384,warlock,destruction,6,4,2
Fearoshimá,thrall,384,warlock,destruction,6,4,2
Gidelend,daggerspine,384,warlock,destruction,6,4,2
Yizla,gurubashi,384,warlock,destruction,6,4,2
Erock,korgath,384,warlock,destruction,6,4,2
Houseofpain,emerald-dream,384,warlock,destruction,6,4,2
Bedtimes,tichondrius,384,warlock,destruction,6,4,2
Siltharious,senjin,384,warlock,destruction,6,4,2
Cønsfèáracy,sargeras,384,warlock,destruction,6,4,2
Bambol,sargeras,384,warlock,destruction,6,4,2
Gamenine,tichondrius,384,warlock,destruction,6,4,2
Qordiix,tichondrius,384,warlock,destruction,6,4,2
Asukakira,tichondrius,384,warlock,destruction,6,4,2
Breadbug,moon-guard,384,warlock,destruction,6,4,2
Proman,drakkari,384,warlock,destruction,6,4,2
Erikarsas,tichondrius,384,warlock,destruction,6,4,2
Eliquis,frostmane,384,warlock,destruction,6,4,2
Laytome,stormreaver,384,warlock,destruction,6,4,2
Tigermom,fizzcrank,384,warlock,destruction,6,4,2
Dçíöçk,tichondrius,384,warlock,destruction,6,4,2
Stronge,frostmourne,384,warlock,destruction,6,4,2
Fyahwalka,aggramar,384,warlock,destruction,6,4,2
Wallzz,gnomeregan,384,warlock,destruction,6,4,2
Joshxo,tichondrius,384,warlock,destruction,6,4,2
Nercrolord,zuljin,384,warlock,destruction,6,4,2
Nacholibre,smolderthorn,384,warlock,destruction,6,4,2
Zuroghar,azralon,384,warlock,destruction,6,4,2
Thelynx,chogall,384,warlock,destruction,6,4,2
Methrocks,emerald-dream,384,warlock,destruction,6,4,2
Dottcom,laughing-skull,384,warlock,destruction,6,4,2
Fearann,ragnaros,384,warlock,destruction,6,4,2
Jerothia,lethon,384,warlock,destruction,6,4,2
Evilinside,malganis,384,warlock,destruction,6,4,2
Derezsa,ragnaros,384,warlock,destruction,6,4,2
Lonaz,malganis,384,warlock,destruction,6,4,2
Tichondrus,ragnaros,384,warlock,destruction,6,4,2
Leyzer,stormrage,384,warlock,destruction,6,4,2
Bucees,moon-guard,384,warlock,destruction,6,4,2
Dranyam,ragnaros,384,warlock,destruction,6,4,2
Chirus,draenor,384,warlock,destruction,6,4,2
Asiopdu,tichondrius,384,warlock,destruction,6,4,2
Døzër,area-52,384,warlock,destruction,6,4,2
Slakiejr,darkspear,384,warlock,destruction,6,4,2
Easyclap,guldan,384,warlock,destruction,6,4,2
Cursebolt,tichondrius,384,warlock,destruction,6,4,2
Mattybolts,tichondrius,384,warlock,destruction,6,4,2
Gordoxin,area-52,384,warlock,destruction,6,4,2
Fatherbolt,tichondrius,384,warlock,destruction,6,4,2
Agla,quelthalas,384,warlock,destruction,6,4,2
Snackrifice,area-52,384,warlock,destruction,6,4,2
Bigdd,frostmane,384,warlock,destruction,6,4,2
Valkoinnen,quelthalas,384,warlock,destruction,6,4,2
Antagony,bleeding-hollow,384,warlock,destruction,6,4,2
Smallj,zuljin,384,warlock,destruction,6,4,2
Calcadius,zuljin,384,warlock,destruction,6,4,2
Tizzy,malganis,384,warlock,destruction,6,4,2
Décalisse,eonar,384,warlock,destruction,6,4,2
Woofbolt,malganis,384,warlock,destruction,6,4,2
Magvezx,kelthuzad,384,warlock,destruction,6,4,2
Litemeatlary,kelthuzad,384,warlock,destruction,6,4,2
Wreckquiem,burning-blade,384,warlock,destruction,6,4,2
Tumßle,stormreaver,384,warlock,destruction,6,4,2
Lockiana,zuljin,384,warlock,destruction,6,4,2
Zërlina,area-52,384,warlock,destruction,6,4,2
Drgiggles,tichondrius,384,warlock,destruction,6,4,2
Warfeen,malganis,384,warlock,destruction,6,4,2
Solöw,tichondrius,384,warlock,destruction,6,4,2
Naginikill,zuljin,384,warlock,destruction,6,4,2
Smnslock,emerald-dream,384,warlock,destruction,6,4,2
Eatmybeef,ravencrest,384,warlock,destruction,6,4,2
Warlocksz,kelthuzad,384,warlock,destruction,6,4,2
Sprenn,bleeding-hollow,384,warlock,destruction,6,4,2
Wolfiby,tichondrius,384,warlock,destruction,6,4,2
Eternalfêâr,darkspear,384,warlock,destruction,6,4,2
Donttouchme,azralon,384,warlock,destruction,6,4,2
Frem,eonar,384,warlock,destruction,6,4,2
Oldgodkiller,kelthuzad,384,warlock,destruction,6,4,2
Chromebarrel,area-52,384,warlock,destruction,6,4,2
Underchicken,blackrock,384,warlock,destruction,6,4,2
Apoklock,area-52,384,warlock,destruction,6,4,2
Zzooxxqt,area-52,384,warlock,destruction,6,4,2
Locktookah,tichondrius,384,warlock,destruction,6,4,2
Bugbugg,tichondrius,384,warlock,destruction,6,4,2
Músu,stormreaver,384,warlock,destruction,7,4,3
Meathat,gorefiend,384,warlock,destruction,9,5,4
Soulfired,kiljaeden,384,warlock,destruction,11,5,6
Rhaègar,kiljaeden,384,warlock,destruction,15,5,10
Blumercricet,stormrage,384,warlock,destruction,12,4,8
Overlard,illidan,384,warlock,destruction,12,4,8
Evarona,gorefiend,384,warlock,destruction,12,4,8
Ibuildwalls,tichondrius,384,warlock,destruction,12,4,8
Azazil,moon-guard,384,warlock,destruction,12,4,8
Malavik,moon-guard,384,warlock,destruction,12,4,8
Stepmommie,moon-guard,384,warlock,destruction,12,4,8
Valydri,stormrage,384,warlock,destruction,12,4,8
Dotington,frostmourne,384,warlock,destruction,12,4,8
Ranzuki,moon-guard,384,warlock,destruction,12,4,8
Feldotz,illidan,384,warlock,destruction,12,4,8
Puddulz,thrall,384,warlock,destruction,12,4,8
Laterallus,illidan,384,warlock,destruction,12,4,8
Fowll,frostwolf,384,warlock,destruction,12,4,8
Maleficist,bleeding-hollow,384,warlock,destruction,12,4,8
Copobruxo,azralon,384,warlock,destruction,12,4,8
Outkãst,illidan,384,warlock,destruction,12,4,8
Demowolock,area-52,384,warlock,destruction,12,4,8
Rumpology,illidan,384,warlock,destruction,12,4,8
Mostlyundead,darkspear,384,warlock,destruction,12,4,8
Reyaena,moon-guard,384,warlock,destruction,12,4,8
Vykou,kiljaeden,384,warlock,destruction,12,4,8
Krazyjay,bleeding-hollow,384,warlock,destruction,12,4,8
Loudbone,tichondrius,384,warlock,destruction,12,4,8
Sailuhh,frostwolf,384,warlock,destruction,12,4,8
Itsgodzilla,illidan,384,warlock,destruction,12,4,8
Capïrota,nemesis,384,warlock,destruction,12,4,8
Lockandestro,tichondrius,384,warlock,destruction,12,4,8
Dpz,darkspear,384,warlock,destruction,12,4,8
Tokc,sargeras,384,warlock,destruction,12,4,8
Njunx,queldorei,384,warlock,destruction,12,4,8
Mmrceo,azgalor,384,warlock,destruction,12,4,8
Comeinyureye,tichondrius,384,warlock,destruction,12,4,8
Reportmetool,barthilas,384,warlock,destruction,12,4,8
Panicmode,darkspear,384,warlock,destruction,12,4,8
Syileria,frostmourne,384,warlock,destruction,12,4,8
Theboss,arygos,384,warlock,destruction,12,4,8
Kelthutard,area-52,384,warlock,destruction,12,4,8
Nightterrour,frostmourne,384,warlock,destruction,12,4,8
Anastadora,proudmoore,384,warlock,destruction,12,4,8
Medraut,wyrmrest-accord,384,warlock,destruction,12,4,8
Aededa,proudmoore,384,warlock,destruction,12,4,8
Daedayus,frostwolf,384,warlock,destruction,12,4,8
Madamenapalm,wyrmrest-accord,384,warlock,destruction,12,4,8
Æonas,bladefist,384,warlock,destruction,12,4,8
Cyzx,ragnaros,384,warlock,destruction,12,4,8
Thedaymon,ravenholdt,384,warlock,destruction,12,4,8
Catastrophk,malganis,384,warlock,destruction,12,4,8
Lockeando,ragnaros,384,warlock,destruction,12,4,8
Eleneth,zuljin,384,warlock,destruction,12,4,8
Bjarke,malganis,384,warlock,destruction,12,4,8
Niétzsché,emerald-dream,384,warlock,destruction,12,4,8
Checkit,zuljin,384,warlock,destruction,12,4,8
Letsfckingo,tichondrius,384,warlock,destruction,12,4,8
Praemonium,dalaran,384,warlock,destruction,12,4,8
Dotudead,kelthuzad,384,warlock,destruction,12,4,8
Freezâ,stormrage,384,warlock,destruction,12,4,8
Giggideez,bleeding-hollow,384,warlock,destruction,12,4,8
Awangdemon,tichondrius,384,warlock,destruction,12,4,8
Nazrakin,malganis,384,warlock,destruction,12,4,8
Poisondeepnu,malganis,384,warlock,destruction,12,4,8
Jáws,zuljin,384,warlock,destruction,12,4,8
Fullmelt,azjolnerub,384,warlock,destruction,12,4,8
Kaísta,proudmoore,384,warlock,destruction,12,4,8
Fearmë,tichondrius,384,warlock,destruction,12,4,8
Perfidien,tichondrius,384,warlock,destruction,12,4,8
Babmorta,zuljin,384,warlock,destruction,12,4,8
Muckem,korgath,384,warlock,destruction,12,4,8
Shanelle,korgath,384,warlock,destruction,12,4,8
Capslockfury,frostmourne,384,warlock,destruction,12,4,8
Reyoslock,malganis,384,warlock,destruction,12,4,8
Crafterism,barthilas,384,warlock,destruction,12,4,8
Hollows,burning-blade,384,warlock,destruction,12,4,8
Bothered,bleeding-hollow,384,warlock,destruction,12,4,8
Taldaroth,moon-guard,384,warlock,destruction,13,4,9
Mozbet,kiljaeden,384,warlock,destruction,13,4,9
Fex,hyjal,384,warlock,destruction,14,4,10
Xplicit,andorhal,384,warlock,destruction,21,5,16
Persianloc,tichondrius,384,warlock,destruction,18,4,14
Flixon,tichondrius,384,warlock,destruction,18,4,14
Pvman,onyxia,384,warlock,destruction,18,4,14
Stonelocker,stormrage,383,warlock,destruction,6,4,2
Pointproven,tichondrius,383,warlock,destruction,6,4,2
Destroyaz,stormreaver,383,warlock,destruction,6,4,2
Lockers,akama,383,warlock,destruction,6,4,2
Halkroz,nathrezim,383,warlock,destruction,6,4,2
Phàntasm,frostmourne,383,warlock,destruction,6,4,2
Fearanddots,moon-guard,383,warlock,destruction,12,4,8
Covidbussin,cenarius,383,warlock,destruction,12,4,8
Arthürr,thrall,383,warlock,destruction,12,4,8
Wodinskol,sargeras,383,warlock,destruction,12,4,8
Albuuss,daggerspine,383,warlock,destruction,12,4,8
Asheräh,stormrage,383,warlock,destruction,12,4,8
Trilleon,eldrethalas,383,warlock,destruction,12,4,8
Kazfial,zuljin,383,warlock,destruction,12,4,8
Eliphas,bronzebeard,383,warlock,destruction,12,4,8
Yesmistress,thrall,383,warlock,destruction,14,4,10
Necromaniac,nerzhul,383,warlock,destruction,18,4,14
Scum,burning-legion,382,warlock,destruction,9,5,4
Balian,stormreaver,381,warlock,destruction,10,5,5
Graveland,frostwolf,367,warlock,destruction,11,4,7
Nefwing,area-52,364,warlock,destruction,14,5,9
Vetic,area-52,351,warlock,destruction,11,4,7
Cyrillus,moon-guard,351,warlock,destruction,11,4,7
Vanvídd,ragnaros,351,warlock,destruction,11,4,7
Startx,tichondrius,351,warlock,destruction,11,4,7
Fearfactory,lethon,351,warlock,destruction,14,5,9
Auntzhang,tichondrius,351,warlock,destruction,23,4,19
Shidded,lightbringer,349,warlock,destruction,10,5,5
Gobbledeez,moknathal,349,warlock,destruction,19,5,14
Kidneystone,emerald-dream,346,warlock,destruction,17,8,9
Amaroth,spinebreaker,335,warlock,destruction,11,4,7
Voltrakk,gilneas,330,warlock,destruction,11,7,4
Lockazo,quelthalas,330,warlock,destruction,11,6,5
Actualjoke,frostmourne,330,warlock,destruction,15,6,9
Sojulord,sargeras,320,warlock,destruction,10,4,6
Rosacrutian,tichondrius,320,warlock,destruction,10,4,6
Saintläurent,bleeding-hollow,319,warlock,destruction,5,4,1
Crranito,ragnaros,319,warlock,destruction,5,4,1
Aclonos,tichondrius,319,warlock,destruction,5,4,1
Samlive,tichondrius,319,warlock,destruction,8,4,4
Uck,bleeding-hollow,288,warlock,destruction,6,3,3
Embraces,tichondrius,288,warlock,destruction,6,3,3
Ärminvßuurën,barthilas,288,warlock,destruction,6,3,3
Jangbii,tichondrius,288,warlock,destruction,6,3,3
Xocxusegeic,illidan,288,warlock,destruction,6,3,3
Voldormort,uldaman,288,warlock,destruction,6,3,3
Hairydottr,malganis,288,warlock,destruction,6,3,3
Gotfear,zuljin,288,warlock,destruction,6,3,3
Phénom,tichondrius,288,warlock,destruction,6,3,3
Famelol,tichondrius,288,warlock,destruction,6,3,3
Roek,korgath,288,warlock,destruction,6,3,3
Dashaad,illidan,288,warlock,destruction,6,3,3
Blaxzlock,stormscale,288,warlock,destruction,6,3,3
Hëctic,nerzhul,288,warlock,destruction,6,3,3
Nòpê,tichondrius,288,warlock,destruction,6,3,3
Velzillia,zuljin,288,warlock,destruction,6,3,3
Spacemonkey,malganis,288,warlock,destruction,6,3,3
Hachuwsneeze,darkspear,288,warlock,destruction,6,3,3
Drëkavac,malganis,288,warlock,destruction,6,3,3
Gurlock,illidan,288,warlock,destruction,6,3,3
Lilpewpeww,bleeding-hollow,288,warlock,destruction,6,3,3
Meltingface,bleeding-hollow,288,warlock,destruction,6,3,3
Homeschooler,darkspear,288,warlock,destruction,6,3,3
Quad,spirestone,288,warlock,destruction,6,3,3
Päinoth,wyrmrest-accord,288,warlock,destruction,6,3,3
Babylung,bleeding-hollow,288,warlock,destruction,6,3,3
Felsgoodman,illidan,288,warlock,destruction,6,3,3
Synergy,zuluhed,288,warlock,destruction,6,3,3
Nhudi,frostmourne,288,warlock,destruction,6,3,3
Vampydark,quelthalas,288,warlock,destruction,6,3,3
Candï,kelthuzad,288,warlock,destruction,6,3,3
Dippndotz,bleeding-hollow,288,warlock,destruction,6,3,3
Minos,tichondrius,288,warlock,destruction,6,3,3
Lothaard,quelthalas,288,warlock,destruction,6,3,3
Idiocy,stormrage,288,warlock,destruction,6,3,3
Blastindotz,frostmane,288,warlock,destruction,6,3,3
Feardr,frostmourne,288,warlock,destruction,6,3,3
Monzmodeus,whisperwind,288,warlock,destruction,6,3,3
Mileyswift,kelthuzad,288,warlock,destruction,6,3,3
Xephostwo,area-52,288,warlock,destruction,6,3,3
Poggyjones,tichondrius,288,warlock,destruction,6,3,3
Merlinsbeard,zuluhed,288,warlock,destruction,6,3,3
Peterdotz,whisperwind,288,warlock,destruction,6,3,3
Dohmie,argent-dawn,288,warlock,destruction,6,3,3
Plsdontcrit,tichondrius,288,warlock,destruction,6,3,3
Bonermarrow,tichondrius,288,warlock,destruction,6,3,3
Pennÿ,quelthalas,288,warlock,destruction,6,3,3
Miratrix,moon-guard,288,warlock,destruction,6,3,3
Lockboxx,stormscale,288,warlock,destruction,6,3,3
Atheô,ragnaros,288,warlock,destruction,6,3,3
Seobuzz,tichondrius,288,warlock,destruction,6,3,3
Vìqtìm,kelthuzad,288,warlock,destruction,6,3,3
Shawzyy,tichondrius,288,warlock,destruction,6,3,3
Techs,tichondrius,288,warlock,destruction,6,3,3
Reallygud,tichondrius,288,warlock,destruction,6,3,3
Neversoft,bleeding-hollow,288,warlock,destruction,6,3,3
Bellwulf,goldrinn,288,warlock,destruction,6,3,3
Rasalgul,ragnaros,288,warlock,destruction,6,3,3
Tamzlock,the-forgotten-coast,288,warlock,destruction,6,3,3
Brainbowls,tichondrius,288,warlock,destruction,6,3,3
Unquit,frostmourne,288,warlock,destruction,6,3,3
Sinsanìty,tichondrius,288,warlock,destruction,6,3,3
Ladaa,tichondrius,288,warlock,destruction,6,3,3
Rádágest,tichondrius,288,warlock,destruction,6,3,3
Feeltheviibe,zuljin,288,warlock,destruction,6,3,3
Saggin,zuljin,288,warlock,destruction,6,3,3
Muchopower,ragnaros,288,warlock,destruction,6,3,3
Ovoíd,area-52,288,warlock,destruction,6,3,3
Slowlymeltin,stormrage,288,warlock,destruction,6,3,3
Jaazmin,ragnaros,288,warlock,destruction,6,3,3
Zeifong,ragnaros,288,warlock,destruction,6,3,3
Lillpfudd,area-52,288,warlock,destruction,6,3,3
Karzaq,area-52,288,warlock,destruction,6,3,3
Mamabolts,kelthuzad,288,warlock,destruction,6,3,3
Nismo,trollbane,288,warlock,destruction,6,3,3
Buckingfolts,area-52,288,warlock,destruction,6,3,3
Fungiforest,kelthuzad,288,warlock,destruction,6,3,3
Dogcookie,moon-guard,288,warlock,destruction,6,3,3
Nêøn,ragnaros,288,warlock,destruction,6,3,3
Rexington,hyjal,288,warlock,destruction,6,3,3
Eiram,ragnaros,288,warlock,destruction,6,3,3
Mourdera,ragnaros,288,warlock,destruction,6,3,3
Souldotz,proudmoore,288,warlock,destruction,6,3,3
Sweetgreen,area-52,288,warlock,destruction,6,3,3
Butaric,ragnaros,288,warlock,destruction,6,3,3
Siphoned,darkspear,288,warlock,destruction,6,3,3
Oleg,bleeding-hollow,288,warlock,destruction,6,3,3
Deejaye,frostmourne,288,warlock,destruction,6,3,3
Amuros,illidan,288,warlock,destruction,6,3,3
Amauder,moon-guard,288,warlock,destruction,6,3,3
Sleeptøken,area-52,288,warlock,destruction,6,3,3
Watsfear,illidan,288,warlock,destruction,6,3,3
Odelgabiana,area-52,288,warlock,destruction,6,3,3
Xoroth,crushridge,288,warlock,destruction,6,3,3
Hauntgød,tichondrius,288,warlock,destruction,6,3,3
Volnax,tichondrius,288,warlock,destruction,6,3,3
Eh,laughing-skull,288,warlock,destruction,6,3,3
Cleptomain,tichondrius,288,warlock,destruction,6,3,3
Thelock,tichondrius,288,warlock,destruction,6,3,3
Jagni,stormrage,288,warlock,destruction,6,3,3
Mylock,andorhal,288,warlock,destruction,6,3,3
Æsidius,tichondrius,288,warlock,destruction,6,3,3
Metaphors,stormrage,288,warlock,destruction,6,3,3
Coret,moonrunner,288,warlock,destruction,6,3,3
Kevvdogg,jubeithos,288,warlock,destruction,6,3,3
Keemy,tichondrius,288,warlock,destruction,6,3,3
Darthaqua,thrall,288,warlock,destruction,6,3,3
Brunoos,drakkari,288,warlock,destruction,6,3,3
Xbendover,proudmoore,288,warlock,destruction,6,3,3
Uwubolt,moon-guard,288,warlock,destruction,6,3,3
Nutzosaurus,darkspear,288,warlock,destruction,6,3,3
Vulvo,area-52,288,warlock,destruction,6,3,3
Wirthless,area-52,288,warlock,destruction,6,3,3
Ariuz,tichondrius,288,warlock,destruction,6,3,3
Tekkenjunky,blackrock,288,warlock,destruction,6,3,3
Kebobz,frostmourne,288,warlock,destruction,6,3,3
Geofar,bleeding-hollow,288,warlock,destruction,6,3,3
Astarothe,proudmoore,288,warlock,destruction,6,3,3
Wickdways,daggerspine,288,warlock,destruction,6,3,3
Arphix,kelthuzad,288,warlock,destruction,6,3,3
Pontodelete,azralon,288,warlock,destruction,6,3,3
Yolololoy,tichondrius,288,warlock,destruction,6,3,3
Signalnine,thrall,288,warlock,destruction,6,3,3
Dropndots,hakkar,288,warlock,destruction,6,3,3
Tiptonb,tichondrius,288,warlock,destruction,6,3,3
Borudo,thrall,288,warlock,destruction,6,3,3
Dodgebolts,khaz-modan,288,warlock,destruction,6,3,3
Trainwreck,sargeras,288,warlock,destruction,6,3,3
Sorath,blackrock,288,warlock,destruction,6,3,3
Thisisturtle,area-52,288,warlock,destruction,6,3,3
Bushmelded,tichondrius,288,warlock,destruction,6,3,3
Shâdowman,stormrage,288,warlock,destruction,6,3,3
Ökïlôck,proudmoore,288,warlock,destruction,6,3,3
Attackbird,area-52,288,warlock,destruction,6,3,3
Vetadul,proudmoore,288,warlock,destruction,6,3,3
Yougone,kelthuzad,288,warlock,destruction,6,3,3
Gümbÿ,illidan,288,warlock,destruction,6,3,3
Fibromyalgia,aegwynn,288,warlock,destruction,6,3,3
Docphil,aegwynn,288,warlock,destruction,6,3,3
Dìablo,area-52,288,warlock,destruction,6,3,3
Itsawarlock,thunderlord,288,warlock,destruction,6,3,3
Sasharhoades,quelthalas,288,warlock,destruction,6,3,3
Héllboy,akama,288,warlock,destruction,6,3,3
Lochek,stonemaul,288,warlock,destruction,6,3,3
Devi,destromath,288,warlock,destruction,6,3,3
Nihilus,anvilmar,288,warlock,destruction,6,3,3
Lrry,dalaran,288,warlock,destruction,6,3,3
Linestrazsa,daggerspine,288,warlock,destruction,6,3,3
Ðëâthløck,tichondrius,288,warlock,destruction,6,3,3
Creedmore,sargeras,288,warlock,destruction,6,3,3
Turbocleave,blackwater-raiders,288,warlock,destruction,6,3,3
Ratedtorgast,illidan,288,warlock,destruction,6,3,3
Weaselherder,illidan,288,warlock,destruction,6,3,3
Slothdots,tichondrius,288,warlock,destruction,6,3,3
Ashtak,coilfang,288,warlock,destruction,6,3,3
Dolcex,sargeras,288,warlock,destruction,6,3,3
Frygt,tichondrius,288,warlock,destruction,6,3,3
Chaosßolts,illidan,288,warlock,destruction,6,3,3
Markuss,boulderfist,288,warlock,destruction,6,3,3
Guzzan,thaurissan,288,warlock,destruction,6,3,3
Heavyøfmetal,tol-barad,288,warlock,destruction,6,3,3
Ijustsharded,area-52,288,warlock,destruction,6,3,3
Fluj,sargeras,288,warlock,destruction,6,3,3
Kralmiyr,nemesis,288,warlock,destruction,6,3,3
Thrillhouse,vashj,288,warlock,destruction,6,3,3
Vogez,boulderfist,288,warlock,destruction,6,3,3
Skýnët,tichondrius,288,warlock,destruction,6,3,3
Vxms,barthilas,288,warlock,destruction,6,3,3
Thorlock,maiev,288,warlock,destruction,6,3,3
Sapaqlia,quelthalas,288,warlock,destruction,6,3,3
Dakulim,burning-legion,288,warlock,destruction,6,3,3
Massta,tichondrius,288,warlock,destruction,6,3,3
Dotbot,blades-edge,288,warlock,destruction,6,3,3
Äfflïctëd,azralon,288,warlock,destruction,6,3,3
Bunami,kiljaeden,288,warlock,destruction,6,3,3
Ghouldan,emerald-dream,288,warlock,destruction,6,3,3
Worstname,hakkar,288,warlock,destruction,6,3,3
Háydn,azuremyst,288,warlock,destruction,6,3,3
Gingerlock,stonemaul,288,warlock,destruction,6,3,3
Neltharcurse,nagrand,288,warlock,destruction,6,3,3
Nortx,kiljaeden,288,warlock,destruction,6,3,3
Cocoabuttâ,stormrage,288,warlock,destruction,6,3,3
Toxicatedz,azralon,288,warlock,destruction,6,3,3
Lockhomes,azralon,288,warlock,destruction,6,3,3
Deepening,stormrage,288,warlock,destruction,6,3,3
Halethadro,emerald-dream,288,warlock,destruction,6,3,3
Shifulock,azralon,288,warlock,destruction,6,3,3
Ñevaeh,emerald-dream,288,warlock,destruction,6,3,3
Xblessed,stormrage,288,warlock,destruction,6,3,3
Dluttysots,emerald-dream,288,warlock,destruction,6,3,3
Youngblood,maelstrom,288,warlock,destruction,6,3,3
Matrielan,azshara,288,warlock,destruction,9,4,5
Ministàff,ursin,288,warlock,destruction,9,4,5
Cult,smolderthorn,288,warlock,destruction,7,3,4
Yurevich,tichondrius,288,warlock,destruction,10,4,6
Fluximilian,azralon,288,warlock,destruction,10,4,6
Dotutoodeath,destromath,288,warlock,destruction,8,3,5
Juxsr,nerzhul,288,warlock,destruction,12,3,9
Gotty,stormrage,288,warlock,destruction,12,3,9
Kovid,gorgonnash,288,warlock,destruction,12,3,9
Tavivita,zuluhed,288,warlock,destruction,12,3,9
Amour,wyrmrest-accord,288,warlock,destruction,12,3,9
Msdotfire,nazjatar,288,warlock,destruction,12,3,9
Sulívan,azralon,288,warlock,destruction,12,3,9
Wyrelock,hyjal,288,warlock,destruction,12,3,9
Demonâ,ragnaros,288,warlock,destruction,12,3,9
Gorgaron,zuljin,288,warlock,destruction,12,3,9
Wuutangg,area-52,288,warlock,destruction,12,3,9
Dumbandugly,area-52,288,warlock,destruction,12,3,9
Demondays,sargeras,288,warlock,destruction,12,3,9
Hachiui,galakrond,288,warlock,destruction,12,3,9
Keepthetipx,frostmourne,288,warlock,destruction,12,3,9
Drelgun,aerie-peak,288,warlock,destruction,12,3,9
Mireffect,auchindoun,288,warlock,destruction,12,3,9
Trotndot,dragonmaw,288,warlock,destruction,12,3,9
Héstia,area-52,288,warlock,destruction,12,3,9
Schy,arthas,288,warlock,destruction,12,3,9
Mageus,blood-furnace,288,warlock,destruction,12,3,9
Deathdealing,bonechewer,288,warlock,destruction,12,3,9
Artismo,zuljin,288,warlock,destruction,12,3,9
Lockvaju,quelthalas,288,warlock,destruction,12,3,9
Gdpx,malganis,288,warlock,destruction,12,3,9
Shaddaj,illidan,288,warlock,destruction,12,3,9
Zeshlo,firetree,288,warlock,destruction,12,3,9
Wickedt,ragnaros,288,warlock,destruction,12,3,9
Sorelock,tichondrius,288,warlock,destruction,12,3,9
Voidmãngõ,stormrage,288,warlock,destruction,12,3,9
Feartool,stormrage,288,warlock,destruction,12,3,9
Rabiesdot,tichondrius,288,warlock,destruction,12,3,9
Sambodeemon,proudmoore,288,warlock,destruction,12,3,9
Souls,proudmoore,288,warlock,destruction,12,3,9
Calculator,tichondrius,288,warlock,destruction,12,3,9
Pennydrop,barthilas,288,warlock,destruction,12,3,9
Voldamorte,tichondrius,288,warlock,destruction,12,3,9
Cexdragon,tichondrius,288,warlock,destruction,14,3,11
Xaminous,daggerspine,288,warlock,destruction,14,3,11
Báál,bleeding-hollow,288,warlock,destruction,18,3,15
Onfîre,area-52,288,warlock,destruction,18,3,15
Cati,moon-guard,288,warlock,destruction,18,3,15
Mavv,illidan,287,warlock,destruction,6,5,1
Noobthis,aegwynn,287,warlock,destruction,6,3,3
Izmadara,frostmane,287,warlock,destruction,6,3,3
Sykolock,lethon,287,warlock,destruction,6,3,3
Grichy,bonechewer,287,warlock,destruction,6,3,3
Brenmen,tichondrius,287,warlock,destruction,6,3,3
Llkoreall,tichondrius,287,warlock,destruction,6,3,3
Trrolling,jubeithos,287,warlock,destruction,12,5,7
Evilbacon,stormrage,287,warlock,destruction,12,3,9
Drunklockdot,tichondrius,271,warlock,destruction,11,3,8
Sophia,wildhammer,255,warlock,destruction,8,4,4
Mikejones,dawnbringer,255,warlock,destruction,14,4,10
Mcdoogleiv,thrall,255,warlock,destruction,11,3,8
Warakaso,ragnaros,240,warlock,destruction,9,3,6
Jessndistres,stormrage,240,warlock,destruction,9,3,6
Agneswaters,proudmoore,239,warlock,destruction,5,3,2
Blightbeast,area-52,239,warlock,destruction,5,3,2
Nawtychannel,aegwynn,239,warlock,destruction,5,3,2
Infectionl,ragnaros,239,warlock,destruction,5,3,2
Gullagulla,area-52,239,warlock,destruction,11,3,8
Zevoc,tichondrius,234,warlock,destruction,7,4,3
Carpedemon,malganis,234,warlock,destruction,16,5,11
Amaia,nathrezim,207,warlock,destruction,7,3,4
Portalgun,tichondrius,192,warlock,destruction,4,3,1
Ëxotic,thrall,192,warlock,destruction,4,3,1
Demiloy,stormrage,192,warlock,destruction,9,3,6
Pspot,kiljaeden,192,warlock,destruction,9,3,6
Petez,sargeras,192,warlock,destruction,6,2,4
Dramylock,sargeras,192,warlock,destruction,6,2,4
Gihaewon,tichondrius,192,warlock,destruction,6,2,4
Testicoils,sargeras,192,warlock,destruction,6,2,4
Sadisticewok,gnomeregan,192,warlock,destruction,6,2,4
Savemykoalas,tichondrius,192,warlock,destruction,6,2,4
Umadbruhh,tichondrius,192,warlock,destruction,6,2,4
Dotman,tichondrius,192,warlock,destruction,6,2,4
Fruityß,kaelthas,192,warlock,destruction,6,2,4
Taronii,drakkari,192,warlock,destruction,6,2,4
Vísage,trollbane,192,warlock,destruction,6,2,4
Rickrock,gnomeregan,192,warlock,destruction,6,2,4
Ramone,turalyon,192,warlock,destruction,6,2,4
Ensiferun,stormrage,192,warlock,destruction,6,2,4
Highdrozs,sargeras,192,warlock,destruction,6,2,4
Oldasfk,tichondrius,192,warlock,destruction,6,2,4
Ricklock,aggramar,192,warlock,destruction,6,2,4
Xalcezar,sargeras,192,warlock,destruction,6,2,4
Amz,grizzly-hills,192,warlock,destruction,6,2,4
Bigballslock,ragnaros,192,warlock,destruction,6,2,4
Erimegara,ragnaros,192,warlock,destruction,6,2,4
Fstndantilus,moonrunner,192,warlock,destruction,6,2,4
Reckzet,stormrage,192,warlock,destruction,6,2,4
Gvz,tichondrius,192,warlock,destruction,6,2,4
Deanwarlock,sargeras,192,warlock,destruction,6,2,4
Gschism,ragnaros,192,warlock,destruction,6,2,4
Pleblock,sargeras,192,warlock,destruction,6,2,4
Diabloisekai,ragnaros,192,warlock,destruction,6,2,4
Lockneo,stormrage,192,warlock,destruction,6,2,4
Arcaangell,sargeras,192,warlock,destruction,6,2,4
Crucîfixion,sargeras,192,warlock,destruction,6,2,4
Meisy,quelthalas,192,warlock,destruction,6,2,4
Theredwolf,zuljin,192,warlock,destruction,6,2,4
Alïka,quelthalas,192,warlock,destruction,6,2,4
Gemnî,tichondrius,192,warlock,destruction,6,2,4
Jaslovesme,malganis,192,warlock,destruction,6,2,4
Nazug,dark-iron,192,warlock,destruction,6,2,4
Maxice,zuljin,192,warlock,destruction,6,2,4
Toxik,zuljin,192,warlock,destruction,6,2,4
Akazisko,malganis,192,warlock,destruction,6,2,4
Ballpain,sargeras,192,warlock,destruction,6,2,4
Dôctor,tichondrius,192,warlock,destruction,6,2,4
Gry,malganis,192,warlock,destruction,6,2,4
Sumlem,sargeras,192,warlock,destruction,6,2,4
Montaine,malganis,192,warlock,destruction,6,2,4
Cynnd,tichondrius,192,warlock,destruction,6,2,4
Infant,agamaggan,192,warlock,destruction,6,2,4
Deiformis,malganis,192,warlock,destruction,6,2,4
Darkbrujo,ragnaros,192,warlock,destruction,6,2,4
Cityswimmer,malganis,192,warlock,destruction,6,2,4
Locinudown,zuljin,192,warlock,destruction,6,2,4
Afflicmindz,azralon,192,warlock,destruction,6,2,4
Kipzy,kelthuzad,192,warlock,destruction,6,2,4
Demonbabie,kelthuzad,192,warlock,destruction,6,2,4
Theyfearbuda,kelthuzad,192,warlock,destruction,6,2,4
Yordich,kelthuzad,192,warlock,destruction,6,2,4
Zzamji,tichondrius,192,warlock,destruction,6,2,4
Herewegoagai,zuljin,192,warlock,destruction,6,2,4
Wasca,kelthuzad,192,warlock,destruction,6,2,4
Raghog,kelthuzad,192,warlock,destruction,6,2,4
Littledurian,tichondrius,192,warlock,destruction,6,2,4
Ðamndaddy,sargeras,192,warlock,destruction,6,2,4
Braylon,azuremyst,192,warlock,destruction,6,2,4
Ogundakoroso,kelthuzad,192,warlock,destruction,6,2,4
Camila,lightnings-blade,192,warlock,destruction,6,2,4
Xaraki,skullcrusher,192,warlock,destruction,6,2,4
Boltflinger,tichondrius,192,warlock,destruction,6,2,4
Kdot,bleeding-hollow,192,warlock,destruction,6,2,4
Schmashed,eonar,192,warlock,destruction,6,2,4
Techie,the-underbog,192,warlock,destruction,6,2,4
Døtyou,area-52,192,warlock,destruction,6,2,4
Amazeus,tichondrius,192,warlock,destruction,6,2,4
Scepti,area-52,192,warlock,destruction,6,2,4
Plzdont,blades-edge,192,warlock,destruction,6,2,4
Ourlegacy,tichondrius,192,warlock,destruction,6,2,4
Àngelofðeath,area-52,192,warlock,destruction,6,2,4
Ibanez,bleeding-hollow,192,warlock,destruction,6,2,4
Rococo,emerald-dream,192,warlock,destruction,6,2,4
Aksanaa,area-52,192,warlock,destruction,6,2,4
Metapainn,area-52,192,warlock,destruction,6,2,4
Fbgmel,emerald-dream,192,warlock,destruction,6,2,4
Bluehollow,area-52,192,warlock,destruction,6,2,4
Ðemõn,area-52,192,warlock,destruction,6,2,4
Surahn,area-52,192,warlock,destruction,6,2,4
Gadalann,area-52,192,warlock,destruction,6,2,4
Lhorgainz,area-52,192,warlock,destruction,6,2,4
Oprahofbolts,area-52,192,warlock,destruction,6,2,4
Rickystuart,tichondrius,192,warlock,destruction,6,2,4
Adalaya,emerald-dream,192,warlock,destruction,6,2,4
Itzlandox,emerald-dream,192,warlock,destruction,6,2,4
Brawndelock,stormrage,192,warlock,destruction,6,2,4
Mutexlock,whisperwind,192,warlock,destruction,6,2,4
Fjklock,nemesis,192,warlock,destruction,6,2,4
Dchichi,tichondrius,192,warlock,destruction,6,2,4
Srz,stormrage,192,warlock,destruction,6,2,4
Înfèçtìön,emerald-dream,192,warlock,destruction,6,2,4
Constantine,exodar,192,warlock,destruction,6,2,4
Lemdul,thrall,192,warlock,destruction,6,2,4
Adamnwarlock,thrall,192,warlock,destruction,6,2,4
Pewpewqq,thrall,192,warlock,destruction,6,2,4
Raisa,chogall,192,warlock,destruction,6,2,4
Vlaz,stormrage,192,warlock,destruction,6,2,4
Zephiy,kelthuzad,192,warlock,destruction,6,2,4
Lazzie,thrall,192,warlock,destruction,6,2,4
Disapoin,stormrage,192,warlock,destruction,6,2,4
Cauldron,tichondrius,192,warlock,destruction,6,2,4
Mothapucka,thrall,192,warlock,destruction,6,2,4
Abbyshapiro,kelthuzad,192,warlock,destruction,6,2,4
Hexora,illidan,192,warlock,destruction,6,2,4
Spicyfingers,illidan,192,warlock,destruction,6,2,4
Sinnâcle,illidan,192,warlock,destruction,6,2,4
Pinguswalrus,stormrage,192,warlock,destruction,6,2,4
Gaijin,stormrage,192,warlock,destruction,6,2,4
Puddlepiimp,illidan,192,warlock,destruction,6,2,4
Smulg,illidan,192,warlock,destruction,6,2,4
Cujohh,tichondrius,192,warlock,destruction,6,2,4
Ganggu,tichondrius,192,warlock,destruction,6,2,4
Moistdank,tichondrius,192,warlock,destruction,6,2,4
Adrenalyin,illidan,192,warlock,destruction,6,2,4
Helyana,illidan,192,warlock,destruction,6,2,4
Bleachkk,tichondrius,192,warlock,destruction,6,2,4
Rxelly,ysera,192,warlock,destruction,6,2,4
Charlton,illidan,192,warlock,destruction,6,2,4
Nuradzec,illidan,192,warlock,destruction,6,2,4
Seizuresauce,stormrage,192,warlock,destruction,6,2,4
Kanyu,illidan,192,warlock,destruction,6,2,4
Ðuckworth,azralon,192,warlock,destruction,6,2,4
Guisls,azralon,192,warlock,destruction,6,2,4
Ironchief,illidan,192,warlock,destruction,6,2,4
Hawkinz,illidan,192,warlock,destruction,6,2,4
Osanga,illidan,192,warlock,destruction,6,2,4
Firoc,tichondrius,192,warlock,destruction,6,2,4
Retaruko,illidan,192,warlock,destruction,6,2,4
Gradek,dalaran,192,warlock,destruction,6,2,4
Encanis,dalaran,192,warlock,destruction,6,2,4
Hennydot,dalaran,192,warlock,destruction,6,2,4
Tirisfel,tichondrius,192,warlock,destruction,6,2,4
Scapayam,azralon,192,warlock,destruction,6,2,4
Sukmydots,perenolde,192,warlock,destruction,6,2,4
Nüts,blackrock,192,warlock,destruction,6,2,4
Eliraa,frostmourne,192,warlock,destruction,6,2,4
Dalah,illidan,192,warlock,destruction,6,2,4
Lildrayne,illidan,192,warlock,destruction,6,2,4
Boltsboyy,tichondrius,192,warlock,destruction,6,2,4
Konarik,nagrand,192,warlock,destruction,6,2,4
Jefar,tichondrius,192,warlock,destruction,6,2,4
Dotzlol,jubeithos,192,warlock,destruction,6,2,4
Lolokayhaha,vashj,192,warlock,destruction,6,2,4
Konab,kiljaeden,192,warlock,destruction,6,2,4
Imindanger,frostmourne,192,warlock,destruction,6,2,4
Oopsíe,nagrand,192,warlock,destruction,6,2,4
Dedrae,silvermoon,192,warlock,destruction,6,2,4
Forsucken,kiljaeden,192,warlock,destruction,6,2,4
Dæthh,moon-guard,192,warlock,destruction,6,2,4
Sosä,tichondrius,192,warlock,destruction,6,2,4
Vorkaz,moon-guard,192,warlock,destruction,6,2,4
Drkdestro,boulderfist,192,warlock,destruction,6,2,4
Percadu,barthilas,192,warlock,destruction,6,2,4
Davekoresh,dunemaul,192,warlock,destruction,6,2,4
Hoimpypoimpy,moon-guard,192,warlock,destruction,6,2,4
Baalock,frostmourne,192,warlock,destruction,6,2,4
Muffinlol,frostmourne,192,warlock,destruction,6,2,4
Iadminl,moon-guard,192,warlock,destruction,6,2,4
Fashon,barthilas,192,warlock,destruction,6,2,4
Blliizz,aegwynn,192,warlock,destruction,6,2,4
Lostlove,moon-guard,192,warlock,destruction,6,2,4
Corruptious,frostmourne,192,warlock,destruction,6,2,4
Mlx,proudmoore,192,warlock,destruction,6,2,4
Dach,moon-guard,192,warlock,destruction,6,2,4
Sinsky,darkspear,192,warlock,destruction,6,2,4
Outlanderr,tichondrius,192,warlock,destruction,6,2,4
Lexist,darkspear,192,warlock,destruction,6,2,4
Burntbacon,darkspear,192,warlock,destruction,6,2,4
Ozie,proudmoore,192,warlock,destruction,6,2,4
Chekai,wyrmrest-accord,192,warlock,destruction,6,2,4
Dotsin,wyrmrest-accord,192,warlock,destruction,6,2,4
Asaveyous,wyrmrest-accord,192,warlock,destruction,6,2,4
Qbl,wyrmrest-accord,192,warlock,destruction,6,2,4
Averblue,khaz-modan,192,warlock,destruction,6,2,4
Nameflagged,arathor,192,warlock,destruction,6,2,4
Cholock,anubarak,192,warlock,destruction,6,2,4
Millions,barthilas,192,warlock,destruction,6,2,4
Cthuga,frostmourne,192,warlock,destruction,6,2,4
Idoturmum,frostmourne,192,warlock,destruction,6,2,4
Drewsy,frostmourne,192,warlock,destruction,6,2,4
Apokálipse,frostmourne,192,warlock,destruction,6,2,4
Diabolock,proudmoore,192,warlock,destruction,6,2,4
Mortallicus,proudmoore,192,warlock,destruction,6,2,4
Yêrfdog,proudmoore,192,warlock,destruction,6,2,4
Snipsfan,hyjal,192,warlock,destruction,6,2,4
Poltergiiest,korgath,192,warlock,destruction,6,2,4
Blâzêd,kul-tiras,192,warlock,destruction,6,2,4
Leine,proudmoore,192,warlock,destruction,6,2,4
Mythh,hyjal,192,warlock,destruction,6,2,4
Lîch,thunderlord,192,warlock,destruction,8,2,6
Cbq,stormrage,192,warlock,destruction,9,2,7
Smilezz,sargeras,192,warlock,destruction,9,2,7
Savubaloo,blackrock,192,warlock,destruction,15,3,12
Whydemono,tichondrius,192,warlock,destruction,10,2,8
Crilock,quelthalas,192,warlock,destruction,12,2,10
Drzx,frostmourne,192,warlock,destruction,12,2,10
Hadés,aerie-peak,192,warlock,destruction,12,2,10
Lowiee,aggramar,192,warlock,destruction,12,2,10
Vánhellsing,quelthalas,192,warlock,destruction,12,2,10
Shinigami,bloodscalp,192,warlock,destruction,12,2,10
Daggondai,tichondrius,192,warlock,destruction,12,2,10
Asumi,nemesis,192,warlock,destruction,12,2,10
Burnphase,sargeras,192,warlock,destruction,12,2,10
Crackéd,amanthul,192,warlock,destruction,12,2,10
Zlocks,scilla,192,warlock,destruction,12,2,10
Proletariat,moon-guard,192,warlock,destruction,12,2,10
Bladebank,kirin-tor,192,warlock,destruction,12,2,10
Dorath,archimonde,192,warlock,destruction,12,2,10
Kandrus,moon-guard,192,warlock,destruction,12,2,10
Nefertarie,illidan,192,warlock,destruction,12,2,10
Beelzismurph,emerald-dream,192,warlock,destruction,12,2,10
Delaye,tichondrius,192,warlock,destruction,12,2,10
Mathérs,stormrage,192,warlock,destruction,12,2,10
Grelind,tichondrius,192,warlock,destruction,12,2,10
Beamac,cenarius,192,warlock,destruction,14,2,12
Pangppi,tichondrius,192,warlock,destruction,24,2,22
Loloxx,ragnaros,191,warlock,destruction,12,2,10
Eldrien,spirestone,191,warlock,destruction,12,2,10
Bunnyhop,nemesis,180,warlock,destruction,11,5,6
Siheshepherd,hellscream,175,warlock,destruction,11,2,9
Casusita,area-52,172,warlock,destruction,16,6,10
Fearfeaster,tichondrius,159,warlock,destruction,5,2,3
Arkama,tichondrius,159,warlock,destruction,5,2,3
Bashislayer,tichondrius,159,warlock,destruction,5,2,3
Dotyoazz,stormrage,159,warlock,destruction,5,2,3
Lowvalue,illidan,159,warlock,destruction,5,2,3
Lockycharms,sargeras,159,warlock,destruction,5,2,3
Eatmyboltz,hyjal,159,warlock,destruction,5,2,3
Zarson,illidan,159,warlock,destruction,5,2,3
Prds,illidan,159,warlock,destruction,5,2,3
Pazuzuzu,suramar,138,warlock,destruction,7,3,4
Blakedogx,tichondrius,138,warlock,destruction,8,3,5
Saffuky,frostmourne,138,warlock,destruction,9,3,6
Gildedknight,arthas,138,warlock,destruction,10,3,7
Afróex,azralon,138,warlock,destruction,19,4,15
Conilus,malganis,128,warlock,destruction,4,2,2
Demonhart,moon-guard,128,warlock,destruction,4,2,2
Thegoatmen,stormrage,128,warlock,destruction,4,2,2
Catarina,kaelthas,128,warlock,destruction,4,2,2
Hentailust,kiljaeden,128,warlock,destruction,4,2,2
Korrosion,illidan,128,warlock,destruction,4,2,2
Boltina,zuluhed,128,warlock,destruction,10,2,8
Beelphegor,frostwolf,127,warlock,destruction,8,2,6
Oreo,velen,112,warlock,destruction,7,2,5
Walljumper,thrall,105,warlock,destruction,13,4,9
Willsayan,ragnaros,96,warlock,destruction,3,2,1
Crankak,zuljin,96,warlock,destruction,3,2,1
Clisper,tichondrius,96,warlock,destruction,3,2,1
Goodforyou,stormscale,96,warlock,destruction,3,2,1
Jonlongdon,stormreaver,96,warlock,destruction,5,2,3
Vuodoo,azralon,96,warlock,destruction,6,1,5
Jìbril,stormrage,96,warlock,destruction,6,1,5
Felforge,thunderlord,96,warlock,destruction,6,1,5
Talti,nathrezim,96,warlock,destruction,6,1,5
Shaddows,nathrezim,96,warlock,destruction,6,1,5
Skeemer,azuremyst,96,warlock,destruction,6,1,5
Vendareth,earthen-ring,96,warlock,destruction,6,1,5
Fearxd,maiev,96,warlock,destruction,6,1,5
Kraguenöth,drakkari,96,warlock,destruction,6,1,5
Demise,azuremyst,96,warlock,destruction,6,1,5
Lokiiee,azuremyst,96,warlock,destruction,6,1,5
Lawkdown,dark-iron,96,warlock,destruction,6,1,5
Mokgran,malfurion,96,warlock,destruction,6,1,5
Dotomizer,moonrunner,96,warlock,destruction,6,1,5
Hellbraive,queldorei,96,warlock,destruction,6,1,5
Rennik,haomarush,96,warlock,destruction,6,1,5
Sheara,silver-hand,96,warlock,destruction,6,1,5
Rëappér,ragnaros,96,warlock,destruction,6,1,5
Hinatasu,greymane,96,warlock,destruction,6,1,5
Lánathel,ragnaros,96,warlock,destruction,6,1,5
Gamecobra,greymane,96,warlock,destruction,6,1,5
Seutóóbinha,stormrage,96,warlock,destruction,6,1,5
Bagelandlock,tichondrius,96,warlock,destruction,6,1,5
Lilcarmy,emerald-dream,96,warlock,destruction,6,1,5
Chilevael,sargeras,96,warlock,destruction,6,1,5
Kuasta,shadowmoon,96,warlock,destruction,6,1,5
Mysticalmin,lethon,96,warlock,destruction,6,1,5
Dirtyoldman,malfurion,96,warlock,destruction,6,1,5
Restìnpeace,azralon,96,warlock,destruction,6,1,5
Adlfcritler,emerald-dream,96,warlock,destruction,6,1,5
Incaseidcya,tichondrius,96,warlock,destruction,6,1,5
Toryboltz,sargeras,96,warlock,destruction,6,1,5
Bonbonz,archimonde,96,warlock,destruction,6,1,5
Nabuco,barthilas,96,warlock,destruction,6,1,5
Kristianxx,quelthalas,96,warlock,destruction,6,1,5
Aflictiyon,azralon,96,warlock,destruction,6,1,5
Mementomøri,quelthalas,96,warlock,destruction,6,1,5
Robertloblah,sargeras,96,warlock,destruction,6,1,5
Gëngãr,tichondrius,96,warlock,destruction,6,1,5
Lizlock,stormrage,96,warlock,destruction,6,1,5
Bfaclâssic,zuljin,96,warlock,destruction,6,1,5
Blakmajix,malganis,96,warlock,destruction,6,1,5
Rhoobi,proudmoore,96,warlock,destruction,6,1,5
Cursenkill,sargeras,96,warlock,destruction,6,1,5
Lockael,frostmourne,96,warlock,destruction,6,1,5
Sèphìrøth,burning-legion,96,warlock,destruction,6,1,5
Cewkimonster,proudmoore,96,warlock,destruction,6,1,5
Brah,tichondrius,96,warlock,destruction,6,1,5
Meanda,boulderfist,96,warlock,destruction,6,1,5
Lockenoob,kelthuzad,96,warlock,destruction,6,1,5
Mílkduds,zuljin,96,warlock,destruction,6,1,5
Biigdaddyy,kelthuzad,96,warlock,destruction,6,1,5
Taddedlock,kelthuzad,96,warlock,destruction,6,1,5
Réliok,quelthalas,96,warlock,destruction,6,1,5
Wlnjr,kelthuzad,96,warlock,destruction,6,1,5
Darkmatter,frostmourne,96,warlock,destruction,6,1,5
Pwnasaurus,barthilas,96,warlock,destruction,6,1,5
Chocodots,burning-blade,96,warlock,destruction,6,1,5
Evvell,bleeding-hollow,96,warlock,destruction,6,1,5
Fearfaze,tichondrius,96,warlock,destruction,6,1,5
Kothoped,wyrmrest-accord,96,warlock,destruction,6,1,5
Siaokuai,tichondrius,96,warlock,destruction,6,1,5
Vexria,wyrmrest-accord,96,warlock,destruction,6,1,5
Yamamas,hakkar,96,warlock,destruction,6,1,5
Legendlock,stormrage,96,warlock,destruction,6,1,5
Demoiceman,bleeding-hollow,96,warlock,destruction,6,1,5
Demonellea,frostmourne,96,warlock,destruction,6,1,5
Jitza,bleeding-hollow,96,warlock,destruction,6,1,5
Deekins,sargeras,96,warlock,destruction,6,1,5
Näx,tichondrius,96,warlock,destruction,6,1,5
Shploopy,darkspear,96,warlock,destruction,6,1,5
Sphiltomis,dalaran,96,warlock,destruction,6,1,5
Tubarão,azralon,96,warlock,destruction,6,1,5
Demonformm,kiljaeden,96,warlock,destruction,6,1,5
Heffyboi,frostmourne,96,warlock,destruction,6,1,5
Jonstaimoist,blood-furnace,96,warlock,destruction,6,1,5
Koillock,bleeding-hollow,96,warlock,destruction,6,1,5
Gsr,bleeding-hollow,96,warlock,destruction,6,1,5
Zehzet,area-52,96,warlock,destruction,6,1,5
Infear,area-52,96,warlock,destruction,6,1,5
Radii,bladefist,96,warlock,destruction,6,1,5
Scatach,area-52,96,warlock,destruction,6,1,5
Meinhundin,stormrage,96,warlock,destruction,6,1,5
Tangerinalex,stormrage,96,warlock,destruction,6,1,5
Killulock,area-52,96,warlock,destruction,6,1,5
Warthore,ursin,96,warlock,destruction,6,1,5
Elaïla,area-52,96,warlock,destruction,6,1,5
Lokinzz,tichondrius,96,warlock,destruction,6,1,5
Kaotiq,area-52,96,warlock,destruction,6,1,5
Thehempress,magtheridon,96,warlock,destruction,6,1,5
Sleez,area-52,96,warlock,destruction,6,1,5
Däemön,area-52,96,warlock,destruction,6,1,5
Plaguedoctor,stormrage,96,warlock,destruction,6,1,5
Nächtxîüs,terenas,96,warlock,destruction,6,1,5
Wesyane,anetheron,96,warlock,destruction,6,1,5
Crushbucket,stormreaver,96,warlock,destruction,6,1,5
Yallsdead,frostmourne,96,warlock,destruction,6,1,5
Alcorick,moon-guard,96,warlock,destruction,6,1,5
Lazymongoose,frostmourne,96,warlock,destruction,6,1,5
Projecto,tichondrius,96,warlock,destruction,6,1,5
Evö,alexstrasza,96,warlock,destruction,6,1,5
Voky,whisperwind,96,warlock,destruction,6,1,5
Bosshoglock,whisperwind,96,warlock,destruction,6,1,5
Druzzaj,thrall,96,warlock,destruction,6,1,5
Wetweenies,illidan,96,warlock,destruction,6,1,5
Mazip,vashj,96,warlock,destruction,6,1,5
Dôtahôlic,tichondrius,96,warlock,destruction,6,1,5
Inanimatis,nemesis,96,warlock,destruction,6,1,5
Clairovibes,tichondrius,96,warlock,destruction,6,1,5
Xyrantha,moon-guard,96,warlock,destruction,6,1,5
Walterrør,nemesis,96,warlock,destruction,6,1,5
Demonist,moon-guard,96,warlock,destruction,6,1,5
Xaryus,barthilas,96,warlock,destruction,6,1,5
Basticor,moon-guard,96,warlock,destruction,6,1,5
Päpï,tichondrius,96,warlock,destruction,6,1,5
Daycrazee,gorefiend,96,warlock,destruction,6,1,5
Ursuxus,moon-guard,96,warlock,destruction,6,1,5
Mmfoodisgood,dalaran,96,warlock,destruction,6,1,5
Miltoroc,wildhammer,96,warlock,destruction,6,1,5
Wickedicky,alleria,96,warlock,destruction,6,1,5
Siinistuh,tichondrius,96,warlock,destruction,6,1,5
Cornboil,tichondrius,96,warlock,destruction,6,1,5
Niubeelol,tichondrius,96,warlock,destruction,6,1,5
Stupidbeard,illidan,96,warlock,destruction,6,1,5
Thanock,illidan,96,warlock,destruction,6,1,5
Sinaman,barthilas,96,warlock,destruction,6,1,5
Pedicabo,thrall,96,warlock,destruction,6,1,5
Varix,frostmourne,96,warlock,destruction,6,1,5
Winstonblack,moon-guard,96,warlock,destruction,6,1,5
Wolfibe,tichondrius,96,warlock,destruction,6,1,5
Gulgrin,eldrethalas,96,warlock,destruction,6,1,5
Boltyowass,illidan,96,warlock,destruction,6,1,5
Alyxandros,illidan,96,warlock,destruction,6,1,5
Charlîe,vashj,96,warlock,destruction,6,1,5
Darkarts,uldum,96,warlock,destruction,6,1,5
Zanlockos,dalaran,96,warlock,destruction,6,1,5
Alfizzle,illidan,96,warlock,destruction,6,1,5
Bitrot,jubeithos,96,warlock,destruction,6,1,5
Toelickerx,illidan,96,warlock,destruction,6,1,5
Saytiri,tichondrius,96,warlock,destruction,6,1,5
Shadöwdancer,uldum,96,warlock,destruction,6,1,5
Yuengling,illidan,96,warlock,destruction,6,1,5
Mcpickl,illidan,96,warlock,destruction,6,1,5
Spellbøund,malorne,96,warlock,destruction,6,1,5
Darkestholy,illidan,96,warlock,destruction,6,1,5
Nym,ysera,96,warlock,destruction,6,1,5
Resima,stormscale,96,warlock,destruction,6,1,5
Wherelock,area-52,96,warlock,destruction,7,1,6
Mystrë,thrall,96,warlock,destruction,10,1,9
Paah,whisperwind,96,warlock,destruction,12,1,11
Ashlëen,ragnaros,96,warlock,destruction,12,1,11
Mythsubpar,tichondrius,96,warlock,destruction,12,1,11
Neverknownwl,proudmoore,96,warlock,destruction,12,1,11
Warhola,tichondrius,96,warlock,destruction,12,1,11
Diddy,arygos,96,warlock,destruction,12,1,11
Winsten,korgath,96,warlock,destruction,12,1,11
Nekranis,thrall,96,warlock,destruction,12,1,11
Kreâtor,tichondrius,96,warlock,destruction,12,1,11
Kazragore,mannoroth,79,warlock,destruction,5,1,4
Ledmann,tichondrius,73,warlock,destruction,21,3,18
Retárdèr,tichondrius,64,warlock,destruction,10,1,9
Thiccdoinkz,tichondrius,63,warlock,destruction,2,2,0
Nightagony,ragnaros,63,warlock,destruction,2,2,0
Cokelime,sargeras,63,warlock,destruction,2,2,0
Chaosboltfan,area-52,48,warlock,destruction,3,1,2
Clevingert,frostmourne,48,warlock,destruction,3,1,2
Draindeez,sargeras,42,warlock,destruction,9,3,6
Dotdzdotdoze,tichondrius,42,warlock,destruction,10,3,7
Kosugi,kelthuzad,42,warlock,destruction,8,2,6
Moräl,frostmourne,31,warlock,destruction,2,1,1
Krumlax,thrall,31,warlock,destruction,2,1,1
Kandlia,tichondrius,31,warlock,destruction,2,1,1
Jusmessin,tichondrius,31,warlock,destruction,2,1,1
Amarexd,stormrage,31,warlock,destruction,2,1,1
Morêdots,malganis,31,warlock,destruction,2,1,1
Oscarfenomen,quelthalas,31,warlock,destruction,8,1,7
Lazygnom,azshara,16,warlock,destruction,1,1,0
Ríchíeháwtín,tichondrius,16,warlock,destruction,1,1,0
Minglocked,proudmoore,2306,warlock,affliction,95,56,39
Exgenshinpro,proudmoore,2273,warlock,affliction,172,95,77
Goofhu,sargeras,2270,warlock,affliction,102,62,40
Conradlenoir,illidan,2216,warlock,affliction,89,48,41
Dewandoritos,kelthuzad,2201,warlock,affliction,266,134,132
Tcchiu,tichondrius,2174,warlock,affliction,59,34,25
Yandhi,bronzebeard,2129,warlock,affliction,46,30,16
Rangz,tichondrius,2107,warlock,affliction,131,73,58
Idotû,tichondrius,2084,warlock,affliction,158,86,72
Dotdzdotdoze,tichondrius,2062,warlock,affliction,339,177,162
Newmanz,nerzhul,2060,warlock,affliction,84,42,42
Gianni,chogall,2058,warlock,affliction,93,52,41
Albright,azralon,2051,warlock,affliction,169,94,75
Fallenis,proudmoore,2047,warlock,affliction,164,94,70
Steven,firetree,2044,warlock,affliction,143,77,66
Arityy,tichondrius,2034,warlock,affliction,162,87,75
Goofgg,sargeras,2031,warlock,affliction,388,190,198
Burtreynolds,shattered-hand,2026,warlock,affliction,130,73,57
Baxmoney,malganis,2025,warlock,affliction,113,53,60
Beamin,dentarg,2009,warlock,affliction,108,71,37
Oymmander,illidan,2008,warlock,affliction,66,40,26
Octopus,nerzhul,2005,warlock,affliction,130,66,64
Boyahancook,tichondrius,2004,warlock,affliction,246,131,115
Shanyanghuxu,tichondrius,1997,warlock,affliction,48,30,18
Mornnah,dalaran,1995,warlock,affliction,403,204,199
Rangrang,tichondrius,1987,warlock,affliction,210,106,104
Jukethisxo,tichondrius,1979,warlock,affliction,153,90,63
Knothy,proudmoore,1974,warlock,affliction,120,63,57
Kålêïðøsçøpê,sargeras,1965,warlock,affliction,42,24,18
Felegance,proudmoore,1965,warlock,affliction,79,41,38
Wardyn,dragonmaw,1959,warlock,affliction,141,66,75
Sphoo,tichondrius,1929,warlock,affliction,118,58,60
Gekku,ragnaros,1917,warlock,affliction,83,49,34
Bigg,duskwood,1900,warlock,affliction,48,29,19
Pardoned,stormrage,1892,warlock,affliction,87,40,47
Dyenamik,stormrage,1891,warlock,affliction,60,33,27
Jimmyvagene,area-52,1891,warlock,affliction,190,91,99
Exódia,tichondrius,1888,warlock,affliction,225,112,113
Hyoozy,illidan,1887,warlock,affliction,123,68,55
Venticm,tichondrius,1886,warlock,affliction,42,30,12
Etuskaa,tichondrius,1884,warlock,affliction,57,34,23
Diminish,sargeras,1882,warlock,affliction,221,109,112
Cumbledora,kelthuzad,1878,warlock,affliction,48,30,18
Portalgun,tichondrius,1877,warlock,affliction,96,51,45
Aanx,dark-iron,1877,warlock,affliction,248,126,122
Purp,vashj,1877,warlock,affliction,62,29,33
Forestfruit,tichondrius,1875,warlock,affliction,64,34,30
Slendyman,stormrage,1874,warlock,affliction,48,29,19
Yellowfevr,thrall,1870,warlock,affliction,48,27,21
Barovir,tichondrius,1852,warlock,affliction,54,30,24
Lockprocz,kirin-tor,1851,warlock,affliction,54,30,24
Prnhbgødx,sargeras,1851,warlock,affliction,60,32,28
Lucyloux,sargeras,1847,warlock,affliction,46,28,18
Widenose,agamaggan,1847,warlock,affliction,77,43,34
Bugbugg,tichondrius,1842,warlock,affliction,63,45,18
Gry,malganis,1835,warlock,affliction,40,23,17
Feetsampler,stormrage,1832,warlock,affliction,87,47,40
Locklist,frostmourne,1825,warlock,affliction,138,76,62
Amazeus,tichondrius,1824,warlock,affliction,106,60,46
Înfy,sargeras,1823,warlock,affliction,58,31,27
Fatherbolt,tichondrius,1820,warlock,affliction,59,35,24
Lostlock,sargeras,1818,warlock,affliction,132,73,59
Lockhippo,illidan,1818,warlock,affliction,58,30,28
Livinpink,zuljin,1812,warlock,affliction,24,19,5
Woopie,malfurion,1809,warlock,affliction,53,29,24
Afflidotexe,tichondrius,1807,warlock,affliction,215,115,100
Warlocknroll,frostmourne,1803,warlock,affliction,47,21,26
Hiro,steamwheedle-cartel,1801,warlock,affliction,165,88,77
Dröwzy,sargeras,1801,warlock,affliction,48,25,23
Beetlejoos,stormreaver,1800,warlock,affliction,154,82,72
Phlares,stormrage,1798,warlock,affliction,71,30,41
Gaza,malganis,1791,warlock,affliction,60,38,22
Fancynuts,kiljaeden,1791,warlock,affliction,72,37,35
Richãrd,area-52,1789,warlock,affliction,36,22,14
Renosa,illidan,1788,warlock,affliction,63,34,29
Vexe,tichondrius,1787,warlock,affliction,126,67,59
Matrielan,azshara,1784,warlock,affliction,168,99,69
Limeriax,emerald-dream,1782,warlock,affliction,126,68,58
Blackchinese,zuljin,1781,warlock,affliction,180,105,75
Leach,draktharon,1771,warlock,affliction,96,52,44
Dotpocket,runetotem,1767,warlock,affliction,60,25,35
Duukka,malganis,1763,warlock,affliction,47,28,19
Abrocket,alleria,1763,warlock,affliction,78,38,40
Thecat,shattered-hand,1762,warlock,affliction,48,33,15
Salival,chogall,1758,warlock,affliction,84,44,40
Bustedaff,illidan,1758,warlock,affliction,42,22,20
Drowzy,undermine,1754,warlock,affliction,72,34,38
Fatals,thrall,1749,warlock,affliction,84,45,39
Goofgoof,sargeras,1744,warlock,affliction,42,19,23
Ezgamejr,tichondrius,1740,warlock,affliction,52,30,22
Phøbøs,hyjal,1725,warlock,affliction,36,23,13
Jierd,tichondrius,1715,warlock,affliction,46,30,16
Dotplaystyle,blackrock,1714,warlock,affliction,113,52,61
Voidrob,tichondrius,1713,warlock,affliction,54,31,23
Auntzhang,tichondrius,1708,warlock,affliction,124,58,66
Gasgrassnass,sargeras,1705,warlock,affliction,36,22,14
Dragoska,kiljaeden,1703,warlock,affliction,40,25,15
Lamdyn,moon-guard,1702,warlock,affliction,78,51,27
Imadotyasan,shandris,1702,warlock,affliction,60,31,29
Bigdammich,bleeding-hollow,1696,warlock,affliction,96,51,45
Eraticlock,illidan,1687,warlock,affliction,49,30,19
Cslice,magtheridon,1686,warlock,affliction,36,20,16
Strudelfears,tichondrius,1685,warlock,affliction,119,75,44
Sâltylôck,tichondrius,1685,warlock,affliction,53,28,25
Laurela,aegwynn,1685,warlock,affliction,270,140,130
Buccs,barthilas,1684,warlock,affliction,35,24,11
Oopsprecog,tichondrius,1682,warlock,affliction,72,42,30
Spreadlove,emerald-dream,1678,warlock,affliction,180,93,87
Swath,firetree,1674,warlock,affliction,89,44,45
Hiddentech,saurfang,1673,warlock,affliction,23,18,5
Scustin,tichondrius,1669,warlock,affliction,36,20,16
Ohmend,thrall,1663,warlock,affliction,36,24,12
Arcziz,tichondrius,1663,warlock,affliction,172,93,79
Hauntx,bonechewer,1663,warlock,affliction,63,31,32
Eh,laughing-skull,1662,warlock,affliction,220,107,113
Dlarenn,kelthuzad,1653,warlock,affliction,42,20,22
Hilzin,area-52,1652,warlock,affliction,136,69,67
Chde,ragnaros,1649,warlock,affliction,42,34,8
Vardros,moon-guard,1648,warlock,affliction,67,38,29
Dpz,spirestone,1645,warlock,affliction,30,18,12
Ticktickdoom,sargeras,1641,warlock,affliction,80,38,42
Jordhan,barthilas,1639,warlock,affliction,36,18,18
Mechnite,sargeras,1639,warlock,affliction,115,57,58
Calculator,tichondrius,1639,warlock,affliction,204,96,108
Wojii,kelthuzad,1636,warlock,affliction,44,24,20
Kopium,tichondrius,1633,warlock,affliction,57,34,23
Soulcore,area-52,1631,warlock,affliction,30,20,10
Bbangtimo,tichondrius,1627,warlock,affliction,49,26,23
Ticklebolts,tichondrius,1626,warlock,affliction,60,32,28
Erlandesher,tichondrius,1626,warlock,affliction,36,17,19
Shadowhax,area-52,1620,warlock,affliction,50,23,27
Techs,tichondrius,1615,warlock,affliction,103,62,41
Nutted,dentarg,1615,warlock,affliction,36,20,16
Crayonchewer,alleria,1614,warlock,affliction,30,17,13
Herladytha,aegwynn,1613,warlock,affliction,52,31,21
Elend,elune,1611,warlock,affliction,60,40,20
Mørøs,tichondrius,1611,warlock,affliction,164,98,66
Dottcha,blackrock,1611,warlock,affliction,72,42,30
Jkun,malganis,1608,warlock,affliction,126,70,56
Urwjoa,tichondrius,1607,warlock,affliction,140,72,68
Catarina,kaelthas,1605,warlock,affliction,33,18,15
Forcedbeejay,sargeras,1604,warlock,affliction,84,46,38
Asetiks,tichondrius,1604,warlock,affliction,42,22,20
Balveer,tichondrius,1603,warlock,affliction,40,18,22
Slothycrip,emerald-dream,1602,warlock,affliction,71,39,32
Chilipeppa,wyrmrest-accord,1601,warlock,affliction,106,53,53
Tjdotter,stormrage,1600,warlock,affliction,30,19,11
Evarona,gorefiend,1598,warlock,affliction,102,50,52
Demonkiiller,kelthuzad,1597,warlock,affliction,49,25,24
Uggaboogga,malganis,1597,warlock,affliction,36,17,19
Sìnister,nazgrel,1596,warlock,affliction,83,53,30
Razlock,moon-guard,1594,warlock,affliction,133,73,60
Sinápsís,ragnaros,1593,warlock,affliction,30,18,12
Dotymania,aegwynn,1593,warlock,affliction,30,18,12
Cokeparty,tichondrius,1591,warlock,affliction,120,57,63
Unsee,sargeras,1589,warlock,affliction,113,61,52
Waifucandy,tichondrius,1588,warlock,affliction,60,29,31
Phishdots,tichondrius,1585,warlock,affliction,54,34,20
Sventka,ragnaros,1585,warlock,affliction,613,309,304
Xentzor,auchindoun,1585,warlock,affliction,96,48,48
Illinkin,illidan,1585,warlock,affliction,43,21,22
Parmenides,tichondrius,1584,warlock,affliction,210,110,100
Sillyrabbut,kelthuzad,1584,warlock,affliction,258,134,124
Damage,khadgar,1584,warlock,affliction,66,33,33
Zeraedify,bleeding-hollow,1580,warlock,affliction,48,21,27
Nightkiss,sargeras,1578,warlock,affliction,48,22,26
Loisel,tichondrius,1577,warlock,affliction,38,21,17
Swinefrommud,zuljin,1574,warlock,affliction,42,18,24
Babydots,stormreaver,1571,warlock,affliction,83,45,38
Veerdz,area-52,1571,warlock,affliction,36,19,17
Glifosáto,quelthalas,1569,warlock,affliction,60,35,25
Squirtwee,frostmourne,1569,warlock,affliction,245,120,125
Liarz,tichondrius,1566,warlock,affliction,89,41,48
Astarõth,zuljin,1560,warlock,affliction,60,31,29
Snuffe,vashj,1550,warlock,affliction,199,112,87
Mattypatty,the-forgotten-coast,1550,warlock,affliction,80,43,37
Vialdkaseun,muradin,1550,warlock,affliction,208,97,111
Oogren,korgath,1548,warlock,affliction,36,19,17
Muffîn,moon-guard,1548,warlock,affliction,61,32,29
Flangy,kiljaeden,1547,warlock,affliction,174,93,81
Cynic,uther,1547,warlock,affliction,48,20,28
Adeadsaint,boulderfist,1545,warlock,affliction,70,39,31
Zod,burning-legion,1543,warlock,affliction,63,29,34
Chadre,feathermoon,1541,warlock,affliction,88,49,39
Mitryc,illidan,1540,warlock,affliction,55,26,29
Benafflock,kaelthas,1539,warlock,affliction,72,37,35
Disneytoon,moon-guard,1536,warlock,affliction,36,18,18
Bigdamege,tichondrius,1535,warlock,affliction,24,17,7
Grimdreams,malganis,1533,warlock,affliction,81,39,42
Ðåntë,thrall,1532,warlock,affliction,62,32,30
Iracis,sargeras,1529,warlock,affliction,114,59,55
Pykorrg,ragnaros,1529,warlock,affliction,59,27,32
Cuteboy,tichondrius,1528,warlock,affliction,96,60,36
Spaceländ,emerald-dream,1527,warlock,affliction,30,19,11
Drugia,stormrage,1526,warlock,affliction,301,155,146
Dirtydotting,nerzhul,1524,warlock,affliction,30,17,13
Lessthanjake,zuljin,1524,warlock,affliction,96,52,44
Deangood,tichondrius,1523,warlock,affliction,54,31,23
Awp,malganis,1522,warlock,affliction,108,61,47
Stopdot,lightnings-blade,1522,warlock,affliction,77,41,36
Methrocks,emerald-dream,1520,warlock,affliction,129,71,58
Autotheism,whisperwind,1520,warlock,affliction,113,54,59
Erolidra,blackrock,1519,warlock,affliction,30,16,14
Xoxoxoxoxo,lightnings-blade,1518,warlock,affliction,129,63,66
Juleno,quelthalas,1516,warlock,affliction,36,21,15
Daëmön,stormrage,1516,warlock,affliction,36,17,19
Wtb,blackrock,1515,warlock,affliction,48,26,22
Dotte,tichondrius,1514,warlock,affliction,42,27,15
Yuckytoetoe,emerald-dream,1514,warlock,affliction,72,43,29
Cantibor,illidan,1514,warlock,affliction,124,70,54
Yanned,hakkar,1514,warlock,affliction,99,51,48
Aroug,aggramar,1512,warlock,affliction,122,66,56
Tyicuslok,tichondrius,1510,warlock,affliction,60,31,29
Haì,illidan,1510,warlock,affliction,40,20,20
Sheboy,moon-guard,1509,warlock,affliction,96,52,44
Buckéthéad,arathor,1504,warlock,affliction,108,54,54
Vaalac,tichondrius,1504,warlock,affliction,660,326,334
Lapandemica,gorefiend,1504,warlock,affliction,36,16,20
Aomniloltv,zuljin,1500,warlock,affliction,152,78,74
Guluggorg,tichondrius,1499,warlock,affliction,94,47,47
Loodle,moon-guard,1494,warlock,affliction,47,23,24
Freddiewill,tichondrius,1492,warlock,affliction,59,33,26
Orelauk,rexxar,1489,warlock,affliction,90,48,42
Crazikrix,area-52,1488,warlock,affliction,118,62,56
Belaflore,moon-guard,1488,warlock,affliction,36,18,18
Wizxin,emerald-dream,1488,warlock,affliction,78,38,40
Hauntgød,tichondrius,1486,warlock,affliction,72,38,34
Sëcond,azralon,1481,warlock,affliction,72,38,34
Frylock,frostmourne,1481,warlock,affliction,218,110,108
Soulripped,area-52,1473,warlock,affliction,112,59,53
Sasaology,barthilas,1471,warlock,affliction,71,32,39
Zuelu,tichondrius,1470,warlock,affliction,28,18,10
Moräl,frostmourne,1470,warlock,affliction,51,25,26
Willogan,gurubashi,1466,warlock,affliction,30,17,13
Scapayam,azralon,1465,warlock,affliction,78,40,38
Eilethen,cenarion-circle,1465,warlock,affliction,54,25,29
Sîthfu,tichondrius,1464,warlock,affliction,95,48,47
Soragen,barthilas,1462,warlock,affliction,42,30,12
Catdrugs,kelthuzad,1461,warlock,affliction,34,16,18
Joung,tichondrius,1460,warlock,affliction,32,18,14
Sesyid,tichondrius,1460,warlock,affliction,48,25,23
Jìbril,stormrage,1459,warlock,affliction,60,28,32
Fearxd,maiev,1458,warlock,affliction,36,21,15
Fasteddywow,arygos,1456,warlock,affliction,101,51,50
Infecçäo,stormrage,1455,warlock,affliction,46,23,23
Yisuschríst,quelthalas,1453,warlock,affliction,39,23,16
Reckzet,stormrage,1452,warlock,affliction,36,17,19
Droppindots,frostmane,1449,warlock,affliction,122,65,57
Snuzzock,darkspear,1449,warlock,affliction,53,25,28
Munch,khadgar,1446,warlock,affliction,44,22,22
Nutzosaurus,darkspear,1443,warlock,affliction,90,48,42
Beitrice,barthilas,1442,warlock,affliction,63,27,36
Benaffllock,turalyon,1439,warlock,affliction,30,18,12
Millyvanilly,tichondrius,1439,warlock,affliction,36,18,18
Ciprýan,azralon,1437,warlock,affliction,66,41,25
Diosban,malganis,1437,warlock,affliction,66,31,35
Obertito,kelthuzad,1436,warlock,affliction,76,44,32
Dotsarehot,dreadmaul,1436,warlock,affliction,54,26,28
Xicó,tichondrius,1435,warlock,affliction,64,31,33
Fearfaze,tichondrius,1431,warlock,affliction,72,33,39
Percadu,barthilas,1431,warlock,affliction,36,16,20
Locker,lightnings-blade,1429,warlock,affliction,42,25,17
Frakyou,area-52,1428,warlock,affliction,36,23,13
Dghuldahn,bleeding-hollow,1428,warlock,affliction,72,41,31
Maxcorrupted,sargeras,1428,warlock,affliction,41,23,18
Stalezz,barthilas,1427,warlock,affliction,140,67,73
Dautenit,illidan,1427,warlock,affliction,92,41,51
Gnock,garona,1426,warlock,affliction,95,49,46
Dogfiend,spirestone,1424,warlock,affliction,30,15,15
Ialfizzle,dethecus,1423,warlock,affliction,84,42,42
Tribulatiön,moon-guard,1422,warlock,affliction,83,36,47
Tsalagi,sargeras,1421,warlock,affliction,151,79,72
Garthbrookz,bleeding-hollow,1418,warlock,affliction,63,29,34
Fowll,frostwolf,1416,warlock,affliction,145,84,61
Justganmore,tichondrius,1416,warlock,affliction,83,43,40
Livingdead,dreadmaul,1414,warlock,affliction,41,20,21
Hottyscotty,tichondrius,1414,warlock,affliction,97,46,51
Paparoxy,illidan,1413,warlock,affliction,64,33,31
Pauldiesel,ragnaros,1413,warlock,affliction,50,25,25
Aerumna,barthilas,1412,warlock,affliction,42,19,23
Torowasabi,tichondrius,1412,warlock,affliction,76,34,42
Dårkfyre,kiljaeden,1406,warlock,affliction,24,15,9
Xaryl,stormrage,1406,warlock,affliction,54,24,30
Gordaroth,barthilas,1404,warlock,affliction,47,28,19
Elliarquet,akama,1404,warlock,affliction,106,52,54
Fabitonny,ragnaros,1403,warlock,affliction,47,23,24
Sinesta,bleeding-hollow,1397,warlock,affliction,66,36,30
Døtyou,area-52,1396,warlock,affliction,30,15,15
Karpawarlock,ragnaros,1394,warlock,affliction,84,47,37
Ouijafaps,sargeras,1394,warlock,affliction,90,45,45
Morgil,suramar,1393,warlock,affliction,57,30,27
Marà,ragnaros,1393,warlock,affliction,56,23,33
Äffie,aerie-peak,1390,warlock,affliction,144,70,74
Zinkro,quelthalas,1388,warlock,affliction,188,106,82
Captrollol,tichondrius,1385,warlock,affliction,44,27,17
Tuerie,illidan,1385,warlock,affliction,60,34,26
Soloart,tichondrius,1385,warlock,affliction,36,15,21
Winipuhmalo,quelthalas,1384,warlock,affliction,59,33,26
Schmok,terenas,1379,warlock,affliction,68,35,33
Sugarwaffles,area-52,1378,warlock,affliction,36,23,13
Losecontrol,illidan,1378,warlock,affliction,30,18,12
Boreo,ragnaros,1376,warlock,affliction,48,23,25
Koiboii,tichondrius,1374,warlock,affliction,36,20,16
Varvanta,proudmoore,1374,warlock,affliction,66,25,41
Popdotdropit,frostwolf,1372,warlock,affliction,29,15,14
Novichok,amanthul,1371,warlock,affliction,54,27,27
Jumlock,illidan,1370,warlock,affliction,76,41,35
Féår,tichondrius,1369,warlock,affliction,114,57,57
Søül,tichondrius,1368,warlock,affliction,42,21,21
Onmyioji,dalaran,1367,warlock,affliction,24,16,8
Dankdôtz,stormrage,1365,warlock,affliction,42,18,24
Mysoultotake,sargeras,1364,warlock,affliction,48,26,22
Acceptdeath,stormrage,1362,warlock,affliction,30,17,13
Nazrakin,malganis,1360,warlock,affliction,84,42,42
Thoxy,barthilas,1358,warlock,affliction,102,52,50
Kimis,proudmoore,1358,warlock,affliction,54,23,31
Warakaso,ragnaros,1357,warlock,affliction,66,41,25
Dippindots,boulderfist,1355,warlock,affliction,116,56,60
Feoona,hyjal,1354,warlock,affliction,72,41,31
Aikonor,stormrage,1354,warlock,affliction,111,56,55
Skoobler,tichondrius,1352,warlock,affliction,105,55,50
Atraedes,moon-guard,1350,warlock,affliction,136,72,64
Volsace,moon-guard,1350,warlock,affliction,54,26,28
Oduckeun,tichondrius,1348,warlock,affliction,33,17,16
Apéx,frostmourne,1347,warlock,affliction,53,26,27
Cvoaw,bonechewer,1342,warlock,affliction,19,15,4
Yosuljaengi,stormrage,1342,warlock,affliction,179,94,85
Demfearslol,terokkar,1342,warlock,affliction,39,17,22
Amaroth,spinebreaker,1341,warlock,affliction,68,33,35
Lockneo,stormrage,1340,warlock,affliction,299,158,141
Darkgaia,skullcrusher,1340,warlock,affliction,34,15,19
Alterity,kelthuzad,1339,warlock,affliction,24,14,10
Il,nerzhul,1338,warlock,affliction,30,14,16
Proletariat,moon-guard,1337,warlock,affliction,24,15,9
Lübelock,illidan,1337,warlock,affliction,30,15,15
Hairydotter,doomhammer,1336,warlock,affliction,100,52,48
Kickg,tichondrius,1335,warlock,affliction,24,14,10
Nadablast,tichondrius,1335,warlock,affliction,24,14,10
Sweetjuly,area-52,1335,warlock,affliction,123,66,57
Chachanoobx,sargeras,1334,warlock,affliction,60,27,33
Radiscul,dragonmaw,1333,warlock,affliction,51,29,22
Mxd,ragnaros,1332,warlock,affliction,24,14,10
Lemdul,thrall,1329,warlock,affliction,54,26,28
Mèsut,malganis,1327,warlock,affliction,36,24,12
Pepzz,emerald-dream,1327,warlock,affliction,48,23,25
Mïer,tichondrius,1326,warlock,affliction,101,54,47
Aights,zuljin,1325,warlock,affliction,98,41,57
Thisist,kiljaeden,1324,warlock,affliction,24,16,8
Yeepzbytre,bleeding-hollow,1320,warlock,affliction,30,14,16
Moxz,garona,1320,warlock,affliction,115,52,63
Curaven,emerald-dream,1320,warlock,affliction,53,22,31
Zeviaem,quelthalas,1319,warlock,affliction,30,14,16
Yyoyo,tichondrius,1318,warlock,affliction,36,24,12
Tatemor,barthilas,1318,warlock,affliction,39,21,18
Datazdotcom,illidan,1315,warlock,affliction,24,14,10
Dercrow,quelthalas,1314,warlock,affliction,38,21,17
Nicodareus,hellscream,1314,warlock,affliction,69,35,34
Candykrush,tichondrius,1312,warlock,affliction,54,35,19
Kåos,kelthuzad,1310,warlock,affliction,64,33,31
Lockaloga,azralon,1309,warlock,affliction,73,41,32
Mhael,lightninghoof,1308,warlock,affliction,30,14,16
Psx,frostmourne,1308,warlock,affliction,30,14,16
Critthis,illidan,1305,warlock,affliction,99,55,44
Gregg,laughing-skull,1304,warlock,affliction,219,116,103
Ioroselmi,illidan,1303,warlock,affliction,82,41,41
Whydemono,tichondrius,1303,warlock,affliction,46,21,25
Côp,tichondrius,1303,warlock,affliction,71,31,40
Violentx,tichondrius,1301,warlock,affliction,45,20,25
Fabiusbilex,tichondrius,1300,warlock,affliction,36,15,21
Nookíe,azralon,1297,warlock,affliction,84,39,45
Castngcouch,tichondrius,1296,warlock,affliction,117,62,55
Merlinguini,cenarion-circle,1294,warlock,affliction,29,14,15
Ragnalock,laughing-skull,1294,warlock,affliction,42,20,22
Punished,arthas,1293,warlock,affliction,56,30,26
Hemmlock,moknathal,1292,warlock,affliction,73,34,39
Ramlock,spirestone,1291,warlock,affliction,60,29,31
Oblivious,firetree,1290,warlock,affliction,30,14,16
Dotsonthots,frostmourne,1288,warlock,affliction,24,14,10
Pipeo,quelthalas,1288,warlock,affliction,126,72,54
Arillus,thrall,1287,warlock,affliction,119,59,60
Symplicìty,area-52,1286,warlock,affliction,54,35,19
Boguslones,tichondrius,1286,warlock,affliction,24,14,10
Ysnou,nemesis,1283,warlock,affliction,42,24,18
Avatar,uldum,1283,warlock,affliction,60,26,34
Irene,nagrand,1281,warlock,affliction,43,24,19
Valtimorh,ragnaros,1280,warlock,affliction,60,30,30
Halciyon,dalvengyr,1280,warlock,affliction,41,18,23
Squasum,sargeras,1277,warlock,affliction,235,121,114
Krypt,scilla,1273,warlock,affliction,36,14,22
Zamorakk,nemesis,1272,warlock,affliction,58,33,25
Stonelocke,area-52,1271,warlock,affliction,36,18,18
Blliizz,aegwynn,1268,warlock,affliction,27,15,12
Tohkisaeki,dalaran,1266,warlock,affliction,90,48,42
Baiano,nagrand,1265,warlock,affliction,82,37,45
Coolwipp,demon-soul,1262,warlock,affliction,392,195,197
Azelle,blackrock,1259,warlock,affliction,72,40,32
Eyedot,stormscale,1258,warlock,affliction,30,20,10
Rickrock,gnomeregan,1257,warlock,affliction,46,22,24
Lithani,ragnaros,1254,warlock,affliction,36,14,22
Nestpas,tichondrius,1250,warlock,affliction,47,20,27
Xadge,tichondrius,1248,warlock,affliction,24,13,11
Aeonss,stormrage,1248,warlock,affliction,82,40,42
Sylencia,demon-soul,1248,warlock,affliction,60,28,32
Fatuglyegirl,sargeras,1248,warlock,affliction,87,39,48
Saltyfries,wildhammer,1248,warlock,affliction,72,32,40
Killernix,drakkari,1247,warlock,affliction,60,33,27
Fshi,frostmourne,1247,warlock,affliction,134,72,62
Lisaleda,stormrage,1247,warlock,affliction,66,33,33
Gentleq,tichondrius,1246,warlock,affliction,24,13,11
Mindfulchimp,sargeras,1246,warlock,affliction,50,21,29
Whathurts,tichondrius,1245,warlock,affliction,85,48,37
Quitxmanlm,tichondrius,1245,warlock,affliction,24,13,11
Drugmuffin,tichondrius,1244,warlock,affliction,24,13,11
Iainmbanks,barthilas,1244,warlock,affliction,532,261,271
Spi,chogall,1244,warlock,affliction,188,90,98
Lotdon,blackrock,1237,warlock,affliction,113,50,63
Chaoticstorm,area-52,1236,warlock,affliction,36,17,19
Garbocan,area-52,1235,warlock,affliction,24,13,11
Stonnerz,ragnaros,1233,warlock,affliction,24,13,11
Mymmic,ragnaros,1233,warlock,affliction,106,49,57
Lilliara,korgath,1232,warlock,affliction,41,16,25
Cilium,illidan,1231,warlock,affliction,24,13,11
Tizl,tichondrius,1229,warlock,affliction,259,122,137
Wallow,thunderhorn,1226,warlock,affliction,71,36,35
Fluffafear,area-52,1225,warlock,affliction,37,21,16
Caustikk,malganis,1225,warlock,affliction,24,13,11
Eightyfall,barthilas,1225,warlock,affliction,74,35,39
Deusita,kelthuzad,1224,warlock,affliction,74,33,41
Tuugadark,echo-isles,1219,warlock,affliction,30,15,15
Juniorsalanu,quelthalas,1219,warlock,affliction,97,43,54
Skrufenjoyer,sargeras,1218,warlock,affliction,295,148,147
Primalrho,muradin,1217,warlock,affliction,24,14,10
Kyugin,goldrinn,1217,warlock,affliction,32,13,19
Mothapucka,thrall,1216,warlock,affliction,42,14,28
Kreatur,ragnaros,1215,warlock,affliction,96,45,51
Greekstrikr,durotan,1214,warlock,affliction,40,17,23
Jennifear,sargeras,1212,warlock,affliction,24,13,11
Miratrix,moon-guard,1211,warlock,affliction,23,13,10
Riptyler,illidan,1208,warlock,affliction,31,14,17
Mummummum,caelestrasz,1204,warlock,affliction,33,23,10
Bashel,sargeras,1199,warlock,affliction,83,47,36
Lilpewpeww,bleeding-hollow,1196,warlock,affliction,158,80,78
Phelly,frostmourne,1195,warlock,affliction,172,89,83
Testicoils,sargeras,1195,warlock,affliction,28,14,14
Kokoto,azralon,1187,warlock,affliction,101,61,40
Gurlock,illidan,1187,warlock,affliction,48,27,21
Azâziel,ragnaros,1184,warlock,affliction,45,24,21
Cascades,icecrown,1182,warlock,affliction,85,41,44
Slakiejr,darkspear,1180,warlock,affliction,22,13,9
Beelzismurph,emerald-dream,1178,warlock,affliction,81,36,45
Ipssa,tichondrius,1174,warlock,affliction,34,13,21
Ruegger,stormscale,1173,warlock,affliction,126,58,68
Batär,area-52,1171,warlock,affliction,62,26,36
Kerokafe,azralon,1170,warlock,affliction,53,16,37
Zrx,proudmoore,1169,warlock,affliction,81,35,46
Púp,bleeding-hollow,1167,warlock,affliction,19,13,6
Poltergiiest,korgath,1164,warlock,affliction,24,13,11
Khatrat,azralon,1164,warlock,affliction,106,43,63
Lockinha,azralon,1163,warlock,affliction,60,26,34
Untyed,proudmoore,1163,warlock,affliction,33,14,19
Hexxüs,area-52,1162,warlock,affliction,31,13,18
Zaliki,hellscream,1161,warlock,affliction,36,22,14
Mfcalamity,uldum,1161,warlock,affliction,23,13,10
Handlevil,stormrage,1160,warlock,affliction,29,18,11
Maelganis,thrall,1156,warlock,affliction,53,23,30
Beetlegiese,doomhammer,1154,warlock,affliction,111,56,55
Lomeron,sargeras,1153,warlock,affliction,30,14,16
Äran,azralon,1152,warlock,affliction,24,12,12
Promann,drakkari,1151,warlock,affliction,12,12,0
Háydn,azuremyst,1151,warlock,affliction,18,12,6
Kåléïðøsçøpè,sargeras,1151,warlock,affliction,18,12,6
Zekjojo,turalyon,1151,warlock,affliction,24,12,12
Goldielocks,eredar,1150,warlock,affliction,18,12,6
Guldåniel,tichondrius,1150,warlock,affliction,18,12,6
Kruxxqt,illidan,1150,warlock,affliction,24,12,12
Miredö,tichondrius,1150,warlock,affliction,28,13,15
Tìdals,sargeras,1149,warlock,affliction,18,12,6
Rakshama,chogall,1148,warlock,affliction,24,12,12
Yoyoling,illidan,1147,warlock,affliction,130,65,65
Jensho,wyrmrest-accord,1147,warlock,affliction,32,14,18
Necroñomicon,malganis,1145,warlock,affliction,18,12,6
Chaoticchaos,kelthuzad,1144,warlock,affliction,23,14,9
Studious,sargeras,1139,warlock,affliction,26,15,11
Deaththreats,moon-guard,1138,warlock,affliction,30,12,18
Fluffylockk,bloodscalp,1137,warlock,affliction,67,33,34
Finnek,moon-guard,1134,warlock,affliction,60,30,30
Kosiris,stormrage,1133,warlock,affliction,30,12,18
Felno,emerald-dream,1130,warlock,affliction,30,12,18
Lockie,skywall,1127,warlock,affliction,30,12,18
Fearfactory,lethon,1125,warlock,affliction,24,13,11
Doombaby,zuljin,1124,warlock,affliction,24,12,12
Wlnjr,kelthuzad,1123,warlock,affliction,24,12,12
Päinoth,wyrmrest-accord,1122,warlock,affliction,42,26,16
Nedrien,moon-guard,1120,warlock,affliction,54,28,26
Drskeeters,malganis,1116,warlock,affliction,26,13,13
Shadöwdancer,uldum,1114,warlock,affliction,60,38,22
Fearocity,argent-dawn,1114,warlock,affliction,86,39,47
Wybbukk,wyrmrest-accord,1112,warlock,affliction,36,13,23
Buucocky,proudmoore,1108,warlock,affliction,36,18,18
Zipstream,dark-iron,1104,warlock,affliction,36,13,23
Tichonkimc,tichondrius,1102,warlock,affliction,23,12,11
Donnellus,frostmane,1099,warlock,affliction,30,19,11
Konnihs,nemesis,1099,warlock,affliction,54,23,31
Dipdip,illidan,1097,warlock,affliction,63,25,38
Delaye,tichondrius,1095,warlock,affliction,27,12,15
Kelmaragabe,dawnbringer,1084,warlock,affliction,30,12,18
Dreadloxx,whisperwind,1079,warlock,affliction,83,44,39
Sammythebull,frostwolf,1079,warlock,affliction,56,26,30
Littlepain,goldrinn,1071,warlock,affliction,30,14,16
Teaset,hellscream,1065,warlock,affliction,84,43,41
Hungovermate,barthilas,1062,warlock,affliction,25,16,9
Krïttzïe,proudmoore,1061,warlock,affliction,120,60,60
Felmort,bleeding-hollow,1059,warlock,affliction,48,19,29
Kogath,thunderlord,1057,warlock,affliction,64,34,30
Corkeý,azuremyst,1056,warlock,affliction,24,11,13
Yury,scarlet-crusade,1055,warlock,affliction,35,17,18
Geofar,bleeding-hollow,1055,warlock,affliction,24,11,13
Joednalol,tichondrius,1055,warlock,affliction,24,11,13
Kuhio,korgath,1054,warlock,affliction,18,11,7
Torchie,moon-guard,1053,warlock,affliction,18,11,7
Wreyz,mannoroth,1053,warlock,affliction,18,11,7
Raizël,ragnaros,1052,warlock,affliction,24,11,13
Gateor,zuljin,1051,warlock,affliction,24,11,13
Ellneggro,zuljin,1050,warlock,affliction,21,12,9
Lockfold,illidan,1050,warlock,affliction,24,11,13
Naburn,tichondrius,1049,warlock,affliction,24,11,13
Foxyloxy,hakkar,1048,warlock,affliction,20,11,9
Eastwitch,ragnaros,1048,warlock,affliction,24,11,13
Rõt,caelestrasz,1047,warlock,affliction,24,11,13
Grandpapapa,tichondrius,1046,warlock,affliction,18,11,7
Guacamolock,drakkari,1045,warlock,affliction,24,11,13
Cozu,tichondrius,1045,warlock,affliction,30,11,19
Jancilianna,stormrage,1044,warlock,affliction,24,14,10
Mangku,frostmourne,1042,warlock,affliction,46,19,27
Sapaqlia,quelthalas,1040,warlock,affliction,33,12,21
Elander,azuremyst,1038,warlock,affliction,35,18,17
Rorrlex,muradin,1037,warlock,affliction,42,20,22
Berszerk,quelthalas,1037,warlock,affliction,30,11,19
Dotfearspam,alterac-mountains,1032,warlock,affliction,39,16,23
Thorlock,maiev,1029,warlock,affliction,36,20,16
Avadakedávra,darkspear,1029,warlock,affliction,24,12,12
Arzenexx,malganis,1027,warlock,affliction,63,35,28
Tromeo,sargeras,1025,warlock,affliction,30,11,19
Basticor,moon-guard,1024,warlock,affliction,42,18,24
Mpm,dragonmaw,1023,warlock,affliction,48,28,20
Draenil,eredar,1022,warlock,affliction,17,11,6
Fyahwalka,aggramar,1022,warlock,affliction,83,32,51
Halzarn,agamaggan,1021,warlock,affliction,42,23,19
Medallok,laughing-skull,1021,warlock,affliction,54,28,26
Wardocc,sargeras,1019,warlock,affliction,122,61,61
Aerozyn,wyrmrest-accord,1012,warlock,affliction,42,23,19
Jyxxy,arthas,1011,warlock,affliction,109,55,54
Duuka,malganis,1008,warlock,affliction,15,12,3
Darkestholy,illidan,1006,warlock,affliction,23,11,12
Malleus,drakkari,1005,warlock,affliction,92,44,48
Corvos,garrosh,1001,warlock,affliction,32,12,20
Emurog,icecrown,998,warlock,affliction,20,12,8
Bigheadjr,gorgonnash,997,warlock,affliction,35,11,24
Wizlox,illidan,996,warlock,affliction,33,11,22
Mgodx,tichondrius,989,warlock,affliction,22,11,11
Thetopg,bronzebeard,988,warlock,affliction,69,34,35
Socketriver,bleeding-hollow,986,warlock,affliction,41,19,22
Medran,azralon,978,warlock,affliction,146,75,71
Avelmi,daggerspine,964,warlock,affliction,31,11,20
Ikis,cenarion-circle,963,warlock,affliction,29,16,13
Threk,quelthalas,960,warlock,affliction,18,10,8
Velanthra,skullcrusher,960,warlock,affliction,24,10,14
Tailsy,proudmoore,959,warlock,affliction,18,10,8
Koei,tichondrius,959,warlock,affliction,18,10,8
Cássandra,ragnaros,959,warlock,affliction,61,30,31
Niubeelol,tichondrius,959,warlock,affliction,24,10,14
Bobbyross,garrosh,958,warlock,affliction,16,11,5
Makumbeiro,sargeras,958,warlock,affliction,18,10,8
Malagas,tichondrius,958,warlock,affliction,18,10,8
Dirtyoldman,malfurion,958,warlock,affliction,19,10,9
Yogurtslingr,tichondrius,958,warlock,affliction,30,10,20
Xdq,malganis,957,warlock,affliction,27,12,15
Qualio,thrall,957,warlock,affliction,24,10,14
Ttub,stormrage,957,warlock,affliction,24,10,14
Antigotenent,sargeras,956,warlock,affliction,18,10,8
Buboñic,area-52,956,warlock,affliction,24,10,14
Aalkaid,dathremar,953,warlock,affliction,69,36,33
Lockë,thunderlord,953,warlock,affliction,24,11,13
Shadows,arygos,952,warlock,affliction,18,10,8
Victani,gallywix,946,warlock,affliction,18,10,8
Atrõcities,area-52,942,warlock,affliction,76,27,49
Oreo,velen,942,warlock,affliction,30,10,20
Mefound,nerzhul,940,warlock,affliction,18,10,8
Eflock,barthilas,940,warlock,affliction,36,10,26
Lachs,jubeithos,931,warlock,affliction,22,13,9
Dirtydeikan,stormrage,930,warlock,affliction,90,39,51
Warlockoo,frostmourne,923,warlock,affliction,18,10,8
Deatthmoon,stormrage,894,warlock,affliction,25,13,12
Britainwl,azshara,892,warlock,affliction,30,13,17
Halotricks,eredar,888,warlock,affliction,293,147,146
Persianloc,tichondrius,888,warlock,affliction,29,10,19
Tinydotz,hydraxis,879,warlock,affliction,42,20,22
Ruphilin,fizzcrank,864,warlock,affliction,12,9,3
Nöxïöüs,sargeras,864,warlock,affliction,12,9,3
Quitxman,tichondrius,864,warlock,affliction,12,9,3
Conboee,tichondrius,864,warlock,affliction,12,9,3
Tvfazedorito,kelthuzad,864,warlock,affliction,18,9,9
Oldwing,illidan,864,warlock,affliction,18,9,9
Jfet,sargeras,864,warlock,affliction,18,9,9
Bakko,tichondrius,864,warlock,affliction,18,9,9
Dejagu,tichondrius,864,warlock,affliction,24,9,15
Demonycc,archimonde,863,warlock,affliction,12,9,3
Bjarke,malganis,863,warlock,affliction,12,9,3
Halloweèn,kelthuzad,863,warlock,affliction,12,9,3
Dethklokx,tichondrius,863,warlock,affliction,15,10,5
Twilson,moon-guard,863,warlock,affliction,18,9,9
Reckiga,sargeras,863,warlock,affliction,18,9,9
Búmchúm,frostmourne,863,warlock,affliction,18,9,9
Destructo,illidan,863,warlock,affliction,18,9,9
Sslock,sargeras,863,warlock,affliction,18,9,9
Wanglock,blackrock,863,warlock,affliction,18,9,9
Devdolittle,tichondrius,863,warlock,affliction,18,9,9
Kryllua,tichondrius,863,warlock,affliction,27,10,17
Nerd,fizzcrank,862,warlock,affliction,12,9,3
Astralrunner,moon-guard,862,warlock,affliction,18,9,9
Atticassasin,stormrage,862,warlock,affliction,24,9,15
Sarkahn,sargeras,862,warlock,affliction,24,9,15
Scarysherri,aggramar,862,warlock,affliction,24,9,15
Conkeldurr,tichondrius,861,warlock,affliction,12,9,3
Vyntras,kelthuzad,861,warlock,affliction,18,9,9
Bignoselock,illidan,861,warlock,affliction,18,9,9
Podda,shuhalo,860,warlock,affliction,12,9,3
Abyssisle,malygos,860,warlock,affliction,20,10,10
Holloch,bonechewer,860,warlock,affliction,18,9,9
Bmó,stormrage,860,warlock,affliction,18,9,9
Drivercurses,terenas,859,warlock,affliction,18,9,9
Shloott,thrall,859,warlock,affliction,24,9,15
Smockalock,proudmoore,857,warlock,affliction,18,9,9
Mörgana,quelthalas,856,warlock,affliction,19,10,9
Yratiprocs,ysera,853,warlock,affliction,18,9,9
Downing,drakkari,846,warlock,affliction,98,35,63
Bharm,bleeding-hollow,841,warlock,affliction,18,9,9
Pillçosby,tichondrius,841,warlock,affliction,25,11,14
Kuoma,boulderfist,824,warlock,affliction,17,9,8
Mustacheguy,tichondrius,805,warlock,affliction,29,9,20
Thravis,tichondrius,796,warlock,affliction,16,9,7
Dötsonurpp,stormrage,768,warlock,affliction,12,8,4
Hahahahahha,stormrage,768,warlock,affliction,12,8,4
Zunlock,tichondrius,768,warlock,affliction,12,8,4
Hutchyw,tichondrius,768,warlock,affliction,12,8,4
Ðuckworth,azralon,768,warlock,affliction,12,8,4
Dotcomlol,blackrock,768,warlock,affliction,12,8,4
Sadoldman,malganis,768,warlock,affliction,12,8,4
Slothdots,tichondrius,768,warlock,affliction,12,8,4
Richãrdjr,area-52,768,warlock,affliction,12,8,4
Breeped,tichondrius,768,warlock,affliction,15,9,6
Funnysoxx,caelestrasz,768,warlock,affliction,18,8,10
Lopenx,korgath,768,warlock,affliction,18,8,10
Frylockk,mugthol,768,warlock,affliction,18,8,10
Pillçosby,bleeding-hollow,767,warlock,affliction,12,8,4
Brujoalfa,ragnaros,767,warlock,affliction,12,8,4
Warlockmf,sargeras,767,warlock,affliction,12,8,4
Wreckquiem,draka,767,warlock,affliction,12,8,4
Maniacal,shattered-halls,767,warlock,affliction,18,8,10
Pokendot,illidan,767,warlock,affliction,18,8,10
Endlös,area-52,767,warlock,affliction,18,8,10
Fearharder,stormrage,767,warlock,affliction,24,8,16
Divoc,zangarmarsh,766,warlock,affliction,18,8,10
Arkterris,doomhammer,766,warlock,affliction,18,8,10
Pedicabo,thrall,766,warlock,affliction,24,8,16
Vënënö,ragnaros,766,warlock,affliction,24,8,16
Flixon,tichondrius,765,warlock,affliction,13,8,5
Bëëlzebub,crushridge,765,warlock,affliction,18,8,10
Affitaffy,sargeras,765,warlock,affliction,18,8,10
Leroybrown,alterac-mountains,765,warlock,affliction,18,8,10
Çheesestick,dalaran,765,warlock,affliction,18,8,10
Aksness,stormrage,765,warlock,affliction,24,8,16
Copss,tichondrius,764,warlock,affliction,18,8,10
Blacadder,azgalor,764,warlock,affliction,24,8,16
Dowglips,area-52,763,warlock,affliction,18,8,10
Ilayah,quelthalas,763,warlock,affliction,18,8,10
Radamantîs,ragnaros,761,warlock,affliction,18,8,10
Jakedbtw,crushridge,759,warlock,affliction,12,8,4
Covidkillerr,tichondrius,759,warlock,affliction,19,8,11
Rotfull,burning-legion,751,warlock,affliction,17,8,9
Darkboltz,area-52,748,warlock,affliction,17,8,9
Seecurse,kelthuzad,735,warlock,affliction,17,8,9
Aodhin,moon-guard,734,warlock,affliction,20,9,11
Amgs,frostmourne,714,warlock,affliction,23,11,12
Debs,sargeras,703,warlock,affliction,11,8,3
Nuckz,whisperwind,687,warlock,affliction,14,9,5
Modot,tichondrius,685,warlock,affliction,23,9,14
Charïs,ragnaros,679,warlock,affliction,13,8,5
Casslight,tichondrius,672,warlock,affliction,12,7,5
Halethadro,emerald-dream,672,warlock,affliction,12,7,5
Grannybutter,sargeras,672,warlock,affliction,12,7,5
Hellbraive,queldorei,672,warlock,affliction,12,7,5
Theseance,dalaran,672,warlock,affliction,12,7,5
Hadouh,stormrage,672,warlock,affliction,12,7,5
Cylèr,whisperwind,672,warlock,affliction,18,7,11
Drainedd,blades-edge,672,warlock,affliction,18,7,11
Conboii,tichondrius,672,warlock,affliction,18,7,11
Toelickerx,illidan,672,warlock,affliction,18,7,11
Glortheeb,spirestone,672,warlock,affliction,18,7,11
Icemanliddel,area-52,672,warlock,affliction,18,7,11
Necromâncer,stormreaver,672,warlock,affliction,18,7,11
Soulrman,tichondrius,671,warlock,affliction,12,7,5
Tekkiez,barthilas,671,warlock,affliction,12,7,5
Sykoraa,zuljin,671,warlock,affliction,12,7,5
Aruotnof,nemesis,671,warlock,affliction,12,7,5
Ãids,khadgar,671,warlock,affliction,12,7,5
Magë,ursin,671,warlock,affliction,12,7,5
Killhorde,thunderlord,671,warlock,affliction,12,7,5
Zurp,wyrmrest-accord,671,warlock,affliction,12,7,5
Killabeesack,tichondrius,671,warlock,affliction,13,7,6
Liliasintera,dentarg,671,warlock,affliction,14,7,7
Morål,frostmourne,671,warlock,affliction,18,7,11
Afflicktion,frostmourne,671,warlock,affliction,18,7,11
Djminuterice,bleeding-hollow,671,warlock,affliction,18,7,11
Snackrifice,area-52,671,warlock,affliction,18,7,11
Rsfire,black-dragonflight,671,warlock,affliction,18,7,11
Simmlock,sargeras,671,warlock,affliction,18,7,11
Korguji,tichondrius,671,warlock,affliction,22,7,15
Fetzmiat,dunemaul,670,warlock,affliction,12,7,5
Skyvre,tichondrius,670,warlock,affliction,12,7,5
Afflicmindz,azralon,670,warlock,affliction,12,7,5
Miermortal,tichondrius,670,warlock,affliction,18,7,11
Noggét,frostmourne,670,warlock,affliction,18,7,11
Chermonalbur,draka,670,warlock,affliction,21,7,14
Magicbones,tichondrius,669,warlock,affliction,15,8,7
Tsmcfker,tichondrius,669,warlock,affliction,22,9,13
Naag,tichondrius,669,warlock,affliction,18,7,11
Saraden,illidan,669,warlock,affliction,24,7,17
Kecca,azralon,668,warlock,affliction,18,7,11
Imien,moknathal,668,warlock,affliction,27,7,20
Larlock,black-dragonflight,667,warlock,affliction,12,7,5
Deadlockseeu,area-52,667,warlock,affliction,30,7,23
Antherdre,barthilas,666,warlock,affliction,18,7,11
Balmir,tichondrius,658,warlock,affliction,18,7,11
Gummylock,frostmourne,623,warlock,affliction,11,7,4
Puddlepiimp,illidan,622,warlock,affliction,17,7,10
Bludshadow,duskwood,620,warlock,affliction,21,7,14
Amauder,moon-guard,616,warlock,affliction,19,9,10
Jessndistres,stormrage,607,warlock,affliction,14,7,7
Cezarz,tichondrius,592,warlock,affliction,13,7,6
Llkoreall,tichondrius,591,warlock,affliction,24,10,14
Rarelinelk,malganis,576,warlock,affliction,6,6,0
Kumori,kiljaeden,576,warlock,affliction,12,6,6
Wasbad,tichondrius,576,warlock,affliction,12,6,6
Biubius,tichondrius,576,warlock,affliction,12,6,6
Darkuul,malganis,576,warlock,affliction,12,6,6
Shadøwy,nemesis,576,warlock,affliction,12,6,6
Scorrgx,azralon,576,warlock,affliction,12,6,6
Faschom,tichondrius,576,warlock,affliction,12,6,6
Xtralyfe,hyjal,576,warlock,affliction,12,6,6
Extreme,blackwing-lair,576,warlock,affliction,12,6,6
Sluglishphsh,stormrage,576,warlock,affliction,12,6,6
Lilcarmy,emerald-dream,576,warlock,affliction,12,6,6
Nihilus,anvilmar,576,warlock,affliction,12,6,6
Chrishasnen,moon-guard,576,warlock,affliction,12,6,6
Neghros,illidan,576,warlock,affliction,12,6,6
Khil,darkspear,576,warlock,affliction,12,6,6
Aellorie,proudmoore,576,warlock,affliction,12,6,6
Løcalplugxø,barthilas,576,warlock,affliction,12,6,6
Lokkup,dalaran,576,warlock,affliction,12,6,6
Caenzen,bleeding-hollow,576,warlock,affliction,12,6,6
Neevius,barthilas,576,warlock,affliction,12,6,6
Glummy,malganis,576,warlock,affliction,12,6,6
Brunemon,proudmoore,576,warlock,affliction,12,6,6
Elcidz,tichondrius,576,warlock,affliction,12,6,6
Xtremegirth,zuljin,576,warlock,affliction,12,6,6
Sikmagic,kelthuzad,576,warlock,affliction,12,6,6
Kamohoalii,bleeding-hollow,576,warlock,affliction,12,6,6
Fearophobic,illidan,576,warlock,affliction,12,6,6
Xiáoyan,tichondrius,576,warlock,affliction,16,7,9
ßðltzlol,tichondrius,576,warlock,affliction,15,6,9
Soundtrack,quelthalas,576,warlock,affliction,18,6,12
Demiloy,stormrage,576,warlock,affliction,18,6,12
Parishiltoon,frostmourne,576,warlock,affliction,18,6,12
Haross,darkspear,576,warlock,affliction,18,6,12
Muchø,emerald-dream,576,warlock,affliction,24,6,18
Baguetteface,zuljin,575,warlock,affliction,6,6,0
Nostradumass,arthas,575,warlock,affliction,12,6,6
Valvravé,malganis,575,warlock,affliction,12,6,6
Kamai,frostwolf,575,warlock,affliction,12,6,6
Gødmôde,tichondrius,575,warlock,affliction,12,6,6
Shadowbo,aggramar,575,warlock,affliction,12,6,6
Khillua,tichondrius,575,warlock,affliction,12,6,6
Kunozonbi,malganis,575,warlock,affliction,12,6,6
Warunlock,shattered-hand,575,warlock,affliction,12,6,6
Jhop,sargeras,575,warlock,affliction,12,6,6
Halesatan,tichondrius,575,warlock,affliction,20,7,13
Yagumi,crushridge,575,warlock,affliction,18,6,12
Zuldar,tichondrius,575,warlock,affliction,18,6,12
Bibleblack,lightbringer,575,warlock,affliction,18,6,12
Holdmybeard,senjin,575,warlock,affliction,24,6,18
Bloodybooger,area-52,574,warlock,affliction,12,6,6
Conrii,burning-blade,574,warlock,affliction,18,6,12
Sind,garona,573,warlock,affliction,12,6,6
Hâunted,khazgoroth,571,warlock,affliction,12,6,6
Grundý,tichondrius,571,warlock,affliction,12,6,6
Kashog,earthen-ring,571,warlock,affliction,21,7,14
Kflexxpt,hydraxis,569,warlock,affliction,12,6,6
Justero,kelthuzad,569,warlock,affliction,12,6,6
Ninus,the-forgotten-coast,566,warlock,affliction,12,6,6
Ceranius,emerald-dream,542,warlock,affliction,11,6,5
Raff,detheroc,527,warlock,affliction,11,6,5
Louuis,barthilas,521,warlock,affliction,13,7,6
Vrajitor,ragnaros,511,warlock,affliction,11,6,5
Markuss,boulderfist,511,warlock,affliction,14,6,8
Dotdoctor,thrall,511,warlock,affliction,16,6,10
Oluluo,andorhal,510,warlock,affliction,8,6,2
Beexy,sargeras,510,warlock,affliction,14,6,8
Ribman,stormrage,480,warlock,affliction,6,5,1
Letsfckingo,tichondrius,480,warlock,affliction,6,5,1
Conboi,tichondrius,480,warlock,affliction,6,5,1
Lunazz,tichondrius,480,warlock,affliction,6,5,1
Swapchan,sargeras,480,warlock,affliction,6,5,1
Lucro,emerald-dream,480,warlock,affliction,6,5,1
Tamzlock,the-forgotten-coast,480,warlock,affliction,6,5,1
Kymamd,sargeras,480,warlock,affliction,6,5,1
Misolock,sargeras,480,warlock,affliction,6,5,1
Flòwstate,tichondrius,480,warlock,affliction,6,5,1
Fruityß,kaelthas,480,warlock,affliction,6,5,1
Satunir,shadowsong,480,warlock,affliction,6,5,1
Awangdemon,tichondrius,480,warlock,affliction,7,5,2
Chaoz,aggramar,480,warlock,affliction,12,5,7
Vickerzz,barthilas,480,warlock,affliction,12,5,7
Rexuss,velen,480,warlock,affliction,12,5,7
Prarkmur,illidan,480,warlock,affliction,12,5,7
Artzul,tichondrius,480,warlock,affliction,12,5,7
Silkxy,frostwolf,480,warlock,affliction,12,5,7
Varix,frostmourne,480,warlock,affliction,12,5,7
Cryolock,nagrand,480,warlock,affliction,12,5,7
Jaybro,thaurissan,480,warlock,affliction,12,5,7
Poogâ,tichondrius,480,warlock,affliction,12,5,7
Goldface,frostmourne,480,warlock,affliction,12,5,7
Perfectwar,tichondrius,480,warlock,affliction,12,5,7
Federkleid,nemesis,480,warlock,affliction,12,5,7
Mattclipword,azralon,480,warlock,affliction,12,5,7
Itsmedirt,malganis,480,warlock,affliction,12,5,7
Andrewpg,zuljin,480,warlock,affliction,12,5,7
Bwup,tichondrius,480,warlock,affliction,12,5,7
Fece,area-52,480,warlock,affliction,12,5,7
Sairic,azralon,480,warlock,affliction,12,5,7
Cynnd,tichondrius,480,warlock,affliction,12,5,7
Necrosith,ragnaros,480,warlock,affliction,15,6,9
Sosomaa,kelthuzad,480,warlock,affliction,18,5,13
Lockboxx,stormscale,480,warlock,affliction,18,5,13
Lockring,zuljin,480,warlock,affliction,18,5,13
Daedalesh,moon-guard,480,warlock,affliction,18,5,13
Morepetss,saurfang,479,warlock,affliction,12,5,7
Pruevolf,tichondrius,479,warlock,affliction,12,5,7
Boltkill,tichondrius,479,warlock,affliction,15,6,9
Hélà,sargeras,479,warlock,affliction,18,5,13
Ezzako,area-52,479,warlock,affliction,18,5,13
Whitchpoison,nagrand,479,warlock,affliction,30,5,25
Cityswimmer,malganis,478,warlock,affliction,12,5,7
Redbro,darkspear,478,warlock,affliction,12,5,7
Dravin,alleria,478,warlock,affliction,12,5,7
Skellisama,moon-guard,478,warlock,affliction,18,5,13
Suzüki,tichondrius,463,warlock,affliction,11,5,6
Pikkon,malorne,431,warlock,affliction,11,5,6
Verrøkel,sargeras,426,warlock,affliction,11,7,4
Rainmakers,moon-guard,426,warlock,affliction,14,6,8
Infortunium,sargeras,425,warlock,affliction,17,6,11
Fublizz,black-dragonflight,416,warlock,affliction,10,5,5
Khaozx,ragnaros,416,warlock,affliction,10,5,5
Brough,illidan,416,warlock,affliction,10,5,5
Wawfw,bleeding-hollow,416,warlock,affliction,13,6,7
Onlytoez,tichondrius,416,warlock,affliction,16,5,11
Kuroyt,drakkari,415,warlock,affliction,12,6,6
Somethingud,tichondrius,384,warlock,affliction,6,4,2
Rbnz,kiljaeden,384,warlock,affliction,6,4,2
Tonickush,area-52,384,warlock,affliction,6,4,2
Whittylol,tichondrius,384,warlock,affliction,6,4,2
Xarela,kiljaeden,384,warlock,affliction,6,4,2
Slurpme,stormscale,384,warlock,affliction,6,4,2
Gneçro,area-52,384,warlock,affliction,6,4,2
Blakshade,saurfang,384,warlock,affliction,6,4,2
Siller,azralon,384,warlock,affliction,6,4,2
Eupheriia,thaurissan,384,warlock,affliction,6,4,2
Guisls,azralon,384,warlock,affliction,6,4,2
Warlocksz,kelthuzad,384,warlock,affliction,6,4,2
Åbyssal,stormrage,384,warlock,affliction,6,4,2
Narcissist,tanaris,384,warlock,affliction,6,4,2
Ozmat,spirestone,384,warlock,affliction,6,4,2
Nocrackrocks,stormrage,384,warlock,affliction,6,4,2
Omleaf,malganis,384,warlock,affliction,6,4,2
Skrublockz,area-52,384,warlock,affliction,6,4,2
Kill,barthilas,384,warlock,affliction,6,4,2
Cowboydann,malganis,384,warlock,affliction,6,4,2
Jasïnto,quelthalas,384,warlock,affliction,6,4,2
Superbroly,area-52,384,warlock,affliction,6,4,2
Celin,rivendare,384,warlock,affliction,6,4,2
Bliztivision,proudmoore,384,warlock,affliction,6,4,2
Givemeprecog,tichondrius,384,warlock,affliction,6,4,2
Jcm,hyjal,384,warlock,affliction,6,4,2
Wyrelock,hyjal,384,warlock,affliction,6,4,2
Locker,darkspear,384,warlock,affliction,6,4,2
Vamperro,thrall,384,warlock,affliction,6,4,2
Calvärr,bleeding-hollow,384,warlock,affliction,6,4,2
Gümbÿ,illidan,384,warlock,affliction,6,4,2
Thalura,azralon,384,warlock,affliction,6,4,2
Bumbleebolt,azralon,384,warlock,affliction,6,4,2
Methrocks,tichondrius,384,warlock,affliction,6,4,2
Stopdot,sargeras,384,warlock,affliction,6,4,2
Jotkbe,ragnaros,384,warlock,affliction,6,4,2
Plsdontcrit,tichondrius,384,warlock,affliction,6,4,2
Bänno,bleeding-hollow,384,warlock,affliction,6,4,2
Hypnotikal,illidan,384,warlock,affliction,6,4,2
Walterrør,nemesis,384,warlock,affliction,6,4,2
Kenoáth,frostmourne,384,warlock,affliction,6,4,2
Demoiceman,bleeding-hollow,384,warlock,affliction,6,4,2
Tíc,quelthalas,384,warlock,affliction,6,4,2
Darkfæ,kaelthas,384,warlock,affliction,6,4,2
Redmist,arthas,384,warlock,affliction,6,4,2
Gnumbnutz,blades-edge,384,warlock,affliction,6,4,2
Nõrr,ragnaros,384,warlock,affliction,6,4,2
Spectaclol,crushridge,384,warlock,affliction,6,4,2
Discordance,zuljin,384,warlock,affliction,6,4,2
Omegapasta,illidan,384,warlock,affliction,6,4,2
Alienate,laughing-skull,384,warlock,affliction,6,4,2
Purplelambox,illidan,384,warlock,affliction,6,4,2
Shaddows,nathrezim,384,warlock,affliction,6,4,2
Necroraise,boulderfist,384,warlock,affliction,9,5,4
Safferon,stormrage,384,warlock,affliction,12,4,8
Bïcho,queldorei,384,warlock,affliction,12,4,8
Broccoleh,area-52,384,warlock,affliction,12,4,8
Tylandér,nordrassil,384,warlock,affliction,12,4,8
Bharim,quelthalas,384,warlock,affliction,12,4,8
Sorelock,tichondrius,384,warlock,affliction,12,4,8
Demonug,area-52,384,warlock,affliction,12,4,8
Promancer,drakkari,384,warlock,affliction,12,4,8
Dotsfìred,tichondrius,384,warlock,affliction,12,4,8
Lorcus,sargeras,384,warlock,affliction,12,4,8
Fksm,tichondrius,384,warlock,affliction,12,4,8
Emptyx,tichondrius,384,warlock,affliction,12,4,8
Punstable,tichondrius,384,warlock,affliction,12,4,8
Emptysoul,illidan,384,warlock,affliction,12,4,8
Kutulu,malganis,384,warlock,affliction,12,4,8
Fearedit,bleeding-hollow,384,warlock,affliction,12,4,8
Duckboji,tichondrius,384,warlock,affliction,12,4,8
Valthander,drakkari,384,warlock,affliction,12,4,8
Nethron,the-venture-co,384,warlock,affliction,12,4,8
Necromaniac,nerzhul,384,warlock,affliction,18,4,14
Refîk,sargeras,384,warlock,affliction,18,4,14
Lockazo,quelthalas,383,warlock,affliction,6,4,2
Kakdne,stormrage,383,warlock,affliction,6,4,2
Lefrancais,area-52,383,warlock,affliction,6,4,2
Coofy,ragnaros,383,warlock,affliction,6,4,2
Luciffer,windrunner,383,warlock,affliction,12,4,8
Wirthless,area-52,383,warlock,affliction,12,4,8
Prototyp,azralon,383,warlock,affliction,12,4,8
Fliction,caelestrasz,383,warlock,affliction,12,4,8
Slord,bonechewer,382,warlock,affliction,6,4,2
Darkdestine,emerald-dream,382,warlock,affliction,12,4,8
Damint,sargeras,351,warlock,affliction,11,4,7
Ramone,turalyon,351,warlock,affliction,11,4,7
Xaemog,tichondrius,351,warlock,affliction,17,4,13
Gattsonn,kiljaeden,350,warlock,affliction,12,5,7
Bobthedragqn,proudmoore,330,warlock,affliction,9,7,2
Voldmorto,azralon,330,warlock,affliction,20,5,15
Chocodots,burning-blade,329,warlock,affliction,6,5,1
Ciraxlc,azralon,320,warlock,affliction,10,4,6
Æonas,bladefist,319,warlock,affliction,8,4,4
Heavyøfmetal,tol-barad,316,warlock,affliction,14,4,10
Marinw,azralon,304,warlock,affliction,13,4,9
Brujildå,area-52,304,warlock,affliction,13,4,9
Disgustingfk,illidan,288,warlock,affliction,6,3,3
Kurtcodrain,blackhand,288,warlock,affliction,6,3,3
Dotsfired,crushridge,288,warlock,affliction,6,3,3
Hachiui,galakrond,288,warlock,affliction,6,3,3
Arnan,korgath,288,warlock,affliction,6,3,3
Drböb,area-52,288,warlock,affliction,6,3,3
Chaôtic,daggerspine,288,warlock,affliction,6,3,3
Redsolojdc,tichondrius,288,warlock,affliction,6,3,3
Chåndler,nemesis,288,warlock,affliction,6,3,3
Berathelok,aerie-peak,288,warlock,affliction,6,3,3
Manapouli,area-52,288,warlock,affliction,6,3,3
Justsmaldots,malganis,288,warlock,affliction,6,3,3
Xerozus,tichondrius,288,warlock,affliction,6,3,3
Alarauca,nerzhul,288,warlock,affliction,6,3,3
Buymymixtåpe,ursin,288,warlock,affliction,6,3,3
Warfeen,malganis,288,warlock,affliction,6,3,3
Capïrota,nemesis,288,warlock,affliction,6,3,3
Hauntu,stormreaver,288,warlock,affliction,6,3,3
Freseate,quelthalas,288,warlock,affliction,6,3,3
Yateshall,illidan,288,warlock,affliction,6,3,3
Róckroad,lightnings-blade,288,warlock,affliction,6,3,3
Laterallus,illidan,288,warlock,affliction,6,3,3
Glomnux,nordrassil,288,warlock,affliction,6,3,3
Feldubya,illidan,288,warlock,affliction,6,3,3
Manberhpig,hakkar,288,warlock,affliction,6,3,3
Tazerr,sargeras,288,warlock,affliction,6,3,3
Bajheerafan,illidan,288,warlock,affliction,6,3,3
Saltycracka,stormrage,288,warlock,affliction,6,3,3
Golock,tichondrius,288,warlock,affliction,6,3,3
Stormrift,sargeras,288,warlock,affliction,6,3,3
Nozyroh,emerald-dream,288,warlock,affliction,6,3,3
Impbiscuit,stormrage,288,warlock,affliction,6,3,3
Harleyjames,ravenholdt,288,warlock,affliction,6,3,3
Päpï,tichondrius,288,warlock,affliction,6,3,3
Leônidos,ghostlands,288,warlock,affliction,6,3,3
Diablox,silvermoon,288,warlock,affliction,6,3,3
Dodgebolts,khaz-modan,288,warlock,affliction,6,3,3
Blockk,moknathal,288,warlock,affliction,6,3,3
Blklavender,darkspear,288,warlock,affliction,6,3,3
Pyrefield,moon-guard,288,warlock,affliction,6,3,3
Kokushu,burning-legion,288,warlock,affliction,6,3,3
Knäbue,tichondrius,288,warlock,affliction,6,3,3
Boltqt,tichondrius,288,warlock,affliction,6,3,3
Legendlock,stormrage,288,warlock,affliction,6,3,3
Corruptd,scarlet-crusade,288,warlock,affliction,6,3,3
Vintagepoop,sargeras,288,warlock,affliction,6,3,3
Muluggorr,tichondrius,288,warlock,affliction,6,3,3
Stepzxo,sargeras,288,warlock,affliction,6,3,3
Swampkraken,tichondrius,288,warlock,affliction,6,3,3
Algoris,stormrage,288,warlock,affliction,6,3,3
Sidiouss,dreadmaul,288,warlock,affliction,6,3,3
Wizie,arthas,288,warlock,affliction,6,3,3
Drdoom,sargeras,288,warlock,affliction,6,3,3
Cath,caelestrasz,288,warlock,affliction,6,3,3
Yanlexx,stormrage,288,warlock,affliction,6,3,3
Voltshot,tichondrius,288,warlock,affliction,6,3,3
Frylockx,mugthol,288,warlock,affliction,6,3,3
Kossnen,shandris,288,warlock,affliction,6,3,3
Dovahkini,stormrage,288,warlock,affliction,6,3,3
Schofen,tichondrius,288,warlock,affliction,6,3,3
Sinaman,barthilas,288,warlock,affliction,6,3,3
Musgrin,gallywix,288,warlock,affliction,6,3,3
Malicandra,lightbringer,288,warlock,affliction,6,3,3
Davnport,frostmourne,288,warlock,affliction,12,3,9
Dotsrbop,illidan,288,warlock,affliction,12,3,9
Camila,lightnings-blade,288,warlock,affliction,12,3,9
Drdemons,kelthuzad,288,warlock,affliction,12,3,9
Hàrrydotter,darkspear,288,warlock,affliction,12,3,9
Denji,galakrond,288,warlock,affliction,12,3,9
Naoma,moon-guard,288,warlock,affliction,12,3,9
Nightterrour,frostmourne,288,warlock,affliction,12,3,9
Soularonomy,tichondrius,288,warlock,affliction,12,3,9
Mynerve,velen,288,warlock,affliction,12,3,9
Damerus,illidan,288,warlock,affliction,12,3,9
Grendaldots,tichondrius,288,warlock,affliction,12,3,9
Ÿoucantwin,kiljaeden,288,warlock,affliction,12,3,9
Serafìna,moon-guard,288,warlock,affliction,12,3,9
Provilock,moon-guard,288,warlock,affliction,12,3,9
Avii,drakthul,288,warlock,affliction,12,3,9
Feelthefearx,ragnaros,288,warlock,affliction,12,3,9
Culture,arthas,288,warlock,affliction,12,3,9
Jjesie,tichondrius,288,warlock,affliction,18,3,15
Castshadow,nordrassil,288,warlock,affliction,18,3,15
Condevil,quelthalas,288,warlock,affliction,18,3,15
Killeris,darkspear,287,warlock,affliction,6,3,3
Vizkopnik,bleeding-hollow,287,warlock,affliction,6,3,3
Nhen,daggerspine,287,warlock,affliction,6,3,3
Nessima,jubeithos,287,warlock,affliction,12,3,9
Kÿia,kelthuzad,287,warlock,affliction,12,3,9
Lowkei,stonemaul,286,warlock,affliction,6,3,3
Loloxx,ragnaros,286,warlock,affliction,12,3,9
Lilthicy,sargeras,271,warlock,affliction,14,3,11
Kentus,moonrunner,255,warlock,affliction,14,4,10
Niava,tichondrius,239,warlock,affliction,5,3,2
Warlockafk,darkspear,239,warlock,affliction,5,3,2
Zaozlock,frostmourne,234,warlock,affliction,8,4,4
Flippinfear,illidan,234,warlock,affliction,10,4,6
Matzoball,zuljin,234,warlock,affliction,14,4,10
Hoana,azralon,233,warlock,affliction,8,4,4
Siltharious,dalaran,232,warlock,affliction,15,5,10
Lifelock,auchindoun,223,warlock,affliction,8,3,5
Spookytrev,stormrage,223,warlock,affliction,14,3,11
Alakim,sargeras,208,warlock,affliction,7,3,4
Ragnorök,medivh,192,warlock,affliction,6,2,4
Dotsandthots,khadgar,192,warlock,affliction,6,2,4
Crucîfixion,sargeras,192,warlock,affliction,6,2,4
Indelock,drenden,192,warlock,affliction,6,2,4
Zörkô,zuljin,192,warlock,affliction,6,2,4
Ørfna,zuljin,192,warlock,affliction,6,2,4
Leruss,zangarmarsh,192,warlock,affliction,6,2,4
Lysergica,bleeding-hollow,192,warlock,affliction,6,2,4
Vessires,darkspear,192,warlock,affliction,6,2,4
Yolandahadid,gilneas,192,warlock,affliction,6,2,4
Hellfires,ragnaros,192,warlock,affliction,6,2,4
Agonie,tichondrius,192,warlock,affliction,6,2,4
Ðeãdman,bleeding-hollow,192,warlock,affliction,6,2,4
Dinglerdots,tichondrius,192,warlock,affliction,6,2,4
Bktheruler,tichondrius,192,warlock,affliction,6,2,4
Deathmence,wyrmrest-accord,192,warlock,affliction,6,2,4
Daracon,thrall,192,warlock,affliction,6,2,4
Charmandfarm,nerzhul,192,warlock,affliction,6,2,4
Jacorian,illidan,192,warlock,affliction,6,2,4
Elyshia,illidan,192,warlock,affliction,6,2,4
Krumlax,thrall,192,warlock,affliction,6,2,4
Lcomi,tichondrius,192,warlock,affliction,6,2,4
Thumperrz,frostmourne,192,warlock,affliction,6,2,4
Trillas,illidan,192,warlock,affliction,6,2,4
Bellaswans,hyjal,192,warlock,affliction,6,2,4
Deanwarlock,sargeras,192,warlock,affliction,6,2,4
Baldboss,tichondrius,192,warlock,affliction,6,2,4
Jèdi,drenden,192,warlock,affliction,6,2,4
Ketahole,warsong,192,warlock,affliction,6,2,4
Matilla,tichondrius,192,warlock,affliction,6,2,4
Abomasnow,frostmourne,192,warlock,affliction,6,2,4
Tragamus,emerald-dream,192,warlock,affliction,6,2,4
Dawaatisme,zuljin,192,warlock,affliction,6,2,4
Thralord,blackrock,192,warlock,affliction,6,2,4
Cheesëbolt,illidan,192,warlock,affliction,6,2,4
Conilove,drakkari,192,warlock,affliction,6,2,4
Dipndøtz,illidan,192,warlock,affliction,6,2,4
Helsinglevel,emerald-dream,192,warlock,affliction,6,2,4
Räktura,caelestrasz,192,warlock,affliction,6,2,4
Dotman,tichondrius,192,warlock,affliction,6,2,4
Narsdemons,tichondrius,192,warlock,affliction,6,2,4
Rerollx,firetree,192,warlock,affliction,6,2,4
Nerolock,frostmourne,192,warlock,affliction,6,2,4
Grixis,zuluhed,192,warlock,affliction,6,2,4
Meisy,quelthalas,192,warlock,affliction,6,2,4
Yurick,frostmourne,192,warlock,affliction,6,2,4
Goosemongle,mannoroth,192,warlock,affliction,6,2,4
Vinchenzo,mannoroth,192,warlock,affliction,6,2,4
Shadymagic,nazjatar,192,warlock,affliction,6,2,4
Lilitht,drakkari,192,warlock,affliction,6,2,4
Es,velen,192,warlock,affliction,6,2,4
Clazs,tichondrius,192,warlock,affliction,6,2,4
Fondlemydot,stormscale,192,warlock,affliction,6,2,4
Sebss,proudmoore,192,warlock,affliction,6,2,4
Bimmerbenz,vashj,192,warlock,affliction,6,2,4
Pk,azralon,192,warlock,affliction,6,2,4
Ministàff,ursin,192,warlock,affliction,6,2,4
Anastadora,proudmoore,192,warlock,affliction,6,2,4
Fearsntears,stormrage,192,warlock,affliction,6,2,4
Screwed,tichondrius,192,warlock,affliction,6,2,4
Asmodeun,malganis,192,warlock,affliction,6,2,4
Raínstilted,area-52,192,warlock,affliction,6,2,4
Vorlos,bonechewer,192,warlock,affliction,6,2,4
Dottythottie,stormrage,192,warlock,affliction,6,2,4
Ovosound,tichondrius,192,warlock,affliction,6,2,4
Primofire,area-52,192,warlock,affliction,6,2,4
Karmalock,malganis,192,warlock,affliction,6,2,4
Khurze,area-52,192,warlock,affliction,6,2,4
Yahihlock,silver-hand,192,warlock,affliction,6,2,4
Subject,barthilas,192,warlock,affliction,6,2,4
Lockboss,malganis,192,warlock,affliction,6,2,4
Scepti,area-52,192,warlock,affliction,6,2,4
Lockednloade,tichondrius,192,warlock,affliction,6,2,4
Carcine,frostwolf,192,warlock,affliction,6,2,4
Bóózér,tichondrius,192,warlock,affliction,6,2,4
Fearanddots,moon-guard,192,warlock,affliction,6,2,4
Lockâsf,tichondrius,192,warlock,affliction,6,2,4
Meelady,tichondrius,192,warlock,affliction,6,2,4
Vulvo,area-52,192,warlock,affliction,6,2,4
Dotdottgoose,kiljaeden,192,warlock,affliction,6,2,4
Payn,kiljaeden,192,warlock,affliction,6,2,4
Snoogli,tichondrius,192,warlock,affliction,6,2,4
Meekusdeekus,tichondrius,192,warlock,affliction,6,2,4
Xoxoxu,frostmourne,192,warlock,affliction,6,2,4
Zurdoow,area-52,192,warlock,affliction,6,2,4
Apolodys,garona,192,warlock,affliction,6,2,4
Nècrósìs,area-52,192,warlock,affliction,6,2,4
Plaguedoctor,stormrage,192,warlock,affliction,6,2,4
Dethknell,stormrage,192,warlock,affliction,6,2,4
Iamlavon,area-52,192,warlock,affliction,12,2,10
Sylorelol,stormreaver,192,warlock,affliction,12,2,10
Dloq,azgalor,192,warlock,affliction,12,2,10
Tormentedcat,nazjatar,192,warlock,affliction,12,2,10
Alchan,tichondrius,192,warlock,affliction,12,2,10
Leviathen,shattered-hand,192,warlock,affliction,12,2,10
Omagg,malorne,192,warlock,affliction,12,2,10
Sürfacing,malganis,192,warlock,affliction,12,2,10
Demonlordess,shadowmoon,192,warlock,affliction,12,2,10
Malignant,tichondrius,192,warlock,affliction,12,2,10
Rurnt,bloodhoof,192,warlock,affliction,13,2,11
Jandandris,frostmourne,191,warlock,affliction,6,2,4
Zaiocian,tichondrius,159,warlock,affliction,5,2,3
Dotlockndrop,stormreaver,159,warlock,affliction,5,2,3
Evilwarlock,malganis,159,warlock,affliction,5,2,3
Ferich,azralon,159,warlock,affliction,5,2,3
Gutterxfox,malganis,159,warlock,affliction,11,2,9
Aluridan,azralon,138,warlock,affliction,14,3,11
Wartoyy,uldum,128,warlock,affliction,4,2,2
Pwnasaurus,barthilas,128,warlock,affliction,10,2,8
Shalandalina,sargeras,96,warlock,affliction,6,1,5
Strykerliath,bleeding-hollow,96,warlock,affliction,6,1,5
Smôkedsôul,area-52,96,warlock,affliction,6,1,5
Ehcsrop,doomhammer,96,warlock,affliction,6,1,5
Titusvorenus,runetotem,96,warlock,affliction,6,1,5
Menedemus,amanthul,96,warlock,affliction,6,1,5
Yojy,tichondrius,96,warlock,affliction,6,1,5
Meowgodxdd,tichondrius,96,warlock,affliction,6,1,5
Gamecobra,greymane,96,warlock,affliction,6,1,5
Pikvas,darkspear,96,warlock,affliction,6,1,5
Meliodac,azralon,96,warlock,affliction,6,1,5
Ravessa,area-52,96,warlock,affliction,6,1,5
Krozu,bleeding-hollow,96,warlock,affliction,6,1,5
Malchiev,area-52,96,warlock,affliction,6,1,5
Haedn,stormrage,96,warlock,affliction,6,1,5
Dommön,ragnaros,96,warlock,affliction,6,1,5
Dps,garithos,96,warlock,affliction,6,1,5
Ailliforlune,illidan,96,warlock,affliction,6,1,5
Shennaniganz,bleeding-hollow,96,warlock,affliction,6,1,5
Bluffzlock,boulderfist,96,warlock,affliction,6,1,5
Aedarine,uldum,96,warlock,affliction,6,1,5
Dotportrun,tichondrius,96,warlock,affliction,6,1,5
Pinkypay,ragnaros,96,warlock,affliction,6,1,5
Crowlina,area-52,96,warlock,affliction,6,1,5
Conspiration,sargeras,96,warlock,affliction,6,1,5
Rxjr,sargeras,96,warlock,affliction,6,1,5
Ørthox,malganis,96,warlock,affliction,6,1,5
Nattydots,sargeras,96,warlock,affliction,6,1,5
Gnomereguard,moon-guard,96,warlock,affliction,6,1,5
Locktimes,ragnaros,96,warlock,affliction,6,1,5
Tiredskunk,dentarg,96,warlock,affliction,6,1,5
Sunkuna,aerie-peak,96,warlock,affliction,6,1,5
Sickmade,zuljin,96,warlock,affliction,6,1,5
Halfmade,tichondrius,96,warlock,affliction,6,1,5
Frdchickiana,tichondrius,96,warlock,affliction,6,1,5
Bellatriks,nemesis,96,warlock,affliction,6,1,5
Toohot,aegwynn,96,warlock,affliction,6,1,5
Tuhdah,frostwolf,96,warlock,affliction,6,1,5
Nêcro,moon-guard,96,warlock,affliction,6,1,5
Apocryphh,stormrage,96,warlock,affliction,6,1,5
Olgreg,daggerspine,96,warlock,affliction,6,1,5
Anubís,vashj,96,warlock,affliction,6,1,5
Imhereforrbg,moon-guard,96,warlock,affliction,6,1,5
Frem,eonar,96,warlock,affliction,6,1,5
Alfemale,dalaran,96,warlock,affliction,6,1,5
Carabelois,aegwynn,96,warlock,affliction,6,1,5
Mobilecherpn,frostmourne,96,warlock,affliction,6,1,5
Yeahhlock,frostmourne,96,warlock,affliction,6,1,5
Mickylock,tichondrius,96,warlock,affliction,6,1,5
Littlecurse,quelthalas,96,warlock,affliction,6,1,5
Xylõck,sargeras,96,warlock,affliction,6,1,5
Volturnus,wildhammer,96,warlock,affliction,6,1,5
Sylvahh,sargeras,96,warlock,affliction,6,1,5
Feár,emerald-dream,96,warlock,affliction,6,1,5
Kammuany,sargeras,96,warlock,affliction,6,1,5
Ljackson,illidan,96,warlock,affliction,6,1,5
Kernlberton,tichondrius,96,warlock,affliction,6,1,5
Arsaurelica,blackrock,96,warlock,affliction,6,1,5
Tigermom,fizzcrank,96,warlock,affliction,6,1,5
Houseofpain,emerald-dream,96,warlock,affliction,6,1,5
Efg,illidan,96,warlock,affliction,6,1,5
Ceeloftw,tichondrius,96,warlock,affliction,6,1,5
Amortian,icecrown,96,warlock,affliction,6,1,5
Cornboil,tichondrius,96,warlock,affliction,6,1,5
Superbvious,lothar,96,warlock,affliction,6,1,5
Guinegobbler,hyjal,96,warlock,affliction,6,1,5
Chaøsbolt,area-52,96,warlock,affliction,6,1,5
Joseph,draktharon,96,warlock,affliction,6,1,5
Someblkbroad,kelthuzad,96,warlock,affliction,6,1,5
Ðëthbríngèr,jubeithos,96,warlock,affliction,6,1,5
Aetherr,jubeithos,96,warlock,affliction,6,1,5
Carvana,illidan,96,warlock,affliction,12,1,11
Fenrinozil,tichondrius,96,warlock,affliction,12,1,11
Creationn,malganis,96,warlock,affliction,12,1,11
Simus,stormrage,96,warlock,affliction,12,1,11
Polaino,ragnaros,95,warlock,affliction,3,2,1
Demí,zuljin,79,warlock,affliction,5,1,4
Shendù,stormrage,79,warlock,affliction,5,1,4
Luciusvrenus,tichondrius,64,warlock,affliction,4,1,3
Valtaris,quelthalas,63,warlock,affliction,2,2,0
Handler,earthen-ring,63,warlock,affliction,4,1,3
Mìrä,kelthuzad,48,warlock,affliction,3,1,2
Amaia,nathrezim,48,warlock,affliction,3,1,2
Halix,emerald-dream,16,warlock,affliction,1,1,0
Delete,greymane,16,warlock,affliction,1,1,0
ßustadot,tichondrius,16,warlock,affliction,7,1,6
Cabelastwo,tichondrius,2181,warrior,fury,93,51,42
Orclog,illidan,2168,warrior,fury,149,82,67
Joshiman,area-52,2167,warrior,fury,93,47,46
Ttvdjrio,area-52,2156,warrior,fury,166,92,74
Yadiig,illidan,2150,warrior,fury,78,50,28
Thrator,wyrmrest-accord,2132,warrior,fury,114,59,55
Veevz,proudmoore,2132,warrior,fury,196,96,100
Grimgrip,frostmane,2131,warrior,fury,92,53,39
Druzhinik,moon-guard,2129,warrior,fury,299,170,129
Notwarried,sargeras,2126,warrior,fury,137,69,68
Hìm,tichondrius,2124,warrior,fury,198,107,91
Americanbull,moon-guard,2119,warrior,fury,253,134,119
Rekatron,area-52,2119,warrior,fury,156,79,77
Takeda,sargeras,2117,warrior,fury,107,61,46
Cabelas,tichondrius,2116,warrior,fury,95,48,47
Taras,blackhand,2109,warrior,fury,218,109,109
Braxxínn,tichondrius,2107,warrior,fury,54,39,15
Ramseyx,dalaran,2104,warrior,fury,64,37,27
Sandronb,illidan,2104,warrior,fury,119,64,55
Gromkhor,tichondrius,2089,warrior,fury,83,52,31
Gazzef,thrall,2081,warrior,fury,197,106,91
Lahired,drakkari,2078,warrior,fury,469,237,232
Wienertoes,tichondrius,2075,warrior,fury,206,112,94
Biaa,tichondrius,2061,warrior,fury,102,50,52
Riproarin,stormrage,2051,warrior,fury,122,66,56
Chopemupp,area-52,2047,warrior,fury,228,129,99
Warqt,kelthuzad,2034,warrior,fury,141,77,64
Ggull,tichondrius,2027,warrior,fury,65,40,25
Sworda,sargeras,2018,warrior,fury,89,54,35
Furrytakeda,kelthuzad,2018,warrior,fury,164,89,75
Goldsuntko,emerald-dream,2015,warrior,fury,99,60,39
Ðêed,area-52,2010,warrior,fury,108,57,51
Nikomasked,kelthuzad,2007,warrior,fury,42,28,14
Nailah,illidan,2006,warrior,fury,283,153,130
Chillawigs,kelthuzad,2005,warrior,fury,114,62,52
Swìll,illidan,1999,warrior,fury,60,39,21
Fanglerondz,area-52,1999,warrior,fury,125,75,50
Coldlòve,akama,1998,warrior,fury,178,94,84
Smexxin,tichondrius,1996,warrior,fury,54,31,23
Cannabiddies,illidan,1994,warrior,fury,84,45,39
Bpdpacient,illidan,1992,warrior,fury,53,38,15
Killuall,sargeras,1982,warrior,fury,69,38,31
Baultenaz,draenor,1979,warrior,fury,217,116,101
Darkduke,tichondrius,1977,warrior,fury,105,62,43
Humanlog,illidan,1972,warrior,fury,213,111,102
Gentlehugs,illidan,1971,warrior,fury,65,38,27
Dowser,goldrinn,1964,warrior,fury,173,94,79
Dpsmachinex,tichondrius,1963,warrior,fury,78,46,32
Tøpg,sargeras,1961,warrior,fury,73,44,29
Bbcapitalist,blackrock,1960,warrior,fury,136,77,59
Ragwreck,bleeding-hollow,1959,warrior,fury,68,35,33
Shadowstingg,tichondrius,1958,warrior,fury,56,34,22
Zak,feathermoon,1953,warrior,fury,53,36,17
Ragwreckz,bleeding-hollow,1952,warrior,fury,82,50,32
Zankets,area-52,1950,warrior,fury,156,87,69
Rakndal,stormrage,1945,warrior,fury,47,30,17
Bloodcraze,tichondrius,1942,warrior,fury,74,46,28
Rôxi,malganis,1939,warrior,fury,486,248,238
Eno,ragnaros,1937,warrior,fury,69,46,23
Hlt,tichondrius,1935,warrior,fury,105,59,46
Blgjb,tichondrius,1931,warrior,fury,102,46,56
Hiness,tichondrius,1930,warrior,fury,167,91,76
Alabamá,sargeras,1925,warrior,fury,36,21,15
Smorc,stormrage,1921,warrior,fury,42,29,13
Vèév,proudmoore,1920,warrior,fury,105,63,42
Zindalari,frostmourne,1917,warrior,fury,172,96,76
Chopz,sargeras,1917,warrior,fury,302,167,135
Ásúrá,quelthalas,1912,warrior,fury,66,39,27
Egoist,malganis,1911,warrior,fury,53,33,20
Mchamstring,stormrage,1911,warrior,fury,57,35,22
Nilah,tichondrius,1909,warrior,fury,201,115,86
Killbørn,azralon,1898,warrior,fury,54,30,24
Tankypandazd,stormrage,1897,warrior,fury,120,66,54
Doczz,malganis,1890,warrior,fury,54,31,23
Kennäy,azralon,1888,warrior,fury,58,33,25
Girioo,thrall,1886,warrior,fury,30,24,6
Shadax,bleeding-hollow,1884,warrior,fury,395,208,187
Okme,tichondrius,1882,warrior,fury,66,36,30
Splasch,kelthuzad,1880,warrior,fury,105,55,50
Onîkudakì,sargeras,1879,warrior,fury,138,85,53
Vheraxes,sargeras,1878,warrior,fury,30,20,10
Skyja,quelthalas,1875,warrior,fury,84,44,40
Dodgestrikes,khaz-modan,1872,warrior,fury,48,29,19
Boouuaakk,tichondrius,1872,warrior,fury,47,28,19
Shîzu,moon-guard,1868,warrior,fury,102,67,35
Szauren,stormrage,1868,warrior,fury,99,48,51
Orchilles,illidan,1866,warrior,fury,78,46,32
Huangatang,wyrmrest-accord,1865,warrior,fury,31,21,10
Tigas,icecrown,1864,warrior,fury,114,66,48
Negleçt,stormrage,1861,warrior,fury,36,23,13
ßdm,illidan,1860,warrior,fury,54,26,28
Damonadrann,proudmoore,1859,warrior,fury,102,51,51
Oxeroth,sargeras,1857,warrior,fury,86,45,41
Phabian,frostmourne,1853,warrior,fury,54,27,27
Bigdude,frostwolf,1851,warrior,fury,72,40,32
Garobber,stormrage,1851,warrior,fury,90,43,47
Jimjinjin,tichondrius,1846,warrior,fury,192,98,94
Zujuzo,moon-guard,1844,warrior,fury,117,68,49
Eazyc,tichondrius,1843,warrior,fury,256,130,126
Supasenshi,tichondrius,1842,warrior,fury,90,51,39
Xcorp,tichondrius,1838,warrior,fury,156,89,67
Bornclueless,illidan,1838,warrior,fury,51,28,23
Âragorn,tichondrius,1837,warrior,fury,121,66,55
Esilox,area-52,1836,warrior,fury,42,28,14
Ethyrie,ragnaros,1836,warrior,fury,61,34,27
Trackstarz,llane,1835,warrior,fury,120,68,52
Lokityr,tichondrius,1834,warrior,fury,36,26,10
Jenjang,proudmoore,1834,warrior,fury,83,52,31
Mindgoblin,smolderthorn,1833,warrior,fury,41,26,15
Gomachi,moon-guard,1833,warrior,fury,132,67,65
Burger,the-underbog,1830,warrior,fury,30,21,9
Sìon,tichondrius,1830,warrior,fury,94,61,33
Brainhaze,tichondrius,1829,warrior,fury,36,21,15
Turboboy,tichondrius,1829,warrior,fury,84,45,39
Jutank,sargeras,1827,warrior,fury,36,23,13
Dcashmoney,moon-guard,1827,warrior,fury,168,99,69
Zugyu,tichondrius,1825,warrior,fury,30,25,5
Soymong,frostmourne,1825,warrior,fury,116,74,42
Kintarra,malygos,1825,warrior,fury,124,70,54
Mty,tichondrius,1824,warrior,fury,54,35,19
Noblêsix,dalaran,1824,warrior,fury,48,31,17
Cleavxy,sargeras,1823,warrior,fury,54,37,17
Goyards,tichondrius,1822,warrior,fury,36,25,11
Golem,frostmourne,1822,warrior,fury,48,29,19
Lingho,illidan,1822,warrior,fury,36,20,16
Jerryk,zuljin,1822,warrior,fury,138,72,66
Progesterone,bleeding-hollow,1822,warrior,fury,66,32,34
Gorehardt,illidan,1822,warrior,fury,60,28,32
Ystkk,tichondrius,1821,warrior,fury,72,44,28
Thadamaja,kiljaeden,1821,warrior,fury,48,26,22
Openhardest,stormrage,1820,warrior,fury,71,42,29
Soloisaids,barthilas,1819,warrior,fury,124,77,47
Pepétí,azralon,1819,warrior,fury,118,71,47
Angryexe,zuljin,1819,warrior,fury,77,42,35
Illmindofpoo,kelthuzad,1818,warrior,fury,42,28,14
Sayjaki,stormrage,1818,warrior,fury,102,62,40
Isahri,moon-guard,1818,warrior,fury,110,64,46
Mandragorn,kelthuzad,1818,warrior,fury,143,79,64
Deseroth,illidan,1818,warrior,fury,78,37,41
Damiansuv,moon-guard,1817,warrior,fury,154,89,65
Giannï,chogall,1817,warrior,fury,90,52,38
Sleazedog,kelthuzad,1816,warrior,fury,96,61,35
Jírky,ragnaros,1816,warrior,fury,240,134,106
Furíous,thunderhorn,1816,warrior,fury,108,60,48
Márcellus,illidan,1816,warrior,fury,197,109,88
Duxor,sargeras,1815,warrior,fury,94,53,41
Neôn,frostmourne,1815,warrior,fury,66,37,29
Onionsauce,frostmourne,1815,warrior,fury,161,90,71
Flexo,moon-guard,1815,warrior,fury,54,29,25
Beanstrom,tichondrius,1815,warrior,fury,95,51,44
Escånor,moon-guard,1814,warrior,fury,31,24,7
New,sargeras,1814,warrior,fury,46,27,19
Badvelic,tichondrius,1814,warrior,fury,76,41,35
Slughorn,moon-guard,1814,warrior,fury,102,53,49
Kazora,zuljin,1813,warrior,fury,48,33,15
Yawdamper,illidan,1813,warrior,fury,63,38,25
Donutwar,proudmoore,1813,warrior,fury,54,30,24
Crankyhorn,stormrage,1813,warrior,fury,60,31,29
Varrian,rivendare,1812,warrior,fury,150,88,62
Khargrok,ragnaros,1812,warrior,fury,277,154,123
Vulnscan,tichondrius,1812,warrior,fury,82,45,37
Malatov,moon-guard,1811,warrior,fury,132,75,57
Clumhaku,dalaran,1811,warrior,fury,88,48,40
Barafang,wyrmrest-accord,1811,warrior,fury,234,125,109
Psychogenic,barthilas,1810,warrior,fury,102,60,42
Iskandër,quelthalas,1809,warrior,fury,72,52,20
Rarefxck,tichondrius,1809,warrior,fury,49,31,18
Sixtydolla,kelthuzad,1808,warrior,fury,73,42,31
Ryen,malganis,1808,warrior,fury,66,37,29
Warroiser,quelthalas,1808,warrior,fury,182,100,82
Bwandøn,moon-guard,1807,warrior,fury,108,65,43
Zyzz,scarlet-crusade,1807,warrior,fury,72,41,31
Noramed,moon-guard,1807,warrior,fury,160,89,71
Crøm,tichondrius,1807,warrior,fury,114,61,53
Zanzaa,sargeras,1806,warrior,fury,122,63,59
Wagù,moon-guard,1805,warrior,fury,48,32,16
Freefighter,frostwolf,1805,warrior,fury,72,47,25
Kado,zuluhed,1805,warrior,fury,51,33,18
Starshattr,bleeding-hollow,1805,warrior,fury,108,64,44
Seoní,wyrmrest-accord,1805,warrior,fury,76,43,33
Maximad,moon-guard,1805,warrior,fury,108,58,50
Bosswin,tichondrius,1805,warrior,fury,113,58,55
Décapitator,area-52,1805,warrior,fury,78,39,39
Moneywarr,illidan,1804,warrior,fury,42,29,13
Faytful,thrall,1804,warrior,fury,101,51,50
Wång,bonechewer,1803,warrior,fury,70,41,29
Chainsa,stormrage,1803,warrior,fury,66,38,28
Collosalx,stormrage,1803,warrior,fury,60,34,26
Unbreakkable,tichondrius,1803,warrior,fury,150,79,71
Slamurai,moon-guard,1802,warrior,fury,30,22,8
Franticlol,tichondrius,1802,warrior,fury,90,59,31
Kevy,arygos,1802,warrior,fury,72,40,32
Cubie,malganis,1802,warrior,fury,89,47,42
Nukemdown,darkspear,1802,warrior,fury,96,46,50
Brandymax,area-52,1801,warrior,fury,24,19,5
Nordama,stormrage,1801,warrior,fury,131,78,53
Orctiddy,emerald-dream,1801,warrior,fury,66,33,33
Brummbär,thrall,1801,warrior,fury,65,32,33
Jarheadz,bleeding-hollow,1800,warrior,fury,90,58,32
Brøly,sargeras,1800,warrior,fury,48,27,21
Døppiø,area-52,1800,warrior,fury,52,27,25
Bobu,area-52,1800,warrior,fury,60,31,29
Smache,tichondrius,1799,warrior,fury,53,32,21
Oddyseey,moon-guard,1797,warrior,fury,87,47,40
Gooberbear,frostmourne,1796,warrior,fury,247,132,115
Samuluo,tichondrius,1795,warrior,fury,48,29,19
Hammerock,ragnaros,1794,warrior,fury,82,46,36
Thugdorr,sargeras,1792,warrior,fury,120,66,54
Ragemane,illidan,1789,warrior,fury,108,55,53
Dawx,thrall,1789,warrior,fury,60,30,30
Lagzistance,area-52,1788,warrior,fury,42,27,15
Koei,illidan,1787,warrior,fury,78,47,31
Dripgodx,malganis,1786,warrior,fury,66,37,29
Warney,tichondrius,1785,warrior,fury,54,27,27
Notfaytful,thrall,1784,warrior,fury,51,31,20
Yermalx,tichondrius,1784,warrior,fury,48,29,19
Rynkae,moon-guard,1782,warrior,fury,42,21,21
Tastý,moon-guard,1781,warrior,fury,66,37,29
Iwillcrushyo,darkspear,1780,warrior,fury,69,32,37
Misakizs,sargeras,1779,warrior,fury,86,43,43
Flarkin,area-52,1778,warrior,fury,42,23,19
Blaíze,ragnaros,1778,warrior,fury,48,25,23
Holuntung,illidan,1778,warrior,fury,111,57,54
Georgedubya,illidan,1778,warrior,fury,173,88,85
Sàndman,malganis,1776,warrior,fury,75,41,34
Critcritbdam,illidan,1774,warrior,fury,66,41,25
Damage,malganis,1772,warrior,fury,48,26,22
Ciege,illidan,1771,warrior,fury,102,57,45
Elkojack,nemesis,1768,warrior,fury,77,42,35
Aldathion,argent-dawn,1767,warrior,fury,68,38,30
Kromgrall,tichondrius,1765,warrior,fury,42,20,22
Sinjino,proudmoore,1764,warrior,fury,24,20,4
Zoldian,tichondrius,1764,warrior,fury,101,54,47
Vnw,illidan,1763,warrior,fury,54,32,22
Madblackcat,illidan,1762,warrior,fury,232,118,114
Zuggrok,zuljin,1761,warrior,fury,345,175,170
Islik,stormrage,1758,warrior,fury,84,45,39
Gushee,medivh,1758,warrior,fury,77,39,38
Dahakawar,malganis,1757,warrior,fury,53,32,21
Bigfatork,area-52,1756,warrior,fury,154,78,76
Firmware,illidan,1755,warrior,fury,63,30,33
Alarìon,malganis,1753,warrior,fury,57,34,23
Huacai,tichondrius,1753,warrior,fury,169,93,76
Festergrin,area-52,1753,warrior,fury,149,79,70
Grantlol,illidan,1752,warrior,fury,42,25,17
Brimstoné,wyrmrest-accord,1752,warrior,fury,311,166,145
Veyrin,stormrage,1751,warrior,fury,203,111,92
Basedaf,frostmourne,1750,warrior,fury,207,110,97
Chopped,wyrmrest-accord,1750,warrior,fury,160,76,84
Zemi,sargeras,1749,warrior,fury,35,24,11
Gladheateher,bonechewer,1749,warrior,fury,119,61,58
Philsbbqnow,dark-iron,1747,warrior,fury,90,47,43
Lootacris,illidan,1746,warrior,fury,42,20,22
Sonyanalogue,frostmourne,1745,warrior,fury,54,29,25
Cheiftain,dalaran,1745,warrior,fury,66,35,31
Vuraxx,area-52,1741,warrior,fury,42,28,14
Choppiechop,area-52,1737,warrior,fury,66,37,29
Fayttful,area-52,1736,warrior,fury,58,29,29
Riggs,stonemaul,1735,warrior,fury,83,45,38
Coldshots,stormreaver,1734,warrior,fury,185,101,84
Invinciblé,tichondrius,1730,warrior,fury,36,22,14
Serrokie,tichondrius,1728,warrior,fury,36,23,13
Womanbeaterx,stormrage,1728,warrior,fury,93,59,34
Akaínu,area-52,1728,warrior,fury,48,27,21
Daedrion,dalaran,1726,warrior,fury,90,49,41
Flexid,tichondrius,1726,warrior,fury,131,70,61
Loganunlucky,kelthuzad,1725,warrior,fury,76,34,42
Yêawen,tichondrius,1724,warrior,fury,38,24,14
Råmpågë,tichondrius,1724,warrior,fury,163,91,72
Budgetclap,nordrassil,1723,warrior,fury,72,36,36
Moelolita,illidan,1723,warrior,fury,41,19,22
Smackage,lightbringer,1722,warrior,fury,30,19,11
Traumaj,bleeding-hollow,1722,warrior,fury,105,58,47
Morfoggore,ragnaros,1722,warrior,fury,97,48,49
Mulish,frostmourne,1721,warrior,fury,175,95,80
Ssamba,shattered-hand,1720,warrior,fury,55,30,25
Ágsgøðx,bleeding-hollow,1720,warrior,fury,156,81,75
Warriorbrain,wyrmrest-accord,1720,warrior,fury,54,27,27
Duochuanjun,illidan,1719,warrior,fury,48,26,22
Melifehorde,tichondrius,1718,warrior,fury,235,115,120
Spinspin,borean-tundra,1717,warrior,fury,90,49,41
Kylewalker,tichondrius,1716,warrior,fury,36,22,14
Scrümp,illidan,1716,warrior,fury,140,82,58
Ganzism,tichondrius,1715,warrior,fury,107,56,51
Goaco,drakkari,1715,warrior,fury,63,30,33
Yolo,dunemaul,1714,warrior,fury,39,25,14
Bloodbath,kiljaeden,1714,warrior,fury,78,47,31
Khancurze,moon-guard,1713,warrior,fury,80,42,38
Lemondrake,sargeras,1713,warrior,fury,54,28,26
Michaela,moon-guard,1712,warrior,fury,42,23,19
Kholusia,kul-tiras,1711,warrior,fury,245,122,123
Sandycrack,blackrock,1710,warrior,fury,50,28,22
Notcoverage,tichondrius,1710,warrior,fury,48,25,23
Scoopdog,stormrage,1709,warrior,fury,47,26,21
Bártho,area-52,1707,warrior,fury,78,45,33
Klieterious,bleeding-hollow,1707,warrior,fury,144,77,67
Onionlord,wyrmrest-accord,1705,warrior,fury,77,44,33
Mers,garrosh,1705,warrior,fury,138,77,61
Cupper,tichondrius,1705,warrior,fury,70,39,31
Carnith,arthas,1703,warrior,fury,98,58,40
Dolsorae,malganis,1703,warrior,fury,58,28,30
Executed,blackhand,1702,warrior,fury,60,27,33
Agragar,zuljin,1700,warrior,fury,36,21,15
Eggroll,emerald-dream,1700,warrior,fury,225,121,104
Nazraill,aggramar,1699,warrior,fury,45,27,18
Blxckbeard,hyjal,1699,warrior,fury,60,35,25
Blazingfury,area-52,1699,warrior,fury,115,59,56
Liltom,sargeras,1698,warrior,fury,42,25,17
Brodestar,sargeras,1697,warrior,fury,90,46,44
Râvik,illidan,1696,warrior,fury,114,59,55
Mochigome,moon-guard,1696,warrior,fury,97,49,48
Heater,stormrage,1695,warrior,fury,69,40,29
Swordmasters,icecrown,1695,warrior,fury,84,48,36
Kazecap,proudmoore,1694,warrior,fury,66,45,21
Turbotot,sargeras,1693,warrior,fury,68,40,28
Showtimè,thrall,1693,warrior,fury,78,41,37
Arbeon,emerald-dream,1691,warrior,fury,37,27,10
Vapyr,moon-guard,1691,warrior,fury,59,29,30
Drashi,nazjatar,1689,warrior,fury,90,53,37
Raveve,area-52,1689,warrior,fury,104,58,46
Darkbunny,thaurissan,1688,warrior,fury,156,82,74
Asstastic,bonechewer,1684,warrior,fury,154,79,75
Chlord,proudmoore,1683,warrior,fury,68,32,36
Conflíct,illidan,1682,warrior,fury,94,56,38
Aotha,moon-guard,1682,warrior,fury,62,36,26
Rikki,frostmourne,1681,warrior,fury,114,60,54
Käggai,khadgar,1681,warrior,fury,97,51,46
Zugzugtime,tichondrius,1680,warrior,fury,106,60,46
Bulgrim,moon-guard,1680,warrior,fury,145,72,73
Scrotedog,area-52,1680,warrior,fury,55,24,31
Leapgodx,drenden,1679,warrior,fury,96,54,42
Hololeave,tichondrius,1679,warrior,fury,39,21,18
Oiledman,emerald-dream,1677,warrior,fury,104,52,52
Torbajhorn,moon-guard,1676,warrior,fury,66,34,32
Ÿüñí,tichondrius,1675,warrior,fury,94,56,38
Dragvovar,thrall,1675,warrior,fury,85,50,35
Utgarde,stormrage,1674,warrior,fury,68,33,35
Doublezuglol,tichondrius,1673,warrior,fury,44,25,19
Modì,sargeras,1673,warrior,fury,131,71,60
Xtargaryen,stormrage,1672,warrior,fury,68,43,25
Tigo,khaz-modan,1672,warrior,fury,77,43,34
Morguez,tichondrius,1672,warrior,fury,153,85,68
Kolosaltwo,tichondrius,1672,warrior,fury,117,62,55
Shino,garona,1671,warrior,fury,76,46,30
Jenkin,korgath,1670,warrior,fury,42,27,15
Lethu,tichondrius,1670,warrior,fury,54,32,22
Saîyanroyce,barthilas,1670,warrior,fury,254,130,124
Ironsavage,frostmourne,1668,warrior,fury,41,24,17
Colorx,sargeras,1668,warrior,fury,82,46,36
Shneakywar,frostmourne,1668,warrior,fury,353,193,160
Zangetsy,sargeras,1668,warrior,fury,127,69,58
Easons,tichondrius,1668,warrior,fury,119,61,58
Nooniezpw,tichondrius,1667,warrior,fury,35,24,11
Dáinsleif,frostmourne,1667,warrior,fury,48,29,19
Menéthil,tichondrius,1666,warrior,fury,33,19,14
Volgarr,zuljin,1666,warrior,fury,81,41,40
Bopwar,malganis,1665,warrior,fury,48,29,19
Rokk,ragnaros,1665,warrior,fury,72,31,41
Nosoraki,thrall,1664,warrior,fury,78,42,36
Moistt,nesingwary,1662,warrior,fury,44,28,16
Dann,ragnaros,1662,warrior,fury,83,51,32
Arágorn,sargeras,1661,warrior,fury,78,46,32
Ianprime,the-scryers,1661,warrior,fury,66,37,29
Naughtytwat,tichondrius,1661,warrior,fury,74,41,33
Jòrdy,moon-guard,1660,warrior,fury,48,32,16
Ystk,tichondrius,1660,warrior,fury,101,61,40
Goon,frostmourne,1659,warrior,fury,96,58,38
Larosfan,tichondrius,1659,warrior,fury,60,33,27
Moistmoocow,thrall,1657,warrior,fury,162,84,78
Berawar,tichondrius,1657,warrior,fury,108,55,53
Naelynh,quelthalas,1657,warrior,fury,66,33,33
Randydanger,illidan,1657,warrior,fury,41,19,22
Dardash,ragnaros,1656,warrior,fury,60,37,23
Ezeji,area-52,1656,warrior,fury,51,30,21
Brendan,llane,1656,warrior,fury,58,31,27
Warhand,frostmourne,1656,warrior,fury,52,27,25
Calder,malganis,1656,warrior,fury,72,36,36
Kellyboitv,frostmourne,1656,warrior,fury,60,30,30
Akkar,gilneas,1655,warrior,fury,67,35,32
Avatarl,ragnaros,1655,warrior,fury,51,23,28
Jonhy,illidan,1654,warrior,fury,39,21,18
Ediann,elune,1652,warrior,fury,119,67,52
Graverot,burning-legion,1652,warrior,fury,70,34,36
Bloodfist,tichondrius,1651,warrior,fury,42,25,17
Jakslasfa,aegwynn,1651,warrior,fury,59,33,26
Zoomgar,barthilas,1651,warrior,fury,110,60,50
Joog,kalecgos,1649,warrior,fury,64,30,34
Mallardman,sargeras,1648,warrior,fury,24,19,5
Axesage,tichondrius,1648,warrior,fury,72,41,31
Ashwalker,malganis,1648,warrior,fury,56,30,26
Bigbadaxe,sargeras,1648,warrior,fury,48,23,25
Eggdoubles,sargeras,1647,warrior,fury,33,19,14
Stavsie,tichondrius,1647,warrior,fury,47,26,21
Eregor,sargeras,1647,warrior,fury,54,27,27
Vids,aegwynn,1647,warrior,fury,60,28,32
Oggrend,dalaran,1645,warrior,fury,42,25,17
Kinseb,doomhammer,1645,warrior,fury,90,50,40
Vinvivenna,emerald-dream,1644,warrior,fury,46,25,21
Tinyexcute,tichondrius,1644,warrior,fury,48,25,23
Ballinx,illidan,1644,warrior,fury,48,21,27
Faren,agamaggan,1643,warrior,fury,167,91,76
Natë,lightbringer,1643,warrior,fury,60,32,28
Feetmann,illidan,1642,warrior,fury,169,96,73
Dreadedbeef,area-52,1642,warrior,fury,51,28,23
Traka,stormrage,1642,warrior,fury,36,19,17
Slaughterx,malganis,1642,warrior,fury,102,52,50
Lowz,hyjal,1641,warrior,fury,32,23,9
Zuzi,korgath,1641,warrior,fury,33,19,14
Chop,khadgar,1641,warrior,fury,78,44,34
Irontink,sargeras,1641,warrior,fury,35,19,16
Evilkorean,tichondrius,1641,warrior,fury,164,88,76
Wangjianguo,illidan,1641,warrior,fury,53,28,25
Zaràki,area-52,1640,warrior,fury,53,30,23
Jhalma,stormrage,1640,warrior,fury,42,20,22
Liltotey,frostmourne,1638,warrior,fury,35,22,13
Nogèt,frostmourne,1638,warrior,fury,47,28,19
Cubanßûrst,stormrage,1637,warrior,fury,40,24,16
Meatbone,emerald-dream,1637,warrior,fury,54,32,22
Scolpi,stormrage,1637,warrior,fury,82,43,39
Mezw,tichondrius,1637,warrior,fury,233,118,115
Derr,tichondrius,1637,warrior,fury,42,21,21
Sperow,malygos,1636,warrior,fury,73,42,31
Gpro,tichondrius,1636,warrior,fury,48,24,24
Eor,greymane,1635,warrior,fury,169,90,79
Apocalyptist,stormrage,1635,warrior,fury,136,70,66
Udmwarrior,zuljin,1633,warrior,fury,54,24,30
Fêanor,ragnaros,1632,warrior,fury,76,43,33
Rinima,tichondrius,1632,warrior,fury,215,110,105
Anti,nerzhul,1631,warrior,fury,33,20,13
Albinosword,azralon,1631,warrior,fury,92,51,41
Tádakatsu,sargeras,1631,warrior,fury,165,87,78
Vongrave,moonrunner,1630,warrior,fury,42,27,15
Ohdang,dark-iron,1629,warrior,fury,251,135,116
Thiccyb,area-52,1628,warrior,fury,24,17,7
Skollyd,tichondrius,1628,warrior,fury,32,20,12
Kpc,tichondrius,1628,warrior,fury,68,36,32
Timbermack,moon-guard,1628,warrior,fury,54,28,26
Whymike,aerie-peak,1628,warrior,fury,62,30,32
Zastrow,dalaran,1627,warrior,fury,42,23,19
Koffray,malfurion,1627,warrior,fury,71,37,34
Illaedan,quelthalas,1627,warrior,fury,113,52,61
Theisius,tichondrius,1626,warrior,fury,66,37,29
Darkduet,tichondrius,1626,warrior,fury,42,22,20
Tmacwar,area-52,1626,warrior,fury,42,20,22
Choppin,sargeras,1625,warrior,fury,36,22,14
Tctc,emerald-dream,1625,warrior,fury,47,28,19
Urscrewed,frostmane,1625,warrior,fury,42,24,18
Dwarlan,stormrage,1624,warrior,fury,113,67,46
Notacop,malygos,1624,warrior,fury,42,24,18
Jimseung,tichondrius,1624,warrior,fury,94,47,47
Brèws,tichondrius,1624,warrior,fury,42,20,22
Ugriker,skullcrusher,1623,warrior,fury,42,26,16
Slyith,shadow-council,1623,warrior,fury,42,23,19
Erdnase,ragnaros,1622,warrior,fury,50,27,23
Boyarde,tichondrius,1621,warrior,fury,40,25,15
Mortawar,tichondrius,1621,warrior,fury,66,34,32
Wolfdurotan,azralon,1620,warrior,fury,54,33,21
Nikon,bleeding-hollow,1620,warrior,fury,120,62,58
Ðåddý,stormrage,1620,warrior,fury,149,73,76
Xerant,moon-guard,1619,warrior,fury,76,44,32
Hrothtyr,kelthuzad,1619,warrior,fury,113,63,50
Jingson,moon-guard,1618,warrior,fury,69,39,30
Tithousand,tichondrius,1618,warrior,fury,141,77,64
Alteryx,sargeras,1617,warrior,fury,250,134,116
Nornogin,tichondrius,1616,warrior,fury,72,42,30
Æwarrìor,tichondrius,1616,warrior,fury,91,48,43
Tutuh,quelthalas,1616,warrior,fury,42,21,21
Betterwar,zuljin,1616,warrior,fury,44,21,23
Axellent,gilneas,1615,warrior,fury,36,21,15
Imprw,stormrage,1615,warrior,fury,185,105,80
Mafe,tichondrius,1615,warrior,fury,198,107,91
Bloodscream,magtheridon,1615,warrior,fury,36,19,17
Funsyze,garona,1615,warrior,fury,59,26,33
Hârambe,kiljaeden,1614,warrior,fury,41,25,16
Rücküs,tichondrius,1614,warrior,fury,178,102,76
Panterra,azralon,1614,warrior,fury,252,131,121
Wampzug,azshara,1614,warrior,fury,110,54,56
Evanx,sargeras,1613,warrior,fury,30,17,13
Swiftslaýer,vashj,1613,warrior,fury,207,105,102
Sensho,azralon,1612,warrior,fury,106,61,45
Beleña,dalaran,1612,warrior,fury,30,17,13
Rahj,saurfang,1612,warrior,fury,40,22,18
Youaredafeds,moon-guard,1612,warrior,fury,161,88,73
Flaapjack,malganis,1611,warrior,fury,54,30,24
Påpi,sargeras,1610,warrior,fury,108,61,47
Celere,azralon,1610,warrior,fury,96,49,47
Peeb,tichondrius,1609,warrior,fury,84,47,37
Gaazhel,quelthalas,1609,warrior,fury,264,134,130
Maciste,exodar,1609,warrior,fury,66,33,33
Guerreraa,ragnaros,1609,warrior,fury,83,37,46
Oxitowocina,quelthalas,1608,warrior,fury,66,35,31
Uded,icecrown,1607,warrior,fury,60,33,27
Tappyz,area-52,1607,warrior,fury,42,23,19
Thraig,moon-guard,1607,warrior,fury,42,21,21
Mommystrasza,kelthuzad,1606,warrior,fury,68,40,28
Leviqt,moon-guard,1606,warrior,fury,36,21,15
Skullbreaker,frostmane,1606,warrior,fury,65,34,31
Ragingboner,aggramar,1606,warrior,fury,48,22,26
Rendard,sargeras,1604,warrior,fury,45,23,22
Emv,area-52,1604,warrior,fury,45,23,22
Orsex,ragnaros,1604,warrior,fury,134,66,68
Fearless,moon-guard,1603,warrior,fury,132,68,64
Velarrine,illidan,1603,warrior,fury,127,65,62
Ðìbs,moon-guard,1603,warrior,fury,41,20,21
Wooney,emerald-dream,1602,warrior,fury,24,17,7
Techanina,aerie-peak,1602,warrior,fury,33,21,12
Lilgucci,stonemaul,1602,warrior,fury,36,20,16
Ðivebomb,sargeras,1602,warrior,fury,48,26,22
Snugglebuggs,stormrage,1602,warrior,fury,283,142,141
Vhalden,quelthalas,1601,warrior,fury,48,25,23
Lolylops,kiljaeden,1601,warrior,fury,72,35,37
Genesisblade,illidan,1601,warrior,fury,58,25,33
Krovikân,area-52,1600,warrior,fury,30,19,11
Soulfang,stormscale,1600,warrior,fury,36,20,16
Sïxsnacks,stormrage,1598,warrior,fury,44,26,18
Orphasmic,moon-guard,1598,warrior,fury,88,46,42
Azázyel,quelthalas,1598,warrior,fury,102,52,50
Warrmachine,mannoroth,1597,warrior,fury,214,119,95
Cornmaster,darkspear,1597,warrior,fury,140,70,70
Andorane,bleeding-hollow,1596,warrior,fury,92,49,43
Nipnipz,kelthuzad,1596,warrior,fury,95,47,48
Ngu,eldrethalas,1595,warrior,fury,35,18,17
Neurötic,ragnaros,1594,warrior,fury,30,20,10
Gurukakko,ragnaros,1594,warrior,fury,58,35,23
Gûard,stormrage,1593,warrior,fury,157,81,76
Gigatroll,tichondrius,1592,warrior,fury,59,30,29
Säbeër,ragnaros,1591,warrior,fury,36,22,14
Chillimus,tichondrius,1591,warrior,fury,36,20,16
Maxdaddy,frostmourne,1590,warrior,fury,36,21,15
Larrybiscuit,moon-guard,1589,warrior,fury,190,108,82
Telynne,frostmourne,1589,warrior,fury,98,53,45
Cåfe,tichondrius,1588,warrior,fury,66,44,22
Korthiasucks,area-52,1588,warrior,fury,30,19,11
Gnomageddon,anetheron,1588,warrior,fury,122,57,65
Ðowser,area-52,1586,warrior,fury,190,101,89
Alëwar,quelthalas,1586,warrior,fury,48,25,23
Lorisar,kelthuzad,1585,warrior,fury,24,17,7
Jadeemerald,kelthuzad,1585,warrior,fury,66,34,32
Tiger,veknilash,1584,warrior,fury,52,31,21
Brutality,kirin-tor,1584,warrior,fury,131,69,62
Shapur,tichondrius,1583,warrior,fury,41,22,19
Jimmfro,zuljin,1583,warrior,fury,88,46,42
Statistic,skullcrusher,1583,warrior,fury,118,54,64
Faywarsong,area-52,1582,warrior,fury,74,39,35
Aranacn,tichondrius,1582,warrior,fury,54,28,26
Bigßiceps,tichondrius,1581,warrior,fury,56,31,25
Holddapoop,area-52,1581,warrior,fury,107,54,53
Shibaraku,tichondrius,1581,warrior,fury,646,322,324
Shaøkahn,azralon,1580,warrior,fury,74,43,31
Kroozy,thrall,1580,warrior,fury,42,24,18
Khrull,khazgoroth,1579,warrior,fury,80,42,38
Zitfrlt,wildhammer,1579,warrior,fury,111,53,58
Dilfshakes,illidan,1578,warrior,fury,36,21,15
Azrailz,stormrage,1577,warrior,fury,66,41,25
Rahj,caelestrasz,1577,warrior,fury,67,39,28
Grômm,tichondrius,1577,warrior,fury,81,45,36
Brøsk,azralon,1575,warrior,fury,114,61,53
Verigan,barthilas,1575,warrior,fury,42,22,20
Captinkitty,thrall,1573,warrior,fury,60,31,29
Zszszszszs,tichondrius,1572,warrior,fury,50,27,23
Zartren,khazgoroth,1572,warrior,fury,84,44,40
Wolfcultist,moon-guard,1572,warrior,fury,117,54,63
Donhoolio,illidan,1569,warrior,fury,71,47,24
Strëngth,aggramar,1569,warrior,fury,94,50,44
Maievz,moon-guard,1568,warrior,fury,36,19,17
Quinntis,anvilmar,1568,warrior,fury,108,54,54
Pigonhae,zuljin,1568,warrior,fury,55,26,29
Everfury,tichondrius,1567,warrior,fury,30,20,10
Filamon,dentarg,1567,warrior,fury,77,32,45
Wíldcat,illidan,1566,warrior,fury,36,20,16
Immortal,icecrown,1566,warrior,fury,95,51,44
Mogghul,azralon,1565,warrior,fury,42,22,20
Kombatwombat,kaelthas,1564,warrior,fury,65,36,29
Beforever,kiljaeden,1564,warrior,fury,42,18,24
Rhorix,korialstrasz,1563,warrior,fury,42,18,24
Ävdol,emerald-dream,1562,warrior,fury,39,22,17
Bloodhârdt,area-52,1562,warrior,fury,106,59,47
Rekill,emerald-dream,1562,warrior,fury,36,19,17
Zerkxi,kelthuzad,1561,warrior,fury,51,30,21
Dripkey,darkspear,1560,warrior,fury,48,24,24
Shaolin,duskwood,1558,warrior,fury,36,20,16
Damburga,tichondrius,1558,warrior,fury,126,67,59
Morgrein,area-52,1557,warrior,fury,52,24,28
Arthíc,ragnaros,1556,warrior,fury,75,38,37
Nvzah,area-52,1556,warrior,fury,78,34,44
Monreale,area-52,1555,warrior,fury,54,34,20
Canduin,queldorei,1555,warrior,fury,61,34,27
Igoboom,bleeding-hollow,1555,warrior,fury,52,27,25
Thegoodson,zuljin,1555,warrior,fury,72,37,35
Badboyjan,tichondrius,1554,warrior,fury,28,18,10
Cauk,frostmourne,1554,warrior,fury,38,21,17
Xakp,tichondrius,1554,warrior,fury,99,51,48
Ragnararagor,ragnaros,1553,warrior,fury,317,160,157
Rafurk,area-52,1552,warrior,fury,72,42,30
Tanorai,area-52,1552,warrior,fury,81,47,34
Torv,frostmourne,1552,warrior,fury,80,43,37
Goyqqw,illidan,1551,warrior,fury,29,17,12
Zultråk,quelthalas,1551,warrior,fury,42,18,24
Arkey,queldorei,1550,warrior,fury,54,30,24
Lagathar,tichondrius,1550,warrior,fury,78,41,37
Wrniss,tichondrius,1549,warrior,fury,107,59,48
Antbee,stormrage,1549,warrior,fury,57,28,29
Hôdû,tichondrius,1548,warrior,fury,262,138,124
Hairygrundel,area-52,1548,warrior,fury,143,74,69
Tempusbane,proudmoore,1548,warrior,fury,56,24,32
Coltyn,illidan,1548,warrior,fury,42,18,24
Sithlõrd,moon-guard,1547,warrior,fury,92,45,47
Icrìtmypants,dragonmaw,1546,warrior,fury,30,19,11
Fearlessxq,tichondrius,1546,warrior,fury,191,103,88
Rendwarchief,garrosh,1546,warrior,fury,161,82,79
Forks,malganis,1546,warrior,fury,80,35,45
Hazknar,azralon,1545,warrior,fury,108,55,53
Sugmad,area-52,1545,warrior,fury,48,22,26
Nlechoppawar,bleeding-hollow,1544,warrior,fury,30,17,13
Ataullah,barthilas,1544,warrior,fury,45,22,23
Crushanater,tichondrius,1543,warrior,fury,62,32,30
Raggnarsøøn,ragnaros,1543,warrior,fury,107,50,57
Nickypoo,malganis,1542,warrior,fury,29,17,12
Bigbungus,frostmourne,1542,warrior,fury,50,27,23
Senso,moon-guard,1541,warrior,fury,59,37,22
Rampagejin,tichondrius,1541,warrior,fury,57,28,29
Smeshyou,kelthuzad,1540,warrior,fury,54,29,25
Tyranatusk,malganis,1540,warrior,fury,48,24,24
Rúz,illidan,1540,warrior,fury,42,20,22
Lujzika,stormreaver,1539,warrior,fury,119,67,52
Wöûlöû,trollbane,1539,warrior,fury,124,64,60
Zibby,malganis,1539,warrior,fury,36,18,18
Sertul,tichondrius,1538,warrior,fury,129,68,61
Gorrtog,stormrage,1538,warrior,fury,416,207,209
Rhðr,nemesis,1537,warrior,fury,43,23,20
Slashen,sargeras,1536,warrior,fury,53,32,21
Pootyspootz,warsong,1536,warrior,fury,53,31,22
Kross,illidan,1536,warrior,fury,132,71,61
Kevinhårt,sargeras,1536,warrior,fury,116,61,55
Bòne,frostmourne,1536,warrior,fury,54,28,26
Ruuthless,sargeras,1536,warrior,fury,279,142,137
Hawkior,moon-guard,1535,warrior,fury,66,40,26
Kortera,malganis,1535,warrior,fury,68,41,27
Thren,tichondrius,1533,warrior,fury,36,19,17
Iskandr,amanthul,1533,warrior,fury,148,77,71
Carfal,spirestone,1532,warrior,fury,60,36,24
Sadistìcewok,malganis,1532,warrior,fury,29,17,12
Romus,spirestone,1531,warrior,fury,78,43,35
Cohëëd,kelthuzad,1531,warrior,fury,199,105,94
Elfdestroyer,wyrmrest-accord,1531,warrior,fury,54,26,28
Xradull,dawnbringer,1531,warrior,fury,36,17,19
Impalle,nazjatar,1530,warrior,fury,70,42,28
Luosifen,tichondrius,1530,warrior,fury,102,53,49
Helrise,sargeras,1528,warrior,fury,24,16,8
Amai,silver-hand,1528,warrior,fury,41,21,20
Taiine,moon-guard,1527,warrior,fury,36,17,19
Ðow,burning-blade,1526,warrior,fury,59,31,28
Wolurog,emerald-dream,1525,warrior,fury,54,34,20
Testflight,tichondrius,1525,warrior,fury,63,31,32
Tyroe,thunderhorn,1525,warrior,fury,72,35,37
Coalpit,emerald-dream,1525,warrior,fury,186,88,98
Slughörn,moon-guard,1525,warrior,fury,36,16,20
Theseuse,tichondrius,1524,warrior,fury,54,31,23
Rageorade,area-52,1524,warrior,fury,167,94,73
Siegfriéd,bleeding-hollow,1523,warrior,fury,110,62,48
Fendimonster,tichondrius,1523,warrior,fury,459,243,216
Getthechoppa,aegwynn,1523,warrior,fury,101,53,48
Mcluffin,proudmoore,1522,warrior,fury,30,20,10
Pelikanesis,arthas,1522,warrior,fury,67,37,30
Rohta,kiljaeden,1522,warrior,fury,82,43,39
Lardern,bleeding-hollow,1522,warrior,fury,36,18,18
Dangerousd,kiljaeden,1518,warrior,fury,30,16,14
Mofosfury,illidan,1517,warrior,fury,72,44,28
Sálieri,ragnaros,1517,warrior,fury,202,107,95
Abomlnatlon,tichondrius,1516,warrior,fury,78,43,35
Durist,tichondrius,1516,warrior,fury,30,16,14
Berthibar,dalaran,1516,warrior,fury,147,71,76
Mòrgo,agamaggan,1515,warrior,fury,36,25,11
Statistical,area-52,1515,warrior,fury,48,31,17
Tinyguysmall,eredar,1515,warrior,fury,48,30,18
Bigjier,proudmoore,1515,warrior,fury,175,91,84
Aarmii,ragnaros,1514,warrior,fury,207,107,100
Ruktar,akama,1514,warrior,fury,209,107,102
Playbox,area-52,1514,warrior,fury,83,37,46
Darrowshire,moon-guard,1514,warrior,fury,36,16,20
Asuna,burning-blade,1513,warrior,fury,96,52,44
Rikbielo,dragonmaw,1513,warrior,fury,73,39,34
Walterwhîte,tichondrius,1512,warrior,fury,75,43,32
Eamonvalda,dalaran,1512,warrior,fury,88,50,38
Orrkky,jubeithos,1512,warrior,fury,47,26,21
Fkt,frostmourne,1512,warrior,fury,31,17,14
Impk,frostmourne,1512,warrior,fury,30,16,14
Dustywx,area-52,1512,warrior,fury,30,16,14
Zarxc,quelthalas,1512,warrior,fury,125,61,64
Warsongwolf,tichondrius,1512,warrior,fury,84,39,45
Jotto,zuljin,1511,warrior,fury,41,25,16
Pneumasmash,tichondrius,1511,warrior,fury,66,36,30
Lísterfiend,illidan,1510,warrior,fury,36,20,16
Hoodlark,lightbringer,1509,warrior,fury,127,67,60
Benchpress,bleeding-hollow,1509,warrior,fury,153,77,76
Magnis,stormrage,1509,warrior,fury,108,54,54
Benieswar,frostmourne,1509,warrior,fury,60,30,30
Grumok,tichondrius,1509,warrior,fury,44,20,24
Kryptonite,illidan,1508,warrior,fury,24,16,8
Cokespoon,frostmourne,1508,warrior,fury,102,56,46
Iceice,dalaran,1508,warrior,fury,106,52,54
Connero,stormrage,1507,warrior,fury,78,39,39
Endlesskilla,destromath,1507,warrior,fury,82,37,45
Meatyslaps,area-52,1506,warrior,fury,110,64,46
Haibun,tichondrius,1506,warrior,fury,30,17,13
Zekken,blades-edge,1505,warrior,fury,107,58,49
Daymiian,blackrock,1505,warrior,fury,36,18,18
Eatmyblade,wyrmrest-accord,1505,warrior,fury,435,215,220
Hughmungús,frostmourne,1504,warrior,fury,80,44,36
Pitchman,tichondrius,1504,warrior,fury,89,46,43
Nebgleb,bleeding-hollow,1503,warrior,fury,48,32,16
Ayrifik,tichondrius,1503,warrior,fury,36,22,14
Anandamide,frostwolf,1503,warrior,fury,51,27,24
Kârzâ,dawnbringer,1503,warrior,fury,191,100,91
Crímewave,zuljin,1503,warrior,fury,42,21,21
Varith,sargeras,1503,warrior,fury,89,44,45
Slamdwich,malganis,1503,warrior,fury,42,20,22
Kwelve,proudmoore,1502,warrior,fury,72,39,33
Zombad,azralon,1502,warrior,fury,74,39,35
Lavince,tichondrius,1502,warrior,fury,36,18,18
Keltanas,quelthalas,1502,warrior,fury,289,141,148
Konraad,amanthul,1501,warrior,fury,45,23,22
Rodahn,emerald-dream,1500,warrior,fury,54,31,23
Drstomp,tichondrius,1499,warrior,fury,22,17,5
Worclin,illidan,1499,warrior,fury,30,17,13
Tapijuju,stormrage,1499,warrior,fury,62,35,27
Enzothebaker,thrall,1499,warrior,fury,46,25,21
Selathiel,burning-blade,1499,warrior,fury,320,164,156
Grommrosh,azralon,1499,warrior,fury,48,21,27
Rhann,kelthuzad,1498,warrior,fury,158,82,76
Breaker,undermine,1498,warrior,fury,66,30,36
Hellamoist,tichondrius,1498,warrior,fury,78,35,43
Atuey,area-52,1497,warrior,fury,78,51,27
Cenanuandra,gnomeregan,1497,warrior,fury,100,57,43
Fattyw,sargeras,1496,warrior,fury,30,17,13
Shrekshomie,zuljin,1496,warrior,fury,128,69,59
Koppo,kelthuzad,1496,warrior,fury,42,18,24
Zenetsu,kelthuzad,1496,warrior,fury,84,34,50
Kolgrim,hyjal,1495,warrior,fury,39,21,18
Venirith,moon-guard,1495,warrior,fury,82,43,39
Fearlessly,moon-guard,1494,warrior,fury,274,141,133
Stoopkid,uldum,1494,warrior,fury,58,29,29
Mäjka,dalaran,1493,warrior,fury,54,26,28
Rivnz,greymane,1493,warrior,fury,82,37,45
Nixe,caelestrasz,1492,warrior,fury,162,81,81
Zertok,ravencrest,1492,warrior,fury,36,18,18
Mág,burning-legion,1490,warrior,fury,45,26,19
Intimidator,area-52,1490,warrior,fury,41,22,19
Moriax,azralon,1490,warrior,fury,172,91,81
Dreadmaww,draenor,1490,warrior,fury,53,26,27
Riechst,quelthalas,1488,warrior,fury,40,21,19
Impaling,moon-guard,1487,warrior,fury,89,52,37
Linker,ragnaros,1487,warrior,fury,93,50,43
Wardeád,quelthalas,1487,warrior,fury,69,37,32
Antei,thunderlord,1487,warrior,fury,100,53,47
Meatspinner,sargeras,1487,warrior,fury,78,39,39
Sherrywalken,azralon,1487,warrior,fury,62,30,32
Warborn,agamaggan,1487,warrior,fury,78,37,41
Mayonnaise,ragnaros,1487,warrior,fury,70,33,37
Elmosmash,thrall,1487,warrior,fury,70,29,41
Noten,thunderlord,1486,warrior,fury,106,60,46
Boryndin,caelestrasz,1485,warrior,fury,24,18,6
Gtrain,barthilas,1485,warrior,fury,65,35,30
Rohkvan,illidan,1485,warrior,fury,41,21,20
Baeowar,area-52,1485,warrior,fury,142,65,77
Thorfjin,stormrage,1484,warrior,fury,95,54,41
Johnnysnowx,sargeras,1482,warrior,fury,155,83,72
Xochicotzin,mugthol,1482,warrior,fury,42,21,21
Ronok,ghostlands,1481,warrior,fury,42,26,16
Dudeyosupbro,zuljin,1481,warrior,fury,54,32,22
Gryl,stormrage,1481,warrior,fury,167,78,89
Know,anetheron,1480,warrior,fury,39,25,14
Mortalstrike,chogall,1480,warrior,fury,66,32,34
Daelganis,blood-furnace,1480,warrior,fury,83,40,43
Sigiswald,cenarion-circle,1480,warrior,fury,78,35,43
Shádo,darkspear,1479,warrior,fury,48,29,19
Ooze,darkspear,1479,warrior,fury,105,53,52
Himiko,kaelthas,1478,warrior,fury,79,40,39
Wiimaann,quelthalas,1478,warrior,fury,43,19,24
Murdokkwml,ragnaros,1477,warrior,fury,22,17,5
Machâ,illidan,1477,warrior,fury,41,19,22
Majesticaf,illidan,1476,warrior,fury,42,22,20
Murotamaka,malganis,1476,warrior,fury,36,17,19
Oppos,lightnings-blade,1475,warrior,fury,92,44,48
Zuggyboi,moon-guard,1472,warrior,fury,54,25,29
Brutalloli,thrall,1471,warrior,fury,66,37,29
Icebringer,frostmourne,1471,warrior,fury,56,20,36
Crohdey,madoran,1470,warrior,fury,215,111,104
Xenogears,boulderfist,1468,warrior,fury,102,45,57
Violençe,malganis,1467,warrior,fury,48,22,26
Tharsìs,emerald-dream,1467,warrior,fury,52,22,30
Badoosh,kaelthas,1466,warrior,fury,40,26,14
Xannypatrol,tichondrius,1466,warrior,fury,125,68,57
Jarvîs,moon-guard,1466,warrior,fury,103,53,50
Howlofang,bleeding-hollow,1466,warrior,fury,84,40,44
Jubeithos,draktharon,1466,warrior,fury,60,28,32
Gorcker,hellscream,1465,warrior,fury,42,24,18
Qanf,azralon,1465,warrior,fury,48,25,23
Errejota,illidan,1465,warrior,fury,83,43,40
Surge,eredar,1464,warrior,fury,63,34,29
Panicbutton,proudmoore,1464,warrior,fury,138,74,64
Mereleona,quelthalas,1464,warrior,fury,113,56,57
Alrekur,moon-guard,1463,warrior,fury,30,22,8
Einnarr,tichondrius,1463,warrior,fury,39,25,14
Reesse,eonar,1463,warrior,fury,47,29,18
Wazy,ragnaros,1463,warrior,fury,96,47,49
Allenwrite,frostmourne,1463,warrior,fury,73,33,40
Cliveswife,frostmourne,1462,warrior,fury,23,16,7
Gwlade,sargeras,1462,warrior,fury,36,24,12
Streetdog,stormrage,1462,warrior,fury,24,16,8
Teyroporah,azralon,1462,warrior,fury,63,34,29
Chomax,frostmourne,1462,warrior,fury,42,20,22
Dalinare,area-52,1461,warrior,fury,42,20,22
Commandó,proudmoore,1460,warrior,fury,71,42,29
Mightypikel,illidan,1459,warrior,fury,28,17,11
Braxtön,moon-guard,1459,warrior,fury,90,44,46
Vedrikk,ragnaros,1458,warrior,fury,54,30,24
Thyssara,moon-guard,1458,warrior,fury,113,59,54
Nimna,moon-guard,1458,warrior,fury,67,32,35
Mandremin,moon-guard,1456,warrior,fury,24,17,7
Leónard,moon-guard,1456,warrior,fury,52,30,22
Akj,sargeras,1456,warrior,fury,98,46,52
Cogsbixby,aerie-peak,1455,warrior,fury,30,21,9
Tenger,velen,1455,warrior,fury,133,73,60
Youjumpijump,frostmourne,1455,warrior,fury,44,17,27
Mlau,tichondrius,1454,warrior,fury,30,16,14
Dabier,bleeding-hollow,1454,warrior,fury,166,85,81
Corbray,frostmourne,1454,warrior,fury,42,20,22
Malakwar,thrall,1453,warrior,fury,53,27,26
Trickyshield,durotan,1452,warrior,fury,29,18,11
Mytharion,sargeras,1452,warrior,fury,70,35,35
Mammo,khazgoroth,1452,warrior,fury,36,16,20
Ggéz,stormrage,1451,warrior,fury,80,39,41
Limpninny,dalaran,1451,warrior,fury,51,24,27
Zenrrei,ragnaros,1451,warrior,fury,43,18,25
Mezmer,sargeras,1450,warrior,fury,66,37,29
Machomanran,zuljin,1450,warrior,fury,142,72,70
Elcikario,quelthalas,1450,warrior,fury,42,21,21
Warbringerr,hydraxis,1449,warrior,fury,48,27,21
Delanorh,illidan,1449,warrior,fury,40,21,19
Wouili,zuljin,1449,warrior,fury,74,34,40
Lavablood,moon-guard,1449,warrior,fury,54,24,30
Pooductive,frostmourne,1448,warrior,fury,42,19,23
Thurman,spirestone,1447,warrior,fury,42,22,20
Javino,frostmourne,1446,warrior,fury,38,20,18
Bestgrunt,tichondrius,1446,warrior,fury,102,46,56
Júarez,azralon,1445,warrior,fury,26,16,10
Husurnanny,dalaran,1445,warrior,fury,61,33,28
Apeal,skullcrusher,1445,warrior,fury,170,89,81
Maintarget,malganis,1445,warrior,fury,35,18,17
Carnemølida,thrall,1444,warrior,fury,88,42,46
Exsolacyst,sargeras,1444,warrior,fury,36,17,19
Andreas,quelthalas,1443,warrior,fury,87,48,39
Youserg,khazgoroth,1443,warrior,fury,243,125,118
Genrÿuusai,azralon,1443,warrior,fury,41,20,21
Invdeath,azralon,1443,warrior,fury,58,27,31
Saltyniples,aegwynn,1443,warrior,fury,96,44,52
Wrathena,khadgar,1442,warrior,fury,60,29,31
Hazew,kelthuzad,1442,warrior,fury,53,25,28
Ankhxiety,sargeras,1442,warrior,fury,87,38,49
Biggbudzz,sargeras,1441,warrior,fury,47,23,24
Zootonius,bloodscalp,1440,warrior,fury,42,26,16
Yahve,proudmoore,1440,warrior,fury,29,16,13
Jodoro,malfurion,1440,warrior,fury,48,26,22
Horvv,frostmourne,1440,warrior,fury,72,37,35
Cptnchocmilk,thrall,1440,warrior,fury,42,21,21
Líl,gorgonnash,1440,warrior,fury,72,30,42
Gromtalin,sargeras,1439,warrior,fury,66,37,29
Lox,blades-edge,1439,warrior,fury,42,20,22
Tinycutty,frostmourne,1438,warrior,fury,29,16,13
Hackbbadda,tichondrius,1438,warrior,fury,30,15,15
Midweststuna,kul-tiras,1436,warrior,fury,29,18,11
Hellframe,ysondre,1436,warrior,fury,84,42,42
Cryposlice,malganis,1436,warrior,fury,36,15,21
Mankus,tichondrius,1435,warrior,fury,108,54,54
Sarovek,thrall,1434,warrior,fury,66,36,30
Janoski,chogall,1433,warrior,fury,26,17,9
Kenpachì,kelthuzad,1433,warrior,fury,25,16,9
Bamag,dethecus,1433,warrior,fury,24,15,9
Wishayzka,drakkari,1433,warrior,fury,60,29,31
Reçklüse,illidan,1433,warrior,fury,55,23,32
Calmebigfeet,tichondrius,1432,warrior,fury,30,15,15
Rucon,whisperwind,1432,warrior,fury,35,16,19
Bruttallis,frostmane,1431,warrior,fury,100,51,49
Sako,amanthul,1430,warrior,fury,38,21,17
Tacomeat,malorne,1430,warrior,fury,58,29,29
Warthok,turalyon,1430,warrior,fury,42,18,24
Toberino,illidan,1427,warrior,fury,24,15,9
Beifong,barthilas,1427,warrior,fury,30,15,15
Tazgar,draka,1427,warrior,fury,30,15,15
Fury,frostmourne,1427,warrior,fury,30,15,15
Sindarin,eitrigg,1426,warrior,fury,75,44,31
Philbert,alexstrasza,1426,warrior,fury,82,42,40
Micbeef,lightninghoof,1425,warrior,fury,52,29,23
Ikoré,saurfang,1425,warrior,fury,87,45,42
Thunderfurry,drakkari,1425,warrior,fury,156,75,81
Hjomura,quelthalas,1425,warrior,fury,66,31,35
Mervyn,aegwynn,1424,warrior,fury,132,71,61
Modzilla,aerie-peak,1424,warrior,fury,140,70,70
Wyrvan,wyrmrest-accord,1424,warrior,fury,36,15,21
Bloodsoldier,stormrage,1424,warrior,fury,42,16,26
Durtyblood,lightnings-blade,1423,warrior,fury,109,61,48
Hasbullaa,proudmoore,1423,warrior,fury,30,15,15
Naekochee,moon-guard,1422,warrior,fury,79,38,41
Moctezuma,bronzebeard,1422,warrior,fury,50,24,26
Hydrolisk,area-52,1421,warrior,fury,30,16,14
Xgraves,sargeras,1421,warrior,fury,30,15,15
Levyw,korgath,1421,warrior,fury,45,19,26
Ridemepapi,tichondrius,1421,warrior,fury,39,15,24
Attractive,silvermoon,1420,warrior,fury,103,57,46
Valde,stormrage,1420,warrior,fury,55,30,25
Rockadoodle,tichondrius,1420,warrior,fury,78,39,39
Outrage,the-forgotten-coast,1420,warrior,fury,110,52,58
Gromarth,wyrmrest-accord,1418,warrior,fury,70,38,32
Heenguer,azralon,1418,warrior,fury,74,38,36
Akenox,area-52,1418,warrior,fury,30,15,15
Sîn,sargeras,1418,warrior,fury,42,19,23
Genderfluuid,trollbane,1417,warrior,fury,30,15,15
Chiêfatriox,tichondrius,1417,warrior,fury,42,20,22
Sìkarío,illidan,1415,warrior,fury,27,18,9
Calzonez,bloodscalp,1415,warrior,fury,77,42,35
Maytrix,bleeding-hollow,1415,warrior,fury,101,55,46
Lechonk,suramar,1415,warrior,fury,30,16,14
Karusuke,stormrage,1415,warrior,fury,42,22,20
Elken,haomarush,1415,warrior,fury,102,52,50
Thiccsauce,wyrmrest-accord,1415,warrior,fury,36,16,20
Äléx,frostmourne,1414,warrior,fury,48,28,20
Ayn,llane,1414,warrior,fury,42,24,18
Heavymetalyo,sargeras,1413,warrior,fury,92,53,39
Natedógg,tichondrius,1413,warrior,fury,102,52,50
Viagraliker,tichondrius,1412,warrior,fury,118,62,56
Júmmy,area-52,1412,warrior,fury,44,23,21
Zareshi,sargeras,1412,warrior,fury,140,71,69
Bhutjolokia,ragnaros,1411,warrior,fury,86,42,44
Rageinc,jubeithos,1410,warrior,fury,75,35,40
Râgê,moon-guard,1409,warrior,fury,36,19,17
Shinshido,tichondrius,1409,warrior,fury,78,39,39
Painquin,boulderfist,1409,warrior,fury,60,27,33
Orslo,area-52,1409,warrior,fury,78,35,43
Galigiggs,emerald-dream,1407,warrior,fury,24,15,9
Undmyaxe,shattered-halls,1407,warrior,fury,54,29,25
Ckoaw,dalaran,1407,warrior,fury,29,15,14
Noppô,tichondrius,1406,warrior,fury,47,30,17
Harkeigh,wyrmrest-accord,1406,warrior,fury,98,52,46
Eeqkqoverrsq,stormrage,1405,warrior,fury,24,17,7
Orson,lothar,1404,warrior,fury,26,15,11
Exëqt,area-52,1404,warrior,fury,72,31,41
Ihadnochoice,barthilas,1404,warrior,fury,42,18,24
Ísrafel,ragnaros,1403,warrior,fury,77,43,34
Alecsten,tichondrius,1403,warrior,fury,30,15,15
Destructör,nagrand,1403,warrior,fury,161,80,81
Dtrumpo,moon-guard,1403,warrior,fury,89,40,49
Vornicar,moon-guard,1402,warrior,fury,137,71,66
Ragëqt,windrunner,1402,warrior,fury,42,19,23
Tayne,ragnaros,1401,warrior,fury,60,34,26
Bamfarms,tichondrius,1401,warrior,fury,43,23,20
Barntley,illidan,1400,warrior,fury,61,34,27
Xurug,zuljin,1400,warrior,fury,30,15,15
Bave,area-52,1400,warrior,fury,42,20,22
Zatarra,azralon,1400,warrior,fury,96,45,51
Broksampson,stormrage,1399,warrior,fury,30,15,15
Dieselsauce,stormscale,1397,warrior,fury,101,48,53
Farklesnarf,tichondrius,1397,warrior,fury,68,32,36
Tatsuyahaku,trollbane,1397,warrior,fury,48,22,26
Potan,thrall,1397,warrior,fury,54,24,30
Rerollrogue,thrall,1396,warrior,fury,171,82,89
Furyann,frostmourne,1396,warrior,fury,42,19,23
Grommasth,jubeithos,1395,warrior,fury,66,39,27
Fluffytaco,illidan,1395,warrior,fury,66,35,31
Murderwalk,shadowmoon,1395,warrior,fury,63,30,33
Aladrynne,dalaran,1394,warrior,fury,291,143,148
Rustylugnut,area-52,1393,warrior,fury,57,23,34
Alerish,quelthalas,1392,warrior,fury,24,15,9
Bedlamite,korgath,1392,warrior,fury,60,29,31
Jankalmojo,proudmoore,1391,warrior,fury,152,80,72
ßlitzxkreig,tichondrius,1390,warrior,fury,28,17,11
Murderfaace,jubeithos,1390,warrior,fury,47,24,23
Assamith,nemesis,1390,warrior,fury,36,15,21
Pawgmilf,tichondrius,1389,warrior,fury,85,48,37
Majindoom,illidan,1388,warrior,fury,59,32,27
Tupacsback,stormrage,1387,warrior,fury,102,58,44
Joxer,nordrassil,1387,warrior,fury,96,52,44
Cevadix,azralon,1387,warrior,fury,94,48,46
Noteko,tichondrius,1387,warrior,fury,36,17,19
Thecolor,tichondrius,1387,warrior,fury,44,18,26
Tinyterror,sargeras,1386,warrior,fury,48,22,26
Afelhia,moon-guard,1386,warrior,fury,54,24,30
Gokkuu,dragonblight,1385,warrior,fury,90,47,43
Spaceburied,illidan,1385,warrior,fury,129,59,70
Setseno,stormrage,1384,warrior,fury,38,17,21
Burtiera,wyrmrest-accord,1383,warrior,fury,70,40,30
Screwz,blackrock,1382,warrior,fury,178,95,83
Kratøz,tichondrius,1382,warrior,fury,36,18,18
Lighttaker,proudmoore,1381,warrior,fury,139,76,63
Perserve,thunderlord,1381,warrior,fury,180,84,96
Hadowar,thrall,1380,warrior,fury,42,25,17
Trco,quelthalas,1380,warrior,fury,60,32,28
Thywub,proudmoore,1380,warrior,fury,36,17,19
Arot,bloodhoof,1379,warrior,fury,36,21,15
Lovehandlez,proudmoore,1379,warrior,fury,111,58,53
Bdm,mugthol,1379,warrior,fury,85,39,46
Weesten,aerie-peak,1378,warrior,fury,178,99,79
Krishwar,azshara,1378,warrior,fury,36,19,17
Tranos,zuljin,1376,warrior,fury,84,35,49
Swiffy,stormrage,1375,warrior,fury,46,29,17
Brugo,area-52,1374,warrior,fury,91,56,35
Jonÿ,sargeras,1373,warrior,fury,301,166,135
Coolade,thunderhorn,1373,warrior,fury,42,22,20
Originalkhan,stormrage,1373,warrior,fury,54,23,31
Agoro,tichondrius,1371,warrior,fury,48,25,23
Quuavo,tichondrius,1371,warrior,fury,72,37,35
Jeffarian,illidan,1370,warrior,fury,50,29,21
Fartsniff,sargeras,1370,warrior,fury,38,19,19
Maydie,illidan,1370,warrior,fury,30,15,15
Mikejustice,kelthuzad,1369,warrior,fury,320,159,161
Constintine,spinebreaker,1368,warrior,fury,35,18,17
Kaladbolg,tichondrius,1367,warrior,fury,114,60,54
Bèèfcake,shattered-hand,1367,warrior,fury,48,25,23
Chounshiryu,drakkari,1367,warrior,fury,283,142,141
Avoraçado,nemesis,1367,warrior,fury,36,16,20
Qram,illidan,1366,warrior,fury,23,15,8
Droggo,cenarius,1366,warrior,fury,48,28,20
Áres,spinebreaker,1366,warrior,fury,48,24,24
Genjis,quelthalas,1366,warrior,fury,48,24,24
Dözer,icecrown,1366,warrior,fury,42,21,21
Queterompo,ragnaros,1365,warrior,fury,84,41,43
Hêllseeker,ragnaros,1365,warrior,fury,52,24,28
Gongos,doomhammer,1363,warrior,fury,109,57,52
Rageraz,trollbane,1362,warrior,fury,30,19,11
Zephyron,moonrunner,1362,warrior,fury,62,34,28
Valkwar,tichondrius,1362,warrior,fury,54,28,26
Maligaro,draka,1362,warrior,fury,32,16,16
Redblade,bleeding-hollow,1362,warrior,fury,48,22,26
Latifahz,tichondrius,1361,warrior,fury,35,17,18
Illicitiri,sargeras,1360,warrior,fury,27,16,11
Ourhero,malganis,1359,warrior,fury,33,18,15
Doominustwo,tichondrius,1358,warrior,fury,25,15,10
Raskmeth,zuljin,1358,warrior,fury,54,32,22
Skrot,stormrage,1358,warrior,fury,48,23,25
Thradek,proudmoore,1358,warrior,fury,42,15,27
Chahta,shadowsong,1357,warrior,fury,48,30,18
Fartden,tichondrius,1356,warrior,fury,30,17,13
Rhohan,ysera,1356,warrior,fury,102,52,50
Osannd,tichondrius,1356,warrior,fury,84,42,42
Ragnarwar,azralon,1355,warrior,fury,30,16,14
Cannonballz,sargeras,1354,warrior,fury,42,21,21
Matthegreat,area-52,1354,warrior,fury,51,25,26
Arfzz,zangarmarsh,1352,warrior,fury,48,21,27
Saabre,tichondrius,1351,warrior,fury,84,39,45
Squalx,proudmoore,1349,warrior,fury,36,16,20
Betametazone,ragnaros,1348,warrior,fury,37,18,19
Zhuldrok,azralon,1348,warrior,fury,35,17,18
Slaggdad,illidan,1348,warrior,fury,138,64,74
Avorable,shattered-hand,1347,warrior,fury,31,16,15
Varlekt,frostmourne,1346,warrior,fury,137,70,67
Zépileque,azralon,1346,warrior,fury,42,16,26
Spicywagyu,tichondrius,1345,warrior,fury,42,27,15
Wuushang,area-52,1345,warrior,fury,80,42,38
Phaellii,sargeras,1345,warrior,fury,42,20,22
Compatibilit,tichondrius,1345,warrior,fury,68,32,36
Ghostwalker,akama,1344,warrior,fury,56,27,29
Oohdang,tichondrius,1343,warrior,fury,36,19,17
Contradict,thrall,1343,warrior,fury,42,20,22
Iripuanewone,illidan,1343,warrior,fury,40,19,21
Assaulttank,drenden,1343,warrior,fury,78,36,42
Mayshowgunmo,tichondrius,1342,warrior,fury,18,14,4
Rawheadrex,sargeras,1342,warrior,fury,24,14,10
Wurrukattezz,tichondrius,1342,warrior,fury,68,32,36
Golodiso,mugthol,1341,warrior,fury,24,14,10
Maarilayne,wyrmrest-accord,1341,warrior,fury,48,27,21
Chilledflex,stormrage,1341,warrior,fury,36,15,21
Dex,saurfang,1339,warrior,fury,24,14,10
Zikeno,dalaran,1338,warrior,fury,42,22,20
Vergerak,tichondrius,1338,warrior,fury,36,14,22
Xiaoyujin,proudmoore,1337,warrior,fury,24,14,10
Fenmok,khazgoroth,1337,warrior,fury,29,16,13
Ecity,bonechewer,1336,warrior,fury,24,14,10
Teresabelle,proudmoore,1336,warrior,fury,64,32,32
Neorage,elune,1336,warrior,fury,42,17,25
Ciellë,proudmoore,1334,warrior,fury,27,17,10
Reecew,moon-guard,1334,warrior,fury,24,14,10
Souserkill,ragnaros,1334,warrior,fury,24,14,10
Seymourbot,illidan,1334,warrior,fury,30,17,13
Ivanzaytsev,ragnaros,1333,warrior,fury,84,42,42
Hofukumizuki,tichondrius,1333,warrior,fury,33,15,18
Priapus,stormrage,1333,warrior,fury,42,17,25
Jaybers,malganis,1332,warrior,fury,30,14,16
Stimm,blood-furnace,1331,warrior,fury,24,14,10
Gengis,goldrinn,1331,warrior,fury,33,18,15
Iluvhugz,tichondrius,1330,warrior,fury,24,14,10
Gnasty,hyjal,1330,warrior,fury,24,14,10
Madwolf,tichondrius,1330,warrior,fury,24,14,10
Sulze,tichondrius,1330,warrior,fury,27,15,12
Dhaemom,azralon,1330,warrior,fury,174,88,86
Alysson,moon-guard,1329,warrior,fury,24,14,10
Hamcan,dalaran,1329,warrior,fury,24,14,10
Bingin,stormrage,1329,warrior,fury,96,46,50
Arrad,sargeras,1328,warrior,fury,110,57,53
Whitetaure,arthas,1328,warrior,fury,84,34,50
Tenfury,proudmoore,1326,warrior,fury,24,14,10
Emotionaldps,malygos,1326,warrior,fury,147,76,71
Timer,nagrand,1325,warrior,fury,30,18,12
Rakshata,destromath,1325,warrior,fury,36,19,17
Bondeye,stormrage,1325,warrior,fury,83,38,45
Pierreluigui,ragnaros,1322,warrior,fury,24,14,10
Bilboswagins,agamaggan,1322,warrior,fury,24,14,10
Hewman,aerie-peak,1321,warrior,fury,30,17,13
Raulwar,ragnaros,1321,warrior,fury,36,20,16
Uggtrick,zuljin,1321,warrior,fury,86,41,45
Powerhard,area-52,1321,warrior,fury,66,29,37
Controlololx,hyjal,1320,warrior,fury,139,65,74
Chumbinhu,stormrage,1319,warrior,fury,36,16,20
Antecubital,burning-blade,1318,warrior,fury,28,15,13
Venóm,moon-guard,1317,warrior,fury,24,14,10
Raahj,sargeras,1317,warrior,fury,26,14,12
Ghazzghkull,illidan,1317,warrior,fury,101,53,48
Hup,dethecus,1317,warrior,fury,42,15,27
Jichelei,tichondrius,1316,warrior,fury,30,14,16
Chippurrz,illidan,1315,warrior,fury,111,61,50
Goleus,emerald-dream,1315,warrior,fury,48,20,28
Ludicrous,dreadmaul,1314,warrior,fury,191,97,94
Kahuwuna,tichondrius,1314,warrior,fury,30,14,16
Bersérk,area-52,1313,warrior,fury,24,14,10
Casmier,tichondrius,1312,warrior,fury,48,23,25
Arcanity,bleeding-hollow,1312,warrior,fury,30,14,16
Aqee,illidan,1311,warrior,fury,66,36,30
Iblith,sargeras,1311,warrior,fury,78,42,36
Fulanitoo,illidan,1311,warrior,fury,30,14,16
Joshiguy,area-52,1310,warrior,fury,29,14,15
Atruis,area-52,1310,warrior,fury,49,20,29
Vandrad,stormrage,1309,warrior,fury,135,64,71
Valdemär,stormrage,1309,warrior,fury,42,18,24
Lyonele,moon-guard,1308,warrior,fury,68,34,34
Dissx,illidan,1308,warrior,fury,54,23,31
Belena,barthilas,1308,warrior,fury,36,14,22
Crixsullus,sargeras,1307,warrior,fury,42,23,19
Swingretzky,zuljin,1307,warrior,fury,30,16,14
Sinkale,moon-guard,1307,warrior,fury,108,52,56
Nezzarek,sargeras,1307,warrior,fury,261,124,137
Tüssèll,khazgoroth,1306,warrior,fury,97,48,49
Makcumba,ragnaros,1305,warrior,fury,41,19,22
Synalia,sargeras,1305,warrior,fury,90,35,55
Varekai,frostmourne,1304,warrior,fury,48,26,22
Sansãocore,nemesis,1304,warrior,fury,76,33,43
Tdaddy,lightbringer,1303,warrior,fury,225,115,110
Igoon,dentarg,1303,warrior,fury,51,24,27
Garmeg,nemesis,1302,warrior,fury,120,64,56
Nikey,tichondrius,1301,warrior,fury,41,23,18
Soypingu,the-scryers,1301,warrior,fury,39,17,22
Kujø,wyrmrest-accord,1301,warrior,fury,66,28,38
Hescobarrier,dalaran,1300,warrior,fury,54,28,26
Samuwrigh,tichondrius,1300,warrior,fury,72,37,35
Aitadon,sargeras,1299,warrior,fury,42,19,23
Seksyme,darkspear,1298,warrior,fury,36,16,20
Elreka,cenarius,1297,warrior,fury,38,19,19
Xeto,ragnaros,1296,warrior,fury,34,20,14
Leviathanl,bleeding-hollow,1296,warrior,fury,60,33,27
Fabian,kelthuzad,1296,warrior,fury,82,43,39
Zovudo,area-52,1296,warrior,fury,57,29,28
Orrof,antonidas,1295,warrior,fury,155,72,83
Rusteazy,bleeding-hollow,1295,warrior,fury,59,25,34
Plssaveme,ysera,1294,warrior,fury,46,22,24
Smasher,garona,1294,warrior,fury,45,21,24
Extremerogu,tichondrius,1294,warrior,fury,64,29,35
Lylyna,moon-guard,1293,warrior,fury,70,29,41
Jrodrick,nemesis,1292,warrior,fury,60,30,30
Ganzar,nesingwary,1292,warrior,fury,35,14,21
Katfight,frostmourne,1290,warrior,fury,42,20,22
Asteríon,sargeras,1289,warrior,fury,23,14,9
Yükana,quelthalas,1289,warrior,fury,30,14,16
Syaon,moon-guard,1288,warrior,fury,36,21,15
Chash,frostmourne,1288,warrior,fury,101,52,49
Jorked,drakkari,1288,warrior,fury,118,52,66
Archidames,illidan,1287,warrior,fury,24,14,10
Lilcha,stormrage,1287,warrior,fury,66,30,36
Ryukendo,stormrage,1285,warrior,fury,159,81,78
Funk,illidan,1285,warrior,fury,42,14,28
Zweihänder,nemesis,1284,warrior,fury,23,14,9
Kurgrok,kiljaeden,1283,warrior,fury,24,17,7
Raphaaelle,zuljin,1283,warrior,fury,31,18,13
Verallyn,area-52,1283,warrior,fury,33,16,17
Headsour,thunderhorn,1281,warrior,fury,106,48,58
Sheerwill,wyrmrest-accord,1281,warrior,fury,42,18,24
Likelygood,tichondrius,1279,warrior,fury,21,15,6
Kitto,malganis,1277,warrior,fury,56,22,34
Kelanara,ragnaros,1275,warrior,fury,36,19,17
Figurefour,tichondrius,1274,warrior,fury,42,26,16
Torthak,area-52,1273,warrior,fury,44,25,19
Burninated,tichondrius,1273,warrior,fury,34,18,16
Warföx,stormrage,1273,warrior,fury,54,23,31
Daysky,area-52,1272,warrior,fury,30,17,13
Bigswords,icecrown,1272,warrior,fury,30,14,16
Spaceguybro,whisperwind,1272,warrior,fury,47,20,27
Hijjiup,ysera,1271,warrior,fury,94,43,51
Neozsmash,thrall,1270,warrior,fury,40,15,25
Balrog,firetree,1269,warrior,fury,30,17,13
Ungabunga,frostwolf,1269,warrior,fury,29,14,15
Tryndamere,nagrand,1269,warrior,fury,71,30,41
Paí,nemesis,1265,warrior,fury,24,15,9
Xfootman,quelthalas,1264,warrior,fury,67,43,24
Eatafrank,tichondrius,1261,warrior,fury,72,36,36
Kaíroz,quelthalas,1259,warrior,fury,101,55,46
Saltyareolas,destromath,1259,warrior,fury,96,45,51
Warriorlee,jubeithos,1258,warrior,fury,63,30,33
Biznasty,frostmourne,1258,warrior,fury,36,14,22
Sealee,area-52,1257,warrior,fury,54,32,22
Tiqokz,sargeras,1257,warrior,fury,24,14,10
Vûlkan,emerald-dream,1256,warrior,fury,18,14,4
Savikk,earthen-ring,1256,warrior,fury,42,23,19
Nemesioh,tichondrius,1256,warrior,fury,65,31,34
Leturen,area-52,1256,warrior,fury,65,31,34
Impulse,moon-guard,1256,warrior,fury,47,22,25
Nondracio,ragnaros,1256,warrior,fury,51,19,32
Raazzawar,moon-guard,1254,warrior,fury,36,22,14
Kazann,staghelm,1254,warrior,fury,57,27,30
Garce,aerie-peak,1253,warrior,fury,31,16,15
Valdius,bleeding-hollow,1251,warrior,fury,23,14,9
Lubri,azralon,1250,warrior,fury,44,20,24
Ivoryana,kelthuzad,1249,warrior,fury,60,30,30
Shoresy,korgath,1249,warrior,fury,29,14,15
Ensïs,moon-guard,1249,warrior,fury,84,34,50
Kerveros,frostmourne,1248,warrior,fury,30,14,16
Phandrosa,ragnaros,1248,warrior,fury,37,17,20
Riguini,tol-barad,1248,warrior,fury,38,17,21
Nukefrmorbit,dalaran,1248,warrior,fury,34,14,20
Gavrien,wyrmrest-accord,1246,warrior,fury,18,13,5
Carnemontana,shadowsong,1246,warrior,fury,24,17,7
Galaxarr,bonechewer,1246,warrior,fury,79,37,42
Crammed,tichondrius,1246,warrior,fury,40,14,26
Washim,area-52,1245,warrior,fury,67,34,33
Draxxarlol,zuljin,1244,warrior,fury,24,13,11
Markodarko,gilneas,1243,warrior,fury,59,32,27
Torkscreww,bleeding-hollow,1243,warrior,fury,24,13,11
Alanoria,skywall,1243,warrior,fury,66,29,37
Astrëa,quelthalas,1243,warrior,fury,30,13,17
Balbyo,shattered-hand,1243,warrior,fury,60,23,37
Virillius,wyrmrest-accord,1242,warrior,fury,18,13,5
Buckleboot,illidan,1242,warrior,fury,24,13,11
Zerríck,moon-guard,1242,warrior,fury,96,42,54
Dratos,bonechewer,1241,warrior,fury,18,13,5
Tripichin,sargeras,1240,warrior,fury,22,16,6
Legday,stormrage,1240,warrior,fury,18,13,5
Cidrick,stormrage,1240,warrior,fury,18,13,5
Dontlookup,tichondrius,1240,warrior,fury,21,14,7
Copinhodagua,azralon,1240,warrior,fury,25,15,10
Dreadworld,bleeding-hollow,1240,warrior,fury,24,13,11
Claymation,tichondrius,1240,warrior,fury,24,13,11
Flanrych,illidan,1239,warrior,fury,24,13,11
Robocöp,quelthalas,1239,warrior,fury,24,13,11
Roxon,hellscream,1239,warrior,fury,136,73,63
Donjuan,skullcrusher,1239,warrior,fury,44,21,23
ßroudvarick,ragnaros,1238,warrior,fury,31,15,16
Skipowawa,area-52,1237,warrior,fury,30,16,14
Lucicicia,bronzebeard,1236,warrior,fury,18,13,5
Atracasöl,ragnaros,1236,warrior,fury,24,13,11
Weildboy,undermine,1236,warrior,fury,41,19,22
Sêktor,dalaran,1236,warrior,fury,33,13,20
Schmeegus,zuljin,1234,warrior,fury,24,13,11
Varkiren,moon-guard,1234,warrior,fury,24,13,11
Otohnoctoh,wyrmrest-accord,1234,warrior,fury,48,17,31
Executioner,gilneas,1233,warrior,fury,78,43,35
Xtwopp,sargeras,1233,warrior,fury,24,13,11
Therealflex,zuljin,1233,warrior,fury,24,13,11
Furyknight,velen,1233,warrior,fury,136,71,65
Kreigër,area-52,1231,warrior,fury,24,13,11
Mcburger,barthilas,1231,warrior,fury,51,23,28
Diudiu,tichondrius,1231,warrior,fury,48,20,28
Trembolone,ragnaros,1230,warrior,fury,24,13,11
Archibaldo,darkspear,1230,warrior,fury,25,13,12
Radisa,sargeras,1230,warrior,fury,36,13,23
Stoneddragon,spinebreaker,1229,warrior,fury,30,18,12
Greenugly,tichondrius,1229,warrior,fury,54,24,30
Cjay,bleeding-hollow,1229,warrior,fury,30,13,17
Kyle,kargath,1227,warrior,fury,34,21,13
Groggam,illidan,1226,warrior,fury,24,13,11
Furiousangel,area-52,1226,warrior,fury,50,27,23
Warbane,barthilas,1226,warrior,fury,54,28,26
Swággýc,tichondrius,1226,warrior,fury,58,30,28
Kåyotix,proudmoore,1225,warrior,fury,24,13,11
Xalvotan,sargeras,1225,warrior,fury,72,35,37
Splints,nesingwary,1224,warrior,fury,50,27,23
Elonownesme,zuljin,1224,warrior,fury,62,28,34
Papi,arygos,1222,warrior,fury,34,14,20
Beryrn,farstriders,1220,warrior,fury,47,28,19
Nagini,stormscale,1220,warrior,fury,24,14,10
Disheartened,wyrmrest-accord,1220,warrior,fury,24,13,11
Madaroy,stormrage,1219,warrior,fury,56,31,25
Renseven,frostmourne,1219,warrior,fury,48,25,23
Metalstorms,firetree,1219,warrior,fury,85,39,46
Wasabiz,tichondrius,1218,warrior,fury,44,18,26
Elpezeta,tichondrius,1215,warrior,fury,29,13,16
Bigmagron,azralon,1215,warrior,fury,30,13,17
Grosjambes,turalyon,1214,warrior,fury,30,18,12
Luckychaos,bleeding-hollow,1214,warrior,fury,24,13,11
Kurishjadar,tichondrius,1214,warrior,fury,95,44,51
Tenebrocity,stormrage,1213,warrior,fury,42,19,23
Novastormer,barthilas,1211,warrior,fury,24,15,9
Hishika,quelthalas,1211,warrior,fury,33,19,14
Slughórn,moon-guard,1211,warrior,fury,26,14,12
Ogundados,kelthuzad,1211,warrior,fury,75,34,41
Squeekzz,frostmane,1209,warrior,fury,70,33,37
Praetorus,malganis,1209,warrior,fury,36,13,23
Frettyhooman,blood-furnace,1208,warrior,fury,24,16,8
Deathstrøke,illidan,1208,warrior,fury,30,13,17
Agonistes,emerald-dream,1208,warrior,fury,65,27,38
Trackhawk,moon-guard,1207,warrior,fury,30,13,17
Osha,illidan,1207,warrior,fury,67,28,39
Alandris,icecrown,1205,warrior,fury,42,24,18
Breinan,ragnaros,1205,warrior,fury,51,26,25
Yermyboyblue,zuljin,1203,warrior,fury,29,13,16
Bothar,sargeras,1201,warrior,fury,43,19,24
Josaburo,tichondrius,1200,warrior,fury,71,29,42
Rendus,hyjal,1198,warrior,fury,54,21,33
Mekkanic,moon-guard,1198,warrior,fury,48,17,31
Tlâloque,quelthalas,1197,warrior,fury,54,26,28
Lawyer,quelthalas,1196,warrior,fury,90,43,47
Bigglyjoobs,tichondrius,1195,warrior,fury,23,13,10
Victorus,azralon,1194,warrior,fury,35,19,16
Dragmös,nemesis,1194,warrior,fury,42,21,21
Warfuse,illidan,1194,warrior,fury,27,13,14
Wraithvlad,moon-guard,1194,warrior,fury,99,44,55
Lidia,windrunner,1194,warrior,fury,38,14,24
Bestseason,kelthuzad,1193,warrior,fury,23,13,10
Xanåtos,moon-guard,1193,warrior,fury,115,59,56
Obiwun,azgalor,1192,warrior,fury,23,13,10
Saw,twisting-nether,1192,warrior,fury,24,13,11
Juansolo,the-venture-co,1192,warrior,fury,63,32,31
Ironpanzer,thrall,1192,warrior,fury,213,108,105
Ironpeanut,emerald-dream,1191,warrior,fury,24,13,11
Youngmop,eitrigg,1191,warrior,fury,29,13,16
Wakkawar,stormrage,1190,warrior,fury,72,34,38
Luneblade,tichondrius,1190,warrior,fury,52,24,28
Zerkules,frostmane,1190,warrior,fury,69,26,43
Vinotínto,ragnaros,1189,warrior,fury,42,13,29
Mnoga,azralon,1188,warrior,fury,63,28,35
Coffeebottom,wyrmrest-accord,1187,warrior,fury,56,30,26
Elbetoques,ragnaros,1186,warrior,fury,268,135,133
Grimmjawx,thrall,1186,warrior,fury,42,21,21
Truegit,illidan,1186,warrior,fury,38,16,22
Augustave,kelthuzad,1186,warrior,fury,93,39,54
Édton,area-52,1186,warrior,fury,59,23,36
Zeldrissx,quelthalas,1185,warrior,fury,30,13,17
Ghostss,tichondrius,1183,warrior,fury,28,14,14
Jijiyeya,tichondrius,1182,warrior,fury,30,13,17
Dearmetri,ragnaros,1182,warrior,fury,40,17,23
Serviettski,zuljin,1181,warrior,fury,36,19,17
Buffygramp,kelthuzad,1181,warrior,fury,39,17,22
Leotonywar,tichondrius,1180,warrior,fury,100,55,45
Liljon,windrunner,1180,warrior,fury,87,42,45
Freakin,ragnaros,1180,warrior,fury,58,27,31
Trendxx,stormrage,1180,warrior,fury,84,37,47
Dodiru,azralon,1179,warrior,fury,46,23,23
Ventréss,bleeding-hollow,1179,warrior,fury,32,14,18
Gorbagglúk,azralon,1178,warrior,fury,44,25,19
Wariorphilip,moon-guard,1175,warrior,fury,39,19,20
Nëcrophagist,wyrmrest-accord,1174,warrior,fury,33,18,15
Muufasa,nerzhul,1173,warrior,fury,60,32,28
Waterboylol,malganis,1171,warrior,fury,24,14,10
Delphïne,lothar,1170,warrior,fury,75,30,45
Rayson,saurfang,1169,warrior,fury,39,20,19
Nagaboner,frostmourne,1168,warrior,fury,31,14,17
Dawrzel,tichondrius,1168,warrior,fury,72,29,43
Blackpro,sargeras,1166,warrior,fury,84,44,40
Akarì,emerald-dream,1166,warrior,fury,36,17,19
Droun,rexxar,1165,warrior,fury,81,42,39
Captnwrink,ysera,1163,warrior,fury,54,29,25
Zorhn,skywall,1161,warrior,fury,24,18,6
Nutwax,korgath,1160,warrior,fury,66,27,39
Slumdawgg,andorhal,1159,warrior,fury,86,39,47
Serovok,zangarmarsh,1157,warrior,fury,48,26,22
Darthwarr,bleeding-hollow,1156,warrior,fury,35,23,12
Lokiullr,tichondrius,1154,warrior,fury,77,29,48
Croxxs,aegwynn,1153,warrior,fury,30,18,12
Yepkorean,tichondrius,1151,warrior,fury,18,12,6
Protstitute,hyjal,1151,warrior,fury,18,12,6
Victoria,malganis,1150,warrior,fury,18,12,6
Uhttercow,tichondrius,1150,warrior,fury,18,12,6
Iek,moon-guard,1150,warrior,fury,18,12,6
Bradockqt,azralon,1150,warrior,fury,25,14,11
Ganzi,tichondrius,1150,warrior,fury,24,12,12
Uglymanxd,area-52,1150,warrior,fury,24,12,12
Rimshotts,sargeras,1149,warrior,fury,18,12,6
Itsfall,tichondrius,1149,warrior,fury,24,12,12
Catmasterwar,area-52,1149,warrior,fury,24,12,12
Flaco,tichondrius,1149,warrior,fury,27,13,14
Meadsweats,tichondrius,1148,warrior,fury,18,12,6
Verrynasty,area-52,1147,warrior,fury,18,12,6
Bigdad,whisperwind,1147,warrior,fury,24,12,12
Justicwar,area-52,1147,warrior,fury,24,12,12
Hæmomancy,moon-guard,1147,warrior,fury,36,17,19
Robar,trollbane,1146,warrior,fury,18,12,6
Stånnis,moon-guard,1146,warrior,fury,18,12,6
Lòrdnasher,tichondrius,1146,warrior,fury,21,13,8
Darkfang,icecrown,1146,warrior,fury,24,12,12
Bigbonah,kelthuzad,1146,warrior,fury,24,12,12
Krispykreme,uldum,1146,warrior,fury,24,12,12
Brolgo,quelthalas,1146,warrior,fury,104,49,55
Bigshett,sargeras,1145,warrior,fury,24,12,12
Berario,garrosh,1145,warrior,fury,30,13,17
Xclusive,area-52,1144,warrior,fury,36,12,24
Okkin,cairne,1143,warrior,fury,18,12,6
Reäl,dalaran,1143,warrior,fury,24,12,12
Kanekhy,ragnaros,1143,warrior,fury,28,13,15
Fooko,lethon,1142,warrior,fury,24,12,12
Nukeworker,durotan,1142,warrior,fury,24,12,12
Warriorox,illidan,1141,warrior,fury,24,12,12
Kasheeka,spirestone,1141,warrior,fury,24,12,12
Legionário,sargeras,1140,warrior,fury,137,70,67
Sphílly,thrall,1139,warrior,fury,42,23,19
Sixtyboost,tichondrius,1139,warrior,fury,24,12,12
Zoowarr,illidan,1139,warrior,fury,33,13,20
Misgnomer,farstriders,1136,warrior,fury,24,14,10
Demobox,malganis,1136,warrior,fury,24,12,12
Rsage,lightbringer,1136,warrior,fury,140,66,74
Talismantate,quelthalas,1135,warrior,fury,18,12,6
Kaladïn,ragnaros,1135,warrior,fury,18,12,6
Åsc,area-52,1135,warrior,fury,24,12,12
Curvinito,emerald-dream,1135,warrior,fury,24,12,12
Akusenshi,dragonblight,1135,warrior,fury,120,55,65
Ráionshin,quelthalas,1135,warrior,fury,30,12,18
Cougaloo,sargeras,1132,warrior,fury,74,33,41
Mimiu,ragnaros,1132,warrior,fury,30,12,18
Lucymay,kelthuzad,1130,warrior,fury,60,33,27
Honduranhary,sargeras,1130,warrior,fury,40,18,22
Trovenn,stormrage,1130,warrior,fury,36,15,21
Kreyonz,hyjal,1129,warrior,fury,24,12,12
Stinkyfuq,area-52,1128,warrior,fury,18,12,6
Nexie,moon-guard,1128,warrior,fury,52,22,30
Icon,tichondrius,1128,warrior,fury,30,12,18
Lykon,echo-isles,1127,warrior,fury,36,20,16
Rocketcayton,veknilash,1126,warrior,fury,66,37,29
Chaiwar,ghostlands,1126,warrior,fury,60,27,33
Loucha,nagrand,1122,warrior,fury,36,15,21
Shadowtitanx,korgath,1122,warrior,fury,48,15,33
Vengxdor,stormrage,1121,warrior,fury,47,23,24
Mullf,stormrage,1120,warrior,fury,28,16,12
Koraciá,illidan,1119,warrior,fury,92,44,48
Vynfull,area-52,1119,warrior,fury,29,13,16
Ragemarley,dalaran,1119,warrior,fury,53,23,30
Mataviejitos,ragnaros,1116,warrior,fury,34,17,17
Rekitralph,tichondrius,1116,warrior,fury,30,13,17
Alaricck,quelthalas,1116,warrior,fury,32,13,19
Arngrimm,area-52,1115,warrior,fury,20,13,7
Anlerrick,frostwolf,1115,warrior,fury,20,13,7
Cønan,stormrage,1114,warrior,fury,20,13,7
Reishera,stormrage,1113,warrior,fury,28,13,15
Irontarkus,garrosh,1112,warrior,fury,18,12,6
Welgo,moon-guard,1112,warrior,fury,24,13,11
Notzyeal,area-52,1112,warrior,fury,118,44,74
Lessandro,quelthalas,1110,warrior,fury,34,14,20
Evergardens,saurfang,1109,warrior,fury,42,21,21
Offthecharts,mannoroth,1108,warrior,fury,103,54,49
Toesauce,sargeras,1107,warrior,fury,18,12,6
Aggravation,bleeding-hollow,1103,warrior,fury,29,12,17
Butterflakes,thunderlord,1102,warrior,fury,21,15,6
Sseobeon,tichondrius,1102,warrior,fury,17,12,5
Dragnol,quelthalas,1102,warrior,fury,24,12,12
Likeachimpx,sargeras,1101,warrior,fury,27,13,14
Jellyjamz,zuljin,1100,warrior,fury,42,22,20
Pressd,frostmourne,1099,warrior,fury,29,12,17
Edmuula,tichondrius,1098,warrior,fury,21,13,8
Fatguy,tichondrius,1098,warrior,fury,204,104,100
Bomzi,illidan,1098,warrior,fury,41,14,27
Tharesa,kiljaeden,1097,warrior,fury,30,12,18
Zulex,dathremar,1096,warrior,fury,54,18,36
Hyperdevil,ragnaros,1094,warrior,fury,30,14,16
Uhtred,moonrunner,1093,warrior,fury,36,18,18
Iozhua,wyrmrest-accord,1093,warrior,fury,73,32,41
Danastus,icecrown,1092,warrior,fury,105,48,57
Warkinit,proudmoore,1091,warrior,fury,80,35,45
Daydayfight,illidan,1089,warrior,fury,29,12,17
Kréix,sargeras,1085,warrior,fury,20,12,8
Goinberserk,tichondrius,1085,warrior,fury,52,25,27
Brodîn,tichondrius,1083,warrior,fury,66,36,30
Awell,azralon,1083,warrior,fury,60,29,31
Assmut,stormrage,1082,warrior,fury,41,18,23
Buckets,chogall,1081,warrior,fury,30,12,18
Tweekaz,tichondrius,1080,warrior,fury,20,12,8
Elsee,drakkari,1080,warrior,fury,26,12,14
Kustang,stormrage,1078,warrior,fury,28,12,16
Villäïness,daggerspine,1077,warrior,fury,46,24,22
Çampbêll,area-52,1077,warrior,fury,35,13,22
Argorothiis,jubeithos,1073,warrior,fury,38,21,17
Zèldris,gallywix,1072,warrior,fury,186,97,89
Nabangle,barthilas,1072,warrior,fury,71,33,38
Drdrip,shuhalo,1071,warrior,fury,75,38,37
Líliúm,ragnaros,1068,warrior,fury,43,22,21
Figgä,bleeding-hollow,1067,warrior,fury,20,12,8
Xiing,azshara,1066,warrior,fury,36,16,20
Redahn,dalaran,1065,warrior,fury,75,29,46
Monstersynde,nemesis,1063,warrior,fury,25,13,12
Jamir,skullcrusher,1063,warrior,fury,107,51,56
Rogorof,azralon,1063,warrior,fury,36,13,23
Gros,exodar,1059,warrior,fury,30,12,18
Shoteiotoshi,ragnaros,1057,warrior,fury,53,29,24
Bonebreakr,tichondrius,1057,warrior,fury,84,39,45
Iløveaysla,azralon,1056,warrior,fury,18,11,7
Lilkrome,illidan,1056,warrior,fury,18,11,7
Marcellùs,proudmoore,1055,warrior,fury,15,12,3
Swoonmixy,frostmourne,1055,warrior,fury,18,11,7
Recksus,tichondrius,1055,warrior,fury,18,11,7
Xcuses,area-52,1055,warrior,fury,18,11,7
Nertharul,zuljin,1055,warrior,fury,18,11,7
Tehsuperhero,norgannon,1055,warrior,fury,18,11,7
Imakeupuddin,turalyon,1055,warrior,fury,18,11,7
Nicfury,alterac-mountains,1055,warrior,fury,18,11,7
Finndal,bleeding-hollow,1055,warrior,fury,18,11,7
Honock,ragnaros,1055,warrior,fury,18,11,7
Blaiize,ragnaros,1055,warrior,fury,18,11,7
Aeros,winterhoof,1054,warrior,fury,18,11,7
Bearlornan,frostmourne,1054,warrior,fury,18,11,7
Thelma,archimonde,1054,warrior,fury,18,11,7
Bonafidesimp,stormrage,1054,warrior,fury,24,11,13
Leonz,undermine,1054,warrior,fury,30,11,19
Bütton,sargeras,1053,warrior,fury,18,11,7
Valuxia,sargeras,1053,warrior,fury,18,11,7
Smashly,blackrock,1053,warrior,fury,18,11,7
Phpw,tichondrius,1053,warrior,fury,18,11,7
Ggludan,area-52,1053,warrior,fury,18,11,7
Jmel,aegwynn,1053,warrior,fury,30,15,15
Moistslam,proudmoore,1053,warrior,fury,24,11,13
Cúdi,darkspear,1053,warrior,fury,24,11,13
Krunas,quelthalas,1053,warrior,fury,24,11,13
Valdemar,anvilmar,1053,warrior,fury,30,11,19
Vmill,tichondrius,1052,warrior,fury,18,11,7
Chogar,proudmoore,1052,warrior,fury,18,11,7
Androxor,ragnaros,1052,warrior,fury,24,11,13
Aisqt,frostmourne,1052,warrior,fury,24,11,13
Valko,ragnaros,1052,warrior,fury,27,12,15
Trenbalogna,area-52,1051,warrior,fury,18,11,7
Slashcry,frostmourne,1051,warrior,fury,18,11,7
Varenkä,drakkari,1051,warrior,fury,18,11,7
Furìous,stormrage,1051,warrior,fury,24,11,13
Tjz,kelthuzad,1051,warrior,fury,24,11,13
Potjiekos,lightninghoof,1050,warrior,fury,18,11,7
Teqniq,kelthuzad,1050,warrior,fury,24,11,13
Yagluth,illidan,1050,warrior,fury,24,11,13
Keateane,frostmourne,1049,warrior,fury,31,19,12
Stopnchop,nazjatar,1049,warrior,fury,36,11,25
Racknon,ragnaros,1048,warrior,fury,36,12,24
Kiaonlinn,ragnaros,1047,warrior,fury,24,11,13
Leunitas,shadow-council,1046,warrior,fury,25,11,14
Arågòrn,stormrage,1046,warrior,fury,30,11,19
Ahsoakatano,kiljaeden,1045,warrior,fury,51,28,23
Shééylias,moon-guard,1044,warrior,fury,36,16,20
Marcuss,bonechewer,1043,warrior,fury,18,11,7
Vyseriøn,quelthalas,1043,warrior,fury,24,11,13
Mercurial,mugthol,1042,warrior,fury,18,12,6
Theßull,frostmourne,1041,warrior,fury,18,11,7
Djfredsd,tichondrius,1041,warrior,fury,24,11,13
Sòlace,malganis,1039,warrior,fury,24,11,13
Zokrásh,quelthalas,1039,warrior,fury,121,51,70
Brutalpløx,illidan,1039,warrior,fury,36,11,25
Axedeity,caelestrasz,1038,warrior,fury,24,17,7
Altharos,drakkari,1038,warrior,fury,43,20,23
Honeyoats,dalaran,1032,warrior,fury,18,11,7
Creedz,dreadmaul,1032,warrior,fury,54,23,31
Owwycowwy,area-52,1032,warrior,fury,36,15,21
Crayon,drakthul,1031,warrior,fury,24,11,13
Orangerzze,hyjal,1031,warrior,fury,61,23,38
Nelissa,runetotem,1030,warrior,fury,24,12,12
Butterbutt,area-52,1030,warrior,fury,24,11,13
Sworne,nordrassil,1028,warrior,fury,18,11,7
Grandorth,moon-guard,1027,warrior,fury,23,13,10
Learila,moon-guard,1027,warrior,fury,30,14,16
Loktarmabras,dreadmaul,1026,warrior,fury,36,11,25
Watergun,khazgoroth,1024,warrior,fury,23,11,12
Munanio,stormrage,1024,warrior,fury,24,11,13
Yaro,nazjatar,1023,warrior,fury,78,41,37
Wyrmscream,moon-guard,1023,warrior,fury,241,118,123
Studsrus,aegwynn,1022,warrior,fury,163,81,82
Onlyslams,sargeras,1022,warrior,fury,29,11,18
Axekill,bleeding-hollow,1019,warrior,fury,30,11,19
Beardedretz,durotan,1016,warrior,fury,22,11,11
Starplatinum,aerie-peak,1014,warrior,fury,126,56,70
Kelandrin,illidan,1013,warrior,fury,110,52,58
Lodog,proudmoore,1012,warrior,fury,28,12,16
Liavana,jubeithos,1012,warrior,fury,36,13,23
Rumka,draktharon,1011,warrior,fury,381,184,197
Filthyrandy,proudmoore,1009,warrior,fury,17,11,6
Shiddoshi,ragnaros,1008,warrior,fury,30,17,13
Meatdrps,frostmane,1007,warrior,fury,21,11,10
Moarbrainz,mannoroth,1004,warrior,fury,27,11,16
Rooltrak,azralon,1002,warrior,fury,38,17,21
Crazysharpz,thaurissan,1001,warrior,fury,29,12,17
Skrognoth,malganis,1000,warrior,fury,21,12,9
Xauce,queldorei,999,warrior,fury,42,12,30
Fallensoul,nazjatar,998,warrior,fury,36,17,19
Darkarus,drakkari,997,warrior,fury,42,20,22
Blackknïght,arthas,997,warrior,fury,71,32,39
Warchine,malganis,994,warrior,fury,27,12,15
Painfulangel,nesingwary,993,warrior,fury,56,33,23
Splurger,thrall,991,warrior,fury,17,11,6
Percaderp,barthilas,989,warrior,fury,21,11,10
Nikogda,burning-blade,988,warrior,fury,17,11,6
Curacao,dark-iron,987,warrior,fury,26,11,15
Éeu,anubarak,979,warrior,fury,118,60,58
Anyi,baelgun,977,warrior,fury,28,14,14
Pulp,sargeras,976,warrior,fury,19,11,8
Lehzera,frostmourne,975,warrior,fury,25,11,14
Faelash,stormrage,974,warrior,fury,22,12,10
Halobender,emerald-dream,973,warrior,fury,28,15,13
Awezc,chogall,972,warrior,fury,73,27,46
Judessi,kiljaeden,971,warrior,fury,20,11,9
Beccabutcher,tichondrius,970,warrior,fury,48,27,21
Marleau,bleeding-hollow,970,warrior,fury,51,25,26
Ragnarsmash,stormrage,968,warrior,fury,25,11,14
Zira,thrall,960,warrior,fury,12,10,2
Chadwarr,tichondrius,960,warrior,fury,12,10,2
Youngmoneyd,illidan,960,warrior,fury,12,10,2
Vîces,illidan,960,warrior,fury,12,10,2
Rickharrison,illidan,960,warrior,fury,12,10,2
Wargoph,burning-legion,960,warrior,fury,12,10,2
Kriloth,frostmourne,960,warrior,fury,16,11,5
Suzushi,tichondrius,960,warrior,fury,18,10,8
Milkmebby,bleeding-hollow,960,warrior,fury,18,10,8
Dreamonn,illidan,960,warrior,fury,19,10,9
Warreeper,area-52,959,warrior,fury,12,10,2
Snowflakee,jaedenar,959,warrior,fury,18,10,8
Woomas,tichondrius,959,warrior,fury,18,10,8
Greven,malganis,959,warrior,fury,18,10,8
Cjz,tichondrius,959,warrior,fury,18,10,8
Woobx,tichondrius,959,warrior,fury,18,10,8
Elegance,llane,959,warrior,fury,18,10,8
Exespamtwo,area-52,959,warrior,fury,18,10,8
Vaider,bleeding-hollow,959,warrior,fury,18,10,8
Gulgosh,stormscale,959,warrior,fury,18,10,8
Taurenosaur,illidan,959,warrior,fury,24,10,14
Ymìr,moon-guard,959,warrior,fury,24,10,14
Urbzog,chogall,959,warrior,fury,24,10,14
Prestico,ragnaros,959,warrior,fury,24,10,14
Shhiraq,zuljin,959,warrior,fury,66,24,42
Gahenk,chogall,958,warrior,fury,12,10,2
Fauck,stormrage,958,warrior,fury,18,10,8
Tnknspnk,magtheridon,958,warrior,fury,18,10,8
Chubw,tichondrius,958,warrior,fury,18,10,8
Kigarax,shattered-hand,958,warrior,fury,18,10,8
Xîonorc,ragnaros,958,warrior,fury,24,10,14
Kiladrew,korgath,958,warrior,fury,24,10,14
Semiru,zuljin,957,warrior,fury,12,10,2
Squishmello,hyjal,957,warrior,fury,12,10,2
Negrus,sargeras,957,warrior,fury,17,10,7
Qicha,tichondrius,957,warrior,fury,24,10,14
Kâyous,tichondrius,957,warrior,fury,24,10,14
Gorethrax,tichondrius,957,warrior,fury,24,10,14
Blunteffects,tichondrius,955,warrior,fury,18,10,8
Rios,jubeithos,955,warrior,fury,18,10,8
Harlow,spirestone,955,warrior,fury,24,10,14
Elzurdo,area-52,955,warrior,fury,24,10,14
Brblifting,kelthuzad,954,warrior,fury,18,10,8
Lurtras,exodar,954,warrior,fury,24,10,14
Jcßot,exodar,954,warrior,fury,24,10,14
Regthar,illidan,954,warrior,fury,24,10,14
Honorloxo,bleeding-hollow,954,warrior,fury,30,10,20
Nordrages,stormrage,953,warrior,fury,18,10,8
Fûry,barthilas,953,warrior,fury,24,10,14
Ghurrk,hyjal,953,warrior,fury,24,10,14
Ironbark,elune,952,warrior,fury,18,10,8
Zeppelins,kelthuzad,952,warrior,fury,18,10,8
Menelaau,nemesis,951,warrior,fury,16,11,5
Mfgodofwar,kelthuzad,951,warrior,fury,24,10,14
Ballac,ragnaros,951,warrior,fury,30,10,20
Maytrixx,stormrage,950,warrior,fury,12,10,2
Jellybomb,sargeras,950,warrior,fury,24,10,14
Vlaren,stormrage,950,warrior,fury,24,10,14
Drumann,hyjal,949,warrior,fury,16,11,5
Christellà,dalaran,948,warrior,fury,24,10,14
Eadsmasher,jubeithos,947,warrior,fury,42,22,20
Joebo,thrall,942,warrior,fury,23,10,13
Bigbaby,drakthul,941,warrior,fury,37,15,22
Smallestwar,zuljin,938,warrior,fury,113,46,67
Zambonibob,eonar,936,warrior,fury,90,46,44
Toonchick,sargeras,936,warrior,fury,109,50,59
Gorrax,anvilmar,926,warrior,fury,17,10,7
Dwenlocklv,barthilas,925,warrior,fury,17,10,7
Hùlksmâsh,zuljin,924,warrior,fury,23,13,10
Faladoris,thrall,923,warrior,fury,70,37,33
Grimfàng,moon-guard,923,warrior,fury,68,29,39
Anamich,quelthalas,920,warrior,fury,21,11,10
Sheluh,illidan,918,warrior,fury,23,10,13
Ghostlyedge,turalyon,918,warrior,fury,78,28,50
Warriormikey,tichondrius,918,warrior,fury,29,10,19
Qfiend,stormrage,911,warrior,fury,17,10,7
Dionran,nemesis,911,warrior,fury,57,29,28
Devaya,ragnaros,910,warrior,fury,15,10,5
Sedition,borean-tundra,910,warrior,fury,17,10,7
Nïckböï,misha,909,warrior,fury,41,21,20
Battlebea,moon-guard,904,warrior,fury,23,11,12
Urnitemare,hyjal,904,warrior,fury,120,52,68
Samdarkblade,kilrogg,898,warrior,fury,33,10,23
Shyliar,thrall,896,warrior,fury,20,10,10
Grievouz,nemesis,894,warrior,fury,17,10,7
Lørdvingador,azralon,894,warrior,fury,20,10,10
Ociriu,quelthalas,894,warrior,fury,26,10,16
Harci,tichondrius,891,warrior,fury,28,15,13
Cüba,nemesis,884,warrior,fury,66,31,35
Zadrak,whisperwind,880,warrior,fury,19,10,9
Jendal,ragnaros,875,warrior,fury,45,22,23
Sanduin,drakkari,874,warrior,fury,13,10,3
Ayvha,wyrmrest-accord,870,warrior,fury,36,15,21
Cowmilk,llane,868,warrior,fury,52,16,36
Furydudz,tichondrius,864,warrior,fury,12,9,3
Thornhardt,frostmourne,864,warrior,fury,12,9,3
Pkgdtko,tichondrius,864,warrior,fury,12,9,3
Adjustiing,tichondrius,864,warrior,fury,12,9,3
Gbrz,stormrage,864,warrior,fury,12,9,3
Missrend,hyjal,864,warrior,fury,12,9,3
Trezturbo,tichondrius,864,warrior,fury,18,9,9
Veyronn,stormrage,864,warrior,fury,18,9,9
Grukosh,illidan,864,warrior,fury,18,9,9
Robdamanuwu,tichondrius,864,warrior,fury,18,9,9
Lindsanv,illidan,864,warrior,fury,18,9,9
Schonkopf,moon-guard,864,warrior,fury,18,9,9
Baylîfe,illidan,864,warrior,fury,18,9,9
Skolltonxoxo,tichondrius,864,warrior,fury,18,9,9
Pisini,illidan,864,warrior,fury,18,9,9
Grimfate,boulderfist,864,warrior,fury,18,9,9
Riftgar,hyjal,864,warrior,fury,20,9,11
Shimizuken,tichondrius,864,warrior,fury,24,9,15
Seulrene,sargeras,863,warrior,fury,12,9,3
Squonks,kelthuzad,863,warrior,fury,12,9,3
Ishtalar,sargeras,863,warrior,fury,12,9,3
Ângewomon,goldrinn,863,warrior,fury,12,9,3
Mywarr,andorhal,863,warrior,fury,18,9,9
Soloqandy,moon-guard,863,warrior,fury,18,9,9
Warcrys,tichondrius,863,warrior,fury,18,9,9
Ziayn,turalyon,863,warrior,fury,18,9,9
Durres,tichondrius,863,warrior,fury,18,9,9
Orgrön,nemesis,863,warrior,fury,18,9,9
Kazuø,ragnaros,863,warrior,fury,18,9,9
Lepzed,area-52,863,warrior,fury,18,9,9
Salival,laughing-skull,863,warrior,fury,18,9,9
Blackpînk,tichondrius,863,warrior,fury,24,9,15
Gzilla,queldorei,863,warrior,fury,24,9,15
Yahnjee,stormrage,863,warrior,fury,24,9,15
Tylerdurdenx,dalaran,862,warrior,fury,12,9,3
Darroma,bleeding-hollow,862,warrior,fury,12,9,3
Nowarriororc,thrall,862,warrior,fury,18,9,9
Maldrindis,wyrmrest-accord,862,warrior,fury,18,9,9
Kolacut,tichondrius,862,warrior,fury,18,9,9
Samswung,area-52,862,warrior,fury,18,9,9
Drunkwarriôr,malygos,862,warrior,fury,18,9,9
Oledcktwist,garrosh,862,warrior,fury,19,9,10
Nononocharge,vashj,862,warrior,fury,24,9,15
Ëdwärd,moon-guard,862,warrior,fury,27,10,17
Cannan,the-underbog,862,warrior,fury,111,39,72
Dotlom,wyrmrest-accord,862,warrior,fury,30,9,21
Gigantx,tichondrius,861,warrior,fury,18,9,9
Lulubox,stormrage,861,warrior,fury,18,9,9
Anguskhan,caelestrasz,861,warrior,fury,18,9,9
Virrainy,stormrage,861,warrior,fury,18,9,9
Stoneball,kiljaeden,861,warrior,fury,21,10,11
Irongiant,blades-edge,861,warrior,fury,20,9,11
Neak,kelthuzad,861,warrior,fury,24,9,15
Hamandaxe,amanthul,861,warrior,fury,24,9,15
Nerjinzul,bloodscalp,860,warrior,fury,15,10,5
Maddzspin,tichondrius,860,warrior,fury,18,9,9
Jarmog,tichondrius,860,warrior,fury,18,9,9
Bruzerk,ragnaros,860,warrior,fury,18,9,9
Broodthorne,tichondrius,860,warrior,fury,23,11,12
Rodorn,frostmourne,860,warrior,fury,22,10,12
Shadalloo,azralon,860,warrior,fury,24,9,15
Lámuérté,frostmourne,859,warrior,fury,17,10,7
Groguu,windrunner,859,warrior,fury,18,9,9
Stunninchaos,shattered-hand,859,warrior,fury,24,9,15
Smugorc,medivh,858,warrior,fury,12,9,3
Papasmurff,zuljin,858,warrior,fury,18,9,9
Hoarahløux,trollbane,858,warrior,fury,24,9,15
Amroth,barthilas,857,warrior,fury,18,9,9
Elleaux,bloodscalp,857,warrior,fury,18,9,9
Dáïñ,sargeras,857,warrior,fury,24,9,15
Steelz,nemesis,857,warrior,fury,30,9,21
Melankoma,sargeras,856,warrior,fury,18,9,9
Kræzee,kelthuzad,856,warrior,fury,24,9,15
Barsol,ragnaros,855,warrior,fury,30,9,21
Nokiyam,the-scryers,853,warrior,fury,18,9,9
Nukemz,tichondrius,853,warrior,fury,24,9,15
Hkbdynamus,black-dragonflight,853,warrior,fury,28,10,18
Boitoróh,azralon,850,warrior,fury,24,9,15
Trufsoturi,malganis,845,warrior,fury,23,9,14
Calyxia,frostmourne,845,warrior,fury,23,9,14
Yirko,quelthalas,843,warrior,fury,23,9,14
Flywar,nesingwary,838,warrior,fury,60,25,35
Kajing,boulderfist,836,warrior,fury,19,10,9
Deltong,bonechewer,832,warrior,fury,18,9,9
Furyworgen,kiljaeden,832,warrior,fury,36,10,26
Racsof,ragnaros,830,warrior,fury,66,21,45
Orcwoyer,tichondrius,828,warrior,fury,23,9,14
Radianteyes,quelthalas,824,warrior,fury,42,13,29
Rediger,aggramar,822,warrior,fury,58,25,33
Ghonad,windrunner,821,warrior,fury,23,9,14
Kessahh,moon-guard,820,warrior,fury,18,9,9
Warts,ragnaros,815,warrior,fury,21,9,12
Magdar,daggerspine,813,warrior,fury,28,9,19
Alexthar,drakkari,812,warrior,fury,159,68,91
Futtmebuck,emerald-dream,810,warrior,fury,18,10,8
Franklinmvrd,stormrage,810,warrior,fury,18,10,8
Lourdadmiwal,aegwynn,807,warrior,fury,41,14,27
Crashacorn,stormrage,806,warrior,fury,24,9,15
Tøpher,nordrassil,806,warrior,fury,27,9,18
Largegayman,sargeras,800,warrior,fury,16,9,7
Lâmina,sargeras,799,warrior,fury,14,9,5
Pötater,tichondrius,798,warrior,fury,17,9,8
Bargorengar,skullcrusher,797,warrior,fury,108,48,60
Ragetide,illidan,796,warrior,fury,20,9,11
Liquidbagel,frostmourne,794,warrior,fury,22,9,13
Stompgnomes,malganis,791,warrior,fury,20,9,11
Oneshotmacro,frostmourne,781,warrior,fury,19,10,9
Klim,grizzly-hills,781,warrior,fury,25,9,16
Boonn,frostmourne,776,warrior,fury,27,13,14
Riddickx,dragonblight,773,warrior,fury,85,34,51
Kruma,stormscale,768,warrior,fury,12,8,4
Falconheart,wyrmrest-accord,768,warrior,fury,12,8,4
Hìghjínx,tichondrius,768,warrior,fury,12,8,4
Notjudah,illidan,768,warrior,fury,12,8,4
Warwik,stormscale,768,warrior,fury,12,8,4
Punteerage,sargeras,768,warrior,fury,12,8,4
Baconcupcake,area-52,768,warrior,fury,12,8,4
Beerstorm,stormrage,768,warrior,fury,12,8,4
Idranel,nordrassil,768,warrior,fury,12,8,4
Ppdub,zuljin,768,warrior,fury,12,8,4
Sickwidit,kiljaeden,768,warrior,fury,12,8,4
Kamidaren,tichondrius,768,warrior,fury,12,8,4
Rxwarrior,tichondrius,768,warrior,fury,12,8,4
Ryse,aegwynn,768,warrior,fury,12,8,4
Stormwald,sargeras,768,warrior,fury,12,8,4
Lead,area-52,768,warrior,fury,12,8,4
Friendlydood,frostmourne,768,warrior,fury,12,8,4
Akiyo,azralon,768,warrior,fury,12,8,4
Reckonting,moon-guard,768,warrior,fury,12,8,4
Vaughan,azuremyst,768,warrior,fury,12,8,4
Narwhål,tichondrius,768,warrior,fury,12,8,4
Xwarz,drakkari,768,warrior,fury,12,8,4
Colonclogger,proudmoore,768,warrior,fury,12,8,4
Smokr,azralon,768,warrior,fury,12,8,4
Cheq,moon-guard,768,warrior,fury,18,8,10
Mitigated,bleeding-hollow,768,warrior,fury,18,8,10
Oohsht,tichondrius,768,warrior,fury,18,8,10
Bozwar,tichondrius,768,warrior,fury,18,8,10
Arkkaine,sargeras,768,warrior,fury,18,8,10
Jethrix,kelthuzad,768,warrior,fury,18,8,10
Tinfinitee,frostwolf,768,warrior,fury,24,8,16
Seanpaiuwu,zuljin,768,warrior,fury,24,8,16
Mittyroar,khazgoroth,767,warrior,fury,12,8,4
Nxmabala,proudmoore,767,warrior,fury,12,8,4
Iromrogar,area-52,767,warrior,fury,12,8,4
Narelah,proudmoore,767,warrior,fury,12,8,4
Moggos,firetree,767,warrior,fury,12,8,4
Shikari,terenas,767,warrior,fury,12,8,4
Zhangetsu,emerald-dream,767,warrior,fury,12,8,4
Spraten,bonechewer,767,warrior,fury,12,8,4
Çhloee,the-underbog,767,warrior,fury,12,8,4
Wattock,tichondrius,767,warrior,fury,12,8,4
Dagrone,drakkari,767,warrior,fury,12,8,4
Kyres,moon-guard,767,warrior,fury,12,8,4
Osselan,moon-guard,767,warrior,fury,18,8,10
Gízzmo,tichondrius,767,warrior,fury,18,8,10
Weightyox,barthilas,767,warrior,fury,18,8,10
Ælilblessedñ,azralon,767,warrior,fury,18,8,10
Zêtt,drakkari,767,warrior,fury,18,8,10
Flynnstone,tichondrius,767,warrior,fury,18,8,10
Wicksmash,barthilas,767,warrior,fury,18,8,10
Kraggo,zuljin,767,warrior,fury,18,8,10
Smashr,tichondrius,767,warrior,fury,18,8,10
Kowboy,stormrage,767,warrior,fury,18,8,10
Olifin,durotan,767,warrior,fury,18,8,10
Jazzkiler,azralon,767,warrior,fury,18,8,10
Dunkmate,malganis,767,warrior,fury,18,8,10
Irallianaa,daggerspine,767,warrior,fury,18,8,10
Kakamallo,black-dragonflight,767,warrior,fury,18,8,10
Erdres,kelthuzad,767,warrior,fury,22,9,13
Ashiaris,moon-guard,766,warrior,fury,12,8,4
Ugrak,frostmourne,766,warrior,fury,12,8,4
Darkirondadi,frostmourne,766,warrior,fury,12,8,4
Elix,stormscale,766,warrior,fury,18,8,10
Warpaint,azuremyst,766,warrior,fury,18,8,10
Krustywarr,area-52,766,warrior,fury,18,8,10
Aratax,area-52,766,warrior,fury,24,8,16
Cronrow,thunderlord,766,warrior,fury,24,8,16
Angrybrog,malfurion,766,warrior,fury,28,9,19
Tusktrollmon,illidan,765,warrior,fury,18,8,10
Xanthchaser,stormrage,765,warrior,fury,18,8,10
Buck,tichondrius,765,warrior,fury,24,8,16
Wölf,azralon,764,warrior,fury,18,8,10
Hellsinga,stormrage,764,warrior,fury,18,8,10
Zeerohkool,tichondrius,764,warrior,fury,24,8,16
Huri,nemesis,763,warrior,fury,30,8,22
Éscánór,tichondrius,760,warrior,fury,24,8,16
Lilcoco,aerie-peak,759,warrior,fury,18,8,10
Vicegripp,misha,759,warrior,fury,18,8,10
Daiin,kelthuzad,758,warrior,fury,24,8,16
Ozyozyozy,khazgoroth,755,warrior,fury,18,8,10
Wreckan,darkspear,755,warrior,fury,18,8,10
Thinkheos,illidan,754,warrior,fury,12,8,4
Kilp,thrall,751,warrior,fury,17,8,9
Warseed,ragnaros,748,warrior,fury,23,8,15
Awfulzone,malganis,744,warrior,fury,60,15,45
Brocar,frostmourne,735,warrior,fury,17,8,9
Azmael,sargeras,735,warrior,fury,17,8,9
Vlark,eredar,725,warrior,fury,18,8,10
Haelerostus,moon-guard,725,warrior,fury,123,54,69
Tankieone,aggramar,722,warrior,fury,159,59,100
Chiffonade,kelthuzad,719,warrior,fury,17,9,8
Glaros,blood-furnace,716,warrior,fury,24,8,16
Andrewceo,tichondrius,704,warrior,fury,10,8,2
Eleronogoth,draka,704,warrior,fury,16,8,8
Zaraki,moon-guard,704,warrior,fury,16,8,8
Forerunner,tichondrius,704,warrior,fury,16,8,8
Grashton,tichondrius,704,warrior,fury,28,8,20
Kustybuckets,korgath,703,warrior,fury,11,8,3
Warginger,malygos,703,warrior,fury,14,9,5
Dàrkwolf,tichondrius,703,warrior,fury,16,8,8
Akêwñon,stormrage,703,warrior,fury,16,8,8
Shockkwave,tichondrius,703,warrior,fury,16,8,8
Hachwar,saurfang,702,warrior,fury,17,8,9
Musclecrowe,illidan,702,warrior,fury,20,8,12
Monkeewrench,sargeras,701,warrior,fury,22,8,14
Hugesmasher,frostmane,693,warrior,fury,20,8,12
Dagaraha,quelthalas,693,warrior,fury,22,8,14
Nicoshayy,quelthalas,680,warrior,fury,23,8,15
Chexxin,stonemaul,672,warrior,fury,12,7,5
Xårren,stormrage,672,warrior,fury,12,7,5
Heyzulnut,whisperwind,672,warrior,fury,12,7,5
Stonksi,shadowmoon,672,warrior,fury,12,7,5
Executefreak,illidan,672,warrior,fury,12,7,5
Malerick,illidan,672,warrior,fury,12,7,5
Ðrëäd,area-52,672,warrior,fury,12,7,5
Sharpen,tichondrius,672,warrior,fury,12,7,5
Sindevelor,tichondrius,672,warrior,fury,12,7,5
Decimateme,tichondrius,672,warrior,fury,12,7,5
Xjpig,frostmourne,672,warrior,fury,12,7,5
Cõpe,barthilas,672,warrior,fury,12,7,5
Warscars,azralon,672,warrior,fury,12,7,5
Ricksanches,shadowmoon,672,warrior,fury,12,7,5
Bbg,bleeding-hollow,672,warrior,fury,12,7,5
Uzhul,zuljin,672,warrior,fury,12,7,5
Dolph,sargeras,672,warrior,fury,12,7,5
Yormunt,quelthalas,672,warrior,fury,12,7,5
Zerrekarr,wyrmrest-accord,672,warrior,fury,12,7,5
Ruckw,stormrage,672,warrior,fury,12,7,5
Chadzug,tichondrius,672,warrior,fury,12,7,5
Shortñdeadly,area-52,672,warrior,fury,12,7,5
Ladderx,area-52,672,warrior,fury,12,7,5
Psychescape,cenarius,672,warrior,fury,12,7,5
Hankmoodyx,bleeding-hollow,672,warrior,fury,12,7,5
Psrsistenczs,tichondrius,672,warrior,fury,12,7,5
Rulz,tichondrius,672,warrior,fury,12,7,5
Spunkonsis,stormreaver,672,warrior,fury,12,7,5
Truegerrard,tichondrius,672,warrior,fury,12,7,5
Moonär,emerald-dream,672,warrior,fury,12,7,5
Iinnocence,frostmourne,672,warrior,fury,12,7,5
Wilric,ragnaros,672,warrior,fury,12,7,5
Chopmeat,ysera,672,warrior,fury,12,7,5
Foraken,dragonmaw,672,warrior,fury,12,7,5
Maar,lightbringer,672,warrior,fury,12,7,5
Dós,emerald-dream,672,warrior,fury,12,7,5
Sypii,malganis,672,warrior,fury,12,7,5
Linara,shandris,672,warrior,fury,12,7,5
Hanyball,stormrage,672,warrior,fury,12,7,5
Skollton,tichondrius,672,warrior,fury,12,7,5
Gazah,skullcrusher,672,warrior,fury,12,7,5
Ahtul,anubarak,672,warrior,fury,12,7,5
Ogrelurd,malygos,672,warrior,fury,12,7,5
Wargasms,alterac-mountains,672,warrior,fury,12,7,5
Ignid,tichondrius,672,warrior,fury,12,7,5
Shilkay,thrall,672,warrior,fury,12,7,5
Vvarcry,sargeras,672,warrior,fury,12,7,5
Nylissia,blood-furnace,672,warrior,fury,12,7,5
Eino,llane,672,warrior,fury,12,7,5
Tonios,stormrage,672,warrior,fury,12,7,5
Trashman,frostwolf,672,warrior,fury,12,7,5
Fuzywuzy,drakthul,672,warrior,fury,15,8,7
Danield,illidan,672,warrior,fury,17,7,10
Radnod,tichondrius,672,warrior,fury,18,7,11
Okgotchax,kelthuzad,672,warrior,fury,18,7,11
Gravo,ragnaros,672,warrior,fury,18,7,11
Røwdýzørø,illidan,672,warrior,fury,18,7,11
Gangelx,illidan,672,warrior,fury,18,7,11
Mardrex,korgath,672,warrior,fury,18,7,11
Vexwar,bleeding-hollow,672,warrior,fury,18,7,11
Rexxous,hyjal,672,warrior,fury,18,7,11
Tasilia,tichondrius,671,warrior,fury,12,7,5
Methodicaly,aerie-peak,671,warrior,fury,12,7,5
Iorak,queldorei,671,warrior,fury,12,7,5
Bjarkyy,azralon,671,warrior,fury,12,7,5
Nokak,borean-tundra,671,warrior,fury,12,7,5
Deathengine,area-52,671,warrior,fury,12,7,5
Oddnoid,area-52,671,warrior,fury,12,7,5
Zoomush,zuljin,671,warrior,fury,12,7,5
Pancárcho,quelthalas,671,warrior,fury,12,7,5
Bitterdawn,moon-guard,671,warrior,fury,12,7,5
Cellyndia,area-52,671,warrior,fury,12,7,5
Ymirock,area-52,671,warrior,fury,12,7,5
Armsprotfury,tichondrius,671,warrior,fury,12,7,5
Jashienarus,madoran,671,warrior,fury,12,7,5
Quintonious,dark-iron,671,warrior,fury,12,7,5
Müffîn,moon-guard,671,warrior,fury,12,7,5
Idestroy,exodar,671,warrior,fury,12,7,5
Tappia,quelthalas,671,warrior,fury,12,7,5
Dragonslayer,greymane,671,warrior,fury,12,7,5
Ahmorok,moon-guard,671,warrior,fury,12,7,5
Greenmachine,twisting-nether,671,warrior,fury,12,7,5
Murcho,stormrage,671,warrior,fury,12,7,5
Wwesheamus,frostmourne,671,warrior,fury,12,7,5
Brindlè,kelthuzad,671,warrior,fury,13,7,6
Cthumoo,moonrunner,671,warrior,fury,18,7,11
Wårrior,kelthuzad,671,warrior,fury,18,7,11
Smokiiwar,proudmoore,671,warrior,fury,18,7,11
Remudan,tichondrius,671,warrior,fury,18,7,11
Chieef,illidan,671,warrior,fury,18,7,11
Ragnir,kelthuzad,671,warrior,fury,18,7,11
Sharpenmsftw,illidan,671,warrior,fury,18,7,11
Trigon,chromaggus,671,warrior,fury,18,7,11
Chacca,suramar,671,warrior,fury,18,7,11
Kaìju,dragonmaw,671,warrior,fury,18,7,11
Angrier,area-52,671,warrior,fury,18,7,11
Xiosè,ragnaros,671,warrior,fury,24,7,17
Stackws,tichondrius,671,warrior,fury,24,7,17
Ganon,garrosh,670,warrior,fury,12,7,5
Notskulm,emerald-dream,670,warrior,fury,18,7,11
Wêlfoment,ragnaros,670,warrior,fury,18,7,11
Cartime,blades-edge,670,warrior,fury,18,7,11
Gerplé,moon-guard,670,warrior,fury,18,7,11
Syyz,area-52,670,warrior,fury,18,7,11
Skalmöld,area-52,670,warrior,fury,21,7,14
Jywarr,area-52,670,warrior,fury,24,7,17
Dragonrage,tanaris,670,warrior,fury,24,7,17
Boneskull,zuljin,669,warrior,fury,12,7,5
Lyzan,stormrage,669,warrior,fury,12,7,5
Rafaeldantas,azralon,669,warrior,fury,12,7,5
Cýnz,frostmourne,669,warrior,fury,18,7,11
Khorvesh,burning-legion,669,warrior,fury,18,7,11
Rollinblade,hyjal,669,warrior,fury,18,7,11
Warsero,tichondrius,669,warrior,fury,18,7,11
Shrekkman,area-52,669,warrior,fury,18,7,11
Gamoosh,illidan,669,warrior,fury,20,7,13
Deáthwing,steamwheedle-cartel,669,warrior,fury,24,7,17
Dból,area-52,668,warrior,fury,30,7,23
Genesis,zangarmarsh,667,warrior,fury,12,7,5
Annihilataur,blackhand,667,warrior,fury,18,7,11
Dalînar,quelthalas,666,warrior,fury,12,7,5
Salmons,thrall,666,warrior,fury,18,7,11
Siiss,stormrage,665,warrior,fury,21,9,12
Fangerbiter,destromath,659,warrior,fury,12,7,5
Nighttoker,lightnings-blade,659,warrior,fury,12,7,5
Trailsend,dalaran,658,warrior,fury,12,7,5
Damnge,zuljin,656,warrior,fury,24,10,14
Shrexecute,tichondrius,655,warrior,fury,17,7,10
Áryon,stormrage,649,warrior,fury,18,7,11
Supermieo,illidan,639,warrior,fury,11,7,4
Wintz,dreadmaul,638,warrior,fury,14,8,6
Mortalgodtko,ragnaros,638,warrior,fury,19,8,11
Razory,ragnaros,638,warrior,fury,20,8,12
Nanor,zuljin,635,warrior,fury,14,8,6
Guroku,tichondrius,633,warrior,fury,22,7,15
Starcade,executus,623,warrior,fury,11,7,4
Biggwall,sargeras,623,warrior,fury,15,8,7
Greenwell,area-52,623,warrior,fury,15,7,8
ßaldbornë,stormrage,617,warrior,fury,21,10,11
Kaikah,aegwynn,615,warrior,fury,27,8,19
Boothtowolf,the-forgotten-coast,612,warrior,fury,30,7,23
Benimalish,illidan,608,warrior,fury,10,7,3
Furryhorv,frostmourne,608,warrior,fury,22,7,15
Dalthis,bleeding-hollow,607,warrior,fury,14,7,7
Rohde,nemesis,607,warrior,fury,14,7,7
Vorthax,korgath,607,warrior,fury,14,7,7
Eightballerz,barthilas,606,warrior,fury,20,7,13
Lilreese,tichondrius,592,warrior,fury,13,7,6
Därkblade,bleeding-hollow,592,warrior,fury,13,7,6
Noktyn,haomarush,591,warrior,fury,11,7,4
Grïnk,stormrage,576,warrior,fury,6,6,0
Evospeed,tichondrius,576,warrior,fury,6,6,0
Dekapitator,frostmourne,576,warrior,fury,6,6,0
Dissector,ragnaros,576,warrior,fury,6,6,0
Bigtunå,emerald-dream,576,warrior,fury,6,6,0
Contented,illidan,576,warrior,fury,9,7,2
Raeyth,twisting-nether,576,warrior,fury,12,6,6
Erogorn,dawnbringer,576,warrior,fury,12,6,6
Strongerjaw,tichondrius,576,warrior,fury,12,6,6
Ezcharger,kelthuzad,576,warrior,fury,12,6,6
Slashngasher,stormrage,576,warrior,fury,12,6,6
Khurgrum,emerald-dream,576,warrior,fury,12,6,6
Acès,shattered-halls,576,warrior,fury,12,6,6
Pypoku,illidan,576,warrior,fury,12,6,6
Izinrock,malganis,576,warrior,fury,12,6,6
Zarachi,azralon,576,warrior,fury,12,6,6
Dougiefressh,boulderfist,576,warrior,fury,12,6,6
Olala,kiljaeden,576,warrior,fury,12,6,6
Kennie,malganis,576,warrior,fury,12,6,6
Dëckhand,proudmoore,576,warrior,fury,12,6,6
Kforti,kiljaeden,576,warrior,fury,12,6,6
Arthwarf,proudmoore,576,warrior,fury,12,6,6
Bristopher,illidan,576,warrior,fury,12,6,6
Hålfpenny,tichondrius,576,warrior,fury,12,6,6
Serzull,area-52,576,warrior,fury,12,6,6
Borahgis,area-52,576,warrior,fury,12,6,6
Paoxiaoevs,tichondrius,576,warrior,fury,12,6,6
Dominyo,stormrage,576,warrior,fury,12,6,6
Vâìn,tichondrius,576,warrior,fury,12,6,6
Soulstrife,malganis,576,warrior,fury,12,6,6
Rezhan,area-52,576,warrior,fury,12,6,6
Peperage,emerald-dream,576,warrior,fury,12,6,6
Ciz,emerald-dream,576,warrior,fury,12,6,6
Feedzz,area-52,576,warrior,fury,12,6,6
Marfas,hyjal,576,warrior,fury,12,6,6
Tacrolimus,thrall,576,warrior,fury,12,6,6
Gamelagged,area-52,576,warrior,fury,12,6,6
Daarla,burning-blade,576,warrior,fury,12,6,6
Whittyxc,tichondrius,576,warrior,fury,12,6,6
Matrias,tichondrius,576,warrior,fury,12,6,6
Savager,spinebreaker,576,warrior,fury,12,6,6
Sunamys,illidan,576,warrior,fury,12,6,6
Whateverzhan,tichondrius,576,warrior,fury,12,6,6
Stipdip,tichondrius,576,warrior,fury,12,6,6
Kørønus,bonechewer,576,warrior,fury,12,6,6
Shieldchain,dalaran,576,warrior,fury,12,6,6
Tortag,malganis,576,warrior,fury,12,6,6
Pachacutec,area-52,576,warrior,fury,12,6,6
Pokeberry,kelthuzad,576,warrior,fury,12,6,6
Disarmed,proudmoore,576,warrior,fury,12,6,6
Xragnar,area-52,576,warrior,fury,12,6,6
Vilgaxx,area-52,576,warrior,fury,12,6,6
Ðrënch,tichondrius,576,warrior,fury,12,6,6
Endurefen,sargeras,576,warrior,fury,12,6,6
Goywarr,illidan,576,warrior,fury,12,6,6
Majaya,area-52,576,warrior,fury,12,6,6
Kaivax,tichondrius,576,warrior,fury,12,6,6
Durrandal,stormrage,576,warrior,fury,12,6,6
Ertugrul,zuljin,576,warrior,fury,12,6,6
Kolossux,ragnaros,576,warrior,fury,12,6,6
Kurï,duskwood,576,warrior,fury,12,6,6
Furiouskoda,draenor,576,warrior,fury,12,6,6
Skoll,illidan,576,warrior,fury,12,6,6
Liltape,frostmourne,576,warrior,fury,12,6,6
Jiszle,sargeras,576,warrior,fury,12,6,6
Tcchmm,akama,576,warrior,fury,12,6,6
Tekazzu,frostmourne,576,warrior,fury,12,6,6
Grannymac,moon-guard,576,warrior,fury,12,6,6
Rigil,the-forgotten-coast,576,warrior,fury,12,6,6
Dëåth,azgalor,576,warrior,fury,12,6,6
Freÿdis,zuljin,576,warrior,fury,12,6,6
Mordoo,zuljin,576,warrior,fury,12,6,6
Unclemusclez,azgalor,576,warrior,fury,12,6,6
Madzoro,frostmourne,576,warrior,fury,12,6,6
Alduin,black-dragonflight,576,warrior,fury,13,6,7
Himer,tichondrius,576,warrior,fury,18,6,12
Jpiece,tichondrius,576,warrior,fury,18,6,12
Kritsg,azgalor,576,warrior,fury,18,6,12
Digitaldj,frostmourne,576,warrior,fury,18,6,12
Davien,tichondrius,576,warrior,fury,18,6,12
Neuroxis,quelthalas,576,warrior,fury,18,6,12
Todory,moon-guard,576,warrior,fury,18,6,12
Incel,cairne,576,warrior,fury,18,6,12
Øopz,kiljaeden,576,warrior,fury,18,6,12
Daemous,wyrmrest-accord,576,warrior,fury,18,6,12
Jackhsu,tichondrius,576,warrior,fury,24,6,18
Worldslayer,illidan,575,warrior,fury,12,6,6
Mordelona,ragnaros,575,warrior,fury,12,6,6
Carborr,frostmourne,575,warrior,fury,12,6,6
Wushuang,tichondrius,575,warrior,fury,12,6,6
Deathlypantz,azshara,575,warrior,fury,12,6,6
Båldur,quelthalas,575,warrior,fury,12,6,6
Mcfatstuffs,boulderfist,575,warrior,fury,12,6,6
Guldanramsey,gorefiend,575,warrior,fury,12,6,6
Rockstedy,area-52,575,warrior,fury,12,6,6
Agnesis,quelthalas,575,warrior,fury,12,6,6
Taywar,sargeras,575,warrior,fury,12,6,6
Lorelie,malganis,575,warrior,fury,12,6,6
Calledon,emerald-dream,575,warrior,fury,12,6,6
Plidan,shuhalo,575,warrior,fury,12,6,6
Xenyn,malganis,575,warrior,fury,12,6,6
Bigs,exodar,575,warrior,fury,12,6,6
Isitorganic,nesingwary,575,warrior,fury,12,6,6
Kratthos,azralon,575,warrior,fury,12,6,6
Ludakritz,moon-guard,575,warrior,fury,12,6,6
Empriux,quelthalas,575,warrior,fury,18,6,12
Superpanties,azralon,575,warrior,fury,18,6,12
Gutzui,drakkari,575,warrior,fury,18,6,12
Neifle,tichondrius,575,warrior,fury,18,6,12
Docmoriarty,malygos,575,warrior,fury,18,6,12
Badairplane,gilneas,574,warrior,fury,12,6,6
Iapologiz,illidan,574,warrior,fury,12,6,6
Ruffless,skullcrusher,574,warrior,fury,12,6,6
Risingson,argent-dawn,574,warrior,fury,12,6,6
Rageroni,tichondrius,574,warrior,fury,12,6,6
Oralo,tichondrius,574,warrior,fury,18,6,12
Cômmander,ragnaros,574,warrior,fury,18,6,12
Jtepetlasène,zuljin,574,warrior,fury,25,8,17
Clavan,moon-guard,574,warrior,fury,24,6,18
Faidee,thunderlord,574,warrior,fury,26,6,20
Worc,aggramar,572,warrior,fury,12,6,6
Vethronis,dalaran,572,warrior,fury,12,6,6
Shukgar,blackhand,572,warrior,fury,12,6,6
Beligarde,moon-guard,571,warrior,fury,22,6,16
Olokrash,dalaran,570,warrior,fury,12,6,6
Finnin,nathrezim,559,warrior,fury,11,6,5
Agram,alleria,559,warrior,fury,17,6,11
Trickfox,tichondrius,558,warrior,fury,10,7,3
Enemigo,emerald-dream,543,warrior,fury,11,6,5
Coverage,frostmourne,543,warrior,fury,14,7,7
Tochixchaos,illidan,543,warrior,fury,14,7,7
Loosypoosy,magtheridon,542,warrior,fury,11,6,5
Thorkéll,proudmoore,541,warrior,fury,23,6,17
Apallô,tichondrius,528,warrior,fury,15,6,9
Weepingdeath,burning-legion,528,warrior,fury,21,6,15
Velbutangry,stormrage,527,warrior,fury,9,7,2
Millerlite,illidan,527,warrior,fury,11,6,5
Sinbãd,whisperwind,527,warrior,fury,11,6,5
Tatërs,zuljin,527,warrior,fury,11,6,5
Brownxz,ragnaros,527,warrior,fury,15,6,9
Larath,quelthalas,527,warrior,fury,17,6,11
Sukstofuk,frostmourne,527,warrior,fury,23,6,17
Agarto,illidan,526,warrior,fury,11,6,5
Dhefinator,moknathal,512,warrior,fury,10,6,4
Mini,bleeding-hollow,511,warrior,fury,9,7,2
Ángron,ragnaros,511,warrior,fury,11,6,5
Schlosh,laughing-skull,511,warrior,fury,14,6,8
Monkeydwood,proudmoore,510,warrior,fury,20,6,14
Frankilton,area-52,496,warrior,fury,13,6,7
Cassetto,icecrown,496,warrior,fury,13,6,7
Tazmanianfur,akama,480,warrior,fury,6,5,1
Kaitlanzhan,malganis,480,warrior,fury,6,5,1
Orkussw,illidan,480,warrior,fury,6,5,1
Pantao,sargeras,480,warrior,fury,6,5,1
Jeffesptein,tichondrius,480,warrior,fury,6,5,1
Soggynapkin,proudmoore,480,warrior,fury,6,5,1
Vennoe,proudmoore,480,warrior,fury,6,5,1
Cagrekk,wyrmrest-accord,480,warrior,fury,6,5,1
Thorado,nemesis,480,warrior,fury,6,5,1
Rathburn,malganis,480,warrior,fury,6,5,1
Nerdstorm,tichondrius,480,warrior,fury,6,5,1
Korsarro,frostmourne,480,warrior,fury,6,5,1
Lööfi,sargeras,480,warrior,fury,6,5,1
Gond,shuhalo,480,warrior,fury,6,5,1
Tryhardr,sargeras,480,warrior,fury,6,5,1
Onyx,auchindoun,480,warrior,fury,6,5,1
Nickfurÿ,stormrage,480,warrior,fury,6,5,1
Bloodwish,stormrage,480,warrior,fury,6,5,1
Robostergler,tichondrius,480,warrior,fury,6,5,1
Kiritarokila,area-52,480,warrior,fury,6,5,1
Bromgarr,crushridge,480,warrior,fury,6,5,1
Magnusz,zuljin,480,warrior,fury,6,5,1
Didinosaur,azralon,480,warrior,fury,6,5,1
Àxcx,moon-guard,480,warrior,fury,6,5,1
Sbplaywar,akama,480,warrior,fury,9,6,3
Imeew,area-52,480,warrior,fury,9,6,3
Ramranch,dawnbringer,480,warrior,fury,8,5,3
Kroni,ragnaros,480,warrior,fury,10,6,4
Victoriaöus,emerald-dream,480,warrior,fury,9,5,4
Blodreìna,hyjal,480,warrior,fury,12,5,7
Dtherockj,kiljaeden,480,warrior,fury,12,5,7
Trekk,azralon,480,warrior,fury,12,5,7
Sudi,emerald-dream,480,warrior,fury,12,5,7
Maltrate,hyjal,480,warrior,fury,12,5,7
Faiken,quelthalas,480,warrior,fury,12,5,7
Xandrak,barthilas,480,warrior,fury,12,5,7
Bgwinnier,shuhalo,480,warrior,fury,12,5,7
Brôm,emerald-dream,480,warrior,fury,12,5,7
Genesisxp,barthilas,480,warrior,fury,12,5,7
Aladarith,moon-guard,480,warrior,fury,12,5,7
Lunitics,darkspear,480,warrior,fury,12,5,7
Boblennon,tichondrius,480,warrior,fury,12,5,7
Kamigoroshi,crushridge,480,warrior,fury,12,5,7
Kluster,kelthuzad,480,warrior,fury,12,5,7
Guguito,drakkari,480,warrior,fury,12,5,7
Angrystepdad,moon-guard,480,warrior,fury,12,5,7
Hêroìnê,tichondrius,480,warrior,fury,12,5,7
Shyea,gurubashi,480,warrior,fury,12,5,7
Marimadelene,aegwynn,480,warrior,fury,12,5,7
Brolÿ,azralon,480,warrior,fury,12,5,7
Ådderall,thrall,480,warrior,fury,12,5,7
Clansy,moon-guard,480,warrior,fury,12,5,7
Kiingkratoz,ragnaros,480,warrior,fury,12,5,7
Pápý,ragnaros,480,warrior,fury,12,5,7
Sorrowfury,stormrage,480,warrior,fury,12,5,7
Râgestorm,maiev,480,warrior,fury,12,5,7
Oprampage,illidan,480,warrior,fury,12,5,7
Swollenbicep,tichondrius,480,warrior,fury,12,5,7
Vvârriôr,barthilas,480,warrior,fury,12,5,7
Fhurey,gnomeregan,480,warrior,fury,12,5,7
Río,area-52,480,warrior,fury,12,5,7
Warbler,black-dragonflight,480,warrior,fury,12,5,7
Ludøciel,moon-guard,480,warrior,fury,12,5,7
Kerus,zuluhed,480,warrior,fury,12,5,7
Flabergaster,skullcrusher,480,warrior,fury,12,5,7
Hexmaul,zuljin,480,warrior,fury,12,5,7
Outo,stormrage,480,warrior,fury,12,5,7
Warkaiser,ragnaros,480,warrior,fury,12,5,7
Zelglory,dalaran,480,warrior,fury,12,5,7
Tokka,azjolnerub,480,warrior,fury,12,5,7
Gale,kelthuzad,480,warrior,fury,12,5,7
Resize,wyrmrest-accord,480,warrior,fury,12,5,7
Testees,senjin,480,warrior,fury,12,5,7
Arthurston,tichondrius,480,warrior,fury,12,5,7
Execute,kirin-tor,480,warrior,fury,12,5,7
Moostorm,darkspear,480,warrior,fury,12,5,7
Rowdyanders,area-52,480,warrior,fury,12,5,7
Lilsweet,moon-guard,480,warrior,fury,12,5,7
Axesomebody,tichondrius,480,warrior,fury,12,5,7
Hankhill,area-52,480,warrior,fury,12,5,7
Martyferrari,black-dragonflight,480,warrior,fury,12,5,7
Avengerx,malganis,480,warrior,fury,12,5,7
Gunnaoffxans,sargeras,480,warrior,fury,12,5,7
Saltycrakerz,area-52,480,warrior,fury,12,5,7
Slamuëladams,bleeding-hollow,480,warrior,fury,12,5,7
Amorish,mugthol,480,warrior,fury,12,5,7
Bishopp,zuljin,480,warrior,fury,12,5,7
Sabers,mannoroth,480,warrior,fury,12,5,7
Thejoshuwu,icecrown,480,warrior,fury,12,5,7
Còlòssal,moknathal,480,warrior,fury,12,5,7
Buhurt,sargeras,480,warrior,fury,12,5,7
Smashkuntz,lightnings-blade,480,warrior,fury,12,5,7
Ÿûkímès,tichondrius,480,warrior,fury,12,5,7
Vallkÿria,goldrinn,480,warrior,fury,12,5,7
Momlover,area-52,480,warrior,fury,12,5,7
Karik,proudmoore,480,warrior,fury,12,5,7
Iittlewiener,tichondrius,480,warrior,fury,12,5,7
Grimlòck,area-52,480,warrior,fury,12,5,7
Wisslogia,ragnaros,480,warrior,fury,12,5,7
Izhansheni,illidan,480,warrior,fury,12,5,7
Pingolona,nemesis,480,warrior,fury,12,5,7
Orcveinz,tichondrius,480,warrior,fury,17,7,10
Caststeel,nordrassil,480,warrior,fury,15,6,9
Karukaj,azshara,480,warrior,fury,13,5,8
Àndrewceo,illidan,480,warrior,fury,16,6,10
Gadlfuerte,ragnaros,480,warrior,fury,14,5,9
Zugmeov,barthilas,480,warrior,fury,18,5,13
Feetpicsx,tichondrius,480,warrior,fury,18,5,13
Maxtavius,baelgun,480,warrior,fury,18,5,13
Laloman,ragnaros,480,warrior,fury,18,5,13
Klen,kelthuzad,480,warrior,fury,18,5,13
Typenine,proudmoore,480,warrior,fury,18,5,13
Nogoodnames,aegwynn,480,warrior,fury,18,5,13
Rwagorn,scilla,480,warrior,fury,18,5,13
Warmul,bleeding-hollow,480,warrior,fury,18,5,13
Aarontaylor,bloodscalp,480,warrior,fury,30,5,25
Appolyonn,hyjal,479,warrior,fury,6,5,1
Zirtag,proudmoore,479,warrior,fury,6,5,1
Vonkinky,sargeras,479,warrior,fury,6,5,1
Morshaz,drakkari,479,warrior,fury,6,5,1
Guantid,sargeras,479,warrior,fury,12,5,7
Amrap,dentarg,479,warrior,fury,12,5,7
Olegg,laughing-skull,479,warrior,fury,12,5,7
Valeriatc,stormrage,479,warrior,fury,12,5,7
Rektangle,kiljaeden,479,warrior,fury,12,5,7
Draknon,stormrage,479,warrior,fury,12,5,7
Gàdgét,moon-guard,479,warrior,fury,12,5,7
Ksubîî,frostmourne,479,warrior,fury,12,5,7
Morasar,area-52,479,warrior,fury,12,5,7
Yasser,ragnaros,479,warrior,fury,12,5,7
Lovaton,ragnaros,479,warrior,fury,13,5,8
Bedlâm,barthilas,479,warrior,fury,13,5,8
Läsko,area-52,479,warrior,fury,18,5,13
Supersquish,moon-guard,479,warrior,fury,18,5,13
Serrabella,illidan,479,warrior,fury,18,5,13
Craghack,moon-guard,479,warrior,fury,18,5,13
Màgs,moon-guard,479,warrior,fury,18,5,13
Mickyplate,tichondrius,479,warrior,fury,24,5,19
Dorathorn,azralon,479,warrior,fury,24,5,19
Døøm,malganis,478,warrior,fury,12,5,7
Gymnopolar,barthilas,478,warrior,fury,18,5,13
Beilian,quelthalas,478,warrior,fury,24,5,19
Tejbird,sargeras,477,warrior,fury,10,6,4
Drovik,malygos,477,warrior,fury,18,5,13
Dathrand,aerie-peak,476,warrior,fury,12,5,7
Fabszord,nemesis,476,warrior,fury,12,5,7
Veganwarrior,quelthalas,469,warrior,fury,18,5,13
Warralt,dalaran,463,warrior,fury,11,5,6
Syegfried,dethecus,463,warrior,fury,11,5,6
Blazeowlglad,area-52,463,warrior,fury,17,5,12
Dulait,malganis,462,warrior,fury,17,5,12
Beefsfury,tichondrius,447,warrior,fury,11,5,6
Öldsnake,mannoroth,447,warrior,fury,17,5,12
Powerjaw,stormrage,432,warrior,fury,9,6,3
Rageverd,malganis,432,warrior,fury,9,5,4
Kitiará,area-52,432,warrior,fury,15,6,9
Thalloom,thaurissan,432,warrior,fury,15,5,10
Gondarian,moon-guard,431,warrior,fury,11,5,6
Hugz,thrall,431,warrior,fury,11,5,6
Stealheads,dalaran,431,warrior,fury,15,6,9
Aserus,quelthalas,431,warrior,fury,33,5,28
Héro,stormrage,426,warrior,fury,13,6,7
Remini,emerald-dream,416,warrior,fury,10,5,5
Israelelel,azralon,416,warrior,fury,10,5,5
Chadrich,kilrogg,416,warrior,fury,10,5,5
Inocencius,ragnaros,415,warrior,fury,8,5,3
Çommodus,frostmourne,415,warrior,fury,11,5,6
Digitalblade,illidan,415,warrior,fury,14,5,9
Husyuzhi,tichondrius,400,warrior,fury,7,5,2
Heirel,kelthuzad,400,warrior,fury,13,5,8
Youdumbaut,tichondrius,384,warrior,fury,6,4,2
Ðrënçh,area-52,384,warrior,fury,6,4,2
Fornido,quelthalas,384,warrior,fury,6,4,2
Dualslong,malygos,384,warrior,fury,6,4,2
Breké,moon-guard,384,warrior,fury,6,4,2
Pryziel,ragnaros,384,warrior,fury,6,4,2
Stunfountain,sargeras,384,warrior,fury,6,4,2
Cardrios,aegwynn,384,warrior,fury,6,4,2
Scoobidoobii,tichondrius,384,warrior,fury,6,4,2
Zathwiker,tichondrius,384,warrior,fury,6,4,2
Heltic,uldum,384,warrior,fury,6,4,2
Greeplol,arthas,384,warrior,fury,6,4,2
Rhapsodus,area-52,384,warrior,fury,6,4,2
Thistou,quelthalas,384,warrior,fury,6,4,2
Infectedwar,proudmoore,384,warrior,fury,6,4,2
Rahm,kiljaeden,384,warrior,fury,6,4,2
Bigdatacoder,tichondrius,384,warrior,fury,6,4,2
Willcharge,tichondrius,384,warrior,fury,6,4,2
Blrx,sargeras,384,warrior,fury,6,4,2
Tmvalchoir,tichondrius,384,warrior,fury,6,4,2
Amphyctionis,zuljin,384,warrior,fury,6,4,2
Foomassa,proudmoore,384,warrior,fury,6,4,2
Ashbringera,proudmoore,384,warrior,fury,6,4,2
Zemezok,area-52,384,warrior,fury,6,4,2
Cujø,tichondrius,384,warrior,fury,6,4,2
Rêtpãl,area-52,384,warrior,fury,6,4,2
Akrono,sargeras,384,warrior,fury,6,4,2
Olaqwarraso,sargeras,384,warrior,fury,6,4,2
Superbest,tichondrius,384,warrior,fury,6,4,2
Anautumnday,tichondrius,384,warrior,fury,6,4,2
Tomatogodx,sargeras,384,warrior,fury,6,4,2
Tyranitar,proudmoore,384,warrior,fury,6,4,2
Daboogeyman,thunderhorn,384,warrior,fury,6,4,2
Ovò,malganis,384,warrior,fury,6,4,2
Glowstick,tichondrius,384,warrior,fury,6,4,2
Braxxinn,tichondrius,384,warrior,fury,6,4,2
Murghol,malganis,384,warrior,fury,6,4,2
Axazel,drakkari,384,warrior,fury,6,4,2
Valundruh,area-52,384,warrior,fury,6,4,2
Obil,moon-guard,384,warrior,fury,6,4,2
Gorgoz,area-52,384,warrior,fury,6,4,2
Prunebery,area-52,384,warrior,fury,6,4,2
Affeine,malganis,384,warrior,fury,6,4,2
Brogdar,moon-guard,384,warrior,fury,6,4,2
Machineofwar,zuluhed,384,warrior,fury,6,4,2
Xirexa,bleeding-hollow,384,warrior,fury,6,4,2
Tallix,smolderthorn,384,warrior,fury,6,4,2
Sparkburn,tichondrius,384,warrior,fury,6,4,2
Belàrià,tichondrius,384,warrior,fury,6,4,2
Bobandi,tichondrius,384,warrior,fury,6,4,2
Kàytwo,tichondrius,384,warrior,fury,6,4,2
Dàrk,lightbringer,384,warrior,fury,6,4,2
Myrä,kelthuzad,384,warrior,fury,6,4,2
Obama,chogall,384,warrior,fury,6,4,2
Jeason,ragnaros,384,warrior,fury,6,4,2
Fraccx,area-52,384,warrior,fury,6,4,2
Machutron,quelthalas,384,warrior,fury,6,4,2
Jàmiè,wyrmrest-accord,384,warrior,fury,6,4,2
Hasbullá,ragnaros,384,warrior,fury,6,4,2
Unpaused,kelthuzad,384,warrior,fury,6,4,2
Smokes,sargeras,384,warrior,fury,6,4,2
Nunu,firetree,384,warrior,fury,6,4,2
Leønidasll,ragnaros,384,warrior,fury,6,4,2
Psyrush,area-52,384,warrior,fury,6,4,2
Sarachnis,area-52,384,warrior,fury,6,4,2
Darkoil,illidan,384,warrior,fury,6,4,2
Orangew,dalaran,384,warrior,fury,6,4,2
Daemòn,dalaran,384,warrior,fury,6,4,2
Imachargeyou,stormrage,384,warrior,fury,6,4,2
Painedd,stormrage,384,warrior,fury,6,4,2
Skarkla,thrall,384,warrior,fury,6,4,2
Shuronho,nemesis,384,warrior,fury,6,4,2
Junaid,frostmourne,384,warrior,fury,6,4,2
Scripper,stormrage,384,warrior,fury,6,4,2
Blackbaba,illidan,384,warrior,fury,6,4,2
Bakadoom,illidan,384,warrior,fury,6,4,2
Corthíus,stormrage,384,warrior,fury,6,4,2
Speakeassy,dalaran,384,warrior,fury,6,4,2
Franziskaner,frostmourne,384,warrior,fury,6,4,2
Biganimegirl,frostmourne,384,warrior,fury,6,4,2
Pz,ravencrest,384,warrior,fury,6,4,2
Suicider,stormrage,384,warrior,fury,6,4,2
Wüten,illidan,384,warrior,fury,6,4,2
Tjuanalpha,illidan,384,warrior,fury,6,4,2
Grumak,thrall,384,warrior,fury,6,4,2
Tobaccocat,stormreaver,384,warrior,fury,6,4,2
Gontore,thrall,384,warrior,fury,6,4,2
Laferrari,illidan,384,warrior,fury,6,4,2
Drakgøre,ragnaros,384,warrior,fury,7,4,3
Deathwang,bloodhoof,384,warrior,fury,9,5,4
Bornne,doomhammer,384,warrior,fury,9,4,5
Nasrôth,korialstrasz,384,warrior,fury,12,4,8
Toxxel,wyrmrest-accord,384,warrior,fury,12,4,8
Béntley,kiljaeden,384,warrior,fury,12,4,8
Bs,kiljaeden,384,warrior,fury,12,4,8
Charcharbinx,zuljin,384,warrior,fury,12,4,8
Bigwarrior,stonemaul,384,warrior,fury,12,4,8
Kevinersaa,frostmourne,384,warrior,fury,12,4,8
Sakutarou,lightbringer,384,warrior,fury,12,4,8
Karli,nerzhul,384,warrior,fury,12,4,8
Snikkles,frostmourne,384,warrior,fury,12,4,8
Infâmous,proudmoore,384,warrior,fury,12,4,8
Falindrah,moon-guard,384,warrior,fury,12,4,8
Aislistraee,moon-guard,384,warrior,fury,12,4,8
Goatmanee,tichondrius,384,warrior,fury,12,4,8
Rezzett,wyrmrest-accord,384,warrior,fury,12,4,8
Arakod,moon-guard,384,warrior,fury,12,4,8
Bobitolio,dalaran,384,warrior,fury,12,4,8
Krule,zuljin,384,warrior,fury,12,4,8
Oazisorc,drakkari,384,warrior,fury,12,4,8
Rushour,quelthalas,384,warrior,fury,12,4,8
Ðêad,area-52,384,warrior,fury,12,4,8
Alitalia,thunderlord,384,warrior,fury,12,4,8
Bighamm,tichondrius,384,warrior,fury,12,4,8
Agamere,stormrage,384,warrior,fury,12,4,8
Tháne,emerald-dream,384,warrior,fury,12,4,8
Pigblind,azralon,384,warrior,fury,12,4,8
Vosnir,dalaran,384,warrior,fury,12,4,8
Wariorwang,tichondrius,384,warrior,fury,12,4,8
Rägnarök,stormrage,384,warrior,fury,12,4,8
Bladetko,tichondrius,384,warrior,fury,12,4,8
Tsutsu,illidan,384,warrior,fury,12,4,8
Recktko,sargeras,384,warrior,fury,12,4,8
Hukzula,illidan,384,warrior,fury,12,4,8
Fatdiabetic,tichondrius,384,warrior,fury,12,4,8
Krommgar,tichondrius,384,warrior,fury,12,4,8
Moguzri,elune,384,warrior,fury,12,4,8
Warriorc,laughing-skull,384,warrior,fury,12,4,8
Beetcoyne,azuremyst,384,warrior,fury,12,4,8
Goremack,hellscream,384,warrior,fury,12,4,8
Bumrushed,tichondrius,384,warrior,fury,12,4,8
Diegoreo,drakkari,384,warrior,fury,12,4,8
Knawty,ysera,384,warrior,fury,12,4,8
Gorm,greymane,384,warrior,fury,12,4,8
Tentacruels,area-52,384,warrior,fury,12,4,8
Muradinpica,stormrage,384,warrior,fury,12,4,8
Drengarusk,area-52,384,warrior,fury,12,4,8
Wanderlie,zangarmarsh,384,warrior,fury,12,4,8
Appleleon,ragnaros,384,warrior,fury,12,4,8
Õõ,area-52,384,warrior,fury,12,4,8
Syntra,area-52,384,warrior,fury,12,4,8
Sveenn,area-52,384,warrior,fury,12,4,8
Nobowar,tichondrius,384,warrior,fury,12,4,8
Kanosukai,emerald-dream,384,warrior,fury,12,4,8
Corazondleón,ragnaros,384,warrior,fury,12,4,8
Auzery,emerald-dream,384,warrior,fury,12,4,8
Dreadnott,sargeras,384,warrior,fury,12,4,8
Jhalakni,quelthalas,384,warrior,fury,12,4,8
Worgasum,black-dragonflight,384,warrior,fury,12,4,8
Jaimey,malganis,384,warrior,fury,12,4,8
Metalhaed,thrall,384,warrior,fury,12,4,8
Bibendum,kelthuzad,384,warrior,fury,12,4,8
Apollos,alleria,384,warrior,fury,12,4,8
Krodah,quelthalas,384,warrior,fury,12,4,8
Kuragdem,trollbane,384,warrior,fury,18,4,14
Kathauriang,moon-guard,384,warrior,fury,18,4,14
Lsays,tichondrius,384,warrior,fury,18,4,14
Seppukush,quelthalas,384,warrior,fury,18,4,14
Rathlann,crushridge,383,warrior,fury,6,4,2
Bladesy,stormrage,383,warrior,fury,6,4,2
Galvar,frostmourne,383,warrior,fury,6,4,2
Equityr,azralon,383,warrior,fury,6,4,2
Gunnar,stonemaul,383,warrior,fury,6,4,2
Galadon,amanthul,383,warrior,fury,12,4,8
Naturist,tichondrius,383,warrior,fury,12,4,8
Rahmholz,bonechewer,383,warrior,fury,12,4,8
Greggor,frostmourne,383,warrior,fury,12,4,8
Hunchless,detheroc,383,warrior,fury,16,4,12
Anger,zuljin,383,warrior,fury,24,4,20
Fuzzle,proudmoore,382,warrior,fury,6,4,2
Buakaaw,gallywix,382,warrior,fury,6,4,2
Ünö,proudmoore,382,warrior,fury,6,4,2
Worrier,blackhand,382,warrior,fury,6,4,2
Solveighelga,drakkari,381,warrior,fury,12,4,8
Glennyballs,dalaran,379,warrior,fury,12,4,8
Baxel,arthas,367,warrior,fury,11,4,7
Outright,jubeithos,367,warrior,fury,11,4,7
Dude,barthilas,352,warrior,fury,10,4,6
Gotrekson,stormrage,351,warrior,fury,11,4,7
Snowwsaint,sargeras,351,warrior,fury,11,4,7
Pappin,malganis,351,warrior,fury,11,4,7
Koaltank,illidan,351,warrior,fury,14,5,9
Xkrieger,tichondrius,336,warrior,fury,9,4,5
Neverwinta,moon-guard,335,warrior,fury,11,4,7
Darkrevel,dalvengyr,335,warrior,fury,11,4,7
Maraudah,bleeding-hollow,330,warrior,fury,10,5,5
Warrorcox,quelthalas,330,warrior,fury,11,5,6
Kíngkaisér,azralon,330,warrior,fury,15,6,9
Syntko,bleeding-hollow,330,warrior,fury,16,6,10
Huleo,tichondrius,330,warrior,fury,14,5,9
Stroker,ragnaros,319,warrior,fury,5,4,1
Yamorino,area-52,319,warrior,fury,5,4,1
Biorhn,area-52,319,warrior,fury,8,4,4
Fancyboo,malganis,319,warrior,fury,8,4,4
Freakdps,stormrage,304,warrior,fury,7,4,3
Wallzar,sargeras,304,warrior,fury,13,4,9
Bignukes,arthas,288,warrior,fury,6,3,3
Glexecute,sargeras,288,warrior,fury,6,3,3
Demøletiøn,stormrage,288,warrior,fury,6,3,3
Daddyd,sargeras,288,warrior,fury,6,3,3
Groundpound,sargeras,288,warrior,fury,6,3,3
Kazek,sargeras,288,warrior,fury,6,3,3
Executie,duskwood,288,warrior,fury,6,3,3
Sludgthwaps,stormrage,288,warrior,fury,6,3,3
Scran,sargeras,288,warrior,fury,6,3,3
Hoodsie,magtheridon,288,warrior,fury,6,3,3
Slãmpiece,stormrage,288,warrior,fury,6,3,3
Tâlos,magtheridon,288,warrior,fury,6,3,3
Shadderaz,sargeras,288,warrior,fury,6,3,3
Snizlorc,zuljin,288,warrior,fury,6,3,3
Anticiðe,zuljin,288,warrior,fury,6,3,3
Norkahn,mannoroth,288,warrior,fury,6,3,3
Cocó,sargeras,288,warrior,fury,6,3,3
Koho,azgalor,288,warrior,fury,6,3,3
Zangre,stormrage,288,warrior,fury,6,3,3
Soulfang,sargeras,288,warrior,fury,6,3,3
Tâlos,ysondre,288,warrior,fury,6,3,3
Barbarìan,bleeding-hollow,288,warrior,fury,6,3,3
Thorkrim,bleeding-hollow,288,warrior,fury,6,3,3
Beârz,the-underbog,288,warrior,fury,6,3,3
Kerrploop,bleeding-hollow,288,warrior,fury,6,3,3
Dengorn,zuljin,288,warrior,fury,6,3,3
Verydanger,emerald-dream,288,warrior,fury,6,3,3
Miyamashi,stormrage,288,warrior,fury,6,3,3
Somanyswings,stormrage,288,warrior,fury,6,3,3
Benjiprice,sargeras,288,warrior,fury,6,3,3
Potero,ragnaros,288,warrior,fury,6,3,3
Saleem,tichondrius,288,warrior,fury,6,3,3
Unng,emerald-dream,288,warrior,fury,6,3,3
Spartabear,thrall,288,warrior,fury,6,3,3
Oxluck,ragnaros,288,warrior,fury,6,3,3
Satedqq,illidan,288,warrior,fury,6,3,3
Corgii,khaz-modan,288,warrior,fury,6,3,3
Oven,tichondrius,288,warrior,fury,6,3,3
Axemedaddy,nordrassil,288,warrior,fury,6,3,3
Executiie,saurfang,288,warrior,fury,6,3,3
Razzik,emerald-dream,288,warrior,fury,6,3,3
Ichigö,gundrak,288,warrior,fury,6,3,3
Peterheater,emerald-dream,288,warrior,fury,6,3,3
Mubun,tichondrius,288,warrior,fury,6,3,3
Lightswords,stormrage,288,warrior,fury,6,3,3
Deathbeds,emerald-dream,288,warrior,fury,6,3,3
Harthan,stormscale,288,warrior,fury,6,3,3
Galachad,jubeithos,288,warrior,fury,6,3,3
Vurks,frostmourne,288,warrior,fury,6,3,3
Terazova,tichondrius,288,warrior,fury,6,3,3
Slitt,azralon,288,warrior,fury,6,3,3
Lazs,wyrmrest-accord,288,warrior,fury,6,3,3
Joarmyman,proudmoore,288,warrior,fury,6,3,3
Lliilbittch,proudmoore,288,warrior,fury,6,3,3
Caynos,stormrage,288,warrior,fury,6,3,3
Herbshow,malganis,288,warrior,fury,6,3,3
Santhvel,jubeithos,288,warrior,fury,6,3,3
Butterz,dunemaul,288,warrior,fury,6,3,3
Psychosicko,tichondrius,288,warrior,fury,6,3,3
Jullyelson,azralon,288,warrior,fury,6,3,3
Morelz,stormrage,288,warrior,fury,6,3,3
Swoyer,azralon,288,warrior,fury,6,3,3
Painfulsin,tichondrius,288,warrior,fury,6,3,3
Kimed,nordrassil,288,warrior,fury,6,3,3
Ruululu,tichondrius,288,warrior,fury,6,3,3
Strongboii,tichondrius,288,warrior,fury,6,3,3
Carbyne,barthilas,288,warrior,fury,6,3,3
Korland,aerie-peak,288,warrior,fury,6,3,3
Govosh,thrall,288,warrior,fury,6,3,3
Lechee,silvermoon,288,warrior,fury,6,3,3
Herkja,barthilas,288,warrior,fury,6,3,3
Thaann,illidan,288,warrior,fury,6,3,3
Swólepetrol,tichondrius,288,warrior,fury,6,3,3
Kénblock,tichondrius,288,warrior,fury,6,3,3
Browneyed,area-52,288,warrior,fury,6,3,3
Gánnicus,borean-tundra,288,warrior,fury,6,3,3
Nekrush,tichondrius,288,warrior,fury,6,3,3
Dirtypin,shadowmoon,288,warrior,fury,6,3,3
Mojodaddy,tichondrius,288,warrior,fury,6,3,3
Wrâth,nerzhul,288,warrior,fury,6,3,3
Heavydoody,moon-guard,288,warrior,fury,6,3,3
Aùstin,moon-guard,288,warrior,fury,6,3,3
Baller,moon-guard,288,warrior,fury,6,3,3
Benw,dawnbringer,288,warrior,fury,6,3,3
Demonsláyer,illidan,288,warrior,fury,6,3,3
Tkazo,tichondrius,288,warrior,fury,6,3,3
Sánsón,illidan,288,warrior,fury,6,3,3
Pezy,frostmourne,288,warrior,fury,6,3,3
Uncritable,dalaran,288,warrior,fury,6,3,3
Chzze,tichondrius,288,warrior,fury,6,3,3
Hithen,quelthalas,288,warrior,fury,6,3,3
Mildsauce,illidan,288,warrior,fury,6,3,3
Xvz,moon-guard,288,warrior,fury,6,3,3
Mehji,boulderfist,288,warrior,fury,6,3,3
Mcdowëll,moon-guard,288,warrior,fury,6,3,3
Deepsplitter,illidan,288,warrior,fury,6,3,3
Makeranbing,barthilas,288,warrior,fury,6,3,3
Exequet,tichondrius,288,warrior,fury,6,3,3
Zugsok,thrall,288,warrior,fury,6,3,3
Âlbédô,ragnaros,288,warrior,fury,6,3,3
Skynitez,area-52,288,warrior,fury,6,3,3
Bigdickgomez,frostmourne,288,warrior,fury,6,3,3
Atella,illidan,288,warrior,fury,6,3,3
Kàli,kiljaeden,288,warrior,fury,6,3,3
Brunowars,tichondrius,288,warrior,fury,6,3,3
Twinkd,thrall,288,warrior,fury,6,3,3
Wwjcd,proudmoore,288,warrior,fury,6,3,3
Tobyrendrson,area-52,288,warrior,fury,6,3,3
Oberyn,malganis,288,warrior,fury,6,3,3
Wagglesnoot,moon-guard,288,warrior,fury,6,3,3
Wescer,frostmourne,288,warrior,fury,6,3,3
Endeavorr,alexstrasza,288,warrior,fury,6,3,3
Çhocothunder,area-52,288,warrior,fury,6,3,3
Tsathoggua,kiljaeden,288,warrior,fury,6,3,3
Pongk,tichondrius,288,warrior,fury,6,3,3
Straumwarior,area-52,288,warrior,fury,6,3,3
Killborn,tichondrius,288,warrior,fury,6,3,3
Renziass,tichondrius,288,warrior,fury,6,3,3
Chops,arygos,288,warrior,fury,6,3,3
Ohanselo,quelthalas,288,warrior,fury,6,3,3
Susiro,tichondrius,288,warrior,fury,6,3,3
Battlestatue,moon-guard,288,warrior,fury,6,3,3
Berricnhon,drakkari,288,warrior,fury,6,3,3
Twilightrain,tichondrius,288,warrior,fury,6,3,3
Daddyslug,moon-guard,288,warrior,fury,6,3,3
Gläedr,dalaran,288,warrior,fury,6,3,3
Várian,goldrinn,288,warrior,fury,6,3,3
Keàton,illidan,288,warrior,fury,6,3,3
Sapulpa,lightbringer,288,warrior,fury,6,3,3
Louwar,ragnaros,288,warrior,fury,6,3,3
Bloodcivil,thrall,288,warrior,fury,6,3,3
Kurowar,drakkari,288,warrior,fury,6,3,3
Rogôsh,tichondrius,288,warrior,fury,6,3,3
Vhikrakk,quelthalas,288,warrior,fury,6,3,3
Aromar,kiljaeden,288,warrior,fury,6,3,3
Devolved,amanthul,288,warrior,fury,6,3,3
Stellabear,aggramar,288,warrior,fury,6,3,3
Corvesio,wyrmrest-accord,288,warrior,fury,6,3,3
Warrzita,ragnaros,288,warrior,fury,6,3,3
Griimhoof,malganis,288,warrior,fury,6,3,3
Aruia,proudmoore,288,warrior,fury,6,3,3
Martrek,amanthul,288,warrior,fury,6,3,3
Crowsfall,aggramar,288,warrior,fury,6,3,3
Corevp,barthilas,288,warrior,fury,6,3,3
Renning,malganis,288,warrior,fury,6,3,3
Kezduit,dalaran,288,warrior,fury,6,3,3
Sejunz,ragnaros,288,warrior,fury,6,3,3
Swíshersweét,kelthuzad,288,warrior,fury,6,3,3
Çininho,area-52,288,warrior,fury,6,3,3
Nginx,queldorei,288,warrior,fury,6,3,3
Dalan,korgath,288,warrior,fury,6,3,3
Brín,frostmourne,288,warrior,fury,6,3,3
Tokugawaieya,nemesis,288,warrior,fury,6,3,3
Guillotinè,area-52,288,warrior,fury,6,3,3
Vurk,area-52,288,warrior,fury,6,3,3
Scylall,area-52,288,warrior,fury,6,3,3
Orcly,kilrogg,288,warrior,fury,6,3,3
Tigris,nesingwary,288,warrior,fury,6,3,3
Akrian,hellscream,288,warrior,fury,6,3,3
Draggo,tortheldrin,288,warrior,fury,6,3,3
Bloodthornx,quelthalas,288,warrior,fury,6,3,3
Instakill,garrosh,288,warrior,fury,6,3,3
Thelsarian,nerzhul,288,warrior,fury,6,3,3
Vülpix,spinebreaker,288,warrior,fury,6,3,3
Skullbang,skullcrusher,288,warrior,fury,6,3,3
Chapublin,ragnaros,288,warrior,fury,6,3,3
Fulaixiong,illidan,288,warrior,fury,6,3,3
Kreamyumyums,tichondrius,288,warrior,fury,6,3,3
Daytime,scilla,288,warrior,fury,6,3,3
Nozarashi,frostmane,288,warrior,fury,6,3,3
Weskamg,quelthalas,288,warrior,fury,6,3,3
Drohkar,ragnaros,288,warrior,fury,6,3,3
Kahn,andorhal,288,warrior,fury,6,3,3
Sgtleeroy,bonechewer,288,warrior,fury,6,3,3
Perrin,burning-blade,288,warrior,fury,6,3,3
Digitalpsyko,hyjal,288,warrior,fury,6,3,3
Malystik,ragnaros,288,warrior,fury,6,3,3
Wolfsbanne,khadgar,288,warrior,fury,6,3,3
Vodak,daggerspine,288,warrior,fury,6,3,3
Swiftÿ,gurubashi,288,warrior,fury,6,3,3
Tasswar,hyjal,288,warrior,fury,6,3,3
Smxrf,hyjal,288,warrior,fury,6,3,3
Illfarqqup,saurfang,288,warrior,fury,6,3,3
Raygé,malygos,288,warrior,fury,6,3,3
Gladìus,area-52,288,warrior,fury,9,4,5
Bled,quelthalas,288,warrior,fury,10,4,6
Loadmaster,dragonmaw,288,warrior,fury,8,3,5
Cøpperpøt,bleeding-hollow,288,warrior,fury,9,3,6
Kushal,sargeras,288,warrior,fury,14,4,10
Urion,illidan,288,warrior,fury,11,3,8
Sosa,velen,288,warrior,fury,12,3,9
Kimuraa,hyjal,288,warrior,fury,12,3,9
Krostyx,ragnaros,288,warrior,fury,12,3,9
Gristly,sargeras,288,warrior,fury,12,3,9
Stromkiller,stormrage,288,warrior,fury,12,3,9
Andro,arthas,288,warrior,fury,12,3,9
Ðöminátè,kiljaeden,288,warrior,fury,12,3,9
Ezsmash,firetree,288,warrior,fury,12,3,9
Lynn,zangarmarsh,288,warrior,fury,12,3,9
Flexìn,tichondrius,288,warrior,fury,12,3,9
Krilles,tichondrius,288,warrior,fury,12,3,9
Apolio,magtheridon,288,warrior,fury,12,3,9
Luckybrother,tichondrius,288,warrior,fury,12,3,9
Nao,darkspear,288,warrior,fury,12,3,9
Theriaes,bleeding-hollow,288,warrior,fury,12,3,9
Immòrtal,zuljin,288,warrior,fury,12,3,9
Beatmeat,frostmourne,288,warrior,fury,12,3,9
Shínkicker,area-52,288,warrior,fury,12,3,9
Slimeto,area-52,288,warrior,fury,12,3,9
Zelekron,emerald-dream,288,warrior,fury,12,3,9
Krimmjðw,sargeras,288,warrior,fury,12,3,9
Imallalone,tichondrius,288,warrior,fury,12,3,9
Ratface,frostmourne,288,warrior,fury,12,3,9
Hokanii,moon-guard,288,warrior,fury,12,3,9
Kenrampage,area-52,288,warrior,fury,12,3,9
Ghostruntz,area-52,288,warrior,fury,12,3,9
Wrekzor,zuljin,288,warrior,fury,12,3,9
Tríxman,moon-guard,288,warrior,fury,12,3,9
Blackscale,grizzly-hills,288,warrior,fury,12,3,9
Banggo,frostmourne,288,warrior,fury,12,3,9
Bladeweaver,illidan,288,warrior,fury,12,3,9
Monkeybrain,azralon,288,warrior,fury,12,3,9
Barcëlð,frostmourne,288,warrior,fury,12,3,9
Lørdvingådør,azralon,288,warrior,fury,12,3,9
Rólex,tichondrius,288,warrior,fury,12,3,9
Ironzing,vashj,288,warrior,fury,12,3,9
Bebob,tichondrius,288,warrior,fury,12,3,9
Tanskii,sargeras,288,warrior,fury,12,3,9
Rageroidz,area-52,288,warrior,fury,12,3,9
Pastorpeen,thrall,288,warrior,fury,12,3,9
Rundai,zuljin,288,warrior,fury,12,3,9
Jujuassgeter,darkspear,288,warrior,fury,18,3,15
Bayingyi,barthilas,288,warrior,fury,18,3,15
Grendan,zuljin,287,warrior,fury,6,3,3
Disclone,tichondrius,287,warrior,fury,6,3,3
Isack,ursin,287,warrior,fury,6,3,3
Monsterpepe,tichondrius,287,warrior,fury,12,3,9
Redsonja,hakkar,286,warrior,fury,17,3,14
Bahlahkay,proudmoore,271,warrior,fury,12,4,8
Nukeuum,zuljin,271,warrior,fury,11,3,8
Daymancometh,proudmoore,271,warrior,fury,11,3,8
Bigdaddyzees,bleeding-hollow,255,warrior,fury,11,3,8
Doomtheog,tichondrius,255,warrior,fury,11,3,8
Zolpidem,nemesis,255,warrior,fury,11,3,8
Xidaego,tichondrius,254,warrior,fury,8,4,4
Gwod,stormrage,239,warrior,fury,5,3,2
Ramisés,stormrage,239,warrior,fury,5,3,2
Chupelo,tichondrius,239,warrior,fury,5,3,2
Ramaraparoo,proudmoore,239,warrior,fury,5,3,2
Dïablo,dragonmaw,239,warrior,fury,5,3,2
Bottlecaps,shadowmoon,239,warrior,fury,5,3,2
Jäÿ,proudmoore,239,warrior,fury,5,3,2
Reagzy,stormrage,234,warrior,fury,10,4,6
Jhiaxus,moon-guard,234,warrior,fury,11,4,7
Tugboatx,bleeding-hollow,234,warrior,fury,12,4,8
Rhagnael,malganis,234,warrior,fury,15,4,11
Norru,moon-guard,233,warrior,fury,23,5,18
Herdercas,sargeras,208,warrior,fury,7,3,4
Angryfacë,malganis,192,warrior,fury,4,3,1
Datneck,tichondrius,192,warrior,fury,4,3,1
Gavtini,drakthul,192,warrior,fury,4,3,1
Çórý,area-52,192,warrior,fury,4,3,1
Amaragos,tichondrius,192,warrior,fury,6,4,2
Drefnor,thunderhorn,192,warrior,fury,9,3,6
Ghostkin,ragnaros,192,warrior,fury,6,2,4
Yeèzy,stormrage,192,warrior,fury,6,2,4
Kachigas,sargeras,192,warrior,fury,6,2,4
Føurløkø,ragnaros,192,warrior,fury,6,2,4
Estrasystole,sargeras,192,warrior,fury,6,2,4
Fofefa,ragnaros,192,warrior,fury,6,2,4
Tarkvs,ragnaros,192,warrior,fury,6,2,4
Mcbanner,ragnaros,192,warrior,fury,6,2,4
Zugsecute,malganis,192,warrior,fury,6,2,4
Tepaste,ragnaros,192,warrior,fury,6,2,4
Zdokk,sargeras,192,warrior,fury,6,2,4
Cdjr,malganis,192,warrior,fury,6,2,4
Brosèph,sargeras,192,warrior,fury,6,2,4
Elchacál,ragnaros,192,warrior,fury,6,2,4
Záshá,ragnaros,192,warrior,fury,6,2,4
Browngusher,sargeras,192,warrior,fury,6,2,4
Stately,stormrage,192,warrior,fury,6,2,4
Lopotron,sargeras,192,warrior,fury,6,2,4
Catdestroyer,kelthuzad,192,warrior,fury,6,2,4
Halò,thrall,192,warrior,fury,6,2,4
Záhid,ragnaros,192,warrior,fury,6,2,4
Rahu,thrall,192,warrior,fury,6,2,4
Jaredfrmsbwy,kelthuzad,192,warrior,fury,6,2,4
Rexxunos,ragnaros,192,warrior,fury,6,2,4
Kalthrag,lothar,192,warrior,fury,6,2,4
Nsanesavage,kelthuzad,192,warrior,fury,6,2,4
Druckerz,lightnings-blade,192,warrior,fury,6,2,4
Youdiankua,illidan,192,warrior,fury,6,2,4
Borealiss,ragnaros,192,warrior,fury,6,2,4
Antihéró,illidan,192,warrior,fury,6,2,4
Aslina,quelthalas,192,warrior,fury,6,2,4
Good,garona,192,warrior,fury,6,2,4
Amberlym,ragnaros,192,warrior,fury,6,2,4
Horahloux,ragnaros,192,warrior,fury,6,2,4
Zarkró,quelthalas,192,warrior,fury,6,2,4
Altron,icecrown,192,warrior,fury,6,2,4
Mussashí,stormrage,192,warrior,fury,6,2,4
Threg,malganis,192,warrior,fury,6,2,4
Killaen,thrall,192,warrior,fury,6,2,4
Tyberos,the-scryers,192,warrior,fury,6,2,4
Dagorine,eredar,192,warrior,fury,6,2,4
Fisheye,spinebreaker,192,warrior,fury,6,2,4
Erikx,ragnaros,192,warrior,fury,6,2,4
Eîghtysîx,sargeras,192,warrior,fury,6,2,4
Märkdî,quelthalas,192,warrior,fury,6,2,4
Grekk,kelthuzad,192,warrior,fury,6,2,4
Torimzor,nemesis,192,warrior,fury,6,2,4
Twilightzza,sargeras,192,warrior,fury,6,2,4
Smokedaperc,illidan,192,warrior,fury,6,2,4
Piojowar,quelthalas,192,warrior,fury,6,2,4
Gakatarc,thrall,192,warrior,fury,6,2,4
Wendër,area-52,192,warrior,fury,6,2,4
Jeyvil,stormrage,192,warrior,fury,6,2,4
Prodgio,nemesis,192,warrior,fury,6,2,4
Ferdînand,area-52,192,warrior,fury,6,2,4
Kushtrains,illidan,192,warrior,fury,6,2,4
Massacretko,area-52,192,warrior,fury,6,2,4
Backtrack,whisperwind,192,warrior,fury,6,2,4
Krannos,area-52,192,warrior,fury,6,2,4
Venyxx,gallywix,192,warrior,fury,6,2,4
Lokgur,gallywix,192,warrior,fury,6,2,4
Silversailor,drakkari,192,warrior,fury,6,2,4
Warkahoz,drakkari,192,warrior,fury,6,2,4
Vaclein,quelthalas,192,warrior,fury,6,2,4
Undeadchad,malganis,192,warrior,fury,6,2,4
Hatedßyßlízz,area-52,192,warrior,fury,6,2,4
Iïl,area-52,192,warrior,fury,6,2,4
Estrozo,sargeras,192,warrior,fury,6,2,4
Blademaw,stormreaver,192,warrior,fury,6,2,4
Warpork,sargeras,192,warrior,fury,6,2,4
Swinkyzug,tichondrius,192,warrior,fury,6,2,4
Iorochis,quelthalas,192,warrior,fury,6,2,4
Scuntyw,illidan,192,warrior,fury,6,2,4
Lilfin,tichondrius,192,warrior,fury,6,2,4
Punchakhan,illidan,192,warrior,fury,6,2,4
Chloee,the-underbog,192,warrior,fury,6,2,4
Dysazter,ravencrest,192,warrior,fury,6,2,4
Bobbylee,ravencrest,192,warrior,fury,6,2,4
Bachyr,stormrage,192,warrior,fury,6,2,4
Unterg,ragnaros,192,warrior,fury,6,2,4
Fetalalcohol,illidan,192,warrior,fury,6,2,4
Bernardes,stormrage,192,warrior,fury,6,2,4
Kenroc,illidan,192,warrior,fury,6,2,4
Destoryhamer,illidan,192,warrior,fury,6,2,4
Grund,dawnbringer,192,warrior,fury,6,2,4
Hackett,blades-edge,192,warrior,fury,6,2,4
Linios,tichondrius,192,warrior,fury,6,2,4
Steelrock,arthas,192,warrior,fury,6,2,4
Deafwarrior,sargeras,192,warrior,fury,6,2,4
Kraven,haomarush,192,warrior,fury,6,2,4
Matonka,illidan,192,warrior,fury,6,2,4
Ivadell,stormrage,192,warrior,fury,6,2,4
Tÿ,haomarush,192,warrior,fury,6,2,4
Drenzywar,scilla,192,warrior,fury,6,2,4
Mildlol,tichondrius,192,warrior,fury,6,2,4
Koast,aerie-peak,192,warrior,fury,6,2,4
Aboveaverage,arthas,192,warrior,fury,6,2,4
Brrzrrkrr,twisting-nether,192,warrior,fury,6,2,4
Trágus,azralon,192,warrior,fury,6,2,4
Clönazepam,azralon,192,warrior,fury,6,2,4
Lôwkeyfix,illidan,192,warrior,fury,6,2,4
Drayco,tichondrius,192,warrior,fury,6,2,4
Slamspam,the-underbog,192,warrior,fury,6,2,4
Zareos,azralon,192,warrior,fury,6,2,4
Elyoy,aerie-peak,192,warrior,fury,6,2,4
Sustantus,emerald-dream,192,warrior,fury,6,2,4
Twoironfist,azralon,192,warrior,fury,6,2,4
Jkasdfglkg,tichondrius,192,warrior,fury,6,2,4
Garagedays,area-52,192,warrior,fury,6,2,4
Jowesley,azralon,192,warrior,fury,6,2,4
Bariotyr,the-underbog,192,warrior,fury,6,2,4
Darkstrikee,tichondrius,192,warrior,fury,6,2,4
Persiancoco,tichondrius,192,warrior,fury,6,2,4
Alucardio,turalyon,192,warrior,fury,6,2,4
Redrunebar,illidan,192,warrior,fury,6,2,4
Areiana,stormrage,192,warrior,fury,6,2,4
Casteleiro,azralon,192,warrior,fury,6,2,4
Sickwar,emerald-dream,192,warrior,fury,6,2,4
Kalabawph,area-52,192,warrior,fury,6,2,4
Keringan,stormrage,192,warrior,fury,6,2,4
Devildriver,malganis,192,warrior,fury,6,2,4
Zooboo,laughing-skull,192,warrior,fury,6,2,4
Jayynorthyy,malganis,192,warrior,fury,6,2,4
Painstake,illidan,192,warrior,fury,6,2,4
Badland,tichondrius,192,warrior,fury,6,2,4
Lêvïåthån,moon-guard,192,warrior,fury,6,2,4
Rarityw,tichondrius,192,warrior,fury,6,2,4
Bingoslam,frostmourne,192,warrior,fury,6,2,4
Wooters,tichondrius,192,warrior,fury,6,2,4
Cosmosz,illidan,192,warrior,fury,6,2,4
Bobisyourmom,tichondrius,192,warrior,fury,6,2,4
Supersteak,tichondrius,192,warrior,fury,6,2,4
Kromuk,grizzly-hills,192,warrior,fury,6,2,4
Niderqt,tichondrius,192,warrior,fury,6,2,4
Gladcal,stormscale,192,warrior,fury,6,2,4
Killtarget,tichondrius,192,warrior,fury,6,2,4
Zugface,tichondrius,192,warrior,fury,6,2,4
Gorkar,frostwolf,192,warrior,fury,6,2,4
Aisinbro,illidan,192,warrior,fury,6,2,4
Protologist,chogall,192,warrior,fury,6,2,4
Deizhul,stormscale,192,warrior,fury,6,2,4
Moosoka,malorne,192,warrior,fury,6,2,4
Ultraa,lightbringer,192,warrior,fury,6,2,4
Arx,frostwolf,192,warrior,fury,6,2,4
Stinkyw,tichondrius,192,warrior,fury,6,2,4
Grandpari,tichondrius,192,warrior,fury,6,2,4
Aoste,tichondrius,192,warrior,fury,6,2,4
Furyenjoyer,tichondrius,192,warrior,fury,6,2,4
ßoris,grizzly-hills,192,warrior,fury,6,2,4
Jägernaught,stormrage,192,warrior,fury,6,2,4
Zeroy,bleeding-hollow,192,warrior,fury,6,2,4
Pippysmallz,tichondrius,192,warrior,fury,6,2,4
Longzhan,tichondrius,192,warrior,fury,6,2,4
Blackpinkx,tichondrius,192,warrior,fury,6,2,4
Awlawdemrang,tichondrius,192,warrior,fury,6,2,4
Furie,dragonmaw,192,warrior,fury,6,2,4
Voidian,ghostlands,192,warrior,fury,6,2,4
Uju,lothar,192,warrior,fury,6,2,4
Ethîlea,frostmourne,192,warrior,fury,6,2,4
Cartmain,illidan,192,warrior,fury,6,2,4
Xorjak,tichondrius,192,warrior,fury,6,2,4
Thrawb,bleeding-hollow,192,warrior,fury,6,2,4
Jäëgër,moon-guard,192,warrior,fury,6,2,4
Noor,tichondrius,192,warrior,fury,6,2,4
Stugwar,moon-guard,192,warrior,fury,6,2,4
Slambiggly,tichondrius,192,warrior,fury,6,2,4
Collapsekim,tichondrius,192,warrior,fury,6,2,4
Tickletickle,illidan,192,warrior,fury,6,2,4
Thorkêll,moon-guard,192,warrior,fury,6,2,4
Brewstrike,dalaran,192,warrior,fury,6,2,4
Slamslamslam,tichondrius,192,warrior,fury,6,2,4
Andrexion,moon-guard,192,warrior,fury,6,2,4
Wqnmlgbd,tichondrius,192,warrior,fury,6,2,4
Zacharyx,tichondrius,192,warrior,fury,6,2,4
Creepedz,tichondrius,192,warrior,fury,6,2,4
Ballbusting,moon-guard,192,warrior,fury,6,2,4
Gladicus,zuljin,192,warrior,fury,6,2,4
Robloxsex,frostmourne,192,warrior,fury,6,2,4
Lyré,moon-guard,192,warrior,fury,6,2,4
Korbles,moon-guard,192,warrior,fury,6,2,4
Ningtea,proudmoore,192,warrior,fury,6,2,4
Tour,proudmoore,192,warrior,fury,6,2,4
Autopsys,moon-guard,192,warrior,fury,6,2,4
Kôrky,dalaran,192,warrior,fury,6,2,4
Containerbox,korgath,192,warrior,fury,6,2,4
Verigislena,moon-guard,192,warrior,fury,6,2,4
Yermalt,tichondrius,192,warrior,fury,6,2,4
Birddogs,scarlet-crusade,192,warrior,fury,6,2,4
Mortaldznuts,tichondrius,192,warrior,fury,6,2,4
Thevan,dunemaul,192,warrior,fury,6,2,4
Släughter,zuljin,192,warrior,fury,6,2,4
Borparick,zuljin,192,warrior,fury,6,2,4
Taurwaz,draka,192,warrior,fury,6,2,4
Helder,destromath,192,warrior,fury,6,2,4
Gistid,frostmourne,192,warrior,fury,6,2,4
Heratikk,tichondrius,192,warrior,fury,6,2,4
Ëxecute,darkspear,192,warrior,fury,6,2,4
Matahorda,darkspear,192,warrior,fury,6,2,4
Dorant,wyrmrest-accord,192,warrior,fury,6,2,4
Tztokbigkok,tichondrius,192,warrior,fury,6,2,4
Nebraskapete,wyrmrest-accord,192,warrior,fury,6,2,4
Themercenary,bleeding-hollow,192,warrior,fury,6,2,4
Ulren,wyrmrest-accord,192,warrior,fury,6,2,4
Weewarrior,wyrmrest-accord,192,warrior,fury,6,2,4
Shloope,barthilas,192,warrior,fury,6,2,4
Chunbok,tichondrius,192,warrior,fury,6,2,4
Tigershárk,tichondrius,192,warrior,fury,6,2,4
Jéshka,wyrmrest-accord,192,warrior,fury,6,2,4
Flèshy,kiljaeden,192,warrior,fury,6,2,4
Shablamm,korgath,192,warrior,fury,6,2,4
Clerond,tichondrius,192,warrior,fury,6,2,4
Svera,dalaran,192,warrior,fury,6,2,4
Kaniks,dalaran,192,warrior,fury,6,2,4
Brylena,drenden,192,warrior,fury,6,2,4
Onlyfrends,saurfang,192,warrior,fury,6,2,4
Monkeystomp,aegwynn,192,warrior,fury,6,2,4
Youdeadx,aegwynn,192,warrior,fury,6,2,4
Kokixz,tichondrius,192,warrior,fury,6,2,4
Flexecute,senjin,192,warrior,fury,6,2,4
Melithiae,barthilas,192,warrior,fury,6,2,4
Drugdilla,zuljin,192,warrior,fury,6,2,4
Peekyblinder,kiljaeden,192,warrior,fury,6,2,4
Gotcrit,blood-furnace,192,warrior,fury,6,2,4
Itzyourmom,nazjatar,192,warrior,fury,6,2,4
Franc,kiljaeden,192,warrior,fury,6,2,4
Beyreuth,proudmoore,192,warrior,fury,6,2,4
Boombop,zuljin,192,warrior,fury,6,2,4
Dwar,barthilas,192,warrior,fury,6,2,4
Stinkers,proudmoore,192,warrior,fury,6,2,4
Mahievs,area-52,192,warrior,fury,10,3,7
Sharpenblade,proudmoore,192,warrior,fury,7,2,5
Linjunfeng,tichondrius,192,warrior,fury,7,2,5
Bonesheild,ursin,192,warrior,fury,11,2,9
Powerrager,amanthul,192,warrior,fury,12,2,10
Tzef,emerald-dream,192,warrior,fury,12,2,10
Zoldyak,ragnaros,192,warrior,fury,12,2,10
Alchremo,dalaran,192,warrior,fury,12,2,10
Kames,garrosh,192,warrior,fury,12,2,10
Gregur,sargeras,192,warrior,fury,12,2,10
Doappy,darkspear,192,warrior,fury,12,2,10
Destrogore,darkspear,192,warrior,fury,12,2,10
Shandrar,frostmourne,192,warrior,fury,12,2,10
Saltslayer,darkspear,192,warrior,fury,12,2,10
Lluciferr,sargeras,191,warrior,fury,6,2,4
Werrewolf,kul-tiras,191,warrior,fury,6,2,4
Naabii,moon-guard,191,warrior,fury,6,2,4
Sholei,ragnaros,191,warrior,fury,6,2,4
Nirvyn,quelthalas,191,warrior,fury,6,2,4
Akätosh,zuljin,191,warrior,fury,6,2,4
Dreadtøøth,tichondrius,160,warrior,fury,10,2,8
Wayne,kargath,160,warrior,fury,16,2,14
Mariò,area-52,159,warrior,fury,5,2,3
Gnivac,moon-guard,159,warrior,fury,5,2,3
Jabar,illidan,159,warrior,fury,5,2,3
Murders,jubeithos,159,warrior,fury,5,2,3
Forts,zuljin,159,warrior,fury,5,2,3
Finana,illidan,138,warrior,fury,10,4,6
Duudoo,stormrage,138,warrior,fury,11,4,7
Trouz,ragnaros,138,warrior,fury,9,3,6
Dräxxär,sargeras,138,warrior,fury,10,3,7
Steelpan,arthas,128,warrior,fury,4,2,2
Asheroth,tichondrius,128,warrior,fury,4,2,2
Eldarad,stormrage,128,warrior,fury,4,2,2
Furyass,bleeding-hollow,128,warrior,fury,4,2,2
Fatbarstard,jubeithos,128,warrior,fury,4,2,2
Chickntender,stormreaver,127,warrior,fury,8,2,6
Mâyhêm,bonechewer,112,warrior,fury,7,2,5
Bootskrapp,azgalor,112,warrior,fury,7,2,5
Flintish,moon-guard,96,warrior,fury,3,2,1
Raîzen,stormrage,96,warrior,fury,3,2,1
Gungar,bronzebeard,96,warrior,fury,3,2,1
Sarmat,undermine,96,warrior,fury,8,3,5
Murrdock,nesingwary,96,warrior,fury,6,1,5
Freesubs,sargeras,96,warrior,fury,6,1,5
Sulfaris,aegwynn,96,warrior,fury,6,1,5
Tamagoshi,kiljaeden,96,warrior,fury,6,1,5
Polox,ragnaros,96,warrior,fury,6,1,5
Aftershóck,daggerspine,96,warrior,fury,6,1,5
Igmif,stormrage,96,warrior,fury,6,1,5
Plushiee,stormrage,96,warrior,fury,6,1,5
Warritha,ragnaros,96,warrior,fury,6,1,5
Warriorkeen,kelthuzad,96,warrior,fury,6,1,5
Lambsy,zuljin,96,warrior,fury,6,1,5
Dioxinil,kelthuzad,96,warrior,fury,6,1,5
Nedstarc,laughing-skull,96,warrior,fury,6,1,5
Flexxinpapi,exodar,96,warrior,fury,6,1,5
Keirina,bonechewer,96,warrior,fury,6,1,5
Awex,kelthuzad,96,warrior,fury,6,1,5
Bigster,malganis,96,warrior,fury,6,1,5
Aladdis,saurfang,96,warrior,fury,6,1,5
Tarviss,exodar,96,warrior,fury,6,1,5
Bigboyorior,caelestrasz,96,warrior,fury,6,1,5
Slayabunny,icecrown,96,warrior,fury,6,1,5
Harattawi,thrall,96,warrior,fury,6,1,5
Rades,sargeras,96,warrior,fury,6,1,5
Handain,malganis,96,warrior,fury,6,1,5
Imbabayaga,saurfang,96,warrior,fury,6,1,5
Roken,crushridge,96,warrior,fury,6,1,5
Soulmerc,turalyon,96,warrior,fury,6,1,5
Pcprincipal,khadgar,96,warrior,fury,6,1,5
Slotts,malganis,96,warrior,fury,6,1,5
Lifaen,zangarmarsh,96,warrior,fury,6,1,5
Aiforix,gorefiend,96,warrior,fury,6,1,5
Trollchopo,kiljaeden,96,warrior,fury,6,1,5
Zingerboss,barthilas,96,warrior,fury,6,1,5
Beray,skullcrusher,96,warrior,fury,6,1,5
Miyoi,tichondrius,96,warrior,fury,6,1,5
Bigk,korgath,96,warrior,fury,6,1,5
Warriortimes,ragnaros,96,warrior,fury,6,1,5
Doomreaprr,sargeras,96,warrior,fury,6,1,5
Nerdturd,mannoroth,96,warrior,fury,6,1,5
Katsarola,cenarion-circle,96,warrior,fury,6,1,5
Ottø,area-52,96,warrior,fury,6,1,5
Lanlorash,barthilas,96,warrior,fury,6,1,5
Stonnies,bleeding-hollow,96,warrior,fury,6,1,5
Ethan,area-52,96,warrior,fury,6,1,5
Carnagè,area-52,96,warrior,fury,6,1,5
Maximös,stormrage,96,warrior,fury,6,1,5
Grândmâ,zuljin,96,warrior,fury,6,1,5
Orcaine,ursin,96,warrior,fury,6,1,5
Nazuke,wyrmrest-accord,96,warrior,fury,6,1,5
Drewbee,zuljin,96,warrior,fury,6,1,5
Förkz,ragnaros,96,warrior,fury,6,1,5
Strongdill,zuljin,96,warrior,fury,6,1,5
Facelessvoid,sargeras,96,warrior,fury,6,1,5
Wapistun,thrall,96,warrior,fury,6,1,5
Rongor,drakkari,96,warrior,fury,6,1,5
Ragerok,bleeding-hollow,96,warrior,fury,6,1,5
Pornawar,area-52,96,warrior,fury,6,1,5
Bathis,frostmourne,96,warrior,fury,6,1,5
Ximzhao,quelthalas,96,warrior,fury,6,1,5
Stompën,area-52,96,warrior,fury,6,1,5
Ulfkrieg,stormrage,96,warrior,fury,6,1,5
Omatos,quelthalas,96,warrior,fury,6,1,5
Neotico,quelthalas,96,warrior,fury,6,1,5
Spartacam,frostmourne,96,warrior,fury,6,1,5
ßallinjr,illidan,96,warrior,fury,6,1,5
Demonblade,arygos,96,warrior,fury,6,1,5
Schwicker,stormrage,96,warrior,fury,6,1,5
Exetoot,area-52,96,warrior,fury,6,1,5
Deydradrene,illidan,96,warrior,fury,6,1,5
Fearlessdash,proudmoore,96,warrior,fury,6,1,5
Chóps,quelthalas,96,warrior,fury,6,1,5
Stungrunn,tichondrius,96,warrior,fury,6,1,5
Omnislash,proudmoore,96,warrior,fury,6,1,5
Alderr,frostmourne,96,warrior,fury,6,1,5
Déstrò,tichondrius,96,warrior,fury,6,1,5
Sweetred,windrunner,96,warrior,fury,6,1,5
Mafia,dalaran,96,warrior,fury,6,1,5
Jotar,goldrinn,96,warrior,fury,6,1,5
Laylowk,tichondrius,96,warrior,fury,6,1,5
Firewhiskey,dalaran,96,warrior,fury,6,1,5
Lungwar,tichondrius,96,warrior,fury,6,1,5
Vvengencezz,the-underbog,96,warrior,fury,6,1,5
Dabdaddyy,dawnbringer,96,warrior,fury,6,1,5
Ðanklord,tichondrius,96,warrior,fury,6,1,5
Alvitr,kelthuzad,96,warrior,fury,6,1,5
Kraevok,feathermoon,96,warrior,fury,6,1,5
Báhamut,area-52,96,warrior,fury,6,1,5
Bigcracka,illidan,96,warrior,fury,6,1,5
Augutra,moon-guard,96,warrior,fury,6,1,5
Girthyslaps,frostmourne,96,warrior,fury,6,1,5
Warrdawg,tichondrius,96,warrior,fury,6,1,5
Figork,tichondrius,96,warrior,fury,6,1,5
Goofier,area-52,96,warrior,fury,6,1,5
Play,dark-iron,96,warrior,fury,6,1,5
Rongwei,tichondrius,96,warrior,fury,6,1,5
Freakuency,lothar,96,warrior,fury,6,1,5
Shwizzyy,tichondrius,96,warrior,fury,6,1,5
Draann,kirin-tor,96,warrior,fury,6,1,5
Brookwood,moon-guard,96,warrior,fury,6,1,5
Xehm,tichondrius,96,warrior,fury,6,1,5
Thegalant,dalaran,96,warrior,fury,6,1,5
Xerinort,moon-guard,96,warrior,fury,6,1,5
Howuroll,stormrage,96,warrior,fury,6,1,5
Xiaohuzi,tichondrius,96,warrior,fury,6,1,5
Ustadbaba,area-52,96,warrior,fury,6,1,5
Gretokwar,emerald-dream,96,warrior,fury,6,1,5
Alassia,moon-guard,96,warrior,fury,6,1,5
Medkz,azralon,96,warrior,fury,6,1,5
Arkayla,moon-guard,96,warrior,fury,6,1,5
Riisewar,shadow-council,96,warrior,fury,6,1,5
Garrygarry,zuljin,96,warrior,fury,6,1,5
Dokoba,bleeding-hollow,96,warrior,fury,6,1,5
Blazingguard,stormrage,96,warrior,fury,6,1,5
Xut,moon-guard,96,warrior,fury,6,1,5
Broxar,area-52,96,warrior,fury,6,1,5
Quasi,tichondrius,96,warrior,fury,6,1,5
Zgs,proudmoore,96,warrior,fury,6,1,5
Warrbull,spirestone,96,warrior,fury,6,1,5
Srze,azralon,96,warrior,fury,6,1,5
Realslovak,jubeithos,96,warrior,fury,6,1,5
Loveføx,stormrage,96,warrior,fury,6,1,5
Zugjutsu,zuljin,96,warrior,fury,6,1,5
Bvngk,tichondrius,96,warrior,fury,6,1,5
Smashedem,tichondrius,96,warrior,fury,6,1,5
Hammertoez,thunderhorn,96,warrior,fury,6,1,5
Saltyundies,tichondrius,96,warrior,fury,6,1,5
Lawlstørm,stormrage,96,warrior,fury,6,1,5
Hypëriøn,bleeding-hollow,96,warrior,fury,6,1,5
Beserkqt,azralon,96,warrior,fury,6,1,5
ßlåde,lethon,96,warrior,fury,6,1,5
Novoc,tichondrius,96,warrior,fury,6,1,5
Bbyè,tichondrius,96,warrior,fury,6,1,5
Trén,hydraxis,96,warrior,fury,6,1,5
Nillor,emerald-dream,96,warrior,fury,6,1,5
Ravenxdawnx,tichondrius,96,warrior,fury,6,1,5
Magarrior,shadowsong,96,warrior,fury,6,1,5
Creøn,silvermoon,96,warrior,fury,6,1,5
Freanor,azralon,96,warrior,fury,6,1,5
Horabad,terenas,96,warrior,fury,6,1,5
Foxlair,tichondrius,96,warrior,fury,6,1,5
Fletçhér,sargeras,96,warrior,fury,7,1,6
Ballzindeep,tichondrius,96,warrior,fury,9,1,8
Leönhar,quelthalas,96,warrior,fury,9,1,8
Mawdryn,destromath,96,warrior,fury,12,1,11
Maaxdry,area-52,96,warrior,fury,12,1,11
Zaxari,gurubashi,96,warrior,fury,12,1,11
Mamalonic,ragnaros,96,warrior,fury,12,1,11
Facerollyou,blackrock,96,warrior,fury,12,1,11
Furyofbeans,area-52,96,warrior,fury,12,1,11
Sálty,caelestrasz,96,warrior,fury,12,1,11
Wtssap,ragnaros,79,warrior,fury,5,1,4
Bigslapz,aegwynn,79,warrior,fury,5,1,4
Gigglamesh,muradin,64,warrior,fury,4,1,3
Cremosö,azralon,64,warrior,fury,4,1,3
ßloodrayne,frostmourne,64,warrior,fury,4,1,3
Adonis,burning-blade,64,warrior,fury,10,1,9
Mohamad,uldaman,63,warrior,fury,2,2,0
Bashuuk,illidan,63,warrior,fury,2,2,0
Warmain,haomarush,48,warrior,fury,3,1,2
Itshag,illidan,48,warrior,fury,3,1,2
Bugsberserk,tichondrius,48,warrior,fury,3,1,2
Kirikash,illidan,42,warrior,fury,6,2,4
Ignios,quelthalas,42,warrior,fury,8,2,6
Snaxqt,tichondrius,42,warrior,fury,10,2,8
Ztg,tichondrius,42,warrior,fury,11,2,9
Spartaacus,windrunner,31,warrior,fury,2,1,1
Grouwarriar,azralon,31,warrior,fury,2,1,1
Khàzix,kelthuzad,31,warrior,fury,2,1,1
Vioar,hyjal,31,warrior,fury,2,1,1
Edrelang,bronzebeard,31,warrior,fury,2,1,1
Missaxe,ragnaros,16,warrior,fury,1,1,0
Zhanwudix,tichondrius,2310,warrior,arms,135,79,56
Kenstlols,tichondrius,2283,warrior,arms,66,48,18
Exzistance,area-52,2278,warrior,arms,145,80,65
Río,area-52,2248,warrior,arms,253,131,122
Isnlonely,tichondrius,2243,warrior,arms,78,45,33
Bajheera,sargeras,2227,warrior,arms,95,51,44
Recksus,tichondrius,2211,warrior,arms,224,131,93
Bpdpacient,illidan,2182,warrior,arms,84,62,22
Thiccbiscuit,area-52,2168,warrior,arms,133,67,66
Islonely,tichondrius,2160,warrior,arms,221,112,109
Killbørn,azralon,2153,warrior,arms,108,55,53
Récksus,tichondrius,2152,warrior,arms,104,60,44
Forakenna,dragonmaw,2150,warrior,arms,81,52,29
Toutie,tichondrius,2148,warrior,arms,132,74,58
Bigjbs,tichondrius,2148,warrior,arms,76,41,35
Turtleboy,feathermoon,2141,warrior,arms,79,45,34
Meowdaa,proudmoore,2137,warrior,arms,179,92,87
Todory,moon-guard,2137,warrior,arms,155,78,77
Ikkyuo,proudmoore,2136,warrior,arms,174,93,81
Ðêed,area-52,2135,warrior,arms,93,52,41
Icarryrats,tichondrius,2127,warrior,arms,129,69,60
Dpoy,tichondrius,2126,warrior,arms,126,63,63
Kraftyx,bleeding-hollow,2125,warrior,arms,72,44,28
Ssamök,ragnaros,2125,warrior,arms,329,168,161
Buckwar,zuljin,2121,warrior,arms,78,41,37
Foxxfighter,thrall,2119,warrior,arms,152,82,70
Foraken,dragonmaw,2117,warrior,arms,107,59,48
Huzha,tichondrius,2114,warrior,arms,117,64,53
Warried,sargeras,2113,warrior,arms,66,37,29
Tyranitar,proudmoore,2113,warrior,arms,90,50,40
Strife,sargeras,2112,warrior,arms,56,32,24
Icanfixher,moon-guard,2112,warrior,arms,1145,579,566
Menethíl,tichondrius,2110,warrior,arms,156,82,74
Überwältigen,thrall,2110,warrior,arms,87,44,43
Warrgodlol,illidan,2109,warrior,arms,81,41,40
Coldlòve,akama,2108,warrior,arms,108,55,53
Nitron,dawnbringer,2108,warrior,arms,89,45,44
Vituu,sargeras,2107,warrior,arms,110,57,53
Kalpok,tichondrius,2103,warrior,arms,148,81,67
ßallinjr,illidan,2103,warrior,arms,90,46,44
Nikomasked,kelthuzad,2100,warrior,arms,66,37,29
Azaks,drakkari,2099,warrior,arms,88,49,39
Schonkopf,moon-guard,2095,warrior,arms,102,52,50
Sharpen,tichondrius,2095,warrior,arms,102,47,55
Marsshine,tichondrius,2092,warrior,arms,149,75,74
Lyrics,tichondrius,2075,warrior,arms,126,66,60
Rflexxo,tichondrius,2063,warrior,arms,132,72,60
Iløveaysla,azralon,2050,warrior,arms,108,54,54
Hoboeddtwo,area-52,2048,warrior,arms,100,63,37
Salgadoryan,stormrage,2047,warrior,arms,232,118,114
Exespamtwo,area-52,2045,warrior,arms,212,115,97
Vø,agamaggan,2042,warrior,arms,219,111,108
Bighamm,tichondrius,2037,warrior,arms,77,46,31
Moxxyy,tichondrius,2036,warrior,arms,90,50,40
Blackpinkx,tichondrius,2034,warrior,arms,66,34,32
Ironbad,sargeras,2033,warrior,arms,146,78,68
Orclog,illidan,2033,warrior,arms,72,37,35
Ddaÿ,tichondrius,2030,warrior,arms,228,113,115
Jonathann,suramar,2027,warrior,arms,240,126,114
Kydrav,khadgar,2017,warrior,arms,64,36,28
Gyracide,area-52,2016,warrior,arms,107,52,55
Huuzha,tichondrius,2014,warrior,arms,149,79,70
Og,shattered-hand,2012,warrior,arms,101,56,45
Kimchikick,tichondrius,2008,warrior,arms,294,152,142
Blackpînk,tichondrius,2002,warrior,arms,130,68,62
Archosaurs,illidan,2002,warrior,arms,289,147,142
Abswar,tichondrius,2000,warrior,arms,233,127,106
Yeawen,tichondrius,1999,warrior,arms,72,37,35
Camloops,tichondrius,1986,warrior,arms,94,64,30
Arivok,hyjal,1986,warrior,arms,316,162,154
Wutainx,tichondrius,1984,warrior,arms,60,33,27
Kfcvivofifty,tichondrius,1981,warrior,arms,161,88,73
Ochinching,tichondrius,1980,warrior,arms,101,51,50
Ruinenlust,zuljin,1979,warrior,arms,276,138,138
Hoobaz,area-52,1977,warrior,arms,69,35,34
Dreamonn,illidan,1972,warrior,arms,85,38,47
Magnuszx,zuljin,1969,warrior,arms,48,29,19
Eqztw,tichondrius,1968,warrior,arms,209,123,86
Razw,frostmourne,1968,warrior,arms,72,42,30
Pdbq,tichondrius,1968,warrior,arms,114,59,55
Massacretko,area-52,1963,warrior,arms,94,53,41
Grantlol,illidan,1961,warrior,arms,102,55,47
Leoneceo,azralon,1960,warrior,arms,143,85,58
Sick,azralon,1960,warrior,arms,118,57,61
Kiggs,tichondrius,1959,warrior,arms,71,38,33
Jehocc,tichondrius,1957,warrior,arms,122,61,61
Bhaldur,sargeras,1955,warrior,arms,272,144,128
Wulouzhan,tichondrius,1954,warrior,arms,251,139,112
Hiness,tichondrius,1954,warrior,arms,246,127,119
Orangesoda,tichondrius,1948,warrior,arms,60,35,25
Belàriá,tichondrius,1948,warrior,arms,66,36,30
Perfs,bleeding-hollow,1948,warrior,arms,138,69,69
Executeqt,azralon,1946,warrior,arms,201,111,90
Nuqipq,tichondrius,1944,warrior,arms,237,118,119
Szw,tichondrius,1943,warrior,arms,346,190,156
Bigdaddyxo,whisperwind,1943,warrior,arms,83,42,41
Grayview,sargeras,1941,warrior,arms,110,62,48
Yermalx,tichondrius,1941,warrior,arms,54,30,24
Ricorecklezz,korgath,1941,warrior,arms,72,33,39
Luxenusz,tichondrius,1939,warrior,arms,120,61,59
Dawx,thrall,1939,warrior,arms,95,48,47
Arthurjlol,tichondrius,1939,warrior,arms,147,67,80
Samuluo,tichondrius,1937,warrior,arms,108,54,54
Bacchanal,illidan,1937,warrior,arms,263,131,132
Bigladmike,sargeras,1937,warrior,arms,90,40,50
Ðìbs,moon-guard,1936,warrior,arms,77,39,38
Yamadaflash,tichondrius,1935,warrior,arms,79,40,39
Killborn,tichondrius,1935,warrior,arms,293,141,152
Zuckexe,illidan,1934,warrior,arms,82,47,35
Loosz,stormrage,1934,warrior,arms,54,26,28
Ignid,tichondrius,1934,warrior,arms,144,69,75
Fanglerondz,area-52,1932,warrior,arms,53,28,25
Huugg,skullcrusher,1931,warrior,arms,223,116,107
Randydanger,illidan,1931,warrior,arms,72,37,35
Dawxbull,thrall,1930,warrior,arms,65,34,31
Yermalt,tichondrius,1928,warrior,arms,92,48,44
Wheyprotein,illidan,1928,warrior,arms,60,31,29
Sowavey,korgath,1928,warrior,arms,42,21,21
Wtssap,ragnaros,1926,warrior,arms,84,43,41
Hookahboss,area-52,1923,warrior,arms,70,36,34
Dackøzzt,quelthalas,1922,warrior,arms,54,26,28
Klingensturm,thrall,1921,warrior,arms,43,28,15
Ushouldnome,tichondrius,1921,warrior,arms,72,40,32
Tigima,tichondrius,1920,warrior,arms,108,54,54
Boblennon,tichondrius,1920,warrior,arms,118,50,68
Paoxiaoevs,tichondrius,1919,warrior,arms,59,32,27
Mítos,quelthalas,1919,warrior,arms,227,116,111
Smorc,stormrage,1917,warrior,arms,60,31,29
Indominate,tichondrius,1916,warrior,arms,222,116,106
Nänchobo,tichondrius,1915,warrior,arms,122,62,60
Jurojin,tichondrius,1914,warrior,arms,53,28,25
Anautumnday,tichondrius,1914,warrior,arms,78,38,40
Bussupshut,kelthuzad,1912,warrior,arms,100,51,49
Elsamok,ragnaros,1912,warrior,arms,64,31,33
Kruma,stormscale,1910,warrior,arms,61,32,29
Yamatoflash,tichondrius,1909,warrior,arms,142,70,72
Leans,sargeras,1908,warrior,arms,212,108,104
Tokugawaieya,nemesis,1908,warrior,arms,167,84,83
Thugdorr,sargeras,1908,warrior,arms,82,40,42
Invinciblé,tichondrius,1906,warrior,arms,48,27,21
Solastro,malganis,1906,warrior,arms,74,35,39
Hateuu,tichondrius,1905,warrior,arms,118,63,55
Shadowstingg,tichondrius,1905,warrior,arms,113,49,64
Drdalidou,zuljin,1904,warrior,arms,81,39,42
Painqt,area-52,1903,warrior,arms,24,20,4
Magicalol,tichondrius,1903,warrior,arms,108,57,51
Edgarllama,sargeras,1903,warrior,arms,159,77,82
Kylewalker,tichondrius,1900,warrior,arms,107,47,60
Meccsecute,tichondrius,1899,warrior,arms,193,102,91
Everfury,tichondrius,1899,warrior,arms,272,136,136
Hoboedd,area-52,1898,warrior,arms,160,78,82
Demetor,skywall,1897,warrior,arms,59,30,29
Cloudxxy,kiljaeden,1896,warrior,arms,105,52,53
Sunamys,illidan,1894,warrior,arms,66,31,35
Lícketysplít,ysondre,1892,warrior,arms,64,34,30
Invalidoath,tichondrius,1892,warrior,arms,105,51,54
Longzhan,tichondrius,1891,warrior,arms,168,83,85
Joshiguy,area-52,1889,warrior,arms,78,36,42
Etchiasoko,gurubashi,1888,warrior,arms,48,33,15
Darrowshire,moon-guard,1888,warrior,arms,47,28,19
Crushedlol,bleeding-hollow,1887,warrior,arms,66,33,33
Roughknuckle,kelthuzad,1886,warrior,arms,95,48,47
Betterthanu,azralon,1885,warrior,arms,174,91,83
Exëqt,nemesis,1884,warrior,arms,162,82,80
Ttvdjrio,area-52,1883,warrior,arms,36,22,14
Fleegugeegu,malganis,1883,warrior,arms,144,74,70
Salthouse,sargeras,1882,warrior,arms,48,29,19
Vatix,sargeras,1882,warrior,arms,56,31,25
Comehnrfce,illidan,1882,warrior,arms,224,109,115
Ggtk,tichondrius,1880,warrior,arms,72,33,39
Nanchobo,tichondrius,1879,warrior,arms,96,47,49
Falindrah,moon-guard,1877,warrior,arms,86,40,46
Goonassassin,tichondrius,1875,warrior,arms,88,46,42
Destrey,emerald-dream,1874,warrior,arms,84,46,38
Gorek,illidan,1874,warrior,arms,60,30,30
Chimbrila,azralon,1874,warrior,arms,149,74,75
Matesan,jubeithos,1873,warrior,arms,60,34,26
Bigdad,whisperwind,1873,warrior,arms,66,36,30
Jimjinjin,tichondrius,1873,warrior,arms,129,70,59
Legday,stormrage,1872,warrior,arms,66,28,38
Kamoo,bonechewer,1871,warrior,arms,54,30,24
Strongbaby,tichondrius,1871,warrior,arms,114,59,55
Hildemir,tichondrius,1868,warrior,arms,148,83,65
Míasma,ragnaros,1868,warrior,arms,126,55,71
Seblledo,drakkari,1867,warrior,arms,48,25,23
Anti,nerzhul,1867,warrior,arms,213,101,112
Fixafflock,bleeding-hollow,1866,warrior,arms,196,111,85
Mecc,tichondrius,1866,warrior,arms,143,73,70
Abbastanza,tichondrius,1865,warrior,arms,115,56,59
Tyránny,stormrage,1864,warrior,arms,71,35,36
Chupelo,tichondrius,1863,warrior,arms,54,46,8
Trezturbo,tichondrius,1863,warrior,arms,248,127,121
Belàrià,tichondrius,1862,warrior,arms,125,66,59
Bùbbájr,emerald-dream,1861,warrior,arms,86,39,47
Trapbois,tichondrius,1860,warrior,arms,78,51,27
Natating,terenas,1860,warrior,arms,54,32,22
Venturexone,azralon,1860,warrior,arms,54,31,23
Ramparts,moon-guard,1859,warrior,arms,123,64,59
Killimanjaro,aggramar,1859,warrior,arms,130,66,64
Wutains,tichondrius,1858,warrior,arms,71,36,35
Vicioustalol,proudmoore,1857,warrior,arms,86,50,36
Seblleddo,drakkari,1857,warrior,arms,72,38,34
Cutgirl,quelthalas,1856,warrior,arms,163,79,84
Sponsored,argent-dawn,1856,warrior,arms,77,36,41
Pooshshi,illidan,1855,warrior,arms,60,29,31
Rólex,tichondrius,1854,warrior,arms,105,50,55
Evnine,illidan,1853,warrior,arms,39,29,10
Bakadoom,illidan,1853,warrior,arms,90,53,37
Montibello,moon-guard,1853,warrior,arms,330,173,157
Mynameyaff,tichondrius,1852,warrior,arms,199,115,84
Vengewoyer,zuljin,1852,warrior,arms,81,44,37
Krunnknator,azralon,1851,warrior,arms,53,28,25
Mercystaling,tichondrius,1851,warrior,arms,54,28,26
Baultenaz,draenor,1850,warrior,arms,53,32,21
Evach,kelthuzad,1850,warrior,arms,100,54,46
Goodlikeplay,ragnaros,1849,warrior,arms,60,34,26
Warbeshar,area-52,1849,warrior,arms,165,86,79
Rynrak,tichondrius,1848,warrior,arms,171,90,81
Ginthril,magtheridon,1847,warrior,arms,218,116,102
Jikith,proudmoore,1847,warrior,arms,48,23,25
Bigbadbaka,thaurissan,1847,warrior,arms,78,36,42
Icon,tichondrius,1846,warrior,arms,46,35,11
Aavyrre,moon-guard,1846,warrior,arms,66,38,28
Niubzs,tichondrius,1846,warrior,arms,95,51,44
Blozar,illidan,1846,warrior,arms,60,30,30
Malice,frostmourne,1846,warrior,arms,292,145,147
Gormag,sargeras,1845,warrior,arms,66,35,31
Battousai,kiljaeden,1844,warrior,arms,54,27,27
Bladebuster,stormrage,1843,warrior,arms,66,36,30
Vascoes,alleria,1843,warrior,arms,215,117,98
Dabaojiàn,illidan,1843,warrior,arms,45,23,22
Raime,sargeras,1843,warrior,arms,75,36,39
Pipedoctor,kelthuzad,1842,warrior,arms,60,32,28
Bigbait,hyjal,1841,warrior,arms,125,59,66
Gryffith,bleeding-hollow,1841,warrior,arms,87,40,47
Ramzeé,kelthuzad,1840,warrior,arms,130,81,49
Mixx,bleeding-hollow,1840,warrior,arms,48,26,22
Stáclin,ragnaros,1840,warrior,arms,833,439,394
Spìke,thrall,1840,warrior,arms,245,122,123
Narwhål,tichondrius,1840,warrior,arms,90,44,46
Franticlol,tichondrius,1840,warrior,arms,121,59,62
Bromro,tichondrius,1839,warrior,arms,232,121,111
Creamcorn,bleeding-hollow,1839,warrior,arms,121,63,58
Nativê,sargeras,1839,warrior,arms,131,64,67
Draus,nemesis,1838,warrior,arms,119,67,52
Thlam,muradin,1838,warrior,arms,186,99,87
Sharer,tichondrius,1838,warrior,arms,150,78,72
Ânticide,darkspear,1838,warrior,arms,84,43,41
Sziw,tichondrius,1838,warrior,arms,417,210,207
Dishonorkill,dentarg,1837,warrior,arms,61,36,25
Møcat,illidan,1837,warrior,arms,96,56,40
Adaana,kargath,1836,warrior,arms,119,70,49
Gordofofo,azralon,1836,warrior,arms,122,71,51
Imuti,illidan,1836,warrior,arms,102,54,48
Wootzu,zuljin,1836,warrior,arms,60,29,31
Tuggernaut,khadgar,1835,warrior,arms,54,28,26
Metal,ragnaros,1835,warrior,arms,78,40,38
Cammerz,area-52,1835,warrior,arms,282,139,143
Croc,frostmourne,1834,warrior,arms,32,21,11
Peinx,ragnaros,1834,warrior,arms,83,44,39
Yossarrion,frostwolf,1833,warrior,arms,48,25,23
Necroticism,bleeding-hollow,1832,warrior,arms,60,30,30
Brilliance,suramar,1832,warrior,arms,60,30,30
Ælilblessedñ,azralon,1832,warrior,arms,249,124,125
Zindalari,frostmourne,1832,warrior,arms,337,166,171
Frëdsmite,kelthuzad,1831,warrior,arms,144,77,67
Zira,thrall,1831,warrior,arms,133,69,64
Sukonamí,draka,1831,warrior,arms,78,40,38
Anukhos,emerald-dream,1829,warrior,arms,60,31,29
Damage,malganis,1829,warrior,arms,48,23,25
Skolltonxoxo,tichondrius,1828,warrior,arms,72,37,35
Elpappa,tichondrius,1827,warrior,arms,48,42,6
Catwar,tichondrius,1827,warrior,arms,78,47,31
Krokü,area-52,1827,warrior,arms,96,54,42
Sanquelme,ragnaros,1827,warrior,arms,63,32,31
Broxigore,nerzhul,1827,warrior,arms,156,74,82
Paoxiaolol,tichondrius,1826,warrior,arms,103,60,43
Blaíze,ragnaros,1826,warrior,arms,44,24,20
Termana,azjolnerub,1826,warrior,arms,60,32,28
Tryhardr,sargeras,1826,warrior,arms,326,166,160
Tankypandazd,stormrage,1826,warrior,arms,335,163,172
Rebied,ragnaros,1826,warrior,arms,96,43,53
Irascible,stormrage,1826,warrior,arms,72,31,41
Ciz,emerald-dream,1825,warrior,arms,70,38,32
Warriorbloo,sargeras,1825,warrior,arms,72,39,33
Sandycrack,blackrock,1825,warrior,arms,60,30,30
Threg,malganis,1824,warrior,arms,42,21,21
Scoopdog,stormrage,1824,warrior,arms,59,29,30
Këther,tichondrius,1824,warrior,arms,90,43,47
Calthi,moon-guard,1823,warrior,arms,125,75,50
Coby,wildhammer,1823,warrior,arms,65,36,29
Samwolok,tichondrius,1823,warrior,arms,42,22,20
Nànchobo,tichondrius,1823,warrior,arms,136,66,70
Ksharer,tichondrius,1823,warrior,arms,95,45,50
Cyster,proudmoore,1822,warrior,arms,42,24,18
Vegies,emerald-dream,1822,warrior,arms,94,51,43
Soultarius,area-52,1822,warrior,arms,69,36,33
Kurï,duskwood,1822,warrior,arms,51,24,27
Edgárllama,sargeras,1821,warrior,arms,50,28,22
Tigris,nesingwary,1821,warrior,arms,54,30,24
Ironboar,proudmoore,1821,warrior,arms,174,88,86
Hbrandy,tichondrius,1820,warrior,arms,130,67,63
Aggnilia,proudmoore,1820,warrior,arms,102,50,52
Honock,ragnaros,1820,warrior,arms,72,34,38
Boomergodx,stormrage,1819,warrior,arms,96,56,40
Ashtonx,sargeras,1819,warrior,arms,168,87,81
Madwolf,tichondrius,1819,warrior,arms,133,65,68
Soyu,tichondrius,1819,warrior,arms,59,26,33
Badboyjan,tichondrius,1818,warrior,arms,30,19,11
Nilah,tichondrius,1818,warrior,arms,46,26,20
Polydopam,tichondrius,1818,warrior,arms,208,108,100
Iwillcrushyo,darkspear,1818,warrior,arms,90,46,44
Nozmok,proudmoore,1818,warrior,arms,71,36,35
Lvlthreemage,fizzcrank,1818,warrior,arms,264,133,131
Zankets,area-52,1818,warrior,arms,171,82,89
Blakeb,area-52,1817,warrior,arms,60,36,24
Okita,bleeding-hollow,1817,warrior,arms,124,65,59
Aqee,illidan,1816,warrior,arms,133,91,42
Smashxx,moon-guard,1816,warrior,arms,95,55,40
Deadhate,sargeras,1816,warrior,arms,54,28,26
Zanjaro,thrall,1816,warrior,arms,280,141,139
Missrend,hyjal,1816,warrior,arms,114,57,57
Berzek,area-52,1816,warrior,arms,59,23,36
Tmhinfen,tichondrius,1815,warrior,arms,52,34,18
ßloodshed,frostmourne,1815,warrior,arms,97,58,39
Picarus,thunderhorn,1815,warrior,arms,72,40,32
Mantrà,skullcrusher,1815,warrior,arms,48,26,22
Warney,tichondrius,1815,warrior,arms,65,35,30
Destram,kelthuzad,1815,warrior,arms,107,57,50
Fallenguardx,sargeras,1814,warrior,arms,60,39,21
Boxxyy,tichondrius,1814,warrior,arms,36,19,17
Chakø,tichondrius,1814,warrior,arms,167,87,80
Mäddôx,tichondrius,1814,warrior,arms,126,60,66
Ruzoc,frostmourne,1814,warrior,arms,213,100,113
Sezariùs,darkspear,1813,warrior,arms,61,42,19
Elimination,tichondrius,1813,warrior,arms,41,27,14
Doominus,tichondrius,1813,warrior,arms,48,23,25
Wartrué,tichondrius,1813,warrior,arms,259,120,139
Onebraincell,stormrage,1811,warrior,arms,48,34,14
Glocç,sargeras,1811,warrior,arms,112,59,53
Kigame,tichondrius,1811,warrior,arms,149,78,71
Knuklez,tichondrius,1811,warrior,arms,64,33,31
Vergerak,tichondrius,1811,warrior,arms,58,29,29
Darkduet,tichondrius,1811,warrior,arms,76,36,40
Kaimedran,moon-guard,1810,warrior,arms,48,30,18
Kriloth,frostmourne,1810,warrior,arms,50,30,20
Ppdub,zuljin,1810,warrior,arms,44,26,18
Lebanesemvp,tichondrius,1810,warrior,arms,213,109,104
Ürürææae,sargeras,1810,warrior,arms,189,94,95
Rookìe,illidan,1809,warrior,arms,143,79,64
Flexìn,tichondrius,1809,warrior,arms,90,45,45
Beanstrom,tichondrius,1809,warrior,arms,65,30,35
Kazynn,tichondrius,1808,warrior,arms,45,30,15
Kahn,andorhal,1808,warrior,arms,48,27,21
Crowsfall,aggramar,1808,warrior,arms,274,144,130
Smokes,sargeras,1808,warrior,arms,144,73,71
Spartus,kelthuzad,1808,warrior,arms,78,32,46
Zarrdune,darkspear,1807,warrior,arms,45,32,13
Crøm,tichondrius,1807,warrior,arms,48,29,19
Velicah,stormrage,1807,warrior,arms,86,47,39
Dangerousd,kiljaeden,1807,warrior,arms,79,39,40
Drashka,ragnaros,1806,warrior,arms,36,23,13
Bbyè,tichondrius,1806,warrior,arms,318,168,150
Turecw,illidan,1806,warrior,arms,42,22,20
Crysis,malorne,1806,warrior,arms,96,49,47
Grômm,tichondrius,1806,warrior,arms,89,42,47
Bradockqt,azralon,1806,warrior,arms,60,28,32
Paddyj,illidan,1805,warrior,arms,122,74,48
Daddyßigßeef,malganis,1805,warrior,arms,73,44,29
Mildlol,tichondrius,1805,warrior,arms,52,30,22
Sickwidit,kiljaeden,1805,warrior,arms,49,28,21
Noblewinter,sargeras,1805,warrior,arms,36,19,17
Tenskj,proudmoore,1805,warrior,arms,57,30,27
Marvachi,moon-guard,1805,warrior,arms,290,151,139
Qingmei,illidan,1805,warrior,arms,236,119,117
Swillzz,illidan,1805,warrior,arms,48,22,26
Anukhar,emerald-dream,1803,warrior,arms,195,108,87
Benkenobi,khaz-modan,1803,warrior,arms,47,25,22
Asstastic,bonechewer,1803,warrior,arms,160,77,83
Masumura,kaelthas,1803,warrior,arms,86,40,46
Storminshock,malganis,1802,warrior,arms,81,46,35
Lôwkeyfix,illidan,1802,warrior,arms,174,89,85
Illing,tichondrius,1801,warrior,arms,336,178,158
Rexqq,zuljin,1801,warrior,arms,42,22,20
Hìm,tichondrius,1801,warrior,arms,54,28,26
Nipnipz,kelthuzad,1801,warrior,arms,338,172,166
Xdiarrhea,darkspear,1801,warrior,arms,146,74,72
Yagura,emerald-dream,1801,warrior,arms,76,37,39
Pezy,frostmourne,1801,warrior,arms,126,60,66
Pacow,illidan,1800,warrior,arms,77,46,31
Unhòólyshy,ragnaros,1799,warrior,arms,120,67,53
Jokerkxs,tichondrius,1799,warrior,arms,59,31,28
Kustybuckets,korgath,1798,warrior,arms,46,27,19
Utxpia,azralon,1798,warrior,arms,71,34,37
Laddèrx,area-52,1797,warrior,arms,95,47,48
Rageroidz,area-52,1796,warrior,arms,151,76,75
Dadslapper,illidan,1795,warrior,arms,33,23,10
Xwoyer,malganis,1793,warrior,arms,142,77,65
Swifty,anvilmar,1792,warrior,arms,36,21,15
Hoodrch,azralon,1792,warrior,arms,204,105,99
Zapatín,quelthalas,1792,warrior,arms,85,38,47
Tmjakeful,area-52,1789,warrior,arms,82,45,37
Dabdaddyy,dawnbringer,1789,warrior,arms,204,100,104
Melifehorde,tichondrius,1787,warrior,arms,48,25,23
Bigglyjoobs,tichondrius,1787,warrior,arms,78,38,40
Baitson,hyjal,1787,warrior,arms,103,48,55
Yonkerss,garrosh,1785,warrior,arms,101,55,46
Veilsidewar,kelthuzad,1784,warrior,arms,471,242,229
Xiaoyujin,proudmoore,1784,warrior,arms,198,99,99
Alëwar,quelthalas,1784,warrior,arms,172,86,86
Staystrong,tichondrius,1783,warrior,arms,78,53,25
Mezdrì,quelthalas,1783,warrior,arms,84,51,33
Gohrgroc,quelthalas,1783,warrior,arms,72,41,31
Robodad,illidan,1783,warrior,arms,69,38,31
Dablao,tichondrius,1783,warrior,arms,119,53,66
Nithix,sargeras,1782,warrior,arms,46,26,20
Bonclay,nerzhul,1782,warrior,arms,42,19,23
Ígnatius,malganis,1781,warrior,arms,48,31,17
Einnarr,tichondrius,1781,warrior,arms,37,22,15
Bddg,tichondrius,1781,warrior,arms,142,77,65
Helrise,sargeras,1781,warrior,arms,84,41,43
Slaten,barthilas,1780,warrior,arms,149,77,72
Bloodbath,kiljaeden,1779,warrior,arms,53,28,25
Soultarius,sargeras,1779,warrior,arms,57,24,33
Tatsuujin,sargeras,1778,warrior,arms,310,162,148
Americanbull,moon-guard,1777,warrior,arms,84,40,44
Facefïster,malganis,1775,warrior,arms,137,69,68
Dissector,ragnaros,1774,warrior,arms,120,56,64
Debbie,bleeding-hollow,1773,warrior,arms,130,63,67
Undefied,moon-guard,1772,warrior,arms,51,29,22
Tankomode,area-52,1771,warrior,arms,48,22,26
Zhangye,tichondrius,1770,warrior,arms,84,37,47
Jgillz,sargeras,1769,warrior,arms,126,61,65
Warginger,malygos,1767,warrior,arms,65,36,29
Purrava,tichondrius,1766,warrior,arms,82,44,38
Hanzmat,illidan,1766,warrior,arms,119,56,63
Notmagnusz,zuljin,1764,warrior,arms,42,20,22
Kâdé,malganis,1763,warrior,arms,52,28,24
Rageroidz,sargeras,1763,warrior,arms,54,27,27
Barrbarossa,stormrage,1763,warrior,arms,459,227,232
Tehfury,area-52,1763,warrior,arms,57,26,31
Uneasyw,tichondrius,1762,warrior,arms,95,48,47
Pkkcrisis,archimonde,1762,warrior,arms,96,43,53
Phabian,frostmourne,1761,warrior,arms,53,28,25
Rogôsh,tichondrius,1759,warrior,arms,72,29,43
Marchdream,tichondrius,1758,warrior,arms,72,38,34
Nuvola,tichondrius,1758,warrior,arms,114,59,55
Jadeemerald,kelthuzad,1757,warrior,arms,188,93,95
Heylol,blackhand,1757,warrior,arms,122,57,65
Akrono,sargeras,1757,warrior,arms,84,35,49
Geubsalx,tichondrius,1753,warrior,arms,42,29,13
Killbórn,azralon,1753,warrior,arms,36,24,12
Cugij,frostmourne,1753,warrior,arms,54,27,27
Yueren,tichondrius,1753,warrior,arms,168,75,93
Vvarríør,tichondrius,1751,warrior,arms,236,129,107
Zugprime,dragonmaw,1751,warrior,arms,63,34,29
Nïcowo,ragnaros,1751,warrior,arms,182,90,92
Sherrywalken,azralon,1750,warrior,arms,247,129,118
Gbar,azralon,1750,warrior,arms,94,47,47
Sgtquad,illidan,1750,warrior,arms,80,40,40
Dalan,korgath,1749,warrior,arms,84,46,38
Dukà,hyjal,1748,warrior,arms,114,66,48
Støne,draktharon,1748,warrior,arms,140,73,67
Noodlezz,moon-guard,1748,warrior,arms,255,125,130
Kames,garrosh,1748,warrior,arms,196,96,100
Cgelangdula,tichondrius,1748,warrior,arms,84,41,43
Zaÿne,moon-guard,1747,warrior,arms,99,49,50
Jeyvil,stormrage,1745,warrior,arms,76,35,41
Kurodia,quelthalas,1744,warrior,arms,102,44,58
Tùngrâu,frostmourne,1743,warrior,arms,240,122,118
Madblackcat,illidan,1743,warrior,arms,125,62,63
Misakizs,illidan,1743,warrior,arms,91,39,52
Andeadw,tichondrius,1740,warrior,arms,39,25,14
Purplepiper,ragnaros,1740,warrior,arms,55,30,25
Dogmar,staghelm,1740,warrior,arms,122,60,62
Brahmo,kelthuzad,1739,warrior,arms,84,43,41
Sulze,tichondrius,1738,warrior,arms,560,282,278
Bøek,area-52,1738,warrior,arms,230,114,116
Beanbags,zangarmarsh,1738,warrior,arms,102,49,53
Warkingx,tichondrius,1737,warrior,arms,42,21,21
Rocketbom,tichondrius,1737,warrior,arms,59,28,31
Bruze,hellscream,1736,warrior,arms,42,23,19
Thuykieu,barthilas,1736,warrior,arms,84,42,42
Maktarax,zuljin,1736,warrior,arms,64,30,34
Majinnox,wyrmrest-accord,1736,warrior,arms,87,40,47
Hanadaddy,frostmourne,1735,warrior,arms,549,282,267
Rafheeki,tichondrius,1735,warrior,arms,108,54,54
Nighthellrtv,stormrage,1734,warrior,arms,54,34,20
Cushman,tichondrius,1734,warrior,arms,246,129,117
Darkirondork,bleeding-hollow,1734,warrior,arms,126,63,63
Sseobeon,tichondrius,1733,warrior,arms,40,21,19
Garrmash,hyjal,1733,warrior,arms,277,144,133
Garysmalls,kelthuzad,1733,warrior,arms,60,31,29
Partyx,tichondrius,1733,warrior,arms,324,166,158
Dokgö,tichondrius,1733,warrior,arms,220,112,108
Wartrue,tichondrius,1733,warrior,arms,252,124,128
Pusspeepers,kelthuzad,1733,warrior,arms,45,21,24
Nightheller,stormrage,1733,warrior,arms,78,33,45
Andorane,bleeding-hollow,1732,warrior,arms,50,27,23
Bahlahkay,proudmoore,1732,warrior,arms,72,31,41
Locorion,zuljin,1731,warrior,arms,72,36,36
Paletona,emerald-dream,1731,warrior,arms,91,39,52
Genghiz,azralon,1727,warrior,arms,78,43,35
Mitigated,bleeding-hollow,1727,warrior,arms,60,30,30
Jdubz,frostmourne,1727,warrior,arms,126,60,66
Battlestance,shadowsong,1727,warrior,arms,101,46,55
Chaytin,bleeding-hollow,1726,warrior,arms,127,65,62
Ollena,wyrmrest-accord,1726,warrior,arms,129,63,66
Doublezuglol,tichondrius,1725,warrior,arms,366,185,181
Okanos,tichondrius,1725,warrior,arms,83,40,43
Nyloras,illidan,1724,warrior,arms,81,35,46
Ciskokido,illidan,1723,warrior,arms,267,137,130
Relerocker,area-52,1722,warrior,arms,107,56,51
Swìll,illidan,1722,warrior,arms,36,18,18
Tutifrutiø,azralon,1722,warrior,arms,114,51,63
Raves,quelthalas,1721,warrior,arms,254,131,123
Itsfall,tichondrius,1721,warrior,arms,42,21,21
Crownzz,tichondrius,1721,warrior,arms,36,18,18
Zastrow,dalaran,1721,warrior,arms,124,55,69
Tiredkev,tichondrius,1720,warrior,arms,136,70,66
Brendanshwab,bleeding-hollow,1720,warrior,arms,95,46,49
Swordborne,moon-guard,1720,warrior,arms,100,46,54
Sparts,area-52,1719,warrior,arms,89,50,39
Exorbit,sargeras,1719,warrior,arms,123,66,57
Soloqandy,moon-guard,1718,warrior,arms,78,33,45
Afrikunt,tichondrius,1717,warrior,arms,72,38,34
Arixos,frostmourne,1715,warrior,arms,54,31,23
Cåfe,tichondrius,1715,warrior,arms,167,90,77
Codyjones,illidan,1715,warrior,arms,47,25,22
Omnïslash,tichondrius,1715,warrior,arms,69,33,36
Basedaf,frostmourne,1713,warrior,arms,84,45,39
Bmo,chogall,1713,warrior,arms,206,105,101
Ogrelurd,malygos,1713,warrior,arms,48,24,24
Willcharge,tichondrius,1713,warrior,arms,92,35,57
Sindevelor,tichondrius,1711,warrior,arms,101,57,44
Slamuëladams,bleeding-hollow,1709,warrior,arms,60,27,33
Kralo,moon-guard,1708,warrior,arms,81,42,39
Smashies,kelthuzad,1708,warrior,arms,53,27,26
Tatërs,zuljin,1708,warrior,arms,72,36,36
Undeadbones,firetree,1708,warrior,arms,36,18,18
Gannïcûs,drakkari,1708,warrior,arms,130,63,67
Gromkhor,tichondrius,1708,warrior,arms,72,30,42
Unkultom,stormrage,1707,warrior,arms,111,65,46
Blaiize,ragnaros,1707,warrior,arms,66,26,40
Infernae,emerald-dream,1706,warrior,arms,108,62,46
Mõgorrin,area-52,1706,warrior,arms,96,51,45
Ðíablø,tichondrius,1705,warrior,arms,146,78,68
Endstorm,proudmoore,1705,warrior,arms,108,52,56
Furyslam,tichondrius,1705,warrior,arms,77,30,47
Meziaus,stormrage,1704,warrior,arms,42,23,19
Nerdstompêr,illidan,1703,warrior,arms,172,88,84
Wolfsbanne,khadgar,1702,warrior,arms,213,114,99
Uzza,stormrage,1702,warrior,arms,150,74,76
Gomachi,moon-guard,1702,warrior,arms,148,70,78
Fulreck,tichondrius,1701,warrior,arms,42,23,19
Franziskaner,frostmourne,1701,warrior,arms,263,129,134
Michaelrossx,bloodhoof,1700,warrior,arms,417,214,203
Kroni,ragnaros,1700,warrior,arms,82,37,45
Thrator,wyrmrest-accord,1699,warrior,arms,42,23,19
Golem,frostmourne,1699,warrior,arms,99,51,48
Lunartime,sargeras,1699,warrior,arms,241,123,118
Yiplaw,stormrage,1699,warrior,arms,52,26,26
Nuccî,azralon,1699,warrior,arms,140,66,74
Shrikewing,moon-guard,1698,warrior,arms,130,78,52
Ammeh,draka,1698,warrior,arms,60,34,26
Mantistabogn,zuluhed,1698,warrior,arms,88,45,43
Brøly,sargeras,1697,warrior,arms,90,42,48
Dulapamore,tichondrius,1696,warrior,arms,67,34,33
Lanlorash,barthilas,1696,warrior,arms,36,18,18
Vadio,area-52,1695,warrior,arms,135,64,71
Lostsummer,frostmourne,1694,warrior,arms,117,60,57
Spiritz,illidan,1693,warrior,arms,54,28,26
Wolfcultist,moon-guard,1693,warrior,arms,78,35,43
Vainamóinen,kelthuzad,1692,warrior,arms,30,18,12
Dollfacelol,bleeding-hollow,1692,warrior,arms,42,23,19
Microraccoon,tichondrius,1692,warrior,arms,44,24,20
Painsoul,illidan,1692,warrior,arms,119,62,57
Xtrachrome,stormrage,1691,warrior,arms,42,24,18
Mortalchop,tichondrius,1690,warrior,arms,42,23,19
Zenrrei,ragnaros,1690,warrior,arms,280,148,132
Amberlym,ragnaros,1690,warrior,arms,136,70,66
Bozzy,illidan,1690,warrior,arms,77,34,43
Kenshín,ragnaros,1689,warrior,arms,263,132,131
Ådderall,thrall,1688,warrior,arms,135,71,64
Rocta,tichondrius,1688,warrior,arms,158,83,75
Azeryan,azralon,1688,warrior,arms,167,83,84
Kilgorath,area-52,1688,warrior,arms,90,42,48
Wartruë,tichondrius,1687,warrior,arms,478,245,233
Warfuse,illidan,1687,warrior,arms,138,67,71
Jwz,tichondrius,1687,warrior,arms,54,24,30
Ikitee,zuljin,1686,warrior,arms,48,29,19
Raph,barthilas,1686,warrior,arms,42,25,17
Rinima,tichondrius,1686,warrior,arms,45,24,21
Faronstompz,sargeras,1685,warrior,arms,36,18,18
Ragemane,illidan,1685,warrior,arms,57,28,29
Zacharyx,tichondrius,1685,warrior,arms,489,237,252
Sosimi,tichondrius,1684,warrior,arms,217,116,101
Maddawgg,mugthol,1684,warrior,arms,106,53,53
Bainian,tichondrius,1683,warrior,arms,184,100,84
Salival,laughing-skull,1683,warrior,arms,113,58,55
Zerosends,kelthuzad,1683,warrior,arms,42,18,24
Zalakan,malganis,1682,warrior,arms,54,34,20
Shinigamix,steamwheedle-cartel,1682,warrior,arms,48,29,19
Janjannodie,tichondrius,1682,warrior,arms,41,20,21
Danceylol,barthilas,1682,warrior,arms,159,76,83
Tastý,moon-guard,1681,warrior,arms,66,26,40
Suntore,malganis,1680,warrior,arms,72,39,33
Jubeithos,draktharon,1680,warrior,arms,149,75,74
Gravewurm,twisting-nether,1679,warrior,arms,42,24,18
Delphont,stormrage,1679,warrior,arms,178,94,84
Illaedan,quelthalas,1679,warrior,arms,70,30,40
Joebo,thrall,1678,warrior,arms,42,28,14
Tríxman,moon-guard,1678,warrior,arms,148,88,60
Coisini,tichondrius,1677,warrior,arms,136,78,58
Austerö,nemesis,1677,warrior,arms,69,38,31
Swagramarr,area-52,1677,warrior,arms,111,60,51
Bigdumborc,tichondrius,1677,warrior,arms,48,25,23
Xîonorc,ragnaros,1677,warrior,arms,399,194,205
Reflective,zuljin,1677,warrior,arms,42,20,22
Hoodslam,moon-guard,1676,warrior,arms,58,26,32
Ichirisw,tichondrius,1675,warrior,arms,59,32,27
Bigdude,frostwolf,1675,warrior,arms,82,43,39
Executing,emerald-dream,1675,warrior,arms,72,35,37
Heater,stormrage,1675,warrior,arms,95,46,49
Kekbyemmr,illidan,1675,warrior,arms,60,28,32
Hofukumizuki,tichondrius,1675,warrior,arms,60,25,35
Golodiso,mugthol,1675,warrior,arms,60,23,37
Sayîon,zuljin,1674,warrior,arms,144,71,73
Urdem,moon-guard,1673,warrior,arms,308,156,152
Slamedi,frostmourne,1673,warrior,arms,180,90,90
Savagetko,illidan,1673,warrior,arms,41,20,21
Aliminar,zuluhed,1672,warrior,arms,42,20,22
Shazbøt,tichondrius,1672,warrior,arms,51,22,29
Elsee,drakkari,1672,warrior,arms,61,21,40
Danding,illidan,1671,warrior,arms,42,22,20
Kromgrall,tichondrius,1671,warrior,arms,167,79,88
Dodgestrikes,khaz-modan,1669,warrior,arms,48,28,20
Zenchi,nerzhul,1669,warrior,arms,76,36,40
Amlahj,stormrage,1668,warrior,arms,53,30,23
Bûm,sargeras,1668,warrior,arms,152,77,75
Ogsacramento,tichondrius,1668,warrior,arms,46,23,23
Rage,uther,1668,warrior,arms,36,18,18
Hugeflopper,malganis,1667,warrior,arms,50,28,22
Thulsan,emerald-dream,1667,warrior,arms,66,36,30
Fatalian,proudmoore,1667,warrior,arms,54,20,34
Elpresador,dragonmaw,1666,warrior,arms,30,23,7
Patwong,frostmourne,1666,warrior,arms,201,106,95
Kamoo,gurubashi,1665,warrior,arms,60,46,14
Ðeerblack,ragnaros,1665,warrior,arms,66,39,27
Lexíbelle,korgath,1665,warrior,arms,43,25,18
Warriorbod,area-52,1665,warrior,arms,123,71,52
Bestseason,kelthuzad,1665,warrior,arms,99,54,45
Bilboswagins,agamaggan,1665,warrior,arms,47,25,22
Husyuzhi,tichondrius,1665,warrior,arms,122,64,58
Donivan,illidan,1665,warrior,arms,84,42,42
Marcellùs,proudmoore,1664,warrior,arms,52,29,23
Lexxsteele,mugthol,1664,warrior,arms,78,43,35
Bigbadaxe,sargeras,1664,warrior,arms,42,21,21
Methwitch,moon-guard,1663,warrior,arms,54,30,24
Beyblade,jubeithos,1663,warrior,arms,59,32,27
Legoyoda,zuljin,1663,warrior,arms,54,29,25
Jòrdy,moon-guard,1663,warrior,arms,94,48,46
Mightyduck,area-52,1663,warrior,arms,64,29,35
Ystkk,tichondrius,1662,warrior,arms,42,25,17
Omnismash,stormrage,1662,warrior,arms,68,31,37
Soez,tichondrius,1661,warrior,arms,63,41,22
Musclehead,moon-guard,1661,warrior,arms,165,89,76
Khørnë,ragnaros,1661,warrior,arms,120,63,57
Cuantascopas,ragnaros,1661,warrior,arms,60,29,31
Enzoh,zuljin,1661,warrior,arms,143,61,82
Magnusz,zuljin,1660,warrior,arms,34,21,13
Slaught,kelthuzad,1660,warrior,arms,193,95,98
Oxandrolona,ragnaros,1660,warrior,arms,119,52,67
Anticiðe,zuljin,1659,warrior,arms,42,22,20
Kaÿip,tichondrius,1658,warrior,arms,223,111,112
Marfas,hyjal,1658,warrior,arms,241,119,122
Wilric,ragnaros,1658,warrior,arms,121,58,63
Abomlnatlon,tichondrius,1658,warrior,arms,54,25,29
Babyogre,thunderlord,1657,warrior,arms,77,42,35
Wurua,tichondrius,1657,warrior,arms,88,45,43
Twoone,illidan,1655,warrior,arms,61,29,32
Dpsmachinex,tichondrius,1654,warrior,arms,35,18,17
Sineatér,frostmourne,1654,warrior,arms,61,30,31
Cleaveson,malganis,1654,warrior,arms,48,19,29
Tommytimbo,destromath,1653,warrior,arms,67,34,33
Hèphæstús,sargeras,1653,warrior,arms,314,158,156
Jdubzr,frostmourne,1652,warrior,arms,90,43,47
Sheyshey,quelthalas,1651,warrior,arms,72,40,32
Chronek,sargeras,1651,warrior,arms,60,29,31
Smallraccoon,tichondrius,1651,warrior,arms,46,18,28
Løuriet,ragnaros,1650,warrior,arms,54,28,26
Tatsuu,tichondrius,1650,warrior,arms,354,177,177
Tepaste,ragnaros,1650,warrior,arms,101,50,51
Zeroskill,cenarius,1648,warrior,arms,124,61,63
Hickorie,sargeras,1647,warrior,arms,163,82,81
Shneakywar,frostmourne,1646,warrior,arms,102,56,46
Impactw,aerie-peak,1646,warrior,arms,155,82,73
Droguernaut,tichondrius,1646,warrior,arms,59,30,29
Fidel,blackrock,1645,warrior,arms,59,19,40
Lokityr,tichondrius,1644,warrior,arms,132,84,48
Gtr,illidan,1644,warrior,arms,80,48,32
Jenkin,korgath,1644,warrior,arms,82,43,39
Joehammer,area-52,1643,warrior,arms,47,27,20
Príde,kiljaeden,1643,warrior,arms,66,34,32
Ariést,bleeding-hollow,1643,warrior,arms,90,37,53
Vanlur,khaz-modan,1642,warrior,arms,72,34,38
Alator,gorgonnash,1641,warrior,arms,72,41,31
Trágus,azralon,1641,warrior,arms,113,64,49
Stattic,illidan,1641,warrior,arms,54,25,29
Rhynehardt,scilla,1640,warrior,arms,190,92,98
Sonjeba,malganis,1640,warrior,arms,70,32,38
Rarefxck,tichondrius,1640,warrior,arms,90,39,51
Aventajadu,ragnaros,1640,warrior,arms,72,31,41
Guerra,goldrinn,1639,warrior,arms,133,69,64
Mindgoblin,smolderthorn,1639,warrior,arms,106,54,52
Lorewow,quelthalas,1638,warrior,arms,42,22,20
Skollyd,tichondrius,1638,warrior,arms,95,46,49
Wydstepwar,malganis,1637,warrior,arms,66,43,23
Milough,nesingwary,1637,warrior,arms,136,74,62
Lørdvingador,azralon,1637,warrior,arms,36,19,17
Erradic,sargeras,1637,warrior,arms,72,37,35
Fulaixiong,illidan,1636,warrior,arms,111,64,47
Koniq,azralon,1636,warrior,arms,35,20,15
Parren,bleeding-hollow,1636,warrior,arms,55,29,26
Ohanaglad,illidan,1636,warrior,arms,367,192,175
Ngu,eldrethalas,1636,warrior,arms,53,26,27
Johnburns,tichondrius,1636,warrior,arms,88,43,45
Madeus,quelthalas,1636,warrior,arms,121,55,66
Onslayer,tichondrius,1635,warrior,arms,88,47,41
Pachacutecxx,ragnaros,1635,warrior,arms,155,77,78
Winota,frostmourne,1634,warrior,arms,83,47,36
Galehna,ragnaros,1634,warrior,arms,93,44,49
Nfx,tichondrius,1633,warrior,arms,48,28,20
Dáinsleif,frostmourne,1633,warrior,arms,60,33,27
Grimjouw,sargeras,1633,warrior,arms,42,23,19
Twilightrain,tichondrius,1633,warrior,arms,424,221,203
Trén,hydraxis,1633,warrior,arms,42,21,21
Karnakk,thrall,1633,warrior,arms,83,38,45
Furykets,proudmoore,1633,warrior,arms,74,33,41
Kimed,nordrassil,1632,warrior,arms,42,22,20
Bigbrick,stormrage,1632,warrior,arms,96,45,51
Gangdamn,frostmourne,1632,warrior,arms,167,72,95
Akenox,area-52,1631,warrior,arms,36,21,15
Morboo,illidan,1631,warrior,arms,54,31,23
Medusaann,proudmoore,1631,warrior,arms,99,54,45
Khalwar,ragnaros,1631,warrior,arms,36,19,17
Raveve,area-52,1631,warrior,arms,71,36,35
Soupwar,moon-guard,1631,warrior,arms,253,128,125
Warcrys,tichondrius,1631,warrior,arms,57,28,29
Seukkang,tichondrius,1630,warrior,arms,74,37,37
Warrmoose,tichondrius,1630,warrior,arms,48,21,27
Soníco,area-52,1630,warrior,arms,122,51,71
Icrìtmypants,dragonmaw,1629,warrior,arms,48,27,21
Crusherr,earthen-ring,1629,warrior,arms,102,54,48
Ashbringera,proudmoore,1629,warrior,arms,297,155,142
Fumzxy,frostmourne,1629,warrior,arms,134,67,67
Rhorix,korialstrasz,1629,warrior,arms,48,19,29
Izugyou,thrall,1628,warrior,arms,164,83,81
Alteryx,sargeras,1628,warrior,arms,75,36,39
Hõdõnsin,tichondrius,1628,warrior,arms,57,26,31
Vices,sargeras,1627,warrior,arms,24,17,7
Ikaikasan,illidan,1627,warrior,arms,32,22,10
Chulain,tichondrius,1627,warrior,arms,30,17,13
Wârtorn,darkspear,1627,warrior,arms,42,22,20
Iwillcrushu,tichondrius,1627,warrior,arms,155,79,76
Çrusha,thrall,1627,warrior,arms,48,20,28
Coollelex,proudmoore,1626,warrior,arms,56,29,27
Burstmacro,garrosh,1626,warrior,arms,90,44,46
Kazecap,proudmoore,1626,warrior,arms,72,32,40
Kigametwo,tichondrius,1625,warrior,arms,110,59,51
Muskratz,tichondrius,1625,warrior,arms,378,194,184
Gutting,moon-guard,1625,warrior,arms,36,18,18
Unitsven,barthilas,1625,warrior,arms,54,26,28
Nuqupq,tichondrius,1625,warrior,arms,36,17,19
Duxor,sargeras,1625,warrior,arms,54,24,30
Brutallicus,kelthuzad,1625,warrior,arms,50,21,29
Wolfsrage,frostmourne,1625,warrior,arms,53,21,32
Elyll,tichondrius,1624,warrior,arms,47,28,19
Sambojüjü,stormrage,1624,warrior,arms,66,36,30
Faelash,stormrage,1624,warrior,arms,67,32,35
Gízzmo,tichondrius,1624,warrior,arms,42,20,22
Mirado,tichondrius,1624,warrior,arms,94,44,50
Coltronitis,kelthuzad,1624,warrior,arms,54,23,31
Kolossus,korgath,1624,warrior,arms,70,29,41
Stonesoup,kelthuzad,1624,warrior,arms,89,34,55
Ryängosling,azralon,1623,warrior,arms,168,92,76
Radamäntthys,nemesis,1623,warrior,arms,183,90,93
ßîgßùßßä,tichondrius,1623,warrior,arms,42,20,22
Littlemieoo,sargeras,1623,warrior,arms,36,17,19
Cowstik,illidan,1623,warrior,arms,42,19,23
Tansozzi,tichondrius,1622,warrior,arms,78,45,33
Galaxius,frostmane,1622,warrior,arms,43,24,19
Delakos,frostmourne,1622,warrior,arms,130,68,62
Larrylurker,proudmoore,1622,warrior,arms,119,62,57
Orahard,illidan,1622,warrior,arms,206,103,103
Noelglz,quelthalas,1622,warrior,arms,68,32,36
Brainhaze,tichondrius,1622,warrior,arms,64,29,35
Warsongwolf,tichondrius,1622,warrior,arms,104,45,59
Elkz,tichondrius,1622,warrior,arms,48,19,29
Scotteh,eredar,1622,warrior,arms,54,21,33
Chadwarr,tichondrius,1621,warrior,arms,31,17,14
Karín,tichondrius,1621,warrior,arms,150,79,71
Kilroywar,tichondrius,1621,warrior,arms,42,22,20
Groundpound,sargeras,1621,warrior,arms,188,95,93
Aumni,illidan,1621,warrior,arms,146,71,75
Stooklol,tichondrius,1621,warrior,arms,54,22,32
Zdokk,sargeras,1621,warrior,arms,42,17,25
Kratosxx,quelthalas,1620,warrior,arms,166,86,80
Zekkenx,azjolnerub,1620,warrior,arms,60,26,34
Lulunae,moon-guard,1619,warrior,arms,42,26,16
Loomora,illidan,1619,warrior,arms,90,51,39
Nyle,zuljin,1619,warrior,arms,193,103,90
Radagøn,drakkari,1619,warrior,arms,66,35,31
Creøn,silvermoon,1619,warrior,arms,74,37,37
Beifong,barthilas,1619,warrior,arms,83,35,48
Dicedup,stormrage,1619,warrior,arms,60,25,35
Onefourfifty,tichondrius,1618,warrior,arms,36,20,16
Jrod,boulderfist,1618,warrior,arms,292,152,140
Lacorte,ragnaros,1618,warrior,arms,51,23,28
Szeo,tichondrius,1617,warrior,arms,24,17,7
Achilex,sargeras,1617,warrior,arms,127,66,61
Swampsmash,barthilas,1617,warrior,arms,121,61,60
Wargasms,alterac-mountains,1617,warrior,arms,78,38,40
Cosmicsteel,tichondrius,1617,warrior,arms,166,80,86
Dropthemic,tichondrius,1617,warrior,arms,48,23,25
Raahjz,sargeras,1617,warrior,arms,126,59,67
Thebigmala,azralon,1616,warrior,arms,55,32,23
Malathire,illidan,1615,warrior,arms,70,41,29
Itskel,stormreaver,1615,warrior,arms,62,35,27
Jeffo,amanthul,1615,warrior,arms,92,49,43
Imakeupuddin,turalyon,1614,warrior,arms,42,23,19
Rittylord,frostmourne,1614,warrior,arms,68,37,31
Lindsanv,illidan,1614,warrior,arms,115,61,54
Kàli,kiljaeden,1614,warrior,arms,66,30,36
Shewar,ragnaros,1614,warrior,arms,81,36,45
Metalchileno,ragnaros,1614,warrior,arms,48,20,28
Gáren,quelthalas,1613,warrior,arms,42,22,20
Kerrena,kelthuzad,1613,warrior,arms,48,18,30
Themudcrab,frostmourne,1612,warrior,arms,356,178,178
Chopz,sargeras,1612,warrior,arms,198,98,100
Memorylane,proudmoore,1612,warrior,arms,96,40,56
Sinsinatra,azralon,1611,warrior,arms,313,160,153
Dankdad,garrosh,1611,warrior,arms,36,17,19
Sawsyy,kelthuzad,1611,warrior,arms,62,29,33
Msallsunday,nerzhul,1610,warrior,arms,24,17,7
Matrias,tichondrius,1610,warrior,arms,177,96,81
Chogar,proudmoore,1610,warrior,arms,91,49,42
Nitechaos,thrall,1609,warrior,arms,37,23,14
Intricacy,tichondrius,1609,warrior,arms,30,17,13
Thebigsmash,tichondrius,1609,warrior,arms,42,23,19
Morfoggore,ragnaros,1609,warrior,arms,98,49,49
Mopwarrior,sargeras,1609,warrior,arms,48,24,24
Azziiqt,stormrage,1608,warrior,arms,41,29,12
Tanktofu,frostmourne,1608,warrior,arms,30,17,13
Tommygunns,area-52,1608,warrior,arms,30,17,13
Rongor,drakkari,1608,warrior,arms,66,33,33
Wqnmlgbd,tichondrius,1608,warrior,arms,66,32,34
Soladelor,moon-guard,1608,warrior,arms,105,49,56
Malerick,illidan,1608,warrior,arms,116,54,62
Gaishi,tichondrius,1607,warrior,arms,24,17,7
Dragonupup,tichondrius,1607,warrior,arms,30,19,11
Liltop,moon-guard,1607,warrior,arms,75,41,34
Saleem,tichondrius,1607,warrior,arms,291,151,140
Furydudz,tichondrius,1607,warrior,arms,42,21,21
Fazeo,madoran,1607,warrior,arms,45,22,23
Ottø,area-52,1606,warrior,arms,72,40,32
Spartaur,tichondrius,1606,warrior,arms,90,48,42
Huacai,tichondrius,1606,warrior,arms,108,51,57
Integrâl,tichondrius,1606,warrior,arms,47,19,28
Palauu,tichondrius,1605,warrior,arms,30,18,12
Maraudertko,area-52,1605,warrior,arms,30,17,13
Ogeezus,crushridge,1605,warrior,arms,83,44,39
Hazelbean,tichondrius,1605,warrior,arms,72,38,34
Mestis,ragnaros,1605,warrior,arms,42,22,20
Myxz,barthilas,1605,warrior,arms,120,59,61
Ethuil,azshara,1605,warrior,arms,65,29,36
Boiled,sargeras,1604,warrior,arms,30,21,9
Dre,anubarak,1604,warrior,arms,77,39,38
Sayyaf,moon-guard,1604,warrior,arms,57,20,37
Killaen,thrall,1603,warrior,arms,48,29,19
Bleedx,bleeding-hollow,1603,warrior,arms,51,30,21
Astrowarrior,tichondrius,1603,warrior,arms,42,23,19
Tonk,anetheron,1603,warrior,arms,48,26,22
Azindar,gilneas,1603,warrior,arms,47,25,22
Naejwar,ragnaros,1603,warrior,arms,282,147,135
Zaràki,area-52,1603,warrior,arms,186,95,91
Powerbucks,tichondrius,1603,warrior,arms,44,22,22
Swólepetrol,tichondrius,1603,warrior,arms,48,23,25
Mahoogler,hakkar,1603,warrior,arms,66,31,35
Xradull,dawnbringer,1602,warrior,arms,146,85,61
Nomequemee,quelthalas,1602,warrior,arms,96,47,49
Athalen,nemesis,1602,warrior,arms,88,39,49
Suicider,stormrage,1602,warrior,arms,59,24,35
Vodkalol,bleeding-hollow,1601,warrior,arms,42,27,15
Blowhoof,azralon,1601,warrior,arms,90,51,39
Riskydevil,azralon,1601,warrior,arms,119,67,52
Tarók,tichondrius,1601,warrior,arms,115,63,52
Sejac,moon-guard,1601,warrior,arms,42,20,22
Valdius,bleeding-hollow,1601,warrior,arms,48,22,26
Mailløche,bleeding-hollow,1600,warrior,arms,96,56,40
Sheriff,eldrethalas,1600,warrior,arms,54,31,23
Painfulsin,tichondrius,1600,warrior,arms,78,41,37
Luosifen,tichondrius,1600,warrior,arms,335,174,161
Gavfields,tichondrius,1600,warrior,arms,48,22,26
Xwarz,drakkari,1600,warrior,arms,72,29,43
Draugus,azralon,1599,warrior,arms,58,31,27
Easylel,stormrage,1599,warrior,arms,36,19,17
Kahuwuna,tichondrius,1599,warrior,arms,60,30,30
Elchacál,ragnaros,1599,warrior,arms,107,51,56
Murderbell,tichondrius,1599,warrior,arms,126,59,67
Koberos,queldorei,1599,warrior,arms,66,26,40
Zaruuga,argent-dawn,1598,warrior,arms,30,19,11
Brayitann,illidan,1598,warrior,arms,67,39,28
Icarrus,frostmourne,1598,warrior,arms,125,66,59
Jianhung,tichondrius,1598,warrior,arms,54,25,29
Lieofa,tichondrius,1598,warrior,arms,46,20,26
Raahjv,sargeras,1597,warrior,arms,89,52,37
Mimiovo,tichondrius,1597,warrior,arms,54,30,24
Reave,wyrmrest-accord,1596,warrior,arms,90,48,42
Dukagã,tichondrius,1596,warrior,arms,66,35,31
Blitzø,malganis,1596,warrior,arms,160,81,79
Kolosal,tichondrius,1596,warrior,arms,75,33,42
Retrospex,black-dragonflight,1595,warrior,arms,48,21,27
Vauquelin,tichondrius,1594,warrior,arms,78,41,37
Xiaogigi,barthilas,1594,warrior,arms,73,34,39
Solocon,tichondrius,1593,warrior,arms,36,17,19
Bigdickgomez,frostmourne,1592,warrior,arms,65,35,30
Chillimus,tichondrius,1592,warrior,arms,87,45,42
Destroid,zuljin,1592,warrior,arms,77,37,40
Yueqingshu,tichondrius,1591,warrior,arms,44,27,17
Vanexx,tichondrius,1590,warrior,arms,43,24,19
Devildriver,malganis,1590,warrior,arms,210,111,99
Zeroaxx,ragnaros,1589,warrior,arms,145,86,59
Mistrpower,bleeding-hollow,1589,warrior,arms,78,44,34
Mcluffin,proudmoore,1588,warrior,arms,63,37,26
Scrümp,illidan,1588,warrior,arms,97,52,45
Vecira,moon-guard,1588,warrior,arms,113,60,53
Bobu,area-52,1588,warrior,arms,63,33,30
Lootacris,illidan,1588,warrior,arms,67,34,33
Krbigcow,tichondrius,1588,warrior,arms,184,92,92
Ezgamelol,azralon,1588,warrior,arms,44,19,25
Draenøk,tichondrius,1588,warrior,arms,70,29,41
Shaõkahn,nemesis,1587,warrior,arms,67,32,35
Arx,frostwolf,1586,warrior,arms,309,157,152
Martrios,alexstrasza,1586,warrior,arms,60,29,31
Oxia,quelthalas,1586,warrior,arms,178,85,93
Brianucky,thrall,1586,warrior,arms,113,52,61
Drjuicce,tichondrius,1585,warrior,arms,42,26,16
Zohjira,barthilas,1585,warrior,arms,90,52,38
Yongvi,tichondrius,1585,warrior,arms,40,23,17
Bigdadde,tichondrius,1585,warrior,arms,42,23,19
Hyperdevil,ragnaros,1585,warrior,arms,35,19,16
Staffed,area-52,1585,warrior,arms,49,24,25
Sheetss,tichondrius,1585,warrior,arms,54,26,28
Destructör,nagrand,1584,warrior,arms,93,49,44
Mortalstrike,azralon,1584,warrior,arms,77,39,38
Theokos,dalaran,1584,warrior,arms,172,85,87
Automator,proudmoore,1584,warrior,arms,90,40,50
Monkeystrike,barthilas,1584,warrior,arms,72,32,40
Axellent,gilneas,1583,warrior,arms,76,46,30
Orçaos,ragnaros,1582,warrior,arms,239,122,117
Wowtightight,barthilas,1582,warrior,arms,114,58,56
Arctures,stormrage,1581,warrior,arms,98,60,38
Laygoh,zuljin,1581,warrior,arms,30,17,13
Moosoka,malorne,1581,warrior,arms,39,21,18
Onecho,tichondrius,1581,warrior,arms,71,33,38
Weildboy,undermine,1580,warrior,arms,173,91,82
Essofeit,frostmourne,1580,warrior,arms,42,20,22
Wóko,tichondrius,1580,warrior,arms,71,32,39
Dazfotm,tichondrius,1580,warrior,arms,90,35,55
Angrymadman,mannoroth,1579,warrior,arms,66,33,33
Woth,deathwing,1579,warrior,arms,83,39,44
Stick,tichondrius,1578,warrior,arms,125,64,61
Mavrus,malganis,1578,warrior,arms,48,23,25
Kzw,illidan,1578,warrior,arms,46,21,25
Musclecrowe,illidan,1578,warrior,arms,66,26,40
Rezzett,wyrmrest-accord,1577,warrior,arms,100,53,47
Orsex,ragnaros,1577,warrior,arms,56,29,27
Ediict,illidan,1577,warrior,arms,35,17,18
Riled,barthilas,1577,warrior,arms,48,20,28
Därkzh,stormrage,1576,warrior,arms,30,20,10
Garrygarry,zuljin,1576,warrior,arms,62,37,25
Märkdî,quelthalas,1576,warrior,arms,207,110,97
Healthpoints,area-52,1576,warrior,arms,42,21,21
Pangus,uldum,1576,warrior,arms,48,20,28
Enilaw,proudmoore,1575,warrior,arms,98,57,41
Túrin,quelthalas,1575,warrior,arms,150,78,72
Xunxie,tichondrius,1575,warrior,arms,196,100,96
Juuz,frostmourne,1575,warrior,arms,114,56,58
Ferozan,azralon,1575,warrior,arms,42,20,22
Executty,stormrage,1575,warrior,arms,48,22,26
Durres,tichondrius,1575,warrior,arms,42,19,23
Chardz,ragnaros,1574,warrior,arms,96,42,54
Darthbleezy,malygos,1573,warrior,arms,42,22,20
Radox,tichondrius,1573,warrior,arms,78,40,38
Dashballer,sargeras,1573,warrior,arms,98,50,48
Aggripa,kelthuzad,1573,warrior,arms,38,19,19
Hydrolisk,area-52,1573,warrior,arms,144,71,73
Sinbãd,whisperwind,1573,warrior,arms,65,29,36
Rushour,quelthalas,1573,warrior,arms,44,18,26
Yabahdabah,stormrage,1572,warrior,arms,99,52,47
Ashantia,stormrage,1571,warrior,arms,90,48,42
Thistleberry,aegwynn,1571,warrior,arms,41,19,22
Møønnlight,quelthalas,1570,warrior,arms,141,66,75
Kirown,quelthalas,1570,warrior,arms,157,72,85
Notoxzy,tichondrius,1570,warrior,arms,86,39,47
Óðinnodin,tichondrius,1570,warrior,arms,42,19,23
Huraliepa,nemesis,1569,warrior,arms,54,33,21
Joaododrøp,azralon,1569,warrior,arms,54,32,22
Traumaj,bleeding-hollow,1569,warrior,arms,158,84,74
Gosariw,tichondrius,1569,warrior,arms,123,57,66
Juicylumpia,moon-guard,1568,warrior,arms,48,31,17
Chadblade,tichondrius,1568,warrior,arms,66,34,32
Pretending,dalaran,1568,warrior,arms,57,21,36
Bingchilly,aegwynn,1567,warrior,arms,33,21,12
Qookymonster,zuljin,1567,warrior,arms,166,95,71
Jaybers,malganis,1567,warrior,arms,59,31,28
Andrès,sargeras,1567,warrior,arms,397,197,200
Blíding,ragnaros,1567,warrior,arms,121,52,69
Zuzi,korgath,1566,warrior,arms,67,41,26
Your,emerald-dream,1566,warrior,arms,136,78,58
Baldthunder,area-52,1566,warrior,arms,42,23,19
Cevene,sargeras,1566,warrior,arms,72,34,38
Zzchocolate,illidan,1566,warrior,arms,149,69,80
Axesage,tichondrius,1566,warrior,arms,42,18,24
Riggragg,tichondrius,1565,warrior,arms,48,28,20
Rapcherawr,illidan,1565,warrior,arms,51,28,23
Tinymooie,frostmourne,1564,warrior,arms,30,18,12
Habakkos,firetree,1564,warrior,arms,84,47,37
Flexo,moon-guard,1564,warrior,arms,72,39,33
Eabywarrs,tichondrius,1564,warrior,arms,66,26,40
Rathty,shadowsong,1563,warrior,arms,88,47,41
Benjiprice,sargeras,1563,warrior,arms,64,32,32
Deadlypsycho,moonrunner,1563,warrior,arms,108,53,55
Wargasmx,tichondrius,1563,warrior,arms,99,43,56
Myndon,area-52,1562,warrior,arms,55,35,20
Chañ,tichondrius,1562,warrior,arms,36,19,17
Dewbae,whisperwind,1562,warrior,arms,119,60,59
Executie,duskwood,1562,warrior,arms,73,36,37
Reichbeast,area-52,1560,warrior,arms,36,20,16
Titanzz,quelthalas,1560,warrior,arms,107,53,54
Jamajuicedx,thrall,1560,warrior,arms,35,17,18
Nerròk,wyrmrest-accord,1560,warrior,arms,53,25,28
Karrosh,agamaggan,1560,warrior,arms,54,25,29
Hariban,sargeras,1560,warrior,arms,163,75,88
Twistwarr,area-52,1559,warrior,arms,36,20,16
Banhaezzi,tichondrius,1559,warrior,arms,257,130,127
Bìgpoppapump,tichondrius,1559,warrior,arms,254,125,129
Eronara,emerald-dream,1558,warrior,arms,139,69,70
Doucherocket,kelthuzad,1558,warrior,arms,37,18,19
Claymation,tichondrius,1558,warrior,arms,48,18,30
Noctís,alleria,1557,warrior,arms,58,30,28
Cronguin,bleeding-hollow,1557,warrior,arms,64,32,32
Ragster,kelthuzad,1557,warrior,arms,165,82,83
Brylena,drenden,1556,warrior,arms,30,18,12
Lionbuster,ragnaros,1556,warrior,arms,60,35,25
Timbermack,moon-guard,1556,warrior,arms,138,71,67
Arot,bloodhoof,1556,warrior,arms,225,113,112
Karlsabad,medivh,1556,warrior,arms,64,32,32
Amputate,akama,1556,warrior,arms,83,36,47
Yawdamper,illidan,1555,warrior,arms,54,34,20
Firesx,tichondrius,1555,warrior,arms,36,20,16
Mardrex,korgath,1555,warrior,arms,48,21,27
Feiler,ragnaros,1555,warrior,arms,97,41,56
Infâmous,proudmoore,1555,warrior,arms,65,25,40
Gwlade,sargeras,1554,warrior,arms,228,120,108
Pocserwar,drakkari,1554,warrior,arms,42,19,23
Theseuse,tichondrius,1553,warrior,arms,52,28,24
Doves,tichondrius,1552,warrior,arms,57,28,29
Slyith,shadow-council,1551,warrior,arms,138,73,65
Chinamonk,tichondrius,1551,warrior,arms,160,80,80
Kilgrah,emerald-dream,1551,warrior,arms,71,35,36
Allyer,darkspear,1551,warrior,arms,102,50,52
Deathsteelw,zuljin,1551,warrior,arms,66,31,35
Augutra,moon-guard,1551,warrior,arms,57,18,39
Ghóstx,alleria,1550,warrior,arms,53,37,16
Imyourdaddy,chogall,1550,warrior,arms,52,28,24
Cagrekk,wyrmrest-accord,1550,warrior,arms,142,75,67
Illicitkillz,destromath,1550,warrior,arms,60,27,33
Mortawar,tichondrius,1549,warrior,arms,128,71,57
Auzery,emerald-dream,1549,warrior,arms,72,32,40
Hannibalkng,zangarmarsh,1549,warrior,arms,70,30,40
Anabolics,bleeding-hollow,1548,warrior,arms,36,19,17
Dreadedbeef,area-52,1548,warrior,arms,54,28,26
Overswing,tichondrius,1548,warrior,arms,155,74,81
Narkduke,onyxia,1548,warrior,arms,42,20,22
Drwpooh,tichondrius,1548,warrior,arms,78,34,44
Thezboy,tichondrius,1547,warrior,arms,106,56,50
Nabiouscx,malganis,1547,warrior,arms,131,65,66
Dâvo,area-52,1546,warrior,arms,114,57,57
Bvrst,area-52,1546,warrior,arms,36,18,18
Ävdol,emerald-dream,1546,warrior,arms,182,89,93
Rainingblooð,blackrock,1546,warrior,arms,120,58,62
Fartazz,zuljin,1546,warrior,arms,296,143,153
Bebob,tichondrius,1546,warrior,arms,154,74,80
Abidis,tichondrius,1546,warrior,arms,63,23,40
Kénjar,tichondrius,1545,warrior,arms,54,32,22
Lòrdnasher,tichondrius,1545,warrior,arms,169,90,79
Ðrex,nagrand,1545,warrior,arms,128,66,62
Brostormftw,shattered-halls,1544,warrior,arms,72,43,29
Bobandi,tichondrius,1544,warrior,arms,79,41,38
Gorgan,ragnaros,1544,warrior,arms,132,66,66
Wo,alleria,1544,warrior,arms,54,27,27
Spartiguss,emerald-dream,1544,warrior,arms,92,45,47
Wewladdie,malganis,1544,warrior,arms,76,33,43
Zyppz,sargeras,1543,warrior,arms,38,26,12
Lykemore,moon-guard,1543,warrior,arms,82,45,37
Broxthered,thrall,1543,warrior,arms,119,62,57
Cathillex,eonar,1543,warrior,arms,144,75,69
Wonderjack,akama,1543,warrior,arms,88,45,43
Tkazo,tichondrius,1543,warrior,arms,175,84,91
Demonsterz,ravenholdt,1543,warrior,arms,42,18,24
Hashwar,area-52,1543,warrior,arms,42,18,24
Bryk,korgath,1542,warrior,arms,54,31,23
Ôn,tichondrius,1542,warrior,arms,409,201,208
Legnar,malganis,1542,warrior,arms,117,55,62
Tkavalan,proudmoore,1542,warrior,arms,77,36,41
Know,anetheron,1542,warrior,arms,104,48,56
Warrbull,spirestone,1542,warrior,arms,42,19,23
Torv,frostmourne,1542,warrior,arms,60,27,33
Danield,illidan,1542,warrior,arms,60,23,37
Najarath,barthilas,1541,warrior,arms,77,46,31
Dupaminichav,stormrage,1541,warrior,arms,77,40,37
Cokeroom,tichondrius,1541,warrior,arms,173,88,85
Aragorn,mannoroth,1541,warrior,arms,42,21,21
Odiseo,ragnaros,1541,warrior,arms,196,95,101
Sabini,nemesis,1541,warrior,arms,201,96,105
Flintish,moon-guard,1540,warrior,arms,83,49,34
Nagaboner,frostmourne,1540,warrior,arms,176,96,80
Nazraill,aggramar,1540,warrior,arms,99,49,50
Flavor,aegwynn,1540,warrior,arms,79,36,43
Grimus,bleeding-hollow,1539,warrior,arms,226,123,103
Roadglide,korgath,1539,warrior,arms,54,29,25
Hônor,ragnaros,1539,warrior,arms,77,35,42
Vargoth,frostmourne,1539,warrior,arms,113,51,62
Chestbrook,icecrown,1538,warrior,arms,30,18,12
Mewpaw,azralon,1538,warrior,arms,48,28,20
Slitt,azralon,1538,warrior,arms,78,42,36
Wingedknight,malganis,1538,warrior,arms,181,88,93
Xkickaxes,tichondrius,1538,warrior,arms,101,48,53
Bwandøn,moon-guard,1538,warrior,arms,88,41,47
Thombelina,malganis,1538,warrior,arms,65,27,38
Ÿüñí,tichondrius,1538,warrior,arms,99,41,58
Nanaru,tichondrius,1538,warrior,arms,77,30,47
Marsoc,burning-legion,1537,warrior,arms,75,37,38
Aloregorey,malganis,1537,warrior,arms,144,69,75
Garadiels,tichondrius,1537,warrior,arms,142,68,74
Loktarrogar,illidan,1536,warrior,arms,78,44,34
Boyko,moon-guard,1536,warrior,arms,172,93,79
Piimpmaster,malganis,1536,warrior,arms,90,42,48
Pootybeef,daggerspine,1536,warrior,arms,41,19,22
Kronathas,stormrage,1535,warrior,arms,54,28,26
Volkz,ragnaros,1535,warrior,arms,169,84,85
Clutchclutz,spirestone,1535,warrior,arms,83,40,43
Kpc,tichondrius,1535,warrior,arms,116,46,70
Mortyy,stormrage,1534,warrior,arms,43,23,20
Byung,terenas,1534,warrior,arms,263,131,132
Earlsiriuz,tichondrius,1534,warrior,arms,95,47,48
Twshizgd,proudmoore,1534,warrior,arms,193,91,102
Zszszszszs,tichondrius,1534,warrior,arms,90,42,48
Hydranoid,ragnaros,1533,warrior,arms,175,82,93
Áustin,sargeras,1532,warrior,arms,48,26,22
Magnis,stormrage,1532,warrior,arms,87,43,44
Metalwarr,illidan,1531,warrior,arms,137,69,68
Downblow,tichondrius,1531,warrior,arms,107,50,57
Jethrix,kelthuzad,1531,warrior,arms,36,16,20
Jire,shadowmoon,1530,warrior,arms,58,30,28
Shain,thrall,1530,warrior,arms,126,59,67
Maddorlon,thrall,1530,warrior,arms,59,27,32
Bozwar,tichondrius,1529,warrior,arms,78,42,36
Ginormous,tichondrius,1529,warrior,arms,33,16,17
Ratfang,zuljin,1528,warrior,arms,28,17,11
Meatbone,emerald-dream,1528,warrior,arms,113,61,52
Barbatenaz,ragnaros,1528,warrior,arms,82,37,45
Malatov,moon-guard,1527,warrior,arms,56,33,23
Volstraya,frostmourne,1527,warrior,arms,43,22,21
Potalot,draenor,1527,warrior,arms,54,27,27
Betterwar,zuljin,1527,warrior,arms,36,16,20
Vincejdw,zuljin,1526,warrior,arms,24,16,8
Draganovich,aerie-peak,1526,warrior,arms,66,37,29
Kakamallo,black-dragonflight,1526,warrior,arms,320,166,154
Skorgebt,thrall,1526,warrior,arms,89,46,43
Slamspam,the-underbog,1526,warrior,arms,31,16,15
Handain,malganis,1526,warrior,arms,66,31,35
Lundyswung,silver-hand,1526,warrior,arms,48,20,28
Saelaa,azralon,1525,warrior,arms,36,16,20
Murdokkwml,ragnaros,1525,warrior,arms,67,28,39
Flynnstone,tichondrius,1524,warrior,arms,30,19,11
Dtitanzz,quelthalas,1524,warrior,arms,57,27,30
Doubleturbo,illidan,1524,warrior,arms,85,40,45
Ôxluck,ragnaros,1524,warrior,arms,126,54,72
Urion,illidan,1523,warrior,arms,30,17,13
Warbringerr,hydraxis,1523,warrior,arms,39,22,17
Aldérmach,zuljin,1523,warrior,arms,159,84,75
Armamortal,kelthuzad,1523,warrior,arms,572,290,282
Lehzera,frostmourne,1523,warrior,arms,149,72,77
Varenkä,drakkari,1523,warrior,arms,36,16,20
Ayuko,greymane,1522,warrior,arms,71,40,31
Zizwe,proudmoore,1522,warrior,arms,94,52,42
Gladiator,azshara,1522,warrior,arms,30,16,14
Gwàr,kiljaeden,1522,warrior,arms,48,25,23
Jottman,tichondrius,1522,warrior,arms,284,133,151
Rèckit,thrall,1522,warrior,arms,60,26,34
Genøcide,terenas,1522,warrior,arms,54,23,31
Ewenki,tichondrius,1521,warrior,arms,361,184,177
Nayuta,area-52,1521,warrior,arms,66,33,33
Dropopen,tichondrius,1521,warrior,arms,164,75,89
Himurinhax,stormrage,1520,warrior,arms,36,20,16
Struka,drakkari,1520,warrior,arms,54,28,26
Hâmmertîmê,alexstrasza,1520,warrior,arms,77,39,38
Spartacam,frostmourne,1520,warrior,arms,166,83,83
Sakutarou,lightbringer,1520,warrior,arms,387,189,198
Stoneshield,senjin,1520,warrior,arms,89,43,46
Renger,garona,1520,warrior,arms,42,20,22
Randysnapper,zuljin,1519,warrior,arms,24,16,8
Buntpunt,mannoroth,1519,warrior,arms,199,102,97
Venecus,stormrage,1519,warrior,arms,42,20,22
Warfeno,malganis,1519,warrior,arms,72,30,42
Rukittenme,area-52,1519,warrior,arms,72,29,43
Doomreaperx,sargeras,1518,warrior,arms,241,125,116
Potero,ragnaros,1518,warrior,arms,153,76,77
Littlevarian,ragnaros,1518,warrior,arms,138,66,72
Dudupápá,tichondrius,1518,warrior,arms,85,40,45
Morioso,boulderfist,1518,warrior,arms,175,81,94
Executiepie,hyjal,1517,warrior,arms,24,16,8
Malakaimapk,korgath,1517,warrior,arms,30,16,14
Aloloco,ragnaros,1517,warrior,arms,106,54,52
Stickybladez,frostmourne,1516,warrior,arms,172,87,85
Damiansuv,moon-guard,1516,warrior,arms,153,73,80
Dramalas,lightbringer,1515,warrior,arms,329,165,164
Däwggy,tichondrius,1515,warrior,arms,90,45,45
Ðirtyboy,tichondrius,1515,warrior,arms,90,41,49
Héro,stormrage,1515,warrior,arms,84,35,49
Ragnarloðbró,tichondrius,1515,warrior,arms,90,37,53
Boypartz,onyxia,1515,warrior,arms,78,31,47
Aisinbro,illidan,1514,warrior,arms,54,28,26
Kastenz,frostmourne,1514,warrior,arms,115,56,59
Bugsberserk,tichondrius,1514,warrior,arms,140,68,72
Môrôdin,area-52,1514,warrior,arms,120,55,65
Warsins,bonechewer,1514,warrior,arms,81,34,47
Homebody,uldaman,1513,warrior,arms,44,25,19
Dtrumpo,moon-guard,1513,warrior,arms,52,27,25
Elevate,whisperwind,1513,warrior,arms,36,16,20
Sayuri,frostmourne,1512,warrior,arms,66,35,31
Bullmastic,deathwing,1512,warrior,arms,52,26,26
Moarbrainz,mannoroth,1512,warrior,arms,59,28,31
Slamthony,sargeras,1511,warrior,arms,81,41,40
Frosto,nemesis,1511,warrior,arms,231,113,118
Dajva,ragnaros,1511,warrior,arms,120,57,63
Raala,cenarius,1510,warrior,arms,51,34,17
Carralee,azralon,1510,warrior,arms,176,104,72
Tamagoshi,kiljaeden,1510,warrior,arms,267,143,124
Juggerboo,frostmourne,1510,warrior,arms,193,100,93
Rikuduo,quelthalas,1510,warrior,arms,233,117,116
Vosnir,dalaran,1509,warrior,arms,54,32,22
Gonthoriàn,stormrage,1509,warrior,arms,58,31,27
Rallyingcry,illidan,1509,warrior,arms,90,48,42
Ángron,ragnaros,1509,warrior,arms,172,90,82
Dji,tichondrius,1509,warrior,arms,656,332,324
Xdorkie,area-52,1509,warrior,arms,78,37,41
Darkdargon,tichondrius,1509,warrior,arms,48,22,26
Himer,tichondrius,1509,warrior,arms,48,20,28
Deáthknight,shuhalo,1508,warrior,arms,106,54,52
Taywar,sargeras,1508,warrior,arms,111,55,56
Velarrine,illidan,1508,warrior,arms,119,57,62
Malvadin,stormrage,1508,warrior,arms,128,61,67
Ryank,bonechewer,1508,warrior,arms,54,25,29
Kissmyaxê,tichondrius,1508,warrior,arms,63,28,35
Asc,barthilas,1507,warrior,arms,312,165,147
Machete,nemesis,1507,warrior,arms,76,40,36
Shiv,illidan,1507,warrior,arms,165,82,83
Nornogin,tichondrius,1507,warrior,arms,81,38,43
Warthok,turalyon,1507,warrior,arms,92,43,49
Egargiss,malygos,1506,warrior,arms,124,67,57
Nyuk,tichondrius,1506,warrior,arms,107,57,50
Geñeralguap,tichondrius,1506,warrior,arms,208,110,98
Asäel,ragnaros,1506,warrior,arms,83,40,43
Metalbiff,bleeding-hollow,1506,warrior,arms,36,16,20
Brokthard,ragnaros,1506,warrior,arms,60,26,34
Evoltoad,illidan,1506,warrior,arms,89,34,55
Udmwarrior,zuljin,1506,warrior,arms,76,28,48
Zolotrollo,area-52,1505,warrior,arms,24,16,8
Auxthas,tichondrius,1505,warrior,arms,117,63,54
Arkayko,quelthalas,1505,warrior,arms,52,28,24
Hemophilios,icecrown,1505,warrior,arms,55,29,26
Zewl,barthilas,1505,warrior,arms,42,22,20
Testflight,tichondrius,1505,warrior,arms,84,41,43
Katre,malorne,1505,warrior,arms,127,58,69
Kwelve,proudmoore,1504,warrior,arms,60,27,33
Yarock,malganis,1504,warrior,arms,113,50,63
Wouili,zuljin,1503,warrior,arms,97,59,38
Warb,aggramar,1503,warrior,arms,112,61,51
Mansionzw,frostmourne,1502,warrior,arms,30,21,9
Preceptron,azralon,1502,warrior,arms,65,36,29
Karrok,zuluhed,1502,warrior,arms,402,199,203
Crystaríum,stormrage,1502,warrior,arms,110,54,56
Arkkaine,sargeras,1502,warrior,arms,147,69,78
Baciless,illidan,1502,warrior,arms,79,35,44
Drekzul,azralon,1501,warrior,arms,131,72,59
Slvrback,stormrage,1501,warrior,arms,30,16,14
Tÿÿr,azralon,1501,warrior,arms,104,52,52
Cúdi,darkspear,1501,warrior,arms,54,26,28
Kilrok,thunderlord,1501,warrior,arms,66,29,37
Zerevik,stormrage,1501,warrior,arms,54,23,31
Hundredplus,frostmourne,1500,warrior,arms,42,22,20
Khargrok,ragnaros,1500,warrior,arms,78,39,39
Ragetodef,illidan,1500,warrior,arms,120,57,63
Azkaosa,tichondrius,1500,warrior,arms,59,27,32
Nickfurie,emerald-dream,1499,warrior,arms,30,17,13
Beatstickz,malganis,1499,warrior,arms,42,17,25
Tikkò,tichondrius,1498,warrior,arms,146,81,65
Konraad,amanthul,1498,warrior,arms,72,36,36
Ryen,malganis,1498,warrior,arms,213,100,113
Marzse,sargeras,1498,warrior,arms,60,25,35
Akkar,gilneas,1497,warrior,arms,99,53,46
Lilreese,tichondrius,1497,warrior,arms,74,36,38
Uhttercow,tichondrius,1497,warrior,arms,96,46,50
Tcchmm,akama,1497,warrior,arms,64,28,36
Casteleiro,azralon,1497,warrior,arms,62,27,35
Crustyfella,stormrage,1496,warrior,arms,52,28,24
Laintimee,tichondrius,1496,warrior,arms,162,87,75
Macray,proudmoore,1496,warrior,arms,47,24,23
Lilmerman,laughing-skull,1496,warrior,arms,89,45,44
Notoriousmmà,illidan,1496,warrior,arms,35,16,19
Noitrak,azralon,1496,warrior,arms,51,21,30
Outo,stormrage,1496,warrior,arms,41,16,25
Skronkar,illidan,1495,warrior,arms,180,89,91
Kréix,sargeras,1495,warrior,arms,98,48,50
Bjjorm,malganis,1495,warrior,arms,107,48,59
Elíte,kelthuzad,1494,warrior,arms,45,25,20
Chumbinhu,stormrage,1494,warrior,arms,80,40,40
Bowlingball,darkspear,1494,warrior,arms,54,26,28
Liinx,tichondrius,1493,warrior,arms,42,26,16
Gale,kelthuzad,1493,warrior,arms,42,24,18
Reckonting,moon-guard,1493,warrior,arms,91,51,40
Datneck,tichondrius,1493,warrior,arms,30,16,14
Hotdadparty,frostmourne,1493,warrior,arms,191,96,95
Hugewarrior,area-52,1492,warrior,arms,51,24,27
Fraccx,area-52,1492,warrior,arms,105,47,58
Aggorak,illidan,1492,warrior,arms,36,16,20
Broxii,frostmourne,1491,warrior,arms,36,20,16
Warrgawd,illidan,1491,warrior,arms,185,91,94
Coveiro,nemesis,1491,warrior,arms,49,20,29
Sonicboom,whisperwind,1491,warrior,arms,42,16,26
Darkfang,icecrown,1490,warrior,arms,108,58,50
Guguito,drakkari,1490,warrior,arms,91,44,47
Roidraging,thunderlord,1490,warrior,arms,149,66,83
Theisius,tichondrius,1490,warrior,arms,75,33,42
Velarael,stormscale,1489,warrior,arms,58,29,29
Dcashmoney,moon-guard,1489,warrior,arms,84,38,46
Raxek,stormrage,1488,warrior,arms,78,33,45
Dragvovar,thrall,1488,warrior,arms,42,16,26
Gahju,area-52,1487,warrior,arms,36,20,16
Achillescool,tichondrius,1487,warrior,arms,244,122,122
Zaddybear,aerie-peak,1487,warrior,arms,59,29,30
Dotlom,wyrmrest-accord,1487,warrior,arms,297,145,152
Rían,bonechewer,1487,warrior,arms,83,40,43
Nøzerker,kelthuzad,1487,warrior,arms,38,18,20
Zänn,dalaran,1486,warrior,arms,60,38,22
Linga,bleeding-hollow,1486,warrior,arms,36,19,17
Sìkarío,illidan,1486,warrior,arms,60,31,29
Athin,azralon,1486,warrior,arms,155,79,76
Agresvnapkin,dalaran,1486,warrior,arms,44,21,23
Grumtak,azralon,1486,warrior,arms,65,31,34
Awm,wyrmrest-accord,1486,warrior,arms,74,34,40
Zxlor,tichondrius,1486,warrior,arms,60,26,34
Stewwar,wyrmrest-accord,1485,warrior,arms,66,42,24
Gruula,frostmourne,1485,warrior,arms,57,32,25
Bagur,ragnaros,1485,warrior,arms,150,83,67
Tern,emerald-dream,1485,warrior,arms,112,60,52
Warnuk,lightnings-blade,1485,warrior,arms,30,16,14
Orgnosh,tichondrius,1485,warrior,arms,307,154,153
Tzumugi,ragnaros,1485,warrior,arms,563,280,283
Türier,nemesis,1485,warrior,arms,74,33,41
Cjz,tichondrius,1484,warrior,arms,63,38,25
Tÿ,haomarush,1484,warrior,arms,86,47,39
Oppressor,darkspear,1484,warrior,arms,112,54,58
Wmf,frostmourne,1484,warrior,arms,96,44,52
Cowtipin,illidan,1484,warrior,arms,158,72,86
Papazugs,kelthuzad,1483,warrior,arms,30,17,13
Blokz,arthas,1483,warrior,arms,145,80,65
Ctc,gilneas,1483,warrior,arms,67,32,35
Gulgosh,stormscale,1483,warrior,arms,107,51,56
Houdinix,stormrage,1483,warrior,arms,42,19,23
Amaragos,tichondrius,1482,warrior,arms,74,44,30
Zügnificent,area-52,1482,warrior,arms,33,19,14
Disarmiea,cairne,1482,warrior,arms,234,118,116
Monstersynde,nemesis,1482,warrior,arms,149,73,76
Islik,stormrage,1482,warrior,arms,73,35,38
Gizmode,kelthuzad,1482,warrior,arms,39,18,21
Daemous,wyrmrest-accord,1481,warrior,arms,35,21,14
Thaeonw,frostmourne,1481,warrior,arms,42,23,19
Stormlørd,frostmourne,1481,warrior,arms,184,91,93
Millywhopz,thrall,1481,warrior,arms,66,32,34
Broodthorne,tichondrius,1481,warrior,arms,55,26,29
Flexeçute,moon-guard,1481,warrior,arms,105,49,56
Orthopedic,tichondrius,1480,warrior,arms,48,28,20
Oohyu,tichondrius,1480,warrior,arms,33,17,16
Ártorius,sargeras,1480,warrior,arms,180,92,88
Shadderaz,sargeras,1480,warrior,arms,121,60,61
Leapgodx,drenden,1479,warrior,arms,48,26,22
Xenogears,boulderfist,1479,warrior,arms,102,55,47
Golîath,mannoroth,1479,warrior,arms,181,93,88
Endurefen,sargeras,1478,warrior,arms,42,23,19
Snewdawg,malganis,1478,warrior,arms,44,24,20
Rokgral,tichondrius,1478,warrior,arms,140,70,70
Drob,malganis,1478,warrior,arms,126,62,64
Aparentlynot,shattered-hand,1478,warrior,arms,36,17,19
Flèx,stormrage,1478,warrior,arms,36,17,19
Tbagg,area-52,1478,warrior,arms,42,19,23
Hrothtyr,kelthuzad,1478,warrior,arms,48,21,27
Bêelzebub,aerie-peak,1478,warrior,arms,60,23,37
Banggo,frostmourne,1477,warrior,arms,102,58,44
Aesom,wyrmrest-accord,1477,warrior,arms,182,101,81
Slammshady,tichondrius,1477,warrior,arms,72,36,36
Ayath,hyjal,1477,warrior,arms,76,37,39
Icestormray,illidan,1477,warrior,arms,42,17,25
Bellonar,stormrage,1476,warrior,arms,62,37,25
Blackwulff,korgath,1476,warrior,arms,96,49,47
Unstàble,frostmourne,1476,warrior,arms,174,87,87
Rimz,sargeras,1476,warrior,arms,64,32,32
Jäÿ,proudmoore,1476,warrior,arms,99,49,50
Ginormous,rivendare,1476,warrior,arms,93,45,48
Asgér,quelthalas,1476,warrior,arms,196,90,106
Rainzy,stormrage,1476,warrior,arms,36,16,20
Ralphy,lightnings-blade,1475,warrior,arms,106,56,50
Hauce,illidan,1475,warrior,arms,36,19,17
Iskandr,amanthul,1475,warrior,arms,39,18,21
Weedow,proudmoore,1474,warrior,arms,29,16,13
Sharpen,terokkar,1474,warrior,arms,100,51,49
Peacemake,tichondrius,1474,warrior,arms,58,29,29
Titanrage,tichondrius,1474,warrior,arms,38,18,20
Dragothian,laughing-skull,1474,warrior,arms,51,23,28
Johnnysmizle,kelthuzad,1474,warrior,arms,96,41,55
Alejandrica,ragnaros,1474,warrior,arms,66,27,39
Tharsìs,emerald-dream,1474,warrior,arms,67,24,43
Saîyanroyce,barthilas,1473,warrior,arms,137,69,68
Enfw,frostmourne,1473,warrior,arms,42,21,21
Lyliumn,frostmourne,1473,warrior,arms,140,68,72
Aión,nemesis,1472,warrior,arms,30,22,8
Hwangkun,sargeras,1472,warrior,arms,31,17,14
Adversary,tichondrius,1472,warrior,arms,30,16,14
Hdkwanwoo,tichondrius,1472,warrior,arms,173,91,82
Martyferrari,black-dragonflight,1472,warrior,arms,168,88,80
Heojae,tichondrius,1472,warrior,arms,73,37,36
Crowncrumpah,illidan,1472,warrior,arms,91,43,48
Ryukendo,stormrage,1471,warrior,arms,36,24,12
Holddapoop,area-52,1471,warrior,arms,78,43,35
Roitty,proudmoore,1471,warrior,arms,117,62,55
Warrshield,ragnaros,1471,warrior,arms,185,98,87
Aranacn,tichondrius,1471,warrior,arms,138,72,66
Ðuratestön,azralon,1471,warrior,arms,102,52,50
Neotico,quelthalas,1471,warrior,arms,62,27,35
Szee,tichondrius,1470,warrior,arms,29,16,13
Ghostmourne,ragnaros,1470,warrior,arms,334,168,166
Torzzen,azralon,1470,warrior,arms,165,82,83
Gorrock,dreadmaul,1469,warrior,arms,106,57,49
Zathwiker,tichondrius,1469,warrior,arms,46,23,23
Gorez,ragnaros,1469,warrior,arms,72,31,41
Kamigoroshi,crushridge,1469,warrior,arms,54,23,31
Solano,illidan,1468,warrior,arms,78,47,31
Smokedaperc,illidan,1468,warrior,arms,84,44,40
Complexifiéd,tichondrius,1468,warrior,arms,117,58,59
Bâlthor,quelthalas,1468,warrior,arms,220,106,114
Gnizzmo,sargeras,1468,warrior,arms,65,30,35
Fracked,sargeras,1468,warrior,arms,87,40,47
Kolacut,tichondrius,1468,warrior,arms,42,18,24
Thurman,spirestone,1467,warrior,arms,44,26,18
Spinspin,borean-tundra,1467,warrior,arms,88,40,48
Gwendolynl,hyjal,1466,warrior,arms,124,63,61
Blightscream,bleeding-hollow,1466,warrior,arms,521,259,262
Demolishier,quelthalas,1466,warrior,arms,104,51,53
Danzohh,dalaran,1466,warrior,arms,51,20,31
Warrimon,nemesis,1465,warrior,arms,78,35,43
Thedin,gorefiend,1465,warrior,arms,84,36,48
Torimzor,nemesis,1464,warrior,arms,138,74,64
Lelànd,kelthuzad,1464,warrior,arms,90,46,44
Rokó,illidan,1464,warrior,arms,94,48,46
Riderless,ragnaros,1464,warrior,arms,77,38,39
Bricksquad,mannoroth,1464,warrior,arms,57,25,32
Joesbàr,tichondrius,1464,warrior,arms,78,34,44
Ikrad,quelthalas,1463,warrior,arms,129,67,62
Caupølican,ragnaros,1463,warrior,arms,181,93,88
Coolade,thunderhorn,1463,warrior,arms,160,81,79
Darkmagno,ragnaros,1463,warrior,arms,138,65,73
Mokron,moon-guard,1463,warrior,arms,139,61,78
Chawboks,sargeras,1463,warrior,arms,87,38,49
Vyndronor,illidan,1462,warrior,arms,96,52,44
Duroxzee,area-52,1462,warrior,arms,187,100,87
Dou,barthilas,1462,warrior,arms,53,28,25
Zhânshen,tichondrius,1462,warrior,arms,96,49,47
Elane,moon-guard,1462,warrior,arms,319,161,158
Raviax,sargeras,1462,warrior,arms,120,60,60
Línfert,stormrage,1462,warrior,arms,258,128,130
Sertss,proudmoore,1462,warrior,arms,71,30,41
Ihadnochoice,barthilas,1461,warrior,arms,256,126,130
Pantanero,area-52,1461,warrior,arms,80,38,42
Jeffe,khadgar,1461,warrior,arms,110,52,58
Elessarr,moon-guard,1461,warrior,arms,54,23,31
Peepeeboi,blackrock,1460,warrior,arms,58,34,24
Varyanguard,quelthalas,1460,warrior,arms,80,43,37
Elmosmash,thrall,1460,warrior,arms,68,34,34
Xforcewar,zuljin,1460,warrior,arms,66,33,33
Moonär,emerald-dream,1460,warrior,arms,245,121,124
Akaius,ragnaros,1460,warrior,arms,78,36,42
Pigzig,nagrand,1460,warrior,arms,84,37,47
Tekaiatsu,tichondrius,1459,warrior,arms,119,67,52
Baul,area-52,1459,warrior,arms,107,55,52
Urukaw,azralon,1459,warrior,arms,48,17,31
Armsprotfury,tichondrius,1458,warrior,arms,63,37,26
Toughguts,saurfang,1458,warrior,arms,110,54,56
Warlow,korgath,1458,warrior,arms,70,32,38
Mommysharky,illidan,1457,warrior,arms,36,26,10
Dathalidus,area-52,1457,warrior,arms,50,32,18
Aberwarr,illidan,1457,warrior,arms,30,17,13
Creepi,sargeras,1457,warrior,arms,56,30,26
Luckyw,draktharon,1457,warrior,arms,127,68,59
Rads,stormscale,1457,warrior,arms,75,40,35
Warrihoe,stormrage,1457,warrior,arms,53,24,29
Metalhog,sargeras,1456,warrior,arms,30,17,13
Tdestroy,ragnaros,1456,warrior,arms,57,32,25
Thejoshuwu,icecrown,1456,warrior,arms,52,27,25
Brocky,malorne,1456,warrior,arms,659,324,335
Soltrain,stormrage,1456,warrior,arms,109,52,57
Kröh,quelthalas,1456,warrior,arms,54,25,29
Pongk,tichondrius,1456,warrior,arms,57,17,40
Cheeriozz,thrall,1455,warrior,arms,53,30,23
Cosmosz,illidan,1455,warrior,arms,179,92,87
Jotto,zuljin,1455,warrior,arms,36,18,18
Naughtytwat,tichondrius,1455,warrior,arms,291,144,147
Xaka,tichondrius,1455,warrior,arms,42,19,23
Tenebrous,nemesis,1454,warrior,arms,112,54,58
Flexid,tichondrius,1454,warrior,arms,159,75,84
Lionssong,bleeding-hollow,1454,warrior,arms,71,31,40
Orz,sargeras,1454,warrior,arms,107,46,61
Xvett,drakkari,1453,warrior,arms,246,134,112
Plagueis,dark-iron,1453,warrior,arms,48,24,24
Suprslayer,spirestone,1453,warrior,arms,40,20,20
Drèádnought,tichondrius,1453,warrior,arms,68,32,36
Mondëgo,stormrage,1453,warrior,arms,66,28,38
Angelsantos,sargeras,1452,warrior,arms,65,36,29
Hulkbuster,ragnaros,1452,warrior,arms,101,49,52
Visenyä,mannoroth,1452,warrior,arms,99,44,55
Doomtree,zuljin,1451,warrior,arms,24,19,5
Bjërgsen,azralon,1451,warrior,arms,39,23,16
Furyass,bleeding-hollow,1451,warrior,arms,126,67,59
Arthwarf,proudmoore,1451,warrior,arms,161,79,82
Pachacutec,area-52,1451,warrior,arms,134,60,74
Thalfor,emerald-dream,1451,warrior,arms,107,46,61
Isarat,illidan,1450,warrior,arms,48,23,25
Axazel,drakkari,1450,warrior,arms,264,125,139
Wöûlöû,trollbane,1450,warrior,arms,72,34,38
Cringg,proudmoore,1450,warrior,arms,54,24,30
Zuggernaut,shadowsong,1450,warrior,arms,47,20,27
Thokk,argent-dawn,1449,warrior,arms,33,16,17
Shortgoofy,sargeras,1449,warrior,arms,141,66,75
Erple,eldrethalas,1449,warrior,arms,116,54,62
Bigfatork,area-52,1448,warrior,arms,43,29,14
Wellowarr,moon-guard,1448,warrior,arms,78,34,44
Turlesoup,proudmoore,1447,warrior,arms,36,20,16
Wapistun,thrall,1447,warrior,arms,48,26,22
Noktyn,haomarush,1447,warrior,arms,30,16,14
Bestid,tichondrius,1447,warrior,arms,104,54,50
Prontera,illidan,1447,warrior,arms,51,25,26
Fûry,barthilas,1447,warrior,arms,66,32,34
Spartagux,dalaran,1447,warrior,arms,36,17,19
Gorenay,nemesis,1447,warrior,arms,60,28,32
Atróx,quelthalas,1447,warrior,arms,90,41,49
Perrin,burning-blade,1447,warrior,arms,90,41,49
Zuljikan,illidan,1447,warrior,arms,77,34,43
Dånkers,sargeras,1447,warrior,arms,44,16,28
Gtatewarr,azjolnerub,1446,warrior,arms,26,16,10
Bladereaver,sargeras,1446,warrior,arms,53,31,22
Lobsterrj,emerald-dream,1446,warrior,arms,84,42,42
Noyel,tichondrius,1446,warrior,arms,195,92,103
Horsekok,tichondrius,1445,warrior,arms,36,20,16
Kurgos,quelthalas,1445,warrior,arms,42,23,19
Shawnemd,proudmoore,1445,warrior,arms,54,29,25
Swiftui,nemesis,1445,warrior,arms,117,59,58
Spartaner,shadowsong,1445,warrior,arms,101,50,51
Gerztok,aggramar,1445,warrior,arms,64,30,34
Bütton,sargeras,1445,warrior,arms,67,29,38
Stinkyw,tichondrius,1444,warrior,arms,58,28,30
Byefelipe,dalaran,1444,warrior,arms,36,16,20
Mikero,terenas,1444,warrior,arms,52,23,29
Trackstarz,llane,1443,warrior,arms,250,124,126
Balroge,illidan,1443,warrior,arms,72,34,38
Tasilia,tichondrius,1443,warrior,arms,60,25,35
Ybo,illidan,1442,warrior,arms,111,69,42
Bazironbeard,ravencrest,1442,warrior,arms,29,18,11
Téry,dalaran,1442,warrior,arms,36,21,15
Legbreaker,tichondrius,1442,warrior,arms,111,56,55
Dann,ragnaros,1441,warrior,arms,132,62,70
Paauly,ragnaros,1441,warrior,arms,35,16,19
Yirko,quelthalas,1441,warrior,arms,86,39,47
Nogèt,frostmourne,1441,warrior,arms,36,16,20
Lucidx,malfurion,1440,warrior,arms,42,24,18
Gusbus,malganis,1440,warrior,arms,133,72,61
Hawkior,moon-guard,1440,warrior,arms,53,26,27
Ðêad,area-52,1439,warrior,arms,24,15,9
Joran,dathremar,1439,warrior,arms,56,29,27
Rekatron,area-52,1439,warrior,arms,30,15,15
Beefytheorc,tichondrius,1439,warrior,arms,36,17,19
Thunderbash,thrall,1439,warrior,arms,76,33,43
Emaree,thrall,1438,warrior,arms,98,55,43
Himxp,tichondrius,1438,warrior,arms,70,35,35
Girthquake,stormreaver,1438,warrior,arms,137,68,69
Tonesman,tichondrius,1438,warrior,arms,72,34,38
Anklebiter,aerie-peak,1437,warrior,arms,24,15,9
Chrizo,area-52,1437,warrior,arms,41,23,18
Graelus,terenas,1437,warrior,arms,47,26,21
Klouddraft,tichondrius,1437,warrior,arms,79,42,37
Áres,malganis,1437,warrior,arms,340,177,163
Kurdtx,tichondrius,1437,warrior,arms,30,15,15
Handkerchief,bleeding-hollow,1437,warrior,arms,136,63,73
Frashes,darkspear,1437,warrior,arms,67,31,36
Pezek,thrall,1437,warrior,arms,44,16,28
Dinogc,barthilas,1436,warrior,arms,56,29,27
Strongtongue,malganis,1436,warrior,arms,36,18,18
Ovò,malganis,1436,warrior,arms,75,35,40
Swamphell,barthilas,1436,warrior,arms,68,25,43
Dämnjoe,thrall,1435,warrior,arms,30,16,14
Shapur,tichondrius,1435,warrior,arms,36,19,17
Ssamok,ragnaros,1435,warrior,arms,30,15,15
Nikon,bleeding-hollow,1435,warrior,arms,42,16,26
Slamix,area-52,1434,warrior,arms,93,48,45
Bigster,malganis,1434,warrior,arms,78,40,38
Herey,moon-guard,1434,warrior,arms,30,15,15
Wanabea,tichondrius,1434,warrior,arms,48,21,27
Jur,kelthuzad,1433,warrior,arms,30,15,15
Dæthtønes,tichondrius,1433,warrior,arms,192,95,97
Hopar,illidan,1432,warrior,arms,179,96,83
Kolossux,ragnaros,1432,warrior,arms,156,78,78
Zonkis,kelthuzad,1432,warrior,arms,30,15,15
Tyir,ragnaros,1432,warrior,arms,92,43,49
Brewstrike,dalaran,1432,warrior,arms,54,25,29
Bâtar,area-52,1432,warrior,arms,95,41,54
Asgaurdius,thunderlord,1431,warrior,arms,76,38,38
Humansmash,thrall,1431,warrior,arms,36,18,18
Carnith,arthas,1431,warrior,arms,72,32,40
Badguys,illidan,1431,warrior,arms,36,15,21
Recktko,sargeras,1431,warrior,arms,45,16,29
Whymike,aerie-peak,1430,warrior,arms,60,30,30
Steelfist,grizzly-hills,1430,warrior,arms,75,36,39
Jeffyd,bleeding-hollow,1430,warrior,arms,66,28,38
Zeldawolfpac,moon-guard,1429,warrior,arms,42,23,19
Mcwanga,barthilas,1429,warrior,arms,35,19,16
Rottlingberg,kelthuzad,1429,warrior,arms,102,49,53
Kushe,moon-guard,1429,warrior,arms,36,17,19
Tyrioncj,ragnaros,1429,warrior,arms,42,18,24
Kushhy,illidan,1429,warrior,arms,45,19,26
Punknicanor,quelthalas,1428,warrior,arms,211,103,108
Báhamut,area-52,1428,warrior,arms,112,50,62
Gizzmo,bonechewer,1428,warrior,arms,51,19,32
Shiiftybuga,frostmourne,1427,warrior,arms,50,27,23
Dukar,crushridge,1427,warrior,arms,30,16,14
Wico,ragnaros,1427,warrior,arms,30,15,15
Ichigami,kelthuzad,1427,warrior,arms,61,27,34
Rockstedy,area-52,1427,warrior,arms,74,32,42
Kadira,stormrage,1427,warrior,arms,96,40,56
Pharan,malganis,1426,warrior,arms,42,22,20
Calmebigfeet,tichondrius,1426,warrior,arms,30,15,15
Tuvia,malganis,1426,warrior,arms,225,110,115
Nononocharge,vashj,1425,warrior,arms,36,17,19
Topmeoff,bleeding-hollow,1425,warrior,arms,126,59,67
Empyrius,exodar,1425,warrior,arms,38,17,21
Santiágo,wyrmrest-accord,1425,warrior,arms,42,15,27
Slimmjim,malganis,1424,warrior,arms,229,123,106
Renegón,ragnaros,1424,warrior,arms,111,56,55
Dimus,area-52,1424,warrior,arms,42,18,24
Maintarget,malganis,1424,warrior,arms,59,21,38
Greywo,tichondrius,1423,warrior,arms,88,52,36
Chilicezo,durotan,1423,warrior,arms,101,59,42
Chacca,suramar,1422,warrior,arms,78,48,30
Varith,sargeras,1422,warrior,arms,60,33,27
Rykiwar,tichondrius,1422,warrior,arms,35,18,17
Gladìus,area-52,1422,warrior,arms,30,15,15
Justfair,barthilas,1422,warrior,arms,63,31,32
Eskobar,magtheridon,1422,warrior,arms,47,22,25
Eqz,area-52,1421,warrior,arms,42,27,15
Groxxigore,chogall,1421,warrior,arms,167,92,75
Ooze,darkspear,1421,warrior,arms,246,129,117
Rampage,azralon,1420,warrior,arms,214,107,107
Belldor,barthilas,1420,warrior,arms,156,70,86
Sleazedog,kelthuzad,1420,warrior,arms,48,21,27
Bonesaaw,caelestrasz,1420,warrior,arms,90,39,51
Freezyraw,zuljin,1420,warrior,arms,58,25,33
Farquahd,illidan,1420,warrior,arms,84,34,50
Waraze,tichondrius,1420,warrior,arms,42,17,25
Nipparcs,tichondrius,1420,warrior,arms,42,15,27
Theragar,kilrogg,1419,warrior,arms,48,28,20
Orctiddy,emerald-dream,1419,warrior,arms,32,16,16
Biznizwar,sargeras,1419,warrior,arms,177,86,91
Yazia,stormrage,1419,warrior,arms,54,23,31
Softtofu,illidan,1419,warrior,arms,42,15,27
Danzael,quelthalas,1418,warrior,arms,57,27,30
Pepétí,azralon,1418,warrior,arms,160,72,88
Mortalgodtko,ragnaros,1418,warrior,arms,39,17,22
Fraannky,windrunner,1417,warrior,arms,164,82,82
Druckerz,lightnings-blade,1417,warrior,arms,227,105,122
Tasesino,quelthalas,1416,warrior,arms,94,51,43
Yolo,dunemaul,1416,warrior,arms,108,54,54
Ghianna,quelthalas,1416,warrior,arms,127,59,68
Airhood,frostmourne,1415,warrior,arms,29,16,13
Aaryn,caelestrasz,1415,warrior,arms,104,56,48
Tyzana,illidan,1415,warrior,arms,107,56,51
Kiranoma,moon-guard,1415,warrior,arms,45,23,22
Ughh,bleeding-hollow,1415,warrior,arms,54,27,27
Ironhide,malorne,1415,warrior,arms,66,31,35
Jhave,ragnaros,1414,warrior,arms,56,30,26
Sludgthwaps,stormrage,1414,warrior,arms,65,33,32
Sako,amanthul,1414,warrior,arms,66,33,33
Evencane,stormrage,1414,warrior,arms,83,38,45
Layoon,azralon,1414,warrior,arms,55,24,31
Dizgraceful,malganis,1413,warrior,arms,30,21,9
Brotu,nemesis,1413,warrior,arms,187,101,86
Utgarde,stormrage,1413,warrior,arms,228,116,112
Scrapx,malganis,1413,warrior,arms,264,133,131
Violence,icecrown,1413,warrior,arms,30,15,15
Drusillaa,deathwing,1413,warrior,arms,30,15,15
Korboc,malganis,1413,warrior,arms,60,29,31
Slickpapi,area-52,1413,warrior,arms,93,44,49
Supersquish,moon-guard,1412,warrior,arms,182,91,91
Muertededios,quelthalas,1412,warrior,arms,141,70,71
Tenchuu,azralon,1412,warrior,arms,242,115,127
Ëssex,tichondrius,1412,warrior,arms,89,41,48
Altever,illidan,1412,warrior,arms,48,21,27
Warriormf,sargeras,1411,warrior,arms,42,28,14
Streetdog,stormrage,1411,warrior,arms,93,45,48
Ludicrous,dreadmaul,1411,warrior,arms,112,53,59
Ichigö,gundrak,1411,warrior,arms,85,38,47
Ninefingers,madoran,1410,warrior,arms,198,99,99
Shockkwave,tichondrius,1410,warrior,arms,30,15,15
Bdubz,moknathal,1410,warrior,arms,41,19,22
Kanamechan,area-52,1410,warrior,arms,71,28,43
Pelonna,drakkari,1409,warrior,arms,284,138,146
Nezy,frostmourne,1409,warrior,arms,36,15,21
Müsky,nathrezim,1409,warrior,arms,41,17,24
Fenømenoide,ragnaros,1408,warrior,arms,77,49,28
Toragorr,illidan,1408,warrior,arms,160,85,75
Darthauz,wyrmrest-accord,1408,warrior,arms,87,46,41
Kror,garona,1408,warrior,arms,105,52,53
Týrodar,moon-guard,1408,warrior,arms,72,34,38
Haxzors,sargeras,1408,warrior,arms,60,26,34
Moozz,dreadmaul,1408,warrior,arms,62,25,37
Warthorns,malganis,1408,warrior,arms,55,20,35
Jøq,ragnaros,1407,warrior,arms,44,24,20
Xzqtz,tichondrius,1407,warrior,arms,62,33,29
Silywarr,frostmourne,1407,warrior,arms,30,15,15
Tergll,illidan,1407,warrior,arms,116,55,61
Alphablade,frostmourne,1407,warrior,arms,47,22,25
Bigdingus,frostwolf,1407,warrior,arms,102,47,55
Edgeegee,sargeras,1406,warrior,arms,38,22,16
Yunnkel,ragnaros,1405,warrior,arms,204,99,105
Speedyfarm,sargeras,1405,warrior,arms,50,24,26
Hoodlark,lightbringer,1405,warrior,arms,78,30,48
Eggroll,emerald-dream,1405,warrior,arms,71,27,44
Bloodwish,stormrage,1404,warrior,arms,126,72,54
Baix,frostmourne,1404,warrior,arms,63,35,28
Tithousand,tichondrius,1404,warrior,arms,45,24,21
Rasazghal,darrowmere,1404,warrior,arms,184,83,101
Cevadix,azralon,1404,warrior,arms,87,38,49
Yummysushi,gorgonnash,1404,warrior,arms,76,31,45
Themessiah,stormrage,1403,warrior,arms,74,39,35
Pootyspootz,warsong,1403,warrior,arms,40,21,19
Erynus,malganis,1403,warrior,arms,56,29,27
Tasërface,hakkar,1403,warrior,arms,176,83,93
Zareos,azralon,1403,warrior,arms,40,17,23
Bløødy,lethon,1402,warrior,arms,26,17,9
Shattering,fizzcrank,1402,warrior,arms,36,19,17
Dëkm,quelthalas,1402,warrior,arms,65,34,31
Dysensor,illidan,1402,warrior,arms,204,104,100
Jinsol,illidan,1402,warrior,arms,215,108,107
Josephcrazy,tichondrius,1402,warrior,arms,52,26,26
Nabii,tichondrius,1402,warrior,arms,42,19,23
Frederick,barthilas,1402,warrior,arms,41,17,24
Fòntaine,shandris,1401,warrior,arms,54,29,25
Arashikage,malganis,1401,warrior,arms,52,25,27
Sigfir,ragnaros,1401,warrior,arms,76,36,40
Grindwar,echo-isles,1401,warrior,arms,66,28,38
Ramzabeoulve,tichondrius,1401,warrior,arms,83,31,52
Thaisyta,tichondrius,1400,warrior,arms,30,19,11
Huri,nemesis,1400,warrior,arms,170,95,75
Wreckz,blood-furnace,1400,warrior,arms,120,66,54
Rägar,quelthalas,1400,warrior,arms,133,67,66
Bottlecaps,shadowmoon,1400,warrior,arms,153,74,79
Filthyrandy,proudmoore,1400,warrior,arms,65,30,35
Eihn,quelthalas,1400,warrior,arms,71,31,40
Thètrùth,duskwood,1400,warrior,arms,117,48,69
Skizoid,kiljaeden,1399,warrior,arms,24,15,9
Papaming,tichondrius,1399,warrior,arms,158,79,79
Peeb,tichondrius,1399,warrior,arms,30,15,15
Hêllseeker,ragnaros,1399,warrior,arms,78,37,41
Waabi,emerald-dream,1398,warrior,arms,96,54,42
Ibba,khazgoroth,1398,warrior,arms,139,72,67
Undesmadre,ragnaros,1398,warrior,arms,48,21,27
Zaulgoodman,sargeras,1397,warrior,arms,71,34,37
Badbrain,barthilas,1397,warrior,arms,53,22,31
Nazereth,emerald-dream,1397,warrior,arms,42,17,25
Naxxiki,wyrmrest-accord,1396,warrior,arms,210,107,103
Aresmt,illidan,1396,warrior,arms,54,27,27
Skornnd,malganis,1396,warrior,arms,121,60,61
Titanor,illidan,1396,warrior,arms,121,54,67
Urscrewed,frostmane,1396,warrior,arms,83,34,49
Blodreìna,hyjal,1395,warrior,arms,157,70,87
Sokõ,tichondrius,1394,warrior,arms,48,28,20
Trizzle,thrall,1394,warrior,arms,42,22,20
Rageorade,area-52,1394,warrior,arms,35,16,19
Braxin,dalaran,1393,warrior,arms,101,51,50
Ygucheng,emerald-dream,1393,warrior,arms,115,56,59
Dorianfrost,ravenholdt,1393,warrior,arms,248,114,134
Barøneza,stormrage,1393,warrior,arms,40,18,22
Grimspin,tichondrius,1393,warrior,arms,48,17,31
Cläpped,thrall,1392,warrior,arms,24,15,9
Vanglorio,azralon,1392,warrior,arms,81,44,37
Kannzox,quelthalas,1392,warrior,arms,107,53,54
Zaurka,sargeras,1391,warrior,arms,30,18,12
Nicegirl,sargeras,1391,warrior,arms,69,36,33
Kinzi,quelthalas,1391,warrior,arms,201,93,108
Polox,ragnaros,1391,warrior,arms,61,27,34
Zondarg,drakkari,1391,warrior,arms,36,15,21
Sevala,spinebreaker,1390,warrior,arms,64,36,28
Huggesmash,thaurissan,1390,warrior,arms,48,26,22
Elyoy,aerie-peak,1390,warrior,arms,80,41,39
Tragictonka,stormrage,1390,warrior,arms,42,20,22
Natedógg,tichondrius,1390,warrior,arms,53,24,29
Lisande,sargeras,1388,warrior,arms,197,101,96
Warriordanim,tichondrius,1388,warrior,arms,551,263,288
Apallô,tichondrius,1388,warrior,arms,95,43,52
Rekcd,sargeras,1387,warrior,arms,36,23,13
Nãrax,area-52,1387,warrior,arms,40,20,20
Demonsláyer,illidan,1387,warrior,arms,30,15,15
Thrawb,bleeding-hollow,1387,warrior,arms,37,17,20
Insondável,thrall,1386,warrior,arms,60,35,25
Kilrosao,nordrassil,1386,warrior,arms,101,52,49
Cecchino,zuluhed,1386,warrior,arms,72,37,35
Gooshin,sargeras,1386,warrior,arms,153,78,75
Krimgar,quelthalas,1386,warrior,arms,160,70,90
Momojojo,daggerspine,1385,warrior,arms,26,18,8
Drygen,tichondrius,1385,warrior,arms,78,44,34
Morhgath,bonechewer,1385,warrior,arms,49,26,23
Stufit,emerald-dream,1385,warrior,arms,46,24,22
Retros,kelthuzad,1385,warrior,arms,96,49,47
Aoste,tichondrius,1385,warrior,arms,106,54,52
Nightshauyia,kelthuzad,1384,warrior,arms,69,37,32
Dubstoob,illidan,1384,warrior,arms,234,120,114
Golkän,goldrinn,1384,warrior,arms,76,36,40
Rohta,kiljaeden,1384,warrior,arms,161,74,87
Elegorn,nemesis,1384,warrior,arms,109,49,60
Legolant,uther,1384,warrior,arms,38,17,21
Raygé,malygos,1383,warrior,arms,45,21,24
Sllvrbck,tichondrius,1382,warrior,arms,70,41,29
Zuggarnaught,tichondrius,1382,warrior,arms,100,56,44
Destoryhamer,illidan,1382,warrior,arms,125,63,62
Devil,illidan,1382,warrior,arms,45,22,23
Beatmeat,frostmourne,1382,warrior,arms,83,38,45
Ghostss,tichondrius,1382,warrior,arms,67,29,38
Wesih,ragnaros,1382,warrior,arms,93,40,53
Boocawkeyy,illidan,1382,warrior,arms,66,28,38
Rargou,illidan,1382,warrior,arms,41,16,25
Rivenz,moon-guard,1382,warrior,arms,57,20,37
Kannerhus,quelthalas,1381,warrior,arms,214,111,103
Verain,thrall,1381,warrior,arms,36,17,19
Magnusson,kelthuzad,1381,warrior,arms,60,28,32
Säbeër,ragnaros,1381,warrior,arms,73,32,41
Numb,moon-guard,1381,warrior,arms,38,16,22
Gritrog,thrall,1380,warrior,arms,68,47,21
Durtmcsmash,stormrage,1380,warrior,arms,30,16,14
Tusktrollmon,illidan,1380,warrior,arms,158,78,80
Dankal,tichondrius,1380,warrior,arms,84,36,48
Typhön,tichondrius,1380,warrior,arms,77,31,46
Yamzprime,stormrage,1380,warrior,arms,54,21,33
Hoboken,quelthalas,1379,warrior,arms,70,40,30
Ragnarwar,azralon,1379,warrior,arms,87,49,38
Mahkrash,quelthalas,1379,warrior,arms,123,59,64
Brodin,maelstrom,1378,warrior,arms,30,18,12
Killtarget,tichondrius,1377,warrior,arms,82,45,37
Ukris,area-52,1377,warrior,arms,146,75,71
Rageinice,tichondrius,1377,warrior,arms,88,45,43
Tämuros,thrall,1376,warrior,arms,80,44,36
Monowarx,frostmourne,1376,warrior,arms,52,23,29
Ghostblood,stormscale,1375,warrior,arms,24,16,8
Krazyguerra,bleeding-hollow,1375,warrior,arms,72,42,30
Budzie,frostwolf,1375,warrior,arms,51,27,24
Mafe,tichondrius,1375,warrior,arms,58,28,30
Bùlk,barthilas,1375,warrior,arms,172,81,91
Umogarmac,draktharon,1375,warrior,arms,42,19,23
Beaerboy,darkspear,1375,warrior,arms,154,69,85
Themonsterr,stormrage,1375,warrior,arms,47,20,27
Kaggorax,tichondrius,1375,warrior,arms,57,23,34
Beowúlf,burning-blade,1375,warrior,arms,41,16,25
Casablancas,azralon,1375,warrior,arms,66,22,44
Josiah,frostmourne,1374,warrior,arms,45,25,20
Stompyocouch,mugthol,1374,warrior,arms,37,16,21
Chiêfatriox,tichondrius,1374,warrior,arms,60,22,38
Seariphim,lothar,1373,warrior,arms,57,30,27
Tenserr,kiljaeden,1373,warrior,arms,68,35,33
Nervoxztwo,ragnaros,1373,warrior,arms,222,113,109
Rhohan,ysera,1373,warrior,arms,83,40,43
Kipqt,frostmourne,1373,warrior,arms,75,35,40
Kowboy,stormrage,1372,warrior,arms,130,66,64
Pírlo,ragnaros,1372,warrior,arms,87,42,45
Franc,kiljaeden,1371,warrior,arms,50,27,23
Ragepocket,proudmoore,1371,warrior,arms,66,32,34
Slashcry,frostmourne,1371,warrior,arms,143,64,79
Udô,proudmoore,1371,warrior,arms,66,28,38
Diãbel,azralon,1370,warrior,arms,36,23,13
Sercastic,illidan,1370,warrior,arms,47,19,28
Vayper,illidan,1369,warrior,arms,145,72,73
Adryina,zuljin,1368,warrior,arms,30,16,14
Croxxs,aegwynn,1368,warrior,arms,68,30,38
Furiouss,moon-guard,1368,warrior,arms,36,15,21
Monkedurant,tichondrius,1367,warrior,arms,36,21,15
Makcumba,ragnaros,1367,warrior,arms,60,34,26
Magnar,zuljin,1367,warrior,arms,119,63,56
Dhakhota,azralon,1367,warrior,arms,42,22,20
Einz,dalaran,1367,warrior,arms,36,18,18
Honanilana,burning-legion,1367,warrior,arms,46,22,24
Evilkorean,tichondrius,1366,warrior,arms,59,29,30
Noppô,tichondrius,1366,warrior,arms,42,15,27
Rnkman,quelthalas,1365,warrior,arms,43,22,21
Demetrïus,moon-guard,1365,warrior,arms,48,24,24
Zugnut,tichondrius,1365,warrior,arms,70,34,36
Avalisk,balnazzar,1365,warrior,arms,72,32,40
Durko,whisperwind,1365,warrior,arms,36,16,20
Allgas,barthilas,1364,warrior,arms,156,83,73
Juicey,burning-blade,1364,warrior,arms,55,28,27
Mortalaxe,tichondrius,1364,warrior,arms,101,51,50
Thorado,nemesis,1364,warrior,arms,249,124,125
Jichelei,tichondrius,1364,warrior,arms,101,47,54
Cptstarship,sargeras,1364,warrior,arms,48,22,26
Truecarnage,emerald-dream,1363,warrior,arms,30,15,15
Tooto,kelthuzad,1363,warrior,arms,36,17,19
Ooktanx,emerald-dream,1363,warrior,arms,38,15,23
Tenochtitlan,kelthuzad,1363,warrior,arms,48,17,31
Necco,lothar,1362,warrior,arms,54,26,28
Chrosis,norgannon,1362,warrior,arms,172,81,91
Mjorn,sargeras,1362,warrior,arms,64,30,34
Yummybumbum,barthilas,1362,warrior,arms,60,26,34
Fatty,mugthol,1361,warrior,arms,60,32,28
Swordmasters,icecrown,1361,warrior,arms,83,39,44
Hammertoez,thunderhorn,1361,warrior,arms,44,18,26
Mervyn,aegwynn,1360,warrior,arms,48,29,19
Swàgnáros,area-52,1360,warrior,arms,35,21,14
Qetimporta,quelthalas,1360,warrior,arms,132,69,63
Mayonnaise,ragnaros,1360,warrior,arms,48,24,24
Warsaínt,area-52,1360,warrior,arms,65,31,34
Horcules,kiljaeden,1360,warrior,arms,115,54,61
Krakitus,azralon,1360,warrior,arms,99,43,56
Timotheapple,stormrage,1360,warrior,arms,38,16,22
Victorhugo,ragnaros,1359,warrior,arms,80,41,39
Twobyfuor,sargeras,1359,warrior,arms,95,48,47
Fuknazum,gundrak,1359,warrior,arms,346,170,176
Xerant,moon-guard,1359,warrior,arms,35,16,19
Lègèndáry,dark-iron,1359,warrior,arms,48,21,27
Spartanor,darkspear,1359,warrior,arms,38,15,23
Tigo,khaz-modan,1358,warrior,arms,87,47,40
Rárict,moon-guard,1358,warrior,arms,82,41,41
Taürok,azralon,1358,warrior,arms,54,27,27
Frankoiz,quelthalas,1358,warrior,arms,131,59,72
Bloodxfrenzy,silvermoon,1358,warrior,arms,54,24,30
Wingaling,malganis,1358,warrior,arms,143,59,84
Nightwing,bleeding-hollow,1358,warrior,arms,48,19,29
Ightdoex,zuljin,1357,warrior,arms,32,22,10
Hikikomori,goldrinn,1357,warrior,arms,85,47,38
Lsays,tichondrius,1357,warrior,arms,284,138,146
Khaellanax,azralon,1357,warrior,arms,108,52,56
Estivador,kelthuzad,1357,warrior,arms,62,27,35
Hugz,thrall,1357,warrior,arms,36,15,21
Knewty,stormrage,1357,warrior,arms,68,28,40
Raekor,tichondrius,1356,warrior,arms,54,33,21
Chanchoswar,ragnaros,1356,warrior,arms,138,62,76
Ragesimp,stormrage,1356,warrior,arms,35,15,20
Funkyjosh,spirestone,1355,warrior,arms,30,16,14
Pangpou,tichondrius,1355,warrior,arms,156,83,73
Underbite,area-52,1355,warrior,arms,112,56,56
Kourny,frostmourne,1355,warrior,arms,93,46,47
Janlei,quelthalas,1355,warrior,arms,116,54,62
Xufoxpikmin,gurubashi,1355,warrior,arms,130,60,70
Daedrá,blackhand,1355,warrior,arms,50,15,35
Azrielsc,vashj,1354,warrior,arms,99,52,47
Zeerohkool,malganis,1354,warrior,arms,160,74,86
Lowlow,lightbringer,1354,warrior,arms,36,16,20
Empriux,quelthalas,1354,warrior,arms,54,21,33
Gristly,sargeras,1353,warrior,arms,54,29,25
Ketaqt,illidan,1353,warrior,arms,110,54,56
Geoffreyxan,veknilash,1353,warrior,arms,68,32,36
Silverkiller,drakkari,1352,warrior,arms,57,29,28
Rapralph,barthilas,1352,warrior,arms,54,26,28
Nviv,proudmoore,1352,warrior,arms,156,74,82
Browneyed,area-52,1352,warrior,arms,36,15,21
Valder,akama,1351,warrior,arms,51,24,27
Irongummy,frostmourne,1350,warrior,arms,96,48,48
Hiddensquidd,stormrage,1349,warrior,arms,57,35,22
Friends,azjolnerub,1349,warrior,arms,41,24,17
Mightypower,gurubashi,1349,warrior,arms,30,17,13
Hippy,kiljaeden,1349,warrior,arms,34,19,15
Tinydingo,sargeras,1349,warrior,arms,36,19,17
Rekitralph,tichondrius,1349,warrior,arms,56,26,30
Northhill,tichondrius,1348,warrior,arms,193,100,93
Jsolucky,thrall,1348,warrior,arms,36,15,21
Macsen,zuljin,1347,warrior,arms,42,22,20
Mauler,medivh,1347,warrior,arms,42,21,21
Odrath,tichondrius,1347,warrior,arms,108,52,56
Vamtoro,illidan,1346,warrior,arms,80,46,34
Zmmsx,tichondrius,1346,warrior,arms,348,172,176
Rasgriz,moon-guard,1346,warrior,arms,43,20,23
Ðarkstar,zuljin,1346,warrior,arms,179,81,98
Zeerohkool,tichondrius,1346,warrior,arms,126,57,69
Warspartan,stormrage,1345,warrior,arms,36,20,16
Hôdû,tichondrius,1345,warrior,arms,111,56,55
Smoket,tichondrius,1345,warrior,arms,80,37,43
Balakay,drenden,1344,warrior,arms,30,19,11
Eirikdahulk,area-52,1344,warrior,arms,37,22,15
Brocahontas,suramar,1344,warrior,arms,66,37,29
Fuller,kelthuzad,1344,warrior,arms,48,25,23
Battousäi,kiljaeden,1343,warrior,arms,24,14,10
Okayge,proudmoore,1343,warrior,arms,24,14,10
Cabelas,tichondrius,1343,warrior,arms,24,14,10
Warraaxx,stonemaul,1343,warrior,arms,48,25,23
Armokar,tichondrius,1343,warrior,arms,75,35,40
Lagzistance,area-52,1343,warrior,arms,30,14,16
Dt,amanthul,1343,warrior,arms,38,17,21
Dolkal,tichondrius,1343,warrior,arms,95,39,56
Tanskii,sargeras,1342,warrior,arms,38,23,15
Miniraccoon,tichondrius,1342,warrior,arms,24,14,10
Jersucristö,quelthalas,1342,warrior,arms,24,14,10
Kelidar,kaelthas,1342,warrior,arms,76,39,37
Bloodface,azralon,1342,warrior,arms,31,15,16
Punnisher,nerzhul,1342,warrior,arms,71,33,38
Aidenwr,area-52,1342,warrior,arms,36,14,22
Kurdt,tichondrius,1341,warrior,arms,24,14,10
Mcflury,skullcrusher,1341,warrior,arms,24,14,10
Aaltara,barthilas,1341,warrior,arms,72,39,33
Zhyper,frostmourne,1341,warrior,arms,36,19,17
Sáítámá,tichondrius,1341,warrior,arms,58,30,28
Colnar,stormrage,1341,warrior,arms,48,22,26
Qtcrow,frostmourne,1340,warrior,arms,92,47,45
Tsurik,malfurion,1340,warrior,arms,66,31,35
Roccoz,quelthalas,1340,warrior,arms,33,15,18
Gentlehugs,illidan,1340,warrior,arms,36,14,22
Silvers,blades-edge,1340,warrior,arms,65,24,41
Eudora,stormrage,1339,warrior,arms,108,59,49
Antoníuz,drakkari,1339,warrior,arms,66,31,35
Scumrat,frostmourne,1339,warrior,arms,103,48,55
Sriara,ragnaros,1339,warrior,arms,36,16,20
Jfordnever,area-52,1338,warrior,arms,24,15,9
Nerdstorm,tichondrius,1338,warrior,arms,24,14,10
Amérus,moon-guard,1338,warrior,arms,30,16,14
Sloppyglucks,moon-guard,1338,warrior,arms,36,16,20
Geubsalz,tichondrius,1337,warrior,arms,18,14,4
Thuggyfresh,malganis,1337,warrior,arms,24,14,10
Zroz,ragnaros,1337,warrior,arms,75,40,35
Kiritos,draktharon,1337,warrior,arms,177,86,91
Rockadoodle,tichondrius,1337,warrior,arms,78,37,41
Zebron,sargeras,1337,warrior,arms,37,16,21
Govosh,thrall,1336,warrior,arms,24,14,10
Èox,barthilas,1336,warrior,arms,58,32,26
Putong,tichondrius,1336,warrior,arms,101,55,46
Elix,stormscale,1336,warrior,arms,42,22,20
Irix,tichondrius,1336,warrior,arms,147,74,73
Viagraliker,tichondrius,1336,warrior,arms,44,19,25
Pum,bleeding-hollow,1336,warrior,arms,51,22,29
Lokiilloo,drakkari,1335,warrior,arms,156,81,75
Amaus,queldorei,1335,warrior,arms,67,33,34
Secsecute,moon-guard,1335,warrior,arms,45,22,23
Muss,tichondrius,1335,warrior,arms,39,19,20
Mortalstrike,chogall,1335,warrior,arms,63,28,35
Xenoblade,wildhammer,1335,warrior,arms,48,21,27
Muguiying,frostmourne,1335,warrior,arms,44,16,28
Galrager,moon-guard,1335,warrior,arms,42,15,27
Zugface,tichondrius,1335,warrior,arms,42,14,28
Aguìi,quelthalas,1334,warrior,arms,30,17,13
Hoshigaki,frostmourne,1334,warrior,arms,89,47,42
Loothar,goldrinn,1334,warrior,arms,173,87,86
Prodigál,dalaran,1334,warrior,arms,36,15,21
Etothed,stormrage,1334,warrior,arms,65,27,38
Rhâêgâr,tichondrius,1333,warrior,arms,83,46,37
Xampuu,ragnaros,1333,warrior,arms,40,22,18
Thegoochgoon,malorne,1333,warrior,arms,73,39,34
Barricade,velen,1333,warrior,arms,206,101,105
Korsarro,frostmourne,1333,warrior,arms,134,65,69
Ggodmyles,lightbringer,1333,warrior,arms,72,32,40
Kittybang,quelthalas,1333,warrior,arms,89,37,52
Organge,zuljin,1333,warrior,arms,36,14,22
Orcimonde,arthas,1333,warrior,arms,57,21,36
Vlix,korgath,1332,warrior,arms,36,19,17
Hoodlord,tichondrius,1332,warrior,arms,76,38,38
Odrak,ragnaros,1332,warrior,arms,96,40,56
Brontok,darkspear,1331,warrior,arms,111,57,54
Excaliburz,frostmourne,1331,warrior,arms,241,121,120
Heltic,uldum,1331,warrior,arms,30,15,15
Vampiranha,azralon,1331,warrior,arms,30,14,16
Powerhard,area-52,1331,warrior,arms,63,28,35
Blackzone,lethon,1331,warrior,arms,46,19,27
Fosachee,darkspear,1331,warrior,arms,45,17,28
Cainne,proudmoore,1330,warrior,arms,30,19,11
Doomreaprr,sargeras,1330,warrior,arms,50,27,23
Jösellä,rivendare,1330,warrior,arms,30,14,16
Kayaburn,tichondrius,1329,warrior,arms,36,26,10
Xeto,ragnaros,1329,warrior,arms,77,43,34
Deadhawk,wyrmrest-accord,1329,warrior,arms,126,59,67
Thecolor,tichondrius,1329,warrior,arms,42,15,27
Hadesz,nazjatar,1328,warrior,arms,83,45,38
Nuclearfury,khadgar,1328,warrior,arms,60,31,29
Dracufeuer,bleeding-hollow,1328,warrior,arms,30,15,15
Guitter,nazjatar,1328,warrior,arms,72,34,38
Xowarr,borean-tundra,1328,warrior,arms,35,16,19
Crnogorac,hakkar,1327,warrior,arms,24,15,9
Cyllå,frostmourne,1327,warrior,arms,33,18,15
Kalnor,dark-iron,1327,warrior,arms,56,29,27
Kantorowicz,goldrinn,1327,warrior,arms,172,85,87
Bigcerts,darkspear,1327,warrior,arms,78,38,40
Saero,ragnaros,1327,warrior,arms,36,17,19
Deesad,azralon,1327,warrior,arms,34,16,18
Vodkagoblin,sargeras,1327,warrior,arms,30,14,16
Kamboocha,tichondrius,1327,warrior,arms,34,15,19
Ketasshi,kelthuzad,1327,warrior,arms,36,14,22
Crul,gurubashi,1327,warrior,arms,43,15,28
Stolz,dragonmaw,1326,warrior,arms,90,46,44
Cbum,quelthalas,1325,warrior,arms,84,43,41
Brrazze,moon-guard,1325,warrior,arms,30,14,16
Eîghtysîx,sargeras,1325,warrior,arms,160,71,89
Vice,muradin,1324,warrior,arms,28,15,13
Originalpimp,bleeding-hollow,1324,warrior,arms,36,17,19
Kanekhy,ragnaros,1324,warrior,arms,72,33,39
Mitered,tichondrius,1323,warrior,arms,39,19,20
Dennlss,quelthalas,1323,warrior,arms,182,84,98
Genesisxp,barthilas,1323,warrior,arms,36,16,20
Roaranoa,saurfang,1322,warrior,arms,162,82,80
Overfury,azralon,1322,warrior,arms,36,18,18
Notsi,ragnaros,1322,warrior,arms,104,48,56
Aersasi,tichondrius,1321,warrior,arms,54,34,20
Loaksz,tichondrius,1321,warrior,arms,36,19,17
Toagrim,azralon,1321,warrior,arms,78,36,42
Maxalyss,stormrage,1321,warrior,arms,48,22,26
Morbaras,tichondrius,1321,warrior,arms,71,31,40
Darthbjorn,lethon,1320,warrior,arms,66,38,28
Nyokenshi,quelthalas,1320,warrior,arms,67,37,30
Rageoverdose,burning-legion,1320,warrior,arms,246,124,122
Donnacha,garona,1320,warrior,arms,60,28,32
Nada,eredar,1320,warrior,arms,30,14,16
Reckfül,proudmoore,1320,warrior,arms,30,14,16
Kanchy,sargeras,1319,warrior,arms,24,14,10
Vemue,tichondrius,1319,warrior,arms,202,99,103
Linçpin,tichondrius,1319,warrior,arms,60,29,31
Sinergui,nemesis,1318,warrior,arms,78,43,35
Juff,hakkar,1318,warrior,arms,120,60,60
Rollz,amanthul,1318,warrior,arms,68,33,35
Lujzika,stormreaver,1318,warrior,arms,39,17,22
Alejandros,azgalor,1318,warrior,arms,41,17,24
Babybears,tichondrius,1318,warrior,arms,84,30,54
Calmaah,frostmourne,1317,warrior,arms,63,33,30
Badmanego,illidan,1317,warrior,arms,207,100,107
Tryndåmere,firetree,1317,warrior,arms,66,27,39
Facelessvoid,sargeras,1317,warrior,arms,66,25,41
Kitonic,proudmoore,1316,warrior,arms,35,21,14
Iigotu,tichondrius,1316,warrior,arms,474,233,241
Moffett,illidan,1316,warrior,arms,30,14,16
Azrailz,stormrage,1315,warrior,arms,24,14,10
Ashrah,emerald-dream,1315,warrior,arms,66,36,30
Mackjackson,sargeras,1315,warrior,arms,54,26,28
Neozsmash,thrall,1315,warrior,arms,75,36,39
Ailes,hakkar,1315,warrior,arms,55,23,32
Vondrack,ragnaros,1315,warrior,arms,83,34,49
Corthíus,stormrage,1314,warrior,arms,34,18,16
Sonezwar,thrall,1314,warrior,arms,78,38,40
Ragehir,thrall,1314,warrior,arms,31,15,16
Ragepumper,stormrage,1314,warrior,arms,63,29,34
Bruttallis,frostmane,1314,warrior,arms,63,28,35
Fatnfurious,dunemaul,1313,warrior,arms,172,82,90
Viladoht,aegwynn,1313,warrior,arms,48,22,26
Ponchetas,quelthalas,1313,warrior,arms,114,52,62
Orcaine,ursin,1312,warrior,arms,77,45,32
Chargingboto,dragonmaw,1312,warrior,arms,49,21,28
Logi,alexstrasza,1312,warrior,arms,42,17,25
Hamandaxe,amanthul,1311,warrior,arms,24,14,10
Chelero,area-52,1311,warrior,arms,44,24,20
Wvllis,zuljin,1311,warrior,arms,73,38,35
Biloni,ragnaros,1311,warrior,arms,60,26,34
Braygar,barthilas,1311,warrior,arms,53,18,35
Rahgnarson,kelthuzad,1310,warrior,arms,54,15,39
Verigislena,moon-guard,1309,warrior,arms,56,28,28
Jalaskâ,azralon,1309,warrior,arms,82,39,43
Haowar,tichondrius,1309,warrior,arms,67,29,38
Slasherman,illidan,1309,warrior,arms,42,14,28
Lïnkzq,frostmourne,1308,warrior,arms,33,19,14
Walmir,shadow-council,1308,warrior,arms,75,41,34
Repsey,zuljin,1308,warrior,arms,47,25,22
Imallalone,tichondrius,1308,warrior,arms,184,88,96
Arm,stormscale,1308,warrior,arms,80,38,42
Blàdê,illidan,1308,warrior,arms,108,44,64
Daymiian,blackrock,1308,warrior,arms,42,17,25
Notskulm,emerald-dream,1308,warrior,arms,36,14,22
Gobx,tichondrius,1308,warrior,arms,43,16,27
Schwicker,stormrage,1307,warrior,arms,34,17,17
Guille,skullcrusher,1306,warrior,arms,54,33,21
Colosal,drakkari,1306,warrior,arms,43,24,19
Demetryuz,azralon,1306,warrior,arms,40,22,18
Syllana,sargeras,1306,warrior,arms,30,15,15
Chieef,illidan,1306,warrior,arms,30,14,16
Teedubbs,antonidas,1306,warrior,arms,54,21,33
Truongx,kiljaeden,1305,warrior,arms,36,21,15
Arthknight,ragnaros,1305,warrior,arms,63,34,29
Aræn,sargeras,1305,warrior,arms,60,30,30
Exxic,zuljin,1305,warrior,arms,42,21,21
Kappis,illidan,1305,warrior,arms,77,37,40
Timbajimba,silvermoon,1305,warrior,arms,64,30,34
Saltyundies,tichondrius,1305,warrior,arms,147,66,81
Dysteriah,frostmourne,1305,warrior,arms,124,55,69
Dreweth,altar-of-storms,1304,warrior,arms,30,16,14
Xl,quelthalas,1304,warrior,arms,172,83,89
Zaexx,stormrage,1304,warrior,arms,103,49,54
Baye,kargath,1304,warrior,arms,34,14,20
Crú,stormrage,1304,warrior,arms,54,22,32
Arox,ghostlands,1303,warrior,arms,66,34,32
Marraneitor,quelthalas,1303,warrior,arms,60,29,31
Thunderess,illidan,1303,warrior,arms,83,38,45
Carken,kiljaeden,1302,warrior,arms,42,22,20
Marvél,quelthalas,1302,warrior,arms,362,183,179
Nukemz,tichondrius,1302,warrior,arms,48,21,27
Akj,sargeras,1302,warrior,arms,54,23,31
Donhoolio,illidan,1301,warrior,arms,24,14,10
Nepheliloux,amanthul,1301,warrior,arms,42,23,19
Ratherfull,ragnaros,1301,warrior,arms,28,14,14
Beserkqt,azralon,1301,warrior,arms,54,23,31
Invared,stormrage,1300,warrior,arms,24,14,10
Noobslayr,wyrmrest-accord,1300,warrior,arms,50,28,22
Warnick,illidan,1300,warrior,arms,72,35,37
Pvpheart,tichondrius,1299,warrior,arms,47,27,20
Mubun,tichondrius,1299,warrior,arms,69,39,30
Creator,dalaran,1299,warrior,arms,36,18,18
Rongkhunxyz,tichondrius,1299,warrior,arms,94,45,49
Warrdawg,tichondrius,1298,warrior,arms,36,20,16
Tsmtsmtsm,tichondrius,1298,warrior,arms,36,20,16
Dumä,frostmourne,1298,warrior,arms,42,22,20
Demðnslayer,kelthuzad,1298,warrior,arms,109,57,52
Nìght,malganis,1298,warrior,arms,44,23,21
Vobiscum,drakkari,1298,warrior,arms,36,18,18
Junsus,moon-guard,1298,warrior,arms,107,51,56
Ccmeharder,kiljaeden,1298,warrior,arms,30,14,16
Rekem,malganis,1298,warrior,arms,78,35,43
Armorlancer,stormrage,1298,warrior,arms,42,18,24
Brownman,saurfang,1298,warrior,arms,84,35,49
Zeiyah,quelthalas,1297,warrior,arms,28,15,13
Magmaheart,lightbringer,1297,warrior,arms,42,19,23
Cowsgomerr,tichondrius,1297,warrior,arms,40,16,24
Jrodrick,nemesis,1297,warrior,arms,75,29,46
Iromrogar,area-52,1296,warrior,arms,30,14,16
Yoruba,burning-blade,1296,warrior,arms,116,51,65
Aztecvil,drakkari,1296,warrior,arms,42,16,26
Superpot,bleeding-hollow,1295,warrior,arms,55,26,29
Beeny,tichondrius,1295,warrior,arms,33,14,19
Rambð,illidan,1294,warrior,arms,55,34,21
Carodataverm,saurfang,1294,warrior,arms,36,18,18
Superdah,kiljaeden,1294,warrior,arms,102,48,54
Verrynasty,area-52,1294,warrior,arms,54,23,31
Spinduhwin,stormrage,1293,warrior,arms,25,15,10
Krunchal,terenas,1293,warrior,arms,90,50,40
Theregulator,area-52,1293,warrior,arms,105,58,47
Spitfired,kiljaeden,1293,warrior,arms,46,25,21
Hoofzies,tichondrius,1293,warrior,arms,30,14,16
Angertooth,tichondrius,1293,warrior,arms,30,14,16
Edwiddin,frostmourne,1293,warrior,arms,137,62,75
Tunasurprize,stormrage,1293,warrior,arms,45,20,25
Terros,skywall,1292,warrior,arms,42,21,21
Bfrenzy,dalaran,1292,warrior,arms,77,36,41
Weepingdeath,burning-legion,1292,warrior,arms,72,33,39
Arên,ragnaros,1292,warrior,arms,39,16,23
Fabszord,nemesis,1291,warrior,arms,88,52,36
Aziz,kiljaeden,1291,warrior,arms,43,18,25
Skrot,stormrage,1290,warrior,arms,118,59,59
Nosfuratuzod,frostmourne,1290,warrior,arms,67,33,34
Tapijuju,stormrage,1290,warrior,arms,112,54,58
Hatedßyßlízz,area-52,1290,warrior,arms,66,30,36
Agoro,tichondrius,1290,warrior,arms,41,18,23
Yamato,skywall,1290,warrior,arms,61,25,36
Chargeback,zuljin,1289,warrior,arms,74,39,35
Daddymoist,moon-guard,1289,warrior,arms,107,55,52
Grumok,tichondrius,1289,warrior,arms,57,24,33
Storkos,moon-guard,1288,warrior,arms,148,75,73
Ðigger,rivendare,1288,warrior,arms,48,22,26
Maleap,moon-guard,1288,warrior,arms,122,52,70
Bigolpeen,sargeras,1287,warrior,arms,66,38,28
Ragebladë,tichondrius,1287,warrior,arms,296,159,137
ßaldbornë,stormrage,1287,warrior,arms,118,57,61
Walterwhîte,tichondrius,1287,warrior,arms,30,14,16
Krittzie,proudmoore,1287,warrior,arms,42,19,23
Dhaemom,azralon,1286,warrior,arms,140,71,69
Utheroellin,stormrage,1286,warrior,arms,30,15,15
Kiayla,quelthalas,1286,warrior,arms,338,163,175
Babamama,tichondrius,1286,warrior,arms,62,29,33
Swám,quelthalas,1286,warrior,arms,60,28,32
Asarg,emerald-dream,1285,warrior,arms,54,34,20
Blacksmiff,malganis,1285,warrior,arms,150,80,70
Äpéx,stormrage,1285,warrior,arms,32,16,16
Golinn,aerie-peak,1285,warrior,arms,204,101,103
Datsongz,proudmoore,1285,warrior,arms,144,70,74
Gageoddord,kiljaeden,1285,warrior,arms,42,18,24
Khâi,tichondrius,1285,warrior,arms,45,19,26
Shotgunzx,tichondrius,1285,warrior,arms,39,14,25
Ðåddý,stormrage,1285,warrior,arms,41,14,27
Valde,stormrage,1284,warrior,arms,27,14,13
Wankcelot,kiljaeden,1284,warrior,arms,72,35,37
Ballsy,fenris,1284,warrior,arms,66,30,36
Dualip,tichondrius,1283,warrior,arms,75,38,37
Theentity,mannoroth,1283,warrior,arms,44,15,29
Tobiwan,ragnaros,1282,warrior,arms,53,28,25
Niudazhuang,tichondrius,1282,warrior,arms,118,62,56
Swamis,stormreaver,1282,warrior,arms,66,32,34
Guanyúu,tichondrius,1282,warrior,arms,29,14,15
Zemdur,azralon,1282,warrior,arms,42,19,23
Heals,zuljin,1282,warrior,arms,36,15,21
Atrocithy,ragnaros,1280,warrior,arms,22,14,8
Biggieswords,madoran,1280,warrior,arms,29,16,13
Maimif,korgath,1280,warrior,arms,39,18,21
Otheralex,kiljaeden,1280,warrior,arms,36,16,20
Ohanselo,quelthalas,1280,warrior,arms,60,25,35
Keanucleaves,khazgoroth,1280,warrior,arms,34,14,20
Mickyplate,tichondrius,1279,warrior,arms,84,41,43
Ålbedo,malganis,1279,warrior,arms,35,17,18
Kujø,wyrmrest-accord,1279,warrior,arms,36,17,19
Thanitose,bleeding-hollow,1279,warrior,arms,33,15,18
Elbelgon,ragnaros,1279,warrior,arms,93,39,54
Riuk,goldrinn,1278,warrior,arms,89,53,36
Onionion,stormrage,1278,warrior,arms,30,14,16
Iyamii,hyjal,1277,warrior,arms,47,23,24
Shishokun,quelthalas,1277,warrior,arms,146,65,81
Tolette,quelthalas,1276,warrior,arms,60,32,28
Aintou,aegwynn,1276,warrior,arms,48,23,25
Bwhaha,frostwolf,1275,warrior,arms,61,37,24
Baadomishram,ragnaros,1275,warrior,arms,66,32,34
Durist,tichondrius,1275,warrior,arms,46,14,32
Odinsglory,mugthol,1274,warrior,arms,277,135,142
Depthsii,lightbringer,1274,warrior,arms,36,17,19
Squeekzz,frostmane,1273,warrior,arms,62,31,31
Azog,bleeding-hollow,1273,warrior,arms,89,43,46
Stangomongo,tichondrius,1273,warrior,arms,73,34,39
Gilgaméshh,tichondrius,1273,warrior,arms,96,40,56
Unwarmas,ragnaros,1273,warrior,arms,53,19,34
Tappia,quelthalas,1273,warrior,arms,42,14,28
Córnpop,tichondrius,1272,warrior,arms,29,16,13
Ivanovh,quelthalas,1272,warrior,arms,219,110,109
Thörir,proudmoore,1272,warrior,arms,70,34,36
Rineer,tichondrius,1272,warrior,arms,60,27,33
Meleth,darkspear,1272,warrior,arms,36,14,22
Annaliyah,wyrmrest-accord,1271,warrior,arms,81,46,35
Xalvotan,sargeras,1271,warrior,arms,30,16,14
Kreyonz,hyjal,1271,warrior,arms,63,33,30
Chawp,emerald-dream,1271,warrior,arms,53,26,27
Arrozkonlech,proudmoore,1269,warrior,arms,78,38,40
Rawlur,zuljin,1269,warrior,arms,77,35,42
Daniín,azralon,1269,warrior,arms,46,19,27
Meatsplash,sargeras,1269,warrior,arms,62,25,37
Mfmuggz,thunderlord,1267,warrior,arms,65,32,33
Torkus,ragnaros,1267,warrior,arms,82,39,43
Deadee,aerie-peak,1267,warrior,arms,111,52,59
Çleåvage,stormrage,1267,warrior,arms,118,55,63
Catastrophie,mugthol,1266,warrior,arms,87,39,48
Shadalloo,azralon,1266,warrior,arms,36,15,21
Grimreáper,bleeding-hollow,1266,warrior,arms,138,54,84
Hintofmint,tichondrius,1265,warrior,arms,86,47,39
Onso,ragnaros,1265,warrior,arms,46,22,24
Ermeji,ragnaros,1265,warrior,arms,131,58,73
Mogtash,blackrock,1265,warrior,arms,77,32,45
Seshømaru,quelthalas,1264,warrior,arms,26,15,11
Pandaniela,area-52,1263,warrior,arms,42,25,17
Ready,laughing-skull,1263,warrior,arms,54,30,24
Thelgrath,quelthalas,1263,warrior,arms,136,66,70
Danielss,ragnaros,1263,warrior,arms,58,24,34
Krimmjðw,sargeras,1263,warrior,arms,36,14,22
Faiken,quelthalas,1262,warrior,arms,138,76,62
Iwishiknew,kargath,1262,warrior,arms,42,20,22
Muugrexe,ragnaros,1262,warrior,arms,55,23,32
Supersteak,tichondrius,1261,warrior,arms,30,16,14
Korlòth,proudmoore,1261,warrior,arms,30,14,16
Bigmachete,tichondrius,1261,warrior,arms,32,14,18
Bailo,dathremar,1260,warrior,arms,36,20,16
Laynarri,hyjal,1260,warrior,arms,60,28,32
Babyguns,tichondrius,1260,warrior,arms,96,44,52
Aggrieve,barthilas,1260,warrior,arms,41,18,23
Earfquake,boulderfist,1259,warrior,arms,58,30,28
Gaydin,eldrethalas,1259,warrior,arms,81,35,46
Bobsanchez,warsong,1259,warrior,arms,47,20,27
Monardaid,uldum,1259,warrior,arms,42,17,25
Weesten,aerie-peak,1258,warrior,arms,60,33,27
Wrathena,khadgar,1258,warrior,arms,55,26,29
Bloren,thrall,1257,warrior,arms,54,31,23
Animato,tichondrius,1257,warrior,arms,68,29,39
Panzerian,area-52,1256,warrior,arms,55,28,27
Rhagnael,malganis,1256,warrior,arms,88,36,52
Selathiel,burning-blade,1256,warrior,arms,40,16,24
Anlerrick,frostwolf,1255,warrior,arms,31,21,10
Ximzhao,quelthalas,1255,warrior,arms,121,58,63
Aleniá,tichondrius,1255,warrior,arms,89,42,47
Stromkiller,stormrage,1255,warrior,arms,30,14,16
Dúmßlòwn,tichondrius,1255,warrior,arms,171,79,92
Vio,mannoroth,1255,warrior,arms,35,16,19
Laint,wyrmrest-accord,1254,warrior,arms,146,73,73
Jijiyeya,tichondrius,1254,warrior,arms,71,31,40
Erdres,kelthuzad,1254,warrior,arms,104,40,64
Mussashí,stormrage,1253,warrior,arms,76,43,33
Obstruktíon,tichondrius,1253,warrior,arms,78,37,41
Lilboytroy,korgath,1253,warrior,arms,36,15,21
Aromar,kiljaeden,1252,warrior,arms,88,45,43
Titanika,wyrmrest-accord,1252,warrior,arms,132,59,73
Ñors,spinebreaker,1252,warrior,arms,54,21,33
Babyreap,frostmourne,1251,warrior,arms,24,14,10
Sherway,quelthalas,1251,warrior,arms,352,177,175
Portersz,korgath,1251,warrior,arms,52,26,26
Jellybomb,sargeras,1251,warrior,arms,234,110,124
Vikkz,frostmourne,1251,warrior,arms,60,26,34
Bersorcker,ragnaros,1251,warrior,arms,111,48,63
Hblock,barthilas,1251,warrior,arms,45,16,29
Knghtofseven,nemesis,1249,warrior,arms,84,43,41
Rickyxp,aggramar,1249,warrior,arms,96,46,50
Zeldrissx,quelthalas,1249,warrior,arms,82,36,46
Rebelzudo,azralon,1248,warrior,arms,84,48,36
Magarrior,shadowsong,1248,warrior,arms,46,24,22
Luckybrother,tichondrius,1248,warrior,arms,184,91,93
Ðwârf,tichondrius,1248,warrior,arms,56,23,33
Raizzw,ragnaros,1247,warrior,arms,18,13,5
Areaves,moon-guard,1247,warrior,arms,24,13,11
Herdercas,sargeras,1247,warrior,arms,24,13,11
Åthos,illidan,1247,warrior,arms,25,13,12
Bizherp,ragnaros,1247,warrior,arms,108,49,59
Maywarro,ragnaros,1247,warrior,arms,89,40,49
Llewellenar,stormrage,1247,warrior,arms,89,40,49
Sabotender,suramar,1247,warrior,arms,30,13,17
Izhansheni,illidan,1247,warrior,arms,54,21,33
Noroots,stormrage,1246,warrior,arms,18,13,5
Marrago,moon-guard,1246,warrior,arms,24,13,11
Geyaráh,azralon,1246,warrior,arms,30,15,15
Cauldrin,bleeding-hollow,1246,warrior,arms,482,237,245
Callad,tichondrius,1246,warrior,arms,47,22,25
Avesielli,dalaran,1246,warrior,arms,90,41,49
Lilfookur,dalaran,1246,warrior,arms,82,37,45
Schizogeist,malganis,1246,warrior,arms,40,18,22
Mnoga,azralon,1246,warrior,arms,87,38,49
Warhji,malganis,1246,warrior,arms,30,13,17
Spearmisser,stormrage,1246,warrior,arms,30,13,17
Novastormer,barthilas,1246,warrior,arms,138,59,79
Sleepypie,tichondrius,1245,warrior,arms,18,13,5
Püsspeepers,kelthuzad,1245,warrior,arms,24,13,11
Gunjay,sargeras,1245,warrior,arms,27,14,13
Varekai,frostmourne,1245,warrior,arms,80,38,42
Renaissancex,tichondrius,1245,warrior,arms,30,13,17
Agoge,stormrage,1245,warrior,arms,33,14,19
Davidorco,drakkari,1245,warrior,arms,59,24,35
Rarelinew,malganis,1244,warrior,arms,18,13,5
Swordfighter,moon-guard,1244,warrior,arms,18,13,5
Homicideted,frostmourne,1244,warrior,arms,126,63,63
Yiffathon,wyrmrest-accord,1244,warrior,arms,173,82,91
Keskiya,frostmourne,1244,warrior,arms,47,18,29
Bornclueless,illidan,1244,warrior,arms,39,13,26
Dutchyy,frostmourne,1243,warrior,arms,24,13,11
Lgnasty,area-52,1243,warrior,arms,24,13,11
Malvicious,proudmoore,1243,warrior,arms,24,13,11
Mokrog,bleeding-hollow,1243,warrior,arms,24,13,11
Smallbrainx,tichondrius,1243,warrior,arms,24,13,11
Bilmuuri,illidan,1243,warrior,arms,51,25,26
Soniixz,ragnaros,1243,warrior,arms,112,50,62
Nexgenwar,destromath,1243,warrior,arms,30,13,17
Flexinbooty,kelthuzad,1243,warrior,arms,36,13,23
Swoonmixy,frostmourne,1243,warrior,arms,36,13,23
Loganunlucky,kelthuzad,1242,warrior,arms,24,13,11
Ystk,tichondrius,1242,warrior,arms,24,13,11
Thunderclapz,stormscale,1242,warrior,arms,30,16,14
Deadhofe,azuremyst,1242,warrior,arms,39,20,19
Aelrog,malganis,1242,warrior,arms,240,123,117
Devilsbane,khaz-modan,1242,warrior,arms,117,57,60
Skunkz,kelthuzad,1242,warrior,arms,30,13,17
Vâìn,tichondrius,1242,warrior,arms,70,30,40
Queterompo,ragnaros,1241,warrior,arms,98,52,46
Ragedump,shadowsong,1241,warrior,arms,26,13,13
Pangean,sargeras,1241,warrior,arms,125,60,65
Maaushang,wyrmrest-accord,1241,warrior,arms,30,13,17
Boouuaakk,tichondrius,1241,warrior,arms,30,13,17
Swingyslammy,area-52,1241,warrior,arms,30,13,17
Qtxd,malganis,1240,warrior,arms,24,13,11
Warmong,uldum,1240,warrior,arms,52,24,28
Deamonkiller,kelthuzad,1240,warrior,arms,115,51,64
Rahj,caelestrasz,1240,warrior,arms,30,13,17
Fløkî,azralon,1240,warrior,arms,30,13,17
Jaminos,frostmourne,1240,warrior,arms,51,22,29
Ðhrâgøn,ragnaros,1239,warrior,arms,36,24,12
Bearbrick,tichondrius,1239,warrior,arms,24,13,11
Psychosicko,tichondrius,1239,warrior,arms,28,15,13
Hudë,stormrage,1239,warrior,arms,60,30,30
Mitigation,hyjal,1239,warrior,arms,34,15,19
Manbok,tichondrius,1239,warrior,arms,30,13,17
Geontage,drakkari,1239,warrior,arms,30,13,17
Retrostorm,illidan,1238,warrior,arms,24,13,11
Robertolini,moon-guard,1238,warrior,arms,36,15,21
Lögän,azralon,1238,warrior,arms,90,36,54
Ragerok,bleeding-hollow,1238,warrior,arms,58,22,36
Bustybucky,tichondrius,1238,warrior,arms,71,24,47
Ragelol,icecrown,1237,warrior,arms,24,13,11
Supremegalek,tichondrius,1237,warrior,arms,109,55,54
Deathengine,area-52,1237,warrior,arms,29,14,15
Märx,barthilas,1237,warrior,arms,80,38,42
Bullkathoss,bleeding-hollow,1237,warrior,arms,52,23,29
Wxwxwxwxwxw,illidan,1236,warrior,arms,24,13,11
Lotsay,tichondrius,1236,warrior,arms,114,56,58
Ogundados,kelthuzad,1236,warrior,arms,48,20,28
Tallix,smolderthorn,1235,warrior,arms,24,13,11
Deathammer,stormrage,1235,warrior,arms,24,13,11
Yosm,tichondrius,1235,warrior,arms,24,13,11
Alexarchos,chogall,1235,warrior,arms,66,32,34
Cminus,proudmoore,1235,warrior,arms,30,13,17
Werehyena,draenor,1234,warrior,arms,24,13,11
Dieselsauce,stormscale,1233,warrior,arms,42,24,18
Leapsalp,proudmoore,1233,warrior,arms,24,13,11
Ådolf,sargeras,1233,warrior,arms,38,19,19
Grandtank,veknilash,1233,warrior,arms,33,15,18
Loxcrow,sargeras,1233,warrior,arms,30,13,17
Standsonkegs,illidan,1233,warrior,arms,30,13,17
Bananae,stormrage,1232,warrior,arms,21,14,7
Goldbêrg,malganis,1232,warrior,arms,24,13,11
Damadar,malganis,1232,warrior,arms,30,13,17
Agamere,stormrage,1232,warrior,arms,81,34,47
Mimiu,ragnaros,1231,warrior,arms,32,14,18
Moonsworn,moon-guard,1231,warrior,arms,30,13,17
Greenmachine,twisting-nether,1231,warrior,arms,36,14,22
Siegfriéd,bleeding-hollow,1231,warrior,arms,47,16,31
Jaens,quelthalas,1230,warrior,arms,62,27,35
Stungrunn,tichondrius,1229,warrior,arms,35,21,14
Eternalwill,rexxar,1229,warrior,arms,24,13,11
Hesch,thunderlord,1229,warrior,arms,27,14,13
Heresjonny,malganis,1229,warrior,arms,63,30,33
Orczug,tichondrius,1229,warrior,arms,30,13,17
Terók,stormrage,1229,warrior,arms,54,21,33
Fortchin,area-52,1229,warrior,arms,36,13,23
Tripleblack,mugthol,1228,warrior,arms,24,15,9
Awkagar,hyjal,1228,warrior,arms,23,13,10
Coldsnaps,azjolnerub,1228,warrior,arms,47,25,22
Valkyrië,garrosh,1228,warrior,arms,42,21,21
Xenowar,alleria,1228,warrior,arms,206,92,114
Babybiif,azralon,1228,warrior,arms,92,40,52
Blornecus,area-52,1227,warrior,arms,24,13,11
Âmânthul,alexstrasza,1227,warrior,arms,312,162,150
Uglycubano,quelthalas,1227,warrior,arms,109,55,54
Babyweenis,sargeras,1226,warrior,arms,18,13,5
Archonian,stormscale,1226,warrior,arms,52,32,20
Stonnies,bleeding-hollow,1226,warrior,arms,30,17,13
Tsun,frostwolf,1226,warrior,arms,24,13,11
Pallus,korgath,1226,warrior,arms,24,13,11
Regthar,illidan,1226,warrior,arms,29,15,14
Zetraytus,moon-guard,1226,warrior,arms,113,56,57
Lükë,zuluhed,1226,warrior,arms,30,13,17
Fernanxdll,quelthalas,1226,warrior,arms,36,13,23
Feared,hakkar,1226,warrior,arms,41,14,27
Malystik,ragnaros,1225,warrior,arms,93,49,44
Robotríp,illidan,1225,warrior,arms,123,61,62
Skumwarr,moon-guard,1225,warrior,arms,124,57,67
Tunchi,runetotem,1224,warrior,arms,90,47,43
Diamict,wyrmrest-accord,1224,warrior,arms,153,75,78
Philbert,alexstrasza,1223,warrior,arms,123,65,58
Khåyman,illidan,1223,warrior,arms,47,18,29
Qtrpndwcheez,area-52,1221,warrior,arms,24,13,11
Joed,quelthalas,1221,warrior,arms,120,60,60
Tomcruizes,tichondrius,1221,warrior,arms,36,18,18
Hunnam,illidan,1221,warrior,arms,61,24,37
Olbus,tichondrius,1220,warrior,arms,18,13,5
Hemmyroidz,tichondrius,1219,warrior,arms,28,14,14
Sugarpanties,moon-guard,1219,warrior,arms,93,42,51
Psyrush,area-52,1219,warrior,arms,52,21,31
Exist,kaelthas,1219,warrior,arms,48,18,30
Broxhar,ragnaros,1217,warrior,arms,81,44,37
Gíal,ragnaros,1217,warrior,arms,71,29,42
Bajhamut,quelthalas,1217,warrior,arms,70,28,42
Dungs,emerald-dream,1216,warrior,arms,46,22,24
Kleavage,korgath,1216,warrior,arms,133,60,73
Bärdock,ragnaros,1215,warrior,arms,34,17,17
Hagud,tichondrius,1215,warrior,arms,183,88,95
Aràthor,stormrage,1215,warrior,arms,136,64,72
Akunaswar,dalaran,1215,warrior,arms,89,41,48
Dsz,nemesis,1215,warrior,arms,53,24,29
Masami,moon-guard,1215,warrior,arms,42,19,23
Ohjim,stormrage,1215,warrior,arms,44,14,30
Jårko,dathremar,1214,warrior,arms,42,23,19
Anotee,kelthuzad,1214,warrior,arms,165,87,78
Xyazhiro,ragnaros,1214,warrior,arms,150,74,76
Tuf,malygos,1214,warrior,arms,66,31,35
Tøpher,nordrassil,1214,warrior,arms,48,18,30
Xruntz,kelthuzad,1214,warrior,arms,35,13,22
Dippindabz,area-52,1213,warrior,arms,47,26,21
Rodhin,proudmoore,1213,warrior,arms,79,38,41
Colapse,zuljin,1213,warrior,arms,30,13,17
Phoveros,sargeras,1213,warrior,arms,35,13,22
Sneeze,kul-tiras,1212,warrior,arms,70,32,38
Ashanthaa,kelthuzad,1211,warrior,arms,42,20,22
Aghrax,quelthalas,1211,warrior,arms,42,19,23
Thorablade,barthilas,1211,warrior,arms,102,45,57
Wilwineve,barthilas,1210,warrior,arms,30,15,15
Brianya,moon-guard,1210,warrior,arms,30,13,17
Chàrr,crushridge,1210,warrior,arms,35,13,22
Ereborh,ragnaros,1209,warrior,arms,54,27,27
Gunnaoffxans,sargeras,1209,warrior,arms,30,14,16
Brozown,wildhammer,1209,warrior,arms,32,14,18
Rageloading,amanthul,1208,warrior,arms,36,18,18
Kiillwar,smolderthorn,1208,warrior,arms,30,14,16
Boto,perenolde,1208,warrior,arms,30,14,16
Nishtana,quelthalas,1208,warrior,arms,30,14,16
Soulcalibur,zuljin,1208,warrior,arms,29,13,16
Baloraj,barthilas,1207,warrior,arms,42,18,24
Builtdif,zuljin,1206,warrior,arms,41,23,18
Dreadwarr,stormrage,1205,warrior,arms,63,34,29
Shanksou,stormrage,1205,warrior,arms,30,13,17
Allenwrite,frostmourne,1205,warrior,arms,101,43,58
Ogpapabear,stormscale,1205,warrior,arms,117,49,68
Rockystyle,tichondrius,1204,warrior,arms,137,69,68
Tribbally,silver-hand,1204,warrior,arms,79,37,42
Grosjambes,turalyon,1203,warrior,arms,42,21,21
Toky,malganis,1202,warrior,arms,24,13,11
Victoriasix,tichondrius,1202,warrior,arms,71,35,36
Orcbreaker,quelthalas,1202,warrior,arms,66,32,34
Mangler,tichondrius,1202,warrior,arms,72,30,42
Vapòr,frostmourne,1201,warrior,arms,24,14,10
Lololosda,quelthalas,1201,warrior,arms,124,66,58
Rockedanger,stormrage,1201,warrior,arms,68,36,32
Neekka,tichondrius,1201,warrior,arms,92,47,45
Bigbouba,jubeithos,1201,warrior,arms,81,33,48
Lóthnalár,ragnaros,1201,warrior,arms,40,13,27
Menestz,dreadmaul,1200,warrior,arms,147,70,77
Olgran,drakkari,1200,warrior,arms,124,58,66
Aspxt,saurfang,1200,warrior,arms,66,30,36
Friendnoodle,frostmourne,1199,warrior,arms,59,28,31
Gornal,sargeras,1199,warrior,arms,32,15,17
Warriorkofwa,tichondrius,1199,warrior,arms,36,13,23
Bigsvit,trollbane,1198,warrior,arms,121,62,59
Aggor,trollbane,1198,warrior,arms,36,13,23
Rhydonero,azralon,1197,warrior,arms,107,55,52
Bootstraps,hyjal,1197,warrior,arms,97,45,52
Hàru,illidan,1196,warrior,arms,21,13,8
Adunken,ragnaros,1196,warrior,arms,36,21,15
Flexakute,malganis,1196,warrior,arms,24,14,10
Darkhorv,frostmourne,1196,warrior,arms,23,13,10
Killgløry,aerie-peak,1196,warrior,arms,159,80,79
Baloz,tichondrius,1196,warrior,arms,60,30,30
Éllenor,azralon,1196,warrior,arms,54,27,27
Ontull,emerald-dream,1196,warrior,arms,54,16,38
Chisum,gnomeregan,1195,warrior,arms,94,54,40
Taigola,aggramar,1195,warrior,arms,28,14,14
Royye,blood-furnace,1195,warrior,arms,58,28,30
Casmier,tichondrius,1195,warrior,arms,29,13,16
Machineofwar,zuluhed,1195,warrior,arms,192,86,106
Amrap,dentarg,1195,warrior,arms,55,22,33
Spincity,stormrage,1194,warrior,arms,42,21,21
Hellus,tichondrius,1194,warrior,arms,80,35,45
Iridikron,dalaran,1194,warrior,arms,30,13,17
Flabergaster,skullcrusher,1192,warrior,arms,60,24,36
Slivers,stormrage,1191,warrior,arms,42,21,21
Calynn,frostmourne,1191,warrior,arms,288,137,151
Radeox,ragnaros,1191,warrior,arms,37,16,21
Gï,fizzcrank,1190,warrior,arms,31,15,16
Gfree,kiljaeden,1190,warrior,arms,57,26,31
Ghostierip,illidan,1190,warrior,arms,51,23,28
Grizzlefish,feathermoon,1190,warrior,arms,90,38,52
Aiforix,gorefiend,1189,warrior,arms,99,53,46
Aistine,alterac-mountains,1189,warrior,arms,36,18,18
Hakén,tichondrius,1189,warrior,arms,29,13,16
Bluthammer,wyrmrest-accord,1189,warrior,arms,53,21,32
Lilsweet,moon-guard,1188,warrior,arms,85,47,38
Édton,area-52,1188,warrior,arms,90,47,43
Nosetackle,area-52,1188,warrior,arms,103,52,51
Mezi,tichondrius,1188,warrior,arms,68,33,35
Zépileque,azralon,1188,warrior,arms,64,27,37
Bachyr,stormrage,1188,warrior,arms,42,15,27
Gohawn,hyjal,1186,warrior,arms,37,20,17
Axharafuji,dalvengyr,1186,warrior,arms,78,35,43
Småckin,frostmourne,1185,warrior,arms,118,58,60
Mefhes,ragnaros,1185,warrior,arms,53,25,28
Angitu,quelthalas,1184,warrior,arms,54,31,23
Newtommi,barthilas,1184,warrior,arms,72,35,37
Théoh,area-52,1182,warrior,arms,30,15,15
Kuchikilla,borean-tundra,1182,warrior,arms,118,56,62
Goodrik,quelthalas,1182,warrior,arms,36,14,22
Grömäash,ragnaros,1181,warrior,arms,74,31,43
Kì,moon-guard,1180,warrior,arms,299,152,147
Kapalua,darkspear,1180,warrior,arms,63,29,34
Ujumpijump,andorhal,1180,warrior,arms,137,62,75
Hunchless,detheroc,1179,warrior,arms,143,68,75
Avoraçado,nemesis,1179,warrior,arms,143,59,84
Baroque,darkspear,1178,warrior,arms,30,14,16
Bifilar,frostmourne,1178,warrior,arms,60,25,35
Helandas,moknathal,1177,warrior,arms,331,167,164
Dáin,azralon,1177,warrior,arms,30,13,17
Brynjah,azralon,1177,warrior,arms,102,43,59
Miltor,quelthalas,1176,warrior,arms,84,44,40
Sparkye,gallywix,1176,warrior,arms,35,17,18
Ibizà,tichondrius,1176,warrior,arms,48,18,30
Zarrock,emerald-dream,1174,warrior,arms,26,14,12
Murrdock,nesingwary,1174,warrior,arms,32,17,15
Goldrake,ragnaros,1174,warrior,arms,37,15,22
Süspicious,malfurion,1174,warrior,arms,35,14,21
Semyus,ragnaros,1173,warrior,arms,128,59,69
Diegoreo,drakkari,1173,warrior,arms,89,39,50
Rrawrr,bleeding-hollow,1172,warrior,arms,48,25,23
Droogust,tichondrius,1172,warrior,arms,30,15,15
Deomer,quelthalas,1172,warrior,arms,102,47,55
Rauh,emerald-dream,1171,warrior,arms,22,13,9
Koteketzu,ragnaros,1171,warrior,arms,103,56,47
Munchiesxqc,exodar,1171,warrior,arms,94,37,57
Mortilant,perenolde,1170,warrior,arms,117,56,61
Funderr,eonar,1169,warrior,arms,63,29,34
Xiosè,ragnaros,1169,warrior,arms,143,63,80
Dissx,illidan,1167,warrior,arms,61,26,35
Seniorsherk,dalaran,1167,warrior,arms,63,26,37
Dragonxlord,korgath,1167,warrior,arms,50,20,30
Novoc,tichondrius,1167,warrior,arms,55,21,34
Uzipipe,malfurion,1166,warrior,arms,36,22,14
Helaume,arathor,1166,warrior,arms,24,13,11
Irishhammer,malfurion,1166,warrior,arms,53,22,31
Kagerou,ragnaros,1166,warrior,arms,91,37,54
Jamil,illidan,1165,warrior,arms,336,170,166
Rios,jubeithos,1164,warrior,arms,53,21,32
Tsmcsuckmyd,tichondrius,1163,warrior,arms,41,25,16
Krostyx,ragnaros,1163,warrior,arms,128,63,65
Bigwarrior,stonemaul,1163,warrior,arms,35,13,22
Stiffysword,tanaris,1162,warrior,arms,53,29,24
Aquannas,bloodscalp,1162,warrior,arms,121,65,56
Rockley,mugthol,1162,warrior,arms,66,28,38
Areiden,sargeras,1162,warrior,arms,54,18,36
Condog,stormrage,1161,warrior,arms,30,19,11
Gongos,doomhammer,1161,warrior,arms,213,110,103
Cryzaum,azralon,1161,warrior,arms,36,13,23
Gorash,gundrak,1160,warrior,arms,150,70,80
Kreeper,farstriders,1160,warrior,arms,41,18,23
Kriegsheer,bleeding-hollow,1160,warrior,arms,32,13,19
Enthria,illidan,1159,warrior,arms,96,49,47
Xomis,thrall,1159,warrior,arms,35,13,22
Ahore,illidan,1157,warrior,arms,175,78,97
Tyférious,tichondrius,1157,warrior,arms,104,46,58
Raokao,senjin,1157,warrior,arms,42,15,27
Revenue,crushridge,1156,warrior,arms,66,32,34
Tomatogodx,sargeras,1156,warrior,arms,31,15,16
Mogruk,stonemaul,1156,warrior,arms,125,59,66
Ønì,tichondrius,1155,warrior,arms,60,36,24
Southmariner,malganis,1155,warrior,arms,143,70,73
Hazorl,zuljin,1153,warrior,arms,60,29,31
Doglegz,saurfang,1152,warrior,arms,55,35,20
Carrito,perenolde,1152,warrior,arms,59,33,26
Winjerrywin,frostwolf,1152,warrior,arms,58,30,28
Tinywx,perenolde,1152,warrior,arms,30,13,17
Pathelsonsus,stormrage,1152,warrior,arms,30,12,18
Loucha,nagrand,1152,warrior,arms,87,34,53
Atomiclol,area-52,1151,warrior,arms,18,12,6
Scaredwarr,stormrage,1151,warrior,arms,46,25,21
Miniwarkingx,tichondrius,1151,warrior,arms,24,12,12
Varrior,wyrmrest-accord,1151,warrior,arms,24,12,12
Njjszn,thrall,1151,warrior,arms,226,110,116
Greenbrain,dunemaul,1151,warrior,arms,40,17,23
Batchat,frostmourne,1151,warrior,arms,31,13,18
Sleifx,quelthalas,1150,warrior,arms,18,12,6
Pkgdtko,tichondrius,1150,warrior,arms,18,12,6
Gathzyx,tichondrius,1150,warrior,arms,24,12,12
Wooglinx,stormrage,1150,warrior,arms,24,12,12
Plugz,sargeras,1150,warrior,arms,34,15,19
Ùmarth,stormrage,1150,warrior,arms,30,13,17
Jarheadz,bleeding-hollow,1150,warrior,arms,35,12,23
Jaytoo,illidan,1149,warrior,arms,18,12,6
Bártho,area-52,1149,warrior,arms,18,12,6
Iblowloads,illidan,1149,warrior,arms,24,14,10
Oafnir,moon-guard,1149,warrior,arms,24,12,12
Eskama,hyjal,1149,warrior,arms,53,22,31
Gameghiskhan,moon-guard,1149,warrior,arms,52,19,33
Bigjanglès,frostmourne,1148,warrior,arms,66,35,31
Shino,garona,1148,warrior,arms,24,12,12
Inkurushio,suramar,1148,warrior,arms,24,12,12
Kamuwarr,azralon,1148,warrior,arms,24,12,12
Mindfreaklol,nemesis,1148,warrior,arms,80,39,41
Tabadigbick,bleeding-hollow,1148,warrior,arms,41,19,22
Furiousvic,frostmourne,1148,warrior,arms,39,17,22
Genesisblade,illidan,1148,warrior,arms,30,12,18
Dóminus,malfurion,1147,warrior,arms,18,12,6
Trigon,chromaggus,1147,warrior,arms,30,16,14
Misclickëd,dalaran,1147,warrior,arms,24,12,12
Virillius,wyrmrest-accord,1147,warrior,arms,28,13,15
Fkndog,tichondrius,1147,warrior,arms,84,38,46
Hkbdynamus,black-dragonflight,1147,warrior,arms,54,22,32
Ggrone,ragnaros,1147,warrior,arms,30,12,18
Äisemberg,quelthalas,1147,warrior,arms,35,12,23
Mongosyco,proudmoore,1146,warrior,arms,18,12,6
Hektar,tichondrius,1146,warrior,arms,18,12,6
Tramplehaste,barthilas,1146,warrior,arms,30,18,12
Furryhorv,frostmourne,1146,warrior,arms,24,12,12
Nebraskapete,wyrmrest-accord,1146,warrior,arms,24,12,12
Laylowk,tichondrius,1146,warrior,arms,24,12,12
Puertorc,ragnaros,1146,warrior,arms,78,37,41
Justentacle,zuljin,1146,warrior,arms,87,37,50
Plssaveme,ysera,1146,warrior,arms,68,27,41
Ðeathwish,thrall,1146,warrior,arms,36,13,23
Itskinggrizz,thrall,1145,warrior,arms,22,13,9
Chrig,tichondrius,1145,warrior,arms,24,12,12
Davlar,ragnaros,1145,warrior,arms,33,14,19
Ðred,blackhand,1145,warrior,arms,30,12,18
Gränd,frostmourne,1144,warrior,arms,18,12,6
Skittlesxo,bleeding-hollow,1144,warrior,arms,24,12,12
Notakîd,stormrage,1144,warrior,arms,30,13,17
Vãnzir,wyrmrest-accord,1144,warrior,arms,48,19,29
Kvoth,bleeding-hollow,1144,warrior,arms,36,13,23
Sartin,boulderfist,1144,warrior,arms,42,14,28
Est,illidan,1143,warrior,arms,18,12,6
Unbeatablezs,tichondrius,1143,warrior,arms,105,54,51
Bladeblade,burning-blade,1143,warrior,arms,27,12,15
Matutekz,ragnaros,1143,warrior,arms,36,12,24
Nibbzy,sargeras,1142,warrior,arms,18,12,6
Ramborco,kelthuzad,1142,warrior,arms,18,12,6
Husc,kiljaeden,1142,warrior,arms,24,12,12
Realthiccbbw,tichondrius,1142,warrior,arms,24,12,12
Haldeer,shadow-council,1142,warrior,arms,24,12,12
Buliwyff,wyrmrest-accord,1142,warrior,arms,71,33,38
Dracossack,ragnaros,1142,warrior,arms,47,17,30
Stoul,illidan,1141,warrior,arms,36,24,12
Wastenott,area-52,1141,warrior,arms,42,26,16
Yisunshin,azralon,1141,warrior,arms,24,12,12
Andrexion,moon-guard,1141,warrior,arms,24,12,12
Purefury,whisperwind,1141,warrior,arms,171,82,89
Pandamoanman,moon-guard,1141,warrior,arms,54,23,31
Saskouach,stormrage,1140,warrior,arms,26,12,14
Racky,dragonmaw,1140,warrior,arms,34,13,21
Cowbøycrytoo,azralon,1139,warrior,arms,146,73,73
Meatspinz,hyjal,1139,warrior,arms,24,12,12
Brocc,tichondrius,1139,warrior,arms,24,12,12
Raserei,moonrunner,1138,warrior,arms,355,178,177
Bigsquiggle,blackrock,1138,warrior,arms,30,12,18
Arrogated,emerald-dream,1137,warrior,arms,109,55,54
Shiiffz,tichondrius,1137,warrior,arms,24,12,12
Ãleister,stormrage,1137,warrior,arms,84,35,49
Xarlon,stormrage,1137,warrior,arms,39,15,24
Escuamata,quelthalas,1137,warrior,arms,36,12,24
Mikeyforever,quelthalas,1136,warrior,arms,21,13,8
Soggynapkin,proudmoore,1136,warrior,arms,30,17,13
Vezixx,dragonmaw,1136,warrior,arms,48,25,23
Rayks,tichondrius,1136,warrior,arms,155,78,77
Kubee,azralon,1136,warrior,arms,36,14,22
Zulgadark,ragnaros,1136,warrior,arms,39,15,24
Enulimen,daggerspine,1135,warrior,arms,24,12,12
Strongtall,tichondrius,1135,warrior,arms,48,20,28
Bib,malganis,1135,warrior,arms,30,12,18
Weewarrior,wyrmrest-accord,1134,warrior,arms,24,12,12
Drahconian,aggramar,1134,warrior,arms,24,12,12
Ggcthulu,sargeras,1134,warrior,arms,24,12,12
Dhano,drakkari,1134,warrior,arms,60,25,35
Areuz,azralon,1133,warrior,arms,22,13,9
Cocainiouz,dalaran,1133,warrior,arms,54,24,30
Isildur,nerzhul,1132,warrior,arms,36,20,16
Swolthelas,tichondrius,1132,warrior,arms,24,12,12
Ultradma,area-52,1132,warrior,arms,30,12,18
Lunusx,stormrage,1132,warrior,arms,43,17,26
Sudavis,alleria,1131,warrior,arms,61,36,25
Degentradorz,area-52,1131,warrior,arms,213,102,111
Marszx,frostmourne,1131,warrior,arms,35,12,23
Fugufish,nemesis,1130,warrior,arms,47,16,31
Lunks,kelthuzad,1128,warrior,arms,18,12,6
Bulletfodder,tichondrius,1127,warrior,arms,24,12,12
Wako,hyjal,1126,warrior,arms,62,30,32
Geoorg,ragnaros,1126,warrior,arms,83,36,47
Dedbeet,barthilas,1126,warrior,arms,30,12,18
Prota,gorgonnash,1126,warrior,arms,111,43,68
Bloodfx,darkspear,1125,warrior,arms,222,111,111
Ästen,kargath,1124,warrior,arms,24,12,12
Úmarth,azralon,1124,warrior,arms,60,29,31
Preschool,sargeras,1123,warrior,arms,18,13,5
Lazyclap,nagrand,1123,warrior,arms,83,40,43
Croton,moon-guard,1122,warrior,arms,24,12,12
Brookwood,moon-guard,1122,warrior,arms,30,13,17
Tôpanga,lightninghoof,1122,warrior,arms,73,27,46
Youtank,kiljaeden,1121,warrior,arms,123,59,64
Jaimey,malganis,1121,warrior,arms,29,12,17
Ambiss,azjolnerub,1120,warrior,arms,47,21,26
Clawya,moon-guard,1119,warrior,arms,18,12,6
Swiftynifty,area-52,1119,warrior,arms,66,38,28
Slumdawgg,andorhal,1119,warrior,arms,59,32,27
Sarget,ragnaros,1119,warrior,arms,48,24,24
Burgdur,sargeras,1119,warrior,arms,206,99,107
Vaclein,quelthalas,1119,warrior,arms,54,24,30
Grândmâ,zuljin,1119,warrior,arms,36,14,22
Blaxst,gorgonnash,1118,warrior,arms,42,25,17
Clovê,ragnaros,1118,warrior,arms,48,27,21
Potan,thrall,1118,warrior,arms,81,38,43
Spritez,malganis,1118,warrior,arms,86,35,51
Bekilled,frostmourne,1117,warrior,arms,60,26,34
Rahtahtas,area-52,1116,warrior,arms,24,12,12
Dinocrusher,illidan,1115,warrior,arms,48,25,23
Buffalobob,bronzebeard,1115,warrior,arms,24,12,12
Hemone,frostmourne,1114,warrior,arms,30,15,15
Tyrantwolf,ragnaros,1113,warrior,arms,120,56,64
Ruiend,bonechewer,1113,warrior,arms,31,14,17
Beefybovine,zuljin,1113,warrior,arms,30,12,18
Containerbox,korgath,1112,warrior,arms,42,18,24
Karsham,moon-guard,1111,warrior,arms,30,17,13
Warriorlee,jubeithos,1111,warrior,arms,44,19,25
Brysontiller,frostmourne,1110,warrior,arms,23,12,11
Malok,deathwing,1110,warrior,arms,117,51,66
Ødïñ,sargeras,1109,warrior,arms,105,54,51
Drdrip,shuhalo,1109,warrior,arms,93,40,53
Spredforbred,area-52,1109,warrior,arms,30,12,18
Smaez,tichondrius,1108,warrior,arms,36,15,21
Bruxigar,ragnaros,1108,warrior,arms,30,12,18
Digitalpsyko,hyjal,1107,warrior,arms,36,17,19
Dvhwec,tichondrius,1105,warrior,arms,28,12,16
Hazew,kelthuzad,1104,warrior,arms,29,12,17
Kenroc,illidan,1102,warrior,arms,24,12,12
Zeshgarr,jubeithos,1102,warrior,arms,40,19,21
Freekct,azralon,1102,warrior,arms,27,12,15
Kiddoe,rivendare,1102,warrior,arms,113,50,63
Tipincider,perenolde,1100,warrior,arms,21,12,9
Alexitwo,ragnaros,1100,warrior,arms,115,54,61
Plsmilkme,zuljin,1099,warrior,arms,42,26,16
Märiä,ragnaros,1097,warrior,arms,64,36,28
Wtbfriends,malganis,1097,warrior,arms,29,15,14
Riga,tichondrius,1097,warrior,arms,51,25,26
Ayoforyayo,kiljaeden,1097,warrior,arms,47,20,27
Raharon,chogall,1097,warrior,arms,67,28,39
Toxxel,wyrmrest-accord,1097,warrior,arms,95,32,63
Forevercute,proudmoore,1096,warrior,arms,23,14,9
Aybssin,skullcrusher,1096,warrior,arms,60,25,35
Eiendira,proudmoore,1096,warrior,arms,32,13,19
Upro,tichondrius,1096,warrior,arms,35,12,23
Jägernaught,stormrage,1095,warrior,arms,29,12,17
Inunotaysho,quelthalas,1094,warrior,arms,68,28,40
Melankoma,sargeras,1094,warrior,arms,30,12,18
Kâyous,tichondrius,1092,warrior,arms,47,17,30
Kurixu,ragnaros,1090,warrior,arms,30,12,18
Zolpidem,nemesis,1089,warrior,arms,30,13,17
Padalouh,kelthuzad,1089,warrior,arms,48,19,29
Ligerii,quelthalas,1088,warrior,arms,30,12,18
Arroezze,earthen-ring,1087,warrior,arms,73,31,42
Garìk,moon-guard,1087,warrior,arms,112,47,65
Locotto,ragnaros,1087,warrior,arms,77,30,47
Smashthings,area-52,1086,warrior,arms,24,14,10
Lokiullr,tichondrius,1086,warrior,arms,87,38,49
Thedargz,trollbane,1085,warrior,arms,221,111,110
Jiszle,sargeras,1085,warrior,arms,34,12,22
Karroww,thrall,1084,warrior,arms,48,28,20
Aclipse,nagrand,1084,warrior,arms,100,47,53
Kempachii,ragnaros,1083,warrior,arms,82,40,42
Swordblack,nemesis,1083,warrior,arms,67,32,35
Broozer,bleeding-hollow,1083,warrior,arms,43,14,29
Orcopata,ragnaros,1081,warrior,arms,26,12,14
Coffetea,area-52,1080,warrior,arms,96,56,40
Rafaelwar,drakkari,1080,warrior,arms,53,24,29
Iradri,wyrmrest-accord,1079,warrior,arms,22,12,10
Kaimana,zuljin,1079,warrior,arms,30,12,18
Starplatinum,aerie-peak,1079,warrior,arms,62,24,38
Meioirmao,nemesis,1078,warrior,arms,61,29,32
Cizzik,emerald-dream,1077,warrior,arms,42,21,21
Gorfin,spirestone,1077,warrior,arms,42,12,30
Alderr,frostmourne,1075,warrior,arms,48,20,28
Kriegert,illidan,1074,warrior,arms,30,19,11
Baghatur,tichondrius,1074,warrior,arms,48,18,30
Several,whisperwind,1073,warrior,arms,39,23,16
Beansgohard,deathwing,1073,warrior,arms,27,12,15
Bionikus,nemesis,1072,warrior,arms,144,70,74
Ghainemarko,hakkar,1072,warrior,arms,48,20,28
Ragarok,jubeithos,1071,warrior,arms,20,12,8
Armada,sargeras,1068,warrior,arms,25,12,13
Tarmer,moon-guard,1067,warrior,arms,36,14,22
Turkin,proudmoore,1067,warrior,arms,54,20,34
Bimbor,azralon,1067,warrior,arms,35,12,23
Xandrak,barthilas,1066,warrior,arms,77,39,38
Lamaril,silvermoon,1064,warrior,arms,24,18,6
Sweetdeé,zuljin,1063,warrior,arms,24,13,11
Ugrundan,zuljin,1061,warrior,arms,48,21,27
Bradshaw,sargeras,1060,warrior,arms,48,22,26
Thebruce,nemesis,1058,warrior,arms,236,112,124
Pingorosho,quelthalas,1058,warrior,arms,60,27,33
Rhawl,ragnaros,1058,warrior,arms,69,29,40
Beerbrat,illidan,1057,warrior,arms,42,14,28
Outterspace,illidan,1056,warrior,arms,18,11,7
Halis,illidan,1056,warrior,arms,39,22,17
Midorikwa,area-52,1056,warrior,arms,23,11,12
Evanx,sargeras,1056,warrior,arms,24,11,13
Wizcleavuh,area-52,1056,warrior,arms,24,11,13
Fjswpp,tichondrius,1056,warrior,arms,24,11,13
Charcharbinx,zuljin,1056,warrior,arms,120,53,67
Kufflinks,kelthuzad,1056,warrior,arms,30,11,19
Shibanda,tichondrius,1056,warrior,arms,30,11,19
Hotshótz,kelthuzad,1055,warrior,arms,12,11,1
Pkgd,tichondrius,1055,warrior,arms,12,11,1
Turtlestorm,tichondrius,1055,warrior,arms,18,11,7
Jeffesptein,tichondrius,1055,warrior,arms,18,11,7
Sonwar,azralon,1055,warrior,arms,18,11,7
Siouxfall,area-52,1055,warrior,arms,21,12,9
Kracha,thrall,1055,warrior,arms,30,15,15
Breyns,garrosh,1055,warrior,arms,25,12,13
Duckyuwu,tichondrius,1055,warrior,arms,24,11,13
Feedzz,area-52,1055,warrior,arms,24,11,13
Imcute,senjin,1055,warrior,arms,84,33,51
Dirkdallas,tichondrius,1055,warrior,arms,30,11,19
Chopped,wyrmrest-accord,1054,warrior,arms,18,11,7
Chonbi,tichondrius,1054,warrior,arms,18,11,7
Bullwar,barthilas,1054,warrior,arms,18,11,7
Vooné,tichondrius,1054,warrior,arms,18,11,7
Meatpouch,kelthuzad,1054,warrior,arms,18,11,7
Relaxnerdlol,antonidas,1054,warrior,arms,18,11,7
Hitmypronoun,illidan,1054,warrior,arms,21,12,9
Eniaan,khaz-modan,1054,warrior,arms,27,13,14
Tháne,emerald-dream,1054,warrior,arms,24,11,13
Vexwar,bleeding-hollow,1054,warrior,arms,24,11,13
Dreadtøøth,tichondrius,1054,warrior,arms,30,11,19
Shöthetank,area-52,1054,warrior,arms,30,11,19
Ttl,dalaran,1053,warrior,arms,18,11,7
Ousetadoidao,nemesis,1053,warrior,arms,18,11,7
Kilreth,tichondrius,1053,warrior,arms,18,11,7
Grage,shadowmoon,1053,warrior,arms,30,11,19
Sabrix,sargeras,1053,warrior,arms,30,11,19
Bojhniik,quelthalas,1053,warrior,arms,35,11,24
Thebeastwar,area-52,1052,warrior,arms,102,51,51
Execute,kirin-tor,1052,warrior,arms,24,11,13
Kaìju,dragonmaw,1052,warrior,arms,24,11,13
Carrange,moon-guard,1052,warrior,arms,24,11,13
Tâte,sargeras,1052,warrior,arms,24,11,13
Hellizzy,sargeras,1052,warrior,arms,30,11,19
Dreadworld,bleeding-hollow,1052,warrior,arms,30,11,19
Geubsal,tichondrius,1052,warrior,arms,36,11,25
Alucardio,turalyon,1051,warrior,arms,18,11,7
Kàkarot,illidan,1051,warrior,arms,18,11,7
Bitïj,quelthalas,1051,warrior,arms,22,12,10
Beiron,ragnaros,1051,warrior,arms,53,26,27
Cannibalizm,hyjal,1051,warrior,arms,24,11,13
Envision,frostmourne,1051,warrior,arms,24,11,13
Ashtien,moon-guard,1051,warrior,arms,48,19,29
Mouncha,tichondrius,1051,warrior,arms,30,11,19
Drillbit,wyrmrest-accord,1051,warrior,arms,30,11,19
Humminity,quelthalas,1051,warrior,arms,32,11,21
Georgedubya,illidan,1051,warrior,arms,36,11,25
Spacepants,azjolnerub,1050,warrior,arms,16,12,4
Angrybulky,illidan,1050,warrior,arms,18,11,7
Carriney,illidan,1050,warrior,arms,163,79,84
Rexquando,barthilas,1050,warrior,arms,24,11,13
Myceliumlog,frostmourne,1049,warrior,arms,18,11,7
Warwagon,malganis,1049,warrior,arms,24,11,13
Gadderhammer,azgalor,1049,warrior,arms,42,17,25
Sneakyhand,draktharon,1048,warrior,arms,18,11,7
Noor,tichondrius,1048,warrior,arms,18,11,7
Wixer,illidan,1048,warrior,arms,18,11,7
Ferdaliance,tichondrius,1048,warrior,arms,18,11,7
Silverludê,sargeras,1048,warrior,arms,36,21,15
Reignwolf,azralon,1048,warrior,arms,24,13,11
Pneumasmash,tichondrius,1048,warrior,arms,24,11,13
Vlanko,tichondrius,1048,warrior,arms,36,14,22
Tankinjake,mugthol,1048,warrior,arms,30,11,19
Castedien,quelthalas,1048,warrior,arms,36,11,25
Desgraciado,ragnaros,1048,warrior,arms,42,12,30
Zugmeov,barthilas,1048,warrior,arms,42,11,31
Bøgz,kelthuzad,1047,warrior,arms,18,11,7
Bouk,bloodscalp,1047,warrior,arms,18,11,7
Dwarfanage,tichondrius,1047,warrior,arms,28,12,16
Smash,frostmane,1047,warrior,arms,30,11,19
Psilly,sargeras,1047,warrior,arms,30,11,19
Rankjuan,area-52,1047,warrior,arms,30,11,19
Prunebery,area-52,1046,warrior,arms,30,16,14
Nirax,burning-legion,1046,warrior,arms,26,11,15
Warrpool,shadowmoon,1045,warrior,arms,18,11,7
Nehpets,akama,1045,warrior,arms,24,11,13
Jodoro,malfurion,1045,warrior,arms,24,11,13
Milkshake,stormrage,1045,warrior,arms,36,11,25
Kkaell,azralon,1044,warrior,arms,52,22,30
Orphasmic,moon-guard,1044,warrior,arms,36,11,25
Inkael,sargeras,1043,warrior,arms,18,11,7
Inuyasha,korgath,1043,warrior,arms,118,64,54
Nachobeef,illidan,1043,warrior,arms,24,11,13
Jorked,drakkari,1043,warrior,arms,30,11,19
Thedoofy,blackrock,1042,warrior,arms,86,41,45
Svênd,ragnaros,1042,warrior,arms,30,12,18
Wakaflaka,kiljaeden,1042,warrior,arms,30,11,19
Alondir,quelthalas,1042,warrior,arms,30,11,19
Thedeejoner,caelestrasz,1040,warrior,arms,36,11,25
Tomcruisé,ragnaros,1038,warrior,arms,23,15,8
Brrzrrkrr,twisting-nether,1038,warrior,arms,48,26,22
Rokblorggor,quelthalas,1038,warrior,arms,24,11,13
Dylaiin,kelthuzad,1038,warrior,arms,30,11,19
Wrekkshop,tichondrius,1037,warrior,arms,27,13,14
Wrrx,frostmourne,1037,warrior,arms,24,11,13
Mâmba,thrall,1037,warrior,arms,66,30,36
Yoknitron,bonechewer,1037,warrior,arms,30,11,19
Donnybrook,draka,1036,warrior,arms,18,11,7
Digitalfear,malganis,1036,warrior,arms,49,18,31
Grl,korgath,1036,warrior,arms,30,11,19
Kaimera,echo-isles,1035,warrior,arms,25,11,14
Nashallo,zuljin,1035,warrior,arms,37,15,22
Beardoff,sargeras,1034,warrior,arms,43,21,22
Knocks,blackrock,1034,warrior,arms,62,30,32
Indoondabeat,azgalor,1034,warrior,arms,32,15,17
Elpish,ragnaros,1034,warrior,arms,108,48,60
Whiteclouds,blood-furnace,1033,warrior,arms,96,49,47
Wondaimon,drakkari,1033,warrior,arms,33,14,19
Mentalape,bleeding-hollow,1033,warrior,arms,30,11,19
Vivinn,aegwynn,1032,warrior,arms,24,11,13
Nobowar,tichondrius,1032,warrior,arms,24,11,13
Bussundas,azralon,1032,warrior,arms,108,49,59
Pegaso,the-underbog,1032,warrior,arms,29,12,17
Luneblade,tichondrius,1031,warrior,arms,24,11,13
Stalecrouton,doomhammer,1030,warrior,arms,18,11,7
Alerish,quelthalas,1030,warrior,arms,48,21,27
Mikejustice,kelthuzad,1028,warrior,arms,30,11,19
Lowag,illidan,1027,warrior,arms,24,11,13
Sienge,tortheldrin,1027,warrior,arms,24,11,13
Cronie,steamwheedle-cartel,1027,warrior,arms,36,16,20
Yerajmiel,proudmoore,1026,warrior,arms,18,11,7
Blockcheese,illidan,1026,warrior,arms,36,13,23
Thråsh,area-52,1022,warrior,arms,78,38,40
Angryskeever,garona,1022,warrior,arms,86,39,47
Tekkamanaxe,tichondrius,1022,warrior,arms,96,39,57
Unterg,ragnaros,1021,warrior,arms,42,20,22
Daytime,scilla,1020,warrior,arms,24,11,13
Rágnárr,ragnaros,1017,warrior,arms,36,15,21
Galuf,malygos,1014,warrior,arms,18,11,7
Bluejean,tichondrius,1014,warrior,arms,42,17,25
Lobo,sargeras,1013,warrior,arms,132,57,75
Gargameld,stormrage,1012,warrior,arms,53,29,24
Deathsmirk,illidan,1010,warrior,arms,72,37,35
Lieutemajor,nemesis,1009,warrior,arms,95,48,47
Alrage,stormrage,1009,warrior,arms,26,13,13
Psýchótic,tichondrius,1009,warrior,arms,23,11,12
Dadookibooty,area-52,1008,warrior,arms,30,14,16
Hexenbæne,tichondrius,1006,warrior,arms,23,11,12
Fruth,nagrand,1006,warrior,arms,54,16,38
Warrage,kiljaeden,1005,warrior,arms,176,84,92
Wasabiz,tichondrius,1005,warrior,arms,108,47,61
Tankdatt,frostmourne,1005,warrior,arms,36,15,21
Tsebaoth,quelthalas,1004,warrior,arms,78,38,40
Marcolatus,ragnaros,1004,warrior,arms,306,148,158
Gorepig,sargeras,1002,warrior,arms,29,11,18
Imgunnacrum,malganis,1001,warrior,arms,28,14,14
Ckranzz,azralon,1000,warrior,arms,20,12,8
Lishajr,malganis,1000,warrior,arms,50,28,22
Tandiko,wyrmrest-accord,999,warrior,arms,23,11,12
Borgee,tichondrius,999,warrior,arms,30,12,18
Yuccaleaptus,area-52,998,warrior,arms,83,31,52
Goofyahwok,doomhammer,998,warrior,arms,33,12,21
Altruiel,sargeras,995,warrior,arms,40,20,20
Kyritto,azralon,994,warrior,arms,35,18,17
Gaouis,stormreaver,994,warrior,arms,25,12,13
Orkuduro,azralon,993,warrior,arms,77,37,40
Ankhxiety,sargeras,993,warrior,arms,26,12,14
Kiggzs,tichondrius,991,warrior,arms,14,11,3
Billy,area-52,990,warrior,arms,14,11,3
Krömm,kilrogg,990,warrior,arms,60,28,32
Kalaxe,quelthalas,990,warrior,arms,36,11,25
Ulnaz,stormrage,988,warrior,arms,18,12,6
Stygïàn,draenor,988,warrior,arms,86,47,39
Wardeád,quelthalas,988,warrior,arms,27,11,16
Midge,proudmoore,987,warrior,arms,83,40,43
Meanface,malganis,986,warrior,arms,26,11,15
Berzerc,stormrage,984,warrior,arms,24,11,13
Naturist,tichondrius,984,warrior,arms,36,14,22
Sticktick,azralon,982,warrior,arms,124,58,66
Jragonmaster,borean-tundra,982,warrior,arms,78,33,45
Sneaknyoface,sargeras,982,warrior,arms,26,11,15
Realslovak,jubeithos,981,warrior,arms,23,11,12
Vicor,ragnaros,980,warrior,arms,65,33,32
Reliquia,quelthalas,980,warrior,arms,30,12,18
Kleintank,illidan,980,warrior,arms,30,11,19
Flycosmos,tichondrius,976,warrior,arms,248,120,128
Tucô,skullcrusher,976,warrior,arms,49,22,27
Xcal,malganis,976,warrior,arms,26,11,15
Happywarrior,tichondrius,976,warrior,arms,30,11,19
Hordrek,moon-guard,975,warrior,arms,19,11,8
Sudokubrain,tichondrius,974,warrior,arms,19,11,8
Mudfairy,tichondrius,974,warrior,arms,25,11,14
Djfredsd,tichondrius,972,warrior,arms,13,11,2
Marconisabio,azralon,970,warrior,arms,84,31,53
Kazatdum,zuljin,967,warrior,arms,30,15,15
Elfmonger,proudmoore,966,warrior,arms,19,11,8
Tankadin,dragonmaw,962,warrior,arms,36,16,20
Powerrager,amanthul,962,warrior,arms,25,11,14
Tanatos,the-venture-co,961,warrior,arms,86,39,47
Pvppaul,sargeras,960,warrior,arms,12,10,2
Greentko,nerzhul,960,warrior,arms,14,10,4
Szew,tichondrius,960,warrior,arms,18,10,8
Escanòr,malganis,960,warrior,arms,18,10,8
Hankmoodyx,bleeding-hollow,960,warrior,arms,18,10,8
Stárscreám,malganis,960,warrior,arms,18,10,8
Adios,tichondrius,960,warrior,arms,18,10,8
Oxxelfer,tichondrius,960,warrior,arms,18,10,8
Larrythelob,kelthuzad,960,warrior,arms,18,10,8
Tomegatherio,ragnaros,960,warrior,arms,18,10,8
Bigmens,illidan,960,warrior,arms,21,11,10
Choppin,sargeras,960,warrior,arms,24,10,14
ßdm,illidan,960,warrior,arms,24,10,14
Benw,dawnbringer,960,warrior,arms,24,10,14
Wargázm,thrall,960,warrior,arms,24,10,14
Finndal,bleeding-hollow,960,warrior,arms,33,11,22
Lukatim,proudmoore,959,warrior,arms,12,10,2
Xyranica,moon-guard,959,warrior,arms,12,10,2
Frakt,illidan,959,warrior,arms,16,11,5
Tantei,moon-guard,959,warrior,arms,18,10,8
Wonbin,moon-guard,959,warrior,arms,18,10,8
Bamxz,sargeras,959,warrior,arms,18,10,8
Edmuula,tichondrius,959,warrior,arms,18,10,8
Warbasher,area-52,959,warrior,arms,18,10,8
Tobella,illidan,959,warrior,arms,18,10,8
Whodatboy,malganis,959,warrior,arms,18,10,8
Shloope,barthilas,959,warrior,arms,18,10,8
Hellfirearms,tichondrius,959,warrior,arms,18,10,8
Alkír,zuljin,959,warrior,arms,18,10,8
Shartstaín,tichondrius,959,warrior,arms,18,10,8
Jelurd,stormrage,959,warrior,arms,18,10,8
Beozerker,thrall,959,warrior,arms,18,10,8
Sahlokin,tichondrius,959,warrior,arms,21,10,11
Drdelicious,tichondrius,959,warrior,arms,24,10,14
Mikeoxgreen,zuljin,959,warrior,arms,24,10,14
Elky,area-52,959,warrior,arms,24,10,14
Pressd,frostmourne,959,warrior,arms,24,10,14
Retiarius,tichondrius,959,warrior,arms,30,10,20
Arrtorias,quelthalas,958,warrior,arms,12,10,2
Akylis,tichondrius,958,warrior,arms,18,10,8
Twôfour,tichondrius,958,warrior,arms,18,10,8
Glacierrsz,sargeras,958,warrior,arms,18,10,8
Jackmonkey,the-forgotten-coast,958,warrior,arms,24,10,14
Wingnut,zuluhed,958,warrior,arms,24,10,14
Bigdickfever,sargeras,958,warrior,arms,24,10,14
Kelmor,thunderhorn,958,warrior,arms,30,10,20
Calto,tichondrius,958,warrior,arms,30,10,20
Razakamx,tichondrius,957,warrior,arms,12,10,2
Tasyn,blackrock,957,warrior,arms,18,10,8
Whórm,kelthuzad,957,warrior,arms,18,10,8
Atuey,area-52,957,warrior,arms,18,10,8
Fugmaface,sargeras,957,warrior,arms,18,10,8
Dypnos,ragnaros,957,warrior,arms,24,10,14
Phpw,tichondrius,957,warrior,arms,24,10,14
Targos,frostwolf,957,warrior,arms,24,10,14
Rendron,frostmourne,957,warrior,arms,24,10,14
Sõnics,tichondrius,957,warrior,arms,30,10,20
Rhuktar,azralon,956,warrior,arms,18,10,8
Kevinlanders,sargeras,956,warrior,arms,18,10,8
Topbel,sargeras,956,warrior,arms,18,10,8
Keffdog,laughing-skull,956,warrior,arms,18,10,8
Lòvex,alterac-mountains,956,warrior,arms,60,32,28
Warzôg,emerald-dream,956,warrior,arms,24,10,14
Torbajhorn,moon-guard,956,warrior,arms,24,10,14
Baldain,garrosh,955,warrior,arms,18,10,8
Heratikk,tichondrius,955,warrior,arms,18,10,8
Enelsita,sargeras,955,warrior,arms,25,12,13
Blackstamp,tichondrius,955,warrior,arms,50,23,27
Nanor,zuljin,955,warrior,arms,24,10,14
Scabber,ragnaros,955,warrior,arms,24,10,14
Malakwar,thrall,955,warrior,arms,24,10,14
Balbyo,shattered-hand,955,warrior,arms,24,10,14
Bigbaby,drakthul,955,warrior,arms,24,10,14
Jerebeloz,proudmoore,955,warrior,arms,24,10,14
Theestallion,kiljaeden,954,warrior,arms,18,10,8
Darkthok,drakkari,954,warrior,arms,46,20,26
Layøut,azralon,954,warrior,arms,24,10,14
Sakiimoe,ragnaros,954,warrior,arms,24,10,14
Antêro,sargeras,954,warrior,arms,42,17,25
Starshattr,bleeding-hollow,954,warrior,arms,30,10,20
Coffeebottom,wyrmrest-accord,953,warrior,arms,18,10,8
Zomars,ragnaros,953,warrior,arms,18,10,8
Renden,arthas,953,warrior,arms,32,11,21
Iamfine,area-52,953,warrior,arms,30,10,20
Thiccsmith,blackrock,952,warrior,arms,18,10,8
Bojåck,stormrage,951,warrior,arms,18,10,8
Astellios,stormrage,951,warrior,arms,18,10,8
Târtàrûs,tichondrius,951,warrior,arms,88,41,47
Ajulacho,ragnaros,951,warrior,arms,24,10,14
Vvârriôr,barthilas,951,warrior,arms,24,10,14
Darroma,bleeding-hollow,950,warrior,arms,18,10,8
Dierdris,gnomeregan,950,warrior,arms,82,40,42
Discopogo,nemesis,950,warrior,arms,24,10,14
Kross,illidan,950,warrior,arms,24,10,14
Oppos,lightnings-blade,950,warrior,arms,31,12,19
Rainiki,stormrage,950,warrior,arms,30,11,19
Zoldyak,ragnaros,949,warrior,arms,24,10,14
Melithiae,barthilas,949,warrior,arms,24,10,14
Raÿnok,ragnaros,948,warrior,arms,70,26,44
Ragedor,moon-guard,948,warrior,arms,30,10,20
Pummels,area-52,947,warrior,arms,24,10,14
Dizzygal,hyjal,947,warrior,arms,24,10,14
Rücküs,tichondrius,947,warrior,arms,24,10,14
Uhredb,aegwynn,946,warrior,arms,42,22,20
Stormit,illidan,946,warrior,arms,28,11,17
Líliúm,ragnaros,946,warrior,arms,69,27,42
Theøcritus,korgath,945,warrior,arms,65,31,34
Antonios,drakthul,945,warrior,arms,36,10,26
Axedeity,caelestrasz,944,warrior,arms,129,65,64
Garroshrimp,tichondrius,944,warrior,arms,24,10,14
Nakhu,wyrmrest-accord,943,warrior,arms,24,13,11
Lükke,ragnaros,943,warrior,arms,24,10,14
Asidieslowly,tichondrius,941,warrior,arms,18,10,8
Meatdrps,frostmane,941,warrior,arms,26,11,15
Thing,gorgonnash,941,warrior,arms,24,10,14
Chrysion,moon-guard,938,warrior,arms,18,10,8
Avansys,tichondrius,938,warrior,arms,24,10,14
Dragmös,nemesis,937,warrior,arms,12,10,2
Stöñè,blackwater-raiders,937,warrior,arms,24,10,14
Romus,spirestone,936,warrior,arms,17,11,6
Kielardis,illidan,936,warrior,arms,85,42,43
Hulkspazz,darkspear,936,warrior,arms,39,18,21
Mariò,area-52,934,warrior,arms,18,10,8
Tyrantt,malganis,934,warrior,arms,54,22,32
Beirdo,aegwynn,932,warrior,arms,18,10,8
Macdollibee,barthilas,929,warrior,arms,102,50,52
Aladdis,saurfang,928,warrior,arms,24,10,14
Koalabear,shadow-council,927,warrior,arms,17,10,7
Pocketaxe,blackwater-raiders,927,warrior,arms,83,40,43
Gontore,thrall,925,warrior,arms,23,10,13
Reginato,ravenholdt,925,warrior,arms,27,10,17
Fûry,tichondrius,924,warrior,arms,142,63,79
Tecnowar,quelthalas,917,warrior,arms,23,10,13
Brutallypwnd,tichondrius,916,warrior,arms,65,32,33
Velliena,tichondrius,916,warrior,arms,32,11,21
Skarkla,thrall,911,warrior,arms,29,10,19
Borahgis,area-52,910,warrior,arms,17,10,7
Loudpee,tichondrius,910,warrior,arms,20,11,9
Nexie,moon-guard,910,warrior,arms,21,10,11
Jimpepega,quelthalas,910,warrior,arms,23,10,13
Dingoe,wyrmrest-accord,907,warrior,arms,72,36,36
Warbreaker,stormrage,905,warrior,arms,17,10,7
Warronin,kaelthas,905,warrior,arms,22,11,11
Machatlan,stormrage,905,warrior,arms,80,39,41
Spitts,frostmourne,904,warrior,arms,21,10,11
Sinweaver,bleeding-hollow,903,warrior,arms,21,11,10
Placerqt,ragnaros,903,warrior,arms,26,11,15
Moosebeef,garrosh,901,warrior,arms,103,52,51
Clortho,korialstrasz,899,warrior,arms,40,16,24
Güts,emerald-dream,896,warrior,arms,21,11,10
Girioo,thrall,895,warrior,arms,14,10,4
Catêyês,kelthuzad,895,warrior,arms,26,10,16
Gushyguts,tichondrius,894,warrior,arms,31,11,20
Slaughterist,illidan,893,warrior,arms,42,17,25
Xecallkhan,burning-legion,893,warrior,arms,54,18,36
Pumpuup,bleeding-hollow,892,warrior,arms,80,37,43
Thesmackboi,sargeras,890,warrior,arms,16,10,6
Smokezee,barthilas,890,warrior,arms,26,10,16
Dorathorn,azralon,888,warrior,arms,39,10,29
Euphylez,garrosh,887,warrior,arms,20,10,10
Wallzar,sargeras,887,warrior,arms,20,10,10
Deathhit,barthilas,887,warrior,arms,65,32,33
Hruum,moknathal,886,warrior,arms,18,10,8
Faen,anvilmar,883,warrior,arms,22,10,12
Señor,barthilas,878,warrior,arms,27,13,14
Poornub,emerald-dream,875,warrior,arms,19,11,8
Spartabear,thrall,873,warrior,arms,25,10,15
Saigø,stormrage,870,warrior,arms,30,14,16
Sígmar,dreadmaul,869,warrior,arms,18,10,8
Wreckerr,area-52,869,warrior,arms,26,12,14
Karrison,azshara,865,warrior,arms,157,80,77
Youngmoneyd,illidan,864,warrior,arms,12,9,3
Dedgamesucks,darkspear,864,warrior,arms,12,9,3
Iracor,stormrage,864,warrior,arms,12,9,3
Dripgodx,malganis,864,warrior,arms,12,9,3
Joker,andorhal,864,warrior,arms,12,9,3
Moonyxx,frostmourne,864,warrior,arms,12,9,3
Skynitez,area-52,864,warrior,arms,12,9,3
Böô,tichondrius,864,warrior,arms,18,9,9
Biorhn,area-52,864,warrior,arms,18,9,9
Lebs,frostmourne,864,warrior,arms,18,9,9
Desgardius,tichondrius,864,warrior,arms,18,9,9
Warwagon,the-underbog,864,warrior,arms,18,9,9
Mlau,tichondrius,864,warrior,arms,18,9,9
Bedman,tichondrius,864,warrior,arms,18,9,9
Stÿgían,kelthuzad,864,warrior,arms,18,9,9
Rulz,tichondrius,864,warrior,arms,18,9,9
Bbg,bleeding-hollow,864,warrior,arms,18,9,9
Alchera,fizzcrank,864,warrior,arms,18,9,9
Grimfate,boulderfist,864,warrior,arms,18,9,9
Gläedr,dalaran,864,warrior,arms,18,9,9
Stÿgian,blood-furnace,864,warrior,arms,18,9,9
Eensy,sargeras,864,warrior,arms,24,9,15
Hellscrom,galakrond,864,warrior,arms,24,9,15
Naughtynilla,sargeras,864,warrior,arms,24,9,15
Dustywx,area-52,864,warrior,arms,24,9,15
Linjunfeng,tichondrius,864,warrior,arms,24,9,15
Therom,ragnaros,864,warrior,arms,33,11,22
Boardslide,proudmoore,864,warrior,arms,30,9,21
Eggheadorc,area-52,863,warrior,arms,12,9,3
Grehk,sargeras,863,warrior,arms,12,9,3
Stickystorm,proudmoore,863,warrior,arms,16,10,6
Zaynafein,emerald-dream,863,warrior,arms,18,9,9
Greven,malganis,863,warrior,arms,18,9,9
Primedstrike,wyrmrest-accord,863,warrior,arms,18,9,9
Rambovix,tichondrius,863,warrior,arms,18,9,9
Erdnase,ragnaros,863,warrior,arms,18,9,9
Averagewar,frostwolf,863,warrior,arms,18,9,9
Mechagodzila,kiljaeden,863,warrior,arms,18,9,9
Terneitor,ragnaros,863,warrior,arms,18,9,9
Chrom,illidan,863,warrior,arms,18,9,9
Spxnk,illidan,863,warrior,arms,18,9,9
Kid,daggerspine,863,warrior,arms,18,9,9
Chøde,barthilas,863,warrior,arms,18,9,9
Schoolbuhs,tichondrius,863,warrior,arms,18,9,9
Balthamel,dunemaul,863,warrior,arms,18,9,9
Skybroker,kelthuzad,863,warrior,arms,18,9,9
Hasbullaa,proudmoore,863,warrior,arms,18,9,9
Shrëkslovaki,tichondrius,863,warrior,arms,18,9,9
Nosoraki,thrall,863,warrior,arms,18,9,9
Spincycle,khadgar,863,warrior,arms,21,9,12
Touhen,illidan,863,warrior,arms,24,9,15
Laochra,aggramar,863,warrior,arms,24,9,15
Cowboybeast,tanaris,863,warrior,arms,24,9,15
Wrecktang,tichondrius,863,warrior,arms,24,9,15
Actio,stormrage,863,warrior,arms,24,9,15
Vrinith,ragnaros,863,warrior,arms,25,9,16
Warwslayer,tichondrius,863,warrior,arms,30,9,21
Xumæ,akama,863,warrior,arms,30,9,21
Alvitr,kelthuzad,863,warrior,arms,30,9,21
Dynamiite,bleeding-hollow,863,warrior,arms,30,9,21
Qnl,sargeras,862,warrior,arms,16,10,6
Qutuz,illidan,862,warrior,arms,18,9,9
Fatalsfury,tichondrius,862,warrior,arms,18,9,9
Cogsbixby,aerie-peak,862,warrior,arms,18,9,9
Lanthelon,wyrmrest-accord,862,warrior,arms,18,9,9
Um,moon-guard,862,warrior,arms,18,9,9
Hamslamm,area-52,862,warrior,arms,18,9,9
Playboi,azjolnerub,862,warrior,arms,18,9,9
Xargosh,magtheridon,862,warrior,arms,18,9,9
Wassab,stormrage,862,warrior,arms,18,9,9
Izârâk,frostmourne,862,warrior,arms,18,9,9
Wargorin,bleeding-hollow,862,warrior,arms,18,9,9
Targora,frostmourne,862,warrior,arms,22,10,12
Kraggo,zuljin,862,warrior,arms,24,9,15
Wárriór,tichondrius,862,warrior,arms,24,9,15
Xurc,gnomeregan,862,warrior,arms,24,9,15
Umbhaku,bleeding-hollow,862,warrior,arms,24,9,15
Shniewind,ragnaros,862,warrior,arms,30,9,21
Amikvarse,ghostlands,861,warrior,arms,18,9,9
Vãryan,frostmourne,861,warrior,arms,24,9,15
Shínkicker,area-52,861,warrior,arms,24,9,15
Gurtheng,sargeras,861,warrior,arms,25,9,16
Zanicus,bleeding-hollow,860,warrior,arms,18,9,9
Josesilver,quelthalas,860,warrior,arms,18,9,9
Superaxis,frostmourne,860,warrior,arms,18,9,9
Jindyn,boulderfist,860,warrior,arms,64,29,35
Lungwar,tichondrius,860,warrior,arms,24,9,15
Marnan,quelthalas,860,warrior,arms,24,9,15
Layllassa,moon-guard,860,warrior,arms,24,9,15
Badbooney,moonrunner,860,warrior,arms,24,9,15
Kiyokó,sargeras,859,warrior,arms,18,9,9
Sidicíous,dalaran,859,warrior,arms,18,9,9
Drayco,tichondrius,859,warrior,arms,24,9,15
Flexofender,wyrmrest-accord,859,warrior,arms,24,9,15
Jeason,ragnaros,859,warrior,arms,30,9,21
Czartacus,dalaran,858,warrior,arms,20,11,9
Åres,wyrmrest-accord,858,warrior,arms,18,9,9
Fwengli,illidan,858,warrior,arms,18,9,9
Mitnite,illidan,858,warrior,arms,18,9,9
Féril,ragnaros,858,warrior,arms,18,9,9
Soneoak,frostmourne,858,warrior,arms,24,9,15
Deathstrøke,illidan,858,warrior,arms,30,9,21
Boltmor,stormrage,857,warrior,arms,12,9,3
Tinyguysmall,eredar,857,warrior,arms,22,11,11
Gahii,barthilas,857,warrior,arms,18,9,9
Joshums,warsong,857,warrior,arms,26,10,16
Karusuke,stormrage,857,warrior,arms,24,9,15
Bahlsac,cenarion-circle,857,warrior,arms,30,10,20
Gaurun,wyrmrest-accord,856,warrior,arms,18,9,9
Leturen,area-52,856,warrior,arms,18,9,9
Bryanw,zuljin,856,warrior,arms,18,9,9
Elliyuh,darkspear,856,warrior,arms,24,10,14
Stillgrinnin,galakrond,856,warrior,arms,24,9,15
Irøns,arthas,856,warrior,arms,24,9,15
Sheerina,area-52,856,warrior,arms,30,9,21
Eorik,stormrage,856,warrior,arms,36,9,27
Benjigg,tichondrius,855,warrior,arms,18,9,9
Skøal,bonechewer,855,warrior,arms,24,9,15
Tarviss,exodar,855,warrior,arms,38,9,29
Wândêrer,wyrmrest-accord,854,warrior,arms,18,9,9
Garusok,thrall,853,warrior,arms,12,9,3
Chargekillu,proudmoore,852,warrior,arms,18,9,9
Asiyurekhans,borean-tundra,851,warrior,arms,12,9,3
Raggnaar,nordrassil,851,warrior,arms,24,9,15
Beepboop,malganis,850,warrior,arms,21,12,9
Quïckeze,khazgoroth,850,warrior,arms,24,9,15
Irgon,quelthalas,848,warrior,arms,18,9,9
Tierin,cairne,848,warrior,arms,38,10,28
Noktarr,tichondrius,845,warrior,arms,21,10,11
Vynfull,area-52,845,warrior,arms,24,9,15
Karadell,emerald-dream,843,warrior,arms,22,10,12
Grrkthakilla,area-52,843,warrior,arms,24,9,15
Gouzizhang,proudmoore,843,warrior,arms,27,10,17
Tmible,ragnaros,838,warrior,arms,12,9,3
Marleta,aegwynn,834,warrior,arms,18,9,9
Backbreaker,area-52,832,warrior,arms,22,9,13
Molloywr,kelthuzad,831,warrior,arms,23,9,14
Extremist,nagrand,831,warrior,arms,23,9,14
Drakgøre,ragnaros,830,warrior,arms,23,9,14
Hjoz,illidan,822,warrior,arms,16,9,7
Kenzxisgay,tichondrius,821,warrior,arms,32,10,22
Jötunn,dalaran,819,warrior,arms,18,9,9
Showusyatip,barthilas,817,warrior,arms,41,12,29
Rexxous,hyjal,815,warrior,arms,27,9,18
Bargorengar,skullcrusher,814,warrior,arms,78,34,44
Chickntender,stormreaver,813,warrior,arms,11,9,2
Milkcarton,darkspear,812,warrior,arms,23,9,14
Kambrial,zuljin,810,warrior,arms,15,12,3
Armsupx,tichondrius,810,warrior,arms,20,11,9
Lechonkk,proudmoore,810,warrior,arms,30,13,17
Scran,sargeras,809,warrior,arms,21,10,11
Tomcruz,bloodscalp,809,warrior,arms,22,10,12
Paí,nemesis,808,warrior,arms,17,9,8
Kalusha,ragnaros,804,warrior,arms,193,84,109
Lokgur,gallywix,800,warrior,arms,31,10,21
Beleña,dalaran,800,warrior,arms,28,9,19
Consolidate,hyjal,799,warrior,arms,20,9,11
Rahj,saurfang,799,warrior,arms,20,9,11
Gigazug,stormrage,799,warrior,arms,20,9,11
Protologist,chogall,799,warrior,arms,22,9,13
Skollton,tichondrius,799,warrior,arms,23,9,14
Fexis,queldorei,799,warrior,arms,60,13,47
Yarocktoo,kelthuzad,798,warrior,arms,14,9,5
Madhouse,tanaris,798,warrior,arms,17,9,8
Fatmân,tichondrius,798,warrior,arms,22,9,13
Alzuga,quelthalas,796,warrior,arms,26,9,17
Thagunshow,tichondrius,794,warrior,arms,20,9,11
Ripstorm,emerald-dream,794,warrior,arms,20,9,11
Ruick,wyrmrest-accord,793,warrior,arms,18,9,9
Matasimio,drakkari,793,warrior,arms,24,10,14
Rizmal,area-52,791,warrior,arms,20,9,11
Vandalizer,sargeras,788,warrior,arms,20,10,10
Joecules,kelthuzad,783,warrior,arms,17,9,8
Diianam,quelthalas,782,warrior,arms,23,9,14
Koraciá,illidan,780,warrior,arms,19,9,10
Sparklingpun,moon-guard,768,warrior,arms,12,8,4
Cjay,bleeding-hollow,768,warrior,arms,12,8,4
Clown,andorhal,768,warrior,arms,12,8,4
Belclorn,illidan,768,warrior,arms,12,8,4
Saucebussin,emerald-dream,768,warrior,arms,12,8,4
Patékphilípe,area-52,768,warrior,arms,12,8,4
Grüumsh,drenden,768,warrior,arms,12,8,4
Huangatang,wyrmrest-accord,768,warrior,arms,12,8,4
Eiengi,quelthalas,768,warrior,arms,12,8,4
Nekokitty,tichondrius,768,warrior,arms,12,8,4
Xaenne,zuljin,768,warrior,arms,12,8,4
Perfz,bleeding-hollow,768,warrior,arms,12,8,4
Mystïctank,sargeras,768,warrior,arms,12,8,4
Hwarriorz,tichondrius,768,warrior,arms,12,8,4
Laggytwodope,kelthuzad,768,warrior,arms,12,8,4
Sweeped,darkspear,768,warrior,arms,12,8,4
Halibut,kelthuzad,768,warrior,arms,12,8,4
Tickej,dragonmaw,768,warrior,arms,12,8,4
Tehnklo,malorne,768,warrior,arms,12,8,4
Iced,tichondrius,768,warrior,arms,12,8,4
Optym,onyxia,768,warrior,arms,12,8,4
Slaughterx,malganis,768,warrior,arms,12,8,4
Traglos,ragnaros,768,warrior,arms,12,8,4
Cazora,ragnaros,768,warrior,arms,12,8,4
Wreckfúll,sargeras,768,warrior,arms,12,8,4
Gorva,emerald-dream,768,warrior,arms,12,8,4
Mayhém,tichondrius,768,warrior,arms,12,8,4
Zleam,area-52,768,warrior,arms,12,8,4
Gabv,shadowmoon,768,warrior,arms,12,8,4
Willieruth,stormrage,768,warrior,arms,12,8,4
Hawö,quelthalas,768,warrior,arms,16,9,7
Warbringer,drakkari,768,warrior,arms,18,8,10
Aypok,malganis,768,warrior,arms,18,8,10
Elitistx,bleeding-hollow,768,warrior,arms,18,8,10
Ricksanches,shadowmoon,768,warrior,arms,18,8,10
Tamajkaz,the-forgotten-coast,768,warrior,arms,18,8,10
Riggs,stonemaul,768,warrior,arms,18,8,10
Cuddlechamp,barthilas,768,warrior,arms,18,8,10
Tádakatsu,sargeras,768,warrior,arms,18,8,10
Gypsypsycho,stormrage,768,warrior,arms,18,8,10
Dazuu,illidan,768,warrior,arms,18,8,10
Tappyc,tichondrius,768,warrior,arms,18,8,10
Calembo,illidan,768,warrior,arms,18,8,10
Ogre,magtheridon,768,warrior,arms,18,8,10
Sabers,mannoroth,768,warrior,arms,18,8,10
Thehóund,area-52,768,warrior,arms,18,8,10
Baaltica,ragnaros,768,warrior,arms,18,8,10
Qwort,moon-guard,768,warrior,arms,18,8,10
Raahj,sargeras,768,warrior,arms,18,8,10
Stoneball,kiljaeden,768,warrior,arms,18,8,10
Espadotas,ragnaros,768,warrior,arms,18,8,10
Supermieo,illidan,768,warrior,arms,18,8,10
Majaya,area-52,768,warrior,arms,24,8,16
Toungy,kelthuzad,768,warrior,arms,24,8,16
Leunitas,shadow-council,768,warrior,arms,24,8,16
Maldrik,exodar,768,warrior,arms,24,8,16
Hololeave,tichondrius,768,warrior,arms,24,8,16
Bornne,doomhammer,768,warrior,arms,30,8,22
Madgrim,tichondrius,768,warrior,arms,36,8,28
Blazingguard,stormrage,767,warrior,arms,12,8,4
Executefreak,illidan,767,warrior,arms,12,8,4
Rúz,illidan,767,warrior,arms,12,8,4
Papazug,kelthuzad,767,warrior,arms,12,8,4
Kixxel,sargeras,767,warrior,arms,12,8,4
Letsgosmokes,stormrage,767,warrior,arms,12,8,4
Tharez,stormrage,767,warrior,arms,12,8,4
Meleeboi,drakkari,767,warrior,arms,12,8,4
Roidragez,illidan,767,warrior,arms,12,8,4
Seamens,quelthalas,767,warrior,arms,12,8,4
Silac,drenden,767,warrior,arms,12,8,4
Domminux,darkspear,767,warrior,arms,12,8,4
Visage,dalaran,767,warrior,arms,12,8,4
Wantor,lightnings-blade,767,warrior,arms,12,8,4
Orangew,dalaran,767,warrior,arms,12,8,4
Rushee,argent-dawn,767,warrior,arms,12,8,4
Pigblind,azralon,767,warrior,arms,12,8,4
Zédelívery,azralon,767,warrior,arms,16,9,7
Dracoñ,quelthalas,767,warrior,arms,18,8,10
Viizer,tichondrius,767,warrior,arms,18,8,10
Fraxxure,proudmoore,767,warrior,arms,18,8,10
Reapr,moonrunner,767,warrior,arms,18,8,10
Orslo,area-52,767,warrior,arms,18,8,10
Dalinare,area-52,767,warrior,arms,18,8,10
Ediann,elune,767,warrior,arms,18,8,10
Broxar,area-52,767,warrior,arms,18,8,10
Slashup,sargeras,767,warrior,arms,18,8,10
Whynot,turalyon,767,warrior,arms,18,8,10
Pípe,nemesis,767,warrior,arms,18,8,10
Johnpork,tichondrius,767,warrior,arms,18,8,10
Bean,ragnaros,767,warrior,arms,18,8,10
Womanbeaterx,stormrage,767,warrior,arms,18,8,10
Gorechild,icecrown,767,warrior,arms,18,8,10
Æwarrìor,tichondrius,767,warrior,arms,18,8,10
Zuntzu,tichondrius,767,warrior,arms,18,8,10
Bigoldump,tichondrius,767,warrior,arms,18,8,10
Jódiarias,bleeding-hollow,767,warrior,arms,18,8,10
Slaughtér,tichondrius,767,warrior,arms,21,9,12
Orgreshin,area-52,767,warrior,arms,21,9,12
Jabakas,tichondrius,767,warrior,arms,19,8,11
Aratax,area-52,767,warrior,arms,24,8,16
Ihazlolstorm,area-52,767,warrior,arms,24,8,16
Syrupsippin,zuljin,767,warrior,arms,24,8,16
Zulataza,zuljin,767,warrior,arms,24,8,16
Cajual,area-52,767,warrior,arms,24,8,16
Ivory,emerald-dream,767,warrior,arms,24,8,16
Drewpqawk,tichondrius,767,warrior,arms,24,8,16
Rraw,demon-soul,767,warrior,arms,24,8,16
Flexjr,tichondrius,767,warrior,arms,24,8,16
Rhinð,sargeras,767,warrior,arms,24,8,16
Brawnforce,shadowsong,767,warrior,arms,24,8,16
Techanina,aerie-peak,767,warrior,arms,24,8,16
Nhojj,veknilash,767,warrior,arms,25,8,17
Bigcracka,illidan,767,warrior,arms,30,8,22
Headsour,thunderhorn,767,warrior,arms,30,8,22
Críxus,sargeras,767,warrior,arms,30,8,22
Khrull,khazgoroth,766,warrior,arms,12,8,4
Horvv,frostmourne,766,warrior,arms,12,8,4
Jackhanma,kelthuzad,766,warrior,arms,12,8,4
Warriorc,laughing-skull,766,warrior,arms,12,8,4
Zhasi,bonechewer,766,warrior,arms,12,8,4
Houk,frostmourne,766,warrior,arms,12,8,4
Sálieri,ragnaros,766,warrior,arms,18,8,10
Syyz,area-52,766,warrior,arms,18,8,10
Chj,kelthuzad,766,warrior,arms,18,8,10
Edalthor,quelthalas,766,warrior,arms,18,8,10
Camphump,bleeding-hollow,766,warrior,arms,18,8,10
Javabaenss,tichondrius,766,warrior,arms,18,8,10
Xkrieger,tichondrius,766,warrior,arms,18,8,10
Nerathias,thrall,766,warrior,arms,18,8,10
Danastus,icecrown,766,warrior,arms,18,8,10
Bigboy,icecrown,766,warrior,arms,18,8,10
Schmeegus,zuljin,766,warrior,arms,18,8,10
Donni,kelthuzad,766,warrior,arms,18,8,10
Sixxqt,malganis,766,warrior,arms,18,8,10
Potatocannon,kelthuzad,766,warrior,arms,18,8,10
Zrads,zuljin,766,warrior,arms,19,8,11
Markodarko,proudmoore,766,warrior,arms,20,8,12
Narduk,emerald-dream,766,warrior,arms,24,8,16
Calledon,emerald-dream,766,warrior,arms,24,8,16
Violençe,malganis,766,warrior,arms,24,8,16
Irondefense,thrall,766,warrior,arms,24,8,16
Biggieth,sargeras,766,warrior,arms,33,9,24
Modzilla,aerie-peak,766,warrior,arms,30,8,22
Léva,ragnaros,765,warrior,arms,12,8,4
Kurgrok,kiljaeden,765,warrior,arms,12,8,4
Ulfioff,whisperwind,765,warrior,arms,18,8,10
Percthirty,blackrock,765,warrior,arms,18,8,10
Adrianklee,fizzcrank,765,warrior,arms,18,8,10
Desertor,illidan,765,warrior,arms,18,8,10
Vassild,firetree,765,warrior,arms,18,8,10
Uragiri,shadowsong,765,warrior,arms,18,8,10
Belladeom,azralon,765,warrior,arms,18,8,10
Maltrate,hyjal,765,warrior,arms,21,9,12
Boagriuss,bleeding-hollow,765,warrior,arms,24,8,16
Landocamando,uldaman,765,warrior,arms,24,8,16
Lui,the-forgotten-coast,765,warrior,arms,24,8,16
Franklenn,mannoroth,765,warrior,arms,24,8,16
Bogrock,frostmourne,764,warrior,arms,12,8,4
Maxprotein,area-52,764,warrior,arms,14,8,6
Harattawi,thrall,764,warrior,arms,18,8,10
Tyrall,stormrage,764,warrior,arms,18,8,10
Draknon,stormrage,764,warrior,arms,18,8,10
Nosferagc,frostmourne,764,warrior,arms,21,9,12
Renziass,tichondrius,764,warrior,arms,24,8,16
Orcrist,stormreaver,763,warrior,arms,12,8,4
Chamfer,illidan,763,warrior,arms,18,8,10
Theodere,moon-guard,763,warrior,arms,18,8,10
Sygw,area-52,763,warrior,arms,24,8,16
Shìromìzù,eredar,762,warrior,arms,12,8,4
Reluctant,nerzhul,762,warrior,arms,18,8,10
Bárdøk,ragnaros,762,warrior,arms,18,8,10
Cueromodel,ragnaros,762,warrior,arms,18,8,10
Arktoast,tichondrius,762,warrior,arms,24,8,16
Revenn,greymane,761,warrior,arms,12,8,4
Trohgdor,sargeras,761,warrior,arms,18,8,10
Kîp,moon-guard,761,warrior,arms,30,8,22
Lumilis,draenor,760,warrior,arms,18,8,10
Saltycrakerz,area-52,760,warrior,arms,24,8,16
Vurks,frostmourne,760,warrior,arms,36,8,28
Vicoc,emerald-dream,758,warrior,arms,12,8,4
Badazzdad,thunderhorn,757,warrior,arms,18,8,10
Liiberator,thrall,757,warrior,arms,24,8,16
Randumxx,nerzhul,756,warrior,arms,12,8,4
Trapwar,malganis,755,warrior,arms,12,8,4
Fleshtuxedo,stormrage,752,warrior,arms,12,8,4
Renzokuken,demon-soul,752,warrior,arms,12,8,4
Joeyswoll,tichondrius,751,warrior,arms,12,8,4
Htmehard,area-52,751,warrior,arms,17,8,9
Felsen,blackwing-lair,751,warrior,arms,17,8,9
Wardaddyy,area-52,751,warrior,arms,17,8,9
Bratomil,amanthul,751,warrior,arms,18,8,10
Skalvi,moon-guard,751,warrior,arms,23,8,15
Xaxxar,bleeding-hollow,750,warrior,arms,17,8,9
Tgnomeless,gilneas,750,warrior,arms,25,8,17
Gladiattor,tol-barad,749,warrior,arms,18,8,10
Kasheeka,spirestone,749,warrior,arms,23,8,15
Brutekush,barthilas,743,warrior,arms,24,8,16
Ironwarr,hyjal,740,warrior,arms,23,8,15
Chóps,quelthalas,738,warrior,arms,18,8,10
Vetinari,nazjatar,735,warrior,arms,11,8,3
Zarttorius,quelthalas,734,warrior,arms,16,8,8
Tánktop,sargeras,733,warrior,arms,14,9,5
Gorakis,barthilas,733,warrior,arms,20,9,11
Size,azralon,732,warrior,arms,20,9,11
Starrburrsts,silvermoon,720,warrior,arms,9,9,0
Turtleofhope,barthilas,720,warrior,arms,15,8,7
Mêlo,area-52,719,warrior,arms,17,8,9
Randywar,tichondrius,719,warrior,arms,21,8,13
Khirr,barthilas,719,warrior,arms,23,8,15
Scrappin,tichondrius,719,warrior,arms,29,8,21
Wreckthis,area-52,718,warrior,arms,17,8,9
Omicripto,tichondrius,716,warrior,arms,17,8,9
Ârmstrong,quelthalas,714,warrior,arms,23,10,13
Alemão,bleeding-hollow,713,warrior,arms,23,9,14
Kimuraa,hyjal,708,warrior,arms,29,10,19
Insylum,feathermoon,704,warrior,arms,22,8,14
Grawñ,frostmourne,703,warrior,arms,14,9,5
Cptdrako,alterac-mountains,703,warrior,arms,14,8,6
Kforti,kiljaeden,703,warrior,arms,20,8,12
Sygurd,drakkari,702,warrior,arms,14,8,6
Olavson,proudmoore,701,warrior,arms,23,8,15
Argorøk,azralon,701,warrior,arms,44,8,36
Calebrium,tichondrius,699,warrior,arms,26,8,18
Rhok,elune,690,warrior,arms,22,11,11
Juggernutx,illidan,687,warrior,arms,11,9,2
Valuxia,sargeras,687,warrior,arms,19,8,11
Stormleap,tichondrius,672,warrior,arms,12,7,5
Doogthunk,mannoroth,672,warrior,arms,12,7,5
Jahrakál,thunderlord,672,warrior,arms,12,7,5
Visacard,skullcrusher,672,warrior,arms,12,7,5
Zombeebe,sargeras,672,warrior,arms,12,7,5
Dunkmate,malganis,672,warrior,arms,12,7,5
Hinsionzillu,proudmoore,672,warrior,arms,12,7,5
Madmartiggan,tichondrius,672,warrior,arms,12,7,5
Bertazzo,azralon,672,warrior,arms,12,7,5
Spaceslam,tichondrius,672,warrior,arms,12,7,5
Tdevastator,tichondrius,672,warrior,arms,12,7,5
Havocsmash,tichondrius,672,warrior,arms,12,7,5
Xdoombringer,area-52,672,warrior,arms,12,7,5
Musclebomber,bleeding-hollow,672,warrior,arms,12,7,5
Hopefulki,duskwood,672,warrior,arms,12,7,5
Giv,frostmourne,672,warrior,arms,12,7,5
Ischyrós,stormrage,672,warrior,arms,12,7,5
Shortnblunt,kelthuzad,672,warrior,arms,12,7,5
Bloodshêdz,stormrage,672,warrior,arms,12,7,5
Raeging,area-52,672,warrior,arms,12,7,5
Taino,kelthuzad,672,warrior,arms,12,7,5
Leoheart,borean-tundra,672,warrior,arms,12,7,5
Niulaoye,tichondrius,672,warrior,arms,12,7,5
Fernzie,malganis,672,warrior,arms,12,7,5
Arsis,whisperwind,672,warrior,arms,12,7,5
Ryalaeth,moon-guard,672,warrior,arms,12,7,5
Eeloanmusk,dalaran,672,warrior,arms,12,7,5
Yrz,malganis,672,warrior,arms,12,7,5
Executor,mugthol,672,warrior,arms,12,7,5
Benbtw,malganis,672,warrior,arms,12,7,5
Furìous,stormrage,672,warrior,arms,12,7,5
Deseroth,sargeras,672,warrior,arms,12,7,5
Zerøhøùr,kul-tiras,672,warrior,arms,12,7,5
Megadracoman,altar-of-storms,672,warrior,arms,12,7,5
Studdythejet,zuljin,672,warrior,arms,12,7,5
Abizzyy,dragonmaw,672,warrior,arms,12,7,5
Petuniä,zuljin,672,warrior,arms,12,7,5
Extrinsic,tichondrius,672,warrior,arms,12,7,5
Herkales,emerald-dream,672,warrior,arms,12,7,5
Mereleona,quelthalas,672,warrior,arms,12,7,5
Grounyl,azralon,672,warrior,arms,12,7,5
Gbrz,stormrage,672,warrior,arms,12,7,5
Mikrotik,alleria,672,warrior,arms,12,7,5
Nilrondoom,illidan,672,warrior,arms,12,7,5
Jaysmom,tichondrius,672,warrior,arms,12,7,5
Jypster,stormrage,672,warrior,arms,12,7,5
Dehumanized,greymane,672,warrior,arms,12,7,5
Sphatic,tichondrius,672,warrior,arms,12,7,5
Nekopara,caelestrasz,672,warrior,arms,12,7,5
Necrøbutchër,ragnaros,672,warrior,arms,12,7,5
Kevy,arygos,672,warrior,arms,12,7,5
Korbles,moon-guard,672,warrior,arms,12,7,5
Jesbar,ragnaros,672,warrior,arms,12,7,5
Madamemarie,stormrage,672,warrior,arms,12,7,5
Cuzmyslam,sargeras,672,warrior,arms,12,7,5
Roiboy,stormrage,672,warrior,arms,12,7,5
Yqoos,tichondrius,672,warrior,arms,12,7,5
Vxjohnson,proudmoore,672,warrior,arms,15,8,7
Kappiz,wyrmrest-accord,672,warrior,arms,14,7,7
Steelbrew,emerald-dream,672,warrior,arms,15,7,8
Mverstappen,azralon,672,warrior,arms,20,8,12
Goyqqw,illidan,672,warrior,arms,18,7,11
Arquiem,ragnaros,672,warrior,arms,18,7,11
Fatpoos,barthilas,672,warrior,arms,18,7,11
Cahdrophenia,moon-guard,672,warrior,arms,18,7,11
Ghoghánz,quelthalas,672,warrior,arms,18,7,11
Sayjaki,stormrage,672,warrior,arms,18,7,11
Allonsas,moon-guard,672,warrior,arms,18,7,11
Fatdouglass,sargeras,672,warrior,arms,18,7,11
Trexxen,stormrage,672,warrior,arms,18,7,11
Hårrison,tichondrius,672,warrior,arms,18,7,11
Stipdip,tichondrius,672,warrior,arms,18,7,11
Kerrbox,frostmourne,672,warrior,arms,18,7,11
Rudakoff,ragnaros,672,warrior,arms,18,7,11
Woomyy,shadowsong,672,warrior,arms,18,7,11
July,arthas,672,warrior,arms,18,7,11
Ulamøg,proudmoore,672,warrior,arms,18,7,11
Sodarzok,thaurissan,672,warrior,arms,18,7,11
Ladderx,area-52,672,warrior,arms,18,7,11
Rockmejalala,quelthalas,672,warrior,arms,18,7,11
Doully,proudmoore,672,warrior,arms,18,7,11
Galtusk,sargeras,672,warrior,arms,18,7,11
Gozugurself,barthilas,672,warrior,arms,18,7,11
Zuans,azralon,672,warrior,arms,18,7,11
Iammi,skywall,672,warrior,arms,18,7,11
Ignorebrain,tichondrius,672,warrior,arms,18,7,11
Uglyfuq,bleeding-hollow,672,warrior,arms,18,7,11
Ayaseharuqt,quelthalas,672,warrior,arms,18,7,11
Buddypalmer,bleeding-hollow,672,warrior,arms,18,7,11
Käggai,khadgar,672,warrior,arms,18,7,11
Nooniezpw,tichondrius,672,warrior,arms,18,7,11
Ryänlord,mugthol,672,warrior,arms,18,7,11
Kraft,azralon,672,warrior,arms,18,7,11
Tunnelvision,garrosh,672,warrior,arms,18,7,11
Achui,cairne,672,warrior,arms,21,8,13
Sahagun,thrall,672,warrior,arms,20,7,13
Omlas,azralon,672,warrior,arms,24,7,17
Acecarnage,emerald-dream,672,warrior,arms,24,7,17
Paralyzed,malganis,672,warrior,arms,24,7,17
Corevp,barthilas,672,warrior,arms,24,7,17
Pokeyobutt,hydraxis,672,warrior,arms,24,7,17
Lørdvingådør,azralon,672,warrior,arms,24,7,17
Festerclaws,wyrmrest-accord,672,warrior,arms,24,7,17
Drakunai,shattered-halls,672,warrior,arms,24,7,17
Ggéz,stormrage,672,warrior,arms,24,7,17
Crimsóñ,kelthuzad,672,warrior,arms,24,7,17
Zaxxry,malganis,672,warrior,arms,24,7,17
Natalieftm,tichondrius,672,warrior,arms,24,7,17
Slanía,moon-guard,671,warrior,arms,12,7,5
Vijit,stormrage,671,warrior,arms,12,7,5
Blazie,barthilas,671,warrior,arms,12,7,5
Jaggerjacck,illidan,671,warrior,arms,12,7,5
Hungdiesel,area-52,671,warrior,arms,12,7,5
Dêsêcratê,frostmourne,671,warrior,arms,12,7,5
Dunkindots,tichondrius,671,warrior,arms,12,7,5
Coffeephd,moon-guard,671,warrior,arms,12,7,5
Pipeman,blackhand,671,warrior,arms,12,7,5
Exceldoc,frostwolf,671,warrior,arms,12,7,5
Jedeva,stormrage,671,warrior,arms,12,7,5
Banito,thrall,671,warrior,arms,12,7,5
Bingoslam,frostmourne,671,warrior,arms,12,7,5
Maddzspin,tichondrius,671,warrior,arms,12,7,5
Smokiiwar,proudmoore,671,warrior,arms,12,7,5
Azathothenia,tichondrius,671,warrior,arms,12,7,5
Furiousangel,area-52,671,warrior,arms,12,7,5
Balela,sargeras,671,warrior,arms,12,7,5
Glizzarms,dalaran,671,warrior,arms,12,7,5
Riffralph,quelthalas,671,warrior,arms,12,7,5
Sosoma,kelthuzad,671,warrior,arms,12,7,5
Terazova,tichondrius,671,warrior,arms,12,7,5
Prodo,gallywix,671,warrior,arms,12,7,5
Gunnëy,malganis,671,warrior,arms,12,7,5
Girthstick,eredar,671,warrior,arms,12,7,5
Kryssanta,kilrogg,671,warrior,arms,13,7,6
Metaphoric,stormrage,671,warrior,arms,15,8,7
Kalisandra,undermine,671,warrior,arms,16,8,8
Ronekilnagda,illidan,671,warrior,arms,16,8,8
Battosaì,bonechewer,671,warrior,arms,19,9,10
Mustachelove,bleeding-hollow,671,warrior,arms,18,7,11
Omnifortis,bleeding-hollow,671,warrior,arms,18,7,11
Analítico,ragnaros,671,warrior,arms,18,7,11
Draktharr,tichondrius,671,warrior,arms,18,7,11
Toddlovesu,kelthuzad,671,warrior,arms,18,7,11
Paratech,thrall,671,warrior,arms,18,7,11
Conviction,draka,671,warrior,arms,18,7,11
Capo,windrunner,671,warrior,arms,18,7,11
Dementordark,ragnaros,671,warrior,arms,18,7,11
Rembrand,blackhand,671,warrior,arms,18,7,11
Greenbeenz,malganis,671,warrior,arms,18,7,11
Uprisèn,illidan,671,warrior,arms,18,7,11
Aùstin,moon-guard,671,warrior,arms,18,7,11
Stepzugger,illidan,671,warrior,arms,18,7,11
Slamhandwich,illidan,671,warrior,arms,18,7,11
Bulldozar,zuljin,671,warrior,arms,18,7,11
Ibyessa,emerald-dream,671,warrior,arms,18,7,11
Hozer,tichondrius,671,warrior,arms,18,7,11
Domeclap,malganis,671,warrior,arms,18,7,11
Earnhardt,tichondrius,671,warrior,arms,18,7,11
Brøxigár,quelthalas,671,warrior,arms,18,7,11
Dsquarius,emerald-dream,671,warrior,arms,18,7,11
Bröstörm,bonechewer,671,warrior,arms,18,7,11
Immortal,icecrown,671,warrior,arms,18,7,11
Cj,proudmoore,671,warrior,arms,18,7,11
Ponygon,quelthalas,671,warrior,arms,18,7,11
Kð,zuljin,671,warrior,arms,18,7,11
Astrálís,nemesis,671,warrior,arms,18,7,11
Mirandakerrx,frostmourne,671,warrior,arms,18,7,11
Slöppyjoe,blackrock,671,warrior,arms,18,7,11
Grazellor,khaz-modan,671,warrior,arms,18,7,11
Iden,vashj,671,warrior,arms,18,7,11
Rorralyn,moon-guard,671,warrior,arms,18,7,11
Joaotrinta,azralon,671,warrior,arms,19,7,12
Xeniwar,tichondrius,671,warrior,arms,20,7,13
Powerjaw,stormrage,671,warrior,arms,24,7,17
Vandammage,cenarion-circle,671,warrior,arms,24,7,17
Antiab,ragnaros,671,warrior,arms,24,7,17
Winso,blood-furnace,671,warrior,arms,24,7,17
Abrakàrn,zuluhed,671,warrior,arms,24,7,17
Mcsmash,nordrassil,671,warrior,arms,31,7,24
Deathlokz,proudmoore,670,warrior,arms,12,7,5
Promewar,ragnaros,670,warrior,arms,12,7,5
Oglethorrpe,dragonmaw,670,warrior,arms,12,7,5
Bootypound,sargeras,670,warrior,arms,12,7,5
Darquan,trollbane,670,warrior,arms,12,7,5
Murrderrface,azgalor,670,warrior,arms,12,7,5
Nraged,illidan,670,warrior,arms,12,7,5
Draggo,tortheldrin,670,warrior,arms,12,7,5
Pozan,tichondrius,670,warrior,arms,12,7,5
Sawyx,ragnaros,670,warrior,arms,12,7,5
Frostvag,illidan,670,warrior,arms,12,7,5
Svantevit,tichondrius,670,warrior,arms,12,7,5
Nemezzao,azralon,670,warrior,arms,12,7,5
Relathari,moon-guard,670,warrior,arms,14,7,7
Claugoss,azralon,670,warrior,arms,17,8,9
Gìraffe,illidan,670,warrior,arms,18,7,11
Jamir,skullcrusher,670,warrior,arms,18,7,11
Guygienist,sargeras,670,warrior,arms,18,7,11
Nibones,malganis,670,warrior,arms,18,7,11
Aarett,draka,670,warrior,arms,18,7,11
Wariorwang,tichondrius,670,warrior,arms,18,7,11
Daleo,ragnaros,670,warrior,arms,18,7,11
Aquaknight,tortheldrin,670,warrior,arms,18,7,11
Rtt,akama,670,warrior,arms,24,7,17
Reidahn,zuljin,670,warrior,arms,24,7,17
Powerlift,area-52,670,warrior,arms,24,7,17
Emmartillos,ragnaros,670,warrior,arms,24,7,17
Puppykisses,smolderthorn,669,warrior,arms,12,7,5
Astrokreep,emerald-dream,669,warrior,arms,12,7,5
Torage,wyrmrest-accord,669,warrior,arms,12,7,5
Getoffmee,queldorei,669,warrior,arms,18,7,11
Harnor,garrosh,669,warrior,arms,18,7,11
Stôrmrâgê,stormrage,669,warrior,arms,24,7,17
Chadler,dragonmaw,669,warrior,arms,24,7,17
Bersk,sargeras,669,warrior,arms,30,7,23
Teyliemond,amanthul,668,warrior,arms,12,7,5
Azaeil,tanaris,668,warrior,arms,18,7,11
Kiiawah,sargeras,668,warrior,arms,18,7,11
Pythons,skullcrusher,668,warrior,arms,18,7,11
Grokash,azralon,668,warrior,arms,18,7,11
Yanïka,barthilas,667,warrior,arms,13,7,6
Rogkhan,tichondrius,667,warrior,arms,18,7,11
Moøster,aggramar,667,warrior,arms,18,7,11
Kevasaurr,sargeras,667,warrior,arms,24,7,17
Mmawi,ragnaros,666,warrior,arms,12,7,5
Zammuro,sargeras,666,warrior,arms,12,7,5
Mattrick,hyjal,665,warrior,arms,12,7,5
Wnunes,nemesis,665,warrior,arms,18,7,11
Terribletom,stormrage,665,warrior,arms,18,7,11
Åmowarr,illidan,664,warrior,arms,18,7,11
Nepharia,kirin-tor,664,warrior,arms,18,7,11
Piojowar,quelthalas,663,warrior,arms,12,7,5
Othon,nemesis,663,warrior,arms,12,7,5
Lilwarrior,blackrock,661,warrior,arms,12,7,5
Konstanttine,darkspear,660,warrior,arms,13,7,6
Tatsher,turalyon,660,warrior,arms,18,7,11
Jaywilly,stormrage,655,warrior,arms,17,7,10
Blok,malorne,655,warrior,arms,17,7,10
Pippysmallz,tichondrius,640,warrior,arms,16,7,9
Agnesis,quelthalas,639,warrior,arms,16,7,9
Parmizan,hydraxis,639,warrior,arms,16,7,9
Jiannuren,zuljin,639,warrior,arms,17,7,10
Moostorm,darkspear,639,warrior,arms,17,7,10
Fewfingers,sargeras,638,warrior,arms,16,7,9
Jamska,quelthalas,638,warrior,arms,23,7,16
Twinxin,thrall,637,warrior,arms,17,7,10
Krokgoldmane,drakkari,625,warrior,arms,80,34,46
Rametep,illidan,624,warrior,arms,15,7,8
Boyarde,tichondrius,624,warrior,arms,21,7,14
Tildzy,sargeras,623,warrior,arms,11,7,4
Vargan,aerie-peak,623,warrior,arms,11,7,4
Uptou,tichondrius,623,warrior,arms,11,7,4
Allenwalker,dreadmaul,623,warrior,arms,13,7,6
Haveya,ghostlands,623,warrior,arms,15,7,8
Tulnaak,durotan,623,warrior,arms,17,7,10
Frntdblbicep,tichondrius,623,warrior,arms,17,7,10
Pyrælara,shattered-halls,623,warrior,arms,21,7,14
Critnectar,aggramar,623,warrior,arms,21,7,14
Bigboycandy,malganis,621,warrior,arms,11,7,4
Shrekkman,area-52,621,warrior,arms,18,8,10
Xunaco,quelthalas,620,warrior,arms,26,7,19
Thornhardt,frostmourne,618,warrior,arms,12,8,4
Shabus,moon-guard,617,warrior,arms,21,8,13
Crushaholic,azgalor,613,warrior,arms,24,9,15
Pkrage,hellscream,606,warrior,arms,11,7,4
Porkasolta,goldrinn,604,warrior,arms,14,7,7
Zërø,dalaran,592,warrior,arms,19,7,12
Condemnd,area-52,591,warrior,arms,14,7,7
Zachw,stormrage,590,warrior,arms,19,7,12
Azyxia,emerald-dream,587,warrior,arms,16,8,8
Suhwoosh,bleeding-hollow,584,warrior,arms,28,10,18
Darkoil,illidan,576,warrior,arms,6,6,0
Taachanka,stormreaver,576,warrior,arms,6,6,0
Baltusrol,hydraxis,576,warrior,arms,6,6,0
Niinjjas,zuljin,576,warrior,arms,6,6,0
Hipower,lethon,576,warrior,arms,12,6,6
Areiana,stormrage,576,warrior,arms,12,6,6
Largegayman,sargeras,576,warrior,arms,12,6,6
Szar,stormrage,576,warrior,arms,12,6,6
Lathian,sargeras,576,warrior,arms,12,6,6
Tàlent,thrall,576,warrior,arms,12,6,6
Marîn,stormrage,576,warrior,arms,12,6,6
Glourfindel,quelthalas,576,warrior,arms,12,6,6
Cleaving,moon-guard,576,warrior,arms,12,6,6
Firstcitizen,stormrage,576,warrior,arms,12,6,6
Vólkar,quelthalas,576,warrior,arms,12,6,6
Psychescape,cenarius,576,warrior,arms,12,6,6
Warsongworg,tichondrius,576,warrior,arms,12,6,6
Rokknark,stormrage,576,warrior,arms,12,6,6
Toegap,illidan,576,warrior,arms,12,6,6
Deicide,quelthalas,576,warrior,arms,12,6,6
Miarisa,moon-guard,576,warrior,arms,12,6,6
Aladarith,moon-guard,576,warrior,arms,12,6,6
Roflcombo,illidan,576,warrior,arms,12,6,6
Screwz,blackrock,576,warrior,arms,12,6,6
Flidumpling,tichondrius,576,warrior,arms,12,6,6
Jeffrage,tichondrius,576,warrior,arms,12,6,6
Linios,tichondrius,576,warrior,arms,12,6,6
Dustiezi,stormrage,576,warrior,arms,12,6,6
Zugsok,thrall,576,warrior,arms,12,6,6
Kushmeister,illidan,576,warrior,arms,12,6,6
Sarutøbi,azralon,576,warrior,arms,12,6,6
Rattw,area-52,576,warrior,arms,12,6,6
Êraser,tichondrius,576,warrior,arms,12,6,6
Luminiere,sargeras,576,warrior,arms,12,6,6
Maydie,illidan,576,warrior,arms,12,6,6
Gladdz,moon-guard,576,warrior,arms,12,6,6
Swiftystorm,thrall,576,warrior,arms,12,6,6
Hülkamanïa,sargeras,576,warrior,arms,12,6,6
Arozay,illidan,576,warrior,arms,12,6,6
Aiaaeui,illidan,576,warrior,arms,12,6,6
Prìscìlla,stormrage,576,warrior,arms,12,6,6
Orkussw,illidan,576,warrior,arms,12,6,6
Spikedudley,wildhammer,576,warrior,arms,12,6,6
Amortens,area-52,576,warrior,arms,12,6,6
Zzode,tichondrius,576,warrior,arms,12,6,6
Griftustle,moon-guard,576,warrior,arms,12,6,6
Bajheeraz,tichondrius,576,warrior,arms,12,6,6
Madrak,greymane,576,warrior,arms,12,6,6
Brookiecooki,frostmourne,576,warrior,arms,12,6,6
Saqraeroz,ragnaros,576,warrior,arms,12,6,6
Bagginses,quelthalas,576,warrior,arms,12,6,6
Tmgagexx,tichondrius,576,warrior,arms,12,6,6
Baynn,frostmourne,576,warrior,arms,12,6,6
Rikthor,sargeras,576,warrior,arms,12,6,6
Chura,kiljaeden,576,warrior,arms,12,6,6
Breaker,undermine,576,warrior,arms,12,6,6
Genjutsu,trollbane,576,warrior,arms,12,6,6
Xilents,frostmourne,576,warrior,arms,12,6,6
Ogchiken,frostmourne,576,warrior,arms,12,6,6
Gílly,borean-tundra,576,warrior,arms,12,6,6
Gpro,tichondrius,576,warrior,arms,12,6,6
Hitwkey,tichondrius,576,warrior,arms,12,6,6
Exeqt,terokkar,576,warrior,arms,12,6,6
Dysazter,ravencrest,576,warrior,arms,12,6,6
Feedmetren,tichondrius,576,warrior,arms,12,6,6
Latorre,kelthuzad,576,warrior,arms,12,6,6
Sunhands,emerald-dream,576,warrior,arms,12,6,6
Mcrîb,stormscale,576,warrior,arms,12,6,6
Targramu,emerald-dream,576,warrior,arms,12,6,6
Sigrik,moon-guard,576,warrior,arms,12,6,6
Sunderstruck,boulderfist,576,warrior,arms,12,6,6
Mufasaprime,ursin,576,warrior,arms,12,6,6
Controlololx,hyjal,576,warrior,arms,12,6,6
Luckychaos,bleeding-hollow,576,warrior,arms,12,6,6
Devastata,jaedenar,576,warrior,arms,12,6,6
Farmtruckqt,proudmoore,576,warrior,arms,12,6,6
Caperage,tichondrius,576,warrior,arms,12,6,6
Grughak,kiljaeden,576,warrior,arms,12,6,6
Odinwarhands,stormrage,576,warrior,arms,12,6,6
Armsofury,kelthuzad,576,warrior,arms,12,6,6
Warnazx,azralon,576,warrior,arms,12,6,6
Kazabare,tichondrius,576,warrior,arms,12,6,6
Kovarro,stormrage,576,warrior,arms,12,6,6
Vibrates,stormreaver,576,warrior,arms,12,6,6
Kuraiaki,crushridge,576,warrior,arms,12,6,6
Illmindofboo,tichondrius,576,warrior,arms,12,6,6
Róngor,ragnaros,576,warrior,arms,12,6,6
Dgumby,illidan,576,warrior,arms,12,6,6
Bamlin,sargeras,576,warrior,arms,12,6,6
Martiallawl,skullcrusher,576,warrior,arms,12,6,6
Sadomize,kiljaeden,576,warrior,arms,12,6,6
Chuwarr,frostmourne,576,warrior,arms,12,6,6
Fordrek,bleeding-hollow,576,warrior,arms,12,6,6
Mebraindead,tichondrius,576,warrior,arms,12,6,6
Sorr,bonechewer,576,warrior,arms,12,6,6
Critcyclone,tichondrius,576,warrior,arms,12,6,6
Señortryhard,area-52,576,warrior,arms,12,6,6
Flanrych,illidan,576,warrior,arms,12,6,6
Hamburgezo,quelthalas,576,warrior,arms,12,6,6
Assamith,nemesis,576,warrior,arms,12,6,6
Cassetto,icecrown,576,warrior,arms,12,6,6
Feralcut,tichondrius,576,warrior,arms,12,6,6
Chapux,ragnaros,576,warrior,arms,12,6,6
Cavence,dalaran,576,warrior,arms,12,6,6
Jakslasfa,aegwynn,576,warrior,arms,12,6,6
Gnomërcy,tichondrius,576,warrior,arms,12,6,6
Bailu,ragnaros,576,warrior,arms,12,6,6
Homogenized,area-52,576,warrior,arms,12,6,6
Yenør,stormrage,576,warrior,arms,12,6,6
Dreamwarr,tichondrius,576,warrior,arms,12,6,6
Stromdart,quelthalas,576,warrior,arms,12,6,6
Blazight,dunemaul,576,warrior,arms,12,6,6
Guerramacina,tichondrius,576,warrior,arms,13,6,7
Olala,kiljaeden,576,warrior,arms,13,6,7
Ganzism,tichondrius,576,warrior,arms,13,6,7
Tokka,azjolnerub,576,warrior,arms,13,6,7
Ahkimih,ragnaros,576,warrior,arms,18,6,12
Waroes,emerald-dream,576,warrior,arms,18,6,12
Dondà,illidan,576,warrior,arms,18,6,12
Aldhard,moon-guard,576,warrior,arms,18,6,12
Sigismundd,bonechewer,576,warrior,arms,18,6,12
Cdjr,malganis,576,warrior,arms,18,6,12
Uzy,proudmoore,576,warrior,arms,18,6,12
Showtimè,thrall,576,warrior,arms,18,6,12
Mahoneslice,thrall,576,warrior,arms,18,6,12
Brickhouse,tichondrius,576,warrior,arms,18,6,12
Nillor,emerald-dream,576,warrior,arms,18,6,12
Kennäy,azralon,576,warrior,arms,18,6,12
Fayttful,area-52,576,warrior,arms,18,6,12
Májorrobot,area-52,576,warrior,arms,18,6,12
Hookahmasta,area-52,576,warrior,arms,18,6,12
Cleavxy,sargeras,576,warrior,arms,18,6,12
Stormwald,sargeras,576,warrior,arms,18,6,12
Boozy,barthilas,576,warrior,arms,18,6,12
Dessindir,quelthalas,576,warrior,arms,18,6,12
Ronak,vashj,576,warrior,arms,18,6,12
Robar,trollbane,576,warrior,arms,18,6,12
Tribes,malganis,576,warrior,arms,18,6,12
Metalhit,tichondrius,576,warrior,arms,18,6,12
Failnat,area-52,576,warrior,arms,18,6,12
Longcutie,tichondrius,576,warrior,arms,18,6,12
Vurk,area-52,576,warrior,arms,18,6,12
Zingerboss,barthilas,576,warrior,arms,18,6,12
Pushh,thrall,576,warrior,arms,18,6,12
Xgraves,sargeras,576,warrior,arms,18,6,12
Egoist,malganis,576,warrior,arms,18,6,12
Richhard,ragnaros,576,warrior,arms,18,6,12
Ljon,sargeras,576,warrior,arms,18,6,12
Liltotey,frostmourne,576,warrior,arms,18,6,12
Erhue,sargeras,576,warrior,arms,18,6,12
Zåzriel,tichondrius,576,warrior,arms,18,6,12
Bigpharma,elune,576,warrior,arms,18,6,12
Bondadoso,stormrage,576,warrior,arms,19,6,13
Imprw,stormrage,576,warrior,arms,24,6,18
Contentious,moon-guard,576,warrior,arms,24,6,18
Shîzu,moon-guard,576,warrior,arms,24,6,18
Tasunkowitko,tichondrius,576,warrior,arms,24,6,18
Galaxywar,stormrage,576,warrior,arms,24,6,18
Malahorda,illidan,576,warrior,arms,24,6,18
Hïtt,sargeras,576,warrior,arms,30,6,24
Redneckk,emerald-dream,575,warrior,arms,12,6,6
Nospace,tichondrius,575,warrior,arms,12,6,6
Biznasty,frostmourne,575,warrior,arms,12,6,6
Balthazãr,quelthalas,575,warrior,arms,12,6,6
Gimmiefood,emerald-dream,575,warrior,arms,12,6,6
Atømic,illidan,575,warrior,arms,12,6,6
Coldstorm,nerzhul,575,warrior,arms,12,6,6
Aiöria,ragnaros,575,warrior,arms,12,6,6
Thornakh,stormrage,575,warrior,arms,12,6,6
Bkdorbandit,illidan,575,warrior,arms,12,6,6
Mekaknight,destromath,575,warrior,arms,12,6,6
Orryn,proudmoore,575,warrior,arms,12,6,6
Gilisraw,tichondrius,575,warrior,arms,12,6,6
Trenbalogna,area-52,575,warrior,arms,12,6,6
Cryptikk,tichondrius,575,warrior,arms,12,6,6
Blunteffects,tichondrius,575,warrior,arms,12,6,6
Pandatrue,azralon,575,warrior,arms,12,6,6
Bolx,archimonde,575,warrior,arms,12,6,6
Onisusu,frostmourne,575,warrior,arms,12,6,6
Burntwaffle,ysera,575,warrior,arms,12,6,6
Volnas,earthen-ring,575,warrior,arms,12,6,6
Nefrith,lightbringer,575,warrior,arms,12,6,6
Kniven,stormscale,575,warrior,arms,12,6,6
Vioar,hyjal,575,warrior,arms,12,6,6
Mekkanic,moon-guard,575,warrior,arms,12,6,6
Teyrn,stormrage,575,warrior,arms,12,6,6
Ragefested,tichondrius,575,warrior,arms,12,6,6
Jujuassgeter,darkspear,575,warrior,arms,12,6,6
Penryn,illidan,575,warrior,arms,12,6,6
Hildibrawn,stormrage,575,warrior,arms,12,6,6
Awöl,jubeithos,575,warrior,arms,12,6,6
Desul,tichondrius,575,warrior,arms,12,6,6
Èxecutè,area-52,575,warrior,arms,15,7,8
Diesel,duskwood,575,warrior,arms,14,6,8
Dede,darkspear,575,warrior,arms,18,6,12
Dëckhand,proudmoore,575,warrior,arms,18,6,12
Orckims,tichondrius,575,warrior,arms,18,6,12
Opalert,tichondrius,575,warrior,arms,18,6,12
Warmachined,grizzly-hills,575,warrior,arms,18,6,12
Gotcrit,blood-furnace,575,warrior,arms,18,6,12
Slamchowdy,tichondrius,575,warrior,arms,18,6,12
Porchorc,hyjal,575,warrior,arms,18,6,12
Waïn,bleeding-hollow,575,warrior,arms,18,6,12
Axemurdera,frostmourne,575,warrior,arms,18,6,12
Hatzel,ragnaros,575,warrior,arms,18,6,12
Skyblock,tichondrius,575,warrior,arms,18,6,12
Ryuma,chogall,575,warrior,arms,18,6,12
Liltoastyy,illidan,574,warrior,arms,12,6,6
Percanator,aggramar,574,warrior,arms,12,6,6
Darkshrek,quelthalas,574,warrior,arms,12,6,6
Unbeaten,malganis,573,warrior,arms,12,6,6
Môgwai,kelthuzad,573,warrior,arms,12,6,6
Dúmp,stormrage,573,warrior,arms,12,6,6
Logohn,wyrmrest-accord,573,warrior,arms,12,6,6
Girei,ghostlands,573,warrior,arms,18,6,12
Brosèph,sargeras,573,warrior,arms,18,6,12
Cartou,stormscale,573,warrior,arms,24,6,18
Faóra,moon-guard,572,warrior,arms,12,6,6
Keateane,frostmourne,572,warrior,arms,12,6,6
Johnsnake,sargeras,572,warrior,arms,12,6,6
Bitiatus,scilla,572,warrior,arms,18,6,12
Brujas,blackrock,572,warrior,arms,24,6,18
Rudiblade,dalaran,571,warrior,arms,12,6,6
Nelissa,runetotem,571,warrior,arms,12,6,6
Magtharas,dunemaul,571,warrior,arms,12,6,6
Aggroan,shandris,570,warrior,arms,12,6,6
Tyronê,moon-guard,569,warrior,arms,30,6,24
Facestomp,moon-guard,566,warrior,arms,24,6,18
Acanof,azjolnerub,565,warrior,arms,15,7,8
Ciran,azralon,564,warrior,arms,18,6,12
Conchalover,illidan,559,warrior,arms,17,6,11
Stormfuhrer,stormrage,559,warrior,arms,21,7,14
Bøøtymuncher,illidan,558,warrior,arms,17,8,9
Warlapse,emerald-dream,558,warrior,arms,17,7,10
Berserko,gurubashi,558,warrior,arms,21,8,13
Clegain,ragnaros,544,warrior,arms,16,6,10
Ecopolis,azshara,544,warrior,arms,16,6,10
Ballzindeep,tichondrius,543,warrior,arms,8,7,1
Tâlos,ysondre,543,warrior,arms,11,6,5
Trevvel,proudmoore,543,warrior,arms,11,6,5
Tastyskeet,illidan,543,warrior,arms,11,6,5
Smashthathoe,bladefist,543,warrior,arms,16,6,10
Krule,zuljin,528,warrior,arms,15,6,9
Ðean,quelthalas,528,warrior,arms,15,6,9
Jÿp,tichondrius,527,warrior,arms,11,6,5
Warwik,stormscale,527,warrior,arms,17,6,11
Ledezma,proudmoore,527,warrior,arms,17,6,11
Heyzulnut,whisperwind,527,warrior,arms,17,6,11
Lazric,area-52,524,warrior,arms,15,6,9
Meadsweats,tichondrius,522,warrior,arms,17,10,7
Bersérk,area-52,522,warrior,arms,14,8,6
Vids,aegwynn,522,warrior,arms,15,7,8
Hrókr,kiljaeden,522,warrior,arms,19,8,11
Aalrua,moon-guard,522,warrior,arms,22,7,15
Corazondleón,ragnaros,522,warrior,arms,23,7,16
Shaydeen,black-dragonflight,521,warrior,arms,15,7,8
Swafty,daggerspine,519,warrior,arms,17,9,8
Zergg,dawnbringer,519,warrior,arms,18,7,11
Ckoaw,dalaran,512,warrior,arms,10,6,4
Duumgai,ghostlands,512,warrior,arms,22,6,16
Zandara,kelthuzad,511,warrior,arms,10,6,4
Illicitiri,sargeras,511,warrior,arms,10,6,4
Kvobash,area-52,511,warrior,arms,11,6,5
Captnplague,mugthol,511,warrior,arms,11,6,5
Samoksk,ragnaros,511,warrior,arms,11,6,5
Jackjaeger,area-52,511,warrior,arms,16,6,10
Ahsoakatano,kiljaeden,510,warrior,arms,17,6,11
Nicked,azralon,509,warrior,arms,20,6,14
Damore,sargeras,480,warrior,arms,6,5,1
Saladin,gnomeregan,480,warrior,arms,6,5,1
Noreaga,tichondrius,480,warrior,arms,6,5,1
Byvo,stormrage,480,warrior,arms,6,5,1
Muhee,tichondrius,480,warrior,arms,6,5,1
Ghostemane,whisperwind,480,warrior,arms,6,5,1
Isoln,tichondrius,480,warrior,arms,6,5,1
Zorporter,tichondrius,480,warrior,arms,6,5,1
Ångelman,tichondrius,480,warrior,arms,6,5,1
Pavv,malganis,480,warrior,arms,6,5,1
Whitewölf,illidan,480,warrior,arms,6,5,1
Gardenofsin,stormrage,480,warrior,arms,6,5,1
Ryü,khaz-modan,480,warrior,arms,6,5,1
Jackox,sargeras,480,warrior,arms,6,5,1
Bratva,frostmourne,480,warrior,arms,6,5,1
Gryl,stormrage,480,warrior,arms,6,5,1
Rickywarx,illidan,480,warrior,arms,6,5,1
Geàrbreaker,tichondrius,480,warrior,arms,6,5,1
Krøñøs,draktharon,480,warrior,arms,6,5,1
Warmgun,quelthalas,480,warrior,arms,6,5,1
Jarlaix,dragonmaw,480,warrior,arms,6,5,1
Tinymo,archimonde,480,warrior,arms,6,5,1
Trojanx,malganis,480,warrior,arms,6,5,1
Excellsior,bonechewer,480,warrior,arms,6,5,1
Meatsweatx,stormrage,480,warrior,arms,6,5,1
Biggesttoees,tichondrius,480,warrior,arms,6,5,1
Sosa,velen,480,warrior,arms,6,5,1
Mattdizzle,frostmane,480,warrior,arms,6,5,1
Kushian,tichondrius,480,warrior,arms,6,5,1
Billythunda,tichondrius,480,warrior,arms,6,5,1
Moè,frostmourne,480,warrior,arms,10,6,4
Warpenguin,kelthuzad,480,warrior,arms,10,6,4
Axestrong,ragnaros,480,warrior,arms,10,6,4
Skaaxx,barthilas,480,warrior,arms,10,6,4
Whittyxc,tichondrius,480,warrior,arms,9,5,4
Lru,whisperwind,480,warrior,arms,12,5,7
Sylvanos,arthas,480,warrior,arms,12,5,7
Clamjammed,thrall,480,warrior,arms,12,5,7
Philipjoo,illidan,480,warrior,arms,12,5,7
Clessalvein,nemesis,480,warrior,arms,12,5,7
Ffrog,tichondrius,480,warrior,arms,12,5,7
Biaa,tichondrius,480,warrior,arms,12,5,7
Thaedes,kelthuzad,480,warrior,arms,12,5,7
Kethsel,ragnaros,480,warrior,arms,12,5,7
Farlywarrior,tichondrius,480,warrior,arms,12,5,7
Sosaalmigh,tichondrius,480,warrior,arms,12,5,7
Wcb,sargeras,480,warrior,arms,12,5,7
Paulhëyman,sargeras,480,warrior,arms,12,5,7
Tahaji,kelthuzad,480,warrior,arms,12,5,7
Ztcw,tichondrius,480,warrior,arms,12,5,7
Takenotez,sargeras,480,warrior,arms,12,5,7
Smeshyou,kelthuzad,480,warrior,arms,12,5,7
Cwar,tichondrius,480,warrior,arms,12,5,7
Tâlos,magtheridon,480,warrior,arms,12,5,7
Jáy,ragnaros,480,warrior,arms,12,5,7
Crammed,tichondrius,480,warrior,arms,12,5,7
Neth,arthas,480,warrior,arms,12,5,7
Daedrion,dalaran,480,warrior,arms,12,5,7
Dagreatssj,tichondrius,480,warrior,arms,12,5,7
Igoon,dentarg,480,warrior,arms,12,5,7
Bariotyr,the-underbog,480,warrior,arms,12,5,7
Decimus,medivh,480,warrior,arms,12,5,7
Huricas,arthas,480,warrior,arms,12,5,7
Bronzeblood,arthas,480,warrior,arms,12,5,7
Buffwar,tichondrius,480,warrior,arms,12,5,7
Lüxord,quelthalas,480,warrior,arms,12,5,7
Vmill,tichondrius,480,warrior,arms,12,5,7
Nodmgguy,sargeras,480,warrior,arms,12,5,7
Gekhart,tichondrius,480,warrior,arms,12,5,7
Huleo,tichondrius,480,warrior,arms,12,5,7
Nazgrull,wildhammer,480,warrior,arms,12,5,7
Yotohime,thrall,480,warrior,arms,12,5,7
Juggernäut,malganis,480,warrior,arms,12,5,7
Kinaed,durotan,480,warrior,arms,12,5,7
Gävilar,sargeras,480,warrior,arms,12,5,7
Rafikkaa,quelthalas,480,warrior,arms,12,5,7
Nedstarc,laughing-skull,480,warrior,arms,12,5,7
Slamoholic,turalyon,480,warrior,arms,12,5,7
Crogosh,quelthalas,480,warrior,arms,12,5,7
Meatspinner,sargeras,480,warrior,arms,12,5,7
Glenn,tichondrius,480,warrior,arms,12,5,7
Tiitlefight,bleeding-hollow,480,warrior,arms,12,5,7
Elkinss,tichondrius,480,warrior,arms,12,5,7
Spirìt,illidan,480,warrior,arms,12,5,7
Veedrin,ysera,480,warrior,arms,12,5,7
Crushingnews,sargeras,480,warrior,arms,12,5,7
Jkasdfglkg,tichondrius,480,warrior,arms,12,5,7
Zantov,thrall,480,warrior,arms,12,5,7
Zeroghbrain,tichondrius,480,warrior,arms,12,5,7
Mayshowgunmo,tichondrius,480,warrior,arms,12,5,7
Stinkktoe,tichondrius,480,warrior,arms,12,5,7
Choiminson,tichondrius,480,warrior,arms,12,5,7
Secondbro,tichondrius,480,warrior,arms,12,5,7
Flëët,tichondrius,480,warrior,arms,12,5,7
Flexxinpapi,exodar,480,warrior,arms,12,5,7
Aââääåääââa,bleeding-hollow,480,warrior,arms,12,5,7
Orcbum,kiljaeden,480,warrior,arms,12,5,7
Gnivac,moon-guard,480,warrior,arms,12,5,7
Vãnth,kelthuzad,480,warrior,arms,12,5,7
Biggiesmash,bleeding-hollow,480,warrior,arms,12,5,7
Tyragyz,azralon,480,warrior,arms,12,5,7
Shadowsea,dragonblight,480,warrior,arms,12,5,7
Ericthegreat,azuremyst,480,warrior,arms,12,5,7
Executeprocz,frostmourne,480,warrior,arms,12,5,7
Matumbo,skullcrusher,480,warrior,arms,12,5,7
Momano,frostmourne,480,warrior,arms,12,5,7
Gromlette,trollbane,480,warrior,arms,12,5,7
Excalibruh,frostmourne,480,warrior,arms,12,5,7
Porc,zuluhed,480,warrior,arms,12,5,7
Hemkcus,zuluhed,480,warrior,arms,12,5,7
Wën,stormrage,480,warrior,arms,12,5,7
Hìtchslap,tichondrius,480,warrior,arms,12,5,7
Pregnannie,barthilas,480,warrior,arms,12,5,7
Kiladrew,korgath,480,warrior,arms,12,5,7
Shyghy,stormrage,480,warrior,arms,12,5,7
Shwip,tichondrius,480,warrior,arms,12,5,7
Milbën,tichondrius,480,warrior,arms,12,5,7
Zuiken,kiljaeden,480,warrior,arms,12,5,7
Whytea,cairne,480,warrior,arms,12,5,7
Haginn,malorne,480,warrior,arms,12,5,7
Qbw,icecrown,480,warrior,arms,12,5,7
Ramisés,stormrage,480,warrior,arms,12,5,7
Crookedface,area-52,480,warrior,arms,12,5,7
Arcâdio,cairne,480,warrior,arms,12,5,7
Jäëgër,moon-guard,480,warrior,arms,12,5,7
Emraldfury,darkspear,480,warrior,arms,12,5,7
Sheeftin,bleeding-hollow,480,warrior,arms,12,5,7
Justicwar,area-52,480,warrior,arms,12,5,7
Pandaxes,proudmoore,480,warrior,arms,12,5,7
Andrismash,barthilas,480,warrior,arms,12,5,7
Sideon,frostmourne,480,warrior,arms,12,5,7
Smashbashdie,stormrage,480,warrior,arms,12,5,7
Felorelea,moon-guard,480,warrior,arms,12,5,7
Dwenlocklv,barthilas,480,warrior,arms,12,5,7
Cabi,frostmourne,480,warrior,arms,12,5,7
Jìnkazama,stormrage,480,warrior,arms,12,5,7
Greyknights,kiljaeden,480,warrior,arms,12,5,7
Hookiee,zuljin,480,warrior,arms,12,5,7
Swordfall,akama,480,warrior,arms,12,5,7
Karik,proudmoore,480,warrior,arms,12,5,7
Recklamation,mannoroth,480,warrior,arms,12,5,7
Flakesskillz,darkspear,480,warrior,arms,12,5,7
Claponomics,area-52,480,warrior,arms,12,5,7
Kluster,kelthuzad,480,warrior,arms,12,5,7
Bootysmelly,mannoroth,480,warrior,arms,12,5,7
Biggrizz,area-52,480,warrior,arms,12,5,7
Quinntis,anvilmar,480,warrior,arms,12,5,7
Cpudemon,undermine,480,warrior,arms,12,5,7
Dengorn,zuljin,480,warrior,arms,12,5,7
Martydom,proudmoore,480,warrior,arms,12,5,7
Gonzwold,drenden,480,warrior,arms,12,5,7
Holmgang,frostmourne,480,warrior,arms,12,5,7
Dillý,area-52,480,warrior,arms,12,5,7
Trevmo,bloodscalp,480,warrior,arms,12,5,7
Shádo,darkspear,480,warrior,arms,12,5,7
Zerkah,daggerspine,480,warrior,arms,12,5,7
Brayven,area-52,480,warrior,arms,12,5,7
Peters,malfurion,480,warrior,arms,12,5,7
Thiccowman,area-52,480,warrior,arms,12,5,7
Loveføx,stormrage,480,warrior,arms,12,5,7
Lanco,kiljaeden,480,warrior,arms,12,5,7
Kaikah,aegwynn,480,warrior,arms,12,5,7
Bloodthristy,dunemaul,480,warrior,arms,12,5,7
Drudw,moon-guard,480,warrior,arms,12,5,7
Scozziee,barthilas,480,warrior,arms,12,5,7
Loudnoise,frostwolf,480,warrior,arms,12,5,7
Beerstorm,stormrage,480,warrior,arms,12,5,7
Maniel,greymane,480,warrior,arms,12,5,7
Phyriix,stormrage,480,warrior,arms,12,5,7
Reineger,area-52,480,warrior,arms,12,5,7
Mág,burning-legion,480,warrior,arms,13,5,8
Oledcktwist,garrosh,480,warrior,arms,13,5,8
Butterz,dunemaul,480,warrior,arms,16,6,10
Icé,bleeding-hollow,480,warrior,arms,16,6,10
Zibby,malganis,480,warrior,arms,14,5,9
Tigershárk,tichondrius,480,warrior,arms,16,5,11
Dragonbossy,sargeras,480,warrior,arms,17,5,12
Seppukush,quelthalas,480,warrior,arms,18,5,13
Oofta,kelthuzad,480,warrior,arms,18,5,13
Tanksbad,lightnings-blade,480,warrior,arms,18,5,13
Odinson,muradin,480,warrior,arms,18,5,13
Øvrpwrd,frostmourne,480,warrior,arms,18,5,13
Kkuzo,bleeding-hollow,480,warrior,arms,18,5,13
Goaco,drakkari,480,warrior,arms,18,5,13
Ravager,ragnaros,480,warrior,arms,18,5,13
Osannd,tichondrius,480,warrior,arms,18,5,13
Mcbanner,ragnaros,480,warrior,arms,18,5,13
Skyanidas,korgath,480,warrior,arms,18,5,13
Aldathion,argent-dawn,480,warrior,arms,18,5,13
Cyllyzie,emerald-dream,480,warrior,arms,18,5,13
Eightydeuce,bonechewer,480,warrior,arms,18,5,13
Killtrain,illidan,480,warrior,arms,18,5,13
Scrubzwarr,barthilas,480,warrior,arms,18,5,13
Melolaino,ragnaros,480,warrior,arms,18,5,13
Smackify,stormrage,480,warrior,arms,18,5,13
Erosenpai,stormrage,480,warrior,arms,18,5,13
Reifrayton,ragnaros,480,warrior,arms,18,5,13
Shaynaynay,tichondrius,480,warrior,arms,18,5,13
Tsathoggua,kiljaeden,480,warrior,arms,18,5,13
Jazzkiler,azralon,480,warrior,arms,23,5,18
Naisha,emerald-dream,480,warrior,arms,24,5,19
Creannew,drakkari,480,warrior,arms,24,5,19
Lorinzer,zuljin,480,warrior,arms,24,5,19
Deathwang,bloodhoof,480,warrior,arms,24,5,19
Rinngo,proudmoore,479,warrior,arms,6,5,1
Sarkhan,zuluhed,479,warrior,arms,6,5,1
Tanger,korgath,479,warrior,arms,6,5,1
Stretchytime,emerald-dream,479,warrior,arms,12,5,7
Têzeret,shadowmoon,479,warrior,arms,12,5,7
Warstik,malganis,479,warrior,arms,12,5,7
Synestira,frostmourne,479,warrior,arms,12,5,7
Annubiis,tichondrius,479,warrior,arms,12,5,7
Demoncat,quelthalas,479,warrior,arms,12,5,7
Raskmeth,zuljin,479,warrior,arms,12,5,7
Oo,jaedenar,479,warrior,arms,12,5,7
Icecoldvb,barthilas,479,warrior,arms,12,5,7
Qqmachine,tichondrius,479,warrior,arms,12,5,7
Razgorkul,illidan,479,warrior,arms,12,5,7
Unphased,area-52,479,warrior,arms,12,5,7
Trufsoturi,malganis,479,warrior,arms,12,5,7
Bigtitis,nazjatar,479,warrior,arms,12,5,7
Luckstang,zuljin,479,warrior,arms,12,5,7
Bovisrex,shadow-council,479,warrior,arms,12,5,7
Dirtyrandy,zuluhed,479,warrior,arms,12,5,7
Drepanocito,ragnaros,479,warrior,arms,12,5,7
Spliff,ghostlands,479,warrior,arms,12,5,7
Reckz,bleeding-hollow,479,warrior,arms,12,5,7
Reishera,stormrage,479,warrior,arms,12,5,7
Spàcetìme,stormrage,479,warrior,arms,12,5,7
Iapologiz,illidan,479,warrior,arms,12,5,7
Maudlewis,bladefist,479,warrior,arms,12,5,7
Skragg,chogall,479,warrior,arms,12,5,7
Magthor,warsong,479,warrior,arms,15,6,9
Zsl,tichondrius,479,warrior,arms,16,6,10
Tentacruels,area-52,479,warrior,arms,18,5,13
Flexecute,senjin,479,warrior,arms,18,5,13
Kanicky,draka,479,warrior,arms,18,5,13
Helscreem,hyjal,479,warrior,arms,18,5,13
Kenedy,moon-guard,479,warrior,arms,18,5,13
Jhayy,anvilmar,479,warrior,arms,18,5,13
Eightballerz,barthilas,479,warrior,arms,18,5,13
ßlindãø,azralon,479,warrior,arms,18,5,13
Pyraei,nordrassil,479,warrior,arms,24,5,19
Babyfelix,tichondrius,479,warrior,arms,24,5,19
Bunka,ragnaros,479,warrior,arms,24,5,19
Bbabyrolex,thunderlord,479,warrior,arms,24,5,19
Gorrthrax,area-52,479,warrior,arms,24,5,19
Arooy,azralon,478,warrior,arms,6,5,1
Corpsrunner,malygos,478,warrior,arms,12,5,7
Bennybrock,crushridge,478,warrior,arms,12,5,7
Dirtywarrior,lightnings-blade,478,warrior,arms,12,5,7
Otyek,proudmoore,478,warrior,arms,12,5,7
Banwarrior,tichondrius,478,warrior,arms,24,7,17
Maurig,ragnaros,478,warrior,arms,30,5,25
Larale,emerald-dream,477,warrior,arms,12,5,7
Spitbeard,kargath,477,warrior,arms,18,5,13
Theseven,gallywix,476,warrior,arms,12,5,7
Raktrazbirt,dalaran,472,warrior,arms,12,5,7
Kalys,ravencrest,466,warrior,arms,18,5,13
Naindejardin,sargeras,462,warrior,arms,11,5,6
Warrdog,kelthuzad,461,warrior,arms,17,5,12
Danalle,area-52,448,warrior,arms,10,6,4
Turboboy,tichondrius,448,warrior,arms,10,5,5
Notcoverage,tichondrius,447,warrior,arms,11,5,6
Tenderturtle,tichondrius,447,warrior,arms,11,5,6
Dontkiteme,frostmourne,447,warrior,arms,17,5,12
Boorabill,stormrage,446,warrior,arms,14,6,8
Hvwk,sargeras,445,warrior,arms,11,5,6
Dpsdone,blackrock,432,warrior,arms,9,6,3
Gurgak,illidan,431,warrior,arms,11,5,6
Esko,tichondrius,431,warrior,arms,11,5,6
Jackedaniels,stormrage,431,warrior,arms,12,5,7
Bloodbottle,darkspear,426,warrior,arms,14,7,7
Ragëqt,windrunner,426,warrior,arms,15,6,9
Boombasta,shuhalo,426,warrior,arms,15,6,9
Machutron,quelthalas,415,warrior,arms,8,5,3
Raselix,quelthalas,415,warrior,arms,8,5,3
Crackersmack,stormrage,415,warrior,arms,11,6,5
Thano,kiljaeden,415,warrior,arms,10,5,5
Monokromikor,sargeras,415,warrior,arms,10,5,5
Nrico,frostmourne,415,warrior,arms,10,5,5
Superbest,tichondrius,415,warrior,arms,14,5,9
Smashsmash,barthilas,400,warrior,arms,7,5,2
Goodidea,mannoroth,400,warrior,arms,7,5,2
Calcùlus,kelthuzad,400,warrior,arms,13,5,8
Ssamba,shattered-hand,384,warrior,arms,6,4,2
Sanqq,tichondrius,384,warrior,arms,6,4,2
Còlòssal,moknathal,384,warrior,arms,6,4,2
Míaguiulfo,ragnaros,384,warrior,arms,6,4,2
Prodigi,ragnaros,384,warrior,arms,6,4,2
Diâbetes,area-52,384,warrior,arms,6,4,2
Kruçify,dark-iron,384,warrior,arms,6,4,2
Dankchop,alterac-mountains,384,warrior,arms,6,4,2
Terminatorr,quelthalas,384,warrior,arms,6,4,2
Renithoon,stormrage,384,warrior,arms,6,4,2
Takitó,ragnaros,384,warrior,arms,6,4,2
Pacifísta,quelthalas,384,warrior,arms,6,4,2
Ordinaryname,illidan,384,warrior,arms,6,4,2
Tinysaphiroe,moon-guard,384,warrior,arms,6,4,2
Dazfury,barthilas,384,warrior,arms,6,4,2
Warcheif,dentarg,384,warrior,arms,6,4,2
Crixus,lothar,384,warrior,arms,6,4,2
Gamörä,illidan,384,warrior,arms,6,4,2
Yagarel,dalaran,384,warrior,arms,6,4,2
Picpay,area-52,384,warrior,arms,6,4,2
Thottprot,blackhand,384,warrior,arms,6,4,2
Slipter,ragnaros,384,warrior,arms,6,4,2
Claymorer,tichondrius,384,warrior,arms,6,4,2
Sharpenmsftw,illidan,384,warrior,arms,6,4,2
Crayen,moon-guard,384,warrior,arms,6,4,2
Caberg,ragnaros,384,warrior,arms,6,4,2
Rõcky,frostmourne,384,warrior,arms,6,4,2
Mfgodofwar,kelthuzad,384,warrior,arms,6,4,2
Ballac,ragnaros,384,warrior,arms,6,4,2
Swaystko,sargeras,384,warrior,arms,6,4,2
Odalp,tichondrius,384,warrior,arms,6,4,2
Mòrgo,agamaggan,384,warrior,arms,6,4,2
Helder,destromath,384,warrior,arms,6,4,2
Lycanthropï,illidan,384,warrior,arms,6,4,2
Rungoar,frostmourne,384,warrior,arms,6,4,2
Misticstorm,barthilas,384,warrior,arms,6,4,2
Gurneyhalec,proudmoore,384,warrior,arms,6,4,2
Styiex,ragnaros,384,warrior,arms,6,4,2
Rylen,stormrage,384,warrior,arms,6,4,2
Adrillonz,staghelm,384,warrior,arms,6,4,2
Grahroller,proudmoore,384,warrior,arms,6,4,2
Tanksalad,stormrage,384,warrior,arms,6,4,2
Copinhodagua,azralon,384,warrior,arms,6,4,2
Fròthy,emerald-dream,384,warrior,arms,6,4,2
Oddyseey,moon-guard,384,warrior,arms,6,4,2
Afelhia,moon-guard,384,warrior,arms,6,4,2
Fancysin,malganis,384,warrior,arms,6,4,2
Overlord,sargeras,384,warrior,arms,6,4,2
Yêawen,tichondrius,384,warrior,arms,6,4,2
Bütch,stormrage,384,warrior,arms,6,4,2
Alèx,tichondrius,384,warrior,arms,6,4,2
Braxxìnn,tichondrius,384,warrior,arms,6,4,2
Bigyeetus,sargeras,384,warrior,arms,6,4,2
Crunchytacos,zuljin,384,warrior,arms,6,4,2
Wardread,frostmourne,384,warrior,arms,6,4,2
Nextquestion,sargeras,384,warrior,arms,6,4,2
Mommystrasza,kelthuzad,384,warrior,arms,6,4,2
Kimbö,quelthalas,384,warrior,arms,6,4,2
Boomtacular,moon-guard,384,warrior,arms,6,4,2
Aægekaz,proudmoore,384,warrior,arms,6,4,2
Cheshe,area-52,384,warrior,arms,6,4,2
Pilgrimslays,tichondrius,384,warrior,arms,6,4,2
Thiccyb,area-52,384,warrior,arms,6,4,2
Blucollardad,bleeding-hollow,384,warrior,arms,6,4,2
Twerksome,tichondrius,384,warrior,arms,6,4,2
Appolyonn,hyjal,384,warrior,arms,6,4,2
Bajheeraz,sargeras,384,warrior,arms,6,4,2
Sonoflaw,skullcrusher,384,warrior,arms,6,4,2
Bruisebanner,area-52,384,warrior,arms,6,4,2
Figbruticus,zuljin,384,warrior,arms,6,4,2
Optimalwar,arthas,384,warrior,arms,6,4,2
Lxstcxntury,sargeras,384,warrior,arms,6,4,2
Daddydomtop,moon-guard,384,warrior,arms,6,4,2
Gangdan,sargeras,384,warrior,arms,6,4,2
Kumowar,illidan,384,warrior,arms,6,4,2
Pineapplezz,kelthuzad,384,warrior,arms,6,4,2
Titanmax,kelthuzad,384,warrior,arms,6,4,2
Gnasty,hyjal,384,warrior,arms,6,4,2
Conormacleod,stormrage,384,warrior,arms,6,4,2
Neon,wildhammer,384,warrior,arms,6,4,2
Çommodus,frostmourne,384,warrior,arms,6,4,2
Tsutsana,lightninghoof,384,warrior,arms,6,4,2
Ragingboner,aggramar,384,warrior,arms,6,4,2
Ygìr,mannoroth,384,warrior,arms,6,4,2
Malgoth,illidan,384,warrior,arms,6,4,2
Ziggeraut,cenarion-circle,384,warrior,arms,6,4,2
Goomy,shadow-council,384,warrior,arms,6,4,2
Tankdawg,draktharon,384,warrior,arms,6,4,2
Littlegengar,tichondrius,384,warrior,arms,6,4,2
Iroh,thunderhorn,384,warrior,arms,6,4,2
Tanker,greymane,384,warrior,arms,6,4,2
Everdense,thrall,384,warrior,arms,6,4,2
Kabronazos,quelthalas,384,warrior,arms,6,4,2
Evergardens,saurfang,384,warrior,arms,6,4,2
Bloodfüry,azralon,384,warrior,arms,6,4,2
Halfman,turalyon,384,warrior,arms,6,4,2
Mortalhandx,tichondrius,384,warrior,arms,6,4,2
Ummso,nerzhul,384,warrior,arms,6,4,2
Callosus,stormrage,384,warrior,arms,6,4,2
Saisou,illidan,384,warrior,arms,6,4,2
Ráwrxd,bleeding-hollow,384,warrior,arms,6,4,2
Fingaz,azralon,384,warrior,arms,6,4,2
Kaghogar,area-52,384,warrior,arms,6,4,2
Deosgladius,ragnaros,384,warrior,arms,6,4,2
Yivicus,sargeras,384,warrior,arms,6,4,2
Whitetail,proudmoore,384,warrior,arms,6,4,2
Aleforth,quelthalas,384,warrior,arms,6,4,2
Datogkush,frostmourne,384,warrior,arms,6,4,2
Sakuraya,tichondrius,384,warrior,arms,6,4,2
Restoy,tichondrius,384,warrior,arms,6,4,2
Burzerk,malganis,384,warrior,arms,6,4,2
Sithlõrd,moon-guard,384,warrior,arms,6,4,2
Hamur,azralon,384,warrior,arms,6,4,2
Slapywar,illidan,384,warrior,arms,6,4,2
Crankyhorn,stormrage,384,warrior,arms,6,4,2
Steelsong,area-52,384,warrior,arms,6,4,2
Greenishfox,illidan,384,warrior,arms,9,5,4
Ragnarlbrok,goldrinn,384,warrior,arms,10,5,5
Fydewar,stormrage,384,warrior,arms,11,5,6
Xebyn,tichondrius,384,warrior,arms,15,5,10
Xårren,stormrage,384,warrior,arms,12,4,8
Handikap,stormrage,384,warrior,arms,12,4,8
Orcly,kilrogg,384,warrior,arms,12,4,8
Troyanz,ragnaros,384,warrior,arms,12,4,8
Flexyx,arthas,384,warrior,arms,12,4,8
Spacegoatze,thunderlord,384,warrior,arms,12,4,8
Chongos,malganis,384,warrior,arms,12,4,8
Nxmabala,proudmoore,384,warrior,arms,12,4,8
Heliza,ragnaros,384,warrior,arms,12,4,8
Camaeel,stormrage,384,warrior,arms,12,4,8
Joekenshield,stonemaul,384,warrior,arms,12,4,8
Daduké,stormrage,384,warrior,arms,12,4,8
Durango,duskwood,384,warrior,arms,12,4,8
Jasonsdady,illidan,384,warrior,arms,12,4,8
Pendrake,proudmoore,384,warrior,arms,12,4,8
Indfo,altar-of-storms,384,warrior,arms,12,4,8
Dosey,kelthuzad,384,warrior,arms,12,4,8
Furyofrage,dalaran,384,warrior,arms,12,4,8
Pop,stormrage,384,warrior,arms,12,4,8
Jaredfrmsbwy,kelthuzad,384,warrior,arms,12,4,8
Sack,altar-of-storms,384,warrior,arms,12,4,8
Velanos,bleeding-hollow,384,warrior,arms,12,4,8
Majitz,azralon,384,warrior,arms,12,4,8
Murotamaka,malganis,384,warrior,arms,12,4,8
Smokr,azralon,384,warrior,arms,12,4,8
Pilsenerog,ragnaros,384,warrior,arms,12,4,8
Akoro,bleeding-hollow,384,warrior,arms,12,4,8
Totenhammer,nathrezim,384,warrior,arms,12,4,8
Nginx,queldorei,384,warrior,arms,12,4,8
Bewbeebangz,kelthuzad,384,warrior,arms,12,4,8
Sorty,emerald-dream,384,warrior,arms,12,4,8
Moseshrute,zuljin,384,warrior,arms,12,4,8
Gazah,skullcrusher,384,warrior,arms,12,4,8
Itsshowtime,tichondrius,384,warrior,arms,12,4,8
Hârambe,kiljaeden,384,warrior,arms,12,4,8
Filth,tichondrius,384,warrior,arms,12,4,8
Bigshett,sargeras,384,warrior,arms,12,4,8
Varrian,rivendare,384,warrior,arms,12,4,8
Augustîne,tichondrius,384,warrior,arms,12,4,8
Iargestpp,bleeding-hollow,384,warrior,arms,12,4,8
Bs,kiljaeden,384,warrior,arms,12,4,8
Trogwaagh,zuljin,384,warrior,arms,12,4,8
Angrybrog,malfurion,384,warrior,arms,12,4,8
Gorethak,kiljaeden,384,warrior,arms,12,4,8
Burritolord,illidan,384,warrior,arms,12,4,8
Rodeoclown,tichondrius,384,warrior,arms,12,4,8
Cupper,tichondrius,384,warrior,arms,12,4,8
Còsmico,trollbane,384,warrior,arms,12,4,8
Zenmore,illidan,384,warrior,arms,12,4,8
Jaclksparrow,azralon,384,warrior,arms,12,4,8
Bigßiceps,tichondrius,384,warrior,arms,12,4,8
Draiken,dalaran,384,warrior,arms,12,4,8
Wyborn,emerald-dream,384,warrior,arms,12,4,8
Zamera,tichondrius,384,warrior,arms,12,4,8
Lvcifer,akama,384,warrior,arms,12,4,8
Itshag,illidan,384,warrior,arms,12,4,8
Zantetsukenn,sargeras,384,warrior,arms,12,4,8
Zebel,tichondrius,384,warrior,arms,12,4,8
Varbû,hakkar,384,warrior,arms,12,4,8
Fatherkelso,tichondrius,384,warrior,arms,12,4,8
Brazenox,illidan,384,warrior,arms,12,4,8
Mindgoblin,bleeding-hollow,384,warrior,arms,12,4,8
Obama,chogall,384,warrior,arms,12,4,8
Barrocops,kiljaeden,384,warrior,arms,12,4,8
Rexmar,tichondrius,384,warrior,arms,12,4,8
Comic,malganis,384,warrior,arms,12,4,8
Claphub,malganis,384,warrior,arms,12,4,8
Thelsarian,nerzhul,384,warrior,arms,12,4,8
Guyllol,barthilas,384,warrior,arms,12,4,8
Dámöuse,stormrage,384,warrior,arms,12,4,8
Twoshoutz,stormrage,384,warrior,arms,12,4,8
Grullhamer,ragnaros,384,warrior,arms,12,4,8
Renclave,wyrmrest-accord,384,warrior,arms,12,4,8
Brownxz,ragnaros,384,warrior,arms,12,4,8
Swingú,illidan,384,warrior,arms,12,4,8
Aldaøm,ragnaros,384,warrior,arms,12,4,8
Freedum,shandris,384,warrior,arms,12,4,8
Ereshom,wyrmrest-accord,384,warrior,arms,12,4,8
Forthejeers,sargeras,384,warrior,arms,12,4,8
Agnaktor,ragnaros,384,warrior,arms,12,4,8
Runningatyou,area-52,384,warrior,arms,12,4,8
Sinkale,moon-guard,384,warrior,arms,12,4,8
Ferilya,thunderhorn,384,warrior,arms,12,4,8
Uagenius,illidan,384,warrior,arms,12,4,8
Kvnñ,frostmourne,384,warrior,arms,12,4,8
Snack,stormreaver,384,warrior,arms,12,4,8
Chelloya,ragnaros,384,warrior,arms,12,4,8
Mefus,wyrmrest-accord,384,warrior,arms,12,4,8
Oldirtybastg,illidan,384,warrior,arms,12,4,8
Physicality,frostmourne,384,warrior,arms,12,4,8
Licona,wyrmrest-accord,384,warrior,arms,12,4,8
Murderwalk,shadowmoon,384,warrior,arms,12,4,8
Sandrine,fizzcrank,384,warrior,arms,12,4,8
Nerolanast,wyrmrest-accord,384,warrior,arms,12,4,8
Soulmerc,turalyon,384,warrior,arms,12,4,8
Naelynh,quelthalas,384,warrior,arms,12,4,8
Hameey,sargeras,384,warrior,arms,12,4,8
Slapscar,tichondrius,384,warrior,arms,12,4,8
Koei,illidan,384,warrior,arms,12,4,8
Wendër,area-52,384,warrior,arms,12,4,8
Facekilla,nordrassil,384,warrior,arms,12,4,8
Hambster,frostmane,384,warrior,arms,12,4,8
Warriormikey,tichondrius,384,warrior,arms,12,4,8
Jathellum,stormrage,384,warrior,arms,12,4,8
Mikagrak,tichondrius,384,warrior,arms,12,4,8
Regax,thrall,384,warrior,arms,12,4,8
Laokan,illidan,384,warrior,arms,12,4,8
Redbeanw,tichondrius,384,warrior,arms,12,4,8
Brendan,llane,384,warrior,arms,12,4,8
Palumorw,deathwing,384,warrior,arms,12,4,8
Gangaa,barthilas,384,warrior,arms,12,4,8
Estrasystole,sargeras,384,warrior,arms,12,4,8
Hifye,proudmoore,384,warrior,arms,12,4,8
Notfaytful,thrall,384,warrior,arms,12,4,8
Redrumman,demon-soul,384,warrior,arms,12,4,8
Fetalalcohol,illidan,384,warrior,arms,12,4,8
Toothpick,frostmourne,384,warrior,arms,12,4,8
Rheizen,dark-iron,384,warrior,arms,12,4,8
Darkirondolo,tichondrius,384,warrior,arms,12,4,8
Krenshirr,quelthalas,384,warrior,arms,12,4,8
Dagaraha,quelthalas,384,warrior,arms,16,5,11
Varkery,sargeras,384,warrior,arms,13,4,9
Alemanhaa,azralon,384,warrior,arms,13,4,9
Kyres,moon-guard,384,warrior,arms,16,4,12
Sakkarot,ragnaros,384,warrior,arms,18,4,14
Diddlystix,illidan,384,warrior,arms,18,4,14
Draxxarlol,zuljin,384,warrior,arms,18,4,14
Árades,tichondrius,384,warrior,arms,18,4,14
Oneshotmacro,frostmourne,384,warrior,arms,18,4,14
Asahi,warsong,384,warrior,arms,18,4,14
Asphyxiating,illidan,384,warrior,arms,18,4,14
Gladicus,zuljin,384,warrior,arms,18,4,14
Âlecos,ragnaros,384,warrior,arms,18,4,14
Moctezuma,bronzebeard,384,warrior,arms,18,4,14
Zugyu,tichondrius,384,warrior,arms,18,4,14
Clayguns,argent-dawn,384,warrior,arms,18,4,14
Raggnar,zuluhed,384,warrior,arms,24,4,20
Thedozer,kargath,383,warrior,arms,6,4,2
Rathlann,crushridge,383,warrior,arms,6,4,2
Asdfgre,exodar,383,warrior,arms,6,4,2
Sethh,ragnaros,383,warrior,arms,6,4,2
Genghiskhañ,cairne,383,warrior,arms,6,4,2
Narkki,tichondrius,383,warrior,arms,6,4,2
Tookbeki,tichondrius,383,warrior,arms,6,4,2
Grunetin,moon-guard,383,warrior,arms,6,4,2
Ezaxe,tichondrius,383,warrior,arms,6,4,2
Vûlkan,emerald-dream,383,warrior,arms,6,4,2
Yeit,tichondrius,383,warrior,arms,6,4,2
Qfury,illidan,383,warrior,arms,12,4,8
Dayafter,queldorei,383,warrior,arms,12,4,8
Duvir,frostwolf,383,warrior,arms,12,4,8
Stormblind,tichondrius,383,warrior,arms,12,4,8
Ajamu,aegwynn,383,warrior,arms,12,4,8
Bläckraven,quelthalas,383,warrior,arms,12,4,8
Orangerzze,hyjal,383,warrior,arms,12,4,8
Drovik,malygos,383,warrior,arms,12,4,8
Vordfrod,ragnaros,383,warrior,arms,12,4,8
Aazokk,emerald-dream,383,warrior,arms,12,4,8
Ralf,emerald-dream,383,warrior,arms,12,4,8
Hiddensquids,laughing-skull,383,warrior,arms,17,4,13
Hoovie,thrall,383,warrior,arms,18,4,14
Waffuls,azshara,383,warrior,arms,18,4,14
Christellà,dalaran,383,warrior,arms,18,4,14
Apolio,magtheridon,382,warrior,arms,6,4,2
Bunedau,azgalor,380,warrior,arms,18,4,14
Lightstrikes,sargeras,379,warrior,arms,12,4,8
Såmmÿ,moon-guard,379,warrior,arms,12,4,8
Handdok,runetotem,379,warrior,arms,12,4,8
Morphexo,quelthalas,372,warrior,arms,26,7,19
Twohandkilla,scilla,367,warrior,arms,11,4,7
Shagalaca,tichondrius,367,warrior,arms,11,4,7
Drakôn,quelthalas,367,warrior,arms,11,4,7
Loomine,illidan,367,warrior,arms,11,4,7
Borkachov,gorefiend,352,warrior,arms,10,5,5
Gâbríel,maiev,351,warrior,arms,11,4,7
Vaetren,area-52,351,warrior,arms,11,4,7
Thøros,moon-guard,351,warrior,arms,11,4,7
Förkz,ragnaros,351,warrior,arms,11,4,7
Twinktop,tichondrius,351,warrior,arms,11,4,7
Warriorox,illidan,351,warrior,arms,16,4,12
Cönan,thunderhorn,351,warrior,arms,16,4,12
Bronkyaf,hyjal,351,warrior,arms,23,4,19
Mauboro,azralon,336,warrior,arms,9,4,5
Caynos,stormrage,335,warrior,arms,11,4,7
Toir,bladefist,335,warrior,arms,11,4,7
Flexecute,area-52,330,warrior,arms,8,5,3
Bàrcödè,tichondrius,330,warrior,arms,14,6,8
Sòlace,malganis,330,warrior,arms,13,5,8
Krongarr,area-52,330,warrior,arms,14,5,9
Rubbers,thrall,330,warrior,arms,17,6,11
Døømreaver,misha,329,warrior,arms,15,5,10
Scottie,cairne,325,warrior,arms,13,5,8
Lildumptruck,emerald-dream,320,warrior,arms,10,4,6
Okrigg,nemesis,320,warrior,arms,10,4,6
Stunahh,bleeding-hollow,320,warrior,arms,10,4,6
Painstake,illidan,320,warrior,arms,19,5,14
Samman,burning-legion,319,warrior,arms,5,4,1
Zyken,tichondrius,319,warrior,arms,5,4,1
Toetoeto,darrowmere,319,warrior,arms,5,4,1
Vaider,bleeding-hollow,319,warrior,arms,5,4,1
Orcwoyer,tichondrius,319,warrior,arms,5,4,1
Justbeawar,hyjal,319,warrior,arms,8,4,4
Berserkrhulk,tichondrius,319,warrior,arms,8,4,4
Rauwers,azralon,319,warrior,arms,8,4,4
Kricken,frostmourne,319,warrior,arms,8,4,4
Aerriz,area-52,319,warrior,arms,11,4,7
Edmaghar,ragnaros,319,warrior,arms,14,4,10
Nayaqt,tichondrius,319,warrior,arms,14,4,10
Atruis,area-52,304,warrior,arms,7,4,3
Syradar,ragnaros,304,warrior,arms,13,4,9
Rezhan,area-52,304,warrior,arms,13,4,9
Swiftless,gnomeregan,304,warrior,arms,13,4,9
Nicolasrage,trollbane,303,warrior,arms,11,5,6
Hotboxer,kelthuzad,295,warrior,arms,12,5,7
Vinetic,kiljaeden,288,warrior,arms,6,3,3
Limby,wyrmrest-accord,288,warrior,arms,6,3,3
Rektangles,malganis,288,warrior,arms,6,3,3
Zyymeswar,tichondrius,288,warrior,arms,6,3,3
Diddlin,tichondrius,288,warrior,arms,6,3,3
Axeslaps,illidan,288,warrior,arms,6,3,3
Huffzo,tichondrius,288,warrior,arms,6,3,3
Dorant,wyrmrest-accord,288,warrior,arms,6,3,3
Rockybâlboa,illidan,288,warrior,arms,6,3,3
Altron,icecrown,288,warrior,arms,6,3,3
Nazakeen,tichondrius,288,warrior,arms,6,3,3
Hadald,azgalor,288,warrior,arms,6,3,3
Phaknah,emerald-dream,288,warrior,arms,6,3,3
Blazingfury,area-52,288,warrior,arms,6,3,3
Rhonusturune,blackrock,288,warrior,arms,6,3,3
Móllý,area-52,288,warrior,arms,6,3,3
Topee,area-52,288,warrior,arms,6,3,3
Watergun,khazgoroth,288,warrior,arms,6,3,3
Barree,sargeras,288,warrior,arms,6,3,3
Cheekclapps,tichondrius,288,warrior,arms,6,3,3
Faywarsong,area-52,288,warrior,arms,6,3,3
Renning,malganis,288,warrior,arms,6,3,3
Roidråge,area-52,288,warrior,arms,6,3,3
Jug,khazgoroth,288,warrior,arms,6,3,3
Hukzula,illidan,288,warrior,arms,6,3,3
Drakazen,stormrage,288,warrior,arms,6,3,3
Allyzknight,dalaran,288,warrior,arms,6,3,3
Skullsplittr,illidan,288,warrior,arms,6,3,3
Finight,dalaran,288,warrior,arms,6,3,3
Cokedope,tichondrius,288,warrior,arms,6,3,3
Rektangle,kiljaeden,288,warrior,arms,6,3,3
Rockhardt,tichondrius,288,warrior,arms,6,3,3
Billpoonover,blackwing-lair,288,warrior,arms,6,3,3
Pussman,malganis,288,warrior,arms,6,3,3
Dematic,skullcrusher,288,warrior,arms,6,3,3
Schmeli,dalaran,288,warrior,arms,6,3,3
Boitoróh,azralon,288,warrior,arms,6,3,3
Mittyroar,khazgoroth,288,warrior,arms,6,3,3
Swizzly,tichondrius,288,warrior,arms,6,3,3
Robothands,tichondrius,288,warrior,arms,6,3,3
Vistacleave,maiev,288,warrior,arms,6,3,3
Flarkin,area-52,288,warrior,arms,6,3,3
Imperiial,stormrage,288,warrior,arms,6,3,3
Tothepain,thrall,288,warrior,arms,6,3,3
Amroth,barthilas,288,warrior,arms,6,3,3
Frostyÿ,tichondrius,288,warrior,arms,6,3,3
Kajind,boulderfist,288,warrior,arms,6,3,3
Spotify,azralon,288,warrior,arms,6,3,3
Rehnd,illidan,288,warrior,arms,6,3,3
Zemi,sargeras,288,warrior,arms,6,3,3
Assmut,stormrage,288,warrior,arms,6,3,3
Finnagnome,sargeras,288,warrior,arms,6,3,3
Krïtzkreig,the-forgotten-coast,288,warrior,arms,6,3,3
Luckyroyal,emerald-dream,288,warrior,arms,6,3,3
Taurwaz,draka,288,warrior,arms,6,3,3
Ei,darrowmere,288,warrior,arms,6,3,3
Solembuumm,illidan,288,warrior,arms,6,3,3
Miroz,tichondrius,288,warrior,arms,6,3,3
Raekwon,gurubashi,288,warrior,arms,6,3,3
Toughness,kelthuzad,288,warrior,arms,6,3,3
Davien,tichondrius,288,warrior,arms,6,3,3
Duirnøs,quelthalas,288,warrior,arms,6,3,3
Pudgez,hakkar,288,warrior,arms,6,3,3
Clegane,blackwing-lair,288,warrior,arms,6,3,3
Recklesness,quelthalas,288,warrior,arms,6,3,3
Ggull,tichondrius,288,warrior,arms,6,3,3
Cryptex,illidan,288,warrior,arms,6,3,3
Runtasticx,tichondrius,288,warrior,arms,6,3,3
Tehnklo,tichondrius,288,warrior,arms,6,3,3
Regimenz,bloodhoof,288,warrior,arms,6,3,3
Idarkshakra,illidan,288,warrior,arms,6,3,3
Pureone,barthilas,288,warrior,arms,6,3,3
Humanlog,illidan,288,warrior,arms,6,3,3
Caalypso,stormrage,288,warrior,arms,6,3,3
Akilosh,illidan,288,warrior,arms,6,3,3
Zemms,mannoroth,288,warrior,arms,6,3,3
Bghero,wyrmrest-accord,288,warrior,arms,6,3,3
Exequet,tichondrius,288,warrior,arms,6,3,3
Rezorc,stormrage,288,warrior,arms,6,3,3
Bëowulf,malganis,288,warrior,arms,6,3,3
Fyle,stormrage,288,warrior,arms,6,3,3
Hotwings,kelthuzad,288,warrior,arms,6,3,3
Jaylinth,quelthalas,288,warrior,arms,6,3,3
Glowstick,tichondrius,288,warrior,arms,6,3,3
Ghomory,quelthalas,288,warrior,arms,6,3,3
Brolÿ,azralon,288,warrior,arms,6,3,3
Ayenel,stormrage,288,warrior,arms,6,3,3
Duglug,malganis,288,warrior,arms,6,3,3
Vnw,illidan,288,warrior,arms,6,3,3
Bullblader,azralon,288,warrior,arms,6,3,3
Letyoupain,illidan,288,warrior,arms,6,3,3
Poppacd,stormrage,288,warrior,arms,6,3,3
Leonidas,barthilas,288,warrior,arms,6,3,3
Skrognoth,malganis,288,warrior,arms,6,3,3
Sempíternal,quelthalas,288,warrior,arms,6,3,3
Diudiu,tichondrius,288,warrior,arms,6,3,3
Elegance,llane,288,warrior,arms,6,3,3
Dublinn,llane,288,warrior,arms,6,3,3
Wrekzor,zuljin,288,warrior,arms,6,3,3
Runehornbane,doomhammer,288,warrior,arms,6,3,3
Iblith,sargeras,288,warrior,arms,6,3,3
Najifar,azralon,288,warrior,arms,6,3,3
Shiromiya,tichondrius,288,warrior,arms,6,3,3
Husyubaby,tichondrius,288,warrior,arms,6,3,3
Serindel,quelthalas,288,warrior,arms,6,3,3
Drugdilla,zuljin,288,warrior,arms,6,3,3
Allmotor,zuljin,288,warrior,arms,6,3,3
Jerveen,quelthalas,288,warrior,arms,6,3,3
Larosfan,tichondrius,288,warrior,arms,6,3,3
Spartanfury,tichondrius,288,warrior,arms,6,3,3
Turkslam,smolderthorn,288,warrior,arms,6,3,3
Schlosh,laughing-skull,288,warrior,arms,6,3,3
Metalhaed,thrall,288,warrior,arms,6,3,3
Miltlan,drakkari,288,warrior,arms,6,3,3
Seymourbot,illidan,288,warrior,arms,6,3,3
Ragemelon,icecrown,288,warrior,arms,6,3,3
Notawar,stormrage,288,warrior,arms,6,3,3
Éten,drakkari,288,warrior,arms,6,3,3
Asteríon,sargeras,288,warrior,arms,6,3,3
Gulharot,stormrage,288,warrior,arms,6,3,3
Chronicdank,tichondrius,288,warrior,arms,6,3,3
Evoo,caelestrasz,288,warrior,arms,6,3,3
Moguzri,elune,288,warrior,arms,6,3,3
Srkong,stormrage,288,warrior,arms,6,3,3
Trackhawk,moon-guard,288,warrior,arms,6,3,3
Jersophresh,zuljin,288,warrior,arms,6,3,3
Scottpilgrim,illidan,288,warrior,arms,6,3,3
Flavorw,cairne,288,warrior,arms,6,3,3
Gregxecute,proudmoore,288,warrior,arms,6,3,3
Springbreak,bleeding-hollow,288,warrior,arms,6,3,3
Volgarr,zuljin,288,warrior,arms,6,3,3
Gunbreaker,moon-guard,288,warrior,arms,6,3,3
Dogwoofwar,illidan,288,warrior,arms,6,3,3
Sabugozza,azralon,288,warrior,arms,6,3,3
Nailah,illidan,288,warrior,arms,6,3,3
Kryptïç,moon-guard,288,warrior,arms,6,3,3
Darciuss,moon-guard,288,warrior,arms,6,3,3
Elyndara,saurfang,288,warrior,arms,6,3,3
Noteko,tichondrius,288,warrior,arms,6,3,3
Clerond,tichondrius,288,warrior,arms,6,3,3
Cersilann,area-52,288,warrior,arms,6,3,3
Desert,alleria,288,warrior,arms,6,3,3
Nukehazard,moon-guard,288,warrior,arms,6,3,3
Lebronjåmes,aggramar,288,warrior,arms,6,3,3
Ragmuffins,tichondrius,288,warrior,arms,6,3,3
Exdilla,zuljin,288,warrior,arms,6,3,3
Skullbreaker,aggramar,288,warrior,arms,6,3,3
Tnytank,burning-legion,288,warrior,arms,6,3,3
Jayfury,thaurissan,288,warrior,arms,6,3,3
Leeth,azralon,288,warrior,arms,6,3,3
Brôm,emerald-dream,288,warrior,arms,6,3,3
Readytoflee,moon-guard,288,warrior,arms,6,3,3
Evôlutiôn,kelthuzad,288,warrior,arms,6,3,3
Okroz,illidan,288,warrior,arms,6,3,3
Calazar,kargath,288,warrior,arms,6,3,3
Scanlan,dalvengyr,288,warrior,arms,6,3,3
Hanginaround,zuluhed,288,warrior,arms,6,3,3
Sauceslinga,frostmourne,288,warrior,arms,6,3,3
Richenbach,kelthuzad,288,warrior,arms,6,3,3
Temperament,area-52,288,warrior,arms,6,3,3
Jutank,sargeras,288,warrior,arms,6,3,3
Dunsker,stormrage,288,warrior,arms,6,3,3
Fivewarrior,tichondrius,288,warrior,arms,6,3,3
Ambevsgunnar,tichondrius,288,warrior,arms,6,3,3
Kuntahkintah,tichondrius,288,warrior,arms,6,3,3
Meepxd,stormrage,288,warrior,arms,6,3,3
Valför,ysera,288,warrior,arms,6,3,3
Mortaryon,malganis,288,warrior,arms,6,3,3
Småckêd,sargeras,288,warrior,arms,6,3,3
Cinnsealach,moon-guard,288,warrior,arms,6,3,3
Wrèckingball,tichondrius,288,warrior,arms,6,3,3
Futtmebuck,emerald-dream,288,warrior,arms,6,3,3
Kokurawr,burning-legion,288,warrior,arms,6,3,3
Garoush,illidan,288,warrior,arms,6,3,3
Dolph,sargeras,288,warrior,arms,6,3,3
Badvelic,tichondrius,288,warrior,arms,6,3,3
Lulubox,stormrage,288,warrior,arms,6,3,3
Allmurr,ragnaros,288,warrior,arms,6,3,3
Sinjino,proudmoore,288,warrior,arms,6,3,3
Bigrik,tichondrius,288,warrior,arms,6,3,3
Osselan,moon-guard,288,warrior,arms,6,3,3
Zëti,ragnaros,288,warrior,arms,6,3,3
Alicha,tichondrius,288,warrior,arms,6,3,3
Vuraxx,area-52,288,warrior,arms,6,3,3
Robostergler,tichondrius,288,warrior,arms,6,3,3
Smashndspin,sargeras,288,warrior,arms,6,3,3
Orkwar,tichondrius,288,warrior,arms,6,3,3
Andrewceo,tichondrius,288,warrior,arms,6,3,3
Grapegush,bleeding-hollow,288,warrior,arms,6,3,3
Gorkrog,frostmourne,288,warrior,arms,6,3,3
Gungo,kiljaeden,288,warrior,arms,6,3,3
Messe,khazgoroth,288,warrior,arms,6,3,3
Kénblock,tichondrius,288,warrior,arms,6,3,3
Riidim,area-52,288,warrior,arms,6,3,3
Robio,tichondrius,288,warrior,arms,6,3,3
Warthawg,khazgoroth,288,warrior,arms,6,3,3
Corrum,shuhalo,288,warrior,arms,6,3,3
Hotaha,tichondrius,288,warrior,arms,6,3,3
Poonoxo,gundrak,288,warrior,arms,6,3,3
Ymìr,moon-guard,288,warrior,arms,6,3,3
Tinylimbs,frostmourne,288,warrior,arms,6,3,3
Unhealbedam,area-52,288,warrior,arms,6,3,3
Az,malorne,288,warrior,arms,6,3,3
Renseven,frostmourne,288,warrior,arms,6,3,3
Wulfgarn,frostwolf,288,warrior,arms,6,3,3
Exiledwarz,area-52,288,warrior,arms,6,3,3
Ðuffman,jubeithos,288,warrior,arms,6,3,3
Warreeper,area-52,288,warrior,arms,6,3,3
Fregory,moon-guard,288,warrior,arms,6,3,3
Benieswar,frostmourne,288,warrior,arms,6,3,3
Akhinoz,area-52,288,warrior,arms,6,3,3
Lancëlöt,ragnaros,288,warrior,arms,6,3,3
Salveknight,ragnaros,288,warrior,arms,6,3,3
Vpé,sargeras,288,warrior,arms,6,3,3
Jaqques,moon-guard,288,warrior,arms,6,3,3
Shaydoom,frostmourne,288,warrior,arms,6,3,3
Hytonmi,moon-guard,288,warrior,arms,6,3,3
Wordswarrior,area-52,288,warrior,arms,6,3,3
Mandofl,ragnaros,288,warrior,arms,6,3,3
Xoeth,sargeras,288,warrior,arms,6,3,3
Valperion,frostmourne,288,warrior,arms,6,3,3
Fvckrulesx,quelthalas,288,warrior,arms,6,3,3
Trashman,frostwolf,288,warrior,arms,6,3,3
Vuvuzela,area-52,288,warrior,arms,6,3,3
Chikenekihc,frostmourne,288,warrior,arms,6,3,3
Retrô,uldum,288,warrior,arms,6,3,3
Carborr,frostmourne,288,warrior,arms,6,3,3
Sweetmojito,vashj,288,warrior,arms,6,3,3
Telynne,frostmourne,288,warrior,arms,6,3,3
Dronarmus,ragnaros,288,warrior,arms,6,3,3
Oneboredfool,area-52,288,warrior,arms,6,3,3
Jackanape,sargeras,288,warrior,arms,6,3,3
Edokthong,frostmourne,288,warrior,arms,6,3,3
Yosemiteslam,dragonmaw,288,warrior,arms,6,3,3
Drakr,ragnaros,288,warrior,arms,6,3,3
Lemondrake,sargeras,288,warrior,arms,6,3,3
Núke,skywall,288,warrior,arms,6,3,3
Gyutaró,sargeras,288,warrior,arms,6,3,3
Aeximu,skywall,288,warrior,arms,6,3,3
Senzhi,sargeras,288,warrior,arms,6,3,3
Torukmhakto,ragnaros,288,warrior,arms,6,3,3
Tread,mugthol,288,warrior,arms,6,3,3
Yasser,ragnaros,288,warrior,arms,6,3,3
Fatalcheese,skywall,288,warrior,arms,6,3,3
Warriortimes,ragnaros,288,warrior,arms,6,3,3
Fakktwo,blackhand,288,warrior,arms,6,3,3
Wøg,area-52,288,warrior,arms,6,3,3
Ellx,sargeras,288,warrior,arms,6,3,3
Revoker,stormreaver,288,warrior,arms,6,3,3
Bulldozer,terokkar,288,warrior,arms,6,3,3
Maldre,stormrage,288,warrior,arms,9,4,5
Darthkrull,ragnaros,288,warrior,arms,9,4,5
Kevs,sargeras,288,warrior,arms,9,4,5
Rageslayer,area-52,288,warrior,arms,9,4,5
Faelzerá,azralon,288,warrior,arms,7,3,4
Grognäk,malganis,288,warrior,arms,7,3,4
Ezeji,area-52,288,warrior,arms,7,3,4
Terukan,drakkari,288,warrior,arms,7,3,4
Lildam,sargeras,288,warrior,arms,13,5,8
Ohdang,dark-iron,288,warrior,arms,8,3,5
Uju,lothar,288,warrior,arms,12,4,8
Ennia,azralon,288,warrior,arms,9,3,6
Medval,quelthalas,288,warrior,arms,11,3,8
Akil,ragnaros,288,warrior,arms,15,4,11
Guerreraa,ragnaros,288,warrior,arms,12,3,9
Basingsei,area-52,288,warrior,arms,12,3,9
Lirp,wyrmrest-accord,288,warrior,arms,12,3,9
Cvnty,crushridge,288,warrior,arms,12,3,9
Battleboxes,area-52,288,warrior,arms,12,3,9
Illoonn,tichondrius,288,warrior,arms,12,3,9
Mesw,illidan,288,warrior,arms,12,3,9
Kinigit,azjolnerub,288,warrior,arms,12,3,9
Kirikash,illidan,288,warrior,arms,12,3,9
Brütalize,wyrmrest-accord,288,warrior,arms,12,3,9
Zaeyr,tichondrius,288,warrior,arms,12,3,9
Mansin,tichondrius,288,warrior,arms,12,3,9
Kboyrage,sargeras,288,warrior,arms,12,3,9
Phargo,korgath,288,warrior,arms,12,3,9
Rohkvan,illidan,288,warrior,arms,12,3,9
Bayingyi,barthilas,288,warrior,arms,12,3,9
Kero,malganis,288,warrior,arms,12,3,9
Arbys,draka,288,warrior,arms,12,3,9
Relay,mugthol,288,warrior,arms,12,3,9
Alliancerulz,darrowmere,288,warrior,arms,12,3,9
Morgithia,suramar,288,warrior,arms,12,3,9
Forarrior,malganis,288,warrior,arms,12,3,9
Tangö,barthilas,288,warrior,arms,12,3,9
Smashyu,fenris,288,warrior,arms,12,3,9
Minnysota,area-52,288,warrior,arms,12,3,9
Erzawälkër,quelthalas,288,warrior,arms,12,3,9
Djshinobi,whisperwind,288,warrior,arms,12,3,9
Grouwarriar,azralon,288,warrior,arms,12,3,9
Valestrike,moon-guard,288,warrior,arms,12,3,9
Stately,stormrage,288,warrior,arms,12,3,9
Enzothebaker,thrall,288,warrior,arms,12,3,9
Hrl,tichondrius,288,warrior,arms,12,3,9
Sescor,moon-guard,288,warrior,arms,12,3,9
Xdragonfirex,terenas,288,warrior,arms,12,3,9
Disturbed,velen,288,warrior,arms,12,3,9
Kintownhero,aegwynn,288,warrior,arms,12,3,9
Sajonia,tichondrius,288,warrior,arms,12,3,9
Mothor,thrall,288,warrior,arms,12,3,9
Pawgmilf,tichondrius,288,warrior,arms,12,3,9
Orcboic,area-52,288,warrior,arms,12,3,9
Allubedup,thrall,288,warrior,arms,12,3,9
Wurk,sargeras,288,warrior,arms,12,3,9
Glamen,moon-guard,288,warrior,arms,12,3,9
Doomr,tichondrius,288,warrior,arms,12,3,9
ßabybeef,azralon,288,warrior,arms,12,3,9
Darthfaith,azgalor,288,warrior,arms,12,3,9
Melancalli,thorium-brotherhood,288,warrior,arms,12,3,9
Émerald,kilrogg,288,warrior,arms,12,3,9
Soughloe,illidan,288,warrior,arms,12,3,9
Neltar,nagrand,288,warrior,arms,12,3,9
Vrtrooper,tichondrius,288,warrior,arms,12,3,9
Gnomas,destromath,288,warrior,arms,12,3,9
Fupatwo,moon-guard,288,warrior,arms,12,3,9
Aralla,area-52,288,warrior,arms,12,3,9
Ludøciel,moon-guard,288,warrior,arms,12,3,9
Ichil,azshara,288,warrior,arms,12,3,9
Nektar,aerie-peak,288,warrior,arms,12,3,9
Exenknight,frostmourne,288,warrior,arms,12,3,9
Lowdopamine,tichondrius,288,warrior,arms,12,3,9
Snippy,garona,288,warrior,arms,12,3,9
Ntwandamaela,moon-guard,288,warrior,arms,12,3,9
Beenbag,aerie-peak,288,warrior,arms,12,3,9
Drugas,hellscream,288,warrior,arms,12,3,9
Juninhøz,tol-barad,288,warrior,arms,12,3,9
Mavromantus,lightninghoof,288,warrior,arms,12,3,9
Luchonamøm,quelthalas,288,warrior,arms,12,3,9
Dainbramage,dalaran,288,warrior,arms,12,3,9
Staticego,dalaran,288,warrior,arms,12,3,9
Dikesrus,tichondrius,288,warrior,arms,12,3,9
Kierto,undermine,288,warrior,arms,12,3,9
Wxxz,tichondrius,288,warrior,arms,12,3,9
Paxyisbad,tichondrius,288,warrior,arms,12,3,9
Kigo,azralon,288,warrior,arms,12,3,9
Hellamoist,tichondrius,288,warrior,arms,12,3,9
Tenfury,proudmoore,288,warrior,arms,12,3,9
Grimthad,emerald-dream,288,warrior,arms,12,3,9
Urbzog,chogall,288,warrior,arms,12,3,9
Alppha,emerald-dream,288,warrior,arms,12,3,9
Kregnar,gundrak,288,warrior,arms,12,3,9
Porori,proudmoore,288,warrior,arms,12,3,9
Awezc,chogall,288,warrior,arms,12,3,9
Roadpig,zuljin,288,warrior,arms,12,3,9
Twoironfist,azralon,288,warrior,arms,18,3,15
Zeen,darkspear,288,warrior,arms,18,3,15
Yoshiua,stormrage,288,warrior,arms,18,3,15
Giant,lothar,288,warrior,arms,18,3,15
Khallell,illidan,288,warrior,arms,18,3,15
Mathilan,moon-guard,288,warrior,arms,18,3,15
Macbride,blackrock,288,warrior,arms,24,3,21
Tdevastator,tichondrius,1452,warrior,protection,60,27,33
Americanbull,moon-guard,1399,warrior,protection,80,41,39
Percaderp,barthilas,1217,warrior,protection,147,75,72
Ahore,illidan,1182,warrior,protection,54,20,34
Achillescool,tichondrius,1153,warrior,protection,42,20,22
Graventhal,tichondrius,1130,warrior,protection,70,31,39
Nansitao,kelthuzad,1027,warrior,protection,48,15,33
Appolyonn,hyjal,879,warrior,protection,71,33,38
Yupßeef,tichondrius,863,warrior,protection,24,9,15
Thororan,whisperwind,845,warrior,protection,27,10,17
Meadier,windrunner,820,warrior,protection,30,12,18
Rhuk,drakkari,789,warrior,protection,60,17,43
Zatu,moknathal,780,warrior,protection,32,12,20
Stophitingme,bloodscalp,703,warrior,protection,52,16,36
Logan,twisting-nether,693,warrior,protection,68,19,49
Smelldrglove,frostmourne,692,warrior,protection,32,12,20
Toothnnailz,destromath,628,warrior,protection,24,7,17
Lagurtz,ragnaros,576,warrior,protection,18,6,12
Ghostoffury,thrall,574,warrior,protection,12,6,6
Archaòn,frostmourne,473,warrior,protection,12,5,7
Piojowar,quelthalas,462,warrior,protection,24,5,19
Ksubîî,frostmourne,448,warrior,protection,16,5,11
Sunisgodx,tichondrius,384,warrior,protection,6,4,2
Dabdaddyy,dawnbringer,384,warrior,protection,6,4,2
Gnomosaur,dentarg,384,warrior,protection,12,4,8
Kidkolby,moon-guard,384,warrior,protection,12,4,8
Jindyn,boulderfist,380,warrior,protection,12,4,8
Krokgoldmane,drakkari,379,warrior,protection,12,4,8
Manthraxx,sargeras,288,warrior,protection,6,3,3
Metalhog,sargeras,288,warrior,protection,6,3,3
Chàrr,crushridge,288,warrior,protection,15,4,11
Tåra,area-52,256,warrior,protection,22,3,19
Herkales,emerald-dream,192,warrior,protection,6,2,4
Hatzel,ragnaros,192,warrior,protection,6,2,4
Executespam,madoran,192,warrior,protection,6,2,4
Yashchenko,sargeras,192,warrior,protection,6,2,4
Xearø,emerald-dream,192,warrior,protection,6,2,4
Loonycity,arygos,192,warrior,protection,12,2,10
Awfulzone,malganis,192,warrior,protection,12,2,10
Strongtongue,malganis,192,warrior,protection,12,2,10
Bulldozer,terokkar,192,warrior,protection,12,2,10
Wreckingßall,aerie-peak,96,warrior,protection,6,1,5
Fearless,moon-guard,96,warrior,protection,6,1,5
Joralion,frostmourne,96,warrior,protection,6,1,5
Lunusx,stormrage,96,warrior,protection,6,1,5
Toxxel,wyrmrest-accord,96,warrior,protection,6,1,5
Shadowyfreak,blackrock,96,warrior,protection,12,1,11
Helix,malorne,96,warrior,protection,12,1,11
Varith,sargeras,96,warrior,protection,18,1,17
Stevanos,frostmourne,95,warrior,protection,6,1,5
Mannorth,aerie-peak,95,warrior,protection,6,1,5
Goresalot,moonrunner,95,warrior,protection,18,1,17
Stowdace,bladefist,89,warrior,protection,10,5,5
Axiyum,tichondrius,79,warrior,protection,5,1,4
Pozan,tichondrius,48,warrior,protection,3,1,2
Clawya,moon-guard,31,warrior,protection,2,1,1
Juicey,burning-blade,31,warrior,protection,2,1,1
Malvinö,azralon,16,warrior,protection,1,1,0
Ddeuk,Tichondrius,192,paladin,retribution,6,2,4
Crâfty,Bleeding Hollow,0,paladin,retribution,3,0,3
Rg,Ner'zhul,96,paladin,retribution,6,1,5
Rodrigo,Frostmourne,96,paladin,retribution,6,1,5
Finerkane,Quel'Thalas,0,paladin,retribution,6,0,6
Buri,Tichondrius,192,paladin,retribution,6,2,4
Kusotarão,Nemesis,192,paladin,retribution,6,2,4
Maalik,Thrall,96,paladin,retribution,6,1,5
Fuzed,Frostmourne,0,paladin,retribution,5,1,4
Twck,Hyjal,192,paladin,retribution,6,2,4
Colbroggins,Crushridge,0,paladin,retribution,4,1,3
Paladam,Burning Blade,192,paladin,retribution,6,2,4
Yobnai,Zul'jin,96,paladin,retribution,12,1,11
Lørdthemar,Azralon,192,paladin,retribution,6,2,4
Malakk,Zul'jin,192,paladin,retribution,6,2,4
Bullmarket,Tichondrius,2035,paladin,retribution,215,105,110
Forthestreet,Tichondrius,1715,paladin,retribution,112,62,50
Diablosgrim,Stormrage,1099,paladin,retribution,36,24,12
Laysonus,Moon Guard,169,paladin,retribution,11,4,7
Onemorelight,Area 52,479,paladin,retribution,12,5,7
Unicornslayr,Antonidas,768,paladin,retribution,12,8,4
Justsaiyen,Bleeding Hollow,234,paladin,retribution,17,5,12
Covidxlx,Hakkar,287,paladin,retribution,6,3,3
Gusset,Tichondrius,255,paladin,retribution,8,4,4
Sôsaboy,Tichondrius,239,paladin,retribution,5,3,2
Palitard,Tichondrius,234,paladin,retribution,7,5,2
Stinkystan,Korgath,234,paladin,retribution,10,4,6
Anonymvs,Eredar,192,paladin,retribution,9,3,6
Dabakle,Stormrage,42,paladin,retribution,8,2,6
Avengzeus,Tichondrius,192,paladin,retribution,6,2,4
Outofholy,Stormrage,192,paladin,retribution,6,2,4
Parkhwi,Tichondrius,806,paladin,retribution,34,10,24
Watersesh,Baelgun,192,paladin,retribution,6,2,4
Vengx,Sargeras,192,paladin,retribution,6,2,4
Blessinofsac,Nagrand,192,paladin,retribution,6,2,4
Dynastyhero,Area 52,192,paladin,retribution,6,2,4
Ghatte,Azralon,192,paladin,retribution,6,2,4
Crânkz,Blackrock,192,paladin,retribution,6,2,4
Lilpally,Frostmourne,192,paladin,retribution,6,2,4
Rite,Azralon,192,paladin,retribution,6,2,4
Psychlight,Quel'Thalas,192,paladin,retribution,6,2,4
Pallylyfe,Wyrmrest Accord,192,paladin,retribution,6,2,4
Juanvaldez,Muradin,192,paladin,retribution,6,2,4
Machoo,Laughing Skull,192,paladin,retribution,6,2,4
Ohsoclose,Bleeding Hollow,192,paladin,retribution,6,2,4
Noscajj,Tichondrius,192,paladin,retribution,6,2,4
Juiicebox,Darrowmere,192,paladin,retribution,6,2,4
Pushabuton,Illidan,192,paladin,retribution,6,2,4
Armasexodus,Barthilas,192,paladin,retribution,6,2,4
Cïelo,Dragonmaw,42,paladin,retribution,6,2,4
Kêy,The Venture Co,192,paladin,retribution,6,2,4
Ramises,Nemesis,192,paladin,retribution,6,2,4
Mazexd,Illidan,192,paladin,retribution,6,2,4
Varianpally,Kel'Thuzad,192,paladin,retribution,6,2,4
Schooiez,Tichondrius,192,paladin,retribution,6,2,4
Gîmply,Proudmoore,192,paladin,retribution,6,2,4
Brand,Emerald Dream,192,paladin,retribution,6,2,4
Ret,Onyxia,192,paladin,retribution,6,2,4
Strîkes,Emerald Dream,192,paladin,retribution,6,2,4
Misease,Illidan,192,paladin,retribution,9,2,7
Mynnorath,Emerald Dream,287,paladin,retribution,12,3,9
Felourian,Mal'Ganis,192,paladin,retribution,6,2,4
Reepr,Tichondrius,192,paladin,retribution,6,2,4
Brucitenjr,Illidan,192,paladin,retribution,6,2,4
Desterro,Quel'Thalas,192,paladin,retribution,6,2,4
Fazoéli,Stormrage,192,paladin,retribution,12,2,10
Thugmuffin,Thrall,176,paladin,retribution,7,3,4
Dathromir,Stormrage,138,paladin,retribution,15,3,12
Bubbleosèven,Tichondrius,138,paladin,retribution,16,3,13
Khileeha,Sargeras,128,paladin,retribution,10,2,8
Utho,Wyrmrest Accord,96,paladin,retribution,3,2,1
Talahar,Boulderfist,96,paladin,retribution,6,1,5
Tradalia,Illidan,96,paladin,retribution,6,1,5
Deviill,Winterhoof,96,paladin,retribution,6,1,5
Jüstice,Tichondrius,96,paladin,retribution,6,1,5
Djset,Blackhand,96,paladin,retribution,6,1,5
Scuffedhoj,Tichondrius,96,paladin,retribution,6,1,5
Lobips,Sargeras,96,paladin,retribution,6,1,5
Valadinn,Tichondrius,96,paladin,retribution,6,1,5
Ryudoshël,Nemesis,96,paladin,retribution,6,1,5
Shádøwy,Nemesis,1688,paladin,retribution,103,56,47
Ssjgodvy,Illidan,96,paladin,retribution,6,1,5
Marcovk,Quel'Thalas,96,paladin,retribution,6,1,5
Aldwyn,Deathwing,96,paladin,retribution,12,1,11
Cupidxbye,Tichondrius,96,paladin,retribution,6,1,5
Gdesign,Tichondrius,96,paladin,retribution,6,1,5
Rîf,Mal'Ganis,192,paladin,retribution,12,2,10
Krulu,Thrall,96,paladin,retribution,6,1,5
Yøu,Tichondrius,96,paladin,retribution,6,1,5
Chapichapi,Illidan,96,paladin,retribution,6,1,5
Holyclapzy,Stormrage,96,paladin,retribution,6,1,5
Palajem,Stormrage,96,paladin,retribution,6,1,5
Rodt,Dalaran,96,paladin,retribution,6,1,5
Saifollah,Cenarion Circle,192,paladin,retribution,12,2,10
Luiiguii,Drakkari,96,paladin,retribution,6,1,5
Judgémental,Bleeding Hollow,96,paladin,retribution,6,1,5
Zulzander,Kel'Thuzad,96,paladin,retribution,6,1,5
Lamer,Proudmoore,192,paladin,retribution,12,2,10
Retsarro,Frostmourne,96,paladin,retribution,6,1,5
Dafoq,Stormrage,96,paladin,retribution,6,1,5
Bosmoklikdat,Moon Guard,96,paladin,retribution,6,1,5
Clrty,Area 52,192,paladin,retribution,12,2,10
Justtrollin,Black Dragonflight,96,paladin,retribution,6,1,5
Dorisseline,Emerald Dream,192,paladin,retribution,18,2,16
Oshia,Destromath,96,paladin,retribution,12,1,11
Catholica,Tichondrius,96,paladin,retribution,12,1,11
Hojpocketx,Tichondrius,96,paladin,retribution,12,1,11
Lelythia,Bleeding Hollow,96,paladin,retribution,7,1,6
Wtbmana,Frostmourne,0,paladin,retribution,5,0,5
Runihaveaids,Stormrage,192,paladin,retribution,6,2,4
Lightkillerx,Thrall,192,paladin,retribution,6,2,4
Zoeyxo,Tichondrius,192,paladin,retribution,6,2,4
Kënsi,Quel'Thalas,96,paladin,retribution,12,1,11
Jazzmatic,Dalaran,192,paladin,retribution,6,2,4
Darkwingdad,Illidan,0,paladin,retribution,5,1,4
Sprjustice,Frostmourne,79,paladin,retribution,12,1,11
Parts,Aerie Peak,96,paladin,retribution,6,1,5
Nivie,Moon Guard,192,paladin,retribution,6,2,4
Alyosya,Barthilas,192,paladin,retribution,12,2,10
Inarit,Thrall,84,paladin,retribution,13,5,8
Hálløwéð,Firetree,1073,paladin,retribution,30,16,14
Romaztlan,Area 52,0,paladin,retribution,4,0,4
Palpingon,Kel'Thuzad,1110,paladin,retribution,32,13,19
Alyena,Area 52,1739,paladin,retribution,52,24,28
Naghret,Arthas,767,paladin,retribution,12,8,4
Astharor,Nemesis,1454,paladin,retribution,70,40,30
Showfet,Dalaran,671,paladin,retribution,16,8,8
Tantradin,Area 52,1564,paladin,retribution,48,20,28
Tåine,Bladefist,576,paladin,retribution,18,6,12
Xalixxa,Moon Guard,956,paladin,retribution,18,10,8
Dipho,Area 52,480,paladin,retribution,12,5,7
Wainkywink,Mal'Ganis,84,paladin,retribution,19,4,15
Baconsock,Kel'Thuzad,138,paladin,retribution,15,4,11
Åddict,Kel'Thuzad,138,paladin,retribution,10,3,7
Roseheart,Emerald Dream,192,paladin,retribution,6,2,4
Whittia,Wyrmrest Accord,192,paladin,retribution,6,2,4
Inexcusable,Tichondrius,192,paladin,retribution,6,2,4
Repèntance,Stormrage,192,paladin,retribution,6,2,4
Oxycleän,Doomhammer,192,paladin,retribution,6,2,4
Spyglas,Quel'Thalas,192,paladin,retribution,6,2,4
Alexandros,The Underbog,192,paladin,retribution,6,2,4
Hafra,Zul'jin,192,paladin,retribution,6,2,4
Tyberas,Wyrmrest Accord,192,paladin,retribution,6,2,4
Rây,Stormrage,192,paladin,retribution,6,2,4
Corthic,Area 52,234,paladin,retribution,22,5,17
Exalter,Mal'Ganis,192,paladin,retribution,6,2,4
Aleio,Moon Guard,192,paladin,retribution,6,2,4
Yeshayah,Dalaran,192,paladin,retribution,6,2,4
Alasper,Mal'Ganis,192,paladin,retribution,6,2,4
Adavinn,Azjol-Nerub,192,paladin,retribution,6,2,4
Nicerice,Dalaran,192,paladin,retribution,6,2,4
Roity,Proudmoore,192,paladin,retribution,6,2,4
Taddedpally,Tichondrius,192,paladin,retribution,6,2,4
Haznthley,Proudmoore,192,paladin,retribution,6,2,4
Trê,Sargeras,192,paladin,retribution,6,2,4
Shanehere,Thrall,192,paladin,retribution,6,2,4
Pállymán,Proudmoore,192,paladin,retribution,6,2,4
Felkor,Caelestrasz,192,paladin,retribution,6,2,4
Neydisa,Sargeras,192,paladin,retribution,6,2,4
Holypumper,Moon Guard,192,paladin,retribution,6,2,4
Diänë,Ragnaros,192,paladin,retribution,6,2,4
Sïncere,Frostmourne,192,paladin,retribution,12,2,10
Criixx,Mal'Ganis,192,paladin,retribution,12,2,10
Ricopal,Frostmourne,192,paladin,retribution,12,2,10
Rayli,Dalaran,192,paladin,retribution,12,2,10
Kaiyleigh,Sargeras,192,paladin,retribution,12,2,10
Yawnday,Farstriders,192,paladin,retribution,12,2,10
Pallydeen,Illidan,159,paladin,retribution,5,2,3
Mikwa,Ragnaros,128,paladin,retribution,4,2,2
Dazak,Ragnaros,96,paladin,retribution,3,2,1
Ariolo,Baelgun,96,paladin,retribution,6,1,5
Scah,Illidan,96,paladin,retribution,6,1,5
Urudith,Azralon,96,paladin,retribution,6,1,5
Kentö,Area 52,1332,paladin,retribution,30,14,16
Nytto,Lightning's Blade,96,paladin,retribution,6,1,5
Mentalíssues,Moon Guard,96,paladin,retribution,6,1,5
Brynleigh,Mal'Ganis,96,paladin,retribution,6,1,5
Chuggawhugga,Area 52,96,paladin,retribution,6,1,5
Erindor,Emerald Dream,96,paladin,retribution,6,1,5
Skadooshh,Illidan,96,paladin,retribution,6,1,5
Retrib,Tichondrius,96,paladin,retribution,6,1,5
Gazef,Proudmoore,96,paladin,retribution,6,1,5
Chakin,Burning Legion,96,paladin,retribution,6,1,5
Kamakazê,Sargeras,96,paladin,retribution,6,1,5
Warhero,Sargeras,96,paladin,retribution,6,1,5
Cyona,Gallywix,96,paladin,retribution,6,1,5
Thumos,Sargeras,96,paladin,retribution,6,1,5
Ahrieze,Moon Guard,96,paladin,retribution,6,1,5
Acpally,Tichondrius,96,paladin,retribution,6,1,5
Poeboyz,Stormrage,96,paladin,retribution,6,1,5
Lorenzojr,Sargeras,96,paladin,retribution,12,1,11
Rimorse,Illidan,96,paladin,retribution,12,1,11
Hondacivicsi,Mannoroth,335,paladin,retribution,17,4,13
Goldieg,Tichondrius,79,paladin,retribution,5,1,4
Íaan,Drakkari,192,paladin,retribution,6,2,4
Danthorin,Malfurion,0,paladin,retribution,6,0,6
Deepnasty,Galakrond,0,paladin,retribution,6,0,6
Maeyz,Sargeras,96,paladin,retribution,6,1,5
Bërzerk,Zuluhed,192,paladin,retribution,6,2,4
Motoa,Stormrage,0,paladin,retribution,3,0,3
Goksuu,Ragnaros,96,paladin,retribution,12,1,11
Chaós,Quel'dorei,96,paladin,retribution,6,1,5
Kigz,Illidan,192,paladin,retribution,6,2,4
Ohthatguy,Sargeras,192,paladin,retribution,6,2,4
Jaok,Tichondrius,192,paladin,retribution,6,2,4
Prâytorian,Illidan,0,paladin,retribution,6,0,6
Tfcpaladin,The Forgotten Coast,0,paladin,retribution,6,0,6
Zyzzftw,Stormrage,1856,paladin,retribution,53,31,22
Weskar,Frostwolf,1522,paladin,retribution,76,44,32
Shartea,Moon Guard,1518,paladin,retribution,64,32,32
Heiinneken,Quel'dorei,1065,paladin,retribution,20,12,8
Dabnpaladin,Kel'Thuzad,671,paladin,retribution,12,7,5
Pvppaulx,Moon Guard,1331,paladin,retribution,83,41,42
Holyqt,Thunderlord,233,paladin,retribution,16,4,12
Wellowar,Moon Guard,170,paladin,retribution,11,4,7
Jnxzster,Sargeras,169,paladin,retribution,11,4,7
Shãw,Zul'jin,959,paladin,retribution,18,10,8
Matøs,Stormrage,287,paladin,retribution,6,3,3
Gabrielú,Lightninghoof,256,paladin,retribution,10,3,7
Logaen,Stormrage,256,paladin,retribution,16,3,13
Badmix,Tichondrius,239,paladin,retribution,5,3,2
Wabukis,Twisting Nether,223,paladin,retribution,8,3,5
Prèèd,Frostmourne,192,paladin,retribution,6,2,4
Liht,Khaz'goroth,192,paladin,retribution,6,2,4
Ðuel,Area 52,192,paladin,retribution,6,2,4
Virisanctii,Stormrage,192,paladin,retribution,6,2,4
Greatblade,Barthilas,192,paladin,retribution,6,2,4
Whyurunning,Area 52,192,paladin,retribution,6,2,4
Savøx,Illidan,192,paladin,retribution,6,2,4
Forprophet,Blackrock,192,paladin,retribution,6,2,4
Spanx,Blackwing Lair,192,paladin,retribution,6,2,4
Crosjudge,Zul'jin,192,paladin,retribution,6,2,4
Madnhairy,Zul'jin,192,paladin,retribution,6,2,4
Byonsay,Zul'jin,192,paladin,retribution,6,2,4
Astrøworld,Sargeras,192,paladin,retribution,6,2,4
Pearlx,Ragnaros,234,paladin,retribution,16,4,12
Guelmin,Azralon,192,paladin,retribution,6,2,4
Verzuhazadon,Tichondrius,192,paladin,retribution,6,2,4
Holypoizan,Tichondrius,192,paladin,retribution,6,2,4
Tomackin,Quel'Thalas,192,paladin,retribution,6,2,4
Issac,Tichondrius,192,paladin,retribution,6,2,4
Motrîn,Sargeras,192,paladin,retribution,6,2,4
Fairbairn,Tichondrius,192,paladin,retribution,6,2,4
Seltzer,Tichondrius,192,paladin,retribution,12,2,10
Ghratadin,Bleeding Hollow,192,paladin,retribution,12,2,10
Vantz,Tichondrius,192,paladin,retribution,12,2,10
Bubbletop,Tichondrius,169,paladin,retribution,11,4,7
Holeesheett,Tichondrius,144,paladin,retribution,9,2,7
Bruwdblood,Bleeding Hollow,96,paladin,retribution,6,1,5
Partenna,Quel'Thalas,96,paladin,retribution,6,1,5
Flashbubble,Sargeras,96,paladin,retribution,6,1,5
Daelann,Moon Guard,96,paladin,retribution,6,1,5
Adobro,Tichondrius,96,paladin,retribution,6,1,5
Balloony,Stormrage,96,paladin,retribution,6,1,5
Roosterface,Azjol-Nerub,96,paladin,retribution,12,1,11
Donoph,Blade's Edge,96,paladin,retribution,6,1,5
Aragonns,Illidan,96,paladin,retribution,6,1,5
Terppy,Stormrage,192,paladin,retribution,12,2,10
Angusbeef,Hyjal,96,paladin,retribution,6,1,5
Këys,Earthen Ring,96,paladin,retribution,6,1,5
Odos,Zul'jin,96,paladin,retribution,6,1,5
Franchy,Stormrage,96,paladin,retribution,6,1,5
Hukah,Darkspear,286,paladin,retribution,18,3,15
Bowdown,Wildhammer,79,paladin,retribution,5,1,4
Voncruz,Proudmoore,42,paladin,retribution,12,2,10
Moistsaiyan,Blood Furnace,206,paladin,retribution,7,3,4
Hobbsone,Trollbane,159,paladin,retribution,5,2,3
Saintus,Proudmoore,128,paladin,retribution,4,2,2
Beebopper,Illidan,96,paladin,retribution,6,1,5
Sherrill,Nagrand,0,paladin,retribution,6,0,6
Jwilks,Black Dragonflight,159,paladin,retribution,8,2,6
Kaitúr,Stormrage,1831,paladin,retribution,56,29,27
Iloveqiqi,Sargeras,1846,paladin,retribution,54,26,28
Øðyn,Sargeras,1615,paladin,retribution,59,30,29
Daylit,Proudmoore,384,paladin,retribution,6,4,2
Dörisseline,Tichondrius,384,paladin,retribution,6,4,2
Junmá,Tichondrius,319,paladin,retribution,5,4,1
Jadedx,Stormrage,480,paladin,retribution,12,5,7
Laylee,Anvilmar,287,paladin,retribution,12,3,9
Cruz,Silver Hand,286,paladin,retribution,12,3,9
Livalil,Cho'gall,224,paladin,retribution,16,3,13
Eull,Skullcrusher,192,paladin,retribution,6,2,4
Twatiegodx,Mal'Ganis,192,paladin,retribution,6,2,4
Morcant,Drakkari,192,paladin,retribution,6,2,4
Retro,Magtheridon,192,paladin,retribution,6,2,4
Izaacckk,Hakkar,192,paladin,retribution,6,2,4
Durotar,Ragnaros,192,paladin,retribution,6,2,4
Réalg,Area 52,192,paladin,retribution,6,2,4
Thaidron,Area 52,192,paladin,retribution,6,2,4
Theodden,Tichondrius,192,paladin,retribution,6,2,4
Piousgecko,Illidan,192,paladin,retribution,6,2,4
Thisissus,Tichondrius,42,paladin,retribution,8,2,6
Sigurd,Khadgar,192,paladin,retribution,6,2,4
Cyliex,Illidan,192,paladin,retribution,6,2,4
Ríf,Sargeras,192,paladin,retribution,6,2,4
Dánteé,Ragnaros,192,paladin,retribution,12,2,10
Runandhide,Aerie Peak,192,paladin,retribution,18,2,16
Túss,Khaz'goroth,191,paladin,retribution,6,2,4
Sofiora,Thunderlord,128,paladin,retribution,10,2,8
Orthín,Stormrage,96,paladin,retribution,6,1,5
Gressilin,Arthas,96,paladin,retribution,6,1,5
Ðeathguise,Ysera,138,paladin,retribution,15,3,12
Thòrisòn,Stormrage,96,paladin,retribution,6,1,5
Shamashjoel,Black Dragonflight,192,paladin,retribution,12,2,10
Retx,Arthas,96,paladin,retribution,6,1,5
Holyxsmokes,Illidan,96,paladin,retribution,6,1,5
Airndel,Illidan,0,paladin,retribution,7,1,6
Cots,Azralon,96,paladin,retribution,6,1,5
Sneakycastro,Bleeding Hollow,96,paladin,retribution,6,1,5
Lòuisvuttion,Tichondrius,96,paladin,retribution,6,1,5
Tehbeasty,Hyjal,96,paladin,retribution,6,1,5
Alk,Windrunner,96,paladin,retribution,6,1,5
Geykum,Tichondrius,96,paladin,retribution,17,1,16
Ryxxi,Sargeras,79,paladin,retribution,5,1,4
Belenor,Quel'Thalas,63,paladin,retribution,2,2,0
Dronedròp,Illidan,63,paladin,retribution,2,2,0
Piston,Kil'jaeden,63,paladin,retribution,2,2,0
Patrious,Moon Guard,31,paladin,retribution,2,1,1
Rakasho,Azralon,0,paladin,retribution,6,0,6
Lythos,Dath'Remar,192,paladin,retribution,12,2,10
Bosat,Drakkari,0,paladin,retribution,6,0,6
Thiccholy,Deathwing,192,paladin,retribution,6,2,4
Cudiskush,Tichondrius,192,paladin,retribution,6,2,4
Solef,Stormrage,192,paladin,retribution,12,2,10
Mendes,Stormrage,192,paladin,retribution,6,2,4
Whosharted,Area 52,79,paladin,retribution,5,1,4
Killmoth,Illidan,192,paladin,retribution,6,2,4
Kimbr,Gallywix,287,paladin,retribution,6,3,3
Hxnny,Kil'jaeden,96,paladin,retribution,6,1,5
Granada,Kirin Tor,192,paladin,retribution,6,2,4
Vilert,Balnazzar,576,paladin,retribution,12,6,6
Jucker,Tichondrius,1661,paladin,retribution,54,23,31
Westee,Stormrage,234,paladin,retribution,8,4,4
Derpnstein,Gorgonnash,232,paladin,retribution,20,6,14
Karwryn,Magtheridon,288,paladin,retribution,6,3,3
Snippdeux,Garrosh,138,paladin,retribution,9,5,4
Kaorah,Drakkari,138,paladin,retribution,16,3,13
Sweetpally,Moonrunner,287,paladin,retribution,6,3,3
Níka,Turalyon,287,paladin,retribution,12,3,9
Ronatiú,Tichondrius,271,paladin,retribution,11,3,8
Ôv,Norgannon,256,paladin,retribution,4,4,0
Helberth,Stormrage,239,paladin,retribution,5,3,2
Filoz,Ragnaros,234,paladin,retribution,17,5,12
Achalius,Quel'dorei,192,paladin,retribution,6,2,4
Helioos,Stormrage,192,paladin,retribution,6,2,4
Legionret,Thrall,192,paladin,retribution,6,2,4
Vindified,Tichondrius,192,paladin,retribution,6,2,4
Disastroùs,Frostmourne,192,paladin,retribution,6,2,4
Gasunits,Stormrage,192,paladin,retribution,6,2,4
Octí,Quel'Thalas,192,paladin,retribution,12,2,10
Tysads,Darkspear,192,paladin,retribution,12,2,10
Drintense,Area 52,192,paladin,retribution,6,2,4
Omegabubble,Garrosh,192,paladin,retribution,6,2,4
Oroth,Ragnaros,192,paladin,retribution,6,2,4
Honeyduw,Moon Guard,192,paladin,retribution,6,2,4
Palåth,Barthilas,192,paladin,retribution,6,2,4
Gordyn,Khaz'goroth,192,paladin,retribution,6,2,4
Angeluzlk,Quel'Thalas,192,paladin,retribution,6,2,4
Litjoint,Hyjal,192,paladin,retribution,6,2,4
Nestus,Shu'halo,192,paladin,retribution,6,2,4
Hogù,Tichondrius,192,paladin,retribution,6,2,4
Heartsend,Ner'zhul,192,paladin,retribution,6,2,4
Lightgasm,Alterac Mountains,192,paladin,retribution,6,2,4
Moohulk,Ragnaros,192,paladin,retribution,6,2,4
Lilby,Lightbringer,138,paladin,retribution,14,3,11
Rekos,Zul'jin,192,paladin,retribution,6,2,4
Honeydews,Zul'jin,192,paladin,retribution,6,2,4
Rúdely,Tichondrius,192,paladin,retribution,6,2,4
Invïctus,Dalaran,192,paladin,retribution,6,2,4
Blackbeerd,Stormrage,192,paladin,retribution,6,2,4
Shebas,Kilrogg,192,paladin,retribution,6,2,4
Whataio,Tichondrius,192,paladin,retribution,6,2,4
Jessecash,Tichondrius,192,paladin,retribution,12,3,9
Grimsfate,Emerald Dream,192,paladin,retribution,12,2,10
Elarilein,Emerald Dream,192,paladin,retribution,12,2,10
Holyelfs,Boulderfist,192,paladin,retribution,18,2,16
Goldfaith,Sargeras,192,paladin,retribution,12,2,10
Ubbhe,Quel'Thalas,159,paladin,retribution,5,2,3
Beelzebøss,Frostmourne,159,paladin,retribution,5,2,3
Kaorii,Mannoroth,159,paladin,retribution,5,2,3
Whiplashlol,Frostwolf,0,paladin,retribution,5,3,2
Sweetbunz,Altar of Storms,128,paladin,retribution,4,2,2
Shalith,Thrall,96,paladin,retribution,3,2,1
Meanervini,Kil'jaeden,96,paladin,retribution,6,1,5
Lightmessiah,Perenolde,96,paladin,retribution,6,1,5
Ashlane,Tichondrius,96,paladin,retribution,6,1,5
Riçky,Tichondrius,96,paladin,retribution,6,1,5
Yesdaddyxo,Emerald Dream,96,paladin,retribution,6,1,5
Scrubdin,Illidan,96,paladin,retribution,6,1,5
Krelya,Ragnaros,96,paladin,retribution,6,1,5
Kytheon,Zuluhed,96,paladin,retribution,6,1,5
Bubbllicious,Thrall,96,paladin,retribution,6,1,5
Sleyn,Stormrage,96,paladin,retribution,6,1,5
Skeeta,Area 52,96,paladin,retribution,6,1,5
Serazan,Moon Guard,255,paladin,retribution,11,3,8
Nvrbubble,Area 52,96,paladin,retribution,6,1,5
Chawbanger,Proudmoore,96,paladin,retribution,6,1,5
Sanddor,Moon Guard,96,paladin,retribution,6,1,5
Pipesmoke,Dunemaul,96,paladin,retribution,6,1,5
Darksaint,Hellscream,1230,paladin,retribution,24,13,11
Bigshaftt,Gorgonnash,96,paladin,retribution,6,1,5
Brank,Agamaggan,96,paladin,retribution,6,1,5
Zatoci,Shadowsong,192,paladin,retribution,17,2,15
Yoropal,Tichondrius,192,paladin,retribution,18,2,16
Zalacar,Azralon,96,paladin,retribution,12,1,11
Divinetoco,Stormrage,175,paladin,retribution,11,2,9
Gorila,Stormrage,31,paladin,retribution,2,1,1
Chanimalf,Tichondrius,0,paladin,retribution,6,0,6
Ljusett,Frostmourne,0,paladin,retribution,6,0,6
Zafenate,Nemesis,192,paladin,retribution,6,2,4
Mousesack,Dragonmaw,192,paladin,retribution,6,2,4
Malthisz,Antonidas,0,paladin,retribution,9,2,7
Runterran,Illidan,192,paladin,retribution,6,2,4
Vamplyy,Kel'Thuzad,192,paladin,retribution,12,2,10
Dabnpaladin,Moon Guard,671,paladin,retribution,12,7,5
Nøxus,Azralon,287,paladin,retribution,6,3,3
Ðablordx,Tichondrius,239,paladin,retribution,9,4,5
Malumá,Ragnaros,0,paladin,retribution,17,9,8
Sølaire,Stormrage,234,paladin,retribution,14,4,10
Needbuffs,Ysondre,234,paladin,retribution,15,4,11
Matts,Sargeras,234,paladin,retribution,15,4,11
Píkachü,Azralon,224,paladin,retribution,10,3,7
Tydrialin,Tichondrius,223,paladin,retribution,8,3,5
Diotiz,Area 52,208,paladin,retribution,11,4,7
Thorrh,Mal'Ganis,192,paladin,retribution,6,2,4
Tuama,Frostmourne,192,paladin,retribution,6,2,4
Bharan,Dalaran,192,paladin,retribution,6,2,4
Awarena,Area 52,192,paladin,retribution,6,2,4
Trøn,Kalecgos,192,paladin,retribution,6,2,4
Thejokermp,Kel'Thuzad,192,paladin,retribution,6,2,4
Dexstarr,Frostmourne,192,paladin,retribution,6,2,4
Yoúngdolph,Elune,192,paladin,retribution,6,2,4
Halot,Skullcrusher,192,paladin,retribution,6,2,4
Ogretchair,Zul'jin,192,paladin,retribution,6,2,4
Citadehl,Bleeding Hollow,192,paladin,retribution,6,2,4
Azúlá,Garona,192,paladin,retribution,6,2,4
Sleepynug,Proudmoore,192,paladin,retribution,6,2,4
Gredel,Sargeras,192,paladin,retribution,6,2,4
Palix,Bonechewer,192,paladin,retribution,12,2,10
Nëø,Moon Guard,192,paladin,retribution,6,2,4
Stlgunna,Tichondrius,192,paladin,retribution,6,2,4
Wyot,Tichondrius,192,paladin,retribution,6,2,4
Realbad,Lightbringer,480,paladin,retribution,12,5,7
Holysmokz,Emerald Dream,192,paladin,retribution,6,2,4
Holywafu,Tichondrius,192,paladin,retribution,6,2,4
Retbullvodka,Tichondrius,192,paladin,retribution,6,2,4
Ladner,Tichondrius,192,paladin,retribution,6,2,4
Calmpressure,Tichondrius,192,paladin,retribution,6,2,4
Maviskuku,Tichondrius,192,paladin,retribution,6,2,4
Caeson,Moon Guard,192,paladin,retribution,6,2,4
Lumpypotatos,Aegwynn,192,paladin,retribution,10,3,7
Pòßà,Mal'Ganis,192,paladin,retribution,7,2,5
Simbelmyne,Thrall,192,paladin,retribution,12,2,10
Ðáddý,Zul'jin,192,paladin,retribution,12,2,10
Gilfan,Proudmoore,192,paladin,retribution,12,2,10
Nygardian,Sargeras,192,paladin,retribution,12,2,10
Krístem,Stormrage,192,paladin,retribution,12,2,10
Spîke,Sargeras,192,paladin,retribution,12,2,10
Calferx,Area 52,192,paladin,retribution,12,2,10
Maldayn,Quel'Thalas,159,paladin,retribution,5,2,3
Leevii,Azralon,138,paladin,retribution,11,4,7
Telaenchufo,Ragnaros,128,paladin,retribution,4,2,2
Vishpal,Mal'Ganis,112,paladin,retribution,7,2,5
Imbackk,Quel'Thalas,96,paladin,retribution,12,1,11
Kírí,Quel'Thalas,96,paladin,retribution,6,1,5
Lakinipally,Lightbringer,96,paladin,retribution,6,1,5
Daivdsonbr,Azralon,192,paladin,retribution,12,2,10
Krylaa,Madoran,96,paladin,retribution,6,1,5
Kamael,Darrowmere,0,paladin,retribution,10,1,9
Chootoy,Tichondrius,96,paladin,retribution,6,1,5
Dìlf,Zul'jin,96,paladin,retribution,6,1,5
Ding,Wyrmrest Accord,96,paladin,retribution,6,1,5
Salennai,Daggerspine,96,paladin,retribution,6,1,5
Bigdampally,Tichondrius,96,paladin,retribution,6,1,5
Jeeb,Blackrock,96,paladin,retribution,6,1,5
Kuribohs,Tichondrius,96,paladin,retribution,6,1,5
Palium,Stormrage,96,paladin,retribution,6,1,5
Englishdude,Tichondrius,96,paladin,retribution,6,1,5
Madtrollaids,Kil'jaeden,96,paladin,retribution,6,1,5
Slayalot,Icecrown,96,paladin,retribution,6,1,5
Mîrrors,Barthilas,96,paladin,retribution,6,1,5
Ünkøwn,Stormrage,96,paladin,retribution,6,1,5
Thorgard,Antonidas,96,paladin,retribution,6,1,5
Asheryte,Sargeras,96,paladin,retribution,6,1,5
Latchpaladin,Sargeras,96,paladin,retribution,6,1,5
Tharok,Spirestone,96,paladin,retribution,6,1,5
Wakethelight,Illidan,96,paladin,retribution,6,1,5
Hungheracles,Thrall,96,paladin,retribution,6,1,5
Topsid,Sargeras,96,paladin,retribution,6,1,5
Raams,Moon Guard,96,paladin,retribution,6,1,5
Léa,Illidan,192,paladin,retribution,12,2,10
Ret,Burning Legion,96,paladin,retribution,6,1,5
Isskandar,Moon Guard,96,paladin,retribution,6,1,5
Vatherollin,Proudmoore,96,paladin,retribution,6,1,5
Bregalad,Bleeding Hollow,96,paladin,retribution,12,1,11
Siglud,Tichondrius,96,paladin,retribution,12,1,11
Paladinkofwa,Tichondrius,287,paladin,retribution,12,4,8
Jaidun,Stormrage,190,paladin,retribution,12,2,10
Wingsproc,Stormrage,256,paladin,retribution,10,3,7
Crayonpal,Tichondrius,63,paladin,retribution,2,2,0
Kroneckerr,Ragnaros,48,paladin,retribution,8,3,5
Tanneth,Zul'jin,31,paladin,retribution,2,1,1
Salx,Tichondrius,31,paladin,retribution,8,1,7
Mtanchokeme,Stormrage,0,paladin,retribution,6,0,6
Mastadin,Illidan,96,paladin,retribution,6,1,5
Keodis,Suramar,96,paladin,retribution,6,1,5
Tryvor,Stormrage,48,paladin,retribution,3,1,2
Egf,Illidan,192,paladin,retribution,6,2,4
Powerassasin,Tichondrius,192,paladin,retribution,4,3,1
Streetacus,Stormrage,192,paladin,retribution,6,2,4
Chucknoreis,Azralon,96,paladin,retribution,12,1,11
Valdarin,Emerald Dream,701,paladin,retribution,20,8,12
Eldruin,Aman'Thul,234,paladin,retribution,17,4,13
Draeneihead,Gnomeregan,1298,paladin,retribution,66,29,37
Divinetank,Aman'Thul,287,paladin,retribution,12,3,9
Fallan,Khaz Modan,223,paladin,retribution,8,3,5
Crnoshock,Area 52,192,paladin,retribution,6,2,4
Cowlomus,Ragnaros,192,paladin,retribution,6,2,4
Mosés,Area 52,192,paladin,retribution,6,2,4
Cloudx,Shattered Hand,192,paladin,retribution,6,2,4
Amarexp,Stormrage,192,paladin,retribution,6,2,4
Metalsword,Tichondrius,192,paladin,retribution,6,2,4
Dorados,Gallywix,192,paladin,retribution,6,2,4
Soundscape,Proudmoore,192,paladin,retribution,6,2,4
Islain,Smolderthorn,192,paladin,retribution,6,2,4
Zenarus,Stormrage,192,paladin,retribution,6,2,4
Holycakes,Malygos,192,paladin,retribution,6,2,4
Kåshmïr,Tichondrius,192,paladin,retribution,6,2,4
Duz,Mal'Ganis,192,paladin,retribution,6,2,4
Çßitching,Baelgun,192,paladin,retribution,6,2,4
Retku,Tichondrius,192,paladin,retribution,6,2,4
Æyden,Azgalor,192,paladin,retribution,6,2,4
Lèo,Ghostlands,192,paladin,retribution,6,2,4
Dakoo,Burning Blade,192,paladin,retribution,6,2,4
Dimensions,Spirestone,192,paladin,retribution,6,2,4
Yamn,Tichondrius,192,paladin,retribution,6,2,4
Galdraxis,Dalaran,192,paladin,retribution,6,2,4
Extramustard,Frostmourne,192,paladin,retribution,6,2,4
Carmelito,Hakkar,192,paladin,retribution,6,2,4
Quessillo,Ragnaros,192,paladin,retribution,6,2,4
Juggerat,Barthilas,192,paladin,retribution,6,2,4
Dritan,Lightbringer,192,paladin,retribution,6,2,4
Luke,Moon Guard,192,paladin,retribution,6,2,4
Brizdiz,Area 52,192,paladin,retribution,6,2,4
Logust,Area 52,192,paladin,retribution,6,2,4
Axelx,Sargeras,192,paladin,retribution,6,2,4
Bradybub,Sargeras,192,paladin,retribution,6,2,4
Dayim,Moon Guard,192,paladin,retribution,6,2,4
Gangsta,Silvermoon,192,paladin,retribution,6,2,4
Zeliq,Silvermoon,192,paladin,retribution,6,2,4
Raylewis,Ghostlands,192,paladin,retribution,9,2,7
Phawkes,Eredar,192,paladin,retribution,12,2,10
Oldmanmark,Jubei'Thos,191,paladin,retribution,6,2,4
Dkpally,Doomhammer,286,paladin,retribution,12,3,9
Lahila,Area 52,191,paladin,retribution,6,2,4
Larlanos,Bloodhoof,190,paladin,retribution,12,2,10
Oates,Sargeras,255,paladin,retribution,11,3,8
Bubbledown,Bleeding Hollow,159,paladin,retribution,5,2,3
Chancéllor,Stormrage,138,paladin,retribution,6,3,3
Seebastian,Kel'Thuzad,128,paladin,retribution,4,2,2
Comptoncody,Area 52,224,paladin,retribution,15,4,11
Brutalize,Moon Guard,96,paladin,retribution,6,1,5
Vicentez,Area 52,96,paladin,retribution,6,1,5
Fydepala,Stormrage,96,paladin,retribution,6,1,5
Respiratoryy,Kel'Thuzad,96,paladin,retribution,6,1,5
Bromango,Emerald Dream,96,paladin,retribution,6,1,5
Grimsical,Kel'Thuzad,96,paladin,retribution,6,1,5
Tyrannos,Tichondrius,96,paladin,retribution,6,1,5
Scyfher,Stormrage,96,paladin,retribution,6,1,5
Astolan,Runetotem,96,paladin,retribution,6,1,5
Repsforjêsus,Hydraxis,192,paladin,retribution,12,2,10
Adjudicator,Shu'halo,96,paladin,retribution,6,1,5
Wrongnumber,Blackrock,96,paladin,retribution,6,1,5
Teupaiécornu,Azralon,96,paladin,retribution,6,1,5
Palagwen,Emerald Dream,96,paladin,retribution,6,1,5
Måtrix,Sargeras,96,paladin,retribution,6,1,5
Corvious,Tichondrius,63,paladin,retribution,2,2,0
Tydirion,Burning Legion,31,paladin,retribution,2,1,1
Øgre,Illidan,31,paladin,retribution,2,1,1
Cóisy,Frostmourne,16,paladin,retribution,1,1,0
Cherubic,Sargeras,31,paladin,retribution,2,1,1
Chauncyboii,Tichondrius,0,paladin,retribution,6,0,6
Darteon,Moon Guard,223,paladin,retribution,8,3,5
Hxnny,Turalyon,96,paladin,retribution,6,1,5
Bova,Bloodscalp,576,paladin,retribution,18,6,12
Yakobazee,Illidan,286,paladin,retribution,13,4,9
Zlx,Emerald Dream,192,paladin,retribution,4,3,1
Gieser,Burning Blade,192,paladin,retribution,6,2,4
Kanaloä,Stormreaver,192,paladin,retribution,6,2,4
Variexpal,Tichondrius,192,paladin,retribution,6,2,4
Frankjenkins,Nagrand,192,paladin,retribution,6,2,4
Donk,Frostmane,192,paladin,retribution,12,2,10
Leonardogv,Quel'Thalas,192,paladin,retribution,18,2,16
Erédin,Draenor,159,paladin,retribution,5,2,3
Healingherbz,Illidan,159,paladin,retribution,5,2,3
Silencestorm,Tichondrius,96,paladin,retribution,6,1,5
Ágirlzinha,Azralon,96,paladin,retribution,6,1,5
Poonxx,Frostmourne,96,paladin,retribution,6,1,5
Cloudwalker,Spirestone,96,paladin,retribution,6,1,5
Bajindaa,Sargeras,96,paladin,retribution,6,1,5
Maldituss,Azralon,159,paladin,retribution,8,3,5
Gromuu,Azralon,1343,paladin,retribution,49,28,21
Hamadam,Azralon,192,paladin,retribution,6,2,4
Terabyte,Nazjatar,1601,paladin,retribution,93,56,37
Berylemonade,The Underbog,286,paladin,retribution,7,3,4
Katonpala,Ragnaros,192,paladin,retribution,4,3,1
Tearra,Blackrock,192,paladin,retribution,6,2,4
Ramsés,Stormrage,192,paladin,retribution,6,2,4
Lawnrunna,Thunderlord,192,paladin,retribution,6,2,4
Einheit,Destromath,192,paladin,retribution,6,2,4
Mashem,Stormrage,192,paladin,retribution,6,2,4
Astherian,Stormrage,192,paladin,retribution,6,2,4
Adrasil,Wyrmrest Accord,192,paladin,retribution,6,2,4
Lightninlink,Sargeras,192,paladin,retribution,6,2,4
Qwickness,Garrosh,192,paladin,retribution,6,2,4
Moistplop,Aegwynn,192,paladin,retribution,6,2,4
Itechs,Sargeras,192,paladin,retribution,6,2,4
Ihoj,Illidan,192,paladin,retribution,6,2,4
Jarkeion,Tichondrius,192,paladin,retribution,6,2,4
Ilirax,Drakkari,192,paladin,retribution,6,2,4
Sqwuril,Area 52,192,paladin,retribution,6,2,4
Athreuz,Kel'Thuzad,192,paladin,retribution,6,2,4
Skurps,Kel'Thuzad,192,paladin,retribution,6,2,4
Tyrkisovj,Quel'Thalas,192,paladin,retribution,6,2,4
Stinkypinkyy,Moon Guard,42,paladin,retribution,9,2,7
Akhahd,Aerie Peak,192,paladin,retribution,6,2,4
Hbatalha,Gallywix,192,paladin,retribution,6,2,4
Badchicken,Ragnaros,192,paladin,retribution,6,2,4
Smirnøv,Ragnaros,192,paladin,retribution,9,2,7
Garddar,Ragnaros,192,paladin,retribution,12,2,10
Leadyth,Moon Guard,96,paladin,retribution,3,2,1
Lays,Suramar,96,paladin,retribution,6,1,5
Gabrielwrynn,Nemesis,192,paladin,retribution,17,5,12
Lâskó,Area 52,96,paladin,retribution,6,1,5
Spikeriu,Ragnaros,96,paladin,retribution,6,1,5
Falconone,Tichondrius,96,paladin,retribution,6,1,5
Bhaba,Frostmourne,96,paladin,retribution,6,1,5
Forexqt,Blackhand,96,paladin,retribution,6,1,5
Tfym,Tichondrius,96,paladin,retribution,6,1,5
Krusade,Hydraxis,96,paladin,retribution,6,1,5
Angelichaze,Hyjal,96,paladin,retribution,6,1,5
Djotto,Sargeras,96,paladin,retribution,6,1,5
Yikesidk,Stormrage,96,paladin,retribution,6,1,5
Crixos,Quel'Thalas,96,paladin,retribution,6,1,5
Tidds,Sargeras,192,paladin,retribution,12,2,10
Trashslinger,Sargeras,96,paladin,retribution,6,1,5
Miramedic,Icecrown,0,paladin,retribution,1,0,1
Rangr,Akama,192,paladin,retribution,12,2,10
Valemon,Mal'Ganis,192,paladin,retribution,9,2,7
Luminant,Thunderlord,1865,paladin,retribution,152,77,75
Iliriel,Area 52,1478,paladin,retribution,64,25,39
Accept,Thunderlord,960,paladin,retribution,18,10,8
Miwow,Area 52,233,paladin,retribution,13,6,7
Shaggslol,Tichondrius,287,paladin,retribution,6,3,3
Digest,Sargeras,192,paladin,retribution,4,3,1
Timelessz,Dalaran,192,paladin,retribution,6,2,4
Thidiaes,Hellscream,192,paladin,retribution,6,2,4
Gøllum,Barthilas,192,paladin,retribution,12,2,10
Zarcissa,Gorgonnash,192,paladin,retribution,6,2,4
Tepsreformed,Stormrage,192,paladin,retribution,6,2,4
Kíllér,Illidan,192,paladin,retribution,6,2,4
Leodin,Vek'nilash,192,paladin,retribution,6,2,4
Giraffee,Kel'Thuzad,192,paladin,retribution,6,2,4
Palädêeznuts,Illidan,192,paladin,retribution,12,2,10
Tîmere,Stormrage,192,paladin,retribution,12,2,10
Yunxia,Tichondrius,192,paladin,retribution,12,2,10
Jbelf,Cenarion Circle,192,paladin,retribution,12,2,10
Vaeluria,Wyrmrest Accord,256,paladin,retribution,10,3,7
Retßull,Burning Blade,192,paladin,retribution,6,2,4
Striðent,Saurfang,192,paladin,retribution,6,2,4
Holyføx,Area 52,192,paladin,retribution,6,2,4
Gëllats,Barthilas,192,paladin,retribution,6,2,4
Squishyfishy,Ysondre,192,paladin,retribution,6,2,4
Madwrath,Moon Guard,192,paladin,retribution,6,2,4
Lazpal,Zul'jin,192,paladin,retribution,6,2,4
Scrukx,Frostmourne,192,paladin,retribution,6,2,4
Krickio,Ragnaros,192,paladin,retribution,6,2,4
Thaddxero,Hyjal,192,paladin,retribution,6,2,4
Hiippall,Darkspear,287,paladin,retribution,6,3,3
Kazuken,Quel'Thalas,240,paladin,retribution,9,3,6
Dehtap,Aerie Peak,234,paladin,retribution,11,5,6
Goldshower,Tichondrius,224,paladin,retribution,10,3,7
Ihealyamon,Zul'jin,223,paladin,retribution,11,4,7
Nelphos,Area 52,192,paladin,retribution,4,3,1
Pleasehelp,Illidan,192,paladin,retribution,6,2,4
Geraltz,Lightninghoof,192,paladin,retribution,6,2,4
Imnotgood,Shadowmoon,192,paladin,retribution,6,2,4
Holyelf,Haomarush,192,paladin,retribution,6,2,4
Torvapk,Madoran,192,paladin,retribution,6,2,4
Srweed,Azralon,192,paladin,retribution,6,2,4
Demhips,Whisperwind,192,paladin,retribution,6,2,4
Pinkret,Area 52,192,paladin,retribution,6,2,4
Bubbleöchugz,Area 52,192,paladin,retribution,6,2,4
Ownions,Zuluhed,192,paladin,retribution,6,2,4
Palrick,Quel'Thalas,192,paladin,retribution,6,2,4
Draylen,Kel'Thuzad,192,paladin,retribution,6,2,4
Barrymckoc,Sargeras,192,paladin,retribution,6,2,4
Fuqnbull,Shu'halo,192,paladin,retribution,6,2,4
Cäsike,Tichondrius,192,paladin,retribution,6,2,4
ßloodybubble,Tichondrius,42,paladin,retribution,10,2,8
Paypal,Azgalor,192,paladin,retribution,6,2,4
Babyash,Icecrown,192,paladin,retribution,6,2,4
Coombewble,Tichondrius,192,paladin,retribution,6,2,4
Marterek,Korgath,192,paladin,retribution,6,2,4
Slayervalc,Area 52,192,paladin,retribution,6,2,4
Generis,Frostmourne,192,paladin,retribution,6,2,4
Týdis,Bleeding Hollow,192,paladin,retribution,6,2,4
Rona,Sargeras,192,paladin,retribution,18,2,16
Beeflecow,Garrosh,96,paladin,retribution,6,1,5
Elijar,Sargeras,159,paladin,retribution,8,3,5
Wakethelight,Tichondrius,96,paladin,retribution,6,1,5
Idan,Barthilas,234,paladin,retribution,7,4,3
Kwlee,Tichondrius,138,paladin,retribution,9,3,6
Sadendis,Illidan,287,paladin,retribution,12,3,9
Hamners,Tichondrius,0,paladin,retribution,1,0,1
Moonideli,Moon Guard,192,priest,discipline,12,2,10
Saintjpii,Tichondrius,576,priest,discipline,12,6,6
Applepieyum,Illidan,0,priest,discipline,6,0,6
Edmen,Stormrage,288,priest,discipline,6,3,3
Sukeena,Mal'Ganis,96,priest,discipline,6,1,5
Sabene,Greymane,288,priest,discipline,6,3,3
Plebiss,Burning Blade,384,priest,discipline,12,4,8
Soleyxo,Frostmourne,288,priest,discipline,12,3,9
Dawnside,Wyrmrest Accord,767,priest,discipline,24,8,16
Dotdotdead,Earthen Ring,522,priest,discipline,16,7,9
Healgirls,Dalaran,192,priest,discipline,6,2,4
Berzum,Cho'gall,479,priest,discipline,10,6,4
Cheekypriest,Stormrage,480,priest,discipline,18,5,13
Darkheals,Azralon,0,priest,discipline,1,0,1
Souljourner,Stormrage,0,priest,discipline,6,0,6
Hatxsu,Emerald Dream,0,priest,discipline,3,0,3
Kernelious,Illidan,96,priest,discipline,6,1,5
Kaelthos,Quel'Thalas,96,priest,discipline,6,1,5
Xusin,Tichondrius,288,priest,discipline,6,3,3
Stradey,Tichondrius,96,priest,discipline,6,1,5
Edessa,Lothar,96,priest,discipline,6,1,5
Estaria,The Forgotten Coast,576,priest,discipline,18,6,12
Endure,Moon Guard,288,priest,discipline,6,3,3
Ôp,Sargeras,192,priest,discipline,6,2,4
Haushauha,Azralon,192,priest,discipline,6,2,4
Mindgoblin,Terokkar,384,priest,discipline,12,4,8
Smitepie,Mal'Ganis,0,priest,discipline,4,0,4
Fraggydaddy,Frostmourne,192,priest,discipline,6,2,4
Kabutta,Stormrage,767,priest,discipline,18,8,10
Burtier,Zul'jin,367,priest,discipline,11,4,7
Celani,Gilneas,384,priest,discipline,6,4,2
Janova,Tichondrius,0,priest,discipline,9,2,7
Redonkulos,Shattered Hand,1970,priest,discipline,186,94,92
Mimikyú,Tichondrius,1972,priest,discipline,126,57,69
Fäctor,Bleeding Hollow,1619,priest,discipline,96,47,49
Mepisth,Sargeras,1600,priest,discipline,66,36,30
Dxskadi,Stormrage,1348,priest,discipline,156,68,88
Chìbiusa,Gurubashi,1352,priest,discipline,106,52,54
Trashdiscx,Stormrage,707,priest,discipline,25,11,14
Caz,Sargeras,775,priest,discipline,24,12,12
Urgetopurge,Dunemaul,767,priest,discipline,12,8,4
Femalema,Tichondrius,1042,priest,discipline,27,13,14
Läsombra,Area 52,684,priest,discipline,17,9,8
Greyx,Moon Guard,1510,priest,discipline,48,25,23
Sadsadge,Sargeras,672,priest,discipline,12,7,5
Walpurgis,Skywall,672,priest,discipline,12,7,5
Vizzy,Stormrage,1876,priest,discipline,102,55,47
Jeremey,Darkspear,671,priest,discipline,12,7,5
Linlight,Stormrage,671,priest,discipline,12,7,5
Bombinburbon,Durotan,671,priest,discipline,12,7,5
Mahelet,Drakkari,671,priest,discipline,12,7,5
Randomheal,Dunemaul,671,priest,discipline,18,7,11
Xð,Jubei'Thos,670,priest,discipline,12,7,5
Donus,Frostmane,670,priest,discipline,12,7,5
Spiceenjoyer,Emerald Dream,670,priest,discipline,15,8,7
Nielic,Arygos,668,priest,discipline,12,7,5
Rcx,Sargeras,655,priest,discipline,17,7,10
Holysmegma,Dreadmaul,623,priest,discipline,11,7,4
Porffy,Malygos,576,priest,discipline,6,6,0
Tanzen,Andorhal,1699,priest,discipline,36,21,15
Scripture,Stormreaver,576,priest,discipline,12,6,6
Thelastfight,Frostmourne,576,priest,discipline,12,6,6
Darkinfusion,Illidan,576,priest,discipline,12,6,6
Wabie,Illidan,576,priest,discipline,12,6,6
Bloodfaith,Stormrage,576,priest,discipline,12,6,6
Wodpriestx,Stormrage,576,priest,discipline,12,6,6
Fartnutts,Dalaran,576,priest,discipline,18,6,12
Astrìx,Tichondrius,575,priest,discipline,6,6,0
Rókue,Silvermoon,763,priest,discipline,18,8,10
Awaken,Ner'zhul,543,priest,discipline,17,6,11
Moonlightx,Destromath,528,priest,discipline,9,7,2
Ethari,Crushridge,520,priest,discipline,21,7,14
Lilmad,Stormrage,511,priest,discipline,20,6,14
Hateutoo,Sargeras,480,priest,discipline,6,5,1
Taikosqt,Azralon,480,priest,discipline,12,5,7
Amperx,Wyrmrest Accord,480,priest,discipline,12,5,7
Xayda,Area 52,672,priest,discipline,18,7,11
Drmattydubz,Tichondrius,480,priest,discipline,12,5,7
Feyns,Illidan,480,priest,discipline,12,5,7
Humblemumble,Barthilas,480,priest,discipline,12,5,7
Hotlink,Daggerspine,480,priest,discipline,12,5,7
Alleeyy,Tichondrius,480,priest,discipline,12,5,7
Whosjoe,Tichondrius,480,priest,discipline,12,5,7
Joeybats,Frostwolf,672,priest,discipline,18,7,11
Gõd,Zuluhed,766,priest,discipline,18,8,10
Pumice,Destromath,480,priest,discipline,12,5,7
Gatty,Kil'jaeden,480,priest,discipline,13,5,8
Jaquels,Sargeras,1809,priest,discipline,130,65,65
Healiesuwu,Kil'jaeden,480,priest,discipline,18,5,13
Kasamm,Nazjatar,756,priest,discipline,18,8,10
Drayen,Korgath,479,priest,discipline,12,5,7
Hungzilla,Mal'Ganis,447,priest,discipline,11,5,6
Faíthless,Sargeras,639,priest,discipline,17,7,10
Shadowkr,Tichondrius,447,priest,discipline,11,5,6
Whodatpriest,Blackhand,399,priest,discipline,5,5,0
Djchickpea,Cho'gall,384,priest,discipline,6,4,2
Batface,Frostmourne,384,priest,discipline,6,4,2
Jaxthree,Illidan,384,priest,discipline,6,4,2
Miniambá,Tichondrius,384,priest,discipline,6,4,2
Wickedmoon,Emerald Dream,575,priest,discipline,12,6,6
Johncrank,Bleeding Hollow,576,priest,discipline,12,6,6
Nordheal,Stormrage,575,priest,discipline,12,6,6
Spyderco,Mug'thol,671,priest,discipline,18,7,11
Granger,Sen'jin,384,priest,discipline,6,4,2
Ticheals,Tichondrius,480,priest,discipline,18,5,13
Subscribe,Khaz'goroth,384,priest,discipline,6,4,2
Moselol,Tichondrius,576,priest,discipline,12,6,6
Clarity,Arthas,718,priest,discipline,15,9,6
Stepbrohelp,Barthilas,576,priest,discipline,18,6,12
Merçy,Zul'jin,384,priest,discipline,6,4,2
Äni,Sargeras,384,priest,discipline,6,4,2
Popeachini,Sargeras,384,priest,discipline,6,4,2
Fûsoya,Zul'jin,384,priest,discipline,6,4,2
Béépboop,Tichondrius,384,priest,discipline,6,4,2
Bubbleboi,Mal'Ganis,384,priest,discipline,6,4,2
Zaphfkiel,Ragnaros,384,priest,discipline,12,4,8
Disperse,Sargeras,384,priest,discipline,12,4,8
Jonahas,Sargeras,384,priest,discipline,12,4,8
Squatrack,Tichondrius,763,priest,discipline,24,8,16
Sìrena,Tichondrius,384,priest,discipline,12,4,8
Holyshiitzz,Illidan,384,priest,discipline,12,4,8
Echoos,Proudmoore,384,priest,discipline,12,4,8
Rainms,Sargeras,384,priest,discipline,18,4,14
Mirex,Tichondrius,383,priest,discipline,6,4,2
Whatisholy,Bleeding Hollow,383,priest,discipline,12,4,8
Goldenlilly,Moon Guard,477,priest,discipline,18,5,13
Khinthazin,Barthilas,767,priest,discipline,66,27,39
Xiangjiao,Tichondrius,330,priest,discipline,17,6,11
Smarttakka,Emerald Dream,319,priest,discipline,8,4,4
Klizzy,Tichondrius,319,priest,discipline,14,4,10
Imamu,Tichondrius,251,priest,discipline,35,16,19
Minzyx,Tichondrius,288,priest,discipline,12,3,9
Bgundy,Sargeras,288,priest,discipline,6,3,3
Adelda,Nazjatar,288,priest,discipline,6,3,3
Keyohh,Tichondrius,288,priest,discipline,6,3,3
Nokizzgrizz,Sargeras,288,priest,discipline,6,3,3
Icarryozz,Darkspear,480,priest,discipline,12,5,7
Nyxvoid,Ragnaros,288,priest,discipline,6,3,3
Oofx,Darkspear,288,priest,discipline,6,3,3
Germanica,Area 52,645,priest,discipline,42,14,28
Krazyapollo,Tichondrius,480,priest,discipline,12,5,7
Methandrial,Hyjal,480,priest,discipline,12,5,7
Dradinx,Illidan,288,priest,discipline,6,3,3
Akewnón,Stormrage,479,priest,discipline,18,5,13
Boppdot,Tichondrius,576,priest,discipline,12,6,6
Codiroli,Tichondrius,606,priest,discipline,14,7,7
Badazzfrank,Tichondrius,762,priest,discipline,18,8,10
Jjaeminkim,Area 52,618,priest,discipline,28,12,16
Blackdeathx,Tichondrius,480,priest,discipline,12,5,7
Grafîx,Frostmourne,288,priest,discipline,6,3,3
Oxicontin,Sargeras,288,priest,discipline,6,3,3
Zzavidwong,Tichondrius,288,priest,discipline,6,3,3
Kaiah,Gorefiend,288,priest,discipline,6,3,3
Tarwow,Moon Guard,480,priest,discipline,12,5,7
Havefaith,Whisperwind,288,priest,discipline,6,3,3
Fausto,Kil'jaeden,288,priest,discipline,6,3,3
Àneres,Illidan,288,priest,discipline,6,3,3
Iamsatan,Illidan,288,priest,discipline,6,3,3
Nikci,Tichondrius,288,priest,discipline,6,3,3
Bernietopper,Tichondrius,576,priest,discipline,12,6,6
Kleiâ,Tichondrius,672,priest,discipline,18,7,11
Serenderpity,Moon Guard,480,priest,discipline,12,5,7
Mks,Barthilas,288,priest,discipline,6,3,3
Albertth,Ragnaros,668,priest,discipline,18,7,11
Die,Crushridge,288,priest,discipline,12,3,9
Realheal,Tichondrius,288,priest,discipline,12,3,9
Chaddadbod,Emerald Dream,288,priest,discipline,12,3,9
Paztech,Arthas,288,priest,discipline,12,3,9
Kurnak,Arthas,288,priest,discipline,12,3,9
Bån,Ragnaros,288,priest,discipline,12,3,9
Abefromann,Sargeras,384,priest,discipline,18,4,14
Slackinhealz,Thrall,288,priest,discipline,12,3,9
Islada,Illidan,233,priest,discipline,18,4,14
Solzal,Korgath,477,priest,discipline,12,5,7
Kagayaku,Aegwynn,287,priest,discipline,12,3,9
Plaguepumper,Sargeras,255,priest,discipline,11,3,8
Stormlighter,Proudmoore,255,priest,discipline,11,3,8
Swagacious,Mal'Ganis,624,priest,discipline,13,8,5
Mawwt,Moon Guard,239,priest,discipline,5,3,2
Jedrick,Mal'Ganis,192,priest,discipline,4,3,1
Tedesq,Stormrage,192,priest,discipline,9,3,6
Gwendalynne,Tichondrius,192,priest,discipline,6,2,4
Pedialyte,Kil'jaeden,480,priest,discipline,18,5,13
Bestwizardx,Tichondrius,192,priest,discipline,6,2,4
Skêptic,Tichondrius,384,priest,discipline,12,4,8
Justgoon,Tichondrius,480,priest,discipline,12,5,7
Kustem,Tichondrius,288,priest,discipline,12,3,9
Pimeharder,Tichondrius,192,priest,discipline,6,2,4
Coffeek,Sargeras,192,priest,discipline,6,2,4
Schadên,Wyrmrest Accord,192,priest,discipline,6,2,4
Cub,Darkspear,192,priest,discipline,6,2,4
Jqueryy,Tichondrius,42,priest,discipline,11,3,8
Coldstone,Bloodhoof,192,priest,discipline,6,2,4
Mywifesaidno,Sargeras,480,priest,discipline,12,5,7
Makeshiftz,Zul'jin,480,priest,discipline,12,5,7
Nejisaiyan,Sargeras,575,priest,discipline,12,6,6
Vivø,Nemesis,192,priest,discipline,6,2,4
Holydrop,Sargeras,192,priest,discipline,6,2,4
Dabrat,Darkspear,479,priest,discipline,18,6,12
Goatedhp,Dalaran,192,priest,discipline,6,2,4
Kaeruz,Stormrage,192,priest,discipline,6,2,4
Dilonpi,Area 52,192,priest,discipline,6,2,4
Robbailey,Dalvengyr,480,priest,discipline,12,5,7
Penicilin,Terokkar,478,priest,discipline,12,5,7
Plaguesus,Dalaran,192,priest,discipline,6,2,4
Stiffmeister,Bleeding Hollow,192,priest,discipline,6,2,4
Holyshafted,Kel'Thuzad,480,priest,discipline,12,5,7
Kimbeloria,Bleeding Hollow,383,priest,discipline,12,4,8
Noteenurse,Blackrock,192,priest,discipline,6,2,4
Nevertelsp,Mal'Ganis,575,priest,discipline,12,6,6
Shalther,Thrall,765,priest,discipline,18,8,10
Syncope,Garona,576,priest,discipline,12,6,6
Spampws,Aerie Peak,672,priest,discipline,24,7,17
Budheals,Spirestone,192,priest,discipline,6,2,4
Genevieve,Aggramar,192,priest,discipline,12,2,10
Smallz,Silvermoon,192,priest,discipline,6,2,4
Hankspank,Hakkar,192,priest,discipline,6,2,4
Lunarras,Aggramar,192,priest,discipline,6,2,4
Forober,Quel'dorei,466,priest,discipline,39,14,25
Bigchip,Sargeras,573,priest,discipline,24,6,18
Bolognypony,Norgannon,192,priest,discipline,12,2,10
Grâfix,Barthilas,192,priest,discipline,12,2,10
Fiéstah,Illidan,576,priest,discipline,21,7,14
Lûdløw,Kel'Thuzad,192,priest,discipline,12,2,10
Väin,Proudmoore,685,priest,discipline,27,10,17
Gabuncher,Barthilas,175,priest,discipline,11,2,9
Dinogingy,Lightbringer,159,priest,discipline,5,2,3
Rosabell,Ragnaros,336,priest,discipline,21,4,17
Prayanmantis,Tichondrius,330,priest,discipline,14,5,9
Ariadneminos,Illidan,138,priest,discipline,11,3,8
Waterßoÿ,Emerald Dream,669,priest,discipline,21,8,13
Ndz,Wyrmrest Accord,1506,priest,discipline,30,16,14
Runecarver,Anvilmar,575,priest,discipline,18,6,12
Fades,Hellscream,384,priest,discipline,12,4,8
Priestmika,Illidan,175,priest,discipline,11,2,9
Chewboppa,Zul'jin,96,priest,discipline,12,1,11
Common,Tichondrius,96,priest,discipline,6,1,5
Bunnychloe,Sargeras,381,priest,discipline,12,4,8
Thasar,Azgalor,659,priest,discipline,24,7,17
Apbrady,Sargeras,480,priest,discipline,12,5,7
Frazzysparks,Stormrage,479,priest,discipline,12,5,7
Lenigrast,Blackrock,384,priest,discipline,12,4,8
Keynnish,Sargeras,96,priest,discipline,6,1,5
Srazul,Azralon,384,priest,discipline,12,4,8
Yessír,Stormrage,96,priest,discipline,6,1,5
Snotanygood,Alleria,96,priest,discipline,6,1,5
Fatherwyatt,Bleeding Hollow,384,priest,discipline,12,4,8
Galice,Archimonde,96,priest,discipline,6,1,5
Regzi,Stormrage,96,priest,discipline,6,1,5
Nineoneoneh,Stormrage,576,priest,discipline,12,6,6
Gringotaco,Tichondrius,554,priest,discipline,26,9,17
Torgasm,Frostmourne,96,priest,discipline,12,1,11
Ilikis,Tichondrius,96,priest,discipline,6,1,5
Mallzahar,Darkspear,96,priest,discipline,12,1,11
Felixfire,Moon Guard,576,priest,discipline,24,6,18
Timéo,Zul'jin,575,priest,discipline,30,6,24
Itssehctap,Cho'gall,732,priest,discipline,14,9,5
Nås,Elune,711,priest,discipline,22,10,12
Jennaôrtega,Tichondrius,672,priest,discipline,12,7,5
Bayter,Frostmourne,480,priest,discipline,13,5,8
Knowknow,Tichondrius,288,priest,discipline,6,3,3
Scandi,Tichondrius,672,priest,discipline,12,7,5
Panndaz,Tichondrius,0,priest,discipline,5,1,4
Xiaozhui,Tichondrius,671,priest,discipline,24,7,17
Evenly,Tichondrius,192,priest,discipline,6,2,4
Purpskurp,Stormrage,576,priest,discipline,12,6,6
Márceline,Stormrage,288,priest,discipline,12,3,9
Onegil,Tichondrius,288,priest,discipline,7,3,4
Voidazepam,Zul'jin,288,priest,discipline,6,3,3
Auttø,Area 52,384,priest,discipline,12,4,8
Lilmix,Hydraxis,384,priest,discipline,6,4,2
Plzdontlos,Hyjal,0,priest,discipline,3,0,3
Swungzebra,Stormrage,96,priest,discipline,6,1,5
Tamajka,The Forgotten Coast,480,priest,discipline,6,5,1
Patagoniabae,Kel'Thuzad,192,priest,discipline,6,2,4
Nvøsuperstar,Zul'jin,384,priest,discipline,15,5,10
Swp,Sargeras,96,priest,discipline,6,1,5
Dillydackx,Sargeras,138,priest,discipline,9,3,6
Kwõnc,Tichondrius,192,priest,discipline,6,2,4
Lastbubble,Area 52,480,priest,discipline,12,5,7
Cheez,Tichondrius,0,priest,discipline,6,0,6
Drkwispers,Stormrage,192,priest,discipline,6,2,4
Fatzoid,The Forgotten Coast,384,priest,discipline,18,4,14
Locjawbe,Area 52,192,priest,discipline,24,2,22
Ashidox,Proudmoore,288,priest,discipline,6,3,3
Cykle,Blackrock,0,priest,discipline,1,0,1
Strokkerx,Azralon,480,priest,discipline,14,5,9
Megamind,Elune,0,priest,discipline,7,0,7
Everblack,Executus,96,priest,discipline,6,1,5
Keepsleepin,Stormrage,576,priest,discipline,18,6,12
Nizr,Bleeding Hollow,288,priest,discipline,6,3,3
Shadeven,Nagrand,96,priest,discipline,6,1,5
Blackoss,Sargeras,672,priest,discipline,12,7,5
Chicoryx,Illidan,576,priest,discipline,12,6,6
Avraf,Sargeras,576,priest,discipline,12,6,6
Aeøns,Sargeras,96,priest,discipline,6,1,5
Ripchadman,Tichondrius,96,priest,discipline,6,1,5
Empyreanlite,Dalaran,288,priest,discipline,6,3,3
Azrothlol,Kul Tiras,159,priest,discipline,5,2,3
Byungsik,Terenas,0,priest,discipline,6,0,6
Hevnlyst,Proudmoore,0,priest,discipline,6,0,6
Mindgamez,Stormreaver,575,priest,discipline,18,6,12
Fancycorpse,Tichondrius,480,priest,discipline,12,5,7
Lëønë,Nemesis,0,priest,discipline,6,0,6
Cruxave,Aegwynn,201,priest,discipline,14,4,10
Spriest,Kul Tiras,766,priest,discipline,18,8,10
Theophobe,Illidan,138,priest,discipline,19,5,14
Benjamints,Thrall,192,priest,discipline,6,2,4
Dylirium,Dath'Remar,288,priest,discipline,6,3,3
Sanaconda,Sargeras,479,priest,discipline,7,5,2
Dioecesis,Moon Guard,384,priest,discipline,6,4,2
Onemission,Whisperwind,192,priest,discipline,6,2,4
Tylexus,Tichondrius,0,priest,discipline,3,0,3
Hycinamun,Mal'Ganis,223,priest,discipline,8,3,5
Papadarkness,Tichondrius,574,priest,discipline,24,6,18
Deathrina,Moon Guard,384,priest,discipline,6,4,2
Illooj,Eonar,0,priest,discipline,3,0,3
Patchyemoly,Frostmourne,192,priest,discipline,8,2,6
Ftheman,Tichondrius,192,priest,discipline,6,2,4
Xeras,Ravencrest,670,priest,discipline,18,7,11
Kagura,Dunemaul,256,priest,discipline,22,3,19
Minamy,Tichondrius,96,priest,discipline,6,1,5
Alaskaa,Moon Guard,0,priest,discipline,6,0,6
Djriest,Sargeras,96,priest,discipline,6,1,5
Brownsnooter,Sargeras,384,priest,discipline,6,4,2
Helorren,Nagrand,192,priest,discipline,6,2,4
Nickydamous,Moon Guard,1843,priest,discipline,66,31,35
Bigweebo,Sargeras,1812,priest,discipline,81,52,29
Playsoon,Shattered Hand,1574,priest,discipline,84,44,40
Seyr,Bleeding Hollow,1532,priest,discipline,185,104,81
Approved,Moon Guard,1483,priest,discipline,221,106,115
Cheechee,Executus,960,priest,discipline,18,10,8
Müsic,Stormrage,1331,priest,discipline,24,14,10
Alarisa,Cho'gall,767,priest,discipline,12,8,4
Fatherdan,Blackrock,767,priest,discipline,24,8,16
Pokebox,Frostmourne,735,priest,discipline,16,8,8
Pðpë,Area 52,718,priest,discipline,11,8,3
Dráugr,Ragnaros,672,priest,discipline,12,7,5
Wöödy,Area 52,1211,priest,discipline,57,27,30
Nosgoróth,Quel'Thalas,509,priest,discipline,25,11,14
Travakel,Proudmoore,671,priest,discipline,12,7,5
Debigheal,Stormrage,671,priest,discipline,12,7,5
Gabryanna,Emerald Dream,760,priest,discipline,24,8,16
Eldoras,Zul'jin,766,priest,discipline,12,8,4
Slobmygnob,Illidan,671,priest,discipline,18,7,11
Xiaochenchen,Tichondrius,576,priest,discipline,12,6,6
Kawasakix,Tichondrius,576,priest,discipline,12,6,6
Prostrat,Deathwing,576,priest,discipline,12,6,6
Fatherjohnny,Azuremyst,576,priest,discipline,12,6,6
Wøah,Stormrage,576,priest,discipline,12,6,6
Synaptikk,Proudmoore,576,priest,discipline,18,6,12
Sandelios,Aggramar,576,priest,discipline,18,6,12
Drupith,Dalaran,672,priest,discipline,30,7,23
Silveri,Thrall,575,priest,discipline,12,6,6
Biltpeter,Tichondrius,575,priest,discipline,15,6,9
Reilean,Sargeras,573,priest,discipline,12,6,6
Ságrádá,Area 52,573,priest,discipline,12,6,6
Prebruisz,Baelgun,573,priest,discipline,12,6,6
Cravex,Stormrage,764,priest,discipline,41,18,23
Subvert,Zul'jin,330,priest,discipline,7,5,2
Wagonss,Stormrage,0,priest,discipline,25,7,18
Jerserra,Emerald Dream,766,priest,discipline,12,8,4
Sixnoh,Moonrunner,480,priest,discipline,6,5,1
Jarzo,Thunderhorn,576,priest,discipline,18,6,12
Nursébeardy,Whisperwind,765,priest,discipline,18,8,10
Takedisdisc,Tichondrius,330,priest,discipline,17,6,11
Shôta,Kel'Thuzad,480,priest,discipline,12,5,7
Vérse,Stormrage,480,priest,discipline,12,5,7
Äpriest,Sargeras,767,priest,discipline,18,8,10
Giraffebaitt,Zul'jin,480,priest,discipline,12,5,7
Rofrofmu,Aegwynn,480,priest,discipline,12,5,7
Raslin,Bonechewer,480,priest,discipline,12,5,7
Sabela,Moon Guard,480,priest,discipline,12,5,7
Bebe,Fizzcrank,480,priest,discipline,18,5,13
Cheuksin,Korgath,759,priest,discipline,12,8,4
Sevioletté,Wyrmrest Accord,479,priest,discipline,6,5,1
Techninë,Cho'gall,479,priest,discipline,12,5,7
Lotzofhealz,Wyrmrest Accord,476,priest,discipline,12,5,7
Priêsty,Stormrage,84,priest,discipline,14,5,9
Chü,Dalaran,384,priest,discipline,6,4,2
Mitras,Moon Guard,670,priest,discipline,12,7,5
Babygsuss,Tichondrius,384,priest,discipline,6,4,2
Ruems,Area 52,384,priest,discipline,6,4,2
Blzy,Area 52,384,priest,discipline,6,4,2
Lithelin,Frostmourne,384,priest,discipline,6,4,2
Gardiancloun,Sargeras,384,priest,discipline,6,4,2
Barclan,Destromath,384,priest,discipline,12,4,8
Vyvivienx,Tichondrius,384,priest,discipline,12,4,8
Adofthealer,Illidan,671,priest,discipline,18,7,11
Gloomyspp,Illidan,234,priest,discipline,14,4,10
Wìd,Khaz'goroth,384,priest,discipline,12,4,8
Lankyschlong,Frostmourne,384,priest,discipline,12,4,8
Polythis,Kel'Thuzad,384,priest,discipline,18,4,14
Fanaeth,Arathor,665,priest,discipline,15,8,7
Discodork,Bleeding Hollow,383,priest,discipline,6,4,2
Itchybubble,Emerald Dream,763,priest,discipline,12,8,4
Sybal,Suramar,383,priest,discipline,12,4,8
Primela,Sargeras,381,priest,discipline,12,4,8
Proftimothy,Tichondrius,432,priest,discipline,15,6,9
Buc,Barthilas,288,priest,discipline,6,3,3
Wiseguise,Illidan,288,priest,discipline,6,3,3
Danceofpales,Bleeding Hollow,384,priest,discipline,12,4,8
Pumpkinpino,Stormrage,288,priest,discipline,6,3,3
Treri,Bleeding Hollow,576,priest,discipline,12,6,6
Healyhaney,Stormrage,288,priest,discipline,6,3,3
Bestworldxz,Illidan,288,priest,discipline,6,3,3
Dgpriest,Tichondrius,576,priest,discipline,18,6,12
Spiritbear,Thrall,575,priest,discipline,12,6,6
Vanzera,Thrall,480,priest,discipline,12,5,7
Rotnn,Thrall,574,priest,discipline,12,6,6
Lostnthought,Aggramar,288,priest,discipline,6,3,3
Daryldeath,Tichondrius,384,priest,discipline,12,4,8
Aia,Frostwolf,288,priest,discipline,6,3,3
Aspéct,Aegwynn,288,priest,discipline,6,3,3
Killduran,Hellscream,288,priest,discipline,6,3,3
Tmall,Tichondrius,672,priest,discipline,12,7,5
Bessias,Area 52,288,priest,discipline,12,3,9
Poøpoopeepee,Tichondrius,607,priest,discipline,11,7,4
Wïgjaw,Tichondrius,1419,priest,discipline,60,25,35
Pollyphia,Kil'jaeden,765,priest,discipline,12,8,4
Heratic,Mal'Ganis,288,priest,discipline,6,3,3
Kawesha,Emerald Dream,764,priest,discipline,12,8,4
Sandreth,Bonechewer,288,priest,discipline,6,3,3
Alladys,Shattered Hand,288,priest,discipline,6,3,3
Zuuji,Frostmourne,288,priest,discipline,6,3,3
Khaospriest,Proudmoore,288,priest,discipline,6,3,3
Stankychimpo,Mal'Ganis,576,priest,discipline,12,6,6
Bigpoppapwn,Darkspear,288,priest,discipline,6,3,3
Midget,Darkspear,479,priest,discipline,12,5,7
Swinee,Tichondrius,288,priest,discipline,6,3,3
Kaldoon,Azjol-Nerub,288,priest,discipline,6,3,3
Aaxahfon,Moon Guard,288,priest,discipline,12,3,9
Phillyrivers,Area 52,288,priest,discipline,12,3,9
Krewtoo,Illidan,288,priest,discipline,12,3,9
Xalatath,Stormrage,671,priest,discipline,18,7,11
Doomageddon,Thorium Brotherhood,288,priest,discipline,12,3,9
Pïque,Proudmoore,672,priest,discipline,24,7,17
Skimpdubs,Bleeding Hollow,288,priest,discipline,12,3,9
Muriaticacid,Tichondrius,288,priest,discipline,12,3,9
Pravant,Illidan,288,priest,discipline,18,3,15
Chirho,Mal'Ganis,288,priest,discipline,18,3,15
Imgold,Emerald Dream,287,priest,discipline,6,3,3
Kataró,Tichondrius,286,priest,discipline,12,3,9
Prèèst,Proudmoore,255,priest,discipline,11,3,8
Frenchfries,Sargeras,431,priest,discipline,11,5,6
Canô,Quel'Thalas,239,priest,discipline,5,3,2
Reâpêr,Kel'Thuzad,489,priest,discipline,19,7,12
Notthebappo,Mal'Ganis,192,priest,discipline,11,4,7
Davedawg,Emerald Dream,192,priest,discipline,6,2,4
Issaley,Tichondrius,192,priest,discipline,6,2,4
Thangthangin,Icecrown,192,priest,discipline,6,2,4
Meaning,Tichondrius,192,priest,discipline,6,2,4
Phatheals,Norgannon,192,priest,discipline,6,2,4
Halloweenx,Area 52,192,priest,discipline,6,2,4
Heartsblood,Whisperwind,192,priest,discipline,6,2,4
Jaq,Altar of Storms,192,priest,discipline,6,2,4
Keygodx,Illidan,384,priest,discipline,12,4,8
Discogs,Frostmourne,735,priest,discipline,16,9,7
Mhanaburn,Ner'zhul,192,priest,discipline,6,2,4
Tulip,Frostmourne,192,priest,discipline,6,2,4
Holytipz,Stormrage,192,priest,discipline,6,2,4
Googus,Bleeding Hollow,288,priest,discipline,12,3,9
Dxs,Hydraxis,672,priest,discipline,18,7,11
Skellieman,Malorne,192,priest,discipline,6,2,4
Çherished,Stormrage,192,priest,discipline,6,2,4
Bmox,Borean Tundra,192,priest,discipline,6,2,4
Krevs,Proudmoore,192,priest,discipline,6,2,4
Gwenholy,Hakkar,192,priest,discipline,6,2,4
Irixus,Zul'jin,192,priest,discipline,6,2,4
Rickmason,Frostmane,672,priest,discipline,12,7,5
Ularim,Tichondrius,192,priest,discipline,12,2,10
Toguol,Stormrage,192,priest,discipline,12,2,10
Canyounaut,Kel'Thuzad,192,priest,discipline,12,2,10
Meatbaoo,Tichondrius,192,priest,discipline,12,2,10
Fearward,Silvermoon,192,priest,discipline,12,2,10
Mesiausx,Stormrage,468,priest,discipline,24,9,15
Dangerhealz,Frostmourne,128,priest,discipline,4,2,2
Deckx,Khaz'goroth,384,priest,discipline,12,6,6
Juvell,Illidan,480,priest,discipline,21,6,15
Standback,Wyrmrest Accord,96,priest,discipline,3,2,1
Púrg,Frostmourne,96,priest,discipline,6,1,5
Kunof,Ragnaros,96,priest,discipline,6,1,5
Kireepilef,Ragnaros,96,priest,discipline,12,1,11
Baerybonds,Kil'jaeden,96,priest,discipline,6,1,5
Halfcab,Runetotem,96,priest,discipline,6,1,5
Gódriç,Emerald Dream,96,priest,discipline,6,1,5
Religions,Wyrmrest Accord,96,priest,discipline,6,1,5
Lifejuice,Tichondrius,575,priest,discipline,24,6,18
Shwayp,Zul'jin,576,priest,discipline,12,6,6
Ugamie,Proudmoore,431,priest,discipline,15,5,10
Imhotap,Illidan,668,priest,discipline,18,7,11
Thh,Emerald Dream,96,priest,discipline,6,1,5
Nekkz,Sargeras,96,priest,discipline,6,1,5
Hionlife,Tichondrius,96,priest,discipline,6,1,5
Clárke,Tichondrius,96,priest,discipline,6,1,5
Wilcarfegus,Draka,96,priest,discipline,6,1,5
Blosinrosin,Lightbringer,96,priest,discipline,6,1,5
Shåde,Skullcrusher,667,priest,discipline,18,7,11
Barelylegalx,Tichondrius,96,priest,discipline,6,1,5
Prayforhealz,Tichondrius,96,priest,discipline,6,1,5
Kryoff,Illidan,96,priest,discipline,6,1,5
Throwshade,Moon Guard,96,priest,discipline,6,1,5
Vandi,Moon Guard,288,priest,discipline,12,3,9
Senbonzaküra,Azralon,0,priest,discipline,10,1,9
Ivermectin,Eredar,96,priest,discipline,6,1,5
Tichealstwo,Tichondrius,192,priest,discipline,12,2,10
Spspsp,Illidan,288,priest,discipline,12,3,9
Billyscousin,Cho'gall,96,priest,discipline,6,1,5
Vetisrx,Thrall,480,priest,discipline,18,5,13
Ssmushi,Tichondrius,96,priest,discipline,12,1,11
Erinyn,Area 52,96,priest,discipline,12,1,11
Ergoproxy,Barthilas,192,priest,discipline,18,2,16
Sifts,Proudmoore,480,priest,discipline,18,5,13
Sáito,Area 52,79,priest,discipline,5,1,4
Wyldpiece,Frostmourne,617,priest,discipline,25,9,16
Inflate,Frostmourne,480,priest,discipline,12,5,7
Numinous,Wyrmrest Accord,480,priest,discipline,12,5,7
Saphet,Drak'Tharon,766,priest,discipline,18,8,10
Invain,Executus,192,priest,discipline,6,2,4
Fantasía,Moon Guard,96,priest,discipline,6,1,5
Sempiternus,Barthilas,480,priest,discipline,12,5,7
Shadowyeti,Illidan,335,priest,discipline,11,4,7
Wobbleskank,Tichondrius,287,priest,discipline,6,3,3
Nutdrip,Tichondrius,288,priest,discipline,6,3,3
Remedio,Emerald Dream,0,priest,discipline,3,0,3
Àústîn,Moon Guard,288,priest,discipline,6,3,3
Sársaukis,Illidan,0,priest,discipline,6,0,6
Lyriczx,Kel'Thuzad,767,priest,discipline,18,8,10
Floofball,Medivh,96,priest,discipline,6,1,5
Ruzhi,Moon Guard,0,priest,discipline,1,0,1
Wetleaftx,Cho'gall,192,priest,discipline,6,2,4
Yuricksus,Mal'Ganis,669,priest,discipline,24,7,17
Mòrbídìtý,Area 52,479,priest,discipline,12,5,7
Ayzen,Emerald Dream,511,priest,discipline,20,6,14
Plushys,Emerald Dream,288,priest,discipline,6,3,3
Alucardibee,Turalyon,288,priest,discipline,6,3,3
Akuvurá,Nemesis,0,priest,discipline,6,0,6
Seniorpickle,Emerald Dream,575,priest,discipline,12,6,6
Xuxu,Frostmourne,731,priest,discipline,22,8,14
ßoy,Aman'Thul,0,priest,discipline,2,0,2
Dumpesitwo,Frostmourne,192,priest,discipline,12,2,10
Îcecube,Sargeras,288,priest,discipline,6,3,3
Jojoxxz,Illidan,0,priest,discipline,18,3,15
Bumbleedot,Azralon,480,priest,discipline,12,5,7
Murkqz,Azralon,192,priest,discipline,6,2,4
Cryptoccocus,Zul'jin,672,priest,discipline,18,7,11
Optimism,Frostmane,767,priest,discipline,12,8,4
Deadcode,Frostmane,0,priest,discipline,3,0,3
Shadowjisha,Emerald Dream,480,priest,discipline,12,5,7
Priestthingz,Area 52,192,priest,discipline,12,2,10
Teccalil,Tichondrius,192,priest,discipline,6,2,4
Vyndictus,Shattered Hand,0,priest,discipline,3,2,1
Cutiepriest,Gnomeregan,96,priest,discipline,6,1,5
Akainuu,Nazjatar,192,priest,discipline,12,2,10
Noobepriest,Thrall,767,priest,discipline,18,8,10
Nwok,Frostmourne,288,priest,discipline,12,3,9
Pevis,Thrall,0,priest,discipline,3,0,3
Fayth,Maiev,191,priest,discipline,6,2,4
Meowforheals,Sargeras,288,priest,discipline,12,3,9
Vìxèn,Zul'jin,288,priest,discipline,6,3,3
Yumä,Kil'jaeden,239,priest,discipline,5,3,2
Faedre,Smolderthorn,192,priest,discipline,6,2,4
Frostslime,Area 52,848,priest,discipline,24,9,15
Shinemyhead,Stormrage,767,priest,discipline,12,8,4
Rainny,Proudmoore,767,priest,discipline,12,8,4
Dorós,Coilfang,766,priest,discipline,12,8,4
Abzorbed,Stormrage,766,priest,discipline,12,8,4
Whitepi,Tichondrius,751,priest,discipline,21,9,12
Kymomeh,Sargeras,672,priest,discipline,12,7,5
Aeyde,Proudmoore,672,priest,discipline,12,7,5
Clevelandboy,Blackrock,672,priest,discipline,12,7,5
Omsi,Emerald Dream,672,priest,discipline,12,7,5
Dawgshiz,Tichondrius,1575,priest,discipline,64,31,33
Aryeinna,Illidan,672,priest,discipline,18,7,11
Beocca,Ner'zhul,671,priest,discipline,12,7,5
Trinidy,Illidan,671,priest,discipline,12,7,5
Neep,Turalyon,576,priest,discipline,12,6,6
Decades,Moon Guard,576,priest,discipline,12,6,6
Imfresh,Illidan,672,priest,discipline,18,7,11
Inukimi,Sargeras,576,priest,discipline,12,6,6
Padrë,Tichondrius,576,priest,discipline,12,6,6
Seléne,Tichondrius,576,priest,discipline,12,6,6
Celypriest,Moon Guard,576,priest,discipline,12,6,6
Saelomism,Frostmourne,576,priest,discipline,12,6,6
Slthrysnake,Area 52,576,priest,discipline,18,6,12
Jiedx,Tichondrius,576,priest,discipline,18,6,12
Dots,Tichondrius,576,priest,discipline,18,6,12
Cûrry,Bleeding Hollow,576,priest,discipline,24,6,18
Nachòs,Wildhammer,667,priest,discipline,12,7,5
Moarhaste,Kel'Thuzad,575,priest,discipline,12,6,6
Uncensøred,Tichondrius,575,priest,discipline,12,6,6
Antipreist,Bonechewer,567,priest,discipline,12,6,6
Justfaith,Barthilas,558,priest,discipline,17,6,11
Itxo,Quel'Thalas,723,priest,discipline,16,9,7
Aetonyx,Anvilmar,480,priest,discipline,6,5,1
Eneldz,Quel'Thalas,672,priest,discipline,12,7,5
Phantømz,Zul'jin,480,priest,discipline,6,5,1
Danawhitex,Thrall,480,priest,discipline,6,5,1
Uncletouchy,Illidan,480,priest,discipline,6,5,1
Nawtyforever,Tichondrius,480,priest,discipline,6,5,1
Kiloe,Tichondrius,672,priest,discipline,12,7,5
Dzikuss,Aegwynn,480,priest,discipline,6,5,1
Bulleitrye,Emerald Dream,480,priest,discipline,6,5,1
Deeply,Tichondrius,480,priest,discipline,12,5,7
Jackymv,Kel'Thuzad,480,priest,discipline,12,5,7
Xpenance,Ragnaros,576,priest,discipline,18,6,12
Vyrah,Area 52,480,priest,discipline,12,5,7
Canswersp,Sargeras,480,priest,discipline,18,5,13
Providennce,Tichondrius,767,priest,discipline,24,8,16
Alpacasama,Illidan,575,priest,discipline,18,6,12
Kark,Tichondrius,480,priest,discipline,18,5,13
Klerick,Kil'jaeden,575,priest,discipline,24,6,18
Pasher,Sargeras,480,priest,discipline,18,5,13
Krisdavra,Thrall,479,priest,discipline,6,5,1
Ibuyfeetpics,Tichondrius,479,priest,discipline,12,5,7
Krynoobz,Sen'jin,479,priest,discipline,12,5,7
Agrotothemax,Tichondrius,432,priest,discipline,15,5,10
Fxxkdamn,Tichondrius,432,priest,discipline,21,6,15
Altari,Whisperwind,671,priest,discipline,12,7,5
Leebow,Tichondrius,384,priest,discipline,6,4,2
Ritalyn,Korgath,672,priest,discipline,12,7,5
Kàobeini,Tichondrius,384,priest,discipline,6,4,2
Pridesp,Tichondrius,639,priest,discipline,14,8,6
Fadedyourgo,Tichondrius,384,priest,discipline,6,4,2
Ðyluxx,Blackwater Raiders,384,priest,discipline,6,4,2
Potatopriest,Frostmourne,543,priest,discipline,11,6,5
Tristanp,Frostmourne,384,priest,discipline,6,4,2
Onipapae,Frostmourne,672,priest,discipline,12,7,5
Madskills,Shadow Council,670,priest,discipline,12,7,5
Monkeyp,Barthilas,384,priest,discipline,6,4,2
Jixxersp,Mal'Ganis,384,priest,discipline,6,4,2
Sevros,Moon Guard,672,priest,discipline,12,7,5
Ranksix,Area 52,384,priest,discipline,12,4,8
Exisa,Stormrage,384,priest,discipline,12,4,8
Gooseundead,Tichondrius,384,priest,discipline,12,4,8
Skydemons,Mal'Ganis,384,priest,discipline,12,4,8
Billiard,Stormrage,384,priest,discipline,12,4,8
Disçxrespeçt,Cairne,384,priest,discipline,18,4,14
Nocturnimal,Grizzly Hills,382,priest,discipline,12,4,8
Llaarrkkss,Tichondrius,351,priest,discipline,11,4,7
Manachai,The Forgotten Coast,319,priest,discipline,14,4,10
Kiazma,Zul'jin,288,priest,discipline,6,3,3
Panikâ,Thrall,576,priest,discipline,12,6,6
Fackinheals,Kel'Thuzad,288,priest,discipline,6,3,3
Relianth,Stormrage,288,priest,discipline,6,3,3
Drrunk,Bleeding Hollow,288,priest,discipline,6,3,3
Animityz,Illidan,288,priest,discipline,6,3,3
Eiricka,Kel'Thuzad,288,priest,discipline,6,3,3
Barackhobama,Mal'Ganis,288,priest,discipline,6,3,3
Dìngobaby,Stormrage,575,priest,discipline,18,6,12
Dumbthott,Illidan,288,priest,discipline,6,3,3
Kynnen,Mannoroth,766,priest,discipline,12,8,4
Liminality,Illidan,288,priest,discipline,6,3,3
Humps,Sargeras,288,priest,discipline,6,3,3
Umbramortìs,Tichondrius,575,priest,discipline,12,6,6
Diamondz,Emerald Dream,288,priest,discipline,6,3,3
Kefkå,Sargeras,336,priest,discipline,9,4,5
Popeofhope,Quel'dorei,288,priest,discipline,6,3,3
Illiteratex,Sargeras,288,priest,discipline,6,3,3
Illegalkill,Tichondrius,288,priest,discipline,6,3,3
Sasagui,Bloodscalp,288,priest,discipline,6,3,3
Hellokuti,Silvermoon,288,priest,discipline,6,3,3
Piusxll,Tichondrius,767,priest,discipline,12,8,4
Starp,Tichondrius,576,priest,discipline,18,6,12
Dredre,Aggramar,480,priest,discipline,12,5,7
Whackagnome,Kel'Thuzad,288,priest,discipline,9,4,5
Twohpriest,Aerie Peak,288,priest,discipline,12,3,9
Phantøms,Zul'jin,288,priest,discipline,12,3,9
Bewbeez,Fizzcrank,288,priest,discipline,12,3,9
Zemms,Tichondrius,288,priest,discipline,12,3,9
Jahratu,Tichondrius,480,priest,discipline,18,5,13
Snupyfangirl,Area 52,576,priest,discipline,18,6,12
Ezpríest,Kel'Thuzad,623,priest,discipline,11,7,4
Pasquell,Emerald Dream,629,priest,discipline,19,11,8
Onahaihu,Tichondrius,521,priest,discipline,20,7,13
Linaelinatia,Area 52,192,priest,discipline,6,2,4
Upsahl,Area 52,672,priest,discipline,18,7,11
Riztwo,Moon Guard,192,priest,discipline,6,2,4
Baldy,Arthas,576,priest,discipline,18,6,12
Zereht,Ragnaros,192,priest,discipline,6,2,4
Wiccano,Stormrage,192,priest,discipline,6,2,4
Qtpriestx,Tichondrius,384,priest,discipline,12,4,8
Járngreipr,Ner'zhul,288,priest,discipline,12,3,9
Corpsen,Frostmourne,480,priest,discipline,12,5,7
Mindfak,Bleeding Hollow,672,priest,discipline,24,7,17
Vikingkøng,Ragnaros,384,priest,discipline,18,4,14
Snowlily,Illidan,192,priest,discipline,6,2,4
Castholy,Nordrassil,480,priest,discipline,12,5,7
Xìdís,Vashj,288,priest,discipline,12,3,9
Hotdice,Bleeding Hollow,766,priest,discipline,18,8,10
Bubblewrap,Wyrmrest Accord,192,priest,discipline,6,2,4
Krossvoid,Thrall,575,priest,discipline,12,6,6
Insomnya,Sargeras,480,priest,discipline,18,5,13
Xeroxlivee,Tichondrius,192,priest,discipline,6,2,4
Lightski,Thunderlord,192,priest,discipline,7,2,5
Kuazi,Frostmourne,745,priest,discipline,29,8,21
Jordiest,Dalaran,192,priest,discipline,12,2,10
Majiinbuu,Maelstrom,192,priest,discipline,12,2,10
Baldpate,Tichondrius,575,priest,discipline,24,6,18
Rewena,Silver Hand,192,priest,discipline,12,2,10
Myobi,Tichondrius,381,priest,discipline,12,4,8
Charlie,Azshara,665,priest,discipline,12,7,5
Yuhstin,Sargeras,159,priest,discipline,8,3,5
Tylennin,Hyjal,138,priest,discipline,13,4,9
Elevatez,Stormrage,608,priest,discipline,10,7,3
Allaurah,Thrall,96,priest,discipline,3,2,1
Orethon,Thrall,96,priest,discipline,6,1,5
Trupriest,Alleria,96,priest,discipline,6,1,5
Tooflyy,Sargeras,96,priest,discipline,6,1,5
Annoka,Sargeras,575,priest,discipline,23,8,15
Pastortee,Sargeras,234,priest,discipline,14,4,10
Canklez,Stormscale,384,priest,discipline,12,4,8
Terripriest,Sargeras,96,priest,discipline,6,1,5
Hordehealin,Laughing Skull,96,priest,discipline,6,1,5
Hokon,Tortheldrin,288,priest,discipline,12,3,9
Saltedaddy,Tichondrius,96,priest,discipline,6,1,5
Siobhin,Wyrmrest Accord,335,priest,discipline,11,4,7
Aneresxo,Illidan,96,priest,discipline,6,1,5
Jaseyrae,Emerald Dream,96,priest,discipline,6,1,5
Doobzy,Proudmoore,96,priest,discipline,12,1,11
Trixor,Area 52,96,priest,discipline,6,1,5
Mïsstres,Area 52,96,priest,discipline,6,1,5
Capixaba,Stormrage,762,priest,discipline,30,8,22
Holddacheese,Area 52,96,priest,discipline,6,1,5
Mêatpuppet,Kil'jaeden,96,priest,discipline,6,1,5
Mannybtuggin,Kel'Thuzad,384,priest,discipline,12,4,8
Spêc,Frostmourne,96,priest,discipline,6,1,5
Escence,Jubei'Thos,96,priest,discipline,6,1,5
Virydian,Stormrage,288,priest,discipline,12,3,9
Kimmie,Kel'Thuzad,192,priest,discipline,12,2,10
Gusgp,Tichondrius,96,priest,discipline,12,1,11
Sevenlions,Stormrage,480,priest,discipline,18,5,13
Oldmanlou,Spirestone,63,priest,discipline,14,2,12
Küno,Kel'Thuzad,42,priest,discipline,10,2,8
Keepitlegal,Sargeras,192,priest,discipline,6,2,4
Ghostz,Alleria,384,priest,discipline,6,4,2
Nevermôre,Area 52,0,priest,discipline,6,0,6
Grianné,Mannoroth,335,priest,discipline,9,4,5
Kumojorno,Gilneas,192,priest,discipline,12,2,10
Popejack,Stormrage,192,priest,discipline,6,2,4
Caeda,Icecrown,671,priest,discipline,24,7,17
Ahleven,Tichondrius,576,priest,discipline,12,6,6
Feminizm,Tichondrius,384,priest,discipline,6,4,2
Cheach,Echo Isles,288,priest,discipline,6,3,3
Sandrö,Sargeras,0,priest,discipline,2,0,2
Bubbleguppyx,Tichondrius,672,priest,discipline,12,7,5
Worldhealer,Area 52,749,priest,discipline,18,8,10
Dekomori,Quel'Thalas,0,priest,discipline,6,0,6
Stonemonkeyp,Sargeras,384,priest,discipline,12,4,8
Rolence,Tichondrius,0,priest,discipline,6,0,6
Packet,Zuluhed,640,priest,discipline,10,8,2
Lilyanná,Tichondrius,765,priest,discipline,18,8,10
Prayzar,Illidan,192,priest,discipline,6,2,4
Bigmommyxo,Whisperwind,192,priest,discipline,6,2,4
Jüdaspriest,Gorefiend,288,priest,discipline,6,3,3
Îcarus,Tichondrius,480,priest,discipline,6,5,1
Bootleg,Crushridge,0,priest,discipline,3,0,3
Chambler,Aegwynn,767,priest,discipline,12,8,4
Nodorme,Quel'Thalas,0,priest,discipline,3,0,3
Saenax,Area 52,192,priest,discipline,6,2,4
Jonhey,Tichondrius,192,priest,discipline,6,2,4
Dchi,Tichondrius,383,priest,discipline,12,4,8
Identìty,Moon Guard,521,priest,discipline,28,7,21
Bigvuqoffdam,Area 52,288,priest,discipline,6,3,3
Lasaldra,Quel'Thalas,0,priest,discipline,6,0,6
Bloodcure,Ysera,0,priest,discipline,6,0,6
Dederpriest,Stormrage,1333,priest,discipline,18,14,4
Maleklek,Azralon,863,priest,discipline,12,9,3
Cassiuss,Kel'Thuzad,767,priest,discipline,12,8,4
Mariels,Quel'Thalas,767,priest,discipline,12,8,4
Grotti,Ragnaros,767,priest,discipline,18,8,10
Hl,Dalaran,767,priest,discipline,24,8,16
Via,Cho'gall,766,priest,discipline,18,8,10
Flannigan,Vek'nilash,753,priest,discipline,12,8,4
Artirie,Darkspear,672,priest,discipline,12,7,5
Pavesarii,Proudmoore,672,priest,discipline,12,7,5
Nerfdisc,Elune,672,priest,discipline,12,7,5
Ninielly,Stormrage,672,priest,discipline,14,8,6
Babymieo,Illidan,672,priest,discipline,24,7,17
Skgangmm,Tichondrius,671,priest,discipline,12,7,5
Malansuo,Wyrmrest Accord,671,priest,discipline,30,7,23
Tassik,Dalaran,667,priest,discipline,18,7,11
Sezyks,Mal'Ganis,655,priest,discipline,17,7,10
Jimyo,Tichondrius,607,priest,discipline,15,7,8
Illmatíc,Mal'Ganis,576,priest,discipline,6,6,0
Kzo,Gnomeregan,576,priest,discipline,12,6,6
Bumps,Zul'jin,576,priest,discipline,12,6,6
Komicks,Tichondrius,576,priest,discipline,18,6,12
Forroc,Stormrage,575,priest,discipline,12,6,6
Pinaybebe,Kil'jaeden,575,priest,discipline,12,6,6
Swaptohealer,Misha,575,priest,discipline,12,6,6
Herzattacken,Mal'Ganis,575,priest,discipline,12,6,6
Kosiris,Stormrage,1222,priest,discipline,102,41,61
Enphý,Quel'Thalas,511,priest,discipline,11,6,5
Aquandrelea,Aegwynn,495,priest,discipline,7,6,1
Corov,Korgath,480,priest,discipline,6,5,1
Kardinalkeso,Frostmourne,480,priest,discipline,6,5,1
Djd,Frostmourne,480,priest,discipline,6,5,1
Cxmplex,Mal'Ganis,480,priest,discipline,6,5,1
Azngød,Tichondrius,480,priest,discipline,12,5,7
Discpriestxo,Mal'Ganis,672,priest,discipline,30,7,23
Georgepells,Barthilas,480,priest,discipline,24,5,19
Selea,Frostwolf,479,priest,discipline,12,5,7
Chadlyfe,Tichondrius,764,priest,discipline,18,8,10
Darkascended,Arthas,447,priest,discipline,14,6,8
Crueldotz,Illidan,384,priest,discipline,6,4,2
Hiphopanomis,Arthas,384,priest,discipline,6,4,2
Yunggawd,Illidan,703,priest,discipline,20,8,12
Zhanay,Ragnaros,617,priest,discipline,29,8,21
Crode,Bleeding Hollow,384,priest,discipline,6,4,2
Chemdawwg,Aerie Peak,384,priest,discipline,6,4,2
Uglydiego,Quel'Thalas,384,priest,discipline,6,4,2
Sigurdr,Muradin,384,priest,discipline,6,4,2
Ahnassi,Stormrage,576,priest,discipline,12,6,6
Papaheal,Runetotem,384,priest,discipline,6,4,2
Discotec,Stormrage,623,priest,discipline,11,7,4
Pprriieesst,Tichondrius,384,priest,discipline,6,4,2
Holynova,Ner'zhul,384,priest,discipline,12,4,8
Amys,Kargath,384,priest,discipline,12,4,8
Seyler,Barthilas,384,priest,discipline,12,4,8
Lucet,Aegwynn,384,priest,discipline,12,4,8
Needalung,Stormrage,383,priest,discipline,6,4,2
Coorslite,Proudmoore,383,priest,discipline,6,4,2
Anoxic,Kil'jaeden,383,priest,discipline,12,4,8
Maniacx,Stormrage,288,priest,discipline,6,3,3
Imagees,Stormscale,672,priest,discipline,18,7,11
Huckdaddy,Tichondrius,384,priest,discipline,12,4,8
Éxploït,Tichondrius,288,priest,discipline,6,3,3
Eddiethehead,Zul'jin,1338,priest,discipline,24,14,10
Ayoheals,Zul'jin,288,priest,discipline,6,3,3
Pwrwordthicc,Illidan,288,priest,discipline,6,3,3
Shadowform,Illidan,288,priest,discipline,6,3,3
Madalôn,Nemesis,288,priest,discipline,6,3,3
Ìdiot,Saurfang,384,priest,discipline,12,4,8
Boogiê,Illidan,288,priest,discipline,6,3,3
Mooray,Thrall,415,priest,discipline,14,5,9
Paradoxbot,Kel'Thuzad,288,priest,discipline,6,3,3
Catboynahj,Dalaran,138,priest,discipline,8,3,5
Atheistbtw,Sargeras,138,priest,discipline,24,5,19
Fitzop,Frostmourne,288,priest,discipline,12,3,9
Autogenic,Mal'Ganis,672,priest,discipline,24,7,17
Devili,Wyrmrest Accord,288,priest,discipline,12,3,9
Shattgreen,Mal'Ganis,288,priest,discipline,12,3,9
Dumplolz,Quel'Thalas,480,priest,discipline,18,5,13
Shadowdroid,Tichondrius,384,priest,discipline,18,4,14
Pohky,Area 52,239,priest,discipline,5,3,2
Brazen,Emerald Dream,480,priest,discipline,12,5,7
Jpandha,Azralon,479,priest,discipline,24,5,19
Ansgar,Eonar,664,priest,discipline,18,7,11
Ligthsoul,Ragnaros,192,priest,discipline,6,2,4
Disc,Haomarush,192,priest,discipline,6,2,4
Stilla,Kel'Thuzad,192,priest,discipline,6,2,4
Feelmydisc,Bonechewer,192,priest,discipline,6,2,4
Ubbzy,Illidan,192,priest,discipline,6,2,4
Mordaren,Arthas,192,priest,discipline,6,2,4
Kaldrbock,Sargeras,192,priest,discipline,6,2,4
Tamilu,Terenas,42,priest,discipline,10,2,8
Aelap,Mal'Ganis,192,priest,discipline,6,2,4
Djwienerbum,Darkspear,672,priest,discipline,12,7,5
Machiomora,Dunemaul,479,priest,discipline,12,5,7
Deadmoron,Illidan,192,priest,discipline,12,2,10
Häle,Bloodscalp,192,priest,discipline,12,2,10
Desiree,Emerald Dream,138,priest,discipline,13,4,9
Strepsis,Icecrown,128,priest,discipline,4,2,2
Fadinglol,Tichondrius,128,priest,discipline,4,2,2
Krathe,Azralon,128,priest,discipline,4,2,2
Shadp,Tichondrius,480,priest,discipline,15,6,9
Yogirabbit,Kil'jaeden,96,priest,discipline,6,1,5
Wreklol,Sargeras,480,priest,discipline,12,5,7
Shelleypin,Bleeding Hollow,96,priest,discipline,6,1,5
Vayr,Thrall,96,priest,discipline,6,1,5
Radiance,Aggramar,96,priest,discipline,6,1,5
Payforheals,Mal'Ganis,96,priest,discipline,6,1,5
Dáhealz,Tichondrius,384,priest,discipline,18,4,14
Tabzorbing,Illidan,96,priest,discipline,6,1,5
Bigpimpnz,Wildhammer,42,priest,discipline,14,3,11
Overcastedxo,Kel'Thuzad,0,priest,discipline,2,0,2
Shinyspriest,Tichondrius,576,priest,discipline,12,6,6
Etan,Thrall,192,priest,discipline,6,2,4
Faithplusone,Zul'jin,288,priest,discipline,6,3,3
Clayphace,Darkspear,0,priest,discipline,1,0,1
Goodvybz,Illidan,766,priest,discipline,14,8,6
Ôverweight,Sargeras,0,priest,discipline,4,0,4
Likelydapper,Tichondrius,384,priest,discipline,6,4,2
Khaibit,Stormrage,575,priest,discipline,12,6,6
Omnivoîd,Tichondrius,575,priest,discipline,24,6,18
Demoñ,Deathwing,192,priest,discipline,6,2,4
ßìrth,Kel'Thuzad,0,priest,discipline,5,1,4
Mockr,Kil'jaeden,672,priest,discipline,18,7,11
Aurilain,Mal'Ganis,192,priest,discipline,6,2,4
Jdcii,Tichondrius,672,priest,discipline,12,7,5
Gineska,Tichondrius,480,priest,discipline,10,6,4
Cultists,Tichondrius,0,priest,discipline,12,0,12
Toddo,Trollbane,255,priest,discipline,8,4,4
Manbooty,Illidan,672,priest,discipline,18,7,11
Iggyp,Hyjal,96,priest,discipline,6,1,5
Yujawang,Sargeras,480,priest,discipline,12,5,7
Halfsorrow,Tichondrius,192,priest,discipline,6,2,4
Mímì,Wyrmrest Accord,288,priest,discipline,6,3,3
Halfdeath,Sargeras,192,priest,discipline,6,2,4
ßugsy,Illidan,192,priest,discipline,6,2,4
Hòwen,Tichondrius,0,priest,discipline,6,0,6
Meibuff,Frostmourne,0,priest,discipline,6,0,6
Damokek,Tichondrius,192,priest,discipline,6,2,4
Yuritzi,Duskwood,0,priest,discipline,6,0,6
Context,Mannoroth,381,priest,discipline,12,4,8
Löstský,Azralon,96,priest,discipline,6,1,5
Excellency,Tichondrius,0,priest,discipline,2,0,2
Pinoculus,Illidan,96,priest,discipline,6,1,5
Prayboy,Aerie Peak,96,priest,discipline,12,1,11
Kastwalker,Earthen Ring,670,priest,discipline,12,7,5
Kavxo,Sargeras,1555,priest,discipline,239,119,120
Doritonails,Tichondrius,1434,priest,discipline,245,124,121
Shádowman,Thrall,1601,priest,discipline,167,84,83
Unholyhusky,Sargeras,1539,priest,discipline,60,38,22
Carcoz,Emerald Dream,1499,priest,discipline,140,70,70
Shaerel,Dalaran,766,priest,discipline,18,8,10
Invisapowa,Hyjal,766,priest,discipline,18,8,10
Sahray,Quel'Thalas,765,priest,discipline,18,8,10
Deadheadfred,Bonechewer,763,priest,discipline,18,8,10
Marejayne,Tichondrius,672,priest,discipline,12,7,5
Whataday,Tichondrius,672,priest,discipline,12,7,5
Brehzy,Zul'jin,672,priest,discipline,12,7,5
Tòodles,Stormrage,672,priest,discipline,12,7,5
Jenhawkinsx,Frostmourne,672,priest,discipline,12,7,5
Photicz,Thrall,672,priest,discipline,17,8,9
Dingledot,Sargeras,672,priest,discipline,18,7,11
Fatherleem,Tichondrius,671,priest,discipline,12,7,5
Danílo,Quel'Thalas,671,priest,discipline,12,7,5
Mortïmer,Alleria,670,priest,discipline,12,7,5
Fatherhands,Illidan,670,priest,discipline,12,7,5
Râku,Area 52,670,priest,discipline,18,7,11
Dimebahg,Mug'thol,576,priest,discipline,12,6,6
Johnnysyns,Frostmourne,576,priest,discipline,12,6,6
Raichu,Blackrock,576,priest,discipline,12,6,6
Keldrii,Sentinels,576,priest,discipline,12,6,6
Jopocket,Bleeding Hollow,576,priest,discipline,12,6,6
Photicz,Mal'Ganis,576,priest,discipline,12,6,6
Nethir,Moon Guard,576,priest,discipline,18,6,12
Johnio,Tichondrius,576,priest,discipline,12,6,6
Mediterranee,Tichondrius,426,priest,discipline,13,6,7
Fadedhalo,Magtheridon,576,priest,discipline,18,6,12
Gdrf,Sargeras,575,priest,discipline,12,6,6
Mikol,Eredar,574,priest,discipline,12,6,6
Grandraf,Dreadmaul,570,priest,discipline,12,6,6
Øçñæøæçñøñçæ,Sargeras,520,priest,discipline,12,7,5
Silverspöön,Bleeding Hollow,590,priest,discipline,19,7,12
Mercedés,Alleria,480,priest,discipline,6,5,1
Noite,Azralon,480,priest,discipline,6,5,1
Thugliffe,Frostmourne,480,priest,discipline,6,5,1
Clerkpriest,Dragonmaw,767,priest,discipline,12,8,4
Imwithham,Tichondrius,480,priest,discipline,10,6,4
Cw,Wildhammer,480,priest,discipline,12,5,7
Spîteful,Illidan,480,priest,discipline,12,5,7
Lourrdz,Tichondrius,480,priest,discipline,12,5,7
Shädyönë,Tichondrius,480,priest,discipline,12,5,7
Stambuff,Tichondrius,480,priest,discipline,12,5,7
Voidquil,Bonechewer,480,priest,discipline,12,5,7
Starzard,Kel'Thuzad,480,priest,discipline,12,5,7
Supernamp,Sargeras,480,priest,discipline,12,5,7
Mangshadoom,Silvermoon,330,priest,discipline,22,5,17
Levingurt,Darkspear,480,priest,discipline,18,5,13
Atheíst,Tichondrius,479,priest,discipline,12,5,7
Xenedart,Quel'Thalas,479,priest,discipline,12,5,7
Wort,Cairne,479,priest,discipline,18,5,13
Goodboyyoshi,Tichondrius,479,priest,discipline,15,5,10
Cxview,Sargeras,479,priest,discipline,18,5,13
Nefastó,Ragnaros,431,priest,discipline,12,6,6
Discshady,Tichondrius,416,priest,discipline,10,5,5
Esredarksun,Sargeras,412,priest,discipline,16,5,11
Dredgeflay,Thrall,384,priest,discipline,6,4,2
Rillding,Tichondrius,671,priest,discipline,18,7,11
Brácho,Ragnaros,384,priest,discipline,6,4,2
Rïshloo,Ragnaros,576,priest,discipline,12,6,6
Rmpenjoyerx,Area 52,384,priest,discipline,6,4,2
Flaytality,Shadowsong,384,priest,discipline,6,4,2
Tosbanned,Barthilas,384,priest,discipline,6,4,2
Balikina,Stormrage,521,priest,discipline,17,7,10
Pandaniaco,Drakkari,672,priest,discipline,12,7,5
Kwazshell,Area 52,384,priest,discipline,7,4,3
Eilana,Tichondrius,384,priest,discipline,12,4,8
Valzzdor,Zul'jin,384,priest,discipline,12,4,8
Suzono,Hyjal,384,priest,discipline,12,4,8
Zaylahh,Blackrock,384,priest,discipline,12,4,8
Touchèr,Sargeras,480,priest,discipline,18,5,13
Nokhoron,Eldre'Thalas,384,priest,discipline,12,4,8
Pearlwing,Area 52,384,priest,discipline,12,4,8
Ludens,Bleeding Hollow,480,priest,discipline,18,5,13
Stilgeist,Proudmoore,384,priest,discipline,12,4,8
Laqqet,Sargeras,384,priest,discipline,12,4,8
Biop,Burning Blade,576,priest,discipline,18,6,12
Heilige,Uldum,384,priest,discipline,30,4,26
Mangaloochi,Aman'Thul,383,priest,discipline,12,4,8
Fathergrey,Emerald Dream,571,priest,discipline,24,6,18
Nikasaur,Azgalor,667,priest,discipline,18,7,11
Mesuki,Mal'Ganis,672,priest,discipline,12,7,5
Fure,Mannoroth,670,priest,discipline,18,7,11
Laneska,Stormrage,288,priest,discipline,18,3,15
Merylstreepz,Illidan,288,priest,discipline,6,3,3
Quefase,Proudmoore,288,priest,discipline,6,3,3
Skyfury,Darkspear,288,priest,discipline,6,3,3
Sölei,Tichondrius,704,priest,discipline,22,8,14
Mongatzuya,Illidan,288,priest,discipline,6,3,3
Hopenä,Dragonmaw,480,priest,discipline,12,5,7
Wakandafev,Frostmourne,288,priest,discipline,6,3,3
Puritykitty,Zul'jin,576,priest,discipline,12,6,6
Awesomeguyx,Tichondrius,384,priest,discipline,12,4,8
Burgersl,Illidan,672,priest,discipline,12,7,5
Nazgúl,Lothar,576,priest,discipline,12,6,6
Swollenarms,Kil'jaeden,288,priest,discipline,6,3,3
Asleep,Sargeras,576,priest,discipline,12,6,6
Roseriela,Moon Guard,288,priest,discipline,6,3,3
Ichheilen,Thrall,288,priest,discipline,6,3,3
Deezdotz,Alterac Mountains,479,priest,discipline,12,5,7
Shelfedelf,Gurubashi,480,priest,discipline,12,5,7
Callèèn,Stormrage,288,priest,discipline,6,3,3
Crazyfinley,Dalaran,384,priest,discipline,12,4,8
Ìhatermp,Tichondrius,288,priest,discipline,6,3,3
Bubblejunkie,Lethon,288,priest,discipline,9,4,5
Zodiá,Dentarg,288,priest,discipline,14,4,10
Toppers,Bladefist,288,priest,discipline,12,3,9
Lavéy,Ragnaros,288,priest,discipline,12,3,9
Willica,Stormrage,479,priest,discipline,18,5,13
Asmitä,Stormrage,479,priest,discipline,24,5,19
Km,Zul'jin,288,priest,discipline,12,3,9
Ophindrip,Zul'jin,288,priest,discipline,12,3,9
Celticó,Quel'Thalas,287,priest,discipline,12,3,9
Priestcarry,Tichondrius,351,priest,discipline,20,5,15
Taram,Ragnaros,431,priest,discipline,11,5,6
Adeston,Aggramar,192,priest,discipline,9,3,6
Liljunky,Zul'jin,767,priest,discipline,18,8,10
Viictorea,Barthilas,479,priest,discipline,12,5,7
Zonozan,Lightning's Blade,192,priest,discipline,6,2,4
Emptybody,Tichondrius,192,priest,discipline,6,2,4
Redzwhotwo,Kel'Thuzad,192,priest,discipline,6,2,4
Infecte,Illidan,192,priest,discipline,6,2,4
Hrathren,Caelestrasz,384,priest,discipline,12,4,8
Radikel,Aerie Peak,192,priest,discipline,6,2,4
Pmsñ,Tichondrius,192,priest,discipline,6,2,4
Anttila,Ragnaros,480,priest,discipline,12,5,7
Apparìtions,Khaz'goroth,384,priest,discipline,12,4,8
Dontpvponme,Illidan,192,priest,discipline,6,2,4
Aurilain,Emerald Dream,192,priest,discipline,6,2,4
Zanyxx,Tichondrius,192,priest,discipline,6,2,4
Kharahealer,Scilla,192,priest,discipline,6,2,4
Imcutejk,Mal'Ganis,575,priest,discipline,12,6,6
Psychonauts,Arthas,192,priest,discipline,6,2,4
Anthuss,Illidan,192,priest,discipline,6,2,4
Jàxx,Dawnbringer,192,priest,discipline,6,2,4
Downbadbrick,Moon Guard,192,priest,discipline,6,2,4
Soçks,Proudmoore,192,priest,discipline,6,2,4
Roshank,Illidan,192,priest,discipline,6,2,4
Djratlordx,Thrall,42,priest,discipline,8,2,6
Beymaxll,Moon Guard,192,priest,discipline,6,2,4
Templár,Dalaran,575,priest,discipline,18,6,12
Railly,Skywall,192,priest,discipline,6,2,4
Nizama,Moon Guard,192,priest,discipline,6,2,4
Dadin,Ner'zhul,192,priest,discipline,6,2,4
Fathersins,Mal'Ganis,384,priest,discipline,12,4,8
Pragus,Emerald Dream,192,priest,discipline,14,3,11
Purpskuurp,Mal'Ganis,192,priest,discipline,12,2,10
Nudibranch,Mal'Ganis,192,priest,discipline,12,2,10
Sativacuity,Mal'Ganis,192,priest,discipline,12,2,10
Weston,Bleeding Hollow,767,priest,discipline,24,8,16
Jazminee,Quel'Thalas,192,priest,discipline,18,2,16
Sukora,Blade's Edge,192,priest,discipline,12,2,10
Bilian,Dalvengyr,192,priest,discipline,12,2,10
Rektinfull,Bladefist,159,priest,discipline,5,2,3
Priestmain,Thrall,731,priest,discipline,17,8,9
Venzd,Illidan,159,priest,discipline,5,2,3
Pugadin,Bleeding Hollow,159,priest,discipline,5,2,3
Kloevu,Stormrage,725,priest,discipline,17,8,9
Greybearded,Korgath,159,priest,discipline,5,2,3
Dreadxshadow,Stormrage,628,priest,discipline,24,12,12
Holyfieldx,Stormrage,127,priest,discipline,8,2,6
Rustydisc,Area 52,127,priest,discipline,8,2,6
Atzuru,Ragnaros,96,priest,discipline,6,1,5
Dirtysline,Ragnaros,670,priest,discipline,25,8,17
Beanerall,Quel'Thalas,96,priest,discipline,6,1,5
Xiffs,Mal'Ganis,96,priest,discipline,6,1,5
Stunsilence,Tichondrius,96,priest,discipline,6,1,5
Mykillakilla,Wyrmrest Accord,672,priest,discipline,18,7,11
Kalakbar,Tichondrius,96,priest,discipline,6,1,5
Drkwingduckz,Area 52,192,priest,discipline,12,2,10
Pétt,Aman'Thul,96,priest,discipline,6,1,5
Payan,Barthilas,96,priest,discipline,6,1,5
Notgoodatsp,Bleeding Hollow,96,priest,discipline,6,1,5
Applekrisp,Sargeras,589,priest,discipline,25,8,17
Legitgayirl,Zul'jin,288,priest,discipline,12,3,9
Commotion,Dalaran,192,priest,discipline,12,2,10
Yarock,Kel'Thuzad,766,priest,discipline,18,8,10
Hampy,Illidan,96,priest,discipline,6,1,5
Råd,Illidan,384,priest,discipline,18,4,14
Touchoflife,Dragonblight,96,priest,discipline,12,1,11
Invisibler,Tichondrius,478,priest,discipline,24,5,19
Zathog,Earthen Ring,96,priest,discipline,12,1,11
Germies,Moon Guard,42,priest,discipline,14,2,12
Christmasgal,Uldum,0,priest,discipline,2,1,1
Ayumihamaski,Tichondrius,672,priest,discipline,18,7,11
Ravinny,Nemesis,0,priest,discipline,5,1,4
Elam,Ragnaros,0,priest,discipline,3,0,3
Bustmybubble,Tichondrius,762,priest,discipline,12,8,4
Silkyx,Tichondrius,0,priest,discipline,6,0,6
Mortemus,Drenden,0,priest,discipline,4,0,4
Spshady,Aegwynn,96,priest,discipline,6,1,5
Stromile,Tichondrius,480,priest,discipline,12,5,7
Spriesto,Frostmourne,96,priest,discipline,6,1,5
Tethy,Saurfang,480,priest,discipline,18,5,13
Oxxymoron,Mal'Ganis,288,priest,discipline,6,3,3
Banmi,Tichondrius,0,priest,discipline,5,2,3
Ibringgears,Tichondrius,271,priest,discipline,11,3,8
Judeath,Area 52,384,priest,discipline,8,4,4
Cerriôus,Baelgun,735,priest,discipline,22,8,14
Webba,Azshara,384,priest,discipline,12,4,8
Ariellie,Area 52,527,priest,discipline,11,6,5
Kapriestsun,Sargeras,96,priest,discipline,12,1,11
Priestprease,Mal'Ganis,96,priest,discipline,6,1,5
Ilurvyou,Frostwolf,384,priest,discipline,12,4,8
Urisaegin,Sen'jin,0,priest,discipline,6,0,6
Diablomonk,Warsong,384,priest,discipline,18,4,14
Bwaka,Dalaran,159,priest,discipline,5,2,3
Leist,Ragnaros,495,priest,discipline,11,6,5
Jichu,Blackrock,192,priest,discipline,6,2,4
Dentwo,Aggramar,192,priest,discipline,13,2,11
Pèngotnerfed,Exodar,480,priest,discipline,6,5,1
Keicel,Zul'jin,96,priest,discipline,6,1,5
Swipathefox,Tichondrius,192,priest,discipline,6,2,4
Jovon,Frostmourne,288,priest,discipline,6,3,3
Skeemask,Moon Guard,288,priest,discipline,6,3,3
Dëëdëëpants,Moon Guard,96,priest,discipline,6,1,5
Yungmazikeen,Proudmoore,96,priest,discipline,6,1,5
Sugarlorde,Destromath,384,priest,discipline,12,4,8
Geniusidiot,Area 52,767,priest,discipline,12,8,4
Pehkthree,Hyjal,767,priest,discipline,18,8,10
Purus,Tichondrius,766,priest,discipline,18,8,10
Mondrielris,Tichondrius,766,priest,discipline,18,8,10
Frekigeri,Dalaran,765,priest,discipline,18,8,10
Xiphz,Stormrage,765,priest,discipline,24,8,16
Velinthra,Proudmoore,764,priest,discipline,12,8,4
Glepstein,Emerald Dream,764,priest,discipline,18,8,10
Chadeux,Bleeding Hollow,751,priest,discipline,18,8,10
Phathighs,Nagrand,739,priest,discipline,18,8,10
Nikniknak,Bleeding Hollow,715,priest,discipline,15,9,6
Holyscuz,Zul'jin,672,priest,discipline,12,7,5
Powerwôrdhug,Destromath,672,priest,discipline,12,7,5
Ogdisc,Gallywix,672,priest,discipline,12,7,5
Dwarfxomp,Ragnaros,522,priest,discipline,15,7,8
Moondèx,Maelstrom,672,priest,discipline,12,7,5
Milkymommies,Tichondrius,671,priest,discipline,12,7,5
Curra,Frostmourne,671,priest,discipline,12,7,5
Atheenia,Icecrown,671,priest,discipline,12,7,5
Kenprizle,Sargeras,671,priest,discipline,12,7,5
Floorpray,Tichondrius,671,priest,discipline,24,7,17
Fedge,Kel'Thuzad,670,priest,discipline,12,7,5
Armour,Kel'Thuzad,576,priest,discipline,12,6,6
Bambucha,Ragnaros,576,priest,discipline,12,6,6
Priil,Emerald Dream,576,priest,discipline,12,6,6
Astralshadow,Barthilas,576,priest,discipline,12,6,6
Bootypudding,Moon Guard,576,priest,discipline,12,6,6
Rëy,Bleeding Hollow,576,priest,discipline,12,6,6
Capriestsunx,Malfurion,576,priest,discipline,12,6,6
Surletoit,Tichondrius,576,priest,discipline,12,6,6
Luun,Bleeding Hollow,576,priest,discipline,12,6,6
Sojang,Tichondrius,576,priest,discipline,18,6,12
Deadlylight,Frostmourne,576,priest,discipline,18,6,12
Pekeatz,Tichondrius,576,priest,discipline,18,6,12
Akapegando,Ragnaros,575,priest,discipline,12,6,6
Juress,Area 52,575,priest,discipline,12,6,6
Supermelt,Emerald Dream,575,priest,discipline,12,6,6
Andriloveyou,Barthilas,575,priest,discipline,12,6,6
Spaddox,Arathor,575,priest,discipline,12,6,6
Chalmersyo,Tichondrius,574,priest,discipline,12,6,6
Evilmajor,Icecrown,759,priest,discipline,16,9,7
Senareyn,Thrall,574,priest,discipline,12,6,6
Adeptphd,Tichondrius,559,priest,discipline,23,6,17
Pertril,Stormrage,480,priest,discipline,6,5,1
Kénnypowers,Tichondrius,576,priest,discipline,12,6,6
Armanp,Hyjal,480,priest,discipline,6,5,1
Thadopepope,Tichondrius,480,priest,discipline,12,5,7
Kurahashe,Moon Guard,480,priest,discipline,12,5,7
Thedeadheal,Mal'Ganis,576,priest,discipline,18,6,12
Stunzeed,Staghelm,480,priest,discipline,12,5,7
Pillowfinger,Illidan,576,priest,discipline,18,6,12
Kopipriest,Barthilas,670,priest,discipline,18,7,11
Widewinks,Thrall,480,priest,discipline,12,5,7
Yauntoo,Tichondrius,480,priest,discipline,12,5,7
Averages,Stormrage,576,priest,discipline,18,6,12
Raeana,Area 52,480,priest,discipline,12,5,7
Alinastarkov,Area 52,764,priest,discipline,20,8,12
Jedmosby,Korgath,480,priest,discipline,14,5,9
Mustyfribble,Korgath,480,priest,discipline,18,5,13
Priuhpism,Tichondrius,479,priest,discipline,6,5,1
Torrantt,Bonechewer,479,priest,discipline,12,5,7
Greatzapan,Tichondrius,479,priest,discipline,12,5,7
Fadêd,Wildhammer,479,priest,discipline,12,5,7
Pandaball,Frostwolf,479,priest,discipline,12,5,7
Praisedalort,Illidan,621,priest,discipline,15,8,7
Azhaell,Quel'Thalas,479,priest,discipline,12,5,7
Photogirl,Area 52,479,priest,discipline,12,5,7
Laydrel,Sargeras,476,priest,discipline,12,5,7
Felyreilyana,Caelestrasz,415,priest,discipline,11,5,6
Ramsakz,Proudmoore,413,priest,discipline,10,5,5
Mafuyusan,Proudmoore,384,priest,discipline,6,4,2
Killmeplzz,Ragnaros,384,priest,discipline,6,4,2
Riasgremøry,Stormrage,576,priest,discipline,12,6,6
Delloria,Stormrage,575,priest,discipline,12,6,6
Holisticx,Tichondrius,384,priest,discipline,6,4,2
Holylover,Illidan,672,priest,discipline,12,7,5
Lilvf,Barthilas,384,priest,discipline,6,4,2
Zelenka,Whisperwind,384,priest,discipline,6,4,2
Maga,Laughing Skull,767,priest,discipline,12,8,4
Healscityy,Tichondrius,384,priest,discipline,6,4,2
Babe,Aerie Peak,672,priest,discipline,12,7,5
Anasuzana,Zul'jin,672,priest,discipline,12,7,5
Terisar,Emerald Dream,384,priest,discipline,6,4,2
Mythuxxz,Sargeras,384,priest,discipline,6,4,2
Thugish,Frostwolf,384,priest,discipline,6,4,2
Meekheal,Tichondrius,384,priest,discipline,12,4,8
Qyotasa,Zul'jin,463,priest,discipline,17,5,12
Priestcrys,Quel'Thalas,384,priest,discipline,12,4,8
Bigarxidia,Bleeding Hollow,575,priest,discipline,18,6,12
Cezzko,Tichondrius,384,priest,discipline,12,4,8
Gottaheal,Blood Furnace,384,priest,discipline,14,4,10
Shialebuff,Gundrak,383,priest,discipline,6,4,2
Loffthedabsl,Tichondrius,383,priest,discipline,6,4,2
Yurick,Garrosh,762,priest,discipline,12,8,4
Mythanex,Bleeding Hollow,757,priest,discipline,12,8,4
Izzymariepie,Dragonmaw,573,priest,discipline,18,6,12
Ioharusame,Quel'Thalas,383,priest,discipline,17,5,12
Horridheals,Shandris,505,priest,discipline,10,6,4
Mystexo,Barthilas,367,priest,discipline,11,4,7
Valdri,Sargeras,367,priest,discipline,11,4,7
Mcseven,Sargeras,351,priest,discipline,11,4,7
Voidly,Illidan,336,priest,discipline,9,5,4
Rocq,Sen'jin,288,priest,discipline,6,3,3
Chav,Kil'jaeden,288,priest,discipline,6,3,3
Bobolaine,Illidan,384,priest,discipline,12,4,8
Hypoz,Sargeras,288,priest,discipline,6,3,3
Kovskii,Blackrock,288,priest,discipline,6,3,3
Fadèd,Wildhammer,288,priest,discipline,6,3,3
Painful,Arathor,288,priest,discipline,6,3,3
Eddic,Wyrmrest Accord,672,priest,discipline,12,7,5
Paqwee,Tichondrius,575,priest,discipline,12,6,6
Zdarkspeedz,Stormrage,288,priest,discipline,6,3,3
Meshuggåh,Khaz'goroth,384,priest,discipline,12,4,8
Zeroghp,Tichondrius,288,priest,discipline,6,3,3
Prazph,Quel'Thalas,288,priest,discipline,6,3,3
Imjheals,Frostmourne,288,priest,discipline,6,3,3
Belarra,Norgannon,592,priest,discipline,13,7,6
Crocsnsocks,Sargeras,384,priest,discipline,12,4,8
Zaxxriee,Mal'Ganis,138,priest,discipline,8,3,5
Shalters,Tichondrius,1442,priest,discipline,60,31,29
Saintsnap,Bleeding Hollow,671,priest,discipline,12,7,5
Sibble,Deathwing,288,priest,discipline,12,3,9
Miliotis,Sargeras,288,priest,discipline,12,3,9
Freák,Zul'jin,288,priest,discipline,12,3,9
Kershl,Aegwynn,575,priest,discipline,24,6,18
Bobbybacala,Velen,288,priest,discipline,12,3,9
Schüco,Tichondrius,288,priest,discipline,12,3,9
Nuaghtyheals,Illidan,288,priest,discipline,12,3,9
Zarøw,Tichondrius,288,priest,discipline,24,3,21
Areyouready,Sargeras,256,priest,discipline,4,4,0
Mendgins,Area 52,352,priest,discipline,10,5,5
Ianiezd,Illidan,480,priest,discipline,18,5,13
Stingypriest,Thrall,192,priest,discipline,6,2,4
Chandrella,Zul'jin,764,priest,discipline,18,8,10
Puts,Zul'jin,192,priest,discipline,6,2,4
Ripret,Tichondrius,576,priest,discipline,12,6,6
Tommyjr,Tichondrius,480,priest,discipline,12,5,7
Fluxen,Illidan,192,priest,discipline,12,2,10
Fezalio,Burning Blade,192,priest,discipline,6,2,4
Thréé,Dalaran,192,priest,discipline,6,2,4
Jamie,Maiev,42,priest,discipline,11,2,9
Crossblesser,Argent Dawn,192,priest,discipline,6,2,4
Penancemd,Tichondrius,192,priest,discipline,6,2,4
Mieshatate,Boulderfist,384,priest,discipline,18,4,14
Rhypesia,Azralon,288,priest,discipline,12,3,9
Snìffer,Kel'Thuzad,192,priest,discipline,6,2,4
Focusedwilly,Frostmourne,192,priest,discipline,6,2,4
Jesupristo,Area 52,192,priest,discipline,6,2,4
Cmendemon,Cenarion Circle,192,priest,discipline,6,2,4
Beansan,Proudmoore,192,priest,discipline,6,2,4
Oongawa,Sargeras,192,priest,discipline,6,2,4
Mythine,Moon Guard,479,priest,discipline,12,5,7
Linxisp,Tichondrius,192,priest,discipline,6,2,4
Celestian,Mal'Ganis,192,priest,discipline,6,2,4
Aßsolution,Moon Guard,192,priest,discipline,6,2,4
Phraze,Thrall,192,priest,discipline,11,2,9
Shwøøps,Sargeras,192,priest,discipline,12,2,10
Chinzhs,Tichondrius,192,priest,discipline,12,2,10
Holyshock,Madoran,192,priest,discipline,12,2,10
Mentra,Tichondrius,191,priest,discipline,15,2,13
Rhonorudeska,Ragnaros,175,priest,discipline,11,2,9
Blightov,Bleeding Hollow,479,priest,discipline,18,5,13
Gwynplaine,Trollbane,286,priest,discipline,12,3,9
Lostvoidbee,Stormrage,96,priest,discipline,6,1,5
Holwyn,Moon Guard,96,priest,discipline,6,1,5
Starcross,Exodar,96,priest,discipline,6,1,5
Perlak,Bleeding Hollow,288,priest,discipline,12,3,9
Hode,Sargeras,0,priest,discipline,9,1,8
Snuzziest,Darkspear,575,priest,discipline,18,6,12
Baneburr,Illidan,96,priest,discipline,6,1,5
Voidstryker,Windrunner,96,priest,discipline,6,1,5
Sylthius,Emerald Dream,96,priest,discipline,6,1,5
Aqusia,Crushridge,96,priest,discipline,6,1,5
Crusiol,Proudmoore,96,priest,discipline,6,1,5
Ploottiy,Kel'Thuzad,96,priest,discipline,6,1,5
Çhauncy,Tichondrius,96,priest,discipline,6,1,5
Fambam,Sargeras,96,priest,discipline,12,1,11
Maggiesarang,Tichondrius,96,priest,discipline,12,1,11
Modesty,Antonidas,96,priest,discipline,12,1,11
Healypants,Eonar,288,priest,discipline,6,3,3
Brshki,Tichondrius,480,priest,discipline,12,5,7
Felskie,Tichondrius,480,priest,discipline,12,5,7
Ácÿd,Nemesis,0,priest,discipline,2,0,2
Mettz,Mal'Ganis,575,priest,discipline,12,6,6
Mankbadar,Tichondrius,42,priest,discipline,6,2,4
Novasp,Sargeras,0,priest,discipline,6,0,6
Pineappleqt,Skullcrusher,384,priest,discipline,12,4,8
Dottydaddy,Emerald Dream,96,priest,discipline,6,1,5
Thänatós,Quel'Thalas,0,priest,discipline,3,0,3
Farnzz,Mal'Ganis,288,priest,discipline,6,3,3
Dapcum,Illidan,96,priest,discipline,6,1,5
Urdaisyy,Kel'Thuzad,384,priest,discipline,12,4,8
Fallaner,Destromath,382,priest,discipline,18,4,14
Veane,Tichondrius,192,priest,discipline,6,2,4
Shadøwreaper,Azralon,96,priest,discipline,6,1,5
Zombyrot,Tichondrius,288,priest,discipline,6,3,3
Niftÿ,Tichondrius,0,priest,discipline,6,0,6
Drippyjoones,Sargeras,480,priest,discipline,12,5,7
Ahnightmares,Tichondrius,767,priest,discipline,12,8,4
Pandaboots,Illidan,767,priest,discipline,12,8,4
Falro,Tichondrius,767,priest,discipline,24,8,16
Ariel,Vek'nilash,766,priest,discipline,12,8,4
Shockalishus,Stormrage,766,priest,discipline,12,8,4
Dirtyprïest,Bonechewer,765,priest,discipline,18,8,10
Kathlick,Thrall,764,priest,discipline,12,8,4
Stumbelz,Stormrage,762,priest,discipline,12,8,4
Notarealdoc,Uldaman,726,priest,discipline,20,9,11
Noneedruid,Ragnaros,703,priest,discipline,11,8,3
Zylemm,Mal'Ganis,687,priest,discipline,17,8,9
Basedgód,Arathor,672,priest,discipline,12,7,5
Ìceheals,Tichondrius,672,priest,discipline,12,7,5
Harrydisc,Shattered Hand,672,priest,discipline,12,7,5
Toyz,Arthas,672,priest,discipline,12,7,5
Horízon,Illidan,672,priest,discipline,12,7,5
Ikkemen,Tichondrius,672,priest,discipline,12,7,5
Xantard,Mal'Ganis,672,priest,discipline,12,7,5
Sideform,Tichondrius,672,priest,discipline,12,7,5
Shadion,Sargeras,672,priest,discipline,12,7,5
Brotheraram,Kel'Thuzad,672,priest,discipline,18,7,11
Burblespue,Burning Blade,672,priest,discipline,18,7,11
Crossblèssèr,Sargeras,671,priest,discipline,12,7,5
Serafím,Goldrinn,671,priest,discipline,12,7,5
Geyforpray,Tichondrius,671,priest,discipline,12,7,5
Hammersholy,Stormrage,765,priest,discipline,24,8,16
Painkiller,Lightbringer,671,priest,discipline,17,7,10
Pecadu,Azralon,671,priest,discipline,18,7,11
Scratchmyear,Tichondrius,520,priest,discipline,16,7,9
Dotsrboe,Illidan,670,priest,discipline,12,7,5
Tílanga,Azralon,668,priest,discipline,12,7,5
Typhon,Blackhand,668,priest,discipline,18,7,11
Lonerush,Hyjal,652,priest,discipline,19,7,12
Gód,Moonrunner,576,priest,discipline,6,6,0
Smashfacëwin,Tichondrius,767,priest,discipline,12,8,4
Chop,Kel'Thuzad,576,priest,discipline,6,6,0
Nieni,Wyrmrest Accord,576,priest,discipline,12,6,6
Altheria,Mal'Ganis,576,priest,discipline,12,6,6
Ikancastt,Tichondrius,576,priest,discipline,12,6,6
Scrublahr,The Venture Co,576,priest,discipline,12,6,6
Priesterson,Tichondrius,576,priest,discipline,12,6,6
Ereessea,Hyjal,576,priest,discipline,12,6,6
Bìgdisc,Sargeras,576,priest,discipline,12,6,6
Velýs,Moon Guard,576,priest,discipline,12,6,6
Aenai,Sargeras,576,priest,discipline,12,6,6
Mayineedruid,Ragnaros,576,priest,discipline,17,8,9
Slimshadylp,Illidan,576,priest,discipline,18,6,12
Purifyhoes,Sargeras,576,priest,discipline,18,6,12
Fearles,Thrall,576,priest,discipline,24,6,18
Voldenmort,Dragonmaw,576,priest,discipline,18,6,12
Beymax,Moon Guard,575,priest,discipline,24,6,18
Myhealz,Agamaggan,573,priest,discipline,12,6,6
Gwynne,Barthilas,559,priest,discipline,11,6,5
Garyhooves,Zul'jin,747,priest,discipline,23,8,15
Ãdolfhealer,Dalaran,544,priest,discipline,10,7,3
Zaroff,Turalyon,735,priest,discipline,17,8,9
Bhavu,Tichondrius,521,priest,discipline,22,7,15
Earys,Ragnaros,496,priest,discipline,22,6,16
Elitejustin,Area 52,480,priest,discipline,6,5,1
Deathdreamer,Azjol-Nerub,480,priest,discipline,6,5,1
Kazedx,Barthilas,480,priest,discipline,6,5,1
Bebyyourside,Mal'Ganis,480,priest,discipline,6,5,1
Iforted,Sargeras,480,priest,discipline,12,5,7
Seraphang,Stormrage,480,priest,discipline,12,5,7
Angelvoid,Cho'gall,480,priest,discipline,12,5,7
Gudóngmae,Stormrage,480,priest,discipline,12,5,7
Eltanji,Wyrmrest Accord,480,priest,discipline,12,5,7
Powerwordkfc,Kel'Thuzad,480,priest,discipline,12,5,7
Tigawoods,Khaz Modan,480,priest,discipline,12,5,7
Meatytrash,Area 52,480,priest,discipline,12,5,7
Fatalpush,Moon Guard,480,priest,discipline,12,5,7
Yukishield,Illidan,480,priest,discipline,12,5,7
Mikes,Sargeras,480,priest,discipline,12,5,7
Harrygazm,Shattered Hand,480,priest,discipline,12,5,7
Confuses,Area 52,479,priest,discipline,6,5,1
Syrissa,Thrall,479,priest,discipline,6,5,1
Clerical,Skullcrusher,479,priest,discipline,12,5,7
Preesia,Misha,479,priest,discipline,12,5,7
Coldvb,Barthilas,479,priest,discipline,12,5,7
Omgimissher,Black Dragonflight,479,priest,discipline,12,5,7
Pylenn,Emerald Dream,755,priest,discipline,21,9,12
Devivi,Mal'Ganis,654,priest,discipline,17,7,10
Ihazhealzz,Area 52,447,priest,discipline,11,5,6
Divìne,Kil'jaeden,714,priest,discipline,18,9,9
Norbert,Zul'jin,384,priest,discipline,6,4,2
Aerlinn,Tichondrius,384,priest,discipline,6,4,2
Pollitoasado,Tichondrius,576,priest,discipline,12,6,6
Uhohmd,Sen'jin,522,priest,discipline,16,7,9
Relicxz,Firetree,384,priest,discipline,6,4,2
Ihealfunny,Blood Furnace,670,priest,discipline,12,7,5
Perkalicious,Thrall,384,priest,discipline,6,4,2
Mikèp,Sargeras,384,priest,discipline,6,4,2
Auntiegrimm,Silvermoon,384,priest,discipline,6,4,2
Otpp,Sargeras,384,priest,discipline,6,4,2
Pándamonium,Hyjal,384,priest,discipline,6,4,2
Zäán,Sargeras,384,priest,discipline,6,4,2
Draehoe,Kel'Thuzad,384,priest,discipline,6,4,2
Jooback,Kel'Thuzad,384,priest,discipline,6,4,2
Keepri,Tichondrius,384,priest,discipline,12,4,8
Dogeastwest,Tichondrius,384,priest,discipline,12,4,8
Vanagør,Emerald Dream,384,priest,discipline,12,4,8
Alcoricc,Illidan,576,priest,discipline,18,6,12
Blighttyy,Proudmoore,1552,priest,discipline,48,18,30
Shookones,Mal'Ganis,384,priest,discipline,12,4,8
Teehowdie,Aegwynn,384,priest,discipline,12,4,8
Azuvah,Alexstrasza,384,priest,discipline,12,4,8
Satelite,Feathermoon,384,priest,discipline,12,4,8
Zafti,Laughing Skull,384,priest,discipline,12,4,8
Psyclo,Stormrage,384,priest,discipline,12,4,8
Jån,Moon Guard,384,priest,discipline,12,4,8
Crypticus,Nazjatar,384,priest,discipline,12,4,8
Selitos,Executus,384,priest,discipline,12,4,8
Kymil,Deathwing,384,priest,discipline,12,4,8
Sweetskittle,Mal'Ganis,384,priest,discipline,12,4,8
Antalian,Wyrmrest Accord,234,priest,discipline,21,4,17
Linndy,Illidan,659,priest,discipline,12,7,5
Gamorâ,Sargeras,349,priest,discipline,14,5,9
Nymphomana,Tichondrius,330,priest,discipline,10,6,4
Sacredpatty,Frostmane,319,priest,discipline,5,4,1
Extremedp,Blackwing Lair,288,priest,discipline,6,3,3
Lashelin,Sargeras,672,priest,discipline,12,7,5
Cheesemelt,Kil'jaeden,288,priest,discipline,6,3,3
Chavvy,Tichondrius,288,priest,discipline,6,3,3
Coerce,Tichondrius,288,priest,discipline,6,3,3
Reanimater,Bronzebeard,288,priest,discipline,6,3,3
Sarafem,Lothar,288,priest,discipline,6,3,3
Slottie,Mal'Ganis,288,priest,discipline,6,3,3
Luminarylily,Tichondrius,288,priest,discipline,6,3,3
Lowfatsnack,Aggramar,288,priest,discipline,6,3,3
Plzdonthitme,Turalyon,288,priest,discipline,6,3,3
Asilberixi,Tichondrius,671,priest,discipline,12,7,5
Jadpad,Gorefiend,480,priest,discipline,12,5,7
Discfigured,Tichondrius,138,priest,discipline,14,3,11
Chen,Cho'gall,288,priest,discipline,12,3,9
Healinghaze,Tichondrius,288,priest,discipline,12,3,9
Drhuhu,Stormrage,288,priest,discipline,12,3,9
Oyao,Tichondrius,288,priest,discipline,12,3,9
Numinous,Lothar,288,priest,discipline,12,3,9
Balooch,Frostmourne,288,priest,discipline,14,3,11
Pheegawn,Proudmoore,288,priest,discipline,18,3,15
Thaedreu,Area 52,192,priest,discipline,6,2,4
Nutdrip,Kel'Thuzad,192,priest,discipline,6,2,4
Powerwordhim,Mal'Ganis,576,priest,discipline,12,6,6
Faashrmpbtw,Darkspear,96,priest,discipline,6,1,5
Hollowed,Drakkari,0,priest,discipline,6,0,6
Jrøck,Mal'Ganis,96,priest,discipline,6,1,5
Yiptawh,Area 52,287,priest,discipline,18,3,15
Dotznbubblez,Zul'jin,0,priest,discipline,2,0,2
Garbagépg,Zul'jin,767,priest,discipline,12,8,4
Zork,Wildhammer,287,priest,discipline,6,3,3
Hørçrùx,Tichondrius,288,priest,discipline,6,3,3
Pepsí,Kael'thas,0,priest,discipline,4,0,4
Kikkomán,Tichondrius,671,priest,discipline,24,7,17
Luísthian,Quel'Thalas,0,priest,discipline,10,2,8
Zarkos,Area 52,0,priest,discipline,4,1,3
Trenance,Barthilas,0,priest,discipline,6,0,6
Burfdaycake,Mal'Ganis,384,priest,discipline,12,4,8
Millép,Frostmourne,288,priest,discipline,6,3,3
Kamelaia,Area 52,765,priest,discipline,12,8,4
Zalementor,Frostmane,758,priest,discipline,24,8,16
Oshlyn,Tichondrius,672,priest,discipline,12,7,5
Merkurial,Illidan,672,priest,discipline,12,7,5
Fireflyly,Tichondrius,672,priest,discipline,12,7,5
Morcelina,Illidan,672,priest,discipline,12,7,5
Imeldaa,Illidan,672,priest,discipline,12,7,5
Vadrenp,Skullcrusher,672,priest,discipline,12,7,5
Asgà,Azgalor,672,priest,discipline,12,7,5
Azhley,Sargeras,671,priest,discipline,12,7,5
Tiffk,Hydraxis,671,priest,discipline,12,7,5
Gringøtt,Bloodscalp,671,priest,discipline,18,7,11
Jaybudhope,Tichondrius,576,priest,discipline,12,6,6
Bns,Perenolde,576,priest,discipline,12,6,6
Elbruha,Frostmourne,576,priest,discipline,12,6,6
Flapjakked,Tichondrius,576,priest,discipline,12,6,6
Estyy,Tichondrius,576,priest,discipline,12,6,6
Shinck,Ragnaros,576,priest,discipline,18,6,12
Faya,Proudmoore,576,priest,discipline,18,6,12
Porltrazlok,Area 52,575,priest,discipline,12,6,6
Veldin,Malfurion,480,priest,discipline,6,5,1
Dolovis,Kel'Thuzad,480,priest,discipline,12,5,7
Jentbekk,Tichondrius,480,priest,discipline,12,5,7
Matadur,Lightning's Blade,480,priest,discipline,12,5,7
Drooz,Illidan,480,priest,discipline,12,5,7
Morcelina,Stormrage,480,priest,discipline,12,5,7
Bidensniffer,Kel'Thuzad,480,priest,discipline,12,5,7
Ricekrispies,Alterac Mountains,480,priest,discipline,12,5,7
Mud,Mannoroth,480,priest,discipline,12,5,7
Repthsp,Illidan,480,priest,discipline,18,5,13
Hypnottik,Tichondrius,479,priest,discipline,12,5,7
Bwonshanji,Thrall,758,priest,discipline,24,8,16
Aurørà,Quel'Thalas,479,priest,discipline,12,5,7
Sanso,Drakkari,479,priest,discipline,12,5,7
Tsuxsurf,Darkspear,1059,priest,discipline,31,13,18
Bboo,Draenor,750,priest,discipline,17,8,9
Ishnudaldieb,Bleeding Hollow,447,priest,discipline,11,5,6
Rollforrezz,Frostmourne,446,priest,discipline,11,5,6
Dreamloveu,Tichondrius,431,priest,discipline,9,6,3
Goseikae,Tichondrius,234,priest,discipline,6,4,2
Uncletonyp,Tanaris,480,priest,discipline,12,5,7
Billzo,Frostmourne,384,priest,discipline,6,4,2
Réíayánámí,Jubei'Thos,670,priest,discipline,12,7,5
Zhivv,Ragnaros,384,priest,discipline,6,4,2
Hábits,Mal'Ganis,384,priest,discipline,12,4,8
Jimmysins,Frostmourne,766,priest,discipline,18,8,10
Waylor,Lethon,384,priest,discipline,12,4,8
Watchmeoom,Kel'Thuzad,384,priest,discipline,12,4,8
Roos,Tichondrius,576,priest,discipline,18,6,12
Acshadow,Jubei'Thos,384,priest,discipline,12,4,8
Sebastianl,Ragnaros,384,priest,discipline,12,4,8
Huajie,Lightning's Blade,606,priest,discipline,8,7,1
Whitemagic,Frostmourne,616,priest,discipline,15,11,4
Ccnu,Tichondrius,192,priest,discipline,12,2,10
Cenfade,Sargeras,384,priest,discipline,6,4,2
Shadowowns,Blackrock,0,priest,discipline,6,0,6
Trolldaddy,Burning Legion,0,priest,discipline,6,0,6
Iilmommy,Area 52,480,priest,discipline,6,5,1
Gamepastors,Illidan,288,priest,discipline,12,3,9
Diefidel,Sargeras,910,priest,discipline,64,19,45
Autocorrect,Moon Guard,766,priest,discipline,30,8,22
Denarson,Kil'jaeden,1200,priest,discipline,42,16,26
Hateraide,Galakrond,687,priest,discipline,11,8,3
Vodussy,Stormrage,671,priest,discipline,24,7,17
Posivibesz,Tichondrius,639,priest,discipline,14,8,6
Icecoldmarg,Illidan,576,priest,discipline,6,6,0
Khegan,Area 52,576,priest,discipline,18,6,12
Soulheal,Zul'jin,576,priest,discipline,18,6,12
Greenzombiez,Area 52,576,priest,discipline,18,6,12
Belïeve,Sargeras,763,priest,discipline,18,8,10
Required,Eonar,575,priest,discipline,24,6,18
Donmuneco,Aerie Peak,574,priest,discipline,12,6,6
Ambulam,Draenor,573,priest,discipline,12,6,6
Ohmzi,Auchindoun,748,priest,discipline,23,8,15
Qberto,Illidan,543,priest,discipline,17,6,11
Yiyoperro,Quel'Thalas,511,priest,discipline,22,6,16
Snugzee,Sargeras,671,priest,discipline,12,7,5
Mestíza,Quel'Thalas,480,priest,discipline,6,5,1
Markzugrberg,Emerald Dream,480,priest,discipline,6,5,1
Mellowrush,Kel'Thuzad,480,priest,discipline,12,5,7
Pwl,Area 52,480,priest,discipline,12,5,7
Velkorvasa,Saurfang,671,priest,discipline,36,7,29
Bitterwish,Maiev,448,priest,discipline,10,5,5
Swswswswswsw,Stormrage,0,priest,discipline,4,0,4
Druicytwo,Illidan,0,priest,discipline,3,0,3
Ochae,Stormrage,576,priest,discipline,13,6,7
Obeseheals,Silvermoon,288,priest,discipline,6,3,3
Bllitzxkreig,Tichondrius,0,priest,discipline,11,3,8
Lovvely,Drakkari,288,priest,discipline,6,3,3
Kirarii,Ragnaros,96,priest,discipline,6,1,5
Vizzo,Azralon,480,priest,discipline,12,5,7
Teetams,Sargeras,96,priest,discipline,6,1,5
Sterther,Stormrage,0,priest,discipline,6,0,6
Unclefelix,Rexxar,96,priest,discipline,6,1,5
Renniel,Stormrage,576,priest,discipline,24,6,18
Pxxie,Stormrage,192,priest,discipline,6,2,4
Jiwang,Aegwynn,192,priest,discipline,6,2,4
Bdaddyfresh,Tichondrius,288,priest,discipline,12,3,9
Cleos,Ragnaros,384,priest,discipline,12,4,8
Allevia,Frostmourne,192,priest,discipline,6,2,4
Gypsysun,Azralon,96,priest,discipline,6,1,5
Chakota,Emerald Dream,288,priest,discipline,12,3,9
Verothius,Tichondrius,192,priest,discipline,6,2,4
Iq,Tichondrius,319,priest,discipline,8,4,4
Wafflers,Tichondrius,288,priest,discipline,10,4,6
Priestvoker,Sargeras,763,priest,discipline,18,8,10
Åzrael,Stormreaver,752,priest,discipline,30,8,22
Angêlheals,Proudmoore,750,priest,discipline,14,9,5
Ìceheals,Area 52,672,priest,discipline,12,7,5
Wizk,Kel'Thuzad,672,priest,discipline,12,7,5
Jaiym,Bleeding Hollow,672,priest,discipline,12,7,5
Johntextor,Tichondrius,672,priest,discipline,18,7,11
Willagain,Gurubashi,672,priest,discipline,19,7,12
Boüh,Aegwynn,671,priest,discipline,12,7,5
Codepie,Tichondrius,671,priest,discipline,12,7,5
Murkmindz,Thrall,671,priest,discipline,12,7,5
Príesty,Blade's Edge,667,priest,discipline,12,7,5
Brumildo,Tichondrius,662,priest,discipline,12,7,5
Mycelius,Zul'jin,576,priest,discipline,12,6,6
Kutnorsha,Silvermoon,576,priest,discipline,12,6,6
Superhealz,Kil'jaeden,575,priest,discipline,12,6,6
Naíla,Ragnaros,575,priest,discipline,18,6,12
Bryntgumble,Illidan,756,priest,discipline,24,8,16
Nanako,Blackrock,539,priest,discipline,18,8,10
Pehk,Hyjal,480,priest,discipline,6,5,1
Dianafyre,Undermine,480,priest,discipline,6,5,1
Priëstitute,Zul'jin,480,priest,discipline,6,5,1
Sopure,Sargeras,480,priest,discipline,12,5,7
Satirely,Illidan,480,priest,discipline,12,5,7
Exilis,Proudmoore,480,priest,discipline,12,5,7
Moarticia,Smolderthorn,480,priest,discipline,18,5,13
Diselram,Sargeras,480,priest,discipline,18,5,13
Revisíon,Stormreaver,480,priest,discipline,18,5,13
Baume,Thrall,192,priest,discipline,12,2,10
Ashleyrjx,Nazjatar,382,priest,discipline,18,4,14
Jinks,Ragnaros,192,priest,discipline,6,2,4
Kuarzø,Ragnaros,96,priest,discipline,6,1,5
Cupriest,Tichondrius,0,priest,discipline,6,0,6
Lerilu,Stormrage,0,priest,discipline,6,0,6
Stromhardt,Moon Guard,288,priest,discipline,6,3,3
Karnnagex,Cenarion Circle,96,priest,discipline,6,1,5
Jomez,Area 52,96,priest,discipline,6,1,5
Sacrileges,Crushridge,0,priest,discipline,4,0,4
Callus,Stormrage,669,priest,discipline,30,7,23
Yrocker,Magtheridon,96,priest,discipline,6,1,5
Lilatro,Barthilas,96,priest,discipline,6,1,5
Maedosgf,Tichondrius,288,priest,discipline,6,3,3
Rawpriest,Blackrock,672,priest,discipline,24,7,17
Fishtat,Barthilas,576,priest,discipline,15,7,8
Pryx,Drenden,192,priest,discipline,6,2,4
Alukaxd,Area 52,288,priest,discipline,12,3,9
Sakurax,Proudmoore,288,priest,discipline,12,3,9
Madameezy,Sargeras,575,priest,discipline,24,6,18
Aenarion,Velen,192,priest,discipline,6,2,4
Redflavorz,Sargeras,384,priest,discipline,18,4,14
Sqweril,Area 52,766,priest,discipline,12,8,4
Pínte,Frostmourne,766,priest,discipline,18,8,10
Darkìs,Area 52,672,priest,discipline,12,7,5
Førtz,Darkspear,672,priest,discipline,12,7,5
Tetitas,Illidan,672,priest,discipline,12,7,5
Belswìft,Drak'Tharon,671,priest,discipline,18,7,11
Kissfly,Ragnaros,670,priest,discipline,12,7,5
Mewt,Kil'jaeden,670,priest,discipline,18,7,11
Velaeiraice,Malorne,668,priest,discipline,18,7,11
Silem,Azralon,667,priest,discipline,12,7,5
Juraltes,Area 52,767,priest,discipline,18,8,10
Bobp,Proudmoore,576,priest,discipline,12,6,6
Vellisper,Sargeras,288,priest,discipline,6,3,3
Hesahoe,Tichondrius,575,priest,discipline,12,6,6
Xlavant,Elune,479,priest,discipline,18,5,13
Lethò,Mal'Ganis,384,priest,discipline,18,4,14
Maizur,Illidan,384,priest,discipline,6,4,2
Elendrie,Illidan,480,priest,discipline,6,5,1
Pooboop,Mal'Ganis,64,priest,discipline,4,1,3
Healyaz,Skullcrusher,192,priest,discipline,6,2,4
Ilovemanny,Sargeras,576,priest,discipline,12,6,6
Holypete,Area 52,767,priest,discipline,18,8,10
Salamara,Ragnaros,767,priest,discipline,18,8,10
Revoltril,Azralon,758,priest,discipline,18,8,10
Senpaichan,Kel'Thuzad,745,priest,discipline,29,8,21
Dirtypriest,Arthas,743,priest,discipline,22,9,13
Cënobia,Moon Guard,672,priest,discipline,12,7,5
Spiritlørd,Boulderfist,672,priest,discipline,12,7,5
Illidariia,Dalaran,672,priest,discipline,12,7,5
Tepai,Sargeras,672,priest,discipline,12,7,5
Doctapvp,Stormrage,672,priest,discipline,16,8,8
Myocardia,Area 52,672,priest,discipline,18,7,11
Shadeven,Frostmourne,96,priest,discipline,6,1,5
Lastshield,Mal'Ganis,84,priest,discipline,25,6,19
Azuvah,Proudmoore,384,priest,discipline,12,4,8
Zaele,Ravenholdt,574,priest,discipline,24,6,18
Imightdie,Moon Guard,96,priest,discipline,6,1,5
Superniceguy,Kel'Thuzad,480,priest,discipline,12,5,7
Allis,Tichondrius,330,priest,discipline,7,5,2
Greedypants,Area 52,0,priest,discipline,5,1,4
Wienertoes,Tichondrius,96,warrior,arms,6,1,5
Mochigome,Moon Guard,192,warrior,arms,6,2,4
Larrybiscuit,Moon Guard,96,warrior,arms,6,1,5
Playbox,Area 52,192,warrior,arms,6,2,4
Kholusia,Kul Tiras,239,warrior,arms,5,3,2
Zekken,Blade's Edge,192,warrior,arms,6,2,4
Igoboom,Bleeding Hollow,96,warrior,arms,6,1,5
Soymong,Frostmourne,96,warrior,arms,6,1,5
Eatmyblade,Wyrmrest Accord,128,warrior,arms,10,2,8
Tüssèll,Khaz'goroth,192,warrior,arms,6,2,4
Brutality,Kirin Tor,0,warrior,arms,6,0,6
Rendus,Hyjal,192,warrior,arms,6,2,4
Breinan,Ragnaros,287,warrior,arms,6,3,3
Rumka,Drak'Tharon,42,warrior,arms,6,2,4
Icebringer,Frostmourne,192,warrior,arms,6,2,4
Sypii,Mal'Ganis,192,warrior,arms,6,2,4
Donjuan,Skullcrusher,0,warrior,arms,6,0,6
Endlesskilla,Destromath,192,warrior,arms,6,2,4
Roxon,Hellscream,79,warrior,arms,5,1,4
Kratøz,Tichondrius,192,warrior,arms,6,2,4
Zerríck,Moon Guard,192,warrior,arms,6,2,4
Stavsie,Tichondrius,192,warrior,arms,6,2,4
Gtrain,Barthilas,192,warrior,arms,6,2,4
Braxxinn,Tichondrius,192,warrior,arms,6,2,4
Akaínu,Area 52,192,warrior,arms,6,2,4
Suzushi,Tichondrius,192,warrior,arms,6,2,4
Beârz,The Underbog,192,warrior,arms,6,2,4
Kåyotix,Proudmoore,96,warrior,arms,6,1,5
Squonks,Kel'Thuzad,192,warrior,arms,6,2,4
Trendxx,Stormrage,0,warrior,arms,2,0,2
Aboveaverage,Arthas,0,warrior,arms,6,0,6
Nordrages,Stormrage,192,warrior,arms,6,2,4
Wazy,Ragnaros,0,warrior,arms,5,0,5
Shrexecute,Tichondrius,192,warrior,arms,6,2,4
Granzelion,Tichondrius,1911,warrior,arms,138,70,68
Fyruz,Sargeras,1542,warrior,arms,74,41,33
Shingeki,Wyrmrest Accord,1179,warrior,arms,108,51,57
Rockystyle,Proudmoore,1286,warrior,arms,54,30,24
Krakatóa,Kel'Thuzad,1577,warrior,arms,87,48,39
Jericho,Kil'jaeden,1055,warrior,arms,18,11,7
Himurinha,Nemesis,1520,warrior,arms,36,20,16
Hatedßyßlízz,Moon Guard,480,warrior,arms,12,5,7
Everchosen,Proudmoore,1509,warrior,arms,148,72,76
Nukehazard,Bleeding Hollow,288,warrior,arms,6,3,3
Estiria,Kel'Thuzad,288,warrior,arms,6,3,3
Macray,Zul'jin,330,warrior,arms,18,5,13
Yomaaln,Blackrock,287,warrior,arms,6,3,3
Dazanor,Moon Guard,271,warrior,arms,11,3,8
Spicywagyu,Tichondrius,255,warrior,arms,11,3,8
ßlitzxkreig,Tichondrius,239,warrior,arms,5,3,2
Cugino,Tichondrius,192,warrior,arms,9,3,6
Daechoochoo,Frostwolf,192,warrior,arms,6,2,4
Negrolas,Nemesis,192,warrior,arms,10,2,8
Burstful,Bleeding Hollow,192,warrior,arms,6,2,4
Lopotron,Sargeras,192,warrior,arms,6,2,4
Düde,Whisperwind,192,warrior,arms,6,2,4
Annihilataur,Blackhand,192,warrior,arms,6,2,4
Slamzftw,Stormreaver,192,warrior,arms,6,2,4
Jakelope,Proudmoore,192,warrior,arms,6,2,4
Deldramor,Proudmoore,192,warrior,arms,6,2,4
Befòx,Tichondrius,192,warrior,arms,6,2,4
Shiestyzug,Tichondrius,192,warrior,arms,6,2,4
Dahakawar,Mal'Ganis,192,warrior,arms,6,2,4
Mongofiera,Quel'Thalas,192,warrior,arms,6,2,4
Sylvannlee,Tichondrius,192,warrior,arms,6,2,4
Hagger,Quel'Thalas,192,warrior,arms,6,2,4
Gátzú,Ragnaros,192,warrior,arms,6,2,4
Trouz,Ragnaros,192,warrior,arms,6,2,4
Airolol,Tichondrius,192,warrior,arms,6,2,4
Hawaiianko,Gul'dan,192,warrior,arms,6,2,4
Drtbag,Tichondrius,192,warrior,arms,6,2,4
Uldrath,Hyjal,192,warrior,arms,6,2,4
Frankal,Aegwynn,192,warrior,arms,6,2,4
Guroku,Tichondrius,192,warrior,arms,6,2,4
Hbbaboy,Nagrand,192,warrior,arms,6,2,4
Item,Ner'zhul,192,warrior,arms,12,2,10
Warhoofz,Mal'Ganis,192,warrior,arms,12,2,10
Haruq,Tichondrius,192,warrior,arms,12,2,10
Xiaoheihei,Tichondrius,1806,warrior,arms,174,88,86
Blackkcow,Zul'jin,191,warrior,arms,6,2,4
Hazell,Gundrak,191,warrior,arms,6,2,4
Ybsorc,Kel'Thuzad,160,warrior,arms,10,2,8
Eatscrayons,Barthilas,159,warrior,arms,11,2,9
Vhagaar,Emerald Dream,96,warrior,arms,6,1,5
Blitzkrieegz,Drakkari,96,warrior,arms,6,1,5
Zørg,Bleeding Hollow,96,warrior,arms,6,1,5
Bhuppzz,Barthilas,96,warrior,arms,6,1,5
Cindabotica,Sargeras,96,warrior,arms,6,1,5
Jimhoffa,Bonechewer,96,warrior,arms,6,1,5
Wolurog,Emerald Dream,96,warrior,arms,6,1,5
Skärz,Azshara,96,warrior,arms,6,1,5
Faintswar,Stormrage,96,warrior,arms,6,1,5
Klobnslob,Mannoroth,96,warrior,arms,6,1,5
Shagstrike,Azralon,96,warrior,arms,6,1,5
Roxesc,Area 52,96,warrior,arms,6,1,5
Dokoba,Bleeding Hollow,96,warrior,arms,6,1,5
Ohhgeekush,Proudmoore,192,warrior,arms,12,2,10
Durseyturm,Area 52,96,warrior,arms,6,1,5
Meytuglin,Stormrage,96,warrior,arms,6,1,5
Dogmar,Moon Guard,96,warrior,arms,6,1,5
Berawar,Tichondrius,96,warrior,arms,6,1,5
Odyssey,Vashj,96,warrior,arms,12,1,11
Gordurin,Akama,96,warrior,arms,6,1,5
Bushwook,Emerald Dream,96,warrior,arms,12,1,11
Garrossh,Thunderhorn,64,warrior,arms,4,1,3
Cabelastwo,Tichondrius,96,warrior,arms,6,1,5
Xurug,Zul'jin,192,warrior,arms,6,2,4
Swiftslaýer,Vashj,0,warrior,arms,6,0,6
Wuushang,Area 52,0,warrior,arms,4,0,4
Jírky,Ragnaros,192,warrior,arms,6,2,4
Wakkawar,Stormrage,192,warrior,arms,6,2,4
Trufsoturi,Bleeding Hollow,479,warrior,arms,12,5,7
Zêtt,Drakkari,0,warrior,arms,3,0,3
Sinbãd,Sargeras,1573,warrior,arms,65,29,36
Shimizuken,Tichondrius,96,warrior,arms,6,1,5
Dragonrage,Tanaris,223,warrior,arms,8,3,5
Zephyron,Moonrunner,0,warrior,arms,6,0,6
Smallestwar,Zul'jin,96,warrior,arms,6,1,5
Negrus,Sargeras,192,warrior,arms,6,2,4
Çampbêll,Area 52,192,warrior,arms,6,2,4
Kíngkaisér,Azralon,0,warrior,arms,4,1,3
Bobisyourmom,Tichondrius,96,warrior,arms,6,1,5
Horahloux,Ragnaros,96,warrior,arms,6,1,5
Krodah,Quel'Thalas,96,warrior,arms,6,1,5
Tankieone,Aggramar,0,warrior,arms,2,0,2
Kevinersaa,Frostmourne,96,warrior,arms,6,1,5
Kawakamigens,Azralon,1807,warrior,arms,102,48,54
Dawxw,Thrall,1869,warrior,arms,59,30,29
Doomreaper,Hellscream,1362,warrior,arms,125,63,62
Hariban,Shu'halo,1726,warrior,arms,77,38,39
Saintgeorge,Thorium Brotherhood,287,warrior,arms,6,3,3
Leosax,Drak'thul,287,warrior,arms,12,3,9
Borgosa,Wyrmrest Accord,287,warrior,arms,18,3,15
Thorsën,Sargeras,256,warrior,arms,8,4,4
Likearock,Thrall,239,warrior,arms,5,3,2
Kalphok,Tichondrius,239,warrior,arms,5,3,2
Elyn,Tichondrius,42,warrior,arms,6,4,2
Berru,Bleeding Hollow,192,warrior,arms,9,3,6
Anabolicjim,Frostmourne,192,warrior,arms,6,2,4
Helminth,Kirin Tor,192,warrior,arms,6,2,4
Loveliuna,Illidan,192,warrior,arms,12,2,10
Lawyer,Quel'Thalas,192,warrior,arms,12,2,10
Primørdíal,Tichondrius,192,warrior,arms,6,2,4
Ningz,Tichondrius,192,warrior,arms,6,2,4
Brenrainn,Thrall,192,warrior,arms,6,2,4
Bbyzugga,Kel'Thuzad,192,warrior,arms,6,2,4
Verwischen,Zul'jin,192,warrior,arms,6,2,4
Pép,Mal'Ganis,192,warrior,arms,6,2,4
Vegr,Quel'dorei,192,warrior,arms,6,2,4
Pollere,Firetree,192,warrior,arms,6,2,4
Noblêsix,Dalaran,192,warrior,arms,6,2,4
Kostikk,Tichondrius,192,warrior,arms,6,2,4
Rí,Moon Guard,192,warrior,arms,6,2,4
Bogii,Area 52,192,warrior,arms,6,2,4
Scrubwarrior,Black Dragonflight,192,warrior,arms,6,2,4
Thresdan,Emerald Dream,192,warrior,arms,6,2,4
Deloum,Tichondrius,192,warrior,arms,6,2,4
Ronipastrami,Kel'Thuzad,192,warrior,arms,6,2,4
Berserkchow,Sargeras,192,warrior,arms,6,2,4
Léonwow,Tichondrius,192,warrior,arms,12,2,10
Valky,Sargeras,192,warrior,arms,6,2,4
Wl,Ragnaros,192,warrior,arms,6,2,4
Guanabacoa,Area 52,192,warrior,arms,6,2,4
Hellabandz,Bleeding Hollow,192,warrior,arms,6,2,4
Rekshor,Wyrmrest Accord,192,warrior,arms,6,2,4
Passionjar,Bleeding Hollow,192,warrior,arms,6,2,4
Kurzix,Crushridge,192,warrior,arms,12,2,10
Krátös,Farstriders,191,warrior,arms,6,2,4
Swordblood,Ragnaros,159,warrior,arms,5,2,3
Vapyr,Moon Guard,159,warrior,arms,5,2,3
Nècroxious,Hellscream,255,warrior,arms,11,3,8
Kellsbro,Hyjal,159,warrior,arms,5,2,3
Arantxa,Destromath,96,warrior,arms,6,1,5
Weechubber,Bleeding Hollow,96,warrior,arms,6,1,5
Däger,Ragnaros,96,warrior,arms,6,1,5
Smoogzz,Tichondrius,96,warrior,arms,6,1,5
Warrmachine,Scarlet Crusade,96,warrior,arms,6,1,5
Wmuuzh,Quel'Thalas,96,warrior,arms,12,1,11
Doriax,Sentinels,96,warrior,arms,6,1,5
Codey,Stormrage,96,warrior,arms,6,1,5
Adav,Arthas,96,warrior,arms,6,1,5
Tfd,Tichondrius,96,warrior,arms,6,1,5
Goywarr,Illidan,96,warrior,arms,6,1,5
Beastro,Rexxar,96,warrior,arms,6,1,5
Jazz,Frostwolf,96,warrior,arms,6,1,5
Erwin,Kil'jaeden,192,warrior,arms,12,2,10
Berzerk,Dentarg,96,warrior,arms,12,1,11
Hergo,Spirestone,96,warrior,arms,6,1,5
Kargan,Thrall,96,warrior,arms,6,1,5
Fréäkk,Ragnaros,96,warrior,arms,6,1,5
Uub,Mal'Ganis,96,warrior,arms,6,1,5
Falkur,Aman'Thul,96,warrior,arms,12,1,11
Rokmok,Frostmane,79,warrior,arms,5,1,4
Warriorba,Tichondrius,48,warrior,arms,3,1,2
Shwutty,Stormrage,160,warrior,arms,10,3,7
Benchpress,Bleeding Hollow,223,warrior,arms,8,3,5
Aotha,Moon Guard,0,warrior,arms,8,1,7
Droggo,Cenarius,96,warrior,arms,6,1,5
Zaraki,Moon Guard,0,warrior,arms,3,0,3
Krunas,Quel'Thalas,96,warrior,arms,6,1,5
Metalstorms,Firetree,96,warrior,arms,6,1,5
Warkaiser,Ragnaros,192,warrior,arms,6,2,4
Neurötic,Ragnaros,0,warrior,arms,3,0,3
Connero,Stormrage,192,warrior,arms,12,2,10
Liljon,Windrunner,0,warrior,arms,6,0,6
Arthurston,Tichondrius,192,warrior,arms,12,2,10
Dodiru,Azralon,192,warrior,arms,6,2,4
Ghostkin,Ragnaros,42,warrior,arms,7,2,5
Peekyblinder,Kil'jaeden,0,warrior,arms,4,0,4
Draann,Kirin Tor,96,warrior,arms,6,1,5
Lifaen,Zangarmarsh,96,warrior,arms,6,1,5
Trollchopo,Kil'jaeden,192,warrior,arms,12,2,10
Gigglamesh,Muradin,192,warrior,arms,6,2,4
Celt,Uldum,1342,warrior,arms,55,30,25
Vâlôr,Tichondrius,1808,warrior,arms,45,30,15
Buddhahood,Tichondrius,288,warrior,arms,6,3,3
Clayske,Gurubashi,287,warrior,arms,12,3,9
Dalmor,Stormrage,192,warrior,arms,6,2,4
Lazarenthus,Stormrage,192,warrior,arms,6,2,4
Àyo,Frostmourne,192,warrior,arms,6,2,4
Lhariza,Stormrage,192,warrior,arms,6,2,4
Snikkles,Frostmourne,223,warrior,arms,14,3,11
Chuck,Zangarmarsh,192,warrior,arms,6,2,4
Tinykong,Zul'jin,192,warrior,arms,6,2,4
Bearlornan,Frostmourne,192,warrior,arms,6,2,4
Orphenkaos,Bleeding Hollow,192,warrior,arms,6,2,4
Fùzzy,Zuluhed,192,warrior,arms,6,2,4
Derr,Tichondrius,192,warrior,arms,6,2,4
Eurthx,Lightbringer,192,warrior,arms,6,2,4
Hugezs,Tichondrius,192,warrior,arms,12,2,10
Bradic,Bladefist,192,warrior,arms,6,2,4
Trenbopanda,Tichondrius,192,warrior,arms,6,2,4
Soldiër,Proudmoore,192,warrior,arms,6,2,4
Stormbadge,Tichondrius,192,warrior,arms,6,2,4
Xavíerus,Tichondrius,192,warrior,arms,9,2,7
Bonetotem,Azralon,192,warrior,arms,6,2,4
Eleenoor,Drakkari,192,warrior,arms,6,2,4
Oneeyewille,Sargeras,192,warrior,arms,6,2,4
Donpepe,Sargeras,192,warrior,arms,6,2,4
Oðín,Emerald Dream,192,warrior,arms,6,2,4
Mahknut,Moon Guard,192,warrior,arms,6,2,4
Sinenrs,Tichondrius,192,warrior,arms,8,2,6
Loktaromoose,Frostmourne,192,warrior,arms,12,2,10
Aymadommy,Illidan,192,warrior,arms,12,2,10
Edrelang,Bronzebeard,191,warrior,arms,6,2,4
Clarityw,Illidan,128,warrior,arms,4,2,2
Nosors,Kel'Thuzad,128,warrior,arms,4,2,2
Ryuulion,Proudmoore,96,warrior,arms,3,2,1
Betsisword,Stormrage,96,warrior,arms,6,1,5
Darkromel,Quel'Thalas,96,warrior,arms,6,1,5
Gromhell,Azralon,96,warrior,arms,6,1,5
Notacop,Malygos,96,warrior,arms,6,1,5
Striphex,Trollbane,96,warrior,arms,6,1,5
Hadrum,Turalyon,96,warrior,arms,6,1,5
Deathislovê,Moonrunner,96,warrior,arms,6,1,5
Nelfmoehawk,Barthilas,96,warrior,arms,6,1,5
Jennatolls,Boulderfist,96,warrior,arms,6,1,5
Xalë,Tichondrius,96,warrior,arms,6,1,5
Wàrrðèémzý,Frostmourne,96,warrior,arms,6,1,5
Atomicboxer,Tichondrius,96,warrior,arms,6,1,5
Silverdeadl,Ragnaros,96,warrior,arms,6,1,5
Xeno,Steamwheedle Cartel,96,warrior,arms,6,1,5
Sosaw,Moon Guard,96,warrior,arms,6,1,5
Maxtavius,Baelgun,96,warrior,arms,6,1,5
Sangettsu,Stormrage,96,warrior,arms,8,1,7
Keringan,Stormrage,79,warrior,arms,5,1,4
Psykd,Arathor,79,warrior,arms,5,1,4
Thewarrior,Tichondrius,48,warrior,arms,3,1,2
Bestgrunt,Tichondrius,96,warrior,arms,6,1,5
Haelerostus,Moon Guard,96,warrior,arms,6,1,5
Äléx,Frostmourne,96,warrior,arms,7,1,6
Tyrannus,Cho'gall,1683,warrior,arms,113,58,55
Áres,Spinebreaker,96,warrior,arms,6,1,5
Yeèzy,Stormrage,192,warrior,arms,6,2,4
Tappyz,Area 52,0,warrior,arms,12,0,12
Tarkvs,Ragnaros,192,warrior,arms,6,2,4
Lawlstørm,Stormrage,192,warrior,arms,12,2,10
Girthyslaps,Frostmourne,0,warrior,arms,6,0,6
Smashxx,Area 52,1816,warrior,arms,95,55,40
Doomreaprr,Hellscream,1330,warrior,arms,50,27,23
Nooy,Blackrock,271,warrior,arms,17,3,14
Raldoron,Thrall,192,warrior,arms,6,2,4
Glamen,Alleria,288,warrior,arms,12,3,9
Bjorgsen,Frostmourne,192,warrior,arms,6,2,4
Nerffrogues,Stormrage,192,warrior,arms,6,2,4
Xaviorn,Illidan,192,warrior,arms,6,2,4
Berario,Garrosh,192,warrior,arms,6,2,4
Kreits,Drakkari,192,warrior,arms,6,2,4
Pisagnòmos,Quel'Thalas,192,warrior,arms,6,2,4
Stinkdog,Khaz'goroth,192,warrior,arms,6,2,4
Chapa,Tichondrius,192,warrior,arms,6,2,4
Focalabbys,Illidan,192,warrior,arms,6,2,4
Kraff,Tichondrius,192,warrior,arms,6,2,4
Papichoppyme,Bleeding Hollow,192,warrior,arms,6,2,4
Luchonamøm,Ragnaros,288,warrior,arms,12,3,9
Titanwarr,Mal'Ganis,192,warrior,arms,6,2,4
Jessicajinn,Illidan,192,warrior,arms,6,2,4
Rassius,Sargeras,192,warrior,arms,6,2,4
Tormite,Spirestone,192,warrior,arms,6,2,4
Råging,Area 52,192,warrior,arms,12,2,10
Hellswine,Barthilas,192,warrior,arms,12,2,10
Gambii,Moon Guard,192,warrior,arms,12,2,10
Schecterguy,Area 52,192,warrior,arms,14,2,12
Fallensoul,Nazjatar,192,warrior,arms,14,2,12
Wyerlyn,Illidan,159,warrior,arms,5,2,3
Arianarkw,Sargeras,192,warrior,arms,9,3,6
Sver,Dalaran,96,warrior,arms,6,1,5
Ghaladir,Area 52,96,warrior,arms,6,1,5
Warbomb,Thrall,96,warrior,arms,6,1,5
Ogrimir,Moon Guard,96,warrior,arms,9,1,8
Morlu,Alleria,96,warrior,arms,6,1,5
Mezw,Tichondrius,96,warrior,arms,6,1,5
Rage,Tanaris,96,warrior,arms,6,1,5
Abaton,Wyrmrest Accord,96,warrior,arms,6,1,5
Cleaver,Draka,192,warrior,arms,12,2,10
Gärroshh,Ragnaros,96,warrior,arms,6,1,5
Racsorr,Ragnaros,192,warrior,arms,12,2,10
Mikachero,Ragnaros,96,warrior,arms,6,1,5
Elodié,Stormrage,96,warrior,arms,6,1,5
Noctrelor,Sargeras,96,warrior,arms,6,1,5
Nyaner,Quel'Thalas,96,warrior,arms,6,1,5
Joetempest,Azralon,96,warrior,arms,6,1,5
Selockclap,Bleeding Hollow,96,warrior,arms,6,1,5
Kado,Zuluhed,96,warrior,arms,6,1,5
Myc,Zul'jin,96,warrior,arms,6,1,5
Sweetlove,Akama,96,warrior,arms,6,1,5
Meelehard,Zul'jin,96,warrior,arms,12,1,11
Njalulfhild,Korgath,0,warrior,arms,6,0,6
Drarn,Norgannon,96,warrior,arms,12,1,11
Sniperbeer,Sargeras,64,warrior,arms,4,1,3
Mantiflash,Stormrage,31,warrior,arms,2,1,1
Flandiz,Sargeras,31,warrior,arms,2,1,1
Lagurtz,Ragnaros,0,warrior,arms,6,0,6
Lavablood,Moon Guard,192,warrior,arms,6,2,4
Bigbungus,Frostmourne,192,warrior,arms,6,2,4
Grommasth,Jubei'Thos,0,warrior,arms,6,0,6
Saabre,Tichondrius,192,warrior,arms,6,2,4
Sheerwill,Wyrmrest Accord,159,warrior,arms,8,3,5
Hexmaul,Zul'jin,31,warrior,arms,2,1,1
Chubw,Tichondrius,96,warrior,arms,6,1,5
Martrek,Aman'Thul,0,warrior,arms,3,0,3
Beilian,Quel'Thalas,192,warrior,arms,6,2,4
Fatbarstard,Jubei'Thos,138,warrior,arms,16,3,13
Alitalia,Thunderlord,192,warrior,arms,6,2,4
Iwooglybool,Icecrown,1456,warrior,arms,52,27,25
Liiberator,Emerald Dream,573,warrior,arms,18,6,12
Dekromm,Tol Barad,287,warrior,arms,12,3,9
Busyguyw,Kil'jaeden,239,warrior,arms,5,3,2
Flyaf,Illidan,192,warrior,arms,6,2,4
Mututu,Frostmourne,192,warrior,arms,6,2,4
Tatro,Tichondrius,192,warrior,arms,6,2,4
Stellabear,Aggramar,192,warrior,arms,6,2,4
Thiccthôt,Frostmourne,192,warrior,arms,6,2,4
Maleficous,Tol Barad,192,warrior,arms,6,2,4
Jéshka,Wyrmrest Accord,192,warrior,arms,6,2,4
Smokingops,Frostmourne,192,warrior,arms,6,2,4
Pookythebear,Tichondrius,192,warrior,arms,6,2,4
Stebe,Thunderlord,192,warrior,arms,6,2,4
Ychazz,Stormrage,192,warrior,arms,6,2,4
Risr,Illidan,192,warrior,arms,6,2,4
Fäey,Dalaran,192,warrior,arms,6,2,4
Adonis,Burning Blade,192,warrior,arms,6,2,4
Overlordz,Azralon,192,warrior,arms,6,2,4
Hurricán,Tichondrius,192,warrior,arms,6,2,4
Vamsx,Barthilas,192,warrior,arms,6,2,4
Joelyyonerr,Barthilas,192,warrior,arms,6,2,4
Spaceshuttle,Bleeding Hollow,192,warrior,arms,6,2,4
Fealix,Moon Guard,192,warrior,arms,6,2,4
Tnknspnk,Magtheridon,192,warrior,arms,6,2,4
Revinth,Sargeras,192,warrior,arms,6,2,4
Yeicomoon,Ragnaros,192,warrior,arms,6,2,4
Xtrego,Quel'Thalas,192,warrior,arms,6,2,4
Oow,Barthilas,192,warrior,arms,6,2,4
Brutaltruth,Dragonmaw,192,warrior,arms,12,2,10
Avondwella,Undermine,192,warrior,arms,12,2,10
Pennyonebutt,Barthilas,192,warrior,arms,12,2,10
Ragekilla,Silvermoon,192,warrior,arms,12,2,10
Goretooth,Moon Guard,192,warrior,arms,12,2,10
Jsl,Tichondrius,192,warrior,arms,12,2,10
Warmachîne,Area 52,192,warrior,arms,12,2,10
Spårtacus,Illidan,192,warrior,arms,12,2,10
Bearyfresh,Area 52,192,warrior,arms,12,2,10
Annyan,Ragnaros,192,warrior,arms,12,2,10
Schecterguy,Stormrage,192,warrior,arms,14,2,12
Hornsolo,Archimonde,175,warrior,arms,11,2,9
Hemmy,Kilrogg,175,warrior,arms,11,2,9
Liftedgainz,Stormreaver,144,warrior,arms,3,3,0
Ivadell,Stormrage,96,warrior,arms,6,1,5
Einoch,Stormrage,96,warrior,arms,6,1,5
Shadowswar,Tichondrius,96,warrior,arms,6,1,5
Rarityw,Tichondrius,96,warrior,arms,6,1,5
Solsirrior,Tichondrius,96,warrior,arms,6,1,5
Cloudsmash,Arthas,96,warrior,arms,6,1,5
Dragginball,Garrosh,96,warrior,arms,6,1,5
Morotak,Area 52,96,warrior,arms,6,1,5
Airwick,Kel'Thuzad,96,warrior,arms,6,1,5
Shelbyqt,Azralon,0,warrior,arms,14,1,13
Nicrose,Hyjal,96,warrior,arms,6,1,5
Blacken,Tichondrius,96,warrior,arms,6,1,5
Glonzito,Tichondrius,96,warrior,arms,6,1,5
Cursedogre,Tichondrius,96,warrior,arms,6,1,5
Dezeran,Tichondrius,96,warrior,arms,6,1,5
Edariana,Dalaran,96,warrior,arms,6,1,5
Nukefrmorbit,Dalaran,96,warrior,arms,6,1,5
Maat,Blood Furnace,96,warrior,arms,8,1,7
Ruinsteel,Area 52,96,warrior,arms,8,1,7
Baozz,Frostmourne,96,warrior,arms,12,1,11
Hexenwolf,Moon Guard,79,warrior,arms,5,1,4
Foldrak,Quel'Thalas,48,warrior,arms,3,1,2
Tåra,Area 52,0,warrior,arms,6,0,6
Orson,Lothar,192,warrior,arms,6,2,4
Shyliar,Thrall,96,warrior,arms,6,1,5
Tehsuperhero,Norgannon,0,warrior,arms,3,1,2
Bigmagron,Azralon,96,warrior,arms,6,1,5
Dex,Saurfang,192,warrior,arms,6,2,4
Zulex,Dath'Remar,192,warrior,arms,6,2,4
Shoresy,Korgath,96,warrior,arms,3,2,1
Jhalakni,Quel'Thalas,192,warrior,arms,12,2,10
Okgotchax,Kel'Thuzad,96,warrior,arms,6,1,5
Abuse,Nordrassil,575,warrior,arms,12,6,6
Rogorof,Azralon,96,warrior,arms,6,1,5
Strongboii,Tichondrius,192,warrior,arms,12,2,10
Dagorine,Eredar,192,warrior,arms,6,2,4
Jowesley,Azralon,105,warrior,arms,14,4,10
Kalabawph,Area 52,192,warrior,arms,6,2,4
Släughter,Zul'jin,96,warrior,arms,6,1,5
Slayabunny,Icecrown,96,warrior,arms,6,1,5
Camphump,Moon Guard,766,warrior,arms,18,8,10
Zugbrained,Zul'jin,271,warrior,arms,11,3,8
Vith,Bleeding Hollow,271,warrior,arms,11,3,8
Blksquadron,Sargeras,253,warrior,arms,12,3,9
Porotitto,Drakkari,192,warrior,arms,11,4,7
Bubjones,Anvilmar,192,warrior,arms,6,2,4
Æxe,Tichondrius,192,warrior,arms,6,2,4
Creedmor,Moon Guard,192,warrior,arms,6,2,4
Chopmeat,Ysera,192,warrior,arms,6,2,4
Mansaniwis,Tichondrius,192,warrior,arms,6,2,4
Minionz,Tichondrius,192,warrior,arms,6,2,4
Wildawar,Tichondrius,192,warrior,arms,6,2,4
Surge,Eredar,192,warrior,arms,6,2,4
Hitokïri,Stormrage,192,warrior,arms,6,2,4
Kuthero,Bonechewer,192,warrior,arms,6,2,4
Tnknspnk,Stormrage,192,warrior,arms,6,2,4
Padregordo,Stormrage,192,warrior,arms,6,2,4
Berserkur,Daggerspine,192,warrior,arms,6,2,4
Warcryof,Illidan,192,warrior,arms,6,2,4
Tokushima,Illidan,192,warrior,arms,6,2,4
Tearadis,Thunderlord,192,warrior,arms,6,2,4
Immadropyou,Mal'Ganis,192,warrior,arms,6,2,4
Eravor,Quel'Thalas,192,warrior,arms,12,2,10
Troyana,Azralon,192,warrior,arms,6,2,4
Draimän,Ragnaros,192,warrior,arms,6,2,4
Pandemonio,Burning Legion,192,warrior,arms,6,2,4
Zabutay,Quel'Thalas,192,warrior,arms,6,2,4
Toscö,Quel'Thalas,192,warrior,arms,6,2,4
Arbitraiter,Whisperwind,192,warrior,arms,6,2,4
Armsracê,Zul'jin,192,warrior,arms,6,2,4
Rexsi,Korgath,192,warrior,arms,9,2,7
Mokthar,Barthilas,192,warrior,arms,12,2,10
Shaffer,Bleeding Hollow,192,warrior,arms,12,2,10
Falcmore,Stormrage,192,warrior,arms,12,2,10
Rutroo,Kel'Thuzad,159,warrior,arms,5,2,3
Rageface,Illidan,128,warrior,arms,4,2,2
Arkenon,Drakkari,192,warrior,arms,12,2,10
Glurg,Illidan,96,warrior,arms,6,1,5
Warsung,Azgalor,96,warrior,arms,6,1,5
Didgeridoo,Stormrage,287,warrior,arms,12,3,9
Keynlor,Antonidas,96,warrior,arms,6,1,5
Blazeblade,Cenarius,96,warrior,arms,6,1,5
Funsize,Dalaran,96,warrior,arms,6,1,5
Shuffle,Velen,96,warrior,arms,6,1,5
Targha,Tichondrius,96,warrior,arms,6,1,5
Wäkko,Stormrage,96,warrior,arms,6,1,5
Mortalbtw,Tichondrius,96,warrior,arms,6,1,5
Jpiece,Tichondrius,96,warrior,arms,6,1,5
Felwariorkig,Tichondrius,96,warrior,arms,6,1,5
Warstun,Tichondrius,96,warrior,arms,6,1,5
Talunus,Tichondrius,96,warrior,arms,6,1,5
Odiiragda,Sargeras,96,warrior,arms,6,1,5
Paveyourcave,Sargeras,96,warrior,arms,6,1,5
Rogswar,Sargeras,96,warrior,arms,6,1,5
Fidelwar,Bleeding Hollow,96,warrior,arms,6,1,5
Vitalocity,Frostmourne,96,warrior,arms,6,1,5
Angryorc,Norgannon,96,warrior,arms,6,1,5
Hazzak,Quel'Thalas,96,warrior,arms,12,1,11
Morkep,Stormrage,96,warrior,arms,12,1,11
Honoriowar,Nemesis,96,warrior,arms,12,1,11
Stackws,Tichondrius,271,warrior,arms,11,3,8
Smashpatatas,Proudmoore,64,warrior,arms,4,1,3
Kothal,Thrall,63,warrior,arms,2,2,0
Anvil,Bronzebeard,63,warrior,arms,2,2,0
Åcé,Ragnaros,48,warrior,arms,9,1,8
Flus,Zul'jin,31,warrior,arms,2,1,1
Clumhaku,Dalaran,192,warrior,arms,6,2,4
Gavrien,Wyrmrest Accord,96,warrior,arms,6,1,5
Jonhy,Illidan,0,warrior,arms,6,0,6
Altharos,Drakkari,0,warrior,arms,6,0,6
Thelma,Archimonde,192,warrior,arms,6,2,4
Notzyeal,Area 52,96,warrior,arms,6,1,5
Barsol,Ragnaros,96,warrior,arms,3,2,1
Vethronis,Dalaran,96,warrior,arms,6,1,5
Bloodscream,Magtheridon,192,warrior,arms,6,2,4
Warmaghar,Azralon,574,warrior,arms,18,6,12
Deepsplitter,Illidan,192,warrior,arms,6,2,4
Smashr,Tichondrius,96,warrior,arms,9,2,7
Harthan,Stormscale,0,warrior,arms,12,0,12
Redrunebar,Illidan,192,warrior,arms,10,2,8
Rexxunos,Ragnaros,0,warrior,arms,10,1,9
Borealiss,Ragnaros,192,warrior,arms,6,2,4
Disheartened,Wyrmrest Accord,192,warrior,arms,6,2,4
Garagedays,Area 52,96,warrior,arms,6,1,5
Agram,Alleria,0,warrior,arms,6,0,6
Sickwar,Emerald Dream,96,warrior,arms,12,1,11
Finana,Illidan,0,warrior,arms,1,0,1
Pornawar,Area 52,192,warrior,arms,6,2,4
Hypëriøn,Bleeding Hollow,96,warrior,arms,6,1,5
Nabangle,Barthilas,192,warrior,arms,6,2,4
Zingywar,Tichondrius,576,warrior,arms,12,6,6
Faduuba,Quel'Thalas,240,warrior,arms,9,3,6
Harlo,Ner'zhul,192,warrior,arms,6,2,4
Danksoms,Arthas,192,warrior,arms,6,2,4
Depressedman,Tichondrius,192,warrior,arms,6,2,4
Sweatyvols,Illidan,192,warrior,arms,6,2,4
Josmawar,Drakkari,192,warrior,arms,6,2,4
Darkstrikee,Tichondrius,192,warrior,arms,6,2,4
Ulkharek,Wyrmrest Accord,192,warrior,arms,6,2,4
Variants,Azralon,192,warrior,arms,6,2,4
Kénny,Stormrage,192,warrior,arms,6,2,4
Ruinhorn,Thrall,192,warrior,arms,6,2,4
Dunklad,Thrall,192,warrior,arms,6,2,4
Bestexecutes,Stormrage,192,warrior,arms,6,2,4
Denival,Proudmoore,192,warrior,arms,6,2,4
Tankum,Dunemaul,192,warrior,arms,6,2,4
Crno,Stormrage,192,warrior,arms,6,2,4
Saltos,Frostmourne,192,warrior,arms,6,2,4
Ggcthulu,Area 52,1134,warrior,arms,24,12,12
Treeinchkokk,Area 52,192,warrior,arms,6,2,4
Warhova,Area 52,192,warrior,arms,6,2,4
Exec,Mannoroth,192,warrior,arms,6,2,4
Smokinaces,Emerald Dream,192,warrior,arms,6,2,4
Liabilities,Icecrown,192,warrior,arms,6,2,4
Yeetzbytre,Sargeras,192,warrior,arms,6,2,4
Steelbane,Moon Guard,192,warrior,arms,6,2,4
Plata,Akama,192,warrior,arms,6,2,4
Linkedd,Sargeras,192,warrior,arms,6,2,4
Amicus,Frostmourne,192,warrior,arms,7,2,5
Zulm,Emerald Dream,192,warrior,arms,12,2,10
Grègore,Stormrage,192,warrior,arms,12,2,10
Artá,Uldum,192,warrior,arms,12,2,10
Tour,Proudmoore,160,warrior,arms,10,2,8
Zîppyx,Tichondrius,159,warrior,arms,5,2,3
Leshak,Tichondrius,159,warrior,arms,5,2,3
Dösiërx,Area 52,138,warrior,arms,9,3,6
Ranikmurr,Moon Guard,96,warrior,arms,3,2,1
Warriorlover,Stormrage,96,warrior,arms,6,1,5
Radenos,Proudmoore,96,warrior,arms,6,1,5
Iscylicene,Tichondrius,96,warrior,arms,6,1,5
Wrex,Bleeding Hollow,96,warrior,arms,6,1,5
Skrtcobain,Moon Guard,96,warrior,arms,6,1,5
Thiq,Proudmoore,96,warrior,arms,6,1,5
Tagaash,Azralon,96,warrior,arms,6,1,5
Serakur,Emerald Dream,96,warrior,arms,6,1,5
Forsake,Daggerspine,192,warrior,arms,12,2,10
Elryth,Ragnaros,96,warrior,arms,6,1,5
Tømy,Quel'Thalas,96,warrior,arms,6,1,5
Kaysin,Sargeras,96,warrior,arms,6,1,5
Clêaved,Darkspear,16,warrior,arms,1,1,0
Arkey,Quel'dorei,192,warrior,arms,6,2,4
Andreas,Quel'Thalas,0,warrior,arms,2,0,2
Executed,Blackhand,0,warrior,arms,6,0,6
Feetpicsx,Tichondrius,96,warrior,arms,6,1,5
Bigs,Exodar,0,warrior,arms,6,0,6
Myrä,Kel'Thuzad,0,warrior,arms,6,0,6
Sánsón,Illidan,96,warrior,arms,6,1,5
Grekk,Kel'Thuzad,192,warrior,arms,6,2,4
Nazuke,Wyrmrest Accord,192,warrior,arms,6,2,4
Sweetred,Windrunner,96,warrior,arms,6,1,5
Belakorr,Frostmourne,240,warrior,arms,9,3,6
Bubbleho,Thrall,192,warrior,arms,6,2,4
Wreckan,Darkspear,192,warrior,arms,6,2,4
Moruken,Mal'Ganis,192,warrior,arms,6,2,4
Golmash,Draenor,192,warrior,arms,6,2,4
Trashish,Tichondrius,192,warrior,arms,6,2,4
Checkeett,Sargeras,192,warrior,arms,6,2,4
Zugzùgly,Illidan,192,warrior,arms,8,2,6
Kebechett,Emerald Dream,192,warrior,arms,18,2,16
Warriorworth,Stormrage,128,warrior,arms,4,2,2
Haytham,Kil'jaeden,96,warrior,arms,6,1,5
Giganos,Emerald Dream,96,warrior,arms,6,1,5
Barrahcouta,Barthilas,96,warrior,arms,6,1,5
Deventodd,Moon Guard,96,warrior,arms,6,1,5
Samacus,Moon Guard,96,warrior,arms,6,1,5
Gæbe,Moon Guard,96,warrior,arms,6,1,5
Torthak,Area 52,0,warrior,arms,3,1,2
Raazzawar,Moon Guard,192,warrior,arms,6,2,4
Lylyna,Moon Guard,0,warrior,arms,6,0,6
Slambiggly,Tichondrius,192,warrior,arms,12,2,10
Kråtøs,Nordrassil,1214,warrior,arms,48,18,30
Iloveremi,Sargeras,384,warrior,arms,6,4,2
Wardaddÿ,Zul'jin,192,warrior,arms,6,2,4
Einerjar,Kel'Thuzad,192,warrior,arms,12,2,10
Doomtheog,Tichondrius,192,warrior,arms,6,2,4
Bamxz,Stormrage,192,warrior,arms,6,2,4
Tergg,Silvermoon,192,warrior,arms,6,2,4
Dylberta,Tichondrius,192,warrior,arms,6,2,4
Playdohxt,Frostmourne,192,warrior,arms,6,2,4
Okcomputer,Bleeding Hollow,192,warrior,arms,6,2,4
Rawcancer,Mal'Ganis,192,warrior,arms,6,2,4
Gio,Duskwood,192,warrior,arms,6,2,4
Ällfather,Proudmoore,192,warrior,arms,6,2,4
Admission,Dalaran,192,warrior,arms,6,2,4
Frantic,Korialstrasz,192,warrior,arms,6,2,4
Duraffe,Moon Guard,192,warrior,arms,10,2,8
Øverpowwer,Azralon,192,warrior,arms,11,2,9
Senia,Coilfang,192,warrior,arms,13,2,11
Rezsicknéss,Eonar,191,warrior,arms,6,2,4
Arthíc,Ragnaros,42,warrior,arms,8,2,6
Krustywarr,Area 52,192,warrior,arms,6,2,4
Ociriu,Quel'Thalas,192,warrior,arms,6,2,4
Hackett,Blade's Edge,192,warrior,arms,6,2,4
Aarontaylor,Bloodscalp,96,warrior,arms,6,1,5
Kønan,Stormrage,192,warrior,arms,6,2,4
Cleavebøt,Sargeras,192,warrior,arms,6,2,4
Bilmuri,Proudmoore,192,warrior,arms,6,2,4
Fumabolo,Azralon,192,warrior,arms,6,2,4
Auncie,Aggramar,192,warrior,arms,6,2,4
Zatanika,Ragnaros,192,warrior,arms,6,2,4
Barrigudo,Ragnaros,192,warrior,arms,6,2,4
Darkø,Quel'Thalas,192,warrior,arms,6,2,4
Bloodchip,Stormrage,192,warrior,arms,6,2,4
Umaim,Bleeding Hollow,192,warrior,arms,6,2,4
Lynchis,Thunderlord,192,warrior,arms,6,2,4
Jarolan,Tichondrius,192,warrior,arms,12,2,10
Robdamanuwu,Tichondrius,192,warrior,arms,6,2,4
Praetorus,Mal'Ganis,0,warrior,arms,6,0,6
Stinkers,Proudmoore,234,warrior,arms,16,4,12
Venrod,Ragnaros,511,warrior,arms,11,6,5
Toüka,Ragnaros,192,warrior,arms,6,2,4
Bootylordxx,Stormrage,192,warrior,arms,6,2,4
Steelz,Nemesis,96,warrior,arms,6,1,5
Bedlamite,Korgath,96,warrior,arms,6,1,5
Kerrploop,Bleeding Hollow,0,warrior,arms,3,0,3
Borparick,Zul'jin,96,warrior,arms,12,1,11
Roken,Crushridge,0,warrior,arms,6,0,6
Rongwei,Tichondrius,192,warrior,arms,6,2,4
Xenagoss,Ragnaros,240,warrior,arms,9,3,6
Brutalshat,Mal'Ganis,192,warrior,arms,6,2,4
Wheredugodad,Area 52,192,warrior,arms,6,2,4
Cultday,Azralon,192,warrior,arms,6,2,4
Koreanbbq,Tichondrius,192,warrior,arms,6,2,4
Mbappéwar,Ragnaros,192,warrior,arms,6,2,4
Endraga,Aerie Peak,192,warrior,arms,6,2,4
Varrx,Illidan,192,warrior,arms,6,2,4
Zurukage,Bleeding Hollow,192,warrior,arms,6,2,4
Prebio,Tichondrius,192,warrior,arms,6,2,4
Strongish,Tichondrius,192,warrior,arms,6,2,4
Tonybojazy,Magtheridon,192,warrior,arms,9,2,7
Foxlair,Tichondrius,192,warrior,arms,12,2,10
Chomax,Frostmourne,96,warrior,arms,6,1,5
Josaburo,Tichondrius,0,warrior,arms,6,0,6
Tweekaz,Tichondrius,96,warrior,arms,6,1,5
Furiouskoda,Draenor,96,warrior,arms,6,1,5
Worldslayer,Illidan,96,warrior,arms,6,1,5
Ruululu,Tichondrius,0,warrior,arms,6,0,6
Goofier,Area 52,96,warrior,arms,6,1,5
Ethan,Area 52,192,warrior,arms,6,2,4
Ulfkrieg,Stormrage,96,warrior,arms,12,1,11
Hellgorack,Ragnaros,234,warrior,arms,9,4,5
