name,realm,rating,cls,spec,play,win,lose
Phearbunny,bleeding-hollow,1523,deathknight,blood,60,31,29
Bloodbukkaky,bleeding-hollow,956,deathknight,blood,24,10,14
Valind,eredar,670,deathknight,blood,12,7,5
Blasphemus,malganis,575,deathknight,blood,12,6,6
Tristam,area-52,384,deathknight,blood,6,4,2
Pagumon,moon-guard,288,deathknight,blood,12,3,9
Partywaffles,illidan,2105,deathknight,unholy,98,53,45
Níngjìng,tichondrius,2041,deathknight,unholy,78,41,37
Graphics,moon-guard,1974,deathknight,unholy,113,54,59
Veilsidé,kelthuzad,1972,deathknight,unholy,108,56,52
Plagueflavor,tichondrius,1960,deathknight,unholy,57,33,24
Spaidzz,malganis,1957,deathknight,unholy,92,44,48
Chillbayné,the-scryers,1927,deathknight,unholy,77,45,32
Vineyard,area-52,1920,deathknight,unholy,83,40,43
Scriptløl,sargeras,1918,deathknight,unholy,108,49,59
Zynyzter,malganis,1912,deathknight,unholy,72,41,31
Roidboy,illidan,1903,deathknight,unholy,73,35,38
Neroxz,area-52,1890,deathknight,unholy,59,28,31
Áethros,malganis,1879,deathknight,unholy,84,42,42
Sinell,kargath,1859,deathknight,unholy,75,47,28
Lattè,area-52,1859,deathknight,unholy,55,30,25
Achílles,sargeras,1854,deathknight,unholy,78,33,45
Xebane,frostmourne,1852,deathknight,unholy,156,87,69
Wøund,black-dragonflight,1851,deathknight,unholy,48,31,17
Anatøly,ragnaros,1827,deathknight,unholy,42,21,21
Serwestley,stormrage,1820,deathknight,unholy,59,31,28
Éternalnight,tichondrius,1820,deathknight,unholy,58,27,31
Flizzycash,malganis,1816,deathknight,unholy,56,27,29
Cavaliers,ragnaros,1813,deathknight,unholy,42,20,22
Necrôtic,area-52,1812,deathknight,unholy,66,32,34
Infectik,tichondrius,1807,deathknight,unholy,59,35,24
Grimiz,tichondrius,1806,deathknight,unholy,48,25,23
Kaeligh,ragnaros,1803,deathknight,unholy,66,29,37
Starshopping,proudmoore,1800,deathknight,unholy,37,20,17
Apøçálýpsé,firetree,1790,deathknight,unholy,61,33,28
Nevmic,emerald-dream,1784,deathknight,unholy,56,28,28
Dkya,tichondrius,1781,deathknight,unholy,60,29,31
Nixonxx,tichondrius,1779,deathknight,unholy,35,27,8
Boneyards,bleeding-hollow,1756,deathknight,unholy,66,29,37
Xiaodabaolol,tichondrius,1751,deathknight,unholy,48,26,22
Morbiddesire,stormrage,1739,deathknight,unholy,57,30,27
Haldevarik,doomhammer,1734,deathknight,unholy,66,33,33
Riddles,maiev,1721,deathknight,unholy,95,48,47
Noik,azralon,1707,deathknight,unholy,75,36,39
Orkky,jubeithos,1705,deathknight,unholy,45,26,19
Imadkloldie,frostmourne,1694,deathknight,unholy,72,38,34
Altareon,ragnaros,1694,deathknight,unholy,54,27,27
Aldebamuu,ragnaros,1687,deathknight,unholy,30,19,11
Drauguss,azralon,1678,deathknight,unholy,40,21,19
Spacealien,malganis,1667,deathknight,unholy,42,23,19
Nalz,drakkari,1663,deathknight,unholy,42,22,20
Mephostophel,sargeras,1650,deathknight,unholy,60,31,29
Släke,azralon,1645,deathknight,unholy,36,22,14
Ligmagooch,tichondrius,1644,deathknight,unholy,45,24,21
Justafkdk,gorefiend,1631,deathknight,unholy,48,23,25
Dialysis,emerald-dream,1629,deathknight,unholy,54,30,24
Sannistus,ysera,1629,deathknight,unholy,65,35,30
Properterps,bonechewer,1627,deathknight,unholy,29,20,9
Hwml,barthilas,1626,deathknight,unholy,39,20,19
Paratekdk,thrall,1625,deathknight,unholy,71,39,32
Wheatasil,garona,1618,deathknight,unholy,64,33,31
Khaíne,wyrmrest-accord,1607,deathknight,unholy,52,27,25
Orphanmakerx,area-52,1606,deathknight,unholy,54,21,33
Yubell,barthilas,1605,deathknight,unholy,83,40,43
Puppykisses,perenolde,1605,deathknight,unholy,59,23,36
Kaaizer,azralon,1601,deathknight,unholy,90,54,36
Carryme,quelthalas,1581,deathknight,unholy,36,19,17
Kwolve,proudmoore,1578,deathknight,unholy,45,22,23
Grimmdreamer,stormrage,1573,deathknight,unholy,40,20,20
Dashinglee,proudmoore,1571,deathknight,unholy,48,22,26
Typhøn,illidan,1564,deathknight,unholy,47,25,22
Ousted,daggerspine,1563,deathknight,unholy,30,17,13
Zerhistran,proudmoore,1550,deathknight,unholy,90,43,47
Aradorn,azralon,1544,deathknight,unholy,65,32,33
Mortarîon,moon-guard,1541,deathknight,unholy,42,21,21
Xibbas,illidan,1530,deathknight,unholy,24,16,8
Ullísés,ragnaros,1521,deathknight,unholy,33,17,16
Asheravon,moon-guard,1517,deathknight,unholy,30,16,14
Arc,maiev,1517,deathknight,unholy,65,23,42
Drpepp,bleeding-hollow,1514,deathknight,unholy,65,35,30
Allhejluya,illidan,1509,deathknight,unholy,97,52,45
Wastethis,sargeras,1507,deathknight,unholy,30,17,13
Aurious,lightnings-blade,1507,deathknight,unholy,36,16,20
Zìlêán,tichondrius,1502,deathknight,unholy,43,18,25
Zerøimperial,quelthalas,1495,deathknight,unholy,72,30,42
Zaluster,malganis,1481,deathknight,unholy,108,55,53
Nialich,kelthuzad,1476,deathknight,unholy,41,16,25
Kalgor,illidan,1464,deathknight,unholy,42,19,23
Fellenn,stormrage,1454,deathknight,unholy,42,28,14
Corrpsse,tichondrius,1454,deathknight,unholy,60,33,27
Balboskina,shattered-hand,1453,deathknight,unholy,62,33,29
Rk,blackhand,1451,deathknight,unholy,85,52,33
Frostbite,the-venture-co,1449,deathknight,unholy,42,23,19
Banjingquan,tichondrius,1447,deathknight,unholy,36,21,15
Gottajuice,moonrunner,1444,deathknight,unholy,33,18,15
Fasterjake,sargeras,1439,deathknight,unholy,33,17,16
Exin,cenarion-circle,1432,deathknight,unholy,24,15,9
Hrsb,tichondrius,1428,deathknight,unholy,24,15,9
Giznator,malganis,1425,deathknight,unholy,30,15,15
Boofcigars,sargeras,1415,deathknight,unholy,30,15,15
Bloodramen,dalaran,1410,deathknight,unholy,99,53,46
Zuly,moon-guard,1406,deathknight,unholy,65,31,34
Tigs,proudmoore,1405,deathknight,unholy,54,25,29
Darkdj,kelthuzad,1402,deathknight,unholy,43,16,27
Hornpipe,borean-tundra,1395,deathknight,unholy,66,30,36
Zeban,area-52,1392,deathknight,unholy,30,15,15
Tronnie,kelthuzad,1390,deathknight,unholy,30,15,15
Fugs,ghostlands,1380,deathknight,unholy,50,26,24
Sparklekitty,illidan,1374,deathknight,unholy,24,16,8
Mazey,moon-guard,1371,deathknight,unholy,78,42,36
Emopalli,tichondrius,1366,deathknight,unholy,42,16,26
Putrefactive,frostmourne,1359,deathknight,unholy,33,16,17
Belegos,quelthalas,1357,deathknight,unholy,61,28,33
Bumbleton,blackrock,1349,deathknight,unholy,45,24,21
Brandonsdk,tichondrius,1341,deathknight,unholy,24,14,10
Warrcc,steamwheedle-cartel,1340,deathknight,unholy,30,14,16
Waremoto,ragnaros,1333,deathknight,unholy,51,31,20
Dethcro,shandris,1330,deathknight,unholy,36,18,18
Reinhartlol,sargeras,1323,deathknight,unholy,45,17,28
Earador,dalaran,1321,deathknight,unholy,30,15,15
Fadedlight,zuljin,1321,deathknight,unholy,30,14,16
Knownkilla,hyjal,1316,deathknight,unholy,30,17,13
Obedient,firetree,1303,deathknight,unholy,30,16,14
Genjírou,frostwolf,1302,deathknight,unholy,36,14,22
Ñovacaine,moon-guard,1288,deathknight,unholy,38,17,21
Aerd,sargeras,1277,deathknight,unholy,26,14,12
Ometecuhtli,kelthuzad,1273,deathknight,unholy,60,35,25
Urieen,gorefiend,1262,deathknight,unholy,41,17,24
Unhølydøøm,misha,1258,deathknight,unholy,48,25,23
Greeasy,bleeding-hollow,1251,deathknight,unholy,23,14,9
Pettyk,tichondrius,1248,deathknight,unholy,24,13,11
Azynks,azralon,1246,deathknight,unholy,24,13,11
Ownaron,moon-guard,1246,deathknight,unholy,39,21,18
Catarïa,tichondrius,1246,deathknight,unholy,30,13,17
Bladê,tichondrius,1240,deathknight,unholy,36,13,23
Rhaenyrà,tichondrius,1239,deathknight,unholy,24,14,10
Ghoulslasher,bleeding-hollow,1234,deathknight,unholy,30,13,17
Lorð,malganis,1223,deathknight,unholy,36,19,17
Potatobob,dalaran,1222,deathknight,unholy,30,13,17
Gatrars,sargeras,1221,deathknight,unholy,48,21,27
Harókz,azralon,1182,deathknight,unholy,23,13,10
Deliriioh,ragnaros,1169,deathknight,unholy,24,13,11
Ântipaladin,arthas,1167,deathknight,unholy,28,13,15
Oql,tichondrius,1152,deathknight,unholy,24,12,12
Merados,quelthalas,1151,deathknight,unholy,25,12,13
Krätos,zuljin,1150,deathknight,unholy,18,12,6
Azhid,tichondrius,1150,deathknight,unholy,24,12,12
Arroyo,borean-tundra,1149,deathknight,unholy,24,12,12
Saighast,illidan,1144,deathknight,unholy,18,12,6
Tiansama,ragnaros,1143,deathknight,unholy,18,12,6
Sgtdead,thrall,1142,deathknight,unholy,18,12,6
Gankstagrip,anvilmar,1140,deathknight,unholy,24,12,12
Soulhuntress,doomhammer,1136,deathknight,unholy,38,18,20
Kallgìn,emerald-dream,1117,deathknight,unholy,24,13,11
Unholyfish,malganis,1105,deathknight,unholy,29,12,17
Deathnorris,zuljin,1103,deathknight,unholy,32,17,15
Demonboyjr,tichondrius,1087,deathknight,unholy,34,12,22
Cesaroo,aegwynn,1086,deathknight,unholy,26,12,14
Juelzjerk,tichondrius,1056,deathknight,unholy,18,11,7
Omegaseven,gorgonnash,1056,deathknight,unholy,33,16,17
Barelyviable,tichondrius,1056,deathknight,unholy,30,11,19
Unholykevin,sargeras,1055,deathknight,unholy,18,11,7
Lovedaddy,frostmourne,1055,deathknight,unholy,24,11,13
Gwiffhm,tichondrius,1055,deathknight,unholy,24,11,13
Tkyo,tichondrius,1055,deathknight,unholy,30,11,19
Hhasaki,area-52,1054,deathknight,unholy,18,11,7
Idodamn,tichondrius,1053,deathknight,unholy,18,11,7
Megatroun,stormreaver,1053,deathknight,unholy,24,11,13
Landez,ragnaros,1052,deathknight,unholy,18,11,7
Deathpool,shadowmoon,1051,deathknight,unholy,30,11,19
Draenor,shadowmoon,1049,deathknight,unholy,18,11,7
Plagueghoul,wyrmrest-accord,1041,deathknight,unholy,24,11,13
Drowhd,nemesis,1039,deathknight,unholy,24,11,13
Abroham,arthas,1034,deathknight,unholy,23,12,11
Halvôr,moon-guard,1031,deathknight,unholy,30,11,19
Rängi,caelestrasz,1027,deathknight,unholy,54,17,37
Oldskul,sargeras,1025,deathknight,unholy,20,11,9
Bazzingaxd,hyjal,1009,deathknight,unholy,18,12,6
Vaske,azjolnerub,963,deathknight,unholy,55,20,35
Kilohotel,stormrage,960,deathknight,unholy,18,10,8
Youngmoneyyd,illidan,959,deathknight,unholy,12,10,2
Takeurcheeks,tichondrius,959,deathknight,unholy,24,10,14
Vazarus,darrowmere,958,deathknight,unholy,18,10,8
Mords,area-52,957,deathknight,unholy,24,10,14
Lùcius,garrosh,956,deathknight,unholy,24,10,14
Darktrinnity,nemesis,951,deathknight,unholy,23,11,12
Thaylenaar,eredar,947,deathknight,unholy,18,10,8
Plaguebreak,darrowmere,913,deathknight,unholy,18,11,7
Shélly,ragnaros,907,deathknight,unholy,17,10,7
Geomdae,tichondrius,895,deathknight,unholy,17,10,7
Heärt,bleeding-hollow,885,deathknight,unholy,26,10,16
Dunduner,tichondrius,864,deathknight,unholy,12,9,3
Arktoz,tichondrius,864,deathknight,unholy,12,9,3
Nerfdklul,illidan,864,deathknight,unholy,12,9,3
Buldrokastee,tichondrius,864,deathknight,unholy,18,9,9
Ilceses,area-52,864,deathknight,unholy,18,9,9
Brocigar,tichondrius,864,deathknight,unholy,18,9,9
Arcticc,area-52,864,deathknight,unholy,24,9,15
Twindleroot,aggramar,863,deathknight,unholy,18,9,9
Vynlerran,skullcrusher,862,deathknight,unholy,18,9,9
Gerometal,ragnaros,862,deathknight,unholy,24,9,15
Hatreon,sargeras,861,deathknight,unholy,12,9,3
Xhoul,sargeras,861,deathknight,unholy,18,9,9
Cosanostrá,malganis,860,deathknight,unholy,12,9,3
Sidbane,kalecgos,859,deathknight,unholy,19,9,10
Tinytanx,aerie-peak,856,deathknight,unholy,24,9,15
Exequias,zuljin,854,deathknight,unholy,12,9,3
Muffinstomp,eredar,854,deathknight,unholy,18,9,9
Magipierrot,ragnaros,853,deathknight,unholy,22,10,12
Sadboy,grizzly-hills,831,deathknight,unholy,17,9,8
Vampirecarti,tichondrius,793,deathknight,unholy,14,9,5
Wndypefrcorn,sargeras,781,deathknight,unholy,13,9,4
Mesx,illidan,768,deathknight,unholy,12,8,4
Dicromick,illidan,768,deathknight,unholy,15,9,6
Brutos,thrall,768,deathknight,unholy,15,9,6
Lazarise,area-52,768,deathknight,unholy,18,8,10
Shadowsdk,tichondrius,768,deathknight,unholy,18,8,10
Ermanotruta,azralon,768,deathknight,unholy,18,8,10
Immadkx,area-52,768,deathknight,unholy,24,8,16
Kinkysgnome,tichondrius,768,deathknight,unholy,24,8,16
Ludgan,stormrage,768,deathknight,unholy,24,8,16
Vesel,tichondrius,768,deathknight,unholy,24,8,16
Sammåel,malganis,767,deathknight,unholy,12,8,4
Krargosh,quelthalas,767,deathknight,unholy,18,8,10
Dexarax,norgannon,766,deathknight,unholy,18,8,10
Shadowghast,saurfang,765,deathknight,unholy,12,8,4
Vexxan,thrall,735,deathknight,unholy,17,8,9
Mårlbørø,tichondrius,735,deathknight,unholy,17,8,9
Annerito,area-52,735,deathknight,unholy,17,8,9
Grayfoxx,twisting-nether,719,deathknight,unholy,17,8,9
Möchi,ragnaros,718,deathknight,unholy,15,8,7
Somethingdum,sargeras,703,deathknight,unholy,16,8,8
Froznorbs,tichondrius,700,deathknight,unholy,14,8,6
Arthez,frostmourne,672,deathknight,unholy,12,7,5
Plag,bleeding-hollow,672,deathknight,unholy,12,7,5
Standalizer,gilneas,672,deathknight,unholy,12,7,5
Dâki,blades-edge,672,deathknight,unholy,12,7,5
Chalamander,tichondrius,672,deathknight,unholy,12,7,5
Littlekims,emerald-dream,672,deathknight,unholy,12,7,5
Fuzzknight,ravenholdt,672,deathknight,unholy,12,7,5
Toophus,sargeras,672,deathknight,unholy,14,7,7
Kortingert,nagrand,672,deathknight,unholy,18,7,11
Dominos,tichondrius,672,deathknight,unholy,18,7,11
Tduggylolz,tichondrius,672,deathknight,unholy,18,7,11
Bryku,tichondrius,672,deathknight,unholy,18,7,11
Darkunral,stormrage,672,deathknight,unholy,18,7,11
Bannedforevr,dalaran,672,deathknight,unholy,18,7,11
Cardii,area-52,672,deathknight,unholy,24,7,17
Deathboost,stormrage,672,deathknight,unholy,24,7,17
Xenocrates,illidan,672,deathknight,unholy,24,7,17
Polpop,zuljin,671,deathknight,unholy,12,7,5
Mfknight,archimonde,671,deathknight,unholy,18,7,11
Treikorh,quelthalas,671,deathknight,unholy,18,7,11
Unrealzrotz,tichondrius,669,deathknight,unholy,12,7,5
Irokthefrost,frostmourne,669,deathknight,unholy,12,7,5
Grtmisdirect,illidan,666,deathknight,unholy,21,8,13
Beanboyx,tichondrius,639,deathknight,unholy,11,7,4
Mèrc,ragnaros,639,deathknight,unholy,17,7,10
Anonymousix,kelthuzad,623,deathknight,unholy,11,7,4
Azibar,moon-guard,607,deathknight,unholy,11,7,4
Rarum,bleeding-hollow,576,deathknight,unholy,6,6,0
Ragsec,bleeding-hollow,576,deathknight,unholy,6,6,0
Azre,tichondrius,576,deathknight,unholy,12,6,6
Lagérthâ,ragnaros,576,deathknight,unholy,12,6,6
Raaizz,ragnaros,576,deathknight,unholy,12,6,6
Fatzilla,tichondrius,576,deathknight,unholy,12,6,6
Bébøp,malganis,576,deathknight,unholy,12,6,6
Rognarash,emerald-dream,576,deathknight,unholy,12,6,6
Flarkness,area-52,576,deathknight,unholy,12,6,6
Desen,arthas,576,deathknight,unholy,12,6,6
Ningjinglol,tichondrius,576,deathknight,unholy,12,6,6
Utthrity,ysera,576,deathknight,unholy,12,6,6
Runeswanson,area-52,576,deathknight,unholy,12,6,6
Delwrath,proudmoore,576,deathknight,unholy,12,6,6
Ridesatenspd,caelestrasz,576,deathknight,unholy,12,6,6
Jarah,destromath,576,deathknight,unholy,12,6,6
Any,the-venture-co,576,deathknight,unholy,12,6,6
Kryptikkyt,blackrock,576,deathknight,unholy,12,6,6
Justtaki,zuljin,576,deathknight,unholy,12,6,6
Flavorchops,kelthuzad,576,deathknight,unholy,18,6,12
Lainmortal,ragnaros,576,deathknight,unholy,18,6,12
Hotdk,thrall,576,deathknight,unholy,18,6,12
Exaar,tichondrius,576,deathknight,unholy,18,6,12
Bukum,zuljin,576,deathknight,unholy,18,6,12
Fortissax,area-52,576,deathknight,unholy,18,6,12
Õdin,area-52,576,deathknight,unholy,18,6,12
Jaxxftw,azralon,575,deathknight,unholy,12,6,6
Frðst,executus,575,deathknight,unholy,12,6,6
Leviiathan,tichondrius,575,deathknight,unholy,12,6,6
Åkatsukii,uther,575,deathknight,unholy,12,6,6
Killerundead,area-52,575,deathknight,unholy,15,7,8
Vapelounge,darkspear,574,deathknight,unholy,18,6,12
Juggérnaút,bonechewer,572,deathknight,unholy,12,6,6
Syzurp,barthilas,558,deathknight,unholy,13,7,6
Avengering,tichondrius,544,deathknight,unholy,10,7,3
Poonen,area-52,543,deathknight,unholy,11,6,5
Galarick,area-52,527,deathknight,unholy,11,6,5
Lichtborne,illidan,522,deathknight,unholy,20,7,13
Chës,tichondrius,522,deathknight,unholy,22,7,15
Ðogmá,vashj,480,deathknight,unholy,6,5,1
Boofcigars,kelthuzad,480,deathknight,unholy,6,5,1
Jakeboyswag,shandris,480,deathknight,unholy,6,5,1
Svlla,doomhammer,480,deathknight,unholy,6,5,1
Depthknight,barthilas,480,deathknight,unholy,6,5,1
Emarose,illidan,480,deathknight,unholy,12,5,7
Römney,stormrage,480,deathknight,unholy,12,5,7
Orphnoch,illidan,480,deathknight,unholy,12,5,7
Swänsz,stormrage,480,deathknight,unholy,12,5,7
Gorillagrip,sargeras,480,deathknight,unholy,12,5,7
Goonà,tichondrius,480,deathknight,unholy,12,5,7
Tailm,ragnaros,480,deathknight,unholy,12,5,7
Defekaite,kiljaeden,480,deathknight,unholy,12,5,7
Cosmicrune,turalyon,480,deathknight,unholy,12,5,7
Mordumi,stormrage,480,deathknight,unholy,12,5,7
Defaultz,turalyon,480,deathknight,unholy,12,5,7
Iamthedanger,aerie-peak,480,deathknight,unholy,12,5,7
Vynox,frostmourne,480,deathknight,unholy,12,5,7
Andem,elune,480,deathknight,unholy,12,5,7
Hardtoplaydk,chogall,480,deathknight,unholy,12,5,7
Riparonii,illidan,480,deathknight,unholy,12,5,7
Sylèss,tichondrius,480,deathknight,unholy,18,5,13
Lagmasterx,sargeras,480,deathknight,unholy,18,5,13
Stangz,bonechewer,480,deathknight,unholy,18,5,13
Dûsk,thunderlord,480,deathknight,unholy,18,5,13
Rongkhun,proudmoore,480,deathknight,unholy,24,5,19
Caqw,akama,479,deathknight,unholy,12,5,7
Polydeuces,queldorei,479,deathknight,unholy,12,5,7
Nicrack,malganis,479,deathknight,unholy,12,5,7
Deathfearsme,kiljaeden,479,deathknight,unholy,12,5,7
Itired,tichondrius,479,deathknight,unholy,12,5,7
Starset,burning-legion,472,deathknight,unholy,12,5,7
Mordeo,bleeding-hollow,463,deathknight,unholy,17,5,12
Sorry,ysera,432,deathknight,unholy,9,6,3
Wryu,malganis,431,deathknight,unholy,11,5,6
Soulhand,tichondrius,416,deathknight,unholy,10,5,5
Nekrosys,eitrigg,416,deathknight,unholy,10,5,5
Testifier,illidan,415,deathknight,unholy,8,5,3
Dandandor,muradin,412,deathknight,unholy,8,5,3
Frostology,echo-isles,399,deathknight,unholy,5,5,0
Koreandk,tichondrius,384,deathknight,unholy,6,4,2
Sleezyfbaby,sargeras,384,deathknight,unholy,6,4,2
Evilbot,tichondrius,384,deathknight,unholy,6,4,2
Festers,burning-legion,384,deathknight,unholy,6,4,2
Bruceleedk,tichondrius,384,deathknight,unholy,6,4,2
Aiglj,illidan,384,deathknight,unholy,6,4,2
Vaizard,malganis,384,deathknight,unholy,6,4,2
Wednesdæ,moon-guard,384,deathknight,unholy,6,4,2
Deatheey,area-52,384,deathknight,unholy,6,4,2
Claudio,tichondrius,384,deathknight,unholy,6,4,2
Barakhenaku,illidan,384,deathknight,unholy,6,4,2
Vampygeizt,zuljin,384,deathknight,unholy,6,4,2
Darkwraith,illidan,384,deathknight,unholy,6,4,2
Mistmoorex,stormscale,384,deathknight,unholy,6,4,2
Deathbloss,illidan,384,deathknight,unholy,8,5,3
Golurun,tichondrius,384,deathknight,unholy,7,4,3
Hounura,dathremar,384,deathknight,unholy,12,4,8
Annuvyz,darkspear,384,deathknight,unholy,12,4,8
Coronä,malfurion,384,deathknight,unholy,12,4,8
Kurnoth,barthilas,384,deathknight,unholy,12,4,8
Ceedog,crushridge,384,deathknight,unholy,12,4,8
Çorn,sargeras,384,deathknight,unholy,12,4,8
Telrenaur,proudmoore,384,deathknight,unholy,12,4,8
Bubblesdk,whisperwind,384,deathknight,unholy,12,4,8
Bloodydebt,malganis,384,deathknight,unholy,12,4,8
Maalevolent,thunderlord,384,deathknight,unholy,12,4,8
Deephideblue,proudmoore,384,deathknight,unholy,12,4,8
Ambagrips,frostmourne,384,deathknight,unholy,12,4,8
Nolderosdk,nemesis,384,deathknight,unholy,12,4,8
Didri,quelthalas,384,deathknight,unholy,12,4,8
Volardan,trollbane,383,deathknight,unholy,6,4,2
Mëllowhypë,sargeras,383,deathknight,unholy,12,4,8
Búddy,zuljin,382,deathknight,unholy,10,6,4
Grimmtidings,dentarg,379,deathknight,unholy,12,4,8
Ravindrannor,saurfang,330,deathknight,unholy,17,7,10
Gkdm,tichondrius,330,deathknight,unholy,15,6,9
Bawlsauce,area-52,304,deathknight,unholy,7,4,3
Hooker,dragonmaw,288,deathknight,unholy,8,4,4
Akilol,tichondrius,288,deathknight,unholy,6,3,3
Pmpfrmdwntwn,stormrage,288,deathknight,unholy,6,3,3
Anderius,tichondrius,288,deathknight,unholy,6,3,3
Darktone,tichondrius,288,deathknight,unholy,6,3,3
Trant,tichondrius,288,deathknight,unholy,6,3,3
Herstôry,kelthuzad,288,deathknight,unholy,6,3,3
Laeroth,zuluhed,288,deathknight,unholy,6,3,3
Wúhan,moon-guard,288,deathknight,unholy,6,3,3
Kossero,thunderlord,288,deathknight,unholy,6,3,3
Unleud,tichondrius,288,deathknight,unholy,6,3,3
Mendoh,tichondrius,288,deathknight,unholy,6,3,3
Jerkin,area-52,288,deathknight,unholy,6,3,3
Fallen,nazjatar,288,deathknight,unholy,6,3,3
Catena,blood-furnace,288,deathknight,unholy,6,3,3
Brisblade,shattered-hand,288,deathknight,unholy,6,3,3
Shiminy,chogall,288,deathknight,unholy,6,3,3
Darione,twisting-nether,288,deathknight,unholy,6,3,3
Komplex,kelthuzad,288,deathknight,unholy,6,3,3
Milleh,bleeding-hollow,288,deathknight,unholy,6,3,3
Shinukishin,stormrage,288,deathknight,unholy,6,3,3
Lafourche,sargeras,288,deathknight,unholy,6,3,3
Initiative,moon-guard,288,deathknight,unholy,6,3,3
Ariacy,sargeras,288,deathknight,unholy,6,3,3
Petkick,tichondrius,288,deathknight,unholy,6,3,3
Nabbiby,tichondrius,288,deathknight,unholy,6,3,3
Piratehookah,sargeras,288,deathknight,unholy,6,3,3
Nøsfferatus,azralon,288,deathknight,unholy,6,3,3
Fearfull,hyjal,288,deathknight,unholy,6,3,3
Yeetmaster,area-52,288,deathknight,unholy,6,3,3
Libitina,tichondrius,288,deathknight,unholy,6,3,3
Deathzpeckt,tichondrius,288,deathknight,unholy,6,3,3
Jaydkx,tichondrius,288,deathknight,unholy,6,3,3
Fydedk,stormrage,288,deathknight,unholy,6,3,3
Vinaroth,kiljaeden,288,deathknight,unholy,6,3,3
Azombie,burning-blade,288,deathknight,unholy,6,3,3
Hentaideath,kiljaeden,288,deathknight,unholy,6,3,3
Frostdest,kiljaeden,288,deathknight,unholy,6,3,3
Bhyrnam,ragnaros,288,deathknight,unholy,6,3,3
Howdoulose,illidan,288,deathknight,unholy,6,3,3
Handler,nemesis,288,deathknight,unholy,6,3,3
Chrønnøz,nemesis,288,deathknight,unholy,6,3,3
Feorlar,dalaran,288,deathknight,unholy,6,3,3
Drippedout,illidan,288,deathknight,unholy,6,3,3
Zoomoth,illidan,288,deathknight,unholy,6,3,3
Aldoraenna,illidan,288,deathknight,unholy,6,3,3
Chosenrune,stormrage,288,deathknight,unholy,12,3,9
Toxicwaste,malganis,288,deathknight,unholy,12,3,9
Fokit,barthilas,288,deathknight,unholy,12,3,9
Arthyius,kiljaeden,288,deathknight,unholy,12,3,9
Midway,drakkari,288,deathknight,unholy,12,3,9
Auniel,gorefiend,288,deathknight,unholy,12,3,9
Avengis,bleeding-hollow,288,deathknight,unholy,12,3,9
Rytex,moon-guard,288,deathknight,unholy,12,3,9
Chanskey,stormrage,287,deathknight,unholy,9,3,6
Papparoach,ysera,286,deathknight,unholy,6,3,3
Charabone,ragnaros,192,deathknight,unholy,4,3,1
Doombeast,area-52,192,deathknight,unholy,9,4,5
Raakaa,ghostlands,192,deathknight,unholy,6,2,4
Orbo,elune,192,deathknight,unholy,6,2,4
Subparatbest,chogall,192,deathknight,unholy,6,2,4
Ragrek,bleeding-hollow,192,deathknight,unholy,6,2,4
Orcazmic,area-52,192,deathknight,unholy,6,2,4
Cokedrip,bleeding-hollow,192,deathknight,unholy,6,2,4
Tristam,area-52,192,deathknight,unholy,6,2,4
Zaxrree,malganis,192,deathknight,unholy,6,2,4
Moonkhink,stormrage,192,deathknight,unholy,6,2,4
Junepí,stormrage,192,deathknight,unholy,6,2,4
Grimreminder,zuljin,192,deathknight,unholy,6,2,4
Unhøøly,nemesis,192,deathknight,unholy,6,2,4
Spôôn,aggramar,192,deathknight,unholy,6,2,4
Kidek,proudmoore,192,deathknight,unholy,6,2,4
Gooré,ragnaros,192,deathknight,unholy,6,2,4
Sieg,goldrinn,192,deathknight,unholy,6,2,4
Lìlith,dreadmaul,192,deathknight,unholy,6,2,4
Ams,moon-guard,192,deathknight,unholy,6,2,4
Supfam,tichondrius,192,deathknight,unholy,6,2,4
Brß,tichondrius,192,deathknight,unholy,6,2,4
Voncleaver,tichondrius,192,deathknight,unholy,6,2,4
Válhállá,ragnaros,192,deathknight,unholy,6,2,4
Kranaz,barthilas,192,deathknight,unholy,6,2,4
Dalrin,emerald-dream,192,deathknight,unholy,6,2,4
Mako,garithos,192,deathknight,unholy,6,2,4
Ahmisu,tichondrius,192,deathknight,unholy,6,2,4
Fanggrief,proudmoore,192,deathknight,unholy,6,2,4
Sagadk,hyjal,192,deathknight,unholy,6,2,4
Onsslaught,sargeras,192,deathknight,unholy,6,2,4
Zaelize,sargeras,192,deathknight,unholy,6,2,4
Kterrorblade,sargeras,192,deathknight,unholy,12,2,10
Corpsepetal,muradin,192,deathknight,unholy,12,2,10
Giraldus,stormrage,192,deathknight,unholy,12,2,10
Dementrius,zuljin,192,deathknight,unholy,13,2,11
Terracundo,quelthalas,191,deathknight,unholy,6,4,2
Larrisey,illidan,191,deathknight,unholy,6,2,4
Gankhiss,emerald-dream,159,deathknight,unholy,5,2,3
Ahirek,quelthalas,128,deathknight,unholy,4,2,2
Tenóry,nemesis,96,deathknight,unholy,6,1,5
Istery,thrall,96,deathknight,unholy,6,1,5
Perculës,sargeras,96,deathknight,unholy,6,1,5
Dknightor,dalaran,96,deathknight,unholy,6,1,5
Rgn,deathwing,96,deathknight,unholy,6,1,5
Vicesquad,tichondrius,96,deathknight,unholy,6,1,5
Argy,zuljin,96,deathknight,unholy,6,1,5
Abake,illidan,96,deathknight,unholy,6,1,5
Skellig,wyrmrest-accord,96,deathknight,unholy,6,1,5
Tarone,zuljin,96,deathknight,unholy,6,1,5
Alexanderz,quelthalas,96,deathknight,unholy,6,1,5
Percy,thaurissan,96,deathknight,unholy,6,1,5
Baldlord,tichondrius,96,deathknight,unholy,6,1,5
Worgenracist,tichondrius,96,deathknight,unholy,6,1,5
Otarin,tichondrius,96,deathknight,unholy,6,1,5
Demher,ragnaros,96,deathknight,unholy,6,1,5
Amö,emerald-dream,96,deathknight,unholy,6,1,5
Starms,ragnaros,96,deathknight,unholy,6,1,5
Moldremover,frostmourne,96,deathknight,unholy,6,1,5
Bein,frostmourne,96,deathknight,unholy,6,1,5
Ulyssess,jubeithos,95,deathknight,unholy,6,1,5
Kel,stormreaver,79,deathknight,unholy,5,1,4
Frostbytez,barthilas,79,deathknight,unholy,5,1,4
Deanz,stormrage,63,deathknight,unholy,2,2,0
Harrypottr,darrowmere,42,deathknight,unholy,8,2,6
Azgaroth,dathremar,31,deathknight,unholy,2,1,1
Pookr,area-52,2172,deathknight,frost,109,57,52
Sober,destromath,1787,deathknight,frost,50,28,22
Saco,malganis,1775,deathknight,frost,63,36,27
Børeas,quelthalas,1703,deathknight,frost,88,41,47
Tzepesci,hyjal,1698,deathknight,frost,52,26,26
Grakth,quelthalas,1522,deathknight,frost,42,25,17
Report,dathremar,1520,deathknight,frost,57,30,27
Clapdat,malganis,1456,deathknight,frost,66,36,30
Thetalis,moon-guard,1405,deathknight,frost,72,37,35
Tekc,nemesis,1379,deathknight,frost,78,40,38
Clongeus,tichondrius,1372,deathknight,frost,42,19,23
Tangarang,dalaran,1372,deathknight,frost,36,16,20
Lichborn,azralon,1354,deathknight,frost,39,17,22
Gwab,stormrage,1354,deathknight,frost,48,20,28
Barrodir,tichondrius,1350,deathknight,frost,39,25,14
Nevermor,malganis,1302,deathknight,frost,36,17,19
Alexanderz,quelthalas,1264,deathknight,frost,36,15,21
Moonnwater,frostmourne,1256,deathknight,frost,21,18,3
Sinyay,tichondrius,1202,deathknight,frost,24,15,9
Darketvam,illidan,1190,deathknight,frost,21,14,7
Mawvac,quelthalas,1157,deathknight,frost,54,27,27
Ksmc,tichondrius,1151,deathknight,frost,24,12,12
Zefdk,illidan,1145,deathknight,frost,18,13,5
Flins,nemesis,1140,deathknight,frost,41,23,18
Jackofblades,veknilash,1110,deathknight,frost,36,16,20
Darfik,sargeras,1076,deathknight,frost,52,28,24
Spoon,sargeras,1066,deathknight,frost,22,12,10
Raiekko,dalaran,960,deathknight,frost,24,10,14
Toothstick,stormrage,957,deathknight,frost,18,10,8
Malovv,nemesis,947,deathknight,frost,12,10,2
Fokit,barthilas,882,deathknight,frost,34,16,18
Lokitabeso,ragnaros,864,deathknight,frost,12,9,3
Scareth,proudmoore,864,deathknight,frost,18,9,9
Urieen,gorefiend,861,deathknight,frost,18,9,9
Ciputra,blood-furnace,844,deathknight,frost,12,9,3
Dregdar,emerald-dream,767,deathknight,frost,12,8,4
Freemoney,wyrmrest-accord,766,deathknight,frost,12,8,4
Dhrogar,moon-guard,762,deathknight,frost,12,8,4
Worgenracist,tichondrius,751,deathknight,frost,17,8,9
Larrisey,illidan,727,deathknight,frost,21,8,13
Tarone,zuljin,688,deathknight,frost,21,10,11
Ellipsoro,onyxia,672,deathknight,frost,12,7,5
Incanis,moon-guard,672,deathknight,frost,12,7,5
Thânätos,nemesis,672,deathknight,frost,12,7,5
Grippygarý,illidan,672,deathknight,frost,12,7,5
Dumbledore,deathwing,672,deathknight,frost,12,7,5
Duranteh,illidan,672,deathknight,frost,18,7,11
Necrósy,azralon,671,deathknight,frost,12,7,5
Estali,kelthuzad,671,deathknight,frost,18,7,11
Laumuelden,ragnaros,668,deathknight,frost,24,7,17
Cryptgore,moon-guard,665,deathknight,frost,18,7,11
Deaddubya,illidan,576,deathknight,frost,6,6,0
Zephyx,lightbringer,576,deathknight,frost,12,6,6
Soulbone,wyrmrest-accord,576,deathknight,frost,12,6,6
Riglros,tichondrius,576,deathknight,frost,12,6,6
Otarin,tichondrius,576,deathknight,frost,12,6,6
Dementrius,zuljin,576,deathknight,frost,12,6,6
Garryxz,quelthalas,576,deathknight,frost,12,6,6
Ariacy,sargeras,576,deathknight,frost,18,6,12
Ðerion,stormrage,576,deathknight,frost,18,6,12
Vuldy,blackhand,575,deathknight,frost,12,6,6
Ikaris,wildhammer,569,deathknight,frost,12,6,6
Abrahams,tichondrius,522,deathknight,frost,22,8,14
Bellum,moon-guard,511,deathknight,frost,20,6,14
Russkivolk,frostmourne,496,deathknight,frost,13,6,7
Jasmíne,vashj,480,deathknight,frost,6,5,1
Verhangnis,azjolnerub,480,deathknight,frost,6,5,1
Puppykisses,perenolde,480,deathknight,frost,6,5,1
Alexeous,wyrmrest-accord,480,deathknight,frost,12,5,7
Subparatbest,chogall,480,deathknight,frost,12,5,7
Martinnash,emerald-dream,480,deathknight,frost,12,5,7
Emanuels,quelthalas,480,deathknight,frost,12,5,7
Sinizster,kelthuzad,480,deathknight,frost,12,5,7
Crink,sargeras,480,deathknight,frost,12,5,7
Dontbanmepls,zuljin,480,deathknight,frost,12,5,7
Frozenhawk,lothar,480,deathknight,frost,12,5,7
Sylèss,tichondrius,480,deathknight,frost,12,5,7
Unholycube,zuljin,480,deathknight,frost,18,5,13
Saighast,illidan,480,deathknight,frost,18,5,13
Bëlzëbü,stormrage,479,deathknight,frost,6,5,1
Eloton,daggerspine,431,deathknight,frost,11,5,6
Griswold,windrunner,403,deathknight,frost,18,6,12
Axiomqt,tichondrius,384,deathknight,frost,6,4,2
Orbo,elune,384,deathknight,frost,6,4,2
Iiedown,stormrage,384,deathknight,frost,6,4,2
Tambaknight,nemesis,384,deathknight,frost,6,4,2
Anatøly,ragnaros,384,deathknight,frost,6,4,2
Zemzil,tichondrius,384,deathknight,frost,12,4,8
Yödä,barthilas,384,deathknight,frost,12,4,8
Chicnchsteak,tichondrius,384,deathknight,frost,12,4,8
Xhoul,sargeras,384,deathknight,frost,12,4,8
Bloodbanne,darkspear,383,deathknight,frost,6,4,2
Vanyor,wyrmrest-accord,350,deathknight,frost,20,5,15
Abake,illidan,288,deathknight,frost,6,3,3
Darkxavros,stormrage,288,deathknight,frost,6,3,3
Frostunholy,tichondrius,288,deathknight,frost,6,3,3
Seeyoudiebr,gallywix,288,deathknight,frost,6,3,3
Frosthana,illidan,288,deathknight,frost,6,3,3
Kalevesicant,nesingwary,288,deathknight,frost,6,3,3
Lichhbanne,doomhammer,288,deathknight,frost,6,3,3
Iskandàr,ragnaros,288,deathknight,frost,6,3,3
Kruspy,area-52,288,deathknight,frost,6,3,3
Tofurious,barthilas,288,deathknight,frost,6,3,3
Dkyeico,ragnaros,288,deathknight,frost,6,3,3
Eldavò,quelthalas,288,deathknight,frost,6,3,3
Unintended,barthilas,288,deathknight,frost,6,3,3
Janco,runetotem,288,deathknight,frost,6,3,3
Fearfull,hyjal,288,deathknight,frost,10,4,6
Soulfang,nemesis,288,deathknight,frost,12,3,9
Páthøgen,ravencrest,287,deathknight,frost,12,3,9
Hamze,stormrage,239,deathknight,frost,5,3,2
Percy,thaurissan,208,deathknight,frost,13,3,10
Surcäfauces,ragnaros,192,deathknight,frost,9,3,6
Soutennizase,azralon,192,deathknight,frost,6,2,4
Bonusman,sargeras,192,deathknight,frost,6,2,4
Aldrey,bonechewer,192,deathknight,frost,6,2,4
Blooddisease,frostmourne,192,deathknight,frost,6,2,4
Crakdos,illidan,192,deathknight,frost,6,2,4
Chilivibes,boulderfist,192,deathknight,frost,6,2,4
Edhral,ragnaros,191,deathknight,frost,6,2,4
Killa,maiev,191,deathknight,frost,6,2,4
Metaphysicsx,amanthul,191,deathknight,frost,8,2,6
Nickolas,dalvengyr,159,deathknight,frost,5,2,3
Xaldeth,moon-guard,127,deathknight,frost,8,2,6
Mikepinkdk,illidan,96,deathknight,frost,3,2,1
Telrenaur,proudmoore,96,deathknight,frost,3,2,1
Zenin,emerald-dream,96,deathknight,frost,6,1,5
Mordekeiser,wyrmrest-accord,96,deathknight,frost,6,1,5
Sakaarr,bleeding-hollow,96,deathknight,frost,6,1,5
Bingoez,frostmourne,96,deathknight,frost,6,1,5
Mako,garithos,96,deathknight,frost,6,1,5
Denkot,stormrage,96,deathknight,frost,6,1,5
Xakri,kelthuzad,96,deathknight,frost,6,1,5
Gooré,ragnaros,96,deathknight,frost,6,1,5
Rylas,destromath,48,deathknight,frost,3,1,2
Twindleroot,aggramar,31,deathknight,frost,2,1,1
Ehtend,sargeras,2106,demonhunter,havoc,78,42,36
Insomniaq,sargeras,2102,demonhunter,havoc,115,62,53
Xiaosu,tichondrius,2051,demonhunter,havoc,72,37,35
Taegos,tichondrius,1999,demonhunter,havoc,107,51,56
Càrnagex,tichondrius,1972,demonhunter,havoc,66,37,29
Lighost,tichondrius,1931,demonhunter,havoc,78,35,43
Winsforgold,area-52,1899,demonhunter,havoc,54,32,22
Junma,tichondrius,1875,demonhunter,havoc,54,32,22
Mvqqdh,tichondrius,1872,demonhunter,havoc,42,20,22
Nézuko,eldrethalas,1867,demonhunter,havoc,69,35,34
Reps,hydraxis,1861,demonhunter,havoc,72,38,34
Boos,moon-guard,1847,demonhunter,havoc,58,32,26
Cromega,malganis,1845,demonhunter,havoc,60,31,29
Lemilion,wyrmrest-accord,1842,demonhunter,havoc,47,24,23
Joshallen,malganis,1841,demonhunter,havoc,60,33,27
Vanarion,area-52,1840,demonhunter,havoc,72,31,41
Divide,tichondrius,1839,demonhunter,havoc,47,29,18
Xtickles,frostmourne,1837,demonhunter,havoc,82,37,45
Jøsem,ragnaros,1831,demonhunter,havoc,64,33,31
Karonisam,dalaran,1820,demonhunter,havoc,61,32,29
ßöb,aggramar,1820,demonhunter,havoc,48,22,26
Rufio,nesingwary,1813,demonhunter,havoc,54,25,29
Ruffolina,azralon,1812,demonhunter,havoc,86,54,32
Eldiablaso,malganis,1812,demonhunter,havoc,36,19,17
Xch,aegwynn,1810,demonhunter,havoc,94,48,46
Lifting,illidan,1809,demonhunter,havoc,66,30,36
Medrathis,wyrmrest-accord,1808,demonhunter,havoc,36,22,14
Azrethec,wyrmrest-accord,1805,demonhunter,havoc,85,49,36
Failtimeboat,terenas,1804,demonhunter,havoc,50,30,20
Thânatøs,nemesis,1801,demonhunter,havoc,69,35,34
Icecokelime,black-dragonflight,1800,demonhunter,havoc,38,20,18
Nasadh,tichondrius,1773,demonhunter,havoc,42,19,23
Flyudzhin,azgalor,1764,demonhunter,havoc,66,33,33
Demoncouch,malganis,1739,demonhunter,havoc,42,22,20
Wickbeams,barthilas,1731,demonhunter,havoc,47,25,22
Garbage,illidan,1731,demonhunter,havoc,54,26,28
Feldarath,sargeras,1725,demonhunter,havoc,91,52,39
Bloodhunter,exodar,1721,demonhunter,havoc,50,34,16
Hoochee,lightnings-blade,1720,demonhunter,havoc,55,29,26
Corngodx,sargeras,1716,demonhunter,havoc,48,29,19
Asdazanis,nemesis,1714,demonhunter,havoc,38,22,16
Harríson,tichondrius,1712,demonhunter,havoc,66,31,35
Demabrak,azralon,1707,demonhunter,havoc,47,23,24
Xeylin,sargeras,1703,demonhunter,havoc,54,34,20
Munyanyô,moon-guard,1691,demonhunter,havoc,41,26,15
Furious,tichondrius,1681,demonhunter,havoc,42,20,22
Takagi,kirin-tor,1679,demonhunter,havoc,64,35,29
Boagz,area-52,1678,demonhunter,havoc,54,34,20
Çhan,tichondrius,1678,demonhunter,havoc,129,66,63
Ahsref,stormrage,1670,demonhunter,havoc,36,20,16
Stellartv,tichondrius,1670,demonhunter,havoc,42,21,21
Ðavid,firetree,1665,demonhunter,havoc,42,23,19
Noobstaa,area-52,1664,demonhunter,havoc,36,25,11
Migey,thrall,1653,demonhunter,havoc,59,32,27
Gesture,malganis,1634,demonhunter,havoc,64,41,23
Monfel,dalaran,1624,demonhunter,havoc,48,29,19
Zeroheaven,stormrage,1621,demonhunter,havoc,48,19,29
Hehehaha,wyrmrest-accord,1620,demonhunter,havoc,30,20,10
Rosinanta,malygos,1605,demonhunter,havoc,32,17,15
Mavrush,malganis,1604,demonhunter,havoc,54,31,23
Buddyyguy,illidan,1602,demonhunter,havoc,54,19,35
Gjoat,tichondrius,1600,demonhunter,havoc,42,19,23
Cezkia,hyjal,1596,demonhunter,havoc,48,23,25
Yqpro,tichondrius,1590,demonhunter,havoc,55,30,25
Crixxus,zuljin,1589,demonhunter,havoc,42,19,23
Jaybeezy,balnazzar,1580,demonhunter,havoc,42,18,24
Nopohunter,burning-blade,1549,demonhunter,havoc,35,20,15
Feelmybush,barthilas,1541,demonhunter,havoc,54,23,31
Seorae,tichondrius,1533,demonhunter,havoc,30,16,14
Solit,illidan,1532,demonhunter,havoc,36,16,20
Synthwäve,area-52,1516,demonhunter,havoc,24,16,8
Griphunt,tichondrius,1513,demonhunter,havoc,34,17,17
Yiptaw,area-52,1510,demonhunter,havoc,35,18,17
Wsickformula,gilneas,1482,demonhunter,havoc,42,24,18
Joric,dalaran,1470,demonhunter,havoc,30,17,13
Eery,tichondrius,1470,demonhunter,havoc,35,17,18
Mazakein,tichondrius,1462,demonhunter,havoc,30,16,14
Bucx,barthilas,1459,demonhunter,havoc,48,31,17
Darkrasta,ragnaros,1457,demonhunter,havoc,42,16,26
Zackfair,burning-legion,1449,demonhunter,havoc,36,19,17
Knuckifubuck,frostwolf,1442,demonhunter,havoc,36,19,17
Thêpunisher,ragnaros,1439,demonhunter,havoc,72,40,32
Ordorll,area-52,1438,demonhunter,havoc,24,15,9
Gomesdhunter,azralon,1438,demonhunter,havoc,82,43,39
Molchamp,kelthuzad,1438,demonhunter,havoc,60,27,33
Lravanal,quelthalas,1435,demonhunter,havoc,24,17,7
Fametrap,tichondrius,1435,demonhunter,havoc,24,15,9
Ìke,quelthalas,1435,demonhunter,havoc,30,15,15
Grizzop,sargeras,1427,demonhunter,havoc,42,21,21
Nolabb,tichondrius,1425,demonhunter,havoc,24,15,9
Methany,saurfang,1419,demonhunter,havoc,41,18,23
Chiesa,sargeras,1415,demonhunter,havoc,22,16,6
Ronkasprince,thunderlord,1389,demonhunter,havoc,86,39,47
Lostsoulzz,tichondrius,1387,demonhunter,havoc,42,27,15
Tattedandfab,stormrage,1385,demonhunter,havoc,66,30,36
Miroir,silvermoon,1375,demonhunter,havoc,63,30,33
Radamanthysi,azralon,1372,demonhunter,havoc,48,30,18
Valka,emerald-dream,1361,demonhunter,havoc,53,27,26
Revvup,tichondrius,1358,demonhunter,havoc,53,26,27
Softkyll,area-52,1354,demonhunter,havoc,102,56,46
Hornedelf,frostmourne,1353,demonhunter,havoc,35,19,16
Hawkowicz,tichondrius,1350,demonhunter,havoc,24,15,9
Vegan,magtheridon,1345,demonhunter,havoc,24,16,8
Rem,stormrage,1344,demonhunter,havoc,69,37,32
Aetheris,bleeding-hollow,1342,demonhunter,havoc,24,14,10
Thundiir,area-52,1340,demonhunter,havoc,24,14,10
Tømåtøgøðx,sargeras,1340,demonhunter,havoc,24,14,10
Bippy,durotan,1340,demonhunter,havoc,36,14,22
Fhors,tichondrius,1339,demonhunter,havoc,24,16,8
Skace,jubeithos,1335,demonhunter,havoc,78,42,36
Biognosis,ragnaros,1334,demonhunter,havoc,36,14,22
Yønkou,stormrage,1307,demonhunter,havoc,36,18,18
Asheng,cairne,1306,demonhunter,havoc,29,14,15
Rizzaarrdd,tichondrius,1302,demonhunter,havoc,48,25,23
Chromatïc,jubeithos,1300,demonhunter,havoc,42,15,27
Jellous,rivendare,1286,demonhunter,havoc,36,14,22
Blazed,thrall,1278,demonhunter,havoc,52,29,23
Tekkamanevil,tichondrius,1271,demonhunter,havoc,48,21,27
Potspoon,tichondrius,1246,demonhunter,havoc,24,13,11
Bigbadmad,stormrage,1244,demonhunter,havoc,30,13,17
Vynthar,wyrmrest-accord,1242,demonhunter,havoc,24,13,11
Deathlex,sargeras,1242,demonhunter,havoc,24,13,11
Ethhunter,proudmoore,1242,demonhunter,havoc,30,13,17
Remh,bleeding-hollow,1239,demonhunter,havoc,30,13,17
Narandra,malganis,1239,demonhunter,havoc,36,13,23
Belial,haomarush,1235,demonhunter,havoc,30,15,15
Skilla,frostmourne,1233,demonhunter,havoc,34,16,18
Ergzydh,frostmourne,1230,demonhunter,havoc,30,13,17
Hellspawnn,malganis,1229,demonhunter,havoc,38,22,16
Layli,azralon,1228,demonhunter,havoc,18,13,5
Inkubuz,sargeras,1219,demonhunter,havoc,30,13,17
Alganoth,malfurion,1214,demonhunter,havoc,24,13,11
Calpoot,stormscale,1198,demonhunter,havoc,23,13,10
Etherëäl,stormrage,1194,demonhunter,havoc,53,32,21
Glayve,emerald-dream,1186,demonhunter,havoc,31,15,16
Cyberpsycho,illidan,1184,demonhunter,havoc,30,14,16
Oshinoko,area-52,1182,demonhunter,havoc,23,13,10
Tyrelara,durotan,1179,demonhunter,havoc,23,13,10
Devwillhuntu,barthilas,1170,demonhunter,havoc,59,30,29
Xanthalos,wyrmrest-accord,1162,demonhunter,havoc,37,13,24
Nb,silvermoon,1151,demonhunter,havoc,24,12,12
Mevadow,bleeding-hollow,1151,demonhunter,havoc,30,12,18
Gamernation,area-52,1148,demonhunter,havoc,24,12,12
Kaelthys,nordrassil,1145,demonhunter,havoc,18,12,6
Deaforalive,malganis,1145,demonhunter,havoc,24,12,12
Skinnrd,malganis,1142,demonhunter,havoc,24,12,12
Loreney,quelthalas,1142,demonhunter,havoc,33,12,21
Faphunter,illidan,1138,demonhunter,havoc,18,12,6
Elidani,area-52,1138,demonhunter,havoc,30,12,18
Endyr,area-52,1136,demonhunter,havoc,25,12,13
Imjustbad,malganis,1126,demonhunter,havoc,24,16,8
Thedaz,frostmourne,1125,demonhunter,havoc,78,32,46
Dameon,wildhammer,1083,demonhunter,havoc,36,20,16
Misfortune,bloodscalp,1076,demonhunter,havoc,36,15,21
Mamazboy,area-52,1056,demonhunter,havoc,18,11,7
Cyrøcryphä,quelthalas,1056,demonhunter,havoc,24,11,13
Theflurry,tichondrius,1056,demonhunter,havoc,30,11,19
Fëlla,tanaris,1055,demonhunter,havoc,18,11,7
Sikarnix,stormrage,1054,demonhunter,havoc,30,11,19
Vendeem,moonrunner,1052,demonhunter,havoc,24,11,13
Shale,gilneas,1052,demonhunter,havoc,30,11,19
Enfirok,duskwood,1051,demonhunter,havoc,18,11,7
Torophz,azralon,1051,demonhunter,havoc,24,11,13
Gohamx,illidan,1050,demonhunter,havoc,24,11,13
Nekrosdaeva,zuljin,1049,demonhunter,havoc,18,11,7
Aiapaec,wyrmrest-accord,1046,demonhunter,havoc,30,11,19
Silvs,illidan,1044,demonhunter,havoc,36,19,17
Lory,eldrethalas,1026,demonhunter,havoc,18,11,7
Spamsamich,stormscale,1021,demonhunter,havoc,23,13,10
Randomdh,zuljin,1021,demonhunter,havoc,26,12,14
Tendiës,tichondrius,1007,demonhunter,havoc,23,11,12
Eikichi,bleeding-hollow,1007,demonhunter,havoc,42,20,22
Nooksuh,bleeding-hollow,1006,demonhunter,havoc,17,11,6
Spicyblades,stormrage,998,demonhunter,havoc,30,12,18
Ghostzface,sargeras,993,demonhunter,havoc,18,11,7
Krizo,frostmourne,991,demonhunter,havoc,24,12,12
Xxann,tichondrius,991,demonhunter,havoc,26,11,15
Immortalsinz,dalaran,991,demonhunter,havoc,41,11,30
Annabow,moon-guard,981,demonhunter,havoc,24,14,10
Rissélys,thrall,963,demonhunter,havoc,24,15,9
Fruitbatx,tichondrius,960,demonhunter,havoc,18,10,8
Emopidgeon,dalaran,960,demonhunter,havoc,18,10,8
Chîsäki,quelthalas,959,demonhunter,havoc,18,10,8
Theprodigy,malganis,959,demonhunter,havoc,24,10,14
Kegu,stormrage,959,demonhunter,havoc,24,10,14
Esomet,stormrage,958,demonhunter,havoc,21,13,8
Planeinsky,malganis,958,demonhunter,havoc,18,10,8
Yaety,tichondrius,958,demonhunter,havoc,18,10,8
Duhan,tichondrius,956,demonhunter,havoc,12,10,2
Kalmora,frostmourne,956,demonhunter,havoc,18,10,8
Gaìjîn,barthilas,954,demonhunter,havoc,24,10,14
Demonizhe,thrall,946,demonhunter,havoc,26,14,12
Imwhack,frostmane,924,demonhunter,havoc,22,10,12
Zématador,azralon,920,demonhunter,havoc,30,10,20
Diversityabc,bleeding-hollow,919,demonhunter,havoc,26,11,15
Gubydal,frostmourne,911,demonhunter,havoc,17,10,7
Ripchimmii,illidan,880,demonhunter,havoc,25,10,15
Pennyx,barthilas,864,demonhunter,havoc,12,9,3
Brackmagik,barthilas,864,demonhunter,havoc,12,9,3
Gorillidan,kelthuzad,864,demonhunter,havoc,12,9,3
Ferano,frostmourne,864,demonhunter,havoc,18,9,9
Deathbladezx,tichondrius,864,demonhunter,havoc,18,9,9
Leothero,area-52,864,demonhunter,havoc,18,9,9
Vapegodxqt,aegwynn,864,demonhunter,havoc,21,10,11
Madepp,tichondrius,864,demonhunter,havoc,24,9,15
Rothdh,tichondrius,863,demonhunter,havoc,15,10,5
Kaelclaira,dalvengyr,863,demonhunter,havoc,18,9,9
Mybus,tichondrius,863,demonhunter,havoc,18,9,9
Sivà,tichondrius,863,demonhunter,havoc,18,9,9
Hellboss,dalaran,860,demonhunter,havoc,12,9,3
Elevateztko,stormrage,859,demonhunter,havoc,24,9,15
Ozark,barthilas,855,demonhunter,havoc,12,9,3
Buzzmezaddy,bleeding-hollow,854,demonhunter,havoc,24,9,15
Dartanyn,tichondrius,853,demonhunter,havoc,24,9,15
Drackista,stormrage,852,demonhunter,havoc,18,9,9
Aussiepleb,nagrand,846,demonhunter,havoc,87,37,50
Demonslaier,dragonblight,790,demonhunter,havoc,14,9,5
Telrindyl,moon-guard,775,demonhunter,havoc,15,10,5
Karmakula,tichondrius,768,demonhunter,havoc,12,8,4
Dawgzo,thunderhorn,768,demonhunter,havoc,12,8,4
Thumôss,malganis,768,demonhunter,havoc,12,8,4
Mvqdh,illidan,768,demonhunter,havoc,12,8,4
Surkkdh,tichondrius,768,demonhunter,havoc,12,8,4
Larandaa,sargeras,768,demonhunter,havoc,12,8,4
Dealer,frostmourne,768,demonhunter,havoc,12,8,4
Raiinier,sargeras,768,demonhunter,havoc,12,8,4
Cegocruel,sargeras,768,demonhunter,havoc,13,8,5
Stefdh,tichondrius,768,demonhunter,havoc,15,9,6
Ubetterun,azralon,768,demonhunter,havoc,23,12,11
Veilmaya,arthas,768,demonhunter,havoc,18,8,10
Azinoht,ragnaros,768,demonhunter,havoc,18,8,10
Qixoni,emerald-dream,768,demonhunter,havoc,18,8,10
Mcgurty,illidan,768,demonhunter,havoc,18,8,10
Sarynrae,malganis,768,demonhunter,havoc,18,8,10
Netherbird,malganis,767,demonhunter,havoc,12,8,4
Taszyn,blackrock,767,demonhunter,havoc,12,8,4
Sheepone,tichondrius,767,demonhunter,havoc,12,8,4
Anatema,illidan,767,demonhunter,havoc,12,8,4
Somethingstu,sargeras,767,demonhunter,havoc,12,8,4
Lethalblows,darkspear,767,demonhunter,havoc,15,9,6
Ikilldemonz,thrall,767,demonhunter,havoc,18,8,10
Tychondrius,earthen-ring,767,demonhunter,havoc,18,8,10
Dammitbôbby,tichondrius,767,demonhunter,havoc,18,8,10
Kellytgt,perenolde,766,demonhunter,havoc,12,8,4
Aedice,gurubashi,766,demonhunter,havoc,18,8,10
Blinddh,bleeding-hollow,765,demonhunter,havoc,20,8,12
Jennesis,tichondrius,762,demonhunter,havoc,18,8,10
Troigh,thunderlord,753,demonhunter,havoc,12,8,4
Seamenhunter,garrosh,752,demonhunter,havoc,18,8,10
Dirtyvitus,gorefiend,748,demonhunter,havoc,12,8,4
Jënesis,illidan,726,demonhunter,havoc,20,9,11
Emeress,illidan,703,demonhunter,havoc,11,8,3
Tenthslayer,frostmourne,672,demonhunter,havoc,12,7,5
Deathsweep,tichondrius,672,demonhunter,havoc,12,7,5
Tarro,whisperwind,672,demonhunter,havoc,12,7,5
Darkrai,area-52,672,demonhunter,havoc,12,7,5
Raahjxz,sargeras,672,demonhunter,havoc,12,7,5
Alwaysin,zuljin,672,demonhunter,havoc,12,7,5
Messenoire,area-52,672,demonhunter,havoc,12,7,5
Wangasaurus,emerald-dream,672,demonhunter,havoc,12,7,5
Supadupä,stormrage,672,demonhunter,havoc,12,7,5
Sicknizzle,area-52,672,demonhunter,havoc,12,7,5
Thehonor,tichondrius,672,demonhunter,havoc,12,7,5
Demoncastx,tichondrius,672,demonhunter,havoc,12,7,5
Nadlli,bleeding-hollow,672,demonhunter,havoc,12,7,5
Mustardtigër,bleeding-hollow,672,demonhunter,havoc,12,7,5
Mamadorx,azralon,672,demonhunter,havoc,12,7,5
Azexion,malganis,672,demonhunter,havoc,16,8,8
Ossivil,ragnaros,672,demonhunter,havoc,18,7,11
Moistybreeze,frostmourne,672,demonhunter,havoc,18,7,11
Creamboi,stormrage,671,demonhunter,havoc,12,7,5
Jaysavage,eitrigg,671,demonhunter,havoc,12,7,5
Pupupoo,tichondrius,671,demonhunter,havoc,12,7,5
Ogmon,tichondrius,671,demonhunter,havoc,12,7,5
Báléríón,area-52,670,demonhunter,havoc,12,7,5
Pilyn,ragnaros,670,demonhunter,havoc,12,7,5
Kereses,bonechewer,670,demonhunter,havoc,12,7,5
Bijix,area-52,670,demonhunter,havoc,12,7,5
Swoffordsr,tichondrius,670,demonhunter,havoc,18,7,11
Kazdh,sargeras,670,demonhunter,havoc,18,7,11
Legäult,bleeding-hollow,662,demonhunter,havoc,15,8,7
Syrine,veknilash,660,demonhunter,havoc,12,7,5
Doomhead,burning-legion,658,demonhunter,havoc,12,7,5
Nomfries,malganis,640,demonhunter,havoc,16,7,9
Pegásus,kiljaeden,639,demonhunter,havoc,10,7,3
Macacøbrr,azralon,639,demonhunter,havoc,17,7,10
Bliqué,emerald-dream,633,demonhunter,havoc,17,7,10
Malthazaan,stormrage,607,demonhunter,havoc,8,7,1
Kelmar,stormreaver,607,demonhunter,havoc,14,7,7
Sadgirlx,area-52,576,demonhunter,havoc,6,6,0
Mattdizzle,illidan,576,demonhunter,havoc,6,6,0
Stalkdemon,azralon,576,demonhunter,havoc,12,6,6
Basdminority,bleeding-hollow,576,demonhunter,havoc,12,6,6
Audara,sargeras,576,demonhunter,havoc,12,6,6
Kenmu,ragnaros,576,demonhunter,havoc,12,6,6
Orosz,bleeding-hollow,576,demonhunter,havoc,12,6,6
Xiaochicken,tichondrius,576,demonhunter,havoc,12,6,6
Dewk,ghostlands,576,demonhunter,havoc,12,6,6
Hugehogger,boulderfist,576,demonhunter,havoc,12,6,6
Tubaki,tichondrius,576,demonhunter,havoc,12,6,6
Badhábits,sargeras,576,demonhunter,havoc,12,6,6
Manmilker,bleeding-hollow,576,demonhunter,havoc,12,6,6
Trillidan,mugthol,576,demonhunter,havoc,12,6,6
Vuse,moon-guard,576,demonhunter,havoc,12,6,6
Pabloh,trollbane,576,demonhunter,havoc,12,6,6
Slapxy,illidan,576,demonhunter,havoc,12,6,6
Sciatic,area-52,576,demonhunter,havoc,12,6,6
Alast,emerald-dream,576,demonhunter,havoc,18,6,12
Abscarnage,ragnaros,576,demonhunter,havoc,18,6,12
Landorus,barthilas,576,demonhunter,havoc,18,6,12
Chabashira,tichondrius,576,demonhunter,havoc,19,6,13
Elenamarth,kiljaeden,575,demonhunter,havoc,12,6,6
Smoothtaco,azshara,575,demonhunter,havoc,12,6,6
Kitnix,proudmoore,575,demonhunter,havoc,12,6,6
Mårth,caelestrasz,575,demonhunter,havoc,12,6,6
Ixix,proudmoore,575,demonhunter,havoc,12,6,6
Crayoz,tichondrius,575,demonhunter,havoc,12,6,6
Veladoria,malorne,575,demonhunter,havoc,12,6,6
Diizy,illidan,575,demonhunter,havoc,12,6,6
Durello,stormrage,575,demonhunter,havoc,12,6,6
Tyindorin,gurubashi,575,demonhunter,havoc,12,6,6
Chungg,laughing-skull,575,demonhunter,havoc,12,6,6
Alaron,wildhammer,574,demonhunter,havoc,12,6,6
Bukwheat,thunderhorn,574,demonhunter,havoc,36,14,22
Miltonpickle,tichondrius,574,demonhunter,havoc,18,6,12
Covidneitor,drakkari,571,demonhunter,havoc,12,6,6
Keeblerself,tichondrius,569,demonhunter,havoc,12,6,6
Wut,nemesis,565,demonhunter,havoc,12,6,6
Lillidum,azralon,559,demonhunter,havoc,18,7,11
Obsidians,korgath,543,demonhunter,havoc,11,6,5
Eraticdh,illidan,543,demonhunter,havoc,17,6,11
Kêydën,ragnaros,541,demonhunter,havoc,10,7,3
Shizune,boulderfist,525,demonhunter,havoc,11,6,5
Nándÿ,tichondrius,512,demonhunter,havoc,10,6,4
Demonhunter,kirin-tor,512,demonhunter,havoc,10,6,4
Blacktocki,barthilas,509,demonhunter,havoc,16,6,10
Askvivian,sargeras,496,demonhunter,havoc,13,6,7
Cynthadra,frostmourne,480,demonhunter,havoc,6,5,1
Creãtuss,area-52,480,demonhunter,havoc,6,5,1
Crittic,thrall,480,demonhunter,havoc,6,5,1
Bofxo,sargeras,480,demonhunter,havoc,6,5,1
Junmà,tichondrius,480,demonhunter,havoc,6,5,1
Gilberte,stormrage,480,demonhunter,havoc,6,5,1
Milfhuñter,sargeras,480,demonhunter,havoc,6,5,1
Sleepyjobe,sargeras,480,demonhunter,havoc,6,5,1
Subieshift,sargeras,480,demonhunter,havoc,9,6,3
Hyphonìc,area-52,480,demonhunter,havoc,12,5,7
Ptsdh,bloodhoof,480,demonhunter,havoc,12,5,7
Kìed,kiljaeden,480,demonhunter,havoc,12,5,7
Zuppashi,area-52,480,demonhunter,havoc,12,5,7
Gogungho,tichondrius,480,demonhunter,havoc,12,5,7
Wompo,wyrmrest-accord,480,demonhunter,havoc,12,5,7
Brunoqt,azralon,480,demonhunter,havoc,12,5,7
Domeemommy,moon-guard,480,demonhunter,havoc,12,5,7
Orgasmia,tichondrius,480,demonhunter,havoc,12,5,7
Hippygamer,frostmourne,480,demonhunter,havoc,12,5,7
Vandeste,tichondrius,480,demonhunter,havoc,12,5,7
Roughcut,blackrock,480,demonhunter,havoc,12,5,7
Ohanadh,ragnaros,480,demonhunter,havoc,12,5,7
Gtåte,azjolnerub,480,demonhunter,havoc,18,5,13
Doomantwo,sargeras,480,demonhunter,havoc,18,5,13
Scriptyscrip,dark-iron,480,demonhunter,havoc,18,5,13
Faalleen,quelthalas,479,demonhunter,havoc,6,5,1
Flyingsky,tichondrius,479,demonhunter,havoc,6,5,1
Sodiaksd,quelthalas,479,demonhunter,havoc,12,5,7
Ibeatrix,malorne,478,demonhunter,havoc,6,5,1
Illhuntya,bonechewer,478,demonhunter,havoc,12,5,7
Kritik,goldrinn,478,demonhunter,havoc,12,5,7
Gozer,korialstrasz,476,demonhunter,havoc,24,5,19
Mentoes,tichondrius,473,demonhunter,havoc,12,5,7
Vladdtepes,cairne,472,demonhunter,havoc,12,5,7
Fugabag,thrall,447,demonhunter,havoc,11,5,6
Kaelidan,kelthuzad,447,demonhunter,havoc,11,5,6
Raum,elune,443,demonhunter,havoc,8,6,2
Draenkz,ragnaros,426,demonhunter,havoc,22,6,16
Wheredyougo,proudmoore,416,demonhunter,havoc,10,5,5
Lüky,malganis,416,demonhunter,havoc,10,5,5
Blinddude,sargeras,415,demonhunter,havoc,14,5,9
Antistar,emerald-dream,415,demonhunter,havoc,14,5,9
Hordesback,illidan,384,demonhunter,havoc,6,4,2
Sleepyjoeb,illidan,384,demonhunter,havoc,6,4,2
Anihilum,zuljin,384,demonhunter,havoc,6,4,2
Heygriffin,proudmoore,384,demonhunter,havoc,6,4,2
Parabolicc,illidan,384,demonhunter,havoc,6,4,2
Sáìto,arthas,384,demonhunter,havoc,6,4,2
Viio,proudmoore,384,demonhunter,havoc,6,4,2
Illidice,tichondrius,384,demonhunter,havoc,6,4,2
Danloesh,silver-hand,384,demonhunter,havoc,6,4,2
Besoween,tichondrius,384,demonhunter,havoc,6,4,2
Mursiless,drenden,384,demonhunter,havoc,6,4,2
Powertaco,tichondrius,384,demonhunter,havoc,6,4,2
Zunfooki,stormrage,384,demonhunter,havoc,6,4,2
Cupernacus,tichondrius,384,demonhunter,havoc,6,4,2
Extínctíon,moon-guard,384,demonhunter,havoc,6,4,2
Verasu,kiljaeden,384,demonhunter,havoc,6,4,2
Reddh,bleeding-hollow,384,demonhunter,havoc,6,4,2
Nolights,area-52,384,demonhunter,havoc,6,4,2
Cloudzzy,illidan,384,demonhunter,havoc,6,4,2
Xein,khazgoroth,384,demonhunter,havoc,6,4,2
Déörwine,quelthalas,384,demonhunter,havoc,6,4,2
Bigdingding,area-52,384,demonhunter,havoc,6,4,2
Xragii,kelthuzad,384,demonhunter,havoc,6,4,2
Loadedtruck,frostmourne,384,demonhunter,havoc,6,4,2
Wickedlurker,sargeras,384,demonhunter,havoc,7,4,3
Kagraxxis,stormrage,384,demonhunter,havoc,9,5,4
Fraxxured,proudmoore,384,demonhunter,havoc,12,4,8
Yasuo,moon-guard,384,demonhunter,havoc,12,4,8
Sathsong,tichondrius,384,demonhunter,havoc,12,4,8
Vorlimornd,illidan,384,demonhunter,havoc,12,4,8
Callux,black-dragonflight,384,demonhunter,havoc,12,4,8
Randôm,kelthuzad,384,demonhunter,havoc,12,4,8
Dhsoop,tichondrius,384,demonhunter,havoc,12,4,8
Noliaclap,sargeras,384,demonhunter,havoc,12,4,8
Dömönic,illidan,384,demonhunter,havoc,12,4,8
Mommafingers,illidan,384,demonhunter,havoc,12,4,8
Sinhful,darkspear,384,demonhunter,havoc,12,4,8
Demondrëad,lightbringer,383,demonhunter,havoc,9,5,4
Slaytan,darkspear,383,demonhunter,havoc,12,4,8
Thjoannys,illidan,382,demonhunter,havoc,6,4,2
Kreel,ghostlands,382,demonhunter,havoc,6,4,2
Funky,draenor,381,demonhunter,havoc,12,4,8
Findoratoqc,darrowmere,351,demonhunter,havoc,11,4,7
Xiruu,area-52,336,demonhunter,havoc,15,5,10
Deadlysin,dragonmaw,336,demonhunter,havoc,15,4,11
Zatharas,stormrage,319,demonhunter,havoc,5,4,1
Gibbz,wyrmrest-accord,304,demonhunter,havoc,11,5,6
Feltini,whisperwind,288,demonhunter,havoc,6,3,3
Throniren,stormrage,288,demonhunter,havoc,6,3,3
Bllackclover,zuljin,288,demonhunter,havoc,6,3,3
Slodeath,zuljin,288,demonhunter,havoc,6,3,3
Greent,stormrage,288,demonhunter,havoc,6,3,3
Ravack,stormrage,288,demonhunter,havoc,6,3,3
Deadpixellz,illidan,288,demonhunter,havoc,6,3,3
Nepzz,stormrage,288,demonhunter,havoc,6,3,3
Adycatt,illidan,288,demonhunter,havoc,6,3,3
Xxsozin,skullcrusher,288,demonhunter,havoc,6,3,3
Falaszun,aegwynn,288,demonhunter,havoc,6,3,3
Pubelice,draenor,288,demonhunter,havoc,6,3,3
Moranah,tichondrius,288,demonhunter,havoc,6,3,3
Seabisciut,silvermoon,288,demonhunter,havoc,6,3,3
Churchpls,stormrage,288,demonhunter,havoc,6,3,3
Talsaris,drakthul,288,demonhunter,havoc,6,3,3
Dejay,thunderhorn,288,demonhunter,havoc,6,3,3
Letzgobrandn,silvermoon,288,demonhunter,havoc,6,3,3
Harahmbae,moon-guard,288,demonhunter,havoc,6,3,3
Gebblemon,aerie-peak,288,demonhunter,havoc,6,3,3
Fiebzz,queldorei,288,demonhunter,havoc,6,3,3
Backtolumby,bleeding-hollow,288,demonhunter,havoc,6,3,3
Jk,dreadmaul,288,demonhunter,havoc,6,3,3
Shacco,bleeding-hollow,288,demonhunter,havoc,6,3,3
Irisand,ragnaros,288,demonhunter,havoc,6,3,3
Noóve,area-52,288,demonhunter,havoc,6,3,3
Johnconnor,tichondrius,288,demonhunter,havoc,6,3,3
Sucio,khaz-modan,288,demonhunter,havoc,6,3,3
Faarkyou,barthilas,288,demonhunter,havoc,6,3,3
Rauwèrs,azralon,288,demonhunter,havoc,6,3,3
Catastrophis,tichondrius,288,demonhunter,havoc,6,3,3
Ocão,azralon,288,demonhunter,havoc,6,3,3
Missjotab,tichondrius,288,demonhunter,havoc,6,3,3
Mewmewkitty,tichondrius,288,demonhunter,havoc,6,3,3
Naelaksa,tichondrius,288,demonhunter,havoc,6,3,3
Rekttx,area-52,288,demonhunter,havoc,6,3,3
Dhcn,tichondrius,288,demonhunter,havoc,6,3,3
Bogdan,azjolnerub,288,demonhunter,havoc,6,3,3
Sloôtybag,tichondrius,288,demonhunter,havoc,6,3,3
Giselah,malganis,288,demonhunter,havoc,6,3,3
Maverzz,area-52,288,demonhunter,havoc,6,3,3
Eyesyk,bonechewer,288,demonhunter,havoc,6,3,3
Demonbanter,emerald-dream,288,demonhunter,havoc,6,3,3
Mèrlyn,sargeras,288,demonhunter,havoc,6,3,3
Vyrai,lightbringer,288,demonhunter,havoc,6,3,3
Órph,sargeras,288,demonhunter,havoc,6,3,3
Cassadega,sargeras,288,demonhunter,havoc,6,3,3
Velerolas,area-52,288,demonhunter,havoc,6,3,3
Onlypain,korgath,288,demonhunter,havoc,12,3,9
Lademon,tichondrius,288,demonhunter,havoc,12,3,9
Dmfeetpics,dalaran,288,demonhunter,havoc,12,3,9
Ovèrrated,area-52,288,demonhunter,havoc,12,3,9
Yåkuza,daggerspine,288,demonhunter,havoc,12,3,9
Litzilla,thrall,288,demonhunter,havoc,12,3,9
Scoplyn,malfurion,288,demonhunter,havoc,12,3,9
Mamif,korgath,288,demonhunter,havoc,12,3,9
Denadiirx,area-52,288,demonhunter,havoc,12,3,9
Mudßutt,malganis,288,demonhunter,havoc,12,3,9
Vellassa,stormscale,288,demonhunter,havoc,18,3,15
Haydet,stormrage,287,demonhunter,havoc,6,3,3
Aliniron,illidan,287,demonhunter,havoc,6,3,3
Rampyr,terokkar,287,demonhunter,havoc,6,3,3
Libertyphoon,hakkar,287,demonhunter,havoc,7,3,4
Mikiller,thrall,286,demonhunter,havoc,6,3,3
Hasbeen,tichondrius,239,demonhunter,havoc,5,3,2
Furiel,quelthalas,239,demonhunter,havoc,5,3,2
Vickyvette,illidan,239,demonhunter,havoc,5,3,2
Perspirant,malganis,239,demonhunter,havoc,5,3,2
Vespherie,moon-guard,234,demonhunter,havoc,8,5,3
Bladezues,tichondrius,223,demonhunter,havoc,8,3,5
Cobra,quelthalas,208,demonhunter,havoc,7,3,4
Critxclutch,tichondrius,192,demonhunter,havoc,4,3,1
Syrendris,moon-guard,192,demonhunter,havoc,8,3,5
Bjj,bonechewer,192,demonhunter,havoc,6,2,4
Spacéphoenix,stormrage,192,demonhunter,havoc,6,2,4
Xonu,sargeras,192,demonhunter,havoc,6,2,4
Jozeez,emerald-dream,192,demonhunter,havoc,6,2,4
Kyuno,eitrigg,192,demonhunter,havoc,6,2,4
Kalikanzar,sargeras,192,demonhunter,havoc,6,2,4
Krador,wyrmrest-accord,192,demonhunter,havoc,6,2,4
Sätän,malganis,192,demonhunter,havoc,6,2,4
Mqvdh,area-52,192,demonhunter,havoc,6,2,4
Doejah,stormrage,192,demonhunter,havoc,6,2,4
Karmadh,malganis,192,demonhunter,havoc,6,2,4
Zzatmikaze,area-52,192,demonhunter,havoc,6,2,4
Renatha,ragnaros,192,demonhunter,havoc,6,2,4
Sailtheskies,tichondrius,192,demonhunter,havoc,6,2,4
Rykko,borean-tundra,192,demonhunter,havoc,6,2,4
Ragath,bonechewer,192,demonhunter,havoc,6,2,4
Sparklepunch,stormrage,192,demonhunter,havoc,6,2,4
Bremdh,thrall,192,demonhunter,havoc,6,2,4
Thegoph,bleeding-hollow,192,demonhunter,havoc,6,2,4
Xanthrodril,illidan,192,demonhunter,havoc,6,2,4
Arkynth,dalaran,192,demonhunter,havoc,6,2,4
Dirtydone,area-52,192,demonhunter,havoc,6,2,4
Gopump,area-52,192,demonhunter,havoc,6,2,4
Felmilk,demon-soul,192,demonhunter,havoc,6,2,4
Morgoph,burning-legion,192,demonhunter,havoc,6,2,4
Jadyne,frostmourne,192,demonhunter,havoc,6,2,4
Swagidan,khaz-modan,192,demonhunter,havoc,6,2,4
Superbug,quelthalas,192,demonhunter,havoc,6,2,4
Haax,azralon,192,demonhunter,havoc,6,2,4
Ivexia,blackrock,192,demonhunter,havoc,6,2,4
Wreckforce,blades-edge,192,demonhunter,havoc,6,2,4
Freddiedread,bladefist,192,demonhunter,havoc,6,2,4
Lovekills,tichondrius,192,demonhunter,havoc,6,2,4
Wowomg,tichondrius,192,demonhunter,havoc,6,2,4
Trekt,blades-edge,192,demonhunter,havoc,6,2,4
Hoonjojjyana,tichondrius,192,demonhunter,havoc,6,2,4
Decoi,tichondrius,192,demonhunter,havoc,6,2,4
Bátmañ,stormrage,192,demonhunter,havoc,6,2,4
Frino,steamwheedle-cartel,192,demonhunter,havoc,6,2,4
Lilyanie,stormrage,192,demonhunter,havoc,6,2,4
Badservice,frostwolf,192,demonhunter,havoc,6,2,4
Zévron,area-52,192,demonhunter,havoc,6,2,4
Catastroz,ragnaros,192,demonhunter,havoc,6,2,4
Cleår,kelthuzad,192,demonhunter,havoc,6,2,4
Bushwacker,azralon,192,demonhunter,havoc,6,2,4
Deviljane,illidan,192,demonhunter,havoc,6,2,4
Berquondh,tichondrius,192,demonhunter,havoc,6,2,4
Glaivediggar,barthilas,192,demonhunter,havoc,6,2,4
Vivas,tichondrius,192,demonhunter,havoc,6,2,4
Alli,bleeding-hollow,192,demonhunter,havoc,6,2,4
Qlmm,stormrage,192,demonhunter,havoc,7,2,5
Hávok,sargeras,192,demonhunter,havoc,7,2,5
Deegsdh,sargeras,192,demonhunter,havoc,9,2,7
Hueylucifer,ravencrest,192,demonhunter,havoc,12,2,10
Dangerspud,frostmourne,192,demonhunter,havoc,12,2,10
Sadpepe,bleeding-hollow,192,demonhunter,havoc,12,2,10
Abusedchild,dalaran,191,demonhunter,havoc,6,2,4
Anguloke,wyrmrest-accord,191,demonhunter,havoc,6,2,4
Shawnchad,blood-furnace,191,demonhunter,havoc,6,2,4
Xanthee,drakkari,191,demonhunter,havoc,6,2,4
Purpsquirter,stormscale,190,demonhunter,havoc,9,3,6
Ripperxx,zuljin,96,demonhunter,havoc,6,1,5
Izruul,tichondrius,96,demonhunter,havoc,6,1,5
Felhunt,ragnaros,96,demonhunter,havoc,6,1,5
Memslaw,tichondrius,96,demonhunter,havoc,6,1,5
Billmcawsom,proudmoore,96,demonhunter,havoc,6,1,5
Elillidan,emerald-dream,96,demonhunter,havoc,6,1,5
Devî,ragnaros,96,demonhunter,havoc,6,1,5
Uchulu,quelthalas,96,demonhunter,havoc,6,1,5
Demonleàf,area-52,96,demonhunter,havoc,6,1,5
Sektõr,dalaran,96,demonhunter,havoc,6,1,5
Beerdash,area-52,96,demonhunter,havoc,6,1,5
Ðemonhunterx,frostmourne,96,demonhunter,havoc,6,1,5
Dingowango,illidan,96,demonhunter,havoc,6,1,5
Ðruh,kelthuzad,96,demonhunter,havoc,6,1,5
Treblig,nerzhul,96,demonhunter,havoc,6,1,5
Alphatoo,area-52,96,demonhunter,havoc,9,1,8
Moonsocks,proudmoore,96,demonhunter,havoc,12,1,11
Ntts,tichondrius,96,demonhunter,havoc,12,1,11
Fellchapo,illidan,79,demonhunter,havoc,5,1,4
Mcthiccyy,moon-guard,64,demonhunter,havoc,4,1,3
Leg,scilla,64,demonhunter,havoc,4,1,3
Xaryic,stormrage,42,demonhunter,havoc,16,5,11
Pooterjuice,shadowmoon,31,demonhunter,havoc,2,1,1
Røllnautløw,aegwynn,31,demonhunter,havoc,2,1,1
Ceried,moon-guard,16,demonhunter,havoc,1,1,0
Iwasright,stonemaul,1559,demonhunter,vengeance,36,20,16
Grovetenderx,tichondrius,2238,druid,restoration,86,53,33
Couragé,ragnaros,2074,druid,restoration,117,58,59
Kobaishome,tichondrius,2010,druid,restoration,89,49,40
Racialmotive,illidan,2000,druid,restoration,123,70,53
Linful,tichondrius,1949,druid,restoration,60,35,25
Mengniulol,tichondrius,1943,druid,restoration,60,39,21
Plorenz,zuljin,1930,druid,restoration,77,45,32
Rorae,tichondrius,1922,druid,restoration,49,29,20
Sanlunainiu,tichondrius,1906,druid,restoration,81,35,46
Shaylyne,moonrunner,1893,druid,restoration,33,21,12
Davidqx,zuljin,1882,druid,restoration,42,30,12
Brenden,area-52,1882,druid,restoration,42,27,15
Eddí,illidan,1872,druid,restoration,64,32,32
Andrwceo,stormrage,1852,druid,restoration,30,21,9
Gluesmoka,icecrown,1836,druid,restoration,54,31,23
Heymeow,tichondrius,1825,druid,restoration,60,24,36
Brendenjr,area-52,1819,druid,restoration,45,32,13
Shiftýx,tichondrius,1818,druid,restoration,59,31,28
Leafowl,tichondrius,1817,druid,restoration,36,22,14
Gankstanerdz,tichondrius,1816,druid,restoration,90,43,47
Hlchs,tichondrius,1810,druid,restoration,36,22,14
Kayorva,gurubashi,1804,druid,restoration,47,24,23
Mimidelol,tichondrius,1800,druid,restoration,48,26,22
Jegara,auchindoun,1791,druid,restoration,37,22,15
Rèmix,bleeding-hollow,1787,druid,restoration,36,19,17
Strokingmyd,illidan,1745,druid,restoration,60,31,29
Héisénbérg,sargeras,1740,druid,restoration,51,26,25
Ksz,stormrage,1722,druid,restoration,30,18,12
Darkenëd,dalaran,1715,druid,restoration,44,22,22
Currants,lightbringer,1711,druid,restoration,54,20,34
Treenleaves,stormrage,1682,druid,restoration,105,56,49
Drjelly,tichondrius,1682,druid,restoration,64,25,39
Naturae,spirestone,1668,druid,restoration,36,22,14
Dirtdog,uther,1664,druid,restoration,47,21,26
Zoteqt,kelthuzad,1653,druid,restoration,36,21,15
Rindy,rexxar,1651,druid,restoration,42,22,20
Corbind,arthas,1649,druid,restoration,55,24,31
Angrygochux,tichondrius,1648,druid,restoration,42,21,21
Légz,area-52,1646,druid,restoration,70,37,33
Birdfromtree,dalaran,1638,druid,restoration,36,21,15
Acdru,tichondrius,1637,druid,restoration,36,20,16
Facegotrake,stormrage,1635,druid,restoration,48,27,21
Playstyle,stormrage,1630,druid,restoration,31,17,14
Nikdruidne,tichondrius,1628,druid,restoration,30,17,13
Tunnaris,ragnaros,1626,druid,restoration,48,21,27
Relbedo,sargeras,1616,druid,restoration,45,27,18
Szwlol,tichondrius,1610,druid,restoration,36,17,19
Fhiziod,kelthuzad,1606,druid,restoration,68,41,27
Jdown,dalaran,1606,druid,restoration,47,22,25
Druidstin,tichondrius,1603,druid,restoration,102,53,49
Erral,malganis,1597,druid,restoration,57,26,31
Pizzatimex,zuluhed,1596,druid,restoration,36,18,18
Zyzzema,frostmourne,1593,druid,restoration,114,53,61
Poscow,tichondrius,1583,druid,restoration,45,25,20
Yavannita,quelthalas,1577,druid,restoration,51,32,19
Lubbeck,stormrage,1571,druid,restoration,87,49,38
Muhu,frostmourne,1569,druid,restoration,48,27,21
Ursiiday,sargeras,1553,druid,restoration,42,19,23
Silentbeer,frostmourne,1543,druid,restoration,54,29,25
Cutely,tichondrius,1528,druid,restoration,81,44,37
Duragx,bleeding-hollow,1523,druid,restoration,65,42,23
Poliage,moon-guard,1515,druid,restoration,77,34,43
Berzz,frostmourne,1491,druid,restoration,70,32,38
Gødriç,tichondrius,1467,druid,restoration,42,17,25
Staraborn,stormrage,1463,druid,restoration,81,45,36
Kimnim,tichondrius,1462,druid,restoration,71,39,32
Unpeelable,stormrage,1460,druid,restoration,24,16,8
Verkara,stormrage,1452,druid,restoration,76,35,41
Meepø,mugthol,1451,druid,restoration,103,56,47
Pëndulum,illidan,1451,druid,restoration,42,17,25
Sxlanderx,malganis,1438,druid,restoration,51,27,24
Healingcute,tichondrius,1435,druid,restoration,104,59,45
Horymory,darkspear,1432,druid,restoration,54,30,24
Vuru,azralon,1432,druid,restoration,72,33,39
Hideurkidz,tichondrius,1425,druid,restoration,27,16,11
Classydruid,spinebreaker,1402,druid,restoration,78,40,38
Biggucci,stonemaul,1399,druid,restoration,30,18,12
Lilbigcow,gnomeregan,1397,druid,restoration,99,34,65
Seizuressld,stormrage,1395,druid,restoration,81,46,35
Chowyunfats,proudmoore,1394,druid,restoration,93,57,36
Komaner,frostmourne,1390,druid,restoration,42,18,24
Icastsmells,tichondrius,1381,druid,restoration,57,36,21
Okiesmokied,proudmoore,1378,druid,restoration,30,17,13
Kergai,emerald-dream,1355,druid,restoration,102,53,49
Onblue,tichondrius,1347,druid,restoration,30,18,12
Hyne,emerald-dream,1346,druid,restoration,60,31,29
Corcovado,bleeding-hollow,1343,druid,restoration,24,14,10
Fattdiabetic,tichondrius,1339,druid,restoration,24,14,10
Ripberg,chogall,1338,druid,restoration,30,14,16
Edraen,zuljin,1337,druid,restoration,36,16,20
Branchmanagr,dark-iron,1335,druid,restoration,42,14,28
Anchunlol,tichondrius,1332,druid,restoration,36,18,18
Dbk,suramar,1328,druid,restoration,30,19,11
Ananan,burning-blade,1325,druid,restoration,36,19,17
Riiccflaiir,stormrage,1323,druid,restoration,24,14,10
Greylyth,moon-guard,1323,druid,restoration,36,15,21
Speaks,moon-guard,1309,druid,restoration,29,15,14
Jimjab,stormreaver,1299,druid,restoration,30,19,11
Volktots,bleeding-hollow,1298,druid,restoration,24,14,10
Cuddles,moon-guard,1277,druid,restoration,57,24,33
Clawriander,barthilas,1271,druid,restoration,50,28,22
Odcerberus,azralon,1267,druid,restoration,36,18,18
Gossìpgoat,frostmourne,1260,druid,restoration,32,18,14
Shifftycent,trollbane,1255,druid,restoration,36,14,22
Phåtkid,darkspear,1250,druid,restoration,36,15,21
Tizzyy,eredar,1247,druid,restoration,18,13,5
Anaps,frostmourne,1246,druid,restoration,18,13,5
Feldstarx,stormrage,1238,druid,restoration,24,13,11
Rlzdruid,tichondrius,1238,druid,restoration,30,13,17
Caustìk,malganis,1221,druid,restoration,24,14,10
Druidkingdk,stormrage,1218,druid,restoration,29,18,11
Ännä,moon-guard,1217,druid,restoration,30,13,17
Fatshift,chogall,1212,druid,restoration,36,20,16
Ulfaren,frostmourne,1209,druid,restoration,24,15,9
Bikacat,kelthuzad,1200,druid,restoration,24,13,11
Melbian,tichondrius,1198,druid,restoration,54,30,24
Addiedru,area-52,1197,druid,restoration,27,13,14
Wildwhisper,moon-guard,1188,druid,restoration,36,19,17
Adarindre,aerie-peak,1185,druid,restoration,93,46,47
Sinseir,stormscale,1164,druid,restoration,58,22,36
Kasannaommi,sargeras,1157,druid,restoration,42,22,20
Jonnygg,illidan,1151,druid,restoration,30,12,18
Lenya,bleeding-hollow,1150,druid,restoration,30,12,18
Hravan,dentarg,1147,druid,restoration,19,12,7
Animalge,sargeras,1147,druid,restoration,36,12,24
Tìssuebox,malganis,1145,druid,restoration,27,13,14
Skibbidy,boulderfist,1145,druid,restoration,33,14,19
Thericebags,illidan,1136,druid,restoration,67,34,33
Deamondruidz,kaelthas,1135,druid,restoration,42,12,30
Gladelf,sargeras,1121,druid,restoration,24,12,12
Hotkage,tichondrius,1120,druid,restoration,18,12,6
Smilax,eonar,1114,druid,restoration,47,13,34
Jruids,stormrage,1111,druid,restoration,36,12,24
Schlotzsky,skullcrusher,1101,druid,restoration,48,24,24
Yourka,uther,1099,druid,restoration,26,14,12
Rizzit,wyrmrest-accord,1098,druid,restoration,21,12,9
Sarrati,emerald-dream,1096,druid,restoration,27,13,14
Carneluna,area-52,1090,druid,restoration,36,12,24
Kittne,hellscream,1089,druid,restoration,48,24,24
Yorch,stormrage,1087,druid,restoration,42,20,22
Pmsprone,tichondrius,1074,druid,restoration,24,14,10
Vollzar,sargeras,1072,druid,restoration,38,14,24
Gimborion,stormrage,1064,druid,restoration,30,14,16
Hðthead,area-52,1064,druid,restoration,36,16,20
Agranock,nazgrel,1063,druid,restoration,40,21,19
Bobd,proudmoore,1056,druid,restoration,18,11,7
Whhm,burning-blade,1056,druid,restoration,24,11,13
Poscod,tichondrius,1055,druid,restoration,18,11,7
Boomtastik,frostmourne,1055,druid,restoration,24,11,13
Images,kilrogg,1053,druid,restoration,12,11,1
Methyld,frostmourne,1053,druid,restoration,36,11,25
Goodhealer,akama,1052,druid,restoration,36,23,13
Samerax,vashj,1052,druid,restoration,21,12,9
Phxburn,illidan,1050,druid,restoration,30,11,19
Psyqobloom,dalaran,1049,druid,restoration,24,11,13
Skotty,hyjal,1048,druid,restoration,18,11,7
Bruujz,moon-guard,1046,druid,restoration,18,11,7
Xzerhos,area-52,1045,druid,restoration,18,11,7
Zadayos,aerie-peak,1044,druid,restoration,30,16,14
Druilicious,ghostlands,1043,druid,restoration,49,24,25
Suye,tichondrius,1039,druid,restoration,24,11,13
Anothersalad,stormrage,1037,druid,restoration,19,11,8
Beladrexx,stormrage,1035,druid,restoration,30,11,19
Greenvibes,drakkari,1027,druid,restoration,18,11,7
Alfurr,tichondrius,1022,druid,restoration,29,15,14
Yeahhots,frostmourne,1000,druid,restoration,15,12,3
Mainera,sargeras,1000,druid,restoration,26,12,14
Eredorn,darkspear,989,druid,restoration,18,13,5
Rivetrix,azralon,971,druid,restoration,64,29,35
Cratose,runetotem,965,druid,restoration,23,13,10
Shiftaholic,azgalor,962,druid,restoration,18,12,6
Kaperij,sargeras,960,druid,restoration,18,10,8
Omkin,tichondrius,960,druid,restoration,18,10,8
Nikotser,dreadmaul,959,druid,restoration,21,12,9
Thasta,blackrock,959,druid,restoration,18,10,8
Gulperberg,sargeras,958,druid,restoration,12,10,2
Lorca,stormrage,955,druid,restoration,12,10,2
Svarne,kiljaeden,949,druid,restoration,18,10,8
Joopsy,tichondrius,943,druid,restoration,24,10,14
Maxobviously,stormrage,942,druid,restoration,18,10,8
Kg,cenarion-circle,941,druid,restoration,28,13,15
Dchizzle,tichondrius,941,druid,restoration,27,11,16
Treewik,emerald-dream,925,druid,restoration,37,19,18
Meniscus,arthas,910,druid,restoration,29,10,19
Mudpi,illidan,906,druid,restoration,23,10,13
Buffalobillz,lethon,897,druid,restoration,28,16,12
Guron,aegwynn,880,druid,restoration,24,11,13
Fionnbharr,ragnaros,880,druid,restoration,64,29,35
Fronkysilva,illidan,874,druid,restoration,42,18,24
Duo,demon-soul,864,druid,restoration,12,9,3
Gotheels,illidan,864,druid,restoration,12,9,3
Vesoween,tichondrius,864,druid,restoration,16,10,6
Lotiononmyd,illidan,864,druid,restoration,18,9,9
Ymy,tichondrius,864,druid,restoration,18,9,9
Mmrborrower,icecrown,864,druid,restoration,18,9,9
Tokesh,malganis,864,druid,restoration,18,9,9
Ninzor,tichondrius,864,druid,restoration,24,9,15
Chocoo,thaurissan,862,druid,restoration,18,9,9
Kaerrort,sargeras,861,druid,restoration,18,9,9
Standee,sargeras,861,druid,restoration,24,9,15
Nanniel,tichondrius,860,druid,restoration,24,9,15
Donnà,tichondrius,859,druid,restoration,31,15,16
Skymund,tichondrius,856,druid,restoration,18,9,9
Jonculler,korgath,854,druid,restoration,24,9,15
Toslick,kelthuzad,853,druid,restoration,21,9,12
Barugaf,drakkari,846,druid,restoration,19,10,9
Kataless,sargeras,844,druid,restoration,41,18,23
Furfu,illidan,826,druid,restoration,16,9,7
Nestaballo,illidan,825,druid,restoration,16,10,6
Swiftydel,frostmourne,807,druid,restoration,22,11,11
Liangpibro,illidan,768,druid,restoration,12,8,4
Germlol,sargeras,768,druid,restoration,12,8,4
Chinadruides,tichondrius,768,druid,restoration,12,8,4
Ppbdru,tichondrius,768,druid,restoration,12,8,4
Zrobloom,stormrage,768,druid,restoration,18,8,10
Flóp,dalaran,768,druid,restoration,18,8,10
Zelyvia,moon-guard,767,druid,restoration,12,8,4
Maeo,drenden,767,druid,restoration,12,8,4
Cndistance,tichondrius,767,druid,restoration,18,8,10
Haymade,sargeras,767,druid,restoration,18,8,10
Amandi,magtheridon,765,druid,restoration,18,8,10
Driftwood,bonechewer,763,druid,restoration,18,8,10
Blitzÿ,lothar,761,druid,restoration,12,8,4
Darksteak,tichondrius,759,druid,restoration,24,8,16
Rhondarootsy,zuljin,756,druid,restoration,18,8,10
Whiskeyblues,ursin,706,druid,restoration,24,8,16
Delody,tichondrius,672,druid,restoration,12,7,5
Caipirinha,tichondrius,672,druid,restoration,12,7,5
Commercii,tichondrius,672,druid,restoration,12,7,5
Hchls,tichondrius,672,druid,restoration,12,7,5
Áçxpërt,jubeithos,672,druid,restoration,12,7,5
Motate,malganis,672,druid,restoration,12,7,5
Zblmystic,tichondrius,672,druid,restoration,18,7,11
Kobrah,twisting-nether,672,druid,restoration,18,7,11
Tweeguy,malganis,672,druid,restoration,18,7,11
Trolbearpig,malganis,671,druid,restoration,12,7,5
Concordya,tichondrius,670,druid,restoration,12,7,5
Nanate,sargeras,670,druid,restoration,12,7,5
Slév,frostmourne,670,druid,restoration,18,7,11
Gorillagloo,area-52,670,druid,restoration,19,7,12
Battiatus,malganis,669,druid,restoration,18,7,11
Mïms,area-52,667,druid,restoration,12,7,5
Cannabull,echo-isles,665,druid,restoration,18,7,11
Bethemarble,sargeras,664,druid,restoration,12,7,5
Moolan,bleeding-hollow,664,druid,restoration,12,7,5
Sodury,tichondrius,659,druid,restoration,18,7,11
Rowlex,moon-guard,640,druid,restoration,10,8,2
Riddickd,malfurion,639,druid,restoration,14,8,6
Warmkitteh,kiljaeden,639,druid,restoration,17,7,10
Breathe,ysera,639,druid,restoration,28,7,21
Petmydeadcow,illidan,623,druid,restoration,21,8,13
Rígo,frostmourne,622,druid,restoration,15,8,7
Semangarbage,tichondrius,607,druid,restoration,15,8,7
Hdruid,tichondrius,592,druid,restoration,13,7,6
Pawpurrazzi,moon-guard,576,druid,restoration,6,6,0
Xiaoyi,tichondrius,576,druid,restoration,6,6,0
Moldragon,crushridge,576,druid,restoration,6,6,0
Vecuronium,tichondrius,576,druid,restoration,12,6,6
Bovindickus,tichondrius,576,druid,restoration,12,6,6
Gemo,tichondrius,576,druid,restoration,12,6,6
Rawbacon,blackrock,576,druid,restoration,12,6,6
Nogàrd,arygos,576,druid,restoration,12,6,6
Kurohîme,illidan,576,druid,restoration,12,6,6
Eraticdruid,illidan,576,druid,restoration,12,6,6
Afkifuthrow,ysera,576,druid,restoration,12,6,6
Slev,frostmourne,576,druid,restoration,12,6,6
Wintarz,sargeras,576,druid,restoration,18,6,12
Shapedance,sargeras,576,druid,restoration,18,6,12
Kerrzo,frostmourne,575,druid,restoration,12,6,6
Flôkey,tichondrius,575,druid,restoration,12,6,6
Nrp,stormrage,575,druid,restoration,12,6,6
Afonso,frostmourne,575,druid,restoration,12,6,6
Kokushe,burning-legion,575,druid,restoration,12,6,6
Skullchief,barthilas,575,druid,restoration,16,7,9
Indicahigh,moon-guard,574,druid,restoration,12,6,6
Matpd,norgannon,574,druid,restoration,24,6,18
Persiancoco,area-52,572,druid,restoration,12,6,6
Aokseer,azralon,570,druid,restoration,12,6,6
Uwupollo,ragnaros,562,druid,restoration,18,6,12
Arthemisgodx,azralon,520,druid,restoration,17,10,7
Dëmoníc,ragnaros,480,druid,restoration,6,5,1
Justforgame,sargeras,480,druid,restoration,6,5,1
Felinedreams,sargeras,480,druid,restoration,6,5,1
Yungdoinkski,icecrown,480,druid,restoration,6,5,1
Garbagebutt,burning-legion,480,druid,restoration,6,5,1
Nersepha,gurubashi,480,druid,restoration,6,5,1
Alend,alexstrasza,480,druid,restoration,6,5,1
Ellystarry,stormrage,480,druid,restoration,6,5,1
Sevend,tichondrius,480,druid,restoration,6,5,1
Pawsbutton,stormrage,480,druid,restoration,6,5,1
Rekelberg,sargeras,480,druid,restoration,6,5,1
Jacknit,illidan,480,druid,restoration,6,5,1
Hotgoal,frostmourne,480,druid,restoration,12,5,7
Kzinti,zuluhed,480,druid,restoration,12,5,7
Shartah,zuljin,480,druid,restoration,12,5,7
Creamcow,tichondrius,480,druid,restoration,12,5,7
Ppb,illidan,480,druid,restoration,12,5,7
Lusam,korialstrasz,480,druid,restoration,12,5,7
Lissette,thrall,480,druid,restoration,12,5,7
Treynî,tichondrius,480,druid,restoration,12,5,7
Jaydog,emerald-dream,480,druid,restoration,12,5,7
Sanitizer,tichondrius,480,druid,restoration,12,5,7
Ppbtw,illidan,480,druid,restoration,12,5,7
Baduret,dalaran,480,druid,restoration,12,5,7
Durintor,nemesis,480,druid,restoration,12,5,7
Enrÿu,nemesis,480,druid,restoration,18,5,13
Jathy,area-52,480,druid,restoration,18,5,13
Youngteezy,barthilas,480,druid,restoration,24,5,19
Poutyface,sargeras,480,druid,restoration,30,5,25
Forest,frostmourne,479,druid,restoration,12,5,7
Xarressian,moon-guard,479,druid,restoration,12,5,7
Würzel,nemesis,479,druid,restoration,12,5,7
Anotherstar,frostmourne,479,druid,restoration,24,5,19
Kitnip,proudmoore,478,druid,restoration,6,5,1
Feralgød,tichondrius,478,druid,restoration,12,5,7
Rònaldò,drakthul,478,druid,restoration,12,5,7
Bloodyhoofs,malganis,478,druid,restoration,12,5,7
Kaldrago,detheroc,476,druid,restoration,12,5,7
Israh,malygos,446,druid,restoration,8,6,2
Bigelbows,area-52,432,druid,restoration,15,6,9
Oongadunga,tichondrius,415,druid,restoration,14,5,9
Entydruid,khazgoroth,399,druid,restoration,5,5,0
Lylek,azshara,384,druid,restoration,6,4,2
Airmíd,illidan,384,druid,restoration,6,4,2
Dendrix,area-52,384,druid,restoration,6,4,2
Kruisberg,sargeras,384,druid,restoration,6,4,2
Nøbuchi,kelthuzad,384,druid,restoration,6,4,2
Alindrä,moon-guard,384,druid,restoration,6,4,2
Zbh,tichondrius,384,druid,restoration,6,4,2
Druidlstrudl,moon-guard,384,druid,restoration,6,4,2
Astraelas,tichondrius,384,druid,restoration,6,4,2
Ziegey,tichondrius,384,druid,restoration,6,4,2
Yoshí,emerald-dream,384,druid,restoration,10,5,5
Chickenwings,ragnaros,384,druid,restoration,12,4,8
Polyester,frostmourne,384,druid,restoration,12,4,8
Taaienberg,sargeras,384,druid,restoration,12,4,8
Ekr,tichondrius,384,druid,restoration,12,4,8
Druidnim,tichondrius,384,druid,restoration,12,4,8
Leatherpig,proudmoore,384,druid,restoration,12,4,8
Lillenan,illidan,384,druid,restoration,12,4,8
Bumbally,illidan,384,druid,restoration,12,4,8
Mastabtw,illidan,384,druid,restoration,12,4,8
Hotrecki,kelthuzad,384,druid,restoration,12,4,8
Tarvosx,thrall,384,druid,restoration,18,4,14
Foxbear,garona,383,druid,restoration,6,4,2
Tallenzz,lightninghoof,383,druid,restoration,12,4,8
Nightflow,emerald-dream,383,druid,restoration,12,4,8
Stèvén,tichondrius,383,druid,restoration,12,4,8
Guojue,tichondrius,382,druid,restoration,12,4,8
Iheartmushu,mannoroth,380,druid,restoration,12,4,8
Breakthemm,bonechewer,379,druid,restoration,12,4,8
Møøncry,ragnaros,377,druid,restoration,22,10,12
Reehz,stormrage,351,druid,restoration,17,4,13
Izzabelle,deathwing,304,druid,restoration,7,4,3
Azaran,bleeding-hollow,288,druid,restoration,6,3,3
Lðhnar,malganis,288,druid,restoration,6,3,3
Mythicdruid,ragnaros,288,druid,restoration,6,3,3
Minokawa,kargath,288,druid,restoration,6,3,3
Ayra,sargeras,288,druid,restoration,6,3,3
Naturetazer,sargeras,288,druid,restoration,6,3,3
Bemelerberg,sargeras,288,druid,restoration,6,3,3
Ðeepsixx,burning-legion,288,druid,restoration,6,3,3
Opim,sargeras,288,druid,restoration,6,3,3
Monkeyxo,kelthuzad,288,druid,restoration,6,3,3
Suublime,ragnaros,288,druid,restoration,6,3,3
Cameltail,kelthuzad,288,druid,restoration,6,3,3
Bäñgarang,tichondrius,288,druid,restoration,6,3,3
Lindi,kelthuzad,288,druid,restoration,6,3,3
Ømí,quelthalas,288,druid,restoration,6,3,3
Antonniel,azralon,288,druid,restoration,6,3,3
Lifebloomlol,area-52,288,druid,restoration,6,3,3
Mädnhairy,zuljin,288,druid,restoration,6,3,3
Razberriesz,stormrage,288,druid,restoration,6,3,3
Lukass,tichondrius,288,druid,restoration,6,3,3
Wythrim,quelthalas,288,druid,restoration,6,3,3
Noah,altar-of-storms,288,druid,restoration,6,3,3
Eryon,nemesis,288,druid,restoration,6,3,3
Cutefeetz,moon-guard,288,druid,restoration,6,3,3
Disembles,illidan,288,druid,restoration,6,3,3
Kenái,nemesis,288,druid,restoration,6,3,3
Mommymilkers,jubeithos,288,druid,restoration,6,3,3
Luckyslot,frostmourne,288,druid,restoration,6,3,3
Reptile,terenas,288,druid,restoration,6,3,3
Spinach,moon-guard,288,druid,restoration,6,3,3
Taiwanzz,tichondrius,288,druid,restoration,6,3,3
Kcazz,thorium-brotherhood,288,druid,restoration,6,3,3
Wâggles,moon-guard,288,druid,restoration,6,3,3
Pekingcuckoo,illidan,288,druid,restoration,6,3,3
Nokash,tichondrius,288,druid,restoration,6,3,3
Yakuho,proudmoore,288,druid,restoration,6,3,3
Gloomster,tichondrius,288,druid,restoration,6,3,3
Bobruid,nagrand,288,druid,restoration,6,3,3
Lolomas,proudmoore,288,druid,restoration,12,3,9
Bøo,frostmourne,288,druid,restoration,12,3,9
Theømega,stormrage,288,druid,restoration,12,3,9
Kanokoho,wyrmrest-accord,288,druid,restoration,12,3,9
Rhatir,stormrage,288,druid,restoration,12,3,9
Dipset,khadgar,288,druid,restoration,12,3,9
Oinkme,kiljaeden,288,druid,restoration,12,3,9
Qdrui,tichondrius,288,druid,restoration,12,3,9
Slleep,tichondrius,287,druid,restoration,6,3,3
Vengaul,amanthul,287,druid,restoration,6,3,3
Phlap,zuljin,287,druid,restoration,6,3,3
Dobidas,tichondrius,287,druid,restoration,6,3,3
Vulgär,kiljaeden,287,druid,restoration,12,3,9
Fortunecat,illidan,286,druid,restoration,12,3,9
Anastasyiar,illidan,256,druid,restoration,10,3,7
Awkwarder,emerald-dream,239,druid,restoration,5,3,2
Kagekuma,bleeding-hollow,192,druid,restoration,6,2,4
Fastyhands,illidan,192,druid,restoration,6,2,4
Fracxx,area-52,192,druid,restoration,6,2,4
Chopotron,ragnaros,192,druid,restoration,6,2,4
Rdruidchump,the-forgotten-coast,192,druid,restoration,6,2,4
Acexten,tichondrius,192,druid,restoration,6,2,4
Boonsogan,tichondrius,192,druid,restoration,6,2,4
Uggadruid,malganis,192,druid,restoration,6,2,4
Doktauren,lightbringer,192,druid,restoration,6,2,4
Mcbeef,tichondrius,192,druid,restoration,6,2,4
Akinetic,illidan,192,druid,restoration,6,2,4
Frave,dentarg,192,druid,restoration,6,2,4
Kaisuckslol,stormrage,192,druid,restoration,6,2,4
Tempesd,stormrage,192,druid,restoration,6,2,4
Saltyzz,tichondrius,192,druid,restoration,6,2,4
Cultnelf,illidan,192,druid,restoration,6,2,4
Ambassador,kelthuzad,192,druid,restoration,6,2,4
Cauroth,azralon,192,druid,restoration,6,2,4
Tickman,altar-of-storms,192,druid,restoration,6,2,4
Judar,barthilas,192,druid,restoration,6,2,4
Thetakeout,tichondrius,192,druid,restoration,6,2,4
Clonkzy,area-52,192,druid,restoration,6,2,4
Travys,sargeras,192,druid,restoration,6,2,4
Stetile,azralon,192,druid,restoration,6,2,4
Kanadae,thrall,192,druid,restoration,6,2,4
Dankcentral,frostwolf,192,druid,restoration,10,3,7
Meruemoo,tichondrius,192,druid,restoration,12,2,10
Trèè,frostmane,192,druid,restoration,12,2,10
Theboy,dalaran,192,druid,restoration,12,2,10
Aelena,whisperwind,192,druid,restoration,12,2,10
Urhero,sargeras,192,druid,restoration,12,2,10
Irontree,dunemaul,192,druid,restoration,18,2,16
Clonemunster,frostmourne,192,druid,restoration,18,2,16
Diaks,proudmoore,191,druid,restoration,6,2,4
Dreamwalk,stormrage,175,druid,restoration,17,3,14
Pvptactician,tichondrius,159,druid,restoration,11,4,7
Frenzymoon,zuljin,144,druid,restoration,3,3,0
Arienne,kelthuzad,96,druid,restoration,6,1,5
Carlosd,tichondrius,96,druid,restoration,6,1,5
Brbcatsonfir,malganis,96,druid,restoration,6,1,5
Cowtox,moon-guard,96,druid,restoration,6,1,5
Wùúkìí,bleeding-hollow,96,druid,restoration,6,1,5
Guap,bleeding-hollow,96,druid,restoration,6,1,5
Macfluff,emerald-dream,96,druid,restoration,6,1,5
Wotermelon,moon-guard,96,druid,restoration,6,1,5
Hellshifterr,tichondrius,96,druid,restoration,6,1,5
Ðjx,stormrage,96,druid,restoration,6,1,5
Mollytonasty,demon-soul,96,druid,restoration,6,1,5
Quadrivium,stormrage,96,druid,restoration,6,1,5
Tworax,frostmourne,96,druid,restoration,6,1,5
Ttaure,ragnaros,96,druid,restoration,6,1,5
Goosebümps,stormrage,96,druid,restoration,6,1,5
Fartsicle,lightnings-blade,96,druid,restoration,6,1,5
Foracus,sargeras,96,druid,restoration,11,1,10
Sinigang,duskwood,96,druid,restoration,12,1,11
Grakzul,blood-furnace,95,druid,restoration,9,2,7
Elauria,stormreaver,95,druid,restoration,6,1,5
Guqingshuang,tichondrius,79,druid,restoration,10,2,8
Smorak,area-52,63,druid,restoration,2,2,0
Gotdruid,sargeras,63,druid,restoration,8,2,6
Neferpitou,fenris,16,druid,restoration,6,1,5
Crashägásm,proudmoore,1025,druid,guardian,24,12,12
Multivar,burning-legion,669,druid,guardian,12,7,5
Agmukar,wyrmrest-accord,478,druid,guardian,6,5,1
Kesagake,feathermoon,383,druid,guardian,6,4,2
Cayinna,altar-of-storms,288,druid,guardian,12,3,9
Giddeonv,draenor,287,druid,guardian,6,3,3
Mavren,uldaman,286,druid,guardian,6,3,3
Mordu,rivendare,192,druid,guardian,6,2,4
Balanah,quelthalas,190,druid,guardian,9,3,6
Aurno,queldorei,96,druid,guardian,6,1,5
Vindecca,kelthuzad,96,druid,guardian,6,1,5
Lakroz,zuljin,95,druid,guardian,6,1,5
Iinkinbio,alleria,2124,druid,feral,84,50,34
Nuadris,azralon,1969,druid,feral,120,67,53
Bawbe,lightbringer,1967,druid,feral,59,36,23
Auntsusie,stormrage,1956,druid,feral,60,37,23
Yukjr,stormrage,1932,druid,feral,35,21,14
Russiaguy,area-52,1883,druid,feral,132,74,58
Amellies,quelthalas,1881,druid,feral,66,35,31
Stellar,steamwheedle-cartel,1872,druid,feral,54,28,26
Abstractf,sargeras,1869,druid,feral,36,23,13
Notapn,tichondrius,1866,druid,feral,60,34,26
Nyç,sargeras,1861,druid,feral,60,30,30
Darmari,quelthalas,1852,druid,feral,60,27,33
Crunchyroll,sargeras,1767,druid,feral,53,27,26
Feignxd,emerald-dream,1763,druid,feral,45,33,12
Formrage,jubeithos,1757,druid,feral,35,19,16
Samuel,ravencrest,1692,druid,feral,36,18,18
Icespicè,tichondrius,1688,druid,feral,42,18,24
Sappora,illidan,1680,druid,feral,70,33,37
Nitetree,thrall,1679,druid,feral,60,31,29
Chasertv,tichondrius,1650,druid,feral,36,19,17
Bpdferal,stormrage,1643,druid,feral,109,56,53
Enya,stormreaver,1640,druid,feral,54,26,28
Wildfire,nesingwary,1629,druid,feral,63,32,31
Wøs,area-52,1620,druid,feral,77,40,37
Sammy,scilla,1618,druid,feral,36,17,19
Oldtomcat,moon-guard,1615,druid,feral,42,22,20
Swolareclips,eitrigg,1615,druid,feral,54,28,26
Fugg,frostmourne,1610,druid,feral,54,28,26
Lucky,destromath,1607,druid,feral,60,25,35
Raincloud,mannoroth,1603,druid,feral,24,17,7
Franksuba,windrunner,1602,druid,feral,60,30,30
Slanue,tichondrius,1602,druid,feral,46,20,26
Revcow,malganis,1563,druid,feral,30,18,12
Darkombra,frostmourne,1548,druid,feral,54,27,27
Kibbens,area-52,1545,druid,feral,52,22,30
Jaguar,whisperwind,1535,druid,feral,24,16,8
Zyhsul,emerald-dream,1523,druid,feral,30,16,14
Kaisuckslol,stormrage,1520,druid,feral,90,45,45
Stêff,zuljin,1506,druid,feral,30,16,14
Irontree,dunemaul,1505,druid,feral,30,16,14
Kdrumania,tichondrius,1501,druid,feral,44,25,19
Beomjun,tichondrius,1482,druid,feral,23,16,7
Bullcritzz,saurfang,1468,druid,feral,38,27,11
Dillywadz,tichondrius,1461,druid,feral,84,35,49
Floorz,firetree,1439,druid,feral,30,15,15
Fendiy,barthilas,1433,druid,feral,36,18,18
Kushtiger,ragnaros,1430,druid,feral,72,35,37
Swappy,korgath,1414,druid,feral,54,26,28
Clarice,shattered-halls,1409,druid,feral,24,15,9
Snowfaerie,moon-guard,1378,druid,feral,89,49,40
Prowli,tichondrius,1359,druid,feral,70,35,35
Loser,stormrage,1343,druid,feral,30,14,16
Ikkarus,nemesis,1340,druid,feral,30,15,15
Brawleyx,tichondrius,1337,druid,feral,36,14,22
Khyzan,illidan,1329,druid,feral,78,41,37
Blut,stormrage,1328,druid,feral,30,14,16
Melez,kelthuzad,1326,druid,feral,33,15,18
Treeweed,tichondrius,1324,druid,feral,39,19,20
Scruffywolf,tichondrius,1322,druid,feral,83,37,46
Bullboy,frostmourne,1320,druid,feral,30,17,13
Kyrô,sargeras,1317,druid,feral,29,14,15
Weedsmuggler,burning-legion,1315,druid,feral,67,29,38
Dahmu,malygos,1311,druid,feral,36,15,21
Fappywapple,kiljaeden,1288,druid,feral,32,15,17
Hjerim,quelthalas,1286,druid,feral,38,17,21
Ðreadfang,tichondrius,1258,druid,feral,30,18,12
Panyot,kiljaeden,1258,druid,feral,42,20,22
Bassy,whisperwind,1248,druid,feral,30,13,17
Nrp,stormrage,1245,druid,feral,48,13,35
Brewdock,boulderfist,1244,druid,feral,30,13,17
Hellodan,proudmoore,1236,druid,feral,30,13,17
Hermbott,proudmoore,1232,druid,feral,36,18,18
Vintera,sargeras,1214,druid,feral,62,33,29
Xdkittyrawr,tichondrius,1199,druid,feral,34,17,17
Gnairda,sargeras,1199,druid,feral,30,13,17
Kleanxx,tichondrius,1171,druid,feral,48,23,25
Xanbàr,hyjal,1153,druid,feral,23,15,8
Alleae,stormrage,1151,druid,feral,18,12,6
Lemön,frostmourne,1149,druid,feral,30,12,18
Azrethyu,emerald-dream,1148,druid,feral,30,12,18
Fangry,queldorei,1147,druid,feral,30,12,18
Faelonk,frostmourne,1146,druid,feral,24,12,12
Gonjatusk,ravencrest,1140,druid,feral,18,12,6
Surmise,tichondrius,1100,druid,feral,24,12,12
Ðementia,stormrage,1097,druid,feral,36,23,13
Azakana,sargeras,1094,druid,feral,23,12,11
Buhooki,tichondrius,1092,druid,feral,36,19,17
Ourse,aegwynn,1061,druid,feral,30,17,13
Birdy,proudmoore,1056,druid,feral,18,11,7
Astrozxy,sargeras,1056,druid,feral,18,11,7
Glenn,norgannon,1056,druid,feral,18,11,7
Anastasyiar,illidan,1053,druid,feral,24,11,13
Nobruh,sargeras,1053,druid,feral,24,11,13
Myeow,illidan,1052,druid,feral,24,11,13
Corv,drenden,1051,druid,feral,16,12,4
Hööper,illidan,1050,druid,feral,36,11,25
Chomperz,tichondrius,1046,druid,feral,24,11,13
Screwdrivers,moon-guard,1022,druid,feral,29,11,18
Lyndonww,frostmourne,1006,druid,feral,26,12,14
Iamnature,dalaran,986,druid,feral,22,11,11
Yayue,tichondrius,960,druid,feral,18,10,8
Killuf,quelthalas,960,druid,feral,30,10,20
Kekepöp,illidan,959,druid,feral,18,10,8
Dewfuss,tichondrius,959,druid,feral,18,10,8
Yaboidakota,stormrage,959,druid,feral,24,10,14
Swindlestan,zuljin,958,druid,feral,18,10,8
Gairen,the-venture-co,956,druid,feral,18,10,8
Jizzie,tichondrius,956,druid,feral,18,10,8
Cawkaw,frostwolf,953,druid,feral,30,10,20
Frostelles,stormrage,952,druid,feral,24,10,14
Kyrona,frostmourne,945,druid,feral,12,10,2
Lelobull,ragnaros,937,druid,feral,24,10,14
Leight,whisperwind,934,druid,feral,18,10,8
Pdfilewatch,stormrage,864,druid,feral,12,9,3
Kyoski,moon-guard,864,druid,feral,18,9,9
Mocfernando,sargeras,864,druid,feral,18,9,9
Zirrie,stormrage,863,druid,feral,18,9,9
Tt,akama,863,druid,feral,18,9,9
Glockitty,tichondrius,862,druid,feral,12,9,3
Jasminonmars,zuluhed,856,druid,feral,18,9,9
Chitára,ragnaros,828,druid,feral,31,11,20
Senex,stormrage,823,druid,feral,17,11,6
Jeanz,bonechewer,782,druid,feral,17,9,8
Theømega,stormrage,768,druid,feral,12,8,4
Jason,vashj,768,druid,feral,12,8,4
Suedle,kelthuzad,768,druid,feral,18,8,10
Mooncatbear,malganis,768,druid,feral,18,8,10
Ytgamezoned,darkspear,767,druid,feral,12,8,4
Kwilli,tichondrius,767,druid,feral,18,8,10
Fullmoon,greymane,767,druid,feral,22,9,13
Yobolsun,sargeras,765,druid,feral,12,8,4
Herbx,sargeras,765,druid,feral,18,8,10
Midnitex,illidan,763,druid,feral,19,8,11
Dehltax,stormrage,762,druid,feral,12,8,4
Beargodx,stormrage,757,druid,feral,24,8,16
Mychi,ragnaros,748,druid,feral,20,9,11
Nephdruid,stormrage,748,druid,feral,24,8,16
Spinach,moon-guard,720,druid,feral,21,8,13
Malthen,quelthalas,719,druid,feral,15,8,7
Sïmba,andorhal,719,druid,feral,17,8,9
Shakedru,stormrage,684,druid,feral,19,8,11
Plux,illidan,672,druid,feral,12,7,5
Fyrkax,sargeras,672,druid,feral,12,7,5
Porkonmyfork,frostmourne,672,druid,feral,12,7,5
Yavà,tichondrius,672,druid,feral,12,7,5
Primalxd,area-52,672,druid,feral,12,7,5
Addymeow,drenden,672,druid,feral,12,7,5
Faithxo,stormrage,672,druid,feral,18,7,11
Tenavï,stormrage,672,druid,feral,18,7,11
Bigmolii,quelthalas,672,druid,feral,18,7,11
Nearkoo,tichondrius,672,druid,feral,18,7,11
Thycamore,cenarius,672,druid,feral,18,7,11
Dorio,quelthalas,671,druid,feral,12,7,5
Anxietyburns,stormrage,671,druid,feral,12,7,5
Superwrath,khaz-modan,671,druid,feral,12,7,5
Datkittydoe,kiljaeden,671,druid,feral,18,7,11
Ruckiz,stormrage,671,druid,feral,18,7,11
Momoxchan,quelthalas,671,druid,feral,18,7,11
Redness,daggerspine,669,druid,feral,18,7,11
Predatõr,malorne,663,druid,feral,12,7,5
Oxvxo,senjin,648,druid,feral,18,7,11
Arntu,malganis,639,druid,feral,11,7,4
Greasemonkey,trollbane,623,druid,feral,16,8,8
Treespec,stormrage,622,druid,feral,11,7,4
Proudfurryxo,dragonmaw,607,druid,feral,8,7,1
Darkdragoonz,barthilas,592,druid,feral,13,7,6
Bigherbo,zuljin,585,druid,feral,20,8,12
Zuljor,sargeras,576,druid,feral,6,6,0
Retzerbil,sargeras,576,druid,feral,6,6,0
Blêêd,stormscale,576,druid,feral,6,6,0
Bênî,emerald-dream,576,druid,feral,12,6,6
Azuredreams,bleeding-hollow,576,druid,feral,12,6,6
Hashmall,ragnaros,576,druid,feral,12,6,6
Thontt,sargeras,576,druid,feral,12,6,6
Yavann,tichondrius,576,druid,feral,12,6,6
Classydruid,spinebreaker,576,druid,feral,12,6,6
Fastcat,moon-guard,576,druid,feral,12,6,6
Skrambles,mugthol,576,druid,feral,15,7,8
Hoofin,blackwing-lair,576,druid,feral,18,6,12
Rahxay,quelthalas,576,druid,feral,18,6,12
Wabbehkus,barthilas,576,druid,feral,24,6,18
Súse,sargeras,575,druid,feral,12,6,6
Wulfjack,emerald-dream,575,druid,feral,12,6,6
Mariko,area-52,575,druid,feral,12,6,6
Beelzehog,whisperwind,574,druid,feral,12,6,6
Nikozho,sargeras,573,druid,feral,18,6,12
Reallysauce,zuljin,570,druid,feral,12,6,6
Expells,nemesis,569,druid,feral,18,6,12
Tatiannaa,stormreaver,528,druid,feral,9,7,2
Rosalba,zuljin,521,druid,feral,24,7,17
Druski,lightbringer,508,druid,feral,11,6,5
Jurasico,ragnaros,480,druid,feral,6,5,1
Floorz,bleeding-hollow,480,druid,feral,6,5,1
Sweetnippies,elune,480,druid,feral,6,5,1
Fugekî,zuljin,480,druid,feral,6,5,1
Jazzxs,proudmoore,480,druid,feral,12,5,7
Yizhiyuren,aegwynn,480,druid,feral,12,5,7
Bloodriot,wyrmrest-accord,480,druid,feral,12,5,7
Eletto,stormrage,480,druid,feral,12,5,7
Zivak,azshara,480,druid,feral,12,5,7
Calikonger,spirestone,480,druid,feral,12,5,7
Zenlonn,emerald-dream,480,druid,feral,12,5,7
Druidydruid,blackrock,480,druid,feral,12,5,7
Topangâ,lightninghoof,480,druid,feral,12,5,7
Lakunahof,ragnaros,480,druid,feral,15,6,9
Käïïjü,tichondrius,480,druid,feral,13,5,8
Sylvaster,stormrage,480,druid,feral,18,5,13
Vaniedron,zuljin,480,druid,feral,18,5,13
Sosd,kelthuzad,479,druid,feral,6,5,1
Snugglin,kelthuzad,479,druid,feral,12,5,7
Anessan,silvermoon,479,druid,feral,12,5,7
Yokimo,amanthul,479,druid,feral,12,5,7
Trevvor,thrall,479,druid,feral,18,5,13
Shahahrazad,queldorei,479,druid,feral,18,5,13
Taurenaught,aegwynn,478,druid,feral,6,5,1
Ediiann,cenarius,477,druid,feral,12,5,7
Lusk,blades-edge,475,druid,feral,18,5,13
Moonrg,stormrage,431,druid,feral,11,5,6
Kolbie,emerald-dream,415,druid,feral,14,5,9
Pressuretd,frostmourne,384,druid,feral,6,4,2
Kistormx,tichondrius,384,druid,feral,6,4,2
Neetform,zuljin,384,druid,feral,6,4,2
Olhosdlua,azralon,384,druid,feral,6,4,2
Cfab,tichondrius,384,druid,feral,6,4,2
Tnvï,stormrage,384,druid,feral,6,4,2
Naturestouch,tichondrius,384,druid,feral,6,4,2
Drywatter,tichondrius,384,druid,feral,6,4,2
Curet,lightbringer,384,druid,feral,6,4,2
Gwiz,stormrage,384,druid,feral,6,4,2
Aldr,tichondrius,384,druid,feral,6,4,2
Fireeloot,tichondrius,384,druid,feral,6,4,2
Eyzie,stormrage,384,druid,feral,6,4,2
Carnumoose,zuljin,384,druid,feral,12,4,8
Ozex,crushridge,384,druid,feral,12,4,8
Beastbaby,eldrethalas,384,druid,feral,12,4,8
Muffbfloppn,zuljin,384,druid,feral,12,4,8
Tonoshapepai,azralon,384,druid,feral,18,4,14
Startalons,area-52,384,druid,feral,18,4,14
Snowlion,the-forgotten-coast,383,druid,feral,6,4,2
Udala,durotan,383,druid,feral,6,4,2
Sansao,sargeras,383,druid,feral,12,4,8
Sjana,bleeding-hollow,382,druid,feral,6,4,2
Khione,dreadmaul,382,druid,feral,12,4,8
Ssimbaa,area-52,382,druid,feral,12,4,8
Wokoom,windrunner,382,druid,feral,18,4,14
Fogboom,area-52,351,druid,feral,8,5,3
Eightyhd,ravencrest,351,druid,feral,11,4,7
Yunekai,stormrage,319,druid,feral,5,4,1
Mythienair,stormrage,288,druid,feral,6,3,3
Ninefeet,argent-dawn,288,druid,feral,6,3,3
Celetra,kiljaeden,288,druid,feral,6,3,3
Arienne,kelthuzad,288,druid,feral,6,3,3
Daniverse,sargeras,288,druid,feral,6,3,3
Férállgødx,area-52,288,druid,feral,6,3,3
Luvgames,area-52,288,druid,feral,6,3,3
Riddickd,malfurion,288,druid,feral,6,3,3
Wtfimacat,area-52,288,druid,feral,6,3,3
Chococrispis,quelthalas,288,druid,feral,6,3,3
Katatafish,azralon,288,druid,feral,6,3,3
Rivetrix,azralon,288,druid,feral,6,3,3
Duckieheit,sargeras,288,druid,feral,6,3,3
Tasselhoof,hyjal,288,druid,feral,6,3,3
Kongquest,emerald-dream,288,druid,feral,6,3,3
Yám,tichondrius,288,druid,feral,6,3,3
Drewiid,stormrage,288,druid,feral,6,3,3
Nofeets,azshara,288,druid,feral,6,3,3
Hitchslaps,tichondrius,288,druid,feral,6,3,3
Ännä,moon-guard,288,druid,feral,6,3,3
Dangersweg,frostmourne,288,druid,feral,6,3,3
Sheeyts,tichondrius,288,druid,feral,6,3,3
Owlcapwn,stormreaver,288,druid,feral,6,3,3
Steakjr,senjin,288,druid,feral,6,3,3
Worgbearpig,destromath,288,druid,feral,6,3,3
Elythria,hellscream,288,druid,feral,6,3,3
Tagzz,thunderlord,288,druid,feral,6,3,3
Behrhart,stormrage,288,druid,feral,6,3,3
Buffjungle,tichondrius,288,druid,feral,6,3,3
Chopleaf,khadgar,288,druid,feral,6,3,3
Swornenemy,mugthol,288,druid,feral,6,3,3
Kurokyy,frostmourne,288,druid,feral,6,3,3
Lilnippy,stormscale,288,druid,feral,12,3,9
Oo,grizzly-hills,288,druid,feral,12,3,9
Skyde,sargeras,288,druid,feral,19,3,16
Mogli,perenolde,288,druid,feral,24,3,21
Jabiso,smolderthorn,287,druid,feral,6,3,3
Pawprika,tichondrius,287,druid,feral,12,3,9
Bearjoo,kelthuzad,256,druid,feral,10,3,7
Zeroshift,sargeras,256,druid,feral,10,3,7
Wildbeasts,proudmoore,255,druid,feral,13,4,9
Raebies,dalaran,240,druid,feral,9,3,6
Groovybot,tichondrius,192,druid,feral,6,2,4
Haegur,tichondrius,192,druid,feral,6,2,4
Fennel,korgath,192,druid,feral,6,2,4
Doubledówn,sargeras,192,druid,feral,6,2,4
Illr,laughing-skull,192,druid,feral,6,2,4
Shadalor,frostmourne,192,druid,feral,6,2,4
Codieneme,blades-edge,192,druid,feral,6,2,4
Snupy,area-52,192,druid,feral,6,2,4
Skrillin,thrall,192,druid,feral,6,2,4
Ursuur,drakkari,192,druid,feral,6,2,4
Hännibal,hydraxis,192,druid,feral,6,2,4
Varietypack,antonidas,192,druid,feral,6,2,4
Shiftalk,nerzhul,192,druid,feral,6,2,4
Animalcade,area-52,192,druid,feral,6,2,4
Pawblems,sargeras,192,druid,feral,6,2,4
Athious,moon-guard,192,druid,feral,6,2,4
Féèd,stormrage,192,druid,feral,6,2,4
Nabious,malganis,192,druid,feral,6,2,4
Fuqet,kelthuzad,192,druid,feral,6,2,4
Taiga,moon-guard,192,druid,feral,6,2,4
Atreis,malganis,192,druid,feral,6,2,4
Flowkie,illidan,192,druid,feral,6,2,4
Waggs,illidan,192,druid,feral,6,2,4
Dreadonly,tichondrius,192,druid,feral,6,2,4
Traxxo,tichondrius,192,druid,feral,6,2,4
Topguncarl,illidan,192,druid,feral,6,2,4
Chambz,tichondrius,192,druid,feral,12,2,10
Mazoak,sargeras,192,druid,feral,12,2,10
Faroo,azralon,192,druid,feral,12,2,10
Shiftyounot,shattered-hand,192,druid,feral,12,2,10
Kuzigothigh,thunderhorn,191,druid,feral,6,2,4
Ferraricat,bleeding-hollow,138,druid,feral,8,4,4
Berd,whisperwind,128,druid,feral,4,2,2
Kipsmiffly,darkspear,128,druid,feral,4,2,2
Mawnster,drenden,96,druid,feral,3,2,1
Soldadito,zuljin,96,druid,feral,3,2,1
Kittysnuggle,emerald-dream,96,druid,feral,3,2,1
Bramth,quelthalas,96,druid,feral,6,1,5
Dééz,illidan,96,druid,feral,6,1,5
Fortunecat,illidan,96,druid,feral,6,1,5
Igneël,ragnaros,96,druid,feral,6,1,5
Ticømia,stormrage,96,druid,feral,6,1,5
Aquahektik,malganis,96,druid,feral,6,1,5
Caelüm,area-52,96,druid,feral,6,1,5
Édzar,area-52,96,druid,feral,6,1,5
Capson,darkspear,96,druid,feral,6,1,5
Ojira,moon-guard,96,druid,feral,6,1,5
Deelark,skywall,96,druid,feral,6,1,5
Captclaws,tichondrius,96,druid,feral,6,1,5
Barnabie,black-dragonflight,96,druid,feral,6,1,5
Lakroz,zuljin,96,druid,feral,6,1,5
Meowny,area-52,96,druid,feral,6,1,5
Happyc,bleeding-hollow,96,druid,feral,6,1,5
Catorcow,aegwynn,96,druid,feral,6,1,5
Lunarboy,tichondrius,96,druid,feral,6,1,5
Raigor,azralon,96,druid,feral,6,1,5
Meudayr,crushridge,96,druid,feral,6,1,5
Kollective,sargeras,96,druid,feral,6,1,5
Mxdi,tichondrius,96,druid,feral,6,1,5
Alope,blades-edge,96,druid,feral,6,1,5
Auxl,tichondrius,96,druid,feral,6,1,5
Oroskii,bleeding-hollow,96,druid,feral,6,1,5
Thebigcat,deathwing,96,druid,feral,6,1,5
Hobbles,emerald-dream,96,druid,feral,6,1,5
Ewok,vashj,96,druid,feral,6,1,5
Purrcat,tichondrius,96,druid,feral,6,1,5
Jawsbee,emerald-dream,96,druid,feral,6,1,5
Ballsnack,zuljin,96,druid,feral,12,1,11
Furiøsä,quelthalas,95,druid,feral,6,1,5
Gitsnshigles,frostmourne,79,druid,feral,5,1,4
Pixyls,bleeding-hollow,48,druid,feral,3,1,2
Kilbys,nemesis,31,druid,feral,2,1,1
Cliodhna,kelthuzad,16,druid,feral,1,1,0
Laryfsherman,tichondrius,2324,druid,balance,83,54,29
Legionsucks,tanaris,2272,druid,balance,96,55,41
Bkqtpie,tichondrius,2139,druid,balance,82,48,34
Impëria,quelthalas,2137,druid,balance,89,58,31
Peterßigßeam,malganis,2131,druid,balance,88,47,41
Nbadizzyboy,illidan,2130,druid,balance,53,43,10
Balancex,tichondrius,2108,druid,balance,72,38,34
Lavlol,frostmourne,2104,druid,balance,84,54,30
Notes,farstriders,2102,druid,balance,92,48,44
Owl,shadowsong,2059,druid,balance,54,31,23
Murruk,darkspear,2018,druid,balance,105,62,43
Daspdruid,nagrand,1986,druid,balance,83,45,38
Flapz,illidan,1974,druid,balance,48,27,21
Pushpop,frostmourne,1969,druid,balance,30,24,6
Riskies,tichondrius,1965,druid,balance,64,34,30
Pønchø,quelthalas,1960,druid,balance,56,33,23
Snöwghost,aerie-peak,1952,druid,balance,60,33,27
Lazershartz,cenarion-circle,1951,druid,balance,42,26,16
Glazinator,sargeras,1941,druid,balance,76,44,32
Lovemakitty,sargeras,1922,druid,balance,78,46,32
Foekinghobo,sargeras,1919,druid,balance,54,37,17
Bigdiablo,frostmourne,1914,druid,balance,65,35,30
Acdru,tichondrius,1911,druid,balance,67,37,30
Jbz,balnazzar,1884,druid,balance,42,36,6
John,azralon,1879,druid,balance,66,33,33
Fhormations,area-52,1878,druid,balance,30,20,10
Béstworld,dalaran,1877,druid,balance,32,25,7
Altoberano,azralon,1877,druid,balance,59,32,27
Kidcudi,dentarg,1876,druid,balance,60,32,28
Trusyrusty,stormrage,1875,druid,balance,59,29,30
Brose,malganis,1870,druid,balance,42,26,16
Vernaar,laughing-skull,1848,druid,balance,48,28,20
Jimmypop,malganis,1847,druid,balance,44,31,13
Tranquilo,stormrage,1847,druid,balance,48,30,18
Wecksox,area-52,1842,druid,balance,72,37,35
Supatease,tichondrius,1835,druid,balance,48,29,19
Houli,tichondrius,1832,druid,balance,66,30,36
Druidwhat,stormrage,1830,druid,balance,83,50,33
Deloria,nemesis,1829,druid,balance,42,25,17
Lazersnewch,kelthuzad,1829,druid,balance,54,32,22
Tanerno,illidan,1827,druid,balance,30,26,4
Clonemunster,frostmourne,1821,druid,balance,66,38,28
Dilondru,area-52,1817,druid,balance,34,25,9
Rìniroo,area-52,1816,druid,balance,48,30,18
Spacedruidx,illidan,1810,druid,balance,60,36,24
Sommerrays,kelthuzad,1808,druid,balance,36,20,16
Sebastian,tichondrius,1807,druid,balance,24,19,5
Sawsaw,bleeding-hollow,1799,druid,balance,50,29,21
Chernovax,kelthuzad,1796,druid,balance,51,28,23
Boomçhicken,tichondrius,1785,druid,balance,36,21,15
Dontnerfmore,queldorei,1779,druid,balance,60,28,32
Compléx,tichondrius,1772,druid,balance,42,21,21
Smëagol,zuljin,1769,druid,balance,36,23,13
Maligoz,nemesis,1762,druid,balance,59,33,26
Lilkitty,tichondrius,1755,druid,balance,48,31,17
Bubalolz,quelthalas,1755,druid,balance,36,21,15
Dextructive,tichondrius,1746,druid,balance,53,26,27
Astraldank,tichondrius,1736,druid,balance,36,21,15
Omends,thrall,1734,druid,balance,56,27,29
Animatronixz,area-52,1732,druid,balance,42,21,21
Spinach,moon-guard,1724,druid,balance,36,21,15
Byk,tichondrius,1724,druid,balance,36,20,16
Xantastic,area-52,1719,druid,balance,42,24,18
Starsucceed,illidan,1718,druid,balance,42,21,21
Swiftydel,frostmourne,1711,druid,balance,30,21,9
Cobal,goldrinn,1711,druid,balance,140,74,66
Flowerboï,azralon,1704,druid,balance,30,19,11
Readt,malganis,1696,druid,balance,98,56,42
Swaggu,kelthuzad,1685,druid,balance,36,25,11
Panansy,stormrage,1684,druid,balance,36,21,15
Brockolini,tichondrius,1682,druid,balance,42,29,13
Jaxer,illidan,1665,druid,balance,45,32,13
Ataraxie,illidan,1662,druid,balance,42,25,17
Beretta,rexxar,1661,druid,balance,36,27,9
Kyura,sargeras,1660,druid,balance,36,19,17
Ericzzdd,tichondrius,1658,druid,balance,30,24,6
Jacusias,stormrage,1653,druid,balance,36,21,15
Aethisra,wyrmrest-accord,1646,druid,balance,65,42,23
Lilbeam,sargeras,1630,druid,balance,24,17,7
Bearyhallsjr,sargeras,1627,druid,balance,24,17,7
Sqwippyd,tichondrius,1625,druid,balance,24,17,7
Naakx,tichondrius,1621,druid,balance,36,22,14
Herpadruid,illidan,1617,druid,balance,48,20,28
Jayelljaÿ,thrall,1615,druid,balance,36,22,14
Deviperdruid,frostmourne,1605,druid,balance,27,19,8
Brodda,sargeras,1597,druid,balance,84,46,38
Sombrien,stormrage,1597,druid,balance,48,26,22
Jojo,ysera,1595,druid,balance,42,20,22
Rayzer,bleeding-hollow,1591,druid,balance,42,25,17
Kuwä,proudmoore,1579,druid,balance,36,22,14
Zettka,tichondrius,1575,druid,balance,38,25,13
Gèb,dalaran,1569,druid,balance,32,20,12
Hoagiecannon,moon-guard,1564,druid,balance,66,38,28
Swoopy,stormrage,1563,druid,balance,79,44,35
Lunalai,bloodhoof,1563,druid,balance,36,18,18
Wildslash,proudmoore,1560,druid,balance,63,29,34
Treirus,sargeras,1557,druid,balance,24,20,4
Chal,illidan,1550,druid,balance,29,17,12
Komacine,emerald-dream,1550,druid,balance,72,41,31
Montrá,stormrage,1550,druid,balance,36,17,19
Lostnsauce,tichondrius,1534,druid,balance,36,26,10
Anchunlol,tichondrius,1534,druid,balance,30,16,14
Awkwarder,emerald-dream,1532,druid,balance,42,23,19
Jakob,arygos,1526,druid,balance,18,16,2
Krahz,lightnings-blade,1524,druid,balance,73,38,35
Shîfty,ysondre,1522,druid,balance,59,30,29
Skyde,sargeras,1517,druid,balance,36,17,19
Boomchickens,area-52,1510,druid,balance,24,16,8
Tinkeress,stormrage,1510,druid,balance,60,35,25
Neytîrî,tichondrius,1496,druid,balance,41,23,18
Boome,blackrock,1485,druid,balance,42,22,20
Byte,ragnaros,1482,druid,balance,29,16,13
Formmaster,malganis,1482,druid,balance,36,19,17
Petruccius,nordrassil,1479,druid,balance,35,16,19
Crocface,tichondrius,1473,druid,balance,30,22,8
Thatscute,moon-guard,1468,druid,balance,107,59,48
Swooped,emerald-dream,1465,druid,balance,29,17,12
Thespían,tichondrius,1457,druid,balance,95,52,43
Starlyxo,malganis,1455,druid,balance,29,17,12
Rezlur,tichondrius,1452,druid,balance,35,16,19
Cyeq,blackrock,1444,druid,balance,84,45,39
Fergh,tichondrius,1439,druid,balance,24,15,9
Vengex,sargeras,1437,druid,balance,18,15,3
Clense,tichondrius,1433,druid,balance,49,28,21
Mädnhairy,zuljin,1432,druid,balance,18,15,3
Flatass,cairne,1431,druid,balance,24,15,9
Nightstalkr,kelthuzad,1430,druid,balance,70,41,29
Cottonpaw,sargeras,1427,druid,balance,54,36,18
Swayjizz,tichondrius,1426,druid,balance,24,15,9
Quaras,frostmourne,1423,druid,balance,45,24,21
Canek,ghostlands,1422,druid,balance,41,21,20
Xenny,chogall,1419,druid,balance,24,15,9
Unclenya,barthilas,1409,druid,balance,30,15,15
Monsin,illidan,1408,druid,balance,60,30,30
Starsurgê,tichondrius,1406,druid,balance,36,21,15
Ihavehothots,kiljaeden,1404,druid,balance,26,17,9
Partylord,malganis,1375,druid,balance,36,18,18
Shemeus,malganis,1374,druid,balance,54,27,27
Rdruidchump,the-forgotten-coast,1373,druid,balance,26,16,10
Boomybro,thrall,1369,druid,balance,23,15,8
Chonkykitty,frostmourne,1364,druid,balance,24,16,8
Alliess,aerie-peak,1363,druid,balance,72,34,38
Mythelian,icecrown,1348,druid,balance,54,31,23
Blackjésüs,kelthuzad,1347,druid,balance,24,15,9
Cti,tichondrius,1344,druid,balance,18,14,4
Gitsnshigles,frostmourne,1344,druid,balance,35,18,17
Cultnelf,illidan,1341,druid,balance,21,15,6
Josepha,tichondrius,1340,druid,balance,18,14,4
Repanda,proudmoore,1336,druid,balance,29,16,13
Wereocelot,firetree,1335,druid,balance,24,14,10
Trapdoorboom,illidan,1333,druid,balance,30,14,16
Barekat,emerald-dream,1324,druid,balance,22,15,7
Pirira,quelthalas,1317,druid,balance,24,14,10
Shuxz,sargeras,1313,druid,balance,30,20,10
Lawlz,aegwynn,1310,druid,balance,30,19,11
Zuice,thrall,1307,druid,balance,33,15,18
Slyfoxx,stonemaul,1298,druid,balance,57,32,25
Sergat,stormreaver,1296,druid,balance,36,19,17
Annef,tichondrius,1293,druid,balance,30,16,14
Softshirtxo,ragnaros,1271,druid,balance,24,14,10
Thehooligan,stormrage,1254,druid,balance,39,25,14
Solareclipse,tichondrius,1248,druid,balance,18,13,5
Raïsin,moon-guard,1248,druid,balance,18,13,5
Zneb,darkspear,1247,druid,balance,18,13,5
Yepz,tichondrius,1247,druid,balance,18,13,5
Lekick,tichondrius,1246,druid,balance,18,13,5
Tunaren,wyrmrest-accord,1246,druid,balance,24,13,11
Dirtdog,uther,1246,druid,balance,24,13,11
Khryllx,tichondrius,1241,druid,balance,18,13,5
Syclonez,stormrage,1240,druid,balance,24,13,11
Gullmock,quelthalas,1237,druid,balance,24,13,11
Kydormi,stormrage,1235,druid,balance,36,14,22
Roundtummy,area-52,1234,druid,balance,24,13,11
Suncintus,aggramar,1233,druid,balance,30,13,17
Acidmoon,tichondrius,1232,druid,balance,34,15,19
Theirs,tichondrius,1221,druid,balance,53,32,21
Deths,frostmourne,1219,druid,balance,18,13,5
Solarcannon,shuhalo,1210,druid,balance,36,18,18
Sunboy,tichondrius,1210,druid,balance,49,24,25
Quincunx,tichondrius,1181,druid,balance,70,39,31
Kattel,blackrock,1171,druid,balance,30,16,14
Cowody,moon-guard,1167,druid,balance,17,13,4
Xijînping,tichondrius,1152,druid,balance,18,12,6
Biophilic,moon-guard,1152,druid,balance,24,12,12
Fredagn,illidan,1152,druid,balance,24,12,12
Katbriel,zuljin,1151,druid,balance,18,12,6
Bunnykiss,tichondrius,1151,druid,balance,18,12,6
Cousa,zuljin,1148,druid,balance,22,13,9
Zoteqt,kelthuzad,1148,druid,balance,24,12,12
Zhinger,tichondrius,1146,druid,balance,18,12,6
Zesto,nazjatar,1144,druid,balance,18,12,6
Maviç,hyjal,1143,druid,balance,24,12,12
Atagoo,tichondrius,1142,druid,balance,24,12,12
Saturday,frostmourne,1137,druid,balance,18,12,6
Prismo,ravencrest,1129,druid,balance,24,12,12
Kyabe,ragnaros,1126,druid,balance,37,12,25
Vuginas,bleeding-hollow,1118,druid,balance,21,14,7
Krazykritz,illidan,1090,druid,balance,27,13,14
Toughshift,zuljin,1056,druid,balance,24,11,13
Dízzen,bleeding-hollow,1055,druid,balance,18,11,7
Înfamous,thrall,1054,druid,balance,18,11,7
Reàsons,stormrage,1054,druid,balance,24,11,13
Auras,kelthuzad,1051,druid,balance,12,11,1
Boostgu,illidan,1050,druid,balance,18,11,7
Stepdru,sargeras,1048,druid,balance,18,11,7
Balverixqt,tichondrius,1048,druid,balance,24,11,13
Ðjx,stormrage,1047,druid,balance,13,11,2
Animaldoctor,illidan,1047,druid,balance,21,12,9
Syntheris,kaelthas,1046,druid,balance,18,11,7
Kogiid,moon-guard,1046,druid,balance,18,11,7
Jemima,auchindoun,1045,druid,balance,24,11,13
Dojacow,mannoroth,1038,druid,balance,22,12,10
Hosehead,malganis,1035,druid,balance,18,11,7
Floridajoe,blackrock,1010,druid,balance,18,11,7
Poliage,moon-guard,1007,druid,balance,15,11,4
Dogwáter,tichondrius,992,druid,balance,16,11,5
Imnotinhuman,tichondrius,983,druid,balance,17,11,6
Jubi,bleeding-hollow,960,druid,balance,12,10,2
Vertderferk,tichondrius,960,druid,balance,18,10,8
Knotgiver,moon-guard,960,druid,balance,18,10,8
Furryswipe,proudmoore,959,druid,balance,12,10,2
Kletys,azralon,959,druid,balance,18,10,8
Itachi,dragonmaw,959,druid,balance,18,10,8
Bighomïe,emerald-dream,958,druid,balance,12,10,2
Polánd,area-52,957,druid,balance,16,11,5
Cauroth,azralon,957,druid,balance,18,10,8
Lavanis,stormrage,952,druid,balance,24,10,14
Nalarin,kaelthas,922,druid,balance,42,22,20
Rakelan,tichondrius,910,druid,balance,62,31,31
Meliódás,area-52,885,druid,balance,82,33,49
Hagatta,stormrage,878,druid,balance,25,10,15
Nozgöth,quelthalas,870,druid,balance,21,10,11
Pisces,emerald-dream,864,druid,balance,12,9,3
Bathrobe,bloodscalp,864,druid,balance,12,9,3
Cyclone,darkspear,864,druid,balance,18,9,9
Comidru,tichondrius,864,druid,balance,18,9,9
Murkeÿ,frostmourne,864,druid,balance,18,9,9
Soulz,quelthalas,864,druid,balance,18,9,9
Mastabtw,illidan,864,druid,balance,18,9,9
Drewpg,zuljin,863,druid,balance,12,9,3
Xvenusaur,bleeding-hollow,863,druid,balance,12,9,3
Driftwood,bonechewer,862,druid,balance,12,9,3
Furrmissile,area-52,862,druid,balance,18,9,9
Vicorin,illidan,861,druid,balance,18,9,9
Crazystorm,ragnaros,856,druid,balance,12,9,3
Dèmønblâckev,malganis,842,druid,balance,24,11,13
Bentøbøx,barthilas,799,druid,balance,17,9,8
Kallabaluwa,azralon,798,druid,balance,17,9,8
Argento,frostmourne,768,druid,balance,12,8,4
Grapeful,frostmourne,768,druid,balance,12,8,4
Docleave,tichondrius,768,druid,balance,12,8,4
Shifterx,illidan,768,druid,balance,12,8,4
Gugukuaipao,tichondrius,768,druid,balance,12,8,4
Chayten,bleeding-hollow,768,druid,balance,12,8,4
Mcy,nerzhul,768,druid,balance,12,8,4
Laserxo,tichondrius,768,druid,balance,12,8,4
Elyiaida,emerald-dream,768,druid,balance,12,8,4
Buffclyde,blackrock,768,druid,balance,12,8,4
Gritzxv,stormrage,768,druid,balance,18,8,10
Starbender,arygos,767,druid,balance,12,8,4
Kuroshizen,tichondrius,767,druid,balance,12,8,4
Sofereir,frostmourne,767,druid,balance,18,8,10
Nebulose,moon-guard,767,druid,balance,18,8,10
Dontfloodit,tichondrius,767,druid,balance,18,8,10
Evilakali,tichondrius,766,druid,balance,12,8,4
Brokenomega,area-52,766,druid,balance,12,8,4
Rootchan,azralon,765,druid,balance,12,8,4
Ernest,goldrinn,765,druid,balance,18,8,10
Envoy,sargeras,764,druid,balance,13,10,3
Justinheras,area-52,764,druid,balance,18,8,10
Råstafart,tichondrius,764,druid,balance,18,8,10
Lønewolf,sargeras,763,druid,balance,18,8,10
Malamew,antonidas,756,druid,balance,12,8,4
Outclone,tichondrius,734,druid,balance,10,9,1
Xevão,nemesis,702,druid,balance,14,8,6
Cowel,tichondrius,687,druid,balance,13,8,5
Resorange,malganis,672,druid,balance,12,7,5
Myeow,illidan,672,druid,balance,12,7,5
Thottiie,hyjal,672,druid,balance,12,7,5
Djsummer,tichondrius,672,druid,balance,12,7,5
Ilovediegoxo,kelthuzad,672,druid,balance,12,7,5
Xioqt,chogall,672,druid,balance,12,7,5
Ottovonbird,tichondrius,672,druid,balance,12,7,5
Slickthick,sargeras,672,druid,balance,12,7,5
Covidcarrier,thrall,672,druid,balance,12,7,5
Lunarbalance,veknilash,672,druid,balance,12,7,5
Snugglin,kelthuzad,672,druid,balance,12,7,5
Geezbutt,tichondrius,672,druid,balance,18,7,11
Thamoonsbak,aggramar,672,druid,balance,18,7,11
Druidstin,tichondrius,672,druid,balance,18,7,11
Tak,garrosh,672,druid,balance,18,7,11
Ripdimebag,frostmourne,671,druid,balance,12,7,5
Gravshift,zuljin,671,druid,balance,12,7,5
Eldenis,drakkari,671,druid,balance,12,7,5
Umadornahh,malganis,671,druid,balance,12,7,5
Droody,earthen-ring,671,druid,balance,15,7,8
Offthezaza,tichondrius,671,druid,balance,18,7,11
Oâk,farstriders,670,druid,balance,12,7,5
Chukksz,nerzhul,670,druid,balance,12,7,5
Vicvc,tichondrius,669,druid,balance,12,7,5
Eurotrance,frostmourne,669,druid,balance,12,7,5
Beammz,stormrage,664,druid,balance,15,8,7
Dumdumdugan,korgath,648,druid,balance,29,7,22
Musha,tichondrius,639,druid,balance,17,7,10
Warberton,moon-guard,616,druid,balance,15,7,8
Odirtytshirt,malganis,606,druid,balance,13,8,5
Coldkill,burning-legion,576,druid,balance,6,6,0
Starship,frostmourne,576,druid,balance,6,6,0
Hydrahl,thrall,576,druid,balance,6,6,0
Oreoshift,illidan,576,druid,balance,6,6,0
Prev,arathor,576,druid,balance,6,6,0
Elythria,hellscream,576,druid,balance,6,6,0
Nyloke,kelthuzad,576,druid,balance,6,6,0
Irl,frostmane,576,druid,balance,6,6,0
Elvishrage,zuljin,576,druid,balance,6,6,0
Moonrg,stormrage,576,druid,balance,6,6,0
Ory,illidan,576,druid,balance,6,6,0
Chanimal,tichondrius,576,druid,balance,6,6,0
Faletra,eitrigg,576,druid,balance,12,6,6
Rikishi,executus,576,druid,balance,12,6,6
Muagor,tichondrius,576,druid,balance,12,6,6
Hefkerd,tichondrius,576,druid,balance,12,6,6
Cabek,malganis,576,druid,balance,12,6,6
Boomsquanch,emerald-dream,576,druid,balance,12,6,6
Valranor,stormrage,576,druid,balance,12,6,6
Gspx,dalaran,576,druid,balance,12,6,6
Nicotinefien,sargeras,576,druid,balance,12,6,6
Boomfold,tichondrius,576,druid,balance,12,6,6
Jssy,tichondrius,576,druid,balance,12,6,6
Celetra,kiljaeden,576,druid,balance,12,6,6
Moohok,bleeding-hollow,576,druid,balance,12,6,6
Orollå,tichondrius,576,druid,balance,12,6,6
Yazmawma,tichondrius,576,druid,balance,12,6,6
Rashmi,kiljaeden,576,druid,balance,12,6,6
Kushidabs,tichondrius,576,druid,balance,16,7,9
Tagzz,thunderlord,576,druid,balance,14,6,8
Donresantis,stormreaver,576,druid,balance,18,6,12
Seneshy,azralon,575,druid,balance,6,6,0
Formhub,malganis,575,druid,balance,12,8,4
Crunkk,thunderlord,575,druid,balance,12,6,6
Yehaw,bloodhoof,575,druid,balance,12,6,6
Sadsex,illidan,575,druid,balance,12,6,6
Tariksha,sargeras,575,druid,balance,12,6,6
Chodkiewicz,echo-isles,575,druid,balance,12,6,6
Sefestria,senjin,575,druid,balance,12,6,6
Flôkey,tichondrius,575,druid,balance,18,6,12
Wabbehkus,barthilas,575,druid,balance,20,6,14
Édzar,area-52,573,druid,balance,18,6,12
Gemineye,stormrage,511,druid,balance,11,6,5
Velaana,tichondrius,511,druid,balance,20,6,14
Padavore,wyrmrest-accord,510,druid,balance,11,6,5
Ðarkscar,laughing-skull,509,druid,balance,14,6,8
Arwëna,tichondrius,480,druid,balance,6,5,1
Miçangak,azralon,480,druid,balance,6,5,1
Moonkay,tichondrius,480,druid,balance,6,5,1
Mithroi,tichondrius,480,druid,balance,6,5,1
Lãzy,tichondrius,480,druid,balance,6,5,1
Laser,bonechewer,480,druid,balance,6,5,1
Realmehji,wyrmrest-accord,480,druid,balance,6,5,1
Starcastic,tichondrius,480,druid,balance,6,5,1
Aoewynn,nerzhul,480,druid,balance,6,5,1
Azakai,sargeras,480,druid,balance,6,5,1
Nephsis,kelthuzad,480,druid,balance,6,5,1
Jiya,zuljin,480,druid,balance,6,5,1
Numbkin,stormrage,480,druid,balance,6,5,1
Musclemilk,zuljin,480,druid,balance,6,5,1
Nimfaa,nemesis,480,druid,balance,6,5,1
Druiddreams,frostmourne,480,druid,balance,6,5,1
Dahts,destromath,480,druid,balance,6,5,1
Slumpxaddy,illidan,480,druid,balance,6,5,1
Gerrt,bleeding-hollow,480,druid,balance,6,5,1
Daroot,spinebreaker,480,druid,balance,6,5,1
Messyboom,illidan,480,druid,balance,6,5,1
Cynderellaa,proudmoore,480,druid,balance,12,5,7
Tuppyboom,barthilas,480,druid,balance,12,5,7
Stepbro,malorne,480,druid,balance,12,5,7
Bigdaddyferg,illidan,480,druid,balance,12,5,7
Tôpdadwôrld,sargeras,480,druid,balance,12,5,7
Fluff,gurubashi,480,druid,balance,12,5,7
Qs,rivendare,480,druid,balance,12,5,7
Paddywhacked,tichondrius,480,druid,balance,12,5,7
Drcuy,ragnaros,480,druid,balance,12,5,7
Doomkiñ,darkspear,480,druid,balance,12,5,7
Nokomanida,zuljin,480,druid,balance,12,5,7
Venkin,gnomeregan,480,druid,balance,12,5,7
Ebonclaw,malganis,480,druid,balance,12,5,7
Bearwithit,sargeras,480,druid,balance,12,5,7
Paintlicker,emerald-dream,480,druid,balance,12,5,7
Redbbull,tichondrius,479,druid,balance,6,5,1
Winekoolers,malganis,479,druid,balance,12,5,7
Boatox,jubeithos,479,druid,balance,18,5,13
Athious,moon-guard,475,druid,balance,12,5,7
Dôcteurowl,zuljin,447,druid,balance,11,5,6
Chankletta,quelthalas,426,druid,balance,12,6,6
Gorgoncity,illidan,416,druid,balance,10,5,5
Grgcostanza,bleeding-hollow,414,druid,balance,8,5,3
Harlisu,stormrage,384,druid,balance,6,4,2
Justsidious,sargeras,384,druid,balance,6,4,2
Pennytrate,barthilas,384,druid,balance,6,4,2
Selfplay,barthilas,384,druid,balance,6,4,2
Blizdontcuur,area-52,384,druid,balance,6,4,2
Chikenflu,tichondrius,384,druid,balance,6,4,2
Davo,tichondrius,384,druid,balance,6,4,2
Mk,caelestrasz,384,druid,balance,6,4,2
Flappyjacks,elune,384,druid,balance,6,4,2
Bâzinga,bleeding-hollow,384,druid,balance,6,4,2
Kitinglol,alexstrasza,384,druid,balance,6,4,2
Jmackd,frostmourne,384,druid,balance,6,4,2
Runarok,ragnaros,384,druid,balance,6,4,2
Nasuu,bleeding-hollow,384,druid,balance,6,4,2
Theboomkin,kelthuzad,384,druid,balance,6,4,2
Metroboomy,magtheridon,384,druid,balance,6,4,2
Twostars,thrall,384,druid,balance,6,4,2
Zebyn,tichondrius,384,druid,balance,6,4,2
Doomky,area-52,384,druid,balance,6,4,2
Withwind,dalaran,384,druid,balance,6,4,2
Aton,frostwolf,384,druid,balance,6,4,2
Elonmuskirl,illidan,384,druid,balance,6,4,2
Yoloboomkin,tichondrius,384,druid,balance,6,4,2
Lukass,tichondrius,384,druid,balance,6,4,2
Ggae,tichondrius,384,druid,balance,6,4,2
Beamrooster,silvermoon,384,druid,balance,6,4,2
Abelladañger,area-52,384,druid,balance,6,4,2
Rennar,stormrage,384,druid,balance,6,4,2
Nanashi,tichondrius,384,druid,balance,6,4,2
Maxspeed,tichondrius,384,druid,balance,6,4,2
Beleraine,moon-guard,384,druid,balance,6,4,2
Cheezaygx,arthas,384,druid,balance,6,4,2
Druz,spirestone,384,druid,balance,6,4,2
Onidudu,frostmourne,384,druid,balance,6,4,2
Flapping,illidan,384,druid,balance,6,4,2
Aralix,zuljin,384,druid,balance,6,4,2
Kiwidru,frostmourne,384,druid,balance,6,4,2
Halenson,illidan,384,druid,balance,6,4,2
Drdrulittle,darkspear,384,druid,balance,6,4,2
Komaner,frostmourne,384,druid,balance,6,4,2
Bearlylegál,sargeras,384,druid,balance,6,4,2
Nuubmurph,stormrage,384,druid,balance,9,5,4
Metal,jaedenar,384,druid,balance,12,4,8
Thickmoo,tichondrius,384,druid,balance,12,4,8
Khristine,spinebreaker,384,druid,balance,12,4,8
Dolwizz,tichondrius,384,druid,balance,12,4,8
Datdruidrod,illidan,384,druid,balance,12,4,8
Jâykeup,lightbringer,384,druid,balance,12,4,8
Jakermans,area-52,384,druid,balance,12,4,8
Sorh,stormrage,384,druid,balance,12,4,8
Drunknoodles,stormrage,384,druid,balance,12,4,8
Smeepy,bleeding-hollow,384,druid,balance,12,4,8
Madisonivyx,area-52,384,druid,balance,12,4,8
Katdog,warsong,384,druid,balance,18,4,14
Surfingbird,tichondrius,383,druid,balance,6,4,2
Whitekongg,blackhand,383,druid,balance,9,5,4
Kuthian,moon-guard,383,druid,balance,12,4,8
Dodid,laughing-skull,383,druid,balance,12,4,8
Ihjx,sargeras,330,druid,balance,11,6,5
Lumipawz,frostmourne,319,druid,balance,5,4,1
Hootie,arygos,288,druid,balance,6,3,3
Antiherø,sargeras,288,druid,balance,6,3,3
Azoth,hyjal,288,druid,balance,6,3,3
Hchhi,ragnaros,288,druid,balance,6,3,3
Ðeepsixx,burning-legion,288,druid,balance,6,3,3
Angryjo,tichondrius,288,druid,balance,6,3,3
Astrals,runetotem,288,druid,balance,6,3,3
Soupbeandru,zuljin,288,druid,balance,6,3,3
Shalaz,magtheridon,288,druid,balance,6,3,3
Jxred,illidan,288,druid,balance,6,3,3
Softkiller,chogall,288,druid,balance,6,3,3
Faerie,kaelthas,288,druid,balance,6,3,3
Dárách,malganis,288,druid,balance,6,3,3
Samsshifter,tichondrius,288,druid,balance,6,3,3
Slickitty,kelthuzad,288,druid,balance,6,3,3
Snartx,illidan,288,druid,balance,6,3,3
Sodacream,illidan,288,druid,balance,6,3,3
Olongjonsson,wyrmrest-accord,288,druid,balance,6,3,3
Nodadpullout,tichondrius,288,druid,balance,6,3,3
Saeval,korgath,288,druid,balance,6,3,3
Ornaaga,blackrock,288,druid,balance,6,3,3
Sodah,tichondrius,288,druid,balance,6,3,3
Guojue,tichondrius,288,druid,balance,6,3,3
Raximus,moon-guard,288,druid,balance,6,3,3
Haymade,sargeras,288,druid,balance,6,3,3
Torrox,tichondrius,288,druid,balance,6,3,3
Alcorria,area-52,288,druid,balance,6,3,3
Spooser,proudmoore,288,druid,balance,6,3,3
Psychotycxd,tichondrius,288,druid,balance,6,3,3
Uuli,area-52,288,druid,balance,6,3,3
Seyedo,sargeras,288,druid,balance,6,3,3
Mådge,frostmourne,288,druid,balance,6,3,3
Icastsmells,tichondrius,288,druid,balance,6,3,3
Sawachicky,frostmourne,288,druid,balance,6,3,3
Nophysique,zuljin,288,druid,balance,6,3,3
Indoee,mannoroth,288,druid,balance,6,3,3
Taztoc,stormrage,288,druid,balance,6,3,3
Uezzon,tol-barad,288,druid,balance,12,3,9
Xalstarrot,sargeras,288,druid,balance,12,3,9
Amandi,magtheridon,288,druid,balance,12,3,9
Azevedoo,nemesis,288,druid,balance,13,3,10
Psnárf,area-52,287,druid,balance,6,3,3
Mctree,cenarius,287,druid,balance,6,3,3
Levincy,thrall,287,druid,balance,12,3,9
Jokey,quelthalas,286,druid,balance,6,3,3
Zeromoon,frostmourne,271,druid,balance,11,3,8
Vollzar,sargeras,255,druid,balance,11,3,8
Miggzii,draka,254,druid,balance,18,4,14
Dudur,zuljin,192,druid,balance,6,2,4
Guap,bleeding-hollow,192,druid,balance,6,2,4
Nokash,tichondrius,192,druid,balance,6,2,4
Dobidas,tichondrius,192,druid,balance,6,2,4
Mythicdruid,ragnaros,192,druid,balance,6,2,4
Hagenws,azralon,192,druid,balance,6,2,4
Moistism,tichondrius,192,druid,balance,6,2,4
Variandruid,kelthuzad,192,druid,balance,6,2,4
Hellabanx,tichondrius,192,druid,balance,6,2,4
Cbreezyy,tichondrius,192,druid,balance,6,2,4
Moonhorn,kelthuzad,192,druid,balance,6,2,4
Treezyn,sargeras,192,druid,balance,6,2,4
Zalothianx,thrall,192,druid,balance,6,2,4
Arienne,kelthuzad,192,druid,balance,6,2,4
Môônkîn,chogall,192,druid,balance,6,2,4
Tanguanota,quelthalas,192,druid,balance,6,2,4
Bullwïnkle,uther,192,druid,balance,6,2,4
Pänzerkin,sargeras,192,druid,balance,6,2,4
Liñk,sargeras,192,druid,balance,6,2,4
Dreamkin,tichondrius,192,druid,balance,6,2,4
Mäûled,fizzcrank,192,druid,balance,6,2,4
Yorch,stormrage,192,druid,balance,6,2,4
Spudpatikins,barthilas,192,druid,balance,6,2,4
Aozeh,kiljaeden,192,druid,balance,6,2,4
Gallianö,frostmourne,192,druid,balance,6,2,4
Hawgs,bleeding-hollow,192,druid,balance,6,2,4
Bigtammy,moon-guard,192,druid,balance,6,2,4
Speaks,moon-guard,192,druid,balance,6,2,4
Mewfasa,duskwood,192,druid,balance,7,2,5
Loggoruk,illidan,192,druid,balance,12,2,10
Thicchicken,emerald-dream,191,druid,balance,12,2,10
Formality,kalecgos,159,druid,balance,5,2,3
Treeheehee,frostmourne,96,druid,balance,3,2,1
Yøpièrre,bleeding-hollow,96,druid,balance,3,2,1
Sinapticc,proudmoore,96,druid,balance,6,1,5
Flatnose,agamaggan,96,druid,balance,6,1,5
Breedable,elune,96,druid,balance,6,1,5
Zazinium,illidan,96,druid,balance,6,1,5
Huskars,tichondrius,96,druid,balance,6,1,5
Aelena,whisperwind,96,druid,balance,6,1,5
Zentabra,proudmoore,96,druid,balance,6,1,5
Mvpps,thrall,96,druid,balance,6,1,5
Dendríta,ragnaros,96,druid,balance,6,1,5
Salanzô,bleeding-hollow,96,druid,balance,6,1,5
Buffjungle,tichondrius,96,druid,balance,6,1,5
Goodhealer,akama,96,druid,balance,6,1,5
Idontknowbro,bonechewer,96,druid,balance,6,1,5
Stinkycrotch,malganis,96,druid,balance,6,1,5
Walkdown,turalyon,96,druid,balance,6,1,5
Odweaven,thunderlord,96,druid,balance,6,1,5
Grimmb,emerald-dream,96,druid,balance,6,1,5
Skiouros,emerald-dream,96,druid,balance,6,1,5
Raahmirtah,illidan,79,druid,balance,5,1,4
Skeevz,darkspear,63,druid,balance,2,2,0
Tumblr,terenas,48,druid,balance,3,1,2
Jdbthyr,malganis,2070,evoker,preservation,114,54,60
Garbagevoker,scilla,2064,evoker,preservation,84,42,42
Kallie,whisperwind,1947,evoker,preservation,90,42,48
Eskrizzle,thrall,1902,evoker,preservation,60,31,29
Lieferant,area-52,1867,evoker,preservation,48,25,23
Walf,stormrage,1855,evoker,preservation,234,118,116
Thnake,zuljin,1839,evoker,preservation,72,38,34
Didy,tichondrius,1837,evoker,preservation,60,32,28
Ancalagøn,ragnaros,1833,evoker,preservation,70,35,35
Ojigi,sargeras,1833,evoker,preservation,69,28,41
Bimbus,illidan,1818,evoker,preservation,130,70,60
Drupy,tichondrius,1816,evoker,preservation,54,28,26
Dunkinonem,black-dragonflight,1809,evoker,preservation,130,69,61
Idk,proudmoore,1801,evoker,preservation,48,22,26
Petezra,ragnaros,1800,evoker,preservation,70,33,37
Berquone,tichondrius,1784,evoker,preservation,66,30,36
Dracore,firetree,1771,evoker,preservation,115,67,48
Dragontrees,illidan,1751,evoker,preservation,48,26,22
Rosestrasza,silvermoon,1748,evoker,preservation,72,35,37
Cerevok,area-52,1745,evoker,preservation,60,37,23
Mirandaxo,tichondrius,1736,evoker,preservation,137,63,74
Driceses,area-52,1731,evoker,preservation,45,26,19
Ugg,stormrage,1714,evoker,preservation,124,52,72
Stønemonkey,sargeras,1671,evoker,preservation,67,31,36
Modenzu,malganis,1660,evoker,preservation,42,23,19
Lodedragon,tichondrius,1657,evoker,preservation,48,23,25
Nikholatrus,malganis,1636,evoker,preservation,78,38,40
Ðrac,bleeding-hollow,1633,evoker,preservation,53,30,23
Evokethisdik,tichondrius,1625,evoker,preservation,24,17,7
Sloane,dunemaul,1623,evoker,preservation,30,17,13
Iba,tichondrius,1617,evoker,preservation,30,21,9
Leonilxd,tichondrius,1610,evoker,preservation,97,51,46
Schmitty,hellscream,1609,evoker,preservation,48,22,26
Novustrasza,lightbringer,1600,evoker,preservation,24,17,7
Emperör,quelthalas,1598,evoker,preservation,79,43,36
Trákanon,mugthol,1589,evoker,preservation,61,32,29
Neskor,moon-guard,1585,evoker,preservation,59,34,25
Møritz,stormrage,1576,evoker,preservation,56,24,32
Xurota,proudmoore,1523,evoker,preservation,56,27,29
Eyolker,kelthuzad,1520,evoker,preservation,32,19,13
Madegood,tichondrius,1508,evoker,preservation,42,20,22
Jacm,fizzcrank,1502,evoker,preservation,48,23,25
Dragocula,tichondrius,1485,evoker,preservation,39,16,23
Primshin,illidan,1475,evoker,preservation,33,21,12
Velocîraptor,bleeding-hollow,1457,evoker,preservation,57,32,25
Jlucks,wyrmrest-accord,1456,evoker,preservation,60,36,24
Runawayslave,frostmane,1450,evoker,preservation,53,20,33
Virtualcrush,sisters-of-elune,1447,evoker,preservation,58,30,28
Kiry,emerald-dream,1439,evoker,preservation,30,15,15
Deadlybx,bleeding-hollow,1427,evoker,preservation,41,16,25
Handeezol,malganis,1426,evoker,preservation,48,27,21
Dylôn,tichondrius,1421,evoker,preservation,52,25,27
Forsakentime,sargeras,1405,evoker,preservation,54,32,22
Ycnpass,tichondrius,1404,evoker,preservation,47,31,16
Kjerne,stormrage,1396,evoker,preservation,46,23,23
Judra,barthilas,1393,evoker,preservation,32,16,16
Jmir,tichondrius,1389,evoker,preservation,59,24,35
Cynderrellaa,proudmoore,1367,evoker,preservation,48,24,24
Agony,emerald-dream,1349,evoker,preservation,71,36,35
Vgt,nemesis,1332,evoker,preservation,42,18,24
Growthyy,malganis,1328,evoker,preservation,23,16,7
Derazar,malganis,1317,evoker,preservation,126,44,82
Kikokosta,tichondrius,1305,evoker,preservation,24,14,10
Lilithlittle,daggerspine,1305,evoker,preservation,36,17,19
Bryagh,executus,1304,evoker,preservation,36,18,18
Meiron,azralon,1289,evoker,preservation,30,14,16
Mikoriivoker,tichondrius,1247,evoker,preservation,30,13,17
Dawitchvoker,illidan,1246,evoker,preservation,34,19,15
Astoragosa,moon-guard,1231,evoker,preservation,61,38,23
Kycaka,area-52,1228,evoker,preservation,46,14,32
Squarter,kiljaeden,1226,evoker,preservation,21,14,7
Ffaarrvv,illidan,1225,evoker,preservation,18,13,5
Riz,blackhand,1211,evoker,preservation,35,17,18
Mäverick,kelthuzad,1202,evoker,preservation,23,15,8
Hamanv,tichondrius,1202,evoker,preservation,30,13,17
Partysnaxx,thrall,1199,evoker,preservation,72,35,37
Frozanat,kelthuzad,1191,evoker,preservation,49,20,29
Masquemeto,illidan,1181,evoker,preservation,25,14,11
Dracniel,illidan,1155,evoker,preservation,24,13,11
Shudo,moon-guard,1154,evoker,preservation,30,13,17
Fatsu,executus,1152,evoker,preservation,30,12,18
Velstrasza,stormrage,1151,evoker,preservation,18,12,6
Lodekiim,malganis,1151,evoker,preservation,24,12,12
Raundur,ragnaros,1150,evoker,preservation,24,12,12
Vermax,akama,1133,evoker,preservation,45,17,28
Allaston,tichondrius,1122,evoker,preservation,24,13,11
Drathron,tichondrius,1118,evoker,preservation,28,13,15
Doogiehowser,azshara,1117,evoker,preservation,42,19,23
Krossbones,cenarion-circle,1101,evoker,preservation,62,38,24
Geico,spinebreaker,1100,evoker,preservation,15,13,2
Lalargata,azralon,1097,evoker,preservation,23,12,11
Thegrinchh,malganis,1097,evoker,preservation,81,39,42
Myxter,tichondrius,1082,evoker,preservation,43,24,19
Lilithà,kelthuzad,1075,evoker,preservation,30,20,10
Splendadaddy,kiljaeden,1054,evoker,preservation,18,11,7
Solryp,terokkar,1054,evoker,preservation,47,23,24
Mazalagon,trollbane,1053,evoker,preservation,23,12,11
Vodkasauce,tichondrius,1052,evoker,preservation,18,11,7
Imugee,sargeras,1051,evoker,preservation,24,11,13
Nêwt,darkspear,1046,evoker,preservation,18,11,7
Vermitor,sargeras,1039,evoker,preservation,18,11,7
Dragonwench,sargeras,1037,evoker,preservation,18,11,7
Abigaile,illidan,1034,evoker,preservation,18,13,5
Blankebr,gallywix,1032,evoker,preservation,36,24,12
Chunkè,moon-guard,1026,evoker,preservation,39,12,27
Révoked,magtheridon,990,evoker,preservation,19,12,7
Hover,vashj,989,evoker,preservation,27,13,14
Vyreth,sargeras,987,evoker,preservation,81,38,43
Lahfly,tichondrius,978,evoker,preservation,30,17,13
Zitasanazen,azralon,978,evoker,preservation,86,42,44
Healmeta,sargeras,971,evoker,preservation,135,50,85
Rubyzz,illidan,960,evoker,preservation,18,10,8
Veraxsys,wyrmrest-accord,959,evoker,preservation,24,10,14
Buttcrease,emerald-dream,958,evoker,preservation,18,10,8
Barneydragon,stormrage,949,evoker,preservation,18,10,8
Mesamune,bonechewer,949,evoker,preservation,36,11,25
Raptormoto,lothar,926,evoker,preservation,26,11,15
Lightbeing,nazjatar,904,evoker,preservation,30,16,14
Ilithiphobia,ghostlands,865,evoker,preservation,25,10,15
Mikorivoker,illidan,864,evoker,preservation,12,9,3
Kainalaz,moon-guard,864,evoker,preservation,25,9,16
Flamedramon,bleeding-hollow,864,evoker,preservation,30,9,21
Nuubvoker,stormrage,863,evoker,preservation,18,9,9
Soziin,skullcrusher,862,evoker,preservation,12,9,3
Sineexe,illidan,861,evoker,preservation,12,9,3
Zenot,malganis,861,evoker,preservation,12,9,3
Kakanjutan,azralon,861,evoker,preservation,16,10,6
Actïoncat,emerald-dream,860,evoker,preservation,30,9,21
Carloxd,tichondrius,858,evoker,preservation,30,9,21
Allaker,kargath,855,evoker,preservation,27,10,17
Shênlong,sargeras,855,evoker,preservation,30,9,21
Worldx,illidan,854,evoker,preservation,18,9,9
Brantley,stormscale,852,evoker,preservation,24,9,15
Dragndeez,garrosh,824,evoker,preservation,40,9,31
Earthshatter,lightbringer,808,evoker,preservation,19,10,9
Courtvoke,turalyon,768,evoker,preservation,12,8,4
Ninereeds,malganis,768,evoker,preservation,12,8,4
Sleepiihead,stormrage,768,evoker,preservation,18,8,10
Walloper,malganis,767,evoker,preservation,12,8,4
Xerroh,area-52,767,evoker,preservation,12,8,4
Zakaraki,bloodscalp,766,evoker,preservation,12,8,4
Kathendrov,sargeras,764,evoker,preservation,12,8,4
Bumbledragn,moon-guard,761,evoker,preservation,19,10,9
Detreshan,stormreaver,754,evoker,preservation,15,8,7
Criteria,burning-legion,748,evoker,preservation,18,8,10
Vhaegart,area-52,735,evoker,preservation,20,9,11
Icthelestron,black-dragonflight,729,evoker,preservation,14,9,5
Geicovoker,tichondrius,714,evoker,preservation,28,9,19
Gemis,anvilmar,710,evoker,preservation,17,8,9
Feelzz,illidan,685,evoker,preservation,11,8,3
Stableboy,bleeding-hollow,672,evoker,preservation,12,7,5
Dracthyrfang,elune,672,evoker,preservation,12,7,5
Beatxqt,area-52,672,evoker,preservation,12,7,5
Redseal,tichondrius,672,evoker,preservation,12,7,5
Vroomby,area-52,672,evoker,preservation,12,7,5
Tonymanitoba,whisperwind,672,evoker,preservation,12,7,5
Orncen,emerald-dream,672,evoker,preservation,18,7,11
Forlornomens,area-52,671,evoker,preservation,12,7,5
Ponnukii,tichondrius,671,evoker,preservation,18,7,11
Feijiwang,aegwynn,670,evoker,preservation,12,7,5
Mad,aerie-peak,670,evoker,preservation,19,9,10
Draganoche,zuljin,669,evoker,preservation,12,7,5
Dragonbro,spirestone,665,evoker,preservation,12,7,5
Dragonsand,area-52,665,evoker,preservation,12,7,5
Drittles,illidan,663,evoker,preservation,18,7,11
Pootylizard,daggerspine,640,evoker,preservation,16,8,8
Thenasath,sargeras,640,evoker,preservation,17,7,10
Lilacstrasza,moon-guard,638,evoker,preservation,23,7,16
Mokkdala,blackrock,637,evoker,preservation,17,7,10
Kixxely,sargeras,623,evoker,preservation,12,8,4
Kilawatt,barthilas,620,evoker,preservation,11,7,4
Zackxo,moon-guard,617,evoker,preservation,11,7,4
Chambea,kelthuzad,617,evoker,preservation,17,9,8
Chessyk,ragnaros,607,evoker,preservation,11,7,4
Wilbog,moon-guard,604,evoker,preservation,36,7,29
Hwansu,tichondrius,576,evoker,preservation,6,6,0
Dokthyr,lightbringer,576,evoker,preservation,6,6,0
Bendover,proudmoore,576,evoker,preservation,12,6,6
Vulkerr,stormrage,576,evoker,preservation,12,6,6
Drakthussey,illidan,576,evoker,preservation,12,6,6
Zandragosa,dalaran,576,evoker,preservation,12,6,6
Daylenx,thrall,576,evoker,preservation,12,6,6
Sheepdoll,icecrown,576,evoker,preservation,12,6,6
Bookwyrm,khadgar,576,evoker,preservation,12,6,6
Azarke,rivendare,576,evoker,preservation,12,6,6
Datinysmaug,stormrage,576,evoker,preservation,12,6,6
Chue,quelthalas,576,evoker,preservation,12,6,6
Sandragon,ragnaros,576,evoker,preservation,15,7,8
Dragonk,dragonblight,576,evoker,preservation,18,6,12
Toodllesz,stormrage,575,evoker,preservation,6,6,0
Nutsdragon,tichondrius,575,evoker,preservation,12,6,6
Yotus,illidan,575,evoker,preservation,12,6,6
Endroz,tichondrius,575,evoker,preservation,12,6,6
Caphe,nerzhul,575,evoker,preservation,12,6,6
Mythsvoker,barthilas,575,evoker,preservation,12,6,6
Wrathiøn,sargeras,575,evoker,preservation,18,6,12
Selfhealzer,korgath,575,evoker,preservation,24,6,18
Toothless,garithos,574,evoker,preservation,6,6,0
Hentaizilla,kiljaeden,570,evoker,preservation,18,6,12
Spliffdragon,sargeras,528,evoker,preservation,17,6,11
Grunkthyr,moon-guard,480,evoker,preservation,6,5,1
Chinadragon,balnazzar,480,evoker,preservation,6,5,1
Shellessturt,kelthuzad,480,evoker,preservation,6,5,1
Bandel,tichondrius,480,evoker,preservation,6,5,1
Dragonkink,sargeras,480,evoker,preservation,6,5,1
Kîñggïgàçhäð,stormrage,480,evoker,preservation,6,5,1
Evvookkeerr,tichondrius,480,evoker,preservation,6,5,1
Meraxes,moonrunner,480,evoker,preservation,12,5,7
Uncleìroh,tichondrius,480,evoker,preservation,12,5,7
Imwoker,illidan,480,evoker,preservation,12,5,7
Advancedonly,tichondrius,480,evoker,preservation,12,5,7
Akavoker,sargeras,480,evoker,preservation,12,5,7
Slèv,frostmourne,480,evoker,preservation,12,5,7
Ralzital,auchindoun,480,evoker,preservation,18,5,13
Sovietønion,tichondrius,480,evoker,preservation,18,5,13
Prevoker,kirin-tor,479,evoker,preservation,6,5,1
Lickyertits,tichondrius,479,evoker,preservation,12,5,7
Dracdeez,dreadmaul,479,evoker,preservation,12,5,7
Cootietooter,icecrown,479,evoker,preservation,12,5,7
Dragown,sargeras,478,evoker,preservation,12,5,7
Scaryðragon,akama,477,evoker,preservation,12,5,7
Richviewrd,illidan,476,evoker,preservation,12,5,7
Nulldd,tichondrius,463,evoker,preservation,23,5,18
Mfka,dalaran,431,evoker,preservation,11,5,6
Balmoze,tichondrius,397,evoker,preservation,13,5,8
Dragoncods,velen,384,evoker,preservation,6,4,2
Elcigala,ragnaros,384,evoker,preservation,6,4,2
Babylons,area-52,384,evoker,preservation,6,4,2
Ancalagðn,quelthalas,384,evoker,preservation,6,4,2
Retcondragon,sargeras,384,evoker,preservation,6,4,2
Triarcs,sargeras,384,evoker,preservation,6,4,2
Whelp,shadow-council,384,evoker,preservation,6,4,2
Bassblasterr,dalaran,384,evoker,preservation,6,4,2
Chañïng,frostmourne,384,evoker,preservation,6,4,2
Tygor,arthas,384,evoker,preservation,6,4,2
Fláppÿbírd,bleeding-hollow,384,evoker,preservation,6,4,2
Emoker,magtheridon,384,evoker,preservation,6,4,2
Thegoone,bleeding-hollow,384,evoker,preservation,6,4,2
Dragonballer,trollbane,384,evoker,preservation,6,4,2
Jakedrake,stormrage,384,evoker,preservation,6,4,2
Cinderazerat,moon-guard,384,evoker,preservation,6,4,2
Dreamfuego,tichondrius,384,evoker,preservation,6,4,2
Venitsu,malganis,384,evoker,preservation,6,4,2
Mtndewboy,illidan,384,evoker,preservation,6,4,2
Whethersmell,tichondrius,384,evoker,preservation,6,4,2
Ajiz,mannoroth,384,evoker,preservation,6,4,2
Zaedor,stormrage,384,evoker,preservation,10,5,5
Bryágh,wyrmrest-accord,384,evoker,preservation,12,4,8
Williamjong,tichondrius,384,evoker,preservation,12,4,8
Galrend,firetree,384,evoker,preservation,12,4,8
Cyndragosa,dalvengyr,384,evoker,preservation,12,4,8
Satratren,moon-guard,384,evoker,preservation,12,4,8
Qiblii,moon-guard,384,evoker,preservation,12,4,8
Soyum,sargeras,384,evoker,preservation,12,4,8
Gobananas,sargeras,384,evoker,preservation,12,4,8
Dracadukez,illidan,384,evoker,preservation,12,4,8
Upsdriver,dentarg,384,evoker,preservation,18,4,14
Kyloflight,thrall,384,evoker,preservation,18,4,14
Careflight,barthilas,383,evoker,preservation,6,4,2
Dragonknght,tichondrius,383,evoker,preservation,6,4,2
Tryhard,wyrmrest-accord,383,evoker,preservation,6,4,2
Lervish,durotan,383,evoker,preservation,6,4,2
Bigtoots,illidan,382,evoker,preservation,12,4,8
Kivoke,proudmoore,381,evoker,preservation,12,4,8
Nyxstrasza,moknathal,366,evoker,preservation,11,4,7
Clubmetro,boulderfist,350,evoker,preservation,8,5,3
Polyrhythmic,ysera,304,evoker,preservation,7,4,3
Flexlong,tichondrius,288,evoker,preservation,6,3,3
Storeypagoda,tichondrius,288,evoker,preservation,6,3,3
Kaldobar,stormrage,288,evoker,preservation,6,3,3
Ðçßñÿåæéîùøð,tichondrius,288,evoker,preservation,6,3,3
Dragonkok,stormrage,288,evoker,preservation,6,3,3
Gogmagog,korgath,288,evoker,preservation,6,3,3
Macdrag,malganis,288,evoker,preservation,6,3,3
Kreutzhauser,tichondrius,288,evoker,preservation,6,3,3
Twizzthyr,bleeding-hollow,288,evoker,preservation,6,3,3
Gaserick,quelthalas,288,evoker,preservation,6,3,3
Innervoker,tichondrius,288,evoker,preservation,6,3,3
Cokobra,haomarush,288,evoker,preservation,6,3,3
Sanaz,stormreaver,288,evoker,preservation,6,3,3
Thereptile,frostmourne,288,evoker,preservation,6,3,3
Rangä,caelestrasz,288,evoker,preservation,6,3,3
Vaeghar,anvilmar,288,evoker,preservation,6,3,3
Dracoon,madoran,288,evoker,preservation,6,3,3
Visserion,sargeras,288,evoker,preservation,6,3,3
Selden,boulderfist,288,evoker,preservation,6,3,3
Daikis,proudmoore,288,evoker,preservation,6,3,3
Mignificent,sargeras,288,evoker,preservation,6,3,3
Bigtitsdrag,illidan,288,evoker,preservation,6,3,3
Swagdriver,moon-guard,288,evoker,preservation,6,3,3
Stormdagger,proudmoore,288,evoker,preservation,12,3,9
Drakkar,elune,288,evoker,preservation,12,3,9
Discussion,area-52,288,evoker,preservation,12,3,9
Shardsnorta,chogall,287,evoker,preservation,6,3,3
Saphfire,burning-legion,287,evoker,preservation,6,3,3
Supereragon,area-52,287,evoker,preservation,6,3,3
Stíckyj,tichondrius,255,evoker,preservation,11,3,8
Monzydrake,emerald-dream,222,evoker,preservation,8,3,5
Ceraxxes,tichondrius,192,evoker,preservation,6,2,4
Ellafortnite,emerald-dream,192,evoker,preservation,6,2,4
Benym,tichondrius,192,evoker,preservation,6,2,4
Kaeszandrus,azralon,192,evoker,preservation,6,2,4
Syfen,burning-blade,192,evoker,preservation,6,2,4
Aspecto,area-52,192,evoker,preservation,6,2,4
Carrnedge,area-52,192,evoker,preservation,6,2,4
Surasi,frostmourne,192,evoker,preservation,6,2,4
Bahamut,magtheridon,192,evoker,preservation,6,2,4
Slaymedaddy,proudmoore,192,evoker,preservation,6,2,4
Proevoker,illidan,192,evoker,preservation,6,2,4
Saviorkai,barthilas,192,evoker,preservation,6,2,4
Wonderk,frostmourne,192,evoker,preservation,6,2,4
Bigdrag,blackhand,192,evoker,preservation,6,2,4
Aetherz,illidan,192,evoker,preservation,6,2,4
Preserveluke,moon-guard,192,evoker,preservation,6,2,4
Smurgma,frostmane,192,evoker,preservation,6,2,4
Naùghtygames,area-52,192,evoker,preservation,6,2,4
Kalrid,sargeras,192,evoker,preservation,6,2,4
Versezz,tichondrius,192,evoker,preservation,6,2,4
Dwagonwage,zuljin,192,evoker,preservation,6,2,4
Evokas,tichondrius,192,evoker,preservation,6,2,4
Reflexd,malganis,192,evoker,preservation,6,2,4
Simmnyxia,area-52,192,evoker,preservation,6,2,4
Annum,moon-guard,192,evoker,preservation,12,2,10
Lampizard,bonechewer,192,evoker,preservation,12,2,10
Thendroz,aerie-peak,191,evoker,preservation,4,3,1
Valethal,ragnaros,191,evoker,preservation,6,2,4
Spyrð,emerald-dream,191,evoker,preservation,6,2,4
Spÿrò,tichondrius,138,evoker,preservation,10,4,6
Drerick,illidan,138,evoker,preservation,8,3,5
Shíkyo,stormrage,138,evoker,preservation,14,3,11
Vvhip,tichondrius,96,evoker,preservation,6,1,5
Deviantart,emerald-dream,96,evoker,preservation,6,1,5
Nazatra,wyrmrest-accord,96,evoker,preservation,6,1,5
Gravityblast,tichondrius,96,evoker,preservation,6,1,5
Trrxx,tichondrius,96,evoker,preservation,6,1,5
Patrdorasz,zuljin,96,evoker,preservation,6,1,5
Roastdrake,tichondrius,96,evoker,preservation,6,1,5
Gamerwords,barthilas,96,evoker,preservation,6,1,5
Flameschosen,malganis,96,evoker,preservation,6,1,5
Ohmylanta,stormrage,96,evoker,preservation,6,1,5
Uwuspit,tichondrius,96,evoker,preservation,6,1,5
Yujirohanma,frostmourne,96,evoker,preservation,6,1,5
Tasdarallar,frostmourne,96,evoker,preservation,6,1,5
Tidehunter,chogall,96,evoker,preservation,12,1,11
Jolynne,illidan,64,evoker,preservation,4,1,3
Grousegamer,barthilas,42,evoker,preservation,8,2,6
Saintpablox,illidan,42,evoker,preservation,22,2,20
Caedalade,proudmoore,1992,evoker,devastation,101,50,51
Evokemedaddy,bleeding-hollow,1965,evoker,devastation,84,44,40
Wazgon,emerald-dream,1922,evoker,devastation,104,49,55
Koalaman,area-52,1891,evoker,devastation,90,48,42
Quadude,illidan,1861,evoker,devastation,59,30,29
Draxarys,tichondrius,1856,evoker,devastation,64,32,32
Bugberry,illidan,1854,evoker,devastation,96,51,45
Wheezee,emerald-dream,1850,evoker,devastation,46,25,21
Somyr,area-52,1844,evoker,devastation,54,31,23
Venarys,dalaran,1826,evoker,devastation,42,30,12
Raxdragon,sargeras,1826,evoker,devastation,36,22,14
Anachronormu,mannoroth,1826,evoker,devastation,71,40,31
Nikthevoker,tichondrius,1824,evoker,devastation,48,29,19
Psynister,illidan,1813,evoker,devastation,72,34,38
Dametra,proudmoore,1802,evoker,devastation,48,29,19
Draxarys,area-52,1784,evoker,devastation,60,30,30
Ragedizzle,twisting-nether,1770,evoker,devastation,68,36,32
Izzythelizzy,tichondrius,1760,evoker,devastation,54,36,18
Dzrn,moon-guard,1756,evoker,devastation,36,20,16
Jase,gilneas,1748,evoker,devastation,68,44,24
Eshen,ragnaros,1737,evoker,devastation,121,65,56
Rðsè,tichondrius,1725,evoker,devastation,60,30,30
Fractalz,alterac-mountains,1718,evoker,devastation,109,59,50
Rothvoker,tichondrius,1703,evoker,devastation,30,21,9
Arzaria,stormrage,1701,evoker,devastation,42,23,19
Trogdør,illidan,1693,evoker,devastation,48,24,24
Laneva,moon-guard,1690,evoker,devastation,84,59,25
Arkeryte,moon-guard,1660,evoker,devastation,84,44,40
Balrôg,malganis,1660,evoker,devastation,57,27,30
Oldxdrake,sargeras,1659,evoker,devastation,42,23,19
Juooun,tichondrius,1655,evoker,devastation,59,28,31
Thrawn,arygos,1648,evoker,devastation,29,18,11
Ethalem,thrall,1646,evoker,devastation,66,39,27
Catvoker,area-52,1644,evoker,devastation,36,20,16
Azazél,borean-tundra,1607,evoker,devastation,24,17,7
Whilefalse,stormrage,1604,evoker,devastation,36,19,17
Ayavi,illidan,1594,evoker,devastation,30,19,11
Juicylizard,stormrage,1593,evoker,devastation,69,33,36
Wingdeadly,tichondrius,1591,evoker,devastation,36,19,17
Blackdragôn,stormrage,1590,evoker,devastation,31,19,12
Shalander,proudmoore,1585,evoker,devastation,72,41,31
Xhaal,tichondrius,1559,evoker,devastation,48,20,28
Krúnsh,ragnaros,1550,evoker,devastation,35,18,17
Haramcad,tichondrius,1523,evoker,devastation,75,40,35
Fores,tichondrius,1522,evoker,devastation,34,17,17
Narissian,wyrmrest-accord,1512,evoker,devastation,40,22,18
Bombs,shattered-hand,1510,evoker,devastation,48,24,24
Gôdzevoker,area-52,1507,evoker,devastation,30,16,14
Midi,boulderfist,1502,evoker,devastation,36,20,16
Imugee,sargeras,1501,evoker,devastation,30,16,14
Mfquietus,illidan,1499,evoker,devastation,30,16,14
Tezzyl,kiljaeden,1498,evoker,devastation,30,16,14
Thordak,drakkari,1492,evoker,devastation,42,22,20
Devdjinn,tichondrius,1470,evoker,devastation,40,23,17
Galrend,firetree,1461,evoker,devastation,36,18,18
Bumbledragn,moon-guard,1454,evoker,devastation,41,23,18
Bellerion,proudmoore,1450,evoker,devastation,48,22,26
Xplode,area-52,1441,evoker,devastation,72,35,37
Polyrhythmic,ysera,1427,evoker,devastation,36,16,20
Dragonbic,illidan,1423,evoker,devastation,36,16,20
Mønster,zuljin,1421,evoker,devastation,72,39,33
Tyrvin,kiljaeden,1416,evoker,devastation,45,23,22
Agheel,firetree,1402,evoker,devastation,30,15,15
Drakoris,malganis,1393,evoker,devastation,87,48,39
Sylverion,thrall,1384,evoker,devastation,41,24,17
Bryágh,wyrmrest-accord,1368,evoker,devastation,57,26,31
Itwasntthis,tichondrius,1363,evoker,devastation,51,29,22
Eszel,thunderlord,1339,evoker,devastation,36,15,21
Xaeradroz,area-52,1333,evoker,devastation,30,15,15
Vahaerys,stormrage,1323,evoker,devastation,36,17,19
Navaji,tichondrius,1317,evoker,devastation,42,22,20
Yuukee,thrall,1302,evoker,devastation,24,14,10
Valyrik,illidan,1297,evoker,devastation,30,14,16
Vokeero,ysera,1293,evoker,devastation,36,18,18
Evokjoe,tortheldrin,1292,evoker,devastation,36,18,18
Bvo,stormrage,1282,evoker,devastation,30,16,14
Zayllaerth,illidan,1262,evoker,devastation,40,18,22
Marknormand,area-52,1246,evoker,devastation,24,13,11
Plep,wyrmrest-accord,1244,evoker,devastation,27,14,13
Valkalas,moon-guard,1239,evoker,devastation,18,13,5
Zalzin,agamaggan,1239,evoker,devastation,18,13,5
Eternabeam,gilneas,1223,evoker,devastation,29,13,16
Skykeeper,quelthalas,1219,evoker,devastation,42,21,21
Emikothyr,thrall,1193,evoker,devastation,30,15,15
Galakraas,proudmoore,1186,evoker,devastation,36,14,22
Jabbawockeëz,drakkari,1178,evoker,devastation,52,24,28
Hydrogenbomb,sargeras,1172,evoker,devastation,22,13,9
Midnights,scarlet-crusade,1160,evoker,devastation,21,14,7
Peef,tichondrius,1152,evoker,devastation,18,12,6
Rá,drenden,1150,evoker,devastation,30,12,18
Aentharion,argent-dawn,1147,evoker,devastation,24,12,12
Dragonbranch,area-52,1133,evoker,devastation,24,12,12
Zhannecgos,moon-guard,1087,evoker,devastation,28,12,16
Ocdgamer,malganis,1086,evoker,devastation,31,13,18
Zippityzoom,barthilas,1084,evoker,devastation,30,13,17
Dracomalfoyy,caelestrasz,1056,evoker,devastation,15,12,3
Nørbert,frostmourne,1055,evoker,devastation,18,11,7
Valthenax,frostmourne,1054,evoker,devastation,24,11,13
Monyz,emerald-dream,1040,evoker,devastation,15,12,3
Raghnard,illidan,1038,evoker,devastation,22,12,10
Yiserion,sargeras,1031,evoker,devastation,18,11,7
Ùwüdragon,tichondrius,1030,evoker,devastation,16,12,4
Sübjugador,azralon,1006,evoker,devastation,18,13,5
Breathalizer,sargeras,960,evoker,devastation,12,10,2
Geicovoker,tichondrius,960,evoker,devastation,16,11,5
Seldantria,dalaran,960,evoker,devastation,18,10,8
Ezgamedeez,tichondrius,960,evoker,devastation,18,10,8
Ðeepßreath,sargeras,959,evoker,devastation,18,10,8
Xeerus,stormreaver,959,evoker,devastation,18,10,8
Chànge,lothar,958,evoker,devastation,18,10,8
Dinnkyion,dalaran,956,evoker,devastation,18,10,8
Rodgoesinya,blackrock,953,evoker,devastation,18,10,8
Rinstraza,thrall,925,evoker,devastation,23,10,13
Salakhar,drakkari,924,evoker,devastation,14,11,3
Ciana,black-dragonflight,918,evoker,devastation,26,13,13
Envisioned,kelthuzad,912,evoker,devastation,15,11,4
Brounno,area-52,911,evoker,devastation,22,12,10
Emiriss,thrall,895,evoker,devastation,17,10,7
Prevocker,sargeras,894,evoker,devastation,20,10,10
Dooklord,shuhalo,864,evoker,devastation,12,9,3
Todorøki,hyjal,864,evoker,devastation,18,9,9
Nikthevoker,area-52,864,evoker,devastation,18,9,9
Lilfootmommy,emerald-dream,863,evoker,devastation,18,9,9
Dracfire,saurfang,863,evoker,devastation,18,9,9
Drozul,stormrage,863,evoker,devastation,24,9,15
Dragonvore,moon-guard,862,evoker,devastation,12,9,3
Teanie,tichondrius,861,evoker,devastation,18,9,9
Talanoth,skullcrusher,859,evoker,devastation,18,9,9
Trenot,draenor,855,evoker,devastation,18,9,9
Drögón,stormrage,843,evoker,devastation,12,9,3
Rasec,moon-guard,843,evoker,devastation,20,9,11
Asham,azralon,840,evoker,devastation,18,9,9
Zandrov,greymane,814,evoker,devastation,15,9,6
Aarax,tichondrius,814,evoker,devastation,23,9,14
Dvrk,frostmourne,812,evoker,devastation,17,9,8
Algonir,wyrmrest-accord,768,evoker,devastation,12,8,4
Airgordan,area-52,768,evoker,devastation,21,9,12
Puf,magtheridon,767,evoker,devastation,18,8,10
Vermax,akama,767,evoker,devastation,18,8,10
Kêristrasza,wyrmrest-accord,765,evoker,devastation,18,8,10
Azorian,vashj,763,evoker,devastation,12,8,4
Yousurper,thunderlord,759,evoker,devastation,12,8,4
Detraa,illidan,754,evoker,devastation,12,8,4
Herikas,tichondrius,741,evoker,devastation,19,8,11
Kyloflight,thrall,736,evoker,devastation,10,9,1
Firkrag,bleeding-hollow,703,evoker,devastation,16,8,8
Escanorr,ghostlands,693,evoker,devastation,14,8,6
Evòker,tichondrius,672,evoker,devastation,12,7,5
Vokr,area-52,672,evoker,devastation,12,7,5
Epollyon,sargeras,672,evoker,devastation,12,7,5
Rotscale,proudmoore,672,evoker,devastation,12,7,5
Linguistic,tichondrius,672,evoker,devastation,12,7,5
Komodolong,tichondrius,672,evoker,devastation,16,8,8
Veserion,azralon,671,evoker,devastation,12,7,5
Mayhemvoker,rexxar,671,evoker,devastation,12,7,5
Xeretas,bleeding-hollow,671,evoker,devastation,12,7,5
Lamperr,illidan,642,evoker,devastation,30,7,23
Tealetaz,area-52,591,evoker,devastation,13,7,6
Coltist,elune,576,evoker,devastation,6,6,0
Theredmenace,barthilas,576,evoker,devastation,6,6,0
Devonstation,zuljin,576,evoker,devastation,6,6,0
Climax,stormrage,576,evoker,devastation,12,6,6
Malygoz,frostmourne,576,evoker,devastation,12,6,6
Dawitchvoker,illidan,576,evoker,devastation,12,6,6
Dragnmÿballs,blackrock,576,evoker,devastation,12,6,6
Bigdrag,blackhand,576,evoker,devastation,12,6,6
Teritwo,stormrage,576,evoker,devastation,12,6,6
Brakkarion,wyrmrest-accord,576,evoker,devastation,12,6,6
Iamtrash,daggerspine,576,evoker,devastation,12,6,6
Dracthyrius,thunderlord,576,evoker,devastation,12,6,6
Dwagonwage,zuljin,576,evoker,devastation,12,6,6
Shamblewing,arthas,576,evoker,devastation,12,6,6
Comepancito,quelthalas,576,evoker,devastation,12,6,6
Pykan,skullcrusher,576,evoker,devastation,18,6,12
Howtew,jubeithos,575,evoker,devastation,12,6,6
Keedrori,thrall,575,evoker,devastation,13,6,7
Quadarius,tichondrius,575,evoker,devastation,18,6,12
Snowdragon,azralon,574,evoker,devastation,12,6,6
Azuril,wyrmrest-accord,572,evoker,devastation,12,6,6
Blazor,sisters-of-elune,542,evoker,devastation,11,6,5
Dragonbreaf,emerald-dream,527,evoker,devastation,11,6,5
Frequevoker,tichondrius,527,evoker,devastation,11,6,5
Meltharian,frostmourne,511,evoker,devastation,14,6,8
Zona,moon-guard,480,evoker,devastation,6,5,1
Drakedrift,malganis,480,evoker,devastation,6,5,1
Dragocser,drakkari,480,evoker,devastation,6,5,1
Vaelikai,korgath,480,evoker,devastation,6,5,1
Jiminsgf,tichondrius,480,evoker,devastation,6,5,1
Gangbânk,tichondrius,480,evoker,devastation,6,5,1
Ryhu,sargeras,480,evoker,devastation,12,5,7
Kinndyvoker,sargeras,480,evoker,devastation,12,5,7
Grapthar,korgath,480,evoker,devastation,12,5,7
Ackresh,executus,480,evoker,devastation,12,5,7
Asatrat,greymane,480,evoker,devastation,12,5,7
Meleyx,saurfang,480,evoker,devastation,12,5,7
Stælthßømbèr,baelgun,480,evoker,devastation,12,5,7
Darkscale,haomarush,480,evoker,devastation,12,5,7
Bazelgos,moon-guard,480,evoker,devastation,12,5,7
Deezdragon,stormrage,480,evoker,devastation,12,5,7
Garlicbreth,stormrage,480,evoker,devastation,12,5,7
Evokes,moon-guard,480,evoker,devastation,12,5,7
Karox,moon-guard,480,evoker,devastation,12,5,7
Kozara,trollbane,480,evoker,devastation,12,5,7
Wizadsa,amanthul,479,evoker,devastation,6,5,1
Lorathyr,lothar,479,evoker,devastation,12,5,7
Dedderion,zuljin,479,evoker,devastation,12,5,7
Zitasanazen,azralon,479,evoker,devastation,18,5,13
Alnuin,stormrage,476,evoker,devastation,24,5,19
Pouncer,proudmoore,473,evoker,devastation,14,5,9
Azradormu,zuljin,463,evoker,devastation,19,5,14
Drahkoo,azralon,432,evoker,devastation,9,5,4
Lexgrossman,kelthuzad,400,evoker,devastation,13,5,8
Whinks,zangarmarsh,384,evoker,devastation,6,4,2
Aoxila,proudmoore,384,evoker,devastation,6,4,2
Zoomi,whisperwind,384,evoker,devastation,6,4,2
Gobananas,sargeras,384,evoker,devastation,6,4,2
Bréáth,tichondrius,384,evoker,devastation,6,4,2
Raikori,ragnaros,384,evoker,devastation,6,4,2
Nysian,wyrmrest-accord,384,evoker,devastation,6,4,2
Koralia,wyrmrest-accord,384,evoker,devastation,6,4,2
Zenithria,thrall,384,evoker,devastation,6,4,2
Kaidoxuchihv,ragnaros,384,evoker,devastation,6,4,2
Beatdownbill,sargeras,384,evoker,devastation,6,4,2
Lizardgodtko,tichondrius,384,evoker,devastation,6,4,2
Grendalevo,tichondrius,384,evoker,devastation,6,4,2
Whiegrath,azralon,384,evoker,devastation,6,4,2
Misik,frostwolf,384,evoker,devastation,6,4,2
Lardicønn,thrall,384,evoker,devastation,6,4,2
Aaztra,whisperwind,384,evoker,devastation,6,4,2
Rizzlordx,bleeding-hollow,384,evoker,devastation,12,4,8
Kozukimomo,area-52,384,evoker,devastation,12,4,8
Dragostephen,nazjatar,384,evoker,devastation,12,4,8
Kinto,stormrage,384,evoker,devastation,12,4,8
Slitherin,dalaran,384,evoker,devastation,12,4,8
Idiotlizard,stormrage,384,evoker,devastation,12,4,8
Karaxes,gorefiend,384,evoker,devastation,12,4,8
Monkeydrake,tichondrius,384,evoker,devastation,12,4,8
Razistzegrlz,illidan,384,evoker,devastation,18,4,14
Munichho,spirestone,384,evoker,devastation,18,4,14
Dinossauro,stormrage,383,evoker,devastation,6,4,2
Popgoesurmom,tichondrius,382,evoker,devastation,6,4,2
Serazenoth,area-52,336,evoker,devastation,9,4,5
Acindor,stormrage,335,evoker,devastation,11,4,7
Aktas,illidan,320,evoker,devastation,10,4,6
Carrnedge,area-52,319,evoker,devastation,5,4,1
Tazriak,tichondrius,304,evoker,devastation,7,4,3
Avasd,area-52,288,evoker,devastation,6,3,3
Uncleìroh,tichondrius,288,evoker,devastation,6,3,3
Kjerne,stormrage,288,evoker,devastation,6,3,3
Lorb,icecrown,288,evoker,devastation,6,3,3
Zorashal,kiljaeden,288,evoker,devastation,6,3,3
Tinine,frostmourne,288,evoker,devastation,6,3,3
Hausebat,aegwynn,288,evoker,devastation,6,3,3
Nikeze,kiljaeden,288,evoker,devastation,6,3,3
Draehgor,hyjal,288,evoker,devastation,6,3,3
Lòrdope,illidan,288,evoker,devastation,6,3,3
Krokuzan,ragnaros,288,evoker,devastation,6,3,3
Platypus,tichondrius,288,evoker,devastation,6,3,3
Durijus,tichondrius,288,evoker,devastation,6,3,3
Golden,area-52,288,evoker,devastation,6,3,3
Favoredson,area-52,288,evoker,devastation,6,3,3
Thyatera,ragnaros,288,evoker,devastation,6,3,3
Baddrake,moon-guard,288,evoker,devastation,6,3,3
Shennron,darkspear,288,evoker,devastation,6,3,3
Sintholo,sargeras,288,evoker,devastation,6,3,3
Yousmokemids,frostwolf,288,evoker,devastation,6,3,3
Aegontargary,azralon,288,evoker,devastation,6,3,3
Juicyjom,staghelm,288,evoker,devastation,6,3,3
Avithori,borean-tundra,288,evoker,devastation,6,3,3
Drsgme,dentarg,288,evoker,devastation,6,3,3
Rykuvokr,azuremyst,288,evoker,devastation,6,3,3
Nathenezital,frostmourne,288,evoker,devastation,6,3,3
Æthyr,anubarak,288,evoker,devastation,6,3,3
Lamdyn,wyrmrest-accord,288,evoker,devastation,6,3,3
Dreamfyrexi,thrall,288,evoker,devastation,6,3,3
Galakrond,black-dragonflight,288,evoker,devastation,6,3,3
Taegon,area-52,288,evoker,devastation,10,4,6
Deathflamee,emerald-dream,288,evoker,devastation,12,3,9
Krashbandico,zangarmarsh,288,evoker,devastation,12,3,9
Dekux,elune,288,evoker,devastation,12,3,9
Enserio,stormrage,288,evoker,devastation,12,3,9
Zeralzin,aerie-peak,287,evoker,devastation,6,3,3
Sleepeasy,blackrock,287,evoker,devastation,12,3,9
Kilnarx,uldaman,286,evoker,devastation,6,3,3
Alekoslol,area-52,234,evoker,devastation,10,5,5
Trrxx,tichondrius,224,evoker,devastation,10,3,7
Lightbeing,nazjatar,192,evoker,devastation,6,2,4
Dokthyr,lightbringer,192,evoker,devastation,6,2,4
Draketyr,area-52,192,evoker,devastation,6,2,4
Purplerocket,illidan,192,evoker,devastation,6,2,4
Puffthemagiq,mugthol,192,evoker,devastation,6,2,4
Layothyr,stormrage,192,evoker,devastation,6,2,4
Analogies,stormrage,192,evoker,devastation,6,2,4
Loganvkr,illidan,192,evoker,devastation,6,2,4
Mtndewboy,illidan,192,evoker,devastation,6,2,4
Puffed,frostmourne,192,evoker,devastation,6,2,4
Fearmybreath,stormrage,192,evoker,devastation,6,2,4
Phatë,nerzhul,192,evoker,devastation,6,2,4
Yalena,illidan,192,evoker,devastation,6,2,4
Theyevokbuda,kelthuzad,192,evoker,devastation,6,2,4
Bently,bloodhoof,192,evoker,devastation,6,2,4
Runescape,altar-of-storms,192,evoker,devastation,6,2,4
Tasdaral,tichondrius,192,evoker,devastation,6,2,4
Rengöku,skullcrusher,192,evoker,devastation,6,2,4
Vikings,madoran,192,evoker,devastation,6,2,4
Trenash,illidan,192,evoker,devastation,6,2,4
Dragonfarts,frostmourne,192,evoker,devastation,6,2,4
Healmeta,sargeras,192,evoker,devastation,6,2,4
Cyromancerr,illidan,192,evoker,devastation,8,2,6
Carloxd,tichondrius,192,evoker,devastation,12,2,10
Visron,stormrage,191,evoker,devastation,6,2,4
Dracalis,thrall,191,evoker,devastation,6,2,4
Lightaurae,thunderlord,191,evoker,devastation,12,2,10
Batwig,tichondrius,159,evoker,devastation,5,2,3
Stolesom,emerald-dream,159,evoker,devastation,5,2,3
Booniejimbob,illidan,128,evoker,devastation,4,2,2
Grafixx,sargeras,96,evoker,devastation,3,2,1
Ojigi,sargeras,96,evoker,devastation,6,1,5
Aelvina,moon-guard,96,evoker,devastation,6,1,5
Batterypowa,frostmourne,96,evoker,devastation,6,1,5
Erathiss,wyrmrest-accord,96,evoker,devastation,6,1,5
Ðrac,bleeding-hollow,96,evoker,devastation,6,1,5
Lucià,thrall,96,evoker,devastation,6,1,5
Glaurungr,ragnaros,96,evoker,devastation,6,1,5
Shintrax,ragnaros,96,evoker,devastation,6,1,5
Aratre,daggerspine,96,evoker,devastation,12,1,11
Tïtäm,area-52,79,evoker,devastation,5,1,4
Nwo,shattered-hand,64,evoker,devastation,4,1,3
Dragneel,wyrmrest-accord,64,evoker,devastation,4,1,3
Remisha,emerald-dream,2003,hunter,marksmanship,70,34,36
Abolick,area-52,1958,hunter,marksmanship,72,38,34
Iconvoked,sargeras,1853,hunter,marksmanship,48,29,19
Rakan,spinebreaker,1848,hunter,marksmanship,48,31,17
Nishinos,tichondrius,1829,hunter,marksmanship,95,45,50
Deutêr,quelthalas,1816,hunter,marksmanship,48,27,21
Dobarantu,tichondrius,1815,hunter,marksmanship,30,19,11
Fuknhunter,kiljaeden,1814,hunter,marksmanship,60,29,31
Bosshunter,tichondrius,1810,hunter,marksmanship,86,43,43
Shawtytraps,tichondrius,1796,hunter,marksmanship,72,29,43
Hagadinn,frostmourne,1765,hunter,marksmanship,48,21,27
Undeadroach,tichondrius,1753,hunter,marksmanship,53,26,27
Kkoduckk,tichondrius,1715,hunter,marksmanship,30,19,11
Bigpie,daggerspine,1704,hunter,marksmanship,41,31,10
Dolcece,tichondrius,1669,hunter,marksmanship,42,22,20
Onemoreshot,bleeding-hollow,1669,hunter,marksmanship,68,31,37
Heädshöt,malorne,1662,hunter,marksmanship,36,20,16
Somethinggo,tichondrius,1649,hunter,marksmanship,42,24,18
Shotsphodays,sargeras,1630,hunter,marksmanship,66,37,29
Aymas,sargeras,1621,hunter,marksmanship,48,26,22
Kristemis,thrall,1619,hunter,marksmanship,30,17,13
Drasen,deathwing,1608,hunter,marksmanship,30,17,13
Easynightjr,bleeding-hollow,1606,hunter,marksmanship,96,52,44
Ingrutamig,tichondrius,1593,hunter,marksmanship,36,19,17
Alansho,tichondrius,1551,hunter,marksmanship,41,17,24
Chï,zuljin,1534,hunter,marksmanship,35,21,14
Metalgear,icecrown,1533,hunter,marksmanship,66,34,32
Dezertpower,sargeras,1529,hunter,marksmanship,24,16,8
Elfymcelf,arthas,1520,hunter,marksmanship,84,39,45
Malebolick,ragnaros,1512,hunter,marksmanship,47,23,24
Hitts,barthilas,1510,hunter,marksmanship,47,23,24
Undien,area-52,1509,hunter,marksmanship,30,16,14
Taylormadae,frostmourne,1487,hunter,marksmanship,36,18,18
Windrein,ysondre,1438,hunter,marksmanship,42,17,25
Hokutox,tichondrius,1434,hunter,marksmanship,36,15,21
Johaylon,sargeras,1429,hunter,marksmanship,30,15,15
Húntingarrow,area-52,1403,hunter,marksmanship,66,34,32
ßeãst,bladefist,1387,hunter,marksmanship,24,16,8
Hemathios,drakkari,1385,hunter,marksmanship,44,17,27
Leshwi,ragnaros,1370,hunter,marksmanship,47,23,24
Ricas,malganis,1368,hunter,marksmanship,54,24,30
Renaître,tichondrius,1338,hunter,marksmanship,42,14,28
Ilovehippos,laughing-skull,1329,hunter,marksmanship,36,19,17
Acelol,proudmoore,1323,hunter,marksmanship,66,34,32
Kalibah,azralon,1323,hunter,marksmanship,36,14,22
Lowlore,moon-guard,1314,hunter,marksmanship,46,22,24
Sniperarmy,dalaran,1311,hunter,marksmanship,73,38,35
Lewanker,zuljin,1308,hunter,marksmanship,24,14,10
Veranir,nemesis,1307,hunter,marksmanship,50,27,23
Bojob,azgalor,1285,hunter,marksmanship,28,16,12
Arjunå,sargeras,1276,hunter,marksmanship,29,16,13
Idiiot,sargeras,1268,hunter,marksmanship,38,19,19
Killz,skullcrusher,1263,hunter,marksmanship,26,15,11
Lilbang,thrall,1257,hunter,marksmanship,24,14,10
Jerybery,gundrak,1253,hunter,marksmanship,29,18,11
Zock,lothar,1252,hunter,marksmanship,47,24,23
Toniic,moon-guard,1250,hunter,marksmanship,24,15,9
Kyukon,illidan,1248,hunter,marksmanship,30,14,16
Globalcake,illidan,1246,hunter,marksmanship,24,13,11
Huntncheekz,kelthuzad,1244,hunter,marksmanship,33,15,18
Stimpblimp,jubeithos,1242,hunter,marksmanship,36,13,23
Rekshot,amanthul,1237,hunter,marksmanship,72,31,41
Nelosi,shadowmoon,1236,hunter,marksmanship,24,13,11
Maia,frostwolf,1236,hunter,marksmanship,30,13,17
Jotosalsa,blackrock,1229,hunter,marksmanship,24,13,11
Klannis,quelthalas,1229,hunter,marksmanship,30,13,17
Realskinhead,terenas,1226,hunter,marksmanship,30,13,17
Benme,illidan,1226,hunter,marksmanship,39,14,25
Cßo,tichondrius,1220,hunter,marksmanship,36,18,18
Chainmaster,misha,1216,hunter,marksmanship,37,17,20
Chaðs,amanthul,1190,hunter,marksmanship,39,21,18
Aftërlyfe,tichondrius,1170,hunter,marksmanship,29,14,15
Colada,malganis,1151,hunter,marksmanship,24,12,12
Hunterlist,frostmourne,1151,hunter,marksmanship,24,12,12
Darylovejr,destromath,1150,hunter,marksmanship,24,12,12
Vinranya,sargeras,1144,hunter,marksmanship,45,18,27
Braxigarr,area-52,1141,hunter,marksmanship,30,12,18
Banshee,frostmourne,1119,hunter,marksmanship,16,13,3
Jubiscleudo,azralon,1116,hunter,marksmanship,29,12,17
Dvei,silvermoon,1107,hunter,marksmanship,33,13,20
Moüserat,moon-guard,1093,hunter,marksmanship,48,19,29
Lightweight,kelthuzad,1067,hunter,marksmanship,23,12,11
Madogite,azralon,1061,hunter,marksmanship,12,12,0
Baldor,stormrage,1061,hunter,marksmanship,48,19,29
Oopsurtrappd,darkspear,1057,hunter,marksmanship,17,13,4
Boquiinha,stormrage,1055,hunter,marksmanship,18,11,7
Latesummer,tichondrius,1055,hunter,marksmanship,18,11,7
Orgpopeyes,illidan,1055,hunter,marksmanship,18,11,7
Thebweh,ragnaros,1054,hunter,marksmanship,24,11,13
Zasnar,malganis,1053,hunter,marksmanship,24,11,13
Vansatih,azralon,1047,hunter,marksmanship,66,27,39
Pleyadez,drakkari,1043,hunter,marksmanship,18,11,7
Dogezandalar,illidan,1040,hunter,marksmanship,30,11,19
Corruptid,moon-guard,1039,hunter,marksmanship,18,11,7
Alyywn,tichondrius,1038,hunter,marksmanship,23,11,12
Wwing,frostwolf,1034,hunter,marksmanship,32,16,16
Jetlinx,thrall,1031,hunter,marksmanship,18,11,7
Halibut,quelthalas,1024,hunter,marksmanship,24,12,12
Wixyy,aegwynn,1013,hunter,marksmanship,22,12,10
Kuramax,senjin,1010,hunter,marksmanship,42,17,25
Udietofast,illidan,1008,hunter,marksmanship,29,11,18
Brenri,boulderfist,1006,hunter,marksmanship,24,13,11
Kánnah,ragnaros,1003,hunter,marksmanship,30,14,16
Nelay,ragnaros,988,hunter,marksmanship,23,11,12
Ritler,frostmourne,987,hunter,marksmanship,21,11,10
Goonsh,tichondrius,960,hunter,marksmanship,18,10,8
Killatrap,malganis,960,hunter,marksmanship,18,10,8
Evaelfi,illidan,960,hunter,marksmanship,27,10,17
Sylvaa,tichondrius,960,hunter,marksmanship,30,10,20
Hoeswannafuk,stormrage,959,hunter,marksmanship,18,10,8
Marshen,zuljin,958,hunter,marksmanship,24,10,14
Gstring,kelthuzad,955,hunter,marksmanship,24,10,14
Puresport,hyjal,953,hunter,marksmanship,18,10,8
Verdao,stormrage,952,hunter,marksmanship,30,10,20
Zettl,eredar,951,hunter,marksmanship,30,12,18
Maxwel,sargeras,950,hunter,marksmanship,32,16,16
Apaweclover,stormrage,950,hunter,marksmanship,24,10,14
Vanhe,quelthalas,947,hunter,marksmanship,18,10,8
Balgair,hakkar,943,hunter,marksmanship,28,14,14
Thundershots,tichondrius,927,hunter,marksmanship,62,23,39
Sukr,korgath,901,hunter,marksmanship,29,11,18
Cyrsmen,ragnaros,894,hunter,marksmanship,22,10,12
Nachtcloverr,stormrage,876,hunter,marksmanship,51,19,32
Huntercotoco,azralon,870,hunter,marksmanship,29,14,15
Gvjellybeans,tichondrius,864,hunter,marksmanship,12,9,3
Darkshady,tichondrius,864,hunter,marksmanship,24,9,15
Drãgenox,quelthalas,864,hunter,marksmanship,24,9,15
Topshotx,tichondrius,863,hunter,marksmanship,12,9,3
Artemyzz,tichondrius,863,hunter,marksmanship,18,9,9
Junglejam,elune,863,hunter,marksmanship,24,9,15
Airpodpro,emerald-dream,862,hunter,marksmanship,12,9,3
Bowinc,greymane,862,hunter,marksmanship,12,9,3
Kayzia,lightninghoof,862,hunter,marksmanship,18,9,9
Pokeyourbutt,hydraxis,862,hunter,marksmanship,18,9,9
Katnie,azralon,860,hunter,marksmanship,17,10,7
Junka,bleeding-hollow,860,hunter,marksmanship,18,9,9
Bigolhippy,frostmourne,859,hunter,marksmanship,18,9,9
Cocobread,stormreaver,859,hunter,marksmanship,24,9,15
Coldhunger,uldum,857,hunter,marksmanship,12,9,3
Mezmore,thrall,857,hunter,marksmanship,18,9,9
Grimbleneep,emerald-dream,855,hunter,marksmanship,24,9,15
Tiidkloul,illidan,845,hunter,marksmanship,12,9,3
Forthethrill,area-52,832,hunter,marksmanship,26,12,14
Preze,moon-guard,814,hunter,marksmanship,16,10,6
Fourkayiv,azgalor,803,hunter,marksmanship,17,9,8
Xcisiion,nagrand,797,hunter,marksmanship,16,9,7
Ragshunt,stormrage,768,hunter,marksmanship,12,8,4
Achillez,bleeding-hollow,768,hunter,marksmanship,18,8,10
Muerteaterry,ragnaros,768,hunter,marksmanship,18,8,10
Ravanskull,burning-blade,767,hunter,marksmanship,18,8,10
Arrowslol,stormrage,767,hunter,marksmanship,24,8,16
Valieev,black-dragonflight,759,hunter,marksmanship,12,8,4
Lynnì,khadgar,750,hunter,marksmanship,18,8,10
Yamanashi,black-dragonflight,716,hunter,marksmanship,24,8,16
Malkuri,medivh,672,hunter,marksmanship,12,7,5
Mochaxd,stormrage,672,hunter,marksmanship,12,7,5
Kaznik,ragnaros,672,hunter,marksmanship,12,7,5
Focusfire,khazgoroth,672,hunter,marksmanship,18,7,11
Gor,hyjal,672,hunter,marksmanship,18,7,11
Dest,azralon,671,hunter,marksmanship,12,7,5
Getnukedbud,emerald-dream,671,hunter,marksmanship,12,7,5
Geraldson,proudmoore,671,hunter,marksmanship,12,7,5
Neoxbow,wyrmrest-accord,671,hunter,marksmanship,12,7,5
Toesgoes,thrall,671,hunter,marksmanship,18,7,11
Scourgesurge,kiljaeden,671,hunter,marksmanship,18,7,11
Aimz,zuluhed,671,hunter,marksmanship,24,7,17
Condorexe,illidan,671,hunter,marksmanship,24,7,17
Yadír,quelthalas,670,hunter,marksmanship,12,7,5
Milktoker,tichondrius,670,hunter,marksmanship,18,7,11
Silverweaver,illidan,670,hunter,marksmanship,18,7,11
Lilzoomer,barthilas,668,hunter,marksmanship,12,7,5
Linedalina,wyrmrest-accord,667,hunter,marksmanship,18,7,11
Sumom,darrowmere,666,hunter,marksmanship,18,7,11
Porkerr,black-dragonflight,665,hunter,marksmanship,12,7,5
Silhouettes,barthilas,665,hunter,marksmanship,18,7,11
Scottcrume,area-52,663,hunter,marksmanship,18,7,11
Ontarget,cairne,658,hunter,marksmanship,18,7,11
Hokutoxx,tichondrius,607,hunter,marksmanship,20,7,13
Zugawoo,tichondrius,600,hunter,marksmanship,14,7,7
Tren,blackrock,576,hunter,marksmanship,12,6,6
Tokez,moon-guard,576,hunter,marksmanship,12,6,6
Wildder,area-52,576,hunter,marksmanship,12,6,6
Flämma,azralon,576,hunter,marksmanship,12,6,6
Bootywhop,dalaran,576,hunter,marksmanship,12,6,6
Êlautismo,wyrmrest-accord,576,hunter,marksmanship,12,6,6
Gritzix,frostmourne,576,hunter,marksmanship,12,6,6
Gugubird,proudmoore,576,hunter,marksmanship,12,6,6
Kyudo,moon-guard,576,hunter,marksmanship,12,6,6
Aoti,nerzhul,576,hunter,marksmanship,12,6,6
Zèd,azralon,576,hunter,marksmanship,12,6,6
Syrach,area-52,576,hunter,marksmanship,12,6,6
Diisdik,tichondrius,576,hunter,marksmanship,13,6,7
Amyrkvothe,ragnaros,576,hunter,marksmanship,18,6,12
Cashhapp,zuljin,575,hunter,marksmanship,12,6,6
Hämhunter,stormrage,575,hunter,marksmanship,12,6,6
Hobbës,kelthuzad,575,hunter,marksmanship,12,6,6
Smoeky,aerie-peak,575,hunter,marksmanship,12,6,6
Targetreaper,proudmoore,575,hunter,marksmanship,12,6,6
Tazent,moon-guard,575,hunter,marksmanship,12,6,6
Snìpershot,sargeras,574,hunter,marksmanship,13,8,5
Sunnimuffens,deathwing,574,hunter,marksmanship,12,6,6
Shukucingjr,illidan,573,hunter,marksmanship,6,6,0
Flacidhunter,kelthuzad,573,hunter,marksmanship,18,6,12
Angelacross,azralon,572,hunter,marksmanship,12,6,6
Koonorc,dalaran,571,hunter,marksmanship,12,6,6
Chikkynuggy,destromath,559,hunter,marksmanship,11,6,5
Crounzz,sargeras,527,hunter,marksmanship,11,6,5
Triggaplease,jubeithos,488,hunter,marksmanship,13,6,7
Headshoot,tichondrius,480,hunter,marksmanship,6,5,1
Hanabanana,wyrmrest-accord,480,hunter,marksmanship,6,5,1
Gotchã,area-52,480,hunter,marksmanship,6,5,1
Dienasty,zuljin,480,hunter,marksmanship,6,5,1
Larree,kelthuzad,480,hunter,marksmanship,6,5,1
Chickenzzack,tichondrius,480,hunter,marksmanship,6,5,1
Twistedtawl,area-52,480,hunter,marksmanship,6,5,1
Duruainn,zuljin,480,hunter,marksmanship,6,5,1
Redzic,tichondrius,480,hunter,marksmanship,6,5,1
Bendotexe,stormrage,480,hunter,marksmanship,6,5,1
Idtrapthat,nordrassil,480,hunter,marksmanship,9,5,4
Longshánks,stormrage,480,hunter,marksmanship,12,5,7
Rockenrique,nemesis,480,hunter,marksmanship,12,5,7
Dummorogh,stormrage,480,hunter,marksmanship,12,5,7
Hunt,the-underbog,480,hunter,marksmanship,12,5,7
Gunther,korgath,480,hunter,marksmanship,12,5,7
Snoplow,illidan,480,hunter,marksmanship,12,5,7
Elendïr,tichondrius,480,hunter,marksmanship,12,5,7
Raiku,aggramar,480,hunter,marksmanship,12,5,7
Lianm,stormrage,480,hunter,marksmanship,12,5,7
Pwnagraphic,barthilas,480,hunter,marksmanship,12,5,7
Adive,drakkari,480,hunter,marksmanship,12,5,7
Tropic,proudmoore,480,hunter,marksmanship,12,5,7
Eurekasl,ragnaros,480,hunter,marksmanship,18,5,13
Sagadegêmeos,stormrage,480,hunter,marksmanship,18,5,13
Insgesicht,proudmoore,480,hunter,marksmanship,18,5,13
Absinther,emerald-dream,480,hunter,marksmanship,18,5,13
Daahm,malganis,480,hunter,marksmanship,19,5,14
Clemenlemon,illidan,479,hunter,marksmanship,6,5,1
Ohhsnaapp,blood-furnace,479,hunter,marksmanship,12,5,7
Blurrí,area-52,479,hunter,marksmanship,12,5,7
Seyd,barthilas,479,hunter,marksmanship,18,5,13
Enzym,archimonde,479,hunter,marksmanship,18,5,13
Ozzoty,tol-barad,478,hunter,marksmanship,12,5,7
Mukeru,stormrage,432,hunter,marksmanship,9,5,4
Jaydemo,thunderhorn,431,hunter,marksmanship,11,5,6
Oattes,daggerspine,384,hunter,marksmanship,6,4,2
Shotmaster,tichondrius,384,hunter,marksmanship,6,4,2
Saltz,tichondrius,384,hunter,marksmanship,6,4,2
Coolwhip,demon-soul,384,hunter,marksmanship,6,4,2
Huumpoutine,burning-blade,384,hunter,marksmanship,6,4,2
Zeenuts,sargeras,384,hunter,marksmanship,6,4,2
Silvertokay,ragnaros,384,hunter,marksmanship,6,4,2
Photos,moon-guard,384,hunter,marksmanship,6,4,2
Blamethenaga,sargeras,384,hunter,marksmanship,6,4,2
Infatuatedx,moon-guard,384,hunter,marksmanship,6,4,2
Comebacks,ragnaros,384,hunter,marksmanship,6,4,2
Subdue,tichondrius,384,hunter,marksmanship,6,4,2
Projectilez,sargeras,384,hunter,marksmanship,6,4,2
Amanazàra,tichondrius,384,hunter,marksmanship,6,4,2
Emilysamuels,tichondrius,384,hunter,marksmanship,6,4,2
Gq,garona,384,hunter,marksmanship,6,4,2
Pulso,illidan,384,hunter,marksmanship,6,4,2
Ocromiun,illidan,384,hunter,marksmanship,6,4,2
Ärtémisa,quelthalas,384,hunter,marksmanship,6,4,2
Blimpbooty,stormrage,384,hunter,marksmanship,6,4,2
Andalora,malganis,384,hunter,marksmanship,6,4,2
Murderone,undermine,384,hunter,marksmanship,6,4,2
Huataran,stormrage,384,hunter,marksmanship,6,4,2
Oromís,dalaran,384,hunter,marksmanship,6,4,2
Relapse,dreadmaul,384,hunter,marksmanship,6,4,2
Baixiaochu,area-52,384,hunter,marksmanship,6,4,2
Hrafn,illidan,384,hunter,marksmanship,6,4,2
Xhare,stormrage,384,hunter,marksmanship,6,4,2
Smokabombom,eredar,384,hunter,marksmanship,6,4,2
Woeisyou,stormrage,384,hunter,marksmanship,12,4,8
Noriee,destromath,384,hunter,marksmanship,12,4,8
Fëanora,quelthalas,384,hunter,marksmanship,12,4,8
Enchantras,jaedenar,384,hunter,marksmanship,12,4,8
Dropflag,stormrage,384,hunter,marksmanship,12,4,8
Rocroc,gurubashi,384,hunter,marksmanship,12,4,8
Grukar,tichondrius,384,hunter,marksmanship,12,4,8
Keenz,frostmourne,384,hunter,marksmanship,12,4,8
Oqqo,tichondrius,384,hunter,marksmanship,12,4,8
Righthole,area-52,384,hunter,marksmanship,12,4,8
Celph,moon-guard,384,hunter,marksmanship,12,4,8
Revö,area-52,384,hunter,marksmanship,12,4,8
Aewyn,malganis,384,hunter,marksmanship,12,4,8
Crimsonmm,ragnaros,384,hunter,marksmanship,12,4,8
Crazyeasy,azshara,384,hunter,marksmanship,12,4,8
Vélos,illidan,384,hunter,marksmanship,12,4,8
Sylvanâs,bleeding-hollow,384,hunter,marksmanship,12,4,8
Shadowhokage,zuljin,384,hunter,marksmanship,12,4,8
Ðïanä,azralon,384,hunter,marksmanship,12,4,8
Bleedwolf,tichondrius,384,hunter,marksmanship,12,4,8
Kalinor,cenarius,383,hunter,marksmanship,6,4,2
Snäpträp,stormrage,383,hunter,marksmanship,6,4,2
Zarely,frostmourne,383,hunter,marksmanship,12,4,8
Bemaa,frostmourne,383,hunter,marksmanship,12,4,8
Minibrö,tichondrius,383,hunter,marksmanship,12,4,8
Juanita,laughing-skull,383,hunter,marksmanship,12,4,8
Nevon,azralon,383,hunter,marksmanship,18,4,14
Oohuntsoo,emerald-dream,382,hunter,marksmanship,6,4,2
Iililillilii,tichondrius,330,hunter,marksmanship,14,5,9
Cócaine,tichondrius,319,hunter,marksmanship,8,4,4
Vipermaster,azralon,288,hunter,marksmanship,6,3,3
Remixjy,burning-blade,288,hunter,marksmanship,6,3,3
Zengrin,quelthalas,288,hunter,marksmanship,6,3,3
Teaks,aggramar,288,hunter,marksmanship,6,3,3
Khasu,ragnaros,288,hunter,marksmanship,6,3,3
Grimcask,ragnaros,288,hunter,marksmanship,6,3,3
Xephert,ragnaros,288,hunter,marksmanship,6,3,3
Mizhu,ragnaros,288,hunter,marksmanship,6,3,3
Casadora,dark-iron,288,hunter,marksmanship,6,3,3
Negãn,tichondrius,288,hunter,marksmanship,6,3,3
Bullzeyê,kelthuzad,288,hunter,marksmanship,6,3,3
Jônathan,tichondrius,288,hunter,marksmanship,6,3,3
Boombob,sargeras,288,hunter,marksmanship,6,3,3
Saralli,thrall,288,hunter,marksmanship,6,3,3
Bowtech,kelthuzad,288,hunter,marksmanship,6,3,3
Vinksy,sargeras,288,hunter,marksmanship,6,3,3
Enty,khazgoroth,288,hunter,marksmanship,6,3,3
Sosaho,sargeras,288,hunter,marksmanship,6,3,3
Softhunter,tichondrius,288,hunter,marksmanship,6,3,3
Humiliation,mugthol,288,hunter,marksmanship,6,3,3
Blackjesu,blackrock,288,hunter,marksmanship,6,3,3
Carot,dalaran,288,hunter,marksmanship,6,3,3
Thugbeast,tichondrius,288,hunter,marksmanship,6,3,3
Lilbic,bleeding-hollow,288,hunter,marksmanship,6,3,3
Boomphaque,ravencrest,288,hunter,marksmanship,6,3,3
Automatic,illidan,288,hunter,marksmanship,6,3,3
Fruitenveg,frostmourne,288,hunter,marksmanship,6,3,3
Buzzkiller,sargeras,288,hunter,marksmanship,6,3,3
Kong,tichondrius,288,hunter,marksmanship,6,3,3
Kansolly,tichondrius,288,hunter,marksmanship,6,3,3
Silvershot,emerald-dream,288,hunter,marksmanship,6,3,3
Untermench,tichondrius,288,hunter,marksmanship,6,3,3
Starsabov,emerald-dream,288,hunter,marksmanship,6,3,3
Triggamikê,tichondrius,288,hunter,marksmanship,6,3,3
Innerhunt,aegwynn,288,hunter,marksmanship,6,3,3
Playnogames,moon-guard,288,hunter,marksmanship,6,3,3
Týrak,illidan,288,hunter,marksmanship,6,3,3
Candîce,moon-guard,288,hunter,marksmanship,6,3,3
Inktray,durotan,288,hunter,marksmanship,6,3,3
Vashra,stormrage,288,hunter,marksmanship,6,3,3
Vivaswan,tichondrius,288,hunter,marksmanship,6,3,3
Waqz,tichondrius,288,hunter,marksmanship,6,3,3
Salsa,hakkar,288,hunter,marksmanship,6,3,3
Hötdôg,kiljaeden,288,hunter,marksmanship,6,3,3
Wannakill,stormrage,288,hunter,marksmanship,6,3,3
Déadshot,thaurissan,288,hunter,marksmanship,6,3,3
Cloakedninja,illidan,288,hunter,marksmanship,6,3,3
Yory,tol-barad,288,hunter,marksmanship,6,3,3
Kimbaa,tichondrius,288,hunter,marksmanship,6,3,3
Daggétt,zuljin,288,hunter,marksmanship,6,3,3
Damadar,tichondrius,288,hunter,marksmanship,6,3,3
Hildihunt,stormrage,288,hunter,marksmanship,6,3,3
Kritsu,tichondrius,288,hunter,marksmanship,6,3,3
Prpl,sargeras,288,hunter,marksmanship,15,4,11
Cloudbuck,aegwynn,288,hunter,marksmanship,12,3,9
Såvagehunter,malganis,288,hunter,marksmanship,12,3,9
Ikiteforfood,zuljin,288,hunter,marksmanship,12,3,9
Ryutiz,fizzcrank,288,hunter,marksmanship,12,3,9
Oua,queldorei,288,hunter,marksmanship,12,3,9
Princssdaizy,zuljin,288,hunter,marksmanship,12,3,9
Angelickon,tichondrius,288,hunter,marksmanship,12,3,9
Ghazzghkuull,ragnaros,287,hunter,marksmanship,6,3,3
Thoopered,korgath,287,hunter,marksmanship,6,3,3
Lapelada,ragnaros,287,hunter,marksmanship,6,3,3
Onehitrip,illidan,287,hunter,marksmanship,6,3,3
Skyloss,illidan,283,hunter,marksmanship,18,3,15
Yoimiya,thunderlord,255,hunter,marksmanship,16,3,13
Setepalms,azralon,239,hunter,marksmanship,5,3,2
Druskritag,moon-guard,234,hunter,marksmanship,10,4,6
Andrømeda,frostmourne,208,hunter,marksmanship,7,3,4
Lamb,undermine,202,hunter,marksmanship,11,4,7
Dreezzy,bleeding-hollow,192,hunter,marksmanship,6,2,4
Boomheadshot,blood-furnace,192,hunter,marksmanship,6,2,4
Gromtheponch,area-52,192,hunter,marksmanship,6,2,4
Kimghak,tichondrius,192,hunter,marksmanship,6,2,4
Cuchulláin,area-52,192,hunter,marksmanship,6,2,4
Kïwwï,tichondrius,192,hunter,marksmanship,6,2,4
Albe,azralon,192,hunter,marksmanship,6,2,4
Córnell,tichondrius,192,hunter,marksmanship,6,2,4
Kyujin,ragnaros,192,hunter,marksmanship,6,2,4
Taurenseason,sargeras,192,hunter,marksmanship,6,2,4
Yonzo,area-52,192,hunter,marksmanship,6,2,4
Sobala,azralon,192,hunter,marksmanship,6,2,4
Buckethole,doomhammer,192,hunter,marksmanship,6,2,4
Staticarrow,norgannon,192,hunter,marksmanship,6,2,4
Vileplumè,stormrage,192,hunter,marksmanship,6,2,4
Ilîiìîìiilil,bleeding-hollow,192,hunter,marksmanship,6,2,4
Onemøreshot,bleeding-hollow,192,hunter,marksmanship,6,2,4
Bionix,sargeras,192,hunter,marksmanship,6,2,4
Kanta,bleeding-hollow,192,hunter,marksmanship,6,2,4
Rawrzy,sargeras,192,hunter,marksmanship,6,2,4
Latherel,bleeding-hollow,192,hunter,marksmanship,6,2,4
Dikbender,tichondrius,192,hunter,marksmanship,6,2,4
Áppóló,spinebreaker,192,hunter,marksmanship,6,2,4
Huntgar,earthen-ring,192,hunter,marksmanship,6,2,4
Sogeki,kelthuzad,192,hunter,marksmanship,6,2,4
Inurah,malganis,192,hunter,marksmanship,6,2,4
Muscletooth,moon-guard,192,hunter,marksmanship,6,2,4
Dracõ,proudmoore,192,hunter,marksmanship,6,2,4
Onlyfeìgns,frostmourne,192,hunter,marksmanship,6,2,4
Symz,ragnaros,192,hunter,marksmanship,6,2,4
Rëxx,moon-guard,192,hunter,marksmanship,6,2,4
Fleshfeast,tichondrius,192,hunter,marksmanship,6,2,4
Firskin,frostmourne,192,hunter,marksmanship,6,2,4
Xxunderoath,frostwolf,192,hunter,marksmanship,6,2,4
Yembohi,queldorei,192,hunter,marksmanship,6,2,4
Notnick,tichondrius,192,hunter,marksmanship,6,2,4
Thewïld,tichondrius,192,hunter,marksmanship,6,2,4
Mawlotov,barthilas,192,hunter,marksmanship,6,2,4
Lolknocked,alexstrasza,192,hunter,marksmanship,6,2,4
Blury,tichondrius,192,hunter,marksmanship,6,2,4
Quickitty,proudmoore,192,hunter,marksmanship,6,2,4
Xísa,proudmoore,192,hunter,marksmanship,6,2,4
Insanedabz,tichondrius,192,hunter,marksmanship,6,2,4
Drjingajanga,zuluhed,192,hunter,marksmanship,6,2,4
Odin,goldrinn,192,hunter,marksmanship,6,2,4
Alindra,zuluhed,192,hunter,marksmanship,6,2,4
Tus,tichondrius,192,hunter,marksmanship,6,2,4
Sinsix,akama,192,hunter,marksmanship,6,2,4
Cazaaires,quelthalas,192,hunter,marksmanship,6,2,4
Killincrew,scilla,192,hunter,marksmanship,8,2,6
Warrioress,illidan,192,hunter,marksmanship,12,2,10
Findbind,altar-of-storms,192,hunter,marksmanship,12,2,10
Stïinck,azralon,192,hunter,marksmanship,12,2,10
Àlëxx,aegwynn,192,hunter,marksmanship,12,2,10
Seekem,destromath,192,hunter,marksmanship,12,2,10
Repotro,drakkari,192,hunter,marksmanship,12,2,10
Sharpzy,jubeithos,192,hunter,marksmanship,12,2,10
Konar,nemesis,192,hunter,marksmanship,12,2,10
Birgite,stormrage,192,hunter,marksmanship,12,2,10
Shafttrapper,queldorei,192,hunter,marksmanship,12,2,10
Larts,fenris,192,hunter,marksmanship,12,2,10
Maximos,lightnings-blade,192,hunter,marksmanship,12,2,10
Zelanst,illidan,191,hunter,marksmanship,6,2,4
Damnnicebutt,borean-tundra,191,hunter,marksmanship,6,2,4
ßonßon,stormrage,160,hunter,marksmanship,10,2,8
Clintbartun,shadowsong,159,hunter,marksmanship,5,2,3
Thesloott,azshara,159,hunter,marksmanship,5,2,3
Ryonel,moon-guard,159,hunter,marksmanship,5,2,3
Overgnome,ragnaros,144,hunter,marksmanship,6,3,3
Dusle,azralon,138,hunter,marksmanship,8,3,5
Plsnobanmee,frostmourne,137,hunter,marksmanship,9,5,4
Lúthiel,azralon,127,hunter,marksmanship,8,2,6
Stubchode,tichondrius,96,hunter,marksmanship,6,1,5
Gunwalk,azjolnerub,96,hunter,marksmanship,6,1,5
Markymarc,tichondrius,96,hunter,marksmanship,6,1,5
Hellcry,khadgar,96,hunter,marksmanship,6,1,5
Hawneyduo,skullcrusher,96,hunter,marksmanship,6,1,5
Cobrag,tichondrius,96,hunter,marksmanship,6,1,5
Xalmoinmybow,illidan,96,hunter,marksmanship,6,1,5
Hatara,quelthalas,96,hunter,marksmanship,6,1,5
Ruhak,windrunner,96,hunter,marksmanship,6,1,5
Ownyoufast,darkspear,96,hunter,marksmanship,6,1,5
Biehuixin,tichondrius,96,hunter,marksmanship,6,1,5
Tarah,lightbringer,96,hunter,marksmanship,6,1,5
Zral,dragonmaw,96,hunter,marksmanship,6,1,5
Demolitions,kelthuzad,96,hunter,marksmanship,6,1,5
Audioannie,thrall,96,hunter,marksmanship,6,1,5
Zaamsa,ragnaros,96,hunter,marksmanship,6,1,5
Blaws,tichondrius,96,hunter,marksmanship,6,1,5
Shootermgavn,frostmourne,96,hunter,marksmanship,6,1,5
Zarknoth,cenarius,96,hunter,marksmanship,6,1,5
Puppyghoul,malganis,96,hunter,marksmanship,6,1,5
Shablagoosh,zuljin,96,hunter,marksmanship,6,1,5
Terezhunt,tichondrius,96,hunter,marksmanship,6,1,5
Exitwoundz,hyjal,96,hunter,marksmanship,6,1,5
Desarus,archimonde,96,hunter,marksmanship,6,1,5
Zünma,tichondrius,96,hunter,marksmanship,6,1,5
Peashooter,sargeras,96,hunter,marksmanship,12,1,11
Jacobsladder,illidan,96,hunter,marksmanship,12,1,11
Setbackhunt,illidan,79,hunter,marksmanship,5,1,4
Hoboh,illidan,79,hunter,marksmanship,5,1,4
Póra,stormrage,79,hunter,marksmanship,5,1,4
Iamtotoro,area-52,64,hunter,marksmanship,4,1,3
Huntsmate,tichondrius,64,hunter,marksmanship,4,1,3
Raymose,tichondrius,64,hunter,marksmanship,4,1,3
Reanivan,kiljaeden,64,hunter,marksmanship,10,1,9
Mikeangel,hydraxis,48,hunter,marksmanship,3,1,2
Berkhof,tichondrius,31,hunter,marksmanship,2,1,1
Hotmuscleman,tichondrius,2127,hunter,survival,74,45,29
Pridefulz,stormrage,2109,hunter,survival,115,59,56
Cëb,stormrage,2108,hunter,survival,60,34,26
Cadencex,stormrage,2090,hunter,survival,93,47,46
Suntail,dalaran,2035,hunter,survival,82,42,40
Djtraphouse,stormrage,2011,hunter,survival,84,43,41
Veyronnx,stormrage,1976,hunter,survival,60,38,22
Bicmex,sargeras,1970,hunter,survival,42,29,13
Hamslapper,shattered-hand,1957,hunter,survival,79,38,41
Lèkïnhø,azralon,1945,hunter,survival,66,34,32
Koupon,tichondrius,1942,hunter,survival,54,27,27
Effyh,emerald-dream,1907,hunter,survival,63,36,27
Finito,bladefist,1902,hunter,survival,75,39,36
Sikhunt,frostmourne,1858,hunter,survival,48,30,18
Foxyhood,ragnaros,1844,hunter,survival,42,23,19
Capncams,emerald-dream,1844,hunter,survival,54,27,27
Ssds,sargeras,1834,hunter,survival,42,26,16
Gvoo,tichondrius,1829,hunter,survival,30,24,6
Róckzero,quelthalas,1822,hunter,survival,77,41,36
Angrybow,ragnaros,1821,hunter,survival,36,25,11
Thoromel,wyrmrest-accord,1820,hunter,survival,66,33,33
Kisuke,khaz-modan,1815,hunter,survival,54,34,20
Vlf,tichondrius,1812,hunter,survival,48,26,22
Sartel,tichondrius,1812,hunter,survival,78,41,37
Queríde,emerald-dream,1811,hunter,survival,47,32,15
Kubu,emerald-dream,1810,hunter,survival,57,38,19
Woriath,quelthalas,1807,hunter,survival,48,29,19
Noimnotokay,tichondrius,1806,hunter,survival,36,19,17
Stevemonday,stormrage,1802,hunter,survival,54,35,19
Huntmon,nemesis,1800,hunter,survival,48,31,17
Maxiam,frostmourne,1799,hunter,survival,41,22,19
Legoelass,emerald-dream,1747,hunter,survival,30,20,10
Drasen,deathwing,1730,hunter,survival,42,22,20
Carnidon,area-52,1721,hunter,survival,63,29,34
Samcro,rivendare,1687,hunter,survival,53,27,26
Pivott,wyrmrest-accord,1677,hunter,survival,70,43,27
Shablagoosh,zuljin,1672,hunter,survival,45,23,22
Grapplegear,area-52,1670,hunter,survival,43,20,23
Peppancini,wyrmrest-accord,1665,hunter,survival,36,24,12
Nearly,wyrmrest-accord,1665,hunter,survival,37,23,14
Fleche,aggramar,1658,hunter,survival,30,20,10
Drifting,bleeding-hollow,1646,hunter,survival,42,28,14
Réxon,quelthalas,1642,hunter,survival,69,32,37
Queride,area-52,1625,hunter,survival,36,17,19
Bigbillx,tichondrius,1623,hunter,survival,30,17,13
Dijhoni,moon-guard,1623,hunter,survival,30,17,13
Malukaca,azralon,1621,hunter,survival,48,17,31
Sativ,moknathal,1581,hunter,survival,42,23,19
Kansolly,tichondrius,1577,hunter,survival,39,18,21
Chimeralol,area-52,1529,hunter,survival,30,19,11
Bbaronsamedi,darkspear,1519,hunter,survival,30,16,14
Meowtard,kaelthas,1511,hunter,survival,54,24,30
Titanaxis,tichondrius,1510,hunter,survival,48,22,26
Køjo,emerald-dream,1484,hunter,survival,26,17,9
Ryonel,moon-guard,1473,hunter,survival,47,25,22
Mayamia,ragnaros,1456,hunter,survival,42,19,23
Fallacies,moon-guard,1448,hunter,survival,36,20,16
Dwx,bleeding-hollow,1430,hunter,survival,36,15,21
Moartraps,zuljin,1425,hunter,survival,24,15,9
Axezul,tichondrius,1422,hunter,survival,30,15,15
Mckennagrace,tichondrius,1419,hunter,survival,24,15,9
Weedhoof,barthilas,1406,hunter,survival,54,30,24
Shtealo,ragnaros,1405,hunter,survival,36,18,18
Killconfirm,sargeras,1389,hunter,survival,48,19,29
Uhm,laughing-skull,1357,hunter,survival,28,16,12
Bergy,thrall,1343,hunter,survival,18,14,4
Otii,tichondrius,1343,hunter,survival,24,14,10
Ynoit,sargeras,1342,hunter,survival,24,14,10
Exh,tichondrius,1334,hunter,survival,24,14,10
Dudemanyeah,black-dragonflight,1314,hunter,survival,30,14,16
Dreebizz,gorefiend,1292,hunter,survival,31,14,17
Ghuntcassh,quelthalas,1268,hunter,survival,24,16,8
Hunterdemond,ragnaros,1263,hunter,survival,29,17,12
Gxswow,tichondrius,1253,hunter,survival,34,15,19
Kukulkan,haomarush,1230,hunter,survival,24,13,11
Wetpeach,frostmourne,1223,hunter,survival,24,13,11
Arkeryn,azralon,1203,hunter,survival,18,13,5
Bangerzx,stormrage,1185,hunter,survival,24,13,11
Eastera,tichondrius,1178,hunter,survival,46,21,25
Taiberianrex,khazgoroth,1153,hunter,survival,24,13,11
Gigabigly,wyrmrest-accord,1152,hunter,survival,18,12,6
Destrumz,zuljin,1152,hunter,survival,24,12,12
Názzul,area-52,1151,hunter,survival,18,12,6
Jîñßæçhïñæ,sargeras,1151,hunter,survival,30,12,18
Liekis,darkspear,1150,hunter,survival,24,12,12
Crimsoncoast,tichondrius,1149,hunter,survival,18,12,6
Bjornwald,thrall,1083,hunter,survival,26,12,14
Exxonerous,sargeras,1078,hunter,survival,36,13,23
Tumerok,barthilas,1056,hunter,survival,18,11,7
Saltstream,tichondrius,1056,hunter,survival,24,11,13
Viólenc,tichondrius,1055,hunter,survival,18,11,7
Swordshot,moon-guard,1055,hunter,survival,21,12,9
Ryukotsu,tichondrius,1055,hunter,survival,31,11,20
Plsbepatient,windrunner,1054,hunter,survival,18,11,7
Jarhar,nesingwary,1050,hunter,survival,24,11,13
Hibyexo,illidan,960,hunter,survival,12,10,2
Runecrossbow,barthilas,960,hunter,survival,18,10,8
Sobit,tichondrius,960,hunter,survival,18,10,8
Dirtysoap,sargeras,960,hunter,survival,24,10,14
Rooman,ragnaros,958,hunter,survival,18,10,8
Xitara,stormrage,956,hunter,survival,18,10,8
Limpingspoon,kelthuzad,955,hunter,survival,18,10,8
Bigsexi,kiljaeden,951,hunter,survival,27,11,16
Aimbotmir,zuljin,927,hunter,survival,26,11,15
Demtings,dark-iron,925,hunter,survival,32,11,21
Caiodluffy,malganis,864,hunter,survival,12,9,3
Weedzy,tichondrius,864,hunter,survival,12,9,3
Lamerpvp,tichondrius,864,hunter,survival,12,9,3
Tigglyjits,tichondrius,864,hunter,survival,12,9,3
Nussyo,tichondrius,864,hunter,survival,15,10,5
Desari,thunderhorn,864,hunter,survival,18,9,9
Wingclippin,stormrage,863,hunter,survival,15,10,5
Sarvaxagar,tichondrius,863,hunter,survival,18,9,9
Cocobread,stormreaver,863,hunter,survival,18,9,9
Chiad,kargath,860,hunter,survival,12,9,3
Imapacifist,barthilas,831,hunter,survival,16,9,7
Toozz,frostmourne,768,hunter,survival,12,8,4
Bolognã,tichondrius,768,hunter,survival,12,8,4
Buttercocoa,kelthuzad,768,hunter,survival,18,8,10
Dyucol,tichondrius,768,hunter,survival,18,8,10
Hawkem,illidan,768,hunter,survival,18,8,10
Skàdii,tichondrius,768,hunter,survival,18,8,10
Nicochan,senjin,768,hunter,survival,24,8,16
Ripsurvival,area-52,767,hunter,survival,12,8,4
Packlead,sargeras,767,hunter,survival,12,8,4
Hrywnn,azralon,767,hunter,survival,12,8,4
Fkurrules,frostmourne,767,hunter,survival,18,8,10
Altarare,ragnaros,767,hunter,survival,18,8,10
Equilibrium,tol-barad,767,hunter,survival,18,8,10
Haumer,wyrmrest-accord,763,hunter,survival,12,8,4
Dirtypolee,bleeding-hollow,719,hunter,survival,17,8,9
Thrakgor,wyrmrest-accord,713,hunter,survival,23,10,13
Lucarcher,stormrage,703,hunter,survival,11,8,3
Ronnïn,proudmoore,672,hunter,survival,12,7,5
Sylvanne,sargeras,672,hunter,survival,12,7,5
Legalt,tichondrius,672,hunter,survival,12,7,5
Porrainga,auchindoun,672,hunter,survival,12,7,5
Concur,frostmourne,672,hunter,survival,12,7,5
Reignwolf,nemesis,672,hunter,survival,12,7,5
Oronir,frostmourne,672,hunter,survival,12,7,5
Svhunt,frostmourne,672,hunter,survival,12,7,5
Arraza,ragnaros,672,hunter,survival,12,7,5
Sniffler,barthilas,672,hunter,survival,12,7,5
Arazian,stormrage,672,hunter,survival,12,7,5
Dju,stormrage,672,hunter,survival,18,7,11
Covlol,illidan,672,hunter,survival,18,7,11
Trumpmerica,illidan,672,hunter,survival,18,7,11
Gairkill,area-52,662,hunter,survival,12,7,5
Catboikilla,ravencrest,639,hunter,survival,17,7,10
Rotthem,ragnaros,638,hunter,survival,20,8,12
Ivansotes,quelthalas,617,hunter,survival,21,8,13
Ðevil,ragnaros,576,hunter,survival,6,6,0
Volkr,bleeding-hollow,576,hunter,survival,12,6,6
Arrów,duskwood,576,hunter,survival,12,6,6
Jubulba,frostwolf,576,hunter,survival,12,6,6
Haemøphilus,area-52,576,hunter,survival,12,6,6
Percival,firetree,576,hunter,survival,12,6,6
Kenjipoo,tichondrius,576,hunter,survival,12,6,6
Trapula,tichondrius,576,hunter,survival,12,6,6
Jésús,dalaran,576,hunter,survival,12,6,6
Crypy,illidan,576,hunter,survival,18,6,12
Týrak,illidan,575,hunter,survival,12,6,6
Knewbee,emerald-dream,543,hunter,survival,11,6,5
Trapgodxo,moon-guard,528,hunter,survival,9,7,2
Luckboy,tichondrius,521,hunter,survival,13,7,6
Pxry,drenden,511,hunter,survival,11,6,5
Selenis,khadgar,480,hunter,survival,6,5,1
Tmzsteezy,tichondrius,480,hunter,survival,6,5,1
Jaw,hakkar,480,hunter,survival,6,5,1
Åpe,illidan,480,hunter,survival,6,5,1
Neverturtlex,tichondrius,480,hunter,survival,6,5,1
Raef,azralon,480,hunter,survival,6,5,1
Hildebald,moon-guard,480,hunter,survival,6,5,1
Jäger,zuljin,480,hunter,survival,6,5,1
Lohse,emerald-dream,480,hunter,survival,6,5,1
Narukín,tichondrius,480,hunter,survival,6,5,1
Lavo,borean-tundra,480,hunter,survival,12,5,7
Mambothehunt,stormrage,480,hunter,survival,12,5,7
Arsk,ragnaros,480,hunter,survival,12,5,7
Pathofsexile,tichondrius,480,hunter,survival,12,5,7
Laralodge,stormrage,480,hunter,survival,12,5,7
Minxed,sargeras,480,hunter,survival,12,5,7
Bushytails,illidan,479,hunter,survival,12,5,7
Nanotorque,moon-guard,479,hunter,survival,13,5,8
Hellrayserr,azralon,477,hunter,survival,12,5,7
Hwslol,tichondrius,431,hunter,survival,11,5,6
Joón,moon-guard,400,hunter,survival,7,5,2
Giraffetrap,zuljin,384,hunter,survival,6,4,2
Tyjes,stormrage,384,hunter,survival,6,4,2
Kurnos,hyjal,384,hunter,survival,6,4,2
Draban,stormrage,384,hunter,survival,6,4,2
Ehhee,twisting-nether,384,hunter,survival,6,4,2
Bicflop,azralon,384,hunter,survival,6,4,2
Trap,vashj,384,hunter,survival,6,4,2
Kensho,illidan,384,hunter,survival,6,4,2
Mxabyycc,tichondrius,384,hunter,survival,6,4,2
Hawkethorn,moon-guard,384,hunter,survival,6,4,2
Petstun,moon-guard,384,hunter,survival,6,4,2
Thefanbus,tichondrius,384,hunter,survival,6,4,2
Kimbaa,tichondrius,384,hunter,survival,6,4,2
Rojpube,frostmourne,384,hunter,survival,6,4,2
Ariran,illidan,384,hunter,survival,12,4,8
Keenz,frostmourne,384,hunter,survival,12,4,8
Rayuwa,azralon,384,hunter,survival,12,4,8
Gichiwalrus,emerald-dream,384,hunter,survival,12,4,8
Downer,antonidas,384,hunter,survival,12,4,8
Oatmeallover,stormrage,384,hunter,survival,12,4,8
Tydee,nagrand,383,hunter,survival,18,4,14
Fìebs,queldorei,319,hunter,survival,5,4,1
Meowimadog,spinebreaker,288,hunter,survival,6,3,3
Asarden,jubeithos,288,hunter,survival,6,3,3
Ünitedi,nemesis,288,hunter,survival,6,3,3
Disciple,darkspear,288,hunter,survival,6,3,3
Dephobius,azralon,288,hunter,survival,6,3,3
Xenonviper,bleeding-hollow,288,hunter,survival,6,3,3
Bombbot,zuljin,288,hunter,survival,6,3,3
Berenal,moon-guard,288,hunter,survival,6,3,3
Exhausted,blackrock,288,hunter,survival,6,3,3
Ariädne,sargeras,288,hunter,survival,6,3,3
Endsnear,stormrage,288,hunter,survival,6,3,3
Xfo,bleeding-hollow,288,hunter,survival,6,3,3
Fictìon,kelthuzad,288,hunter,survival,6,3,3
Petkd,frostmourne,288,hunter,survival,6,3,3
Liñcoln,sargeras,288,hunter,survival,6,3,3
Gadorim,kelthuzad,288,hunter,survival,6,3,3
Anêmos,ragnaros,288,hunter,survival,6,3,3
Evilfury,tichondrius,288,hunter,survival,6,3,3
Furipoon,stormrage,288,hunter,survival,6,3,3
Notnunca,tichondrius,288,hunter,survival,6,3,3
Twom,area-52,288,hunter,survival,6,3,3
Daxar,ragnaros,288,hunter,survival,12,3,9
Snipin,ragnaros,288,hunter,survival,12,3,9
Vansatih,azralon,287,hunter,survival,6,3,3
Rairin,tichondrius,239,hunter,survival,5,3,2
Moscato,cenarion-circle,232,hunter,survival,14,4,10
Diddycombe,stormrage,192,hunter,survival,6,2,4
Kelarcia,moon-guard,192,hunter,survival,6,2,4
Gunicks,illidan,192,hunter,survival,6,2,4
Dfnhdft,stormrage,192,hunter,survival,6,2,4
Rúdrá,area-52,192,hunter,survival,6,2,4
Raiku,aggramar,192,hunter,survival,6,2,4
Splewsh,area-52,192,hunter,survival,6,2,4
Cndavyjones,akama,192,hunter,survival,6,2,4
Helïos,drakkari,192,hunter,survival,6,2,4
Sukr,korgath,192,hunter,survival,6,2,4
Rogaldornn,thrall,192,hunter,survival,6,2,4
Bboo,bonechewer,192,hunter,survival,6,2,4
Nandorius,proudmoore,192,hunter,survival,6,2,4
Shaftgravy,area-52,192,hunter,survival,6,2,4
Stylebende,tichondrius,192,hunter,survival,6,2,4
Cosmodome,daggerspine,192,hunter,survival,6,2,4
Acidhunt,tichondrius,192,hunter,survival,6,2,4
Nahzah,stormrage,192,hunter,survival,6,2,4
Scottmeyers,proudmoore,192,hunter,survival,6,2,4
Pedropete,barthilas,192,hunter,survival,6,2,4
Ganemdar,sargeras,192,hunter,survival,12,2,10
Nishinos,tichondrius,159,hunter,survival,5,2,3
Lawafla,area-52,138,hunter,survival,8,3,5
Narakara,stormreaver,128,hunter,survival,5,2,3
Skrìms,tichondrius,96,hunter,survival,6,1,5
Lammy,bleeding-hollow,96,hunter,survival,6,1,5
Dversive,nagrand,96,hunter,survival,6,1,5
Zorht,ragnaros,96,hunter,survival,6,1,5
Nevertraps,tichondrius,96,hunter,survival,6,1,5
Silversøng,moon-guard,96,hunter,survival,6,1,5
Sobala,azralon,96,hunter,survival,6,1,5
Esser,mannoroth,96,hunter,survival,6,1,5
Jîlt,aerie-peak,96,hunter,survival,6,1,5
Tejodite,thrall,96,hunter,survival,6,1,5
Dusle,azralon,96,hunter,survival,6,1,5
Weegnomie,wyrmrest-accord,96,hunter,survival,6,1,5
Legosshi,darrowmere,96,hunter,survival,6,1,5
Kaelles,illidan,79,hunter,survival,5,1,4
Luangg,tichondrius,31,hunter,survival,2,1,1
Saiiph,bleeding-hollow,2169,hunter,beastmastery,101,55,46
Manyu,tichondrius,2035,hunter,beastmastery,69,34,35
Hazzersk,ragnaros,2029,hunter,beastmastery,89,43,46
Wmsgs,tichondrius,2022,hunter,beastmastery,82,39,43
Missedmytrap,agamaggan,1960,hunter,beastmastery,48,27,21
Eref,sargeras,1903,hunter,beastmastery,36,20,16
Outz,anvilmar,1889,hunter,beastmastery,54,30,24
Lamerpvp,tichondrius,1885,hunter,beastmastery,50,31,19
Wodhunterxdd,sargeras,1859,hunter,beastmastery,64,31,33
Hfn,stormrage,1849,hunter,beastmastery,47,26,21
Inktray,durotan,1844,hunter,beastmastery,37,22,15
Koridelse,nemesis,1841,hunter,beastmastery,60,29,31
Nutellacrepe,kelthuzad,1829,hunter,beastmastery,68,35,33
Antø,tichondrius,1827,hunter,beastmastery,54,29,25
Ashenga,cairne,1823,hunter,beastmastery,84,46,38
Zefbaby,quelthalas,1822,hunter,beastmastery,66,31,35
Grimrokk,malganis,1821,hunter,beastmastery,60,32,28
Zumago,tichondrius,1817,hunter,beastmastery,54,23,31
Audeline,tichondrius,1815,hunter,beastmastery,69,33,36
Jeffersan,illidan,1814,hunter,beastmastery,59,29,30
Scuffedshots,tichondrius,1811,hunter,beastmastery,62,37,25
Orber,stormrage,1809,hunter,beastmastery,74,37,37
Zugbrained,illidan,1808,hunter,beastmastery,42,25,17
Hogx,sargeras,1802,hunter,beastmastery,66,28,38
Edelyysa,arthas,1787,hunter,beastmastery,78,41,37
Bootydoo,illidan,1780,hunter,beastmastery,100,53,47
Dahmer,greymane,1774,hunter,beastmastery,50,25,25
Kytan,shadowmoon,1761,hunter,beastmastery,54,24,30
Krunkz,frostmourne,1752,hunter,beastmastery,47,31,16
Shafttrapper,queldorei,1742,hunter,beastmastery,54,29,25
Cuchulláin,area-52,1734,hunter,beastmastery,90,47,43
Zujo,emerald-dream,1730,hunter,beastmastery,54,25,29
Arcobaleno,tichondrius,1725,hunter,beastmastery,54,23,31
Torolol,tichondrius,1706,hunter,beastmastery,48,30,18
Kybelís,dalaran,1700,hunter,beastmastery,56,30,26
Jfkd,sargeras,1694,hunter,beastmastery,52,21,31
Dpdóugh,illidan,1692,hunter,beastmastery,42,25,17
Auwstin,tichondrius,1688,hunter,beastmastery,37,23,14
Nyxus,tichondrius,1678,hunter,beastmastery,54,24,30
Zeddead,magtheridon,1670,hunter,beastmastery,45,21,24
Sindragostra,tichondrius,1666,hunter,beastmastery,66,34,32
Focusfire,khazgoroth,1664,hunter,beastmastery,60,31,29
Hokutoxx,tichondrius,1663,hunter,beastmastery,61,25,36
Apøllö,kilrogg,1662,hunter,beastmastery,108,47,61
Phatshiet,anvilmar,1660,hunter,beastmastery,30,18,12
Negãn,tichondrius,1658,hunter,beastmastery,38,20,18
Tracershot,malganis,1648,hunter,beastmastery,41,26,15
Veevx,proudmoore,1646,hunter,beastmastery,29,21,8
Sobewan,staghelm,1646,hunter,beastmastery,38,20,18
Kensho,illidan,1645,hunter,beastmastery,33,19,14
Asukaw,barthilas,1644,hunter,beastmastery,39,19,20
Sissleto,tichondrius,1643,hunter,beastmastery,94,44,50
Perawantua,frostmourne,1636,hunter,beastmastery,38,22,16
Bertimus,sargeras,1623,hunter,beastmastery,60,25,35
Absinther,emerald-dream,1613,hunter,beastmastery,24,17,7
Killshøtß,tichondrius,1613,hunter,beastmastery,36,20,16
Lexandr,tichondrius,1610,hunter,beastmastery,42,26,16
Lasix,burning-blade,1608,hunter,beastmastery,47,24,23
Kahll,azralon,1606,hunter,beastmastery,42,18,24
Shadowfangs,tichondrius,1599,hunter,beastmastery,36,17,19
Mythxplosive,ragnaros,1597,hunter,beastmastery,41,17,24
Melov,frostmourne,1596,hunter,beastmastery,47,18,29
Chowyunfatss,proudmoore,1595,hunter,beastmastery,42,22,20
Realskinhead,terenas,1593,hunter,beastmastery,36,19,17
Consanguin,sargeras,1588,hunter,beastmastery,30,19,11
Aqq,moon-guard,1578,hunter,beastmastery,64,32,32
Tyreu,tichondrius,1578,hunter,beastmastery,36,18,18
Mortalz,barthilas,1572,hunter,beastmastery,35,21,14
Terpa,nemesis,1566,hunter,beastmastery,44,23,21
Despairius,moon-guard,1540,hunter,beastmastery,42,24,18
Velhokoira,illidan,1539,hunter,beastmastery,24,17,7
Sñïpêr,tichondrius,1530,hunter,beastmastery,30,16,14
Tuân,azgalor,1528,hunter,beastmastery,24,16,8
Robnhunt,tichondrius,1526,hunter,beastmastery,30,16,14
Ungoliánt,cairne,1525,hunter,beastmastery,36,19,17
Cobrakhan,tichondrius,1523,hunter,beastmastery,54,33,21
Sonichunterr,illidan,1520,hunter,beastmastery,29,19,10
Hazzeth,thrall,1516,hunter,beastmastery,30,21,9
Grimbrew,garona,1514,hunter,beastmastery,29,17,12
Gamestopceo,tichondrius,1509,hunter,beastmastery,54,26,28
Stalkstride,destromath,1503,hunter,beastmastery,72,35,37
Kript,dragonmaw,1491,hunter,beastmastery,139,62,77
Internade,frostmourne,1481,hunter,beastmastery,42,18,24
Bamfhunt,darkspear,1478,hunter,beastmastery,28,17,11
Uzpak,tichondrius,1465,hunter,beastmastery,24,16,8
Chizhi,tichondrius,1462,hunter,beastmastery,42,20,22
Borudin,stormrage,1458,hunter,beastmastery,55,21,34
Sootgarbage,sargeras,1456,hunter,beastmastery,42,27,15
Reloadz,shattered-hand,1451,hunter,beastmastery,29,16,13
Kälec,quelthalas,1442,hunter,beastmastery,32,18,14
Funkyjunk,arthas,1436,hunter,beastmastery,24,15,9
Pokìmane,tichondrius,1434,hunter,beastmastery,24,15,9
Gernon,frostmourne,1434,hunter,beastmastery,27,16,11
Limpnoodle,nerzhul,1432,hunter,beastmastery,42,19,23
Trickshotss,illidan,1426,hunter,beastmastery,23,17,6
Munyshotz,tichondrius,1426,hunter,beastmastery,86,50,36
Dlabio,emerald-dream,1420,hunter,beastmastery,30,16,14
Scirfreez,ragnaros,1418,hunter,beastmastery,30,15,15
Hoboh,illidan,1417,hunter,beastmastery,45,25,20
Eldlichi,proudmoore,1416,hunter,beastmastery,48,20,28
Yaisk,tichondrius,1386,hunter,beastmastery,30,16,14
Svsnipe,tichondrius,1384,hunter,beastmastery,29,15,14
Songhammer,tichondrius,1382,hunter,beastmastery,23,15,8
Viperstng,area-52,1380,hunter,beastmastery,70,40,30
Shockwave,velen,1372,hunter,beastmastery,69,33,36
Omegalulzxd,kelthuzad,1370,hunter,beastmastery,36,16,20
Skulgor,zuljin,1365,hunter,beastmastery,48,26,22
Shlandy,frostmourne,1356,hunter,beastmastery,32,18,14
Wadadly,malganis,1339,hunter,beastmastery,48,24,24
Jacobsladder,illidan,1330,hunter,beastmastery,54,24,30
Aguntur,ragnaros,1302,hunter,beastmastery,35,21,14
Hughneutron,kirin-tor,1290,hunter,beastmastery,70,39,31
Axlee,tichondrius,1279,hunter,beastmastery,30,14,16
Wulfgeng,azgalor,1274,hunter,beastmastery,62,29,33
Iar,tichondrius,1270,hunter,beastmastery,30,18,12
Femonemos,nemesis,1266,hunter,beastmastery,24,14,10
Nogaro,nemesis,1262,hunter,beastmastery,30,15,15
Pingaamarela,nemesis,1252,hunter,beastmastery,30,15,15
Kwinoah,zuljin,1247,hunter,beastmastery,18,13,5
Zzsocrateszz,dragonmaw,1247,hunter,beastmastery,41,20,21
Frankabingle,area-52,1247,hunter,beastmastery,30,13,17
Junglefever,skywall,1246,hunter,beastmastery,22,14,8
Oatmeallover,stormrage,1246,hunter,beastmastery,24,13,11
Dju,stormrage,1246,hunter,beastmastery,24,13,11
Hunterphil,hyjal,1245,hunter,beastmastery,18,13,5
Gabulmenina,nemesis,1245,hunter,beastmastery,24,13,11
Irøneye,sargeras,1242,hunter,beastmastery,36,13,23
Nelay,ragnaros,1241,hunter,beastmastery,30,13,17
Lucki,blades-edge,1240,hunter,beastmastery,24,13,11
Limcross,drakkari,1236,hunter,beastmastery,24,13,11
Silversøng,moon-guard,1227,hunter,beastmastery,30,13,17
Vaettai,barthilas,1194,hunter,beastmastery,29,13,16
Vëëv,proudmoore,1167,hunter,beastmastery,29,13,16
Arucedd,frostmourne,1160,hunter,beastmastery,35,14,21
Monffbe,tichondrius,1152,hunter,beastmastery,24,12,12
Mørodox,sargeras,1152,hunter,beastmastery,30,12,18
Andalora,malganis,1150,hunter,beastmastery,24,12,12
Venrod,ragnaros,1149,hunter,beastmastery,24,12,12
Quietqt,ragnaros,1149,hunter,beastmastery,29,12,17
Doug,illidan,1145,hunter,beastmastery,24,12,12
Flexxbow,thrall,1144,hunter,beastmastery,21,13,8
Ñðñdêsçrípt,frostmourne,1144,hunter,beastmastery,27,13,14
Camhaanes,area-52,1140,hunter,beastmastery,24,12,12
Fallenfates,stormrage,1135,hunter,beastmastery,24,12,12
Desydn,draenor,1134,hunter,beastmastery,78,36,42
Lizymcguire,malganis,1131,hunter,beastmastery,18,12,6
Shneedle,illidan,1129,hunter,beastmastery,24,12,12
Huñté,stormrage,1127,hunter,beastmastery,24,12,12
Psychiatry,bonechewer,1107,hunter,beastmastery,22,12,10
Spèedbump,stormrage,1107,hunter,beastmastery,23,12,11
Buyaga,stormreaver,1102,hunter,beastmastery,55,29,26
Nollzey,frostmourne,1102,hunter,beastmastery,27,12,15
Zalyssavara,aerie-peak,1085,hunter,beastmastery,27,12,15
Turtlegirl,tichondrius,1056,hunter,beastmastery,18,11,7
Ñotorious,frostmane,1056,hunter,beastmastery,18,11,7
Bogen,nemesis,1055,hunter,beastmastery,18,11,7
Cachín,ragnaros,1055,hunter,beastmastery,18,11,7
Blackathena,tichondrius,1055,hunter,beastmastery,24,11,13
Ispamtraps,emerald-dream,1054,hunter,beastmastery,18,11,7
Casperonni,illidan,1054,hunter,beastmastery,18,11,7
Phindo,agamaggan,1053,hunter,beastmastery,18,11,7
Tinyted,nathrezim,1051,hunter,beastmastery,24,11,13
Scourgesurge,kiljaeden,1051,hunter,beastmastery,24,11,13
Fames,shuhalo,1051,hunter,beastmastery,25,11,14
Varthurg,ragnaros,1050,hunter,beastmastery,18,11,7
Erovianoria,silver-hand,1048,hunter,beastmastery,27,16,11
ßaelon,malganis,1047,hunter,beastmastery,12,11,1
Kynagidas,korgath,1047,hunter,beastmastery,24,11,13
Vord,frostmourne,1046,hunter,beastmastery,24,11,13
Belime,korgath,1045,hunter,beastmastery,18,11,7
Chrønic,khadgar,1043,hunter,beastmastery,18,11,7
Vegamax,illidan,1020,hunter,beastmastery,18,11,7
Robingear,baelgun,1009,hunter,beastmastery,45,18,27
Sniperælite,korgath,1008,hunter,beastmastery,15,12,3
Rotokrim,emerald-dream,961,hunter,beastmastery,66,31,35
Livelovelaff,tichondrius,960,hunter,beastmastery,18,10,8
Warpath,ursin,960,hunter,beastmastery,18,10,8
Biehuixin,tichondrius,959,hunter,beastmastery,18,10,8
Ðfac,moon-guard,959,hunter,beastmastery,24,10,14
Aquabat,wildhammer,958,hunter,beastmastery,18,10,8
Luprikus,maelstrom,958,hunter,beastmastery,23,10,13
Sliturthroat,barthilas,956,hunter,beastmastery,24,10,14
Cyboreg,stormrage,955,hunter,beastmastery,18,10,8
Boward,illidan,952,hunter,beastmastery,18,10,8
Thetrickyone,area-52,946,hunter,beastmastery,36,10,26
Tmac,winterhoof,942,hunter,beastmastery,20,10,10
Lilpoots,warsong,939,hunter,beastmastery,23,10,13
Shootyurshot,stormrage,927,hunter,beastmastery,20,11,9
Coyner,tichondrius,907,hunter,beastmastery,21,10,11
Jyttrg,tichondrius,904,hunter,beastmastery,23,10,13
Foh,kelthuzad,888,hunter,beastmastery,17,10,7
Slipox,sargeras,864,hunter,beastmastery,12,9,3
Lustblitz,illidan,864,hunter,beastmastery,12,9,3
Dreygar,dawnbringer,864,hunter,beastmastery,12,9,3
Kenshaunter,azralon,864,hunter,beastmastery,12,9,3
Bmhuntlol,illidan,864,hunter,beastmastery,12,9,3
Lilsynchfyb,sargeras,864,hunter,beastmastery,18,9,9
Cannondale,tichondrius,864,hunter,beastmastery,18,9,9
Perffect,sargeras,864,hunter,beastmastery,18,9,9
Ucl,tichondrius,864,hunter,beastmastery,18,9,9
Kushaddict,lightnings-blade,864,hunter,beastmastery,30,9,21
Cloxygen,moon-guard,863,hunter,beastmastery,12,9,3
Çute,moon-guard,863,hunter,beastmastery,18,9,9
Nikronos,quelthalas,863,hunter,beastmastery,18,9,9
Myladyy,zuljin,863,hunter,beastmastery,30,9,21
Mitulla,wyrmrest-accord,862,hunter,beastmastery,12,9,3
Rcman,tichondrius,862,hunter,beastmastery,12,9,3
Wogolas,barthilas,862,hunter,beastmastery,12,9,3
Bootylickin,tichondrius,862,hunter,beastmastery,18,9,9
Javoz,drakkari,862,hunter,beastmastery,24,9,15
Cottonshots,dalaran,861,hunter,beastmastery,24,9,15
ßaeløn,malganis,860,hunter,beastmastery,12,9,3
Kamikazey,tichondrius,859,hunter,beastmastery,18,9,9
Iffy,dentarg,858,hunter,beastmastery,12,9,3
Vexxør,bleeding-hollow,856,hunter,beastmastery,12,9,3
Alaranel,kiljaeden,855,hunter,beastmastery,24,9,15
Urimiel,daggerspine,855,hunter,beastmastery,24,9,15
Shiztec,malganis,854,hunter,beastmastery,24,9,15
Assbow,kiljaeden,846,hunter,beastmastery,19,10,9
Eggsquatch,emerald-dream,844,hunter,beastmastery,12,9,3
Sniper,area-52,831,hunter,beastmastery,17,9,8
Hyjax,darkspear,830,hunter,beastmastery,13,10,3
Xtop,draktharon,822,hunter,beastmastery,17,9,8
Rektarrow,area-52,814,hunter,beastmastery,17,9,8
Kkoner,illidan,768,hunter,beastmastery,12,8,4
Kroozeh,illidan,768,hunter,beastmastery,12,8,4
Chippendales,illidan,768,hunter,beastmastery,12,8,4
Déwi,tichondrius,768,hunter,beastmastery,12,8,4
Øverdose,ragnaros,768,hunter,beastmastery,12,8,4
Alexxspewpew,ragnaros,768,hunter,beastmastery,12,8,4
Warcher,azralon,768,hunter,beastmastery,12,8,4
Seongnam,tichondrius,768,hunter,beastmastery,18,8,10
Flanzo,illidan,768,hunter,beastmastery,18,8,10
Balrröt,malganis,768,hunter,beastmastery,18,8,10
Jawnhunter,tichondrius,768,hunter,beastmastery,18,8,10
Oblitus,zuljin,768,hunter,beastmastery,18,8,10
Snewfly,tichondrius,767,hunter,beastmastery,12,8,4
Coopshot,darkspear,767,hunter,beastmastery,15,9,6
Tergls,illidan,767,hunter,beastmastery,18,8,10
Jímmycorn,sargeras,767,hunter,beastmastery,18,8,10
Airtight,area-52,766,hunter,beastmastery,18,8,10
Timogen,illidan,764,hunter,beastmastery,18,8,10
Ophiela,shuhalo,759,hunter,beastmastery,30,8,22
Antihero,norgannon,714,hunter,beastmastery,14,9,5
Yozomoto,nordrassil,703,hunter,beastmastery,14,8,6
Fifie,azgalor,702,hunter,beastmastery,21,8,13
Aristæos,kelthuzad,686,hunter,beastmastery,16,8,8
Ahhpash,tichondrius,672,hunter,beastmastery,10,8,2
Wickyz,malganis,672,hunter,beastmastery,12,7,5
Pmø,sargeras,672,hunter,beastmastery,12,7,5
Jsr,tichondrius,672,hunter,beastmastery,12,7,5
Tusxx,tichondrius,672,hunter,beastmastery,12,7,5
Killwill,illidan,672,hunter,beastmastery,12,7,5
Kouandjio,area-52,672,hunter,beastmastery,12,7,5
Sakedji,area-52,672,hunter,beastmastery,12,7,5
Crimsoncoast,tichondrius,672,hunter,beastmastery,12,7,5
Flamenco,arthas,672,hunter,beastmastery,12,7,5
Cinnybunz,malganis,672,hunter,beastmastery,12,7,5
Tmnarcanttv,tichondrius,672,hunter,beastmastery,12,7,5
Prêd,malganis,672,hunter,beastmastery,15,8,7
Wilmaßallfit,malganis,672,hunter,beastmastery,18,7,11
Selhort,quelthalas,672,hunter,beastmastery,18,7,11
Easonl,tichondrius,672,hunter,beastmastery,18,7,11
Clowntown,illidan,672,hunter,beastmastery,18,7,11
Scrubmastery,emerald-dream,671,hunter,beastmastery,12,7,5
Exploits,stormrage,671,hunter,beastmastery,12,7,5
Eightbeers,bleeding-hollow,671,hunter,beastmastery,12,7,5
Lavo,borean-tundra,671,hunter,beastmastery,12,7,5
Fleetfox,tichondrius,671,hunter,beastmastery,18,7,11
More,khadgar,671,hunter,beastmastery,18,7,11
Petkd,frostmourne,671,hunter,beastmastery,18,7,11
Threethirty,thrall,671,hunter,beastmastery,18,7,11
Amortiz,illidan,671,hunter,beastmastery,18,7,11
Fruitenveg,frostmourne,670,hunter,beastmastery,18,7,11
Trapz,hellscream,670,hunter,beastmastery,18,7,11
Vesity,tichondrius,670,hunter,beastmastery,20,7,13
Neurosurgery,azralon,669,hunter,beastmastery,18,7,11
Shootaids,illidan,666,hunter,beastmastery,18,7,11
Theprovider,burning-blade,659,hunter,beastmastery,12,7,5
Skywvlker,illidan,623,hunter,beastmastery,17,7,10
Eastera,tichondrius,613,hunter,beastmastery,23,7,16
Kopula,illidan,608,hunter,beastmastery,16,7,9
Shanghunt,cenarius,604,hunter,beastmastery,14,7,7
Rypunzul,proudmoore,576,hunter,beastmastery,6,6,0
Rekkis,area-52,576,hunter,beastmastery,6,6,0
Rbtz,illidan,576,hunter,beastmastery,6,6,0
Lenacraft,frostmourne,576,hunter,beastmastery,6,6,0
Tashio,aerie-peak,576,hunter,beastmastery,6,6,0
Shootnskoot,icecrown,576,hunter,beastmastery,6,6,0
Willdey,frostmourne,576,hunter,beastmastery,12,6,6
Drunkhunter,malygos,576,hunter,beastmastery,12,6,6
Wovow,tichondrius,576,hunter,beastmastery,12,6,6
Madbéê,tichondrius,576,hunter,beastmastery,12,6,6
Fma,stormrage,576,hunter,beastmastery,12,6,6
Phaction,tichondrius,576,hunter,beastmastery,12,6,6
Gravshot,zuljin,576,hunter,beastmastery,12,6,6
Raadun,terokkar,576,hunter,beastmastery,12,6,6
Antares,dalaran,576,hunter,beastmastery,12,6,6
Deutêr,quelthalas,576,hunter,beastmastery,12,6,6
Hunterpk,lightbringer,576,hunter,beastmastery,12,6,6
Cw,gorefiend,576,hunter,beastmastery,12,6,6
Shootnoscore,vashj,576,hunter,beastmastery,12,6,6
Parnicyon,frostmourne,576,hunter,beastmastery,12,6,6
Pankyrangs,kelthuzad,576,hunter,beastmastery,12,6,6
Yager,kalecgos,576,hunter,beastmastery,12,6,6
Hynathios,azralon,576,hunter,beastmastery,12,6,6
Skytrooper,boulderfist,576,hunter,beastmastery,12,6,6
Somethinglit,sargeras,576,hunter,beastmastery,12,6,6
Zizilio,kelthuzad,576,hunter,beastmastery,12,6,6
Deepcarver,tichondrius,576,hunter,beastmastery,12,6,6
Grànd,tortheldrin,576,hunter,beastmastery,12,6,6
Arraza,ragnaros,576,hunter,beastmastery,16,7,9
Nishinos,tichondrius,576,hunter,beastmastery,18,6,12
Kanta,bleeding-hollow,576,hunter,beastmastery,18,6,12
Chrise,darkspear,575,hunter,beastmastery,6,6,0
Yembohi,queldorei,575,hunter,beastmastery,12,6,6
Bobbysmurica,cenarion-circle,575,hunter,beastmastery,12,6,6
Gwarnar,stormrage,575,hunter,beastmastery,12,6,6
Yobby,area-52,575,hunter,beastmastery,12,6,6
Arcticuz,aegwynn,574,hunter,beastmastery,12,6,6
Massivattack,skullcrusher,573,hunter,beastmastery,18,6,12
Pewpewd,tichondrius,572,hunter,beastmastery,12,6,6
Benryats,area-52,569,hunter,beastmastery,15,7,8
Shootsb,tichondrius,544,hunter,beastmastery,22,6,16
Brokenstars,illidan,525,hunter,beastmastery,17,6,11
Saltz,tichondrius,521,hunter,beastmastery,15,7,8
Ataxyus,area-52,512,hunter,beastmastery,10,6,4
Slêv,frostmourne,480,hunter,beastmastery,6,5,1
Partz,darkspear,480,hunter,beastmastery,6,5,1
Tèrrabite,sargeras,480,hunter,beastmastery,6,5,1
Trappxy,sargeras,480,hunter,beastmastery,6,5,1
Tukki,quelthalas,480,hunter,beastmastery,6,5,1
Yonzo,area-52,480,hunter,beastmastery,6,5,1
Megahuntard,bleeding-hollow,480,hunter,beastmastery,6,5,1
Plsnobanmee,frostmourne,480,hunter,beastmastery,6,5,1
Aggargh,baelgun,480,hunter,beastmastery,6,5,1
Varka,area-52,480,hunter,beastmastery,6,5,1
Brokensnipez,area-52,480,hunter,beastmastery,6,5,1
Beasting,moon-guard,480,hunter,beastmastery,6,5,1
Squishasf,tichondrius,480,hunter,beastmastery,6,5,1
Freebeë,area-52,480,hunter,beastmastery,6,5,1
Jillypoo,azralon,480,hunter,beastmastery,6,5,1
Bowzørx,tichondrius,480,hunter,beastmastery,6,5,1
Clydebarro,sargeras,480,hunter,beastmastery,6,5,1
Traptrinket,sargeras,480,hunter,beastmastery,6,5,1
Bulleitrye,illidan,480,hunter,beastmastery,6,5,1
Gejagt,sargeras,480,hunter,beastmastery,6,5,1
Grands,tortheldrin,480,hunter,beastmastery,6,5,1
Çhexmix,kiljaeden,480,hunter,beastmastery,6,5,1
Remièl,frostmourne,480,hunter,beastmastery,6,5,1
Getrekt,azralon,480,hunter,beastmastery,12,5,7
Revbubs,darkspear,480,hunter,beastmastery,12,5,7
Zephanno,sargeras,480,hunter,beastmastery,12,5,7
Heädshöt,malorne,480,hunter,beastmastery,12,5,7
Outfazed,tichondrius,480,hunter,beastmastery,12,5,7
Ydaine,alexstrasza,480,hunter,beastmastery,12,5,7
Xbloody,tichondrius,480,hunter,beastmastery,12,5,7
Yucca,drenden,480,hunter,beastmastery,12,5,7
Bluebow,tichondrius,480,hunter,beastmastery,12,5,7
Genx,frostmane,480,hunter,beastmastery,12,5,7
Mooséhunt,wyrmrest-accord,480,hunter,beastmastery,12,5,7
Ferex,tichondrius,480,hunter,beastmastery,12,5,7
Hyena,kelthuzad,480,hunter,beastmastery,12,5,7
Luckshot,destromath,480,hunter,beastmastery,12,5,7
Kârân,tichondrius,480,hunter,beastmastery,12,5,7
Sinvat,tichondrius,480,hunter,beastmastery,12,5,7
Clinteastwoo,ragnaros,480,hunter,beastmastery,12,5,7
Leyliann,quelthalas,480,hunter,beastmastery,12,5,7
Dj,arygos,480,hunter,beastmastery,12,5,7
Onemoreshot,bleeding-hollow,480,hunter,beastmastery,12,5,7
Emilysamuels,tichondrius,480,hunter,beastmastery,12,5,7
Smexyhunter,moon-guard,480,hunter,beastmastery,12,5,7
Alitharia,nerzhul,480,hunter,beastmastery,18,5,13
Sosaho,sargeras,480,hunter,beastmastery,18,5,13
Chetxs,bleeding-hollow,480,hunter,beastmastery,18,5,13
Huntercry,ragnaros,479,hunter,beastmastery,6,5,1
Strafenshoot,darkspear,479,hunter,beastmastery,6,5,1
Mafghine,malganis,479,hunter,beastmastery,6,5,1
Zpax,area-52,479,hunter,beastmastery,6,5,1
Deadlyattack,barthilas,479,hunter,beastmastery,12,5,7
Riivali,quelthalas,479,hunter,beastmastery,12,5,7
Shoya,nerzhul,479,hunter,beastmastery,12,5,7
Blimpbooty,stormrage,479,hunter,beastmastery,12,5,7
Bepee,auchindoun,478,hunter,beastmastery,18,6,12
Jîa,tichondrius,448,hunter,beastmastery,10,5,5
Gunther,korgath,447,hunter,beastmastery,11,5,6
Vuur,korialstrasz,447,hunter,beastmastery,19,6,13
Kargathx,ragnaros,431,hunter,beastmastery,11,5,6
Håwkeye,hyjal,429,hunter,beastmastery,9,6,3
Showmakerc,proudmoore,426,hunter,beastmastery,17,6,11
Gandson,fizzcrank,415,hunter,beastmastery,11,5,6
Lenalena,tichondrius,399,hunter,beastmastery,5,5,0
Hunbatz,dalaran,397,hunter,beastmastery,7,5,2
Mannypew,kelthuzad,384,hunter,beastmastery,6,4,2
Mhters,tichondrius,384,hunter,beastmastery,6,4,2
Kyló,sargeras,384,hunter,beastmastery,6,4,2
Fizzpow,blackrock,384,hunter,beastmastery,6,4,2
Huukend,azjolnerub,384,hunter,beastmastery,6,4,2
Yeaheh,area-52,384,hunter,beastmastery,6,4,2
Gorill,tichondrius,384,hunter,beastmastery,6,4,2
Handicrap,tichondrius,384,hunter,beastmastery,6,4,2
Raerdun,bonechewer,384,hunter,beastmastery,6,4,2
Bowrockobama,illidan,384,hunter,beastmastery,6,4,2
Thiccit,illidan,384,hunter,beastmastery,6,4,2
Gammaraven,dalaran,384,hunter,beastmastery,6,4,2
Exitwoundz,hyjal,384,hunter,beastmastery,6,4,2
Kong,tichondrius,384,hunter,beastmastery,6,4,2
Shinhyez,tichondrius,384,hunter,beastmastery,6,4,2
Sôuleater,moon-guard,384,hunter,beastmastery,6,4,2
Sereom,frostmourne,384,hunter,beastmastery,6,4,2
Tezcâtlipocâ,sargeras,384,hunter,beastmastery,6,4,2
Tangoda,tichondrius,384,hunter,beastmastery,6,4,2
Heylenny,area-52,384,hunter,beastmastery,6,4,2
Kapukapu,illidan,384,hunter,beastmastery,6,4,2
Despise,frostmourne,384,hunter,beastmastery,6,4,2
Laras,blades-edge,384,hunter,beastmastery,6,4,2
Setepalms,azralon,384,hunter,beastmastery,6,4,2
Mambothehunt,stormrage,384,hunter,beastmastery,6,4,2
Vindication,ysera,384,hunter,beastmastery,6,4,2
Jerso,zuljin,384,hunter,beastmastery,6,4,2
Infatuatedx,moon-guard,384,hunter,beastmastery,6,4,2
Naxhunter,stormrage,384,hunter,beastmastery,6,4,2
Energiser,stormrage,384,hunter,beastmastery,6,4,2
Zarnick,frostwolf,384,hunter,beastmastery,6,4,2
Actioh,stormrage,384,hunter,beastmastery,6,4,2
Teneightt,tichondrius,384,hunter,beastmastery,9,5,4
Frostyarrow,moon-guard,384,hunter,beastmastery,11,5,6
Rycksanches,quelthalas,384,hunter,beastmastery,10,4,6
Flacidhunter,kelthuzad,384,hunter,beastmastery,12,4,8
Katiepie,frostmourne,384,hunter,beastmastery,12,4,8
Bangerzx,stormrage,384,hunter,beastmastery,12,4,8
Grumaku,area-52,384,hunter,beastmastery,12,4,8
Bowreckage,malganis,384,hunter,beastmastery,12,4,8
Morbow,proudmoore,384,hunter,beastmastery,12,4,8
Iililillilii,tichondrius,384,hunter,beastmastery,12,4,8
Ketulirantle,azralon,384,hunter,beastmastery,12,4,8
Xcisiion,nagrand,384,hunter,beastmastery,12,4,8
Devastavi,proudmoore,384,hunter,beastmastery,12,4,8
Swang,kiljaeden,384,hunter,beastmastery,12,4,8
Shaevie,lothar,384,hunter,beastmastery,12,4,8
Mvpwonder,frostmourne,384,hunter,beastmastery,12,4,8
Cndavyjones,akama,384,hunter,beastmastery,12,4,8
Pãrzival,tichondrius,384,hunter,beastmastery,12,4,8
Elywen,alexstrasza,384,hunter,beastmastery,12,4,8
Ðevil,ragnaros,384,hunter,beastmastery,12,4,8
Saharä,illidan,384,hunter,beastmastery,12,4,8
Beastmunster,frostmourne,384,hunter,beastmastery,12,4,8
Sèasons,tichondrius,384,hunter,beastmastery,15,4,11
Ruffini,tichondrius,384,hunter,beastmastery,18,4,14
Bboo,bonechewer,383,hunter,beastmastery,6,4,2
Eeremm,drakkari,383,hunter,beastmastery,6,4,2
Böwjøb,illidan,383,hunter,beastmastery,12,4,8
Beatnyou,tichondrius,383,hunter,beastmastery,12,4,8
Vastiks,dalaran,382,hunter,beastmastery,14,4,10
Rairin,tichondrius,381,hunter,beastmastery,12,4,8
Euclase,bleeding-hollow,377,hunter,beastmastery,11,6,5
Sadarrow,frostmourne,334,hunter,beastmastery,11,4,7
Toxarch,aggramar,288,hunter,beastmastery,6,3,3
Kaizong,hyjal,288,hunter,beastmastery,6,3,3
Tacos,kelthuzad,288,hunter,beastmastery,6,3,3
Nobito,quelthalas,288,hunter,beastmastery,6,3,3
Gølin,aerie-peak,288,hunter,beastmastery,6,3,3
Perfectcrit,area-52,288,hunter,beastmastery,6,3,3
Braxigarr,area-52,288,hunter,beastmastery,6,3,3
Nytefell,skullcrusher,288,hunter,beastmastery,6,3,3
Deahtgab,ragnaros,288,hunter,beastmastery,6,3,3
Trixex,darkspear,288,hunter,beastmastery,6,3,3
Shøz,wyrmrest-accord,288,hunter,beastmastery,6,3,3
Lashga,wyrmrest-accord,288,hunter,beastmastery,6,3,3
Adapted,proudmoore,288,hunter,beastmastery,6,3,3
Comebacks,ragnaros,288,hunter,beastmastery,6,3,3
Aldurion,wyrmrest-accord,288,hunter,beastmastery,6,3,3
Evilblammo,thorium-brotherhood,288,hunter,beastmastery,6,3,3
Playnogames,moon-guard,288,hunter,beastmastery,6,3,3
Ljai,gilneas,288,hunter,beastmastery,6,3,3
Sunchea,arygos,288,hunter,beastmastery,6,3,3
Vicluvv,stormrage,288,hunter,beastmastery,6,3,3
Wannakill,stormrage,288,hunter,beastmastery,6,3,3
Emmihunt,tichondrius,288,hunter,beastmastery,6,3,3
Tus,tichondrius,288,hunter,beastmastery,6,3,3
Mogradme,shadowsong,288,hunter,beastmastery,6,3,3
Xerosa,emerald-dream,288,hunter,beastmastery,6,3,3
Norgalys,proudmoore,288,hunter,beastmastery,6,3,3
Terrygross,sargeras,288,hunter,beastmastery,6,3,3
Gennaro,ragnaros,288,hunter,beastmastery,6,3,3
Mynds,stormrage,288,hunter,beastmastery,6,3,3
Huntinpuss,tichondrius,288,hunter,beastmastery,6,3,3
Thirtyeight,blades-edge,288,hunter,beastmastery,6,3,3
Bro,malorne,288,hunter,beastmastery,6,3,3
Chrisp,bloodhoof,288,hunter,beastmastery,6,3,3
Shotmieye,thunderhorn,288,hunter,beastmastery,6,3,3
Bmsurvmm,tichondrius,288,hunter,beastmastery,6,3,3
Lûrtz,aegwynn,288,hunter,beastmastery,6,3,3
Fish,darkspear,288,hunter,beastmastery,6,3,3
Therealgam,the-underbog,288,hunter,beastmastery,6,3,3
Wanshöt,tichondrius,288,hunter,beastmastery,6,3,3
Cummis,skullcrusher,288,hunter,beastmastery,6,3,3
Kinete,proudmoore,288,hunter,beastmastery,6,3,3
Mehontar,area-52,288,hunter,beastmastery,6,3,3
Hollowhunt,sentinels,288,hunter,beastmastery,6,3,3
Mastasnipa,illidan,288,hunter,beastmastery,6,3,3
Xxo,frostmourne,288,hunter,beastmastery,6,3,3
Shablagoosh,zuljin,288,hunter,beastmastery,6,3,3
Liarael,illidan,288,hunter,beastmastery,6,3,3
Cefla,illidan,288,hunter,beastmastery,6,3,3
Vikshen,illidan,288,hunter,beastmastery,6,3,3
Firskin,frostmourne,288,hunter,beastmastery,6,3,3
Saynice,warsong,288,hunter,beastmastery,6,3,3
Teaa,dalaran,288,hunter,beastmastery,6,3,3
Cluhaywood,zuljin,288,hunter,beastmastery,6,3,3
Liadrelle,proudmoore,288,hunter,beastmastery,9,4,5
Thiande,zuljin,288,hunter,beastmastery,12,3,9
Toozz,frostmourne,288,hunter,beastmastery,12,3,9
Kharthorin,moon-guard,288,hunter,beastmastery,12,3,9
Rice,veknilash,288,hunter,beastmastery,12,3,9
Darthski,drenden,288,hunter,beastmastery,12,3,9
Lastanar,amanthul,288,hunter,beastmastery,12,3,9
Beastbaal,sargeras,288,hunter,beastmastery,12,3,9
Legoflaiz,drakkari,288,hunter,beastmastery,12,3,9
Nikå,ragnaros,288,hunter,beastmastery,12,3,9
Brendie,thrall,288,hunter,beastmastery,12,3,9
Harÿn,nemesis,288,hunter,beastmastery,12,3,9
Dodirty,laughing-skull,288,hunter,beastmastery,12,3,9
Löö,arthas,288,hunter,beastmastery,17,3,14
Vendortrash,aggramar,287,hunter,beastmastery,6,3,3
Arin,suramar,287,hunter,beastmastery,12,3,9
Bluehead,emerald-dream,286,hunter,beastmastery,6,3,3
Darkally,blades-edge,285,hunter,beastmastery,12,3,9
Tearsofnoobs,tichondrius,255,hunter,beastmastery,9,4,5
Pokeyourbutt,hydraxis,240,hunter,beastmastery,15,3,12
Diisdik,tichondrius,239,hunter,beastmastery,5,3,2
Zullypewpew,alexstrasza,239,hunter,beastmastery,5,3,2
Llachiip,zuljin,192,hunter,beastmastery,4,3,1
Hurak,elune,192,hunter,beastmastery,6,2,4
Warplaquee,zuljin,192,hunter,beastmastery,6,2,4
Camfeed,illidan,192,hunter,beastmastery,6,2,4
Rikitiki,bleeding-hollow,192,hunter,beastmastery,6,2,4
Ariais,zangarmarsh,192,hunter,beastmastery,6,2,4
Shådé,stormrage,192,hunter,beastmastery,6,2,4
Alochol,vashj,192,hunter,beastmastery,6,2,4
Fjdominador,azralon,192,hunter,beastmastery,6,2,4
Nevon,azralon,192,hunter,beastmastery,6,2,4
Verzoz,illidan,192,hunter,beastmastery,6,2,4
Arteene,illidan,192,hunter,beastmastery,6,2,4
Flitt,zuljin,192,hunter,beastmastery,6,2,4
Køk,agamaggan,192,hunter,beastmastery,6,2,4
Twoshotz,stormrage,192,hunter,beastmastery,6,2,4
Equipmunk,arthas,192,hunter,beastmastery,6,2,4
Mugiwara,frostwolf,192,hunter,beastmastery,6,2,4
Nahzah,stormrage,192,hunter,beastmastery,6,2,4
Sativ,moknathal,192,hunter,beastmastery,6,2,4
Csantana,sargeras,192,hunter,beastmastery,6,2,4
Impërïum,zuljin,192,hunter,beastmastery,6,2,4
Notoffended,sargeras,192,hunter,beastmastery,6,2,4
Ganderion,sargeras,192,hunter,beastmastery,6,2,4
Lazygnome,azshara,192,hunter,beastmastery,6,2,4
Snoozee,emerald-dream,192,hunter,beastmastery,6,2,4
Atheranni,azralon,192,hunter,beastmastery,6,2,4
Snoogen,illidan,192,hunter,beastmastery,6,2,4
Noxura,illidan,192,hunter,beastmastery,6,2,4
Sunflwerdawn,emerald-dream,192,hunter,beastmastery,6,2,4
Ussy,area-52,192,hunter,beastmastery,6,2,4
Toross,stormscale,192,hunter,beastmastery,6,2,4
Hüh,area-52,192,hunter,beastmastery,6,2,4
Etarie,malganis,192,hunter,beastmastery,6,2,4
Nanotorque,moon-guard,192,hunter,beastmastery,6,2,4
Neverwipes,frostmourne,192,hunter,beastmastery,6,2,4
Blickymon,wyrmrest-accord,192,hunter,beastmastery,6,2,4
Pressbro,tichondrius,192,hunter,beastmastery,6,2,4
Hìrcine,nesingwary,192,hunter,beastmastery,6,2,4
Rooman,ragnaros,192,hunter,beastmastery,6,2,4
Cufless,proudmoore,192,hunter,beastmastery,6,2,4
Shootermgavn,frostmourne,192,hunter,beastmastery,6,2,4
Alikay,ragnaros,192,hunter,beastmastery,6,2,4
Caligar,tichondrius,192,hunter,beastmastery,6,2,4
Xavííer,tichondrius,192,hunter,beastmastery,6,2,4
Doves,wyrmrest-accord,192,hunter,beastmastery,6,2,4
Tigglyjits,tichondrius,192,hunter,beastmastery,6,2,4
Rhyzen,drenden,192,hunter,beastmastery,6,2,4
Kansolly,tichondrius,192,hunter,beastmastery,6,2,4
Chømp,tichondrius,192,hunter,beastmastery,6,2,4
Twocranes,tichondrius,192,hunter,beastmastery,6,2,4
Eastwood,tichondrius,192,hunter,beastmastery,6,2,4
Sungoro,tichondrius,192,hunter,beastmastery,6,2,4
Autoshotxprt,frostmourne,192,hunter,beastmastery,6,2,4
Hötdôg,kiljaeden,192,hunter,beastmastery,6,2,4
Frìtz,barthilas,192,hunter,beastmastery,6,2,4
Nerfthepet,blackrock,192,hunter,beastmastery,6,2,4
Gunwalk,azjolnerub,192,hunter,beastmastery,6,2,4
Zoopdapoop,dalaran,192,hunter,beastmastery,6,2,4
Lrnb,tichondrius,192,hunter,beastmastery,6,2,4
Ratfood,tichondrius,192,hunter,beastmastery,6,2,4
Xeriife,stormrage,192,hunter,beastmastery,7,2,5
Arrowzpeckt,tichondrius,192,hunter,beastmastery,12,2,10
Somethinggo,tichondrius,192,hunter,beastmastery,12,2,10
Khabul,area-52,192,hunter,beastmastery,12,2,10
Malthiz,antonidas,191,hunter,beastmastery,6,2,4
Glizzys,cairne,191,hunter,beastmastery,6,2,4
Aiilton,gallywix,191,hunter,beastmastery,6,2,4
Zock,lothar,160,hunter,beastmastery,10,2,8
Skrìms,tichondrius,159,hunter,beastmastery,5,2,3
Busch,blood-furnace,159,hunter,beastmastery,5,2,3
Alaurys,moon-guard,159,hunter,beastmastery,5,2,3
Studiosx,tichondrius,159,hunter,beastmastery,5,2,3
Faniquitinha,stormrage,159,hunter,beastmastery,12,2,10
Szone,tichondrius,138,hunter,beastmastery,12,3,9
Gufanyaun,tichondrius,128,hunter,beastmastery,4,2,2
Laviè,tichondrius,112,hunter,beastmastery,4,3,1
Nakyash,ragnaros,96,hunter,beastmastery,3,2,1
Katherìnelol,tichondrius,96,hunter,beastmastery,3,2,1
Böuntyhuntêr,area-52,96,hunter,beastmastery,6,1,5
Revö,area-52,96,hunter,beastmastery,6,1,5
Cophunter,tichondrius,96,hunter,beastmastery,6,1,5
Oldmandave,stormrage,96,hunter,beastmastery,6,1,5
Robious,tichondrius,96,hunter,beastmastery,6,1,5
Darkhunterr,tichondrius,96,hunter,beastmastery,6,1,5
Memënto,barthilas,96,hunter,beastmastery,6,1,5
Espaada,tichondrius,96,hunter,beastmastery,6,1,5
Darksector,nemesis,96,hunter,beastmastery,6,1,5
Cocobread,stormreaver,96,hunter,beastmastery,6,1,5
Båttousai,kiljaeden,96,hunter,beastmastery,6,1,5
Nachtcloverr,stormrage,96,hunter,beastmastery,6,1,5
Poonbaddy,kiljaeden,96,hunter,beastmastery,6,1,5
Bertiebott,zuljin,96,hunter,beastmastery,6,1,5
Boido,ghostlands,96,hunter,beastmastery,6,1,5
Jabbar,bleeding-hollow,96,hunter,beastmastery,6,1,5
Xcopel,azralon,96,hunter,beastmastery,6,1,5
Muckenfoose,frostmourne,96,hunter,beastmastery,6,1,5
Panm,runetotem,96,hunter,beastmastery,6,1,5
Bigpie,daggerspine,96,hunter,beastmastery,6,1,5
Dusle,azralon,96,hunter,beastmastery,6,1,5
Drakku,zuljin,96,hunter,beastmastery,6,1,5
Dampteeth,sargeras,96,hunter,beastmastery,6,1,5
Àléç,mannoroth,96,hunter,beastmastery,6,1,5
Rexxiga,kiljaeden,96,hunter,beastmastery,6,1,5
Falesta,sargeras,96,hunter,beastmastery,6,1,5
Spitballa,emerald-dream,96,hunter,beastmastery,6,1,5
Tozier,destromath,96,hunter,beastmastery,6,1,5
Xclaw,llane,96,hunter,beastmastery,6,1,5
Percival,firetree,96,hunter,beastmastery,6,1,5
Bendotexe,stormrage,96,hunter,beastmastery,7,1,6
Crounzz,sargeras,96,hunter,beastmastery,12,1,11
Hetaya,lightninghoof,79,hunter,beastmastery,11,1,10
Onihanzo,thrall,63,hunter,beastmastery,2,2,0
Montano,area-52,63,hunter,beastmastery,2,2,0
Yory,tol-barad,48,hunter,beastmastery,3,1,2
Bowjoblul,stormrage,42,hunter,beastmastery,9,2,7
Headshotzplz,tichondrius,42,hunter,beastmastery,11,2,9
Qpoc,tichondrius,31,hunter,beastmastery,2,1,1
Dadhatesme,stormrage,31,hunter,beastmastery,2,1,1
Zennifi,bleeding-hollow,31,hunter,beastmastery,2,1,1
Numbing,sargeras,2233,mage,arcane,100,54,46
Hallat,archimonde,1948,mage,arcane,54,33,21
Junglejape,tichondrius,1881,mage,arcane,48,31,17
Cvark,sargeras,1881,mage,arcane,53,32,21
Vampìrelolz,tichondrius,1809,mage,arcane,48,26,22
Venruki,tichondrius,1792,mage,arcane,38,21,17
Clutchy,gorefiend,1672,mage,arcane,42,29,13
Proximalol,tichondrius,1610,mage,arcane,36,20,16
Bíscuít,illidan,1595,mage,arcane,34,18,16
Lucidaze,daggerspine,1575,mage,arcane,44,24,20
Agoniey,illidan,1553,mage,arcane,47,24,23
Felsparkles,area-52,1438,mage,arcane,30,16,14
Strêss,kelthuzad,1416,mage,arcane,40,24,16
Nyj,tichondrius,1362,mage,arcane,23,15,8
Elfmage,tichondrius,1338,mage,arcane,24,14,10
Ligmmah,stormrage,1335,mage,arcane,24,14,10
Dbox,stormscale,1318,mage,arcane,30,14,16
Chëryl,proudmoore,1267,mage,arcane,52,24,28
Gryd,area-52,1173,mage,arcane,33,19,14
Magecombe,thrall,1151,mage,arcane,18,12,6
Ktp,tichondrius,1151,mage,arcane,24,12,12
Zps,illidan,1147,mage,arcane,24,12,12
Thewizârd,stormrage,1144,mage,arcane,54,28,26
Zhanna,nazjatar,1142,mage,arcane,30,12,18
Antifreezex,tichondrius,1135,mage,arcane,29,16,13
Spellsteål,malganis,1055,mage,arcane,12,11,1
Perrc,area-52,1050,mage,arcane,24,11,13
Astrojrue,sargeras,1049,mage,arcane,23,11,12
Melkdud,wyrmrest-accord,960,mage,arcane,18,10,8
Haze,hyjal,955,mage,arcane,18,10,8
Orderlight,alexstrasza,954,mage,arcane,24,10,14
Jedamere,proudmoore,953,mage,arcane,18,10,8
Raeign,frostmourne,934,mage,arcane,55,24,31
Draell,drakkari,918,mage,arcane,17,10,7
Dietdeww,borean-tundra,913,mage,arcane,18,10,8
Szrp,stormrage,891,mage,arcane,23,10,13
Jazzgroyper,sargeras,864,mage,arcane,18,9,9
Linkolni,azralon,861,mage,arcane,18,9,9
Klausgc,sargeras,799,mage,arcane,14,9,5
Sestren,zuljin,768,mage,arcane,12,8,4
Fakebusiness,area-52,767,mage,arcane,18,8,10
Véyda,emerald-dream,766,mage,arcane,12,8,4
Archtype,azralon,764,mage,arcane,18,8,10
Smoks,stormrage,701,mage,arcane,20,9,11
Delibro,tichondrius,672,mage,arcane,10,8,2
Ruzam,area-52,671,mage,arcane,18,7,11
Lünå,onyxia,670,mage,arcane,12,7,5
Warthormage,stormrage,670,mage,arcane,12,7,5
Wizzyx,illidan,639,mage,arcane,16,8,8
Enthy,frostmourne,576,mage,arcane,12,6,6
Bananappeal,kelthuzad,576,mage,arcane,18,6,12
Cassanara,moon-guard,574,mage,arcane,12,6,6
Enfuegoe,tichondrius,571,mage,arcane,12,6,6
Waef,quelthalas,571,mage,arcane,12,6,6
Esien,tichondrius,522,mage,arcane,20,7,13
Avandal,proudmoore,480,mage,arcane,6,5,1
Watchmepog,tichondrius,480,mage,arcane,6,5,1
Jööz,deathwing,480,mage,arcane,12,5,7
Exterminatüs,tichondrius,480,mage,arcane,12,5,7
Sceledrus,quelthalas,479,mage,arcane,12,5,7
Fredcouples,tichondrius,384,mage,arcane,6,4,2
Magicos,frostmourne,384,mage,arcane,6,4,2
Wanming,tichondrius,384,mage,arcane,6,4,2
Parapio,tichondrius,384,mage,arcane,6,4,2
Garrieto,sargeras,384,mage,arcane,6,4,2
Cyphen,proudmoore,384,mage,arcane,6,4,2
Tuggernaug,malganis,384,mage,arcane,6,4,2
Dogmagetw,tichondrius,384,mage,arcane,6,4,2
Morkleen,korgath,384,mage,arcane,12,4,8
Hogslop,saurfang,384,mage,arcane,12,4,8
Bigbuttangel,borean-tundra,384,mage,arcane,12,4,8
Oyagi,moon-guard,383,mage,arcane,12,4,8
Adrazell,sargeras,288,mage,arcane,6,3,3
Wauzcrol,quelthalas,288,mage,arcane,6,3,3
Ankidar,quelthalas,288,mage,arcane,6,3,3
Skywalkerino,azralon,288,mage,arcane,6,3,3
Heflash,azralon,288,mage,arcane,6,3,3
Milfmaster,aerie-peak,288,mage,arcane,6,3,3
Eludin,aegwynn,288,mage,arcane,6,3,3
Myrondor,tichondrius,288,mage,arcane,6,3,3
Jizzlez,tichondrius,288,mage,arcane,6,3,3
Watchmesleep,tichondrius,288,mage,arcane,6,3,3
Mageyoulooks,kelthuzad,288,mage,arcane,6,3,3
Themagicman,whisperwind,288,mage,arcane,6,3,3
Aeghis,stormrage,288,mage,arcane,6,3,3
Elux,whisperwind,288,mage,arcane,12,3,9
Matmagic,drakkari,288,mage,arcane,13,3,10
Kryptekk,area-52,287,mage,arcane,6,3,3
Etyx,tichondrius,239,mage,arcane,5,3,2
Airbnb,area-52,239,mage,arcane,5,3,2
Fakelovè,area-52,192,mage,arcane,6,2,4
Blastgodx,stormrage,192,mage,arcane,6,2,4
Kevymarts,tichondrius,192,mage,arcane,6,2,4
Xpez,stormrage,192,mage,arcane,6,2,4
Vengx,tichondrius,192,mage,arcane,6,2,4
Tsarevich,fizzcrank,192,mage,arcane,6,2,4
Dereliction,nagrand,192,mage,arcane,6,2,4
Windwìtch,quelthalas,192,mage,arcane,6,2,4
Mymaage,andorhal,192,mage,arcane,6,2,4
Opiumlord,tichondrius,192,mage,arcane,6,2,4
Akunimon,ragnaros,192,mage,arcane,6,2,4
Crinkit,frostmourne,192,mage,arcane,6,2,4
Bambambilly,kelthuzad,192,mage,arcane,12,2,10
Merlon,dalaran,191,mage,arcane,6,2,4
Sherian,queldorei,191,mage,arcane,6,2,4
Coldrin,tichondrius,96,mage,arcane,6,1,5
Nazztwren,bleeding-hollow,96,mage,arcane,6,1,5
Pollybot,tichondrius,96,mage,arcane,6,1,5
Smôl,emerald-dream,96,mage,arcane,6,1,5
Ignit,stormrage,96,mage,arcane,6,1,5
Needmyvape,moon-guard,96,mage,arcane,6,1,5
Unlike,sargeras,96,mage,arcane,6,1,5
Greaterbust,tichondrius,96,mage,arcane,12,1,11
Whiterice,zuljin,63,mage,arcane,2,2,0
Setback,illidan,2122,mage,fire,138,69,69
Talibandzx,sargeras,2115,mage,fire,75,38,37
Kasperkar,illidan,2044,mage,fire,126,66,60
Valériemeow,tichondrius,1904,mage,fire,73,34,39
Taylorlol,tichondrius,1891,mage,fire,66,33,33
Creaystar,area-52,1843,mage,fire,66,37,29
Yaya,kargath,1839,mage,fire,60,32,28
Vampìrelolz,tichondrius,1828,mage,fire,47,25,22
Hansol,farstriders,1820,mage,fire,30,19,11
Xiaoxiaochu,tichondrius,1810,mage,fire,54,38,16
Poundcakezx,tichondrius,1802,mage,fire,42,22,20
Udmx,zuljin,1776,mage,fire,36,20,16
Csx,turalyon,1767,mage,fire,90,50,40
Ksmackm,illidan,1735,mage,fire,53,27,26
Trippy,senjin,1686,mage,fire,54,29,25
Tuniepop,sargeras,1627,mage,fire,42,22,20
Pyroshima,barthilas,1622,mage,fire,42,24,18
Ligmmah,stormrage,1615,mage,fire,36,22,14
Garbagemage,barthilas,1602,mage,fire,60,33,27
Icetomeetyu,bleeding-hollow,1600,mage,fire,36,19,17
Jardz,area-52,1597,mage,fire,42,21,21
Horoba,sargeras,1596,mage,fire,48,19,29
Ròÿ,area-52,1592,mage,fire,36,19,17
Juju,tichondrius,1584,mage,fire,33,21,12
Fwooshinator,malganis,1574,mage,fire,36,29,7
Dáddyshark,sargeras,1563,mage,fire,51,21,30
Sorcerous,bloodhoof,1558,mage,fire,42,24,18
Ålmøst,tichondrius,1544,mage,fire,35,26,9
Bighot,tichondrius,1540,mage,fire,66,36,30
Singheart,tichondrius,1510,mage,fire,66,33,33
Teetems,sargeras,1506,mage,fire,54,27,27
Hööva,illidan,1483,mage,fire,59,32,27
Xs,stormrage,1476,mage,fire,54,31,23
Imannoyingha,darkspear,1459,mage,fire,53,26,27
Sparklepoof,tichondrius,1449,mage,fire,29,17,12
Bettybonk,cenarius,1449,mage,fire,42,20,22
Trolson,sargeras,1437,mage,fire,36,16,20
Smallbrainz,emerald-dream,1428,mage,fire,24,16,8
Pootysmooch,sargeras,1418,mage,fire,24,15,9
Eazzybaby,eredar,1412,mage,fire,36,23,13
Badaszbich,tichondrius,1406,mage,fire,30,19,11
Leonr,tichondrius,1395,mage,fire,35,21,14
Ruzam,area-52,1394,mage,fire,60,28,32
Wotl,tichondrius,1360,mage,fire,32,16,16
Mager,dentarg,1356,mage,fire,33,20,13
Mushys,stormrage,1353,mage,fire,25,15,10
Snoogma,illidan,1339,mage,fire,18,14,4
Murcury,tichondrius,1336,mage,fire,42,16,26
Myrondor,tichondrius,1332,mage,fire,18,14,4
Fookz,malganis,1328,mage,fire,24,14,10
Holbrook,greymane,1316,mage,fire,43,21,22
Abzy,sargeras,1292,mage,fire,30,16,14
Smigui,azralon,1290,mage,fire,45,19,26
Feogato,proudmoore,1267,mage,fire,42,21,21
Fíery,blades-edge,1261,mage,fire,48,22,26
Finnabust,laughing-skull,1260,mage,fire,17,14,3
Magekylex,proudmoore,1253,mage,fire,24,14,10
Rmxd,malganis,1245,mage,fire,24,13,11
Zoryack,azralon,1244,mage,fire,24,13,11
Firewreckage,malganis,1243,mage,fire,30,13,17
Sakurai,tichondrius,1242,mage,fire,18,13,5
Politeness,tichondrius,1233,mage,fire,24,13,11
Waffles,ravencrest,1227,mage,fire,30,13,17
Zinnos,tichondrius,1218,mage,fire,30,13,17
Archtype,azralon,1217,mage,fire,18,13,5
Vcamusorz,tichondrius,1215,mage,fire,22,13,9
Genthruz,ragnaros,1205,mage,fire,30,14,16
Esfire,frostmourne,1184,mage,fire,42,20,22
Maxvila,kelthuzad,1152,mage,fire,18,12,6
Lolololololo,kelthuzad,1144,mage,fire,24,12,12
Worldonfire,ragnaros,1141,mage,fire,24,12,12
Wawakun,ragnaros,1139,mage,fire,24,14,10
Adronicus,tichondrius,1136,mage,fire,18,12,6
Gnarwallx,stormrage,1132,mage,fire,30,12,18
Christjan,tichondrius,1112,mage,fire,47,21,26
Gempette,tichondrius,1095,mage,fire,23,12,11
Younghehe,tichondrius,1085,mage,fire,20,12,8
Sánzunokawa,quelthalas,1075,mage,fire,21,14,7
Kjuuler,moon-guard,1056,mage,fire,18,11,7
Likebutter,tichondrius,1055,mage,fire,12,11,1
Fruitdealerr,tichondrius,1053,mage,fire,18,11,7
Cinns,moon-guard,1051,mage,fire,24,11,13
Wazzerd,moon-guard,1050,mage,fire,24,11,13
Purpledrank,nagrand,1049,mage,fire,24,11,13
Jizzlez,tichondrius,1048,mage,fire,24,11,13
Garungar,antonidas,1045,mage,fire,18,11,7
Jjijuns,tichondrius,1041,mage,fire,34,13,21
Guccilaflur,proudmoore,1038,mage,fire,21,11,10
Dragonie,nordrassil,1026,mage,fire,24,11,13
Alzagen,ragnaros,967,mage,fire,19,11,8
Endmepls,ysera,965,mage,fire,96,40,56
Opisop,kelthuzad,960,mage,fire,18,10,8
Käxs,ragnaros,960,mage,fire,18,10,8
Starxen,tichondrius,960,mage,fire,18,10,8
Volkazar,sargeras,960,mage,fire,21,11,10
Mudohir,stormrage,959,mage,fire,18,10,8
Osh,malorne,957,mage,fire,24,10,14
Abstractgoat,tichondrius,943,mage,fire,24,12,12
Lilbabyx,stormrage,893,mage,fire,20,10,10
Dorkski,bleeding-hollow,884,mage,fire,31,11,20
Slumpgodd,frostmourne,863,mage,fire,18,9,9
Fryry,dalaran,860,mage,fire,24,9,15
Freez,garona,858,mage,fire,21,10,11
Gadalka,frostmourne,857,mage,fire,18,9,9
Senegau,azralon,832,mage,fire,18,9,9
Strêss,kelthuzad,830,mage,fire,14,10,4
Schwenkyy,sargeras,829,mage,fire,26,10,16
Dánó,lightbringer,819,mage,fire,26,10,16
Leaso,tichondrius,812,mage,fire,21,9,12
Lightsoran,tichondrius,768,mage,fire,12,8,4
Kraxos,stormrage,768,mage,fire,12,8,4
Iceward,frostmourne,768,mage,fire,12,8,4
Daddymayhem,proudmoore,768,mage,fire,18,8,10
Fleët,tichondrius,767,mage,fire,12,8,4
Kawailenard,tichondrius,767,mage,fire,12,8,4
Xzilence,aerie-peak,766,mage,fire,18,8,10
Orianne,windrunner,750,mage,fire,12,8,4
Nazmagus,hydraxis,718,mage,fire,11,8,3
Anàrchy,emerald-dream,718,mage,fire,15,8,7
Aeghis,stormrage,672,mage,fire,12,7,5
Highms,stormrage,672,mage,fire,12,7,5
Squantanimo,shadowmoon,672,mage,fire,12,7,5
Gohonn,emerald-dream,672,mage,fire,12,7,5
Dexpy,tichondrius,672,mage,fire,12,7,5
Undeadmerlin,zuljin,672,mage,fire,12,7,5
Tuggernaug,malganis,672,mage,fire,12,7,5
Ööf,emerald-dream,672,mage,fire,12,7,5
Salvick,emerald-dream,672,mage,fire,12,7,5
Helcarwen,area-52,671,mage,fire,12,7,5
Lucidaze,daggerspine,671,mage,fire,12,7,5
Ásune,moon-guard,671,mage,fire,12,7,5
Zulugara,barthilas,670,mage,fire,12,7,5
Dojacute,frostmourne,623,mage,fire,11,7,4
Grymorum,ragnaros,576,mage,fire,6,6,0
Vastlord,stormrage,576,mage,fire,12,6,6
Darkisfrosty,tichondrius,576,mage,fire,12,6,6
Alunarassra,area-52,576,mage,fire,12,6,6
Albbano,tichondrius,576,mage,fire,12,6,6
Wakamage,area-52,576,mage,fire,12,6,6
Shimmerpoly,sargeras,576,mage,fire,12,6,6
Magination,frostmourne,576,mage,fire,12,6,6
Sorankim,tichondrius,576,mage,fire,18,6,12
Halfsquad,malfurion,575,mage,fire,12,6,6
Spellpowa,khaz-modan,574,mage,fire,12,6,6
Bàttlemage,nagrand,567,mage,fire,12,6,6
Ashex,moon-guard,559,mage,fire,18,7,11
Mongomike,stormrage,527,mage,fire,15,6,9
Babysharky,uther,512,mage,fire,16,6,10
Youezdawg,tichondrius,480,mage,fire,6,5,1
Hocusjokus,frostmourne,480,mage,fire,6,5,1
Ñïz,bleeding-hollow,480,mage,fire,6,5,1
Mariomario,tichondrius,480,mage,fire,6,5,1
Streetember,nemesis,480,mage,fire,6,5,1
Dìus,malganis,480,mage,fire,12,5,7
Zerosaspect,thrall,480,mage,fire,12,5,7
Epod,illidan,480,mage,fire,12,5,7
Kevymarts,tichondrius,480,mage,fire,12,5,7
Baida,kelthuzad,480,mage,fire,12,5,7
Jikario,zuljin,480,mage,fire,12,5,7
Charkoalzz,moon-guard,480,mage,fire,12,5,7
Stimml,blood-furnace,480,mage,fire,12,5,7
Arishasis,tichondrius,480,mage,fire,12,5,7
Kqlyy,tichondrius,480,mage,fire,12,5,7
Ashenlad,moon-guard,480,mage,fire,12,5,7
Arrcadia,darkspear,480,mage,fire,12,5,7
Marajaade,tichondrius,480,mage,fire,15,6,9
Tunax,tichondrius,480,mage,fire,18,5,13
Xannymancan,tichondrius,479,mage,fire,24,5,19
Thxo,hyjal,447,mage,fire,11,5,6
Cinnablast,darkspear,415,mage,fire,8,5,3
Molassess,illidan,400,mage,fire,13,5,8
Fïtz,quelthalas,384,mage,fire,6,4,2
Vazlgs,tichondrius,384,mage,fire,6,4,2
Warpfactor,malganis,384,mage,fire,6,4,2
Biscobush,turalyon,384,mage,fire,6,4,2
Pyröz,kelthuzad,384,mage,fire,6,4,2
Varroc,quelthalas,384,mage,fire,6,4,2
Chainpoly,area-52,384,mage,fire,6,4,2
Flavaflame,mugthol,384,mage,fire,6,4,2
Jazzgroyper,sargeras,384,mage,fire,6,4,2
Asönia,illidan,384,mage,fire,6,4,2
Eekzlol,illidan,384,mage,fire,6,4,2
Pherixsw,stormrage,384,mage,fire,6,4,2
Pollybot,tichondrius,384,mage,fire,6,4,2
Toastedoats,hyjal,384,mage,fire,6,4,2
Haze,hyjal,384,mage,fire,6,4,2
Jundead,dalaran,384,mage,fire,6,4,2
Polymedaddi,tichondrius,384,mage,fire,6,4,2
Velvetlurker,tichondrius,384,mage,fire,6,4,2
Flomin,tichondrius,384,mage,fire,12,4,8
Sahala,frostmourne,384,mage,fire,12,4,8
Dearasian,ragnaros,384,mage,fire,12,4,8
Spookydookie,dark-iron,384,mage,fire,12,4,8
Mageyoulooks,kelthuzad,384,mage,fire,12,4,8
Hogslop,saurfang,384,mage,fire,12,4,8
Galsola,bronzebeard,384,mage,fire,12,4,8
Notini,azralon,384,mage,fire,12,4,8
Linkolni,azralon,384,mage,fire,12,4,8
Gôøglëlòl,nemesis,384,mage,fire,18,4,14
Kronicblast,bleeding-hollow,384,mage,fire,18,4,14
Noyade,illidan,383,mage,fire,6,4,2
Drewzz,tichondrius,383,mage,fire,8,4,4
Soulwiper,illidan,383,mage,fire,17,5,12
Hotjazzfarts,sargeras,382,mage,fire,6,4,2
Yorgøs,ragnaros,288,mage,fire,6,3,3
Shmagee,azralon,288,mage,fire,6,3,3
Osirax,frostmane,288,mage,fire,6,3,3
Frostkage,tichondrius,288,mage,fire,6,3,3
Chez,tichondrius,288,mage,fire,6,3,3
Coolhandz,tichondrius,288,mage,fire,6,3,3
Wickymorph,barthilas,288,mage,fire,6,3,3
Kuther,draenor,288,mage,fire,6,3,3
Rích,tichondrius,288,mage,fire,6,3,3
Othokk,tichondrius,288,mage,fire,6,3,3
Sos,kelthuzad,288,mage,fire,6,3,3
Mirimida,ragnaros,288,mage,fire,6,3,3
Rhunón,dalaran,288,mage,fire,6,3,3
Chilléd,tichondrius,288,mage,fire,6,3,3
Magicmaghar,area-52,288,mage,fire,6,3,3
Toteypotter,frostmourne,288,mage,fire,6,3,3
Vengefuly,tichondrius,288,mage,fire,6,3,3
Xunalatu,frostmourne,288,mage,fire,6,3,3
Xanthan,runetotem,288,mage,fire,6,3,3
Fredcouples,tichondrius,288,mage,fire,6,3,3
Herzthroh,stormrage,288,mage,fire,6,3,3
Ancientmagik,area-52,288,mage,fire,6,3,3
Enthy,frostmourne,288,mage,fire,6,3,3
Jimmyhendrix,wildhammer,288,mage,fire,6,3,3
Aulle,whisperwind,288,mage,fire,6,3,3
Thecorruptor,malorne,288,mage,fire,6,3,3
Missingxx,silvermoon,288,mage,fire,6,3,3
Kyphosis,illidan,288,mage,fire,6,3,3
Eraticmage,illidan,288,mage,fire,6,3,3
Tráshmage,zuljin,288,mage,fire,6,3,3
Ave,anetheron,288,mage,fire,6,3,3
Dmgdaddy,zuljin,288,mage,fire,6,3,3
Mendittorosa,tichondrius,288,mage,fire,12,3,9
Tarmiel,quelthalas,288,mage,fire,12,3,9
Keionti,dalaran,288,mage,fire,12,3,9
Frostyii,stonemaul,287,mage,fire,6,3,3
Alaramaria,sargeras,286,mage,fire,6,3,3
Arcanemain,kargath,286,mage,fire,6,3,3
Gradmage,proudmoore,255,mage,fire,11,3,8
Hositonet,malganis,207,mage,fire,9,3,6
Parruka,warsong,192,mage,fire,6,2,4
Avandal,proudmoore,192,mage,fire,6,2,4
Chickenspank,stormrage,192,mage,fire,6,2,4
Thedodgex,sargeras,192,mage,fire,6,2,4
Ignitex,bleeding-hollow,192,mage,fire,6,2,4
Remana,anvilmar,192,mage,fire,6,2,4
Jööz,deathwing,192,mage,fire,6,2,4
Adrazell,sargeras,192,mage,fire,6,2,4
Elwyn,dunemaul,192,mage,fire,6,2,4
Cradic,tichondrius,192,mage,fire,6,2,4
Gódsfather,kelthuzad,192,mage,fire,6,2,4
Cumbus,stormrage,192,mage,fire,6,2,4
Ultrá,stormscale,192,mage,fire,6,2,4
Defaultx,turalyon,192,mage,fire,6,2,4
Pyroflinger,stormrage,192,mage,fire,6,2,4
Coldrin,tichondrius,192,mage,fire,6,2,4
Marther,whisperwind,192,mage,fire,6,2,4
Gotya,tichondrius,192,mage,fire,6,2,4
Wauzcrol,quelthalas,192,mage,fire,6,2,4
Zënith,quelthalas,192,mage,fire,6,2,4
Aquafiona,garona,192,mage,fire,6,2,4
Snanth,black-dragonflight,192,mage,fire,6,2,4
Naimi,malganis,192,mage,fire,6,2,4
Felsparkles,area-52,192,mage,fire,6,2,4
Burna,amanthul,192,mage,fire,6,2,4
Jinglehz,frostmourne,192,mage,fire,6,2,4
Supermajor,frostmourne,192,mage,fire,6,2,4
Massivepoo,barthilas,192,mage,fire,6,2,4
Arnx,tichondrius,192,mage,fire,11,2,9
Skoffla,executus,192,mage,fire,12,2,10
Bic,darrowmere,192,mage,fire,12,2,10
Madalon,nemesis,160,mage,fire,10,2,8
Jazen,quelthalas,144,mage,fire,3,3,0
Fingerblaste,malganis,138,mage,fire,16,3,13
Neltar,dalaran,112,mage,fire,7,2,5
Baelthezer,moon-guard,96,mage,fire,3,2,1
Kryptekk,area-52,96,mage,fire,6,1,5
Prosperoh,burning-legion,96,mage,fire,6,1,5
Clutchy,gorefiend,96,mage,fire,6,1,5
Ignit,stormrage,96,mage,fire,6,1,5
Miapolyafoo,stormrage,96,mage,fire,6,1,5
Avicci,shattered-halls,96,mage,fire,6,1,5
Eludin,aegwynn,96,mage,fire,6,1,5
Mescudi,bonechewer,96,mage,fire,6,1,5
Nomidian,area-52,96,mage,fire,6,1,5
Couto,tichondrius,96,mage,fire,6,1,5
Jaysaucetv,tichondrius,96,mage,fire,6,1,5
Rolypolyman,tichondrius,96,mage,fire,6,1,5
Dildope,frostmourne,96,mage,fire,6,1,5
Somnuss,barthilas,96,mage,fire,7,1,6
Pyrlos,terokkar,95,mage,fire,6,1,5
Savanali,kelthuzad,79,mage,fire,5,1,4
Absolutepowa,bleeding-hollow,31,mage,fire,2,1,1
Juicemage,tichondrius,2224,mage,frost,120,65,55
Douyuweifa,tichondrius,1870,mage,frost,59,28,31
Vazlgs,tichondrius,1869,mage,frost,70,40,30
Fròzt,ragnaros,1857,mage,frost,72,31,41
Stonedmonkeý,tichondrius,1839,mage,frost,47,22,25
Chez,tichondrius,1818,mage,frost,30,19,11
Instincts,uldum,1796,mage,frost,42,25,17
Polyenjoyerx,ysera,1776,mage,frost,84,47,37
Ingcho,tichondrius,1721,mage,frost,66,29,37
Illumià,illidan,1719,mage,frost,26,20,6
Headbake,malganis,1705,mage,frost,42,24,18
Ligmmah,stormrage,1701,mage,frost,33,19,14
Fromcanadaqc,stormrage,1689,mage,frost,41,24,17
Bambambilly,kelthuzad,1684,mage,frost,63,30,33
Mokelovin,sargeras,1680,mage,frost,26,19,7
Jtizzlè,tichondrius,1679,mage,frost,59,33,26
Quippy,kiljaeden,1677,mage,frost,80,36,44
Ghostrr,tichondrius,1662,mage,frost,39,21,18
Hogdog,illidan,1662,mage,frost,48,24,24
Maegwynah,stormrage,1657,mage,frost,42,19,23
Hideongp,barthilas,1656,mage,frost,54,20,34
Koozay,kelthuzad,1627,mage,frost,35,21,14
Joe,llane,1626,mage,frost,45,21,24
Neverblockx,kirin-tor,1618,mage,frost,30,17,13
Mageonthcc,korgath,1612,mage,frost,51,27,24
Trolson,sargeras,1604,mage,frost,42,18,24
Perrc,area-52,1599,mage,frost,90,39,51
Gôøglëlòl,nemesis,1595,mage,frost,50,23,27
Cømbust,frostmourne,1582,mage,frost,30,21,9
Gwyn,nemesis,1555,mage,frost,48,24,24
Pichorrá,quelthalas,1551,mage,frost,30,18,12
Sheepu,bladefist,1551,mage,frost,76,44,32
Zhangxiaowu,tichondrius,1542,mage,frost,32,19,13
Christmas,tichondrius,1536,mage,frost,194,94,100
Frostqt,area-52,1533,mage,frost,54,31,23
Yorgøs,ragnaros,1530,mage,frost,30,16,14
Eldrielle,frostmourne,1514,mage,frost,43,25,18
Omnislasher,terenas,1494,mage,frost,54,23,31
Osnapmage,malganis,1475,mage,frost,65,32,33
Respectx,nemesis,1463,mage,frost,46,20,26
Charmed,black-dragonflight,1463,mage,frost,42,17,25
Juul,emerald-dream,1453,mage,frost,141,65,76
Squidio,stormrage,1452,mage,frost,75,39,36
Plainblaine,illidan,1446,mage,frost,33,18,15
Playsfrost,skullcrusher,1441,mage,frost,64,39,25
Venachi,emerald-dream,1434,mage,frost,56,30,26
Tagere,moon-guard,1421,mage,frost,59,29,30
Tylers,moon-guard,1415,mage,frost,36,19,17
Coôler,illidan,1410,mage,frost,88,52,36
Alìv,tichondrius,1402,mage,frost,87,39,48
Crymachine,garrosh,1391,mage,frost,33,17,16
Tifrodo,azralon,1382,mage,frost,58,30,28
Starkp,ragnaros,1350,mage,frost,71,33,38
Hermanmiller,tichondrius,1346,mage,frost,54,24,30
Xanthilia,chogall,1339,mage,frost,30,14,16
Canva,barthilas,1314,mage,frost,18,14,4
Soulberg,emerald-dream,1308,mage,frost,35,14,21
Frostítute,alterac-mountains,1305,mage,frost,30,15,15
Soia,ragnaros,1298,mage,frost,39,20,19
Copperfield,dreadmaul,1257,mage,frost,44,18,26
Unleáshed,moonrunner,1251,mage,frost,36,19,17
Kissradiox,tichondrius,1247,mage,frost,24,13,11
Ibalyn,khazgoroth,1246,mage,frost,36,21,15
Cremgotrockd,blackrock,1230,mage,frost,29,13,16
Gualter,nemesis,1217,mage,frost,42,22,20
Selless,zuljin,1216,mage,frost,24,13,11
Blinkbow,tichondrius,1197,mage,frost,24,13,11
Derpmanjr,area-52,1194,mage,frost,30,21,9
Maigoddess,proudmoore,1187,mage,frost,35,14,21
Gatka,quelthalas,1183,mage,frost,86,37,49
Lildabpen,tichondrius,1173,mage,frost,48,21,27
Corucia,echo-isles,1171,mage,frost,48,22,26
Devlux,area-52,1167,mage,frost,80,38,42
Valtaira,wyrmrest-accord,1156,mage,frost,29,16,13
Sifr,tichondrius,1152,mage,frost,24,12,12
Diixynormus,illidan,1141,mage,frost,30,17,13
Yulian,tichondrius,1140,mage,frost,21,12,9
Vecna,tichondrius,1140,mage,frost,30,12,18
Kazmir,area-52,1119,mage,frost,29,12,17
Mntaindew,bleeding-hollow,1119,mage,frost,29,12,17
Ignit,stormrage,1111,mage,frost,28,13,15
Fatum,ragnaros,1102,mage,frost,26,12,14
Xannymancan,tichondrius,1080,mage,frost,54,21,33
Xárdas,quelthalas,1076,mage,frost,28,12,16
Mageeoh,bleeding-hollow,1073,mage,frost,29,12,17
Easyfreeze,sargeras,1056,mage,frost,18,11,7
Sestren,zuljin,1056,mage,frost,24,11,13
Srinshi,sargeras,1055,mage,frost,24,11,13
Arcayne,tichondrius,1054,mage,frost,18,11,7
Renoria,norgannon,1054,mage,frost,24,11,13
Yeweiliang,tichondrius,1053,mage,frost,27,12,15
Auralyn,wyrmrest-accord,1051,mage,frost,25,11,14
Devoh,dunemaul,1040,mage,frost,20,11,9
Bobalama,tichondrius,1025,mage,frost,18,14,4
Coldfrønt,moon-guard,1024,mage,frost,24,11,13
Dorsia,jaedenar,1019,mage,frost,16,12,4
Ragemage,borean-tundra,1013,mage,frost,40,11,29
Zorexx,area-52,1007,mage,frost,23,12,11
Kouks,tichondrius,1006,mage,frost,17,11,6
Pugsmugg,icecrown,1006,mage,frost,43,12,31
Khaldyn,tichondrius,1002,mage,frost,62,24,38
Magicbunny,andorhal,996,mage,frost,23,11,12
Wowenjoyer,area-52,972,mage,frost,32,14,18
Grudel,archimonde,960,mage,frost,18,11,7
Feener,stormreaver,960,mage,frost,18,10,8
Rizke,tichondrius,960,mage,frost,18,10,8
Legendkiller,bleeding-hollow,959,mage,frost,18,10,8
Emetah,ysera,959,mage,frost,18,10,8
Couto,tichondrius,959,mage,frost,18,10,8
Faynet,dalaran,959,mage,frost,24,10,14
Zinnos,tichondrius,959,mage,frost,24,10,14
Theetwotime,area-52,959,mage,frost,24,10,14
Deverror,frostmourne,959,mage,frost,24,10,14
Qcomberoo,frostmane,959,mage,frost,27,11,16
Fròzen,moon-guard,957,mage,frost,18,10,8
Jikario,zuljin,956,mage,frost,24,10,14
Umber,dreadmaul,955,mage,frost,30,10,20
Gunzz,aegwynn,952,mage,frost,18,10,8
Elwyn,dunemaul,952,mage,frost,21,11,10
Kryliak,ragnaros,946,mage,frost,18,10,8
Onlyfansme,dalaran,939,mage,frost,18,10,8
Marschubas,drakthul,917,mage,frost,65,28,37
Téfy,ragnaros,905,mage,frost,17,12,5
Agniih,azralon,890,mage,frost,17,10,7
Furisheep,stormrage,864,mage,frost,12,9,3
Koro,tichondrius,864,mage,frost,18,9,9
Zeshilol,stormrage,863,mage,frost,18,9,9
Boredomkïlls,burning-legion,862,mage,frost,18,9,9
Tunax,tichondrius,862,mage,frost,24,9,15
Shenme,moon-guard,861,mage,frost,20,9,11
Fruza,emerald-dream,860,mage,frost,16,10,6
Leakyboots,illidan,815,mage,frost,17,9,8
Magedango,bleeding-hollow,810,mage,frost,23,11,12
Drfrostie,anvilmar,798,mage,frost,14,9,5
Vornz,sargeras,782,mage,frost,19,9,10
Biglance,frostmourne,768,mage,frost,12,8,4
Tjofmajik,stormrage,768,mage,frost,18,8,10
Radiku,blood-furnace,767,mage,frost,12,8,4
Nôtôrious,thrall,767,mage,frost,12,8,4
Enterthevoid,proudmoore,767,mage,frost,12,8,4
Wickymorph,barthilas,767,mage,frost,18,8,10
Koulder,zuljin,766,mage,frost,12,8,4
Smáckington,tichondrius,752,mage,frost,27,10,17
Artruis,detheroc,748,mage,frost,12,8,4
Orderlight,alexstrasza,735,mage,frost,29,8,21
Stankfreezer,thrall,719,mage,frost,11,8,3
Heca,tichondrius,719,mage,frost,11,8,3
Cìfel,quelthalas,717,mage,frost,11,8,3
Esun,moon-guard,683,mage,frost,13,8,5
Backjing,tichondrius,672,mage,frost,9,8,1
Mushys,stormrage,672,mage,frost,12,7,5
Maguín,tichondrius,672,mage,frost,12,7,5
Hyoonsfeet,stormrage,672,mage,frost,12,7,5
Neovim,stormrage,672,mage,frost,12,7,5
Hogmantwo,illidan,672,mage,frost,12,7,5
Proximalol,tichondrius,672,mage,frost,12,7,5
Skoals,thrall,672,mage,frost,17,8,9
Seeu,tichondrius,672,mage,frost,18,7,11
Stealing,barthilas,672,mage,frost,18,7,11
Qsc,barthilas,672,mage,frost,18,7,11
Snoogma,illidan,671,mage,frost,12,7,5
Chade,dunemaul,671,mage,frost,12,7,5
Dairian,whisperwind,671,mage,frost,12,7,5
Minerves,tichondrius,671,mage,frost,18,7,11
Epifeni,blackrock,671,mage,frost,18,7,11
Syntacks,lightnings-blade,671,mage,frost,30,7,23
Icelordd,ragnaros,669,mage,frost,12,7,5
Osda,azralon,667,mage,frost,12,7,5
Tigoditties,emerald-dream,662,mage,frost,12,7,5
Pocsermage,drakkari,640,mage,frost,16,7,9
Slaash,barthilas,639,mage,frost,14,8,6
Snaregodx,area-52,623,mage,frost,11,7,4
Ghostblaze,blackhand,621,mage,frost,15,8,7
Drumzter,ragnaros,603,mage,frost,11,7,4
Savanali,kelthuzad,585,mage,frost,18,11,7
Hýdramist,sargeras,576,mage,frost,12,6,6
Hunchojack,tichondrius,576,mage,frost,12,6,6
Drewdy,stormreaver,576,mage,frost,12,6,6
Frostitutex,illidan,576,mage,frost,12,6,6
Weathersmell,tichondrius,576,mage,frost,12,6,6
Cryogeniks,illidan,576,mage,frost,12,6,6
Shatturd,sargeras,576,mage,frost,12,6,6
Frostzadan,quelthalas,576,mage,frost,12,6,6
Animatronic,moon-guard,576,mage,frost,12,6,6
Luckysir,illidan,576,mage,frost,18,6,12
Remana,anvilmar,575,mage,frost,12,6,6
Soya,sargeras,575,mage,frost,12,6,6
Cransmage,illidan,575,mage,frost,12,6,6
Aarne,thrall,575,mage,frost,12,6,6
Ado,zuluhed,575,mage,frost,18,6,12
Azzurn,doomhammer,572,mage,frost,12,6,6
Arckayne,zuljin,543,mage,frost,11,6,5
Nazneen,elune,528,mage,frost,9,6,3
Parruka,warsong,510,mage,frost,20,6,14
Zabaione,stormrage,508,mage,frost,16,6,10
Clownspocket,tichondrius,480,mage,frost,6,5,1
Kevymarts,tichondrius,480,mage,frost,6,5,1
Fromcanadaqc,zuljin,480,mage,frost,6,5,1
Factszxy,area-52,480,mage,frost,6,5,1
Kitenic,proudmoore,480,mage,frost,6,5,1
Rositajonez,terenas,480,mage,frost,6,5,1
Nicemangoes,proudmoore,480,mage,frost,6,5,1
Nalabb,illidan,480,mage,frost,6,5,1
Blinksz,korgath,480,mage,frost,6,5,1
Mclanda,frostmourne,480,mage,frost,12,5,7
Gadogear,draka,480,mage,frost,12,5,7
Åøe,tichondrius,480,mage,frost,12,5,7
Kh,stormrage,480,mage,frost,12,5,7
Kayenri,area-52,480,mage,frost,12,5,7
Isömetrics,tichondrius,480,mage,frost,12,5,7
Adronicus,tichondrius,480,mage,frost,12,5,7
Hustle,frostmourne,480,mage,frost,12,5,7
Gadwick,alexstrasza,480,mage,frost,12,5,7
Rích,tichondrius,480,mage,frost,18,5,13
Sahir,thaurissan,479,mage,frost,12,5,7
Sènding,sargeras,479,mage,frost,24,5,19
Castingmommy,moon-guard,478,mage,frost,12,5,7
Rekonx,tichondrius,463,mage,frost,11,5,6
Damage,skullcrusher,400,mage,frost,7,5,2
Zgodspeedz,stormrage,384,mage,frost,6,4,2
Reptär,demon-soul,384,mage,frost,6,4,2
Zlint,quelthalas,384,mage,frost,6,4,2
Gelokay,tichondrius,384,mage,frost,6,4,2
Bmuafgfe,tichondrius,384,mage,frost,6,4,2
Myrondor,tichondrius,384,mage,frost,6,4,2
Lohkey,darkspear,384,mage,frost,6,4,2
Zirkur,mannoroth,384,mage,frost,6,4,2
Frobo,mannoroth,384,mage,frost,6,4,2
Frostkage,tichondrius,384,mage,frost,6,4,2
Aigam,hyjal,384,mage,frost,6,4,2
Mkudos,ragnaros,384,mage,frost,6,4,2
Bçøløñápûðgé,illidan,384,mage,frost,6,4,2
Voiddude,proudmoore,384,mage,frost,6,4,2
Sabrita,proudmoore,384,mage,frost,6,4,2
Arcánè,velen,384,mage,frost,6,4,2
Criticalness,illidan,384,mage,frost,6,4,2
Kutulu,aerie-peak,384,mage,frost,6,4,2
Tofusmell,illidan,384,mage,frost,6,4,2
Kygores,tichondrius,384,mage,frost,6,4,2
Lorlene,frostmourne,384,mage,frost,12,4,8
Undedkev,tichondrius,384,mage,frost,12,4,8
Rolypolyman,tichondrius,384,mage,frost,12,4,8
Frenk,moon-guard,384,mage,frost,12,4,8
Novokaine,area-52,384,mage,frost,12,4,8
Starguy,laughing-skull,384,mage,frost,12,4,8
Luxør,aegwynn,384,mage,frost,12,4,8
Tatertots,bladefist,384,mage,frost,12,4,8
Blinkbotx,proudmoore,384,mage,frost,12,4,8
Horizons,moon-guard,384,mage,frost,12,4,8
Fawcett,khazgoroth,384,mage,frost,12,4,8
Ehduh,onyxia,383,mage,frost,6,4,2
Cynafox,moon-guard,383,mage,frost,12,4,8
Angerfrost,khazgoroth,382,mage,frost,6,4,2
Freyia,mugthol,382,mage,frost,12,4,8
Lirahmi,quelthalas,351,mage,frost,11,4,7
Peetufo,whisperwind,351,mage,frost,11,4,7
Freezeup,area-52,349,mage,frost,14,7,7
Icëblöck,ysera,329,mage,frost,6,5,1
Ereblink,proudmoore,319,mage,frost,5,4,1
Quinnfreeze,boulderfist,319,mage,frost,5,4,1
Wickednoob,malganis,304,mage,frost,7,4,3
Crizzpy,tichondrius,288,mage,frost,6,3,3
Shäräpova,zuljin,288,mage,frost,6,3,3
Bluedustfart,illidan,288,mage,frost,6,3,3
Nefm,frostmourne,288,mage,frost,6,3,3
Atra,spinebreaker,288,mage,frost,6,3,3
Bigmêan,boulderfist,288,mage,frost,6,3,3
Shardgodx,kelthuzad,288,mage,frost,6,3,3
Kqlyy,tichondrius,288,mage,frost,6,3,3
Aluce,frostmourne,288,mage,frost,6,3,3
Packaged,emerald-dream,288,mage,frost,6,3,3
Riddickl,malfurion,288,mage,frost,6,3,3
Cezax,frostmourne,288,mage,frost,6,3,3
Murderlin,tichondrius,288,mage,frost,6,3,3
Vamplol,tichondrius,288,mage,frost,6,3,3
Cheapsects,drakthul,288,mage,frost,6,3,3
Missingxx,silvermoon,288,mage,frost,6,3,3
Who,emerald-dream,288,mage,frost,6,3,3
Natallyn,stormrage,288,mage,frost,6,3,3
Illúmi,moon-guard,288,mage,frost,6,3,3
Maelista,tichondrius,288,mage,frost,6,3,3
Axecap,tichondrius,288,mage,frost,6,3,3
Kryptekk,area-52,288,mage,frost,6,3,3
Kaël,area-52,288,mage,frost,6,3,3
Tupactopus,tichondrius,288,mage,frost,6,3,3
Limeade,ursin,288,mage,frost,6,3,3
Burstage,destromath,288,mage,frost,6,3,3
Zaxrie,malganis,288,mage,frost,6,3,3
Cruxx,ragnaros,288,mage,frost,6,3,3
Nereidan,drakkari,288,mage,frost,6,3,3
Címegripe,stormrage,288,mage,frost,6,3,3
Cavit,wyrmrest-accord,288,mage,frost,6,3,3
Gsr,nerzhul,288,mage,frost,6,3,3
Isuikido,nemesis,288,mage,frost,6,3,3
Lambsalsa,tichondrius,288,mage,frost,6,3,3
Zukoprince,azralon,288,mage,frost,6,3,3
Zezima,spirestone,288,mage,frost,6,3,3
Crithappy,baelgun,288,mage,frost,6,3,3
Erîol,ragnaros,288,mage,frost,6,3,3
Etyx,tichondrius,288,mage,frost,10,4,6
Worldonfire,ragnaros,288,mage,frost,12,3,9
Houdiinii,illidan,288,mage,frost,12,3,9
Fracxure,area-52,288,mage,frost,12,3,9
Rabeiro,tichondrius,288,mage,frost,12,3,9
Bòóyah,muradin,287,mage,frost,6,3,3
Lünâliä,bleeding-hollow,286,mage,frost,6,3,3
Jerawokee,undermine,239,mage,frost,11,3,8
Thaldarian,emerald-dream,234,mage,frost,13,4,9
Skerei,azralon,234,mage,frost,19,4,15
Abracadaver,greymane,192,mage,frost,4,3,1
Rayricefan,blood-furnace,192,mage,frost,4,3,1
Snanth,black-dragonflight,192,mage,frost,6,2,4
Fullmetal,jaedenar,192,mage,frost,6,2,4
Dinklord,azuremyst,192,mage,frost,6,2,4
Nachtt,sargeras,192,mage,frost,6,2,4
Helcarwen,area-52,192,mage,frost,6,2,4
Makius,area-52,192,mage,frost,6,2,4
Thergon,kul-tiras,192,mage,frost,6,2,4
Bubbleblower,hakkar,192,mage,frost,6,2,4
Throatdemon,hakkar,192,mage,frost,6,2,4
Gryd,area-52,192,mage,frost,6,2,4
Strêss,kelthuzad,192,mage,frost,6,2,4
Pyröz,kelthuzad,192,mage,frost,6,2,4
Frøzzen,quelthalas,192,mage,frost,6,2,4
Agoniey,illidan,192,mage,frost,6,2,4
Cayoux,darkspear,192,mage,frost,6,2,4
Avicci,shattered-halls,192,mage,frost,6,2,4
Darthez,darkspear,192,mage,frost,6,2,4
Pizzle,perenolde,192,mage,frost,6,2,4
Undeadmager,nerzhul,192,mage,frost,6,2,4
Èvilmage,blackrock,192,mage,frost,6,2,4
Elvin,frostmourne,192,mage,frost,6,2,4
Gasolína,stormrage,192,mage,frost,6,2,4
Thatlejund,tichondrius,192,mage,frost,6,2,4
Valériemeow,tichondrius,192,mage,frost,6,2,4
Sparqablink,tichondrius,192,mage,frost,6,2,4
Âürõrâ,firetree,192,mage,frost,6,2,4
Chunzhangfs,tichondrius,192,mage,frost,6,2,4
Baleiabranca,stormrage,192,mage,frost,6,2,4
Drewzz,tichondrius,192,mage,frost,6,2,4
Magicginger,barthilas,192,mage,frost,6,2,4
Tanedos,tichondrius,192,mage,frost,6,2,4
Cradic,tichondrius,192,mage,frost,6,2,4
Converseqt,stormrage,192,mage,frost,12,2,10
Mageyoulooks,shattered-hand,192,mage,frost,12,2,10
Pyroshima,barthilas,192,mage,frost,12,2,10
Mendittorosa,tichondrius,192,mage,frost,12,2,10
Hositonet,malganis,192,mage,frost,12,2,10
Sîmply,zuljin,192,mage,frost,12,2,10
Prometheus,crushridge,191,mage,frost,4,3,1
Hense,stormrage,191,mage,frost,6,2,4
Itoncruxy,tichondrius,191,mage,frost,6,2,4
Silverstrza,gnomeregan,191,mage,frost,6,2,4
Rathrizar,emerald-dream,191,mage,frost,6,2,4
Cheapped,emerald-dream,159,mage,frost,5,2,3
Erudit,tichondrius,144,mage,frost,15,2,13
Guji,area-52,127,mage,frost,5,3,2
Goingmassive,frostmourne,127,mage,frost,4,2,2
Sillycole,emerald-dream,96,mage,frost,3,2,1
Mastacombust,illidan,96,mage,frost,6,1,5
Klinkr,illidan,96,mage,frost,6,1,5
Evilnuts,quelthalas,96,mage,frost,6,1,5
Adrazell,sargeras,96,mage,frost,6,1,5
Jizzlez,tichondrius,96,mage,frost,6,1,5
Linadeslayer,chogall,96,mage,frost,6,1,5
Rán,spirestone,96,mage,frost,6,1,5
Ñõxx,sargeras,96,mage,frost,6,1,5
Michaelbust,tichondrius,96,mage,frost,6,1,5
Icybanter,emerald-dream,96,mage,frost,6,1,5
Calcaster,aegwynn,96,mage,frost,6,1,5
Marisadaze,tichondrius,96,mage,frost,6,1,5
Mageyoulooks,kelthuzad,96,mage,frost,6,1,5
Ultrá,stormscale,96,mage,frost,6,1,5
Professor,khadgar,96,mage,frost,6,1,5
Littlebeth,azjolnerub,96,mage,frost,6,1,5
Daydreamz,lightnings-blade,96,mage,frost,6,1,5
Dathoe,laughing-skull,96,mage,frost,6,1,5
Zerg,fenris,96,mage,frost,6,1,5
Stormfrieza,tichondrius,96,mage,frost,6,1,5
Åpollous,frostmourne,96,mage,frost,6,1,5
Feogato,proudmoore,96,mage,frost,6,1,5
Meduka,proudmoore,96,mage,frost,6,1,5
Magicmom,wyrmrest-accord,96,mage,frost,6,1,5
Safety,stormreaver,64,mage,frost,4,1,3
Taevy,tichondrius,64,mage,frost,4,1,3
Hiiamtay,azralon,63,mage,frost,2,2,0
Cowwboydan,malganis,63,mage,frost,2,2,0
Alphricton,cenarion-circle,48,mage,frost,3,1,2
Mongera,bonechewer,31,mage,frost,2,1,1
Scár,blackrock,31,mage,frost,2,1,1
Jarethleon,ragnaros,16,mage,frost,1,1,0
Linlol,tichondrius,2237,monk,mistweaver,148,90,58
Zenjj,thorium-brotherhood,2208,monk,mistweaver,104,59,45
Emoeres,kelthuzad,2179,monk,mistweaver,98,53,45
Mãsterpõ,tichondrius,2134,monk,mistweaver,126,67,59
Jep,tichondrius,2132,monk,mistweaver,78,55,23
Moonym,nagrand,2125,monk,mistweaver,62,39,23
Purgenm,tichondrius,2122,monk,mistweaver,90,52,38
Heywhatsup,emerald-dream,2115,monk,mistweaver,96,48,48
Oliveirarr,tichondrius,2114,monk,mistweaver,114,64,50
Woezx,stormreaver,2113,monk,mistweaver,56,37,19
Firewatches,emerald-dream,2113,monk,mistweaver,72,42,30
Sloppyroppy,tichondrius,2103,monk,mistweaver,83,46,37
Cuteballs,tichondrius,2081,monk,mistweaver,57,38,19
Weavied,sargeras,2052,monk,mistweaver,96,47,49
Originull,darkspear,2050,monk,mistweaver,65,37,28
Punchgodx,greymane,2010,monk,mistweaver,78,46,32
Jiwå,terenas,1974,monk,mistweaver,186,98,88
Bhoredom,kiljaeden,1960,monk,mistweaver,80,45,35
Grif,nazjatar,1956,monk,mistweaver,136,70,66
Shad,frostmourne,1950,monk,mistweaver,78,50,28
Praggers,proudmoore,1950,monk,mistweaver,65,35,30
Zuhakmw,tichondrius,1947,monk,mistweaver,78,39,39
Abellmonk,tichondrius,1931,monk,mistweaver,144,87,57
Dãnwun,tichondrius,1931,monk,mistweaver,60,34,26
Pandacottoco,azralon,1924,monk,mistweaver,78,44,34
Vethosis,illidan,1921,monk,mistweaver,43,27,16
Lmhs,tichondrius,1920,monk,mistweaver,54,32,22
Ònó,quelthalas,1919,monk,mistweaver,67,39,28
Speedcapped,area-52,1918,monk,mistweaver,86,38,48
Zhoku,tichondrius,1911,monk,mistweaver,34,23,11
Timermørk,kalecgos,1904,monk,mistweaver,36,25,11
Vongg,tichondrius,1887,monk,mistweaver,48,28,20
Oldmanswirl,mugthol,1887,monk,mistweaver,54,28,26
Zukki,zuljin,1877,monk,mistweaver,58,36,22
Brewsome,bloodhoof,1877,monk,mistweaver,60,32,28
Taeeun,tichondrius,1874,monk,mistweaver,45,30,15
Martiálfarts,malganis,1873,monk,mistweaver,36,25,11
Sifu,bleeding-hollow,1873,monk,mistweaver,59,36,23
Celerein,illidan,1872,monk,mistweaver,70,40,30
Robocto,area-52,1865,monk,mistweaver,78,49,29
Wootzhu,zuljin,1861,monk,mistweaver,65,35,30
Sevenmonk,tichondrius,1857,monk,mistweaver,54,36,18
Fizzlefarmer,moon-guard,1857,monk,mistweaver,59,33,26
Piilsburry,sargeras,1855,monk,mistweaver,48,26,22
Michæ,quelthalas,1853,monk,mistweaver,114,68,46
Hernameplz,proudmoore,1853,monk,mistweaver,58,32,26
Lexxbtw,thrall,1846,monk,mistweaver,54,35,19
Griefgodx,tichondrius,1840,monk,mistweaver,52,30,22
Okchat,emerald-dream,1837,monk,mistweaver,113,72,41
Baychiz,sargeras,1837,monk,mistweaver,42,25,17
Gsdfjskpx,sargeras,1836,monk,mistweaver,54,29,25
Cmonkey,turalyon,1831,monk,mistweaver,48,31,17
Caffeinated,barthilas,1830,monk,mistweaver,90,42,48
Sillyguy,stormrage,1825,monk,mistweaver,89,56,33
Dræmwalker,malygos,1825,monk,mistweaver,193,97,96
Vrieden,illidan,1824,monk,mistweaver,81,34,47
Hugdealer,warsong,1823,monk,mistweaver,80,47,33
Logtich,moon-guard,1819,monk,mistweaver,60,32,28
Ándi,barthilas,1817,monk,mistweaver,53,28,25
Toyotasupra,emerald-dream,1816,monk,mistweaver,48,30,18
Dro,khadgar,1813,monk,mistweaver,36,19,17
Mysticallx,sargeras,1812,monk,mistweaver,42,28,14
Intra,exodar,1810,monk,mistweaver,96,51,45
Crunchyrollx,tichondrius,1807,monk,mistweaver,36,29,7
Abeldra,moon-guard,1807,monk,mistweaver,82,42,40
Waggìes,moon-guard,1806,monk,mistweaver,53,30,23
Timed,shuhalo,1806,monk,mistweaver,49,26,23
Strongmandan,twisting-nether,1805,monk,mistweaver,42,23,19
Gamesuxlol,the-underbog,1804,monk,mistweaver,66,42,24
Rokkon,sargeras,1802,monk,mistweaver,42,25,17
Kungfoocious,tichondrius,1802,monk,mistweaver,57,33,24
Jiucho,dalaran,1800,monk,mistweaver,35,23,12
Liteup,smolderthorn,1800,monk,mistweaver,202,101,101
Nabunaga,illidan,1798,monk,mistweaver,36,29,7
Jackouse,frostmourne,1798,monk,mistweaver,44,27,17
Raddxd,illidan,1781,monk,mistweaver,30,21,9
Glqjkglbfgdl,zuljin,1781,monk,mistweaver,42,22,20
Orbgodx,darkspear,1780,monk,mistweaver,30,21,9
Tokol,tichondrius,1774,monk,mistweaver,54,29,25
Mikamonk,illidan,1773,monk,mistweaver,60,39,21
Fluval,moon-guard,1768,monk,mistweaver,53,35,18
Ileffsinll,illidan,1755,monk,mistweaver,60,32,28
Nohandslost,blackrock,1755,monk,mistweaver,59,27,32
Callmekoldi,dalaran,1748,monk,mistweaver,93,52,41
Bebuu,proudmoore,1744,monk,mistweaver,65,44,21
Snuggubae,moon-guard,1740,monk,mistweaver,54,31,23
Suhjoon,bleeding-hollow,1734,monk,mistweaver,40,23,17
Qords,tichondrius,1727,monk,mistweaver,66,40,26
Mackiechan,kelthuzad,1723,monk,mistweaver,86,49,37
Wigglygiggly,mannoroth,1719,monk,mistweaver,42,25,17
Røllitup,illidan,1718,monk,mistweaver,42,29,13
Itzokinlol,malganis,1717,monk,mistweaver,36,22,14
Daito,jubeithos,1716,monk,mistweaver,69,40,29
Calvana,tichondrius,1708,monk,mistweaver,72,28,44
Onlyfansx,ragnaros,1706,monk,mistweaver,131,70,61
Josciel,ragnaros,1700,monk,mistweaver,118,66,52
Stepfistz,aegwynn,1698,monk,mistweaver,48,28,20
Xdfu,stormrage,1696,monk,mistweaver,30,24,6
Tazi,chromaggus,1696,monk,mistweaver,48,27,21
Nugskis,dalaran,1696,monk,mistweaver,209,110,99
Zaqqari,wyrmrest-accord,1695,monk,mistweaver,48,24,24
Harkwind,azralon,1694,monk,mistweaver,48,33,15
Cool,crushridge,1694,monk,mistweaver,39,22,17
Cenfu,malganis,1694,monk,mistweaver,48,21,27
Yokuu,thunderlord,1688,monk,mistweaver,42,23,19
Assez,tichondrius,1687,monk,mistweaver,44,22,22
Cromulent,saurfang,1682,monk,mistweaver,71,34,37
Aráshicage,malganis,1681,monk,mistweaver,48,29,19
Nuriva,tichondrius,1674,monk,mistweaver,30,23,7
Mavvi,tichondrius,1672,monk,mistweaver,38,20,18
Safiel,proudmoore,1668,monk,mistweaver,72,32,40
Leetcoder,tichondrius,1665,monk,mistweaver,62,41,21
Greenbrews,area-52,1662,monk,mistweaver,38,24,14
Mexii,hellscream,1661,monk,mistweaver,48,21,27
Yeji,altar-of-storms,1652,monk,mistweaver,43,21,22
Guarantee,tichondrius,1648,monk,mistweaver,98,52,46
Fistnanweavn,dawnbringer,1644,monk,mistweaver,32,19,13
Gauche,arygos,1644,monk,mistweaver,54,27,27
Gujunpyó,sargeras,1639,monk,mistweaver,42,28,14
Iightning,dentarg,1638,monk,mistweaver,42,24,18
Paralee,tichondrius,1635,monk,mistweaver,48,34,14
Bubblepony,illidan,1635,monk,mistweaver,101,51,50
Starçandy,tichondrius,1631,monk,mistweaver,72,36,36
Secdog,tichondrius,1628,monk,mistweaver,36,17,19
Barelroll,proudmoore,1626,monk,mistweaver,59,44,15
Shlunks,illidan,1624,monk,mistweaver,72,42,30
Kaylux,stormrage,1623,monk,mistweaver,30,17,13
Pumakicks,tichondrius,1616,monk,mistweaver,47,26,21
Moushindeiru,sargeras,1610,monk,mistweaver,30,24,6
Hîbîscus,illidan,1609,monk,mistweaver,32,17,15
Oblivion,wildhammer,1604,monk,mistweaver,61,36,25
Krömbopulos,magtheridon,1601,monk,mistweaver,24,17,7
Roogymw,emerald-dream,1601,monk,mistweaver,48,24,24
Mistastep,tichondrius,1599,monk,mistweaver,72,35,37
Greenstar,bleeding-hollow,1594,monk,mistweaver,58,33,25
Lightskinmon,area-52,1594,monk,mistweaver,36,20,16
Planetariumz,bleeding-hollow,1591,monk,mistweaver,111,62,49
Pp,icecrown,1589,monk,mistweaver,31,27,4
Cangry,area-52,1589,monk,mistweaver,42,19,23
Märthä,azralon,1584,monk,mistweaver,51,31,20
Kwoon,hyjal,1584,monk,mistweaver,40,24,16
Ekèl,tichondrius,1581,monk,mistweaver,48,29,19
Seokdenam,tichondrius,1577,monk,mistweaver,60,31,29
Hiiyaa,tichondrius,1575,monk,mistweaver,36,21,15
Wildfists,tichondrius,1571,monk,mistweaver,147,74,73
Tamonger,stormrage,1566,monk,mistweaver,42,28,14
Neonep,stormrage,1564,monk,mistweaver,61,37,24
Mcoos,tichondrius,1562,monk,mistweaver,23,17,6
Onees,tichondrius,1562,monk,mistweaver,48,22,26
Fistuhcuffs,sargeras,1561,monk,mistweaver,45,28,17
Rakia,moon-guard,1558,monk,mistweaver,60,29,31
Showshoway,tichondrius,1556,monk,mistweaver,41,20,21
Greenrice,thrall,1553,monk,mistweaver,34,20,14
Poscom,tichondrius,1552,monk,mistweaver,30,25,5
Grommin,area-52,1546,monk,mistweaver,58,38,20
Tinypunch,emerald-dream,1543,monk,mistweaver,66,33,33
Grizzm,sargeras,1542,monk,mistweaver,36,22,14
Goochtickles,bleeding-hollow,1541,monk,mistweaver,80,53,27
Xhangtu,thrall,1534,monk,mistweaver,54,34,20
Hyori,saurfang,1532,monk,mistweaver,30,16,14
Ilovefrogs,stormrage,1531,monk,mistweaver,30,16,14
Endér,tichondrius,1528,monk,mistweaver,78,45,33
Carzo,area-52,1527,monk,mistweaver,38,23,15
Steelcase,frostmourne,1527,monk,mistweaver,30,16,14
Ropturttlê,tichondrius,1526,monk,mistweaver,24,16,8
Lépøissøn,tichondrius,1525,monk,mistweaver,30,16,14
Moonhealsyou,moon-guard,1522,monk,mistweaver,41,26,15
Bunnygal,thaurissan,1522,monk,mistweaver,83,41,42
Keileas,moon-guard,1522,monk,mistweaver,70,31,39
Pingpang,stormreaver,1521,monk,mistweaver,45,24,21
Sixsticks,tichondrius,1516,monk,mistweaver,34,20,14
Chelada,sargeras,1513,monk,mistweaver,48,22,26
Âfrika,ysondre,1490,monk,mistweaver,53,25,28
Crypslegacy,tichondrius,1489,monk,mistweaver,28,17,11
Oakleet,bleeding-hollow,1486,monk,mistweaver,42,23,19
Mòñk,shattered-halls,1473,monk,mistweaver,42,26,16
Wheygodx,lothar,1471,monk,mistweaver,42,28,14
Xtrememisty,frostmourne,1467,monk,mistweaver,31,19,12
Scrapfu,proudmoore,1467,monk,mistweaver,48,22,26
Gnomepuncher,dalaran,1459,monk,mistweaver,48,25,23
Fidgetspinna,zuljin,1457,monk,mistweaver,38,18,20
Mungka,tichondrius,1450,monk,mistweaver,70,36,34
Lilsloptop,moon-guard,1448,monk,mistweaver,41,26,15
Yurm,moon-guard,1445,monk,mistweaver,24,20,4
Meshugah,quelthalas,1443,monk,mistweaver,42,18,24
Nezly,sargeras,1439,monk,mistweaver,24,15,9
Parodies,illidan,1439,monk,mistweaver,31,15,16
Zeiana,proudmoore,1437,monk,mistweaver,30,19,11
Turbokíll,proudmoore,1436,monk,mistweaver,24,15,9
Monkpowaz,stormrage,1435,monk,mistweaver,36,21,15
Sudury,tichondrius,1435,monk,mistweaver,30,16,14
Mukboo,tichondrius,1435,monk,mistweaver,30,15,15
Patfu,area-52,1434,monk,mistweaver,24,15,9
Iamamonk,kelthuzad,1429,monk,mistweaver,20,17,3
Ðescubra,stormrage,1428,monk,mistweaver,24,15,9
Ææøææôææôææô,illidan,1426,monk,mistweaver,24,21,3
Pøkemonk,malganis,1424,monk,mistweaver,24,15,9
Dedracula,quelthalas,1423,monk,mistweaver,33,23,10
Spencere,hyjal,1421,monk,mistweaver,30,15,15
Glad,stormscale,1420,monk,mistweaver,80,47,33
Taijutzu,darkspear,1419,monk,mistweaver,24,15,9
Cranekicks,moon-guard,1413,monk,mistweaver,50,27,23
Ungankable,sargeras,1408,monk,mistweaver,60,32,28
Seung,duskwood,1402,monk,mistweaver,156,68,88
Boneykicks,tichondrius,1401,monk,mistweaver,30,15,15
Talented,azuremyst,1394,monk,mistweaver,33,22,11
Woggitie,jubeithos,1389,monk,mistweaver,23,15,8
Drama,tichondrius,1384,monk,mistweaver,26,18,8
Kansú,ragnaros,1379,monk,mistweaver,43,15,28
Miillkz,zuljin,1378,monk,mistweaver,29,15,14
Pablojám,ragnaros,1375,monk,mistweaver,36,20,16
Romdansik,tichondrius,1366,monk,mistweaver,30,15,15
Monktor,dalaran,1363,monk,mistweaver,30,16,14
Gooncave,stormrage,1354,monk,mistweaver,23,15,8
Iloki,shuhalo,1352,monk,mistweaver,36,20,16
Damemasduro,ragnaros,1347,monk,mistweaver,123,57,66
Ninjatoots,aerie-peak,1346,monk,mistweaver,59,36,23
Veejaex,stormreaver,1343,monk,mistweaver,18,14,4
Smackdat,azjolnerub,1343,monk,mistweaver,43,23,20
Proghouse,illidan,1343,monk,mistweaver,30,14,16
Séthrogèn,tichondrius,1341,monk,mistweaver,18,14,4
Kazov,proudmoore,1341,monk,mistweaver,39,21,18
Valian,tichondrius,1336,monk,mistweaver,24,14,10
Mistweaverxo,malganis,1333,monk,mistweaver,24,14,10
Chañi,ragnaros,1333,monk,mistweaver,59,33,26
Toastage,tichondrius,1328,monk,mistweaver,24,14,10
Soothinn,tichondrius,1319,monk,mistweaver,24,15,9
Shon,frostmourne,1316,monk,mistweaver,24,14,10
Rylens,draka,1315,monk,mistweaver,28,18,10
Albusventos,azralon,1315,monk,mistweaver,35,21,14
Ric,gundrak,1308,monk,mistweaver,51,29,22
Leemîn,tichondrius,1306,monk,mistweaver,18,14,4
Kemmy,ravencrest,1305,monk,mistweaver,25,14,11
Dextr,arthas,1302,monk,mistweaver,27,14,13
Kylièjenner,gilneas,1295,monk,mistweaver,24,14,10
Jeffdagnome,moon-guard,1291,monk,mistweaver,78,38,40
Puoll,gallywix,1290,monk,mistweaver,23,16,7
Poundmedaddi,tichondrius,1270,monk,mistweaver,42,27,15
Itspoils,illidan,1255,monk,mistweaver,19,14,5
Omimonk,sargeras,1254,monk,mistweaver,38,16,22
Ringofpeace,sargeras,1248,monk,mistweaver,18,13,5
Gothamonk,tichondrius,1247,monk,mistweaver,24,13,11
Noremaç,frostmourne,1247,monk,mistweaver,24,13,11
Xcrispy,scilla,1246,monk,mistweaver,18,13,5
Ieatshrooms,malfurion,1245,monk,mistweaver,60,25,35
Djux,zuljin,1244,monk,mistweaver,18,13,5
React,frostwolf,1242,monk,mistweaver,18,13,5
Pandaiax,area-52,1237,monk,mistweaver,30,13,17
Momochi,malygos,1234,monk,mistweaver,18,13,5
Lolkungfu,spirestone,1234,monk,mistweaver,24,13,11
Ojiin,wyrmrest-accord,1233,monk,mistweaver,119,58,61
Evilstep,tichondrius,1231,monk,mistweaver,54,28,26
Mightbweavin,bleeding-hollow,1229,monk,mistweaver,30,13,17
Cammy,aerie-peak,1219,monk,mistweaver,32,20,12
Gobfu,emerald-dream,1218,monk,mistweaver,53,23,30
Gallorex,frostmourne,1197,monk,mistweaver,24,13,11
Xulieng,tichondrius,1194,monk,mistweaver,103,56,47
Hache,azjolnerub,1192,monk,mistweaver,35,16,19
Miçrosoft,area-52,1187,monk,mistweaver,30,18,12
Darrhon,illidan,1187,monk,mistweaver,30,15,15
Muzzye,frostmourne,1186,monk,mistweaver,22,13,9
Ghorb,boulderfist,1184,monk,mistweaver,23,13,10
Sedition,emerald-dream,1184,monk,mistweaver,114,58,56
Reque,illidan,1174,monk,mistweaver,24,14,10
Hie,laughing-skull,1166,monk,mistweaver,90,38,52
Dokfu,tichondrius,1165,monk,mistweaver,31,24,7
Shwankeesha,thrall,1165,monk,mistweaver,28,14,14
Xaurian,firetree,1153,monk,mistweaver,22,13,9
Supbro,hyjal,1152,monk,mistweaver,18,12,6
Moremoretea,tichondrius,1152,monk,mistweaver,18,12,6
Brucechez,tichondrius,1151,monk,mistweaver,18,12,6
Qxt,tichondrius,1151,monk,mistweaver,18,12,6
Coomweaver,stormrage,1151,monk,mistweaver,24,12,12
Cherep,kiljaeden,1147,monk,mistweaver,24,12,12
Kaniou,proudmoore,1146,monk,mistweaver,29,13,16
Jagichan,area-52,1145,monk,mistweaver,18,12,6
Monkaveli,ursin,1145,monk,mistweaver,78,37,41
Voltio,frostmane,1144,monk,mistweaver,18,12,6
Kungfused,frostmourne,1144,monk,mistweaver,24,12,12
Kexti,wyrmrest-accord,1135,monk,mistweaver,45,18,27
Szuka,tichondrius,1131,monk,mistweaver,18,12,6
Modelman,area-52,1130,monk,mistweaver,26,14,12
Cisneros,doomhammer,1129,monk,mistweaver,30,12,18
Jackphan,azralon,1128,monk,mistweaver,24,12,12
Azizyzz,barthilas,1124,monk,mistweaver,24,12,12
Akfourseven,barthilas,1111,monk,mistweaver,50,23,27
Purging,draka,1099,monk,mistweaver,32,24,8
Fitmonje,drakkari,1099,monk,mistweaver,25,12,13
Meepmonk,kilrogg,1098,monk,mistweaver,27,13,14
Vegoku,moon-guard,1064,monk,mistweaver,24,14,10
Chuks,nerzhul,1059,monk,mistweaver,66,31,35
Duelist,the-scryers,1056,monk,mistweaver,12,11,1
Oblivæon,tichondrius,1056,monk,mistweaver,18,11,7
Mixflo,bleeding-hollow,1056,monk,mistweaver,21,12,9
Forgèt,kelthuzad,1056,monk,mistweaver,24,11,13
Iplus,thrall,1055,monk,mistweaver,18,11,7
Undertickle,illidan,1055,monk,mistweaver,18,11,7
Irraeine,malganis,1055,monk,mistweaver,18,11,7
Smallboots,area-52,1054,monk,mistweaver,12,11,1
Santiaguiño,ragnaros,1054,monk,mistweaver,36,11,25
Tenzing,azgalor,1053,monk,mistweaver,18,11,7
Ludan,eredar,1053,monk,mistweaver,18,11,7
Karnbroo,frostmourne,1052,monk,mistweaver,24,11,13
Kariwanji,tichondrius,1049,monk,mistweaver,18,11,7
Tobyblack,illidan,1049,monk,mistweaver,18,11,7
Johnkreese,andorhal,1049,monk,mistweaver,24,11,13
Zenmasta,exodar,1046,monk,mistweaver,18,11,7
Delassian,moon-guard,1044,monk,mistweaver,34,16,18
Sweatweaver,frostmourne,1044,monk,mistweaver,28,12,16
Raidenmnx,tichondrius,1042,monk,mistweaver,24,11,13
Dreadknotz,hyjal,1042,monk,mistweaver,30,12,18
Smokingkills,wyrmrest-accord,1038,monk,mistweaver,42,17,25
Tadaku,dalaran,1033,monk,mistweaver,37,17,20
Motogp,tichondrius,1021,monk,mistweaver,32,12,20
Ainz,nagrand,1016,monk,mistweaver,30,15,15
Dblfistez,stormreaver,1016,monk,mistweaver,28,12,16
Spaazz,tichondrius,1015,monk,mistweaver,17,11,6
Ratioed,moon-guard,1014,monk,mistweaver,23,15,8
Razod,stormrage,1014,monk,mistweaver,24,11,13
Anthuri,frostmourne,1005,monk,mistweaver,23,13,10
Jerumay,tichondrius,1000,monk,mistweaver,23,11,12
Kendro,trollbane,986,monk,mistweaver,17,11,6
Hype,ursin,960,monk,mistweaver,12,10,2
Gameníne,tichondrius,960,monk,mistweaver,12,10,2
Akkiira,sargeras,960,monk,mistweaver,18,10,8
Wrxx,kelthuzad,960,monk,mistweaver,18,10,8
Greenfriend,illidan,960,monk,mistweaver,18,10,8
Kris,llane,960,monk,mistweaver,18,10,8
Yasysy,tichondrius,960,monk,mistweaver,18,10,8
Vaen,kelthuzad,960,monk,mistweaver,18,10,8
Cymonka,sargeras,959,monk,mistweaver,18,10,8
Sodamint,sargeras,959,monk,mistweaver,18,10,8
Metakillër,ragnaros,958,monk,mistweaver,22,11,11
Slothman,nagrand,956,monk,mistweaver,18,10,8
Telrande,ysondre,953,monk,mistweaver,29,19,10
Güwop,tichondrius,951,monk,mistweaver,24,10,14
Waxxi,barthilas,934,monk,mistweaver,24,10,14
Deadlyzz,gilneas,913,monk,mistweaver,18,11,7
Äncient,quelthalas,908,monk,mistweaver,15,11,4
Femalejam,darkspear,894,monk,mistweaver,17,10,7
Stickbundle,illidan,888,monk,mistweaver,15,11,4
Monkgyfatso,tichondrius,878,monk,mistweaver,11,10,1
Xbrewtal,tichondrius,878,monk,mistweaver,18,11,7
Basedbuck,dalaran,864,monk,mistweaver,12,9,3
Ticmonk,frostmourne,864,monk,mistweaver,12,9,3
Chaddington,malorne,864,monk,mistweaver,12,9,3
Jonnymon,sargeras,864,monk,mistweaver,12,9,3
Mistpump,tichondrius,864,monk,mistweaver,12,9,3
Hîddëncløùdx,tichondrius,864,monk,mistweaver,12,9,3
Imnumberone,alterac-mountains,864,monk,mistweaver,12,9,3
Rexfiend,tichondrius,864,monk,mistweaver,12,9,3
Flicksx,arthas,864,monk,mistweaver,12,9,3
Taichí,tichondrius,864,monk,mistweaver,18,9,9
Yepcocc,lightbringer,864,monk,mistweaver,18,9,9
Intertwine,frostmourne,864,monk,mistweaver,18,9,9
Bobbytheorc,tichondrius,864,monk,mistweaver,18,9,9
Gottí,sargeras,864,monk,mistweaver,18,9,9
Kriticalkush,kelthuzad,864,monk,mistweaver,18,9,9
Imdabes,velen,864,monk,mistweaver,18,9,9
Cystweaver,dalaran,863,monk,mistweaver,12,9,3
Snoozzy,kelthuzad,863,monk,mistweaver,18,9,9
Nelda,gorgonnash,862,monk,mistweaver,12,9,3
Paperfist,stormrage,862,monk,mistweaver,12,9,3
Pimpolhona,nemesis,862,monk,mistweaver,24,9,15
Odogin,tichondrius,861,monk,mistweaver,12,9,3
Tirionx,area-52,861,monk,mistweaver,18,9,9
Troutline,bonechewer,858,monk,mistweaver,12,9,3
Zenquadz,elune,857,monk,mistweaver,12,9,3
Monkism,warsong,855,monk,mistweaver,12,9,3
Merand,tichondrius,843,monk,mistweaver,12,9,3
Monkgringo,azralon,814,monk,mistweaver,18,9,9
Goodluck,madoran,809,monk,mistweaver,27,10,17
Tuladura,tichondrius,768,monk,mistweaver,12,8,4
Furiousfrank,stormrage,768,monk,mistweaver,12,8,4
Cuckoon,malganis,768,monk,mistweaver,12,8,4
Ricearolli,area-52,768,monk,mistweaver,12,8,4
Carzzy,sargeras,768,monk,mistweaver,12,8,4
Garg,malganis,768,monk,mistweaver,12,8,4
Torakigai,ghostlands,768,monk,mistweaver,12,8,4
Tonyboloney,tichondrius,768,monk,mistweaver,12,8,4
Velzarria,zuljin,768,monk,mistweaver,18,8,10
Imafqnbaby,tichondrius,768,monk,mistweaver,18,8,10
Yobeel,tichondrius,768,monk,mistweaver,24,8,16
Jeolmyung,tichondrius,767,monk,mistweaver,12,8,4
Cryptmist,frostmourne,767,monk,mistweaver,12,8,4
Havasupai,turalyon,767,monk,mistweaver,12,8,4
Blitzcombo,thrall,767,monk,mistweaver,12,8,4
Velenious,tichondrius,767,monk,mistweaver,12,8,4
Aerona,stormreaver,767,monk,mistweaver,12,8,4
Elfass,bleeding-hollow,767,monk,mistweaver,18,8,10
Versachi,stormreaver,767,monk,mistweaver,18,8,10
Barleygar,tichondrius,767,monk,mistweaver,18,8,10
Artomist,stormrage,766,monk,mistweaver,12,8,4
Fludz,burning-blade,766,monk,mistweaver,18,8,10
Sobuu,wyrmrest-accord,765,monk,mistweaver,12,8,4
Vonn,drakkari,765,monk,mistweaver,18,8,10
Orenj,boulderfist,764,monk,mistweaver,12,8,4
Scips,fizzcrank,764,monk,mistweaver,18,8,10
Kryflex,frostmourne,720,monk,mistweaver,15,9,6
Karynia,illidan,712,monk,mistweaver,15,9,6
Shùù,tichondrius,703,monk,mistweaver,11,8,3
Bromonster,zuljin,672,monk,mistweaver,12,7,5
Ðrägønéyèz,malygos,672,monk,mistweaver,12,7,5
Santhz,ragnaros,672,monk,mistweaver,12,7,5
Nerf,malganis,672,monk,mistweaver,12,7,5
Knuqz,stormrage,672,monk,mistweaver,12,7,5
Flavier,illidan,672,monk,mistweaver,12,7,5
Gnappyy,tichondrius,672,monk,mistweaver,12,7,5
Thirteendads,turalyon,672,monk,mistweaver,12,7,5
Lostinmistz,tichondrius,672,monk,mistweaver,12,7,5
Astrino,zuljin,672,monk,mistweaver,12,7,5
Ashmisty,kelthuzad,672,monk,mistweaver,12,7,5
Lgee,kelthuzad,672,monk,mistweaver,12,7,5
Stinkycok,tichondrius,672,monk,mistweaver,12,7,5
Qarmax,azralon,672,monk,mistweaver,12,7,5
Rañga,caelestrasz,672,monk,mistweaver,12,7,5
Zerker,nagrand,672,monk,mistweaver,12,7,5
Shefcurry,boulderfist,672,monk,mistweaver,12,7,5
Bouncymoo,frostmourne,672,monk,mistweaver,12,7,5
Siserfister,sargeras,672,monk,mistweaver,12,7,5
Ywingtsuan,frostmourne,672,monk,mistweaver,12,7,5
Prisonike,bleeding-hollow,672,monk,mistweaver,12,7,5
Cööked,illidan,672,monk,mistweaver,20,8,12
Ïtächï,illidan,672,monk,mistweaver,18,7,11
Lovehate,zuljin,672,monk,mistweaver,18,7,11
Chillionaíre,proudmoore,672,monk,mistweaver,18,7,11
Imdabes,destromath,672,monk,mistweaver,18,7,11
Furyjames,quelthalas,672,monk,mistweaver,24,7,17
Pomonk,nazjatar,671,monk,mistweaver,12,7,5
Monkydoo,blackhand,671,monk,mistweaver,12,7,5
Warzsong,azralon,671,monk,mistweaver,12,7,5
Xenitate,bleeding-hollow,671,monk,mistweaver,12,7,5
Alisoly,tichondrius,671,monk,mistweaver,12,7,5
Táishen,wyrmrest-accord,671,monk,mistweaver,16,8,8
Chitacos,trollbane,671,monk,mistweaver,18,7,11
Bükki,ragnaros,671,monk,mistweaver,18,7,11
Boozebear,spirestone,670,monk,mistweaver,12,7,5
Pandaranga,saurfang,670,monk,mistweaver,28,8,20
Seaja,malganis,666,monk,mistweaver,37,7,30
Azz,barthilas,623,monk,mistweaver,11,7,4
Byakugan,moon-guard,622,monk,mistweaver,11,7,4
Keeanuweaves,tichondrius,592,monk,mistweaver,7,7,0
Psypalm,zuljin,576,monk,mistweaver,6,6,0
Rileyreidfan,azjolnerub,576,monk,mistweaver,6,6,0
Huaren,tichondrius,576,monk,mistweaver,6,6,0
Statue,cenarius,576,monk,mistweaver,6,6,0
Sâx,stormreaver,576,monk,mistweaver,6,6,0
Boomtac,moon-guard,576,monk,mistweaver,6,6,0
Rectus,proudmoore,576,monk,mistweaver,6,6,0
Drizzywow,arathor,576,monk,mistweaver,6,6,0
Lýøp,illidan,576,monk,mistweaver,6,6,0
Bowstâff,lightbringer,576,monk,mistweaver,6,6,0
Jaja,kiljaeden,576,monk,mistweaver,12,6,6
Wungpo,the-forgotten-coast,576,monk,mistweaver,12,6,6
Bebess,moon-guard,576,monk,mistweaver,12,6,6
Kungupanda,nesingwary,576,monk,mistweaver,12,6,6
Magnustavick,bleeding-hollow,576,monk,mistweaver,12,6,6
Htm,barthilas,576,monk,mistweaver,12,6,6
Tirêd,sargeras,576,monk,mistweaver,12,6,6
Jojostar,shadowsong,576,monk,mistweaver,12,6,6
Titti,korgath,576,monk,mistweaver,12,6,6
Dreamscapexo,kelthuzad,576,monk,mistweaver,12,6,6
Chanîng,frostmourne,576,monk,mistweaver,12,6,6
Canghaimonk,tichondrius,576,monk,mistweaver,12,6,6
Luvdeluxe,skullcrusher,576,monk,mistweaver,12,6,6
Dreamfist,emerald-dream,576,monk,mistweaver,12,6,6
Lumiän,area-52,576,monk,mistweaver,12,6,6
Briàr,area-52,576,monk,mistweaver,12,6,6
Jieterchan,malganis,576,monk,mistweaver,12,6,6
Xitearith,ragnaros,576,monk,mistweaver,12,6,6
Quitw,tichondrius,576,monk,mistweaver,12,6,6
Faccemelter,illidan,576,monk,mistweaver,12,6,6
Comonk,area-52,576,monk,mistweaver,12,6,6
Simarity,kelthuzad,576,monk,mistweaver,18,6,12
Suamw,tichondrius,576,monk,mistweaver,18,6,12
Stonefists,ysondre,576,monk,mistweaver,18,6,12
Chessyx,ragnaros,576,monk,mistweaver,18,6,12
Brewtalitops,illidan,575,monk,mistweaver,12,6,6
Bresmeatfore,barthilas,575,monk,mistweaver,12,6,6
Ormchi,stormrage,575,monk,mistweaver,13,6,7
Canghaigg,tichondrius,543,monk,mistweaver,11,6,5
Rektfu,emerald-dream,524,monk,mistweaver,15,7,8
Mastamonksta,illidan,512,monk,mistweaver,16,6,10
Fonnf,nemesis,511,monk,mistweaver,8,6,2
Baee,cairne,496,monk,mistweaver,19,6,13
Elcidw,tichondrius,480,monk,mistweaver,6,5,1
Aokuâng,malganis,480,monk,mistweaver,6,5,1
Aledal,agamaggan,480,monk,mistweaver,6,5,1
Mistussy,sargeras,480,monk,mistweaver,6,5,1
Dryungpwnz,zuljin,480,monk,mistweaver,6,5,1
Chevvyy,azshara,480,monk,mistweaver,6,5,1
Magmuruk,garrosh,480,monk,mistweaver,6,5,1
Decompress,illidan,480,monk,mistweaver,6,5,1
Avãrîce,stormrage,480,monk,mistweaver,6,5,1
Gomon,terenas,480,monk,mistweaver,6,5,1
Vum,quelthalas,480,monk,mistweaver,6,5,1
Ghðst,ragnaros,480,monk,mistweaver,6,5,1
Fistlord,zuljin,480,monk,mistweaver,6,5,1
Nicotinetap,tichondrius,480,monk,mistweaver,6,5,1
Pinot,dragonmaw,480,monk,mistweaver,6,5,1
Genia,ragnaros,480,monk,mistweaver,6,5,1
Nerfmonk,spirestone,480,monk,mistweaver,6,5,1
Kayflock,tichondrius,480,monk,mistweaver,6,5,1
Shâdòw,ragnaros,480,monk,mistweaver,6,5,1
Innerchii,tichondrius,480,monk,mistweaver,6,5,1
Herbivorous,sargeras,480,monk,mistweaver,12,5,7
Kaiøken,tichondrius,480,monk,mistweaver,12,5,7
Judo,khadgar,480,monk,mistweaver,12,5,7
Waataafaak,malganis,480,monk,mistweaver,12,5,7
Lemmetouch,illidan,480,monk,mistweaver,12,5,7
Wzzi,tichondrius,480,monk,mistweaver,12,5,7
Swuseng,tichondrius,480,monk,mistweaver,12,5,7
Buddhabud,sargeras,480,monk,mistweaver,12,5,7
Dabnhash,emerald-dream,480,monk,mistweaver,12,5,7
Kimonk,proudmoore,479,monk,mistweaver,6,5,1
Wisepaw,tichondrius,479,monk,mistweaver,12,5,7
Satchelgizmo,tichondrius,479,monk,mistweaver,18,5,13
Swiftm,thrall,479,monk,mistweaver,18,5,13
Safigirl,doomhammer,478,monk,mistweaver,12,5,7
Wetspaghetti,malganis,477,monk,mistweaver,12,5,7
Baroon,chogall,463,monk,mistweaver,11,5,6
Søpra,zuljin,447,monk,mistweaver,8,6,2
Beefdadyfist,tichondrius,440,monk,mistweaver,24,8,16
Nesoween,tichondrius,432,monk,mistweaver,9,6,3
Jasonmonk,sargeras,432,monk,mistweaver,9,5,4
Blessedbalor,tichondrius,432,monk,mistweaver,9,5,4
Confa,ragnaros,426,monk,mistweaver,22,6,16
Brewamp,zuljin,416,monk,mistweaver,16,5,11
Mightbewôrth,thunderhorn,384,monk,mistweaver,6,4,2
Mêlon,tichondrius,384,monk,mistweaver,6,4,2
Pai,sargeras,384,monk,mistweaver,6,4,2
Teddybéar,illidan,384,monk,mistweaver,6,4,2
Swurvex,bleeding-hollow,384,monk,mistweaver,6,4,2
Miley,lethon,384,monk,mistweaver,6,4,2
Grandpå,tichondrius,384,monk,mistweaver,6,4,2
Sleeks,bonechewer,384,monk,mistweaver,6,4,2
Àvríam,stormrage,384,monk,mistweaver,6,4,2
Keepcryin,gorefiend,384,monk,mistweaver,6,4,2
Squalicorax,area-52,384,monk,mistweaver,6,4,2
Nakiki,cenarion-circle,384,monk,mistweaver,6,4,2
Integrity,durotan,384,monk,mistweaver,6,4,2
Snuzzao,darkspear,384,monk,mistweaver,6,4,2
Xinergy,illidan,384,monk,mistweaver,6,4,2
Ogsimpsonn,tichondrius,384,monk,mistweaver,6,4,2
Zbell,sargeras,384,monk,mistweaver,6,4,2
Praydoh,tichondrius,384,monk,mistweaver,6,4,2
Crabfest,zuljin,384,monk,mistweaver,6,4,2
Lita,barthilas,384,monk,mistweaver,6,4,2
Eppsmonk,tichondrius,384,monk,mistweaver,6,4,2
Tinyboots,area-52,384,monk,mistweaver,6,4,2
Wèave,tichondrius,384,monk,mistweaver,6,4,2
Truefists,stormrage,384,monk,mistweaver,6,4,2
Pcyesh,nemesis,384,monk,mistweaver,6,4,2
Taichichuan,tichondrius,384,monk,mistweaver,6,4,2
Mememories,tichondrius,384,monk,mistweaver,6,4,2
Tiptea,stormrage,384,monk,mistweaver,6,4,2
Swolington,proudmoore,384,monk,mistweaver,6,4,2
Monktu,frostmourne,384,monk,mistweaver,12,4,8
Friedpanda,kelthuzad,384,monk,mistweaver,12,4,8
Jhaded,tichondrius,384,monk,mistweaver,12,4,8
Crakgirl,malganis,384,monk,mistweaver,12,4,8
Samzo,barthilas,384,monk,mistweaver,12,4,8
Breadweaver,malganis,384,monk,mistweaver,12,4,8
Pax,boulderfist,384,monk,mistweaver,12,4,8
Brazfu,skullcrusher,384,monk,mistweaver,12,4,8
Nicolascåge,destromath,384,monk,mistweaver,12,4,8
Åvå,emerald-dream,384,monk,mistweaver,12,4,8
Nutbag,norgannon,384,monk,mistweaver,12,4,8
Rockcalm,malganis,384,monk,mistweaver,18,4,14
Hapgido,deathwing,383,monk,mistweaver,19,7,12
Zyemell,tichondrius,383,monk,mistweaver,12,4,8
Epptwo,aggramar,383,monk,mistweaver,12,4,8
Ellesig,ragnaros,367,monk,mistweaver,11,4,7
Metalmønk,nerzhul,360,monk,mistweaver,13,7,6
Sinistuhm,tichondrius,351,monk,mistweaver,11,4,7
Iluvthugnmcz,sargeras,335,monk,mistweaver,11,4,7
Ataxic,illidan,319,monk,mistweaver,5,4,1
Alekun,quelthalas,288,monk,mistweaver,6,3,3
Teclas,ragnaros,288,monk,mistweaver,6,3,3
Originalmonk,tichondrius,288,monk,mistweaver,6,3,3
Beboté,quelthalas,288,monk,mistweaver,6,3,3
Shredmw,tichondrius,288,monk,mistweaver,6,3,3
Chingu,ragnaros,288,monk,mistweaver,6,3,3
Mauvem,tichondrius,288,monk,mistweaver,6,3,3
Sumaran,hydraxis,288,monk,mistweaver,6,3,3
Fistin,laughing-skull,288,monk,mistweaver,6,3,3
Fheng,emerald-dream,288,monk,mistweaver,6,3,3
Spiritmist,sargeras,288,monk,mistweaver,6,3,3
Whipllash,tichondrius,288,monk,mistweaver,6,3,3
Kodrik,tichondrius,288,monk,mistweaver,6,3,3
Sshri,illidan,288,monk,mistweaver,6,3,3
Lindraice,illidan,288,monk,mistweaver,6,3,3
Zenox,rexxar,288,monk,mistweaver,6,3,3
Korata,frostwolf,288,monk,mistweaver,6,3,3
Ðreadhot,malganis,288,monk,mistweaver,6,3,3
Austaar,frostmourne,288,monk,mistweaver,6,3,3
Zuhak,tichondrius,288,monk,mistweaver,6,3,3
Glitchi,area-52,288,monk,mistweaver,6,3,3
Aphrodîîte,area-52,288,monk,mistweaver,6,3,3
Sourcandyx,area-52,288,monk,mistweaver,6,3,3
Punch,lothar,288,monk,mistweaver,6,3,3
Sterow,kiljaeden,288,monk,mistweaver,6,3,3
Lõgan,azralon,288,monk,mistweaver,6,3,3
Blorkk,area-52,288,monk,mistweaver,6,3,3
Maybeyooshi,kelthuzad,288,monk,mistweaver,6,3,3
Benex,tichondrius,288,monk,mistweaver,6,3,3
Tamingpanda,wildhammer,288,monk,mistweaver,6,3,3
Grogio,wyrmrest-accord,288,monk,mistweaver,6,3,3
Fammi,stormrage,288,monk,mistweaver,6,3,3
Cädemaddöx,stormrage,288,monk,mistweaver,6,3,3
Nukeproof,stormreaver,288,monk,mistweaver,6,3,3
Bearmode,wyrmrest-accord,288,monk,mistweaver,6,3,3
Pisswalker,area-52,288,monk,mistweaver,6,3,3
Benneroy,moon-guard,288,monk,mistweaver,6,3,3
Iielia,wyrmrest-accord,288,monk,mistweaver,6,3,3
Triarcs,area-52,288,monk,mistweaver,6,3,3
Danceofchiji,tichondrius,288,monk,mistweaver,6,3,3
Lonebamboo,tichondrius,288,monk,mistweaver,9,4,5
Danarolls,spirestone,288,monk,mistweaver,12,3,9
Wizcaulifa,stormrage,288,monk,mistweaver,12,3,9
Mwtouch,nemesis,288,monk,mistweaver,12,3,9
Lilbee,azjolnerub,287,monk,mistweaver,6,3,3
Deyseddia,azgalor,287,monk,mistweaver,6,3,3
Holandri,moon-guard,287,monk,mistweaver,6,3,3
Minttea,kiljaeden,287,monk,mistweaver,12,3,9
Kfpanda,hellscream,287,monk,mistweaver,12,3,9
Dreamy,mugthol,286,monk,mistweaver,6,3,3
Sohéi,proudmoore,271,monk,mistweaver,11,3,8
Lildae,burning-legion,256,monk,mistweaver,4,4,0
Gtmdyjs,illidan,239,monk,mistweaver,5,3,2
Excitable,moon-guard,234,monk,mistweaver,8,4,4
Zeisei,wyrmrest-accord,234,monk,mistweaver,10,4,6
Actualcrime,tichondrius,192,monk,mistweaver,6,2,4
Oochi,illidan,192,monk,mistweaver,6,2,4
Sukrit,darkspear,192,monk,mistweaver,6,2,4
Skadouch,wyrmrest-accord,192,monk,mistweaver,6,2,4
Silkymoves,tichondrius,192,monk,mistweaver,6,2,4
Fortnight,emerald-dream,192,monk,mistweaver,6,2,4
Jaybum,sargeras,192,monk,mistweaver,6,2,4
Mistbeard,aggramar,192,monk,mistweaver,6,2,4
Jugies,emerald-dream,192,monk,mistweaver,6,2,4
Nilonsso,sargeras,192,monk,mistweaver,6,2,4
Korvishka,malganis,192,monk,mistweaver,6,2,4
Lovechabill,darkspear,192,monk,mistweaver,6,2,4
Bodyshot,area-52,192,monk,mistweaver,6,2,4
Apparent,lightnings-blade,192,monk,mistweaver,6,2,4
Vchii,tichondrius,192,monk,mistweaver,6,2,4
Underpants,skullcrusher,192,monk,mistweaver,6,2,4
Caralia,exodar,192,monk,mistweaver,6,2,4
Fäded,trollbane,192,monk,mistweaver,6,2,4
Barlyfe,tichondrius,192,monk,mistweaver,6,2,4
Macktickle,zuljin,192,monk,mistweaver,6,2,4
Beerflow,stormrage,192,monk,mistweaver,6,2,4
Glowsgreenby,area-52,192,monk,mistweaver,6,2,4
Selocke,bleeding-hollow,192,monk,mistweaver,6,2,4
Ftgx,sargeras,192,monk,mistweaver,6,2,4
Chopschtichs,kiljaeden,192,monk,mistweaver,6,2,4
Krob,bleeding-hollow,192,monk,mistweaver,6,2,4
Wamii,tichondrius,192,monk,mistweaver,6,2,4
Onepunch,exodar,192,monk,mistweaver,7,2,5
Coffeek,area-52,192,monk,mistweaver,8,2,6
Copula,illidan,192,monk,mistweaver,10,2,8
Drfoochi,tichondrius,192,monk,mistweaver,12,2,10
Ghim,frostmourne,192,monk,mistweaver,12,2,10
Izgoku,frostmane,192,monk,mistweaver,12,2,10
Whynotec,tichondrius,192,monk,mistweaver,12,2,10
Tragictea,zuljin,192,monk,mistweaver,12,2,10
Hyugga,azralon,159,monk,mistweaver,5,2,3
Baittor,proudmoore,144,monk,mistweaver,3,3,0
Craziediemon,malganis,138,monk,mistweaver,8,3,5
Vyostao,ragnaros,138,monk,mistweaver,11,3,8
Fistay,burning-legion,96,monk,mistweaver,3,2,1
Esleif,moonrunner,96,monk,mistweaver,6,1,5
Bluemyselph,tichondrius,96,monk,mistweaver,6,1,5
Zrza,tichondrius,96,monk,mistweaver,6,1,5
Kimmyfists,tichondrius,96,monk,mistweaver,6,1,5
Göat,emerald-dream,96,monk,mistweaver,6,1,5
Stinx,ragnaros,96,monk,mistweaver,6,1,5
Dankestkhan,korialstrasz,96,monk,mistweaver,6,1,5
Callibella,amanthul,96,monk,mistweaver,6,1,5
Turkeydinner,frostmourne,96,monk,mistweaver,6,1,5
Stickyloads,illidan,96,monk,mistweaver,6,1,5
Frankènmonk,illidan,96,monk,mistweaver,6,1,5
Sprinklo,sargeras,96,monk,mistweaver,6,1,5
Selectra,malfurion,95,monk,mistweaver,6,1,5
Bomer,moknathal,79,monk,mistweaver,5,1,4
Whatdaheal,darkspear,79,monk,mistweaver,5,1,4
Pinkgucci,thrall,79,monk,mistweaver,5,1,4
Braindi,arathor,79,monk,mistweaver,5,1,4
Notfw,tichondrius,48,monk,mistweaver,3,1,2
ßiggiesmallz,barthilas,42,monk,mistweaver,6,2,4
Worldpvp,nerzhul,672,monk,brewmaster,21,8,13
Robbo,tichondrius,288,monk,brewmaster,6,3,3
Drunkfight,zuljin,192,monk,brewmaster,18,2,16
Neighbors,sargeras,2250,monk,windwalker,91,51,40
Senseiww,sargeras,2109,monk,windwalker,102,51,51
Sean,nazjatar,2101,monk,windwalker,66,35,31
Flattsww,tichondrius,2026,monk,windwalker,130,66,64
Cmx,sargeras,2022,monk,windwalker,83,41,42
Vybïn,tichondrius,1990,monk,windwalker,72,41,31
Hypnøtìze,frostmourne,1955,monk,windwalker,66,37,29
Keyam,illidan,1945,monk,windwalker,65,36,29
Fueld,burning-legion,1923,monk,windwalker,65,33,32
Thewy,tichondrius,1895,monk,windwalker,54,27,27
Touchofdeáth,stormrage,1860,monk,windwalker,47,27,20
Stárset,illidan,1854,monk,windwalker,48,25,23
Wondý,quelthalas,1850,monk,windwalker,62,31,31
Lodbork,tichondrius,1841,monk,windwalker,70,39,31
Iílílílílílí,area-52,1839,monk,windwalker,54,27,27
Serthean,illidan,1827,monk,windwalker,51,26,25
Edenx,sargeras,1825,monk,windwalker,42,23,19
Nelariah,wyrmrest-accord,1822,monk,windwalker,59,28,31
Sentomaru,bleeding-hollow,1820,monk,windwalker,66,33,33
Baddi,uldum,1816,monk,windwalker,64,30,34
Madtiger,scilla,1809,monk,windwalker,60,28,32
Pacmankr,tichondrius,1806,monk,windwalker,48,25,23
Spotifyfan,ysera,1802,monk,windwalker,24,19,5
Conngaline,stormreaver,1785,monk,windwalker,72,30,42
Rockyßalboa,sargeras,1772,monk,windwalker,69,42,27
Titanus,chogall,1741,monk,windwalker,103,58,45
Pandagirlw,tichondrius,1735,monk,windwalker,72,43,29
Wolffangfist,sargeras,1695,monk,windwalker,69,42,27
Khawai,sargeras,1686,monk,windwalker,30,21,9
Dea,thrall,1673,monk,windwalker,72,37,35
Chingu,ragnaros,1672,monk,windwalker,81,43,38
Jasey,area-52,1670,monk,windwalker,23,18,5
Hèllòkîttý,illidan,1666,monk,windwalker,30,19,11
Hæt,stormrage,1665,monk,windwalker,48,23,25
Shishosenin,quelthalas,1662,monk,windwalker,48,26,22
Foxchik,zuljin,1648,monk,windwalker,58,33,25
Kabals,frostmourne,1627,monk,windwalker,30,17,13
Droguex,tichondrius,1627,monk,windwalker,36,17,19
Tschi,illidan,1619,monk,windwalker,24,17,7
Dabzin,stormrage,1611,monk,windwalker,53,32,21
Fistnu,aggramar,1608,monk,windwalker,65,40,25
Reprap,elune,1605,monk,windwalker,24,18,6
Windwalker,blackhand,1597,monk,windwalker,35,19,16
Harde,thrall,1593,monk,windwalker,42,21,21
Robbo,tichondrius,1580,monk,windwalker,36,18,18
Wonderx,darkspear,1579,monk,windwalker,30,20,10
Göllyjee,tichondrius,1573,monk,windwalker,60,26,34
Jükedx,stormrage,1567,monk,windwalker,46,26,20
Unlike,tichondrius,1566,monk,windwalker,78,37,41
Hotwatertank,area-52,1557,monk,windwalker,30,18,12
Rockemsockem,gorefiend,1551,monk,windwalker,48,29,19
Showshoway,tichondrius,1539,monk,windwalker,36,18,18
Homun,tichondrius,1534,monk,windwalker,30,16,14
Maomaogun,tichondrius,1533,monk,windwalker,18,16,2
Çraßsßùrgêr,bonechewer,1533,monk,windwalker,24,16,8
Liamllama,barthilas,1530,monk,windwalker,30,16,14
Byakugun,wyrmrest-accord,1522,monk,windwalker,36,21,15
Odogin,tichondrius,1520,monk,windwalker,65,42,23
Hagano,drakkari,1518,monk,windwalker,35,19,16
Arizøna,illidan,1504,monk,windwalker,29,18,11
Themanski,area-52,1504,monk,windwalker,30,16,14
Jbills,muradin,1499,monk,windwalker,24,16,8
Mastahp,tichondrius,1488,monk,windwalker,24,16,8
Lickthefist,sargeras,1445,monk,windwalker,24,16,8
Sonsia,arthas,1444,monk,windwalker,35,20,15
Brewmaker,sargeras,1439,monk,windwalker,34,19,15
Sunfistway,sargeras,1430,monk,windwalker,26,15,11
Astrofu,tichondrius,1429,monk,windwalker,58,25,33
Muritors,ragnaros,1426,monk,windwalker,24,15,9
Katsübooy,azralon,1425,monk,windwalker,46,24,22
Kawasakii,tichondrius,1418,monk,windwalker,42,22,20
Anarska,thrall,1409,monk,windwalker,36,21,15
Backfliptime,ragnaros,1383,monk,windwalker,34,19,15
Npepper,khadgar,1350,monk,windwalker,34,15,19
Alps,darkspear,1341,monk,windwalker,24,14,10
Jümmy,area-52,1338,monk,windwalker,30,14,16
Sgarbossa,tortheldrin,1337,monk,windwalker,30,14,16
Trapeez,kelthuzad,1326,monk,windwalker,58,32,26
Surgarush,moon-guard,1305,monk,windwalker,24,14,10
Gún,ragnaros,1294,monk,windwalker,47,20,27
Daslow,quelthalas,1293,monk,windwalker,60,27,33
Weezzyboi,tichondrius,1263,monk,windwalker,42,22,20
Stickyloads,illidan,1248,monk,windwalker,60,28,32
Monkatron,arthas,1247,monk,windwalker,18,13,5
Blackpandax,tichondrius,1247,monk,windwalker,24,13,11
Aidenww,area-52,1246,monk,windwalker,18,13,5
Pamii,quelthalas,1246,monk,windwalker,36,13,23
Nightww,area-52,1241,monk,windwalker,24,13,11
Corsan,illidan,1236,monk,windwalker,18,13,5
Guylian,tichondrius,1214,monk,windwalker,23,13,10
Xéia,area-52,1201,monk,windwalker,60,23,37
Jegann,tichondrius,1175,monk,windwalker,32,13,19
Dumplíngs,emerald-dream,1175,monk,windwalker,38,13,25
Sarious,lightbringer,1163,monk,windwalker,30,14,16
Torkscrew,bleeding-hollow,1152,monk,windwalker,18,12,6
Chopt,zuljin,1152,monk,windwalker,24,12,12
Lavinci,area-52,1152,monk,windwalker,24,12,12
Bløødÿ,ragnaros,1151,monk,windwalker,12,12,0
Xradu,dawnbringer,1147,monk,windwalker,18,12,6
Stigzz,stormrage,1118,monk,windwalker,23,12,11
Shinaniganz,chogall,1118,monk,windwalker,36,14,22
Drektarz,area-52,1104,monk,windwalker,55,24,31
Bonflur,quelthalas,1090,monk,windwalker,66,34,32
Astteell,proudmoore,1089,monk,windwalker,39,13,26
Ojiin,wyrmrest-accord,1079,monk,windwalker,24,13,11
Kagebunshin,kelthuzad,1056,monk,windwalker,18,11,7
Zuì,sargeras,1056,monk,windwalker,18,11,7
Sultanofwind,malganis,1056,monk,windwalker,18,11,7
Hamyu,illidan,1056,monk,windwalker,24,13,11
Larryjonés,area-52,1056,monk,windwalker,24,11,13
Rubntug,zuljin,1055,monk,windwalker,18,11,7
Bakedmonk,smolderthorn,1055,monk,windwalker,18,11,7
Daddyrugburn,area-52,1052,monk,windwalker,18,11,7
Kogoli,frostwolf,1051,monk,windwalker,36,11,25
Chaosrose,area-52,1044,monk,windwalker,18,11,7
Jnx,emerald-dream,1038,monk,windwalker,24,11,13
Repbrew,sargeras,992,monk,windwalker,28,11,17
Scarlos,tichondrius,962,monk,windwalker,68,30,38
Zhoku,tichondrius,960,monk,windwalker,12,10,2
Aýre,ravencrest,960,monk,windwalker,12,10,2
Shïvïr,azralon,960,monk,windwalker,18,10,8
Dwarfmonk,tichondrius,960,monk,windwalker,24,10,14
Råii,sargeras,959,monk,windwalker,12,10,2
Akanq,tichondrius,959,monk,windwalker,18,10,8
Pinot,dragonmaw,959,monk,windwalker,24,10,14
Dïsturbedtko,azralon,958,monk,windwalker,24,10,14
Gidster,dalaran,955,monk,windwalker,24,10,14
Megatraun,tichondrius,953,monk,windwalker,18,10,8
Xìðñ,moon-guard,952,monk,windwalker,18,10,8
Sleýin,tichondrius,951,monk,windwalker,24,10,14
Yrn,crushridge,949,monk,windwalker,18,10,8
Sandii,azralon,902,monk,windwalker,30,14,16
Fitmonje,drakkari,884,monk,windwalker,22,10,12
Danimalz,stormrage,864,monk,windwalker,12,9,3
Poormanx,illidan,864,monk,windwalker,12,9,3
Helvectius,tichondrius,864,monk,windwalker,12,9,3
Mikeyx,area-52,864,monk,windwalker,12,9,3
Jaige,illidan,864,monk,windwalker,18,9,9
Naagg,tichondrius,864,monk,windwalker,18,9,9
Syerzie,dalaran,864,monk,windwalker,18,9,9
Kuranchi,sargeras,864,monk,windwalker,18,9,9
Jdanîel,ragnaros,864,monk,windwalker,18,9,9
Phistea,area-52,864,monk,windwalker,18,9,9
Kutz,proudmoore,863,monk,windwalker,18,9,9
Somethingre,sargeras,862,monk,windwalker,12,9,3
Zaabuza,azralon,862,monk,windwalker,12,9,3
Romeonjuliet,tichondrius,859,monk,windwalker,18,9,9
Acindian,malganis,853,monk,windwalker,18,9,9
Senritsuh,drakkari,815,monk,windwalker,23,9,14
Pangpoong,tichondrius,812,monk,windwalker,21,9,12
Zoomerxd,stormrage,768,monk,windwalker,12,8,4
Monkgyatso,drakthul,768,monk,windwalker,12,8,4
Mcbluffin,onyxia,768,monk,windwalker,12,8,4
Hitt,barthilas,768,monk,windwalker,18,8,10
Calmpunchman,mannoroth,768,monk,windwalker,18,8,10
Mechamonk,aerie-peak,768,monk,windwalker,18,8,10
Thåi,anubarak,768,monk,windwalker,18,8,10
Chiang,chogall,768,monk,windwalker,18,8,10
Taggz,thunderlord,768,monk,windwalker,18,8,10
Jamut,stormrage,768,monk,windwalker,18,8,10
Zenigma,area-52,768,monk,windwalker,18,8,10
Tyroneßanks,stormrage,767,monk,windwalker,12,8,4
Haharetsdead,illidan,767,monk,windwalker,18,8,10
Wutangkillaß,kiljaeden,767,monk,windwalker,18,8,10
Nf,zuljin,766,monk,windwalker,12,8,4
Garmakasmonk,skullcrusher,766,monk,windwalker,12,8,4
Anatomyx,kelthuzad,766,monk,windwalker,12,8,4
Fistys,area-52,766,monk,windwalker,21,9,12
Acharä,tichondrius,763,monk,windwalker,18,8,10
Extinctión,stormscale,762,monk,windwalker,12,8,4
Kfpeeves,sargeras,759,monk,windwalker,18,8,10
Ristion,moon-guard,672,monk,windwalker,12,7,5
Kudrix,frostwolf,672,monk,windwalker,12,7,5
Innerverse,tichondrius,672,monk,windwalker,12,7,5
Bluntdoctor,stormreaver,672,monk,windwalker,12,7,5
Ázão,stormrage,672,monk,windwalker,12,7,5
Dragonwhirl,stormrage,672,monk,windwalker,12,7,5
Duhäst,sargeras,672,monk,windwalker,12,7,5
Fimeu,kiljaeden,672,monk,windwalker,12,7,5
Porxhub,tichondrius,672,monk,windwalker,12,7,5
Maozhën,tichondrius,672,monk,windwalker,18,7,11
Windmónk,tichondrius,672,monk,windwalker,18,7,11
Monke,onyxia,672,monk,windwalker,18,7,11
Awcfanboy,bleeding-hollow,672,monk,windwalker,21,8,13
Judgevr,frostmourne,672,monk,windwalker,23,8,15
Banyasong,tichondrius,671,monk,windwalker,12,7,5
Quietbegger,sargeras,671,monk,windwalker,12,7,5
Minusmonk,dalaran,670,monk,windwalker,12,7,5
Tino,kelthuzad,668,monk,windwalker,18,7,11
Hyun,stormrage,666,monk,windwalker,12,7,5
Kush,dalvengyr,665,monk,windwalker,12,7,5
Thunderfists,tichondrius,662,monk,windwalker,12,7,5
Shids,barthilas,639,monk,windwalker,11,7,4
Kómugi,area-52,638,monk,windwalker,17,7,10
Xiaowën,nemesis,606,monk,windwalker,16,7,9
Bussÿ,area-52,591,monk,windwalker,11,7,4
Linkya,daggerspine,576,monk,windwalker,6,6,0
Xedou,azralon,576,monk,windwalker,12,6,6
Creonus,proudmoore,576,monk,windwalker,12,6,6
Hòlygòd,dalaran,576,monk,windwalker,12,6,6
Yoshifistsu,malganis,576,monk,windwalker,12,6,6
Ludanford,eitrigg,576,monk,windwalker,12,6,6
Mahatmä,dalaran,576,monk,windwalker,12,6,6
Sterow,kiljaeden,576,monk,windwalker,12,6,6
Thalreyzian,vashj,576,monk,windwalker,12,6,6
Tinypunch,emerald-dream,576,monk,windwalker,12,6,6
Ronk,the-forgotten-coast,576,monk,windwalker,12,6,6
Fanetö,stormrage,576,monk,windwalker,24,6,18
Tremonk,kelthuzad,575,monk,windwalker,12,6,6
Eavale,destromath,575,monk,windwalker,12,6,6
Linwong,garithos,574,monk,windwalker,12,6,6
Silvopanda,azralon,523,monk,windwalker,27,6,21
Fettywhopper,kaelthas,480,monk,windwalker,6,5,1
Lilpøøter,tichondrius,480,monk,windwalker,6,5,1
Bigherosixx,tichondrius,480,monk,windwalker,6,5,1
Yenjung,azralon,480,monk,windwalker,6,5,1
Poem,grizzly-hills,480,monk,windwalker,6,5,1
Kimmyfists,tichondrius,480,monk,windwalker,6,5,1
Varimå,area-52,480,monk,windwalker,6,5,1
Tyrus,kelthuzad,480,monk,windwalker,6,5,1
Nitrobrewed,stormrage,480,monk,windwalker,6,5,1
Cuteirl,tichondrius,480,monk,windwalker,6,5,1
Rhyskrispiez,sargeras,480,monk,windwalker,6,5,1
Simonb,tichondrius,480,monk,windwalker,6,5,1
Brewbaker,hyjal,480,monk,windwalker,6,5,1
Orkmonk,tichondrius,480,monk,windwalker,6,5,1
Pleasetouch,emerald-dream,480,monk,windwalker,6,5,1
Mepepegaclap,malganis,480,monk,windwalker,12,5,7
Yavaxye,stormrage,480,monk,windwalker,12,5,7
Zhíu,ragnaros,480,monk,windwalker,12,5,7
Valdur,sargeras,480,monk,windwalker,12,5,7
Rocketfrogg,bleeding-hollow,480,monk,windwalker,12,5,7
Jigong,bleeding-hollow,480,monk,windwalker,12,5,7
Zadaa,alleria,480,monk,windwalker,12,5,7
Telospateo,ragnaros,480,monk,windwalker,12,5,7
Takkeya,zuljin,480,monk,windwalker,12,5,7
Shlumpuh,tichondrius,480,monk,windwalker,12,5,7
Pikotaro,tichondrius,480,monk,windwalker,12,5,7
Karmerr,proudmoore,480,monk,windwalker,12,5,7
Dirtypunch,proudmoore,480,monk,windwalker,12,5,7
Tenkix,zuljin,480,monk,windwalker,12,5,7
Niked,tichondrius,480,monk,windwalker,12,5,7
Milktank,medivh,476,monk,windwalker,12,5,7
Nakuang,tichondrius,447,monk,windwalker,11,5,6
Deadlyfist,stormrage,384,monk,windwalker,6,4,2
Avz,azralon,384,monk,windwalker,6,4,2
Goldfornudez,area-52,384,monk,windwalker,6,4,2
Oxli,emerald-dream,384,monk,windwalker,6,4,2
Smoothboxing,tichondrius,384,monk,windwalker,6,4,2
Barleygar,tichondrius,384,monk,windwalker,6,4,2
Ambal,hellscream,384,monk,windwalker,6,4,2
Satchelgizmo,tichondrius,384,monk,windwalker,6,4,2
Owned,dreadmaul,384,monk,windwalker,6,4,2
Mcnipple,moonrunner,384,monk,windwalker,6,4,2
Shocclol,stormrage,384,monk,windwalker,6,4,2
Bdw,tichondrius,384,monk,windwalker,6,4,2
Jatzai,emerald-dream,384,monk,windwalker,6,4,2
Bruceteå,area-52,384,monk,windwalker,6,4,2
Touchbot,tichondrius,384,monk,windwalker,6,4,2
Kiggo,bonechewer,384,monk,windwalker,6,4,2
Rytes,moon-guard,384,monk,windwalker,6,4,2
Helicopter,borean-tundra,384,monk,windwalker,6,4,2
Shaszx,zuljin,384,monk,windwalker,6,4,2
Beverage,frostmourne,384,monk,windwalker,6,4,2
Kalrsk,frostmourne,384,monk,windwalker,6,4,2
Stepsista,sargeras,384,monk,windwalker,6,4,2
Convectuoso,illidan,384,monk,windwalker,6,4,2
Lingerer,aerie-peak,384,monk,windwalker,6,4,2
Mists,velen,384,monk,windwalker,6,4,2
Ðøhkø,nemesis,384,monk,windwalker,6,4,2
Jacquelline,moon-guard,384,monk,windwalker,12,4,8
Monjimen,ragnaros,384,monk,windwalker,12,4,8
Züdo,area-52,384,monk,windwalker,12,4,8
Båshkin,terenas,384,monk,windwalker,12,4,8
Chijinx,area-52,384,monk,windwalker,12,4,8
Fruitpünch,tichondrius,384,monk,windwalker,12,4,8
Evilstep,tichondrius,384,monk,windwalker,12,4,8
Ramisan,barthilas,384,monk,windwalker,12,4,8
Traxshin,kelthuzad,383,monk,windwalker,6,4,2
Steenkk,tichondrius,383,monk,windwalker,12,4,8
Broxxenidas,quelthalas,351,monk,windwalker,11,4,7
Weathermanxv,kelthuzad,319,monk,windwalker,14,4,10
Sosm,kelthuzad,288,monk,windwalker,6,3,3
Swurvex,bleeding-hollow,288,monk,windwalker,6,3,3
Mgzx,kelthuzad,288,monk,windwalker,6,3,3
Imonkalot,destromath,288,monk,windwalker,6,3,3
Catgallery,tichondrius,288,monk,windwalker,6,3,3
Tictox,sargeras,288,monk,windwalker,6,3,3
Pinkgucci,thrall,288,monk,windwalker,6,3,3
Karkata,sargeras,288,monk,windwalker,6,3,3
Awsmonk,malygos,288,monk,windwalker,6,3,3
Highaskite,tichondrius,288,monk,windwalker,6,3,3
Dzq,stormrage,288,monk,windwalker,6,3,3
Galaxystrike,illidan,288,monk,windwalker,6,3,3
Imasterl,proudmoore,288,monk,windwalker,6,3,3
Izu,senjin,288,monk,windwalker,6,3,3
Boostedww,bloodscalp,288,monk,windwalker,6,3,3
Bromonster,zuljin,288,monk,windwalker,6,3,3
Mitras,dragonblight,288,monk,windwalker,6,3,3
Mcfluffey,area-52,288,monk,windwalker,6,3,3
Yoojimin,kiljaeden,288,monk,windwalker,6,3,3
Dublefist,draktharon,288,monk,windwalker,6,3,3
Napoleonic,vashj,288,monk,windwalker,6,3,3
Frimayadri,area-52,288,monk,windwalker,6,3,3
Kárma,malganis,288,monk,windwalker,6,3,3
Idonthustle,area-52,288,monk,windwalker,6,3,3
Rhonco,quelthalas,288,monk,windwalker,6,3,3
Meatcleave,kiljaeden,288,monk,windwalker,12,3,9
Dazzler,ragnaros,288,monk,windwalker,12,3,9
Rigi,stormrage,288,monk,windwalker,18,3,15
Primez,frostmourne,239,monk,windwalker,5,3,2
Ghaelessi,senjin,239,monk,windwalker,5,3,2
Napbox,bleeding-hollow,239,monk,windwalker,5,3,2
Allmight,wyrmrest-accord,239,monk,windwalker,9,3,6
Mùk,tichondrius,192,monk,windwalker,4,3,1
Facekandy,tichondrius,192,monk,windwalker,4,3,1
Forthekicks,tichondrius,192,monk,windwalker,4,3,1
Sleepÿ,area-52,192,monk,windwalker,4,3,1
Pvptone,bleeding-hollow,192,monk,windwalker,6,2,4
Gumrag,illidan,192,monk,windwalker,6,2,4
Selfless,gilneas,192,monk,windwalker,6,2,4
Flicksx,arthas,192,monk,windwalker,6,2,4
Marstol,bleeding-hollow,192,monk,windwalker,6,2,4
Senseî,altar-of-storms,192,monk,windwalker,6,2,4
Liw,quelthalas,192,monk,windwalker,6,2,4
Youngnudy,sargeras,192,monk,windwalker,6,2,4
Deathgoku,norgannon,192,monk,windwalker,6,2,4
Gurda,wyrmrest-accord,192,monk,windwalker,6,2,4
Monkuban,destromath,192,monk,windwalker,6,2,4
Bhoredom,kiljaeden,192,monk,windwalker,6,2,4
Hossdelgadoe,kiljaeden,192,monk,windwalker,6,2,4
Dodried,ragnaros,192,monk,windwalker,6,2,4
Tadaku,dalaran,192,monk,windwalker,6,2,4
Ked,ragnaros,192,monk,windwalker,6,2,4
Zukki,zuljin,192,monk,windwalker,6,2,4
Percentx,tichondrius,192,monk,windwalker,6,2,4
Imafqnbaby,tichondrius,192,monk,windwalker,6,2,4
Averagéjoe,tichondrius,192,monk,windwalker,6,2,4
Romeoe,muradin,192,monk,windwalker,6,2,4
Privix,tichondrius,192,monk,windwalker,6,2,4
Monkbro,altar-of-storms,192,monk,windwalker,6,2,4
Bvndio,ragnaros,192,monk,windwalker,6,2,4
Ftgx,sargeras,192,monk,windwalker,6,2,4
Nyofu,moon-guard,192,monk,windwalker,6,2,4
Natus,greymane,192,monk,windwalker,6,2,4
Wât,bleeding-hollow,192,monk,windwalker,6,2,4
Varn,frostmourne,192,monk,windwalker,6,2,4
Sickbanga,barthilas,192,monk,windwalker,6,2,4
Icesmoker,frostmourne,192,monk,windwalker,6,2,4
Induhca,area-52,192,monk,windwalker,6,2,4
Eliwenn,ragnaros,192,monk,windwalker,12,2,10
Dankestkhan,korialstrasz,192,monk,windwalker,12,2,10
Razekahl,wyrmrest-accord,192,monk,windwalker,12,2,10
Fendi,stormrage,159,monk,windwalker,5,2,3
Clytpuncher,emerald-dream,159,monk,windwalker,5,2,3
Wheatsli,malganis,159,monk,windwalker,5,2,3
Goku,frostmourne,159,monk,windwalker,5,2,3
Raninn,bleeding-hollow,128,monk,windwalker,4,2,2
Felgolos,azralon,96,monk,windwalker,3,2,1
Honkbazz,illidan,96,monk,windwalker,6,1,5
Imingleejr,illidan,96,monk,windwalker,6,1,5
Zinque,emerald-dream,96,monk,windwalker,6,1,5
Giriom,thrall,96,monk,windwalker,6,1,5
Sprinklo,sargeras,96,monk,windwalker,6,1,5
Piccolo,emerald-dream,96,monk,windwalker,6,1,5
Natintell,drakkari,96,monk,windwalker,6,1,5
Pipochen,ragnaros,96,monk,windwalker,6,1,5
Jayr,bleeding-hollow,96,monk,windwalker,6,1,5
Cerocool,hyjal,96,monk,windwalker,6,1,5
Yípman,uldum,96,monk,windwalker,6,1,5
Obiiwan,tichondrius,96,monk,windwalker,6,1,5
Merand,tichondrius,96,monk,windwalker,6,1,5
Odi,stonemaul,96,monk,windwalker,6,1,5
Phukyu,moon-guard,96,monk,windwalker,6,1,5
Æsir,moon-guard,96,monk,windwalker,6,1,5
Hehex,bleeding-hollow,79,monk,windwalker,5,1,4
Shindoro,bonechewer,42,monk,windwalker,10,5,5
Kungxxl,kiljaeden,31,monk,windwalker,2,1,1
Sistafistaa,emerald-dream,31,monk,windwalker,2,1,1
Hitchslapz,tichondrius,16,monk,windwalker,1,1,0
Mommysalamii,moon-guard,16,monk,windwalker,1,1,0
Raskalnikov,kelthuzad,9,monk,windwalker,8,2,6
Sunita,arthas,2111,paladin,holy,84,46,38
Pattar,area-52,2107,paladin,holy,66,37,29
Fukndibs,kiljaeden,1924,paladin,holy,58,31,27
Eskerda,azralon,1910,paladin,holy,130,60,70
Hamsti,sargeras,1909,paladin,holy,125,63,62
Fonypally,tichondrius,1900,paladin,holy,181,99,82
Curator,emerald-dream,1859,paladin,holy,56,29,27
Nyctemavanna,ragnaros,1852,paladin,holy,70,38,32
Bushyy,tichondrius,1838,paladin,holy,54,26,28
Ppgdx,azralon,1826,paladin,holy,78,34,44
Flashv,barthilas,1808,paladin,holy,50,26,24
Dreathhammer,muradin,1787,paladin,holy,36,21,15
Holylolz,ragnaros,1782,paladin,holy,41,19,22
Sojupapi,area-52,1773,paladin,holy,36,19,17
Deadlyassian,sargeras,1756,paladin,holy,76,39,37
Ascion,tichondrius,1754,paladin,holy,65,37,28
Cynthianna,tichondrius,1725,paladin,holy,77,37,40
Brynnhild,stormrage,1722,paladin,holy,102,55,47
Sd,kelthuzad,1699,paladin,holy,64,27,37
Bilmurii,zuljin,1698,paladin,holy,48,22,26
Landrysdad,malorne,1690,paladin,holy,48,24,24
Sacbubldead,area-52,1688,paladin,holy,85,53,32
Truluck,area-52,1679,paladin,holy,45,22,23
Hats,icecrown,1679,paladin,holy,96,45,51
Tenêbrae,area-52,1674,paladin,holy,52,33,19
Ængelic,barthilas,1672,paladin,holy,58,32,26
Bubblist,tichondrius,1672,paladin,holy,42,19,23
Imshmackedd,darkspear,1666,paladin,holy,60,23,37
Ihaveajob,zuluhed,1657,paladin,holy,36,19,17
Ddeuk,tichondrius,1641,paladin,holy,52,29,23
Ellyarian,emerald-dream,1635,paladin,holy,42,22,20
Yuuichi,moon-guard,1634,paladin,holy,64,29,35
Minefujiko,tichondrius,1612,paladin,holy,36,22,14
Crâfty,bleeding-hollow,1609,paladin,holy,36,22,14
Larryhoova,malganis,1608,paladin,holy,36,20,16
Paladinaa,lothar,1605,paladin,holy,38,20,18
Bushÿ,tichondrius,1600,paladin,holy,36,25,11
Perfect,crushridge,1597,paladin,holy,32,18,14
Braindeadrsj,anetheron,1597,paladin,holy,36,20,16
Avengom,tichondrius,1580,paladin,holy,54,24,30
Mabia,tichondrius,1566,paladin,holy,108,63,45
Judgemode,the-scryers,1563,paladin,holy,66,30,36
Dewlight,zuljin,1559,paladin,holy,110,54,56
Nrpzy,stormrage,1558,paladin,holy,53,29,24
Pallice,queldorei,1553,paladin,holy,40,17,23
Noback,ragnaros,1550,paladin,holy,42,23,19
Prettylightx,kelthuzad,1527,paladin,holy,54,28,26
Bigoldman,tichondrius,1526,paladin,holy,54,29,25
Kidstable,nathrezim,1523,paladin,holy,70,27,43
Guerrer,hyjal,1517,paladin,holy,88,48,40
Rg,nerzhul,1513,paladin,holy,60,27,33
Sinfolly,whisperwind,1510,paladin,holy,42,19,23
Rodrigo,frostmourne,1499,paladin,holy,45,21,24
Ibury,quelthalas,1496,paladin,holy,71,31,40
Condone,earthen-ring,1484,paladin,holy,90,41,49
Ageroÿ,sargeras,1481,paladin,holy,44,22,22
Granklol,tichondrius,1476,paladin,holy,50,25,25
Galeras,norgannon,1466,paladin,holy,44,21,23
Konvi,tichondrius,1464,paladin,holy,60,24,36
Indemnity,wildhammer,1457,paladin,holy,69,40,29
Dreadrot,azralon,1442,paladin,holy,31,16,15
Digglesx,area-52,1438,paladin,holy,36,15,21
Kustp,tichondrius,1428,paladin,holy,33,19,14
Cohesion,draenor,1419,paladin,holy,53,21,32
Holyknight,veknilash,1404,paladin,holy,35,16,19
Quadrifoglio,moon-guard,1396,paladin,holy,123,62,61
Jiraya,nemesis,1386,paladin,holy,29,15,14
Rezmefool,tichondrius,1381,paladin,holy,54,20,34
Daenrahh,azralon,1372,paladin,holy,54,25,29
Lu,the-venture-co,1371,paladin,holy,34,15,19
Solanin,frostmourne,1362,paladin,holy,42,24,18
Flippo,sargeras,1346,paladin,holy,36,17,19
Galabanja,malganis,1344,paladin,holy,36,21,15
Tmborn,tichondrius,1343,paladin,holy,36,14,22
Hps,argent-dawn,1339,paladin,holy,30,14,16
Finerkane,quelthalas,1334,paladin,holy,138,62,76
Goodwood,ghostlands,1330,paladin,holy,36,16,20
Buri,tichondrius,1330,paladin,holy,42,17,25
Savagegirlz,tichondrius,1329,paladin,holy,72,33,39
Holyterror,dentarg,1328,paladin,holy,30,15,15
Syrenz,khazgoroth,1327,paladin,holy,42,24,18
Ùnholypally,jubeithos,1316,paladin,holy,71,42,29
Xinqingle,tichondrius,1308,paladin,holy,36,14,22
Kriegmeister,amanthul,1305,paladin,holy,30,14,16
Angrycubanx,black-dragonflight,1286,paladin,holy,32,15,17
Aoishie,bleeding-hollow,1280,paladin,holy,72,34,38
Vithar,bleeding-hollow,1276,paladin,holy,74,35,39
Salipally,dalaran,1258,paladin,holy,101,46,55
Catechism,laughing-skull,1255,paladin,holy,26,15,11
Justizz,vashj,1255,paladin,holy,60,34,26
Fortold,bloodhoof,1245,paladin,holy,30,13,17
Sologriefer,sargeras,1242,paladin,holy,30,13,17
Ryhighh,sargeras,1234,paladin,holy,24,13,11
Kamaelyn,proudmoore,1220,paladin,holy,109,57,52
Ziggzag,hyjal,1215,paladin,holy,48,25,23
Saffranzord,azralon,1214,paladin,holy,73,35,38
Csupremacy,tichondrius,1214,paladin,holy,34,14,20
Boarfarmer,tichondrius,1214,paladin,holy,57,22,35
Oldgrumpster,stormrage,1199,paladin,holy,30,13,17
Shorthordeon,kelthuzad,1194,paladin,holy,54,30,24
Deepsearide,illidan,1193,paladin,holy,30,17,13
Drägonmynuts,tichondrius,1178,paladin,holy,32,13,19
Merll,ragnaros,1171,paladin,holy,71,32,39
Ozpal,burning-blade,1152,paladin,holy,26,17,9
Ðáx,sargeras,1151,paladin,holy,24,12,12
Dageraad,tichondrius,1150,paladin,holy,24,12,12
Chopsparks,khadgar,1149,paladin,holy,62,30,32
Ramspartan,drakkari,1147,paladin,holy,88,40,48
Kevinthecube,nerzhul,1146,paladin,holy,18,12,6
Bubblebooty,drakthul,1146,paladin,holy,42,27,15
Sekitar,ragnaros,1145,paladin,holy,30,12,18
Renteria,sargeras,1144,paladin,holy,24,12,12
Stompcomp,tichondrius,1127,paladin,holy,59,29,30
Shocka,norgannon,1123,paladin,holy,72,41,31
Bonz,ragnaros,1121,paladin,holy,24,12,12
Röniin,ragnaros,1117,paladin,holy,60,26,34
Onecmpeter,kelthuzad,1108,paladin,holy,29,18,11
Exxin,turalyon,1104,paladin,holy,62,25,37
Balanoriaa,azralon,1092,paladin,holy,38,17,21
Rajava,gallywix,1076,paladin,holy,24,14,10
Lycheelz,illidan,1064,paladin,holy,42,23,19
Zunit,laughing-skull,1056,paladin,holy,24,11,13
Waifu,area-52,1055,paladin,holy,18,11,7
Chenzo,exodar,1055,paladin,holy,18,11,7
Wuhb,aerie-peak,1055,paladin,holy,18,11,7
Bushys,tichondrius,1055,paladin,holy,18,11,7
Aldrion,stormrage,1054,paladin,holy,24,11,13
Barbaluzz,quelthalas,1053,paladin,holy,30,12,18
Danpros,azralon,1050,paladin,holy,36,11,25
Overthrrow,kelthuzad,1047,paladin,holy,59,32,27
Hodl,barthilas,1041,paladin,holy,18,11,7
Palaadiin,sargeras,1040,paladin,holy,24,14,10
Dbolpala,frostmourne,1013,paladin,holy,18,11,7
Ckemosabe,emerald-dream,985,paladin,holy,32,11,21
Hammerabi,moon-guard,963,paladin,holy,21,13,8
Rykeran,warsong,963,paladin,holy,18,11,7
Lukas,vashj,961,paladin,holy,69,30,39
Thoryin,tichondrius,960,paladin,holy,12,10,2
Síríús,malganis,960,paladin,holy,15,11,4
Lavarball,tichondrius,960,paladin,holy,30,10,20
Raigha,stormrage,959,paladin,holy,18,10,8
Leónrey,stormrage,958,paladin,holy,33,10,23
Holyprotectr,tichondrius,955,paladin,holy,18,10,8
Starfaith,illidan,951,paladin,holy,49,15,34
Nikopala,tichondrius,945,paladin,holy,18,10,8
Sutadansa,doomhammer,934,paladin,holy,29,15,14
Eradrae,mannoroth,933,paladin,holy,18,10,8
Colombía,illidan,925,paladin,holy,42,18,24
Zilea,kiljaeden,912,paladin,holy,21,10,11
Fedpowell,tichondrius,894,paladin,holy,23,10,13
Raenilil,area-52,891,paladin,holy,24,10,14
Svitanie,bleeding-hollow,881,paladin,holy,48,19,29
Trâshcårt,sargeras,864,paladin,holy,12,9,3
Deadry,ysera,864,paladin,holy,18,9,9
Mayru,ragnaros,864,paladin,holy,18,9,9
Xciss,kiljaeden,864,paladin,holy,18,9,9
Diamondwater,tichondrius,864,paladin,holy,24,9,15
Ivan,tichondrius,864,paladin,holy,30,9,21
Xuanxingchai,tichondrius,863,paladin,holy,18,9,9
Kdex,tichondrius,862,paladin,holy,30,9,21
Sorkar,tichondrius,859,paladin,holy,17,9,8
Holyhades,auchindoun,858,paladin,holy,18,9,9
Encantado,thrall,854,paladin,holy,19,9,10
Toroke,nemesis,853,paladin,holy,12,9,3
Va,onyxia,841,paladin,holy,18,9,9
Allitharis,tichondrius,827,paladin,holy,23,9,14
Bainn,nerzhul,822,paladin,holy,73,31,42
Biwi,zuljin,819,paladin,holy,26,10,16
Fixyouz,mannoroth,810,paladin,holy,22,10,12
Praisin,zuljin,805,paladin,holy,18,9,9
Swellowsx,tichondrius,768,paladin,holy,12,8,4
Discordnitro,illidan,767,paladin,holy,12,8,4
Kusotarão,nemesis,767,paladin,holy,12,8,4
Wonpai,barthilas,767,paladin,holy,18,8,10
Wálker,ragnaros,767,paladin,holy,18,8,10
Senorbaxter,emerald-dream,767,paladin,holy,30,8,22
Caike,frostmourne,766,paladin,holy,12,8,4
Brenenk,quelthalas,766,paladin,holy,12,8,4
Errant,bonechewer,764,paladin,holy,13,8,5
Pambam,thrall,763,paladin,holy,18,9,9
Vidalia,barthilas,763,paladin,holy,18,8,10
Lobõ,ragnaros,762,paladin,holy,18,8,10
Vaalbara,fizzcrank,757,paladin,holy,18,8,10
Gênji,eldrethalas,737,paladin,holy,24,8,16
Ilovecanada,sargeras,672,paladin,holy,12,7,5
Wonpai,frostmourne,672,paladin,holy,12,7,5
Boxjang,tichondrius,672,paladin,holy,12,7,5
Crinject,sargeras,672,paladin,holy,12,7,5
Saveursavior,bleeding-hollow,672,paladin,holy,12,7,5
Odriew,sargeras,672,paladin,holy,12,7,5
Boomda,tichondrius,672,paladin,holy,12,7,5
Imsuffering,zuljin,672,paladin,holy,12,7,5
Busdid,sargeras,672,paladin,holy,12,7,5
Bubblebuddyx,tichondrius,672,paladin,holy,18,7,11
Orekilol,stormrage,672,paladin,holy,18,7,11
Dyppally,moon-guard,672,paladin,holy,18,7,11
Castleknight,tichondrius,672,paladin,holy,24,7,17
Yérn,barthilas,671,paladin,holy,18,7,11
Kristienna,boulderfist,670,paladin,holy,12,7,5
Pluto,the-underbog,669,paladin,holy,12,7,5
Stationarity,frostmourne,669,paladin,holy,18,7,11
Maalik,thrall,666,paladin,holy,12,7,5
Snowdawg,blackhand,654,paladin,holy,24,7,17
Nea,argent-dawn,650,paladin,holy,18,7,11
Shananakin,azshara,619,paladin,holy,17,7,10
Jealp,sargeras,576,paladin,holy,6,6,0
Wonpait,frostmourne,576,paladin,holy,9,7,2
Thejustice,tichondrius,576,paladin,holy,12,6,6
Catharsis,tichondrius,576,paladin,holy,12,6,6
Dequincy,tichondrius,576,paladin,holy,12,6,6
Flareous,moon-guard,576,paladin,holy,18,6,12
Nanøha,frostmourne,576,paladin,holy,24,6,18
Santiagolol,ragnaros,576,paladin,holy,24,6,18
Faileeria,malganis,575,paladin,holy,6,6,0
Holysplonk,stonemaul,575,paladin,holy,12,6,6
Tandury,tichondrius,575,paladin,holy,12,6,6
Kihluxo,frostmourne,575,paladin,holy,12,6,6
Fuzed,frostmourne,575,paladin,holy,12,6,6
Mcllovin,kiljaeden,575,paladin,holy,12,6,6
Spamsalot,malganis,575,paladin,holy,18,6,12
Hojadin,area-52,575,paladin,holy,18,6,12
Sixthycent,kiljaeden,574,paladin,holy,12,6,6
Holyredx,bleeding-hollow,573,paladin,holy,18,6,12
Vamir,magtheridon,572,paladin,holy,12,6,6
Maplleafs,kelthuzad,560,paladin,holy,24,6,18
Pasda,frostmourne,559,paladin,holy,17,6,11
Fayernaa,proudmoore,557,paladin,holy,10,7,3
Center,ragnaros,543,paladin,holy,11,6,5
Eboi,daggerspine,542,paladin,holy,26,7,19
Loganholy,tichondrius,480,paladin,holy,6,5,1
Twck,hyjal,480,paladin,holy,6,5,1
Zanduncy,stormrage,480,paladin,holy,6,5,1
Everrlasting,tichondrius,480,paladin,holy,6,5,1
Usebandage,sargeras,480,paladin,holy,6,5,1
Holymooie,frostmourne,480,paladin,holy,12,5,7
Miswalkpally,ragnaros,480,paladin,holy,12,5,7
Chunzhangsqs,tichondrius,480,paladin,holy,12,5,7
Adrizzyx,barthilas,480,paladin,holy,12,5,7
Zero,anetheron,480,paladin,holy,12,5,7
Lyticmartyr,bleeding-hollow,480,paladin,holy,12,5,7
Pelletbrain,emerald-dream,480,paladin,holy,12,5,7
Fartburger,saurfang,480,paladin,holy,12,5,7
Tèhflip,tichondrius,480,paladin,holy,12,5,7
Heaven,gurubashi,480,paladin,holy,12,5,7
Beila,illidan,480,paladin,holy,12,5,7
Bíteme,sargeras,480,paladin,holy,15,6,9
Colbroggins,crushridge,479,paladin,holy,12,5,7
Gyle,stormrage,479,paladin,holy,12,5,7
Whangsta,tichondrius,479,paladin,holy,12,5,7
Negodoskate,nemesis,479,paladin,holy,12,5,7
Darkbringer,frostmourne,479,paladin,holy,12,5,7
Hivers,stormrage,477,paladin,holy,18,5,13
Thaedrun,hydraxis,474,paladin,holy,12,5,7
Fleshoflíght,azjolnerub,463,paladin,holy,11,5,6
Mycow,tichondrius,447,paladin,holy,11,5,6
Defensezone,tichondrius,447,paladin,holy,14,6,8
Lovehan,tichondrius,432,paladin,holy,9,5,4
Summercarma,area-52,432,paladin,holy,9,5,4
Ziti,bonechewer,415,paladin,holy,8,5,3
Cyandra,moon-guard,400,paladin,holy,7,5,2
Holythunderx,tichondrius,400,paladin,holy,13,5,8
Hamen,frostwolf,384,paladin,holy,6,4,2
Danyuel,zuljin,384,paladin,holy,6,4,2
Kencyxx,tichondrius,384,paladin,holy,6,4,2
Evylinn,burning-legion,384,paladin,holy,6,4,2
Cheers,garona,384,paladin,holy,6,4,2
Tylennis,archimonde,384,paladin,holy,6,4,2
Beyönd,quelthalas,384,paladin,holy,6,4,2
Cjqcjq,tichondrius,384,paladin,holy,6,4,2
Lördnextdoor,tichondrius,384,paladin,holy,6,4,2
Leddie,stormrage,384,paladin,holy,6,4,2
Icac,stormrage,384,paladin,holy,6,4,2
Lightwerk,frostmourne,384,paladin,holy,6,4,2
Anea,kelthuzad,384,paladin,holy,6,4,2
Grumpybubble,sargeras,384,paladin,holy,6,4,2
Neurôtoxins,frostmourne,384,paladin,holy,6,4,2
Oralen,daggerspine,384,paladin,holy,6,4,2
Immensepower,tichondrius,384,paladin,holy,6,4,2
Hongwoosang,tichondrius,384,paladin,holy,6,4,2
Eladore,hakkar,384,paladin,holy,6,4,2
Saacbot,area-52,384,paladin,holy,12,4,8
Devsrdumb,bonechewer,384,paladin,holy,12,4,8
Paladam,burning-blade,384,paladin,holy,12,4,8
Daflash,emerald-dream,384,paladin,holy,12,4,8
Bighardshock,aggramar,384,paladin,holy,12,4,8
Blarr,azshara,384,paladin,holy,12,4,8
Lesauceboss,tichondrius,384,paladin,holy,12,4,8
Nikkixo,ysera,384,paladin,holy,12,4,8
Sloppybobby,zuljin,383,paladin,holy,6,4,2
Lightbeard,feathermoon,383,paladin,holy,12,4,8
Stemi,kelthuzad,383,paladin,holy,18,4,14
Anjøs,azralon,383,paladin,holy,18,4,14
Unsungherø,skywall,382,paladin,holy,6,4,2
Nualrossan,veknilash,379,paladin,holy,12,4,8
Gnomeslapper,frostmourne,351,paladin,holy,11,4,7
Aärøn,stormrage,351,paladin,holy,11,4,7
Nulric,moon-guard,304,paladin,holy,13,4,9
Whitedozer,darkspear,288,paladin,holy,6,3,3
Botburger,stormrage,288,paladin,holy,6,3,3
Alîcë,wyrmrest-accord,288,paladin,holy,6,3,3
Myrthedara,kargath,288,paladin,holy,6,3,3
Zergmé,executus,288,paladin,holy,6,3,3
Zhangliyi,tichondrius,288,paladin,holy,6,3,3
Luxsit,tichondrius,288,paladin,holy,6,3,3
Dóminos,quelthalas,288,paladin,holy,6,3,3
Mindfoolness,sargeras,288,paladin,holy,6,3,3
Avahir,moon-guard,288,paladin,holy,6,3,3
Wonpæi,frostmourne,288,paladin,holy,6,3,3
Nume,nesingwary,288,paladin,holy,6,3,3
Twodkittyy,kelthuzad,288,paladin,holy,6,3,3
Doktavius,lightbringer,288,paladin,holy,6,3,3
Lachaple,illidan,288,paladin,holy,6,3,3
Kharissia,proudmoore,288,paladin,holy,6,3,3
Aduhrawl,moon-guard,288,paladin,holy,6,3,3
Clare,burning-blade,288,paladin,holy,6,3,3
Leronos,zuljin,288,paladin,holy,6,3,3
Kencyz,tichondrius,288,paladin,holy,6,3,3
Whitekao,illidan,288,paladin,holy,6,3,3
Dazztrain,barthilas,288,paladin,holy,6,3,3
Holzinger,quelthalas,288,paladin,holy,6,3,3
Clehley,turalyon,288,paladin,holy,6,3,3
Censy,tichondrius,288,paladin,holy,6,3,3
Paintthinner,frostmourne,288,paladin,holy,6,3,3
Kensyzs,tichondrius,288,paladin,holy,6,3,3
Wonpaiv,frostmourne,288,paladin,holy,11,3,8
Haldry,wyrmrest-accord,288,paladin,holy,12,3,9
Hóbbs,trollbane,288,paladin,holy,18,3,15
Cephadrome,proudmoore,287,paladin,holy,6,3,3
Schnabdain,exodar,285,paladin,holy,18,3,15
Iradruidz,tichondrius,255,paladin,holy,11,3,8
Paulx,malganis,254,paladin,holy,4,4,0
Itheternal,dalaran,234,paladin,holy,9,4,5
Dawnhammer,mugthol,192,paladin,holy,6,2,4
Bárdokø,ragnaros,192,paladin,holy,6,2,4
Duallkore,stormrage,192,paladin,holy,6,2,4
Turnevil,wyrmrest-accord,192,paladin,holy,6,2,4
Kaina,wildhammer,192,paladin,holy,6,2,4
Rawpaladin,blackrock,192,paladin,holy,6,2,4
Yobnai,zuljin,192,paladin,holy,6,2,4
Mangchì,tichondrius,192,paladin,holy,6,2,4
Holyshasha,tichondrius,192,paladin,holy,6,2,4
Raiel,aegwynn,192,paladin,holy,6,2,4
Elchupalibre,tichondrius,192,paladin,holy,6,2,4
Lørdthemar,azralon,192,paladin,holy,6,2,4
Amadeo,hyjal,192,paladin,holy,6,2,4
Dýstopia,stormrage,192,paladin,holy,6,2,4
Razzypal,sargeras,192,paladin,holy,6,2,4
Alkyna,kelthuzad,192,paladin,holy,6,2,4
Regivan,nemesis,192,paladin,holy,6,2,4
Hammercy,tichondrius,192,paladin,holy,6,2,4
Marleigh,kelthuzad,192,paladin,holy,6,2,4
Raywhite,kelthuzad,192,paladin,holy,6,2,4
Smôres,sargeras,192,paladin,holy,6,2,4
Naxzero,shadowsong,192,paladin,holy,8,2,6
Ihr,kiljaeden,192,paladin,holy,12,2,10
Gavril,kirin-tor,192,paladin,holy,12,2,10
Bpalaayo,kelthuzad,192,paladin,holy,12,2,10
Caobobby,tichondrius,192,paladin,holy,12,2,10
Juuzou,turalyon,192,paladin,holy,12,2,10
Shoresy,terokkar,192,paladin,holy,18,2,16
Buckybarnes,gorefiend,191,paladin,holy,6,2,4
Rustacian,area-52,191,paladin,holy,6,2,4
Photons,emerald-dream,191,paladin,holy,6,2,4
Cloûd,tichondrius,191,paladin,holy,6,2,4
Shkafell,ragnaros,159,paladin,holy,5,2,3
Rodrigodqt,azralon,138,paladin,holy,8,3,5
Gigadunker,tichondrius,138,paladin,holy,11,4,7
Scoopzi,frostmourne,127,paladin,holy,8,2,6
Myû,korgath,112,paladin,holy,7,2,5
Beyondsausag,malganis,96,paladin,holy,6,1,5
Khaosactual,proudmoore,96,paladin,holy,6,1,5
Trixzthot,barthilas,96,paladin,holy,6,1,5
Trycider,lightninghoof,96,paladin,holy,6,1,5
Thulamon,zuljin,96,paladin,holy,6,1,5
Malakk,zuljin,96,paladin,holy,6,1,5
Wings,arygos,96,paladin,holy,6,1,5
Vexe,emerald-dream,96,paladin,holy,6,1,5
Silreck,ragnaros,96,paladin,holy,6,1,5
Kamí,elune,96,paladin,holy,6,1,5
Evilpallie,illidan,96,paladin,holy,6,1,5
Palabora,kelthuzad,96,paladin,holy,6,1,5
Nikxx,tichondrius,96,paladin,holy,6,1,5
Netéro,skywall,96,paladin,holy,6,1,5
Ploppers,sargeras,96,paladin,holy,6,1,5
Meistyr,thrall,96,paladin,holy,12,1,11
Retholyprot,tichondrius,96,paladin,holy,12,1,11
Ordained,moonrunner,96,paladin,holy,12,1,11
Ååron,thrall,89,paladin,holy,11,3,8
Tmzoeyqt,tichondrius,84,paladin,holy,9,4,5
Kbot,zuljin,48,paladin,holy,3,1,2
Jkethuhsnake,ghostlands,48,paladin,holy,21,1,20
Mianheyo,quelthalas,42,paladin,holy,8,3,5
Alpinestârs,tichondrius,42,paladin,holy,9,2,7
Justinbebr,tichondrius,42,paladin,holy,14,3,11
Oghal,frostmourne,9,paladin,holy,23,3,20
Angryvelic,tichondrius,2019,paladin,retribution,87,41,46
Bullmarket,tichondrius,1892,paladin,retribution,78,32,46
Condiments,earthen-ring,1876,paladin,retribution,66,34,32
Honeydutchtv,black-dragonflight,1860,paladin,retribution,102,44,58
Dratzq,ragnaros,1853,paladin,retribution,60,31,29
Ohuo,tichondrius,1847,paladin,retribution,60,36,24
Pécorino,malganis,1843,paladin,retribution,46,29,17
Imitlol,alexstrasza,1840,paladin,retribution,59,29,30
Alodorx,tichondrius,1836,paladin,retribution,36,23,13
Smortain,tichondrius,1836,paladin,retribution,60,23,37
Leonilx,tichondrius,1832,paladin,retribution,48,21,27
Hammrekt,kelthuzad,1829,paladin,retribution,47,20,27
Kangsang,illidan,1826,paladin,retribution,66,32,34
Yuji,darkspear,1825,paladin,retribution,60,27,33
Maledraenei,sargeras,1824,paladin,retribution,59,28,31
Angelguards,tichondrius,1821,paladin,retribution,54,26,28
Kíngkáiser,azralon,1815,paladin,retribution,46,27,19
Retroreq,tichondrius,1815,paladin,retribution,65,36,29
Simplybést,zuljin,1808,paladin,retribution,72,31,41
Panncakeman,tichondrius,1804,paladin,retribution,60,33,27
Zanur,tichondrius,1798,paladin,retribution,65,31,34
Kádabrak,tichondrius,1794,paladin,retribution,48,31,17
Saradomin,kelthuzad,1794,paladin,retribution,93,47,46
Actionb,aggramar,1791,paladin,retribution,54,30,24
Beautiful,proudmoore,1787,paladin,retribution,42,23,19
Luosiding,tichondrius,1784,paladin,retribution,75,29,46
Dazn,tichondrius,1781,paladin,retribution,60,20,40
Zakladchick,illidan,1778,paladin,retribution,48,26,22
Cønk,khadgar,1777,paladin,retribution,83,53,30
Primaryee,tichondrius,1775,paladin,retribution,79,31,48
Coolvelic,tichondrius,1770,paladin,retribution,60,27,33
Bigdaddysdic,illidan,1765,paladin,retribution,48,25,23
Radacos,emerald-dream,1761,paladin,retribution,54,32,22
Dreamcastx,tichondrius,1757,paladin,retribution,50,23,27
Dorktanian,stormrage,1756,paladin,retribution,72,35,37
Metallíka,nemesis,1754,paladin,retribution,65,27,38
Marehk,thrall,1748,paladin,retribution,35,25,10
Apnea,ragnaros,1747,paladin,retribution,60,28,32
Faladrim,moon-guard,1741,paladin,retribution,106,61,45
Hollyflame,tichondrius,1719,paladin,retribution,54,25,29
Grifnballs,agamaggan,1712,paladin,retribution,42,24,18
Coldzerox,ragnaros,1706,paladin,retribution,78,36,42
Buckey,kilrogg,1699,paladin,retribution,52,28,24
Furgalicious,area-52,1697,paladin,retribution,53,22,31
Aleríon,ragnaros,1696,paladin,retribution,75,42,33
Darcobs,ragnaros,1690,paladin,retribution,47,25,22
Thoreal,thrall,1686,paladin,retribution,60,30,30
Rashbringer,azgalor,1686,paladin,retribution,59,28,31
Syleith,shadow-council,1686,paladin,retribution,85,36,49
Jonathein,barthilas,1684,paladin,retribution,54,25,29
Zalndraeda,barthilas,1677,paladin,retribution,48,29,19
Chriskriego,frostmourne,1671,paladin,retribution,60,24,36
Pumperjer,tichondrius,1669,paladin,retribution,53,26,27
Jud,frostmourne,1663,paladin,retribution,72,35,37
Swiftskillz,bleeding-hollow,1655,paladin,retribution,42,28,14
Palimedic,sargeras,1655,paladin,retribution,54,23,31
Fuchí,tichondrius,1649,paladin,retribution,96,39,57
Ämoureux,bleeding-hollow,1648,paladin,retribution,39,19,20
Triston,area-52,1646,paladin,retribution,30,18,12
Geedee,ysera,1643,paladin,retribution,36,22,14
Beefjustice,velen,1643,paladin,retribution,48,27,21
Mürlin,illidan,1634,paladin,retribution,45,22,23
Lightowen,draka,1634,paladin,retribution,46,22,24
Konsentrate,tichondrius,1631,paladin,retribution,36,21,15
Oppressive,moon-guard,1630,paladin,retribution,128,59,69
Moolishous,frostmourne,1628,paladin,retribution,48,26,22
Trippën,tichondrius,1627,paladin,retribution,45,26,19
Itzcupcake,illidan,1625,paladin,retribution,108,62,46
Remethea,sargeras,1623,paladin,retribution,48,23,25
Bbtea,frostmourne,1619,paladin,retribution,48,20,28
Lokâr,lightbringer,1606,paladin,retribution,36,17,19
Chrisader,stormrage,1605,paladin,retribution,36,19,17
Taphos,icecrown,1604,paladin,retribution,47,28,19
Vip,frostmourne,1602,paladin,retribution,36,17,19
Forthestreet,tichondrius,1596,paladin,retribution,64,34,30
Rethumtv,tichondrius,1596,paladin,retribution,48,19,29
Dimdabbin,malganis,1595,paladin,retribution,36,19,17
Getdiswork,malygos,1594,paladin,retribution,42,20,22
Animepower,moon-guard,1593,paladin,retribution,60,31,29
Vêgenace,proudmoore,1591,paladin,retribution,42,22,20
Teknik,stormscale,1591,paladin,retribution,52,21,31
Xilio,tichondrius,1588,paladin,retribution,42,19,23
Kaithen,quelthalas,1577,paladin,retribution,54,24,30
Pickleret,emerald-dream,1575,paladin,retribution,42,17,25
Stackmymoney,kelthuzad,1572,paladin,retribution,50,22,28
Ítsyôúñötmé,tichondrius,1568,paladin,retribution,36,19,17
Trolladin,rivendare,1568,paladin,retribution,89,39,50
Comeuppance,wyrmrest-accord,1567,paladin,retribution,48,23,25
Traceless,emerald-dream,1563,paladin,retribution,42,25,17
Alexieus,wyrmrest-accord,1553,paladin,retribution,71,32,39
Rahmie,kiljaeden,1550,paladin,retribution,48,17,31
Unfairness,skullcrusher,1549,paladin,retribution,54,29,25
Telarøn,stormrage,1547,paladin,retribution,105,51,54
Quadrifoglio,moon-guard,1543,paladin,retribution,36,20,16
Forlam,sargeras,1542,paladin,retribution,90,38,52
Ascetic,barthilas,1540,paladin,retribution,72,23,49
Danceholy,tichondrius,1531,paladin,retribution,33,16,17
Mortaine,moon-guard,1530,paladin,retribution,30,16,14
Fuknshané,area-52,1529,paladin,retribution,46,20,26
Beshiki,hakkar,1528,paladin,retribution,138,67,71
Rahkinishu,khaz-modan,1526,paladin,retribution,87,50,37
Palli,moon-guard,1526,paladin,retribution,30,16,14
Beeftink,tichondrius,1522,paladin,retribution,58,27,31
Holywaffle,nemesis,1521,paladin,retribution,24,16,8
Grîshnâkh,ragnaros,1521,paladin,retribution,60,33,27
Quinnzel,barthilas,1518,paladin,retribution,24,16,8
Jdgmnt,sargeras,1515,paladin,retribution,54,28,26
Sololeveling,malganis,1511,paladin,retribution,42,17,25
Thaldun,wyrmrest-accord,1508,paladin,retribution,65,25,40
Zulmay,malganis,1508,paladin,retribution,42,16,26
Preacherfudd,area-52,1493,paladin,retribution,30,16,14
Janokaluo,wyrmrest-accord,1479,paladin,retribution,66,34,32
Folgimar,moon-guard,1474,paladin,retribution,30,18,12
Castïël,area-52,1472,paladin,retribution,72,33,39
Andrilsteh,malganis,1472,paladin,retribution,42,16,26
Kenpachí,doomhammer,1468,paladin,retribution,30,22,8
Alanthor,ragnaros,1461,paladin,retribution,102,44,58
Slowedreverb,stormrage,1459,paladin,retribution,75,42,33
Kkgame,tichondrius,1439,paladin,retribution,37,19,18
Getmeabag,tichondrius,1439,paladin,retribution,30,15,15
Nijiko,dalaran,1438,paladin,retribution,24,15,9
Regivan,nemesis,1433,paladin,retribution,36,15,21
Malakor,thrall,1432,paladin,retribution,24,15,9
Justnikop,tichondrius,1427,paladin,retribution,30,15,15
Rasler,stormrage,1424,paladin,retribution,36,15,21
Haunter,akama,1422,paladin,retribution,30,15,15
Hinataa,illidan,1413,paladin,retribution,36,20,16
Arecht,moon-guard,1411,paladin,retribution,24,16,8
Kulandis,stormrage,1411,paladin,retribution,45,20,25
Kevybevy,stormrage,1410,paladin,retribution,97,48,49
Droden,tichondrius,1409,paladin,retribution,40,22,18
Ópsv,quelthalas,1404,paladin,retribution,53,26,27
Tacien,tichondrius,1402,paladin,retribution,47,19,28
Chancellor,azralon,1394,paladin,retribution,42,22,20
Belregn,illidan,1393,paladin,retribution,78,36,42
Immobilized,frostmourne,1386,paladin,retribution,35,15,20
Levian,spirestone,1380,paladin,retribution,66,31,35
Paladinomg,darkspear,1375,paladin,retribution,46,21,25
Missusomutch,azralon,1372,paladin,retribution,44,15,29
Zadquel,ragnaros,1362,paladin,retribution,33,16,17
Avantasias,sargeras,1345,paladin,retribution,34,17,17
Lvladen,sargeras,1343,paladin,retribution,24,14,10
Kumdonia,illidan,1343,paladin,retribution,30,14,16
Evanguards,tichondrius,1343,paladin,retribution,39,15,24
Peledin,azralon,1340,paladin,retribution,30,14,16
Retsonictwo,tichondrius,1340,paladin,retribution,30,14,16
Trogdorpwn,bonechewer,1339,paladin,retribution,24,15,9
Powermonster,tichondrius,1338,paladin,retribution,30,14,16
Happybubbles,tichondrius,1337,paladin,retribution,24,14,10
Ozzium,ragnaros,1337,paladin,retribution,42,14,28
Tagex,malganis,1334,paladin,retribution,30,14,16
Bilbain,proudmoore,1331,paladin,retribution,54,24,30
Hamertime,wyrmrest-accord,1325,paladin,retribution,30,14,16
Kellissandra,aerie-peak,1323,paladin,retribution,36,14,22
Belgrieve,proudmoore,1321,paladin,retribution,24,14,10
Vêndar,ragnaros,1315,paladin,retribution,66,28,38
Swietomierz,proudmoore,1304,paladin,retribution,36,14,22
Istril,ragnaros,1301,paladin,retribution,30,14,16
Dazedpal,tichondrius,1292,paladin,retribution,51,21,30
Hùck,alexstrasza,1288,paladin,retribution,84,36,48
Hazmât,illidan,1284,paladin,retribution,35,14,21
Canadianeh,malganis,1279,paladin,retribution,36,15,21
Urfavxbf,baelgun,1277,paladin,retribution,40,20,20
Lyrz,sargeras,1276,paladin,retribution,27,15,12
Formergf,crushridge,1273,paladin,retribution,36,17,19
Krawmwell,lothar,1270,paladin,retribution,36,24,12
Schwârts,blackrock,1270,paladin,retribution,22,14,8
Øxøxø,emerald-dream,1262,paladin,retribution,48,23,25
Heindallr,nemesis,1259,paladin,retribution,30,15,15
Beaconlol,proudmoore,1256,paladin,retribution,19,14,5
Mysticblade,sargeras,1255,paladin,retribution,29,14,15
Aldda,azralon,1247,paladin,retribution,30,13,17
Rohrn,firetree,1244,paladin,retribution,19,14,5
Mikehawkhuge,area-52,1243,paladin,retribution,30,15,15
Deployed,kaelthas,1243,paladin,retribution,36,13,23
Füriøsa,quelthalas,1240,paladin,retribution,42,21,21
Såssy,moon-guard,1240,paladin,retribution,48,18,30
Layonhánd,ragnaros,1239,paladin,retribution,30,13,17
Balrok,cenarius,1230,paladin,retribution,84,36,48
Tmac,azralon,1224,paladin,retribution,24,13,11
Wasembroder,ragnaros,1224,paladin,retribution,30,13,17
Kozk,quelthalas,1219,paladin,retribution,22,14,8
Redeviliu,tichondrius,1217,paladin,retribution,41,15,26
Kalgormoth,ragnaros,1213,paladin,retribution,29,13,16
Brsjak,frostmourne,1212,paladin,retribution,35,15,20
Valardaharis,thunderlord,1209,paladin,retribution,28,13,15
Oldicktwist,garrosh,1204,paladin,retribution,24,13,11
Finishearlyx,kelthuzad,1198,paladin,retribution,35,13,22
Hdmi,darkspear,1189,paladin,retribution,29,13,16
Zadragon,sargeras,1189,paladin,retribution,36,13,23
Elëssar,ragnaros,1185,paladin,retribution,35,16,19
Ibullyourmom,tichondrius,1182,paladin,retribution,23,13,10
Eldenblade,moon-guard,1182,paladin,retribution,23,13,10
Mechelle,thrall,1157,paladin,retribution,36,16,20
Soopadupa,trollbane,1156,paladin,retribution,56,30,26
Deftonia,stormrage,1155,paladin,retribution,33,15,18
Vânguârds,tichondrius,1152,paladin,retribution,24,12,12
Dtaitou,tichondrius,1152,paladin,retribution,30,12,18
Cöjax,dalaran,1151,paladin,retribution,18,12,6
Solanin,frostmourne,1151,paladin,retribution,24,12,12
Younghova,kelthuzad,1151,paladin,retribution,24,12,12
Yorøchi,azralon,1151,paladin,retribution,24,12,12
Xandia,aegwynn,1151,paladin,retribution,36,12,24
Dïlly,area-52,1150,paladin,retribution,18,12,6
Jhasøn,quelthalas,1149,paladin,retribution,18,12,6
Lucianz,ragnaros,1148,paladin,retribution,30,12,18
Lecheroø,tichondrius,1147,paladin,retribution,24,12,12
Azoruken,quelthalas,1147,paladin,retribution,24,12,12
Iluminadoor,nemesis,1145,paladin,retribution,18,12,6
Luminiscente,ragnaros,1145,paladin,retribution,24,12,12
Litler,tichondrius,1144,paladin,retribution,18,12,6
Snussp,emerald-dream,1144,paladin,retribution,27,13,14
Lightlana,frostwolf,1144,paladin,retribution,30,12,18
Lmd,tichondrius,1143,paladin,retribution,18,12,6
Thoti,tichondrius,1143,paladin,retribution,25,12,13
Faowin,sargeras,1143,paladin,retribution,30,12,18
Viclovin,stormrage,1142,paladin,retribution,24,12,12
Perzeføne,quelthalas,1141,paladin,retribution,24,12,12
Armstrongz,bleeding-hollow,1140,paladin,retribution,30,12,18
Aoishie,bleeding-hollow,1139,paladin,retribution,30,12,18
Schnabdain,exodar,1138,paladin,retribution,36,21,15
Scudstock,tichondrius,1138,paladin,retribution,36,16,20
Webothhateme,tichondrius,1128,paladin,retribution,18,12,6
Arun,arthas,1128,paladin,retribution,33,15,18
Shecara,malygos,1121,paladin,retribution,24,12,12
Aztraseneco,ragnaros,1118,paladin,retribution,26,12,14
Zaklehblue,daggerspine,1118,paladin,retribution,60,24,36
Greatgirthy,hyjal,1106,paladin,retribution,30,13,17
Paladingirl,darkspear,1097,paladin,retribution,56,25,31
Mikeqiaodan,tichondrius,1097,paladin,retribution,39,13,26
Mcbraín,quelthalas,1089,paladin,retribution,30,12,18
Soverejgn,bleeding-hollow,1086,paladin,retribution,40,14,26
Clefairy,arathor,1085,paladin,retribution,24,16,8
Haiden,goldrinn,1070,paladin,retribution,37,12,25
Alairius,tichondrius,1059,paladin,retribution,17,13,4
Yccorz,frostmourne,1056,paladin,retribution,18,11,7
Zozo,zuljin,1056,paladin,retribution,18,11,7
Lazypally,frostmourne,1056,paladin,retribution,24,11,13
Zeldoul,magtheridon,1056,paladin,retribution,24,11,13
Daxxj,akama,1056,paladin,retribution,30,11,19
Hefaista,ragnaros,1056,paladin,retribution,30,11,19
Siq,arthas,1056,paladin,retribution,30,11,19
Xexe,stormreaver,1056,paladin,retribution,38,11,27
Nhsvikings,bleeding-hollow,1055,paladin,retribution,18,11,7
Usdacertifed,lightnings-blade,1055,paladin,retribution,24,11,13
Whosyadaddy,tichondrius,1055,paladin,retribution,24,11,13
Gimli,mannoroth,1055,paladin,retribution,30,11,19
Minitas,blackrock,1054,paladin,retribution,24,11,13
Brolando,hyjal,1052,paladin,retribution,24,11,13
Elbigboy,tichondrius,1051,paladin,retribution,35,15,20
Libertylol,tichondrius,1051,paladin,retribution,28,12,16
Mangguo,tichondrius,1049,paladin,retribution,24,11,13
Lïgma,dalaran,1048,paladin,retribution,18,11,7
Solomonss,frostmourne,1048,paladin,retribution,24,11,13
Mfgspally,kelthuzad,1048,paladin,retribution,24,11,13
Theldart,ragnaros,1046,paladin,retribution,24,11,13
Sammyste,elune,1046,paladin,retribution,26,11,15
Simplesam,draenor,1046,paladin,retribution,30,11,19
Lostkanvas,azralon,1043,paladin,retribution,18,11,7
Gramaton,malfurion,1034,paladin,retribution,30,11,19
Thanatiel,area-52,1033,paladin,retribution,27,15,12
Sandicang,azuremyst,1019,paladin,retribution,24,11,13
Critxx,tichondrius,1010,paladin,retribution,29,11,18
Soana,alexstrasza,1008,paladin,retribution,18,11,7
Jursch,emerald-dream,1005,paladin,retribution,36,11,25
Sanctum,barthilas,1004,paladin,retribution,54,24,30
Wasimodo,emerald-dream,1002,paladin,retribution,30,13,17
Stdee,zuljin,998,paladin,retribution,27,12,15
Lundor,ragnaros,991,paladin,retribution,29,11,18
Homelanderp,tichondrius,960,paladin,retribution,18,10,8
Bigdickrick,ragnaros,960,paladin,retribution,18,10,8
Sweetfish,kiljaeden,960,paladin,retribution,18,10,8
Golden,tichondrius,960,paladin,retribution,24,10,14
Sâdê,bleeding-hollow,960,paladin,retribution,24,10,14
Bubblemark,tichondrius,960,paladin,retribution,24,10,14
Iäl,tichondrius,960,paladin,retribution,24,10,14
Caperx,tichondrius,960,paladin,retribution,24,10,14
Evangelìne,darkspear,959,paladin,retribution,12,10,2
Xk,kiljaeden,959,paladin,retribution,18,10,8
Daeyang,tichondrius,959,paladin,retribution,18,10,8
Déathkiing,area-52,959,paladin,retribution,24,10,14
Borrus,malygos,958,paladin,retribution,18,10,8
Bañe,lightbringer,958,paladin,retribution,24,10,14
Wesdarian,jaedenar,957,paladin,retribution,24,10,14
Solgrïm,wyrmrest-accord,956,paladin,retribution,18,10,8
Týrael,uldum,955,paladin,retribution,18,10,8
Cacaine,goldrinn,954,paladin,retribution,21,11,10
Sòl,stormrage,954,paladin,retribution,24,10,14
Linias,quelthalas,951,paladin,retribution,15,11,4
Crayt,tichondrius,911,paladin,retribution,21,10,11
Drtom,mannoroth,908,paladin,retribution,21,10,11
Fortueni,illidan,907,paladin,retribution,18,11,7
Toguro,kelthuzad,894,paladin,retribution,22,10,12
Wölfheärt,tichondrius,864,paladin,retribution,12,9,3
Alexjones,stormrage,864,paladin,retribution,18,9,9
Venguards,azralon,864,paladin,retribution,18,9,9
Brohtato,area-52,864,paladin,retribution,18,9,9
Naverpay,tichondrius,864,paladin,retribution,18,9,9
Kíbá,malganis,864,paladin,retribution,21,10,11
Zett,jubeithos,864,paladin,retribution,23,9,14
Pistis,kelthuzad,864,paladin,retribution,24,9,15
Utherpendrag,bladefist,864,paladin,retribution,24,9,15
Dankrachet,thrall,864,paladin,retribution,24,9,15
Traevel,moon-guard,864,paladin,retribution,24,9,15
ßountystrike,sargeras,864,paladin,retribution,30,9,21
Cripplemakër,stormrage,863,paladin,retribution,12,9,3
Merculios,stormrage,863,paladin,retribution,12,9,3
Nqe,area-52,863,paladin,retribution,12,9,3
Siaaryn,darkspear,863,paladin,retribution,12,9,3
Garlond,moon-guard,863,paladin,retribution,18,9,9
Ezcoatl,stormrage,863,paladin,retribution,18,9,9
Palban,tichondrius,863,paladin,retribution,18,9,9
Pàladwarf,stormrage,863,paladin,retribution,18,9,9
Landeren,khazgoroth,863,paladin,retribution,18,9,9
Xdiegox,stormrage,863,paladin,retribution,24,9,15
Konarik,stormrage,862,paladin,retribution,18,9,9
Yamush,silver-hand,862,paladin,retribution,18,9,9
Lumíty,sargeras,862,paladin,retribution,18,9,9
Rennalux,stormrage,861,paladin,retribution,24,9,15
Khetzi,thunderhorn,859,paladin,retribution,18,9,9
Alysca,tichondrius,858,paladin,retribution,18,9,9
Legible,tichondrius,846,paladin,retribution,22,11,11
Vicky,ursin,839,paladin,retribution,30,12,18
Loisterly,bladefist,831,paladin,retribution,14,10,4
Pallehx,tichondrius,831,paladin,retribution,23,9,14
Lilsquirt,proudmoore,827,paladin,retribution,17,10,7
Backdrop,proudmoore,815,paladin,retribution,17,9,8
Areuss,tichondrius,815,paladin,retribution,17,9,8
Happywow,tichondrius,811,paladin,retribution,17,9,8
Thadose,bonechewer,808,paladin,retribution,22,9,13
Yovan,proudmoore,806,paladin,retribution,20,11,9
Erós,azralon,798,paladin,retribution,22,9,13
Monchy,bleeding-hollow,797,paladin,retribution,16,9,7
Titannious,stormrage,783,paladin,retribution,23,9,14
Jvbai,area-52,768,paladin,retribution,12,8,4
Albion,sargeras,768,paladin,retribution,12,8,4
Fylerz,blackhand,768,paladin,retribution,12,8,4
Djangø,azuremyst,768,paladin,retribution,12,8,4
Arellis,barthilas,768,paladin,retribution,12,8,4
Gannecus,bleeding-hollow,768,paladin,retribution,12,8,4
Kamadonezuko,illidan,768,paladin,retribution,12,8,4
Davinshki,stormrage,768,paladin,retribution,12,8,4
Vanguards,tichondrius,768,paladin,retribution,12,8,4
Grimreaperx,azralon,768,paladin,retribution,17,8,9
Gorostas,kelthuzad,768,paladin,retribution,18,8,10
Glørious,drakkari,768,paladin,retribution,18,8,10
Quitzz,tichondrius,768,paladin,retribution,18,8,10
Furylolz,tichondrius,768,paladin,retribution,18,8,10
Rukkas,sargeras,768,paladin,retribution,18,8,10
Dampenedxd,bleeding-hollow,768,paladin,retribution,18,8,10
Väkariän,quelthalas,768,paladin,retribution,18,8,10
Jebpal,tichondrius,768,paladin,retribution,18,8,10
Practícal,moon-guard,768,paladin,retribution,24,8,16
Lumbersnack,moon-guard,768,paladin,retribution,24,8,16
Vibránium,tichondrius,768,paladin,retribution,24,8,16
Retxsilver,thrall,768,paladin,retribution,24,8,16
Bigdpally,frostmourne,768,paladin,retribution,24,8,16
Husurdaddy,dalaran,767,paladin,retribution,12,8,4
Chewyjitsu,tichondrius,767,paladin,retribution,12,8,4
Wickedpälly,kelthuzad,767,paladin,retribution,12,8,4
Ginbirdup,kelthuzad,767,paladin,retribution,12,8,4
Greybrox,barthilas,767,paladin,retribution,12,8,4
Mægenta,tichondrius,767,paladin,retribution,12,8,4
Samgonz,tichondrius,767,paladin,retribution,18,8,10
Hedilyan,azralon,767,paladin,retribution,18,8,10
Morneau,malganis,767,paladin,retribution,18,8,10
Arreliya,sargeras,767,paladin,retribution,18,8,10
Justicierø,aegwynn,767,paladin,retribution,18,8,10
Lolslikeomg,malganis,767,paladin,retribution,24,8,16
Ástridr,moon-guard,767,paladin,retribution,24,8,16
Sanguinata,shadowsong,766,paladin,retribution,12,8,4
Brightsaber,tichondrius,766,paladin,retribution,12,8,4
Fabolouss,tichondrius,766,paladin,retribution,12,8,4
Luxord,ysera,766,paladin,retribution,16,9,7
Statícx,ragnaros,766,paladin,retribution,19,9,10
Dentarg,garrosh,766,paladin,retribution,18,8,10
Aretwin,dalaran,766,paladin,retribution,18,8,10
Toyotasupra,azgalor,765,paladin,retribution,12,8,4
Nikinaki,stormrage,765,paladin,retribution,12,8,4
Sovereignt,aggramar,765,paladin,retribution,18,8,10
Ichigò,sargeras,765,paladin,retribution,18,8,10
Vtyr,nemesis,765,paladin,retribution,24,8,16
Ajoladin,illidan,765,paladin,retribution,24,8,16
Greylìght,frostmourne,763,paladin,retribution,12,8,4
Goldfînger,zuljin,763,paladin,retribution,18,8,10
Guccii,quelthalas,763,paladin,retribution,18,8,10
Amarith,queldorei,763,paladin,retribution,30,8,22
Shusekki,drakkari,762,paladin,retribution,18,8,10
Rediems,drakkari,762,paladin,retribution,24,8,16
Follower,sargeras,762,paladin,retribution,25,8,17
Flisk,garona,761,paladin,retribution,12,8,4
Jinfandi,gurubashi,760,paladin,retribution,24,8,16
Volorick,dalaran,759,paladin,retribution,24,8,16
Kènjii,sargeras,755,paladin,retribution,18,8,10
Fumaçaa,nemesis,751,paladin,retribution,18,8,10
Maelie,shadowmoon,749,paladin,retribution,12,8,4
Xbloodknight,malganis,735,paladin,retribution,14,9,5
Superzooted,sargeras,735,paladin,retribution,16,8,8
Tharkeves,cenarius,729,paladin,retribution,16,8,8
Irantir,drakkari,718,paladin,retribution,17,8,9
Páláx,stormrage,716,paladin,retribution,21,8,13
Lilbursty,tichondrius,714,paladin,retribution,19,9,10
Beastyone,tichondrius,705,paladin,retribution,19,9,10
Àmárìs,tichondrius,700,paladin,retribution,16,8,8
Turtlehoof,thrall,684,paladin,retribution,19,8,11
Arahann,bleeding-hollow,672,paladin,retribution,12,7,5
Chäinswellx,area-52,672,paladin,retribution,12,7,5
Greatwyrm,illidan,672,paladin,retribution,12,7,5
Shôtgun,tichondrius,672,paladin,retribution,12,7,5
Galeast,tichondrius,672,paladin,retribution,12,7,5
Bighoochie,moon-guard,672,paladin,retribution,12,7,5
Paltarrd,bleeding-hollow,672,paladin,retribution,12,7,5
Unitiss,velen,672,paladin,retribution,12,7,5
Mikhàël,stormscale,672,paladin,retribution,12,7,5
Nosferätu,illidan,672,paladin,retribution,12,7,5
Downways,sargeras,672,paladin,retribution,12,7,5
Trejetë,tichondrius,672,paladin,retribution,12,7,5
Parkwons,tichondrius,672,paladin,retribution,12,7,5
Gokuu,korgath,672,paladin,retribution,12,7,5
Frùglé,sargeras,672,paladin,retribution,12,7,5
Iloveket,blackrock,672,paladin,retribution,12,7,5
Popje,zuljin,672,paladin,retribution,12,7,5
Greasy,quelthalas,672,paladin,retribution,12,7,5
Hakson,stormrage,672,paladin,retribution,18,7,11
Trfreedomz,frostmourne,672,paladin,retribution,18,7,11
Cliftôn,illidan,672,paladin,retribution,18,7,11
Stormwinter,azralon,672,paladin,retribution,18,7,11
Aledin,frostmourne,672,paladin,retribution,18,7,11
Jowliet,stormrage,672,paladin,retribution,18,7,11
Ziti,bonechewer,672,paladin,retribution,18,7,11
Souyiro,sargeras,672,paladin,retribution,18,7,11
Galeatus,tichondrius,672,paladin,retribution,18,7,11
Sukmyret,sargeras,672,paladin,retribution,18,7,11
Hamburgeryu,tichondrius,672,paladin,retribution,18,7,11
Cuteluna,tichondrius,672,paladin,retribution,18,7,11
Kiritazuma,ravencrest,672,paladin,retribution,18,7,11
Palaxoto,nemesis,672,paladin,retribution,21,8,13
Ledster,kelthuzad,672,paladin,retribution,24,7,17
Auralyon,tichondrius,672,paladin,retribution,24,7,17
Kooi,illidan,672,paladin,retribution,24,7,17
Varaben,sargeras,672,paladin,retribution,24,7,17
Matthrian,moon-guard,672,paladin,retribution,24,7,17
Cryof,illidan,672,paladin,retribution,30,7,23
Koohny,stormrage,671,paladin,retribution,12,7,5
Vexxa,nerzhul,671,paladin,retribution,12,7,5
Darawin,korgath,671,paladin,retribution,12,7,5
Emethala,windrunner,671,paladin,retribution,12,7,5
Jaybbers,malganis,671,paladin,retribution,12,7,5
Ironpaladin,sargeras,671,paladin,retribution,12,7,5
Melize,area-52,671,paladin,retribution,12,7,5
Dynamais,barthilas,671,paladin,retribution,18,7,11
Vaelicus,emerald-dream,671,paladin,retribution,18,7,11
Doraléous,illidan,671,paladin,retribution,18,7,11
Riek,sargeras,670,paladin,retribution,16,8,8
Saucepally,laughing-skull,668,paladin,retribution,18,7,11
Deathwyz,thunderlord,666,paladin,retribution,24,7,17
Bigjwpb,illidan,644,paladin,retribution,24,7,17
Fressbee,nathrezim,623,paladin,retribution,17,7,10
Mcholy,thrall,617,paladin,retribution,14,9,5
Marvallous,area-52,608,paladin,retribution,16,7,9
Luret,tichondrius,608,paladin,retribution,16,7,9
Chestbrah,nemesis,607,paladin,retribution,14,7,7
Wîckèd,tichondrius,607,paladin,retribution,23,7,16
Tolkki,dalaran,607,paladin,retribution,26,7,19
Jager,medivh,606,paladin,retribution,15,7,8
Alvick,icecrown,592,paladin,retribution,19,7,12
Árèz,frostmourne,591,paladin,retribution,15,7,8
Fogonaventa,nemesis,576,paladin,retribution,6,6,0
Ashley,sargeras,576,paladin,retribution,6,6,0
Techno,tichondrius,576,paladin,retribution,6,6,0
Lucard,drakkari,576,paladin,retribution,6,6,0
Bloodyängel,emerald-dream,576,paladin,retribution,12,6,6
Kmackk,tichondrius,576,paladin,retribution,12,6,6
Sacerbelator,zuluhed,576,paladin,retribution,12,6,6
Brpistol,azralon,576,paladin,retribution,12,6,6
Crânkdât,frostmourne,576,paladin,retribution,12,6,6
Clownfister,barthilas,576,paladin,retribution,12,6,6
Auxilio,arathor,576,paladin,retribution,12,6,6
Virtuosi,area-52,576,paladin,retribution,12,6,6
Iqt,moon-guard,576,paladin,retribution,12,6,6
Caonizumu,area-52,576,paladin,retribution,12,6,6
Zèró,terokkar,576,paladin,retribution,12,6,6
Yungcheezy,illidan,576,paladin,retribution,12,6,6
Çhñkzrèt,illidan,576,paladin,retribution,12,6,6
Hurukpaly,azralon,576,paladin,retribution,12,6,6
Saintpower,stormscale,576,paladin,retribution,12,6,6
Thuggrnaut,darkspear,576,paladin,retribution,12,6,6
Voidaz,stormscale,576,paladin,retribution,12,6,6
Tothegravetv,illidan,576,paladin,retribution,12,6,6
Avacii,illidan,576,paladin,retribution,12,6,6
Zèrà,thunderhorn,576,paladin,retribution,12,6,6
Ðiviñe,zuluhed,576,paladin,retribution,12,6,6
Ane,gorefiend,576,paladin,retribution,12,6,6
Duhvine,malganis,576,paladin,retribution,12,6,6
Rohad,thrall,576,paladin,retribution,12,6,6
Lightcast,moon-guard,576,paladin,retribution,12,6,6
Trixtur,tichondrius,576,paladin,retribution,12,6,6
Teewrecks,frostmourne,576,paladin,retribution,12,6,6
Albïreo,drakkari,576,paladin,retribution,12,6,6
Zanthus,shadow-council,576,paladin,retribution,12,6,6
Pállyho,tichondrius,576,paladin,retribution,12,6,6
Ralo,khaz-modan,576,paladin,retribution,12,6,6
Crybátt,quelthalas,576,paladin,retribution,12,6,6
Margit,moon-guard,576,paladin,retribution,12,6,6
Beardedbrute,korgath,576,paladin,retribution,12,6,6
Dashhighborn,sargeras,576,paladin,retribution,12,6,6
Kishou,stormrage,576,paladin,retribution,12,6,6
Bebopin,tichondrius,576,paladin,retribution,12,6,6
Caveyodeler,zuluhed,576,paladin,retribution,12,6,6
Gambitdin,moon-guard,576,paladin,retribution,12,6,6
Pallysmack,stormrage,576,paladin,retribution,12,6,6
Sozmsjackson,barthilas,576,paladin,retribution,15,7,8
Nuggetpusher,thunderlord,576,paladin,retribution,15,6,9
Lucy,sargeras,576,paladin,retribution,18,6,12
Joeyrat,area-52,576,paladin,retribution,18,6,12
Vânguards,tichondrius,576,paladin,retribution,18,6,12
Exorcìst,tichondrius,576,paladin,retribution,18,6,12
Tramatic,sargeras,576,paladin,retribution,18,6,12
Niubcjq,tichondrius,576,paladin,retribution,18,6,12
Wésters,quelthalas,576,paladin,retribution,18,6,12
Jivvy,eredar,576,paladin,retribution,18,6,12
Mïkhael,nemesis,576,paladin,retribution,18,6,12
Nufi,magtheridon,576,paladin,retribution,18,6,12
Atterz,azralon,576,paladin,retribution,18,6,12
Shiryn,illidan,576,paladin,retribution,18,6,12
Isayas,tichondrius,576,paladin,retribution,18,6,12
Sconey,andorhal,576,paladin,retribution,18,6,12
Sabotsaint,tichondrius,576,paladin,retribution,24,6,18
Saccro,area-52,576,paladin,retribution,24,6,18
Kimochiyuh,illidan,575,paladin,retribution,12,6,6
Synthetic,moon-guard,575,paladin,retribution,12,6,6
Retrah,azralon,575,paladin,retribution,12,6,6
Tutankhammer,stormrage,575,paladin,retribution,12,6,6
Bulioevn,emerald-dream,575,paladin,retribution,12,6,6
Vanthor,emerald-dream,575,paladin,retribution,12,6,6
Hijinxx,antonidas,575,paladin,retribution,12,6,6
Layonthis,the-venture-co,575,paladin,retribution,12,6,6
Messeb,veknilash,575,paladin,retribution,12,6,6
Billnighy,alleria,574,paladin,retribution,12,6,6
Ihmperiuus,quelthalas,574,paladin,retribution,12,6,6
Ajaex,area-52,571,paladin,retribution,12,6,6
Kalerien,wildhammer,571,paladin,retribution,12,6,6
Luke,frostwolf,559,paladin,retribution,17,6,11
Kookamønga,tichondrius,528,paladin,retribution,15,7,8
Thalorian,azshara,528,paladin,retribution,15,6,9
Gtate,azjolnerub,527,paladin,retribution,11,6,5
Mádz,ragnaros,527,paladin,retribution,11,6,5
Cexus,tichondrius,527,paladin,retribution,11,6,5
Omenix,laughing-skull,527,paladin,retribution,11,6,5
Johnyfresh,jubeithos,527,paladin,retribution,15,7,8
Pantheeon,altar-of-storms,522,paladin,retribution,24,7,17
Broxon,tichondrius,511,paladin,retribution,10,6,4
Nah,emerald-dream,511,paladin,retribution,14,6,8
Zuthora,alleria,511,paladin,retribution,14,6,8
Senorwang,dalaran,494,paladin,retribution,13,6,7
Mattilla,tichondrius,480,paladin,retribution,6,5,1
Zözo,zuljin,480,paladin,retribution,6,5,1
Crosshammer,quelthalas,480,paladin,retribution,6,5,1
Heathen,spirestone,480,paladin,retribution,6,5,1
Taeret,tichondrius,480,paladin,retribution,6,5,1
Chopsparks,khadgar,480,paladin,retribution,6,5,1
Totalaustin,sargeras,480,paladin,retribution,6,5,1
Rycerzforge,ragnaros,480,paladin,retribution,6,5,1
Dippedxd,tichondrius,480,paladin,retribution,9,6,3
Pique,malganis,480,paladin,retribution,12,5,7
Dalance,draka,480,paladin,retribution,12,5,7
Triginhall,moon-guard,480,paladin,retribution,12,5,7
Beatman,blades-edge,480,paladin,retribution,12,5,7
Shiadfang,tichondrius,480,paladin,retribution,12,5,7
Bettyböp,bleeding-hollow,480,paladin,retribution,12,5,7
Xinqingle,tichondrius,480,paladin,retribution,12,5,7
Ponytail,dark-iron,480,paladin,retribution,12,5,7
Anivan,moon-guard,480,paladin,retribution,12,5,7
Dazargeros,moon-guard,480,paladin,retribution,12,5,7
Freiermoth,shadowmoon,480,paladin,retribution,12,5,7
Lücid,arthas,480,paladin,retribution,12,5,7
Beardy,emerald-dream,480,paladin,retribution,12,5,7
Lebowski,nordrassil,480,paladin,retribution,12,5,7
Thrasheric,ragnaros,480,paladin,retribution,12,5,7
Xeniél,illidan,480,paladin,retribution,12,5,7
Fótm,bleeding-hollow,480,paladin,retribution,12,5,7
Meleegodx,darkspear,480,paladin,retribution,12,5,7
Lyricism,tichondrius,480,paladin,retribution,12,5,7
Redballz,kelthuzad,480,paladin,retribution,12,5,7
Hojdin,tichondrius,480,paladin,retribution,12,5,7
Leaelda,wyrmrest-accord,480,paladin,retribution,12,5,7
Retman,azuremyst,480,paladin,retribution,12,5,7
Connore,stormrage,480,paladin,retribution,12,5,7
Liaadrin,azralon,480,paladin,retribution,12,5,7
Kaidoz,aegwynn,480,paladin,retribution,12,5,7
Fìlìgree,tichondrius,480,paladin,retribution,12,5,7
Adrexious,dalaran,480,paladin,retribution,12,5,7
Faithkiller,garrosh,480,paladin,retribution,12,5,7
Holyroro,area-52,480,paladin,retribution,12,5,7
Ktwocrank,dalaran,480,paladin,retribution,12,5,7
Thickgirl,bleeding-hollow,480,paladin,retribution,12,5,7
Riseandgrind,tichondrius,480,paladin,retribution,12,5,7
Randvi,sargeras,480,paladin,retribution,12,5,7
Szeq,tichondrius,480,paladin,retribution,12,5,7
Tpane,kelthuzad,480,paladin,retribution,12,5,7
Zolktro,stormrage,480,paladin,retribution,12,5,7
Shadòw,emerald-dream,480,paladin,retribution,12,5,7
Valtariel,wyrmrest-accord,480,paladin,retribution,12,5,7
Belena,jaedenar,480,paladin,retribution,12,5,7
Yuccalicious,area-52,480,paladin,retribution,12,5,7
Methor,thrall,480,paladin,retribution,12,5,7
Bold,frostmourne,480,paladin,retribution,12,5,7
Pockopea,arygos,480,paladin,retribution,12,5,7
Kaélthas,eonar,480,paladin,retribution,12,5,7
Moød,ragnaros,480,paladin,retribution,15,6,9
Downs,tichondrius,480,paladin,retribution,18,5,13
Chriscoz,korgath,480,paladin,retribution,18,5,13
Møemøeda,illidan,480,paladin,retribution,18,5,13
Valinorean,nemesis,480,paladin,retribution,18,5,13
Boogerred,korialstrasz,480,paladin,retribution,18,5,13
Midnightboto,dragonmaw,480,paladin,retribution,18,5,13
Zero,garona,480,paladin,retribution,30,5,25
Grimhammer,the-scryers,479,paladin,retribution,6,5,1
Marshman,kelthuzad,479,paladin,retribution,6,5,1
Denstain,kul-tiras,479,paladin,retribution,12,5,7
Cowsavior,terenas,479,paladin,retribution,12,5,7
Noctis,nerzhul,479,paladin,retribution,12,5,7
Dfbattlepass,kelthuzad,479,paladin,retribution,12,5,7
Zelrich,moon-guard,479,paladin,retribution,12,5,7
Drágons,stormrage,479,paladin,retribution,12,5,7
Memoríez,zuljin,479,paladin,retribution,12,5,7
Dredberserk,stormrage,479,paladin,retribution,12,5,7
Eliasor,illidan,478,paladin,retribution,6,5,1
Palypunchh,darrowmere,478,paladin,retribution,12,6,6
Chengduqq,illidan,478,paladin,retribution,12,5,7
Fatalpally,antonidas,478,paladin,retribution,12,5,7
Mandow,tichondrius,478,paladin,retribution,16,6,10
Jeinova,barthilas,477,paladin,retribution,6,5,1
Nicepally,moon-guard,476,paladin,retribution,12,5,7
Bubblegums,nagrand,475,paladin,retribution,12,5,7
Goldranger,hakkar,474,paladin,retribution,12,5,7
Solstein,dalaran,474,paladin,retribution,12,5,7
Vengecide,proudmoore,473,paladin,retribution,12,5,7
Avaheal,dragonmaw,463,paladin,retribution,11,5,6
Lizzyz,illidan,463,paladin,retribution,11,5,6
Cleavix,tichondrius,463,paladin,retribution,23,5,18
Pablito,fizzcrank,457,paladin,retribution,21,7,14
Gloren,garrosh,447,paladin,retribution,11,5,6
Epòc,frostmourne,447,paladin,retribution,14,6,8
Zir,frostmourne,445,paladin,retribution,11,5,6
Ôdenswrath,stormscale,432,paladin,retribution,12,6,6
Zzf,turalyon,431,paladin,retribution,11,5,6
Bubbleöseven,agamaggan,431,paladin,retribution,11,5,6
Dazztrain,barthilas,384,paladin,retribution,6,4,2
Wagyou,skywall,384,paladin,retribution,6,4,2
Balster,moon-guard,384,paladin,retribution,6,4,2
Serås,silvermoon,384,paladin,retribution,6,4,2
Elsinore,senjin,384,paladin,retribution,6,4,2
Chbestafera,nemesis,384,paladin,retribution,6,4,2
Kadryck,drakkari,384,paladin,retribution,6,4,2
Hiikari,silver-hand,384,paladin,retribution,6,4,2
Richiggaa,illidan,384,paladin,retribution,6,4,2
Galedance,tichondrius,384,paladin,retribution,6,4,2
Deepsearide,illidan,384,paladin,retribution,6,4,2
Guji,jubeithos,384,paladin,retribution,6,4,2
Longinus,eredar,384,paladin,retribution,6,4,2
Chuoo,proudmoore,384,paladin,retribution,6,4,2
Crocfacex,tichondrius,384,paladin,retribution,6,4,2
Hellsingwolf,zuljin,384,paladin,retribution,6,4,2
Eduardoap,azralon,384,paladin,retribution,6,4,2
Hanno,azshara,384,paladin,retribution,6,4,2
Swellows,tichondrius,384,paladin,retribution,6,4,2
Anaxxie,azralon,384,paladin,retribution,6,4,2
Ashkandi,tichondrius,384,paladin,retribution,6,4,2
Tearet,tichondrius,384,paladin,retribution,6,4,2
Notaefc,icecrown,384,paladin,retribution,6,4,2
Khanid,emerald-dream,384,paladin,retribution,6,4,2
Gilgamesh,moonrunner,384,paladin,retribution,6,4,2
Puredecuy,ragnaros,384,paladin,retribution,6,4,2
Leoros,blackrock,384,paladin,retribution,6,4,2
Temptrez,bleeding-hollow,384,paladin,retribution,6,4,2
Miitt,blackrock,384,paladin,retribution,6,4,2
Gobblerr,blackrock,384,paladin,retribution,6,4,2
Notoriouus,bleeding-hollow,384,paladin,retribution,6,4,2
Cowsecration,ragnaros,384,paladin,retribution,6,4,2
Qsx,bleeding-hollow,384,paladin,retribution,6,4,2
Californía,bleeding-hollow,384,paladin,retribution,6,4,2
Audris,chogall,384,paladin,retribution,6,4,2
Rusinator,bonechewer,384,paladin,retribution,6,4,2
Ironpallyx,garrosh,384,paladin,retribution,6,4,2
Soymilkdrnka,sargeras,384,paladin,retribution,6,4,2
Itaghí,sargeras,384,paladin,retribution,6,4,2
Botch,drenden,384,paladin,retribution,6,4,2
Hellcallerl,quelthalas,384,paladin,retribution,6,4,2
Trisøn,area-52,384,paladin,retribution,6,4,2
Seven,blackwing-lair,384,paladin,retribution,6,4,2
Atrayeus,dawnbringer,384,paladin,retribution,6,4,2
Luzoscura,quelthalas,384,paladin,retribution,6,4,2
Takinvcards,area-52,384,paladin,retribution,6,4,2
Madalynn,quelthalas,384,paladin,retribution,6,4,2
Lilcyans,ragnaros,384,paladin,retribution,6,4,2
Ðorlie,malganis,384,paladin,retribution,6,4,2
Sasukee,quelthalas,384,paladin,retribution,6,4,2
Souiler,thunderlord,384,paladin,retribution,10,5,5
Lhacius,drakkari,384,paladin,retribution,10,5,5
Artherion,kelthuzad,384,paladin,retribution,15,5,10
Haimdallr,azralon,384,paladin,retribution,12,4,8
Álkair,ragnaros,384,paladin,retribution,12,4,8
Kochinodin,ragnaros,384,paladin,retribution,12,4,8
Senion,velen,384,paladin,retribution,12,4,8
Sasorï,stormrage,384,paladin,retribution,12,4,8
Temote,anvilmar,384,paladin,retribution,12,4,8
Pallyzo,zuljin,384,paladin,retribution,12,4,8
Litium,frostmourne,384,paladin,retribution,12,4,8
Ibull,stormscale,384,paladin,retribution,12,4,8
Beyönd,quelthalas,384,paladin,retribution,12,4,8
Aricen,thunderhorn,384,paladin,retribution,12,4,8
Dezul,stormscale,384,paladin,retribution,12,4,8
Pøcohontas,twisting-nether,384,paladin,retribution,12,4,8
Mashbringer,moon-guard,384,paladin,retribution,12,4,8
Riggen,thrall,384,paladin,retribution,12,4,8
Stax,moon-guard,384,paladin,retribution,12,4,8
Bauldrin,moon-guard,384,paladin,retribution,12,4,8
Rebukezz,dalaran,384,paladin,retribution,12,4,8
Smöke,frostmourne,384,paladin,retribution,12,4,8
Mazaltoff,proudmoore,384,paladin,retribution,12,4,8
Bigjiba,proudmoore,384,paladin,retribution,12,4,8
Juliusplzher,area-52,384,paladin,retribution,12,4,8
Phanna,the-forgotten-coast,384,paladin,retribution,12,4,8
Tesak,emerald-dream,384,paladin,retribution,12,4,8
Lit,alexstrasza,384,paladin,retribution,12,4,8
Ddawz,proudmoore,384,paladin,retribution,12,4,8
Juffury,illidan,384,paladin,retribution,12,4,8
Sevik,garithos,384,paladin,retribution,12,4,8
Kurôsh,kalecgos,384,paladin,retribution,12,4,8
Restitution,area-52,384,paladin,retribution,12,4,8
Adauto,illidan,384,paladin,retribution,12,4,8
Galatus,tichondrius,384,paladin,retribution,12,4,8
Xxwitcherxx,stormrage,384,paladin,retribution,12,4,8
Hurrîcane,illidan,384,paladin,retribution,12,4,8
Crystahlmeth,sargeras,384,paladin,retribution,12,4,8
Theril,kelthuzad,384,paladin,retribution,12,4,8
Emmastoned,bleeding-hollow,384,paladin,retribution,12,4,8
Roodictz,zuljin,384,paladin,retribution,12,4,8
Jakkatähn,malganis,384,paladin,retribution,12,4,8
Tëmplar,bleeding-hollow,384,paladin,retribution,12,4,8
Msjudged,blackrock,384,paladin,retribution,12,4,8
Promethèus,jubeithos,384,paladin,retribution,12,4,8
Loyality,sargeras,384,paladin,retribution,12,4,8
Benoít,zuljin,384,paladin,retribution,12,4,8
Zeyrox,stormrage,384,paladin,retribution,12,4,8
Yoboyindahiz,stormrage,384,paladin,retribution,12,4,8
Galess,tichondrius,384,paladin,retribution,12,4,8
Sneeber,stormrage,384,paladin,retribution,12,4,8
Lânnâ,tichondrius,384,paladin,retribution,12,4,8
Geospawn,tichondrius,384,paladin,retribution,12,4,8
Mabia,tichondrius,384,paladin,retribution,12,4,8
Mitchyc,stormrage,384,paladin,retribution,12,4,8
Oathen,proudmoore,384,paladin,retribution,13,4,9
Dalgren,quelthalas,384,paladin,retribution,21,5,16
Angrytitan,tichondrius,384,paladin,retribution,18,4,14
Essexqt,blackhand,384,paladin,retribution,18,4,14
Theholysword,tichondrius,384,paladin,retribution,18,4,14
Powercelest,quelthalas,384,paladin,retribution,18,4,14
Ryuseiblade,ragnaros,384,paladin,retribution,18,4,14
Holydiver,sargeras,384,paladin,retribution,18,4,14
Hayden,stormscale,384,paladin,retribution,18,4,14
Arkadiano,drakkari,384,paladin,retribution,18,4,14
Againstfilet,azralon,384,paladin,retribution,18,4,14
Sponce,kirin-tor,384,paladin,retribution,18,4,14
Demihoj,illidan,384,paladin,retribution,18,4,14
Ongang,illidan,384,paladin,retribution,18,4,14
Ccpx,area-52,384,paladin,retribution,18,4,14
Brandforge,thunderlord,383,paladin,retribution,6,4,2
Retgasm,drakthul,383,paladin,retribution,6,4,2
Imsoosmall,sargeras,383,paladin,retribution,6,4,2
Thorsenâ,sargeras,383,paladin,retribution,9,5,4
Deathblazer,blades-edge,383,paladin,retribution,12,4,8
Warswordz,stormrage,383,paladin,retribution,12,4,8
Thirtyfivemm,area-52,383,paladin,retribution,12,4,8
Joelanson,blood-furnace,383,paladin,retribution,12,4,8
Vonfraud,lightbringer,383,paladin,retribution,12,4,8
Hølydiver,rivendare,383,paladin,retribution,12,4,8
Holyshoc,kiljaeden,383,paladin,retribution,14,4,10
Diablosgrim,stormrage,382,paladin,retribution,6,4,2
Kenbad,aegwynn,382,paladin,retribution,6,4,2
Kokuryuha,quelthalas,380,paladin,retribution,12,4,8
Crucifine,wyrmrest-accord,367,paladin,retribution,11,4,7
Bibimbop,boulderfist,352,paladin,retribution,13,5,8
Xcream,nemesis,351,paladin,retribution,20,5,15
Davinchi,laughing-skull,350,paladin,retribution,11,6,5
Cyreus,emerald-dream,336,paladin,retribution,9,4,5
Rainingrets,tichondrius,330,paladin,retribution,16,5,11
Bastiion,stormrage,320,paladin,retribution,10,4,6
Hokkan,quelthalas,319,paladin,retribution,5,4,1
Iammj,skywall,319,paladin,retribution,5,4,1
Laysonus,moon-guard,319,paladin,retribution,8,4,4
Holyshasha,tichondrius,319,paladin,retribution,8,4,4
Slashnroses,tichondrius,319,paladin,retribution,14,4,10
Wadalee,tichondrius,319,paladin,retribution,14,4,10
Torrthak,area-52,304,paladin,retribution,7,4,3
Onemorelight,area-52,288,paladin,retribution,6,3,3
Noitra,azralon,288,paladin,retribution,6,3,3
Halnarran,area-52,288,paladin,retribution,6,3,3
Rektwings,area-52,288,paladin,retribution,6,3,3
Warbird,lightnings-blade,288,paladin,retribution,6,3,3
Lightballz,vashj,288,paladin,retribution,6,3,3
Rexpeitaboot,azralon,288,paladin,retribution,6,3,3
Varezion,vashj,288,paladin,retribution,6,3,3
Purejudgemnt,area-52,288,paladin,retribution,6,3,3
Andras,emerald-dream,288,paladin,retribution,6,3,3
Bíteme,sargeras,288,paladin,retribution,6,3,3
Troegenator,stormrage,288,paladin,retribution,6,3,3
Dev,frostwolf,288,paladin,retribution,6,3,3
Halordriest,tichondrius,288,paladin,retribution,6,3,3
Pristinne,darkspear,288,paladin,retribution,6,3,3
Sóláris,moon-guard,288,paladin,retribution,6,3,3
Mordered,proudmoore,288,paladin,retribution,6,3,3
Delaswing,quelthalas,288,paladin,retribution,6,3,3
Leá,illidan,288,paladin,retribution,6,3,3
Tedward,emerald-dream,288,paladin,retribution,6,3,3
Stamptime,emerald-dream,288,paladin,retribution,6,3,3
Joeseph,stormrage,288,paladin,retribution,6,3,3
Holycar,illidan,288,paladin,retribution,6,3,3
Kapoof,dalaran,288,paladin,retribution,6,3,3
Giltronix,thrall,288,paladin,retribution,6,3,3
Jugheadqc,mugthol,288,paladin,retribution,6,3,3
Geöspäwn,tichondrius,288,paladin,retribution,6,3,3
Nerilliah,sargeras,288,paladin,retribution,6,3,3
Pocserpala,drakkari,288,paladin,retribution,6,3,3
Theblèss,tichondrius,288,paladin,retribution,6,3,3
Krackanut,kelthuzad,288,paladin,retribution,6,3,3
Aellâ,bloodscalp,288,paladin,retribution,6,3,3
Rönän,sargeras,288,paladin,retribution,6,3,3
Adrockiller,quelthalas,288,paladin,retribution,6,3,3
Valadinna,tichondrius,288,paladin,retribution,6,3,3
Unicornslayr,antonidas,288,paladin,retribution,6,3,3
Elri,ragnaros,288,paladin,retribution,6,3,3
Elhoj,illidan,288,paladin,retribution,6,3,3
Beefdaddyx,tichondrius,288,paladin,retribution,6,3,3
Reaslovak,jubeithos,288,paladin,retribution,6,3,3
Talionz,illidan,288,paladin,retribution,6,3,3
Reallyfe,skullcrusher,288,paladin,retribution,6,3,3
Arkoth,kelthuzad,288,paladin,retribution,6,3,3
Raywhite,kelthuzad,288,paladin,retribution,6,3,3
Moistbible,kelthuzad,288,paladin,retribution,6,3,3
Chajaaro,ragnaros,288,paladin,retribution,6,3,3
Reptila,bonechewer,288,paladin,retribution,6,3,3
Gashlycrumb,tichondrius,288,paladin,retribution,6,3,3
Holyjoint,uther,288,paladin,retribution,6,3,3
Lomis,azgalor,288,paladin,retribution,6,3,3
Koreancannon,tichondrius,288,paladin,retribution,6,3,3
Erwubawan,illidan,288,paladin,retribution,6,3,3
Theßest,baelgun,288,paladin,retribution,6,3,3
Kiboko,tichondrius,288,paladin,retribution,6,3,3
Zakh,proudmoore,288,paladin,retribution,6,3,3
Nickotines,kelthuzad,288,paladin,retribution,6,3,3
Uneazyxx,tichondrius,288,paladin,retribution,6,3,3
Amanzhul,quelthalas,288,paladin,retribution,6,3,3
Sukilol,tichondrius,288,paladin,retribution,6,3,3
Sellenagomez,malganis,288,paladin,retribution,6,3,3
Scamadin,tichondrius,288,paladin,retribution,6,3,3
Aiethyria,tichondrius,288,paladin,retribution,6,3,3
Retrachet,thrall,288,paladin,retribution,6,3,3
Taynos,tichondrius,288,paladin,retribution,6,3,3
Laluce,malganis,288,paladin,retribution,6,3,3
Olsen,stormrage,288,paladin,retribution,6,3,3
Nitemareforu,stormreaver,288,paladin,retribution,6,3,3
Scathol,tichondrius,288,paladin,retribution,6,3,3
Stõnêdpimp,agamaggan,288,paladin,retribution,6,3,3
Genovah,sargeras,288,paladin,retribution,6,3,3
Allîe,malganis,288,paladin,retribution,6,3,3
Assaultron,dalaran,288,paladin,retribution,6,3,3
Everith,bleeding-hollow,288,paladin,retribution,6,3,3
Savagedemise,barthilas,288,paladin,retribution,6,3,3
Runebane,doomhammer,288,paladin,retribution,6,3,3
Beepsmash,executus,288,paladin,retribution,6,3,3
Hybrix,tichondrius,288,paladin,retribution,6,3,3
Maxduo,bleeding-hollow,288,paladin,retribution,6,3,3
Bakapal,tichondrius,288,paladin,retribution,6,3,3
Helldevil,zuljin,288,paladin,retribution,6,3,3
Darkknes,quelthalas,288,paladin,retribution,6,3,3
Sona,jubeithos,288,paladin,retribution,6,3,3
Dreyan,wyrmrest-accord,288,paladin,retribution,6,3,3
Diebygcd,tichondrius,288,paladin,retribution,6,3,3
Blasstar,quelthalas,288,paladin,retribution,6,3,3
Pahlevahn,stormrage,288,paladin,retribution,6,3,3
Rockbell,kiljaeden,288,paladin,retribution,6,3,3
Justsaiyen,bleeding-hollow,288,paladin,retribution,6,3,3
Bubblet,bleeding-hollow,288,paladin,retribution,6,3,3
Aidillon,shadowsong,288,paladin,retribution,6,3,3
Zenpally,doomhammer,288,paladin,retribution,6,3,3
Doogo,cenarius,288,paladin,retribution,6,3,3
Dfz,mannoroth,288,paladin,retribution,6,3,3
Liandroa,stormrage,288,paladin,retribution,6,3,3
Flareous,moon-guard,288,paladin,retribution,6,3,3
Alicê,moon-guard,288,paladin,retribution,6,3,3
Niksilp,malfurion,288,paladin,retribution,6,3,3
Ha,bleeding-hollow,288,paladin,retribution,6,3,3
Dralkou,kaelthas,288,paladin,retribution,6,3,3
Dasp,nagrand,288,paladin,retribution,6,3,3
Drágônbôrn,tichondrius,288,paladin,retribution,6,3,3
Jovolur,dalaran,288,paladin,retribution,6,3,3
Barzø,tichondrius,288,paladin,retribution,6,3,3
Volcathos,moon-guard,288,paladin,retribution,6,3,3
Ivanko,dalaran,288,paladin,retribution,7,3,4
Divinehammer,proudmoore,288,paladin,retribution,12,4,8
Coffeepal,tichondrius,288,paladin,retribution,13,4,9
Elpal,thrall,288,paladin,retribution,12,3,9
Smokeys,sargeras,288,paladin,retribution,12,3,9
Mcconnell,sargeras,288,paladin,retribution,12,3,9
Arkanica,moon-guard,288,paladin,retribution,12,3,9
Therëv,zuljin,288,paladin,retribution,12,3,9
Leronos,zuljin,288,paladin,retribution,12,3,9
Jontapally,stormrage,288,paladin,retribution,12,3,9
Paladatrox,ragnaros,288,paladin,retribution,12,3,9
Galadriele,zuljin,288,paladin,retribution,12,3,9
Mixnut,tichondrius,288,paladin,retribution,12,3,9
Purged,wyrmrest-accord,288,paladin,retribution,12,3,9
Razuel,frostmourne,288,paladin,retribution,12,3,9
Blackpie,bleeding-hollow,288,paladin,retribution,12,3,9
Allixis,wyrmrest-accord,288,paladin,retribution,12,3,9
Tolleytrain,malganis,288,paladin,retribution,12,3,9
Nik,the-underbog,288,paladin,retribution,12,3,9
Stônemôuntan,moon-guard,288,paladin,retribution,12,3,9
Cromsecrate,dalaran,288,paladin,retribution,12,3,9
Kiergann,quelthalas,288,paladin,retribution,12,3,9
Darqtank,smolderthorn,288,paladin,retribution,12,3,9
Bdaws,tichondrius,288,paladin,retribution,12,3,9
Holychris,shadowmoon,288,paladin,retribution,12,3,9
Provail,stormrage,288,paladin,retribution,12,3,9
Yeluh,malganis,288,paladin,retribution,12,3,9
Uoenò,moon-guard,288,paladin,retribution,12,3,9
Slania,area-52,288,paladin,retribution,12,3,9
Gelosagrado,illidan,288,paladin,retribution,12,3,9
Picachü,ragnaros,288,paladin,retribution,12,3,9
Hardclimacks,frostmourne,288,paladin,retribution,12,3,9
Cloaxy,azgalor,288,paladin,retribution,12,3,9
Daddytoad,tichondrius,288,paladin,retribution,12,3,9
Xenagos,akama,288,paladin,retribution,12,3,9
Kaupe,barthilas,288,paladin,retribution,12,3,9
Asukaxt,illidan,288,paladin,retribution,12,3,9
Hahe,tichondrius,288,paladin,retribution,12,3,9
Véxv,emerald-dream,288,paladin,retribution,12,3,9
Gämä,azralon,288,paladin,retribution,12,3,9
Jafbe,mugthol,288,paladin,retribution,12,3,9
Holyfilers,thunderlord,288,paladin,retribution,12,3,9
Wreathy,sargeras,288,paladin,retribution,12,3,9
Bigplucker,kelthuzad,288,paladin,retribution,12,3,9
Levarious,thunderlord,288,paladin,retribution,12,3,9
Athenauwu,illidan,288,paladin,retribution,12,3,9
Kipow,proudmoore,288,paladin,retribution,12,3,9
Reìarthur,stormrage,288,paladin,retribution,12,3,9
Säv,tichondrius,288,paladin,retribution,12,3,9
Missoutale,aerie-peak,288,paladin,retribution,18,3,15
Hadrianus,azralon,288,paladin,retribution,18,3,15
Velstadt,sargeras,288,paladin,retribution,18,3,15
Fourchon,tichondrius,288,paladin,retribution,18,3,15
Nume,nesingwary,288,paladin,retribution,18,3,15
Releváncé,frostmourne,288,paladin,retribution,18,3,15
Whangsta,tichondrius,288,paladin,retribution,24,3,21
Aowynd,tichondrius,287,paladin,retribution,6,3,3
Atreuss,moon-guard,287,paladin,retribution,6,3,3
Covidxlx,hakkar,287,paladin,retribution,6,3,3
Sventyn,frostmourne,271,paladin,retribution,11,3,8
Gusset,tichondrius,255,paladin,retribution,8,4,4
Lorgax,alterac-mountains,240,paladin,retribution,9,3,6
Sôsaboy,tichondrius,239,paladin,retribution,5,3,2
Palitard,tichondrius,234,paladin,retribution,7,5,2
Hottest,wyrmrest-accord,234,paladin,retribution,8,4,4
Swiftysh,ragnaros,234,paladin,retribution,9,4,5
Stinkystan,korgath,234,paladin,retribution,10,4,6
Ducii,stormrage,234,paladin,retribution,16,4,12
Falaran,azralon,223,paladin,retribution,8,3,5
Profundity,area-52,201,paladin,retribution,12,4,8
Cutebtw,zuljin,192,paladin,retribution,4,3,1
Keegân,area-52,192,paladin,retribution,4,3,1
Anonymvs,eredar,192,paladin,retribution,9,3,6
Lxwd,tichondrius,192,paladin,retribution,6,2,4
Dynamism,frostmourne,192,paladin,retribution,6,2,4
Lunchboxz,nazjatar,192,paladin,retribution,6,2,4
Stöneblood,moon-guard,192,paladin,retribution,6,2,4
Ashess,sargeras,192,paladin,retribution,6,2,4
Idenline,moon-guard,192,paladin,retribution,6,2,4
Blargnarg,area-52,192,paladin,retribution,6,2,4
Däkh,sargeras,192,paladin,retribution,6,2,4
Dabakle,stormrage,192,paladin,retribution,6,2,4
Avengzeus,tichondrius,192,paladin,retribution,6,2,4
Outofholy,stormrage,192,paladin,retribution,6,2,4
Torosagrado,drakkari,192,paladin,retribution,6,2,4
Bigdret,moon-guard,192,paladin,retribution,6,2,4
Buri,tichondrius,192,paladin,retribution,6,2,4
Stroods,stormrage,192,paladin,retribution,6,2,4
Mercuryx,tichondrius,192,paladin,retribution,6,2,4
Parkhwi,tichondrius,192,paladin,retribution,6,2,4
Watersesh,baelgun,192,paladin,retribution,6,2,4
Vengx,sargeras,192,paladin,retribution,6,2,4
Arturias,kiljaeden,192,paladin,retribution,6,2,4
Justsmiteit,dalaran,192,paladin,retribution,6,2,4
Midheaven,moon-guard,192,paladin,retribution,6,2,4
Angelscrÿ,stormrage,192,paladin,retribution,6,2,4
Inqa,thunderlord,192,paladin,retribution,6,2,4
Rhodius,dalaran,192,paladin,retribution,6,2,4
Waffulzz,moonrunner,192,paladin,retribution,6,2,4
Blessinofsac,nagrand,192,paladin,retribution,6,2,4
Snuggymuffin,barthilas,192,paladin,retribution,6,2,4
Krønos,nordrassil,192,paladin,retribution,6,2,4
Dynastyhero,area-52,192,paladin,retribution,6,2,4
Ghatte,azralon,192,paladin,retribution,6,2,4
Tyrillian,aerie-peak,192,paladin,retribution,6,2,4
Crânkz,blackrock,192,paladin,retribution,6,2,4
Tyrack,ragnaros,192,paladin,retribution,6,2,4
Popwings,azralon,192,paladin,retribution,6,2,4
Pelegroot,azralon,192,paladin,retribution,6,2,4
Snoogans,korgath,192,paladin,retribution,6,2,4
Danaimei,tichondrius,192,paladin,retribution,6,2,4
Lilpally,frostmourne,192,paladin,retribution,6,2,4
Typheuz,wyrmrest-accord,192,paladin,retribution,6,2,4
Rite,azralon,192,paladin,retribution,6,2,4
Psychlight,quelthalas,192,paladin,retribution,6,2,4
Pallylyfe,wyrmrest-accord,192,paladin,retribution,6,2,4
Blëssëd,zuljin,192,paladin,retribution,6,2,4
Gripadin,tichondrius,192,paladin,retribution,6,2,4
Greenracer,kiljaeden,192,paladin,retribution,6,2,4
Rochet,kiljaeden,192,paladin,retribution,6,2,4
Farmerzonly,tichondrius,192,paladin,retribution,6,2,4
Toto,sargeras,192,paladin,retribution,6,2,4
Koketsu,ragnaros,192,paladin,retribution,6,2,4
Marthellus,quelthalas,192,paladin,retribution,6,2,4
Krabbiepatty,wyrmrest-accord,192,paladin,retribution,6,2,4
Voro,barthilas,192,paladin,retribution,6,2,4
Juanvaldez,muradin,192,paladin,retribution,6,2,4
Machoo,laughing-skull,192,paladin,retribution,6,2,4
Killerspally,area-52,192,paladin,retribution,6,2,4
Andorsi,elune,192,paladin,retribution,6,2,4
Ohsoclose,bleeding-hollow,192,paladin,retribution,6,2,4
Noscajj,tichondrius,192,paladin,retribution,6,2,4
Juiicebox,darrowmere,192,paladin,retribution,6,2,4
Airane,sargeras,192,paladin,retribution,6,2,4
Retspec,darkspear,192,paladin,retribution,6,2,4
Bizzaz,moon-guard,192,paladin,retribution,6,2,4
Pushabuton,illidan,192,paladin,retribution,6,2,4
Armasexodus,barthilas,192,paladin,retribution,6,2,4
Grünt,ragnaros,192,paladin,retribution,6,2,4
Goldskìn,sargeras,192,paladin,retribution,6,2,4
Cïelo,dragonmaw,192,paladin,retribution,6,2,4
Nocomus,andorhal,192,paladin,retribution,6,2,4
Hammerhitter,lightbringer,192,paladin,retribution,6,2,4
Kêy,the-venture-co,192,paladin,retribution,6,2,4
Shaqueefah,illidan,192,paladin,retribution,6,2,4
Izidar,tichondrius,192,paladin,retribution,6,2,4
Sniper,uther,192,paladin,retribution,6,2,4
Ramises,nemesis,192,paladin,retribution,6,2,4
Holyburger,hakkar,192,paladin,retribution,6,2,4
Mazexd,illidan,192,paladin,retribution,6,2,4
Stoof,arygos,192,paladin,retribution,6,2,4
Quiznossubs,kelthuzad,192,paladin,retribution,6,2,4
Palabora,kelthuzad,192,paladin,retribution,6,2,4
Varianpally,kelthuzad,192,paladin,retribution,6,2,4
Talurius,azralon,192,paladin,retribution,6,2,4
Toscadin,ragnaros,192,paladin,retribution,6,2,4
Júdgedredd,illidan,192,paladin,retribution,6,2,4
Iskándar,tichondrius,192,paladin,retribution,6,2,4
Zightmare,azralon,192,paladin,retribution,6,2,4
Schooiez,tichondrius,192,paladin,retribution,6,2,4
Jimithing,senjin,192,paladin,retribution,6,2,4
Chàrron,garrosh,192,paladin,retribution,6,2,4
Theretpally,kelthuzad,192,paladin,retribution,6,2,4
Yiqieyouwei,proudmoore,192,paladin,retribution,6,2,4
Gîmply,proudmoore,192,paladin,retribution,6,2,4
Erethonis,bladefist,192,paladin,retribution,6,2,4
Dirtbagg,demon-soul,192,paladin,retribution,6,2,4
Lukeington,malganis,192,paladin,retribution,6,2,4
Melloow,azralon,192,paladin,retribution,6,2,4
Troyamat,nemesis,192,paladin,retribution,6,2,4
Brand,emerald-dream,192,paladin,retribution,6,2,4
Brioc,tichondrius,192,paladin,retribution,6,2,4
Genericuser,sargeras,192,paladin,retribution,6,2,4
Ret,onyxia,192,paladin,retribution,6,2,4
Strîkes,emerald-dream,192,paladin,retribution,6,2,4
Narcolepso,azralon,192,paladin,retribution,6,2,4
Misease,illidan,192,paladin,retribution,6,2,4
Talions,illidan,192,paladin,retribution,6,2,4
Mynnorath,emerald-dream,192,paladin,retribution,6,2,4
Smolbeef,tichondrius,192,paladin,retribution,6,2,4
Bootcrusader,thrall,192,paladin,retribution,6,2,4
Felourian,malganis,192,paladin,retribution,6,2,4
Reepr,tichondrius,192,paladin,retribution,6,2,4
Ablunedion,illidan,192,paladin,retribution,6,2,4
Mesaa,illidan,192,paladin,retribution,6,2,4
Brucitenjr,illidan,192,paladin,retribution,6,2,4
Desterro,quelthalas,192,paladin,retribution,6,2,4
Doobiehigh,proudmoore,192,paladin,retribution,6,2,4
Onemassacre,spirestone,192,paladin,retribution,6,2,4
Tìg,proudmoore,192,paladin,retribution,6,2,4
Nozfferatu,drakkari,192,paladin,retribution,6,2,4
Oceangal,illidan,192,paladin,retribution,6,2,4
Dohsevèn,tichondrius,192,paladin,retribution,6,2,4
Hekki,ragnaros,192,paladin,retribution,8,2,6
Azajudgeman,nemesis,192,paladin,retribution,9,2,7
Andronik,bleeding-hollow,192,paladin,retribution,9,2,7
Wde,zuljin,192,paladin,retribution,10,2,8
Thenextx,illidan,192,paladin,retribution,12,2,10
Nr,blood-furnace,192,paladin,retribution,12,2,10
Milfcrusader,tichondrius,192,paladin,retribution,12,2,10
Fazoéli,stormrage,192,paladin,retribution,12,2,10
Dirtfunk,illidan,192,paladin,retribution,12,2,10
Hargol,stormrage,192,paladin,retribution,12,2,10
Seratox,illidan,192,paladin,retribution,12,2,10
Arminhamer,sargeras,192,paladin,retribution,12,2,10
Aetol,proudmoore,192,paladin,retribution,12,2,10
Punative,darkspear,192,paladin,retribution,12,2,10
Vaqoh,ragnaros,192,paladin,retribution,12,2,10
Friendfriend,proudmoore,192,paladin,retribution,12,2,10
Anahl,icecrown,192,paladin,retribution,12,2,10
Kaminasol,quelthalas,192,paladin,retribution,12,2,10
Verdicts,moon-guard,192,paladin,retribution,12,2,10
Goomie,icecrown,192,paladin,retribution,12,2,10
Pickypally,moon-guard,191,paladin,retribution,6,2,4
Thugmuffin,thrall,176,paladin,retribution,7,3,4
Wokeinator,malganis,175,paladin,retribution,11,3,8
Palejandro,illidan,175,paladin,retribution,11,2,9
Witewolf,illidan,159,paladin,retribution,5,2,3
Whoopsie,dragonmaw,159,paladin,retribution,5,2,3
Thorviim,azralon,159,paladin,retribution,5,2,3
Bringbackrmp,tichondrius,159,paladin,retribution,5,2,3
Mäýhëm,sargeras,144,paladin,retribution,3,3,0
Fionno,quelthalas,138,paladin,retribution,8,3,5
Iæl,stormrage,138,paladin,retribution,10,3,7
Dathromir,stormrage,138,paladin,retribution,15,3,12
Bubbleosèven,tichondrius,138,paladin,retribution,16,3,13
Lalatinx,quelthalas,128,paladin,retribution,4,2,2
Sugnidrom,frostmourne,128,paladin,retribution,4,2,2
Lanach,lightbringer,128,paladin,retribution,4,2,2
Khileeha,sargeras,128,paladin,retribution,10,2,8
Chiphazard,stormscale,127,paladin,retribution,8,2,6
Utho,wyrmrest-accord,96,paladin,retribution,3,2,1
Thortanous,icecrown,96,paladin,retribution,3,2,1
Talahar,boulderfist,96,paladin,retribution,6,1,5
Tradalia,illidan,96,paladin,retribution,6,1,5
Deviill,winterhoof,96,paladin,retribution,6,1,5
Carloss,drakkari,96,paladin,retribution,6,1,5
Slantee,illidan,96,paladin,retribution,6,1,5
Jüstice,tichondrius,96,paladin,retribution,6,1,5
Djset,blackhand,96,paladin,retribution,6,1,5
Zealotry,tichondrius,96,paladin,retribution,6,1,5
Hanael,quelthalas,96,paladin,retribution,6,1,5
Scuffedhoj,tichondrius,96,paladin,retribution,6,1,5
Lobips,sargeras,96,paladin,retribution,6,1,5
Valadinn,tichondrius,96,paladin,retribution,6,1,5
Talantyr,zuljin,96,paladin,retribution,6,1,5
Ryudoshël,nemesis,96,paladin,retribution,6,1,5
Shádøwy,nemesis,96,paladin,retribution,6,1,5
Dontsleep,magtheridon,96,paladin,retribution,6,1,5
Ssjgodvy,illidan,96,paladin,retribution,6,1,5
Huitz,drakkari,96,paladin,retribution,6,1,5
Dgâza,tichondrius,96,paladin,retribution,6,1,5
Chadatron,tichondrius,96,paladin,retribution,6,1,5
Marcovk,quelthalas,96,paladin,retribution,6,1,5
Egirlret,tichondrius,96,paladin,retribution,6,1,5
Aldwyn,deathwing,96,paladin,retribution,6,1,5
Cupidxbye,tichondrius,96,paladin,retribution,6,1,5
Gdesign,tichondrius,96,paladin,retribution,6,1,5
Durothar,dalaran,96,paladin,retribution,6,1,5
Anyatay,ragnaros,96,paladin,retribution,6,1,5
Rîf,malganis,96,paladin,retribution,6,1,5
Émiluss,stormrage,96,paladin,retribution,6,1,5
Krulu,thrall,96,paladin,retribution,6,1,5
Yøu,tichondrius,96,paladin,retribution,6,1,5
Malisaa,tichondrius,96,paladin,retribution,6,1,5
Bogùs,tichondrius,96,paladin,retribution,6,1,5
Shiftybugar,tichondrius,96,paladin,retribution,6,1,5
Chapichapi,illidan,96,paladin,retribution,6,1,5
Briaelyne,tichondrius,96,paladin,retribution,6,1,5
Miniell,tichondrius,96,paladin,retribution,6,1,5
Howlerhead,illidan,96,paladin,retribution,6,1,5
Holyclapzy,stormrage,96,paladin,retribution,6,1,5
Palajem,stormrage,96,paladin,retribution,6,1,5
Rodt,dalaran,96,paladin,retribution,6,1,5
Narsys,tichondrius,96,paladin,retribution,6,1,5
Attkdamdam,illidan,96,paladin,retribution,6,1,5
Scarllye,illidan,96,paladin,retribution,6,1,5
Saifollah,cenarion-circle,96,paladin,retribution,6,1,5
Matrium,kiljaeden,96,paladin,retribution,6,1,5
Dalden,trollbane,96,paladin,retribution,6,1,5
Simple,ghostlands,96,paladin,retribution,6,1,5
Bubblebooty,drakthul,96,paladin,retribution,6,1,5
Mindfoolness,sargeras,96,paladin,retribution,6,1,5
Bennygee,moonrunner,96,paladin,retribution,6,1,5
Rg,nerzhul,96,paladin,retribution,6,1,5
Baalduru,borean-tundra,96,paladin,retribution,6,1,5
Actionman,bleeding-hollow,96,paladin,retribution,6,1,5
Luiiguii,drakkari,96,paladin,retribution,6,1,5
Judgémental,bleeding-hollow,96,paladin,retribution,6,1,5
Aduhrawl,moon-guard,96,paladin,retribution,6,1,5
Kadbury,icecrown,96,paladin,retribution,6,1,5
Kamí,elune,96,paladin,retribution,6,1,5
Gimlias,kelthuzad,96,paladin,retribution,6,1,5
Volphorix,illidan,96,paladin,retribution,6,1,5
Asellusarc,kelthuzad,96,paladin,retribution,6,1,5
Zulzander,kelthuzad,96,paladin,retribution,6,1,5
Sixtynine,nathrezim,96,paladin,retribution,6,1,5
Màli,akama,96,paladin,retribution,6,1,5
Édzor,area-52,96,paladin,retribution,6,1,5
Spartus,area-52,96,paladin,retribution,6,1,5
Yérn,barthilas,96,paladin,retribution,6,1,5
Lamer,proudmoore,96,paladin,retribution,6,1,5
Smïthh,area-52,96,paladin,retribution,6,1,5
Flashstark,area-52,96,paladin,retribution,6,1,5
Hølyshyt,tichondrius,96,paladin,retribution,6,1,5
Retsarro,frostmourne,96,paladin,retribution,6,1,5
Holyflopper,malganis,96,paladin,retribution,6,1,5
Dafoq,stormrage,96,paladin,retribution,6,1,5
Ellyee,jaedenar,96,paladin,retribution,6,1,5
Pallyfreddyy,frostmourne,96,paladin,retribution,6,1,5
Uzbadkhazad,ragnaros,96,paladin,retribution,6,1,5
Conámi,ragnaros,96,paladin,retribution,6,1,5
Lygophobia,frostmourne,96,paladin,retribution,6,1,5
Làzårus,area-52,96,paladin,retribution,6,1,5
Uglymugz,area-52,96,paladin,retribution,6,1,5
Smudgexy,frostmourne,96,paladin,retribution,6,1,5
Zwilliam,frostmourne,96,paladin,retribution,6,1,5
Éætûgýäëí,area-52,96,paladin,retribution,6,1,5
Fknnoath,frostmourne,96,paladin,retribution,6,1,5
Bosmoklikdat,moon-guard,96,paladin,retribution,6,1,5
Dankpaladin,frostwolf,96,paladin,retribution,6,1,5
Stompëd,proudmoore,96,paladin,retribution,6,1,5
Clrty,area-52,96,paladin,retribution,6,1,5
Wantsome,frostmourne,96,paladin,retribution,6,1,5
Kreigvar,moon-guard,96,paladin,retribution,6,1,5
Justtrollin,black-dragonflight,96,paladin,retribution,6,1,5
Dayuanzhong,tichondrius,96,paladin,retribution,8,1,7
Imnoracist,thrall,96,paladin,retribution,12,1,11
Dorisseline,emerald-dream,96,paladin,retribution,12,1,11
Lestaroth,goldrinn,96,paladin,retribution,12,1,11
Krinkin,illidan,96,paladin,retribution,12,1,11
Yobnai,zuljin,96,paladin,retribution,12,1,11
Oshia,destromath,96,paladin,retribution,12,1,11
Æpaldin,tichondrius,96,paladin,retribution,12,1,11
Catholica,tichondrius,96,paladin,retribution,12,1,11
Hojpocketx,tichondrius,96,paladin,retribution,12,1,11
Nbtv,tichondrius,96,paladin,retribution,12,1,11
Amerok,malfurion,95,paladin,retribution,12,1,11
Maverickxz,nemesis,79,paladin,retribution,5,1,4
Hivers,stormrage,79,paladin,retribution,11,1,10
Lawbandit,tichondrius,42,paladin,retribution,10,3,7
Newwow,tichondrius,42,paladin,retribution,9,2,7
Modafinil,bonechewer,42,paladin,retribution,14,2,12
Paim,tol-barad,31,paladin,retribution,2,1,1
Toughxguy,sargeras,31,paladin,retribution,2,1,1
ßleider,quelthalas,1889,paladin,protection,43,31,12
Sutadansa,doomhammer,1794,paladin,protection,66,34,32
Kierolechita,ragnaros,1781,paladin,protection,113,58,55
Ëlmaster,nemesis,1747,paladin,protection,56,31,25
Zhspeilian,tichondrius,1706,paladin,protection,42,22,20
Lxwd,tichondrius,1605,paladin,protection,54,23,31
Höpönpöppö,frostmourne,1431,paladin,protection,30,15,15
Arcilys,illidan,1421,paladin,protection,48,27,21
Thorsmites,sargeras,1337,paladin,protection,42,17,25
Aopidsfihjov,stormrage,958,paladin,protection,12,10,2
Kiehui,lightbringer,480,paladin,protection,12,5,7
Lelythia,bleeding-hollow,479,paladin,protection,12,5,7
Belmorlin,moon-guard,384,paladin,protection,12,4,8
Gîmply,proudmoore,384,paladin,protection,12,4,8
Bighardshock,aggramar,288,paladin,protection,6,3,3
Kittié,proudmoore,288,paladin,protection,6,3,3
Saeranella,moon-guard,240,paladin,protection,9,3,6
Xinqingle,tichondrius,192,paladin,protection,6,2,4
Bubblemark,tichondrius,192,paladin,protection,6,2,4
Consecrated,daggerspine,192,paladin,protection,12,2,10
Holyknight,veknilash,96,paladin,protection,3,2,1
Bullmarket,tichondrius,96,paladin,protection,6,1,5
Yötönyö,sargeras,2082,priest,holy,114,57,57
Dogbutt,burning-legion,1996,priest,holy,222,111,111
Fluent,emerald-dream,1963,priest,holy,66,37,29
Murkd,tichondrius,1962,priest,holy,36,21,15
Peat,hyjal,1844,priest,holy,54,27,27
Tirrify,frostmourne,1839,priest,holy,48,25,23
Iniquitatem,tichondrius,1817,priest,holy,60,23,37
Cinnalite,darkspear,1813,priest,holy,36,26,10
Immthuggin,tichondrius,1790,priest,holy,84,34,50
Zazul,frostmane,1781,priest,holy,62,40,22
Sweatynick,proudmoore,1740,priest,holy,148,65,83
Dreckie,sargeras,1723,priest,holy,60,27,33
Moonideli,moon-guard,1718,priest,holy,48,26,22
Hyouka,area-52,1708,priest,holy,121,61,60
Superduperr,illidan,1707,priest,holy,54,25,29
Wøo,area-52,1690,priest,holy,52,27,25
Heavyflo,kelthuzad,1686,priest,holy,60,29,31
Geoffrred,illidan,1686,priest,holy,54,21,33
Rustymvp,nagrand,1685,priest,holy,38,19,19
Rebirthed,kelthuzad,1680,priest,holy,71,36,35
Tromnasty,area-52,1672,priest,holy,54,30,24
Candohp,frostmourne,1653,priest,holy,36,18,18
Goodlife,frostmourne,1642,priest,holy,66,26,40
Washdp,frostmourne,1621,priest,holy,48,21,27
Soloqqt,tichondrius,1584,priest,holy,30,19,11
Saintjpii,tichondrius,1581,priest,holy,30,17,13
Avis,illidan,1573,priest,holy,98,49,49
Bubbles,drakthul,1556,priest,holy,107,54,53
Nielbomb,tichondrius,1542,priest,holy,162,80,82
Onikûdaki,sargeras,1526,priest,holy,38,16,22
Sacrifer,moon-guard,1511,priest,holy,54,27,27
Applepieyum,illidan,1508,priest,holy,42,19,23
Bloodlinex,malganis,1489,priest,holy,48,28,20
Tazzi,chromaggus,1479,priest,holy,42,17,25
Symbolofhope,moon-guard,1474,priest,holy,45,20,25
Illyasviel,terenas,1472,priest,holy,103,41,62
Pianohouse,illidan,1436,priest,holy,30,15,15
Edmen,stormrage,1428,priest,holy,42,18,24
Anguishment,stormrage,1413,priest,holy,135,64,71
Xedus,mannoroth,1405,priest,holy,38,16,22
Kovaxx,frostmourne,1403,priest,holy,42,16,26
Sukeena,malganis,1392,priest,holy,36,16,20
Sabene,greymane,1391,priest,holy,49,23,26
Gill,proudmoore,1388,priest,holy,35,15,20
Akaneo,tichondrius,1380,priest,holy,36,18,18
Methodist,proudmoore,1374,priest,holy,78,28,50
Quartzolio,azralon,1364,priest,holy,47,30,17
Kostantina,kelthuzad,1364,priest,holy,29,15,14
Mkenze,moon-guard,1358,priest,holy,45,17,28
Plebiss,burning-blade,1337,priest,holy,48,20,28
Xrafa,azralon,1335,priest,holy,54,24,30
Mizzbehavn,tichondrius,1332,priest,holy,18,14,4
Trufumthunzi,illidan,1330,priest,holy,26,17,9
Xinferesia,sargeras,1330,priest,holy,55,23,32
Wankenobi,stormrage,1329,priest,holy,30,14,16
Soleyxo,frostmourne,1325,priest,holy,24,14,10
Tòxìç,stormrage,1319,priest,holy,32,17,15
Kälashnikova,ragnaros,1287,priest,holy,42,22,20
Cléah,sargeras,1283,priest,holy,77,37,40
Preacherr,bonechewer,1256,priest,holy,24,14,10
Bjorke,tichondrius,1247,priest,holy,30,13,17
Dagaen,thunderlord,1234,priest,holy,78,40,38
Artiannaa,bleeding-hollow,1226,priest,holy,27,15,12
Dawnside,wyrmrest-accord,1215,priest,holy,21,18,3
Ayanamil,tichondrius,1213,priest,holy,18,15,3
Esvary,quelthalas,1210,priest,holy,23,14,9
Ranøth,deathwing,1197,priest,holy,53,24,29
Pílí,drakkari,1174,priest,holy,54,24,30
Pesca,proudmoore,1151,priest,holy,24,12,12
Leonihpriest,nemesis,1151,priest,holy,30,12,18
Mastuti,azralon,1151,priest,holy,30,12,18
Niná,arathor,1114,priest,holy,20,13,7
Selket,stormscale,1107,priest,holy,66,26,40
Maiyennefer,proudmoore,1097,priest,holy,28,12,16
Delthas,nagrand,1084,priest,holy,54,27,27
Tarlex,illidan,1068,priest,holy,31,12,19
Joeschmoe,proudmoore,1053,priest,holy,18,11,7
Dotdotdead,earthen-ring,1049,priest,holy,18,11,7
Holyshytt,tichondrius,1045,priest,holy,18,11,7
Droneboy,moon-guard,1037,priest,holy,24,11,13
Holiermilk,demon-soul,1019,priest,holy,41,11,30
Sybenela,proudmoore,994,priest,holy,61,28,33
Djdazzle,kargath,991,priest,holy,23,11,12
Healgirls,dalaran,980,priest,holy,29,12,17
Bopang,emerald-dream,960,priest,holy,18,10,8
Matthiass,thrall,958,priest,holy,24,10,14
Phearix,zuljin,957,priest,holy,24,10,14
Kytiana,blackwing-lair,947,priest,holy,105,42,63
Mercý,zuljin,944,priest,holy,18,10,8
Chemod,quelthalas,889,priest,holy,17,10,7
Gaudthree,tichondrius,863,priest,holy,18,9,9
Holyxb,bleeding-hollow,863,priest,holy,18,9,9
Lickless,illidan,863,priest,holy,18,9,9
Glöws,area-52,863,priest,holy,24,9,15
Berzum,chogall,862,priest,holy,18,9,9
Cappoo,tichondrius,862,priest,holy,24,9,15
Heluupa,illidan,860,priest,holy,12,9,3
Cheekypriest,stormrage,768,priest,holy,12,8,4
Fotmtrash,the-underbog,768,priest,holy,12,8,4
Eccentricx,sargeras,768,priest,holy,12,8,4
Voidzx,tichondrius,768,priest,holy,18,8,10
Scyner,bleeding-hollow,767,priest,holy,18,8,10
Littlebat,proudmoore,764,priest,holy,18,8,10
Dactylion,moon-guard,763,priest,holy,18,8,10
Sondrak,doomhammer,741,priest,holy,23,9,14
Msdash,tichondrius,717,priest,holy,15,8,7
Threesclass,tichondrius,672,priest,holy,12,7,5
Tookiex,stormrage,672,priest,holy,12,7,5
Santyel,ragnaros,672,priest,holy,12,7,5
Chervz,chogall,672,priest,holy,24,7,17
Arçhángël,moon-guard,671,priest,holy,12,7,5
Heist,kelthuzad,671,priest,holy,12,7,5
Braevera,wyrmrest-accord,671,priest,holy,18,7,11
Novous,area-52,670,priest,holy,18,7,11
Boboxiao,illidan,655,priest,holy,23,7,16
Psïren,quelthalas,640,priest,holy,22,7,15
Stayhealed,tichondrius,615,priest,holy,15,8,7
Sigx,area-52,576,priest,holy,12,6,6
Owlchubz,mannoroth,576,priest,holy,12,6,6
Cryptron,tichondrius,576,priest,holy,12,6,6
Hysteria,dalaran,576,priest,holy,12,6,6
Rustymvpfan,nagrand,576,priest,holy,12,6,6
Doob,ghostlands,576,priest,holy,12,6,6
Snowymooie,frostmourne,576,priest,holy,12,6,6
Musashibo,kelthuzad,576,priest,holy,18,6,12
Griddly,alterac-mountains,576,priest,holy,25,6,19
Darkheals,azralon,575,priest,holy,12,6,6
Holyb,tichondrius,575,priest,holy,12,6,6
Adrenalinn,illidan,575,priest,holy,12,6,6
Necroplasma,area-52,575,priest,holy,12,6,6
Souljourner,stormrage,571,priest,holy,12,6,6
Ragekiller,lothar,567,priest,holy,12,6,6
Hatxsu,emerald-dream,522,priest,holy,17,7,10
Canibumsmoke,illidan,480,priest,holy,6,5,1
Reverenced,stormrage,480,priest,holy,6,5,1
Zeroo,maiev,480,priest,holy,6,5,1
Maelei,ragnaros,480,priest,holy,12,5,7
Snookp,kiljaeden,480,priest,holy,12,5,7
Hotguysixpak,drakthul,480,priest,holy,12,5,7
Selidri,proudmoore,480,priest,holy,12,5,7
Gerpe,stormrage,480,priest,holy,12,5,7
Kernelious,illidan,480,priest,holy,12,5,7
Cerebrill,bleeding-hollow,480,priest,holy,12,5,7
Timbobaloo,thrall,480,priest,holy,12,5,7
Lieuwe,kelthuzad,479,priest,holy,6,5,1
Klassa,thrall,479,priest,holy,11,6,5
Nowwow,tichondrius,479,priest,holy,12,5,7
Valkur,aegwynn,479,priest,holy,12,5,7
Unni,azralon,479,priest,holy,18,5,13
Shadowchárm,bleeding-hollow,447,priest,holy,11,5,6
Ksâh,bleeding-hollow,400,priest,holy,7,5,2
Dankpope,malganis,384,priest,holy,6,4,2
Yav,exodar,384,priest,holy,6,4,2
Oxynor,zuljin,384,priest,holy,6,4,2
Kaelthos,quelthalas,384,priest,holy,6,4,2
Dadcantdeath,frostmourne,384,priest,holy,6,4,2
Schátten,spirestone,384,priest,holy,6,4,2
Flemyth,eitrigg,384,priest,holy,6,4,2
Xusin,tichondrius,384,priest,holy,6,4,2
Gbumy,tichondrius,384,priest,holy,6,4,2
Chanyt,azralon,384,priest,holy,6,4,2
Adjectives,nerzhul,384,priest,holy,6,4,2
Döyöuliftbro,tichondrius,384,priest,holy,12,4,8
Sätîvá,tichondrius,384,priest,holy,12,4,8
Giveheadpats,moon-guard,384,priest,holy,12,4,8
Manatea,moon-guard,384,priest,holy,12,4,8
Hynzor,barthilas,384,priest,holy,24,4,20
Dyianah,wyrmrest-accord,383,priest,holy,12,4,8
Holyfizzle,dethecus,382,priest,holy,6,4,2
Blackprez,dathremar,381,priest,holy,12,4,8
Stradey,tichondrius,367,priest,holy,11,4,7
Santamuerte,agamaggan,336,priest,holy,15,4,11
Yidra,illidan,335,priest,holy,11,4,7
Edessa,lothar,335,priest,holy,17,4,13
Boogiedo,area-52,319,priest,holy,5,4,1
Rihen,tichondrius,319,priest,holy,20,4,16
Xtcbtc,sargeras,288,priest,holy,6,3,3
Laurens,fenris,288,priest,holy,6,3,3
Grindr,ragnaros,288,priest,holy,6,3,3
Iilmama,area-52,288,priest,holy,6,3,3
Dovoso,kargath,288,priest,holy,6,3,3
Toje,korgath,288,priest,holy,6,3,3
Madomie,bladefist,288,priest,holy,6,3,3
Sappes,area-52,288,priest,holy,6,3,3
Swrvlol,emerald-dream,288,priest,holy,6,3,3
Nerfdisc,azralon,288,priest,holy,6,3,3
Veni,kiljaeden,288,priest,holy,6,3,3
Estaria,the-forgotten-coast,288,priest,holy,6,3,3
Falsegodx,tichondrius,288,priest,holy,6,3,3
Ñÿx,arthas,288,priest,holy,6,3,3
Endure,moon-guard,288,priest,holy,6,3,3
Xoraya,proudmoore,288,priest,holy,6,3,3
Becrixx,thunderlord,288,priest,holy,6,3,3
Meatboxmoldy,blood-furnace,288,priest,holy,6,3,3
Swis,area-52,288,priest,holy,12,3,9
Lalight,tichondrius,288,priest,holy,12,3,9
Ísábella,ragnaros,288,priest,holy,12,3,9
Disperse,vashj,288,priest,holy,12,3,9
Jezuz,aerie-peak,288,priest,holy,12,3,9
Pringlés,suramar,288,priest,holy,18,3,15
Korhíl,ragnaros,287,priest,holy,6,3,3
Icychain,area-52,239,priest,holy,5,3,2
Twodxo,kelthuzad,192,priest,holy,6,2,4
Mendx,tichondrius,192,priest,holy,6,2,4
Sinthe,stormrage,192,priest,holy,6,2,4
Jilt,aerie-peak,192,priest,holy,6,2,4
Voltstein,dalaran,192,priest,holy,6,2,4
Ôp,sargeras,192,priest,holy,6,2,4
Rylance,burning-blade,192,priest,holy,6,2,4
Haushauha,azralon,192,priest,holy,6,2,4
Mindgoblin,terokkar,192,priest,holy,6,2,4
Smitepie,malganis,192,priest,holy,6,2,4
Whalexo,kelthuzad,192,priest,holy,6,2,4
Gusho,frostmourne,192,priest,holy,6,2,4
Fraggydaddy,frostmourne,192,priest,holy,6,2,4
Mommyafk,moon-guard,192,priest,holy,6,2,4
Gles,quelthalas,192,priest,holy,6,2,4
Galadrael,quelthalas,192,priest,holy,10,3,7
Fertalize,maiev,192,priest,holy,12,2,10
Qtasiangirl,emerald-dream,192,priest,holy,12,2,10
Rootandboot,frostmourne,192,priest,holy,12,2,10
Sharkda,frostmourne,159,priest,holy,5,2,3
ßsimp,darrowmere,127,priest,holy,8,2,6
Kabutta,stormrage,127,priest,holy,8,2,6
Etros,wyrmrest-accord,96,priest,holy,6,1,5
Angelicduck,illidan,96,priest,holy,6,1,5
Øliverxp,lightbringer,96,priest,holy,6,1,5
Burtier,zuljin,96,priest,holy,6,1,5
Dmgisop,illidan,96,priest,holy,6,1,5
Shadyvoodoo,barthilas,96,priest,holy,6,1,5
Cardinalpéll,frostmourne,96,priest,holy,6,1,5
Celani,gilneas,96,priest,holy,6,1,5
Oyy,barthilas,96,priest,holy,6,1,5
Folate,frostmourne,96,priest,holy,6,1,5
Janova,tichondrius,96,priest,holy,6,1,5
Barryp,wyrmrest-accord,96,priest,holy,12,1,11
Priestlike,tichondrius,42,priest,holy,10,3,7
Èfflux,sargeras,2252,priest,discipline,97,56,41
Strickmaney,nathrezim,2171,priest,discipline,90,47,43
Cinnamontage,illidan,2142,priest,discipline,114,64,50
Shikinomi,illidan,2133,priest,discipline,78,46,32
Nusrah,tichondrius,2114,priest,discipline,87,45,42
Søryn,madoran,2100,priest,discipline,102,52,50
Zxxkawaii,tichondrius,2084,priest,discipline,70,41,29
Pesian,dalaran,2059,priest,discipline,168,84,84
Ante,stonemaul,2042,priest,discipline,73,39,34
Woolp,frostmourne,2029,priest,discipline,76,42,34
Astüty,illidan,2013,priest,discipline,60,36,24
Fádé,illidan,2003,priest,discipline,67,41,26
Redonkulos,shattered-hand,1989,priest,discipline,96,51,45
Whammiez,tichondrius,1975,priest,discipline,60,33,27
Iilmama,area-52,1975,priest,discipline,78,42,36
Zámmy,area-52,1956,priest,discipline,43,32,11
Proxs,sargeras,1947,priest,discipline,82,42,40
Gosharbg,tichondrius,1940,priest,discipline,34,24,10
Sprankels,bleeding-hollow,1931,priest,discipline,90,49,41
Twocrshort,area-52,1926,priest,discipline,59,40,19
Frksake,area-52,1925,priest,discipline,60,41,19
Balsak,zuljin,1924,priest,discipline,152,72,80
Mauvex,stormrage,1922,priest,discipline,94,43,51
Artíst,sargeras,1911,priest,discipline,119,64,55
Cosmicyiff,area-52,1908,priest,discipline,82,44,38
Sÿnpriest,illidan,1907,priest,discipline,126,60,66
Kovulol,area-52,1905,priest,discipline,60,31,29
Goodlife,frostmourne,1905,priest,discipline,59,26,33
Classmaster,stormrage,1902,priest,discipline,60,35,25
Pølupoker,illidan,1895,priest,discipline,59,27,32
Ndzy,malganis,1890,priest,discipline,48,21,27
Usefirstaid,sargeras,1883,priest,discipline,42,26,16
Usedwrap,sargeras,1881,priest,discipline,78,43,35
Throatgoated,moon-guard,1881,priest,discipline,47,21,26
Rileymcgerr,tichondrius,1873,priest,discipline,42,24,18
Dellaptop,sargeras,1871,priest,discipline,88,51,37
Idkmyname,proudmoore,1870,priest,discipline,34,20,14
Dayx,malganis,1870,priest,discipline,60,27,33
Evicereith,ragnaros,1865,priest,discipline,36,23,13
Sonicboomsz,azralon,1863,priest,discipline,54,29,25
Ameliarys,sargeras,1863,priest,discipline,97,49,48
Rukiyou,frostwolf,1861,priest,discipline,54,25,29
Boriz,frostmourne,1860,priest,discipline,73,40,33
Reecepack,moon-guard,1859,priest,discipline,53,31,22
Phludd,malganis,1856,priest,discipline,82,45,37
Cardinaldave,frostmourne,1850,priest,discipline,48,26,22
Shieldspamx,tichondrius,1848,priest,discipline,59,29,30
Tzïñåçåñ,tichondrius,1847,priest,discipline,54,29,25
Jiangfenglol,tichondrius,1843,priest,discipline,54,24,30
Syliva,frostmourne,1840,priest,discipline,65,30,35
Didy,dark-iron,1838,priest,discipline,40,20,20
Aitri,hakkar,1838,priest,discipline,61,30,31
Crabsp,illidan,1836,priest,discipline,66,31,35
Ccgo,tichondrius,1836,priest,discipline,54,24,30
Vaaynee,ragnaros,1835,priest,discipline,90,50,40
Jamino,jubeithos,1835,priest,discipline,111,60,51
Shazdo,illidan,1834,priest,discipline,42,29,13
Eluneslight,tichondrius,1827,priest,discipline,60,30,30
Mimikyú,tichondrius,1827,priest,discipline,66,27,39
Cpks,tichondrius,1825,priest,discipline,70,45,25
Buffle,zuluhed,1825,priest,discipline,66,38,28
Impvp,tichondrius,1825,priest,discipline,83,47,36
Yokuz,thunderlord,1825,priest,discipline,48,26,22
Mackulate,tichondrius,1825,priest,discipline,65,34,31
Anasuzana,stormrage,1824,priest,discipline,48,28,20
Shnozberry,tichondrius,1824,priest,discipline,72,31,41
Valothrian,area-52,1823,priest,discipline,124,67,57
Probs,frostmourne,1821,priest,discipline,54,28,26
Praeyer,area-52,1821,priest,discipline,68,32,36
Ultrà,ragnaros,1820,priest,discipline,71,44,27
Omhz,tichondrius,1820,priest,discipline,60,31,29
Ujelin,kiljaeden,1820,priest,discipline,48,24,24
Soojwa,frostmourne,1819,priest,discipline,54,24,30
Meoveryou,stormrage,1817,priest,discipline,50,32,18
Lichtschreit,zuljin,1816,priest,discipline,41,24,17
Demaholy,illidan,1815,priest,discipline,77,43,34
Discopenguin,kelthuzad,1815,priest,discipline,54,30,24
Ousïa,quelthalas,1815,priest,discipline,164,81,83
Mommyafk,moon-guard,1815,priest,discipline,48,22,26
Tanmo,illidan,1814,priest,discipline,96,50,46
Notatk,tichondrius,1814,priest,discipline,127,51,76
Relicx,firetree,1813,priest,discipline,54,33,21
Psyjes,stormrage,1812,priest,discipline,84,55,29
Wübbie,emerald-dream,1810,priest,discipline,72,40,32
Arguseonp,proudmoore,1809,priest,discipline,54,37,17
Thepumps,sargeras,1809,priest,discipline,73,43,30
Luhkx,stormrage,1808,priest,discipline,48,24,24
Hazzang,tichondrius,1807,priest,discipline,54,32,22
Ayakashi,frostmourne,1806,priest,discipline,75,46,29
Wormface,moon-guard,1806,priest,discipline,58,35,23
Jezebëll,nemesis,1806,priest,discipline,102,60,42
Releriel,area-52,1806,priest,discipline,58,31,27
Rylla,illidan,1805,priest,discipline,66,34,32
Tmversace,tichondrius,1805,priest,discipline,106,54,52
Öxhö,tichondrius,1804,priest,discipline,44,31,13
Ðsco,tichondrius,1804,priest,discipline,36,24,12
Selath,ragnaros,1804,priest,discipline,47,26,21
Qtasiangirl,emerald-dream,1804,priest,discipline,73,35,38
Hotgirlshiit,dalaran,1804,priest,discipline,72,33,39
Yrñwiotøø,illidan,1802,priest,discipline,54,33,21
Seifong,frostmourne,1802,priest,discipline,125,68,57
Adûnaic,frostmourne,1796,priest,discipline,52,26,26
Crypcanheal,sargeras,1792,priest,discipline,138,68,70
Elybele,sargeras,1790,priest,discipline,30,19,11
Olark,durotan,1788,priest,discipline,78,35,43
Xiaoqunzi,tichondrius,1787,priest,discipline,36,22,14
Penanceperry,bleeding-hollow,1786,priest,discipline,41,20,21
Nayzoh,darkspear,1786,priest,discipline,60,27,33
Aprîl,quelthalas,1784,priest,discipline,60,29,31
Abepriest,zuljin,1780,priest,discipline,112,53,59
Ayabae,illidan,1776,priest,discipline,98,49,49
Leapofdoubt,zuljin,1768,priest,discipline,148,79,69
Írithyll,stormrage,1767,priest,discipline,59,33,26
Yanye,tichondrius,1766,priest,discipline,49,23,26
Budings,tichondrius,1765,priest,discipline,66,32,34
Kostantina,kelthuzad,1765,priest,discipline,59,27,32
Poporeborn,tichondrius,1765,priest,discipline,75,32,43
Åpples,tichondrius,1763,priest,discipline,59,27,32
Frostinal,illidan,1761,priest,discipline,48,26,22
Juicyturon,moon-guard,1760,priest,discipline,47,27,20
Msai,tichondrius,1757,priest,discipline,96,56,40
Kaddy,mannoroth,1755,priest,discipline,124,57,67
Jaytee,aggramar,1754,priest,discipline,60,27,33
Quèénstar,tichondrius,1752,priest,discipline,73,29,44
Pancakeboi,tichondrius,1751,priest,discipline,54,23,31
Varenon,stormrage,1750,priest,discipline,42,26,16
Forti,sargeras,1750,priest,discipline,66,30,36
Gibens,tichondrius,1747,priest,discipline,90,48,42
Bublehead,zuljin,1747,priest,discipline,96,46,50
Alola,illidan,1745,priest,discipline,42,22,20
Instoway,illidan,1744,priest,discipline,49,28,21
Castsmite,tichondrius,1743,priest,discipline,46,22,24
Cupitan,tichondrius,1743,priest,discipline,44,19,25
Osis,rivendare,1742,priest,discipline,94,42,52
Raysx,stormrage,1739,priest,discipline,71,30,41
Quaree,stormrage,1736,priest,discipline,109,56,53
Cokeheals,tichondrius,1734,priest,discipline,42,22,20
Cynthus,dalvengyr,1728,priest,discipline,72,41,31
Kragenn,malganis,1728,priest,discipline,107,55,52
Deathtones,barthilas,1727,priest,discipline,66,36,30
Mancito,mannoroth,1727,priest,discipline,66,31,35
Markers,spinebreaker,1722,priest,discipline,30,21,9
Trebrooke,sargeras,1721,priest,discipline,95,56,39
Discflips,dalaran,1719,priest,discipline,42,26,16
Tarlex,illidan,1719,priest,discipline,78,45,33
Saelom,frostmourne,1718,priest,discipline,66,42,24
Yoggismydad,emerald-dream,1717,priest,discipline,155,85,70
Retardèr,tichondrius,1716,priest,discipline,74,53,21
Priceléss,tichondrius,1715,priest,discipline,24,18,6
Synsparks,tichondrius,1715,priest,discipline,54,25,29
Miamama,hydraxis,1714,priest,discipline,47,27,20
Ixchelune,kelthuzad,1713,priest,discipline,47,27,20
Barthol,malygos,1713,priest,discipline,54,28,26
Senzy,tichondrius,1713,priest,discipline,103,53,50
Alisas,malganis,1713,priest,discipline,42,18,24
Nightcráwler,illidan,1709,priest,discipline,67,36,31
Fisp,moon-guard,1709,priest,discipline,60,29,31
Isilador,moon-guard,1709,priest,discipline,59,25,34
Ussmissouri,area-52,1708,priest,discipline,48,23,25
Meltmeltz,nerzhul,1708,priest,discipline,65,29,36
Breakmoon,tichondrius,1708,priest,discipline,60,24,36
Inthemix,stormreaver,1705,priest,discipline,95,51,44
Rlzpriest,tichondrius,1703,priest,discipline,38,23,15
Sanddglokta,tichondrius,1703,priest,discipline,84,40,44
Hungrybone,proudmoore,1702,priest,discipline,121,64,57
Asthenia,saurfang,1702,priest,discipline,72,36,36
Conifer,emerald-dream,1700,priest,discipline,48,28,20
Clydeington,illidan,1697,priest,discipline,49,29,20
Svzy,illidan,1693,priest,discipline,36,20,16
Sleetherp,barthilas,1692,priest,discipline,30,18,12
Applecare,illidan,1692,priest,discipline,84,46,38
Philmacrakn,stormrage,1691,priest,discipline,71,32,39
Kastep,tichondrius,1690,priest,discipline,53,25,28
Mastaspell,illidan,1689,priest,discipline,31,18,13
Adrio,malorne,1689,priest,discipline,90,41,49
Argylemomo,emerald-dream,1688,priest,discipline,60,31,29
Xtcbtc,sargeras,1687,priest,discipline,51,25,26
Sweetnipsbro,tichondrius,1685,priest,discipline,53,26,27
Exdric,kiljaeden,1684,priest,discipline,48,24,24
Haunting,nerzhul,1683,priest,discipline,36,23,13
Labraidor,tichondrius,1677,priest,discipline,59,27,32
Shamáng,tichondrius,1676,priest,discipline,42,23,19
Geon,sargeras,1676,priest,discipline,59,30,29
Dontlineme,tichondrius,1676,priest,discipline,47,19,28
Twêet,frostmourne,1675,priest,discipline,96,41,55
Prayussy,tichondrius,1672,priest,discipline,36,25,11
Jmlz,tichondrius,1668,priest,discipline,36,23,13
Charbosan,gorgonnash,1667,priest,discipline,174,100,74
Zachon,sargeras,1667,priest,discipline,36,19,17
Oohso,chogall,1663,priest,discipline,67,26,41
Hallucinogen,kelthuzad,1662,priest,discipline,95,51,44
Fhinky,tichondrius,1659,priest,discipline,101,46,55
Slickwilly,bloodhoof,1655,priest,discipline,83,39,44
Nopang,tichondrius,1655,priest,discipline,54,22,32
Comebaack,stormrage,1654,priest,discipline,68,36,32
Arianagrande,garona,1653,priest,discipline,36,21,15
Caveria,emerald-dream,1649,priest,discipline,48,25,23
Chañing,frostmourne,1649,priest,discipline,72,33,39
Cixelpvp,area-52,1648,priest,discipline,47,22,25
Ukishizumi,tichondrius,1647,priest,discipline,56,27,29
Resisted,gorefiend,1646,priest,discipline,94,48,46
Wrekkit,area-52,1646,priest,discipline,53,27,26
Memoriesorz,tichondrius,1645,priest,discipline,65,41,24
Centalinkxo,frostmourne,1645,priest,discipline,48,22,26
Uriyel,quelthalas,1643,priest,discipline,54,33,21
Eetsqt,barthilas,1638,priest,discipline,75,49,26
Dairy,the-underbog,1637,priest,discipline,25,18,7
Hanley,tichondrius,1635,priest,discipline,43,27,16
Trollpreist,tichondrius,1634,priest,discipline,36,20,16
Claverr,stormrage,1626,priest,discipline,27,18,9
Raxekk,stormrage,1626,priest,discipline,48,25,23
Lines,sargeras,1624,priest,discipline,52,30,22
Alex,boulderfist,1623,priest,discipline,75,36,39
Ritzzx,ragnaros,1621,priest,discipline,30,17,13
Twistinfate,hyjal,1621,priest,discipline,54,29,25
Crizem,bleeding-hollow,1620,priest,discipline,148,73,75
Fearmen,tichondrius,1619,priest,discipline,35,20,15
Aco,tichondrius,1619,priest,discipline,60,30,30
Sarkozzlol,tichondrius,1619,priest,discipline,36,17,19
Buchöna,quelthalas,1618,priest,discipline,36,19,17
Life,thrall,1618,priest,discipline,71,37,34
Syrul,tichondrius,1617,priest,discipline,45,25,20
Hoshx,sargeras,1615,priest,discipline,60,37,23
Downturn,tichondrius,1615,priest,discipline,36,17,19
Changwongpk,kelthuzad,1615,priest,discipline,41,18,23
Heart,misha,1614,priest,discipline,42,24,18
Nolar,shadowmoon,1613,priest,discipline,36,20,16
Nanoboost,dark-iron,1613,priest,discipline,150,72,78
Hoonjojjyang,tichondrius,1612,priest,discipline,30,17,13
Gsek,nemesis,1611,priest,discipline,36,23,13
Ballzach,ysera,1610,priest,discipline,58,31,27
Somefire,proudmoore,1610,priest,discipline,131,64,67
Fäctor,bleeding-hollow,1610,priest,discipline,48,21,27
Apathist,sargeras,1609,priest,discipline,24,20,4
Gsek,azralon,1608,priest,discipline,54,34,20
Juckerr,tichondrius,1608,priest,discipline,111,62,49
Milkkz,zuljin,1607,priest,discipline,36,20,16
Kks,tichondrius,1607,priest,discipline,48,26,22
Morboo,proudmoore,1607,priest,discipline,42,21,21
Bubblebuddí,tichondrius,1605,priest,discipline,45,27,18
Aerdaras,illidan,1604,priest,discipline,47,24,23
Woobgasm,sargeras,1603,priest,discipline,30,22,8
Iamgess,kilrogg,1603,priest,discipline,42,22,20
Layons,nemesis,1602,priest,discipline,50,34,16
Holyhõ,stormrage,1602,priest,discipline,36,20,16
Mealmassttr,frostmourne,1602,priest,discipline,66,27,39
Obsolete,area-52,1600,priest,discipline,36,17,19
Toastspriest,tichondrius,1599,priest,discipline,36,21,15
Mixful,bleeding-hollow,1598,priest,discipline,28,18,10
Makuwu,area-52,1598,priest,discipline,54,31,23
Malpractíce,zuljin,1597,priest,discipline,42,26,16
Blacklightz,korgath,1596,priest,discipline,35,21,14
Fámóus,stormrage,1595,priest,discipline,48,20,28
Bigmomcook,tichondrius,1594,priest,discipline,70,42,28
Sacrify,ragnaros,1594,priest,discipline,42,22,20
Pkkdestiny,archimonde,1592,priest,discipline,42,20,22
Haill,quelthalas,1588,priest,discipline,46,22,24
Primael,tichondrius,1587,priest,discipline,40,18,22
Scarabless,bleeding-hollow,1584,priest,discipline,72,30,42
Mxfd,tichondrius,1580,priest,discipline,35,19,16
Thadino,nagrand,1579,priest,discipline,30,17,13
Luxyel,azralon,1578,priest,discipline,53,21,32
Säcrilege,drakkari,1576,priest,discipline,64,34,30
Jjmms,akama,1573,priest,discipline,36,22,14
Tokaru,frostmourne,1572,priest,discipline,38,20,18
Grimacê,sargeras,1571,priest,discipline,36,18,18
Nidüz,stormrage,1571,priest,discipline,66,32,34
Kazuret,ragnaros,1569,priest,discipline,74,40,34
Marantbourge,frostmourne,1568,priest,discipline,80,38,42
Vinvictus,tichondrius,1568,priest,discipline,121,52,69
Lydra,ragnaros,1568,priest,discipline,82,35,47
Feedya,tichondrius,1564,priest,discipline,131,66,65
Skunkbishop,sargeras,1564,priest,discipline,105,43,62
Wapriest,blades-edge,1562,priest,discipline,154,72,82
Shadzx,andorhal,1559,priest,discipline,35,17,18
Squaanchy,bleeding-hollow,1557,priest,discipline,105,50,55
Neferpitouoo,tichondrius,1556,priest,discipline,102,55,47
Mepisth,sargeras,1553,priest,discipline,42,22,20
Marython,tichondrius,1553,priest,discipline,46,19,27
Mclyte,whisperwind,1552,priest,discipline,48,22,26
Grannieslove,sargeras,1551,priest,discipline,36,22,14
Önagashøw,azralon,1551,priest,discipline,90,46,44
Cinsare,moon-guard,1550,priest,discipline,48,29,19
Blathers,malganis,1549,priest,discipline,80,39,41
Dædrà,stormrage,1547,priest,discipline,70,35,35
Devinere,tichondrius,1546,priest,discipline,161,82,79
Zórg,stormrage,1541,priest,discipline,56,30,26
Natoshi,illidan,1535,priest,discipline,30,16,14
Undrcvr,sargeras,1534,priest,discipline,30,16,14
Gentlewoman,ragnaros,1533,priest,discipline,30,16,14
Jîtters,silvermoon,1531,priest,discipline,72,35,37
Chk,moon-guard,1531,priest,discipline,46,19,27
Valyx,tichondrius,1530,priest,discipline,36,20,16
Cln,bleeding-hollow,1528,priest,discipline,30,16,14
Truce,moon-guard,1528,priest,discipline,77,39,38
Hospetal,tichondrius,1528,priest,discipline,36,16,20
Shesaidthat,stormrage,1527,priest,discipline,39,18,21
Dolm,tichondrius,1526,priest,discipline,101,51,50
Stoneflute,emerald-dream,1524,priest,discipline,42,24,18
Sonofbetch,emerald-dream,1523,priest,discipline,55,30,25
Friendzonefw,illidan,1523,priest,discipline,48,22,26
Syfy,thrall,1522,priest,discipline,90,39,51
Winsforgoldd,area-52,1521,priest,discipline,34,17,17
Madhairy,ragnaros,1520,priest,discipline,114,59,55
Rëckful,area-52,1519,priest,discipline,78,44,34
Nxghtmares,tichondrius,1519,priest,discipline,77,29,48
Nutshotxx,skullcrusher,1519,priest,discipline,53,19,34
Jacob,shadowmoon,1518,priest,discipline,41,22,19
Inquisitionx,frostmourne,1517,priest,discipline,36,19,17
Interworld,illidan,1517,priest,discipline,38,18,20
Stargoddess,illidan,1514,priest,discipline,84,45,39
Finnabustt,tichondrius,1513,priest,discipline,64,32,32
Braffuki,frostmourne,1512,priest,discipline,66,34,32
Këyglock,kelthuzad,1505,priest,discipline,59,26,33
Ropriest,frostmourne,1503,priest,discipline,41,18,23
Timbobaloo,thrall,1502,priest,discipline,34,17,17
Apoorstudent,tichondrius,1501,priest,discipline,50,29,21
Dingldangle,tichondrius,1501,priest,discipline,78,37,41
Luffzie,barthilas,1500,priest,discipline,54,35,19
Ferguss,ragnaros,1495,priest,discipline,25,18,7
Resortv,illidan,1493,priest,discipline,24,19,5
Bloodytears,kiljaeden,1493,priest,discipline,54,22,32
Pootzy,malganis,1491,priest,discipline,66,24,42
Murth,laughing-skull,1489,priest,discipline,23,16,7
Ricekak,haomarush,1488,priest,discipline,36,23,13
Jamesxupttv,draenor,1486,priest,discipline,39,24,15
Griddly,alterac-mountains,1485,priest,discipline,44,25,19
Brothercarl,stormrage,1484,priest,discipline,30,16,14
Swagndragon,zuljin,1483,priest,discipline,42,21,21
Rhima,tichondrius,1483,priest,discipline,53,25,28
Whehaw,kelthuzad,1482,priest,discipline,42,21,21
Zäelly,moon-guard,1474,priest,discipline,89,45,44
Haizsu,tichondrius,1471,priest,discipline,35,17,18
Tyksu,area-52,1471,priest,discipline,34,16,18
Feorlar,tichondrius,1470,priest,discipline,42,20,22
Tainna,quelthalas,1469,priest,discipline,48,30,18
Chimiechurro,proudmoore,1467,priest,discipline,54,30,24
Sandfire,thrall,1467,priest,discipline,30,16,14
Bubblerwrapp,malganis,1466,priest,discipline,30,16,14
Athênå,tichondrius,1465,priest,discipline,47,21,26
Heallarious,stormrage,1463,priest,discipline,24,18,6
Lilblackguys,stormrage,1463,priest,discipline,66,35,31
Doesine,area-52,1461,priest,discipline,36,22,14
Oopsy,bleeding-hollow,1460,priest,discipline,36,17,19
Havocshadows,deathwing,1459,priest,discipline,63,45,18
Bater,mugthol,1458,priest,discipline,28,17,11
Darenlor,tichondrius,1458,priest,discipline,93,40,53
Zivn,tichondrius,1456,priest,discipline,150,84,66
Fenian,frostmourne,1455,priest,discipline,41,19,22
Hermeneutic,illidan,1454,priest,discipline,39,17,22
Darkquinn,boulderfist,1453,priest,discipline,67,29,38
Aggravating,mugthol,1452,priest,discipline,72,38,34
Xeras,misha,1452,priest,discipline,47,21,26
Psycozis,hyjal,1449,priest,discipline,73,38,35
Zeusqt,azralon,1447,priest,discipline,96,50,46
Eavin,laughing-skull,1440,priest,discipline,86,44,42
Alguîen,ragnaros,1439,priest,discipline,73,38,35
Keepyaheadup,malganis,1438,priest,discipline,18,15,3
Bubblekanush,tichondrius,1438,priest,discipline,24,15,9
Nerfdisc,azralon,1438,priest,discipline,71,37,34
Wcnmb,blackrock,1437,priest,discipline,24,15,9
Akovob,tichondrius,1437,priest,discipline,44,22,22
Tartapelle,zuljin,1435,priest,discipline,66,36,30
Sliding,wyrmrest-accord,1435,priest,discipline,30,15,15
Gotdro,kelthuzad,1434,priest,discipline,33,16,17
Shykaii,azralon,1433,priest,discipline,48,30,18
Epitoh,bleeding-hollow,1433,priest,discipline,36,15,21
Amorus,illidan,1432,priest,discipline,60,40,20
Bennito,moon-guard,1431,priest,discipline,36,15,21
Marcìano,bleeding-hollow,1430,priest,discipline,24,15,9
Khyonne,nemesis,1430,priest,discipline,44,27,17
Aåurøra,stormrage,1429,priest,discipline,24,15,9
Kihlupr,frostmourne,1429,priest,discipline,34,16,18
Luanwanx,tichondrius,1427,priest,discipline,48,26,22
Luminous,moon-guard,1425,priest,discipline,107,57,50
Perceptions,dalaran,1424,priest,discipline,24,15,9
Samirah,arthas,1424,priest,discipline,24,15,9
Ketaminè,tichondrius,1422,priest,discipline,48,25,23
Phayzz,area-52,1420,priest,discipline,42,23,19
Sackura,quelthalas,1420,priest,discipline,49,26,23
Luvenia,sargeras,1420,priest,discipline,48,19,29
Handyheals,frostmourne,1419,priest,discipline,59,33,26
Chainsalight,stormrage,1419,priest,discipline,48,26,22
Machinecoach,stormrage,1419,priest,discipline,30,15,15
Zroheals,illidan,1418,priest,discipline,41,17,24
Snakedoc,emerald-dream,1416,priest,discipline,30,15,15
Rvxy,tichondrius,1415,priest,discipline,46,28,18
Melitele,magtheridon,1412,priest,discipline,24,15,9
Umbrous,ysera,1409,priest,discipline,36,15,21
Shelak,frostmourne,1408,priest,discipline,62,33,29
Laüren,ragnaros,1406,priest,discipline,72,32,40
Raggasoca,malganis,1406,priest,discipline,87,38,49
Tryst,the-underbog,1404,priest,discipline,60,37,23
Hunanbeef,kiljaeden,1400,priest,discipline,58,29,29
Malevolently,illidan,1399,priest,discipline,37,17,20
Ðiplø,tichondrius,1392,priest,discipline,35,21,14
Pleasant,dathremar,1388,priest,discipline,27,15,12
Yoozi,sargeras,1387,priest,discipline,42,17,25
Artista,quelthalas,1377,priest,discipline,30,16,14
Brounly,drakkari,1374,priest,discipline,36,22,14
Astroverse,tichondrius,1372,priest,discipline,29,15,14
Kethseth,ragnaros,1372,priest,discipline,93,43,50
Blaydun,elune,1371,priest,discipline,90,56,34
Propagàndhi,daggerspine,1371,priest,discipline,53,15,38
Zombieheals,gundrak,1367,priest,discipline,44,22,22
Solsano,stormrage,1365,priest,discipline,76,44,32
Halfyo,dragonmaw,1364,priest,discipline,62,35,27
Nomsayin,stormrage,1358,priest,discipline,19,15,4
Rbgeezus,lightnings-blade,1351,priest,discipline,59,34,25
Dxskadi,stormrage,1348,priest,discipline,156,68,88
Arkenes,dalaran,1347,priest,discipline,36,18,18
Iinu,tichondrius,1345,priest,discipline,35,16,19
Awàken,sargeras,1343,priest,discipline,21,15,6
Sunenergy,tichondrius,1343,priest,discipline,72,35,37
Crazykitsune,thaurissan,1342,priest,discipline,42,27,15
Fordranger,frostmourne,1342,priest,discipline,24,14,10
Redcoolaid,moon-guard,1341,priest,discipline,24,14,10
Skillfull,chogall,1341,priest,discipline,78,40,38
Armî,ragnaros,1341,priest,discipline,30,15,15
Jackski,nemesis,1340,priest,discipline,24,14,10
Mumrah,antonidas,1340,priest,discipline,30,14,16
Alarin,whisperwind,1339,priest,discipline,24,14,10
Booyâh,muradin,1339,priest,discipline,48,25,23
Fleckyy,tichondrius,1339,priest,discipline,30,14,16
Altarboy,agamaggan,1336,priest,discipline,24,14,10
Metagameswag,tichondrius,1335,priest,discipline,24,14,10
Swagraptor,stormreaver,1333,priest,discipline,18,14,4
Blodwell,illidan,1333,priest,discipline,54,24,30
Oyy,barthilas,1331,priest,discipline,30,14,16
Tecnica,kelthuzad,1331,priest,discipline,30,14,16
Mortteus,agamaggan,1330,priest,discipline,30,14,16
Xuun,illidan,1329,priest,discipline,71,42,29
Huevos,blackwing-lair,1328,priest,discipline,30,16,14
Mythica,gurubashi,1327,priest,discipline,84,50,34
Benedictüs,tichondrius,1327,priest,discipline,53,26,27
Yorp,tichondrius,1326,priest,discipline,24,14,10
Chìbiusa,gurubashi,1326,priest,discipline,94,45,49
Crashed,frostmourne,1325,priest,discipline,18,14,4
Nêrô,dalaran,1323,priest,discipline,36,15,21
Penetron,tichondrius,1322,priest,discipline,30,14,16
Nadiaxo,moon-guard,1319,priest,discipline,65,35,30
Drully,moon-guard,1319,priest,discipline,30,14,16
Nonamegame,sargeras,1316,priest,discipline,66,40,26
Valdurai,stormrage,1316,priest,discipline,30,14,16
Duw,icecrown,1311,priest,discipline,28,15,13
Jpray,bleeding-hollow,1310,priest,discipline,91,48,43
Raydz,altar-of-storms,1309,priest,discipline,54,22,32
Rickjames,laughing-skull,1307,priest,discipline,35,22,13
Knifê,moon-guard,1304,priest,discipline,60,32,28
Shnítzel,thrall,1304,priest,discipline,42,17,25
Healbaby,illidan,1303,priest,discipline,23,14,9
Poorass,sargeras,1301,priest,discipline,30,19,11
Wildmanfrank,tichondrius,1297,priest,discipline,37,21,16
Inferis,ragnaros,1296,priest,discipline,66,36,30
Ruthlèss,ragnaros,1294,priest,discipline,24,14,10
Healzyew,dragonmaw,1294,priest,discipline,36,16,20
Tungus,shadowsong,1290,priest,discipline,76,37,39
Sêlbus,stormrage,1290,priest,discipline,35,14,21
Bathenape,bleeding-hollow,1286,priest,discipline,24,15,9
Markspell,stormrage,1286,priest,discipline,133,72,61
Jilt,aerie-peak,1284,priest,discipline,30,17,13
Saràh,stormscale,1284,priest,discipline,76,35,41
Bonkerwaffle,kelthuzad,1282,priest,discipline,30,20,10
Cezure,stormrage,1280,priest,discipline,119,60,59
Lawroade,tichondrius,1279,priest,discipline,61,30,31
Grizzlysmite,stormrage,1279,priest,discipline,45,15,30
Swurvexo,bleeding-hollow,1278,priest,discipline,17,14,3
Jaskil,skywall,1275,priest,discipline,26,17,9
Goodwin,darkspear,1275,priest,discipline,42,24,18
Hoppus,stormrage,1275,priest,discipline,84,38,46
Saiyana,frostmourne,1273,priest,discipline,33,14,19
Deadlydocc,illidan,1272,priest,discipline,21,15,6
Spookynun,moon-guard,1265,priest,discipline,41,23,18
Aynone,blood-furnace,1264,priest,discipline,66,32,34
Derlanger,frostmourne,1262,priest,discipline,30,15,15
Grapës,jubeithos,1260,priest,discipline,30,16,14
Füuzin,stormrage,1259,priest,discipline,31,15,16
Nijoral,tichondrius,1258,priest,discipline,87,37,50
Kenzao,nemesis,1257,priest,discipline,64,30,34
Aedarelyn,ysera,1256,priest,discipline,30,15,15
Meatboxmoldy,blood-furnace,1247,priest,discipline,24,13,11
Pce,korialstrasz,1247,priest,discipline,34,13,21
Picurry,frostmourne,1246,priest,discipline,24,13,11
Vern,laughing-skull,1246,priest,discipline,30,13,17
Emotionally,sargeras,1245,priest,discipline,18,13,5
Halfcutt,tichondrius,1245,priest,discipline,24,13,11
Famemolol,tichondrius,1244,priest,discipline,24,13,11
Zaryx,wildhammer,1244,priest,discipline,24,13,11
Meiev,quelthalas,1243,priest,discipline,36,13,23
Sanitater,frostmourne,1242,priest,discipline,54,26,28
Reverendtun,area-52,1241,priest,discipline,18,13,5
Masochist,barthilas,1241,priest,discipline,30,21,9
Gankdez,kelthuzad,1241,priest,discipline,24,13,11
Bonnieron,frostmourne,1239,priest,discipline,30,13,17
Halö,area-52,1238,priest,discipline,24,13,11
Juliusceazer,skywall,1234,priest,discipline,36,21,15
Risedead,azralon,1231,priest,discipline,25,15,10
Fracxured,sargeras,1231,priest,discipline,23,13,10
Icyspicy,shadowsong,1231,priest,discipline,53,25,28
Holyxb,bleeding-hollow,1231,priest,discipline,36,13,23
Shïtheals,frostmourne,1230,priest,discipline,42,25,17
Damoclexz,area-52,1229,priest,discipline,42,24,18
Nøzmonica,kelthuzad,1226,priest,discipline,26,13,13
Lifeswap,area-52,1226,priest,discipline,48,18,30
Newchaos,hakkar,1225,priest,discipline,24,13,11
Femìnazzi,ragnaros,1224,priest,discipline,24,13,11
Vancake,quelthalas,1222,priest,discipline,66,27,39
Mindlames,bleeding-hollow,1220,priest,discipline,44,20,24
Betrthenadam,bleeding-hollow,1216,priest,discipline,42,19,23
Jaysontatum,gurubashi,1215,priest,discipline,21,14,7
Dosarix,sargeras,1214,priest,discipline,34,19,15
Orìsel,wyrmrest-accord,1209,priest,discipline,63,30,33
Discgolfsux,sargeras,1209,priest,discipline,36,13,23
Kodaks,frostmourne,1208,priest,discipline,75,37,38
Elvspriesly,doomhammer,1207,priest,discipline,84,43,41
Kithlas,emerald-dream,1206,priest,discipline,18,13,5
Nothinsexual,frostmourne,1206,priest,discipline,26,14,12
Dpshealer,azralon,1206,priest,discipline,66,29,37
Scrollozaddy,illidan,1201,priest,discipline,30,18,12
Kurtsheals,destromath,1200,priest,discipline,48,24,24
Fozil,area-52,1194,priest,discipline,56,30,26
Oiled,barthilas,1184,priest,discipline,21,14,7
Invocational,moon-guard,1175,priest,discipline,29,14,15
Hiheals,anvilmar,1174,priest,discipline,36,20,16
Spyzz,gilneas,1172,priest,discipline,36,18,18
Vànhendrix,tichondrius,1167,priest,discipline,17,13,4
Yidra,illidan,1159,priest,discipline,24,14,10
Semirg,moon-guard,1158,priest,discipline,30,13,17
Fullmetals,azralon,1152,priest,discipline,18,12,6
Maraagsdad,tichondrius,1152,priest,discipline,18,12,6
Swagdemøn,kelthuzad,1152,priest,discipline,24,12,12
Ømegagødx,illidan,1152,priest,discipline,30,12,18
Wickedpriest,malganis,1151,priest,discipline,18,12,6
Indiglo,arthas,1151,priest,discipline,18,12,6
Wreklol,tichondrius,1151,priest,discipline,18,12,6
Nyluh,deathwing,1151,priest,discipline,20,12,8
Catbabyorz,tichondrius,1151,priest,discipline,24,12,12
Obscure,malygos,1151,priest,discipline,24,12,12
Velftrixi,sargeras,1151,priest,discipline,24,12,12
Memoria,emerald-dream,1151,priest,discipline,24,12,12
Sshhaaddooww,tichondrius,1151,priest,discipline,24,12,12
Cremona,tichondrius,1151,priest,discipline,30,12,18
Negdiff,tichondrius,1151,priest,discipline,30,12,18
Akuzaki,illidan,1151,priest,discipline,30,12,18
Ilmx,illidan,1150,priest,discipline,12,12,0
Syo,dreadmaul,1150,priest,discipline,18,12,6
Meloxicamm,tichondrius,1150,priest,discipline,24,12,12
Deadpla,ragnaros,1150,priest,discipline,30,12,18
Clockwororan,tichondrius,1149,priest,discipline,18,12,6
Zerokool,moonrunner,1149,priest,discipline,18,12,6
Pakc,tichondrius,1149,priest,discipline,24,12,12
Nanabritches,moon-guard,1148,priest,discipline,39,19,20
Karebenniian,area-52,1147,priest,discipline,18,12,6
Drywàter,tichondrius,1147,priest,discipline,45,28,17
Cigarillõ,thrall,1147,priest,discipline,24,12,12
Dopeypriest,area-52,1147,priest,discipline,24,12,12
Trengodqt,destromath,1147,priest,discipline,24,12,12
Rythmzz,kiljaeden,1147,priest,discipline,30,12,18
Maxximuss,bleeding-hollow,1147,priest,discipline,36,14,22
Scrubgames,garrosh,1146,priest,discipline,12,12,0
Elilium,tichondrius,1146,priest,discipline,18,12,6
Planchebois,zuljin,1146,priest,discipline,24,12,12
Amarexlol,stormrage,1146,priest,discipline,24,12,12
Lilbaldjosh,frostmourne,1146,priest,discipline,36,12,24
Vivián,tichondrius,1143,priest,discipline,23,13,10
Grimspriest,moon-guard,1143,priest,discipline,24,12,12
Norastanne,moon-guard,1142,priest,discipline,24,12,12
Puddín,area-52,1142,priest,discipline,24,12,12
Thottee,bleeding-hollow,1142,priest,discipline,36,12,24
Chîna,hyjal,1140,priest,discipline,18,15,3
Justanoutlaw,darkspear,1139,priest,discipline,18,12,6
Karazhan,burning-legion,1137,priest,discipline,26,12,14
Sgiath,alleria,1136,priest,discipline,18,12,6
Faerline,kelthuzad,1134,priest,discipline,29,12,17
Goodbyekiss,illidan,1131,priest,discipline,48,22,26
Corthien,thrall,1129,priest,discipline,30,12,18
Mäy,greymane,1128,priest,discipline,24,12,12
Ragnarøk,warsong,1127,priest,discipline,30,12,18
Wísh,emerald-dream,1126,priest,discipline,36,19,17
Pixa,tichondrius,1124,priest,discipline,24,12,12
Temkcalb,ragnaros,1121,priest,discipline,30,12,18
Cyrilien,tichondrius,1120,priest,discipline,46,26,20
Stinkiez,area-52,1117,priest,discipline,23,12,11
Indigojuly,sargeras,1115,priest,discipline,22,13,9
Armspriest,stormrage,1115,priest,discipline,24,12,12
Jestiann,aegwynn,1114,priest,discipline,24,12,12
Hanuroa,tichondrius,1109,priest,discipline,24,13,11
Khamata,kelthuzad,1100,priest,discipline,30,12,18
Itsme,quelthalas,1098,priest,discipline,35,12,23
Vákc,quelthalas,1096,priest,discipline,23,12,11
Ðiscipline,kelthuzad,1095,priest,discipline,27,13,14
Serakiki,nemesis,1094,priest,discipline,24,13,11
Krané,area-52,1089,priest,discipline,27,13,14
Puralux,balnazzar,1080,priest,discipline,24,15,9
Welovan,sargeras,1078,priest,discipline,22,12,10
Verna,dunemaul,1078,priest,discipline,26,13,13
Kafzial,zuljin,1068,priest,discipline,39,20,19
Twinkmuncher,proudmoore,1065,priest,discipline,25,12,13
Lovelike,tichondrius,1056,priest,discipline,18,11,7
Praitne,tichondrius,1056,priest,discipline,30,11,19
Orderic,ragnaros,1055,priest,discipline,18,11,7
Bigshieldlol,illidan,1055,priest,discipline,18,11,7
Vampirê,tichondrius,1055,priest,discipline,24,11,13
Razdaz,twisting-nether,1055,priest,discipline,36,11,25
Aiss,malganis,1054,priest,discipline,16,12,4
Persimmons,lightbringer,1054,priest,discipline,18,11,7
Hadtogothere,kelthuzad,1054,priest,discipline,24,11,13
Hennywhite,sargeras,1054,priest,discipline,24,11,13
Isteri,thrall,1053,priest,discipline,24,11,13
Goo,boulderfist,1052,priest,discipline,18,11,7
Darkills,tichondrius,1051,priest,discipline,24,11,13
Mellerwine,azralon,1051,priest,discipline,70,29,41
Docmcstufins,darkspear,1050,priest,discipline,24,11,13
Lalight,tichondrius,1050,priest,discipline,30,11,19
Curemeste,illidan,1049,priest,discipline,24,11,13
Gommacura,stormrage,1049,priest,discipline,24,11,13
Murdock,the-forgotten-coast,1048,priest,discipline,18,11,7
Slippedadisc,kelthuzad,1048,priest,discipline,24,11,13
Köto,dalaran,1047,priest,discipline,18,11,7
Efrem,tichondrius,1044,priest,discipline,36,15,21
Mursey,sargeras,1044,priest,discipline,33,11,22
Xyló,area-52,1043,priest,discipline,18,11,7
Lilbabe,stormrage,1043,priest,discipline,24,11,13
Deckardkane,stormrage,1038,priest,discipline,26,11,15
Gungagingong,queldorei,1035,priest,discipline,18,11,7
Fearnought,stormrage,1034,priest,discipline,16,12,4
Belielosong,moon-guard,1034,priest,discipline,24,16,8
Danrien,azralon,1034,priest,discipline,22,12,10
Uchihalol,tichondrius,1032,priest,discipline,24,11,13
Kapriestun,tichondrius,1031,priest,discipline,18,11,7
Profît,stormrage,1025,priest,discipline,18,11,7
Bakharftw,nemesis,1023,priest,discipline,28,17,11
Thadan,uldaman,1019,priest,discipline,24,11,13
Såge,chogall,1016,priest,discipline,46,20,26
Jèf,stormrage,1015,priest,discipline,23,11,12
Uljinoo,blackwing-lair,1010,priest,discipline,32,13,19
Alizeë,illidan,1008,priest,discipline,39,19,20
Rmx,illidan,1006,priest,discipline,23,11,12
Jebadiia,tichondrius,1005,priest,discipline,28,12,16
Dahrwin,thrall,1003,priest,discipline,20,12,8
Makkima,area-52,1002,priest,discipline,30,11,19
Specialed,wildhammer,1001,priest,discipline,21,11,10
Tikel,ragnaros,1001,priest,discipline,21,11,10
Vehlind,quelthalas,1001,priest,discipline,29,11,18
Mchinder,tanaris,999,priest,discipline,15,12,3
Maid,demon-soul,999,priest,discipline,27,12,15
Throwinshadê,stormrage,994,priest,discipline,18,12,6
Diamontie,tichondrius,977,priest,discipline,26,16,10
Toastanator,wyrmrest-accord,972,priest,discipline,53,25,28
Varbirttok,sargeras,969,priest,discipline,31,12,19
Praemal,tichondrius,960,priest,discipline,12,10,2
Pnsp,perenolde,960,priest,discipline,12,10,2
Evilspreist,arthas,960,priest,discipline,12,10,2
Shadina,gorefiend,960,priest,discipline,18,10,8
Bswagxx,illidan,960,priest,discipline,18,10,8
Thedude,spirestone,960,priest,discipline,18,10,8
Ggwizkaboo,tichondrius,960,priest,discipline,18,10,8
Blessxo,ragnaros,960,priest,discipline,18,10,8
Likehisname,tichondrius,960,priest,discipline,18,10,8
Barley,chogall,960,priest,discipline,18,10,8
Xidis,vashj,960,priest,discipline,24,10,14
Fotmtrash,the-underbog,960,priest,discipline,24,10,14
Dayquills,illidan,960,priest,discipline,24,10,14
Summersetisl,tichondrius,960,priest,discipline,24,10,14
Saviorlol,tichondrius,960,priest,discipline,30,10,20
Rilad,icecrown,959,priest,discipline,18,10,8
Jatral,azralon,959,priest,discipline,24,10,14
Puttles,tichondrius,959,priest,discipline,24,10,14
Jâldabaoth,area-52,958,priest,discipline,12,10,2
Fallenumbra,area-52,958,priest,discipline,18,10,8
Qmabayteckkl,tichondrius,958,priest,discipline,18,10,8
Mse,eonar,958,priest,discipline,18,10,8
Blobble,tichondrius,958,priest,discipline,24,10,14
Razledazzled,grizzly-hills,958,priest,discipline,24,10,14
Raisonpriest,tichondrius,957,priest,discipline,18,10,8
Wilburre,sargeras,957,priest,discipline,18,10,8
Aríola,frostmourne,956,priest,discipline,18,10,8
Dib,arathor,956,priest,discipline,18,10,8
Archìtects,wyrmrest-accord,956,priest,discipline,24,10,14
Jaindoe,illidan,955,priest,discipline,18,10,8
Burpees,dalaran,954,priest,discipline,18,10,8
Cathêlay,bleeding-hollow,954,priest,discipline,28,12,16
Jessicä,malganis,952,priest,discipline,18,10,8
Webbii,frostmourne,951,priest,discipline,24,10,14
Tdmheals,zuluhed,949,priest,discipline,12,10,2
Doutoodou,tichondrius,949,priest,discipline,33,15,18
Vitalizes,nagrand,948,priest,discipline,24,10,14
Cezanne,tichondrius,947,priest,discipline,48,12,36
Khadgrin,kelthuzad,946,priest,discipline,24,11,13
Pesca,proudmoore,943,priest,discipline,23,10,13
Serana,maelstrom,939,priest,discipline,41,22,19
Geulis,illidan,938,priest,discipline,29,12,17
Sév,frostmane,931,priest,discipline,23,10,13
Tarny,tichondrius,919,priest,discipline,16,11,5
Xmasmiracle,korgath,903,priest,discipline,40,19,21
Shallwedance,tichondrius,895,priest,discipline,14,10,4
Ithvedriel,moon-guard,894,priest,discipline,28,12,16
Gices,area-52,864,priest,discipline,12,9,3
Fearinoculúm,bleeding-hollow,864,priest,discipline,12,9,3
Gillette,thunderlord,864,priest,discipline,12,9,3
Dorgondra,wyrmrest-accord,864,priest,discipline,18,9,9
Oghealz,lightnings-blade,864,priest,discipline,18,9,9
Challengerz,suramar,864,priest,discipline,18,9,9
Lemonmint,tichondrius,864,priest,discipline,18,9,9
Engle,arathor,864,priest,discipline,18,9,9
Voidgames,area-52,864,priest,discipline,24,9,15
Khaoshealer,destromath,864,priest,discipline,36,9,27
Dachenchen,tichondrius,863,priest,discipline,12,9,3
Bobelgum,emerald-dream,863,priest,discipline,12,9,3
Erinzdern,quelthalas,863,priest,discipline,12,9,3
Starpass,illidan,863,priest,discipline,12,9,3
Helleamh,tichondrius,863,priest,discipline,12,9,3
Maybedead,tichondrius,863,priest,discipline,18,9,9
Sensaye,dalaran,863,priest,discipline,18,9,9
Niurouchuan,tichondrius,863,priest,discipline,18,9,9
Silkydeath,frostmourne,863,priest,discipline,18,9,9
Daburnz,bleeding-hollow,863,priest,discipline,18,9,9
Depressedboy,wyrmrest-accord,863,priest,discipline,18,9,9
Healther,firetree,863,priest,discipline,18,9,9
Dreadpriate,emerald-dream,863,priest,discipline,18,9,9
Slipzie,sargeras,862,priest,discipline,12,9,3
Healthreat,area-52,862,priest,discipline,12,9,3
Easypriest,tichondrius,862,priest,discipline,18,9,9
Satanshealer,terokkar,862,priest,discipline,18,9,9
Strawson,quelthalas,862,priest,discipline,18,9,9
Tiskka,magtheridon,862,priest,discipline,24,9,15
Imcringing,illidan,860,priest,discipline,18,9,9
Orzington,laughing-skull,860,priest,discipline,24,9,15
Theheal,ragnaros,860,priest,discipline,27,10,17
Vexyy,tichondrius,859,priest,discipline,18,9,9
Nóin,tichondrius,859,priest,discipline,18,9,9
Moresbo,frostmourne,859,priest,discipline,18,9,9
Misfyt,emerald-dream,859,priest,discipline,24,9,15
Testament,greymane,859,priest,discipline,24,9,15
Sistamaggie,bleeding-hollow,859,priest,discipline,24,9,15
Basisc,frostmourne,858,priest,discipline,18,9,9
Mando,area-52,857,priest,discipline,14,10,4
Trashdiscx,stormrage,857,priest,discipline,21,10,11
Alurand,bleeding-hollow,852,priest,discipline,12,9,3
Bistek,bleeding-hollow,851,priest,discipline,26,13,13
Victrix,tichondrius,851,priest,discipline,38,13,25
Eneco,alleria,846,priest,discipline,12,9,3
Brahskeet,illidan,841,priest,discipline,30,9,21
Toddmund,tichondrius,832,priest,discipline,28,9,19
Hoglet,moon-guard,831,priest,discipline,16,10,6
Lowkii,malfurion,827,priest,discipline,17,9,8
Shadowdeathx,bleeding-hollow,813,priest,discipline,17,9,8
Aladdinlol,tichondrius,799,priest,discipline,28,9,19
Ðrip,burning-legion,796,priest,discipline,16,9,7
Brotherheals,nagrand,793,priest,discipline,20,10,10
Caz,sargeras,775,priest,discipline,24,12,12
Ñightelf,area-52,768,priest,discipline,12,8,4
Iyoui,tichondrius,768,priest,discipline,12,8,4
Spriestbro,emerald-dream,768,priest,discipline,12,8,4
Canibumsmoke,illidan,768,priest,discipline,12,8,4
Fairylìght,stormrage,768,priest,discipline,12,8,4
Storylord,malganis,768,priest,discipline,12,8,4
Kuell,ragnaros,768,priest,discipline,12,8,4
Darknus,sargeras,768,priest,discipline,12,8,4
Corvenna,zuljin,768,priest,discipline,12,8,4
Soupbean,zuljin,768,priest,discipline,12,8,4
Lidoradra,zuljin,768,priest,discipline,12,8,4
Zunari,thrall,768,priest,discipline,12,8,4
Weapestrong,tichondrius,768,priest,discipline,12,8,4
ßðßßÿ,area-52,768,priest,discipline,12,8,4
Merit,emerald-dream,768,priest,discipline,12,8,4
Barthbelro,kiljaeden,768,priest,discipline,12,8,4
Çammy,frostmourne,768,priest,discipline,12,8,4
Curney,stormrage,768,priest,discipline,12,8,4
Kayern,kelthuzad,768,priest,discipline,12,8,4
Bloodyxx,bleeding-hollow,768,priest,discipline,12,8,4
Myòvó,tichondrius,768,priest,discipline,12,8,4
Csjy,illidan,768,priest,discipline,12,8,4
Ahoy,sargeras,768,priest,discipline,16,9,7
Vinnydiesel,tichondrius,768,priest,discipline,18,8,10
Zins,emerald-dream,768,priest,discipline,18,8,10
Mintadnade,nemesis,768,priest,discipline,18,8,10
Sotore,bleeding-hollow,768,priest,discipline,18,8,10
Namilol,tichondrius,768,priest,discipline,18,8,10
Bonoo,tichondrius,768,priest,discipline,18,8,10
Astrøpriest,tichondrius,768,priest,discipline,18,8,10
Disperse,vashj,768,priest,discipline,18,8,10
Esciel,ragnaros,768,priest,discipline,24,8,16
Badhabit,zuluhed,768,priest,discipline,24,8,16
Pgpriest,kelthuzad,768,priest,discipline,24,8,16
Bakara,jubeithos,768,priest,discipline,24,8,16
Kraamur,area-52,767,priest,discipline,12,8,4
Icônz,malganis,767,priest,discipline,12,8,4
Urgetopurge,dunemaul,767,priest,discipline,12,8,4
Nolan,drakkari,767,priest,discipline,12,8,4
Iulu,doomhammer,767,priest,discipline,12,8,4
Tajee,area-52,767,priest,discipline,12,8,4
Jjløver,tichondrius,767,priest,discipline,12,8,4
Accismus,khadgar,767,priest,discipline,12,8,4
Discobluntzz,tichondrius,767,priest,discipline,12,8,4
Lucènt,frostmourne,767,priest,discipline,12,8,4
Hellsembrace,lightbringer,767,priest,discipline,18,8,10
Pphill,aegwynn,767,priest,discipline,18,8,10
Ohgiddy,dalaran,767,priest,discipline,18,8,10
Izikial,illidan,767,priest,discipline,18,8,10
Jinniu,azralon,767,priest,discipline,24,8,16
Yürika,emerald-dream,767,priest,discipline,24,8,16
Misaosan,azralon,766,priest,discipline,12,8,4
Xhaajyh,area-52,766,priest,discipline,12,8,4
Jelzz,area-52,766,priest,discipline,18,8,10
Spazmode,malganis,766,priest,discipline,18,8,10
Bandaidvibes,tichondrius,765,priest,discipline,12,8,4
Femalema,tichondrius,765,priest,discipline,12,8,4
Diabiitus,stormrage,764,priest,discipline,12,8,4
Curasia,drakkari,763,priest,discipline,12,8,4
Thotznprayrz,bleeding-hollow,763,priest,discipline,12,8,4
Finake,kelthuzad,763,priest,discipline,12,8,4
Namî,barthilas,762,priest,discipline,18,8,10
Holyhog,whisperwind,761,priest,discipline,24,8,16
Jtewatch,zuljin,759,priest,discipline,12,8,4
Weakwind,burning-blade,734,priest,discipline,16,8,8
Lolcrafthd,ragnaros,734,priest,discipline,20,9,11
Skall,kirin-tor,729,priest,discipline,23,8,15
Invoice,bloodscalp,719,priest,discipline,17,8,9
Pocserpriest,drakkari,703,priest,discipline,20,8,12
Läsombra,area-52,684,priest,discipline,17,9,8
Washdp,frostmourne,672,priest,discipline,12,7,5
Littleshower,illidan,672,priest,discipline,12,7,5
Imissdave,dethecus,672,priest,discipline,12,7,5
Klitarus,barthilas,672,priest,discipline,12,7,5
Taboogie,tichondrius,672,priest,discipline,12,7,5
Cubski,darkspear,672,priest,discipline,12,7,5
Kazgry,illidan,672,priest,discipline,12,7,5
Greyx,moon-guard,672,priest,discipline,12,7,5
Reilacoste,moon-guard,672,priest,discipline,12,7,5
Teiam,skullcrusher,672,priest,discipline,12,7,5
Littlehcl,tichondrius,672,priest,discipline,12,7,5
Phrìke,illidan,672,priest,discipline,12,7,5
Nerfthedoc,blackrock,672,priest,discipline,12,7,5
Alphôn,bleeding-hollow,672,priest,discipline,12,7,5
Bigchalupaz,sargeras,672,priest,discipline,12,7,5
Tophr,illidan,672,priest,discipline,12,7,5
Herder,zuljin,672,priest,discipline,12,7,5
Raivn,illidan,672,priest,discipline,12,7,5
Bonehead,warsong,672,priest,discipline,12,7,5
Faithbuild,emerald-dream,672,priest,discipline,12,7,5
Drsquiddy,tichondrius,672,priest,discipline,12,7,5
Fatbellyx,sargeras,672,priest,discipline,12,7,5
Moustachío,stormrage,672,priest,discipline,12,7,5
Sylvphrena,stormrage,672,priest,discipline,12,7,5
Angusb,sargeras,672,priest,discipline,12,7,5
Sadsadge,sargeras,672,priest,discipline,12,7,5
Zizziz,tichondrius,672,priest,discipline,12,7,5
Walpurgis,skywall,672,priest,discipline,12,7,5
Yobell,tichondrius,672,priest,discipline,12,7,5
Smiliebomb,tichondrius,672,priest,discipline,12,7,5
Tîg,nemesis,672,priest,discipline,15,7,8
Iwillrezguys,tichondrius,672,priest,discipline,18,7,11
Selfless,barthilas,672,priest,discipline,18,7,11
Priestass,bleeding-hollow,672,priest,discipline,18,7,11
Vizzy,stormrage,672,priest,discipline,18,7,11
Louisé,hydraxis,672,priest,discipline,18,7,11
Nelpesh,tichondrius,672,priest,discipline,18,7,11
Glöws,area-52,672,priest,discipline,18,7,11
Hadoka,ragnaros,672,priest,discipline,18,7,11
Dasaq,sargeras,672,priest,discipline,18,7,11
Stríkes,emerald-dream,672,priest,discipline,24,7,17
Lamont,archimonde,672,priest,discipline,24,7,17
Attenea,illidan,672,priest,discipline,24,7,17
Sstar,area-52,671,priest,discipline,12,7,5
Unholyio,barthilas,671,priest,discipline,12,7,5
Jeremey,darkspear,671,priest,discipline,12,7,5
Linlight,stormrage,671,priest,discipline,12,7,5
Aerdune,dalaran,671,priest,discipline,12,7,5
Demonwizard,sargeras,671,priest,discipline,12,7,5
Bombinburbon,durotan,671,priest,discipline,12,7,5
Xiöm,quelthalas,671,priest,discipline,12,7,5
Mahelet,drakkari,671,priest,discipline,12,7,5
Flagged,azgalor,671,priest,discipline,12,7,5
Klowdz,burning-blade,671,priest,discipline,12,7,5
Smittën,barthilas,671,priest,discipline,12,7,5
Joezyxz,tichondrius,671,priest,discipline,20,9,11
Windroseh,proudmoore,671,priest,discipline,18,7,11
Posabilties,bleeding-hollow,671,priest,discipline,18,7,11
Randomheal,dunemaul,671,priest,discipline,18,7,11
Elexy,tichondrius,671,priest,discipline,18,7,11
Swartzp,tichondrius,671,priest,discipline,24,7,17
Jeresh,sargeras,671,priest,discipline,36,7,29
Xð,jubeithos,670,priest,discipline,12,7,5
Donus,frostmane,670,priest,discipline,12,7,5
Sinnon,turalyon,670,priest,discipline,12,7,5
Panelopie,maiev,670,priest,discipline,12,7,5
Kaeshia,proudmoore,670,priest,discipline,12,7,5
Jivita,lightbringer,670,priest,discipline,12,7,5
Antìdote,tichondrius,670,priest,discipline,12,7,5
Aipata,stormrage,670,priest,discipline,12,7,5
Spiceenjoyer,emerald-dream,670,priest,discipline,15,8,7
Inarius,dragonblight,669,priest,discipline,18,7,11
Nielic,arygos,668,priest,discipline,12,7,5
Trustheals,tichondrius,665,priest,discipline,12,7,5
Moomagic,sargeras,664,priest,discipline,18,7,11
Crossblesser,alleria,663,priest,discipline,12,7,5
Sinthe,stormrage,655,priest,discipline,12,8,4
Rcx,sargeras,655,priest,discipline,17,7,10
Cringepriest,area-52,639,priest,discipline,10,8,2
Spicer,eredar,639,priest,discipline,11,7,4
Winss,tichondrius,639,priest,discipline,17,7,10
Fumes,ghostlands,638,priest,discipline,24,7,17
Holysmegma,dreadmaul,623,priest,discipline,11,7,4
Muuq,frostmourne,623,priest,discipline,15,7,8
Arzaei,quelthalas,608,priest,discipline,16,7,9
Åffliction,sargeras,607,priest,discipline,11,7,4
Minimelo,stormrage,607,priest,discipline,11,7,4
Played,dark-iron,607,priest,discipline,26,7,19
Dreamskull,aegwynn,605,priest,discipline,14,7,7
Septmoon,tichondrius,576,priest,discipline,6,6,0
Jemine,tichondrius,576,priest,discipline,6,6,0
Euphotic,tichondrius,576,priest,discipline,6,6,0
Wizeau,dalaran,576,priest,discipline,6,6,0
Delai,dalaran,576,priest,discipline,6,6,0
Naelsaze,tichondrius,576,priest,discipline,6,6,0
Porffy,malygos,576,priest,discipline,6,6,0
Thirddps,illidan,576,priest,discipline,6,6,0
Wv,kelthuzad,576,priest,discipline,12,6,6
Dojacatx,frostmourne,576,priest,discipline,12,6,6
Pigogo,tichondrius,576,priest,discipline,12,6,6
Zerola,sargeras,576,priest,discipline,12,6,6
Tyrrdisc,skywall,576,priest,discipline,12,6,6
Methodist,proudmoore,576,priest,discipline,12,6,6
Tanzen,andorhal,576,priest,discipline,12,6,6
Ieveling,skywall,576,priest,discipline,12,6,6
Cazuex,ragnaros,576,priest,discipline,12,6,6
Scripture,stormreaver,576,priest,discipline,12,6,6
Thelastfight,frostmourne,576,priest,discipline,12,6,6
Wpj,barthilas,576,priest,discipline,12,6,6
Rufían,quelthalas,576,priest,discipline,12,6,6
Supski,destromath,576,priest,discipline,12,6,6
Pryst,bonechewer,576,priest,discipline,12,6,6
Darkinfusion,illidan,576,priest,discipline,12,6,6
Arcalon,thrall,576,priest,discipline,12,6,6
Smitelytius,tichondrius,576,priest,discipline,12,6,6
Rámmstein,wyrmrest-accord,576,priest,discipline,12,6,6
Wabie,illidan,576,priest,discipline,12,6,6
Vbear,dunemaul,576,priest,discipline,12,6,6
Pewwpew,malganis,576,priest,discipline,12,6,6
Perothon,garrosh,576,priest,discipline,12,6,6
Trezz,hakkar,576,priest,discipline,12,6,6
Illuminare,sargeras,576,priest,discipline,12,6,6
Joní,malganis,576,priest,discipline,12,6,6
Azurestorm,tichondrius,576,priest,discipline,12,6,6
Bholebender,tichondrius,576,priest,discipline,12,6,6
Woodowl,tichondrius,576,priest,discipline,12,6,6
Clearclouds,tichondrius,576,priest,discipline,12,6,6
Yeyoz,tichondrius,576,priest,discipline,12,6,6
Qipriest,tichondrius,576,priest,discipline,12,6,6
Mthwz,tichondrius,576,priest,discipline,12,6,6
Bloodfaith,stormrage,576,priest,discipline,12,6,6
Lisau,tichondrius,576,priest,discipline,12,6,6
Wodpriestx,stormrage,576,priest,discipline,12,6,6
Ahitaro,ragnaros,576,priest,discipline,18,6,12
Selenitax,sargeras,576,priest,discipline,18,6,12
Ärchangél,tichondrius,576,priest,discipline,18,6,12
Fartnutts,dalaran,576,priest,discipline,18,6,12
Dabaojian,tichondrius,576,priest,discipline,18,6,12
Rawze,tichondrius,576,priest,discipline,18,6,12
Conezy,frostmourne,576,priest,discipline,18,6,12
Astrìx,tichondrius,575,priest,discipline,6,6,0
Rókue,silvermoon,575,priest,discipline,12,6,6
Nek,malganis,575,priest,discipline,12,6,6
Iwonthealu,senjin,575,priest,discipline,12,6,6
Aloragon,tichondrius,575,priest,discipline,12,6,6
Göats,emerald-dream,575,priest,discipline,12,6,6
Pacopriest,tichondrius,575,priest,discipline,12,6,6
Kajagoogoö,emerald-dream,575,priest,discipline,12,6,6
Ðohko,ragnaros,575,priest,discipline,12,6,6
Míssdank,tichondrius,575,priest,discipline,12,6,6
Icetraygang,suramar,575,priest,discipline,12,6,6
Peeinbottles,stormrage,575,priest,discipline,16,7,9
Merkinhealz,darkspear,575,priest,discipline,18,6,12
Mamabless,quelthalas,575,priest,discipline,20,6,14
Jackflashh,hakkar,574,priest,discipline,12,6,6
Ariavish,area-52,573,priest,discipline,18,6,12
Novoc,blackhand,572,priest,discipline,12,6,6
Thøt,malganis,570,priest,discipline,12,6,6
Crossbones,cenarion-circle,566,priest,discipline,12,6,6
Aubine,sargeras,559,priest,discipline,17,6,11
Syrillia,wildhammer,543,priest,discipline,14,7,7
Krindil,korgath,543,priest,discipline,17,6,11
Awaken,nerzhul,543,priest,discipline,17,6,11
Googolplex,tichondrius,528,priest,discipline,9,7,2
Moonlightx,destromath,528,priest,discipline,9,7,2
Dotdotdead,earthen-ring,522,priest,discipline,16,7,9
Ethari,crushridge,520,priest,discipline,21,7,14
Chapitä,drakkari,512,priest,discipline,10,6,4
Swapsy,illidan,511,priest,discipline,11,6,5
Lilmad,stormrage,511,priest,discipline,20,6,14
Moneymurph,blackrock,511,priest,discipline,26,6,20
Cellestine,aggramar,496,priest,discipline,19,6,13
Sajahsa,moon-guard,491,priest,discipline,13,6,7
Mutilla,tichondrius,480,priest,discipline,6,5,1
Hateutoo,sargeras,480,priest,discipline,6,5,1
Afflickzz,kelthuzad,480,priest,discipline,6,5,1
Silnetlee,tichondrius,480,priest,discipline,6,5,1
Akkassha,zuljin,480,priest,discipline,6,5,1
Lildubs,bloodhoof,480,priest,discipline,6,5,1
Jinforever,tichondrius,480,priest,discipline,6,5,1
Unholywizard,sargeras,480,priest,discipline,6,5,1
Lovesy,burning-legion,480,priest,discipline,6,5,1
Çøçø,tichondrius,480,priest,discipline,6,5,1
Azari,illidan,480,priest,discipline,6,5,1
Chanyt,azralon,480,priest,discipline,6,5,1
Ãbelladanger,area-52,480,priest,discipline,6,5,1
Srwilly,ragnaros,480,priest,discipline,6,5,1
Tricklee,tichondrius,480,priest,discipline,6,5,1
Opscurum,bleeding-hollow,480,priest,discipline,6,5,1
Klydasoreass,malganis,480,priest,discipline,6,5,1
Kebab,tichondrius,480,priest,discipline,6,5,1
Holycoww,lightnings-blade,480,priest,discipline,6,5,1
Elimix,frostmourne,480,priest,discipline,6,5,1
Discipline,the-scryers,480,priest,discipline,6,5,1
Arfaxad,quelthalas,480,priest,discipline,6,5,1
Taikosqt,azralon,480,priest,discipline,12,5,7
Metick,illidan,480,priest,discipline,12,5,7
Amperx,wyrmrest-accord,480,priest,discipline,12,5,7
Lge,kelthuzad,480,priest,discipline,12,5,7
Hårper,area-52,480,priest,discipline,12,5,7
Erossenin,proudmoore,480,priest,discipline,12,5,7
Ón,tichondrius,480,priest,discipline,12,5,7
Creòle,area-52,480,priest,discipline,12,5,7
Daijoubu,lightnings-blade,480,priest,discipline,12,5,7
Pibkac,stormrage,480,priest,discipline,12,5,7
Arcosis,turalyon,480,priest,discipline,12,5,7
Vania,tortheldrin,480,priest,discipline,12,5,7
Xayda,area-52,480,priest,discipline,12,5,7
Forsakenz,jaedenar,480,priest,discipline,12,5,7
Voltstein,dalaran,480,priest,discipline,12,5,7
Dippyboi,whisperwind,480,priest,discipline,12,5,7
Xävier,farstriders,480,priest,discipline,12,5,7
Naxiest,stormrage,480,priest,discipline,12,5,7
Rúbybest,tichondrius,480,priest,discipline,12,5,7
Rompenepes,drakkari,480,priest,discipline,12,5,7
Drmattydubz,tichondrius,480,priest,discipline,12,5,7
Luciellis,sargeras,480,priest,discipline,12,5,7
Auras,boulderfist,480,priest,discipline,12,5,7
Feyns,illidan,480,priest,discipline,12,5,7
Câstiêl,malganis,480,priest,discipline,12,5,7
Zilah,ravencrest,480,priest,discipline,12,5,7
Healryyduff,barthilas,480,priest,discipline,12,5,7
Smightful,garona,480,priest,discipline,12,5,7
Humblemumble,barthilas,480,priest,discipline,12,5,7
Deadpriesst,arthas,480,priest,discipline,12,5,7
Iamrisen,tichondrius,480,priest,discipline,12,5,7
Hotlink,daggerspine,480,priest,discipline,12,5,7
Bluffzp,boulderfist,480,priest,discipline,12,5,7
Euphorz,tichondrius,480,priest,discipline,12,5,7
Mitoloshi,ragnaros,480,priest,discipline,12,5,7
Wtfamdoing,quelthalas,480,priest,discipline,12,5,7
Alleeyy,tichondrius,480,priest,discipline,12,5,7
Andreslol,sargeras,480,priest,discipline,12,5,7
Stynke,bleeding-hollow,480,priest,discipline,12,5,7
Shadoris,antonidas,480,priest,discipline,12,5,7
Caesus,sargeras,480,priest,discipline,12,5,7
Nutsin,tichondrius,480,priest,discipline,12,5,7
Whosjoe,tichondrius,480,priest,discipline,12,5,7
Aratis,bleeding-hollow,480,priest,discipline,12,5,7
Joeybats,frostwolf,480,priest,discipline,12,5,7
Hottymcdotty,black-dragonflight,480,priest,discipline,12,5,7
ßlackøut,sargeras,480,priest,discipline,12,5,7
Gõd,zuluhed,480,priest,discipline,12,5,7
Matics,tichondrius,480,priest,discipline,12,5,7
Dietcokee,stormrage,480,priest,discipline,12,5,7
Dweem,stormrage,480,priest,discipline,12,5,7
Pumice,destromath,480,priest,discipline,12,5,7
Gatty,kiljaeden,480,priest,discipline,13,5,8
Dylan,shuhalo,480,priest,discipline,18,5,13
Jaquels,sargeras,480,priest,discipline,18,5,13
Healiesuwu,kiljaeden,480,priest,discipline,18,5,13
Sobamian,tichondrius,480,priest,discipline,18,5,13
Jiñx,destromath,480,priest,discipline,18,5,13
Kasamm,nazjatar,479,priest,discipline,6,5,1
Holyycrit,kelthuzad,479,priest,discipline,6,5,1
Séraphin,proudmoore,479,priest,discipline,13,7,6
Súlfuro,quelthalas,479,priest,discipline,12,5,7
Gaaq,stormrage,479,priest,discipline,12,5,7
Bröke,nemesis,479,priest,discipline,12,5,7
Drayen,korgath,479,priest,discipline,12,5,7
Msdash,tichondrius,479,priest,discipline,12,5,7
Whitegirlirl,blackrock,478,priest,discipline,6,5,1
Abbot,zangarmarsh,478,priest,discipline,12,5,7
Rescueherø,tichondrius,476,priest,discipline,12,5,7
Delithara,tichondrius,474,priest,discipline,12,5,7
Lyxx,kelthuzad,448,priest,discipline,10,6,4
Néylo,illidan,447,priest,discipline,11,5,6
Hungzilla,malganis,447,priest,discipline,11,5,6
Faíthless,sargeras,447,priest,discipline,11,5,6
Shadowkr,tichondrius,447,priest,discipline,11,5,6
Jeffo,baelgun,447,priest,discipline,11,5,6
Fadewench,sargeras,432,priest,discipline,11,6,5
Angelumlucis,frostmane,426,priest,discipline,17,8,9
Spoõks,darkspear,426,priest,discipline,17,6,11
Brotatochip,andorhal,400,priest,discipline,13,5,8
Whodatpriest,blackhand,399,priest,discipline,5,5,0
Jinxaleyster,ragnaros,399,priest,discipline,5,5,0
Febronia,aerie-peak,384,priest,discipline,6,4,2
Döllyy,illidan,384,priest,discipline,6,4,2
Randompreest,stormrage,384,priest,discipline,6,4,2
Kiriko,mannoroth,384,priest,discipline,6,4,2
Kimjongdots,illidan,384,priest,discipline,6,4,2
Tomp,tichondrius,384,priest,discipline,6,4,2
Fialiadia,illidan,384,priest,discipline,6,4,2
Djchickpea,chogall,384,priest,discipline,6,4,2
Yotinha,stormrage,384,priest,discipline,6,4,2
Batface,frostmourne,384,priest,discipline,6,4,2
Gutrìck,tichondrius,384,priest,discipline,6,4,2
Kalyndaxo,frostmourne,384,priest,discipline,6,4,2
Gránd,emerald-dream,384,priest,discipline,6,4,2
Geekynerd,frostmourne,384,priest,discipline,6,4,2
Jaxthree,illidan,384,priest,discipline,6,4,2
Zarfel,ragnaros,384,priest,discipline,6,4,2
Prïestitute,zuljin,384,priest,discipline,6,4,2
Miniambá,tichondrius,384,priest,discipline,6,4,2
Wickedmoon,emerald-dream,384,priest,discipline,6,4,2
Johncrank,bleeding-hollow,384,priest,discipline,6,4,2
Nordheal,stormrage,384,priest,discipline,6,4,2
Drinkndrive,tichondrius,384,priest,discipline,6,4,2
Kelthax,sargeras,384,priest,discipline,6,4,2
Sensitive,eitrigg,384,priest,discipline,6,4,2
Dévore,dalaran,384,priest,discipline,6,4,2
Spyderco,mugthol,384,priest,discipline,6,4,2
Redclover,tichondrius,384,priest,discipline,6,4,2
Phurbosjr,sargeras,384,priest,discipline,6,4,2
Mangueroide,quelthalas,384,priest,discipline,6,4,2
Abstention,area-52,384,priest,discipline,6,4,2
Jeraphìm,tichondrius,384,priest,discipline,6,4,2
Leliane,tichondrius,384,priest,discipline,6,4,2
Woosanghong,tichondrius,384,priest,discipline,6,4,2
Granger,senjin,384,priest,discipline,6,4,2
Knucklesandy,tichondrius,384,priest,discipline,6,4,2
Kencys,tichondrius,384,priest,discipline,6,4,2
Bendoverbb,tichondrius,384,priest,discipline,6,4,2
Dimedaddy,tichondrius,384,priest,discipline,6,4,2
Ticheals,tichondrius,384,priest,discipline,6,4,2
Fõrcedtowipe,tichondrius,384,priest,discipline,6,4,2
Evilear,tichondrius,384,priest,discipline,6,4,2
Yunganal,sargeras,384,priest,discipline,6,4,2
Mangoes,scilla,384,priest,discipline,6,4,2
Subscribe,khazgoroth,384,priest,discipline,6,4,2
Saintpleb,sargeras,384,priest,discipline,6,4,2
Pocket,alleria,384,priest,discipline,6,4,2
Moselol,tichondrius,384,priest,discipline,6,4,2
Gamist,area-52,384,priest,discipline,6,4,2
Anymoon,tichondrius,384,priest,discipline,6,4,2
Aurajade,queldorei,384,priest,discipline,6,4,2
Mattgarska,tichondrius,384,priest,discipline,6,4,2
Clarity,arthas,384,priest,discipline,6,4,2
Sacredlight,malygos,384,priest,discipline,6,4,2
Yugewap,hyjal,384,priest,discipline,6,4,2
Soméone,sargeras,384,priest,discipline,6,4,2
Stepbrohelp,barthilas,384,priest,discipline,6,4,2
Merçy,zuljin,384,priest,discipline,6,4,2
Cency,tichondrius,384,priest,discipline,6,4,2
Holysmokesx,tichondrius,384,priest,discipline,6,4,2
Yea,shadow-council,384,priest,discipline,6,4,2
Jìtters,silvermoon,384,priest,discipline,6,4,2
Äni,sargeras,384,priest,discipline,6,4,2
Censyz,tichondrius,384,priest,discipline,6,4,2
Popeachini,sargeras,384,priest,discipline,6,4,2
Sñ,illidan,384,priest,discipline,6,4,2
Sebpriest,proudmoore,384,priest,discipline,6,4,2
Fûsoya,zuljin,384,priest,discipline,6,4,2
Binipriest,tichondrius,384,priest,discipline,6,4,2
Béépboop,tichondrius,384,priest,discipline,6,4,2
Soupbeanx,zuljin,384,priest,discipline,6,4,2
Bubbleboi,malganis,384,priest,discipline,6,4,2
Mswatermelon,malganis,384,priest,discipline,10,5,5
Pelagius,suramar,384,priest,discipline,9,4,5
Spliffs,tichondrius,384,priest,discipline,11,4,7
Dpsmercy,sargeras,384,priest,discipline,12,4,8
Ioudas,ragnaros,384,priest,discipline,12,4,8
Healbilli,archimonde,384,priest,discipline,12,4,8
Zaphfkiel,ragnaros,384,priest,discipline,12,4,8
Narodiz,nemesis,384,priest,discipline,12,4,8
ßoogey,tichondrius,384,priest,discipline,12,4,8
Slumpbusterx,bonechewer,384,priest,discipline,12,4,8
Disperse,sargeras,384,priest,discipline,12,4,8
Larisa,moon-guard,384,priest,discipline,12,4,8
Séxgodx,tichondrius,384,priest,discipline,12,4,8
Hysteria,dalaran,384,priest,discipline,12,4,8
Acpriest,tichondrius,384,priest,discipline,12,4,8
Shadowchaos,malganis,384,priest,discipline,12,4,8
Jonahas,sargeras,384,priest,discipline,12,4,8
Taipriest,frostmourne,384,priest,discipline,12,4,8
Yeeseafood,tichondrius,384,priest,discipline,12,4,8
Luciuz,tichondrius,384,priest,discipline,12,4,8
Squatrack,tichondrius,384,priest,discipline,12,4,8
Sìrena,tichondrius,384,priest,discipline,12,4,8
Etharass,illidan,384,priest,discipline,12,4,8
Goosepvp,tichondrius,384,priest,discipline,12,4,8
Holyshiitzz,illidan,384,priest,discipline,12,4,8
Echoos,proudmoore,384,priest,discipline,12,4,8
Aube,frostmourne,384,priest,discipline,15,4,11
Rainms,sargeras,384,priest,discipline,18,4,14
Tmpriest,tichondrius,384,priest,discipline,18,4,14
Kibariyb,drakkari,384,priest,discipline,18,4,14
Mirex,tichondrius,383,priest,discipline,6,4,2
Anakou,emerald-dream,383,priest,discipline,6,4,2
Primeevil,black-dragonflight,383,priest,discipline,6,4,2
Whatisholy,bleeding-hollow,383,priest,discipline,12,4,8
Goldenlilly,moon-guard,383,priest,discipline,12,4,8
Khinthazin,barthilas,382,priest,discipline,6,4,2
Alterboy,garrosh,382,priest,discipline,6,4,2
Burtier,zuljin,367,priest,discipline,11,4,7
Ems,dawnbringer,351,priest,discipline,11,4,7
Kuwapre,proudmoore,336,priest,discipline,9,5,4
Auxp,tichondrius,335,priest,discipline,11,4,7
Xiangjiao,tichondrius,330,priest,discipline,17,6,11
Shadowdaddy,barthilas,320,priest,discipline,10,4,6
Smarttakka,emerald-dream,319,priest,discipline,8,4,4
Klizzy,tichondrius,319,priest,discipline,14,4,10
Healmedaddyy,korgath,319,priest,discipline,14,4,10
Imamu,tichondrius,317,priest,discipline,23,11,12
Thekingheals,draenor,304,priest,discipline,11,5,6
Lusch,stormscale,303,priest,discipline,7,4,3
Kelody,zuljin,288,priest,discipline,6,3,3
Shadey,onyxia,288,priest,discipline,6,3,3
Minzyx,tichondrius,288,priest,discipline,6,3,3
Sojumike,proudmoore,288,priest,discipline,6,3,3
Calcifer,drakkari,288,priest,discipline,6,3,3
Bgundy,sargeras,288,priest,discipline,6,3,3
Adelda,nazjatar,288,priest,discipline,6,3,3
Haetas,zuljin,288,priest,discipline,6,3,3
Emmarîl,sargeras,288,priest,discipline,6,3,3
Blinxed,tichondrius,288,priest,discipline,6,3,3
Keyohh,tichondrius,288,priest,discipline,6,3,3
Riotgearmd,sargeras,288,priest,discipline,6,3,3
Kristyenna,boulderfist,288,priest,discipline,6,3,3
Criminalsp,frostmourne,288,priest,discipline,6,3,3
Bananass,sargeras,288,priest,discipline,6,3,3
Pinchevato,ragnaros,288,priest,discipline,6,3,3
Ryuuka,sargeras,288,priest,discipline,6,3,3
Bubblebeasst,area-52,288,priest,discipline,6,3,3
Nokizzgrizz,sargeras,288,priest,discipline,6,3,3
Vincejddp,zuljin,288,priest,discipline,6,3,3
Eîr,tichondrius,288,priest,discipline,6,3,3
Rexîfy,zuljin,288,priest,discipline,6,3,3
Icarryozz,darkspear,288,priest,discipline,6,3,3
Velandrys,earthen-ring,288,priest,discipline,6,3,3
Aupascamarad,tichondrius,288,priest,discipline,6,3,3
Stepxo,sargeras,288,priest,discipline,6,3,3
Sodezz,stormrage,288,priest,discipline,6,3,3
Jsuschristix,zuljin,288,priest,discipline,6,3,3
Nyxvoid,ragnaros,288,priest,discipline,6,3,3
Exanthrope,stormrage,288,priest,discipline,6,3,3
Oofx,darkspear,288,priest,discipline,6,3,3
Lemmiewinkzx,sargeras,288,priest,discipline,6,3,3
Germanica,area-52,288,priest,discipline,6,3,3
Krazyapollo,tichondrius,288,priest,discipline,6,3,3
Irar,tichondrius,288,priest,discipline,6,3,3
Methandrial,hyjal,288,priest,discipline,6,3,3
Dradinx,illidan,288,priest,discipline,6,3,3
Akewnón,stormrage,288,priest,discipline,6,3,3
Knez,ragnaros,288,priest,discipline,6,3,3
Onikûdaki,sargeras,288,priest,discipline,6,3,3
Boppdot,tichondrius,288,priest,discipline,6,3,3
Codiroli,tichondrius,288,priest,discipline,6,3,3
Psÿçhë,stormrage,288,priest,discipline,6,3,3
Badazzfrank,tichondrius,288,priest,discipline,6,3,3
Compxx,barthilas,288,priest,discipline,6,3,3
Xusin,tichondrius,288,priest,discipline,6,3,3
Doubtmyfaith,frostmourne,288,priest,discipline,6,3,3
Jjaeminkim,area-52,288,priest,discipline,6,3,3
Lookfig,frostmourne,288,priest,discipline,6,3,3
Blackdeathx,tichondrius,288,priest,discipline,6,3,3
Grafîx,frostmourne,288,priest,discipline,6,3,3
Såx,stormreaver,288,priest,discipline,6,3,3
Xiaz,lightbringer,288,priest,discipline,6,3,3
Valtres,tichondrius,288,priest,discipline,6,3,3
Oxicontin,sargeras,288,priest,discipline,6,3,3
Aikinorz,tichondrius,288,priest,discipline,6,3,3
Frotters,kiljaeden,288,priest,discipline,6,3,3
Zadae,area-52,288,priest,discipline,6,3,3
Zzavidwong,tichondrius,288,priest,discipline,6,3,3
Sabene,greymane,288,priest,discipline,6,3,3
Malavidax,malganis,288,priest,discipline,6,3,3
Ultradumb,ragnaros,288,priest,discipline,6,3,3
Kaiah,gorefiend,288,priest,discipline,6,3,3
Tarwow,moon-guard,288,priest,discipline,6,3,3
Dzpi,azralon,288,priest,discipline,6,3,3
Fatherfilth,frostwolf,288,priest,discipline,6,3,3
Havefaith,whisperwind,288,priest,discipline,6,3,3
Qenq,tichondrius,288,priest,discipline,6,3,3
Psyfriend,area-52,288,priest,discipline,6,3,3
Noveh,tichondrius,288,priest,discipline,6,3,3
Fausto,kiljaeden,288,priest,discipline,6,3,3
Chervz,chogall,288,priest,discipline,6,3,3
Quinnx,tichondrius,288,priest,discipline,6,3,3
Augustrox,ragnaros,288,priest,discipline,6,3,3
Jimmythedon,mugthol,288,priest,discipline,6,3,3
Àneres,illidan,288,priest,discipline,6,3,3
Nexp,tichondrius,288,priest,discipline,6,3,3
Vanco,tichondrius,288,priest,discipline,6,3,3
Ifortalot,lothar,288,priest,discipline,6,3,3
Zymmie,moon-guard,288,priest,discipline,6,3,3
Gaudthree,tichondrius,288,priest,discipline,6,3,3
Peaky,moonrunner,288,priest,discipline,6,3,3
Iamsatan,illidan,288,priest,discipline,6,3,3
Liteztvp,tichondrius,288,priest,discipline,6,3,3
Cromagnøn,dalaran,288,priest,discipline,6,3,3
Hail,kaelthas,288,priest,discipline,6,3,3
Supaflute,tichondrius,288,priest,discipline,6,3,3
Ibangedaqt,malganis,288,priest,discipline,6,3,3
Littlean,frostmourne,288,priest,discipline,6,3,3
Tooeasy,vashj,288,priest,discipline,6,3,3
Nikci,tichondrius,288,priest,discipline,6,3,3
Smirkinlive,illidan,288,priest,discipline,6,3,3
Bloodyx,bleeding-hollow,288,priest,discipline,6,3,3
Bernietopper,tichondrius,288,priest,discipline,6,3,3
Pilixil,bleeding-hollow,288,priest,discipline,6,3,3
Bunked,bleeding-hollow,288,priest,discipline,6,3,3
Kleiâ,tichondrius,288,priest,discipline,6,3,3
Krusheal,tichondrius,288,priest,discipline,6,3,3
Bakerstr,tichondrius,288,priest,discipline,6,3,3
Tomseleck,frostmourne,288,priest,discipline,6,3,3
Gawlas,azshara,288,priest,discipline,6,3,3
Sæýfír,illidan,288,priest,discipline,6,3,3
Däzzlë,quelthalas,288,priest,discipline,6,3,3
Jinzp,area-52,288,priest,discipline,6,3,3
Serenderpity,moon-guard,288,priest,discipline,6,3,3
Dynopriest,kelthuzad,288,priest,discipline,6,3,3
Physics,frostmane,288,priest,discipline,6,3,3
Kathere,tichondrius,288,priest,discipline,6,3,3
Mks,barthilas,288,priest,discipline,6,3,3
Skwishee,illidan,288,priest,discipline,6,3,3
Jexso,tichondrius,288,priest,discipline,6,3,3
Albertth,ragnaros,288,priest,discipline,12,3,9
Growth,fizzcrank,288,priest,discipline,12,3,9
Die,crushridge,288,priest,discipline,12,3,9
Realheal,tichondrius,288,priest,discipline,12,3,9
Chaddadbod,emerald-dream,288,priest,discipline,12,3,9
Sportsgloss,tichondrius,288,priest,discipline,12,3,9
Paztech,arthas,288,priest,discipline,12,3,9
Kurnak,arthas,288,priest,discipline,12,3,9
Bachaterah,skullcrusher,288,priest,discipline,12,3,9
Quartzolio,azralon,288,priest,discipline,12,3,9
Zsofi,rivendare,288,priest,discipline,12,3,9
Lumia,quelthalas,288,priest,discipline,12,3,9
Bån,ragnaros,288,priest,discipline,12,3,9
Abefromann,sargeras,288,priest,discipline,12,3,9
Slackinhealz,thrall,288,priest,discipline,12,3,9
Oniizanagi,thrall,288,priest,discipline,12,3,9
Shenanígans,malganis,288,priest,discipline,12,3,9
Peristalsis,nesingwary,288,priest,discipline,12,3,9
Islada,illidan,288,priest,discipline,12,3,9
Gloomswrath,illidan,288,priest,discipline,12,3,9
Sâishâ,proudmoore,288,priest,discipline,18,3,15
Mortecraft,sargeras,287,priest,discipline,6,3,3
Sadury,tichondrius,287,priest,discipline,6,3,3
Psïren,quelthalas,287,priest,discipline,6,3,3
Solzal,korgath,287,priest,discipline,6,3,3
Bigdaddyku,hyjal,287,priest,discipline,6,3,3
Deehilie,illidan,287,priest,discipline,6,3,3
Kagayaku,aegwynn,287,priest,discipline,12,3,9
Oogs,tichondrius,271,priest,discipline,17,3,14
Plaguepumper,sargeras,255,priest,discipline,11,3,8
Stormlighter,proudmoore,255,priest,discipline,11,3,8
Swagacious,malganis,240,priest,discipline,7,4,3
Jtheals,illidan,239,priest,discipline,5,3,2
Mawwt,moon-guard,239,priest,discipline,5,3,2
Ankhxiety,area-52,234,priest,discipline,8,4,4
Toxictampax,azjolnerub,224,priest,discipline,10,3,7
Zaemyn,dalaran,223,priest,discipline,8,3,5
Jedrick,malganis,192,priest,discipline,4,3,1
Tedesq,stormrage,192,priest,discipline,9,3,6
Príest,nordrassil,192,priest,discipline,6,2,4
Gwendalynne,tichondrius,192,priest,discipline,6,2,4
Stennic,emerald-dream,192,priest,discipline,6,2,4
Nars,draka,192,priest,discipline,6,2,4
Pedialyte,kiljaeden,192,priest,discipline,6,2,4
Ôp,sargeras,192,priest,discipline,6,2,4
Lolkwtf,sargeras,192,priest,discipline,6,2,4
Bestwizardx,tichondrius,192,priest,discipline,6,2,4
Skêptic,tichondrius,192,priest,discipline,6,2,4
Justgoon,tichondrius,192,priest,discipline,6,2,4
Trienolone,emerald-dream,192,priest,discipline,6,2,4
Chkashaa,emerald-dream,192,priest,discipline,6,2,4
Kustem,tichondrius,192,priest,discipline,6,2,4
Pimeharder,tichondrius,192,priest,discipline,6,2,4
Coffeek,sargeras,192,priest,discipline,6,2,4
Faxingberlin,sargeras,192,priest,discipline,6,2,4
Schadên,wyrmrest-accord,192,priest,discipline,6,2,4
Slenden,illidan,192,priest,discipline,6,2,4
Novakaynersj,anetheron,192,priest,discipline,6,2,4
Hypes,korgath,192,priest,discipline,6,2,4
Tyrea,kiljaeden,192,priest,discipline,6,2,4
Cub,darkspear,192,priest,discipline,6,2,4
Jqueryy,tichondrius,192,priest,discipline,6,2,4
Coldstone,bloodhoof,192,priest,discipline,6,2,4
Xerzosh,area-52,192,priest,discipline,6,2,4
Mywifesaidno,sargeras,192,priest,discipline,6,2,4
Lynnar,stormrage,192,priest,discipline,6,2,4
Makeshiftz,zuljin,192,priest,discipline,6,2,4
Gðttlich,stormrage,192,priest,discipline,6,2,4
Jpgpng,tichondrius,192,priest,discipline,6,2,4
Mygameslaggy,area-52,192,priest,discipline,6,2,4
Nejisaiyan,sargeras,192,priest,discipline,6,2,4
Easywins,sargeras,192,priest,discipline,6,2,4
Vivø,nemesis,192,priest,discipline,6,2,4
Holydrop,sargeras,192,priest,discipline,6,2,4
Dabrat,darkspear,192,priest,discipline,6,2,4
Drerrdaytv,kelthuzad,192,priest,discipline,6,2,4
Icychain,area-52,192,priest,discipline,6,2,4
Altaeres,tichondrius,192,priest,discipline,6,2,4
Goatedhp,dalaran,192,priest,discipline,6,2,4
Kaeruz,stormrage,192,priest,discipline,6,2,4
Dilonpi,area-52,192,priest,discipline,6,2,4
Robbailey,dalvengyr,192,priest,discipline,6,2,4
Langyi,tichondrius,192,priest,discipline,6,2,4
Dëàthwîsh,tichondrius,192,priest,discipline,6,2,4
Keaina,malganis,192,priest,discipline,6,2,4
Ajazz,zuljin,192,priest,discipline,6,2,4
Padragon,tichondrius,192,priest,discipline,6,2,4
Cheekypriest,stormrage,192,priest,discipline,6,2,4
Tooziq,stormrage,192,priest,discipline,6,2,4
Falsity,kelthuzad,192,priest,discipline,6,2,4
Roivas,bleeding-hollow,192,priest,discipline,6,2,4
Penicilin,terokkar,192,priest,discipline,6,2,4
Plaguesus,dalaran,192,priest,discipline,6,2,4
Discbubbles,moonrunner,192,priest,discipline,6,2,4
Stiffmeister,bleeding-hollow,192,priest,discipline,6,2,4
Holyshafted,kelthuzad,192,priest,discipline,6,2,4
Goosemongler,bleeding-hollow,192,priest,discipline,6,2,4
Kimbeloria,bleeding-hollow,192,priest,discipline,6,2,4
Mindgoblin,terokkar,192,priest,discipline,6,2,4
Noteenurse,blackrock,192,priest,discipline,6,2,4
Giveheadpats,moon-guard,192,priest,discipline,6,2,4
Nevertelsp,malganis,192,priest,discipline,6,2,4
Shalther,thrall,192,priest,discipline,6,2,4
Glitterballs,khazgoroth,192,priest,discipline,6,2,4
Helarix,malganis,192,priest,discipline,6,2,4
Syncope,garona,192,priest,discipline,6,2,4
Troja,malganis,192,priest,discipline,6,2,4
Londog,vashj,192,priest,discipline,6,2,4
Mashpotato,aerie-peak,192,priest,discipline,6,2,4
Spampws,aerie-peak,192,priest,discipline,6,2,4
Rondrica,stormscale,192,priest,discipline,6,2,4
Budheals,spirestone,192,priest,discipline,6,2,4
Gödtier,frostwolf,192,priest,discipline,6,2,4
Powerwordzz,dragonmaw,192,priest,discipline,6,2,4
Shastea,crushridge,192,priest,discipline,6,2,4
Repriest,malganis,192,priest,discipline,6,2,4
Tëmpting,moon-guard,192,priest,discipline,6,2,4
Bailez,malganis,192,priest,discipline,6,2,4
Linarindil,hyjal,192,priest,discipline,6,2,4
Genevieve,aggramar,192,priest,discipline,6,2,4
Rbmxp,barthilas,192,priest,discipline,6,2,4
Smallz,silvermoon,192,priest,discipline,6,2,4
Hankspank,hakkar,192,priest,discipline,6,2,4
Prff,ragnaros,192,priest,discipline,6,2,4
Myeryc,frostmourne,192,priest,discipline,6,2,4
Lunarras,aggramar,192,priest,discipline,6,2,4
Tshik,ragnaros,192,priest,discipline,6,2,4
Brokennurse,area-52,192,priest,discipline,7,2,5
Forober,queldorei,192,priest,discipline,15,3,12
Bigchip,sargeras,192,priest,discipline,12,2,10
Feff,shuhalo,192,priest,discipline,12,2,10
Kitenix,proudmoore,192,priest,discipline,12,2,10
Bolognypony,norgannon,192,priest,discipline,12,2,10
Kagemetsu,sargeras,192,priest,discipline,12,2,10
Grâfix,barthilas,192,priest,discipline,12,2,10
Fiéstah,illidan,192,priest,discipline,12,2,10
Lûdløw,kelthuzad,192,priest,discipline,12,2,10
Väin,proudmoore,191,priest,discipline,6,2,4
Mynigajeff,zuljin,185,priest,discipline,14,4,10
Gabuncher,barthilas,175,priest,discipline,11,2,9
Akåsha,zuljin,175,priest,discipline,11,2,9
Futatsi,zuljin,159,priest,discipline,5,2,3
Dinogingy,lightbringer,159,priest,discipline,5,2,3
Xpera,dalaran,159,priest,discipline,5,2,3
Pochis,bleeding-hollow,159,priest,discipline,8,3,5
Eluko,tichondrius,144,priest,discipline,3,3,0
Yayoo,exodar,144,priest,discipline,9,2,7
Rosabell,ragnaros,144,priest,discipline,9,2,7
Prayanmantis,tichondrius,138,priest,discipline,8,3,5
Brock,lightbringer,138,priest,discipline,9,3,6
Ariadneminos,illidan,138,priest,discipline,11,3,8
Wrathchildd,azralon,96,priest,discipline,3,2,1
Plaguebaby,stormrage,96,priest,discipline,3,2,1
Waterßoÿ,emerald-dream,96,priest,discipline,3,2,1
Clergy,arthas,96,priest,discipline,6,1,5
Ndz,wyrmrest-accord,96,priest,discipline,6,1,5
Runecarver,anvilmar,96,priest,discipline,6,1,5
Veiveilol,tichondrius,96,priest,discipline,6,1,5
Cenzlyor,arthas,96,priest,discipline,6,1,5
Sukeena,malganis,96,priest,discipline,6,1,5
Dokthekim,frostmourne,96,priest,discipline,6,1,5
Sauile,kelthuzad,96,priest,discipline,6,1,5
Moonideli,moon-guard,96,priest,discipline,6,1,5
Fades,hellscream,96,priest,discipline,6,1,5
Priestmika,illidan,96,priest,discipline,6,1,5
Lildes,tichondrius,96,priest,discipline,6,1,5
Chewboppa,zuljin,96,priest,discipline,6,1,5
Common,tichondrius,96,priest,discipline,6,1,5
Mêga,illidan,96,priest,discipline,6,1,5
Bunnychloe,sargeras,96,priest,discipline,6,1,5
Xora,frostmourne,96,priest,discipline,6,1,5
Thasar,azgalor,96,priest,discipline,6,1,5
Apbrady,sargeras,96,priest,discipline,6,1,5
Oymay,illidan,96,priest,discipline,6,1,5
Maomaoangel,tichondrius,96,priest,discipline,6,1,5
Frazzysparks,stormrage,96,priest,discipline,6,1,5
Someonesxy,aggramar,96,priest,discipline,6,1,5
Lenigrast,blackrock,96,priest,discipline,6,1,5
Keynnish,sargeras,96,priest,discipline,6,1,5
Papabrokuttv,sargeras,96,priest,discipline,6,1,5
Scenekîd,moon-guard,96,priest,discipline,6,1,5
Gustavustus,barthilas,96,priest,discipline,6,1,5
Ragretsxo,darkspear,96,priest,discipline,6,1,5
Srazul,azralon,96,priest,discipline,6,1,5
Yessír,stormrage,96,priest,discipline,6,1,5
Edessa,lothar,96,priest,discipline,6,1,5
Namemetwo,malganis,96,priest,discipline,6,1,5
Lumies,tichondrius,96,priest,discipline,6,1,5
Powerwordqt,kalecgos,96,priest,discipline,6,1,5
Snotanygood,alleria,96,priest,discipline,6,1,5
Fatherwyatt,bleeding-hollow,96,priest,discipline,6,1,5
Galice,archimonde,96,priest,discipline,6,1,5
Snackermz,tichondrius,96,priest,discipline,6,1,5
Sussywussy,stormrage,96,priest,discipline,6,1,5
Regzi,stormrage,96,priest,discipline,6,1,5
Nineoneoneh,stormrage,96,priest,discipline,6,1,5
Ketone,malganis,96,priest,discipline,6,1,5
Gringotaco,tichondrius,96,priest,discipline,6,1,5
Torgasm,frostmourne,96,priest,discipline,6,1,5
Médíc,dalaran,96,priest,discipline,6,1,5
Ilikis,tichondrius,96,priest,discipline,6,1,5
Jaster,proudmoore,96,priest,discipline,8,1,7
Kuriyasu,emerald-dream,96,priest,discipline,9,1,8
Mallzahar,darkspear,96,priest,discipline,12,1,11
Dawnside,wyrmrest-accord,96,priest,discipline,12,1,11
Marpi,quelthalas,96,priest,discipline,12,1,11
Felixfire,moon-guard,96,priest,discipline,12,1,11
Timéo,zuljin,96,priest,discipline,18,1,17
Kflexx,hydraxis,96,priest,discipline,18,1,17
Mixxd,shuhalo,95,priest,discipline,6,1,5
Flexeggette,illidan,84,priest,discipline,13,4,9
Kafarmer,frostmourne,79,priest,discipline,5,1,4
Itssehctap,chogall,63,priest,discipline,2,2,0
Londy,area-52,42,priest,discipline,16,3,13
Paidtowin,frostmourne,31,priest,discipline,2,1,1
Rymzxx,ragnaros,31,priest,discipline,2,1,1
Iseeyoulookn,stormrage,31,priest,discipline,2,1,1
Oneinurdome,moknathal,31,priest,discipline,2,1,1
Nås,elune,31,priest,discipline,2,1,1
Jennaôrtega,tichondrius,2258,priest,shadow,78,50,28
Yeazy,stormrage,2252,priest,shadow,84,48,36
Orchidp,tichondrius,2149,priest,shadow,66,50,16
Yeona,tichondrius,2107,priest,shadow,89,51,38
Kottun,stormrage,2081,priest,shadow,60,36,24
Bayter,frostmourne,2060,priest,shadow,103,56,47
Edd,tichondrius,2054,priest,shadow,77,39,38
Mearas,kelthuzad,2037,priest,shadow,70,41,29
Knowknow,tichondrius,2013,priest,shadow,108,57,51
Blax,stormscale,1977,priest,shadow,60,35,25
Soapee,illidan,1961,priest,shadow,84,45,39
Lìám,frostmourne,1960,priest,shadow,117,62,55
Viyana,stormrage,1956,priest,shadow,102,52,50
Kishoengi,sargeras,1945,priest,shadow,56,34,22
Vtp,frostmourne,1945,priest,shadow,48,28,20
Dyrr,barthilas,1934,priest,shadow,66,33,33
Ejr,altar-of-storms,1894,priest,shadow,60,30,30
Stinkiez,area-52,1885,priest,shadow,56,33,23
Brickzyhehe,dalaran,1881,priest,shadow,57,33,24
Sin,guldan,1877,priest,shadow,111,64,47
Scandi,tichondrius,1873,priest,shadow,42,25,17
Katallyst,tichondrius,1865,priest,shadow,53,28,25
Eradication,frostmourne,1863,priest,shadow,46,33,13
Gâdzêd,kelthuzad,1856,priest,shadow,39,27,12
Itkev,area-52,1854,priest,shadow,35,27,8
Kiriko,mannoroth,1851,priest,shadow,53,33,20
Zlowbly,ragnaros,1850,priest,shadow,65,37,28
Sapoopettas,quelthalas,1845,priest,shadow,54,26,28
Zçythe,tichondrius,1844,priest,shadow,54,28,26
Sleepynuj,stormrage,1838,priest,shadow,42,32,10
Louloudots,malganis,1835,priest,shadow,60,31,29
Laundryday,korgath,1828,priest,shadow,57,29,28
Giriosp,thrall,1827,priest,shadow,31,22,9
Mythsnake,ragnaros,1819,priest,shadow,43,25,18
Spamndam,tichondrius,1815,priest,shadow,24,19,5
Omenx,emerald-dream,1814,priest,shadow,30,19,11
Melonsoda,stormrage,1813,priest,shadow,48,26,22
Axelrod,tichondrius,1810,priest,shadow,42,27,15
Greaterfade,stormrage,1810,priest,shadow,48,26,22
Crbandit,moon-guard,1809,priest,shadow,55,42,13
Girthed,bloodscalp,1809,priest,shadow,56,36,20
Griffsp,sargeras,1805,priest,shadow,83,40,43
Panndaz,tichondrius,1803,priest,shadow,30,19,11
Estéve,wyrmrest-accord,1803,priest,shadow,65,33,32
Soyul,tichondrius,1795,priest,shadow,66,38,28
Bagjoe,illidan,1794,priest,shadow,44,27,17
Cixelpvp,area-52,1794,priest,shadow,48,24,24
Yb,kelthuzad,1787,priest,shadow,48,29,19
Jojotwo,illidan,1777,priest,shadow,54,27,27
Xiaozhui,tichondrius,1758,priest,shadow,36,20,16
Shelize,kirin-tor,1745,priest,shadow,41,23,18
Zhiwanam,tichondrius,1744,priest,shadow,53,31,22
Geovanni,barthilas,1744,priest,shadow,47,25,22
Zachlol,area-52,1739,priest,shadow,41,24,17
Echoos,proudmoore,1734,priest,shadow,30,19,11
Evx,demon-soul,1733,priest,shadow,78,43,35
Vil,lightnings-blade,1732,priest,shadow,48,26,22
Ombravuota,blades-edge,1724,priest,shadow,39,23,16
Giveheadpats,moon-guard,1722,priest,shadow,74,48,26
Hollister,illidan,1720,priest,shadow,90,51,39
Safe,illidan,1719,priest,shadow,79,45,34
Techbadar,tichondrius,1718,priest,shadow,48,24,24
Palmerin,ravencrest,1713,priest,shadow,57,31,26
Amarexlol,stormrage,1701,priest,shadow,48,30,18
Kuraga,bleeding-hollow,1700,priest,shadow,144,75,69
Emopriestqt,tichondrius,1695,priest,shadow,45,28,17
Ðantex,thrall,1693,priest,shadow,64,34,30
Evenly,tichondrius,1683,priest,shadow,54,28,26
Arobahn,tichondrius,1682,priest,shadow,36,20,16
Skrillô,emerald-dream,1674,priest,shadow,36,19,17
Zlips,frostmourne,1672,priest,shadow,35,18,17
Mushill,tichondrius,1662,priest,shadow,48,26,22
Snozberry,malganis,1661,priest,shadow,42,21,21
Edai,malganis,1652,priest,shadow,34,22,12
Desaros,tichondrius,1651,priest,shadow,36,23,13
Priestine,dreadmaul,1651,priest,shadow,60,34,26
Kalantris,ragnaros,1646,priest,shadow,49,29,20
Deadsp,thrall,1646,priest,shadow,62,31,31
Ysuran,moon-guard,1626,priest,shadow,55,31,24
Peggable,moon-guard,1615,priest,shadow,30,17,13
Brokentrojan,moon-guard,1611,priest,shadow,36,17,19
Sênju,thrall,1606,priest,shadow,36,17,19
Crazyherb,azralon,1599,priest,shadow,48,30,18
Wenger,crushridge,1592,priest,shadow,54,28,26
Lauretânia,nemesis,1586,priest,shadow,30,19,11
Littlewench,sargeras,1582,priest,shadow,31,19,12
Voiders,area-52,1578,priest,shadow,68,44,24
Scalpell,tichondrius,1571,priest,shadow,58,31,27
Sorrentin,ragnaros,1566,priest,shadow,58,31,27
Pestee,quelthalas,1555,priest,shadow,53,35,18
Softs,area-52,1549,priest,shadow,83,42,41
Khelleya,moon-guard,1547,priest,shadow,30,18,12
Ezrashade,tichondrius,1544,priest,shadow,53,27,26
Aethestan,zuljin,1544,priest,shadow,41,18,23
Xayp,kelthuzad,1542,priest,shadow,40,32,8
Meehx,illidan,1541,priest,shadow,42,23,19
Bandages,stormreaver,1533,priest,shadow,32,18,14
Holydose,moon-guard,1532,priest,shadow,36,16,20
Mealmassttr,frostmourne,1531,priest,shadow,36,18,18
Plaguesus,dalaran,1529,priest,shadow,24,16,8
Hotphoyou,moon-guard,1529,priest,shadow,48,31,17
Purpskurp,stormrage,1525,priest,shadow,42,20,22
Lowkii,malfurion,1522,priest,shadow,36,28,8
Dildocrates,darkspear,1518,priest,shadow,30,16,14
Márceline,stormrage,1514,priest,shadow,60,37,23
Manifestor,illidan,1505,priest,shadow,50,29,21
Habann,frostmourne,1504,priest,shadow,53,31,22
Onegil,tichondrius,1503,priest,shadow,57,32,25
Shalla,blackrock,1502,priest,shadow,30,16,14
Alex,boulderfist,1501,priest,shadow,30,18,12
Cavaliersr,ragnaros,1488,priest,shadow,36,19,17
Nekroscream,queldorei,1481,priest,shadow,29,16,13
Manic,skywall,1477,priest,shadow,36,18,18
Antìdote,tichondrius,1474,priest,shadow,74,42,32
Dipírex,azralon,1472,priest,shadow,72,37,35
Saintpleb,sargeras,1459,priest,shadow,24,17,7
Fritzi,shattered-hand,1456,priest,shadow,30,17,13
Holytalk,tichondrius,1437,priest,shadow,30,15,15
Marantbourge,frostmourne,1435,priest,shadow,39,22,17
Iogical,kelthuzad,1433,priest,shadow,53,33,20
Deeaann,tichondrius,1433,priest,shadow,48,25,23
Jomm,area-52,1428,priest,shadow,33,16,17
Rida,zuljin,1424,priest,shadow,30,20,10
Voidshift,tichondrius,1414,priest,shadow,35,17,18
Jeanbi,ragnaros,1412,priest,shadow,30,19,11
Voidazepam,zuljin,1404,priest,shadow,30,15,15
Auttø,area-52,1390,priest,shadow,27,15,12
Lilmix,hydraxis,1388,priest,shadow,35,22,13
Plzdontlos,hyjal,1388,priest,shadow,24,15,9
Sarâda,moon-guard,1387,priest,shadow,60,27,33
Fäÿë,tichondrius,1386,priest,shadow,48,23,25
Whitehandpr,tichondrius,1385,priest,shadow,36,15,21
Wongÿ,tichondrius,1377,priest,shadow,24,20,4
Londy,area-52,1373,priest,shadow,110,51,59
Thelordx,barthilas,1369,priest,shadow,30,15,15
Fig,nazgrel,1365,priest,shadow,36,15,21
Mamofwar,arthas,1353,priest,shadow,60,28,32
Swungzebra,stormrage,1352,priest,shadow,24,16,8
Mindboink,malganis,1346,priest,shadow,25,17,8
Kilal,sargeras,1346,priest,shadow,24,16,8
Cmg,sargeras,1344,priest,shadow,24,14,10
Flay,dragonmaw,1342,priest,shadow,18,14,4
Idiotgarbage,moon-guard,1340,priest,shadow,24,14,10
Exoticfather,area-52,1339,priest,shadow,30,14,16
Vashrapani,stormrage,1335,priest,shadow,24,14,10
Insanity,azuremyst,1329,priest,shadow,30,14,16
Frorgnence,stormrage,1328,priest,shadow,24,16,8
Fïo,proudmoore,1317,priest,shadow,30,14,16
Timreaper,barthilas,1311,priest,shadow,35,21,14
Uncletouches,thrall,1303,priest,shadow,30,14,16
Puppyboyx,moon-guard,1292,priest,shadow,29,14,15
Snuffp,sargeras,1270,priest,shadow,30,18,12
Impérial,stormrage,1266,priest,shadow,44,28,16
Kovie,twisting-nether,1265,priest,shadow,22,15,7
Bastét,skullcrusher,1258,priest,shadow,27,16,11
Greyyan,wyrmrest-accord,1258,priest,shadow,65,34,31
Woodney,ragnaros,1248,priest,shadow,18,13,5
Yberisa,zuljin,1247,priest,shadow,18,13,5
Headbrake,malganis,1246,priest,shadow,24,13,11
Krazé,tichondrius,1245,priest,shadow,18,13,5
Snookp,kiljaeden,1242,priest,shadow,28,14,14
Pepps,proudmoore,1234,priest,shadow,24,13,11
Voidscrypt,thrall,1232,priest,shadow,42,25,17
Xedus,mannoroth,1217,priest,shadow,22,14,8
Ancene,illidan,1211,priest,shadow,30,15,15
Shén,barthilas,1202,priest,shadow,53,34,19
Nevertelsp,malganis,1183,priest,shadow,17,13,4
Chinchillin,demon-soul,1164,priest,shadow,36,20,16
Delbringer,moon-guard,1161,priest,shadow,19,13,6
Stresscube,tichondrius,1151,priest,shadow,22,13,9
Tomcruisé,zuljin,1151,priest,shadow,24,12,12
Derisha,ragnaros,1150,priest,shadow,18,12,6
Irasponsible,stormrage,1150,priest,shadow,26,12,14
Nuggs,mannoroth,1149,priest,shadow,24,12,12
Graviton,tichondrius,1148,priest,shadow,18,12,6
Ouazzane,magtheridon,1148,priest,shadow,18,12,6
Bigmollet,tichondrius,1147,priest,shadow,24,12,12
Slasheal,caelestrasz,1147,priest,shadow,24,12,12
Aflstan,frostmourne,1146,priest,shadow,45,27,18
Marni,akama,1143,priest,shadow,18,12,6
Stusy,tichondrius,1141,priest,shadow,17,13,4
ßroßraßroski,sargeras,1138,priest,shadow,18,12,6
Mindslips,tichondrius,1099,priest,shadow,27,13,14
Mamísonga,ragnaros,1087,priest,shadow,20,12,8
Manofmystery,drenden,1071,priest,shadow,17,12,5
Poague,area-52,1056,priest,shadow,18,11,7
Eunu,tichondrius,1056,priest,shadow,21,12,9
Tamajka,the-forgotten-coast,1056,priest,shadow,21,12,9
Patagoniabae,kelthuzad,1055,priest,shadow,12,11,1
Voidkay,tichondrius,1055,priest,shadow,12,11,1
Plztrainme,spinebreaker,1055,priest,shadow,18,11,7
Pesca,proudmoore,1055,priest,shadow,18,11,7
Talbadar,tichondrius,1055,priest,shadow,18,11,7
Nvøsuperstar,zuljin,1055,priest,shadow,24,11,13
Shadowblastx,sargeras,1053,priest,shadow,18,11,7
Ratleen,malganis,1053,priest,shadow,30,11,19
Azagthøth,ravenholdt,1051,priest,shadow,24,11,13
Harisleidy,quelthalas,1050,priest,shadow,18,11,7
Swp,sargeras,1047,priest,shadow,18,11,7
Bigboyadam,frostmourne,1040,priest,shadow,16,12,4
Synergize,korgath,1034,priest,shadow,24,11,13
Galice,archimonde,1009,priest,shadow,24,12,12
Jhivagosp,tichondrius,988,priest,shadow,22,11,11
Mmrassassin,stormrage,960,priest,shadow,12,10,2
Welplayedman,emerald-dream,960,priest,shadow,12,10,2
Claudiosip,tichondrius,960,priest,shadow,12,10,2
Expr,area-52,960,priest,shadow,12,10,2
Gelato,velen,960,priest,shadow,18,10,8
Apbrady,sargeras,960,priest,shadow,24,10,14
Synergia,drakkari,959,priest,shadow,12,10,2
Healtheze,kelthuzad,959,priest,shadow,12,10,2
Xtradotz,tichondrius,959,priest,shadow,18,10,8
Disxlyec,barthilas,959,priest,shadow,18,10,8
Wafflezsp,frostmourne,959,priest,shadow,24,10,14
Ightdoe,zuljin,958,priest,shadow,12,10,2
Porffy,malygos,958,priest,shadow,18,10,8
Dillydackx,sargeras,958,priest,shadow,18,10,8
Nightcráwler,illidan,957,priest,shadow,18,10,8
Gankdalf,draktharon,955,priest,shadow,18,10,8
Urmorphine,area-52,948,priest,shadow,42,19,23
Yoggsarodney,tichondrius,880,priest,shadow,13,10,3
Cheesëburg,illidan,864,priest,shadow,18,9,9
Terý,dalaran,864,priest,shadow,18,9,9
Yenïza,illidan,864,priest,shadow,24,9,15
Krytical,illidan,863,priest,shadow,12,9,3
Darkshadows,ravenholdt,863,priest,shadow,12,9,3
Stepho,dalaran,863,priest,shadow,18,9,9
Ellindria,spinebreaker,863,priest,shadow,18,9,9
Kadralin,illidan,863,priest,shadow,18,9,9
Ðecease,thrall,863,priest,shadow,18,9,9
Nexumbra,dunemaul,863,priest,shadow,18,9,9
Constentien,tichondrius,862,priest,shadow,18,9,9
Melas,stormrage,861,priest,shadow,24,9,15
Viejiyoh,ragnaros,860,priest,shadow,18,9,9
Øvøxø,emerald-dream,816,priest,shadow,21,10,11
Kwõnc,tichondrius,799,priest,shadow,11,9,2
Chenny,darkspear,798,priest,shadow,14,9,5
Saintjudys,tichondrius,768,priest,shadow,12,8,4
Remixsp,malganis,768,priest,shadow,12,8,4
Solstunn,moon-guard,768,priest,shadow,12,8,4
Clownface,tichondrius,768,priest,shadow,12,8,4
Bobbyvagene,area-52,768,priest,shadow,12,8,4
Bubblepop,blackhand,768,priest,shadow,12,8,4
Lastbubble,area-52,768,priest,shadow,12,8,4
Hástür,quelthalas,768,priest,shadow,18,8,10
Deacoderx,area-52,768,priest,shadow,18,8,10
Mikó,dawnbringer,768,priest,shadow,18,8,10
Madcaddies,bonechewer,768,priest,shadow,18,8,10
Darkvagician,malganis,768,priest,shadow,18,8,10
Rhoku,nesingwary,767,priest,shadow,12,8,4
Frankeebutt,stormrage,767,priest,shadow,12,8,4
Zyræl,stormrage,767,priest,shadow,12,8,4
Hairyboxx,frostmourne,767,priest,shadow,12,8,4
Cheez,tichondrius,767,priest,shadow,18,8,10
Priestzerath,azralon,767,priest,shadow,18,8,10
Chinkatron,frostmourne,767,priest,shadow,18,8,10
Krypts,shadow-council,766,priest,shadow,12,8,4
Jinzan,stormrage,766,priest,shadow,18,8,10
Kuazi,khazgoroth,766,priest,shadow,30,8,22
Antoz,kelthuzad,763,priest,shadow,12,8,4
Drkwispers,stormrage,762,priest,shadow,18,8,10
Zolgeta,exodar,760,priest,shadow,12,8,4
Battlepope,the-scryers,755,priest,shadow,20,9,11
Memoria,emerald-dream,751,priest,shadow,15,9,6
Xmewo,sargeras,751,priest,shadow,17,8,9
Meegoshy,azuremyst,718,priest,shadow,17,8,9
Imabeast,stormrage,703,priest,shadow,18,9,9
Iuka,emerald-dream,672,priest,shadow,12,7,5
Moonlightx,destromath,672,priest,shadow,12,7,5
Pengwinxl,agamaggan,672,priest,shadow,12,7,5
Scarabless,bleeding-hollow,672,priest,shadow,12,7,5
Grëýmåttèr,moon-guard,672,priest,shadow,12,7,5
Smitepie,malganis,672,priest,shadow,12,7,5
Bucksp,zuljin,672,priest,shadow,12,7,5
Sigx,area-52,672,priest,shadow,12,7,5
Raptorjésus,azjolnerub,672,priest,shadow,12,7,5
Didy,dark-iron,672,priest,shadow,12,7,5
Fatzoid,the-forgotten-coast,672,priest,shadow,12,7,5
Yayonaise,tichondrius,672,priest,shadow,12,7,5
Chês,tichondrius,672,priest,shadow,24,7,17
Shadyvoodoo,barthilas,671,priest,shadow,12,7,5
Voltstein,dalaran,671,priest,shadow,12,7,5
Coors,lightnings-blade,671,priest,shadow,12,7,5
Darkrics,barthilas,671,priest,shadow,12,7,5
Ranthrough,tichondrius,671,priest,shadow,12,7,5
Deffaultz,turalyon,671,priest,shadow,18,7,11
Methandrial,hyjal,671,priest,shadow,18,7,11
Tonybromoo,kelthuzad,670,priest,shadow,12,7,5
Senumbra,tichondrius,670,priest,shadow,18,7,11
Locjawbe,area-52,623,priest,shadow,11,7,4
Aformoflove,tichondrius,607,priest,shadow,11,7,4
Ìforted,zuljin,587,priest,shadow,19,7,12
Malikeht,drakkari,576,priest,shadow,6,6,0
Rogspriest,sargeras,576,priest,shadow,6,6,0
Urelz,illidan,576,priest,shadow,6,6,0
Brokenspc,tichondrius,576,priest,shadow,6,6,0
Solrina,khazgoroth,576,priest,shadow,6,6,0
Pdfileclass,tichondrius,576,priest,shadow,6,6,0
Ilovealina,gorefiend,576,priest,shadow,6,6,0
Moonwald,moon-guard,576,priest,shadow,6,6,0
Dilly,tichondrius,576,priest,shadow,9,7,2
Dernièreplac,blackrock,576,priest,shadow,8,6,2
Korrà,turalyon,576,priest,shadow,12,6,6
Lostnlight,aggramar,576,priest,shadow,12,6,6
Evansong,frostmane,576,priest,shadow,12,6,6
Spriestbro,emerald-dream,576,priest,shadow,12,6,6
Shadowkr,tichondrius,576,priest,shadow,12,6,6
Sochron,stormrage,576,priest,shadow,12,6,6
Touchypriest,jaedenar,576,priest,shadow,12,6,6
Pootzy,malganis,576,priest,shadow,12,6,6
Iuvrainee,area-52,576,priest,shadow,12,6,6
Volkova,quelthalas,576,priest,shadow,12,6,6
Radicional,azralon,576,priest,shadow,12,6,6
Sodíum,wyrmrest-accord,576,priest,shadow,12,6,6
Ashidox,proudmoore,576,priest,shadow,12,6,6
Sped,saurfang,576,priest,shadow,12,6,6
Strwbrynaner,sargeras,576,priest,shadow,12,6,6
Occult,bloodscalp,576,priest,shadow,15,7,8
Ptam,tichondrius,576,priest,shadow,17,7,10
Ousïa,quelthalas,576,priest,shadow,18,6,12
Shadowflux,thunderlord,576,priest,shadow,18,6,12
Aeingel,amanthul,576,priest,shadow,18,6,12
Nishishabi,tichondrius,576,priest,shadow,18,6,12
Cykle,blackrock,576,priest,shadow,24,6,18
Crashed,frostmourne,575,priest,shadow,12,6,6
Shadzie,sargeras,575,priest,shadow,12,6,6
Xð,jubeithos,575,priest,shadow,12,6,6
Gannish,durotan,575,priest,shadow,12,6,6
Discountay,burning-legion,575,priest,shadow,12,6,6
Strokkerx,azralon,575,priest,shadow,12,6,6
Tyisanity,tichondrius,575,priest,shadow,18,6,12
Rotass,hyjal,559,priest,shadow,11,6,5
Thrageqt,sargeras,527,priest,shadow,11,6,5
Urspareparts,sargeras,526,priest,shadow,15,6,9
Pocket,alleria,512,priest,shadow,10,6,4
Machinecoach,stormrage,512,priest,shadow,16,6,10
Pristoleiro,azralon,480,priest,shadow,6,5,1
Rykispriest,tichondrius,480,priest,shadow,6,5,1
Aránhell,ragnaros,480,priest,shadow,6,5,1
Voltétt,tichondrius,480,priest,shadow,6,5,1
Megamind,elune,480,priest,shadow,6,5,1
Fiéstah,illidan,480,priest,shadow,6,5,1
Ðemi,zuljin,480,priest,shadow,6,5,1
Everblack,executus,480,priest,shadow,6,5,1
Chervz,chogall,480,priest,shadow,6,5,1
Royx,stormreaver,480,priest,shadow,12,5,7
Kibariyb,drakkari,480,priest,shadow,12,5,7
Skepix,lightbringer,480,priest,shadow,12,5,7
Moä,nemesis,480,priest,shadow,12,5,7
Pokeyoobutt,hydraxis,480,priest,shadow,12,5,7
Flukex,tichondrius,480,priest,shadow,12,5,7
Keepsleepin,stormrage,480,priest,shadow,12,5,7
Krelaeren,tichondrius,480,priest,shadow,12,5,7
Mortivore,azralon,480,priest,shadow,12,5,7
Cryptron,tichondrius,480,priest,shadow,12,5,7
Ascian,daggerspine,480,priest,shadow,12,5,7
Iseeyoulookn,stormrage,480,priest,shadow,12,5,7
Stillmatick,tichondrius,480,priest,shadow,16,6,10
Nedajoon,tichondrius,480,priest,shadow,17,6,11
Suicider,emerald-dream,480,priest,shadow,24,5,19
Ragnálodbrok,ragnaros,479,priest,shadow,12,5,7
Amestroada,nemesis,479,priest,shadow,12,5,7
Wolfeclipse,sargeras,479,priest,shadow,12,5,7
Antiraus,aerie-peak,478,priest,shadow,12,5,7
Wiiuwiiu,malganis,447,priest,shadow,11,5,6
Chewthefat,darkspear,447,priest,shadow,11,5,6
Forober,queldorei,446,priest,shadow,10,6,4
Jydge,tichondrius,431,priest,shadow,9,6,3
Reignsp,malganis,400,priest,shadow,7,5,2
Ampela,dalaran,400,priest,shadow,13,5,8
Nizr,bleeding-hollow,399,priest,shadow,5,5,0
Nås,elune,384,priest,shadow,6,4,2
Nums,tichondrius,384,priest,shadow,6,4,2
Gusho,frostmourne,384,priest,shadow,6,4,2
Uploading,moon-guard,384,priest,shadow,6,4,2
Bearoom,frostmourne,384,priest,shadow,6,4,2
Lillyp,malganis,384,priest,shadow,6,4,2
Ramaven,arygos,384,priest,shadow,6,4,2
Nodoubt,barthilas,384,priest,shadow,6,4,2
Icarryozz,darkspear,384,priest,shadow,6,4,2
Duhk,moon-guard,384,priest,shadow,6,4,2
Despairx,tichondrius,384,priest,shadow,6,4,2
Jah,frostmourne,384,priest,shadow,6,4,2
Killían,darkspear,384,priest,shadow,6,4,2
Mentalprison,khazgoroth,384,priest,shadow,6,4,2
Ciem,tichondrius,384,priest,shadow,6,4,2
Disemble,illidan,384,priest,shadow,6,4,2
Tiinkerbell,moon-guard,384,priest,shadow,6,4,2
Shadeven,nagrand,384,priest,shadow,6,4,2
Iluvwizkx,malganis,384,priest,shadow,6,4,2
Delai,dalaran,384,priest,shadow,6,4,2
Ikiteforhash,zuljin,384,priest,shadow,6,4,2
Shieldspamx,tichondrius,384,priest,shadow,6,4,2
Metricdotem,terenas,384,priest,shadow,6,4,2
Blackoss,sargeras,384,priest,shadow,6,4,2
Chicoryx,illidan,384,priest,shadow,6,4,2
Airil,mugthol,384,priest,shadow,6,4,2
Whosjoe,tichondrius,384,priest,shadow,6,4,2
Bax,kilrogg,384,priest,shadow,6,4,2
Metasp,sargeras,384,priest,shadow,6,4,2
Mfn,deathwing,384,priest,shadow,11,4,7
Elogant,frostmourne,384,priest,shadow,12,4,8
Vaeryl,stormrage,384,priest,shadow,12,4,8
Azheel,stormrage,384,priest,shadow,12,4,8
Likeleela,azshara,384,priest,shadow,12,4,8
Finfangfoom,laughing-skull,384,priest,shadow,12,4,8
Deathbyhot,gorefiend,384,priest,shadow,12,4,8
Himikko,illidan,384,priest,shadow,12,4,8
Tokaru,frostmourne,384,priest,shadow,12,4,8
Dialis,frostmourne,384,priest,shadow,12,4,8
Phubar,stormreaver,384,priest,shadow,12,4,8
Dotdotwin,illidan,384,priest,shadow,12,4,8
Holydrop,sargeras,384,priest,shadow,12,4,8
Swurvexo,bleeding-hollow,384,priest,shadow,12,4,8
Drossv,shadowmoon,384,priest,shadow,12,4,8
Vílja,moon-guard,384,priest,shadow,15,4,11
Whisper,zuljin,383,priest,shadow,12,4,8
Jammý,barthilas,383,priest,shadow,12,4,8
Kkpriest,frostmourne,382,priest,shadow,6,4,2
Geulis,illidan,382,priest,shadow,12,4,8
Maldicius,emerald-dream,351,priest,shadow,11,4,7
Dtbündertree,nordrassil,319,priest,shadow,5,4,1
Likesshadows,tichondrius,288,priest,shadow,6,3,3
Twistedtéa,garrosh,288,priest,shadow,6,3,3
Bbeaie,tichondrius,288,priest,shadow,6,3,3
Pwrwordsquee,lightbringer,288,priest,shadow,6,3,3
Synisteria,sargeras,288,priest,shadow,6,3,3
Discipline,chogall,288,priest,shadow,6,3,3
Xaneo,kelthuzad,288,priest,shadow,6,3,3
Wrathhealer,hellscream,288,priest,shadow,6,3,3
Heheheg,tichondrius,288,priest,shadow,6,3,3
Shadhoee,sargeras,288,priest,shadow,6,3,3
Cappoo,tichondrius,288,priest,shadow,6,3,3
Avraf,sargeras,288,priest,shadow,6,3,3
Woosanghong,tichondrius,288,priest,shadow,6,3,3
Mallox,quelthalas,288,priest,shadow,6,3,3
Nizanz,illidan,288,priest,shadow,6,3,3
Chroma,amanthul,288,priest,shadow,6,3,3
Kindyx,ragnaros,288,priest,shadow,6,3,3
Etherrion,area-52,288,priest,shadow,6,3,3
Iminyou,kelthuzad,288,priest,shadow,6,3,3
Nawzyh,emerald-dream,288,priest,shadow,6,3,3
Aeøns,sargeras,288,priest,shadow,6,3,3
Delasoul,malganis,288,priest,shadow,6,3,3
Intheway,bleeding-hollow,288,priest,shadow,6,3,3
Hüde,stormrage,288,priest,shadow,6,3,3
Ripchadman,tichondrius,288,priest,shadow,6,3,3
Dayquills,illidan,288,priest,shadow,6,3,3
Murkqz,stormrage,288,priest,shadow,6,3,3
Diddlur,black-dragonflight,288,priest,shadow,6,3,3
Erebusz,tichondrius,288,priest,shadow,6,3,3
Samio,area-52,288,priest,shadow,6,3,3
Voidballs,tichondrius,288,priest,shadow,6,3,3
Kultil,dalaran,288,priest,shadow,6,3,3
Verbane,frostmourne,288,priest,shadow,6,3,3
Snackabre,moon-guard,288,priest,shadow,6,3,3
Lucènt,frostmourne,288,priest,shadow,6,3,3
Exen,moon-guard,288,priest,shadow,6,3,3
Disembly,illidan,288,priest,shadow,6,3,3
Manofmystery,dalaran,288,priest,shadow,6,3,3
Lätöxïkä,alleria,288,priest,shadow,6,3,3
Criminalsp,frostmourne,288,priest,shadow,6,3,3
Boogle,frostmourne,288,priest,shadow,6,3,3
Empyreanlite,dalaran,288,priest,shadow,6,3,3
Drsonny,proudmoore,288,priest,shadow,6,3,3
Halîth,terenas,288,priest,shadow,6,3,3
Shadowpain,the-underbog,288,priest,shadow,12,3,9
Azrothlol,kul-tiras,288,priest,shadow,12,3,9
Leach,darkspear,288,priest,shadow,12,3,9
Maskali,tichondrius,288,priest,shadow,12,3,9
Dawnkìn,bleeding-hollow,288,priest,shadow,12,3,9
Sybenela,proudmoore,288,priest,shadow,12,3,9
Grímmz,veknilash,287,priest,shadow,7,3,4
Felrynpr,malganis,239,priest,shadow,5,3,2
Álvarez,tichondrius,234,priest,shadow,10,5,5
Vtplz,bleeding-hollow,192,priest,shadow,4,3,1
Hibot,illidan,192,priest,shadow,6,2,4
Byungsik,terenas,192,priest,shadow,6,2,4
Hevnlyst,proudmoore,192,priest,shadow,6,2,4
Quinnx,tichondrius,192,priest,shadow,6,2,4
Sshhaaddooww,tichondrius,192,priest,shadow,6,2,4
Dogfrompark,illidan,192,priest,shadow,6,2,4
Originull,emerald-dream,192,priest,shadow,6,2,4
Hygeïa,lightbringer,192,priest,shadow,6,2,4
Hail,kaelthas,192,priest,shadow,6,2,4
Bugsbright,tichondrius,192,priest,shadow,6,2,4
Babyh,tichondrius,192,priest,shadow,6,2,4
Mindgamez,stormreaver,192,priest,shadow,6,2,4
Mepisth,sargeras,192,priest,shadow,6,2,4
Arzeuz,ragnaros,192,priest,shadow,6,2,4
Cathery,tichondrius,192,priest,shadow,6,2,4
Partypriest,tichondrius,192,priest,shadow,6,2,4
Dotdotdead,earthen-ring,192,priest,shadow,6,2,4
Psychohazard,area-52,192,priest,shadow,6,2,4
Scenekîd,moon-guard,192,priest,shadow,6,2,4
Anxìetý,area-52,192,priest,shadow,6,2,4
Apâthy,area-52,192,priest,shadow,6,2,4
Slctivhealng,area-52,192,priest,shadow,6,2,4
Helleamh,tichondrius,192,priest,shadow,6,2,4
Fancycorpse,tichondrius,192,priest,shadow,6,2,4
Orgasmiq,frostmourne,192,priest,shadow,6,2,4
Imhðtep,ragnaros,192,priest,shadow,6,2,4
Ëlliot,stormrage,192,priest,shadow,6,2,4
Innergee,aegwynn,192,priest,shadow,6,2,4
Kulrig,shuhalo,192,priest,shadow,12,2,10
Farnkxd,bleeding-hollow,192,priest,shadow,12,2,10
Gobananas,bleeding-hollow,159,priest,shadow,5,2,3
Sgiath,alleria,138,priest,shadow,9,4,5
Totorostarp,tichondrius,138,priest,shadow,10,4,6
Fedodesubaco,gallywix,137,priest,shadow,9,3,6
Óst,tichondrius,96,priest,shadow,6,1,5
Ibangedaqt,malganis,96,priest,shadow,6,1,5
Ozztwo,tichondrius,96,priest,shadow,6,1,5
Abolita,korgath,96,priest,shadow,6,1,5
Niurouchuan,tichondrius,96,priest,shadow,6,1,5
Jèf,stormrage,96,priest,shadow,6,1,5
Jxkep,frostmourne,96,priest,shadow,6,1,5
Lilskizz,dalaran,96,priest,shadow,6,1,5
Lleak,tichondrius,96,priest,shadow,6,1,5
Sadury,tichondrius,96,priest,shadow,6,1,5
Shadolord,illidan,96,priest,shadow,6,1,5
Faydes,arthas,96,priest,shadow,6,1,5
Lukaspriest,proudmoore,96,priest,shadow,6,1,5
Daemoon,deathwing,96,priest,shadow,6,1,5
Keliarc,sargeras,96,priest,shadow,6,1,5
Drosslolz,illidan,96,priest,shadow,6,1,5
Oxyy,aerie-peak,96,priest,shadow,6,1,5
Jpray,bleeding-hollow,96,priest,shadow,12,1,11
Tmpriest,tichondrius,79,priest,shadow,5,1,4
Samsypriest,frostmourne,63,priest,shadow,2,2,0
Moralism,moon-guard,42,priest,shadow,7,2,5
Trågédy,azjolnerub,16,priest,shadow,1,1,0
Shadork,area-52,16,priest,shadow,1,1,0
Weran,tichondrius,1825,rogue,outlaw,48,24,24
Lycanthropî,illidan,1655,rogue,outlaw,80,37,43
Welinth,thunderlord,1644,rogue,outlaw,62,30,32
Lazeestab,sargeras,1642,rogue,outlaw,53,34,19
Lardiconn,thrall,1572,rogue,outlaw,30,22,8
Supine,illidan,1563,rogue,outlaw,91,49,42
Jmaxx,tichondrius,1546,rogue,outlaw,39,24,15
Gnøver,ragnaros,1532,rogue,outlaw,52,25,27
Karambit,frostmourne,1500,rogue,outlaw,42,17,25
Kentaki,tichondrius,1485,rogue,outlaw,54,29,25
Gotosor,quelthalas,1397,rogue,outlaw,53,27,26
Disrawen,ragnaros,1386,rogue,outlaw,72,30,42
Blackmont,bleeding-hollow,1379,rogue,outlaw,30,17,13
Combo,norgannon,1378,rogue,outlaw,24,18,6
Xylvána,kiljaeden,1334,rogue,outlaw,30,14,16
Sapsis,shandris,1327,rogue,outlaw,29,15,14
Wátchyoúrbák,wyrmrest-accord,1247,rogue,outlaw,30,14,16
Fastblast,wyrmrest-accord,1146,rogue,outlaw,24,12,12
Wujn,tichondrius,1050,rogue,outlaw,24,11,13
Preceptor,azralon,956,rogue,outlaw,24,10,14
Shninzy,senjin,910,rogue,outlaw,31,11,20
Jenaki,gurubashi,907,rogue,outlaw,23,10,13
Larmx,tichondrius,864,rogue,outlaw,18,9,9
Supherr,sargeras,799,rogue,outlaw,17,9,8
Deepsyo,frostmourne,768,rogue,outlaw,12,8,4
Jakamungo,area-52,765,rogue,outlaw,18,8,10
Dennerdz,tichondrius,735,rogue,outlaw,17,8,9
Yellowrose,kelthuzad,703,rogue,outlaw,14,8,6
Sadiator,illidan,672,rogue,outlaw,12,7,5
Thompson,bloodscalp,672,rogue,outlaw,12,7,5
Drsinz,tichondrius,671,rogue,outlaw,18,7,11
Lumifer,quelthalas,669,rogue,outlaw,24,7,17
Azarha,zuljin,665,rogue,outlaw,12,7,5
Roxy,ghostlands,623,rogue,outlaw,17,7,10
Deeppockets,sargeras,576,rogue,outlaw,12,6,6
Straite,area-52,576,rogue,outlaw,12,6,6
Slitherex,thunderlord,575,rogue,outlaw,15,7,8
Marraya,area-52,573,rogue,outlaw,12,6,6
Yeehawhowyee,tichondrius,573,rogue,outlaw,15,7,8
Listrew,stormrage,571,rogue,outlaw,12,6,6
Maglove,nemesis,571,rogue,outlaw,12,6,6
Hobblefoot,proudmoore,527,rogue,outlaw,11,6,5
Tsubamë,tichondrius,480,rogue,outlaw,6,5,1
Tmpikaboo,tichondrius,480,rogue,outlaw,6,5,1
Lesty,kelthuzad,480,rogue,outlaw,6,5,1
Dross,shadowmoon,480,rogue,outlaw,12,5,7
Galfuran,burning-legion,480,rogue,outlaw,12,5,7
Omnïslash,stormrage,480,rogue,outlaw,18,5,13
Adevoir,hakkar,477,rogue,outlaw,12,5,7
Thuganomics,dark-iron,477,rogue,outlaw,15,6,9
Phraze,silvermoon,473,rogue,outlaw,12,5,7
Alandoril,tichondrius,384,rogue,outlaw,6,4,2
Kents,tichondrius,384,rogue,outlaw,6,4,2
Luolan,kargath,384,rogue,outlaw,12,4,8
Spikiera,silvermoon,288,rogue,outlaw,6,3,3
Movze,area-52,288,rogue,outlaw,6,3,3
Ntrfighter,tichondrius,288,rogue,outlaw,6,3,3
Mgzx,tichondrius,288,rogue,outlaw,6,3,3
Esky,tichondrius,288,rogue,outlaw,6,3,3
Snakeblisken,emerald-dream,288,rogue,outlaw,6,3,3
Hedillyan,azralon,288,rogue,outlaw,6,3,3
Mabushi,sargeras,288,rogue,outlaw,12,3,9
Drpibb,ghostlands,288,rogue,outlaw,12,3,9
Xzarfi,moon-guard,288,rogue,outlaw,18,3,15
Stabyou,sentinels,287,rogue,outlaw,6,3,3
Fryphilip,dalaran,256,rogue,outlaw,10,3,7
Hotboxthefox,illidan,253,rogue,outlaw,11,3,8
Prisonshank,arthas,192,rogue,outlaw,6,2,4
Subnini,kelthuzad,192,rogue,outlaw,6,2,4
Sxs,kiljaeden,192,rogue,outlaw,6,2,4
Zarthrox,bladefist,192,rogue,outlaw,6,2,4
Touchthetip,bleeding-hollow,192,rogue,outlaw,6,2,4
Darthkelso,arathor,190,rogue,outlaw,12,2,10
Happyslice,stormrage,96,rogue,outlaw,6,1,5
Xm,sargeras,96,rogue,outlaw,6,1,5
Slowtime,quelthalas,96,rogue,outlaw,6,1,5
Rinestiria,arthas,96,rogue,outlaw,6,1,5
Culpera,undermine,95,rogue,outlaw,6,1,5
Erebüs,thunderlord,2111,rogue,subtlety,60,41,19
Battzii,wyrmrest-accord,2043,rogue,subtlety,120,65,55
Rangoons,tichondrius,1894,rogue,subtlety,60,36,24
Needbuff,tichondrius,1865,rogue,subtlety,54,25,29
Himitu,tichondrius,1849,rogue,subtlety,89,46,43
Clern,emerald-dream,1845,rogue,subtlety,59,33,26
Smkgpvp,stormrage,1823,rogue,subtlety,68,43,25
Celèphaïs,tichondrius,1817,rogue,subtlety,63,30,33
Lies,dalaran,1812,rogue,subtlety,54,26,28
Gyokkó,sargeras,1770,rogue,subtlety,36,20,16
Silentkush,arthas,1744,rogue,subtlety,36,21,15
Stunsofpuns,sargeras,1724,rogue,subtlety,48,25,23
Danrathm,sargeras,1708,rogue,subtlety,55,27,28
Nicoaa,tichondrius,1695,rogue,subtlety,48,28,20
Kellenx,moon-guard,1676,rogue,subtlety,52,25,27
Díor,azralon,1672,rogue,subtlety,60,33,27
Ulley,sargeras,1672,rogue,subtlety,42,23,19
Coopi,tichondrius,1662,rogue,subtlety,62,27,35
Yesua,ragnaros,1628,rogue,subtlety,48,24,24
Jaos,tichondrius,1623,rogue,subtlety,36,20,16
Shinigâmì,tichondrius,1614,rogue,subtlety,30,24,6
Assassìn,moon-guard,1612,rogue,subtlety,86,47,39
Pxb,sargeras,1609,rogue,subtlety,36,17,19
Stealthypoop,kelthuzad,1603,rogue,subtlety,42,20,22
Zerogh,tichondrius,1580,rogue,subtlety,41,22,19
Bruítzy,barthilas,1574,rogue,subtlety,42,18,24
Ganknvanish,tichondrius,1563,rogue,subtlety,45,17,28
Illmatíc,kelthuzad,1502,rogue,subtlety,29,16,13
Fela,crushridge,1493,rogue,subtlety,78,38,40
Mosedz,tichondrius,1442,rogue,subtlety,42,24,18
Ironfistofcn,tichondrius,1434,rogue,subtlety,36,22,14
Îzu,ysera,1420,rogue,subtlety,24,15,9
Garrotte,tichondrius,1413,rogue,subtlety,39,15,24
Eekz,illidan,1410,rogue,subtlety,72,44,28
Fulkrem,wyrmrest-accord,1410,rogue,subtlety,62,28,34
Quinity,wyrmrest-accord,1391,rogue,subtlety,25,16,9
Preceptor,azralon,1380,rogue,subtlety,38,17,21
Secrettecbot,barthilas,1379,rogue,subtlety,24,15,9
Mistnazgul,quelthalas,1365,rogue,subtlety,47,28,19
Odelöt,drakkari,1359,rogue,subtlety,36,22,14
Spacebase,illidan,1337,rogue,subtlety,24,14,10
Trizin,frostmourne,1324,rogue,subtlety,24,14,10
Killmebaby,lightnings-blade,1322,rogue,subtlety,24,14,10
Galaxybrain,icecrown,1321,rogue,subtlety,77,48,29
Luradfate,dalaran,1312,rogue,subtlety,36,17,19
Bezeta,azralon,1308,rogue,subtlety,29,15,14
Pocketman,barthilas,1299,rogue,subtlety,59,24,35
Ikmagine,icecrown,1281,rogue,subtlety,42,17,25
Poizzon,emerald-dream,1275,rogue,subtlety,23,14,9
Tulis,frostmourne,1263,rogue,subtlety,53,33,20
Gothblade,malganis,1258,rogue,subtlety,30,15,15
Kainm,stormrage,1257,rogue,subtlety,56,26,30
Wazowskiy,tichondrius,1246,rogue,subtlety,36,13,23
Kylerxius,korgath,1245,rogue,subtlety,18,14,4
Grelinho,stormrage,1243,rogue,subtlety,30,13,17
Prrey,hydraxis,1242,rogue,subtlety,30,13,17
Neuschurke,warsong,1232,rogue,subtlety,18,13,5
Turtlespeed,thrall,1218,rogue,subtlety,30,13,17
Itskanashi,frostmourne,1191,rogue,subtlety,39,17,22
Arbitér,moonrunner,1184,rogue,subtlety,52,17,35
Vyrenn,destromath,1177,rogue,subtlety,29,13,16
Slashthunder,blades-edge,1152,rogue,subtlety,18,12,6
Ymxxworld,tichondrius,1152,rogue,subtlety,24,12,12
Kaylyth,whisperwind,1151,rogue,subtlety,30,12,18
Bigpump,lothar,1149,rogue,subtlety,24,12,12
Lilstab,hakkar,1148,rogue,subtlety,50,22,28
Smormu,bonechewer,1144,rogue,subtlety,24,12,12
Cutthroat,aegwynn,1121,rogue,subtlety,45,20,25
Sahima,tichondrius,1115,rogue,subtlety,24,13,11
Gyrfalcon,spirestone,1094,rogue,subtlety,30,12,18
Prisonshank,arthas,1093,rogue,subtlety,61,36,25
Norbury,tichondrius,1087,rogue,subtlety,23,12,11
Abaløne,tichondrius,1082,rogue,subtlety,40,16,24
Esmeraldas,frostmourne,1054,rogue,subtlety,18,11,7
Haiev,tichondrius,1054,rogue,subtlety,24,11,13
Olg,arathor,1049,rogue,subtlety,36,19,17
Ðarkrøøxs,stormrage,1048,rogue,subtlety,24,11,13
Narcoleptic,dalaran,1045,rogue,subtlety,24,11,13
Santyno,ragnaros,1041,rogue,subtlety,24,12,12
Korviz,area-52,1008,rogue,subtlety,60,30,30
Ascherx,veknilash,960,rogue,subtlety,12,10,2
Scuffedjr,tichondrius,960,rogue,subtlety,24,10,14
Steef,arygos,958,rogue,subtlety,18,10,8
Tapwaterx,illidan,957,rogue,subtlety,24,10,14
Jadier,emerald-dream,955,rogue,subtlety,18,10,8
Laotrec,nemesis,955,rogue,subtlety,27,11,16
Tarny,illidan,872,rogue,subtlety,28,11,17
Kalvish,dalaran,864,rogue,subtlety,12,9,3
Maulline,tichondrius,864,rogue,subtlety,18,9,9
Roxeni,tichondrius,864,rogue,subtlety,18,9,9
Stealthyxd,arthas,864,rogue,subtlety,24,9,15
Axtually,proudmoore,863,rogue,subtlety,18,9,9
Chãlons,tichondrius,861,rogue,subtlety,18,9,9
Poohpants,frostmourne,850,rogue,subtlety,24,9,15
Cutindle,illidan,842,rogue,subtlety,18,9,9
Harkknight,sargeras,841,rogue,subtlety,44,19,25
Åer,dalaran,829,rogue,subtlety,23,9,14
Hyperdexia,stormrage,783,rogue,subtlety,22,9,13
Fátálíty,tichondrius,768,rogue,subtlety,12,8,4
Eazyg,tichondrius,768,rogue,subtlety,12,8,4
Ozzinton,kelthuzad,768,rogue,subtlety,12,8,4
Razmir,malfurion,766,rogue,subtlety,18,8,10
Yato,mugthol,764,rogue,subtlety,12,8,4
Doklim,spinebreaker,756,rogue,subtlety,12,8,4
Lesliechow,sargeras,745,rogue,subtlety,16,10,6
Lurios,rivendare,735,rogue,subtlety,17,8,9
Venace,agamaggan,733,rogue,subtlety,17,8,9
Ikerz,tichondrius,719,rogue,subtlety,15,8,7
Hollfex,nemesis,699,rogue,subtlety,20,8,12
Bimbogirl,dalaran,688,rogue,subtlety,16,8,8
Kenpàchi,kelthuzad,672,rogue,subtlety,12,7,5
Àsgà,area-52,672,rogue,subtlety,12,7,5
Alexdelion,tichondrius,672,rogue,subtlety,12,7,5
Mitsurí,sargeras,672,rogue,subtlety,12,7,5
Saltypwncake,illidan,672,rogue,subtlety,12,7,5
Joeyzord,stormrage,672,rogue,subtlety,12,7,5
Frooty,stormrage,672,rogue,subtlety,12,7,5
Memoríst,frostmourne,672,rogue,subtlety,18,7,11
Runakó,kelthuzad,672,rogue,subtlety,18,7,11
Lululee,tichondrius,672,rogue,subtlety,24,7,17
Hypermix,tichondrius,671,rogue,subtlety,12,7,5
Keepitshadow,frostmourne,671,rogue,subtlety,12,7,5
Cv,proudmoore,671,rogue,subtlety,12,7,5
Rougething,bleeding-hollow,671,rogue,subtlety,18,7,11
Nezumikami,malganis,671,rogue,subtlety,18,7,11
Gannjalord,frostmane,671,rogue,subtlety,18,7,11
Soulvex,barthilas,670,rogue,subtlety,12,7,5
Rykojin,sargeras,669,rogue,subtlety,12,7,5
Jagó,malganis,667,rogue,subtlety,12,7,5
Chompycat,tichondrius,667,rogue,subtlety,18,7,11
Bubblesr,whisperwind,665,rogue,subtlety,12,7,5
Kody,dalaran,639,rogue,subtlety,17,7,10
Feragho,tichondrius,608,rogue,subtlety,22,7,15
Homarx,quelthalas,576,rogue,subtlety,10,7,3
Brucerogue,tichondrius,576,rogue,subtlety,12,6,6
Jannie,rexxar,576,rogue,subtlety,12,6,6
Kidcutti,proudmoore,576,rogue,subtlety,12,6,6
Sketchyweas,sargeras,576,rogue,subtlety,12,6,6
Fkq,emerald-dream,576,rogue,subtlety,12,6,6
Xedi,illidan,576,rogue,subtlety,12,6,6
Spaca,kelthuzad,576,rogue,subtlety,12,6,6
Turec,illidan,576,rogue,subtlety,12,6,6
Håkünämãtåtä,stormrage,576,rogue,subtlety,12,6,6
Camlaw,area-52,576,rogue,subtlety,12,6,6
Jácket,area-52,576,rogue,subtlety,24,6,18
Shellby,tichondrius,575,rogue,subtlety,12,6,6
Gank,jubeithos,575,rogue,subtlety,12,6,6
Anteccessor,tichondrius,575,rogue,subtlety,12,6,6
Jinxkiller,tichondrius,575,rogue,subtlety,12,6,6
Zogbu,stormrage,575,rogue,subtlety,18,6,12
Alttee,proudmoore,573,rogue,subtlety,12,6,6
Fearnomore,destromath,560,rogue,subtlety,18,6,12
Dvin,stormrage,527,rogue,subtlety,11,6,5
Sgtbuttfat,dalaran,480,rogue,subtlety,12,5,7
Henya,magtheridon,480,rogue,subtlety,12,5,7
Clicksbtns,area-52,480,rogue,subtlety,12,5,7
Dysxliec,dalaran,480,rogue,subtlety,12,5,7
Pjh,sargeras,480,rogue,subtlety,12,5,7
Monkeykongr,lightnings-blade,480,rogue,subtlety,12,5,7
Blinky,blades-edge,480,rogue,subtlety,12,5,7
Killdrunk,stormrage,480,rogue,subtlety,12,5,7
Endlesswaltz,zuljin,480,rogue,subtlety,12,5,7
Faelanna,stormrage,480,rogue,subtlety,13,5,8
Zitihait,amanthul,479,rogue,subtlety,6,5,1
Catoline,bleeding-hollow,479,rogue,subtlety,12,5,7
Guiguzidr,illidan,479,rogue,subtlety,12,5,7
Qlog,tichondrius,479,rogue,subtlety,12,5,7
Suñg,tichondrius,479,rogue,subtlety,18,5,13
Mhasto,azralon,478,rogue,subtlety,12,5,7
Peeryl,daggerspine,477,rogue,subtlety,12,5,7
Indivisible,thunderlord,477,rogue,subtlety,12,5,7
Liamoz,amanthul,475,rogue,subtlety,12,5,7
Backtoch,sargeras,447,rogue,subtlety,11,5,6
Humphugull,skullcrusher,447,rogue,subtlety,11,5,6
Flashmob,zuljin,447,rogue,subtlety,14,6,8
Cayladin,tichondrius,416,rogue,subtlety,10,5,5
Xemnxnt,stormrage,384,rogue,subtlety,6,4,2
Aaronjlol,tichondrius,384,rogue,subtlety,6,4,2
Unshut,tichondrius,384,rogue,subtlety,6,4,2
Tmpikaboo,tichondrius,384,rogue,subtlety,6,4,2
Sapyalater,thrall,384,rogue,subtlety,6,4,2
Tiladar,tichondrius,384,rogue,subtlety,6,4,2
Roguetrix,stormrage,384,rogue,subtlety,6,4,2
Köfy,quelthalas,384,rogue,subtlety,6,4,2
Eraticrogue,illidan,384,rogue,subtlety,6,4,2
Bootimus,illidan,384,rogue,subtlety,6,4,2
Wetit,illidan,384,rogue,subtlety,6,4,2
Acid,warsong,384,rogue,subtlety,6,4,2
Unoshade,illidan,384,rogue,subtlety,6,4,2
Sixcombopts,area-52,384,rogue,subtlety,6,4,2
Jalaroot,frostmourne,384,rogue,subtlety,6,4,2
Chauva,zuljin,384,rogue,subtlety,6,4,2
Wowamaze,aegwynn,384,rogue,subtlety,6,4,2
Esker,dragonmaw,384,rogue,subtlety,6,4,2
Donpeon,hellscream,384,rogue,subtlety,6,4,2
Kaminokage,barthilas,384,rogue,subtlety,15,5,10
Elishadowed,proudmoore,384,rogue,subtlety,12,4,8
Mirajoo,tichondrius,384,rogue,subtlety,12,4,8
Variat,azralon,384,rogue,subtlety,12,4,8
Lisnp,tichondrius,384,rogue,subtlety,12,4,8
Zzffqsm,tichondrius,384,rogue,subtlety,12,4,8
Flankks,sargeras,384,rogue,subtlety,12,4,8
Silentmoralz,tichondrius,384,rogue,subtlety,12,4,8
ßaltø,bleeding-hollow,384,rogue,subtlety,12,4,8
Cut,ragnaros,384,rogue,subtlety,12,4,8
Swayo,tichondrius,383,rogue,subtlety,6,4,2
Abacura,moon-guard,383,rogue,subtlety,12,4,8
Hènnéssy,frostmourne,383,rogue,subtlety,12,4,8
Riskgo,frostwolf,383,rogue,subtlety,12,4,8
Maewyn,aerie-peak,383,rogue,subtlety,13,4,9
Shadowpunx,nemesis,382,rogue,subtlety,6,4,2
Liryth,lightninghoof,350,rogue,subtlety,9,5,4
Alexon,wyrmrest-accord,327,rogue,subtlety,6,5,1
Rawdawged,illidan,320,rogue,subtlety,16,4,12
Antijax,stormrage,288,rogue,subtlety,6,3,3
Pichichi,frostmourne,288,rogue,subtlety,6,3,3
Støné,azjolnerub,288,rogue,subtlety,6,3,3
Errorless,moon-guard,288,rogue,subtlety,6,3,3
Ralæriel,wyrmrest-accord,288,rogue,subtlety,6,3,3
Ãnimefãnx,moon-guard,288,rogue,subtlety,6,3,3
Bobsaget,kiljaeden,288,rogue,subtlety,6,3,3
Mhün,malganis,288,rogue,subtlety,6,3,3
Hemorrhages,tichondrius,288,rogue,subtlety,6,3,3
Leftyleaf,proudmoore,288,rogue,subtlety,6,3,3
Lyfallah,proudmoore,288,rogue,subtlety,6,3,3
Ganksterqt,dentarg,288,rogue,subtlety,6,3,3
Orihimesz,azralon,288,rogue,subtlety,6,3,3
Unholydood,bonechewer,288,rogue,subtlety,6,3,3
Shadowreapz,barthilas,288,rogue,subtlety,6,3,3
Snackable,tichondrius,288,rogue,subtlety,6,3,3
Speedboi,skullcrusher,288,rogue,subtlety,6,3,3
Whothekilla,tichondrius,288,rogue,subtlety,6,3,3
Gåñðøñ,stormscale,288,rogue,subtlety,6,3,3
Lesty,kelthuzad,288,rogue,subtlety,6,3,3
Jon,the-venture-co,288,rogue,subtlety,6,3,3
Morpheûs,tichondrius,288,rogue,subtlety,6,3,3
Ràinê,dalaran,288,rogue,subtlety,6,3,3
Taraminkadot,sargeras,288,rogue,subtlety,9,4,5
ßutthead,malganis,288,rogue,subtlety,7,3,4
Grinz,sargeras,288,rogue,subtlety,12,3,9
Hogstradamus,malganis,288,rogue,subtlety,12,3,9
Scenna,stormrage,288,rogue,subtlety,12,3,9
Maløkeirø,stormrage,288,rogue,subtlety,12,3,9
Framsteg,kelthuzad,287,rogue,subtlety,6,3,3
Kerimoynihan,barthilas,286,rogue,subtlety,6,3,3
Ricros,bleeding-hollow,239,rogue,subtlety,5,3,2
Youngdraco,tichondrius,239,rogue,subtlety,5,3,2
Radagon,fenris,234,rogue,subtlety,9,4,5
Miamiganster,lothar,192,rogue,subtlety,6,2,4
Tìlt,whisperwind,192,rogue,subtlety,6,2,4
Tothegravetv,sargeras,192,rogue,subtlety,6,2,4
Struggle,sargeras,192,rogue,subtlety,6,2,4
Cahlee,sargeras,192,rogue,subtlety,6,2,4
Joegamer,sargeras,192,rogue,subtlety,6,2,4
Meadview,bleeding-hollow,192,rogue,subtlety,6,2,4
Lenik,azuremyst,192,rogue,subtlety,6,2,4
Xyltann,bleeding-hollow,192,rogue,subtlety,6,2,4
Macklittle,area-52,192,rogue,subtlety,6,2,4
Grue,gundrak,192,rogue,subtlety,6,2,4
Wètdream,sargeras,192,rogue,subtlety,6,2,4
Jujudaddy,darkspear,192,rogue,subtlety,6,2,4
Takamoto,windrunner,192,rogue,subtlety,6,2,4
Swanl,stormrage,192,rogue,subtlety,6,2,4
Falra,wyrmrest-accord,192,rogue,subtlety,6,2,4
Atulano,wyrmrest-accord,192,rogue,subtlety,6,2,4
Picaropanda,quelthalas,192,rogue,subtlety,6,2,4
Vlone,icecrown,192,rogue,subtlety,6,2,4
Brustent,icecrown,192,rogue,subtlety,6,2,4
Slycndice,tortheldrin,192,rogue,subtlety,6,2,4
Rigotak,illidan,192,rogue,subtlety,6,2,4
Corntens,area-52,192,rogue,subtlety,6,2,4
Tàlion,emerald-dream,192,rogue,subtlety,6,2,4
Kekdasneak,dragonmaw,192,rogue,subtlety,6,2,4
Nemoye,tichondrius,192,rogue,subtlety,6,2,4
Åaron,thrall,192,rogue,subtlety,6,2,4
Oilydaimon,tichondrius,192,rogue,subtlety,6,2,4
Zipperx,tichondrius,192,rogue,subtlety,6,2,4
Terrorstrike,tichondrius,192,rogue,subtlety,6,2,4
Bèstworld,dalaran,192,rogue,subtlety,6,2,4
Toxiccarnage,ghostlands,192,rogue,subtlety,8,2,6
Drsinz,tichondrius,192,rogue,subtlety,11,2,9
Brickjohnson,illidan,192,rogue,subtlety,12,2,10
Degrok,quelthalas,191,rogue,subtlety,6,2,4
Opensap,tichondrius,159,rogue,subtlety,5,2,3
Koobbo,tichondrius,159,rogue,subtlety,5,2,3
Suhwooh,area-52,159,rogue,subtlety,5,2,3
Eliasael,moon-guard,159,rogue,subtlety,5,2,3
Arakine,uldaman,128,rogue,subtlety,4,2,2
Cheapdeal,frostmourne,128,rogue,subtlety,4,2,2
Tamsy,the-forgotten-coast,96,rogue,subtlety,3,2,1
Moufwash,sargeras,96,rogue,subtlety,6,1,5
Valekk,stormscale,96,rogue,subtlety,6,1,5
Neilyo,barthilas,96,rogue,subtlety,6,1,5
Kestor,barthilas,96,rogue,subtlety,6,1,5
Docheatt,dalaran,96,rogue,subtlety,6,1,5
Røgüë,malganis,96,rogue,subtlety,6,1,5
Frootylol,stormrage,96,rogue,subtlety,6,1,5
Täy,thrall,96,rogue,subtlety,6,1,5
Nijanari,wyrmrest-accord,96,rogue,subtlety,6,1,5
Hiarolson,stormrage,96,rogue,subtlety,6,1,5
Kyubïx,ragnaros,96,rogue,subtlety,6,1,5
Slobernocker,stormrage,96,rogue,subtlety,6,1,5
Twotimed,magtheridon,96,rogue,subtlety,6,1,5
Samuraii,zuljin,96,rogue,subtlety,6,1,5
Dedrater,shadowmoon,96,rogue,subtlety,6,1,5
Originkorean,terenas,96,rogue,subtlety,6,1,5
Pleodonis,tichondrius,96,rogue,subtlety,6,1,5
Ntshaav,illidan,96,rogue,subtlety,6,1,5
Nevatell,malganis,96,rogue,subtlety,6,1,5
Xandroesh,darkspear,96,rogue,subtlety,6,1,5
Dabrat,frostwolf,96,rogue,subtlety,6,1,5
Twinkrogue,firetree,96,rogue,subtlety,6,1,5
Drpibb,ghostlands,63,rogue,subtlety,2,2,0
Sabedoria,barthilas,42,rogue,subtlety,10,2,8
Thenelis,dalaran,42,rogue,subtlety,11,2,9
Mirrorx,tichondrius,1865,rogue,assassination,48,25,23
Lemon,arygos,1851,rogue,assassination,47,20,27
Poonanixo,frostmourne,1846,rogue,assassination,78,38,40
Ajúmma,tichondrius,1831,rogue,assassination,57,23,34
Xiaochulol,tichondrius,1808,rogue,assassination,36,19,17
Snortedgfuel,drenden,1801,rogue,assassination,42,19,23
Zarkk,kelthuzad,1716,rogue,assassination,42,18,24
Vmoney,draenor,1685,rogue,assassination,30,18,12
Whooxx,khazgoroth,1672,rogue,assassination,54,23,31
Niarzz,tichondrius,1664,rogue,assassination,42,24,18
Rapcher,illidan,1664,rogue,assassination,65,35,30
Alethal,tichondrius,1658,rogue,assassination,36,22,14
Ivanrah,zuljin,1648,rogue,assassination,45,20,25
Nsns,drenden,1642,rogue,assassination,83,41,42
Miamiganster,lothar,1636,rogue,assassination,42,21,21
Chêckmatê,darkspear,1610,rogue,assassination,36,18,18
Sairak,tichondrius,1602,rogue,assassination,42,20,22
Osuba,proudmoore,1602,rogue,assassination,48,21,27
Xilorio,skullcrusher,1598,rogue,assassination,36,22,14
Devstrike,sargeras,1587,rogue,assassination,53,25,28
Sparqxx,tichondrius,1560,rogue,assassination,98,48,50
Coquìn,proudmoore,1552,rogue,assassination,42,24,18
Kiosh,tichondrius,1544,rogue,assassination,48,23,25
Gyutaro,black-dragonflight,1532,rogue,assassination,66,32,34
Feinting,moon-guard,1500,rogue,assassination,34,16,18
Sizka,sargeras,1495,rogue,assassination,36,17,19
Stabem,moon-guard,1481,rogue,assassination,81,51,30
Blackmont,bleeding-hollow,1456,rogue,assassination,60,26,34
Camlaw,area-52,1429,rogue,assassination,32,16,16
Youwho,kiljaeden,1410,rogue,assassination,87,42,45
Doomcore,barthilas,1238,rogue,assassination,29,15,14
Lcl,proudmoore,1234,rogue,assassination,66,29,37
Kenteenx,tichondrius,1151,rogue,assassination,30,12,18
Roguepvp,stormrage,1119,rogue,assassination,48,27,21
Nikhlaus,ragnaros,1107,rogue,assassination,24,13,11
Kriszov,moon-guard,1074,rogue,assassination,47,21,26
Sio,bleeding-hollow,1055,rogue,assassination,24,11,13
Zipperx,tichondrius,1053,rogue,assassination,30,11,19
Swexee,area-52,1040,rogue,assassination,30,12,18
Lunatixz,emerald-dream,1006,rogue,assassination,23,11,12
Osiriko,thunderlord,983,rogue,assassination,26,13,13
Dizzymoods,stormrage,960,rogue,assassination,24,10,14
Sênorita,tichondrius,960,rogue,assassination,30,10,20
Xagreth,illidan,959,rogue,assassination,18,10,8
Hickery,frostmourne,959,rogue,assassination,24,10,14
Ãnimefãnx,moon-guard,957,rogue,assassination,24,10,14
Shankeez,tichondrius,957,rogue,assassination,24,10,14
Raskapashan,moon-guard,956,rogue,assassination,30,10,20
Bellicoses,tichondrius,907,rogue,assassination,23,10,13
Unlucký,sargeras,864,rogue,assassination,12,9,3
Lycanthropî,illidan,864,rogue,assassination,18,9,9
Isàputàp,tichondrius,863,rogue,assassination,18,9,9
Pst,spirestone,861,rogue,assassination,12,9,3
Cleam,darkspear,861,rogue,assassination,18,9,9
Thenelis,dalaran,845,rogue,assassination,37,9,28
Sheerlol,stormrage,768,rogue,assassination,12,8,4
Pochomän,ragnaros,768,rogue,assassination,12,8,4
Assassìn,moon-guard,768,rogue,assassination,12,8,4
Boonee,frostmourne,767,rogue,assassination,12,8,4
Paraisbae,tichondrius,767,rogue,assassination,18,8,10
Mylovejunex,tichondrius,766,rogue,assassination,12,8,4
Hiddencosts,proudmoore,765,rogue,assassination,15,9,6
Hattrìck,area-52,763,rogue,assassination,24,8,16
Picaroxp,drakkari,762,rogue,assassination,12,8,4
Snoor,nemesis,753,rogue,assassination,21,9,12
Killua,dalaran,752,rogue,assassination,18,8,10
Ghoulzer,tichondrius,704,rogue,assassination,10,8,2
Lórdx,illidan,698,rogue,assassination,20,8,12
Wxvi,tichondrius,672,rogue,assassination,12,7,5
Plumblossomx,tichondrius,672,rogue,assassination,18,7,11
Hypnothot,tichondrius,672,rogue,assassination,30,7,23
Regios,shadowmoon,671,rogue,assassination,12,7,5
Copler,tichondrius,671,rogue,assassination,12,7,5
Alizashea,stormrage,671,rogue,assassination,12,7,5
Ezzdeath,tichondrius,671,rogue,assassination,18,7,11
Greenlemons,lightnings-blade,670,rogue,assassination,12,7,5
Rodanheim,burning-blade,667,rogue,assassination,18,7,11
Páïgèvêntürã,bleeding-hollow,607,rogue,assassination,14,7,7
Twoheaded,frostmourne,576,rogue,assassination,12,6,6
Mosedz,tichondrius,576,rogue,assassination,12,6,6
Olé,azralon,576,rogue,assassination,12,6,6
Wxva,tichondrius,576,rogue,assassination,18,6,12
Dothras,stormrage,575,rogue,assassination,6,6,0
Keepitshadow,frostmourne,575,rogue,assassination,12,6,6
Ballflicker,malganis,575,rogue,assassination,12,6,6
Robinsony,tichondrius,575,rogue,assassination,12,6,6
Blaçkout,thrall,575,rogue,assassination,12,6,6
Aurrora,kiljaeden,574,rogue,assassination,17,6,11
Smoketoad,tichondrius,572,rogue,assassination,12,6,6
Escape,elune,571,rogue,assassination,12,6,6
Atomicgoat,tichondrius,570,rogue,assassination,15,7,8
Wolgan,nemesis,569,rogue,assassination,18,6,12
Euweu,nemesis,567,rogue,assassination,18,6,12
Karing,onyxia,511,rogue,assassination,10,6,4
Morgoophh,azralon,510,rogue,assassination,14,6,8
Riventrix,zuljin,496,rogue,assassination,13,6,7
Elinarra,sargeras,480,rogue,assassination,6,5,1
Pirrow,moon-guard,480,rogue,assassination,6,5,1
Lvx,frostmourne,480,rogue,assassination,6,5,1
Bellamor,tichondrius,480,rogue,assassination,6,5,1
Bloore,fizzcrank,480,rogue,assassination,12,5,7
Johnnycryp,barthilas,480,rogue,assassination,12,5,7
ßackshots,kelthuzad,480,rogue,assassination,12,5,7
Notjawn,arthas,480,rogue,assassination,12,5,7
Brendantko,arthas,480,rogue,assassination,12,5,7
Mashad,moon-guard,479,rogue,assassination,12,5,7
Slycndice,tortheldrin,473,rogue,assassination,18,5,13
Roguecity,tichondrius,416,rogue,assassination,28,5,23
Valråvn,bloodscalp,415,rogue,assassination,11,5,6
Slizard,boulderfist,384,rogue,assassination,6,4,2
Chokonet,gurubashi,384,rogue,assassination,6,4,2
Hollowtipzz,tichondrius,384,rogue,assassination,6,4,2
Sllabymkcus,sargeras,384,rogue,assassination,6,4,2
Schleazy,emerald-dream,384,rogue,assassination,6,4,2
Happyslice,stormrage,384,rogue,assassination,6,4,2
Nayle,dalaran,384,rogue,assassination,12,4,8
Xm,sargeras,384,rogue,assassination,12,4,8
Pãndã,stormrage,384,rogue,assassination,12,4,8
Kindasorry,illidan,384,rogue,assassination,12,4,8
Øsi,icecrown,384,rogue,assassination,12,4,8
Replayz,stormrage,384,rogue,assassination,12,4,8
Doraz,tichondrius,384,rogue,assassination,12,4,8
Ybby,tichondrius,384,rogue,assassination,15,4,11
Setsu,sargeras,383,rogue,assassination,12,4,8
Corteleve,nemesis,383,rogue,assassination,12,4,8
Tiptoez,bleeding-hollow,382,rogue,assassination,6,4,2
Tralisong,azshara,382,rogue,assassination,12,4,8
Xvds,tichondrius,319,rogue,assassination,14,4,10
Fakie,quelthalas,304,rogue,assassination,7,4,3
Elithr,nemesis,288,rogue,assassination,6,3,3
Punkyass,azralon,288,rogue,assassination,6,3,3
Twinkasz,nemesis,288,rogue,assassination,6,3,3
Driprat,area-52,288,rogue,assassination,6,3,3
Kents,tichondrius,288,rogue,assassination,6,3,3
Dïeb,zuljin,288,rogue,assassination,6,3,3
Thargal,tichondrius,288,rogue,assassination,6,3,3
Cutercarver,proudmoore,288,rogue,assassination,6,3,3
Chipetan,hyjal,288,rogue,assassination,6,3,3
Vél,blackrock,288,rogue,assassination,6,3,3
Saltypwncake,illidan,288,rogue,assassination,6,3,3
Prodixybn,illidan,288,rogue,assassination,6,3,3
Wujn,tichondrius,288,rogue,assassination,6,3,3
Wowamaze,aegwynn,288,rogue,assassination,6,3,3
Zirkir,mannoroth,288,rogue,assassination,6,3,3
Clairered,tichondrius,288,rogue,assassination,6,3,3
Sinnister,queldorei,288,rogue,assassination,6,3,3
Gladlol,stormrage,288,rogue,assassination,12,3,9
Píxíedúst,black-dragonflight,288,rogue,assassination,12,3,9
Shortcut,khadgar,288,rogue,assassination,12,3,9
Lakeshark,stormrage,288,rogue,assassination,12,3,9
Zamorant,emerald-dream,288,rogue,assassination,18,3,15
Moridra,demon-soul,287,rogue,assassination,6,3,3
Slobernocker,stormrage,287,rogue,assassination,6,3,3
Slootslayer,azshara,287,rogue,assassination,6,3,3
Olg,arathor,287,rogue,assassination,12,3,9
Savagedeeps,stormreaver,286,rogue,assassination,6,3,3
Sanguinnar,nemesis,285,rogue,assassination,12,3,9
Thoxic,barthilas,239,rogue,assassination,5,3,2
Ultranumb,sargeras,234,rogue,assassination,8,4,4
Walnutrog,area-52,234,rogue,assassination,11,5,6
Skairipa,agamaggan,232,rogue,assassination,7,4,3
Ninjamf,bleeding-hollow,192,rogue,assassination,6,2,4
Sellers,tichondrius,192,rogue,assassination,6,2,4
Viicky,ghostlands,192,rogue,assassination,6,2,4
Papadopolous,zuluhed,192,rogue,assassination,6,2,4
Vanishcdc,area-52,192,rogue,assassination,6,2,4
Støné,azjolnerub,192,rogue,assassination,6,2,4
Jerzs,tichondrius,192,rogue,assassination,6,2,4
Jjp,tichondrius,192,rogue,assassination,6,2,4
Breakxcvii,bleeding-hollow,192,rogue,assassination,6,2,4
Historymaker,tichondrius,192,rogue,assassination,6,2,4
Steeldiesel,sargeras,192,rogue,assassination,6,2,4
Bladä,area-52,192,rogue,assassination,6,2,4
Escurecer,azralon,192,rogue,assassination,6,2,4
Nogodplsno,stormrage,192,rogue,assassination,6,2,4
Stepper,aegwynn,192,rogue,assassination,6,2,4
Pkkrevolt,archimonde,192,rogue,assassination,6,2,4
Mermm,burning-blade,192,rogue,assassination,6,2,4
Sergioz,quelthalas,192,rogue,assassination,6,2,4
Zogbu,stormrage,192,rogue,assassination,6,2,4
Cv,proudmoore,192,rogue,assassination,6,2,4
Indivisible,thunderlord,192,rogue,assassination,6,2,4
Wowslayer,bleeding-hollow,192,rogue,assassination,6,2,4
Ennmaa,azralon,192,rogue,assassination,6,2,4
Ssjseem,sargeras,192,rogue,assassination,6,2,4
Skeezy,vashj,192,rogue,assassination,6,2,4
Apssal,tichondrius,192,rogue,assassination,6,2,4
Swickwockdus,azralon,192,rogue,assassination,6,2,4
Slashinsteev,dalaran,192,rogue,assassination,6,2,4
Theblindsap,dalaran,192,rogue,assassination,6,2,4
Youngtugger,daggerspine,192,rogue,assassination,11,2,9
Liridor,quelthalas,192,rogue,assassination,11,2,9
Josex,lightbringer,192,rogue,assassination,12,2,10
Pleodonis,tichondrius,192,rogue,assassination,12,2,10
Diatonic,illidan,191,rogue,assassination,6,2,4
Skigskag,shadowsong,175,rogue,assassination,13,3,10
Donpablò,area-52,175,rogue,assassination,11,2,9
Synesh,moon-guard,159,rogue,assassination,5,2,3
Stâbitha,bloodscalp,138,rogue,assassination,20,4,16
Keylâ,thrall,96,rogue,assassination,3,2,1
Canesuckr,stormrage,96,rogue,assassination,6,1,5
Clicksbtns,area-52,96,rogue,assassination,6,1,5
Touchthetip,bleeding-hollow,96,rogue,assassination,6,1,5
Nebiroth,illidan,96,rogue,assassination,6,1,5
Greased,arthas,96,rogue,assassination,6,1,5
Slowtime,quelthalas,96,rogue,assassination,6,1,5
Aynrand,drakkari,96,rogue,assassination,6,1,5
Preceptor,azralon,96,rogue,assassination,6,1,5
Wuzi,azralon,96,rogue,assassination,6,1,5
Lu,lethon,96,rogue,assassination,6,1,5
Jon,the-venture-co,96,rogue,assassination,6,1,5
Brianä,quelthalas,96,rogue,assassination,6,1,5
Aevaela,duskwood,96,rogue,assassination,6,1,5
Deathxx,destromath,96,rogue,assassination,6,1,5
Twotimed,magtheridon,96,rogue,assassination,6,1,5
Docheatt,dalaran,96,rogue,assassination,6,1,5
Rykojin,sargeras,96,rogue,assassination,6,1,5
Atulano,wyrmrest-accord,96,rogue,assassination,6,1,5
Combøz,tichondrius,96,rogue,assassination,6,1,5
Onetwostep,tichondrius,96,rogue,assassination,6,1,5
Rokkhan,blackrock,96,rogue,assassination,6,1,5
Flinchyy,dalaran,96,rogue,assassination,6,1,5
Lululee,tichondrius,96,rogue,assassination,6,1,5
Dabrat,frostwolf,96,rogue,assassination,6,1,5
Kistef,moon-guard,96,rogue,assassination,6,1,5
Zitihait,amanthul,96,rogue,assassination,6,1,5
Alttee,proudmoore,96,rogue,assassination,6,1,5
Vladtsepesh,stormrage,96,rogue,assassination,12,1,11
Voidbrain,area-52,96,rogue,assassination,12,1,11
Rêdrum,illidan,96,rogue,assassination,12,1,11
Clothies,zuljin,95,rogue,assassination,6,1,5
Sneakyfoot,gorgonnash,95,rogue,assassination,7,1,6
Botches,bonechewer,48,rogue,assassination,3,1,2
Grasiel,tichondrius,48,rogue,assassination,3,1,2
Ziggee,sargeras,31,rogue,assassination,2,1,1
Zavoky,tichondrius,2147,shaman,restoration,72,45,27
Selketh,area-52,2107,shaman,restoration,79,46,33
Skipperx,thrall,2097,shaman,restoration,60,37,23
Jangbi,malganis,2050,shaman,restoration,162,89,73
Ilavayoualot,malganis,1971,shaman,restoration,76,38,38
Timpossible,tichondrius,1962,shaman,restoration,146,71,75
Kimflo,tichondrius,1931,shaman,restoration,91,48,43
Shamaen,kelthuzad,1918,shaman,restoration,58,34,24
Itsallgoodx,tichondrius,1916,shaman,restoration,60,28,32
Aameng,tichondrius,1910,shaman,restoration,72,34,38
Gragomga,area-52,1897,shaman,restoration,72,37,35
Nepos,dragonmaw,1891,shaman,restoration,66,34,32
Slimdavey,tichondrius,1888,shaman,restoration,95,53,42
Däbü,tichondrius,1887,shaman,restoration,84,40,44
Akwesy,stormrage,1886,shaman,restoration,47,26,21
Moistbeans,tichondrius,1854,shaman,restoration,48,26,22
Caibeeshammy,tichondrius,1853,shaman,restoration,156,75,81
Oryxx,kiljaeden,1852,shaman,restoration,48,25,23
Smlz,garrosh,1847,shaman,restoration,44,28,16
Terapatrik,area-52,1842,shaman,restoration,96,47,49
Plewt,zuljin,1825,shaman,restoration,43,23,20
Semtechs,tichondrius,1825,shaman,restoration,64,31,33
Tuskcrusher,dalaran,1825,shaman,restoration,72,30,42
Ogctkoy,illidan,1824,shaman,restoration,102,51,51
Cryochemist,tichondrius,1819,shaman,restoration,29,23,6
Spagetje,tichondrius,1809,shaman,restoration,48,28,20
Meatballs,kirin-tor,1809,shaman,restoration,62,31,31
Desee,bleeding-hollow,1809,shaman,restoration,48,24,24
Kurtcx,tichondrius,1808,shaman,restoration,117,54,63
Astrøcyte,tichondrius,1804,shaman,restoration,96,46,50
Baodan,azshara,1803,shaman,restoration,50,24,26
Podcognito,bleeding-hollow,1802,shaman,restoration,71,44,27
Shanasty,bleeding-hollow,1797,shaman,restoration,48,26,22
Inmø,ragnaros,1797,shaman,restoration,36,19,17
Cruv,thrall,1794,shaman,restoration,42,19,23
Nktx,tichondrius,1792,shaman,restoration,77,45,32
Mybbro,kiljaeden,1778,shaman,restoration,51,24,27
Shacewoman,altar-of-storms,1769,shaman,restoration,72,32,40
Blazingtotem,dunemaul,1765,shaman,restoration,78,40,38
Berquon,tichondrius,1755,shaman,restoration,42,23,19
Blackfancy,thrall,1744,shaman,restoration,56,32,24
Møp,spirestone,1735,shaman,restoration,73,40,33
Phxhouse,illidan,1735,shaman,restoration,108,48,60
Lötus,tichondrius,1727,shaman,restoration,44,24,20
Samyeh,tichondrius,1721,shaman,restoration,36,24,12
Bluekid,barthilas,1706,shaman,restoration,42,24,18
Chobawn,tichondrius,1692,shaman,restoration,48,22,26
Sizure,frostmourne,1691,shaman,restoration,28,19,9
Erwin,bonechewer,1654,shaman,restoration,36,24,12
Win,blackwing-lair,1651,shaman,restoration,36,21,15
Vayces,barthilas,1648,shaman,restoration,122,65,57
Inpantsment,barthilas,1637,shaman,restoration,46,22,24
Cheddaman,kiljaeden,1637,shaman,restoration,48,21,27
Shortbusqt,hyjal,1631,shaman,restoration,42,23,19
Elementàlius,quelthalas,1627,shaman,restoration,48,26,22
Furrytotems,darkspear,1626,shaman,restoration,60,30,30
Grizze,bonechewer,1626,shaman,restoration,90,41,49
Breuer,tichondrius,1616,shaman,restoration,42,20,22
Skoobasteeve,sargeras,1615,shaman,restoration,54,31,23
Willy,icecrown,1615,shaman,restoration,57,27,30
Plzdontlos,illidan,1607,shaman,restoration,113,69,44
Hehew,kelthuzad,1607,shaman,restoration,74,41,33
Nayro,bleeding-hollow,1600,shaman,restoration,43,31,12
Lacid,tichondrius,1596,shaman,restoration,56,36,20
Intruzionall,barthilas,1595,shaman,restoration,39,25,14
Jizzlewizwiz,tichondrius,1586,shaman,restoration,30,17,13
Riptideafk,sargeras,1582,shaman,restoration,36,21,15
Bozzyy,illidan,1580,shaman,restoration,36,19,17
Erbicklet,ragnaros,1573,shaman,restoration,45,21,24
Krazyc,sargeras,1569,shaman,restoration,36,19,17
Tyar,area-52,1560,shaman,restoration,113,53,60
Boyfromhell,stormrage,1555,shaman,restoration,36,17,19
Quitnectar,aggramar,1548,shaman,restoration,36,18,18
Shawmen,zuljin,1544,shaman,restoration,67,31,36
Bobbybigdam,tichondrius,1539,shaman,restoration,36,18,18
ßread,illidan,1536,shaman,restoration,40,19,21
Bigspaghetti,thrall,1533,shaman,restoration,24,16,8
Shamxrob,sargeras,1530,shaman,restoration,48,31,17
Kantok,quelthalas,1529,shaman,restoration,24,16,8
Rocyt,sargeras,1520,shaman,restoration,66,35,31
Trapghost,cenarius,1506,shaman,restoration,87,41,46
Milkkshake,illidan,1506,shaman,restoration,77,32,45
Ban,blackrock,1498,shaman,restoration,33,18,15
Ssaotizi,tichondrius,1498,shaman,restoration,118,54,64
Fujiyama,dark-iron,1489,shaman,restoration,44,22,22
Voluptuous,mannoroth,1484,shaman,restoration,157,82,75
Bwinthewomb,stormrage,1477,shaman,restoration,42,24,18
Waater,lightbringer,1476,shaman,restoration,44,23,21
Gyrogg,scilla,1476,shaman,restoration,230,116,114
Angelabaaby,proudmoore,1475,shaman,restoration,60,28,32
Benta,zuljin,1473,shaman,restoration,36,19,17
Nilstorm,quelthalas,1469,shaman,restoration,42,23,19
Hydrocheck,tichondrius,1469,shaman,restoration,46,22,24
Bitxxnumber,tichondrius,1465,shaman,restoration,105,62,43
Supdaug,vashj,1465,shaman,restoration,42,23,19
Orkwa,bleeding-hollow,1465,shaman,restoration,56,28,28
Killercam,maiev,1465,shaman,restoration,71,30,41
Ballistíc,boulderfist,1456,shaman,restoration,42,25,17
Xtremeorc,area-52,1439,shaman,restoration,24,15,9
Plorenz,illidan,1438,shaman,restoration,24,15,9
Creatine,area-52,1436,shaman,restoration,71,37,34
Joltik,area-52,1435,shaman,restoration,155,75,80
Wardruna,andorhal,1434,shaman,restoration,24,15,9
Tenyks,tichondrius,1434,shaman,restoration,29,17,12
Vzla,ragnaros,1433,shaman,restoration,30,16,14
Geser,silvermoon,1432,shaman,restoration,44,26,18
Stylesp,area-52,1431,shaman,restoration,117,55,62
Mandleman,tichondrius,1417,shaman,restoration,24,15,9
Prowdt,azralon,1417,shaman,restoration,36,18,18
Hairyrichard,zuljin,1416,shaman,restoration,179,93,86
Djshammy,barthilas,1412,shaman,restoration,48,26,22
Catchclause,eonar,1409,shaman,restoration,30,15,15
Badião,azralon,1408,shaman,restoration,59,22,37
Ribbeye,tichondrius,1405,shaman,restoration,35,15,20
Drinkharder,stormrage,1395,shaman,restoration,34,16,18
Rizam,malganis,1389,shaman,restoration,42,33,9
Gordonramsai,sargeras,1389,shaman,restoration,42,24,18
Shaquillius,tichondrius,1389,shaman,restoration,36,17,19
Wyått,emerald-dream,1387,shaman,restoration,54,24,30
Soowecide,tichondrius,1387,shaman,restoration,60,23,37
Sharmut,bleeding-hollow,1385,shaman,restoration,66,33,33
Lanuur,moon-guard,1384,shaman,restoration,24,16,8
Afgoox,tichondrius,1377,shaman,restoration,54,33,21
Tizz,quelthalas,1376,shaman,restoration,70,37,33
Zuralah,nemesis,1375,shaman,restoration,36,16,20
Hódoong,tichondrius,1374,shaman,restoration,34,15,19
Tumble,barthilas,1372,shaman,restoration,40,23,17
Harigomi,tichondrius,1370,shaman,restoration,58,22,36
Ironcrag,moon-guard,1362,shaman,restoration,30,15,15
Zizö,barthilas,1362,shaman,restoration,30,15,15
Thomastides,tichondrius,1347,shaman,restoration,48,25,23
Pookiexo,illidan,1342,shaman,restoration,24,14,10
Bigbadsac,frostmourne,1341,shaman,restoration,30,14,16
Lingdusm,tichondrius,1339,shaman,restoration,24,14,10
Gromgrai,bleeding-hollow,1339,shaman,restoration,35,20,15
Shamicare,stormrage,1339,shaman,restoration,89,50,39
Defnotheals,kelthuzad,1338,shaman,restoration,42,21,21
Hustlenflow,tichondrius,1337,shaman,restoration,24,14,10
Durogh,darkspear,1336,shaman,restoration,36,14,22
Hurú,azralon,1330,shaman,restoration,24,14,10
Buffduude,shadowsong,1327,shaman,restoration,24,14,10
Køtømine,ragnaros,1326,shaman,restoration,41,26,15
Message,agamaggan,1322,shaman,restoration,90,40,50
Goatedsham,dalaran,1321,shaman,restoration,24,14,10
Cpplol,tichondrius,1320,shaman,restoration,23,14,9
Ithappens,senjin,1310,shaman,restoration,30,16,14
Absorblife,barthilas,1309,shaman,restoration,69,31,38
Greenpiece,azshara,1305,shaman,restoration,76,39,37
Hüsky,dalaran,1303,shaman,restoration,42,14,28
Drazic,area-52,1302,shaman,restoration,18,14,4
Turborundat,area-52,1295,shaman,restoration,47,25,22
Charmize,azralon,1295,shaman,restoration,48,23,25
Menah,moon-guard,1287,shaman,restoration,30,18,12
Uncleilli,tichondrius,1279,shaman,restoration,29,14,15
Aemi,tichondrius,1279,shaman,restoration,102,45,57
Graveman,illidan,1266,shaman,restoration,63,30,33
Hauby,zuljin,1259,shaman,restoration,48,15,33
Kephax,eonar,1251,shaman,restoration,28,14,14
Prêttylights,bleeding-hollow,1247,shaman,restoration,18,13,5
Tôôz,stormrage,1247,shaman,restoration,18,13,5
Toteapole,malganis,1247,shaman,restoration,32,17,15
Stargun,korgath,1232,shaman,restoration,87,44,43
Mandinga,warsong,1218,shaman,restoration,24,13,11
Ekuku,tichondrius,1215,shaman,restoration,40,19,21
Reppinsix,sargeras,1213,shaman,restoration,23,13,10
Blodbar,kiljaeden,1212,shaman,restoration,18,14,4
Meatballer,queldorei,1209,shaman,restoration,30,15,15
Crazytotems,dalaran,1209,shaman,restoration,61,29,32
Hasselshock,area-52,1207,shaman,restoration,82,31,51
Brislin,sargeras,1199,shaman,restoration,58,24,34
Truemooin,wyrmrest-accord,1198,shaman,restoration,71,36,35
Sploosh,norgannon,1181,shaman,restoration,29,15,14
Azhen,ragnaros,1180,shaman,restoration,36,13,23
Rimmington,frostmourne,1179,shaman,restoration,54,24,30
Dcãicer,quelthalas,1178,shaman,restoration,25,15,10
Shimansham,aegwynn,1175,shaman,restoration,36,14,22
Drboidzerg,tichondrius,1164,shaman,restoration,18,13,5
Fungus,firetree,1161,shaman,restoration,23,13,10
Shiestys,tichondrius,1159,shaman,restoration,21,15,6
Stórmstruck,area-52,1150,shaman,restoration,18,12,6
Lilgeeh,kelthuzad,1150,shaman,restoration,24,12,12
Saicey,zuljin,1144,shaman,restoration,24,14,10
Crittingbull,veknilash,1143,shaman,restoration,22,13,9
Crazyshamañ,akama,1135,shaman,restoration,23,12,11
Gsync,tichondrius,1131,shaman,restoration,41,27,14
Harth,zuljin,1125,shaman,restoration,30,12,18
Ryukims,tichondrius,1115,shaman,restoration,23,12,11
Steveyy,frostmourne,1099,shaman,restoration,21,12,9
Mikeoxxgigg,kelthuzad,1095,shaman,restoration,48,28,20
Aelwydx,quelthalas,1093,shaman,restoration,91,45,46
Bighaircut,darkspear,1085,shaman,restoration,20,12,8
Trúnks,magtheridon,1067,shaman,restoration,26,12,14
Brocules,aerie-peak,1056,shaman,restoration,24,11,13
Weoo,doomhammer,1055,shaman,restoration,18,11,7
Redbulls,azralon,1055,shaman,restoration,40,20,20
Taquitho,quelthalas,1055,shaman,restoration,43,15,28
Wilmar,ragnaros,1054,shaman,restoration,18,11,7
Randomshammy,stormrage,1053,shaman,restoration,18,11,7
Trenhance,stormrage,1051,shaman,restoration,12,11,1
Rinnan,malganis,1051,shaman,restoration,24,11,13
Goatpornbad,sargeras,1051,shaman,restoration,24,11,13
Cinematticz,tichondrius,1050,shaman,restoration,18,11,7
Tràuma,caelestrasz,1045,shaman,restoration,45,13,32
Gl,nordrassil,1043,shaman,restoration,18,11,7
Shohzegky,azralon,1043,shaman,restoration,27,12,15
Saraguthix,dalaran,1043,shaman,restoration,30,11,19
Barbosina,stormrage,1035,shaman,restoration,30,11,19
Stormburst,sargeras,1030,shaman,restoration,24,12,12
Praxis,tichondrius,1027,shaman,restoration,23,13,10
Dextex,azralon,1013,shaman,restoration,24,14,10
Hentaistorm,kiljaeden,998,shaman,restoration,80,41,39
Wâgu,moon-guard,992,shaman,restoration,28,11,17
Hirah,frostmourne,990,shaman,restoration,17,11,6
Teardrinker,korgath,988,shaman,restoration,24,11,13
Ayahuassca,illidan,988,shaman,restoration,30,13,17
Njjshamm,thrall,969,shaman,restoration,36,16,20
Booramqt,tichondrius,960,shaman,restoration,12,10,2
Platewalrus,illidan,960,shaman,restoration,12,10,2
Hst,barthilas,960,shaman,restoration,18,10,8
Cmsi,tichondrius,960,shaman,restoration,18,10,8
Bigmontana,tichondrius,960,shaman,restoration,18,10,8
Wawsham,tichondrius,960,shaman,restoration,24,10,14
Chazzwozza,area-52,960,shaman,restoration,24,10,14
Dehsaw,illidan,960,shaman,restoration,30,10,20
Chenguanxi,tichondrius,959,shaman,restoration,12,10,2
Lanzero,chogall,958,shaman,restoration,12,10,2
Vinceshamwow,lightbringer,958,shaman,restoration,12,10,2
Tzyorz,illidan,958,shaman,restoration,18,10,8
Yossarabi,bleeding-hollow,958,shaman,restoration,24,10,14
Chingobling,illidan,957,shaman,restoration,18,10,8
Packspiritqt,tichondrius,957,shaman,restoration,18,10,8
Hammerme,barthilas,953,shaman,restoration,30,10,20
Bigwave,zuluhed,951,shaman,restoration,18,10,8
Athayis,malorne,941,shaman,restoration,47,25,22
Delayy,destromath,940,shaman,restoration,24,10,14
Héadshot,bleeding-hollow,926,shaman,restoration,29,10,19
Roostershama,tichondrius,925,shaman,restoration,20,11,9
Nomediocur,moknathal,925,shaman,restoration,23,10,13
Onepunchsham,illidan,924,shaman,restoration,28,11,17
Eekumbokum,bleeding-hollow,917,shaman,restoration,20,11,9
Chainstuff,area-52,910,shaman,restoration,17,10,7
Krolii,tichondrius,904,shaman,restoration,27,10,17
Senzxlolxz,lightbringer,895,shaman,restoration,15,10,5
Holdmytotum,tichondrius,895,shaman,restoration,17,10,7
Patoron,proudmoore,886,shaman,restoration,22,10,12
Iissham,darkspear,880,shaman,restoration,19,10,9
Sàuron,tichondrius,874,shaman,restoration,19,10,9
Orochishaman,stormrage,864,shaman,restoration,12,9,3
Yunotho,sargeras,864,shaman,restoration,12,9,3
Èmaxx,barthilas,864,shaman,restoration,12,9,3
Corianderism,tichondrius,864,shaman,restoration,18,9,9
Namso,tichondrius,864,shaman,restoration,18,9,9
Kromgul,malfurion,864,shaman,restoration,18,9,9
Wildmaster,ragnaros,864,shaman,restoration,30,9,21
Itsyabøiwill,area-52,863,shaman,restoration,12,9,3
Ryeqt,illidan,863,shaman,restoration,18,9,9
Bigdictuna,sargeras,862,shaman,restoration,18,9,9
Drekkhal,area-52,862,shaman,restoration,18,9,9
Erthshawk,wildhammer,862,shaman,restoration,18,9,9
Worldx,barthilas,862,shaman,restoration,24,9,15
Whoshealing,lightninghoof,861,shaman,restoration,18,9,9
Charlesby,tichondrius,860,shaman,restoration,18,9,9
Overcåst,barthilas,860,shaman,restoration,30,9,21
Wagesisdeath,illidan,859,shaman,restoration,24,9,15
Käck,tichondrius,855,shaman,restoration,18,9,9
Klev,frostmourne,852,shaman,restoration,24,9,15
Turbluscious,frostmourne,846,shaman,restoration,18,9,9
Tokuma,illidan,831,shaman,restoration,17,9,8
Twinkolava,nemesis,780,shaman,restoration,13,9,4
Luto,tichondrius,771,shaman,restoration,19,9,10
Ggdumpy,tichondrius,768,shaman,restoration,12,8,4
Totemgripper,moon-guard,768,shaman,restoration,12,8,4
Rookieshaman,tichondrius,768,shaman,restoration,12,8,4
Deacoderz,area-52,768,shaman,restoration,12,8,4
Xannysnapper,zuljin,768,shaman,restoration,12,8,4
Animus,dark-iron,768,shaman,restoration,12,8,4
Chairstain,kelthuzad,768,shaman,restoration,12,8,4
Pingatronx,ragnaros,768,shaman,restoration,18,8,10
Toastjr,frostmourne,768,shaman,restoration,18,8,10
Sleepysham,kelthuzad,768,shaman,restoration,18,8,10
Goranzo,emerald-dream,768,shaman,restoration,18,8,10
Peegee,zuluhed,768,shaman,restoration,18,8,10
Kelta,kelthuzad,768,shaman,restoration,18,8,10
Ittøki,tichondrius,768,shaman,restoration,18,8,10
Hathul,bleeding-hollow,768,shaman,restoration,18,8,10
Chomang,stormreaver,768,shaman,restoration,24,8,16
Squirtrussel,boulderfist,767,shaman,restoration,12,8,4
Fwwrs,illidan,767,shaman,restoration,12,8,4
Totem,burning-legion,767,shaman,restoration,18,8,10
Agrîm,tichondrius,767,shaman,restoration,24,8,16
Karaaka,ysera,767,shaman,restoration,24,8,16
Tundertotem,tichondrius,766,shaman,restoration,15,9,6
Faegle,area-52,757,shaman,restoration,18,8,10
Getpurged,thrall,751,shaman,restoration,17,8,9
Volsdeep,illidan,720,shaman,restoration,15,8,7
Sasgöb,illidan,719,shaman,restoration,17,8,9
Immabòt,tichondrius,719,shaman,restoration,17,8,9
Kencyzz,tichondrius,703,shaman,restoration,11,8,3
Xinz,guldan,703,shaman,restoration,11,8,3
Garbagedump,burning-legion,703,shaman,restoration,14,8,6
Krilick,blackrock,687,shaman,restoration,11,8,3
Cardïß,tichondrius,672,shaman,restoration,12,7,5
Pissticles,bleeding-hollow,672,shaman,restoration,12,7,5
Specifyz,arathor,672,shaman,restoration,12,7,5
Miketheseal,bleeding-hollow,672,shaman,restoration,12,7,5
Girthquake,agamaggan,672,shaman,restoration,12,7,5
Gornu,nemesis,672,shaman,restoration,12,7,5
Dizzyswift,tichondrius,672,shaman,restoration,12,7,5
Colterr,thunderhorn,672,shaman,restoration,12,7,5
Krewesham,uldaman,672,shaman,restoration,12,7,5
Thunderborn,laughing-skull,672,shaman,restoration,12,7,5
Squimbert,tichondrius,672,shaman,restoration,18,7,11
Mastrionilol,dragonmaw,672,shaman,restoration,18,7,11
Chlckenx,tichondrius,672,shaman,restoration,18,7,11
Censyzz,tichondrius,672,shaman,restoration,18,7,11
Keybordternr,tichondrius,672,shaman,restoration,18,7,11
Fierymoo,frostmourne,672,shaman,restoration,18,7,11
Mikeyodinson,area-52,671,shaman,restoration,12,7,5
ßøvîn,thrall,671,shaman,restoration,12,7,5
Kandin,icecrown,671,shaman,restoration,12,7,5
Orjamba,barthilas,671,shaman,restoration,12,7,5
Kultirio,quelthalas,671,shaman,restoration,13,7,6
Soulmiracle,tichondrius,671,shaman,restoration,18,7,11
Caobuloso,azralon,671,shaman,restoration,18,7,11
Totemist,tichondrius,671,shaman,restoration,18,7,11
Ulala,azshara,671,shaman,restoration,18,7,11
Zetli,tichondrius,671,shaman,restoration,18,7,11
Stormcallerr,sargeras,670,shaman,restoration,12,7,5
Restosud,crushridge,670,shaman,restoration,12,7,5
Shamanastic,tichondrius,670,shaman,restoration,12,7,5
Genjuu,proudmoore,670,shaman,restoration,18,7,11
Vulkova,illidan,669,shaman,restoration,18,7,11
Stabix,tichondrius,668,shaman,restoration,18,7,11
Sindury,tichondrius,668,shaman,restoration,18,7,11
Cameltotêm,frostmourne,666,shaman,restoration,12,7,5
Slothstorm,barthilas,657,shaman,restoration,23,10,13
Jineluki,emerald-dream,638,shaman,restoration,11,7,4
Tawahka,hyjal,638,shaman,restoration,20,8,12
Pèpé,sargeras,607,shaman,restoration,12,9,3
Amperage,spirestone,590,shaman,restoration,19,7,12
Vrom,whisperwind,576,shaman,restoration,6,6,0
Lfhotmoms,moon-guard,576,shaman,restoration,6,6,0
Bigamez,azuremyst,576,shaman,restoration,6,6,0
Restobyte,moon-guard,576,shaman,restoration,12,6,6
Motatos,malganis,576,shaman,restoration,12,6,6
Strives,icecrown,576,shaman,restoration,12,6,6
Zechary,proudmoore,576,shaman,restoration,12,6,6
Bigdampurge,illidan,576,shaman,restoration,12,6,6
Ryùko,proudmoore,576,shaman,restoration,12,6,6
Sweetpotatoe,malganis,576,shaman,restoration,12,6,6
Potf,illidan,576,shaman,restoration,12,6,6
Wuruizec,illidan,576,shaman,restoration,12,6,6
Atsukaia,tichondrius,576,shaman,restoration,12,6,6
Lunds,tichondrius,576,shaman,restoration,12,6,6
Szeav,tichondrius,576,shaman,restoration,12,6,6
Beyoncé,lethon,576,shaman,restoration,12,6,6
Nickwoper,emerald-dream,576,shaman,restoration,12,6,6
Jazzlightnin,tichondrius,576,shaman,restoration,12,6,6
Ataia,tichondrius,576,shaman,restoration,12,6,6
Trewlolz,sargeras,576,shaman,restoration,12,6,6
Ggezlmao,bleeding-hollow,576,shaman,restoration,12,6,6
Semnicktotem,area-52,576,shaman,restoration,18,6,12
Anußis,stormrage,576,shaman,restoration,24,6,18
Kirawindu,zuljin,575,shaman,restoration,12,6,6
Redds,tichondrius,575,shaman,restoration,12,6,6
Stahlman,blackhand,575,shaman,restoration,12,6,6
Babytiramisu,stormrage,575,shaman,restoration,12,6,6
Bearlysober,draka,575,shaman,restoration,18,6,12
Lokhtar,zuljin,574,shaman,restoration,12,6,6
Kikahna,stormreaver,574,shaman,restoration,15,7,8
Kunshíí,bleeding-hollow,574,shaman,restoration,15,6,9
Twoflower,frostmourne,574,shaman,restoration,24,6,18
Getwetand,quelthalas,571,shaman,restoration,25,6,19
Shammystic,quelthalas,570,shaman,restoration,24,6,18
Raywhiter,tichondrius,543,shaman,restoration,20,7,13
Trouvaille,tichondrius,522,shaman,restoration,19,7,12
Ttvfoxyllama,tichondrius,522,shaman,restoration,22,8,14
Hazorele,nagrand,517,shaman,restoration,16,8,8
Cigaretter,tichondrius,511,shaman,restoration,8,6,2
Bômi,tichondrius,496,shaman,restoration,13,6,7
Zuljiba,illidan,495,shaman,restoration,7,6,1
Dogecoincäsh,sargeras,489,shaman,restoration,19,10,9
Lastdwarf,tichondrius,480,shaman,restoration,6,5,1
Blowurbubble,tichondrius,480,shaman,restoration,6,5,1
Springtide,thrall,480,shaman,restoration,6,5,1
Fàrrò,thrall,480,shaman,restoration,6,5,1
Rantòn,bleeding-hollow,480,shaman,restoration,6,5,1
Blueclass,akama,480,shaman,restoration,6,5,1
Lavamon,illidan,480,shaman,restoration,6,5,1
Madoka,llane,480,shaman,restoration,6,5,1
Cantshear,zuljin,480,shaman,restoration,6,5,1
Hexgodx,illidan,480,shaman,restoration,6,5,1
Coreygunz,illidan,480,shaman,restoration,6,5,1
Montageb,illidan,480,shaman,restoration,9,6,3
Laodo,tichondrius,480,shaman,restoration,10,6,4
Wraethy,illidan,480,shaman,restoration,12,5,7
Mitchestic,illidan,480,shaman,restoration,12,5,7
Ericzlassoz,tichondrius,480,shaman,restoration,12,5,7
Mvpstorm,darkspear,480,shaman,restoration,12,5,7
Weebzealot,kelthuzad,480,shaman,restoration,12,5,7
Maakasarg,tichondrius,480,shaman,restoration,12,5,7
Edisto,darkspear,480,shaman,restoration,12,5,7
Akubai,kelthuzad,480,shaman,restoration,12,5,7
Yungtooth,emerald-dream,480,shaman,restoration,12,5,7
Doop,kiljaeden,480,shaman,restoration,12,5,7
Carltonbanks,aggramar,480,shaman,restoration,12,5,7
Kakiscala,proudmoore,480,shaman,restoration,12,5,7
Boryndor,stormrage,480,shaman,restoration,12,5,7
Derbain,caelestrasz,480,shaman,restoration,12,5,7
Saviørkai,barthilas,480,shaman,restoration,12,5,7
Neosham,frostwolf,480,shaman,restoration,12,5,7
Larvabust,azralon,480,shaman,restoration,12,5,7
Vegaslights,tichondrius,480,shaman,restoration,12,5,7
Jsoto,ghostlands,480,shaman,restoration,12,5,7
Shämpäin,moon-guard,480,shaman,restoration,12,5,7
Sixtyninelol,thunderlord,480,shaman,restoration,12,5,7
Devastian,quelthalas,480,shaman,restoration,12,5,7
Jisthexx,senjin,480,shaman,restoration,12,5,7
Unchaman,ragnaros,480,shaman,restoration,18,5,13
Thunderphury,proudmoore,480,shaman,restoration,18,5,13
Tedmosbe,tichondrius,480,shaman,restoration,18,5,13
Siyusm,illidan,480,shaman,restoration,24,5,19
Sâvage,zuljin,479,shaman,restoration,6,5,1
ßøn,altar-of-storms,479,shaman,restoration,6,5,1
Beardedone,durotan,479,shaman,restoration,12,5,7
Elemen,quelthalas,479,shaman,restoration,18,5,13
Dennwoop,sargeras,478,shaman,restoration,16,6,10
Stahlye,proudmoore,477,shaman,restoration,6,5,1
Akhae,duskwood,445,shaman,restoration,8,6,2
Bluepigo,tichondrius,432,shaman,restoration,9,5,4
Lampstand,wildhammer,431,shaman,restoration,11,5,6
Hicys,azralon,425,shaman,restoration,8,8,0
Clapton,darkspear,400,shaman,restoration,19,5,14
Buffdestru,azralon,384,shaman,restoration,6,4,2
Sorgal,area-52,384,shaman,restoration,6,4,2
Problamatic,tichondrius,384,shaman,restoration,6,4,2
Éarl,sargeras,384,shaman,restoration,6,4,2
Privxd,bleeding-hollow,384,shaman,restoration,6,4,2
Circuits,malganis,384,shaman,restoration,6,4,2
Hooldcool,tichondrius,384,shaman,restoration,6,4,2
Bluebones,frostmane,384,shaman,restoration,6,4,2
Sweatshirtz,tanaris,384,shaman,restoration,6,4,2
Ravaburst,sargeras,384,shaman,restoration,6,4,2
Reuxxe,area-52,384,shaman,restoration,6,4,2
Drfentanylx,emerald-dream,384,shaman,restoration,6,4,2
Kachupinsito,ragnaros,384,shaman,restoration,6,4,2
Shamyshame,quelthalas,384,shaman,restoration,6,4,2
Teftx,area-52,384,shaman,restoration,6,4,2
Tisaa,tichondrius,384,shaman,restoration,6,4,2
Bakayarøu,tichondrius,384,shaman,restoration,6,4,2
Breadx,khaz-modan,384,shaman,restoration,6,4,2
Bigboorst,kelthuzad,384,shaman,restoration,6,4,2
Kencysz,tichondrius,384,shaman,restoration,6,4,2
Tpokes,sargeras,384,shaman,restoration,6,4,2
Jìmmybuckets,tichondrius,384,shaman,restoration,6,4,2
Glark,tichondrius,384,shaman,restoration,6,4,2
Kustum,tichondrius,384,shaman,restoration,6,4,2
Balsonz,zuljin,384,shaman,restoration,6,4,2
Kensyz,tichondrius,384,shaman,restoration,6,4,2
Curador,nemesis,384,shaman,restoration,6,4,2
Forcè,bleeding-hollow,384,shaman,restoration,6,4,2
Sin,bleeding-hollow,384,shaman,restoration,6,4,2
Deyodin,illidan,384,shaman,restoration,6,4,2
Shamansrock,tichondrius,384,shaman,restoration,6,4,2
Peppito,illidan,384,shaman,restoration,6,4,2
Shamcena,the-scryers,384,shaman,restoration,6,4,2
Ãrthor,stormrage,384,shaman,restoration,6,4,2
Abovesky,proudmoore,384,shaman,restoration,6,4,2
Exportgold,barthilas,384,shaman,restoration,6,4,2
Nemix,barthilas,384,shaman,restoration,6,4,2
Fluxxy,tichondrius,384,shaman,restoration,6,4,2
Mentyb,emerald-dream,384,shaman,restoration,12,4,8
Magatotem,sargeras,384,shaman,restoration,12,4,8
Kermut,frostmourne,384,shaman,restoration,12,4,8
Milkstress,whisperwind,384,shaman,restoration,12,4,8
Chessyc,ragnaros,384,shaman,restoration,12,4,8
Healswin,sargeras,384,shaman,restoration,12,4,8
Nosekandyz,chogall,384,shaman,restoration,12,4,8
Mastrionilol,stormrage,384,shaman,restoration,12,4,8
Tákhisis,darkspear,384,shaman,restoration,12,4,8
Feldstar,stormrage,384,shaman,restoration,12,4,8
Cosmô,sargeras,384,shaman,restoration,12,4,8
Dukaman,malganis,384,shaman,restoration,18,4,14
Bigripnow,sargeras,384,shaman,restoration,18,4,14
Kafkaesk,tichondrius,384,shaman,restoration,18,4,14
Grullander,hakkar,383,shaman,restoration,6,4,2
Dahmerjr,area-52,383,shaman,restoration,6,4,2
Cæl,azralon,383,shaman,restoration,9,5,4
Retgarr,tichondrius,383,shaman,restoration,12,4,8
Rikswordfire,wyrmrest-accord,383,shaman,restoration,12,4,8
Huugsnkissez,sargeras,383,shaman,restoration,12,4,8
Sekkuo,kiljaeden,383,shaman,restoration,12,4,8
Doomgodx,tichondrius,382,shaman,restoration,12,4,8
Bloodmoôn,frostmourne,381,shaman,restoration,12,4,8
Haether,madoran,381,shaman,restoration,12,4,8
Matrìx,sargeras,320,shaman,restoration,20,5,15
Spampurge,blackwing-lair,319,shaman,restoration,5,4,1
Daddyk,gnomeregan,304,shaman,restoration,7,4,3
Elevatezxo,stormrage,304,shaman,restoration,7,4,3
Sonsii,tichondrius,288,shaman,restoration,6,3,3
Klimax,tichondrius,288,shaman,restoration,6,3,3
Lurue,tichondrius,288,shaman,restoration,6,3,3
Sunyang,tichondrius,288,shaman,restoration,6,3,3
Tineer,tichondrius,288,shaman,restoration,6,3,3
Cencyzz,tichondrius,288,shaman,restoration,6,3,3
Tevya,dalvengyr,288,shaman,restoration,6,3,3
Mudtide,tichondrius,288,shaman,restoration,6,3,3
Ixis,bleeding-hollow,288,shaman,restoration,6,3,3
Kabasan,illidan,288,shaman,restoration,6,3,3
Taproots,ursin,288,shaman,restoration,6,3,3
Youngie,dathremar,288,shaman,restoration,6,3,3
Zombaschamy,ragnaros,288,shaman,restoration,6,3,3
Kikkóman,malganis,288,shaman,restoration,6,3,3
Pjtremblay,frostmourne,288,shaman,restoration,6,3,3
Naturasol,quelthalas,288,shaman,restoration,6,3,3
Kanntok,quelthalas,288,shaman,restoration,6,3,3
Eleresto,tichondrius,288,shaman,restoration,6,3,3
Bigbadpercy,frostmourne,288,shaman,restoration,6,3,3
Wreckaholic,alterac-mountains,288,shaman,restoration,6,3,3
Zoltide,sargeras,288,shaman,restoration,6,3,3
Apathcat,the-forgotten-coast,288,shaman,restoration,6,3,3
Fevolution,dreadmaul,288,shaman,restoration,6,3,3
Voron,kiljaeden,288,shaman,restoration,6,3,3
Nøir,drakkari,288,shaman,restoration,6,3,3
Cloudsh,silvermoon,288,shaman,restoration,6,3,3
Groundingtot,hydraxis,288,shaman,restoration,6,3,3
Shamjam,moon-guard,288,shaman,restoration,6,3,3
Brainal,sargeras,288,shaman,restoration,6,3,3
Uggerz,barthilas,288,shaman,restoration,6,3,3
Lfgzookeeper,malganis,288,shaman,restoration,6,3,3
Megadabs,malganis,288,shaman,restoration,6,3,3
Ayev,illidan,288,shaman,restoration,6,3,3
Kisimi,proudmoore,288,shaman,restoration,6,3,3
Kunio,proudmoore,288,shaman,restoration,6,3,3
Sumdumshaman,illidan,288,shaman,restoration,6,3,3
Yunqboichay,kelthuzad,288,shaman,restoration,6,3,3
Nanishock,area-52,288,shaman,restoration,6,3,3
Greenberry,bonechewer,288,shaman,restoration,6,3,3
Improvize,malganis,288,shaman,restoration,6,3,3
Sreve,malganis,288,shaman,restoration,6,3,3
Hannamayzing,arathor,288,shaman,restoration,6,3,3
Slimshämmy,area-52,288,shaman,restoration,6,3,3
Oilburner,malganis,288,shaman,restoration,6,3,3
Laucian,malganis,288,shaman,restoration,6,3,3
Jnzz,area-52,288,shaman,restoration,6,3,3
Bogz,korgath,288,shaman,restoration,6,3,3
Ñoobshaman,tichondrius,288,shaman,restoration,6,3,3
Kencyi,tichondrius,288,shaman,restoration,6,3,3
Chocopuff,bleeding-hollow,288,shaman,restoration,6,3,3
Ragnarüz,ragnaros,288,shaman,restoration,13,4,9
Possessing,illidan,288,shaman,restoration,12,3,9
Velesa,kiljaeden,288,shaman,restoration,12,3,9
Dragum,blackrock,288,shaman,restoration,12,3,9
Zéwel,tichondrius,288,shaman,restoration,12,3,9
Galarix,nerzhul,288,shaman,restoration,12,3,9
Ogran,stormscale,288,shaman,restoration,12,3,9
Scion,thaurissan,288,shaman,restoration,12,3,9
Showkinho,azralon,288,shaman,restoration,12,3,9
Shockszz,onyxia,288,shaman,restoration,18,3,15
Psilocypher,nazjatar,287,shaman,restoration,6,3,3
Chablez,shattered-hand,287,shaman,restoration,6,3,3
Turbö,hyjal,287,shaman,restoration,6,3,3
Churgarm,zuljin,287,shaman,restoration,12,3,9
Aureal,malganis,282,shaman,restoration,10,6,4
Tarlonygg,malganis,281,shaman,restoration,15,6,9
Lickerman,stormreaver,239,shaman,restoration,5,3,2
Treris,bleeding-hollow,239,shaman,restoration,5,3,2
Rainingheals,auchindoun,224,shaman,restoration,10,3,7
Dyllbar,tichondrius,223,shaman,restoration,8,3,5
Shamanbini,tichondrius,192,shaman,restoration,4,3,1
Ioki,spirestone,192,shaman,restoration,6,2,4
Vogaz,ragnaros,192,shaman,restoration,6,2,4
Meatyball,tichondrius,192,shaman,restoration,6,2,4
Deathwards,frostmane,192,shaman,restoration,6,2,4
Yngvii,tichondrius,192,shaman,restoration,6,2,4
Sphaerus,tichondrius,192,shaman,restoration,6,2,4
Hefestos,nemesis,192,shaman,restoration,6,2,4
Bitruff,tichondrius,192,shaman,restoration,6,2,4
Aviator,muradin,192,shaman,restoration,6,2,4
Dallìa,tichondrius,192,shaman,restoration,6,2,4
Halfinha,nemesis,192,shaman,restoration,6,2,4
Sannyasin,azralon,192,shaman,restoration,6,2,4
Kayadee,stormrage,192,shaman,restoration,6,2,4
Óompaloompa,frostmourne,192,shaman,restoration,6,2,4
Kupnicki,zuljin,192,shaman,restoration,6,2,4
Xoweeknd,stormrage,192,shaman,restoration,6,2,4
Oomme,area-52,192,shaman,restoration,6,2,4
Eatmymeatbal,illidan,192,shaman,restoration,6,2,4
Thundertusks,norgannon,192,shaman,restoration,6,2,4
Jukedlawl,illidan,192,shaman,restoration,6,2,4
Umadilia,area-52,192,shaman,restoration,6,2,4
Timbosteve,thrall,192,shaman,restoration,6,2,4
Jimmybutler,tichondrius,192,shaman,restoration,6,2,4
Lequandarius,sargeras,192,shaman,restoration,6,2,4
Dabrat,lightnings-blade,192,shaman,restoration,6,2,4
Plutoshaker,tichondrius,192,shaman,restoration,6,2,4
Amdshaman,thrall,192,shaman,restoration,6,2,4
Ara,zuljin,192,shaman,restoration,6,2,4
Krisu,kelthuzad,192,shaman,restoration,6,2,4
Bloodlustxo,frostmourne,192,shaman,restoration,6,2,4
Wasiri,illidan,192,shaman,restoration,6,2,4
Handzum,blades-edge,192,shaman,restoration,6,2,4
Eccentrix,mannoroth,192,shaman,restoration,6,2,4
Flubydont,icecrown,192,shaman,restoration,6,2,4
Flamehorns,malganis,192,shaman,restoration,6,2,4
Shäman,anetheron,192,shaman,restoration,6,2,4
Applicable,tichondrius,192,shaman,restoration,6,2,4
Julíp,tichondrius,192,shaman,restoration,6,2,4
Waterspinach,tichondrius,192,shaman,restoration,6,2,4
Nottoshammy,dalaran,192,shaman,restoration,6,2,4
Lvcianrs,thrall,192,shaman,restoration,12,2,10
Nytestalker,sargeras,192,shaman,restoration,12,2,10
Shockbot,stormscale,192,shaman,restoration,18,2,16
Malsturm,stormrage,191,shaman,restoration,6,2,4
Vazan,arthas,191,shaman,restoration,6,2,4
Fóurelements,malganis,191,shaman,restoration,6,2,4
Rastablaze,darkspear,191,shaman,restoration,12,2,10
Moocatpie,illidan,159,shaman,restoration,5,2,3
Prøduce,tichondrius,159,shaman,restoration,5,2,3
Hueymagoo,firetree,112,shaman,restoration,13,2,11
Jbahr,hyjal,96,shaman,restoration,3,2,1
Shamnnoodlez,area-52,96,shaman,restoration,6,1,5
Galiffa,area-52,96,shaman,restoration,6,1,5
Shamoover,kelthuzad,96,shaman,restoration,6,1,5
Tchamí,blackrock,96,shaman,restoration,6,1,5
Ogeez,area-52,96,shaman,restoration,6,1,5
Toroph,azralon,96,shaman,restoration,6,1,5
Dùffman,jubeithos,96,shaman,restoration,6,1,5
Restoz,thrall,96,shaman,restoration,6,1,5
Kaaying,tichondrius,96,shaman,restoration,6,1,5
Sshhammann,tichondrius,96,shaman,restoration,6,1,5
Goresx,tichondrius,96,shaman,restoration,6,1,5
Dókki,tichondrius,96,shaman,restoration,6,1,5
Twizzhurp,bleeding-hollow,96,shaman,restoration,6,1,5
Besylate,illidan,96,shaman,restoration,6,1,5
Conjunction,azjolnerub,96,shaman,restoration,6,1,5
Pootergash,shadowmoon,96,shaman,restoration,6,1,5
Meshugga,scarlet-crusade,96,shaman,restoration,6,1,5
Cluffatty,tichondrius,96,shaman,restoration,6,1,5
Oldguy,ragnaros,96,shaman,restoration,12,1,11
Meatlog,dalaran,96,shaman,restoration,12,1,11
Interwebzz,tichondrius,95,shaman,restoration,12,1,11
Dirtyshammy,mugthol,79,shaman,restoration,11,1,10
Ryforges,frostmourne,63,shaman,restoration,2,2,0
Darkn,cenarion-circle,31,shaman,restoration,2,1,1
Cashe,kiljaeden,2209,shaman,elemental,66,40,26
Jimmysporty,malganis,2135,shaman,elemental,84,43,41
Crøwgød,tichondrius,2070,shaman,elemental,61,38,23
Iavalash,bleeding-hollow,2046,shaman,elemental,83,42,41
Bronzer,tichondrius,2008,shaman,elemental,43,31,12
Bakenquake,tichondrius,1967,shaman,elemental,50,31,19
Jgmbs,dalaran,1951,shaman,elemental,54,34,20
Jeasham,malganis,1939,shaman,elemental,66,35,31
Molerat,illidan,1932,shaman,elemental,63,30,33
Bøøgaa,proudmoore,1918,shaman,elemental,54,30,24
Kaandel,azralon,1916,shaman,elemental,66,30,36
Hitzz,malganis,1902,shaman,elemental,36,24,12
Isdozzy,tichondrius,1879,shaman,elemental,42,25,17
Ultron,deathwing,1876,shaman,elemental,66,35,31
Gaymakaí,sargeras,1828,shaman,elemental,48,27,21
Trenzix,sargeras,1827,shaman,elemental,48,25,23
Notbpage,burning-blade,1807,shaman,elemental,48,28,20
Swigadee,tichondrius,1806,shaman,elemental,72,33,39
Emppege,tichondrius,1800,shaman,elemental,42,22,20
Utilitytotem,moon-guard,1783,shaman,elemental,78,44,34
Zqsyyds,illidan,1770,shaman,elemental,35,19,16
Matikz,boulderfist,1752,shaman,elemental,36,22,14
Manofsand,drenden,1739,shaman,elemental,54,27,27
Chunchünmaru,area-52,1726,shaman,elemental,41,24,17
Nonomori,frostmourne,1697,shaman,elemental,36,22,14
Chemjenn,korgath,1684,shaman,elemental,56,19,37
Safeword,nesingwary,1662,shaman,elemental,29,18,11
Meatbeaterx,bleeding-hollow,1630,shaman,elemental,30,17,13
Apyôn,tichondrius,1627,shaman,elemental,36,20,16
Mulak,frostmourne,1624,shaman,elemental,57,28,29
Juicébox,tichondrius,1612,shaman,elemental,30,17,13
Mytotemisbig,lothar,1610,shaman,elemental,32,20,12
Jaimenohex,illidan,1603,shaman,elemental,36,19,17
Gumballin,sargeras,1597,shaman,elemental,50,25,25
Deckìn,proudmoore,1574,shaman,elemental,74,39,35
Hexistential,tichondrius,1555,shaman,elemental,22,17,5
Buju,bleeding-hollow,1529,shaman,elemental,30,18,12
Tulol,tichondrius,1509,shaman,elemental,48,18,30
Loxshox,gnomeregan,1502,shaman,elemental,68,32,36
Evilraven,tichondrius,1500,shaman,elemental,54,25,29
Tuntar,ragnaros,1492,shaman,elemental,30,19,11
Huskër,tichondrius,1455,shaman,elemental,46,28,18
Malrom,kelthuzad,1442,shaman,elemental,58,36,22
Detonations,tichondrius,1439,shaman,elemental,18,15,3
Bronzers,tichondrius,1439,shaman,elemental,24,15,9
Notahappyone,area-52,1420,shaman,elemental,18,15,3
Mhaal,wyrmrest-accord,1408,shaman,elemental,44,18,26
Zechary,proudmoore,1394,shaman,elemental,42,17,25
Liloggie,illidan,1385,shaman,elemental,23,15,8
Biberom,kelthuzad,1378,shaman,elemental,45,24,21
Kawj,eonar,1344,shaman,elemental,18,14,4
Makazar,tichondrius,1344,shaman,elemental,24,14,10
Morluné,tichondrius,1343,shaman,elemental,33,16,17
Illbuyurmom,tichondrius,1333,shaman,elemental,30,14,16
Totem,burning-legion,1327,shaman,elemental,24,14,10
Ceedlamb,kelthuzad,1305,shaman,elemental,37,18,19
Fiftybeers,frostmourne,1295,shaman,elemental,23,14,9
Cptnmagma,bleeding-hollow,1271,shaman,elemental,48,23,25
Luvstospooj,thaurissan,1271,shaman,elemental,40,16,24
Robot,illidan,1248,shaman,elemental,24,13,11
Taranís,sargeras,1247,shaman,elemental,18,13,5
Zeylhe,proudmoore,1242,shaman,elemental,30,13,17
Clarix,quelthalas,1241,shaman,elemental,24,13,11
Sasageyo,tichondrius,1214,shaman,elemental,22,14,8
Beerofdoom,proudmoore,1214,shaman,elemental,30,15,15
Opaltsing,tichondrius,1211,shaman,elemental,29,13,16
Billydreams,drakkari,1192,shaman,elemental,35,13,22
Firecracker,warsong,1177,shaman,elemental,42,25,17
Dyxlol,tichondrius,1152,shaman,elemental,30,12,18
Kang,terenas,1150,shaman,elemental,18,12,6
Óompaloompa,frostmourne,1142,shaman,elemental,24,12,12
Semasham,khazgoroth,1068,shaman,elemental,25,12,13
Omnath,zuluhed,1067,shaman,elemental,17,12,5
Elefusion,sargeras,1056,shaman,elemental,18,11,7
Petrafk,illidan,1056,shaman,elemental,18,11,7
Highsteakss,tichondrius,1055,shaman,elemental,12,11,1
Dtab,tichondrius,1054,shaman,elemental,18,11,7
Kigoros,bleeding-hollow,1054,shaman,elemental,18,11,7
Sumnah,sargeras,1054,shaman,elemental,42,22,20
Johnwilke,area-52,1054,shaman,elemental,31,12,19
Taeilendar,ragnaros,1050,shaman,elemental,24,11,13
Dumpweed,stormscale,1047,shaman,elemental,24,11,13
Rollypolli,gnomeregan,1041,shaman,elemental,42,21,21
Mackq,tichondrius,1038,shaman,elemental,22,12,10
Skwiglz,tichondrius,1022,shaman,elemental,33,13,20
Wälee,sargeras,1013,shaman,elemental,41,20,21
Clapton,darkspear,1005,shaman,elemental,23,11,12
Thaelia,azgalor,967,shaman,elemental,22,13,9
Shammpain,barthilas,966,shaman,elemental,23,12,11
Billycool,tichondrius,960,shaman,elemental,18,10,8
Meatbeaterx,aggramar,960,shaman,elemental,18,10,8
Moartotems,kelthuzad,957,shaman,elemental,12,10,2
Izreborn,tichondrius,953,shaman,elemental,24,10,14
Doodleburger,dathremar,950,shaman,elemental,12,10,2
Streetmeat,crushridge,941,shaman,elemental,23,10,13
Threehandz,bleeding-hollow,903,shaman,elemental,43,15,28
Aragog,malygos,899,shaman,elemental,32,16,16
Trilz,barthilas,880,shaman,elemental,19,10,9
Ãmg,tichondrius,864,shaman,elemental,12,9,3
Ranjeesh,frostmourne,864,shaman,elemental,12,9,3
Sonire,tichondrius,864,shaman,elemental,24,9,15
Orksham,tichondrius,864,shaman,elemental,24,9,15
Shockay,tichondrius,863,shaman,elemental,26,10,16
Thaél,proudmoore,863,shaman,elemental,24,9,15
Illmental,kelthuzad,862,shaman,elemental,25,10,15
Baltharzhard,saurfang,861,shaman,elemental,18,9,9
Ayahuaskah,illidan,860,shaman,elemental,18,9,9
Sweatshock,frostmourne,860,shaman,elemental,18,9,9
Moacmathi,quelthalas,858,shaman,elemental,24,9,15
Hurky,sargeras,857,shaman,elemental,24,9,15
Vegaslights,tichondrius,816,shaman,elemental,21,9,12
Cheweydadawg,shandris,799,shaman,elemental,17,9,8
Bagovs,tichondrius,768,shaman,elemental,12,8,4
Buffele,tichondrius,768,shaman,elemental,12,8,4
Monkeysham,dathremar,768,shaman,elemental,12,8,4
Àspect,aegwynn,768,shaman,elemental,12,8,4
Miroen,tichondrius,768,shaman,elemental,18,8,10
Thundermatt,aegwynn,768,shaman,elemental,18,8,10
Cepheí,bleeding-hollow,768,shaman,elemental,18,8,10
Shockisha,sisters-of-elune,768,shaman,elemental,18,8,10
Topax,vashj,767,shaman,elemental,12,8,4
Drazzella,arthas,767,shaman,elemental,18,8,10
Chaposz,tichondrius,767,shaman,elemental,18,8,10
Hadèes,zuljin,767,shaman,elemental,24,8,16
Uglymuger,tichondrius,767,shaman,elemental,32,8,24
Zugzugthug,moon-guard,766,shaman,elemental,12,8,4
Jaapo,barthilas,765,shaman,elemental,18,8,10
Saanrixa,jubeithos,765,shaman,elemental,18,8,10
Zipzsham,maiev,736,shaman,elemental,10,9,1
Tenyks,tichondrius,736,shaman,elemental,16,9,7
Malosa,hyjal,734,shaman,elemental,23,8,15
Lowiqpleb,tichondrius,719,shaman,elemental,17,8,9
Ayetex,kelthuzad,672,shaman,elemental,12,7,5
Bestshamus,sargeras,672,shaman,elemental,12,7,5
Spoonforkorc,thrall,672,shaman,elemental,12,7,5
Soulrak,tichondrius,672,shaman,elemental,18,7,11
Lenå,moon-guard,671,shaman,elemental,12,7,5
Jacori,malganis,671,shaman,elemental,12,7,5
Yodahh,daggerspine,669,shaman,elemental,12,7,5
Xoelement,borean-tundra,669,shaman,elemental,12,7,5
Phuamya,dalaran,667,shaman,elemental,12,7,5
Sshaman,tichondrius,640,shaman,elemental,16,7,9
Megalithic,moon-guard,639,shaman,elemental,14,8,6
Thegloc,illidan,639,shaman,elemental,17,7,10
Koongram,area-52,623,shaman,elemental,11,7,4
Kumer,tichondrius,623,shaman,elemental,11,7,4
Bushdeedit,stormrage,623,shaman,elemental,17,7,10
Draghul,frostwolf,607,shaman,elemental,11,7,4
Illchayqt,frostmourne,591,shaman,elemental,11,7,4
Sugirukifuja,stormrage,589,shaman,elemental,11,7,4
Kasparøv,tichondrius,576,shaman,elemental,6,6,0
Saraguthix,dalaran,576,shaman,elemental,12,6,6
Doommjölnir,sargeras,576,shaman,elemental,12,6,6
Krupto,tichondrius,576,shaman,elemental,12,6,6
Endorovich,mannoroth,576,shaman,elemental,12,6,6
Tisaa,tichondrius,576,shaman,elemental,12,6,6
Eimear,kelthuzad,576,shaman,elemental,12,6,6
Uglymugshock,tichondrius,576,shaman,elemental,18,6,12
Shachone,zuljin,575,shaman,elemental,12,6,6
Nemei,zuljin,575,shaman,elemental,12,6,6
Shøckolate,magtheridon,575,shaman,elemental,12,6,6
Jyster,area-52,573,shaman,elemental,18,6,12
Totempaul,frostmourne,570,shaman,elemental,18,6,12
Lff,stormrage,480,shaman,elemental,6,5,1
Handzum,blades-edge,480,shaman,elemental,6,5,1
Farku,illidan,480,shaman,elemental,6,5,1
Isekai,alterac-mountains,480,shaman,elemental,6,5,1
Sxr,moon-guard,480,shaman,elemental,6,5,1
Nazz,cenarion-circle,480,shaman,elemental,6,5,1
Scaman,tichondrius,480,shaman,elemental,6,5,1
Shockshammy,kiljaeden,480,shaman,elemental,6,5,1
Hotdogwaterx,tichondrius,480,shaman,elemental,6,5,1
Slumpinator,tichondrius,480,shaman,elemental,12,5,7
Stayz,tichondrius,480,shaman,elemental,12,5,7
Zajashuna,malganis,480,shaman,elemental,12,5,7
Smoketide,stormrage,480,shaman,elemental,12,5,7
Climhazard,senjin,480,shaman,elemental,12,5,7
Cùìó,barthilas,480,shaman,elemental,12,5,7
Yippeekiyay,zuluhed,480,shaman,elemental,15,6,9
Hufflefluffs,kiljaeden,415,shaman,elemental,8,5,3
Novoz,tichondrius,384,shaman,elemental,6,4,2
Grimlên,skullcrusher,384,shaman,elemental,6,4,2
Dgshaman,tichondrius,384,shaman,elemental,6,4,2
Wodgodx,sargeras,384,shaman,elemental,6,4,2
Rahkarg,korgath,384,shaman,elemental,6,4,2
Ðomzy,tichondrius,384,shaman,elemental,6,4,2
Lardaz,darkspear,384,shaman,elemental,6,4,2
Ktom,runetotem,384,shaman,elemental,6,4,2
Munchies,madoran,384,shaman,elemental,6,4,2
Lukora,stonemaul,384,shaman,elemental,6,4,2
Taxd,sargeras,384,shaman,elemental,6,4,2
Thandius,arygos,384,shaman,elemental,6,4,2
Hueymagoo,firetree,384,shaman,elemental,6,4,2
Johnsju,sargeras,384,shaman,elemental,6,4,2
Sleepysham,kelthuzad,384,shaman,elemental,6,4,2
Borgmash,chogall,384,shaman,elemental,6,4,2
Thorlottie,stormrage,384,shaman,elemental,6,4,2
Conductivity,frostmourne,384,shaman,elemental,6,4,2
Golozok,zuljin,384,shaman,elemental,6,4,2
Pozcaster,tichondrius,384,shaman,elemental,12,4,8
Grimitt,suramar,384,shaman,elemental,12,4,8
Mercs,frostmourne,384,shaman,elemental,12,4,8
Lavasurge,area-52,384,shaman,elemental,12,4,8
Feetfungus,area-52,384,shaman,elemental,12,4,8
Rafiki,haomarush,384,shaman,elemental,12,4,8
Vjeze,frostmourne,384,shaman,elemental,18,4,14
Hansolorz,tichondrius,384,shaman,elemental,18,4,14
Stormfronts,kelthuzad,336,shaman,elemental,9,4,5
Gravygumdrop,tichondrius,319,shaman,elemental,8,4,4
Sweetbabyraé,bleeding-hollow,304,shaman,elemental,7,4,3
Tsunamibrew,moon-guard,302,shaman,elemental,9,4,5
Procdepartme,area-52,288,shaman,elemental,6,3,3
Talfur,area-52,288,shaman,elemental,6,3,3
Pipesable,ragnaros,288,shaman,elemental,6,3,3
Stitchis,black-dragonflight,288,shaman,elemental,6,3,3
Exceedër,ragnaros,288,shaman,elemental,6,3,3
Mabite,frostmourne,288,shaman,elemental,6,3,3
Moctezumma,area-52,288,shaman,elemental,6,3,3
Telain,quelthalas,288,shaman,elemental,6,3,3
Passion,sargeras,288,shaman,elemental,6,3,3
Zap,wyrmrest-accord,288,shaman,elemental,6,3,3
Bizle,jaedenar,288,shaman,elemental,6,3,3
Imense,sargeras,288,shaman,elemental,6,3,3
Cuban,kelthuzad,288,shaman,elemental,6,3,3
Blaydin,elune,288,shaman,elemental,6,3,3
Ioki,spirestone,288,shaman,elemental,6,3,3
Eluulne,silvermoon,288,shaman,elemental,6,3,3
Healingtime,nerzhul,288,shaman,elemental,6,3,3
Éarl,sargeras,288,shaman,elemental,6,3,3
Rolltìde,tichondrius,288,shaman,elemental,6,3,3
Zzarit,tichondrius,288,shaman,elemental,6,3,3
Mønønøke,tichondrius,288,shaman,elemental,6,3,3
Deyodin,illidan,288,shaman,elemental,6,3,3
Luhz,tichondrius,288,shaman,elemental,6,3,3
Squealer,sargeras,288,shaman,elemental,6,3,3
Kimkar,bleeding-hollow,288,shaman,elemental,6,3,3
Autisty,sargeras,288,shaman,elemental,6,3,3
Thuntard,bleeding-hollow,288,shaman,elemental,6,3,3
Sin,bleeding-hollow,288,shaman,elemental,6,3,3
Dràgoon,thrall,288,shaman,elemental,6,3,3
Thündermoose,tichondrius,288,shaman,elemental,6,3,3
Forgediniron,stormrage,288,shaman,elemental,6,3,3
Beatryx,the-scryers,288,shaman,elemental,6,3,3
Caninius,sargeras,288,shaman,elemental,6,3,3
Simada,tichondrius,288,shaman,elemental,6,3,3
Vkzz,sargeras,288,shaman,elemental,6,3,3
Earthclap,tichondrius,288,shaman,elemental,6,3,3
Shizamm,hyjal,288,shaman,elemental,6,3,3
Gjaj,tichondrius,288,shaman,elemental,6,3,3
Doop,kiljaeden,288,shaman,elemental,6,3,3
Maldini,tol-barad,288,shaman,elemental,6,3,3
Trenhance,stormrage,288,shaman,elemental,6,3,3
Hexxás,bloodscalp,288,shaman,elemental,9,4,5
Grimnur,bleeding-hollow,288,shaman,elemental,11,3,8
Yasuriyamile,illidan,288,shaman,elemental,12,3,9
Oznog,bleeding-hollow,288,shaman,elemental,12,3,9
Nøir,drakkari,288,shaman,elemental,12,3,9
Káládin,malganis,288,shaman,elemental,12,3,9
Strikzjr,frostmourne,287,shaman,elemental,6,3,3
Cropdustr,sargeras,286,shaman,elemental,6,3,3
Gorjun,stormrage,281,shaman,elemental,16,6,10
Oxxnabatko,amanthul,240,shaman,elemental,9,3,6
Spunjie,frostmourne,239,shaman,elemental,5,3,2
Totemchucker,stormrage,192,shaman,elemental,9,3,6
Delement,ragnaros,192,shaman,elemental,6,2,4
Ladash,ragnaros,192,shaman,elemental,6,2,4
Smellyogre,area-52,192,shaman,elemental,6,2,4
Harrypotqueu,zuljin,192,shaman,elemental,6,2,4
Hollowbaby,tichondrius,192,shaman,elemental,6,2,4
Blastj,tichondrius,192,shaman,elemental,6,2,4
Ric,malganis,192,shaman,elemental,6,2,4
Zeldrys,emerald-dream,192,shaman,elemental,6,2,4
Zaxibow,area-52,192,shaman,elemental,6,2,4
Kkangsiki,tichondrius,192,shaman,elemental,6,2,4
Machalo,sargeras,192,shaman,elemental,6,2,4
Dehsaw,illidan,192,shaman,elemental,6,2,4
Sgorr,illidan,192,shaman,elemental,6,2,4
Tampíco,ragnaros,192,shaman,elemental,6,2,4
Däbü,tichondrius,192,shaman,elemental,6,2,4
Shåmwowz,sargeras,192,shaman,elemental,6,2,4
Ffaísca,azralon,192,shaman,elemental,6,2,4
Shamsky,tichondrius,192,shaman,elemental,6,2,4
Zoeytur,sargeras,192,shaman,elemental,6,2,4
Oriyani,sargeras,192,shaman,elemental,6,2,4
Letronix,azralon,192,shaman,elemental,6,2,4
Bigbadbolt,malganis,192,shaman,elemental,6,2,4
Trizzeh,moon-guard,192,shaman,elemental,6,2,4
Darkrock,echo-isles,192,shaman,elemental,6,2,4
Krilick,blackrock,192,shaman,elemental,6,2,4
Venekk,shattered-hand,192,shaman,elemental,6,2,4
Bitflip,jubeithos,192,shaman,elemental,6,2,4
Grandmaster,frostmourne,192,shaman,elemental,6,2,4
Zuroster,kiljaeden,192,shaman,elemental,7,2,5
Shamanic,dunemaul,192,shaman,elemental,7,2,5
Rìddles,malygos,192,shaman,elemental,12,2,10
Råys,turalyon,159,shaman,elemental,5,2,3
Uracemytotem,kiljaeden,138,shaman,elemental,10,3,7
Taraneh,garrosh,136,shaman,elemental,9,3,6
Rahloo,sargeras,127,shaman,elemental,8,2,6
Winiethepoöh,stormrage,96,shaman,elemental,6,1,5
Drmn,frostmourne,96,shaman,elemental,6,1,5
Ludacrìtz,stormrage,96,shaman,elemental,6,1,5
Mugiwára,ragnaros,96,shaman,elemental,6,1,5
Toho,ragnaros,96,shaman,elemental,6,1,5
Obiwonsamdi,illidan,96,shaman,elemental,6,1,5
Toxidizetkö,azralon,96,shaman,elemental,6,1,5
Ripklanian,blood-furnace,96,shaman,elemental,6,1,5
Zral,emerald-dream,96,shaman,elemental,6,1,5
Jedley,azshara,96,shaman,elemental,6,1,5
Gan,silvermoon,96,shaman,elemental,6,1,5
Honeybean,tichondrius,96,shaman,elemental,6,1,5
Sàuron,tichondrius,96,shaman,elemental,6,1,5
Sinsar,illidan,96,shaman,elemental,6,1,5
Oohkillemm,silvermoon,96,shaman,elemental,6,1,5
Doughboy,khadgar,64,shaman,elemental,4,1,3
Babyblake,malganis,63,shaman,elemental,2,2,0
Hentaistorm,kiljaeden,48,shaman,elemental,3,1,2
Fwwrs,illidan,31,shaman,elemental,2,1,1
Dopeysimida,illidan,2124,shaman,enhancement,53,38,15
Nopnopajnin,tichondrius,2110,shaman,enhancement,78,39,39
Zarktwo,azralon,2063,shaman,enhancement,78,43,35
Veggiess,emerald-dream,2055,shaman,enhancement,124,61,63
Doomwìnds,stormrage,1999,shaman,enhancement,120,65,55
Stew,illidan,1990,shaman,enhancement,54,34,20
Jisung,tichondrius,1987,shaman,enhancement,42,31,11
Baseballcap,sargeras,1969,shaman,enhancement,54,35,19
Musclebrainz,tichondrius,1952,shaman,enhancement,54,26,28
Rozboiclique,frostmourne,1931,shaman,enhancement,120,83,37
Zootywild,tichondrius,1921,shaman,enhancement,72,42,30
Shakeys,tichondrius,1907,shaman,enhancement,53,34,19
Megalithic,moon-guard,1904,shaman,enhancement,48,38,10
Realypump,area-52,1904,shaman,enhancement,54,33,21
Futeuncle,tichondrius,1901,shaman,enhancement,42,23,19
Beañ,barthilas,1879,shaman,enhancement,93,51,42
Eityhdz,tichondrius,1862,shaman,enhancement,186,98,88
Alleys,tichondrius,1862,shaman,enhancement,60,31,29
Balgron,emerald-dream,1862,shaman,enhancement,41,20,21
Aýanokoji,tichondrius,1854,shaman,enhancement,44,25,19
Artenior,stormrage,1854,shaman,enhancement,46,25,21
Louiev,bleeding-hollow,1840,shaman,enhancement,42,26,16
Jayhastotems,area-52,1832,shaman,enhancement,78,58,20
Imchuckbass,tichondrius,1828,shaman,enhancement,62,31,31
Konfuzious,emerald-dream,1826,shaman,enhancement,75,47,28
Undertów,area-52,1818,shaman,enhancement,42,24,18
Musclebrain,tichondrius,1817,shaman,enhancement,54,23,31
Typhe,bleeding-hollow,1811,shaman,enhancement,30,19,11
Garai,emerald-dream,1809,shaman,enhancement,69,37,32
Bikboisteez,barthilas,1808,shaman,enhancement,74,38,36
Novedz,illidan,1807,shaman,enhancement,38,26,12
Swrdfsh,tichondrius,1802,shaman,enhancement,60,31,29
Zarasvati,tichondrius,1784,shaman,enhancement,48,28,20
Hooftoface,moon-guard,1760,shaman,enhancement,48,26,22
Windflex,emerald-dream,1728,shaman,enhancement,62,34,28
Saul,tichondrius,1726,shaman,enhancement,30,18,12
Iamashaman,malganis,1720,shaman,enhancement,90,45,45
Wrathics,emerald-dream,1702,shaman,enhancement,60,32,28
Doomberrie,thrall,1698,shaman,enhancement,30,22,8
Halfzugzug,sargeras,1697,shaman,enhancement,30,21,9
Bbshock,stormrage,1694,shaman,enhancement,42,29,13
Xiaoxiaoxi,tichondrius,1694,shaman,enhancement,42,23,19
Shamanees,area-52,1681,shaman,enhancement,42,25,17
Windfury,chogall,1678,shaman,enhancement,42,23,19
Smartbunny,illidan,1673,shaman,enhancement,48,28,20
Heisna,stormrage,1668,shaman,enhancement,78,44,34
Zappithorus,stormrage,1667,shaman,enhancement,30,22,8
Axegerd,quelthalas,1662,shaman,enhancement,45,21,24
Turbowolf,sargeras,1656,shaman,enhancement,44,18,26
Slapnarp,wyrmrest-accord,1655,shaman,enhancement,36,20,16
Madonion,zuljin,1653,shaman,enhancement,36,22,14
Askpuntee,sargeras,1635,shaman,enhancement,42,25,17
Electricity,tichondrius,1633,shaman,enhancement,55,23,32
Miketideson,proudmoore,1632,shaman,enhancement,36,22,14
Tettnanger,azralon,1630,shaman,enhancement,31,19,12
Åvarice,shattered-halls,1626,shaman,enhancement,54,22,32
Xaltas,moon-guard,1623,shaman,enhancement,24,19,5
Shamgawd,illidan,1617,shaman,enhancement,36,20,16
Ëxceeder,ragnaros,1606,shaman,enhancement,36,20,16
Orkuss,illidan,1602,shaman,enhancement,36,19,17
Wetdraenei,moon-guard,1589,shaman,enhancement,37,20,17
Landlordxx,area-52,1583,shaman,enhancement,34,20,14
Elementin,kelthuzad,1583,shaman,enhancement,54,28,26
Smash,fenris,1581,shaman,enhancement,52,26,26
Elryl,sargeras,1579,shaman,enhancement,60,32,28
Uracemytotem,kiljaeden,1576,shaman,enhancement,48,34,14
Kindaretro,tichondrius,1568,shaman,enhancement,36,23,13
Mindfields,barthilas,1563,shaman,enhancement,44,28,16
Dcg,hyjal,1555,shaman,enhancement,35,17,18
Loadiez,frostmourne,1544,shaman,enhancement,24,19,5
Ðr,earthen-ring,1535,shaman,enhancement,26,18,8
Kalvishdam,dalaran,1535,shaman,enhancement,24,16,8
Larrylardazz,tichondrius,1530,shaman,enhancement,55,36,19
Spippippin,illidan,1530,shaman,enhancement,30,16,14
Haishoe,stormrage,1526,shaman,enhancement,30,17,13
Speedrush,nagrand,1520,shaman,enhancement,24,18,6
Reflexsivx,malganis,1515,shaman,enhancement,24,16,8
Totemnikiel,stormrage,1515,shaman,enhancement,30,16,14
Small,alleria,1508,shaman,enhancement,30,17,13
Quakenbake,emerald-dream,1491,shaman,enhancement,33,20,13
Antek,quelthalas,1491,shaman,enhancement,48,26,22
Wingshaman,illidan,1475,shaman,enhancement,42,20,22
Shamom,silver-hand,1468,shaman,enhancement,36,20,16
Ràntòn,bleeding-hollow,1451,shaman,enhancement,23,16,7
Poizele,tichondrius,1442,shaman,enhancement,82,48,34
Whírlwínd,area-52,1439,shaman,enhancement,24,15,9
Tamtam,gorefiend,1438,shaman,enhancement,24,15,9
Algresh,muradin,1437,shaman,enhancement,30,15,15
Rexoss,hyjal,1434,shaman,enhancement,57,30,27
Stonetrog,blackrock,1428,shaman,enhancement,18,15,3
Gorillahazed,tichondrius,1419,shaman,enhancement,30,15,15
Gambazzlok,terokkar,1416,shaman,enhancement,24,15,9
Daddyzap,stormrage,1413,shaman,enhancement,74,41,33
Lazugga,area-52,1410,shaman,enhancement,63,35,28
Fhenh,proudmoore,1378,shaman,enhancement,50,27,23
Taò,tichondrius,1359,shaman,enhancement,33,20,13
Rbmx,frostmourne,1345,shaman,enhancement,40,25,15
Jàro,thrall,1343,shaman,enhancement,30,14,16
Mcshockturds,tichondrius,1340,shaman,enhancement,18,14,4
Nyckysh,illidan,1340,shaman,enhancement,18,14,4
Bitsuey,frostmourne,1337,shaman,enhancement,24,14,10
Datblueboi,dalaran,1330,shaman,enhancement,59,33,26
Lüca,wyrmrest-accord,1321,shaman,enhancement,28,16,12
Struck,emerald-dream,1310,shaman,enhancement,24,17,7
Tsaheylu,barthilas,1307,shaman,enhancement,42,18,24
Qvibin,tichondrius,1305,shaman,enhancement,18,14,4
Johnwilke,area-52,1303,shaman,enhancement,60,29,31
Gettatotem,frostmourne,1299,shaman,enhancement,24,14,10
Bessame,sargeras,1298,shaman,enhancement,34,17,17
Rokogg,thrall,1288,shaman,enhancement,43,24,19
Ftyue,area-52,1288,shaman,enhancement,35,18,17
Raylord,ragnaros,1280,shaman,enhancement,30,16,14
Uglykunt,barthilas,1278,shaman,enhancement,72,41,31
Sassyx,steamwheedle-cartel,1258,shaman,enhancement,30,15,15
Netherfury,illidan,1256,shaman,enhancement,24,16,8
Nygiants,tichondrius,1247,shaman,enhancement,18,13,5
Windshearbøt,tichondrius,1247,shaman,enhancement,18,13,5
Stýlébéñdér,kelthuzad,1246,shaman,enhancement,18,13,5
Harrypotqueu,zuljin,1243,shaman,enhancement,30,13,17
Blakki,barthilas,1241,shaman,enhancement,24,13,11
Ironaddictz,kiljaeden,1239,shaman,enhancement,24,13,11
Surtel,tichondrius,1238,shaman,enhancement,24,13,11
Kltz,sargeras,1229,shaman,enhancement,23,13,10
Shockmehard,area-52,1228,shaman,enhancement,24,23,1
Stickysham,illidan,1223,shaman,enhancement,18,13,5
Vapus,area-52,1190,shaman,enhancement,47,23,24
Krûde,tichondrius,1157,shaman,enhancement,17,13,4
Gorebog,feathermoon,1156,shaman,enhancement,24,13,11
Synshenrongt,thrall,1153,shaman,enhancement,54,15,39
Hxzard,stormrage,1152,shaman,enhancement,24,12,12
Zanderpla,kelthuzad,1151,shaman,enhancement,18,12,6
Watergirl,thaurissan,1151,shaman,enhancement,24,12,12
Opoy,sargeras,1149,shaman,enhancement,31,12,19
Ragnarocck,sargeras,1148,shaman,enhancement,24,12,12
Aibheit,area-52,1147,shaman,enhancement,12,12,0
Bòómz,stormrage,1147,shaman,enhancement,36,12,24
Sydstorm,frostmourne,1137,shaman,enhancement,18,12,6
Btruez,tichondrius,1055,shaman,enhancement,18,11,7
Vortexfury,area-52,1055,shaman,enhancement,18,11,7
Anadal,kargath,1055,shaman,enhancement,24,11,13
Kronkxd,malganis,1054,shaman,enhancement,18,11,7
Shamwows,dalaran,1053,shaman,enhancement,24,11,13
Peepingtotem,tichondrius,1052,shaman,enhancement,24,11,13
Thilv,ravenholdt,1051,shaman,enhancement,18,11,7
Atthegates,illidan,1051,shaman,enhancement,36,11,25
Flirstatic,nemesis,1049,shaman,enhancement,18,11,7
Mixn,frostmourne,1045,shaman,enhancement,21,12,9
Leschaises,skullcrusher,1044,shaman,enhancement,18,11,7
Dirtyunique,tichondrius,1043,shaman,enhancement,24,11,13
Onezap,trollbane,1042,shaman,enhancement,24,11,13
Shamann,azshara,1042,shaman,enhancement,27,12,15
Zechary,proudmoore,1030,shaman,enhancement,24,12,12
Bigbólts,emerald-dream,1001,shaman,enhancement,18,12,6
Mcb,barthilas,960,shaman,enhancement,18,10,8
Enhance,sargeras,960,shaman,enhancement,18,10,8
Thunda,black-dragonflight,959,shaman,enhancement,12,10,2
Darkcnight,stormrage,959,shaman,enhancement,12,10,2
Superchief,altar-of-storms,959,shaman,enhancement,24,10,14
Zavar,tichondrius,958,shaman,enhancement,18,10,8
Lavabone,dalaran,957,shaman,enhancement,30,10,20
Schlemiel,barthilas,949,shaman,enhancement,30,10,20
Iamegirl,moon-guard,935,shaman,enhancement,23,10,13
Enhancementz,azralon,934,shaman,enhancement,18,10,8
Oct,thrall,932,shaman,enhancement,30,16,14
Derzwaz,draka,925,shaman,enhancement,17,10,7
Temar,sargeras,910,shaman,enhancement,17,10,7
Fourstorms,gundrak,886,shaman,enhancement,16,10,6
Nîghtstalker,vashj,886,shaman,enhancement,22,10,12
Clumpen,thunderhorn,874,shaman,enhancement,17,10,7
Cseril,bonechewer,874,shaman,enhancement,24,10,14
Poseidonxd,lightbringer,864,shaman,enhancement,12,9,3
Crowns,tichondrius,864,shaman,enhancement,18,9,9
Dalianyen,bladefist,864,shaman,enhancement,18,9,9
Gladdorta,azralon,864,shaman,enhancement,18,9,9
Onlyshams,dalaran,864,shaman,enhancement,18,9,9
Lickerman,stormreaver,863,shaman,enhancement,12,9,3
Friednocap,kelthuzad,863,shaman,enhancement,18,9,9
Hellamental,malganis,863,shaman,enhancement,18,9,9
Rubious,cenarius,863,shaman,enhancement,19,9,10
Prymalfury,illidan,862,shaman,enhancement,18,9,9
Heäven,malganis,860,shaman,enhancement,18,9,9
Parallels,blackrock,859,shaman,enhancement,21,10,11
Whichdoctah,proudmoore,858,shaman,enhancement,24,9,15
Pingatronx,ragnaros,849,shaman,enhancement,19,12,7
Stormwolf,azjolnerub,848,shaman,enhancement,12,9,3
Pùffball,anvilmar,835,shaman,enhancement,18,9,9
Googurt,barthilas,831,shaman,enhancement,17,9,8
Lutheran,dragonmaw,824,shaman,enhancement,23,9,14
Ashida,stormrage,823,shaman,enhancement,14,10,4
Thunderlaw,area-52,800,shaman,enhancement,22,9,13
Grommi,proudmoore,799,shaman,enhancement,14,9,5
Murlook,sargeras,793,shaman,enhancement,11,9,2
Täcti,tichondrius,768,shaman,enhancement,12,8,4
Timzero,tichondrius,768,shaman,enhancement,12,8,4
Gatorwaves,bleeding-hollow,768,shaman,enhancement,12,8,4
Anzet,ragnaros,768,shaman,enhancement,12,8,4
Totemclass,bleeding-hollow,768,shaman,enhancement,12,8,4
Sethbrogen,vashj,768,shaman,enhancement,18,8,10
Thuntard,bleeding-hollow,768,shaman,enhancement,24,8,16
Sparkqt,sargeras,767,shaman,enhancement,12,8,4
Keroh,blackrock,767,shaman,enhancement,12,8,4
Súrtr,sargeras,767,shaman,enhancement,12,8,4
Blasho,ragnaros,767,shaman,enhancement,12,8,4
Cuban,kelthuzad,767,shaman,enhancement,18,8,10
Drumman,skullcrusher,766,shaman,enhancement,12,8,4
Shamrockcawk,malganis,765,shaman,enhancement,12,8,4
Armønixx,ragnaros,764,shaman,enhancement,18,8,10
ßøn,altar-of-storms,763,shaman,enhancement,12,8,4
Sinsar,illidan,734,shaman,enhancement,23,8,15
Dashinra,stormrage,702,shaman,enhancement,14,8,6
Døømsdáy,thrall,672,shaman,enhancement,12,7,5
Asy,tichondrius,672,shaman,enhancement,12,7,5
Stormrageman,tichondrius,672,shaman,enhancement,12,7,5
Keeba,wyrmrest-accord,672,shaman,enhancement,12,7,5
Leaning,wyrmrest-accord,672,shaman,enhancement,12,7,5
Jofstrom,tichondrius,672,shaman,enhancement,12,7,5
Dano,tichondrius,672,shaman,enhancement,12,7,5
Midwestern,emerald-dream,672,shaman,enhancement,12,7,5
Flukz,nazjatar,672,shaman,enhancement,12,7,5
Nÿh,quelthalas,672,shaman,enhancement,12,7,5
Chalked,stormrage,672,shaman,enhancement,12,7,5
Shokaria,frostwolf,672,shaman,enhancement,17,8,9
Tandrian,daggerspine,672,shaman,enhancement,18,7,11
Wortwort,tichondrius,672,shaman,enhancement,18,7,11
Hexondabeach,barthilas,671,shaman,enhancement,12,7,5
Clenlift,emerald-dream,671,shaman,enhancement,12,7,5
Dankthunda,stormrage,671,shaman,enhancement,12,7,5
Rikswordfire,wyrmrest-accord,671,shaman,enhancement,12,7,5
Zzar,daggerspine,671,shaman,enhancement,12,7,5
Zald,shattered-halls,671,shaman,enhancement,18,7,11
Drewshammy,zuljin,670,shaman,enhancement,12,7,5
Totesmagotes,scilla,670,shaman,enhancement,12,7,5
Shamorrhoids,frostmourne,670,shaman,enhancement,12,7,5
Grimlên,skullcrusher,670,shaman,enhancement,12,7,5
Jamblee,sargeras,670,shaman,enhancement,12,7,5
Raazzasham,moon-guard,670,shaman,enhancement,18,7,11
Orcgirth,kiljaeden,670,shaman,enhancement,21,8,13
Hannibol,tichondrius,670,shaman,enhancement,24,7,17
Allmeatie,hyjal,669,shaman,enhancement,12,7,5
Blaçktide,thrall,665,shaman,enhancement,12,7,5
Facebooksux,sargeras,657,shaman,enhancement,12,7,5
Wonima,tichondrius,639,shaman,enhancement,17,7,10
Soshatsumi,tichondrius,624,shaman,enhancement,15,7,8
Splendapapi,stormrage,607,shaman,enhancement,14,7,7
Djasura,blackhand,607,shaman,enhancement,17,7,10
Britisy,stormrage,587,shaman,enhancement,13,7,6
Ftierspec,frostmourne,576,shaman,enhancement,6,6,0
Totegoat,nazjatar,576,shaman,enhancement,6,6,0
Möuthbläster,malganis,576,shaman,enhancement,6,6,0
Groovesh,thrall,576,shaman,enhancement,12,6,6
Synivabyatch,eonar,576,shaman,enhancement,12,6,6
Lavamon,illidan,576,shaman,enhancement,12,6,6
Fischerman,barthilas,576,shaman,enhancement,12,6,6
Pinechanga,ragnaros,576,shaman,enhancement,12,6,6
Muisor,quelthalas,576,shaman,enhancement,12,6,6
Scarlo,bleeding-hollow,576,shaman,enhancement,12,6,6
Kushnations,chogall,576,shaman,enhancement,12,6,6
Keyturn,tichondrius,576,shaman,enhancement,12,6,6
Kyzen,tichondrius,576,shaman,enhancement,12,6,6
Ephraalin,frostmourne,576,shaman,enhancement,12,6,6
Sonofabat,spirestone,576,shaman,enhancement,16,7,9
Volsdeep,illidan,576,shaman,enhancement,18,6,12
Aelpian,emerald-dream,575,shaman,enhancement,12,6,6
Piffenstien,malganis,575,shaman,enhancement,12,6,6
Nuofu,illidan,575,shaman,enhancement,16,7,9
Møp,spirestone,575,shaman,enhancement,18,6,12
Xapoxy,nemesis,574,shaman,enhancement,12,6,6
Obrahma,burning-legion,574,shaman,enhancement,12,6,6
Fadesrp,moon-guard,571,shaman,enhancement,12,6,6
Slaughterdog,coilfang,553,shaman,enhancement,11,8,3
Boombigshaq,ysera,511,shaman,enhancement,8,6,2
Zaxibow,area-52,496,shaman,enhancement,19,6,13
Earthlsflat,tichondrius,495,shaman,enhancement,7,6,1
Daysub,crushridge,480,shaman,enhancement,6,5,1
Rokudo,dragonmaw,480,shaman,enhancement,6,5,1
Beatmán,blades-edge,480,shaman,enhancement,6,5,1
Mynigabob,zuljin,480,shaman,enhancement,6,5,1
Gìmli,tichondrius,480,shaman,enhancement,6,5,1
Scrötotem,saurfang,480,shaman,enhancement,6,5,1
Skydre,area-52,480,shaman,enhancement,6,5,1
Silyshamshyt,stormrage,480,shaman,enhancement,6,5,1
Unezx,tichondrius,480,shaman,enhancement,6,5,1
Syraak,elune,480,shaman,enhancement,6,5,1
ßurstmedaddy,bleeding-hollow,480,shaman,enhancement,6,5,1
Xibalba,khaz-modan,480,shaman,enhancement,6,5,1
Iamurfather,magtheridon,480,shaman,enhancement,6,5,1
Kaediea,moon-guard,480,shaman,enhancement,6,5,1
Stankydad,tichondrius,480,shaman,enhancement,12,5,7
Norlak,antonidas,480,shaman,enhancement,12,5,7
Drakhe,proudmoore,480,shaman,enhancement,12,5,7
Spencesham,sargeras,480,shaman,enhancement,12,5,7
Boboyaga,emerald-dream,480,shaman,enhancement,12,5,7
Velekar,moon-guard,480,shaman,enhancement,12,5,7
Getacho,stormrage,480,shaman,enhancement,12,5,7
Cayed,stormscale,480,shaman,enhancement,12,5,7
Aldinatir,ragnaros,480,shaman,enhancement,12,5,7
Kultirio,quelthalas,480,shaman,enhancement,12,5,7
Lakindrentv,gorefiend,480,shaman,enhancement,12,5,7
Stubbywayne,area-52,480,shaman,enhancement,12,5,7
Meatlog,dalaran,480,shaman,enhancement,12,5,7
Kamíhameha,stormrage,479,shaman,enhancement,12,5,7
Hazorele,nagrand,479,shaman,enhancement,12,5,7
Stroheim,warsong,478,shaman,enhancement,6,5,1
Ohmálley,tichondrius,447,shaman,enhancement,11,5,6
Eanne,moon-guard,400,shaman,enhancement,13,5,8
Kylani,thrall,384,shaman,enhancement,6,4,2
Ezzroz,guldan,384,shaman,enhancement,6,4,2
Tastydonut,blackrock,384,shaman,enhancement,6,4,2
Keyturns,tichondrius,384,shaman,enhancement,6,4,2
Angrytotems,ragnaros,384,shaman,enhancement,6,4,2
Shomminn,tichondrius,384,shaman,enhancement,6,4,2
Mastrionilol,dragonmaw,384,shaman,enhancement,6,4,2
Agpx,tichondrius,384,shaman,enhancement,6,4,2
Finaplex,spirestone,384,shaman,enhancement,6,4,2
Gorgrom,thunderlord,384,shaman,enhancement,6,4,2
Grimwind,tichondrius,384,shaman,enhancement,6,4,2
Utilitytotem,moon-guard,384,shaman,enhancement,6,4,2
Hooluu,frostmourne,384,shaman,enhancement,6,4,2
Naextramus,ragnaros,384,shaman,enhancement,6,4,2
Sorgal,area-52,384,shaman,enhancement,6,4,2
Lukora,stonemaul,384,shaman,enhancement,6,4,2
Gyokuken,stormrage,384,shaman,enhancement,6,4,2
Kungfuvoodoo,tichondrius,384,shaman,enhancement,6,4,2
Yildiri,area-52,384,shaman,enhancement,6,4,2
Gaurudon,zuljin,384,shaman,enhancement,12,4,8
Zmogon,quelthalas,384,shaman,enhancement,12,4,8
Ventus,thrall,384,shaman,enhancement,12,4,8
Grohltusk,barthilas,384,shaman,enhancement,12,4,8
Rauthgar,dalaran,384,shaman,enhancement,18,4,14
Beanerburst,frostwolf,383,shaman,enhancement,6,4,2
Helljumper,illidan,383,shaman,enhancement,15,5,10
Kalashnikov,maiev,383,shaman,enhancement,12,4,8
Ongruge,hyjal,383,shaman,enhancement,12,4,8
Dedlystorm,dalaran,382,shaman,enhancement,6,4,2
Admetis,vashj,351,shaman,enhancement,11,4,7
Jeaunoo,darkspear,330,shaman,enhancement,14,5,9
Djelemental,darkspear,319,shaman,enhancement,11,5,6
Shammybreakx,malganis,318,shaman,enhancement,5,4,1
Tempestsmash,tichondrius,304,shaman,enhancement,7,4,3
Amasaei,bleeding-hollow,288,shaman,enhancement,6,3,3
Haititnahtou,kaelthas,288,shaman,enhancement,6,3,3
Adhdeeznuts,frostmourne,288,shaman,enhancement,6,3,3
Sourcreamqtx,stormrage,288,shaman,enhancement,6,3,3
Aruçar,drakkari,288,shaman,enhancement,6,3,3
Konga,korialstrasz,288,shaman,enhancement,6,3,3
Torvi,saurfang,288,shaman,enhancement,6,3,3
Somethingdop,sargeras,288,shaman,enhancement,6,3,3
Argues,tichondrius,288,shaman,enhancement,6,3,3
Slowkeeper,azralon,288,shaman,enhancement,6,3,3
Ginjij,thrall,288,shaman,enhancement,6,3,3
Sasageyo,tichondrius,288,shaman,enhancement,6,3,3
Shamezee,stormreaver,288,shaman,enhancement,6,3,3
Marginalized,tichondrius,288,shaman,enhancement,6,3,3
Jumoma,thrall,288,shaman,enhancement,6,3,3
Stewtwo,illidan,288,shaman,enhancement,6,3,3
Slowdown,malganis,288,shaman,enhancement,6,3,3
Alablast,malganis,288,shaman,enhancement,6,3,3
Shamaro,malganis,288,shaman,enhancement,6,3,3
Botu,malorne,288,shaman,enhancement,6,3,3
Eliteshamann,tichondrius,288,shaman,enhancement,6,3,3
Mavz,moon-guard,288,shaman,enhancement,6,3,3
Khormac,moon-guard,288,shaman,enhancement,6,3,3
Elevatezxo,stormrage,288,shaman,enhancement,6,3,3
Freshoranges,blood-furnace,288,shaman,enhancement,6,3,3
Corkrain,sargeras,288,shaman,enhancement,6,3,3
Lennylemons,stormrage,288,shaman,enhancement,6,3,3
Regeneration,darkspear,288,shaman,enhancement,6,3,3
Lassoway,illidan,288,shaman,enhancement,6,3,3
Crownsx,tichondrius,288,shaman,enhancement,6,3,3
Tasara,illidan,288,shaman,enhancement,8,3,5
Gdiafplox,thunderhorn,288,shaman,enhancement,12,3,9
Malsturm,stormrage,288,shaman,enhancement,12,3,9
Jireñ,area-52,288,shaman,enhancement,12,3,9
Gudac,tichondrius,288,shaman,enhancement,12,3,9
Hammaam,illidan,288,shaman,enhancement,12,3,9
Thanwirn,ragnaros,287,shaman,enhancement,6,3,3
Ðg,tichondrius,287,shaman,enhancement,6,3,3
Thanen,the-scryers,287,shaman,enhancement,8,3,5
Calich,kelthuzad,255,shaman,enhancement,11,4,7
Pwnskillz,area-52,239,shaman,enhancement,5,3,2
Thorsén,ursin,239,shaman,enhancement,11,3,8
Noveske,arthas,234,shaman,enhancement,9,4,5
Fiercegoblin,drakkari,207,shaman,enhancement,13,3,10
Spiderjohn,sargeras,192,shaman,enhancement,6,2,4
Nøname,azshara,192,shaman,enhancement,6,2,4
Jajxshammy,rivendare,192,shaman,enhancement,6,2,4
Solka,illidan,192,shaman,enhancement,6,2,4
Hammerdog,illidan,192,shaman,enhancement,6,2,4
Macumbolo,nemesis,192,shaman,enhancement,6,2,4
Soapmactavis,sargeras,192,shaman,enhancement,6,2,4
Holosoul,bleeding-hollow,192,shaman,enhancement,6,2,4
Hèllzpyro,sargeras,192,shaman,enhancement,6,2,4
Metako,sargeras,192,shaman,enhancement,6,2,4
Stallos,zuljin,192,shaman,enhancement,6,2,4
Firevag,hakkar,192,shaman,enhancement,6,2,4
Hurrikaine,dalaran,192,shaman,enhancement,6,2,4
Sparklebunny,dark-iron,192,shaman,enhancement,6,2,4
Tamzlol,the-forgotten-coast,192,shaman,enhancement,6,2,4
Baloneyfiveo,kiljaeden,192,shaman,enhancement,6,2,4
Thrallzballz,firetree,192,shaman,enhancement,6,2,4
Dadajuju,azralon,192,shaman,enhancement,6,2,4
Dennwoop,sargeras,192,shaman,enhancement,6,2,4
Harvesting,azralon,192,shaman,enhancement,6,2,4
Canabal,eonar,192,shaman,enhancement,6,2,4
Bitxxnumber,tichondrius,192,shaman,enhancement,6,2,4
Thorlottie,stormrage,192,shaman,enhancement,6,2,4
Dimitrio,azralon,192,shaman,enhancement,6,2,4
Mercó,bleeding-hollow,192,shaman,enhancement,6,2,4
Stormfronts,kelthuzad,192,shaman,enhancement,6,2,4
Pissticles,bleeding-hollow,192,shaman,enhancement,6,2,4
Dronesum,tichondrius,192,shaman,enhancement,6,2,4
Cutedraenei,destromath,192,shaman,enhancement,6,2,4
Zeldrys,emerald-dream,192,shaman,enhancement,6,2,4
Ferdashock,tichondrius,192,shaman,enhancement,6,2,4
Hothandxo,illidan,192,shaman,enhancement,6,2,4
Astroglyde,emerald-dream,192,shaman,enhancement,6,2,4
Zeebouzy,illidan,192,shaman,enhancement,6,2,4
Forksin,tichondrius,192,shaman,enhancement,6,2,4
Vjeze,frostmourne,192,shaman,enhancement,6,2,4
Shamflu,tichondrius,192,shaman,enhancement,6,2,4
Calmconflict,daggerspine,191,shaman,enhancement,6,2,4
Nuggitz,tichondrius,159,shaman,enhancement,5,2,3
Intress,moon-guard,128,shaman,enhancement,4,2,2
Ludacrìtz,stormrage,112,shaman,enhancement,7,2,5
Tekdar,kiljaeden,96,shaman,enhancement,3,2,1
Sèktor,dalaran,96,shaman,enhancement,6,1,5
Acéz,korgath,96,shaman,enhancement,6,1,5
Wangbangjr,mugthol,96,shaman,enhancement,6,1,5
Beazel,moon-guard,96,shaman,enhancement,6,1,5
Xakaeri,hyjal,96,shaman,enhancement,6,1,5
Kumboi,frostmourne,96,shaman,enhancement,6,1,5
Kinjin,dragonmaw,96,shaman,enhancement,6,1,5
Paramecium,sargeras,96,shaman,enhancement,6,1,5
Zapsquidzap,illidan,96,shaman,enhancement,6,1,5
Wälee,sargeras,96,shaman,enhancement,6,1,5
Zuljiba,illidan,96,shaman,enhancement,6,1,5
Drekkhal,area-52,96,shaman,enhancement,6,1,5
Balldo,stormrage,96,shaman,enhancement,6,1,5
Talfur,area-52,96,shaman,enhancement,6,1,5
Sweettooth,area-52,96,shaman,enhancement,6,1,5
Alferian,moon-guard,96,shaman,enhancement,6,1,5
Smokeymcpots,khazgoroth,95,shaman,enhancement,6,1,5
Dilldoughnut,sargeras,79,shaman,enhancement,5,1,4
Reavs,illidan,42,shaman,enhancement,10,2,8
Psilocypher,nazjatar,31,shaman,enhancement,2,1,1
Mlx,proudmoore,2175,warlock,demonology,77,43,34
Gentleq,tichondrius,2145,warlock,demonology,72,42,30
Awdam,tichondrius,2114,warlock,demonology,96,50,46
Ensebado,azralon,2111,warlock,demonology,140,78,62
Falco,azshara,2110,warlock,demonology,66,38,28
Cosmosxx,illidan,2110,warlock,demonology,112,58,54
Nocrackrocks,stormrage,2097,warlock,demonology,93,57,36
Petattack,nerzhul,2089,warlock,demonology,77,43,34
Wildimp,aerie-peak,1995,warlock,demonology,60,34,26
Wzxx,tichondrius,1992,warlock,demonology,54,28,26
Amazingamez,sargeras,1992,warlock,demonology,109,54,55
Fishorz,tichondrius,1946,warlock,demonology,71,36,35
Beyourselff,tichondrius,1940,warlock,demonology,55,31,24
Sslock,sargeras,1940,warlock,demonology,59,33,26
Wesyane,anetheron,1939,warlock,demonology,55,27,28
Ihaveapowers,maiev,1934,warlock,demonology,84,42,42
Erock,korgath,1922,warlock,demonology,36,29,7
Babydots,stormreaver,1916,warlock,demonology,58,32,26
Ztlivid,area-52,1911,warlock,demonology,57,29,28
Daerde,malganis,1900,warlock,demonology,47,27,20
Ofc,malganis,1899,warlock,demonology,42,26,16
Ketahole,warsong,1895,warlock,demonology,57,30,27
Gianni,chogall,1858,warlock,demonology,53,26,27
Lrry,dalaran,1839,warlock,demonology,42,32,10
Extreme,blackwing-lair,1832,warlock,demonology,54,37,17
Evildeath,tichondrius,1829,warlock,demonology,48,26,22
Siphoned,darkspear,1827,warlock,demonology,41,23,18
Xoboroz,moon-guard,1827,warlock,demonology,60,29,31
Huajianmanwu,tichondrius,1824,warlock,demonology,59,32,27
Etuskaa,tichondrius,1819,warlock,demonology,62,31,31
Boltqt,tichondrius,1815,warlock,demonology,36,22,14
Ltr,moon-guard,1811,warlock,demonology,30,22,8
Abrocket,alleria,1811,warlock,demonology,30,19,11
Darkborkain,tichondrius,1803,warlock,demonology,30,19,11
Playtoy,moon-guard,1794,warlock,demonology,84,42,42
Hugebolt,tichondrius,1793,warlock,demonology,48,28,20
Vexxes,malganis,1765,warlock,demonology,48,27,21
Säbrine,zuljin,1752,warlock,demonology,55,29,26
Villaìn,moon-guard,1742,warlock,demonology,51,24,27
Debao,malganis,1737,warlock,demonology,42,22,20
Dìablo,area-52,1717,warlock,demonology,30,20,10
Rakudemon,ragnaros,1713,warlock,demonology,86,43,43
Errogant,area-52,1713,warlock,demonology,48,23,25
Spreadlove,emerald-dream,1699,warlock,demonology,42,24,18
Jaganshi,tichondrius,1685,warlock,demonology,34,21,13
Ziffy,emerald-dream,1673,warlock,demonology,35,18,17
Toestye,lightbringer,1652,warlock,demonology,36,22,14
Bigdaddylol,ragnaros,1651,warlock,demonology,30,21,9
Caesaros,quelthalas,1649,warlock,demonology,36,20,16
Xaryl,stormrage,1646,warlock,demonology,42,22,20
Thelockzx,azralon,1638,warlock,demonology,42,18,24
Wildimpx,sargeras,1629,warlock,demonology,30,17,13
Spicyfingers,illidan,1627,warlock,demonology,30,20,10
Aroug,aggramar,1627,warlock,demonology,45,21,24
Fearedu,thunderhorn,1625,warlock,demonology,59,26,33
Castingfear,barthilas,1623,warlock,demonology,30,17,13
Mhael,lightninghoof,1618,warlock,demonology,30,20,10
Xlilgee,kelthuzad,1614,warlock,demonology,30,17,13
Rathul,bonechewer,1609,warlock,demonology,31,18,13
Bahamas,bleeding-hollow,1605,warlock,demonology,36,19,17
Amour,wyrmrest-accord,1602,warlock,demonology,46,21,25
Innocentius,illidan,1597,warlock,demonology,58,30,28
Forsâken,tichondrius,1590,warlock,demonology,53,23,30
Yanlexx,stormrage,1584,warlock,demonology,32,19,13
Milkybøng,area-52,1579,warlock,demonology,39,27,12
Spooknjuke,bleeding-hollow,1576,warlock,demonology,35,24,11
Ceeloftw,tichondrius,1573,warlock,demonology,30,18,12
Redbullsz,bleeding-hollow,1554,warlock,demonology,33,19,14
Jyhoona,chromaggus,1554,warlock,demonology,70,33,37
Bauchalain,area-52,1541,warlock,demonology,36,21,15
Ðëâthløck,tichondrius,1534,warlock,demonology,24,16,8
Isometrics,barthilas,1534,warlock,demonology,30,16,14
Soulrulerxc,tichondrius,1534,warlock,demonology,30,16,14
Bwonsamdijin,tichondrius,1533,warlock,demonology,30,16,14
Stopdot,lightnings-blade,1531,warlock,demonology,30,16,14
Leeka,tichondrius,1531,warlock,demonology,30,16,14
Wickdways,daggerspine,1518,warlock,demonology,48,28,20
Zver,drakkari,1515,warlock,demonology,24,16,8
Dárklórd,dalaran,1514,warlock,demonology,42,25,17
Eriand,nordrassil,1514,warlock,demonology,36,20,16
Hoana,azralon,1504,warlock,demonology,38,23,15
Blavindy,illidan,1489,warlock,demonology,48,24,24
Zuelu,tichondrius,1455,warlock,demonology,25,16,9
Abismoarmdr,ragnaros,1448,warlock,demonology,51,27,24
Kandrus,moon-guard,1444,warlock,demonology,76,35,41
Tessarath,area-52,1439,warlock,demonology,24,15,9
Darkwîngduck,illidan,1439,warlock,demonology,24,15,9
Muchas,area-52,1438,warlock,demonology,24,15,9
Zydiva,sargeras,1437,warlock,demonology,24,15,9
Sosahawk,stormrage,1437,warlock,demonology,30,15,15
Alndron,thrall,1436,warlock,demonology,30,15,15
Altairo,illidan,1431,warlock,demonology,24,15,9
Funkminot,illidan,1430,warlock,demonology,82,38,44
Soreanus,illidan,1424,warlock,demonology,18,15,3
Notomorrow,tichondrius,1401,warlock,demonology,42,25,17
Fatass,cairne,1344,warlock,demonology,24,14,10
Dlhmlock,tichondrius,1343,warlock,demonology,18,14,4
Dotman,tichondrius,1343,warlock,demonology,24,14,10
Dogegg,tichondrius,1340,warlock,demonology,30,14,16
Demonalien,malganis,1339,warlock,demonology,18,14,4
Yükina,stormrage,1338,warlock,demonology,18,14,4
Mysteryannie,tichondrius,1328,warlock,demonology,40,25,15
Eriebos,area-52,1323,warlock,demonology,28,15,13
Shadowflame,skullcrusher,1299,warlock,demonology,67,36,31
Salacia,chogall,1291,warlock,demonology,30,15,15
Lamo,dawnbringer,1269,warlock,demonology,33,14,19
Heathncraig,illidan,1266,warlock,demonology,24,14,10
Ediya,tichondrius,1248,warlock,demonology,24,13,11
Deathboltx,zuljin,1248,warlock,demonology,24,13,11
Aramith,tichondrius,1247,warlock,demonology,18,13,5
Tarth,sargeras,1247,warlock,demonology,24,13,11
Juxsr,nerzhul,1246,warlock,demonology,18,13,5
Xacayth,ragnaros,1242,warlock,demonology,24,13,11
Artmaster,nordrassil,1174,warlock,demonology,30,20,10
Kaossqt,azralon,1152,warlock,demonology,18,12,6
Awangdemon,tichondrius,1152,warlock,demonology,24,12,12
Domenic,sentinels,1151,warlock,demonology,22,13,9
Bagn,tichondrius,1150,warlock,demonology,18,12,6
Lockedinn,mannoroth,1149,warlock,demonology,24,12,12
Bigdotenergi,tichondrius,1148,warlock,demonology,18,12,6
Tickleskin,windrunner,1146,warlock,demonology,25,13,12
Critthis,illidan,1141,warlock,demonology,24,12,12
Löksöflöve,sargeras,1127,warlock,demonology,48,20,28
Saltiernuts,malganis,1074,warlock,demonology,30,13,17
Lilmollyboy,demon-soul,1068,warlock,demonology,13,12,1
Alisa,moon-guard,1056,warlock,demonology,18,11,7
Fksm,tichondrius,1056,warlock,demonology,18,11,7
Maadhum,illidan,1056,warlock,demonology,27,12,15
Axelrodx,tichondrius,1055,warlock,demonology,12,11,1
Krolczdots,tichondrius,1052,warlock,demonology,18,11,7
Tròll,moon-guard,1049,warlock,demonology,48,22,26
Eazyw,stormrage,1039,warlock,demonology,29,11,18
Tartamuda,ragnaros,1037,warlock,demonology,30,11,19
Chanigay,tichondrius,1023,warlock,demonology,17,11,6
Deathcyth,crushridge,1018,warlock,demonology,17,11,6
Wls,frostmourne,1006,warlock,demonology,23,11,12
Atheô,ragnaros,960,warlock,demonology,12,10,2
Canobio,tichondrius,960,warlock,demonology,12,10,2
Comina,kelthuzad,960,warlock,demonology,18,10,8
Sofan,dalaran,960,warlock,demonology,18,10,8
Icemanliddel,area-52,960,warlock,demonology,18,10,8
Eldriptch,kelthuzad,959,warlock,demonology,12,10,2
Fabriziø,ragnaros,959,warlock,demonology,12,10,2
Avoidence,tanaris,958,warlock,demonology,12,10,2
Dawdrax,gallywix,958,warlock,demonology,12,10,2
Hulkyy,illidan,955,warlock,demonology,24,10,14
Methrocks,emerald-dream,953,warlock,demonology,24,10,14
Iselltacos,dalaran,880,warlock,demonology,13,10,3
Beatinu,draenor,864,warlock,demonology,12,9,3
Mälwaré,tichondrius,864,warlock,demonology,12,9,3
Scalpelx,tichondrius,864,warlock,demonology,12,9,3
Teivlol,mugthol,864,warlock,demonology,12,9,3
Impenjoyer,tichondrius,864,warlock,demonology,12,9,3
Unhòólylck,ragnaros,864,warlock,demonology,16,10,6
Evanylock,proudmoore,864,warlock,demonology,18,9,9
Cinderwhip,moon-guard,864,warlock,demonology,18,9,9
Medzor,tichondrius,864,warlock,demonology,18,9,9
Wrathh,stormscale,864,warlock,demonology,18,9,9
Magë,ursin,864,warlock,demonology,24,9,15
Flocka,agamaggan,863,warlock,demonology,12,9,3
Ezgamejr,tichondrius,863,warlock,demonology,12,9,3
Sugarwaffles,area-52,863,warlock,demonology,12,9,3
Fullxd,quelthalas,863,warlock,demonology,12,9,3
Diabolock,proudmoore,863,warlock,demonology,18,9,9
Criticalpets,stormrage,863,warlock,demonology,18,9,9
Fadedemon,area-52,862,warlock,demonology,12,9,3
Cornboil,tichondrius,862,warlock,demonology,18,9,9
Proletariat,moon-guard,859,warlock,demonology,18,9,9
Buymymixtåpe,ursin,831,warlock,demonology,14,10,4
Gotfear,zuljin,810,warlock,demonology,21,9,12
Yoyoling,illidan,794,warlock,demonology,19,10,9
Politepvperx,kelthuzad,783,warlock,demonology,11,9,2
Littlerod,tichondrius,768,warlock,demonology,12,8,4
Archibalding,area-52,768,warlock,demonology,12,8,4
Missalice,nesingwary,768,warlock,demonology,12,8,4
Mukkamuk,shadowmoon,768,warlock,demonology,12,8,4
Tazerr,sargeras,768,warlock,demonology,12,8,4
Döremi,tichondrius,768,warlock,demonology,12,8,4
Rakshama,chogall,768,warlock,demonology,12,8,4
Xadge,tichondrius,768,warlock,demonology,18,8,10
Avery,mannoroth,768,warlock,demonology,18,8,10
Kimchiblast,tichondrius,768,warlock,demonology,18,8,10
Bïcho,queldorei,768,warlock,demonology,18,8,10
Playßøy,area-52,768,warlock,demonology,18,8,10
Slothycrip,emerald-dream,768,warlock,demonology,18,8,10
Joseph,draktharon,768,warlock,demonology,18,8,10
Raidspot,bleeding-hollow,767,warlock,demonology,12,8,4
Daesire,moon-guard,767,warlock,demonology,12,8,4
Krumlax,thrall,767,warlock,demonology,12,8,4
Guisls,azralon,767,warlock,demonology,12,8,4
Dcpwns,arthas,767,warlock,demonology,18,8,10
Felorc,wyrmrest-accord,763,warlock,demonology,12,8,4
Gauul,illidan,761,warlock,demonology,18,8,10
Chaosthekid,malganis,736,warlock,demonology,16,8,8
Dreadlõck,malganis,736,warlock,demonology,19,9,10
Gromy,lightnings-blade,718,warlock,demonology,11,8,3
Bluffzlock,boulderfist,702,warlock,demonology,11,8,3
Cambolts,tichondrius,672,warlock,demonology,12,7,5
Procalypse,stormrage,672,warlock,demonology,12,7,5
Mixtape,stormrage,672,warlock,demonology,12,7,5
Toiletghost,tichondrius,672,warlock,demonology,12,7,5
Ministàff,ursin,672,warlock,demonology,12,7,5
Ogchaos,tichondrius,672,warlock,demonology,12,7,5
Matrriixx,proudmoore,672,warlock,demonology,12,7,5
Jojofann,nemesis,672,warlock,demonology,12,7,5
Isömetrics,barthilas,672,warlock,demonology,12,7,5
Maral,kelthuzad,672,warlock,demonology,12,7,5
Mcpickls,illidan,672,warlock,demonology,12,7,5
Percadu,barthilas,672,warlock,demonology,12,7,5
Eklypso,kelthuzad,672,warlock,demonology,12,7,5
Harrydotterr,bonechewer,672,warlock,demonology,12,7,5
Ciprýan,azralon,672,warlock,demonology,18,7,11
Shooterg,tichondrius,672,warlock,demonology,18,7,11
Btsfangirl,moon-guard,672,warlock,demonology,18,7,11
Hâm,dalaran,672,warlock,demonology,18,7,11
Arcaangell,sargeras,670,warlock,demonology,12,7,5
Deanwarlock,sargeras,670,warlock,demonology,12,7,5
Welendiock,malganis,616,warlock,demonology,22,9,13
Naughtybolts,sargeras,607,warlock,demonology,14,7,7
Ritzhul,nordrassil,576,warlock,demonology,6,6,0
Empiratore,quelthalas,576,warlock,demonology,6,6,0
Narmazulnn,area-52,576,warlock,demonology,6,6,0
Doombaby,zuljin,576,warlock,demonology,12,6,6
Yaldin,nemesis,576,warlock,demonology,12,6,6
Muchopower,ragnaros,576,warlock,demonology,12,6,6
Dalah,illidan,576,warlock,demonology,12,6,6
Bellath,azralon,576,warlock,demonology,12,6,6
Speakeasy,malygos,576,warlock,demonology,12,6,6
Juleno,quelthalas,576,warlock,demonology,15,7,8
Dreadful,frostmourne,576,warlock,demonology,18,6,12
Uzag,mugthol,575,warlock,demonology,12,6,6
Voidgown,moon-guard,575,warlock,demonology,12,6,6
Tsunamibaby,anvilmar,575,warlock,demonology,12,6,6
Cvntpvntcans,kelthuzad,575,warlock,demonology,12,6,6
Jokerks,tichondrius,543,warlock,demonology,11,6,5
Westhøf,sargeras,543,warlock,demonology,11,6,5
Symplicìty,area-52,480,warlock,demonology,6,5,1
Smartpimp,tichondrius,480,warlock,demonology,6,5,1
Ötì,altar-of-storms,480,warlock,demonology,6,5,1
Jorloz,ragnaros,480,warlock,demonology,6,5,1
Meltlordqt,mannoroth,480,warlock,demonology,6,5,1
Zjxy,tichondrius,480,warlock,demonology,6,5,1
Kerrigan,the-venture-co,480,warlock,demonology,6,5,1
Biubius,tichondrius,480,warlock,demonology,6,5,1
Gavvi,frostmourne,480,warlock,demonology,6,5,1
Cidkagenou,sargeras,480,warlock,demonology,7,5,2
Søcks,tichondrius,480,warlock,demonology,12,5,7
Dewandoritos,kelthuzad,480,warlock,demonology,12,5,7
Tribulatiön,moon-guard,480,warlock,demonology,12,5,7
Feinnx,dalaran,480,warlock,demonology,12,5,7
Mânuel,akama,480,warlock,demonology,12,5,7
Liuh,tichondrius,480,warlock,demonology,12,5,7
Jerclard,proudmoore,480,warlock,demonology,12,5,7
Rasildur,ragnaros,480,warlock,demonology,12,5,7
Smallj,zuljin,480,warlock,demonology,12,5,7
Sathorastus,spirestone,448,warlock,demonology,10,6,4
Agaros,zuljin,426,warlock,demonology,17,6,11
Kotica,stormrage,398,warlock,demonology,10,5,5
Nerolock,frostmourne,384,warlock,demonology,6,4,2
Ethero,emerald-dream,384,warlock,demonology,6,4,2
Meep,madoran,384,warlock,demonology,6,4,2
Voidxo,tichondrius,384,warlock,demonology,6,4,2
Michae,tichondrius,384,warlock,demonology,6,4,2
Lambe,tichondrius,384,warlock,demonology,6,4,2
Fullmelt,azjolnerub,384,warlock,demonology,6,4,2
Yungwilly,silvermoon,384,warlock,demonology,6,4,2
Nüts,blackrock,384,warlock,demonology,6,4,2
Arsaurelica,blackrock,384,warlock,demonology,6,4,2
Demonicsmoke,darrowmere,384,warlock,demonology,6,4,2
Tsmcfker,tichondrius,384,warlock,demonology,6,4,2
Discordance,zuljin,384,warlock,demonology,6,4,2
Zoerina,fizzcrank,384,warlock,demonology,6,4,2
Skanckqt,malganis,384,warlock,demonology,6,4,2
Oniyooshi,kelthuzad,384,warlock,demonology,6,4,2
Thefunk,tichondrius,384,warlock,demonology,6,4,2
Bestwarlock,skywall,384,warlock,demonology,6,4,2
Thranlock,area-52,384,warlock,demonology,6,4,2
Larixpotanin,tichondrius,384,warlock,demonology,6,4,2
Alchan,tichondrius,384,warlock,demonology,6,4,2
Kronii,jubeithos,384,warlock,demonology,6,4,2
Dashaad,illidan,384,warlock,demonology,6,4,2
Garcheros,ragnaros,384,warlock,demonology,9,5,4
Dogcookie,moon-guard,384,warlock,demonology,12,4,8
Puchador,sargeras,384,warlock,demonology,12,4,8
Warlocklmao,malganis,384,warlock,demonology,12,4,8
Warlack,jubeithos,384,warlock,demonology,12,4,8
Tahmrin,quelthalas,384,warlock,demonology,12,4,8
Çheesestick,dalaran,384,warlock,demonology,12,4,8
Naz,shadowsong,384,warlock,demonology,12,4,8
Eastwitch,ragnaros,384,warlock,demonology,12,4,8
Wollylock,dark-iron,384,warlock,demonology,12,4,8
Tofulery,tichondrius,384,warlock,demonology,18,4,14
Arlenna,sargeras,384,warlock,demonology,18,4,14
Ärminvßuurën,barthilas,351,warlock,demonology,11,4,7
Twinklockxx,mannoroth,319,warlock,demonology,5,4,1
Dowal,whisperwind,304,warlock,demonology,7,4,3
Asmion,earthen-ring,288,warlock,demonology,6,3,3
Pollodelight,deathwing,288,warlock,demonology,6,3,3
Hgma,tichondrius,288,warlock,demonology,6,3,3
Th,kiljaeden,288,warlock,demonology,6,3,3
Deadlylock,gilneas,288,warlock,demonology,6,3,3
Emperator,quelthalas,288,warlock,demonology,6,3,3
Ðemented,bleeding-hollow,288,warlock,demonology,6,3,3
Jennifear,sargeras,288,warlock,demonology,6,3,3
Deboltzaru,ragnaros,288,warlock,demonology,6,3,3
Asiopdu,tichondrius,288,warlock,demonology,6,3,3
Suzüki,tichondrius,288,warlock,demonology,6,3,3
Asmodeun,malganis,288,warlock,demonology,6,3,3
Psyløck,bleeding-hollow,288,warlock,demonology,6,3,3
Darthael,stormrage,288,warlock,demonology,6,3,3
Nismo,trollbane,288,warlock,demonology,6,3,3
Neruvian,tichondrius,288,warlock,demonology,6,3,3
Betterone,azralon,288,warlock,demonology,6,3,3
Azland,proudmoore,288,warlock,demonology,6,3,3
Sinápsís,ragnaros,288,warlock,demonology,6,3,3
Spookyfurry,area-52,288,warlock,demonology,6,3,3
Hauntsin,hyjal,288,warlock,demonology,6,3,3
Diebydots,blackrock,288,warlock,demonology,6,3,3
Marothredd,nathrezim,288,warlock,demonology,6,3,3
Niava,tichondrius,288,warlock,demonology,6,3,3
Schrader,sargeras,288,warlock,demonology,6,3,3
Blastfinger,tichondrius,288,warlock,demonology,6,3,3
Parmenides,tichondrius,288,warlock,demonology,6,3,3
Drerrday,kelthuzad,288,warlock,demonology,6,3,3
Glortheeb,spirestone,288,warlock,demonology,6,3,3
Harambê,sargeras,288,warlock,demonology,6,3,3
Mongobros,illidan,288,warlock,demonology,6,3,3
Narcan,arthas,288,warlock,demonology,6,3,3
Rumpology,illidan,288,warlock,demonology,6,3,3
Seekma,gallywix,288,warlock,demonology,6,3,3
Djvetis,blackhand,288,warlock,demonology,6,3,3
Gandreleda,wyrmrest-accord,288,warlock,demonology,10,4,6
Atheø,ragnaros,288,warlock,demonology,12,3,9
Canning,shuhalo,288,warlock,demonology,12,3,9
Dàmagicman,drakthul,288,warlock,demonology,12,3,9
Quetzâlcoâtl,sargeras,239,warlock,demonology,5,3,2
Bänno,bleeding-hollow,239,warlock,demonology,5,3,2
Uwantpeach,tichondrius,239,warlock,demonology,5,3,2
Kaertis,emerald-dream,192,warlock,demonology,9,3,6
Knobbynobbas,stormrage,192,warlock,demonology,6,2,4
Ragnalock,laughing-skull,192,warlock,demonology,6,2,4
Greenbeanzs,tichondrius,192,warlock,demonology,6,2,4
Geauxst,tichondrius,192,warlock,demonology,6,2,4
Dotsfired,crushridge,192,warlock,demonology,6,2,4
Caess,dalaran,192,warlock,demonology,6,2,4
Heartpvp,tichondrius,192,warlock,demonology,6,2,4
Zalissel,proudmoore,192,warlock,demonology,6,2,4
Boon,spirestone,192,warlock,demonology,6,2,4
Lilballz,tichondrius,192,warlock,demonology,6,2,4
Chaosboltlol,tichondrius,192,warlock,demonology,6,2,4
Sheshð,stormrage,192,warlock,demonology,6,2,4
Fãttyqt,sargeras,192,warlock,demonology,6,2,4
Barbieelf,sargeras,192,warlock,demonology,6,2,4
Breeak,sargeras,192,warlock,demonology,6,2,4
Qic,runetotem,192,warlock,demonology,6,2,4
Watchmeport,onyxia,192,warlock,demonology,6,2,4
Anukh,emerald-dream,192,warlock,demonology,6,2,4
Drakatattwo,tichondrius,192,warlock,demonology,6,2,4
Nanicide,kelthuzad,192,warlock,demonology,6,2,4
Uarus,tichondrius,192,warlock,demonology,6,2,4
Warfeen,malganis,192,warlock,demonology,6,2,4
Constantine,exodar,192,warlock,demonology,6,2,4
Rokdas,area-52,192,warlock,demonology,6,2,4
Jafi,coilfang,159,warlock,demonology,5,2,3
Cslice,magtheridon,128,warlock,demonology,4,2,2
Tazlock,blackrock,128,warlock,demonology,10,2,8
Overlard,illidan,96,warlock,demonology,6,1,5
Decrepticus,kargath,96,warlock,demonology,6,1,5
Laklin,stormscale,96,warlock,demonology,6,1,5
Malzahard,ragnaros,96,warlock,demonology,6,1,5
Uggaboogga,malganis,96,warlock,demonology,6,1,5
Bilidin,azralon,96,warlock,demonology,6,1,5
Velondris,illidan,96,warlock,demonology,6,1,5
Agertis,frostmourne,96,warlock,demonology,6,1,5
Amauder,moon-guard,96,warlock,demonology,6,1,5
Nécromonster,illidan,96,warlock,demonology,6,1,5
Halloweèn,kelthuzad,96,warlock,demonology,6,1,5
Jazzycj,bleeding-hollow,96,warlock,demonology,6,1,5
Evarona,gorefiend,96,warlock,demonology,6,1,5
Alaren,korgath,96,warlock,demonology,6,1,5
Nùts,frostmourne,96,warlock,demonology,6,1,5
Borthrel,moon-guard,96,warlock,demonology,6,1,5
Damdochael,bleeding-hollow,96,warlock,demonology,6,1,5
Flangy,kiljaeden,96,warlock,demonology,6,1,5
Ñinelyfe,frostmourne,96,warlock,demonology,6,1,5
Fluximilian,azralon,96,warlock,demonology,7,1,6
Kecca,azralon,96,warlock,demonology,9,1,8
Shaurial,zuljin,48,warlock,demonology,3,1,2
Ellynaria,nemesis,2184,warlock,destruction,72,50,22
Playßøy,area-52,2154,warlock,destruction,78,45,33
Sockems,guldan,2125,warlock,destruction,90,51,39
Stingzz,azralon,2106,warlock,destruction,61,38,23
Chaosboltex,tichondrius,2106,warlock,destruction,72,41,31
Duukka,malganis,2102,warlock,destruction,66,41,25
Diabolicalz,sargeras,2101,warlock,destruction,69,39,30
Reverence,tichondrius,2100,warlock,destruction,54,36,18
Usurpest,bleeding-hollow,2081,warlock,destruction,73,46,27
Mengqil,tichondrius,2070,warlock,destruction,60,30,30
Bananapan,tichondrius,2063,warlock,destruction,48,33,15
Ihavestds,tichondrius,2056,warlock,destruction,42,25,17
Revenid,tichondrius,2025,warlock,destruction,48,29,19
Voidchaos,whisperwind,2018,warlock,destruction,66,33,33
Dazzuu,illidan,2013,warlock,destruction,65,40,25
Implify,tichondrius,2008,warlock,destruction,76,40,36
Warlockwars,amanthul,2005,warlock,destruction,113,61,52
Thugonomicz,demon-soul,1988,warlock,destruction,48,33,15
Dean,frostmourne,1985,warlock,destruction,48,24,24
Hàrrydotter,darkspear,1982,warlock,destruction,30,21,9
Quinsnyder,zuljin,1973,warlock,destruction,67,35,32
Bufflockmore,tichondrius,1966,warlock,destruction,66,37,29
Mizmagius,moon-guard,1965,warlock,destruction,65,31,34
Tomatobob,thrall,1960,warlock,destruction,60,32,28
Babyaga,illidan,1959,warlock,destruction,61,32,29
Nðm,tichondrius,1948,warlock,destruction,54,30,24
Kruxxqt,illidan,1941,warlock,destruction,48,28,20
Colombø,gallywix,1937,warlock,destruction,68,35,33
Singleaf,stormrage,1936,warlock,destruction,64,36,28
Abrocket,alleria,1931,warlock,destruction,59,33,26
Sourslock,shadowsong,1929,warlock,destruction,72,44,28
Søülætër,bleeding-hollow,1923,warlock,destruction,48,30,18
Dottle,frostmourne,1910,warlock,destruction,36,27,9
Kaytoxic,tichondrius,1909,warlock,destruction,30,20,10
Drakedogee,illidan,1907,warlock,destruction,36,20,16
Ozmat,spirestone,1900,warlock,destruction,36,20,16
Zeari,sargeras,1898,warlock,destruction,91,43,48
Zaef,kelthuzad,1894,warlock,destruction,31,21,10
Jonboyy,illidan,1893,warlock,destruction,48,26,22
Uwantpeach,tichondrius,1891,warlock,destruction,30,24,6
Hudwinx,illidan,1883,warlock,destruction,48,32,16
Dodgeykun,khaz-modan,1882,warlock,destruction,36,27,9
Brainless,tichondrius,1881,warlock,destruction,43,29,14
Kaelith,kelthuzad,1880,warlock,destruction,80,40,40
Kyranu,tichondrius,1874,warlock,destruction,35,21,14
Salanzø,bleeding-hollow,1871,warlock,destruction,44,25,19
Alchandil,tichondrius,1868,warlock,destruction,36,26,10
Calvarr,bleeding-hollow,1859,warlock,destruction,54,32,22
Dae,burning-legion,1853,warlock,destruction,35,23,12
Luvana,kelthuzad,1845,warlock,destruction,42,26,16
Roxmysox,darkspear,1844,warlock,destruction,54,28,26
Instabilityx,tichondrius,1842,warlock,destruction,53,31,22
Enter,saurfang,1838,warlock,destruction,36,24,12
Wife,bleeding-hollow,1836,warlock,destruction,60,31,29
Nosw,bleeding-hollow,1835,warlock,destruction,42,26,16
Beegbeechy,nesingwary,1832,warlock,destruction,48,31,17
Demonman,kirin-tor,1830,warlock,destruction,42,26,16
Darksummoner,kaelthas,1825,warlock,destruction,54,30,24
Róckroad,lightnings-blade,1819,warlock,destruction,30,20,10
Ghoul,demon-soul,1818,warlock,destruction,30,19,11
Bismorc,frostmourne,1816,warlock,destruction,42,23,19
Mcdudebro,malganis,1815,warlock,destruction,24,19,5
Dunnin,dalaran,1815,warlock,destruction,36,22,14
Amgs,frostmourne,1815,warlock,destruction,48,28,20
Benafflockzz,kelthuzad,1814,warlock,destruction,60,40,20
Cc,hellscream,1813,warlock,destruction,44,33,11
Destructio,tichondrius,1812,warlock,destruction,54,31,23
Nevermindxd,barthilas,1812,warlock,destruction,60,30,30
Naroy,malygos,1811,warlock,destruction,38,21,17
Venticm,tichondrius,1810,warlock,destruction,42,26,16
Pillçosby,bleeding-hollow,1810,warlock,destruction,36,22,14
Kaidow,tichondrius,1808,warlock,destruction,42,28,14
Maadhum,illidan,1808,warlock,destruction,60,26,34
Döremi,tichondrius,1805,warlock,destruction,48,28,20
Expiredfood,stormreaver,1803,warlock,destruction,42,26,16
Giantgobrin,zuljin,1802,warlock,destruction,30,20,10
Stilltrilly,tichondrius,1800,warlock,destruction,24,19,5
Daartaru,quelthalas,1797,warlock,destruction,54,34,20
Deadlpoo,stormscale,1794,warlock,destruction,73,34,39
Dannyl,tichondrius,1793,warlock,destruction,24,21,3
Locodwarf,frostmourne,1783,warlock,destruction,102,47,55
Popdotdropit,frostwolf,1781,warlock,destruction,60,38,22
Scørrgx,azralon,1776,warlock,destruction,42,21,21
Alùcärd,tichondrius,1772,warlock,destruction,54,25,29
Oof,dalaran,1769,warlock,destruction,24,19,5
Soulrulerxc,tichondrius,1767,warlock,destruction,36,23,13
Iskiplegday,illidan,1766,warlock,destruction,84,37,47
Làsko,area-52,1756,warlock,destruction,42,24,18
Vulcke,kelthuzad,1750,warlock,destruction,41,19,22
Butteredbun,stormrage,1747,warlock,destruction,36,24,12
Ñpç,bleeding-hollow,1746,warlock,destruction,47,27,20
Breeped,tichondrius,1737,warlock,destruction,42,25,17
Nick,llane,1736,warlock,destruction,30,22,8
Reneqtxo,frostmourne,1736,warlock,destruction,56,36,20
Cocaineparty,tichondrius,1721,warlock,destruction,47,28,19
Idotû,tichondrius,1719,warlock,destruction,24,18,6
Freddiewill,tichondrius,1719,warlock,destruction,36,24,12
Cux,malganis,1719,warlock,destruction,42,24,18
Eggós,sargeras,1719,warlock,destruction,72,33,39
Rizzofsparta,stormrage,1718,warlock,destruction,36,21,15
Nigthdeath,nemesis,1718,warlock,destruction,131,67,64
Meatmanxtrem,sargeras,1717,warlock,destruction,48,27,21
Thumperrz,frostmourne,1717,warlock,destruction,36,18,18
Payn,kiljaeden,1713,warlock,destruction,36,21,15
Audition,ragnaros,1709,warlock,destruction,48,24,24
Maggotworm,sargeras,1707,warlock,destruction,53,37,16
Neverending,malganis,1707,warlock,destruction,31,18,13
Fredwinsta,laughing-skull,1706,warlock,destruction,24,18,6
Warcalk,stormrage,1706,warlock,destruction,24,18,6
Chaosjedi,stormrage,1704,warlock,destruction,36,18,18
Isodjdojk,sargeras,1702,warlock,destruction,40,23,17
Sherlóck,duskwood,1701,warlock,destruction,30,18,12
Felfeels,area-52,1701,warlock,destruction,30,18,12
Oblivious,firetree,1700,warlock,destruction,78,41,37
Wolfstein,tichondrius,1699,warlock,destruction,24,18,6
Famerap,tichondrius,1699,warlock,destruction,30,20,10
Krikxy,tichondrius,1697,warlock,destruction,44,24,20
Richãrd,area-52,1692,warlock,destruction,43,25,18
Demonicsnap,bleeding-hollow,1689,warlock,destruction,41,24,17
Mjn,tichondrius,1688,warlock,destruction,43,23,20
Latchlock,malganis,1682,warlock,destruction,42,26,16
Kogath,thunderlord,1681,warlock,destruction,42,27,15
Meep,madoran,1676,warlock,destruction,47,30,17
Dustywlx,area-52,1676,warlock,destruction,56,29,27
Shadowhax,area-52,1674,warlock,destruction,42,23,19
Magnetix,arthas,1674,warlock,destruction,83,42,41
Jennifear,sargeras,1673,warlock,destruction,42,27,15
Fearmebro,bleeding-hollow,1670,warlock,destruction,83,45,38
Farathos,ragnaros,1668,warlock,destruction,51,34,17
Vasago,jubeithos,1667,warlock,destruction,37,23,14
Darthael,stormrage,1660,warlock,destruction,30,20,10
Drain,proudmoore,1658,warlock,destruction,36,25,11
Sairic,azralon,1657,warlock,destruction,30,27,3
Deideimeow,illidan,1657,warlock,destruction,29,18,11
Stormrift,sargeras,1657,warlock,destruction,42,25,17
Agaros,zuljin,1657,warlock,destruction,37,22,15
Yidhra,aerie-peak,1656,warlock,destruction,46,27,19
Reallymagic,malganis,1656,warlock,destruction,59,34,25
Leredi,stormrage,1656,warlock,destruction,32,18,14
Kernlberton,tichondrius,1652,warlock,destruction,36,22,14
Devilman,darkspear,1649,warlock,destruction,38,21,17
Scathey,area-52,1647,warlock,destruction,35,26,9
Derok,bleeding-hollow,1647,warlock,destruction,77,38,39
Nezlock,moon-guard,1647,warlock,destruction,52,23,29
Debigbolt,area-52,1642,warlock,destruction,30,22,8
Tommybahama,velen,1642,warlock,destruction,34,23,11
Barovir,tichondrius,1642,warlock,destruction,42,22,20
Shadøwy,nemesis,1638,warlock,destruction,59,34,25
Symaitiel,azralon,1638,warlock,destruction,42,20,22
Uow,stormrage,1636,warlock,destruction,36,20,16
Killabeesack,tichondrius,1635,warlock,destruction,43,25,18
Wwlock,area-52,1635,warlock,destruction,36,18,18
Igortrikadva,zuljin,1629,warlock,destruction,30,17,13
Dewandoritos,kelthuzad,1629,warlock,destruction,30,17,13
Truetime,tichondrius,1627,warlock,destruction,36,20,16
Lemmepvponu,illidan,1627,warlock,destruction,36,17,19
Amez,grizzly-hills,1626,warlock,destruction,30,20,10
Xavier,wyrmrest-accord,1625,warlock,destruction,30,17,13
Brickedx,malfurion,1624,warlock,destruction,53,27,26
Yuoalx,tichondrius,1623,warlock,destruction,30,17,13
Olgee,tortheldrin,1622,warlock,destruction,41,23,18
Elmobolt,thrall,1620,warlock,destruction,37,27,10
Zauber,magtheridon,1619,warlock,destruction,24,17,7
Dolut,azralon,1617,warlock,destruction,54,31,23
Restolock,destromath,1617,warlock,destruction,60,34,26
Deangood,tichondrius,1616,warlock,destruction,42,21,21
Dferreira,azralon,1615,warlock,destruction,43,27,16
Ðiêsel,malganis,1615,warlock,destruction,36,20,16
Critthis,illidan,1603,warlock,destruction,29,21,8
Daimonic,bronzebeard,1602,warlock,destruction,24,17,7
Halloweèn,kelthuzad,1602,warlock,destruction,51,29,22
Cbx,kelthuzad,1599,warlock,destruction,18,17,1
Omnireaper,tichondrius,1599,warlock,destruction,36,19,17
Closetslut,moon-guard,1596,warlock,destruction,24,20,4
Psyløck,bleeding-hollow,1595,warlock,destruction,42,25,17
Omegapasta,illidan,1592,warlock,destruction,36,19,17
Demonkiiller,kelthuzad,1591,warlock,destruction,48,19,29
Doclove,destromath,1587,warlock,destruction,29,17,12
Josaith,moon-guard,1586,warlock,destruction,59,35,24
Eggpower,tichondrius,1586,warlock,destruction,34,17,17
Tothegrave,sargeras,1585,warlock,destruction,35,22,13
Wzxx,tichondrius,1581,warlock,destruction,40,20,20
Bbclover,thrall,1579,warlock,destruction,29,19,10
Bénâfflock,area-52,1577,warlock,destruction,36,21,15
Locknug,tichondrius,1574,warlock,destruction,66,40,26
Pernicious,bladefist,1568,warlock,destruction,41,18,23
Struggles,emerald-dream,1565,warlock,destruction,63,29,34
Larryfisher,drenden,1561,warlock,destruction,24,17,7
Doombaby,zuljin,1559,warlock,destruction,48,31,17
Cairo,emerald-dream,1557,warlock,destruction,114,58,56
Muffîn,moon-guard,1551,warlock,destruction,32,23,9
Lafourche,tichondrius,1550,warlock,destruction,30,17,13
Resuah,tichondrius,1549,warlock,destruction,51,25,26
Kuoma,boulderfist,1548,warlock,destruction,48,24,24
Blackchinese,zuljin,1548,warlock,destruction,36,18,18
Bayfayth,zuljin,1540,warlock,destruction,50,31,19
Cryptos,kalecgos,1538,warlock,destruction,32,20,12
Hadouh,stormrage,1537,warlock,destruction,29,17,12
Niava,tichondrius,1534,warlock,destruction,30,16,14
Drthiccbolts,malganis,1533,warlock,destruction,24,16,8
Sitomey,emerald-dream,1532,warlock,destruction,24,16,8
Babybolt,frostmourne,1532,warlock,destruction,30,16,14
Rocketman,hydraxis,1528,warlock,destruction,24,16,8
Xervas,frostmourne,1516,warlock,destruction,30,16,14
Hynnis,nemesis,1515,warlock,destruction,24,17,7
Twinklockxx,mannoroth,1514,warlock,destruction,35,16,19
Joseph,draktharon,1509,warlock,destruction,66,35,31
Galfear,malganis,1506,warlock,destruction,75,38,37
Melôck,area-52,1505,warlock,destruction,24,16,8
Ardentia,malganis,1503,warlock,destruction,30,16,14
Mcjoy,akama,1502,warlock,destruction,60,33,27
Khurze,area-52,1496,warlock,destruction,34,17,17
Bobbygoulant,tichondrius,1491,warlock,destruction,79,39,40
Tribulatiön,moon-guard,1490,warlock,destruction,47,27,20
Zyzx,malganis,1486,warlock,destruction,29,16,13
Wiildgoose,area-52,1485,warlock,destruction,24,16,8
Razlock,moon-guard,1485,warlock,destruction,58,26,32
Nezsarek,sargeras,1485,warlock,destruction,57,21,36
Ezdagor,quelthalas,1483,warlock,destruction,60,34,26
Sîthfu,tichondrius,1482,warlock,destruction,25,19,6
Dercair,korgath,1480,warlock,destruction,30,18,12
Bauchalain,area-52,1474,warlock,destruction,38,19,19
Isarac,zuljin,1466,warlock,destruction,36,24,12
Meatybolts,nagrand,1461,warlock,destruction,36,24,12
Decrepticus,kargath,1450,warlock,destruction,32,21,11
Agonie,tichondrius,1450,warlock,destruction,48,25,23
Magy,deathwing,1447,warlock,destruction,24,18,6
Yorchziel,ragnaros,1443,warlock,destruction,82,45,37
Impenjoyer,tichondrius,1438,warlock,destruction,24,15,9
Lockssy,tichondrius,1437,warlock,destruction,84,52,32
Pheadas,deathwing,1435,warlock,destruction,30,15,15
Rakshama,chogall,1434,warlock,destruction,30,15,15
Dynamó,tichondrius,1433,warlock,destruction,39,18,21
Jezwazerox,area-52,1430,warlock,destruction,59,32,27
Darkwidow,sargeras,1429,warlock,destruction,34,16,18
Rotshtëin,tichondrius,1424,warlock,destruction,30,15,15
Zimer,moon-guard,1423,warlock,destruction,24,15,9
Wizlox,illidan,1422,warlock,destruction,54,22,32
Bobbyshmurdå,frostmourne,1418,warlock,destruction,24,15,9
Vexedconvex,area-52,1417,warlock,destruction,74,34,40
Deatthmoon,stormrage,1415,warlock,destruction,24,15,9
Kuroyt,drakkari,1413,warlock,destruction,24,15,9
Javirr,ragnaros,1411,warlock,destruction,24,15,9
Thicclöcc,tichondrius,1410,warlock,destruction,30,15,15
Parmenides,tichondrius,1410,warlock,destruction,42,19,23
Gluestik,shadowmoon,1409,warlock,destruction,30,15,15
Adderall,altar-of-storms,1402,warlock,destruction,42,20,22
Demonicus,thunderlord,1400,warlock,destruction,36,16,20
Lladyyheartt,nesingwary,1395,warlock,destruction,36,21,15
Hellcon,area-52,1392,warlock,destruction,34,24,10
Gingerlocky,barthilas,1391,warlock,destruction,35,17,18
Sauromann,sargeras,1382,warlock,destruction,24,15,9
Dunbu,illidan,1382,warlock,destruction,57,32,25
Felacid,tichondrius,1377,warlock,destruction,42,23,19
Stølo,deathwing,1372,warlock,destruction,42,29,13
Yisuschríst,quelthalas,1370,warlock,destruction,29,16,13
Tunacanthicc,moon-guard,1370,warlock,destruction,43,18,25
Jnxzlock,sargeras,1367,warlock,destruction,22,15,7
Munar,quelthalas,1367,warlock,destruction,45,22,23
Picklepuller,arthas,1364,warlock,destruction,24,15,9
Getpissed,emerald-dream,1355,warlock,destruction,47,22,25
Soulruler,tichondrius,1344,warlock,destruction,24,14,10
Spreadnhiv,thrall,1344,warlock,destruction,42,18,24
Imbooms,blackrock,1343,warlock,destruction,24,14,10
Brucelock,proudmoore,1342,warlock,destruction,18,14,4
Tacobelf,magtheridon,1342,warlock,destruction,18,14,4
Xêlsnåp,steamwheedle-cartel,1342,warlock,destruction,24,15,9
Genzy,tichondrius,1342,warlock,destruction,30,14,16
Dovahkini,stormrage,1340,warlock,destruction,18,14,4
Deammon,tichondrius,1337,warlock,destruction,18,14,4
Kanekiskid,mannoroth,1337,warlock,destruction,30,20,10
Dotcoin,tichondrius,1337,warlock,destruction,24,14,10
Lostanubis,tichondrius,1335,warlock,destruction,18,14,4
Dloq,azgalor,1332,warlock,destruction,30,21,9
Lightname,arthas,1316,warlock,destruction,18,14,4
Siccwidit,area-52,1316,warlock,destruction,38,14,24
Hurriicane,stormrage,1315,warlock,destruction,33,20,13
Shadowxlock,misha,1305,warlock,destruction,30,14,16
Blackyeonnam,tichondrius,1279,warlock,destruction,26,14,12
Fearloom,tichondrius,1265,warlock,destruction,60,27,33
Zetsu,zuljin,1258,warlock,destruction,36,15,21
Ltoplaylock,area-52,1248,warlock,destruction,18,13,5
Synkz,blood-furnace,1248,warlock,destruction,24,13,11
Twilson,moon-guard,1247,warlock,destruction,18,13,5
Matafé,kelthuzad,1247,warlock,destruction,18,13,5
Kissmybolts,frostmourne,1247,warlock,destruction,18,13,5
Hellsparks,malganis,1247,warlock,destruction,24,13,11
Kaitlin,duskwood,1247,warlock,destruction,30,13,17
Bellaswans,hyjal,1246,warlock,destruction,18,13,5
Bigdamege,tichondrius,1246,warlock,destruction,22,14,8
Pantypeeler,barthilas,1245,warlock,destruction,24,15,9
Chaosbôlt,proudmoore,1245,warlock,destruction,24,13,11
Brettmackson,area-52,1243,warlock,destruction,22,13,9
Spòngwò,tichondrius,1242,warlock,destruction,24,13,11
Shequita,stormrage,1240,warlock,destruction,18,13,5
Fiddlesticks,draka,1236,warlock,destruction,18,13,5
Rainymood,frostmourne,1233,warlock,destruction,18,13,5
Bawldimort,stormrage,1229,warlock,destruction,65,36,29
Fshi,frostmourne,1228,warlock,destruction,18,13,5
Gorelami,tichondrius,1226,warlock,destruction,24,13,11
Lolimalock,bleeding-hollow,1215,warlock,destruction,29,14,15
Jecklez,tichondrius,1212,warlock,destruction,69,33,36
Daeykras,crushridge,1209,warlock,destruction,28,17,11
Levantine,barthilas,1196,warlock,destruction,27,13,14
Nhen,daggerspine,1188,warlock,destruction,32,21,11
Flor,khadgar,1187,warlock,destruction,23,13,10
Iiferna,sargeras,1177,warlock,destruction,77,33,44
Sâlâñzø,bleeding-hollow,1152,warlock,destruction,12,12,0
Deathair,tichondrius,1152,warlock,destruction,18,12,6
Narila,firetree,1152,warlock,destruction,18,12,6
Horror,moon-guard,1152,warlock,destruction,24,12,12
Darkmagicc,tichondrius,1152,warlock,destruction,24,12,12
Dipixyz,tichondrius,1152,warlock,destruction,24,12,12
Suaveaye,tichondrius,1151,warlock,destruction,18,12,6
Soulbane,nemesis,1151,warlock,destruction,18,12,6
Chaoticchaos,kelthuzad,1151,warlock,destruction,18,12,6
Aidadeshu,tichondrius,1151,warlock,destruction,24,12,12
Asmit,firetree,1151,warlock,destruction,28,13,15
Katrisse,aegwynn,1150,warlock,destruction,18,12,6
Wraithlord,chogall,1149,warlock,destruction,18,12,6
Tonnon,stormrage,1149,warlock,destruction,24,12,12
Sosahawk,stormrage,1144,warlock,destruction,18,12,6
Blockk,moknathal,1142,warlock,destruction,24,12,12
Straightlock,sargeras,1142,warlock,destruction,30,12,18
Spongebobjrj,tichondrius,1133,warlock,destruction,18,12,6
Doublebolt,illidan,1125,warlock,destruction,19,12,7
Dartthvader,goldrinn,1117,warlock,destruction,26,13,13
Undies,demon-soul,1106,warlock,destruction,24,12,12
Anstik,area-52,1103,warlock,destruction,15,13,2
Razzakka,stormrage,1101,warlock,destruction,23,12,11
Ptheven,area-52,1096,warlock,destruction,15,13,2
Yaldin,nemesis,1096,warlock,destruction,25,13,12
Ilovedemons,aegwynn,1094,warlock,destruction,30,17,13
Rodimus,hyjal,1091,warlock,destruction,42,25,17
Covenslave,nemesis,1079,warlock,destruction,83,32,51
Austeeny,wyrmrest-accord,1068,warlock,destruction,19,12,7
Bumbleebolt,azralon,1056,warlock,destruction,12,11,1
Goofycupcake,drakthul,1056,warlock,destruction,12,11,1
Chaosbolt,bloodhoof,1056,warlock,destruction,18,11,7
Thinktank,tichondrius,1056,warlock,destruction,18,11,7
Nvlnx,tichondrius,1056,warlock,destruction,18,11,7
Sinápsís,ragnaros,1056,warlock,destruction,18,11,7
Archimondee,rivendare,1056,warlock,destruction,24,11,13
Verminosa,nemesis,1055,warlock,destruction,18,11,7
Firenzy,dalaran,1055,warlock,destruction,18,11,7
Tuzadin,tichondrius,1055,warlock,destruction,18,11,7
Ole,area-52,1055,warlock,destruction,24,11,13
Somethingud,tichondrius,1055,warlock,destruction,24,11,13
Thotblood,stormrage,1054,warlock,destruction,12,11,1
Faënn,zuljin,1053,warlock,destruction,18,11,7
Leônidos,ghostlands,1053,warlock,destruction,24,11,13
Cenich,darkspear,1052,warlock,destruction,18,11,7
Madgettike,stormrage,1047,warlock,destruction,24,14,10
Verdoso,stormrage,1046,warlock,destruction,18,11,7
Pokemebutt,hydraxis,1046,warlock,destruction,18,11,7
Haloren,moon-guard,1044,warlock,destruction,18,11,7
Badstep,tichondrius,1038,warlock,destruction,21,12,9
Baiss,tichondrius,1030,warlock,destruction,18,11,7
Nikôlas,stormrage,1018,warlock,destruction,18,11,7
Pruevolf,tichondrius,1013,warlock,destruction,23,11,12
Faliceu,sargeras,1006,warlock,destruction,26,11,15
Warlockmf,sargeras,1003,warlock,destruction,17,11,6
Rauwërrs,azralon,992,warlock,destruction,27,12,15
Nevermorde,area-52,986,warlock,destruction,23,11,12
Hanoaa,tichondrius,975,warlock,destruction,11,11,0
Austen,tichondrius,966,warlock,destruction,31,11,20
Maldivà,tichondrius,960,warlock,destruction,12,10,2
Metamòrph,malganis,960,warlock,destruction,12,10,2
Sidgnosis,stormrage,960,warlock,destruction,12,10,2
Marcelium,greymane,960,warlock,destruction,12,10,2
Drwongmd,sargeras,960,warlock,destruction,12,10,2
Areufearious,sargeras,960,warlock,destruction,12,10,2
Murkmindzz,tichondrius,960,warlock,destruction,12,10,2
Nino,barthilas,960,warlock,destruction,12,10,2
Rainbowdate,tichondrius,960,warlock,destruction,12,10,2
Letmecastpls,tichondrius,960,warlock,destruction,12,10,2
Lilshedon,kelthuzad,960,warlock,destruction,12,10,2
Butterboyx,stormrage,960,warlock,destruction,18,10,8
Grandmama,tichondrius,960,warlock,destruction,18,10,8
Notprint,sargeras,960,warlock,destruction,18,10,8
Albbanoo,tichondrius,960,warlock,destruction,18,10,8
Veryezgame,tichondrius,960,warlock,destruction,18,10,8
Percaddict,illidan,959,warlock,destruction,12,10,2
Baldandugly,illidan,959,warlock,destruction,12,10,2
Foxer,stormrage,959,warlock,destruction,12,10,2
Momshutup,sargeras,959,warlock,destruction,12,10,2
Sakyameil,area-52,959,warlock,destruction,18,10,8
Maral,kelthuzad,959,warlock,destruction,18,10,8
Veleza,kiljaeden,959,warlock,destruction,18,10,8
Yuh,moon-guard,958,warlock,destruction,12,10,2
Macdeezylock,sargeras,958,warlock,destruction,18,10,8
Nattydots,sargeras,957,warlock,destruction,19,10,9
Chaoticstorm,area-52,955,warlock,destruction,18,10,8
Plagueis,zuluhed,955,warlock,destruction,24,10,14
Punjj,jubeithos,952,warlock,destruction,18,10,8
Luke,lightnings-blade,946,warlock,destruction,12,10,2
Lopenx,korgath,928,warlock,destruction,28,10,18
Goal,malganis,927,warlock,destruction,20,11,9
Katsby,moon-guard,894,warlock,destruction,17,10,7
Kärên,proudmoore,882,warlock,destruction,14,10,4
Snerp,frostmourne,864,warlock,destruction,12,9,3
Reflexlock,malganis,864,warlock,destruction,18,9,9
Flûké,tichondrius,864,warlock,destruction,18,9,9
Voidxo,tichondrius,864,warlock,destruction,18,9,9
Vileröze,zuljin,864,warlock,destruction,18,9,9
Neghros,illidan,864,warlock,destruction,18,9,9
Danaowns,spirestone,864,warlock,destruction,18,9,9
Espyn,silvermoon,864,warlock,destruction,24,9,15
Mclovn,suramar,864,warlock,destruction,24,9,15
Buffwarlockz,stormrage,863,warlock,destruction,12,9,3
Ragnalock,laughing-skull,863,warlock,destruction,12,9,3
Anujy,moon-guard,863,warlock,destruction,12,9,3
Warmandei,dalaran,863,warlock,destruction,12,9,3
Azrezzael,area-52,863,warlock,destruction,12,9,3
Unprønuncea,azralon,863,warlock,destruction,13,9,4
Nigsy,nagrand,863,warlock,destruction,18,9,9
Kurifodo,illidan,863,warlock,destruction,18,9,9
Alchan,tichondrius,863,warlock,destruction,18,9,9
Doughnut,mugthol,863,warlock,destruction,18,9,9
Goarage,tichondrius,863,warlock,destruction,22,10,12
Rokdas,area-52,863,warlock,destruction,24,9,15
Humanreapers,malganis,862,warlock,destruction,12,9,3
Jugaa,arthas,862,warlock,destruction,12,9,3
Locklockdead,earthen-ring,862,warlock,destruction,12,9,3
Namig,aerie-peak,862,warlock,destruction,12,9,3
Taylôr,proudmoore,862,warlock,destruction,18,9,9
Huuchie,moon-guard,861,warlock,destruction,12,9,3
Coreleron,proudmoore,859,warlock,destruction,24,9,15
Kemchaos,illidan,858,warlock,destruction,18,9,9
Shadohz,lightnings-blade,855,warlock,destruction,12,9,3
Kidsoul,illidan,803,warlock,destruction,19,10,9
Ahrimus,area-52,800,warlock,destruction,16,9,7
Barbieelf,sargeras,799,warlock,destruction,14,9,5
Sacalawia,drakkari,784,warlock,destruction,13,9,4
Boltsnhoez,tichondrius,768,warlock,destruction,10,9,1
Thragèqt,sargeras,768,warlock,destruction,12,8,4
Dmox,darkspear,768,warlock,destruction,12,8,4
Medzor,tichondrius,768,warlock,destruction,12,8,4
Invaderzem,tichondrius,768,warlock,destruction,12,8,4
Lockonomicz,tichondrius,768,warlock,destruction,12,8,4
Flackory,tichondrius,768,warlock,destruction,12,8,4
Buffwarlocks,senjin,768,warlock,destruction,12,8,4
Screampies,tichondrius,768,warlock,destruction,12,8,4
Turiggyjr,tichondrius,768,warlock,destruction,12,8,4
Grandpa,daggerspine,768,warlock,destruction,12,8,4
Destroyy,greymane,768,warlock,destruction,12,8,4
Aptukk,archimonde,768,warlock,destruction,12,8,4
Oymmander,illidan,768,warlock,destruction,12,8,4
Ashlet,kelthuzad,768,warlock,destruction,12,8,4
Bigulinhos,nemesis,768,warlock,destruction,12,8,4
Disgustingfk,illidan,768,warlock,destruction,12,8,4
Flavakid,malganis,768,warlock,destruction,12,8,4
Deertz,zuljin,768,warlock,destruction,12,8,4
Deathhawkz,ravencrest,768,warlock,destruction,12,8,4
Jaspieno,illidan,768,warlock,destruction,12,8,4
Epícburn,illidan,768,warlock,destruction,12,8,4
Vigius,dalaran,768,warlock,destruction,12,8,4
Hauntsin,hyjal,768,warlock,destruction,18,8,10
Esså,jaedenar,768,warlock,destruction,18,8,10
Theredwoman,emerald-dream,768,warlock,destruction,18,8,10
Lockforyou,frostmourne,767,warlock,destruction,12,8,4
Niked,sargeras,767,warlock,destruction,12,8,4
Stankbigly,thrall,767,warlock,destruction,12,8,4
Åbyssal,stormrage,767,warlock,destruction,12,8,4
Calidaze,tichondrius,767,warlock,destruction,12,8,4
Çrayoneater,tichondrius,767,warlock,destruction,18,8,10
Tirp,illidan,767,warlock,destruction,18,8,10
Guula,alexstrasza,767,warlock,destruction,18,8,10
Bilidin,azralon,767,warlock,destruction,24,8,16
Rufioo,illidan,766,warlock,destruction,12,8,4
Doomers,frostmourne,766,warlock,destruction,12,8,4
Beldiinlock,khazgoroth,765,warlock,destruction,12,8,4
Razizzles,malganis,763,warlock,destruction,12,8,4
Esoo,kul-tiras,763,warlock,destruction,12,8,4
Caryn,dalaran,763,warlock,destruction,18,8,10
Vampir,hellscream,762,warlock,destruction,18,8,10
Sweatystain,tichondrius,736,warlock,destruction,10,9,1
Ignorai,illidan,735,warlock,destruction,14,9,5
Laklin,stormscale,720,warlock,destruction,15,9,6
Sotera,bleeding-hollow,719,warlock,destruction,11,8,3
Jcm,hyjal,719,warlock,destruction,11,8,3
Pigmahz,malganis,719,warlock,destruction,17,8,9
Bäbz,barthilas,703,warlock,destruction,11,8,3
Ehcsrop,doomhammer,702,warlock,destruction,14,8,6
Felancholy,illidan,699,warlock,destruction,11,8,3
Spicywhite,tichondrius,688,warlock,destruction,13,8,5
Kartharian,wyrmrest-accord,687,warlock,destruction,23,9,14
Rotfull,burning-legion,686,warlock,destruction,22,8,14
Ðarkñess,burning-legion,672,warlock,destruction,12,7,5
Dipgodx,bleeding-hollow,672,warlock,destruction,12,7,5
Artzul,tichondrius,672,warlock,destruction,12,7,5
Zelophobiaz,crushridge,672,warlock,destruction,12,7,5
Almostoogood,illidan,672,warlock,destruction,12,7,5
Sendnudez,nemesis,672,warlock,destruction,12,7,5
Luciusvrenus,tichondrius,672,warlock,destruction,12,7,5
Inmøtion,tichondrius,672,warlock,destruction,12,7,5
Cvoaw,bonechewer,672,warlock,destruction,12,7,5
Kountdrakula,tichondrius,672,warlock,destruction,12,7,5
Flicks,arthas,672,warlock,destruction,12,7,5
Verbzz,tichondrius,672,warlock,destruction,12,7,5
Woopie,malfurion,672,warlock,destruction,12,7,5
Sixonenine,boulderfist,672,warlock,destruction,12,7,5
Forestfruit,tichondrius,672,warlock,destruction,12,7,5
Súpersonic,tichondrius,672,warlock,destruction,12,7,5
Clingrita,tichondrius,672,warlock,destruction,12,7,5
Obscurity,tichondrius,672,warlock,destruction,12,7,5
Neverportx,kirin-tor,672,warlock,destruction,12,7,5
Blair,wildhammer,672,warlock,destruction,12,7,5
Boodizz,frostmourne,672,warlock,destruction,12,7,5
Boxtrolls,ragnaros,672,warlock,destruction,12,7,5
Lockfoxyy,tichondrius,672,warlock,destruction,12,7,5
Destructo,illidan,672,warlock,destruction,18,7,11
Dmacxl,tichondrius,672,warlock,destruction,18,7,11
Heckindoggø,tichondrius,672,warlock,destruction,18,7,11
Necrotic,antonidas,671,warlock,destruction,12,7,5
Thralord,blackrock,671,warlock,destruction,12,7,5
Varuuss,ragnaros,671,warlock,destruction,12,7,5
Belzebud,area-52,671,warlock,destruction,12,7,5
Boltondahoes,sargeras,671,warlock,destruction,12,7,5
Hamadan,azralon,671,warlock,destruction,18,7,11
Hookslinger,barthilas,670,warlock,destruction,12,7,5
Extinção,azralon,668,warlock,destruction,12,7,5
Sneakywarlok,dalaran,668,warlock,destruction,19,7,12
Voidxx,tichondrius,639,warlock,destruction,11,7,4
Astarõth,zuljin,639,warlock,destruction,20,8,12
Pwz,azralon,637,warlock,destruction,20,8,12
Wheremyshoes,area-52,624,warlock,destruction,21,7,14
Mindfulchimp,sargeras,623,warlock,destruction,11,7,4
Klapincheeks,malganis,618,warlock,destruction,34,8,26
Feetsampler,stormrage,608,warlock,destruction,16,7,9
Koitis,tichondrius,607,warlock,destruction,8,7,1
Notchinese,kiljaeden,607,warlock,destruction,11,7,4
Rakudemon,ragnaros,607,warlock,destruction,14,7,7
Furrlokc,tichondrius,607,warlock,destruction,16,7,9
Schrader,sargeras,576,warlock,destruction,6,6,0
Yipláw,stormrage,576,warlock,destruction,6,6,0
Contägion,bleeding-hollow,576,warlock,destruction,6,6,0
Ltr,moon-guard,576,warlock,destruction,6,6,0
Heresucacok,frostmourne,576,warlock,destruction,6,6,0
Vugaddi,illidan,576,warlock,destruction,6,6,0
Zhaphrax,frostmourne,576,warlock,destruction,6,6,0
Winipuhmalo,quelthalas,576,warlock,destruction,6,6,0
Redsolojdc,tichondrius,576,warlock,destruction,6,6,0
Kamohoalii,bleeding-hollow,576,warlock,destruction,6,6,0
Malevolent,velen,576,warlock,destruction,6,6,0
Drexia,tichondrius,576,warlock,destruction,6,6,0
Usainboltzz,tichondrius,576,warlock,destruction,6,6,0
Gneçro,area-52,576,warlock,destruction,12,6,6
Aldaill,moon-guard,576,warlock,destruction,12,6,6
Vvivienx,tichondrius,576,warlock,destruction,12,6,6
Hellbòund,mugthol,576,warlock,destruction,12,6,6
Urukái,dalaran,576,warlock,destruction,12,6,6
Mothmayhem,moon-guard,576,warlock,destruction,12,6,6
Ronnietherat,tichondrius,576,warlock,destruction,12,6,6
Kulgar,aerie-peak,576,warlock,destruction,12,6,6
Soulripped,area-52,576,warlock,destruction,12,6,6
Dauntx,proudmoore,576,warlock,destruction,12,6,6
Kâyn,area-52,576,warlock,destruction,12,6,6
Alizondemdik,azralon,576,warlock,destruction,12,6,6
Uranusa,proudmoore,576,warlock,destruction,12,6,6
Damdochael,bleeding-hollow,576,warlock,destruction,12,6,6
Morcegø,azralon,576,warlock,destruction,12,6,6
Juicestarr,barthilas,576,warlock,destruction,12,6,6
Daenon,kiljaeden,576,warlock,destruction,12,6,6
Charmandfarm,nerzhul,576,warlock,destruction,12,6,6
Draxxus,barthilas,576,warlock,destruction,12,6,6
Tenletters,kirin-tor,576,warlock,destruction,18,6,12
Altazor,thunderlord,576,warlock,destruction,18,6,12
Vindicated,azgalor,575,warlock,destruction,6,6,0
Beelzibub,firetree,575,warlock,destruction,12,6,6
Dapete,malorne,575,warlock,destruction,12,6,6
Méhoe,bleeding-hollow,575,warlock,destruction,12,6,6
Locker,lightnings-blade,575,warlock,destruction,12,6,6
Superbroly,area-52,575,warlock,destruction,12,6,6
Friendd,frostmourne,575,warlock,destruction,12,6,6
Kyrionn,azralon,575,warlock,destruction,12,6,6
Sidious,jubeithos,575,warlock,destruction,12,6,6
Daimon,kaelthas,575,warlock,destruction,12,6,6
Magiaoscurax,quelthalas,575,warlock,destruction,12,6,6
Crankshaft,nordrassil,575,warlock,destruction,12,6,6
Cascades,icecrown,575,warlock,destruction,12,6,6
Borthrel,moon-guard,575,warlock,destruction,18,6,12
Mamosa,stormrage,575,warlock,destruction,18,6,12
Trayga,illidan,574,warlock,destruction,6,6,0
Hungovermate,barthilas,574,warlock,destruction,12,6,6
Gimmeprecog,tichondrius,559,warlock,destruction,11,6,5
Drdotngo,tichondrius,543,warlock,destruction,8,7,1
Balveer,tichondrius,543,warlock,destruction,11,6,5
Evanylock,proudmoore,543,warlock,destruction,17,6,11
Tanskeeh,sargeras,511,warlock,destruction,14,6,8
Burnzul,bleeding-hollow,480,warlock,destruction,6,5,1
Memon,frostmane,480,warlock,destruction,6,5,1
Arnan,korgath,480,warlock,destruction,6,5,1
Yoyoyosup,stormrage,480,warlock,destruction,6,5,1
Beranflakes,darkspear,480,warlock,destruction,6,5,1
Rettek,bleeding-hollow,480,warlock,destruction,6,5,1
Podda,shuhalo,480,warlock,destruction,6,5,1
Dvorakk,frostmourne,480,warlock,destruction,6,5,1
Fabiusbilex,tichondrius,480,warlock,destruction,6,5,1
Fanzhiyi,illidan,480,warlock,destruction,6,5,1
Wodwarlock,thrall,480,warlock,destruction,6,5,1
Blodrain,tichondrius,480,warlock,destruction,6,5,1
Buu,veknilash,480,warlock,destruction,6,5,1
Manapouli,area-52,480,warlock,destruction,6,5,1
Derfflinger,tichondrius,480,warlock,destruction,6,5,1
Feardadots,tichondrius,480,warlock,destruction,6,5,1
Nahz,tichondrius,480,warlock,destruction,6,5,1
Humblegodd,illidan,480,warlock,destruction,6,5,1
Vapeboi,bleeding-hollow,480,warlock,destruction,6,5,1
Beyourselff,tichondrius,480,warlock,destruction,6,5,1
Bumbleebolts,azralon,480,warlock,destruction,6,5,1
Unicornspit,tichondrius,480,warlock,destruction,6,5,1
Miroir,illidan,480,warlock,destruction,6,5,1
Dxhusky,tichondrius,480,warlock,destruction,6,5,1
Dkdakìng,dalaran,480,warlock,destruction,6,5,1
Conradlenoir,illidan,480,warlock,destruction,6,5,1
Demofire,tichondrius,480,warlock,destruction,6,5,1
Pressurë,tichondrius,480,warlock,destruction,6,5,1
Selwitch,dalaran,480,warlock,destruction,6,5,1
Krokodiil,tichondrius,480,warlock,destruction,6,5,1
Nyhn,bleeding-hollow,480,warlock,destruction,7,5,2
Jugerdotz,sargeras,480,warlock,destruction,12,5,7
Gallynna,moon-guard,480,warlock,destruction,12,5,7
Beetlejoos,stormreaver,480,warlock,destruction,12,5,7
Stocktonslap,saurfang,480,warlock,destruction,12,5,7
Tofulery,tichondrius,480,warlock,destruction,12,5,7
Omleaf,malganis,480,warlock,destruction,12,5,7
Totsdots,blackrock,480,warlock,destruction,12,5,7
Lildottythot,malganis,480,warlock,destruction,12,5,7
Äran,azralon,480,warlock,destruction,12,5,7
Bigolehogger,area-52,480,warlock,destruction,12,5,7
Demontos,darkspear,480,warlock,destruction,12,5,7
Isoldmysoul,stormrage,480,warlock,destruction,12,5,7
Gameface,garrosh,480,warlock,destruction,12,5,7
Necrotic,mannoroth,480,warlock,destruction,12,5,7
Chazzlock,area-52,480,warlock,destruction,12,5,7
Dxxz,tichondrius,480,warlock,destruction,12,5,7
Flxmin,area-52,480,warlock,destruction,12,5,7
Noggét,frostmourne,480,warlock,destruction,12,5,7
Wiredftw,illidan,480,warlock,destruction,12,5,7
Snapp,kelthuzad,480,warlock,destruction,12,5,7
Reficul,frostmourne,480,warlock,destruction,12,5,7
Topboypepito,tichondrius,480,warlock,destruction,12,5,7
Dottcha,blackrock,480,warlock,destruction,18,5,13
Zoluraan,proudmoore,479,warlock,destruction,6,5,1
Gambel,duskwood,479,warlock,destruction,12,5,7
Vordz,amanthul,479,warlock,destruction,12,5,7
Loccdawg,laughing-skull,479,warlock,destruction,12,5,7
Dragonixs,ragnaros,457,warlock,destruction,13,8,5
Døtbomb,stormrage,447,warlock,destruction,11,5,6
Brútek,moon-guard,431,warlock,destruction,11,5,6
Overlard,illidan,384,warlock,destruction,6,4,2
Arredivh,blackhand,384,warlock,destruction,6,4,2
Mchawi,tichondrius,384,warlock,destruction,6,4,2
Gordoxin,area-52,384,warlock,destruction,6,4,2
Pacopico,illidan,384,warlock,destruction,6,4,2
Asiopdu,tichondrius,384,warlock,destruction,6,4,2
Starta,tichondrius,384,warlock,destruction,6,4,2
Drgiggles,tichondrius,384,warlock,destruction,6,4,2
Tìdals,zuljin,384,warlock,destruction,6,4,2
Outkãst,illidan,384,warlock,destruction,6,4,2
Galtur,azralon,384,warlock,destruction,6,4,2
Asalaviik,illidan,384,warlock,destruction,6,4,2
Puginlock,illidan,384,warlock,destruction,6,4,2
Ahrimaan,illidan,384,warlock,destruction,6,4,2
Sylestrio,feathermoon,384,warlock,destruction,6,4,2
Norastrum,area-52,384,warlock,destruction,6,4,2
Zonss,tichondrius,384,warlock,destruction,6,4,2
Noxdolor,stormreaver,384,warlock,destruction,6,4,2
Castngcouch,tichondrius,384,warlock,destruction,6,4,2
Laytome,stormreaver,384,warlock,destruction,6,4,2
Eatmybeef,ravencrest,384,warlock,destruction,6,4,2
Pengliyuaner,illidan,384,warlock,destruction,6,4,2
Newty,zuljin,384,warlock,destruction,6,4,2
Tott,hellscream,384,warlock,destruction,6,4,2
Sprenn,bleeding-hollow,384,warlock,destruction,6,4,2
Chaosbeard,korgath,384,warlock,destruction,6,4,2
Dxhusky,illidan,384,warlock,destruction,6,4,2
Sagatt,illidan,384,warlock,destruction,6,4,2
Cursebolt,tichondrius,384,warlock,destruction,6,4,2
Marshyw,tichondrius,384,warlock,destruction,6,4,2
Cosmosxx,illidan,384,warlock,destruction,6,4,2
Xenagos,antonidas,384,warlock,destruction,6,4,2
Fatherbolt,tichondrius,384,warlock,destruction,6,4,2
Nooko,frostmourne,384,warlock,destruction,6,4,2
Lockiana,zuljin,384,warlock,destruction,6,4,2
Ozidus,tichondrius,384,warlock,destruction,6,4,2
Salival,chogall,384,warlock,destruction,6,4,2
Baphomët,tichondrius,384,warlock,destruction,6,4,2
Feardotjpg,stormrage,384,warlock,destruction,6,4,2
Ztc,dalaran,384,warlock,destruction,6,4,2
Honne,sargeras,384,warlock,destruction,6,4,2
Odiums,area-52,384,warlock,destruction,6,4,2
Necrotko,malganis,384,warlock,destruction,6,4,2
Mindheist,stormrage,384,warlock,destruction,6,4,2
Kmüz,drakkari,384,warlock,destruction,6,4,2
Kápz,darkspear,384,warlock,destruction,6,4,2
Smeezles,frostmourne,384,warlock,destruction,6,4,2
Ëliphas,tichondrius,384,warlock,destruction,6,4,2
Diznei,nemesis,384,warlock,destruction,6,4,2
Dottzie,malganis,384,warlock,destruction,6,4,2
Manethail,aegwynn,384,warlock,destruction,6,4,2
Superspreadr,silvermoon,384,warlock,destruction,6,4,2
Lockdogg,mannoroth,384,warlock,destruction,6,4,2
Malagas,tichondrius,384,warlock,destruction,6,4,2
Sslock,sargeras,384,warlock,destruction,6,4,2
Iamfear,shuhalo,384,warlock,destruction,6,4,2
Eazyw,stormrage,384,warlock,destruction,6,4,2
Vyrecks,hyjal,384,warlock,destruction,6,4,2
Viejitaa,quelthalas,384,warlock,destruction,6,4,2
Conspiration,sargeras,384,warlock,destruction,6,4,2
Lockfaceguy,agamaggan,384,warlock,destruction,6,4,2
Wreckquiem,burning-blade,384,warlock,destruction,6,4,2
Rendori,the-scryers,384,warlock,destruction,6,4,2
Shedara,ragnaros,384,warlock,destruction,6,4,2
Dazedl,stormrage,384,warlock,destruction,6,4,2
Cowboydann,malganis,384,warlock,destruction,6,4,2
Mephizar,moon-guard,384,warlock,destruction,6,4,2
Deathtones,moon-guard,384,warlock,destruction,6,4,2
Thelynx,chogall,384,warlock,destruction,6,4,2
Saltiez,sargeras,384,warlock,destruction,6,4,2
Tonifortnite,emerald-dream,384,warlock,destruction,6,4,2
Egirlgamer,sargeras,384,warlock,destruction,6,4,2
Moramont,stormrage,384,warlock,destruction,6,4,2
Woahlock,thrall,384,warlock,destruction,6,4,2
Frem,eonar,384,warlock,destruction,6,4,2
Chumbing,sargeras,384,warlock,destruction,6,4,2
Cragalt,tichondrius,384,warlock,destruction,6,4,2
Sonovabeech,winterhoof,384,warlock,destruction,6,4,2
Tahmrin,quelthalas,384,warlock,destruction,6,4,2
Rumpology,illidan,384,warlock,destruction,12,4,8
Evarona,gorefiend,384,warlock,destruction,12,4,8
Flocka,agamaggan,384,warlock,destruction,12,4,8
Catastrophk,malganis,384,warlock,destruction,12,4,8
Soulinite,fizzcrank,384,warlock,destruction,12,4,8
Fowll,frostwolf,384,warlock,destruction,12,4,8
Lockyy,khaz-modan,384,warlock,destruction,12,4,8
Offendor,stormrage,384,warlock,destruction,12,4,8
Nazrakin,malganis,384,warlock,destruction,12,4,8
Valerilma,azralon,384,warlock,destruction,12,4,8
Chaosmorty,tichondrius,384,warlock,destruction,12,4,8
Feoona,hyjal,384,warlock,destruction,12,4,8
Threk,quelthalas,384,warlock,destruction,12,4,8
Pykorrg,ragnaros,384,warlock,destruction,12,4,8
Mozbet,kiljaeden,384,warlock,destruction,12,4,8
Kalellock,azralon,384,warlock,destruction,12,4,8
Perfidien,tichondrius,384,warlock,destruction,12,4,8
Destructing,hyjal,384,warlock,destruction,12,4,8
Moreedotss,malganis,384,warlock,destruction,18,4,14
Noriaeradra,illidan,383,warlock,destruction,6,4,2
Aerozyn,wyrmrest-accord,383,warlock,destruction,6,4,2
Shooterg,tichondrius,383,warlock,destruction,12,4,8
Supercracker,bleeding-hollow,383,warlock,destruction,12,4,8
Nathalyâ,drakkari,383,warlock,destruction,12,4,8
Asheräh,stormrage,383,warlock,destruction,12,4,8
Juan,borean-tundra,383,warlock,destruction,12,4,8
Promethian,proudmoore,351,warlock,destruction,11,4,7
Vanvídd,ragnaros,351,warlock,destruction,11,4,7
Whathurts,tichondrius,335,warlock,destruction,17,4,13
Tharki,darkspear,330,warlock,destruction,7,5,2
Sooshi,malganis,330,warlock,destruction,11,6,5
Tinyjo,sargeras,319,warlock,destruction,5,4,1
Saintläurent,bleeding-hollow,319,warlock,destruction,5,4,1
Medeia,tichondrius,319,warlock,destruction,5,4,1
Darknessgodd,goldrinn,304,warlock,destruction,7,4,3
Lillpfudd,area-52,288,warlock,destruction,6,3,3
Famelol,tichondrius,288,warlock,destruction,6,3,3
Háydn,azuremyst,288,warlock,destruction,6,3,3
Atheô,ragnaros,288,warlock,destruction,6,3,3
Eiram,ragnaros,288,warlock,destruction,6,3,3
Ðëâthløck,tichondrius,288,warlock,destruction,6,3,3
Necrodeath,malygos,288,warlock,destruction,6,3,3
Pauldiesel,ragnaros,288,warlock,destruction,6,3,3
Djvetis,blackhand,288,warlock,destruction,6,3,3
Dluttysots,emerald-dream,288,warlock,destruction,6,3,3
Justganmore,tichondrius,288,warlock,destruction,6,3,3
Speakeasy,malygos,288,warlock,destruction,6,3,3
Feartool,stormrage,288,warlock,destruction,6,3,3
Oluluo,andorhal,288,warlock,destruction,6,3,3
Phénom,tichondrius,288,warlock,destruction,6,3,3
Joung,tichondrius,288,warlock,destruction,6,3,3
Lyonesse,frostmourne,288,warlock,destruction,6,3,3
Neversoft,bleeding-hollow,288,warlock,destruction,6,3,3
Ÿoucantwin,kiljaeden,288,warlock,destruction,6,3,3
Locdup,sargeras,288,warlock,destruction,6,3,3
Pennÿ,quelthalas,288,warlock,destruction,6,3,3
Darthzugzug,gorefiend,288,warlock,destruction,6,3,3
Truenatestes,proudmoore,288,warlock,destruction,6,3,3
Warlocknroll,frostmourne,288,warlock,destruction,6,3,3
Bunami,kiljaeden,288,warlock,destruction,6,3,3
Souldotz,proudmoore,288,warlock,destruction,6,3,3
Zephee,queldorei,288,warlock,destruction,6,3,3
Alktrz,azralon,288,warlock,destruction,6,3,3
Oleg,bleeding-hollow,288,warlock,destruction,6,3,3
Vxms,barthilas,288,warlock,destruction,6,3,3
Tamzlock,the-forgotten-coast,288,warlock,destruction,6,3,3
Nihilus,anvilmar,288,warlock,destruction,6,3,3
Cocoabuttâ,stormrage,288,warlock,destruction,6,3,3
Wackykid,azralon,288,warlock,destruction,6,3,3
Matilla,tichondrius,288,warlock,destruction,6,3,3
Dogcookie,moon-guard,288,warlock,destruction,6,3,3
Poggyjones,tichondrius,288,warlock,destruction,6,3,3
Ceeloftw,tichondrius,288,warlock,destruction,6,3,3
Amauder,moon-guard,288,warlock,destruction,6,3,3
Dipz,zuljin,288,warlock,destruction,6,3,3
Kascade,drakkari,288,warlock,destruction,6,3,3
Wolfib,tichondrius,288,warlock,destruction,6,3,3
Chaotíc,zuljin,288,warlock,destruction,6,3,3
Creedmore,sargeras,288,warlock,destruction,6,3,3
Sëcond,azralon,288,warlock,destruction,6,3,3
Rightwaylovê,illidan,288,warlock,destruction,6,3,3
Seeword,sargeras,288,warlock,destruction,6,3,3
Siphoned,darkspear,288,warlock,destruction,6,3,3
Meltingface,bleeding-hollow,288,warlock,destruction,6,3,3
Gurlock,illidan,288,warlock,destruction,6,3,3
Shatteroidz,darkspear,288,warlock,destruction,6,3,3
Vafa,kelthuzad,288,warlock,destruction,6,3,3
Síkaría,malganis,288,warlock,destruction,6,3,3
Dashaad,illidan,288,warlock,destruction,6,3,3
Friend,frostmourne,288,warlock,destruction,6,3,3
Lessance,dalaran,288,warlock,destruction,6,3,3
Nismo,trollbane,288,warlock,destruction,6,3,3
Devi,destromath,288,warlock,destruction,6,3,3
Demfearslol,terokkar,288,warlock,destruction,6,3,3
Wåbi,tichondrius,288,warlock,destruction,6,3,3
Maleficist,bleeding-hollow,288,warlock,destruction,6,3,3
Hauntgød,tichondrius,288,warlock,destruction,6,3,3
Toby,azralon,288,warlock,destruction,6,3,3
Iemonv,vashj,288,warlock,destruction,6,3,3
Kairiesmirk,illidan,288,warlock,destruction,7,3,4
Mireffect,auchindoun,288,warlock,destruction,12,3,9
Drwolfman,bonechewer,288,warlock,destruction,12,3,9
Cheqmate,moon-guard,288,warlock,destruction,12,3,9
Darkhadouken,sargeras,288,warlock,destruction,12,3,9
Drsmegmaz,dreadmaul,288,warlock,destruction,12,3,9
Felinå,hyjal,287,warlock,destruction,6,3,3
Kklock,frostmourne,287,warlock,destruction,6,3,3
Izmadara,frostmane,287,warlock,destruction,6,3,3
Casusita,area-52,286,warlock,destruction,6,3,3
Nawtychannel,aegwynn,239,warlock,destruction,5,3,2
Ðemented,bleeding-hollow,239,warlock,destruction,5,3,2
Nozixx,thrall,224,warlock,destruction,10,3,7
Kracky,tichondrius,222,warlock,destruction,8,3,5
Necroboi,alterac-mountains,192,warlock,destruction,4,3,1
Particles,proudmoore,192,warlock,destruction,4,3,1
Terminall,quelthalas,192,warlock,destruction,6,2,4
Politex,malganis,192,warlock,destruction,6,2,4
Cityswimmer,malganis,192,warlock,destruction,6,2,4
Deiformis,malganis,192,warlock,destruction,6,2,4
Maldíta,quelthalas,192,warlock,destruction,6,2,4
Ricklock,aggramar,192,warlock,destruction,6,2,4
Felnightz,area-52,192,warlock,destruction,6,2,4
Jerearderedo,thrall,192,warlock,destruction,6,2,4
Gdpx,malganis,192,warlock,destruction,6,2,4
Dêmonique,azralon,192,warlock,destruction,6,2,4
Eurygnomous,thrall,192,warlock,destruction,6,2,4
Foresthills,sargeras,192,warlock,destruction,6,2,4
Ðuckworth,azralon,192,warlock,destruction,6,2,4
Muffinlol,frostmourne,192,warlock,destruction,6,2,4
Chrishasnen,moon-guard,192,warlock,destruction,6,2,4
Sinnâcle,illidan,192,warlock,destruction,6,2,4
Tlock,azjolnerub,192,warlock,destruction,6,2,4
Falsaqt,area-52,192,warlock,destruction,6,2,4
Mandley,nazgrel,192,warlock,destruction,6,2,4
Diabolock,proudmoore,192,warlock,destruction,6,2,4
Dedremus,korialstrasz,192,warlock,destruction,6,2,4
Xekk,wyrmrest-accord,192,warlock,destruction,6,2,4
Nuradzec,illidan,192,warlock,destruction,6,2,4
Peeberson,tichondrius,192,warlock,destruction,6,2,4
Carcine,frostwolf,192,warlock,destruction,6,2,4
Yurick,frostmourne,192,warlock,destruction,6,2,4
Outlanderr,tichondrius,192,warlock,destruction,6,2,4
Loçkshow,hyjal,192,warlock,destruction,6,2,4
Cloudynightz,tichondrius,192,warlock,destruction,6,2,4
Revenus,tichondrius,192,warlock,destruction,6,2,4
Sorenbjerga,zuljin,192,warlock,destruction,6,2,4
Zoboo,zuljin,192,warlock,destruction,6,2,4
Daesire,moon-guard,192,warlock,destruction,6,2,4
Rabiesdot,tichondrius,192,warlock,destruction,6,2,4
Apokálipse,frostmourne,192,warlock,destruction,6,2,4
Wollylock,dark-iron,192,warlock,destruction,6,2,4
Shanelle,korgath,192,warlock,destruction,6,2,4
Sathorastus,spirestone,192,warlock,destruction,6,2,4
Artheás,azralon,192,warlock,destruction,6,2,4
Harleyjames,ravenholdt,192,warlock,destruction,6,2,4
Nazug,dark-iron,192,warlock,destruction,6,2,4
Chuwhee,sargeras,192,warlock,destruction,6,2,4
Jankity,kelthuzad,192,warlock,destruction,6,2,4
Abbyshapiro,kelthuzad,192,warlock,destruction,6,2,4
Deanwarlock,sargeras,192,warlock,destruction,6,2,4
Harambê,sargeras,192,warlock,destruction,6,2,4
Ðòt,nagrand,192,warlock,destruction,6,2,4
Tarth,sargeras,192,warlock,destruction,6,2,4
Errogant,area-52,192,warlock,destruction,6,2,4
Darkÿoda,malganis,192,warlock,destruction,9,2,7
Dotdoctor,thrall,192,warlock,destruction,9,2,7
Luntrazz,arthas,192,warlock,destruction,12,2,10
Asumi,nemesis,192,warlock,destruction,12,2,10
Superbvious,lothar,192,warlock,destruction,12,2,10
Trrolling,jubeithos,191,warlock,destruction,6,4,2
Dotyoazz,stormrage,159,warlock,destruction,5,2,3
Eatmyboltz,hyjal,159,warlock,destruction,5,2,3
Prds,illidan,159,warlock,destruction,5,2,3
Hayhatchie,nagrand,159,warlock,destruction,5,2,3
Valintine,khadgar,128,warlock,destruction,4,2,2
Goodforyou,stormscale,96,warlock,destruction,3,2,1
Deathboltx,zuljin,96,warlock,destruction,3,2,1
Crankak,zuljin,96,warlock,destruction,3,2,1
Seraphserius,laughing-skull,96,warlock,destruction,6,1,5
Bêlthazor,kelthuzad,96,warlock,destruction,6,1,5
Koillock,bleeding-hollow,96,warlock,destruction,6,1,5
Gsr,bleeding-hollow,96,warlock,destruction,6,1,5
Rytaint,emerald-dream,96,warlock,destruction,6,1,5
Liljamie,stormrage,96,warlock,destruction,6,1,5
Pancakestack,stormrage,96,warlock,destruction,6,1,5
Gulgrin,eldrethalas,96,warlock,destruction,6,1,5
Lockandload,malfurion,96,warlock,destruction,6,1,5
Amour,wyrmrest-accord,96,warlock,destruction,6,1,5
Paparoxy,illidan,96,warlock,destruction,6,1,5
Cornboil,tichondrius,96,warlock,destruction,6,1,5
Lockedinn,mannoroth,96,warlock,destruction,6,1,5
Wesyane,anetheron,96,warlock,destruction,6,1,5
Siinistuh,tichondrius,96,warlock,destruction,6,1,5
Mílkduds,zuljin,96,warlock,destruction,6,1,5
Shendù,stormrage,96,warlock,destruction,6,1,5
Karimbenzema,tichondrius,96,warlock,destruction,6,1,5
Gorgaron,zuljin,96,warlock,destruction,6,1,5
Dapperdanxy,tichondrius,96,warlock,destruction,6,1,5
Covidmaster,frostmourne,96,warlock,destruction,6,1,5
Voky,whisperwind,96,warlock,destruction,6,1,5
Nobuyori,tichondrius,96,warlock,destruction,6,1,5
Scarified,illidan,96,warlock,destruction,6,1,5
Zedonius,dragonmaw,96,warlock,destruction,6,1,5
Mitryc,illidan,96,warlock,destruction,6,1,5
Mcpickl,illidan,96,warlock,destruction,6,1,5
Fearfactory,lethon,96,warlock,destruction,6,1,5
Proletariat,moon-guard,96,warlock,destruction,6,1,5
Ticklebolts,tichondrius,96,warlock,destruction,12,1,11
Thegodd,nemesis,96,warlock,destruction,12,1,11
Anubís,vashj,79,warlock,destruction,5,1,4
Rustý,illidan,79,warlock,destruction,5,1,4
Chéztér,proudmoore,79,warlock,destruction,11,1,10
Saltboi,azjolnerub,64,warlock,destruction,4,1,3
Gobbledeez,moknathal,63,warlock,destruction,7,2,5
Mickylock,tichondrius,48,warlock,destruction,3,1,2
Humanwarlock,spirestone,42,warlock,destruction,9,2,7
Koramoz,area-52,16,warlock,destruction,1,1,0
Nt,burning-legion,16,warlock,destruction,1,1,0
Riproarin,stormrage,2022,warrior,fury,70,42,28
Americanbull,moon-guard,1865,warrior,fury,67,32,35
Thrator,wyrmrest-accord,1825,warrior,fury,48,23,25
Mty,tichondrius,1824,warrior,fury,54,35,19
Jenjang,proudmoore,1822,warrior,fury,71,46,25
Gooberbear,frostmourne,1821,warrior,fury,67,43,24
Isahri,moon-guard,1818,warrior,fury,110,64,46
Eno,ragnaros,1806,warrior,fury,36,26,10
Yawdamper,illidan,1805,warrior,fury,51,32,19
Seoní,wyrmrest-accord,1805,warrior,fury,76,43,33
Cabelas,tichondrius,1805,warrior,fury,42,22,20
Bigfatork,area-52,1803,warrior,fury,58,31,27
Sàndman,malganis,1775,warrior,fury,39,23,16
Wienertoes,tichondrius,1763,warrior,fury,60,29,31
Vèév,proudmoore,1761,warrior,fury,36,24,12
Psychogenic,barthilas,1753,warrior,fury,96,55,41
Neôn,frostmourne,1729,warrior,fury,48,27,21
Zujuzo,moon-guard,1728,warrior,fury,48,29,19
Hlt,tichondrius,1708,warrior,fury,24,18,6
Dnglbryjones,sargeras,1707,warrior,fury,54,30,24
Ágsdóùblémàú,bleeding-hollow,1704,warrior,fury,48,27,21
Morfoggore,ragnaros,1673,warrior,fury,55,25,30
Shibaraku,tichondrius,1666,warrior,fury,42,19,23
Kennäy,azralon,1658,warrior,fury,34,20,14
Ðåddý,stormrage,1655,warrior,fury,59,29,30
Melifehorde,tichondrius,1654,warrior,fury,48,20,28
Joshiman,area-52,1651,warrior,fury,36,18,18
Ragnararagor,ragnaros,1639,warrior,fury,78,43,35
Fearless,moon-guard,1630,warrior,fury,72,39,33
Blgjb,tichondrius,1626,warrior,fury,36,20,16
Franticlol,tichondrius,1619,warrior,fury,36,26,10
Ediann,elune,1619,warrior,fury,71,42,29
Mochigome,moon-guard,1617,warrior,fury,49,24,25
Dowser,goldrinn,1612,warrior,fury,42,21,21
Barafang,wyrmrest-accord,1607,warrior,fury,48,24,24
Warrmachine,mannoroth,1602,warrior,fury,96,60,36
Lilgucci,stonemaul,1602,warrior,fury,36,20,16
Zareshi,sargeras,1592,warrior,fury,98,56,42
Gigatroll,tichondrius,1592,warrior,fury,59,30,29
Larrybiscuit,moon-guard,1587,warrior,fury,42,29,13
Alteryx,sargeras,1587,warrior,fury,42,28,14
Daedrion,dalaran,1579,warrior,fury,30,19,11
Furíous,thunderhorn,1564,warrior,fury,36,19,17
Wolfcultist,moon-guard,1562,warrior,fury,36,17,19
Damonadrann,proudmoore,1552,warrior,fury,30,17,13
Gaazhel,quelthalas,1545,warrior,fury,31,18,13
Raggnarsøøn,ragnaros,1544,warrior,fury,87,40,47
Tádakatsu,sargeras,1536,warrior,fury,47,25,22
Anandamide,frostwolf,1532,warrior,fury,45,25,20
Darkbunny,thaurissan,1531,warrior,fury,36,18,18
Albinosword,azralon,1525,warrior,fury,44,23,21
Dripgodx,malganis,1514,warrior,fury,30,16,14
Playbox,area-52,1514,warrior,fury,83,37,46
Slaggdad,illidan,1507,warrior,fury,43,21,22
Eggroll,emerald-dream,1497,warrior,fury,42,22,20
Chounshiryu,drakkari,1493,warrior,fury,47,26,21
Exëqt,area-52,1484,warrior,fury,48,22,26
Tenger,velen,1474,warrior,fury,58,31,27
Ikoré,saurfang,1473,warrior,fury,57,32,25
Rhann,kelthuzad,1473,warrior,fury,36,20,16
Mankus,tichondrius,1473,warrior,fury,54,27,27
Faren,agamaggan,1460,warrior,fury,24,16,8
Choppiechop,area-52,1426,warrior,fury,24,15,9
Lahired,drakkari,1421,warrior,fury,29,15,14
Karusuke,stormrage,1414,warrior,fury,30,16,14
Vandrad,stormrage,1413,warrior,fury,44,21,23
Fearlessxq,tichondrius,1412,warrior,fury,36,21,15
Kholusia,kul-tiras,1398,warrior,fury,29,15,14
Zekken,blades-edge,1391,warrior,fury,47,24,23
Igoboom,bleeding-hollow,1381,warrior,fury,28,15,13
Apeal,skullcrusher,1376,warrior,fury,31,18,13
Gûard,stormrage,1369,warrior,fury,26,16,10
Soymong,frostmourne,1364,warrior,fury,59,29,30
Crohdey,madoran,1358,warrior,fury,36,18,18
Wöûlöû,trollbane,1346,warrior,fury,27,15,12
Dhaemom,azralon,1324,warrior,fury,47,23,24
Galaxarr,bonechewer,1319,warrior,fury,65,32,33
Cohëëd,kelthuzad,1318,warrior,fury,36,16,20
Eatmyblade,wyrmrest-accord,1314,warrior,fury,41,15,26
Majindoom,illidan,1308,warrior,fury,24,14,10
Swiffy,stormrage,1300,warrior,fury,24,16,8
Fabian,kelthuzad,1296,warrior,fury,75,40,35
Onîkudakì,sargeras,1294,warrior,fury,29,14,15
Tøpg,sargeras,1276,warrior,fury,26,14,12
Tüssèll,khazgoroth,1273,warrior,fury,65,31,34
Emotionaldps,malygos,1270,warrior,fury,85,43,42
Wariorphilip,moon-guard,1250,warrior,fury,30,18,12
Chopped,wyrmrest-accord,1250,warrior,fury,39,16,23
Grosjambes,turalyon,1244,warrior,fury,24,16,8
Brutality,kirin-tor,1237,warrior,fury,24,13,11
Rikbielo,dragonmaw,1236,warrior,fury,19,13,6
Rendus,hyjal,1230,warrior,fury,42,16,26
Koraciá,illidan,1217,warrior,fury,30,15,15
Elonownesme,zuljin,1216,warrior,fury,24,13,11
Tenebrocity,stormrage,1213,warrior,fury,42,19,23
Bondeye,stormrage,1210,warrior,fury,30,13,17
Breinan,ragnaros,1205,warrior,fury,51,26,25
Escånor,moon-guard,1167,warrior,fury,19,13,6
Donutwar,proudmoore,1152,warrior,fury,18,12,6
Jimjinjin,tichondrius,1151,warrior,fury,24,12,12
Zombad,azralon,1148,warrior,fury,18,12,6
Fendimonster,tichondrius,1147,warrior,fury,29,14,15
Morguez,tichondrius,1138,warrior,fury,24,12,12
Talismantate,quelthalas,1135,warrior,fury,18,12,6
Iskandr,amanthul,1132,warrior,fury,30,12,18
Tdaddy,lightbringer,1127,warrior,fury,70,31,39
Chahta,shadowsong,1125,warrior,fury,18,12,6
Varlekt,frostmourne,1125,warrior,fury,24,12,12
Lyonele,moon-guard,1091,warrior,fury,21,12,9
Warsongwolf,tichondrius,1084,warrior,fury,28,12,16
Ruuthless,sargeras,1068,warrior,fury,19,12,7
Tyraelius,kiljaeden,1068,warrior,fury,27,17,10
Rekill,emerald-dream,1055,warrior,fury,18,11,7
Ragwreckz,bleeding-hollow,1055,warrior,fury,18,11,7
Zyzz,scarlet-crusade,1055,warrior,fury,18,11,7
Robocöp,quelthalas,1054,warrior,fury,18,11,7
Fatguy,tichondrius,1053,warrior,fury,48,23,25
Påpi,sargeras,1052,warrior,fury,18,11,7
Matthegreat,area-52,1049,warrior,fury,18,11,7
Trco,quelthalas,1047,warrior,fury,18,11,7
Éeu,anubarak,1044,warrior,fury,48,27,21
Ivanzaytsev,ragnaros,1042,warrior,fury,24,11,13
Rumka,draktharon,1015,warrior,fury,65,26,39
Gnomageddon,anetheron,1006,warrior,fury,17,11,6
Yêawen,tichondrius,990,warrior,fury,20,11,9
Zorhn,skywall,981,warrior,fury,18,13,5
Pulp,sargeras,976,warrior,fury,19,11,8
Zèldris,gallywix,963,warrior,fury,30,14,16
Sandronb,illidan,960,warrior,fury,12,10,2
Szauren,stormrage,960,warrior,fury,18,10,8
Rekatron,area-52,960,warrior,fury,18,10,8
Bulgrim,moon-guard,959,warrior,fury,18,10,8
Furiousangel,area-52,936,warrior,fury,24,10,14
Bargorengar,skullcrusher,933,warrior,fury,37,17,20
Youaredafeds,moon-guard,923,warrior,fury,23,10,13
Hammerock,ragnaros,910,warrior,fury,17,10,7
Firmware,illidan,896,warrior,fury,22,10,12
Grievouz,nemesis,894,warrior,fury,17,10,7
Hùlksmâsh,zuljin,892,warrior,fury,18,11,7
Agragar,zuljin,864,warrior,fury,12,9,3
Astrëa,quelthalas,864,warrior,fury,18,9,9
Cannabiddies,illidan,864,warrior,fury,18,9,9
Hoodlark,lightbringer,863,warrior,fury,12,9,3
Arfzz,zangarmarsh,863,warrior,fury,12,9,3
Grumok,tichondrius,863,warrior,fury,18,9,9
Sithlõrd,moon-guard,863,warrior,fury,18,9,9
Zastrow,dalaran,863,warrior,fury,18,9,9
Crushanater,tichondrius,863,warrior,fury,18,9,9
Zitfrlt,wildhammer,863,warrior,fury,18,9,9
Torkscreww,bleeding-hollow,863,warrior,fury,18,9,9
Rageinc,jubeithos,862,warrior,fury,18,9,9
Fearlessly,moon-guard,861,warrior,fury,18,9,9
Maddzspin,tichondrius,860,warrior,fury,18,9,9
Wurrukattezz,tichondrius,860,warrior,fury,18,9,9
Vornicar,moon-guard,859,warrior,fury,24,9,15
Goinberserk,tichondrius,854,warrior,fury,22,9,13
Rsage,lightbringer,852,warrior,fury,24,9,15
Darthwarr,bleeding-hollow,850,warrior,fury,12,9,3
Wyrmscream,moon-guard,817,warrior,fury,23,9,14
Warqt,kelthuzad,799,warrior,fury,17,9,8
Keltanas,quelthalas,768,warrior,fury,12,8,4
Gazzef,thrall,768,warrior,fury,12,8,4
Furrytakeda,kelthuzad,768,warrior,fury,12,8,4
Jimseung,tichondrius,768,warrior,fury,18,8,10
Grimgrip,frostmane,768,warrior,fury,18,8,10
Icebringer,frostmourne,768,warrior,fury,24,8,16
Wíldcat,illidan,767,warrior,fury,18,8,10
Bigjier,proudmoore,767,warrior,fury,18,8,10
Badoosh,kaelthas,766,warrior,fury,12,8,4
Renseven,frostmourne,761,warrior,fury,18,8,10
Garmeg,nemesis,761,warrior,fury,24,8,16
Alandris,icecrown,760,warrior,fury,18,10,8
Jellyjamz,zuljin,755,warrior,fury,18,8,10
Rôxi,malganis,735,warrior,fury,17,8,9
Pigonhae,zuljin,713,warrior,fury,19,10,9
Scolpi,stormrage,703,warrior,fury,12,9,3
Illaedan,quelthalas,672,warrior,fury,12,7,5
Lòrdnasher,tichondrius,672,warrior,fury,12,7,5
Eino,llane,672,warrior,fury,12,7,5
Sypii,malganis,672,warrior,fury,12,7,5
Ragwreck,bleeding-hollow,672,warrior,fury,12,7,5
Gorrtog,stormrage,672,warrior,fury,18,7,11
Mardrex,korgath,672,warrior,fury,18,7,11
Nebgleb,bleeding-hollow,671,warrior,fury,12,7,5
Nokak,borean-tundra,671,warrior,fury,12,7,5
Calzonez,bloodscalp,671,warrior,fury,12,7,5
Dwarlan,stormrage,671,warrior,fury,12,7,5
Remudan,tichondrius,671,warrior,fury,18,7,11
Siiss,stormrage,665,warrior,fury,21,9,12
Velarrine,illidan,639,warrior,fury,17,7,10
Wintz,dreadmaul,638,warrior,fury,14,8,6
Donjuan,skullcrusher,637,warrior,fury,20,8,12
Taiine,moon-guard,576,warrior,fury,6,6,0
Beanstrom,tichondrius,576,warrior,fury,12,6,6
Colorx,sargeras,576,warrior,fury,12,6,6
Assaulttank,drenden,576,warrior,fury,12,6,6
Soulfang,stormscale,576,warrior,fury,12,6,6
Stunninchaos,shattered-hand,576,warrior,fury,12,6,6
Lurtras,exodar,576,warrior,fury,12,6,6
Liltom,sargeras,576,warrior,fury,12,6,6
Limpninny,dalaran,576,warrior,fury,12,6,6
Eazyc,tichondrius,576,warrior,fury,12,6,6
Alysson,moon-guard,576,warrior,fury,12,6,6
Endlesskilla,destromath,576,warrior,fury,12,6,6
Disarmed,proudmoore,576,warrior,fury,12,6,6
Balbyo,shattered-hand,576,warrior,fury,12,6,6
Harlow,spirestone,576,warrior,fury,12,6,6
Strongerjaw,tichondrius,576,warrior,fury,12,6,6
Gzilla,queldorei,576,warrior,fury,18,6,12
Lighttaker,proudmoore,575,warrior,fury,12,6,6
Badairplane,gilneas,574,warrior,fury,12,6,6
Xfootman,quelthalas,570,warrior,fury,12,6,6
Darkduke,tichondrius,543,warrior,fury,11,6,5
Freakin,ragnaros,543,warrior,fury,16,6,10
Ghonad,windrunner,541,warrior,fury,17,6,11
Nïckböï,misha,519,warrior,fury,11,6,5
Furryhorv,frostmourne,512,warrior,fury,16,6,10
Honduranhary,sargeras,510,warrior,fury,10,6,4
Roxon,hellscream,509,warrior,fury,10,6,4
Yepkorean,tichondrius,480,warrior,fury,6,5,1
Asuna,burning-blade,480,warrior,fury,6,5,1
Orkussw,illidan,480,warrior,fury,6,5,1
Groguu,windrunner,480,warrior,fury,6,5,1
Ragemane,illidan,480,warrior,fury,6,5,1
Azázyel,quelthalas,480,warrior,fury,6,5,1
Hydrolisk,area-52,480,warrior,fury,6,5,1
Snowflakee,jaedenar,480,warrior,fury,6,5,1
Apocalyptist,stormrage,480,warrior,fury,6,5,1
Pelikanesis,arthas,480,warrior,fury,6,5,1
Elken,haomarush,480,warrior,fury,6,5,1
Killuall,sargeras,480,warrior,fury,6,5,1
Bornclueless,illidan,480,warrior,fury,6,5,1
Kombatwombat,kaelthas,480,warrior,fury,6,5,1
Kratøz,tichondrius,480,warrior,fury,12,5,7
Clansy,moon-guard,480,warrior,fury,12,5,7
Maltrate,hyjal,480,warrior,fury,12,5,7
Festergrin,area-52,480,warrior,fury,12,5,7
Redblade,bleeding-hollow,480,warrior,fury,12,5,7
Pápý,ragnaros,480,warrior,fury,12,5,7
Huleo,tichondrius,480,warrior,fury,12,5,7
Axesomebody,tichondrius,480,warrior,fury,12,5,7
Chainsa,stormrage,480,warrior,fury,12,5,7
Iwillcrushyo,darkspear,480,warrior,fury,12,5,7
Wangjianguo,illidan,480,warrior,fury,12,5,7
Zirtag,proudmoore,479,warrior,fury,6,5,1
Warsero,tichondrius,479,warrior,fury,12,5,7
Arrad,sargeras,479,warrior,fury,18,5,13
Crashacorn,stormrage,476,warrior,fury,12,5,7
Veganwarrior,quelthalas,469,warrior,fury,18,5,13
Sperow,malygos,447,warrior,fury,8,6,2
Thalloom,thaurissan,432,warrior,fury,15,5,10
Saubermachen,azralon,426,warrior,fury,16,7,9
Kanekhy,ragnaros,416,warrior,fury,10,5,5
Unpaused,kelthuzad,384,warrior,fury,6,4,2
Galigiggs,emerald-dream,384,warrior,fury,6,4,2
Maar,lightbringer,384,warrior,fury,6,4,2
Rimshotts,sargeras,384,warrior,fury,6,4,2
Jàmiè,wyrmrest-accord,384,warrior,fury,6,4,2
Moriax,azralon,384,warrior,fury,6,4,2
Zerríck,moon-guard,384,warrior,fury,6,4,2
Prestico,ragnaros,384,warrior,fury,6,4,2
Stavsie,tichondrius,384,warrior,fury,6,4,2
Wampzug,azshara,384,warrior,fury,6,4,2
Hasbullá,ragnaros,384,warrior,fury,6,4,2
Testees,senjin,384,warrior,fury,6,4,2
Gtrain,barthilas,384,warrior,fury,6,4,2
Tayne,ragnaros,384,warrior,fury,6,4,2
Sarachnis,area-52,384,warrior,fury,6,4,2
Bigßiceps,tichondrius,384,warrior,fury,6,4,2
Ashwalker,malganis,384,warrior,fury,6,4,2
Sonyanalogue,frostmourne,384,warrior,fury,6,4,2
Braxxinn,tichondrius,384,warrior,fury,6,4,2
Techanina,aerie-peak,384,warrior,fury,6,4,2
Marimadelene,aegwynn,384,warrior,fury,6,4,2
Zikeno,dalaran,384,warrior,fury,6,4,2
Judessi,kiljaeden,384,warrior,fury,6,4,2
Shadax,bleeding-hollow,384,warrior,fury,6,4,2
Akaínu,area-52,384,warrior,fury,6,4,2
Ciege,illidan,384,warrior,fury,6,4,2
Suzushi,tichondrius,384,warrior,fury,6,4,2
Breké,moon-guard,384,warrior,fury,6,4,2
Varkiren,moon-guard,384,warrior,fury,6,4,2
Ðow,burning-blade,384,warrior,fury,6,4,2
Venirith,moon-guard,384,warrior,fury,6,4,2
Mulish,frostmourne,384,warrior,fury,9,5,4
Violençe,malganis,384,warrior,fury,12,4,8
Zarxc,quelthalas,384,warrior,fury,12,4,8
Ghostlyedge,turalyon,384,warrior,fury,12,4,8
Hukzula,illidan,384,warrior,fury,12,4,8
Cryposlice,malganis,384,warrior,fury,12,4,8
Gorm,greymane,384,warrior,fury,12,4,8
Brøsk,azralon,384,warrior,fury,12,4,8
Goatmanee,tichondrius,384,warrior,fury,12,4,8
Rezzett,wyrmrest-accord,384,warrior,fury,12,4,8
Dotlom,wyrmrest-accord,384,warrior,fury,12,4,8
Nimna,moon-guard,384,warrior,fury,12,4,8
Lsays,tichondrius,384,warrior,fury,18,4,14
Irontarkus,garrosh,383,warrior,fury,6,4,2
Drovik,malygos,383,warrior,fury,12,4,8
Rahmholz,bonechewer,383,warrior,fury,12,4,8
Anger,zuljin,383,warrior,fury,24,4,20
Zovudo,area-52,351,warrior,fury,8,5,3
Drumann,hyjal,288,warrior,fury,6,3,3
Cjay,bleeding-hollow,288,warrior,fury,6,3,3
Barbarìan,bleeding-hollow,288,warrior,fury,6,3,3
Colössal,moon-guard,288,warrior,fury,6,3,3
Bamag,dethecus,288,warrior,fury,6,3,3
Luckychaos,bleeding-hollow,288,warrior,fury,6,3,3
Machâ,illidan,288,warrior,fury,6,3,3
Vodak,daggerspine,288,warrior,fury,6,3,3
Vongrave,moonrunner,288,warrior,fury,6,3,3
Kénblock,tichondrius,288,warrior,fury,6,3,3
Zanzaa,sargeras,288,warrior,fury,6,3,3
Beârz,the-underbog,288,warrior,fury,6,3,3
Youserg,khazgoroth,288,warrior,fury,6,3,3
Corvesio,wyrmrest-accord,288,warrior,fury,6,3,3
Cubie,malganis,288,warrior,fury,6,3,3
Spaceguybro,whisperwind,288,warrior,fury,6,3,3
Kåyotix,proudmoore,288,warrior,fury,6,3,3
Braxtön,moon-guard,288,warrior,fury,6,3,3
Doczz,malganis,288,warrior,fury,6,3,3
Romus,spirestone,288,warrior,fury,6,3,3
Zerkxi,kelthuzad,288,warrior,fury,6,3,3
Slãmpiece,stormrage,288,warrior,fury,6,3,3
Lightswords,stormrage,288,warrior,fury,6,3,3
Zangre,stormrage,288,warrior,fury,6,3,3
Kreamyumyums,tichondrius,288,warrior,fury,6,3,3
Decimateme,tichondrius,288,warrior,fury,6,3,3
Demøletiøn,stormrage,288,warrior,fury,6,3,3
Squonks,kelthuzad,288,warrior,fury,6,3,3
Guillotinè,area-52,288,warrior,fury,6,3,3
Braxxínn,tichondrius,288,warrior,fury,6,3,3
Mikejustice,kelthuzad,288,warrior,fury,6,3,3
Zerrekarr,wyrmrest-accord,288,warrior,fury,6,3,3
Kimed,nordrassil,288,warrior,fury,6,3,3
Kàli,kiljaeden,288,warrior,fury,6,3,3
Oohsht,tichondrius,288,warrior,fury,6,3,3
Tâlos,magtheridon,288,warrior,fury,6,3,3
Executie,duskwood,288,warrior,fury,6,3,3
Flexìn,tichondrius,288,warrior,fury,12,3,9
Rólex,tichondrius,288,warrior,fury,12,3,9
Veevz,proudmoore,288,warrior,fury,12,3,9
Kimuraa,hyjal,288,warrior,fury,12,3,9
Tríxman,moon-guard,288,warrior,fury,12,3,9
Disclone,tichondrius,287,warrior,fury,6,3,3
Sphílly,thrall,287,warrior,fury,6,3,3
Eadsmasher,jubeithos,287,warrior,fury,6,3,3
Lucymay,kelthuzad,287,warrior,fury,6,3,3
Fabszord,nemesis,287,warrior,fury,6,3,3
Boothtowolf,the-forgotten-coast,286,warrior,fury,6,3,3
Bigdaddyzees,bleeding-hollow,255,warrior,fury,11,3,8
Leturen,emerald-dream,240,warrior,fury,13,4,9
Warchine,malganis,234,warrior,fury,9,4,5
Reagzy,stormrage,234,warrior,fury,10,4,6
Schlosh,laughing-skull,223,warrior,fury,8,3,5
Çórý,area-52,192,warrior,fury,4,3,1
Therealflex,zuljin,192,warrior,fury,6,2,4
Assmut,stormrage,192,warrior,fury,6,2,4
Trendxx,stormrage,192,warrior,fury,6,2,4
Trekk,azralon,192,warrior,fury,6,2,4
Whitetaure,arthas,192,warrior,fury,6,2,4
Undmyaxe,shattered-halls,192,warrior,fury,6,2,4
Rundai,zuljin,192,warrior,fury,6,2,4
Zareos,azralon,192,warrior,fury,6,2,4
Aboveaverage,arthas,192,warrior,fury,6,2,4
Nordrages,stormrage,192,warrior,fury,6,2,4
Kachigas,sargeras,192,warrior,fury,6,2,4
Gromtalin,sargeras,192,warrior,fury,6,2,4
Daelganis,sargeras,192,warrior,fury,6,2,4
Tempusbane,proudmoore,192,warrior,fury,6,2,4
Itzyourmom,nazjatar,192,warrior,fury,6,2,4
Sabers,mannoroth,192,warrior,fury,6,2,4
Rägnarök,stormrage,192,warrior,fury,6,2,4
Scrotedog,area-52,192,warrior,fury,6,2,4
Sîn,sargeras,192,warrior,fury,6,2,4
Skipowawa,area-52,192,warrior,fury,6,2,4
Sveenn,area-52,192,warrior,fury,6,2,4
Yükana,quelthalas,192,warrior,fury,6,2,4
Wazy,ragnaros,192,warrior,fury,6,2,4
Clerond,tichondrius,192,warrior,fury,6,2,4
Erikx,ragnaros,192,warrior,fury,6,2,4
Darkarus,drakkari,192,warrior,fury,6,2,4
Painstake,illidan,192,warrior,fury,6,2,4
Ragetide,illidan,192,warrior,fury,6,2,4
Kokixz,tichondrius,192,warrior,fury,6,2,4
Good,garona,192,warrior,fury,6,2,4
Savikk,earthen-ring,192,warrior,fury,6,2,4
Ghurrk,hyjal,192,warrior,fury,6,2,4
Slughorn,moon-guard,192,warrior,fury,6,2,4
Ultraa,lightbringer,192,warrior,fury,6,2,4
Axesage,tichondrius,192,warrior,fury,6,2,4
Brainhaze,tichondrius,192,warrior,fury,6,2,4
Thywub,proudmoore,192,warrior,fury,6,2,4
Shrexecute,tichondrius,192,warrior,fury,6,2,4
Twilightzza,sargeras,192,warrior,fury,6,2,4
Warbane,barthilas,192,warrior,fury,6,2,4
Youjumpijump,frostmourne,192,warrior,fury,6,2,4
Onionsauce,frostmourne,192,warrior,fury,6,2,4
Corbray,frostmourne,192,warrior,fury,6,2,4
Werrewolf,kul-tiras,191,warrior,fury,6,2,4
Rediger,aggramar,190,warrior,fury,4,3,1
Chillawigs,kelthuzad,144,warrior,fury,3,3,0
Rhohan,ysera,128,warrior,fury,4,2,2
Israelelel,azralon,128,warrior,fury,4,2,2
Forerunner,tichondrius,128,warrior,fury,4,2,2
Impalle,nazjatar,96,warrior,fury,3,2,1
Heenguer,azralon,96,warrior,fury,6,1,5
Nasrôth,korialstrasz,96,warrior,fury,6,1,5
Arkayla,moon-guard,96,warrior,fury,6,1,5
Veyrin,stormrage,96,warrior,fury,6,1,5
Rohkvan,illidan,96,warrior,fury,6,1,5
Apolio,magtheridon,96,warrior,fury,6,1,5
Grândmâ,zuljin,96,warrior,fury,6,1,5
Mäjka,dalaran,96,warrior,fury,6,1,5
Axekill,bleeding-hollow,96,warrior,fury,6,1,5
Queterompo,ragnaros,96,warrior,fury,6,1,5
Carnagè,area-52,96,warrior,fury,6,1,5
Orsex,ragnaros,96,warrior,fury,6,1,5
Ratface,frostmourne,96,warrior,fury,6,1,5
Hìm,tichondrius,96,warrior,fury,6,1,5
Bosswin,tichondrius,96,warrior,fury,6,1,5
Aftershóck,daggerspine,96,warrior,fury,6,1,5
Doappy,darkspear,96,warrior,fury,6,1,5
Jujuassgeter,darkspear,96,warrior,fury,12,1,11
Glennyballs,dalaran,95,warrior,fury,6,1,5
Baxel,arthas,79,warrior,fury,5,1,4
Ourhero,malganis,48,warrior,fury,3,1,2
Líliúm,ragnaros,16,warrior,fury,1,1,0
Thiccbiscuit,area-52,2210,warrior,arms,107,57,50
Zhanwudix,tichondrius,2130,warrior,arms,105,58,47
Warried,sargeras,2113,warrior,arms,66,37,29
Schonkopf,moon-guard,2100,warrior,arms,90,46,44
Huzha,tichondrius,2094,warrior,arms,113,61,52
Todory,moon-guard,2054,warrior,arms,125,61,64
Zacharyx,tichondrius,2027,warrior,arms,77,44,33
Leans,sargeras,2015,warrior,arms,131,71,60
Edgarllama,sargeras,1999,warrior,arms,69,38,31
Río,area-52,1995,warrior,arms,70,33,37
Sziw,tichondrius,1972,warrior,arms,72,43,29
Gyracide,area-52,1964,warrior,arms,86,40,46
Yermalx,tichondrius,1941,warrior,arms,54,30,24
Hapigirl,tichondrius,1929,warrior,arms,42,30,12
Etchiasoko,gurubashi,1888,warrior,arms,42,30,12
Ælilblessedñ,azralon,1881,warrior,arms,100,51,49
Mítos,quelthalas,1880,warrior,arms,120,61,59
Masumura,kaelthas,1876,warrior,arms,44,24,20
Turtleboy,feathermoon,1867,warrior,arms,50,29,21
Ssamök,ragnaros,1860,warrior,arms,66,33,33
Pezy,frostmourne,1859,warrior,arms,96,47,49
Perfs,bleeding-hollow,1858,warrior,arms,42,25,17
Evnine,illidan,1853,warrior,arms,39,29,10
Spìke,thrall,1853,warrior,arms,77,39,38
Ksharer,tichondrius,1853,warrior,arms,65,31,34
Icon,tichondrius,1846,warrior,arms,46,35,11
Blozar,illidan,1846,warrior,arms,60,30,30
Battousai,kiljaeden,1844,warrior,arms,54,27,27
Bhaldur,sargeras,1842,warrior,arms,56,35,21
Tankypandazd,stormrage,1839,warrior,arms,66,28,38
Ânticide,darkspear,1836,warrior,arms,70,36,34
Undefied,moon-guard,1827,warrior,arms,39,25,14
Vituu,sargeras,1827,warrior,arms,52,30,22
Blaíze,ragnaros,1826,warrior,arms,44,24,20
Coby,wildhammer,1823,warrior,arms,65,36,29
Paoxiaolol,tichondrius,1820,warrior,arms,52,34,18
Anautumnday,tichondrius,1820,warrior,arms,48,24,24
Cosmicsteel,tichondrius,1818,warrior,arms,42,26,16
Icanfixher,moon-guard,1816,warrior,arms,54,25,29
Xîonorc,ragnaros,1815,warrior,arms,60,31,29
Killbørn,azralon,1814,warrior,arms,36,22,14
Lebanesemvp,tichondrius,1813,warrior,arms,79,42,37
Knuklez,tichondrius,1811,warrior,arms,64,33,31
Dangerousd,kiljaeden,1811,warrior,arms,60,30,30
Kaimedran,moon-guard,1810,warrior,arms,48,30,18
Missrend,hyjal,1810,warrior,arms,78,39,39
Melifehorde,tichondrius,1809,warrior,arms,42,25,17
Møcat,illidan,1809,warrior,arms,90,52,38
Kromgrall,tichondrius,1807,warrior,arms,67,34,33
Cushman,tichondrius,1804,warrior,arms,54,35,19
Chakø,tichondrius,1803,warrior,arms,66,36,30
Dogmar,staghelm,1800,warrior,arms,68,35,33
Samuluo,tichondrius,1792,warrior,arms,54,28,26
Meccsecute,tichondrius,1787,warrior,arms,84,44,40
Fleegugeegu,malganis,1780,warrior,arms,48,23,25
Ciz,emerald-dream,1776,warrior,arms,54,28,26
Orçaos,ragnaros,1771,warrior,arms,54,35,19
Rólex,tichondrius,1766,warrior,arms,54,25,29
Krbigcow,tichondrius,1764,warrior,arms,42,22,20
Zira,thrall,1763,warrior,arms,91,46,45
Sickwidit,kiljaeden,1758,warrior,arms,37,22,15
Destram,kelthuzad,1757,warrior,arms,71,37,34
Wartrue,tichondrius,1753,warrior,arms,84,40,44
Strongbaby,tichondrius,1752,warrior,arms,36,20,16
Cloudxxy,kiljaeden,1751,warrior,arms,45,23,22
Islonely,tichondrius,1748,warrior,arms,60,26,34
Colössal,moon-guard,1747,warrior,arms,64,36,28
Massacretko,area-52,1744,warrior,arms,42,24,18
Ollena,wyrmrest-accord,1743,warrior,arms,66,32,34
Ürürææae,sargeras,1742,warrior,arms,84,39,45
Nazraill,aggramar,1741,warrior,arms,63,38,25
Damiansuv,moon-guard,1737,warrior,arms,76,43,33
Mäddôx,tichondrius,1736,warrior,arms,66,27,39
Twshizgd,proudmoore,1733,warrior,arms,54,28,26
Dawx,thrall,1731,warrior,arms,47,24,23
Isnlonely,tichondrius,1725,warrior,arms,30,18,12
Brøly,sargeras,1725,warrior,arms,60,28,32
Kimchikick,tichondrius,1722,warrior,arms,72,31,41
Sakutarou,lightbringer,1721,warrior,arms,52,26,26
Exespamtwo,area-52,1719,warrior,arms,36,25,11
Achilex,sargeras,1717,warrior,arms,36,24,12
Kraftyx,bleeding-hollow,1714,warrior,arms,30,21,9
Bigladmike,sargeras,1714,warrior,arms,48,21,27
Wulouzhan,tichondrius,1700,warrior,arms,41,25,16
Sukonamí,draka,1698,warrior,arms,42,24,18
Foxxfighter,thrall,1697,warrior,arms,35,21,14
Marfas,hyjal,1685,warrior,arms,57,27,30
Crowsfall,aggramar,1684,warrior,arms,52,28,24
Tùngrâu,frostmourne,1683,warrior,arms,82,42,40
Darkduet,tichondrius,1683,warrior,arms,46,20,26
Illing,tichondrius,1682,warrior,arms,34,22,12
Gtr,illidan,1679,warrior,arms,48,31,17
Zaràki,area-52,1678,warrior,arms,90,50,40
Kazecap,proudmoore,1678,warrior,arms,48,22,26
Huugg,skullcrusher,1677,warrior,arms,36,23,13
Trezturbo,tichondrius,1671,warrior,arms,36,20,16
Anti,nerzhul,1669,warrior,arms,39,23,16
Yonkerss,garrosh,1668,warrior,arms,57,29,28
Ystkk,tichondrius,1662,warrior,arms,42,25,17
Dramalas,lightbringer,1662,warrior,arms,54,27,27
Asstastic,bonechewer,1661,warrior,arms,72,27,45
Delakos,frostmourne,1658,warrior,arms,54,32,22
Partyx,tichondrius,1656,warrior,arms,84,42,42
Sponsored,argent-dawn,1655,warrior,arms,41,18,23
Kylewalker,tichondrius,1655,warrior,arms,53,22,31
Boomergodx,stormrage,1653,warrior,arms,60,32,28
Dokgö,tichondrius,1651,warrior,arms,42,20,22
Exzistance,area-52,1649,warrior,arms,42,21,21
Rainingblooð,blackrock,1643,warrior,arms,91,47,44
Narwhål,tichondrius,1643,warrior,arms,54,23,31
Kigame,tichondrius,1641,warrior,arms,48,22,26
Amlahj,stormrage,1640,warrior,arms,47,26,21
Fluffyarm,sargeras,1640,warrior,arms,60,30,30
Ngu,eldrethalas,1636,warrior,arms,53,26,27
Arx,frostwolf,1633,warrior,arms,35,22,13
Jadeemerald,kelthuzad,1633,warrior,arms,36,21,15
Patwong,frostmourne,1629,warrior,arms,30,19,11
Wolfsbanne,khadgar,1629,warrior,arms,59,34,25
Destrey,emerald-dream,1628,warrior,arms,35,18,17
Tatsuu,tichondrius,1626,warrior,arms,56,27,29
Bugsberserk,tichondrius,1625,warrior,arms,47,26,21
Gutting,moon-guard,1625,warrior,arms,36,18,18
Jgillz,sargeras,1624,warrior,arms,30,17,13
Pdbq,tichondrius,1624,warrior,arms,30,17,13
Bwandøn,moon-guard,1623,warrior,arms,76,38,38
Pooshshi,illidan,1623,warrior,arms,36,17,19
Granzelion,tichondrius,1621,warrior,arms,30,17,13
Mistrpower,bleeding-hollow,1617,warrior,arms,72,42,30
Stickybladez,frostmourne,1611,warrior,arms,42,24,18
Tuvia,malganis,1611,warrior,arms,59,33,26
Genghiz,azralon,1610,warrior,arms,24,17,7
Trackstarz,llane,1608,warrior,arms,48,29,19
Garrmash,hyjal,1607,warrior,arms,62,31,31
Smashies,kelthuzad,1606,warrior,arms,30,17,13
Brainhaze,tichondrius,1606,warrior,arms,48,21,27
Utgarde,stormrage,1605,warrior,arms,98,55,43
Ethuil,azshara,1605,warrior,arms,53,23,30
Hìm,tichondrius,1604,warrior,arms,30,19,11
Bromro,tichondrius,1603,warrior,arms,30,17,13
Sosimi,tichondrius,1602,warrior,arms,48,28,20
Know,anetheron,1602,warrior,arms,80,38,42
Yabahdabah,stormrage,1599,warrior,arms,63,35,28
Zankets,area-52,1596,warrior,arms,36,19,17
Ragefused,illidan,1596,warrior,arms,48,20,28
Ruzoc,frostmourne,1591,warrior,arms,35,17,18
Juuz,frostmourne,1587,warrior,arms,72,35,37
Themudcrab,frostmourne,1586,warrior,arms,51,22,29
Sheetss,tichondrius,1585,warrior,arms,48,23,25
Hônor,ragnaros,1585,warrior,arms,36,17,19
Sanquelme,ragnaros,1584,warrior,arms,33,19,14
Myxz,barthilas,1584,warrior,arms,86,41,45
Traumaj,bleeding-hollow,1583,warrior,arms,55,33,22
Stáclin,ragnaros,1582,warrior,arms,133,80,53
Dukà,hyjal,1582,warrior,arms,42,24,18
Brayitann,illidan,1579,warrior,arms,25,19,6
Randydanger,illidan,1576,warrior,arms,42,18,24
Twilightrain,tichondrius,1572,warrior,arms,122,68,54
Yarock,malganis,1571,warrior,arms,84,38,46
Swordborne,moon-guard,1569,warrior,arms,34,19,15
Rongor,drakkari,1569,warrior,arms,36,18,18
Executeqt,azralon,1567,warrior,arms,29,19,10
Timbermack,moon-guard,1567,warrior,arms,48,26,22
Pigzig,nagrand,1564,warrior,arms,36,18,18
Naejwar,ragnaros,1559,warrior,arms,36,22,14
Sinsinatra,azralon,1558,warrior,arms,53,26,27
Fyruz,sargeras,1552,warrior,arms,24,17,7
Ðrex,nagrand,1549,warrior,arms,30,18,12
Zeerohkool,malganis,1549,warrior,arms,50,25,25
Tzumugi,ragnaros,1548,warrior,arms,84,43,41
Smokedaperc,illidan,1547,warrior,arms,53,31,22
Cniggs,korgath,1539,warrior,arms,49,31,18
Fulaixiong,illidan,1537,warrior,arms,27,19,8
Naughtytwat,tichondrius,1536,warrior,arms,46,23,23
Thrator,wyrmrest-accord,1535,warrior,arms,24,16,8
Hookahboss,area-52,1534,warrior,arms,28,17,11
Uzza,stormrage,1528,warrior,arms,24,16,8
Jonathann,suramar,1527,warrior,arms,30,16,14
Hotdadparty,frostmourne,1524,warrior,arms,42,20,22
Wellowarr,moon-guard,1524,warrior,arms,61,27,34
Monstersynde,nemesis,1522,warrior,arms,54,27,27
Athalen,nemesis,1521,warrior,arms,30,16,14
Ichigö,gundrak,1519,warrior,arms,51,25,26
Zindawg,frostmourne,1517,warrior,arms,42,16,26
Muertededios,quelthalas,1516,warrior,arms,57,32,25
Lindsanv,illidan,1514,warrior,arms,32,18,14
Machete,nemesis,1513,warrior,arms,60,32,28
Hydrolisk,area-52,1513,warrior,arms,48,22,26
Firesx,tichondrius,1512,warrior,arms,30,17,13
Warlow,korgath,1508,warrior,arms,24,16,8
Warriordanim,tichondrius,1508,warrior,arms,58,21,37
Rukittenme,area-52,1507,warrior,arms,36,16,20
Mynameyaff,tichondrius,1505,warrior,arms,39,22,17
Rokgral,tichondrius,1505,warrior,arms,36,18,18
Roidraging,thunderlord,1502,warrior,arms,50,19,31
Rocta,tichondrius,1498,warrior,arms,32,17,15
Thurman,spirestone,1497,warrior,arms,36,23,13
Michaelrossx,bloodhoof,1497,warrior,arms,78,37,41
Gorenay,nemesis,1496,warrior,arms,30,16,14
Fuknazum,gundrak,1493,warrior,arms,54,29,25
Lsays,tichondrius,1492,warrior,arms,36,18,18
Jrod,boulderfist,1492,warrior,arms,60,29,31
Rads,stormscale,1489,warrior,arms,44,26,18
Ryängosling,azralon,1487,warrior,arms,30,18,12
Aloloco,ragnaros,1486,warrior,arms,48,24,24
Zyppz,sargeras,1485,warrior,arms,32,21,11
Karnakk,thrall,1485,warrior,arms,41,16,25
Tern,emerald-dream,1483,warrior,arms,46,27,19
Dorianfrost,ravenholdt,1483,warrior,arms,54,20,34
Ghóstx,alleria,1479,warrior,arms,35,25,10
Kilrosao,nordrassil,1479,warrior,arms,35,22,13
Rainzy,stormrage,1476,warrior,arms,36,16,20
Zänn,dalaran,1471,warrior,arms,54,35,19
Strife,sargeras,1469,warrior,arms,32,16,16
Shortgoofy,sargeras,1469,warrior,arms,56,24,32
Bùlk,barthilas,1460,warrior,arms,35,17,18
Xaka,tichondrius,1455,warrior,arms,42,19,23
Shiiftybuga,frostmourne,1452,warrior,arms,38,22,16
Meatbone,emerald-dream,1452,warrior,arms,36,19,17
Tríxman,moon-guard,1441,warrior,arms,36,22,14
Sulze,tichondrius,1439,warrior,arms,40,16,24
Og,shattered-hand,1438,warrior,arms,24,15,9
Ðarkstar,zuljin,1438,warrior,arms,105,47,58
Slickpapi,area-52,1434,warrior,arms,60,28,32
Doublezuglol,tichondrius,1433,warrior,arms,24,15,9
Armamortal,kelthuzad,1432,warrior,arms,36,18,18
Badguys,illidan,1431,warrior,arms,36,15,21
Biznizwar,sargeras,1427,warrior,arms,54,25,29
Swagramarr,area-52,1419,warrior,arms,27,16,11
Kowboy,stormrage,1418,warrior,arms,48,21,27
Mjorn,sargeras,1413,warrior,arms,46,23,23
Korboc,malganis,1412,warrior,arms,24,15,9
Ukris,area-52,1406,warrior,arms,49,28,21
Wouili,zuljin,1405,warrior,arms,40,28,12
Irix,tichondrius,1401,warrior,arms,56,30,26
Arot,bloodhoof,1401,warrior,arms,38,16,22
Saleem,tichondrius,1398,warrior,arms,56,26,30
Frashes,darkspear,1395,warrior,arms,36,16,20
Shawnemd,proudmoore,1392,warrior,arms,30,16,14
Fatnfurious,dunemaul,1392,warrior,arms,44,21,23
Qtcrow,frostmourne,1389,warrior,arms,24,15,9
Verain,thrall,1381,warrior,arms,36,17,19
Nviv,proudmoore,1380,warrior,arms,36,16,20
Torimzor,nemesis,1379,warrior,arms,48,26,22
Thegoochgoon,malorne,1376,warrior,arms,33,20,13
Jotto,zuljin,1376,warrior,arms,30,15,15
Machineofwar,zuluhed,1371,warrior,arms,43,18,25
Xenogears,boulderfist,1364,warrior,arms,30,16,14
Sevala,spinebreaker,1363,warrior,arms,46,26,20
Shingeki,wyrmrest-accord,1362,warrior,arms,56,31,25
Korsarro,frostmourne,1361,warrior,arms,60,29,31
Dji,tichondrius,1361,warrior,arms,86,39,47
Neozsmash,thrall,1349,warrior,arms,30,16,14
Tunchi,runetotem,1348,warrior,arms,48,30,18
Rasgriz,moon-guard,1346,warrior,arms,43,20,23
Ludicrous,dreadmaul,1346,warrior,arms,49,20,29
Ðêed,area-52,1343,warrior,arms,24,14,10
Ironbad,sargeras,1343,warrior,arms,24,14,10
Lyrics,tichondrius,1343,warrior,arms,30,14,16
Icarryrats,tichondrius,1343,warrior,arms,34,14,20
Rageroidz,area-52,1342,warrior,arms,24,14,10
Bmo,chogall,1342,warrior,arms,37,15,22
Gryffith,bleeding-hollow,1341,warrior,arms,36,14,22
Chargeback,zuljin,1338,warrior,arms,30,17,13
Kourny,frostmourne,1336,warrior,arms,42,20,22
Yunnkel,ragnaros,1334,warrior,arms,24,14,10
Áres,malganis,1330,warrior,arms,42,23,19
Papaming,tichondrius,1330,warrior,arms,48,21,27
Asc,barthilas,1327,warrior,arms,39,21,18
Kelidar,kaelthas,1326,warrior,arms,36,18,18
Aoste,tichondrius,1324,warrior,arms,31,16,15
Rekem,malganis,1320,warrior,arms,60,27,33
Sherway,quelthalas,1317,warrior,arms,26,18,8
Apallô,tichondrius,1315,warrior,arms,35,15,20
Thelgrath,quelthalas,1311,warrior,arms,36,17,19
Thorablade,barthilas,1309,warrior,arms,42,18,24
Orcaine,ursin,1300,warrior,arms,29,21,8
ßaldbornë,stormrage,1295,warrior,arms,58,27,31
Kiddoe,rivendare,1294,warrior,arms,54,27,27
Vemue,tichondrius,1290,warrior,arms,42,18,24
Brocky,malorne,1290,warrior,arms,77,28,49
Qookymonster,zuljin,1289,warrior,arms,30,17,13
Grumok,tichondrius,1289,warrior,arms,57,24,33
Knghtofseven,nemesis,1280,warrior,arms,30,17,13
Ëssex,tichondrius,1275,warrior,arms,36,14,22
Loothar,goldrinn,1264,warrior,arms,36,16,20
Duroxzee,area-52,1263,warrior,arms,30,16,14
Gorash,gundrak,1260,warrior,arms,53,26,27
Ybo,illidan,1258,warrior,arms,30,21,9
Orahard,illidan,1253,warrior,arms,31,14,17
Mickyplate,tichondrius,1252,warrior,arms,36,17,19
Aclipse,nagrand,1249,warrior,arms,47,27,20
Coldlòve,akama,1248,warrior,arms,18,13,5
Lagzistance,area-52,1248,warrior,arms,24,13,11
Areaves,moon-guard,1247,warrior,arms,24,13,11
Kruma,stormscale,1247,warrior,arms,25,13,12
Menethíl,tichondrius,1247,warrior,arms,28,14,14
Chaytin,bleeding-hollow,1246,warrior,arms,20,13,7
Hbrandy,tichondrius,1246,warrior,arms,24,13,11
Mervyn,aegwynn,1246,warrior,arms,30,16,14
Blodreìna,hyjal,1245,warrior,arms,22,14,8
Zeroskill,cenarius,1245,warrior,arms,24,13,11
Slaught,kelthuzad,1245,warrior,arms,30,13,17
Cåfe,tichondrius,1243,warrior,arms,18,13,5
Bøek,area-52,1241,warrior,arms,36,13,23
Allgas,barthilas,1240,warrior,arms,24,14,10
Khargrok,ragnaros,1240,warrior,arms,24,13,11
Methwitch,moon-guard,1240,warrior,arms,24,13,11
Brotu,nemesis,1238,warrior,arms,63,34,29
Killtarget,tichondrius,1237,warrior,arms,31,14,17
Standsonkegs,illidan,1233,warrior,arms,30,13,17
Stick,tichondrius,1231,warrior,arms,30,13,17
Wingedknight,malganis,1231,warrior,arms,36,13,23
Krimmjðw,sargeras,1226,warrior,arms,24,13,11
Rampage,azralon,1226,warrior,arms,30,13,17
Ramzeé,kelthuzad,1223,warrior,arms,22,14,8
Retros,kelthuzad,1222,warrior,arms,24,13,11
Aesom,wyrmrest-accord,1213,warrior,arms,58,27,31
Pandaniela,area-52,1212,warrior,arms,24,15,9
Thebruce,nemesis,1211,warrior,arms,48,24,24
Hadesz,nazjatar,1207,warrior,arms,24,14,10
Queterompo,ragnaros,1202,warrior,arms,36,19,17
Demðnslayer,kelthuzad,1201,warrior,arms,36,17,19
Eggroll,emerald-dream,1193,warrior,arms,29,13,16
Bazironbeard,ravencrest,1190,warrior,arms,17,13,4
Youtank,kiljaeden,1185,warrior,arms,54,27,27
Xyazhiro,ragnaros,1185,warrior,arms,42,19,23
Niudazhuang,tichondrius,1183,warrior,arms,28,14,14
Supremegalek,tichondrius,1180,warrior,arms,23,13,10
Ichirisw,tichondrius,1179,warrior,arms,23,13,10
Zarrock,emerald-dream,1174,warrior,arms,26,14,12
Brontok,darkspear,1167,warrior,arms,23,13,10
Soltrain,stormrage,1165,warrior,arms,32,14,18
Bùbbájr,emerald-dream,1152,warrior,arms,18,12,6
Foraken,dragonmaw,1152,warrior,arms,18,12,6
Solastro,malganis,1152,warrior,arms,21,13,8
Ikkyuo,proudmoore,1152,warrior,arms,24,12,12
Gravewurm,twisting-nether,1151,warrior,arms,18,12,6
Bigglyjoobs,tichondrius,1151,warrior,arms,24,12,12
Blackpînk,tichondrius,1151,warrior,arms,24,12,12
Bakadoom,illidan,1150,warrior,arms,18,12,6
Sertss,proudmoore,1150,warrior,arms,18,12,6
Furydudz,tichondrius,1150,warrior,arms,18,12,6
Einnarr,tichondrius,1150,warrior,arms,19,12,7
Malakaimapk,korgath,1150,warrior,arms,24,12,12
Khørnë,ragnaros,1148,warrior,arms,18,12,6
Arrogated,emerald-dream,1148,warrior,arms,42,22,20
Kadira,stormrage,1148,warrior,arms,30,12,18
Malerick,illidan,1148,warrior,arms,30,12,18
Warriorbloo,sargeras,1148,warrior,arms,30,12,18
Vascoes,alleria,1147,warrior,arms,24,12,12
Hickorie,sargeras,1147,warrior,arms,24,12,12
Dotlom,wyrmrest-accord,1147,warrior,arms,30,12,18
Lòrdnasher,tichondrius,1145,warrior,arms,18,12,6
Skittlesxo,bleeding-hollow,1144,warrior,arms,24,12,12
Archonian,stormscale,1143,warrior,arms,22,15,7
Yisunshin,azralon,1141,warrior,arms,24,12,12
Viagraliker,tichondrius,1140,warrior,arms,24,12,12
Carriney,illidan,1139,warrior,arms,47,24,23
Brocc,tichondrius,1139,warrior,arms,24,12,12
Ãleister,stormrage,1137,warrior,arms,33,14,19
Amaragos,tichondrius,1135,warrior,arms,18,12,6
Thebeastwar,area-52,1132,warrior,arms,30,17,13
Stoul,illidan,1129,warrior,arms,24,18,6
Macsen,zuljin,1129,warrior,arms,24,12,12
Gooshin,sargeras,1128,warrior,arms,24,12,12
Dsz,nemesis,1128,warrior,arms,29,13,16
Kuchikilla,borean-tundra,1127,warrior,arms,24,12,12
Swamis,stormreaver,1126,warrior,arms,24,12,12
Mahkrash,quelthalas,1124,warrior,arms,29,12,17
Yuccaleaptus,area-52,1122,warrior,arms,30,12,18
Dúmßlòwn,tichondrius,1121,warrior,arms,36,12,24
Thunderclapz,stormscale,1114,warrior,arms,24,12,12
Theregulator,area-52,1108,warrior,arms,24,13,11
Nicegirl,sargeras,1103,warrior,arms,25,13,12
Tipincider,perenolde,1100,warrior,arms,21,12,9
Helandas,moknathal,1098,warrior,arms,26,12,14
Knocks,blackrock,1094,warrior,arms,21,13,8
Darrowshire,moon-guard,1086,warrior,arms,17,12,5
Ødïñ,sargeras,1071,warrior,arms,69,34,35
Imcute,senjin,1058,warrior,arms,54,18,36
Forakenna,dragonmaw,1056,warrior,arms,12,11,1
Krunnknator,azralon,1056,warrior,arms,18,11,7
Scotteh,eredar,1056,warrior,arms,24,11,13
Aranacn,tichondrius,1055,warrior,arms,12,11,1
Basedaf,frostmourne,1055,warrior,arms,16,12,4
Turtlestorm,tichondrius,1055,warrior,arms,18,11,7
Støne,draktharon,1055,warrior,arms,18,11,7
Gladiator,azshara,1055,warrior,arms,18,11,7
Abomlnatlon,tichondrius,1055,warrior,arms,24,11,13
Arkkaine,sargeras,1054,warrior,arms,24,11,13
Wolfsrage,frostmourne,1054,warrior,arms,30,11,19
Banhaezzi,tichondrius,1053,warrior,arms,24,11,13
Alator,gorgonnash,1052,warrior,arms,18,11,7
Chogar,proudmoore,1052,warrior,arms,24,11,13
Brynjah,azralon,1052,warrior,arms,31,12,19
Nerdstompêr,illidan,1052,warrior,arms,30,11,19
Armorlancer,stormrage,1049,warrior,arms,18,11,7
Týrodar,moon-guard,1049,warrior,arms,24,11,13
Dwarfanage,tichondrius,1047,warrior,arms,28,12,16
Cowbøycrytoo,azralon,1044,warrior,arms,20,12,8
Midge,proudmoore,1044,warrior,arms,59,30,29
Orphasmic,moon-guard,1044,warrior,arms,36,11,25
Tucô,skullcrusher,1042,warrior,arms,38,19,19
Rockystyle,proudmoore,1040,warrior,arms,18,11,7
Wrrx,frostmourne,1037,warrior,arms,24,11,13
Storkos,moon-guard,1034,warrior,arms,24,11,13
Nobowar,tichondrius,1032,warrior,arms,24,11,13
Garadiels,tichondrius,1030,warrior,arms,31,13,18
Pingorosho,quelthalas,1029,warrior,arms,18,11,7
Anotee,kelthuzad,1026,warrior,arms,18,11,7
Raserei,moonrunner,1013,warrior,arms,39,15,24
Kalnor,dark-iron,1009,warrior,arms,26,12,14
Cutgirl,quelthalas,1007,warrior,arms,29,11,18
Szee,tichondrius,991,warrior,arms,17,11,6
Barricade,velen,982,warrior,arms,23,11,12
Sudokubrain,tichondrius,974,warrior,arms,19,11,8
Ragebladë,tichondrius,971,warrior,arms,18,11,7
Swifty,anvilmar,960,warrior,arms,12,10,2
Szew,tichondrius,960,warrior,arms,18,10,8
Adios,tichondrius,960,warrior,arms,18,10,8
Escanòr,malganis,960,warrior,arms,18,10,8
Míasma,ragnaros,960,warrior,arms,30,10,20
Crystaríum,stormrage,959,warrior,arms,18,10,8
Rafheeki,tichondrius,959,warrior,arms,18,10,8
Shinigamix,steamwheedle-cartel,959,warrior,arms,18,10,8
Grimjouw,sargeras,959,warrior,arms,18,10,8
Dragvovar,thrall,959,warrior,arms,24,10,14
Hoodrch,azralon,959,warrior,arms,24,10,14
Jottman,tichondrius,959,warrior,arms,24,10,14
Noodlezz,moon-guard,959,warrior,arms,30,10,20
Danield,illidan,959,warrior,arms,30,10,20
Dvhwec,tichondrius,958,warrior,arms,18,10,8
Glacierrsz,sargeras,958,warrior,arms,18,10,8
Velarrine,illidan,958,warrior,arms,24,10,14
Crú,stormrage,957,warrior,arms,18,10,8
Ashbringera,proudmoore,957,warrior,arms,24,10,14
Pocketaxe,blackwater-raiders,954,warrior,arms,60,29,31
Raekor,tichondrius,953,warrior,arms,12,10,2
Arctures,stormrage,953,warrior,arms,18,10,8
Bfrenzy,dalaran,952,warrior,arms,24,10,14
Creepi,sargeras,952,warrior,arms,24,10,14
Discopogo,nemesis,950,warrior,arms,24,10,14
Waabi,emerald-dream,949,warrior,arms,18,10,8
Småckin,frostmourne,945,warrior,arms,18,10,8
Isildur,nerzhul,936,warrior,arms,18,10,8
Iyamii,hyjal,921,warrior,arms,17,10,7
Spitts,frostmourne,904,warrior,arms,21,10,11
Chanchoswar,ragnaros,903,warrior,arms,27,12,15
Coolade,thunderhorn,892,warrior,arms,22,10,12
Wallzar,sargeras,887,warrior,arms,20,10,10
Stygïàn,draenor,883,warrior,arms,38,19,19
Legoyoda,zuljin,864,warrior,arms,12,9,3
Gordofofo,azralon,864,warrior,arms,12,9,3
Youngmoneyd,illidan,864,warrior,arms,12,9,3
Wutains,tichondrius,864,warrior,arms,12,9,3
Scoopdog,stormrage,864,warrior,arms,18,9,9
Aggnilia,proudmoore,864,warrior,arms,18,9,9
Këther,tichondrius,864,warrior,arms,18,9,9
Lôwkeyfix,illidan,864,warrior,arms,18,9,9
Alchera,fizzcrank,864,warrior,arms,18,9,9
Wtbfriends,malganis,864,warrior,arms,18,9,9
Indominate,tichondrius,864,warrior,arms,21,10,11
Nanchobo,tichondrius,864,warrior,arms,24,9,15
Joshiguy,area-52,864,warrior,arms,24,9,15
Ðìbs,moon-guard,864,warrior,arms,24,9,15
Dnglbryjones,sargeras,864,warrior,arms,24,9,15
Comehnrfce,illidan,864,warrior,arms,24,9,15
Reave,wyrmrest-accord,863,warrior,arms,12,9,3
Balroge,illidan,863,warrior,arms,18,9,9
Itskel,stormreaver,863,warrior,arms,18,9,9
Raveve,area-52,863,warrior,arms,18,9,9
Drillbit,wyrmrest-accord,863,warrior,arms,18,9,9
Kimtrue,tichondrius,863,warrior,arms,18,9,9
Druckerz,lightnings-blade,863,warrior,arms,18,9,9
Saîyanroyce,barthilas,863,warrior,arms,18,9,9
Lunartime,sargeras,863,warrior,arms,18,9,9
Taywar,sargeras,863,warrior,arms,18,9,9
Nikon,bleeding-hollow,863,warrior,arms,18,9,9
Meatdrps,frostmane,863,warrior,arms,21,10,11
Pepétí,azralon,863,warrior,arms,24,9,15
Suicider,stormrage,863,warrior,arms,24,9,15
Lowlow,lightbringer,862,warrior,arms,18,9,9
Golkän,goldrinn,862,warrior,arms,18,9,9
Snewdawg,malganis,862,warrior,arms,18,9,9
Gwendolynl,hyjal,862,warrior,arms,18,9,9
Xenowar,alleria,862,warrior,arms,24,9,15
Jeffe,khadgar,862,warrior,arms,24,9,15
Torkus,ragnaros,860,warrior,arms,18,9,9
Layllassa,moon-guard,860,warrior,arms,24,9,15
Varekai,frostmourne,859,warrior,arms,18,9,9
Mailløche,bleeding-hollow,859,warrior,arms,24,9,15
Sludgthwaps,stormrage,859,warrior,arms,24,9,15
Tolette,quelthalas,858,warrior,arms,18,9,9
Kreeper,farstriders,857,warrior,arms,18,9,9
Karusuke,stormrage,857,warrior,arms,24,9,15
Aleniá,tichondrius,857,warrior,arms,24,9,15
Preschool,sargeras,854,warrior,arms,12,9,3
Garusok,thrall,853,warrior,arms,12,9,3
Njjszn,thrall,853,warrior,arms,24,9,15
Yamadaflash,tichondrius,846,warrior,arms,19,10,9
Tenchuu,azralon,846,warrior,arms,23,9,14
Jaimey,malganis,845,warrior,arms,23,9,14
Rainiki,stormrage,845,warrior,arms,24,9,15
Tergll,illidan,830,warrior,arms,21,10,11
Eskama,hyjal,823,warrior,arms,23,9,14
Mortilant,perenolde,823,warrior,arms,23,9,14
Kannerhus,quelthalas,822,warrior,arms,26,10,16
Kolosal,tichondrius,816,warrior,arms,15,9,6
Kenshín,ragnaros,799,warrior,arms,20,9,11
Gigazug,stormrage,799,warrior,arms,20,9,11
Deadee,aerie-peak,779,warrior,arms,23,9,14
Datneck,tichondrius,768,warrior,arms,12,8,4
Muskratz,tichondrius,768,warrior,arms,12,8,4
Slvrback,stormrage,768,warrior,arms,12,8,4
Retrospex,black-dragonflight,768,warrior,arms,12,8,4
Varrior,wyrmrest-accord,768,warrior,arms,12,8,4
Hõdõnsin,tichondrius,768,warrior,arms,12,8,4
Janjannodie,tichondrius,768,warrior,arms,12,8,4
Paoxiaoevs,tichondrius,768,warrior,arms,12,8,4
Récksus,tichondrius,768,warrior,arms,12,8,4
Hàru,illidan,768,warrior,arms,12,8,4
Krakatóa,kelthuzad,768,warrior,arms,12,8,4
Hanadaddy,frostmourne,768,warrior,arms,12,8,4
Grimreáper,bleeding-hollow,768,warrior,arms,18,8,10
Matesan,jubeithos,768,warrior,arms,18,8,10
Vatix,sargeras,768,warrior,arms,18,8,10
Goodlikeplay,ragnaros,768,warrior,arms,18,8,10
Choppin,sargeras,768,warrior,arms,18,8,10
Skarkla,thrall,768,warrior,arms,18,8,10
Ddaÿ,tichondrius,768,warrior,arms,18,8,10
Betterwar,zuljin,768,warrior,arms,18,8,10
Kilgorath,area-52,768,warrior,arms,24,8,16
Beeny,tichondrius,768,warrior,arms,24,8,16
Chimbrila,azralon,768,warrior,arms,30,8,22
Kàkarot,illidan,767,warrior,arms,12,8,4
Gunnaoffxans,sargeras,767,warrior,arms,12,8,4
Invared,stormrage,767,warrior,arms,12,8,4
Draganovich,aerie-peak,767,warrior,arms,12,8,4
Vecira,moon-guard,767,warrior,arms,12,8,4
Executefreak,illidan,767,warrior,arms,12,8,4
Haldeer,shadow-council,767,warrior,arms,12,8,4
Riskydevil,azralon,767,warrior,arms,12,8,4
Holddapoop,area-52,767,warrior,arms,12,8,4
Luckyw,draktharon,767,warrior,arms,12,8,4
Croxxs,aegwynn,767,warrior,arms,18,8,10
Moarbrainz,mannoroth,767,warrior,arms,18,8,10
Xufoxpikmin,gurubashi,767,warrior,arms,18,8,10
Ujumpijump,andorhal,767,warrior,arms,18,8,10
Scrümp,illidan,767,warrior,arms,19,8,11
Lehzera,frostmourne,767,warrior,arms,24,8,16
Pachacutecxx,ragnaros,767,warrior,arms,24,8,16
Techanina,aerie-peak,767,warrior,arms,24,8,16
Zroz,ragnaros,766,warrior,arms,12,8,4
Armsprotfury,tichondrius,766,warrior,arms,12,8,4
Ragarok,jubeithos,766,warrior,arms,12,8,4
Chawp,emerald-dream,766,warrior,arms,12,8,4
Jackhanma,kelthuzad,766,warrior,arms,12,8,4
Aldérmach,zuljin,766,warrior,arms,18,8,10
Kannzox,quelthalas,766,warrior,arms,21,9,12
Cjz,tichondrius,765,warrior,arms,18,10,8
Jhave,ragnaros,765,warrior,arms,18,8,10
Loktarrogar,illidan,765,warrior,arms,24,8,16
Dylaiin,kelthuzad,765,warrior,arms,24,8,16
Nosfuratuzod,frostmourne,764,warrior,arms,18,8,10
Alexarchos,chogall,764,warrior,arms,18,8,10
Sllvrbck,tichondrius,762,warrior,arms,16,9,7
Hoodlord,tichondrius,762,warrior,arms,24,8,16
Deathsmirk,illidan,761,warrior,arms,25,10,15
Aelrog,malganis,759,warrior,arms,18,8,10
Trapwar,malganis,755,warrior,arms,12,8,4
Wrekkshop,tichondrius,754,warrior,arms,21,9,12
Medusaann,proudmoore,751,warrior,arms,21,9,12
Vetinari,nazjatar,735,warrior,arms,11,8,3
Layoon,azralon,718,warrior,arms,17,8,9
Testflight,tichondrius,703,warrior,arms,11,8,3
Shadowstingg,tichondrius,702,warrior,arms,22,8,14
Magnusz,zuljin,672,warrior,arms,12,7,5
Elsamok,ragnaros,672,warrior,arms,12,7,5
Randysnapper,zuljin,672,warrior,arms,12,7,5
Studdythejet,zuljin,672,warrior,arms,12,7,5
Ystk,tichondrius,672,warrior,arms,12,7,5
Lyliumn,frostmourne,672,warrior,arms,12,7,5
Bleedx,bleeding-hollow,672,warrior,arms,12,7,5
Ragedump,shadowsong,672,warrior,arms,12,7,5
Gbrz,stormrage,672,warrior,arms,12,7,5
Brilliance,suramar,672,warrior,arms,12,7,5
Hannibalkng,zangarmarsh,672,warrior,arms,12,7,5
Kahuwuna,tichondrius,672,warrior,arms,12,7,5
Mardrex,korgath,672,warrior,arms,12,7,5
Spartiguss,emerald-dream,672,warrior,arms,12,7,5
Rokó,illidan,672,warrior,arms,12,7,5
Turecw,illidan,672,warrior,arms,12,7,5
Vids,aegwynn,672,warrior,arms,12,7,5
Stompyocouch,mugthol,672,warrior,arms,12,7,5
Arsis,whisperwind,672,warrior,arms,12,7,5
Warrgawd,illidan,672,warrior,arms,12,7,5
Painfulsin,tichondrius,672,warrior,arms,12,7,5
Feedzz,area-52,672,warrior,arms,12,7,5
Bloodshêdz,stormrage,672,warrior,arms,12,7,5
Zaynafein,emerald-dream,672,warrior,arms,12,7,5
Okayge,proudmoore,672,warrior,arms,12,7,5
Damage,malganis,672,warrior,arms,12,7,5
Cugij,frostmourne,672,warrior,arms,12,7,5
Kâdé,malganis,672,warrior,arms,12,7,5
Amputate,akama,672,warrior,arms,18,7,11
Blightscream,bleeding-hollow,672,warrior,arms,18,7,11
Ariést,bleeding-hollow,672,warrior,arms,18,7,11
Beaerboy,darkspear,672,warrior,arms,18,7,11
Rittylord,frostmourne,672,warrior,arms,18,7,11
Thètrùth,duskwood,672,warrior,arms,18,7,11
Franziskaner,frostmourne,672,warrior,arms,18,7,11
Yamzprime,stormrage,672,warrior,arms,18,7,11
Tappia,quelthalas,672,warrior,arms,18,7,11
Cammerz,area-52,672,warrior,arms,18,7,11
Festerclaws,wyrmrest-accord,672,warrior,arms,24,7,17
Iløveaysla,azralon,672,warrior,arms,24,7,17
Morhgath,bonechewer,671,warrior,arms,12,7,5
Därkzh,stormrage,671,warrior,arms,12,7,5
Gunnëy,malganis,671,warrior,arms,12,7,5
Jedeva,stormrage,671,warrior,arms,12,7,5
Bulletfodder,tichondrius,671,warrior,arms,12,7,5
Maddzspin,tichondrius,671,warrior,arms,12,7,5
Rägar,quelthalas,671,warrior,arms,12,7,5
Vanglorio,azralon,671,warrior,arms,12,7,5
Makcumba,ragnaros,671,warrior,arms,12,7,5
Aaltara,barthilas,671,warrior,arms,12,7,5
Wapistun,thrall,671,warrior,arms,12,7,5
Vio,mannoroth,671,warrior,arms,12,7,5
Vauquelin,tichondrius,671,warrior,arms,18,7,11
Ivanovh,quelthalas,670,warrior,arms,12,7,5
Nraged,illidan,670,warrior,arms,12,7,5
Droogust,tichondrius,670,warrior,arms,12,7,5
Creator,dalaran,670,warrior,arms,18,7,11
Franc,kiljaeden,670,warrior,arms,18,7,11
Baadomishram,ragnaros,670,warrior,arms,18,7,11
Nosetackle,area-52,667,warrior,arms,18,7,11
Lokityr,tichondrius,667,warrior,arms,18,7,11
Rogkhan,tichondrius,667,warrior,arms,18,7,11
Cronie,steamwheedle-cartel,663,warrior,arms,18,7,11
Sígmar,dreadmaul,659,warrior,arms,12,7,5
Monowarx,frostmourne,638,warrior,arms,22,7,15
Twinxin,thrall,637,warrior,arms,17,7,10
Bloodbath,kiljaeden,607,warrior,arms,11,7,4
Exxic,zuljin,606,warrior,arms,14,7,7
Darkthok,drakkari,600,warrior,arms,16,7,9
Dóminus,malfurion,576,warrior,arms,6,6,0
Joebo,thrall,576,warrior,arms,6,6,0
Pkgd,tichondrius,576,warrior,arms,6,6,0
Dripgodx,malganis,576,warrior,arms,6,6,0
Blazight,dunemaul,576,warrior,arms,12,6,6
Bryk,korgath,576,warrior,arms,12,6,6
Eiendira,proudmoore,576,warrior,arms,12,6,6
Raahj,sargeras,576,warrior,arms,12,6,6
Luminiere,sargeras,576,warrior,arms,12,6,6
Arthwarf,proudmoore,576,warrior,arms,12,6,6
Bajheera,sargeras,576,warrior,arms,12,6,6
Gormag,sargeras,576,warrior,arms,12,6,6
Sneaknyoface,sargeras,576,warrior,arms,12,6,6
Glourfindel,quelthalas,576,warrior,arms,12,6,6
Jdubz,frostmourne,576,warrior,arms,12,6,6
Hofukumizuki,tichondrius,576,warrior,arms,12,6,6
Hololeave,tichondrius,576,warrior,arms,12,6,6
Kilgrah,emerald-dream,576,warrior,arms,12,6,6
Adryina,zuljin,576,warrior,arms,12,6,6
Hjogg,moon-guard,576,warrior,arms,12,6,6
Assamith,nemesis,576,warrior,arms,12,6,6
Morfoggore,ragnaros,576,warrior,arms,12,6,6
Avoraçado,nemesis,576,warrior,arms,12,6,6
Dinogc,barthilas,576,warrior,arms,12,6,6
Executie,duskwood,576,warrior,arms,12,6,6
Monkeystrike,barthilas,576,warrior,arms,12,6,6
Sigfir,ragnaros,576,warrior,arms,12,6,6
Hblock,barthilas,576,warrior,arms,12,6,6
Rargou,illidan,576,warrior,arms,12,6,6
Atuey,area-52,576,warrior,arms,12,6,6
Slamuëladams,bleeding-hollow,576,warrior,arms,12,6,6
Jericho,kiljaeden,576,warrior,arms,12,6,6
Xargosh,magtheridon,576,warrior,arms,12,6,6
Areiana,stormrage,576,warrior,arms,12,6,6
Justfair,barthilas,576,warrior,arms,12,6,6
Moxxyy,tichondrius,576,warrior,arms,12,6,6
Tmjakeful,area-52,576,warrior,arms,12,6,6
Gladdz,moon-guard,576,warrior,arms,12,6,6
Arozay,illidan,576,warrior,arms,12,6,6
Headsour,thunderhorn,576,warrior,arms,12,6,6
Grantlol,illidan,576,warrior,arms,12,6,6
Tàlent,thrall,576,warrior,arms,12,6,6
Ganzism,tichondrius,576,warrior,arms,13,6,7
Kakamallo,black-dragonflight,576,warrior,arms,16,7,9
Blíding,ragnaros,576,warrior,arms,21,7,14
Ignid,tichondrius,576,warrior,arms,18,6,12
Flexinbooty,kelthuzad,576,warrior,arms,18,6,12
Nyloras,illidan,576,warrior,arms,18,6,12
Benw,dawnbringer,576,warrior,arms,18,6,12
Berzek,area-52,576,warrior,arms,18,6,12
Kennäy,azralon,576,warrior,arms,18,6,12
Zareos,azralon,576,warrior,arms,18,6,12
Contentious,moon-guard,576,warrior,arms,24,6,18
Willcharge,tichondrius,576,warrior,arms,25,6,19
Helaume,arathor,575,warrior,arms,12,6,6
Shattering,fizzcrank,575,warrior,arms,12,6,6
Deomer,quelthalas,575,warrior,arms,12,6,6
Teyrn,stormrage,575,warrior,arms,12,6,6
Thornakh,stormrage,575,warrior,arms,12,6,6
Elpish,ragnaros,575,warrior,arms,12,6,6
Percthirty,blackrock,575,warrior,arms,12,6,6
Tasesino,quelthalas,575,warrior,arms,12,6,6
Nospace,tichondrius,575,warrior,arms,12,6,6
Hôdû,tichondrius,575,warrior,arms,15,7,8
Eorik,stormrage,575,warrior,arms,18,6,12
Umogarmac,draktharon,575,warrior,arms,18,6,12
Gritrog,thrall,574,warrior,arms,6,6,0
Dragmös,nemesis,574,warrior,arms,6,6,0
Tripleblack,mugthol,574,warrior,arms,12,6,6
Bigsvit,trollbane,574,warrior,arms,12,6,6
Ambiss,azjolnerub,574,warrior,arms,12,6,6
Ønì,tichondrius,569,warrior,arms,12,6,6
Sayyaf,moon-guard,559,warrior,arms,29,6,23
Ballzindeep,tichondrius,543,warrior,arms,8,7,1
Wreckthis,area-52,527,warrior,arms,11,6,5
Tandiko,wyrmrest-accord,527,warrior,arms,11,6,5
Malok,deathwing,527,warrior,arms,21,6,15
Hrókr,kiljaeden,522,warrior,arms,19,8,11
Kyritto,azralon,520,warrior,arms,17,6,11
Bløødy,lethon,511,warrior,arms,8,6,2
Vamtoro,illidan,511,warrior,arms,10,6,4
Jackjaeger,area-52,511,warrior,arms,16,6,10
Rhohan,ysera,511,warrior,arms,17,6,11
Ripstorm,emerald-dream,510,warrior,arms,14,6,8
Warriorlee,jubeithos,510,warrior,arms,14,6,8
Vandalizer,sargeras,509,warrior,arms,14,7,7
Indoondabeat,azgalor,507,warrior,arms,14,6,8
Ousetadoidao,nemesis,480,warrior,arms,6,5,1
Rickywarx,illidan,480,warrior,arms,6,5,1
Deathengine,area-52,480,warrior,arms,6,5,1
Midorikwa,area-52,480,warrior,arms,6,5,1
Dukagã,tichondrius,480,warrior,arms,6,5,1
Geàrbreaker,tichondrius,480,warrior,arms,6,5,1
Pipedoctor,kelthuzad,480,warrior,arms,6,5,1
Hashwar,area-52,480,warrior,arms,6,5,1
Crøm,tichondrius,480,warrior,arms,6,5,1
Himurinha,nemesis,480,warrior,arms,6,5,1
Seblleddo,drakkari,480,warrior,arms,6,5,1
Vainamóinen,kelthuzad,480,warrior,arms,6,5,1
Gohrgroc,quelthalas,480,warrior,arms,6,5,1
Grehk,sargeras,480,warrior,arms,6,5,1
Falindrah,moon-guard,480,warrior,arms,6,5,1
Dedgamesucks,darkspear,480,warrior,arms,6,5,1
Jarlaix,dragonmaw,480,warrior,arms,6,5,1
Qetimporta,quelthalas,480,warrior,arms,6,5,1
Greywo,tichondrius,480,warrior,arms,6,5,1
Razw,frostmourne,480,warrior,arms,6,5,1
Tâlos,magtheridon,480,warrior,arms,6,5,1
Roadglide,korgath,480,warrior,arms,6,5,1
Drjuicce,tichondrius,480,warrior,arms,6,5,1
Jackox,sargeras,480,warrior,arms,6,5,1
Gízzmo,tichondrius,480,warrior,arms,6,5,1
Bullmastic,deathwing,480,warrior,arms,10,6,4
Bluthammer,wyrmrest-accord,480,warrior,arms,12,5,7
Môrôdin,area-52,480,warrior,arms,12,5,7
Gonzwold,drenden,480,warrior,arms,12,5,7
Kaikah,aegwynn,480,warrior,arms,12,5,7
Ecopolis,azshara,480,warrior,arms,12,5,7
Arcâdio,cairne,480,warrior,arms,12,5,7
Aràthor,stormrage,480,warrior,arms,12,5,7
Loucha,nagrand,480,warrior,arms,12,5,7
Urscrewed,frostmane,480,warrior,arms,12,5,7
Sabers,mannoroth,480,warrior,arms,12,5,7
Ochinching,tichondrius,480,warrior,arms,12,5,7
Golîath,mannoroth,480,warrior,arms,12,5,7
Egoist,malganis,480,warrior,arms,12,5,7
Dillý,area-52,480,warrior,arms,12,5,7
Goyqqw,illidan,480,warrior,arms,12,5,7
Hatedßyßlízz,moon-guard,480,warrior,arms,12,5,7
Meowdaa,proudmoore,480,warrior,arms,12,5,7
Takenotez,sargeras,480,warrior,arms,12,5,7
Dynamiite,bleeding-hollow,480,warrior,arms,12,5,7
Kelmor,thunderhorn,480,warrior,arms,12,5,7
Nozmok,proudmoore,480,warrior,arms,12,5,7
Huleo,tichondrius,480,warrior,arms,12,5,7
Yossarrion,frostwolf,480,warrior,arms,12,5,7
Skronkar,illidan,480,warrior,arms,12,5,7
Smorc,stormrage,480,warrior,arms,12,5,7
Purrava,tichondrius,480,warrior,arms,12,5,7
Excalibruh,frostmourne,480,warrior,arms,12,5,7
Flexìn,tichondrius,480,warrior,arms,12,5,7
Necroticism,bleeding-hollow,480,warrior,arms,12,5,7
Draus,nemesis,480,warrior,arms,12,5,7
Rèckit,thrall,480,warrior,arms,12,5,7
Ivory,emerald-dream,480,warrior,arms,12,5,7
Gentlehugs,illidan,480,warrior,arms,12,5,7
Spincycle,khadgar,480,warrior,arms,12,5,7
Targos,frostwolf,480,warrior,arms,12,5,7
Maniel,greymane,480,warrior,arms,12,5,7
Shwip,tichondrius,480,warrior,arms,12,5,7
Noitrak,azralon,480,warrior,arms,15,6,9
Siegfriéd,bleeding-hollow,480,warrior,arms,14,5,9
Nïcowo,ragnaros,480,warrior,arms,26,8,18
Spritez,malganis,480,warrior,arms,18,5,13
Luosifen,tichondrius,480,warrior,arms,18,5,13
Saltyundies,tichondrius,480,warrior,arms,18,5,13
Bruttallis,frostmane,480,warrior,arms,18,5,13
Smokes,sargeras,480,warrior,arms,18,5,13
Overswing,tichondrius,480,warrior,arms,18,5,13
Loosz,stormrage,480,warrior,arms,18,5,13
Okita,bleeding-hollow,480,warrior,arms,18,5,13
Adunken,ragnaros,479,warrior,arms,6,5,1
Hjoz,illidan,479,warrior,arms,6,5,1
Rinngo,proudmoore,479,warrior,arms,6,5,1
Rafaelwar,drakkari,479,warrior,arms,6,5,1
Arrozkonlech,proudmoore,479,warrior,arms,10,6,4
Juff,hakkar,479,warrior,arms,12,5,7
Dirtyrandy,zuluhed,479,warrior,arms,12,5,7
Breyns,garrosh,479,warrior,arms,12,5,7
Wankcelot,kiljaeden,479,warrior,arms,12,5,7
Mezi,tichondrius,479,warrior,arms,12,5,7
Wondaimon,drakkari,479,warrior,arms,12,5,7
Aaryn,caelestrasz,479,warrior,arms,12,5,7
Tikkò,tichondrius,479,warrior,arms,12,5,7
Bionikus,nemesis,479,warrior,arms,12,5,7
Cueromodel,ragnaros,479,warrior,arms,12,5,7
Skumwarr,moon-guard,479,warrior,arms,22,5,17
Brutallypwnd,tichondrius,477,warrior,arms,6,5,1
Lishajr,malganis,477,warrior,arms,6,5,1
Lazyclap,nagrand,477,warrior,arms,18,5,13
Danalle,area-52,448,warrior,arms,10,6,4
Thorado,nemesis,448,warrior,arms,16,6,10
Alejandros,azgalor,447,warrior,arms,11,5,6
Davidorco,drakkari,447,warrior,arms,11,5,6
Wreckerr,area-52,447,warrior,arms,14,6,8
Panzerian,area-52,446,warrior,arms,11,5,6
Orsex,ragnaros,415,warrior,arms,8,5,3
Thano,kiljaeden,415,warrior,arms,10,5,5
Stufit,emerald-dream,400,warrior,arms,7,5,2
Gushyguts,tichondrius,399,warrior,arms,13,5,8
Schizogeist,malganis,384,warrior,arms,6,4,2
Silverkiller,drakkari,384,warrior,arms,6,4,2
Roiboy,stormrage,384,warrior,arms,6,4,2
Nerdstorm,tichondrius,384,warrior,arms,6,4,2
Dazfury,barthilas,384,warrior,arms,6,4,2
Furryhorv,frostmourne,384,warrior,arms,6,4,2
Oppressor,darkspear,384,warrior,arms,6,4,2
Sakuraya,tichondrius,384,warrior,arms,6,4,2
Tickej,dragonmaw,384,warrior,arms,6,4,2
Sìkarío,illidan,384,warrior,arms,6,4,2
Lunks,kelthuzad,384,warrior,arms,6,4,2
Warginger,malygos,384,warrior,arms,6,4,2
Sineatér,frostmourne,384,warrior,arms,6,4,2
Diãbel,azralon,384,warrior,arms,6,4,2
Balakay,drenden,384,warrior,arms,6,4,2
Fulreck,tichondrius,384,warrior,arms,6,4,2
Bricksquad,mannoroth,384,warrior,arms,6,4,2
Tastý,moon-guard,384,warrior,arms,6,4,2
Sharpen,terokkar,384,warrior,arms,6,4,2
Trevmo,bloodscalp,384,warrior,arms,6,4,2
Dhaemom,azralon,384,warrior,arms,6,4,2
Hamur,azralon,384,warrior,arms,6,4,2
Varyanguard,quelthalas,384,warrior,arms,6,4,2
Hipower,lethon,384,warrior,arms,6,4,2
Keffdog,laughing-skull,384,warrior,arms,6,4,2
Flëët,tichondrius,384,warrior,arms,6,4,2
Empyrius,exodar,384,warrior,arms,6,4,2
Bornne,doomhammer,384,warrior,arms,6,4,2
Stolz,dragonmaw,384,warrior,arms,6,4,2
Raime,sargeras,384,warrior,arms,6,4,2
Chopped,wyrmrest-accord,384,warrior,arms,6,4,2
Gahii,barthilas,384,warrior,arms,6,4,2
Bailo,dathremar,384,warrior,arms,6,4,2
Wargorin,bleeding-hollow,384,warrior,arms,6,4,2
Blazingguard,stormrage,384,warrior,arms,6,4,2
Beanbags,zangarmarsh,384,warrior,arms,6,4,2
Kratosxx,quelthalas,384,warrior,arms,6,4,2
Bersérk,area-52,384,warrior,arms,6,4,2
Glocç,sargeras,384,warrior,arms,6,4,2
Tsutsana,lightninghoof,384,warrior,arms,6,4,2
Yivicus,sargeras,384,warrior,arms,6,4,2
Jsolucky,thrall,384,warrior,arms,6,4,2
Winota,frostmourne,384,warrior,arms,6,4,2
Gnasty,hyjal,384,warrior,arms,6,4,2
Paí,nemesis,384,warrior,arms,6,4,2
Hagud,tichondrius,384,warrior,arms,6,4,2
Ogeezus,crushridge,384,warrior,arms,6,4,2
Relerocker,area-52,384,warrior,arms,6,4,2
Battousäi,kiljaeden,384,warrior,arms,6,4,2
Kitonic,proudmoore,384,warrior,arms,6,4,2
Appolyonn,hyjal,384,warrior,arms,6,4,2
Hoobaz,area-52,384,warrior,arms,6,4,2
Thiccyb,area-52,384,warrior,arms,6,4,2
Faronstompz,sargeras,384,warrior,arms,6,4,2
Ártorius,sargeras,384,warrior,arms,6,4,2
Ttl,dalaran,384,warrior,arms,6,4,2
Illmindofboo,tichondrius,384,warrior,arms,6,4,2
Heater,stormrage,384,warrior,arms,6,4,2
Maltrate,hyjal,384,warrior,arms,9,5,4
Crackersmack,stormrage,384,warrior,arms,9,5,4
Kralo,moon-guard,384,warrior,arms,9,5,4
Greenishfox,illidan,384,warrior,arms,9,5,4
Gorez,ragnaros,384,warrior,arms,10,5,5
Demonsláyer,illidan,384,warrior,arms,12,4,8
Arivok,hyjal,384,warrior,arms,12,4,8
Koraciá,illidan,384,warrior,arms,12,4,8
Warbeshar,area-52,384,warrior,arms,12,4,8
Twoshoutz,stormrage,384,warrior,arms,12,4,8
Iridikron,dalaran,384,warrior,arms,12,4,8
Johnnysmizle,kelthuzad,384,warrior,arms,12,4,8
Durango,duskwood,384,warrior,arms,12,4,8
Bacchanal,illidan,384,warrior,arms,12,4,8
Franticlol,tichondrius,384,warrior,arms,12,4,8
Volkz,ragnaros,384,warrior,arms,12,4,8
Fartazz,zuljin,384,warrior,arms,12,4,8
Brownman,saurfang,384,warrior,arms,12,4,8
Guerra,goldrinn,384,warrior,arms,12,4,8
Koei,illidan,384,warrior,arms,12,4,8
Zugface,tichondrius,384,warrior,arms,12,4,8
Deamonkiller,kelthuzad,384,warrior,arms,12,4,8
Ragetodef,illidan,384,warrior,arms,12,4,8
Sunamys,illidan,384,warrior,arms,12,4,8
Thedin,gorefiend,384,warrior,arms,12,4,8
Visenyä,mannoroth,384,warrior,arms,12,4,8
Asgér,quelthalas,384,warrior,arms,12,4,8
Creøn,silvermoon,384,warrior,arms,12,4,8
Sandrine,fizzcrank,384,warrior,arms,12,4,8
Beowúlf,burning-blade,384,warrior,arms,12,4,8
Cevadix,azralon,384,warrior,arms,12,4,8
Hydranoid,ragnaros,384,warrior,arms,12,4,8
Catastrophie,mugthol,384,warrior,arms,12,4,8
Licona,wyrmrest-accord,384,warrior,arms,12,4,8
Ryänlord,mugthol,384,warrior,arms,12,4,8
Renclave,wyrmrest-accord,384,warrior,arms,12,4,8
Kevasaurr,sargeras,384,warrior,arms,12,4,8
Morioso,boulderfist,384,warrior,arms,12,4,8
Ballsy,fenris,384,warrior,arms,12,4,8
Casteleiro,azralon,384,warrior,arms,12,4,8
Iargestpp,bleeding-hollow,384,warrior,arms,12,4,8
Nyle,zuljin,384,warrior,arms,12,4,8
Gorepig,sargeras,384,warrior,arms,12,4,8
Filthyrandy,proudmoore,384,warrior,arms,12,4,8
Daymiian,blackrock,384,warrior,arms,12,4,8
Kimed,nordrassil,384,warrior,arms,12,4,8
Ronak,vashj,384,warrior,arms,12,4,8
Cyllyzie,emerald-dream,384,warrior,arms,12,4,8
Casablancas,azralon,384,warrior,arms,18,4,14
Radamäntthys,nemesis,384,warrior,arms,18,4,14
Cowsgomerr,tichondrius,384,warrior,arms,18,4,14
Tookbeki,tichondrius,383,warrior,arms,6,4,2
Târtàrûs,tichondrius,383,warrior,arms,6,4,2
Blaxst,gorgonnash,383,warrior,arms,6,4,2
Môgwai,kelthuzad,383,warrior,arms,6,4,2
Annaliyah,wyrmrest-accord,383,warrior,arms,12,4,8
Christellà,dalaran,383,warrior,arms,18,4,14
Dierdris,gnomeregan,382,warrior,arms,7,4,3
Verigislena,moon-guard,351,warrior,arms,8,5,3
Vaetren,area-52,351,warrior,arms,11,4,7
Stormlørd,frostmourne,351,warrior,arms,14,5,9
Toir,bladefist,335,warrior,arms,11,4,7
Machatlan,stormrage,324,warrior,arms,16,7,9
Painstake,illidan,320,warrior,arms,19,5,14
Toetoeto,darrowmere,319,warrior,arms,5,4,1
Zuggarnaught,tichondrius,319,warrior,arms,10,4,6
Dishonorkill,dentarg,304,warrior,arms,7,4,3
Coisini,tichondrius,288,warrior,arms,6,3,3
Kazabare,tichondrius,288,warrior,arms,6,3,3
Xwarz,drakkari,288,warrior,arms,6,3,3
Milbën,tichondrius,288,warrior,arms,6,3,3
Auzery,emerald-dream,288,warrior,arms,6,3,3
Wydstepwar,malganis,288,warrior,arms,6,3,3
Everchosen,proudmoore,288,warrior,arms,6,3,3
Warrimon,nemesis,288,warrior,arms,6,3,3
Sweetdeé,zuljin,288,warrior,arms,6,3,3
Casmier,tichondrius,288,warrior,arms,6,3,3
Smashndspin,sargeras,288,warrior,arms,6,3,3
Ghostss,tichondrius,288,warrior,arms,6,3,3
Imperiial,stormrage,288,warrior,arms,6,3,3
Exëqt,nemesis,288,warrior,arms,6,3,3
Klouddraft,tichondrius,288,warrior,arms,6,3,3
Iigotu,tichondrius,288,warrior,arms,6,3,3
Jutank,sargeras,288,warrior,arms,6,3,3
Dreadtøøth,tichondrius,288,warrior,arms,6,3,3
Martydom,proudmoore,288,warrior,arms,6,3,3
Gläedr,dalaran,288,warrior,arms,6,3,3
Kuntahkintah,tichondrius,288,warrior,arms,6,3,3
Pvpheart,tichondrius,288,warrior,arms,6,3,3
Biggieswords,madoran,288,warrior,arms,6,3,3
Lundyswung,silver-hand,288,warrior,arms,6,3,3
Terneitor,ragnaros,288,warrior,arms,6,3,3
Smallbrainx,tichondrius,288,warrior,arms,6,3,3
Fyle,stormrage,288,warrior,arms,6,3,3
Daedrion,dalaran,288,warrior,arms,6,3,3
Kixxel,sargeras,288,warrior,arms,6,3,3
Pipeman,blackhand,288,warrior,arms,6,3,3
Zemi,sargeras,288,warrior,arms,6,3,3
Polox,ragnaros,288,warrior,arms,6,3,3
Ellx,sargeras,288,warrior,arms,6,3,3
Tbagg,area-52,288,warrior,arms,6,3,3
Killborn,tichondrius,288,warrior,arms,6,3,3
Clerond,tichondrius,288,warrior,arms,6,3,3
Painremaìns,dunemaul,288,warrior,arms,6,3,3
Slamedi,frostmourne,288,warrior,arms,6,3,3
Amortens,area-52,288,warrior,arms,6,3,3
Philbert,alexstrasza,288,warrior,arms,6,3,3
Ereborh,ragnaros,288,warrior,arms,6,3,3
Bigdude,frostwolf,288,warrior,arms,6,3,3
Tharsìs,emerald-dream,288,warrior,arms,6,3,3
Pummels,area-52,288,warrior,arms,6,3,3
Kryptïç,moon-guard,288,warrior,arms,6,3,3
Grognäk,malganis,288,warrior,arms,6,3,3
Osselan,moon-guard,288,warrior,arms,6,3,3
Robostergler,tichondrius,288,warrior,arms,6,3,3
Facefïster,malganis,288,warrior,arms,6,3,3
Swifty,tichondrius,288,warrior,arms,6,3,3
Lanco,kiljaeden,288,warrior,arms,6,3,3
Yrz,malganis,288,warrior,arms,6,3,3
Stewwar,wyrmrest-accord,288,warrior,arms,6,3,3
Idarkshakra,illidan,288,warrior,arms,6,3,3
Tinylimbs,frostmourne,288,warrior,arms,6,3,3
Meadsweats,tichondrius,288,warrior,arms,6,3,3
Pocserwar,drakkari,288,warrior,arms,6,3,3
Calynn,frostmourne,288,warrior,arms,6,3,3
Outterspace,illidan,288,warrior,arms,6,3,3
Goaco,drakkari,288,warrior,arms,6,3,3
Drakr,ragnaros,288,warrior,arms,6,3,3
Seymourbot,illidan,288,warrior,arms,6,3,3
Hìtchslap,tichondrius,288,warrior,arms,6,3,3
Croton,moon-guard,288,warrior,arms,6,3,3
Asgaurdius,thunderlord,288,warrior,arms,6,3,3
Nukehazard,bleeding-hollow,288,warrior,arms,6,3,3
Skullsplittr,illidan,288,warrior,arms,6,3,3
Bolx,archimonde,288,warrior,arms,6,3,3
Azaks,drakkari,288,warrior,arms,6,3,3
Maintarget,malganis,288,warrior,arms,6,3,3
Vø,agamaggan,288,warrior,arms,6,3,3
Moonsworn,moon-guard,288,warrior,arms,6,3,3
Rockybâlboa,illidan,288,warrior,arms,6,3,3
Evôlutiôn,kelthuzad,288,warrior,arms,6,3,3
Kokurawr,burning-legion,288,warrior,arms,6,3,3
Dazuu,illidan,288,warrior,arms,6,3,3
Demetrïus,moon-guard,288,warrior,arms,6,3,3
Ârmstrong,quelthalas,288,warrior,arms,6,3,3
Assmut,stormrage,288,warrior,arms,6,3,3
Sodarzok,thaurissan,288,warrior,arms,6,3,3
Venecus,stormrage,288,warrior,arms,6,3,3
Ashtonx,sargeras,288,warrior,arms,6,3,3
Grounyl,azralon,288,warrior,arms,6,3,3
Readytoflee,moon-guard,288,warrior,arms,6,3,3
Elessarr,moon-guard,288,warrior,arms,6,3,3
Lorinzer,zuljin,288,warrior,arms,6,3,3
Taürok,azralon,288,warrior,arms,6,3,3
Execute,kirin-tor,288,warrior,arms,6,3,3
Tothepain,thrall,288,warrior,arms,6,3,3
Mavrus,malganis,288,warrior,arms,6,3,3
Telynne,frostmourne,288,warrior,arms,6,3,3
Varith,sargeras,288,warrior,arms,6,3,3
Oxia,quelthalas,288,warrior,arms,6,3,3
Vikkz,frostmourne,288,warrior,arms,6,3,3
Mikero,terenas,288,warrior,arms,6,3,3
Ezgamelol,azralon,288,warrior,arms,6,3,3
Deadhawk,wyrmrest-accord,288,warrior,arms,6,3,3
Tommytimbo,destromath,288,warrior,arms,6,3,3
Warnuk,lightnings-blade,288,warrior,arms,6,3,3
Orkussw,illidan,288,warrior,arms,6,3,3
Hazew,kelthuzad,288,warrior,arms,6,3,3
Hanginaround,zuluhed,288,warrior,arms,6,3,3
Tread,mugthol,288,warrior,arms,6,3,3
Elíte,kelthuzad,288,warrior,arms,6,3,3
Kénblock,tichondrius,288,warrior,arms,6,3,3
Harnor,garrosh,288,warrior,arms,6,3,3
Heylol,blackhand,288,warrior,arms,6,3,3
Fraannky,windrunner,288,warrior,arms,6,3,3
Ralphy,lightnings-blade,288,warrior,arms,6,3,3
Badboyjan,tichondrius,288,warrior,arms,6,3,3
Robio,tichondrius,288,warrior,arms,6,3,3
Lögän,azralon,288,warrior,arms,6,3,3
Retrô,uldum,288,warrior,arms,6,3,3
Qutuz,illidan,288,warrior,arms,6,3,3
Doucherocket,kelthuzad,288,warrior,arms,6,3,3
Elchacál,ragnaros,288,warrior,arms,6,3,3
Allmotor,zuljin,288,warrior,arms,6,3,3
Vexwar,bleeding-hollow,288,warrior,arms,6,3,3
Snack,stormreaver,288,warrior,arms,6,3,3
Overfury,azralon,288,warrior,arms,6,3,3
Sambojüjü,stormrage,288,warrior,arms,6,3,3
Ðuffman,jubeithos,288,warrior,arms,6,3,3
Schlosh,laughing-skull,288,warrior,arms,6,3,3
Lucidx,malfurion,288,warrior,arms,6,3,3
Fakktwo,blackhand,288,warrior,arms,6,3,3
Budzie,frostwolf,288,warrior,arms,6,3,3
Dublinn,llane,288,warrior,arms,6,3,3
Wtssap,ragnaros,288,warrior,arms,6,3,3
Rockhardt,tichondrius,288,warrior,arms,6,3,3
Peters,malfurion,288,warrior,arms,6,3,3
Notmagnusz,zuljin,288,warrior,arms,6,3,3
Estiria,kelthuzad,288,warrior,arms,6,3,3
Nabiouscx,malganis,288,warrior,arms,7,3,4
Theisius,tichondrius,288,warrior,arms,9,3,6
Galehna,ragnaros,288,warrior,arms,11,3,8
Zastrow,dalaran,288,warrior,arms,12,3,9
Scrubzwarr,barthilas,288,warrior,arms,12,3,9
Mahoogler,hakkar,288,warrior,arms,12,3,9
Nirax,burning-legion,288,warrior,arms,12,3,9
Macray,zuljin,288,warrior,arms,12,3,9
Pretending,dalaran,288,warrior,arms,12,3,9
Gorrthrax,area-52,288,warrior,arms,12,3,9
Gannïcûs,drakkari,288,warrior,arms,12,3,9
Tsathoggua,kiljaeden,288,warrior,arms,12,3,9
Thecolor,tichondrius,288,warrior,arms,12,3,9
Edmaghar,ragnaros,288,warrior,arms,12,3,9
Laynarri,hyjal,288,warrior,arms,12,3,9
Kirown,quelthalas,288,warrior,arms,12,3,9
Kero,malganis,288,warrior,arms,12,3,9
Notoxzy,tichondrius,288,warrior,arms,12,3,9
Aquannas,bloodscalp,287,warrior,arms,6,3,3
Thråsh,area-52,287,warrior,arms,6,3,3
Yomaaln,blackrock,287,warrior,arms,6,3,3
Kì,moon-guard,287,warrior,arms,6,3,3
Prunebery,area-52,287,warrior,arms,6,3,3
Gargameld,stormrage,287,warrior,arms,6,3,3
Dazanor,moon-guard,271,warrior,arms,11,3,8
Azindar,gilneas,256,warrior,arms,4,4,0
Gorakis,barthilas,255,warrior,arms,8,4,4
Excaliburz,frostmourne,255,warrior,arms,11,3,8
Spicywagyu,tichondrius,255,warrior,arms,11,3,8
Destructör,nagrand,240,warrior,arms,9,3,6
Valde,stormrage,240,warrior,arms,9,3,6
Madwolf,tichondrius,239,warrior,arms,5,3,2
Tribbally,silver-hand,239,warrior,arms,5,3,2
Blackstamp,tichondrius,239,warrior,arms,5,3,2
ßlitzxkreig,tichondrius,239,warrior,arms,5,3,2
Frëdsmite,kelthuzad,234,warrior,arms,16,5,11
Warrage,kiljaeden,233,warrior,arms,9,6,3
Sáítámá,tichondrius,224,warrior,arms,10,3,7
Nayaqt,tichondrius,223,warrior,arms,8,3,5
Condemnd,area-52,207,warrior,arms,8,3,5
Hoboedd,area-52,192,warrior,arms,4,3,1
Cugino,tichondrius,192,warrior,arms,9,3,6
Luckychaos,bleeding-hollow,192,warrior,arms,6,2,4
Tanatos,the-venture-co,192,warrior,arms,6,2,4
Palumorw,deathwing,192,warrior,arms,6,2,4
Daechoochoo,frostwolf,192,warrior,arms,6,2,4
Moosoka,malorne,192,warrior,arms,6,2,4
Hameey,sargeras,192,warrior,arms,6,2,4
Zuans,azralon,192,warrior,arms,6,2,4
Tüssèll,khazgoroth,192,warrior,arms,6,2,4
Erradic,sargeras,192,warrior,arms,6,2,4
Barrbarossa,stormrage,192,warrior,arms,6,2,4
Kamuwarr,azralon,192,warrior,arms,6,2,4
Groxxigore,chogall,192,warrior,arms,6,2,4
Chronek,sargeras,192,warrior,arms,6,2,4
Jarheadz,bleeding-hollow,192,warrior,arms,6,2,4
Irondefense,thrall,192,warrior,arms,6,2,4
Draiken,dalaran,192,warrior,arms,6,2,4
Brewstrike,dalaran,192,warrior,arms,6,2,4
Negrolas,nemesis,192,warrior,arms,6,2,4
Fabszord,nemesis,192,warrior,arms,6,2,4
Riuk,goldrinn,192,warrior,arms,6,2,4
Steelfist,grizzly-hills,192,warrior,arms,6,2,4
Burstful,bleeding-hollow,192,warrior,arms,6,2,4
Iapologiz,illidan,192,warrior,arms,6,2,4
Dysensor,illidan,192,warrior,arms,6,2,4
Lopotron,sargeras,192,warrior,arms,6,2,4
Trôca,ragnaros,192,warrior,arms,6,2,4
Solano,illidan,192,warrior,arms,6,2,4
Bkdorbandit,illidan,192,warrior,arms,6,2,4
Ogpapabear,stormscale,192,warrior,arms,6,2,4
Bilmuuri,illidan,192,warrior,arms,6,2,4
Düde,whisperwind,192,warrior,arms,6,2,4
Amrap,dentarg,192,warrior,arms,6,2,4
Annihilataur,blackhand,192,warrior,arms,6,2,4
Slamzftw,stormreaver,192,warrior,arms,6,2,4
Wooglinx,stormrage,192,warrior,arms,6,2,4
Braxxinn,tichondrius,192,warrior,arms,6,2,4
Xdragonfirex,terenas,192,warrior,arms,6,2,4
Ðåddý,stormrage,192,warrior,arms,6,2,4
Jragonmaster,borean-tundra,192,warrior,arms,6,2,4
Squonks,kelthuzad,192,warrior,arms,6,2,4
Valestrike,moon-guard,192,warrior,arms,6,2,4
Zerosends,kelthuzad,192,warrior,arms,6,2,4
Pandamoanman,moon-guard,192,warrior,arms,6,2,4
Flexo,moon-guard,192,warrior,arms,6,2,4
Wolfcultist,moon-guard,192,warrior,arms,6,2,4
Bigdickgomez,frostmourne,192,warrior,arms,6,2,4
Playbox,area-52,192,warrior,arms,6,2,4
Jakelope,proudmoore,192,warrior,arms,6,2,4
Deldramor,proudmoore,192,warrior,arms,6,2,4
Èxecutè,area-52,192,warrior,arms,6,2,4
Danskmand,tichondrius,192,warrior,arms,6,2,4
Kasheeka,spirestone,192,warrior,arms,6,2,4
Akaínu,area-52,192,warrior,arms,6,2,4
Stÿgian,blood-furnace,192,warrior,arms,6,2,4
Befòx,tichondrius,192,warrior,arms,6,2,4
Warsaínt,area-52,192,warrior,arms,6,2,4
Mêlo,area-52,192,warrior,arms,6,2,4
Nogèt,frostmourne,192,warrior,arms,6,2,4
Dippindabz,area-52,192,warrior,arms,6,2,4
Shiestyzug,tichondrius,192,warrior,arms,6,2,4
Icebringer,frostmourne,192,warrior,arms,6,2,4
Dpoy,tichondrius,192,warrior,arms,6,2,4
Ígnatius,malganis,192,warrior,arms,6,2,4
Gusbus,malganis,192,warrior,arms,6,2,4
Moozz,dreadmaul,192,warrior,arms,6,2,4
Sypii,malganis,192,warrior,arms,6,2,4
Dahakawar,malganis,192,warrior,arms,6,2,4
Guitter,nazjatar,192,warrior,arms,6,2,4
Mongofiera,quelthalas,192,warrior,arms,6,2,4
Krimgar,quelthalas,192,warrior,arms,6,2,4
Endlesskilla,destromath,192,warrior,arms,6,2,4
Sylvannlee,tichondrius,192,warrior,arms,6,2,4
Hagger,quelthalas,192,warrior,arms,6,2,4
Orcbum,kiljaeden,192,warrior,arms,6,2,4
Odrak,ragnaros,192,warrior,arms,6,2,4
Aventajadu,ragnaros,192,warrior,arms,6,2,4
Esko,tichondrius,192,warrior,arms,6,2,4
Gátzú,ragnaros,192,warrior,arms,6,2,4
Tobiwan,ragnaros,192,warrior,arms,6,2,4
Kratøz,tichondrius,192,warrior,arms,6,2,4
Kolossux,ragnaros,192,warrior,arms,6,2,4
Trouz,ragnaros,192,warrior,arms,6,2,4
Skolltonxoxo,tichondrius,192,warrior,arms,6,2,4
Pippysmallz,tichondrius,192,warrior,arms,6,2,4
Dhano,drakkari,192,warrior,arms,6,2,4
Radagøn,drakkari,192,warrior,arms,6,2,4
Shrexecute,tichondrius,192,warrior,arms,6,2,4
Cupper,tichondrius,192,warrior,arms,6,2,4
Titanrage,tichondrius,192,warrior,arms,6,2,4
Cassetto,icecrown,192,warrior,arms,6,2,4
Airolol,tichondrius,192,warrior,arms,6,2,4
Hawaiianko,guldan,192,warrior,arms,6,2,4
Sosaalmigh,tichondrius,192,warrior,arms,6,2,4
Rexxous,hyjal,192,warrior,arms,6,2,4
Drtbag,tichondrius,192,warrior,arms,6,2,4
Uldrath,hyjal,192,warrior,arms,6,2,4
Reidahn,zuljin,192,warrior,arms,6,2,4
Rendus,hyjal,192,warrior,arms,6,2,4
Kimuraa,hyjal,192,warrior,arms,6,2,4
Warriormikey,tichondrius,192,warrior,arms,6,2,4
Flavor,aegwynn,192,warrior,arms,6,2,4
Ruiend,bonechewer,192,warrior,arms,6,2,4
Lui,the-forgotten-coast,192,warrior,arms,6,2,4
Frankal,aegwynn,192,warrior,arms,6,2,4
Annubiis,tichondrius,192,warrior,arms,6,2,4
Chura,kiljaeden,192,warrior,arms,6,2,4
Guroku,tichondrius,192,warrior,arms,6,2,4
Warwslayer,tichondrius,192,warrior,arms,6,2,4
Hbbaboy,nagrand,192,warrior,arms,6,2,4
Item,nerzhul,192,warrior,arms,12,2,10
Warhoofz,malganis,192,warrior,arms,12,2,10
Kaimera,echo-isles,192,warrior,arms,12,2,10
Haruq,tichondrius,192,warrior,arms,12,2,10
Boardslide,proudmoore,192,warrior,arms,12,2,10
Úmarth,azralon,192,warrior,arms,12,2,10
Wmf,frostmourne,192,warrior,arms,12,2,10
Xiaoheihei,tichondrius,192,warrior,arms,12,2,10
Retiarius,tichondrius,192,warrior,arms,12,2,10
Ôn,tichondrius,192,warrior,arms,12,2,10
Gornal,sargeras,192,warrior,arms,12,2,10
Blackkcow,zuljin,191,warrior,arms,6,2,4
Hazell,gundrak,191,warrior,arms,6,2,4
Altruiel,sargeras,191,warrior,arms,6,2,4
Ybsorc,kelthuzad,160,warrior,arms,10,2,8
Roughknuckle,kelthuzad,159,warrior,arms,5,2,3
Irishhammer,malfurion,159,warrior,arms,5,2,3
Brysontiller,frostmourne,159,warrior,arms,5,2,3
Ediict,illidan,159,warrior,arms,5,2,3
Eatscrayons,barthilas,159,warrior,arms,11,2,9
Kustybuckets,korgath,138,warrior,arms,10,3,7
Strongtall,tichondrius,138,warrior,arms,12,3,9
Tyférious,tichondrius,127,warrior,arms,8,2,6
Syradar,ragnaros,112,warrior,arms,7,2,5
Battosaì,bonechewer,96,warrior,arms,3,2,1
Ragemane,illidan,96,warrior,arms,3,2,1
Noppô,tichondrius,96,warrior,arms,6,1,5
Erhue,sargeras,96,warrior,arms,6,1,5
Vhagaar,emerald-dream,96,warrior,arms,6,1,5
Odinsglory,mugthol,96,warrior,arms,6,1,5
Typhön,tichondrius,96,warrior,arms,6,1,5
Blitzkrieegz,drakkari,96,warrior,arms,6,1,5
Beenbag,aerie-peak,96,warrior,arms,6,1,5
Dropopen,tichondrius,96,warrior,arms,6,1,5
Draxxarlol,zuljin,96,warrior,arms,6,1,5
Kanekhy,ragnaros,96,warrior,arms,6,1,5
Zørg,bleeding-hollow,96,warrior,arms,6,1,5
Rágnárr,ragnaros,96,warrior,arms,6,1,5
Bhuppzz,barthilas,96,warrior,arms,6,1,5
Cindabotica,sargeras,96,warrior,arms,6,1,5
Jimhoffa,bonechewer,96,warrior,arms,6,1,5
Raves,quelthalas,96,warrior,arms,6,1,5
Warthok,turalyon,96,warrior,arms,6,1,5
Wienertoes,tichondrius,96,warrior,arms,6,1,5
Grosjambes,turalyon,96,warrior,arms,6,1,5
Tangö,barthilas,96,warrior,arms,6,1,5
Wolurog,emerald-dream,96,warrior,arms,6,1,5
Skärz,azshara,96,warrior,arms,6,1,5
Faintswar,stormrage,96,warrior,arms,6,1,5
Bootstraps,hyjal,96,warrior,arms,6,1,5
Klobnslob,mannoroth,96,warrior,arms,6,1,5
Shagstrike,azralon,96,warrior,arms,6,1,5
Warrbull,spirestone,96,warrior,arms,6,1,5
Roxesc,area-52,96,warrior,arms,6,1,5
Dokoba,bleeding-hollow,96,warrior,arms,6,1,5
Porori,proudmoore,96,warrior,arms,6,1,5
Dámöuse,stormrage,96,warrior,arms,6,1,5
Kåyotix,proudmoore,96,warrior,arms,6,1,5
Bozzy,illidan,96,warrior,arms,6,1,5
Ohhgeekush,proudmoore,96,warrior,arms,6,1,5
Aidenwr,area-52,96,warrior,arms,6,1,5
Soymong,frostmourne,96,warrior,arms,6,1,5
Durseyturm,area-52,96,warrior,arms,6,1,5
Meytuglin,stormrage,96,warrior,arms,6,1,5
Dogmar,moon-guard,96,warrior,arms,6,1,5
Yeawen,tichondrius,96,warrior,arms,6,1,5
Berawar,tichondrius,96,warrior,arms,6,1,5
Odyssey,vashj,96,warrior,arms,6,1,5
Alvitr,kelthuzad,96,warrior,arms,6,1,5
Gordurin,akama,96,warrior,arms,6,1,5
Ghostierip,illidan,96,warrior,arms,6,1,5
Valder,akama,96,warrior,arms,6,1,5
Bushwook,emerald-dream,96,warrior,arms,12,1,11
Karrok,zuluhed,96,warrior,arms,12,1,11
Drdalidou,zuljin,96,warrior,arms,12,1,11
Savagetko,illidan,79,warrior,arms,5,1,4
Garrossh,thunderhorn,64,warrior,arms,4,1,3
Rockedanger,stormrage,63,warrior,arms,2,2,0
Sick,azralon,48,warrior,arms,3,1,2
Numb,moon-guard,48,warrior,arms,3,1,2
Rumka,draktharon,42,warrior,arms,6,2,4
Goofyahwok,doomhammer,42,warrior,arms,9,2,7
Cptdrako,alterac-mountains,31,warrior,arms,2,1,1
Magarrior,shadowsong,16,warrior,arms,1,1,0
Psyrush,area-52,16,warrior,arms,7,1,6
Americanbull,moon-guard,955,warrior,protection,18,10,8
Graventhal,tichondrius,950,warrior,protection,18,10,8
Percaderp,barthilas,384,warrior,protection,6,4,2
Dabdaddyy,dawnbringer,384,warrior,protection,6,4,2
Kidkolby,moon-guard,384,warrior,protection,12,4,8
Executespam,madoran,192,warrior,protection,6,2,4
Jindyn,boulderfist,95,warrior,protection,6,1,5
