,name,realm,rating,cls,spec,play,win,lose
0,Phearbunny,bleeding-hollow,1517,deathknight,blood,90,46,44
1,Pagumon,moon-guard,1421,deathknight,blood,126,65,61
2,Réndwarchièf,garrosh,1283,deathknight,blood,45,22,23
3,Bloodbukkaky,bleeding-hollow,1170,deathknight,blood,54,16,38
4,Tiumau,goldrinn,1121,deathknight,blood,66,30,36
5,Corndead,area-52,1045,deathknight,blood,30,11,19
6,Tragül,sargeras,1042,deathknight,blood,42,20,22
7,Nbayoungboy,kiljaeden,1015,deathknight,blood,36,12,24
8,Valind,eredar,854,deathknight,blood,18,9,9
9,Kult,azralon,841,deathknight,blood,12,9,3
10,Insonne,dalaran,837,deathknight,blood,18,9,9
11,Kayn,malganis,767,deathknight,blood,18,8,10
12,Jakeboyswag,shandris,767,deathknight,blood,24,8,16
13,Blasphemus,malganis,575,deathknight,blood,12,6,6
14,Kaîne,dalaran,480,deathknight,blood,12,5,7
15,Belfknightt,area-52,479,deathknight,blood,15,5,10
16,Tristam,area-52,384,deathknight,blood,6,4,2
17,Pride,ragnaros,384,deathknight,blood,12,4,8
18,He,echo-isles,383,deathknight,blood,6,4,2
19,ßläzë,baelgun,288,deathknight,blood,15,4,11
20,Kimbøslîce,area-52,288,deathknight,blood,12,3,9
21,Neroxzdvm,area-52,192,deathknight,blood,6,2,4
22,Cerbeefquake,wyrmrest-accord,192,deathknight,blood,12,2,10
23,Eteson,tichondrius,191,deathknight,blood,6,2,4
24,Unhølydøøm,misha,191,deathknight,blood,12,2,10
25,Determinate,deathwing,96,deathknight,blood,6,1,5
26,Wowattorney,tichondrius,96,deathknight,blood,6,1,5
27,Cozzasad,barthilas,96,deathknight,blood,6,1,5
28,Lunatick,darkspear,96,deathknight,blood,6,1,5
29,Gnargnarr,firetree,96,deathknight,blood,6,1,5
30,Ðrift,azralon,96,deathknight,blood,6,1,5
31,Boneherr,sargeras,96,deathknight,blood,6,1,5
32,Zerhistran,proudmoore,64,deathknight,blood,4,1,3
33,Hulmorr,bleeding-hollow,64,deathknight,blood,4,1,3
34,Graphics,moon-guard,2125,deathknight,unholy,382,194,188
35,Pwaff,illidan,2125,deathknight,unholy,89,45,44
36,Neroxz,area-52,2105,deathknight,unholy,83,43,40
37,Qipara,zuljin,2104,deathknight,unholy,163,87,76
38,Partywaffles,illidan,2079,deathknight,unholy,259,133,126
39,Spaidzz,malganis,2078,deathknight,unholy,229,115,114
40,Níngjìng,tichondrius,2074,deathknight,unholy,84,43,41
41,Búddy,zuljin,2022,deathknight,unholy,100,49,51
42,Flarkness,area-52,2010,deathknight,unholy,78,37,41
43,Thorediks,stormrage,1982,deathknight,unholy,120,56,64
44,Achílles,sargeras,1979,deathknight,unholy,175,85,90
45,Scriptløl,sargeras,1975,deathknight,unholy,138,66,72
46,Roidboy,illidan,1954,deathknight,unholy,115,57,58
47,Toxicwaste,malganis,1942,deathknight,unholy,82,39,43
48,Juelzjerk,tichondrius,1934,deathknight,unholy,115,65,50
49,Ceomdae,tichondrius,1927,deathknight,unholy,72,34,38
50,Pookr,area-52,1925,deathknight,unholy,72,33,39
51,Mårlbørø,tichondrius,1915,deathknight,unholy,41,21,20
52,Éternalnight,tichondrius,1913,deathknight,unholy,76,32,44
53,Zynyzter,malganis,1912,deathknight,unholy,72,41,31
54,Veilsidé,kelthuzad,1910,deathknight,unholy,250,125,125
55,Killinois,tichondrius,1910,deathknight,unholy,47,21,26
56,Harókz,azralon,1905,deathknight,unholy,89,46,43
57,Geomdae,tichondrius,1901,deathknight,unholy,71,31,40
58,Barelyviable,tichondrius,1898,deathknight,unholy,72,32,40
59,Nixonxx,tichondrius,1897,deathknight,unholy,100,63,37
60,Evilduck,ragnaros,1896,deathknight,unholy,84,49,35
61,Pradas,area-52,1890,deathknight,unholy,148,75,73
62,Steamerboy,stormrage,1887,deathknight,unholy,60,28,32
63,Vineyard,area-52,1885,deathknight,unholy,293,144,149
64,Malhandir,bleeding-hollow,1880,deathknight,unholy,41,23,18
65,Kilohotel,stormrage,1873,deathknight,unholy,42,25,17
66,Ilceses,area-52,1870,deathknight,unholy,66,29,37
67,Catarïa,tichondrius,1869,deathknight,unholy,90,44,46
68,Iato,sargeras,1868,deathknight,unholy,60,39,21
69,Cavaliers,ragnaros,1860,deathknight,unholy,66,32,34
70,Lattè,area-52,1859,deathknight,unholy,55,30,25
71,Darkdj,kelthuzad,1857,deathknight,unholy,91,41,50
72,Dkya,tichondrius,1856,deathknight,unholy,250,124,126
73,Xiaodabaolol,tichondrius,1855,deathknight,unholy,66,32,34
74,Bloodbruh,blackrock,1854,deathknight,unholy,60,34,26
75,Brutos,thrall,1851,deathknight,unholy,104,56,48
76,Tduggylolz,tichondrius,1851,deathknight,unholy,60,26,34
77,Daoniancc,tichondrius,1850,deathknight,unholy,375,197,178
78,Cardii,area-52,1850,deathknight,unholy,136,68,68
79,Morbiddesire,stormrage,1849,deathknight,unholy,87,49,38
80,Ningjinglol,tichondrius,1848,deathknight,unholy,42,23,19
81,Didri,quelthalas,1846,deathknight,unholy,72,34,38
82,Keomdae,tichondrius,1844,deathknight,unholy,65,32,33
83,Tokyotimxx,malganis,1842,deathknight,unholy,48,30,18
84,Cloüd,wyrmrest-accord,1841,deathknight,unholy,64,31,33
85,Bicepsüal,zuljin,1840,deathknight,unholy,36,28,8
86,Nevermore,hyjal,1840,deathknight,unholy,125,67,58
87,Bruceleedk,tichondrius,1839,deathknight,unholy,100,51,49
88,Milleh,bleeding-hollow,1838,deathknight,unholy,78,35,43
89,Annoyed,wyrmrest-accord,1837,deathknight,unholy,119,64,55
90,Blackfyré,sargeras,1837,deathknight,unholy,62,32,30
91,Skippee,tichondrius,1837,deathknight,unholy,60,29,31
92,Aidsbenedict,malganis,1837,deathknight,unholy,126,59,67
93,Vigarst,azralon,1835,deathknight,unholy,60,30,30
94,Keetor,tichondrius,1834,deathknight,unholy,42,29,13
95,Haldevarik,doomhammer,1834,deathknight,unholy,78,43,35
96,Orphanmakerx,area-52,1832,deathknight,unholy,123,60,63
97,Zerhistran,proudmoore,1831,deathknight,unholy,254,136,118
98,Goonà,tichondrius,1831,deathknight,unholy,63,29,34
99,Aurious,lightnings-blade,1830,deathknight,unholy,84,47,37
100,Kortingert,nagrand,1830,deathknight,unholy,59,33,26
101,Wøund,black-dragonflight,1830,deathknight,unholy,220,112,108
102,Drauguss,azralon,1830,deathknight,unholy,124,61,63
103,Anatøly,ragnaros,1827,deathknight,unholy,42,21,21
104,Soulhand,tichondrius,1826,deathknight,unholy,104,57,47
105,Barakhenaku,illidan,1826,deathknight,unholy,57,28,29
106,Arthez,frostmourne,1824,deathknight,unholy,72,38,34
107,Sadboy,grizzly-hills,1822,deathknight,unholy,65,27,38
108,Zerøimperial,quelthalas,1821,deathknight,unholy,209,111,98
109,Lighostx,tichondrius,1821,deathknight,unholy,81,37,44
110,Goldênboy,blades-edge,1820,deathknight,unholy,66,42,24
111,Altareon,ragnaros,1820,deathknight,unholy,150,79,71
112,Serwestley,stormrage,1820,deathknight,unholy,59,31,28
113,Volyant,frostmourne,1820,deathknight,unholy,60,30,30
114,Kciktep,tichondrius,1819,deathknight,unholy,36,19,17
115,Hrsb,tichondrius,1817,deathknight,unholy,124,68,56
116,Sussybakadk,sargeras,1817,deathknight,unholy,70,34,36
117,Skideroth,kelthuzad,1817,deathknight,unholy,60,28,32
118,Flizzycash,malganis,1816,deathknight,unholy,56,27,29
119,Õdin,area-52,1815,deathknight,unholy,203,103,100
120,Wowattorney,tichondrius,1815,deathknight,unholy,82,33,49
121,Poesoul,tichondrius,1812,deathknight,unholy,285,143,142
122,Ravindrannor,saurfang,1812,deathknight,unholy,65,32,33
123,Dahnga,frostmourne,1811,deathknight,unholy,54,32,22
124,Plagueflavor,tichondrius,1811,deathknight,unholy,306,152,154
125,Muspel,sargeras,1811,deathknight,unholy,65,32,33
126,Fatzilla,tichondrius,1811,deathknight,unholy,66,26,40
127,Warrcc,steamwheedle-cartel,1809,deathknight,unholy,48,24,24
128,Infectik,tichondrius,1807,deathknight,unholy,59,35,24
129,Anhedonía,illidan,1807,deathknight,unholy,162,86,76
130,Chillbaynê,the-scryers,1807,deathknight,unholy,119,62,57
131,Ddibb,tichondrius,1807,deathknight,unholy,57,28,29
132,Brocigar,tichondrius,1806,deathknight,unholy,84,43,41
133,Sagadk,hyjal,1806,deathknight,unholy,70,33,37
134,Necrôtic,area-52,1806,deathknight,unholy,76,35,41
135,Twindleroot,aggramar,1804,deathknight,unholy,77,45,32
136,Mûs,tichondrius,1804,deathknight,unholy,66,36,30
137,Asukka,tichondrius,1804,deathknight,unholy,78,32,46
138,Chimps,illidan,1803,deathknight,unholy,52,29,23
139,Kaeligh,ragnaros,1803,deathknight,unholy,66,29,37
140,Ziskon,illidan,1802,deathknight,unholy,100,53,47
141,Zìlêán,tichondrius,1800,deathknight,unholy,70,39,31
142,Starshopping,proudmoore,1800,deathknight,unholy,91,44,47
143,Azre,tichondrius,1800,deathknight,unholy,160,74,86
144,Renaming,area-52,1798,deathknight,unholy,39,20,19
145,Avengering,tichondrius,1794,deathknight,unholy,75,40,35
146,Ðomìnus,moon-guard,1792,deathknight,unholy,128,76,52
147,Muspellheim,azralon,1791,deathknight,unholy,54,29,25
148,Attack,grizzly-hills,1787,deathknight,unholy,60,28,32
149,Stankybreath,bleeding-hollow,1786,deathknight,unholy,76,37,39
150,Nabbiby,tichondrius,1784,deathknight,unholy,78,36,42
151,Sinell,kargath,1781,deathknight,unholy,145,79,66
152,Áethros,malganis,1778,deathknight,unholy,96,44,52
153,Grimiz,tichondrius,1774,deathknight,unholy,145,71,74
154,Jakeboyswag,shandris,1770,deathknight,unholy,155,77,78
155,Azhid,tichondrius,1769,deathknight,unholy,136,70,66
156,Demonboyjr,tichondrius,1766,deathknight,unholy,75,31,44
157,Apøçálýpsé,firetree,1765,deathknight,unholy,97,50,47
158,Goonaa,tichondrius,1760,deathknight,unholy,54,27,27
159,Ålastor,stormrage,1754,deathknight,unholy,63,35,28
160,Hwml,barthilas,1751,deathknight,unholy,129,70,59
161,Linyive,malganis,1750,deathknight,unholy,54,30,24
162,Arroyo,borean-tundra,1750,deathknight,unholy,78,42,36
163,Cesaroo,aegwynn,1747,deathknight,unholy,124,61,63
164,Standalizer,gilneas,1745,deathknight,unholy,72,40,32
165,Deadsamurai,illidan,1745,deathknight,unholy,69,36,33
166,Ermanotruta,azralon,1744,deathknight,unholy,77,37,40
167,Carryme,quelthalas,1742,deathknight,unholy,92,45,47
168,Xibbas,illidan,1741,deathknight,unholy,48,27,21
169,Frozenkappa,hyjal,1737,deathknight,unholy,35,21,14
170,Nh,malganis,1737,deathknight,unholy,54,28,26
171,Teksurugi,korgath,1734,deathknight,unholy,60,32,28
172,Howdoulose,illidan,1732,deathknight,unholy,54,25,29
173,Dazarune,burning-blade,1731,deathknight,unholy,34,19,15
174,Aerd,sargeras,1731,deathknight,unholy,314,155,159
175,Boneyards,bleeding-hollow,1731,deathknight,unholy,102,44,58
176,Zìlêáns,tichondrius,1730,deathknight,unholy,84,50,34
177,Exaar,tichondrius,1730,deathknight,unholy,63,27,36
178,Xebane,frostmourne,1727,deathknight,unholy,372,191,181
179,Hatrèd,quelthalas,1724,deathknight,unholy,71,36,35
180,Thotiannaqt,area-52,1724,deathknight,unholy,81,35,46
181,Doombeast,area-52,1722,deathknight,unholy,78,35,43
182,Nalz,drakkari,1716,deathknight,unholy,135,71,64
183,Bedstains,thunderlord,1716,deathknight,unholy,143,74,69
184,Properterps,bonechewer,1714,deathknight,unholy,140,78,62
185,Lazarise,area-52,1713,deathknight,unholy,71,34,37
186,Hhasaki,area-52,1712,deathknight,unholy,193,101,92
187,Tkyo,tichondrius,1712,deathknight,unholy,47,22,25
188,Brß,tichondrius,1711,deathknight,unholy,54,29,25
189,Bannedforevr,dalaran,1709,deathknight,unholy,54,25,29
190,Komplex,kelthuzad,1705,deathknight,unholy,64,36,28
191,Brandonsdk,tichondrius,1701,deathknight,unholy,164,78,86
192,Koda,thrall,1701,deathknight,unholy,77,36,41
193,Justafkdk,gorefiend,1700,deathknight,unholy,84,43,41
194,Slîckhuman,spinebreaker,1699,deathknight,unholy,42,18,24
195,Kinkysgnome,tichondrius,1696,deathknight,unholy,131,61,70
196,Bbidd,tichondrius,1690,deathknight,unholy,30,18,12
197,Azynks,azralon,1689,deathknight,unholy,114,54,60
198,Mephostophel,sargeras,1688,deathknight,unholy,168,88,80
199,Bigdekay,illidan,1687,deathknight,unholy,30,18,12
200,Dunduner,tichondrius,1687,deathknight,unholy,126,63,63
201,Sithdog,blackrock,1686,deathknight,unholy,60,23,37
202,Ayooplaguez,guldan,1684,deathknight,unholy,48,24,24
203,Kterrorblade,sargeras,1680,deathknight,unholy,102,55,47
204,Loongdk,kiljaeden,1680,deathknight,unholy,157,79,78
205,Onefire,illidan,1680,deathknight,unholy,59,29,30
206,Fakiez,kelthuzad,1679,deathknight,unholy,68,30,38
207,Krätos,zuljin,1677,deathknight,unholy,42,25,17
208,Dâki,blades-edge,1675,deathknight,unholy,114,63,51
209,Fasterjake,sargeras,1675,deathknight,unholy,122,67,55
210,Blacklabel,andorhal,1675,deathknight,unholy,72,31,41
211,Supblood,tichondrius,1673,deathknight,unholy,48,23,25
212,Noik,azralon,1673,deathknight,unholy,88,42,46
213,Cantmove,area-52,1669,deathknight,unholy,50,22,28
214,Dreadrend,sargeras,1668,deathknight,unholy,66,32,34
215,Malhandir,azgalor,1668,deathknight,unholy,54,20,34
216,Spacealien,malganis,1667,deathknight,unholy,60,32,28
217,Darktone,tichondrius,1665,deathknight,unholy,35,18,17
218,Slty,tichondrius,1664,deathknight,unholy,42,18,24
219,Lichtborne,illidan,1662,deathknight,unholy,73,33,40
220,Nevmic,emerald-dream,1661,deathknight,unholy,184,88,96
221,Krargosh,quelthalas,1660,deathknight,unholy,185,96,89
222,Bukum,zuljin,1660,deathknight,unholy,59,23,36
223,Ståtìc,tichondrius,1659,deathknight,unholy,84,43,41
224,Imadkloldie,frostmourne,1659,deathknight,unholy,90,46,44
225,Bellum,moon-guard,1658,deathknight,unholy,99,56,43
226,Bopalop,malganis,1657,deathknight,unholy,69,28,41
227,Kakarotó,azralon,1656,deathknight,unholy,59,34,25
228,Kjarnda,malganis,1653,deathknight,unholy,48,21,27
229,Skynyght,area-52,1652,deathknight,unholy,42,26,16
230,Pooseunpoose,velen,1652,deathknight,unholy,84,40,44
231,Jacklinn,ysondre,1651,deathknight,unholy,36,24,12
232,Ullísés,ragnaros,1651,deathknight,unholy,45,24,21
233,Kwolve,proudmoore,1651,deathknight,unholy,243,122,121
234,Jeremiahe,hyjal,1650,deathknight,unholy,90,49,41
235,Trumps,stormrage,1649,deathknight,unholy,48,27,21
236,Ludgan,stormrage,1649,deathknight,unholy,180,86,94
237,Floreon,tichondrius,1648,deathknight,unholy,41,23,18
238,Justtaki,zuljin,1648,deathknight,unholy,48,20,28
239,Lickblood,sargeras,1646,deathknight,unholy,36,20,16
240,Deuter,quelthalas,1646,deathknight,unholy,243,125,118
241,Merados,quelthalas,1646,deathknight,unholy,79,30,49
242,Libitina,tichondrius,1645,deathknight,unholy,36,22,14
243,Tråuma,uther,1645,deathknight,unholy,48,25,23
244,Vexxan,thrall,1644,deathknight,unholy,41,23,18
245,Orkky,jubeithos,1644,deathknight,unholy,127,64,63
246,Shadow,ragnaros,1643,deathknight,unholy,67,38,29
247,Galarick,area-52,1643,deathknight,unholy,41,22,19
248,Boofcigars,sargeras,1642,deathknight,unholy,52,27,25
249,Ligmagooch,tichondrius,1642,deathknight,unholy,87,45,42
250,Kurnoth,barthilas,1641,deathknight,unholy,110,53,57
251,Tailm,ragnaros,1639,deathknight,unholy,36,20,16
252,Xhoul,sargeras,1638,deathknight,unholy,225,121,104
253,Killìan,kelthuzad,1638,deathknight,unholy,54,25,29
254,Boofcigars,stormrage,1637,deathknight,unholy,33,21,12
255,Dkdanim,tichondrius,1637,deathknight,unholy,130,71,59
256,Vynox,frostmourne,1637,deathknight,unholy,56,27,29
257,Goonazz,tichondrius,1635,deathknight,unholy,48,35,13
258,Virulous,zuljin,1634,deathknight,unholy,47,26,21
259,Rycerzfrost,ragnaros,1634,deathknight,unholy,113,59,54
260,Grimmdreamer,stormrage,1634,deathknight,unholy,76,37,39
261,Azibar,moon-guard,1632,deathknight,unholy,47,24,23
262,Raps,frostmourne,1632,deathknight,unholy,56,23,33
263,Lùcius,garrosh,1631,deathknight,unholy,154,82,72
264,Zerochillz,sargeras,1628,deathknight,unholy,30,17,13
265,Kenishii,kiljaeden,1627,deathknight,unholy,48,30,18
266,Asastac,tichondrius,1627,deathknight,unholy,36,21,15
267,Landez,ragnaros,1627,deathknight,unholy,66,37,29
268,Wastethis,sargeras,1626,deathknight,unholy,71,40,31
269,Nymppho,kelthuzad,1626,deathknight,unholy,301,143,158
270,Banjingquan,tichondrius,1625,deathknight,unholy,88,53,35
271,Paratekdk,thrall,1625,deathknight,unholy,71,39,32
272,Megatroun,stormreaver,1625,deathknight,unholy,42,23,19
273,Bladê,tichondrius,1624,deathknight,unholy,61,26,35
274,Puppykiss,perenolde,1622,deathknight,unholy,57,22,35
275,Aldebamuu,ragnaros,1621,deathknight,unholy,132,69,63
276,Xraduky,dawnbringer,1620,deathknight,unholy,38,26,12
277,Yubell,barthilas,1620,deathknight,unholy,347,173,174
278,Arcticc,area-52,1620,deathknight,unholy,54,24,30
279,Struggler,velen,1619,deathknight,unholy,60,34,26
280,Khaíne,wyrmrest-accord,1619,deathknight,unholy,204,104,100
281,Wheatasil,garona,1618,deathknight,unholy,70,36,34
282,Falkorn,korgath,1618,deathknight,unholy,81,37,44
283,Lichanis,bonechewer,1617,deathknight,unholy,90,44,46
284,Søad,quelthalas,1615,deathknight,unholy,129,69,60
285,Rezøk,ragnaros,1612,deathknight,unholy,54,20,34
286,Daethiel,demon-soul,1611,deathknight,unholy,71,34,37
287,Alistra,frostmourne,1611,deathknight,unholy,42,20,22
288,Ðogmá,vashj,1610,deathknight,unholy,35,22,13
289,Mikoaa,bladefist,1610,deathknight,unholy,30,17,13
290,Regiknight,stormrage,1610,deathknight,unholy,233,132,101
291,Lichkong,dalaran,1609,deathknight,unholy,76,43,33
292,Lagmasterx,sargeras,1609,deathknight,unholy,42,20,22
293,Ousted,daggerspine,1608,deathknight,unholy,36,20,16
294,Lemuriön,nemesis,1607,deathknight,unholy,43,20,23
295,Ædolph,barthilas,1605,deathknight,unholy,30,17,13
296,Billieeilish,sargeras,1605,deathknight,unholy,62,32,30
297,Takeurcheeks,tichondrius,1605,deathknight,unholy,101,49,52
298,Ãstaroth,stormrage,1605,deathknight,unholy,48,22,26
299,Notorious,garrosh,1605,deathknight,unholy,42,18,24
300,Boofcigars,kelthuzad,1604,deathknight,unholy,77,41,36
301,Unholykevin,sargeras,1604,deathknight,unholy,42,21,21
302,Dominos,tichondrius,1604,deathknight,unholy,42,20,22
303,Idodamn,tichondrius,1603,deathknight,unholy,84,45,39
304,Wednesdæ,moon-guard,1603,deathknight,unholy,54,28,26
305,Wisdôm,frostmourne,1603,deathknight,unholy,59,30,29
306,Kranaz,frostmourne,1603,deathknight,unholy,36,17,19
307,Voncleaver,tichondrius,1603,deathknight,unholy,64,20,44
308,Eyir,thaurissan,1602,deathknight,unholy,42,22,20
309,Gargoylepowa,nemesis,1602,deathknight,unholy,42,20,22
310,Nofoamlattes,thrall,1602,deathknight,unholy,42,19,23
311,Puppykisses,perenolde,1602,deathknight,unholy,89,38,51
312,Originalcimm,stormrage,1601,deathknight,unholy,60,25,35
313,Promotheseis,sargeras,1600,deathknight,unholy,66,41,25
314,Giznator,malganis,1598,deathknight,unholy,108,50,58
315,Wittlewanka,zuljin,1598,deathknight,unholy,64,27,37
316,Ulísés,ragnaros,1591,deathknight,unholy,58,20,38
317,Gripyourhoe,tichondrius,1589,deathknight,unholy,48,28,20
318,Kellydean,moon-guard,1588,deathknight,unholy,78,41,37
319,Morrticia,malganis,1587,deathknight,unholy,49,32,17
320,Onlyfunss,moon-guard,1584,deathknight,unholy,119,58,61
321,Toophus,sargeras,1581,deathknight,unholy,80,39,41
322,Nøsfferatus,azralon,1579,deathknight,unholy,65,34,31
323,Emopalli,tichondrius,1579,deathknight,unholy,152,77,75
324,Frostbite,the-venture-co,1577,deathknight,unholy,84,48,36
325,Auniel,gorefiend,1577,deathknight,unholy,48,19,29
326,Kaaizer,azralon,1572,deathknight,unholy,120,68,52
327,Fydedk,stormrage,1572,deathknight,unholy,90,44,46
328,Evilbot,tichondrius,1564,deathknight,unholy,60,40,20
329,Howlex,barthilas,1563,deathknight,unholy,48,24,24
330,Asheravon,moon-guard,1559,deathknight,unholy,318,155,163
331,Ilikelydead,tichondrius,1556,deathknight,unholy,120,57,63
332,Asterend,proudmoore,1555,deathknight,unholy,40,18,22
333,Drpepp,bleeding-hollow,1554,deathknight,unholy,161,85,76
334,Døømhøund,tichondrius,1554,deathknight,unholy,92,43,49
335,Icytoast,tichondrius,1553,deathknight,unholy,42,19,23
336,Siphilusxo,dalaran,1551,deathknight,unholy,36,20,16
337,Arc,maiev,1551,deathknight,unholy,93,39,54
338,Kalgor,illidan,1550,deathknight,unholy,132,68,64
339,Tuicca,frostmane,1550,deathknight,unholy,79,34,45
340,Obedient,firetree,1549,deathknight,unholy,132,76,56
341,Happynaru,tichondrius,1549,deathknight,unholy,36,20,16
342,Kuwarerubana,proudmoore,1549,deathknight,unholy,74,41,33
343,Drfauci,boulderfist,1544,deathknight,unholy,36,18,18
344,Läskö,area-52,1541,deathknight,unholy,61,36,25
345,Zzdk,thrall,1541,deathknight,unholy,57,27,30
346,Rixin,agamaggan,1538,deathknight,unholy,66,28,38
347,Deathwavez,cenarius,1537,deathknight,unholy,42,21,21
348,Zukcho,tichondrius,1534,deathknight,unholy,48,19,29
349,Garht,azralon,1533,deathknight,unholy,40,22,18
350,Huuzzha,tichondrius,1533,deathknight,unholy,166,84,82
351,Chachio,kiljaeden,1532,deathknight,unholy,30,16,14
352,Arktoz,tichondrius,1531,deathknight,unholy,30,16,14
353,Aradorn,azralon,1531,deathknight,unholy,167,82,85
354,Clearlol,bleeding-hollow,1531,deathknight,unholy,36,16,20
355,Eldavò,quelthalas,1530,deathknight,unholy,78,39,39
356,Dialysis,emerald-dream,1530,deathknight,unholy,137,68,69
357,Kindaholy,malganis,1528,deathknight,unholy,23,17,6
358,Papalich,stormrage,1527,deathknight,unholy,180,87,93
359,Biefeile,tichondrius,1526,deathknight,unholy,40,18,22
360,Raíndrop,tichondrius,1524,deathknight,unholy,128,67,61
361,Deathbloss,illidan,1523,deathknight,unholy,32,17,15
362,Gottajuice,moonrunner,1522,deathknight,unholy,63,35,28
363,Tigs,proudmoore,1522,deathknight,unholy,126,65,61
364,Hooterzqt,tichondrius,1518,deathknight,unholy,106,47,59
365,Dóm,proudmoore,1516,deathknight,unholy,66,29,37
366,Takeoverr,ragnaros,1515,deathknight,unholy,90,53,37
367,Zedsdead,mannoroth,1514,deathknight,unholy,24,16,8
368,Deathzpeckt,tichondrius,1513,deathknight,unholy,36,17,19
369,Devillele,proudmoore,1509,deathknight,unholy,78,36,42
370,Zaluster,malganis,1506,deathknight,unholy,191,99,92
371,Fadedlight,zuljin,1506,deathknight,unholy,96,47,49
372,Dexarax,norgannon,1505,deathknight,unholy,87,49,38
373,Urieen,gorefiend,1505,deathknight,unholy,77,43,34
374,Coldsleeps,saurfang,1503,deathknight,unholy,30,16,14
375,Telrenaur,proudmoore,1502,deathknight,unholy,60,28,32
376,Unfórgíven,arthas,1501,deathknight,unholy,48,17,31
377,Cammy,frostmourne,1500,deathknight,unholy,29,16,13
378,Axeldrion,tichondrius,1499,deathknight,unholy,35,17,18
379,Abroham,arthas,1498,deathknight,unholy,59,30,29
380,Câpîrota,nemesis,1498,deathknight,unholy,46,23,23
381,Stoicïsm,tichondrius,1496,deathknight,unholy,114,63,51
382,Naxn,tichondrius,1495,deathknight,unholy,54,25,29
383,Fugs,ghostlands,1494,deathknight,unholy,74,42,32
384,Buttrfingrz,cenarius,1494,deathknight,unholy,72,32,40
385,Rognarash,emerald-dream,1492,deathknight,unholy,36,20,16
386,Burbash,moon-guard,1491,deathknight,unholy,127,62,65
387,Apocxo,lightnings-blade,1491,deathknight,unholy,119,58,61
388,Zaxrree,malganis,1490,deathknight,unholy,66,39,27
389,Ghoulslasher,bleeding-hollow,1490,deathknight,unholy,62,28,34
390,Kcorides,tichondrius,1488,deathknight,unholy,49,28,21
391,Laxatives,tichondrius,1488,deathknight,unholy,45,19,26
392,Thenin,crushridge,1487,deathknight,unholy,54,32,22
393,Blackary,emerald-dream,1486,deathknight,unholy,47,30,17
394,Jaxxftw,azralon,1486,deathknight,unholy,58,33,25
395,Jongro,tichondrius,1485,deathknight,unholy,24,16,8
396,Deezwaz,draka,1485,deathknight,unholy,40,21,19
397,Typhøn,illidan,1484,deathknight,unholy,157,78,79
398,Saighast,illidan,1482,deathknight,unholy,72,39,33
399,Unholyfish,malganis,1482,deathknight,unholy,132,67,65
400,Elyxoxo,tichondrius,1480,deathknight,unholy,60,27,33
401,Allianknight,windrunner,1479,deathknight,unholy,36,17,19
402,Brounlyii,drakkari,1478,deathknight,unholy,54,35,19
403,Tiansama,ragnaros,1478,deathknight,unholy,30,18,12
404,Ellipsoro,onyxia,1478,deathknight,unholy,66,26,40
405,Alexeous,wyrmrest-accord,1477,deathknight,unholy,160,85,75
406,Nialich,kelthuzad,1476,deathknight,unholy,41,16,25
407,Nokenoke,illidan,1473,deathknight,unholy,250,125,125
408,Dravoc,kelthuzad,1473,deathknight,unholy,48,21,27
409,Hooker,dragonmaw,1472,deathknight,unholy,55,31,24
410,Garù,ragnaros,1471,deathknight,unholy,62,33,29
411,Grayfoxx,twisting-nether,1469,deathknight,unholy,41,18,23
412,Brisblade,shattered-hand,1468,deathknight,unholy,54,29,25
413,Reinhartlol,sargeras,1468,deathknight,unholy,99,49,50
414,Grimnuts,thrall,1466,deathknight,unholy,69,34,35
415,Xlive,tichondrius,1466,deathknight,unholy,42,17,25
416,Böffa,dalaran,1465,deathknight,unholy,59,21,38
417,Tronnie,kelthuzad,1464,deathknight,unholy,78,40,38
418,Risottonero,kelthuzad,1464,deathknight,unholy,180,92,88
419,Degrease,bonechewer,1464,deathknight,unholy,55,24,31
420,Catena,blood-furnace,1461,deathknight,unholy,83,35,48
421,Fallen,nazjatar,1460,deathknight,unholy,36,23,13
422,Darthsydius,azralon,1460,deathknight,unholy,51,26,25
423,Släke,azralon,1460,deathknight,unholy,166,81,85
424,Witdk,illidan,1460,deathknight,unholy,85,39,46
425,Althamon,tanaris,1460,deathknight,unholy,72,29,43
426,Rk,blackhand,1457,deathknight,unholy,97,58,39
427,Grizzdk,blackrock,1457,deathknight,unholy,36,18,18
428,Rhaeisxalnym,sargeras,1454,deathknight,unholy,124,60,64
429,Wryu,malganis,1451,deathknight,unholy,41,24,17
430,Ams,moon-guard,1450,deathknight,unholy,60,32,28
431,Frosstbeach,hyjal,1450,deathknight,unholy,47,21,26
432,Allhejluya,illidan,1449,deathknight,unholy,199,101,98
433,Dkfenix,ragnaros,1449,deathknight,unholy,41,17,24
434,Balboskina,shattered-hand,1448,deathknight,unholy,76,39,37
435,Unknowndk,kul-tiras,1448,deathknight,unholy,42,20,22
436,Tracyminaj,tichondrius,1445,deathknight,unholy,60,27,33
437,Nightskull,malganis,1444,deathknight,unholy,36,18,18
438,Mehithee,kiljaeden,1443,deathknight,unholy,104,39,65
439,Gerometal,ragnaros,1440,deathknight,unholy,42,18,24
440,Breadtruck,area-52,1440,deathknight,unholy,75,31,44
441,Dreadfang,the-venture-co,1438,deathknight,unholy,24,15,9
442,Corrpsse,tichondrius,1438,deathknight,unholy,157,81,76
443,Pettyk,tichondrius,1438,deathknight,unholy,36,15,21
444,Redbr,tichondrius,1437,deathknight,unholy,78,37,41
445,Flavorchops,kelthuzad,1437,deathknight,unholy,48,16,32
446,Yamanji,wyrmrest-accord,1436,deathknight,unholy,66,33,33
447,Paíín,illidan,1433,deathknight,unholy,78,39,39
448,Greenduck,malganis,1433,deathknight,unholy,30,15,15
449,Demonnation,illidan,1433,deathknight,unholy,144,60,84
450,Moonjae,illidan,1432,deathknight,unholy,24,15,9
451,Exin,cenarion-circle,1432,deathknight,unholy,24,15,9
452,Datnai,barthilas,1432,deathknight,unholy,36,15,21
453,Cliffdk,kelthuzad,1431,deathknight,unholy,48,15,33
454,Unrealzrotz,tichondrius,1429,deathknight,unholy,76,48,28
455,Necrósy,azralon,1427,deathknight,unholy,42,20,22
456,Coffeebagel,bleeding-hollow,1426,deathknight,unholy,149,65,84
457,Lazenca,malganis,1424,deathknight,unholy,32,22,10
458,Mortarion,icecrown,1424,deathknight,unholy,190,91,99
459,Anexdk,korgath,1423,deathknight,unholy,24,15,9
460,Jarah,destromath,1422,deathknight,unholy,54,25,29
461,Sannistus,ysera,1420,deathknight,unholy,97,43,54
462,Sgtdead,thrall,1418,deathknight,unholy,63,35,28
463,Hornpipe,borean-tundra,1418,deathknight,unholy,126,61,65
464,Fellenn,stormrage,1417,deathknight,unholy,144,78,66
465,Pmpfrmdwntwn,stormrage,1417,deathknight,unholy,67,28,39
466,Deathofchaos,smolderthorn,1417,deathknight,unholy,65,25,40
467,Seranta,wyrmrest-accord,1417,deathknight,unholy,54,19,35
468,Rongkhun,proudmoore,1417,deathknight,unholy,48,15,33
469,Sniperlord,uldaman,1415,deathknight,unholy,90,51,39
470,Gêralt,darkspear,1414,deathknight,unholy,36,18,18
471,Fuzzknight,ravenholdt,1414,deathknight,unholy,30,15,15
472,Subparatbest,chogall,1414,deathknight,unholy,30,15,15
473,Fanggrief,proudmoore,1414,deathknight,unholy,121,57,64
474,Knownkilla,hyjal,1413,deathknight,unholy,83,47,36
475,Dûsk,thunderlord,1413,deathknight,unholy,52,21,31
476,Ganancïa,nemesis,1412,deathknight,unholy,45,25,20
477,Seiyokú,ragnaros,1410,deathknight,unholy,85,43,42
478,Deathpool,shadowmoon,1409,deathknight,unholy,54,19,35
479,Chainsawmàn,tichondrius,1408,deathknight,unholy,71,35,36
480,Tenóry,nemesis,1408,deathknight,unholy,90,41,49
481,Desen,arthas,1408,deathknight,unholy,39,15,24
482,Rimothedk,illidan,1407,deathknight,unholy,36,17,19
483,Dezmond,quelthalas,1404,deathknight,unholy,48,21,27
484,Hatreon,sargeras,1401,deathknight,unholy,30,20,10
485,Hipower,moon-guard,1401,deathknight,unholy,138,72,66
486,Sílthree,barthilas,1401,deathknight,unholy,42,17,25
487,Yadaddy,hydraxis,1400,deathknight,unholy,42,23,19
488,Ventuss,bleeding-hollow,1399,deathknight,unholy,60,31,29
489,Gankstagrip,anvilmar,1399,deathknight,unholy,108,52,56
490,Vazarus,darrowmere,1397,deathknight,unholy,66,30,36
491,Beeftip,area-52,1396,deathknight,unholy,173,83,90
492,Cimitiere,stormrage,1395,deathknight,unholy,44,18,26
493,Wndypefrcorn,sargeras,1394,deathknight,unholy,59,35,24
494,Fzero,frostmourne,1392,deathknight,unholy,66,23,43
495,Paulpatine,tichondrius,1391,deathknight,unholy,60,22,38
496,Madmaxxy,barthilas,1389,deathknight,unholy,145,73,72
497,Starms,ragnaros,1388,deathknight,unholy,71,30,41
498,Sammåel,malganis,1387,deathknight,unholy,36,18,18
499,Bloodramen,dalaran,1385,deathknight,unholy,339,172,167
500,Holsey,moon-guard,1384,deathknight,unholy,36,17,19
501,Deadspellz,bleeding-hollow,1384,deathknight,unholy,52,15,37
502,Wrothgarr,stormreaver,1383,deathknight,unholy,42,24,18
503,Egirlgripper,area-52,1382,deathknight,unholy,30,15,15
504,Anonymousix,kelthuzad,1381,deathknight,unholy,41,21,20
505,Vamplyz,kelthuzad,1378,deathknight,unholy,27,16,11
506,Silanvia,wyrmrest-accord,1377,deathknight,unholy,66,30,36
507,Mèrc,ragnaros,1376,deathknight,unholy,89,38,51
508,Any,the-venture-co,1376,deathknight,unholy,60,25,35
509,Sparklekitty,illidan,1374,deathknight,unholy,24,16,8
510,Greeasy,bleeding-hollow,1374,deathknight,unholy,41,23,18
511,Deathsatan,barthilas,1374,deathknight,unholy,60,33,27
512,Volcolm,kelthuzad,1373,deathknight,unholy,54,26,28
513,Midway,drakkari,1372,deathknight,unholy,42,24,18
514,Flo,ghostlands,1371,deathknight,unholy,45,26,19
515,Zuly,moon-guard,1369,deathknight,unholy,113,54,59
516,Putrefactive,frostmourne,1368,deathknight,unholy,174,85,89
517,Yareyare,tichondrius,1365,deathknight,unholy,36,18,18
518,Darkunral,stormrage,1365,deathknight,unholy,80,33,47
519,Warstompgød,tichondrius,1364,deathknight,unholy,36,16,20
520,Genjírou,frostwolf,1362,deathknight,unholy,278,134,144
521,Waremoto,ragnaros,1361,deathknight,unholy,81,47,34
522,Littlekims,emerald-dream,1360,deathknight,unholy,28,15,13
523,Krixia,ragnaros,1359,deathknight,unholy,52,25,27
524,Awzy,azralon,1358,deathknight,unholy,42,23,19
525,Hydree,bleeding-hollow,1358,deathknight,unholy,42,17,25
526,Luckyson,tichondrius,1357,deathknight,unholy,40,19,21
527,Coolk,tichondrius,1356,deathknight,unholy,78,42,36
528,Shélly,ragnaros,1354,deathknight,unholy,83,41,42
529,Darknessice,tichondrius,1350,deathknight,unholy,66,35,31
530,Bumbleton,blackrock,1349,deathknight,unholy,45,24,21
531,Seíver,ragnaros,1346,deathknight,unholy,29,15,14
532,Atrahazis,quelthalas,1343,deathknight,unholy,29,19,10
533,Dethcro,shandris,1343,deathknight,unholy,93,47,46
534,Deathwardenn,ghostlands,1343,deathknight,unholy,36,17,19
535,Gutterboy,malganis,1343,deathknight,unholy,36,14,22
536,Vaizard,malganis,1341,deathknight,unholy,24,14,10
537,Einherjiar,tichondrius,1341,deathknight,unholy,30,14,16
538,Afterdeath,frostmourne,1340,deathknight,unholy,42,19,23
539,Koltíra,azralon,1339,deathknight,unholy,50,26,24
540,Golurun,tichondrius,1338,deathknight,unholy,31,19,12
541,Tötenkaiser,quelthalas,1337,deathknight,unholy,30,14,16
542,Monstrosìty,bleeding-hollow,1336,deathknight,unholy,18,14,4
543,Ântipaladin,arthas,1335,deathknight,unholy,46,19,27
544,Bhyrnam,ragnaros,1335,deathknight,unholy,42,14,28
545,Zeban,area-52,1334,deathknight,unholy,78,36,42
546,Fiddleop,thrall,1333,deathknight,unholy,24,14,10
547,Mëgazørd,azralon,1333,deathknight,unholy,66,36,30
548,Aretos,dreadmaul,1333,deathknight,unholy,38,19,19
549,Scorpíøn,azralon,1332,deathknight,unholy,30,18,12
550,Negril,tichondrius,1332,deathknight,unholy,78,38,40
551,Gromhal,azralon,1331,deathknight,unholy,24,14,10
552,Erodin,moon-guard,1330,deathknight,unholy,30,14,16
553,Zxy,hyjal,1327,deathknight,unholy,23,17,6
554,Vynkys,shadow-council,1327,deathknight,unholy,59,33,26
555,Zifandel,tichondrius,1326,deathknight,unholy,30,14,16
556,Rekbari,sargeras,1325,deathknight,unholy,24,15,9
557,Ñovacaine,moon-guard,1325,deathknight,unholy,83,40,43
558,Unholychillz,ghostlands,1324,deathknight,unholy,44,20,24
559,Stangz,bonechewer,1322,deathknight,unholy,36,14,22
560,Asylïthcc,sargeras,1321,deathknight,unholy,60,34,26
561,Earador,dalaran,1321,deathknight,unholy,30,15,15
562,Mords,area-52,1321,deathknight,unholy,30,14,16
563,Unhøøly,nemesis,1319,deathknight,unholy,59,32,27
564,Déká,tichondrius,1319,deathknight,unholy,30,16,14
565,Gilden,malfurion,1317,deathknight,unholy,80,34,46
566,Belegos,quelthalas,1314,deathknight,unholy,93,42,51
567,Cswildwind,aerie-peak,1314,deathknight,unholy,36,15,21
568,Demona,ragnaros,1312,deathknight,unholy,58,22,36
569,Maligned,uldum,1312,deathknight,unholy,49,18,31
570,Unholyreap,arthas,1311,deathknight,unholy,34,18,16
571,Frðst,executus,1310,deathknight,unholy,24,14,10
572,Gwiffhm,tichondrius,1304,deathknight,unholy,40,14,26
573,Darkàn,lightnings-blade,1301,deathknight,unholy,42,20,22
574,Arcainian,tichondrius,1300,deathknight,unholy,147,65,82
575,Deephideblue,proudmoore,1300,deathknight,unholy,43,14,29
576,Rhaenyrà,tichondrius,1299,deathknight,unholy,33,19,14
577,Killerundead,area-52,1299,deathknight,unholy,39,17,22
578,Kallgìn,emerald-dream,1299,deathknight,unholy,36,15,21
579,Unholycube,zuljin,1290,deathknight,unholy,35,14,21
580,Cripticknigt,spinebreaker,1289,deathknight,unholy,48,22,26
581,Shargan,tichondrius,1284,deathknight,unholy,84,44,40
582,Deliriioh,ragnaros,1283,deathknight,unholy,192,98,94
583,Mainxx,stormrage,1282,deathknight,unholy,29,14,15
584,Harlthas,ragnaros,1274,deathknight,unholy,30,17,13
585,Reizu,ragnaros,1274,deathknight,unholy,27,15,12
586,Magipierrot,ragnaros,1274,deathknight,unholy,74,38,36
587,Ometecuhtli,kelthuzad,1273,deathknight,unholy,60,35,25
588,Kromgarath,stormrage,1271,deathknight,unholy,60,28,32
589,Nukydoe,azralon,1260,deathknight,unholy,42,19,23
590,Abruptdk,bonechewer,1254,deathknight,unholy,61,29,32
591,Leiry,darkspear,1253,deathknight,unholy,32,20,12
592,Ownaron,moon-guard,1249,deathknight,unholy,45,24,21
593,Resumen,steamwheedle-cartel,1249,deathknight,unholy,32,15,17
594,Clowngodx,illidan,1247,deathknight,unholy,24,13,11
595,Darktonelol,tichondrius,1247,deathknight,unholy,30,13,17
596,Hotdk,thrall,1247,deathknight,unholy,36,13,23
597,Buldrokastee,tichondrius,1247,deathknight,unholy,36,13,23
598,Apoz,tichondrius,1246,deathknight,unholy,18,13,5
599,Bloodyloco,malganis,1246,deathknight,unholy,64,32,32
600,Earthican,bleeding-hollow,1245,deathknight,unholy,18,13,5
601,Daixks,proudmoore,1245,deathknight,unholy,42,22,20
602,Oomak,bonechewer,1245,deathknight,unholy,30,13,17
603,Lovedaddy,frostmourne,1242,deathknight,unholy,30,13,17
604,Bubblesdk,whisperwind,1242,deathknight,unholy,66,27,39
605,Youngmoneyyd,illidan,1241,deathknight,unholy,18,13,5
606,Feej,malganis,1240,deathknight,unholy,18,13,5
607,Shezoe,drakkari,1238,deathknight,unholy,30,13,17
608,Janco,runetotem,1236,deathknight,unholy,18,13,5
609,Lebrônjames,tichondrius,1236,deathknight,unholy,24,13,11
610,Ahrímán,illidan,1236,deathknight,unholy,60,23,37
611,Neipum,stormrage,1234,deathknight,unholy,18,13,5
612,Unleud,tichondrius,1234,deathknight,unholy,42,23,19
613,Voldrezhul,area-52,1234,deathknight,unholy,36,17,19
614,Rarum,bleeding-hollow,1233,deathknight,unholy,24,13,11
615,Muffinstomp,eredar,1231,deathknight,unholy,53,29,24
616,Hellzkknight,tichondrius,1231,deathknight,unholy,34,16,18
617,Dkzote,quelthalas,1231,deathknight,unholy,60,21,39
618,Treikorh,quelthalas,1230,deathknight,unholy,148,66,82
619,Deathdra,illidan,1229,deathknight,unholy,24,16,8
620,Soulhuntress,doomhammer,1227,deathknight,unholy,114,58,56
621,Unhølydøøm,misha,1226,deathknight,unholy,78,39,39
622,Lorð,malganis,1225,deathknight,unholy,42,22,20
623,Sokthr,proudmoore,1224,deathknight,unholy,38,17,21
624,Potatobob,dalaran,1222,deathknight,unholy,30,13,17
625,Gatrars,sargeras,1221,deathknight,unholy,84,39,45
626,Malsedius,kelthuzad,1216,deathknight,unholy,39,16,23
627,Mazey,moon-guard,1209,deathknight,unholy,199,98,101
628,Nevarro,lightbringer,1209,deathknight,unholy,234,114,120
629,Heärt,bleeding-hollow,1208,deathknight,unholy,80,37,43
630,Lieyanyanwan,tichondrius,1207,deathknight,unholy,48,19,29
631,Humber,area-52,1204,deathknight,unholy,65,30,35
632,Tugs,nathrezim,1202,deathknight,unholy,36,16,20
633,Yosemithe,quelthalas,1201,deathknight,unholy,24,13,11
634,Zeeroo,moon-guard,1194,deathknight,unholy,46,23,23
635,Rhors,nemesis,1190,deathknight,unholy,23,13,10
636,Möchi,ragnaros,1190,deathknight,unholy,75,36,39
637,Leviiathan,tichondrius,1185,deathknight,unholy,30,14,16
638,Edhral,ragnaros,1184,deathknight,unholy,36,16,20
639,Plagueghoul,wyrmrest-accord,1182,deathknight,unholy,97,47,50
640,Sne,dragonmaw,1180,deathknight,unholy,30,17,13
641,Coffïnfeeder,dalaran,1178,deathknight,unholy,78,31,47
642,Darthblade,darkspear,1177,deathknight,unholy,66,43,23
643,Drowhd,nemesis,1177,deathknight,unholy,60,27,33
644,Deadwait,rivendare,1175,deathknight,unholy,22,13,9
645,Jhiv,tichondrius,1172,deathknight,unholy,28,14,14
646,Blightrish,icecrown,1172,deathknight,unholy,66,32,34
647,Volardan,trollbane,1171,deathknight,unholy,27,16,11
648,Hanmayuziro,tichondrius,1171,deathknight,unholy,23,13,10
649,Enjal,stormrage,1171,deathknight,unholy,65,26,39
650,Omegaseven,gorgonnash,1166,deathknight,unholy,172,90,82
651,Mmrhostage,kelthuzad,1165,deathknight,unholy,30,14,16
652,Trüppen,area-52,1153,deathknight,unholy,58,31,27
653,Oql,tichondrius,1152,deathknight,unholy,24,12,12
654,Diviniumx,bleeding-hollow,1152,deathknight,unholy,27,13,14
655,Divinium,bleeding-hollow,1152,deathknight,unholy,30,12,18
656,Andeadx,tichondrius,1152,deathknight,unholy,30,12,18
657,Méthmonster,stormrage,1150,deathknight,unholy,39,23,16
658,Xtador,quelthalas,1150,deathknight,unholy,23,13,10
659,Ultimatdeath,jubeithos,1150,deathknight,unholy,24,12,12
660,Balakk,tichondrius,1150,deathknight,unholy,34,15,19
661,Kryptikkyt,blackrock,1150,deathknight,unholy,30,12,18
662,Vesel,tichondrius,1149,deathknight,unholy,36,12,24
663,Exequias,zuljin,1148,deathknight,unholy,42,24,18
664,Azgaroth,dathremar,1148,deathknight,unholy,38,20,18
665,Orcsexual,azralon,1148,deathknight,unholy,24,12,12
666,Migwel,emerald-dream,1147,deathknight,unholy,24,12,12
667,Zebastion,amanthul,1147,deathknight,unholy,36,15,21
668,Oldskul,sargeras,1146,deathknight,unholy,34,17,17
669,Dkbunny,thaurissan,1146,deathknight,unholy,24,12,12
670,Chalamander,tichondrius,1146,deathknight,unholy,24,12,12
671,Iamthedanger,aerie-peak,1145,deathknight,unholy,24,12,12
672,Kehin,azralon,1144,deathknight,unholy,70,29,41
673,Dravix,azshara,1143,deathknight,unholy,18,12,6
674,Akilol,tichondrius,1142,deathknight,unholy,30,12,18
675,Pacedd,silvermoon,1141,deathknight,unholy,24,12,12
676,Skeleton,lightnings-blade,1141,deathknight,unholy,33,13,20
677,Zetarexia,area-52,1139,deathknight,unholy,24,12,12
678,Skellig,wyrmrest-accord,1137,deathknight,unholy,60,24,36
679,Viràlyourz,bleeding-hollow,1136,deathknight,unholy,18,12,6
680,Araris,stormrage,1135,deathknight,unholy,36,12,24
681,Shinici,kelthuzad,1132,deathknight,unholy,24,12,12
682,Kel,stormreaver,1132,deathknight,unholy,35,12,23
683,Jukpark,tichondrius,1131,deathknight,unholy,54,32,22
684,Vaseline,zangarmarsh,1130,deathknight,unholy,77,40,37
685,Darktrinnity,nemesis,1130,deathknight,unholy,71,36,35
686,Deathsmog,quelthalas,1127,deathknight,unholy,37,22,15
687,Pugnation,uther,1122,deathknight,unholy,18,12,6
688,Vampirecarti,tichondrius,1122,deathknight,unholy,38,18,20
689,Toroandmoi,area-52,1121,deathknight,unholy,24,12,12
690,Nicrack,malganis,1120,deathknight,unholy,24,13,11
691,Carecaa,azralon,1119,deathknight,unholy,44,19,25
692,Mercysparx,thrall,1118,deathknight,unholy,108,52,56
693,Sabotdk,tichondrius,1117,deathknight,unholy,24,12,12
694,Xènia,exodar,1116,deathknight,unholy,28,13,15
695,Frostcleave,emerald-dream,1115,deathknight,unholy,24,16,8
696,Joeyxdk,tichondrius,1114,deathknight,unholy,23,12,11
697,Druncker,blackrock,1114,deathknight,unholy,53,20,33
698,Mordeo,bleeding-hollow,1114,deathknight,unholy,34,12,22
699,Pántera,darkspear,1113,deathknight,unholy,24,12,12
700,Mandrágor,quelthalas,1111,deathknight,unholy,52,20,32
701,Alphabro,zuluhed,1108,deathknight,unholy,42,22,20
702,Dankbro,tichondrius,1101,deathknight,unholy,36,15,21
703,Moxtexd,drakkari,1100,deathknight,unholy,30,21,9
704,Morghulas,moon-guard,1098,deathknight,unholy,30,12,18
705,Polydeuces,queldorei,1091,deathknight,unholy,66,26,40
706,Beanboyx,tichondrius,1085,deathknight,unholy,22,12,10
707,Kanthrix,illidan,1084,deathknight,unholy,32,12,20
708,Fuzzyrump,eitrigg,1080,deathknight,unholy,36,21,15
709,Honustustere,emerald-dream,1076,deathknight,unholy,29,12,17
710,Froznorbs,tichondrius,1068,deathknight,unholy,26,13,13
711,Zaelize,sargeras,1065,deathknight,unholy,48,21,27
712,Rottenwiener,sargeras,1062,deathknight,unholy,23,12,11
713,Kayzark,tichondrius,1060,deathknight,unholy,54,30,24
714,Mordekaiseer,azralon,1057,deathknight,unholy,148,74,74
715,Ragsec,bleeding-hollow,1056,deathknight,unholy,18,11,7
716,Neroxzdvm,area-52,1056,deathknight,unholy,30,11,19
717,Cptsäveähöe,tichondrius,1056,deathknight,unholy,30,11,19
718,Vleryan,ragnaros,1055,deathknight,unholy,18,11,7
719,Darione,twisting-nether,1055,deathknight,unholy,30,11,19
720,Rytex,moon-guard,1055,deathknight,unholy,30,11,19
721,Sommeliergg,stormrage,1053,deathknight,unholy,18,11,7
722,Plaguebreak,darrowmere,1053,deathknight,unholy,78,44,34
723,Xaldalas,kelthuzad,1053,deathknight,unholy,24,11,13
724,Deathboost,stormrage,1053,deathknight,unholy,36,11,25
725,Polpop,zuljin,1051,deathknight,unholy,18,11,7
726,Acidirin,tichondrius,1049,deathknight,unholy,18,11,7
727,Draenor,shadowmoon,1049,deathknight,unholy,18,11,7
728,Runicblade,jaedenar,1048,deathknight,unholy,18,11,7
729,Kordrâk,quelthalas,1048,deathknight,unholy,18,11,7
730,Salahzar,stormrage,1048,deathknight,unholy,24,11,13
731,Chad,ysondre,1048,deathknight,unholy,30,11,19
732,Horîzon,sargeras,1047,deathknight,unholy,30,11,19
733,Shhnitzle,stormrage,1047,deathknight,unholy,30,11,19
734,Agohnim,moon-guard,1046,deathknight,unholy,30,11,19
735,Bazzingaxd,hyjal,1044,deathknight,unholy,36,21,15
736,Lazta,azralon,1044,deathknight,unholy,40,17,23
737,Orphnoch,illidan,1043,deathknight,unholy,30,11,19
738,Arthureon,kelthuzad,1041,deathknight,unholy,38,14,24
739,Alayka,stormrage,1040,deathknight,unholy,24,11,13
740,Masochrist,baelgun,1040,deathknight,unholy,24,11,13
741,Deathcometh,tichondrius,1027,deathknight,unholy,30,11,19
742,Jman,kaelthas,1026,deathknight,unholy,63,31,32
743,Annerito,area-52,1023,deathknight,unholy,29,11,18
744,Dredrikbane,moon-guard,1022,deathknight,unholy,23,12,11
745,Bloopdabloop,sargeras,1015,deathknight,unholy,55,31,24
746,Modok,malganis,1006,deathknight,unholy,17,11,6
747,Sübzerö,quelthalas,1000,deathknight,unholy,42,13,29
748,Trentus,illidan,993,deathknight,unholy,24,11,13
749,Raizzhít,ragnaros,989,deathknight,unholy,22,11,11
750,Tonylin,tichondrius,987,deathknight,unholy,26,11,15
751,Hobdk,malganis,984,deathknight,unholy,27,11,16
752,Deathnorris,zuljin,973,deathknight,unholy,116,55,61
753,Hansmclroy,trollbane,970,deathknight,unholy,24,14,10
754,Fendos,turalyon,963,deathknight,unholy,24,14,10
755,Vaske,azjolnerub,963,deathknight,unholy,55,20,35
756,Delamuerte,ragnaros,962,deathknight,unholy,30,13,17
757,Wölf,durotan,960,deathknight,unholy,12,10,2
758,Ragrek,bleeding-hollow,960,deathknight,unholy,24,10,14
759,Giveretms,azralon,960,deathknight,unholy,24,10,14
760,Claudio,tichondrius,960,deathknight,unholy,27,11,16
761,Rängi,caelestrasz,960,deathknight,unholy,78,26,52
762,Rxzo,frostmourne,960,deathknight,unholy,30,10,20
763,Immadkx,area-52,960,deathknight,unholy,30,10,20
764,Wolfsnight,frostmourne,960,deathknight,unholy,36,10,26
765,Awshuks,illidan,959,deathknight,unholy,18,10,8
766,Turbokitten,tichondrius,959,deathknight,unholy,18,10,8
767,Gurnok,barthilas,959,deathknight,unholy,18,10,8
768,Raahjx,sargeras,959,deathknight,unholy,18,10,8
769,Tragdore,thrall,959,deathknight,unholy,18,10,8
770,Emarose,illidan,959,deathknight,unholy,24,10,14
771,Distorted,emerald-dream,959,deathknight,unholy,24,10,14
772,Galaxyboom,tichondrius,958,deathknight,unholy,12,10,2
773,Reapsouls,stormrage,958,deathknight,unholy,13,10,3
774,Khørne,area-52,958,deathknight,unholy,18,10,8
775,Polepounder,malganis,957,deathknight,unholy,12,10,2
776,Iðûnn,barthilas,957,deathknight,unholy,18,10,8
777,Aldoraenna,illidan,957,deathknight,unholy,24,10,14
778,Arthyius,kiljaeden,956,deathknight,unholy,30,10,20
779,Dreadcowpie,dalaran,955,deathknight,unholy,18,10,8
780,Mëlødy,quelthalas,955,deathknight,unholy,18,10,8
781,Gobaiakun,proudmoore,955,deathknight,unholy,18,10,8
782,Bigdollars,eredar,954,deathknight,unholy,18,10,8
783,Umbranox,arthas,954,deathknight,unholy,24,10,14
784,Noolore,firetree,952,deathknight,unholy,12,10,2
785,Attackondude,illidan,951,deathknight,unholy,18,10,8
786,Vërmilliøn,ragnaros,951,deathknight,unholy,24,10,14
787,Isaarid,proudmoore,948,deathknight,unholy,18,10,8
788,Xijiñpiñg,hyjal,948,deathknight,unholy,24,10,14
789,Deathafter,tichondrius,948,deathknight,unholy,24,10,14
790,Dreekon,bleeding-hollow,947,deathknight,unholy,25,14,11
791,Thaylenaar,eredar,947,deathknight,unholy,18,10,8
792,Zebirock,stormrage,947,deathknight,unholy,30,10,20
793,Niennahh,sargeras,946,deathknight,unholy,24,10,14
794,Ghorzul,thrall,945,deathknight,unholy,24,10,14
795,Morhtzen,moon-guard,944,deathknight,unholy,13,10,3
796,Hentaideath,kiljaeden,934,deathknight,unholy,24,10,14
797,Jinus,earthen-ring,934,deathknight,unholy,24,10,14
798,Bahtman,hakkar,925,deathknight,unholy,18,10,8
799,Croaker,gurubashi,922,deathknight,unholy,18,10,8
800,Tandarilada,shadowmoon,919,deathknight,unholy,30,12,18
801,Draxsos,quelthalas,913,deathknight,unholy,42,17,25
802,Jaydkx,tichondrius,906,deathknight,unholy,28,11,17
803,Cishei,quelthalas,897,deathknight,unholy,21,12,9
804,Càsshêrn,lightbringer,893,deathknight,unholy,14,10,4
805,Dragoroth,zuluhed,893,deathknight,unholy,31,15,16
806,Carmii,wyrmrest-accord,879,deathknight,unholy,25,10,15
807,Zareon,zuluhed,876,deathknight,unholy,24,12,12
808,Dandandor,muradin,876,deathknight,unholy,38,17,21
809,Nerfdklul,illidan,864,deathknight,unholy,12,9,3
810,Deathstrikex,tichondrius,864,deathknight,unholy,12,9,3
811,Skullash,stormrage,864,deathknight,unholy,18,9,9
812,Sickly,arthas,864,deathknight,unholy,18,9,9
813,Utthrity,ysera,864,deathknight,unholy,18,9,9
814,Methyldk,frostmourne,864,deathknight,unholy,21,10,11
815,Aisö,bleeding-hollow,864,deathknight,unholy,24,9,15
816,Shadowsdk,tichondrius,864,deathknight,unholy,24,9,15
817,Dill,madoran,864,deathknight,unholy,24,9,15
818,Shinukishin,stormrage,864,deathknight,unholy,24,9,15
819,Fortissax,area-52,864,deathknight,unholy,30,9,21
820,Kasteny,frostmourne,863,deathknight,unholy,18,9,9
821,Valandiel,jubeithos,863,deathknight,unholy,18,9,9
822,Bmminitian,illidan,863,deathknight,unholy,18,9,9
823,Sandrexx,tichondrius,863,deathknight,unholy,18,9,9
824,Revvun,tichondrius,863,deathknight,unholy,18,9,9
825,Nwnqt,frostmourne,863,deathknight,unholy,21,10,11
826,Sbplaysdk,akama,863,deathknight,unholy,30,9,21
827,Tharegorn,azralon,862,deathknight,unholy,18,9,9
828,Killos,proudmoore,862,deathknight,unholy,18,9,9
829,Vynlerran,skullcrusher,862,deathknight,unholy,18,9,9
830,Artous,stormrage,862,deathknight,unholy,36,9,27
831,Runeswanson,area-52,861,deathknight,unholy,18,9,9
832,Monglord,arthas,861,deathknight,unholy,18,9,9
833,Arkhän,ragnaros,861,deathknight,unholy,36,9,27
834,Cosanostrá,malganis,860,deathknight,unholy,12,9,3
835,Gothywaifu,thunderhorn,860,deathknight,unholy,12,9,3
836,Rinthosaka,ragnaros,860,deathknight,unholy,18,9,9
837,Feorlar,dalaran,860,deathknight,unholy,24,9,15
838,Smerknight,proudmoore,860,deathknight,unholy,24,9,15
839,Velyssiah,stormrage,860,deathknight,unholy,24,9,15
840,Ðerion,stormrage,859,deathknight,unholy,18,9,9
841,Sidbane,kalecgos,859,deathknight,unholy,19,9,10
842,Esquinência,azralon,858,deathknight,unholy,24,9,15
843,Kaórii,stormrage,858,deathknight,unholy,30,9,21
844,Tinytanx,aerie-peak,856,deathknight,unholy,30,9,21
845,Kreandria,dalaran,854,deathknight,unholy,36,9,27
846,Zathog,lightbringer,853,deathknight,unholy,30,9,21
847,Ulyssess,jubeithos,851,deathknight,unholy,76,35,41
848,Ulerin,illidan,850,deathknight,unholy,18,9,9
849,Plaza,thorium-brotherhood,844,deathknight,unholy,18,9,9
850,Maverax,executus,841,deathknight,unholy,24,10,14
851,Grimmtidings,dentarg,839,deathknight,unholy,42,17,25
852,Destruktion,uldaman,838,deathknight,unholy,12,9,3
853,Handler,nemesis,830,deathknight,unholy,20,10,10
854,Digitalsammy,area-52,830,deathknight,unholy,22,9,13
855,Alderma,zuljin,814,deathknight,unholy,29,10,19
856,Zillachilla,azshara,811,deathknight,unholy,15,10,5
857,Festers,burning-legion,794,deathknight,unholy,26,9,17
858,Noahmelo,nemesis,782,deathknight,unholy,13,9,4
859,Liqùid,moon-guard,768,deathknight,unholy,12,8,4
860,Jamjae,tichondrius,768,deathknight,unholy,12,8,4
861,Vitad,tichondrius,768,deathknight,unholy,12,8,4
862,Poderrosodk,azralon,768,deathknight,unholy,12,8,4
863,Richiex,tichondrius,768,deathknight,unholy,12,8,4
864,Mesx,illidan,768,deathknight,unholy,12,8,4
865,Dicromick,illidan,768,deathknight,unholy,15,9,6
866,Clapt,kelthuzad,768,deathknight,unholy,18,8,10
867,Piratehookah,sargeras,768,deathknight,unholy,18,8,10
868,Sinnan,turalyon,768,deathknight,unholy,18,8,10
869,Loomoros,sargeras,768,deathknight,unholy,24,8,16
870,Novädk,ragnaros,768,deathknight,unholy,24,8,16
871,Ørcrist,area-52,767,deathknight,unholy,12,8,4
872,Akrylo,ragnaros,767,deathknight,unholy,12,8,4
873,Deathsloot,sargeras,767,deathknight,unholy,12,8,4
874,Bojaçk,stormrage,767,deathknight,unholy,12,8,4
875,Ðaz,zuljin,767,deathknight,unholy,12,8,4
876,Fluffymoo,frostmourne,767,deathknight,unholy,18,8,10
877,Gorillagrip,sargeras,767,deathknight,unholy,18,8,10
878,Rulord,wyrmrest-accord,767,deathknight,unholy,18,8,10
879,Hædës,area-52,767,deathknight,unholy,18,8,10
880,Bloodygrip,bleeding-hollow,767,deathknight,unholy,18,8,10
881,Traitre,onyxia,767,deathknight,unholy,18,8,10
882,Asana,illidan,767,deathknight,unholy,18,8,10
883,Mordumi,stormrage,767,deathknight,unholy,24,8,16
884,Tragül,sargeras,766,deathknight,unholy,12,8,4
885,Redcancer,tichondrius,766,deathknight,unholy,12,8,4
886,Olblueyes,hyjal,766,deathknight,unholy,18,8,10
887,Hellhämmer,ragnaros,766,deathknight,unholy,18,8,10
888,Riparonii,illidan,766,deathknight,unholy,21,8,13
889,Shadowghast,saurfang,765,deathknight,unholy,12,8,4
890,Shadowzombie,lethon,765,deathknight,unholy,18,8,10
891,Bloodydebt,malganis,765,deathknight,unholy,18,8,10
892,Hildolfr,shattered-hand,765,deathknight,unholy,18,8,10
893,Dalrin,emerald-dream,765,deathknight,unholy,24,8,16
894,Abadena,illidan,765,deathknight,unholy,27,8,19
895,Maggotmulch,zuljin,764,deathknight,unholy,30,8,22
896,Kowell,drakkari,762,deathknight,unholy,18,8,10
897,Primoverdino,azralon,762,deathknight,unholy,18,8,10
898,Iamlrr,maelstrom,761,deathknight,unholy,24,8,16
899,Liltinktink,stormreaver,760,deathknight,unholy,18,8,10
900,Kaciann,dalaran,758,deathknight,unholy,12,8,4
901,Lepanda,skywall,758,deathknight,unholy,18,8,10
902,Soulfarm,tichondrius,751,deathknight,unholy,12,8,4
903,Rinngar,quelthalas,751,deathknight,unholy,14,8,6
904,Frostbytez,barthilas,750,deathknight,unholy,17,8,9
905,Dàndàn,lightbringer,749,deathknight,unholy,24,8,16
906,Urp,aggramar,736,deathknight,unholy,22,8,14
907,Poonen,area-52,735,deathknight,unholy,17,8,9
908,Starset,burning-legion,728,deathknight,unholy,24,9,15
909,Somethingdum,sargeras,703,deathknight,unholy,16,8,8
910,Lolcàtxo,tichondrius,703,deathknight,unholy,17,8,9
911,Mëllowhypë,sargeras,697,deathknight,unholy,20,8,12
912,Maalevolent,thunderlord,688,deathknight,unholy,19,8,11
913,Ripcrawford,proudmoore,672,deathknight,unholy,12,7,5
914,Karthayne,area-52,672,deathknight,unholy,12,7,5
915,Donrhythmic,ysera,672,deathknight,unholy,12,7,5
916,Plag,bleeding-hollow,672,deathknight,unholy,12,7,5
917,Mcdeathturds,tichondrius,672,deathknight,unholy,12,7,5
918,Cgg,tichondrius,672,deathknight,unholy,12,7,5
919,Liverkick,zuljin,672,deathknight,unholy,12,7,5
920,Aryêl,ragnaros,672,deathknight,unholy,12,7,5
921,Saltank,frostmourne,672,deathknight,unholy,12,7,5
922,Penguinlolx,sargeras,672,deathknight,unholy,12,7,5
923,Jbert,sargeras,672,deathknight,unholy,12,7,5
924,Inemia,wyrmrest-accord,672,deathknight,unholy,16,7,9
925,Bellybuster,malganis,672,deathknight,unholy,18,7,11
926,Ebolaxd,area-52,672,deathknight,unholy,18,7,11
927,Bagul,azralon,672,deathknight,unholy,18,7,11
928,Umbramane,tichondrius,672,deathknight,unholy,18,7,11
929,Bryku,tichondrius,672,deathknight,unholy,18,7,11
930,Mightyfails,frostmourne,672,deathknight,unholy,18,7,11
931,Mmaximus,darkspear,672,deathknight,unholy,18,7,11
932,Meisterdeath,stormrage,672,deathknight,unholy,18,7,11
933,Kûri,runetotem,672,deathknight,unholy,18,7,11
934,Dxssxe,tichondrius,672,deathknight,unholy,18,7,11
935,Zenan,area-52,672,deathknight,unholy,24,7,17
936,Zoomoth,illidan,672,deathknight,unholy,24,7,17
937,Xenocrates,illidan,672,deathknight,unholy,24,7,17
938,Níce,tichondrius,672,deathknight,unholy,24,7,17
939,Ceedog,crushridge,672,deathknight,unholy,30,7,23
940,Fligdeath,llane,671,deathknight,unholy,12,7,5
941,Sevexi,moon-guard,671,deathknight,unholy,12,7,5
942,Gâbriel,cairne,671,deathknight,unholy,12,7,5
943,Tiller,mannoroth,671,deathknight,unholy,12,7,5
944,Deatheey,area-52,671,deathknight,unholy,12,7,5
945,Woahwtf,area-52,671,deathknight,unholy,18,7,11
946,Mfknight,archimonde,671,deathknight,unholy,18,7,11
947,Biukanon,ragnaros,671,deathknight,unholy,18,7,11
948,Kidek,proudmoore,671,deathknight,unholy,18,7,11
949,Demonstalker,boulderfist,671,deathknight,unholy,24,7,17
950,Coldrhelx,quelthalas,671,deathknight,unholy,30,7,23
951,Emberwarden,stormrage,670,deathknight,unholy,18,7,11
952,Irokthefrost,frostmourne,669,deathknight,unholy,12,7,5
953,Boneguard,stormrage,668,deathknight,unholy,18,7,11
954,Terracundo,quelthalas,667,deathknight,unholy,18,9,9
955,Grtmisdirect,illidan,666,deathknight,unholy,21,8,13
956,Zëb,sargeras,665,deathknight,unholy,12,7,5
957,Zàkgor,moon-guard,665,deathknight,unholy,12,7,5
958,Thepanzer,elune,665,deathknight,unholy,12,7,5
959,Argar,crushridge,664,deathknight,unholy,12,7,5
960,Runíc,demon-soul,664,deathknight,unholy,18,7,11
961,Heldwynd,bonechewer,664,deathknight,unholy,24,7,17
962,Garshna,ragnaros,658,deathknight,unholy,12,7,5
963,Hadianton,stormrage,654,deathknight,unholy,15,8,7
964,Dbg,frostmane,639,deathknight,unholy,11,7,4
965,Hardtoplaydk,chogall,639,deathknight,unholy,17,7,10
966,Tasila,tichondrius,622,deathknight,unholy,11,7,4
967,Ghostdeath,blackhand,622,deathknight,unholy,15,7,8
968,Bonalumë,azralon,620,deathknight,unholy,17,7,10
969,Soulkiti,blackwater-raiders,608,deathknight,unholy,16,7,9
970,Nekrosys,eitrigg,608,deathknight,unholy,22,7,15
971,Aundethell,moon-guard,608,deathknight,unholy,33,7,26
972,Bingoez,frostmourne,607,deathknight,unholy,11,7,4
973,Bernaldino,illidan,576,deathknight,unholy,6,6,0
974,Arcänn,drenden,576,deathknight,unholy,6,6,0
975,Delwrath,proudmoore,576,deathknight,unholy,12,6,6
976,Surkk,tichondrius,576,deathknight,unholy,12,6,6
977,Bossdk,tichondrius,576,deathknight,unholy,12,6,6
978,Remõrse,moon-guard,576,deathknight,unholy,12,6,6
979,Jonahdk,sargeras,576,deathknight,unholy,12,6,6
980,Mizzri,frostmourne,576,deathknight,unholy,12,6,6
981,Hickish,tichondrius,576,deathknight,unholy,12,6,6
982,Svlla,doomhammer,576,deathknight,unholy,12,6,6
983,Bébøp,malganis,576,deathknight,unholy,12,6,6
984,Ghouldruis,barthilas,576,deathknight,unholy,12,6,6
985,Apocalipsis,bleeding-hollow,576,deathknight,unholy,12,6,6
986,Tyrsfaith,tichondrius,576,deathknight,unholy,12,6,6
987,Zakka,korgath,576,deathknight,unholy,12,6,6
988,Darkathås,tichondrius,576,deathknight,unholy,12,6,6
989,Xhan,tichondrius,576,deathknight,unholy,12,6,6
990,Lilwayne,archimonde,576,deathknight,unholy,12,6,6
991,Bøoth,area-52,576,deathknight,unholy,12,6,6
992,Lagérthâ,ragnaros,576,deathknight,unholy,12,6,6
993,Raaizz,ragnaros,576,deathknight,unholy,12,6,6
994,Demonicrunes,windrunner,576,deathknight,unholy,12,6,6
995,Friezen,illidan,576,deathknight,unholy,12,6,6
996,Ridesatenspd,caelestrasz,576,deathknight,unholy,12,6,6
997,Cali,bladefist,576,deathknight,unholy,12,6,6
998,Sanezarro,bleeding-hollow,576,deathknight,unholy,12,6,6
999,Maiatsu,illidan,576,deathknight,unholy,12,6,6
1000,Blackùla,tichondrius,576,deathknight,unholy,12,6,6
1001,Anaksunamooñ,sargeras,576,deathknight,unholy,12,6,6
1002,Sujudk,emerald-dream,576,deathknight,unholy,12,6,6
1003,Icycrazy,azralon,576,deathknight,unholy,18,6,12
1004,Troyy,sargeras,576,deathknight,unholy,18,6,12
1005,Bøngripx,tichondrius,576,deathknight,unholy,18,6,12
1006,Joystickwrld,silvermoon,576,deathknight,unholy,18,6,12
1007,Nethaar,tichondrius,576,deathknight,unholy,18,6,12
1008,Boltman,malganis,576,deathknight,unholy,18,6,12
1009,Cirillan,bleeding-hollow,576,deathknight,unholy,18,6,12
1010,Lainmortal,ragnaros,576,deathknight,unholy,18,6,12
1011,Granknight,azralon,576,deathknight,unholy,24,6,18
1012,Baldlord,tichondrius,576,deathknight,unholy,24,6,18
1013,Conquest,drenden,576,deathknight,unholy,24,6,18
1014,Abombinator,stormrage,575,deathknight,unholy,6,6,0
1015,Ksoldier,illidan,575,deathknight,unholy,12,6,6
1016,Zevrynn,barthilas,575,deathknight,unholy,12,6,6
1017,Agamoth,ragnaros,575,deathknight,unholy,12,6,6
1018,Iceclaw,bleeding-hollow,575,deathknight,unholy,12,6,6
1019,Christophe,skullcrusher,575,deathknight,unholy,12,6,6
1020,Åkatsukii,uther,575,deathknight,unholy,12,6,6
1021,Libramontes,ragnaros,575,deathknight,unholy,18,6,12
1022,Corpsepetal,muradin,575,deathknight,unholy,18,6,12
1023,Sheipadinho,nemesis,574,deathknight,unholy,6,6,0
1024,Vicentão,tichondrius,574,deathknight,unholy,12,6,6
1025,Robacalzónes,ragnaros,574,deathknight,unholy,12,6,6
1026,Hordbadia,garrosh,574,deathknight,unholy,12,6,6
1027,Vapelounge,darkspear,574,deathknight,unholy,18,6,12
1028,Fraänrisco,ragnaros,574,deathknight,unholy,18,6,12
1029,Thedarksoul,agamaggan,574,deathknight,unholy,18,6,12
1030,Scaista,tichondrius,573,deathknight,unholy,12,6,6
1031,Juggérnaút,bonechewer,572,deathknight,unholy,12,6,6
1032,Tormentsoul,ragnaros,572,deathknight,unholy,12,6,6
1033,Lowan,stormrage,566,deathknight,unholy,12,6,6
1034,Waterboy,malganis,566,deathknight,unholy,12,6,6
1035,Syzurp,barthilas,558,deathknight,unholy,13,7,6
1036,Caohiyan,tichondrius,542,deathknight,unholy,11,6,5
1037,Herstôry,kelthuzad,527,deathknight,unholy,11,6,5
1038,Gkdm,tichondrius,522,deathknight,unholy,21,8,13
1039,Chës,tichondrius,522,deathknight,unholy,22,7,15
1040,Abømination,zuljin,510,deathknight,unholy,20,6,14
1041,Kalëndar,drakkari,503,deathknight,unholy,25,12,13
1042,Bawlsauce,area-52,496,deathknight,unholy,13,6,7
1043,Wâggies,moon-guard,480,deathknight,unholy,6,5,1
1044,Solø,proudmoore,480,deathknight,unholy,6,5,1
1045,Devilwarship,daggerspine,480,deathknight,unholy,6,5,1
1046,Andariel,ragnaros,480,deathknight,unholy,6,5,1
1047,Mopglad,tichondrius,480,deathknight,unholy,6,5,1
1048,Depthknight,barthilas,480,deathknight,unholy,6,5,1
1049,Lastboyscout,silvermoon,480,deathknight,unholy,6,5,1
1050,Superzach,muradin,480,deathknight,unholy,6,5,1
1051,Bànished,moon-guard,480,deathknight,unholy,7,5,2
1052,Darkwraith,illidan,480,deathknight,unholy,12,5,7
1053,Römney,stormrage,480,deathknight,unholy,12,5,7
1054,Cosmicrune,turalyon,480,deathknight,unholy,12,5,7
1055,Swänsz,stormrage,480,deathknight,unholy,12,5,7
1056,Nordiin,stormrage,480,deathknight,unholy,12,5,7
1057,Birnolan,proudmoore,480,deathknight,unholy,12,5,7
1058,Laboön,stormrage,480,deathknight,unholy,12,5,7
1059,Zaratose,area-52,480,deathknight,unholy,12,5,7
1060,Defekaite,kiljaeden,480,deathknight,unholy,12,5,7
1061,Defaultz,turalyon,480,deathknight,unholy,12,5,7
1062,Zuckdk,illidan,480,deathknight,unholy,12,5,7
1063,Vläad,ragnaros,480,deathknight,unholy,12,5,7
1064,Bot,icecrown,480,deathknight,unholy,12,5,7
1065,Frostyclaws,blackrock,480,deathknight,unholy,12,5,7
1066,Raull,ragnaros,480,deathknight,unholy,12,5,7
1067,Thraximundar,stormrage,480,deathknight,unholy,12,5,7
1068,Hemorrhoids,blackrock,480,deathknight,unholy,12,5,7
1069,Maltendis,malganis,480,deathknight,unholy,12,5,7
1070,Initiative,moon-guard,480,deathknight,unholy,12,5,7
1071,Akmy,illidan,480,deathknight,unholy,12,5,7
1072,Andem,elune,480,deathknight,unholy,12,5,7
1073,Pathæs,bleeding-hollow,480,deathknight,unholy,12,5,7
1074,Noitrox,azralon,480,deathknight,unholy,12,5,7
1075,Qberks,elune,480,deathknight,unholy,12,5,7
1076,Darkfög,sargeras,480,deathknight,unholy,12,5,7
1077,Schreit,zuljin,480,deathknight,unholy,12,5,7
1078,Cammykickbot,frostmourne,480,deathknight,unholy,12,5,7
1079,Aoshië,area-52,480,deathknight,unholy,12,5,7
1080,Gneanderthal,bloodscalp,480,deathknight,unholy,12,5,7
1081,Gatitos,ragnaros,480,deathknight,unholy,12,5,7
1082,Katakuri,azralon,480,deathknight,unholy,12,5,7
1083,Irreversible,zuljin,480,deathknight,unholy,12,5,7
1084,Yeahgood,frostmourne,480,deathknight,unholy,12,5,7
1085,Xariuz,quelthalas,480,deathknight,unholy,12,5,7
1086,Skotch,lightninghoof,480,deathknight,unholy,12,5,7
1087,Lîch,azralon,480,deathknight,unholy,12,5,7
1088,Ghrat,bleeding-hollow,480,deathknight,unholy,12,5,7
1089,Serathai,tichondrius,480,deathknight,unholy,12,5,7
1090,Deathpair,bleeding-hollow,480,deathknight,unholy,12,5,7
1091,Skulm,emerald-dream,480,deathknight,unholy,14,5,9
1092,Nurglet,proudmoore,480,deathknight,unholy,18,5,13
1093,Sevendeadly,frostmourne,480,deathknight,unholy,18,5,13
1094,Maskofwintrs,zuljin,480,deathknight,unholy,18,5,13
1095,Sylèss,tichondrius,480,deathknight,unholy,18,5,13
1096,Deathgimbo,hellscream,480,deathknight,unholy,18,5,13
1097,Dkinaboxx,hyjal,480,deathknight,unholy,18,5,13
1098,Nappão,azralon,480,deathknight,unholy,19,5,14
1099,Dementrius,zuljin,480,deathknight,unholy,25,5,20
1100,Extremepvp,aegwynn,479,deathknight,unholy,6,5,1
1101,Valkzy,malganis,479,deathknight,unholy,6,5,1
1102,Ahwooh,kelthuzad,479,deathknight,unholy,6,5,1
1103,Mefistô,quelthalas,479,deathknight,unholy,10,6,4
1104,Dijkstrap,tichondrius,479,deathknight,unholy,12,5,7
1105,Borgin,emerald-dream,479,deathknight,unholy,12,5,7
1106,Amaethyst,kelthuzad,479,deathknight,unholy,12,5,7
1107,Itired,tichondrius,479,deathknight,unholy,12,5,7
1108,Jojomcdeath,senjin,479,deathknight,unholy,12,5,7
1109,Jessefur,undermine,479,deathknight,unholy,12,5,7
1110,Joelfromuber,stormrage,479,deathknight,unholy,12,5,7
1111,Deathfearsme,kiljaeden,479,deathknight,unholy,12,5,7
1112,Caqw,akama,479,deathknight,unholy,12,5,7
1113,Pwnface,aerie-peak,479,deathknight,unholy,12,5,7
1114,Azombie,burning-blade,479,deathknight,unholy,12,5,7
1115,Nekrofeelyak,kelthuzad,479,deathknight,unholy,12,5,7
1116,Kramy,barthilas,479,deathknight,unholy,12,5,7
1117,Aborter,arthas,478,deathknight,unholy,12,5,7
1118,Jonnii,area-52,477,deathknight,unholy,12,5,7
1119,Acerbus,mannoroth,463,deathknight,unholy,17,5,12
1120,Megatrôn,malganis,463,deathknight,unholy,17,5,12
1121,Fishtouching,illidan,463,deathknight,unholy,17,5,12
1122,Lockstocked,dathremar,448,deathknight,unholy,10,6,4
1123,Faelmo,malganis,447,deathknight,unholy,11,5,6
1124,Iloveenzley,tichondrius,447,deathknight,unholy,11,5,6
1125,Prettyliched,area-52,447,deathknight,unholy,11,5,6
1126,Fearfull,hyjal,447,deathknight,unholy,11,5,6
1127,Hanung,tichondrius,447,deathknight,unholy,17,5,12
1128,Rodeon,azgalor,441,deathknight,unholy,12,5,7
1129,Sorry,ysera,432,deathknight,unholy,9,6,3
1130,Furiel,mugthol,430,deathknight,unholy,9,6,3
1131,Spôôn,aggramar,430,deathknight,unholy,11,5,6
1132,Maripaula,ragnaros,426,deathknight,unholy,23,7,16
1133,Dtrayn,tichondrius,416,deathknight,unholy,10,5,5
1134,Testifier,illidan,415,deathknight,unholy,8,5,3
1135,Higeki,area-52,415,deathknight,unholy,8,5,3
1136,Reighart,kiljaeden,415,deathknight,unholy,8,5,3
1137,Shiminy,chogall,415,deathknight,unholy,10,5,5
1138,Wuhán,proudmoore,414,deathknight,unholy,26,5,21
1139,Frostology,echo-isles,399,deathknight,unholy,5,5,0
1140,Zyzz,frostmourne,384,deathknight,unholy,6,4,2
1141,Metinchaff,shadowmoon,384,deathknight,unholy,6,4,2
1142,Hlw,tichondrius,384,deathknight,unholy,6,4,2
1143,Keator,tichondrius,384,deathknight,unholy,6,4,2
1144,Chooksknight,tichondrius,384,deathknight,unholy,6,4,2
1145,Assidik,dathremar,384,deathknight,unholy,6,4,2
1146,Nøzawkolypse,area-52,384,deathknight,unholy,6,4,2
1147,Ragnarøs,stormrage,384,deathknight,unholy,6,4,2
1148,Notiniquity,tichondrius,384,deathknight,unholy,6,4,2
1149,Futruth,khaz-modan,384,deathknight,unholy,6,4,2
1150,Sephirott,boulderfist,384,deathknight,unholy,6,4,2
1151,Whaleofwales,ysondre,384,deathknight,unholy,6,4,2
1152,Peacebringer,frostmourne,384,deathknight,unholy,6,4,2
1153,Vampygeizt,zuljin,384,deathknight,unholy,6,4,2
1154,Chillbruh,garrosh,384,deathknight,unholy,6,4,2
1155,Ðrift,azralon,384,deathknight,unholy,6,4,2
1156,Zèro,moonrunner,384,deathknight,unholy,6,4,2
1157,Mistmoorex,stormscale,384,deathknight,unholy,6,4,2
1158,Raynorr,dawnbringer,384,deathknight,unholy,6,4,2
1159,Murphu,stormrage,384,deathknight,unholy,6,4,2
1160,Zeathial,moon-guard,384,deathknight,unholy,6,4,2
1161,Koreandk,tichondrius,384,deathknight,unholy,6,4,2
1162,Logann,azralon,384,deathknight,unholy,6,4,2
1163,Sleezyfbaby,sargeras,384,deathknight,unholy,6,4,2
1164,Galthro,tichondrius,384,deathknight,unholy,6,4,2
1165,Tibocourtois,tichondrius,384,deathknight,unholy,6,4,2
1166,Darkswar,barthilas,384,deathknight,unholy,6,4,2
1167,Lxsol,illidan,384,deathknight,unholy,6,4,2
1168,Hiki,ragnaros,384,deathknight,unholy,6,4,2
1169,Cheliä,quelthalas,384,deathknight,unholy,6,4,2
1170,Pleasecakes,blood-furnace,384,deathknight,unholy,9,5,4
1171,Yeetmaster,area-52,384,deathknight,unholy,12,4,8
1172,Sonoftwodads,thrall,384,deathknight,unholy,12,4,8
1173,Tinylich,arthas,384,deathknight,unholy,12,4,8
1174,Hounura,dathremar,384,deathknight,unholy,12,4,8
1175,Cäin,dreadmaul,384,deathknight,unholy,12,4,8
1176,Nolderosdk,nemesis,384,deathknight,unholy,12,4,8
1177,Dkekk,illidan,384,deathknight,unholy,12,4,8
1178,Àrchøn,kelthuzad,384,deathknight,unholy,12,4,8
1179,Sylneria,elune,384,deathknight,unholy,12,4,8
1180,Dalka,laughing-skull,384,deathknight,unholy,12,4,8
1181,Wankekong,zuljin,384,deathknight,unholy,12,4,8
1182,Testamentxx,thunderlord,384,deathknight,unholy,12,4,8
1183,Mournehowl,stormrage,384,deathknight,unholy,12,4,8
1184,Infection,steamwheedle-cartel,384,deathknight,unholy,12,4,8
1185,Raakaa,ghostlands,384,deathknight,unholy,12,4,8
1186,Cokedrip,bleeding-hollow,384,deathknight,unholy,12,4,8
1187,Coronä,malfurion,384,deathknight,unholy,12,4,8
1188,Daellius,ragnaros,384,deathknight,unholy,12,4,8
1189,Annuvyz,darkspear,384,deathknight,unholy,12,4,8
1190,Furcht,gundrak,384,deathknight,unholy,12,4,8
1191,Ambagrips,frostmourne,384,deathknight,unholy,12,4,8
1192,Mardrank,stormrage,384,deathknight,unholy,12,4,8
1193,Bealzabub,sargeras,384,deathknight,unholy,12,4,8
1194,Noiksnow,azralon,384,deathknight,unholy,12,4,8
1195,Tirdinn,madoran,384,deathknight,unholy,12,4,8
1196,Nawis,quelthalas,384,deathknight,unholy,12,4,8
1197,Çorn,sargeras,384,deathknight,unholy,12,4,8
1198,Wúhan,moon-guard,384,deathknight,unholy,12,4,8
1199,Darkcata,tichondrius,384,deathknight,unholy,12,4,8
1200,Kárd,tichondrius,384,deathknight,unholy,12,4,8
1201,Capergrip,tichondrius,384,deathknight,unholy,12,4,8
1202,Grýmm,bonechewer,384,deathknight,unholy,12,4,8
1203,Eightamdk,tichondrius,384,deathknight,unholy,12,4,8
1204,Threehunned,frostmourne,384,deathknight,unholy,12,4,8
1205,Bjorstad,moon-guard,384,deathknight,unholy,12,4,8
1206,Sandooñ,tichondrius,384,deathknight,unholy,12,4,8
1207,Pharoahx,gurubashi,384,deathknight,unholy,12,4,8
1208,Tyrien,frostmane,384,deathknight,unholy,12,4,8
1209,Gazco,frostmourne,384,deathknight,unholy,12,4,8
1210,Dkjs,anetheron,384,deathknight,unholy,18,4,14
1211,Lho,caelestrasz,384,deathknight,unholy,18,4,14
1212,Drzièglér,tichondrius,384,deathknight,unholy,18,4,14
1213,Golgothic,sargeras,384,deathknight,unholy,18,4,14
1214,Avengis,bleeding-hollow,384,deathknight,unholy,18,4,14
1215,Keralius,stormrage,384,deathknight,unholy,18,4,14
1216,Sahaile,moon-guard,384,deathknight,unholy,18,4,14
1217,Turbotoxic,illidan,383,deathknight,unholy,6,4,2
1218,Flazzul,kiljaeden,383,deathknight,unholy,6,4,2
1219,Hitsüyi,quelthalas,383,deathknight,unholy,11,6,5
1220,Plaguedoctor,moon-guard,383,deathknight,unholy,12,4,8
1221,Demher,ragnaros,383,deathknight,unholy,12,4,8
1222,Optics,bleeding-hollow,383,deathknight,unholy,12,4,8
1223,Ziona,archimonde,383,deathknight,unholy,18,4,14
1224,Jinxtar,wyrmrest-accord,382,deathknight,unholy,6,4,2
1225,Hobyrt,bleeding-hollow,382,deathknight,unholy,6,4,2
1226,Eyedeas,emerald-dream,382,deathknight,unholy,12,4,8
1227,Stygiansiix,draenor,379,deathknight,unholy,12,4,8
1228,Brantodne,galakrond,379,deathknight,unholy,12,4,8
1229,Atakan,burning-blade,367,deathknight,unholy,11,4,7
1230,Gankhiss,emerald-dream,351,deathknight,unholy,11,4,7
1231,Azupo,aerie-peak,351,deathknight,unholy,14,5,9
1232,Zuum,kelthuzad,351,deathknight,unholy,17,4,13
1233,Zygon,thrall,336,deathknight,unholy,9,4,5
1234,Ahirek,quelthalas,320,deathknight,unholy,10,4,6
1235,Ekaj,azuremyst,319,deathknight,unholy,5,4,1
1236,Bosleigor,elune,304,deathknight,unholy,7,4,3
1237,Frenzza,frostmourne,288,deathknight,unholy,6,3,3
1238,Frostdest,kiljaeden,288,deathknight,unholy,6,3,3
1239,Blitzcreig,sargeras,288,deathknight,unholy,6,3,3
1240,Jorich,ragnaros,288,deathknight,unholy,6,3,3
1241,Viscerus,stormrage,288,deathknight,unholy,6,3,3
1242,Indraz,jubeithos,288,deathknight,unholy,6,3,3
1243,Dizzyswiftz,tichondrius,288,deathknight,unholy,6,3,3
1244,Ödens,dalaran,288,deathknight,unholy,6,3,3
1245,Feki,frostmourne,288,deathknight,unholy,6,3,3
1246,Mýrrh,wyrmrest-accord,288,deathknight,unholy,6,3,3
1247,Ariacy,sargeras,288,deathknight,unholy,6,3,3
1248,Vinaroth,kiljaeden,288,deathknight,unholy,6,3,3
1249,Sindragosa,dragonmaw,288,deathknight,unholy,6,3,3
1250,Sherank,akama,288,deathknight,unholy,6,3,3
1251,Siêgfriëd,ragnaros,288,deathknight,unholy,6,3,3
1252,Marash,moon-guard,288,deathknight,unholy,6,3,3
1253,Ego,blackrock,288,deathknight,unholy,6,3,3
1254,Jerkin,area-52,288,deathknight,unholy,6,3,3
1255,Archaná,stormrage,288,deathknight,unholy,6,3,3
1256,Mikeoxmaul,frostmourne,288,deathknight,unholy,6,3,3
1257,Zeenki,ragnaros,288,deathknight,unholy,6,3,3
1258,Necrotictko,tichondrius,288,deathknight,unholy,6,3,3
1259,Lafourche,sargeras,288,deathknight,unholy,6,3,3
1260,Adavynn,darkspear,288,deathknight,unholy,6,3,3
1261,Disritmia,stormrage,288,deathknight,unholy,6,3,3
1262,Ltoblivious,thrall,288,deathknight,unholy,6,3,3
1263,Shookdnation,suramar,288,deathknight,unholy,6,3,3
1264,Nifftybear,tichondrius,288,deathknight,unholy,6,3,3
1265,Chibalaloca,quelthalas,288,deathknight,unholy,6,3,3
1266,Llok,area-52,288,deathknight,unholy,6,3,3
1267,Pepecoomer,frostmourne,288,deathknight,unholy,6,3,3
1268,Wickedknîght,kelthuzad,288,deathknight,unholy,6,3,3
1269,Válak,stormrage,288,deathknight,unholy,6,3,3
1270,Plaguewar,thrall,288,deathknight,unholy,6,3,3
1271,Mawvac,quelthalas,288,deathknight,unholy,6,3,3
1272,Drippedout,illidan,288,deathknight,unholy,6,3,3
1273,Laeroth,zuluhed,288,deathknight,unholy,6,3,3
1274,Greizul,area-52,288,deathknight,unholy,6,3,3
1275,Malairia,area-52,288,deathknight,unholy,6,3,3
1276,Smokeyjoe,aegwynn,288,deathknight,unholy,6,3,3
1277,Vexmaw,twisting-nether,288,deathknight,unholy,6,3,3
1278,Alivaron,lothar,288,deathknight,unholy,6,3,3
1279,Rizzchimp,tichondrius,288,deathknight,unholy,6,3,3
1280,Lilpootie,tichondrius,288,deathknight,unholy,6,3,3
1281,Legendåryx,sargeras,288,deathknight,unholy,6,3,3
1282,Icefrost,ghostlands,288,deathknight,unholy,6,3,3
1283,Redrox,tichondrius,288,deathknight,unholy,6,3,3
1284,Pizy,frostmourne,288,deathknight,unholy,6,3,3
1285,Anderius,tichondrius,288,deathknight,unholy,6,3,3
1286,Trant,tichondrius,288,deathknight,unholy,6,3,3
1287,Petkick,tichondrius,288,deathknight,unholy,6,3,3
1288,Wapman,bloodhoof,288,deathknight,unholy,6,3,3
1289,Xhín,bleeding-hollow,288,deathknight,unholy,6,3,3
1290,Kossero,thunderlord,288,deathknight,unholy,6,3,3
1291,Mendoh,tichondrius,288,deathknight,unholy,6,3,3
1292,Deathlyvoid,sargeras,288,deathknight,unholy,6,3,3
1293,Darthkeefers,zuljin,288,deathknight,unholy,6,3,3
1294,Almatafh,azralon,288,deathknight,unholy,6,3,3
1295,Chrønnøz,nemesis,288,deathknight,unholy,6,3,3
1296,Micteca,moonrunner,288,deathknight,unholy,7,3,4
1297,Oroborus,korgath,288,deathknight,unholy,8,3,5
1298,Boomxic,shuhalo,288,deathknight,unholy,11,4,7
1299,Kaspbrak,destromath,288,deathknight,unholy,12,3,9
1300,Bloodemperor,malfurion,288,deathknight,unholy,12,3,9
1301,Gigabone,tichondrius,288,deathknight,unholy,12,3,9
1302,Garonse,wyrmrest-accord,288,deathknight,unholy,12,3,9
1303,Mongomongo,malganis,288,deathknight,unholy,12,3,9
1304,Morbo,proudmoore,288,deathknight,unholy,12,3,9
1305,Baracka,sargeras,288,deathknight,unholy,12,3,9
1306,Fokit,barthilas,288,deathknight,unholy,12,3,9
1307,Techneeq,tichondrius,288,deathknight,unholy,12,3,9
1308,Malthis,antonidas,288,deathknight,unholy,12,3,9
1309,Angerforge,illidan,288,deathknight,unholy,12,3,9
1310,Rottenqunt,tichondrius,288,deathknight,unholy,12,3,9
1311,Torsophuk,stormrage,288,deathknight,unholy,12,3,9
1312,Lolgriped,tichondrius,288,deathknight,unholy,12,3,9
1313,Chainsadeath,stormrage,288,deathknight,unholy,12,3,9
1314,Chosenrune,stormrage,288,deathknight,unholy,12,3,9
1315,Zerky,stormrage,288,deathknight,unholy,12,3,9
1316,Coldmilk,wyrmrest-accord,288,deathknight,unholy,12,3,9
1317,Danlorinis,moon-guard,288,deathknight,unholy,12,3,9
1318,Hynzst,barthilas,288,deathknight,unholy,12,3,9
1319,Shmoe,auchindoun,288,deathknight,unholy,12,3,9
1320,Chosenhero,stormrage,288,deathknight,unholy,12,3,9
1321,Gersinhu,azralon,288,deathknight,unholy,12,3,9
1322,Emotionaldam,area-52,288,deathknight,unholy,12,3,9
1323,Supermane,jubeithos,288,deathknight,unholy,12,3,9
1324,Coffeemilk,kiljaeden,288,deathknight,unholy,13,3,10
1325,Deathsent,malganis,288,deathknight,unholy,18,3,15
1326,Deadmedic,quelthalas,287,deathknight,unholy,6,3,3
1327,Kreachuer,lightbringer,287,deathknight,unholy,6,3,3
1328,Malovv,nemesis,287,deathknight,unholy,6,3,3
1329,Yafa,bonechewer,287,deathknight,unholy,9,4,5
1330,Chanskey,stormrage,287,deathknight,unholy,9,3,6
1331,Zedknight,emerald-dream,287,deathknight,unholy,15,4,11
1332,Morthul,tol-barad,287,deathknight,unholy,12,3,9
1333,Orthason,moon-guard,286,deathknight,unholy,6,3,3
1334,Soulgrinder,earthen-ring,286,deathknight,unholy,6,3,3
1335,Papparoach,ysera,286,deathknight,unholy,18,3,15
1336,Droko,thunderlord,285,deathknight,unholy,15,4,11
1337,Copy,suramar,271,deathknight,unholy,11,3,8
1338,Janoh,the-scryers,271,deathknight,unholy,11,3,8
1339,Milkdrugs,daggerspine,256,deathknight,unholy,10,3,7
1340,Guffles,tichondrius,256,deathknight,unholy,16,3,13
1341,Baskel,frostmane,255,deathknight,unholy,11,3,8
1342,Deathrowe,blackhand,240,deathknight,unholy,9,3,6
1343,Cryodemic,illidan,240,deathknight,unholy,9,3,6
1344,Leoprime,area-52,239,deathknight,unholy,5,3,2
1345,Dairboi,sargeras,239,deathknight,unholy,5,3,2
1346,Originalsin,tichondrius,239,deathknight,unholy,11,3,8
1347,Rompeimën,ragnaros,234,deathknight,unholy,11,6,5
1348,Ðëthbringër,jubeithos,223,deathknight,unholy,14,3,11
1349,Ayçe,proudmoore,208,deathknight,unholy,7,3,4
1350,Charabone,ragnaros,192,deathknight,unholy,4,3,1
1351,Chunkdk,stormrage,192,deathknight,unholy,4,3,1
1352,Spotsdk,hyjal,192,deathknight,unholy,6,2,4
1353,Kangsewooks,tichondrius,192,deathknight,unholy,6,2,4
1354,Cailras,argent-dawn,192,deathknight,unholy,6,2,4
1355,Dkdkdkdkdk,chromaggus,192,deathknight,unholy,6,2,4
1356,Questíonable,arthas,192,deathknight,unholy,6,2,4
1357,Grimreminder,zuljin,192,deathknight,unholy,6,2,4
1358,Mako,garithos,192,deathknight,unholy,6,2,4
1359,Bogoraptor,emerald-dream,192,deathknight,unholy,6,2,4
1360,Bnasty,arthas,192,deathknight,unholy,6,2,4
1361,Deathhimself,moonrunner,192,deathknight,unholy,6,2,4
1362,Rockadeath,sargeras,192,deathknight,unholy,6,2,4
1363,Ðreak,azralon,192,deathknight,unholy,6,2,4
1364,Superjessdk,area-52,192,deathknight,unholy,6,2,4
1365,Corscadden,zuljin,192,deathknight,unholy,6,2,4
1366,Orbo,elune,192,deathknight,unholy,6,2,4
1367,Kmardk,area-52,192,deathknight,unholy,6,2,4
1368,Ahmisu,tichondrius,192,deathknight,unholy,6,2,4
1369,Mythandour,shandris,192,deathknight,unholy,6,2,4
1370,Sieg,goldrinn,192,deathknight,unholy,6,2,4
1371,Nightdaddyy,laughing-skull,192,deathknight,unholy,6,2,4
1372,Mesx,tichondrius,192,deathknight,unholy,6,2,4
1373,Twocolors,gilneas,192,deathknight,unholy,6,2,4
1374,Disturbedtwo,azralon,192,deathknight,unholy,6,2,4
1375,Supfam,tichondrius,192,deathknight,unholy,6,2,4
1376,Balstan,tichondrius,192,deathknight,unholy,6,2,4
1377,Otr,wyrmrest-accord,192,deathknight,unholy,6,2,4
1378,Orcazmic,area-52,192,deathknight,unholy,6,2,4
1379,Bealzabubb,sargeras,192,deathknight,unholy,6,2,4
1380,Dkgrrick,bleeding-hollow,192,deathknight,unholy,6,2,4
1381,Doomdk,azralon,192,deathknight,unholy,6,2,4
1382,Benweth,dalaran,192,deathknight,unholy,6,2,4
1383,Kookx,tichondrius,192,deathknight,unholy,6,2,4
1384,Chandsformer,tichondrius,192,deathknight,unholy,6,2,4
1385,Saraphdk,area-52,192,deathknight,unholy,6,2,4
1386,Dkb,drakthul,192,deathknight,unholy,6,2,4
1387,Tristam,area-52,192,deathknight,unholy,6,2,4
1388,Gusabio,drakkari,192,deathknight,unholy,6,2,4
1389,Teedk,drakthul,192,deathknight,unholy,6,2,4
1390,Junepí,stormrage,192,deathknight,unholy,6,2,4
1391,Moonkhink,stormrage,192,deathknight,unholy,6,2,4
1392,Lubmuscle,illidan,192,deathknight,unholy,6,2,4
1393,Weedseagull,dragonmaw,192,deathknight,unholy,6,2,4
1394,Vlladimir,kelthuzad,192,deathknight,unholy,6,2,4
1395,Kniightdkk,kelthuzad,192,deathknight,unholy,6,2,4
1396,Tbop,ragnaros,192,deathknight,unholy,6,2,4
1397,Onsslaught,sargeras,192,deathknight,unholy,6,2,4
1398,Eastcoast,azuremyst,192,deathknight,unholy,6,2,4
1399,Lunatick,darkspear,192,deathknight,unholy,6,2,4
1400,Spaxz,illidan,192,deathknight,unholy,6,2,4
1401,Gooré,ragnaros,192,deathknight,unholy,6,2,4
1402,Válhállá,ragnaros,192,deathknight,unholy,6,2,4
1403,Fatmamma,ragnaros,192,deathknight,unholy,6,2,4
1404,Mistake,ragnaros,192,deathknight,unholy,6,2,4
1405,Hastë,proudmoore,192,deathknight,unholy,6,2,4
1406,Zerodk,kelthuzad,192,deathknight,unholy,6,2,4
1407,Wheybolic,quelthalas,192,deathknight,unholy,6,2,4
1408,Uncoachablex,illidan,192,deathknight,unholy,6,2,4
1409,Semisoftbody,malganis,192,deathknight,unholy,6,2,4
1410,Menalise,moon-guard,192,deathknight,unholy,6,2,4
1411,Poubelle,malganis,192,deathknight,unholy,6,2,4
1412,Zilli,blackrock,192,deathknight,unholy,6,2,4
1413,Ralphpootawn,illidan,192,deathknight,unholy,6,2,4
1414,Afkftwok,illidan,192,deathknight,unholy,6,2,4
1415,Dustknight,sargeras,192,deathknight,unholy,6,2,4
1416,Fizzease,illidan,192,deathknight,unholy,6,2,4
1417,Dhaarok,malganis,192,deathknight,unholy,6,2,4
1418,Havasu,proudmoore,192,deathknight,unholy,6,2,4
1419,Boogers,cenarion-circle,192,deathknight,unholy,6,2,4
1420,Rakelan,area-52,192,deathknight,unholy,6,2,4
1421,Blooddisease,frostmourne,192,deathknight,unholy,6,2,4
1422,Mossó,tichondrius,192,deathknight,unholy,6,2,4
1423,Lìlith,dreadmaul,192,deathknight,unholy,6,2,4
1424,Geth,sargeras,192,deathknight,unholy,6,2,4
1425,Kranaz,barthilas,192,deathknight,unholy,6,2,4
1426,Atheion,the-underbog,192,deathknight,unholy,6,2,4
1427,Stteve,proudmoore,192,deathknight,unholy,12,2,10
1428,Cow,sargeras,192,deathknight,unholy,12,2,10
1429,Chachea,kiljaeden,192,deathknight,unholy,12,2,10
1430,Corzmaen,illidan,192,deathknight,unholy,12,2,10
1431,Mystery,wyrmrest-accord,192,deathknight,unholy,12,2,10
1432,Longlnus,malganis,192,deathknight,unholy,12,2,10
1433,Tacofoxlol,tichondrius,192,deathknight,unholy,12,2,10
1434,Nubsz,zuljin,192,deathknight,unholy,12,2,10
1435,Maliceborn,stormrage,192,deathknight,unholy,12,2,10
1436,Scythê,barthilas,192,deathknight,unholy,12,2,10
1437,Monesy,tichondrius,192,deathknight,unholy,12,2,10
1438,Lunaxx,ragnaros,192,deathknight,unholy,12,2,10
1439,Ðìvíne,illidan,192,deathknight,unholy,12,2,10
1440,Giraldus,stormrage,192,deathknight,unholy,12,2,10
1441,Ovulating,malganis,192,deathknight,unholy,12,2,10
1442,Nightrose,skullcrusher,192,deathknight,unholy,12,2,10
1443,Dixqt,deathwing,192,deathknight,unholy,12,2,10
1444,Rykard,hyjal,192,deathknight,unholy,12,2,10
1445,Drdeathz,sargeras,191,deathknight,unholy,6,2,4
1446,Ghoulorama,illidan,191,deathknight,unholy,6,2,4
1447,Mormonpest,illidan,191,deathknight,unholy,6,2,4
1448,Larrisey,illidan,191,deathknight,unholy,6,2,4
1449,Headbustr,sargeras,191,deathknight,unholy,6,2,4
1450,Vynjonc,drenden,191,deathknight,unholy,6,2,4
1451,Glacíuss,ragnaros,138,deathknight,unholy,9,4,5
1452,Patchi,area-52,138,deathknight,unholy,14,4,10
1453,Plutonyus,stonemaul,128,deathknight,unholy,4,2,2
1454,Abake,illidan,96,deathknight,unholy,6,1,5
1455,Deathscyythe,illidan,96,deathknight,unholy,6,1,5
1456,Lichhbanne,doomhammer,96,deathknight,unholy,6,1,5
1457,Sever,demon-soul,96,deathknight,unholy,6,1,5
1458,Requísition,barthilas,96,deathknight,unholy,6,1,5
1459,Wacktony,illidan,96,deathknight,unholy,6,1,5
1460,Rgn,deathwing,96,deathknight,unholy,6,1,5
1461,Zenin,emerald-dream,96,deathknight,unholy,6,1,5
1462,Drip,whisperwind,96,deathknight,unholy,6,1,5
1463,Lazynome,azshara,96,deathknight,unholy,6,1,5
1464,Ryannë,azshara,96,deathknight,unholy,6,1,5
1465,Amö,emerald-dream,96,deathknight,unholy,6,1,5
1466,Gröxxigor,azralon,96,deathknight,unholy,6,1,5
1467,Dknightor,dalaran,96,deathknight,unholy,6,1,5
1468,Ziedrich,sargeras,96,deathknight,unholy,6,1,5
1469,Bulltille,azralon,96,deathknight,unholy,6,1,5
1470,Hunwild,emerald-dream,96,deathknight,unholy,6,1,5
1471,Shxtlørdx,stormrage,96,deathknight,unholy,6,1,5
1472,Bealzabbub,sargeras,96,deathknight,unholy,6,1,5
1473,Fantabanana,azralon,96,deathknight,unholy,6,1,5
1474,Argy,zuljin,96,deathknight,unholy,6,1,5
1475,Yorishomi,sargeras,96,deathknight,unholy,6,1,5
1476,Raicoron,zuljin,96,deathknight,unholy,6,1,5
1477,Tarone,zuljin,96,deathknight,unholy,6,1,5
1478,Distrolldk,zuljin,96,deathknight,unholy,6,1,5
1479,Dontbanmepls,zuljin,96,deathknight,unholy,6,1,5
1480,Grimorra,bleeding-hollow,96,deathknight,unholy,6,1,5
1481,Diviniums,bleeding-hollow,96,deathknight,unholy,6,1,5
1482,Rotfang,elune,96,deathknight,unholy,6,1,5
1483,Krw,stormrage,96,deathknight,unholy,6,1,5
1484,Nachohands,laughing-skull,96,deathknight,unholy,6,1,5
1485,Vicedro,arthas,96,deathknight,unholy,6,1,5
1486,Axiom,nemesis,96,deathknight,unholy,6,1,5
1487,Dethklòk,area-52,96,deathknight,unholy,6,1,5
1488,Zalåel,area-52,96,deathknight,unholy,6,1,5
1489,Percy,thaurissan,96,deathknight,unholy,6,1,5
1490,Terrethess,illidan,96,deathknight,unholy,6,1,5
1491,Sandolorian,area-52,96,deathknight,unholy,6,1,5
1492,Snipestrike,area-52,96,deathknight,unholy,6,1,5
1493,Istery,thrall,96,deathknight,unholy,6,1,5
1494,Kìrìtó,malygos,96,deathknight,unholy,6,1,5
1495,Artyboy,icecrown,96,deathknight,unholy,6,1,5
1496,Plaguedoctor,thrall,96,deathknight,unholy,6,1,5
1497,Report,dathremar,96,deathknight,unholy,6,1,5
1498,ßlazedkush,kelthuzad,96,deathknight,unholy,6,1,5
1499,Ishamaael,tichondrius,96,deathknight,unholy,6,1,5
1500,Andivh,hydraxis,96,deathknight,unholy,6,1,5
1501,Hushima,lightbringer,96,deathknight,unholy,6,1,5
1502,Dreadwraith,malganis,96,deathknight,unholy,6,1,5
1503,Apeirøn,quelthalas,96,deathknight,unholy,6,1,5
1504,Dheyqu,quelthalas,96,deathknight,unholy,6,1,5
1505,Alexanderz,quelthalas,96,deathknight,unholy,6,1,5
1506,Apocalypsis,uldum,96,deathknight,unholy,6,1,5
1507,Tìtø,ragnaros,96,deathknight,unholy,6,1,5
1508,Stormsick,ragnaros,96,deathknight,unholy,6,1,5
1509,Vorlakesh,boulderfist,96,deathknight,unholy,6,1,5
1510,Neofrank,drakkari,96,deathknight,unholy,6,1,5
1511,Azryull,perenolde,96,deathknight,unholy,6,1,5
1512,Worgenracist,tichondrius,96,deathknight,unholy,6,1,5
1513,Iluvbooty,blackrock,96,deathknight,unholy,6,1,5
1514,Alayssia,darkspear,96,deathknight,unholy,6,1,5
1515,Gnargnarr,firetree,96,deathknight,unholy,6,1,5
1516,Otarin,tichondrius,96,deathknight,unholy,6,1,5
1517,Testitickler,gurubashi,96,deathknight,unholy,6,1,5
1518,Almostdead,proudmoore,96,deathknight,unholy,6,1,5
1519,Bein,frostmourne,96,deathknight,unholy,6,1,5
1520,Vicesquad,tichondrius,96,deathknight,unholy,6,1,5
1521,Heavic,skywall,96,deathknight,unholy,6,1,5
1522,Veslemes,tichondrius,96,deathknight,unholy,6,1,5
1523,Moldremover,frostmourne,96,deathknight,unholy,6,1,5
1524,Dreâmer,tichondrius,96,deathknight,unholy,6,1,5
1525,Vinsval,tichondrius,96,deathknight,unholy,6,1,5
1526,Perculës,sargeras,96,deathknight,unholy,7,1,6
1527,Aqs,sargeras,96,deathknight,unholy,9,1,8
1528,Xeroxoxo,khadgar,96,deathknight,unholy,12,1,11
1529,Blowout,barthilas,96,deathknight,unholy,12,1,11
1530,Klàssy,stormrage,96,deathknight,unholy,12,1,11
1531,Wkxx,tichondrius,96,deathknight,unholy,12,1,11
1532,Skadattle,emerald-dream,96,deathknight,unholy,12,1,11
1533,Dípero,azralon,96,deathknight,unholy,12,1,11
1534,Darnkiller,kelthuzad,96,deathknight,unholy,18,1,17
1535,Funerall,azralon,95,deathknight,unholy,12,1,11
1536,Explorer,kelthuzad,64,deathknight,unholy,4,1,3
1537,Asfaq,frostmourne,63,deathknight,unholy,2,2,0
1538,Deanz,stormrage,63,deathknight,unholy,2,2,0
1539,Weebfiend,moon-guard,63,deathknight,unholy,8,2,6
1540,Spleem,stormrage,48,deathknight,unholy,3,1,2
1541,Lördd,moon-guard,42,deathknight,unholy,11,3,8
1542,Harrypottr,darrowmere,42,deathknight,unholy,8,2,6
1543,Lücìfër,illidan,31,deathknight,unholy,2,1,1
1544,Doomstrike,azuremyst,16,deathknight,unholy,1,1,0
1545,Pookr,area-52,2214,deathknight,frost,355,180,175
1546,Yoinkzz,illidan,2167,deathknight,frost,113,58,55
1547,Sylèss,tichondrius,2005,deathknight,frost,114,63,51
1548,Thânätos,nemesis,1980,deathknight,frost,84,44,40
1549,Runtasticxz,tichondrius,1975,deathknight,frost,77,38,39
1550,Raiekko,dalaran,1888,deathknight,frost,68,33,35
1551,Duranteh,illidan,1881,deathknight,frost,60,32,28
1552,Venvicta,tichondrius,1850,deathknight,frost,44,31,13
1553,Saco,malganis,1845,deathknight,frost,110,62,48
1554,Scareth,proudmoore,1823,deathknight,frost,46,27,19
1555,Xelonith,sargeras,1823,deathknight,frost,48,26,22
1556,Iccyhottie,stormrage,1823,deathknight,frost,322,170,152
1557,Deaddubya,illidan,1815,deathknight,frost,63,40,23
1558,Gladiaturd,hellscream,1809,deathknight,frost,88,45,43
1559,Mikeycal,stormrage,1805,deathknight,frost,66,34,32
1560,Axiomqt,tichondrius,1805,deathknight,frost,78,37,41
1561,Chillbaynê,the-scryers,1754,deathknight,frost,36,22,14
1562,Grippygarý,illidan,1754,deathknight,frost,54,26,28
1563,Unhappyvelic,tichondrius,1751,deathknight,frost,63,32,31
1564,Ksmc,tichondrius,1740,deathknight,frost,54,27,27
1565,Fastapi,tichondrius,1737,deathknight,frost,90,41,49
1566,Dkyeico,ragnaros,1735,deathknight,frost,96,46,50
1567,Sober,destromath,1712,deathknight,frost,95,48,47
1568,Devcoil,sargeras,1706,deathknight,frost,54,22,32
1569,Mikepinkdk,illidan,1700,deathknight,frost,81,43,38
1570,Kryptikkyt,blackrock,1694,deathknight,frost,24,18,6
1571,Skullash,stormrage,1676,deathknight,frost,54,33,21
1572,Frosthana,illidan,1671,deathknight,frost,120,58,62
1573,Jykupajr,proudmoore,1669,deathknight,frost,66,29,37
1574,Gràkk,illidan,1667,deathknight,frost,42,21,21
1575,Remanent,tichondrius,1664,deathknight,frost,77,39,38
1576,Crink,sargeras,1658,deathknight,frost,47,24,23
1577,Onsslaught,sargeras,1658,deathknight,frost,48,18,30
1578,Menalise,moon-guard,1650,deathknight,frost,42,22,20
1579,Deathboost,stormrage,1647,deathknight,frost,75,33,42
1580,Børeas,quelthalas,1645,deathknight,frost,96,43,53
1581,Gkdm,tichondrius,1643,deathknight,frost,42,21,21
1582,Tzepesci,hyjal,1626,deathknight,frost,58,26,32
1583,Zemzil,tichondrius,1617,deathknight,frost,68,33,35
1584,Sinizster,kelthuzad,1615,deathknight,frost,31,18,13
1585,Ebolaxd,area-52,1614,deathknight,frost,42,21,21
1586,Rekktless,aerie-peak,1613,deathknight,frost,72,37,35
1587,Fußuky,quelthalas,1594,deathknight,frost,76,39,37
1588,Darkwraith,illidan,1576,deathknight,frost,54,29,25
1589,Worgenracist,tichondrius,1566,deathknight,frost,59,24,35
1590,Legendåryx,sargeras,1552,deathknight,frost,36,23,13
1591,Corrpsse,tichondrius,1549,deathknight,frost,93,52,41
1592,Zenin,emerald-dream,1543,deathknight,frost,62,31,31
1593,Imfrozone,stormrage,1542,deathknight,frost,53,26,27
1594,Grakth,quelthalas,1527,deathknight,frost,66,37,29
1595,Rembrandtdk,gorefiend,1524,deathknight,frost,84,46,38
1596,Jimmyjohnson,illidan,1521,deathknight,frost,83,48,35
1597,Uzgard,zuljin,1517,deathknight,frost,65,38,27
1598,Deadspellz,bleeding-hollow,1516,deathknight,frost,42,17,25
1599,Gordiie,stormrage,1514,deathknight,frost,86,47,39
1600,Dromidon,darkspear,1511,deathknight,frost,47,24,23
1601,Deathzpeckt,tichondrius,1502,deathknight,frost,48,19,29
1602,Iriwa,tichondrius,1498,deathknight,frost,42,16,26
1603,Report,dathremar,1494,deathknight,frost,75,38,37
1604,Vãl,sargeras,1488,deathknight,frost,269,131,138
1605,Emanuels,quelthalas,1468,deathknight,frost,80,41,39
1606,Trødz,tichondrius,1468,deathknight,frost,87,42,45
1607,Plaw,kiljaeden,1467,deathknight,frost,29,16,13
1608,Lho,caelestrasz,1465,deathknight,frost,107,54,53
1609,Algeross,dalaran,1461,deathknight,frost,114,52,62
1610,Tangarang,dalaran,1457,deathknight,frost,92,45,47
1611,Vust,malganis,1454,deathknight,frost,42,23,19
1612,Dekanok,korgath,1452,deathknight,frost,30,16,14
1613,Percy,thaurissan,1450,deathknight,frost,187,84,103
1614,Jazh,tichondrius,1441,deathknight,frost,59,23,36
1615,Umbramane,tichondrius,1438,deathknight,frost,39,19,20
1616,Iskandàr,ragnaros,1435,deathknight,frost,32,16,16
1617,Abrahams,tichondrius,1427,deathknight,frost,100,48,52
1618,Icewalløw,darkspear,1417,deathknight,frost,24,15,9
1619,Ðerion,stormrage,1414,deathknight,frost,134,59,75
1620,Rylas,destromath,1407,deathknight,frost,108,55,53
1621,Vuldy,blackhand,1396,deathknight,frost,30,17,13
1622,Eldavò,quelthalas,1393,deathknight,frost,60,25,35
1623,Biggil,tichondrius,1389,deathknight,frost,32,20,12
1624,Dkbunny,thaurissan,1388,deathknight,frost,42,15,27
1625,Khalid,azgalor,1376,deathknight,frost,54,23,31
1626,Sécret,tichondrius,1375,deathknight,frost,30,18,12
1627,Clongeus,tichondrius,1374,deathknight,frost,54,25,29
1628,Sinyay,tichondrius,1370,deathknight,frost,82,48,34
1629,Theronguard,area-52,1370,deathknight,frost,60,28,32
1630,Nevermor,malganis,1362,deathknight,frost,104,53,51
1631,Ellipsoro,onyxia,1362,deathknight,frost,78,35,43
1632,Sandooñ,tichondrius,1359,deathknight,frost,138,67,71
1633,Ântipaladin,arthas,1355,deathknight,frost,30,17,13
1634,Gwab,stormrage,1354,deathknight,frost,48,20,28
1635,Janzano,deathwing,1350,deathknight,frost,26,15,11
1636,Eloton,daggerspine,1350,deathknight,frost,35,18,17
1637,Thetalis,moon-guard,1346,deathknight,frost,78,38,40
1638,Tekc,nemesis,1345,deathknight,frost,138,68,70
1639,Xhín,bleeding-hollow,1336,deathknight,frost,24,14,10
1640,Clapdat,malganis,1335,deathknight,frost,114,56,58
1641,Himanshu,emerald-dream,1331,deathknight,frost,42,20,22
1642,Kruspy,area-52,1324,deathknight,frost,53,27,26
1643,Freshzzk,azralon,1324,deathknight,frost,48,23,25
1644,Dontbanmepls,zuljin,1318,deathknight,frost,30,14,16
1645,Alexeous,wyrmrest-accord,1304,deathknight,frost,127,57,70
1646,Bridenbrad,quelthalas,1299,deathknight,frost,27,17,10
1647,Iceice,emerald-dream,1293,deathknight,frost,114,53,61
1648,Friggintough,tichondrius,1291,deathknight,frost,39,18,21
1649,Sporkdk,illidan,1277,deathknight,frost,53,20,33
1650,Estali,kelthuzad,1272,deathknight,frost,110,51,59
1651,Abake,illidan,1267,deathknight,frost,62,30,32
1652,Lichborn,azralon,1265,deathknight,frost,65,26,39
1653,Alexanderz,quelthalas,1264,deathknight,frost,36,15,21
1654,Darketvam,illidan,1261,deathknight,frost,46,28,18
1655,Flins,nemesis,1256,deathknight,frost,456,230,226
1656,Bâttalion,illidan,1237,deathknight,frost,30,13,17
1657,Rayden,frostmourne,1235,deathknight,frost,24,13,11
1658,Yödä,barthilas,1235,deathknight,frost,36,14,22
1659,Bossk,emerald-dream,1229,deathknight,frost,30,13,17
1660,Spoon,sargeras,1223,deathknight,frost,70,33,37
1661,Darkdeviliv,darkspear,1214,deathknight,frost,59,29,30
1662,Parksy,kelthuzad,1211,deathknight,frost,29,14,15
1663,Verhangnis,azjolnerub,1210,deathknight,frost,31,16,15
1664,Mexe,ragnaros,1206,deathknight,frost,44,21,23
1665,Seeyoudiebr,gallywix,1190,deathknight,frost,42,17,25
1666,Zefdk,illidan,1186,deathknight,frost,48,27,21
1667,Barrodir,tichondrius,1183,deathknight,frost,81,40,41
1668,Darfik,sargeras,1177,deathknight,frost,120,65,55
1669,Dkptador,azralon,1174,deathknight,frost,166,81,85
1670,Darkreígn,tichondrius,1171,deathknight,frost,71,33,38
1671,Jackofblades,veknilash,1168,deathknight,frost,78,37,41
1672,Renathâ,ragnaros,1167,deathknight,frost,42,15,27
1673,Jordankg,tanaris,1165,deathknight,frost,41,16,25
1674,Lîch,azralon,1157,deathknight,frost,63,24,39
1675,Lospollos,tichondrius,1156,deathknight,frost,54,19,35
1676,Tìtø,ragnaros,1151,deathknight,frost,24,12,12
1677,Lxsol,illidan,1149,deathknight,frost,18,12,6
1678,Soulfang,nemesis,1146,deathknight,frost,60,28,32
1679,Tambaknight,nemesis,1146,deathknight,frost,44,15,29
1680,Laumuelden,ragnaros,1143,deathknight,frost,48,17,31
1681,Janco,runetotem,1141,deathknight,frost,24,12,12
1682,Frostunholy,tichondrius,1140,deathknight,frost,24,12,12
1683,Gripnpull,tichondrius,1137,deathknight,frost,24,12,12
1684,Hiki,ragnaros,1134,deathknight,frost,30,12,18
1685,Kace,amanthul,1130,deathknight,frost,66,34,32
1686,Achilleo,quelthalas,1115,deathknight,frost,24,12,12
1687,Pembadk,tichondrius,1110,deathknight,frost,33,14,19
1688,Jawyn,area-52,1096,deathknight,frost,30,12,18
1689,Ârtas,uldum,1090,deathknight,frost,39,16,23
1690,Carecaa,azralon,1090,deathknight,frost,36,13,23
1691,Moonnwater,frostmourne,1087,deathknight,frost,84,43,41
1692,Sephirott,boulderfist,1086,deathknight,frost,35,19,16
1693,Rohdey,madoran,1082,deathknight,frost,72,25,47
1694,Dantte,stormscale,1080,deathknight,frost,59,31,28
1695,Garryxz,quelthalas,1077,deathknight,frost,22,12,10
1696,Griswold,windrunner,1069,deathknight,frost,34,18,16
1697,Darkdevilvii,tichondrius,1069,deathknight,frost,66,33,33
1698,Metaphysicsx,amanthul,1069,deathknight,frost,32,16,16
1699,Mawvac,quelthalas,1069,deathknight,frost,72,33,39
1700,Zephyx,lightbringer,1056,deathknight,frost,18,11,7
1701,Vigasick,azralon,1056,deathknight,frost,24,11,13
1702,Toxismall,zuljin,1056,deathknight,frost,24,11,13
1703,Ariacy,sargeras,1056,deathknight,frost,24,11,13
1704,Dunduner,tichondrius,1055,deathknight,frost,18,11,7
1705,Puppykisses,perenolde,1055,deathknight,frost,24,11,13
1706,Azhid,tichondrius,1054,deathknight,frost,18,11,7
1707,Bizdale,frostmourne,1054,deathknight,frost,18,11,7
1708,Jhonnsnow,frostmourne,1051,deathknight,frost,24,11,13
1709,Nalz,drakkari,1050,deathknight,frost,30,11,19
1710,Dregdar,emerald-dream,1049,deathknight,frost,18,11,7
1711,Tightann,stormrage,1047,deathknight,frost,24,11,13
1712,Malovv,nemesis,1042,deathknight,frost,18,12,6
1713,Roarbane,muradin,1030,deathknight,frost,54,29,25
1714,Janoh,the-scryers,1021,deathknight,frost,44,19,25
1715,Vanyor,wyrmrest-accord,1009,deathknight,frost,62,21,41
1716,Zarathraz,ragnaros,1004,deathknight,frost,23,11,12
1717,Eliagianluca,caelestrasz,1003,deathknight,frost,71,32,39
1718,Dreekon,bleeding-hollow,992,deathknight,frost,21,12,9
1719,Bullbanger,runetotem,987,deathknight,frost,24,14,10
1720,Icedmilk,zuluhed,982,deathknight,frost,25,14,11
1721,Tarone,zuljin,981,deathknight,frost,27,14,13
1722,Vorlakesh,boulderfist,979,deathknight,frost,22,11,11
1723,Sakaarr,bleeding-hollow,974,deathknight,frost,48,21,27
1724,Skittsdk,thrall,966,deathknight,frost,24,12,12
1725,Ciputra,blood-furnace,962,deathknight,frost,53,27,26
1726,Tokyotimxx,malganis,958,deathknight,frost,18,10,8
1727,Thetissuebox,emerald-dream,958,deathknight,frost,18,10,8
1728,Frosqt,queldorei,957,deathknight,frost,12,10,2
1729,Toothstick,stormrage,957,deathknight,frost,18,10,8
1730,Amarlana,mannoroth,957,deathknight,frost,18,10,8
1731,Serwestley,stormrage,956,deathknight,frost,18,10,8
1732,Necrósy,azralon,955,deathknight,frost,18,10,8
1733,Axylus,kelthuzad,953,deathknight,frost,18,10,8
1734,Raegywn,blood-furnace,952,deathknight,frost,24,10,14
1735,Úndead,barthilas,943,deathknight,frost,18,10,8
1736,Larrisey,illidan,940,deathknight,frost,33,18,15
1737,ßlazedkush,kelthuzad,933,deathknight,frost,30,13,17
1738,Kraige,tichondrius,933,deathknight,frost,30,10,20
1739,Blooddisease,frostmourne,926,deathknight,frost,23,10,13
1740,Grimmr,tichondrius,912,deathknight,frost,23,10,13
1741,Fokit,barthilas,897,deathknight,frost,58,28,30
1742,Sandolorian,area-52,892,deathknight,frost,24,10,14
1743,Kallugrax,kelthuzad,885,deathknight,frost,42,16,26
1744,Wahpow,frostwolf,864,deathknight,frost,12,9,3
1745,Lokitabeso,ragnaros,864,deathknight,frost,12,9,3
1746,Beliath,crushridge,864,deathknight,frost,23,9,14
1747,Lazenca,malganis,863,deathknight,frost,18,9,9
1748,Garbage,sargeras,863,deathknight,frost,18,9,9
1749,Zarakas,sargeras,863,deathknight,frost,24,9,15
1750,Kekkijutsu,bleeding-hollow,862,deathknight,frost,12,9,3
1751,Zivz,borean-tundra,862,deathknight,frost,12,9,3
1752,Thesseo,quelthalas,862,deathknight,frost,18,9,9
1753,Surcäfauces,ragnaros,862,deathknight,frost,21,10,11
1754,Chicnchsteak,tichondrius,862,deathknight,frost,30,9,21
1755,Jasmíne,vashj,861,deathknight,frost,12,9,3
1756,Urieen,gorefiend,861,deathknight,frost,18,9,9
1757,Lókhä,thrall,860,deathknight,frost,18,9,9
1758,Tarknok,moon-guard,858,deathknight,frost,18,9,9
1759,Sllice,aegwynn,858,deathknight,frost,24,9,15
1760,Helguarde,dragonblight,853,deathknight,frost,30,13,17
1761,Frrost,earthen-ring,845,deathknight,frost,25,10,15
1762,Whoopsies,sargeras,844,deathknight,frost,36,10,26
1763,Wartodeath,illidan,843,deathknight,frost,18,9,9
1764,Krowl,nagrand,834,deathknight,frost,18,9,9
1765,Madorderog,stormrage,834,deathknight,frost,34,15,19
1766,Dèadpool,blackhand,828,deathknight,frost,18,9,9
1767,Loverianed,aerie-peak,828,deathknight,frost,160,68,92
1768,Uncfester,onyxia,823,deathknight,frost,18,9,9
1769,Bigdkk,thaurissan,816,deathknight,frost,24,9,15
1770,Ztrain,proudmoore,814,deathknight,frost,17,9,8
1771,Neofrank,drakkari,802,deathknight,frost,60,16,44
1772,Neowolf,azgalor,776,deathknight,frost,41,10,31
1773,Havince,drenden,768,deathknight,frost,12,8,4
1774,Shobiz,barthilas,768,deathknight,frost,12,8,4
1775,Lokítabesos,ragnaros,768,deathknight,frost,12,8,4
1776,Lokitaßesos,ragnaros,768,deathknight,frost,12,8,4
1777,Denale,darkspear,768,deathknight,frost,18,8,10
1778,Incanis,moon-guard,767,deathknight,frost,18,8,10
1779,Shubertx,tichondrius,767,deathknight,frost,18,8,10
1780,Ruggair,proudmoore,767,deathknight,frost,18,8,10
1781,Freemoney,wyrmrest-accord,766,deathknight,frost,12,8,4
1782,Kerigann,moon-guard,766,deathknight,frost,12,8,4
1783,Artourias,wyrmrest-accord,766,deathknight,frost,12,8,4
1784,Gypo,scilla,766,deathknight,frost,12,8,4
1785,Dhrogar,moon-guard,762,deathknight,frost,12,8,4
1786,Amauqsun,bleeding-hollow,762,deathknight,frost,18,8,10
1787,Dyingwolf,ragnaros,761,deathknight,frost,18,8,10
1788,Jyantdeck,area-52,760,deathknight,frost,13,8,5
1789,Zarolden,tichondrius,759,deathknight,frost,24,8,16
1790,Twicecursed,kelthuzad,758,deathknight,frost,18,8,10
1791,Fexon,queldorei,758,deathknight,frost,33,10,23
1792,Nagaizao,nemesis,757,deathknight,frost,18,8,10
1793,Hansmclroy,trollbane,738,deathknight,frost,24,8,16
1794,Monglord,arthas,733,deathknight,frost,27,9,18
1795,Russkivolk,frostmourne,688,deathknight,frost,19,8,11
1796,Dumbledore,deathwing,672,deathknight,frost,12,7,5
1797,Insanity,boulderfist,672,deathknight,frost,12,7,5
1798,Brutos,thrall,672,deathknight,frost,12,7,5
1799,Chillpills,stormrage,672,deathknight,frost,18,7,11
1800,Anexdk,korgath,672,deathknight,frost,18,7,11
1801,Bersolgens,illidan,671,deathknight,frost,12,7,5
1802,Mordekeiser,wyrmrest-accord,671,deathknight,frost,18,7,11
1803,Unholycube,zuljin,671,deathknight,frost,30,7,23
1804,Thwap,sargeras,670,deathknight,frost,18,7,11
1805,Fåîrÿdûst,skullcrusher,670,deathknight,frost,20,7,13
1806,Elwoodblooz,stormrage,669,deathknight,frost,15,8,7
1807,Rottenqunt,tichondrius,668,deathknight,frost,12,7,5
1808,Helvegum,tichondrius,668,deathknight,frost,12,7,5
1809,Cryptgore,moon-guard,665,deathknight,frost,18,7,11
1810,Ixiefin,sargeras,663,deathknight,frost,12,7,5
1811,Xslaught,maiev,659,deathknight,frost,12,7,5
1812,Iiedown,stormrage,623,deathknight,frost,11,7,4
1813,Dreadmoore,wyrmrest-accord,607,deathknight,frost,16,7,9
1814,Lindrayëda,moon-guard,581,deathknight,frost,13,7,6
1815,Billclintonn,sargeras,576,deathknight,frost,12,6,6
1816,Rennoc,emerald-dream,576,deathknight,frost,12,6,6
1817,Darkxavros,stormrage,576,deathknight,frost,12,6,6
1818,Aldrey,bonechewer,576,deathknight,frost,12,6,6
1819,Satisie,eitrigg,576,deathknight,frost,12,6,6
1820,Soulbone,wyrmrest-accord,576,deathknight,frost,12,6,6
1821,Sparklekitty,illidan,576,deathknight,frost,12,6,6
1822,Arnagal,drakkari,576,deathknight,frost,12,6,6
1823,Rotfang,proudmoore,576,deathknight,frost,12,6,6
1824,Xangrim,emerald-dream,576,deathknight,frost,12,6,6
1825,Wap,bloodhoof,576,deathknight,frost,12,6,6
1826,Riglros,tichondrius,576,deathknight,frost,12,6,6
1827,Cozzasad,barthilas,576,deathknight,frost,12,6,6
1828,Piratehookah,sargeras,576,deathknight,frost,12,6,6
1829,Dreadlight,moon-guard,576,deathknight,frost,12,6,6
1830,Dementrius,zuljin,576,deathknight,frost,12,6,6
1831,Otarin,tichondrius,576,deathknight,frost,12,6,6
1832,Xhoul,sargeras,576,deathknight,frost,18,6,12
1833,Dairboi,sargeras,576,deathknight,frost,18,6,12
1834,Nocreed,illidan,576,deathknight,frost,18,6,12
1835,Maelk,stormrage,576,deathknight,frost,18,6,12
1836,Chilivibes,boulderfist,576,deathknight,frost,18,6,12
1837,Winterstone,moon-guard,575,deathknight,frost,12,6,6
1838,Tooe,darrowmere,575,deathknight,frost,12,6,6
1839,Davenn,stormrage,575,deathknight,frost,12,6,6
1840,Zamerz,malganis,575,deathknight,frost,12,6,6
1841,Flûffÿ,thrall,575,deathknight,frost,12,6,6
1842,Nezareth,sargeras,574,deathknight,frost,12,6,6
1843,Bootyclapztv,tichondrius,574,deathknight,frost,12,6,6
1844,Bloodbanne,darkspear,573,deathknight,frost,12,6,6
1845,Ikaris,wildhammer,569,deathknight,frost,12,6,6
1846,Cailras,argent-dawn,566,deathknight,frost,12,6,6
1847,Ergoth,darkspear,564,deathknight,frost,30,6,24
1848,Busynas,thrall,559,deathknight,frost,11,6,5
1849,Werebuddy,lightnings-blade,528,deathknight,frost,15,6,9
1850,Válhállá,ragnaros,523,deathknight,frost,17,6,11
1851,Bellum,moon-guard,511,deathknight,frost,20,6,14
1852,Kookx,tichondrius,489,deathknight,frost,13,6,7
1853,Lokitaßeso,ragnaros,480,deathknight,frost,6,5,1
1854,Vett,antonidas,480,deathknight,frost,6,5,1
1855,Sathanazz,ragnaros,480,deathknight,frost,6,5,1
1856,Dknightkofwa,tichondrius,480,deathknight,frost,12,5,7
1857,Subparatbest,chogall,480,deathknight,frost,12,5,7
1858,Kodokuna,bleeding-hollow,480,deathknight,frost,12,5,7
1859,Khutuzun,tichondrius,480,deathknight,frost,12,5,7
1860,Sinistarz,area-52,480,deathknight,frost,12,5,7
1861,Deadbeards,zuluhed,480,deathknight,frost,12,5,7
1862,Flashofdark,proudmoore,480,deathknight,frost,12,5,7
1863,Frozenhawk,lothar,480,deathknight,frost,12,5,7
1864,Martinnash,emerald-dream,480,deathknight,frost,12,5,7
1865,Deathrey,kargath,480,deathknight,frost,12,5,7
1866,Neaz,moon-guard,480,deathknight,frost,12,5,7
1867,Rumblepuppy,hyjal,480,deathknight,frost,12,5,7
1868,Unintended,barthilas,480,deathknight,frost,18,5,13
1869,Drzièglér,tichondrius,480,deathknight,frost,18,5,13
1870,Saighast,illidan,480,deathknight,frost,18,5,13
1871,Bulltille,azralon,479,deathknight,frost,6,5,1
1872,Moovement,illidan,479,deathknight,frost,6,5,1
1873,Bëlzëbü,stormrage,479,deathknight,frost,6,5,1
1874,Alzenth,quelthalas,479,deathknight,frost,9,6,3
1875,Caravante,azralon,479,deathknight,frost,12,5,7
1876,Adjudicated,darkspear,477,deathknight,frost,12,5,7
1877,Ðecimate,muradin,476,deathknight,frost,12,5,7
1878,Rogoroth,stormrage,475,deathknight,frost,12,5,7
1879,Killa,maiev,475,deathknight,frost,12,5,7
1880,Frostyclaws,blackrock,447,deathknight,frost,17,5,12
1881,Greeasy,bleeding-hollow,446,deathknight,frost,17,5,12
1882,Drizzth,ragnaros,413,deathknight,frost,8,5,3
1883,Khaíne,wyrmrest-accord,400,deathknight,frost,16,5,11
1884,Dìs,frostmourne,399,deathknight,frost,5,5,0
1885,Tanjus,kelthuzad,384,deathknight,frost,6,4,2
1886,Riseup,area-52,384,deathknight,frost,6,4,2
1887,Laxatives,tichondrius,384,deathknight,frost,6,4,2
1888,Hunrune,emerald-dream,384,deathknight,frost,6,4,2
1889,Tontan,cairne,384,deathknight,frost,6,4,2
1890,Ärlo,frostmourne,384,deathknight,frost,6,4,2
1891,Nabreus,ragnaros,384,deathknight,frost,6,4,2
1892,Well,archimonde,384,deathknight,frost,6,4,2
1893,Anatøly,ragnaros,384,deathknight,frost,6,4,2
1894,Orbo,elune,384,deathknight,frost,6,4,2
1895,Bigdooks,area-52,384,deathknight,frost,6,4,2
1896,Khorvusfel,frostmourne,384,deathknight,frost,6,4,2
1897,Aldebamuu,ragnaros,384,deathknight,frost,6,4,2
1898,Lichhbanne,doomhammer,384,deathknight,frost,12,4,8
1899,Bellybuster,malganis,384,deathknight,frost,12,4,8
1900,Hooterzqt,tichondrius,384,deathknight,frost,12,4,8
1901,Thikness,tichondrius,384,deathknight,frost,12,4,8
1902,Exiledknight,area-52,384,deathknight,frost,12,4,8
1903,Shmacmiller,stormrage,384,deathknight,frost,12,4,8
1904,Almostdead,proudmoore,384,deathknight,frost,12,4,8
1905,Aradorn,azralon,384,deathknight,frost,12,4,8
1906,Maxymillion,thrall,384,deathknight,frost,12,4,8
1907,Whytedk,illidan,384,deathknight,frost,12,4,8
1908,Deathrowe,blackhand,384,deathknight,frost,12,4,8
1909,Silanvia,wyrmrest-accord,384,deathknight,frost,12,4,8
1910,Jessaminne,nordrassil,384,deathknight,frost,12,4,8
1911,Nefarion,nathrezim,384,deathknight,frost,15,4,11
1912,Ðaz,zuljin,384,deathknight,frost,18,4,14
1913,Ryannë,azshara,384,deathknight,frost,18,4,14
1914,Wãrson,bleeding-hollow,383,deathknight,frost,6,4,2
1915,Shinici,kelthuzad,383,deathknight,frost,9,5,4
1916,Adoran,turalyon,383,deathknight,frost,12,4,8
1917,Vithael,stormrage,383,deathknight,frost,12,4,8
1918,Getmad,anvilmar,383,deathknight,frost,12,4,8
1919,Sindragos,stormrage,382,deathknight,frost,12,4,8
1920,Deathvortex,nemesis,379,deathknight,frost,12,4,8
1921,Lokitakisses,ragnaros,351,deathknight,frost,11,4,7
1922,Xaldeth,moon-guard,319,deathknight,frost,14,4,10
1923,Bunghoolio,nerzhul,315,deathknight,frost,16,4,12
1924,Clizforden,kelthuzad,288,deathknight,frost,6,3,3
1925,Störmrünner,kelthuzad,288,deathknight,frost,6,3,3
1926,Astanddra,wyrmrest-accord,288,deathknight,frost,6,3,3
1927,Saraphdk,area-52,288,deathknight,frost,6,3,3
1928,Laboön,stormrage,288,deathknight,frost,6,3,3
1929,Víní,azralon,288,deathknight,frost,6,3,3
1930,ßlacklìsted,kelthuzad,288,deathknight,frost,6,3,3
1931,Zeró,wyrmrest-accord,288,deathknight,frost,6,3,3
1932,Yungdooks,area-52,288,deathknight,frost,6,3,3
1933,Gunga,skullcrusher,288,deathknight,frost,6,3,3
1934,Sorenbjerg,zuljin,288,deathknight,frost,6,3,3
1935,Yamanji,wyrmrest-accord,288,deathknight,frost,6,3,3
1936,Jughéad,thrall,288,deathknight,frost,6,3,3
1937,Frostybones,guldan,288,deathknight,frost,6,3,3
1938,Démise,malganis,288,deathknight,frost,6,3,3
1939,Zygon,thrall,288,deathknight,frost,6,3,3
1940,Zügzug,chogall,288,deathknight,frost,6,3,3
1941,Kalevesicant,nesingwary,288,deathknight,frost,6,3,3
1942,Dalka,laughing-skull,288,deathknight,frost,6,3,3
1943,Brumaks,quelthalas,288,deathknight,frost,6,3,3
1944,Egirlgripper,area-52,288,deathknight,frost,6,3,3
1945,Plaugedone,lightbringer,288,deathknight,frost,6,3,3
1946,Avantee,moon-guard,288,deathknight,frost,6,3,3
1947,Millariel,stormrage,288,deathknight,frost,6,3,3
1948,Gorsz,tichondrius,288,deathknight,frost,6,3,3
1949,Doomdk,azralon,288,deathknight,frost,6,3,3
1950,Supermane,jubeithos,288,deathknight,frost,6,3,3
1951,Fastapii,tichondrius,288,deathknight,frost,6,3,3
1952,Pyradine,amanthul,288,deathknight,frost,6,3,3
1953,Trant,tichondrius,288,deathknight,frost,6,3,3
1954,Tofurious,barthilas,288,deathknight,frost,6,3,3
1955,Ghouldruis,barthilas,288,deathknight,frost,6,3,3
1956,Nalec,tichondrius,288,deathknight,frost,6,3,3
1957,Cgg,tichondrius,288,deathknight,frost,6,3,3
1958,Fearfull,hyjal,288,deathknight,frost,10,4,6
1959,Toxicant,zuljin,288,deathknight,frost,12,3,9
1960,Bloodmourne,barthilas,288,deathknight,frost,12,3,9
1961,Paíín,illidan,288,deathknight,frost,12,3,9
1962,Dkpeter,quelthalas,288,deathknight,frost,12,3,9
1963,Janus,illidan,288,deathknight,frost,12,3,9
1964,Flarkness,area-52,288,deathknight,frost,12,3,9
1965,Freyjani,moon-guard,288,deathknight,frost,12,3,9
1966,Nenó,illidan,288,deathknight,frost,12,3,9
1967,Gerardkyx,drakkari,288,deathknight,frost,12,3,9
1968,Moyjô,aggramar,288,deathknight,frost,15,3,12
1969,Letum,lightbringer,287,deathknight,frost,6,3,3
1970,Pizzathehutt,nordrassil,287,deathknight,frost,6,3,3
1971,Sinfulvoid,darkspear,287,deathknight,frost,6,3,3
1972,Páthøgen,ravencrest,287,deathknight,frost,12,3,9
1973,Varrine,hyjal,286,deathknight,frost,6,3,3
1974,Dragoroth,zuluhed,286,deathknight,frost,6,3,3
1975,Gnomey,area-52,255,deathknight,frost,8,4,4
1976,Crukashongal,zuljin,240,deathknight,frost,9,4,5
1977,Icycrazy,azralon,239,deathknight,frost,5,3,2
1978,Unwantedgrab,sargeras,239,deathknight,frost,5,3,2
1979,Hamze,stormrage,239,deathknight,frost,5,3,2
1980,Bbcobliterat,proudmoore,234,deathknight,frost,22,4,18
1981,Rotfang,elune,192,deathknight,frost,6,2,4
1982,Dahaaka,malganis,192,deathknight,frost,6,2,4
1983,Ryugetzu,drakkari,192,deathknight,frost,6,2,4
1984,Chrønnøz,nemesis,192,deathknight,frost,6,2,4
1985,Demise,stormrage,192,deathknight,frost,6,2,4
1986,Alderollar,stormrage,192,deathknight,frost,6,2,4
1987,Superlast,blackrock,192,deathknight,frost,6,2,4
1988,Sayâ,frostmane,192,deathknight,frost,6,2,4
1989,Pofokut,bleeding-hollow,192,deathknight,frost,6,2,4
1990,Kreyun,bleeding-hollow,192,deathknight,frost,6,2,4
1991,Lichkong,dalaran,192,deathknight,frost,6,2,4
1992,Nethaar,tichondrius,192,deathknight,frost,6,2,4
1993,Nebuchadnezz,darkspear,192,deathknight,frost,6,2,4
1994,Unholyreap,arthas,192,deathknight,frost,6,2,4
1995,Dego,tichondrius,192,deathknight,frost,6,2,4
1996,Crakdos,illidan,192,deathknight,frost,6,2,4
1997,Biukanon,ragnaros,192,deathknight,frost,6,2,4
1998,Lazynome,azshara,192,deathknight,frost,6,2,4
1999,Rulord,wyrmrest-accord,192,deathknight,frost,6,2,4
2000,Khørne,area-52,192,deathknight,frost,6,2,4
2001,Envisage,kelthuzad,192,deathknight,frost,6,2,4
2002,Arthureon,kelthuzad,192,deathknight,frost,6,2,4
2003,Yourunigrip,tichondrius,192,deathknight,frost,6,2,4
2004,Dkswaag,malganis,192,deathknight,frost,6,2,4
2005,Fraýja,tichondrius,192,deathknight,frost,6,2,4
2006,Hiverssalt,darkspear,192,deathknight,frost,6,2,4
2007,Soutennizase,azralon,192,deathknight,frost,6,2,4
2008,Edek,frostmourne,192,deathknight,frost,6,2,4
2009,Martufe,sargeras,192,deathknight,frost,6,2,4
2010,Oreodeath,sargeras,192,deathknight,frost,6,2,4
2011,Bonusman,sargeras,192,deathknight,frost,6,2,4
2012,Deadlyforce,sargeras,192,deathknight,frost,6,2,4
2013,Gkdl,tichondrius,192,deathknight,frost,6,2,4
2014,Frozenjuice,sargeras,192,deathknight,frost,6,2,4
2015,Hadeon,boulderfist,192,deathknight,frost,6,2,4
2016,Oldskul,sargeras,192,deathknight,frost,6,2,4
2017,Noik,azralon,192,deathknight,frost,6,2,4
2018,Zëb,sargeras,192,deathknight,frost,6,2,4
2019,Hunwild,emerald-dream,192,deathknight,frost,6,2,4
2020,Lillylilly,bleeding-hollow,192,deathknight,frost,12,2,10
2021,Appledog,ragnaros,192,deathknight,frost,12,2,10
2022,Evangelina,antonidas,192,deathknight,frost,12,2,10
2023,Shadar,muradin,192,deathknight,frost,12,2,10
2024,Melyrc,quelthalas,192,deathknight,frost,12,2,10
2025,Selasia,malygos,192,deathknight,frost,12,2,10
2026,Záiiko,quelthalas,192,deathknight,frost,12,2,10
2027,Ulyssess,jubeithos,191,deathknight,frost,6,2,4
2028,Edhral,ragnaros,191,deathknight,frost,6,2,4
2029,Shioms,quelthalas,191,deathknight,frost,6,2,4
2030,Sübzerö,quelthalas,191,deathknight,frost,6,2,4
2031,Deathmike,bonechewer,191,deathknight,frost,6,2,4
2032,Akmy,illidan,175,deathknight,frost,11,2,9
2033,Nickolas,dalvengyr,159,deathknight,frost,5,2,3
2034,Oilasslover,illidan,128,deathknight,frost,4,2,2
2035,Bluemanikin,area-52,128,deathknight,frost,4,2,2
2036,Telrenaur,proudmoore,96,deathknight,frost,3,2,1
2037,Puppykiss,perenolde,96,deathknight,frost,6,1,5
2038,Bubblesdk,whisperwind,96,deathknight,frost,6,1,5
2039,Teksurugi,korgath,96,deathknight,frost,6,1,5
2040,Kakaih,azralon,96,deathknight,frost,6,1,5
2041,Hadianton,stormrage,96,deathknight,frost,6,1,5
2042,Guffles,tichondrius,96,deathknight,frost,6,1,5
2043,Grimmosh,daggerspine,96,deathknight,frost,6,1,5
2044,Denkot,stormrage,96,deathknight,frost,6,1,5
2045,Sindragosa,dragonmaw,96,deathknight,frost,6,1,5
2046,Ricedisease,emerald-dream,96,deathknight,frost,6,1,5
2047,Lücìfër,illidan,96,deathknight,frost,6,1,5
2048,Bingoez,frostmourne,96,deathknight,frost,6,1,5
2049,Mako,garithos,96,deathknight,frost,6,1,5
2050,Koltíra,azralon,96,deathknight,frost,6,1,5
2051,Siphilusxo,dalaran,96,deathknight,frost,6,1,5
2052,Dotted,tichondrius,96,deathknight,frost,6,1,5
2053,Grimorra,bleeding-hollow,96,deathknight,frost,6,1,5
2054,Grayfoxx,twisting-nether,96,deathknight,frost,6,1,5
2055,Frostpanda,dalaran,96,deathknight,frost,6,1,5
2056,Cellebrok,bleeding-hollow,96,deathknight,frost,6,1,5
2057,Gooré,ragnaros,96,deathknight,frost,6,1,5
2058,Einherjiar,tichondrius,96,deathknight,frost,6,1,5
2059,Cruzx,tichondrius,96,deathknight,frost,6,1,5
2060,Kireek,stormrage,96,deathknight,frost,6,1,5
2061,Skadattle,emerald-dream,96,deathknight,frost,6,1,5
2062,Davyjonescx,moon-guard,96,deathknight,frost,6,1,5
2063,Krargosh,quelthalas,96,deathknight,frost,6,1,5
2064,Vrolock,quelthalas,96,deathknight,frost,6,1,5
2065,Ann,spirestone,96,deathknight,frost,6,1,5
2066,Inertìa,malganis,96,deathknight,frost,6,1,5
2067,Mephostophel,sargeras,96,deathknight,frost,6,1,5
2068,Xakri,kelthuzad,96,deathknight,frost,6,1,5
2069,Xninjakiller,korgath,95,deathknight,frost,12,1,11
2070,Vayk,bleeding-hollow,64,deathknight,frost,4,1,3
2071,Magipierrot,ragnaros,64,deathknight,frost,4,1,3
2072,Agasuko,ghostlands,48,deathknight,frost,3,1,2
2073,Villåin,hyjal,42,deathknight,frost,9,2,7
2074,Schwaffles,stormrage,31,deathknight,frost,2,1,1
2075,Twindleroot,aggramar,31,deathknight,frost,2,1,1
2076,Sharnathos,stormrage,16,deathknight,frost,1,1,0
2077,Jerric,skullcrusher,16,deathknight,frost,7,1,6
2078,Xiaosu,tichondrius,2270,demonhunter,havoc,710,356,354
2079,Mvqdh,illidan,2212,demonhunter,havoc,77,46,31
2080,Demoncouch,malganis,2191,demonhunter,havoc,102,54,48
2081,Ehtend,malganis,2136,demonhunter,havoc,354,177,177
2082,Seorae,tichondrius,2126,demonhunter,havoc,84,45,39
2083,Sadgirlx,area-52,2114,demonhunter,havoc,96,48,48
2084,Zetara,malganis,2112,demonhunter,havoc,137,78,59
2085,Ehtend,sargeras,2106,demonhunter,havoc,78,42,36
2086,Insomniaq,sargeras,2102,demonhunter,havoc,115,62,53
2087,Kohî,sargeras,2102,demonhunter,havoc,79,39,40
2088,Tendiës,tichondrius,2086,demonhunter,havoc,104,50,54
2089,Dhcn,tichondrius,2073,demonhunter,havoc,64,35,29
2090,Lighost,tichondrius,2070,demonhunter,havoc,353,177,176
2091,Calpoot,stormscale,2058,demonhunter,havoc,83,46,37
2092,Fellhamer,malganis,2054,demonhunter,havoc,123,69,54
2093,Taegos,tichondrius,2046,demonhunter,havoc,500,246,254
2094,Nézuko,eldrethalas,2045,demonhunter,havoc,129,68,61
2095,Nasadh,tichondrius,2035,demonhunter,havoc,96,54,42
2096,Glaivezx,stormreaver,2014,demonhunter,havoc,90,46,44
2097,Medrathis,wyrmrest-accord,2008,demonhunter,havoc,54,32,22
2098,Reps,hydraxis,2008,demonhunter,havoc,120,67,53
2099,Badhábits,sargeras,2006,demonhunter,havoc,72,41,31
2100,Ordorll,area-52,1998,demonhunter,havoc,114,59,55
2101,Lademon,tichondrius,1997,demonhunter,havoc,84,46,38
2102,Xtickles,frostmourne,1992,demonhunter,havoc,154,79,75
2103,Bløødyrøse,illidan,1978,demonhunter,havoc,66,40,26
2104,Cyrøcryphä,quelthalas,1977,demonhunter,havoc,161,79,82
2105,Felz,illidan,1964,demonhunter,havoc,95,48,47
2106,Lifting,illidan,1960,demonhunter,havoc,84,40,44
2107,Tømåtøgøðx,sargeras,1953,demonhunter,havoc,180,95,85
2108,Sypï,malganis,1944,demonhunter,havoc,84,45,39
2109,Boonchu,frostmourne,1935,demonhunter,havoc,86,45,41
2110,Askvivian,sargeras,1931,demonhunter,havoc,109,68,41
2111,Jøsem,ragnaros,1930,demonhunter,havoc,94,48,46
2112,Mamazboy,area-52,1921,demonhunter,havoc,46,25,21
2113,ßöb,aggramar,1920,demonhunter,havoc,66,34,32
2114,Blasphemus,illidan,1908,demonhunter,havoc,63,34,29
2115,Cromega,malganis,1906,demonhunter,havoc,108,50,58
2116,Oddblindguy,area-52,1903,demonhunter,havoc,42,30,12
2117,Lemilion,wyrmrest-accord,1903,demonhunter,havoc,53,27,26
2118,Maverzz,area-52,1902,demonhunter,havoc,65,35,30
2119,Solit,illidan,1901,demonhunter,havoc,66,33,33
2120,Mèw,bleeding-hollow,1899,demonhunter,havoc,78,43,35
2121,Terrorsong,tichondrius,1898,demonhunter,havoc,83,48,35
2122,Ouru,area-52,1896,demonhunter,havoc,96,48,48
2123,Ìke,quelthalas,1894,demonhunter,havoc,109,55,54
2124,Boos,moon-guard,1893,demonhunter,havoc,172,84,88
2125,Frostchaos,ragnaros,1888,demonhunter,havoc,30,20,10
2126,Winsforgold,area-52,1888,demonhunter,havoc,71,38,33
2127,Dangerspud,frostmourne,1885,demonhunter,havoc,102,48,54
2128,Felluser,sargeras,1882,demonhunter,havoc,53,32,21
2129,Càrnagex,tichondrius,1882,demonhunter,havoc,303,152,151
2130,Stellitas,ragnaros,1881,demonhunter,havoc,72,38,34
2131,Xch,aegwynn,1881,demonhunter,havoc,166,87,79
2132,Dayvenie,area-52,1879,demonhunter,havoc,125,70,55
2133,Rosinanta,malygos,1878,demonhunter,havoc,110,60,50
2134,Sleepyjoeb,illidan,1875,demonhunter,havoc,66,35,31
2135,Junma,tichondrius,1874,demonhunter,havoc,84,47,37
2136,Zoenin,illidan,1872,demonhunter,havoc,120,60,60
2137,Busting,tichondrius,1872,demonhunter,havoc,48,24,24
2138,Mvqqdh,tichondrius,1872,demonhunter,havoc,42,20,22
2139,Bippy,durotan,1871,demonhunter,havoc,120,60,60
2140,Doejah,stormrage,1865,demonhunter,havoc,80,40,40
2141,Airmax,tichondrius,1864,demonhunter,havoc,84,44,40
2142,Leothero,area-52,1863,demonhunter,havoc,54,28,26
2143,Anihilum,zuljin,1858,demonhunter,havoc,90,59,31
2144,Rlycoolclass,zuljin,1858,demonhunter,havoc,65,30,35
2145,Azrethec,wyrmrest-accord,1855,demonhunter,havoc,108,62,46
2146,Loadingdh,tichondrius,1854,demonhunter,havoc,47,20,27
2147,Nb,silvermoon,1853,demonhunter,havoc,59,32,27
2148,Mizaru,moon-guard,1849,demonhunter,havoc,35,24,11
2149,Flykzuwu,azralon,1848,demonhunter,havoc,89,53,36
2150,Joshallen,malganis,1846,demonhunter,havoc,141,73,68
2151,Wowcoldcold,barthilas,1845,demonhunter,havoc,59,30,29
2152,Lamorty,tichondrius,1845,demonhunter,havoc,126,61,65
2153,Griphunt,tichondrius,1840,demonhunter,havoc,222,115,107
2154,Tiristra,cenarion-circle,1839,demonhunter,havoc,59,32,27
2155,Ystkz,tichondrius,1838,demonhunter,havoc,207,106,101
2156,Smqkepvrpp,zuljin,1835,demonhunter,havoc,58,39,19
2157,Asdazanis,nemesis,1835,demonhunter,havoc,80,40,40
2158,Ökìtycoón,proudmoore,1833,demonhunter,havoc,78,45,33
2159,Bllackclover,zuljin,1831,demonhunter,havoc,59,34,25
2160,Raiinier,sargeras,1830,demonhunter,havoc,72,45,27
2161,Hasbeen,tichondrius,1830,demonhunter,havoc,39,23,16
2162,Divide,tichondrius,1830,demonhunter,havoc,106,58,48
2163,Pythongodx,azralon,1829,demonhunter,havoc,90,51,39
2164,Brackmagik,barthilas,1828,demonhunter,havoc,36,27,9
2165,Takagi,kirin-tor,1828,demonhunter,havoc,221,120,101
2166,Potspoon,tichondrius,1827,demonhunter,havoc,150,77,73
2167,Devotio,emerald-dream,1825,demonhunter,havoc,96,57,39
2168,Migey,thrall,1825,demonhunter,havoc,112,65,47
2169,Vanarion,area-52,1825,demonhunter,havoc,84,36,48
2170,Beerdash,area-52,1825,demonhunter,havoc,66,28,38
2171,Chulakels,tichondrius,1824,demonhunter,havoc,75,45,30
2172,Ninetalesx,sargeras,1823,demonhunter,havoc,81,48,33
2173,Darkrai,area-52,1823,demonhunter,havoc,132,73,59
2174,Promitto,tichondrius,1823,demonhunter,havoc,89,42,47
2175,Nolabb,tichondrius,1822,demonhunter,havoc,128,72,56
2176,Cerebro,stormrage,1822,demonhunter,havoc,48,27,21
2177,Írís,blackrock,1820,demonhunter,havoc,124,75,49
2178,Karonisam,dalaran,1820,demonhunter,havoc,61,32,29
2179,Dannyolo,hyjal,1820,demonhunter,havoc,78,32,46
2180,Mvpdh,area-52,1819,demonhunter,havoc,242,121,121
2181,Daía,ragnaros,1818,demonhunter,havoc,47,24,23
2182,Failtimeboat,terenas,1817,demonhunter,havoc,60,34,26
2183,Yaboiswift,stormrage,1817,demonhunter,havoc,36,19,17
2184,Garbage,illidan,1816,demonhunter,havoc,84,44,40
2185,Helenquinn,kelthuzad,1815,demonhunter,havoc,72,46,26
2186,Mirriana,thunderlord,1815,demonhunter,havoc,98,52,46
2187,Bigbadmad,stormrage,1815,demonhunter,havoc,197,99,98
2188,Brotherz,tichondrius,1815,demonhunter,havoc,113,56,57
2189,Brbpetmycat,zuljin,1815,demonhunter,havoc,63,30,33
2190,Skyez,moon-guard,1814,demonhunter,havoc,115,54,61
2191,Nadlli,bleeding-hollow,1813,demonhunter,havoc,223,116,107
2192,Kázeshini,frostmourne,1813,demonhunter,havoc,143,71,72
2193,Rufio,nesingwary,1813,demonhunter,havoc,54,25,29
2194,Coa,nazjatar,1812,demonhunter,havoc,100,54,46
2195,Eldiablaso,malganis,1812,demonhunter,havoc,36,19,17
2196,Lucifèr,uther,1812,demonhunter,havoc,59,28,31
2197,Soliit,illidan,1811,demonhunter,havoc,54,29,25
2198,Ferano,frostmourne,1811,demonhunter,havoc,211,109,102
2199,Vowz,sargeras,1811,demonhunter,havoc,66,34,32
2200,Tyskeram,bleeding-hollow,1810,demonhunter,havoc,81,47,34
2201,Hatréd,quelthalas,1810,demonhunter,havoc,48,26,22
2202,Sacredtree,tichondrius,1809,demonhunter,havoc,104,58,46
2203,Dãnishroll,illidan,1809,demonhunter,havoc,108,54,54
2204,Bitcoingodx,tichondrius,1808,demonhunter,havoc,114,65,49
2205,Feldarath,sargeras,1807,demonhunter,havoc,133,76,57
2206,Fenomeno,tichondrius,1807,demonhunter,havoc,58,32,26
2207,Fruitbatx,tichondrius,1807,demonhunter,havoc,138,68,70
2208,Xcf,area-52,1807,demonhunter,havoc,48,22,26
2209,Raenorion,kelthuzad,1805,demonhunter,havoc,54,33,21
2210,Dewkee,ghostlands,1805,demonhunter,havoc,42,24,18
2211,Fellenkellar,stormrage,1804,demonhunter,havoc,144,80,64
2212,Blode,tichondrius,1804,demonhunter,havoc,201,103,98
2213,Dwilk,sargeras,1804,demonhunter,havoc,136,62,74
2214,Purplekuush,bleeding-hollow,1803,demonhunter,havoc,54,31,23
2215,Shadë,stormrage,1802,demonhunter,havoc,60,31,29
2216,Dhkyun,tichondrius,1801,demonhunter,havoc,54,29,25
2217,Wompo,wyrmrest-accord,1801,demonhunter,havoc,36,19,17
2218,Plumkin,kiljaeden,1800,demonhunter,havoc,54,32,22
2219,Icecokelime,black-dragonflight,1800,demonhunter,havoc,38,20,18
2220,Deathbladezx,tichondrius,1800,demonhunter,havoc,47,23,24
2221,Tendies,tichondrius,1800,demonhunter,havoc,60,28,32
2222,Juiced,thunderhorn,1799,demonhunter,havoc,95,50,45
2223,Donaldjr,area-52,1798,demonhunter,havoc,69,42,27
2224,Dawgzo,thunderhorn,1793,demonhunter,havoc,126,71,55
2225,Zatharas,stormrage,1792,demonhunter,havoc,116,59,57
2226,Andthrx,area-52,1791,demonhunter,havoc,260,130,130
2227,Nuktukdh,moon-guard,1791,demonhunter,havoc,68,30,38
2228,Thundiir,area-52,1786,demonhunter,havoc,113,58,55
2229,Syrio,frostmourne,1782,demonhunter,havoc,224,122,102
2230,Dewk,ghostlands,1781,demonhunter,havoc,63,30,33
2231,Aryapudding,tichondrius,1779,demonhunter,havoc,58,28,30
2232,Nåxah,bleeding-hollow,1777,demonhunter,havoc,66,30,36
2233,Felswamp,zuljin,1776,demonhunter,havoc,108,55,53
2234,Bbteaa,frostmourne,1774,demonhunter,havoc,176,92,84
2235,Demonsob,illidan,1772,demonhunter,havoc,59,22,37
2236,Nephxz,tichondrius,1771,demonhunter,havoc,54,26,28
2237,Mevadow,bleeding-hollow,1768,demonhunter,havoc,126,57,69
2238,Dyllen,tichondrius,1765,demonhunter,havoc,158,88,70
2239,Crittic,thrall,1764,demonhunter,havoc,54,25,29
2240,Drachyn,darkspear,1762,demonhunter,havoc,65,29,36
2241,Sucio,khaz-modan,1760,demonhunter,havoc,54,26,28
2242,Xanthalos,wyrmrest-accord,1759,demonhunter,havoc,144,73,71
2243,Raahjxz,sargeras,1758,demonhunter,havoc,90,53,37
2244,Ubetterun,azralon,1757,demonhunter,havoc,189,98,91
2245,Ahsref,stormrage,1757,demonhunter,havoc,60,30,30
2246,Saaldh,zuljin,1753,demonhunter,havoc,65,27,38
2247,Dhwhat,stormrage,1750,demonhunter,havoc,125,70,55
2248,Gubydal,frostmourne,1750,demonhunter,havoc,53,29,24
2249,Nips,lightnings-blade,1747,demonhunter,havoc,60,39,21
2250,Immortalsinz,dalaran,1747,demonhunter,havoc,112,48,64
2251,Noobstaa,area-52,1745,demonhunter,havoc,48,34,14
2252,Ðavid,firetree,1745,demonhunter,havoc,96,48,48
2253,Lazydeamon,frostmourne,1740,demonhunter,havoc,60,26,34
2254,Monfel,dalaran,1737,demonhunter,havoc,108,63,45
2255,Furious,tichondrius,1737,demonhunter,havoc,48,23,25
2256,Tichóndrius,tichondrius,1735,demonhunter,havoc,173,95,78
2257,Hoochee,lightnings-blade,1735,demonhunter,havoc,73,39,34
2258,Stellartv,tichondrius,1735,demonhunter,havoc,120,58,62
2259,Baka,grizzly-hills,1735,demonhunter,havoc,48,22,26
2260,Firstsol,stormrage,1734,demonhunter,havoc,54,33,21
2261,Wherwelandin,zuljin,1734,demonhunter,havoc,51,24,27
2262,Axalark,nemesis,1733,demonhunter,havoc,54,26,28
2263,Cromosh,quelthalas,1733,demonhunter,havoc,90,38,52
2264,Asheng,cairne,1730,demonhunter,havoc,57,28,29
2265,Felnipz,tichondrius,1729,demonhunter,havoc,67,39,28
2266,Hogmandh,illidan,1729,demonhunter,havoc,48,23,25
2267,Lilise,kiljaeden,1728,demonhunter,havoc,102,50,52
2268,Felgobbler,zuljin,1727,demonhunter,havoc,66,36,30
2269,Landorus,barthilas,1725,demonhunter,havoc,118,62,56
2270,Okuzén,tichondrius,1723,demonhunter,havoc,29,21,8
2271,Diequickly,tichondrius,1722,demonhunter,havoc,58,29,29
2272,Beyondjerky,malganis,1721,demonhunter,havoc,34,20,14
2273,Croches,tichondrius,1721,demonhunter,havoc,36,18,18
2274,Madepp,tichondrius,1720,demonhunter,havoc,48,23,25
2275,Fardyhole,illidan,1719,demonhunter,havoc,36,18,18
2276,Sikarnix,stormrage,1719,demonhunter,havoc,84,38,46
2277,Ibdl,tichondrius,1714,demonhunter,havoc,30,18,12
2278,Irisand,ragnaros,1714,demonhunter,havoc,83,40,43
2279,Doeja,illidan,1713,demonhunter,havoc,30,18,12
2280,Thehonor,tichondrius,1713,demonhunter,havoc,65,36,29
2281,Souliz,tichondrius,1711,demonhunter,havoc,36,23,13
2282,Obsidians,korgath,1709,demonhunter,havoc,89,51,38
2283,Hundredeye,malganis,1709,demonhunter,havoc,64,31,33
2284,Aetheris,bleeding-hollow,1709,demonhunter,havoc,78,34,44
2285,Harríson,tichondrius,1707,demonhunter,havoc,108,52,56
2286,Sheldoncoop,emerald-dream,1706,demonhunter,havoc,36,18,18
2287,Soyboycuck,emerald-dream,1705,demonhunter,havoc,36,18,18
2288,Rôsè,tichondrius,1704,demonhunter,havoc,88,49,39
2289,Xeylin,sargeras,1703,demonhunter,havoc,54,34,20
2290,Gamernation,area-52,1703,demonhunter,havoc,57,29,28
2291,Isev,illidan,1702,demonhunter,havoc,30,18,12
2292,Wildh,stormrage,1702,demonhunter,havoc,78,41,37
2293,Xøtourlife,malganis,1701,demonhunter,havoc,52,25,27
2294,Nopohunter,burning-blade,1699,demonhunter,havoc,47,31,16
2295,Vendeem,moonrunner,1697,demonhunter,havoc,104,56,48
2296,Ktsoulhunter,azralon,1696,demonhunter,havoc,65,36,29
2297,Johnconnor,tichondrius,1696,demonhunter,havoc,53,20,33
2298,Chiesa,sargeras,1695,demonhunter,havoc,34,27,7
2299,Azinoht,ragnaros,1695,demonhunter,havoc,182,89,93
2300,Remh,bleeding-hollow,1694,demonhunter,havoc,254,129,125
2301,Glaivediggar,barthilas,1693,demonhunter,havoc,148,71,77
2302,Joric,dalaran,1691,demonhunter,havoc,54,35,19
2303,Munyanyô,moon-guard,1691,demonhunter,havoc,41,26,15
2304,Tubaki,tichondrius,1691,demonhunter,havoc,35,19,16
2305,Speedh,area-52,1691,demonhunter,havoc,36,18,18
2306,Deaforalive,malganis,1690,demonhunter,havoc,96,54,42
2307,Cöcainë,stormrage,1689,demonhunter,havoc,36,24,12
2308,Idontfaced,area-52,1689,demonhunter,havoc,46,29,17
2309,Kìed,kiljaeden,1687,demonhunter,havoc,48,24,24
2310,Ídunno,kiljaeden,1685,demonhunter,havoc,54,26,28
2311,Wickbeams,barthilas,1684,demonhunter,havoc,59,28,31
2312,Blúr,tichondrius,1683,demonhunter,havoc,41,23,18
2313,Çhan,tichondrius,1683,demonhunter,havoc,269,137,132
2314,Tylersdh,illidan,1681,demonhunter,havoc,115,66,49
2315,Chainsawz,zuljin,1681,demonhunter,havoc,62,25,37
2316,Azexion,malganis,1679,demonhunter,havoc,96,48,48
2317,Scylus,tichondrius,1678,demonhunter,havoc,96,55,41
2318,Theprodigy,malganis,1677,demonhunter,havoc,78,37,41
2319,Demabrak,azralon,1677,demonhunter,havoc,53,25,28
2320,Icrazedcruxl,gnomeregan,1676,demonhunter,havoc,54,27,27
2321,Ethhunter,proudmoore,1676,demonhunter,havoc,72,35,37
2322,Buddyyguy,illidan,1675,demonhunter,havoc,102,45,57
2323,Folkmagic,proudmoore,1673,demonhunter,havoc,30,18,12
2324,Dingowango,illidan,1672,demonhunter,havoc,48,24,24
2325,Cococat,tichondrius,1672,demonhunter,havoc,68,26,42
2326,Mamadorx,azralon,1668,demonhunter,havoc,29,18,11
2327,Bloodhunter,exodar,1668,demonhunter,havoc,92,53,39
2328,Imaginedmg,illidan,1668,demonhunter,havoc,60,28,32
2329,Jaauk,ragnaros,1668,demonhunter,havoc,52,23,29
2330,Hisso,nordrassil,1666,demonhunter,havoc,54,31,23
2331,Ravana,khaz-modan,1664,demonhunter,havoc,112,60,52
2332,Oshinoko,area-52,1664,demonhunter,havoc,57,30,27
2333,Akurawrath,area-52,1660,demonhunter,havoc,91,63,28
2334,Boagz,area-52,1660,demonhunter,havoc,84,48,36
2335,Kioka,khaz-modan,1659,demonhunter,havoc,34,20,14
2336,Churchpls,stormrage,1659,demonhunter,havoc,58,23,35
2337,Decoherence,sargeras,1658,demonhunter,havoc,36,21,15
2338,Dragonÿx,ragnaros,1658,demonhunter,havoc,157,83,74
2339,Ilìdarì,zuljin,1657,demonhunter,havoc,33,20,13
2340,Antamoris,sargeras,1656,demonhunter,havoc,52,25,27
2341,Torments,area-52,1655,demonhunter,havoc,60,34,26
2342,Poogzzig,tichondrius,1655,demonhunter,havoc,84,43,41
2343,Getpoodon,sargeras,1655,demonhunter,havoc,36,18,18
2344,Sáìto,arthas,1654,demonhunter,havoc,30,19,11
2345,Baikudyn,darkspear,1651,demonhunter,havoc,30,19,11
2346,Billmcawsom,proudmoore,1651,demonhunter,havoc,66,33,33
2347,Ðaredevil,azralon,1650,demonhunter,havoc,36,22,14
2348,Giselah,malganis,1650,demonhunter,havoc,48,22,26
2349,Chîsäki,quelthalas,1649,demonhunter,havoc,75,40,35
2350,Shadöw,emerald-dream,1649,demonhunter,havoc,45,22,23
2351,Demonfused,illidan,1647,demonhunter,havoc,61,34,27
2352,Vapegodxqt,aegwynn,1647,demonhunter,havoc,50,25,25
2353,Balancedtoon,tichondrius,1645,demonhunter,havoc,66,36,30
2354,Ironsightsdh,dalaran,1645,demonhunter,havoc,89,47,42
2355,Sarynrae,malganis,1644,demonhunter,havoc,52,24,28
2356,Valerrias,area-52,1643,demonhunter,havoc,42,21,21
2357,Entropics,tichondrius,1642,demonhunter,havoc,41,29,12
2358,Junmà,tichondrius,1642,demonhunter,havoc,72,42,30
2359,Alast,emerald-dream,1642,demonhunter,havoc,54,28,26
2360,Biognosis,ragnaros,1642,demonhunter,havoc,102,46,56
2361,Malthazaan,stormrage,1641,demonhunter,havoc,38,22,16
2362,Vândel,kelthuzad,1639,demonhunter,havoc,47,22,25
2363,Gôôseberry,malganis,1639,demonhunter,havoc,81,37,44
2364,Jcosta,tichondrius,1638,demonhunter,havoc,79,35,44
2365,Xenore,emerald-dream,1638,demonhunter,havoc,71,31,40
2366,Niuzimeile,illidan,1638,demonhunter,havoc,53,19,34
2367,Viio,proudmoore,1637,demonhunter,havoc,36,21,15
2368,Randomdh,zuljin,1636,demonhunter,havoc,43,23,20
2369,Khaõs,tichondrius,1636,demonhunter,havoc,78,34,44
2370,Mewmewkitty,tichondrius,1635,demonhunter,havoc,34,18,16
2371,Blurblurblur,frostmourne,1635,demonhunter,havoc,60,25,35
2372,Synthwäve,area-52,1634,demonhunter,havoc,36,23,13
2373,Pragma,thrall,1633,demonhunter,havoc,219,119,100
2374,Flyudzhin,azgalor,1633,demonhunter,havoc,122,57,65
2375,Hròðvitnir,quelthalas,1632,demonhunter,havoc,86,53,33
2376,Bremdh,thrall,1632,demonhunter,havoc,44,25,19
2377,Demoncastx,tichondrius,1632,demonhunter,havoc,89,50,39
2378,Accidcleaves,sargeras,1632,demonhunter,havoc,48,26,22
2379,Seraphïel,khaz-modan,1631,demonhunter,havoc,36,23,13
2380,Cezkia,hyjal,1629,demonhunter,havoc,72,36,36
2381,Iliillii,emerald-dream,1629,demonhunter,havoc,75,31,44
2382,Ruffolina,azralon,1628,demonhunter,havoc,181,95,86
2383,Devirador,ragnaros,1628,demonhunter,havoc,65,27,38
2384,Trilidan,proudmoore,1627,demonhunter,havoc,37,21,16
2385,Stefdh,tichondrius,1627,demonhunter,havoc,51,23,28
2386,Thelor,frostmourne,1626,demonhunter,havoc,48,28,20
2387,Xday,tichondrius,1626,demonhunter,havoc,258,132,126
2388,Sicknizzle,area-52,1626,demonhunter,havoc,126,63,63
2389,Rekttx,area-52,1625,demonhunter,havoc,64,34,30
2390,Gymnast,thaurissan,1624,demonhunter,havoc,54,23,31
2391,Cuper,tichondrius,1623,demonhunter,havoc,72,41,31
2392,Perspirant,malganis,1623,demonhunter,havoc,41,23,18
2393,Sivà,tichondrius,1622,demonhunter,havoc,69,35,34
2394,Boatsnhoze,tichondrius,1621,demonhunter,havoc,36,17,19
2395,Zeroheaven,stormrage,1621,demonhunter,havoc,48,19,29
2396,Hehehaha,wyrmrest-accord,1620,demonhunter,havoc,30,20,10
2397,Jhinskui,drakkari,1619,demonhunter,havoc,54,28,26
2398,Skyfly,stormscale,1619,demonhunter,havoc,48,21,27
2399,Ohanadh,ragnaros,1618,demonhunter,havoc,48,19,29
2400,Namaga,illidan,1617,demonhunter,havoc,48,33,15
2401,Larandaa,sargeras,1617,demonhunter,havoc,72,35,37
2402,Zachfortnite,emerald-dream,1616,demonhunter,havoc,30,19,11
2403,Jk,dreadmaul,1616,demonhunter,havoc,75,43,32
2404,Fingersdh,malganis,1616,demonhunter,havoc,96,45,51
2405,Glaivia,bleeding-hollow,1615,demonhunter,havoc,36,17,19
2406,Velana,tichondrius,1614,demonhunter,havoc,30,21,9
2407,Ptsdh,bloodhoof,1614,demonhunter,havoc,78,43,35
2408,Taszyn,blackrock,1613,demonhunter,havoc,92,51,41
2409,Karmakula,tichondrius,1613,demonhunter,havoc,77,39,38
2410,Knuckifubuck,frostwolf,1612,demonhunter,havoc,136,75,61
2411,Anathørn,ragnaros,1612,demonhunter,havoc,42,23,19
2412,Jpdh,frostmourne,1611,demonhunter,havoc,74,39,35
2413,Vynthar,wyrmrest-accord,1611,demonhunter,havoc,154,76,78
2414,Mazakein,tichondrius,1610,demonhunter,havoc,66,37,29
2415,Bitskii,kelthuzad,1610,demonhunter,havoc,47,21,26
2416,Sadpepe,bleeding-hollow,1610,demonhunter,havoc,48,21,27
2417,Nistrin,area-52,1609,demonhunter,havoc,72,40,32
2418,Sarÿnrae,malganis,1609,demonhunter,havoc,36,20,16
2419,Diablitaa,sargeras,1609,demonhunter,havoc,36,17,19
2420,Crixxus,zuljin,1609,demonhunter,havoc,48,20,28
2421,Yiptaw,area-52,1608,demonhunter,havoc,55,29,26
2422,Feníxx,ragnaros,1608,demonhunter,havoc,88,45,43
2423,Beastbringer,proudmoore,1607,demonhunter,havoc,147,86,61
2424,Deathsweep,tichondrius,1607,demonhunter,havoc,30,17,13
2425,Turecdh,illidan,1607,demonhunter,havoc,56,19,37
2426,Zikzlol,tichondrius,1606,demonhunter,havoc,38,18,20
2427,Abigëil,quelthalas,1605,demonhunter,havoc,56,31,25
2428,Killuaqt,frostmourne,1605,demonhunter,havoc,47,24,23
2429,Mavrush,malganis,1604,demonhunter,havoc,54,31,23
2430,Tychondrius,earthen-ring,1603,demonhunter,havoc,202,107,95
2431,Kaedri,burning-blade,1603,demonhunter,havoc,141,68,73
2432,Ihuntmufasa,tichondrius,1602,demonhunter,havoc,24,17,7
2433,Sìlençe,illidan,1602,demonhunter,havoc,29,19,10
2434,Shale,gilneas,1602,demonhunter,havoc,70,35,35
2435,Ariodh,area-52,1602,demonhunter,havoc,36,17,19
2436,Deathlex,sargeras,1600,demonhunter,havoc,72,35,37
2437,Gjoat,tichondrius,1600,demonhunter,havoc,42,19,23
2438,Gesture,malganis,1599,demonhunter,havoc,166,91,75
2439,Tenthslayer,frostmourne,1598,demonhunter,havoc,30,17,13
2440,Coaa,dalaran,1598,demonhunter,havoc,47,23,24
2441,Nocturnale,ragnaros,1595,demonhunter,havoc,77,39,38
2442,Achemedåche,dalaran,1594,demonhunter,havoc,27,18,9
2443,Netherbane,azgalor,1592,demonhunter,havoc,96,44,52
2444,Dhyzz,proudmoore,1590,demonhunter,havoc,43,25,18
2445,Eugenyackle,bleeding-hollow,1589,demonhunter,havoc,54,38,16
2446,Reito,ragnaros,1589,demonhunter,havoc,53,29,24
2447,Nándÿ,tichondrius,1589,demonhunter,havoc,61,33,28
2448,Malefisentt,firetree,1589,demonhunter,havoc,45,22,23
2449,Darkrasta,ragnaros,1589,demonhunter,havoc,90,41,49
2450,Shyisback,area-52,1588,demonhunter,havoc,102,57,45
2451,Wsickformula,gilneas,1588,demonhunter,havoc,119,66,53
2452,Mood,stonemaul,1587,demonhunter,havoc,60,36,24
2453,Watsinthebox,thrall,1586,demonhunter,havoc,30,20,10
2454,Doomtower,tichondrius,1586,demonhunter,havoc,99,50,49
2455,Progenji,azralon,1585,demonhunter,havoc,36,21,15
2456,Flirtyscythe,illidan,1582,demonhunter,havoc,42,20,22
2457,Chinadh,tichondrius,1581,demonhunter,havoc,35,17,18
2458,Supadupä,stormrage,1580,demonhunter,havoc,30,17,13
2459,Nuggetx,lightnings-blade,1580,demonhunter,havoc,48,26,22
2460,Kaelclaira,dalvengyr,1580,demonhunter,havoc,60,29,31
2461,Ossivil,ragnaros,1580,demonhunter,havoc,132,62,70
2462,Jaybeezy,balnazzar,1580,demonhunter,havoc,42,18,24
2463,Phaintx,tichondrius,1579,demonhunter,havoc,60,29,31
2464,Yuppx,tichondrius,1578,demonhunter,havoc,48,29,19
2465,Mcspicyy,tichondrius,1578,demonhunter,havoc,42,22,20
2466,Chungîe,frostmourne,1578,demonhunter,havoc,48,25,23
2467,Corngodx,sargeras,1578,demonhunter,havoc,102,50,52
2468,Hoonjojjyana,tichondrius,1578,demonhunter,havoc,46,20,26
2469,Dammitbôbby,tichondrius,1577,demonhunter,havoc,121,66,55
2470,Brútalgore,area-52,1577,demonhunter,havoc,165,87,78
2471,Baalböski,tichondrius,1574,demonhunter,havoc,88,41,47
2472,Sineex,illidan,1572,demonhunter,havoc,36,22,14
2473,Diiecrux,bleeding-hollow,1571,demonhunter,havoc,36,20,16
2474,Demonfarter,tichondrius,1570,demonhunter,havoc,120,61,59
2475,Pubelice,draenor,1569,demonhunter,havoc,68,38,30
2476,Yaety,tichondrius,1567,demonhunter,havoc,42,24,18
2477,Stochastic,ragnaros,1567,demonhunter,havoc,73,37,36
2478,Kenmu,ragnaros,1566,demonhunter,havoc,68,29,39
2479,Kssmee,korgath,1565,demonhunter,havoc,42,23,19
2480,Sheepone,tichondrius,1564,demonhunter,havoc,24,19,5
2481,Danloesh,silver-hand,1564,demonhunter,havoc,36,18,18
2482,Dealer,frostmourne,1564,demonhunter,havoc,90,40,50
2483,Velravyn,moon-guard,1563,demonhunter,havoc,48,25,23
2484,Daymanhunter,bleeding-hollow,1563,demonhunter,havoc,83,41,42
2485,Whysoospicy,wyrmrest-accord,1562,demonhunter,havoc,30,18,12
2486,Redkin,moon-guard,1561,demonhunter,havoc,80,45,35
2487,Nomfries,malganis,1560,demonhunter,havoc,52,27,25
2488,Wikkidd,thrall,1560,demonhunter,havoc,47,22,25
2489,Darknezzl,ragnaros,1557,demonhunter,havoc,98,48,50
2490,Ylydary,ragnaros,1554,demonhunter,havoc,66,39,27
2491,Gorillidan,kelthuzad,1553,demonhunter,havoc,30,18,12
2492,Mustardtigër,bleeding-hollow,1553,demonhunter,havoc,29,17,12
2493,Kaelthys,nordrassil,1552,demonhunter,havoc,33,21,12
2494,Yqpro,tichondrius,1549,demonhunter,havoc,119,62,57
2495,Kuramou,area-52,1547,demonhunter,havoc,36,22,14
2496,Needlepoint,illidan,1547,demonhunter,havoc,65,34,31
2497,Dadoftheyear,destromath,1544,demonhunter,havoc,54,30,24
2498,Sternhunt,khadgar,1544,demonhunter,havoc,60,29,31
2499,Fleetop,tichondrius,1543,demonhunter,havoc,60,33,27
2500,Blackmvp,tichondrius,1537,demonhunter,havoc,24,17,7
2501,Cäldo,tichondrius,1537,demonhunter,havoc,36,21,15
2502,Radamanthysi,azralon,1536,demonhunter,havoc,84,54,30
2503,Scoplyn,malfurion,1535,demonhunter,havoc,60,30,30
2504,Furiel,quelthalas,1534,demonhunter,havoc,44,26,18
2505,Nuredmyy,illidan,1534,demonhunter,havoc,42,24,18
2506,Doxdevil,tichondrius,1533,demonhunter,havoc,57,19,38
2507,Thêdràïñgáñg,jubeithos,1530,demonhunter,havoc,30,16,14
2508,Cavell,tichondrius,1529,demonhunter,havoc,30,16,14
2509,Rôrônôâzôrô,stormrage,1529,demonhunter,havoc,59,30,29
2510,Surå,tichondrius,1529,demonhunter,havoc,106,49,57
2511,Papaelf,thunderlord,1528,demonhunter,havoc,48,33,15
2512,Knshy,azralon,1527,demonhunter,havoc,44,21,23
2513,Crayoz,tichondrius,1525,demonhunter,havoc,131,73,58
2514,Emopidgeon,dalaran,1525,demonhunter,havoc,30,16,14
2515,Bogdan,azjolnerub,1525,demonhunter,havoc,66,35,31
2516,Mattdizzle,illidan,1524,demonhunter,havoc,24,17,7
2517,Raith,khazgoroth,1522,demonhunter,havoc,67,39,28
2518,Papazaraki,tichondrius,1521,demonhunter,havoc,42,23,19
2519,Noztak,area-52,1519,demonhunter,havoc,48,16,32
2520,Rêliç,sargeras,1516,demonhunter,havoc,30,18,12
2521,Eyecandyxo,grizzly-hills,1514,demonhunter,havoc,79,43,36
2522,Mileze,area-52,1513,demonhunter,havoc,96,39,57
2523,Deadpixellz,illidan,1511,demonhunter,havoc,76,39,37
2524,Sävage,zuljin,1510,demonhunter,havoc,30,16,14
2525,Gaìjîn,barthilas,1509,demonhunter,havoc,138,75,63
2526,Yåkuza,daggerspine,1509,demonhunter,havoc,140,70,70
2527,Jaysavage,eitrigg,1508,demonhunter,havoc,101,52,49
2528,Gittgudd,area-52,1507,demonhunter,havoc,75,39,36
2529,Vlääd,ragnaros,1507,demonhunter,havoc,144,72,72
2530,Xionas,moon-guard,1505,demonhunter,havoc,93,47,46
2531,Dirtbag,tichondrius,1503,demonhunter,havoc,30,16,14
2532,Ilydos,emerald-dream,1503,demonhunter,havoc,102,52,50
2533,Henry,tichondrius,1501,demonhunter,havoc,99,58,41
2534,Omygaud,tichondrius,1500,demonhunter,havoc,36,22,14
2535,Demodorn,frostmane,1499,demonhunter,havoc,30,19,11
2536,Vellestia,argent-dawn,1499,demonhunter,havoc,53,24,29
2537,Macacøbrr,azralon,1498,demonhunter,havoc,76,37,39
2538,Littlewolfie,illidan,1496,demonhunter,havoc,30,16,14
2539,Alli,bleeding-hollow,1494,demonhunter,havoc,69,39,30
2540,Ralløszek,illidan,1494,demonhunter,havoc,48,26,22
2541,Cots,stormrage,1494,demonhunter,havoc,110,59,51
2542,Karmadh,malganis,1494,demonhunter,havoc,30,16,14
2543,Træt,emerald-dream,1494,demonhunter,havoc,83,42,41
2544,Creãtuss,area-52,1491,demonhunter,havoc,66,34,32
2545,Scriptyscrip,dark-iron,1491,demonhunter,havoc,192,86,106
2546,Croisoi,ragnaros,1490,demonhunter,havoc,78,38,40
2547,Gazza,eldrethalas,1488,demonhunter,havoc,42,23,19
2548,Hellmetal,quelthalas,1488,demonhunter,havoc,36,17,19
2549,Dashxo,tichondrius,1487,demonhunter,havoc,36,17,19
2550,Apõz,tichondrius,1486,demonhunter,havoc,30,16,14
2551,Dmonslayer,daggerspine,1486,demonhunter,havoc,54,20,34
2552,Orgasmia,tichondrius,1486,demonhunter,havoc,106,32,74
2553,Imwhack,frostmane,1485,demonhunter,havoc,55,28,27
2554,Emeress,illidan,1485,demonhunter,havoc,47,20,27
2555,Demontrue,tichondrius,1483,demonhunter,havoc,62,32,30
2556,Kimjonguun,tichondrius,1481,demonhunter,havoc,32,22,10
2557,Häruun,quelthalas,1480,demonhunter,havoc,53,29,24
2558,Aiapaec,wyrmrest-accord,1479,demonhunter,havoc,119,60,59
2559,Wormli,moon-guard,1477,demonhunter,havoc,40,24,16
2560,Nooksuh,bleeding-hollow,1473,demonhunter,havoc,29,16,13
2561,Røllnautløw,aegwynn,1469,demonhunter,havoc,32,22,10
2562,Kegu,stormrage,1469,demonhunter,havoc,54,20,34
2563,Allyrian,sargeras,1467,demonhunter,havoc,138,77,61
2564,Gomesdhunter,azralon,1466,demonhunter,havoc,88,47,41
2565,Bjj,bonechewer,1465,demonhunter,havoc,100,58,42
2566,Zackfair,burning-legion,1465,demonhunter,havoc,117,59,58
2567,Ðarkone,ragnaros,1464,demonhunter,havoc,42,17,25
2568,Nepzz,stormrage,1461,demonhunter,havoc,78,44,34
2569,Eery,tichondrius,1461,demonhunter,havoc,71,35,36
2570,Mamif,korgath,1460,demonhunter,havoc,68,31,37
2571,Hellnkeller,tichondrius,1459,demonhunter,havoc,36,16,20
2572,Somethingstu,sargeras,1458,demonhunter,havoc,28,18,10
2573,Bofxo,sargeras,1458,demonhunter,havoc,53,25,28
2574,Gohamx,illidan,1457,demonhunter,havoc,110,54,56
2575,Felseal,frostmourne,1456,demonhunter,havoc,53,34,19
2576,Demonhunter,kirin-tor,1456,demonhunter,havoc,66,28,38
2577,Coohiyan,tichondrius,1455,demonhunter,havoc,30,18,12
2578,Nekrosdaeva,zuljin,1455,demonhunter,havoc,73,40,33
2579,Telmordrin,azralon,1454,demonhunter,havoc,38,21,17
2580,Sciatic,area-52,1454,demonhunter,havoc,68,33,35
2581,Sloôtybag,tichondrius,1452,demonhunter,havoc,36,19,17
2582,Órph,sargeras,1452,demonhunter,havoc,42,22,20
2583,Wangasaurus,emerald-dream,1452,demonhunter,havoc,54,26,28
2584,Xillidan,area-52,1450,demonhunter,havoc,112,70,42
2585,Tøwers,aegwynn,1449,demonhunter,havoc,60,32,28
2586,Sëlene,antonidas,1449,demonhunter,havoc,83,40,43
2587,Wokeaf,malganis,1448,demonhunter,havoc,35,16,19
2588,Bucx,barthilas,1445,demonhunter,havoc,60,36,24
2589,Nicodine,tichondrius,1445,demonhunter,havoc,63,34,29
2590,Enfirok,duskwood,1445,demonhunter,havoc,288,145,143
2591,Warlasher,zuljin,1444,demonhunter,havoc,216,105,111
2592,Ragiidh,tichondrius,1443,demonhunter,havoc,45,19,26
2593,Vilal,dalaran,1441,demonhunter,havoc,26,20,6
2594,Faphunter,illidan,1441,demonhunter,havoc,87,50,37
2595,Tyredris,kelthuzad,1441,demonhunter,havoc,44,24,20
2596,Véñom,area-52,1440,demonhunter,havoc,54,17,37
2597,Ragiixoxo,tichondrius,1438,demonhunter,havoc,24,15,9
2598,Huntoneshot,bleeding-hollow,1438,demonhunter,havoc,49,26,23
2599,Molchamp,kelthuzad,1438,demonhunter,havoc,60,27,33
2600,Feelmybush,barthilas,1438,demonhunter,havoc,72,29,43
2601,Haades,proudmoore,1437,demonhunter,havoc,48,25,23
2602,Grizzop,sargeras,1437,demonhunter,havoc,96,48,48
2603,Lravanal,quelthalas,1435,demonhunter,havoc,24,17,7
2604,Fametrap,tichondrius,1435,demonhunter,havoc,24,15,9
2605,Backtolumby,bleeding-hollow,1435,demonhunter,havoc,53,30,23
2606,ßlurr,moon-guard,1435,demonhunter,havoc,114,63,51
2607,Exequion,ragnaros,1435,demonhunter,havoc,140,77,63
2608,Broneill,blood-furnace,1435,demonhunter,havoc,60,27,33
2609,Derperhunter,kiljaeden,1434,demonhunter,havoc,66,33,33
2610,Beastsburdun,zuljin,1433,demonhunter,havoc,24,15,9
2611,Spasmodiic,illidan,1433,demonhunter,havoc,33,17,16
2612,Hemmerdainz,kelthuzad,1432,demonhunter,havoc,60,25,35
2613,Remuko,tichondrius,1430,demonhunter,havoc,30,15,15
2614,Dridri,quelthalas,1430,demonhunter,havoc,44,21,23
2615,Glaivez,korgath,1429,demonhunter,havoc,24,15,9
2616,Unjusthunt,magtheridon,1429,demonhunter,havoc,30,15,15
2617,Egirlhunter,echo-isles,1429,demonhunter,havoc,30,15,15
2618,Mybus,tichondrius,1429,demonhunter,havoc,72,32,40
2619,Trillidan,mugthol,1429,demonhunter,havoc,36,15,21
2620,Iim,tichondrius,1428,demonhunter,havoc,87,35,52
2621,Absinith,jubeithos,1427,demonhunter,havoc,28,20,8
2622,Crankbaz,malganis,1426,demonhunter,havoc,24,15,9
2623,Pigmah,malganis,1426,demonhunter,havoc,28,16,12
2624,Kyuno,eitrigg,1425,demonhunter,havoc,36,17,19
2625,Sätyr,bleeding-hollow,1424,demonhunter,havoc,48,16,32
2626,Metabeam,tichondrius,1423,demonhunter,havoc,42,27,15
2627,Superlative,area-52,1423,demonhunter,havoc,24,15,9
2628,Thebojanglz,frostmourne,1421,demonhunter,havoc,25,16,9
2629,Illusiondh,tichondrius,1421,demonhunter,havoc,93,56,37
2630,Moylecrumbs,stormrage,1420,demonhunter,havoc,102,50,52
2631,Creamboi,stormrage,1419,demonhunter,havoc,34,19,15
2632,Viismoke,thaurissan,1418,demonhunter,havoc,48,28,20
2633,Talyethsam,shadowsong,1418,demonhunter,havoc,32,16,16
2634,Anatema,illidan,1417,demonhunter,havoc,91,46,45
2635,Valka,emerald-dream,1416,demonhunter,havoc,100,53,47
2636,Dèmonhuntèr,tichondrius,1415,demonhunter,havoc,134,64,70
2637,Ikilldemonz,thrall,1415,demonhunter,havoc,42,19,23
2638,Shadowmoonz,frostmourne,1414,demonhunter,havoc,35,15,20
2639,Greent,stormrage,1413,demonhunter,havoc,48,31,17
2640,Tickelfist,zuljin,1413,demonhunter,havoc,115,59,56
2641,Eazyrat,stormrage,1412,demonhunter,havoc,42,28,14
2642,Varthalos,thrall,1412,demonhunter,havoc,96,54,42
2643,Mavèrick,thrall,1411,demonhunter,havoc,63,29,34
2644,Halleblurry,dalaran,1410,demonhunter,havoc,24,15,9
2645,Oxyoxy,illidan,1410,demonhunter,havoc,37,23,14
2646,Genruis,area-52,1410,demonhunter,havoc,61,30,31
2647,Colinn,illidan,1409,demonhunter,havoc,42,25,17
2648,Kushidari,tichondrius,1409,demonhunter,havoc,96,54,42
2649,Cybertrax,tichondrius,1408,demonhunter,havoc,24,15,9
2650,Salomesalvi,proudmoore,1405,demonhunter,havoc,36,24,12
2651,Grumblepuppy,hyjal,1404,demonhunter,havoc,41,18,23
2652,Narchis,malganis,1403,demonhunter,havoc,30,17,13
2653,Ralrdh,ragnaros,1402,demonhunter,havoc,42,24,18
2654,Soupwoup,moon-guard,1402,demonhunter,havoc,69,35,34
2655,Bigflopper,malganis,1402,demonhunter,havoc,30,15,15
2656,Loreney,quelthalas,1402,demonhunter,havoc,120,55,65
2657,Rytesx,moon-guard,1400,demonhunter,havoc,46,33,13
2658,Yodiegang,nazgrel,1400,demonhunter,havoc,24,15,9
2659,Demonicfish,malganis,1400,demonhunter,havoc,72,40,32
2660,Refractx,illidan,1400,demonhunter,havoc,83,45,38
2661,Noxon,stormrage,1400,demonhunter,havoc,98,50,48
2662,Lonelydusk,zangarmarsh,1400,demonhunter,havoc,48,24,24
2663,Ehrapist,kelthuzad,1399,demonhunter,havoc,30,16,14
2664,Hoein,eldrethalas,1398,demonhunter,havoc,95,54,41
2665,Skace,jubeithos,1397,demonhunter,havoc,102,56,46
2666,Phoébé,drakkari,1394,demonhunter,havoc,36,19,17
2667,Softkyll,area-52,1394,demonhunter,havoc,369,191,178
2668,Cherlas,blood-furnace,1393,demonhunter,havoc,99,52,47
2669,Ranir,doomhammer,1393,demonhunter,havoc,72,32,40
2670,Falachio,tichondrius,1391,demonhunter,havoc,99,49,50
2671,Swarlee,kiljaeden,1389,demonhunter,havoc,89,49,40
2672,Siksix,bleeding-hollow,1389,demonhunter,havoc,54,27,27
2673,Tharzadan,quelthalas,1387,demonhunter,havoc,51,26,25
2674,Dejay,thunderhorn,1386,demonhunter,havoc,48,30,18
2675,Kúrama,tichondrius,1385,demonhunter,havoc,78,46,32
2676,Snaped,tichondrius,1384,demonhunter,havoc,42,28,14
2677,Jackk,nordrassil,1384,demonhunter,havoc,41,21,20
2678,Lostsoulzz,tichondrius,1383,demonhunter,havoc,45,28,17
2679,Vegan,magtheridon,1382,demonhunter,havoc,48,29,19
2680,Allenqt,azralon,1381,demonhunter,havoc,42,22,20
2681,Onií,bleeding-hollow,1379,demonhunter,havoc,35,17,18
2682,Elidani,area-52,1379,demonhunter,havoc,60,26,34
2683,Foxdie,bonechewer,1378,demonhunter,havoc,72,36,36
2684,Hàuntress,saurfang,1377,demonhunter,havoc,48,25,23
2685,Yukisyn,proudmoore,1376,demonhunter,havoc,114,61,53
2686,Violegrace,area-52,1376,demonhunter,havoc,106,51,55
2687,Villumninati,tichondrius,1375,demonhunter,havoc,48,27,21
2688,Omgshesocute,hyjal,1375,demonhunter,havoc,36,18,18
2689,Kellox,ragnaros,1372,demonhunter,havoc,36,15,21
2690,Petty,moon-guard,1371,demonhunter,havoc,48,28,20
2691,Fugabag,thrall,1371,demonhunter,havoc,58,28,30
2692,Duhan,tichondrius,1370,demonhunter,havoc,237,123,114
2693,Kazdh,sargeras,1367,demonhunter,havoc,48,25,23
2694,Chaz,blood-furnace,1366,demonhunter,havoc,36,16,20
2695,Jellous,rivendare,1366,demonhunter,havoc,42,17,25
2696,Xiaochicken,tichondrius,1363,demonhunter,havoc,55,26,29
2697,Loadedtruck,frostmourne,1362,demonhunter,havoc,24,16,8
2698,Vespherie,moon-guard,1362,demonhunter,havoc,61,37,24
2699,Kakster,tichondrius,1362,demonhunter,havoc,66,35,31
2700,Methany,saurfang,1362,demonhunter,havoc,105,48,57
2701,Ronkasprince,thunderlord,1361,demonhunter,havoc,92,41,51
2702,Layli,azralon,1360,demonhunter,havoc,42,25,17
2703,Çummins,malganis,1359,demonhunter,havoc,38,22,16
2704,Cresslina,tichondrius,1359,demonhunter,havoc,48,22,26
2705,Nupx,frostmourne,1358,demonhunter,havoc,33,17,16
2706,Felbreak,stormrage,1358,demonhunter,havoc,72,35,37
2707,Celestiel,cenarion-circle,1357,demonhunter,havoc,30,17,13
2708,Kalmor,barthilas,1357,demonhunter,havoc,69,33,36
2709,Magenie,korgath,1355,demonhunter,havoc,23,15,8
2710,Muerdun,tichondrius,1355,demonhunter,havoc,36,20,16
2711,Hornedelf,frostmourne,1355,demonhunter,havoc,41,22,19
2712,Gwendanzig,zangarmarsh,1355,demonhunter,havoc,60,28,32
2713,Báléríón,area-52,1354,demonhunter,havoc,53,31,22
2714,Thunderray,ragnaros,1354,demonhunter,havoc,36,21,15
2715,Rizzaarrdd,tichondrius,1352,demonhunter,havoc,134,70,64
2716,Metagoblin,tichondrius,1352,demonhunter,havoc,30,15,15
2717,Xlash,malganis,1350,demonhunter,havoc,33,15,18
2718,Kitnix,proudmoore,1349,demonhunter,havoc,31,16,15
2719,Arête,malganis,1349,demonhunter,havoc,31,15,16
2720,Krizo,frostmourne,1348,demonhunter,havoc,37,19,18
2721,Rânkle,darkspear,1345,demonhunter,havoc,46,25,21
2722,Exzyo,area-52,1344,demonhunter,havoc,18,14,4
2723,Rem,stormrage,1344,demonhunter,havoc,69,37,32
2724,Onewhoknox,mannoroth,1344,demonhunter,havoc,126,64,62
2725,Ergzydh,frostmourne,1344,demonhunter,havoc,72,30,42
2726,Taylordem,tichondrius,1342,demonhunter,havoc,24,14,10
2727,Kokushiibo,frostwolf,1342,demonhunter,havoc,24,14,10
2728,Riskerdog,tichondrius,1342,demonhunter,havoc,30,14,16
2729,Theflurry,tichondrius,1342,demonhunter,havoc,36,14,22
2730,Beerbreak,area-52,1342,demonhunter,havoc,42,14,28
2731,Catastrophis,tichondrius,1341,demonhunter,havoc,36,18,18
2732,Deviljane,illidan,1340,demonhunter,havoc,24,14,10
2733,Gtåte,azjolnerub,1340,demonhunter,havoc,48,14,34
2734,Demondubya,illidan,1339,demonhunter,havoc,28,15,13
2735,Malviciouss,tichondrius,1339,demonhunter,havoc,78,37,41
2736,Kellytgt,perenolde,1338,demonhunter,havoc,78,40,38
2737,Sillyslayadk,moon-guard,1336,demonhunter,havoc,118,67,51
2738,Mudßutt,malganis,1335,demonhunter,havoc,36,14,22
2739,Dakro,blackrock,1334,demonhunter,havoc,28,17,11
2740,Alganoth,malfurion,1332,demonhunter,havoc,73,37,36
2741,Smilingbomb,tichondrius,1332,demonhunter,havoc,30,14,16
2742,Melantharia,wyrmrest-accord,1331,demonhunter,havoc,30,14,16
2743,Asmoday,warsong,1330,demonhunter,havoc,132,77,55
2744,Majnun,moon-guard,1330,demonhunter,havoc,65,30,35
2745,Soulsteall,tichondrius,1327,demonhunter,havoc,36,24,12
2746,Xein,khazgoroth,1327,demonhunter,havoc,66,30,36
2747,Mördredd,quelthalas,1327,demonhunter,havoc,40,16,24
2748,Elevateztko,stormrage,1326,demonhunter,havoc,36,16,20
2749,Kêrbydh,frostmourne,1325,demonhunter,havoc,36,22,14
2750,Revean,darkspear,1325,demonhunter,havoc,114,63,51
2751,Vizionz,emerald-dream,1324,demonhunter,havoc,53,29,24
2752,Intensìve,illidan,1324,demonhunter,havoc,81,32,49
2753,Creamin,thrall,1323,demonhunter,havoc,24,15,9
2754,Felraven,scarlet-crusade,1322,demonhunter,havoc,28,15,13
2755,Zévron,area-52,1322,demonhunter,havoc,54,26,28
2756,Hyjixer,stormrage,1321,demonhunter,havoc,36,14,22
2757,Inkubuz,sargeras,1319,demonhunter,havoc,139,70,69
2758,Margerie,bleeding-hollow,1319,demonhunter,havoc,43,21,22
2759,Aleira,frostwolf,1318,demonhunter,havoc,58,32,26
2760,Gigavlad,area-52,1317,demonhunter,havoc,30,14,16
2761,Chromatïc,jubeithos,1317,demonhunter,havoc,72,30,42
2762,Kaelidan,kelthuzad,1316,demonhunter,havoc,111,58,53
2763,Litzilla,thrall,1315,demonhunter,havoc,42,20,22
2764,Nolights,area-52,1315,demonhunter,havoc,90,37,53
2765,Sicklyslick,frostmourne,1313,demonhunter,havoc,25,15,10
2766,Valdiran,duskwood,1312,demonhunter,havoc,71,30,41
2767,Nurzal,malganis,1310,demonhunter,havoc,30,14,16
2768,Thêpunisher,ragnaros,1309,demonhunter,havoc,124,61,63
2769,Jibaiye,tichondrius,1309,demonhunter,havoc,30,14,16
2770,Noctemdh,tichondrius,1309,demonhunter,havoc,69,29,40
2771,Telrindyl,moon-guard,1308,demonhunter,havoc,105,59,46
2772,Dömönic,illidan,1306,demonhunter,havoc,30,18,12
2773,Ashtyr,emerald-dream,1306,demonhunter,havoc,28,16,12
2774,Aeonys,stormrage,1304,demonhunter,havoc,48,27,21
2775,Tekkamanevil,tichondrius,1304,demonhunter,havoc,210,104,106
2776,Powertaco,tichondrius,1304,demonhunter,havoc,67,31,36
2777,Rosamune,kelthuzad,1304,demonhunter,havoc,47,18,29
2778,Yaakee,tichondrius,1303,demonhunter,havoc,30,18,12
2779,Belial,haomarush,1299,demonhunter,havoc,54,28,26
2780,Artemisleto,tichondrius,1299,demonhunter,havoc,42,19,23
2781,Halftruth,stormrage,1298,demonhunter,havoc,46,22,24
2782,Nrpx,stormrage,1298,demonhunter,havoc,34,14,20
2783,Thechaz,bleeding-hollow,1297,demonhunter,havoc,54,34,20
2784,Darthmah,illidan,1295,demonhunter,havoc,24,16,8
2785,Revvup,tichondrius,1294,demonhunter,havoc,71,33,38
2786,Alaron,wildhammer,1293,demonhunter,havoc,99,53,46
2787,Naelaksa,tichondrius,1293,demonhunter,havoc,36,14,22
2788,Silvs,illidan,1291,demonhunter,havoc,244,131,113
2789,Mursiless,drenden,1290,demonhunter,havoc,24,15,9
2790,Itachiix,sargeras,1289,demonhunter,havoc,36,23,13
2791,Szei,tichondrius,1289,demonhunter,havoc,27,16,11
2792,Chungg,laughing-skull,1287,demonhunter,havoc,30,15,15
2793,Draenkz,ragnaros,1287,demonhunter,havoc,46,15,31
2794,Hawkowicz,tichondrius,1286,demonhunter,havoc,199,99,100
2795,Durello,stormrage,1284,demonhunter,havoc,60,29,31
2796,Vwap,tichondrius,1284,demonhunter,havoc,29,14,15
2797,Siicknote,frostmourne,1284,demonhunter,havoc,29,14,15
2798,Adryr,eredar,1283,demonhunter,havoc,46,27,19
2799,Killmongeer,tichondrius,1282,demonhunter,havoc,27,16,11
2800,Rolecheck,tichondrius,1281,demonhunter,havoc,38,20,18
2801,Facerollfel,tichondrius,1280,demonhunter,havoc,30,14,16
2802,Felshiv,azralon,1279,demonhunter,havoc,36,16,20
2803,Roughins,chogall,1278,demonhunter,havoc,51,28,23
2804,Christensen,illidan,1276,demonhunter,havoc,78,43,35
2805,Sylenah,hyjal,1273,demonhunter,havoc,30,14,16
2806,Whataboutbob,korgath,1268,demonhunter,havoc,36,14,22
2807,Mortiria,dalaran,1267,demonhunter,havoc,67,30,37
2808,Dakkemon,zuljin,1267,demonhunter,havoc,44,15,29
2809,Tattedandfab,stormrage,1265,demonhunter,havoc,102,44,58
2810,Yønkou,stormrage,1264,demonhunter,havoc,143,70,73
2811,Vaxs,moon-guard,1263,demonhunter,havoc,85,47,38
2812,Fiziokratdh,ghostlands,1263,demonhunter,havoc,67,30,37
2813,Diversityabc,bleeding-hollow,1263,demonhunter,havoc,72,30,42
2814,Skilla,frostmourne,1262,demonhunter,havoc,85,42,43
2815,Wíkkihx,emerald-dream,1262,demonhunter,havoc,67,30,37
2816,Howller,azralon,1261,demonhunter,havoc,39,18,21
2817,Amdusias,darkspear,1259,demonhunter,havoc,49,22,27
2818,Eullz,skullcrusher,1257,demonhunter,havoc,31,14,17
2819,Twodxoxo,kelthuzad,1256,demonhunter,havoc,24,14,10
2820,Xà,sargeras,1256,demonhunter,havoc,36,14,22
2821,Onlypain,korgath,1253,demonhunter,havoc,44,18,26
2822,Aroncruel,area-52,1249,demonhunter,havoc,54,32,22
2823,Blinddh,bleeding-hollow,1249,demonhunter,havoc,32,14,18
2824,Mårth,caelestrasz,1248,demonhunter,havoc,48,25,23
2825,Ilovenina,sargeras,1247,demonhunter,havoc,24,13,11
2826,Erasér,area-52,1247,demonhunter,havoc,24,13,11
2827,Gènji,tichondrius,1246,demonhunter,havoc,24,13,11
2828,Demonlord,shattered-hand,1246,demonhunter,havoc,43,18,25
2829,Kalikanzar,sargeras,1245,demonhunter,havoc,24,13,11
2830,Demonthorne,illidan,1245,demonhunter,havoc,24,13,11
2831,Rykidh,tichondrius,1245,demonhunter,havoc,30,13,17
2832,Äòégämîñg,stormrage,1245,demonhunter,havoc,36,13,23
2833,Alizqt,ragnaros,1244,demonhunter,havoc,24,13,11
2834,Kereses,bonechewer,1244,demonhunter,havoc,51,27,24
2835,Hoguriders,tichondrius,1244,demonhunter,havoc,30,13,17
2836,Baejuhyun,kiljaeden,1243,demonhunter,havoc,24,16,8
2837,Nichousha,tichondrius,1243,demonhunter,havoc,24,13,11
2838,Decoi,tichondrius,1241,demonhunter,havoc,24,13,11
2839,Kimochinchin,ragnaros,1241,demonhunter,havoc,24,13,11
2840,Cocomeld,tichondrius,1240,demonhunter,havoc,18,13,5
2841,Miltonpickle,tichondrius,1240,demonhunter,havoc,54,24,30
2842,Tydriedian,dalaran,1239,demonhunter,havoc,18,13,5
2843,Missjotab,tichondrius,1239,demonhunter,havoc,24,13,11
2844,Harû,tichondrius,1239,demonhunter,havoc,30,13,17
2845,Narandra,malganis,1239,demonhunter,havoc,36,13,23
2846,Subieshift,sargeras,1237,demonhunter,havoc,27,14,13
2847,Zétta,area-52,1236,demonhunter,havoc,24,13,11
2848,Thegudgud,stormrage,1236,demonhunter,havoc,24,13,11
2849,Demonbane,moon-guard,1236,demonhunter,havoc,54,27,27
2850,Maddummy,tichondrius,1234,demonhunter,havoc,30,13,17
2851,Madblader,tichondrius,1232,demonhunter,havoc,24,13,11
2852,Mázoku,shuhalo,1232,demonhunter,havoc,32,15,17
2853,Lixthing,ragnaros,1231,demonhunter,havoc,62,40,22
2854,Zunfooki,stormrage,1231,demonhunter,havoc,24,13,11
2855,Sorrybadgas,illidan,1231,demonhunter,havoc,36,13,23
2856,Láskó,area-52,1230,demonhunter,havoc,20,15,5
2857,Narene,mannoroth,1230,demonhunter,havoc,51,22,29
2858,Sikäria,malganis,1229,demonhunter,havoc,24,13,11
2859,Wowomg,tichondrius,1228,demonhunter,havoc,24,13,11
2860,Superbug,quelthalas,1224,demonhunter,havoc,78,38,40
2861,Trituone,ragnaros,1224,demonhunter,havoc,79,37,42
2862,Rorac,ragnaros,1223,demonhunter,havoc,30,13,17
2863,Tezrian,earthen-ring,1221,demonhunter,havoc,24,13,11
2864,Pokoloko,twisting-nether,1219,demonhunter,havoc,38,15,23
2865,Lachesix,tichondrius,1217,demonhunter,havoc,30,13,17
2866,Devwillhuntu,barthilas,1216,demonhunter,havoc,80,42,38
2867,Pilyn,ragnaros,1216,demonhunter,havoc,80,39,41
2868,Evros,tichondrius,1213,demonhunter,havoc,56,31,25
2869,Keelin,ragnaros,1212,demonhunter,havoc,28,13,15
2870,Scarshine,frostmourne,1211,demonhunter,havoc,109,48,61
2871,Eraticdh,illidan,1211,demonhunter,havoc,30,13,17
2872,Spicywings,arthas,1209,demonhunter,havoc,42,18,24
2873,Neecro,frostmourne,1208,demonhunter,havoc,78,36,42
2874,Cursesoul,area-52,1206,demonhunter,havoc,60,31,29
2875,Zématador,azralon,1205,demonhunter,havoc,112,57,55
2876,Raradane,illidan,1203,demonhunter,havoc,18,13,5
2877,Spamsamich,stormscale,1203,demonhunter,havoc,83,47,36
2878,Demonkratoz,ragnaros,1203,demonhunter,havoc,61,24,37
2879,Pupupoo,tichondrius,1202,demonhunter,havoc,78,37,41
2880,Hellspawnn,malganis,1200,demonhunter,havoc,44,24,20
2881,Zetsuwaffles,area-52,1198,demonhunter,havoc,29,13,16
2882,Etherëäl,stormrage,1194,demonhunter,havoc,53,32,21
2883,Fellight,bonechewer,1193,demonhunter,havoc,42,27,15
2884,Ixix,proudmoore,1192,demonhunter,havoc,62,30,32
2885,Illidice,tichondrius,1189,demonhunter,havoc,30,13,17
2886,Erazuz,stormrage,1188,demonhunter,havoc,30,13,17
2887,Thelada,illidan,1187,demonhunter,havoc,33,16,17
2888,Brunoqt,azralon,1185,demonhunter,havoc,29,13,16
2889,Cyberpsycho,illidan,1184,demonhunter,havoc,30,14,16
2890,Erandrida,frostmourne,1184,demonhunter,havoc,33,13,20
2891,Sleepyjobe,sargeras,1183,demonhunter,havoc,16,13,3
2892,Tyrelara,durotan,1179,demonhunter,havoc,23,13,10
2893,Falsewave,sargeras,1178,demonhunter,havoc,30,18,12
2894,Glayve,emerald-dream,1178,demonhunter,havoc,85,41,44
2895,Saelila,emerald-dream,1172,demonhunter,havoc,30,13,17
2896,Dyingslow,stormrage,1172,demonhunter,havoc,66,24,42
2897,Buzzmezaddy,bleeding-hollow,1170,demonhunter,havoc,63,28,35
2898,Ënky,ragnaros,1170,demonhunter,havoc,54,23,31
2899,Gouge,hakkar,1167,demonhunter,havoc,55,30,25
2900,Daiks,proudmoore,1166,demonhunter,havoc,48,22,26
2901,Jotalejandro,quelthalas,1162,demonhunter,havoc,36,13,23
2902,Sucubus,eredar,1161,demonhunter,havoc,48,26,22
2903,Bzrp,stormrage,1161,demonhunter,havoc,46,24,22
2904,Inntty,barthilas,1161,demonhunter,havoc,28,14,14
2905,Zoruv,quelthalas,1160,demonhunter,havoc,27,14,13
2906,Thedaz,frostmourne,1158,demonhunter,havoc,143,66,77
2907,Hiddenblade,coilfang,1158,demonhunter,havoc,67,29,38
2908,Larayedia,illidan,1156,demonhunter,havoc,24,17,7
2909,Ozark,barthilas,1156,demonhunter,havoc,48,29,19
2910,Xragii,kelthuzad,1152,demonhunter,havoc,24,12,12
2911,Medusarri,frostmourne,1152,demonhunter,havoc,71,35,36
2912,Postodesaúde,azralon,1151,demonhunter,havoc,24,12,12
2913,Insomdh,sargeras,1150,demonhunter,havoc,18,12,6
2914,Ðrogö,emerald-dream,1150,demonhunter,havoc,18,12,6
2915,Painkiiller,kelthuzad,1150,demonhunter,havoc,58,32,26
2916,Fasnk,tichondrius,1150,demonhunter,havoc,24,12,12
2917,Qixoni,emerald-dream,1150,demonhunter,havoc,30,12,18
2918,Àku,area-52,1149,demonhunter,havoc,24,12,12
2919,Xylëm,tichondrius,1149,demonhunter,havoc,36,12,24
2920,Openhard,stormrage,1148,demonhunter,havoc,24,12,12
2921,Chaosfienddh,bleeding-hollow,1146,demonhunter,havoc,30,12,18
2922,Luana,stormscale,1145,demonhunter,havoc,24,12,12
2923,Koodachicken,kul-tiras,1144,demonhunter,havoc,24,12,12
2924,Yedeme,tichondrius,1143,demonhunter,havoc,49,17,32
2925,Skinnrd,malganis,1142,demonhunter,havoc,24,12,12
2926,Vandeste,tichondrius,1142,demonhunter,havoc,30,12,18
2927,Elenamarth,kiljaeden,1142,demonhunter,havoc,36,14,22
2928,Kagraxxis,stormrage,1141,demonhunter,havoc,21,13,8
2929,Swoffordsr,tichondrius,1141,demonhunter,havoc,48,23,25
2930,Aethrys,amanthul,1140,demonhunter,havoc,18,12,6
2931,Magoroth,ragnaros,1139,demonhunter,havoc,30,20,10
2932,Torophz,azralon,1139,demonhunter,havoc,30,12,18
2933,Rhadê,ragnaros,1138,demonhunter,havoc,24,12,12
2934,Vivas,tichondrius,1136,demonhunter,havoc,24,12,12
2935,Endyr,area-52,1136,demonhunter,havoc,25,12,13
2936,Aliniron,illidan,1135,demonhunter,havoc,30,17,13
2937,Ovèrrated,area-52,1134,demonhunter,havoc,90,40,50
2938,Tayel,emerald-dream,1133,demonhunter,havoc,34,19,15
2939,Keigna,tichondrius,1132,demonhunter,havoc,18,12,6
2940,Dandreb,draenor,1130,demonhunter,havoc,29,15,14
2941,Diddlemethis,nagrand,1127,demonhunter,havoc,24,13,11
2942,Jennesis,tichondrius,1126,demonhunter,havoc,78,36,42
2943,Momysimpypoo,tichondrius,1125,demonhunter,havoc,18,12,6
2944,Ibeatrix,malorne,1124,demonhunter,havoc,24,18,6
2945,Flyingsky,tichondrius,1121,demonhunter,havoc,24,14,10
2946,Syrena,mugthol,1119,demonhunter,havoc,24,12,12
2947,Attritionx,sargeras,1118,demonhunter,havoc,23,13,10
2948,Overwatch,gundrak,1112,demonhunter,havoc,27,15,12
2949,Demonslaier,dragonblight,1109,demonhunter,havoc,38,20,18
2950,Weedeaterr,arthas,1109,demonhunter,havoc,48,14,34
2951,Lory,eldrethalas,1108,demonhunter,havoc,67,33,34
2952,Aflex,zuljin,1106,demonhunter,havoc,24,12,12
2953,Dennfear,skullcrusher,1104,demonhunter,havoc,30,17,13
2954,Jënesis,illidan,1104,demonhunter,havoc,92,44,48
2955,Thèflurry,tichondrius,1102,demonhunter,havoc,23,12,11
2956,Kêydën,ragnaros,1099,demonhunter,havoc,22,14,8
2957,Lovekills,tichondrius,1098,demonhunter,havoc,24,12,12
2958,Foodtruck,hellscream,1095,demonhunter,havoc,23,13,10
2959,Miroir,silvermoon,1094,demonhunter,havoc,119,54,65
2960,Blazed,thrall,1092,demonhunter,havoc,106,49,57
2961,Imjustbad,malganis,1091,demonhunter,havoc,48,27,21
2962,Bogged,emerald-dream,1091,demonhunter,havoc,27,12,15
2963,Sätän,malganis,1089,demonhunter,havoc,24,13,11
2964,Lilliåna,kiljaeden,1085,demonhunter,havoc,56,24,32
2965,Kelmar,stormreaver,1084,demonhunter,havoc,32,12,20
2966,Moxí,ragnaros,1082,demonhunter,havoc,36,19,17
2967,Xonu,sargeras,1077,demonhunter,havoc,22,12,10
2968,Bhuppz,frostmourne,1076,demonhunter,havoc,22,12,10
2969,Misfortune,bloodscalp,1076,demonhunter,havoc,36,15,21
2970,Nixsa,area-52,1073,demonhunter,havoc,84,37,47
2971,Xxsozin,skullcrusher,1073,demonhunter,havoc,30,12,18
2972,Dirtyvitus,gorefiend,1072,demonhunter,havoc,36,24,12
2973,Portgaes,ragnaros,1071,demonhunter,havoc,53,15,38
2974,Esomet,stormrage,1070,demonhunter,havoc,27,15,12
2975,Demonaco,tichondrius,1065,demonhunter,havoc,34,12,22
2976,Faalleen,quelthalas,1059,demonhunter,havoc,18,12,6
2977,Syrine,veknilash,1059,demonhunter,havoc,72,41,31
2978,Illadra,fizzcrank,1058,demonhunter,havoc,23,12,11
2979,Shakah,dragonmaw,1056,demonhunter,havoc,18,11,7
2980,Kolthis,tichondrius,1056,demonhunter,havoc,24,11,13
2981,Thegoph,bleeding-hollow,1056,demonhunter,havoc,24,11,13
2982,Çópê,sargeras,1055,demonhunter,havoc,18,11,7
2983,Fiveiq,malganis,1055,demonhunter,havoc,18,11,7
2984,Fëlla,tanaris,1055,demonhunter,havoc,18,11,7
2985,Zztzz,illidan,1055,demonhunter,havoc,18,11,7
2986,Gogungho,tichondrius,1055,demonhunter,havoc,24,11,13
2987,Tomhenk,blackrock,1055,demonhunter,havoc,24,11,13
2988,Feliodas,tichondrius,1055,demonhunter,havoc,24,11,13
2989,Koverage,frostmourne,1054,demonhunter,havoc,18,11,7
2990,Icantseelol,sargeras,1054,demonhunter,havoc,18,11,7
2991,Ravack,stormrage,1054,demonhunter,havoc,18,11,7
2992,Thumôss,malganis,1054,demonhunter,havoc,18,11,7
2993,Ariaxy,sargeras,1054,demonhunter,havoc,18,11,7
2994,Skógarmaðr,garrosh,1054,demonhunter,havoc,35,17,18
2995,Behemod,thrall,1054,demonhunter,havoc,24,11,13
2996,Spicyblades,stormrage,1054,demonhunter,havoc,47,21,26
2997,Dankhuntér,zuljin,1054,demonhunter,havoc,30,11,19
2998,Xavid,bleeding-hollow,1053,demonhunter,havoc,24,11,13
2999,Thedee,emerald-dream,1053,demonhunter,havoc,30,11,19
3000,Shinitakunai,area-52,1052,demonhunter,havoc,30,11,19
3001,Antaris,stonemaul,1051,demonhunter,havoc,24,11,13
3002,Messenoire,area-52,1051,demonhunter,havoc,26,11,15
3003,Loathy,tichondrius,1050,demonhunter,havoc,18,11,7
3004,Zigzagrat,sargeras,1050,demonhunter,havoc,24,11,13
3005,Zeane,tichondrius,1050,demonhunter,havoc,27,12,15
3006,Sammyvicious,tichondrius,1049,demonhunter,havoc,16,12,4
3007,Ønsen,tichondrius,1049,demonhunter,havoc,29,11,18
3008,Shandras,dathremar,1048,demonhunter,havoc,18,11,7
3009,Vuse,moon-guard,1048,demonhunter,havoc,24,11,13
3010,Covoth,bleeding-hollow,1048,demonhunter,havoc,27,12,15
3011,Faster,tichondrius,1048,demonhunter,havoc,30,11,19
3012,Winlegend,gallywix,1048,demonhunter,havoc,32,11,21
3013,Legäult,bleeding-hollow,1047,demonhunter,havoc,33,17,16
3014,Cðnstantine,barthilas,1047,demonhunter,havoc,24,11,13
3015,Callux,black-dragonflight,1047,demonhunter,havoc,30,11,19
3016,Rewyle,magtheridon,1047,demonhunter,havoc,30,11,19
3017,Litan,ragnaros,1046,demonhunter,havoc,18,11,7
3018,Midewdh,proudmoore,1046,demonhunter,havoc,24,11,13
3019,Taters,gorefiend,1045,demonhunter,havoc,18,11,7
3020,Dameon,wildhammer,1045,demonhunter,havoc,72,36,36
3021,Jámès,area-52,1045,demonhunter,havoc,24,11,13
3022,Throniren,stormrage,1044,demonhunter,havoc,24,11,13
3023,Kazadin,azralon,1044,demonhunter,havoc,70,29,41
3024,Xanthee,drakkari,1043,demonhunter,havoc,81,41,40
3025,Gosrend,durotan,1043,demonhunter,havoc,37,11,26
3026,Rickinmorty,lightnings-blade,1041,demonhunter,havoc,19,11,8
3027,Misriah,sargeras,1039,demonhunter,havoc,30,11,19
3028,Aedice,gurubashi,1038,demonhunter,havoc,24,11,13
3029,Rhaast,executus,1035,demonhunter,havoc,79,35,44
3030,Mindburn,shadowmoon,1031,demonhunter,havoc,29,19,10
3031,Felbòy,korgath,1029,demonhunter,havoc,24,11,13
3032,Chronicsmoke,blood-furnace,1024,demonhunter,havoc,30,14,16
3033,Hentaidemon,kiljaeden,1023,demonhunter,havoc,36,18,18
3034,Darkweast,dalaran,1021,demonhunter,havoc,24,11,13
3035,Swansong,norgannon,1016,demonhunter,havoc,24,13,11
3036,Veridax,quelthalas,1014,demonhunter,havoc,18,11,7
3037,Ghostzface,sargeras,1010,demonhunter,havoc,61,30,31
3038,Eikichi,bleeding-hollow,1009,demonhunter,havoc,54,26,28
3039,Catfood,icecrown,1008,demonhunter,havoc,27,11,16
3040,Nemoj,hellscream,1007,demonhunter,havoc,18,11,7
3041,Chirõn,moonrunner,1007,demonhunter,havoc,23,11,12
3042,Seamenhunter,garrosh,1004,demonhunter,havoc,24,12,12
3043,Blops,emerald-dream,1001,demonhunter,havoc,51,27,24
3044,Sourlime,stormrage,1001,demonhunter,havoc,29,11,18
3045,Shawnchad,blood-furnace,999,demonhunter,havoc,139,71,68
3046,Funspunk,nagrand,995,demonhunter,havoc,42,11,31
3047,Xxann,tichondrius,991,demonhunter,havoc,26,11,15
3048,Nécô,tichondrius,987,demonhunter,havoc,26,11,15
3049,Lüky,malganis,986,demonhunter,havoc,22,11,11
3050,Funky,draenor,983,demonhunter,havoc,34,18,16
3051,Suhui,sargeras,983,demonhunter,havoc,29,11,18
3052,Doomhead,burning-legion,981,demonhunter,havoc,24,15,9
3053,Ethelric,frostmourne,980,demonhunter,havoc,59,18,41
3054,Keeblerself,tichondrius,979,demonhunter,havoc,30,16,14
3055,Dbljump,kiljaeden,979,demonhunter,havoc,32,11,21
3056,Andarïel,bleeding-hollow,977,demonhunter,havoc,25,12,13
3057,Cuint,barthilas,976,demonhunter,havoc,36,18,18
3058,Annabow,moon-guard,975,demonhunter,havoc,113,59,54
3059,Clorhídrico,quelthalas,970,demonhunter,havoc,88,43,45
3060,Vladdtepes,cairne,964,demonhunter,havoc,113,60,53
3061,Slayup,area-52,960,demonhunter,havoc,12,10,2
3062,Hypetraindh,kelthuzad,960,demonhunter,havoc,12,10,2
3063,Doomsday,kargath,960,demonhunter,havoc,12,10,2
3064,Tundies,tichondrius,960,demonhunter,havoc,18,10,8
3065,Noopstop,tichondrius,960,demonhunter,havoc,18,10,8
3066,Lancee,zuljin,960,demonhunter,havoc,24,10,14
3067,Ntts,tichondrius,960,demonhunter,havoc,24,10,14
3068,Demonleap,proudmoore,959,demonhunter,havoc,18,10,8
3069,Theownz,stormrage,959,demonhunter,havoc,18,10,8
3070,Sourapple,barthilas,959,demonhunter,havoc,18,10,8
3071,Myelvénlady,shattered-hand,959,demonhunter,havoc,18,10,8
3072,Thrania,lothar,959,demonhunter,havoc,24,10,14
3073,Misakidh,sargeras,959,demonhunter,havoc,24,10,14
3074,Iluvboóty,blackrock,959,demonhunter,havoc,24,10,14
3075,Hueylucifer,ravencrest,959,demonhunter,havoc,30,10,20
3076,Khaodemus,kaelthas,958,demonhunter,havoc,12,10,2
3077,Cyånan,bleeding-hollow,958,demonhunter,havoc,23,14,9
3078,Çherrii,moon-guard,958,demonhunter,havoc,36,21,15
3079,Planeinsky,malganis,958,demonhunter,havoc,18,10,8
3080,Bronaanas,tichondrius,958,demonhunter,havoc,18,10,8
3081,Krelious,barthilas,957,demonhunter,havoc,18,10,8
3082,Alwaysin,zuljin,957,demonhunter,havoc,18,10,8
3083,Randôm,kelthuzad,957,demonhunter,havoc,21,11,10
3084,Gilberte,stormrage,957,demonhunter,havoc,24,10,14
3085,Vishì,thrall,957,demonhunter,havoc,30,10,20
3086,Tangoh,burning-legion,955,demonhunter,havoc,18,10,8
3087,Imrealgez,wyrmrest-accord,955,demonhunter,havoc,18,10,8
3088,Derelikte,shadowmoon,955,demonhunter,havoc,18,10,8
3089,Jagidan,area-52,955,demonhunter,havoc,24,10,14
3090,Xibir,amanthul,953,demonhunter,havoc,24,10,14
3091,Larnol,moon-guard,952,demonhunter,havoc,18,10,8
3092,Nerco,bleeding-hollow,952,demonhunter,havoc,24,10,14
3093,Vognum,quelthalas,951,demonhunter,havoc,21,11,10
3094,Ghótam,quelthalas,950,demonhunter,havoc,24,10,14
3095,Airaxx,moon-guard,949,demonhunter,havoc,21,11,10
3096,Letzgobrandn,silvermoon,948,demonhunter,havoc,18,10,8
3097,Kwoop,tichondrius,946,demonhunter,havoc,24,10,14
3098,Halfprepared,kelthuzad,946,demonhunter,havoc,30,10,20
3099,Demonizhe,thrall,944,demonhunter,havoc,43,22,21
3100,Elurandre,moon-guard,944,demonhunter,havoc,23,10,13
3101,Rissélys,thrall,942,demonhunter,havoc,36,20,16
3102,Lingnafoxy,tichondrius,939,demonhunter,havoc,27,11,16
3103,Deegsdh,sargeras,932,demonhunter,havoc,27,10,17
3104,Gozer,korialstrasz,929,demonhunter,havoc,36,12,24
3105,Lillidum,azralon,927,demonhunter,havoc,45,21,24
3106,Cleår,kelthuzad,919,demonhunter,havoc,20,11,9
3107,Lanathir,kirin-tor,919,demonhunter,havoc,30,11,19
3108,Bukwheat,thunderhorn,915,demonhunter,havoc,78,37,41
3109,Gravelot,quelthalas,915,demonhunter,havoc,30,10,20
3110,Troigh,thunderlord,912,demonhunter,havoc,60,29,31
3111,Aleymar,tichondrius,909,demonhunter,havoc,24,12,12
3112,Kslicedevil,dalaran,909,demonhunter,havoc,72,31,41
3113,Andyhunter,emerald-dream,908,demonhunter,havoc,74,37,37
3114,Purpsquirter,stormscale,902,demonhunter,havoc,33,14,19
3115,Mysteryastor,tichondrius,901,demonhunter,havoc,24,11,13
3116,Sitarok,drakkari,899,demonhunter,havoc,28,11,17
3117,Falaszun,aegwynn,889,demonhunter,havoc,20,10,10
3118,Creta,frostmourne,882,demonhunter,havoc,24,13,11
3119,Ripchimmii,illidan,880,demonhunter,havoc,25,10,15
3120,Blacktocki,barthilas,878,demonhunter,havoc,22,10,12
3121,Mikiller,thrall,873,demonhunter,havoc,127,62,65
3122,Lrianna,senjin,870,demonhunter,havoc,23,10,13
3123,Riicardo,ragnaros,870,demonhunter,havoc,28,12,16
3124,Faarkyou,barthilas,868,demonhunter,havoc,26,10,16
3125,Wut,nemesis,867,demonhunter,havoc,76,38,38
3126,Ravevê,area-52,864,demonhunter,havoc,12,9,3
3127,Cynthadra,frostmourne,864,demonhunter,havoc,12,9,3
3128,Pennyx,barthilas,864,demonhunter,havoc,12,9,3
3129,Vandämn,barthilas,864,demonhunter,havoc,12,9,3
3130,Bammski,tichondrius,864,demonhunter,havoc,18,9,9
3131,Tarro,whisperwind,864,demonhunter,havoc,18,9,9
3132,Dzdh,stormrage,864,demonhunter,havoc,18,9,9
3133,Paypaldh,malganis,864,demonhunter,havoc,24,9,15
3134,Kronicz,frostmourne,864,demonhunter,havoc,24,9,15
3135,Ripidan,stormrage,864,demonhunter,havoc,30,9,21
3136,Mcgurty,illidan,864,demonhunter,havoc,30,9,21
3137,Noobender,malganis,864,demonhunter,havoc,30,9,21
3138,Agsakim,tichondrius,863,demonhunter,havoc,12,9,3
3139,Rothdh,tichondrius,863,demonhunter,havoc,15,10,5
3140,Beniesdh,frostmourne,863,demonhunter,havoc,18,9,9
3141,Mybraintiny,illidan,863,demonhunter,havoc,18,9,9
3142,Lördvïngadør,azralon,863,demonhunter,havoc,18,9,9
3143,Dogcleave,area-52,863,demonhunter,havoc,18,9,9
3144,Odio,chromaggus,863,demonhunter,havoc,18,9,9
3145,Jiawen,barthilas,863,demonhunter,havoc,18,9,9
3146,Giantryhard,tichondrius,863,demonhunter,havoc,18,9,9
3147,Shaydh,frostmourne,863,demonhunter,havoc,18,9,9
3148,Worldahmelee,illidan,863,demonhunter,havoc,18,9,9
3149,Llivid,area-52,863,demonhunter,havoc,18,9,9
3150,Orosz,bleeding-hollow,863,demonhunter,havoc,18,9,9
3151,Bromosapien,tichondrius,863,demonhunter,havoc,18,9,9
3152,Checkmate,bleeding-hollow,863,demonhunter,havoc,24,9,15
3153,Khaito,illidan,863,demonhunter,havoc,24,9,15
3154,Amanthx,tichondrius,863,demonhunter,havoc,24,9,15
3155,Aeezus,tichondrius,863,demonhunter,havoc,24,9,15
3156,Dragynfíst,malganis,863,demonhunter,havoc,30,9,21
3157,Irezumi,icecrown,862,demonhunter,havoc,18,9,9
3158,Dishdash,agamaggan,862,demonhunter,havoc,18,9,9
3159,Lucipur,thrall,862,demonhunter,havoc,18,9,9
3160,Vida,winterhoof,862,demonhunter,havoc,18,9,9
3161,Atsudadh,illidan,862,demonhunter,havoc,18,9,9
3162,Rizzle,malganis,862,demonhunter,havoc,18,9,9
3163,Hugehogger,boulderfist,862,demonhunter,havoc,18,9,9
3164,Moranah,tichondrius,862,demonhunter,havoc,18,9,9
3165,Trenbolognie,illidan,862,demonhunter,havoc,18,9,9
3166,Blomi,stormrage,862,demonhunter,havoc,18,9,9
3167,Cheriste,malganis,862,demonhunter,havoc,26,10,16
3168,Intensè,proudmoore,862,demonhunter,havoc,24,9,15
3169,Felhunt,ragnaros,861,demonhunter,havoc,24,9,15
3170,Hellboss,dalaran,860,demonhunter,havoc,12,9,3
3171,Feltini,whisperwind,860,demonhunter,havoc,18,9,9
3172,Bodemön,stormrage,860,demonhunter,havoc,18,9,9
3173,Zirrey,stormrage,860,demonhunter,havoc,18,9,9
3174,Rèlentless,moon-guard,860,demonhunter,havoc,18,9,9
3175,Alphmega,malganis,859,demonhunter,havoc,18,9,9
3176,Smokahontas,eredar,859,demonhunter,havoc,18,9,9
3177,Lovedem,area-52,859,demonhunter,havoc,24,9,15
3178,Allukya,azralon,856,demonhunter,havoc,12,9,3
3179,Dartanyn,tichondrius,853,demonhunter,havoc,24,9,15
3180,Drackista,stormrage,852,demonhunter,havoc,18,9,9
3181,Tdmturbo,zuluhed,849,demonhunter,havoc,18,9,9
3182,Jakodh,sargeras,848,demonhunter,havoc,18,9,9
3183,Kellndore,emerald-dream,848,demonhunter,havoc,54,26,28
3184,Aussiepleb,nagrand,846,demonhunter,havoc,87,37,50
3185,Dalmandra,arthas,841,demonhunter,havoc,17,9,8
3186,Syldaeya,silvermoon,838,demonhunter,havoc,22,11,11
3187,Abusedchild,dalaran,837,demonhunter,havoc,36,16,20
3188,Fckyouscott,illidan,830,demonhunter,havoc,14,10,4
3189,Necrødh,tichondrius,828,demonhunter,havoc,16,9,7
3190,Amneshia,ragnaros,828,demonhunter,havoc,18,9,9
3191,Romïna,quelthalas,827,demonhunter,havoc,24,10,14
3192,Myname,aggramar,818,demonhunter,havoc,62,15,47
3193,Busta,dethecus,815,demonhunter,havoc,23,9,14
3194,Pariah,saurfang,813,demonhunter,havoc,17,9,8
3195,Antistar,emerald-dream,799,demonhunter,havoc,26,9,17
3196,Toteschatte,quelthalas,798,demonhunter,havoc,28,9,19
3197,Demonci,stormrage,795,demonhunter,havoc,20,11,9
3198,Äshês,blackhand,791,demonhunter,havoc,14,9,5
3199,Anaríel,quelthalas,788,demonhunter,havoc,24,9,15
3200,Jellehx,frostmourne,784,demonhunter,havoc,13,9,4
3201,Grolschen,proudmoore,784,demonhunter,havoc,42,16,26
3202,Devilspawnss,barthilas,782,demonhunter,havoc,25,9,16
3203,Msbadass,demon-soul,773,demonhunter,havoc,25,9,16
3204,Humanitydh,sargeras,768,demonhunter,havoc,12,8,4
3205,Hëll,spirestone,768,demonhunter,havoc,12,8,4
3206,Surkkdh,tichondrius,768,demonhunter,havoc,12,8,4
3207,Helltaker,blood-furnace,768,demonhunter,havoc,12,8,4
3208,Doomanone,sargeras,768,demonhunter,havoc,12,8,4
3209,Jelleh,frostmourne,768,demonhunter,havoc,12,8,4
3210,Adhdh,haomarush,768,demonhunter,havoc,12,8,4
3211,Deuzz,arthas,768,demonhunter,havoc,12,8,4
3212,Jfangio,moon-guard,768,demonhunter,havoc,12,8,4
3213,Squaller,tichondrius,768,demonhunter,havoc,12,8,4
3214,Calmbefore,tichondrius,768,demonhunter,havoc,12,8,4
3215,Mesidan,illidan,768,demonhunter,havoc,12,8,4
3216,Ðamageinc,emerald-dream,768,demonhunter,havoc,12,8,4
3217,Thickgary,illidan,768,demonhunter,havoc,12,8,4
3218,Lxg,kelthuzad,768,demonhunter,havoc,12,8,4
3219,Dulcibella,tichondrius,768,demonhunter,havoc,12,8,4
3220,Cegocruel,sargeras,768,demonhunter,havoc,13,8,5
3221,Gilarian,stormrage,768,demonhunter,havoc,18,8,10
3222,Veilmaya,arthas,768,demonhunter,havoc,18,8,10
3223,Sero,malganis,768,demonhunter,havoc,18,8,10
3224,Neverblurx,kirin-tor,768,demonhunter,havoc,18,8,10
3225,Felontis,sargeras,768,demonhunter,havoc,18,8,10
3226,Raylêy,tichondrius,768,demonhunter,havoc,18,8,10
3227,Fingól,ragnaros,768,demonhunter,havoc,18,8,10
3228,Zuppashi,area-52,768,demonhunter,havoc,18,8,10
3229,Devssimpspec,sargeras,768,demonhunter,havoc,18,8,10
3230,Bümb,moon-guard,768,demonhunter,havoc,18,8,10
3231,Ðemonix,tichondrius,768,demonhunter,havoc,24,8,16
3232,Doomantwo,sargeras,768,demonhunter,havoc,24,8,16
3233,Bdwxxnmm,tichondrius,768,demonhunter,havoc,24,8,16
3234,Myspyhu,malganis,767,demonhunter,havoc,12,8,4
3235,Hellrazer,area-52,767,demonhunter,havoc,12,8,4
3236,Prazethesun,emerald-dream,767,demonhunter,havoc,12,8,4
3237,Netherbird,malganis,767,demonhunter,havoc,12,8,4
3238,Badwurd,sargeras,767,demonhunter,havoc,12,8,4
3239,Iyren,sargeras,767,demonhunter,havoc,12,8,4
3240,Blackblades,blackhand,767,demonhunter,havoc,12,8,4
3241,Ziyàl,vashj,767,demonhunter,havoc,12,8,4
3242,Lethalblows,darkspear,767,demonhunter,havoc,15,9,6
3243,Linedori,destromath,767,demonhunter,havoc,16,9,7
3244,Madatya,black-dragonflight,767,demonhunter,havoc,18,8,10
3245,Psicxs,ragnaros,767,demonhunter,havoc,18,8,10
3246,Feldumper,illidan,767,demonhunter,havoc,18,8,10
3247,Blurnomnom,bleeding-hollow,767,demonhunter,havoc,18,8,10
3248,Devî,ragnaros,767,demonhunter,havoc,18,8,10
3249,Demonqt,blackrock,767,demonhunter,havoc,18,8,10
3250,Hellrazer,azgalor,767,demonhunter,havoc,18,8,10
3251,Sashasilver,frostmourne,767,demonhunter,havoc,18,8,10
3252,Oddlysimple,korgath,767,demonhunter,havoc,18,8,10
3253,ßonècrushèr,tichondrius,767,demonhunter,havoc,18,8,10
3254,Zradda,zuljin,767,demonhunter,havoc,24,8,16
3255,Zergedh,kiljaeden,767,demonhunter,havoc,24,8,16
3256,Andein,dalaran,766,demonhunter,havoc,12,8,4
3257,Wólff,azralon,766,demonhunter,havoc,12,8,4
3258,Verméil,tichondrius,766,demonhunter,havoc,18,8,10
3259,Thalkituun,sargeras,766,demonhunter,havoc,18,8,10
3260,Touchofchaos,dragonblight,766,demonhunter,havoc,18,8,10
3261,Darkglaive,ragnaros,766,demonhunter,havoc,18,8,10
3262,Accipiter,ragnaros,766,demonhunter,havoc,24,8,16
3263,Moorzans,malganis,765,demonhunter,havoc,12,8,4
3264,Axyy,area-52,765,demonhunter,havoc,12,8,4
3265,Këÿz,earthen-ring,765,demonhunter,havoc,18,8,10
3266,Bholez,illidan,765,demonhunter,havoc,18,8,10
3267,Sekiro,illidan,765,demonhunter,havoc,18,8,10
3268,Lû,arthas,765,demonhunter,havoc,24,8,16
3269,Uchulu,quelthalas,765,demonhunter,havoc,24,8,16
3270,Schishkabob,archimonde,764,demonhunter,havoc,18,8,10
3271,Llrebelionll,stormrage,762,demonhunter,havoc,12,8,4
3272,Sodiaksd,quelthalas,762,demonhunter,havoc,18,8,10
3273,Breezoo,tichondrius,759,demonhunter,havoc,12,8,4
3274,Illhuntya,bonechewer,758,demonhunter,havoc,18,8,10
3275,Suyu,ragnaros,758,demonhunter,havoc,21,8,13
3276,Maydemon,ragnaros,757,demonhunter,havoc,30,8,22
3277,Eksorcism,muradin,755,demonhunter,havoc,12,8,4
3278,Rrochy,tichondrius,755,demonhunter,havoc,18,8,10
3279,Covidneitor,drakkari,752,demonhunter,havoc,24,8,16
3280,Bckzy,malygos,751,demonhunter,havoc,18,8,10
3281,Sammblorqt,illidan,751,demonhunter,havoc,36,8,28
3282,Menadori,madoran,748,demonhunter,havoc,18,8,10
3283,Leg,scilla,736,demonhunter,havoc,22,8,14
3284,Elena,the-underbog,735,demonhunter,havoc,16,8,8
3285,Ryoga,malganis,734,demonhunter,havoc,15,9,6
3286,Wuya,thrall,734,demonhunter,havoc,22,8,14
3287,Hiresol,emerald-dream,719,demonhunter,havoc,11,8,3
3288,Rivent,dethecus,702,demonhunter,havoc,26,8,18
3289,Memoryleaky,proudmoore,696,demonhunter,havoc,11,8,3
3290,Neshaan,stormreaver,688,demonhunter,havoc,38,20,18
3291,Dæl,quelthalas,672,demonhunter,havoc,12,7,5
3292,Xaneuma,nemesis,672,demonhunter,havoc,12,7,5
3293,Nichidah,illidan,672,demonhunter,havoc,12,7,5
3294,Reddh,bleeding-hollow,672,demonhunter,havoc,12,7,5
3295,Stalaias,madoran,672,demonhunter,havoc,12,7,5
3296,Evelynee,illidan,672,demonhunter,havoc,12,7,5
3297,Warassassin,stormrage,672,demonhunter,havoc,12,7,5
3298,Dabsfordayz,zuluhed,672,demonhunter,havoc,12,7,5
3299,Levail,wyrmrest-accord,672,demonhunter,havoc,12,7,5
3300,Darthwhorë,frostmane,672,demonhunter,havoc,12,7,5
3301,Smallsuper,azralon,672,demonhunter,havoc,12,7,5
3302,Slaarky,malganis,672,demonhunter,havoc,12,7,5
3303,Nubishe,jubeithos,672,demonhunter,havoc,12,7,5
3304,Verå,tichondrius,672,demonhunter,havoc,12,7,5
3305,Endofdaysx,tichondrius,672,demonhunter,havoc,12,7,5
3306,Solbiz,tichondrius,672,demonhunter,havoc,12,7,5
3307,Flamehunter,durotan,672,demonhunter,havoc,13,7,6
3308,Igotdc,tichondrius,672,demonhunter,havoc,13,7,6
3309,Animepfp,shadowsong,672,demonhunter,havoc,18,7,11
3310,Foxfighter,thrall,672,demonhunter,havoc,18,7,11
3311,Moistybreeze,frostmourne,672,demonhunter,havoc,18,7,11
3312,Vorlimornd,illidan,672,demonhunter,havoc,18,7,11
3313,Blanky,shadowmoon,672,demonhunter,havoc,18,7,11
3314,Dêspacito,tichondrius,672,demonhunter,havoc,18,7,11
3315,Phillswift,tichondrius,672,demonhunter,havoc,18,7,11
3316,Faceurdemons,frostmourne,672,demonhunter,havoc,18,7,11
3317,Dumbledor,stonemaul,672,demonhunter,havoc,18,7,11
3318,Yasuo,moon-guard,672,demonhunter,havoc,18,7,11
3319,Louferrigno,zuljin,672,demonhunter,havoc,18,7,11
3320,Zózo,bleeding-hollow,672,demonhunter,havoc,18,7,11
3321,Babahorns,dalaran,672,demonhunter,havoc,18,7,11
3322,Elchapotko,tichondrius,672,demonhunter,havoc,18,7,11
3323,Boonchux,frostmourne,672,demonhunter,havoc,18,7,11
3324,Hávok,sargeras,672,demonhunter,havoc,19,7,12
3325,Ellguindh,malganis,672,demonhunter,havoc,30,7,23
3326,Logixdh,tichondrius,672,demonhunter,havoc,30,7,23
3327,Relaxnerdss,bleeding-hollow,671,demonhunter,havoc,12,7,5
3328,Stormville,illidan,671,demonhunter,havoc,12,7,5
3329,Alycina,wyrmrest-accord,671,demonhunter,havoc,12,7,5
3330,Wìtchblades,tichondrius,671,demonhunter,havoc,12,7,5
3331,Unóhana,drakkari,671,demonhunter,havoc,12,7,5
3332,Cascadingeye,emerald-dream,671,demonhunter,havoc,12,7,5
3333,Dhameer,tichondrius,671,demonhunter,havoc,12,7,5
3334,Seabisciut,silvermoon,671,demonhunter,havoc,12,7,5
3335,Ivalerà,thrall,671,demonhunter,havoc,12,7,5
3336,Fiebzz,queldorei,671,demonhunter,havoc,12,7,5
3337,Zarroe,stormrage,671,demonhunter,havoc,12,7,5
3338,Wheytoohigh,area-52,671,demonhunter,havoc,12,7,5
3339,Ogmon,tichondrius,671,demonhunter,havoc,12,7,5
3340,Mavrii,executus,671,demonhunter,havoc,12,7,5
3341,Jolty,stormrage,671,demonhunter,havoc,12,7,5
3342,Starianor,proudmoore,671,demonhunter,havoc,16,9,7
3343,Älönë,thrall,671,demonhunter,havoc,18,7,11
3344,Hyphonìc,area-52,671,demonhunter,havoc,18,7,11
3345,Nicòrobin,dalaran,671,demonhunter,havoc,18,7,11
3346,Sektõr,dalaran,671,demonhunter,havoc,18,7,11
3347,Haax,azralon,671,demonhunter,havoc,18,7,11
3348,Asamir,ragnaros,671,demonhunter,havoc,19,7,12
3349,Veryaverage,kelthuzad,671,demonhunter,havoc,24,7,17
3350,Bijix,area-52,670,demonhunter,havoc,12,7,5
3351,Renshear,cenarius,670,demonhunter,havoc,12,7,5
3352,Ãstoreth,quelthalas,670,demonhunter,havoc,12,7,5
3353,Gentlesoap,blackrock,670,demonhunter,havoc,12,7,5
3354,Aphy,thunderhorn,670,demonhunter,havoc,18,7,11
3355,Angelawhite,illidan,670,demonhunter,havoc,18,7,11
3356,Zanaiahs,sargeras,670,demonhunter,havoc,21,7,14
3357,Stepbroseph,kiljaeden,669,demonhunter,havoc,15,8,7
3358,Denjii,malganis,669,demonhunter,havoc,24,7,17
3359,Spikehed,area-52,669,demonhunter,havoc,24,7,17
3360,Demonbanter,emerald-dream,668,demonhunter,havoc,15,8,7
3361,Mitsûri,quelthalas,668,demonhunter,havoc,18,7,11
3362,Irìs,blood-furnace,668,demonhunter,havoc,24,7,17
3363,Snòòp,uldaman,667,demonhunter,havoc,12,7,5
3364,Pimm,kelthuzad,667,demonhunter,havoc,12,7,5
3365,Bgeames,area-52,667,demonhunter,havoc,12,7,5
3366,Haterad,bonechewer,667,demonhunter,havoc,24,7,17
3367,Gretadumberg,area-52,666,demonhunter,havoc,12,7,5
3368,Sanllish,illidan,666,demonhunter,havoc,18,7,11
3369,Rahgoul,garrosh,666,demonhunter,havoc,18,7,11
3370,Endoshiva,icecrown,666,demonhunter,havoc,18,7,11
3371,Genifer,norgannon,665,demonhunter,havoc,12,7,5
3372,Frenchtoast,bonechewer,664,demonhunter,havoc,24,7,17
3373,Turbochadbro,spirestone,663,demonhunter,havoc,15,8,7
3374,Rhydonx,korgath,662,demonhunter,havoc,18,7,11
3375,Supremetaco,stormrage,659,demonhunter,havoc,12,7,5
3376,Eckerstrom,tichondrius,659,demonhunter,havoc,12,7,5
3377,Malrax,drakkari,658,demonhunter,havoc,18,7,11
3378,Luzev,thrall,657,demonhunter,havoc,12,7,5
3379,Ripperxx,zuljin,653,demonhunter,havoc,18,7,11
3380,Lëif,stormrage,652,demonhunter,havoc,18,7,11
3381,Forzaken,darkspear,647,demonhunter,havoc,18,7,11
3382,Gwîlym,area-52,644,demonhunter,havoc,14,9,5
3383,Pegásus,kiljaeden,639,demonhunter,havoc,10,7,3
3384,Bliqué,emerald-dream,633,demonhunter,havoc,17,7,10
3385,Bigtitiemilk,tichondrius,623,demonhunter,havoc,11,7,4
3386,Gebblemon,aerie-peak,623,demonhunter,havoc,17,7,10
3387,Hidan,velen,621,demonhunter,havoc,14,8,6
3388,Triplex,moknathal,620,demonhunter,havoc,24,7,17
3389,Mqvdh,area-52,618,demonhunter,havoc,39,8,31
3390,Worcraf,ragnaros,613,demonhunter,havoc,26,8,18
3391,Galaxezz,bonechewer,612,demonhunter,havoc,15,8,7
3392,Joegamer,illidan,607,demonhunter,havoc,15,8,7
3393,Tygerion,emerald-dream,606,demonhunter,havoc,16,7,9
3394,Wualicho,ragnaros,603,demonhunter,havoc,24,8,16
3395,Demonicway,stormrage,592,demonhunter,havoc,16,7,9
3396,Runecaster,anvilmar,587,demonhunter,havoc,11,7,4
3397,Basdminority,bleeding-hollow,576,demonhunter,havoc,12,6,6
3398,Pabloh,trollbane,576,demonhunter,havoc,12,6,6
3399,Manmilker,bleeding-hollow,576,demonhunter,havoc,12,6,6
3400,Aertillian,ragnaros,576,demonhunter,havoc,12,6,6
3401,Weskerz,illidan,576,demonhunter,havoc,12,6,6
3402,Abadina,illidan,576,demonhunter,havoc,12,6,6
3403,Kürosh,kalecgos,576,demonhunter,havoc,12,6,6
3404,Bossdh,zuljin,576,demonhunter,havoc,12,6,6
3405,Felraiser,stormrage,576,demonhunter,havoc,12,6,6
3406,Qualitycaulk,tichondrius,576,demonhunter,havoc,12,6,6
3407,Morgoph,burning-legion,576,demonhunter,havoc,12,6,6
3408,Thunderlor,malganis,576,demonhunter,havoc,12,6,6
3409,Carlosjr,stormrage,576,demonhunter,havoc,12,6,6
3410,Fanc,sargeras,576,demonhunter,havoc,12,6,6
3411,Venmora,argent-dawn,576,demonhunter,havoc,12,6,6
3412,Dgj,kelthuzad,576,demonhunter,havoc,12,6,6
3413,Teleai,kaelthas,576,demonhunter,havoc,12,6,6
3414,Slapxy,illidan,576,demonhunter,havoc,12,6,6
3415,Pokemibut,frostmourne,576,demonhunter,havoc,12,6,6
3416,Valeriya,frostmourne,576,demonhunter,havoc,12,6,6
3417,Evelynvc,illidan,576,demonhunter,havoc,12,6,6
3418,Énchantress,thrall,576,demonhunter,havoc,12,6,6
3419,Deathschosen,malganis,576,demonhunter,havoc,12,6,6
3420,Discos,frostmourne,576,demonhunter,havoc,12,6,6
3421,Solriel,malganis,576,demonhunter,havoc,12,6,6
3422,Metakigai,hyjal,576,demonhunter,havoc,12,6,6
3423,Trampstampz,darkspear,576,demonhunter,havoc,12,6,6
3424,Lettüceprey,sargeras,576,demonhunter,havoc,12,6,6
3425,Merzinator,korgath,576,demonhunter,havoc,12,6,6
3426,Minhzie,moon-guard,576,demonhunter,havoc,12,6,6
3427,Basedmf,emerald-dream,576,demonhunter,havoc,12,6,6
3428,Seya,tichondrius,576,demonhunter,havoc,12,6,6
3429,Stalkdemon,azralon,576,demonhunter,havoc,12,6,6
3430,Shinigameez,proudmoore,576,demonhunter,havoc,12,6,6
3431,Zyer,mannoroth,576,demonhunter,havoc,12,6,6
3432,Niteclawla,illidan,576,demonhunter,havoc,12,6,6
3433,Everdh,barthilas,576,demonhunter,havoc,12,6,6
3434,Praxx,veknilash,576,demonhunter,havoc,12,6,6
3435,Yikari,stormrage,576,demonhunter,havoc,12,6,6
3436,Audara,sargeras,576,demonhunter,havoc,12,6,6
3437,Whatdagoof,tichondrius,576,demonhunter,havoc,12,6,6
3438,Gommademon,illidan,576,demonhunter,havoc,12,6,6
3439,Ahsoka,arygos,576,demonhunter,havoc,15,7,8
3440,Zcarfacee,frostmourne,576,demonhunter,havoc,14,6,8
3441,Gayrio,sargeras,576,demonhunter,havoc,18,6,12
3442,Zümanity,zangarmarsh,576,demonhunter,havoc,18,6,12
3443,Kelan,borean-tundra,576,demonhunter,havoc,18,6,12
3444,Pikächú,stormrage,576,demonhunter,havoc,18,6,12
3445,Xyntel,tichondrius,576,demonhunter,havoc,18,6,12
3446,Vyrai,lightbringer,576,demonhunter,havoc,18,6,12
3447,Kyndrellesa,illidan,576,demonhunter,havoc,18,6,12
3448,Abscarnage,ragnaros,576,demonhunter,havoc,18,6,12
3449,Shadowdark,aggramar,576,demonhunter,havoc,18,6,12
3450,Tresbotones,kelthuzad,576,demonhunter,havoc,18,6,12
3451,Chabashira,tichondrius,576,demonhunter,havoc,19,6,13
3452,Deepde,tichondrius,575,demonhunter,havoc,12,6,6
3453,Hootyeahbou,shattered-hand,575,demonhunter,havoc,12,6,6
3454,Gurthbrookz,tichondrius,575,demonhunter,havoc,12,6,6
3455,Lysol,darrowmere,575,demonhunter,havoc,12,6,6
3456,Liquidblaze,elune,575,demonhunter,havoc,12,6,6
3457,Veladoria,malorne,575,demonhunter,havoc,12,6,6
3458,Cholula,korgath,575,demonhunter,havoc,12,6,6
3459,Tyindorin,gurubashi,575,demonhunter,havoc,12,6,6
3460,Eyesyk,bonechewer,575,demonhunter,havoc,12,6,6
3461,Diizy,illidan,575,demonhunter,havoc,12,6,6
3462,Smoothtaco,azshara,575,demonhunter,havoc,12,6,6
3463,Jalet,azralon,575,demonhunter,havoc,18,6,12
3464,ßatmañ,barthilas,575,demonhunter,havoc,18,6,12
3465,Salveya,stormrage,575,demonhunter,havoc,20,6,14
3466,Casualdemon,emerald-dream,574,demonhunter,havoc,12,6,6
3467,Haikal,proudmoore,574,demonhunter,havoc,12,6,6
3468,Touched,guldan,574,demonhunter,havoc,12,6,6
3469,Ðruh,kelthuzad,574,demonhunter,havoc,18,6,12
3470,Kunitsuna,thunderlord,574,demonhunter,havoc,18,6,12
3471,Firesworn,zuljin,573,demonhunter,havoc,12,6,6
3472,Kimchiman,tichondrius,573,demonhunter,havoc,16,7,9
3473,Slaytan,darkspear,573,demonhunter,havoc,18,6,12
3474,Adayinthelif,proudmoore,573,demonhunter,havoc,18,6,12
3475,Zizi,ghostlands,572,demonhunter,havoc,12,6,6
3476,Lanistus,bloodhoof,570,demonhunter,havoc,18,6,12
3477,Rampyr,terokkar,569,demonhunter,havoc,12,6,6
3478,Kreel,ghostlands,568,demonhunter,havoc,12,6,6
3479,Thjoannys,illidan,567,demonhunter,havoc,12,6,6
3480,Elpis,tanaris,565,demonhunter,havoc,14,6,8
3481,Shizune,boulderfist,525,demonhunter,havoc,11,6,5
3482,Gulios,azralon,522,demonhunter,havoc,20,7,13
3483,Fifteentolyf,illidan,520,demonhunter,havoc,11,6,5
3484,Wickedlurker,sargeras,519,demonhunter,havoc,17,9,8
3485,Tosilia,tichondrius,511,demonhunter,havoc,8,6,2
3486,Cloudzzy,illidan,511,demonhunter,havoc,14,6,8
3487,Soure,azralon,511,demonhunter,havoc,14,6,8
3488,Isedelica,area-52,510,demonhunter,havoc,11,6,5
3489,Vessarin,madoran,510,demonhunter,havoc,20,6,14
3490,Ryemortis,malganis,510,demonhunter,havoc,20,6,14
3491,Ceried,moon-guard,491,demonhunter,havoc,13,6,7
3492,Isabellaluna,illidan,480,demonhunter,havoc,6,5,1
3493,Tîtø,quelthalas,480,demonhunter,havoc,6,5,1
3494,Damador,malganis,480,demonhunter,havoc,6,5,1
3495,Stunnashades,hellscream,480,demonhunter,havoc,6,5,1
3496,Lumh,quelthalas,480,demonhunter,havoc,6,5,1
3497,Med,wyrmrest-accord,480,demonhunter,havoc,6,5,1
3498,Ljevilin,gilneas,480,demonhunter,havoc,6,5,1
3499,Kyndris,ghostlands,480,demonhunter,havoc,6,5,1
3500,Milfhuñter,sargeras,480,demonhunter,havoc,6,5,1
3501,Pristager,tichondrius,480,demonhunter,havoc,6,5,1
3502,Plecoptera,wyrmrest-accord,480,demonhunter,havoc,6,5,1
3503,Ottie,kelthuzad,480,demonhunter,havoc,6,5,1
3504,Kickabout,deathwing,480,demonhunter,havoc,6,5,1
3505,Ryntx,moon-guard,480,demonhunter,havoc,6,5,1
3506,Pumpñdump,echo-isles,480,demonhunter,havoc,6,5,1
3507,Twistedways,tichondrius,480,demonhunter,havoc,6,5,1
3508,Twobuttonszz,tichondrius,480,demonhunter,havoc,6,5,1
3509,Nismoos,daggerspine,480,demonhunter,havoc,12,5,7
3510,Sailtheskies,tichondrius,480,demonhunter,havoc,12,5,7
3511,Slumberz,tichondrius,480,demonhunter,havoc,12,5,7
3512,Dontplanahea,tichondrius,480,demonhunter,havoc,12,5,7
3513,Besoween,tichondrius,480,demonhunter,havoc,12,5,7
3514,Finagel,destromath,480,demonhunter,havoc,12,5,7
3515,Izruul,tichondrius,480,demonhunter,havoc,12,5,7
3516,Doomtots,kelthuzad,480,demonhunter,havoc,12,5,7
3517,Goodrink,tichondrius,480,demonhunter,havoc,12,5,7
3518,Benová,tichondrius,480,demonhunter,havoc,12,5,7
3519,Cabedh,tichondrius,480,demonhunter,havoc,12,5,7
3520,Onbloodfam,kelthuzad,480,demonhunter,havoc,12,5,7
3521,Mjin,tichondrius,480,demonhunter,havoc,12,5,7
3522,Cupernacus,tichondrius,480,demonhunter,havoc,12,5,7
3523,Anthvedroth,area-52,480,demonhunter,havoc,12,5,7
3524,Billmurray,skullcrusher,480,demonhunter,havoc,12,5,7
3525,Illidam,arthas,480,demonhunter,havoc,12,5,7
3526,Zlr,bleeding-hollow,480,demonhunter,havoc,12,5,7
3527,Lìttlê,runetotem,480,demonhunter,havoc,12,5,7
3528,Highpower,area-52,480,demonhunter,havoc,12,5,7
3529,Dheria,barthilas,480,demonhunter,havoc,12,5,7
3530,Xiaodudh,tichondrius,480,demonhunter,havoc,12,5,7
3531,Hippygamer,frostmourne,480,demonhunter,havoc,12,5,7
3532,Uneasydh,tichondrius,480,demonhunter,havoc,12,5,7
3533,Bátmañ,stormrage,480,demonhunter,havoc,12,5,7
3534,Wwdh,stormrage,480,demonhunter,havoc,12,5,7
3535,Chupillidan,tichondrius,480,demonhunter,havoc,12,5,7
3536,Muffjuice,emerald-dream,480,demonhunter,havoc,12,5,7
3537,Untouchèd,bleeding-hollow,480,demonhunter,havoc,12,5,7
3538,Soñic,frostmourne,480,demonhunter,havoc,12,5,7
3539,Laillwina,amanthul,480,demonhunter,havoc,12,5,7
3540,Hyptonique,queldorei,480,demonhunter,havoc,12,5,7
3541,Demondurk,illidan,480,demonhunter,havoc,12,5,7
3542,Drathothian,moon-guard,480,demonhunter,havoc,12,5,7
3543,Hyperaids,sargeras,480,demonhunter,havoc,12,5,7
3544,Roughcut,blackrock,480,demonhunter,havoc,12,5,7
3545,Køugami,azralon,480,demonhunter,havoc,12,5,7
3546,Chandrian,gorefiend,480,demonhunter,havoc,12,5,7
3547,Frostidan,sargeras,480,demonhunter,havoc,12,5,7
3548,Delaían,drakkari,480,demonhunter,havoc,12,5,7
3549,Dhworm,azralon,480,demonhunter,havoc,12,5,7
3550,Obîtox,illidan,480,demonhunter,havoc,12,5,7
3551,Doomanthree,sargeras,480,demonhunter,havoc,12,5,7
3552,Emodan,moon-guard,480,demonhunter,havoc,12,5,7
3553,Tyrele,drakkari,480,demonhunter,havoc,12,5,7
3554,Ahurock,ragnaros,480,demonhunter,havoc,12,5,7
3555,Khelt,dalaran,480,demonhunter,havoc,12,5,7
3556,Domeemommy,moon-guard,480,demonhunter,havoc,12,5,7
3557,Harahmbae,moon-guard,480,demonhunter,havoc,12,5,7
3558,Nightwisty,azralon,480,demonhunter,havoc,12,5,7
3559,Eithelyrana,moon-guard,480,demonhunter,havoc,12,5,7
3560,Foozelol,thrall,480,demonhunter,havoc,12,5,7
3561,Bellysniffer,illidan,480,demonhunter,havoc,12,5,7
3562,Efficacious,zuljin,480,demonhunter,havoc,15,6,9
3563,Keairà,bleeding-hollow,480,demonhunter,havoc,14,5,9
3564,Dàrk,zuljin,480,demonhunter,havoc,23,7,16
3565,Dèvistate,kelthuzad,480,demonhunter,havoc,18,5,13
3566,Thedh,ragnaros,480,demonhunter,havoc,18,5,13
3567,Gumeasy,tichondrius,480,demonhunter,havoc,18,5,13
3568,Eyebeamtowin,stormrage,480,demonhunter,havoc,18,5,13
3569,Dracxus,sargeras,480,demonhunter,havoc,18,5,13
3570,Barael,tichondrius,480,demonhunter,havoc,18,5,13
3571,Soulrending,stormrage,480,demonhunter,havoc,18,5,13
3572,Roozi,tichondrius,480,demonhunter,havoc,24,5,19
3573,Pwnagextreme,area-52,479,demonhunter,havoc,6,5,1
3574,Jizzidan,blackhand,479,demonhunter,havoc,6,5,1
3575,Fliar,black-dragonflight,479,demonhunter,havoc,12,5,7
3576,Epicfront,darkspear,479,demonhunter,havoc,12,5,7
3577,Horndawgg,zuljin,479,demonhunter,havoc,12,5,7
3578,Cantreborn,destromath,479,demonhunter,havoc,12,5,7
3579,Felmilk,demon-soul,479,demonhunter,havoc,12,5,7
3580,Denathrion,moon-guard,479,demonhunter,havoc,12,5,7
3581,Ezymode,stormrage,479,demonhunter,havoc,12,5,7
3582,ßoobiemiles,area-52,479,demonhunter,havoc,12,5,7
3583,Felvanora,amanthul,479,demonhunter,havoc,12,5,7
3584,Pocahotnes,stormrage,479,demonhunter,havoc,12,5,7
3585,Kattsparrow,stormrage,479,demonhunter,havoc,18,5,13
3586,Illidunk,tichondrius,479,demonhunter,havoc,18,5,13
3587,Bonebtwo,area-52,479,demonhunter,havoc,18,5,13
3588,Kritik,goldrinn,478,demonhunter,havoc,12,5,7
3589,Grûnt,sargeras,478,demonhunter,havoc,18,5,13
3590,Cheernobyl,emerald-dream,478,demonhunter,havoc,18,5,13
3591,Midnightlord,tichondrius,477,demonhunter,havoc,6,5,1
3592,Devc,stormrage,477,demonhunter,havoc,12,5,7
3593,Mentoes,tichondrius,473,demonhunter,havoc,12,5,7
3594,Raum,elune,443,demonhunter,havoc,8,6,2
3595,Cassiedemonh,tichondrius,432,demonhunter,havoc,15,6,9
3596,Bituhvic,stormrage,431,demonhunter,havoc,11,5,6
3597,Quinny,runetotem,430,demonhunter,havoc,9,5,4
3598,Roosterhead,azjolnerub,430,demonhunter,havoc,11,5,6
3599,Annxyìng,tichondrius,426,demonhunter,havoc,14,6,8
3600,Wheredyougo,proudmoore,416,demonhunter,havoc,10,5,5
3601,Bladezues,tichondrius,415,demonhunter,havoc,14,5,9
3602,Blinddude,sargeras,415,demonhunter,havoc,14,5,9
3603,Teenis,malygos,412,demonhunter,havoc,14,5,9
3604,Akiirus,azralon,400,demonhunter,havoc,7,5,2
3605,Parabolicc,illidan,384,demonhunter,havoc,6,4,2
3606,Abduragozik,stormrage,384,demonhunter,havoc,6,4,2
3607,Heygriffin,proudmoore,384,demonhunter,havoc,6,4,2
3608,Kasseater,stormrage,384,demonhunter,havoc,6,4,2
3609,Monteego,stormrage,384,demonhunter,havoc,6,4,2
3610,Servilletas,spirestone,384,demonhunter,havoc,6,4,2
3611,Toxicimpulse,aegwynn,384,demonhunter,havoc,6,4,2
3612,Jizzy,shadowmoon,384,demonhunter,havoc,6,4,2
3613,Nihilist,kaelthas,384,demonhunter,havoc,6,4,2
3614,Hottacos,stormrage,384,demonhunter,havoc,6,4,2
3615,Deezhuntz,anvilmar,384,demonhunter,havoc,6,4,2
3616,Dylle,tichondrius,384,demonhunter,havoc,6,4,2
3617,Cesilette,frostmourne,384,demonhunter,havoc,6,4,2
3618,Fluoroh,frostmourne,384,demonhunter,havoc,6,4,2
3619,Verasu,kiljaeden,384,demonhunter,havoc,6,4,2
3620,Fov,crushridge,384,demonhunter,havoc,6,4,2
3621,Dareassassin,tichondrius,384,demonhunter,havoc,6,4,2
3622,Hordesback,illidan,384,demonhunter,havoc,6,4,2
3623,Ultear,the-venture-co,384,demonhunter,havoc,6,4,2
3624,Déörwine,quelthalas,384,demonhunter,havoc,6,4,2
3625,Imlikethat,gorefiend,384,demonhunter,havoc,6,4,2
3626,Stets,emerald-dream,384,demonhunter,havoc,6,4,2
3627,Lucaria,sargeras,384,demonhunter,havoc,6,4,2
3628,Yågåmist,dalaran,384,demonhunter,havoc,6,4,2
3629,Chris,dreadmaul,384,demonhunter,havoc,6,4,2
3630,Doras,kelthuzad,384,demonhunter,havoc,6,4,2
3631,Demontoid,azgalor,384,demonhunter,havoc,6,4,2
3632,Khaosx,ragnaros,384,demonhunter,havoc,6,4,2
3633,Jinsha,emerald-dream,384,demonhunter,havoc,6,4,2
3634,Vyndrestan,dalaran,384,demonhunter,havoc,6,4,2
3635,Tyindron,exodar,384,demonhunter,havoc,6,4,2
3636,Uncleruckus,bloodscalp,384,demonhunter,havoc,6,4,2
3637,Intrusive,kelthuzad,384,demonhunter,havoc,6,4,2
3638,Cyphre,tichondrius,384,demonhunter,havoc,6,4,2
3639,Tußlur,kelthuzad,384,demonhunter,havoc,6,4,2
3640,Darkrëaper,azralon,384,demonhunter,havoc,6,4,2
3641,Krament,ragnaros,384,demonhunter,havoc,6,4,2
3642,Doomkaiser,aerie-peak,384,demonhunter,havoc,6,4,2
3643,Tristanzx,sargeras,384,demonhunter,havoc,6,4,2
3644,Italoo,ragnaros,384,demonhunter,havoc,6,4,2
3645,Abakkio,kelthuzad,384,demonhunter,havoc,6,4,2
3646,Darkah,icecrown,384,demonhunter,havoc,6,4,2
3647,Whudaz,tichondrius,384,demonhunter,havoc,6,4,2
3648,Wogarg,sargeras,384,demonhunter,havoc,6,4,2
3649,Kottàs,area-52,384,demonhunter,havoc,6,4,2
3650,Bopersdh,drakkari,384,demonhunter,havoc,6,4,2
3651,Florks,area-52,384,demonhunter,havoc,6,4,2
3652,Uncledonnie,tanaris,384,demonhunter,havoc,6,4,2
3653,Tiriøsh,area-52,384,demonhunter,havoc,6,4,2
3654,Touchmeweird,area-52,384,demonhunter,havoc,6,4,2
3655,Tragedydh,sargeras,384,demonhunter,havoc,6,4,2
3656,Epicfc,bleeding-hollow,384,demonhunter,havoc,6,4,2
3657,Cwrld,area-52,384,demonhunter,havoc,6,4,2
3658,Zanoxis,tichondrius,384,demonhunter,havoc,6,4,2
3659,Slyblitz,bleeding-hollow,384,demonhunter,havoc,6,4,2
3660,Ineptbb,frostmourne,384,demonhunter,havoc,6,4,2
3661,Jeeprcreeprs,sargeras,384,demonhunter,havoc,6,4,2
3662,Extínctíon,moon-guard,384,demonhunter,havoc,6,4,2
3663,Bigdingding,area-52,384,demonhunter,havoc,6,4,2
3664,Friel,magtheridon,384,demonhunter,havoc,6,4,2
3665,Diëgo,gallywix,384,demonhunter,havoc,7,4,3
3666,Pub,the-scryers,384,demonhunter,havoc,9,5,4
3667,Neodin,tichondrius,384,demonhunter,havoc,10,5,5
3668,Bazul,tichondrius,384,demonhunter,havoc,12,4,8
3669,Heallscrean,drakkari,384,demonhunter,havoc,12,4,8
3670,Thetim,kelthuzad,384,demonhunter,havoc,12,4,8
3671,Kruptikos,tichondrius,384,demonhunter,havoc,12,4,8
3672,Dhsoop,tichondrius,384,demonhunter,havoc,12,4,8
3673,Reapersauce,illidan,384,demonhunter,havoc,12,4,8
3674,Bleaster,malganis,384,demonhunter,havoc,12,4,8
3675,Vallar,bleeding-hollow,384,demonhunter,havoc,12,4,8
3676,Mikemyoffice,illidan,384,demonhunter,havoc,12,4,8
3677,Dkdakìng,thrall,384,demonhunter,havoc,12,4,8
3678,Temporarý,bleeding-hollow,384,demonhunter,havoc,12,4,8
3679,Mommafingers,illidan,384,demonhunter,havoc,12,4,8
3680,Ahernn,tichondrius,384,demonhunter,havoc,12,4,8
3681,Maisus,illidan,384,demonhunter,havoc,12,4,8
3682,Fenthras,thrall,384,demonhunter,havoc,12,4,8
3683,Sawsin,illidan,384,demonhunter,havoc,12,4,8
3684,Finnanutt,tichondrius,384,demonhunter,havoc,12,4,8
3685,Sailtheskys,tichondrius,384,demonhunter,havoc,12,4,8
3686,Adhdh,bloodhoof,384,demonhunter,havoc,12,4,8
3687,Fraxxured,proudmoore,384,demonhunter,havoc,12,4,8
3688,Orsova,area-52,384,demonhunter,havoc,12,4,8
3689,Overcrisis,quelthalas,384,demonhunter,havoc,12,4,8
3690,Blackclóver,drakkari,384,demonhunter,havoc,12,4,8
3691,Kålî,kiljaeden,384,demonhunter,havoc,12,4,8
3692,Allidox,tichondrius,384,demonhunter,havoc,12,4,8
3693,Namthar,quelthalas,384,demonhunter,havoc,12,4,8
3694,Bättousai,kiljaeden,384,demonhunter,havoc,12,4,8
3695,Drîp,moon-guard,384,demonhunter,havoc,12,4,8
3696,Dhibjorf,destromath,384,demonhunter,havoc,12,4,8
3697,Khatary,ragnaros,384,demonhunter,havoc,12,4,8
3698,Zurg,wyrmrest-accord,384,demonhunter,havoc,12,4,8
3699,Bloodgash,tichondrius,384,demonhunter,havoc,12,4,8
3700,Separate,stormrage,384,demonhunter,havoc,12,4,8
3701,Zoomie,durotan,384,demonhunter,havoc,12,4,8
3702,Onigirix,area-52,384,demonhunter,havoc,12,4,8
3703,Sinhful,darkspear,384,demonhunter,havoc,12,4,8
3704,Sathsong,tichondrius,384,demonhunter,havoc,12,4,8
3705,Contactfront,whisperwind,384,demonhunter,havoc,12,4,8
3706,Leonardovg,quelthalas,384,demonhunter,havoc,12,4,8
3707,Dhtimes,ragnaros,384,demonhunter,havoc,12,4,8
3708,Zzatmikaze,area-52,384,demonhunter,havoc,12,4,8
3709,Dystopik,area-52,384,demonhunter,havoc,12,4,8
3710,Butterfinger,greymane,384,demonhunter,havoc,12,4,8
3711,Inssurgent,nagrand,384,demonhunter,havoc,12,4,8
3712,Lìnc,sargeras,384,demonhunter,havoc,12,4,8
3713,Pupariuh,illidan,384,demonhunter,havoc,12,4,8
3714,Yukimes,frostmourne,384,demonhunter,havoc,12,4,8
3715,Sephmilli,azralon,384,demonhunter,havoc,12,4,8
3716,Anomander,khazgoroth,384,demonhunter,havoc,12,4,8
3717,Shallah,barthilas,384,demonhunter,havoc,12,4,8
3718,Noliaclap,sargeras,384,demonhunter,havoc,12,4,8
3719,Kelprii,emerald-dream,384,demonhunter,havoc,12,4,8
3720,Mëñâçë,tichondrius,384,demonhunter,havoc,13,4,9
3721,Alphatoo,area-52,384,demonhunter,havoc,15,4,11
3722,Noyan,tichondrius,384,demonhunter,havoc,17,4,13
3723,Hævenlysinz,tichondrius,384,demonhunter,havoc,18,4,14
3724,Ravesx,illidan,384,demonhunter,havoc,18,4,14
3725,Fuujiin,tol-barad,384,demonhunter,havoc,18,4,14
3726,Roodblurz,zuljin,384,demonhunter,havoc,18,4,14
3727,Felsa,wyrmrest-accord,384,demonhunter,havoc,18,4,14
3728,Trystenn,nagrand,384,demonhunter,havoc,18,4,14
3729,Severon,stormrage,383,demonhunter,havoc,6,4,2
3730,Handael,illidan,383,demonhunter,havoc,6,4,2
3731,Timeryus,ragnaros,383,demonhunter,havoc,6,4,2
3732,Demondrëad,lightbringer,383,demonhunter,havoc,9,5,4
3733,Ahzalor,azralon,383,demonhunter,havoc,12,4,8
3734,Rarespawnjon,tichondrius,383,demonhunter,havoc,12,4,8
3735,Themurderer,area-52,383,demonhunter,havoc,12,4,8
3736,Draktyl,bronzebeard,383,demonhunter,havoc,12,4,8
3737,Døffy,area-52,383,demonhunter,havoc,12,4,8
3738,Deathslice,azgalor,383,demonhunter,havoc,12,4,8
3739,Flearemedy,moon-guard,383,demonhunter,havoc,12,4,8
3740,Vellinaris,zuljin,383,demonhunter,havoc,12,4,8
3741,Pradaboi,tichondrius,383,demonhunter,havoc,24,4,20
3742,Valeriann,thunderlord,382,demonhunter,havoc,6,4,2
3743,Rouzk,ragnaros,382,demonhunter,havoc,6,4,2
3744,Saladuoduo,illidan,382,demonhunter,havoc,12,4,8
3745,Xiin,cenarion-circle,382,demonhunter,havoc,12,4,8
3746,Apaantuh,sargeras,382,demonhunter,havoc,12,4,8
3747,Anguloke,wyrmrest-accord,381,demonhunter,havoc,10,5,5
3748,Agramun,ragnaros,381,demonhunter,havoc,12,4,8
3749,Killercooter,area-52,381,demonhunter,havoc,12,4,8
3750,Yogo,tichondrius,352,demonhunter,havoc,10,4,6
3751,Polunochnaya,area-52,352,demonhunter,havoc,16,4,12
3752,Viølance,area-52,351,demonhunter,havoc,8,5,3
3753,Findoratoqc,darrowmere,351,demonhunter,havoc,11,4,7
3754,Xiruu,area-52,336,demonhunter,havoc,15,5,10
3755,Unjust,darkspear,336,demonhunter,havoc,15,4,11
3756,Deadlysin,dragonmaw,336,demonhunter,havoc,15,4,11
3757,Fingerjamsx,area-52,335,demonhunter,havoc,11,4,7
3758,Cherrycrüsh,sargeras,335,demonhunter,havoc,11,4,7
3759,Lehvi,kiljaeden,335,demonhunter,havoc,11,4,7
3760,Dearborn,frostmourne,330,demonhunter,havoc,16,5,11
3761,Criyn,kelthuzad,330,demonhunter,havoc,17,5,12
3762,Acelolzz,illidan,320,demonhunter,havoc,10,4,6
3763,Chohpz,silvermoon,318,demonhunter,havoc,8,4,4
3764,Gibbz,wyrmrest-accord,304,demonhunter,havoc,11,5,6
3765,Mèrlyn,sargeras,288,demonhunter,havoc,6,3,3
3766,Tink,kilrogg,288,demonhunter,havoc,6,3,3
3767,Elgreezy,sargeras,288,demonhunter,havoc,6,3,3
3768,Imissher,dalaran,288,demonhunter,havoc,6,3,3
3769,Bezmon,silvermoon,288,demonhunter,havoc,6,3,3
3770,Onedigitiq,thrall,288,demonhunter,havoc,6,3,3
3771,Safiyya,proudmoore,288,demonhunter,havoc,6,3,3
3772,Devastation,tichondrius,288,demonhunter,havoc,6,3,3
3773,Namiisann,terenas,288,demonhunter,havoc,6,3,3
3774,Cassadega,sargeras,288,demonhunter,havoc,6,3,3
3775,Talsaris,drakthul,288,demonhunter,havoc,6,3,3
3776,Stacheaction,sargeras,288,demonhunter,havoc,6,3,3
3777,Râkê,malganis,288,demonhunter,havoc,6,3,3
3778,Vichopan,tichondrius,288,demonhunter,havoc,6,3,3
3779,Gnatman,skywall,288,demonhunter,havoc,6,3,3
3780,Lyrndrial,wildhammer,288,demonhunter,havoc,6,3,3
3781,Luminesce,tichondrius,288,demonhunter,havoc,6,3,3
3782,Danthedh,illidan,288,demonhunter,havoc,6,3,3
3783,Velerolas,area-52,288,demonhunter,havoc,6,3,3
3784,Treeüs,sargeras,288,demonhunter,havoc,6,3,3
3785,Asukaxox,illidan,288,demonhunter,havoc,6,3,3
3786,Demønical,dalaran,288,demonhunter,havoc,6,3,3
3787,Zalenn,whisperwind,288,demonhunter,havoc,6,3,3
3788,Thunderrbolt,illidan,288,demonhunter,havoc,6,3,3
3789,Businessmaam,malganis,288,demonhunter,havoc,6,3,3
3790,Treyydh,illidan,288,demonhunter,havoc,6,3,3
3791,Singueta,stormrage,288,demonhunter,havoc,6,3,3
3792,Densewench,stormrage,288,demonhunter,havoc,6,3,3
3793,Careestal,stormrage,288,demonhunter,havoc,6,3,3
3794,Cedicdh,illidan,288,demonhunter,havoc,6,3,3
3795,Kawaiiakitty,tichondrius,288,demonhunter,havoc,6,3,3
3796,Gilidar,terenas,288,demonhunter,havoc,6,3,3
3797,Zeppelìn,stormrage,288,demonhunter,havoc,6,3,3
3798,Bkeight,dalaran,288,demonhunter,havoc,6,3,3
3799,Sofedon,kargath,288,demonhunter,havoc,6,3,3
3800,Warglaîve,illidan,288,demonhunter,havoc,6,3,3
3801,Crtiicosdh,madoran,288,demonhunter,havoc,6,3,3
3802,Teufelhundn,tichondrius,288,demonhunter,havoc,6,3,3
3803,Celestez,kelthuzad,288,demonhunter,havoc,6,3,3
3804,Illipo,illidan,288,demonhunter,havoc,6,3,3
3805,Fourbuttonsx,sargeras,288,demonhunter,havoc,6,3,3
3806,Blingtrön,malganis,288,demonhunter,havoc,6,3,3
3807,Nen,illidan,288,demonhunter,havoc,6,3,3
3808,ßeelzëbub,icecrown,288,demonhunter,havoc,6,3,3
3809,Inva,stormrage,288,demonhunter,havoc,6,3,3
3810,Ziyutomioka,moon-guard,288,demonhunter,havoc,6,3,3
3811,Totheglaive,sargeras,288,demonhunter,havoc,6,3,3
3812,Dhunterkofwa,tichondrius,288,demonhunter,havoc,6,3,3
3813,Rákdos,illidan,288,demonhunter,havoc,6,3,3
3814,Quiksilverv,khazgoroth,288,demonhunter,havoc,6,3,3
3815,Dettlaff,sentinels,288,demonhunter,havoc,6,3,3
3816,Çreme,tichondrius,288,demonhunter,havoc,6,3,3
3817,Blckreaper,area-52,288,demonhunter,havoc,6,3,3
3818,Aslowbust,tichondrius,288,demonhunter,havoc,6,3,3
3819,Adycatt,illidan,288,demonhunter,havoc,6,3,3
3820,Walk,kul-tiras,288,demonhunter,havoc,6,3,3
3821,Cäncèr,area-52,288,demonhunter,havoc,6,3,3
3822,Rhynóe,illidan,288,demonhunter,havoc,6,3,3
3823,Sxzure,frostmourne,288,demonhunter,havoc,6,3,3
3824,Riodh,area-52,288,demonhunter,havoc,6,3,3
3825,Darkstein,nathrezim,288,demonhunter,havoc,6,3,3
3826,Elfdiablo,bonechewer,288,demonhunter,havoc,6,3,3
3827,Claudija,frostmourne,288,demonhunter,havoc,6,3,3
3828,Krendron,malganis,288,demonhunter,havoc,6,3,3
3829,Songtwo,frostmourne,288,demonhunter,havoc,6,3,3
3830,Tenth,draka,288,demonhunter,havoc,6,3,3
3831,Ocão,azralon,288,demonhunter,havoc,6,3,3
3832,Wingsofhavoc,darkspear,288,demonhunter,havoc,6,3,3
3833,Fracxures,area-52,288,demonhunter,havoc,6,3,3
3834,Felform,area-52,288,demonhunter,havoc,6,3,3
3835,Zïlly,blackrock,288,demonhunter,havoc,6,3,3
3836,Walluped,malganis,288,demonhunter,havoc,6,3,3
3837,Aventear,wyrmrest-accord,288,demonhunter,havoc,6,3,3
3838,Fferchu,ragnaros,288,demonhunter,havoc,6,3,3
3839,Arlequhin,ragnaros,288,demonhunter,havoc,6,3,3
3840,Sorrenta,ragnaros,288,demonhunter,havoc,6,3,3
3841,Inphamy,chogall,288,demonhunter,havoc,6,3,3
3842,Smokepurppx,zuljin,288,demonhunter,havoc,6,3,3
3843,Shamock,aggramar,288,demonhunter,havoc,6,3,3
3844,Rauwèrs,azralon,288,demonhunter,havoc,6,3,3
3845,Acclimate,aggramar,288,demonhunter,havoc,6,3,3
3846,Slodeath,zuljin,288,demonhunter,havoc,6,3,3
3847,Whezka,ragnaros,288,demonhunter,havoc,6,3,3
3848,Shacco,bleeding-hollow,288,demonhunter,havoc,6,3,3
3849,Âsmodeus,laughing-skull,288,demonhunter,havoc,6,3,3
3850,Kamakhasi,bleeding-hollow,288,demonhunter,havoc,6,3,3
3851,Kylíejennêr,gilneas,288,demonhunter,havoc,6,3,3
3852,Noóve,area-52,288,demonhunter,havoc,6,3,3
3853,Darkterrôr,sargeras,288,demonhunter,havoc,9,4,5
3854,Dhuck,nemesis,288,demonhunter,havoc,15,4,11
3855,Valàk,bleeding-hollow,288,demonhunter,havoc,12,3,9
3856,Çløûdïx,tichondrius,288,demonhunter,havoc,12,3,9
3857,Bigbubbaa,azgalor,288,demonhunter,havoc,12,3,9
3858,Dmfeetpics,dalaran,288,demonhunter,havoc,12,3,9
3859,Itsplague,tichondrius,288,demonhunter,havoc,12,3,9
3860,Azziria,aerie-peak,288,demonhunter,havoc,12,3,9
3861,Kraky,nemesis,288,demonhunter,havoc,12,3,9
3862,Shidz,frostmourne,288,demonhunter,havoc,12,3,9
3863,Skrimpi,dalaran,288,demonhunter,havoc,12,3,9
3864,Katsuucurry,tichondrius,288,demonhunter,havoc,12,3,9
3865,Rasgon,azralon,288,demonhunter,havoc,12,3,9
3866,Lawimmortal,tichondrius,288,demonhunter,havoc,12,3,9
3867,Dirtyd,dragonmaw,288,demonhunter,havoc,12,3,9
3868,Occula,moon-guard,288,demonhunter,havoc,12,3,9
3869,Brokendh,ragnaros,288,demonhunter,havoc,12,3,9
3870,Mirante,illidan,288,demonhunter,havoc,12,3,9
3871,Albinohobo,emerald-dream,288,demonhunter,havoc,12,3,9
3872,Tentacruelzz,area-52,288,demonhunter,havoc,12,3,9
3873,Félmoose,moon-guard,288,demonhunter,havoc,12,3,9
3874,Trekt,blades-edge,288,demonhunter,havoc,12,3,9
3875,Djkelly,tichondrius,288,demonhunter,havoc,12,3,9
3876,Strickdaddy,hyjal,288,demonhunter,havoc,12,3,9
3877,Demonichoov,thrall,288,demonhunter,havoc,12,3,9
3878,Abrams,tichondrius,288,demonhunter,havoc,12,3,9
3879,Zudo,amanthul,288,demonhunter,havoc,12,3,9
3880,Wotlkdh,area-52,288,demonhunter,havoc,12,3,9
3881,Denadiirx,area-52,288,demonhunter,havoc,12,3,9
3882,Mvrda,area-52,288,demonhunter,havoc,12,3,9
3883,Icanmove,area-52,288,demonhunter,havoc,12,3,9
3884,Elflerri,area-52,288,demonhunter,havoc,12,3,9
3885,Atriax,kelthuzad,288,demonhunter,havoc,12,3,9
3886,Vellassa,stormscale,288,demonhunter,havoc,18,3,15
3887,Lavantora,tichondrius,288,demonhunter,havoc,23,3,20
3888,Haydet,stormrage,287,demonhunter,havoc,6,3,3
3889,Holescrewer,tichondrius,287,demonhunter,havoc,6,3,3
3890,Devilina,khadgar,287,demonhunter,havoc,6,3,3
3891,Kratox,senjin,287,demonhunter,havoc,6,3,3
3892,Eggandpotato,saurfang,287,demonhunter,havoc,6,3,3
3893,Slixxk,sargeras,287,demonhunter,havoc,9,4,5
3894,Villoria,kul-tiras,287,demonhunter,havoc,12,3,9
3895,Lsnusnul,illidan,286,demonhunter,havoc,6,3,3
3896,Psythe,undermine,286,demonhunter,havoc,12,3,9
3897,Dannaris,maelstrom,285,demonhunter,havoc,12,3,9
3898,Pekkora,illidan,284,demonhunter,havoc,12,3,9
3899,Elrr,drakkari,255,demonhunter,havoc,11,3,8
3900,Nikator,emerald-dream,255,demonhunter,havoc,11,3,8
3901,Juantty,area-52,240,demonhunter,havoc,15,3,12
3902,Vickyvette,illidan,239,demonhunter,havoc,5,3,2
3903,Pumppimp,stormrage,239,demonhunter,havoc,5,3,2
3904,Kryzthed,drakkari,233,demonhunter,havoc,13,4,9
3905,Bushwacker,azralon,223,demonhunter,havoc,8,3,5
3906,Onihunter,zangarmarsh,208,demonhunter,havoc,7,3,4
3907,Cobra,quelthalas,208,demonhunter,havoc,7,3,4
3908,Critxclutch,tichondrius,192,demonhunter,havoc,4,3,1
3909,Syrendris,moon-guard,192,demonhunter,havoc,8,3,5
3910,Thedhdream,frostmourne,192,demonhunter,havoc,9,3,6
3911,Mäläk,zuluhed,192,demonhunter,havoc,6,2,4
3912,Cirillas,illidan,192,demonhunter,havoc,6,2,4
3913,Tywín,illidan,192,demonhunter,havoc,6,2,4
3914,Hoagiedevil,moon-guard,192,demonhunter,havoc,6,2,4
3915,Hellishunter,illidan,192,demonhunter,havoc,6,2,4
3916,Renoshan,wyrmrest-accord,192,demonhunter,havoc,6,2,4
3917,Dirtydone,area-52,192,demonhunter,havoc,6,2,4
3918,Causinghavoc,dalaran,192,demonhunter,havoc,6,2,4
3919,Ratcnt,barthilas,192,demonhunter,havoc,6,2,4
3920,String,tanaris,192,demonhunter,havoc,6,2,4
3921,Devilweef,whisperwind,192,demonhunter,havoc,6,2,4
3922,Gopump,area-52,192,demonhunter,havoc,6,2,4
3923,Lookatdishoe,tichondrius,192,demonhunter,havoc,6,2,4
3924,Buhnana,stormscale,192,demonhunter,havoc,6,2,4
3925,Cordianx,area-52,192,demonhunter,havoc,6,2,4
3926,Carlibeth,illidan,192,demonhunter,havoc,6,2,4
3927,Wreckforce,blades-edge,192,demonhunter,havoc,6,2,4
3928,Azshada,shadowmoon,192,demonhunter,havoc,6,2,4
3929,Ambitiòn,moon-guard,192,demonhunter,havoc,6,2,4
3930,Frino,steamwheedle-cartel,192,demonhunter,havoc,6,2,4
3931,Sodí,moon-guard,192,demonhunter,havoc,6,2,4
3932,Dhfaceguy,agamaggan,192,demonhunter,havoc,6,2,4
3933,Frøstdh,area-52,192,demonhunter,havoc,6,2,4
3934,Blynx,destromath,192,demonhunter,havoc,6,2,4
3935,Serberius,stormrage,192,demonhunter,havoc,6,2,4
3936,Annmílls,quelthalas,192,demonhunter,havoc,6,2,4
3937,Xannaa,illidan,192,demonhunter,havoc,6,2,4
3938,Lvqp,barthilas,192,demonhunter,havoc,6,2,4
3939,Renatha,ragnaros,192,demonhunter,havoc,6,2,4
3940,Badalandabad,nemesis,192,demonhunter,havoc,6,2,4
3941,Ossariss,moon-guard,192,demonhunter,havoc,6,2,4
3942,Leeröy,area-52,192,demonhunter,havoc,6,2,4
3943,Texts,norgannon,192,demonhunter,havoc,6,2,4
3944,Ralphie,ysera,192,demonhunter,havoc,6,2,4
3945,Zeldris,duskwood,192,demonhunter,havoc,6,2,4
3946,Sharinne,frostmourne,192,demonhunter,havoc,6,2,4
3947,Iøst,stormrage,192,demonhunter,havoc,6,2,4
3948,Gogiban,tichondrius,192,demonhunter,havoc,6,2,4
3949,Atomicsorrow,tichondrius,192,demonhunter,havoc,6,2,4
3950,Varaedra,stormreaver,192,demonhunter,havoc,6,2,4
3951,Xanthrodril,illidan,192,demonhunter,havoc,6,2,4
3952,Frøppy,illidan,192,demonhunter,havoc,6,2,4
3953,Ýizl,ragnaros,192,demonhunter,havoc,6,2,4
3954,Arkynth,dalaran,192,demonhunter,havoc,6,2,4
3955,Nhoxell,ragnaros,192,demonhunter,havoc,6,2,4
3956,Demonchild,azralon,192,demonhunter,havoc,6,2,4
3957,Cryolite,sargeras,192,demonhunter,havoc,6,2,4
3958,Revzxy,dalaran,192,demonhunter,havoc,6,2,4
3959,Ausä,ragnaros,192,demonhunter,havoc,6,2,4
3960,Kayanson,azralon,192,demonhunter,havoc,6,2,4
3961,Felbarrah,barthilas,192,demonhunter,havoc,6,2,4
3962,Heptabase,tichondrius,192,demonhunter,havoc,6,2,4
3963,Badservice,frostwolf,192,demonhunter,havoc,6,2,4
3964,Øxxy,azralon,192,demonhunter,havoc,6,2,4
3965,Daracu,aerie-peak,192,demonhunter,havoc,6,2,4
3966,Berquondh,tichondrius,192,demonhunter,havoc,6,2,4
3967,Rkakda,thunderlord,192,demonhunter,havoc,6,2,4
3968,Demonslayyer,saurfang,192,demonhunter,havoc,6,2,4
3969,Thesituatíon,sargeras,192,demonhunter,havoc,6,2,4
3970,Zethh,drakkari,192,demonhunter,havoc,6,2,4
3971,Gyutaro,frostmourne,192,demonhunter,havoc,6,2,4
3972,Arandë,earthen-ring,192,demonhunter,havoc,6,2,4
3973,Zusi,frostmane,192,demonhunter,havoc,6,2,4
3974,Aleta,firetree,192,demonhunter,havoc,6,2,4
3975,Chicletim,azralon,192,demonhunter,havoc,6,2,4
3976,Sendingit,vashj,192,demonhunter,havoc,6,2,4
3977,Illimare,tichondrius,192,demonhunter,havoc,6,2,4
3978,Skol,andorhal,192,demonhunter,havoc,6,2,4
3979,Sarithos,frostmourne,192,demonhunter,havoc,6,2,4
3980,Krador,wyrmrest-accord,192,demonhunter,havoc,6,2,4
3981,Kyndlia,wyrmrest-accord,192,demonhunter,havoc,6,2,4
3982,Reflexin,tichondrius,192,demonhunter,havoc,6,2,4
3983,Downbadsimp,tichondrius,192,demonhunter,havoc,6,2,4
3984,Cocopapa,tichondrius,192,demonhunter,havoc,6,2,4
3985,Rykko,borean-tundra,192,demonhunter,havoc,6,2,4
3986,Shadynãsty,drakthul,192,demonhunter,havoc,6,2,4
3987,Imleu,stormrage,192,demonhunter,havoc,6,2,4
3988,Daso,the-forgotten-coast,192,demonhunter,havoc,6,2,4
3989,Valerethis,steamwheedle-cartel,192,demonhunter,havoc,6,2,4
3990,Lillidanss,the-forgotten-coast,192,demonhunter,havoc,6,2,4
3991,Subsfordubs,illidan,192,demonhunter,havoc,6,2,4
3992,Swagidan,khaz-modan,192,demonhunter,havoc,6,2,4
3993,Jadyne,frostmourne,192,demonhunter,havoc,6,2,4
3994,Idemonl,barthilas,192,demonhunter,havoc,6,2,4
3995,Ivexia,blackrock,192,demonhunter,havoc,6,2,4
3996,Kezzaku,frostmourne,192,demonhunter,havoc,6,2,4
3997,Elaurenne,sargeras,192,demonhunter,havoc,6,2,4
3998,Trackamp,emerald-dream,192,demonhunter,havoc,6,2,4
3999,Kungfudh,illidan,192,demonhunter,havoc,6,2,4
4000,Yhell,darkspear,192,demonhunter,havoc,6,2,4
4001,Glaíve,anvilmar,192,demonhunter,havoc,6,2,4
4002,Showaitie,thrall,192,demonhunter,havoc,6,2,4
4003,Daabsdh,thrall,192,demonhunter,havoc,6,2,4
4004,Moxy,kaelthas,192,demonhunter,havoc,6,2,4
4005,Demonwaffle,draka,192,demonhunter,havoc,6,2,4
4006,Illdaira,windrunner,192,demonhunter,havoc,6,2,4
4007,Imagoon,sargeras,192,demonhunter,havoc,6,2,4
4008,Azuki,lightbringer,192,demonhunter,havoc,6,2,4
4009,Lilvetis,thrall,192,demonhunter,havoc,6,2,4
4010,Falan,drakthul,192,demonhunter,havoc,6,2,4
4011,Zarraessa,trollbane,192,demonhunter,havoc,6,2,4
4012,Jozeez,emerald-dream,192,demonhunter,havoc,6,2,4
4013,Ragath,bonechewer,192,demonhunter,havoc,6,2,4
4014,Riot,nazgrel,192,demonhunter,havoc,6,2,4
4015,Slaymore,sargeras,192,demonhunter,havoc,6,2,4
4016,Lilyanie,stormrage,192,demonhunter,havoc,6,2,4
4017,Metha,kiljaeden,192,demonhunter,havoc,6,2,4
4018,Kraazi,thrall,192,demonhunter,havoc,6,2,4
4019,Bastaghor,stormrage,192,demonhunter,havoc,6,2,4
4020,Naresaris,proudmoore,192,demonhunter,havoc,6,2,4
4021,Freddiedread,bladefist,192,demonhunter,havoc,6,2,4
4022,Illidanmello,proudmoore,192,demonhunter,havoc,6,2,4
4023,Reenah,exodar,192,demonhunter,havoc,6,2,4
4024,Wïldside,tichondrius,192,demonhunter,havoc,6,2,4
4025,Theenemesis,wildhammer,192,demonhunter,havoc,6,2,4
4026,Borekkarxqt,emerald-dream,192,demonhunter,havoc,6,2,4
4027,Sparklepunch,stormrage,192,demonhunter,havoc,6,2,4
4028,Wartornx,tichondrius,192,demonhunter,havoc,6,2,4
4029,Qlmm,stormrage,192,demonhunter,havoc,7,2,5
4030,Politic,area-52,192,demonhunter,havoc,11,2,9
4031,Denel,laughing-skull,192,demonhunter,havoc,12,2,10
4032,Mavrel,moon-guard,192,demonhunter,havoc,12,2,10
4033,Spacéphoenix,stormrage,192,demonhunter,havoc,12,2,10
4034,Daeth,skullcrusher,192,demonhunter,havoc,12,2,10
4035,Cidolem,area-52,192,demonhunter,havoc,12,2,10
4036,Proserpinâ,bleeding-hollow,192,demonhunter,havoc,12,2,10
4037,Halaena,moon-guard,192,demonhunter,havoc,12,2,10
4038,Chell,stormscale,192,demonhunter,havoc,12,2,10
4039,Gyop,azralon,192,demonhunter,havoc,12,2,10
4040,Kushz,dalaran,192,demonhunter,havoc,12,2,10
4041,Hollownight,area-52,192,demonhunter,havoc,12,2,10
4042,Catastroz,ragnaros,192,demonhunter,havoc,12,2,10
4043,Cola,illidan,192,demonhunter,havoc,12,2,10
4044,Âduka,illidan,192,demonhunter,havoc,12,2,10
4045,Reikune,tichondrius,192,demonhunter,havoc,12,2,10
4046,Asharian,wyrmrest-accord,192,demonhunter,havoc,12,2,10
4047,Boofdh,illidan,192,demonhunter,havoc,12,2,10
4048,Smokinops,stormrage,192,demonhunter,havoc,12,2,10
4049,Tempésts,tichondrius,192,demonhunter,havoc,12,2,10
4050,Kyska,tichondrius,192,demonhunter,havoc,12,2,10
4051,Beastforlife,sargeras,192,demonhunter,havoc,12,2,10
4052,Pholly,altar-of-storms,191,demonhunter,havoc,6,2,4
4053,Teethdaggers,wyrmrest-accord,191,demonhunter,havoc,6,2,4
4054,Tarasam,burning-blade,191,demonhunter,havoc,12,2,10
4055,Feilixx,moon-guard,190,demonhunter,havoc,12,2,10
4056,Ferunye,stormrage,159,demonhunter,havoc,5,2,3
4057,Crustorbust,tichondrius,159,demonhunter,havoc,5,2,3
4058,Theweektwo,drakkari,159,demonhunter,havoc,11,2,9
4059,Raycharlés,sargeras,138,demonhunter,havoc,6,3,3
4060,Refused,nesingwary,138,demonhunter,havoc,11,4,7
4061,Criolex,stormrage,138,demonhunter,havoc,9,3,6
4062,Shanjara,sargeras,138,demonhunter,havoc,15,3,12
4063,Xeil,zuljin,128,demonhunter,havoc,4,2,2
4064,Zanecksbinge,skullcrusher,128,demonhunter,havoc,4,2,2
4065,Bottleofbirb,tichondrius,127,demonhunter,havoc,8,2,6
4066,Xwingpilot,arthas,127,demonhunter,havoc,8,2,6
4067,Kümï,quelthalas,96,demonhunter,havoc,3,2,1
4068,Tättø,area-52,96,demonhunter,havoc,3,2,1
4069,Blaamy,magtheridon,96,demonhunter,havoc,3,2,1
4070,Litball,stormrage,96,demonhunter,havoc,3,2,1
4071,Glaivee,dalaran,96,demonhunter,havoc,6,1,5
4072,Jekyldh,tichondrius,96,demonhunter,havoc,6,1,5
4073,Bensonlove,tichondrius,96,demonhunter,havoc,6,1,5
4074,Lokydh,tichondrius,96,demonhunter,havoc,6,1,5
4075,Reezi,sargeras,96,demonhunter,havoc,6,1,5
4076,Carrîôn,tichondrius,96,demonhunter,havoc,6,1,5
4077,Vëngêåncé,tichondrius,96,demonhunter,havoc,6,1,5
4078,Evaxaxx,tichondrius,96,demonhunter,havoc,6,1,5
4079,Artee,illidan,96,demonhunter,havoc,6,1,5
4080,Theysuffer,scilla,96,demonhunter,havoc,6,1,5
4081,Gil,moonrunner,96,demonhunter,havoc,6,1,5
4082,Memslaw,tichondrius,96,demonhunter,havoc,6,1,5
4083,Anabolicbro,tichondrius,96,demonhunter,havoc,6,1,5
4084,Constantwood,sargeras,96,demonhunter,havoc,6,1,5
4085,Felblood,saurfang,96,demonhunter,havoc,6,1,5
4086,Musewine,tichondrius,96,demonhunter,havoc,6,1,5
4087,Eibizoudh,sargeras,96,demonhunter,havoc,6,1,5
4088,Pighe,tichondrius,96,demonhunter,havoc,6,1,5
4089,Demønvil,onyxia,96,demonhunter,havoc,6,1,5
4090,Safikins,tichondrius,96,demonhunter,havoc,6,1,5
4091,Vidêl,stormrage,96,demonhunter,havoc,6,1,5
4092,Righton,black-dragonflight,96,demonhunter,havoc,6,1,5
4093,Roat,malganis,96,demonhunter,havoc,6,1,5
4094,Nightsatan,stormrage,96,demonhunter,havoc,6,1,5
4095,Demonleàf,area-52,96,demonhunter,havoc,6,1,5
4096,Mazïkeen,uther,96,demonhunter,havoc,6,1,5
4097,Demonfuji,proudmoore,96,demonhunter,havoc,6,1,5
4098,Solcon,exodar,96,demonhunter,havoc,6,1,5
4099,Akammy,proudmoore,96,demonhunter,havoc,6,1,5
4100,Arkfall,proudmoore,96,demonhunter,havoc,6,1,5
4101,Sado,proudmoore,96,demonhunter,havoc,6,1,5
4102,Jerry,emerald-dream,96,demonhunter,havoc,6,1,5
4103,Mythundorn,burning-blade,96,demonhunter,havoc,6,1,5
4104,Xenosa,kiljaeden,96,demonhunter,havoc,6,1,5
4105,Scarolol,malganis,96,demonhunter,havoc,6,1,5
4106,Skylinetime,sargeras,96,demonhunter,havoc,6,1,5
4107,Phosphora,dalaran,96,demonhunter,havoc,6,1,5
4108,Hausecat,aegwynn,96,demonhunter,havoc,6,1,5
4109,Treblig,nerzhul,96,demonhunter,havoc,6,1,5
4110,Ðemonhunterx,frostmourne,96,demonhunter,havoc,6,1,5
4111,Steeler,shandris,96,demonhunter,havoc,6,1,5
4112,Snazzyy,kelthuzad,96,demonhunter,havoc,6,1,5
4113,Lauriale,moon-guard,96,demonhunter,havoc,6,1,5
4114,Siegfridemon,ragnaros,96,demonhunter,havoc,6,1,5
4115,Varanidae,kelthuzad,96,demonhunter,havoc,6,1,5
4116,Chakan,burning-legion,96,demonhunter,havoc,6,1,5
4117,Adhdhdh,bloodhoof,96,demonhunter,havoc,6,1,5
4118,Chad,anvilmar,96,demonhunter,havoc,6,1,5
4119,Painqtxo,area-52,96,demonhunter,havoc,6,1,5
4120,Kurotoo,ragnaros,96,demonhunter,havoc,6,1,5
4121,Chris,nordrassil,96,demonhunter,havoc,6,1,5
4122,Elillidan,emerald-dream,96,demonhunter,havoc,6,1,5
4123,Slycerr,illidan,96,demonhunter,havoc,6,1,5
4124,Vaestl,zuljin,96,demonhunter,havoc,6,1,5
4125,Negraxo,ragnaros,96,demonhunter,havoc,6,1,5
4126,Esøteric,area-52,96,demonhunter,havoc,6,1,5
4127,Llörne,moon-guard,96,demonhunter,havoc,6,1,5
4128,Wubloadz,bleeding-hollow,96,demonhunter,havoc,6,1,5
4129,Thêworld,azralon,96,demonhunter,havoc,6,1,5
4130,Brgkuma,sargeras,96,demonhunter,havoc,6,1,5
4131,Dhrongor,drakkari,96,demonhunter,havoc,6,1,5
4132,Clutch,spirestone,96,demonhunter,havoc,6,1,5
4133,Terpenese,chogall,96,demonhunter,havoc,6,1,5
4134,Marxefel,ragnaros,96,demonhunter,havoc,6,1,5
4135,Majindemon,dragonmaw,96,demonhunter,havoc,6,1,5
4136,Lantherin,sargeras,96,demonhunter,havoc,11,1,10
4137,Pursephone,bonechewer,96,demonhunter,havoc,12,1,11
4138,Ichigoo,arthas,96,demonhunter,havoc,12,1,11
4139,Chirøn,darkspear,96,demonhunter,havoc,12,1,11
4140,Moonsocks,proudmoore,96,demonhunter,havoc,12,1,11
4141,Gnocchis,thrall,96,demonhunter,havoc,12,1,11
4142,Aríes,dreadmaul,94,demonhunter,havoc,4,3,1
4143,Byzzel,barthilas,79,demonhunter,havoc,5,1,4
4144,Arlén,frostmourne,79,demonhunter,havoc,5,1,4
4145,Fellchapo,illidan,79,demonhunter,havoc,5,1,4
4146,Miskiiv,malganis,79,demonhunter,havoc,5,1,4
4147,Demonbluntzz,tichondrius,79,demonhunter,havoc,11,1,10
4148,Mcthiccyy,moon-guard,64,demonhunter,havoc,4,1,3
4149,Shadevon,wyrmrest-accord,64,demonhunter,havoc,4,1,3
4150,Blackpøwér,sargeras,64,demonhunter,havoc,5,1,4
4151,Goldsgym,boulderfist,63,demonhunter,havoc,2,2,0
4152,Jizzidari,frostmourne,48,demonhunter,havoc,3,1,2
4153,Quoates,dalaran,48,demonhunter,havoc,3,1,2
4154,Lifefery,quelthalas,48,demonhunter,havoc,3,1,2
4155,Raptorjèsus,azjolnerub,48,demonhunter,havoc,3,1,2
4156,Aryía,stormrage,48,demonhunter,havoc,3,1,2
4157,Healinfubar,stormrage,47,demonhunter,havoc,3,2,1
4158,Kersplack,tichondrius,42,demonhunter,havoc,8,3,5
4159,Xaryic,stormrage,42,demonhunter,havoc,16,5,11
4160,Mavlck,azralon,42,demonhunter,havoc,10,2,8
4161,Pooterjuice,shadowmoon,31,demonhunter,havoc,2,1,1
4162,Bladeset,moonrunner,31,demonhunter,havoc,2,1,1
4163,Lathazar,darkspear,16,demonhunter,havoc,1,1,0
4164,Iwasright,stonemaul,1488,demonhunter,vengeance,72,35,37
4165,Slippedinfel,tichondrius,1335,demonhunter,vengeance,47,22,25
4166,Jersey,proudmoore,1091,demonhunter,vengeance,29,17,12
4167,Agricornia,tichondrius,826,demonhunter,vengeance,18,9,9
4168,Nights,greymane,566,demonhunter,vengeance,12,6,6
4169,Irisand,ragnaros,288,demonhunter,vengeance,6,3,3
4170,Sinfulpariah,bladefist,288,demonhunter,vengeance,6,3,3
4171,Ferano,frostmourne,288,demonhunter,vengeance,6,3,3
4172,Çherrii,moon-guard,286,demonhunter,vengeance,6,3,3
4173,Tilltheend,illidan,239,demonhunter,vengeance,5,3,2
4174,Asderel,zuljin,192,demonhunter,vengeance,6,2,4
4175,Meliødaz,ragnaros,192,demonhunter,vengeance,12,2,10
4176,Shiningvenus,stormrage,192,demonhunter,vengeance,12,2,10
4177,Daymanhunter,bleeding-hollow,96,demonhunter,vengeance,6,1,5
4178,Foodtruck,hellscream,96,demonhunter,vengeance,6,1,5
4179,Nubishe,jubeithos,96,demonhunter,vengeance,6,1,5
4180,Aleymar,tichondrius,96,demonhunter,vengeance,6,1,5
4181,Grovetenderx,tichondrius,2238,druid,restoration,86,53,33
4182,Flóp,dalaran,2238,druid,restoration,90,53,37
4183,Renner,zuljin,2192,druid,restoration,109,57,52
4184,Angrygochux,tichondrius,2170,druid,restoration,154,84,70
4185,Garbagedruid,scilla,2157,druid,restoration,159,80,79
4186,Kobaishome,tichondrius,2148,druid,restoration,119,70,49
4187,Omkin,tichondrius,2137,druid,restoration,120,62,58
4188,Couragé,ragnaros,2137,druid,restoration,153,78,75
4189,Andrwceo,stormrage,2126,druid,restoration,66,42,24
4190,Liangpibro,illidan,2123,druid,restoration,85,54,31
4191,Bestrun,tichondrius,2116,druid,restoration,108,58,50
4192,Linful,tichondrius,2104,druid,restoration,209,106,103
4193,Szwlol,tichondrius,2057,druid,restoration,363,192,171
4194,Commercii,tichondrius,2043,druid,restoration,72,42,30
4195,Vers,dathremar,2037,druid,restoration,90,43,47
4196,Shaylyne,moonrunner,2026,druid,restoration,69,41,28
4197,Dannycarry,tichondrius,2025,druid,restoration,59,32,27
4198,Gotheelsx,illidan,2020,druid,restoration,208,103,105
4199,Racialmotive,illidan,2017,druid,restoration,134,76,58
4200,Rorae,tichondrius,2000,druid,restoration,167,85,82
4201,Leafynymph,tichondrius,1998,druid,restoration,61,39,22
4202,Hchls,tichondrius,1996,druid,restoration,152,77,75
4203,Guqingshuang,tichondrius,1994,druid,restoration,97,54,43
4204,Taiwanzz,tichondrius,1994,druid,restoration,79,40,39
4205,Taaienberg,sargeras,1979,druid,restoration,108,53,55
4206,Sanlunainiu,tichondrius,1976,druid,restoration,178,82,96
4207,Davidqx,zuljin,1968,druid,restoration,120,68,52
4208,Gotheels,illidan,1967,druid,restoration,47,32,15
4209,Creamyfresh,tichondrius,1963,druid,restoration,69,36,33
4210,Brenden,area-52,1958,druid,restoration,150,76,74
4211,Lvse,tichondrius,1955,druid,restoration,78,50,28
4212,Rbavny,tichondrius,1954,druid,restoration,42,25,17
4213,Pornkkimi,tichondrius,1952,druid,restoration,48,29,19
4214,Psam,emerald-dream,1948,druid,restoration,95,54,41
4215,Mengniulol,tichondrius,1947,druid,restoration,179,100,79
4216,Plorenz,zuljin,1945,druid,restoration,125,70,55
4217,Sanitizer,tichondrius,1942,druid,restoration,72,41,31
4218,Flowen,spinebreaker,1940,druid,restoration,78,39,39
4219,Softpawz,kelthuzad,1937,druid,restoration,83,42,41
4220,Lenya,bleeding-hollow,1932,druid,restoration,81,44,37
4221,Disembles,illidan,1924,druid,restoration,66,35,31
4222,Tizzyy,eredar,1921,druid,restoration,78,43,35
4223,Shiftýx,tichondrius,1905,druid,restoration,77,38,39
4224,Dancesdru,area-52,1888,druid,restoration,36,20,16
4225,Treenleaves,stormrage,1888,druid,restoration,493,260,233
4226,Saxhouse,illidan,1881,druid,restoration,60,34,26
4227,Nikdruidne,tichondrius,1881,druid,restoration,60,29,31
4228,Darkenëd,dalaran,1880,druid,restoration,68,41,27
4229,Aryawilliams,area-52,1880,druid,restoration,65,36,29
4230,Eddí,illidan,1872,druid,restoration,64,32,32
4231,Bashthecat,tichondrius,1871,druid,restoration,59,39,20
4232,Nersepha,gurubashi,1871,druid,restoration,54,26,28
4233,Drøgbä,tichondrius,1870,druid,restoration,30,20,10
4234,Xijinfing,tichondrius,1870,druid,restoration,42,25,17
4235,Rindy,rexxar,1869,druid,restoration,72,37,35
4236,Ksz,stormrage,1867,druid,restoration,42,25,17
4237,Lotiononmyd,illidan,1867,druid,restoration,159,88,71
4238,Holydruid,tichondrius,1867,druid,restoration,83,43,40
4239,Represent,tichondrius,1864,druid,restoration,48,26,22
4240,Druuná,kiljaeden,1863,druid,restoration,107,56,51
4241,Corbind,arthas,1860,druid,restoration,280,148,132
4242,Bexdru,area-52,1850,druid,restoration,284,151,133
4243,Rèmix,bleeding-hollow,1847,druid,restoration,42,23,19
4244,Qdeb,akama,1844,druid,restoration,48,27,21
4245,Vesoween,tichondrius,1843,druid,restoration,55,37,18
4246,Esque,stormrage,1842,druid,restoration,48,24,24
4247,Tokesh,malganis,1840,druid,restoration,72,33,39
4248,Washedgodx,mugthol,1839,druid,restoration,59,34,25
4249,Mimidelol,tichondrius,1839,druid,restoration,66,36,30
4250,Clameo,barthilas,1839,druid,restoration,102,48,54
4251,Janzak,thrall,1837,druid,restoration,48,28,20
4252,Gluesmoka,icecrown,1836,druid,restoration,54,31,23
4253,Scätmän,ragnaros,1835,druid,restoration,54,35,19
4254,Reehz,stormrage,1834,druid,restoration,53,25,28
4255,Udoyu,barthilas,1834,druid,restoration,72,32,40
4256,Bigtimers,illidan,1832,druid,restoration,54,24,30
4257,Blueclàssxx,akama,1831,druid,restoration,64,48,16
4258,Soreze,kelthuzad,1831,druid,restoration,56,35,21
4259,Spiritot,tichondrius,1829,druid,restoration,59,28,31
4260,Bodytwisting,tichondrius,1828,druid,restoration,48,29,19
4261,Pvpgold,illidan,1827,druid,restoration,71,39,32
4262,Rerolldr,firetree,1826,druid,restoration,42,24,18
4263,Germlol,sargeras,1825,druid,restoration,51,30,21
4264,Heymeow,tichondrius,1825,druid,restoration,60,24,36
4265,Naturae,spirestone,1823,druid,restoration,200,112,88
4266,Brendenjr,area-52,1819,druid,restoration,45,32,13
4267,Thasta,blackrock,1818,druid,restoration,140,78,62
4268,Jegara,auchindoun,1818,druid,restoration,149,81,68
4269,Badtree,tichondrius,1816,druid,restoration,104,63,41
4270,Currants,lightbringer,1815,druid,restoration,138,64,74
4271,Jbdontplay,sargeras,1812,druid,restoration,59,37,22
4272,Tunnaris,ragnaros,1811,druid,restoration,71,33,38
4273,Kenái,nemesis,1810,druid,restoration,30,19,11
4274,Hlchs,tichondrius,1810,druid,restoration,36,22,14
4275,Corcovado,bleeding-hollow,1809,druid,restoration,66,31,35
4276,Xgodhands,sargeras,1808,druid,restoration,30,22,8
4277,Aljalladtv,bleeding-hollow,1805,druid,restoration,30,19,11
4278,Yggdrasil,ravencrest,1805,druid,restoration,65,31,34
4279,Kayorva,gurubashi,1804,druid,restoration,47,24,23
4280,Héisénbérg,sargeras,1802,druid,restoration,186,98,88
4281,Playstyle,stormrage,1801,druid,restoration,49,25,24
4282,Fruitberry,malganis,1801,druid,restoration,53,24,29
4283,Nayko,sargeras,1801,druid,restoration,72,30,42
4284,Ivý,shadowsong,1800,druid,restoration,41,28,13
4285,Mengyu,tichondrius,1800,druid,restoration,64,41,23
4286,Kobrah,twisting-nether,1800,druid,restoration,36,20,16
4287,Reizzy,sargeras,1793,druid,restoration,72,35,37
4288,Oinkme,kiljaeden,1787,druid,restoration,84,38,46
4289,Loudswords,barthilas,1784,druid,restoration,54,29,25
4290,Ellystarry,stormrage,1781,druid,restoration,84,44,40
4291,Ekr,tichondrius,1779,druid,restoration,54,29,25
4292,Airmeodaddy,barthilas,1774,druid,restoration,71,39,32
4293,Jdown,dalaran,1772,druid,restoration,76,43,33
4294,Geddoff,stormrage,1770,druid,restoration,111,51,60
4295,Kruisberg,sargeras,1769,druid,restoration,29,19,10
4296,Pineappledûe,tichondrius,1767,druid,restoration,52,28,24
4297,Kwd,stormrage,1766,druid,restoration,77,51,26
4298,Leafowl,tichondrius,1764,druid,restoration,54,28,26
4299,Sùlyvahn,tichondrius,1761,druid,restoration,57,30,27
4300,Tweeguy,malganis,1761,druid,restoration,78,33,45
4301,Dsheeps,tichondrius,1760,druid,restoration,48,27,21
4302,Maen,kelthuzad,1760,druid,restoration,76,34,42
4303,Moldragon,crushridge,1758,druid,restoration,48,24,24
4304,Gloomster,tichondrius,1756,druid,restoration,64,37,27
4305,Kellogs,malganis,1752,druid,restoration,65,26,39
4306,Caipirinha,tichondrius,1742,druid,restoration,35,19,16
4307,Surefacts,dathremar,1738,druid,restoration,40,21,19
4308,Gsex,nemesis,1738,druid,restoration,46,24,22
4309,Branchmanagr,dark-iron,1736,druid,restoration,54,23,31
4310,Gankstanerdz,tichondrius,1732,druid,restoration,178,85,93
4311,Anaps,frostmourne,1731,druid,restoration,102,56,46
4312,Facegotrake,stormrage,1730,druid,restoration,114,64,50
4313,Fattdiabetic,tichondrius,1726,druid,restoration,42,24,18
4314,Thundercast,quelthalas,1720,druid,restoration,128,66,62
4315,Zrobloom,stormrage,1720,druid,restoration,69,29,40
4316,Dirtdog,uther,1719,druid,restoration,53,25,28
4317,Ymy,tichondrius,1716,druid,restoration,36,21,15
4318,Hxa,emerald-dream,1713,druid,restoration,58,30,28
4319,Èmax,barthilas,1708,druid,restoration,43,29,14
4320,Bigmoran,tichondrius,1708,druid,restoration,54,24,30
4321,Drjelly,tichondrius,1707,druid,restoration,76,32,44
4322,Huaxià,tichondrius,1705,druid,restoration,209,114,95
4323,Yungdoinkski,icecrown,1704,druid,restoration,28,19,9
4324,Rdruid,zuluhed,1703,druid,restoration,34,24,10
4325,Hideurkidz,tichondrius,1699,druid,restoration,39,23,16
4326,Flowdruid,tichondrius,1698,druid,restoration,45,22,23
4327,Dmxx,kiljaeden,1696,druid,restoration,33,19,14
4328,Remus,hydraxis,1694,druid,restoration,60,29,31
4329,Stupidtree,antonidas,1693,druid,restoration,47,28,19
4330,Sooey,wyrmrest-accord,1690,druid,restoration,85,51,34
4331,Socialyst,area-52,1688,druid,restoration,35,21,14
4332,Bramii,illidan,1686,druid,restoration,69,35,34
4333,Wìms,malganis,1683,druid,restoration,42,24,18
4334,Cienza,proudmoore,1680,druid,restoration,264,136,128
4335,Polyester,frostmourne,1679,druid,restoration,54,25,29
4336,Floofi,kelthuzad,1677,druid,restoration,42,23,19
4337,Dabloleu,illidan,1675,druid,restoration,24,19,5
4338,Shinjis,tichondrius,1674,druid,restoration,60,30,30
4339,Roen,tichondrius,1672,druid,restoration,40,21,19
4340,Boonsogan,tichondrius,1672,druid,restoration,36,18,18
4341,Afkhottedyou,suramar,1667,druid,restoration,46,24,22
4342,Drudma,shadowmoon,1665,druid,restoration,113,59,54
4343,Légz,area-52,1664,druid,restoration,106,56,50
4344,Bobd,proudmoore,1664,druid,restoration,36,19,17
4345,Chevy,onyxia,1663,druid,restoration,82,33,49
4346,Treeofangels,nathrezim,1662,druid,restoration,36,22,14
4347,Legitonedge,zuljin,1662,druid,restoration,55,30,25
4348,Zblmystic,tichondrius,1660,druid,restoration,72,40,32
4349,Zoteqt,kelthuzad,1657,druid,restoration,48,25,23
4350,Notpodruida,tichondrius,1649,druid,restoration,48,28,20
4351,Druidstin,tichondrius,1649,druid,restoration,162,84,78
4352,Pizzatimex,zuluhed,1649,druid,restoration,84,41,43
4353,Psyqobloom,dalaran,1647,druid,restoration,136,78,58
4354,Widescreen,burning-blade,1647,druid,restoration,398,209,189
4355,Defteras,illidan,1647,druid,restoration,42,21,21
4356,Animalge,sargeras,1643,druid,restoration,60,25,35
4357,Sixthsex,tichondrius,1642,druid,restoration,95,51,44
4358,Relbedo,sargeras,1641,druid,restoration,168,90,78
4359,Dendrix,area-52,1641,druid,restoration,90,46,44
4360,Zyhsul,emerald-dream,1640,druid,restoration,149,75,74
4361,Gsëx,nemesis,1640,druid,restoration,47,22,25
4362,Images,kilrogg,1638,druid,restoration,54,37,17
4363,Birdfromtree,dalaran,1636,druid,restoration,48,26,22
4364,Pootyleaf,daggerspine,1636,druid,restoration,60,28,32
4365,Lifeboomer,ragnaros,1634,druid,restoration,79,48,31
4366,Druinin,archimonde,1634,druid,restoration,122,59,63
4367,Pekazay,illidan,1632,druid,restoration,79,41,38
4368,Luckyslot,frostmourne,1631,druid,restoration,36,21,15
4369,Durintor,nemesis,1630,druid,restoration,135,72,63
4370,Dexlol,area-52,1629,druid,restoration,18,17,1
4371,Pawsbutton,stormrage,1629,druid,restoration,30,20,10
4372,Cheddy,tichondrius,1628,druid,restoration,77,43,34
4373,Addiedru,zuljin,1627,druid,restoration,69,32,37
4374,Viscentdd,illidan,1626,druid,restoration,36,17,19
4375,Acdru,tichondrius,1624,druid,restoration,54,26,28
4376,Venomgtz,laughing-skull,1623,druid,restoration,254,139,115
4377,Sarrati,emerald-dream,1623,druid,restoration,182,98,84
4378,Riiccflaiir,stormrage,1622,druid,restoration,78,45,33
4379,Wolfis,malganis,1622,druid,restoration,36,20,16
4380,Poliage,moon-guard,1621,druid,restoration,210,105,105
4381,Cybeé,sargeras,1621,druid,restoration,48,19,29
4382,Lobsterdruid,area-52,1617,druid,restoration,36,21,15
4383,Kaperij,sargeras,1617,druid,restoration,30,17,13
4384,Asmitar,illidan,1616,druid,restoration,36,22,14
4385,Muhu,frostmourne,1615,druid,restoration,60,35,25
4386,Gødriç,tichondrius,1614,druid,restoration,221,112,109
4387,Elyl,tichondrius,1614,druid,restoration,48,23,25
4388,Dkfm,thrall,1613,druid,restoration,546,284,262
4389,Gulperberg,sargeras,1612,druid,restoration,30,25,5
4390,Soheezy,illidan,1612,druid,restoration,198,111,87
4391,Drainean,sargeras,1611,druid,restoration,30,17,13
4392,Hxm,tichondrius,1611,druid,restoration,35,17,18
4393,Hideurchickn,tichondrius,1609,druid,restoration,36,23,13
4394,Rizzit,wyrmrest-accord,1608,druid,restoration,206,109,97
4395,Dbk,suramar,1607,druid,restoration,152,92,60
4396,Douwantoplay,tichondrius,1607,druid,restoration,60,32,28
4397,Fhiziod,kelthuzad,1606,druid,restoration,74,44,30
4398,Enrÿu,nemesis,1606,druid,restoration,36,17,19
4399,Tayriel,area-52,1606,druid,restoration,42,19,23
4400,Jathy,area-52,1606,druid,restoration,51,21,30
4401,Kurrious,frostmourne,1605,druid,restoration,40,18,22
4402,Rapttors,zuljin,1601,druid,restoration,42,19,23
4403,Yavannita,quelthalas,1600,druid,restoration,57,36,21
4404,Hehaw,kelthuzad,1600,druid,restoration,152,87,65
4405,Manycyclones,zuluhed,1598,druid,restoration,60,32,28
4406,Gonimydear,proudmoore,1598,druid,restoration,180,91,89
4407,Erral,malganis,1597,druid,restoration,57,26,31
4408,Kaleaky,thrall,1595,druid,restoration,99,53,46
4409,Moomooheal,moon-guard,1594,druid,restoration,81,42,39
4410,Tondrai,malganis,1593,druid,restoration,30,17,13
4411,Imroot,tichondrius,1588,druid,restoration,54,32,22
4412,Pkgdbts,tichondrius,1588,druid,restoration,42,19,23
4413,Errane,eonar,1587,druid,restoration,193,107,86
4414,Sanninx,barthilas,1586,druid,restoration,42,22,20
4415,Calmd,sargeras,1585,druid,restoration,30,21,9
4416,Poscow,tichondrius,1583,druid,restoration,45,25,20
4417,Silentbeer,frostmourne,1581,druid,restoration,218,112,106
4418,Ayalia,saurfang,1577,druid,restoration,36,19,17
4419,Aiyouyou,tichondrius,1576,druid,restoration,201,112,89
4420,Druxe,zuljin,1575,druid,restoration,103,48,55
4421,Boomtastik,frostmourne,1574,druid,restoration,108,46,62
4422,Møøncry,ragnaros,1571,druid,restoration,154,73,81
4423,Nerfthedruid,blackrock,1569,druid,restoration,36,25,11
4424,Terkpla,ragnaros,1569,druid,restoration,112,59,53
4425,Gìtgoodtrash,frostmourne,1569,druid,restoration,82,41,41
4426,Sombér,eitrigg,1569,druid,restoration,54,17,37
4427,Duragx,bleeding-hollow,1567,druid,restoration,100,62,38
4428,Arwëna,tichondrius,1566,druid,restoration,60,34,26
4429,Frydaze,tichondrius,1564,druid,restoration,42,21,21
4430,Breaksilence,tichondrius,1563,druid,restoration,29,18,11
4431,Pancitas,quelthalas,1561,druid,restoration,66,39,27
4432,Qidzerker,arathor,1561,druid,restoration,95,48,47
4433,Zyzzema,frostmourne,1559,druid,restoration,174,82,92
4434,Naturist,kelthuzad,1557,druid,restoration,53,19,34
4435,Poscod,tichondrius,1552,druid,restoration,48,22,26
4436,Hayase,tichondrius,1551,druid,restoration,42,25,17
4437,Gunnymad,tichondrius,1549,druid,restoration,36,21,15
4438,Rasgabuxoh,azralon,1545,druid,restoration,41,21,20
4439,Meruemoo,tichondrius,1544,druid,restoration,368,186,182
4440,Bedlam,zuljin,1544,druid,restoration,60,25,35
4441,Moonyy,emerald-dream,1542,druid,restoration,42,20,22
4442,Lubbeck,stormrage,1538,druid,restoration,98,53,45
4443,Bruitzya,barthilas,1537,druid,restoration,45,30,15
4444,Evokade,dalaran,1534,druid,restoration,42,28,14
4445,Hravan,dentarg,1534,druid,restoration,49,26,23
4446,Woshiyigede,frostmourne,1532,druid,restoration,92,38,54
4447,Nikotser,dreadmaul,1531,druid,restoration,39,18,21
4448,Zhn,sargeras,1530,druid,restoration,35,21,14
4449,Ourse,frostmourne,1528,druid,restoration,35,23,12
4450,Creamjr,tichondrius,1528,druid,restoration,30,16,14
4451,Unis,tichondrius,1528,druid,restoration,37,19,18
4452,Spurzky,emerald-dream,1526,druid,restoration,46,26,20
4453,Pilcosbie,stormrage,1526,druid,restoration,42,21,21
4454,Mortqt,tichondrius,1524,druid,restoration,96,44,52
4455,Swiftydel,frostmourne,1523,druid,restoration,91,50,41
4456,Seamandeman,sargeras,1520,druid,restoration,119,64,55
4457,Aberdare,tichondrius,1519,druid,restoration,141,78,63
4458,Buffdisc,darkspear,1518,druid,restoration,18,16,2
4459,Lilbigcow,gnomeregan,1515,druid,restoration,176,77,99
4460,Manzar,illidan,1514,druid,restoration,30,17,13
4461,Maviç,hyjal,1512,druid,restoration,257,137,120
4462,Tippsyy,frostmane,1510,druid,restoration,36,16,20
4463,Methyld,frostmourne,1508,druid,restoration,96,36,60
4464,Cokernut,tichondrius,1507,druid,restoration,30,16,14
4465,Meniscus,arthas,1506,druid,restoration,53,19,34
4466,Empcassi,wyrmrest-accord,1505,druid,restoration,95,59,36
4467,Baduret,dalaran,1505,druid,restoration,55,33,22
4468,Hotemz,dragonmaw,1504,druid,restoration,72,41,31
4469,Hdruid,tichondrius,1502,druid,restoration,131,66,65
4470,Kimnim,tichondrius,1500,druid,restoration,106,57,49
4471,Redpigo,tichondrius,1497,druid,restoration,36,18,18
4472,Redo,zuluhed,1496,druid,restoration,30,16,14
4473,Mxlasthope,stormrage,1495,druid,restoration,47,26,21
4474,Morphiq,tichondrius,1493,druid,restoration,123,63,60
4475,Akeven,illidan,1491,druid,restoration,68,31,37
4476,Chutney,windrunner,1489,druid,restoration,39,17,22
4477,Furrytorpedo,tichondrius,1487,druid,restoration,48,26,22
4478,Lolomas,proudmoore,1487,druid,restoration,42,19,23
4479,Rowlex,moon-guard,1483,druid,restoration,22,17,5
4480,Knottywood,muradin,1481,druid,restoration,53,28,25
4481,Stonemonkey,sargeras,1480,druid,restoration,85,38,47
4482,Counsyl,silvermoon,1478,druid,restoration,30,18,12
4483,Roachsan,tichondrius,1478,druid,restoration,37,20,17
4484,Pëndulum,illidan,1477,druid,restoration,78,34,44
4485,Gizho,dark-iron,1476,druid,restoration,33,19,14
4486,Selling,moon-guard,1476,druid,restoration,60,27,33
4487,Growl,jubeithos,1476,druid,restoration,48,19,29
4488,Rlzdruid,tichondrius,1474,druid,restoration,70,31,39
4489,Lutein,tichondrius,1474,druid,restoration,77,31,46
4490,Dolwizz,tichondrius,1472,druid,restoration,66,30,36
4491,Opiumheals,sargeras,1469,druid,restoration,32,18,14
4492,Cndistance,tichondrius,1467,druid,restoration,77,37,40
4493,Bobx,kelthuzad,1467,druid,restoration,66,26,40
4494,Spuncone,frostmourne,1463,druid,restoration,42,24,18
4495,Utterhots,bleeding-hollow,1462,druid,restoration,152,84,68
4496,Tandrood,tichondrius,1462,druid,restoration,54,24,30
4497,Verkara,stormrage,1461,druid,restoration,82,38,44
4498,Unpeelable,stormrage,1460,druid,restoration,24,16,8
4499,Elliar,akama,1459,druid,restoration,78,38,40
4500,Léaf,velen,1457,druid,restoration,74,40,34
4501,Faramar,sargeras,1456,druid,restoration,35,16,19
4502,Berzz,frostmourne,1455,druid,restoration,217,105,112
4503,Nestaballo,illidan,1453,druid,restoration,129,72,57
4504,Chaníng,frostmourne,1452,druid,restoration,36,18,18
4505,Meepø,mugthol,1451,druid,restoration,103,56,47
4506,Gypsysoul,barthilas,1450,druid,restoration,29,16,13
4507,Lauramavra,azralon,1446,druid,restoration,316,165,151
4508,Busanmilk,tichondrius,1445,druid,restoration,60,29,31
4509,Shapedance,sargeras,1445,druid,restoration,78,33,45
4510,Weedmunchies,kelthuzad,1443,druid,restoration,48,23,25
4511,Ursiiday,sargeras,1442,druid,restoration,84,31,53
4512,Rikishi,executus,1441,druid,restoration,52,27,25
4513,Oneinchclaw,malganis,1437,druid,restoration,125,67,58
4514,Lusam,korialstrasz,1435,druid,restoration,40,23,17
4515,Hoebaz,tichondrius,1434,druid,restoration,24,15,9
4516,Rougaroux,andorhal,1434,druid,restoration,168,75,93
4517,Arkenix,velen,1433,druid,restoration,42,21,21
4518,Jonnygg,illidan,1433,druid,restoration,36,15,21
4519,Clubroot,sargeras,1433,druid,restoration,48,19,29
4520,Vuru,azralon,1432,druid,restoration,72,33,39
4521,Maplêleaf,moon-guard,1429,druid,restoration,335,170,165
4522,Vakimumu,anubarak,1429,druid,restoration,96,46,50
4523,Sakpase,area-52,1428,druid,restoration,30,15,15
4524,Grimo,illidan,1427,druid,restoration,38,23,15
4525,Treelomilo,stormrage,1427,druid,restoration,85,49,36
4526,Thornblade,stormrage,1427,druid,restoration,30,15,15
4527,Strokingmyd,illidan,1427,druid,restoration,63,31,32
4528,Greylyth,moon-guard,1426,druid,restoration,54,25,29
4529,Hyne,emerald-dream,1425,druid,restoration,114,62,52
4530,Bruujz,moon-guard,1424,druid,restoration,54,33,21
4531,Volktots,bleeding-hollow,1424,druid,restoration,90,47,43
4532,Classydruid,spinebreaker,1423,druid,restoration,253,128,125
4533,Blinxxy,bleeding-hollow,1423,druid,restoration,42,21,21
4534,Shirô,bleeding-hollow,1421,druid,restoration,115,59,56
4535,Dypx,tichondrius,1421,druid,restoration,142,67,75
4536,Prevail,nazgrel,1420,druid,restoration,127,66,61
4537,Gokki,zuljin,1418,druid,restoration,34,20,14
4538,Cakeinalake,bleeding-hollow,1417,druid,restoration,24,15,9
4539,Lucked,tichondrius,1415,druid,restoration,24,15,9
4540,Aristeus,kelthuzad,1415,druid,restoration,227,122,105
4541,Komaner,frostmourne,1414,druid,restoration,48,21,27
4542,Barecow,tichondrius,1413,druid,restoration,75,40,35
4543,Kaerrort,sargeras,1412,druid,restoration,26,15,11
4544,Hibernate,illidan,1411,druid,restoration,30,15,15
4545,Bitsandbobs,tichondrius,1410,druid,restoration,89,31,58
4546,Eviltwín,frostmourne,1409,druid,restoration,42,22,20
4547,Approx,tichondrius,1409,druid,restoration,145,68,77
4548,Cutely,tichondrius,1408,druid,restoration,171,84,87
4549,Ozanji,wyrmrest-accord,1406,druid,restoration,30,17,13
4550,Xhoz,tichondrius,1406,druid,restoration,213,113,100
4551,Isiliar,nerzhul,1405,druid,restoration,66,35,31
4552,Gôdôfwow,tichondrius,1402,druid,restoration,77,31,46
4553,Staraborn,stormrage,1401,druid,restoration,319,170,149
4554,Pÿe,bleeding-hollow,1401,druid,restoration,30,15,15
4555,Biggucci,stonemaul,1399,druid,restoration,30,18,12
4556,Krevy,nazgrel,1398,druid,restoration,60,23,37
4557,Astrosapien,moon-guard,1397,druid,restoration,42,27,15
4558,Bobobear,proudmoore,1397,druid,restoration,66,28,38
4559,Cyclone,mugthol,1396,druid,restoration,24,19,5
4560,Leleoceo,azralon,1396,druid,restoration,24,15,9
4561,Haymade,sargeras,1396,druid,restoration,78,36,42
4562,Seizuressld,stormrage,1395,druid,restoration,81,46,35
4563,Bridgerén,tichondrius,1395,druid,restoration,36,15,21
4564,Bigrich,malorne,1394,druid,restoration,30,16,14
4565,Fryy,balnazzar,1394,druid,restoration,36,17,19
4566,Murkeÿ,frostmourne,1391,druid,restoration,24,15,9
4567,Amanthw,tichondrius,1391,druid,restoration,65,30,35
4568,Lorern,eldrethalas,1390,druid,restoration,60,30,30
4569,Lexut,ragnaros,1388,druid,restoration,36,16,20
4570,Druidnim,tichondrius,1386,druid,restoration,66,28,38
4571,Nanniel,tichondrius,1383,druid,restoration,54,24,30
4572,Pouncing,sargeras,1382,druid,restoration,44,23,21
4573,Darimmx,mannoroth,1382,druid,restoration,120,61,59
4574,Icastsmells,tichondrius,1381,druid,restoration,57,36,21
4575,Petmydeadcow,illidan,1381,druid,restoration,133,68,65
4576,Zoeyx,tichondrius,1380,druid,restoration,57,35,22
4577,Okiesmokied,proudmoore,1378,druid,restoration,30,17,13
4578,Clarice,shattered-halls,1376,druid,restoration,42,17,25
4579,Lostnsauce,tichondrius,1375,druid,restoration,72,30,42
4580,Maaui,sargeras,1374,druid,restoration,48,24,24
4581,Azshunara,moon-guard,1369,druid,restoration,84,43,41
4582,Deamondruidz,kaelthas,1367,druid,restoration,78,31,47
4583,Farmageddon,thunderhorn,1365,druid,restoration,58,33,25
4584,Aramá,drakkari,1365,druid,restoration,38,21,17
4585,Horymory,darkspear,1365,druid,restoration,186,94,92
4586,Poutyface,sargeras,1364,druid,restoration,152,67,85
4587,Vinnydruid,tichondrius,1364,druid,restoration,35,15,20
4588,Lothail,windrunner,1363,druid,restoration,24,15,9
4589,Edraen,zuljin,1362,druid,restoration,137,67,70
4590,Daku,moknathal,1362,druid,restoration,64,31,33
4591,Vondutch,tichondrius,1362,druid,restoration,60,24,36
4592,Mkat,illidan,1360,druid,restoration,42,16,26
4593,Skêet,tichondrius,1359,druid,restoration,49,28,21
4594,Santiagowski,ragnaros,1359,druid,restoration,52,26,26
4595,Shifftycent,trollbane,1359,druid,restoration,54,26,28
4596,Amandi,magtheridon,1358,druid,restoration,42,23,19
4597,Wythrim,quelthalas,1357,druid,restoration,30,17,13
4598,Kergai,emerald-dream,1355,druid,restoration,102,53,49
4599,Kronik,jubeithos,1355,druid,restoration,67,20,47
4600,Muatigorn,blackrock,1354,druid,restoration,50,25,25
4601,Oobuck,kilrogg,1350,druid,restoration,123,63,60
4602,Kevarcen,dalaran,1350,druid,restoration,155,76,79
4603,Heniuhojia,tichondrius,1348,druid,restoration,24,15,9
4604,Onblue,tichondrius,1347,druid,restoration,38,22,16
4605,Malfurionis,tichondrius,1347,druid,restoration,42,17,25
4606,Branu,hyjal,1347,druid,restoration,42,15,27
4607,Jimjab,stormreaver,1346,druid,restoration,60,35,25
4608,Corkybucek,frostmourne,1346,druid,restoration,50,29,21
4609,Joopsy,tichondrius,1346,druid,restoration,251,133,118
4610,Delody,tichondrius,1343,druid,restoration,38,23,15
4611,Bemelerberg,sargeras,1343,druid,restoration,24,14,10
4612,Puzzlebox,illidan,1343,druid,restoration,24,14,10
4613,Mandingodam,auchindoun,1341,druid,restoration,36,16,20
4614,Bigdockepoch,sargeras,1340,druid,restoration,24,14,10
4615,Cantmeldthis,zuljin,1340,druid,restoration,30,14,16
4616,Bearthisnut,bonechewer,1340,druid,restoration,36,15,21
4617,Hoeba,tichondrius,1339,druid,restoration,24,14,10
4618,Redness,daggerspine,1339,druid,restoration,37,19,18
4619,Duckyy,garithos,1339,druid,restoration,48,17,31
4620,Groschats,area-52,1339,druid,restoration,42,14,28
4621,Ripberg,chogall,1338,druid,restoration,30,14,16
4622,Cznfik,area-52,1338,druid,restoration,78,32,46
4623,Eraticdruid,illidan,1338,druid,restoration,42,16,26
4624,Kybecruz,stormrage,1337,druid,restoration,72,34,38
4625,Doglightning,illidan,1336,druid,restoration,25,15,10
4626,Klamediya,illidan,1336,druid,restoration,36,14,22
4627,Vecuronium,tichondrius,1335,druid,restoration,30,14,16
4628,Binionsolboy,illidan,1333,druid,restoration,30,14,16
4629,Anchunlol,tichondrius,1332,druid,restoration,36,18,18
4630,Mudpi,illidan,1332,druid,restoration,71,34,37
4631,Turftiger,stormrage,1331,druid,restoration,30,16,14
4632,Izzabelle,deathwing,1330,druid,restoration,25,16,9
4633,Girthture,tichondrius,1330,druid,restoration,130,63,67
4634,Kritscawk,sargeras,1329,druid,restoration,60,33,27
4635,Anotherstar,frostmourne,1327,druid,restoration,60,28,32
4636,Hynz,barthilas,1327,druid,restoration,36,15,21
4637,Dunedaddy,silvermoon,1326,druid,restoration,48,27,21
4638,Dokasaurus,lightbringer,1325,druid,restoration,36,17,19
4639,Morphios,barthilas,1322,druid,restoration,66,33,33
4640,Phåtkid,darkspear,1322,druid,restoration,48,24,24
4641,Puntcounder,sargeras,1320,druid,restoration,40,21,19
4642,Frames,area-52,1320,druid,restoration,197,103,94
4643,Nxghtfall,tichondrius,1319,druid,restoration,122,65,57
4644,Undaunted,bloodhoof,1319,druid,restoration,30,14,16
4645,Youngteezy,barthilas,1319,druid,restoration,142,53,89
4646,Áçxpërt,jubeithos,1316,druid,restoration,24,14,10
4647,Rwi,tichondrius,1316,druid,restoration,111,51,60
4648,Haohomie,tichondrius,1315,druid,restoration,53,29,24
4649,Controlyolo,stormrage,1314,druid,restoration,48,22,26
4650,Zelyvia,moon-guard,1313,druid,restoration,24,14,10
4651,Freehealjob,lightnings-blade,1313,druid,restoration,30,14,16
4652,Gladelf,sargeras,1312,druid,restoration,282,141,141
4653,Kzinti,zuluhed,1312,druid,restoration,30,14,16
4654,Donnà,tichondrius,1310,druid,restoration,43,21,22
4655,Adaralia,tichondrius,1308,druid,restoration,36,15,21
4656,Bovindickus,tichondrius,1307,druid,restoration,54,24,30
4657,Ÿozsh,azralon,1306,druid,restoration,22,15,7
4658,Ghirox,stormrage,1306,druid,restoration,54,26,28
4659,Skotty,hyjal,1306,druid,restoration,48,23,25
4660,Minokawa,kargath,1305,druid,restoration,44,23,21
4661,Dgdruid,tichondrius,1305,druid,restoration,48,24,24
4662,Reyvin,illidan,1304,druid,restoration,79,32,47
4663,Gaawdx,illidan,1303,druid,restoration,54,25,29
4664,Dankmids,hyjal,1301,druid,restoration,18,14,4
4665,Madsewerslvt,stormrage,1300,druid,restoration,149,75,74
4666,Yoshí,emerald-dream,1299,druid,restoration,51,22,29
4667,Purpleleaves,stormrage,1299,druid,restoration,119,51,68
4668,Airmíd,illidan,1299,druid,restoration,48,16,32
4669,Bigherbo,zuljin,1298,druid,restoration,187,98,89
4670,Haful,emerald-dream,1297,druid,restoration,33,16,17
4671,Aaughh,sargeras,1297,druid,restoration,70,33,37
4672,Rooroo,ragnaros,1296,druid,restoration,28,15,13
4673,Pronewb,frostmourne,1295,druid,restoration,24,18,6
4674,Melbian,tichondrius,1295,druid,restoration,124,70,54
4675,Entydruid,khazgoroth,1295,druid,restoration,34,19,15
4676,Badferal,blackhand,1295,druid,restoration,51,25,26
4677,Plagiarist,stormrage,1295,druid,restoration,44,20,24
4678,Ohhshiift,tichondrius,1295,druid,restoration,33,14,19
4679,Feraldudu,illidan,1294,druid,restoration,66,33,33
4680,Caustìk,malganis,1291,druid,restoration,70,38,32
4681,Haneulso,tichondrius,1290,druid,restoration,55,30,25
4682,Standee,sargeras,1290,druid,restoration,48,18,30
4683,Magicrock,moon-guard,1285,druid,restoration,42,23,19
4684,Apoxi,arygos,1284,druid,restoration,42,24,18
4685,Quss,tichondrius,1283,druid,restoration,25,15,10
4686,Speaks,moon-guard,1283,druid,restoration,113,55,58
4687,Ananan,burning-blade,1282,druid,restoration,101,49,52
4688,Rawbacon,blackrock,1281,druid,restoration,40,15,25
4689,Däll,tichondrius,1280,druid,restoration,48,20,28
4690,Nogàrd,arygos,1279,druid,restoration,23,14,9
4691,Birdie,dalvengyr,1279,druid,restoration,31,17,14
4692,Naseebo,frostmourne,1279,druid,restoration,67,25,42
4693,Ravendar,moon-guard,1278,druid,restoration,65,28,37
4694,Zambyr,azralon,1278,druid,restoration,66,28,38
4695,Afonso,frostmourne,1276,druid,restoration,50,26,24
4696,Silit,tichondrius,1273,druid,restoration,39,18,21
4697,Juuru,stormreaver,1272,druid,restoration,36,27,9
4698,Thericebags,illidan,1272,druid,restoration,161,86,75
4699,Darksteak,tichondrius,1272,druid,restoration,214,111,103
4700,Tenhoteta,goldrinn,1272,druid,restoration,48,22,26
4701,Jruids,stormrage,1272,druid,restoration,54,23,31
4702,Drazibaz,thrall,1271,druid,restoration,42,24,18
4703,Sxlanderx,malganis,1271,druid,restoration,118,58,60
4704,Diglit,malganis,1271,druid,restoration,70,28,42
4705,Ephemere,emerald-dream,1268,druid,restoration,40,20,20
4706,Odcerberus,azralon,1267,druid,restoration,36,18,18
4707,Aterra,ragnaros,1267,druid,restoration,59,28,31
4708,Clawriander,barthilas,1266,druid,restoration,90,47,43
4709,Beefyhealz,emerald-dream,1265,druid,restoration,73,44,29
4710,Tallenzz,lightninghoof,1265,druid,restoration,96,53,43
4711,Elgatomarica,ragnaros,1264,druid,restoration,35,20,15
4712,Kuwä,proudmoore,1264,druid,restoration,250,120,130
4713,Shanê,proudmoore,1263,druid,restoration,61,31,30
4714,Slév,frostmourne,1263,druid,restoration,35,17,18
4715,Asaphelps,stormrage,1260,druid,restoration,28,14,14
4716,Nanate,sargeras,1259,druid,restoration,47,24,23
4717,Whispurrz,tichondrius,1258,druid,restoration,339,174,165
4718,Greenvibes,drakkari,1257,druid,restoration,77,42,35
4719,Lindi,kelthuzad,1257,druid,restoration,78,42,36
4720,Kerrzo,frostmourne,1256,druid,restoration,36,17,19
4721,Lunkz,tichondrius,1255,druid,restoration,195,97,98
4722,Iambeefy,hyjal,1255,druid,restoration,204,101,103
4723,Crackheads,tichondrius,1255,druid,restoration,91,45,46
4724,Groõt,barthilas,1253,druid,restoration,171,79,92
4725,Rockmeifucan,greymane,1253,druid,restoration,78,33,45
4726,Bodyluvlee,zuljin,1252,druid,restoration,44,22,22
4727,Junglefists,frostmourne,1251,druid,restoration,156,79,77
4728,Katherine,moon-guard,1251,druid,restoration,132,62,70
4729,Yakuho,proudmoore,1250,druid,restoration,32,20,12
4730,Carlosd,tichondrius,1250,druid,restoration,58,33,25
4731,Romcom,demon-soul,1250,druid,restoration,48,27,21
4732,Jacknit,illidan,1250,druid,restoration,28,15,13
4733,Skymund,tichondrius,1247,druid,restoration,50,26,24
4734,Ninzor,tichondrius,1247,druid,restoration,30,13,17
4735,Ziegey,tichondrius,1246,druid,restoration,24,13,11
4736,Jonculler,korgath,1246,druid,restoration,54,26,28
4737,Dolanaar,stormrage,1245,druid,restoration,149,78,71
4738,Shallowcat,tichondrius,1245,druid,restoration,41,15,26
4739,Icehulk,kelthuzad,1244,druid,restoration,24,13,11
4740,Torofarmeon,quelthalas,1243,druid,restoration,51,30,21
4741,Krözjk,quelthalas,1243,druid,restoration,57,26,31
4742,Dankcentral,frostwolf,1242,druid,restoration,88,50,38
4743,Goosebümps,stormrage,1242,druid,restoration,24,13,11
4744,Kendoboos,moon-guard,1240,druid,restoration,66,29,37
4745,Socktad,illidan,1240,druid,restoration,36,13,23
4746,Overthink,daggerspine,1239,druid,restoration,18,13,5
4747,Sarojna,malganis,1239,druid,restoration,18,13,5
4748,Healingcute,tichondrius,1239,druid,restoration,131,70,61
4749,Feldstarx,stormrage,1238,druid,restoration,24,13,11
4750,Larc,frostwolf,1238,druid,restoration,76,39,37
4751,Magzally,stormrage,1238,druid,restoration,30,13,17
4752,Kyndel,kiljaeden,1237,druid,restoration,44,22,22
4753,Amatxu,ragnaros,1237,druid,restoration,129,64,65
4754,Travys,sargeras,1235,druid,restoration,36,16,20
4755,Madowl,tichondrius,1235,druid,restoration,36,13,23
4756,Veganz,moon-guard,1233,druid,restoration,145,71,74
4757,Svarne,kiljaeden,1232,druid,restoration,59,29,30
4758,Lünaä,quelthalas,1231,druid,restoration,48,32,16
4759,Shekelsnätch,area-52,1231,druid,restoration,42,21,21
4760,Smilax,eonar,1231,druid,restoration,71,29,42
4761,Mhdd,tichondrius,1230,druid,restoration,54,25,29
4762,Slev,frostmourne,1229,druid,restoration,24,13,11
4763,Kupos,lightbringer,1227,druid,restoration,27,13,14
4764,Imakitty,aerie-peak,1226,druid,restoration,121,62,59
4765,Carneluna,area-52,1226,druid,restoration,66,31,35
4766,Suye,tichondrius,1226,druid,restoration,66,30,36
4767,Wildwhisper,moon-guard,1225,druid,restoration,96,50,46
4768,Yellowstone,drakthul,1222,druid,restoration,42,23,19
4769,Saelyle,illidan,1222,druid,restoration,46,24,22
4770,Tickman,altar-of-storms,1222,druid,restoration,30,13,17
4771,Anothersalad,stormrage,1221,druid,restoration,66,32,34
4772,Beladrexx,stormrage,1221,druid,restoration,54,21,33
4773,Elendriss,quelthalas,1220,druid,restoration,61,28,33
4774,Druidkingdk,stormrage,1218,druid,restoration,29,18,11
4775,Bearuffinz,malganis,1217,druid,restoration,78,37,41
4776,Ännä,moon-guard,1217,druid,restoration,30,13,17
4777,Brandonxerox,tichondrius,1217,druid,restoration,30,13,17
4778,Toslick,kelthuzad,1215,druid,restoration,141,71,70
4779,Malice,undermine,1215,druid,restoration,54,24,30
4780,Mcriblet,illidan,1213,druid,restoration,46,23,23
4781,Greemer,sargeras,1213,druid,restoration,39,18,21
4782,Bunnyes,tichondrius,1212,druid,restoration,59,29,30
4783,Gryel,area-52,1211,druid,restoration,235,122,113
4784,Dalrei,jubeithos,1211,druid,restoration,30,13,17
4785,Ulfaren,frostmourne,1209,druid,restoration,24,15,9
4786,Gossìpgoat,frostmourne,1209,druid,restoration,86,42,44
4787,Pyrogenics,whisperwind,1209,druid,restoration,42,20,22
4788,Lewïs,stormrage,1208,druid,restoration,87,53,34
4789,Beleraine,moon-guard,1208,druid,restoration,40,17,23
4790,Tìssuebox,malganis,1207,druid,restoration,75,32,43
4791,Tuskdaddie,sargeras,1204,druid,restoration,30,17,13
4792,Meôwmix,stormrage,1202,druid,restoration,24,13,11
4793,Kasannaommi,sargeras,1202,druid,restoration,66,32,34
4794,Imrac,boulderfist,1202,druid,restoration,48,17,31
4795,Cuddles,moon-guard,1201,druid,restoration,137,67,70
4796,Driftwood,bonechewer,1201,druid,restoration,64,27,37
4797,Bikacat,kelthuzad,1200,druid,restoration,24,13,11
4798,Elvishchamp,mugthol,1199,druid,restoration,23,14,9
4799,Dimzim,lightbringer,1198,druid,restoration,66,31,35
4800,Panorämix,nemesis,1197,druid,restoration,18,13,5
4801,Nugren,thrall,1195,druid,restoration,50,22,28
4802,Sweetcorn,malganis,1192,druid,restoration,40,16,24
4803,Edbtw,azralon,1191,druid,restoration,68,30,38
4804,Chyx,stormreaver,1190,druid,restoration,41,14,27
4805,Cheddastov,illidan,1189,druid,restoration,27,14,13
4806,Knowgo,tichondrius,1188,druid,restoration,54,28,26
4807,Longisland,quelthalas,1188,druid,restoration,84,38,46
4808,Tarzzan,drakkari,1186,druid,restoration,24,18,6
4809,Adarindre,aerie-peak,1185,druid,restoration,93,46,47
4810,Alewild,quelthalas,1185,druid,restoration,54,26,28
4811,Dainehoof,area-52,1185,druid,restoration,66,28,38
4812,Pawpurrazzi,moon-guard,1183,druid,restoration,17,13,4
4813,Höneyfang,moon-guard,1183,druid,restoration,83,48,35
4814,Worgbearpig,destromath,1180,druid,restoration,32,14,18
4815,Valeñtine,dalaran,1179,druid,restoration,78,39,39
4816,Tworax,frostmourne,1179,druid,restoration,30,13,17
4817,Pollished,kelthuzad,1176,druid,restoration,35,17,18
4818,Lizzelune,drakkari,1176,druid,restoration,42,18,24
4819,Kiraval,stormrage,1175,druid,restoration,60,27,33
4820,Elylaylalar,moon-guard,1174,druid,restoration,54,26,28
4821,Deximus,wyrmrest-accord,1173,druid,restoration,24,13,11
4822,Alastras,tichondrius,1173,druid,restoration,36,18,18
4823,Hruke,illidan,1173,druid,restoration,42,17,25
4824,Foxbear,garona,1172,druid,restoration,57,38,19
4825,Schlotzsky,skullcrusher,1171,druid,restoration,69,37,32
4826,Layala,sargeras,1171,druid,restoration,90,43,47
4827,Mf,stormscale,1171,druid,restoration,30,14,16
4828,Guislstwo,azralon,1170,druid,restoration,36,16,20
4829,Prudence,azralon,1169,druid,restoration,42,21,21
4830,Gentlesoapp,blackrock,1168,druid,restoration,42,25,17
4831,Vantorsydmel,proudmoore,1167,druid,restoration,46,24,22
4832,Chixao,tichondrius,1166,druid,restoration,23,13,10
4833,Matpd,norgannon,1165,druid,restoration,124,61,63
4834,Kitiano,thunderlord,1164,druid,restoration,54,20,34
4835,Kamisamalee,tichondrius,1163,druid,restoration,17,13,4
4836,Yanga,malfurion,1163,druid,restoration,48,27,21
4837,Sarangzzang,tichondrius,1159,druid,restoration,37,22,15
4838,Pachacamac,dragonmaw,1159,druid,restoration,36,21,15
4839,Bäñgarang,tichondrius,1159,druid,restoration,78,41,37
4840,Lenori,vashj,1159,druid,restoration,48,24,24
4841,Smhyle,frostmourne,1158,druid,restoration,41,21,20
4842,Pekingcuckoo,illidan,1152,druid,restoration,24,12,12
4843,Hoedrufroza,tichondrius,1152,druid,restoration,24,12,12
4844,Doah,kelthuzad,1152,druid,restoration,24,12,12
4845,Rekelberg,sargeras,1151,druid,restoration,18,12,6
4846,Beecammy,frostmourne,1151,druid,restoration,54,31,23
4847,Convokíng,kelthuzad,1151,druid,restoration,36,12,24
4848,Concordya,tichondrius,1149,druid,restoration,59,29,30
4849,Mommymilkers,jubeithos,1149,druid,restoration,54,14,40
4850,Æpex,lightnings-blade,1148,druid,restoration,30,16,14
4851,Dampchamp,illidan,1148,druid,restoration,36,12,24
4852,Saltyzz,tichondrius,1147,druid,restoration,36,19,17
4853,Idoldeoz,quelthalas,1147,druid,restoration,36,18,18
4854,Dchizzle,tichondrius,1147,druid,restoration,45,20,25
4855,Kassyx,illidan,1147,druid,restoration,36,12,24
4856,Sowo,sargeras,1146,druid,restoration,18,12,6
4857,Dumberdruid,frostmourne,1146,druid,restoration,24,12,12
4858,Gorillagloo,area-52,1146,druid,restoration,79,36,43
4859,Fatshift,chogall,1145,druid,restoration,122,62,60
4860,Chimnie,malganis,1145,druid,restoration,27,13,14
4861,Iheartpvp,tichondrius,1145,druid,restoration,60,28,32
4862,Lahsa,tichondrius,1145,druid,restoration,30,13,17
4863,Skibbidy,boulderfist,1145,druid,restoration,33,14,19
4864,Tyrs,aggramar,1140,druid,restoration,35,15,20
4865,Alphalemon,ragnaros,1139,druid,restoration,69,33,36
4866,Adind,tanaris,1138,druid,restoration,60,32,28
4867,Jijunss,tichondrius,1137,druid,restoration,23,13,10
4868,Sinseir,stormscale,1137,druid,restoration,99,42,57
4869,Cear,proudmoore,1137,druid,restoration,45,16,29
4870,Miyeonly,dalaran,1137,druid,restoration,36,12,24
4871,Joya,stormrage,1136,druid,restoration,18,12,6
4872,Dummedruid,illidan,1135,druid,restoration,36,12,24
4873,Glenkair,lightnings-blade,1134,druid,restoration,36,17,19
4874,Pumma,darkspear,1134,druid,restoration,28,13,15
4875,Rawrl,illidan,1132,druid,restoration,30,12,18
4876,Catlypso,tichondrius,1131,druid,restoration,72,43,29
4877,Dehla,goldrinn,1128,druid,restoration,64,30,34
4878,Duxz,tichondrius,1127,druid,restoration,23,13,10
4879,Ateoate,stormscale,1127,druid,restoration,51,24,27
4880,Soxyeon,tichondrius,1127,druid,restoration,53,23,30
4881,Sloptoucher,barthilas,1126,druid,restoration,24,12,12
4882,Meonk,frostmourne,1124,druid,restoration,57,27,30
4883,Bubbashift,garona,1124,druid,restoration,60,25,35
4884,Würzel,nemesis,1122,druid,restoration,93,45,48
4885,Hotkage,tichondrius,1120,druid,restoration,24,12,12
4886,Lawlz,aegwynn,1118,druid,restoration,108,61,47
4887,Hðthead,area-52,1118,druid,restoration,54,26,28
4888,Naturemagic,malganis,1117,druid,restoration,51,27,24
4889,Lighthoof,mannoroth,1117,druid,restoration,24,12,12
4890,Kandyshop,gorefiend,1116,druid,restoration,30,22,8
4891,Feralgodx,sargeras,1114,druid,restoration,23,12,11
4892,Stupidranga,barthilas,1114,druid,restoration,48,17,31
4893,Fermata,aegwynn,1113,druid,restoration,28,15,13
4894,Yourka,uther,1112,druid,restoration,50,27,23
4895,Rockcow,tichondrius,1111,druid,restoration,42,17,25
4896,Kuaite,azralon,1110,druid,restoration,72,25,47
4897,Katdog,warsong,1109,druid,restoration,33,22,11
4898,Löthnälar,ragnaros,1109,druid,restoration,48,24,24
4899,Terokky,azralon,1107,druid,restoration,24,12,12
4900,Chowyunfats,proudmoore,1106,druid,restoration,301,155,146
4901,Müfasä,azralon,1106,druid,restoration,54,25,29
4902,Maddoxi,stormrage,1106,druid,restoration,30,12,18
4903,Sharinna,andorhal,1106,druid,restoration,38,14,24
4904,Shroomkin,area-52,1104,druid,restoration,63,34,29
4905,Kastro,frostwolf,1104,druid,restoration,126,65,61
4906,Furfu,illidan,1104,druid,restoration,74,33,41
4907,Zoll,kelthuzad,1103,druid,restoration,60,25,35
4908,Sneakysoren,kelthuzad,1102,druid,restoration,36,13,23
4909,Astralyte,kiljaeden,1099,druid,restoration,24,13,11
4910,Carekoala,wyrmrest-accord,1098,druid,restoration,59,30,29
4911,Dobidas,tichondrius,1097,druid,restoration,119,60,59
4912,Tensuen,boulderfist,1095,druid,restoration,45,17,28
4913,Kymopexy,sargeras,1095,druid,restoration,41,14,27
4914,Jabina,detheroc,1093,druid,restoration,54,16,38
4915,Barugaf,drakkari,1090,druid,restoration,49,28,21
4916,Kittne,hellscream,1089,druid,restoration,48,24,24
4917,Vollzar,sargeras,1089,druid,restoration,68,23,45
4918,Burdup,tichondrius,1088,druid,restoration,36,19,17
4919,Wp,proudmoore,1088,druid,restoration,32,14,18
4920,Ayadel,moon-guard,1086,druid,restoration,118,54,64
4921,Quan,illidan,1082,druid,restoration,48,20,28
4922,Volgoro,thrall,1078,druid,restoration,60,25,35
4923,Mydira,stormrage,1071,druid,restoration,54,30,24
4924,Samerax,vashj,1070,druid,restoration,107,45,62
4925,Slleep,tichondrius,1069,druid,restoration,54,28,26
4926,Agranock,nazgrel,1067,druid,restoration,89,45,44
4927,Gimborion,stormrage,1066,druid,restoration,48,23,25
4928,Nöches,quelthalas,1065,druid,restoration,32,12,20
4929,Anasia,barthilas,1064,druid,restoration,81,43,38
4930,Quaileggs,illidan,1064,druid,restoration,36,12,24
4931,Aarandiel,borean-tundra,1063,druid,restoration,30,17,13
4932,Lutzenberger,nemesis,1063,druid,restoration,53,23,30
4933,Buffalobillz,lethon,1062,druid,restoration,40,25,15
4934,Hallowbranch,moon-guard,1062,druid,restoration,44,17,27
4935,Rëroll,zuljin,1059,druid,restoration,17,12,5
4936,Spasmm,tichondrius,1059,druid,restoration,18,12,6
4937,Chinadruids,tichondrius,1056,druid,restoration,18,11,7
4938,Fracxx,area-52,1056,druid,restoration,18,11,7
4939,Whhm,burning-blade,1056,druid,restoration,24,11,13
4940,Slurpi,barthilas,1056,druid,restoration,30,11,19
4941,Suekeys,frostmourne,1055,druid,restoration,24,11,13
4942,Momorabbitd,tichondrius,1055,druid,restoration,30,11,19
4943,Qkskill,nemesis,1055,druid,restoration,42,11,31
4944,Goodhealer,akama,1054,druid,restoration,42,26,16
4945,Krobz,bleeding-hollow,1054,druid,restoration,18,11,7
4946,Bfaboomy,stormrage,1054,druid,restoration,24,11,13
4947,Moonpaws,frostmourne,1053,druid,restoration,18,11,7
4948,Careless,destromath,1053,druid,restoration,66,27,39
4949,Kitnip,proudmoore,1052,druid,restoration,24,16,8
4950,Maeo,drenden,1052,druid,restoration,18,11,7
4951,Israh,malygos,1052,druid,restoration,26,15,11
4952,Yorch,stormrage,1052,druid,restoration,60,28,32
4953,Jethelium,illidan,1051,druid,restoration,172,94,78
4954,Solisuu,frostmane,1051,druid,restoration,30,11,19
4955,Cres,moon-guard,1051,druid,restoration,42,11,31
4956,Tigranesia,proudmoore,1050,druid,restoration,18,11,7
4957,Acerolita,azralon,1050,druid,restoration,30,11,19
4958,Phxburn,illidan,1050,druid,restoration,30,11,19
4959,Eredorn,darkspear,1049,druid,restoration,24,18,6
4960,Quarantinia,arathor,1049,druid,restoration,36,20,16
4961,Dinglebops,stormrage,1047,druid,restoration,28,15,13
4962,Xzerhos,area-52,1047,druid,restoration,151,70,81
4963,Cratose,runetotem,1047,druid,restoration,47,20,27
4964,Edorant,illidan,1047,druid,restoration,30,11,19
4965,Yimii,stormrage,1046,druid,restoration,18,11,7
4966,Sorrinn,tichondrius,1046,druid,restoration,24,11,13
4967,Thõrr,tichondrius,1046,druid,restoration,24,11,13
4968,Zzizi,tichondrius,1046,druid,restoration,29,13,16
4969,Dorzaku,ragnaros,1045,druid,restoration,47,27,20
4970,Zadayos,aerie-peak,1044,druid,restoration,30,16,14
4971,Jungleakso,tichondrius,1044,druid,restoration,24,11,13
4972,Duducows,tichondrius,1044,druid,restoration,59,23,36
4973,Druilicious,ghostlands,1043,druid,restoration,55,27,28
4974,Libel,korgath,1042,druid,restoration,18,11,7
4975,Gairen,the-venture-co,1042,druid,restoration,20,12,8
4976,Feaveldin,moon-guard,1041,druid,restoration,18,11,7
4977,Ahrilee,area-52,1040,druid,restoration,75,33,42
4978,Jimmycooks,tichondrius,1039,druid,restoration,18,11,7
4979,Chopleaf,khadgar,1039,druid,restoration,180,92,88
4980,Leoha,stormrage,1037,druid,restoration,24,15,9
4981,Erû,ragnaros,1037,druid,restoration,18,11,7
4982,Iiliith,moon-guard,1037,druid,restoration,24,11,13
4983,Taydruid,stormrage,1037,druid,restoration,54,24,30
4984,Ulfaar,frostmourne,1036,druid,restoration,18,11,7
4985,Duedad,gurubashi,1034,druid,restoration,33,19,14
4986,Toxicshift,malganis,1033,druid,restoration,39,13,26
4987,Beefcurtâins,aggramar,1032,druid,restoration,18,11,7
4988,Nohkotana,illidan,1032,druid,restoration,28,13,15
4989,Delicioso,wyrmrest-accord,1030,druid,restoration,33,21,12
4990,Javoh,drakkari,1030,druid,restoration,25,13,12
4991,Carllo,blackrock,1028,druid,restoration,24,11,13
4992,Boofndergz,area-52,1027,druid,restoration,24,15,9
4993,Polymorphos,mugthol,1025,druid,restoration,30,14,16
4994,Janaki,malygos,1024,druid,restoration,30,13,17
4995,Panacaea,windrunner,1023,druid,restoration,18,11,7
4996,Sodury,tichondrius,1023,druid,restoration,172,95,77
4997,Azyx,stormrage,1023,druid,restoration,92,40,52
4998,Imcop,tichondrius,1020,druid,restoration,18,11,7
4999,Troply,ragnaros,1020,druid,restoration,20,12,8
5000,Funnydruid,frostmourne,1020,druid,restoration,42,20,22
5001,Xarressian,moon-guard,1019,druid,restoration,24,11,13
5002,Sonrius,proudmoore,1017,druid,restoration,52,25,27
5003,Feanah,tichondrius,1017,druid,restoration,26,12,14
5004,Nachopuppet,kelthuzad,1017,druid,restoration,45,20,25
5005,Irushbots,tichondrius,1016,druid,restoration,30,11,19
5006,Skaidi,quelthalas,1015,druid,restoration,24,13,11
5007,Pmsprone,tichondrius,1012,druid,restoration,84,40,44
5008,Milkmoneymeo,illidan,1011,druid,restoration,29,11,18
5009,Sunneater,azuremyst,1009,druid,restoration,37,18,19
5010,Ojdidnt,bleeding-hollow,1007,druid,restoration,21,12,9
5011,Cannabull,echo-isles,1007,druid,restoration,27,13,14
5012,Rivetrix,azralon,1007,druid,restoration,103,49,54
5013,Agnala,drakkari,1007,druid,restoration,99,35,64
5014,Macdonah,tichondrius,1006,druid,restoration,66,33,33
5015,Keladria,bleeding-hollow,1002,druid,restoration,102,55,47
5016,Bloodshadez,tichondrius,1001,druid,restoration,21,12,9
5017,Guron,aegwynn,1001,druid,restoration,57,30,27
5018,Goenytz,quelthalas,1001,druid,restoration,44,14,30
5019,Yeahhots,frostmourne,1000,druid,restoration,15,12,3
5020,Mainera,sargeras,1000,druid,restoration,26,12,14
5021,Cowtox,moon-guard,997,druid,restoration,104,50,54
5022,Thicclesbean,tichondrius,996,druid,restoration,31,16,15
5023,Alfurr,tichondrius,994,druid,restoration,85,43,42
5024,Krossus,drakkari,993,druid,restoration,38,13,25
5025,Hewozuoai,area-52,990,druid,restoration,35,11,24
5026,Astharon,drakkari,989,druid,restoration,56,31,25
5027,Marrana,altar-of-storms,989,druid,restoration,24,13,11
5028,Ahylen,quelthalas,989,druid,restoration,53,22,31
5029,Canche,arthas,986,druid,restoration,34,19,15
5030,Feralgød,tichondrius,985,druid,restoration,30,11,19
5031,Pathostos,dalaran,982,druid,restoration,92,39,53
5032,Nerfmesoon,sargeras,978,druid,restoration,22,11,11
5033,Jennafix,dathremar,977,druid,restoration,42,23,19
5034,Santicow,ragnaros,975,druid,restoration,20,11,9
5035,Sharkhotzlol,frostmourne,974,druid,restoration,30,11,19
5036,Bindudream,frostmane,973,druid,restoration,72,35,37
5037,Modiboom,arthas,969,druid,restoration,36,12,24
5038,Seceru,proudmoore,968,druid,restoration,58,31,27
5039,Boomshorts,blackrock,968,druid,restoration,29,14,15
5040,Sunyatsen,quelthalas,967,druid,restoration,58,25,33
5041,Tiufill,nemesis,965,druid,restoration,30,16,14
5042,Wiggle,stormscale,962,druid,restoration,44,21,23
5043,Salzadruid,aggramar,960,druid,restoration,12,10,2
5044,Baruc,illidan,960,druid,restoration,12,10,2
5045,Solushun,sargeras,960,druid,restoration,12,10,2
5046,Larissaelar,tichondrius,960,druid,restoration,12,10,2
5047,Jiywa,lightbringer,960,druid,restoration,18,10,8
5048,Kurohîme,illidan,960,druid,restoration,18,10,8
5049,Aphroditezs,tichondrius,960,druid,restoration,18,10,8
5050,Myovo,tichondrius,960,druid,restoration,18,10,8
5051,Nhin,ghostlands,960,druid,restoration,24,10,14
5052,Smeekq,tichondrius,960,druid,restoration,24,10,14
5053,Lindsanr,illidan,960,druid,restoration,30,10,20
5054,Xiaoyi,tichondrius,959,druid,restoration,12,10,2
5055,Ddi,frostmourne,959,druid,restoration,18,10,8
5056,Eldertroll,boulderfist,959,druid,restoration,18,10,8
5057,Slambeezy,emerald-dream,959,druid,restoration,18,10,8
5058,Garbagebutt,burning-legion,959,druid,restoration,18,10,8
5059,Hoonjojjyanx,tichondrius,959,druid,restoration,18,10,8
5060,Oblackbetty,illidan,959,druid,restoration,39,18,21
5061,Treesh,kelthuzad,959,druid,restoration,26,10,16
5062,Lissette,thrall,958,druid,restoration,18,10,8
5063,Tigd,alleria,958,druid,restoration,18,10,8
5064,Tlanquility,tichondrius,958,druid,restoration,18,10,8
5065,Uggadruid,malganis,958,druid,restoration,18,10,8
5066,Tayokou,zuljin,957,druid,restoration,12,10,2
5067,Dreamgaze,zuljin,957,druid,restoration,18,10,8
5068,Simina,kargath,957,druid,restoration,18,10,8
5069,Chenxguang,tichondrius,957,druid,restoration,42,22,20
5070,Iheartmushu,mannoroth,957,druid,restoration,91,47,44
5071,Lovenug,shadowsong,957,druid,restoration,24,10,14
5072,Ñoobdruid,tichondrius,956,druid,restoration,18,10,8
5073,Cranbérry,sargeras,956,druid,restoration,18,10,8
5074,Vêzpêr,kelthuzad,956,druid,restoration,24,10,14
5075,Lorca,stormrage,955,druid,restoration,12,10,2
5076,Locopewpew,malganis,954,druid,restoration,61,19,42
5077,Trolbearpig,malganis,952,druid,restoration,18,10,8
5078,Joink,sargeras,952,druid,restoration,18,10,8
5079,Wildartform,malganis,952,druid,restoration,23,12,11
5080,Dietmilk,sargeras,952,druid,restoration,24,11,13
5081,Bainnê,ragnaros,952,druid,restoration,48,11,37
5082,Nytecrawler,bonechewer,951,druid,restoration,12,10,2
5083,Erisya,moon-guard,951,druid,restoration,18,10,8
5084,Fortnitburgr,tichondrius,951,druid,restoration,18,10,8
5085,Wintarz,sargeras,951,druid,restoration,30,10,20
5086,Feckzd,blackhand,950,druid,restoration,18,10,8
5087,Honeymead,wyrmrest-accord,950,druid,restoration,65,36,29
5088,Judar,barthilas,950,druid,restoration,24,10,14
5089,Rhatir,stormrage,949,druid,restoration,138,61,77
5090,Noonoo,frostwolf,949,druid,restoration,24,10,14
5091,Cleptoresto,dalaran,949,druid,restoration,33,10,23
5092,Immabot,tichondrius,949,druid,restoration,36,10,26
5093,Hpcorrection,bleeding-hollow,946,druid,restoration,18,10,8
5094,Vdubz,blackrock,944,druid,restoration,37,17,20
5095,Fatjoints,tichondrius,943,druid,restoration,60,21,39
5096,Maxobviously,stormrage,942,druid,restoration,18,10,8
5097,Devilsparda,frostmane,942,druid,restoration,24,10,14
5098,Kg,cenarion-circle,941,druid,restoration,28,13,15
5099,Tyrantha,emerald-dream,941,druid,restoration,24,10,14
5100,Shiftaholic,azgalor,940,druid,restoration,33,17,16
5101,Drucaicer,quelthalas,939,druid,restoration,71,38,33
5102,Dwalk,moknathal,938,druid,restoration,97,45,52
5103,Bukbukboom,thunderlord,937,druid,restoration,23,10,13
5104,Blackdawgg,frostmourne,931,druid,restoration,60,21,39
5105,Katochi,area-52,929,druid,restoration,54,24,30
5106,Blooddude,saurfang,927,druid,restoration,30,11,19
5107,Killari,malganis,926,druid,restoration,30,15,15
5108,Treewik,emerald-dream,925,druid,restoration,113,60,53
5109,Movom,tichondrius,925,druid,restoration,23,10,13
5110,Dhannar,proudmoore,924,druid,restoration,12,10,2
5111,Kataless,sargeras,924,druid,restoration,101,51,50
5112,Cloudbreaker,duskwood,923,druid,restoration,18,10,8
5113,Chocoo,thaurissan,923,druid,restoration,20,11,9
5114,Bankinbäbe,illidan,923,druid,restoration,50,23,27
5115,Dyfurion,stormrage,922,druid,restoration,18,10,8
5116,Mielo,illidan,922,druid,restoration,146,67,79
5117,Uwupollo,ragnaros,917,druid,restoration,66,27,39
5118,Marakar,nazjatar,917,druid,restoration,48,13,35
5119,Fovoss,dalaran,914,druid,restoration,36,18,18
5120,Lazypandas,silvermoon,914,druid,restoration,41,17,24
5121,Aquesadilla,tichondrius,907,druid,restoration,108,36,72
5122,Kenzié,doomhammer,906,druid,restoration,48,22,26
5123,Gromdruid,azralon,905,druid,restoration,66,33,33
5124,Boomsläng,ghostlands,905,druid,restoration,25,12,13
5125,Diaks,proudmoore,900,druid,restoration,24,12,12
5126,Bethemarble,sargeras,900,druid,restoration,47,20,27
5127,Irishdoom,tichondrius,899,druid,restoration,20,11,9
5128,Merawr,area-52,896,druid,restoration,22,10,12
5129,Theboyz,zuljin,895,druid,restoration,36,15,21
5130,Hentaiboom,kiljaeden,893,druid,restoration,36,16,20
5131,Vengaul,amanthul,892,druid,restoration,24,10,14
5132,Lâvazza,tichondrius,890,druid,restoration,28,10,18
5133,Sliickrick,frostmourne,889,druid,restoration,30,10,20
5134,Guerrillera,khadgar,886,druid,restoration,136,61,75
5135,Treeoleo,stormrage,884,druid,restoration,36,16,20
5136,Kittyz,wyrmrest-accord,881,druid,restoration,36,18,18
5137,Midníght,drakkari,880,druid,restoration,34,18,16
5138,Bunrÿl,thorium-brotherhood,874,druid,restoration,54,24,30
5139,Augus,hyjal,870,druid,restoration,33,11,22
5140,Theboy,dalaran,869,druid,restoration,48,15,33
5141,Fongoons,kelthuzad,865,druid,restoration,24,10,14
5142,Aiteezy,illidan,864,druid,restoration,12,9,3
5143,Spikeleaf,tichondrius,864,druid,restoration,12,9,3
5144,Restokinaja,dreadmaul,864,druid,restoration,12,9,3
5145,Bopplejr,tichondrius,864,druid,restoration,12,9,3
5146,Duo,demon-soul,864,druid,restoration,12,9,3
5147,Toonah,area-52,864,druid,restoration,12,9,3
5148,Justforgame,sargeras,864,druid,restoration,12,9,3
5149,Mmrborrower,icecrown,864,druid,restoration,18,9,9
5150,Hellshifterr,tichondrius,864,druid,restoration,18,9,9
5151,Ppbtw,illidan,864,druid,restoration,18,9,9
5152,Ppb,illidan,864,druid,restoration,18,9,9
5153,Admoney,sargeras,864,druid,restoration,18,9,9
5154,Ppbdru,tichondrius,864,druid,restoration,18,9,9
5155,Bigblackcroc,kiljaeden,864,druid,restoration,18,9,9
5156,Ooh,stormreaver,863,druid,restoration,12,9,3
5157,Ilovejuli,illidan,863,druid,restoration,12,9,3
5158,Rejuvenation,kaelthas,863,druid,restoration,12,9,3
5159,Naturenugget,tichondrius,863,druid,restoration,12,9,3
5160,Nyxlawl,azralon,863,druid,restoration,18,9,9
5161,Tricklein,tichondrius,863,druid,restoration,18,9,9
5162,Vernaar,laughing-skull,863,druid,restoration,18,9,9
5163,Canek,ghostlands,863,druid,restoration,18,9,9
5164,Opim,sargeras,863,druid,restoration,24,9,15
5165,Guss,mannoroth,863,druid,restoration,24,9,15
5166,Canitöuchit,tichondrius,863,druid,restoration,24,9,15
5167,Mossin,sargeras,863,druid,restoration,24,9,15
5168,Tugginudders,illidan,863,druid,restoration,30,9,21
5169,Shuffleqlol,stormrage,862,druid,restoration,12,9,3
5170,Pawsh,tichondrius,862,druid,restoration,12,9,3
5171,Jentzull,tichondrius,862,druid,restoration,12,9,3
5172,Cenarius,frostmourne,862,druid,restoration,18,9,9
5173,Pawpa,daggerspine,862,druid,restoration,18,9,9
5174,Phylex,frostmourne,862,druid,restoration,18,9,9
5175,Spicyx,moon-guard,862,druid,restoration,18,9,9
5176,Truidy,proudmoore,862,druid,restoration,18,9,9
5177,Imlordgumper,illidan,862,druid,restoration,24,9,15
5178,Dzone,tichondrius,861,druid,restoration,12,9,3
5179,Monkeyxo,kelthuzad,861,druid,restoration,18,9,9
5180,Alindrä,moon-guard,861,druid,restoration,18,9,9
5181,Alsei,quelthalas,861,druid,restoration,40,18,22
5182,Starkraven,firetree,861,druid,restoration,26,10,16
5183,Goodspeed,thrall,861,druid,restoration,42,11,31
5184,Stetile,azralon,859,druid,restoration,18,9,9
5185,Feykurds,sargeras,859,druid,restoration,24,9,15
5186,Sorio,area-52,858,druid,restoration,28,10,18
5187,Ilikan,ragnaros,857,druid,restoration,12,9,3
5188,Feutrine,zuljin,857,druid,restoration,18,9,9
5189,Thorfir,gorefiend,854,druid,restoration,24,10,14
5190,Faroo,azralon,854,druid,restoration,24,9,15
5191,Onlypaws,azjolnerub,852,druid,restoration,24,9,15
5192,Ddizz,cairne,850,druid,restoration,24,9,15
5193,Fionnbharr,ragnaros,849,druid,restoration,80,35,45
5194,Bigox,area-52,849,druid,restoration,118,46,72
5195,Kvacco,kiljaeden,848,druid,restoration,24,9,15
5196,Encosan,azralon,848,druid,restoration,30,9,21
5197,Kanadae,thrall,846,druid,restoration,24,9,15
5198,Érois,azralon,844,druid,restoration,18,9,9
5199,Draycø,tichondrius,841,druid,restoration,18,9,9
5200,Fronkysilva,illidan,838,druid,restoration,48,19,29
5201,Bomme,zuljin,833,druid,restoration,28,10,18
5202,Rhondarootsy,zuljin,829,druid,restoration,24,10,14
5203,Menapaws,arygos,828,druid,restoration,15,9,6
5204,Breakthemm,bonechewer,826,druid,restoration,54,22,32
5205,Cøkelol,zuljin,820,druid,restoration,22,9,13
5206,Cadekey,illidan,819,druid,restoration,30,9,21
5207,Trôll,mannoroth,818,druid,restoration,26,10,16
5208,Kawanishi,stormrage,810,druid,restoration,18,9,9
5209,Uniquexia,tichondrius,808,druid,restoration,45,10,35
5210,Moolan,bleeding-hollow,804,druid,restoration,40,20,20
5211,Elauria,stormreaver,804,druid,restoration,42,17,25
5212,Atim,moon-guard,804,druid,restoration,96,28,68
5213,Xxuan,tichondrius,803,druid,restoration,62,16,46
5214,Mcy,nerzhul,798,druid,restoration,20,9,11
5215,Lazza,blackhand,796,druid,restoration,16,9,7
5216,Cenariun,stormrage,790,druid,restoration,30,9,21
5217,Tftworldcham,blackrock,783,druid,restoration,11,9,2
5218,Judwen,grizzly-hills,779,druid,restoration,70,26,44
5219,Redharp,proudmoore,776,druid,restoration,43,17,26
5220,Leilani,eredar,768,druid,restoration,12,8,4
5221,Xiaootong,tichondrius,768,druid,restoration,12,8,4
5222,Cntomy,tichondrius,768,druid,restoration,12,8,4
5223,Albafic,illidan,768,druid,restoration,12,8,4
5224,Tiggor,ghostlands,768,druid,restoration,12,8,4
5225,Bobxd,kelthuzad,768,druid,restoration,12,8,4
5226,Ppm,illidan,768,druid,restoration,12,8,4
5227,Kustumsdog,tichondrius,768,druid,restoration,12,8,4
5228,Chinadruides,tichondrius,768,druid,restoration,12,8,4
5229,Taledra,stormrage,768,druid,restoration,18,8,10
5230,Mkong,tichondrius,768,druid,restoration,18,8,10
5231,Restobaby,tichondrius,768,druid,restoration,18,8,10
5232,Jathel,area-52,768,druid,restoration,18,8,10
5233,Jnzid,area-52,768,druid,restoration,23,8,15
5234,Vulkur,illidan,768,druid,restoration,30,8,22
5235,Alend,alexstrasza,767,druid,restoration,12,8,4
5236,Înfamous,thrall,767,druid,restoration,12,8,4
5237,Ebyx,frostmourne,767,druid,restoration,12,8,4
5238,Kismet,andorhal,767,druid,restoration,12,8,4
5239,Bringo,executus,767,druid,restoration,21,10,11
5240,Thetakeout,tichondrius,767,druid,restoration,18,8,10
5241,Junglez,shadowmoon,767,druid,restoration,18,8,10
5242,Waxedchest,emerald-dream,767,druid,restoration,18,8,10
5243,Lifebloomlol,area-52,767,druid,restoration,18,8,10
5244,Kaboomy,moon-guard,767,druid,restoration,18,8,10
5245,Çura,tichondrius,766,druid,restoration,12,8,4
5246,Hughcockman,tichondrius,766,druid,restoration,12,8,4
5247,Ortalen,spirestone,766,druid,restoration,12,8,4
5248,Realhötgirl,moon-guard,766,druid,restoration,12,8,4
5249,Wildsïde,tichondrius,766,druid,restoration,18,8,10
5250,Crapster,boulderfist,766,druid,restoration,18,8,10
5251,Bumbleebee,azralon,766,druid,restoration,24,8,16
5252,Hedwíg,ragnaros,766,druid,restoration,24,8,16
5253,Kellykapore,area-52,766,druid,restoration,81,20,61
5254,Dmanrepus,sargeras,765,druid,restoration,12,8,4
5255,Boomfire,thaurissan,765,druid,restoration,12,8,4
5256,Imnotinhuman,tichondrius,765,druid,restoration,12,8,4
5257,Louisvuittón,area-52,765,druid,restoration,12,8,4
5258,Vexcey,sargeras,765,druid,restoration,12,8,4
5259,Omelet,tichondrius,765,druid,restoration,18,8,10
5260,Guybranch,illidan,765,druid,restoration,24,8,16
5261,Slee,eredar,764,druid,restoration,12,8,4
5262,Leatherpig,proudmoore,764,druid,restoration,18,8,10
5263,Ctarla,tichondrius,764,druid,restoration,18,8,10
5264,Needabandaid,arthas,764,druid,restoration,24,8,16
5265,Aurajin,spinebreaker,764,druid,restoration,24,8,16
5266,Polánd,area-52,763,druid,restoration,12,8,4
5267,Hadoriss,kelthuzad,763,druid,restoration,24,8,16
5268,Studioghibli,bleeding-hollow,762,druid,restoration,12,8,4
5269,Xay,runetotem,762,druid,restoration,18,8,10
5270,Atalìa,moon-guard,762,druid,restoration,18,8,10
5271,Blitzÿ,lothar,761,druid,restoration,12,8,4
5272,Markóla,stormrage,761,druid,restoration,18,8,10
5273,Loganski,korialstrasz,761,druid,restoration,18,8,10
5274,Wortsnom,tol-barad,760,druid,restoration,12,8,4
5275,Tristanne,proudmoore,760,druid,restoration,12,8,4
5276,Sbc,anvilmar,760,druid,restoration,30,8,22
5277,Vulgär,kiljaeden,758,druid,restoration,18,8,10
5278,Rairven,stormrage,757,druid,restoration,42,8,34
5279,Bussincheeks,tichondrius,755,druid,restoration,18,8,10
5280,Breakertime,illidan,753,druid,restoration,18,8,10
5281,Salpicow,nagrand,752,druid,restoration,23,10,13
5282,Hydruidponic,aegwynn,752,druid,restoration,27,9,18
5283,Friarpuck,nerzhul,747,druid,restoration,12,8,4
5284,Dytriax,ragnaros,746,druid,restoration,18,8,10
5285,Nodeathz,sargeras,743,druid,restoration,27,10,17
5286,Dragondruid,dawnbringer,742,druid,restoration,35,9,26
5287,Stamynn,kelthuzad,741,druid,restoration,216,65,151
5288,Nattog,area-52,736,druid,restoration,52,12,40
5289,Ekj,tichondrius,735,druid,restoration,14,9,5
5290,Akanx,tichondrius,735,druid,restoration,16,9,7
5291,Kadry,ragnaros,733,druid,restoration,18,8,10
5292,Papichulo,hydraxis,731,druid,restoration,18,8,10
5293,Kataoka,azralon,721,druid,restoration,23,11,12
5294,Rdruidchump,the-forgotten-coast,719,druid,restoration,15,9,6
5295,Basulto,tichondrius,718,druid,restoration,23,8,15
5296,Xîstance,barthilas,717,druid,restoration,23,8,15
5297,Asclepïus,tichondrius,716,druid,restoration,17,8,9
5298,Felinedreams,sargeras,714,druid,restoration,14,9,5
5299,Whiskeyblues,ursin,706,druid,restoration,24,8,16
5300,Finntann,moon-guard,704,druid,restoration,24,8,16
5301,Drexldrood,cenarius,697,druid,restoration,15,9,6
5302,Zephiee,kelthuzad,692,druid,restoration,23,8,15
5303,Solbinn,nordrassil,683,druid,restoration,78,21,57
5304,Teamwork,moon-guard,681,druid,restoration,20,10,10
5305,Importedalc,zuljin,678,druid,restoration,36,8,28
5306,Fresh,earthen-ring,672,druid,restoration,12,7,5
5307,Jrën,tichondrius,672,druid,restoration,12,7,5
5308,Blacksimbá,area-52,672,druid,restoration,12,7,5
5309,Fanboy,magtheridon,672,druid,restoration,12,7,5
5310,Scuzzin,zuljin,672,druid,restoration,12,7,5
5311,Toketree,sargeras,672,druid,restoration,12,7,5
5312,Cøsmiccow,illidan,672,druid,restoration,12,7,5
5313,Skitzo,akama,672,druid,restoration,12,7,5
5314,Mymatejames,tichondrius,672,druid,restoration,12,7,5
5315,Crusch,shattered-halls,672,druid,restoration,12,7,5
5316,Motate,malganis,672,druid,restoration,12,7,5
5317,Hmoobforshoz,wildhammer,672,druid,restoration,12,7,5
5318,Restokinaka,dreadmaul,672,druid,restoration,12,7,5
5319,Esqueue,stormrage,672,druid,restoration,12,7,5
5320,Perilous,malygos,672,druid,restoration,12,7,5
5321,Sensations,moon-guard,672,druid,restoration,12,7,5
5322,Cuzzidr,tichondrius,672,druid,restoration,12,7,5
5323,Razberriesz,stormrage,672,druid,restoration,12,7,5
5324,Tmdogwater,sargeras,672,druid,restoration,12,7,5
5325,Cyrea,dalaran,672,druid,restoration,12,7,5
5326,Cameltail,kelthuzad,672,druid,restoration,12,7,5
5327,Razakka,stormrage,672,druid,restoration,18,7,11
5328,Washeddruid,area-52,672,druid,restoration,18,7,11
5329,Suekey,frostmourne,672,druid,restoration,18,7,11
5330,Restokina,dreadmaul,672,druid,restoration,18,7,11
5331,Dotsbots,barthilas,672,druid,restoration,18,7,11
5332,Calimei,bladefist,672,druid,restoration,18,7,11
5333,Greentoë,sargeras,672,druid,restoration,18,7,11
5334,Liloudadru,tichondrius,672,druid,restoration,18,7,11
5335,Wùúkìí,bleeding-hollow,672,druid,restoration,24,7,17
5336,Shrooming,frostmourne,672,druid,restoration,24,7,17
5337,Hugharection,illidan,671,druid,restoration,12,7,5
5338,Jillferal,proudmoore,671,druid,restoration,12,7,5
5339,Vadeyr,illidan,671,druid,restoration,12,7,5
5340,Zthatchx,shadowmoon,671,druid,restoration,12,7,5
5341,Lolth,turalyon,671,druid,restoration,12,7,5
5342,Uttress,tichondrius,671,druid,restoration,12,7,5
5343,Cryel,sargeras,671,druid,restoration,12,7,5
5344,Ophiophagus,nemesis,671,druid,restoration,12,7,5
5345,Sroyalbeast,sargeras,671,druid,restoration,12,7,5
5346,Jessbearly,kiljaeden,671,druid,restoration,12,7,5
5347,Iâmkyle,darkspear,671,druid,restoration,12,7,5
5348,Boomchí,tichondrius,671,druid,restoration,18,7,11
5349,Wildarumqt,tichondrius,671,druid,restoration,18,7,11
5350,Sêxcavator,thrall,671,druid,restoration,18,7,11
5351,Lilgee,kelthuzad,671,druid,restoration,18,7,11
5352,Finn,spinebreaker,671,druid,restoration,18,7,11
5353,Topzet,azralon,671,druid,restoration,24,7,17
5354,Erykk,dalaran,670,druid,restoration,12,7,5
5355,Queiq,kelthuzad,670,druid,restoration,12,7,5
5356,Hellahots,spinebreaker,670,druid,restoration,12,7,5
5357,Flexxfurion,thrall,670,druid,restoration,18,7,11
5358,Wreckked,sargeras,670,druid,restoration,18,7,11
5359,Frave,dentarg,670,druid,restoration,24,7,17
5360,Hotpocketz,kiljaeden,670,druid,restoration,28,8,20
5361,Dipset,khadgar,670,druid,restoration,30,7,23
5362,Martymoo,bleeding-hollow,670,druid,restoration,30,7,23
5363,Dylonomancer,tichondrius,669,druid,restoration,12,7,5
5364,Bearkîng,stormrage,669,druid,restoration,12,7,5
5365,Fandren,ravencrest,669,druid,restoration,12,7,5
5366,Nayelina,stormrage,669,druid,restoration,12,7,5
5367,Zwind,nerzhul,669,druid,restoration,16,8,8
5368,Treesonn,kelthuzad,669,druid,restoration,17,8,9
5369,Briallyn,tichondrius,669,druid,restoration,18,7,11
5370,Razorclaws,stormscale,669,druid,restoration,18,7,11
5371,Battiatus,malganis,669,druid,restoration,18,7,11
5372,Maggiee,arthas,669,druid,restoration,24,7,17
5373,Bloomcrue,moon-guard,668,druid,restoration,12,7,5
5374,Migdrail,nemesis,668,druid,restoration,18,7,11
5375,Shiftyy,nordrassil,668,druid,restoration,19,7,12
5376,Mukay,stormrage,668,druid,restoration,24,7,17
5377,Esyiix,tichondrius,668,druid,restoration,24,7,17
5378,Mïms,area-52,667,druid,restoration,12,7,5
5379,Kobudo,frostwolf,666,druid,restoration,12,7,5
5380,Transpecies,kelthuzad,666,druid,restoration,12,7,5
5381,Flayde,barthilas,666,druid,restoration,12,7,5
5382,Darkstarfalz,bleeding-hollow,665,druid,restoration,12,7,5
5383,Swagbabe,sargeras,665,druid,restoration,18,7,11
5384,Lacarne,tichondrius,665,druid,restoration,30,7,23
5385,Bullshifftt,kelthuzad,664,druid,restoration,12,7,5
5386,Anakum,azshara,664,druid,restoration,16,8,8
5387,Somars,cenarius,663,druid,restoration,12,7,5
5388,Madambuku,thrall,663,druid,restoration,12,7,5
5389,Xkcc,perenolde,660,druid,restoration,18,7,11
5390,Breezeys,tichondrius,658,druid,restoration,29,12,17
5391,Snarl,blades-edge,657,druid,restoration,12,7,5
5392,Ikova,frostmourne,650,druid,restoration,18,7,11
5393,Riddickd,malfurion,639,druid,restoration,14,8,6
5394,Gotdruid,sargeras,639,druid,restoration,14,8,6
5395,Warmkitteh,kiljaeden,639,druid,restoration,17,7,10
5396,Breathe,ysera,639,druid,restoration,28,7,21
5397,Wolfelord,sargeras,624,druid,restoration,21,7,14
5398,Rígo,frostmourne,622,druid,restoration,15,8,7
5399,Midoriiro,dentarg,612,druid,restoration,25,8,17
5400,Milkz,zuljin,607,druid,restoration,26,7,19
5401,Solipsism,barthilas,576,druid,restoration,6,6,0
5402,Pacetwo,area-52,576,druid,restoration,6,6,0
5403,Masan,burning-blade,576,druid,restoration,6,6,0
5404,Ordono,emerald-dream,576,druid,restoration,6,6,0
5405,Seyvyurtoo,black-dragonflight,576,druid,restoration,6,6,0
5406,Dirtydrood,mugthol,576,druid,restoration,12,6,6
5407,Krunks,frostmourne,576,druid,restoration,12,6,6
5408,Smeekqtwo,tichondrius,576,druid,restoration,12,6,6
5409,Hotwolf,tichondrius,576,druid,restoration,12,6,6
5410,Naturetazerr,sargeras,576,druid,restoration,12,6,6
5411,Afkifuthrow,ysera,576,druid,restoration,12,6,6
5412,Bearys,area-52,576,druid,restoration,12,6,6
5413,Naturenugget,sargeras,576,druid,restoration,12,6,6
5414,Gemo,tichondrius,576,druid,restoration,12,6,6
5415,Solushunx,sargeras,576,druid,restoration,12,6,6
5416,Zaelos,proudmoore,576,druid,restoration,12,6,6
5417,Daddypompum,tichondrius,576,druid,restoration,12,6,6
5418,Wëndell,tichondrius,576,druid,restoration,12,6,6
5419,Mynameisfish,tichondrius,576,druid,restoration,12,6,6
5420,Connection,emerald-dream,576,druid,restoration,12,6,6
5421,Gizho,sargeras,576,druid,restoration,12,6,6
5422,Forèst,sargeras,576,druid,restoration,12,6,6
5423,Fwaffle,bleeding-hollow,576,druid,restoration,12,6,6
5424,Sawajirii,tichondrius,576,druid,restoration,12,6,6
5425,Krisdu,kelthuzad,576,druid,restoration,12,6,6
5426,Floray,tichondrius,576,druid,restoration,12,6,6
5427,Xingyejingmi,tichondrius,576,druid,restoration,12,6,6
5428,Torbock,zuljin,576,druid,restoration,12,6,6
5429,Chinadruidss,tichondrius,576,druid,restoration,12,6,6
5430,Hecaf,drakkari,576,druid,restoration,12,6,6
5431,Nomilk,illidan,576,druid,restoration,12,6,6
5432,Juicecarton,thrall,576,druid,restoration,12,6,6
5433,Larryjones,alleria,576,druid,restoration,12,6,6
5434,Leomerchan,stormrage,576,druid,restoration,12,6,6
5435,Shiftydon,borean-tundra,576,druid,restoration,15,6,9
5436,Suublime,ragnaros,576,druid,restoration,18,6,12
5437,Nodab,tichondrius,576,druid,restoration,18,6,12
5438,Mâckdâddy,kul-tiras,576,druid,restoration,18,6,12
5439,Hawtyforever,tichondrius,576,druid,restoration,18,6,12
5440,Sneakiez,tichondrius,576,druid,restoration,18,6,12
5441,Axtin,stormreaver,576,druid,restoration,18,6,12
5442,Arútam,ragnaros,576,druid,restoration,18,6,12
5443,Hottietottie,laughing-skull,576,druid,restoration,24,6,18
5444,Shinoßi,area-52,576,druid,restoration,24,6,18
5445,Nerglet,aerie-peak,576,druid,restoration,24,6,18
5446,Gønkh,quelthalas,575,druid,restoration,6,6,0
5447,Gosch,stormrage,575,druid,restoration,12,6,6
5448,Nrp,stormrage,575,druid,restoration,12,6,6
5449,Bamfferal,tichondrius,575,druid,restoration,12,6,6
5450,Weltherion,guldan,575,druid,restoration,12,6,6
5451,Cinderellax,illidan,575,druid,restoration,12,6,6
5452,Kokushe,burning-legion,575,druid,restoration,12,6,6
5453,Velauris,sargeras,575,druid,restoration,12,6,6
5454,Jonoa,nagrand,575,druid,restoration,12,6,6
5455,Ulfvur,nagrand,575,druid,restoration,12,6,6
5456,Keläia,quelthalas,575,druid,restoration,12,6,6
5457,Nightnes,sargeras,575,druid,restoration,12,6,6
5458,Clawandørder,tichondrius,575,druid,restoration,12,6,6
5459,Flôkey,tichondrius,575,druid,restoration,12,6,6
5460,Skullchief,barthilas,575,druid,restoration,16,7,9
5461,Sleepypaws,silvermoon,575,druid,restoration,18,6,12
5462,Mithaelar,moon-guard,575,druid,restoration,18,6,12
5463,Moobees,arthas,575,druid,restoration,18,6,12
5464,Aligantor,thrall,575,druid,restoration,18,6,12
5465,Dýreðaguð,gurubashi,575,druid,restoration,18,6,12
5466,Treynî,tichondrius,575,druid,restoration,18,6,12
5467,Elpako,ragnaros,574,druid,restoration,6,6,0
5468,Uttress,kalecgos,574,druid,restoration,12,6,6
5469,Throatslash,thrall,574,druid,restoration,12,6,6
5470,Dibinha,azralon,574,druid,restoration,12,6,6
5471,Carther,korgath,574,druid,restoration,12,6,6
5472,Aranuir,emerald-dream,574,druid,restoration,18,6,12
5473,Brisketmre,dalaran,574,druid,restoration,36,6,30
5474,Lonewolfdrd,illidan,573,druid,restoration,6,6,0
5475,Jockrock,thunderhorn,573,druid,restoration,12,6,6
5476,Quagsire,moon-guard,573,druid,restoration,18,6,12
5477,Ahlekleklekk,azralon,572,druid,restoration,12,6,6
5478,Erourk,azralon,572,druid,restoration,12,6,6
5479,Keyli,frostwolf,572,druid,restoration,12,6,6
5480,Modification,eonar,572,druid,restoration,12,6,6
5481,Vacagalo,azralon,572,druid,restoration,12,6,6
5482,Nightshiver,bleeding-hollow,572,druid,restoration,12,6,6
5483,Jimooin,tichondrius,572,druid,restoration,18,6,12
5484,Bonemaul,bonechewer,571,druid,restoration,12,6,6
5485,Kupaloidzki,proudmoore,571,druid,restoration,12,6,6
5486,Budsmoke,stormrage,571,druid,restoration,18,6,12
5487,Aokseer,azralon,570,druid,restoration,12,6,6
5488,Mîløh,area-52,570,druid,restoration,12,6,6
5489,Nordway,alexstrasza,569,druid,restoration,12,6,6
5490,Otixx,wyrmrest-accord,568,druid,restoration,18,6,12
5491,Naachocheeze,tichondrius,566,druid,restoration,12,6,6
5492,Onyayo,barthilas,565,druid,restoration,12,6,6
5493,Shalandrea,sargeras,552,druid,restoration,24,6,18
5494,Lililililil,stormrage,552,druid,restoration,36,6,30
5495,Istishiã,tichondrius,543,druid,restoration,14,7,7
5496,Enyu,sargeras,542,druid,restoration,23,6,17
5497,Cudbacrakhed,tichondrius,541,druid,restoration,20,7,13
5498,Isalien,kelthuzad,521,druid,restoration,21,7,14
5499,Arthemisgodx,azralon,520,druid,restoration,17,10,7
5500,Rakins,arthas,496,druid,restoration,13,6,7
5501,Windù,azralon,488,druid,restoration,16,9,7
5502,Brëed,tichondrius,480,druid,restoration,6,5,1
5503,Kascatm,area-52,480,druid,restoration,6,5,1
5504,Shìfty,emerald-dream,480,druid,restoration,6,5,1
5505,Naakx,tichondrius,480,druid,restoration,6,5,1
5506,Genghisßong,mannoroth,480,druid,restoration,6,5,1
5507,Dëmoníc,ragnaros,480,druid,restoration,6,5,1
5508,Roraex,tichondrius,480,druid,restoration,6,5,1
5509,Sevend,tichondrius,480,druid,restoration,6,5,1
5510,Treehealage,sargeras,480,druid,restoration,6,5,1
5511,Jaspen,bleeding-hollow,480,druid,restoration,6,5,1
5512,Twentyfour,laughing-skull,480,druid,restoration,12,5,7
5513,Noah,altar-of-storms,480,druid,restoration,12,5,7
5514,Moonfannia,malganis,480,druid,restoration,12,5,7
5515,Lookhowirun,emerald-dream,480,druid,restoration,12,5,7
5516,Phéônix,zuljin,480,druid,restoration,12,5,7
5517,Jaydog,emerald-dream,480,druid,restoration,12,5,7
5518,Vêrâ,stormrage,480,druid,restoration,12,5,7
5519,Cheeseface,bleeding-hollow,480,druid,restoration,12,5,7
5520,Whìtewölf,emerald-dream,480,druid,restoration,12,5,7
5521,Blàtté,zuljin,480,druid,restoration,12,5,7
5522,Stamookee,area-52,480,druid,restoration,12,5,7
5523,Shartah,zuljin,480,druid,restoration,12,5,7
5524,Zemul,ragnaros,480,druid,restoration,12,5,7
5525,Furrari,baelgun,480,druid,restoration,12,5,7
5526,Shwayshift,bleeding-hollow,480,druid,restoration,12,5,7
5527,Softgrizzly,auchindoun,480,druid,restoration,12,5,7
5528,Hudada,emerald-dream,480,druid,restoration,12,5,7
5529,Afrogx,dalaran,480,druid,restoration,12,5,7
5530,Bobochi,tichondrius,480,druid,restoration,12,5,7
5531,Hotgoal,frostmourne,480,druid,restoration,12,5,7
5532,Brocolli,sargeras,480,druid,restoration,12,5,7
5533,Tydruid,illidan,480,druid,restoration,12,5,7
5534,Ashstarfall,barthilas,480,druid,restoration,12,5,7
5535,Lukass,tichondrius,480,druid,restoration,12,5,7
5536,Stormjammer,proudmoore,480,druid,restoration,12,5,7
5537,Stårrysky,illidan,480,druid,restoration,12,5,7
5538,Greeneguy,thrall,480,druid,restoration,12,5,7
5539,Yevenbother,tichondrius,480,druid,restoration,12,5,7
5540,Tygraz,alleria,480,druid,restoration,12,5,7
5541,Pigdd,tichondrius,480,druid,restoration,12,5,7
5542,Memoryleaks,proudmoore,480,druid,restoration,12,5,7
5543,Angryalyu,tichondrius,480,druid,restoration,12,5,7
5544,Teslabeam,illidan,480,druid,restoration,12,5,7
5545,Wizdùm,frostmourne,480,druid,restoration,13,5,8
5546,Duckbillby,bleeding-hollow,480,druid,restoration,14,5,9
5547,Guavajuice,stormrage,480,druid,restoration,16,5,11
5548,Hgoo,tichondrius,480,druid,restoration,18,5,13
5549,Minisavage,proudmoore,480,druid,restoration,18,5,13
5550,Djimbo,kelthuzad,480,druid,restoration,18,5,13
5551,Brostoevski,khadgar,480,druid,restoration,24,5,19
5552,Blürry,area-52,480,druid,restoration,24,5,19
5553,Treezy,dalaran,480,druid,restoration,24,5,19
5554,Spacaa,kelthuzad,480,druid,restoration,24,5,19
5555,Queiq,malganis,479,druid,restoration,6,5,1
5556,Jamona,cenarius,479,druid,restoration,12,5,7
5557,Jammi,skywall,479,druid,restoration,12,5,7
5558,Sharialawl,stormreaver,479,druid,restoration,12,5,7
5559,Mvqxd,tichondrius,479,druid,restoration,12,5,7
5560,Forest,frostmourne,479,druid,restoration,12,5,7
5561,Murkkd,tichondrius,479,druid,restoration,12,5,7
5562,Mînîboss,ragnaros,479,druid,restoration,12,5,7
5563,Sønèca,azralon,479,druid,restoration,12,5,7
5564,Ragotø,azralon,479,druid,restoration,18,5,13
5565,Indicah,barthilas,479,druid,restoration,18,5,13
5566,Olegoatjames,darkspear,478,druid,restoration,13,6,7
5567,Natruid,sargeras,478,druid,restoration,12,5,7
5568,Bloodyhoofs,malganis,478,druid,restoration,12,5,7
5569,Fastafboy,stormrage,478,druid,restoration,12,5,7
5570,Treemendous,tichondrius,478,druid,restoration,12,5,7
5571,Rònaldò,drakthul,478,druid,restoration,12,5,7
5572,Chupaone,dalaran,478,druid,restoration,18,5,13
5573,Scheppke,bleeding-hollow,477,druid,restoration,12,5,7
5574,Baha,azralon,477,druid,restoration,18,5,13
5575,Beanslice,nazgrel,477,druid,restoration,18,5,13
5576,Wraiven,elune,477,druid,restoration,18,5,13
5577,Swiftstrider,frostmourne,476,druid,restoration,10,6,4
5578,Béren,alterac-mountains,476,druid,restoration,12,5,7
5579,Ånxiety,skullcrusher,476,druid,restoration,12,5,7
5580,Kaldrago,detheroc,476,druid,restoration,12,5,7
5581,Phlap,zuljin,476,druid,restoration,12,5,7
5582,Muphausa,area-52,475,druid,restoration,12,5,7
5583,Vuthryx,tichondrius,472,druid,restoration,18,5,13
5584,Bobruid,nagrand,469,druid,restoration,19,9,10
5585,Maerk,aerie-peak,469,druid,restoration,18,5,13
5586,Udroth,kelthuzad,468,druid,restoration,17,5,12
5587,Metaldruid,tichondrius,463,druid,restoration,11,5,6
5588,Xiaoddi,tichondrius,463,druid,restoration,11,5,6
5589,Creasir,tichondrius,462,druid,restoration,11,5,6
5590,Semangarbage,tichondrius,457,druid,restoration,15,8,7
5591,Tofumation,gorgonnash,447,druid,restoration,14,6,8
5592,Fuzzie,icecrown,447,druid,restoration,16,5,11
5593,Chopotron,ragnaros,447,druid,restoration,16,5,11
5594,Morpheous,emerald-dream,444,druid,restoration,19,5,14
5595,Dashíng,proudmoore,440,druid,restoration,17,5,12
5596,Bigelbows,area-52,432,druid,restoration,15,6,9
5597,Qij,eonar,431,druid,restoration,11,5,6
5598,Gankstababy,tichondrius,426,druid,restoration,20,6,14
5599,Indicahigh,moon-guard,424,druid,restoration,16,7,9
5600,Persiancoco,area-52,422,druid,restoration,14,6,8
5601,Oongadunga,tichondrius,415,druid,restoration,14,5,9
5602,Shroomdealer,kelthuzad,384,druid,restoration,6,4,2
5603,Starshípx,tichondrius,384,druid,restoration,6,4,2
5604,Hottie,kelthuzad,384,druid,restoration,6,4,2
5605,Lushÿ,tichondrius,384,druid,restoration,6,4,2
5606,Peazoepico,tichondrius,384,druid,restoration,6,4,2
5607,Bambi,bleeding-hollow,384,druid,restoration,6,4,2
5608,Lylek,azshara,384,druid,restoration,6,4,2
5609,Nbendtner,tichondrius,384,druid,restoration,6,4,2
5610,Nøbuchi,kelthuzad,384,druid,restoration,6,4,2
5611,Outcastmango,thrall,384,druid,restoration,6,4,2
5612,Zoddyboy,tichondrius,384,druid,restoration,6,4,2
5613,Zbh,tichondrius,384,druid,restoration,6,4,2
5614,Bunrack,nerzhul,384,druid,restoration,6,4,2
5615,Kushkilla,malganis,384,druid,restoration,6,4,2
5616,Metaindexqt,quelthalas,384,druid,restoration,6,4,2
5617,Thetbones,tichondrius,384,druid,restoration,6,4,2
5618,Armorkits,area-52,384,druid,restoration,6,4,2
5619,Clydruid,blackrock,384,druid,restoration,6,4,2
5620,Druidlstrudl,moon-guard,384,druid,restoration,6,4,2
5621,Koan,proudmoore,384,druid,restoration,6,4,2
5622,Shiftedonyou,blackrock,384,druid,restoration,6,4,2
5623,Cloneandbone,nerzhul,384,druid,restoration,6,4,2
5624,Doomky,area-52,384,druid,restoration,6,4,2
5625,Someshta,sargeras,384,druid,restoration,6,4,2
5626,Johnnybigg,frostmourne,384,druid,restoration,6,4,2
5627,Crayolaa,barthilas,384,druid,restoration,6,4,2
5628,Êhurricane,dalaran,384,druid,restoration,6,4,2
5629,Dpumba,azralon,384,druid,restoration,6,4,2
5630,Clarityx,illidan,384,druid,restoration,6,4,2
5631,Bandruid,tichondrius,384,druid,restoration,10,4,6
5632,Zerocoolx,illidan,384,druid,restoration,15,5,10
5633,Mastabtw,illidan,384,druid,restoration,12,4,8
5634,Ganizote,ragnaros,384,druid,restoration,12,4,8
5635,Odenmu,ragnaros,384,druid,restoration,12,4,8
5636,Mastahskills,illidan,384,druid,restoration,12,4,8
5637,Ohioman,bleeding-hollow,384,druid,restoration,12,4,8
5638,Tommyjimmy,andorhal,384,druid,restoration,12,4,8
5639,Flompstomper,skullcrusher,384,druid,restoration,12,4,8
5640,Bigshred,tichondrius,384,druid,restoration,12,4,8
5641,Gathmog,boulderfist,384,druid,restoration,12,4,8
5642,Hotrecki,kelthuzad,384,druid,restoration,12,4,8
5643,Awguseon,proudmoore,384,druid,restoration,12,4,8
5644,Metaphysìcs,kelthuzad,384,druid,restoration,12,4,8
5645,Taysfriend,tichondrius,384,druid,restoration,12,4,8
5646,Lillenan,illidan,384,druid,restoration,12,4,8
5647,Thebutterboy,stormrage,384,druid,restoration,12,4,8
5648,Galadrielcn,tichondrius,384,druid,restoration,12,4,8
5649,Bumbally,illidan,384,druid,restoration,12,4,8
5650,Djdontlose,stormrage,384,druid,restoration,12,4,8
5651,Mittns,arthas,384,druid,restoration,12,4,8
5652,Mé,arthas,384,druid,restoration,12,4,8
5653,Science,arthas,384,druid,restoration,12,4,8
5654,Synthesïs,malganis,384,druid,restoration,12,4,8
5655,Bopple,tichondrius,384,druid,restoration,12,4,8
5656,Guurgul,bleeding-hollow,384,druid,restoration,12,4,8
5657,Figsurine,sargeras,384,druid,restoration,12,4,8
5658,Shadru,bleeding-hollow,384,druid,restoration,12,4,8
5659,Ursu,nemesis,384,druid,restoration,12,4,8
5660,Delícíous,darkspear,384,druid,restoration,12,4,8
5661,Angercow,nordrassil,384,druid,restoration,12,4,8
5662,Chiikawa,tichondrius,384,druid,restoration,12,4,8
5663,Bwaccowi,sargeras,384,druid,restoration,12,4,8
5664,Dergmoo,moon-guard,384,druid,restoration,12,4,8
5665,Flyshles,frostmourne,384,druid,restoration,12,4,8
5666,Mollytonasty,demon-soul,384,druid,restoration,12,4,8
5667,Spazer,darkspear,384,druid,restoration,12,4,8
5668,Brittanychan,sargeras,384,druid,restoration,12,4,8
5669,Pahandan,bonechewer,384,druid,restoration,12,4,8
5670,Allevii,sargeras,384,druid,restoration,12,4,8
5671,Glenglooie,tichondrius,384,druid,restoration,12,4,8
5672,Stamaximdru,lightbringer,384,druid,restoration,12,4,8
5673,Py,stormscale,384,druid,restoration,12,4,8
5674,Nocup,illidan,384,druid,restoration,12,4,8
5675,Chickenwings,ragnaros,384,druid,restoration,12,4,8
5676,Harøs,stormrage,384,druid,restoration,13,4,9
5677,Renlion,malganis,384,druid,restoration,18,4,14
5678,Tarvosx,thrall,384,druid,restoration,18,4,14
5679,Swagglefrag,zuljin,384,druid,restoration,18,4,14
5680,Ternkote,tichondrius,384,druid,restoration,21,4,17
5681,Calleguard,terenas,383,druid,restoration,6,4,2
5682,Bryle,kiljaeden,383,druid,restoration,6,4,2
5683,Ssuka,tichondrius,383,druid,restoration,12,4,8
5684,Norco,dentarg,383,druid,restoration,12,4,8
5685,Dadboody,sargeras,383,druid,restoration,12,4,8
5686,Nightflow,emerald-dream,383,druid,restoration,12,4,8
5687,Pahrump,stormrage,383,druid,restoration,12,4,8
5688,Brazzar,kiljaeden,383,druid,restoration,12,4,8
5689,Jonnyutaa,emerald-dream,383,druid,restoration,12,4,8
5690,Hazbekbek,area-52,383,druid,restoration,12,4,8
5691,Zelara,kilrogg,383,druid,restoration,12,4,8
5692,Elanni,illidan,383,druid,restoration,12,4,8
5693,Kurnon,shattered-hand,383,druid,restoration,12,4,8
5694,Posmard,ragnaros,383,druid,restoration,12,4,8
5695,Lulerz,cenarius,383,druid,restoration,18,4,14
5696,Morphiius,archimonde,383,druid,restoration,18,4,14
5697,Rikey,thaurissan,383,druid,restoration,18,4,14
5698,Madmandan,moon-guard,383,druid,restoration,18,4,14
5699,Beôrn,mugthol,382,druid,restoration,6,4,2
5700,Solá,skywall,382,druid,restoration,12,4,8
5701,Puzzlè,thrall,382,druid,restoration,12,4,8
5702,Guojue,tichondrius,382,druid,restoration,12,4,8
5703,Minnysoda,area-52,381,druid,restoration,12,4,8
5704,Maldrake,quelthalas,381,druid,restoration,12,4,8
5705,Ceria,hellscream,381,druid,restoration,12,4,8
5706,Certzu,moon-guard,381,druid,restoration,18,4,14
5707,Bigbadcow,sargeras,380,druid,restoration,12,4,8
5708,Yassi,earthen-ring,379,druid,restoration,12,4,8
5709,Metamooseowl,crushridge,379,druid,restoration,12,4,8
5710,Treetalker,drenden,379,druid,restoration,12,4,8
5711,Nüg,frostmourne,379,druid,restoration,14,4,10
5712,Irumble,silver-hand,377,druid,restoration,17,4,13
5713,Sertroz,sargeras,351,druid,restoration,11,4,7
5714,Itzreallyhim,kiljaeden,329,druid,restoration,15,5,10
5715,Alleae,stormrage,319,druid,restoration,5,4,1
5716,Fatloser,hyjal,319,druid,restoration,11,5,6
5717,Berchwunden,ragnaros,319,druid,restoration,10,4,6
5718,Ayra,sargeras,288,druid,restoration,6,3,3
5719,Catdruid,the-forgotten-coast,288,druid,restoration,6,3,3
5720,Idolizeme,skullcrusher,288,druid,restoration,6,3,3
5721,Drunner,lothar,288,druid,restoration,6,3,3
5722,Buffjungle,tichondrius,288,druid,restoration,6,3,3
5723,Panterarosa,ragnaros,288,druid,restoration,6,3,3
5724,Drmf,frostmourne,288,druid,restoration,6,3,3
5725,Muffiñ,moon-guard,288,druid,restoration,6,3,3
5726,Mythicdruid,ragnaros,288,druid,restoration,6,3,3
5727,Obsesséd,aggramar,288,druid,restoration,6,3,3
5728,Mädnhairy,zuljin,288,druid,restoration,6,3,3
5729,Tronita,frostwolf,288,druid,restoration,6,3,3
5730,Vadroid,dalaran,288,druid,restoration,6,3,3
5731,Wiskees,sargeras,288,druid,restoration,6,3,3
5732,Azaran,bleeding-hollow,288,druid,restoration,6,3,3
5733,Cutefeetz,moon-guard,288,druid,restoration,6,3,3
5734,Geno,cenarius,288,druid,restoration,6,3,3
5735,Creamsoda,frostmane,288,druid,restoration,6,3,3
5736,Ðeepsixx,burning-legion,288,druid,restoration,6,3,3
5737,Reptile,terenas,288,druid,restoration,6,3,3
5738,Spinach,moon-guard,288,druid,restoration,6,3,3
5739,Owaru,stormrage,288,druid,restoration,6,3,3
5740,Peakedinwod,sargeras,288,druid,restoration,6,3,3
5741,Qkdru,nemesis,288,druid,restoration,6,3,3
5742,Wâggles,moon-guard,288,druid,restoration,6,3,3
5743,Rlie,quelthalas,288,druid,restoration,6,3,3
5744,Xötic,stormrage,288,druid,restoration,6,3,3
5745,Yllercia,quelthalas,288,druid,restoration,6,3,3
5746,Asian,moon-guard,288,druid,restoration,6,3,3
5747,Seekamp,khazgoroth,288,druid,restoration,6,3,3
5748,Ømí,quelthalas,288,druid,restoration,6,3,3
5749,Càlthar,sargeras,288,druid,restoration,6,3,3
5750,Istayfrawsty,darkspear,288,druid,restoration,6,3,3
5751,MenapäA864B0,muradin,288,druid,restoration,6,3,3
5752,Lahgit,frostmourne,288,druid,restoration,6,3,3
5753,Tarlis,khazgoroth,288,druid,restoration,6,3,3
5754,Eryon,nemesis,288,druid,restoration,6,3,3
5755,Hotmuztard,sargeras,288,druid,restoration,6,3,3
5756,Kcazz,thorium-brotherhood,288,druid,restoration,6,3,3
5757,Realá,kelthuzad,288,druid,restoration,6,3,3
5758,Veyx,malganis,288,druid,restoration,6,3,3
5759,Lðhnar,malganis,288,druid,restoration,6,3,3
5760,Thenog,arthas,288,druid,restoration,6,3,3
5761,Antonniel,azralon,288,druid,restoration,6,3,3
5762,Nightz,icecrown,288,druid,restoration,6,3,3
5763,Hashdxm,tichondrius,288,druid,restoration,6,3,3
5764,Imaoo,illidan,288,druid,restoration,6,3,3
5765,Tziv,area-52,288,druid,restoration,6,3,3
5766,Rukins,frostmourne,288,druid,restoration,6,3,3
5767,Lemonnz,illidan,288,druid,restoration,6,3,3
5768,Kollective,sargeras,288,druid,restoration,6,3,3
5769,Isunami,emerald-dream,288,druid,restoration,6,3,3
5770,Bibliopole,tichondrius,288,druid,restoration,6,3,3
5771,Teancookies,tichondrius,288,druid,restoration,6,3,3
5772,Nokash,tichondrius,288,druid,restoration,6,3,3
5773,Junglefevers,tichondrius,288,druid,restoration,6,3,3
5774,Aidoh,kelthuzad,288,druid,restoration,6,3,3
5775,Koratan,frostmourne,288,druid,restoration,6,3,3
5776,Curze,maiev,288,druid,restoration,6,3,3
5777,Catahmine,thrall,288,druid,restoration,6,3,3
5778,Miraval,area-52,288,druid,restoration,6,3,3
5779,Flatnose,agamaggan,288,druid,restoration,6,3,3
5780,Sonicphantom,kelthuzad,288,druid,restoration,6,3,3
5781,Demitassie,wyrmrest-accord,288,druid,restoration,8,3,5
5782,Overgrowth,zuljin,288,druid,restoration,9,3,6
5783,Mysteec,bleeding-hollow,288,druid,restoration,11,3,8
5784,Theømega,stormrage,288,druid,restoration,12,3,9
5785,Wwkd,illidan,288,druid,restoration,12,3,9
5786,Raptormotoo,lothar,288,druid,restoration,12,3,9
5787,Biggié,bleeding-hollow,288,druid,restoration,12,3,9
5788,Nuantar,nemesis,288,druid,restoration,12,3,9
5789,Blacksimba,area-52,288,druid,restoration,12,3,9
5790,Krispies,eredar,288,druid,restoration,12,3,9
5791,Deyz,ysera,288,druid,restoration,12,3,9
5792,Madtreé,bleeding-hollow,288,druid,restoration,12,3,9
5793,Mattiu,area-52,288,druid,restoration,12,3,9
5794,Quadrivium,stormrage,288,druid,restoration,12,3,9
5795,Oflodor,azralon,288,druid,restoration,12,3,9
5796,Bewear,zangarmarsh,288,druid,restoration,12,3,9
5797,Bøo,frostmourne,288,druid,restoration,12,3,9
5798,Møth,anvilmar,288,druid,restoration,12,3,9
5799,Otckillaa,boulderfist,288,druid,restoration,12,3,9
5800,Kanokoho,wyrmrest-accord,288,druid,restoration,12,3,9
5801,Soloqmenace,malganis,288,druid,restoration,12,3,9
5802,Borbys,sargeras,288,druid,restoration,12,3,9
5803,Silasel,sargeras,288,druid,restoration,12,3,9
5804,Noradn,malganis,288,druid,restoration,12,3,9
5805,Garrodan,aerie-peak,288,druid,restoration,12,3,9
5806,Theblind,korgath,288,druid,restoration,12,3,9
5807,Azngødz,tichondrius,288,druid,restoration,12,3,9
5808,Solushuffle,sargeras,288,druid,restoration,12,3,9
5809,Nemoo,tichondrius,288,druid,restoration,12,3,9
5810,Endworldx,tichondrius,288,druid,restoration,12,3,9
5811,Monicaduan,frostmourne,288,druid,restoration,12,3,9
5812,Qdrui,tichondrius,288,druid,restoration,12,3,9
5813,Fyrleaf,lightnings-blade,288,druid,restoration,12,3,9
5814,Bearlínwall,sargeras,288,druid,restoration,12,3,9
5815,Brotø,nemesis,288,druid,restoration,18,3,15
5816,Giddeonv,draenor,288,druid,restoration,18,3,15
5817,Friendly,wyrmrest-accord,288,druid,restoration,18,3,15
5818,Thundyrcat,tichondrius,288,druid,restoration,18,3,15
5819,Soloqleaver,tichondrius,288,druid,restoration,18,3,15
5820,Harderplease,emerald-dream,287,druid,restoration,6,3,3
5821,Udala,durotan,287,druid,restoration,6,3,3
5822,Temujin,shadow-council,287,druid,restoration,6,3,3
5823,Ayakuya,veknilash,287,druid,restoration,6,3,3
5824,Sefestria,senjin,287,druid,restoration,6,3,3
5825,Moonfires,stormscale,287,druid,restoration,6,3,3
5826,Glowstixz,tichondrius,287,druid,restoration,6,3,3
5827,Seremap,frostmourne,287,druid,restoration,6,3,3
5828,Iamanoob,sargeras,287,druid,restoration,10,4,6
5829,Ugress,whisperwind,287,druid,restoration,12,3,9
5830,Lêsly,thrall,287,druid,restoration,12,3,9
5831,Druishcat,dark-iron,287,druid,restoration,12,3,9
5832,Megara,dalaran,287,druid,restoration,12,3,9
5833,Inblooms,blackhand,287,druid,restoration,12,3,9
5834,Atillah,stormscale,287,druid,restoration,12,3,9
5835,Cieran,senjin,287,druid,restoration,18,3,15
5836,Bullshiftter,ursin,286,druid,restoration,6,3,3
5837,Dcdc,malganis,286,druid,restoration,6,3,3
5838,Taiyla,stormrage,286,druid,restoration,12,3,9
5839,Fortunecat,illidan,286,druid,restoration,12,3,9
5840,Andraste,queldorei,286,druid,restoration,12,3,9
5841,Moonbootz,proudmoore,285,druid,restoration,12,3,9
5842,Sabari,area-52,285,druid,restoration,18,3,15
5843,Brbcatsonfir,malganis,270,druid,restoration,28,4,24
5844,Anastasyiar,illidan,256,druid,restoration,10,3,7
5845,Gloomy,andorhal,256,druid,restoration,10,3,7
5846,Dotdmage,tichondrius,255,druid,restoration,11,3,8
5847,Cipozento,azralon,240,druid,restoration,9,3,6
5848,Awkwarder,emerald-dream,239,druid,restoration,11,3,8
5849,Yoona,kiljaeden,234,druid,restoration,7,4,3
5850,Restyblazed,sargeras,234,druid,restoration,8,4,4
5851,Donaldsr,area-52,234,druid,restoration,9,4,5
5852,Sïmba,andorhal,234,druid,restoration,9,4,5
5853,Stormwood,moonrunner,234,druid,restoration,21,4,17
5854,Stèvén,tichondrius,233,druid,restoration,13,4,9
5855,Greythan,madoran,231,druid,restoration,24,4,20
5856,Gavdru,tichondrius,223,druid,restoration,8,3,5
5857,Blackmoomba,kiljaeden,192,druid,restoration,4,3,1
5858,Faentz,stormrage,192,druid,restoration,9,3,6
5859,Gretatunberg,skywall,192,druid,restoration,6,2,4
5860,Nacur,bleeding-hollow,192,druid,restoration,6,2,4
5861,Megasteak,lightninghoof,192,druid,restoration,6,2,4
5862,Kagekuma,bleeding-hollow,192,druid,restoration,6,2,4
5863,Hatricio,ragnaros,192,druid,restoration,6,2,4
5864,Lilcocoxoxo,shadowmoon,192,druid,restoration,6,2,4
5865,Crazywoodowl,tichondrius,192,druid,restoration,6,2,4
5866,Nogardfan,tichondrius,192,druid,restoration,6,2,4
5867,Zils,bleeding-hollow,192,druid,restoration,6,2,4
5868,Gepardéx,ragnaros,192,druid,restoration,6,2,4
5869,Cushionmaker,tichondrius,192,druid,restoration,6,2,4
5870,Whiplash,deathwing,192,druid,restoration,6,2,4
5871,Psycloned,magtheridon,192,druid,restoration,6,2,4
5872,Epicbehr,kiljaeden,192,druid,restoration,6,2,4
5873,Tatahe,zuljin,192,druid,restoration,6,2,4
5874,Cheesetouchy,illidan,192,druid,restoration,6,2,4
5875,Netflixnphil,sargeras,192,druid,restoration,6,2,4
5876,Violyte,tichondrius,192,druid,restoration,6,2,4
5877,Relxlol,tichondrius,192,druid,restoration,6,2,4
5878,Hotsoncrak,tichondrius,192,druid,restoration,6,2,4
5879,Geycat,tichondrius,192,druid,restoration,6,2,4
5880,Hyperdryve,bonechewer,192,druid,restoration,6,2,4
5881,Feeoria,lothar,192,druid,restoration,6,2,4
5882,Cauroth,azralon,192,druid,restoration,6,2,4
5883,Five,the-underbog,192,druid,restoration,6,2,4
5884,Bomp,malganis,192,druid,restoration,6,2,4
5885,Firefireahh,sargeras,192,druid,restoration,6,2,4
5886,Tynsley,malganis,192,druid,restoration,6,2,4
5887,Gêrm,stormrage,192,druid,restoration,6,2,4
5888,Kaisuckslol,stormrage,192,druid,restoration,6,2,4
5889,Bigtonkatruk,tichondrius,192,druid,restoration,6,2,4
5890,Terminatore,kelthuzad,192,druid,restoration,6,2,4
5891,Hawtzi,stormrage,192,druid,restoration,6,2,4
5892,Droody,earthen-ring,192,druid,restoration,6,2,4
5893,Fixn,tichondrius,192,druid,restoration,6,2,4
5894,Tadoo,tichondrius,192,druid,restoration,6,2,4
5895,Tropikana,burning-legion,192,druid,restoration,6,2,4
5896,Freemac,tichondrius,192,druid,restoration,6,2,4
5897,Mcbeef,tichondrius,192,druid,restoration,6,2,4
5898,Ghostti,stormrage,192,druid,restoration,6,2,4
5899,Runningback,emerald-dream,192,druid,restoration,6,2,4
5900,Loved,stormrage,192,druid,restoration,6,2,4
5901,Bullbuddy,wyrmrest-accord,192,druid,restoration,6,2,4
5902,Clonkzy,area-52,192,druid,restoration,6,2,4
5903,Kroshape,stormrage,192,druid,restoration,6,2,4
5904,Zaddychulo,area-52,192,druid,restoration,6,2,4
5905,Boundless,skullcrusher,192,druid,restoration,6,2,4
5906,Dumpesito,frostmourne,192,druid,restoration,6,2,4
5907,Tempesd,stormrage,192,druid,restoration,6,2,4
5908,Gorfrog,tichondrius,192,druid,restoration,6,2,4
5909,Acexten,tichondrius,192,druid,restoration,6,2,4
5910,Levincy,thrall,192,druid,restoration,6,2,4
5911,Noonwalk,illidan,192,druid,restoration,6,2,4
5912,Vaelstrasz,skullcrusher,192,druid,restoration,6,2,4
5913,Spongedaddy,tichondrius,192,druid,restoration,6,2,4
5914,Snugglin,kelthuzad,192,druid,restoration,6,2,4
5915,Bobblespook,stormrage,192,druid,restoration,6,2,4
5916,Laesh,nemesis,192,druid,restoration,6,2,4
5917,Sandiegoo,destromath,192,druid,restoration,6,2,4
5918,Murpheey,sargeras,192,druid,restoration,6,2,4
5919,Shiftzy,thrall,192,druid,restoration,6,2,4
5920,Tranqz,moon-guard,192,druid,restoration,6,2,4
5921,Akinetic,illidan,192,druid,restoration,6,2,4
5922,Guusx,bonechewer,192,druid,restoration,6,2,4
5923,Katesw,tichondrius,192,druid,restoration,6,2,4
5924,Kassius,alleria,192,druid,restoration,6,2,4
5925,Leafthief,whisperwind,192,druid,restoration,6,2,4
5926,Cultnelf,illidan,192,druid,restoration,6,2,4
5927,Spoogel,area-52,192,druid,restoration,6,2,4
5928,Owlgz,barthilas,192,druid,restoration,6,2,4
5929,Sôlemn,barthilas,192,druid,restoration,6,2,4
5930,Bekroh,crushridge,192,druid,restoration,6,2,4
5931,Batshi,gorefiend,192,druid,restoration,6,2,4
5932,Barkcheeks,area-52,192,druid,restoration,6,2,4
5933,Niquil,hyjal,192,druid,restoration,6,2,4
5934,Ambassador,kelthuzad,192,druid,restoration,6,2,4
5935,Loveflowers,nemesis,192,druid,restoration,6,2,4
5936,Tagliatélle,emerald-dream,192,druid,restoration,6,2,4
5937,Stratego,drenden,192,druid,restoration,6,2,4
5938,Nightwinter,area-52,192,druid,restoration,6,2,4
5939,Cuccii,sargeras,192,druid,restoration,6,2,4
5940,Koalla,frostmourne,192,druid,restoration,6,2,4
5941,Mayarí,sargeras,192,druid,restoration,6,2,4
5942,Fastyhands,illidan,192,druid,restoration,6,2,4
5943,Rahaab,sargeras,192,druid,restoration,8,2,6
5944,Simperella,dalaran,192,druid,restoration,13,3,10
5945,Hotsx,frostmourne,192,druid,restoration,9,2,7
5946,Sleepyheals,tichondrius,192,druid,restoration,14,3,11
5947,Crunchieroll,illidan,192,druid,restoration,12,2,10
5948,Aelena,whisperwind,192,druid,restoration,12,2,10
5949,Bboikha,quelthalas,192,druid,restoration,12,2,10
5950,Lunmoon,thrall,192,druid,restoration,12,2,10
5951,Kymolyia,sargeras,192,druid,restoration,12,2,10
5952,Iyrnae,zuljin,192,druid,restoration,12,2,10
5953,Kittysnuggle,emerald-dream,192,druid,restoration,12,2,10
5954,Batlex,thrall,192,druid,restoration,12,2,10
5955,Wonderhood,quelthalas,192,druid,restoration,12,2,10
5956,Mahjongg,stormrage,192,druid,restoration,12,2,10
5957,Pinchncheeks,bleeding-hollow,192,druid,restoration,12,2,10
5958,Bennedïct,tichondrius,192,druid,restoration,12,2,10
5959,Actioncat,emerald-dream,192,druid,restoration,12,2,10
5960,Gahr,wyrmrest-accord,192,druid,restoration,12,2,10
5961,Fribbleog,korgath,192,druid,restoration,12,2,10
5962,Trèè,frostmane,192,druid,restoration,12,2,10
5963,Daesdaddy,sargeras,192,druid,restoration,12,2,10
5964,Goorybud,tichondrius,192,druid,restoration,12,2,10
5965,Grullandur,hakkar,192,druid,restoration,12,2,10
5966,Urhero,sargeras,192,druid,restoration,12,2,10
5967,Cpksdru,tichondrius,192,druid,restoration,12,2,10
5968,Moocka,ragnaros,192,druid,restoration,12,2,10
5969,Benjixx,proudmoore,192,druid,restoration,12,2,10
5970,Elven,frostmourne,192,druid,restoration,12,2,10
5971,Moonkay,tichondrius,192,druid,restoration,12,2,10
5972,Sneakydikns,tichondrius,192,druid,restoration,12,2,10
5973,Chaarm,proudmoore,192,druid,restoration,12,2,10
5974,Gradiluth,proudmoore,192,druid,restoration,12,2,10
5975,Rootslayer,tichondrius,192,druid,restoration,12,2,10
5976,Çarpentree,sargeras,192,druid,restoration,18,2,16
5977,Killvious,kelthuzad,192,druid,restoration,18,2,16
5978,Clonemunster,frostmourne,192,druid,restoration,18,2,16
5979,Irontree,dunemaul,192,druid,restoration,18,2,16
5980,Brutalhealz,aegwynn,192,druid,restoration,18,2,16
5981,Devilzown,fenris,192,druid,restoration,18,2,16
5982,Naxanax,stormrage,191,druid,restoration,6,2,4
5983,Moonkinx,frostwolf,191,druid,restoration,6,2,4
5984,Megumixd,illidan,191,druid,restoration,6,2,4
5985,Voodooshiftz,emerald-dream,191,druid,restoration,12,2,10
5986,Äbÿss,tichondrius,191,druid,restoration,12,2,10
5987,Daweed,zuluhed,191,druid,restoration,12,2,10
5988,Ellarrya,moon-guard,191,druid,restoration,12,2,10
5989,Calliecat,moon-guard,191,druid,restoration,12,2,10
5990,Grimshifta,kelthuzad,191,druid,restoration,12,2,10
5991,Denyou,aggramar,191,druid,restoration,12,2,10
5992,Wantto,moknathal,190,druid,restoration,12,2,10
5993,Garritass,moon-guard,189,druid,restoration,29,2,27
5994,Dreamwalk,stormrage,175,druid,restoration,17,3,14
5995,Vzi,magtheridon,159,druid,restoration,5,2,3
5996,Pvptactician,tichondrius,159,druid,restoration,11,4,7
5997,Jeppcat,tichondrius,159,druid,restoration,14,3,11
5998,Frenzymoon,zuljin,144,druid,restoration,3,3,0
5999,Vìdá,tichondrius,138,druid,restoration,8,3,5
6000,Teddybëar,illidan,138,druid,restoration,9,3,6
6001,Pokieoaks,zuljin,138,druid,restoration,10,3,7
6002,Galind,rexxar,128,druid,restoration,4,2,2
6003,Alshari,proudmoore,128,druid,restoration,10,2,8
6004,Crunkk,thunderlord,127,druid,restoration,14,2,12
6005,Illur,ragnaros,127,druid,restoration,14,2,12
6006,Forestmaster,area-52,96,druid,restoration,8,2,6
6007,Hille,sargeras,96,druid,restoration,6,1,5
6008,Ttaure,ragnaros,96,druid,restoration,6,1,5
6009,Irl,frostmane,96,druid,restoration,6,1,5
6010,Caminanube,quelthalas,96,druid,restoration,6,1,5
6011,Diligent,dathremar,96,druid,restoration,6,1,5
6012,Kirato,ragnaros,96,druid,restoration,6,1,5
6013,Rezl,sargeras,96,druid,restoration,6,1,5
6014,Moonkingx,ragnaros,96,druid,restoration,6,1,5
6015,Chomperz,tichondrius,96,druid,restoration,6,1,5
6016,Beldiin,khazgoroth,96,druid,restoration,6,1,5
6017,Cowboyydan,malganis,96,druid,restoration,6,1,5
6018,Lokobah,wyrmrest-accord,96,druid,restoration,6,1,5
6019,Spatulas,malganis,96,druid,restoration,6,1,5
6020,Sinistuhd,tichondrius,96,druid,restoration,6,1,5
6021,Raìñ,tichondrius,96,druid,restoration,6,1,5
6022,Suncintus,aggramar,96,druid,restoration,6,1,5
6023,Tyrander,tichondrius,96,druid,restoration,6,1,5
6024,Leoho,tichondrius,96,druid,restoration,6,1,5
6025,Feralgo,tichondrius,96,druid,restoration,6,1,5
6026,Orakuru,barthilas,96,druid,restoration,6,1,5
6027,Thiccybear,darkspear,96,druid,restoration,6,1,5
6028,Rastakant,malganis,96,druid,restoration,6,1,5
6029,Ryhighd,sargeras,96,druid,restoration,6,1,5
6030,Arienne,kelthuzad,96,druid,restoration,6,1,5
6031,Skéla,emerald-dream,96,druid,restoration,6,1,5
6032,Aimafengari,emerald-dream,96,druid,restoration,6,1,5
6033,Macfluff,emerald-dream,96,druid,restoration,6,1,5
6034,Zeelán,emerald-dream,96,druid,restoration,6,1,5
6035,Arthridas,wyrmrest-accord,96,druid,restoration,6,1,5
6036,Zabartak,lightnings-blade,96,druid,restoration,6,1,5
6037,Fartsicle,lightnings-blade,96,druid,restoration,6,1,5
6038,Rakroz,emerald-dream,96,druid,restoration,6,1,5
6039,Atagoo,tichondrius,96,druid,restoration,6,1,5
6040,Djsummer,tichondrius,96,druid,restoration,6,1,5
6041,Hammyaki,area-52,96,druid,restoration,6,1,5
6042,Jayto,frostmourne,96,druid,restoration,6,1,5
6043,Dedderita,bloodhoof,96,druid,restoration,6,1,5
6044,Kurzul,area-52,96,druid,restoration,6,1,5
6045,Moonshocka,tichondrius,96,druid,restoration,6,1,5
6046,Kendra,barthilas,96,druid,restoration,6,1,5
6047,Whitehaze,proudmoore,96,druid,restoration,6,1,5
6048,Smitebacklol,tichondrius,96,druid,restoration,6,1,5
6049,Mamazbear,area-52,96,druid,restoration,6,1,5
6050,Moocowbear,illidan,96,druid,restoration,6,1,5
6051,Baconsniper,illidan,96,druid,restoration,6,1,5
6052,Bigclapz,stormrage,96,druid,restoration,6,1,5
6053,Framess,area-52,96,druid,restoration,6,1,5
6054,Elmez,thrall,96,druid,restoration,6,1,5
6055,Stephonxd,area-52,96,druid,restoration,6,1,5
6056,Samully,area-52,96,druid,restoration,6,1,5
6057,Nìck,the-scryers,96,druid,restoration,6,1,5
6058,Scorpitary,ysera,96,druid,restoration,6,1,5
6059,Natürëblÿät,illidan,96,druid,restoration,6,1,5
6060,Sheeftah,illidan,96,druid,restoration,6,1,5
6061,Wotermelon,moon-guard,96,druid,restoration,6,1,5
6062,Bùgga,malfurion,96,druid,restoration,6,1,5
6063,Krucífy,dark-iron,96,druid,restoration,6,1,5
6064,Berserkr,lethon,96,druid,restoration,6,1,5
6065,Logyoh,tichondrius,96,druid,restoration,6,1,5
6066,Ayla,gorefiend,96,druid,restoration,6,1,5
6067,Sily,frostmourne,96,druid,restoration,6,1,5
6068,Ðjx,stormrage,96,druid,restoration,6,1,5
6069,Fadingfast,frostmourne,96,druid,restoration,6,1,5
6070,Feorb,azuremyst,96,druid,restoration,6,1,5
6071,Wrathmighty,frostmourne,96,druid,restoration,6,1,5
6072,Kzdubya,stormrage,96,druid,restoration,6,1,5
6073,Shilpá,stormrage,96,druid,restoration,6,1,5
6074,Guap,bleeding-hollow,96,druid,restoration,6,1,5
6075,Botdruid,hyjal,96,druid,restoration,6,1,5
6076,Gruulnir,antonidas,96,druid,restoration,6,1,5
6077,Juves,frostmourne,96,druid,restoration,6,1,5
6078,Moonfart,zuljin,96,druid,restoration,6,1,5
6079,Uzheals,zuljin,96,druid,restoration,6,1,5
6080,Gúdru,zuljin,96,druid,restoration,6,1,5
6081,Nyanncat,frostmourne,96,druid,restoration,7,1,6
6082,Lirilith,shadowsong,96,druid,restoration,16,2,14
6083,Shebleeder,aegwynn,96,druid,restoration,11,1,10
6084,Taztoc,stormrage,96,druid,restoration,11,1,10
6085,Foracus,sargeras,96,druid,restoration,11,1,10
6086,Framling,sargeras,96,druid,restoration,12,1,11
6087,Tuurban,stormrage,96,druid,restoration,12,1,11
6088,Kopidruid,barthilas,96,druid,restoration,12,1,11
6089,Kaeliah,stormrage,96,druid,restoration,12,1,11
6090,Whiteglade,moon-guard,96,druid,restoration,12,1,11
6091,Morpheûs,bleeding-hollow,96,druid,restoration,12,1,11
6092,Durkanis,maelstrom,96,druid,restoration,12,1,11
6093,Morezby,frostmourne,96,druid,restoration,12,1,11
6094,Sinigang,duskwood,96,druid,restoration,12,1,11
6095,Rebornwhisp,moon-guard,96,druid,restoration,12,1,11
6096,Idontmoo,area-52,96,druid,restoration,12,1,11
6097,Adaeloth,hyjal,96,druid,restoration,12,1,11
6098,Thorsèn,sargeras,96,druid,restoration,15,1,14
6099,Grakzul,blood-furnace,95,druid,restoration,9,2,7
6100,Herbalife,stormrage,95,druid,restoration,6,1,5
6101,Huriel,blackrock,95,druid,restoration,6,1,5
6102,Bbabbi,tichondrius,89,druid,restoration,5,3,2
6103,Eliteshift,frostmourne,64,druid,restoration,4,1,3
6104,Pownage,kelthuzad,64,druid,restoration,16,1,15
6105,Smorak,area-52,63,druid,restoration,2,2,0
6106,Bòmi,tichondrius,63,druid,restoration,2,2,0
6107,Mojoforweeks,bleeding-hollow,42,druid,restoration,6,2,4
6108,Suwonhealer,tichondrius,31,druid,restoration,8,1,7
6109,Neferpitou,fenris,16,druid,restoration,6,1,5
6110,Landro,tichondrius,1433,druid,guardian,101,50,51
6111,Kobebeef,malganis,1203,druid,guardian,30,13,17
6112,Ashamang,emerald-dream,1135,druid,guardian,30,16,14
6113,Ntseebxoxoxg,gurubashi,1127,druid,guardian,60,26,34
6114,Haalls,gallywix,1110,druid,guardian,54,16,38
6115,Ürsus,quelthalas,1106,druid,guardian,72,32,40
6116,Theme,frostwolf,1089,druid,guardian,48,18,30
6117,Crashägásm,proudmoore,1062,druid,guardian,30,15,15
6118,Gums,lightbringer,1006,druid,guardian,42,12,30
6119,Kesagake,feathermoon,921,druid,guardian,18,10,8
6120,Manasmi,frostmourne,916,druid,guardian,47,20,27
6121,Maraliss,shadowsong,863,druid,guardian,30,14,16
6122,Mordu,rivendare,838,druid,guardian,25,9,16
6123,Inxert,tichondrius,792,druid,guardian,16,9,7
6124,Gifteddream,zuljin,759,druid,guardian,24,9,15
6125,Koan,proudmoore,671,druid,guardian,24,7,17
6126,Jacinty,saurfang,670,druid,guardian,18,7,11
6127,Multivar,burning-legion,669,druid,guardian,12,7,5
6128,Agmukar,wyrmrest-accord,659,druid,guardian,12,7,5
6129,Lycanthus,thrall,575,druid,guardian,12,6,6
6130,Ishiftalot,bleeding-hollow,573,druid,guardian,15,7,8
6131,Giddeonv,draenor,570,druid,guardian,12,6,6
6132,Bjørnen,thrall,570,druid,guardian,12,6,6
6133,Firash,frostmourne,568,druid,guardian,12,6,6
6134,Caliwagon,dalaran,490,druid,guardian,13,6,7
6135,Agaxaido,azgalor,480,druid,guardian,12,5,7
6136,Dalidielor,dalaran,480,druid,guardian,12,5,7
6137,Ferio,moon-guard,480,druid,guardian,24,5,19
6138,Chärmin,area-52,479,druid,guardian,12,5,7
6139,Balanah,quelthalas,472,druid,guardian,15,6,9
6140,Maen,kelthuzad,384,druid,guardian,6,4,2
6141,Bigxworm,gurubashi,384,druid,guardian,12,4,8
6142,Krylax,sargeras,384,druid,guardian,12,4,8
6143,Druidd,moonrunner,384,druid,guardian,12,4,8
6144,Moistism,khazgoroth,384,druid,guardian,18,4,14
6145,Wraithman,madoran,383,druid,guardian,6,4,2
6146,Vennfox,illidan,383,druid,guardian,12,4,8
6147,Muphasax,ragnaros,383,druid,guardian,18,4,14
6148,Aìón,emerald-dream,382,druid,guardian,6,4,2
6149,Tankbareass,aerie-peak,382,druid,guardian,18,4,14
6150,Cléa,illidan,381,druid,guardian,12,4,8
6151,Cayinna,altar-of-storms,288,druid,guardian,12,3,9
6152,Woozydruid,anetheron,288,druid,guardian,12,3,9
6153,Jüggernäut,area-52,288,druid,guardian,12,3,9
6154,Manwool,illidan,288,druid,guardian,12,3,9
6155,Read,boulderfist,288,druid,guardian,12,3,9
6156,Deutschland,whisperwind,288,druid,guardian,12,3,9
6157,Mavren,uldaman,286,druid,guardian,6,3,3
6158,Classykitty,tichondrius,192,druid,guardian,4,3,1
6159,Fluff,gurubashi,192,druid,guardian,6,2,4
6160,Athious,moon-guard,192,druid,guardian,6,2,4
6161,Avbox,proudmoore,192,druid,guardian,6,2,4
6162,Lilgushy,area-52,192,druid,guardian,6,2,4
6163,Battlecát,stormscale,192,druid,guardian,6,2,4
6164,Mommyh,duskwood,192,druid,guardian,6,2,4
6165,Skrimshaw,burning-legion,192,druid,guardian,6,2,4
6166,Eithelsa,frostmourne,191,druid,guardian,6,2,4
6167,Meliódás,area-52,191,druid,guardian,18,2,16
6168,Gornish,azralon,190,druid,guardian,12,2,10
6169,Drur,zuljin,96,druid,guardian,6,1,5
6170,Malvolo,eredar,96,druid,guardian,6,1,5
6171,Sixfeetunder,shattered-halls,96,druid,guardian,6,1,5
6172,Weezydende,area-52,96,druid,guardian,6,1,5
6173,Funkbear,black-dragonflight,96,druid,guardian,6,1,5
6174,Vindecca,kelthuzad,96,druid,guardian,6,1,5
6175,Kushtiger,ragnaros,96,druid,guardian,6,1,5
6176,Juicecarton,thrall,96,druid,guardian,6,1,5
6177,Flenser,frostmane,96,druid,guardian,6,1,5
6178,Wintarz,sargeras,96,druid,guardian,6,1,5
6179,Moonshocka,tichondrius,96,druid,guardian,6,1,5
6180,Aurno,queldorei,96,druid,guardian,6,1,5
6181,Finntann,moon-guard,96,druid,guardian,6,1,5
6182,Fulmerethine,emerald-dream,96,druid,guardian,12,1,11
6183,Woowis,stormrage,96,druid,guardian,12,1,11
6184,Vineclaw,emerald-dream,96,druid,guardian,12,1,11
6185,Kylysea,dalaran,96,druid,guardian,12,1,11
6186,Lakroz,zuljin,95,druid,guardian,6,1,5
6187,Sitruk,uldum,63,druid,guardian,10,1,9
6188,Bawbe,lightbringer,2286,druid,feral,107,61,46
6189,Floppa,whisperwind,2243,druid,feral,102,56,46
6190,Marvin,stormreaver,2201,druid,feral,94,49,45
6191,Angryalyu,tichondrius,2185,druid,feral,132,67,65
6192,Loser,stormrage,2155,druid,feral,87,46,41
6193,Nyç,sargeras,2139,druid,feral,216,116,100
6194,Auntsusie,stormrage,2128,druid,feral,95,61,34
6195,Crunchyroll,sargeras,2126,druid,feral,168,91,77
6196,Iinkinbio,alleria,2124,druid,feral,84,50,34
6197,Formrage,jubeithos,2097,druid,feral,206,108,98
6198,Boomboombom,tichondrius,2054,druid,feral,119,72,47
6199,Jaguar,whisperwind,2050,druid,feral,69,40,29
6200,Yüxy,sargeras,2048,druid,feral,174,85,89
6201,Bassy,whisperwind,2041,druid,feral,82,41,41
6202,Henikbite,zuljin,2018,druid,feral,125,65,60
6203,Duzis,tichondrius,2015,druid,feral,140,74,66
6204,Amellies,quelthalas,2012,druid,feral,196,105,91
6205,Evildooer,stormrage,1996,druid,feral,60,34,26
6206,Abstractf,sargeras,1973,druid,feral,86,50,36
6207,Beomjun,tichondrius,1970,druid,feral,128,69,59
6208,Babekisser,stormrage,1961,druid,feral,130,69,61
6209,Nèffex,sargeras,1960,druid,feral,60,37,23
6210,Vinjo,ragnaros,1955,druid,feral,90,42,48
6211,Pdfilewatch,stormrage,1943,druid,feral,42,30,12
6212,Feeg,sargeras,1937,druid,feral,65,33,32
6213,Boomboomboom,misha,1936,druid,feral,194,96,98
6214,Notapn,tichondrius,1926,druid,feral,96,54,42
6215,Floorz,bleeding-hollow,1920,druid,feral,75,34,41
6216,Cliodhna,kelthuzad,1914,druid,feral,78,40,38
6217,Chowxx,tichondrius,1910,druid,feral,96,45,51
6218,Alleae,stormrage,1908,druid,feral,54,32,22
6219,Skrambles,mugthol,1906,druid,feral,75,36,39
6220,Fappywapple,kiljaeden,1899,druid,feral,118,58,60
6221,Samuel,ravencrest,1897,druid,feral,60,33,27
6222,Floorz,firetree,1895,druid,feral,42,23,19
6223,Ripbot,sargeras,1894,druid,feral,59,31,28
6224,Duhfective,proudmoore,1887,druid,feral,65,33,32
6225,Trìckyz,tichondrius,1881,druid,feral,182,91,91
6226,Kittendev,tichondrius,1881,druid,feral,48,21,27
6227,Porkonmyfork,frostmourne,1870,druid,feral,40,24,16
6228,Astrozxy,sargeras,1860,druid,feral,42,23,19
6229,Darmari,quelthalas,1852,druid,feral,60,27,33
6230,Rwhatkr,tichondrius,1847,druid,feral,47,20,27
6231,Kynvi,moon-guard,1846,druid,feral,48,24,24
6232,Sammy,scilla,1842,druid,feral,84,40,44
6233,Lesliewj,proudmoore,1840,druid,feral,65,35,30
6234,Tyxi,bleeding-hollow,1839,druid,feral,46,31,15
6235,Zuljor,sargeras,1836,druid,feral,54,34,20
6236,Yayue,tichondrius,1830,druid,feral,72,37,35
6237,Bpdferal,stormrage,1828,druid,feral,180,99,81
6238,Russiaguy,area-52,1826,druid,feral,271,141,130
6239,Icespicè,tichondrius,1825,druid,feral,96,46,50
6240,Porkloafed,illidan,1824,druid,feral,94,53,41
6241,Sappora,illidan,1824,druid,feral,178,92,86
6242,Feignxd,emerald-dream,1823,druid,feral,60,43,17
6243,Nuadris,azralon,1822,druid,feral,168,86,82
6244,Chrye,tichondrius,1820,druid,feral,69,35,34
6245,Calikonger,spirestone,1819,druid,feral,48,23,25
6246,Kakaroot,tichondrius,1813,druid,feral,153,78,75
6247,Hugecat,tichondrius,1812,druid,feral,60,26,34
6248,Stellar,steamwheedle-cartel,1811,druid,feral,138,66,72
6249,Yukjr,stormrage,1810,druid,feral,149,71,78
6250,Killuf,quelthalas,1784,druid,feral,101,39,62
6251,Meldzetzan,tichondrius,1782,druid,feral,31,20,11
6252,Tyx,bleeding-hollow,1781,druid,feral,68,31,37
6253,Hriiya,tichondrius,1781,druid,feral,71,29,42
6254,Lemön,frostmourne,1780,druid,feral,54,27,27
6255,Ërebüs,emerald-dream,1774,druid,feral,59,24,35
6256,Djdontlose,stormrage,1771,druid,feral,54,33,21
6257,Proudfurryxo,dragonmaw,1765,druid,feral,50,27,23
6258,Yoruìchí,tichondrius,1759,druid,feral,36,23,13
6259,Idiotferal,tortheldrin,1751,druid,feral,47,33,14
6260,Kobez,bleeding-hollow,1748,druid,feral,84,46,38
6261,Vebee,frostmourne,1746,druid,feral,65,34,31
6262,Mhdd,tichondrius,1739,druid,feral,66,38,28
6263,Stêff,zuljin,1739,druid,feral,102,56,46
6264,Cracked,vashj,1736,druid,feral,64,38,26
6265,Kolbie,emerald-dream,1734,druid,feral,184,99,85
6266,Extic,sargeras,1730,druid,feral,66,38,28
6267,Tompunch,tichondrius,1726,druid,feral,91,46,45
6268,Fangry,queldorei,1725,druid,feral,106,57,49
6269,Brewdock,boulderfist,1721,druid,feral,51,25,26
6270,Dobromar,quelthalas,1716,druid,feral,59,34,25
6271,Fliip,barthilas,1711,druid,feral,53,27,26
6272,Addymeow,drenden,1709,druid,feral,54,30,24
6273,Thycamore,cenarius,1708,druid,feral,60,23,37
6274,Oroskii,bleeding-hollow,1705,druid,feral,66,34,32
6275,Flowkie,illidan,1705,druid,feral,128,65,63
6276,Blrr,sargeras,1702,druid,feral,84,39,45
6277,Yavà,tichondrius,1700,druid,feral,48,30,18
6278,Mocfernando,sargeras,1698,druid,feral,42,23,19
6279,Cjæ,bleeding-hollow,1693,druid,feral,40,26,14
6280,Unfriendly,bleeding-hollow,1691,druid,feral,185,100,85
6281,Turow,firetree,1690,druid,feral,53,25,28
6282,Wildfire,nesingwary,1686,druid,feral,105,55,50
6283,Nicó,darkspear,1686,druid,feral,105,49,56
6284,Nrp,stormrage,1684,druid,feral,108,44,64
6285,Raincloud,mannoroth,1680,druid,feral,36,22,14
6286,Nitetree,thrall,1679,druid,feral,60,31,29
6287,Akanx,tichondrius,1677,druid,feral,36,21,15
6288,Lycanthrøpe,moon-guard,1672,druid,feral,80,35,45
6289,Linkinbiox,alleria,1671,druid,feral,42,22,20
6290,Ferar,frostmourne,1671,druid,feral,65,32,33
6291,Bearlylegalz,kelthuzad,1671,druid,feral,48,23,25
6292,Dewfuss,tichondrius,1669,druid,feral,54,31,23
6293,Wowgamer,sargeras,1668,druid,feral,30,19,11
6294,Tenavï,stormrage,1668,druid,feral,42,20,22
6295,Redhotbean,tichondrius,1665,druid,feral,40,23,17
6296,Yavann,tichondrius,1663,druid,feral,124,68,56
6297,Anxietyburns,stormrage,1660,druid,feral,66,40,26
6298,Feraly,malganis,1659,druid,feral,48,25,23
6299,Plux,illidan,1658,druid,feral,162,88,74
6300,Chasertv,tichondrius,1650,druid,feral,36,19,17
6301,Zlegacy,anvilmar,1650,druid,feral,54,21,33
6302,Rokaizu,dalaran,1649,druid,feral,65,30,35
6303,Jpegcollectr,tichondrius,1649,druid,feral,72,26,46
6304,Kyoski,moon-guard,1645,druid,feral,34,19,15
6305,Save,aerie-peak,1645,druid,feral,42,21,21
6306,Kibbens,area-52,1643,druid,feral,196,98,98
6307,Bhen,tichondrius,1643,druid,feral,42,19,23
6308,Bigbite,tichondrius,1642,druid,feral,66,37,29
6309,Grizzlepaw,tichondrius,1641,druid,feral,123,68,55
6310,Zirrie,stormrage,1640,druid,feral,44,25,19
6311,Xyphor,bladefist,1637,druid,feral,40,22,18
6312,Erykk,dalaran,1631,druid,feral,54,23,31
6313,Atrumn,emerald-dream,1631,druid,feral,78,33,45
6314,Ging,azralon,1630,druid,feral,30,17,13
6315,Zwaski,thrall,1628,druid,feral,110,53,57
6316,Foxmeowz,blackwater-raiders,1627,druid,feral,36,20,16
6317,Jazzxs,proudmoore,1627,druid,feral,36,18,18
6318,Fendiy,barthilas,1625,druid,feral,84,49,35
6319,Prille,tichondrius,1624,druid,feral,45,23,22
6320,Off,ravencrest,1622,druid,feral,172,86,86
6321,Phøënîx,tichondrius,1622,druid,feral,36,17,19
6322,Gabdruid,kiljaeden,1621,druid,feral,48,23,25
6323,Csinii,bleeding-hollow,1621,druid,feral,54,22,32
6324,Zyhsul,emerald-dream,1620,druid,feral,42,21,21
6325,Fuqet,kelthuzad,1620,druid,feral,111,52,59
6326,Durwyn,sargeras,1620,druid,feral,153,71,82
6327,Bearoids,daggerspine,1619,druid,feral,60,35,25
6328,Enya,stormreaver,1618,druid,feral,66,31,35
6329,Hiddenfur,ragnaros,1617,druid,feral,36,19,17
6330,Poosnickety,kelthuzad,1617,druid,feral,49,21,28
6331,Ocêanus,sargeras,1616,druid,feral,25,21,4
6332,Jizzie,tichondrius,1615,druid,feral,108,64,44
6333,Wøs,area-52,1615,druid,feral,98,50,48
6334,Dustin,moon-guard,1614,druid,feral,116,61,55
6335,Zenlonn,emerald-dream,1614,druid,feral,41,19,22
6336,Xanybarz,stormrage,1608,druid,feral,131,65,66
6337,Nobruh,sargeras,1608,druid,feral,112,55,57
6338,Ulcera,nemesis,1607,druid,feral,60,39,21
6339,Chococrispis,quelthalas,1606,druid,feral,48,21,27
6340,Fyrkax,sargeras,1603,druid,feral,30,19,11
6341,Luvgames,area-52,1602,druid,feral,94,47,47
6342,Oldtomcat,moon-guard,1601,druid,feral,90,42,48
6343,Feralgo,tichondrius,1600,druid,feral,36,17,19
6344,Tysandra,sargeras,1600,druid,feral,42,17,25
6345,Akamu,nemesis,1600,druid,feral,48,17,31
6346,Irontree,dunemaul,1598,druid,feral,48,23,25
6347,Dahmu,malygos,1590,druid,feral,197,103,94
6348,Ursarius,skullcrusher,1590,druid,feral,53,25,28
6349,Rank,nerzhul,1588,druid,feral,126,59,67
6350,Sïmba,andorhal,1588,druid,feral,77,31,46
6351,Beastbaby,eldrethalas,1582,druid,feral,42,17,25
6352,Azrethyu,emerald-dream,1578,druid,feral,66,28,38
6353,Meanbear,stormrage,1577,druid,feral,54,27,27
6354,Jaspurr,illidan,1574,druid,feral,60,33,27
6355,Skyde,sargeras,1571,druid,feral,93,42,51
6356,Amishal,stormrage,1564,druid,feral,66,26,40
6357,Lakunahof,ragnaros,1560,druid,feral,39,20,19
6358,Malfurionsto,moon-guard,1559,druid,feral,48,20,28
6359,Slanue,tichondrius,1556,druid,feral,64,26,38
6360,Darkombra,frostmourne,1548,druid,feral,54,27,27
6361,Kaisuckslol,stormrage,1543,druid,feral,150,76,74
6362,Franksuba,windrunner,1541,druid,feral,126,61,65
6363,Rahxay,quelthalas,1539,druid,feral,71,32,39
6364,Jonio,tichondrius,1539,druid,feral,71,30,41
6365,Mxdi,tichondrius,1535,druid,feral,36,19,17
6366,Delorík,illidan,1534,druid,feral,66,32,34
6367,Waggs,illidan,1532,druid,feral,36,16,20
6368,Cawkaw,frostwolf,1528,druid,feral,122,62,60
6369,Melez,kelthuzad,1528,druid,feral,193,98,95
6370,Welshblack,tichondrius,1528,druid,feral,40,18,22
6371,Prêdator,ragnaros,1526,druid,feral,125,68,57
6372,Galind,rexxar,1524,druid,feral,40,26,14
6373,Kwilli,tichondrius,1523,druid,feral,74,37,37
6374,Shreds,kirin-tor,1522,druid,feral,48,16,32
6375,Senex,stormrage,1518,druid,feral,100,60,40
6376,Theømega,stormrage,1516,druid,feral,32,18,14
6377,Sugarbawls,area-52,1514,druid,feral,108,52,56
6378,Cätwälk,gnomeregan,1511,druid,feral,36,16,20
6379,Hellodan,proudmoore,1509,druid,feral,72,32,40
6380,Kdrumania,tichondrius,1508,druid,feral,224,116,108
6381,Kushtiger,ragnaros,1508,druid,feral,102,52,50
6382,Sheeyts,tichondrius,1507,druid,feral,96,51,45
6383,Weedsmuggler,burning-legion,1506,druid,feral,248,127,121
6384,Gregondor,skullcrusher,1506,druid,feral,48,24,24
6385,Koducck,tichondrius,1502,druid,feral,60,32,28
6386,Jurasico,ragnaros,1502,druid,feral,267,135,132
6387,Goldferal,illidan,1500,druid,feral,30,20,10
6388,Shiftex,arthas,1498,druid,feral,114,59,55
6389,Tree,lothar,1497,druid,feral,48,29,19
6390,Ikkarus,nemesis,1486,druid,feral,113,59,54
6391,Ozex,crushridge,1484,druid,feral,42,17,25
6392,Dimsump,zuljin,1483,druid,feral,48,16,32
6393,Luluid,tichondrius,1481,druid,feral,65,30,35
6394,Conker,frostmourne,1479,druid,feral,185,89,96
6395,Revcow,malganis,1477,druid,feral,48,24,24
6396,Swolareclips,eitrigg,1477,druid,feral,167,80,87
6397,Lucky,destromath,1474,druid,feral,198,90,108
6398,Duckystryker,tichondrius,1470,druid,feral,54,21,33
6399,Roots,anubarak,1466,druid,feral,63,36,27
6400,Eletto,stormrage,1466,druid,feral,48,25,23
6401,Dillywadz,tichondrius,1463,druid,feral,158,72,86
6402,Zivak,azshara,1460,druid,feral,66,32,34
6403,Hoffhoff,area-52,1458,druid,feral,36,22,14
6404,Chitára,ragnaros,1455,druid,feral,148,78,70
6405,Badferal,blackhand,1455,druid,feral,78,38,40
6406,Erwelz,quelthalas,1455,druid,feral,41,19,22
6407,Faelonk,frostmourne,1448,druid,feral,72,34,38
6408,Bossdru,sargeras,1447,druid,feral,47,28,19
6409,Chomperz,tichondrius,1442,druid,feral,85,45,40
6410,Lunacore,illidan,1437,druid,feral,59,25,34
6411,Mysubrogue,veknilash,1432,druid,feral,24,15,9
6412,Käïïjü,tichondrius,1432,druid,feral,76,28,48
6413,Bobochan,tichondrius,1432,druid,feral,42,15,27
6414,Milkmoneymeo,illidan,1431,druid,feral,30,15,15
6415,Classydruid,spinebreaker,1431,druid,feral,96,45,51
6416,Aldr,tichondrius,1431,druid,feral,60,27,33
6417,Fugekî,zuljin,1430,druid,feral,47,28,19
6418,Feond,illidan,1430,druid,feral,94,49,45
6419,Bukybuky,tichondrius,1429,druid,feral,48,26,22
6420,Blut,stormrage,1426,druid,feral,216,103,113
6421,Makonis,tichondrius,1424,druid,feral,36,20,16
6422,Shiftalk,nerzhul,1422,druid,feral,42,18,24
6423,Kaissara,nemesis,1420,druid,feral,32,17,15
6424,Prowli,tichondrius,1420,druid,feral,140,72,68
6425,Bobmarli,kiljaeden,1420,druid,feral,30,15,15
6426,Gnairda,sargeras,1418,druid,feral,192,101,91
6427,Treespec,stormrage,1414,druid,feral,29,18,11
6428,Traxxo,tichondrius,1414,druid,feral,48,20,28
6429,Bullcritzz,saurfang,1413,druid,feral,94,53,41
6430,Gairen,the-venture-co,1413,druid,feral,48,25,23
6431,Neetform,zuljin,1413,druid,feral,65,30,35
6432,Oobuck,kilrogg,1412,druid,feral,48,26,22
6433,Freinnar,kiljaeden,1412,druid,feral,48,20,28
6434,Muwudred,stormrage,1410,druid,feral,36,15,21
6435,Clarice,shattered-halls,1409,druid,feral,24,15,9
6436,Oreganic,barthilas,1408,druid,feral,99,49,50
6437,Vakimumu,anubarak,1407,druid,feral,68,33,35
6438,Sweetxtooth,area-52,1403,druid,feral,81,43,38
6439,Bênî,emerald-dream,1402,druid,feral,128,61,67
6440,Flowke,illidan,1401,druid,feral,32,16,16
6441,Gonjatusk,ravencrest,1397,druid,feral,54,30,24
6442,Vaniedron,zuljin,1397,druid,feral,123,50,73
6443,Clawin,frostmourne,1395,druid,feral,24,15,9
6444,Duuj,illidan,1394,druid,feral,18,15,3
6445,Csagan,spirestone,1393,druid,feral,30,15,15
6446,Hoppus,icecrown,1393,druid,feral,87,35,52
6447,Hööper,illidan,1392,druid,feral,72,27,45
6448,Chin,ysera,1391,druid,feral,23,15,8
6449,Ytgamezoned,darkspear,1390,druid,feral,30,16,14
6450,Oneinchclaw,malganis,1389,druid,feral,84,41,43
6451,Treeweed,tichondrius,1386,druid,feral,81,42,39
6452,Hjerim,quelthalas,1386,druid,feral,50,24,26
6453,Frostelles,stormrage,1385,druid,feral,146,73,73
6454,Silvshifter,frostmourne,1382,druid,feral,29,22,7
6455,Snowfaerie,moon-guard,1380,druid,feral,374,195,179
6456,Hroney,area-52,1379,druid,feral,54,22,32
6457,Tardcakes,tichondrius,1378,druid,feral,68,34,34
6458,Raynark,azralon,1377,druid,feral,36,16,20
6459,Craak,tichondrius,1376,druid,feral,41,19,22
6460,Zazieraiel,moon-guard,1376,druid,feral,99,45,54
6461,Tommyjimmy,andorhal,1375,druid,feral,42,21,21
6462,Fastcat,moon-guard,1369,druid,feral,54,25,29
6463,Herbx,sargeras,1366,druid,feral,60,30,30
6464,Malu,muradin,1363,druid,feral,49,29,20
6465,Boll,akama,1361,druid,feral,34,15,19
6466,Lunarboy,tichondrius,1358,druid,feral,37,16,21
6467,Azuredreams,bleeding-hollow,1358,druid,feral,42,18,24
6468,Kilohanno,alexstrasza,1356,druid,feral,42,19,23
6469,Iamnature,dalaran,1355,druid,feral,67,30,37
6470,Percefhone,azralon,1353,druid,feral,116,55,61
6471,Canlexd,moon-guard,1350,druid,feral,97,45,52
6472,Fugg,frostmourne,1350,druid,feral,84,34,50
6473,Darkdragoonz,barthilas,1344,druid,feral,43,20,23
6474,Surmise,tichondrius,1343,druid,feral,53,32,21
6475,Cntomy,tichondrius,1343,druid,feral,24,14,10
6476,Azoth,hyjal,1342,druid,feral,24,14,10
6477,Senorcholo,malganis,1342,druid,feral,36,18,18
6478,Catzetzan,tichondrius,1342,druid,feral,30,14,16
6479,Threeo,burning-blade,1341,druid,feral,28,18,10
6480,Smeow,zuljin,1339,druid,feral,39,16,23
6481,Samirgodx,tichondrius,1337,druid,feral,36,16,20
6482,Brawleyx,tichondrius,1337,druid,feral,36,14,22
6483,Riemannzeta,azgalor,1336,druid,feral,54,29,25
6484,Ribushe,stormrage,1336,druid,feral,60,27,33
6485,Zelyvia,moon-guard,1335,druid,feral,36,19,17
6486,Buhooki,tichondrius,1334,druid,feral,164,90,74
6487,Datkittydoe,kiljaeden,1334,druid,feral,55,26,29
6488,Khyzan,illidan,1329,druid,feral,78,41,37
6489,Psychofeör,quelthalas,1329,druid,feral,88,42,46
6490,Gapingloli,tichondrius,1327,druid,feral,39,21,18
6491,Naturestouch,tichondrius,1327,druid,feral,30,14,16
6492,Bullboy,frostmourne,1320,druid,feral,30,17,13
6493,Bleedz,mugthol,1319,druid,feral,36,18,18
6494,Panyot,kiljaeden,1318,druid,feral,60,31,29
6495,Aahx,thrall,1317,druid,feral,123,69,54
6496,Kyrô,sargeras,1317,druid,feral,29,14,15
6497,Bigthirty,area-52,1315,druid,feral,36,20,16
6498,Isalien,stormrage,1313,druid,feral,62,33,29
6499,Boofings,sargeras,1311,druid,feral,24,14,10
6500,Ninefeet,argent-dawn,1311,druid,feral,72,37,35
6501,Suedle,kelthuzad,1309,druid,feral,29,14,15
6502,Amanardra,wyrmrest-accord,1307,druid,feral,24,14,10
6503,Jasminonmars,zuluhed,1305,druid,feral,65,36,29
6504,Chambz,tichondrius,1305,druid,feral,82,41,41
6505,Asteriel,stormrage,1305,druid,feral,52,25,27
6506,Malthen,quelthalas,1304,druid,feral,78,38,40
6507,Hoofin,blackwing-lair,1303,druid,feral,96,39,57
6508,Nyanncat,frostmourne,1302,druid,feral,30,14,16
6509,Nojiling,quelthalas,1301,druid,feral,55,24,31
6510,Swornenemy,mugthol,1300,druid,feral,63,32,31
6511,Bloodriot,wyrmrest-accord,1299,druid,feral,79,36,43
6512,Zuga,the-venture-co,1298,druid,feral,36,18,18
6513,Amdruid,bloodhoof,1297,druid,feral,26,15,11
6514,Raebies,dalaran,1297,druid,feral,99,53,46
6515,Sahksi,lothar,1297,druid,feral,60,30,30
6516,Mbarakaja,malganis,1297,druid,feral,149,70,79
6517,Anessan,silvermoon,1296,druid,feral,44,23,21
6518,Ðreadfang,tichondrius,1295,druid,feral,47,28,19
6519,Awarz,drakkari,1291,druid,feral,36,14,22
6520,Servax,illidan,1290,druid,feral,30,14,16
6521,Erahar,illidan,1281,druid,feral,46,24,22
6522,Haneulso,tichondrius,1281,druid,feral,39,17,22
6523,Cheshiire,moon-guard,1277,druid,feral,167,78,89
6524,Gorim,area-52,1275,druid,feral,60,29,31
6525,Flufball,whisperwind,1274,druid,feral,42,17,25
6526,Súse,sargeras,1269,druid,feral,71,35,36
6527,Gotroadrash,azuremyst,1268,druid,feral,23,14,9
6528,Hadox,azralon,1268,druid,feral,113,53,60
6529,Riseagainst,ragnaros,1267,druid,feral,46,26,20
6530,Mooseknuccle,tichondrius,1262,druid,feral,43,21,22
6531,Glockitty,tichondrius,1262,druid,feral,90,42,48
6532,Dätto,thrall,1261,druid,feral,54,25,29
6533,Feanah,tichondrius,1259,druid,feral,66,29,37
6534,Freeonlyfns,stormrage,1255,druid,feral,38,16,22
6535,Tenedoors,ragnaros,1250,druid,feral,91,33,58
6536,Sporadiclive,sargeras,1247,druid,feral,30,13,17
6537,Mariko,area-52,1245,druid,feral,59,26,33
6538,Enchiladacat,stormrage,1243,druid,feral,24,13,11
6539,Kellydacat,azuremyst,1241,druid,feral,24,13,11
6540,Shmayba,malganis,1241,druid,feral,24,13,11
6541,Styli,tichondrius,1240,druid,feral,46,24,22
6542,Pfheral,area-52,1240,druid,feral,30,13,17
6543,Barnedruid,stormreaver,1236,druid,feral,24,13,11
6544,Hektuk,barthilas,1235,druid,feral,34,19,15
6545,Bigmolii,quelthalas,1235,druid,feral,98,38,60
6546,Wwf,thrall,1235,druid,feral,60,23,37
6547,Ourse,aegwynn,1234,druid,feral,89,52,37
6548,Shïfty,tichondrius,1233,druid,feral,24,13,11
6549,Beargodx,stormrage,1232,druid,feral,78,41,37
6550,Kleanxx,tichondrius,1232,druid,feral,223,111,112
6551,Hobbles,emerald-dream,1231,druid,feral,36,15,21
6552,Matpd,norgannon,1228,druid,feral,66,28,38
6553,Orthognathic,emerald-dream,1227,druid,feral,57,35,22
6554,Bâgheera,sargeras,1225,druid,feral,61,25,36
6555,Dkkng,dalaran,1224,druid,feral,30,16,14
6556,Xanbàr,hyjal,1222,druid,feral,35,22,13
6557,Twistach,quelthalas,1222,druid,feral,24,13,11
6558,Beygatti,sargeras,1222,druid,feral,61,25,36
6559,Ðrengr,quelthalas,1221,druid,feral,30,18,12
6560,Yobibit,terenas,1221,druid,feral,36,14,22
6561,Swappy,korgath,1220,druid,feral,69,31,38
6562,Zelazia,area-52,1219,druid,feral,30,16,14
6563,Berd,whisperwind,1215,druid,feral,40,20,20
6564,Midnitex,illidan,1214,druid,feral,37,16,21
6565,Freddiemerk,moon-guard,1210,druid,feral,24,13,11
6566,Pusswhisperr,bleeding-hollow,1210,druid,feral,42,15,27
6567,Hermbott,proudmoore,1206,druid,feral,54,26,28
6568,Kotau,azralon,1204,druid,feral,48,32,16
6569,Dorio,quelthalas,1197,druid,feral,30,14,16
6570,Spinach,moon-guard,1195,druid,feral,33,13,20
6571,Behrhart,stormrage,1194,druid,feral,18,13,5
6572,Hctibrehtom,illidan,1193,druid,feral,24,20,4
6573,Saelyle,illidan,1189,druid,feral,58,23,35
6574,Destrez,ragnaros,1188,druid,feral,27,13,14
6575,Sansao,sargeras,1179,druid,feral,42,21,21
6576,Empathz,emerald-dream,1173,druid,feral,35,13,22
6577,Khione,dreadmaul,1172,druid,feral,68,38,30
6578,Yukcyducky,tichondrius,1172,druid,feral,90,37,53
6579,Ðementia,stormrage,1169,druid,feral,114,64,50
6580,Dehltax,stormrage,1169,druid,feral,54,29,25
6581,Nomnomnomn,chogall,1168,druid,feral,22,13,9
6582,Xdkittyrawr,tichondrius,1168,druid,feral,94,46,48
6583,Zderhs,blackrock,1163,druid,feral,26,13,13
6584,Scruffywolf,tichondrius,1157,druid,feral,155,67,88
6585,Jayp,thrall,1154,druid,feral,37,13,24
6586,Borybuilder,azralon,1153,druid,feral,52,22,30
6587,Ishiftalot,bleeding-hollow,1153,druid,feral,63,26,37
6588,Europecat,stormrage,1152,druid,feral,24,12,12
6589,Ursuur,drakkari,1152,druid,feral,79,34,45
6590,Sooey,wyrmrest-accord,1151,druid,feral,24,12,12
6591,Ryecoke,stormrage,1151,druid,feral,24,12,12
6592,Féralis,sargeras,1150,druid,feral,18,12,6
6593,Kyrona,frostmourne,1150,druid,feral,36,22,14
6594,Kiwidru,frostmourne,1150,druid,feral,24,12,12
6595,Poppynoff,barthilas,1149,druid,feral,30,12,18
6596,Sharknado,haomarush,1147,druid,feral,24,12,12
6597,Miviaris,alleria,1147,druid,feral,24,12,12
6598,Concordya,tichondrius,1146,druid,feral,30,13,17
6599,Doblun,nemesis,1146,druid,feral,36,12,24
6600,Anastasyiar,illidan,1142,druid,feral,30,12,18
6601,Ÿùp,tichondrius,1141,druid,feral,18,12,6
6602,Kaya,hyjal,1141,druid,feral,66,22,44
6603,Daniin,azralon,1136,druid,feral,72,33,39
6604,Aligantor,thrall,1134,druid,feral,18,12,6
6605,Deadlykept,ragnaros,1134,druid,feral,36,18,18
6606,Hupod,proudmoore,1134,druid,feral,57,27,30
6607,Queiq,malganis,1133,druid,feral,24,12,12
6608,Werebruin,bleeding-hollow,1129,druid,feral,73,36,37
6609,Chëësëbürgër,illidan,1128,druid,feral,97,45,52
6610,Cooln,bleeding-hollow,1123,druid,feral,24,15,9
6611,Vintera,sargeras,1123,druid,feral,99,49,50
6612,Elunaya,illidan,1122,druid,feral,36,15,21
6613,Tonoshapepai,azralon,1122,druid,feral,36,13,23
6614,Shahahrazad,queldorei,1118,druid,feral,36,12,24
6615,Eyzie,stormrage,1115,druid,feral,36,13,23
6616,Azakana,sargeras,1094,druid,feral,23,12,11
6617,Leight,whisperwind,1093,druid,feral,24,14,10
6618,Mordrynn,veknilash,1092,druid,feral,28,14,14
6619,Jihadibleeds,stormrage,1091,druid,feral,19,13,6
6620,Strikinina,azralon,1091,druid,feral,61,26,35
6621,Bernoboy,kelthuzad,1079,druid,feral,30,16,14
6622,Yobolsun,sargeras,1079,druid,feral,42,17,25
6623,Skrillin,thrall,1076,druid,feral,35,19,16
6624,Trevvor,thrall,1070,druid,feral,36,12,24
6625,Fb,darkspear,1069,druid,feral,20,12,8
6626,Anarad,dalaran,1068,druid,feral,42,22,20
6627,Druidsling,mugthol,1067,druid,feral,50,20,30
6628,Pokémon,grizzly-hills,1064,druid,feral,33,15,18
6629,Damnimal,caelestrasz,1058,druid,feral,22,13,9
6630,Drdanknugs,laughing-skull,1057,druid,feral,54,16,38
6631,Ohaa,sargeras,1056,druid,feral,12,11,1
6632,Birdy,proudmoore,1056,druid,feral,18,11,7
6633,Glenn,norgannon,1056,druid,feral,18,11,7
6634,Switchform,kiljaeden,1056,druid,feral,18,11,7
6635,Hatergodx,ravencrest,1056,druid,feral,24,11,13
6636,Lelobull,ragnaros,1056,druid,feral,48,19,29
6637,Dangersweg,frostmourne,1056,druid,feral,30,11,19
6638,Orekinya,area-52,1055,druid,feral,24,11,13
6639,Soaring,moon-guard,1055,druid,feral,24,11,13
6640,Dawsonxo,proudmoore,1055,druid,feral,24,11,13
6641,Tabbsy,frostmourne,1055,druid,feral,36,11,25
6642,Kellydabear,azuremyst,1054,druid,feral,24,11,13
6643,Wildbeasts,proudmoore,1053,druid,feral,134,68,66
6644,Myeow,illidan,1052,druid,feral,24,11,13
6645,Corv,drenden,1051,druid,feral,16,12,4
6646,Swindlestan,zuljin,1051,druid,feral,24,11,13
6647,Bloodynine,cairne,1050,druid,feral,24,11,13
6648,Kongquest,emerald-dream,1049,druid,feral,36,11,25
6649,Nyla,nemesis,1048,druid,feral,12,11,1
6650,Vykarux,suramar,1048,druid,feral,24,11,13
6651,Yám,tichondrius,1048,druid,feral,30,11,19
6652,Wabbehkus,barthilas,1048,druid,feral,42,11,31
6653,Doubledówn,sargeras,1047,druid,feral,162,81,81
6654,Fieryferal,kargath,1046,druid,feral,42,12,30
6655,Niwßor,azralon,1043,druid,feral,24,11,13
6656,Zurker,mannoroth,1043,druid,feral,24,11,13
6657,Framko,quelthalas,1042,druid,feral,72,22,50
6658,Druidydruid,blackrock,1038,druid,feral,30,11,19
6659,Dròódles,barthilas,1035,druid,feral,18,11,7
6660,Oxvxo,senjin,1033,druid,feral,42,25,17
6661,Seraphim,lightnings-blade,1029,druid,feral,60,30,30
6662,Moonraker,caelestrasz,1029,druid,feral,26,12,14
6663,Meowzedon,sargeras,1029,druid,feral,24,11,13
6664,Gece,dalaran,1022,druid,feral,35,15,20
6665,Screwdrivers,moon-guard,1022,druid,feral,29,11,18
6666,Twigz,illidan,1021,druid,feral,127,62,65
6667,Fennel,korgath,1017,druid,feral,23,11,12
6668,Lyndonww,frostmourne,1006,druid,feral,26,12,14
6669,Afrogx,dalaran,1001,druid,feral,24,11,13
6670,Superwrath,khaz-modan,1000,druid,feral,23,11,12
6671,Ruzkit,illidan,996,druid,feral,30,14,16
6672,Tt,akama,989,druid,feral,26,11,15
6673,Mojofoshobro,moonrunner,989,druid,feral,54,19,35
6674,Catahmine,thrall,988,druid,feral,26,11,15
6675,Ediiann,cenarius,986,druid,feral,24,11,13
6676,Reallysauce,zuljin,970,druid,feral,24,12,12
6677,Pixyls,bleeding-hollow,969,druid,feral,23,12,11
6678,Semveta,alleria,960,druid,feral,12,10,2
6679,Hypérion,dalaran,960,druid,feral,24,10,14
6680,Buffjungle,tichondrius,960,druid,feral,26,10,16
6681,Skufty,illidan,960,druid,feral,102,36,66
6682,Juiceonlips,sargeras,959,druid,feral,18,10,8
6683,Kekepöp,illidan,959,druid,feral,24,10,14
6684,Yaboidakota,stormrage,959,druid,feral,24,10,14
6685,Nearkoo,tichondrius,958,druid,feral,24,10,14
6686,Rekrasaur,emerald-dream,958,druid,feral,30,10,20
6687,Noet,ragnaros,957,druid,feral,18,10,8
6688,Pavel,aerie-peak,957,druid,feral,59,18,41
6689,Shiftingdean,sargeras,956,druid,feral,30,10,20
6690,Høruss,azralon,955,druid,feral,27,11,16
6691,Pàntera,tichondrius,955,druid,feral,36,10,26
6692,Moonbow,frostmourne,954,druid,feral,18,10,8
6693,Bananawaffle,proudmoore,954,druid,feral,24,10,14
6694,Yseraspawn,kelthuzad,954,druid,feral,30,10,20
6695,Stalfrus,area-52,952,druid,feral,12,10,2
6696,Barbary,tichondrius,952,druid,feral,24,10,14
6697,Duckieheit,sargeras,952,druid,feral,24,10,14
6698,Thegrefgx,ragnaros,949,druid,feral,18,10,8
6699,Xform,jubeithos,946,druid,feral,18,10,8
6700,Bullshiftin,area-52,945,druid,feral,18,10,8
6701,Odesellena,moon-guard,942,druid,feral,42,21,21
6702,Nokther,muradin,941,druid,feral,48,13,35
6703,Feraluwu,illidan,938,druid,feral,18,10,8
6704,Lusk,blades-edge,937,druid,feral,64,29,35
6705,Sisilo,bonechewer,933,druid,feral,109,46,63
6706,Téddybéar,smolderthorn,929,druid,feral,12,10,2
6707,Jabiso,smolderthorn,928,druid,feral,49,22,27
6708,Dinnerbone,echo-isles,926,druid,feral,24,10,14
6709,Arntu,malganis,924,druid,feral,17,10,7
6710,Soldadito,zuljin,924,druid,feral,27,12,15
6711,Greasemonkey,trollbane,919,druid,feral,22,12,10
6712,Sjana,bleeding-hollow,918,druid,feral,18,11,7
6713,Lacrarola,nemesis,916,druid,feral,17,10,7
6714,Àspên,moon-guard,908,druid,feral,42,20,22
6715,Blêêd,stormscale,904,druid,feral,13,12,1
6716,Predatõr,malorne,896,druid,feral,29,13,16
6717,Muggsy,scilla,893,druid,feral,14,10,4
6718,Koag,dalaran,891,druid,feral,29,13,16
6719,Taurenaught,aegwynn,881,druid,feral,37,17,20
6720,Syänn,thrall,879,druid,feral,24,10,14
6721,Bigherbo,zuljin,872,druid,feral,26,11,15
6722,Kittycudi,hyjal,864,druid,feral,12,9,3
6723,Retzerbil,sargeras,864,druid,feral,12,9,3
6724,Jaegerbombx,sargeras,864,druid,feral,18,9,9
6725,Unfunnyferal,kelthuzad,864,druid,feral,18,9,9
6726,Funkattack,tichondrius,864,druid,feral,18,9,9
6727,Faithxo,stormrage,864,druid,feral,24,9,15
6728,Hapgood,archimonde,864,druid,feral,24,9,15
6729,Feorb,azuremyst,864,druid,feral,24,9,15
6730,Tastelikecat,kelthuzad,864,druid,feral,27,10,17
6731,Féèd,stormrage,863,druid,feral,18,9,9
6732,Gz,icecrown,863,druid,feral,18,9,9
6733,Koochii,tichondrius,863,druid,feral,18,9,9
6734,Thaherb,korgath,863,druid,feral,24,9,15
6735,Catten,barthilas,860,druid,feral,12,9,3
6736,Cadburycop,malganis,860,druid,feral,33,10,23
6737,Manlymanman,shandris,859,druid,feral,24,9,15
6738,Shiftyounot,shattered-hand,859,druid,feral,30,9,21
6739,Ruhgen,deathwing,858,druid,feral,26,10,16
6740,Jonoa,nagrand,858,druid,feral,24,9,15
6741,Wuarlo,moon-guard,857,druid,feral,91,43,48
6742,Rum,the-venture-co,857,druid,feral,36,14,22
6743,Hótlife,fizzcrank,856,druid,feral,18,9,9
6744,Wokoom,windrunner,855,druid,feral,54,20,34
6745,Mavren,uldaman,853,druid,feral,30,10,20
6746,Tolldruid,chogall,852,druid,feral,24,10,14
6747,Zauska,cenarion-circle,851,druid,feral,30,9,21
6748,Drulicious,tichondrius,849,druid,feral,27,13,14
6749,Pawprika,tichondrius,842,druid,feral,42,14,28
6750,Sosd,kelthuzad,837,druid,feral,17,9,8
6751,Eglania,stormrage,834,druid,feral,30,13,17
6752,Weezydende,area-52,833,druid,feral,41,11,30
6753,Fogboom,area-52,830,druid,feral,20,10,10
6754,Dreamfyre,kiljaeden,828,druid,feral,29,9,20
6755,Shartasm,anetheron,822,druid,feral,30,12,18
6756,Tatiannaa,stormreaver,815,druid,feral,15,10,5
6757,Feorelm,proudmoore,810,druid,feral,17,9,8
6758,Nephdruid,stormrage,804,druid,feral,30,9,21
6759,Ðjangø,goldrinn,801,druid,feral,17,9,8
6760,Kuzigothigh,thunderhorn,795,druid,feral,53,27,26
6761,Druski,lightbringer,783,druid,feral,17,9,8
6762,Looquitaa,ragnaros,780,druid,feral,39,9,30
6763,Fanaror,frostmourne,777,druid,feral,49,24,25
6764,Anìmorph,sargeras,768,druid,feral,12,8,4
6765,Kattles,frostmourne,768,druid,feral,12,8,4
6766,Jason,vashj,768,druid,feral,12,8,4
6767,Griefs,emerald-dream,768,druid,feral,12,8,4
6768,Batterydruid,silvermoon,768,druid,feral,12,8,4
6769,Owd,tichondrius,768,druid,feral,18,8,10
6770,Férállgødx,area-52,768,druid,feral,18,8,10
6771,Mooncatbear,malganis,768,druid,feral,18,8,10
6772,Loserceo,stormrage,768,druid,feral,18,8,10
6773,Saltydru,illidan,768,druid,feral,24,8,16
6774,Germainee,shandris,768,druid,feral,24,8,16
6775,Sylvaster,stormrage,768,druid,feral,24,8,16
6776,Pokeyouryolk,sargeras,767,druid,feral,12,8,4
6777,Jentzull,tichondrius,767,druid,feral,12,8,4
6778,Güar,area-52,767,druid,feral,12,8,4
6779,Ostley,moon-guard,767,druid,feral,12,8,4
6780,Nahelae,tichondrius,767,druid,feral,12,8,4
6781,Udderchaos,dark-iron,767,druid,feral,18,8,10
6782,Pergutory,frostmourne,767,druid,feral,18,8,10
6783,Zascat,malganis,767,druid,feral,18,8,10
6784,Lazypaw,malganis,767,druid,feral,18,8,10
6785,Kìttykat,stormrage,767,druid,feral,18,8,10
6786,Fullmoon,greymane,767,druid,feral,22,9,13
6787,Pibily,sargeras,767,druid,feral,39,8,31
6788,Jpnerazim,quelthalas,766,druid,feral,16,8,8
6789,Angulus,darkspear,766,druid,feral,18,8,10
6790,Deaddpool,ragnaros,764,druid,feral,12,8,4
6791,Zimah,illidan,764,druid,feral,18,8,10
6792,Davinchii,drakkari,764,druid,feral,18,8,10
6793,Raknary,kelthuzad,764,druid,feral,30,8,22
6794,Goorybud,tichondrius,762,druid,feral,12,8,4
6795,Bebechat,area-52,762,druid,feral,12,8,4
6796,Gamble,the-underbog,760,druid,feral,24,8,16
6797,Garuharken,skullcrusher,754,druid,feral,30,8,22
6798,Flenser,frostmane,751,druid,feral,12,8,4
6799,Mychi,ragnaros,748,druid,feral,20,9,11
6800,Nodraent,quelthalas,741,druid,feral,18,8,10
6801,Clutchtime,sentinels,736,druid,feral,22,8,14
6802,Ashmila,ragnaros,716,druid,feral,17,8,9
6803,Notinsanity,proudmoore,714,druid,feral,20,9,11
6804,Mazoak,sargeras,703,druid,feral,28,8,20
6805,Bigdeeza,frostmourne,702,druid,feral,17,8,9
6806,Byson,bleeding-hollow,702,druid,feral,17,8,9
6807,Psynix,zuljin,688,druid,feral,19,8,11
6808,Earlgrayl,kelthuzad,686,druid,feral,19,8,11
6809,Shakedru,stormrage,684,druid,feral,19,8,11
6810,Tnvï,stormrage,672,druid,feral,12,7,5
6811,Druidman,mugthol,672,druid,feral,12,7,5
6812,Krobz,bleeding-hollow,672,druid,feral,12,7,5
6813,Venomsecho,vashj,672,druid,feral,12,7,5
6814,Scuffedx,tichondrius,672,druid,feral,12,7,5
6815,Susruth,area-52,672,druid,feral,12,7,5
6816,Shalaz,magtheridon,672,druid,feral,12,7,5
6817,Primalxd,area-52,672,druid,feral,12,7,5
6818,Dailydruid,illidan,672,druid,feral,12,7,5
6819,Elyveen,proudmoore,672,druid,feral,12,7,5
6820,Hypê,tichondrius,672,druid,feral,12,7,5
6821,Zðzð,zuljin,672,druid,feral,12,7,5
6822,Psyraxus,moon-guard,672,druid,feral,18,7,11
6823,Muffbfloppn,zuljin,672,druid,feral,18,7,11
6824,Selendis,tichondrius,672,druid,feral,18,7,11
6825,Meowny,area-52,672,druid,feral,18,7,11
6826,Ronin,arthas,672,druid,feral,18,7,11
6827,Islayne,moon-guard,672,druid,feral,18,7,11
6828,Bearlyviable,stormrage,672,druid,feral,21,8,13
6829,Shiftage,frostmane,672,druid,feral,21,7,14
6830,Houseboat,hellscream,672,druid,feral,30,7,23
6831,Drywatter,tichondrius,671,druid,feral,12,7,5
6832,Happyhotter,proudmoore,671,druid,feral,12,7,5
6833,Zalmo,area-52,671,druid,feral,15,8,7
6834,Fürïous,tichondrius,671,druid,feral,15,8,7
6835,Ruckiz,stormrage,671,druid,feral,18,7,11
6836,Ännä,moon-guard,671,druid,feral,18,7,11
6837,Momoxchan,quelthalas,671,druid,feral,18,7,11
6838,Corym,frostmourne,671,druid,feral,18,7,11
6839,Bearmuda,trollbane,671,druid,feral,18,7,11
6840,Wingus,smolderthorn,670,druid,feral,12,7,5
6841,Curainfeliz,nemesis,669,druid,feral,12,7,5
6842,Redness,daggerspine,669,druid,feral,18,7,11
6843,Nanassa,spinebreaker,669,druid,feral,18,7,11
6844,Berall,bleeding-hollow,668,druid,feral,12,7,5
6845,Yokimo,amanthul,668,druid,feral,18,7,11
6846,Zeldriss,arthas,668,druid,feral,19,7,12
6847,Igneël,ragnaros,668,druid,feral,24,7,17
6848,Jordiët,dalaran,667,druid,feral,12,7,5
6849,Snowlion,the-forgotten-coast,658,druid,feral,18,7,11
6850,Hyperlite,bonechewer,643,druid,feral,18,7,11
6851,Injail,tichondrius,640,druid,feral,16,7,9
6852,Chadwickx,illidan,639,druid,feral,11,7,4
6853,Ekkoh,sargeras,638,druid,feral,17,7,10
6854,Oldclive,frostmourne,637,druid,feral,17,7,10
6855,Jeanz,bonechewer,632,druid,feral,19,9,10
6856,Meowzetzan,tichondrius,623,druid,feral,11,7,4
6857,Slapymilf,dentarg,623,druid,feral,11,7,4
6858,Puzzykat,uldum,621,druid,feral,27,7,20
6859,Gutzzu,area-52,619,druid,feral,15,7,8
6860,Weedleaf,wyrmrest-accord,610,druid,feral,20,8,12
6861,Chiknsketti,bleeding-hollow,607,druid,feral,14,7,7
6862,Beaker,uldum,605,druid,feral,11,7,4
6863,Chucknöürish,dalaran,597,druid,feral,23,7,16
6864,Lïberty,ragnaros,576,druid,feral,6,6,0
6865,Ogversaucey,skullcrusher,576,druid,feral,12,6,6
6866,Nelfwaifú,area-52,576,druid,feral,12,6,6
6867,Hashmall,ragnaros,576,druid,feral,12,6,6
6868,Lilrichdps,sargeras,576,druid,feral,12,6,6
6869,Hybridxo,kelthuzad,576,druid,feral,12,6,6
6870,Bables,tichondrius,576,druid,feral,12,6,6
6871,Spaléxgu,azralon,576,druid,feral,12,6,6
6872,Kurokyy,frostmourne,576,druid,feral,12,6,6
6873,Thontt,sargeras,576,druid,feral,12,6,6
6874,Parallax,shadowsong,576,druid,feral,12,6,6
6875,Alyxsandr,dalaran,576,druid,feral,12,6,6
6876,Sweetpurple,elune,576,druid,feral,12,6,6
6877,Munchausens,dalaran,576,druid,feral,12,6,6
6878,Daniverse,sargeras,576,druid,feral,12,6,6
6879,Wilddeity,tichondrius,576,druid,feral,12,6,6
6880,Kakagroot,tichondrius,576,druid,feral,12,6,6
6881,Hotmomlover,malganis,576,druid,feral,12,6,6
6882,Cíphenz,illidan,576,druid,feral,12,6,6
6883,Mommyshårk,tichondrius,576,druid,feral,12,6,6
6884,Bootayclappa,sargeras,576,druid,feral,12,6,6
6885,Grimtreeper,illidan,576,druid,feral,12,6,6
6886,Whitetigeris,tichondrius,576,druid,feral,12,6,6
6887,Kittysnuggle,emerald-dream,576,druid,feral,15,7,8
6888,Jinhova,stormrage,576,druid,feral,15,6,9
6889,Rebrrth,antonidas,576,druid,feral,18,6,12
6890,Mameseph,lightnings-blade,576,druid,feral,18,6,12
6891,Emotionally,illidan,576,druid,feral,18,6,12
6892,Kobebeef,malganis,576,druid,feral,24,6,18
6893,Stríðsmaður,area-52,575,druid,feral,12,6,6
6894,Allenjunior,ragnaros,575,druid,feral,12,6,6
6895,Amoru,moon-guard,575,druid,feral,12,6,6
6896,Omnilul,zuljin,575,druid,feral,12,6,6
6897,Chupaone,dalaran,575,druid,feral,12,6,6
6898,Wulfjack,emerald-dream,575,druid,feral,12,6,6
6899,Eliteshift,frostmourne,575,druid,feral,12,6,6
6900,Yesqt,dalaran,575,druid,feral,12,6,6
6901,Fireeloot,tichondrius,575,druid,feral,12,6,6
6902,Austîn,moon-guard,575,druid,feral,12,6,6
6903,Druishcat,dark-iron,575,druid,feral,12,6,6
6904,Pachacamac,dragonmaw,575,druid,feral,18,6,12
6905,Andaror,azralon,575,druid,feral,24,6,18
6906,Beelzehog,whisperwind,574,druid,feral,12,6,6
6907,Nikozho,sargeras,573,druid,feral,18,6,12
6908,Imass,draka,573,druid,feral,18,6,12
6909,Kragma,zuluhed,572,druid,feral,12,6,6
6910,Udala,durotan,572,druid,feral,14,6,8
6911,Expells,nemesis,569,druid,feral,18,6,12
6912,Capson,darkspear,563,druid,feral,24,6,18
6913,Oxentoes,sargeras,559,druid,feral,17,7,10
6914,Dullbozer,thrall,543,druid,feral,11,6,5
6915,Druidcyber,stormrage,543,druid,feral,16,6,10
6916,Lémons,tichondrius,542,druid,feral,17,6,11
6917,Wtfimacat,area-52,527,druid,feral,11,6,5
6918,Ripx,khadgar,522,druid,feral,16,7,9
6919,Kajla,sargeras,521,druid,feral,22,7,15
6920,Shadalor,frostmourne,512,druid,feral,16,6,10
6921,Ivangamaz,area-52,511,druid,feral,11,6,5
6922,Ashvir,wyrmrest-accord,511,druid,feral,11,6,5
6923,Cokanebear,garrosh,511,druid,feral,14,6,8
6924,Kilbys,nemesis,510,druid,feral,8,6,2
6925,Iamatomic,illidan,509,druid,feral,20,6,14
6926,Worgbearpig,destromath,496,druid,feral,13,6,7
6927,Bearjoo,kelthuzad,495,druid,feral,18,6,12
6928,Chrøniç,illidan,480,druid,feral,6,5,1
6929,Nbnbnb,proudmoore,480,druid,feral,6,5,1
6930,Ardelix,emerald-dream,480,druid,feral,6,5,1
6931,Gloomcat,illidan,480,druid,feral,6,5,1
6932,Sweetnippies,elune,480,druid,feral,6,5,1
6933,Idiotdruid,ragnaros,480,druid,feral,6,5,1
6934,Flompstomper,skullcrusher,480,druid,feral,6,5,1
6935,Carboz,jubeithos,480,druid,feral,6,5,1
6936,Exxh,tichondrius,480,druid,feral,6,5,1
6937,Elgatomarica,ragnaros,480,druid,feral,9,6,3
6938,Aladelryth,malfurion,480,druid,feral,12,5,7
6939,Cudlybear,bleeding-hollow,480,druid,feral,12,5,7
6940,Bloodyugly,area-52,480,druid,feral,12,5,7
6941,Feralhearted,kelthuzad,480,druid,feral,12,5,7
6942,Mythienair,stormrage,480,druid,feral,12,5,7
6943,Crendorides,bleeding-hollow,480,druid,feral,12,5,7
6944,Choolah,area-52,480,druid,feral,12,5,7
6945,Ragingcloner,tichondrius,480,druid,feral,12,5,7
6946,Honeybeam,moon-guard,480,druid,feral,12,5,7
6947,Duckseasonn,sargeras,480,druid,feral,12,5,7
6948,Samuraicat,frostmourne,480,druid,feral,12,5,7
6949,Topangâ,lightninghoof,480,druid,feral,12,5,7
6950,Frenzyirl,darkspear,480,druid,feral,12,5,7
6951,Ðárk,ragnaros,480,druid,feral,12,5,7
6952,Gunnymad,tichondrius,480,druid,feral,12,5,7
6953,Wurow,firetree,480,druid,feral,12,5,7
6954,Karizikat,tichondrius,480,druid,feral,12,5,7
6955,Grumalzi,moon-guard,480,druid,feral,12,5,7
6956,Loamie,proudmoore,480,druid,feral,12,5,7
6957,Zeratull,cenarius,480,druid,feral,12,5,7
6958,Lurky,dalvengyr,480,druid,feral,12,5,7
6959,Cenarius,frostmourne,480,druid,feral,12,5,7
6960,Softshirtxo,ragnaros,480,druid,feral,12,5,7
6961,Notoriouzßig,sargeras,480,druid,feral,12,5,7
6962,Scorn,spirestone,480,druid,feral,13,5,8
6963,Fredolay,tichondrius,480,druid,feral,13,5,8
6964,Maplêleaf,moon-guard,480,druid,feral,18,5,13
6965,Oneninesix,frostmourne,480,druid,feral,18,5,13
6966,Bere,kul-tiras,480,druid,feral,18,5,13
6967,Darkasto,nemesis,480,druid,feral,18,5,13
6968,Caelüm,area-52,480,druid,feral,18,5,13
6969,Atreis,malganis,480,druid,feral,18,5,13
6970,Aquahektik,malganis,480,druid,feral,18,5,13
6971,Lycanjungle,azralon,480,druid,feral,18,5,13
6972,Purrcat,tichondrius,480,druid,feral,18,5,13
6973,Gouzz,frostmourne,480,druid,feral,18,5,13
6974,Mogleyz,stormreaver,480,druid,feral,20,5,15
6975,Kayday,bloodscalp,479,druid,feral,6,5,1
6976,Mawnster,drenden,479,druid,feral,9,6,3
6977,Calani,lightnings-blade,479,druid,feral,12,5,7
6978,Animalcade,area-52,479,druid,feral,12,5,7
6979,Nisheon,wyrmrest-accord,479,druid,feral,12,5,7
6980,Bigravioli,ragnaros,479,druid,feral,12,5,7
6981,Omnisyst,burning-blade,479,druid,feral,12,5,7
6982,Balthøs,moon-guard,479,druid,feral,12,5,7
6983,Elsancho,stormreaver,479,druid,feral,12,5,7
6984,Liktak,perenolde,479,druid,feral,12,5,7
6985,Icecrackin,bloodscalp,479,druid,feral,12,5,7
6986,Aeonás,tichondrius,479,druid,feral,12,5,7
6987,Hawthòrn,bloodscalp,479,druid,feral,12,5,7
6988,Snugglin,kelthuzad,479,druid,feral,12,5,7
6989,Ysemia,drakkari,479,druid,feral,14,5,9
6990,Giatafix,whisperwind,479,druid,feral,18,5,13
6991,Bigoldbear,moon-guard,479,druid,feral,24,5,19
6992,Drewiid,stormrage,478,druid,feral,12,5,7
6993,Ramso,skullcrusher,478,druid,feral,12,5,7
6994,Fbombzz,kalecgos,477,druid,feral,12,5,7
6995,Dârkfang,moon-guard,475,druid,feral,12,5,7
6996,Kogti,malganis,446,druid,feral,10,6,4
6997,Maplesyrup,moonrunner,431,druid,feral,11,5,6
6998,Moonrg,stormrage,431,druid,feral,11,5,6
6999,Bjohns,bleeding-hollow,426,druid,feral,21,6,15
7000,Ninelivez,gorgonnash,426,druid,feral,22,6,16
7001,Yunekai,stormrage,415,druid,feral,11,5,6
7002,Vaelthunis,sargeras,400,druid,feral,13,5,8
7003,Olhosdlua,azralon,384,druid,feral,6,4,2
7004,Moondex,maelstrom,384,druid,feral,6,4,2
7005,Zoomchicken,stormrage,384,druid,feral,6,4,2
7006,Orizane,moon-guard,384,druid,feral,6,4,2
7007,Lharast,stormrage,384,druid,feral,6,4,2
7008,Acés,shattered-halls,384,druid,feral,6,4,2
7009,Cfab,tichondrius,384,druid,feral,6,4,2
7010,Titiica,azralon,384,druid,feral,6,4,2
7011,Woshiyigede,frostmourne,384,druid,feral,6,4,2
7012,Reversflash,emerald-dream,384,druid,feral,6,4,2
7013,Softkity,area-52,384,druid,feral,6,4,2
7014,Coolguyzack,stormscale,384,druid,feral,6,4,2
7015,Kaldiel,ysera,384,druid,feral,6,4,2
7016,MenapäA864B0,muradin,384,druid,feral,6,4,2
7017,Zxtreme,tichondrius,384,druid,feral,6,4,2
7018,Pressuretd,frostmourne,384,druid,feral,6,4,2
7019,Klypz,tichondrius,384,druid,feral,6,4,2
7020,Centimoose,area-52,384,druid,feral,6,4,2
7021,Srwow,elune,384,druid,feral,6,4,2
7022,Metamorfis,malorne,384,druid,feral,6,4,2
7023,Xrw,kelthuzad,384,druid,feral,6,4,2
7024,Vecuronium,tichondrius,384,druid,feral,6,4,2
7025,Robomexi,tichondrius,384,druid,feral,6,4,2
7026,Curet,lightbringer,384,druid,feral,6,4,2
7027,Bearcathawk,sargeras,384,druid,feral,6,4,2
7028,Kistormx,tichondrius,384,druid,feral,6,4,2
7029,Nâturê,dalaran,384,druid,feral,6,4,2
7030,Sneekykitty,malygos,384,druid,feral,6,4,2
7031,Ñòpé,tichondrius,384,druid,feral,6,4,2
7032,Toiiz,malganis,384,druid,feral,9,4,5
7033,Genuine,guldan,384,druid,feral,11,4,7
7034,Gernichora,barthilas,384,druid,feral,12,4,8
7035,Alaillais,moon-guard,384,druid,feral,12,4,8
7036,Sellîas,senjin,384,druid,feral,12,4,8
7037,Quiziato,burning-legion,384,druid,feral,12,4,8
7038,Irontauren,drakkari,384,druid,feral,12,4,8
7039,Kollective,sargeras,384,druid,feral,12,4,8
7040,Windded,area-52,384,druid,feral,12,4,8
7041,Pollykush,sargeras,384,druid,feral,12,4,8
7042,Zzkitty,stormreaver,384,druid,feral,12,4,8
7043,Timthecatman,frostmourne,384,druid,feral,12,4,8
7044,Iamfynch,sargeras,384,druid,feral,12,4,8
7045,Gatona,stormrage,384,druid,feral,12,4,8
7046,Ewok,vashj,384,druid,feral,12,4,8
7047,Kokujin,proudmoore,384,druid,feral,12,4,8
7048,Riec,kiljaeden,384,druid,feral,12,4,8
7049,Heìrophant,trollbane,384,druid,feral,12,4,8
7050,Anniehall,stormrage,384,druid,feral,12,4,8
7051,Toetoetoete,darrowmere,384,druid,feral,12,4,8
7052,Binjuicex,frostmourne,384,druid,feral,12,4,8
7053,Volbourn,amanthul,384,druid,feral,12,4,8
7054,Riverthorne,moon-guard,384,druid,feral,12,4,8
7055,Bënzy,frostmourne,384,druid,feral,12,4,8
7056,Yakuho,proudmoore,384,druid,feral,12,4,8
7057,Carnumoose,zuljin,384,druid,feral,12,4,8
7058,Auxl,tichondrius,384,druid,feral,12,4,8
7059,Weeñor,tichondrius,384,druid,feral,12,4,8
7060,Nickarc,illidan,384,druid,feral,12,4,8
7061,Actioncat,emerald-dream,384,druid,feral,12,4,8
7062,Feralgød,tichondrius,384,druid,feral,12,4,8
7063,Pretzle,kelthuzad,384,druid,feral,12,4,8
7064,Hellabanx,tichondrius,384,druid,feral,12,4,8
7065,Freshzk,azralon,384,druid,feral,12,4,8
7066,Rêàgøñ,tichondrius,384,druid,feral,12,4,8
7067,Carlosd,tichondrius,384,druid,feral,12,4,8
7068,Strixferal,zuljin,384,druid,feral,12,4,8
7069,Moohok,bleeding-hollow,384,druid,feral,12,4,8
7070,Teddybear,medivh,384,druid,feral,12,4,8
7071,Sample,dark-iron,384,druid,feral,12,4,8
7072,Imnotinhuman,tichondrius,384,druid,feral,12,4,8
7073,Anzoô,illidan,384,druid,feral,12,4,8
7074,Naastir,medivh,384,druid,feral,14,4,10
7075,Pereréka,azralon,384,druid,feral,14,4,10
7076,Ráhilk,quelthalas,384,druid,feral,18,4,14
7077,Moçamba,azralon,384,druid,feral,18,4,14
7078,Darkemberrs,stormrage,384,druid,feral,18,4,14
7079,Nxndruid,tichondrius,384,druid,feral,18,4,14
7080,Apothe,emerald-dream,384,druid,feral,18,4,14
7081,Startalons,area-52,384,druid,feral,18,4,14
7082,Porrosman,quelthalas,383,druid,feral,12,4,8
7083,Shoboski,quelthalas,383,druid,feral,12,4,8
7084,Bramth,quelthalas,383,druid,feral,12,4,8
7085,Gotbleedz,illidan,383,druid,feral,12,4,8
7086,Ruwkia,stormrage,383,druid,feral,12,4,8
7087,Mfgs,kelthuzad,383,druid,feral,12,4,8
7088,Jamesbailey,sargeras,383,druid,feral,12,4,8
7089,Nahtex,tichondrius,383,druid,feral,18,4,14
7090,Mogli,perenolde,383,druid,feral,30,4,26
7091,Pochaso,cenarius,382,druid,feral,6,4,2
7092,Cyder,thrall,382,druid,feral,10,5,5
7093,Ssimbaa,area-52,382,druid,feral,12,4,8
7094,Dalinaìr,moon-guard,382,druid,feral,12,4,8
7095,Zyila,garithos,367,druid,feral,11,4,7
7096,Eightyhd,ravencrest,351,druid,feral,11,4,7
7097,Gorlammi,illidan,351,druid,feral,11,4,7
7098,Shyn,goldrinn,336,druid,feral,15,4,11
7099,Yizhiyuren,aegwynn,330,druid,feral,15,6,9
7100,Defku,quelthalas,330,druid,feral,28,6,22
7101,Niocin,daggerspine,326,druid,feral,18,5,13
7102,Rotclaws,stormrage,288,druid,feral,6,3,3
7103,Rairven,stormrage,288,druid,feral,6,3,3
7104,Elythria,hellscream,288,druid,feral,6,3,3
7105,Tasselhoof,hyjal,288,druid,feral,6,3,3
7106,Opconvoke,illidan,288,druid,feral,6,3,3
7107,Rígél,ragnaros,288,druid,feral,6,3,3
7108,Chopleaf,khadgar,288,druid,feral,6,3,3
7109,Zadayos,aerie-peak,288,druid,feral,6,3,3
7110,Frestydrul,stormrage,288,druid,feral,6,3,3
7111,Hyldru,stormrage,288,druid,feral,6,3,3
7112,Kardien,quelthalas,288,druid,feral,6,3,3
7113,Plantdaddy,bladefist,288,druid,feral,6,3,3
7114,Riddickd,malfurion,288,druid,feral,6,3,3
7115,Balnara,cenarius,288,druid,feral,6,3,3
7116,Thorñ,cenarius,288,druid,feral,6,3,3
7117,Nofeets,azshara,288,druid,feral,6,3,3
7118,Posmard,ragnaros,288,druid,feral,6,3,3
7119,Arienne,kelthuzad,288,druid,feral,6,3,3
7120,Owlcapwn,stormreaver,288,druid,feral,6,3,3
7121,Tigriss,malganis,288,druid,feral,6,3,3
7122,Gush,echo-isles,288,druid,feral,6,3,3
7123,Floridaman,moonrunner,288,druid,feral,6,3,3
7124,Dramon,tichondrius,288,druid,feral,6,3,3
7125,Enti,sargeras,288,druid,feral,6,3,3
7126,Heretoleaf,tichondrius,288,druid,feral,6,3,3
7127,Thecolortwoo,tichondrius,288,druid,feral,6,3,3
7128,Celetra,kiljaeden,288,druid,feral,6,3,3
7129,Katatafish,azralon,288,druid,feral,6,3,3
7130,Purrfact,frostmourne,288,druid,feral,6,3,3
7131,Feronnia,sargeras,288,druid,feral,6,3,3
7132,Lilrichdmg,sargeras,288,druid,feral,6,3,3
7133,Frrest,proudmoore,288,druid,feral,6,3,3
7134,Injeckx,tichondrius,288,druid,feral,6,3,3
7135,Uag,emerald-dream,288,druid,feral,6,3,3
7136,Jeperty,tichondrius,288,druid,feral,6,3,3
7137,Fancyprance,dalaran,288,druid,feral,6,3,3
7138,Erbirus,proudmoore,288,druid,feral,6,3,3
7139,Steakjr,senjin,288,druid,feral,6,3,3
7140,Dairycream,skullcrusher,288,druid,feral,6,3,3
7141,Ezconvoke,sargeras,288,druid,feral,6,3,3
7142,Natureswang,bleeding-hollow,288,druid,feral,6,3,3
7143,Svarun,jubeithos,288,druid,feral,6,3,3
7144,Nichodameus,firetree,288,druid,feral,6,3,3
7145,Pabag,chogall,288,druid,feral,6,3,3
7146,Donutdruid,illidan,288,druid,feral,6,3,3
7147,Trottystwin,emerald-dream,288,druid,feral,6,3,3
7148,Kíttypunch,bleeding-hollow,288,druid,feral,6,3,3
7149,Espoir,azuremyst,288,druid,feral,6,3,3
7150,Øvernight,azralon,288,druid,feral,6,3,3
7151,Dangerclaws,area-52,288,druid,feral,6,3,3
7152,Sarenko,jubeithos,288,druid,feral,6,3,3
7153,Fernés,proudmoore,288,druid,feral,6,3,3
7154,Ysero,area-52,288,druid,feral,6,3,3
7155,Bigskeeve,sargeras,288,druid,feral,6,3,3
7156,Bubbleshiftz,area-52,288,druid,feral,6,3,3
7157,Datlogan,tichondrius,288,druid,feral,6,3,3
7158,Pansensual,archimonde,288,druid,feral,6,3,3
7159,Taurenasarus,area-52,288,druid,feral,6,3,3
7160,Gâlaxy,sargeras,288,druid,feral,6,3,3
7161,Askmeaboutmy,shattered-halls,288,druid,feral,6,3,3
7162,Lahgit,frostmourne,288,druid,feral,6,3,3
7163,Soupyhooves,dalaran,288,druid,feral,6,3,3
7164,Hitchslaps,tichondrius,288,druid,feral,6,3,3
7165,Ahhpalu,tichondrius,288,druid,feral,6,3,3
7166,Blackmoose,lethon,288,druid,feral,6,3,3
7167,Flayx,frostmourne,288,druid,feral,12,3,9
7168,Treeguard,emerald-dream,288,druid,feral,12,3,9
7169,Hídde,quelthalas,288,druid,feral,12,3,9
7170,Haohomie,tichondrius,288,druid,feral,12,3,9
7171,Solstice,frostmourne,288,druid,feral,12,3,9
7172,Zetlolc,tichondrius,288,druid,feral,12,3,9
7173,Drailyo,ravenholdt,288,druid,feral,12,3,9
7174,Nighetager,uther,288,druid,feral,12,3,9
7175,Peppapig,mugthol,288,druid,feral,12,3,9
7176,Lovemakitty,sargeras,288,druid,feral,12,3,9
7177,Oo,grizzly-hills,288,druid,feral,12,3,9
7178,Flushi,nagrand,288,druid,feral,12,3,9
7179,Näna,dalaran,288,druid,feral,12,3,9
7180,Snoww,moonrunner,288,druid,feral,12,3,9
7181,Vorare,tichondrius,288,druid,feral,12,3,9
7182,Neksir,ragnaros,288,druid,feral,12,3,9
7183,Tchallå,tichondrius,288,druid,feral,12,3,9
7184,Uniquex,zuljin,288,druid,feral,12,3,9
7185,Droodkat,feathermoon,288,druid,feral,12,3,9
7186,Lilnippy,stormscale,288,druid,feral,12,3,9
7187,Moobees,arthas,288,druid,feral,12,3,9
7188,Treezymeezy,proudmoore,288,druid,feral,12,3,9
7189,Drbraino,sargeras,288,druid,feral,12,3,9
7190,Zyrhek,quelthalas,288,druid,feral,12,3,9
7191,Rivetrix,azralon,288,druid,feral,12,3,9
7192,Sosorry,blackhand,288,druid,feral,12,3,9
7193,Pawpaw,terenas,288,druid,feral,12,3,9
7194,Catorcow,aegwynn,288,druid,feral,13,3,10
7195,Iamthewambo,bloodhoof,288,druid,feral,30,3,27
7196,Extremeshift,dalaran,287,druid,feral,8,4,4
7197,Slymar,darkspear,287,druid,feral,6,3,3
7198,Rawrii,nemesis,287,druid,feral,6,3,3
7199,Kurodash,tichondrius,287,druid,feral,6,3,3
7200,Absoles,agamaggan,287,druid,feral,12,3,9
7201,Schwiftea,skullcrusher,287,druid,feral,12,3,9
7202,Spartanlxl,zuljin,287,druid,feral,12,3,9
7203,Zalledori,thrall,287,druid,feral,12,3,9
7204,Nast,dreadmaul,287,druid,feral,12,3,9
7205,Rhaines,moon-guard,287,druid,feral,12,3,9
7206,Wardruidkvn,stormreaver,285,druid,feral,12,3,9
7207,Psychosis,kul-tiras,285,druid,feral,12,3,9
7208,Mightymërlin,stormrage,255,druid,feral,11,3,8
7209,Punderful,stormrage,254,druid,feral,10,4,6
7210,Trippykitty,tichondrius,240,druid,feral,9,3,6
7211,Yámï,stormrage,239,druid,feral,5,3,2
7212,Wierdosaur,azralon,239,druid,feral,9,3,6
7213,Pél,tichondrius,223,druid,feral,8,3,5
7214,Worldly,medivh,223,druid,feral,14,3,11
7215,Ebrìthil,hyjal,208,druid,feral,7,3,4
7216,Feraldudu,illidan,192,druid,feral,4,3,1
7217,Puiltraxs,ragnaros,192,druid,feral,4,3,1
7218,Kanadae,thrall,192,druid,feral,6,2,4
7219,Madador,bleeding-hollow,192,druid,feral,6,2,4
7220,Numbkin,stormrage,192,druid,feral,6,2,4
7221,Milezy,area-52,192,druid,feral,6,2,4
7222,Augus,hyjal,192,druid,feral,6,2,4
7223,Estuvez,twisting-nether,192,druid,feral,6,2,4
7224,Shiftdeznutz,tichondrius,192,druid,feral,6,2,4
7225,Dankbite,doomhammer,192,druid,feral,6,2,4
7226,Tigerbalm,tichondrius,192,druid,feral,6,2,4
7227,Samsaralol,tichondrius,192,druid,feral,6,2,4
7228,Brurion,dalaran,192,druid,feral,6,2,4
7229,Catmóm,tichondrius,192,druid,feral,6,2,4
7230,Taztoc,stormrage,192,druid,feral,6,2,4
7231,Asmondruud,tichondrius,192,druid,feral,6,2,4
7232,Elmachina,tichondrius,192,druid,feral,6,2,4
7233,Fødaødruida,azralon,192,druid,feral,6,2,4
7234,Meaningfully,kelthuzad,192,druid,feral,6,2,4
7235,Lavanca,azralon,192,druid,feral,6,2,4
7236,Lilstuped,tichondrius,192,druid,feral,6,2,4
7237,Klawzy,thrall,192,druid,feral,6,2,4
7238,ßleepßloop,tichondrius,192,druid,feral,6,2,4
7239,Theliono,lightnings-blade,192,druid,feral,6,2,4
7240,Prosperz,dalaran,192,druid,feral,6,2,4
7241,Aurajin,spinebreaker,192,druid,feral,6,2,4
7242,Tootiebootie,bleeding-hollow,192,druid,feral,6,2,4
7243,Khaoticklaw,stormrage,192,druid,feral,6,2,4
7244,Hotsoncrak,tichondrius,192,druid,feral,6,2,4
7245,Metaldruid,tichondrius,192,druid,feral,6,2,4
7246,Teancookies,tichondrius,192,druid,feral,6,2,4
7247,Handolar,quelthalas,192,druid,feral,6,2,4
7248,Pusscat,illidan,192,druid,feral,6,2,4
7249,Kikothecat,burning-blade,192,druid,feral,6,2,4
7250,Kurakai,runetotem,192,druid,feral,6,2,4
7251,Bdsurges,illidan,192,druid,feral,6,2,4
7252,Manwool,illidan,192,druid,feral,6,2,4
7253,Robbieshift,emerald-dream,192,druid,feral,6,2,4
7254,Timdillon,emerald-dream,192,druid,feral,6,2,4
7255,Rigotakz,illidan,192,druid,feral,6,2,4
7256,Uphine,area-52,192,druid,feral,6,2,4
7257,Stolenrims,tichondrius,192,druid,feral,6,2,4
7258,Buyadoge,area-52,192,druid,feral,6,2,4
7259,Evantheomni,tichondrius,192,druid,feral,6,2,4
7260,Lemonnz,illidan,192,druid,feral,6,2,4
7261,Omgapuddycat,stormrage,192,druid,feral,6,2,4
7262,Aethorax,hyjal,192,druid,feral,6,2,4
7263,Driftwood,bonechewer,192,druid,feral,6,2,4
7264,Vctrphs,nemesis,192,druid,feral,6,2,4
7265,Hännibal,hydraxis,192,druid,feral,6,2,4
7266,Athious,moon-guard,192,druid,feral,6,2,4
7267,Pecopeco,sargeras,192,druid,feral,6,2,4
7268,Dreadonly,tichondrius,192,druid,feral,6,2,4
7269,Therooster,whisperwind,192,druid,feral,6,2,4
7270,Taiga,moon-guard,192,druid,feral,6,2,4
7271,Nabious,malganis,192,druid,feral,6,2,4
7272,Karpin,area-52,192,druid,feral,6,2,4
7273,Nakte,area-52,192,druid,feral,6,2,4
7274,Fulmerethine,emerald-dream,192,druid,feral,6,2,4
7275,Qouro,area-52,192,druid,feral,6,2,4
7276,Tauretari,tichondrius,192,druid,feral,6,2,4
7277,Vivinara,moon-guard,192,druid,feral,6,2,4
7278,Basichoe,bleeding-hollow,192,druid,feral,6,2,4
7279,Pwoons,tichondrius,192,druid,feral,6,2,4
7280,Pröfëct,ragnaros,192,druid,feral,6,2,4
7281,Unclebolty,frostmourne,192,druid,feral,6,2,4
7282,Fuujinn,korgath,192,druid,feral,6,2,4
7283,Snupy,area-52,192,druid,feral,6,2,4
7284,Haegur,tichondrius,192,druid,feral,6,2,4
7285,Touchmyroot,frostmourne,192,druid,feral,6,2,4
7286,Yakir,kiljaeden,192,druid,feral,6,2,4
7287,Bronaarr,nordrassil,192,druid,feral,6,2,4
7288,Hehaw,kelthuzad,192,druid,feral,6,2,4
7289,Varietypack,antonidas,192,druid,feral,6,2,4
7290,Anudi,whisperwind,192,druid,feral,6,2,4
7291,Veryhighrn,area-52,192,druid,feral,6,2,4
7292,Ikova,frostmourne,192,druid,feral,6,2,4
7293,Wreckked,sargeras,192,druid,feral,6,2,4
7294,Perlek,bleeding-hollow,192,druid,feral,6,2,4
7295,Katskratch,sargeras,192,druid,feral,6,2,4
7296,Theliverklng,sargeras,192,druid,feral,6,2,4
7297,Bullbuddy,wyrmrest-accord,192,druid,feral,6,2,4
7298,Barrah,barthilas,192,druid,feral,6,2,4
7299,Onewitnature,nordrassil,192,druid,feral,6,2,4
7300,Eliaris,rivendare,192,druid,feral,6,2,4
7301,Majdomoterry,proudmoore,192,druid,feral,6,2,4
7302,Pawblems,sargeras,192,druid,feral,6,2,4
7303,Yépp,sargeras,192,druid,feral,6,2,4
7304,Laymonath,elune,192,druid,feral,6,2,4
7305,Geno,cenarius,192,druid,feral,6,2,4
7306,Tilly,malorne,192,druid,feral,6,2,4
7307,Kai,spirestone,192,druid,feral,6,2,4
7308,Loadie,frostmourne,192,druid,feral,6,2,4
7309,Evolute,sargeras,192,druid,feral,6,2,4
7310,Illr,laughing-skull,192,druid,feral,6,2,4
7311,Àcid,stormreaver,192,druid,feral,12,2,10
7312,Happyc,bleeding-hollow,192,druid,feral,12,2,10
7313,Faroo,azralon,192,druid,feral,12,2,10
7314,Drabo,boulderfist,192,druid,feral,12,2,10
7315,Abene,tichondrius,192,druid,feral,12,2,10
7316,Jaydaprophet,azshara,192,druid,feral,12,2,10
7317,Codieneme,blades-edge,192,druid,feral,12,2,10
7318,Nerfdemo,kiljaeden,192,druid,feral,12,2,10
7319,Seyala,moon-guard,192,druid,feral,12,2,10
7320,Chaurli,hyjal,192,druid,feral,12,2,10
7321,Pawz,windrunner,192,druid,feral,12,2,10
7322,Ymirgore,zuljin,192,druid,feral,12,2,10
7323,Meudayr,crushridge,192,druid,feral,12,2,10
7324,Envasions,emerald-dream,192,druid,feral,12,2,10
7325,Shadedmika,zuljin,192,druid,feral,12,2,10
7326,Healorhell,azralon,192,druid,feral,18,2,16
7327,Rorhenn,moon-guard,192,druid,feral,18,2,16
7328,Boomanon,illidan,191,druid,feral,6,2,4
7329,Baanell,kiljaeden,191,druid,feral,12,2,10
7330,Liightbite,illidan,191,druid,feral,12,2,10
7331,Importedalc,zuljin,191,druid,feral,12,2,10
7332,Feralhearted,tichondrius,175,druid,feral,11,2,9
7333,Jdoozie,bleeding-hollow,159,druid,feral,5,2,3
7334,Bowbaggins,bleeding-hollow,159,druid,feral,5,2,3
7335,Kipsmiffly,darkspear,128,druid,feral,4,2,2
7336,Feles,darkspear,96,druid,feral,3,2,1
7337,Jumpjumpcat,tichondrius,96,druid,feral,3,2,1
7338,Arôn,stormreaver,96,druid,feral,6,1,5
7339,Scizor,lightninghoof,96,druid,feral,6,1,5
7340,Gretatunberg,skywall,96,druid,feral,6,1,5
7341,Furricane,ysondre,96,druid,feral,6,1,5
7342,Gamerdaddydd,tichondrius,96,druid,feral,6,1,5
7343,Nyatarii,hakkar,96,druid,feral,6,1,5
7344,Aigo,azralon,96,druid,feral,6,1,5
7345,Barnabie,black-dragonflight,96,druid,feral,6,1,5
7346,Crazypaddy,dark-iron,96,druid,feral,6,1,5
7347,Deelark,skywall,96,druid,feral,6,1,5
7348,Dotsgallore,garrosh,96,druid,feral,6,1,5
7349,Colinferal,thrall,96,druid,feral,6,1,5
7350,Wodbisxpac,sargeras,96,druid,feral,6,1,5
7351,Krawnk,zuljin,96,druid,feral,6,1,5
7352,Whiplash,deathwing,96,druid,feral,6,1,5
7353,Fuzzwuzzyqt,tichondrius,96,druid,feral,6,1,5
7354,Yuandi,tichondrius,96,druid,feral,6,1,5
7355,Thebigcat,deathwing,96,druid,feral,6,1,5
7356,Swippy,blackhand,96,druid,feral,6,1,5
7357,Yeyee,darkspear,96,druid,feral,6,1,5
7358,Vernaar,laughing-skull,96,druid,feral,6,1,5
7359,Morizo,proudmoore,96,druid,feral,6,1,5
7360,Hasemilë,dalaran,96,druid,feral,6,1,5
7361,Shisha,mannoroth,96,druid,feral,6,1,5
7362,Healthy,auchindoun,96,druid,feral,6,1,5
7363,Ban,chogall,96,druid,feral,6,1,5
7364,Ciggy,maiev,96,druid,feral,6,1,5
7365,Shlümp,tichondrius,96,druid,feral,6,1,5
7366,Raigor,azralon,96,druid,feral,6,1,5
7367,Slep,tichondrius,96,druid,feral,6,1,5
7368,Alope,blades-edge,96,druid,feral,6,1,5
7369,Kelylea,the-underbog,96,druid,feral,6,1,5
7370,Ausbie,garona,96,druid,feral,6,1,5
7371,Shinova,darkspear,96,druid,feral,6,1,5
7372,Naztekk,dalaran,96,druid,feral,6,1,5
7373,Nezrael,frostwolf,96,druid,feral,6,1,5
7374,Furrycon,ysera,96,druid,feral,6,1,5
7375,Noemofu,barthilas,96,druid,feral,6,1,5
7376,Boundless,skullcrusher,96,druid,feral,6,1,5
7377,Dééz,illidan,96,druid,feral,6,1,5
7378,Kagran,haomarush,96,druid,feral,6,1,5
7379,Kî,thunderlord,96,druid,feral,6,1,5
7380,Chumdrumrum,malganis,96,druid,feral,6,1,5
7381,Hynz,barthilas,96,druid,feral,6,1,5
7382,Tartin,dragonmaw,96,druid,feral,6,1,5
7383,Yungle,tichondrius,96,druid,feral,6,1,5
7384,Scarymon,tichondrius,96,druid,feral,6,1,5
7385,Lakroz,zuljin,96,druid,feral,6,1,5
7386,Tuskdaddie,sargeras,96,druid,feral,6,1,5
7387,Harlisu,stormrage,96,druid,feral,6,1,5
7388,Samedo,sargeras,96,druid,feral,6,1,5
7389,Bootzs,kelthuzad,96,druid,feral,6,1,5
7390,Fortunecat,illidan,96,druid,feral,6,1,5
7391,Battledruid,nagrand,96,druid,feral,6,1,5
7392,Lulerz,cenarius,96,druid,feral,6,1,5
7393,Ilikedôggy,saurfang,96,druid,feral,6,1,5
7394,Ottoro,azralon,96,druid,feral,6,1,5
7395,Frëýá,bleeding-hollow,96,druid,feral,6,1,5
7396,Eurth,lightbringer,96,druid,feral,6,1,5
7397,Symbiøsis,zuljin,96,druid,feral,6,1,5
7398,Ahnsuk,bleeding-hollow,96,druid,feral,6,1,5
7399,Gúdru,zuljin,96,druid,feral,6,1,5
7400,Mootality,area-52,96,druid,feral,6,1,5
7401,Ärianagrande,stormrage,96,druid,feral,6,1,5
7402,Purpyo,bleeding-hollow,96,druid,feral,6,1,5
7403,Crowaar,moon-guard,96,druid,feral,6,1,5
7404,Asaptom,frostmourne,96,druid,feral,6,1,5
7405,Treepiss,tichondrius,96,druid,feral,6,1,5
7406,Droody,earthen-ring,96,druid,feral,6,1,5
7407,Wreckingcrew,emerald-dream,96,druid,feral,6,1,5
7408,Terminated,tichondrius,96,druid,feral,6,1,5
7409,Lithrian,stormrage,96,druid,feral,6,1,5
7410,Jawsbee,emerald-dream,96,druid,feral,6,1,5
7411,Yarmel,kaelthas,96,druid,feral,6,1,5
7412,Ashmíla,ragnaros,96,druid,feral,6,1,5
7413,Kaldelar,emerald-dream,96,druid,feral,6,1,5
7414,Avorah,tichondrius,96,druid,feral,6,1,5
7415,Édzar,area-52,96,druid,feral,6,1,5
7416,Cattdog,tichondrius,96,druid,feral,6,1,5
7417,Feralhefty,stormrage,96,druid,feral,6,1,5
7418,Garcia,feathermoon,96,druid,feral,6,1,5
7419,Ghostboy,zuljin,96,druid,feral,6,1,5
7420,Bifë,ragnaros,96,druid,feral,6,1,5
7421,Polyproof,emerald-dream,96,druid,feral,6,1,5
7422,Captclaws,tichondrius,96,druid,feral,6,1,5
7423,Darkosdruid,tichondrius,96,druid,feral,6,1,5
7424,Acórn,frostmourne,96,druid,feral,6,1,5
7425,Laynahri,moon-guard,96,druid,feral,6,1,5
7426,Glorp,blackwater-raiders,96,druid,feral,6,1,5
7427,Ticømia,stormrage,96,druid,feral,6,1,5
7428,Valdr,stormrage,96,druid,feral,6,1,5
7429,Ojira,moon-guard,96,druid,feral,6,1,5
7430,Byefren,darkspear,96,druid,feral,7,1,6
7431,Kâtniss,quelthalas,96,druid,feral,8,1,7
7432,Versipex,emerald-dream,96,druid,feral,12,1,11
7433,Wonderclam,sargeras,96,druid,feral,12,1,11
7434,Shawdoostorm,nemesis,96,druid,feral,12,1,11
7435,Habras,alterac-mountains,96,druid,feral,12,1,11
7436,Grovestalker,nemesis,96,druid,feral,12,1,11
7437,Lonewolfdrd,illidan,96,druid,feral,12,1,11
7438,Ballsnack,zuljin,96,druid,feral,12,1,11
7439,Funfunfrank,aegwynn,96,druid,feral,12,1,11
7440,Backlazsh,illidan,96,druid,feral,12,1,11
7441,Owlcapwn,tichondrius,96,druid,feral,12,1,11
7442,Furiøsä,quelthalas,95,druid,feral,6,1,5
7443,Skwidrific,crushridge,95,druid,feral,12,1,11
7444,Gitsnshigles,frostmourne,79,druid,feral,5,1,4
7445,Scaryy,kelthuzad,64,druid,feral,4,1,3
7446,Chubakea,kiljaeden,48,druid,feral,3,1,2
7447,Shiftwork,korgath,42,druid,feral,10,2,8
7448,Enderhero,illidan,42,druid,feral,14,2,12
7449,Ânhur,tichondrius,42,druid,feral,17,2,15
7450,Dobrman,sargeras,31,druid,feral,2,1,1
7451,Laryfsherman,tichondrius,2324,druid,balance,83,54,29
7452,Supatease,tichondrius,2302,druid,balance,123,72,51
7453,Aqulaíssaela,sargeras,2291,druid,balance,95,55,40
7454,Xijînping,tichondrius,2275,druid,balance,104,62,42
7455,Jbz,balnazzar,2269,druid,balance,201,128,73
7456,Owl,shadowsong,2261,druid,balance,120,69,51
7457,Fredagn,illidan,2256,druid,balance,102,60,42
7458,Solareclipse,tichondrius,2242,druid,balance,89,51,38
7459,Sonicphantom,kelthuzad,2234,druid,balance,126,78,48
7460,Hessenmèow,tichondrius,2222,druid,balance,96,52,44
7461,Legionsucks,tanaris,2210,druid,balance,156,86,70
7462,Cti,tichondrius,2204,druid,balance,59,42,17
7463,Theforeigner,arathor,2194,druid,balance,59,46,13
7464,Gugukuaipao,tichondrius,2186,druid,balance,155,83,72
7465,Flowerboï,azralon,2180,druid,balance,96,69,27
7466,Bkqtpie,tichondrius,2176,druid,balance,106,59,47
7467,Flapz,illidan,2164,druid,balance,66,38,28
7468,Bigdiablo,frostmourne,2157,druid,balance,219,121,98
7469,Tanerno,illidan,2155,druid,balance,129,74,55
7470,Pushpop,frostmourne,2140,druid,balance,84,53,31
7471,Impëria,quelthalas,2137,druid,balance,89,58,31
7472,Altoberano,azralon,2136,druid,balance,95,53,42
7473,Mewfasa,duskwood,2135,druid,balance,147,94,53
7474,Jimmypop,malganis,2135,druid,balance,181,103,78
7475,Catworm,sargeras,2134,druid,balance,118,71,47
7476,Houli,tichondrius,2134,druid,balance,96,50,46
7477,Ratspot,stormrage,2133,druid,balance,66,43,23
7478,Napes,tichondrius,2133,druid,balance,84,45,39
7479,Smëagol,zuljin,2133,druid,balance,114,59,55
7480,Nbadizzyboy,illidan,2130,druid,balance,53,43,10
7481,Peterßigßeam,malganis,2127,druid,balance,117,60,57
7482,Firefirelol,proudmoore,2125,druid,balance,131,65,66
7483,Pisces,emerald-dream,2123,druid,balance,128,75,53
7484,Soggykfc,illidan,2123,druid,balance,172,94,78
7485,Dízzen,bleeding-hollow,2120,druid,balance,90,57,33
7486,Tranquilo,stormrage,2118,druid,balance,114,69,45
7487,Boomçhicken,tichondrius,2116,druid,balance,100,54,46
7488,Riskies,tichondrius,2116,druid,balance,252,133,119
7489,Brose,malganis,2115,druid,balance,66,43,23
7490,Murkeÿ,frostmourne,2114,druid,balance,150,75,75
7491,Fergh,tichondrius,2109,druid,balance,83,45,38
7492,Trusyrusty,stormrage,2107,druid,balance,151,83,68
7493,Ertuzi,tichondrius,2105,druid,balance,138,82,56
7494,Gritzxv,stormrage,2105,druid,balance,83,48,35
7495,Sqwippyd,tichondrius,2102,druid,balance,78,49,29
7496,Wnxmomthicc,tichondrius,2094,druid,balance,54,35,19
7497,Gspx,dalaran,2089,druid,balance,60,33,27
7498,Celtaberano,illidan,2088,druid,balance,60,43,17
7499,Dogwáter,tichondrius,2076,druid,balance,64,41,23
7500,Kidcudi,dentarg,2073,druid,balance,228,115,113
7501,Vertderferk,tichondrius,2065,druid,balance,86,50,36
7502,Treirus,sargeras,2064,druid,balance,142,96,46
7503,Hayase,tichondrius,2063,druid,balance,132,77,55
7504,Notes,sargeras,2062,druid,balance,158,76,82
7505,Nokomanida,zuljin,2049,druid,balance,81,50,31
7506,Balancex,tichondrius,2049,druid,balance,120,58,62
7507,John,azralon,2040,druid,balance,168,84,84
7508,Daspdruid,nagrand,2038,druid,balance,254,133,121
7509,Houlix,stormrage,2036,druid,balance,344,169,175
7510,Locose,black-dragonflight,2029,druid,balance,60,42,18
7511,Babekisser,stormrage,2028,druid,balance,239,136,103
7512,Soulz,quelthalas,2026,druid,balance,96,53,43
7513,Lazygaga,zuljin,2024,druid,balance,164,88,76
7514,Megadruidx,stormrage,2022,druid,balance,81,55,26
7515,Lgpepperoni,tichondrius,2020,druid,balance,54,47,7
7516,Biophilic,moon-guard,2020,druid,balance,94,48,46
7517,Catculator,tichondrius,2019,druid,balance,94,63,31
7518,Omends,thrall,2017,druid,balance,122,66,56
7519,Convokeopp,tichondrius,2016,druid,balance,90,54,36
7520,Compléx,tichondrius,2016,druid,balance,78,41,37
7521,Boomkek,wyrmrest-accord,2014,druid,balance,62,40,22
7522,Starfail,illidan,2009,druid,balance,66,32,34
7523,Tòmathy,tichondrius,2007,druid,balance,77,43,34
7524,Snöwghost,aerie-peak,2000,druid,balance,227,118,109
7525,Bobthehefty,area-52,1999,druid,balance,64,38,26
7526,Spamclonewin,tichondrius,1994,druid,balance,153,90,63
7527,Fhormations,area-52,1994,druid,balance,137,77,60
7528,Thugrose,blackrock,1993,druid,balance,54,28,26
7529,Lazershartz,cenarion-circle,1992,druid,balance,72,36,36
7530,Jaseyxxl,area-52,1989,druid,balance,58,41,17
7531,Zneb,darkspear,1987,druid,balance,36,29,7
7532,Fracxx,area-52,1981,druid,balance,30,21,9
7533,Murruk,darkspear,1972,druid,balance,153,84,69
7534,Cultnelf,illidan,1967,druid,balance,113,60,53
7535,Etherêal,stormrage,1965,druid,balance,126,73,53
7536,Kaid,malganis,1964,druid,balance,54,33,21
7537,Pønchø,quelthalas,1960,druid,balance,62,36,26
7538,Giantpanther,tichondrius,1954,druid,balance,120,71,49
7539,Ztraws,tichondrius,1953,druid,balance,100,62,38
7540,Byk,tichondrius,1952,druid,balance,108,62,46
7541,Ezgamed,tichondrius,1950,druid,balance,69,46,23
7542,Suen,tichondrius,1942,druid,balance,59,39,20
7543,Bables,tichondrius,1942,druid,balance,90,56,34
7544,Basedcatx,tichondrius,1940,druid,balance,82,52,30
7545,Komacine,emerald-dream,1938,druid,balance,475,257,218
7546,Sebastian,tichondrius,1937,druid,balance,59,36,23
7547,Lavlol,frostmourne,1936,druid,balance,352,182,170
7548,Toughshift,zuljin,1936,druid,balance,66,28,38
7549,Dorizio,illidan,1935,druid,balance,76,47,29
7550,Hxzard,dalaran,1934,druid,balance,182,100,82
7551,Wereocelot,firetree,1930,druid,balance,173,99,74
7552,Tygraz,alleria,1928,druid,balance,60,40,20
7553,Jakob,arygos,1926,druid,balance,162,92,70
7554,Ballinthree,illidan,1922,druid,balance,54,39,15
7555,Lovemakitty,sargeras,1922,druid,balance,78,46,32
7556,Vernaar,laughing-skull,1918,druid,balance,90,51,39
7557,Yepz,tichondrius,1917,druid,balance,81,44,37
7558,Bubalolz,quelthalas,1914,druid,balance,191,101,90
7559,Herpadruid,illidan,1912,druid,balance,102,48,54
7560,Treeheehee,frostmourne,1911,druid,balance,81,60,21
7561,Acdru,tichondrius,1911,druid,balance,67,37,30
7562,Dilondru,area-52,1906,druid,balance,117,70,47
7563,Beefnudlsoup,tichondrius,1906,druid,balance,66,39,27
7564,Lazersnewch,kelthuzad,1906,druid,balance,66,37,29
7565,Zoteqt,kelthuzad,1906,druid,balance,229,124,105
7566,Alpine,eldrethalas,1904,druid,balance,66,45,21
7567,Vengex,sargeras,1904,druid,balance,48,30,18
7568,Doomty,tichondrius,1904,druid,balance,90,53,37
7569,Knotgiver,moon-guard,1899,druid,balance,52,31,21
7570,Lakermagik,moknathal,1899,druid,balance,61,36,25
7571,Johnieboy,azralon,1896,druid,balance,51,35,16
7572,Oakwalker,moon-guard,1895,druid,balance,120,64,56
7573,Xantastic,area-52,1893,druid,balance,60,32,28
7574,Halrath,sargeras,1891,druid,balance,36,20,16
7575,Mcv,tichondrius,1887,druid,balance,66,37,29
7576,Instar,tichondrius,1887,druid,balance,42,23,19
7577,Foekinghobo,sargeras,1884,druid,balance,144,79,65
7578,Druidstin,tichondrius,1883,druid,balance,66,33,33
7579,Hefkerd,tichondrius,1881,druid,balance,30,20,10
7580,Ethan,the-venture-co,1879,druid,balance,39,26,13
7581,Davo,tichondrius,1876,druid,balance,102,67,35
7582,Geezbutt,tichondrius,1876,druid,balance,157,80,77
7583,Jayelljaÿ,thrall,1874,druid,balance,141,83,58
7584,Mõoõoõoõoõoõ,tichondrius,1870,druid,balance,63,35,28
7585,Psychotycxd,tichondrius,1870,druid,balance,126,69,57
7586,Owlyfans,frostmourne,1869,druid,balance,60,39,21
7587,Crusch,shattered-halls,1869,druid,balance,36,23,13
7588,Sadboy,moon-guard,1869,druid,balance,161,87,74
7589,Fgsb,sargeras,1868,druid,balance,42,30,12
7590,Boyoboy,thrall,1867,druid,balance,30,22,8
7591,Ràjeesh,frostmourne,1867,druid,balance,46,31,15
7592,Möshinòõb,proudmoore,1865,druid,balance,58,40,18
7593,Sarvi,zuljin,1864,druid,balance,33,24,9
7594,Elythria,hellscream,1863,druid,balance,30,26,4
7595,Astraldank,tichondrius,1863,druid,balance,166,90,76
7596,Vuru,azralon,1862,druid,balance,47,32,15
7597,Nåpes,frostmourne,1861,druid,balance,62,31,31
7598,Poliage,moon-guard,1858,druid,balance,155,89,66
7599,Lilbeam,sargeras,1855,druid,balance,42,27,15
7600,Ericzzdd,tichondrius,1854,druid,balance,60,44,16
7601,Thundoon,tichondrius,1854,druid,balance,36,23,13
7602,Hogd,illidan,1854,druid,balance,60,35,25
7603,Rizzit,wyrmrest-accord,1852,druid,balance,58,32,26
7604,Angryjo,tichondrius,1850,druid,balance,64,38,26
7605,Kyura,sargeras,1848,druid,balance,160,82,78
7606,Swaggu,kelthuzad,1847,druid,balance,72,44,28
7607,Irooftrellen,chogall,1847,druid,balance,107,59,48
7608,Jojo,ysera,1846,druid,balance,132,71,61
7609,Idolizeme,skullcrusher,1845,druid,balance,59,30,29
7610,Laser,bonechewer,1844,druid,balance,42,27,15
7611,Judar,barthilas,1844,druid,balance,71,36,35
7612,Fifty,ragnaros,1842,druid,balance,120,70,50
7613,Hydrahl,thrall,1841,druid,balance,60,37,23
7614,Bentøbøx,barthilas,1841,druid,balance,47,27,20
7615,Gèb,dalaran,1835,druid,balance,116,71,45
7616,Mverstapp,moon-guard,1835,druid,balance,54,28,26
7617,Chiikawa,tichondrius,1835,druid,balance,66,33,33
7618,Elunegoddess,tichondrius,1834,druid,balance,46,27,19
7619,Formhub,malganis,1834,druid,balance,84,42,42
7620,Moonflora,stormrage,1833,druid,balance,129,73,56
7621,Sawsaw,bleeding-hollow,1832,druid,balance,74,42,32
7622,Ilovediegoxo,kelthuzad,1830,druid,balance,48,32,16
7623,Deloria,nemesis,1829,druid,balance,42,25,17
7624,Dontnerfmore,queldorei,1829,druid,balance,66,31,35
7625,Moozzash,azralon,1828,druid,balance,54,32,22
7626,Chernovax,kelthuzad,1828,druid,balance,87,47,40
7627,Equinøxx,malganis,1827,druid,balance,47,30,17
7628,Evsn,tichondrius,1826,druid,balance,36,28,8
7629,Bcup,sargeras,1826,druid,balance,54,32,22
7630,Çoach,tichondrius,1822,druid,balance,100,55,45
7631,Clonemunster,frostmourne,1821,druid,balance,66,38,28
7632,Ilovediego,stormrage,1820,druid,balance,42,27,15
7633,Fleasy,wyrmrest-accord,1820,druid,balance,85,52,33
7634,Lunalai,bloodhoof,1820,druid,balance,96,55,41
7635,Catpoop,frostmourne,1819,druid,balance,54,37,17
7636,Sueycide,tichondrius,1819,druid,balance,71,34,37
7637,Dipii,proudmoore,1818,druid,balance,30,22,8
7638,Resorange,malganis,1818,druid,balance,48,29,19
7639,Trollololkin,bleeding-hollow,1817,druid,balance,57,41,16
7640,Dorlingus,tichondrius,1817,druid,balance,48,29,19
7641,Deenut,sargeras,1817,druid,balance,60,36,24
7642,Weckxa,sargeras,1817,druid,balance,209,110,99
7643,Rìniroo,area-52,1816,druid,balance,48,30,18
7644,Xenny,chogall,1815,druid,balance,48,34,14
7645,Form,bleeding-hollow,1815,druid,balance,96,57,39
7646,Raïsin,moon-guard,1814,druid,balance,45,26,19
7647,Jacusias,stormrage,1814,druid,balance,188,102,86
7648,Haohomie,tichondrius,1813,druid,balance,78,52,26
7649,Animatronixz,area-52,1813,druid,balance,66,34,32
7650,Staystrongox,tichondrius,1812,druid,balance,82,51,31
7651,Keylae,sargeras,1812,druid,balance,86,46,40
7652,Purkins,barthilas,1811,druid,balance,41,26,15
7653,Kamero,tichondrius,1811,druid,balance,57,36,21
7654,Souress,shadowsong,1811,druid,balance,66,40,26
7655,Thottiie,hyjal,1811,druid,balance,60,36,24
7656,Moonkay,tichondrius,1810,druid,balance,42,26,16
7657,Surfingbird,tichondrius,1810,druid,balance,236,143,93
7658,Tôpdadwôrld,sargeras,1809,druid,balance,30,19,11
7659,Drcuy,ragnaros,1809,druid,balance,104,59,45
7660,Seyala,moon-guard,1809,druid,balance,175,99,76
7661,Ternkote,tichondrius,1808,druid,balance,36,24,12
7662,Smeow,zuljin,1808,druid,balance,146,82,64
7663,Wiredxd,illidan,1807,druid,balance,44,28,16
7664,Pào,tichondrius,1807,druid,balance,57,35,22
7665,Seilah,lightbringer,1807,druid,balance,54,30,24
7666,Cattdog,tichondrius,1806,druid,balance,82,55,27
7667,Dustydrx,area-52,1806,druid,balance,56,34,22
7668,Zeromoon,frostmourne,1806,druid,balance,59,29,30
7669,Harukai,azralon,1805,druid,balance,114,67,47
7670,Feralgo,tichondrius,1804,druid,balance,45,27,18
7671,Boomsquanch,emerald-dream,1804,druid,balance,54,32,22
7672,Starsucceed,illidan,1804,druid,balance,48,25,23
7673,Xannê,tichondrius,1804,druid,balance,62,32,30
7674,Exxh,tichondrius,1803,druid,balance,46,34,12
7675,Starbränd,azralon,1803,druid,balance,60,38,22
7676,Youngtree,tichondrius,1803,druid,balance,33,20,13
7677,Itachi,dragonmaw,1803,druid,balance,65,38,27
7678,Vengexd,sargeras,1802,druid,balance,24,19,5
7679,Malfuria,tichondrius,1802,druid,balance,47,29,18
7680,Mythleaf,ragnaros,1802,druid,balance,120,70,50
7681,Cousa,zuljin,1802,druid,balance,124,69,55
7682,Enøsh,tichondrius,1802,druid,balance,102,52,50
7683,Felny,malganis,1802,druid,balance,54,26,28
7684,Buffjungle,tichondrius,1801,druid,balance,36,20,16
7685,Gordzak,illidan,1801,druid,balance,212,113,99
7686,Blazeikin,tichondrius,1801,druid,balance,75,39,36
7687,Treelah,tichondrius,1800,druid,balance,48,29,19
7688,Rikishi,executus,1798,druid,balance,60,32,28
7689,Burninmoon,tichondrius,1796,druid,balance,48,28,20
7690,Lekick,tichondrius,1795,druid,balance,66,36,30
7691,Bunnykiss,tichondrius,1795,druid,balance,97,49,48
7692,Handhandb,tichondrius,1794,druid,balance,72,43,29
7693,Pigdd,tichondrius,1791,druid,balance,30,19,11
7694,Chal,illidan,1791,druid,balance,53,32,21
7695,Hypefull,tichondrius,1790,druid,balance,48,23,25
7696,Stepbro,malorne,1789,druid,balance,189,111,78
7697,Striix,ragnaros,1788,druid,balance,48,23,25
7698,Tratean,tichondrius,1787,druid,balance,84,49,35
7699,Drugdoer,tichondrius,1781,druid,balance,112,66,46
7700,Destromz,zuljin,1780,druid,balance,36,24,12
7701,Ataraxie,illidan,1780,druid,balance,78,47,31
7702,Sommerrays,kelthuzad,1780,druid,balance,72,37,35
7703,Thrage,sargeras,1777,druid,balance,60,36,24
7704,Glazinator,sargeras,1775,druid,balance,189,94,95
7705,Pipiwiwi,stormrage,1773,druid,balance,99,57,42
7706,Krahz,lightnings-blade,1773,druid,balance,409,215,194
7707,Oungan,illidan,1772,druid,balance,110,62,48
7708,Orollå,tichondrius,1771,druid,balance,50,29,21
7709,Çørrúptíøñzx,tichondrius,1770,druid,balance,36,25,11
7710,Boomybro,thrall,1768,druid,balance,140,84,56
7711,Panansy,stormrage,1768,druid,balance,272,137,135
7712,Chanimal,tichondrius,1767,druid,balance,54,36,18
7713,Davione,tichondrius,1767,druid,balance,64,37,27
7714,Olongjonsson,wyrmrest-accord,1766,druid,balance,36,19,17
7715,Uhnoheals,tichondrius,1764,druid,balance,44,26,18
7716,Lilkitty,tichondrius,1764,druid,balance,148,81,67
7717,Protagonist,zuluhed,1762,druid,balance,55,33,22
7718,Bathrobe,bloodscalp,1762,druid,balance,48,26,22
7719,Ailari,moon-guard,1761,druid,balance,91,52,39
7720,Yevenbother,tichondrius,1760,druid,balance,36,21,15
7721,Bukkwild,stormrage,1759,druid,balance,72,50,22
7722,Pennytrate,barthilas,1759,druid,balance,92,54,38
7723,Líu,area-52,1757,druid,balance,96,60,36
7724,Ebrìthil,hyjal,1757,druid,balance,78,39,39
7725,Daddyshift,proudmoore,1756,druid,balance,68,39,29
7726,Cocainebeär,tichondrius,1755,druid,balance,77,39,38
7727,Cynhawts,emerald-dream,1754,druid,balance,46,27,19
7728,Dárách,malganis,1752,druid,balance,141,82,59
7729,Lothail,windrunner,1752,druid,balance,89,48,41
7730,Swayjizz,tichondrius,1750,druid,balance,114,64,50
7731,Deviperdruid,frostmourne,1748,druid,balance,51,35,16
7732,Soar,destromath,1748,druid,balance,81,51,30
7733,Bolthor,wyrmrest-accord,1748,druid,balance,90,50,40
7734,Petruccius,nordrassil,1748,druid,balance,214,108,106
7735,Jaxer,illidan,1747,druid,balance,129,77,52
7736,Bunnyes,tichondrius,1747,druid,balance,54,29,25
7737,Lazerbeamz,tichondrius,1746,druid,balance,102,54,48
7738,Halenson,illidan,1745,druid,balance,76,42,34
7739,Meowkit,blackrock,1744,druid,balance,48,33,15
7740,Ayla,gorefiend,1741,druid,balance,47,30,17
7741,Donutdruid,illidan,1740,druid,balance,64,39,25
7742,Bearyhallsjr,sargeras,1739,druid,balance,30,22,8
7743,Honeybeam,moon-guard,1737,druid,balance,60,32,28
7744,Whoopz,blackrock,1737,druid,balance,42,20,22
7745,Metroboomy,magtheridon,1736,druid,balance,80,44,36
7746,Kydralola,ragnaros,1735,druid,balance,36,21,15
7747,Kzinti,zuluhed,1735,druid,balance,97,49,48
7748,Nxf,sargeras,1734,druid,balance,35,21,14
7749,Druidwhat,stormrage,1734,druid,balance,153,81,72
7750,Starz,arthas,1733,druid,balance,50,33,17
7751,Melloj,kelthuzad,1732,druid,balance,66,38,28
7752,Bloomqt,tichondrius,1732,druid,balance,170,96,74
7753,Foxhoundlol,tichondrius,1731,druid,balance,78,48,30
7754,Pils,nemesis,1730,druid,balance,130,78,52
7755,Jemima,auchindoun,1730,druid,balance,142,83,59
7756,Nyloke,kelthuzad,1729,druid,balance,66,44,22
7757,Choosegoose,area-52,1729,druid,balance,44,29,15
7758,Scene,frostmourne,1729,druid,balance,71,40,31
7759,Dextructive,tichondrius,1729,druid,balance,124,60,64
7760,Kydro,sargeras,1728,druid,balance,48,25,23
7761,Krispz,area-52,1728,druid,balance,77,39,38
7762,Cobal,goldrinn,1727,druid,balance,419,216,203
7763,Trapdoorboom,illidan,1726,druid,balance,96,51,45
7764,Chikinwing,illidan,1725,druid,balance,107,62,45
7765,Stinkÿ,bleeding-hollow,1724,druid,balance,63,42,21
7766,Pannaxx,tichondrius,1723,druid,balance,36,24,12
7767,Brokenomega,area-52,1722,druid,balance,142,85,57
7768,Naakx,tichondrius,1722,druid,balance,52,30,22
7769,Wecksox,area-52,1721,druid,balance,246,119,127
7770,Showmanship,tichondrius,1720,druid,balance,134,75,59
7771,Wòót,stormreaver,1719,druid,balance,84,58,26
7772,Sweatypapa,tichondrius,1718,druid,balance,114,72,42
7773,Brainlessqt,tichondrius,1717,druid,balance,34,24,10
7774,Animlcracker,emerald-dream,1717,druid,balance,72,47,25
7775,Boosted,bloodscalp,1717,druid,balance,42,27,15
7776,Sym,zuljin,1716,druid,balance,30,19,11
7777,Droodaphobé,sargeras,1714,druid,balance,59,34,25
7778,Cjæ,bleeding-hollow,1713,druid,balance,24,18,6
7779,Dànkness,frostwolf,1713,druid,balance,53,29,24
7780,Frames,area-52,1712,druid,balance,77,39,38
7781,Nophysique,zuljin,1709,druid,balance,112,62,50
7782,Faerie,kaelthas,1708,druid,balance,82,44,38
7783,Slickitty,kelthuzad,1707,druid,balance,30,18,12
7784,Swiftroots,tichondrius,1705,druid,balance,36,21,15
7785,Skeevz,darkspear,1705,druid,balance,56,32,24
7786,Yggdrasil,ravencrest,1705,druid,balance,54,29,25
7787,Mädnhairy,zuljin,1703,druid,balance,45,28,17
7788,Maligoz,nemesis,1703,druid,balance,95,49,46
7789,Beamed,thrall,1702,druid,balance,24,18,6
7790,Convokeula,tichondrius,1702,druid,balance,120,72,48
7791,Rerob,aerie-peak,1702,druid,balance,50,26,24
7792,Doomdawn,sargeras,1701,druid,balance,123,65,58
7793,Coompie,frostmourne,1700,druid,balance,24,19,5
7794,Wasabilol,tichondrius,1700,druid,balance,112,65,47
7795,Delorík,illidan,1700,druid,balance,120,68,52
7796,Smeepy,bleeding-hollow,1700,druid,balance,48,26,22
7797,Animaldoctor,illidan,1699,druid,balance,63,44,19
7798,Binjuicex,frostmourne,1699,druid,balance,45,29,16
7799,Themustafa,tichondrius,1698,druid,balance,48,31,17
7800,Quelarre,velen,1698,druid,balance,100,58,42
7801,Niroxic,frostmourne,1697,druid,balance,48,31,17
7802,Lyshani,thrall,1696,druid,balance,100,56,44
7803,Tunaren,wyrmrest-accord,1696,druid,balance,42,21,21
7804,Boomfold,tichondrius,1696,druid,balance,36,18,18
7805,Raquelitá,ragnaros,1694,druid,balance,28,19,9
7806,Cyclone,darkspear,1693,druid,balance,48,21,27
7807,Ottovonbird,tichondrius,1692,druid,balance,36,21,15
7808,Sibby,barthilas,1691,druid,balance,90,48,42
7809,Meatbender,frostmourne,1691,druid,balance,110,55,55
7810,Moonrg,stormrage,1689,druid,balance,66,35,31
7811,Djayolo,illidan,1688,druid,balance,30,23,7
7812,Reàsons,stormrage,1688,druid,balance,126,62,64
7813,Cirranis,moon-guard,1687,druid,balance,117,68,49
7814,Aule,frostmourne,1687,druid,balance,36,18,18
7815,Realmehji,wyrmrest-accord,1686,druid,balance,36,28,8
7816,Whodoüvoodoo,tichondrius,1686,druid,balance,30,21,9
7817,Kogas,hyjal,1686,druid,balance,44,28,16
7818,Phurr,area-52,1686,druid,balance,54,30,24
7819,Spinach,moon-guard,1686,druid,balance,104,53,51
7820,Ripkinztko,stormrage,1685,druid,balance,24,19,5
7821,Mortqt,tichondrius,1685,druid,balance,42,23,19
7822,Girthybeam,sargeras,1685,druid,balance,50,25,25
7823,Chickenwings,ragnaros,1683,druid,balance,42,27,15
7824,Ghaal,tichondrius,1683,druid,balance,84,53,31
7825,Gwiffurry,tichondrius,1683,druid,balance,54,32,22
7826,Taurenasarus,area-52,1683,druid,balance,51,30,21
7827,Koratan,frostmourne,1683,druid,balance,43,24,19
7828,Roofty,illidan,1681,druid,balance,34,22,12
7829,Nurtures,sargeras,1680,druid,balance,60,33,27
7830,Readt,malganis,1680,druid,balance,204,109,95
7831,Justsidious,sargeras,1679,druid,balance,30,23,7
7832,Realistik,kelthuzad,1678,druid,balance,60,39,21
7833,Ruthlessbro,sargeras,1677,druid,balance,85,45,40
7834,Pizzaparties,tichondrius,1676,druid,balance,35,28,7
7835,Myex,illidan,1676,druid,balance,48,32,16
7836,Chaossdruid,bleeding-hollow,1676,druid,balance,143,83,60
7837,Abomasnow,turalyon,1675,druid,balance,60,35,25
7838,Glickbear,illidan,1675,druid,balance,54,29,25
7839,Cröòk,malganis,1675,druid,balance,48,24,24
7840,Ànìmàl,stormrage,1674,druid,balance,36,27,9
7841,Finkledurp,dalaran,1674,druid,balance,35,20,15
7842,Beamrooster,silvermoon,1672,druid,balance,50,33,17
7843,Buckwhêât,illidan,1671,druid,balance,70,33,37
7844,Druidk,tichondrius,1671,druid,balance,66,29,37
7845,Frostig,tichondrius,1670,druid,balance,36,22,14
7846,Lostnsauce,tichondrius,1669,druid,balance,60,43,17
7847,Fätål,ysera,1669,druid,balance,60,38,22
7848,Boiledfrogs,zuljin,1669,druid,balance,30,19,11
7849,Sodapooping,azjolnerub,1669,druid,balance,138,82,56
7850,Fancynut,kiljaeden,1668,druid,balance,68,35,33
7851,Halensen,illidan,1668,druid,balance,47,23,24
7852,Scurse,tichondrius,1667,druid,balance,114,60,54
7853,Wallower,malganis,1667,druid,balance,54,24,30
7854,Aethisra,moon-guard,1666,druid,balance,155,88,67
7855,Yipëë,moon-guard,1666,druid,balance,64,34,30
7856,Ðøomkinz,azjolnerub,1665,druid,balance,48,33,15
7857,Nickyü,ragnaros,1665,druid,balance,54,23,31
7858,Partybeast,malganis,1664,druid,balance,74,55,19
7859,Gumbawl,sargeras,1662,druid,balance,36,22,14
7860,Gokki,zuljin,1660,druid,balance,77,53,24
7861,Foafoa,illidan,1657,druid,balance,31,19,12
7862,Verbz,arthas,1656,druid,balance,54,26,28
7863,Zils,bleeding-hollow,1654,druid,balance,49,25,24
7864,Yazmawma,tichondrius,1653,druid,balance,42,24,18
7865,Aull,kelthuzad,1653,druid,balance,36,19,17
7866,Roar,moon-guard,1652,druid,balance,45,31,14
7867,Vergota,emerald-dream,1652,druid,balance,73,50,23
7868,Loudpax,zuljin,1652,druid,balance,53,36,17
7869,Renithen,trollbane,1652,druid,balance,42,28,14
7870,Înfamous,thrall,1652,druid,balance,36,24,12
7871,Starlyxo,malganis,1652,druid,balance,59,37,22
7872,Chernlyssayo,stormrage,1652,druid,balance,50,30,20
7873,Drmf,frostmourne,1652,druid,balance,42,25,17
7874,Ashstarfall,barthilas,1651,druid,balance,36,26,10
7875,Chengxiaopao,tichondrius,1651,druid,balance,38,26,12
7876,Druentia,tichondrius,1650,druid,balance,30,20,10
7877,Coldkill,burning-legion,1650,druid,balance,36,20,16
7878,Khryllx,tichondrius,1649,druid,balance,42,27,15
7879,Torrox,tichondrius,1649,druid,balance,208,115,93
7880,Epicworld,stormrage,1647,druid,balance,156,92,64
7881,Thatboiscrew,tichondrius,1646,druid,balance,80,56,24
7882,Dreveron,bleeding-hollow,1646,druid,balance,54,23,31
7883,Ironsightsdr,dalaran,1645,druid,balance,51,29,22
7884,Hennydru,dalaran,1644,druid,balance,36,20,16
7885,Midnitetoker,hyjal,1644,druid,balance,54,29,25
7886,Josepha,tichondrius,1643,druid,balance,30,20,10
7887,Wizdùm,frostmourne,1643,druid,balance,53,34,19
7888,Pankecito,ragnaros,1643,druid,balance,52,30,22
7889,Rayzer,bleeding-hollow,1643,druid,balance,126,70,56
7890,Rezlur,tichondrius,1643,druid,balance,47,24,23
7891,Masan,burning-blade,1642,druid,balance,36,23,13
7892,Boomchickens,area-52,1642,druid,balance,60,33,27
7893,Partylord,malganis,1642,druid,balance,108,57,51
7894,Knoxdog,illidan,1641,druid,balance,51,32,19
7895,Irl,frostmane,1641,druid,balance,41,23,18
7896,Dcountts,area-52,1640,druid,balance,44,28,16
7897,Grapeful,frostmourne,1640,druid,balance,66,37,29
7898,Rumorxo,illidan,1639,druid,balance,30,18,12
7899,Chøpstixs,bleeding-hollow,1639,druid,balance,48,28,20
7900,Snugglin,kelthuzad,1639,druid,balance,60,31,29
7901,Goochies,aerie-peak,1638,druid,balance,29,18,11
7902,Jillferal,proudmoore,1638,druid,balance,96,56,40
7903,Killiamp,tichondrius,1636,druid,balance,41,27,14
7904,Supafat,thrall,1636,druid,balance,31,20,11
7905,Kïx,illidan,1636,druid,balance,38,23,15
7906,Thamoonsbak,aggramar,1635,druid,balance,35,18,17
7907,Ehleven,tichondrius,1634,druid,balance,48,29,19
7908,Dharmatra,quelthalas,1634,druid,balance,101,56,45
7909,Ahrilee,area-52,1634,druid,balance,90,47,43
7910,Komaner,frostmourne,1634,druid,balance,48,21,27
7911,Starsiee,drakkari,1634,druid,balance,42,18,24
7912,Taylorshift,misha,1633,druid,balance,27,23,4
7913,Johnnydrip,malganis,1633,druid,balance,36,19,17
7914,Comidru,tichondrius,1632,druid,balance,54,23,31
7915,Marutot,tichondrius,1631,druid,balance,36,26,10
7916,Mayanardz,bleeding-hollow,1631,druid,balance,24,17,7
7917,Trapkin,tichondrius,1631,druid,balance,167,101,66
7918,Muunragery,illidan,1631,druid,balance,36,19,17
7919,Drufasa,tichondrius,1631,druid,balance,65,32,33
7920,Bearyhalls,sargeras,1630,druid,balance,24,17,7
7921,Boome,blackrock,1630,druid,balance,132,72,60
7922,Relaeh,andorhal,1629,druid,balance,36,19,17
7923,Kekepöp,illidan,1628,druid,balance,36,25,11
7924,Fìlø,bleeding-hollow,1628,druid,balance,243,136,107
7925,Elyveen,proudmoore,1627,druid,balance,63,46,17
7926,Jimrobloxttv,emerald-dream,1627,druid,balance,36,24,12
7927,Rokk,baelgun,1627,druid,balance,98,61,37
7928,Woog,moon-guard,1627,druid,balance,96,57,39
7929,Oppose,akama,1627,druid,balance,65,37,28
7930,Dreamwalker,bleeding-hollow,1626,druid,balance,24,17,7
7931,Ripdimebag,frostmourne,1626,druid,balance,58,37,21
7932,Restorationz,tichondrius,1626,druid,balance,107,65,42
7933,Muwudred,stormrage,1626,druid,balance,48,28,20
7934,Spacedruidx,illidan,1626,druid,balance,85,47,38
7935,Dôcteurowl,zuljin,1626,druid,balance,89,41,48
7936,Scrubrat,moon-guard,1625,druid,balance,52,40,12
7937,Scoon,aegwynn,1625,druid,balance,45,24,21
7938,Moongodx,stormrage,1624,druid,balance,24,17,7
7939,Ablackdruid,moon-guard,1624,druid,balance,35,21,14
7940,Moonra,malganis,1623,druid,balance,66,38,28
7941,Soonntkgo,ragnaros,1623,druid,balance,56,29,27
7942,Bhboom,tichondrius,1623,druid,balance,54,23,31
7943,Eseldra,area-52,1622,druid,balance,58,34,24
7944,Harryhotter,blackrock,1622,druid,balance,109,54,55
7945,Haymade,sargeras,1620,druid,balance,120,69,51
7946,Kelagoat,kiljaeden,1620,druid,balance,54,26,28
7947,Mûû,tichondrius,1619,druid,balance,80,46,34
7948,Contrololol,hyjal,1619,druid,balance,60,32,28
7949,Gatø,area-52,1619,druid,balance,90,42,48
7950,Wildslash,proudmoore,1617,druid,balance,75,37,38
7951,Softkiller,chogall,1616,druid,balance,60,36,24
7952,Mastabtw,illidan,1616,druid,balance,30,17,13
7953,Treeshift,tichondrius,1615,druid,balance,53,32,21
7954,Héisénbérg,sargeras,1615,druid,balance,60,33,27
7955,Starsurgeon,thrall,1615,druid,balance,155,85,70
7956,Flapperz,sargeras,1615,druid,balance,66,31,35
7957,Gsd,sargeras,1614,druid,balance,36,22,14
7958,Nasuu,bleeding-hollow,1614,druid,balance,84,50,34
7959,Furryswipe,proudmoore,1614,druid,balance,56,33,23
7960,Polánd,area-52,1614,druid,balance,75,43,32
7961,Yosuzume,thrall,1613,druid,balance,54,33,21
7962,Schneidèr,quelthalas,1613,druid,balance,42,20,22
7963,Targareyen,sargeras,1613,druid,balance,53,25,28
7964,Yoglosmas,tichondrius,1612,druid,balance,42,28,14
7965,Auras,kelthuzad,1612,druid,balance,120,73,47
7966,Duglas,illidan,1612,druid,balance,91,55,36
7967,Ellguin,malganis,1611,druid,balance,60,44,16
7968,Yorkville,sargeras,1611,druid,balance,30,18,12
7969,Laradea,argent-dawn,1609,druid,balance,38,27,11
7970,Pänzerkin,sargeras,1609,druid,balance,30,21,9
7971,Lupintk,tichondrius,1609,druid,balance,84,51,33
7972,Alaillais,moon-guard,1609,druid,balance,48,28,20
7973,Shafted,kelthuzad,1609,druid,balance,36,21,15
7974,Canek,ghostlands,1609,druid,balance,107,62,45
7975,Quaras,frostmourne,1609,druid,balance,241,129,112
7976,Rikezz,black-dragonflight,1608,druid,balance,48,34,14
7977,Padavore,wyrmrest-accord,1608,druid,balance,77,50,27
7978,Kittyboy,emerald-dream,1607,druid,balance,30,21,9
7979,Kittiepurry,blackrock,1607,druid,balance,112,63,49
7980,Swiftydel,frostmourne,1607,druid,balance,54,29,25
7981,Flappyjacks,elune,1607,druid,balance,54,27,27
7982,Boys,bleeding-hollow,1606,druid,balance,42,24,18
7983,Braviel,stormrage,1605,druid,balance,54,32,22
7984,Tinkeress,stormrage,1605,druid,balance,127,72,55
7985,Raddosaurus,area-52,1605,druid,balance,89,48,41
7986,Clarice,shattered-halls,1605,druid,balance,117,61,56
7987,Yehaw,bloodhoof,1604,druid,balance,54,35,19
7988,Awazing,illidan,1604,druid,balance,53,25,28
7989,Nehrudruid,area-52,1603,druid,balance,24,17,7
7990,Dorobloom,sargeras,1603,druid,balance,54,36,18
7991,Anchunlol,tichondrius,1603,druid,balance,36,19,17
7992,Quefemme,kelthuzad,1602,druid,balance,35,21,14
7993,Jentlegiant,tichondrius,1602,druid,balance,36,21,15
7994,Gallianö,frostmourne,1601,druid,balance,40,23,17
7995,Boattastic,terenas,1601,druid,balance,78,36,42
7996,Brodda,sargeras,1600,druid,balance,194,101,93
7997,Kletys,azralon,1599,druid,balance,113,57,56
7998,Stellar,steamwheedle-cartel,1597,druid,balance,24,19,5
7999,Dirtmaggot,barthilas,1597,druid,balance,31,21,10
8000,Inuyasha,sargeras,1597,druid,balance,59,34,25
8001,Odirtytshirt,malganis,1595,druid,balance,55,27,28
8002,Skurts,tichondrius,1594,druid,balance,39,25,14
8003,Blackjésüs,kelthuzad,1594,druid,balance,153,86,67
8004,Sigure,zuljin,1593,druid,balance,27,19,8
8005,Taszy,blackrock,1593,druid,balance,40,24,16
8006,Soupbeandru,zuljin,1593,druid,balance,48,28,20
8007,Deed,korialstrasz,1593,druid,balance,34,19,15
8008,Faelonk,frostmourne,1592,druid,balance,30,23,7
8009,Cenariun,stormrage,1592,druid,balance,60,32,28
8010,Kittycleave,tichondrius,1591,druid,balance,24,17,7
8011,Ånðrømæðå,sargeras,1588,druid,balance,48,26,22
8012,Seyedo,sargeras,1587,druid,balance,65,38,27
8013,Skirts,area-52,1587,druid,balance,59,34,25
8014,Còyot,stormrage,1586,druid,balance,60,30,30
8015,Watchugonndo,tichondrius,1585,druid,balance,24,17,7
8016,Korbö,zuljin,1585,druid,balance,30,18,12
8017,Aralix,zuljin,1585,druid,balance,142,76,66
8018,Druizzy,illidan,1585,druid,balance,54,21,33
8019,Zesto,nazjatar,1584,druid,balance,36,24,12
8020,Xenöchrist,ragnaros,1582,druid,balance,86,55,31
8021,Bigherbo,zuljin,1582,druid,balance,78,43,35
8022,Chedisdru,mugthol,1580,druid,balance,48,28,20
8023,Shîfty,ysondre,1580,druid,balance,65,35,30
8024,Trippyshift,hyjal,1580,druid,balance,60,30,30
8025,Jeanz,bonechewer,1579,druid,balance,36,22,14
8026,Draide,dragonblight,1579,druid,balance,43,22,21
8027,Druiddruid,daggerspine,1577,druid,balance,59,36,23
8028,Astrals,runetotem,1577,druid,balance,39,21,18
8029,Cottonpaw,sargeras,1576,druid,balance,264,147,117
8030,Lewïs,stormrage,1576,druid,balance,57,30,27
8031,Darach,boulderfist,1575,druid,balance,30,21,9
8032,Wildbloom,draenor,1574,druid,balance,42,28,14
8033,Charmandxr,hyjal,1573,druid,balance,53,28,25
8034,Djsummer,tichondrius,1573,druid,balance,125,64,61
8035,Sombrien,stormrage,1573,druid,balance,90,46,44
8036,Nodadpullout,tichondrius,1572,druid,balance,51,25,26
8037,Twcrazyk,tichondrius,1572,druid,balance,44,20,24
8038,Beretta,rexxar,1571,druid,balance,84,48,36
8039,Theboomkin,kelthuzad,1570,druid,balance,30,19,11
8040,Saltydru,illidan,1570,druid,balance,44,25,19
8041,Bugbugz,tichondrius,1570,druid,balance,36,18,18
8042,Starsurgê,tichondrius,1569,druid,balance,66,42,24
8043,Kg,cenarion-circle,1569,druid,balance,156,91,65
8044,Sadsex,illidan,1567,druid,balance,101,59,42
8045,Fondra,sargeras,1567,druid,balance,55,32,23
8046,Atagoo,tichondrius,1566,druid,balance,198,103,95
8047,Venkin,gnomeregan,1566,druid,balance,96,47,49
8048,Polvinhoo,azralon,1564,druid,balance,66,37,29
8049,Rakex,tichondrius,1564,druid,balance,74,38,36
8050,Groggs,frostwolf,1564,druid,balance,39,20,19
8051,Swoopy,stormrage,1563,druid,balance,79,44,35
8052,Slumpxaddy,illidan,1562,druid,balance,35,21,14
8053,Xiaoshuaigê,illidan,1562,druid,balance,30,18,12
8054,Kitinglol,alexstrasza,1560,druid,balance,68,35,33
8055,Indicamicah,tichondrius,1558,druid,balance,60,33,27
8056,Kazamura,tichondrius,1557,druid,balance,82,37,45
8057,Buckbumble,frostmourne,1556,druid,balance,60,36,24
8058,Neytîrî,tichondrius,1554,druid,balance,101,55,46
8059,Syclonez,stormrage,1554,druid,balance,42,21,21
8060,Hasteley,khadgar,1554,druid,balance,71,34,37
8061,Empriona,wildhammer,1553,druid,balance,31,18,13
8062,Thespían,tichondrius,1553,druid,balance,369,193,176
8063,Midoo,proudmoore,1553,druid,balance,48,25,23
8064,Drdrulittle,darkspear,1553,druid,balance,78,40,38
8065,Lowkie,llane,1552,druid,balance,45,24,21
8066,Darkombra,frostmourne,1552,druid,balance,60,28,32
8067,Entakkt,cenarius,1551,druid,balance,24,18,6
8068,Boompoizan,tichondrius,1550,druid,balance,57,31,26
8069,Moonfart,zuljin,1548,druid,balance,119,66,53
8070,Starcastic,tichondrius,1548,druid,balance,108,57,51
8071,Boõsty,bleeding-hollow,1548,druid,balance,58,29,29
8072,Tyapet,area-52,1547,druid,balance,120,63,57
8073,Balanci,stormrage,1547,druid,balance,70,36,34
8074,Galind,rexxar,1546,druid,balance,52,28,24
8075,Blitzkreigtv,area-52,1546,druid,balance,54,29,25
8076,Hayop,illidan,1543,druid,balance,60,28,32
8077,Hoagiecannon,moon-guard,1541,druid,balance,167,89,78
8078,Ihavehothots,kiljaeden,1540,druid,balance,38,26,12
8079,Zettka,tichondrius,1539,druid,balance,55,32,23
8080,Donresantis,stormreaver,1539,druid,balance,90,46,44
8081,Qs,rivendare,1539,druid,balance,89,39,50
8082,November,wyrmrest-accord,1538,druid,balance,110,62,48
8083,Offthezaza,tichondrius,1538,druid,balance,82,43,39
8084,Cyeq,blackrock,1538,druid,balance,274,143,131
8085,Hikoro,sargeras,1536,druid,balance,126,74,52
8086,Skum,bloodscalp,1536,druid,balance,69,30,39
8087,Velaana,tichondrius,1535,druid,balance,121,60,61
8088,Almarasta,azralon,1534,druid,balance,82,50,32
8089,Slowreverb,silver-hand,1534,druid,balance,30,16,14
8090,Fironous,nerzhul,1532,druid,balance,36,20,16
8091,Twinscroll,tichondrius,1528,druid,balance,71,48,23
8092,Brockolini,tichondrius,1528,druid,balance,82,44,38
8093,Cauroth,azralon,1527,druid,balance,133,72,61
8094,Rabbithomas,malygos,1525,druid,balance,24,16,8
8095,Âzn,tichondrius,1523,druid,balance,54,39,15
8096,Sweatydruidx,tichondrius,1523,druid,balance,24,16,8
8097,Afpak,sargeras,1522,druid,balance,66,35,31
8098,Abn,sargeras,1521,druid,balance,30,17,13
8099,Ocâ,cenarius,1520,druid,balance,50,30,20
8100,Thorothir,ragnaros,1520,druid,balance,110,62,48
8101,Druidlolwtf,area-52,1520,druid,balance,108,52,56
8102,Myeow,illidan,1520,druid,balance,74,35,39
8103,Alecxeon,tichondrius,1519,druid,balance,42,28,14
8104,Swooped,emerald-dream,1519,druid,balance,53,29,24
8105,Gaawdx,illidan,1519,druid,balance,119,57,62
8106,Adaptivv,sargeras,1518,druid,balance,30,21,9
8107,Rogsdruid,sargeras,1518,druid,balance,73,32,41
8108,Børing,sargeras,1517,druid,balance,81,44,37
8109,Musha,tichondrius,1517,druid,balance,57,30,27
8110,Hagatta,stormrage,1517,druid,balance,151,77,74
8111,Dudur,zuljin,1517,druid,balance,99,50,49
8112,Skyde,sargeras,1517,druid,balance,36,17,19
8113,Yorch,stormrage,1517,druid,balance,47,21,26
8114,Whiteseal,frostmourne,1516,druid,balance,37,28,9
8115,Faruu,tichondrius,1516,druid,balance,24,16,8
8116,Ghostowl,thrall,1516,druid,balance,66,42,24
8117,Jruids,stormrage,1516,druid,balance,60,37,23
8118,Groovyroom,tichondrius,1516,druid,balance,42,23,19
8119,Pirira,quelthalas,1515,druid,balance,43,24,19
8120,Lumala,drakkari,1514,druid,balance,48,27,21
8121,Pëps,emerald-dream,1514,druid,balance,48,27,21
8122,Lavanis,stormrage,1514,druid,balance,199,105,94
8123,Kittygoboom,kiljaeden,1514,druid,balance,78,35,43
8124,Piping,thunderlord,1513,druid,balance,30,17,13
8125,Mk,caelestrasz,1511,druid,balance,30,17,13
8126,Luke,ghostlands,1510,druid,balance,24,16,8
8127,Zorn,lightnings-blade,1508,druid,balance,48,26,22
8128,Cfp,tichondrius,1507,druid,balance,42,19,23
8129,Tanawak,tichondrius,1507,druid,balance,59,25,34
8130,Montrá,stormrage,1505,druid,balance,126,58,68
8131,Vyrrath,stormrage,1504,druid,balance,32,19,13
8132,Árès,frostmourne,1504,druid,balance,77,43,34
8133,Shebleeder,aegwynn,1503,druid,balance,54,30,24
8134,Velyring,moon-guard,1502,druid,balance,43,23,20
8135,Jxrx,malganis,1501,druid,balance,24,16,8
8136,Rootchan,azralon,1501,druid,balance,58,38,20
8137,Swampduck,saurfang,1500,druid,balance,30,18,12
8138,Watchmecap,silvermoon,1499,druid,balance,24,20,4
8139,Nuubmurph,stormrage,1499,druid,balance,33,20,13
8140,Nephdruid,stormrage,1499,druid,balance,98,57,41
8141,Enlil,the-underbog,1499,druid,balance,42,23,19
8142,Treetard,altar-of-storms,1499,druid,balance,66,32,34
8143,Clonexlt,wyrmrest-accord,1496,druid,balance,46,28,18
8144,Tak,garrosh,1496,druid,balance,36,17,19
8145,Herbzlova,lightnings-blade,1494,druid,balance,48,25,23
8146,Yoloboomkin,tichondrius,1494,druid,balance,46,23,23
8147,Rashmi,kiljaeden,1494,druid,balance,36,18,18
8148,Redhotbean,tichondrius,1492,druid,balance,65,32,33
8149,Wildsïde,tichondrius,1490,druid,balance,48,28,20
8150,Thetruetrue,sargeras,1490,druid,balance,48,22,26
8151,Drunknoodles,stormrage,1489,druid,balance,35,20,15
8152,Huggerino,stormrage,1489,druid,balance,58,32,26
8153,Cabek,malganis,1488,druid,balance,60,32,28
8154,Cdroo,burning-blade,1486,druid,balance,24,16,8
8155,Boxtops,bleeding-hollow,1486,druid,balance,36,23,13
8156,Umadornahh,malganis,1484,druid,balance,54,28,26
8157,Maplêleaf,moon-guard,1484,druid,balance,147,72,75
8158,Byte,ragnaros,1482,druid,balance,29,16,13
8159,Pawpurrazzi,darkspear,1482,druid,balance,53,27,26
8160,Owlgz,barthilas,1482,druid,balance,36,18,18
8161,Dreamkin,tichondrius,1481,druid,balance,84,43,41
8162,Boostgu,illidan,1478,druid,balance,41,24,17
8163,Fahnir,ragnaros,1477,druid,balance,72,40,32
8164,Maviç,hyjal,1477,druid,balance,90,45,45
8165,Ryügähidëki,tichondrius,1476,druid,balance,61,32,29
8166,Harlisu,stormrage,1475,druid,balance,26,17,9
8167,Kuwä,proudmoore,1474,druid,balance,72,36,36
8168,Qelthalas,sargeras,1473,druid,balance,228,121,107
8169,Gepardéx,ragnaros,1473,druid,balance,186,95,91
8170,Gummoo,tichondrius,1472,druid,balance,42,30,12
8171,Monsin,illidan,1470,druid,balance,156,81,75
8172,Meowmixx,frostmane,1470,druid,balance,71,35,36
8173,Zukru,malganis,1469,druid,balance,54,32,22
8174,Charnlok,thunderlord,1468,druid,balance,47,31,16
8175,Suncintus,aggramar,1468,druid,balance,54,24,30
8176,Thatscute,moon-guard,1466,druid,balance,312,161,151
8177,Eyzie,stormrage,1466,druid,balance,68,34,34
8178,Brettdadad,shandris,1465,druid,balance,36,23,13
8179,Boomybalboa,stormrage,1463,druid,balance,23,16,7
8180,Unclenya,barthilas,1463,druid,balance,72,32,40
8181,Catahoula,lothar,1462,druid,balance,30,18,12
8182,Ayelune,stormrage,1462,druid,balance,42,24,18
8183,Clense,tichondrius,1461,druid,balance,67,38,29
8184,Bruddahderpp,tichondrius,1460,druid,balance,42,28,14
8185,Rajionu,kiljaeden,1460,druid,balance,30,20,10
8186,Zhinger,tichondrius,1460,druid,balance,79,39,40
8187,Bearserk,rexxar,1460,druid,balance,48,22,26
8188,Seyon,tichondrius,1459,druid,balance,33,17,16
8189,Shiftyn,proudmoore,1457,druid,balance,30,22,8
8190,Lãzy,tichondrius,1456,druid,balance,96,53,43
8191,Swappy,korgath,1456,druid,balance,46,25,21
8192,Yaboidakota,stormrage,1456,druid,balance,166,87,79
8193,Metal,jaedenar,1456,druid,balance,61,30,31
8194,Dontfloodit,tichondrius,1455,druid,balance,122,59,63
8195,Druuyid,jubeithos,1454,druid,balance,126,68,58
8196,Ereshkïgal,stormrage,1454,druid,balance,69,37,32
8197,Tahunne,tichondrius,1452,druid,balance,106,63,43
8198,Aranuir,emerald-dream,1452,druid,balance,35,20,15
8199,Atmospherè,tichondrius,1452,druid,balance,108,57,51
8200,Queiq,kelthuzad,1452,druid,balance,42,22,20
8201,Thunderhox,tichondrius,1451,druid,balance,67,36,31
8202,Sammio,emerald-dream,1451,druid,balance,104,55,49
8203,Basulto,tichondrius,1450,druid,balance,84,45,39
8204,Paddywhacked,tichondrius,1449,druid,balance,36,22,14
8205,Cerest,kaelthas,1448,druid,balance,34,21,13
8206,Juicywap,proudmoore,1448,druid,balance,47,26,21
8207,Druidlow,azralon,1448,druid,balance,79,41,38
8208,Instanodle,proudmoore,1447,druid,balance,36,20,16
8209,Windstag,korgath,1447,druid,balance,36,17,19
8210,Yaboydave,stonemaul,1446,druid,balance,30,16,14
8211,Fripp,stormrage,1446,druid,balance,54,28,26
8212,Awkwarder,emerald-dream,1446,druid,balance,159,79,80
8213,Sileda,nemesis,1445,druid,balance,25,18,7
8214,Rdruidchump,the-forgotten-coast,1445,druid,balance,32,19,13
8215,Syntheris,kaelthas,1445,druid,balance,87,51,36
8216,Bighomïe,emerald-dream,1445,druid,balance,48,27,21
8217,Hitchslaps,tichondrius,1445,druid,balance,36,19,17
8218,Pavati,bleeding-hollow,1444,druid,balance,38,21,17
8219,Genghisz,area-52,1444,druid,balance,77,39,38
8220,Clawandørder,tichondrius,1442,druid,balance,26,16,10
8221,Lepolle,ragnaros,1441,druid,balance,31,21,10
8222,Formmaster,malganis,1441,druid,balance,76,38,38
8223,Nicotinefien,sargeras,1439,druid,balance,24,15,9
8224,Drubuzz,tichondrius,1439,druid,balance,102,56,46
8225,Armorkits,area-52,1438,druid,balance,24,15,9
8226,Jokerdks,tichondrius,1438,druid,balance,32,17,15
8227,Lunarbalance,veknilash,1438,druid,balance,99,44,55
8228,Elvishrage,zuljin,1437,druid,balance,18,15,3
8229,Roundtummy,area-52,1437,druid,balance,90,45,45
8230,Wombatform,malganis,1436,druid,balance,24,15,9
8231,Softdog,stormrage,1436,druid,balance,70,38,32
8232,Hosehead,malganis,1435,druid,balance,74,46,28
8233,Envoy,sargeras,1435,druid,balance,60,33,27
8234,Chonkykitty,frostmourne,1434,druid,balance,36,23,13
8235,Alliess,aerie-peak,1434,druid,balance,111,56,55
8236,Moonowl,crushridge,1433,druid,balance,60,35,25
8237,Falkond,tichondrius,1433,druid,balance,35,18,17
8238,Sunmoonkong,area-52,1433,druid,balance,35,18,17
8239,Squidwonk,sargeras,1433,druid,balance,48,23,25
8240,Sallyshifts,area-52,1433,druid,balance,39,18,21
8241,Arealdruid,moon-guard,1433,druid,balance,42,18,24
8242,Kallabaluwa,azralon,1433,druid,balance,59,25,34
8243,Tanguanota,quelthalas,1431,druid,balance,90,47,43
8244,Shapedance,sargeras,1431,druid,balance,35,16,19
8245,Druiddreams,frostmourne,1430,druid,balance,30,23,7
8246,Catatonik,emerald-dream,1430,druid,balance,36,15,21
8247,Cerionis,tichondrius,1426,druid,balance,24,15,9
8248,Livilla,sargeras,1425,druid,balance,53,29,24
8249,Illilydan,tichondrius,1425,druid,balance,130,67,63
8250,Therooster,whisperwind,1425,druid,balance,53,22,31
8251,Nokash,tichondrius,1425,druid,balance,43,17,26
8252,Squidrific,tichondrius,1424,druid,balance,71,47,24
8253,Pooöòôp,kiljaeden,1424,druid,balance,30,19,11
8254,Justinheras,area-52,1424,druid,balance,94,53,41
8255,Nebulose,moon-guard,1424,druid,balance,59,26,33
8256,Mèowcenaary,chogall,1423,druid,balance,60,35,25
8257,Meatcat,sargeras,1421,druid,balance,30,16,14
8258,Knoxella,moon-guard,1419,druid,balance,146,78,68
8259,Solarcannon,shuhalo,1418,druid,balance,195,105,90
8260,Maxspeed,tichondrius,1417,druid,balance,24,15,9
8261,Raximus,moon-guard,1417,druid,balance,84,42,42
8262,Chakrabeam,kelthuzad,1417,druid,balance,48,22,26
8263,Faroo,azralon,1416,druid,balance,40,24,16
8264,Axiomisop,tichondrius,1416,druid,balance,59,35,24
8265,Rígél,ragnaros,1416,druid,balance,190,98,92
8266,Daddymaple,tichondrius,1416,druid,balance,60,29,31
8267,Crocface,tichondrius,1415,druid,balance,66,38,28
8268,Muffbfloppn,zuljin,1414,druid,balance,24,15,9
8269,Bocephus,dark-iron,1413,druid,balance,24,15,9
8270,Lightconvoke,norgannon,1413,druid,balance,38,19,19
8271,Gullmock,quelthalas,1412,druid,balance,78,35,43
8272,Fastlife,drakkari,1411,druid,balance,30,15,15
8273,Seannybhoy,emerald-dream,1411,druid,balance,63,27,36
8274,Wiiee,darkspear,1410,druid,balance,80,48,32
8275,Dalsardirn,sargeras,1410,druid,balance,30,17,13
8276,Sofereir,frostmourne,1410,druid,balance,155,77,78
8277,Snailbeam,shattered-hand,1410,druid,balance,48,20,28
8278,Espoir,azuremyst,1409,druid,balance,24,15,9
8279,Feroz,frostmourne,1409,druid,balance,24,15,9
8280,Coorvinus,stormrage,1409,druid,balance,36,18,18
8281,Kawshuhn,bleeding-hollow,1407,druid,balance,90,51,39
8282,Côheed,bleeding-hollow,1407,druid,balance,30,15,15
8283,Scoobyshiftz,frostmourne,1405,druid,balance,29,18,11
8284,Skrimshaw,burning-legion,1405,druid,balance,72,36,36
8285,Swagdaddyjr,area-52,1403,druid,balance,24,15,9
8286,Slyfoxx,stonemaul,1403,druid,balance,92,53,39
8287,Jonoa,nagrand,1402,druid,balance,90,54,36
8288,Vicorin,illidan,1402,druid,balance,30,17,13
8289,Naurrog,tichondrius,1401,druid,balance,60,37,23
8290,Ularda,bleeding-hollow,1400,druid,balance,42,24,18
8291,Jainzar,dreadmaul,1400,druid,balance,48,22,26
8292,Cudbacrakhed,tichondrius,1399,druid,balance,48,27,21
8293,Aolus,kaelthas,1398,druid,balance,54,31,23
8294,Jaduss,thrall,1398,druid,balance,38,18,20
8295,Zuice,thrall,1398,druid,balance,69,32,37
8296,Nightstalkr,kelthuzad,1397,druid,balance,210,110,100
8297,Deathkahn,lightninghoof,1397,druid,balance,60,31,29
8298,Zetii,emerald-dream,1397,druid,balance,36,18,18
8299,Ulcera,nemesis,1396,druid,balance,33,17,16
8300,Haneulso,tichondrius,1393,druid,balance,267,138,129
8301,Yseraspawn,kelthuzad,1392,druid,balance,42,21,21
8302,Trickatreyy,kelthuzad,1392,druid,balance,43,21,22
8303,Beastsworn,alexstrasza,1388,druid,balance,42,15,27
8304,Seneshy,azralon,1387,druid,balance,30,22,8
8305,Bäñgarang,tichondrius,1387,druid,balance,80,41,39
8306,Bigbeugs,frostmourne,1382,druid,balance,36,19,17
8307,Driftwood,bonechewer,1381,druid,balance,53,30,23
8308,Envasions,emerald-dream,1380,druid,balance,24,15,9
8309,Threk,spirestone,1379,druid,balance,42,16,26
8310,Nanashi,tichondrius,1378,druid,balance,30,15,15
8311,Nightshàdowz,barthilas,1377,druid,balance,30,16,14
8312,Huskars,tichondrius,1375,druid,balance,48,26,22
8313,Gorgoncity,illidan,1375,druid,balance,28,15,13
8314,Alshari,proudmoore,1375,druid,balance,66,35,31
8315,Milksquirts,thrall,1374,druid,balance,140,71,69
8316,Shemeus,malganis,1374,druid,balance,54,27,27
8317,Wrathmighty,frostmourne,1374,druid,balance,39,19,20
8318,Buyadoge,area-52,1374,druid,balance,34,16,18
8319,Airinsurgent,stormrage,1374,druid,balance,41,17,24
8320,Starsaber,dalaran,1372,druid,balance,42,24,18
8321,Trollsmind,tichondrius,1372,druid,balance,46,26,20
8322,Scarymon,tichondrius,1369,druid,balance,61,33,28
8323,Isomer,kilrogg,1368,druid,balance,24,15,9
8324,Asteriel,stormrage,1367,druid,balance,54,24,30
8325,Binnchook,barthilas,1366,druid,balance,31,19,12
8326,Barrahjr,frostmourne,1366,druid,balance,51,28,23
8327,Skagakr,moon-guard,1366,druid,balance,131,65,66
8328,Throatjelly,blackrock,1363,druid,balance,42,23,19
8329,Leonardsby,tichondrius,1363,druid,balance,67,33,34
8330,Mctree,cenarius,1358,druid,balance,60,39,21
8331,Ðjx,stormrage,1357,druid,balance,31,22,9
8332,Mommyx,stormrage,1357,druid,balance,60,27,33
8333,Durdern,barthilas,1356,druid,balance,63,42,21
8334,Styless,azjolnerub,1356,druid,balance,60,31,29
8335,Katobe,tichondrius,1355,druid,balance,36,19,17
8336,Graffsworth,emerald-dream,1354,druid,balance,110,55,55
8337,Bluechew,bleeding-hollow,1353,druid,balance,24,15,9
8338,Gitsnshigles,frostmourne,1352,druid,balance,43,23,20
8339,Stärfäll,frostmourne,1351,druid,balance,24,17,7
8340,Tahnu,deathwing,1350,druid,balance,23,15,8
8341,Mythelian,icecrown,1348,druid,balance,60,34,26
8342,Ironbark,azuremyst,1344,druid,balance,33,15,18
8343,Dekmdrui,quelthalas,1343,druid,balance,21,16,5
8344,Ehloheim,stormrage,1342,druid,balance,24,14,10
8345,Flôkey,tichondrius,1341,druid,balance,48,25,23
8346,Starfallgg,sargeras,1340,druid,balance,18,14,4
8347,Starboy,garona,1340,druid,balance,24,14,10
8348,Indoee,mannoroth,1339,druid,balance,154,73,81
8349,Cheezaygx,arthas,1338,druid,balance,24,14,10
8350,Xevão,nemesis,1338,druid,balance,32,15,17
8351,Boomchí,tichondrius,1337,druid,balance,18,14,4
8352,Verelyris,nordrassil,1335,druid,balance,18,14,4
8353,Saturday,frostmourne,1335,druid,balance,35,24,11
8354,Audacities,bloodhoof,1335,druid,balance,58,30,28
8355,Brawndiboom,stormrage,1335,druid,balance,71,33,38
8356,Mntra,emerald-dream,1334,druid,balance,24,14,10
8357,Ligerbomb,bleeding-hollow,1334,druid,balance,24,14,10
8358,Shibbith,nordrassil,1333,druid,balance,24,14,10
8359,Imnotinhuman,tichondrius,1333,druid,balance,41,22,19
8360,Droody,earthen-ring,1333,druid,balance,40,20,20
8361,Breynna,draenor,1333,druid,balance,41,20,21
8362,Yungterp,zuljin,1332,druid,balance,18,14,4
8363,Eldenis,drakkari,1332,druid,balance,106,55,51
8364,Calfurion,stormscale,1331,druid,balance,18,14,4
8365,Bâzinga,bleeding-hollow,1331,druid,balance,47,24,23
8366,Medibull,tichondrius,1330,druid,balance,24,14,10
8367,Repanda,proudmoore,1328,druid,balance,107,51,56
8368,Salvattor,stormrage,1327,druid,balance,44,30,14
8369,Noteff,illidan,1327,druid,balance,36,22,14
8370,Shumarina,mannoroth,1325,druid,balance,24,14,10
8371,Pecopeco,sargeras,1325,druid,balance,30,14,16
8372,Moonsliced,kiljaeden,1324,druid,balance,24,14,10
8373,Renamebdsm,cenarius,1324,druid,balance,30,14,16
8374,Datdruidrod,illidan,1322,druid,balance,108,56,52
8375,Moohok,bleeding-hollow,1321,druid,balance,33,14,19
8376,Hamïlton,ragnaros,1318,druid,balance,37,16,21
8377,Lucidkiaru,moon-guard,1317,druid,balance,37,19,18
8378,Winekoolers,malganis,1317,druid,balance,54,27,27
8379,Limikeen,bleeding-hollow,1316,druid,balance,42,18,24
8380,Saeval,korgath,1314,druid,balance,93,47,46
8381,Shuxz,sargeras,1313,druid,balance,30,20,10
8382,Alagoano,azralon,1311,druid,balance,86,57,29
8383,Réko,sargeras,1311,druid,balance,46,26,20
8384,Evilakali,tichondrius,1311,druid,balance,49,27,22
8385,Ernest,goldrinn,1311,druid,balance,70,34,36
8386,Theirs,tichondrius,1310,druid,balance,176,97,79
8387,Stepdru,sargeras,1308,druid,balance,24,14,10
8388,Amanara,echo-isles,1307,druid,balance,53,24,29
8389,Dahts,destromath,1306,druid,balance,24,16,8
8390,Thiccyiff,frostmourne,1305,druid,balance,36,22,14
8391,Fugginskoden,twisting-nether,1305,druid,balance,23,14,9
8392,Duakx,malganis,1305,druid,balance,30,14,16
8393,Beyondbeef,sargeras,1304,druid,balance,49,31,18
8394,Vallk,area-52,1304,druid,balance,26,15,11
8395,Deez,korgath,1304,druid,balance,56,23,33
8396,Bdsurges,illidan,1303,druid,balance,21,15,6
8397,Doomkiñ,darkspear,1303,druid,balance,29,14,15
8398,Treemendous,nemesis,1303,druid,balance,30,14,16
8399,Råstafart,tichondrius,1302,druid,balance,42,22,20
8400,Annef,tichondrius,1302,druid,balance,44,21,23
8401,Treezús,thrall,1300,druid,balance,64,32,32
8402,Meekgrylls,frostmourne,1300,druid,balance,58,27,31
8403,Dkat,malganis,1299,druid,balance,46,24,22
8404,Alwind,alleria,1297,druid,balance,65,27,38
8405,Jynxy,sargeras,1296,druid,balance,41,18,23
8406,Smitenkiten,baelgun,1295,druid,balance,52,23,29
8407,Pneumashift,tichondrius,1294,druid,balance,18,14,4
8408,Lükê,tichondrius,1292,druid,balance,39,14,25
8409,Enrÿu,nemesis,1290,druid,balance,24,14,10
8410,Imshiftastic,area-52,1289,druid,balance,64,32,32
8411,Thickmoo,tichondrius,1288,druid,balance,93,43,50
8412,Uuli,area-52,1287,druid,balance,24,16,8
8413,Stupidranga,barthilas,1286,druid,balance,54,29,25
8414,Jâykeup,lightbringer,1286,druid,balance,78,39,39
8415,Minusdruid,dalaran,1286,druid,balance,117,57,60
8416,Lokdu,area-52,1284,druid,balance,30,15,15
8417,Xodz,sargeras,1282,druid,balance,42,21,21
8418,Barrah,barthilas,1280,druid,balance,70,34,36
8419,Kasparhauser,illidan,1280,druid,balance,36,14,22
8420,Druidoy,tichondrius,1279,druid,balance,36,21,15
8421,Nimfaa,nemesis,1279,druid,balance,36,21,15
8422,Beal,azgalor,1279,druid,balance,93,41,52
8423,Sergat,stormreaver,1276,druid,balance,66,33,33
8424,Floote,thrall,1274,druid,balance,73,34,39
8425,Hanaak,illidan,1273,druid,balance,23,14,9
8426,Zeanasfaratu,spinebreaker,1273,druid,balance,45,19,26
8427,Softshirtxo,ragnaros,1271,druid,balance,24,14,10
8428,Ascension,emerald-dream,1270,druid,balance,30,16,14
8429,Odweaven,thunderlord,1270,druid,balance,76,35,41
8430,Solaress,moon-guard,1268,druid,balance,48,23,25
8431,Mercz,illidan,1267,druid,balance,48,29,19
8432,Sochin,nemesis,1267,druid,balance,90,49,41
8433,Kyabe,ragnaros,1267,druid,balance,73,30,43
8434,Lønewolf,sargeras,1263,druid,balance,65,32,33
8435,Hootie,arygos,1263,druid,balance,45,19,26
8436,Floridajoe,blackrock,1262,druid,balance,54,36,18
8437,Lavanca,azralon,1262,druid,balance,36,16,20
8438,Spicydurid,tichondrius,1261,druid,balance,32,15,17
8439,Bouffecul,zuljin,1260,druid,balance,36,17,19
8440,Craftdruid,tichondrius,1258,druid,balance,48,27,21
8441,Muscelmilk,tichondrius,1258,druid,balance,51,25,26
8442,Lavenderowl,arthas,1257,druid,balance,54,29,25
8443,Zèrkz,tichondrius,1256,druid,balance,140,71,69
8444,Furu,bonechewer,1254,druid,balance,78,36,42
8445,Maimz,tichondrius,1250,druid,balance,91,51,40
8446,Barekat,emerald-dream,1249,druid,balance,34,18,16
8447,Rigotakz,illidan,1249,druid,balance,51,24,27
8448,Thecovid,illidan,1248,druid,balance,113,56,57
8449,Édzar,area-52,1248,druid,balance,77,38,39
8450,Gatorskin,sargeras,1247,druid,balance,15,14,1
8451,Atherra,sargeras,1247,druid,balance,90,50,40
8452,Hugodruid,frostmourne,1247,druid,balance,24,13,11
8453,Ssantirap,quelthalas,1247,druid,balance,30,13,17
8454,Galeshift,stormrage,1246,druid,balance,18,13,5
8455,Jaegerbombx,sargeras,1246,druid,balance,18,13,5
8456,Lawlz,aegwynn,1246,druid,balance,51,28,23
8457,Dirtdog,uther,1246,druid,balance,24,13,11
8458,Daspd,tichondrius,1246,druid,balance,24,13,11
8459,Rslm,tichondrius,1246,druid,balance,43,21,22
8460,Antiherø,sargeras,1245,druid,balance,18,13,5
8461,Slowbleeds,blood-furnace,1245,druid,balance,18,13,5
8462,Ghoouul,tichondrius,1245,druid,balance,35,14,21
8463,Jáguar,frostmourne,1244,druid,balance,36,18,18
8464,Orkinetvx,frostmourne,1243,druid,balance,43,28,15
8465,Sahksi,lothar,1243,druid,balance,24,13,11
8466,Mooseknukel,zuljin,1243,druid,balance,24,13,11
8467,Spudpatikins,barthilas,1243,druid,balance,30,14,16
8468,Foxwit,jubeithos,1242,druid,balance,22,14,8
8469,Bbkingschair,tichondrius,1241,druid,balance,18,13,5
8470,Avishominem,magtheridon,1241,druid,balance,24,13,11
8471,Tummycummy,thrall,1240,druid,balance,18,13,5
8472,Bigboðm,tichondrius,1239,druid,balance,48,24,24
8473,Rizzdja,frostmourne,1238,druid,balance,18,13,5
8474,Gwub,illidan,1238,druid,balance,18,13,5
8475,Tickler,durotan,1238,druid,balance,24,13,11
8476,Jawnfurry,tichondrius,1238,druid,balance,24,13,11
8477,Girthygramps,sargeras,1238,druid,balance,24,13,11
8478,Guojue,tichondrius,1237,druid,balance,46,25,21
8479,Hawkk,azralon,1237,druid,balance,56,26,30
8480,Astrixx,frostmourne,1233,druid,balance,18,13,5
8481,Greenseed,nagrand,1233,druid,balance,18,13,5
8482,Jeezelouise,kelthuzad,1232,druid,balance,18,13,5
8483,Jubeam,area-52,1230,druid,balance,24,13,11
8484,Slimeyjoe,moon-guard,1227,druid,balance,48,25,23
8485,Basilix,moon-guard,1226,druid,balance,63,30,33
8486,Vorare,tichondrius,1225,druid,balance,26,14,12
8487,Zentabra,proudmoore,1225,druid,balance,42,18,24
8488,Kuroshizen,tichondrius,1224,druid,balance,94,39,55
8489,Ssïp,tichondrius,1223,druid,balance,31,14,17
8490,Morphkow,sargeras,1222,druid,balance,69,36,33
8491,Sunboy,tichondrius,1221,druid,balance,73,36,37
8492,Deths,frostmourne,1219,druid,balance,18,13,5
8493,Mooing,azralon,1219,druid,balance,28,19,9
8494,Acidmoon,tichondrius,1219,druid,balance,52,22,30
8495,Pokémon,grizzly-hills,1218,druid,balance,24,13,11
8496,Cien,thrall,1218,druid,balance,93,43,50
8497,Strallà,illidan,1217,druid,balance,96,49,47
8498,Flatnose,agamaggan,1216,druid,balance,30,13,17
8499,Nuppxx,frostmourne,1215,druid,balance,18,13,5
8500,Mutlèy,gundrak,1215,druid,balance,18,13,5
8501,Vuginas,bleeding-hollow,1215,druid,balance,62,33,29
8502,Judgedruid,scilla,1213,druid,balance,36,22,14
8503,Suist,moonrunner,1212,druid,balance,22,13,9
8504,Crazystorm,ragnaros,1212,druid,balance,66,37,29
8505,Shivlary,stormrage,1211,druid,balance,51,29,22
8506,Goofyfoot,wyrmrest-accord,1211,druid,balance,64,32,32
8507,Volddy,tichondrius,1210,druid,balance,36,22,14
8508,Lindzy,moon-guard,1210,druid,balance,78,43,35
8509,Torrwin,area-52,1210,druid,balance,28,14,14
8510,Elpako,ragnaros,1208,druid,balance,54,23,31
8511,Liñk,sargeras,1207,druid,balance,29,15,14
8512,Bayaba,tichondrius,1206,druid,balance,24,14,10
8513,Møønscar,tichondrius,1204,druid,balance,48,22,26
8514,Lazerchicken,boulderfist,1204,druid,balance,30,13,17
8515,Tankbareass,aerie-peak,1203,druid,balance,42,16,26
8516,Huoxiaoying,tichondrius,1202,druid,balance,36,21,15
8517,Pleasepime,stormrage,1202,druid,balance,84,35,49
8518,Drßoom,stormrage,1201,druid,balance,89,38,51
8519,Thehooligan,stormrage,1200,druid,balance,75,41,34
8520,Vaalser,frostmourne,1196,druid,balance,71,31,40
8521,Feralchild,emerald-dream,1195,druid,balance,24,13,11
8522,Chillcat,illidan,1194,druid,balance,18,14,4
8523,Immortalwild,tichondrius,1193,druid,balance,101,50,51
8524,Nolifer,sargeras,1192,druid,balance,30,17,13
8525,Dumdumdugan,korgath,1191,druid,balance,83,41,42
8526,Crashägásm,proudmoore,1190,druid,balance,67,30,37
8527,Dampnr,tichondrius,1186,druid,balance,30,14,16
8528,Maxable,alleria,1184,druid,balance,27,14,13
8529,Zelyvia,moon-guard,1181,druid,balance,31,14,17
8530,Xvenusaur,bleeding-hollow,1179,druid,balance,24,16,8
8531,Quincunx,tichondrius,1179,druid,balance,76,41,35
8532,Stringbeáns,tanaris,1179,druid,balance,42,21,21
8533,Thorsèn,sargeras,1175,druid,balance,48,25,23
8534,Mufaasa,boulderfist,1174,druid,balance,72,37,35
8535,Vicvc,tichondrius,1169,druid,balance,60,30,30
8536,Aberdare,tichondrius,1169,druid,balance,29,13,16
8537,Kudro,garithos,1169,druid,balance,60,25,35
8538,Høt,thunderhorn,1168,druid,balance,22,13,9
8539,Trythis,tichondrius,1167,druid,balance,61,28,33
8540,Blackmoons,thunderlord,1166,druid,balance,42,15,27
8541,Alphakatt,area-52,1165,druid,balance,84,38,46
8542,Dirtydot,ragnaros,1164,druid,balance,24,14,10
8543,Baboongodx,frostmourne,1164,druid,balance,23,13,10
8544,Ryxu,emerald-dream,1161,druid,balance,26,15,11
8545,Lydariel,tichondrius,1159,druid,balance,30,20,10
8546,Nobullshift,icecrown,1159,druid,balance,32,19,13
8547,Rahkaaga,kiljaeden,1158,druid,balance,36,21,15
8548,Mihnt,sargeras,1158,druid,balance,40,14,26
8549,Kattel,blackrock,1157,druid,balance,75,37,38
8550,Levincy,thrall,1156,druid,balance,60,33,27
8551,Mambuz,tichondrius,1154,druid,balance,66,35,31
8552,Dojacow,mannoroth,1154,druid,balance,34,16,18
8553,Hllw,tichondrius,1152,druid,balance,24,12,12
8554,Katbriel,zuljin,1151,druid,balance,18,12,6
8555,Rougaroux,andorhal,1151,druid,balance,18,12,6
8556,Ballnout,zuljin,1151,druid,balance,18,12,6
8557,Scraww,tichondrius,1151,druid,balance,29,14,15
8558,Mcy,nerzhul,1150,druid,balance,24,12,12
8559,Borrdru,arthas,1150,druid,balance,24,12,12
8560,Zebyn,tichondrius,1149,druid,balance,18,12,6
8561,Hefe,terenas,1149,druid,balance,18,12,6
8562,Ralphrawr,barthilas,1149,druid,balance,24,12,12
8563,Stinky,bleeding-hollow,1149,druid,balance,24,12,12
8564,Numbkin,stormrage,1149,druid,balance,30,12,18
8565,Maserati,emerald-dream,1148,druid,balance,18,12,6
8566,Yoona,kiljaeden,1148,druid,balance,24,12,12
8567,Jocek,stormrage,1146,druid,balance,18,12,6
8568,Exxosd,tichondrius,1146,druid,balance,18,12,6
8569,Columpio,area-52,1146,druid,balance,24,12,12
8570,Cthulhuqt,kelthuzad,1145,druid,balance,18,12,6
8571,Dbanned,nemesis,1144,druid,balance,24,12,12
8572,Roots,boulderfist,1144,druid,balance,30,13,17
8573,Gravshift,zuljin,1143,druid,balance,18,12,6
8574,Worldbullguy,area-52,1141,druid,balance,30,13,17
8575,Radagaste,stormrage,1139,druid,balance,24,12,12
8576,Timdillon,emerald-dream,1139,druid,balance,24,12,12
8577,Serega,skywall,1138,druid,balance,24,12,12
8578,Leetpete,eitrigg,1138,druid,balance,24,12,12
8579,Jawsbar,tichondrius,1138,druid,balance,30,12,18
8580,Dodid,laughing-skull,1137,druid,balance,60,30,30
8581,Aozeh,kiljaeden,1136,druid,balance,18,12,6
8582,Furrycringe,stormrage,1135,druid,balance,30,12,18
8583,Hootyhoot,illidan,1133,druid,balance,18,12,6
8584,Ðementia,stormrage,1131,druid,balance,36,12,24
8585,Coggtron,uther,1130,druid,balance,24,16,8
8586,Redbbull,tichondrius,1129,druid,balance,73,42,31
8587,Prismo,ravencrest,1129,druid,balance,24,12,12
8588,Treeteej,kelthuzad,1128,druid,balance,36,16,20
8589,Lunapuma,stonemaul,1127,druid,balance,18,12,6
8590,Kuthian,moon-guard,1126,druid,balance,39,17,22
8591,Iamatomic,illidan,1120,druid,balance,78,36,42
8592,Dennyyd,illidan,1118,druid,balance,18,13,5
8593,Burninmôön,tichondrius,1118,druid,balance,35,12,23
8594,Gazwazluz,lothar,1115,druid,balance,30,18,12
8595,Toofast,lightninghoof,1114,druid,balance,18,12,6
8596,Smashthatbox,illidan,1113,druid,balance,44,17,27
8597,Seytu,sargeras,1112,druid,balance,26,13,13
8598,Wïldmain,area-52,1111,druid,balance,20,13,7
8599,Naturlig,area-52,1109,druid,balance,24,13,11
8600,Ilgalsard,frostmourne,1109,druid,balance,36,16,20
8601,Pigmanbear,kelthuzad,1109,druid,balance,30,12,18
8602,Nozgöth,quelthalas,1105,druid,balance,128,67,61
8603,Ûñø,frostmourne,1101,druid,balance,42,24,18
8604,Alucardxd,ragnaros,1094,druid,balance,29,12,17
8605,Coppersnout,moon-guard,1091,druid,balance,60,32,28
8606,Krazykritz,illidan,1090,druid,balance,27,13,14
8607,Moistcream,tichondrius,1087,druid,balance,21,12,9
8608,Zeromeme,frostmourne,1086,druid,balance,20,12,8
8609,Circadion,illidan,1084,druid,balance,59,23,36
8610,Bethemarble,sargeras,1084,druid,balance,57,22,35
8611,Wyldthangz,stormrage,1077,druid,balance,26,12,14
8612,Pilaufakka,zuljin,1074,druid,balance,36,19,17
8613,Critthisbruh,stormrage,1074,druid,balance,62,29,33
8614,Miggzii,draka,1061,druid,balance,45,19,26
8615,Drdoomerkin,area-52,1056,druid,balance,12,11,1
8616,Roccko,illidan,1056,druid,balance,18,11,7
8617,Mastahskills,illidan,1055,druid,balance,18,11,7
8618,Sharialawl,stormreaver,1055,druid,balance,18,11,7
8619,Smwise,tichondrius,1055,druid,balance,18,11,7
8620,Likorit,azralon,1055,druid,balance,18,11,7
8621,Docleave,tichondrius,1055,druid,balance,18,11,7
8622,Kahpooya,tichondrius,1054,druid,balance,18,11,7
8623,Buffclyde,blackrock,1054,druid,balance,18,11,7
8624,Erealana,tichondrius,1054,druid,balance,18,11,7
8625,Ryannshiftz,proudmoore,1054,druid,balance,18,11,7
8626,Cumvokinlol,sargeras,1054,druid,balance,18,11,7
8627,Slipprypickl,archimonde,1054,druid,balance,24,11,13
8628,Johnnybigg,frostmourne,1053,druid,balance,18,11,7
8629,Junaleska,lightbringer,1053,druid,balance,18,11,7
8630,Elliar,akama,1053,druid,balance,24,11,13
8631,Jacinty,saurfang,1052,druid,balance,18,11,7
8632,Milkman,mannoroth,1052,druid,balance,30,11,19
8633,Awguseon,proudmoore,1051,druid,balance,18,11,7
8634,Milkshift,demon-soul,1051,druid,balance,24,11,13
8635,Fjblol,sargeras,1051,druid,balance,24,11,13
8636,Samsshifter,tichondrius,1050,druid,balance,24,11,13
8637,Arnlu,malganis,1050,druid,balance,24,11,13
8638,Msparker,illidan,1050,druid,balance,36,11,25
8639,Bearyhalls,frostmourne,1049,druid,balance,21,13,8
8640,Àbyss,moon-guard,1049,druid,balance,18,11,7
8641,Völsüng,tichondrius,1049,druid,balance,24,11,13
8642,Balverixqt,tichondrius,1048,druid,balance,24,11,13
8643,Fluff,gurubashi,1048,druid,balance,24,11,13
8644,Shavedtaco,azshara,1047,druid,balance,12,11,1
8645,Sekzor,darkspear,1047,druid,balance,18,11,7
8646,Chikenflu,tichondrius,1047,druid,balance,22,11,11
8647,Karpin,area-52,1046,druid,balance,18,11,7
8648,Eintier,tichondrius,1046,druid,balance,23,12,11
8649,Catrene,mannoroth,1045,druid,balance,45,28,17
8650,Maulinyou,whisperwind,1045,druid,balance,18,11,7
8651,Druihd,stormrage,1042,druid,balance,36,20,16
8652,Andrés,azralon,1041,druid,balance,18,11,7
8653,Jinglebells,kiljaeden,1038,druid,balance,18,11,7
8654,Jherrak,area-52,1035,druid,balance,18,11,7
8655,Bluechicken,sargeras,1035,druid,balance,24,13,11
8656,Hyperdryve,bonechewer,1035,druid,balance,30,11,19
8657,Xoth,executus,1033,druid,balance,24,11,13
8658,Superhorsey,aggramar,1031,druid,balance,36,19,17
8659,Schmeatbawls,illidan,1031,druid,balance,23,11,12
8660,Balantina,tichondrius,1029,druid,balance,36,15,21
8661,Muhana,runetotem,1028,druid,balance,24,11,13
8662,Reeiyna,gallywix,1026,druid,balance,60,35,25
8663,Tuggmyudder,area-52,1026,druid,balance,43,21,22
8664,Gavalle,khaz-modan,1024,druid,balance,60,33,27
8665,Thèbearjèw,tichondrius,1024,druid,balance,55,23,32
8666,Malamew,antonidas,1016,druid,balance,18,12,6
8667,Lumipawz,frostmourne,1014,druid,balance,19,12,7
8668,Riprip,tichondrius,1012,druid,balance,27,12,15
8669,Bloomsong,emerald-dream,1012,druid,balance,30,13,17
8670,Araminka,drakkari,1011,druid,balance,12,11,1
8671,Vapeculture,lightbringer,1004,druid,balance,54,31,23
8672,ßrian,stormscale,1002,druid,balance,24,11,13
8673,Dustin,moon-guard,1000,druid,balance,22,12,10
8674,Clawriander,barthilas,995,druid,balance,29,12,17
8675,Finntröll,area-52,993,druid,balance,29,11,18
8676,Caminanube,quelthalas,989,druid,balance,30,13,17
8677,Amigomel,emerald-dream,985,druid,balance,23,11,12
8678,Indy,rivendare,980,druid,balance,22,11,11
8679,Spazz,firetree,975,druid,balance,17,11,6
8680,Abzyplasm,sargeras,975,druid,balance,24,11,13
8681,Sever,ysera,974,druid,balance,30,13,17
8682,Cowel,tichondrius,969,druid,balance,25,11,14
8683,Soahclleh,sargeras,960,druid,balance,12,10,2
8684,Jubi,bleeding-hollow,960,druid,balance,12,10,2
8685,Fäncy,sargeras,960,druid,balance,12,10,2
8686,Beamerboy,bleeding-hollow,960,druid,balance,18,10,8
8687,Sÿndru,illidan,960,druid,balance,18,10,8
8688,Omnigrind,frostmourne,960,druid,balance,18,10,8
8689,Jgb,dalaran,960,druid,balance,18,10,8
8690,Roben,tichondrius,960,druid,balance,18,10,8
8691,Bfaboomy,stormrage,960,druid,balance,24,10,14
8692,Feaveldin,moon-guard,959,druid,balance,12,10,2
8693,Jshwills,sargeras,959,druid,balance,12,10,2
8694,Rahwan,bleeding-hollow,959,druid,balance,12,10,2
8695,Hautheurel,illidan,959,druid,balance,12,10,2
8696,Jaz,jubeithos,959,druid,balance,18,10,8
8697,Sàbrè,darkspear,959,druid,balance,18,10,8
8698,Skaie,ragnaros,959,druid,balance,18,10,8
8699,Credd,zuljin,959,druid,balance,18,10,8
8700,Ephwürd,malganis,959,druid,balance,18,10,8
8701,Mofan,tichondrius,959,druid,balance,18,10,8
8702,Kohru,moon-guard,959,druid,balance,18,10,8
8703,Sill,illidan,959,druid,balance,18,10,8
8704,Tankzsz,malganis,959,druid,balance,18,10,8
8705,Furor,eonar,959,druid,balance,24,10,14
8706,Biggieclawz,tichondrius,958,druid,balance,12,10,2
8707,Zùnma,tichondrius,958,druid,balance,18,10,8
8708,Swiftboom,stormrage,958,druid,balance,18,10,8
8709,Hornny,shattered-hand,958,druid,balance,18,10,8
8710,Immortalowl,illidan,958,druid,balance,18,10,8
8711,Bumbleebee,azralon,958,druid,balance,18,10,8
8712,Psilo,kelthuzad,958,druid,balance,18,10,8
8713,Sìrfüzzy,proudmoore,958,druid,balance,18,10,8
8714,Fal,bloodscalp,958,druid,balance,21,11,10
8715,Tensuen,boulderfist,958,druid,balance,22,10,12
8716,Kushidabs,tichondrius,958,druid,balance,34,11,23
8717,Messyboom,illidan,957,druid,balance,12,10,2
8718,Islayne,moon-guard,957,druid,balance,12,10,2
8719,Fugg,frostmourne,957,druid,balance,18,10,8
8720,Nøzopium,kelthuzad,956,druid,balance,18,10,8
8721,Drewpg,zuljin,955,druid,balance,18,10,8
8722,Mofoogoo,laughing-skull,955,druid,balance,24,10,14
8723,Guitarsolos,nagrand,955,druid,balance,24,10,14
8724,Partydip,stormrage,955,druid,balance,24,10,14
8725,Bozart,stormrage,954,druid,balance,18,10,8
8726,Maldobear,stormrage,954,druid,balance,24,10,14
8727,Ridicules,cenarius,953,druid,balance,18,10,8
8728,Santogrial,blood-furnace,953,druid,balance,46,25,21
8729,Dethkight,area-52,953,druid,balance,22,11,11
8730,Jal,khazgoroth,953,druid,balance,20,10,10
8731,Wìtchdoctor,barthilas,953,druid,balance,24,10,14
8732,Crunkk,thunderlord,952,druid,balance,18,10,8
8733,Hadoriss,kelthuzad,952,druid,balance,24,10,14
8734,Barecowbear,bleeding-hollow,951,druid,balance,24,10,14
8735,Ohzú,ragnaros,950,druid,balance,18,10,8
8736,Smallrichard,bleeding-hollow,949,druid,balance,24,10,14
8737,Hucklebeary,terokkar,948,druid,balance,24,10,14
8738,Bobedroods,bonechewer,946,druid,balance,18,10,8
8739,Ðarkscar,laughing-skull,943,druid,balance,50,18,32
8740,Skiouros,emerald-dream,943,druid,balance,36,10,26
8741,Blckyoungsta,illidan,942,druid,balance,12,10,2
8742,Overfunk,ragnaros,942,druid,balance,24,10,14
8743,Gidam,moon-guard,941,druid,balance,18,10,8
8744,Lacroix,wildhammer,938,druid,balance,12,10,2
8745,Rakelan,tichondrius,937,druid,balance,146,75,71
8746,Chrisclones,stormrage,925,druid,balance,29,10,19
8747,Beleraine,moon-guard,915,druid,balance,23,10,13
8748,Krustyora,khazgoroth,911,druid,balance,17,10,7
8749,Rennar,stormrage,911,druid,balance,17,10,7
8750,Fancyprance,dalaran,910,druid,balance,29,10,19
8751,Nîghtcráwlér,tichondrius,909,druid,balance,18,11,7
8752,Athious,moon-guard,909,druid,balance,29,13,16
8753,Jokey,quelthalas,906,druid,balance,18,11,7
8754,Tinyypuppyy,sargeras,903,druid,balance,36,12,24
8755,Stretchhxd,tichondrius,900,druid,balance,21,10,11
8756,Bellä,nazjatar,900,druid,balance,37,11,26
8757,Weezydende,area-52,897,druid,balance,27,10,17
8758,Wantto,moknathal,894,druid,balance,54,26,28
8759,Azevedoo,nemesis,884,druid,balance,37,10,27
8760,Nalarin,kaelthas,878,druid,balance,72,35,37
8761,Maen,kelthuzad,864,druid,balance,12,9,3
8762,Gerrt,bleeding-hollow,864,druid,balance,12,9,3
8763,Toastsdruid,tichondrius,864,druid,balance,12,9,3
8764,Daifuku,illidan,864,druid,balance,12,9,3
8765,Markers,gorefiend,864,druid,balance,12,9,3
8766,Hëllchaos,sargeras,864,druid,balance,12,9,3
8767,Foxxyroxxy,malganis,864,druid,balance,12,9,3
8768,Lunartiç,kelthuzad,864,druid,balance,18,9,9
8769,Mvpps,thrall,864,druid,balance,18,9,9
8770,Jssy,tichondrius,864,druid,balance,18,9,9
8771,Kûramä,dalaran,864,druid,balance,18,9,9
8772,Kittycatman,tichondrius,864,druid,balance,18,9,9
8773,Gôdôfwow,tichondrius,864,druid,balance,18,9,9
8774,Töm,durotan,864,druid,balance,24,9,15
8775,Flamejacker,tichondrius,863,druid,balance,12,9,3
8776,Cócorosie,tichondrius,863,druid,balance,12,9,3
8777,Hàchi,malganis,863,druid,balance,12,9,3
8778,Jesterdru,area-52,863,druid,balance,12,9,3
8779,Zmk,barthilas,863,druid,balance,12,9,3
8780,Cerberus,tanaris,863,druid,balance,12,9,3
8781,Cyclíze,sargeras,863,druid,balance,12,9,3
8782,Cösmic,anetheron,863,druid,balance,18,9,9
8783,Wattami,area-52,863,druid,balance,18,9,9
8784,Starkraven,firetree,863,druid,balance,18,9,9
8785,Bullcritzz,saurfang,863,druid,balance,18,9,9
8786,Amookelia,tichondrius,863,druid,balance,18,9,9
8787,Miviaris,alleria,863,druid,balance,18,9,9
8788,Doots,aegwynn,863,druid,balance,18,9,9
8789,Môônkîn,chogall,863,druid,balance,18,9,9
8790,Velaar,arthas,863,druid,balance,18,9,9
8791,Dolwizz,tichondrius,863,druid,balance,24,9,15
8792,Galadriowl,dalaran,863,druid,balance,24,9,15
8793,Rootslayer,tichondrius,862,druid,balance,12,9,3
8794,Oreoshift,illidan,862,druid,balance,12,9,3
8795,Zugdruid,tichondrius,862,druid,balance,13,9,4
8796,Shiftybiznes,black-dragonflight,862,druid,balance,16,10,6
8797,Elydaria,destromath,862,druid,balance,24,12,12
8798,Shack,alterac-mountains,862,druid,balance,18,9,9
8799,Mäya,jubeithos,862,druid,balance,18,9,9
8800,Hallthrok,stormrage,862,druid,balance,18,9,9
8801,Furrmissile,area-52,862,druid,balance,18,9,9
8802,Felløwship,nemesis,862,druid,balance,18,9,9
8803,Muagor,tichondrius,862,druid,balance,18,9,9
8804,Tinkker,zuljin,861,druid,balance,12,9,3
8805,Actiad,stormrage,861,druid,balance,16,10,6
8806,Thullian,stormrage,861,druid,balance,19,10,9
8807,Starslicer,vashj,861,druid,balance,18,9,9
8808,Goldentaint,tichondrius,861,druid,balance,24,9,15
8809,Kelrelyrare,kiljaeden,861,druid,balance,24,9,15
8810,Blizdontcuur,area-52,860,druid,balance,12,9,3
8811,Sanleba,tichondrius,860,druid,balance,18,9,9
8812,Itchyrat,moon-guard,859,druid,balance,18,9,9
8813,Bestik,quelthalas,859,druid,balance,24,9,15
8814,Moringo,azralon,858,druid,balance,12,9,3
8815,Amandi,magtheridon,858,druid,balance,24,9,15
8816,Kamionero,drakkari,856,druid,balance,12,9,3
8817,Firesun,quelthalas,856,druid,balance,12,9,3
8818,Elatheris,stormrage,855,druid,balance,18,9,9
8819,Shiffterzz,tichondrius,855,druid,balance,18,9,9
8820,Slingin,illidan,855,druid,balance,30,9,21
8821,Dizzyshiftz,dalaran,852,druid,balance,30,9,21
8822,Sleek,illidan,850,druid,balance,24,9,15
8823,Owlbearthing,sargeras,848,druid,balance,36,9,27
8824,Everglim,azralon,847,druid,balance,24,9,15
8825,Dèmønblâckev,malganis,842,druid,balance,24,11,13
8826,Klyadedfogud,trollbane,839,druid,balance,18,9,9
8827,Bulldohz,tichondrius,837,druid,balance,18,9,9
8828,Starsfall,tichondrius,831,druid,balance,16,9,7
8829,Nokther,muradin,830,druid,balance,28,9,19
8830,Dankasauras,tichondrius,830,druid,balance,42,13,29
8831,Taurenosorus,illidan,827,druid,balance,64,29,35
8832,Shifterx,illidan,810,druid,balance,22,13,9
8833,Veraciouss,sargeras,802,druid,balance,18,10,8
8834,Stetile,azralon,800,druid,balance,16,9,7
8835,Asenna,moon-guard,799,druid,balance,11,9,2
8836,Jieter,malganis,799,druid,balance,14,9,5
8837,Leeteracola,malganis,798,druid,balance,20,9,11
8838,Monicaduan,frostmourne,795,druid,balance,20,9,11
8839,Grgcostanza,bleeding-hollow,793,druid,balance,14,9,5
8840,Meliódás,area-52,787,druid,balance,198,81,117
8841,Astroshift,emerald-dream,784,druid,balance,20,9,11
8842,Thallid,hydraxis,768,druid,balance,12,8,4
8843,Eskimocowboy,sargeras,768,druid,balance,12,8,4
8844,Elyiaida,emerald-dream,768,druid,balance,12,8,4
8845,Nyzear,bleeding-hollow,768,druid,balance,12,8,4
8846,Argento,frostmourne,768,druid,balance,12,8,4
8847,Mikelovin,nemesis,768,druid,balance,12,8,4
8848,Oopygoopy,bleeding-hollow,768,druid,balance,12,8,4
8849,Chococrispis,quelthalas,768,druid,balance,12,8,4
8850,Catmoomoo,tichondrius,768,druid,balance,12,8,4
8851,Mådge,frostmourne,768,druid,balance,12,8,4
8852,Sñìp,zuljin,768,druid,balance,12,8,4
8853,Yøpìèrre,zuljin,768,druid,balance,12,8,4
8854,Laserxo,tichondrius,768,druid,balance,12,8,4
8855,Treesrlegal,area-52,768,druid,balance,12,8,4
8856,Wakeenfiendx,sargeras,768,druid,balance,12,8,4
8857,Shaney,zuljin,768,druid,balance,12,8,4
8858,Shiftytom,spirestone,768,druid,balance,12,8,4
8859,Xiaodlol,tichondrius,768,druid,balance,12,8,4
8860,Aconcat,bleeding-hollow,768,druid,balance,12,8,4
8861,Abelladañger,area-52,768,druid,balance,12,8,4
8862,Nothecia,sargeras,768,druid,balance,12,8,4
8863,Duckdie,moon-guard,768,druid,balance,12,8,4
8864,Guuh,tichondrius,768,druid,balance,12,8,4
8865,Jisoojwa,frostmourne,768,druid,balance,12,8,4
8866,Drakemaster,aggramar,768,druid,balance,12,8,4
8867,Aenari,anvilmar,768,druid,balance,12,8,4
8868,Hootforce,spirestone,768,druid,balance,12,8,4
8869,Azakai,sargeras,768,druid,balance,12,8,4
8870,Chayten,bleeding-hollow,768,druid,balance,12,8,4
8871,Ryanspeed,mugthol,768,druid,balance,12,8,4
8872,Chickenbeam,tichondrius,768,druid,balance,17,8,9
8873,Dotdmage,tichondrius,768,druid,balance,18,8,10
8874,Onsen,tichondrius,768,druid,balance,18,8,10
8875,Drop,shadow-council,767,druid,balance,10,9,1
8876,Smokeheaters,dalaran,767,druid,balance,12,8,4
8877,Eøle,stormrage,767,druid,balance,12,8,4
8878,Cimanin,malganis,767,druid,balance,12,8,4
8879,Starbender,arygos,767,druid,balance,12,8,4
8880,Arntu,malganis,767,druid,balance,12,8,4
8881,Bearmäntle,ragnaros,767,druid,balance,12,8,4
8882,Redrocket,eldrethalas,767,druid,balance,12,8,4
8883,Xornhxb,tichondrius,767,druid,balance,12,8,4
8884,Koluna,stormrage,767,druid,balance,12,8,4
8885,Neurotoxins,tichondrius,767,druid,balance,12,8,4
8886,Wizgarkin,area-52,767,druid,balance,12,8,4
8887,Harddeenball,area-52,767,druid,balance,15,9,6
8888,Ïny,emerald-dream,767,druid,balance,18,8,10
8889,Tomletrain,zuljin,767,druid,balance,18,8,10
8890,Ruckiz,stormrage,767,druid,balance,18,8,10
8891,Whiteglade,moon-guard,767,druid,balance,18,8,10
8892,Ebonclaw,malganis,767,druid,balance,18,8,10
8893,Jiya,zuljin,767,druid,balance,18,8,10
8894,Gloomcat,illidan,767,druid,balance,18,8,10
8895,Khristine,spinebreaker,767,druid,balance,24,8,16
8896,Narthurs,ragnaros,767,druid,balance,24,8,16
8897,Volgoro,thrall,766,druid,balance,12,8,4
8898,Mornis,zuljin,766,druid,balance,12,8,4
8899,Melizaa,stormrage,766,druid,balance,12,8,4
8900,Onidudu,frostmourne,766,druid,balance,12,8,4
8901,Nxghtfall,tichondrius,766,druid,balance,18,8,10
8902,Kastro,frostwolf,766,druid,balance,18,8,10
8903,Jashrus,korgath,765,druid,balance,12,8,4
8904,Whitekongg,blackhand,765,druid,balance,15,9,6
8905,Sefestria,senjin,765,druid,balance,18,8,10
8906,Tegrizelle,cenarion-circle,765,druid,balance,18,8,10
8907,Motörcharge,bleeding-hollow,764,druid,balance,12,8,4
8908,Aton,frostwolf,764,druid,balance,12,8,4
8909,Apoc,bleeding-hollow,764,druid,balance,12,8,4
8910,Justwade,tichondrius,764,druid,balance,18,8,10
8911,Crépes,bleeding-hollow,764,druid,balance,18,8,10
8912,Wabbehkus,barthilas,764,druid,balance,26,8,18
8913,Psnárf,area-52,763,druid,balance,12,8,4
8914,Eiel,undermine,763,druid,balance,12,8,4
8915,Anttfj,mannoroth,763,druid,balance,18,8,10
8916,Druisole,zuljin,763,druid,balance,24,8,16
8917,Herbirove,frostmourne,762,druid,balance,12,8,4
8918,Astromyles,tichondrius,762,druid,balance,25,8,17
8919,Baaksau,illidan,761,druid,balance,18,8,10
8920,Exillïs,frostmourne,761,druid,balance,23,9,14
8921,Freyaborn,sargeras,760,druid,balance,17,9,8
8922,Jtogethendr,area-52,759,druid,balance,12,8,4
8923,Elsombrak,onyxia,759,druid,balance,12,8,4
8924,Bulldog,runetotem,758,druid,balance,12,8,4
8925,Jashyd,tichondrius,758,druid,balance,15,9,6
8926,Boneheir,proudmoore,757,druid,balance,21,9,12
8927,Seethert,quelthalas,751,druid,balance,12,8,4
8928,Stormmantlé,moon-guard,735,druid,balance,17,8,9
8929,Outclone,tichondrius,734,druid,balance,10,9,1
8930,Outandy,quelthalas,727,druid,balance,17,8,9
8931,Druz,spirestone,703,druid,balance,11,8,3
8932,Jukebóx,stormrage,701,druid,balance,20,8,12
8933,Mooncry,wyrmrest-accord,700,druid,balance,26,9,17
8934,Alaskanimal,illidan,696,druid,balance,16,8,8
8935,Shiftness,nordrassil,679,druid,balance,11,8,3
8936,Tereeke,moon-guard,672,druid,balance,12,7,5
8937,Covidcarrier,thrall,672,druid,balance,12,7,5
8938,Donaldsr,area-52,672,druid,balance,12,7,5
8939,Eizruk,tichondrius,672,druid,balance,12,7,5
8940,Notsofat,deathwing,672,druid,balance,12,7,5
8941,Supriix,moon-guard,672,druid,balance,12,7,5
8942,Taysfriend,tichondrius,672,druid,balance,12,7,5
8943,Rongrong,kargath,672,druid,balance,12,7,5
8944,Hootiepie,hyjal,672,druid,balance,12,7,5
8945,Slickthick,sargeras,672,druid,balance,12,7,5
8946,Alteraim,thrall,672,druid,balance,12,7,5
8947,Nbnbnb,proudmoore,672,druid,balance,12,7,5
8948,Talinel,illidan,672,druid,balance,12,7,5
8949,Redscyclone,dalaran,672,druid,balance,12,7,5
8950,Zoonkin,tichondrius,672,druid,balance,12,7,5
8951,Straitbeast,tichondrius,672,druid,balance,12,7,5
8952,Stacker,malganis,672,druid,balance,12,7,5
8953,Bippygucci,tichondrius,672,druid,balance,12,7,5
8954,Riptin,kelthuzad,672,druid,balance,12,7,5
8955,Flapping,illidan,672,druid,balance,12,7,5
8956,Boomypower,dalaran,672,druid,balance,12,7,5
8957,Elithyra,area-52,672,druid,balance,12,7,5
8958,Saltkin,frostmourne,672,druid,balance,12,7,5
8959,Suedou,moon-guard,672,druid,balance,12,7,5
8960,Pantec,eredar,672,druid,balance,12,7,5
8961,Hyzah,tichondrius,672,druid,balance,12,7,5
8962,Fixxitfelix,sargeras,672,druid,balance,12,7,5
8963,Xioqt,chogall,672,druid,balance,12,7,5
8964,Omegablasted,tichondrius,672,druid,balance,12,7,5
8965,Céléstial,azralon,672,druid,balance,12,7,5
8966,Floofi,kelthuzad,672,druid,balance,12,7,5
8967,Pepperpawz,emerald-dream,672,druid,balance,12,7,5
8968,Martians,laughing-skull,672,druid,balance,12,7,5
8969,Wildllama,moon-guard,672,druid,balance,12,7,5
8970,Bronnasaurus,tichondrius,672,druid,balance,12,7,5
8971,Kickconvoke,sargeras,672,druid,balance,12,7,5
8972,Moonkiin,sargeras,672,druid,balance,12,7,5
8973,Lalalu,frostmourne,672,druid,balance,15,8,7
8974,Ginunaga,tichondrius,672,druid,balance,18,7,11
8975,Dooruid,tichondrius,672,druid,balance,18,7,11
8976,Sunspot,tichondrius,672,druid,balance,18,7,11
8977,Slaÿr,malganis,672,druid,balance,18,7,11
8978,Alastras,tichondrius,672,druid,balance,18,7,11
8979,Avbox,proudmoore,672,druid,balance,18,7,11
8980,Trashytrash,bleeding-hollow,672,druid,balance,18,7,11
8981,Dupaface,stormrage,672,druid,balance,18,7,11
8982,Dgas,tichondrius,671,druid,balance,12,7,5
8983,Trìckyz,tichondrius,671,druid,balance,12,7,5
8984,Tubemagnet,tichondrius,671,druid,balance,12,7,5
8985,Bvó,stormrage,671,druid,balance,12,7,5
8986,Stickyleavz,sargeras,671,druid,balance,12,7,5
8987,Coochi,sargeras,671,druid,balance,12,7,5
8988,Feathergun,ragnaros,671,druid,balance,12,7,5
8989,Ripx,khadgar,671,druid,balance,12,7,5
8990,Antagonist,burning-blade,671,druid,balance,12,7,5
8991,Dobidas,tichondrius,671,druid,balance,12,7,5
8992,Jazzmaster,barthilas,671,druid,balance,12,7,5
8993,Juicedkin,tichondrius,671,druid,balance,12,7,5
8994,Cashgame,malganis,671,druid,balance,12,7,5
8995,Longstory,bonechewer,671,druid,balance,12,7,5
8996,Catalytic,frostmourne,671,druid,balance,15,8,7
8997,Boomfire,thaurissan,671,druid,balance,15,8,7
8998,Starsurged,moon-guard,671,druid,balance,18,7,11
8999,Skêet,tichondrius,671,druid,balance,18,7,11
9000,Oakmont,darkspear,671,druid,balance,18,7,11
9001,Barkcheeks,area-52,671,druid,balance,18,7,11
9002,Dashio,lightnings-blade,671,druid,balance,18,7,11
9003,Ichangeabull,bleeding-hollow,671,druid,balance,18,7,11
9004,Dèrpin,thrall,671,druid,balance,27,8,19
9005,Rabbismang,area-52,671,druid,balance,24,7,17
9006,Traxxo,tichondrius,670,druid,balance,12,7,5
9007,Torhok,azralon,670,druid,balance,12,7,5
9008,Runhe,zuljin,670,druid,balance,12,7,5
9009,Budtender,moon-guard,670,druid,balance,12,7,5
9010,Chukksz,nerzhul,670,druid,balance,12,7,5
9011,Oâk,farstriders,670,druid,balance,12,7,5
9012,Nucleardruid,khadgar,670,druid,balance,18,7,11
9013,Teziq,sargeras,670,druid,balance,18,7,11
9014,Draden,moknathal,670,druid,balance,18,7,11
9015,Bruddanature,dawnbringer,670,druid,balance,24,7,17
9016,Eurotrance,frostmourne,669,druid,balance,12,7,5
9017,Aviendiana,thrall,669,druid,balance,12,7,5
9018,Flapjack,malganis,669,druid,balance,18,7,11
9019,Hpcorrection,bleeding-hollow,669,druid,balance,18,7,11
9020,Onecalf,tichondrius,668,druid,balance,12,7,5
9021,Manglehornn,dalaran,668,druid,balance,14,7,7
9022,Wresty,frostmourne,667,druid,balance,12,7,5
9023,Ganh,demon-soul,667,druid,balance,12,7,5
9024,Boatox,jubeithos,666,druid,balance,24,7,17
9025,Krunge,frostwolf,665,druid,balance,12,7,5
9026,Coqeh,frostwolf,664,druid,balance,12,7,5
9027,Beammz,stormrage,664,druid,balance,15,8,7
9028,Pao,nordrassil,664,druid,balance,18,7,11
9029,Sennur,kelthuzad,663,druid,balance,12,7,5
9030,Kångåwalafox,sargeras,663,druid,balance,12,7,5
9031,Nazrelar,ragnaros,663,druid,balance,26,10,16
9032,Meiling,spirestone,659,druid,balance,12,7,5
9033,Abzuri,kiljaeden,655,druid,balance,15,8,7
9034,Convoken,tichondrius,639,druid,balance,17,7,10
9035,Spacéchicken,stormrage,638,druid,balance,10,8,2
9036,Tumblr,terenas,624,druid,balance,9,7,2
9037,Desiration,area-52,624,druid,balance,15,7,8
9038,Neurologist,tichondrius,623,druid,balance,11,7,4
9039,Arescarriess,shuhalo,622,druid,balance,17,7,10
9040,Marakar,nazjatar,622,druid,balance,17,7,10
9041,Gutanamo,stormrage,620,druid,balance,14,8,6
9042,Chankletta,quelthalas,618,druid,balance,18,8,10
9043,Warberton,moon-guard,616,druid,balance,15,7,8
9044,Zalothianx,thrall,608,druid,balance,16,7,9
9045,Lawnkin,dalaran,608,druid,balance,16,7,9
9046,Murkdruid,frostmourne,607,druid,balance,14,7,7
9047,Feldstarx,stormrage,607,druid,balance,14,7,7
9048,Bleedsxd,tichondrius,606,druid,balance,14,7,7
9049,Lunnæ,ragnaros,595,druid,balance,14,7,7
9050,Razzldazzle,thrall,590,druid,balance,13,7,6
9051,Ory,illidan,576,druid,balance,6,6,0
9052,Prev,arathor,576,druid,balance,6,6,0
9053,Mittns,arthas,576,druid,balance,6,6,0
9054,Starsùrge,moon-guard,576,druid,balance,6,6,0
9055,Cattpiss,tichondrius,576,druid,balance,6,6,0
9056,Nardwaur,tichondrius,576,druid,balance,6,6,0
9057,Claws,elune,576,druid,balance,6,6,0
9058,Theshy,tanaris,576,druid,balance,6,6,0
9059,Animatronz,area-52,576,druid,balance,6,6,0
9060,Shiftzy,thrall,576,druid,balance,6,6,0
9061,Juìcedbro,illidan,576,druid,balance,6,6,0
9062,Trynayeet,area-52,576,druid,balance,6,6,0
9063,Starship,frostmourne,576,druid,balance,6,6,0
9064,Joux,barthilas,576,druid,balance,12,6,6
9065,Zaaduu,tichondrius,576,druid,balance,12,6,6
9066,Scykin,stormrage,576,druid,balance,12,6,6
9067,Grayfan,malganis,576,druid,balance,12,6,6
9068,Bar,stormrage,576,druid,balance,12,6,6
9069,Dalaverrunis,tichondrius,576,druid,balance,12,6,6
9070,Formz,nagrand,576,druid,balance,12,6,6
9071,Bamfferal,tichondrius,576,druid,balance,12,6,6
9072,Shyn,goldrinn,576,druid,balance,12,6,6
9073,Juqzy,area-52,576,druid,balance,12,6,6
9074,Jmackd,frostmourne,576,druid,balance,12,6,6
9075,Polyproof,emerald-dream,576,druid,balance,12,6,6
9076,Jamuestus,illidan,576,druid,balance,12,6,6
9077,Birdmandaddy,bleeding-hollow,576,druid,balance,12,6,6
9078,Jacknit,illidan,576,druid,balance,12,6,6
9079,Tylërðûrðên,sargeras,576,druid,balance,12,6,6
9080,Dazedru,stormrage,576,druid,balance,12,6,6
9081,Fixn,tichondrius,576,druid,balance,12,6,6
9082,Nature,haomarush,576,druid,balance,12,6,6
9083,Gigathicc,malganis,576,druid,balance,12,6,6
9084,Pincho,hyjal,576,druid,balance,12,6,6
9085,Brocooli,tichondrius,576,druid,balance,12,6,6
9086,Kitem,tichondrius,576,druid,balance,12,6,6
9087,Lolimatree,proudmoore,576,druid,balance,12,6,6
9088,Skydín,stormrage,576,druid,balance,12,6,6
9089,Gâlaxy,sargeras,576,druid,balance,12,6,6
9090,Chickenaeg,stormrage,576,druid,balance,12,6,6
9091,Hudalu,wyrmrest-accord,576,druid,balance,12,6,6
9092,Reconus,frostmourne,576,druid,balance,12,6,6
9093,Prebark,sargeras,576,druid,balance,12,6,6
9094,Exiledruid,area-52,576,druid,balance,12,6,6
9095,Peteybears,stormrage,576,druid,balance,12,6,6
9096,Loadstar,burning-blade,576,druid,balance,12,6,6
9097,Ggae,tichondrius,576,druid,balance,12,6,6
9098,Maidah,malganis,576,druid,balance,12,6,6
9099,Nerfdemo,kiljaeden,576,druid,balance,12,6,6
9100,Fungamezx,bleeding-hollow,576,druid,balance,12,6,6
9101,Shwìftmend,area-52,576,druid,balance,12,6,6
9102,Drulicious,tichondrius,576,druid,balance,12,6,6
9103,Wyldfire,azjolnerub,576,druid,balance,12,6,6
9104,Nýla,stormrage,576,druid,balance,12,6,6
9105,Celetra,kiljaeden,576,druid,balance,12,6,6
9106,Iefts,stormrage,576,druid,balance,12,6,6
9107,Cantheal,frostmourne,576,druid,balance,12,6,6
9108,Runforest,tichondrius,576,druid,balance,12,6,6
9109,Tone,illidan,576,druid,balance,12,6,6
9110,Treehard,malganis,576,druid,balance,12,6,6
9111,Swapclone,sargeras,576,druid,balance,12,6,6
9112,Wondercat,illidan,576,druid,balance,12,6,6
9113,Zgg,ragnaros,576,druid,balance,12,6,6
9114,Beomjun,tichondrius,576,druid,balance,12,6,6
9115,Notpodruida,tichondrius,576,druid,balance,13,6,7
9116,Sample,dark-iron,576,druid,balance,18,6,12
9117,Gåiâ,malganis,576,druid,balance,18,6,12
9118,Longnus,stormrage,576,druid,balance,18,6,12
9119,Drphilsmith,moon-guard,576,druid,balance,18,6,12
9120,Faletra,eitrigg,576,druid,balance,18,6,12
9121,Sooey,wyrmrest-accord,576,druid,balance,18,6,12
9122,Packinmeat,tichondrius,576,druid,balance,18,6,12
9123,Proudmom,barthilas,576,druid,balance,18,6,12
9124,Droodad,mannoroth,576,druid,balance,18,6,12
9125,Doomky,area-52,576,druid,balance,18,6,12
9126,Zieda,sisters-of-elune,575,druid,balance,12,6,6
9127,Goldzin,stormrage,575,druid,balance,12,6,6
9128,Tariksha,sargeras,575,druid,balance,12,6,6
9129,Regnier,burning-blade,575,druid,balance,12,6,6
9130,Runarok,ragnaros,575,druid,balance,12,6,6
9131,Miçangak,azralon,575,druid,balance,12,6,6
9132,Ebichu,fenris,575,druid,balance,12,6,6
9133,Chodkiewicz,echo-isles,575,druid,balance,12,6,6
9134,Emolia,amanthul,575,druid,balance,12,6,6
9135,Guybranch,illidan,575,druid,balance,12,6,6
9136,Dibinha,azralon,575,druid,balance,12,6,6
9137,Tiju,wyrmrest-accord,575,druid,balance,18,6,12
9138,Ahruan,stormrage,575,druid,balance,18,6,12
9139,Einraedon,dalaran,575,druid,balance,18,6,12
9140,Sokodruid,tichondrius,575,druid,balance,18,6,12
9141,Samelthios,proudmoore,575,druid,balance,20,6,14
9142,Dradugun,hyjal,574,druid,balance,12,6,6
9143,Painsbrook,thrall,574,druid,balance,12,6,6
9144,Rosalba,zuljin,574,druid,balance,12,6,6
9145,Quagsire,moon-guard,574,druid,balance,18,6,12
9146,Xinnii,illidan,573,druid,balance,18,7,11
9147,Proñgs,tichondrius,566,druid,balance,12,6,6
9148,Matock,malganis,543,druid,balance,11,6,5
9149,Casaran,anetheron,543,druid,balance,11,6,5
9150,Hchhi,ragnaros,543,druid,balance,14,7,7
9151,Boufa,dentarg,527,druid,balance,9,7,2
9152,Guron,aegwynn,526,druid,balance,27,6,21
9153,Imhealer,drakkari,522,druid,balance,17,8,9
9154,Velais,exodar,512,druid,balance,22,6,16
9155,Gemineye,stormrage,511,druid,balance,11,6,5
9156,Istayfrawsty,darkspear,511,druid,balance,14,6,8
9157,Tulkan,kelthuzad,508,druid,balance,15,7,8
9158,Rank,nerzhul,496,druid,balance,13,6,7
9159,Beestwithin,illidan,480,druid,balance,6,5,1
9160,Tinwhiskerz,bleeding-hollow,480,druid,balance,6,5,1
9161,ßælot,quelthalas,480,druid,balance,6,5,1
9162,Smitebacklol,tichondrius,480,druid,balance,6,5,1
9163,Dtefy,ragnaros,480,druid,balance,6,5,1
9164,Løk,sargeras,480,druid,balance,6,5,1
9165,Oo,grizzly-hills,480,druid,balance,6,5,1
9166,Prøspect,moon-guard,480,druid,balance,6,5,1
9167,Grymdruid,wyrmrest-accord,480,druid,balance,6,5,1
9168,Galadon,tichondrius,480,druid,balance,6,5,1
9169,Blàtté,zuljin,480,druid,balance,6,5,1
9170,Chillaxin,gundrak,480,druid,balance,6,5,1
9171,Swergz,tichondrius,480,druid,balance,6,5,1
9172,Daroot,spinebreaker,480,druid,balance,6,5,1
9173,Hooffy,emerald-dream,480,druid,balance,6,5,1
9174,Fidgy,tichondrius,480,druid,balance,6,5,1
9175,Ragiix,tichondrius,480,druid,balance,6,5,1
9176,Yurself,feathermoon,480,druid,balance,6,5,1
9177,Yokux,thunderlord,480,druid,balance,6,5,1
9178,Simperella,dalaran,480,druid,balance,6,5,1
9179,Guår,tichondrius,480,druid,balance,6,5,1
9180,Aoewynn,nerzhul,480,druid,balance,6,5,1
9181,Alindrä,moon-guard,480,druid,balance,6,5,1
9182,Dojacat,tichondrius,480,druid,balance,6,5,1
9183,Joink,sargeras,480,druid,balance,6,5,1
9184,Iconicxz,malganis,480,druid,balance,6,5,1
9185,Mithroi,tichondrius,480,druid,balance,6,5,1
9186,Zoomchicken,stormrage,480,druid,balance,6,5,1
9187,Sandriuzs,nemesis,480,druid,balance,6,5,1
9188,Arwëna,tichondrius,480,druid,balance,6,5,1
9189,Rowdie,area-52,480,druid,balance,6,5,1
9190,Rastakant,malganis,480,druid,balance,6,5,1
9191,Crazystarz,frostmourne,480,druid,balance,6,5,1
9192,Psychosocîal,kiljaeden,480,druid,balance,6,5,1
9193,Fattdiabetic,tichondrius,480,druid,balance,6,5,1
9194,Ulfaar,frostmourne,480,druid,balance,6,5,1
9195,Canuatemyrat,tichondrius,480,druid,balance,6,5,1
9196,Moonlitgrove,silvermoon,480,druid,balance,6,5,1
9197,Coramoor,mannoroth,480,druid,balance,6,5,1
9198,Hännibal,hydraxis,480,druid,balance,6,5,1
9199,Ilovebutter,illidan,480,druid,balance,6,5,1
9200,Megåtron,kelthuzad,480,druid,balance,6,5,1
9201,Horizøns,gorefiend,480,druid,balance,6,5,1
9202,Nephsis,kelthuzad,480,druid,balance,6,5,1
9203,Shadowformer,kelthuzad,480,druid,balance,9,6,3
9204,Nodeathz,sargeras,480,druid,balance,10,6,4
9205,Cloninglol,darkspear,480,druid,balance,12,5,7
9206,Bigtammy,moon-guard,480,druid,balance,12,5,7
9207,Stratego,drenden,480,druid,balance,12,5,7
9208,Bubblybear,winterhoof,480,druid,balance,12,5,7
9209,Drufasä,sargeras,480,druid,balance,12,5,7
9210,Môistman,tichondrius,480,druid,balance,12,5,7
9211,Bullquenepas,dalaran,480,druid,balance,12,5,7
9212,Ellysian,malganis,480,druid,balance,12,5,7
9213,Ragerag,trollbane,480,druid,balance,12,5,7
9214,Trippykitty,tichondrius,480,druid,balance,12,5,7
9215,Ripter,moon-guard,480,druid,balance,12,5,7
9216,Saucyy,malganis,480,druid,balance,12,5,7
9217,Fakechower,stormreaver,480,druid,balance,12,5,7
9218,Veganmom,zuluhed,480,druid,balance,12,5,7
9219,Psycloned,undermine,480,druid,balance,12,5,7
9220,Sharkfighter,sargeras,480,druid,balance,12,5,7
9221,Ornaaga,blackrock,480,druid,balance,12,5,7
9222,Phatpat,illidan,480,druid,balance,12,5,7
9223,Milkmoneymeo,illidan,480,druid,balance,12,5,7
9224,Vèrsusapp,thrall,480,druid,balance,12,5,7
9225,Verdagris,skullcrusher,480,druid,balance,12,5,7
9226,Deergut,illidan,480,druid,balance,12,5,7
9227,Zuga,the-venture-co,480,druid,balance,12,5,7
9228,Voelcan,tichondrius,480,druid,balance,12,5,7
9229,Salanzô,bleeding-hollow,480,druid,balance,12,5,7
9230,Stumphugger,tichondrius,480,druid,balance,12,5,7
9231,Cynderellaa,proudmoore,480,druid,balance,12,5,7
9232,Paintlicker,emerald-dream,480,druid,balance,12,5,7
9233,Tugboat,saurfang,480,druid,balance,12,5,7
9234,Cassatopia,zuljin,480,druid,balance,12,5,7
9235,Bigdaddyferg,illidan,480,druid,balance,12,5,7
9236,Sodacream,illidan,480,druid,balance,12,5,7
9237,Beastin,queldorei,480,druid,balance,12,5,7
9238,Havócdh,tichondrius,480,druid,balance,12,5,7
9239,Zimah,illidan,480,druid,balance,12,5,7
9240,Bearwithit,sargeras,480,druid,balance,12,5,7
9241,Nöches,quelthalas,480,druid,balance,12,5,7
9242,Trenboloone,area-52,480,druid,balance,12,5,7
9243,Dsoul,tichondrius,480,druid,balance,12,5,7
9244,Yoshinorii,tichondrius,480,druid,balance,12,5,7
9245,Hream,echo-isles,480,druid,balance,12,5,7
9246,Lickmypaws,sargeras,480,druid,balance,12,5,7
9247,Redness,daggerspine,480,druid,balance,12,5,7
9248,Kushkilla,malganis,480,druid,balance,12,5,7
9249,Coomlauncher,area-52,480,druid,balance,16,6,10
9250,Boomiè,tichondrius,480,druid,balance,18,5,13
9251,Dobrman,sargeras,480,druid,balance,18,5,13
9252,Chillygraves,stormrage,480,druid,balance,18,5,13
9253,Tuppyboom,barthilas,480,druid,balance,24,5,19
9254,Wtfiisthis,tichondrius,479,druid,balance,6,5,1
9255,Bwokhanji,proudmoore,479,druid,balance,12,5,7
9256,Raknary,kelthuzad,479,druid,balance,12,5,7
9257,Smhyle,frostmourne,479,druid,balance,12,5,7
9258,Fourthkind,illidan,479,druid,balance,12,5,7
9259,Damallis,anubarak,479,druid,balance,12,5,7
9260,Palermo,aerie-peak,479,druid,balance,12,5,7
9261,Angelbigbutt,borean-tundra,479,druid,balance,12,5,7
9262,Morphntime,blackrock,479,druid,balance,18,5,13
9263,Loggoruk,illidan,479,druid,balance,18,5,13
9264,Mantis,the-underbog,478,druid,balance,12,5,7
9265,Sunneater,azuremyst,478,druid,balance,12,5,7
9266,Wardruidkvn,stormreaver,474,druid,balance,35,5,30
9267,Formgodx,malganis,448,druid,balance,16,5,11
9268,Bearcathawk,sargeras,447,druid,balance,11,5,6
9269,Kyuub,barthilas,446,druid,balance,11,5,6
9270,Simeron,silvermoon,431,druid,balance,11,5,6
9271,Féralis,sargeras,431,druid,balance,11,5,6
9272,Versena,moon-guard,426,druid,balance,15,6,9
9273,Theriomorph,barthilas,424,druid,balance,28,6,22
9274,Feond,illidan,416,druid,balance,10,5,5
9275,Sneakichode,tichondrius,415,druid,balance,8,5,3
9276,Thebruiser,baelgun,415,druid,balance,14,5,9
9277,Haallanna,thunderlord,412,druid,balance,10,5,5
9278,Gigajuiced,proudmoore,400,druid,balance,7,5,2
9279,Äbÿss,tichondrius,400,druid,balance,7,5,2
9280,Altha,proudmoore,400,druid,balance,13,5,8
9281,Nevershiftx,kirin-tor,384,druid,balance,6,4,2
9282,Boomtre,malganis,384,druid,balance,6,4,2
9283,Kkamagwi,illidan,384,druid,balance,6,4,2
9284,Upps,kelthuzad,384,druid,balance,6,4,2
9285,Medsurgdruid,emerald-dream,384,druid,balance,6,4,2
9286,Oldcreg,emerald-dream,384,druid,balance,6,4,2
9287,Spèèdy,illidan,384,druid,balance,6,4,2
9288,Kiwidru,frostmourne,384,druid,balance,6,4,2
9289,Bäldir,dalaran,384,druid,balance,6,4,2
9290,Bearlylegál,sargeras,384,druid,balance,6,4,2
9291,Nicklul,llane,384,druid,balance,6,4,2
9292,Fuzzytaco,stormrage,384,druid,balance,6,4,2
9293,Mcdizzil,bloodscalp,384,druid,balance,6,4,2
9294,Cujjoh,tichondrius,384,druid,balance,6,4,2
9295,Withwind,dalaran,384,druid,balance,6,4,2
9296,Shinazugawa,maiev,384,druid,balance,6,4,2
9297,Küb,sargeras,384,druid,balance,6,4,2
9298,Socknsandals,tichondrius,384,druid,balance,6,4,2
9299,Còry,kiljaeden,384,druid,balance,6,4,2
9300,Nightshift,dalvengyr,384,druid,balance,6,4,2
9301,Tankyguy,ragnaros,384,druid,balance,6,4,2
9302,Elonmuskirl,illidan,384,druid,balance,6,4,2
9303,Kunigami,malganis,384,druid,balance,6,4,2
9304,Duo,demon-soul,384,druid,balance,6,4,2
9305,Joiczar,maelstrom,384,druid,balance,6,4,2
9306,Söökie,tichondrius,384,druid,balance,6,4,2
9307,Korlstone,zuljin,384,druid,balance,6,4,2
9308,Anamoorphicc,kelthuzad,384,druid,balance,6,4,2
9309,Givemethatcr,tichondrius,384,druid,balance,6,4,2
9310,Gønkh,quelthalas,384,druid,balance,6,4,2
9311,Gameisass,illidan,384,druid,balance,6,4,2
9312,Ðrood,bleeding-hollow,384,druid,balance,6,4,2
9313,Selfplay,barthilas,384,druid,balance,6,4,2
9314,Yoshí,emerald-dream,384,druid,balance,6,4,2
9315,Splintered,kelthuzad,384,druid,balance,6,4,2
9316,Matinee,tichondrius,384,druid,balance,6,4,2
9317,Lunchßox,emerald-dream,384,druid,balance,6,4,2
9318,Germainee,shandris,384,druid,balance,6,4,2
9319,Critkatbear,detheroc,384,druid,balance,6,4,2
9320,Zxve,stormrage,384,druid,balance,6,4,2
9321,Clawyou,illidan,384,druid,balance,6,4,2
9322,Hbf,tichondrius,384,druid,balance,6,4,2
9323,Mmbessa,tichondrius,384,druid,balance,6,4,2
9324,Drmnheal,frostmourne,384,druid,balance,6,4,2
9325,Seekamp,khazgoroth,384,druid,balance,6,4,2
9326,Déi,malganis,384,druid,balance,6,4,2
9327,Blams,stormrage,384,druid,balance,6,4,2
9328,Kiddohhz,tichondrius,384,druid,balance,6,4,2
9329,Nidalie,frostmourne,384,druid,balance,6,4,2
9330,Nicenature,gilneas,384,druid,balance,6,4,2
9331,Cleppy,korgath,384,druid,balance,6,4,2
9332,Sethfurian,magtheridon,384,druid,balance,6,4,2
9333,Jherdugo,durotan,384,druid,balance,6,4,2
9334,Bäyter,tichondrius,384,druid,balance,6,4,2
9335,Daddyfresh,ursin,384,druid,balance,6,4,2
9336,Somarythe,moon-guard,384,druid,balance,6,4,2
9337,Twostars,thrall,384,druid,balance,6,4,2
9338,Dokasaurus,lightbringer,384,druid,balance,6,4,2
9339,Notadopted,sargeras,384,druid,balance,6,4,2
9340,Luvgames,area-52,384,druid,balance,6,4,2
9341,Shînx,malganis,384,druid,balance,6,4,2
9342,Sappyroots,area-52,384,druid,balance,6,4,2
9343,Tinishaker,ragnaros,384,druid,balance,6,4,2
9344,Kornobluss,azralon,384,druid,balance,6,4,2
9345,Qyuka,area-52,384,druid,balance,6,4,2
9346,Oscillater,illidan,384,druid,balance,6,4,2
9347,Deelark,skywall,384,druid,balance,6,4,2
9348,Lukass,tichondrius,384,druid,balance,6,4,2
9349,Boomkinbob,malganis,384,druid,balance,6,4,2
9350,Iloveweed,tichondrius,384,druid,balance,6,4,2
9351,Trogshift,blackrock,384,druid,balance,6,4,2
9352,Balancz,thrall,384,druid,balance,10,5,5
9353,Tasselhoof,hyjal,384,druid,balance,12,4,8
9354,Amaryllis,the-underbog,384,druid,balance,12,4,8
9355,Omnipaw,kelthuzad,384,druid,balance,12,4,8
9356,Slottpocket,malganis,384,druid,balance,12,4,8
9357,Aesthetical,frostmourne,384,druid,balance,12,4,8
9358,Bowlpacka,malganis,384,druid,balance,12,4,8
9359,Aexs,kelthuzad,384,druid,balance,12,4,8
9360,Lilrichdps,sargeras,384,druid,balance,12,4,8
9361,Stormclaw,elune,384,druid,balance,12,4,8
9362,Blipshift,tichondrius,384,druid,balance,12,4,8
9363,Dweralin,nemesis,384,druid,balance,12,4,8
9364,Sinistuhd,tichondrius,384,druid,balance,12,4,8
9365,Bignosecow,illidan,384,druid,balance,12,4,8
9366,Veyrønn,stormrage,384,druid,balance,12,4,8
9367,Uckin,bleeding-hollow,384,druid,balance,12,4,8
9368,Altius,drakkari,384,druid,balance,12,4,8
9369,Winmax,tichondrius,384,druid,balance,12,4,8
9370,Zenowl,turalyon,384,druid,balance,12,4,8
9371,Simo,kaelthas,384,druid,balance,12,4,8
9372,Wintarz,sargeras,384,druid,balance,12,4,8
9373,Donti,laughing-skull,384,druid,balance,12,4,8
9374,Lutein,tichondrius,384,druid,balance,12,4,8
9375,Jakermans,area-52,384,druid,balance,12,4,8
9376,Purrfessor,proudmoore,384,druid,balance,12,4,8
9377,Bigsmurph,illidan,384,druid,balance,12,4,8
9378,Alexserina,dalaran,384,druid,balance,12,4,8
9379,Necromos,argent-dawn,384,druid,balance,12,4,8
9380,Sorh,stormrage,384,druid,balance,12,4,8
9381,Shinoßi,area-52,384,druid,balance,12,4,8
9382,Vashida,stormrage,384,druid,balance,12,4,8
9383,Dirtytiger,sargeras,384,druid,balance,12,4,8
9384,Menlove,area-52,384,druid,balance,12,4,8
9385,Maular,jubeithos,384,druid,balance,18,4,14
9386,Spatulas,malganis,384,druid,balance,18,4,14
9387,Katdog,warsong,384,druid,balance,18,4,14
9388,Kukulkann,tichondrius,383,druid,balance,6,4,2
9389,Donokokiya,destromath,383,druid,balance,6,4,2
9390,Aessinawisp,frostmourne,383,druid,balance,6,4,2
9391,Thiccybear,darkspear,383,druid,balance,6,4,2
9392,Papitank,drakkari,383,druid,balance,6,4,2
9393,Nahlem,greymane,383,druid,balance,6,4,2
9394,Kornaz,guldan,383,druid,balance,6,4,2
9395,Xisloko,azralon,383,druid,balance,6,4,2
9396,Chatdôux,zuljin,383,druid,balance,6,4,2
9397,Tyrana,bloodscalp,383,druid,balance,6,4,2
9398,Balthøs,moon-guard,383,druid,balance,6,4,2
9399,Skke,barthilas,383,druid,balance,12,4,8
9400,Scienttific,malganis,383,druid,balance,12,4,8
9401,Tïcks,illidan,383,druid,balance,12,4,8
9402,Pãl,quelthalas,383,druid,balance,12,4,8
9403,Nukaboom,elune,382,druid,balance,6,4,2
9404,Boomanon,illidan,382,druid,balance,6,4,2
9405,Psychoboomi,bleeding-hollow,382,druid,balance,6,4,2
9406,Korduroi,malygos,380,druid,balance,12,4,8
9407,Meowfacebby,stormrage,367,druid,balance,11,4,7
9408,Teladrizzle,dalaran,351,druid,balance,11,4,7
9409,Rahdek,azgalor,330,druid,balance,7,5,2
9410,Kimnim,tichondrius,330,druid,balance,9,6,3
9411,Ihjx,sargeras,330,druid,balance,11,6,5
9412,Yangrou,tichondrius,330,druid,balance,11,5,6
9413,Tugond,tichondrius,330,druid,balance,22,5,17
9414,Mythianan,aggramar,328,druid,balance,10,7,3
9415,Raquelíta,stormrage,319,druid,balance,5,4,1
9416,Tehnklox,malorne,319,druid,balance,5,4,1
9417,Riddickd,malfurion,288,druid,balance,11,6,5
9418,Rhorr,frostmourne,288,druid,balance,6,3,3
9419,Cdrü,illidan,288,druid,balance,6,3,3
9420,Bleedum,guldan,288,druid,balance,6,3,3
9421,Azoth,hyjal,288,druid,balance,6,3,3
9422,Cronosphere,stormrage,288,druid,balance,6,3,3
9423,Rúdo,quelthalas,288,druid,balance,6,3,3
9424,Aroxus,tichondrius,288,druid,balance,6,3,3
9425,Koreanboom,tichondrius,288,druid,balance,6,3,3
9426,Jayroneowo,frostmourne,288,druid,balance,6,3,3
9427,Ménd,thrall,288,druid,balance,6,3,3
9428,Endingitall,illidan,288,druid,balance,6,3,3
9429,Shalaz,magtheridon,288,druid,balance,6,3,3
9430,Taztoc,stormrage,288,druid,balance,6,3,3
9431,Vykarux,suramar,288,druid,balance,6,3,3
9432,Alleae,stormrage,288,druid,balance,6,3,3
9433,Sodapoopins,stormrage,288,druid,balance,6,3,3
9434,Pergutory,frostmourne,288,druid,balance,6,3,3
9435,Delrin,garona,288,druid,balance,6,3,3
9436,Fauck,illidan,288,druid,balance,6,3,3
9437,Alcorria,area-52,288,druid,balance,6,3,3
9438,Celestialife,frostmourne,288,druid,balance,6,3,3
9439,Shaftomatic,tichondrius,288,druid,balance,6,3,3
9440,Laazz,area-52,288,druid,balance,6,3,3
9441,Dsavart,stormrage,288,druid,balance,6,3,3
9442,Cutely,tichondrius,288,druid,balance,6,3,3
9443,Sypìí,stormrage,288,druid,balance,6,3,3
9444,Teribad,area-52,288,druid,balance,6,3,3
9445,Astería,sentinels,288,druid,balance,6,3,3
9446,Noheárt,kelthuzad,288,druid,balance,6,3,3
9447,Hallwanted,area-52,288,druid,balance,6,3,3
9448,Helpmeimbad,stormrage,288,druid,balance,6,3,3
9449,Deimos,jubeithos,288,druid,balance,6,3,3
9450,Levelboostx,tichondrius,288,druid,balance,6,3,3
9451,Jyuaiai,tichondrius,288,druid,balance,6,3,3
9452,Ferar,frostmourne,288,druid,balance,6,3,3
9453,Guidoanchovz,thrall,288,druid,balance,6,3,3
9454,Silynce,tichondrius,288,druid,balance,6,3,3
9455,Loraxx,bleeding-hollow,288,druid,balance,6,3,3
9456,Jabawockdeez,area-52,288,druid,balance,6,3,3
9457,Brodinmmx,bleeding-hollow,288,druid,balance,6,3,3
9458,Thumpb,bronzebeard,288,druid,balance,6,3,3
9459,Sáwá,frostmourne,288,druid,balance,6,3,3
9460,Çãñçèr,frostmourne,288,druid,balance,6,3,3
9461,Cbark,ravencrest,288,druid,balance,6,3,3
9462,Bridgerén,tichondrius,288,druid,balance,6,3,3
9463,Haaha,area-52,288,druid,balance,6,3,3
9464,Ÿùp,tichondrius,288,druid,balance,6,3,3
9465,Bearys,area-52,288,druid,balance,6,3,3
9466,Loren,gorefiend,288,druid,balance,6,3,3
9467,Tsochickenn,bleeding-hollow,288,druid,balance,6,3,3
9468,Waiv,area-52,288,druid,balance,6,3,3
9469,Ðeepsixx,burning-legion,288,druid,balance,6,3,3
9470,Icefang,tichondrius,288,druid,balance,6,3,3
9471,Voodoopipe,tichondrius,288,druid,balance,6,3,3
9472,Bhíkkhu,stormrage,288,druid,balance,6,3,3
9473,Iploopedyogf,bleeding-hollow,288,druid,balance,6,3,3
9474,Leafthief,whisperwind,288,druid,balance,6,3,3
9475,Druidma,aegwynn,288,druid,balance,6,3,3
9476,Nutbutterpie,stormrage,288,druid,balance,6,3,3
9477,Tabbo,uther,288,druid,balance,6,3,3
9478,Kalalana,illidan,288,druid,balance,6,3,3
9479,Fengfeidruid,illidan,288,druid,balance,6,3,3
9480,Jxred,illidan,288,druid,balance,6,3,3
9481,Teddybëar,illidan,288,druid,balance,6,3,3
9482,Deathprofit,thrall,288,druid,balance,6,3,3
9483,Mar,misha,288,druid,balance,6,3,3
9484,Jerm,coilfang,288,druid,balance,6,3,3
9485,Healthycow,illidan,288,druid,balance,6,3,3
9486,Jpylm,ysera,288,druid,balance,6,3,3
9487,Wuckfød,tichondrius,288,druid,balance,6,3,3
9488,Kî,thunderlord,288,druid,balance,6,3,3
9489,Nidalie,zuljin,288,druid,balance,6,3,3
9490,Rykudruid,azuremyst,288,druid,balance,6,3,3
9491,Papacard,stormrage,288,druid,balance,6,3,3
9492,Pawpa,daggerspine,288,druid,balance,6,3,3
9493,Kaldelar,emerald-dream,288,druid,balance,6,3,3
9494,Jammi,skywall,288,druid,balance,6,3,3
9495,Luuxia,tichondrius,288,druid,balance,6,3,3
9496,Beörne,sargeras,288,druid,balance,6,3,3
9497,Revitalize,shadowsong,288,druid,balance,6,3,3
9498,Targeted,sargeras,288,druid,balance,6,3,3
9499,Sodah,tichondrius,288,druid,balance,6,3,3
9500,Kyndel,kiljaeden,288,druid,balance,6,3,3
9501,Silkyroad,tichondrius,288,druid,balance,6,3,3
9502,Wp,proudmoore,288,druid,balance,6,3,3
9503,Akiza,sargeras,288,druid,balance,6,3,3
9504,Spooser,proudmoore,288,druid,balance,6,3,3
9505,Slütcakes,tichondrius,288,druid,balance,6,3,3
9506,Dauncy,sargeras,288,druid,balance,6,3,3
9507,Besto,moon-guard,288,druid,balance,6,3,3
9508,Druidnim,tichondrius,288,druid,balance,6,3,3
9509,Crotchlicker,bloodscalp,288,druid,balance,6,3,3
9510,Sylvanna,tichondrius,288,druid,balance,6,3,3
9511,Clubs,sargeras,288,druid,balance,6,3,3
9512,Ohsnapz,silvermoon,288,druid,balance,6,3,3
9513,Redwallon,emerald-dream,288,druid,balance,6,3,3
9514,Icastsmells,tichondrius,288,druid,balance,6,3,3
9515,Däll,tichondrius,288,druid,balance,6,3,3
9516,Kuaite,azralon,288,druid,balance,6,3,3
9517,Krittykitkat,chogall,288,druid,balance,9,4,5
9518,Vawdka,proudmoore,288,druid,balance,9,4,5
9519,Bigswaag,malganis,288,druid,balance,7,3,4
9520,Xail,hyjal,288,druid,balance,8,3,5
9521,Retsarehard,illidan,288,druid,balance,8,3,5
9522,Wreckingcrew,emerald-dream,288,druid,balance,8,3,5
9523,Alalletsa,destromath,288,druid,balance,12,3,9
9524,Mulgorer,tichondrius,288,druid,balance,12,3,9
9525,Mukay,stormrage,288,druid,balance,12,3,9
9526,Nintrus,nazjatar,288,druid,balance,12,3,9
9527,Nightnes,sargeras,288,druid,balance,12,3,9
9528,Jalapenoz,wyrmrest-accord,288,druid,balance,12,3,9
9529,Uezzon,tol-barad,288,druid,balance,12,3,9
9530,Xalstarrot,sargeras,288,druid,balance,12,3,9
9531,Scythé,stormrage,288,druid,balance,12,3,9
9532,Gilgorash,kiljaeden,288,druid,balance,12,3,9
9533,Drchronic,boulderfist,288,druid,balance,12,3,9
9534,Cêania,moon-guard,288,druid,balance,12,3,9
9535,Teyollocuani,sargeras,288,druid,balance,12,3,9
9536,Koan,proudmoore,288,druid,balance,12,3,9
9537,Plye,korgath,288,druid,balance,12,3,9
9538,Runestar,malganis,288,druid,balance,12,3,9
9539,Machinex,illidan,288,druid,balance,12,3,9
9540,Meowzedon,sargeras,288,druid,balance,12,3,9
9541,Evarene,vashj,288,druid,balance,12,3,9
9542,Hottiecake,bronzebeard,288,druid,balance,12,3,9
9543,Plopperoo,caelestrasz,288,druid,balance,12,3,9
9544,Loathe,korialstrasz,288,druid,balance,12,3,9
9545,Mørphea,darkspear,288,druid,balance,12,3,9
9546,Davelombardo,tichondrius,288,druid,balance,12,3,9
9547,Edinhalfhorn,bonechewer,288,druid,balance,12,3,9
9548,Feyrien,dalaran,288,druid,balance,12,3,9
9549,Killersilent,quelthalas,288,druid,balance,18,3,15
9550,Johnee,barthilas,287,druid,balance,6,3,3
9551,Wweegyy,tichondrius,287,druid,balance,6,3,3
9552,Guston,lightbringer,287,druid,balance,6,3,3
9553,Ravii,nemesis,287,druid,balance,6,3,3
9554,Kniitvekitta,jubeithos,287,druid,balance,6,3,3
9555,Wiseoldman,jubeithos,286,druid,balance,6,3,3
9556,Dainerysz,proudmoore,286,druid,balance,6,3,3
9557,Biig,stormreaver,275,druid,balance,11,9,2
9558,Clownprince,barthilas,256,druid,balance,10,3,7
9559,Minxminx,moon-guard,256,druid,balance,10,3,7
9560,Vollzar,sargeras,255,druid,balance,11,3,8
9561,Oddclaw,stormrage,239,druid,balance,5,3,2
9562,Bigtoeess,tichondrius,239,druid,balance,5,3,2
9563,Corym,frostmourne,239,druid,balance,11,3,8
9564,Gorfrog,tichondrius,234,druid,balance,9,4,5
9565,Mclarenz,frostmourne,223,druid,balance,8,3,5
9566,Variandruid,kelthuzad,223,druid,balance,8,3,5
9567,Jazzman,jubeithos,223,druid,balance,14,3,11
9568,Flummoz,frostmourne,192,druid,balance,4,3,1
9569,Niwßor,azralon,192,druid,balance,10,4,6
9570,Meowed,sargeras,192,druid,balance,6,2,4
9571,Spicyorange,dalaran,192,druid,balance,6,2,4
9572,Tansdruid,area-52,192,druid,balance,6,2,4
9573,Hoptimus,zuljin,192,druid,balance,6,2,4
9574,Cérus,barthilas,192,druid,balance,6,2,4
9575,Hellabanx,tichondrius,192,druid,balance,6,2,4
9576,Bubblebraìn,area-52,192,druid,balance,6,2,4
9577,Hasemilë,dalaran,192,druid,balance,6,2,4
9578,Crycloné,stormrage,192,druid,balance,6,2,4
9579,Injeckx,tichondrius,192,druid,balance,6,2,4
9580,Mòónwhisper,moon-guard,192,druid,balance,6,2,4
9581,Centauri,shandris,192,druid,balance,6,2,4
9582,Hzu,kelthuzad,192,druid,balance,6,2,4
9583,Nokitty,tichondrius,192,druid,balance,6,2,4
9584,Stones,lightbringer,192,druid,balance,6,2,4
9585,Isunami,emerald-dream,192,druid,balance,6,2,4
9586,Kimgurdian,tichondrius,192,druid,balance,6,2,4
9587,Glowstixz,tichondrius,192,druid,balance,6,2,4
9588,Dedgame,malfurion,192,druid,balance,6,2,4
9589,Outofreach,tichondrius,192,druid,balance,6,2,4
9590,Slavenhausen,azralon,192,druid,balance,6,2,4
9591,Xay,runetotem,192,druid,balance,6,2,4
9592,Bullwïnkle,uther,192,druid,balance,6,2,4
9593,Tp,dragonblight,192,druid,balance,6,2,4
9594,Cbreezyy,tichondrius,192,druid,balance,6,2,4
9595,Kångåwålafox,sargeras,192,druid,balance,6,2,4
9596,Potus,illidan,192,druid,balance,6,2,4
9597,Lindsanr,illidan,192,druid,balance,6,2,4
9598,Laymonath,elune,192,druid,balance,6,2,4
9599,Malcavelli,tichondrius,192,druid,balance,6,2,4
9600,Ganjácookies,stormrage,192,druid,balance,6,2,4
9601,Phatê,nerzhul,192,druid,balance,6,2,4
9602,Speaks,moon-guard,192,druid,balance,6,2,4
9603,Natureww,sargeras,192,druid,balance,6,2,4
9604,Blackchina,tichondrius,192,druid,balance,6,2,4
9605,Linful,tichondrius,192,druid,balance,6,2,4
9606,Explicít,sargeras,192,druid,balance,6,2,4
9607,Aprendíz,azralon,192,druid,balance,6,2,4
9608,Absentteeth,stormrage,192,druid,balance,6,2,4
9609,Zigh,azralon,192,druid,balance,6,2,4
9610,Boomtastik,frostmourne,192,druid,balance,6,2,4
9611,Saìyori,area-52,192,druid,balance,6,2,4
9612,Pawswap,tichondrius,192,druid,balance,6,2,4
9613,Jackdru,illidan,192,druid,balance,6,2,4
9614,Hagenws,azralon,192,druid,balance,6,2,4
9615,Totorostard,tichondrius,192,druid,balance,6,2,4
9616,Katherine,moon-guard,192,druid,balance,6,2,4
9617,Astroprof,bloodscalp,192,druid,balance,6,2,4
9618,Feorb,azuremyst,192,druid,balance,6,2,4
9619,Mäûled,fizzcrank,192,druid,balance,6,2,4
9620,Azshunara,moon-guard,192,druid,balance,6,2,4
9621,Sloppysheila,sargeras,192,druid,balance,6,2,4
9622,Satyrø,frostmourne,192,druid,balance,6,2,4
9623,Lilherb,azralon,192,druid,balance,6,2,4
9624,Enyu,sargeras,192,druid,balance,6,2,4
9625,Chèétøhz,moon-guard,192,druid,balance,6,2,4
9626,Kitsurumi,ragnaros,192,druid,balance,6,2,4
9627,Deadpoóll,area-52,192,druid,balance,6,2,4
9628,Skylightt,illidan,192,druid,balance,6,2,4
9629,Hawtzi,stormrage,192,druid,balance,6,2,4
9630,Mythicdruid,ragnaros,192,druid,balance,6,2,4
9631,Bearhug,dragonmaw,192,druid,balance,6,2,4
9632,Octacer,malfurion,192,druid,balance,6,2,4
9633,Srbestias,quelthalas,192,druid,balance,6,2,4
9634,Moistism,tichondrius,192,druid,balance,6,2,4
9635,Jujubeartank,darkspear,192,druid,balance,6,2,4
9636,Markóla,stormrage,192,druid,balance,6,2,4
9637,Hawgs,bleeding-hollow,192,druid,balance,6,2,4
9638,Schnitter,thrall,192,druid,balance,6,2,4
9639,Lappz,malganis,192,druid,balance,6,2,4
9640,Loodichriss,area-52,192,druid,balance,6,2,4
9641,Sweetcat,malganis,192,druid,balance,6,2,4
9642,Shredstitute,tichondrius,192,druid,balance,6,2,4
9643,Milkz,zuljin,192,druid,balance,6,2,4
9644,Jitlit,malganis,192,druid,balance,6,2,4
9645,Bobobear,proudmoore,192,druid,balance,6,2,4
9646,Hancalimon,nemesis,192,druid,balance,6,2,4
9647,Guap,bleeding-hollow,192,druid,balance,6,2,4
9648,Soviclol,malganis,192,druid,balance,6,2,4
9649,Wtfhommie,madoran,192,druid,balance,6,2,4
9650,Flarkage,area-52,192,druid,balance,6,2,4
9651,Adonalsium,area-52,192,druid,balance,6,2,4
9652,Lilgushy,area-52,192,druid,balance,6,2,4
9653,Murrmerly,moon-guard,192,druid,balance,6,2,4
9654,Skig,stormreaver,192,druid,balance,6,2,4
9655,Blassen,sargeras,192,druid,balance,6,2,4
9656,Treezyn,sargeras,192,druid,balance,6,2,4
9657,Bigboomy,sargeras,192,druid,balance,6,2,4
9658,Wokker,mannoroth,192,druid,balance,6,2,4
9659,Malffurryan,draktharon,192,druid,balance,6,2,4
9660,Arienne,kelthuzad,192,druid,balance,6,2,4
9661,Moonhorn,kelthuzad,192,druid,balance,6,2,4
9662,Cathelyana,tichondrius,192,druid,balance,10,3,7
9663,Panchuwuanky,sargeras,192,druid,balance,8,2,6
9664,Alluminax,sargeras,192,druid,balance,12,2,10
9665,Trisinz,perenolde,192,druid,balance,12,2,10
9666,Unhappystill,tichondrius,192,druid,balance,12,2,10
9667,Visûcius,moon-guard,192,druid,balance,12,2,10
9668,Daydaygo,illidan,192,druid,balance,12,2,10
9669,Papaland,tichondrius,192,druid,balance,12,2,10
9670,Rakuath,zuljin,192,druid,balance,12,2,10
9671,Thundyrcat,tichondrius,192,druid,balance,12,2,10
9672,Pusscat,illidan,192,druid,balance,18,2,16
9673,Thicchicken,emerald-dream,191,druid,balance,12,2,10
9674,Sludgischonk,stormrage,159,druid,balance,5,2,3
9675,Stealthhero,lightbringer,159,druid,balance,5,2,3
9676,Irontree,dunemaul,159,druid,balance,5,2,3
9677,Moonkingx,ragnaros,159,druid,balance,5,2,3
9678,Formality,kalecgos,159,druid,balance,5,2,3
9679,Xylemcow,malganis,159,druid,balance,5,2,3
9680,Mayarí,sargeras,159,druid,balance,16,3,13
9681,Appitrap,emerald-dream,137,druid,balance,19,3,16
9682,Nightruffles,moon-guard,128,druid,balance,4,2,2
9683,Hirtenweg,stormrage,127,druid,balance,14,2,12
9684,Aeo,frostmourne,112,druid,balance,7,2,5
9685,Stradamus,sargeras,96,druid,balance,3,2,1
9686,Yøpièrre,bleeding-hollow,96,druid,balance,3,2,1
9687,Alistar,scilla,96,druid,balance,3,2,1
9688,Dendríta,ragnaros,96,druid,balance,6,1,5
9689,Travys,sargeras,96,druid,balance,6,1,5
9690,Goodhealer,akama,96,druid,balance,6,1,5
9691,Sinapticc,proudmoore,96,druid,balance,6,1,5
9692,Harambetwo,quelthalas,96,druid,balance,6,1,5
9693,Chalupà,illidan,96,druid,balance,6,1,5
9694,Brucey,khadgar,96,druid,balance,6,1,5
9695,Rennan,cenarius,96,druid,balance,6,1,5
9696,Schlaankeyy,stormrage,96,druid,balance,6,1,5
9697,Oatmeals,fizzcrank,96,druid,balance,6,1,5
9698,Sheeftah,illidan,96,druid,balance,6,1,5
9699,Feralmain,illidan,96,druid,balance,6,1,5
9700,Scatpanties,moon-guard,96,druid,balance,6,1,5
9701,Walkdown,turalyon,96,druid,balance,6,1,5
9702,Klint,darkspear,96,druid,balance,6,1,5
9703,Thissaene,sargeras,96,druid,balance,6,1,5
9704,Zazinium,illidan,96,druid,balance,6,1,5
9705,Torpina,malganis,96,druid,balance,6,1,5
9706,Aelena,whisperwind,96,druid,balance,6,1,5
9707,Caponetonejr,steamwheedle-cartel,96,druid,balance,6,1,5
9708,Lharast,stormrage,96,druid,balance,6,1,5
9709,Skaidi,quelthalas,96,druid,balance,6,1,5
9710,Stinkycrotch,malganis,96,druid,balance,6,1,5
9711,Stalfrus,area-52,96,druid,balance,6,1,5
9712,Cloyer,stormrage,96,druid,balance,6,1,5
9713,Oyweklefga,kelthuzad,96,druid,balance,6,1,5
9714,Drilnos,hyjal,96,druid,balance,6,1,5
9715,Sneakydikns,tichondrius,96,druid,balance,6,1,5
9716,Interfury,magtheridon,96,druid,balance,6,1,5
9717,Youlived,aegwynn,96,druid,balance,6,1,5
9718,Slackoth,dalaran,96,druid,balance,6,1,5
9719,Grimmb,emerald-dream,96,druid,balance,6,1,5
9720,Shmooglite,emerald-dream,96,druid,balance,6,1,5
9721,Gaìjin,barthilas,96,druid,balance,6,1,5
9722,Ultracatx,tichondrius,96,druid,balance,6,1,5
9723,Mirudru,stormrage,96,druid,balance,6,1,5
9724,Breedable,elune,96,druid,balance,6,1,5
9725,Furryluvr,tichondrius,96,druid,balance,6,1,5
9726,Notdev,grizzly-hills,96,druid,balance,6,1,5
9727,Sundae,khazgoroth,96,druid,balance,6,1,5
9728,Tsaß,bleeding-hollow,96,druid,balance,6,1,5
9729,Bernwolf,moon-guard,96,druid,balance,6,1,5
9730,Øvernight,azralon,96,druid,balance,6,1,5
9731,Zelø,zuljin,96,druid,balance,6,1,5
9732,Chulogringo,tichondrius,96,druid,balance,6,1,5
9733,Kipsmiffly,darkspear,96,druid,balance,6,1,5
9734,Edorant,illidan,96,druid,balance,6,1,5
9735,Omegabeast,frostmourne,96,druid,balance,6,1,5
9736,Kirrel,frostmourne,96,druid,balance,6,1,5
9737,Ggumy,tichondrius,96,druid,balance,6,1,5
9738,Idontknowbro,bonechewer,96,druid,balance,6,1,5
9739,Hurloon,demon-soul,96,druid,balance,6,1,5
9740,Elivacheth,zuljin,96,druid,balance,6,1,5
9741,Invisakitty,demon-soul,96,druid,balance,6,1,5
9742,Anímorph,sargeras,96,druid,balance,6,1,5
9743,Scarn,nathrezim,96,druid,balance,6,1,5
9744,Selling,moon-guard,96,druid,balance,6,1,5
9745,Florgsgorgan,sargeras,96,druid,balance,6,1,5
9746,Faldrynn,sargeras,96,druid,balance,6,1,5
9747,Boomybum,bleeding-hollow,96,druid,balance,6,1,5
9748,Watchlady,thunderhorn,96,druid,balance,6,1,5
9749,Encosan,azralon,96,druid,balance,7,1,6
9750,Simbaa,blades-edge,96,druid,balance,10,1,9
9751,Kängawalafox,frostmourne,96,druid,balance,12,1,11
9752,Kodrän,stormrage,96,druid,balance,12,1,11
9753,Ranokaliki,tichondrius,89,druid,balance,10,3,7
9754,Drewcarriesu,arthas,79,druid,balance,5,2,3
9755,Foggie,spirestone,79,druid,balance,5,1,4
9756,Hydraulick,tichondrius,79,druid,balance,5,1,4
9757,Manalune,firetree,79,druid,balance,5,1,4
9758,Raahmirtah,illidan,79,druid,balance,5,1,4
9759,Lutzenberger,nemesis,79,druid,balance,5,1,4
9760,Zephiee,kelthuzad,79,druid,balance,5,1,4
9761,Doingo,destromath,79,druid,balance,11,1,10
9762,Morpheûs,bleeding-hollow,64,druid,balance,4,1,3
9763,Hughhefferr,illidan,63,druid,balance,2,2,0
9764,Policë,skullcrusher,42,druid,balance,8,2,6
9765,Krooksy,tichondrius,42,druid,balance,8,2,6
9766,Naturae,spirestone,31,druid,balance,2,1,1
9767,Highs,sargeras,16,druid,balance,1,1,0
9768,Garbagevoker,scilla,2242,evoker,preservation,192,99,93
9769,Dracob,sargeras,2180,evoker,preservation,252,140,112
9770,Sleepiihead,stormrage,2130,evoker,preservation,96,50,46
9771,Meraxes,moonrunner,2124,evoker,preservation,131,64,67
9772,Sleepiiheadx,stormrage,2112,evoker,preservation,114,63,51
9773,Dragocula,tichondrius,2106,evoker,preservation,109,55,54
9774,Sheepstealer,shuhalo,2104,evoker,preservation,133,69,64
9775,Jakedrake,stormrage,2062,evoker,preservation,235,117,118
9776,Idk,proudmoore,2004,evoker,preservation,66,34,32
9777,Kiry,emerald-dream,1998,evoker,preservation,90,44,46
9778,Lucardeht,illidan,1996,evoker,preservation,62,35,27
9779,Eskrizzle,thrall,1991,evoker,preservation,78,38,40
9780,Jdbthyr,malganis,1989,evoker,preservation,245,118,127
9781,Eyjes,stormrage,1977,evoker,preservation,175,93,82
9782,Kallie,whisperwind,1971,evoker,preservation,503,250,253
9783,Dracthyrfang,elune,1962,evoker,preservation,226,113,113
9784,Healpumper,kelthuzad,1950,evoker,preservation,70,41,29
9785,Walf,stormrage,1941,evoker,preservation,385,197,188
9786,Storeypagoda,tichondrius,1939,evoker,preservation,131,68,63
9787,Idrinkurine,tichondrius,1918,evoker,preservation,88,45,43
9788,Ellafortnite,emerald-dream,1915,evoker,preservation,55,31,24
9789,Didy,tichondrius,1913,evoker,preservation,351,173,178
9790,Advancedonly,tichondrius,1912,evoker,preservation,54,26,28
9791,Soô,tichondrius,1900,evoker,preservation,36,20,16
9792,Sloane,dunemaul,1899,evoker,preservation,51,32,19
9793,Bimbus,illidan,1887,evoker,preservation,154,85,69
9794,Philmcracken,proudmoore,1883,evoker,preservation,34,24,10
9795,Joc,khazgoroth,1881,evoker,preservation,83,49,34
9796,Benym,tichondrius,1873,evoker,preservation,60,32,28
9797,Lieferant,area-52,1867,evoker,preservation,48,25,23
9798,Draconian,frostmourne,1866,evoker,preservation,76,36,40
9799,Drupy,tichondrius,1860,evoker,preservation,60,31,29
9800,Dragongunz,illidan,1853,evoker,preservation,48,21,27
9801,Dragonkok,stormrage,1848,evoker,preservation,48,28,20
9802,Thnake,zuljin,1839,evoker,preservation,72,38,34
9803,Ancalagøn,ragnaros,1833,evoker,preservation,70,35,35
9804,Ojigi,sargeras,1833,evoker,preservation,69,28,41
9805,Driceses,area-52,1831,evoker,preservation,72,44,28
9806,Versezz,tichondrius,1829,evoker,preservation,42,28,14
9807,Iba,tichondrius,1828,evoker,preservation,96,54,42
9808,Ravebae,frostmourne,1828,evoker,preservation,45,25,20
9809,Neskor,moon-guard,1827,evoker,preservation,101,58,43
9810,Hamine,tichondrius,1825,evoker,preservation,113,52,61
9811,Dunkinonem,black-dragonflight,1823,evoker,preservation,789,399,390
9812,Cenchii,proudmoore,1822,evoker,preservation,54,28,26
9813,Patzdormu,area-52,1812,evoker,preservation,73,32,41
9814,Mngxaltx,ragnaros,1810,evoker,preservation,96,42,54
9815,Zarref,sargeras,1809,evoker,preservation,48,26,22
9816,Hlaargh,illidan,1809,evoker,preservation,60,31,29
9817,Dragonclause,stormrage,1809,evoker,preservation,72,32,40
9818,Aymadragon,sargeras,1807,evoker,preservation,68,38,30
9819,Furegos,zuljin,1807,evoker,preservation,48,23,25
9820,Lodekiim,malganis,1806,evoker,preservation,66,30,36
9821,Mcdonovan,stormrage,1805,evoker,preservation,81,36,45
9822,Révoked,magtheridon,1802,evoker,preservation,323,179,144
9823,Dragonchip,bleeding-hollow,1801,evoker,preservation,101,46,55
9824,Selkisaurus,area-52,1801,evoker,preservation,90,39,51
9825,Obama,dragonmaw,1801,evoker,preservation,78,33,45
9826,Novustrasza,lightbringer,1800,evoker,preservation,66,43,23
9827,Petezra,ragnaros,1800,evoker,preservation,70,33,37
9828,Livesey,thunderhorn,1791,evoker,preservation,96,56,40
9829,Usedbandage,sargeras,1780,evoker,preservation,235,125,110
9830,Dweamfuego,sargeras,1777,evoker,preservation,30,19,11
9831,Drerick,illidan,1772,evoker,preservation,104,53,51
9832,Fatsu,executus,1768,evoker,preservation,54,24,30
9833,Dragontrees,illidan,1765,evoker,preservation,54,28,26
9834,Enderal,stormrage,1765,evoker,preservation,48,24,24
9835,Fxii,tichondrius,1760,evoker,preservation,30,24,6
9836,Neocellx,frostwolf,1757,evoker,preservation,55,31,24
9837,Ugg,stormrage,1756,evoker,preservation,171,76,95
9838,Elimi,tichondrius,1748,evoker,preservation,36,22,14
9839,Berquone,tichondrius,1747,evoker,preservation,72,31,41
9840,Áäøxgød,ravencrest,1747,evoker,preservation,70,29,41
9841,Starkiller,stormrage,1745,evoker,preservation,60,37,23
9842,Phooby,sargeras,1736,evoker,preservation,72,37,35
9843,Rosestrasza,silvermoon,1734,evoker,preservation,132,63,69
9844,Stønemonkey,sargeras,1730,evoker,preservation,147,73,74
9845,Skyheal,ragnaros,1728,evoker,preservation,36,21,15
9846,Dirtydragon,uther,1724,evoker,preservation,54,22,32
9847,Kainalaz,moon-guard,1715,evoker,preservation,55,28,27
9848,Basherm,moon-guard,1711,evoker,preservation,96,47,49
9849,Dracadukez,illidan,1711,evoker,preservation,72,26,46
9850,Moralies,area-52,1705,evoker,preservation,48,24,24
9851,Deathdrake,jubeithos,1703,evoker,preservation,215,106,109
9852,Siire,tichondrius,1697,evoker,preservation,36,19,17
9853,Chañïng,frostmourne,1695,evoker,preservation,36,18,18
9854,Schmitty,hellscream,1689,evoker,preservation,100,48,52
9855,Evokethisdik,tichondrius,1684,evoker,preservation,37,20,17
9856,Mirandaxo,tichondrius,1684,evoker,preservation,161,73,88
9857,Yukiormi,sargeras,1677,evoker,preservation,36,18,18
9858,Lodedragon,tichondrius,1672,evoker,preservation,132,58,74
9859,Got,burning-blade,1668,evoker,preservation,45,25,20
9860,Yoyke,tichondrius,1667,evoker,preservation,48,24,24
9861,Dragboy,stormrage,1666,evoker,preservation,152,83,69
9862,Redseal,tichondrius,1666,evoker,preservation,104,50,54
9863,Judra,barthilas,1665,evoker,preservation,74,38,36
9864,Velstrasza,stormrage,1664,evoker,preservation,36,20,16
9865,Dupastrasza,illidan,1664,evoker,preservation,60,25,35
9866,Vulkerr,stormrage,1663,evoker,preservation,90,51,39
9867,Gharkul,frostmourne,1663,evoker,preservation,48,25,23
9868,Tallcanman,kelthuzad,1660,evoker,preservation,42,20,22
9869,Daegonz,lightbringer,1657,evoker,preservation,116,57,59
9870,Sandragon,ragnaros,1646,evoker,preservation,57,25,32
9871,Domavem,tichondrius,1642,evoker,preservation,66,28,38
9872,Flamedramon,bleeding-hollow,1641,evoker,preservation,223,103,120
9873,Nyzara,emerald-dream,1640,evoker,preservation,150,78,72
9874,Sanninv,barthilas,1638,evoker,preservation,57,26,31
9875,Cokobra,haomarush,1636,evoker,preservation,36,21,15
9876,Trákanon,mugthol,1634,evoker,preservation,67,37,30
9877,Ðrac,bleeding-hollow,1633,evoker,preservation,53,30,23
9878,Twizzthyr,bleeding-hollow,1632,evoker,preservation,150,73,77
9879,Modenzu,malganis,1629,evoker,preservation,66,33,33
9880,Dripdrop,stormscale,1627,evoker,preservation,94,49,45
9881,Junkstam,malganis,1627,evoker,preservation,75,34,41
9882,Wingsoflyfe,frostmourne,1625,evoker,preservation,48,20,28
9883,Dragonman,twisting-nether,1624,evoker,preservation,47,26,21
9884,Yop,proudmoore,1624,evoker,preservation,108,45,63
9885,Dragondikz,tichondrius,1622,evoker,preservation,48,25,23
9886,Congodragon,frostmourne,1620,evoker,preservation,48,28,20
9887,Allevesh,shadow-council,1620,evoker,preservation,30,17,13
9888,Dgevoker,tichondrius,1620,evoker,preservation,47,19,28
9889,Seeyn,tichondrius,1615,evoker,preservation,66,27,39
9890,Grunkthyr,moon-guard,1614,evoker,preservation,47,25,22
9891,Vokr,area-52,1613,evoker,preservation,74,38,36
9892,Egglayer,tichondrius,1611,evoker,preservation,196,91,105
9893,Leonilxd,tichondrius,1610,evoker,preservation,97,51,46
9894,Tinine,frostmourne,1608,evoker,preservation,109,56,53
9895,Bigdwagon,stormrage,1608,evoker,preservation,36,17,19
9896,Wimsx,malganis,1607,evoker,preservation,66,30,36
9897,Triarcs,sargeras,1606,evoker,preservation,40,21,19
9898,Deadlybx,bleeding-hollow,1603,evoker,preservation,70,32,38
9899,Drakjar,nemesis,1602,evoker,preservation,48,23,25
9900,Layugos,azralon,1601,evoker,preservation,35,20,15
9901,Emperör,quelthalas,1601,evoker,preservation,97,52,45
9902,Provokker,drakkari,1600,evoker,preservation,30,21,9
9903,Purrlynn,tichondrius,1600,evoker,preservation,72,42,30
9904,Veraxsys,wyrmrest-accord,1600,evoker,preservation,52,20,32
9905,Jnitoscaly,tichondrius,1598,evoker,preservation,30,20,10
9906,Kwebab,tichondrius,1595,evoker,preservation,48,19,29
9907,Chessyk,ragnaros,1594,evoker,preservation,53,33,20
9908,Adragon,garithos,1585,evoker,preservation,77,30,47
9909,Stinkler,stormscale,1584,evoker,preservation,102,48,54
9910,Thinprivlege,area-52,1583,evoker,preservation,60,26,34
9911,Evokesyn,stormrage,1580,evoker,preservation,105,55,50
9912,Zenot,malganis,1575,evoker,preservation,46,34,12
9913,Dragisha,gnomeregan,1575,evoker,preservation,166,93,73
9914,Lucidreamx,tichondrius,1575,evoker,preservation,67,34,33
9915,Vormontis,azralon,1568,evoker,preservation,117,60,57
9916,Elcigala,ragnaros,1566,evoker,preservation,285,147,138
9917,Drepz,dalaran,1564,evoker,preservation,63,45,18
9918,Linkinloatr,tichondrius,1563,evoker,preservation,54,23,31
9919,Buttcrease,emerald-dream,1562,evoker,preservation,42,22,20
9920,Møritz,stormrage,1562,evoker,preservation,86,40,46
9921,Flyboy,malganis,1558,evoker,preservation,36,18,18
9922,Vhaegart,area-52,1553,evoker,preservation,141,66,75
9923,Courtvoke,turalyon,1552,evoker,preservation,229,117,112
9924,Dougreen,azralon,1552,evoker,preservation,38,18,20
9925,Shruikan,lightnings-blade,1552,evoker,preservation,42,19,23
9926,Dracore,firetree,1549,evoker,preservation,215,112,103
9927,Longaot,tichondrius,1547,evoker,preservation,76,48,28
9928,Alitasbbq,malganis,1547,evoker,preservation,48,19,29
9929,Ffaarrvv,illidan,1545,evoker,preservation,108,63,45
9930,Stableboy,bleeding-hollow,1542,evoker,preservation,36,21,15
9931,Tonysaur,lethon,1537,evoker,preservation,30,19,11
9932,Kwitty,illidan,1535,evoker,preservation,48,27,21
9933,Whethersmell,tichondrius,1535,evoker,preservation,188,84,104
9934,Fláppÿbírd,bleeding-hollow,1533,evoker,preservation,24,16,8
9935,Corncrake,sargeras,1530,evoker,preservation,50,23,27
9936,Jlucks,wyrmrest-accord,1529,evoker,preservation,172,94,78
9937,Velocîraptor,bleeding-hollow,1524,evoker,preservation,92,53,39
9938,Sineexe,illidan,1523,evoker,preservation,98,58,40
9939,Bigbaojian,tichondrius,1522,evoker,preservation,24,16,8
9940,Eyolker,kelthuzad,1522,evoker,preservation,71,37,34
9941,Transmogplz,tichondrius,1522,evoker,preservation,66,27,39
9942,Nulldd,tichondrius,1521,evoker,preservation,59,21,38
9943,Gobananas,sargeras,1520,evoker,preservation,29,17,12
9944,Thevochr,area-52,1514,evoker,preservation,42,27,15
9945,Dragonsteppz,aegwynn,1512,evoker,preservation,30,16,14
9946,Trembulos,malganis,1512,evoker,preservation,48,23,25
9947,Mfka,dalaran,1512,evoker,preservation,83,39,44
9948,Earthshatter,lightbringer,1510,evoker,preservation,166,91,75
9949,Ninereeds,malganis,1510,evoker,preservation,96,49,47
9950,Suffler,warsong,1509,evoker,preservation,267,139,128
9951,Madegood,tichondrius,1508,evoker,preservation,54,26,28
9952,Dragdezenutz,bleeding-hollow,1508,evoker,preservation,112,45,67
9953,Waggon,moon-guard,1504,evoker,preservation,48,26,22
9954,Cyndragosa,dalvengyr,1503,evoker,preservation,119,54,65
9955,Skrimbles,tichondrius,1501,evoker,preservation,42,19,23
9956,Youngyongdie,tichondrius,1499,evoker,preservation,52,25,27
9957,Masondragon,darkspear,1492,evoker,preservation,36,16,20
9958,Snuggleboo,malganis,1490,evoker,preservation,24,16,8
9959,Emoker,magtheridon,1490,evoker,preservation,84,46,38
9960,Spyrox,zuluhed,1488,evoker,preservation,36,21,15
9961,Dragoncods,velen,1488,evoker,preservation,48,26,22
9962,Buttfinger,bladefist,1488,evoker,preservation,86,39,47
9963,Hepzibah,kelthuzad,1488,evoker,preservation,53,23,30
9964,Virtualcrush,sisters-of-elune,1486,evoker,preservation,94,49,45
9965,Nikholatrus,malganis,1483,evoker,preservation,106,52,54
9966,Splendadaddy,kiljaeden,1482,evoker,preservation,30,16,14
9967,Ycnpass,tichondrius,1479,evoker,preservation,146,84,62
9968,Ajiz,mannoroth,1479,evoker,preservation,48,23,25
9969,Darchomp,illidan,1478,evoker,preservation,42,17,25
9970,Kaidagos,tichondrius,1477,evoker,preservation,30,17,13
9971,Ralzital,auchindoun,1476,evoker,preservation,68,29,39
9972,Jacm,fizzcrank,1475,evoker,preservation,95,45,50
9973,Yotus,illidan,1474,evoker,preservation,60,35,25
9974,Stinkybussy,mannoroth,1473,evoker,preservation,54,29,25
9975,Diavai,area-52,1471,evoker,preservation,93,41,52
9976,Qiblii,moon-guard,1470,evoker,preservation,48,24,24
9977,Monavoker,bleeding-hollow,1466,evoker,preservation,36,20,16
9978,Delivv,hyjal,1466,evoker,preservation,90,48,42
9979,Ponnukii,tichondrius,1466,evoker,preservation,184,93,91
9980,Runawayslave,frostmane,1466,evoker,preservation,233,110,123
9981,Setalet,zuljin,1465,evoker,preservation,47,19,28
9982,Weagle,zuljin,1465,evoker,preservation,45,18,27
9983,Bucket,wyrmrest-accord,1464,evoker,preservation,44,17,27
9984,Necrathma,tichondrius,1461,evoker,preservation,169,84,85
9985,Enazen,kiljaeden,1460,evoker,preservation,83,45,38
9986,Pauly,suramar,1457,evoker,preservation,82,42,40
9987,Unknowndrago,kul-tiras,1457,evoker,preservation,36,18,18
9988,Giratina,area-52,1457,evoker,preservation,102,50,52
9989,Lalargata,azralon,1455,evoker,preservation,77,38,39
9990,Slimez,malganis,1455,evoker,preservation,119,52,67
9991,Cringilisk,kelthuzad,1454,evoker,preservation,126,82,44
9992,Xmystique,area-52,1449,evoker,preservation,35,18,17
9993,Suedeshoes,bleeding-hollow,1448,evoker,preservation,162,88,74
9994,Evoskunk,kelthuzad,1448,evoker,preservation,48,24,24
9995,Nyxtari,ragnaros,1447,evoker,preservation,108,57,51
9996,Nazzadormu,tichondrius,1445,evoker,preservation,70,30,40
9997,Hageiz,tichondrius,1441,evoker,preservation,60,27,33
9998,Slither,terenas,1440,evoker,preservation,176,93,83
9999,Linguistic,tichondrius,1439,evoker,preservation,42,18,24
10000,Squarter,kiljaeden,1437,evoker,preservation,48,28,20
10001,Darthjarjar,bloodscalp,1437,evoker,preservation,224,116,108
10002,Kratheu,azralon,1436,evoker,preservation,47,20,27
10003,Venjolly,wyrmrest-accord,1435,evoker,preservation,57,29,28
10004,Usedaspirin,sargeras,1435,evoker,preservation,30,15,15
10005,Dragonmyass,tichondrius,1434,evoker,preservation,43,17,26
10006,Biggestbroie,frostmourne,1431,evoker,preservation,30,15,15
10007,Dragonkink,sargeras,1429,evoker,preservation,61,32,29
10008,Zakaraki,bloodscalp,1427,evoker,preservation,60,35,25
10009,Kymoxien,sargeras,1427,evoker,preservation,30,16,14
10010,Handeezol,malganis,1426,evoker,preservation,48,27,21
10011,Sovietønion,tichondrius,1425,evoker,preservation,83,38,45
10012,Kjerne,stormrage,1424,evoker,preservation,64,34,30
10013,Macismighty,emerald-dream,1423,evoker,preservation,101,54,47
10014,Nandrolona,sargeras,1423,evoker,preservation,30,15,15
10015,Spyrodadrago,malganis,1423,evoker,preservation,113,50,63
10016,Annum,moon-guard,1423,evoker,preservation,60,22,38
10017,Nandrolona,malganis,1422,evoker,preservation,30,15,15
10018,Xurota,proudmoore,1422,evoker,preservation,92,40,52
10019,Bendover,proudmoore,1420,evoker,preservation,36,19,17
10020,Epsilon,laughing-skull,1419,evoker,preservation,24,15,9
10021,Nazatra,wyrmrest-accord,1417,evoker,preservation,125,60,65
10022,Derazar,malganis,1416,evoker,preservation,273,122,151
10023,Kephii,eonar,1415,evoker,preservation,42,22,20
10024,Nakyp,dalaran,1415,evoker,preservation,30,15,15
10025,Kcwt,illidan,1412,evoker,preservation,36,18,18
10026,Garchamp,area-52,1412,evoker,preservation,48,20,28
10027,Vyndormu,moon-guard,1410,evoker,preservation,46,22,24
10028,Zka,nemesis,1408,evoker,preservation,43,21,22
10029,Meiron,azralon,1407,evoker,preservation,66,33,33
10030,Apollygos,malganis,1406,evoker,preservation,78,41,37
10031,Kigglypuff,illidan,1406,evoker,preservation,36,15,21
10032,Mordrakhuul,chogall,1405,evoker,preservation,54,23,31
10033,Cyntheticdr,malganis,1404,evoker,preservation,54,30,24
10034,Roogye,illidan,1403,evoker,preservation,96,49,47
10035,Sía,drakkari,1402,evoker,preservation,60,36,24
10036,Miliolievo,azralon,1402,evoker,preservation,265,131,134
10037,Kaldobar,stormrage,1401,evoker,preservation,24,15,9
10038,Coldspawn,nerzhul,1400,evoker,preservation,30,15,15
10039,Thicscales,tichondrius,1400,evoker,preservation,76,36,40
10040,Anthyrsia,zuljin,1398,evoker,preservation,35,18,17
10041,Dylôn,tichondrius,1398,evoker,preservation,58,27,31
10042,Masquemeto,illidan,1396,evoker,preservation,49,25,24
10043,Ráigon,ragnaros,1394,evoker,preservation,142,64,78
10044,Grousegamer,barthilas,1389,evoker,preservation,82,35,47
10045,Jmir,tichondrius,1389,evoker,preservation,59,24,35
10046,Fusrodude,shuhalo,1386,evoker,preservation,92,49,43
10047,Laggathaa,emerald-dream,1382,evoker,preservation,50,22,28
10048,Gogmagog,korgath,1381,evoker,preservation,95,43,52
10049,Jamörant,tichondrius,1378,evoker,preservation,24,15,9
10050,Santokki,tichondrius,1378,evoker,preservation,158,76,82
10051,Tazarke,dawnbringer,1375,evoker,preservation,60,35,25
10052,Tigthyr,alleria,1375,evoker,preservation,30,15,15
10053,Growthyy,malganis,1373,evoker,preservation,45,26,19
10054,Bigdrag,blackhand,1373,evoker,preservation,103,56,47
10055,Sylf,kiljaeden,1372,evoker,preservation,177,98,79
10056,Flowsmoke,tichondrius,1371,evoker,preservation,66,34,32
10057,Dragonpel,azralon,1371,evoker,preservation,124,62,62
10058,Chambea,kelthuzad,1370,evoker,preservation,77,40,37
10059,Errier,tichondrius,1370,evoker,preservation,33,17,16
10060,Cjin,tichondrius,1370,evoker,preservation,36,18,18
10061,Healmeta,sargeras,1369,evoker,preservation,308,154,154
10062,Vodkasauce,tichondrius,1369,evoker,preservation,30,15,15
10063,Xerroh,area-52,1368,evoker,preservation,88,44,44
10064,Pootylizard,daggerspine,1367,evoker,preservation,44,16,28
10065,Kikokosta,tichondrius,1365,evoker,preservation,124,65,59
10066,Tzindelor,illidan,1364,evoker,preservation,60,27,33
10067,Primshin,illidan,1363,evoker,preservation,117,59,58
10068,Quickshootin,tichondrius,1361,evoker,preservation,297,137,160
10069,Otsira,frostmourne,1359,evoker,preservation,60,37,23
10070,Friedwings,wyrmrest-accord,1359,evoker,preservation,27,16,11
10071,Naykir,khazgoroth,1358,evoker,preservation,30,19,11
10072,Greenscales,frostmourne,1358,evoker,preservation,105,43,62
10073,Misico,illidan,1355,evoker,preservation,78,46,32
10074,Thepplschamp,bloodhoof,1354,evoker,preservation,48,23,25
10075,Lifewing,bleeding-hollow,1352,evoker,preservation,67,25,42
10076,Bomber,frostwolf,1351,evoker,preservation,34,16,18
10077,Quesodillas,stormreaver,1350,evoker,preservation,48,18,30
10078,Eldenkingy,sargeras,1350,evoker,preservation,64,23,41
10079,Tigdragon,proudmoore,1348,evoker,preservation,36,16,20
10080,Garboker,area-52,1346,evoker,preservation,158,75,83
10081,Neffiie,dalaran,1345,evoker,preservation,96,45,51
10082,Kîñggïgàçhäð,stormrage,1343,evoker,preservation,24,14,10
10083,Feijiwang,aegwynn,1342,evoker,preservation,69,41,28
10084,Boseijwho,emerald-dream,1342,evoker,preservation,60,33,27
10085,Kalsit,emerald-dream,1341,evoker,preservation,64,30,34
10086,Enalen,azjolnerub,1338,evoker,preservation,62,29,33
10087,Actïoncat,emerald-dream,1338,evoker,preservation,69,26,43
10088,Unidragon,malganis,1336,evoker,preservation,30,14,16
10089,Gumbåll,bleeding-hollow,1335,evoker,preservation,192,93,99
10090,Prettycooll,dathremar,1335,evoker,preservation,30,14,16
10091,Bryagh,executus,1334,evoker,preservation,54,28,26
10092,Forsakentime,sargeras,1333,evoker,preservation,60,32,28
10093,Chunkè,moon-guard,1332,evoker,preservation,69,29,40
10094,Charbothyr,gorgonnash,1331,evoker,preservation,49,24,25
10095,Nuunos,tichondrius,1330,evoker,preservation,41,17,24
10096,Zindrozarath,area-52,1329,evoker,preservation,123,61,62
10097,Mäverick,kelthuzad,1327,evoker,preservation,35,23,12
10098,Radragão,azralon,1326,evoker,preservation,48,28,20
10099,Kalikani,moon-guard,1326,evoker,preservation,99,45,54
10100,Caphe,nerzhul,1323,evoker,preservation,54,24,30
10101,Dawitchvoker,illidan,1321,evoker,preservation,252,130,122
10102,Dendywings,zuljin,1321,evoker,preservation,30,14,16
10103,Altevoker,frostmourne,1320,evoker,preservation,65,38,27
10104,Cadwaladr,frostmourne,1317,evoker,preservation,24,14,10
10105,Gavstarz,frostmourne,1317,evoker,preservation,74,32,42
10106,Dracniel,illidan,1316,evoker,preservation,69,38,31
10107,Elurb,illidan,1316,evoker,preservation,66,30,36
10108,Velaryonhero,arthas,1313,evoker,preservation,74,40,34
10109,Gloamdream,cenarius,1313,evoker,preservation,261,138,123
10110,Nitalzith,area-52,1311,evoker,preservation,48,23,25
10111,Solong,sargeras,1310,evoker,preservation,67,38,29
10112,Inkdsy,detheroc,1310,evoker,preservation,30,16,14
10113,Jazzdragon,tichondrius,1310,evoker,preservation,51,24,27
10114,Lamentation,area-52,1309,evoker,preservation,54,32,22
10115,Glizzurd,proudmoore,1309,evoker,preservation,285,140,145
10116,Whinks,zangarmarsh,1307,evoker,preservation,35,18,17
10117,Saviorkai,barthilas,1306,evoker,preservation,22,15,7
10118,Deepbreather,sargeras,1303,evoker,preservation,24,15,9
10119,Wangasaur,emerald-dream,1302,evoker,preservation,55,26,29
10120,Matchamjölk,tichondrius,1302,evoker,preservation,53,23,30
10121,Zmaj,jubeithos,1301,evoker,preservation,36,23,13
10122,Verk,deathwing,1299,evoker,preservation,144,77,67
10123,Fuoco,kiljaeden,1299,evoker,preservation,62,31,31
10124,Cynderrellaa,proudmoore,1299,evoker,preservation,152,73,79
10125,Icthelestron,black-dragonflight,1297,evoker,preservation,44,30,14
10126,Lilacstrasza,moon-guard,1297,evoker,preservation,158,77,81
10127,Oogiewoogie,doomhammer,1294,evoker,preservation,23,14,9
10128,Lizzardload,stormreaver,1294,evoker,preservation,83,37,46
10129,Straxolotl,frostmourne,1293,evoker,preservation,81,33,48
10130,Rustty,bleeding-hollow,1289,evoker,preservation,49,20,29
10131,Amnemís,tichondrius,1288,evoker,preservation,38,22,16
10132,Shudo,moon-guard,1288,evoker,preservation,113,58,55
10133,Hydrrax,dalaran,1288,evoker,preservation,255,126,129
10134,Gotbreath,dalaran,1287,evoker,preservation,90,46,44
10135,Rynntynn,blood-furnace,1286,evoker,preservation,30,15,15
10136,Nitalash,moon-guard,1286,evoker,preservation,29,14,15
10137,Paladinex,tichondrius,1284,evoker,preservation,47,27,20
10138,Thereptile,frostmourne,1284,evoker,preservation,90,41,49
10139,Dragûn,stormrage,1279,evoker,preservation,30,16,14
10140,Shellessturt,kelthuzad,1278,evoker,preservation,27,14,13
10141,Feelzz,illidan,1275,evoker,preservation,43,22,21
10142,Drgndeeznüts,tichondrius,1272,evoker,preservation,58,27,31
10143,Voithyr,moon-guard,1270,evoker,preservation,235,107,128
10144,Hamanv,tichondrius,1270,evoker,preservation,36,16,20
10145,Hotdawgin,korgath,1269,evoker,preservation,70,30,40
10146,Antirrhinum,zuljin,1268,evoker,preservation,48,32,16
10147,Selfhealzer,korgath,1268,evoker,preservation,92,43,49
10148,Cronós,tichondrius,1266,evoker,preservation,90,38,52
10149,Lickndragons,sargeras,1265,evoker,preservation,36,14,22
10150,Riz,blackhand,1262,evoker,preservation,102,51,51
10151,Karganos,darkspear,1255,evoker,preservation,42,26,16
10152,Ayavi,illidan,1255,evoker,preservation,40,23,17
10153,Skailyx,zuljin,1254,evoker,preservation,30,14,16
10154,Vgt,nemesis,1254,evoker,preservation,102,44,58
10155,Brantley,stormscale,1253,evoker,preservation,86,41,45
10156,Dmuzh,drakkari,1252,evoker,preservation,376,206,170
10157,Agony,emerald-dream,1252,evoker,preservation,249,121,128
10158,Xhamon,quelthalas,1251,evoker,preservation,98,49,49
10159,Mãttyy,malganis,1250,evoker,preservation,42,23,19
10160,Xazxander,tichondrius,1249,evoker,preservation,78,37,41
10161,Mëleys,ragnaros,1249,evoker,preservation,47,22,25
10162,Dreamfuego,tichondrius,1248,evoker,preservation,24,13,11
10163,Aoibae,frostmourne,1248,evoker,preservation,126,57,69
10164,Mikoriivoker,tichondrius,1247,evoker,preservation,30,13,17
10165,Wethotgarbee,tichondrius,1245,evoker,preservation,44,23,21
10166,Justbreathez,tichondrius,1245,evoker,preservation,35,13,22
10167,Ultis,tichondrius,1244,evoker,preservation,379,191,188
10168,Thendroz,aerie-peak,1242,evoker,preservation,95,54,41
10169,Valarakuu,illidan,1242,evoker,preservation,24,13,11
10170,Dansauce,sargeras,1241,evoker,preservation,56,30,26
10171,Lilithlittle,daggerspine,1241,evoker,preservation,247,121,126
10172,Wildcard,shattered-hand,1241,evoker,preservation,35,16,19
10173,Allaston,tichondrius,1240,evoker,preservation,45,28,17
10174,Zandragosa,dalaran,1240,evoker,preservation,24,13,11
10175,Rubellite,azralon,1238,evoker,preservation,71,36,35
10176,Döublepenn,tichondrius,1237,evoker,preservation,78,43,35
10177,Xboy,tichondrius,1237,evoker,preservation,31,13,18
10178,Dkvastate,tichondrius,1236,evoker,preservation,112,56,56
10179,Zerath,frostmane,1236,evoker,preservation,30,13,17
10180,Lavagurl,stormscale,1235,evoker,preservation,30,13,17
10181,Xaxas,boulderfist,1234,evoker,preservation,30,13,17
10182,Dragocser,drakkari,1233,evoker,preservation,30,13,17
10183,Tinyvoker,area-52,1232,evoker,preservation,72,26,46
10184,Astoragosa,moon-guard,1231,evoker,preservation,61,38,23
10185,Everglow,the-forgotten-coast,1231,evoker,preservation,30,17,13
10186,Verosria,area-52,1230,evoker,preservation,24,13,11
10187,Shenlong,malganis,1230,evoker,preservation,116,59,57
10188,Mythsvoker,barthilas,1229,evoker,preservation,61,33,28
10189,Zippityzoom,barthilas,1229,evoker,preservation,59,30,29
10190,Onornun,magtheridon,1229,evoker,preservation,66,32,34
10191,Gannsito,emerald-dream,1228,evoker,preservation,24,13,11
10192,Macdrag,malganis,1228,evoker,preservation,24,13,11
10193,Kycaka,area-52,1228,evoker,preservation,46,14,32
10194,Nicegirl,stormrage,1227,evoker,preservation,36,17,19
10195,Bassblasterr,dalaran,1226,evoker,preservation,18,13,5
10196,Lévocatrice,hakkar,1225,evoker,preservation,64,31,33
10197,Dracndanuts,draenor,1225,evoker,preservation,32,13,19
10198,Lebronjmz,kiljaeden,1224,evoker,preservation,127,58,69
10199,Scalesona,black-dragonflight,1222,evoker,preservation,31,14,17
10200,Mungwings,area-52,1221,evoker,preservation,43,22,21
10201,Barneydragon,stormrage,1220,evoker,preservation,24,14,10
10202,Milfwizard,tichondrius,1219,evoker,preservation,24,13,11
10203,Sadeyes,dalaran,1218,evoker,preservation,42,21,21
10204,Aspecto,area-52,1216,evoker,preservation,105,48,57
10205,Dunkelzahn,gorgonnash,1214,evoker,preservation,30,15,15
10206,Amniotic,hyjal,1212,evoker,preservation,54,31,23
10207,Ysondrius,durotan,1212,evoker,preservation,48,26,22
10208,Raptormoto,lothar,1211,evoker,preservation,32,14,18
10209,Balèrion,illidan,1207,evoker,preservation,60,33,27
10210,Ghidorah,sentinels,1207,evoker,preservation,59,32,27
10211,Gadiel,draka,1207,evoker,preservation,50,25,25
10212,Weirdclassx,tichondrius,1207,evoker,preservation,41,20,21
10213,Frozanat,kelthuzad,1205,evoker,preservation,75,34,41
10214,Sanaz,stormreaver,1204,evoker,preservation,48,25,23
10215,Allaker,kargath,1204,evoker,preservation,39,16,23
10216,Fenalysten,cenarius,1203,evoker,preservation,48,24,24
10217,Doogiehowser,azshara,1202,evoker,preservation,162,78,84
10218,Razerazenoth,tichondrius,1201,evoker,preservation,30,17,13
10219,Nêwt,darkspear,1201,evoker,preservation,238,115,123
10220,Dragonfruits,lightbringer,1201,evoker,preservation,66,31,35
10221,Assassasin,bonechewer,1200,evoker,preservation,60,27,33
10222,Partysnaxx,thrall,1199,evoker,preservation,72,35,37
10223,Çhara,illidan,1198,evoker,preservation,126,65,61
10224,Lazioo,frostmourne,1196,evoker,preservation,22,14,8
10225,Maldormu,stormrage,1196,evoker,preservation,37,16,21
10226,Shênlong,sargeras,1193,evoker,preservation,54,22,32
10227,Crowqt,frostmourne,1190,evoker,preservation,95,34,61
10228,Goonwing,frostmourne,1188,evoker,preservation,24,13,11
10229,Brôcôlînî,zuljin,1187,evoker,preservation,43,29,14
10230,Bahamut,magtheridon,1186,evoker,preservation,60,25,35
10231,Shook,baelgun,1181,evoker,preservation,173,86,87
10232,Wyldefire,senjin,1180,evoker,preservation,48,22,26
10233,Evokas,tichondrius,1179,evoker,preservation,240,121,119
10234,Deralan,khaz-modan,1179,evoker,preservation,108,40,68
10235,Yozhz,ragnaros,1177,evoker,preservation,53,25,28
10236,Héllfire,ghostlands,1171,evoker,preservation,36,17,19
10237,Frëëbîë,area-52,1170,evoker,preservation,30,13,17
10238,Dandera,stormrage,1169,evoker,preservation,106,50,56
10239,Kaguax,tichondrius,1167,evoker,preservation,84,32,52
10240,Worldx,illidan,1166,evoker,preservation,24,13,11
10241,Lyingdragon,tichondrius,1166,evoker,preservation,60,26,34
10242,Mazalagon,trollbane,1165,evoker,preservation,29,15,14
10243,Detreshan,stormreaver,1163,evoker,preservation,164,87,77
10244,Hlf,tichondrius,1162,evoker,preservation,38,21,17
10245,Draginnuts,illidan,1162,evoker,preservation,53,25,28
10246,Hakuroyime,ragnaros,1161,evoker,preservation,30,18,12
10247,Repairraptor,area-52,1159,evoker,preservation,81,37,44
10248,Naszeebo,frostmourne,1156,evoker,preservation,42,16,26
10249,Vermitor,sargeras,1155,evoker,preservation,24,13,11
10250,Firebreather,quelthalas,1155,evoker,preservation,30,13,17
10251,Skithyrix,bleeding-hollow,1153,evoker,preservation,68,32,36
10252,Mikoribreath,moknathal,1151,evoker,preservation,18,12,6
10253,Crsevencr,tichondrius,1150,evoker,preservation,18,12,6
10254,Kilawatt,barthilas,1150,evoker,preservation,23,15,8
10255,Djdavi,azralon,1150,evoker,preservation,132,77,55
10256,Raundur,ragnaros,1150,evoker,preservation,24,12,12
10257,Miradrake,icecrown,1150,evoker,preservation,24,12,12
10258,Mysticenergy,tichondrius,1150,evoker,preservation,60,28,32
10259,Careflight,barthilas,1149,evoker,preservation,60,35,25
10260,Smokeflare,frostmane,1149,evoker,preservation,24,12,12
10261,Cycircle,tichondrius,1149,evoker,preservation,24,12,12
10262,Emozoomer,malganis,1148,evoker,preservation,66,25,41
10263,Derkscale,stormrage,1146,evoker,preservation,36,17,19
10264,Norvoker,area-52,1145,evoker,preservation,18,12,6
10265,Distortion,drakthul,1145,evoker,preservation,117,62,55
10266,Xiwinnie,illidan,1144,evoker,preservation,36,14,22
10267,Visserion,sargeras,1143,evoker,preservation,25,14,11
10268,Satratren,moon-guard,1142,evoker,preservation,30,12,18
10269,Deezdragon,stormrage,1140,evoker,preservation,24,13,11
10270,Zackxo,moon-guard,1136,evoker,preservation,38,24,14
10271,Fibonac,frostmourne,1136,evoker,preservation,54,32,22
10272,Vermax,akama,1133,evoker,preservation,45,17,28
10273,Buttstough,aerie-peak,1132,evoker,preservation,23,13,10
10274,Rorie,farstriders,1131,evoker,preservation,30,14,16
10275,Treadcinder,tichondrius,1130,evoker,preservation,30,14,16
10276,Blay,elune,1130,evoker,preservation,36,15,21
10277,Draczod,proudmoore,1123,evoker,preservation,59,23,36
10278,Saphfire,burning-legion,1122,evoker,preservation,24,16,8
10279,Kathendrov,sargeras,1121,evoker,preservation,54,29,25
10280,Endroz,tichondrius,1119,evoker,preservation,24,12,12
10281,Drathron,tichondrius,1118,evoker,preservation,28,13,15
10282,Smaaugg,area-52,1117,evoker,preservation,18,12,6
10283,Zitasanazen,tichondrius,1117,evoker,preservation,263,134,129
10284,Prevoker,kirin-tor,1115,evoker,preservation,42,25,17
10285,Kersava,frostmourne,1115,evoker,preservation,53,27,26
10286,Raykwaza,tichondrius,1114,evoker,preservation,24,12,12
10287,Darksmoke,spirestone,1112,evoker,preservation,24,12,12
10288,Drozul,stormrage,1112,evoker,preservation,42,14,28
10289,Rayvoker,elune,1111,evoker,preservation,36,15,21
10290,Thegrinchh,malganis,1107,evoker,preservation,93,45,48
10291,Potfase,tichondrius,1106,evoker,preservation,66,28,38
10292,Cycircle,proudmoore,1102,evoker,preservation,17,12,5
10293,Dragonwench,sargeras,1101,evoker,preservation,22,13,9
10294,Geico,spinebreaker,1100,evoker,preservation,15,13,2
10295,Droggerdrago,stormreaver,1100,evoker,preservation,24,14,10
10296,Ilithiphobia,ghostlands,1100,evoker,preservation,38,16,22
10297,Ashandshadow,area-52,1099,evoker,preservation,68,30,38
10298,Dragonarchy,draenor,1098,evoker,preservation,30,15,15
10299,Daikis,proudmoore,1098,evoker,preservation,42,20,22
10300,Dreamvisage,silvermoon,1097,evoker,preservation,26,13,13
10301,Krossbones,cenarion-circle,1096,evoker,preservation,80,47,33
10302,Djornmustman,sargeras,1094,evoker,preservation,36,12,24
10303,Bayvoker,area-52,1093,evoker,preservation,56,29,27
10304,Abigaile,illidan,1088,evoker,preservation,24,17,7
10305,Emyhr,sargeras,1084,evoker,preservation,24,13,11
10306,Drimare,quelthalas,1084,evoker,preservation,42,14,28
10307,Draisin,zuljin,1083,evoker,preservation,24,13,11
10308,Tryhard,wyrmrest-accord,1083,evoker,preservation,78,33,45
10309,Dragndeez,garrosh,1083,evoker,preservation,46,12,34
10310,Setash,hyjal,1081,evoker,preservation,24,12,12
10311,Clubmetro,boulderfist,1081,evoker,preservation,39,18,21
10312,Lahfly,tichondrius,1079,evoker,preservation,54,33,21
10313,Qiuhan,tichondrius,1076,evoker,preservation,48,23,25
10314,Lilithà,kelthuzad,1075,evoker,preservation,30,20,10
10315,Stankywing,thrall,1075,evoker,preservation,34,17,17
10316,Deàthwing,proudmoore,1074,evoker,preservation,53,16,37
10317,Bobstrasz,tichondrius,1073,evoker,preservation,36,12,24
10318,Bumbledragn,moon-guard,1071,evoker,preservation,37,23,14
10319,Maxyz,khadgar,1071,evoker,preservation,42,13,29
10320,Balmoze,tichondrius,1070,evoker,preservation,60,31,29
10321,Dragonknght,tichondrius,1066,evoker,preservation,30,16,14
10322,Draganoche,zuljin,1066,evoker,preservation,30,14,16
10323,Kharizard,moon-guard,1065,evoker,preservation,27,12,15
10324,Sacrementus,tichondrius,1062,evoker,preservation,66,24,42
10325,Dragown,sargeras,1059,evoker,preservation,30,13,17
10326,Flybro,malganis,1056,evoker,preservation,18,11,7
10327,Draggin,barthilas,1056,evoker,preservation,24,11,13
10328,Bronzus,ragnaros,1056,evoker,preservation,60,21,39
10329,Binidragon,tichondrius,1055,evoker,preservation,12,11,1
10330,Whelp,shadow-council,1055,evoker,preservation,18,11,7
10331,Unclelroh,kelthuzad,1054,evoker,preservation,24,11,13
10332,Pnse,perenolde,1054,evoker,preservation,30,11,19
10333,Dragonfroot,darkspear,1052,evoker,preservation,24,11,13
10334,Slippee,mugthol,1051,evoker,preservation,12,11,1
10335,Imugee,sargeras,1051,evoker,preservation,24,11,13
10336,Puraimaru,sargeras,1049,evoker,preservation,30,11,19
10337,Salusx,proudmoore,1046,evoker,preservation,24,11,13
10338,Smögg,quelthalas,1046,evoker,preservation,42,19,23
10339,Draghyon,tichondrius,1044,evoker,preservation,42,11,31
10340,Drittles,illidan,1043,evoker,preservation,62,28,34
10341,Drokula,darkspear,1042,evoker,preservation,24,11,13
10342,Uniqqe,tichondrius,1041,evoker,preservation,18,11,7
10343,Dracoly,medivh,1041,evoker,preservation,24,12,12
10344,Jorlozthyr,ragnaros,1039,evoker,preservation,36,12,24
10345,Charadrius,zuljin,1038,evoker,preservation,41,23,18
10346,Niraz,dalaran,1035,evoker,preservation,18,11,7
10347,Myxter,tichondrius,1035,evoker,preservation,49,25,24
10348,Carloxd,tichondrius,1035,evoker,preservation,34,12,22
10349,Boomlvx,frostmourne,1034,evoker,preservation,24,11,13
10350,Fránky,ragnaros,1033,evoker,preservation,71,31,40
10351,Blankebr,gallywix,1032,evoker,preservation,36,24,12
10352,Skkuld,stormrage,1029,evoker,preservation,24,11,13
10353,Degghurtni,area-52,1026,evoker,preservation,18,11,7
10354,Mokkdala,blackrock,1026,evoker,preservation,40,12,28
10355,Evoke,boulderfist,1025,evoker,preservation,28,12,16
10356,Sïgrìd,tichondrius,1024,evoker,preservation,45,30,15
10357,Sophdrac,illidan,1024,evoker,preservation,43,25,18
10358,Karmakulax,wildhammer,1024,evoker,preservation,31,12,19
10359,Trillis,eldrethalas,1023,evoker,preservation,36,23,13
10360,Vandinus,stormrage,1023,evoker,preservation,38,17,21
10361,Adessa,lothar,1020,evoker,preservation,36,14,22
10362,Ownlyfans,silvermoon,1018,evoker,preservation,24,12,12
10363,Cunk,illidan,1018,evoker,preservation,24,11,13
10364,Prahvlord,shuhalo,1018,evoker,preservation,60,26,34
10365,Turukmakto,illidan,1017,evoker,preservation,29,14,15
10366,Tarnuss,skullcrusher,1017,evoker,preservation,42,14,28
10367,Caucasian,aegwynn,1015,evoker,preservation,51,14,37
10368,Mightywings,skywall,1011,evoker,preservation,138,70,68
10369,Ohffs,malganis,1011,evoker,preservation,30,14,16
10370,Richviewrd,illidan,1010,evoker,preservation,36,19,17
10371,Esq,sargeras,1007,evoker,preservation,17,11,6
10372,Kaeszandrus,azralon,1007,evoker,preservation,64,29,35
10373,Boomon,blades-edge,1006,evoker,preservation,42,21,21
10374,Wheyvern,malganis,1005,evoker,preservation,78,33,45
10375,Draconys,shattered-hand,1002,evoker,preservation,18,12,6
10376,Lightbeing,nazjatar,1001,evoker,preservation,48,29,19
10377,Brahown,altar-of-storms,998,evoker,preservation,36,11,25
10378,Shenrøn,altar-of-storms,994,evoker,preservation,32,17,15
10379,Lawroadt,tichondrius,991,evoker,preservation,60,31,29
10380,Gemis,anvilmar,991,evoker,preservation,55,25,30
10381,Straightman,stormrage,991,evoker,preservation,38,17,21
10382,Falsedaze,sargeras,990,evoker,preservation,43,20,23
10383,Terpsy,area-52,989,evoker,preservation,17,11,6
10384,Hover,vashj,989,evoker,preservation,27,13,14
10385,Ozmayzin,proudmoore,989,evoker,preservation,63,27,36
10386,Gdragons,tichondrius,988,evoker,preservation,17,11,6
10387,Items,frostmourne,987,evoker,preservation,22,11,11
10388,Vyreth,sargeras,987,evoker,preservation,81,38,43
10389,Arazerazer,thrall,984,evoker,preservation,66,23,43
10390,Smaugett,zuljin,979,evoker,preservation,44,23,21
10391,Mesamune,bonechewer,978,evoker,preservation,73,30,43
10392,Echoker,destromath,968,evoker,preservation,55,26,29
10393,Milkspurt,tichondrius,962,evoker,preservation,52,23,29
10394,Syraxiez,sargeras,960,evoker,preservation,18,10,8
10395,Rubyzz,illidan,960,evoker,preservation,18,10,8
10396,Seviant,tichondrius,960,evoker,preservation,18,10,8
10397,Uncleìroh,tichondrius,960,evoker,preservation,24,10,14
10398,Gaslightqt,tichondrius,960,evoker,preservation,25,10,15
10399,Abevv,bonechewer,959,evoker,preservation,18,10,8
10400,Readwise,tichondrius,959,evoker,preservation,20,10,10
10401,Cripcuhz,tichondrius,959,evoker,preservation,54,24,30
10402,Spyrotime,tichondrius,959,evoker,preservation,27,10,17
10403,Whelpling,cenarion-circle,958,evoker,preservation,12,10,2
10404,Puffthemagic,lightnings-blade,958,evoker,preservation,18,10,8
10405,Truffleßutta,tichondrius,958,evoker,preservation,18,10,8
10406,Dragonsand,area-52,958,evoker,preservation,62,30,32
10407,Drakthussey,illidan,957,evoker,preservation,18,10,8
10408,Dokthyr,lightbringer,956,evoker,preservation,12,10,2
10409,Goonguy,gnomeregan,955,evoker,preservation,12,10,2
10410,Holdherhorn,area-52,955,evoker,preservation,18,10,8
10411,Dragy,bonechewer,954,evoker,preservation,24,10,14
10412,Soziin,skullcrusher,953,evoker,preservation,18,10,8
10413,Hoverharder,stormrage,953,evoker,preservation,18,10,8
10414,Dragonblazer,illidan,952,evoker,preservation,18,10,8
10415,Gemish,lethon,952,evoker,preservation,26,11,15
10416,Chue,quelthalas,952,evoker,preservation,24,10,14
10417,Proevoker,illidan,951,evoker,preservation,18,10,8
10418,Cootietooter,icecrown,950,evoker,preservation,18,10,8
10419,Frozonic,tichondrius,948,evoker,preservation,36,17,19
10420,Dracthyrius,thunderlord,941,evoker,preservation,18,12,6
10421,Zeldaryel,azralon,934,evoker,preservation,12,10,2
10422,Gidury,tichondrius,934,evoker,preservation,96,44,52
10423,Kivoke,proudmoore,934,evoker,preservation,36,14,22
10424,Faethana,thrall,929,evoker,preservation,23,11,12
10425,Solryp,terokkar,929,evoker,preservation,143,68,75
10426,Azuril,wyrmrest-accord,929,evoker,preservation,90,29,61
10427,Furygos,stormrage,927,evoker,preservation,23,10,13
10428,Dragonbro,spirestone,923,evoker,preservation,18,10,8
10429,Eiselhuus,moon-guard,923,evoker,preservation,42,11,31
10430,Justbreathe,sargeras,911,evoker,preservation,17,10,7
10431,Kaelestian,ragnaros,910,evoker,preservation,36,18,18
10432,Saintetoile,tichondrius,905,evoker,preservation,48,24,24
10433,Badvoker,area-52,902,evoker,preservation,71,26,45
10434,Cransvoker,illidan,902,evoker,preservation,30,10,20
10435,Bandel,tichondrius,896,evoker,preservation,22,12,10
10436,Kerlaan,illidan,895,evoker,preservation,18,10,8
10437,Shintrax,ragnaros,894,evoker,preservation,72,35,37
10438,Spitdafire,tichondrius,894,evoker,preservation,27,10,17
10439,Medrathion,wyrmrest-accord,887,evoker,preservation,23,10,13
10440,Bizzstrasza,shadowsong,886,evoker,preservation,52,21,31
10441,Drewskie,malganis,885,evoker,preservation,78,29,49
10442,Mugenyan,ragnaros,879,evoker,preservation,41,21,20
10443,Ayoitspav,malganis,872,evoker,preservation,19,10,9
10444,Drakthuul,icecrown,869,evoker,preservation,64,29,35
10445,Willowflight,illidan,867,evoker,preservation,50,23,27
10446,Toonahzy,area-52,864,evoker,preservation,12,9,3
10447,Mikorivoker,illidan,864,evoker,preservation,12,9,3
10448,Mewoker,sargeras,864,evoker,preservation,12,9,3
10449,Benbm,proudmoore,864,evoker,preservation,18,9,9
10450,Venitsu,malganis,864,evoker,preservation,18,9,9
10451,Calvoker,moon-guard,864,evoker,preservation,18,9,9
10452,Yaaty,tichondrius,864,evoker,preservation,24,9,15
10453,Lizardfaith,tichondrius,863,evoker,preservation,12,9,3
10454,Smnsevoker,emerald-dream,863,evoker,preservation,12,9,3
10455,Badbill,moon-guard,863,evoker,preservation,12,9,3
10456,Nuubvoker,stormrage,863,evoker,preservation,18,9,9
10457,Tonymanitoba,whisperwind,863,evoker,preservation,18,9,9
10458,Wonderk,frostmourne,863,evoker,preservation,18,9,9
10459,Velocivraull,malganis,862,evoker,preservation,12,9,3
10460,Flaemer,thaurissan,862,evoker,preservation,12,9,3
10461,Xerithious,bleeding-hollow,862,evoker,preservation,18,9,9
10462,Jesstrasza,quelthalas,862,evoker,preservation,96,42,54
10463,Kakanjutan,azralon,861,evoker,preservation,16,10,6
10464,Evvookkeerr,tichondrius,861,evoker,preservation,18,9,9
10465,Gravityblast,tichondrius,861,evoker,preservation,24,9,15
10466,Chewydragoon,kelthuzad,860,evoker,preservation,12,9,3
10467,Binxyboy,garrosh,860,evoker,preservation,16,10,6
10468,Arûmat,tichondrius,859,evoker,preservation,30,9,21
10469,Glamorousbra,tichondrius,857,evoker,preservation,18,9,9
10470,Aethrys,zuljin,856,evoker,preservation,12,9,3
10471,Salakhar,drakkari,856,evoker,preservation,18,9,9
10472,Bjason,tichondrius,855,evoker,preservation,18,9,9
10473,Linabeauty,ragnaros,854,evoker,preservation,24,9,15
10474,Moxa,doomhammer,850,evoker,preservation,83,41,42
10475,Dragginhealz,stormrage,850,evoker,preservation,101,47,54
10476,Moiraine,kargath,850,evoker,preservation,24,9,15
10477,Hentaizilla,kiljaeden,850,evoker,preservation,55,19,36
10478,Lickyertits,tichondrius,849,evoker,preservation,24,9,15
10479,Dreezoo,tichondrius,848,evoker,preservation,18,10,8
10480,Lechonlechon,tichondrius,847,evoker,preservation,12,9,3
10481,Orïon,azralon,845,evoker,preservation,24,9,15
10482,Spliffdragon,sargeras,843,evoker,preservation,47,18,29
10483,Drákô,ragnaros,841,evoker,preservation,30,9,21
10484,Wtsgoldpst,tichondrius,838,evoker,preservation,20,11,9
10485,Aurastella,frostwolf,837,evoker,preservation,24,9,15
10486,Decyrion,bleeding-hollow,830,evoker,preservation,29,9,20
10487,Sandrozeria,wyrmrest-accord,822,evoker,preservation,14,10,4
10488,Saintpablox,illidan,810,evoker,preservation,34,10,24
10489,Yaaj,black-dragonflight,808,evoker,preservation,23,10,13
10490,Risumon,uldum,802,evoker,preservation,156,60,96
10491,Darkspyro,area-52,799,evoker,preservation,11,9,2
10492,Icallthecops,tichondrius,798,evoker,preservation,16,9,7
10493,Lendren,sargeras,795,evoker,preservation,28,9,19
10494,Azuragon,illidan,793,evoker,preservation,71,23,48
10495,Itsac,daggerspine,792,evoker,preservation,30,13,17
10496,Drackaras,stormrage,790,evoker,preservation,18,9,9
10497,Slyfur,burning-legion,786,evoker,preservation,18,9,9
10498,Æsshayád,area-52,768,evoker,preservation,12,8,4
10499,Rvrbzv,stormrage,768,evoker,preservation,12,8,4
10500,Hasstle,tichondrius,768,evoker,preservation,12,8,4
10501,Kaddyragon,mannoroth,768,evoker,preservation,12,8,4
10502,Dragoontekka,tichondrius,768,evoker,preservation,12,8,4
10503,Evokeondeez,stormrage,768,evoker,preservation,12,8,4
10504,Airschlong,tichondrius,768,evoker,preservation,18,8,10
10505,Ryóng,tichondrius,768,evoker,preservation,18,8,10
10506,Babylons,area-52,768,evoker,preservation,18,8,10
10507,Sheepdoll,icecrown,768,evoker,preservation,18,8,10
10508,Messyvok,illidan,768,evoker,preservation,18,8,10
10509,Dendedewd,sargeras,767,evoker,preservation,12,8,4
10510,Fluffelss,moon-guard,767,evoker,preservation,12,8,4
10511,Walloper,malganis,767,evoker,preservation,12,8,4
10512,Djvoker,zuljin,767,evoker,preservation,12,8,4
10513,Baradad,frostmourne,767,evoker,preservation,12,8,4
10514,Swanzea,sargeras,767,evoker,preservation,12,8,4
10515,Léthée,zuljin,767,evoker,preservation,18,8,10
10516,Xiaolongmei,frostmourne,767,evoker,preservation,18,8,10
10517,Innervoker,tichondrius,767,evoker,preservation,18,8,10
10518,Slèv,frostmourne,767,evoker,preservation,18,8,10
10519,Dracritzzx,ragnaros,767,evoker,preservation,18,8,10
10520,Dracthott,thrall,767,evoker,preservation,18,8,10
10521,Shrimpshumai,malganis,767,evoker,preservation,18,8,10
10522,Azarke,rivendare,767,evoker,preservation,24,8,16
10523,Nfts,darkspear,767,evoker,preservation,24,8,16
10524,Devilmanguy,bonechewer,767,evoker,preservation,24,8,16
10525,Christína,tichondrius,766,evoker,preservation,12,8,4
10526,Rewind,draka,766,evoker,preservation,18,8,10
10527,Sunfyrion,sargeras,766,evoker,preservation,24,8,16
10528,Neewhad,malganis,764,evoker,preservation,24,8,16
10529,Snitx,stormrage,764,evoker,preservation,24,8,16
10530,Nutsdragon,tichondrius,763,evoker,preservation,18,8,10
10531,Wrathiøn,sargeras,763,evoker,preservation,24,8,16
10532,Matsutake,kelthuzad,762,evoker,preservation,18,8,10
10533,Cindermint,mugthol,760,evoker,preservation,20,8,12
10534,Draehgor,hyjal,758,evoker,preservation,18,8,10
10535,Crumbflaps,kelthuzad,758,evoker,preservation,24,8,16
10536,Lervish,durotan,755,evoker,preservation,12,8,4
10537,Cinderoz,moon-guard,751,evoker,preservation,12,8,4
10538,Tooby,velen,751,evoker,preservation,12,8,4
10539,Drevoker,lightbringer,748,evoker,preservation,18,8,10
10540,Criteria,burning-legion,748,evoker,preservation,18,8,10
10541,Madvillin,stormrage,747,evoker,preservation,12,8,4
10542,Zaldraka,cairne,739,evoker,preservation,20,9,11
10543,Durtyvoker,illidan,735,evoker,preservation,22,8,14
10544,Butta,darkspear,734,evoker,preservation,17,8,9
10545,Enuzan,dalaran,734,evoker,preservation,32,8,24
10546,Polland,area-52,731,evoker,preservation,17,8,9
10547,Geicovoker,tichondrius,714,evoker,preservation,28,9,19
10548,Shardsnorta,chogall,708,evoker,preservation,17,8,9
10549,Kyrusic,tichondrius,705,evoker,preservation,27,11,16
10550,Lunadragon,spinebreaker,704,evoker,preservation,16,8,8
10551,Tëssarion,quelthalas,704,evoker,preservation,26,10,16
10552,Murozond,burning-blade,703,evoker,preservation,20,8,12
10553,Kleptomancy,moon-guard,702,evoker,preservation,11,8,3
10554,Wilbog,moon-guard,700,evoker,preservation,44,10,34
10555,Letharrian,sargeras,698,evoker,preservation,12,10,2
10556,Razen,silvermoon,692,evoker,preservation,16,8,8
10557,Orame,dalaran,685,evoker,preservation,25,8,17
10558,Venlormi,moon-guard,675,evoker,preservation,46,15,31
10559,Yessirs,shadow-council,672,evoker,preservation,12,7,5
10560,Vroomby,area-52,672,evoker,preservation,12,7,5
10561,Suekeysaurus,frostmourne,672,evoker,preservation,12,7,5
10562,Vroomby,sargeras,672,evoker,preservation,12,7,5
10563,Beatxqt,area-52,672,evoker,preservation,12,7,5
10564,Dmt,ravencrest,672,evoker,preservation,12,7,5
10565,Fionyan,proudmoore,672,evoker,preservation,12,7,5
10566,Hypetwo,bleeding-hollow,672,evoker,preservation,12,7,5
10567,Iantern,dalaran,672,evoker,preservation,12,7,5
10568,Dzdv,stormrage,672,evoker,preservation,12,7,5
10569,Clm,staghelm,672,evoker,preservation,12,7,5
10570,Goursaud,malganis,672,evoker,preservation,12,7,5
10571,Vrondiss,trollbane,672,evoker,preservation,12,7,5
10572,Slrepeat,frostmourne,672,evoker,preservation,12,7,5
10573,Lilrandal,emerald-dream,672,evoker,preservation,12,7,5
10574,Golden,area-52,672,evoker,preservation,18,7,11
10575,Soyum,sargeras,672,evoker,preservation,18,7,11
10576,Draikia,zuljin,672,evoker,preservation,18,7,11
10577,Iamg,stormscale,672,evoker,preservation,18,7,11
10578,Toastsevoker,tichondrius,672,evoker,preservation,18,7,11
10579,Briggsybear,malganis,672,evoker,preservation,18,7,11
10580,Orncen,emerald-dream,672,evoker,preservation,18,7,11
10581,Draislyn,cenarion-circle,672,evoker,preservation,18,7,11
10582,Hdyl,tichondrius,672,evoker,preservation,24,7,17
10583,Kontaz,icecrown,672,evoker,preservation,24,7,17
10584,Flapthewap,illidan,671,evoker,preservation,12,7,5
10585,Tyrøs,illidan,671,evoker,preservation,12,7,5
10586,Forlornomens,area-52,671,evoker,preservation,12,7,5
10587,Spicypnuts,zuljin,671,evoker,preservation,12,7,5
10588,Doramifa,tichondrius,671,evoker,preservation,12,7,5
10589,Vaxilia,sargeras,671,evoker,preservation,12,7,5
10590,Vertorgon,proudmoore,671,evoker,preservation,12,7,5
10591,Kaidough,tichondrius,671,evoker,preservation,12,7,5
10592,Reskue,burning-legion,671,evoker,preservation,12,7,5
10593,Toppedyouoff,thrall,671,evoker,preservation,15,7,8
10594,Nunez,frostmourne,671,evoker,preservation,18,7,11
10595,Trogdør,illidan,671,evoker,preservation,18,7,11
10596,Jigsz,illidan,671,evoker,preservation,18,7,11
10597,Longxx,dalaran,671,evoker,preservation,18,7,11
10598,Bookkoo,burning-legion,671,evoker,preservation,24,7,17
10599,Lampizard,bonechewer,671,evoker,preservation,24,7,17
10600,Mad,aerie-peak,670,evoker,preservation,19,9,10
10601,Zumanitÿ,zangarmarsh,670,evoker,preservation,18,7,11
10602,Shockragosa,chogall,670,evoker,preservation,30,7,23
10603,Woozul,malganis,670,evoker,preservation,30,7,23
10604,Deezyroller,sargeras,669,evoker,preservation,12,7,5
10605,Retcondragon,sargeras,669,evoker,preservation,18,7,11
10606,Dragonballer,trollbane,669,evoker,preservation,18,7,11
10607,Shartzypoo,thrall,668,evoker,preservation,24,7,17
10608,Drizzydrag,jubeithos,667,evoker,preservation,18,7,11
10609,Rilex,kelthuzad,666,evoker,preservation,12,7,5
10610,Rainwalkers,illidan,666,evoker,preservation,12,7,5
10611,Pypokay,nemesis,665,evoker,preservation,18,7,11
10612,Azulnova,tichondrius,665,evoker,preservation,18,7,11
10613,Erso,hellscream,664,evoker,preservation,12,7,5
10614,Acidbreath,tichondrius,661,evoker,preservation,18,7,11
10615,Mulutlaser,frostmourne,659,evoker,preservation,18,7,11
10616,Tribunalis,stormrage,657,evoker,preservation,12,7,5
10617,Densgone,aggramar,654,evoker,preservation,18,7,11
10618,Yiptondabs,emerald-dream,650,evoker,preservation,29,7,22
10619,Thenasath,sargeras,640,evoker,preservation,17,7,10
10620,Hotblower,tichondrius,640,evoker,preservation,22,8,14
10621,Ramas,burning-blade,638,evoker,preservation,32,8,24
10622,Elderdragon,nerzhul,629,evoker,preservation,16,8,8
10623,Kixxely,sargeras,623,evoker,preservation,12,8,4
10624,Tsuruda,illidan,618,evoker,preservation,21,8,13
10625,Soukizilla,sargeras,608,evoker,preservation,16,7,9
10626,Abelldragon,tichondrius,605,evoker,preservation,16,7,9
10627,Saxthyr,stormreaver,592,evoker,preservation,13,7,6
10628,Ambadragon,frostmourne,591,evoker,preservation,11,7,4
10629,Madzul,emerald-dream,590,evoker,preservation,13,7,6
10630,Hwansu,tichondrius,576,evoker,preservation,6,6,0
10631,Cheesedragon,tichondrius,576,evoker,preservation,6,6,0
10632,Tatsurai,tichondrius,576,evoker,preservation,10,7,3
10633,Oldgeorge,tichondrius,576,evoker,preservation,12,6,6
10634,Ccguzzlerx,tichondrius,576,evoker,preservation,12,6,6
10635,Datinysmaug,stormrage,576,evoker,preservation,12,6,6
10636,Rayquazä,kelthuzad,576,evoker,preservation,12,6,6
10637,Localfemboy,area-52,576,evoker,preservation,12,6,6
10638,Bookwyrm,khadgar,576,evoker,preservation,12,6,6
10639,Daylenx,thrall,576,evoker,preservation,12,6,6
10640,Wtfhappen,tichondrius,576,evoker,preservation,12,6,6
10641,Kwaz,kelthuzad,576,evoker,preservation,12,6,6
10642,Melvoker,tichondrius,576,evoker,preservation,12,6,6
10643,Unclefarmer,illidan,576,evoker,preservation,12,6,6
10644,Arcanasz,thrall,576,evoker,preservation,12,6,6
10645,Thegoone,bleeding-hollow,576,evoker,preservation,12,6,6
10646,Baldpython,area-52,576,evoker,preservation,12,6,6
10647,Teëst,malganis,576,evoker,preservation,12,6,6
10648,Diregon,kelthuzad,576,evoker,preservation,12,6,6
10649,Theyevokbuda,kelthuzad,576,evoker,preservation,12,6,6
10650,Ozvoker,area-52,576,evoker,preservation,12,6,6
10651,Jugemjugempe,icecrown,576,evoker,preservation,12,6,6
10652,Uneedawhip,zuljin,576,evoker,preservation,12,6,6
10653,Whitesnow,korgath,576,evoker,preservation,12,6,6
10654,Talzindera,sargeras,576,evoker,preservation,12,6,6
10655,Teddydarg,tichondrius,576,evoker,preservation,14,6,8
10656,Mastadragndz,illidan,576,evoker,preservation,18,6,12
10657,Ablunxs,drakkari,576,evoker,preservation,18,6,12
10658,Phanthyr,tichondrius,576,evoker,preservation,18,6,12
10659,Dragonk,dragonblight,576,evoker,preservation,18,6,12
10660,Murphymonsta,stormscale,576,evoker,preservation,18,6,12
10661,Meepslol,kiljaeden,576,evoker,preservation,18,6,12
10662,Ryloun,sargeras,576,evoker,preservation,24,6,18
10663,Flyingmooie,frostmourne,576,evoker,preservation,24,6,18
10664,Toodllesz,stormrage,575,evoker,preservation,6,6,0
10665,Valadrakth,tichondrius,575,evoker,preservation,12,6,6
10666,Drakistraz,draenor,575,evoker,preservation,12,6,6
10667,Tokeandvoke,haomarush,575,evoker,preservation,12,6,6
10668,Valeshkanyel,ragnaros,575,evoker,preservation,12,6,6
10669,Bhfflove,area-52,575,evoker,preservation,12,6,6
10670,Dragonpaws,illidan,575,evoker,preservation,12,6,6
10671,Flameschosen,malganis,575,evoker,preservation,12,6,6
10672,Tekath,altar-of-storms,575,evoker,preservation,12,6,6
10673,Magnito,thorium-brotherhood,575,evoker,preservation,12,6,6
10674,Shinryuu,warsong,575,evoker,preservation,12,6,6
10675,Crayonshinch,tichondrius,575,evoker,preservation,12,6,6
10676,Nâpâlm,aggramar,575,evoker,preservation,12,6,6
10677,Moiraine,frostwolf,575,evoker,preservation,18,6,12
10678,Naùghtygames,area-52,575,evoker,preservation,18,6,12
10679,Sgtskip,blackrock,575,evoker,preservation,24,6,18
10680,Kyloflight,thrall,575,evoker,preservation,24,6,18
10681,Toothless,garithos,574,evoker,preservation,6,6,0
10682,Evalker,tichondrius,574,evoker,preservation,12,6,6
10683,Drippydragon,stormrage,574,evoker,preservation,12,6,6
10684,Zascar,stormrage,574,evoker,preservation,12,6,6
10685,Amun,frostwolf,574,evoker,preservation,12,6,6
10686,Cinderazerat,moon-guard,574,evoker,preservation,18,6,12
10687,Azalana,thrall,574,evoker,preservation,24,6,18
10688,Rzdrag,nemesis,574,evoker,preservation,36,6,30
10689,Ozsandlbs,tichondrius,573,evoker,preservation,12,6,6
10690,Moraise,bonechewer,573,evoker,preservation,12,6,6
10691,Siquitraki,illidan,573,evoker,preservation,18,6,12
10692,Zulidar,silvermoon,572,evoker,preservation,12,6,6
10693,Lishalthen,frostmourne,569,evoker,preservation,12,6,6
10694,Rhaeynes,moon-guard,568,evoker,preservation,12,6,6
10695,Ankhalagor,ragnaros,567,evoker,preservation,12,6,6
10696,Preservant,stormrage,567,evoker,preservation,12,6,6
10697,Dragussy,illidan,548,evoker,preservation,28,10,18
10698,Hecklinheals,hyjal,544,evoker,preservation,13,7,6
10699,Biagi,proudmoore,543,evoker,preservation,10,6,4
10700,Hexavalent,tichondrius,542,evoker,preservation,11,6,5
10701,Galrend,firetree,542,evoker,preservation,17,6,11
10702,Arazen,frostmourne,539,evoker,preservation,23,6,17
10703,Fieros,area-52,527,evoker,preservation,13,6,7
10704,Aspects,dreadmaul,522,evoker,preservation,25,8,17
10705,Imperialist,proudmoore,522,evoker,preservation,29,7,22
10706,Shenlòng,drakkari,521,evoker,preservation,15,7,8
10707,Akavoker,sargeras,521,evoker,preservation,20,7,13
10708,Supernovax,illidan,512,evoker,preservation,16,6,10
10709,Imaginedrgn,tichondrius,511,evoker,preservation,11,6,5
10710,Nwo,shattered-hand,494,evoker,preservation,11,6,5
10711,Brindletail,proudmoore,494,evoker,preservation,19,6,13
10712,Timaeuz,malganis,480,evoker,preservation,6,5,1
10713,Chinadragon,balnazzar,480,evoker,preservation,6,5,1
10714,Arzaria,stormrage,480,evoker,preservation,6,5,1
10715,Finnahorns,sargeras,480,evoker,preservation,6,5,1
10716,Cutewing,tichondrius,480,evoker,preservation,12,5,7
10717,Oldmandrake,mannoroth,480,evoker,preservation,12,5,7
10718,Draktharl,tichondrius,480,evoker,preservation,12,5,7
10719,Roastdrake,tichondrius,480,evoker,preservation,12,5,7
10720,Supernamv,sargeras,480,evoker,preservation,12,5,7
10721,Cirroaltos,aerie-peak,480,evoker,preservation,12,5,7
10722,Evizzar,zuljin,480,evoker,preservation,12,5,7
10723,Ezarra,tichondrius,480,evoker,preservation,12,5,7
10724,Fazedd,tichondrius,480,evoker,preservation,12,5,7
10725,Hicane,tichondrius,480,evoker,preservation,12,5,7
10726,Spyroguts,thrall,480,evoker,preservation,12,5,7
10727,Chronocolter,thunderhorn,480,evoker,preservation,12,5,7
10728,Shazdrag,stormrage,480,evoker,preservation,12,5,7
10729,Spaceox,tichondrius,480,evoker,preservation,12,5,7
10730,Imwoker,illidan,480,evoker,preservation,12,5,7
10731,Minzur,illidan,480,evoker,preservation,21,6,15
10732,Olindoe,tichondrius,480,evoker,preservation,18,5,13
10733,Aetherz,illidan,480,evoker,preservation,18,5,13
10734,Zalpx,sargeras,480,evoker,preservation,18,5,13
10735,Cruv,boulderfist,480,evoker,preservation,18,5,13
10736,Selenian,area-52,480,evoker,preservation,24,5,19
10737,Bronyflexy,sargeras,480,evoker,preservation,24,5,19
10738,Alexstrazaa,hyjal,479,evoker,preservation,6,5,1
10739,Mikkaelin,ragnaros,479,evoker,preservation,6,5,1
10740,Bvo,stormrage,479,evoker,preservation,6,5,1
10741,Drektar,the-scryers,479,evoker,preservation,12,5,7
10742,Rhaènyra,sargeras,479,evoker,preservation,12,5,7
10743,Wrathykos,thrall,479,evoker,preservation,12,5,7
10744,Surasi,frostmourne,479,evoker,preservation,12,5,7
10745,Lazzarross,area-52,479,evoker,preservation,12,5,7
10746,Álln,sargeras,479,evoker,preservation,12,5,7
10747,Dracdeez,dreadmaul,479,evoker,preservation,12,5,7
10748,Selden,boulderfist,479,evoker,preservation,12,5,7
10749,Kratostrasz,moon-guard,479,evoker,preservation,12,5,7
10750,Seiros,garrosh,479,evoker,preservation,18,5,13
10751,Psyydragon,azralon,479,evoker,preservation,18,5,13
10752,Bitkoinz,tichondrius,479,evoker,preservation,18,5,13
10753,Dracomedicus,frostmourne,479,evoker,preservation,22,5,17
10754,Melbu,thunderlord,478,evoker,preservation,12,5,7
10755,Lizardtrash,ragnaros,478,evoker,preservation,12,5,7
10756,Livemaximii,moon-guard,477,evoker,preservation,12,5,7
10757,Scaryðragon,akama,477,evoker,preservation,12,5,7
10758,Wetsponge,kelthuzad,477,evoker,preservation,12,5,7
10759,Dracorblaq,bleeding-hollow,476,evoker,preservation,12,5,7
10760,Tazeneth,sargeras,476,evoker,preservation,12,5,7
10761,Astaro,area-52,476,evoker,preservation,18,5,13
10762,Interracial,stormscale,475,evoker,preservation,10,6,4
10763,Lisatallie,moon-guard,475,evoker,preservation,12,5,7
10764,Amoraz,tichondrius,460,evoker,preservation,23,5,18
10765,Jcii,tichondrius,447,evoker,preservation,11,5,6
10766,Enoch,chogall,440,evoker,preservation,21,7,14
10767,Drakonyx,mugthol,439,evoker,preservation,17,5,12
10768,Voíd,sargeras,432,evoker,preservation,9,6,3
10769,Temporal,mannoroth,431,evoker,preservation,9,6,3
10770,Bootymágic,tichondrius,431,evoker,preservation,9,6,3
10771,Tailia,sargeras,431,evoker,preservation,17,5,12
10772,Gaserick,quelthalas,426,evoker,preservation,17,6,11
10773,Tealik,frostmourne,416,evoker,preservation,16,5,11
10774,Monzydrake,emerald-dream,408,evoker,preservation,20,5,15
10775,Ancalagðn,quelthalas,384,evoker,preservation,6,4,2
10776,Syneestra,nemesis,384,evoker,preservation,6,4,2
10777,Odmehbb,tichondrius,384,evoker,preservation,6,4,2
10778,Ygnizem,ysera,384,evoker,preservation,6,4,2
10779,Wheeziex,tichondrius,384,evoker,preservation,6,4,2
10780,Blackdragôn,stormrage,384,evoker,preservation,6,4,2
10781,Docevoker,tichondrius,384,evoker,preservation,6,4,2
10782,Treysongz,area-52,384,evoker,preservation,6,4,2
10783,Exrtj,stormrage,384,evoker,preservation,6,4,2
10784,Taegon,area-52,384,evoker,preservation,6,4,2
10785,Nøzmosis,area-52,384,evoker,preservation,6,4,2
10786,Tygor,arthas,384,evoker,preservation,6,4,2
10787,Azurgos,proudmoore,384,evoker,preservation,6,4,2
10788,Mtndewboy,illidan,384,evoker,preservation,6,4,2
10789,Dyvyne,demon-soul,384,evoker,preservation,6,4,2
10790,Flyingkush,illidan,384,evoker,preservation,6,4,2
10791,Jëthrø,illidan,384,evoker,preservation,6,4,2
10792,Murloc,shadowsong,384,evoker,preservation,6,4,2
10793,Atraxian,tichondrius,384,evoker,preservation,6,4,2
10794,Velahesa,sargeras,384,evoker,preservation,6,4,2
10795,Zaedor,stormrage,384,evoker,preservation,10,5,5
10796,Mvpjs,medivh,384,evoker,preservation,8,4,4
10797,Meilokkttv,sargeras,384,evoker,preservation,10,4,6
10798,Zandet,thunderlord,384,evoker,preservation,12,4,8
10799,Yujirohanma,frostmourne,384,evoker,preservation,12,4,8
10800,Vanyalus,uldum,384,evoker,preservation,12,4,8
10801,Caredormu,frostmourne,384,evoker,preservation,12,4,8
10802,Williamjong,tichondrius,384,evoker,preservation,12,4,8
10803,Boppled,tichondrius,384,evoker,preservation,12,4,8
10804,Mignificent,sargeras,384,evoker,preservation,12,4,8
10805,Rawrexp,emerald-dream,384,evoker,preservation,12,4,8
10806,Raphdragon,stormrage,384,evoker,preservation,12,4,8
10807,Bryágh,wyrmrest-accord,384,evoker,preservation,12,4,8
10808,Flipturn,illidan,384,evoker,preservation,12,4,8
10809,Dragwyn,senjin,384,evoker,preservation,12,4,8
10810,Crumbsock,thrall,384,evoker,preservation,12,4,8
10811,Scalethorne,illidan,384,evoker,preservation,12,4,8
10812,Dragrenghost,illidan,384,evoker,preservation,12,4,8
10813,Shoestrings,tichondrius,384,evoker,preservation,12,4,8
10814,Pensini,illidan,384,evoker,preservation,12,4,8
10815,Donresantis,tichondrius,384,evoker,preservation,12,4,8
10816,Oldui,frostmourne,384,evoker,preservation,12,4,8
10817,Imadargin,malganis,384,evoker,preservation,12,4,8
10818,Upsdriver,dentarg,384,evoker,preservation,18,4,14
10819,Tidehunter,chogall,384,evoker,preservation,18,4,14
10820,Aceu,bloodhoof,383,evoker,preservation,6,4,2
10821,Banevoker,tichondrius,383,evoker,preservation,11,5,6
10822,Flymuch,illidan,383,evoker,preservation,12,4,8
10823,Lunearia,stormrage,383,evoker,preservation,12,4,8
10824,Quesovoke,eldrethalas,383,evoker,preservation,12,4,8
10825,Tihkal,spinebreaker,383,evoker,preservation,12,4,8
10826,Xdragon,lightbringer,383,evoker,preservation,12,4,8
10827,Razhion,arathor,383,evoker,preservation,12,4,8
10828,Dombi,moon-guard,383,evoker,preservation,12,4,8
10829,Enlighteni,area-52,382,evoker,preservation,12,4,8
10830,Bigtoots,illidan,382,evoker,preservation,12,4,8
10831,Stroker,boulderfist,381,evoker,preservation,12,4,8
10832,Tadhg,mugthol,380,evoker,preservation,12,4,8
10833,Danatreseth,moon-guard,380,evoker,preservation,12,4,8
10834,Galaxiz,bonechewer,377,evoker,preservation,18,4,14
10835,Ragendragon,hellscream,377,evoker,preservation,18,4,14
10836,Daddyrp,tichondrius,372,evoker,preservation,26,9,17
10837,Nyxstrasza,moknathal,366,evoker,preservation,11,4,7
10838,Chronoloop,tichondrius,351,evoker,preservation,8,5,3
10839,Snailor,eldrethalas,351,evoker,preservation,10,4,6
10840,Annazara,stormrage,336,evoker,preservation,9,4,5
10841,Zathasar,tichondrius,333,evoker,preservation,28,4,24
10842,Rápturé,tichondrius,330,evoker,preservation,16,7,9
10843,Corlys,thunderhorn,330,evoker,preservation,17,5,12
10844,Homiedraconi,nordrassil,329,evoker,preservation,12,5,7
10845,Jolynne,illidan,320,evoker,preservation,14,4,10
10846,Vlysage,dark-iron,319,evoker,preservation,5,4,1
10847,Kalswyrm,burning-blade,319,evoker,preservation,8,4,4
10848,Lantur,perenolde,319,evoker,preservation,16,4,12
10849,Polyrhythmic,ysera,304,evoker,preservation,7,4,3
10850,Kheeleesi,illidan,288,evoker,preservation,6,3,3
10851,Cambodian,whisperwind,288,evoker,preservation,6,3,3
10852,Vokefuu,illidan,288,evoker,preservation,6,3,3
10853,Thefish,tichondrius,288,evoker,preservation,6,3,3
10854,Dalechance,tichondrius,288,evoker,preservation,6,3,3
10855,Beelzeyob,illidan,288,evoker,preservation,6,3,3
10856,Gvoker,nemesis,288,evoker,preservation,6,3,3
10857,Kñuj,illidan,288,evoker,preservation,6,3,3
10858,Knowragretz,tichondrius,288,evoker,preservation,6,3,3
10859,Razdargon,kiljaeden,288,evoker,preservation,6,3,3
10860,Karuikei,proudmoore,288,evoker,preservation,6,3,3
10861,Bigtitsdrag,illidan,288,evoker,preservation,6,3,3
10862,Thendetra,mannoroth,288,evoker,preservation,6,3,3
10863,Paradïsso,tichondrius,288,evoker,preservation,6,3,3
10864,Bad,nerzhul,288,evoker,preservation,6,3,3
10865,Flappeebird,area-52,288,evoker,preservation,6,3,3
10866,Flexlong,tichondrius,288,evoker,preservation,6,3,3
10867,Spyrä,moon-guard,288,evoker,preservation,6,3,3
10868,Redhorn,frostmourne,288,evoker,preservation,6,3,3
10869,Tamagotchî,quelthalas,288,evoker,preservation,6,3,3
10870,Dracoon,madoran,288,evoker,preservation,6,3,3
10871,Evoketage,malganis,288,evoker,preservation,6,3,3
10872,Halcyonxz,tichondrius,288,evoker,preservation,6,3,3
10873,Ruffee,frostmourne,288,evoker,preservation,6,3,3
10874,Lìthium,frostmourne,288,evoker,preservation,6,3,3
10875,Drakush,tichondrius,288,evoker,preservation,6,3,3
10876,Draseew,drakkari,288,evoker,preservation,6,3,3
10877,Jokko,moon-guard,288,evoker,preservation,6,3,3
10878,Rangä,caelestrasz,288,evoker,preservation,6,3,3
10879,Predacious,draktharon,288,evoker,preservation,6,3,3
10880,Iggyytv,area-52,288,evoker,preservation,6,3,3
10881,Chawp,tichondrius,288,evoker,preservation,6,3,3
10882,Dragonsama,area-52,288,evoker,preservation,6,3,3
10883,Heidibibe,tichondrius,288,evoker,preservation,6,3,3
10884,Jakburnon,stormrage,288,evoker,preservation,6,3,3
10885,Vaeghar,anvilmar,288,evoker,preservation,6,3,3
10886,Æg,zuljin,288,evoker,preservation,6,3,3
10887,Vygrax,nerzhul,288,evoker,preservation,6,3,3
10888,Lirøu,azralon,288,evoker,preservation,6,3,3
10889,Livebate,tichondrius,288,evoker,preservation,6,3,3
10890,Ðçßñÿåæéîùøð,tichondrius,288,evoker,preservation,6,3,3
10891,Kreutzhauser,tichondrius,288,evoker,preservation,6,3,3
10892,Dragonleaves,sargeras,288,evoker,preservation,6,3,3
10893,Swagdriver,moon-guard,288,evoker,preservation,6,3,3
10894,Dimpulse,zuljin,288,evoker,preservation,6,3,3
10895,Garrgle,sargeras,288,evoker,preservation,6,3,3
10896,Cônflicted,emerald-dream,288,evoker,preservation,6,3,3
10897,Atpsuspect,nerzhul,288,evoker,preservation,6,3,3
10898,Setren,antonidas,288,evoker,preservation,6,3,3
10899,Hopefire,zuljin,288,evoker,preservation,6,3,3
10900,Simplerules,zuljin,288,evoker,preservation,6,3,3
10901,Raxdragon,sargeras,288,evoker,preservation,6,3,3
10902,Sylvee,bleeding-hollow,288,evoker,preservation,7,3,4
10903,Hel,stormrage,288,evoker,preservation,12,3,9
10904,Stormdagger,proudmoore,288,evoker,preservation,12,3,9
10905,Nowon,tichondrius,288,evoker,preservation,12,3,9
10906,Jammstraza,skywall,288,evoker,preservation,12,3,9
10907,Velzelya,zuljin,288,evoker,preservation,12,3,9
10908,Westyvoker,arthas,288,evoker,preservation,12,3,9
10909,Jumpmaster,black-dragonflight,288,evoker,preservation,12,3,9
10910,Teldormu,drenden,288,evoker,preservation,12,3,9
10911,Drakkar,elune,288,evoker,preservation,12,3,9
10912,Ðrízzy,area-52,288,evoker,preservation,12,3,9
10913,Fkndragon,proudmoore,288,evoker,preservation,12,3,9
10914,Fugginuhh,proudmoore,288,evoker,preservation,12,3,9
10915,Aethyrious,moon-guard,288,evoker,preservation,12,3,9
10916,Reflexd,malganis,288,evoker,preservation,12,3,9
10917,Discussion,area-52,288,evoker,preservation,12,3,9
10918,Ahahaa,frostmourne,288,evoker,preservation,12,3,9
10919,Phosphothel,moon-guard,288,evoker,preservation,12,3,9
10920,Vxfire,sargeras,288,evoker,preservation,12,3,9
10921,Vandornomu,illidan,288,evoker,preservation,12,3,9
10922,Tyrannicull,sargeras,288,evoker,preservation,12,3,9
10923,Raegon,wyrmrest-accord,288,evoker,preservation,12,3,9
10924,Snáckbóx,alexstrasza,288,evoker,preservation,12,3,9
10925,Galfiore,malganis,288,evoker,preservation,12,3,9
10926,Dragonbabu,area-52,288,evoker,preservation,12,3,9
10927,Simmnyxia,area-52,288,evoker,preservation,12,3,9
10928,Dwacawys,zuljin,288,evoker,preservation,12,3,9
10929,Explosives,blades-edge,288,evoker,preservation,12,3,9
10930,Cøømbuya,sargeras,288,evoker,preservation,12,3,9
10931,Mouthgorawr,tichondrius,288,evoker,preservation,13,3,10
10932,Rogir,zuljin,288,evoker,preservation,18,3,15
10933,Windchaser,kelthuzad,288,evoker,preservation,18,3,15
10934,Wapowthion,blades-edge,288,evoker,preservation,18,3,15
10935,Rizzanomics,zuljin,287,evoker,preservation,8,4,4
10936,Killerdragon,darkspear,287,evoker,preservation,6,3,3
10937,Drakier,kelthuzad,287,evoker,preservation,6,3,3
10938,Retroo,dark-iron,287,evoker,preservation,6,3,3
10939,Supereragon,area-52,287,evoker,preservation,6,3,3
10940,Deralizrd,tichondrius,287,evoker,preservation,6,3,3
10941,Notvez,bleeding-hollow,287,evoker,preservation,6,3,3
10942,Draktarion,ragnaros,287,evoker,preservation,12,3,9
10943,Bilbodragons,stormreaver,287,evoker,preservation,12,3,9
10944,Dragoreo,illidan,287,evoker,preservation,12,3,9
10945,Tazen,bleeding-hollow,287,evoker,preservation,12,3,9
10946,Chenrong,sargeras,287,evoker,preservation,12,3,9
10947,Toothlesz,draka,287,evoker,preservation,18,3,15
10948,Kalistro,quelthalas,286,evoker,preservation,6,3,3
10949,Arazarion,mugthol,285,evoker,preservation,12,3,9
10950,Sodre,illidan,285,evoker,preservation,24,3,21
10951,Jsb,moon-guard,282,evoker,preservation,30,3,27
10952,Uskrait,tichondrius,255,evoker,preservation,14,4,10
10953,Stíckyj,tichondrius,255,evoker,preservation,11,3,8
10954,Dragontamz,the-forgotten-coast,239,evoker,preservation,5,3,2
10955,Slashprovoke,frostmourne,239,evoker,preservation,5,3,2
10956,Setrazen,illidan,234,evoker,preservation,9,4,5
10957,Tugmapvpean,kelthuzad,208,evoker,preservation,7,3,4
10958,Lexazule,bleeding-hollow,192,evoker,preservation,6,2,4
10959,Scyyterr,azralon,192,evoker,preservation,6,2,4
10960,Emopidgey,dalaran,192,evoker,preservation,6,2,4
10961,Stickvoker,sargeras,192,evoker,preservation,6,2,4
10962,Sensandors,tichondrius,192,evoker,preservation,6,2,4
10963,Racovoker,zuljin,192,evoker,preservation,6,2,4
10964,Dwagonwage,zuljin,192,evoker,preservation,6,2,4
10965,Nite,lothar,192,evoker,preservation,6,2,4
10966,Flappyboy,bleeding-hollow,192,evoker,preservation,6,2,4
10967,Dscim,zuljin,192,evoker,preservation,6,2,4
10968,Custipiu,azralon,192,evoker,preservation,6,2,4
10969,Daemon,terokkar,192,evoker,preservation,6,2,4
10970,Kalrid,sargeras,192,evoker,preservation,6,2,4
10971,Topg,boulderfist,192,evoker,preservation,6,2,4
10972,Jessefurr,undermine,192,evoker,preservation,6,2,4
10973,Trensetra,sargeras,192,evoker,preservation,6,2,4
10974,Drapary,dathremar,192,evoker,preservation,6,2,4
10975,Carrnedge,area-52,192,evoker,preservation,6,2,4
10976,Blazor,sisters-of-elune,192,evoker,preservation,6,2,4
10977,Saenys,ragnaros,192,evoker,preservation,6,2,4
10978,Hochelaga,arthas,192,evoker,preservation,6,2,4
10979,Sketchybum,tichondrius,192,evoker,preservation,6,2,4
10980,Lëåf,area-52,192,evoker,preservation,6,2,4
10981,Preserveluke,moon-guard,192,evoker,preservation,6,2,4
10982,Evokesaint,wyrmrest-accord,192,evoker,preservation,6,2,4
10983,Conorvokes,tichondrius,192,evoker,preservation,6,2,4
10984,Drugdoer,illidan,192,evoker,preservation,6,2,4
10985,Alexevoker,tichondrius,192,evoker,preservation,6,2,4
10986,Ignicion,quelthalas,192,evoker,preservation,6,2,4
10987,Ndr,proudmoore,192,evoker,preservation,6,2,4
10988,Slaymedaddy,proudmoore,192,evoker,preservation,6,2,4
10989,Exiztx,tichondrius,192,evoker,preservation,6,2,4
10990,Likelybaked,kiljaeden,192,evoker,preservation,6,2,4
10991,Ashgaar,sargeras,192,evoker,preservation,6,2,4
10992,Syfen,burning-blade,192,evoker,preservation,6,2,4
10993,Koopa,malygos,192,evoker,preservation,6,2,4
10994,Arnoeryan,ragnaros,192,evoker,preservation,6,2,4
10995,Ineptqt,frostmourne,192,evoker,preservation,6,2,4
10996,Originull,tichondrius,192,evoker,preservation,6,2,4
10997,Wse,illidan,192,evoker,preservation,6,2,4
10998,Froky,stormrage,192,evoker,preservation,6,2,4
10999,Drakhaz,azralon,192,evoker,preservation,6,2,4
11000,Smurgma,frostmane,192,evoker,preservation,6,2,4
11001,Nil,malganis,192,evoker,preservation,6,2,4
11002,Sekidrac,ragnaros,192,evoker,preservation,6,2,4
11003,Tagritash,kelthuzad,192,evoker,preservation,6,2,4
11004,Wonyoungx,frostmourne,192,evoker,preservation,6,2,4
11005,Invdkill,azralon,192,evoker,preservation,6,2,4
11006,Oatmealneil,bleeding-hollow,192,evoker,preservation,10,2,8
11007,Drakthyrmonk,hyjal,192,evoker,preservation,12,2,10
11008,Contractor,emerald-dream,192,evoker,preservation,12,2,10
11009,Luxxa,bloodhoof,192,evoker,preservation,12,2,10
11010,Hutáo,tichondrius,192,evoker,preservation,12,2,10
11011,Raphd,sargeras,192,evoker,preservation,12,2,10
11012,Olesmokey,tichondrius,192,evoker,preservation,12,2,10
11013,Toyatoki,stormrage,192,evoker,preservation,12,2,10
11014,Drachenatem,skywall,192,evoker,preservation,12,2,10
11015,Ceraxxes,tichondrius,192,evoker,preservation,12,2,10
11016,Zagze,stormrage,192,evoker,preservation,12,2,10
11017,Tightp,malganis,192,evoker,preservation,12,2,10
11018,Shellybelly,shadowmoon,192,evoker,preservation,12,2,10
11019,Timecøp,zuljin,192,evoker,preservation,12,2,10
11020,Arkaan,malganis,192,evoker,preservation,12,2,10
11021,Takasaki,dalaran,192,evoker,preservation,12,2,10
11022,Chaosrebørn,bleeding-hollow,192,evoker,preservation,18,2,16
11023,Dadydafather,sargeras,192,evoker,preservation,24,2,22
11024,Lacost,area-52,191,evoker,preservation,6,2,4
11025,Dracalis,thrall,191,evoker,preservation,6,2,4
11026,Draxitar,blackrock,191,evoker,preservation,6,2,4
11027,Spyrð,emerald-dream,191,evoker,preservation,6,2,4
11028,Valethal,ragnaros,191,evoker,preservation,6,2,4
11029,Shadowyasuke,area-52,191,evoker,preservation,12,2,10
11030,Evooern,frostmourne,175,evoker,preservation,11,2,9
11031,Devokerkofwa,tichondrius,159,evoker,preservation,5,2,3
11032,Jetthryx,emerald-dream,159,evoker,preservation,11,2,9
11033,Dragonbush,sargeras,138,evoker,preservation,10,3,7
11034,Scalendar,frostmourne,138,evoker,preservation,11,3,8
11035,Shíkyo,stormrage,138,evoker,preservation,20,3,17
11036,Hutterbut,malganis,96,evoker,preservation,3,2,1
11037,Dragoondeez,bleeding-hollow,96,evoker,preservation,3,2,1
11038,Azgrodragon,stonemaul,96,evoker,preservation,6,1,5
11039,Beanflickher,tichondrius,96,evoker,preservation,6,1,5
11040,Zendrov,skywall,96,evoker,preservation,6,1,5
11041,Mookthyr,area-52,96,evoker,preservation,6,1,5
11042,Vermax,spirestone,96,evoker,preservation,6,1,5
11043,Etereosthel,ragnaros,96,evoker,preservation,6,1,5
11044,Keedrori,thrall,96,evoker,preservation,6,1,5
11045,Ohmylanta,stormrage,96,evoker,preservation,6,1,5
11046,Nivekk,zuljin,96,evoker,preservation,6,1,5
11047,Sobuker,wyrmrest-accord,96,evoker,preservation,6,1,5
11048,Iamthêt,sargeras,96,evoker,preservation,6,1,5
11049,Hausebat,moon-guard,96,evoker,preservation,6,1,5
11050,Pyrepeanut,tichondrius,96,evoker,preservation,6,1,5
11051,Vvhip,tichondrius,96,evoker,preservation,6,1,5
11052,Caelïn,malganis,96,evoker,preservation,6,1,5
11053,Uwuspit,tichondrius,96,evoker,preservation,6,1,5
11054,Gamerwords,barthilas,96,evoker,preservation,6,1,5
11055,Saînt,thrall,96,evoker,preservation,6,1,5
11056,Xampusaurio,ragnaros,96,evoker,preservation,6,1,5
11057,Atreign,blackwing-lair,96,evoker,preservation,6,1,5
11058,Tobee,stormrage,96,evoker,preservation,6,1,5
11059,Patrdorasz,zuljin,96,evoker,preservation,6,1,5
11060,Azurflame,tichondrius,96,evoker,preservation,6,1,5
11061,Neroker,malganis,96,evoker,preservation,6,1,5
11062,Dragondoh,frostmourne,96,evoker,preservation,6,1,5
11063,Vulpyre,ragnaros,96,evoker,preservation,6,1,5
11064,Spyroh,crushridge,96,evoker,preservation,6,1,5
11065,Omars,sargeras,96,evoker,preservation,6,1,5
11066,Daraz,tichondrius,96,evoker,preservation,6,1,5
11067,Simarity,thrall,96,evoker,preservation,6,1,5
11068,Deviantart,emerald-dream,96,evoker,preservation,6,1,5
11069,Rdrako,emerald-dream,96,evoker,preservation,6,1,5
11070,Ripdumpster,bonechewer,96,evoker,preservation,6,1,5
11071,Ðräco,quelthalas,96,evoker,preservation,6,1,5
11072,Dragnips,bleeding-hollow,96,evoker,preservation,6,1,5
11073,Freeblaze,blackhand,96,evoker,preservation,6,1,5
11074,Henryvoker,moknathal,96,evoker,preservation,6,1,5
11075,Nändy,tichondrius,96,evoker,preservation,6,1,5
11076,Trrxx,tichondrius,96,evoker,preservation,6,1,5
11077,Hardstuckirl,tichondrius,96,evoker,preservation,6,1,5
11078,Backuphealer,bleeding-hollow,96,evoker,preservation,6,1,5
11079,Myjewelshurt,stormrage,96,evoker,preservation,6,1,5
11080,Liltj,tichondrius,96,evoker,preservation,6,1,5
11081,Tasdarallar,frostmourne,96,evoker,preservation,6,1,5
11082,Zenetar,area-52,96,evoker,preservation,12,1,11
11083,Shimshine,destromath,96,evoker,preservation,12,1,11
11084,Dakotakek,illidan,96,evoker,preservation,12,1,11
11085,Morkite,moon-guard,96,evoker,preservation,12,1,11
11086,Jeeyell,malganis,96,evoker,preservation,12,1,11
11087,Khorvin,proudmoore,96,evoker,preservation,12,1,11
11088,Draghone,illidan,96,evoker,preservation,12,1,11
11089,Eragon,feathermoon,96,evoker,preservation,12,1,11
11090,Derath,maelstrom,96,evoker,preservation,12,1,11
11091,Dracarus,crushridge,96,evoker,preservation,12,1,11
11092,Nelphemuer,wyrmrest-accord,96,evoker,preservation,12,1,11
11093,Exilence,alleria,96,evoker,preservation,17,1,16
11094,Blowmiê,area-52,79,evoker,preservation,5,1,4
11095,Dragcules,thrall,42,evoker,preservation,11,2,9
11096,Tenyeen,moonrunner,31,evoker,preservation,2,1,1
11097,Luøzheng,drakkari,16,evoker,preservation,1,1,0
11098,Sëverus,moon-guard,9,evoker,preservation,8,5,3
11099,Thiqc,zuluhed,9,evoker,preservation,9,3,6
11100,Nikthevoker,tichondrius,2207,evoker,devastation,176,96,80
11101,Caedalade,spirestone,2180,evoker,devastation,123,70,53
11102,Nikthevoker,area-52,2162,evoker,devastation,189,98,91
11103,Ocdgamer,malganis,2133,evoker,devastation,115,58,57
11104,Whilefalse,stormrage,2125,evoker,devastation,95,48,47
11105,Lizzimcguire,zuljin,2118,evoker,devastation,90,60,30
11106,Dametra,proudmoore,2100,evoker,devastation,108,62,46
11107,Chun,malganis,2096,evoker,devastation,54,32,22
11108,Shamblewing,arthas,2094,evoker,devastation,89,44,45
11109,Caedalade,proudmoore,2041,evoker,devastation,262,131,131
11110,Eastwubz,norgannon,2036,evoker,devastation,156,83,73
11111,Rothvoker,tichondrius,2033,evoker,devastation,121,70,51
11112,Breathalizer,sargeras,2029,evoker,devastation,90,51,39
11113,Frequevoker,tichondrius,2016,evoker,devastation,59,29,30
11114,Somyr,area-52,2003,evoker,devastation,78,43,35
11115,Evokemedaddy,bleeding-hollow,1974,evoker,devastation,161,83,78
11116,Wazgon,emerald-dream,1969,evoker,devastation,242,119,123
11117,Drogu,kelthuzad,1964,evoker,devastation,48,29,19
11118,Meltharian,frostmourne,1938,evoker,devastation,104,59,45
11119,Hutaothighs,illidan,1937,evoker,devastation,130,67,63
11120,Saryuja,thunderhorn,1922,evoker,devastation,52,36,16
11121,Dzrn,moon-guard,1922,evoker,devastation,144,72,72
11122,Katadrak,area-52,1920,evoker,devastation,36,21,15
11123,Crappysmellz,tichondrius,1918,evoker,devastation,55,34,21
11124,Kinndyvoker,sargeras,1909,evoker,devastation,59,28,31
11125,Arzaria,stormrage,1906,evoker,devastation,158,88,70
11126,Rõÿ,area-52,1903,evoker,devastation,42,25,17
11127,Juicyjom,staghelm,1900,evoker,devastation,60,30,30
11128,Bigdrag,blackhand,1896,evoker,devastation,198,104,94
11129,Ayavi,illidan,1890,evoker,devastation,96,61,35
11130,Trogdør,illidan,1887,evoker,devastation,159,79,80
11131,Quadude,illidan,1886,evoker,devastation,221,109,112
11132,Artemad,moon-guard,1885,evoker,devastation,48,32,16
11133,Gôdzevoker,area-52,1879,evoker,devastation,129,73,56
11134,Seldantria,dalaran,1875,evoker,devastation,71,36,35
11135,Azazél,borean-tundra,1868,evoker,devastation,257,136,121
11136,Krashbandico,zangarmarsh,1863,evoker,devastation,61,30,31
11137,Mtndewboy,illidan,1856,evoker,devastation,126,67,59
11138,Thrawn,arygos,1855,evoker,devastation,59,37,22
11139,Bugberry,illidan,1854,evoker,devastation,96,51,45
11140,Xxkimura,tichondrius,1854,evoker,devastation,228,121,107
11141,Strepo,proudmoore,1851,evoker,devastation,66,34,32
11142,Royquaza,illidan,1850,evoker,devastation,60,33,27
11143,Wheezee,emerald-dream,1850,evoker,devastation,46,25,21
11144,Rescued,wyrmrest-accord,1848,evoker,devastation,54,31,23
11145,Azradormu,zuljin,1847,evoker,devastation,198,94,104
11146,Tatsurai,tichondrius,1845,evoker,devastation,43,24,19
11147,Fores,tichondrius,1845,evoker,devastation,127,65,62
11148,Eshen,ragnaros,1843,evoker,devastation,298,158,140
11149,Koalaman,area-52,1840,evoker,devastation,294,149,145
11150,Plep,wyrmrest-accord,1836,evoker,devastation,51,30,21
11151,Laneva,moon-guard,1835,evoker,devastation,128,86,42
11152,Anachronormu,mannoroth,1833,evoker,devastation,83,46,37
11153,Venarys,dalaran,1826,evoker,devastation,42,30,12
11154,Raxdragon,sargeras,1826,evoker,devastation,36,22,14
11155,Draxarys,tichondrius,1826,evoker,devastation,286,140,146
11156,Srb,chogall,1824,evoker,devastation,113,63,50
11157,Krúnsh,ragnaros,1823,evoker,devastation,191,104,87
11158,Airgordan,area-52,1821,evoker,devastation,77,37,40
11159,Zoomi,whisperwind,1819,evoker,devastation,35,20,15
11160,Komodolong,tichondrius,1819,evoker,devastation,53,26,27
11161,Evokes,moon-guard,1818,evoker,devastation,80,41,39
11162,Kyloflight,thrall,1817,evoker,devastation,50,33,17
11163,Dracaryz,blackhand,1814,evoker,devastation,60,35,25
11164,Puf,magtheridon,1814,evoker,devastation,268,146,122
11165,Gridskully,quelthalas,1814,evoker,devastation,81,38,43
11166,Teriarch,stormrage,1813,evoker,devastation,39,23,16
11167,Drakori,azralon,1812,evoker,devastation,80,49,31
11168,Gojirastraza,stormrage,1810,evoker,devastation,53,32,21
11169,Gwaelii,tichondrius,1809,evoker,devastation,105,62,43
11170,Pykan,skullcrusher,1809,evoker,devastation,47,24,23
11171,Ragedizzle,twisting-nether,1808,evoker,devastation,91,49,42
11172,Mil,lightnings-blade,1808,evoker,devastation,69,37,32
11173,Geicovoker,tichondrius,1806,evoker,devastation,52,30,22
11174,Juicylizard,stormrage,1805,evoker,devastation,212,111,101
11175,Tazriak,tichondrius,1803,evoker,devastation,83,52,31
11176,Thordak,drakkari,1801,evoker,devastation,72,40,32
11177,Fractalz,alterac-mountains,1800,evoker,devastation,169,92,77
11178,Mcglizzy,stormrage,1796,evoker,devastation,155,86,69
11179,Obsidianimp,sargeras,1785,evoker,devastation,54,24,30
11180,Yrue,moon-guard,1779,evoker,devastation,36,19,17
11181,Swolegarian,emerald-dream,1777,evoker,devastation,53,32,21
11182,Draxarys,area-52,1776,evoker,devastation,224,112,112
11183,Mfquietus,illidan,1773,evoker,devastation,84,49,35
11184,Nørbert,frostmourne,1769,evoker,devastation,48,29,19
11185,Dooklord,shuhalo,1763,evoker,devastation,54,24,30
11186,Ethalem,thrall,1757,evoker,devastation,271,146,125
11187,Coltist,elune,1753,evoker,devastation,30,22,8
11188,Tagzy,tichondrius,1750,evoker,devastation,99,63,36
11189,Dilon,area-52,1750,evoker,devastation,72,41,31
11190,Oldxdrake,sargeras,1748,evoker,devastation,144,73,71
11191,Milkymike,uldum,1745,evoker,devastation,54,33,21
11192,Emiriss,thrall,1744,evoker,devastation,88,45,43
11193,Flapples,stormrage,1743,evoker,devastation,96,53,43
11194,Vhagarius,tichondrius,1735,evoker,devastation,94,47,47
11195,Theredmenace,barthilas,1734,evoker,devastation,41,26,15
11196,Cowboyydann,malganis,1733,evoker,devastation,29,19,10
11197,Stickvoker,sargeras,1733,evoker,devastation,66,40,26
11198,Golden,area-52,1733,evoker,devastation,46,24,22
11199,Vizora,moon-guard,1732,evoker,devastation,116,65,51
11200,Rá,drenden,1728,evoker,devastation,78,34,44
11201,Beatdownbill,sargeras,1725,evoker,devastation,130,66,64
11202,Derite,bonechewer,1723,evoker,devastation,40,29,11
11203,Fizzlevoker,malganis,1715,evoker,devastation,53,26,27
11204,Nunez,frostmourne,1713,evoker,devastation,41,22,19
11205,Betasoldier,kelthuzad,1708,evoker,devastation,95,56,39
11206,Æthyr,anubarak,1707,evoker,devastation,36,26,10
11207,Blowmiê,area-52,1706,evoker,devastation,158,84,74
11208,Evokez,barthilas,1705,evoker,devastation,42,31,11
11209,Mushugon,wyrmrest-accord,1704,evoker,devastation,47,29,18
11210,Ðeepßreath,sargeras,1703,evoker,devastation,66,35,31
11211,Spyrodadrago,malganis,1700,evoker,devastation,66,38,28
11212,Drgua,tichondrius,1696,evoker,devastation,42,25,17
11213,Jase,gilneas,1691,evoker,devastation,74,45,29
11214,Dwagonwage,zuljin,1689,evoker,devastation,72,35,37
11215,Scaleychad,zuljin,1688,evoker,devastation,53,27,26
11216,Qbgosa,malganis,1686,evoker,devastation,48,27,21
11217,Arkeryte,moon-guard,1686,evoker,devastation,126,66,60
11218,Djvoker,zuljin,1681,evoker,devastation,62,32,30
11219,Darkwingz,icecrown,1680,evoker,devastation,44,25,19
11220,Izzythelizzy,tichondrius,1679,evoker,devastation,174,93,81
11221,Eszel,thunderlord,1679,evoker,devastation,184,98,86
11222,Caelïn,malganis,1679,evoker,devastation,186,99,87
11223,Catvoker,area-52,1678,evoker,devastation,114,58,56
11224,Alekoslol,area-52,1677,evoker,devastation,46,27,19
11225,Shoestrings,tichondrius,1675,evoker,devastation,108,51,57
11226,Nazaral,mannoroth,1674,evoker,devastation,84,45,39
11227,Garlicbreth,stormrage,1671,evoker,devastation,76,40,36
11228,Bucket,wyrmrest-accord,1665,evoker,devastation,48,24,24
11229,Xhamon,quelthalas,1661,evoker,devastation,124,60,64
11230,Nändy,tichondrius,1659,evoker,devastation,42,25,17
11231,Shalander,proudmoore,1658,evoker,devastation,141,79,62
11232,Dracthael,stormrage,1658,evoker,devastation,80,43,37
11233,Balrôg,malganis,1656,evoker,devastation,63,29,34
11234,Dovàhkin,moon-guard,1655,evoker,devastation,66,35,31
11235,Mindme,tichondrius,1652,evoker,devastation,53,30,23
11236,Haramcad,tichondrius,1652,evoker,devastation,165,89,76
11237,Bombs,shattered-hand,1651,evoker,devastation,144,77,67
11238,Wonyoungx,frostmourne,1651,evoker,devastation,62,29,33
11239,Wingdeadly,tichondrius,1650,evoker,devastation,66,35,31
11240,Koralia,moon-guard,1647,evoker,devastation,42,18,24
11241,Sofyon,dalaran,1646,evoker,devastation,40,20,20
11242,Deralan,khaz-modan,1645,evoker,devastation,36,20,16
11243,Psynister,illidan,1644,evoker,devastation,168,76,92
11244,Rotscale,proudmoore,1643,evoker,devastation,36,22,14
11245,Hmong,proudmoore,1643,evoker,devastation,48,20,28
11246,Erizcdraa,tichondrius,1642,evoker,devastation,46,26,20
11247,Blackdragôn,stormrage,1641,evoker,devastation,43,22,21
11248,Epollyon,sargeras,1639,evoker,devastation,42,25,17
11249,Zeranthal,moon-guard,1632,evoker,devastation,32,21,11
11250,Burnyxia,zuljin,1628,evoker,devastation,48,23,25
11251,Quickshootin,tichondrius,1628,evoker,devastation,65,28,37
11252,Rizzanomics,zuljin,1626,evoker,devastation,76,32,44
11253,Evòker,tichondrius,1625,evoker,devastation,54,28,26
11254,Galakrønd,illidan,1624,evoker,devastation,116,63,53
11255,Draislyn,cenarion-circle,1622,evoker,devastation,36,23,13
11256,Mmrglmrglmr,stormrage,1620,evoker,devastation,65,37,28
11257,Quadarius,tichondrius,1617,evoker,devastation,147,82,65
11258,Lorb,icecrown,1616,evoker,devastation,170,94,76
11259,Eternabeam,gilneas,1614,evoker,devastation,89,45,44
11260,Smoochies,emerald-dream,1614,evoker,devastation,72,36,36
11261,Zyzzy,icecrown,1613,evoker,devastation,80,48,32
11262,Embarasi,moon-guard,1613,evoker,devastation,60,36,24
11263,Jòrmungandr,moon-guard,1613,evoker,devastation,56,24,32
11264,Endoveire,tichondrius,1613,evoker,devastation,54,23,31
11265,Âvalon,zuljin,1611,evoker,devastation,24,17,7
11266,Bréáth,tichondrius,1608,evoker,devastation,48,33,15
11267,Youdig,nazjatar,1608,evoker,devastation,42,24,18
11268,Rðsè,tichondrius,1608,evoker,devastation,150,71,79
11269,Akajills,tichondrius,1607,evoker,devastation,124,70,54
11270,Pewnee,eonar,1607,evoker,devastation,83,40,43
11271,Eshaybruh,barthilas,1605,evoker,devastation,34,20,14
11272,Dracomalfoyy,caelestrasz,1605,evoker,devastation,33,18,15
11273,Xplode,area-52,1605,evoker,devastation,206,108,98
11274,Dubskis,area-52,1603,evoker,devastation,122,63,59
11275,Jereico,stonemaul,1603,evoker,devastation,78,39,39
11276,Bently,bloodhoof,1603,evoker,devastation,48,21,27
11277,Marccuss,bleeding-hollow,1601,evoker,devastation,24,17,7
11278,Ryuback,sargeras,1601,evoker,devastation,42,26,16
11279,Xhaal,tichondrius,1601,evoker,devastation,168,83,85
11280,Rengöku,skullcrusher,1599,evoker,devastation,48,24,24
11281,Dragonkings,tichondrius,1599,evoker,devastation,75,33,42
11282,Imugee,sargeras,1598,evoker,devastation,54,27,27
11283,Zona,moon-guard,1597,evoker,devastation,54,26,28
11284,Juooun,tichondrius,1597,evoker,devastation,77,35,42
11285,Potfase,tichondrius,1596,evoker,devastation,50,23,27
11286,Lïzzy,tichondrius,1594,evoker,devastation,30,21,9
11287,Ackreshanaz,nagrand,1594,evoker,devastation,36,17,19
11288,Zenithria,thrall,1593,evoker,devastation,106,54,52
11289,Rinstraza,thrall,1592,evoker,devastation,138,70,68
11290,Curtis,shadowmoon,1590,evoker,devastation,112,66,46
11291,Batwig,tichondrius,1590,evoker,devastation,71,39,32
11292,Hochenblume,proudmoore,1590,evoker,devastation,59,30,29
11293,Kozukimomo,area-52,1586,evoker,devastation,119,59,60
11294,Linguistic,tichondrius,1585,evoker,devastation,54,29,25
11295,Terraxkhan,quelthalas,1585,evoker,devastation,66,29,37
11296,Mayhemvoker,rexxar,1584,evoker,devastation,54,32,22
11297,Flysokan,tichondrius,1582,evoker,devastation,63,32,31
11298,Algonir,wyrmrest-accord,1581,evoker,devastation,30,17,13
11299,Kalisee,skullcrusher,1579,evoker,devastation,85,46,39
11300,Netreset,illidan,1578,evoker,devastation,37,20,17
11301,Envisioned,kelthuzad,1572,evoker,devastation,36,19,17
11302,Voithyr,moon-guard,1571,evoker,devastation,98,54,44
11303,Aarax,tichondrius,1570,evoker,devastation,89,45,44
11304,Ævoker,tichondrius,1569,evoker,devastation,111,54,57
11305,Drachenatem,skywall,1561,evoker,devastation,36,22,14
11306,Spicyrooster,area-52,1560,evoker,devastation,38,21,17
11307,Devilmanguy,bonechewer,1558,evoker,devastation,72,34,38
11308,Karox,moon-guard,1552,evoker,devastation,143,71,72
11309,Bryiona,proudmoore,1550,evoker,devastation,81,40,41
11310,Flippyflappy,zuljin,1549,evoker,devastation,30,17,13
11311,Breezemordus,zuljin,1547,evoker,devastation,36,20,16
11312,Shortdargon,zuljin,1547,evoker,devastation,36,18,18
11313,Nishalethen,moon-guard,1547,evoker,devastation,68,33,35
11314,Sintholo,sargeras,1544,evoker,devastation,104,52,52
11315,Agheel,firetree,1543,evoker,devastation,44,23,21
11316,Zindraco,thrall,1542,evoker,devastation,36,17,19
11317,Jiminsgf,tichondrius,1539,evoker,devastation,56,37,19
11318,Dragnmÿballs,blackrock,1536,evoker,devastation,34,20,14
11319,Emoker,magtheridon,1535,evoker,devastation,54,31,23
11320,Hoodwings,stormrage,1533,evoker,devastation,79,46,33
11321,Deathwingtwo,sargeras,1533,evoker,devastation,61,34,27
11322,Hydrogenbomb,sargeras,1530,evoker,devastation,86,47,39
11323,Børedom,burning-legion,1529,evoker,devastation,48,30,18
11324,Nxnevo,tichondrius,1529,evoker,devastation,36,19,17
11325,You,deathwing,1528,evoker,devastation,42,24,18
11326,Chànge,lothar,1527,evoker,devastation,71,36,35
11327,Zandrov,greymane,1526,evoker,devastation,51,29,22
11328,Hotdragon,zuljin,1526,evoker,devastation,78,43,35
11329,Meleyx,saurfang,1526,evoker,devastation,66,33,33
11330,Trákanon,mugthol,1524,evoker,devastation,47,25,22
11331,Valentis,bleeding-hollow,1522,evoker,devastation,84,49,35
11332,Madjeckyl,dalaran,1518,evoker,devastation,30,16,14
11333,Bryágh,wyrmrest-accord,1517,evoker,devastation,147,76,71
11334,Bumbaclot,illidan,1516,evoker,devastation,30,16,14
11335,Devdjinn,tichondrius,1516,evoker,devastation,198,105,93
11336,Olesmokey,tichondrius,1513,evoker,devastation,86,45,41
11337,Zenasatral,sargeras,1512,evoker,devastation,25,17,8
11338,Encouraçado,stormrage,1512,evoker,devastation,47,26,21
11339,Galrend,firetree,1511,evoker,devastation,78,41,37
11340,Baigels,thrall,1510,evoker,devastation,36,18,18
11341,Polyrhythmic,ysera,1510,evoker,devastation,79,38,41
11342,Growthyy,malganis,1506,evoker,devastation,24,16,8
11343,Whethersmell,tichondrius,1505,evoker,devastation,33,20,13
11344,Abaddragon,dalaran,1505,evoker,devastation,47,20,27
11345,Tinine,frostmourne,1503,evoker,devastation,60,33,27
11346,Mythsvoker,barthilas,1503,evoker,devastation,37,18,19
11347,Drussyboy,illidan,1499,evoker,devastation,82,42,40
11348,Atreign,blackwing-lair,1499,evoker,devastation,55,22,33
11349,Tezzyl,kiljaeden,1498,evoker,devastation,30,16,14
11350,Tealetaz,area-52,1495,evoker,devastation,49,32,17
11351,Famousdr,stormrage,1495,evoker,devastation,50,26,24
11352,Dunkinonem,black-dragonflight,1494,evoker,devastation,42,25,17
11353,Kylidon,garrosh,1494,evoker,devastation,53,28,25
11354,Kozara,trollbane,1494,evoker,devastation,35,17,18
11355,Puffthemagiq,mugthol,1491,evoker,devastation,48,28,20
11356,Ùwüdragon,tichondrius,1490,evoker,devastation,118,71,47
11357,Erling,duskwood,1490,evoker,devastation,84,46,38
11358,Jgdragon,sargeras,1489,evoker,devastation,36,18,18
11359,Dimatis,ragnaros,1488,evoker,devastation,42,17,25
11360,Xaeradroz,area-52,1486,evoker,devastation,78,41,37
11361,Dragontales,stormrage,1483,evoker,devastation,90,48,42
11362,Bloodwings,tichondrius,1482,evoker,devastation,30,16,14
11363,Qfyre,frostmourne,1480,evoker,devastation,57,34,23
11364,Bellerion,proudmoore,1480,evoker,devastation,54,26,28
11365,Jowtzprev,ragnaros,1476,evoker,devastation,66,35,31
11366,Dragonvore,moon-guard,1475,evoker,devastation,23,17,6
11367,Elurb,illidan,1475,evoker,devastation,50,30,20
11368,Narissian,wyrmrest-accord,1473,evoker,devastation,114,58,56
11369,Setash,kiljaeden,1465,evoker,devastation,62,36,26
11370,Dekux,elune,1459,evoker,devastation,36,16,20
11371,Mustardtiger,malorne,1458,evoker,devastation,56,31,25
11372,Rhÿu,quelthalas,1455,evoker,devastation,71,36,35
11373,Dragondis,thrall,1454,evoker,devastation,47,23,24
11374,Unseenzblack,tichondrius,1453,evoker,devastation,30,19,11
11375,Tabebuya,illidan,1453,evoker,devastation,50,19,31
11376,Dragontrees,illidan,1450,evoker,devastation,36,19,17
11377,Amlug,illidan,1450,evoker,devastation,88,38,50
11378,Ýüp,tichondrius,1448,evoker,devastation,34,21,13
11379,Lizardik,lightnings-blade,1448,evoker,devastation,26,16,10
11380,Midi,boulderfist,1446,evoker,devastation,42,21,21
11381,Lilfootmommy,emerald-dream,1446,evoker,devastation,36,16,20
11382,Serthius,darkspear,1439,evoker,devastation,24,17,7
11383,Peef,tichondrius,1439,evoker,devastation,24,15,9
11384,Topg,boulderfist,1439,evoker,devastation,33,18,15
11385,Salakhar,drakkari,1438,evoker,devastation,38,24,14
11386,Kheeleesi,illidan,1438,evoker,devastation,113,55,58
11387,Monkeydrake,tichondrius,1438,evoker,devastation,72,31,41
11388,Zalzin,agamaggan,1435,evoker,devastation,92,48,44
11389,Jurokiel,sargeras,1434,evoker,devastation,135,73,62
11390,Vexosza,moon-guard,1434,evoker,devastation,30,16,14
11391,Joopydrake,tichondrius,1431,evoker,devastation,30,15,15
11392,Raller,malganis,1430,evoker,devastation,24,15,9
11393,Dracthyrius,thunderlord,1430,evoker,devastation,30,16,14
11394,Valthenax,frostmourne,1430,evoker,devastation,94,39,55
11395,Brounno,area-52,1429,evoker,devastation,76,49,27
11396,Brendormu,moon-guard,1428,evoker,devastation,36,15,21
11397,Zartolas,moon-guard,1426,evoker,devastation,106,48,58
11398,Kinto,stormrage,1425,evoker,devastation,36,15,21
11399,Neith,aerie-peak,1425,evoker,devastation,47,18,29
11400,Dylawn,illidan,1424,evoker,devastation,54,31,23
11401,Dragonbic,illidan,1423,evoker,devastation,36,16,20
11402,Evoqz,stormrage,1422,evoker,devastation,30,18,12
11403,Drêki,bleeding-hollow,1422,evoker,devastation,36,16,20
11404,Grapthar,korgath,1418,evoker,devastation,78,41,37
11405,Trenash,illidan,1418,evoker,devastation,76,32,44
11406,Kjerne,stormrage,1417,evoker,devastation,35,23,12
11407,Nethenezoth,auchindoun,1414,evoker,devastation,30,15,15
11408,Rangel,tol-barad,1414,evoker,devastation,39,17,22
11409,Talanoth,skullcrusher,1408,evoker,devastation,57,34,23
11410,Dreamtalons,area-52,1408,evoker,devastation,36,20,16
11411,Desiinger,tichondrius,1406,evoker,devastation,48,25,23
11412,Chinesedragn,tichondrius,1406,evoker,devastation,88,44,44
11413,Toastragosa,cenarius,1406,evoker,devastation,149,66,83
11414,Drayongari,tichondrius,1405,evoker,devastation,36,16,20
11415,Thechadwasgr,bleeding-hollow,1403,evoker,devastation,62,31,31
11416,Dragoom,saurfang,1402,evoker,devastation,36,20,16
11417,Firkrag,bleeding-hollow,1402,evoker,devastation,60,28,32
11418,Jarzilla,illidan,1401,evoker,devastation,24,15,9
11419,Spicy,mannoroth,1400,evoker,devastation,40,22,18
11420,Favoredson,area-52,1400,evoker,devastation,48,25,23
11421,Valkalas,moon-guard,1400,evoker,devastation,63,30,33
11422,Dillss,tichondrius,1397,evoker,devastation,66,31,35
11423,Veserion,azralon,1396,evoker,devastation,90,50,40
11424,Drflame,quelthalas,1394,evoker,devastation,41,22,19
11425,Rodgoesinya,blackrock,1392,evoker,devastation,54,30,24
11426,Blittlle,bleeding-hollow,1391,evoker,devastation,66,39,27
11427,Deewey,sargeras,1389,evoker,devastation,30,16,14
11428,Prevocker,sargeras,1387,evoker,devastation,85,37,48
11429,Tyrvin,kiljaeden,1382,evoker,devastation,145,72,73
11430,Howtew,jubeithos,1377,evoker,devastation,72,37,35
11431,Ashenoth,antonidas,1376,evoker,devastation,42,23,19
11432,Devonstation,zuljin,1372,evoker,devastation,48,25,23
11433,Zeetash,illidan,1372,evoker,devastation,78,30,48
11434,Malygoz,frostmourne,1370,evoker,devastation,60,24,36
11435,Monyz,emerald-dream,1369,evoker,devastation,56,38,18
11436,Kosstro,thunderlord,1366,evoker,devastation,52,32,20
11437,Dailon,stormreaver,1365,evoker,devastation,39,17,22
11438,Bvo,stormrage,1364,evoker,devastation,77,41,36
11439,Gutterskank,illidan,1362,evoker,devastation,35,22,13
11440,Navaji,tichondrius,1362,evoker,devastation,55,30,25
11441,Evokedx,area-52,1361,evoker,devastation,42,21,21
11442,Sidrasza,norgannon,1360,evoker,devastation,73,40,33
11443,Zayllaerth,illidan,1360,evoker,devastation,82,42,40
11444,Cròk,quelthalas,1360,evoker,devastation,33,15,18
11445,Ezarke,madoran,1359,evoker,devastation,35,17,18
11446,Thendroz,moon-guard,1357,evoker,devastation,30,18,12
11447,Grendalevo,tichondrius,1357,evoker,devastation,57,28,29
11448,Drogan,demon-soul,1356,evoker,devastation,92,55,37
11449,Valyrik,illidan,1356,evoker,devastation,110,54,56
11450,Lexgrossman,kelthuzad,1353,evoker,devastation,98,50,48
11451,Kêristrasza,wyrmrest-accord,1352,evoker,devastation,54,27,27
11452,Hugehorns,jubeithos,1349,evoker,devastation,24,15,9
11453,Daydrac,thrall,1348,evoker,devastation,32,15,17
11454,Trazana,wyrmrest-accord,1344,evoker,devastation,29,16,13
11455,Bumbledragn,moon-guard,1344,evoker,devastation,101,49,52
11456,Superscales,zuljin,1343,evoker,devastation,25,15,10
11457,Sylnathaire,wyrmrest-accord,1343,evoker,devastation,84,41,43
11458,Aydetal,eonar,1343,evoker,devastation,42,20,22
11459,Dragoness,azralon,1341,evoker,devastation,65,26,39
11460,Jwoker,malganis,1340,evoker,devastation,36,14,22
11461,Zendrov,skywall,1339,evoker,devastation,36,17,19
11462,Yuukee,thrall,1338,evoker,devastation,43,23,20
11463,Madashy,durotan,1336,evoker,devastation,48,21,27
11464,Dîego,azralon,1333,evoker,devastation,40,24,16
11465,Drakoris,malganis,1331,evoker,devastation,117,61,56
11466,Zlandicaar,area-52,1329,evoker,devastation,66,31,35
11467,Acoldwall,illidan,1328,evoker,devastation,24,15,9
11468,Koralia,wyrmrest-accord,1328,evoker,devastation,30,14,16
11469,Vaelikai,korgath,1326,evoker,devastation,18,14,4
11470,Dvrk,frostmourne,1326,evoker,devastation,47,23,24
11471,Dovå,moon-guard,1322,evoker,devastation,32,16,16
11472,Wackthyr,frostmourne,1320,evoker,devastation,36,18,18
11473,Emikothyr,thrall,1319,evoker,devastation,74,41,33
11474,Tekath,altar-of-storms,1317,evoker,devastation,56,26,30
11475,Dragneel,wyrmrest-accord,1316,evoker,devastation,62,25,37
11476,Drahconne,illidan,1312,evoker,devastation,76,40,36
11477,Jabbawockeëz,drakkari,1310,evoker,devastation,97,51,46
11478,Skooby,drenden,1309,evoker,devastation,30,16,14
11479,Targaryenz,malganis,1304,evoker,devastation,48,25,23
11480,Raghnard,illidan,1303,evoker,devastation,70,37,33
11481,Senven,blackhand,1303,evoker,devastation,48,21,27
11482,Skykeeper,quelthalas,1300,evoker,devastation,130,67,63
11483,Zlolykcir,malganis,1299,evoker,devastation,89,48,41
11484,Midnights,scarlet-crusade,1296,evoker,devastation,89,52,37
11485,Vahaerys,stormrage,1296,evoker,devastation,48,21,27
11486,Panicnodisco,zuljin,1292,evoker,devastation,23,14,9
11487,Darazen,scarlet-crusade,1290,evoker,devastation,36,17,19
11488,Tinà,tichondrius,1288,evoker,devastation,36,18,18
11489,Obeahfire,tichondrius,1288,evoker,devastation,64,24,40
11490,Wrecketz,tichondrius,1284,evoker,devastation,100,53,47
11491,Vokeero,ysera,1284,evoker,devastation,72,36,36
11492,Aktas,illidan,1280,evoker,devastation,40,19,21
11493,Benares,zuljin,1279,evoker,devastation,91,43,48
11494,Vlåd,tichondrius,1279,evoker,devastation,42,19,23
11495,Sylverion,thrall,1277,evoker,devastation,70,35,35
11496,Zorashal,kiljaeden,1276,evoker,devastation,52,31,21
11497,Puffthemagik,doomhammer,1276,evoker,devastation,118,51,67
11498,Narthraxion,destromath,1268,evoker,devastation,51,25,26
11499,Evokjoe,tortheldrin,1262,evoker,devastation,58,29,29
11500,Døvahkiin,sargeras,1260,evoker,devastation,29,14,15
11501,Nathenezital,frostmourne,1255,evoker,devastation,39,21,18
11502,Itwasntthis,tichondrius,1254,evoker,devastation,123,61,62
11503,Crogosa,quelthalas,1251,evoker,devastation,36,14,22
11504,Êsh,lightbringer,1249,evoker,devastation,24,14,10
11505,Ezgamedeez,tichondrius,1247,evoker,devastation,24,13,11
11506,Aoxila,proudmoore,1247,evoker,devastation,239,114,125
11507,Marknormand,area-52,1246,evoker,devastation,24,13,11
11508,Shanegillis,emerald-dream,1244,evoker,devastation,18,13,5
11509,Sindraxx,stormrage,1242,evoker,devastation,57,30,27
11510,Taeloc,frostmourne,1240,evoker,devastation,30,13,17
11511,Dracfire,saurfang,1239,evoker,devastation,24,13,11
11512,Azorian,vashj,1236,evoker,devastation,36,21,15
11513,Longxx,dalaran,1235,evoker,devastation,24,13,11
11514,Galakraas,proudmoore,1235,evoker,devastation,75,34,41
11515,Xm,emerald-dream,1235,evoker,devastation,31,14,17
11516,Bigbadfred,tichondrius,1234,evoker,devastation,24,13,11
11517,Tasoly,stormrage,1229,evoker,devastation,36,13,23
11518,Klownfiesta,thrall,1227,evoker,devastation,54,30,24
11519,Phlegython,eredar,1226,evoker,devastation,30,13,17
11520,Dingermun,bleeding-hollow,1225,evoker,devastation,20,15,5
11521,Valakaztower,area-52,1225,evoker,devastation,36,19,17
11522,Nazanazar,wyrmrest-accord,1223,evoker,devastation,98,46,52
11523,Craterearth,moon-guard,1223,evoker,devastation,30,13,17
11524,Nathx,drakkari,1222,evoker,devastation,24,18,6
11525,Cheaterz,area-52,1222,evoker,devastation,36,22,14
11526,Dracthul,tichondrius,1222,evoker,devastation,42,22,20
11527,Slitherin,dalaran,1222,evoker,devastation,54,22,32
11528,Alligatorz,sargeras,1219,evoker,devastation,30,14,16
11529,Jugzxs,frostmourne,1213,evoker,devastation,36,14,22
11530,Draginnutz,dunemaul,1206,evoker,devastation,30,13,17
11531,Draconicus,bonechewer,1204,evoker,devastation,142,69,73
11532,Trenot,draenor,1202,evoker,devastation,42,21,21
11533,Layothyr,stormrage,1201,evoker,devastation,24,14,10
11534,Aelvina,moon-guard,1201,evoker,devastation,30,13,17
11535,Ejokerxx,tichondrius,1193,evoker,devastation,24,14,10
11536,Dragkon,azuremyst,1190,evoker,devastation,54,22,32
11537,Ironscale,dalaran,1186,evoker,devastation,30,13,17
11538,Paean,moon-guard,1183,evoker,devastation,32,18,14
11539,Evooern,frostmourne,1181,evoker,devastation,84,39,45
11540,Xampusaurio,ragnaros,1178,evoker,devastation,24,13,11
11541,Kaikisen,malganis,1178,evoker,devastation,41,19,22
11542,Climax,stormrage,1177,evoker,devastation,28,13,15
11543,Vaayu,moon-guard,1176,evoker,devastation,24,13,11
11544,Sethelys,tichondrius,1176,evoker,devastation,26,13,13
11545,Dragonair,spinebreaker,1173,evoker,devastation,27,13,14
11546,Loganvkr,illidan,1172,evoker,devastation,30,14,16
11547,Loginplease,frostmourne,1171,evoker,devastation,86,40,46
11548,Teritwo,stormrage,1166,evoker,devastation,28,13,15
11549,Skizle,destromath,1166,evoker,devastation,29,13,16
11550,Dragonpete,whisperwind,1161,evoker,devastation,48,23,25
11551,Kèrby,frostmourne,1159,evoker,devastation,24,13,11
11552,Drakhaz,azralon,1156,evoker,devastation,22,13,9
11553,Visron,stormrage,1153,evoker,devastation,65,41,24
11554,Asham,azralon,1152,evoker,devastation,63,36,27
11555,Stretonaught,dalaran,1152,evoker,devastation,27,14,13
11556,Tërminus,quelthalas,1151,evoker,devastation,18,12,6
11557,Devokerx,emerald-dream,1151,evoker,devastation,18,12,6
11558,Shwaydbz,zuljin,1151,evoker,devastation,24,12,12
11559,Drsgme,dentarg,1150,evoker,devastation,24,12,12
11560,Aentharion,argent-dawn,1147,evoker,devastation,24,12,12
11561,Zervis,arthas,1147,evoker,devastation,30,12,18
11562,Thalyxia,azralon,1146,evoker,devastation,30,13,17
11563,Drozul,stormrage,1145,evoker,devastation,30,12,18
11564,Dragoceleste,ragnaros,1140,evoker,devastation,54,26,28
11565,Taamyr,wyrmrest-accord,1139,evoker,devastation,96,51,45
11566,Midyr,nemesis,1138,evoker,devastation,30,18,12
11567,Dinnkyion,dalaran,1138,evoker,devastation,24,12,12
11568,Slimyreptile,sargeras,1134,evoker,devastation,69,31,38
11569,Dragonbranch,area-52,1133,evoker,devastation,24,12,12
11570,Lorathyr,lothar,1128,evoker,devastation,24,12,12
11571,Enuzan,dalaran,1128,evoker,devastation,89,41,48
11572,Duamutef,wyrmrest-accord,1127,evoker,devastation,28,16,12
11573,Archion,azgalor,1127,evoker,devastation,35,13,22
11574,Fortwonty,thrall,1120,evoker,devastation,24,14,10
11575,Yiserion,sargeras,1119,evoker,devastation,145,71,74
11576,Skykeeper,dalaran,1118,evoker,devastation,24,12,12
11577,Tralanoth,destromath,1117,evoker,devastation,24,12,12
11578,Bhalaria,ragnaros,1113,evoker,devastation,69,25,44
11579,Paycussy,sargeras,1110,evoker,devastation,18,12,6
11580,Drakonyx,mugthol,1107,evoker,devastation,56,22,34
11581,Zitasanazen,tichondrius,1107,evoker,devastation,64,25,39
11582,Byäkuyá,azralon,1106,evoker,devastation,89,46,43
11583,Drögón,stormrage,1100,evoker,devastation,42,27,15
11584,Crymor,lethon,1099,evoker,devastation,30,16,14
11585,Madelines,tichondrius,1097,evoker,devastation,24,13,11
11586,Zhannecgos,moon-guard,1087,evoker,devastation,28,12,16
11587,Gamerwords,barthilas,1070,evoker,devastation,30,13,17
11588,Durijus,tichondrius,1069,evoker,devastation,35,14,21
11589,Ðarkwyrm,laughing-skull,1062,evoker,devastation,42,22,20
11590,Ezath,zuljin,1062,evoker,devastation,30,15,15
11591,Zlyrax,moon-guard,1056,evoker,devastation,12,11,1
11592,Cunk,illidan,1056,evoker,devastation,35,24,11
11593,Devokèr,tichondrius,1056,evoker,devastation,24,11,13
11594,Kiry,emerald-dream,1055,evoker,devastation,24,11,13
11595,Hydroponicsz,bloodscalp,1055,evoker,devastation,24,11,13
11596,Jwas,tichondrius,1055,evoker,devastation,24,11,13
11597,Gypgo,ragnaros,1054,evoker,devastation,18,11,7
11598,Kubus,emerald-dream,1054,evoker,devastation,18,11,7
11599,Tepaku,thrall,1054,evoker,devastation,18,11,7
11600,Dracopium,tichondrius,1054,evoker,devastation,24,14,10
11601,Yousurper,thunderlord,1054,evoker,devastation,27,14,13
11602,Meepslol,kiljaeden,1053,evoker,devastation,15,12,3
11603,Raygos,nemesis,1053,evoker,devastation,62,23,39
11604,Azulagos,sargeras,1051,evoker,devastation,16,13,3
11605,Eìdolon,sargeras,1049,evoker,devastation,18,11,7
11606,Satanasx,illidan,1048,evoker,devastation,24,11,13
11607,Deàthwing,proudmoore,1045,evoker,devastation,115,45,70
11608,Sübjugador,azralon,1042,evoker,devastation,30,20,10
11609,Notvez,bleeding-hollow,1038,evoker,devastation,31,11,20
11610,Bhristopher,wildhammer,1035,evoker,devastation,12,11,1
11611,Tïtäm,area-52,1032,evoker,devastation,21,12,9
11612,Byssrak,borean-tundra,1029,evoker,devastation,18,11,7
11613,Warhammerxx,tichondrius,1027,evoker,devastation,84,33,51
11614,Zippityzoom,barthilas,1026,evoker,devastation,43,18,25
11615,Razorwing,azgalor,1019,evoker,devastation,24,13,11
11616,Culture,khazgoroth,1006,evoker,devastation,15,11,4
11617,Alnuin,stormrage,1004,evoker,devastation,102,42,60
11618,Flygor,quelthalas,1003,evoker,devastation,66,23,43
11619,Toyatoki,stormrage,1000,evoker,devastation,47,20,27
11620,Stolesom,emerald-dream,994,evoker,devastation,65,32,33
11621,Blazor,sisters-of-elune,993,evoker,devastation,29,11,18
11622,Neofarian,lightbringer,986,evoker,devastation,20,11,9
11623,Dragongrim,silvermoon,986,evoker,devastation,30,14,16
11624,Lostplanet,drakkari,982,evoker,devastation,36,11,25
11625,Popgoesurmom,tichondrius,981,evoker,devastation,24,13,11
11626,Aratre,daggerspine,980,evoker,devastation,78,37,41
11627,Miradrake,icecrown,960,evoker,devastation,12,10,2
11628,Kazrekan,moon-guard,960,evoker,devastation,18,10,8
11629,Iantern,dalaran,960,evoker,devastation,18,10,8
11630,Tjofscales,stormrage,960,evoker,devastation,24,10,14
11631,Rizzlordx,bleeding-hollow,960,evoker,devastation,24,10,14
11632,Cmiygl,proudmoore,959,evoker,devastation,12,10,2
11633,Cløud,hellscream,959,evoker,devastation,12,10,2
11634,Billynobob,tichondrius,959,evoker,devastation,18,10,8
11635,Nasdanot,zuljin,959,evoker,devastation,18,10,8
11636,Xeerus,stormreaver,959,evoker,devastation,18,10,8
11637,Basiliskgodx,tichondrius,959,evoker,devastation,18,10,8
11638,Chime,dalaran,959,evoker,devastation,18,10,8
11639,Moreleth,stormrage,959,evoker,devastation,18,10,8
11640,Hausebat,moon-guard,959,evoker,devastation,18,10,8
11641,Runescape,altar-of-storms,959,evoker,devastation,24,10,14
11642,Grafixx,sargeras,958,evoker,devastation,15,11,4
11643,Averithel,moon-guard,958,evoker,devastation,18,10,8
11644,Ryhu,sargeras,958,evoker,devastation,18,10,8
11645,Vokezuì,sargeras,958,evoker,devastation,30,10,20
11646,Pewpowdragon,malganis,957,evoker,devastation,18,10,8
11647,Dragocser,drakkari,957,evoker,devastation,18,10,8
11648,Jormungandre,wyrmrest-accord,957,evoker,devastation,18,10,8
11649,Galaxiz,bonechewer,957,evoker,devastation,24,12,12
11650,Evokatoke,proudmoore,955,evoker,devastation,30,13,17
11651,Oatmealneil,bleeding-hollow,955,evoker,devastation,24,10,14
11652,Sinepbreath,bleeding-hollow,954,evoker,devastation,18,10,8
11653,Liekki,illidan,953,evoker,devastation,24,10,14
11654,Wizadsa,amanthul,951,evoker,devastation,12,10,2
11655,Fáffy,kelthuzad,950,evoker,devastation,30,10,20
11656,Fìg,wyrmrest-accord,948,evoker,devastation,18,10,8
11657,Jorlozthyr,ragnaros,948,evoker,devastation,24,10,14
11658,Chimo,laughing-skull,946,evoker,devastation,24,10,14
11659,Herikas,tichondrius,943,evoker,devastation,80,39,41
11660,Prolyfe,blood-furnace,942,evoker,devastation,15,11,4
11661,Escanorr,ghostlands,936,evoker,devastation,20,11,9
11662,Ciana,black-dragonflight,936,evoker,devastation,44,23,21
11663,Báalboski,tichondrius,935,evoker,devastation,18,10,8
11664,Hicane,tichondrius,935,evoker,devastation,29,10,19
11665,Drapybaras,bleeding-hollow,934,evoker,devastation,48,22,26
11666,Ryùtt,illidan,933,evoker,devastation,18,10,8
11667,Fukhur,ragnaros,917,evoker,devastation,24,11,13
11668,Vikings,madoran,909,evoker,devastation,23,10,13
11669,Ezdrake,drakkari,900,evoker,devastation,36,11,25
11670,Maximiliam,ragnaros,887,evoker,devastation,18,10,8
11671,Arath,zangarmarsh,879,evoker,devastation,36,18,18
11672,Tireoz,frostmourne,866,evoker,devastation,48,12,36
11673,Kiserys,suramar,864,evoker,devastation,12,9,3
11674,Gobananas,sargeras,864,evoker,devastation,12,9,3
11675,Áspect,aegwynn,864,evoker,devastation,12,9,3
11676,Oracle,duskwood,864,evoker,devastation,12,9,3
11677,Gangbânk,tichondrius,864,evoker,devastation,12,9,3
11678,Orncen,emerald-dream,864,evoker,devastation,16,10,6
11679,Puffthemagic,lightnings-blade,864,evoker,devastation,18,9,9
11680,Creachy,kiljaeden,864,evoker,devastation,18,9,9
11681,Todorøki,hyjal,864,evoker,devastation,18,9,9
11682,Taylordra,tichondrius,864,evoker,devastation,18,9,9
11683,Brakkarion,wyrmrest-accord,864,evoker,devastation,18,9,9
11684,Bhanethyr,illidan,864,evoker,devastation,24,9,15
11685,Weedi,tichondrius,863,evoker,devastation,12,9,3
11686,Raikori,ragnaros,863,evoker,devastation,12,9,3
11687,Dâpper,queldorei,863,evoker,devastation,18,9,9
11688,Dragostephen,nazjatar,863,evoker,devastation,18,9,9
11689,Siatrend,moon-guard,863,evoker,devastation,18,9,9
11690,Dragonsteppz,aegwynn,863,evoker,devastation,18,9,9
11691,Wse,illidan,863,evoker,devastation,18,9,9
11692,Thyatera,ragnaros,863,evoker,devastation,18,9,9
11693,Misik,frostwolf,863,evoker,devastation,18,9,9
11694,Missjenny,korgath,863,evoker,devastation,18,9,9
11695,Naraxus,thrall,863,evoker,devastation,18,9,9
11696,Lardicønn,thrall,863,evoker,devastation,18,9,9
11697,Nelthendros,moon-guard,863,evoker,devastation,18,9,9
11698,Gharscales,tichondrius,863,evoker,devastation,24,9,15
11699,Dracthyrwa,azralon,862,evoker,devastation,12,9,3
11700,Demidas,emerald-dream,862,evoker,devastation,13,9,4
11701,Serathrine,smolderthorn,862,evoker,devastation,18,9,9
11702,Disugaiza,tichondrius,861,evoker,devastation,12,9,3
11703,Sía,drakkari,861,evoker,devastation,12,9,3
11704,Teanie,tichondrius,861,evoker,devastation,18,9,9
11705,Nasath,arthas,861,evoker,devastation,18,9,9
11706,Karaxes,gorefiend,861,evoker,devastation,24,9,15
11707,Derazar,malganis,860,evoker,devastation,12,9,3
11708,Krokuzan,ragnaros,860,evoker,devastation,18,9,9
11709,Doombreath,ragnaros,859,evoker,devastation,18,9,9
11710,Keedrori,thrall,859,evoker,devastation,19,9,10
11711,Aoibae,frostmourne,859,evoker,devastation,24,9,15
11712,Granolajin,ragnaros,857,evoker,devastation,24,9,15
11713,Tattleslug,illidan,856,evoker,devastation,18,9,9
11714,Azuria,lothar,855,evoker,devastation,12,9,3
11715,Furyíon,stormrage,855,evoker,devastation,12,9,3
11716,Acnølogia,stormrage,855,evoker,devastation,18,9,9
11717,Makiabelico,terenas,855,evoker,devastation,30,9,21
11718,Atrocion,wyrmrest-accord,854,evoker,devastation,18,9,9
11719,Stormstryke,queldorei,848,evoker,devastation,41,10,31
11720,Rasec,moon-guard,843,evoker,devastation,20,9,11
11721,Galgaldr,tichondrius,840,evoker,devastation,18,9,9
11722,Acnøløgia,azralon,840,evoker,devastation,30,9,21
11723,Rikfreedom,ragnaros,836,evoker,devastation,42,19,23
11724,Stylez,anetheron,830,evoker,devastation,42,19,23
11725,Nyranblood,zuljin,827,evoker,devastation,36,15,21
11726,Dreampunk,tichondrius,784,evoker,devastation,13,9,4
11727,Saînt,thrall,768,evoker,devastation,12,8,4
11728,Jenovi,tichondrius,768,evoker,devastation,12,8,4
11729,Toastsevoker,tichondrius,768,evoker,devastation,15,9,6
11730,Dragonfarts,frostmourne,768,evoker,devastation,18,8,10
11731,Kazooie,zuljin,768,evoker,devastation,18,8,10
11732,Crosis,azralon,768,evoker,devastation,18,8,10
11733,Puffsmoke,korgath,767,evoker,devastation,12,8,4
11734,Gooliath,madoran,767,evoker,devastation,12,8,4
11735,Ilovequiet,proudmoore,767,evoker,devastation,12,8,4
11736,Dragginballz,twisting-nether,767,evoker,devastation,12,8,4
11737,Vermax,akama,767,evoker,devastation,18,8,10
11738,Daesired,moon-guard,767,evoker,devastation,18,8,10
11739,Rïvé,tichondrius,767,evoker,devastation,24,8,16
11740,Arokh,frostmourne,767,evoker,devastation,30,8,22
11741,Dawitchvoker,illidan,766,evoker,devastation,18,8,10
11742,Zirath,emerald-dream,766,evoker,devastation,18,8,10
11743,Ghostfable,emerald-dream,766,evoker,devastation,18,8,10
11744,Glideoure,stonemaul,766,evoker,devastation,24,8,16
11745,Dracthylian,ragnaros,765,evoker,devastation,12,8,4
11746,Aaztra,whisperwind,765,evoker,devastation,12,8,4
11747,Skrillerv,frostmourne,765,evoker,devastation,18,8,10
11748,Muppetgronk,frostmourne,765,evoker,devastation,24,8,16
11749,Gyirzkaag,illidan,764,evoker,devastation,18,8,10
11750,Vahvan,sargeras,764,evoker,devastation,24,8,16
11751,Aegontargary,azralon,763,evoker,devastation,21,9,12
11752,Zenithgar,aerie-peak,761,evoker,devastation,12,8,4
11753,Redeyés,area-52,761,evoker,devastation,12,8,4
11754,Roksanda,azralon,761,evoker,devastation,24,8,16
11755,Seletgos,quelthalas,761,evoker,devastation,24,8,16
11756,Momonosuke,fizzcrank,760,evoker,devastation,18,8,10
11757,Detraa,illidan,754,evoker,devastation,12,8,4
11758,Daigrefn,echo-isles,751,evoker,devastation,18,8,10
11759,Liefarion,barthilas,734,evoker,devastation,22,8,14
11760,Pouncer,proudmoore,729,evoker,devastation,20,8,12
11761,Littleripper,tichondrius,724,evoker,devastation,18,8,10
11762,Onornun,magtheridon,718,evoker,devastation,17,8,9
11763,Ammar,drakkari,716,evoker,devastation,17,8,9
11764,Ryü,silver-hand,704,evoker,devastation,16,8,8
11765,Zhyrouvion,stormrage,699,evoker,devastation,17,8,9
11766,Torakk,ravencrest,687,evoker,devastation,13,8,5
11767,Chewbigred,vashj,672,evoker,devastation,12,7,5
11768,Evook,tichondrius,672,evoker,devastation,12,7,5
11769,Spryo,illidan,672,evoker,devastation,12,7,5
11770,Axiomoixa,tichondrius,672,evoker,devastation,12,7,5
11771,Dragzun,tichondrius,672,evoker,devastation,12,7,5
11772,Lacadabeef,tichondrius,672,evoker,devastation,12,7,5
11773,Shambly,kelthuzad,672,evoker,devastation,12,7,5
11774,Tiamaat,black-dragonflight,672,evoker,devastation,12,7,5
11775,Dragonherb,zuljin,672,evoker,devastation,12,7,5
11776,Spikeyboi,eonar,672,evoker,devastation,12,7,5
11777,Mlboa,frostmourne,672,evoker,devastation,12,7,5
11778,Dudeofdragon,illidan,672,evoker,devastation,12,7,5
11779,Vokr,area-52,672,evoker,devastation,12,7,5
11780,Nysian,wyrmrest-accord,672,evoker,devastation,12,7,5
11781,Ruination,lightnings-blade,672,evoker,devastation,12,7,5
11782,Lizardgodtko,tichondrius,672,evoker,devastation,12,7,5
11783,Rearcalzone,illidan,672,evoker,devastation,12,7,5
11784,Emberlyn,sargeras,672,evoker,devastation,12,7,5
11785,Écaille,dalaran,672,evoker,devastation,15,8,7
11786,Sådge,frostmourne,672,evoker,devastation,18,7,11
11787,Emopidgey,dalaran,672,evoker,devastation,18,7,11
11788,Dragonstonks,moon-guard,672,evoker,devastation,18,7,11
11789,Müshü,icecrown,672,evoker,devastation,18,7,11
11790,Dragonballzx,kelthuzad,672,evoker,devastation,24,7,17
11791,Razistzegrlz,illidan,672,evoker,devastation,24,7,17
11792,Ggcthulhu,area-52,671,evoker,devastation,12,7,5
11793,Xeretas,bleeding-hollow,671,evoker,devastation,12,7,5
11794,Pågemaster,moon-guard,671,evoker,devastation,12,7,5
11795,Boseijwho,emerald-dream,671,evoker,devastation,12,7,5
11796,Whiegrath,azralon,671,evoker,devastation,12,7,5
11797,Gôdswrath,tichondrius,671,evoker,devastation,12,7,5
11798,Glaurungr,ragnaros,671,evoker,devastation,12,7,5
11799,Mcflý,sargeras,671,evoker,devastation,12,7,5
11800,Garchamp,area-52,671,evoker,devastation,15,8,7
11801,Ackrenoth,emerald-dream,671,evoker,devastation,18,7,11
11802,Phatë,nerzhul,671,evoker,devastation,18,7,11
11803,Hemipenes,tichondrius,671,evoker,devastation,18,7,11
11804,Gulvoke,shattered-hand,670,evoker,devastation,12,7,5
11805,Beastlysoul,tichondrius,670,evoker,devastation,12,7,5
11806,Davidfesago,quelthalas,670,evoker,devastation,12,7,5
11807,Setchagos,emerald-dream,670,evoker,devastation,12,7,5
11808,Takhysis,frostmourne,670,evoker,devastation,18,7,11
11809,Nikeze,kiljaeden,670,evoker,devastation,18,7,11
11810,Lamperr,illidan,670,evoker,devastation,54,10,44
11811,Pyrepapi,thrall,669,evoker,devastation,20,8,12
11812,Pläid,azuremyst,668,evoker,devastation,12,7,5
11813,Mmanigoldo,quelthalas,667,evoker,devastation,18,7,11
11814,Sleepeasy,blackrock,667,evoker,devastation,18,7,11
11815,Evilsquirel,area-52,666,evoker,devastation,12,7,5
11816,Bàkèd,illidan,655,evoker,devastation,17,7,10
11817,Krefugee,tichondrius,637,evoker,devastation,17,7,10
11818,Drahkoo,azralon,623,evoker,devastation,15,7,8
11819,Bähamut,proudmoore,621,evoker,devastation,17,7,10
11820,Nephrites,area-52,605,evoker,devastation,22,7,15
11821,Ilovepolpot,tichondrius,576,evoker,devastation,6,6,0
11822,Zérai,quelthalas,576,evoker,devastation,6,6,0
11823,Yellowker,thrall,576,evoker,devastation,6,6,0
11824,Fuecoco,proudmoore,576,evoker,devastation,6,6,0
11825,Dafiya,thrall,576,evoker,devastation,12,6,6
11826,Uncleìroh,tichondrius,576,evoker,devastation,12,6,6
11827,Alucardragon,turalyon,576,evoker,devastation,12,6,6
11828,Iamtrash,daggerspine,576,evoker,devastation,12,6,6
11829,Dragonage,stormrage,576,evoker,devastation,12,6,6
11830,Shanaynayae,area-52,576,evoker,devastation,12,6,6
11831,Comepancito,quelthalas,576,evoker,devastation,12,6,6
11832,Xurota,proudmoore,576,evoker,devastation,12,6,6
11833,Nemenyah,emerald-dream,576,evoker,devastation,12,6,6
11834,Nessumsar,azralon,576,evoker,devastation,12,6,6
11835,Glizard,firetree,576,evoker,devastation,12,6,6
11836,Sathregos,emerald-dream,576,evoker,devastation,12,6,6
11837,Pÿthön,sargeras,576,evoker,devastation,12,6,6
11838,Drøgon,sargeras,576,evoker,devastation,12,6,6
11839,Dragønbørne,blackrock,576,evoker,devastation,12,6,6
11840,Vysenía,moon-guard,576,evoker,devastation,12,6,6
11841,Bigdvoker,jubeithos,576,evoker,devastation,12,6,6
11842,Joyburn,tichondrius,576,evoker,devastation,12,6,6
11843,Daethwang,moon-guard,576,evoker,devastation,12,6,6
11844,Dukä,dalaran,576,evoker,devastation,15,7,8
11845,Leapofagony,zuljin,576,evoker,devastation,18,6,12
11846,Chaosrebørn,bleeding-hollow,576,evoker,devastation,18,6,12
11847,Syvernius,khazgoroth,576,evoker,devastation,18,6,12
11848,Saxthyr,stormreaver,576,evoker,devastation,24,6,18
11849,Zeldir,ragnaros,575,evoker,devastation,6,6,0
11850,Setasdan,illidan,575,evoker,devastation,12,6,6
11851,Avastri,moon-guard,575,evoker,devastation,12,6,6
11852,Dumbodragon,bleeding-hollow,575,evoker,devastation,12,6,6
11853,Avithori,borean-tundra,575,evoker,devastation,12,6,6
11854,Lòrdope,illidan,575,evoker,devastation,12,6,6
11855,Vrtra,lightbringer,575,evoker,devastation,12,6,6
11856,Kazecgos,zuljin,575,evoker,devastation,12,6,6
11857,Riz,blackhand,575,evoker,devastation,12,6,6
11858,Amaryliss,kelthuzad,575,evoker,devastation,12,6,6
11859,Drãco,area-52,575,evoker,devastation,12,6,6
11860,Rykuvokr,azuremyst,575,evoker,devastation,12,6,6
11861,Cøømbuya,sargeras,575,evoker,devastation,12,6,6
11862,Koriaz,ragnaros,575,evoker,devastation,12,6,6
11863,Altri,lightnings-blade,575,evoker,devastation,12,6,6
11864,Ecksdoom,sargeras,575,evoker,devastation,12,6,6
11865,Finvoker,kalecgos,575,evoker,devastation,12,6,6
11866,Tylexstranza,malganis,575,evoker,devastation,12,6,6
11867,Alragos,ragnaros,575,evoker,devastation,18,6,12
11868,Lindrak,azralon,575,evoker,devastation,18,6,12
11869,Cmdragonbalz,sargeras,575,evoker,devastation,18,6,12
11870,Bazelgos,moon-guard,575,evoker,devastation,24,6,18
11871,Snowdragon,azralon,574,evoker,devastation,12,6,6
11872,Dracnovae,emerald-dream,574,evoker,devastation,12,6,6
11873,Vermáx,caelestrasz,574,evoker,devastation,12,6,6
11874,Emsli,moon-guard,574,evoker,devastation,12,6,6
11875,Carloxd,tichondrius,574,evoker,devastation,24,6,18
11876,Deathb,chromaggus,573,evoker,devastation,12,6,6
11877,Syndue,malganis,573,evoker,devastation,12,6,6
11878,Noodleslut,stormrage,573,evoker,devastation,12,6,6
11879,Azuril,wyrmrest-accord,572,evoker,devastation,12,6,6
11880,Reptyle,emerald-dream,569,evoker,devastation,18,6,12
11881,Toephotos,tichondrius,558,evoker,devastation,17,6,11
11882,Lightaurae,thunderlord,556,evoker,devastation,30,6,24
11883,Pzyko,ragnaros,551,evoker,devastation,17,6,11
11884,Zindrozarath,area-52,544,evoker,devastation,10,6,4
11885,Dragonborn,malganis,528,evoker,devastation,9,7,2
11886,Dragonbreaf,emerald-dream,527,evoker,devastation,11,6,5
11887,Adorablexo,stormrage,527,evoker,devastation,11,6,5
11888,Zovaan,emerald-dream,526,evoker,devastation,11,6,5
11889,Arnoeryan,ragnaros,512,evoker,devastation,16,6,10
11890,Novi,kaelthas,480,evoker,devastation,6,5,1
11891,Schmitty,hellscream,480,evoker,devastation,6,5,1
11892,Solidusz,thrall,480,evoker,devastation,6,5,1
11893,Vellony,kelthuzad,480,evoker,devastation,6,5,1
11894,Drakedrift,malganis,480,evoker,devastation,6,5,1
11895,Kensar,drakkari,480,evoker,devastation,6,5,1
11896,Khalt,quelthalas,480,evoker,devastation,6,5,1
11897,Evokemon,hyjal,480,evoker,devastation,6,5,1
11898,Kharibdis,kul-tiras,480,evoker,devastation,6,5,1
11899,Volksdragen,sargeras,480,evoker,devastation,6,5,1
11900,Ackresh,executus,480,evoker,devastation,12,5,7
11901,Faahrad,azralon,480,evoker,devastation,12,5,7
11902,Purplerocket,illidan,480,evoker,devastation,12,5,7
11903,Jevoker,area-52,480,evoker,devastation,12,5,7
11904,Moltqt,tichondrius,480,evoker,devastation,12,5,7
11905,Skylizard,illidan,480,evoker,devastation,12,5,7
11906,Iamluck,kiljaeden,480,evoker,devastation,12,5,7
11907,Cerisoromis,stormrage,480,evoker,devastation,12,5,7
11908,Rebuk,area-52,480,evoker,devastation,12,5,7
11909,Galakrond,black-dragonflight,480,evoker,devastation,12,5,7
11910,Draygaar,stormrage,480,evoker,devastation,12,5,7
11911,Asatrat,greymane,480,evoker,devastation,12,5,7
11912,Nardleberry,wyrmrest-accord,480,evoker,devastation,12,5,7
11913,Saìntgeorge,sargeras,480,evoker,devastation,12,5,7
11914,Dragonhyde,stormrage,480,evoker,devastation,12,5,7
11915,Eyedxl,magtheridon,480,evoker,devastation,12,5,7
11916,Ventiev,tichondrius,480,evoker,devastation,12,5,7
11917,Darkscale,haomarush,480,evoker,devastation,12,5,7
11918,Draehgor,hyjal,480,evoker,devastation,12,5,7
11919,Dratonos,stormrage,480,evoker,devastation,12,5,7
11920,Stælthßømbèr,baelgun,480,evoker,devastation,12,5,7
11921,Dhcb,tichondrius,480,evoker,devastation,12,5,7
11922,Trillvoker,illidan,480,evoker,devastation,12,5,7
11923,Nuttutted,emerald-dream,480,evoker,devastation,12,5,7
11924,Tikkaratika,nemesis,480,evoker,devastation,12,5,7
11925,Vallath,zuljin,480,evoker,devastation,12,5,7
11926,Kluath,daggerspine,480,evoker,devastation,12,5,7
11927,Deezdragon,stormrage,480,evoker,devastation,12,5,7
11928,Evokinator,zuljin,480,evoker,devastation,12,5,7
11929,Abath,quelthalas,480,evoker,devastation,14,5,9
11930,Velahesa,sargeras,480,evoker,devastation,24,5,19
11931,Müshu,duskwood,479,evoker,devastation,12,5,7
11932,Scalesun,azralon,479,evoker,devastation,12,5,7
11933,Mattykanish,illidan,479,evoker,devastation,12,5,7
11934,Dracoi,illidan,479,evoker,devastation,12,5,7
11935,Historius,proudmoore,479,evoker,devastation,12,5,7
11936,Dedderion,zuljin,479,evoker,devastation,12,5,7
11937,Fpbafome,azralon,479,evoker,devastation,18,5,13
11938,Niratrenn,area-52,478,evoker,devastation,12,5,7
11939,Dracosofi,quelthalas,478,evoker,devastation,18,5,13
11940,Nazervis,silver-hand,478,evoker,devastation,18,5,13
11941,Nathrach,wyrmrest-accord,477,evoker,devastation,6,5,1
11942,Sandrov,kaelthas,477,evoker,devastation,12,5,7
11943,Althenot,emerald-dream,477,evoker,devastation,12,5,7
11944,Odorf,duskwood,474,evoker,devastation,12,5,7
11945,Sammalone,burning-blade,474,evoker,devastation,12,5,7
11946,Zzae,tichondrius,432,evoker,devastation,15,5,10
11947,Xfemboyqt,area-52,426,evoker,devastation,19,7,12
11948,Lifcleal,moon-guard,415,evoker,devastation,14,5,9
11949,Testzvoker,dalaran,384,evoker,devastation,6,4,2
11950,Walmartshoes,tichondrius,384,evoker,devastation,6,4,2
11951,Swagondragon,illidan,384,evoker,devastation,6,4,2
11952,Docevoker,tichondrius,384,evoker,devastation,6,4,2
11953,Opsmybad,ragnaros,384,evoker,devastation,6,4,2
11954,Shënrøn,tichondrius,384,evoker,devastation,6,4,2
11955,Jgxv,dalaran,384,evoker,devastation,6,4,2
11956,Daemon,detheroc,384,evoker,devastation,6,4,2
11957,Whinks,zangarmarsh,384,evoker,devastation,6,4,2
11958,Seaserpent,kelthuzad,384,evoker,devastation,6,4,2
11959,Awexstwaza,bleeding-hollow,384,evoker,devastation,6,4,2
11960,Kusarí,moon-guard,384,evoker,devastation,6,4,2
11961,Skazz,emerald-dream,384,evoker,devastation,6,4,2
11962,Doomn,moon-guard,384,evoker,devastation,6,4,2
11963,Mushú,archimonde,384,evoker,devastation,6,4,2
11964,Foxstrazagos,hellscream,384,evoker,devastation,6,4,2
11965,Atraxian,tichondrius,384,evoker,devastation,6,4,2
11966,Frequentlee,illidan,384,evoker,devastation,6,4,2
11967,Bmbo,illidan,384,evoker,devastation,6,4,2
11968,Zorlstisza,moon-guard,384,evoker,devastation,6,4,2
11969,Biscotti,illidan,384,evoker,devastation,6,4,2
11970,Kaidoxuchihv,ragnaros,384,evoker,devastation,6,4,2
11971,Solazari,tichondrius,384,evoker,devastation,6,4,2
11972,Jammstraza,skywall,384,evoker,devastation,6,4,2
11973,Draisin,zuljin,384,evoker,devastation,6,4,2
11974,Shenròn,kelthuzad,384,evoker,devastation,6,4,2
11975,Machaflux,winterhoof,384,evoker,devastation,6,4,2
11976,Deathraux,tichondrius,384,evoker,devastation,6,4,2
11977,Bodytypetwo,area-52,384,evoker,devastation,6,4,2
11978,Vuldon,area-52,384,evoker,devastation,6,4,2
11979,Dragonsbgay,stormrage,384,evoker,devastation,6,4,2
11980,Azafs,azralon,384,evoker,devastation,9,5,4
11981,Shenrõn,malganis,384,evoker,devastation,15,5,10
11982,Usulamili,stormrage,384,evoker,devastation,12,4,8
11983,Kurulol,ragnaros,384,evoker,devastation,12,4,8
11984,Smacktoch,sargeras,384,evoker,devastation,12,4,8
11985,Idiotlizard,stormrage,384,evoker,devastation,12,4,8
11986,Smackthyr,thrall,384,evoker,devastation,12,4,8
11987,Baddrakthyr,moon-guard,384,evoker,devastation,12,4,8
11988,Cuarta,drakkari,384,evoker,devastation,12,4,8
11989,Kcwt,illidan,384,evoker,devastation,12,4,8
11990,Trazer,malfurion,384,evoker,devastation,12,4,8
11991,Arkevo,tichondrius,384,evoker,devastation,12,4,8
11992,Blay,elune,384,evoker,devastation,12,4,8
11993,Sixjobs,area-52,384,evoker,devastation,12,4,8
11994,Bigsquirt,proudmoore,384,evoker,devastation,12,4,8
11995,Nosrej,hyjal,384,evoker,devastation,12,4,8
11996,Dractheseus,tichondrius,384,evoker,devastation,12,4,8
11997,Nitalzith,area-52,384,evoker,devastation,12,4,8
11998,Butta,darkspear,384,evoker,devastation,12,4,8
11999,Thnake,zuljin,384,evoker,devastation,12,4,8
12000,Devåståtion,tichondrius,384,evoker,devastation,12,4,8
12001,Lukamagik,boulderfist,384,evoker,devastation,12,4,8
12002,Kendrac,wyrmrest-accord,384,evoker,devastation,12,4,8
12003,Uhlive,area-52,384,evoker,devastation,12,4,8
12004,Dragonballer,trollbane,384,evoker,devastation,12,4,8
12005,Munichho,spirestone,384,evoker,devastation,18,4,14
12006,Dadydafather,sargeras,384,evoker,devastation,30,4,26
12007,Rayomcquen,garrosh,383,evoker,devastation,6,4,2
12008,Deralizrd,tichondrius,383,evoker,devastation,6,4,2
12009,Dinossauro,stormrage,383,evoker,devastation,6,4,2
12010,Rysonda,tichondrius,383,evoker,devastation,6,4,2
12011,Odaa,moon-guard,383,evoker,devastation,12,4,8
12012,Bagelsaurus,tichondrius,383,evoker,devastation,12,4,8
12013,Broconian,zuljin,383,evoker,devastation,12,4,8
12014,Gunship,moon-guard,383,evoker,devastation,12,4,8
12015,Jabberwockie,zuljin,383,evoker,devastation,12,4,8
12016,Zaland,whisperwind,383,evoker,devastation,12,4,8
12017,Äpollo,frostmourne,382,evoker,devastation,12,4,8
12018,Fearmybreath,stormrage,370,evoker,devastation,22,7,15
12019,Vermicri,zuljin,351,evoker,devastation,11,4,7
12020,Serazenoth,area-52,336,evoker,devastation,9,4,5
12021,Heizdrag,area-52,335,evoker,devastation,11,4,7
12022,Acindor,stormrage,335,evoker,devastation,11,4,7
12023,Carrnedge,area-52,319,evoker,devastation,5,4,1
12024,Kaeszandrus,azralon,288,evoker,devastation,6,3,3
12025,Unisex,ragnaros,288,evoker,devastation,6,3,3
12026,Derkscale,stormrage,288,evoker,devastation,6,3,3
12027,Lëåf,area-52,288,evoker,devastation,6,3,3
12028,Spyro,nazgrel,288,evoker,devastation,6,3,3
12029,Damo,skullcrusher,288,evoker,devastation,6,3,3
12030,Ráigon,ragnaros,288,evoker,devastation,6,3,3
12031,Scyyterr,azralon,288,evoker,devastation,6,3,3
12032,Aomend,stormrage,288,evoker,devastation,6,3,3
12033,Crankxz,malganis,288,evoker,devastation,6,3,3
12034,Holdherhorn,area-52,288,evoker,devastation,6,3,3
12035,Toenailstew,zuljin,288,evoker,devastation,6,3,3
12036,Dragonpel,azralon,288,evoker,devastation,6,3,3
12037,Platypus,tichondrius,288,evoker,devastation,6,3,3
12038,Kulrainor,drakkari,288,evoker,devastation,6,3,3
12039,Ceraxes,stormscale,288,evoker,devastation,6,3,3
12040,Yeda,barthilas,288,evoker,devastation,6,3,3
12041,Avasd,area-52,288,evoker,devastation,6,3,3
12042,Shenronda,moon-guard,288,evoker,devastation,6,3,3
12043,Jakarn,moon-guard,288,evoker,devastation,6,3,3
12044,Magicev,tichondrius,288,evoker,devastation,6,3,3
12045,Straykitty,moon-guard,288,evoker,devastation,6,3,3
12046,Baddrake,moon-guard,288,evoker,devastation,6,3,3
12047,Koyra,illidan,288,evoker,devastation,6,3,3
12048,Theomarz,nagrand,288,evoker,devastation,6,3,3
12049,Royagon,draktharon,288,evoker,devastation,6,3,3
12050,Inferna,ysera,288,evoker,devastation,6,3,3
12051,Bjarne,hyjal,288,evoker,devastation,6,3,3
12052,Drakthaer,tichondrius,288,evoker,devastation,6,3,3
12053,Brokenscales,nerzhul,288,evoker,devastation,6,3,3
12054,Dragbod,korgath,288,evoker,devastation,6,3,3
12055,Varandir,frostmane,288,evoker,devastation,6,3,3
12056,Skeye,malganis,288,evoker,devastation,6,3,3
12057,Yousmokemids,frostwolf,288,evoker,devastation,6,3,3
12058,Dreamfyrexi,thrall,288,evoker,devastation,6,3,3
12059,Saintpablox,illidan,288,evoker,devastation,6,3,3
12060,Hausebat,aegwynn,288,evoker,devastation,6,3,3
12061,Ripdumpster,bonechewer,288,evoker,devastation,6,3,3
12062,Ecoera,tichondrius,288,evoker,devastation,6,3,3
12063,Soupywings,illidan,288,evoker,devastation,6,3,3
12064,Medusaan,tichondrius,288,evoker,devastation,6,3,3
12065,Kettor,kelthuzad,288,evoker,devastation,6,3,3
12066,Baarss,tichondrius,288,evoker,devastation,6,3,3
12067,Yujirohanma,frostmourne,288,evoker,devastation,6,3,3
12068,Lamdyn,wyrmrest-accord,288,evoker,devastation,6,3,3
12069,Shennron,darkspear,288,evoker,devastation,6,3,3
12070,Skydragonlol,tichondrius,288,evoker,devastation,7,3,4
12071,Viverion,dalaran,288,evoker,devastation,10,4,6
12072,Taegon,area-52,288,evoker,devastation,10,4,6
12073,Vandinus,stormrage,288,evoker,devastation,8,3,5
12074,Nyldra,area-52,288,evoker,devastation,8,3,5
12075,Hopefire,zuljin,288,evoker,devastation,12,3,9
12076,Karmísh,quelthalas,288,evoker,devastation,12,3,9
12077,Zafirina,proudmoore,288,evoker,devastation,12,3,9
12078,Lizardlee,stormrage,288,evoker,devastation,12,3,9
12079,Windylyrics,drakkari,288,evoker,devastation,12,3,9
12080,Chriszilla,tichondrius,288,evoker,devastation,12,3,9
12081,Praac,illidan,288,evoker,devastation,12,3,9
12082,Murtharion,stormrage,288,evoker,devastation,12,3,9
12083,Healmeta,sargeras,288,evoker,devastation,12,3,9
12084,Enserio,stormrage,288,evoker,devastation,12,3,9
12085,Draecion,tichondrius,288,evoker,devastation,12,3,9
12086,Freddragon,illidan,288,evoker,devastation,12,3,9
12087,Talonsong,wyrmrest-accord,288,evoker,devastation,12,3,9
12088,Dracothyst,tichondrius,287,evoker,devastation,6,3,3
12089,Vaegahr,tichondrius,287,evoker,devastation,6,3,3
12090,Zeralzin,aerie-peak,287,evoker,devastation,6,3,3
12091,Myvrth,windrunner,287,evoker,devastation,12,3,9
12092,Kilnarx,uldaman,286,evoker,devastation,6,3,3
12093,Brontez,malganis,286,evoker,devastation,6,3,3
12094,Ghorin,akama,240,evoker,devastation,9,3,6
12095,Dracky,deathwing,239,evoker,devastation,5,3,2
12096,Reombarth,nemesis,234,evoker,devastation,12,6,6
12097,Trrxx,tichondrius,224,evoker,devastation,10,3,7
12098,Spectaclaw,crushridge,223,evoker,devastation,8,3,5
12099,Deathstaind,tichondrius,192,evoker,devastation,4,3,1
12100,Valkhar,illidan,192,evoker,devastation,6,2,4
12101,Dokthyr,lightbringer,192,evoker,devastation,6,2,4
12102,Puffed,frostmourne,192,evoker,devastation,6,2,4
12103,Saraphrodite,hakkar,192,evoker,devastation,6,2,4
12104,Nyaraoorun,uther,192,evoker,devastation,6,2,4
12105,Hoodoo,dark-iron,192,evoker,devastation,6,2,4
12106,Frozanat,kelthuzad,192,evoker,devastation,6,2,4
12107,Theyevokbuda,kelthuzad,192,evoker,devastation,6,2,4
12108,Dixb,illidan,192,evoker,devastation,6,2,4
12109,Paindragon,tol-barad,192,evoker,devastation,6,2,4
12110,Joesount,frostmourne,192,evoker,devastation,6,2,4
12111,Umbrathel,tichondrius,192,evoker,devastation,6,2,4
12112,Parachutes,kelthuzad,192,evoker,devastation,6,2,4
12113,Kazervish,wyrmrest-accord,192,evoker,devastation,6,2,4
12114,Daemon,terokkar,192,evoker,devastation,6,2,4
12115,Scalendar,frostmourne,192,evoker,devastation,6,2,4
12116,Daraz,tichondrius,192,evoker,devastation,6,2,4
12117,Siatren,shadowmoon,192,evoker,devastation,6,2,4
12118,Zuberion,wyrmrest-accord,192,evoker,devastation,6,2,4
12119,Desdinova,tortheldrin,192,evoker,devastation,6,2,4
12120,Grawlix,stormreaver,192,evoker,devastation,6,2,4
12121,Critqueenx,destromath,192,evoker,devastation,6,2,4
12122,Shrikethyr,chogall,192,evoker,devastation,6,2,4
12123,Yalena,illidan,192,evoker,devastation,6,2,4
12124,Mâne,ragnaros,192,evoker,devastation,6,2,4
12125,Lightbeing,nazjatar,192,evoker,devastation,6,2,4
12126,Vermithõr,ragnaros,192,evoker,devastation,6,2,4
12127,Ralzital,auchindoun,192,evoker,devastation,6,2,4
12128,Dragboy,stormrage,192,evoker,devastation,6,2,4
12129,Xazxander,tichondrius,192,evoker,devastation,6,2,4
12130,Dracorblaq,bleeding-hollow,192,evoker,devastation,6,2,4
12131,Hiroshim,stormrage,192,evoker,devastation,6,2,4
12132,Selocky,bleeding-hollow,192,evoker,devastation,6,2,4
12133,Mikaeza,tichondrius,192,evoker,devastation,6,2,4
12134,Dragndesnuts,scilla,192,evoker,devastation,6,2,4
12135,Racovoker,zuljin,192,evoker,devastation,6,2,4
12136,Analogies,stormrage,192,evoker,devastation,6,2,4
12137,Daebruk,ragnaros,192,evoker,devastation,6,2,4
12138,Gorby,tichondrius,192,evoker,devastation,6,2,4
12139,Horusnight,drakkari,192,evoker,devastation,6,2,4
12140,Dragonsand,area-52,192,evoker,devastation,6,2,4
12141,Daikon,kaelthas,192,evoker,devastation,6,2,4
12142,Ilithiphobia,ghostlands,192,evoker,devastation,6,2,4
12143,Draketyr,area-52,192,evoker,devastation,6,2,4
12144,Goreriders,area-52,192,evoker,devastation,6,2,4
12145,Eggvoker,area-52,192,evoker,devastation,6,2,4
12146,Pocketgiga,stormrage,192,evoker,devastation,6,2,4
12147,Aralzit,tichondrius,192,evoker,devastation,6,2,4
12148,Zattanik,ragnaros,192,evoker,devastation,6,2,4
12149,Slydawg,amanthul,192,evoker,devastation,6,2,4
12150,Hellasketchy,sargeras,192,evoker,devastation,6,2,4
12151,Nitalash,moon-guard,192,evoker,devastation,6,2,4
12152,Genderboy,tichondrius,192,evoker,devastation,6,2,4
12153,Nykhel,tichondrius,192,evoker,devastation,6,2,4
12154,Doldorrii,terenas,192,evoker,devastation,6,2,4
12155,Vapegodx,proudmoore,192,evoker,devastation,6,2,4
12156,Actïoncat,emerald-dream,192,evoker,devastation,6,2,4
12157,Noxidian,moon-guard,192,evoker,devastation,6,2,4
12158,Spyspyro,emerald-dream,192,evoker,devastation,6,2,4
12159,Acade,tichondrius,192,evoker,devastation,6,2,4
12160,Swamper,emerald-dream,192,evoker,devastation,6,2,4
12161,Guavomango,moon-guard,192,evoker,devastation,6,2,4
12162,Pyrepeanut,tichondrius,192,evoker,devastation,6,2,4
12163,Kímbah,emerald-dream,192,evoker,devastation,6,2,4
12164,Wydbro,kiljaeden,192,evoker,devastation,6,2,4
12165,Tasdaral,tichondrius,192,evoker,devastation,6,2,4
12166,Álln,sargeras,192,evoker,devastation,6,2,4
12167,Lanati,veknilash,192,evoker,devastation,6,2,4
12168,Shädòwçäsper,kilrogg,192,evoker,devastation,6,2,4
12169,Magnito,thorium-brotherhood,192,evoker,devastation,6,2,4
12170,Cyromancerr,illidan,192,evoker,devastation,8,2,6
12171,Fafnirr,draenor,192,evoker,devastation,8,2,6
12172,Ragtharion,tichondrius,192,evoker,devastation,12,2,10
12173,Chillistraza,tichondrius,192,evoker,devastation,12,2,10
12174,Detralan,draka,192,evoker,devastation,12,2,10
12175,Niraller,tichondrius,192,evoker,devastation,12,2,10
12176,Dragonbornhd,tichondrius,192,evoker,devastation,12,2,10
12177,Forte,terokkar,192,evoker,devastation,12,2,10
12178,Huanglong,sargeras,192,evoker,devastation,12,2,10
12179,Blueblack,proudmoore,192,evoker,devastation,12,2,10
12180,Kuthar,barthilas,192,evoker,devastation,12,2,10
12181,Sørrøw,blades-edge,192,evoker,devastation,18,2,16
12182,Dracalis,thrall,191,evoker,devastation,6,2,4
12183,Kodeser,alleria,191,evoker,devastation,6,2,4
12184,Adraell,illidan,190,evoker,devastation,7,3,4
12185,Dragopnik,tichondrius,185,evoker,devastation,12,5,7
12186,Tevvez,moon-guard,159,evoker,devastation,5,2,3
12187,Goongdi,tichondrius,159,evoker,devastation,5,2,3
12188,Dazei,quelthalas,144,evoker,devastation,9,2,7
12189,Deshalth,dalaran,138,evoker,devastation,11,5,6
12190,Deathflamee,emerald-dream,138,evoker,devastation,12,3,9
12191,Eleechee,magtheridon,128,evoker,devastation,4,2,2
12192,Riyad,emerald-dream,128,evoker,devastation,4,2,2
12193,Vïtmercon,frostmourne,128,evoker,devastation,4,2,2
12194,Shunkagosa,frostmourne,128,evoker,devastation,4,2,2
12195,Booniejimbob,illidan,128,evoker,devastation,4,2,2
12196,Vormontis,azralon,112,evoker,devastation,7,2,5
12197,Gavstarz,frostmourne,96,evoker,devastation,3,2,1
12198,Clarkeboi,barthilas,96,evoker,devastation,3,2,1
12199,Tugmapvpean,kelthuzad,96,evoker,devastation,3,2,1
12200,Batterypowa,frostmourne,96,evoker,devastation,6,1,5
12201,Ðrac,bleeding-hollow,96,evoker,devastation,6,1,5
12202,Demobreath,sargeras,96,evoker,devastation,6,1,5
12203,Skithyrix,bleeding-hollow,96,evoker,devastation,6,1,5
12204,Warchad,stormrage,96,evoker,devastation,6,1,5
12205,Fígment,tichondrius,96,evoker,devastation,6,1,5
12206,Drakkar,elune,96,evoker,devastation,6,1,5
12207,Shintrax,ragnaros,96,evoker,devastation,6,1,5
12208,Asui,senjin,96,evoker,devastation,6,1,5
12209,Spyrofnir,stormrage,96,evoker,devastation,6,1,5
12210,Draconis,onyxia,96,evoker,devastation,6,1,5
12211,Erathiss,wyrmrest-accord,96,evoker,devastation,6,1,5
12212,Zinderaz,runetotem,96,evoker,devastation,6,1,5
12213,Koopa,malygos,96,evoker,devastation,6,1,5
12214,Ackonstraza,frostmourne,96,evoker,devastation,6,1,5
12215,Selfhealzer,korgath,96,evoker,devastation,6,1,5
12216,Ojigi,sargeras,96,evoker,devastation,6,1,5
12217,Pisslizard,stormrage,96,evoker,devastation,6,1,5
12218,Rial,frostmourne,96,evoker,devastation,6,1,5
12219,Myjewelshurt,stormrage,96,evoker,devastation,6,1,5
12220,Lucià,thrall,96,evoker,devastation,6,1,5
12221,Sigroux,area-52,96,evoker,devastation,6,1,5
12222,Charrio,illidan,96,evoker,devastation,6,1,5
12223,Kazadon,icecrown,96,evoker,devastation,6,1,5
12224,Repd,sargeras,96,evoker,devastation,6,1,5
12225,Modenzu,malganis,96,evoker,devastation,6,1,5
12226,Bløssom,malganis,96,evoker,devastation,6,1,5
12227,Handb,tichondrius,96,evoker,devastation,6,1,5
12228,Sneekysnekz,tichondrius,96,evoker,devastation,6,1,5
12229,Zealagon,ragnaros,96,evoker,devastation,6,1,5
12230,Leralan,illidan,96,evoker,devastation,6,1,5
12231,Luceryz,drakkari,96,evoker,devastation,6,1,5
12232,Bigwurrm,illidan,96,evoker,devastation,12,1,11
12233,Ysondrius,durotan,96,evoker,devastation,12,1,11
12234,Surezilla,malganis,96,evoker,devastation,12,1,11
12235,Icedmochaa,thrall,96,evoker,devastation,12,1,11
12236,Donormi,moon-guard,96,evoker,devastation,12,1,11
12237,Colloc,tichondrius,96,evoker,devastation,12,1,11
12238,Carnosaur,lightbringer,96,evoker,devastation,12,1,11
12239,Embeka,illidan,95,evoker,devastation,6,1,5
12240,Starkiller,stormrage,64,evoker,devastation,4,1,3
12241,Nwo,shattered-hand,64,evoker,devastation,4,1,3
12242,Alkden,azralon,63,evoker,devastation,2,2,0
12243,Nyxtari,ragnaros,48,evoker,devastation,3,1,2
12244,Charlestrasz,hyjal,42,evoker,devastation,11,3,8
12245,Ytq,tichondrius,42,evoker,devastation,10,2,8
12246,Remisha,emerald-dream,2136,hunter,marksmanship,82,44,38
12247,Darkshady,tichondrius,2108,hunter,marksmanship,84,44,40
12248,Chadsmanship,kelthuzad,2103,hunter,marksmanship,98,47,51
12249,Dobarantu,tichondrius,2044,hunter,marksmanship,175,90,85
12250,Abolick,area-52,2022,hunter,marksmanship,130,68,62
12251,Imvalence,area-52,2001,hunter,marksmanship,118,56,62
12252,Globalcake,illidan,1940,hunter,marksmanship,162,86,76
12253,Rendel,drakkari,1915,hunter,marksmanship,171,86,85
12254,Fuknhunter,kiljaeden,1905,hunter,marksmanship,110,56,54
12255,Zumago,tichondrius,1898,hunter,marksmanship,72,41,31
12256,Banshee,frostmourne,1886,hunter,marksmanship,40,24,16
12257,Rakan,spinebreaker,1884,hunter,marksmanship,54,33,21
12258,Bøl,ragnaros,1882,hunter,marksmanship,30,20,10
12259,Hokutox,tichondrius,1870,hunter,marksmanship,68,31,37
12260,Blackjesu,blackrock,1868,hunter,marksmanship,72,33,39
12261,Hrafn,illidan,1859,hunter,marksmanship,60,31,29
12262,Preze,moon-guard,1852,hunter,marksmanship,63,37,26
12263,Lely,tichondrius,1851,hunter,marksmanship,60,34,26
12264,Squawkers,sargeras,1848,hunter,marksmanship,78,43,35
12265,Wmsgs,tichondrius,1848,hunter,marksmanship,54,29,25
12266,Astolenis,quelthalas,1847,hunter,marksmanship,60,29,31
12267,Iconvoked,sargeras,1844,hunter,marksmanship,202,105,97
12268,Kensho,illidan,1836,hunter,marksmanship,71,41,30
12269,Moonwind,tichondrius,1836,hunter,marksmanship,65,31,34
12270,Hâwkêyê,thrall,1827,hunter,marksmanship,48,22,26
12271,Ingrutamig,tichondrius,1814,hunter,marksmanship,66,32,34
12272,Colada,malganis,1813,hunter,marksmanship,72,34,38
12273,Bosshunter,tichondrius,1810,hunter,marksmanship,86,43,43
12274,Nishinos,tichondrius,1808,hunter,marksmanship,183,88,95
12275,Kristemis,thrall,1806,hunter,marksmanship,57,30,27
12276,Renaître,tichondrius,1806,hunter,marksmanship,126,58,68
12277,Czeroenjoyer,malganis,1803,hunter,marksmanship,66,33,33
12278,Trapordíe,tichondrius,1800,hunter,marksmanship,42,21,21
12279,Maximos,lightnings-blade,1781,hunter,marksmanship,132,68,64
12280,Drasen,deathwing,1778,hunter,marksmanship,48,27,21
12281,Hagadinn,frostmourne,1765,hunter,marksmanship,48,21,27
12282,Comebacks,ragnaros,1756,hunter,marksmanship,46,26,20
12283,Dynith,sargeras,1756,hunter,marksmanship,39,21,18
12284,Undeadroach,tichondrius,1747,hunter,marksmanship,119,55,64
12285,Notnick,tichondrius,1747,hunter,marksmanship,84,37,47
12286,Overgnome,ragnaros,1736,hunter,marksmanship,66,32,34
12287,Deutêr,quelthalas,1734,hunter,marksmanship,78,39,39
12288,Tánsøxøxø,tichondrius,1733,hunter,marksmanship,54,25,29
12289,Khasu,ragnaros,1732,hunter,marksmanship,36,19,17
12290,Boquiinha,stormrage,1732,hunter,marksmanship,108,54,54
12291,Alyywn,tichondrius,1732,hunter,marksmanship,125,60,65
12292,Dudemanyeah,skullcrusher,1720,hunter,marksmanship,66,26,40
12293,Primalus,tichondrius,1717,hunter,marksmanship,36,18,18
12294,Ladderpolice,tichondrius,1716,hunter,marksmanship,91,49,42
12295,Kkoduckk,tichondrius,1715,hunter,marksmanship,30,19,11
12296,Gohan,jubeithos,1713,hunter,marksmanship,39,22,17
12297,Blungo,azralon,1713,hunter,marksmanship,60,31,29
12298,Dolcece,tichondrius,1713,hunter,marksmanship,48,24,24
12299,Trapstar,aggramar,1705,hunter,marksmanship,51,31,20
12300,Stormjin,arthas,1703,hunter,marksmanship,60,32,28
12301,Babyhydra,frostmourne,1693,hunter,marksmanship,41,23,18
12302,Brewster,burning-legion,1692,hunter,marksmanship,42,22,20
12303,Quickitty,proudmoore,1692,hunter,marksmanship,96,47,49
12304,Shatterwax,area-52,1690,hunter,marksmanship,42,21,21
12305,Blaðe,kelthuzad,1690,hunter,marksmanship,189,89,100
12306,Tropic,proudmoore,1688,hunter,marksmanship,68,28,40
12307,Doves,wyrmrest-accord,1685,hunter,marksmanship,66,38,28
12308,Killatrap,malganis,1677,hunter,marksmanship,42,23,19
12309,Heädshöt,malorne,1672,hunter,marksmanship,66,31,35
12310,Petattack,barthilas,1668,hunter,marksmanship,42,20,22
12311,Tassili,illidan,1666,hunter,marksmanship,60,23,37
12312,Vitekz,illidan,1665,hunter,marksmanship,36,25,11
12313,Tren,blackrock,1657,hunter,marksmanship,41,21,20
12314,Shawtytraps,tichondrius,1652,hunter,marksmanship,131,53,78
12315,Huntkiller,tichondrius,1651,hunter,marksmanship,40,29,11
12316,Gotchã,area-52,1650,hunter,marksmanship,42,27,15
12317,Aymas,sargeras,1646,hunter,marksmanship,125,65,60
12318,Barelyknower,area-52,1639,hunter,marksmanship,90,44,46
12319,Wildder,area-52,1637,hunter,marksmanship,62,35,27
12320,Yønkøu,azralon,1636,hunter,marksmanship,44,19,25
12321,Surprisemfkr,emerald-dream,1635,hunter,marksmanship,72,36,36
12322,Aueria,kiljaeden,1632,hunter,marksmanship,60,25,35
12323,Bigpie,daggerspine,1628,hunter,marksmanship,59,37,22
12324,Taylormadae,frostmourne,1627,hunter,marksmanship,66,37,29
12325,Elfymcelf,arthas,1626,hunter,marksmanship,102,52,50
12326,Gor,hyjal,1622,hunter,marksmanship,47,23,24
12327,Onemoreshot,bleeding-hollow,1622,hunter,marksmanship,176,85,91
12328,Arjunå,sargeras,1621,hunter,marksmanship,101,56,45
12329,Easynightjr,bleeding-hollow,1620,hunter,marksmanship,225,117,108
12330,Xcw,stormrage,1619,hunter,marksmanship,60,28,32
12331,Supersaiyan,antonidas,1618,hunter,marksmanship,36,17,19
12332,Alansho,tichondrius,1618,hunter,marksmanship,53,20,33
12333,Tânsøxøxø,tichondrius,1617,hunter,marksmanship,30,17,13
12334,Latesummer,tichondrius,1616,hunter,marksmanship,48,25,23
12335,Johaylon,sargeras,1616,hunter,marksmanship,42,19,23
12336,Hhappy,tichondrius,1614,hunter,marksmanship,54,23,31
12337,Dezertpower,sargeras,1613,hunter,marksmanship,36,20,16
12338,Darance,sargeras,1612,hunter,marksmanship,40,22,18
12339,Snìpershot,sargeras,1612,hunter,marksmanship,61,33,28
12340,Shotashot,area-52,1612,hunter,marksmanship,36,17,19
12341,Headshoot,tichondrius,1611,hunter,marksmanship,65,35,30
12342,Tommychong,shandris,1609,hunter,marksmanship,58,28,30
12343,Toxarch,aggramar,1609,hunter,marksmanship,60,25,35
12344,Arrowslol,stormrage,1608,hunter,marksmanship,60,32,28
12345,Simbagrove,dalaran,1605,hunter,marksmanship,42,19,23
12346,Evaelfi,illidan,1605,hunter,marksmanship,40,17,23
12347,Dracõ,proudmoore,1602,hunter,marksmanship,122,61,61
12348,Dienasty,zuljin,1601,hunter,marksmanship,30,21,9
12349,Deadshöt,bleeding-hollow,1597,hunter,marksmanship,59,26,33
12350,Shootipie,hyjal,1593,hunter,marksmanship,28,20,8
12351,Spunky,zuluhed,1589,hunter,marksmanship,36,18,18
12352,Nãmki,tichondrius,1585,hunter,marksmanship,36,22,14
12353,Tyrmaakk,emerald-dream,1581,hunter,marksmanship,46,25,21
12354,Freezetrap,proudmoore,1579,hunter,marksmanship,33,20,13
12355,Orber,stormrage,1579,hunter,marksmanship,36,20,16
12356,Mambothehunt,stormrage,1579,hunter,marksmanship,60,33,27
12357,Dummorogh,stormrage,1578,hunter,marksmanship,108,51,57
12358,Markymarc,tichondrius,1575,hunter,marksmanship,41,17,24
12359,Hyyz,proudmoore,1573,hunter,marksmanship,30,20,10
12360,Flämma,azralon,1573,hunter,marksmanship,90,40,50
12361,Bacchantress,tichondrius,1572,hunter,marksmanship,36,19,17
12362,Richmond,lightnings-blade,1572,hunter,marksmanship,54,26,28
12363,Huntonthic,korgath,1570,hunter,marksmanship,62,31,31
12364,Hämhunter,stormrage,1569,hunter,marksmanship,60,38,22
12365,Wìkkihx,emerald-dream,1568,hunter,marksmanship,48,25,23
12366,Drivebymac,tichondrius,1567,hunter,marksmanship,60,29,31
12367,Neverhunter,azralon,1566,hunter,marksmanship,29,17,12
12368,Junglejam,elune,1564,hunter,marksmanship,60,27,33
12369,Swagprince,skullcrusher,1563,hunter,marksmanship,52,32,20
12370,Stimpblimp,jubeithos,1563,hunter,marksmanship,48,19,29
12371,Onemøreshot,bleeding-hollow,1561,hunter,marksmanship,108,54,54
12372,Saloran,akama,1560,hunter,marksmanship,96,54,42
12373,Gnomorecum,kiljaeden,1558,hunter,marksmanship,87,54,33
12374,Shotsphodays,sargeras,1558,hunter,marksmanship,72,37,35
12375,Crounzz,sargeras,1558,hunter,marksmanship,51,23,28
12376,Jubiscleudo,azralon,1557,hunter,marksmanship,103,46,57
12377,Rampagez,tichondrius,1555,hunter,marksmanship,36,19,17
12378,Hmh,burning-legion,1555,hunter,marksmanship,251,125,126
12379,Luchadoris,malganis,1552,hunter,marksmanship,60,30,30
12380,Ryukuzen,tichondrius,1551,hunter,marksmanship,48,20,28
12381,Hötdôg,kiljaeden,1548,hunter,marksmanship,36,20,16
12382,Acelol,proudmoore,1546,hunter,marksmanship,166,94,72
12383,Mukbangbj,terenas,1546,hunter,marksmanship,70,37,33
12384,Kimghak,tichondrius,1544,hunter,marksmanship,67,30,37
12385,Deliond,moon-guard,1538,hunter,marksmanship,180,92,88
12386,Artemyzz,tichondrius,1537,hunter,marksmanship,48,22,26
12387,Sagadegêmeos,stormrage,1535,hunter,marksmanship,67,24,43
12388,Huntncheekz,kelthuzad,1534,hunter,marksmanship,76,38,38
12389,Metalgear,icecrown,1533,hunter,marksmanship,66,34,32
12390,Undien,area-52,1532,hunter,marksmanship,34,18,16
12391,Hitts,barthilas,1531,hunter,marksmanship,53,27,26
12392,Smokabombom,eredar,1530,hunter,marksmanship,34,18,16
12393,Zugbrained,illidan,1529,hunter,marksmanship,48,26,22
12394,Papiskrill,staghelm,1526,hunter,marksmanship,97,44,53
12395,Wockqt,kiljaeden,1522,hunter,marksmanship,49,21,28
12396,Guacmec,tichondrius,1521,hunter,marksmanship,48,28,20
12397,Gretress,azralon,1520,hunter,marksmanship,66,28,38
12398,Grands,tortheldrin,1519,hunter,marksmanship,54,26,28
12399,Lsily,tichondrius,1519,hunter,marksmanship,36,16,20
12400,Maia,frostwolf,1518,hunter,marksmanship,66,30,36
12401,Bowflexen,illidan,1518,hunter,marksmanship,42,19,23
12402,Odin,goldrinn,1516,hunter,marksmanship,101,46,55
12403,Balaria,tichondrius,1515,hunter,marksmanship,35,19,16
12404,Insanedabz,tichondrius,1515,hunter,marksmanship,72,35,37
12405,Legeye,malganis,1514,hunter,marksmanship,54,26,28
12406,Rockenrique,nemesis,1511,hunter,marksmanship,54,27,27
12407,Mehontar,area-52,1509,hunter,marksmanship,42,20,22
12408,Plopslopper,frostmourne,1508,hunter,marksmanship,60,31,29
12409,Lokuhzmarcus,goldrinn,1507,hunter,marksmanship,66,39,27
12410,Lilbang,thrall,1507,hunter,marksmanship,75,34,41
12411,Boggartt,ragnaros,1507,hunter,marksmanship,58,26,32
12412,Lostfaith,tichondrius,1504,hunter,marksmanship,66,36,30
12413,Thebweh,ragnaros,1504,hunter,marksmanship,35,17,18
12414,Rïve,tichondrius,1504,hunter,marksmanship,36,17,19
12415,Marshen,zuljin,1503,hunter,marksmanship,36,17,19
12416,Adive,drakkari,1503,hunter,marksmanship,85,40,45
12417,Tup,guldan,1499,hunter,marksmanship,51,28,23
12418,Amyrkvothe,ragnaros,1499,hunter,marksmanship,60,25,35
12419,Lixniqua,tichondrius,1498,hunter,marksmanship,75,38,37
12420,Bertimus,sargeras,1498,hunter,marksmanship,42,17,25
12421,Papacohen,stormrage,1495,hunter,marksmanship,45,22,23
12422,Lildex,demon-soul,1494,hunter,marksmanship,30,18,12
12423,Takeiya,zuljin,1494,hunter,marksmanship,29,16,13
12424,Rubinaldo,azralon,1494,hunter,marksmanship,30,16,14
12425,Föcker,emerald-dream,1492,hunter,marksmanship,25,19,6
12426,Unravel,tichondrius,1492,hunter,marksmanship,93,51,42
12427,Esler,quelthalas,1490,hunter,marksmanship,54,28,26
12428,Yozsh,azralon,1485,hunter,marksmanship,47,32,15
12429,Ðaybreâker,tichondrius,1483,hunter,marksmanship,37,23,14
12430,Littledougie,boulderfist,1481,hunter,marksmanship,78,44,34
12431,Pâl,quelthalas,1481,hunter,marksmanship,42,21,21
12432,Ssdslol,bleeding-hollow,1478,hunter,marksmanship,109,65,44
12433,Boomphaque,ravencrest,1476,hunter,marksmanship,130,62,68
12434,Metalstorm,draenor,1476,hunter,marksmanship,41,19,22
12435,Booyakah,hyjal,1475,hunter,marksmanship,36,19,17
12436,Windrein,ysondre,1475,hunter,marksmanship,48,20,28
12437,Barrohunt,tichondrius,1473,hunter,marksmanship,49,31,18
12438,Somethinggo,tichondrius,1472,hunter,marksmanship,161,77,84
12439,Xcisiion,nagrand,1470,hunter,marksmanship,167,85,82
12440,Scourgesurge,kiljaeden,1470,hunter,marksmanship,42,21,21
12441,Cloudzbow,moon-guard,1470,hunter,marksmanship,40,18,22
12442,Kekkww,hyjal,1469,hunter,marksmanship,54,26,28
12443,Killshøtß,tichondrius,1466,hunter,marksmanship,54,25,29
12444,Lowlore,moon-guard,1463,hunter,marksmanship,96,52,44
12445,Zeenuts,sargeras,1461,hunter,marksmanship,47,24,23
12446,Angelickon,tichondrius,1459,hunter,marksmanship,62,29,33
12447,Lookøut,moon-guard,1458,hunter,marksmanship,68,32,36
12448,Bomomatic,zuljin,1457,hunter,marksmanship,42,24,18
12449,Soljer,kiljaeden,1457,hunter,marksmanship,60,26,34
12450,Skybourne,nemesis,1455,hunter,marksmanship,66,38,28
12451,Nelosi,shadowmoon,1455,hunter,marksmanship,54,25,29
12452,Cyrsmen,ragnaros,1454,hunter,marksmanship,75,34,41
12453,Chï,zuljin,1453,hunter,marksmanship,110,56,54
12454,Tóri,emerald-dream,1445,hunter,marksmanship,47,25,22
12455,Bwaa,illidan,1444,hunter,marksmanship,83,38,45
12456,Hemathios,drakkari,1442,hunter,marksmanship,50,21,29
12457,Rumzi,thrall,1441,hunter,marksmanship,102,57,45
12458,Backpedalftw,darrowmere,1440,hunter,marksmanship,42,16,26
12459,Katebishop,nemesis,1438,hunter,marksmanship,28,18,10
12460,Jotosalsa,blackrock,1438,hunter,marksmanship,60,30,30
12461,Stupidgodx,tichondrius,1437,hunter,marksmanship,48,25,23
12462,Klitz,lightninghoof,1436,hunter,marksmanship,30,18,12
12463,Pokcmvmxckm,senjin,1433,hunter,marksmanship,66,35,31
12464,Bootywhop,dalaran,1433,hunter,marksmanship,30,15,15
12465,Allondra,proudmoore,1432,hunter,marksmanship,30,17,13
12466,Baixiaochu,area-52,1432,hunter,marksmanship,105,47,58
12467,Madsniper,thunderlord,1431,hunter,marksmanship,66,35,31
12468,Shadowhokage,zuljin,1431,hunter,marksmanship,50,26,24
12469,Crazyeasy,azshara,1431,hunter,marksmanship,30,15,15
12470,Lewanker,zuljin,1429,hunter,marksmanship,42,23,19
12471,Vibøra,stormrage,1429,hunter,marksmanship,126,56,70
12472,Valimhir,tichondrius,1429,hunter,marksmanship,36,16,20
12473,Mèseeks,bleeding-hollow,1427,hunter,marksmanship,60,34,26
12474,Landon,lightnings-blade,1426,hunter,marksmanship,30,15,15
12475,Sï,anubarak,1425,hunter,marksmanship,42,19,23
12476,Grayføxx,twisting-nether,1424,hunter,marksmanship,42,24,18
12477,Cholohippie,blackrock,1424,hunter,marksmanship,55,30,25
12478,Vonkrieg,tichondrius,1424,hunter,marksmanship,42,15,27
12479,Timmee,bleeding-hollow,1421,hunter,marksmanship,24,15,9
12480,Sleepyjoee,dalaran,1421,hunter,marksmanship,54,31,23
12481,Benme,illidan,1421,hunter,marksmanship,210,99,111
12482,Leucis,cenarius,1420,hunter,marksmanship,18,15,3
12483,Hoboh,illidan,1415,hunter,marksmanship,99,49,50
12484,Boombob,sargeras,1415,hunter,marksmanship,59,27,32
12485,Zasnar,malganis,1413,hunter,marksmanship,30,15,15
12486,Vivaswan,tichondrius,1413,hunter,marksmanship,42,15,27
12487,Häydn,emerald-dream,1412,hunter,marksmanship,35,20,15
12488,Shøtii,tichondrius,1411,hunter,marksmanship,34,19,15
12489,Elendïr,tichondrius,1411,hunter,marksmanship,60,33,27
12490,Aimz,zuluhed,1411,hunter,marksmanship,67,26,41
12491,Vergillx,ragnaros,1409,hunter,marksmanship,74,45,29
12492,Klannis,quelthalas,1409,hunter,marksmanship,42,19,23
12493,Dnicee,stormrage,1408,hunter,marksmanship,36,28,8
12494,Joshmckin,area-52,1406,hunter,marksmanship,116,53,63
12495,Mariaassjx,ragnaros,1406,hunter,marksmanship,102,46,56
12496,Automatic,illidan,1405,hunter,marksmanship,63,29,34
12497,Voidmarksman,whisperwind,1404,hunter,marksmanship,49,30,19
12498,Grànd,tortheldrin,1402,hunter,marksmanship,35,17,18
12499,Déadshot,thaurissan,1402,hunter,marksmanship,42,17,25
12500,Dsizzle,tichondrius,1400,hunter,marksmanship,44,18,26
12501,Renzô,sargeras,1398,hunter,marksmanship,70,40,30
12502,Jeezyxxii,shadowmoon,1398,hunter,marksmanship,68,32,36
12503,Ashx,khazgoroth,1392,hunter,marksmanship,30,15,15
12504,Insulin,moonrunner,1390,hunter,marksmanship,36,17,19
12505,ßeãst,bladefist,1387,hunter,marksmanship,24,16,8
12506,Péppérmínt,korgath,1384,hunter,marksmanship,58,29,29
12507,Slayou,uldum,1383,hunter,marksmanship,69,37,32
12508,Fuzzypjs,stormrage,1382,hunter,marksmanship,39,17,22
12509,Toowizeë,barthilas,1381,hunter,marksmanship,53,23,30
12510,Tobroken,perenolde,1380,hunter,marksmanship,51,25,26
12511,Phojuansixx,ghostlands,1377,hunter,marksmanship,32,20,12
12512,Spacelandz,emerald-dream,1374,hunter,marksmanship,30,19,11
12513,Dominate,frostmourne,1374,hunter,marksmanship,48,23,25
12514,Hunsak,ragnaros,1373,hunter,marksmanship,30,20,10
12515,Húntingarrow,area-52,1373,hunter,marksmanship,72,36,36
12516,Precísion,malganis,1372,hunter,marksmanship,35,18,17
12517,Leshwi,ragnaros,1370,hunter,marksmanship,47,23,24
12518,Malebolick,ragnaros,1367,hunter,marksmanship,65,27,38
12519,Lukhas,moon-guard,1367,hunter,marksmanship,60,24,36
12520,Balun,sargeras,1366,hunter,marksmanship,42,18,24
12521,Gq,garona,1365,hunter,marksmanship,66,26,40
12522,Rorijii,tichondrius,1365,hunter,marksmanship,48,18,30
12523,Chokemescara,stormrage,1364,hunter,marksmanship,36,16,20
12524,Akomata,emerald-dream,1363,hunter,marksmanship,30,17,13
12525,Worewolf,lightninghoof,1363,hunter,marksmanship,50,22,28
12526,Jumaanji,gurubashi,1362,hunter,marksmanship,70,36,34
12527,Amonerhunter,bleeding-hollow,1362,hunter,marksmanship,48,20,28
12528,Skelyeelegno,perenolde,1361,hunter,marksmanship,30,17,13
12529,Staticarrow,norgannon,1361,hunter,marksmanship,126,60,66
12530,Glittergun,sargeras,1360,hunter,marksmanship,41,19,22
12531,Kronicbeast,bleeding-hollow,1360,hunter,marksmanship,96,42,54
12532,Trapshawty,darkspear,1359,hunter,marksmanship,54,19,35
12533,Bowinc,greymane,1357,hunter,marksmanship,24,15,9
12534,Pleyadez,drakkari,1356,hunter,marksmanship,42,24,18
12535,Moktarg,archimonde,1356,hunter,marksmanship,41,18,23
12536,Condorexe,illidan,1356,hunter,marksmanship,90,39,51
12537,Ghudi,moon-guard,1354,hunter,marksmanship,39,21,18
12538,Finaqua,sargeras,1352,hunter,marksmanship,32,15,17
12539,Lederniertra,gorefiend,1351,hunter,marksmanship,272,135,137
12540,Watchmanjoe,grizzly-hills,1350,hunter,marksmanship,54,30,24
12541,Kolosaltraps,tichondrius,1349,hunter,marksmanship,33,16,17
12542,Pwnagraphic,barthilas,1349,hunter,marksmanship,70,26,44
12543,Uwuessy,illidan,1348,hunter,marksmanship,66,30,36
12544,Kyukon,illidan,1345,hunter,marksmanship,36,18,18
12545,Diisdik,tichondrius,1344,hunter,marksmanship,51,23,28
12546,Mizhu,ragnaros,1343,hunter,marksmanship,70,38,32
12547,Hurstt,kelthuzad,1341,hunter,marksmanship,56,27,29
12548,Brokenstars,illidan,1339,hunter,marksmanship,54,29,25
12549,Fartingshot,proudmoore,1339,hunter,marksmanship,89,41,48
12550,Toniic,moon-guard,1337,hunter,marksmanship,54,33,21
12551,Dexteros,ragnaros,1337,hunter,marksmanship,66,33,33
12552,Wìllòw,khazgoroth,1337,hunter,marksmanship,48,18,30
12553,Orgpopeyes,illidan,1336,hunter,marksmanship,24,14,10
12554,Dvei,silvermoon,1336,hunter,marksmanship,57,25,32
12555,Thaden,akama,1332,hunter,marksmanship,65,34,31
12556,Booffmeister,area-52,1329,hunter,marksmanship,30,14,16
12557,Dathunterr,azralon,1329,hunter,marksmanship,95,44,51
12558,Lotatinyfish,malganis,1328,hunter,marksmanship,42,25,17
12559,Sindain,bloodscalp,1327,hunter,marksmanship,36,20,16
12560,Tonnyfab,ragnaros,1326,hunter,marksmanship,34,19,15
12561,Bojob,azgalor,1324,hunter,marksmanship,63,34,29
12562,Azaz,khaz-modan,1324,hunter,marksmanship,59,27,32
12563,Softhunter,tichondrius,1324,hunter,marksmanship,36,14,22
12564,Murza,korgath,1323,hunter,marksmanship,24,15,9
12565,Xhartanis,magtheridon,1323,hunter,marksmanship,63,31,32
12566,Kä,blackhand,1321,hunter,marksmanship,66,28,38
12567,Ärtémisa,quelthalas,1320,hunter,marksmanship,41,22,19
12568,Tristiae,stormrage,1319,hunter,marksmanship,67,36,31
12569,Swolfp,tichondrius,1319,hunter,marksmanship,58,23,35
12570,Ilina,malorne,1317,hunter,marksmanship,24,14,10
12571,Dogezandalar,illidan,1317,hunter,marksmanship,40,18,22
12572,Explosief,area-52,1315,hunter,marksmanship,60,30,30
12573,Shooterzz,illidan,1314,hunter,marksmanship,24,16,8
12574,Gorîlla,sargeras,1313,hunter,marksmanship,72,32,40
12575,Zaheerz,sargeras,1312,hunter,marksmanship,36,16,20
12576,Braxigarr,area-52,1310,hunter,marksmanship,223,106,117
12577,Smoothbrain,khadgar,1307,hunter,marksmanship,52,19,33
12578,Thirià,garona,1306,hunter,marksmanship,18,14,4
12579,Rekshot,amanthul,1306,hunter,marksmanship,150,73,77
12580,Wolverhino,thrall,1304,hunter,marksmanship,48,21,27
12581,Albe,azralon,1303,hunter,marksmanship,76,37,39
12582,Cocobread,stormreaver,1303,hunter,marksmanship,48,21,27
12583,Ekzoo,tichondrius,1302,hunter,marksmanship,22,15,7
12584,Revo,darkspear,1301,hunter,marksmanship,30,14,16
12585,Snewboy,malganis,1299,hunter,marksmanship,24,14,10
12586,Celph,moon-guard,1299,hunter,marksmanship,48,20,28
12587,Cullowhee,proudmoore,1299,hunter,marksmanship,35,14,21
12588,Gunther,korgath,1296,hunter,marksmanship,30,14,16
12589,Ahegoface,frostmourne,1295,hunter,marksmanship,60,21,39
12590,Mensrea,illidan,1294,hunter,marksmanship,47,30,17
12591,Hukkx,kalecgos,1294,hunter,marksmanship,56,24,32
12592,Urtthel,stormrage,1293,hunter,marksmanship,28,17,11
12593,Krattøs,bleeding-hollow,1293,hunter,marksmanship,34,16,18
12594,Glediator,tichondrius,1288,hunter,marksmanship,112,51,61
12595,Ricas,malganis,1285,hunter,marksmanship,104,46,58
12596,Kalibah,azralon,1285,hunter,marksmanship,81,30,51
12597,Leeshaarrow,moon-guard,1284,hunter,marksmanship,36,17,19
12598,Juhyeon,tichondrius,1284,hunter,marksmanship,46,17,29
12599,Ripmytoast,chogall,1281,hunter,marksmanship,187,101,86
12600,Kìkìjiki,emerald-dream,1281,hunter,marksmanship,30,16,14
12601,Gromtheponch,area-52,1280,hunter,marksmanship,43,22,21
12602,Ragnarlobkk,ragnaros,1279,hunter,marksmanship,95,49,46
12603,Rawrzy,sargeras,1278,hunter,marksmanship,29,14,15
12604,Bigolhippy,frostmourne,1277,hunter,marksmanship,30,15,15
12605,Clutchxx,tichondrius,1275,hunter,marksmanship,24,14,10
12606,Sniperarmy,dalaran,1274,hunter,marksmanship,103,52,51
12607,Bluecoral,frostmourne,1274,hunter,marksmanship,99,48,51
12608,Darylovejr,destromath,1274,hunter,marksmanship,38,16,22
12609,Amanazàra,tichondrius,1273,hunter,marksmanship,84,41,43
12610,Nights,nemesis,1271,hunter,marksmanship,24,15,9
12611,Gothew,turalyon,1271,hunter,marksmanship,42,22,20
12612,Picaubica,kiljaeden,1268,hunter,marksmanship,41,15,26
12613,Spyhunter,malganis,1266,hunter,marksmanship,67,28,39
12614,Xephert,ragnaros,1265,hunter,marksmanship,48,22,26
12615,Birgite,stormrage,1265,hunter,marksmanship,54,21,33
12616,Cloudbuck,aegwynn,1262,hunter,marksmanship,58,22,36
12617,Blackhuntr,garona,1260,hunter,marksmanship,234,117,117
12618,Gstring,kelthuzad,1258,hunter,marksmanship,121,55,66
12619,Apaweclover,stormrage,1256,hunter,marksmanship,274,135,139
12620,Netorip,azralon,1254,hunter,marksmanship,33,16,17
12621,Jerybery,gundrak,1253,hunter,marksmanship,29,18,11
12622,Infamousorc,chogall,1251,hunter,marksmanship,82,36,46
12623,Solomine,jubeithos,1251,hunter,marksmanship,36,15,21
12624,Rattrap,proudmoore,1250,hunter,marksmanship,41,18,23
12625,Eilleath,zuljin,1249,hunter,marksmanship,24,15,9
12626,Ëzy,frostmourne,1246,hunter,marksmanship,60,33,27
12627,Duruainn,zuljin,1245,hunter,marksmanship,73,33,40
12628,Hoeswannafuk,stormrage,1243,hunter,marksmanship,24,13,11
12629,Vipermaster,azralon,1243,hunter,marksmanship,46,24,22
12630,Oattes,daggerspine,1243,hunter,marksmanship,30,13,17
12631,Hogshanks,moon-guard,1242,hunter,marksmanship,24,13,11
12632,Seenobody,stormrage,1242,hunter,marksmanship,100,51,49
12633,Rudekeef,illidan,1240,hunter,marksmanship,24,13,11
12634,Lafleche,kiljaeden,1239,hunter,marksmanship,29,15,14
12635,Islachan,ragnaros,1238,hunter,marksmanship,30,13,17
12636,Hunimi,elune,1237,hunter,marksmanship,32,14,18
12637,Sootgarbage,sargeras,1235,hunter,marksmanship,18,13,5
12638,Pokeyourbutt,hydraxis,1235,hunter,marksmanship,24,13,11
12639,Wincolt,stormrage,1235,hunter,marksmanship,30,13,17
12640,Killz,skullcrusher,1234,hunter,marksmanship,44,21,23
12641,Drillklinton,tichondrius,1234,hunter,marksmanship,42,18,24
12642,Lolknocked,alexstrasza,1233,hunter,marksmanship,27,14,13
12643,Lightweight,kelthuzad,1229,hunter,marksmanship,53,24,29
12644,Loth,illidan,1228,hunter,marksmanship,24,14,10
12645,Chikkynuggy,destromath,1228,hunter,marksmanship,33,14,19
12646,Mlzj,tichondrius,1225,hunter,marksmanship,24,13,11
12647,Idiiot,sargeras,1223,hunter,marksmanship,68,33,35
12648,Drjingajanga,zuluhed,1218,hunter,marksmanship,39,16,23
12649,Caylix,sargeras,1216,hunter,marksmanship,36,14,22
12650,Targetreaper,proudmoore,1215,hunter,marksmanship,24,13,11
12651,Sukr,korgath,1215,hunter,marksmanship,98,37,61
12652,Bärney,frostmourne,1214,hunter,marksmanship,24,13,11
12653,Give,draktharon,1214,hunter,marksmanship,33,14,19
12654,Malkuri,medivh,1213,hunter,marksmanship,35,13,22
12655,Puresport,hyjal,1212,hunter,marksmanship,24,13,11
12656,Kritsu,tichondrius,1209,hunter,marksmanship,41,20,21
12657,Coolwhip,demon-soul,1209,hunter,marksmanship,46,22,24
12658,Äce,khazgoroth,1208,hunter,marksmanship,30,13,17
12659,Snaafu,duskwood,1206,hunter,marksmanship,30,13,17
12660,Myrfes,ragnaros,1206,hunter,marksmanship,52,19,33
12661,Augus,eredar,1202,hunter,marksmanship,41,15,26
12662,Tîpz,stormrage,1200,hunter,marksmanship,23,14,9
12663,Kalgorn,emerald-dream,1200,hunter,marksmanship,30,13,17
12664,Calî,stormscale,1195,hunter,marksmanship,30,14,16
12665,Vinranya,sargeras,1194,hunter,marksmanship,75,34,41
12666,Cashhapp,zuljin,1193,hunter,marksmanship,165,77,88
12667,Moonet,amanthul,1192,hunter,marksmanship,29,16,13
12668,Chaðs,amanthul,1190,hunter,marksmanship,39,21,18
12669,Kayzia,lightninghoof,1190,hunter,marksmanship,29,13,16
12670,Valieev,black-dragonflight,1188,hunter,marksmanship,42,25,17
12671,Ilovehippos,laughing-skull,1188,hunter,marksmanship,145,67,78
12672,Forthethrill,area-52,1187,hunter,marksmanship,45,24,21
12673,Oopsurtrappd,darkspear,1186,hunter,marksmanship,29,16,13
12674,Juicyjams,moon-guard,1186,hunter,marksmanship,24,13,11
12675,Lavaun,eredar,1185,hunter,marksmanship,36,17,19
12676,Emeri,winterhoof,1181,hunter,marksmanship,36,21,15
12677,Ramdy,quelthalas,1180,hunter,marksmanship,30,14,16
12678,Fova,wyrmrest-accord,1179,hunter,marksmanship,19,14,5
12679,Doubletappz,stormrage,1178,hunter,marksmanship,36,15,21
12680,Chïnchïlla,zuljin,1176,hunter,marksmanship,27,14,13
12681,Zock,lothar,1176,hunter,marksmanship,116,55,61
12682,Rocroc,gurubashi,1175,hunter,marksmanship,66,29,37
12683,Silverweaver,illidan,1174,hunter,marksmanship,30,15,15
12684,Ellishunter,frostmourne,1174,hunter,marksmanship,64,23,41
12685,Tweak,ysera,1172,hunter,marksmanship,24,13,11
12686,Guarambare,ragnaros,1172,hunter,marksmanship,39,15,24
12687,Aftërlyfe,tichondrius,1170,hunter,marksmanship,29,14,15
12688,Huntdawgg,illidan,1170,hunter,marksmanship,51,16,35
12689,Patmypet,terenas,1167,hunter,marksmanship,30,14,16
12690,Mezmore,thrall,1167,hunter,marksmanship,54,24,30
12691,Papiquezo,nagrand,1165,hunter,marksmanship,27,14,13
12692,Clemenlemon,illidan,1162,hunter,marksmanship,36,19,17
12693,Mídnîght,azralon,1161,hunter,marksmanship,39,14,25
12694,Miscreant,kelthuzad,1160,hunter,marksmanship,32,13,19
12695,Cu,frostmourne,1159,hunter,marksmanship,19,13,6
12696,Moüserat,moon-guard,1159,hunter,marksmanship,126,61,65
12697,Rhaygon,arthas,1154,hunter,marksmanship,57,20,37
12698,Huataran,stormrage,1151,hunter,marksmanship,18,12,6
12699,Hunterlist,frostmourne,1151,hunter,marksmanship,24,12,12
12700,Negãn,tichondrius,1151,hunter,marksmanship,24,12,12
12701,Mapp,tichondrius,1150,hunter,marksmanship,18,12,6
12702,Sunnimuffens,deathwing,1150,hunter,marksmanship,53,25,28
12703,Summerrain,illidan,1149,hunter,marksmanship,18,12,6
12704,Floozyfairy,daggerspine,1149,hunter,marksmanship,59,29,30
12705,Zuuvuya,nemesis,1149,hunter,marksmanship,56,20,36
12706,Nes,azuremyst,1148,hunter,marksmanship,24,12,12
12707,Spiketurtle,queldorei,1148,hunter,marksmanship,30,13,17
12708,Volga,haomarush,1147,hunter,marksmanship,52,24,28
12709,Ocromiun,illidan,1146,hunter,marksmanship,39,13,26
12710,Topshotx,tichondrius,1145,hunter,marksmanship,18,12,6
12711,Sugarboyy,darkspear,1145,hunter,marksmanship,39,19,20
12712,Dykbuht,area-52,1144,hunter,marksmanship,24,12,12
12713,Lilnatty,area-52,1143,hunter,marksmanship,33,13,20
12714,Desolater,bleeding-hollow,1143,hunter,marksmanship,36,12,24
12715,Buckethole,doomhammer,1142,hunter,marksmanship,42,19,23
12716,Inability,emerald-dream,1142,hunter,marksmanship,30,12,18
12717,Jenniekim,mugthol,1141,hunter,marksmanship,19,13,6
12718,Alindra,zuluhed,1141,hunter,marksmanship,60,25,35
12719,Zachhunter,frostmourne,1141,hunter,marksmanship,54,20,34
12720,Òriòn,tichondrius,1141,hunter,marksmanship,36,12,24
12721,Zgabriel,azralon,1140,hunter,marksmanship,24,12,12
12722,Chainmaster,misha,1140,hunter,marksmanship,115,54,61
12723,Foxhe,hyjal,1137,hunter,marksmanship,42,22,20
12724,Tenlbbow,illidan,1137,hunter,marksmanship,24,12,12
12725,Thundershots,tichondrius,1136,hunter,marksmanship,80,35,45
12726,Drewshot,sargeras,1134,hunter,marksmanship,18,12,6
12727,Vhan,azralon,1133,hunter,marksmanship,44,19,25
12728,Mathund,gurubashi,1132,hunter,marksmanship,149,70,79
12729,Oqqo,tichondrius,1132,hunter,marksmanship,51,21,30
12730,Jarloo,madoran,1129,hunter,marksmanship,35,19,16
12731,Táká,quelthalas,1129,hunter,marksmanship,30,13,17
12732,Dandogg,tichondrius,1129,hunter,marksmanship,30,12,18
12733,Minzuki,drakkari,1127,hunter,marksmanship,30,13,17
12734,Clockwörk,sargeras,1125,hunter,marksmanship,21,13,8
12735,Tiofil,goldrinn,1124,hunter,marksmanship,24,14,10
12736,Pikochon,illidan,1122,hunter,marksmanship,65,24,41
12737,Linedalina,wyrmrest-accord,1119,hunter,marksmanship,30,14,16
12738,Bowdown,moon-guard,1118,hunter,marksmanship,60,30,30
12739,Starkmeister,stormrage,1118,hunter,marksmanship,30,12,18
12740,Ackzar,ragnaros,1114,hunter,marksmanship,88,44,44
12741,Wixyy,aegwynn,1114,hunter,marksmanship,58,23,35
12742,Redskul,azralon,1113,hunter,marksmanship,36,19,17
12743,Yaboismokey,aerie-peak,1112,hunter,marksmanship,35,15,20
12744,Àlëxx,aegwynn,1111,hunter,marksmanship,48,20,28
12745,Grimbleneep,emerald-dream,1111,hunter,marksmanship,40,16,24
12746,Enuk,nagrand,1110,hunter,marksmanship,85,38,47
12747,Daytrade,stormrage,1108,hunter,marksmanship,18,12,6
12748,Repotro,drakkari,1108,hunter,marksmanship,42,14,28
12749,Aoolfs,stormrage,1107,hunter,marksmanship,72,32,40
12750,Halibut,quelthalas,1106,hunter,marksmanship,47,25,22
12751,Bemaa,frostmourne,1106,hunter,marksmanship,42,21,21
12752,Rykár,kiljaeden,1106,hunter,marksmanship,24,12,12
12753,Wwing,frostwolf,1105,hunter,marksmanship,285,143,142
12754,Huuntard,proudmoore,1104,hunter,marksmanship,29,12,17
12755,Beldhur,archimonde,1102,hunter,marksmanship,23,12,11
12756,Kánnah,ragnaros,1101,hunter,marksmanship,150,77,73
12757,Flacidhunter,kelthuzad,1101,hunter,marksmanship,36,16,20
12758,Týrak,illidan,1100,hunter,marksmanship,24,12,12
12759,Bentrick,altar-of-storms,1097,hunter,marksmanship,33,18,15
12760,Chetta,ragnaros,1096,hunter,marksmanship,59,21,38
12761,Killincrew,scilla,1093,hunter,marksmanship,50,23,27
12762,Returners,emerald-dream,1091,hunter,marksmanship,54,30,24
12763,Veranir,nemesis,1091,hunter,marksmanship,98,49,49
12764,Mikeangel,hydraxis,1091,hunter,marksmanship,27,12,15
12765,Malo,dragonmaw,1090,hunter,marksmanship,30,16,14
12766,Angelacross,azralon,1087,hunter,marksmanship,54,26,28
12767,Maxwel,sargeras,1082,hunter,marksmanship,175,86,89
12768,Ongorn,lightninghoof,1082,hunter,marksmanship,30,12,18
12769,Ud,eldrethalas,1081,hunter,marksmanship,17,12,5
12770,Lezzbow,tichondrius,1081,hunter,marksmanship,61,32,29
12771,Trìggered,dark-iron,1080,hunter,marksmanship,42,20,22
12772,Aïmïng,tichondrius,1074,hunter,marksmanship,42,14,28
12773,Cßo,tichondrius,1073,hunter,marksmanship,96,43,53
12774,Pewpow,barthilas,1072,hunter,marksmanship,60,28,32
12775,Raneldar,proudmoore,1072,hunter,marksmanship,144,57,87
12776,Mynnokyr,gallywix,1070,hunter,marksmanship,59,28,31
12777,Towness,kelthuzad,1067,hunter,marksmanship,48,23,25
12778,Thoopered,korgath,1062,hunter,marksmanship,65,33,32
12779,Baldor,stormrage,1062,hunter,marksmanship,72,31,41
12780,Thunter,kiljaeden,1060,hunter,marksmanship,24,14,10
12781,Piloks,gallywix,1058,hunter,marksmanship,50,24,26
12782,Imperatrix,emerald-dream,1058,hunter,marksmanship,72,25,47
12783,Runsfromcops,sargeras,1056,hunter,marksmanship,18,11,7
12784,Gvjellybeans,tichondrius,1056,hunter,marksmanship,18,11,7
12785,Lexodream,bleeding-hollow,1056,hunter,marksmanship,18,11,7
12786,Ryutiz,fizzcrank,1056,hunter,marksmanship,30,11,19
12787,Shayelin,frostmourne,1055,hunter,marksmanship,18,11,7
12788,Redzic,tichondrius,1054,hunter,marksmanship,18,11,7
12789,Inktray,durotan,1054,hunter,marksmanship,30,11,19
12790,Tharlor,aegwynn,1054,hunter,marksmanship,30,11,19
12791,Longshánks,stormrage,1052,hunter,marksmanship,24,11,13
12792,Guntrïx,stormrage,1052,hunter,marksmanship,36,11,25
12793,Callenna,zuljin,1051,hunter,marksmanship,18,11,7
12794,Infinitý,zuljin,1051,hunter,marksmanship,24,11,13
12795,Tråppin,sargeras,1050,hunter,marksmanship,21,12,9
12796,Blimpbooty,stormrage,1050,hunter,marksmanship,24,11,13
12797,Doug,illidan,1048,hunter,marksmanship,18,11,7
12798,Vansatih,azralon,1047,hunter,marksmanship,66,27,39
12799,Grimcask,ragnaros,1045,hunter,marksmanship,27,12,15
12800,Fëanora,quelthalas,1044,hunter,marksmanship,24,11,13
12801,Udietofast,illidan,1044,hunter,marksmanship,106,43,63
12802,Porkerr,black-dragonflight,1040,hunter,marksmanship,48,25,23
12803,Styles,thaurissan,1040,hunter,marksmanship,36,18,18
12804,Corruptid,moon-guard,1039,hunter,marksmanship,18,11,7
12805,Tazent,moon-guard,1039,hunter,marksmanship,24,11,13
12806,Lowk,stonemaul,1038,hunter,marksmanship,18,13,5
12807,Deadalot,dalaran,1038,hunter,marksmanship,18,11,7
12808,Yadír,quelthalas,1038,hunter,marksmanship,120,55,65
12809,Yoimiya,thunderlord,1036,hunter,marksmanship,41,18,23
12810,Iililillilii,tichondrius,1035,hunter,marksmanship,34,14,20
12811,Sartros,drakkari,1034,hunter,marksmanship,19,13,6
12812,Sumom,darrowmere,1032,hunter,marksmanship,147,68,79
12813,Huntnfizzle,dethecus,1031,hunter,marksmanship,18,11,7
12814,Vendortrash,aggramar,1029,hunter,marksmanship,24,12,12
12815,Delukzin,azralon,1028,hunter,marksmanship,38,13,25
12816,Silenciozzo,azralon,1026,hunter,marksmanship,42,17,25
12817,Kalinor,cenarius,1022,hunter,marksmanship,48,22,26
12818,Critaclyzm,moon-guard,1019,hunter,marksmanship,37,14,23
12819,Benryats,area-52,1019,hunter,marksmanship,36,11,25
12820,Konar,nemesis,1018,hunter,marksmanship,78,34,44
12821,Madogite,azralon,1017,hunter,marksmanship,66,37,29
12822,Shukucingjr,illidan,1015,hunter,marksmanship,39,23,16
12823,Kødran,stormrage,1013,hunter,marksmanship,54,26,28
12824,Jzander,ragnaros,1010,hunter,marksmanship,20,13,7
12825,Thyraza,proudmoore,1010,hunter,marksmanship,24,11,13
12826,Secure,doomhammer,1010,hunter,marksmanship,42,18,24
12827,Kuramax,senjin,1009,hunter,marksmanship,95,43,52
12828,Triggaplease,jubeithos,1008,hunter,marksmanship,67,37,30
12829,Killerxzxz,stormrage,1007,hunter,marksmanship,24,13,11
12830,Torturekilla,bleeding-hollow,1007,hunter,marksmanship,57,28,29
12831,Salsa,hakkar,1005,hunter,marksmanship,107,39,68
12832,Broking,azralon,1004,hunter,marksmanship,26,12,14
12833,Brenri,boulderfist,1003,hunter,marksmanship,30,15,15
12834,Zengrin,quelthalas,1003,hunter,marksmanship,23,11,12
12835,Mirãbel,drakkari,1001,hunter,marksmanship,42,13,29
12836,Koonorc,dalaran,998,hunter,marksmanship,46,22,24
12837,Sitaelh,quelthalas,994,hunter,marksmanship,48,23,25
12838,Balgair,hakkar,991,hunter,marksmanship,46,24,22
12839,Scottcrume,area-52,990,hunter,marksmanship,60,27,33
12840,Nelay,ragnaros,988,hunter,marksmanship,23,11,12
12841,Ritler,frostmourne,987,hunter,marksmanship,21,11,10
12842,Øparin,azralon,986,hunter,marksmanship,22,14,8
12843,Scoundrella,sargeras,984,hunter,marksmanship,36,17,19
12844,Àbyss,shandris,982,hunter,marksmanship,48,18,30
12845,Galaxxis,bonechewer,974,hunter,marksmanship,51,26,25
12846,Iiwii,burning-legion,969,hunter,marksmanship,19,11,8
12847,Tiidkloul,illidan,968,hunter,marksmanship,18,12,6
12848,Reanivan,kiljaeden,968,hunter,marksmanship,66,24,42
12849,Hanabanana,wyrmrest-accord,960,hunter,marksmanship,12,10,2
12850,Goonsh,tichondrius,960,hunter,marksmanship,18,10,8
12851,Nainit,sargeras,960,hunter,marksmanship,18,10,8
12852,Zota,frostmourne,960,hunter,marksmanship,18,10,8
12853,Kagaramar,hellscream,960,hunter,marksmanship,21,11,10
12854,Taumelz,sargeras,960,hunter,marksmanship,24,10,14
12855,Sylvaa,tichondrius,960,hunter,marksmanship,30,10,20
12856,Throre,bleeding-hollow,959,hunter,marksmanship,18,10,8
12857,Nelandris,tichondrius,959,hunter,marksmanship,72,28,44
12858,Hunghang,frostmourne,959,hunter,marksmanship,30,10,20
12859,Ñðñdêsçrípt,frostmourne,959,hunter,marksmanship,30,10,20
12860,Mù,frostmourne,958,hunter,marksmanship,18,10,8
12861,Austelos,moon-guard,958,hunter,marksmanship,18,10,8
12862,Chasseür,quelthalas,957,hunter,marksmanship,18,10,8
12863,Aewyn,malganis,956,hunter,marksmanship,24,10,14
12864,Zulorion,the-forgotten-coast,956,hunter,marksmanship,24,10,14
12865,Dartháne,moon-guard,956,hunter,marksmanship,29,11,18
12866,Sparemeok,illidan,955,hunter,marksmanship,18,10,8
12867,Chuvug,quelthalas,955,hunter,marksmanship,24,10,14
12868,Hawkeyë,ragnaros,954,hunter,marksmanship,18,10,8
12869,Daymanaahh,malfurion,954,hunter,marksmanship,24,10,14
12870,Xaveco,gallywix,954,hunter,marksmanship,58,23,35
12871,Twist,burning-legion,953,hunter,marksmanship,12,10,2
12872,Larree,kelthuzad,953,hunter,marksmanship,18,10,8
12873,Damadar,tichondrius,953,hunter,marksmanship,24,10,14
12874,Shuweet,moon-guard,953,hunter,marksmanship,24,10,14
12875,Getnukedbud,emerald-dream,952,hunter,marksmanship,18,10,8
12876,Escolhido,azralon,952,hunter,marksmanship,18,10,8
12877,Ragar,korialstrasz,952,hunter,marksmanship,24,10,14
12878,Jahir,tichondrius,952,hunter,marksmanship,30,10,20
12879,Verdao,stormrage,952,hunter,marksmanship,30,10,20
12880,Kazzanval,sargeras,949,hunter,marksmanship,24,11,13
12881,Dairoxd,drakkari,948,hunter,marksmanship,35,18,17
12882,Vanhe,quelthalas,947,hunter,marksmanship,18,10,8
12883,Kidofdeath,borean-tundra,947,hunter,marksmanship,18,10,8
12884,Katnie,azralon,947,hunter,marksmanship,52,25,27
12885,Momomomo,draka,947,hunter,marksmanship,24,10,14
12886,Milktoker,tichondrius,947,hunter,marksmanship,24,10,14
12887,Globlauncher,tichondrius,946,hunter,marksmanship,18,10,8
12888,Bowtech,kelthuzad,942,hunter,marksmanship,25,10,15
12889,Arshuntica,blackrock,940,hunter,marksmanship,36,20,16
12890,Djpwnz,bladefist,940,hunter,marksmanship,24,10,14
12891,Lazygnome,azshara,934,hunter,marksmanship,23,11,12
12892,Zarely,frostmourne,932,hunter,marksmanship,24,10,14
12893,Nachtcloverr,stormrage,931,hunter,marksmanship,63,27,36
12894,Jamzlol,frostmourne,930,hunter,marksmanship,23,14,9
12895,Ontarget,cairne,926,hunter,marksmanship,81,37,44
12896,Silhouettes,barthilas,923,hunter,marksmanship,27,13,14
12897,Wael,perenolde,920,hunter,marksmanship,29,10,19
12898,Lauannÿ,gallywix,917,hunter,marksmanship,130,61,69
12899,Taynen,azralon,916,hunter,marksmanship,23,10,13
12900,Yamanashi,black-dragonflight,914,hunter,marksmanship,120,59,61
12901,Zievieda,hellscream,910,hunter,marksmanship,24,12,12
12902,Viciosa,bleeding-hollow,908,hunter,marksmanship,60,32,28
12903,Fleshfair,kiljaeden,907,hunter,marksmanship,30,12,18
12904,Brenogam,azralon,906,hunter,marksmanship,37,19,18
12905,Ramblinon,bloodhoof,906,hunter,marksmanship,24,11,13
12906,Blaws,tichondrius,906,hunter,marksmanship,27,10,17
12907,Onehitrip,illidan,904,hunter,marksmanship,90,38,52
12908,Flechá,illidan,900,hunter,marksmanship,17,10,7
12909,Cazadorelite,tichondrius,900,hunter,marksmanship,59,16,43
12910,Huntercotoco,azralon,894,hunter,marksmanship,47,24,23
12911,Llachiip,zuljin,889,hunter,marksmanship,23,11,12
12912,Fourkayiv,azgalor,889,hunter,marksmanship,41,18,23
12913,Adbéélitø,ragnaros,883,hunter,marksmanship,60,28,32
12914,Ganeva,sargeras,883,hunter,marksmanship,30,14,16
12915,Alleessa,goldrinn,883,hunter,marksmanship,54,21,33
12916,Panborikat,thaurissan,882,hunter,marksmanship,30,14,16
12917,Jetlinx,thrall,881,hunter,marksmanship,21,12,9
12918,Desolateone,nazgrel,880,hunter,marksmanship,48,23,25
12919,Nightwatch,kelthuzad,877,hunter,marksmanship,18,10,8
12920,Rödrigö,azralon,876,hunter,marksmanship,30,14,16
12921,Thaendra,moon-guard,865,hunter,marksmanship,23,11,12
12922,Karazuba,ragnaros,865,hunter,marksmanship,89,33,56
12923,Saltard,frostmourne,864,hunter,marksmanship,12,9,3
12924,Deletedyou,tichondrius,864,hunter,marksmanship,18,9,9
12925,Ashx,nemesis,864,hunter,marksmanship,18,9,9
12926,Eratichunt,illidan,864,hunter,marksmanship,18,9,9
12927,Rangêr,frostmourne,864,hunter,marksmanship,18,9,9
12928,Xonios,frostwolf,864,hunter,marksmanship,24,9,15
12929,Singletap,barthilas,864,hunter,marksmanship,24,9,15
12930,Keenz,frostmourne,864,hunter,marksmanship,24,9,15
12931,Trapkeithx,frostmourne,864,hunter,marksmanship,24,9,15
12932,Drãgenox,quelthalas,864,hunter,marksmanship,24,9,15
12933,Scareder,malganis,864,hunter,marksmanship,24,9,15
12934,Demolitions,kelthuzad,864,hunter,marksmanship,30,9,21
12935,Tetz,kelthuzad,864,hunter,marksmanship,30,9,21
12936,Rambot,bleeding-hollow,863,hunter,marksmanship,12,9,3
12937,Photos,moon-guard,863,hunter,marksmanship,14,9,5
12938,Ggtooeasy,thrall,863,hunter,marksmanship,19,11,8
12939,Dayanier,ragnaros,863,hunter,marksmanship,18,9,9
12940,Dôntlosmebro,stormrage,863,hunter,marksmanship,18,9,9
12941,Ultrasj,malfurion,863,hunter,marksmanship,18,9,9
12942,Ohifren,proudmoore,863,hunter,marksmanship,18,9,9
12943,Torrthack,area-52,863,hunter,marksmanship,18,9,9
12944,Pkn,chogall,863,hunter,marksmanship,18,9,9
12945,Artois,tichondrius,863,hunter,marksmanship,18,9,9
12946,Telånnas,illidan,863,hunter,marksmanship,18,9,9
12947,Nosmoke,kargath,863,hunter,marksmanship,24,9,15
12948,Candytoxic,quelthalas,863,hunter,marksmanship,24,9,15
12949,Fatehunter,bleeding-hollow,863,hunter,marksmanship,24,9,15
12950,Fangs,arthas,862,hunter,marksmanship,12,9,3
12951,Airpodpro,emerald-dream,862,hunter,marksmanship,12,9,3
12952,Audioannie,thrall,862,hunter,marksmanship,18,9,9
12953,Syrach,area-52,862,hunter,marksmanship,18,9,9
12954,Insgesicht,proudmoore,862,hunter,marksmanship,24,9,15
12955,Varrinda,wyrmrest-accord,862,hunter,marksmanship,24,9,15
12956,Snipastyle,twisting-nether,861,hunter,marksmanship,30,9,21
12957,Twistedtawl,area-52,860,hunter,marksmanship,18,9,9
12958,Illt,blackrock,860,hunter,marksmanship,18,9,9
12959,Junka,bleeding-hollow,860,hunter,marksmanship,18,9,9
12960,Kaeuljua,tichondrius,860,hunter,marksmanship,24,9,15
12961,Lánárhóádés,tichondrius,860,hunter,marksmanship,24,9,15
12962,Loyalrely,tichondrius,859,hunter,marksmanship,18,9,9
12963,Arzant,quelthalas,858,hunter,marksmanship,12,9,3
12964,Wolftracer,sargeras,858,hunter,marksmanship,18,9,9
12965,Coldhunger,uldum,857,hunter,marksmanship,12,9,3
12966,Lahyanhou,azjolnerub,857,hunter,marksmanship,24,9,15
12967,Hobbës,kelthuzad,856,hunter,marksmanship,18,9,9
12968,Lameshot,dalaran,856,hunter,marksmanship,24,9,15
12969,Trikshot,magtheridon,855,hunter,marksmanship,18,10,8
12970,Oorudun,hellscream,855,hunter,marksmanship,53,24,29
12971,Herroo,thrall,855,hunter,marksmanship,30,9,21
12972,Azx,tichondrius,851,hunter,marksmanship,18,9,9
12973,Franzkafka,azralon,851,hunter,marksmanship,48,19,29
12974,Avindal,greymane,850,hunter,marksmanship,18,9,9
12975,Jvmr,azralon,842,hunter,marksmanship,38,17,21
12976,Arbeis,area-52,841,hunter,marksmanship,42,11,31
12977,Apochuntz,greymane,839,hunter,marksmanship,24,11,13
12978,Zelanst,illidan,838,hunter,marksmanship,18,9,9
12979,Mawlotov,barthilas,829,hunter,marksmanship,29,9,20
12980,Baruz,tichondrius,827,hunter,marksmanship,28,9,19
12981,Muggzzy,malygos,824,hunter,marksmanship,18,9,9
12982,Zettl,eredar,816,hunter,marksmanship,110,47,63
12983,Deejwithabow,frostmourne,815,hunter,marksmanship,18,9,9
12984,Déadlyshot,tichondrius,814,hunter,marksmanship,89,39,50
12985,Iamtotoro,area-52,809,hunter,marksmanship,28,9,19
12986,Richihunt,ragnaros,802,hunter,marksmanship,32,10,22
12987,Hoarf,nemesis,799,hunter,marksmanship,14,9,5
12988,Ifeignalot,stormscale,799,hunter,marksmanship,16,9,7
12989,Ciils,sargeras,798,hunter,marksmanship,22,9,13
12990,Kazug,destromath,797,hunter,marksmanship,24,10,14
12991,Fian,lightnings-blade,797,hunter,marksmanship,22,9,13
12992,Qúin,frostmourne,797,hunter,marksmanship,29,10,19
12993,Skyloss,illidan,775,hunter,marksmanship,42,12,30
12994,Tamsynn,stormrage,769,hunter,marksmanship,54,15,39
12995,Ragshunt,stormrage,768,hunter,marksmanship,12,8,4
12996,Entrapment,stormrage,768,hunter,marksmanship,12,8,4
12997,Achillez,bleeding-hollow,768,hunter,marksmanship,18,8,10
12998,Civvo,dalaran,768,hunter,marksmanship,24,8,16
12999,Bonquiesha,area-52,768,hunter,marksmanship,24,8,16
13000,Soul,sargeras,768,hunter,marksmanship,24,8,16
13001,Woeisyou,stormrage,768,hunter,marksmanship,24,8,16
13002,Shootybooty,arygos,768,hunter,marksmanship,24,8,16
13003,Cimotsw,stormrage,767,hunter,marksmanship,12,8,4
13004,Harlory,moon-guard,767,hunter,marksmanship,12,8,4
13005,Côckblocked,tichondrius,767,hunter,marksmanship,12,8,4
13006,Chîll,frostmourne,767,hunter,marksmanship,12,8,4
13007,Suyesh,tichondrius,767,hunter,marksmanship,12,8,4
13008,Huntnmaster,thrall,767,hunter,marksmanship,12,8,4
13009,Wike,hyjal,767,hunter,marksmanship,15,9,6
13010,Xtina,drakkari,767,hunter,marksmanship,18,8,10
13011,Thejessiah,tichondrius,767,hunter,marksmanship,18,8,10
13012,Zensuox,barthilas,767,hunter,marksmanship,18,8,10
13013,Diertz,area-52,767,hunter,marksmanship,18,8,10
13014,Ravanskull,burning-blade,767,hunter,marksmanship,18,8,10
13015,Waqz,tichondrius,767,hunter,marksmanship,18,8,10
13016,Vileplumè,stormrage,767,hunter,marksmanship,18,8,10
13017,Siebee,tichondrius,767,hunter,marksmanship,18,8,10
13018,Mensita,quelthalas,767,hunter,marksmanship,18,8,10
13019,Yory,tol-barad,767,hunter,marksmanship,18,8,10
13020,Runethkape,kelthuzad,767,hunter,marksmanship,18,8,10
13021,Gunshow,wyrmrest-accord,767,hunter,marksmanship,18,8,10
13022,Rickshaw,frostmourne,767,hunter,marksmanship,18,8,10
13023,Cufless,proudmoore,767,hunter,marksmanship,18,8,10
13024,Tarah,lightbringer,767,hunter,marksmanship,24,8,16
13025,Saltz,tichondrius,766,hunter,marksmanship,12,8,4
13026,Mööky,frostmourne,766,hunter,marksmanship,12,8,4
13027,Zèd,azralon,766,hunter,marksmanship,18,8,10
13028,Raiku,aggramar,766,hunter,marksmanship,18,8,10
13029,Noeffort,frostmourne,766,hunter,marksmanship,18,8,10
13030,Deathspot,thrall,766,hunter,marksmanship,18,8,10
13031,Trochillidae,dragonmaw,766,hunter,marksmanship,18,8,10
13032,Ladright,altar-of-storms,766,hunter,marksmanship,18,8,10
13033,Zindula,malganis,766,hunter,marksmanship,19,8,11
13034,Basticus,blackwater-raiders,765,hunter,marksmanship,12,8,4
13035,Dest,azralon,765,hunter,marksmanship,18,8,10
13036,Skillkiting,area-52,765,hunter,marksmanship,24,8,16
13037,Kòng,quelthalas,765,hunter,marksmanship,24,8,16
13038,Youngpo,thunderlord,765,hunter,marksmanship,24,8,16
13039,Daahm,malganis,765,hunter,marksmanship,25,8,17
13040,Myciri,proudmoore,764,hunter,marksmanship,18,8,10
13041,Gramaverde,kelthuzad,763,hunter,marksmanship,24,8,16
13042,Deathwynd,malfurion,762,hunter,marksmanship,12,8,4
13043,Kluako,stormreaver,762,hunter,marksmanship,12,8,4
13044,Thisguÿ,arthas,762,hunter,marksmanship,18,8,10
13045,Sorid,medivh,761,hunter,marksmanship,12,8,4
13046,Emptypokcets,shattered-hand,761,hunter,marksmanship,24,8,16
13047,Enonoa,thunderlord,760,hunter,marksmanship,12,8,4
13048,Porta,zuljin,757,hunter,marksmanship,16,9,7
13049,Aeclpysis,dark-iron,754,hunter,marksmanship,18,10,8
13050,Heapstack,stormrage,753,hunter,marksmanship,18,8,10
13051,Huntercry,ragnaros,751,hunter,marksmanship,12,8,4
13052,Niceshotboi,azgalor,751,hunter,marksmanship,24,8,16
13053,Lynnì,khadgar,750,hunter,marksmanship,18,8,10
13054,Darkmaximus,echo-isles,750,hunter,marksmanship,24,8,16
13055,Xshadowdemon,korgath,749,hunter,marksmanship,12,8,4
13056,Aksalaz,area-52,749,hunter,marksmanship,17,8,9
13057,Belieli,ragnaros,740,hunter,marksmanship,22,8,14
13058,Mackin,maelstrom,740,hunter,marksmanship,24,8,16
13059,Lennfear,frostmourne,739,hunter,marksmanship,24,8,16
13060,Murozz,malganis,736,hunter,marksmanship,18,8,10
13061,Wij,turalyon,725,hunter,marksmanship,30,10,20
13062,Fourtwents,stormrage,716,hunter,marksmanship,19,8,11
13063,Mayohater,sargeras,714,hunter,marksmanship,33,9,24
13064,Andalora,malganis,703,hunter,marksmanship,11,8,3
13065,Dainsleif,perenolde,703,hunter,marksmanship,16,8,8
13066,Dasvydanya,illidan,702,hunter,marksmanship,19,9,10
13067,Glokrag,ysera,702,hunter,marksmanship,20,8,12
13068,Obsol,hyjal,702,hunter,marksmanship,25,8,17
13069,Fizzleshot,malganis,699,hunter,marksmanship,18,8,10
13070,Felkrozzul,kalecgos,672,hunter,marksmanship,9,8,1
13071,Goosejuicer,emerald-dream,672,hunter,marksmanship,12,7,5
13072,Mms,frostmourne,672,hunter,marksmanship,12,7,5
13073,Swayshunt,area-52,672,hunter,marksmanship,12,7,5
13074,Mörgoth,quelthalas,672,hunter,marksmanship,12,7,5
13075,Enty,khazgoroth,672,hunter,marksmanship,12,7,5
13076,Winotah,barthilas,672,hunter,marksmanship,12,7,5
13077,Keboks,alleria,672,hunter,marksmanship,12,7,5
13078,Kaznik,ragnaros,672,hunter,marksmanship,12,7,5
13079,Drupert,tichondrius,672,hunter,marksmanship,12,7,5
13080,Snipezone,kelthuzad,672,hunter,marksmanship,12,7,5
13081,Bodaki,proudmoore,672,hunter,marksmanship,12,7,5
13082,Hyrus,shadowmoon,672,hunter,marksmanship,12,7,5
13083,Shotmaster,tichondrius,672,hunter,marksmanship,12,7,5
13084,Topgronk,tichondrius,672,hunter,marksmanship,12,7,5
13085,Kaptincrunch,skywall,672,hunter,marksmanship,12,7,5
13086,Ehnub,stormrage,672,hunter,marksmanship,12,7,5
13087,Raktama,proudmoore,672,hunter,marksmanship,12,7,5
13088,Kookh,area-52,672,hunter,marksmanship,12,7,5
13089,Luoshi,proudmoore,672,hunter,marksmanship,12,7,5
13090,Mochaxd,stormrage,672,hunter,marksmanship,14,7,7
13091,Segfault,korgath,672,hunter,marksmanship,16,7,9
13092,Clawdio,ragnaros,672,hunter,marksmanship,18,7,11
13093,Ping,tol-barad,672,hunter,marksmanship,18,7,11
13094,Focusfire,khazgoroth,672,hunter,marksmanship,18,7,11
13095,Bombanodos,kelthuzad,672,hunter,marksmanship,18,7,11
13096,Mochigelato,kelthuzad,672,hunter,marksmanship,18,7,11
13097,Tirrill,malganis,672,hunter,marksmanship,18,7,11
13098,Phatshiet,anvilmar,672,hunter,marksmanship,18,7,11
13099,Jimryl,illidan,672,hunter,marksmanship,18,7,11
13100,Datbigbowdoe,illidan,672,hunter,marksmanship,24,7,17
13101,Bigkolache,zuljin,672,hunter,marksmanship,24,7,17
13102,Bigzane,darkspear,672,hunter,marksmanship,24,7,17
13103,Kneecrippler,proudmoore,671,hunter,marksmanship,12,7,5
13104,Vatits,dalaran,671,hunter,marksmanship,12,7,5
13105,Ocui,ragnaros,671,hunter,marksmanship,12,7,5
13106,Sunyourmom,proudmoore,671,hunter,marksmanship,12,7,5
13107,Hannover,ragnaros,671,hunter,marksmanship,12,7,5
13108,Neoxbow,wyrmrest-accord,671,hunter,marksmanship,12,7,5
13109,Ethne,garithos,671,hunter,marksmanship,12,7,5
13110,Texploto,area-52,671,hunter,marksmanship,12,7,5
13111,Foxyevermew,tichondrius,671,hunter,marksmanship,12,7,5
13112,Zhions,ragnaros,671,hunter,marksmanship,12,7,5
13113,Geraldson,proudmoore,671,hunter,marksmanship,12,7,5
13114,Xhare,stormrage,671,hunter,marksmanship,12,7,5
13115,Zhetsu,cenarius,671,hunter,marksmanship,18,7,11
13116,Bstic,quelthalas,671,hunter,marksmanship,18,7,11
13117,Såvagehunter,malganis,671,hunter,marksmanship,18,7,11
13118,Löbo,quelthalas,671,hunter,marksmanship,18,7,11
13119,Kalizra,quelthalas,671,hunter,marksmanship,18,7,11
13120,Sáns,sargeras,671,hunter,marksmanship,18,7,11
13121,Navagee,tichondrius,671,hunter,marksmanship,18,7,11
13122,Toesgoes,thrall,671,hunter,marksmanship,18,7,11
13123,Goatshots,lightninghoof,671,hunter,marksmanship,18,7,11
13124,Bowsbéforhos,stormrage,671,hunter,marksmanship,18,7,11
13125,Schbaltz,tichondrius,671,hunter,marksmanship,18,7,11
13126,Hyü,hyjal,671,hunter,marksmanship,18,7,11
13127,Jackrandall,frostmourne,671,hunter,marksmanship,18,7,11
13128,Atallstalker,sargeras,671,hunter,marksmanship,18,7,11
13129,Lyricly,lightbringer,671,hunter,marksmanship,18,7,11
13130,Temara,icecrown,671,hunter,marksmanship,24,7,17
13131,Valane,ragnaros,671,hunter,marksmanship,24,7,17
13132,Deathhshott,area-52,670,hunter,marksmanship,12,7,5
13133,Joogeenda,kaelthas,670,hunter,marksmanship,12,7,5
13134,Kìngjaybroni,sargeras,670,hunter,marksmanship,12,7,5
13135,Untermench,tichondrius,670,hunter,marksmanship,12,7,5
13136,Cócaine,tichondrius,670,hunter,marksmanship,19,8,11
13137,Gemky,ragnaros,670,hunter,marksmanship,19,8,11
13138,Wolfyyxx,stormrage,670,hunter,marksmanship,18,7,11
13139,Gagau,stormrage,670,hunter,marksmanship,18,7,11
13140,Westbrooke,illidan,669,hunter,marksmanship,18,7,11
13141,Lionnheart,wyrmrest-accord,668,hunter,marksmanship,12,7,5
13142,Lilzoomer,barthilas,668,hunter,marksmanship,12,7,5
13143,Niteynite,duskwood,668,hunter,marksmanship,12,7,5
13144,Ues,shuhalo,667,hunter,marksmanship,13,7,6
13145,Mulnaaj,zuljin,666,hunter,marksmanship,24,7,17
13146,Getkited,tichondrius,665,hunter,marksmanship,12,7,5
13147,Mahty,stormrage,665,hunter,marksmanship,12,7,5
13148,Steelfeather,hellscream,662,hunter,marksmanship,12,7,5
13149,Lulaladraun,azralon,662,hunter,marksmanship,24,7,17
13150,Cassîdy,quelthalas,651,hunter,marksmanship,24,7,17
13151,Righthole,area-52,640,hunter,marksmanship,22,7,15
13152,Grukar,tichondrius,623,hunter,marksmanship,17,7,10
13153,Muerteaterry,ragnaros,618,hunter,marksmanship,18,8,10
13154,Mesiauzx,stormrage,618,hunter,marksmanship,22,9,13
13155,Maveraxx,executus,616,hunter,marksmanship,21,7,14
13156,Kushminion,zuljin,607,hunter,marksmanship,14,9,5
13157,Typh,saurfang,607,hunter,marksmanship,11,7,4
13158,Hokutoxx,tichondrius,607,hunter,marksmanship,20,7,13
13159,Krossx,thrall,591,hunter,marksmanship,12,7,5
13160,Póra,stormrage,582,hunter,marksmanship,17,8,9
13161,Adjusted,frostmourne,576,hunter,marksmanship,6,6,0
13162,Tkrenshaw,proudmoore,576,hunter,marksmanship,6,6,0
13163,Shotpig,proudmoore,576,hunter,marksmanship,6,6,0
13164,Rizzbow,dalvengyr,576,hunter,marksmanship,12,6,6
13165,Juwannaaim,lethon,576,hunter,marksmanship,12,6,6
13166,Vårelse,sargeras,576,hunter,marksmanship,12,6,6
13167,Bigvudu,illidan,576,hunter,marksmanship,12,6,6
13168,Kimbaa,tichondrius,576,hunter,marksmanship,12,6,6
13169,Vigero,proudmoore,576,hunter,marksmanship,12,6,6
13170,Birbwatcher,moon-guard,576,hunter,marksmanship,12,6,6
13171,Elmozz,thrall,576,hunter,marksmanship,12,6,6
13172,Donotrunaway,ragnaros,576,hunter,marksmanship,12,6,6
13173,Êlautismo,wyrmrest-accord,576,hunter,marksmanship,12,6,6
13174,Nerfmeplezz,area-52,576,hunter,marksmanship,12,6,6
13175,Groomme,area-52,576,hunter,marksmanship,12,6,6
13176,Aurzwraek,proudmoore,576,hunter,marksmanship,12,6,6
13177,Laurenx,illidan,576,hunter,marksmanship,12,6,6
13178,Murderone,undermine,576,hunter,marksmanship,12,6,6
13179,Xernen,thrall,576,hunter,marksmanship,12,6,6
13180,Ozarks,kiljaeden,576,hunter,marksmanship,12,6,6
13181,Trapwiz,firetree,576,hunter,marksmanship,12,6,6
13182,Vicecheney,illidan,576,hunter,marksmanship,12,6,6
13183,Aoti,nerzhul,576,hunter,marksmanship,12,6,6
13184,Pulso,illidan,576,hunter,marksmanship,12,6,6
13185,Gugubird,proudmoore,576,hunter,marksmanship,12,6,6
13186,Zaamsa,ragnaros,576,hunter,marksmanship,12,6,6
13187,Xohzabu,wyrmrest-accord,576,hunter,marksmanship,12,6,6
13188,Viralshot,tichondrius,576,hunter,marksmanship,12,6,6
13189,Gritzix,frostmourne,576,hunter,marksmanship,12,6,6
13190,Cù,frostmourne,576,hunter,marksmanship,12,6,6
13191,Mhd,stormrage,576,hunter,marksmanship,12,6,6
13192,Kynigi,bleeding-hollow,576,hunter,marksmanship,12,6,6
13193,Dougv,stormrage,576,hunter,marksmanship,12,6,6
13194,Mdizzly,zuljin,576,hunter,marksmanship,12,6,6
13195,Spanerd,moon-guard,576,hunter,marksmanship,12,6,6
13196,Dranel,nordrassil,576,hunter,marksmanship,12,6,6
13197,Ssds,sargeras,576,hunter,marksmanship,12,6,6
13198,Kyudo,moon-guard,576,hunter,marksmanship,12,6,6
13199,Blackbrute,nathrezim,576,hunter,marksmanship,12,6,6
13200,Grimdrakk,zuljin,576,hunter,marksmanship,12,6,6
13201,Nightgecko,elune,576,hunter,marksmanship,12,6,6
13202,Tokez,moon-guard,576,hunter,marksmanship,14,6,8
13203,Aaggros,sargeras,576,hunter,marksmanship,18,6,12
13204,Tandope,sargeras,576,hunter,marksmanship,18,6,12
13205,Ojmo,arthas,576,hunter,marksmanship,18,6,12
13206,Lightbullet,kelthuzad,576,hunter,marksmanship,18,6,12
13207,Shcrimps,proudmoore,576,hunter,marksmanship,18,6,12
13208,Gnometoprace,illidan,576,hunter,marksmanship,18,6,12
13209,Thunderox,tichondrius,576,hunter,marksmanship,24,7,17
13210,Shotfromhell,sargeras,576,hunter,marksmanship,21,6,15
13211,Najmoira,area-52,576,hunter,marksmanship,24,6,18
13212,Jônathan,tichondrius,576,hunter,marksmanship,24,6,18
13213,Projectilez,sargeras,575,hunter,marksmanship,12,6,6
13214,Lagginwaggin,azgalor,575,hunter,marksmanship,12,6,6
13215,Brosk,drakthul,575,hunter,marksmanship,12,6,6
13216,Murderville,illidan,575,hunter,marksmanship,12,6,6
13217,Onlyfeìgns,frostmourne,575,hunter,marksmanship,12,6,6
13218,Gresga,dalaran,575,hunter,marksmanship,12,6,6
13219,Chapushoot,ragnaros,575,hunter,marksmanship,12,6,6
13220,Chipsncheese,korgath,575,hunter,marksmanship,12,6,6
13221,Littlespike,queldorei,575,hunter,marksmanship,12,6,6
13222,Cobrag,tichondrius,575,hunter,marksmanship,12,6,6
13223,Kazes,stormrage,575,hunter,marksmanship,12,6,6
13224,Taphh,moon-guard,575,hunter,marksmanship,12,6,6
13225,Silentzkill,tichondrius,575,hunter,marksmanship,12,6,6
13226,Muckenfoose,frostmourne,575,hunter,marksmanship,12,6,6
13227,Alinûs,stormrage,575,hunter,marksmanship,12,6,6
13228,Thehunturd,dalaran,575,hunter,marksmanship,12,6,6
13229,Aragörnn,azralon,575,hunter,marksmanship,12,6,6
13230,Cerrundan,icecrown,575,hunter,marksmanship,12,6,6
13231,Sylvaethas,lightninghoof,575,hunter,marksmanship,12,6,6
13232,Dirtbagchaz,illidan,575,hunter,marksmanship,12,6,6
13233,Tajo,sargeras,575,hunter,marksmanship,12,6,6
13234,Biubiubiubiu,proudmoore,575,hunter,marksmanship,18,6,12
13235,Ididntdoit,blackhand,575,hunter,marksmanship,18,6,12
13236,Tazmaniak,gorefiend,575,hunter,marksmanship,18,6,12
13237,Arbclimbs,frostmane,575,hunter,marksmanship,18,6,12
13238,Zeddunn,stormrage,574,hunter,marksmanship,12,6,6
13239,Ligmubhole,queldorei,574,hunter,marksmanship,12,6,6
13240,Hildihunt,stormrage,574,hunter,marksmanship,12,6,6
13241,Marcusrarnis,zuljin,574,hunter,marksmanship,12,6,6
13242,Folgadoo,azralon,574,hunter,marksmanship,18,6,12
13243,Arïya,azralon,573,hunter,marksmanship,12,6,6
13244,Blåckhat,frostmourne,573,hunter,marksmanship,30,6,24
13245,Recebaa,barthilas,572,hunter,marksmanship,12,6,6
13246,Soulbutter,malganis,572,hunter,marksmanship,12,6,6
13247,Jogoran,thunderlord,571,hunter,marksmanship,12,6,6
13248,Strelyatil,trollbane,571,hunter,marksmanship,12,6,6
13249,Zandrá,drakkari,570,hunter,marksmanship,12,6,6
13250,Drâgônâr,stormrage,570,hunter,marksmanship,18,6,12
13251,Tungles,tichondrius,570,hunter,marksmanship,24,6,18
13252,Vaelanor,destromath,566,hunter,marksmanship,12,6,6
13253,Beastmodeqt,blood-furnace,566,hunter,marksmanship,18,6,12
13254,Ikkare,dalaran,565,hunter,marksmanship,12,6,6
13255,Nickhell,azralon,565,hunter,marksmanship,12,6,6
13256,Weirdjeff,alexstrasza,565,hunter,marksmanship,12,6,6
13257,Neef,mannoroth,564,hunter,marksmanship,24,6,18
13258,Ratspit,chogall,557,hunter,marksmanship,17,6,11
13259,Erudraugdin,quelthalas,545,hunter,marksmanship,24,6,18
13260,Cloveth,wyrmrest-accord,543,hunter,marksmanship,11,6,5
13261,Gymli,destromath,543,hunter,marksmanship,11,6,5
13262,Stephkurryz,tichondrius,543,hunter,marksmanship,14,7,7
13263,Päinal,area-52,528,hunter,marksmanship,9,6,3
13264,Zombified,moon-guard,527,hunter,marksmanship,11,6,5
13265,Jaydemo,thunderhorn,527,hunter,marksmanship,17,6,11
13266,Xtremesnipez,frostmourne,522,hunter,marksmanship,15,9,6
13267,Ayrelial,tichondrius,522,hunter,marksmanship,13,7,6
13268,Remixjy,burning-blade,522,hunter,marksmanship,16,7,9
13269,Cns,tichondrius,521,hunter,marksmanship,20,7,13
13270,Jonsnow,lightnings-blade,519,hunter,marksmanship,15,6,9
13271,Bont,jubeithos,511,hunter,marksmanship,11,6,5
13272,Tracershot,malganis,511,hunter,marksmanship,14,6,8
13273,Pogcheddar,tichondrius,511,hunter,marksmanship,14,6,8
13274,Cplski,kelthuzad,511,hunter,marksmanship,16,6,10
13275,Stepbroski,moon-guard,510,hunter,marksmanship,14,6,8
13276,Brainzz,emerald-dream,509,hunter,marksmanship,16,7,9
13277,Thekilla,ragnaros,480,hunter,marksmanship,6,5,1
13278,Squarë,ragnaros,480,hunter,marksmanship,6,5,1
13279,Chickenzzack,tichondrius,480,hunter,marksmanship,6,5,1
13280,Knerf,silvermoon,480,hunter,marksmanship,6,5,1
13281,Thrandrial,smolderthorn,480,hunter,marksmanship,6,5,1
13282,Bendotexe,stormrage,480,hunter,marksmanship,6,5,1
13283,Qthunterr,dalaran,480,hunter,marksmanship,6,5,1
13284,Zmghost,nathrezim,480,hunter,marksmanship,6,5,1
13285,Shootandloot,zuljin,480,hunter,marksmanship,6,5,1
13286,Johhnweed,ragnaros,480,hunter,marksmanship,6,5,1
13287,Taije,arthas,480,hunter,marksmanship,6,5,1
13288,Kimchishotxo,tichondrius,480,hunter,marksmanship,6,5,1
13289,Idtrapthat,nordrassil,480,hunter,marksmanship,9,5,4
13290,Duckpow,frostmourne,480,hunter,marksmanship,12,5,7
13291,Eldotbrod,quelthalas,480,hunter,marksmanship,12,5,7
13292,Jaywuz,tichondrius,480,hunter,marksmanship,12,5,7
13293,Aloa,nagrand,480,hunter,marksmanship,12,5,7
13294,Arraza,ragnaros,480,hunter,marksmanship,12,5,7
13295,Baehydra,frostmourne,480,hunter,marksmanship,12,5,7
13296,Ownshot,kiljaeden,480,hunter,marksmanship,12,5,7
13297,Ellissniper,frostmourne,480,hunter,marksmanship,12,5,7
13298,Hunt,the-underbog,480,hunter,marksmanship,12,5,7
13299,Kattarry,moon-guard,480,hunter,marksmanship,12,5,7
13300,Døubletap,gundrak,480,hunter,marksmanship,12,5,7
13301,Hawkeyees,ragnaros,480,hunter,marksmanship,12,5,7
13302,Kaelhim,warsong,480,hunter,marksmanship,12,5,7
13303,Omniquiver,sargeras,480,hunter,marksmanship,12,5,7
13304,Xísa,proudmoore,480,hunter,marksmanship,12,5,7
13305,Scruffiebear,deathwing,480,hunter,marksmanship,12,5,7
13306,Javoj,drakkari,480,hunter,marksmanship,12,5,7
13307,Shooked,area-52,480,hunter,marksmanship,12,5,7
13308,Teaks,aggramar,480,hunter,marksmanship,12,5,7
13309,Qqshot,emerald-dream,480,hunter,marksmanship,12,5,7
13310,Fjdominador,azralon,480,hunter,marksmanship,12,5,7
13311,Årcter,alexstrasza,480,hunter,marksmanship,12,5,7
13312,Searobot,kelthuzad,480,hunter,marksmanship,12,5,7
13313,Josyv,quelthalas,480,hunter,marksmanship,12,5,7
13314,Smokabonbon,eredar,480,hunter,marksmanship,12,5,7
13315,Thewïld,tichondrius,480,hunter,marksmanship,12,5,7
13316,Slobon,tichondrius,480,hunter,marksmanship,12,5,7
13317,Lagshots,kelthuzad,480,hunter,marksmanship,12,5,7
13318,Kankuro,proudmoore,480,hunter,marksmanship,12,5,7
13319,Lianm,stormrage,480,hunter,marksmanship,12,5,7
13320,Connora,stormrage,480,hunter,marksmanship,12,5,7
13321,Davidbowey,bonechewer,480,hunter,marksmanship,12,5,7
13322,Bowjoby,kelthuzad,480,hunter,marksmanship,12,5,7
13323,Bullzeyê,kelthuzad,480,hunter,marksmanship,12,5,7
13324,Soloshuffle,kelthuzad,480,hunter,marksmanship,12,5,7
13325,Valro,hyjal,480,hunter,marksmanship,12,5,7
13326,Boomheadshot,blood-furnace,480,hunter,marksmanship,12,5,7
13327,Lilbowbigdam,emerald-dream,480,hunter,marksmanship,12,5,7
13328,Snoplow,illidan,480,hunter,marksmanship,12,5,7
13329,Snipedown,bonechewer,480,hunter,marksmanship,12,5,7
13330,Stingyshot,thrall,480,hunter,marksmanship,12,5,7
13331,Reys,bonechewer,480,hunter,marksmanship,15,6,9
13332,Regretful,kelthuzad,480,hunter,marksmanship,13,5,8
13333,Shootybootìe,tichondrius,480,hunter,marksmanship,18,5,13
13334,Blickys,area-52,480,hunter,marksmanship,18,5,13
13335,Jagwaar,malganis,480,hunter,marksmanship,18,5,13
13336,Eurekasl,ragnaros,480,hunter,marksmanship,18,5,13
13337,Absinther,emerald-dream,480,hunter,marksmanship,18,5,13
13338,Ikiteforfood,zuljin,480,hunter,marksmanship,18,5,13
13339,Keelif,arthas,480,hunter,marksmanship,18,5,13
13340,Ownyoufast,darkspear,480,hunter,marksmanship,24,5,19
13341,Ritrune,anvilmar,479,hunter,marksmanship,6,5,1
13342,Runimurder,zuljin,479,hunter,marksmanship,6,5,1
13343,Hishamo,aggramar,479,hunter,marksmanship,6,5,1
13344,Lws,ragnaros,479,hunter,marksmanship,6,5,1
13345,Banhunter,tichondrius,479,hunter,marksmanship,12,5,7
13346,Peitowyn,illidan,479,hunter,marksmanship,12,5,7
13347,Hunchback,emerald-dream,479,hunter,marksmanship,12,5,7
13348,Bionix,sargeras,479,hunter,marksmanship,12,5,7
13349,Blurrí,area-52,479,hunter,marksmanship,12,5,7
13350,Logonman,rexxar,479,hunter,marksmanship,12,5,7
13351,Alluminant,gilneas,479,hunter,marksmanship,12,5,7
13352,Ohhsnaapp,blood-furnace,479,hunter,marksmanship,12,5,7
13353,Deadlyattack,barthilas,479,hunter,marksmanship,12,5,7
13354,Pilk,daggerspine,479,hunter,marksmanship,12,5,7
13355,Pathius,uldaman,479,hunter,marksmanship,12,5,7
13356,Rykbad,area-52,479,hunter,marksmanship,12,5,7
13357,Ëz,ragnaros,479,hunter,marksmanship,12,5,7
13358,Globalhunter,emerald-dream,479,hunter,marksmanship,12,5,7
13359,Mayhunter,ragnaros,479,hunter,marksmanship,13,5,8
13360,Diur,ragnaros,479,hunter,marksmanship,15,5,10
13361,Kiteftw,tichondrius,479,hunter,marksmanship,21,6,15
13362,Seyd,barthilas,479,hunter,marksmanship,18,5,13
13363,Ashaelyn,wyrmrest-accord,479,hunter,marksmanship,18,5,13
13364,Enzym,archimonde,479,hunter,marksmanship,18,5,13
13365,Johar,nerzhul,479,hunter,marksmanship,18,5,13
13366,Drakkoniss,spinebreaker,478,hunter,marksmanship,12,5,7
13367,Ozzoty,tol-barad,478,hunter,marksmanship,12,5,7
13368,Ensnare,wyrmrest-accord,478,hunter,marksmanship,12,5,7
13369,Lyssavirhus,azralon,478,hunter,marksmanship,12,5,7
13370,Damnnicebutt,borean-tundra,478,hunter,marksmanship,20,7,13
13371,Nobelscarlet,wildhammer,477,hunter,marksmanship,12,5,7
13372,Tularac,sentinels,477,hunter,marksmanship,12,5,7
13373,Cio,fizzcrank,477,hunter,marksmanship,12,5,7
13374,Survival,dentarg,477,hunter,marksmanship,12,5,7
13375,Puttry,stormrage,476,hunter,marksmanship,12,5,7
13376,Akbu,azralon,476,hunter,marksmanship,12,5,7
13377,Àrsha,gallywix,475,hunter,marksmanship,12,5,7
13378,Nubberton,sargeras,473,hunter,marksmanship,16,8,8
13379,Lanney,firetree,473,hunter,marksmanship,12,5,7
13380,Hartman,frostwolf,473,hunter,marksmanship,18,5,13
13381,Mazkeen,bonechewer,472,hunter,marksmanship,12,5,7
13382,Butimbutters,bleeding-hollow,467,hunter,marksmanship,23,8,15
13383,Raun,anvilmar,453,hunter,marksmanship,17,5,12
13384,Againzt,tichondrius,447,hunter,marksmanship,12,6,6
13385,Diavál,area-52,447,hunter,marksmanship,11,5,6
13386,Ryonel,moon-guard,447,hunter,marksmanship,17,5,12
13387,Zøkøtrøkø,ragnaros,446,hunter,marksmanship,22,5,17
13388,Mukeru,stormrage,432,hunter,marksmanship,9,5,4
13389,Jud,thunderlord,432,hunter,marksmanship,21,5,16
13390,Irontoast,kelthuzad,431,hunter,marksmanship,11,5,6
13391,Wook,hyjal,431,hunter,marksmanship,11,5,6
13392,Noriee,destromath,431,hunter,marksmanship,15,5,10
13393,Diacachimbaa,ragnaros,430,hunter,marksmanship,15,5,10
13394,Nirika,moon-guard,416,hunter,marksmanship,10,5,5
13395,Hitemup,bleeding-hollow,384,hunter,marksmanship,6,4,2
13396,Scubby,anetheron,384,hunter,marksmanship,6,4,2
13397,Hyjix,stormrage,384,hunter,marksmanship,6,4,2
13398,Trappah,stormrage,384,hunter,marksmanship,6,4,2
13399,Seyu,tichondrius,384,hunter,marksmanship,6,4,2
13400,Krissiz,drakkari,384,hunter,marksmanship,6,4,2
13401,Tdarknet,quelthalas,384,hunter,marksmanship,6,4,2
13402,Maidán,azralon,384,hunter,marksmanship,6,4,2
13403,Wellerman,firetree,384,hunter,marksmanship,6,4,2
13404,Swoljashotxp,area-52,384,hunter,marksmanship,6,4,2
13405,Goldensour,malganis,384,hunter,marksmanship,6,4,2
13406,Shootbert,malganis,384,hunter,marksmanship,6,4,2
13407,Beatnass,cairne,384,hunter,marksmanship,6,4,2
13408,Jojojobo,tichondrius,384,hunter,marksmanship,6,4,2
13409,Atraksis,thrall,384,hunter,marksmanship,6,4,2
13410,Swish,burning-legion,384,hunter,marksmanship,6,4,2
13411,Melkmane,emerald-dream,384,hunter,marksmanship,6,4,2
13412,Infatuatedx,moon-guard,384,hunter,marksmanship,6,4,2
13413,Frîck,bleeding-hollow,384,hunter,marksmanship,6,4,2
13414,Arteene,illidan,384,hunter,marksmanship,6,4,2
13415,Llhopital,ragnaros,384,hunter,marksmanship,6,4,2
13416,Aimbôt,frostmourne,384,hunter,marksmanship,6,4,2
13417,Zendarae,tichondrius,384,hunter,marksmanship,6,4,2
13418,Anecko,zuljin,384,hunter,marksmanship,6,4,2
13419,Cashisabeast,zuljin,384,hunter,marksmanship,6,4,2
13420,Sylos,moon-guard,384,hunter,marksmanship,6,4,2
13421,Junmuxiao,ragnaros,384,hunter,marksmanship,6,4,2
13422,Unclepez,barthilas,384,hunter,marksmanship,6,4,2
13423,Elchavo,malganis,384,hunter,marksmanship,6,4,2
13424,Illine,azralon,384,hunter,marksmanship,6,4,2
13425,Zenkhi,quelthalas,384,hunter,marksmanship,6,4,2
13426,Silvertokay,ragnaros,384,hunter,marksmanship,6,4,2
13427,Emilysamuels,tichondrius,384,hunter,marksmanship,6,4,2
13428,Kluetus,sargeras,384,hunter,marksmanship,6,4,2
13429,Stfd,illidan,384,hunter,marksmanship,6,4,2
13430,Folf,turalyon,384,hunter,marksmanship,6,4,2
13431,Malcab,tichondrius,384,hunter,marksmanship,6,4,2
13432,Arenthius,lothar,384,hunter,marksmanship,6,4,2
13433,Oromís,dalaran,384,hunter,marksmanship,6,4,2
13434,Relapse,dreadmaul,384,hunter,marksmanship,6,4,2
13435,Gunstorms,dalaran,384,hunter,marksmanship,6,4,2
13436,Huumpoutine,burning-blade,384,hunter,marksmanship,6,4,2
13437,Gogey,area-52,384,hunter,marksmanship,6,4,2
13438,Huntersuck,burning-blade,384,hunter,marksmanship,6,4,2
13439,Blamethenaga,sargeras,384,hunter,marksmanship,6,4,2
13440,Venj,proudmoore,384,hunter,marksmanship,6,4,2
13441,Elmerfuddx,terokkar,384,hunter,marksmanship,6,4,2
13442,Subdue,tichondrius,384,hunter,marksmanship,6,4,2
13443,Nyxus,tichondrius,384,hunter,marksmanship,6,4,2
13444,Halford,tol-barad,384,hunter,marksmanship,6,4,2
13445,Cornstalk,area-52,384,hunter,marksmanship,6,4,2
13446,Goonlmao,hyjal,384,hunter,marksmanship,6,4,2
13447,Ysoseriusg,area-52,384,hunter,marksmanship,6,4,2
13448,Valtolimor,moon-guard,384,hunter,marksmanship,6,4,2
13449,Moyria,quelthalas,384,hunter,marksmanship,6,4,2
13450,Archetype,bladefist,384,hunter,marksmanship,6,4,2
13451,Raevon,kelthuzad,384,hunter,marksmanship,6,4,2
13452,Déwi,tichondrius,384,hunter,marksmanship,6,4,2
13453,Rektarrow,area-52,384,hunter,marksmanship,6,4,2
13454,Malthiz,antonidas,384,hunter,marksmanship,8,4,4
13455,Baydog,moon-guard,384,hunter,marksmanship,11,4,7
13456,Robobop,stormrage,384,hunter,marksmanship,12,4,8
13457,Limpnoodle,nerzhul,384,hunter,marksmanship,12,4,8
13458,Dropflag,stormrage,384,hunter,marksmanship,12,4,8
13459,Sylvanâs,bleeding-hollow,384,hunter,marksmanship,12,4,8
13460,Xeriife,stormrage,384,hunter,marksmanship,12,4,8
13461,Karev,area-52,384,hunter,marksmanship,12,4,8
13462,Aquastasia,aegwynn,384,hunter,marksmanship,12,4,8
13463,Lilbic,bleeding-hollow,384,hunter,marksmanship,12,4,8
13464,Percision,bonechewer,384,hunter,marksmanship,12,4,8
13465,Bunryl,thorium-brotherhood,384,hunter,marksmanship,12,4,8
13466,Enchantras,jaedenar,384,hunter,marksmanship,12,4,8
13467,Skillvanas,stormrage,384,hunter,marksmanship,12,4,8
13468,Bigclamz,dragonmaw,384,hunter,marksmanship,12,4,8
13469,Hywhan,stormrage,384,hunter,marksmanship,12,4,8
13470,Ningiiwose,garona,384,hunter,marksmanship,12,4,8
13471,Shottz,blackhand,384,hunter,marksmanship,12,4,8
13472,Sogeki,kelthuzad,384,hunter,marksmanship,12,4,8
13473,Crimsonmm,ragnaros,384,hunter,marksmanship,12,4,8
13474,Dmasterbiter,zuljin,384,hunter,marksmanship,12,4,8
13475,Kyler,draka,384,hunter,marksmanship,12,4,8
13476,Revö,area-52,384,hunter,marksmanship,12,4,8
13477,Vion,mannoroth,384,hunter,marksmanship,12,4,8
13478,Kumari,lothar,384,hunter,marksmanship,12,4,8
13479,Taurenseason,sargeras,384,hunter,marksmanship,12,4,8
13480,Tsubakï,ragnaros,384,hunter,marksmanship,12,4,8
13481,Joton,tichondrius,384,hunter,marksmanship,12,4,8
13482,Vélos,illidan,384,hunter,marksmanship,12,4,8
13483,Msghunter,sargeras,384,hunter,marksmanship,12,4,8
13484,Ganzilla,aerie-peak,384,hunter,marksmanship,12,4,8
13485,Crackshotzz,illidan,384,hunter,marksmanship,12,4,8
13486,Samsin,sargeras,384,hunter,marksmanship,12,4,8
13487,Ðïanä,azralon,384,hunter,marksmanship,12,4,8
13488,Gstygodx,frostmourne,384,hunter,marksmanship,12,4,8
13489,Whatalexa,tichondrius,384,hunter,marksmanship,12,4,8
13490,Patroclo,azralon,384,hunter,marksmanship,12,4,8
13491,Trippyhunter,akama,384,hunter,marksmanship,12,4,8
13492,Gotrap,saurfang,384,hunter,marksmanship,12,4,8
13493,Artemisagro,greymane,384,hunter,marksmanship,12,4,8
13494,Mabaku,tichondrius,384,hunter,marksmanship,12,4,8
13495,Bleedwolf,tichondrius,384,hunter,marksmanship,12,4,8
13496,Emérr,drakkari,384,hunter,marksmanship,12,4,8
13497,Sabo,nemesis,384,hunter,marksmanship,12,4,8
13498,Resonatorrob,illidan,384,hunter,marksmanship,12,4,8
13499,Aaron,jubeithos,384,hunter,marksmanship,12,4,8
13500,Saralli,thrall,384,hunter,marksmanship,12,4,8
13501,Zipzyup,tichondrius,384,hunter,marksmanship,12,4,8
13502,Junglar,eitrigg,384,hunter,marksmanship,12,4,8
13503,Braindeadorc,illidan,384,hunter,marksmanship,12,4,8
13504,Hordworld,tichondrius,384,hunter,marksmanship,12,4,8
13505,Gotskill,lethon,384,hunter,marksmanship,18,4,14
13506,Tòxophilite,tichondrius,384,hunter,marksmanship,18,4,14
13507,Bunb,area-52,384,hunter,marksmanship,18,4,14
13508,Abloodelf,zuljin,384,hunter,marksmanship,18,4,14
13509,Peashooter,sargeras,384,hunter,marksmanship,19,4,15
13510,Dathronin,chogall,383,hunter,marksmanship,6,4,2
13511,Snäpträp,stormrage,383,hunter,marksmanship,6,4,2
13512,Comtambisuon,frostmourne,383,hunter,marksmanship,6,4,2
13513,Essya,frostmourne,383,hunter,marksmanship,6,4,2
13514,Meriah,bleeding-hollow,383,hunter,marksmanship,6,4,2
13515,Euphylesz,garrosh,383,hunter,marksmanship,10,4,6
13516,Fermra,dunemaul,383,hunter,marksmanship,12,4,8
13517,Rottinghood,hyjal,383,hunter,marksmanship,12,4,8
13518,Brody,eitrigg,383,hunter,marksmanship,12,4,8
13519,Zenwrath,illidan,383,hunter,marksmanship,12,4,8
13520,Juanita,laughing-skull,383,hunter,marksmanship,12,4,8
13521,Derenit,ragnaros,383,hunter,marksmanship,12,4,8
13522,Cornbreadfed,gorgonnash,383,hunter,marksmanship,12,4,8
13523,Aridan,area-52,383,hunter,marksmanship,12,4,8
13524,Ytsejammer,eonar,383,hunter,marksmanship,12,4,8
13525,Shootingjaem,tichondrius,383,hunter,marksmanship,12,4,8
13526,Amsalja,tichondrius,383,hunter,marksmanship,12,4,8
13527,Zérõ,area-52,383,hunter,marksmanship,12,4,8
13528,Minibrö,tichondrius,383,hunter,marksmanship,12,4,8
13529,Hunternao,nemesis,383,hunter,marksmanship,18,4,14
13530,Nevon,azralon,383,hunter,marksmanship,18,4,14
13531,Rzan,fenris,382,hunter,marksmanship,6,4,2
13532,Oohuntsoo,emerald-dream,382,hunter,marksmanship,6,4,2
13533,Eaudelune,vashj,382,hunter,marksmanship,12,4,8
13534,Lovek,ragnaros,382,hunter,marksmanship,12,4,8
13535,Twofeathers,wyrmrest-accord,381,hunter,marksmanship,12,4,8
13536,Skatenos,tortheldrin,381,hunter,marksmanship,12,4,8
13537,Äzrael,elune,379,hunter,marksmanship,12,4,8
13538,Venessie,moon-guard,379,hunter,marksmanship,12,4,8
13539,Arighthunt,frostmourne,367,hunter,marksmanship,17,4,13
13540,Onekz,ragnaros,367,hunter,marksmanship,29,4,25
13541,Hyesik,tichondrius,362,hunter,marksmanship,21,7,14
13542,Pérséús,ragnaros,351,hunter,marksmanship,12,5,7
13543,Bloodarrow,tichondrius,351,hunter,marksmanship,11,4,7
13544,Tarkovs,area-52,351,hunter,marksmanship,11,4,7
13545,Rnger,aerie-peak,350,hunter,marksmanship,12,5,7
13546,Trappxy,sargeras,336,hunter,marksmanship,9,4,5
13547,Zucarita,tichondrius,330,hunter,marksmanship,9,5,4
13548,Nubcaks,nerzhul,330,hunter,marksmanship,21,5,16
13549,Stupïd,tichondrius,319,hunter,marksmanship,5,4,1
13550,Misogynistaf,tichondrius,319,hunter,marksmanship,5,4,1
13551,Aimian,frostmourne,319,hunter,marksmanship,8,4,4
13552,Ròllinafatty,dark-iron,319,hunter,marksmanship,8,4,4
13553,Ðeathßyarrøw,bloodscalp,319,hunter,marksmanship,10,4,6
13554,Berkhof,tichondrius,319,hunter,marksmanship,14,4,10
13555,Streetcrime,stormrage,304,hunter,marksmanship,7,4,3
13556,Dahunterguy,illidan,304,hunter,marksmanship,7,4,3
13557,Dagre,the-forgotten-coast,304,hunter,marksmanship,13,4,9
13558,Peña,trollbane,304,hunter,marksmanship,13,4,9
13559,Uc,khadgar,288,hunter,marksmanship,6,3,3
13560,Keedub,stormrage,288,hunter,marksmanship,6,3,3
13561,Mikey,exodar,288,hunter,marksmanship,6,3,3
13562,Baoßun,thrall,288,hunter,marksmanship,6,3,3
13563,Chootembro,thunderlord,288,hunter,marksmanship,6,3,3
13564,Waldrom,arathor,288,hunter,marksmanship,6,3,3
13565,Caraméla,stormrage,288,hunter,marksmanship,6,3,3
13566,Canadïan,stormrage,288,hunter,marksmanship,6,3,3
13567,Playnogames,moon-guard,288,hunter,marksmanship,6,3,3
13568,Starsabov,emerald-dream,288,hunter,marksmanship,6,3,3
13569,Stupedhunter,tichondrius,288,hunter,marksmanship,6,3,3
13570,Thugbeast,tichondrius,288,hunter,marksmanship,6,3,3
13571,Racoon,spinebreaker,288,hunter,marksmanship,6,3,3
13572,Bernelli,kelthuzad,288,hunter,marksmanship,6,3,3
13573,Vinksy,sargeras,288,hunter,marksmanship,6,3,3
13574,Azairxd,tichondrius,288,hunter,marksmanship,6,3,3
13575,Orì,stormrage,288,hunter,marksmanship,6,3,3
13576,Sylvãnâs,tichondrius,288,hunter,marksmanship,6,3,3
13577,Silvershot,emerald-dream,288,hunter,marksmanship,6,3,3
13578,Physical,destromath,288,hunter,marksmanship,6,3,3
13579,Eatmybow,nemesis,288,hunter,marksmanship,6,3,3
13580,Trænquility,tichondrius,288,hunter,marksmanship,6,3,3
13581,Krelas,eldrethalas,288,hunter,marksmanship,6,3,3
13582,Boxpatrol,ravencrest,288,hunter,marksmanship,6,3,3
13583,Graid,azralon,288,hunter,marksmanship,6,3,3
13584,Mtuanwm,tichondrius,288,hunter,marksmanship,6,3,3
13585,Bloodyman,korgath,288,hunter,marksmanship,6,3,3
13586,Humiliation,mugthol,288,hunter,marksmanship,6,3,3
13587,Antily,kelthuzad,288,hunter,marksmanship,6,3,3
13588,Keliara,dunemaul,288,hunter,marksmanship,6,3,3
13589,Stoopkid,dunemaul,288,hunter,marksmanship,6,3,3
13590,Zzackchicken,tichondrius,288,hunter,marksmanship,6,3,3
13591,Kong,tichondrius,288,hunter,marksmanship,6,3,3
13592,Rhovanni,ragnaros,288,hunter,marksmanship,6,3,3
13593,Cyboreg,stormrage,288,hunter,marksmanship,6,3,3
13594,Sabanna,proudmoore,288,hunter,marksmanship,6,3,3
13595,Rivs,detheroc,288,hunter,marksmanship,6,3,3
13596,Sosaho,sargeras,288,hunter,marksmanship,6,3,3
13597,Buzzkiller,sargeras,288,hunter,marksmanship,6,3,3
13598,Vashra,stormrage,288,hunter,marksmanship,6,3,3
13599,Halosucks,sargeras,288,hunter,marksmanship,6,3,3
13600,Wannakill,stormrage,288,hunter,marksmanship,6,3,3
13601,Arithrawn,area-52,288,hunter,marksmanship,6,3,3
13602,Kallindo,sargeras,288,hunter,marksmanship,6,3,3
13603,Volarsomar,shattered-hand,288,hunter,marksmanship,6,3,3
13604,Ropivacaine,illidan,288,hunter,marksmanship,6,3,3
13605,Wolfmilkers,illidan,288,hunter,marksmanship,6,3,3
13606,Maximuhm,vashj,288,hunter,marksmanship,6,3,3
13607,Wasteyou,tichondrius,288,hunter,marksmanship,6,3,3
13608,Alliestrasza,azralon,288,hunter,marksmanship,6,3,3
13609,Kormas,illidan,288,hunter,marksmanship,6,3,3
13610,Bacin,tichondrius,288,hunter,marksmanship,6,3,3
13611,Cloakedninja,illidan,288,hunter,marksmanship,6,3,3
13612,Auset,aegwynn,288,hunter,marksmanship,6,3,3
13613,Iannieht,illidan,288,hunter,marksmanship,6,3,3
13614,Slantedshot,coilfang,288,hunter,marksmanship,6,3,3
13615,Maxifier,tichondrius,288,hunter,marksmanship,6,3,3
13616,Casadora,dark-iron,288,hunter,marksmanship,6,3,3
13617,Tugh,maiev,288,hunter,marksmanship,6,3,3
13618,Deepbowjob,sargeras,288,hunter,marksmanship,6,3,3
13619,Blakespace,area-52,288,hunter,marksmanship,6,3,3
13620,Gorhound,tichondrius,288,hunter,marksmanship,6,3,3
13621,Tìnker,stormrage,288,hunter,marksmanship,6,3,3
13622,Zeonas,tichondrius,288,hunter,marksmanship,6,3,3
13623,Angelicarrow,area-52,288,hunter,marksmanship,6,3,3
13624,Bigmommah,durotan,288,hunter,marksmanship,6,3,3
13625,Guncontrol,malganis,288,hunter,marksmanship,6,3,3
13626,Perfectcrit,area-52,288,hunter,marksmanship,6,3,3
13627,Innerhunt,aegwynn,288,hunter,marksmanship,6,3,3
13628,Brumbuh,tichondrius,288,hunter,marksmanship,6,3,3
13629,Carot,dalaran,288,hunter,marksmanship,6,3,3
13630,Fruitenveg,frostmourne,288,hunter,marksmanship,6,3,3
13631,Exabyssus,bleeding-hollow,288,hunter,marksmanship,6,3,3
13632,Remak,barthilas,288,hunter,marksmanship,6,3,3
13633,Madjango,illidan,288,hunter,marksmanship,6,3,3
13634,Quondo,boulderfist,288,hunter,marksmanship,6,3,3
13635,Skum,tichondrius,288,hunter,marksmanship,6,3,3
13636,Konungr,zuljin,288,hunter,marksmanship,6,3,3
13637,Jackohun,quelthalas,288,hunter,marksmanship,6,3,3
13638,Sereom,frostmourne,288,hunter,marksmanship,6,3,3
13639,Internade,frostmourne,288,hunter,marksmanship,6,3,3
13640,Zestia,tichondrius,288,hunter,marksmanship,6,3,3
13641,Weegnomie,wyrmrest-accord,288,hunter,marksmanship,6,3,3
13642,Niche,jaedenar,288,hunter,marksmanship,6,3,3
13643,Inked,frostmourne,288,hunter,marksmanship,6,3,3
13644,Candîce,moon-guard,288,hunter,marksmanship,6,3,3
13645,Wonshawt,tichondrius,288,hunter,marksmanship,6,3,3
13646,Tichong,tichondrius,288,hunter,marksmanship,6,3,3
13647,Kaitoo,tichondrius,288,hunter,marksmanship,6,3,3
13648,Getgaped,bronzebeard,288,hunter,marksmanship,6,3,3
13649,Darforner,shandris,288,hunter,marksmanship,6,3,3
13650,Muffhuntér,blackrock,288,hunter,marksmanship,6,3,3
13651,Traphouse,blackrock,288,hunter,marksmanship,6,3,3
13652,Kargathx,ragnaros,288,hunter,marksmanship,6,3,3
13653,Kansolly,tichondrius,288,hunter,marksmanship,6,3,3
13654,Kogger,frostmourne,288,hunter,marksmanship,6,3,3
13655,Ðurostar,area-52,288,hunter,marksmanship,6,3,3
13656,Chimpx,moon-guard,288,hunter,marksmanship,6,3,3
13657,Plastera,zuljin,288,hunter,marksmanship,6,3,3
13658,Bamfhunt,darkspear,288,hunter,marksmanship,6,3,3
13659,Triggamikê,tichondrius,288,hunter,marksmanship,6,3,3
13660,Exotichunter,the-underbog,288,hunter,marksmanship,6,3,3
13661,Zym,the-forgotten-coast,288,hunter,marksmanship,6,3,3
13662,Eforas,ragnaros,288,hunter,marksmanship,6,3,3
13663,Deathshoôt,suramar,288,hunter,marksmanship,6,3,3
13664,Airchick,frostmourne,288,hunter,marksmanship,6,3,3
13665,Strudelshot,tichondrius,288,hunter,marksmanship,6,3,3
13666,Iresa,bleeding-hollow,288,hunter,marksmanship,6,3,3
13667,Luckynoodlle,frostmourne,288,hunter,marksmanship,6,3,3
13668,Daggétt,zuljin,288,hunter,marksmanship,6,3,3
13669,Ÿöskë,tichondrius,288,hunter,marksmanship,6,3,3
13670,Royshot,stormrage,288,hunter,marksmanship,7,3,4
13671,Evilslaug,tichondrius,288,hunter,marksmanship,8,3,5
13672,Mojopojo,tichondrius,288,hunter,marksmanship,12,4,8
13673,Snigskytte,dreadmaul,288,hunter,marksmanship,11,3,8
13674,Prpl,sargeras,288,hunter,marksmanship,15,4,11
13675,Alyzza,sargeras,288,hunter,marksmanship,12,3,9
13676,Strixx,emerald-dream,288,hunter,marksmanship,12,3,9
13677,Lesley,illidan,288,hunter,marksmanship,12,3,9
13678,Surfbum,lightbringer,288,hunter,marksmanship,12,3,9
13679,Wadadly,malganis,288,hunter,marksmanship,12,3,9
13680,Princssdaizy,zuljin,288,hunter,marksmanship,12,3,9
13681,Shablagoosh,zuljin,288,hunter,marksmanship,12,3,9
13682,Uro,illidan,288,hunter,marksmanship,12,3,9
13683,Zeedii,dalaran,288,hunter,marksmanship,12,3,9
13684,Sliperysaly,tichondrius,288,hunter,marksmanship,12,3,9
13685,Oua,queldorei,288,hunter,marksmanship,12,3,9
13686,Drysst,tichondrius,288,hunter,marksmanship,12,3,9
13687,Ouchiies,barthilas,288,hunter,marksmanship,12,3,9
13688,Sásori,area-52,288,hunter,marksmanship,12,3,9
13689,Shifted,quelthalas,288,hunter,marksmanship,12,3,9
13690,Hefty,azuremyst,288,hunter,marksmanship,12,3,9
13691,Hatara,quelthalas,288,hunter,marksmanship,12,3,9
13692,Tmd,thrall,288,hunter,marksmanship,12,3,9
13693,Aerefix,frostmourne,288,hunter,marksmanship,12,3,9
13694,Skywrecker,bleeding-hollow,288,hunter,marksmanship,12,3,9
13695,Blaisian,frostmourne,288,hunter,marksmanship,12,3,9
13696,Quackattack,arthas,288,hunter,marksmanship,12,3,9
13697,Gustavitch,executus,288,hunter,marksmanship,12,3,9
13698,Blarck,shattered-halls,288,hunter,marksmanship,12,3,9
13699,Sparkco,area-52,288,hunter,marksmanship,12,3,9
13700,Exiun,sargeras,288,hunter,marksmanship,12,3,9
13701,Ryhew,emerald-dream,288,hunter,marksmanship,12,3,9
13702,Tastysauce,wyrmrest-accord,288,hunter,marksmanship,12,3,9
13703,Boltflux,nemesis,288,hunter,marksmanship,12,3,9
13704,Xsparkys,kargath,288,hunter,marksmanship,12,3,9
13705,Samloomis,ursin,288,hunter,marksmanship,12,3,9
13706,Lumbygoblin,illidan,288,hunter,marksmanship,13,3,10
13707,Winstônwolf,spinebreaker,288,hunter,marksmanship,18,3,15
13708,Zarknoth,cenarius,288,hunter,marksmanship,18,3,15
13709,Jgodsslayer,tichondrius,288,hunter,marksmanship,18,3,15
13710,Minihunter,onyxia,287,hunter,marksmanship,6,3,3
13711,Ghazzghkuull,ragnaros,287,hunter,marksmanship,6,3,3
13712,Jxoxex,wildhammer,287,hunter,marksmanship,6,3,3
13713,Slayemz,barthilas,287,hunter,marksmanship,6,3,3
13714,Lapelada,ragnaros,287,hunter,marksmanship,6,3,3
13715,Downtimes,illidan,287,hunter,marksmanship,6,3,3
13716,Multicereal,quelthalas,287,hunter,marksmanship,6,3,3
13717,Braindeadly,malganis,287,hunter,marksmanship,6,3,3
13718,Allready,stormrage,287,hunter,marksmanship,12,3,9
13719,Bumbow,tichondrius,287,hunter,marksmanship,12,3,9
13720,Divinee,undermine,287,hunter,marksmanship,12,3,9
13721,Tarbabies,mannoroth,287,hunter,marksmanship,12,3,9
13722,Darthwillie,cenarius,287,hunter,marksmanship,12,3,9
13723,Axtlas,moonrunner,286,hunter,marksmanship,6,3,3
13724,Lorelåii,tichondrius,286,hunter,marksmanship,6,3,3
13725,Irishnia,bleeding-hollow,286,hunter,marksmanship,6,3,3
13726,Dashing,magtheridon,271,hunter,marksmanship,11,3,8
13727,Mythman,area-52,255,hunter,marksmanship,14,4,10
13728,Tanneritez,bleeding-hollow,240,hunter,marksmanship,17,3,14
13729,Setepalms,azralon,239,hunter,marksmanship,5,3,2
13730,Brorc,kul-tiras,239,hunter,marksmanship,5,3,2
13731,Glôck,dalaran,239,hunter,marksmanship,11,3,8
13732,Knowtraps,area-52,234,hunter,marksmanship,7,4,3
13733,Druskritag,moon-guard,234,hunter,marksmanship,10,4,6
13734,Demongirl,arathor,231,hunter,marksmanship,25,4,21
13735,Almighty,trollbane,229,hunter,marksmanship,29,6,23
13736,Downworlder,darkspear,223,hunter,marksmanship,8,3,5
13737,Andrømeda,frostmourne,208,hunter,marksmanship,7,3,4
13738,Lamb,undermine,202,hunter,marksmanship,11,4,7
13739,Farverr,area-52,192,hunter,marksmanship,4,3,1
13740,Traitorously,daggerspine,192,hunter,marksmanship,9,3,6
13741,Gadorim,kelthuzad,192,hunter,marksmanship,6,2,4
13742,Valcyoneus,dragonmaw,192,hunter,marksmanship,6,2,4
13743,Torvauk,bleeding-hollow,192,hunter,marksmanship,6,2,4
13744,Kïwwï,tichondrius,192,hunter,marksmanship,6,2,4
13745,Cuchulláin,area-52,192,hunter,marksmanship,6,2,4
13746,Firskin,frostmourne,192,hunter,marksmanship,6,2,4
13747,Camorcaist,stormrage,192,hunter,marksmanship,6,2,4
13748,Dikbender,tichondrius,192,hunter,marksmanship,6,2,4
13749,Fkurrules,frostmourne,192,hunter,marksmanship,6,2,4
13750,Huntingyou,destromath,192,hunter,marksmanship,6,2,4
13751,Voodoohunter,blood-furnace,192,hunter,marksmanship,6,2,4
13752,Mordriva,azjolnerub,192,hunter,marksmanship,6,2,4
13753,Kusz,bleeding-hollow,192,hunter,marksmanship,6,2,4
13754,Áppóló,spinebreaker,192,hunter,marksmanship,6,2,4
13755,Rëxx,moon-guard,192,hunter,marksmanship,6,2,4
13756,Holytrap,destromath,192,hunter,marksmanship,6,2,4
13757,Warsh,anubarak,192,hunter,marksmanship,6,2,4
13758,Ilîiìîìiilil,bleeding-hollow,192,hunter,marksmanship,6,2,4
13759,Erebor,malganis,192,hunter,marksmanship,6,2,4
13760,Pichsolika,frostmourne,192,hunter,marksmanship,6,2,4
13761,Mtq,thrall,192,hunter,marksmanship,6,2,4
13762,Tus,tichondrius,192,hunter,marksmanship,6,2,4
13763,Alorick,ragnaros,192,hunter,marksmanship,6,2,4
13764,Jebote,frostmourne,192,hunter,marksmanship,6,2,4
13765,Lycanthropei,illidan,192,hunter,marksmanship,6,2,4
13766,Huntbodom,drakkari,192,hunter,marksmanship,6,2,4
13767,Magvez,tichondrius,192,hunter,marksmanship,6,2,4
13768,Ðao,nazjatar,192,hunter,marksmanship,6,2,4
13769,Arbos,ragnaros,192,hunter,marksmanship,6,2,4
13770,Angrypepe,bleeding-hollow,192,hunter,marksmanship,6,2,4
13771,Dreezzy,bleeding-hollow,192,hunter,marksmanship,6,2,4
13772,Symz,ragnaros,192,hunter,marksmanship,6,2,4
13773,Xxunderoath,frostwolf,192,hunter,marksmanship,6,2,4
13774,Arantir,drakkari,192,hunter,marksmanship,6,2,4
13775,Huntkillerx,illidan,192,hunter,marksmanship,6,2,4
13776,Ramchi,burning-blade,192,hunter,marksmanship,6,2,4
13777,Nord,draka,192,hunter,marksmanship,6,2,4
13778,Tyraelias,kaelthas,192,hunter,marksmanship,6,2,4
13779,Anilora,wyrmrest-accord,192,hunter,marksmanship,6,2,4
13780,Muscletooth,moon-guard,192,hunter,marksmanship,6,2,4
13781,Mohz,kiljaeden,192,hunter,marksmanship,6,2,4
13782,Huntugz,frostmourne,192,hunter,marksmanship,6,2,4
13783,Lorgor,eonar,192,hunter,marksmanship,6,2,4
13784,Penelòpe,wyrmrest-accord,192,hunter,marksmanship,6,2,4
13785,Pumpydumpy,malganis,192,hunter,marksmanship,6,2,4
13786,Àngèl,malganis,192,hunter,marksmanship,6,2,4
13787,Zaghoward,fenris,192,hunter,marksmanship,6,2,4
13788,Shoccka,thrall,192,hunter,marksmanship,6,2,4
13789,Haki,gallywix,192,hunter,marksmanship,6,2,4
13790,Yortrox,ragnaros,192,hunter,marksmanship,6,2,4
13791,Desdee,icecrown,192,hunter,marksmanship,6,2,4
13792,Ticey,frostmourne,192,hunter,marksmanship,6,2,4
13793,Bôdon,illidan,192,hunter,marksmanship,6,2,4
13794,Defacegg,illidan,192,hunter,marksmanship,6,2,4
13795,Stormwardenx,turalyon,192,hunter,marksmanship,6,2,4
13796,Lanarhoades,firetree,192,hunter,marksmanship,6,2,4
13797,Doopers,kiljaeden,192,hunter,marksmanship,6,2,4
13798,Aridias,mannoroth,192,hunter,marksmanship,6,2,4
13799,Kanta,bleeding-hollow,192,hunter,marksmanship,6,2,4
13800,Ðevil,ragnaros,192,hunter,marksmanship,6,2,4
13801,Córnell,tichondrius,192,hunter,marksmanship,6,2,4
13802,Namøscä,nemesis,192,hunter,marksmanship,6,2,4
13803,Blowedazchit,bonechewer,192,hunter,marksmanship,6,2,4
13804,Faldran,earthen-ring,192,hunter,marksmanship,6,2,4
13805,Ctrlaltdel,gundrak,192,hunter,marksmanship,6,2,4
13806,Bloodrainia,ravencrest,192,hunter,marksmanship,6,2,4
13807,Cefla,illidan,192,hunter,marksmanship,6,2,4
13808,Pandaslayr,garrosh,192,hunter,marksmanship,6,2,4
13809,Whitemàne,dalaran,192,hunter,marksmanship,6,2,4
13810,Sergunter,area-52,192,hunter,marksmanship,6,2,4
13811,Zackmorris,kelthuzad,192,hunter,marksmanship,6,2,4
13812,Nellond,malganis,192,hunter,marksmanship,6,2,4
13813,Xpyroshot,area-52,192,hunter,marksmanship,6,2,4
13814,Hideontrap,malganis,192,hunter,marksmanship,6,2,4
13815,Léfty,nagrand,192,hunter,marksmanship,6,2,4
13816,Otirrub,deathwing,192,hunter,marksmanship,6,2,4
13817,Amptx,tichondrius,192,hunter,marksmanship,6,2,4
13818,Jathriel,zuljin,192,hunter,marksmanship,6,2,4
13819,Alssong,tichondrius,192,hunter,marksmanship,6,2,4
13820,Ramblin,ragnaros,192,hunter,marksmanship,6,2,4
13821,Zhona,moon-guard,192,hunter,marksmanship,6,2,4
13822,Vitae,shattered-halls,192,hunter,marksmanship,6,2,4
13823,Isitrng,aggramar,192,hunter,marksmanship,6,2,4
13824,Kahtniss,quelthalas,192,hunter,marksmanship,6,2,4
13825,Commonbuck,area-52,192,hunter,marksmanship,6,2,4
13826,Petmydog,aegwynn,192,hunter,marksmanship,6,2,4
13827,Terapista,area-52,192,hunter,marksmanship,6,2,4
13828,Saveawp,stormrage,192,hunter,marksmanship,6,2,4
13829,Blury,tichondrius,192,hunter,marksmanship,6,2,4
13830,Percival,firetree,192,hunter,marksmanship,6,2,4
13831,Valdevenator,illidan,192,hunter,marksmanship,6,2,4
13832,Lulafourdedo,stormrage,192,hunter,marksmanship,6,2,4
13833,Illweedx,kiljaeden,192,hunter,marksmanship,6,2,4
13834,Ayrana,tichondrius,192,hunter,marksmanship,6,2,4
13835,Thiccshawts,moon-guard,192,hunter,marksmanship,6,2,4
13836,Rumnaheim,nemesis,192,hunter,marksmanship,6,2,4
13837,Yonzo,area-52,192,hunter,marksmanship,6,2,4
13838,Wartoz,dragonblight,192,hunter,marksmanship,6,2,4
13839,Greyk,moon-guard,192,hunter,marksmanship,6,2,4
13840,Huntgar,earthen-ring,192,hunter,marksmanship,6,2,4
13841,Cazaaires,quelthalas,192,hunter,marksmanship,6,2,4
13842,Fleshfeast,tichondrius,192,hunter,marksmanship,6,2,4
13843,Nughunter,area-52,192,hunter,marksmanship,6,2,4
13844,Íkíte,zuljin,192,hunter,marksmanship,6,2,4
13845,Noisetrader,illidan,192,hunter,marksmanship,6,2,4
13846,Huntmeplz,proudmoore,192,hunter,marksmanship,6,2,4
13847,Xuxoo,nemesis,192,hunter,marksmanship,6,2,4
13848,Crownchild,illidan,192,hunter,marksmanship,6,2,4
13849,Hárd,illidan,192,hunter,marksmanship,6,2,4
13850,Inurah,malganis,192,hunter,marksmanship,6,2,4
13851,Geldyn,stormreaver,192,hunter,marksmanship,6,2,4
13852,Glockin,zuljin,192,hunter,marksmanship,6,2,4
13853,Geeshot,area-52,192,hunter,marksmanship,6,2,4
13854,Salvatiel,stormrage,192,hunter,marksmanship,6,2,4
13855,Hfn,stormrage,192,hunter,marksmanship,6,2,4
13856,Lukara,darkspear,192,hunter,marksmanship,6,2,4
13857,Sinsix,akama,192,hunter,marksmanship,6,2,4
13858,Latherel,bleeding-hollow,192,hunter,marksmanship,6,2,4
13859,Justhunter,moknathal,192,hunter,marksmanship,6,2,4
13860,Sobala,azralon,192,hunter,marksmanship,6,2,4
13861,Bowzørx,tichondrius,192,hunter,marksmanship,6,2,4
13862,Fizzleegear,area-52,192,hunter,marksmanship,6,2,4
13863,Yembohi,queldorei,192,hunter,marksmanship,6,2,4
13864,Skolzero,azralon,192,hunter,marksmanship,6,2,4
13865,Jaigo,stormrage,192,hunter,marksmanship,6,2,4
13866,Knator,area-52,192,hunter,marksmanship,6,2,4
13867,Mickyluvin,emerald-dream,192,hunter,marksmanship,6,2,4
13868,Lemmiewînkzz,sargeras,192,hunter,marksmanship,6,2,4
13869,Thugio,sargeras,192,hunter,marksmanship,6,2,4
13870,Nixuis,stormrage,192,hunter,marksmanship,6,2,4
13871,Bendoon,sargeras,192,hunter,marksmanship,6,2,4
13872,Kreaytion,sargeras,192,hunter,marksmanship,6,2,4
13873,Gangstashot,burning-legion,192,hunter,marksmanship,6,2,4
13874,Regerts,sargeras,192,hunter,marksmanship,6,2,4
13875,Ðecarlis,azralon,192,hunter,marksmanship,6,2,4
13876,Happyhunting,sargeras,192,hunter,marksmanship,6,2,4
13877,Zeaks,emerald-dream,192,hunter,marksmanship,6,2,4
13878,Durbìn,sargeras,192,hunter,marksmanship,6,2,4
13879,Brindlë,kelthuzad,192,hunter,marksmanship,11,3,8
13880,Roidbum,barthilas,192,hunter,marksmanship,10,2,8
13881,Kîra,stormrage,192,hunter,marksmanship,16,3,13
13882,Sharpzy,jubeithos,192,hunter,marksmanship,12,2,10
13883,Dojaqat,frostmourne,192,hunter,marksmanship,12,2,10
13884,Zumythriel,stormrage,192,hunter,marksmanship,12,2,10
13885,Eaglesx,skullcrusher,192,hunter,marksmanship,12,2,10
13886,Killdred,bonechewer,192,hunter,marksmanship,12,2,10
13887,Luffzy,barthilas,192,hunter,marksmanship,12,2,10
13888,Warrioress,illidan,192,hunter,marksmanship,12,2,10
13889,Roboputa,quelthalas,192,hunter,marksmanship,12,2,10
13890,Sevitham,dalaran,192,hunter,marksmanship,12,2,10
13891,Larts,fenris,192,hunter,marksmanship,12,2,10
13892,Seekem,destromath,192,hunter,marksmanship,12,2,10
13893,Johnwayne,alterac-mountains,192,hunter,marksmanship,12,2,10
13894,Warpedshots,malganis,192,hunter,marksmanship,12,2,10
13895,Littleagu,proudmoore,192,hunter,marksmanship,12,2,10
13896,Xulag,tichondrius,192,hunter,marksmanship,12,2,10
13897,Shafttrapper,queldorei,192,hunter,marksmanship,12,2,10
13898,Findbind,altar-of-storms,192,hunter,marksmanship,12,2,10
13899,Josthar,thrall,192,hunter,marksmanship,12,2,10
13900,Luvtits,bonechewer,192,hunter,marksmanship,12,2,10
13901,Hatros,stormrage,192,hunter,marksmanship,12,2,10
13902,Jmonger,runetotem,192,hunter,marksmanship,12,2,10
13903,Hunterish,area-52,192,hunter,marksmanship,12,2,10
13904,Gunnpowder,malganis,192,hunter,marksmanship,12,2,10
13905,Stïinck,azralon,192,hunter,marksmanship,12,2,10
13906,Chinchompas,bleeding-hollow,192,hunter,marksmanship,18,2,16
13907,Cruelhuntres,tichondrius,192,hunter,marksmanship,18,2,16
13908,Griffox,frostwolf,191,hunter,marksmanship,4,3,1
13909,Dorg,azjolnerub,191,hunter,marksmanship,6,2,4
13910,Sylviannas,frostmourne,191,hunter,marksmanship,6,2,4
13911,Wörg,elune,191,hunter,marksmanship,6,2,4
13912,Goofyfingers,illidan,191,hunter,marksmanship,12,2,10
13913,Actaeom,area-52,191,hunter,marksmanship,12,2,10
13914,ßonßon,stormrage,160,hunter,marksmanship,10,2,8
13915,Thesloott,azshara,159,hunter,marksmanship,5,2,3
13916,Hunntard,veknilash,159,hunter,marksmanship,5,2,3
13917,Clintbartun,shadowsong,159,hunter,marksmanship,5,2,3
13918,Amorial,barthilas,159,hunter,marksmanship,5,2,3
13919,Dusle,azralon,138,hunter,marksmanship,8,3,5
13920,Darthski,drenden,138,hunter,marksmanship,12,4,8
13921,Pvrisxoxo,frostmourne,138,hunter,marksmanship,9,3,6
13922,Ünknown,sargeras,138,hunter,marksmanship,10,3,7
13923,Huntersaul,dalvengyr,138,hunter,marksmanship,11,3,8
13924,Tinylegzz,illidan,138,hunter,marksmanship,14,3,11
13925,Plsnobanmee,frostmourne,137,hunter,marksmanship,9,5,4
13926,Yarthax,illidan,128,hunter,marksmanship,4,2,2
13927,Mookvader,illidan,128,hunter,marksmanship,4,2,2
13928,Lúthiel,azralon,127,hunter,marksmanship,8,2,6
13929,Ïmprîsôñ,dalaran,96,hunter,marksmanship,3,2,1
13930,Razer,anvilmar,96,hunter,marksmanship,3,2,1
13931,Shootr,darkspear,96,hunter,marksmanship,3,2,1
13932,Bensonlmn,tichondrius,96,hunter,marksmanship,9,2,7
13933,Dogtagluke,stormrage,96,hunter,marksmanship,6,1,5
13934,Cocobage,destromath,96,hunter,marksmanship,6,1,5
13935,Fritzy,nazjatar,96,hunter,marksmanship,6,1,5
13936,Brändöncody,stormrage,96,hunter,marksmanship,6,1,5
13937,Wínchester,stormrage,96,hunter,marksmanship,6,1,5
13938,Nightfall,azshara,96,hunter,marksmanship,6,1,5
13939,Wolfmastera,zuljin,96,hunter,marksmanship,6,1,5
13940,Samanta,blood-furnace,96,hunter,marksmanship,6,1,5
13941,Ikiteforgold,zuljin,96,hunter,marksmanship,6,1,5
13942,Arawnz,emerald-dream,96,hunter,marksmanship,6,1,5
13943,Hopsmatei,azralon,96,hunter,marksmanship,6,1,5
13944,Shootdogg,mannoroth,96,hunter,marksmanship,6,1,5
13945,Seizedhunt,frostmourne,96,hunter,marksmanship,6,1,5
13946,Autaila,thunderlord,96,hunter,marksmanship,6,1,5
13947,Zirstorm,altar-of-storms,96,hunter,marksmanship,6,1,5
13948,Gabitoqt,gallywix,96,hunter,marksmanship,6,1,5
13949,Legoretzlas,durotan,96,hunter,marksmanship,6,1,5
13950,Wellfaír,area-52,96,hunter,marksmanship,6,1,5
13951,Insönnia,azralon,96,hunter,marksmanship,6,1,5
13952,Rockehm,frostmourne,96,hunter,marksmanship,6,1,5
13953,Ethùg,area-52,96,hunter,marksmanship,6,1,5
13954,Kkurama,area-52,96,hunter,marksmanship,6,1,5
13955,Traxêx,nemesis,96,hunter,marksmanship,6,1,5
13956,Jaidev,nemesis,96,hunter,marksmanship,6,1,5
13957,Allerios,alleria,96,hunter,marksmanship,6,1,5
13958,Cowboytroy,exodar,96,hunter,marksmanship,6,1,5
13959,Siimmplicitz,area-52,96,hunter,marksmanship,6,1,5
13960,Hellcry,khadgar,96,hunter,marksmanship,6,1,5
13961,Shootermgavn,frostmourne,96,hunter,marksmanship,6,1,5
13962,Sarutovy,kelthuzad,96,hunter,marksmanship,6,1,5
13963,Slaughterr,kelthuzad,96,hunter,marksmanship,6,1,5
13964,Rensv,frostmourne,96,hunter,marksmanship,6,1,5
13965,Hyena,kelthuzad,96,hunter,marksmanship,6,1,5
13966,Minnervva,malganis,96,hunter,marksmanship,6,1,5
13967,Puppyghoul,malganis,96,hunter,marksmanship,6,1,5
13968,Boongtokes,illidan,96,hunter,marksmanship,6,1,5
13969,Feignqt,illidan,96,hunter,marksmanship,6,1,5
13970,Laudion,quelthalas,96,hunter,marksmanship,6,1,5
13971,Rämbow,frostmourne,96,hunter,marksmanship,6,1,5
13972,Konflako,quelthalas,96,hunter,marksmanship,6,1,5
13973,Ashner,illidan,96,hunter,marksmanship,6,1,5
13974,Smackadoodlé,illidan,96,hunter,marksmanship,6,1,5
13975,Vilguz,illidan,96,hunter,marksmanship,6,1,5
13976,Artilleria,quelthalas,96,hunter,marksmanship,6,1,5
13977,Dreygar,dawnbringer,96,hunter,marksmanship,6,1,5
13978,Nodar,quelthalas,96,hunter,marksmanship,6,1,5
13979,Panchovill,ragnaros,96,hunter,marksmanship,6,1,5
13980,Brotag,aggramar,96,hunter,marksmanship,6,1,5
13981,Crazyshot,drakkari,96,hunter,marksmanship,6,1,5
13982,Qua,perenolde,96,hunter,marksmanship,6,1,5
13983,Seldinna,wyrmrest-accord,96,hunter,marksmanship,6,1,5
13984,Blaptz,wyrmrest-accord,96,hunter,marksmanship,6,1,5
13985,Coppersnout,wyrmrest-accord,96,hunter,marksmanship,6,1,5
13986,Ruvathir,wyrmrest-accord,96,hunter,marksmanship,6,1,5
13987,Clacktar,wyrmrest-accord,96,hunter,marksmanship,6,1,5
13988,Gunwalk,azjolnerub,96,hunter,marksmanship,6,1,5
13989,Saeculorum,azralon,96,hunter,marksmanship,6,1,5
13990,Longshott,azralon,96,hunter,marksmanship,6,1,5
13991,Lemmetrap,illidan,96,hunter,marksmanship,6,1,5
13992,Evemae,sargeras,96,hunter,marksmanship,6,1,5
13993,Elknut,sargeras,96,hunter,marksmanship,6,1,5
13994,Dalzar,darkspear,96,hunter,marksmanship,6,1,5
13995,Ruhak,windrunner,96,hunter,marksmanship,6,1,5
13996,Arin,suramar,96,hunter,marksmanship,6,1,5
13997,Staytrill,tichondrius,96,hunter,marksmanship,6,1,5
13998,Terezhunt,tichondrius,96,hunter,marksmanship,6,1,5
13999,Savageshot,daggerspine,96,hunter,marksmanship,6,1,5
14000,Lailyann,sargeras,96,hunter,marksmanship,6,1,5
14001,Htcrazykofwa,tichondrius,96,hunter,marksmanship,6,1,5
14002,Brutalhit,bonechewer,96,hunter,marksmanship,6,1,5
14003,Solderboi,tichondrius,96,hunter,marksmanship,6,1,5
14004,Garkia,hyjal,96,hunter,marksmanship,6,1,5
14005,Exitwoundz,hyjal,96,hunter,marksmanship,6,1,5
14006,Darkarcher,hyjal,96,hunter,marksmanship,6,1,5
14007,Necroshotz,kul-tiras,96,hunter,marksmanship,6,1,5
14008,Fawn,moon-guard,96,hunter,marksmanship,6,1,5
14009,Smashfacehnt,tichondrius,96,hunter,marksmanship,6,1,5
14010,Faceshots,tichondrius,96,hunter,marksmanship,6,1,5
14011,Zral,dragonmaw,96,hunter,marksmanship,6,1,5
14012,Citizen,dragonmaw,96,hunter,marksmanship,6,1,5
14013,Maquire,tichondrius,96,hunter,marksmanship,6,1,5
14014,Clydebarro,sargeras,96,hunter,marksmanship,6,1,5
14015,Jumeog,stormscale,96,hunter,marksmanship,6,1,5
14016,Kiatus,nesingwary,96,hunter,marksmanship,6,1,5
14017,Narukín,tichondrius,96,hunter,marksmanship,6,1,5
14018,Anndaria,tichondrius,96,hunter,marksmanship,6,1,5
14019,Fingamyquill,tichondrius,96,hunter,marksmanship,6,1,5
14020,Hyora,tichondrius,96,hunter,marksmanship,6,1,5
14021,Hovahdo,proudmoore,96,hunter,marksmanship,6,1,5
14022,Desarus,archimonde,96,hunter,marksmanship,6,1,5
14023,Zünma,tichondrius,96,hunter,marksmanship,6,1,5
14024,Biehuixin,tichondrius,96,hunter,marksmanship,6,1,5
14025,Nickaz,frostmourne,96,hunter,marksmanship,8,1,7
14026,Hawneyduo,skullcrusher,96,hunter,marksmanship,12,1,11
14027,Bophadeaz,sargeras,96,hunter,marksmanship,12,1,11
14028,Kofan,darkspear,96,hunter,marksmanship,12,1,11
14029,Xalmoinmybow,illidan,96,hunter,marksmanship,12,1,11
14030,Jacobsladder,illidan,96,hunter,marksmanship,12,1,11
14031,Missedshot,frostmourne,96,hunter,marksmanship,12,1,11
14032,Cerébro,illidan,96,hunter,marksmanship,12,1,11
14033,Tarapandas,kilrogg,96,hunter,marksmanship,12,1,11
14034,Elanor,feathermoon,96,hunter,marksmanship,18,1,17
14035,Strixis,blood-furnace,95,hunter,marksmanship,6,1,5
14036,Trionias,malfurion,79,hunter,marksmanship,5,1,4
14037,Bownappetite,bleeding-hollow,79,hunter,marksmanship,5,1,4
14038,Setbackhunt,illidan,79,hunter,marksmanship,5,1,4
14039,Coffetaum,illidan,64,hunter,marksmanship,4,1,3
14040,Raymose,tichondrius,64,hunter,marksmanship,4,1,3
14041,Huntsmate,tichondrius,64,hunter,marksmanship,4,1,3
14042,Archemp,stormrage,64,hunter,marksmanship,4,1,3
14043,Creatuuree,zuljin,64,hunter,marksmanship,4,1,3
14044,Nyloc,dalvengyr,64,hunter,marksmanship,4,1,3
14045,Boyarsky,area-52,48,hunter,marksmanship,3,1,2
14046,Killarth,quelthalas,48,hunter,marksmanship,3,1,2
14047,Ahncheolsoo,tichondrius,42,hunter,marksmanship,11,2,9
14048,Dapoosyx,tichondrius,31,hunter,marksmanship,2,1,1
14049,Venerer,tichondrius,16,hunter,marksmanship,1,1,0
14050,Suntail,dalaran,2208,hunter,survival,111,58,53
14051,Saiiph,bleeding-hollow,2169,hunter,survival,144,74,70
14052,Cëb,stormrage,2157,hunter,survival,168,84,84
14053,Disciple,darkspear,2152,hunter,survival,74,43,31
14054,Cadencex,stormrage,2131,hunter,survival,135,69,66
14055,Buffmm,kelthuzad,2130,hunter,survival,90,46,44
14056,Hotmuscleman,tichondrius,2127,hunter,survival,74,45,29
14057,Malukaca,azralon,2121,hunter,survival,137,69,68
14058,Capncams,emerald-dream,2120,hunter,survival,130,68,62
14059,Missedmytrap,draenor,2109,hunter,survival,71,44,27
14060,Aimbotmir,zuljin,2065,hunter,survival,74,35,39
14061,Pridefulz,stormrage,2062,hunter,survival,170,85,85
14062,Cndavyjones,akama,2057,hunter,survival,90,42,48
14063,Gloomy,dark-iron,2054,hunter,survival,54,41,13
14064,Legoelass,emerald-dream,2040,hunter,survival,191,105,86
14065,Kansolly,tichondrius,2040,hunter,survival,105,54,51
14066,Djtraphouse,stormrage,2013,hunter,survival,132,67,65
14067,Ferex,tichondrius,2003,hunter,survival,63,39,24
14068,Ungrella,malganis,2001,hunter,survival,81,44,37
14069,Endsnear,stormrage,2000,hunter,survival,102,51,51
14070,Wmsgs,tichondrius,1998,hunter,survival,201,99,102
14071,Dijhoni,moon-guard,1996,hunter,survival,137,72,65
14072,Noimnotokay,tichondrius,1992,hunter,survival,113,57,56
14073,Maxiam,frostmourne,1989,hunter,survival,71,37,34
14074,Nearly,wyrmrest-accord,1987,hunter,survival,79,40,39
14075,Veyronnx,stormrage,1980,hunter,survival,108,62,46
14076,Koupon,tichondrius,1979,hunter,survival,119,60,59
14077,Dyucol,tichondrius,1971,hunter,survival,172,98,74
14078,Hamslapper,shattered-hand,1971,hunter,survival,135,66,69
14079,Bicmex,sargeras,1970,hunter,survival,42,29,13
14080,Xyzv,tichondrius,1965,hunter,survival,81,41,40
14081,Pokìmane,tichondrius,1961,hunter,survival,98,62,36
14082,Galavant,frostmourne,1960,hunter,survival,98,52,46
14083,Lèkïnhø,azralon,1953,hunter,survival,72,36,36
14084,Aurelx,tichondrius,1950,hunter,survival,48,32,16
14085,Foxyhood,ragnaros,1941,hunter,survival,125,67,58
14086,Sikhunt,frostmourne,1939,hunter,survival,60,35,25
14087,Ynoit,sargeras,1939,hunter,survival,94,49,45
14088,Kubu,emerald-dream,1930,hunter,survival,109,68,41
14089,Neverturtlex,tichondrius,1929,hunter,survival,42,24,18
14090,Dirtysoap,sargeras,1918,hunter,survival,66,32,34
14091,Dwx,bleeding-hollow,1911,hunter,survival,66,35,31
14092,Leonilc,tichondrius,1907,hunter,survival,78,36,42
14093,Fictìon,kelthuzad,1895,hunter,survival,58,32,26
14094,Briggsx,sargeras,1894,hunter,survival,48,26,22
14095,Töxic,dalaran,1889,hunter,survival,61,35,26
14096,Møéÿsgïrîxø,tichondrius,1888,hunter,survival,31,20,11
14097,Gabiña,tichondrius,1882,hunter,survival,243,123,120
14098,Drasen,deathwing,1874,hunter,survival,54,30,24
14099,Chimeralol,area-52,1873,hunter,survival,114,73,41
14100,Bergy,thrall,1873,hunter,survival,54,30,24
14101,Budika,ragnaros,1872,hunter,survival,30,23,7
14102,Finito,bladefist,1872,hunter,survival,223,112,111
14103,Queríde,emerald-dream,1871,hunter,survival,59,41,18
14104,Kzmo,gnomeregan,1870,hunter,survival,30,23,7
14105,Coggenda,sargeras,1866,hunter,survival,192,106,86
14106,Jalinhabbei,azralon,1862,hunter,survival,53,28,25
14107,Hwslol,tichondrius,1861,hunter,survival,136,71,65
14108,Dirtysoap,tichondrius,1861,hunter,survival,63,31,32
14109,Saltstream,tichondrius,1860,hunter,survival,114,53,61
14110,Gvoo,tichondrius,1858,hunter,survival,36,28,8
14111,Covlol,illidan,1857,hunter,survival,42,21,21
14112,Runecrossbow,barthilas,1855,hunter,survival,162,79,83
14113,Destrumz,zuljin,1855,hunter,survival,66,31,35
14114,Tyjes,stormrage,1851,hunter,survival,75,41,34
14115,Notnunca,tichondrius,1850,hunter,survival,60,33,27
14116,Chiline,frostmourne,1849,hunter,survival,54,29,25
14117,Truckrsaurus,tichondrius,1849,hunter,survival,105,56,49
14118,Pathofsexile,tichondrius,1848,hunter,survival,164,84,80
14119,Ikiteforfood,zuljin,1847,hunter,survival,32,20,12
14120,Kelarcia,moon-guard,1846,hunter,survival,65,29,36
14121,Pylorih,area-52,1842,hunter,survival,51,35,16
14122,Neonjz,ragnaros,1841,hunter,survival,66,31,35
14123,Raef,azralon,1838,hunter,survival,72,38,34
14124,Ssds,sargeras,1834,hunter,survival,42,26,16
14125,Foxwalk,nemesis,1834,hunter,survival,70,33,37
14126,Queride,area-52,1833,hunter,survival,54,27,27
14127,Stinkyfob,barthilas,1831,hunter,survival,48,27,21
14128,Fizzleegear,area-52,1831,hunter,survival,189,92,97
14129,Nishinos,tichondrius,1829,hunter,survival,273,139,134
14130,Exhausted,blackrock,1829,hunter,survival,90,38,52
14131,Sobit,tichondrius,1827,hunter,survival,36,23,13
14132,Goonsh,tichondrius,1826,hunter,survival,48,32,16
14133,Mlemily,stormrage,1826,hunter,survival,47,31,16
14134,Effyh,emerald-dream,1825,hunter,survival,176,89,87
14135,Bjornwald,thrall,1824,hunter,survival,410,214,196
14136,Angrybow,ragnaros,1821,hunter,survival,36,25,11
14137,Misogynistaf,tichondrius,1821,hunter,survival,40,22,18
14138,Thoromel,wyrmrest-accord,1820,hunter,survival,66,33,33
14139,Alphaqt,dethecus,1816,hunter,survival,48,27,21
14140,Savagerko,illidan,1816,hunter,survival,75,42,33
14141,Kisuke,khaz-modan,1815,hunter,survival,54,34,20
14142,Trapula,tichondrius,1814,hunter,survival,84,46,38
14143,Terapista,area-52,1813,hunter,survival,90,45,45
14144,Axezul,tichondrius,1810,hunter,survival,78,45,33
14145,Percival,firetree,1809,hunter,survival,42,22,20
14146,Joón,moon-guard,1808,hunter,survival,43,26,17
14147,Jagaerz,emerald-dream,1808,hunter,survival,42,23,19
14148,Krømatik,tichondrius,1807,hunter,survival,42,23,19
14149,Aaggros,sargeras,1807,hunter,survival,36,19,17
14150,Adjusted,frostmourne,1802,hunter,survival,36,21,15
14151,Ratonh,ragnaros,1801,hunter,survival,156,88,68
14152,Huntmon,nemesis,1800,hunter,survival,48,31,17
14153,Jîñßæçhïñæ,sargeras,1800,hunter,survival,66,29,37
14154,Moroally,sargeras,1799,hunter,survival,42,25,17
14155,Otii,tichondrius,1797,hunter,survival,156,71,85
14156,Carnidon,area-52,1796,hunter,survival,193,97,96
14157,Concur,frostmourne,1792,hunter,survival,126,65,61
14158,Cadenxr,bleeding-hollow,1791,hunter,survival,32,21,11
14159,Shootin,frostmourne,1790,hunter,survival,54,30,24
14160,Hibyexo,illidan,1788,hunter,survival,42,27,15
14161,Lawyerpbj,tichondrius,1788,hunter,survival,42,21,21
14162,Mørødox,sargeras,1780,hunter,survival,24,19,5
14163,Skàdii,tichondrius,1778,hunter,survival,115,63,52
14164,Sartel,tichondrius,1778,hunter,survival,184,93,91
14165,Leaku,illidan,1775,hunter,survival,52,34,18
14166,Buffnac,tichondrius,1775,hunter,survival,54,25,29
14167,Sniffler,barthilas,1772,hunter,survival,42,19,23
14168,Éshen,illidan,1767,hunter,survival,89,45,44
14169,Acres,emerald-dream,1765,hunter,survival,66,32,34
14170,Robotwo,illidan,1763,hunter,survival,36,27,9
14171,Sylvanne,sargeras,1762,hunter,survival,57,28,29
14172,Pathed,azralon,1761,hunter,survival,54,31,23
14173,Anisphia,tichondrius,1761,hunter,survival,239,127,112
14174,Woriath,quelthalas,1761,hunter,survival,96,50,46
14175,Sensator,barthilas,1753,hunter,survival,58,33,25
14176,Vlf,tichondrius,1753,hunter,survival,60,30,30
14177,Kensho,illidan,1735,hunter,survival,48,21,27
14178,Henroyer,quelthalas,1733,hunter,survival,42,27,15
14179,Lenacraft,frostmourne,1731,hunter,survival,48,28,20
14180,Snowynightt,proudmoore,1731,hunter,survival,156,79,77
14181,Caiodluffy,malganis,1729,hunter,survival,60,30,30
14182,Peppancini,wyrmrest-accord,1725,hunter,survival,53,34,19
14183,Vigon,stormrage,1725,hunter,survival,111,62,49
14184,Wvwvwvwvwvww,stormrage,1721,hunter,survival,42,24,18
14185,Róckzero,quelthalas,1714,hunter,survival,163,81,82
14186,Stevemonday,stormrage,1711,hunter,survival,96,53,43
14187,Yeahimsad,tichondrius,1709,hunter,survival,24,18,6
14188,Blåker,bleeding-hollow,1709,hunter,survival,72,38,34
14189,Douggigadome,illidan,1707,hunter,survival,30,18,12
14190,Soyos,sargeras,1707,hunter,survival,116,64,52
14191,Názzul,area-52,1705,hunter,survival,30,18,12
14192,Partz,darkspear,1702,hunter,survival,56,35,21
14193,Scytsbow,illidan,1700,hunter,survival,48,26,22
14194,Samcro,rivendare,1700,hunter,survival,65,33,32
14195,Poston,ragnaros,1700,hunter,survival,93,46,47
14196,Toxarch,aggramar,1698,hunter,survival,48,26,22
14197,Yip,moon-guard,1698,hunter,survival,39,20,19
14198,Spinze,stormrage,1697,hunter,survival,35,23,12
14199,Xtralitê,tichondrius,1696,hunter,survival,50,38,12
14200,Bbaronsamedi,darkspear,1693,hunter,survival,51,27,24
14201,Svhunt,frostmourne,1692,hunter,survival,32,18,14
14202,Gnarwallz,stormrage,1691,hunter,survival,60,32,28
14203,Henhøuse,illidan,1691,hunter,survival,48,24,24
14204,Táká,quelthalas,1689,hunter,survival,60,38,22
14205,Knewbee,emerald-dream,1689,hunter,survival,69,37,32
14206,Noxtis,kiljaeden,1689,hunter,survival,36,18,18
14207,Arrów,duskwood,1688,hunter,survival,36,18,18
14208,Boogiemas,akama,1686,hunter,survival,30,20,10
14209,Budgetben,stormrage,1682,hunter,survival,33,19,14
14210,Grandpopjim,illidan,1678,hunter,survival,36,20,16
14211,Shablagoosh,zuljin,1672,hunter,survival,45,23,22
14212,Réxon,quelthalas,1672,hunter,survival,105,51,54
14213,Arsk,ragnaros,1670,hunter,survival,45,19,26
14214,Ingridaniela,aegwynn,1668,hunter,survival,30,20,10
14215,Dju,stormrage,1665,hunter,survival,60,27,33
14216,Crypy,illidan,1664,hunter,survival,48,24,24
14217,Trapgodxo,moon-guard,1658,hunter,survival,27,19,8
14218,Fleche,aggramar,1658,hunter,survival,30,20,10
14219,Blackdevil,magtheridon,1656,hunter,survival,48,24,24
14220,Focús,laughing-skull,1656,hunter,survival,48,20,28
14221,Ganemdar,sargeras,1653,hunter,survival,57,22,35
14222,Frêäkk,ragnaros,1649,hunter,survival,39,21,18
14223,Ajacs,zuljin,1647,hunter,survival,35,24,11
14224,Undien,area-52,1647,hunter,survival,60,35,25
14225,Krøww,azralon,1642,hunter,survival,39,22,17
14226,Reeiko,ragnaros,1641,hunter,survival,36,22,14
14227,Yolloswag,tichondrius,1641,hunter,survival,96,54,42
14228,Clawdio,ragnaros,1641,hunter,survival,114,60,54
14229,Ryukotsu,tichondrius,1641,hunter,survival,49,24,25
14230,Randël,nemesis,1639,hunter,survival,42,28,14
14231,Bendotexe,stormrage,1638,hunter,survival,36,21,15
14232,Asarden,jubeithos,1637,hunter,survival,60,35,25
14233,Nandorius,proudmoore,1636,hunter,survival,66,33,33
14234,Iyne,stormrage,1635,hunter,survival,36,23,13
14235,Plainrain,tichondrius,1634,hunter,survival,30,18,12
14236,Covloltrap,illidan,1633,hunter,survival,24,21,3
14237,Vhelkan,senjin,1632,hunter,survival,42,26,16
14238,Nimeer,tichondrius,1632,hunter,survival,82,45,37
14239,Moartraps,zuljin,1631,hunter,survival,42,24,18
14240,Dooper,malfurion,1628,hunter,survival,87,45,42
14241,Nightarrows,area-52,1626,hunter,survival,41,24,17
14242,Fälke,stormrage,1626,hunter,survival,42,23,19
14243,Hazzeth,thrall,1625,hunter,survival,30,19,11
14244,Bigbillx,tichondrius,1623,hunter,survival,30,17,13
14245,Viòlenc,tichondrius,1621,hunter,survival,41,24,17
14246,Skyland,tichondrius,1621,hunter,survival,60,32,28
14247,Dazarrow,burning-blade,1621,hunter,survival,47,20,27
14248,Køjo,emerald-dream,1620,hunter,survival,50,31,19
14249,Mxabyycc,tichondrius,1619,hunter,survival,60,33,27
14250,Emart,bloodhoof,1618,hunter,survival,45,21,24
14251,Interleukin,frostwolf,1615,hunter,survival,220,118,102
14252,Triplethreat,bleeding-hollow,1614,hunter,survival,89,48,41
14253,Cuddlestomp,magtheridon,1614,hunter,survival,46,24,22
14254,Kaitoo,tichondrius,1613,hunter,survival,59,32,27
14255,Pivott,wyrmrest-accord,1612,hunter,survival,259,136,123
14256,Mmx,whisperwind,1611,hunter,survival,67,40,27
14257,Swordshot,moon-guard,1611,hunter,survival,109,55,54
14258,Uhm,laughing-skull,1610,hunter,survival,100,56,44
14259,Fkurrules,frostmourne,1608,hunter,survival,109,59,50
14260,Haemøphilus,area-52,1606,hunter,survival,36,21,15
14261,Cybella,darkspear,1606,hunter,survival,47,24,23
14262,Killshøtß,tichondrius,1604,hunter,survival,102,51,51
14263,Tøkÿöghøül,agamaggan,1603,hunter,survival,30,19,11
14264,Nicochan,senjin,1603,hunter,survival,76,34,42
14265,Schurk,illidan,1602,hunter,survival,120,64,56
14266,Adobo,garona,1600,hunter,survival,30,21,9
14267,Zakorai,thrall,1600,hunter,survival,146,85,61
14268,Limpingspoon,kelthuzad,1600,hunter,survival,114,64,50
14269,Imapacifist,barthilas,1600,hunter,survival,69,37,32
14270,Rojpube,frostmourne,1596,hunter,survival,35,17,18
14271,Apokryph,stormrage,1595,hunter,survival,94,65,29
14272,Mckim,tichondrius,1595,hunter,survival,47,23,24
14273,Kukulkan,haomarush,1592,hunter,survival,132,71,61
14274,Stylebende,tichondrius,1588,hunter,survival,42,22,20
14275,Noxickk,sargeras,1587,hunter,survival,30,19,11
14276,Squeakerx,sargeras,1585,hunter,survival,29,19,10
14277,Liekis,darkspear,1585,hunter,survival,66,27,39
14278,Huntingjutsu,kelthuzad,1584,hunter,survival,47,30,17
14279,Arazian,stormrage,1578,hunter,survival,52,29,23
14280,Xtina,drakkari,1577,hunter,survival,71,40,31
14281,Helïos,drakkari,1576,hunter,survival,42,23,19
14282,Titanaxis,tichondrius,1575,hunter,survival,224,114,110
14283,Bigiesmalls,moon-guard,1572,hunter,survival,54,28,26
14284,Xebbec,sargeras,1571,hunter,survival,80,43,37
14285,Shooting,sargeras,1570,hunter,survival,87,47,40
14286,Drifting,bleeding-hollow,1569,hunter,survival,66,37,29
14287,Warhog,wyrmrest-accord,1568,hunter,survival,67,35,32
14288,Fabfilter,tichondrius,1564,hunter,survival,40,21,19
14289,Xenonviper,bleeding-hollow,1564,hunter,survival,84,42,42
14290,Vinnieone,kiljaeden,1561,hunter,survival,30,20,10
14291,Ryohlin,sargeras,1561,hunter,survival,54,32,22
14292,Mckennagrace,tichondrius,1558,hunter,survival,54,29,25
14293,Lovethabeans,zangarmarsh,1556,hunter,survival,48,29,19
14294,Huntranger,malganis,1555,hunter,survival,53,28,25
14295,Ripsurvival,area-52,1554,hunter,survival,40,24,16
14296,Lfg,bleeding-hollow,1553,hunter,survival,53,31,22
14297,Hrywnn,azralon,1553,hunter,survival,218,117,101
14298,Kimbaa,tichondrius,1553,hunter,survival,83,41,42
14299,Huntasaurus,saurfang,1553,hunter,survival,66,32,34
14300,Hildebald,moon-guard,1549,hunter,survival,64,37,27
14301,Viólenc,tichondrius,1548,hunter,survival,36,18,18
14302,Rimjobranger,bleeding-hollow,1545,hunter,survival,36,21,15
14303,Demtings,dark-iron,1545,hunter,survival,50,21,29
14304,Equilibrium,tol-barad,1544,hunter,survival,147,76,71
14305,Krouno,ragnaros,1543,hunter,survival,36,18,18
14306,Dephobius,azralon,1540,hunter,survival,71,37,34
14307,Legalt,tichondrius,1539,hunter,survival,80,42,38
14308,Opsi,ragnaros,1535,hunter,survival,58,27,31
14309,Trapdaddyx,thrall,1534,hunter,survival,24,16,8
14310,Garfieldbb,tichondrius,1531,hunter,survival,36,16,20
14311,Viiu,sargeras,1528,hunter,survival,24,16,8
14312,Arcobaleno,tichondrius,1528,hunter,survival,30,16,14
14313,Arrowmatic,frostmourne,1527,hunter,survival,24,16,8
14314,Exh,tichondrius,1527,hunter,survival,107,52,55
14315,Berenal,moon-guard,1525,hunter,survival,162,77,85
14316,Sativ,moknathal,1524,hunter,survival,54,27,27
14317,Envoltorio,ragnaros,1521,hunter,survival,24,16,8
14318,Dorkins,azralon,1521,hunter,survival,75,35,40
14319,Meowtard,kaelthas,1520,hunter,survival,66,31,35
14320,Brewster,burning-legion,1517,hunter,survival,30,16,14
14321,Ronnïn,proudmoore,1517,hunter,survival,42,21,21
14322,Lyler,tichondrius,1514,hunter,survival,40,23,17
14323,Met,dentarg,1514,hunter,survival,50,24,26
14324,Trap,vashj,1512,hunter,survival,36,21,15
14325,Ceejaee,tichondrius,1511,hunter,survival,66,31,35
14326,Awârz,drakkari,1510,hunter,survival,32,20,12
14327,Mateko,amanthul,1510,hunter,survival,74,35,39
14328,Huntardadoo,nemesis,1509,hunter,survival,33,17,16
14329,Jubulba,frostwolf,1502,hunter,survival,24,16,8
14330,Kurnos,hyjal,1500,hunter,survival,40,24,16
14331,Spromix,ragnaros,1500,hunter,survival,42,23,19
14332,Pfizershot,tichondrius,1496,hunter,survival,54,28,26
14333,Fâmôûs,tichondrius,1495,hunter,survival,36,19,17
14334,Tharoks,tichondrius,1495,hunter,survival,60,30,30
14335,Dogwoöd,emerald-dream,1488,hunter,survival,30,16,14
14336,Kekkww,hyjal,1486,hunter,survival,40,17,23
14337,Woeisyou,stormrage,1484,hunter,survival,48,23,25
14338,Darkèlfo,azralon,1483,hunter,survival,64,39,25
14339,Rooman,ragnaros,1477,hunter,survival,48,24,24
14340,Nussyo,tichondrius,1474,hunter,survival,30,17,13
14341,Elmoon,zuljin,1474,hunter,survival,36,18,18
14342,Civvo,dalaran,1472,hunter,survival,81,42,39
14343,Rúdrá,area-52,1468,hunter,survival,145,76,69
14344,Eliandriss,quelthalas,1468,hunter,survival,70,33,37
14345,Liñcoln,sargeras,1467,hunter,survival,34,18,16
14346,Altarare,ragnaros,1467,hunter,survival,279,135,144
14347,Wharble,illidan,1465,hunter,survival,42,22,20
14348,Gadorim,kelthuzad,1465,hunter,survival,115,54,61
14349,Ogamì,aegwynn,1463,hunter,survival,40,27,13
14350,Darkvicious,area-52,1459,hunter,survival,30,16,14
14351,Alby,deathwing,1459,hunter,survival,67,33,34
14352,Kaawhii,stormrage,1457,hunter,survival,24,18,6
14353,Kyoü,drakkari,1457,hunter,survival,64,41,23
14354,Dversive,nagrand,1452,hunter,survival,33,18,15
14355,Shadeckz,stormrage,1451,hunter,survival,80,36,44
14356,Volkr,bleeding-hollow,1450,hunter,survival,102,51,51
14357,Gilæd,kelthuzad,1446,hunter,survival,29,16,13
14358,Platonium,stormrage,1445,hunter,survival,44,27,17
14359,Shtealo,ragnaros,1443,hunter,survival,60,31,29
14360,Core,gorefiend,1442,hunter,survival,45,21,24
14361,Hunterdemond,ragnaros,1439,hunter,survival,95,47,48
14362,Seanpennis,barthilas,1437,hunter,survival,24,15,9
14363,Fallacies,moon-guard,1437,hunter,survival,200,104,96
14364,Yiyixx,tichondrius,1437,hunter,survival,30,15,15
14365,Saelym,arthas,1433,hunter,survival,30,15,15
14366,Jarhar,nesingwary,1432,hunter,survival,96,44,52
14367,Toozz,frostmourne,1431,hunter,survival,24,15,9
14368,Raiku,aggramar,1427,hunter,survival,36,17,19
14369,Dudemanyeah,black-dragonflight,1426,hunter,survival,112,54,58
14370,Kula,haomarush,1424,hunter,survival,52,24,28
14371,Offensive,dragonmaw,1422,hunter,survival,37,19,18
14372,Grizzlydeath,stormrage,1421,hunter,survival,54,33,21
14373,Henesis,sargeras,1421,hunter,survival,54,28,26
14374,Shinhyez,tichondrius,1419,hunter,survival,30,15,15
14375,Soulwarden,haomarush,1417,hunter,survival,36,17,19
14376,Zizzo,eonar,1415,hunter,survival,42,23,19
14377,Exxonerous,sargeras,1414,hunter,survival,72,37,35
14378,Krimzus,hyjal,1414,hunter,survival,71,35,36
14379,Audiofly,tichondrius,1413,hunter,survival,109,60,49
14380,Mayamia,ragnaros,1413,hunter,survival,54,24,30
14381,Fangtreason,sargeras,1412,hunter,survival,30,16,14
14382,Ivansotes,quelthalas,1409,hunter,survival,39,18,21
14383,Prv,stormrage,1407,hunter,survival,24,15,9
14384,Tejodite,thrall,1407,hunter,survival,42,20,22
14385,Weedhoof,barthilas,1406,hunter,survival,66,36,30
14386,Evilfury,tichondrius,1406,hunter,survival,184,90,94
14387,Aniraza,ragnaros,1404,hunter,survival,33,18,15
14388,Htniss,tichondrius,1401,hunter,survival,60,28,32
14389,Darkarrow,hyjal,1399,hunter,survival,55,30,25
14390,Rayuwa,azralon,1398,hunter,survival,85,42,43
14391,Tuohnosaj,sargeras,1398,hunter,survival,90,40,50
14392,Quepop,demon-soul,1396,hunter,survival,36,21,15
14393,Pdg,ragnaros,1396,hunter,survival,60,33,27
14394,Kenjipoo,tichondrius,1395,hunter,survival,30,15,15
14395,Gildthorn,frostmourne,1394,hunter,survival,60,31,29
14396,Hawkethorn,moon-guard,1388,hunter,survival,92,42,50
14397,Zänich,tichondrius,1387,hunter,survival,36,18,18
14398,Nigthunt,quelthalas,1385,hunter,survival,53,27,26
14399,Toross,stormscale,1379,hunter,survival,73,29,44
14400,Bolognã,tichondrius,1378,hunter,survival,29,15,14
14401,Jawbreakër,tichondrius,1377,hunter,survival,50,23,27
14402,Hankjr,thunderlord,1369,hunter,survival,108,63,45
14403,Killconfirm,sargeras,1369,hunter,survival,59,24,35
14404,Fìebs,queldorei,1368,hunter,survival,53,25,28
14405,Vilguz,illidan,1365,hunter,survival,77,35,42
14406,Navagee,tichondrius,1364,hunter,survival,47,25,22
14407,Ophois,lightbringer,1364,hunter,survival,38,16,22
14408,Gichiwalrus,emerald-dream,1362,hunter,survival,72,40,32
14409,Sukr,korgath,1361,hunter,survival,87,40,47
14410,Wetpeach,frostmourne,1357,hunter,survival,58,29,29
14411,Luckboy,tichondrius,1356,hunter,survival,142,71,71
14412,Shytshot,dalaran,1351,hunter,survival,61,28,33
14413,Gunka,illidan,1349,hunter,survival,35,17,18
14414,Dreebizz,gorefiend,1348,hunter,survival,80,38,42
14415,Lavo,borean-tundra,1348,hunter,survival,37,16,21
14416,Xfo,bleeding-hollow,1346,hunter,survival,42,25,17
14417,Lamerpvp,tichondrius,1343,hunter,survival,18,14,4
14418,Ickstab,illidan,1342,hunter,survival,18,14,4
14419,Figurinet,sargeras,1342,hunter,survival,24,15,9
14420,Tumerok,barthilas,1342,hunter,survival,24,14,10
14421,Animityx,illidan,1340,hunter,survival,39,18,21
14422,Champjones,senjin,1339,hunter,survival,24,14,10
14423,Wingclippin,stormrage,1338,hunter,survival,24,16,8
14424,Jollycraze,spirestone,1337,hunter,survival,18,14,4
14425,Stepzback,malganis,1337,hunter,survival,24,14,10
14426,Zêrø,moon-guard,1336,hunter,survival,18,14,4
14427,Vanthel,ragnaros,1336,hunter,survival,79,39,40
14428,Rirand,dalaran,1336,hunter,survival,59,27,32
14429,Åpe,illidan,1334,hunter,survival,24,14,10
14430,Clinteastwoo,ragnaros,1334,hunter,survival,30,14,16
14431,Thalrae,quelthalas,1334,hunter,survival,48,22,26
14432,Bowzørx,tichondrius,1331,hunter,survival,30,14,16
14433,Pedropete,barthilas,1331,hunter,survival,36,14,22
14434,Bigsexi,kiljaeden,1329,hunter,survival,62,27,35
14435,Inheart,khazgoroth,1328,hunter,survival,48,19,29
14436,Viró,sargeras,1325,hunter,survival,27,15,12
14437,Freebeë,area-52,1320,hunter,survival,30,14,16
14438,Taiberianrex,khazgoroth,1317,hunter,survival,48,28,20
14439,Buggyhuntz,stormrage,1317,hunter,survival,42,16,26
14440,Carnosynn,sargeras,1315,hunter,survival,24,14,10
14441,Cocobread,stormreaver,1315,hunter,survival,102,43,59
14442,Nippoc,aerie-peak,1314,hunter,survival,18,14,4
14443,Chiad,kargath,1313,hunter,survival,36,22,14
14444,Ryonel,moon-guard,1313,hunter,survival,167,81,86
14445,Mypeach,frostmourne,1310,hunter,survival,66,33,33
14446,Xuxoo,nemesis,1307,hunter,survival,24,14,10
14447,Draban,stormrage,1305,hunter,survival,30,14,16
14448,Zorht,ragnaros,1301,hunter,survival,206,103,103
14449,Extremis,emerald-dream,1301,hunter,survival,78,37,41
14450,Bredys,quelthalas,1295,hunter,survival,42,15,27
14451,Hovahdo,proudmoore,1287,hunter,survival,35,14,21
14452,Rogaldornn,thrall,1280,hunter,survival,47,23,24
14453,Lashga,wyrmrest-accord,1279,hunter,survival,45,17,28
14454,Ajira,stormrage,1277,hunter,survival,30,14,16
14455,Vongard,wyrmrest-accord,1277,hunter,survival,52,24,28
14456,Orgpopeyes,illidan,1275,hunter,survival,37,15,22
14457,Nanotorque,moon-guard,1273,hunter,survival,84,44,40
14458,Lorethor,kaelthas,1270,hunter,survival,36,15,21
14459,Gxswow,tichondrius,1268,hunter,survival,66,30,36
14460,Seratoninx,malganis,1267,hunter,survival,29,14,15
14461,Vhan,azralon,1266,hunter,survival,81,42,39
14462,Cvelian,tichondrius,1263,hunter,survival,54,19,35
14463,Ghuntcassh,quelthalas,1262,hunter,survival,30,18,12
14464,Rykbad,area-52,1257,hunter,survival,36,20,16
14465,Riivali,quelthalas,1254,hunter,survival,48,21,27
14466,Félíx,ragnaros,1251,hunter,survival,42,16,26
14467,Fancyox,frostmourne,1247,hunter,survival,18,13,5
14468,Honorola,twisting-nether,1247,hunter,survival,18,13,5
14469,Tinsho,drakkari,1247,hunter,survival,66,34,32
14470,Duckpow,frostmourne,1247,hunter,survival,60,24,36
14471,Hawkem,illidan,1246,hunter,survival,24,13,11
14472,Maran,chogall,1245,hunter,survival,18,13,5
14473,Bicflop,azralon,1241,hunter,survival,18,13,5
14474,Ganderion,sargeras,1240,hunter,survival,27,14,13
14475,Nowê,azralon,1239,hunter,survival,36,15,21
14476,Ariädne,sargeras,1239,hunter,survival,72,27,45
14477,Mokuraak,emerald-dream,1236,hunter,survival,30,17,13
14478,Crongar,magtheridon,1234,hunter,survival,24,13,11
14479,Ropivacaine,illidan,1232,hunter,survival,30,13,17
14480,Sealteamrick,frostmourne,1231,hunter,survival,30,15,15
14481,Azx,tichondrius,1230,hunter,survival,30,13,17
14482,Daymanaahh,malfurion,1225,hunter,survival,48,23,25
14483,Nucleosome,stormrage,1219,hunter,survival,24,13,11
14484,Skriill,tichondrius,1211,hunter,survival,60,26,34
14485,Cufless,proudmoore,1204,hunter,survival,36,13,23
14486,Arkeryn,azralon,1203,hunter,survival,18,13,5
14487,Firesail,kelthuzad,1199,hunter,survival,79,36,43
14488,Wartoz,dragonblight,1190,hunter,survival,59,40,19
14489,Rairin,tichondrius,1190,hunter,survival,47,20,27
14490,Bangerzx,stormrage,1185,hunter,survival,24,13,11
14491,Rensv,frostmourne,1183,hunter,survival,42,22,20
14492,Wìllòw,khazgoroth,1174,hunter,survival,42,14,28
14493,Spitballa,emerald-dream,1170,hunter,survival,35,14,21
14494,Allahakbar,ragnaros,1169,hunter,survival,36,15,21
14495,Gruì,malganis,1168,hunter,survival,26,13,13
14496,Kukulkán,muradin,1164,hunter,survival,28,13,15
14497,Trapordie,stormrage,1162,hunter,survival,30,13,17
14498,Banai,the-underbog,1161,hunter,survival,67,26,41
14499,Gigabigly,wyrmrest-accord,1152,hunter,survival,18,12,6
14500,Broskina,stormrage,1150,hunter,survival,24,12,12
14501,Drunknachos,bleeding-hollow,1150,hunter,survival,24,12,12
14502,Violenc,tichondrius,1150,hunter,survival,24,12,12
14503,Laralodge,stormrage,1150,hunter,survival,78,32,46
14504,Crimsoncoast,tichondrius,1149,hunter,survival,18,12,6
14505,Barnbougle,sargeras,1149,hunter,survival,24,12,12
14506,Imbrokenlol,kiljaeden,1148,hunter,survival,30,12,18
14507,Giraffetrap,zuljin,1147,hunter,survival,18,12,6
14508,Rhyzen,drenden,1146,hunter,survival,18,12,6
14509,Pablita,drakkari,1140,hunter,survival,18,12,6
14510,Leftty,illidan,1140,hunter,survival,30,12,18
14511,Arcos,emerald-dream,1138,hunter,survival,18,12,6
14512,Xitara,stormrage,1137,hunter,survival,24,12,12
14513,Chopsley,feathermoon,1136,hunter,survival,71,30,41
14514,Vansatih,azralon,1133,hunter,survival,106,59,47
14515,Ligerjin,ragnaros,1122,hunter,survival,30,12,18
14516,Natsai,illidan,1121,hunter,survival,33,13,20
14517,Eastera,tichondrius,1119,hunter,survival,68,30,38
14518,Eithelleta,frostmourne,1119,hunter,survival,74,31,43
14519,Rayhuntard,tichondrius,1115,hunter,survival,23,12,11
14520,Expskippy,darkspear,1114,hunter,survival,49,30,19
14521,Jésús,dalaran,1104,hunter,survival,21,12,9
14522,Kimchishotxo,tichondrius,1103,hunter,survival,23,12,11
14523,Chicall,kalecgos,1096,hunter,survival,31,13,18
14524,Eskii,moon-guard,1079,hunter,survival,18,12,6
14525,Lesseneth,aegwynn,1072,hunter,survival,48,20,28
14526,Kaïmsael,kelthuzad,1071,hunter,survival,83,48,35
14527,Zhafiro,drakkari,1067,hunter,survival,36,21,15
14528,Scythedom,tichondrius,1056,hunter,survival,18,11,7
14529,Cptx,kelthuzad,1056,hunter,survival,18,11,7
14530,Nevertraps,frostmourne,1055,hunter,survival,18,11,7
14531,Lovevv,frostmourne,1055,hunter,survival,18,11,7
14532,Ïkite,zuljin,1055,hunter,survival,18,11,7
14533,Plsbepatient,wyrmrest-accord,1054,hunter,survival,18,11,7
14534,Shakeasaurus,sargeras,1054,hunter,survival,24,11,13
14535,Sagadegêmeos,stormrage,1053,hunter,survival,18,11,7
14536,Reignwolf,nemesis,1053,hunter,survival,18,11,7
14537,Jaw,hakkar,1053,hunter,survival,18,11,7
14538,Thoriden,amanthul,1051,hunter,survival,54,14,40
14539,Aheefeog,proudmoore,1050,hunter,survival,21,12,9
14540,Jyñ,malganis,1050,hunter,survival,24,11,13
14541,Pokeahuntasz,frostmourne,1045,hunter,survival,18,11,7
14542,Bubblesh,whisperwind,1044,hunter,survival,18,11,7
14543,Panm,runetotem,1034,hunter,survival,27,12,15
14544,Akigga,arthas,1033,hunter,survival,18,11,7
14545,Kalgorn,emerald-dream,1030,hunter,survival,28,13,15
14546,Fisthammer,frostmane,995,hunter,survival,24,13,11
14547,Arucedd,frostmourne,994,hunter,survival,27,15,12
14548,Luangg,tichondrius,989,hunter,survival,20,11,9
14549,Lucarcher,stormrage,988,hunter,survival,17,11,6
14550,Thrandrial,smolderthorn,985,hunter,survival,20,11,9
14551,Hellrayserr,azralon,970,hunter,survival,24,11,13
14552,Virindi,barthilas,960,hunter,survival,12,10,2
14553,Sbgrv,dalaran,960,hunter,survival,18,10,8
14554,Covlolzz,illidan,960,hunter,survival,24,10,14
14555,Zipzyo,tichondrius,960,hunter,survival,24,10,14
14556,Corpo,area-52,960,hunter,survival,24,10,14
14557,Snipin,ragnaros,960,hunter,survival,30,10,20
14558,Kêdokî,sargeras,959,hunter,survival,12,10,2
14559,Ifoxs,bleeding-hollow,959,hunter,survival,18,10,8
14560,Rickybobby,warsong,959,hunter,survival,18,10,8
14561,Anêmos,ragnaros,959,hunter,survival,18,10,8
14562,Egurl,firetree,959,hunter,survival,18,10,8
14563,Piñg,tichondrius,959,hunter,survival,18,10,8
14564,Zizilio,kelthuzad,959,hunter,survival,18,10,8
14565,Tyleraq,area-52,959,hunter,survival,18,10,8
14566,Venoc,bleeding-hollow,959,hunter,survival,24,10,14
14567,Downer,antonidas,958,hunter,survival,24,10,14
14568,Kimchimaster,tichondrius,958,hunter,survival,26,10,16
14569,Fanikita,azralon,957,hunter,survival,15,11,4
14570,Wouow,tichondrius,957,hunter,survival,18,10,8
14571,Snoopinator,malganis,957,hunter,survival,30,10,20
14572,Daréz,blackrock,956,hunter,survival,16,11,5
14573,Rukkora,deathwing,951,hunter,survival,60,25,35
14574,Syvarris,medivh,943,hunter,survival,17,10,7
14575,Tempistworg,greymane,931,hunter,survival,70,33,37
14576,Khaoskills,thunderlord,926,hunter,survival,49,26,23
14577,Survïvalïst,bleeding-hollow,911,hunter,survival,17,10,7
14578,Dirtypolee,bleeding-hollow,909,hunter,survival,23,10,13
14579,Narakara,stormreaver,896,hunter,survival,17,10,7
14580,Prêd,malganis,895,hunter,survival,16,10,6
14581,Crapshot,daggerspine,885,hunter,survival,33,10,23
14582,Weedzy,tichondrius,864,hunter,survival,12,9,3
14583,Puffcopeak,illidan,864,hunter,survival,12,9,3
14584,Hunterguyy,tichondrius,864,hunter,survival,12,9,3
14585,Jaywaz,tichondrius,864,hunter,survival,12,9,3
14586,Unicom,malganis,864,hunter,survival,12,9,3
14587,Tigglyjits,tichondrius,864,hunter,survival,12,9,3
14588,Alansho,tichondrius,864,hunter,survival,18,9,9
14589,Survchris,bleeding-hollow,864,hunter,survival,18,9,9
14590,Desari,thunderhorn,864,hunter,survival,18,9,9
14591,Wingclipt,stormrage,864,hunter,survival,23,9,14
14592,Ordius,azralon,864,hunter,survival,24,9,15
14593,Sharkzooka,illidan,864,hunter,survival,24,9,15
14594,Scottmeyers,proudmoore,864,hunter,survival,24,9,15
14595,Twodoobies,ghostlands,863,hunter,survival,18,9,9
14596,Arigon,frostmane,863,hunter,survival,18,9,9
14597,Sarvaxagar,tichondrius,863,hunter,survival,18,9,9
14598,Serpantsting,moon-guard,863,hunter,survival,18,9,9
14599,Riram,stormrage,863,hunter,survival,18,9,9
14600,Daspx,nagrand,863,hunter,survival,18,9,9
14601,Landscape,kiljaeden,863,hunter,survival,24,9,15
14602,Keenai,moon-guard,862,hunter,survival,12,9,3
14603,Lovoo,sargeras,862,hunter,survival,12,9,3
14604,Contrack,zuljin,862,hunter,survival,19,10,9
14605,Vietnrg,doomhammer,862,hunter,survival,18,9,9
14606,Vulkru,azralon,862,hunter,survival,18,9,9
14607,Deerhunt,black-dragonflight,862,hunter,survival,18,9,9
14608,Lasagnadaddy,maiev,862,hunter,survival,18,9,9
14609,Packlead,sargeras,861,hunter,survival,18,9,9
14610,Éygon,sargeras,860,hunter,survival,24,9,15
14611,Zotahunterx,ragnaros,859,hunter,survival,24,9,15
14612,Mabaku,tichondrius,858,hunter,survival,12,9,3
14613,Obsididan,aerie-peak,855,hunter,survival,24,9,15
14614,Prettysure,nesingwary,851,hunter,survival,25,12,13
14615,Lisbboax,stormrage,844,hunter,survival,27,11,16
14616,Shukucingjr,illidan,842,hunter,survival,18,9,9
14617,Blaymorrd,senjin,839,hunter,survival,18,9,9
14618,Defiance,rexxar,831,hunter,survival,16,9,7
14619,Gairkill,area-52,831,hunter,survival,98,50,48
14620,Jaykwan,boulderfist,829,hunter,survival,17,9,8
14621,Elccid,tichondrius,768,hunter,survival,12,8,4
14622,Iizerd,illidan,768,hunter,survival,12,8,4
14623,Ðfac,moon-guard,768,hunter,survival,12,8,4
14624,Eain,wyrmrest-accord,768,hunter,survival,12,8,4
14625,Árröw,arygos,768,hunter,survival,12,8,4
14626,Yøske,tichondrius,768,hunter,survival,12,8,4
14627,Noguns,tichondrius,768,hunter,survival,12,8,4
14628,Anooß,tichondrius,768,hunter,survival,15,9,6
14629,Fineye,illidan,768,hunter,survival,14,8,6
14630,Maxlol,stormrage,768,hunter,survival,18,8,10
14631,Nautílus,ragnaros,768,hunter,survival,18,8,10
14632,Buttercocoa,kelthuzad,768,hunter,survival,18,8,10
14633,Diddycombe,stormrage,768,hunter,survival,18,8,10
14634,Michaeljfox,area-52,768,hunter,survival,18,8,10
14635,Kimssis,tichondrius,768,hunter,survival,18,8,10
14636,Madival,ragnaros,768,hunter,survival,18,8,10
14637,Eref,sargeras,768,hunter,survival,24,8,16
14638,Deejwithabow,frostmourne,767,hunter,survival,12,8,4
14639,Soukken,ragnaros,767,hunter,survival,18,8,10
14640,Korasaya,area-52,767,hunter,survival,18,8,10
14641,Rummaker,mugthol,767,hunter,survival,18,8,10
14642,Trixster,lethon,767,hunter,survival,18,8,10
14643,Brissy,sargeras,767,hunter,survival,18,8,10
14644,Wakkå,mugthol,767,hunter,survival,21,9,12
14645,Soberish,bleeding-hollow,767,hunter,survival,24,8,16
14646,Mmchode,zuljin,767,hunter,survival,24,8,16
14647,Chokemescara,stormrage,767,hunter,survival,30,8,22
14648,Greyh,madoran,766,hunter,survival,12,8,4
14649,Hunfor,anubarak,766,hunter,survival,18,8,10
14650,Sarqis,lightbringer,766,hunter,survival,18,8,10
14651,Segulah,dalaran,766,hunter,survival,18,8,10
14652,Ariran,illidan,766,hunter,survival,18,8,10
14653,Lohse,emerald-dream,765,hunter,survival,18,8,10
14654,Jathriel,zuljin,765,hunter,survival,18,8,10
14655,Loochlin,sargeras,765,hunter,survival,21,8,13
14656,Sterge,maiev,764,hunter,survival,18,8,10
14657,Haumer,wyrmrest-accord,763,hunter,survival,12,8,4
14658,Emiri,dalaran,763,hunter,survival,24,8,16
14659,Travail,illidan,760,hunter,survival,12,8,4
14660,Querosushi,ragnaros,760,hunter,survival,18,8,10
14661,Gaahl,aggramar,735,hunter,survival,14,9,5
14662,Iraxium,illidan,735,hunter,survival,14,9,5
14663,Thrakgor,wyrmrest-accord,713,hunter,survival,23,10,13
14664,Mookvader,illidan,712,hunter,survival,21,9,12
14665,Superiorkill,arathor,686,hunter,survival,13,8,5
14666,Turkshot,area-52,686,hunter,survival,19,8,11
14667,Tsuka,eldrethalas,672,hunter,survival,12,7,5
14668,Trenbolone,frostmourne,672,hunter,survival,12,7,5
14669,Equalizér,sargeras,672,hunter,survival,12,7,5
14670,Jamesön,sargeras,672,hunter,survival,12,7,5
14671,Bowowner,aggramar,672,hunter,survival,12,7,5
14672,Endxworld,tichondrius,672,hunter,survival,12,7,5
14673,Vânillaice,stormrage,672,hunter,survival,12,7,5
14674,Arraza,ragnaros,672,hunter,survival,12,7,5
14675,Zouzu,area-52,672,hunter,survival,12,7,5
14676,Pfheign,area-52,672,hunter,survival,12,7,5
14677,Huntbay,destromath,672,hunter,survival,12,7,5
14678,Bonquiesha,area-52,672,hunter,survival,12,7,5
14679,Glediator,tichondrius,672,hunter,survival,12,7,5
14680,Joree,medivh,672,hunter,survival,12,7,5
14681,Negligent,sargeras,672,hunter,survival,12,7,5
14682,Ozzsimp,stormrage,672,hunter,survival,12,7,5
14683,Oronir,frostmourne,672,hunter,survival,12,7,5
14684,Onécare,bleeding-hollow,672,hunter,survival,12,7,5
14685,Mattyhuntz,tichondrius,672,hunter,survival,12,7,5
14686,Magvez,tichondrius,672,hunter,survival,12,7,5
14687,Fannypacks,dragonmaw,672,hunter,survival,12,7,5
14688,Greyhollow,sargeras,672,hunter,survival,15,8,7
14689,Rvn,kelthuzad,672,hunter,survival,18,7,11
14690,Trumpmerica,illidan,672,hunter,survival,18,7,11
14691,Porrainga,auchindoun,672,hunter,survival,18,7,11
14692,Bombbot,zuljin,672,hunter,survival,18,7,11
14693,Meowimadog,spinebreaker,672,hunter,survival,18,7,11
14694,Ziaxel,bleeding-hollow,671,hunter,survival,12,7,5
14695,Otternaught,tichondrius,671,hunter,survival,12,7,5
14696,Genocell,thunderlord,671,hunter,survival,12,7,5
14697,Gaezangsu,tichondrius,671,hunter,survival,24,7,17
14698,Wrathofexwif,proudmoore,670,hunter,survival,12,7,5
14699,Turquesaa,wyrmrest-accord,670,hunter,survival,12,7,5
14700,Catboikilla,altar-of-storms,639,hunter,survival,17,7,10
14701,Cagooggo,moon-guard,638,hunter,survival,16,7,9
14702,Rotthem,ragnaros,638,hunter,survival,20,8,12
14703,Trappin,malganis,623,hunter,survival,11,7,4
14704,Lartrius,bleeding-hollow,621,hunter,survival,15,8,7
14705,Arrebol,tichondrius,608,hunter,survival,16,7,9
14706,Primez,sargeras,607,hunter,survival,11,7,4
14707,Crissy,crushridge,606,hunter,survival,14,7,7
14708,Odynshowl,stormrage,605,hunter,survival,11,7,4
14709,Ÿöskë,tichondrius,576,hunter,survival,6,6,0
14710,Ðevil,ragnaros,576,hunter,survival,6,6,0
14711,Garkia,hyjal,576,hunter,survival,6,6,0
14712,Drees,nerzhul,576,hunter,survival,6,6,0
14713,Ivanjackenov,illidan,576,hunter,survival,10,7,3
14714,Yoske,tichondrius,576,hunter,survival,12,6,6
14715,Zugfeito,nemesis,576,hunter,survival,12,6,6
14716,Wezkerh,ragnaros,576,hunter,survival,12,6,6
14717,Amhavgun,tichondrius,576,hunter,survival,12,6,6
14718,Kelx,azralon,576,hunter,survival,12,6,6
14719,Traponomics,stormrage,576,hunter,survival,12,6,6
14720,Nedad,tichondrius,576,hunter,survival,12,6,6
14721,Drupert,tichondrius,576,hunter,survival,12,6,6
14722,Tazsic,mannoroth,576,hunter,survival,12,6,6
14723,Mctrapturds,tichondrius,576,hunter,survival,12,6,6
14724,Mythfive,stormrage,576,hunter,survival,12,6,6
14725,Chootyboi,bronzebeard,576,hunter,survival,12,6,6
14726,Walterwhite,trollbane,576,hunter,survival,12,6,6
14727,Cosmodome,daggerspine,576,hunter,survival,12,6,6
14728,Zerark,kelthuzad,576,hunter,survival,13,6,7
14729,Lahinch,darkspear,576,hunter,survival,21,7,14
14730,Pilesofpoop,sargeras,576,hunter,survival,18,6,12
14731,Chetvi,uldum,576,hunter,survival,18,6,12
14732,Jerza,emerald-dream,575,hunter,survival,12,6,6
14733,Xeiana,proudmoore,575,hunter,survival,12,6,6
14734,Dgs,nemesis,575,hunter,survival,12,6,6
14735,Bôwbafett,sargeras,575,hunter,survival,12,6,6
14736,Týrak,illidan,575,hunter,survival,12,6,6
14737,Dfnhdft,stormrage,575,hunter,survival,12,6,6
14738,Zepplin,medivh,575,hunter,survival,12,6,6
14739,Vortann,proudmoore,575,hunter,survival,18,6,12
14740,Javlinz,thrall,574,hunter,survival,16,7,9
14741,Berzxd,stormrage,573,hunter,survival,12,6,6
14742,Bushytails,illidan,573,hunter,survival,18,6,12
14743,Gelter,stormrage,543,hunter,survival,11,6,5
14744,Tyrokk,barthilas,543,hunter,survival,18,6,12
14745,Thesniperx,sargeras,528,hunter,survival,15,6,9
14746,Dräkö,tichondrius,527,hunter,survival,15,7,8
14747,Kovoth,darkspear,526,hunter,survival,15,6,9
14748,Showtheio,azralon,522,hunter,survival,16,7,9
14749,Lawafla,area-52,521,hunter,survival,14,7,7
14750,Raeshots,area-52,518,hunter,survival,21,8,13
14751,Pxry,drenden,511,hunter,survival,11,6,5
14752,Madhuntter,azralon,480,hunter,survival,6,5,1
14753,Joeexotíc,moknathal,480,hunter,survival,6,5,1
14754,Jäger,zuljin,480,hunter,survival,6,5,1
14755,Jonah,sargeras,480,hunter,survival,6,5,1
14756,Kanta,bleeding-hollow,480,hunter,survival,6,5,1
14757,Poorapple,tichondrius,480,hunter,survival,6,5,1
14758,Tmzsteezy,tichondrius,480,hunter,survival,6,5,1
14759,Selenis,khadgar,480,hunter,survival,6,5,1
14760,Grimbrew,garona,480,hunter,survival,6,5,1
14761,Gufanyaun,tichondrius,480,hunter,survival,6,5,1
14762,Ewife,illidan,480,hunter,survival,6,5,1
14763,Fiftyyddash,tichondrius,480,hunter,survival,6,5,1
14764,Narukín,tichondrius,480,hunter,survival,6,5,1
14765,Casadega,sargeras,480,hunter,survival,10,6,4
14766,Sniperælite,korgath,480,hunter,survival,12,5,7
14767,Igotloud,illidan,480,hunter,survival,12,5,7
14768,Firskin,frostmourne,480,hunter,survival,12,5,7
14769,Cuervostreet,ragnaros,480,hunter,survival,12,5,7
14770,Cefirhok,ragnaros,480,hunter,survival,12,5,7
14771,Droj,stormrage,480,hunter,survival,12,5,7
14772,Minxed,sargeras,480,hunter,survival,12,5,7
14773,Mambothehunt,stormrage,480,hunter,survival,12,5,7
14774,Slimshadie,kiljaeden,480,hunter,survival,12,5,7
14775,Glockin,zuljin,480,hunter,survival,12,5,7
14776,Bastÿ,area-52,480,hunter,survival,12,5,7
14777,Jumpkick,azralon,480,hunter,survival,12,5,7
14778,Downrange,stonemaul,480,hunter,survival,12,5,7
14779,Luckione,destromath,480,hunter,survival,12,5,7
14780,Mìtáng,moon-guard,480,hunter,survival,12,5,7
14781,Goromi,tichondrius,480,hunter,survival,12,5,7
14782,Adroi,tichondrius,480,hunter,survival,12,5,7
14783,Veluci,tichondrius,480,hunter,survival,12,5,7
14784,Thiccita,tichondrius,480,hunter,survival,12,5,7
14785,Shootnoscore,vashj,480,hunter,survival,15,6,9
14786,Ashtron,trollbane,480,hunter,survival,18,5,13
14787,Hatespark,bonechewer,479,hunter,survival,6,5,1
14788,Mcgoob,tichondrius,479,hunter,survival,12,5,7
14789,Villainshunt,stormrage,479,hunter,survival,12,5,7
14790,Laurett,ragnaros,479,hunter,survival,12,5,7
14791,Belvhar,skullcrusher,479,hunter,survival,12,5,7
14792,Pastelitoz,tichondrius,479,hunter,survival,21,6,15
14793,Calvarîam,korgath,479,hunter,survival,18,5,13
14794,Sitalces,ragnaros,474,hunter,survival,12,5,7
14795,Légölás,tichondrius,463,hunter,survival,17,5,12
14796,Crumpit,moon-guard,426,hunter,survival,22,6,16
14797,Cinnybunz,malganis,415,hunter,survival,16,6,10
14798,Rinehart,dalaran,415,hunter,survival,14,5,9
14799,Pulso,illidan,384,hunter,survival,6,4,2
14800,Chasseür,quelthalas,384,hunter,survival,6,4,2
14801,Pouncedgg,sargeras,384,hunter,survival,6,4,2
14802,Ikitefordmt,zuljin,384,hunter,survival,6,4,2
14803,Trapful,illidan,384,hunter,survival,6,4,2
14804,Litchi,illidan,384,hunter,survival,6,4,2
14805,Zyzzmirin,illidan,384,hunter,survival,6,4,2
14806,Kapukapu,illidan,384,hunter,survival,6,4,2
14807,Ratherbully,tichondrius,384,hunter,survival,6,4,2
14808,Ethxx,emerald-dream,384,hunter,survival,6,4,2
14809,Huntardxo,moon-guard,384,hunter,survival,6,4,2
14810,Malkuri,medivh,384,hunter,survival,6,4,2
14811,Gluegobbler,spinebreaker,384,hunter,survival,6,4,2
14812,Thalyxion,moon-guard,384,hunter,survival,6,4,2
14813,Suyesh,tichondrius,384,hunter,survival,6,4,2
14814,Petstun,moon-guard,384,hunter,survival,6,4,2
14815,Wapnonymous,mugthol,384,hunter,survival,6,4,2
14816,Hunterlolxd,altar-of-storms,384,hunter,survival,6,4,2
14817,Jigua,stormrage,384,hunter,survival,6,4,2
14818,Bigpets,azralon,384,hunter,survival,6,4,2
14819,Ehhee,twisting-nether,384,hunter,survival,6,4,2
14820,Junglefever,skywall,384,hunter,survival,6,4,2
14821,Vindication,ysera,384,hunter,survival,6,4,2
14822,Keelif,arthas,384,hunter,survival,6,4,2
14823,Thefanbus,tichondrius,384,hunter,survival,6,4,2
14824,Aurelqt,tichondrius,384,hunter,survival,6,4,2
14825,Pumpkinovo,tichondrius,384,hunter,survival,6,4,2
14826,Elcap,tichondrius,384,hunter,survival,6,4,2
14827,Alfaan,moon-guard,384,hunter,survival,6,4,2
14828,Darkshady,tichondrius,384,hunter,survival,6,4,2
14829,Bendoon,sargeras,384,hunter,survival,6,4,2
14830,Nastoid,area-52,384,hunter,survival,6,4,2
14831,Volbz,barthilas,384,hunter,survival,6,4,2
14832,Mihall,tichondrius,384,hunter,survival,6,4,2
14833,Ofthedeath,ragnaros,384,hunter,survival,6,4,2
14834,Tenzën,drakkari,384,hunter,survival,6,4,2
14835,Gaymonbarnet,sargeras,384,hunter,survival,6,4,2
14836,Failtrap,ragnaros,384,hunter,survival,6,4,2
14837,Shootypie,hyjal,384,hunter,survival,6,4,2
14838,Virgim,kelthuzad,384,hunter,survival,6,4,2
14839,Swagprince,skullcrusher,384,hunter,survival,6,4,2
14840,Boomseed,nagrand,384,hunter,survival,6,4,2
14841,Æßç,ragnaros,384,hunter,survival,6,4,2
14842,Mameikilled,saurfang,384,hunter,survival,6,4,2
14843,Rankonee,area-52,384,hunter,survival,6,4,2
14844,Hyena,kelthuzad,384,hunter,survival,9,5,4
14845,Braindeadorc,illidan,384,hunter,survival,12,4,8
14846,Camfeed,illidan,384,hunter,survival,12,4,8
14847,Blizhunt,thunderlord,384,hunter,survival,12,4,8
14848,Oatmeallover,stormrage,384,hunter,survival,12,4,8
14849,Golorn,malganis,384,hunter,survival,12,4,8
14850,Fâpple,stormrage,384,hunter,survival,12,4,8
14851,Ganash,gallywix,384,hunter,survival,12,4,8
14852,Aeht,illidan,384,hunter,survival,12,4,8
14853,Àngèl,malganis,384,hunter,survival,12,4,8
14854,Keenz,frostmourne,384,hunter,survival,12,4,8
14855,Goonlmao,hyjal,384,hunter,survival,12,4,8
14856,Stupidgodx,tichondrius,384,hunter,survival,12,4,8
14857,Wkx,tichondrius,384,hunter,survival,12,4,8
14858,Gunicks,illidan,384,hunter,survival,12,4,8
14859,Wolfsok,norgannon,384,hunter,survival,12,4,8
14860,Eforas,ragnaros,384,hunter,survival,12,4,8
14861,Malikyr,moon-guard,384,hunter,survival,12,4,8
14862,Bambii,fizzcrank,384,hunter,survival,12,4,8
14863,Troglav,drakkari,384,hunter,survival,12,4,8
14864,Cakeislife,kelthuzad,384,hunter,survival,18,4,14
14865,Onehitrip,illidan,383,hunter,survival,6,4,2
14866,Tydee,nagrand,383,hunter,survival,18,4,14
14867,Violénc,tichondrius,330,hunter,survival,22,5,17
14868,Acidhunt,tichondrius,320,hunter,survival,16,4,12
14869,Adamariss,stormrage,319,hunter,survival,16,4,12
14870,Skolfongoun,malfurion,318,hunter,survival,14,4,10
14871,Twom,area-52,288,hunter,survival,6,3,3
14872,Rustyspork,muradin,288,hunter,survival,6,3,3
14873,Slaughterr,kelthuzad,288,hunter,survival,6,3,3
14874,Goodtimez,sargeras,288,hunter,survival,6,3,3
14875,Samsin,sargeras,288,hunter,survival,6,3,3
14876,Giorvannar,ragnaros,288,hunter,survival,6,3,3
14877,Slowdamage,ragnaros,288,hunter,survival,6,3,3
14878,Pistolon,quelthalas,288,hunter,survival,6,3,3
14879,Petkd,frostmourne,288,hunter,survival,6,3,3
14880,Embaçado,bleeding-hollow,288,hunter,survival,6,3,3
14881,Loogan,sargeras,288,hunter,survival,6,3,3
14882,Hackerman,tichondrius,288,hunter,survival,6,3,3
14883,Mistrj,frostmourne,288,hunter,survival,6,3,3
14884,Soul,sargeras,288,hunter,survival,6,3,3
14885,Dirtymongrel,barthilas,288,hunter,survival,6,3,3
14886,Trapmasterx,tichondrius,288,hunter,survival,6,3,3
14887,Yoppa,zuljin,288,hunter,survival,6,3,3
14888,Wooftoof,frostmourne,288,hunter,survival,6,3,3
14889,Slowhunterr,tichondrius,288,hunter,survival,6,3,3
14890,Hazzersk,ragnaros,288,hunter,survival,6,3,3
14891,Makeastinky,malfurion,288,hunter,survival,6,3,3
14892,Cantantie,tichondrius,288,hunter,survival,6,3,3
14893,Pridefulzjr,stormrage,288,hunter,survival,6,3,3
14894,Antø,tichondrius,288,hunter,survival,6,3,3
14895,Whitemàne,dalaran,288,hunter,survival,6,3,3
14896,Griefs,malganis,288,hunter,survival,6,3,3
14897,Gorgrokk,area-52,288,hunter,survival,6,3,3
14898,Badseedz,kargath,288,hunter,survival,6,3,3
14899,Furipoon,stormrage,288,hunter,survival,6,3,3
14900,Killswitches,dragonmaw,288,hunter,survival,6,3,3
14901,Moistbooger,emerald-dream,288,hunter,survival,6,3,3
14902,Fearna,destromath,288,hunter,survival,6,3,3
14903,Shootdogg,mannoroth,288,hunter,survival,6,3,3
14904,Rûff,azralon,288,hunter,survival,6,3,3
14905,Calidian,moon-guard,288,hunter,survival,6,3,3
14906,Ünitedi,nemesis,288,hunter,survival,6,3,3
14907,Vaz,haomarush,288,hunter,survival,6,3,3
14908,Spårrow,alleria,288,hunter,survival,6,3,3
14909,Zà,sargeras,288,hunter,survival,6,3,3
14910,Lemmetrap,illidan,288,hunter,survival,6,3,3
14911,Lowlore,moon-guard,288,hunter,survival,6,3,3
14912,Trapirl,tichondrius,288,hunter,survival,6,3,3
14913,Seiber,quelthalas,288,hunter,survival,6,3,3
14914,Guncontrol,malganis,288,hunter,survival,6,3,3
14915,Gutshott,tichondrius,288,hunter,survival,12,3,9
14916,Dartoo,ragnaros,288,hunter,survival,12,3,9
14917,Daxar,ragnaros,288,hunter,survival,12,3,9
14918,Krispyflayz,sargeras,288,hunter,survival,12,3,9
14919,Kalibah,azralon,288,hunter,survival,12,3,9
14920,Kharñe,tichondrius,288,hunter,survival,12,3,9
14921,Pooshot,kelthuzad,288,hunter,survival,12,3,9
14922,Lixniqua,tichondrius,288,hunter,survival,12,3,9
14923,Wildhùnt,tichondrius,288,hunter,survival,12,3,9
14924,Kowabungy,tichondrius,288,hunter,survival,12,3,9
14925,Iol,blades-edge,288,hunter,survival,12,3,9
14926,Aiyanafox,moon-guard,288,hunter,survival,12,3,9
14927,Runecbow,eonar,288,hunter,survival,12,3,9
14928,Vizkha,azralon,287,hunter,survival,6,3,3
14929,Waylòn,moon-guard,287,hunter,survival,12,3,9
14930,Mokaonly,wildhammer,256,hunter,survival,8,4,4
14931,Yogurtti,zuljin,239,hunter,survival,5,3,2
14932,Crèpes,bleeding-hollow,239,hunter,survival,5,3,2
14933,Moscato,cenarion-circle,232,hunter,survival,14,4,10
14934,Cumman,sargeras,208,hunter,survival,7,3,4
14935,Rifomen,illidan,192,hunter,survival,9,3,6
14936,Gaim,dalaran,192,hunter,survival,6,2,4
14937,Harposmash,trollbane,192,hunter,survival,6,2,4
14938,Razzldazzlbb,thrall,192,hunter,survival,6,2,4
14939,Pedropete,frostmourne,192,hunter,survival,6,2,4
14940,Sebastian,blackhand,192,hunter,survival,6,2,4
14941,Trígger,azshara,192,hunter,survival,6,2,4
14942,Xoxono,frostmourne,192,hunter,survival,6,2,4
14943,Nahzah,stormrage,192,hunter,survival,6,2,4
14944,Pint,madoran,192,hunter,survival,6,2,4
14945,Eekbarbadrkl,frostmourne,192,hunter,survival,6,2,4
14946,Achilles,twisting-nether,192,hunter,survival,6,2,4
14947,ßn,zuljin,192,hunter,survival,6,2,4
14948,Sharpster,zuljin,192,hunter,survival,6,2,4
14949,Gunudown,haomarush,192,hunter,survival,6,2,4
14950,Zirstorm,altar-of-storms,192,hunter,survival,6,2,4
14951,Gobygobbs,magtheridon,192,hunter,survival,6,2,4
14952,Rimbar,ysera,192,hunter,survival,6,2,4
14953,Cernos,malganis,192,hunter,survival,6,2,4
14954,Heãdhunter,area-52,192,hunter,survival,6,2,4
14955,Zackèse,area-52,192,hunter,survival,6,2,4
14956,Femboyfatale,stormrage,192,hunter,survival,6,2,4
14957,Rainzs,stormrage,192,hunter,survival,6,2,4
14958,Shaftgravy,area-52,192,hunter,survival,6,2,4
14959,Splewsh,area-52,192,hunter,survival,6,2,4
14960,Kharvaash,onyxia,192,hunter,survival,6,2,4
14961,Zèd,azralon,192,hunter,survival,6,2,4
14962,Ishotmydog,malganis,192,hunter,survival,6,2,4
14963,Gswag,malganis,192,hunter,survival,6,2,4
14964,Kravern,ragnaros,192,hunter,survival,6,2,4
14965,Shïndow,ragnaros,192,hunter,survival,6,2,4
14966,Comebacks,ragnaros,192,hunter,survival,6,2,4
14967,Cio,fizzcrank,192,hunter,survival,6,2,4
14968,Eclipsie,aerie-peak,192,hunter,survival,6,2,4
14969,Sunchea,arygos,192,hunter,survival,6,2,4
14970,Giovasper,sargeras,192,hunter,survival,6,2,4
14971,Qua,perenolde,192,hunter,survival,6,2,4
14972,Slipox,sargeras,192,hunter,survival,6,2,4
14973,Cynya,wyrmrest-accord,192,hunter,survival,6,2,4
14974,Viio,sargeras,192,hunter,survival,6,2,4
14975,Zellor,wyrmrest-accord,192,hunter,survival,6,2,4
14976,Blackjesu,blackrock,192,hunter,survival,6,2,4
14977,Dikkins,windrunner,192,hunter,survival,6,2,4
14978,Oattes,daggerspine,192,hunter,survival,6,2,4
14979,Bboo,bonechewer,192,hunter,survival,6,2,4
14980,Gomrog,gurubashi,192,hunter,survival,6,2,4
14981,Traptations,sargeras,192,hunter,survival,6,2,4
14982,Toruhagakure,tichondrius,192,hunter,survival,6,2,4
14983,Dobuu,tichondrius,192,hunter,survival,6,2,4
14984,Woobinman,tichondrius,192,hunter,survival,6,2,4
14985,Côckblocked,tichondrius,192,hunter,survival,6,2,4
14986,Nelandris,tichondrius,192,hunter,survival,6,2,4
14987,Ælij,tichondrius,192,hunter,survival,6,2,4
14988,Clampula,sargeras,192,hunter,survival,6,2,4
14989,Imraghorn,sargeras,192,hunter,survival,6,2,4
14990,Lenyuecf,proudmoore,192,hunter,survival,6,2,4
14991,Mukbangbj,terenas,192,hunter,survival,6,2,4
14992,Araghrn,draktharon,192,hunter,survival,6,2,4
14993,Spizsnipes,malganis,192,hunter,survival,6,2,4
14994,Mirdous,moon-guard,192,hunter,survival,6,2,4
14995,Zerkie,area-52,192,hunter,survival,6,2,4
14996,Thazen,sargeras,192,hunter,survival,6,2,4
14997,Raythør,area-52,192,hunter,survival,12,2,10
14998,Kaldrool,frostmourne,192,hunter,survival,12,2,10
14999,Linova,stormrage,192,hunter,survival,12,2,10
15000,Skrìms,tichondrius,192,hunter,survival,12,2,10
15001,Zhona,moon-guard,192,hunter,survival,12,2,10
15002,Yukisong,bleeding-hollow,192,hunter,survival,12,2,10
15003,Triggers,ghostlands,192,hunter,survival,12,2,10
15004,Xradû,dawnbringer,138,hunter,survival,9,3,6
15005,Morganson,moon-guard,138,hunter,survival,22,4,18
15006,Bránn,quelthalas,128,hunter,survival,4,2,2
15007,Drunkbunny,tichondrius,121,hunter,survival,16,5,11
15008,Whitecake,area-52,96,hunter,survival,3,2,1
15009,Fenrock,cenarius,96,hunter,survival,3,2,1
15010,Skybourne,nemesis,96,hunter,survival,6,1,5
15011,Critz,undermine,96,hunter,survival,6,1,5
15012,Esser,mannoroth,96,hunter,survival,6,1,5
15013,Lammy,bleeding-hollow,96,hunter,survival,6,1,5
15014,Feignqt,illidan,96,hunter,survival,6,1,5
15015,Elroyjetson,arthas,96,hunter,survival,6,1,5
15016,Floorislava,durotan,96,hunter,survival,6,1,5
15017,Tezlekhan,haomarush,96,hunter,survival,6,1,5
15018,Kdik,azralon,96,hunter,survival,6,1,5
15019,Taofang,emerald-dream,96,hunter,survival,6,1,5
15020,Kölhberg,azralon,96,hunter,survival,6,1,5
15021,Survbot,malganis,96,hunter,survival,6,1,5
15022,Killerxzxz,stormrage,96,hunter,survival,6,1,5
15023,Alorick,ragnaros,96,hunter,survival,6,1,5
15024,Symz,ragnaros,96,hunter,survival,6,1,5
15025,Jîlt,aerie-peak,96,hunter,survival,6,1,5
15026,Shottz,aerie-peak,96,hunter,survival,6,1,5
15027,Sobala,azralon,96,hunter,survival,6,1,5
15028,Weegnomie,wyrmrest-accord,96,hunter,survival,6,1,5
15029,Lance,darrowmere,96,hunter,survival,6,1,5
15030,Fearlesarrow,suramar,96,hunter,survival,6,1,5
15031,Legosshi,darrowmere,96,hunter,survival,6,1,5
15032,Berkhof,tichondrius,96,hunter,survival,6,1,5
15033,Dusle,azralon,96,hunter,survival,6,1,5
15034,Caliente,tichondrius,96,hunter,survival,6,1,5
15035,Bloodarrow,tichondrius,96,hunter,survival,6,1,5
15036,Terrabytés,kelthuzad,96,hunter,survival,6,1,5
15037,Nevertraps,tichondrius,96,hunter,survival,6,1,5
15038,Feorbxl,proudmoore,96,hunter,survival,6,1,5
15039,Kissmylin,tichondrius,96,hunter,survival,6,1,5
15040,Montakka,illidan,79,hunter,survival,5,1,4
15041,Therealpafo,tichondrius,31,hunter,survival,8,1,7
15042,Hurrican,kaelthas,16,hunter,survival,1,1,0
15043,Saiiph,bleeding-hollow,2274,hunter,beastmastery,136,76,60
15044,Sphericsnow,shuhalo,2210,hunter,beastmastery,95,51,44
15045,Missedmytrap,agamaggan,2149,hunter,beastmastery,80,46,34
15046,Zujo,emerald-dream,2134,hunter,beastmastery,173,89,84
15047,Ucl,tichondrius,2125,hunter,beastmastery,90,45,45
15048,Eref,sargeras,2116,hunter,beastmastery,78,42,36
15049,Wmsgs,tichondrius,2116,hunter,beastmastery,129,64,65
15050,Traptations,sargeras,2114,hunter,beastmastery,90,43,47
15051,Warpath,ursin,2113,hunter,beastmastery,138,76,62
15052,Studiosx,tichondrius,2105,hunter,beastmastery,88,46,42
15053,Pokìmane,tichondrius,2084,hunter,beastmastery,158,91,67
15054,Maiyev,quelthalas,2074,hunter,beastmastery,95,52,43
15055,Fish,darkspear,2070,hunter,beastmastery,90,45,45
15056,Hfn,stormrage,2058,hunter,beastmastery,70,37,33
15057,Pãrzival,tichondrius,2042,hunter,beastmastery,60,30,30
15058,Manyu,tichondrius,2035,hunter,beastmastery,69,34,35
15059,Trapandclap,tichondrius,2034,hunter,beastmastery,107,54,53
15060,Orber,stormrage,2028,hunter,beastmastery,290,153,137
15061,Hazzersk,ragnaros,2023,hunter,beastmastery,161,78,83
15062,Antø,tichondrius,1997,hunter,beastmastery,135,66,69
15063,Genom,tichondrius,1996,hunter,beastmastery,342,175,167
15064,Cannondale,tichondrius,1993,hunter,beastmastery,42,21,21
15065,Trapful,illidan,1992,hunter,beastmastery,96,49,47
15066,Øverdose,ragnaros,1989,hunter,beastmastery,60,31,29
15067,Beastmunster,frostmourne,1984,hunter,beastmastery,72,34,38
15068,Pikabow,tichondrius,1968,hunter,beastmastery,57,31,26
15069,Outz,anvilmar,1965,hunter,beastmastery,365,183,182
15070,Arcobaleno,tichondrius,1952,hunter,beastmastery,89,44,45
15071,Arsk,ragnaros,1934,hunter,beastmastery,136,70,66
15072,Trappxy,sargeras,1932,hunter,beastmastery,84,44,40
15073,Blackathena,tichondrius,1931,hunter,beastmastery,150,77,73
15074,Vëëv,proudmoore,1926,hunter,beastmastery,107,55,52
15075,Zugbrained,illidan,1925,hunter,beastmastery,142,78,64
15076,Headshotzplz,tichondrius,1924,hunter,beastmastery,71,39,32
15077,Lenacraft,frostmourne,1917,hunter,beastmastery,66,41,25
15078,Wodhunterxdd,sargeras,1915,hunter,beastmastery,70,34,36
15079,Kensho,illidan,1914,hunter,beastmastery,178,89,89
15080,Benay,emerald-dream,1904,hunter,beastmastery,84,49,35
15081,Veevx,proudmoore,1890,hunter,beastmastery,77,50,27
15082,Nyxus,tichondrius,1887,hunter,beastmastery,125,63,62
15083,Fxsb,tichondrius,1886,hunter,beastmastery,116,58,58
15084,Lamerpvp,tichondrius,1885,hunter,beastmastery,50,31,19
15085,Axlee,tichondrius,1885,hunter,beastmastery,297,144,153
15086,Perawantua,frostmourne,1878,hunter,beastmastery,61,35,26
15087,Carlitocool,tichondrius,1877,hunter,beastmastery,36,28,8
15088,Mugiwara,frostwolf,1877,hunter,beastmastery,42,25,17
15089,Zeddead,magtheridon,1874,hunter,beastmastery,172,87,85
15090,Argryta,azralon,1872,hunter,beastmastery,47,22,25
15091,Graar,tichondrius,1871,hunter,beastmastery,48,25,23
15092,Taterballs,illidan,1871,hunter,beastmastery,84,43,41
15093,Notvn,illidan,1869,hunter,beastmastery,53,29,24
15094,Ciany,elune,1869,hunter,beastmastery,119,64,55
15095,Twopumphunt,tichondrius,1868,hunter,beastmastery,36,23,13
15096,Lilstinstin,tichondrius,1867,hunter,beastmastery,42,23,19
15097,Dekestei,bleeding-hollow,1867,hunter,beastmastery,65,27,38
15098,Kenshaunter,azralon,1864,hunter,beastmastery,71,31,40
15099,Hogx,sargeras,1862,hunter,beastmastery,72,32,40
15100,Edarkness,gurubashi,1860,hunter,beastmastery,133,65,68
15101,Nelay,ragnaros,1857,hunter,beastmastery,106,59,47
15102,Koridelse,nemesis,1854,hunter,beastmastery,126,62,64
15103,Faniquitinha,stormrage,1854,hunter,beastmastery,54,25,29
15104,Easonl,tichondrius,1853,hunter,beastmastery,157,72,85
15105,Ñotorious,frostmane,1852,hunter,beastmastery,53,27,26
15106,Cashisabeast,zuljin,1851,hunter,beastmastery,46,25,21
15107,Nutellacrepe,kelthuzad,1851,hunter,beastmastery,200,101,99
15108,Nollzey,frostmourne,1847,hunter,beastmastery,45,22,23
15109,Bolanite,illidan,1846,hunter,beastmastery,48,27,21
15110,Bogen,nemesis,1846,hunter,beastmastery,82,44,38
15111,Skysmile,tichondrius,1845,hunter,beastmastery,60,34,26
15112,Karumä,thrall,1845,hunter,beastmastery,66,31,35
15113,Inktray,durotan,1844,hunter,beastmastery,37,22,15
15114,Ðeatheater,tichondrius,1843,hunter,beastmastery,41,21,20
15115,Skywvlker,illidan,1843,hunter,beastmastery,82,40,42
15116,Aqq,moon-guard,1842,hunter,beastmastery,98,58,40
15117,Monffbe,tichondrius,1842,hunter,beastmastery,60,28,32
15118,Auwstin,tichondrius,1837,hunter,beastmastery,55,31,24
15119,Bowrockobama,illidan,1836,hunter,beastmastery,75,40,35
15120,Ârtæmïs,stormrage,1835,hunter,beastmastery,48,24,24
15121,Sxra,area-52,1834,hunter,beastmastery,58,32,26
15122,Mørodox,sargeras,1834,hunter,beastmastery,54,24,30
15123,Rëxx,moon-guard,1833,hunter,beastmastery,103,62,41
15124,Hollymarie,nazjatar,1832,hunter,beastmastery,48,31,17
15125,Mhter,tichondrius,1831,hunter,beastmastery,73,34,39
15126,Absinther,emerald-dream,1829,hunter,beastmastery,66,41,25
15127,Lkw,tichondrius,1829,hunter,beastmastery,80,37,43
15128,Nerfthepet,blackrock,1828,hunter,beastmastery,66,42,24
15129,Dju,stormrage,1828,hunter,beastmastery,95,51,44
15130,Playnogames,moon-guard,1828,hunter,beastmastery,42,21,21
15131,Oromia,proudmoore,1828,hunter,beastmastery,60,29,31
15132,Tyleraq,area-52,1827,hunter,beastmastery,41,24,17
15133,Negãn,tichondrius,1826,hunter,beastmastery,80,41,39
15134,Sosaho,sargeras,1825,hunter,beastmastery,41,21,20
15135,Sniperælite,korgath,1824,hunter,beastmastery,55,32,23
15136,Phatshiet,anvilmar,1823,hunter,beastmastery,50,31,19
15137,Jeffersan,illidan,1823,hunter,beastmastery,149,72,77
15138,Zumago,tichondrius,1823,hunter,beastmastery,118,54,64
15139,Zefbaby,quelthalas,1822,hunter,beastmastery,66,31,35
15140,Somethinggo,tichondrius,1821,hunter,beastmastery,162,79,83
15141,Tyreu,tichondrius,1820,hunter,beastmastery,59,30,29
15142,Torolol,tichondrius,1819,hunter,beastmastery,126,73,53
15143,Grimrokk,malganis,1819,hunter,beastmastery,78,40,38
15144,Phayzd,sargeras,1818,hunter,beastmastery,66,34,32
15145,Scuffedshots,tichondrius,1817,hunter,beastmastery,74,43,31
15146,Yucca,drenden,1816,hunter,beastmastery,42,23,19
15147,Flitt,zuljin,1815,hunter,beastmastery,36,19,17
15148,Audeline,tichondrius,1815,hunter,beastmastery,69,33,36
15149,Comebacks,ragnaros,1814,hunter,beastmastery,72,41,31
15150,Goonsh,tichondrius,1813,hunter,beastmastery,40,25,15
15151,Asukaw,barthilas,1813,hunter,beastmastery,57,28,29
15152,Mythxplosive,ragnaros,1813,hunter,beastmastery,73,32,41
15153,Drektorath,bleeding-hollow,1812,hunter,beastmastery,66,34,32
15154,Logjohn,frostmourne,1811,hunter,beastmastery,40,20,20
15155,Survchris,bleeding-hollow,1811,hunter,beastmastery,94,43,51
15156,Kybelís,dalaran,1810,hunter,beastmastery,110,61,49
15157,Hogd,sargeras,1810,hunter,beastmastery,54,26,28
15158,Robinhooz,illidan,1807,hunter,beastmastery,187,102,85
15159,Wilmaßallfit,malganis,1807,hunter,beastmastery,65,29,36
15160,Lilprimary,tichondrius,1806,hunter,beastmastery,48,23,25
15161,Swang,kiljaeden,1805,hunter,beastmastery,49,24,25
15162,Sobewan,staghelm,1805,hunter,beastmastery,92,42,50
15163,Kytan,shadowmoon,1804,hunter,beastmastery,168,82,86
15164,Sarutobi,black-dragonflight,1804,hunter,beastmastery,66,29,37
15165,Bustyredhead,kelthuzad,1804,hunter,beastmastery,89,39,50
15166,Shot,shuhalo,1802,hunter,beastmastery,30,24,6
15167,Kabalaku,moon-guard,1802,hunter,beastmastery,130,72,58
15168,Warcher,azralon,1802,hunter,beastmastery,60,32,28
15169,Hg,illidan,1800,hunter,beastmastery,38,25,13
15170,Kangarookyle,illidan,1800,hunter,beastmastery,96,58,38
15171,Shafttrapper,queldorei,1800,hunter,beastmastery,119,64,55
15172,Funkyjunk,arthas,1800,hunter,beastmastery,72,35,37
15173,Tânsøxøxø,tichondrius,1797,hunter,beastmastery,48,19,29
15174,Songhammer,tichondrius,1790,hunter,beastmastery,88,49,39
15175,Cuchulláin,area-52,1787,hunter,beastmastery,138,73,65
15176,Vox,tichondrius,1784,hunter,beastmastery,42,27,15
15177,Wickyz,malganis,1783,hunter,beastmastery,36,19,17
15178,Pathofsexile,tichondrius,1783,hunter,beastmastery,93,43,50
15179,Xgoh,sargeras,1782,hunter,beastmastery,42,22,20
15180,Lenalena,tichondrius,1779,hunter,beastmastery,101,53,48
15181,Ashenga,cairne,1779,hunter,beastmastery,175,90,85
15182,Liarael,illidan,1779,hunter,beastmastery,95,46,49
15183,Hunterphil,hyjal,1777,hunter,beastmastery,66,39,27
15184,Mckim,tichondrius,1775,hunter,beastmastery,48,28,20
15185,Tyrokk,barthilas,1774,hunter,beastmastery,66,33,33
15186,Kyló,sargeras,1774,hunter,beastmastery,54,26,28
15187,Quietqt,ragnaros,1770,hunter,beastmastery,106,54,52
15188,Savagerko,illidan,1770,hunter,beastmastery,63,29,34
15189,Tytonic,bleeding-hollow,1765,hunter,beastmastery,54,28,26
15190,Vonkrieg,tichondrius,1764,hunter,beastmastery,41,25,16
15191,Perffect,sargeras,1763,hunter,beastmastery,57,24,33
15192,Infinit,onyxia,1761,hunter,beastmastery,76,33,43
15193,Geeshot,area-52,1755,hunter,beastmastery,60,26,34
15194,Tracershot,malganis,1754,hunter,beastmastery,83,49,34
15195,Survivalists,kelthuzad,1752,hunter,beastmastery,36,24,12
15196,Datbigbowdoe,illidan,1752,hunter,beastmastery,36,23,13
15197,Nflmaster,malganis,1752,hunter,beastmastery,48,25,23
15198,Tembaktytyd,barthilas,1751,hunter,beastmastery,49,24,25
15199,Fockewulf,dragonmaw,1750,hunter,beastmastery,90,40,50
15200,Airpodpro,emerald-dream,1747,hunter,beastmastery,36,21,15
15201,Lrnb,tichondrius,1745,hunter,beastmastery,45,24,21
15202,Wodhunterxdd,tichondrius,1743,hunter,beastmastery,26,19,7
15203,Zå,dalaran,1742,hunter,beastmastery,69,35,34
15204,Madbéê,tichondrius,1741,hunter,beastmastery,41,19,22
15205,Puffcopeak,illidan,1740,hunter,beastmastery,60,36,24
15206,Austelos,moon-guard,1738,hunter,beastmastery,83,44,39
15207,Flanzo,illidan,1738,hunter,beastmastery,53,27,26
15208,Livelovelaff,tichondrius,1736,hunter,beastmastery,48,26,22
15209,Deathtomyfoe,sargeras,1735,hunter,beastmastery,54,21,33
15210,Pineapplees,tichondrius,1733,hunter,beastmastery,54,29,25
15211,Åspect,aegwynn,1732,hunter,beastmastery,53,28,25
15212,Dahmer,greymane,1732,hunter,beastmastery,62,29,33
15213,Spizsnipes,malganis,1730,hunter,beastmastery,60,29,31
15214,Melov,frostmourne,1730,hunter,beastmastery,64,30,34
15215,Kidao,emerald-dream,1729,hunter,beastmastery,54,30,24
15216,Xonios,frostwolf,1727,hunter,beastmastery,84,43,41
15217,Krunkz,frostmourne,1724,hunter,beastmastery,53,33,20
15218,Ðfac,moon-guard,1724,hunter,beastmastery,84,42,42
15219,Turtlegirl,tichondrius,1724,hunter,beastmastery,41,20,21
15220,Reparcero,quelthalas,1723,hunter,beastmastery,42,20,22
15221,Bootydoo,illidan,1721,hunter,beastmastery,130,67,63
15222,Gumbro,malganis,1716,hunter,beastmastery,108,63,45
15223,Kenji,sargeras,1716,hunter,beastmastery,80,40,40
15224,Twixzorz,boulderfist,1716,hunter,beastmastery,60,28,32
15225,Lucki,blades-edge,1715,hunter,beastmastery,60,34,26
15226,Acres,emerald-dream,1714,hunter,beastmastery,27,19,8
15227,Çute,moon-guard,1714,hunter,beastmastery,48,29,19
15228,Mikey,exodar,1714,hunter,beastmastery,151,87,64
15229,Warrccjr,steamwheedle-cartel,1714,hunter,beastmastery,47,21,26
15230,Ryûkø,quelthalas,1712,hunter,beastmastery,84,41,43
15231,Revalay,emerald-dream,1711,hunter,beastmastery,54,32,22
15232,Petmanx,tichondrius,1711,hunter,beastmastery,84,48,36
15233,Edelyysa,arthas,1711,hunter,beastmastery,180,89,91
15234,Squeekin,sargeras,1709,hunter,beastmastery,33,26,7
15235,Shablagoosh,zuljin,1706,hunter,beastmastery,37,25,12
15236,Sbplayshunt,akama,1706,hunter,beastmastery,48,19,29
15237,Xorian,frostmourne,1705,hunter,beastmastery,36,18,18
15238,Ipickmynose,tichondrius,1702,hunter,beastmastery,53,33,20
15239,Zemphoths,eredar,1702,hunter,beastmastery,75,34,41
15240,Hyjax,darkspear,1701,hunter,beastmastery,43,26,17
15241,Snowmnz,tichondrius,1701,hunter,beastmastery,53,30,23
15242,Raymose,tichondrius,1701,hunter,beastmastery,64,30,34
15243,Killshøtß,tichondrius,1701,hunter,beastmastery,65,30,35
15244,Fatalshots,bonechewer,1699,hunter,beastmastery,42,24,18
15245,Pepepls,proudmoore,1699,hunter,beastmastery,72,38,34
15246,Wodunaz,stormrage,1698,hunter,beastmastery,71,45,26
15247,Jfkd,sargeras,1694,hunter,beastmastery,52,21,31
15248,Nobito,quelthalas,1691,hunter,beastmastery,153,82,71
15249,Diegoshotz,zuljin,1689,hunter,beastmastery,46,23,23
15250,Shadowfangs,tichondrius,1689,hunter,beastmastery,66,31,35
15251,Sniper,area-52,1688,hunter,beastmastery,146,71,75
15252,Hxnry,barthilas,1686,hunter,beastmastery,30,18,12
15253,Cresselia,drakkari,1686,hunter,beastmastery,53,29,24
15254,Fabbs,frostmourne,1686,hunter,beastmastery,52,26,26
15255,Kenpachie,jubeithos,1684,hunter,beastmastery,29,20,9
15256,Assbow,kiljaeden,1683,hunter,beastmastery,48,25,23
15257,Dirtymongrel,barthilas,1683,hunter,beastmastery,78,40,38
15258,Smullik,wyrmrest-accord,1683,hunter,beastmastery,102,46,56
15259,Lilskill,lightnings-blade,1682,hunter,beastmastery,30,18,12
15260,Shyck,ragnaros,1681,hunter,beastmastery,48,27,21
15261,Asynic,blades-edge,1681,hunter,beastmastery,75,37,38
15262,Kapukapu,illidan,1679,hunter,beastmastery,30,18,12
15263,Mukbangbj,terenas,1679,hunter,beastmastery,90,49,41
15264,Mojopotato,stormrage,1679,hunter,beastmastery,71,35,36
15265,Silverbite,garona,1678,hunter,beastmastery,92,51,41
15266,Shootnskoot,icecrown,1677,hunter,beastmastery,30,20,10
15267,Shootiepie,hyjal,1677,hunter,beastmastery,30,19,11
15268,Coopshot,darkspear,1675,hunter,beastmastery,69,40,29
15269,Saiiphz,bleeding-hollow,1675,hunter,beastmastery,40,22,18
15270,Tuân,azgalor,1674,hunter,beastmastery,36,23,13
15271,Alaurys,moon-guard,1674,hunter,beastmastery,35,18,17
15272,Nalasdottirh,moon-guard,1673,hunter,beastmastery,48,27,21
15273,Facerolled,area-52,1671,hunter,beastmastery,87,51,36
15274,Sissleto,tichondrius,1667,hunter,beastmastery,347,172,175
15275,Koalahunter,area-52,1667,hunter,beastmastery,76,31,45
15276,Junglefever,skywall,1664,hunter,beastmastery,34,20,14
15277,Mortalz,barthilas,1663,hunter,beastmastery,208,108,100
15278,Spídër,maiev,1663,hunter,beastmastery,50,25,25
15279,Hokutoxx,tichondrius,1663,hunter,beastmastery,61,25,36
15280,Yughii,stormrage,1662,hunter,beastmastery,42,20,22
15281,Fanikita,azralon,1662,hunter,beastmastery,63,26,37
15282,Pinêapplê,bleeding-hollow,1661,hunter,beastmastery,36,23,13
15283,Thtswap,moon-guard,1661,hunter,beastmastery,48,30,18
15284,Bicas,emerald-dream,1661,hunter,beastmastery,66,33,33
15285,Cw,gorefiend,1660,hunter,beastmastery,36,20,16
15286,Sasorï,nemesis,1659,hunter,beastmastery,30,19,11
15287,Dj,arygos,1658,hunter,beastmastery,36,21,15
15288,Dpdóugh,illidan,1658,hunter,beastmastery,112,59,53
15289,Pkkfantasy,archimonde,1658,hunter,beastmastery,70,36,34
15290,Illsugoi,frostwolf,1657,hunter,beastmastery,141,70,71
15291,Showmakerc,proudmoore,1656,hunter,beastmastery,77,35,42
15292,Gufanyaun,tichondrius,1654,hunter,beastmastery,34,18,16
15293,Beasting,moon-guard,1653,hunter,beastmastery,48,28,20
15294,Rndx,sargeras,1653,hunter,beastmastery,46,20,26
15295,Sylviai,hyjal,1652,hunter,beastmastery,77,40,37
15296,Kwinoah,zuljin,1652,hunter,beastmastery,174,84,90
15297,Odb,kelthuzad,1650,hunter,beastmastery,48,20,28
15298,Ñðñdêsçrípt,frostmourne,1648,hunter,beastmastery,99,54,45
15299,Eastwood,tichondrius,1648,hunter,beastmastery,92,41,51
15300,Rcman,tichondrius,1647,hunter,beastmastery,54,41,13
15301,Camhaanes,area-52,1646,hunter,beastmastery,119,67,52
15302,Urzoth,tichondrius,1644,hunter,beastmastery,54,35,19
15303,Trapordíe,tichondrius,1644,hunter,beastmastery,42,23,19
15304,Mauklindaufe,fenris,1644,hunter,beastmastery,85,43,42
15305,Mlemily,stormrage,1643,hunter,beastmastery,63,36,27
15306,Cachín,ragnaros,1642,hunter,beastmastery,54,26,28
15307,Icecaffemoca,tichondrius,1641,hunter,beastmastery,56,25,31
15308,Razor,destromath,1640,hunter,beastmastery,60,28,32
15309,Andalora,malganis,1638,hunter,beastmastery,67,30,37
15310,Publicpooper,tichondrius,1637,hunter,beastmastery,36,21,15
15311,Elad,tichondrius,1637,hunter,beastmastery,72,41,31
15312,Energiser,stormrage,1637,hunter,beastmastery,58,29,29
15313,Dreygar,dawnbringer,1636,hunter,beastmastery,111,58,53
15314,Mcclintock,executus,1636,hunter,beastmastery,41,21,20
15315,Drakarth,khazgoroth,1635,hunter,beastmastery,47,22,25
15316,Kahll,azralon,1634,hunter,beastmastery,54,24,30
15317,Montano,area-52,1633,hunter,beastmastery,32,22,10
15318,Damadar,tichondrius,1632,hunter,beastmastery,42,19,23
15319,Airhunt,thrall,1632,hunter,beastmastery,42,19,23
15320,Bowreckage,malganis,1630,hunter,beastmastery,215,101,114
15321,Axxll,tichondrius,1629,hunter,beastmastery,55,25,30
15322,Cocoapuffs,cenarius,1627,hunter,beastmastery,36,17,19
15323,Onemoreshot,bleeding-hollow,1626,hunter,beastmastery,84,44,40
15324,Layloww,thrall,1626,hunter,beastmastery,36,18,18
15325,Kushaddict,lightnings-blade,1625,hunter,beastmastery,174,79,95
15326,Liadrelle,proudmoore,1624,hunter,beastmastery,57,24,33
15327,Whitecake,area-52,1623,hunter,beastmastery,40,25,15
15328,Grimbrew,garona,1623,hunter,beastmastery,41,24,17
15329,Svsnipe,tichondrius,1623,hunter,beastmastery,58,33,25
15330,Casperonni,illidan,1623,hunter,beastmastery,102,54,48
15331,Fernn,illidan,1623,hunter,beastmastery,148,69,79
15332,Illweedx,kiljaeden,1623,hunter,beastmastery,101,42,59
15333,Shootsb,tichondrius,1623,hunter,beastmastery,58,24,34
15334,Phiyuh,stormrage,1622,hunter,beastmastery,61,36,25
15335,Zakalla,malganis,1622,hunter,beastmastery,62,33,29
15336,Trickshotss,illidan,1621,hunter,beastmastery,106,63,43
15337,Metrallon,black-dragonflight,1621,hunter,beastmastery,53,29,24
15338,Beastkets,area-52,1621,hunter,beastmastery,48,25,23
15339,Brokiînn,aegwynn,1619,hunter,beastmastery,129,67,62
15340,Consanguin,sargeras,1618,hunter,beastmastery,36,22,14
15341,Rürü,illidan,1618,hunter,beastmastery,40,21,19
15342,Darkoshuntar,tichondrius,1617,hunter,beastmastery,30,17,13
15343,Montakka,illidan,1617,hunter,beastmastery,54,28,26
15344,Sambucca,daggerspine,1617,hunter,beastmastery,42,21,21
15345,Oblivîon,illidan,1616,hunter,beastmastery,59,38,21
15346,Huntinpuss,tichondrius,1616,hunter,beastmastery,32,18,14
15347,Terpa,nemesis,1616,hunter,beastmastery,161,83,78
15348,Telånnas,illidan,1616,hunter,beastmastery,42,21,21
15349,Skytrooper,boulderfist,1616,hunter,beastmastery,59,26,33
15350,Nooche,bleeding-hollow,1615,hunter,beastmastery,36,22,14
15351,Wøden,draka,1614,hunter,beastmastery,72,38,34
15352,Cyrsmen,ragnaros,1614,hunter,beastmastery,216,110,106
15353,Legoflaiz,drakkari,1614,hunter,beastmastery,48,23,25
15354,Apøllö,kilrogg,1614,hunter,beastmastery,262,123,139
15355,Ecl,azralon,1613,hunter,beastmastery,48,27,21
15356,Xionos,wyrmrest-accord,1612,hunter,beastmastery,120,61,59
15357,Mojopojo,tichondrius,1611,hunter,beastmastery,43,23,20
15358,Thamie,tichondrius,1610,hunter,beastmastery,24,17,7
15359,Mambothehunt,stormrage,1610,hunter,beastmastery,59,27,32
15360,Feignmilf,tichondrius,1608,hunter,beastmastery,72,45,27
15361,Mournebow,tichondrius,1608,hunter,beastmastery,279,151,128
15362,Statistic,black-dragonflight,1608,hunter,beastmastery,59,30,29
15363,Bertimus,sargeras,1608,hunter,beastmastery,132,61,71
15364,Parnicyon,frostmourne,1607,hunter,beastmastery,209,109,100
15365,Focusfire,khazgoroth,1607,hunter,beastmastery,66,32,34
15366,Mordriva,azjolnerub,1607,hunter,beastmastery,53,25,28
15367,Shootnoscore,vashj,1606,hunter,beastmastery,83,46,37
15368,Legacyhunter,nazgrel,1605,hunter,beastmastery,30,17,13
15369,Légölás,tichondrius,1603,hunter,beastmastery,84,47,37
15370,Bamfhunt,darkspear,1603,hunter,beastmastery,46,25,21
15371,Jillypoo,azralon,1602,hunter,beastmastery,30,21,9
15372,Axis,mugthol,1601,hunter,beastmastery,85,45,40
15373,Aazua,frostmourne,1601,hunter,beastmastery,45,22,23
15374,Snewfly,tichondrius,1600,hunter,beastmastery,54,36,18
15375,Getrekt,azralon,1600,hunter,beastmastery,78,38,40
15376,Squeeb,frostmourne,1599,hunter,beastmastery,50,25,25
15377,Vanero,eonar,1598,hunter,beastmastery,48,22,26
15378,Lexandr,tichondrius,1597,hunter,beastmastery,120,65,55
15379,Asurvivor,suramar,1596,hunter,beastmastery,157,81,76
15380,Sñïpêr,tichondrius,1595,hunter,beastmastery,36,19,17
15381,Hillside,frostmourne,1595,hunter,beastmastery,83,42,41
15382,Sonichunterr,illidan,1591,hunter,beastmastery,70,42,28
15383,Biehuixin,tichondrius,1588,hunter,beastmastery,68,33,35
15384,Killwill,illidan,1587,hunter,beastmastery,54,28,26
15385,Hofftimus,tichondrius,1585,hunter,beastmastery,82,53,29
15386,Häm,dalaran,1585,hunter,beastmastery,126,68,58
15387,Sashagreen,frostmourne,1585,hunter,beastmastery,83,43,40
15388,Toxarch,aggramar,1585,hunter,beastmastery,78,39,39
15389,Crounzz,sargeras,1581,hunter,beastmastery,66,22,44
15390,Partz,darkspear,1580,hunter,beastmastery,30,19,11
15391,Teneightt,tichondrius,1578,hunter,beastmastery,62,30,32
15392,Zyzzmirin,illidan,1577,hunter,beastmastery,72,32,40
15393,Overshot,tichondrius,1577,hunter,beastmastery,72,31,41
15394,Squishasf,tichondrius,1575,hunter,beastmastery,30,18,12
15395,Zennifi,bleeding-hollow,1573,hunter,beastmastery,73,36,37
15396,Yager,kalecgos,1570,hunter,beastmastery,46,25,21
15397,Snipin,ragnaros,1570,hunter,beastmastery,48,18,30
15398,Kopula,illidan,1569,hunter,beastmastery,55,30,25
15399,Petkd,frostmourne,1566,hunter,beastmastery,48,27,21
15400,Ddänz,kiljaeden,1564,hunter,beastmastery,63,23,40
15401,Uzpak,tichondrius,1561,hunter,beastmastery,77,44,33
15402,Merkidy,illidan,1559,hunter,beastmastery,29,18,11
15403,Lasix,burning-blade,1559,hunter,beastmastery,107,52,55
15404,Lemmetrap,illidan,1554,hunter,beastmastery,41,22,19
15405,Keboks,alleria,1551,hunter,beastmastery,33,18,15
15406,Reay,frostmourne,1551,hunter,beastmastery,36,19,17
15407,Khaydarin,sargeras,1551,hunter,beastmastery,48,21,27
15408,Kniightjayyx,kelthuzad,1551,hunter,beastmastery,108,47,61
15409,Grindal,drakkari,1550,hunter,beastmastery,42,18,24
15410,Scythedom,tichondrius,1550,hunter,beastmastery,42,17,25
15411,Pillarington,tichondrius,1549,hunter,beastmastery,34,21,13
15412,Oceandoom,tichondrius,1549,hunter,beastmastery,119,68,51
15413,Readtitle,malganis,1546,hunter,beastmastery,60,35,25
15414,Gernon,frostmourne,1546,hunter,beastmastery,39,20,19
15415,Horcnbeans,bleeding-hollow,1544,hunter,beastmastery,189,92,97
15416,Despairius,moon-guard,1543,hunter,beastmastery,44,25,19
15417,Xcisiion,nagrand,1543,hunter,beastmastery,64,30,34
15418,Outfazed,tichondrius,1541,hunter,beastmastery,105,57,48
15419,Ungoliánt,cairne,1541,hunter,beastmastery,54,28,26
15420,Rektarrow,area-52,1541,hunter,beastmastery,41,19,22
15421,Dôntlosmebro,stormrage,1540,hunter,beastmastery,66,37,29
15422,Varka,area-52,1539,hunter,beastmastery,36,20,16
15423,Bubbzar,frostmourne,1539,hunter,beastmastery,42,22,20
15424,Cerébro,illidan,1538,hunter,beastmastery,78,31,47
15425,Laurenx,illidan,1537,hunter,beastmastery,33,20,13
15426,Kaizong,hyjal,1537,hunter,beastmastery,29,17,12
15427,Yandralen,kiljaeden,1537,hunter,beastmastery,111,59,52
15428,Runforthehil,barthilas,1537,hunter,beastmastery,60,30,30
15429,ßoness,area-52,1532,hunter,beastmastery,86,38,48
15430,Freebeë,area-52,1531,hunter,beastmastery,85,49,36
15431,Tsuro,area-52,1530,hunter,beastmastery,59,30,29
15432,Teaks,aggramar,1527,hunter,beastmastery,30,16,14
15433,Breezekeeper,area-52,1527,hunter,beastmastery,78,40,38
15434,Shadowtensai,stormrage,1527,hunter,beastmastery,78,34,44
15435,Robnhunt,tichondrius,1526,hunter,beastmastery,30,16,14
15436,Sindragostra,tichondrius,1526,hunter,beastmastery,123,62,61
15437,Robitur,sargeras,1526,hunter,beastmastery,36,17,19
15438,Tus,tichondrius,1526,hunter,beastmastery,36,16,20
15439,Phindo,agamaggan,1525,hunter,beastmastery,30,17,13
15440,Nodougaelark,dalaran,1525,hunter,beastmastery,36,16,20
15441,Exitwoundz,hyjal,1524,hunter,beastmastery,47,23,24
15442,Reloadz,shattered-hand,1523,hunter,beastmastery,46,24,22
15443,Lindsang,illidan,1520,hunter,beastmastery,60,31,29
15444,Bonnèy,zuljin,1518,hunter,beastmastery,49,32,17
15445,Tinyted,nathrezim,1518,hunter,beastmastery,48,23,25
15446,Clinteastwoo,ragnaros,1517,hunter,beastmastery,48,16,32
15447,Hazzeth,thrall,1516,hunter,beastmastery,30,21,9
15448,Nitroxl,illidan,1516,hunter,beastmastery,66,34,32
15449,Junmuxiao,ragnaros,1516,hunter,beastmastery,100,50,50
15450,Bigolekack,tichondrius,1516,hunter,beastmastery,54,27,27
15451,Askelon,firetree,1511,hunter,beastmastery,45,22,23
15452,Gamestopceo,tichondrius,1511,hunter,beastmastery,84,41,43
15453,Selhort,quelthalas,1511,hunter,beastmastery,72,31,41
15454,Setepalms,azralon,1510,hunter,beastmastery,33,18,15
15455,Hobbingtons,thunderlord,1510,hunter,beastmastery,36,19,17
15456,Yugno,wildhammer,1509,hunter,beastmastery,36,19,17
15457,Internade,frostmourne,1509,hunter,beastmastery,54,25,29
15458,Myladyy,zuljin,1509,hunter,beastmastery,59,24,35
15459,Jjack,muradin,1508,hunter,beastmastery,60,33,27
15460,Sanchode,tichondrius,1508,hunter,beastmastery,48,20,28
15461,Velhokoira,illidan,1507,hunter,beastmastery,54,31,23
15462,Diavál,area-52,1506,hunter,beastmastery,42,24,18
15463,Sereom,frostmourne,1505,hunter,beastmastery,131,74,57
15464,Volbz,barthilas,1505,hunter,beastmastery,36,16,20
15465,Shockwave,velen,1504,hunter,beastmastery,188,96,92
15466,Morganson,moon-guard,1504,hunter,beastmastery,198,99,99
15467,Kript,dragonmaw,1504,hunter,beastmastery,361,174,187
15468,Emilysamuels,tichondrius,1503,hunter,beastmastery,24,16,8
15469,Pankyrangs,kelthuzad,1503,hunter,beastmastery,48,24,24
15470,Stalkstride,destromath,1503,hunter,beastmastery,72,35,37
15471,Fkkroglash,barthilas,1501,hunter,beastmastery,42,23,19
15472,Mmeep,illidan,1501,hunter,beastmastery,30,16,14
15473,Chrest,sargeras,1500,hunter,beastmastery,76,39,37
15474,Irøneye,sargeras,1499,hunter,beastmastery,55,20,35
15475,Thebush,dragonmaw,1498,hunter,beastmastery,48,25,23
15476,Limpnoodle,nerzhul,1498,hunter,beastmastery,136,68,68
15477,Folf,turalyon,1497,hunter,beastmastery,78,34,44
15478,Kolyanis,stormrage,1496,hunter,beastmastery,65,36,29
15479,Ramchi,burning-blade,1494,hunter,beastmastery,61,33,28
15480,Xuorias,area-52,1494,hunter,beastmastery,47,24,23
15481,Balldik,bleeding-hollow,1493,hunter,beastmastery,30,16,14
15482,Punjisticks,tichondrius,1492,hunter,beastmastery,110,53,57
15483,Finalshot,barthilas,1491,hunter,beastmastery,39,18,21
15484,Pavlovik,ragnaros,1491,hunter,beastmastery,60,25,35
15485,Limcross,drakkari,1489,hunter,beastmastery,56,28,28
15486,Wredd,nemesis,1488,hunter,beastmastery,35,20,15
15487,Borudin,stormrage,1488,hunter,beastmastery,203,98,105
15488,Bootylickin,tichondrius,1487,hunter,beastmastery,30,17,13
15489,Laras,blades-edge,1484,hunter,beastmastery,36,22,14
15490,Chizhi,tichondrius,1484,hunter,beastmastery,90,45,45
15491,Ullr,gurubashi,1484,hunter,beastmastery,60,19,41
15492,Chowyunfatss,proudmoore,1481,hunter,beastmastery,112,53,59
15493,Rengarok,emerald-dream,1480,hunter,beastmastery,44,23,21
15494,Grànd,tortheldrin,1480,hunter,beastmastery,66,33,33
15495,Angdre,tichondrius,1480,hunter,beastmastery,36,18,18
15496,Shedowhunter,azralon,1479,hunter,beastmastery,30,20,10
15497,Ahuamax,tichondrius,1479,hunter,beastmastery,40,23,17
15498,Scourgesurge,kiljaeden,1478,hunter,beastmastery,145,71,74
15499,Josyv,quelthalas,1477,hunter,beastmastery,36,21,15
15500,Garzb,area-52,1476,hunter,beastmastery,42,22,20
15501,Aguntur,ragnaros,1474,hunter,beastmastery,99,59,40
15502,Chaw,nathrezim,1472,hunter,beastmastery,152,77,75
15503,Unrealpewpew,lightbringer,1472,hunter,beastmastery,90,42,48
15504,Virolac,tichondrius,1469,hunter,beastmastery,32,16,16
15505,Caetomon,kiljaeden,1467,hunter,beastmastery,29,18,11
15506,Zaetor,ragnaros,1466,hunter,beastmastery,78,43,35
15507,Tacos,kelthuzad,1465,hunter,beastmastery,36,22,14
15508,Loktarnum,illidan,1465,hunter,beastmastery,40,18,22
15509,Sootgarbage,sargeras,1464,hunter,beastmastery,72,42,30
15510,Danncer,alexstrasza,1459,hunter,beastmastery,102,56,46
15511,Pheijaumn,azralon,1458,hunter,beastmastery,55,32,23
15512,Ehnó,illidan,1458,hunter,beastmastery,39,19,20
15513,Mikly,ragnaros,1457,hunter,beastmastery,44,18,26
15514,Bronke,azralon,1456,hunter,beastmastery,37,17,20
15515,Wolfarms,area-52,1455,hunter,beastmastery,87,42,45
15516,Szone,tichondrius,1454,hunter,beastmastery,106,51,55
15517,Kleankilla,malganis,1453,hunter,beastmastery,44,25,19
15518,Lele,stormrage,1452,hunter,beastmastery,43,22,21
15519,Kaliaraan,bleeding-hollow,1448,hunter,beastmastery,60,30,30
15520,Jacss,azralon,1446,hunter,beastmastery,30,17,13
15521,Kouandjio,area-52,1444,hunter,beastmastery,36,18,18
15522,Sabanna,proudmoore,1442,hunter,beastmastery,36,20,16
15523,Zanahoria,stormscale,1442,hunter,beastmastery,43,19,24
15524,Daarrk,thrall,1441,hunter,beastmastery,82,39,43
15525,Dontmissz,tichondrius,1439,hunter,beastmastery,59,32,27
15526,Lashga,wyrmrest-accord,1439,hunter,beastmastery,47,22,25
15527,Yná,azralon,1438,hunter,beastmastery,24,15,9
15528,Dayquillx,illidan,1438,hunter,beastmastery,30,15,15
15529,Critterz,gorgonnash,1438,hunter,beastmastery,71,32,39
15530,Bigclamz,dragonmaw,1437,hunter,beastmastery,39,22,17
15531,Bliv,tichondrius,1436,hunter,beastmastery,18,15,3
15532,Aristæos,kelthuzad,1436,hunter,beastmastery,77,40,37
15533,Sungoro,tichondrius,1436,hunter,beastmastery,78,35,43
15534,Squírtle,ragnaros,1436,hunter,beastmastery,36,15,21
15535,Sarahbeara,moonrunner,1435,hunter,beastmastery,24,15,9
15536,Scirfreez,ragnaros,1435,hunter,beastmastery,60,25,35
15537,Seatback,arathor,1432,hunter,beastmastery,76,33,43
15538,Kkoner,illidan,1431,hunter,beastmastery,24,15,9
15539,Cyboreg,stormrage,1431,hunter,beastmastery,53,30,23
15540,Seljzs,zuljin,1430,hunter,beastmastery,24,15,9
15541,Zarova,moon-guard,1428,hunter,beastmastery,24,15,9
15542,Mhters,tichondrius,1428,hunter,beastmastery,30,15,15
15543,Lilbic,bleeding-hollow,1427,hunter,beastmastery,33,22,11
15544,Sharpster,zuljin,1427,hunter,beastmastery,61,30,31
15545,Iyne,stormrage,1427,hunter,beastmastery,36,15,21
15546,Munyshotz,tichondrius,1426,hunter,beastmastery,86,50,36
15547,Yaisk,tichondrius,1426,hunter,beastmastery,74,38,36
15548,Taelen,aegwynn,1424,hunter,beastmastery,50,26,24
15549,Elyssandrá,thrall,1424,hunter,beastmastery,57,28,29
15550,Skeetslinger,illidan,1424,hunter,beastmastery,39,16,23
15551,Syldris,proudmoore,1423,hunter,beastmastery,24,15,9
15552,Kellsier,nordrassil,1422,hunter,beastmastery,30,15,15
15553,Whatfoxsay,tichondrius,1421,hunter,beastmastery,24,15,9
15554,Lissavi,tichondrius,1421,hunter,beastmastery,30,15,15
15555,Keknine,gnomeregan,1421,hunter,beastmastery,92,44,48
15556,Ogkhalifa,tichondrius,1421,hunter,beastmastery,41,19,22
15557,Pingaamarela,nemesis,1420,hunter,beastmastery,180,94,86
15558,Boomseed,nagrand,1420,hunter,beastmastery,34,16,18
15559,Mukeru,stormrage,1418,hunter,beastmastery,24,15,9
15560,Araghrn,draktharon,1417,hunter,beastmastery,111,54,57
15561,Celarla,tichondrius,1416,hunter,beastmastery,27,16,11
15562,Gannidema,illidan,1416,hunter,beastmastery,30,17,13
15563,Eldlichi,proudmoore,1416,hunter,beastmastery,48,20,28
15564,Sartel,tichondrius,1415,hunter,beastmastery,24,15,9
15565,Belime,korgath,1415,hunter,beastmastery,96,53,43
15566,Sülivan,zuljin,1415,hunter,beastmastery,49,27,22
15567,Terminatôr,malganis,1415,hunter,beastmastery,36,15,21
15568,Drunkhunter,malygos,1414,hunter,beastmastery,24,15,9
15569,Legolasbow,tichondrius,1414,hunter,beastmastery,58,30,28
15570,Wrècked,kiljaeden,1413,hunter,beastmastery,42,19,23
15571,Existential,moon-guard,1412,hunter,beastmastery,59,27,32
15572,Turbows,proudmoore,1412,hunter,beastmastery,48,20,28
15573,ßutter,thunderlord,1410,hunter,beastmastery,153,72,81
15574,Mopgodxqt,nemesis,1410,hunter,beastmastery,48,19,29
15575,Shangowar,darrowmere,1409,hunter,beastmastery,24,15,9
15576,Hobbléfoot,proudmoore,1409,hunter,beastmastery,36,15,21
15577,Drig,korgath,1409,hunter,beastmastery,47,19,28
15578,Dorkins,azralon,1406,hunter,beastmastery,27,16,11
15579,Lunarlunar,khadgar,1405,hunter,beastmastery,36,15,21
15580,Dlabio,emerald-dream,1404,hunter,beastmastery,96,47,49
15581,Thralzun,dunemaul,1403,hunter,beastmastery,31,17,14
15582,Sioul,bleeding-hollow,1403,hunter,beastmastery,30,15,15
15583,Ruffini,tichondrius,1403,hunter,beastmastery,42,18,24
15584,Darthski,drenden,1402,hunter,beastmastery,51,24,27
15585,Sliturthroat,barthilas,1402,hunter,beastmastery,50,20,30
15586,Thezeus,barthilas,1402,hunter,beastmastery,41,15,26
15587,Orcanjo,azralon,1400,hunter,beastmastery,42,19,23
15588,Floopze,burning-legion,1399,hunter,beastmastery,30,16,14
15589,Droneshot,tichondrius,1398,hunter,beastmastery,24,17,7
15590,Luckshot,destromath,1398,hunter,beastmastery,60,27,33
15591,Overshot,barthilas,1397,hunter,beastmastery,24,16,8
15592,Fleetfox,tichondrius,1397,hunter,beastmastery,91,45,46
15593,Jyttrg,tichondrius,1396,hunter,beastmastery,65,34,31
15594,Fifie,azgalor,1395,hunter,beastmastery,43,20,23
15595,Spèedbump,stormrage,1394,hunter,beastmastery,81,40,41
15596,Petmayo,tichondrius,1393,hunter,beastmastery,30,19,11
15597,Huntncheekz,kelthuzad,1393,hunter,beastmastery,30,15,15
15598,Timmee,bleeding-hollow,1392,hunter,beastmastery,36,15,21
15599,Liillilliil,tichondrius,1391,hunter,beastmastery,31,16,15
15600,Paganfinn,tichondrius,1391,hunter,beastmastery,66,29,37
15601,Fuzzypjs,stormrage,1390,hunter,beastmastery,42,24,18
15602,Tentoontrey,emerald-dream,1390,hunter,beastmastery,42,20,22
15603,Recha,emerald-dream,1388,hunter,beastmastery,42,21,21
15604,Unloaded,illidan,1387,hunter,beastmastery,27,17,10
15605,Rycksanches,quelthalas,1387,hunter,beastmastery,56,26,30
15606,Jaysuper,zuljin,1387,hunter,beastmastery,42,15,27
15607,Revbubs,darkspear,1382,hunter,beastmastery,60,30,30
15608,Narus,whisperwind,1381,hunter,beastmastery,66,38,28
15609,Bingdat,area-52,1381,hunter,beastmastery,55,30,25
15610,Tearsofnoobs,tichondrius,1381,hunter,beastmastery,33,16,17
15611,Viperstng,area-52,1380,hunter,beastmastery,70,40,30
15612,Orcbeast,illidan,1377,hunter,beastmastery,36,16,20
15613,Lastanar,amanthul,1376,hunter,beastmastery,120,64,56
15614,Fruitenveg,frostmourne,1374,hunter,beastmastery,36,18,18
15615,Cigâro,thrall,1374,hunter,beastmastery,129,64,65
15616,Tearsofrogue,tichondrius,1373,hunter,beastmastery,30,16,14
15617,Lilpoots,warsong,1373,hunter,beastmastery,71,33,38
15618,Chrise,darkspear,1371,hunter,beastmastery,24,18,6
15619,Phaction,tichondrius,1369,hunter,beastmastery,60,26,34
15620,Jangle,mannoroth,1368,hunter,beastmastery,34,19,15
15621,Stonëdpimp,moon-guard,1366,hunter,beastmastery,24,15,9
15622,Bubbz,bloodscalp,1365,hunter,beastmastery,96,52,44
15623,Jugi,wyrmrest-accord,1365,hunter,beastmastery,42,18,24
15624,Terrygross,sargeras,1364,hunter,beastmastery,36,15,21
15625,Yembohi,queldorei,1363,hunter,beastmastery,24,15,9
15626,Aggargh,baelgun,1362,hunter,beastmastery,51,28,23
15627,Boward,illidan,1362,hunter,beastmastery,67,36,31
15628,Blackspit,ragnaros,1362,hunter,beastmastery,59,31,28
15629,Ryukuzen,tichondrius,1359,hunter,beastmastery,35,15,20
15630,Femonemos,nemesis,1358,hunter,beastmastery,30,17,13
15631,Shlandy,frostmourne,1356,hunter,beastmastery,32,18,14
15632,Oblíviion,stormrage,1356,hunter,beastmastery,62,33,29
15633,Reallybroke,stormrage,1355,hunter,beastmastery,33,16,17
15634,Saintshaka,drakkari,1353,hunter,beastmastery,23,15,8
15635,Tokendaily,sargeras,1353,hunter,beastmastery,72,40,32
15636,Nephewblasty,nagrand,1353,hunter,beastmastery,36,18,18
15637,Hughneutron,kirin-tor,1349,hunter,beastmastery,194,104,90
15638,Cinamong,blackrock,1347,hunter,beastmastery,30,15,15
15639,Pokérap,dalaran,1347,hunter,beastmastery,42,17,25
15640,Djfortnité,tichondrius,1343,hunter,beastmastery,24,14,10
15641,Wildlifezoo,tichondrius,1343,hunter,beastmastery,30,14,16
15642,Reachme,moon-guard,1343,hunter,beastmastery,30,14,16
15643,Pressbro,tichondrius,1342,hunter,beastmastery,30,14,16
15644,Lilien,khazgoroth,1341,hunter,beastmastery,30,18,12
15645,Goongarg,frostmourne,1341,hunter,beastmastery,24,14,10
15646,Tergls,illidan,1341,hunter,beastmastery,73,33,40
15647,Kârân,tichondrius,1341,hunter,beastmastery,60,27,33
15648,Choclit,scilla,1341,hunter,beastmastery,42,14,28
15649,Oatmeallover,stormrage,1339,hunter,beastmastery,30,14,16
15650,Cantcatchtin,tichondrius,1339,hunter,beastmastery,30,14,16
15651,Clydebarro,sargeras,1339,hunter,beastmastery,30,14,16
15652,Peterming,tichondrius,1339,hunter,beastmastery,108,49,59
15653,Bettallana,tichondrius,1338,hunter,beastmastery,24,14,10
15654,Euclase,bleeding-hollow,1338,hunter,beastmastery,46,23,23
15655,Aiollus,stormreaver,1338,hunter,beastmastery,30,14,16
15656,Pvrisxoxo,frostmourne,1337,hunter,beastmastery,31,15,16
15657,Bro,malorne,1337,hunter,beastmastery,96,45,51
15658,Ordius,azralon,1337,hunter,beastmastery,36,14,22
15659,Crownchild,illidan,1336,hunter,beastmastery,24,14,10
15660,Soulreaperts,ragnaros,1336,hunter,beastmastery,40,21,19
15661,Skulgor,zuljin,1336,hunter,beastmastery,66,34,32
15662,Psychiatry,bonechewer,1336,hunter,beastmastery,70,35,35
15663,Alwaysblazed,hyjal,1336,hunter,beastmastery,30,15,15
15664,Azx,tichondrius,1336,hunter,beastmastery,42,19,23
15665,Stel,tichondrius,1335,hunter,beastmastery,33,17,16
15666,Norcklow,ragnaros,1335,hunter,beastmastery,64,31,33
15667,Vruul,sargeras,1334,hunter,beastmastery,76,36,40
15668,Highdroe,tichondrius,1333,hunter,beastmastery,84,47,37
15669,Boomsprocket,khazgoroth,1331,hunter,beastmastery,20,16,4
15670,Vurlo,tichondrius,1330,hunter,beastmastery,24,14,10
15671,Daken,ysera,1330,hunter,beastmastery,24,14,10
15672,Argent,altar-of-storms,1330,hunter,beastmastery,42,23,19
15673,Khels,stormreaver,1330,hunter,beastmastery,28,15,13
15674,Whoshotu,tichondrius,1330,hunter,beastmastery,30,14,16
15675,Mvpwonder,frostmourne,1330,hunter,beastmastery,42,14,28
15676,Luprikus,maelstrom,1328,hunter,beastmastery,29,14,15
15677,Puppe,sargeras,1328,hunter,beastmastery,46,21,25
15678,Frostyarrow,moon-guard,1325,hunter,beastmastery,55,28,27
15679,Bulleitrye,illidan,1325,hunter,beastmastery,58,28,30
15680,Hitts,kelthuzad,1323,hunter,beastmastery,31,17,14
15681,Bowna,stormscale,1323,hunter,beastmastery,54,20,34
15682,Wârhunt,frostmourne,1320,hunter,beastmastery,42,25,17
15683,Fusionrpg,quelthalas,1320,hunter,beastmastery,30,17,13
15684,Eightbeers,bleeding-hollow,1320,hunter,beastmastery,56,29,27
15685,Jesticles,zuljin,1320,hunter,beastmastery,60,30,30
15686,Doug,illidan,1317,hunter,beastmastery,30,14,16
15687,Nøtsurê,llane,1317,hunter,beastmastery,66,25,41
15688,Deirrë,saurfang,1315,hunter,beastmastery,119,59,60
15689,Youngteflon,bonechewer,1314,hunter,beastmastery,30,15,15
15690,Xeminis,area-52,1314,hunter,beastmastery,30,14,16
15691,Velkhan,sargeras,1314,hunter,beastmastery,30,14,16
15692,Jetzy,illidan,1311,hunter,beastmastery,65,30,35
15693,Hoboh,illidan,1310,hunter,beastmastery,66,32,34
15694,Huntmeplz,proudmoore,1309,hunter,beastmastery,35,17,18
15695,Lizymcguire,malganis,1308,hunter,beastmastery,42,23,19
15696,Varthurg,ragnaros,1308,hunter,beastmastery,30,15,15
15697,Fames,shuhalo,1308,hunter,beastmastery,73,30,43
15698,Wulfgeng,azgalor,1307,hunter,beastmastery,94,47,47
15699,Pooterdrip,shadowmoon,1307,hunter,beastmastery,30,14,16
15700,Starsworn,moon-guard,1306,hunter,beastmastery,60,29,31
15701,Kamikazey,tichondrius,1304,hunter,beastmastery,36,18,18
15702,Bluebow,tichondrius,1302,hunter,beastmastery,96,46,50
15703,Javoz,drakkari,1302,hunter,beastmastery,36,14,22
15704,Radat,stormscale,1301,hunter,beastmastery,25,17,8
15705,Bacatran,darkspear,1301,hunter,beastmastery,58,32,26
15706,Wook,hyjal,1300,hunter,beastmastery,30,14,16
15707,Sunchea,arygos,1300,hunter,beastmastery,30,14,16
15708,Deadlyarrows,ragnaros,1299,hunter,beastmastery,59,24,35
15709,Zzsocrateszz,dragonmaw,1295,hunter,beastmastery,128,64,64
15710,Jacobsladder,illidan,1293,hunter,beastmastery,113,51,62
15711,Cottonshots,dalaran,1292,hunter,beastmastery,89,39,50
15712,Dabznblunts,twisting-nether,1292,hunter,beastmastery,36,15,21
15713,Artemisa,warsong,1291,hunter,beastmastery,84,34,50
15714,Darksector,nemesis,1290,hunter,beastmastery,41,14,27
15715,Mitulla,wyrmrest-accord,1289,hunter,beastmastery,56,27,29
15716,Wogolas,barthilas,1288,hunter,beastmastery,30,16,14
15717,Alitharia,nerzhul,1288,hunter,beastmastery,171,76,95
15718,Huukend,azjolnerub,1286,hunter,beastmastery,54,27,27
15719,Voodoohunter,blood-furnace,1286,hunter,beastmastery,30,15,15
15720,Vaettai,barthilas,1286,hunter,beastmastery,72,32,40
15721,Snypêr,tichondrius,1284,hunter,beastmastery,36,14,22
15722,Roostersauce,durotan,1283,hunter,beastmastery,30,15,15
15723,Exotichunter,the-underbog,1281,hunter,beastmastery,58,24,34
15724,Peppiee,tichondrius,1279,hunter,beastmastery,23,14,9
15725,Bepee,auchindoun,1279,hunter,beastmastery,95,51,44
15726,Thiccphat,sargeras,1277,hunter,beastmastery,23,14,9
15727,Conizle,sargeras,1275,hunter,beastmastery,30,14,16
15728,Genx,frostmane,1275,hunter,beastmastery,59,25,34
15729,Scaredcrow,azshara,1272,hunter,beastmastery,40,14,26
15730,Snipershot,blackrock,1271,hunter,beastmastery,42,19,23
15731,Iar,tichondrius,1270,hunter,beastmastery,30,18,12
15732,Ascer,gurubashi,1270,hunter,beastmastery,110,55,55
15733,Plastera,zuljin,1270,hunter,beastmastery,40,14,26
15734,Glediator,tichondrius,1269,hunter,beastmastery,45,21,24
15735,Fallenfates,stormrage,1268,hunter,beastmastery,78,36,42
15736,Trapz,hellscream,1267,hunter,beastmastery,96,48,48
15737,Rnger,aerie-peak,1267,hunter,beastmastery,61,28,33
15738,Gigawrench,darkspear,1265,hunter,beastmastery,24,16,8
15739,Airtight,area-52,1265,hunter,beastmastery,59,26,33
15740,Piu,illidan,1264,hunter,beastmastery,42,18,24
15741,Therooth,bleeding-hollow,1262,hunter,beastmastery,24,14,10
15742,Haiume,nemesis,1261,hunter,beastmastery,30,14,16
15743,Scattertrap,ragnaros,1260,hunter,beastmastery,19,14,5
15744,Saltz,tichondrius,1259,hunter,beastmastery,27,15,12
15745,Bobbysmurica,cenarion-circle,1256,hunter,beastmastery,54,24,30
15746,Trianthel,azralon,1255,hunter,beastmastery,24,15,9
15747,Böuntyhuntêr,area-52,1254,hunter,beastmastery,54,25,29
15748,Ownyoufast,darkspear,1251,hunter,beastmastery,54,23,31
15749,Vesity,tichondrius,1250,hunter,beastmastery,62,29,33
15750,Broydiesnipe,illidan,1247,hunter,beastmastery,18,13,5
15751,Alexxspewpew,ragnaros,1247,hunter,beastmastery,23,13,10
15752,Lfghunter,frostmourne,1247,hunter,beastmastery,24,13,11
15753,Wastdpenguin,area-52,1247,hunter,beastmastery,30,13,17
15754,Frankabingle,area-52,1247,hunter,beastmastery,30,13,17
15755,Slowhunterr,tichondrius,1247,hunter,beastmastery,36,13,23
15756,Refinedx,sargeras,1246,hunter,beastmastery,18,13,5
15757,Sotsöl,ragnaros,1246,hunter,beastmastery,24,13,11
15758,Sylriynn,moon-guard,1246,hunter,beastmastery,59,29,30
15759,Thiccit,illidan,1246,hunter,beastmastery,54,26,28
15760,Gabulmenina,nemesis,1245,hunter,beastmastery,24,13,11
15761,Reeload,tichondrius,1244,hunter,beastmastery,24,13,11
15762,Shotmieye,thunderhorn,1244,hunter,beastmastery,60,30,30
15763,Maquire,tichondrius,1244,hunter,beastmastery,36,17,19
15764,Digitizoid,tichondrius,1244,hunter,beastmastery,30,13,17
15765,Craftarrow,tichondrius,1243,hunter,beastmastery,41,21,20
15766,Mms,frostmourne,1242,hunter,beastmastery,18,13,5
15767,Blury,tichondrius,1242,hunter,beastmastery,41,22,19
15768,Gïzmo,malganis,1242,hunter,beastmastery,30,15,15
15769,Heparinqt,area-52,1242,hunter,beastmastery,36,13,23
15770,Gunbladez,burning-blade,1240,hunter,beastmastery,27,13,14
15771,Angrypepe,bleeding-hollow,1240,hunter,beastmastery,30,13,17
15772,Flor,boulderfist,1240,hunter,beastmastery,30,13,17
15773,Deepcarver,tichondrius,1240,hunter,beastmastery,41,16,25
15774,Wadadly,malganis,1239,hunter,beastmastery,138,66,72
15775,Chrønic,khadgar,1238,hunter,beastmastery,30,16,14
15776,Ioioi,tichondrius,1238,hunter,beastmastery,34,16,18
15777,Fistbirtdor,illidan,1237,hunter,beastmastery,30,13,17
15778,Nebulahaze,stormrage,1236,hunter,beastmastery,44,21,23
15779,Timogen,illidan,1236,hunter,beastmastery,36,16,20
15780,Nogaro,nemesis,1235,hunter,beastmastery,42,20,22
15781,Bowflëx,zuljin,1235,hunter,beastmastery,42,19,23
15782,Kleivar,alleria,1234,hunter,beastmastery,24,13,11
15783,Yesterday,draka,1234,hunter,beastmastery,30,13,17
15784,Hynathios,azralon,1233,hunter,beastmastery,30,13,17
15785,Honeygold,tichondrius,1233,hunter,beastmastery,51,19,32
15786,Rbtz,illidan,1231,hunter,beastmastery,17,13,4
15787,Xtop,draktharon,1231,hunter,beastmastery,23,15,8
15788,Tanarin,bleeding-hollow,1230,hunter,beastmastery,30,13,17
15789,Blanar,quelthalas,1230,hunter,beastmastery,42,13,29
15790,Tiraa,kelthuzad,1228,hunter,beastmastery,48,19,29
15791,Luoca,shuhalo,1227,hunter,beastmastery,24,13,11
15792,Skywrecker,bleeding-hollow,1226,hunter,beastmastery,24,13,11
15793,Morbow,proudmoore,1225,hunter,beastmastery,28,14,14
15794,Hovahdo,proudmoore,1224,hunter,beastmastery,23,13,10
15795,Urimiel,daggerspine,1223,hunter,beastmastery,36,16,20
15796,Peiching,proudmoore,1223,hunter,beastmastery,30,13,17
15797,Mithrandiel,blood-furnace,1221,hunter,beastmastery,97,49,48
15798,Bromance,kaelthas,1221,hunter,beastmastery,36,18,18
15799,Grands,tortheldrin,1219,hunter,beastmastery,29,14,15
15800,Havymetal,andorhal,1219,hunter,beastmastery,48,20,28
15801,Machiko,gorefiend,1218,hunter,beastmastery,30,13,17
15802,Anaiset,hyjal,1217,hunter,beastmastery,24,13,11
15803,Xxo,frostmourne,1215,hunter,beastmastery,34,13,21
15804,Alexbm,amanthul,1207,hunter,beastmastery,51,28,23
15805,Hairyhype,malganis,1207,hunter,beastmastery,48,22,26
15806,Artilleria,quelthalas,1207,hunter,beastmastery,42,18,24
15807,Myrfes,ragnaros,1207,hunter,beastmastery,42,18,24
15808,Desydn,draenor,1206,hunter,beastmastery,143,72,71
15809,Omegalulzxd,kelthuzad,1206,hunter,beastmastery,111,49,62
15810,Ydaine,alexstrasza,1206,hunter,beastmastery,75,33,42
15811,Gejagt,sargeras,1201,hunter,beastmastery,25,14,11
15812,Winchestyr,lightbringer,1201,hunter,beastmastery,30,14,16
15813,Tmac,winterhoof,1198,hunter,beastmastery,53,28,25
15814,Kathoey,wyrmrest-accord,1198,hunter,beastmastery,48,19,29
15815,Monatre,fizzcrank,1197,hunter,beastmastery,27,13,14
15816,Rypunzul,proudmoore,1196,hunter,beastmastery,24,13,11
15817,Shootaids,illidan,1192,hunter,beastmastery,44,22,22
15818,Alaranel,kiljaeden,1190,hunter,beastmastery,68,29,39
15819,Gaktog,area-52,1189,hunter,beastmastery,27,13,14
15820,Zombified,moon-guard,1188,hunter,beastmastery,27,13,14
15821,Itsdoom,sargeras,1187,hunter,beastmastery,48,28,20
15822,Chetta,ragnaros,1187,hunter,beastmastery,66,28,38
15823,Kaxer,illidan,1182,hunter,beastmastery,65,33,32
15824,Shneedle,illidan,1180,hunter,beastmastery,54,22,32
15825,Thetrickyone,area-52,1180,hunter,beastmastery,52,20,32
15826,Devised,proudmoore,1179,hunter,beastmastery,23,13,10
15827,Aztrappin,illidan,1177,hunter,beastmastery,63,24,39
15828,Fixnoone,moon-guard,1176,hunter,beastmastery,38,18,20
15829,Warsh,anubarak,1173,hunter,beastmastery,34,19,15
15830,Trailbreaker,trollbane,1169,hunter,beastmastery,87,47,40
15831,Loathin,stormrage,1168,hunter,beastmastery,21,15,6
15832,Meowimadog,spinebreaker,1165,hunter,beastmastery,24,13,11
15833,Elfinballz,khadgar,1164,hunter,beastmastery,36,18,18
15834,Pikochon,illidan,1164,hunter,beastmastery,51,22,29
15835,Jezoo,frostmourne,1163,hunter,beastmastery,42,18,24
15836,Thiccshawts,moon-guard,1162,hunter,beastmastery,24,13,11
15837,Frenzyfire,whisperwind,1162,hunter,beastmastery,39,16,23
15838,Iffy,dentarg,1161,hunter,beastmastery,24,14,10
15839,Minkô,tichondrius,1159,hunter,beastmastery,30,13,17
15840,Totorostarh,tichondrius,1158,hunter,beastmastery,33,13,20
15841,Neymoxi,icecrown,1156,hunter,beastmastery,36,18,18
15842,Arucedd,frostmourne,1154,hunter,beastmastery,74,32,42
15843,Zullypewpew,stormrage,1153,hunter,beastmastery,23,15,8
15844,Lustblitz,illidan,1152,hunter,beastmastery,18,12,6
15845,Malvnfresh,tichondrius,1152,hunter,beastmastery,24,12,12
15846,Survenant,zuljin,1151,hunter,beastmastery,24,12,12
15847,Urukkz,goldrinn,1151,hunter,beastmastery,24,12,12
15848,Awps,sargeras,1150,hunter,beastmastery,18,12,6
15849,Shrian,illidan,1150,hunter,beastmastery,25,12,13
15850,Chrisp,bloodhoof,1150,hunter,beastmastery,30,12,18
15851,Kroozeh,illidan,1149,hunter,beastmastery,24,12,12
15852,Funnk,tichondrius,1148,hunter,beastmastery,24,12,12
15853,Berreydingle,norgannon,1148,hunter,beastmastery,24,12,12
15854,Stonehard,mugthol,1148,hunter,beastmastery,30,12,18
15855,Elfo,kelthuzad,1147,hunter,beastmastery,18,12,6
15856,Sax,stormreaver,1147,hunter,beastmastery,24,12,12
15857,Suetyic,tichondrius,1147,hunter,beastmastery,24,12,12
15858,Cuteorcgirl,sargeras,1145,hunter,beastmastery,38,15,23
15859,Ragnarlobkk,ragnaros,1144,hunter,beastmastery,148,71,77
15860,Souperman,malganis,1144,hunter,beastmastery,30,12,18
15861,Thoridhal,quelthalas,1143,hunter,beastmastery,24,12,12
15862,Cotó,stormrage,1142,hunter,beastmastery,24,12,12
15863,Dooper,malfurion,1141,hunter,beastmastery,30,12,18
15864,Dayneryz,quelthalas,1140,hunter,beastmastery,81,35,46
15865,Gratmuk,ragnaros,1139,hunter,beastmastery,30,12,18
15866,Hatteras,drakthul,1139,hunter,beastmastery,50,16,34
15867,Riivali,quelthalas,1138,hunter,beastmastery,81,36,45
15868,Dyz,ragnaros,1137,hunter,beastmastery,28,13,15
15869,Daréz,blackrock,1136,hunter,beastmastery,31,14,17
15870,Traxêx,nemesis,1136,hunter,beastmastery,30,13,17
15871,Danion,aerie-peak,1135,hunter,beastmastery,40,14,26
15872,Karev,area-52,1134,hunter,beastmastery,24,12,12
15873,Blimpbooty,stormrage,1130,hunter,beastmastery,41,20,21
15874,Revö,area-52,1129,hunter,beastmastery,30,12,18
15875,Juicedhunter,tichondrius,1128,hunter,beastmastery,24,12,12
15876,Baconzola,dalaran,1127,hunter,beastmastery,18,12,6
15877,Camperbill,borean-tundra,1127,hunter,beastmastery,25,14,11
15878,Huñté,stormrage,1127,hunter,beastmastery,24,12,12
15879,Kälec,quelthalas,1127,hunter,beastmastery,66,32,34
15880,Neverhunter,azralon,1127,hunter,beastmastery,30,13,17
15881,Xarmozao,nemesis,1127,hunter,beastmastery,39,14,25
15882,Lieolaste,area-52,1126,hunter,beastmastery,35,17,18
15883,Socrato,tichondrius,1124,hunter,beastmastery,36,17,19
15884,Qpoc,tichondrius,1120,hunter,beastmastery,44,20,24
15885,Mvpbunny,tichondrius,1117,hunter,beastmastery,46,21,25
15886,Vegamax,illidan,1115,hunter,beastmastery,30,17,13
15887,Brokenstars,illidan,1108,hunter,beastmastery,146,70,76
15888,Ukamau,ragnaros,1105,hunter,beastmastery,30,17,13
15889,Wildfirefly,whisperwind,1104,hunter,beastmastery,36,14,22
15890,Rhonishot,tichondrius,1104,hunter,beastmastery,43,15,28
15891,Berelai,area-52,1102,hunter,beastmastery,30,12,18
15892,Despise,frostmourne,1098,hunter,beastmastery,27,12,15
15893,Fusbowdah,bleeding-hollow,1095,hunter,beastmastery,22,13,9
15894,Shmurda,duskwood,1095,hunter,beastmastery,100,40,60
15895,Valintine,the-scryers,1090,hunter,beastmastery,23,12,11
15896,Funwell,dalaran,1090,hunter,beastmastery,29,14,15
15897,Zalyssavara,aerie-peak,1085,hunter,beastmastery,27,12,15
15898,Hetaya,haomarush,1081,hunter,beastmastery,123,55,68
15899,Morenarösa,nemesis,1081,hunter,beastmastery,42,17,25
15900,Smallsouljah,demon-soul,1078,hunter,beastmastery,27,12,15
15901,Eithelleta,frostmourne,1078,hunter,beastmastery,48,18,30
15902,Quigfoot,area-52,1077,hunter,beastmastery,63,25,38
15903,Topshunter,sargeras,1076,hunter,beastmastery,88,45,43
15904,Buyaga,stormreaver,1073,hunter,beastmastery,72,37,35
15905,Brendenhunt,area-52,1071,hunter,beastmastery,17,12,5
15906,Dracð,malganis,1071,hunter,beastmastery,30,14,16
15907,Jackcoügh,frostmourne,1069,hunter,beastmastery,31,12,19
15908,Jayken,gnomeregan,1067,hunter,beastmastery,28,12,16
15909,Dadhatesme,stormrage,1066,hunter,beastmastery,27,12,15
15910,Nightfal,emerald-dream,1064,hunter,beastmastery,75,28,47
15911,Mouthymerc,zuljin,1063,hunter,beastmastery,35,12,23
15912,Trapinc,sargeras,1056,hunter,beastmastery,18,11,7
15913,Hog,darkspear,1056,hunter,beastmastery,18,11,7
15914,Jawnhunter,tichondrius,1056,hunter,beastmastery,24,11,13
15915,Esstark,bleeding-hollow,1056,hunter,beastmastery,24,11,13
15916,Prêd,malganis,1056,hunter,beastmastery,27,12,15
15917,Unicom,malganis,1056,hunter,beastmastery,30,11,19
15918,Ryutiz,fizzcrank,1055,hunter,beastmastery,18,11,7
15919,Recklaw,frostmourne,1055,hunter,beastmastery,18,11,7
15920,Tashio,aerie-peak,1055,hunter,beastmastery,24,11,13
15921,Emmihunt,tichondrius,1055,hunter,beastmastery,24,11,13
15922,Undeadroach,tichondrius,1055,hunter,beastmastery,24,11,13
15923,Toozz,frostmourne,1055,hunter,beastmastery,30,11,19
15924,Prierhunt,frostmourne,1055,hunter,beastmastery,30,11,19
15925,Datadyne,stormrage,1054,hunter,beastmastery,12,11,1
15926,Selljzs,zuljin,1054,hunter,beastmastery,18,11,7
15927,Ispamtraps,emerald-dream,1054,hunter,beastmastery,18,11,7
15928,Qlbl,tichondrius,1054,hunter,beastmastery,18,11,7
15929,Houdan,frostmourne,1054,hunter,beastmastery,22,11,11
15930,Rogshunt,sargeras,1054,hunter,beastmastery,24,11,13
15931,Anastasia,gorgonnash,1052,hunter,beastmastery,18,11,7
15932,Hitx,tichondrius,1052,hunter,beastmastery,18,11,7
15933,Sagadegêmeos,stormrage,1052,hunter,beastmastery,30,11,19
15934,Cummis,skullcrusher,1051,hunter,beastmastery,18,11,7
15935,Hohohohahah,gallywix,1051,hunter,beastmastery,30,11,19
15936,Booffmeister,area-52,1050,hunter,beastmastery,24,11,13
15937,Zünma,tichondrius,1050,hunter,beastmastery,24,11,13
15938,Gølin,aerie-peak,1049,hunter,beastmastery,30,11,19
15939,Memënto,barthilas,1049,hunter,beastmastery,30,11,19
15940,Wingclipped,kelthuzad,1048,hunter,beastmastery,18,11,7
15941,Freeside,emerald-dream,1048,hunter,beastmastery,18,11,7
15942,Computer,darkspear,1048,hunter,beastmastery,24,11,13
15943,ßaelon,malganis,1047,hunter,beastmastery,12,11,1
15944,Flacidpasta,sargeras,1047,hunter,beastmastery,18,11,7
15945,Kynagidas,korgath,1047,hunter,beastmastery,24,11,13
15946,Vord,frostmourne,1046,hunter,beastmastery,24,11,13
15947,Cilnolm,moon-guard,1045,hunter,beastmastery,24,11,13
15948,Gandson,fizzcrank,1045,hunter,beastmastery,29,12,17
15949,Jijiyoyo,tichondrius,1041,hunter,beastmastery,41,13,28
15950,Robingear,baelgun,1039,hunter,beastmastery,165,81,84
15951,Zooker,tichondrius,1039,hunter,beastmastery,29,11,18
15952,Frenzygirl,azralon,1036,hunter,beastmastery,18,11,7
15953,Harÿn,nemesis,1036,hunter,beastmastery,24,11,13
15954,Leannon,stormrage,1035,hunter,beastmastery,18,11,7
15955,More,khadgar,1035,hunter,beastmastery,30,11,19
15956,Vicluvv,stormrage,1034,hunter,beastmastery,23,11,12
15957,Huntercry,ragnaros,1026,hunter,beastmastery,18,11,7
15958,Wrekkthal,illidan,1023,hunter,beastmastery,41,16,25
15959,Elisen,frostmourne,1021,hunter,beastmastery,42,13,29
15960,Cocstrong,darrowmere,1020,hunter,beastmastery,42,23,19
15961,Bolbathefett,shadowsong,1020,hunter,beastmastery,30,11,19
15962,Taedulos,azralon,1019,hunter,beastmastery,36,19,17
15963,Brendie,thrall,1018,hunter,beastmastery,214,101,113
15964,Jônathan,tichondrius,1010,hunter,beastmastery,18,11,7
15965,Caytano,quelthalas,1010,hunter,beastmastery,30,17,13
15966,Erik,nemesis,1009,hunter,beastmastery,165,79,86
15967,Killerronald,ragnaros,1009,hunter,beastmastery,24,11,13
15968,Hunterjim,tichondrius,1005,hunter,beastmastery,26,12,14
15969,Rairin,tichondrius,1004,hunter,beastmastery,65,33,32
15970,Håwkeye,hyjal,1003,hunter,beastmastery,109,53,56
15971,Antihero,norgannon,1001,hunter,beastmastery,20,12,8
15972,Eddyholiday,tichondrius,1001,hunter,beastmastery,26,13,13
15973,Falesta,sargeras,999,hunter,beastmastery,28,12,16
15974,Shikago,wyrmrest-accord,997,hunter,beastmastery,30,11,19
15975,Puhpsy,azralon,995,hunter,beastmastery,48,26,22
15976,Flexxbow,thrall,994,hunter,beastmastery,23,13,10
15977,Robobrain,area-52,993,hunter,beastmastery,23,11,12
15978,Londen,tichondrius,987,hunter,beastmastery,30,15,15
15979,Onihanzo,thrall,987,hunter,beastmastery,25,12,13
15980,Arrowae,sargeras,981,hunter,beastmastery,56,24,32
15981,Faldran,earthen-ring,977,hunter,beastmastery,112,46,66
15982,Ruthgarth,akama,970,hunter,beastmastery,24,11,13
15983,Erovianoria,silver-hand,968,hunter,beastmastery,57,29,28
15984,Skillvanas,stormrage,965,hunter,beastmastery,25,11,14
15985,Ahhpash,tichondrius,960,hunter,beastmastery,16,11,5
15986,Dualp,tichondrius,960,hunter,beastmastery,18,10,8
15987,Worsthunt,tichondrius,960,hunter,beastmastery,18,10,8
15988,Wovow,tichondrius,960,hunter,beastmastery,18,10,8
15989,Pumplum,kiljaeden,960,hunter,beastmastery,18,10,8
15990,Xbee,shattered-halls,960,hunter,beastmastery,18,10,8
15991,Shinhyez,tichondrius,960,hunter,beastmastery,18,10,8
15992,Gööber,hyjal,960,hunter,beastmastery,18,10,8
15993,Csantana,sargeras,960,hunter,beastmastery,18,10,8
15994,Sniperfx,lightbringer,960,hunter,beastmastery,18,10,8
15995,Willdey,frostmourne,960,hunter,beastmastery,24,10,14
15996,Bloodymalik,tichondrius,960,hunter,beastmastery,24,10,14
15997,Focús,laughing-skull,960,hunter,beastmastery,24,10,14
15998,Fishxxo,frostmourne,960,hunter,beastmastery,24,10,14
15999,Justforfunxx,tichondrius,960,hunter,beastmastery,30,10,20
16000,Rosebullets,bleeding-hollow,959,hunter,beastmastery,18,10,8
16001,Bigkolache,zuljin,959,hunter,beastmastery,18,10,8
16002,Tmnarcanttv,tichondrius,959,hunter,beastmastery,18,10,8
16003,Geregaux,sargeras,959,hunter,beastmastery,18,10,8
16004,Evolushun,kiljaeden,959,hunter,beastmastery,21,11,10
16005,Vigon,stormrage,959,hunter,beastmastery,24,10,14
16006,Huntfaceguy,agamaggan,959,hunter,beastmastery,24,10,14
16007,Orgpopeyes,illidan,959,hunter,beastmastery,24,10,14
16008,Yangthekhunt,tichondrius,959,hunter,beastmastery,24,10,14
16009,Tangoda,tichondrius,959,hunter,beastmastery,24,10,14
16010,Leyliann,quelthalas,959,hunter,beastmastery,27,11,16
16011,Kimbaa,tichondrius,959,hunter,beastmastery,30,10,20
16012,Yolloswag,tichondrius,959,hunter,beastmastery,36,10,26
16013,Motegi,illidan,959,hunter,beastmastery,36,10,26
16014,Aquabat,wildhammer,958,hunter,beastmastery,18,10,8
16015,Quickfyre,stormrage,958,hunter,beastmastery,18,10,8
16016,Tazer,area-52,958,hunter,beastmastery,24,10,14
16017,Chunco,ragnaros,958,hunter,beastmastery,24,10,14
16018,Pafäcïle,tichondrius,958,hunter,beastmastery,24,10,14
16019,Marexx,tichondrius,958,hunter,beastmastery,24,10,14
16020,Behavior,nemesis,957,hunter,beastmastery,18,10,8
16021,Xua,frostmourne,957,hunter,beastmastery,18,10,8
16022,Imthaböss,nazjatar,957,hunter,beastmastery,23,10,13
16023,Xuv,illidan,957,hunter,beastmastery,24,10,14
16024,Sumom,darrowmere,957,hunter,beastmastery,44,18,26
16025,Littledougie,boulderfist,957,hunter,beastmastery,30,10,20
16026,Kaiholeo,tichondrius,957,hunter,beastmastery,30,10,20
16027,Killshotqq,tichondrius,956,hunter,beastmastery,24,10,14
16028,Bowjobe,tichondrius,955,hunter,beastmastery,24,10,14
16029,Chimpx,moon-guard,955,hunter,beastmastery,24,10,14
16030,Hyena,kelthuzad,955,hunter,beastmastery,24,10,14
16031,Rocchettâ,kirin-tor,954,hunter,beastmastery,18,10,8
16032,Trim,tichondrius,954,hunter,beastmastery,18,10,8
16033,Murdaugh,icecrown,954,hunter,beastmastery,18,10,8
16034,Rezkiin,tichondrius,953,hunter,beastmastery,18,10,8
16035,Dunkam,quelthalas,952,hunter,beastmastery,24,10,14
16036,Huntertimes,ragnaros,951,hunter,beastmastery,12,10,2
16037,Steelaeon,moon-guard,951,hunter,beastmastery,24,10,14
16038,Handicrap,tichondrius,950,hunter,beastmastery,22,11,11
16039,Easypoacher,tichondrius,948,hunter,beastmastery,18,10,8
16040,Namikawa,stormrage,948,hunter,beastmastery,18,10,8
16041,Flacidhunter,kelthuzad,948,hunter,beastmastery,24,10,14
16042,ßaeløn,malganis,947,hunter,beastmastery,15,11,4
16043,Bittitan,frostmourne,947,hunter,beastmastery,18,10,8
16044,Therealgam,the-underbog,946,hunter,beastmastery,18,10,8
16045,Leaii,thrall,944,hunter,beastmastery,43,24,19
16046,Malthiz,antonidas,934,hunter,beastmastery,34,15,19
16047,Braii,blood-furnace,930,hunter,beastmastery,24,10,14
16048,Salurian,destromath,930,hunter,beastmastery,40,15,25
16049,Shootyurshot,stormrage,927,hunter,beastmastery,20,11,9
16050,Finol,azralon,926,hunter,beastmastery,14,11,3
16051,Entrapment,emerald-dream,924,hunter,beastmastery,23,10,13
16052,Hunbatz,dalaran,923,hunter,beastmastery,31,16,15
16053,Sleepywrld,area-52,921,hunter,beastmastery,23,10,13
16054,Ashantii,hakkar,919,hunter,beastmastery,24,10,14
16055,Guapshot,stormreaver,917,hunter,beastmastery,29,10,19
16056,Maveraxx,executus,916,hunter,beastmastery,42,15,27
16057,Pewpew,gallywix,915,hunter,beastmastery,29,10,19
16058,Çhexmix,kiljaeden,910,hunter,beastmastery,15,10,5
16059,Actehón,ragnaros,909,hunter,beastmastery,36,18,18
16060,Coyner,tichondrius,907,hunter,beastmastery,21,10,11
16061,Capnjack,hyjal,906,hunter,beastmastery,33,10,23
16062,Wael,perenolde,905,hunter,beastmastery,17,10,7
16063,Glizzys,cairne,904,hunter,beastmastery,29,12,17
16064,Cernos,malganis,902,hunter,beastmastery,23,10,13
16065,Raikuu,skullcrusher,900,hunter,beastmastery,48,22,26
16066,Ketulirantle,azralon,891,hunter,beastmastery,46,13,33
16067,Boww,sargeras,890,hunter,beastmastery,20,10,10
16068,Moistlegs,proudmoore,890,hunter,beastmastery,26,10,16
16069,Foh,kelthuzad,888,hunter,beastmastery,17,10,7
16070,Rotokrim,emerald-dream,882,hunter,beastmastery,184,87,97
16071,Dragonman,grizzly-hills,876,hunter,beastmastery,42,10,32
16072,Spitballa,emerald-dream,870,hunter,beastmastery,31,11,20
16073,Bmhuntlol,illidan,864,hunter,beastmastery,12,9,3
16074,Slipox,sargeras,864,hunter,beastmastery,12,9,3
16075,Naestrá,bleeding-hollow,864,hunter,beastmastery,12,9,3
16076,Huntations,sargeras,864,hunter,beastmastery,12,9,3
16077,Lilperc,zuljin,864,hunter,beastmastery,12,9,3
16078,Lubze,bleeding-hollow,864,hunter,beastmastery,12,9,3
16079,Petattack,barthilas,864,hunter,beastmastery,12,9,3
16080,Elaisse,uther,864,hunter,beastmastery,12,9,3
16081,Phetch,bleeding-hollow,864,hunter,beastmastery,12,9,3
16082,Laoai,tichondrius,864,hunter,beastmastery,12,9,3
16083,Lilsynchfyb,sargeras,864,hunter,beastmastery,18,9,9
16084,Xbloody,tichondrius,864,hunter,beastmastery,18,9,9
16085,Yatyegatchun,illidan,864,hunter,beastmastery,18,9,9
16086,Airlol,tichondrius,864,hunter,beastmastery,18,9,9
16087,Zizilio,kelthuzad,864,hunter,beastmastery,18,9,9
16088,Deutêr,quelthalas,864,hunter,beastmastery,18,9,9
16089,Chouklak,zuljin,864,hunter,beastmastery,18,9,9
16090,Déwi,tichondrius,864,hunter,beastmastery,18,9,9
16091,Hagadinn,frostmourne,864,hunter,beastmastery,18,9,9
16092,Scurvypete,perenolde,864,hunter,beastmastery,24,9,15
16093,Balrröt,malganis,864,hunter,beastmastery,24,9,15
16094,Kaitoo,tichondrius,864,hunter,beastmastery,24,9,15
16095,Dirtyytroll,area-52,864,hunter,beastmastery,24,9,15
16096,Arteene,illidan,864,hunter,beastmastery,24,9,15
16097,Katiepie,frostmourne,864,hunter,beastmastery,30,9,21
16098,Saynice,warsong,863,hunter,beastmastery,12,9,3
16099,Noisetrader,illidan,863,hunter,beastmastery,12,9,3
16100,Reic,kiljaeden,863,hunter,beastmastery,15,10,5
16101,Twoshotzz,darkspear,863,hunter,beastmastery,15,10,5
16102,Xernen,thrall,863,hunter,beastmastery,18,9,9
16103,Luçkyan,tichondrius,863,hunter,beastmastery,18,9,9
16104,Hendó,korgath,863,hunter,beastmastery,18,9,9
16105,Berkhof,tichondrius,863,hunter,beastmastery,18,9,9
16106,Tethro,zuljin,863,hunter,beastmastery,18,9,9
16107,Jamzlol,frostmourne,863,hunter,beastmastery,18,9,9
16108,Dbrickashaw,proudmoore,863,hunter,beastmastery,18,9,9
16109,Burguir,ragnaros,863,hunter,beastmastery,18,9,9
16110,Nikronos,quelthalas,863,hunter,beastmastery,18,9,9
16111,Akoshi,illidan,863,hunter,beastmastery,18,9,9
16112,Wellerman,firetree,863,hunter,beastmastery,18,9,9
16113,Viral,grizzly-hills,863,hunter,beastmastery,18,9,9
16114,Drivebyjuju,dentarg,863,hunter,beastmastery,18,9,9
16115,Snowjin,stormrage,863,hunter,beastmastery,18,9,9
16116,Jockitch,wildhammer,863,hunter,beastmastery,18,9,9
16117,Nubberton,sargeras,863,hunter,beastmastery,24,9,15
16118,Tarah,lightbringer,863,hunter,beastmastery,24,9,15
16119,Bighuntz,bleeding-hollow,863,hunter,beastmastery,30,9,21
16120,Bleedwish,tichondrius,863,hunter,beastmastery,31,9,22
16121,Seáhawk,kiljaeden,862,hunter,beastmastery,12,9,3
16122,Loriandel,proudmoore,862,hunter,beastmastery,14,9,5
16123,Strongene,aegwynn,862,hunter,beastmastery,18,9,9
16124,Toross,stormscale,862,hunter,beastmastery,18,9,9
16125,Qúin,frostmourne,862,hunter,beastmastery,18,9,9
16126,Kinete,proudmoore,862,hunter,beastmastery,18,9,9
16127,Hawkeye,boulderfist,862,hunter,beastmastery,24,9,15
16128,Korasaurus,tichondrius,861,hunter,beastmastery,12,9,3
16129,Alikay,ragnaros,861,hunter,beastmastery,24,9,15
16130,Hrodvitnir,quelthalas,861,hunter,beastmastery,24,9,15
16131,Trápngap,barthilas,861,hunter,beastmastery,24,9,15
16132,Jahir,tichondrius,860,hunter,beastmastery,18,9,9
16133,Shdwhntrclub,wyrmrest-accord,860,hunter,beastmastery,24,9,15
16134,Byrdh,zuljin,860,hunter,beastmastery,27,10,17
16135,Goinghuntin,frostmourne,859,hunter,beastmastery,18,9,9
16136,Trionias,malfurion,859,hunter,beastmastery,30,9,21
16137,Xeriife,stormrage,858,hunter,beastmastery,19,9,10
16138,Soulshots,malganis,858,hunter,beastmastery,30,9,21
16139,Chuphunts,tichondrius,857,hunter,beastmastery,12,9,3
16140,Vexxør,bleeding-hollow,856,hunter,beastmastery,18,9,9
16141,Kalekros,tichondrius,856,hunter,beastmastery,30,9,21
16142,Galerius,illidan,855,hunter,beastmastery,30,9,21
16143,Sagittarion,malfurion,854,hunter,beastmastery,19,10,9
16144,Shiztec,malganis,854,hunter,beastmastery,24,9,15
16145,Foffy,darkspear,851,hunter,beastmastery,18,9,9
16146,Hunterdps,gurubashi,851,hunter,beastmastery,18,9,9
16147,Survival,dentarg,851,hunter,beastmastery,24,9,15
16148,Nalsa,tichondrius,847,hunter,beastmastery,17,9,8
16149,Eggsquatch,emerald-dream,844,hunter,beastmastery,12,9,3
16150,Skullgrain,eitrigg,844,hunter,beastmastery,23,9,14
16151,Noahxkhalel,azralon,832,hunter,beastmastery,29,9,20
16152,Hikkupz,tichondrius,831,hunter,beastmastery,23,9,14
16153,Flamenco,arthas,830,hunter,beastmastery,17,9,8
16154,Spunky,zuluhed,830,hunter,beastmastery,17,9,8
16155,Vastiks,dalaran,829,hunter,beastmastery,26,9,17
16156,Tupirani,azralon,828,hunter,beastmastery,16,9,7
16157,Coletrickle,chogall,822,hunter,beastmastery,32,10,22
16158,Rawspits,kiljaeden,814,hunter,beastmastery,29,9,20
16159,Vyalaris,emerald-dream,813,hunter,beastmastery,21,9,12
16160,Showtheio,azralon,809,hunter,beastmastery,23,11,12
16161,Bagurgur,tichondrius,799,hunter,beastmastery,16,9,7
16162,Jonyvi,stormrage,798,hunter,beastmastery,19,10,9
16163,Ryøkø,nemesis,796,hunter,beastmastery,11,9,2
16164,Owoonisan,illidan,794,hunter,beastmastery,22,9,13
16165,Anya,proudmoore,789,hunter,beastmastery,36,13,23
16166,Bowzørx,tichondrius,768,hunter,beastmastery,12,8,4
16167,Dragonspider,zuljin,768,hunter,beastmastery,12,8,4
16168,Ogstrutt,zuljin,768,hunter,beastmastery,12,8,4
16169,Puns,stormreaver,768,hunter,beastmastery,12,8,4
16170,Disper,hyjal,768,hunter,beastmastery,12,8,4
16171,Rthr,kiljaeden,768,hunter,beastmastery,12,8,4
16172,Kolotak,kelthuzad,768,hunter,beastmastery,12,8,4
16173,Flub,shadow-council,768,hunter,beastmastery,12,8,4
16174,Zute,sargeras,768,hunter,beastmastery,12,8,4
16175,Chippendales,illidan,768,hunter,beastmastery,12,8,4
16176,Jsrhuntz,sargeras,768,hunter,beastmastery,12,8,4
16177,Kite,dathremar,768,hunter,beastmastery,12,8,4
16178,Meshunt,tichondrius,768,hunter,beastmastery,12,8,4
16179,Newcomb,sargeras,768,hunter,beastmastery,12,8,4
16180,Deinaito,bleeding-hollow,768,hunter,beastmastery,12,8,4
16181,Darylovejr,destromath,768,hunter,beastmastery,12,8,4
16182,Tigglyjits,tichondrius,768,hunter,beastmastery,18,8,10
16183,Teammatescba,tichondrius,768,hunter,beastmastery,18,8,10
16184,Barosan,illidan,768,hunter,beastmastery,18,8,10
16185,Urukah,gallywix,768,hunter,beastmastery,18,8,10
16186,Oblitus,zuljin,768,hunter,beastmastery,18,8,10
16187,Heädshöt,malorne,768,hunter,beastmastery,18,8,10
16188,Oblio,silvermoon,768,hunter,beastmastery,18,8,10
16189,Yonzo,area-52,768,hunter,beastmastery,18,8,10
16190,Ddukgue,tichondrius,768,hunter,beastmastery,18,8,10
16191,Seongnam,tichondrius,768,hunter,beastmastery,18,8,10
16192,Gotrap,saurfang,768,hunter,beastmastery,18,8,10
16193,Katherìnelol,tichondrius,768,hunter,beastmastery,21,9,12
16194,Aamoody,bloodhoof,768,hunter,beastmastery,24,8,16
16195,Kolosaltraps,tichondrius,768,hunter,beastmastery,24,8,16
16196,Keldrek,wyrmrest-accord,767,hunter,beastmastery,12,8,4
16197,Remièl,frostmourne,767,hunter,beastmastery,12,8,4
16198,Hackerman,tichondrius,767,hunter,beastmastery,12,8,4
16199,Cxnt,saurfang,767,hunter,beastmastery,15,9,6
16200,Gorgoon,sargeras,767,hunter,beastmastery,16,9,7
16201,Eatmybow,nemesis,767,hunter,beastmastery,16,9,7
16202,Jesselos,stormrage,767,hunter,beastmastery,18,8,10
16203,Leandrox,quelthalas,767,hunter,beastmastery,18,8,10
16204,Raphgun,stormrage,767,hunter,beastmastery,18,8,10
16205,Zephanno,sargeras,767,hunter,beastmastery,18,8,10
16206,Picapaul,stormrage,767,hunter,beastmastery,18,8,10
16207,Vindication,ysera,767,hunter,beastmastery,18,8,10
16208,Iamreek,sargeras,767,hunter,beastmastery,18,8,10
16209,Thehunturd,dalaran,767,hunter,beastmastery,18,8,10
16210,Bowjingles,blackrock,767,hunter,beastmastery,18,8,10
16211,Jímmycorn,sargeras,767,hunter,beastmastery,18,8,10
16212,Flîp,daggerspine,767,hunter,beastmastery,18,8,10
16213,Brickgrimes,illidan,767,hunter,beastmastery,19,8,11
16214,Lûrtz,aegwynn,767,hunter,beastmastery,21,8,13
16215,Laudion,quelthalas,766,hunter,beastmastery,12,8,4
16216,Thirtyeight,blades-edge,766,hunter,beastmastery,18,8,10
16217,Hideontrap,malganis,766,hunter,beastmastery,18,8,10
16218,Föcker,emerald-dream,766,hunter,beastmastery,18,8,10
16219,Traps,deathwing,766,hunter,beastmastery,18,8,10
16220,Atheranni,azralon,766,hunter,beastmastery,18,8,10
16221,Satours,quelthalas,766,hunter,beastmastery,18,8,10
16222,Tirocertobr,azralon,766,hunter,beastmastery,18,8,10
16223,Thugio,sargeras,766,hunter,beastmastery,18,8,10
16224,Ghostone,sargeras,766,hunter,beastmastery,18,8,10
16225,Crumpit,moon-guard,766,hunter,beastmastery,27,8,19
16226,Calbone,stormrage,765,hunter,beastmastery,12,8,4
16227,Ivix,sargeras,765,hunter,beastmastery,12,8,4
16228,Hunt,akama,765,hunter,beastmastery,24,8,16
16229,Franzosisch,stormrage,764,hunter,beastmastery,12,8,4
16230,Henski,wyrmrest-accord,764,hunter,beastmastery,18,8,10
16231,Grøøves,dalaran,763,hunter,beastmastery,18,8,10
16232,Skarioth,azralon,763,hunter,beastmastery,18,8,10
16233,Dodirty,laughing-skull,763,hunter,beastmastery,24,8,16
16234,Jayker,illidan,762,hunter,beastmastery,12,8,4
16235,Halberick,quelthalas,762,hunter,beastmastery,12,8,4
16236,Shamtus,bladefist,762,hunter,beastmastery,12,8,4
16237,Tookoid,sargeras,762,hunter,beastmastery,12,8,4
16238,Stillkrow,sargeras,762,hunter,beastmastery,18,8,10
16239,Kluetus,sargeras,762,hunter,beastmastery,18,8,10
16240,Élmérfudd,tichondrius,762,hunter,beastmastery,24,8,16
16241,Àléç,mannoroth,760,hunter,beastmastery,18,8,10
16242,Bakharnabi,azralon,760,hunter,beastmastery,18,8,10
16243,Johnwïck,moon-guard,760,hunter,beastmastery,24,8,16
16244,Ophiela,shuhalo,759,hunter,beastmastery,36,8,28
16245,Eeremm,drakkari,758,hunter,beastmastery,12,8,4
16246,Massivattack,skullcrusher,758,hunter,beastmastery,24,8,16
16247,Blankshot,doomhammer,757,hunter,beastmastery,18,8,10
16248,Drpenatrator,barthilas,755,hunter,beastmastery,18,8,10
16249,Bblsallday,illidan,754,hunter,beastmastery,12,8,4
16250,Androki,stormrage,752,hunter,beastmastery,12,8,4
16251,Krispyflayz,sargeras,751,hunter,beastmastery,17,8,9
16252,Raevenah,dalaran,747,hunter,beastmastery,12,8,4
16253,Stimpblimp,jubeithos,736,hunter,beastmastery,16,8,8
16254,Hawkkeye,thunderlord,734,hunter,beastmastery,23,8,15
16255,Vendortrash,aggramar,733,hunter,beastmastery,17,8,9
16256,Wkg,azgalor,728,hunter,beastmastery,41,19,22
16257,Kathelvia,area-52,727,hunter,beastmastery,26,9,17
16258,Acotas,blades-edge,724,hunter,beastmastery,24,9,15
16259,Eksd,sargeras,719,hunter,beastmastery,11,8,3
16260,Timberex,drenden,715,hunter,beastmastery,15,8,7
16261,Kysii,burning-blade,714,hunter,beastmastery,21,8,13
16262,Cloxygen,moon-guard,713,hunter,beastmastery,22,9,13
16263,Popster,cenarius,704,hunter,beastmastery,16,8,8
16264,Petpenguin,kelthuzad,703,hunter,beastmastery,11,8,3
16265,Yozomoto,nordrassil,703,hunter,beastmastery,14,8,6
16266,Oppshot,kul-tiras,703,hunter,beastmastery,19,8,11
16267,Jinchuriki,shadow-council,703,hunter,beastmastery,28,8,20
16268,Qua,perenolde,702,hunter,beastmastery,17,8,9
16269,Snoozee,emerald-dream,702,hunter,beastmastery,20,8,12
16270,Jawnhunterii,tichondrius,672,hunter,beastmastery,12,7,5
16271,Jsr,tichondrius,672,hunter,beastmastery,12,7,5
16272,Gentledream,dalaran,672,hunter,beastmastery,12,7,5
16273,Cinnybunz,malganis,672,hunter,beastmastery,12,7,5
16274,Artames,tichondrius,672,hunter,beastmastery,12,7,5
16275,Handmemygun,aggramar,672,hunter,beastmastery,12,7,5
16276,Crimsoncoast,tichondrius,672,hunter,beastmastery,12,7,5
16277,Beabalm,dalaran,672,hunter,beastmastery,12,7,5
16278,Pmø,sargeras,672,hunter,beastmastery,12,7,5
16279,Wabí,tichondrius,672,hunter,beastmastery,12,7,5
16280,Grannygatya,tichondrius,672,hunter,beastmastery,12,7,5
16281,Downor,malganis,672,hunter,beastmastery,12,7,5
16282,Ztyer,stormrage,672,hunter,beastmastery,12,7,5
16283,Aredbull,jubeithos,672,hunter,beastmastery,12,7,5
16284,Alfentanil,thrall,672,hunter,beastmastery,12,7,5
16285,Hollowhunt,sentinels,672,hunter,beastmastery,12,7,5
16286,Mauiies,sargeras,672,hunter,beastmastery,12,7,5
16287,Akirarika,wyrmrest-accord,672,hunter,beastmastery,12,7,5
16288,Mylaqt,malganis,672,hunter,beastmastery,12,7,5
16289,Barainto,tichondrius,672,hunter,beastmastery,12,7,5
16290,Küky,ragnaros,672,hunter,beastmastery,12,7,5
16291,Sakedji,area-52,672,hunter,beastmastery,12,7,5
16292,Buzzkilla,mannoroth,672,hunter,beastmastery,12,7,5
16293,Tusxx,tichondrius,672,hunter,beastmastery,12,7,5
16294,Ajukeo,tichondrius,672,hunter,beastmastery,12,7,5
16295,Jxbupx,tichondrius,672,hunter,beastmastery,12,7,5
16296,Cumman,sargeras,672,hunter,beastmastery,12,7,5
16297,Yolotraps,thrall,672,hunter,beastmastery,12,7,5
16298,Starkhaven,firetree,672,hunter,beastmastery,12,7,5
16299,Litchi,illidan,672,hunter,beastmastery,12,7,5
16300,Skippyh,zuluhed,672,hunter,beastmastery,12,7,5
16301,Gun,shadowsong,672,hunter,beastmastery,12,7,5
16302,Xerosa,emerald-dream,672,hunter,beastmastery,12,7,5
16303,Snapyaf,area-52,672,hunter,beastmastery,12,7,5
16304,Mehontar,area-52,672,hunter,beastmastery,12,7,5
16305,Kaikunoshiri,tichondrius,672,hunter,beastmastery,12,7,5
16306,Shaytime,proudmoore,672,hunter,beastmastery,16,8,8
16307,Szeh,tichondrius,672,hunter,beastmastery,14,7,7
16308,Huntard,stormrage,672,hunter,beastmastery,18,7,11
16309,Joerogan,hydraxis,672,hunter,beastmastery,18,7,11
16310,Shorÿuken,tichondrius,672,hunter,beastmastery,18,7,11
16311,Clowntown,illidan,672,hunter,beastmastery,18,7,11
16312,Zakrogg,tichondrius,672,hunter,beastmastery,18,7,11
16313,Greenmamba,thrall,672,hunter,beastmastery,18,7,11
16314,Deuzebuk,azralon,672,hunter,beastmastery,18,7,11
16315,Mostmanly,tichondrius,672,hunter,beastmastery,18,7,11
16316,Dreagneal,ragnaros,672,hunter,beastmastery,18,7,11
16317,Sylpheous,bleeding-hollow,672,hunter,beastmastery,18,7,11
16318,Velaknahtou,illidan,672,hunter,beastmastery,18,7,11
16319,Hyperíon,draenor,672,hunter,beastmastery,18,7,11
16320,Ðevil,ragnaros,672,hunter,beastmastery,18,7,11
16321,Antares,dalaran,672,hunter,beastmastery,18,7,11
16322,Sèasons,tichondrius,672,hunter,beastmastery,21,7,14
16323,Sunsinfour,proudmoore,672,hunter,beastmastery,24,7,17
16324,Titanaxis,tichondrius,672,hunter,beastmastery,24,7,17
16325,Lavo,borean-tundra,671,hunter,beastmastery,12,7,5
16326,Winzip,whisperwind,671,hunter,beastmastery,12,7,5
16327,Spunkked,tichondrius,671,hunter,beastmastery,12,7,5
16328,Terezhunt,tichondrius,671,hunter,beastmastery,12,7,5
16329,Scruffiebear,deathwing,671,hunter,beastmastery,12,7,5
16330,Mannypew,kelthuzad,671,hunter,beastmastery,12,7,5
16331,Óriion,zuljin,671,hunter,beastmastery,12,7,5
16332,Jendell,area-52,671,hunter,beastmastery,12,7,5
16333,Ziêg,eonar,671,hunter,beastmastery,12,7,5
16334,Anniefuchsia,stormrage,671,hunter,beastmastery,12,7,5
16335,Exploits,stormrage,671,hunter,beastmastery,12,7,5
16336,Tremobbin,kelthuzad,671,hunter,beastmastery,12,7,5
16337,Melinda,kilrogg,671,hunter,beastmastery,12,7,5
16338,Scrubmastery,emerald-dream,671,hunter,beastmastery,12,7,5
16339,Beardedeagle,tichondrius,671,hunter,beastmastery,15,8,7
16340,Threethirty,thrall,671,hunter,beastmastery,18,7,11
16341,Heylenny,area-52,671,hunter,beastmastery,18,7,11
16342,Léfty,burning-blade,671,hunter,beastmastery,18,7,11
16343,Mooséhunt,wyrmrest-accord,671,hunter,beastmastery,18,7,11
16344,Jagare,tichondrius,671,hunter,beastmastery,18,7,11
16345,Amortiz,illidan,671,hunter,beastmastery,18,7,11
16346,Genowin,sargeras,671,hunter,beastmastery,18,7,11
16347,Riukyv,ragnaros,671,hunter,beastmastery,18,7,11
16348,Ratfood,tichondrius,671,hunter,beastmastery,23,7,16
16349,Madness,zuljin,670,hunter,beastmastery,12,7,5
16350,Topgun,laughing-skull,670,hunter,beastmastery,12,7,5
16351,Yanzz,spinebreaker,670,hunter,beastmastery,12,7,5
16352,Enigmer,area-52,670,hunter,beastmastery,12,7,5
16353,Fawn,moon-guard,670,hunter,beastmastery,18,7,11
16354,Spaeth,borean-tundra,670,hunter,beastmastery,24,7,17
16355,Neurosurgery,azralon,669,hunter,beastmastery,18,7,11
16356,Fynnigan,shandris,669,hunter,beastmastery,18,7,11
16357,Oneshotman,hydraxis,668,hunter,beastmastery,12,7,5
16358,Zhanzu,quelthalas,668,hunter,beastmastery,18,7,11
16359,Terusa,ragnaros,667,hunter,beastmastery,24,7,17
16360,Arielma,illidan,667,hunter,beastmastery,30,7,23
16361,Badboyzcry,deathwing,666,hunter,beastmastery,12,7,5
16362,Strafenshoot,darkspear,666,hunter,beastmastery,12,7,5
16363,Rikitiki,bleeding-hollow,663,hunter,beastmastery,18,7,11
16364,Eastera,tichondrius,663,hunter,beastmastery,27,8,19
16365,Cbramatacera,drakkari,661,hunter,beastmastery,12,7,5
16366,Theprovider,burning-blade,659,hunter,beastmastery,12,7,5
16367,Benryats,area-52,657,hunter,beastmastery,21,8,13
16368,Legendhunter,quelthalas,655,hunter,beastmastery,12,8,4
16369,Lyduc,barthilas,655,hunter,beastmastery,17,7,10
16370,Wuzi,echo-isles,653,hunter,beastmastery,18,7,11
16371,Linszsz,nemesis,648,hunter,beastmastery,23,9,14
16372,Árescarries,shuhalo,623,hunter,beastmastery,15,7,8
16373,Ashx,nemesis,623,hunter,beastmastery,17,7,10
16374,Twatshót,burning-legion,611,hunter,beastmastery,22,10,12
16375,Supdawg,aggramar,607,hunter,beastmastery,17,7,10
16376,Stfd,illidan,607,hunter,beastmastery,20,7,13
16377,Shootdogg,mannoroth,607,hunter,beastmastery,20,7,13
16378,Lulafourdedo,stormrage,606,hunter,beastmastery,9,7,2
16379,Shanghunt,cenarius,604,hunter,beastmastery,14,7,7
16380,Oshosiwar,ragnaros,588,hunter,beastmastery,21,7,14
16381,Jjaro,area-52,576,hunter,beastmastery,6,6,0
16382,Drwíggles,smolderthorn,576,hunter,beastmastery,6,6,0
16383,Rekkis,area-52,576,hunter,beastmastery,6,6,0
16384,Píps,maelstrom,576,hunter,beastmastery,6,6,0
16385,Igotapvpness,tichondrius,576,hunter,beastmastery,6,6,0
16386,Gassmask,area-52,576,hunter,beastmastery,6,6,0
16387,Ziraiel,tichondrius,576,hunter,beastmastery,12,6,6
16388,Gennaro,ragnaros,576,hunter,beastmastery,12,6,6
16389,Jwzz,tichondrius,576,hunter,beastmastery,12,6,6
16390,Mcfibers,malganis,576,hunter,beastmastery,12,6,6
16391,Jonah,sargeras,576,hunter,beastmastery,12,6,6
16392,Retaâáàäãart,tichondrius,576,hunter,beastmastery,12,6,6
16393,Raadun,terokkar,576,hunter,beastmastery,12,6,6
16394,Chriscal,zuljin,576,hunter,beastmastery,12,6,6
16395,Alochol,vashj,576,hunter,beastmastery,12,6,6
16396,Orqism,tichondrius,576,hunter,beastmastery,12,6,6
16397,Evilblammo,thorium-brotherhood,576,hunter,beastmastery,12,6,6
16398,Wapnonymous,mugthol,576,hunter,beastmastery,12,6,6
16399,Zertkal,undermine,576,hunter,beastmastery,12,6,6
16400,Relaxnerd,antonidas,576,hunter,beastmastery,12,6,6
16401,Gilv,frostmourne,576,hunter,beastmastery,12,6,6
16402,Toniic,moon-guard,576,hunter,beastmastery,12,6,6
16403,Wolfzburg,moon-guard,576,hunter,beastmastery,12,6,6
16404,Jalinhabbei,azralon,576,hunter,beastmastery,12,6,6
16405,Skyfel,aggramar,576,hunter,beastmastery,12,6,6
16406,Darksniper,proudmoore,576,hunter,beastmastery,12,6,6
16407,Zookeepah,tichondrius,576,hunter,beastmastery,12,6,6
16408,Khanittus,area-52,576,hunter,beastmastery,12,6,6
16409,Somethinglit,sargeras,576,hunter,beastmastery,12,6,6
16410,Gravshot,zuljin,576,hunter,beastmastery,12,6,6
16411,Zeedii,dalaran,576,hunter,beastmastery,12,6,6
16412,Rockoutt,emerald-dream,576,hunter,beastmastery,12,6,6
16413,Balboa,tortheldrin,576,hunter,beastmastery,12,6,6
16414,Arrebol,tichondrius,576,hunter,beastmastery,12,6,6
16415,Shøz,wyrmrest-accord,576,hunter,beastmastery,12,6,6
16416,Hunterpk,lightbringer,576,hunter,beastmastery,12,6,6
16417,Invisabootz,hyjal,576,hunter,beastmastery,12,6,6
16418,Daylilycoast,emerald-dream,576,hunter,beastmastery,12,6,6
16419,Kyoü,drakkari,576,hunter,beastmastery,12,6,6
16420,Jboogie,malganis,576,hunter,beastmastery,12,6,6
16421,Nampa,stormrage,576,hunter,beastmastery,12,6,6
16422,Kånade,ragnaros,576,hunter,beastmastery,12,6,6
16423,Dd,frostmourne,576,hunter,beastmastery,12,6,6
16424,Nytefell,skullcrusher,576,hunter,beastmastery,12,6,6
16425,Aduurant,quelthalas,576,hunter,beastmastery,12,6,6
16426,Boybawang,area-52,576,hunter,beastmastery,12,6,6
16427,Jellyleg,bleeding-hollow,576,hunter,beastmastery,12,6,6
16428,Peregrin,burning-legion,576,hunter,beastmastery,12,6,6
16429,Ahncheolsoo,tichondrius,576,hunter,beastmastery,12,6,6
16430,Spottedoger,burning-legion,576,hunter,beastmastery,12,6,6
16431,Wongy,tichondrius,576,hunter,beastmastery,12,6,6
16432,Drdill,gorefiend,576,hunter,beastmastery,12,6,6
16433,Raerdun,bonechewer,576,hunter,beastmastery,12,6,6
16434,Fma,stormrage,576,hunter,beastmastery,12,6,6
16435,Supernamh,sargeras,576,hunter,beastmastery,12,6,6
16436,Harmfulwang,emerald-dream,576,hunter,beastmastery,12,6,6
16437,Actioh,stormrage,576,hunter,beastmastery,12,6,6
16438,Misakilr,illidan,576,hunter,beastmastery,13,6,7
16439,Arraza,ragnaros,576,hunter,beastmastery,16,7,9
16440,Ærês,ysondre,576,hunter,beastmastery,14,6,8
16441,Ljai,gilneas,576,hunter,beastmastery,18,6,12
16442,Mørødox,sargeras,576,hunter,beastmastery,18,6,12
16443,Pieman,azuremyst,576,hunter,beastmastery,18,6,12
16444,Poonbaddy,kiljaeden,576,hunter,beastmastery,18,6,12
16445,Kanta,bleeding-hollow,576,hunter,beastmastery,18,6,12
16446,Møoo,ragnaros,576,hunter,beastmastery,18,6,12
16447,Khattab,tichondrius,576,hunter,beastmastery,18,6,12
16448,Virgim,kelthuzad,576,hunter,beastmastery,18,6,12
16449,Nishinos,tichondrius,576,hunter,beastmastery,18,6,12
16450,Sáns,sargeras,576,hunter,beastmastery,18,6,12
16451,Beastbaal,sargeras,576,hunter,beastmastery,24,6,18
16452,Sniffler,barthilas,576,hunter,beastmastery,24,6,18
16453,Noitrag,azralon,575,hunter,beastmastery,11,6,5
16454,Ovî,area-52,575,hunter,beastmastery,12,6,6
16455,Drimhuzzah,velen,575,hunter,beastmastery,12,6,6
16456,Asuryakha,darkspear,575,hunter,beastmastery,12,6,6
16457,Rankhor,darkspear,575,hunter,beastmastery,12,6,6
16458,Wdb,tichondrius,575,hunter,beastmastery,12,6,6
16459,Recoyl,proudmoore,575,hunter,beastmastery,12,6,6
16460,Fireshots,tichondrius,575,hunter,beastmastery,12,6,6
16461,Ontop,draka,575,hunter,beastmastery,12,6,6
16462,Horsegirl,chogall,575,hunter,beastmastery,12,6,6
16463,Míbu,lightbringer,575,hunter,beastmastery,12,6,6
16464,Burtone,aegwynn,575,hunter,beastmastery,12,6,6
16465,Yobby,area-52,575,hunter,beastmastery,12,6,6
16466,Gwarnar,stormrage,575,hunter,beastmastery,12,6,6
16467,Eastwake,stormrage,575,hunter,beastmastery,12,6,6
16468,Mindbreaker,illidan,575,hunter,beastmastery,12,6,6
16469,Gammaraven,dalaran,575,hunter,beastmastery,12,6,6
16470,Orangegummy,frostmourne,575,hunter,beastmastery,15,7,8
16471,Eggbertx,frostmourne,575,hunter,beastmastery,18,6,12
16472,Balsagoth,azralon,575,hunter,beastmastery,18,6,12
16473,Aliciaomg,andorhal,575,hunter,beastmastery,18,6,12
16474,Tozier,destromath,575,hunter,beastmastery,18,6,12
16475,Nikå,ragnaros,575,hunter,beastmastery,18,6,12
16476,Camorcaist,stormrage,575,hunter,beastmastery,18,6,12
16477,Galadrieel,magtheridon,575,hunter,beastmastery,18,6,12
16478,Hugehuntard,frostmane,575,hunter,beastmastery,30,6,24
16479,Nekrongar,agamaggan,574,hunter,beastmastery,12,6,6
16480,Arcticuz,aegwynn,574,hunter,beastmastery,12,6,6
16481,Ripmytoast,chogall,574,hunter,beastmastery,12,6,6
16482,Kalibah,azralon,574,hunter,beastmastery,18,6,12
16483,Sapphie,frostmourne,574,hunter,beastmastery,24,6,18
16484,Flooring,illidan,573,hunter,beastmastery,12,6,6
16485,Dakirell,drakkari,573,hunter,beastmastery,18,6,12
16486,Pewpewd,tichondrius,572,hunter,beastmastery,12,6,6
16487,Dethh,dunemaul,572,hunter,beastmastery,12,6,6
16488,Høød,aggramar,571,hunter,beastmastery,12,6,6
16489,Kelgar,the-scryers,571,hunter,beastmastery,18,6,12
16490,Katmang,frostmourne,571,hunter,beastmastery,18,6,12
16491,Speirs,tichondrius,570,hunter,beastmastery,18,6,12
16492,Kargathx,ragnaros,569,hunter,beastmastery,20,8,12
16493,Bluehead,emerald-dream,566,hunter,beastmastery,12,6,6
16494,Parâsite,kelthuzad,559,hunter,beastmastery,23,6,17
16495,Jîa,tichondrius,544,hunter,beastmastery,16,6,10
16496,Ullria,frostmourne,544,hunter,beastmastery,16,6,10
16497,Habanero,anetheron,543,hunter,beastmastery,14,7,7
16498,Tezlekhan,haomarush,543,hunter,beastmastery,17,6,11
16499,Viserysll,azralon,542,hunter,beastmastery,11,6,5
16500,Beolwolf,darkspear,527,hunter,beastmastery,11,6,5
16501,Rachetbutt,tichondrius,527,hunter,beastmastery,11,6,5
16502,Trycen,bleeding-hollow,527,hunter,beastmastery,11,6,5
16503,Pikepounder,tichondrius,527,hunter,beastmastery,15,6,9
16504,Memorypet,proudmoore,527,hunter,beastmastery,15,6,9
16505,Oromme,ragnaros,526,hunter,beastmastery,20,7,13
16506,Porkrager,doomhammer,522,hunter,beastmastery,14,7,7
16507,Mïsërý,tichondrius,522,hunter,beastmastery,21,7,14
16508,Bugsßunny,sargeras,521,hunter,beastmastery,22,7,15
16509,Ataxyus,area-52,512,hunter,beastmastery,10,6,4
16510,Bowjobs,stormscale,511,hunter,beastmastery,14,6,8
16511,Pigmaster,tichondrius,511,hunter,beastmastery,14,6,8
16512,Aluminumfoil,kelthuzad,510,hunter,beastmastery,11,6,5
16513,Bagodonuts,malganis,510,hunter,beastmastery,17,7,10
16514,Zock,lothar,494,hunter,beastmastery,19,6,13
16515,Bluez,tichondrius,480,hunter,beastmastery,6,5,1
16516,Nokda,tichondrius,480,hunter,beastmastery,6,5,1
16517,Kkoduckk,tichondrius,480,hunter,beastmastery,6,5,1
16518,Arthäsxd,azralon,480,hunter,beastmastery,6,5,1
16519,Buffhunt,tichondrius,480,hunter,beastmastery,6,5,1
16520,Cyrads,darkspear,480,hunter,beastmastery,6,5,1
16521,Glacierr,emerald-dream,480,hunter,beastmastery,6,5,1
16522,Wopper,moon-guard,480,hunter,beastmastery,6,5,1
16523,Brokensnipez,area-52,480,hunter,beastmastery,6,5,1
16524,Añtø,tichondrius,480,hunter,beastmastery,6,5,1
16525,Goodwillhunt,tichondrius,480,hunter,beastmastery,6,5,1
16526,Chimeralol,area-52,480,hunter,beastmastery,6,5,1
16527,Oeoeoeoeoeoe,alterac-mountains,480,hunter,beastmastery,6,5,1
16528,Arleesta,thrall,480,hunter,beastmastery,6,5,1
16529,Cojáx,dalaran,480,hunter,beastmastery,6,5,1
16530,Megahuntard,bleeding-hollow,480,hunter,beastmastery,6,5,1
16531,Yajr,black-dragonflight,480,hunter,beastmastery,6,5,1
16532,Tèrrabite,sargeras,480,hunter,beastmastery,6,5,1
16533,Zansnipes,dalaran,480,hunter,beastmastery,6,5,1
16534,Linkolnn,sargeras,480,hunter,beastmastery,6,5,1
16535,Tukki,quelthalas,480,hunter,beastmastery,6,5,1
16536,Nsjp,darkspear,480,hunter,beastmastery,6,5,1
16537,Jareeth,bleeding-hollow,480,hunter,beastmastery,6,5,1
16538,Slêv,frostmourne,480,hunter,beastmastery,6,5,1
16539,Plsnobanmee,frostmourne,480,hunter,beastmastery,6,5,1
16540,Paraxh,tichondrius,480,hunter,beastmastery,6,5,1
16541,Dankshunt,arthas,480,hunter,beastmastery,6,5,1
16542,Traptrinket,sargeras,480,hunter,beastmastery,6,5,1
16543,Devilborne,tichondrius,480,hunter,beastmastery,6,5,1
16544,Airoh,gorefiend,480,hunter,beastmastery,10,6,4
16545,Hitcompleted,moon-guard,480,hunter,beastmastery,12,5,7
16546,Wønky,stormrage,480,hunter,beastmastery,12,5,7
16547,Smexyhunter,moon-guard,480,hunter,beastmastery,12,5,7
16548,Grizmin,sargeras,480,hunter,beastmastery,12,5,7
16549,Silveraero,ghostlands,480,hunter,beastmastery,12,5,7
16550,Fallacies,moon-guard,480,hunter,beastmastery,12,5,7
16551,Killaseason,akama,480,hunter,beastmastery,12,5,7
16552,Taphh,moon-guard,480,hunter,beastmastery,12,5,7
16553,Køk,agamaggan,480,hunter,beastmastery,12,5,7
16554,Banai,the-underbog,480,hunter,beastmastery,12,5,7
16555,Twoshotz,stormrage,480,hunter,beastmastery,12,5,7
16556,Skitso,illidan,480,hunter,beastmastery,12,5,7
16557,Alssong,tichondrius,480,hunter,beastmastery,12,5,7
16558,Bowzza,area-52,480,hunter,beastmastery,12,5,7
16559,Thejw,firetree,480,hunter,beastmastery,12,5,7
16560,Ferex,tichondrius,480,hunter,beastmastery,12,5,7
16561,Imperatrix,emerald-dream,480,hunter,beastmastery,12,5,7
16562,Drakku,zuljin,480,hunter,beastmastery,12,5,7
16563,Pichsolika,frostmourne,480,hunter,beastmastery,12,5,7
16564,Kaloh,daggerspine,480,hunter,beastmastery,12,5,7
16565,Kansolly,tichondrius,480,hunter,beastmastery,12,5,7
16566,Nashi,burning-blade,480,hunter,beastmastery,12,5,7
16567,Àthenaa,malygos,480,hunter,beastmastery,12,5,7
16568,Boradin,lightbringer,480,hunter,beastmastery,12,5,7
16569,Powdersoak,area-52,480,hunter,beastmastery,12,5,7
16570,Sinvat,tichondrius,480,hunter,beastmastery,12,5,7
16571,Kurmojo,hyjal,480,hunter,beastmastery,12,5,7
16572,Michaeljfox,area-52,480,hunter,beastmastery,12,5,7
16573,Tureckk,illidan,480,hunter,beastmastery,12,5,7
16574,Exabyssus,bleeding-hollow,480,hunter,beastmastery,12,5,7
16575,Nj,kiljaeden,480,hunter,beastmastery,12,5,7
16576,Sunflwerdawn,emerald-dream,480,hunter,beastmastery,12,5,7
16577,Backa,jubeithos,480,hunter,beastmastery,12,5,7
16578,Ariais,zangarmarsh,480,hunter,beastmastery,12,5,7
16579,Squiik,wildhammer,480,hunter,beastmastery,12,5,7
16580,Tarkovs,area-52,480,hunter,beastmastery,12,5,7
16581,Zinelun,quelthalas,480,hunter,beastmastery,12,5,7
16582,Chipsncheese,korgath,480,hunter,beastmastery,12,5,7
16583,Pàstor,azralon,480,hunter,beastmastery,12,5,7
16584,Tosila,tichondrius,480,hunter,beastmastery,12,5,7
16585,Mcbacon,illidan,480,hunter,beastmastery,12,5,7
16586,Valeous,azjolnerub,480,hunter,beastmastery,12,5,7
16587,Hellbow,ragnaros,480,hunter,beastmastery,12,5,7
16588,Mav,dragonmaw,480,hunter,beastmastery,14,5,9
16589,Bøl,ragnaros,480,hunter,beastmastery,16,5,11
16590,Amoreiene,stormrage,480,hunter,beastmastery,18,5,13
16591,Chetxs,bleeding-hollow,480,hunter,beastmastery,18,5,13
16592,Semiautmatic,thrall,480,hunter,beastmastery,18,5,13
16593,Mingsomnia,kiljaeden,480,hunter,beastmastery,18,5,13
16594,Blockbusters,sargeras,480,hunter,beastmastery,18,5,13
16595,Trycaza,ragnaros,480,hunter,beastmastery,18,5,13
16596,Snoogen,illidan,480,hunter,beastmastery,18,5,13
16597,Cophunter,tichondrius,480,hunter,beastmastery,18,5,13
16598,Kango,azgalor,480,hunter,beastmastery,24,5,19
16599,Segulah,dalaran,479,hunter,beastmastery,6,5,1
16600,Mafghine,malganis,479,hunter,beastmastery,6,5,1
16601,Sizzimus,area-52,479,hunter,beastmastery,6,5,1
16602,Zpax,area-52,479,hunter,beastmastery,6,5,1
16603,Shoya,nerzhul,479,hunter,beastmastery,12,5,7
16604,Livershot,zuljin,479,hunter,beastmastery,12,5,7
16605,Deadlyattack,barthilas,479,hunter,beastmastery,12,5,7
16606,Ashevan,stormrage,479,hunter,beastmastery,12,5,7
16607,Equipmunk,arthas,479,hunter,beastmastery,12,5,7
16608,Ellarise,stormrage,479,hunter,beastmastery,12,5,7
16609,Yatolo,barthilas,479,hunter,beastmastery,12,5,7
16610,Chosan,sargeras,479,hunter,beastmastery,12,5,7
16611,Pickshot,boulderfist,479,hunter,beastmastery,12,5,7
16612,Kairoke,azralon,479,hunter,beastmastery,12,5,7
16613,Dwarfpecker,hydraxis,479,hunter,beastmastery,12,5,7
16614,Mecatrón,quelthalas,479,hunter,beastmastery,12,5,7
16615,Trushôtz,tichondrius,479,hunter,beastmastery,17,5,12
16616,Boomup,tichondrius,479,hunter,beastmastery,21,6,15
16617,Smider,magtheridon,479,hunter,beastmastery,18,5,13
16618,Starkmeister,stormrage,479,hunter,beastmastery,18,5,13
16619,Morngrimm,area-52,479,hunter,beastmastery,18,5,13
16620,Seenobody,stormrage,479,hunter,beastmastery,29,5,24
16621,Zarrockk,emerald-dream,478,hunter,beastmastery,12,5,7
16622,Fiznits,nerzhul,478,hunter,beastmastery,18,5,13
16623,Isagypsy,ragnaros,477,hunter,beastmastery,12,5,7
16624,Slowbear,kiljaeden,477,hunter,beastmastery,12,5,7
16625,Feralhuntard,muradin,477,hunter,beastmastery,12,5,7
16626,Braindeadly,malganis,476,hunter,beastmastery,12,5,7
16627,Syphiel,moon-guard,476,hunter,beastmastery,12,5,7
16628,Gilonate,tichondrius,476,hunter,beastmastery,30,5,25
16629,Ogma,mugthol,475,hunter,beastmastery,12,5,7
16630,Larthas,greymane,475,hunter,beastmastery,12,5,7
16631,Mehtcurious,ragnaros,470,hunter,beastmastery,18,5,13
16632,Redrum,turalyon,448,hunter,beastmastery,10,5,5
16633,Gunther,korgath,447,hunter,beastmastery,11,5,6
16634,Revenantz,stormrage,447,hunter,beastmastery,11,5,6
16635,Travisshot,tichondrius,447,hunter,beastmastery,11,5,6
16636,Verzatyle,frostwolf,447,hunter,beastmastery,11,5,6
16637,Vuur,korialstrasz,447,hunter,beastmastery,19,6,13
16638,Òrìòn,tichondrius,432,hunter,beastmastery,9,5,4
16639,Lelreisw,goldrinn,432,hunter,beastmastery,15,5,10
16640,Rástakhan,ragnaros,431,hunter,beastmastery,11,5,6
16641,Fiury,hyjal,428,hunter,beastmastery,9,5,4
16642,Hazzlôk,cairne,426,hunter,beastmastery,20,7,13
16643,Malgar,zuljin,415,hunter,beastmastery,11,5,6
16644,Missionfiggs,malganis,415,hunter,beastmastery,14,5,9
16645,Kaiso,chogall,415,hunter,beastmastery,14,5,9
16646,Resonators,tichondrius,400,hunter,beastmastery,13,5,8
16647,Chikkynuggy,destromath,384,hunter,beastmastery,6,4,2
16648,Celdiirn,dragonmaw,384,hunter,beastmastery,6,4,2
16649,Gorillafart,spirestone,384,hunter,beastmastery,6,4,2
16650,Jerso,zuljin,384,hunter,beastmastery,6,4,2
16651,Zarnick,frostwolf,384,hunter,beastmastery,6,4,2
16652,Shotgunpain,nazjatar,384,hunter,beastmastery,6,4,2
16653,Putos,zuljin,384,hunter,beastmastery,6,4,2
16654,Tezcâtlipocâ,sargeras,384,hunter,beastmastery,6,4,2
16655,Bufluu,bleeding-hollow,384,hunter,beastmastery,6,4,2
16656,Hyyz,proudmoore,384,hunter,beastmastery,6,4,2
16657,Deddita,zuljin,384,hunter,beastmastery,6,4,2
16658,Bodangel,galakrond,384,hunter,beastmastery,6,4,2
16659,Bowfox,area-52,384,hunter,beastmastery,6,4,2
16660,Eglon,bleeding-hollow,384,hunter,beastmastery,6,4,2
16661,Moash,spinebreaker,384,hunter,beastmastery,6,4,2
16662,Yeaheh,area-52,384,hunter,beastmastery,6,4,2
16663,Bmobepip,malganis,384,hunter,beastmastery,6,4,2
16664,Shiki,icecrown,384,hunter,beastmastery,6,4,2
16665,Drexzo,tichondrius,384,hunter,beastmastery,6,4,2
16666,Missedtrap,tichondrius,384,hunter,beastmastery,6,4,2
16667,Anisphia,tichondrius,384,hunter,beastmastery,6,4,2
16668,Naxhunter,stormrage,384,hunter,beastmastery,6,4,2
16669,Ezari,zuljin,384,hunter,beastmastery,6,4,2
16670,Stallwart,bronzebeard,384,hunter,beastmastery,6,4,2
16671,Vanquisher,trollbane,384,hunter,beastmastery,6,4,2
16672,Loranoh,illidan,384,hunter,beastmastery,6,4,2
16673,Skað,lightbringer,384,hunter,beastmastery,6,4,2
16674,Dcousins,tichondrius,384,hunter,beastmastery,6,4,2
16675,Mexishots,tichondrius,384,hunter,beastmastery,6,4,2
16676,Lowlore,moon-guard,384,hunter,beastmastery,6,4,2
16677,Eazyaimz,thrall,384,hunter,beastmastery,6,4,2
16678,Kong,tichondrius,384,hunter,beastmastery,6,4,2
16679,Ithanna,quelthalas,384,hunter,beastmastery,6,4,2
16680,Malcab,tichondrius,384,hunter,beastmastery,6,4,2
16681,Hunterquim,stormrage,384,hunter,beastmastery,6,4,2
16682,Reilerhunt,stormrage,384,hunter,beastmastery,6,4,2
16683,Silvershot,emerald-dream,384,hunter,beastmastery,6,4,2
16684,Snipingmilfs,zuluhed,384,hunter,beastmastery,6,4,2
16685,Drinktodrown,moon-guard,384,hunter,beastmastery,6,4,2
16686,Skytah,darkspear,384,hunter,beastmastery,6,4,2
16687,Infatuatedx,moon-guard,384,hunter,beastmastery,6,4,2
16688,Sindshai,onyxia,384,hunter,beastmastery,6,4,2
16689,Redzic,tichondrius,384,hunter,beastmastery,6,4,2
16690,Sôuleater,moon-guard,384,hunter,beastmastery,6,4,2
16691,Yosra,frostmourne,384,hunter,beastmastery,6,4,2
16692,Dexh,frostmourne,384,hunter,beastmastery,6,4,2
16693,Splosiv,stormrage,384,hunter,beastmastery,6,4,2
16694,Fizzpow,blackrock,384,hunter,beastmastery,6,4,2
16695,Jerusa,illidan,384,hunter,beastmastery,6,4,2
16696,Probo,aegwynn,384,hunter,beastmastery,6,4,2
16697,Chokemescara,stormrage,384,hunter,beastmastery,6,4,2
16698,Priapismxh,stormrage,384,hunter,beastmastery,6,4,2
16699,Coppersnout,wyrmrest-accord,384,hunter,beastmastery,6,4,2
16700,Zubo,tichondrius,384,hunter,beastmastery,6,4,2
16701,Ragerab,trollbane,384,hunter,beastmastery,6,4,2
16702,Chichi,korgath,384,hunter,beastmastery,6,4,2
16703,Markymarc,tichondrius,384,hunter,beastmastery,6,4,2
16704,Nakyash,ragnaros,384,hunter,beastmastery,9,5,4
16705,Chutput,dalaran,384,hunter,beastmastery,9,5,4
16706,Jeonghun,tichondrius,384,hunter,beastmastery,9,5,4
16707,Anteróz,tichondrius,384,hunter,beastmastery,9,4,5
16708,Jaboe,thrall,384,hunter,beastmastery,12,4,8
16709,Grimshot,boulderfist,384,hunter,beastmastery,12,4,8
16710,Bazanguita,tichondrius,384,hunter,beastmastery,12,4,8
16711,Ælij,tichondrius,384,hunter,beastmastery,12,4,8
16712,Grumaku,area-52,384,hunter,beastmastery,12,4,8
16713,Bowsauce,khadgar,384,hunter,beastmastery,12,4,8
16714,Alkynabm,kelthuzad,384,hunter,beastmastery,12,4,8
16715,Kharvaash,onyxia,384,hunter,beastmastery,12,4,8
16716,Coolbeanz,boulderfist,384,hunter,beastmastery,12,4,8
16717,Gaydin,zuljin,384,hunter,beastmastery,12,4,8
16718,Shatterwax,area-52,384,hunter,beastmastery,12,4,8
16719,Zeront,garona,384,hunter,beastmastery,12,4,8
16720,Kok,andorhal,384,hunter,beastmastery,12,4,8
16721,Logandawgfan,thunderlord,384,hunter,beastmastery,12,4,8
16722,Killatrap,malganis,384,hunter,beastmastery,12,4,8
16723,Macabre,scilla,384,hunter,beastmastery,12,4,8
16724,Cndavyjones,akama,384,hunter,beastmastery,12,4,8
16725,Dubbledee,malganis,384,hunter,beastmastery,12,4,8
16726,Massacration,area-52,384,hunter,beastmastery,12,4,8
16727,Devastavi,proudmoore,384,hunter,beastmastery,12,4,8
16728,Saharä,illidan,384,hunter,beastmastery,12,4,8
16729,Cluhaywood,zuljin,384,hunter,beastmastery,12,4,8
16730,Xhítt,sargeras,384,hunter,beastmastery,12,4,8
16731,Zoëx,amanthul,384,hunter,beastmastery,12,4,8
16732,Skycaptaín,lightbringer,384,hunter,beastmastery,12,4,8
16733,Softhunter,tichondrius,384,hunter,beastmastery,12,4,8
16734,Lookoutt,tichondrius,384,hunter,beastmastery,12,4,8
16735,Moùrningwood,stormrage,384,hunter,beastmastery,12,4,8
16736,Bangerzx,stormrage,384,hunter,beastmastery,12,4,8
16737,Throwadox,malganis,384,hunter,beastmastery,12,4,8
16738,Miansi,tichondrius,384,hunter,beastmastery,12,4,8
16739,Dampteeth,sargeras,384,hunter,beastmastery,12,4,8
16740,Gandury,tichondrius,384,hunter,beastmastery,12,4,8
16741,Inetpub,stormrage,384,hunter,beastmastery,12,4,8
16742,Bówjòb,nordrassil,384,hunter,beastmastery,12,4,8
16743,Elywen,alexstrasza,384,hunter,beastmastery,12,4,8
16744,Pirateninja,illidan,384,hunter,beastmastery,12,4,8
16745,Dangerclam,barthilas,384,hunter,beastmastery,12,4,8
16746,Doves,wyrmrest-accord,384,hunter,beastmastery,12,4,8
16747,Oddangel,azuremyst,384,hunter,beastmastery,12,4,8
16748,Twopawshunta,tichondrius,384,hunter,beastmastery,12,4,8
16749,Zylen,tichondrius,384,hunter,beastmastery,12,4,8
16750,Vencc,tichondrius,384,hunter,beastmastery,12,4,8
16751,Noxura,illidan,384,hunter,beastmastery,12,4,8
16752,Withoutraps,quelthalas,384,hunter,beastmastery,12,4,8
16753,Shaevie,lothar,384,hunter,beastmastery,12,4,8
16754,Teddybowschi,sargeras,384,hunter,beastmastery,12,4,8
16755,Thorssman,illidan,384,hunter,beastmastery,12,4,8
16756,Coggter,uther,384,hunter,beastmastery,12,4,8
16757,Arcuz,quelthalas,384,hunter,beastmastery,12,4,8
16758,Päinal,area-52,384,hunter,beastmastery,12,4,8
16759,Seanpaì,tichondrius,384,hunter,beastmastery,12,4,8
16760,Oztroza,grizzly-hills,384,hunter,beastmastery,12,4,8
16761,Vandescar,illidan,384,hunter,beastmastery,12,4,8
16762,Calypso,chromaggus,384,hunter,beastmastery,12,4,8
16763,Mídnîght,azralon,384,hunter,beastmastery,12,4,8
16764,Valrosan,stormrage,384,hunter,beastmastery,12,4,8
16765,Deahtgab,ragnaros,384,hunter,beastmastery,12,4,8
16766,Rhyzen,drenden,384,hunter,beastmastery,12,4,8
16767,Tigerswood,sargeras,384,hunter,beastmastery,12,4,8
16768,Fydehunt,stormrage,384,hunter,beastmastery,14,4,10
16769,Atheos,gallywix,384,hunter,beastmastery,18,4,14
16770,Skpro,tichondrius,384,hunter,beastmastery,18,4,14
16771,Löö,arthas,384,hunter,beastmastery,23,4,19
16772,Volga,haomarush,383,hunter,beastmastery,6,4,2
16773,Ganaja,laughing-skull,383,hunter,beastmastery,6,4,2
16774,Bboo,bonechewer,383,hunter,beastmastery,6,4,2
16775,Olelf,chogall,383,hunter,beastmastery,6,4,2
16776,Gichiwalrus,emerald-dream,383,hunter,beastmastery,6,4,2
16777,Beatnyou,tichondrius,383,hunter,beastmastery,12,4,8
16778,Gals,saurfang,383,hunter,beastmastery,12,4,8
16779,Lamper,emerald-dream,383,hunter,beastmastery,12,4,8
16780,Paulayork,drakthul,383,hunter,beastmastery,12,4,8
16781,Lazygnome,azshara,383,hunter,beastmastery,12,4,8
16782,Mortia,thunderlord,383,hunter,beastmastery,12,4,8
16783,Tarakii,moon-guard,383,hunter,beastmastery,12,4,8
16784,Böwjøb,illidan,383,hunter,beastmastery,12,4,8
16785,Etb,bleeding-hollow,382,hunter,beastmastery,12,4,8
16786,Alby,daggerspine,367,hunter,beastmastery,11,4,7
16787,Ire,kelthuzad,367,hunter,beastmastery,11,4,7
16788,Sylaris,arathor,366,hunter,beastmastery,11,4,7
16789,Kemper,dragonmaw,351,hunter,beastmastery,11,4,7
16790,Clinkz,chogall,351,hunter,beastmastery,11,4,7
16791,Vínçent,blood-furnace,351,hunter,beastmastery,17,4,13
16792,Sadarrow,frostmourne,334,hunter,beastmastery,11,4,7
16793,Drakarÿs,drakkari,326,hunter,beastmastery,18,5,13
16794,Vanasir,moon-guard,319,hunter,beastmastery,5,4,1
16795,Rachael,veknilash,319,hunter,beastmastery,8,4,4
16796,Khillin,destromath,319,hunter,beastmastery,8,4,4
16797,Punkrockguy,illidan,319,hunter,beastmastery,14,4,10
16798,Longbeau,gnomeregan,288,hunter,beastmastery,6,3,3
16799,Euamomilfs,azralon,288,hunter,beastmastery,6,3,3
16800,Ocxhunter,nemesis,288,hunter,beastmastery,6,3,3
16801,Redthedeer,warsong,288,hunter,beastmastery,6,3,3
16802,Latrampoza,quelthalas,288,hunter,beastmastery,6,3,3
16803,Jungling,kelthuzad,288,hunter,beastmastery,6,3,3
16804,Makeastinky,malfurion,288,hunter,beastmastery,6,3,3
16805,Crinkx,arthas,288,hunter,beastmastery,6,3,3
16806,Chadbowsman,tichondrius,288,hunter,beastmastery,6,3,3
16807,Siimmplicitz,area-52,288,hunter,beastmastery,6,3,3
16808,Mastasnipa,illidan,288,hunter,beastmastery,6,3,3
16809,Seeq,illidan,288,hunter,beastmastery,6,3,3
16810,Sensitivthug,sargeras,288,hunter,beastmastery,6,3,3
16811,Braxigarr,area-52,288,hunter,beastmastery,6,3,3
16812,Catharsis,quelthalas,288,hunter,beastmastery,6,3,3
16813,Adapted,proudmoore,288,hunter,beastmastery,6,3,3
16814,Atlacatl,tichondrius,288,hunter,beastmastery,6,3,3
16815,Beastmodex,quelthalas,288,hunter,beastmastery,6,3,3
16816,Vivaswan,tichondrius,288,hunter,beastmastery,6,3,3
16817,Georgigeo,turalyon,288,hunter,beastmastery,6,3,3
16818,Longshott,azralon,288,hunter,beastmastery,6,3,3
16819,Limpingspoon,kelthuzad,288,hunter,beastmastery,6,3,3
16820,Norgalys,proudmoore,288,hunter,beastmastery,6,3,3
16821,Miraclez,nerzhul,288,hunter,beastmastery,6,3,3
16822,Vinksy,sargeras,288,hunter,beastmastery,6,3,3
16823,Harosh,azralon,288,hunter,beastmastery,6,3,3
16824,Dontkillpet,shandris,288,hunter,beastmastery,6,3,3
16825,Guacmec,tichondrius,288,hunter,beastmastery,6,3,3
16826,Saucypapi,kiljaeden,288,hunter,beastmastery,6,3,3
16827,Moroallytwo,sargeras,288,hunter,beastmastery,6,3,3
16828,Grayføxx,twisting-nether,288,hunter,beastmastery,6,3,3
16829,Díllý,area-52,288,hunter,beastmastery,6,3,3
16830,Bountybud,kiljaeden,288,hunter,beastmastery,6,3,3
16831,Terrabytés,kelthuzad,288,hunter,beastmastery,6,3,3
16832,Teaa,dalaran,288,hunter,beastmastery,6,3,3
16833,Brenoob,azralon,288,hunter,beastmastery,6,3,3
16834,Enonoa,thunderlord,288,hunter,beastmastery,6,3,3
16835,Lelantos,stonemaul,288,hunter,beastmastery,6,3,3
16836,Barrohunt,tichondrius,288,hunter,beastmastery,6,3,3
16837,Tonysting,sargeras,288,hunter,beastmastery,6,3,3
16838,Zeroday,emerald-dream,288,hunter,beastmastery,6,3,3
16839,Tuanorz,proudmoore,288,hunter,beastmastery,6,3,3
16840,Tetzuo,illidan,288,hunter,beastmastery,6,3,3
16841,Ballistik,area-52,288,hunter,beastmastery,6,3,3
16842,Goraku,dalaran,288,hunter,beastmastery,6,3,3
16843,Britannian,moon-guard,288,hunter,beastmastery,6,3,3
16844,Fakerz,stormrage,288,hunter,beastmastery,6,3,3
16845,Nyloc,dalvengyr,288,hunter,beastmastery,6,3,3
16846,Gudlukk,stormrage,288,hunter,beastmastery,6,3,3
16847,Blastinnagas,tichondrius,288,hunter,beastmastery,6,3,3
16848,Huntmon,nemesis,288,hunter,beastmastery,6,3,3
16849,Moralidawn,illidan,288,hunter,beastmastery,6,3,3
16850,Nexxa,muradin,288,hunter,beastmastery,6,3,3
16851,Wanshöt,tichondrius,288,hunter,beastmastery,6,3,3
16852,Anatric,illidan,288,hunter,beastmastery,6,3,3
16853,Mulnaaj,zuljin,288,hunter,beastmastery,6,3,3
16854,Lyler,tichondrius,288,hunter,beastmastery,6,3,3
16855,Pewpewbang,muradin,288,hunter,beastmastery,6,3,3
16856,Kaboomza,tichondrius,288,hunter,beastmastery,6,3,3
16857,Smoothbrainz,blackrock,288,hunter,beastmastery,6,3,3
16858,Kupupor,area-52,288,hunter,beastmastery,6,3,3
16859,Yoyoletsgo,malganis,288,hunter,beastmastery,6,3,3
16860,Archicur,darkspear,288,hunter,beastmastery,6,3,3
16861,Perfectcrit,area-52,288,hunter,beastmastery,6,3,3
16862,Vikshen,illidan,288,hunter,beastmastery,6,3,3
16863,Ironova,illidan,288,hunter,beastmastery,6,3,3
16864,Moyria,quelthalas,288,hunter,beastmastery,6,3,3
16865,Bmsurvmm,tichondrius,288,hunter,beastmastery,6,3,3
16866,Añto,tichondrius,288,hunter,beastmastery,6,3,3
16867,Cefla,illidan,288,hunter,beastmastery,6,3,3
16868,Gugubird,proudmoore,288,hunter,beastmastery,6,3,3
16869,Nightstålkër,moon-guard,288,hunter,beastmastery,6,3,3
16870,Raainha,stormrage,288,hunter,beastmastery,6,3,3
16871,Soberish,bleeding-hollow,288,hunter,beastmastery,6,3,3
16872,Mynds,stormrage,288,hunter,beastmastery,6,3,3
16873,Mogradme,shadowsong,288,hunter,beastmastery,6,3,3
16874,Arrazyne,jubeithos,288,hunter,beastmastery,6,3,3
16875,Viavii,barthilas,288,hunter,beastmastery,6,3,3
16876,Salvatiel,stormrage,288,hunter,beastmastery,6,3,3
16877,Leadblaster,gorefiend,288,hunter,beastmastery,6,3,3
16878,Hordworld,tichondrius,288,hunter,beastmastery,6,3,3
16879,Schumann,ursin,288,hunter,beastmastery,6,3,3
16880,Trixex,darkspear,288,hunter,beastmastery,6,3,3
16881,Gnurfgun,proudmoore,288,hunter,beastmastery,6,3,3
16882,Hannes,boulderfist,288,hunter,beastmastery,6,3,3
16883,Shallaiya,stormrage,288,hunter,beastmastery,6,3,3
16884,Venj,proudmoore,288,hunter,beastmastery,6,3,3
16885,Skulltøn,area-52,288,hunter,beastmastery,6,3,3
16886,Grimpossible,sargeras,288,hunter,beastmastery,6,3,3
16887,Doubletappz,stormrage,288,hunter,beastmastery,6,3,3
16888,Tulipbee,moon-guard,288,hunter,beastmastery,6,3,3
16889,Mondlicht,tichondrius,288,hunter,beastmastery,6,3,3
16890,Trailed,dalaran,288,hunter,beastmastery,6,3,3
16891,Djpopshot,thrall,288,hunter,beastmastery,6,3,3
16892,Aldurion,wyrmrest-accord,288,hunter,beastmastery,6,3,3
16893,Billcsbyswtr,sargeras,288,hunter,beastmastery,6,3,3
16894,Popshotz,khazgoroth,288,hunter,beastmastery,6,3,3
16895,Skarsnick,draenor,288,hunter,beastmastery,6,3,3
16896,Scolhunter,scarlet-crusade,288,hunter,beastmastery,6,3,3
16897,Vicarnam,uldum,288,hunter,beastmastery,6,3,3
16898,Tibineids,stormrage,288,hunter,beastmastery,6,3,3
16899,Onahai,tichondrius,288,hunter,beastmastery,6,3,3
16900,Toxicbowjobs,tichondrius,288,hunter,beastmastery,6,3,3
16901,Sibbleiv,boulderfist,288,hunter,beastmastery,6,3,3
16902,Makag,illidan,288,hunter,beastmastery,6,3,3
16903,Tribë,emerald-dream,288,hunter,beastmastery,6,3,3
16904,Bagofsnit,frostmourne,288,hunter,beastmastery,6,3,3
16905,Realzanderr,antonidas,288,hunter,beastmastery,6,3,3
16906,Herroo,thrall,288,hunter,beastmastery,6,3,3
16907,Emart,bloodhoof,288,hunter,beastmastery,6,3,3
16908,Shikay,frostmourne,288,hunter,beastmastery,6,3,3
16909,Çrimson,frostmourne,288,hunter,beastmastery,6,3,3
16910,Comtambisuon,frostmourne,288,hunter,beastmastery,6,3,3
16911,Hahahahahaha,frostmourne,288,hunter,beastmastery,6,3,3
16912,Elroyjetson,arthas,288,hunter,beastmastery,6,3,3
16913,Shootin,frostmourne,288,hunter,beastmastery,6,3,3
16914,Coachs,tichondrius,288,hunter,beastmastery,6,3,3
16915,Wannakill,stormrage,288,hunter,beastmastery,6,3,3
16916,Brorc,kul-tiras,288,hunter,beastmastery,6,3,3
16917,Wiittig,hyjal,288,hunter,beastmastery,6,3,3
16918,Trickshot,hakkar,288,hunter,beastmastery,6,3,3
16919,Talksic,bladefist,288,hunter,beastmastery,6,3,3
16920,Archetype,bladefist,288,hunter,beastmastery,6,3,3
16921,Firskin,frostmourne,288,hunter,beastmastery,6,3,3
16922,Kahoykeso,frostmourne,288,hunter,beastmastery,6,3,3
16923,Gupples,frostwolf,288,hunter,beastmastery,6,3,3
16924,Shallwe,frostmourne,288,hunter,beastmastery,6,3,3
16925,Llachiip,zuljin,288,hunter,beastmastery,10,4,6
16926,Rhaygon,arthas,288,hunter,beastmastery,12,3,9
16927,Ruckq,stormrage,288,hunter,beastmastery,12,3,9
16928,Rooman,ragnaros,288,hunter,beastmastery,12,3,9
16929,Autismo,garithos,288,hunter,beastmastery,12,3,9
16930,Jgalth,chogall,288,hunter,beastmastery,12,3,9
16931,Ryanderanged,wyrmrest-accord,288,hunter,beastmastery,12,3,9
16932,Neríne,drakkari,288,hunter,beastmastery,12,3,9
16933,Auset,aegwynn,288,hunter,beastmastery,12,3,9
16934,Gunwalk,azjolnerub,288,hunter,beastmastery,12,3,9
16935,Wave,kelthuzad,288,hunter,beastmastery,12,3,9
16936,Thiande,zuljin,288,hunter,beastmastery,12,3,9
16937,Leggodex,caelestrasz,288,hunter,beastmastery,12,3,9
16938,Grlzzlyadams,norgannon,288,hunter,beastmastery,12,3,9
16939,Brewster,burning-legion,288,hunter,beastmastery,12,3,9
16940,Natnat,sargeras,288,hunter,beastmastery,12,3,9
16941,Prowd,staghelm,288,hunter,beastmastery,12,3,9
16942,Dieplox,thunderhorn,288,hunter,beastmastery,12,3,9
16943,Icculus,norgannon,288,hunter,beastmastery,12,3,9
16944,Tanrith,dark-iron,288,hunter,beastmastery,12,3,9
16945,Delanooch,rexxar,288,hunter,beastmastery,12,3,9
16946,Digsites,emerald-dream,288,hunter,beastmastery,12,3,9
16947,ßloodmain,tichondrius,288,hunter,beastmastery,12,3,9
16948,Legacee,shattered-hand,288,hunter,beastmastery,12,3,9
16949,Zhona,moon-guard,288,hunter,beastmastery,12,3,9
16950,Wargodthor,blades-edge,288,hunter,beastmastery,12,3,9
16951,Dsizzle,tichondrius,288,hunter,beastmastery,12,3,9
16952,Rinasonline,sargeras,288,hunter,beastmastery,12,3,9
16953,Kharthorin,moon-guard,288,hunter,beastmastery,12,3,9
16954,Fosberry,sargeras,288,hunter,beastmastery,12,3,9
16955,Rice,veknilash,288,hunter,beastmastery,12,3,9
16956,Worewolf,lightninghoof,288,hunter,beastmastery,12,3,9
16957,Zaydenm,sargeras,288,hunter,beastmastery,12,3,9
16958,Bëcäüsë,proudmoore,288,hunter,beastmastery,18,3,15
16959,Fiercetamer,azuremyst,288,hunter,beastmastery,18,3,15
16960,Yiyixx,tichondrius,288,hunter,beastmastery,18,3,15
16961,Mphunter,azralon,288,hunter,beastmastery,24,3,21
16962,Euroniimus,ragnaros,287,hunter,beastmastery,6,3,3
16963,Pureguava,gorefiend,287,hunter,beastmastery,6,3,3
16964,Ledan,lightnings-blade,287,hunter,beastmastery,6,3,3
16965,Wolftracer,sargeras,287,hunter,beastmastery,6,3,3
16966,Luzyfer,quelthalas,287,hunter,beastmastery,6,3,3
16967,Snaken,the-forgotten-coast,287,hunter,beastmastery,12,3,9
16968,Frenchhtoast,sargeras,287,hunter,beastmastery,12,3,9
16969,Kenhay,wyrmrest-accord,287,hunter,beastmastery,12,3,9
16970,Arin,suramar,287,hunter,beastmastery,12,3,9
16971,Darkally,blades-edge,285,hunter,beastmastery,18,3,15
16972,Bulszeye,azgalor,255,hunter,beastmastery,8,4,4
16973,Cuddle,arathor,255,hunter,beastmastery,11,3,8
16974,Pokeyourbutt,hydraxis,240,hunter,beastmastery,15,3,12
16975,Kaelhim,warsong,239,hunter,beastmastery,5,3,2
16976,Diisdik,tichondrius,239,hunter,beastmastery,5,3,2
16977,Vicecheney,illidan,239,hunter,beastmastery,5,3,2
16978,Léfty,nagrand,239,hunter,beastmastery,11,3,8
16979,Djcummyfeet,stormrage,234,hunter,beastmastery,17,6,11
16980,Iililillilii,tichondrius,234,hunter,beastmastery,14,4,10
16981,Ijii,tichondrius,223,hunter,beastmastery,14,3,11
16982,Feralcat,nazjatar,208,hunter,beastmastery,13,3,10
16983,Fistbèk,bleeding-hollow,201,hunter,beastmastery,17,5,12
16984,Ellishunter,frostmourne,192,hunter,beastmastery,6,2,4
16985,Wooftoof,frostmourne,192,hunter,beastmastery,6,2,4
16986,Elivivia,tichondrius,192,hunter,beastmastery,6,2,4
16987,Illrannevian,garrosh,192,hunter,beastmastery,6,2,4
16988,Solderboi,tichondrius,192,hunter,beastmastery,6,2,4
16989,Purpreynolds,tichondrius,192,hunter,beastmastery,6,2,4
16990,Slobon,tichondrius,192,hunter,beastmastery,6,2,4
16991,Quinnshot,tichondrius,192,hunter,beastmastery,6,2,4
16992,Clütch,darkspear,192,hunter,beastmastery,6,2,4
16993,Gohan,jubeithos,192,hunter,beastmastery,6,2,4
16994,Garble,darkspear,192,hunter,beastmastery,6,2,4
16995,Bloodstark,dreadmaul,192,hunter,beastmastery,6,2,4
16996,Antwonziezz,tichondrius,192,hunter,beastmastery,6,2,4
16997,Farva,tanaris,192,hunter,beastmastery,6,2,4
16998,Expskippy,darkspear,192,hunter,beastmastery,6,2,4
16999,Autoshotxprt,frostmourne,192,hunter,beastmastery,6,2,4
17000,Bernice,darrowmere,192,hunter,beastmastery,6,2,4
17001,Dreadrahl,deathwing,192,hunter,beastmastery,6,2,4
17002,Presleyjane,tichondrius,192,hunter,beastmastery,6,2,4
17003,Ratbasterrd,darkspear,192,hunter,beastmastery,6,2,4
17004,Islapuwitaro,azjolnerub,192,hunter,beastmastery,6,2,4
17005,Tichong,tichondrius,192,hunter,beastmastery,6,2,4
17006,Graatata,shandris,192,hunter,beastmastery,6,2,4
17007,Rämbow,frostmourne,192,hunter,beastmastery,6,2,4
17008,Blickymon,wyrmrest-accord,192,hunter,beastmastery,6,2,4
17009,Mojito,frostmourne,192,hunter,beastmastery,6,2,4
17010,Shootermgavn,frostmourne,192,hunter,beastmastery,6,2,4
17011,Johnnybee,demon-soul,192,hunter,beastmastery,6,2,4
17012,Shootr,darkspear,192,hunter,beastmastery,6,2,4
17013,Frìtz,barthilas,192,hunter,beastmastery,6,2,4
17014,Hunata,crushridge,192,hunter,beastmastery,6,2,4
17015,Zellor,wyrmrest-accord,192,hunter,beastmastery,6,2,4
17016,Spoojshot,frostmourne,192,hunter,beastmastery,6,2,4
17017,Nfo,lightbringer,192,hunter,beastmastery,6,2,4
17018,Jbahh,hyjal,192,hunter,beastmastery,6,2,4
17019,Fova,wyrmrest-accord,192,hunter,beastmastery,6,2,4
17020,Zarknoth,cenarius,192,hunter,beastmastery,6,2,4
17021,Magvez,tichondrius,192,hunter,beastmastery,6,2,4
17022,Zoopdapoop,dalaran,192,hunter,beastmastery,6,2,4
17023,Neverwipes,frostmourne,192,hunter,beastmastery,6,2,4
17024,Barrelsofrum,illidan,192,hunter,beastmastery,6,2,4
17025,Castíèl,thrall,192,hunter,beastmastery,6,2,4
17026,Defacecilth,dalaran,192,hunter,beastmastery,6,2,4
17027,Ussy,area-52,192,hunter,beastmastery,6,2,4
17028,Sukr,korgath,192,hunter,beastmastery,6,2,4
17029,Nanotorque,moon-guard,192,hunter,beastmastery,6,2,4
17030,Ikiteforfood,zuljin,192,hunter,beastmastery,6,2,4
17031,Xxty,stormrage,192,hunter,beastmastery,6,2,4
17032,Madsniper,thunderlord,192,hunter,beastmastery,6,2,4
17033,Nubcaks,nerzhul,192,hunter,beastmastery,6,2,4
17034,Izanägi,sargeras,192,hunter,beastmastery,6,2,4
17035,Revengexyz,zuljin,192,hunter,beastmastery,6,2,4
17036,Rsttlegore,stormscale,192,hunter,beastmastery,6,2,4
17037,Skolzero,azralon,192,hunter,beastmastery,6,2,4
17038,Hollee,turalyon,192,hunter,beastmastery,6,2,4
17039,Nixuis,stormrage,192,hunter,beastmastery,6,2,4
17040,Nevon,azralon,192,hunter,beastmastery,6,2,4
17041,Thunderbúll,tichondrius,192,hunter,beastmastery,6,2,4
17042,Åî,tichondrius,192,hunter,beastmastery,6,2,4
17043,Caligar,tichondrius,192,hunter,beastmastery,6,2,4
17044,Søapbubble,tichondrius,192,hunter,beastmastery,6,2,4
17045,Xavííer,tichondrius,192,hunter,beastmastery,6,2,4
17046,Jagwaar,malganis,192,hunter,beastmastery,6,2,4
17047,Fjdominador,azralon,192,hunter,beastmastery,6,2,4
17048,Survbot,malganis,192,hunter,beastmastery,6,2,4
17049,Krissiz,drakkari,192,hunter,beastmastery,6,2,4
17050,Powerful,aerie-peak,192,hunter,beastmastery,6,2,4
17051,Bambii,fizzcrank,192,hunter,beastmastery,6,2,4
17052,Sylvãnâs,tichondrius,192,hunter,beastmastery,6,2,4
17053,Panzerfäust,zuljin,192,hunter,beastmastery,6,2,4
17054,Impërïum,zuljin,192,hunter,beastmastery,6,2,4
17055,Sogékíng,illidan,192,hunter,beastmastery,6,2,4
17056,Skillhunter,tichondrius,192,hunter,beastmastery,6,2,4
17057,Munrrack,ragnaros,192,hunter,beastmastery,6,2,4
17058,Monffbc,tichondrius,192,hunter,beastmastery,6,2,4
17059,Kudzue,illidan,192,hunter,beastmastery,6,2,4
17060,Pfheign,area-52,192,hunter,beastmastery,6,2,4
17061,Critaclyzm,moon-guard,192,hunter,beastmastery,6,2,4
17062,Smokiiganja,proudmoore,192,hunter,beastmastery,6,2,4
17063,Juicyfruit,bleeding-hollow,192,hunter,beastmastery,6,2,4
17064,Thazen,sargeras,192,hunter,beastmastery,6,2,4
17065,Sativ,moknathal,192,hunter,beastmastery,6,2,4
17066,Dnicee,stormrage,192,hunter,beastmastery,6,2,4
17067,Iapsux,bleeding-hollow,192,hunter,beastmastery,6,2,4
17068,Ivanjackenov,illidan,192,hunter,beastmastery,6,2,4
17069,Lilaeth,khadgar,192,hunter,beastmastery,6,2,4
17070,Swettx,bleeding-hollow,192,hunter,beastmastery,6,2,4
17071,Greasyboi,tichondrius,192,hunter,beastmastery,6,2,4
17072,Diacachimbaa,ragnaros,192,hunter,beastmastery,6,2,4
17073,Halaruka,area-52,192,hunter,beastmastery,6,2,4
17074,Rostter,azralon,192,hunter,beastmastery,6,2,4
17075,Viracha,stormrage,192,hunter,beastmastery,6,2,4
17076,Shådé,stormrage,192,hunter,beastmastery,6,2,4
17077,Resonatorrob,illidan,192,hunter,beastmastery,6,2,4
17078,Hectorbuñue,quelthalas,192,hunter,beastmastery,6,2,4
17079,Kaptincrunch,skywall,192,hunter,beastmastery,6,2,4
17080,Forsaken,bleeding-hollow,192,hunter,beastmastery,6,2,4
17081,Totolol,trollbane,192,hunter,beastmastery,6,2,4
17082,Flawwless,eredar,192,hunter,beastmastery,6,2,4
17083,Arrowbadoors,azralon,192,hunter,beastmastery,6,2,4
17084,Aaggros,sargeras,192,hunter,beastmastery,6,2,4
17085,Chaseurnoir,exodar,192,hunter,beastmastery,6,2,4
17086,Xeneye,tichondrius,192,hunter,beastmastery,6,2,4
17087,Hìrcine,nesingwary,192,hunter,beastmastery,6,2,4
17088,Nahzah,stormrage,192,hunter,beastmastery,6,2,4
17089,Spicycheezit,malganis,192,hunter,beastmastery,6,2,4
17090,Estilingada,azralon,192,hunter,beastmastery,6,2,4
17091,Titzyø,area-52,192,hunter,beastmastery,6,2,4
17092,Hötdôg,kiljaeden,192,hunter,beastmastery,6,2,4
17093,Mennis,archimonde,192,hunter,beastmastery,6,2,4
17094,Etarie,malganis,192,hunter,beastmastery,6,2,4
17095,Crawl,auchindoun,192,hunter,beastmastery,6,2,4
17096,Moonraven,laughing-skull,192,hunter,beastmastery,6,2,4
17097,Camfeed,illidan,192,hunter,beastmastery,6,2,4
17098,Vanpeltz,illidan,192,hunter,beastmastery,6,2,4
17099,Hüh,area-52,192,hunter,beastmastery,6,2,4
17100,Ganderion,sargeras,192,hunter,beastmastery,6,2,4
17101,Gruì,malganis,192,hunter,beastmastery,6,2,4
17102,Klepty,stormrage,192,hunter,beastmastery,6,2,4
17103,Fáelin,proudmoore,192,hunter,beastmastery,6,2,4
17104,Singer,lothar,192,hunter,beastmastery,6,2,4
17105,Equalizér,sargeras,192,hunter,beastmastery,6,2,4
17106,Elmozz,thrall,192,hunter,beastmastery,6,2,4
17107,Zeenuts,sargeras,192,hunter,beastmastery,6,2,4
17108,Bluntcrushed,area-52,192,hunter,beastmastery,6,2,4
17109,Firesail,kelthuzad,192,hunter,beastmastery,6,2,4
17110,Jojojobo,tichondrius,192,hunter,beastmastery,6,2,4
17111,Öops,hyjal,192,hunter,beastmastery,6,2,4
17112,Csadark,nemesis,192,hunter,beastmastery,6,2,4
17113,Varianhunter,kelthuzad,192,hunter,beastmastery,6,2,4
17114,Royshot,stormrage,192,hunter,beastmastery,6,2,4
17115,Cufless,proudmoore,192,hunter,beastmastery,6,2,4
17116,Saveawp,stormrage,192,hunter,beastmastery,6,2,4
17117,Taintz,altar-of-storms,192,hunter,beastmastery,6,2,4
17118,Jämmëdclïp,emerald-dream,192,hunter,beastmastery,6,2,4
17119,Verzoz,illidan,192,hunter,beastmastery,6,2,4
17120,Chømp,tichondrius,192,hunter,beastmastery,6,2,4
17121,Twocranes,tichondrius,192,hunter,beastmastery,6,2,4
17122,Harrowin,area-52,192,hunter,beastmastery,6,2,4
17123,Budget,emerald-dream,192,hunter,beastmastery,6,2,4
17124,Hedshot,kelthuzad,192,hunter,beastmastery,6,2,4
17125,Dynith,sargeras,192,hunter,beastmastery,6,2,4
17126,Dradran,kelthuzad,192,hunter,beastmastery,6,2,4
17127,Notoffended,sargeras,192,hunter,beastmastery,6,2,4
17128,Boquiinha,stormrage,192,hunter,beastmastery,6,2,4
17129,Rúdrá,area-52,192,hunter,beastmastery,6,2,4
17130,Blakespace,area-52,192,hunter,beastmastery,6,2,4
17131,Warplaquee,zuljin,192,hunter,beastmastery,6,2,4
17132,Bombashotz,sargeras,192,hunter,beastmastery,6,2,4
17133,Honeyhunt,thrall,192,hunter,beastmastery,6,2,4
17134,Apolex,velen,192,hunter,beastmastery,6,2,4
17135,Kekorator,illidan,192,hunter,beastmastery,11,3,8
17136,Shekiro,illidan,192,hunter,beastmastery,13,3,10
17137,Seratoninx,malganis,192,hunter,beastmastery,9,2,7
17138,Khabul,area-52,192,hunter,beastmastery,12,2,10
17139,Aeriladin,moon-guard,192,hunter,beastmastery,12,2,10
17140,Arrowzpeckt,tichondrius,192,hunter,beastmastery,12,2,10
17141,Ãmi,moon-guard,192,hunter,beastmastery,12,2,10
17142,Bjj,eonar,192,hunter,beastmastery,12,2,10
17143,Gunnpowder,malganis,192,hunter,beastmastery,12,2,10
17144,Hughboner,illidan,192,hunter,beastmastery,12,2,10
17145,Meetdmonster,illidan,192,hunter,beastmastery,12,2,10
17146,Tánsøxøxø,tichondrius,192,hunter,beastmastery,12,2,10
17147,Alexañdra,proudmoore,192,hunter,beastmastery,12,2,10
17148,Lhax,stormrage,192,hunter,beastmastery,12,2,10
17149,Tjota,azralon,192,hunter,beastmastery,12,2,10
17150,Carloslaun,drakkari,192,hunter,beastmastery,12,2,10
17151,Thyladaern,kiljaeden,192,hunter,beastmastery,12,2,10
17152,Sojun,jaedenar,192,hunter,beastmastery,14,2,12
17153,Recebaa,barthilas,191,hunter,beastmastery,6,2,4
17154,Moapax,azralon,191,hunter,beastmastery,6,2,4
17155,Aiilton,gallywix,191,hunter,beastmastery,6,2,4
17156,Tuvasa,blood-furnace,191,hunter,beastmastery,6,2,4
17157,Stoneforged,ragnaros,191,hunter,beastmastery,6,2,4
17158,Kolarius,emerald-dream,191,hunter,beastmastery,6,2,4
17159,Enrage,queldorei,191,hunter,beastmastery,12,2,10
17160,Kangarang,khazgoroth,191,hunter,beastmastery,12,2,10
17161,Stèlla,frostmourne,159,hunter,beastmastery,5,2,3
17162,Maximum,tichondrius,159,hunter,beastmastery,5,2,3
17163,Helikaon,deathwing,159,hunter,beastmastery,5,2,3
17164,Warwonka,magtheridon,159,hunter,beastmastery,5,2,3
17165,Skrìms,tichondrius,159,hunter,beastmastery,5,2,3
17166,Luckione,destromath,144,hunter,beastmastery,9,2,7
17167,Beastmastr,garrosh,128,hunter,beastmastery,4,2,2
17168,Piñg,tichondrius,128,hunter,beastmastery,4,2,2
17169,Laviè,tichondrius,112,hunter,beastmastery,4,3,1
17170,Ophois,lightbringer,96,hunter,beastmastery,6,1,5
17171,Taurenseason,sargeras,96,hunter,beastmastery,6,1,5
17172,Uncann,boulderfist,96,hunter,beastmastery,6,1,5
17173,Boyarsky,area-52,96,hunter,beastmastery,6,1,5
17174,Jägermeistër,twisting-nether,96,hunter,beastmastery,6,1,5
17175,Cynasia,maelstrom,96,hunter,beastmastery,6,1,5
17176,Locket,maelstrom,96,hunter,beastmastery,6,1,5
17177,Nimbioth,proudmoore,96,hunter,beastmastery,6,1,5
17178,Audiofly,tichondrius,96,hunter,beastmastery,6,1,5
17179,Shoccka,thrall,96,hunter,beastmastery,6,1,5
17180,Trolljinyou,thrall,96,hunter,beastmastery,6,1,5
17181,Taumelz,sargeras,96,hunter,beastmastery,6,1,5
17182,Appä,lightnings-blade,96,hunter,beastmastery,6,1,5
17183,Darkhunterr,tichondrius,96,hunter,beastmastery,6,1,5
17184,Robious,tichondrius,96,hunter,beastmastery,6,1,5
17185,Espaada,tichondrius,96,hunter,beastmastery,6,1,5
17186,Allgasnocap,kelthuzad,96,hunter,beastmastery,6,1,5
17187,Jootuber,barthilas,96,hunter,beastmastery,6,1,5
17188,Pampas,darkspear,96,hunter,beastmastery,6,1,5
17189,Singletap,barthilas,96,hunter,beastmastery,6,1,5
17190,Teddyboy,proudmoore,96,hunter,beastmastery,6,1,5
17191,Elenin,tichondrius,96,hunter,beastmastery,6,1,5
17192,Tybierious,illidan,96,hunter,beastmastery,6,1,5
17193,Rexxiga,kiljaeden,96,hunter,beastmastery,6,1,5
17194,Ballinpotato,tichondrius,96,hunter,beastmastery,6,1,5
17195,Mtuanwm,tichondrius,96,hunter,beastmastery,6,1,5
17196,Båttousai,kiljaeden,96,hunter,beastmastery,6,1,5
17197,Xcopel,azralon,96,hunter,beastmastery,6,1,5
17198,Warpedshots,malganis,96,hunter,beastmastery,6,1,5
17199,Bosshunt,whisperwind,96,hunter,beastmastery,6,1,5
17200,Marksmanpain,malganis,96,hunter,beastmastery,6,1,5
17201,Bithiáh,quelthalas,96,hunter,beastmastery,6,1,5
17202,Nearsightedd,area-52,96,hunter,beastmastery,6,1,5
17203,Penelòpe,wyrmrest-accord,96,hunter,beastmastery,6,1,5
17204,Varag,amanthul,96,hunter,beastmastery,6,1,5
17205,Cocobread,stormreaver,96,hunter,beastmastery,6,1,5
17206,Jarless,hydraxis,96,hunter,beastmastery,6,1,5
17207,Arthanyz,quelthalas,96,hunter,beastmastery,6,1,5
17208,Henhøuse,illidan,96,hunter,beastmastery,6,1,5
17209,Ferrettss,bleeding-hollow,96,hunter,beastmastery,6,1,5
17210,Globlauncher,tichondrius,96,hunter,beastmastery,6,1,5
17211,Ilîiìîìiilil,bleeding-hollow,96,hunter,beastmastery,6,1,5
17212,Slimetime,tichondrius,96,hunter,beastmastery,6,1,5
17213,Opsi,ragnaros,96,hunter,beastmastery,6,1,5
17214,Percival,firetree,96,hunter,beastmastery,6,1,5
17215,Sobala,azralon,96,hunter,beastmastery,6,1,5
17216,Murk,spirestone,96,hunter,beastmastery,6,1,5
17217,Jiawoweixin,illidan,96,hunter,beastmastery,6,1,5
17218,Predatðr,frostmourne,96,hunter,beastmastery,6,1,5
17219,Sóggybóxers,tichondrius,96,hunter,beastmastery,6,1,5
17220,Jabbar,bleeding-hollow,96,hunter,beastmastery,6,1,5
17221,Birggitte,the-venture-co,96,hunter,beastmastery,6,1,5
17222,Dusle,azralon,96,hunter,beastmastery,6,1,5
17223,Xclaw,llane,96,hunter,beastmastery,6,1,5
17224,Wamion,zuljin,96,hunter,beastmastery,6,1,5
17225,Abundalacaca,sargeras,96,hunter,beastmastery,6,1,5
17226,Derekscrow,tichondrius,96,hunter,beastmastery,6,1,5
17227,Lorishblood,blackrock,96,hunter,beastmastery,6,1,5
17228,Matahunt,blackwing-lair,96,hunter,beastmastery,6,1,5
17229,Wixyy,aegwynn,96,hunter,beastmastery,6,1,5
17230,Fourkayiv,azgalor,96,hunter,beastmastery,6,1,5
17231,Deletedyou,tichondrius,96,hunter,beastmastery,6,1,5
17232,Bertiebott,zuljin,96,hunter,beastmastery,6,1,5
17233,Carot,dalaran,96,hunter,beastmastery,6,1,5
17234,Fadingtrapz,jubeithos,96,hunter,beastmastery,6,1,5
17235,Slipperyqt,frostmourne,96,hunter,beastmastery,6,1,5
17236,Physical,destromath,96,hunter,beastmastery,6,1,5
17237,Patcherson,kargath,96,hunter,beastmastery,6,1,5
17238,Chîll,frostmourne,96,hunter,beastmastery,6,1,5
17239,Foakus,zuljin,96,hunter,beastmastery,6,1,5
17240,Huntardness,moon-guard,96,hunter,beastmastery,6,1,5
17241,Brokenfoot,bonechewer,96,hunter,beastmastery,6,1,5
17242,Bigpie,daggerspine,96,hunter,beastmastery,6,1,5
17243,Oldmandave,stormrage,96,hunter,beastmastery,6,1,5
17244,Panm,runetotem,96,hunter,beastmastery,6,1,5
17245,Muckenfoose,frostmourne,96,hunter,beastmastery,6,1,5
17246,Brody,eitrigg,96,hunter,beastmastery,6,1,5
17247,Analtraps,tichondrius,96,hunter,beastmastery,6,1,5
17248,Sõulhunter,frostmourne,96,hunter,beastmastery,6,1,5
17249,Slideby,tichondrius,96,hunter,beastmastery,6,1,5
17250,Shadeckz,stormrage,96,hunter,beastmastery,6,1,5
17251,Boido,ghostlands,96,hunter,beastmastery,6,1,5
17252,Justin,agamaggan,96,hunter,beastmastery,6,1,5
17253,Bellaphonte,stormrage,96,hunter,beastmastery,6,1,5
17254,Grullandàr,hakkar,96,hunter,beastmastery,6,1,5
17255,Nachtcloverr,stormrage,96,hunter,beastmastery,6,1,5
17256,Bendotexe,stormrage,96,hunter,beastmastery,7,1,6
17257,Tydee,nagrand,96,hunter,beastmastery,12,1,11
17258,Bee,shattered-halls,96,hunter,beastmastery,12,1,11
17259,Blackstaur,illidan,96,hunter,beastmastery,12,1,11
17260,Tstormzz,stormrage,96,hunter,beastmastery,12,1,11
17261,Rekows,stormrage,96,hunter,beastmastery,12,1,11
17262,Divineseraph,dentarg,96,hunter,beastmastery,12,1,11
17263,Twistedx,tichondrius,96,hunter,beastmastery,12,1,11
17264,Desoh,kelthuzad,96,hunter,beastmastery,12,1,11
17265,Caletten,destromath,96,hunter,beastmastery,12,1,11
17266,Tinsho,drakkari,96,hunter,beastmastery,12,1,11
17267,Sylvanãs,ragnaros,96,hunter,beastmastery,12,1,11
17268,Ferdphin,dalaran,96,hunter,beastmastery,12,1,11
17269,Baehydra,frostmourne,96,hunter,beastmastery,12,1,11
17270,Newdanni,barthilas,95,hunter,beastmastery,18,1,17
17271,Muffkick,illidan,64,hunter,beastmastery,4,1,3
17272,Kölhberg,azralon,64,hunter,beastmastery,10,1,9
17273,Triggamikê,tichondrius,63,hunter,beastmastery,2,2,0
17274,Piess,thrall,48,hunter,beastmastery,3,1,2
17275,Falsifier,ragnaros,48,hunter,beastmastery,3,1,2
17276,Dwrhunt,ragnaros,48,hunter,beastmastery,3,1,2
17277,Yory,tol-barad,48,hunter,beastmastery,3,1,2
17278,Aceventurapð,area-52,48,hunter,beastmastery,3,1,2
17279,Wonshawt,tichondrius,48,hunter,beastmastery,3,1,2
17280,Jumeog,stormscale,42,hunter,beastmastery,7,2,5
17281,Bowjoblul,stormrage,42,hunter,beastmastery,9,2,7
17282,Timesteal,tichondrius,31,hunter,beastmastery,2,1,1
17283,Voladren,moon-guard,31,hunter,beastmastery,2,1,1
17284,Gasslight,area-52,31,hunter,beastmastery,2,1,1
17285,Juicemage,tichondrius,2243,mage,arcane,107,58,49
17286,Numbing,sargeras,2233,mage,arcane,100,54,46
17287,Ktp,tichondrius,2208,mage,arcane,95,59,36
17288,Oneschool,sargeras,2174,mage,arcane,78,45,33
17289,Venruki,tichondrius,2137,mage,arcane,78,44,34
17290,Cvark,sargeras,2123,mage,arcane,76,45,31
17291,Junglejape,tichondrius,1967,mage,arcane,54,35,19
17292,Arcanemagek,tichondrius,1907,mage,arcane,48,32,16
17293,Whiterice,zuljin,1879,mage,arcane,50,31,19
17294,Bíscuít,illidan,1864,mage,arcane,139,76,63
17295,Birdfather,tichondrius,1861,mage,arcane,48,33,15
17296,Hocusjokus,frostmourne,1851,mage,arcane,47,31,16
17297,Esien,tichondrius,1848,mage,arcane,80,41,39
17298,Snortmeth,area-52,1841,mage,arcane,90,58,32
17299,Bambambilly,kelthuzad,1836,mage,arcane,144,75,69
17300,Vampìrelolz,tichondrius,1809,mage,arcane,48,26,22
17301,Ezchallenger,undermine,1782,mage,arcane,102,47,55
17302,Elfmage,tichondrius,1777,mage,arcane,30,19,11
17303,Edgkey,illidan,1771,mage,arcane,103,54,49
17304,Mokelovin,sargeras,1763,mage,arcane,65,33,32
17305,Bananappeal,kelthuzad,1717,mage,arcane,52,26,26
17306,Lmaginedying,illidan,1715,mage,arcane,30,24,6
17307,Arianark,sargeras,1715,mage,arcane,99,61,38
17308,Dawitchery,illidan,1712,mage,arcane,52,23,29
17309,Spellstéal,tichondrius,1711,mage,arcane,30,18,12
17310,Zps,illidan,1706,mage,arcane,72,40,32
17311,Badboykilla,dentarg,1704,mage,arcane,39,33,6
17312,Melkdud,wyrmrest-accord,1703,mage,arcane,30,18,12
17313,Sestren,zuljin,1702,mage,arcane,85,41,44
17314,Delibro,tichondrius,1700,mage,arcane,82,41,41
17315,Mageboy,bonechewer,1699,mage,arcane,67,33,34
17316,Spart,runetotem,1676,mage,arcane,45,20,25
17317,Clutchy,gorefiend,1672,mage,arcane,42,29,13
17318,Tbkz,amanthul,1672,mage,arcane,48,21,27
17319,Magnesiium,illidan,1670,mage,arcane,42,24,18
17320,Nyj,tichondrius,1668,mage,arcane,59,33,26
17321,Zhanna,nazjatar,1668,mage,arcane,152,80,72
17322,Maegwynah,jaedenar,1665,mage,arcane,40,20,20
17323,Shwaysted,burning-blade,1657,mage,arcane,42,22,20
17324,Exterminatüs,tichondrius,1653,mage,arcane,87,44,43
17325,Höövalt,illidan,1641,mage,arcane,30,20,10
17326,Spitemage,tichondrius,1638,mage,arcane,103,49,54
17327,Xialing,tichondrius,1631,mage,arcane,40,24,16
17328,Spellsteål,malganis,1627,mage,arcane,53,31,22
17329,Hallat,archimonde,1623,mage,arcane,368,177,191
17330,Magecombe,thrall,1617,mage,arcane,30,17,13
17331,Dbox,stormscale,1615,mage,arcane,93,53,40
17332,Dmgperseç,tichondrius,1612,mage,arcane,30,20,10
17333,Proximalol,tichondrius,1610,mage,arcane,36,20,16
17334,Snoogma,illidan,1609,mage,arcane,42,20,22
17335,Ject,ragnaros,1606,mage,arcane,155,84,71
17336,Hööva,illidan,1604,mage,arcane,30,17,13
17337,Rhythmdog,tichondrius,1603,mage,arcane,45,21,24
17338,Primearcanis,tol-barad,1601,mage,arcane,48,22,26
17339,Höövaltx,illidan,1600,mage,arcane,36,19,17
17340,Ligmmah,stormrage,1590,mage,arcane,64,37,27
17341,Felsparkles,area-52,1589,mage,arcane,54,30,24
17342,Waisted,kelthuzad,1573,mage,arcane,45,25,20
17343,Sky,lightnings-blade,1563,mage,arcane,101,54,47
17344,Lucidaze,daggerspine,1551,mage,arcane,184,93,91
17345,Wïzarduous,mannoroth,1548,mage,arcane,42,22,20
17346,Clernlol,emerald-dream,1548,mage,arcane,60,27,33
17347,Perrc,area-52,1546,mage,arcane,174,88,86
17348,Balencii,kiljaeden,1540,mage,arcane,30,18,12
17349,Étel,nemesis,1539,mage,arcane,39,19,20
17350,Alode,moon-guard,1526,mage,arcane,54,33,21
17351,Prosperoh,burning-legion,1526,mage,arcane,48,25,23
17352,Agoniey,illidan,1525,mage,arcane,138,69,69
17353,Vênsêr,emerald-dream,1523,mage,arcane,36,17,19
17354,Hennimage,sargeras,1507,mage,arcane,229,127,102
17355,Enthy,frostmourne,1500,mage,arcane,30,16,14
17356,Cyphen,proudmoore,1500,mage,arcane,30,16,14
17357,Beerbelly,tichondrius,1486,mage,arcane,77,45,32
17358,Hustle,frostmourne,1483,mage,arcane,102,53,49
17359,Maplemage,akama,1480,mage,arcane,177,93,84
17360,Wretchy,ragnaros,1473,mage,arcane,61,33,28
17361,Hoçuspoçus,moon-guard,1463,mage,arcane,36,17,19
17362,Missile,frostmourne,1454,mage,arcane,36,17,19
17363,Swàn,stormrage,1444,mage,arcane,42,23,19
17364,Caseyjelly,tichondrius,1436,mage,arcane,36,20,16
17365,Sáron,quelthalas,1431,mage,arcane,78,41,37
17366,Lünå,onyxia,1429,mage,arcane,54,34,20
17367,Unguided,moon-guard,1426,mage,arcane,24,15,9
17368,Raazzamage,moon-guard,1395,mage,arcane,75,42,33
17369,Söngs,goldrinn,1387,mage,arcane,24,15,9
17370,Frozonnee,aggramar,1379,mage,arcane,24,15,9
17371,Wizzyx,illidan,1373,mage,arcane,40,21,19
17372,Castarcane,nordrassil,1370,mage,arcane,36,17,19
17373,Kickpollyplx,lothar,1368,mage,arcane,71,45,26
17374,Somariais,illidan,1368,mage,arcane,48,22,26
17375,Avandal,proudmoore,1362,mage,arcane,71,29,42
17376,Astrojrue,sargeras,1353,mage,arcane,41,21,20
17377,Melkra,tichondrius,1348,mage,arcane,66,36,30
17378,Blaxmagic,stormrage,1338,mage,arcane,36,15,21
17379,Szrp,stormrage,1336,mage,arcane,57,27,30
17380,Pufs,stormrage,1329,mage,arcane,35,16,19
17381,Themagicman,whisperwind,1324,mage,arcane,42,17,25
17382,Thewizârd,stormrage,1323,mage,arcane,293,155,138
17383,Chelseâ,emerald-dream,1317,mage,arcane,35,18,17
17384,Zayth,silvermoon,1315,mage,arcane,45,24,21
17385,Oharvestero,illidan,1314,mage,arcane,43,23,20
17386,Coôler,illidan,1313,mage,arcane,39,16,23
17387,Zukoprince,azralon,1312,mage,arcane,24,14,10
17388,Linkolni,azralon,1312,mage,arcane,111,59,52
17389,Ruzam,area-52,1303,mage,arcane,186,91,95
17390,Draell,drakkari,1301,mage,arcane,54,30,24
17391,Véyda,emerald-dream,1300,mage,arcane,60,30,30
17392,Airbnb,area-52,1299,mage,arcane,46,26,20
17393,Valrendor,nazjatar,1298,mage,arcane,96,54,42
17394,Gin,nemesis,1296,mage,arcane,48,24,24
17395,Chezzmasterx,misha,1289,mage,arcane,69,34,35
17396,Fruitdealerr,tichondrius,1269,mage,arcane,30,17,13
17397,Jedamere,proudmoore,1260,mage,arcane,48,23,25
17398,Strêss,kelthuzad,1255,mage,arcane,123,60,63
17399,Antifreezex,tichondrius,1253,mage,arcane,76,43,33
17400,Sorankim,tichondrius,1248,mage,arcane,24,13,11
17401,Gessin,area-52,1245,mage,arcane,100,50,50
17402,Nedrin,nemesis,1244,mage,arcane,66,32,34
17403,Velvetlurker,sargeras,1243,mage,arcane,30,13,17
17404,Aosin,wyrmrest-accord,1240,mage,arcane,18,13,5
17405,Unlike,sargeras,1235,mage,arcane,71,29,42
17406,Edisia,moon-guard,1231,mage,arcane,24,13,11
17407,Skywalkerino,azralon,1224,mage,arcane,145,74,71
17408,Kevymarts,tichondrius,1210,mage,arcane,36,14,22
17409,Cokézero,frostmourne,1200,mage,arcane,55,30,25
17410,Smoks,stormrage,1188,mage,arcane,32,16,16
17411,Dereliction,nagrand,1185,mage,arcane,102,52,50
17412,Softbody,barthilas,1179,mage,arcane,68,31,37
17413,Chëryl,proudmoore,1177,mage,arcane,222,106,116
17414,Holbrook,greymane,1175,mage,arcane,90,41,49
17415,Privilege,dragonmaw,1174,mage,arcane,41,20,21
17416,Greenwise,illidan,1170,mage,arcane,54,28,26
17417,Gryd,area-52,1165,mage,arcane,90,47,43
17418,Yonzho,area-52,1160,mage,arcane,20,13,7
17419,Fearhades,drakkari,1159,mage,arcane,24,13,11
17420,Sceledrus,quelthalas,1156,mage,arcane,36,18,18
17421,Nekrobear,nemesis,1150,mage,arcane,36,16,20
17422,Allýria,stormrage,1138,mage,arcane,30,12,18
17423,Firehawk,azralon,1133,mage,arcane,24,15,9
17424,Celciius,stormrage,1129,mage,arcane,50,16,34
17425,Billzeye,dalaran,1128,mage,arcane,24,12,12
17426,Nunezz,mannoroth,1123,mage,arcane,54,27,27
17427,Badwoman,tichondrius,1111,mage,arcane,36,13,23
17428,Oyagi,moon-guard,1097,mage,arcane,89,42,47
17429,Klausgc,sargeras,1084,mage,arcane,20,12,8
17430,Overratedxd,moon-guard,1084,mage,arcane,24,12,12
17431,Randalf,dragonmaw,1056,mage,arcane,24,15,9
17432,Flaux,sargeras,1055,mage,arcane,18,11,7
17433,Tommagic,tichondrius,1055,mage,arcane,30,11,19
17434,Glaciated,the-forgotten-coast,1053,mage,arcane,24,11,13
17435,Shmage,dragonmaw,1050,mage,arcane,24,11,13
17436,Måndias,tichondrius,1041,mage,arcane,24,11,13
17437,Cassanara,moon-guard,1032,mage,arcane,36,13,23
17438,Frozorfs,tichondrius,1028,mage,arcane,30,11,19
17439,Thetodd,emerald-dream,1017,mage,arcane,24,16,8
17440,Tsarevich,fizzcrank,1009,mage,arcane,60,26,34
17441,Zulugara,barthilas,1009,mage,arcane,28,11,17
17442,Kittikk,tichondrius,1005,mage,arcane,119,53,66
17443,Mixler,feathermoon,1000,mage,arcane,36,19,17
17444,Maiddan,azralon,1000,mage,arcane,26,12,14
17445,Raeign,frostmourne,972,mage,arcane,141,67,74
17446,Nightsaber,blackrock,960,mage,arcane,12,10,2
17447,Windwìtch,quelthalas,960,mage,arcane,18,10,8
17448,Jazzgroyper,sargeras,960,mage,arcane,24,10,14
17449,Lightsoran,tichondrius,960,mage,arcane,24,10,14
17450,Gachaguy,bleeding-hollow,960,mage,arcane,30,10,20
17451,Parapio,tichondrius,959,mage,arcane,12,10,2
17452,Zerathremar,proudmoore,958,mage,arcane,18,10,8
17453,Haze,hyjal,955,mage,arcane,18,10,8
17454,Tagere,moon-guard,954,mage,arcane,24,10,14
17455,Orderlight,alexstrasza,954,mage,arcane,24,10,14
17456,Wizfajita,malganis,951,mage,arcane,24,10,14
17457,Wøogles,sargeras,946,mage,arcane,24,10,14
17458,Morkleen,korgath,943,mage,arcane,30,10,20
17459,Knotyouagain,emerald-dream,936,mage,arcane,30,17,13
17460,Shadows,exodar,934,mage,arcane,24,10,14
17461,Akagamix,sargeras,924,mage,arcane,36,17,19
17462,Dietdeww,borean-tundra,913,mage,arcane,18,10,8
17463,Mastablastar,windrunner,899,mage,arcane,23,10,13
17464,Søkø,tichondrius,868,mage,arcane,30,11,19
17465,Viôlentj,area-52,863,mage,arcane,12,9,3
17466,Arcalìte,illidan,863,mage,arcane,15,10,5
17467,Harshx,bleeding-hollow,863,mage,arcane,18,9,9
17468,Pandazed,proudmoore,863,mage,arcane,18,9,9
17469,Mageyoulooks,kelthuzad,856,mage,arcane,24,9,15
17470,Khierlana,hellscream,848,mage,arcane,72,28,44
17471,Magicå,area-52,845,mage,arcane,12,9,3
17472,Waef,quelthalas,838,mage,arcane,18,9,9
17473,Instataterz,eonar,833,mage,arcane,29,9,20
17474,Sherian,queldorei,832,mage,arcane,18,9,9
17475,Jackson,altar-of-storms,809,mage,arcane,60,17,43
17476,Kirayu,gilneas,798,mage,arcane,16,9,7
17477,Unmix,tichondrius,794,mage,arcane,20,9,11
17478,Drainbamage,coilfang,786,mage,arcane,94,26,68
17479,Cinnamon,boulderfist,768,mage,arcane,12,8,4
17480,Lewpithy,area-52,768,mage,arcane,12,8,4
17481,Eludin,aegwynn,768,mage,arcane,18,8,10
17482,Jööz,deathwing,768,mage,arcane,18,8,10
17483,Crøwgawd,tichondrius,767,mage,arcane,12,8,4
17484,Watchmepog,tichondrius,767,mage,arcane,12,8,4
17485,Azeroth,boulderfist,767,mage,arcane,13,8,5
17486,Fakebusiness,area-52,767,mage,arcane,18,8,10
17487,Firèballin,tichondrius,767,mage,arcane,18,8,10
17488,Delana,darkspear,766,mage,arcane,24,8,16
17489,Boredmoomoo,thunderlord,765,mage,arcane,12,8,4
17490,Archtype,azralon,764,mage,arcane,24,8,16
17491,Iseltwald,proudmoore,761,mage,arcane,12,8,4
17492,Christensen,stormrage,761,mage,arcane,18,8,10
17493,Aycc,tichondrius,735,mage,arcane,17,8,9
17494,Ebah,tichondrius,734,mage,arcane,20,9,11
17495,Failedwizard,frostmourne,714,mage,arcane,34,10,24
17496,Perkaset,turalyon,703,mage,arcane,17,8,9
17497,Noescaping,illidan,687,mage,arcane,19,8,11
17498,Rof,sargeras,672,mage,arcane,12,7,5
17499,Valériemeow,tichondrius,672,mage,arcane,18,7,11
17500,Mävra,emerald-dream,671,mage,arcane,12,7,5
17501,Murr,boulderfist,671,mage,arcane,12,7,5
17502,Zezima,spirestone,671,mage,arcane,12,7,5
17503,Mershon,tichondrius,671,mage,arcane,12,7,5
17504,Ankidar,quelthalas,671,mage,arcane,18,7,11
17505,Warthormage,stormrage,670,mage,arcane,12,7,5
17506,Austere,boulderfist,670,mage,arcane,12,7,5
17507,Derkrìeger,turalyon,670,mage,arcane,18,7,11
17508,Oogleymoogly,zuljin,669,mage,arcane,18,7,11
17509,Zimzum,bladefist,666,mage,arcane,12,7,5
17510,Cubanarox,gallywix,661,mage,arcane,24,7,17
17511,Brazcane,skullcrusher,655,mage,arcane,17,7,10
17512,Karamzov,zuljin,652,mage,arcane,24,7,17
17513,Xplozion,lightninghoof,623,mage,arcane,15,8,7
17514,Arcanochillz,ghostlands,621,mage,arcane,21,8,13
17515,Uhh,blackrock,607,mage,arcane,14,7,7
17516,Moogician,aerie-peak,592,mage,arcane,13,7,6
17517,Icecreamboy,tichondrius,576,mage,arcane,12,6,6
17518,Fryry,dalaran,576,mage,arcane,12,6,6
17519,Aeghis,stormrage,576,mage,arcane,12,6,6
17520,Astroner,frostmourne,576,mage,arcane,12,6,6
17521,Nazmagus,hydraxis,576,mage,arcane,18,6,12
17522,Fuchsia,boulderfist,576,mage,arcane,18,6,12
17523,Cicciozi,sargeras,576,mage,arcane,24,6,18
17524,Snâred,aggramar,575,mage,arcane,6,6,0
17525,Nachtt,sargeras,575,mage,arcane,12,6,6
17526,Moond,drakkari,575,mage,arcane,12,6,6
17527,Kârén,aggramar,575,mage,arcane,12,6,6
17528,Furrblock,tichondrius,575,mage,arcane,18,6,12
17529,Lacouet,lightnings-blade,575,mage,arcane,24,6,18
17530,Ispell,tichondrius,573,mage,arcane,24,6,18
17531,Enfuegoe,tichondrius,571,mage,arcane,12,6,6
17532,Francious,echo-isles,566,mage,arcane,12,6,6
17533,Belven,proudmoore,559,mage,arcane,17,6,11
17534,Vires,kelthuzad,543,mage,arcane,11,6,5
17535,Kaiokenxten,bleeding-hollow,527,mage,arcane,17,6,11
17536,Fredcouples,tichondrius,520,mage,arcane,13,7,6
17537,Baskal,area-52,510,mage,arcane,22,6,16
17538,Ilovejwoanna,kiljaeden,480,mage,arcane,6,5,1
17539,Zeró,frostmourne,480,mage,arcane,6,5,1
17540,Umpire,boulderfist,480,mage,arcane,6,5,1
17541,Skillsbro,arthas,480,mage,arcane,6,5,1
17542,Icydubya,illidan,480,mage,arcane,6,5,1
17543,Onibeef,duskwood,480,mage,arcane,6,5,1
17544,Maxtorgar,quelthalas,480,mage,arcane,12,5,7
17545,Rebdoomer,skullcrusher,480,mage,arcane,12,5,7
17546,Lorlene,frostmourne,480,mage,arcane,12,5,7
17547,Dagreatone,malganis,480,mage,arcane,12,5,7
17548,Shäräpova,zuljin,480,mage,arcane,12,5,7
17549,Wauzcrol,quelthalas,480,mage,arcane,12,5,7
17550,Diamondx,ragnaros,480,mage,arcane,12,5,7
17551,Hansol,farstriders,480,mage,arcane,12,5,7
17552,Inmylife,tichondrius,480,mage,arcane,15,6,9
17553,Kosiris,tichondrius,480,mage,arcane,18,5,13
17554,Hogdog,illidan,480,mage,arcane,18,5,13
17555,Shocknawes,illidan,478,mage,arcane,15,5,10
17556,Humpadumplin,wyrmrest-accord,478,mage,arcane,24,5,19
17557,Merlon,dalaran,476,mage,arcane,12,5,7
17558,Culours,stormrage,472,mage,arcane,12,5,7
17559,Combusty,sargeras,447,mage,arcane,14,6,8
17560,Squishymage,moon-guard,446,mage,arcane,17,5,12
17561,Tubby,boulderfist,431,mage,arcane,11,5,6
17562,Larouse,quelthalas,415,mage,arcane,8,5,3
17563,Asalumm,quelthalas,398,mage,arcane,13,6,7
17564,Magicos,frostmourne,384,mage,arcane,6,4,2
17565,Wanming,tichondrius,384,mage,arcane,6,4,2
17566,Riddickl,malfurion,384,mage,arcane,6,4,2
17567,Cømbust,frostmourne,384,mage,arcane,6,4,2
17568,Imbusting,kiljaeden,384,mage,arcane,6,4,2
17569,Lavaera,illidan,384,mage,arcane,6,4,2
17570,Gelokay,tichondrius,384,mage,arcane,6,4,2
17571,Dogmagetw,tichondrius,384,mage,arcane,6,4,2
17572,Tuggernaug,malganis,384,mage,arcane,6,4,2
17573,Skoals,thrall,384,mage,arcane,6,4,2
17574,Hasteboy,kelthuzad,384,mage,arcane,6,4,2
17575,Chilléd,tichondrius,384,mage,arcane,6,4,2
17576,Garrieto,sargeras,384,mage,arcane,6,4,2
17577,Rositajonez,terenas,384,mage,arcane,6,4,2
17578,Jordèb,sargeras,384,mage,arcane,6,4,2
17579,Gobbstoppers,dalaran,384,mage,arcane,12,4,8
17580,Granmago,azralon,384,mage,arcane,12,4,8
17581,Nesomage,destromath,384,mage,arcane,12,4,8
17582,Muskinite,maiev,384,mage,arcane,12,4,8
17583,Hogslop,saurfang,384,mage,arcane,12,4,8
17584,Pwnstarx,proudmoore,384,mage,arcane,12,4,8
17585,Bigbuttangel,borean-tundra,384,mage,arcane,12,4,8
17586,Khaldyn,tichondrius,384,mage,arcane,12,4,8
17587,Forestella,tichondrius,384,mage,arcane,12,4,8
17588,Scxut,tichondrius,384,mage,arcane,12,4,8
17589,Döömsage,hydraxis,384,mage,arcane,12,4,8
17590,Biotic,kiljaeden,384,mage,arcane,12,4,8
17591,Raxxor,muradin,383,mage,arcane,6,4,2
17592,Skoffla,executus,383,mage,arcane,6,4,2
17593,Seaon,malganis,383,mage,arcane,6,4,2
17594,Preckwinkle,moon-guard,382,mage,arcane,12,4,8
17595,Dchee,nerzhul,381,mage,arcane,12,4,8
17596,Ærtai,black-dragonflight,304,mage,arcane,7,4,3
17597,Grarg,stormrage,301,mage,arcane,13,4,9
17598,Smãlls,sargeras,288,mage,arcane,6,3,3
17599,Milfmaster,aerie-peak,288,mage,arcane,6,3,3
17600,Fatso,boulderfist,288,mage,arcane,6,3,3
17601,Xzude,korgath,288,mage,arcane,6,3,3
17602,Kev,sentinels,288,mage,arcane,6,3,3
17603,Neverbroke,illidan,288,mage,arcane,6,3,3
17604,Fennix,ragnaros,288,mage,arcane,6,3,3
17605,Jizzlez,tichondrius,288,mage,arcane,6,3,3
17606,Kogin,thrall,288,mage,arcane,6,3,3
17607,Crøwgxd,tichondrius,288,mage,arcane,6,3,3
17608,Myrondor,tichondrius,288,mage,arcane,6,3,3
17609,Sksteve,rexxar,288,mage,arcane,6,3,3
17610,Bobbyyx,sargeras,288,mage,arcane,6,3,3
17611,Watchmesleep,tichondrius,288,mage,arcane,6,3,3
17612,Natzue,sargeras,288,mage,arcane,6,3,3
17613,Madpoondog,frostmourne,288,mage,arcane,6,3,3
17614,Zakume,stormrage,288,mage,arcane,6,3,3
17615,Koro,tichondrius,288,mage,arcane,6,3,3
17616,Zerodium,sargeras,288,mage,arcane,6,3,3
17617,Adrazell,sargeras,288,mage,arcane,6,3,3
17618,Poggywoggy,frostmourne,288,mage,arcane,6,3,3
17619,Unknownblast,kul-tiras,288,mage,arcane,6,3,3
17620,Xythros,stormrage,288,mage,arcane,6,3,3
17621,Feorbxx,proudmoore,288,mage,arcane,6,3,3
17622,Sazza,tichondrius,288,mage,arcane,6,3,3
17623,Ksauce,twisting-nether,288,mage,arcane,6,3,3
17624,Levalol,aggramar,288,mage,arcane,10,4,6
17625,Heflash,azralon,288,mage,arcane,12,3,9
17626,Elux,whisperwind,288,mage,arcane,12,3,9
17627,Arçanemage,tichondrius,288,mage,arcane,12,3,9
17628,Toknsmoke,tichondrius,288,mage,arcane,12,3,9
17629,Fasttwitch,kiljaeden,288,mage,arcane,12,3,9
17630,Skittels,azshara,288,mage,arcane,12,3,9
17631,Matmagic,drakkari,288,mage,arcane,13,3,10
17632,Freehoñgkong,tichondrius,288,mage,arcane,18,3,15
17633,Calcaster,aegwynn,287,mage,arcane,6,3,3
17634,Kryptekk,area-52,287,mage,arcane,6,3,3
17635,Hýdro,ghostlands,287,mage,arcane,6,3,3
17636,Ìgnìtìöñ,whisperwind,287,mage,arcane,12,3,9
17637,Ottsca,emerald-dream,286,mage,arcane,6,3,3
17638,Prosperoo,aerie-peak,286,mage,arcane,6,3,3
17639,Arcanin,thunderlord,285,mage,arcane,12,3,9
17640,Sausage,boulderfist,276,mage,arcane,16,6,10
17641,Arkanons,azralon,240,mage,arcane,9,4,5
17642,Etyx,tichondrius,239,mage,arcane,5,3,2
17643,Pay,nordrassil,223,mage,arcane,9,3,6
17644,Røcco,azralon,192,mage,arcane,4,3,1
17645,Akunimon,ragnaros,192,mage,arcane,6,2,4
17646,Emden,khadgar,192,mage,arcane,6,2,4
17647,Sweetypie,fenris,192,mage,arcane,6,2,4
17648,Blastgodx,stormrage,192,mage,arcane,6,2,4
17649,Opiumlord,tichondrius,192,mage,arcane,6,2,4
17650,Sheepshot,dentarg,192,mage,arcane,6,2,4
17651,Chinkins,illidan,192,mage,arcane,6,2,4
17652,Pullmefingy,illidan,192,mage,arcane,6,2,4
17653,Caimil,echo-isles,192,mage,arcane,6,2,4
17654,Xannymancan,tichondrius,192,mage,arcane,6,2,4
17655,Fakelovè,area-52,192,mage,arcane,6,2,4
17656,Alìv,tichondrius,192,mage,arcane,6,2,4
17657,Blinkmind,stormrage,192,mage,arcane,6,2,4
17658,Maguín,tichondrius,192,mage,arcane,6,2,4
17659,Vengx,tichondrius,192,mage,arcane,6,2,4
17660,Vensyr,stormrage,192,mage,arcane,6,2,4
17661,Alùcârd,tichondrius,192,mage,arcane,6,2,4
17662,Yellowfevrz,thrall,192,mage,arcane,6,2,4
17663,Wayferz,illidan,192,mage,arcane,6,2,4
17664,Aenomaus,stormrage,192,mage,arcane,6,2,4
17665,Highafrn,area-52,192,mage,arcane,6,2,4
17666,Duffs,hyjal,192,mage,arcane,6,2,4
17667,Tarmiel,quelthalas,192,mage,arcane,6,2,4
17668,Markage,stormrage,192,mage,arcane,6,2,4
17669,Xpez,stormrage,192,mage,arcane,6,2,4
17670,Arcp,illidan,192,mage,arcane,6,2,4
17671,Ichor,blackhand,192,mage,arcane,6,2,4
17672,Ferdabombs,tichondrius,192,mage,arcane,6,2,4
17673,Lilfruitsnac,illidan,192,mage,arcane,6,2,4
17674,Mymaage,andorhal,192,mage,arcane,6,2,4
17675,Umber,dreadmaul,192,mage,arcane,6,2,4
17676,Burna,amanthul,192,mage,arcane,6,2,4
17677,Icebish,skullcrusher,192,mage,arcane,6,2,4
17678,Shimmerpoly,sargeras,192,mage,arcane,6,2,4
17679,Xunalatu,frostmourne,192,mage,arcane,6,2,4
17680,Frostecho,moon-guard,192,mage,arcane,6,2,4
17681,Crinkit,frostmourne,192,mage,arcane,6,2,4
17682,Mcshwackin,area-52,192,mage,arcane,12,2,10
17683,Compactor,emerald-dream,192,mage,arcane,12,2,10
17684,Amoredis,the-venture-co,192,mage,arcane,12,2,10
17685,Rahahm,altar-of-storms,192,mage,arcane,12,2,10
17686,Barbarabush,hellscream,192,mage,arcane,12,2,10
17687,Gatka,quelthalas,192,mage,arcane,12,2,10
17688,Lifeinaday,proudmoore,191,mage,arcane,6,2,4
17689,Vengefuly,tichondrius,138,mage,arcane,6,3,3
17690,Respektwaman,tichondrius,128,mage,arcane,4,2,2
17691,Pyropie,frostmourne,96,mage,arcane,3,2,1
17692,Purpledrank,nagrand,96,mage,arcane,9,2,7
17693,Casarenarrus,staghelm,96,mage,arcane,6,1,5
17694,Darthez,darkspear,96,mage,arcane,6,1,5
17695,Octané,illidan,96,mage,arcane,6,1,5
17696,Pollybot,tichondrius,96,mage,arcane,6,1,5
17697,Mageki,ragnaros,96,mage,arcane,6,1,5
17698,Noyade,illidan,96,mage,arcane,6,1,5
17699,Shinneex,ragnaros,96,mage,arcane,6,1,5
17700,Xlordpagan,sargeras,96,mage,arcane,6,1,5
17701,Sahaquiel,tichondrius,96,mage,arcane,6,1,5
17702,Mandrakë,nemesis,96,mage,arcane,6,1,5
17703,Coldrin,tichondrius,96,mage,arcane,6,1,5
17704,Elemenopi,thrall,96,mage,arcane,6,1,5
17705,Trippy,senjin,96,mage,arcane,6,1,5
17706,Omnislasher,terenas,96,mage,arcane,6,1,5
17707,Quinnfreeze,boulderfist,96,mage,arcane,6,1,5
17708,Singheart,tichondrius,96,mage,arcane,6,1,5
17709,Krazsus,tichondrius,96,mage,arcane,6,1,5
17710,Burrbon,area-52,96,mage,arcane,6,1,5
17711,Flomin,tichondrius,96,mage,arcane,6,1,5
17712,Sula,muradin,96,mage,arcane,6,1,5
17713,Smôl,emerald-dream,96,mage,arcane,6,1,5
17714,Copperfield,dreadmaul,96,mage,arcane,6,1,5
17715,Hhavok,scarlet-crusade,96,mage,arcane,6,1,5
17716,Telkham,tichondrius,96,mage,arcane,6,1,5
17717,Gôøglëlòl,nemesis,96,mage,arcane,6,1,5
17718,Hvnlyfathr,stormrage,96,mage,arcane,6,1,5
17719,Ignit,stormrage,96,mage,arcane,6,1,5
17720,Nazztwren,bleeding-hollow,96,mage,arcane,6,1,5
17721,Illúmi,moon-guard,96,mage,arcane,6,1,5
17722,Genozyde,elune,96,mage,arcane,6,1,5
17723,Helloimazu,gilneas,96,mage,arcane,6,1,5
17724,Needmyvape,moon-guard,96,mage,arcane,6,1,5
17725,Nikittomage,echo-isles,96,mage,arcane,12,1,11
17726,Greaterbust,tichondrius,96,mage,arcane,12,1,11
17727,Kralien,dalaran,95,mage,arcane,6,1,5
17728,Poofnpass,malorne,95,mage,arcane,6,1,5
17729,Scribe,anvilmar,79,mage,arcane,5,1,4
17730,Pyroeuphoria,dark-iron,79,mage,arcane,5,1,4
17731,Frostmaul,dreadmaul,79,mage,arcane,11,1,10
17732,Keepinitnoob,tichondrius,63,mage,arcane,2,2,0
17733,Setback,illidan,2122,mage,fire,138,69,69
17734,Hansol,farstriders,2120,mage,fire,84,42,42
17735,Ranj,tichondrius,2110,mage,fire,97,48,49
17736,Valériemeow,tichondrius,2097,mage,fire,115,57,58
17737,Benisp,stormrage,2070,mage,fire,98,56,42
17738,Bigfirebat,tichondrius,2061,mage,fire,167,87,80
17739,Vcamus,tichondrius,2056,mage,fire,92,48,44
17740,Kyphosis,illidan,2054,mage,fire,113,68,45
17741,Gohonn,emerald-dream,2043,mage,fire,159,92,67
17742,Talibandzx,sargeras,2042,mage,fire,159,77,82
17743,Asetback,illidan,2035,mage,fire,120,58,62
17744,Taylorlol,tichondrius,2019,mage,fire,141,67,74
17745,Horoba,sargeras,2009,mage,fire,204,99,105
17746,Adjudicatory,tichondrius,2003,mage,fire,69,34,35
17747,Kasperkar,illidan,1991,mage,fire,251,127,124
17748,Xiaoxiaochu,tichondrius,1973,mage,fire,205,119,86
17749,Vcamusorz,tichondrius,1970,mage,fire,166,87,79
17750,Udmx,zuljin,1958,mage,fire,85,51,34
17751,Aeghis,stormrage,1958,mage,fire,48,26,22
17752,Getmaged,bleeding-hollow,1943,mage,fire,64,40,24
17753,Undeadmerlin,zuljin,1937,mage,fire,66,36,30
17754,Purpscurp,illidan,1932,mage,fire,147,83,64
17755,Peachygamer,stormscale,1921,mage,fire,198,99,99
17756,Starxen,tichondrius,1915,mage,fire,54,31,23
17757,Dáddyshark,sargeras,1911,mage,fire,169,80,89
17758,Poundcakezx,tichondrius,1905,mage,fire,54,28,26
17759,Sorankim,tichondrius,1893,mage,fire,54,30,24
17760,Vazlgs,tichondrius,1872,mage,fire,78,44,34
17761,Rmxd,malganis,1870,mage,fire,102,54,48
17762,Nightsaber,blackrock,1869,mage,fire,42,26,16
17763,Sorcerous,bloodhoof,1863,mage,fire,163,95,68
17764,Notini,azralon,1862,mage,fire,149,74,75
17765,Ròÿ,area-52,1861,mage,fire,72,37,35
17766,Opisop,kelthuzad,1858,mage,fire,60,32,28
17767,Sunskim,tichondrius,1851,mage,fire,76,37,39
17768,Háté,ragnaros,1849,mage,fire,179,84,95
17769,Degen,laughing-skull,1842,mage,fire,46,31,15
17770,Ksmackm,illidan,1842,mage,fire,65,34,31
17771,Zoryack,azralon,1836,mage,fire,150,79,71
17772,Wanming,tichondrius,1831,mage,fire,78,44,34
17773,Pinkmagetko,tichondrius,1830,mage,fire,48,26,22
17774,Vampìrelolz,tichondrius,1828,mage,fire,47,25,22
17775,Csx,turalyon,1826,mage,fire,132,73,59
17776,Cinnablast,darkspear,1824,mage,fire,26,20,6
17777,Fwooshinator,malganis,1823,mage,fire,71,56,15
17778,Epod,illidan,1823,mage,fire,78,36,42
17779,Dmgdaddy,zuljin,1822,mage,fire,42,20,22
17780,Såni,tichondrius,1819,mage,fire,67,39,28
17781,Kraxos,stormrage,1814,mage,fire,108,62,46
17782,Yaya,kargath,1811,mage,fire,105,51,54
17783,Wiredcc,illidan,1805,mage,fire,30,20,10
17784,Juju,tichondrius,1796,mage,fire,75,44,31
17785,Fixrexbaxlls,tichondrius,1780,mage,fire,66,35,31
17786,Snoogma,illidan,1772,mage,fire,41,30,11
17787,Volkazar,sargeras,1766,mage,fire,39,21,18
17788,Käxs,ragnaros,1762,mage,fire,42,21,21
17789,Daddymayhem,proudmoore,1756,mage,fire,120,61,59
17790,Charkoalzz,moon-guard,1749,mage,fire,53,26,27
17791,Alenikus,blackhand,1738,mage,fire,110,58,52
17792,Yorgøs,ragnaros,1736,mage,fire,60,31,29
17793,Dexpy,tichondrius,1732,mage,fire,43,26,17
17794,Farragan,ragnaros,1732,mage,fire,48,21,27
17795,Icetomeetyu,bleeding-hollow,1726,mage,fire,185,92,93
17796,Deepgodsz,azralon,1725,mage,fire,42,23,19
17797,Wizarts,ragnaros,1725,mage,fire,60,27,33
17798,Sol,shandris,1721,mage,fire,36,18,18
17799,Stergenutfr,tichondrius,1720,mage,fire,42,27,15
17800,Kindle,malorne,1714,mage,fire,56,33,23
17801,Englavian,frostmane,1709,mage,fire,54,28,26
17802,Snaregodx,area-52,1707,mage,fire,30,21,9
17803,Gelußabadook,kelthuzad,1700,mage,fire,30,22,8
17804,Mângo,frostmourne,1699,mage,fire,24,18,6
17805,Highms,stormrage,1699,mage,fire,60,30,30
17806,Muztaccio,tichondrius,1697,mage,fire,77,43,34
17807,Likebutter,tichondrius,1695,mage,fire,30,22,8
17808,Younghehe,tichondrius,1692,mage,fire,148,77,71
17809,Dagreatone,malganis,1687,mage,fire,46,24,22
17810,Banquetmeal,emerald-dream,1686,mage,fire,42,27,15
17811,Nickioxox,tichondrius,1674,mage,fire,24,18,6
17812,Bighot,tichondrius,1673,mage,fire,90,53,37
17813,Torched,stormreaver,1671,mage,fire,84,44,40
17814,Ligmmah,stormrage,1669,mage,fire,66,39,27
17815,Dropdeadlol,bonechewer,1669,mage,fire,96,55,41
17816,Ööf,emerald-dream,1667,mage,fire,72,33,39
17817,Asap,frostmourne,1666,mage,fire,48,26,22
17818,Varroc,quelthalas,1666,mage,fire,208,101,107
17819,Wotl,tichondrius,1665,mage,fire,219,115,104
17820,Blockjkdead,frostmourne,1663,mage,fire,32,21,11
17821,Magibe,thrall,1652,mage,fire,36,24,12
17822,Itshug,area-52,1652,mage,fire,53,27,26
17823,Thxo,hyjal,1650,mage,fire,111,54,57
17824,Lycheeoolong,frostmourne,1649,mage,fire,38,22,16
17825,Téhflip,tichondrius,1649,mage,fire,42,24,18
17826,Pootysmooch,sargeras,1639,mage,fire,54,33,21
17827,Myrondor,tichondrius,1639,mage,fire,90,50,40
17828,Setbackx,illidan,1638,mage,fire,48,19,29
17829,Oi,frostwolf,1636,mage,fire,75,48,27
17830,Chionê,velen,1634,mage,fire,30,18,12
17831,Tuniepop,sargeras,1631,mage,fire,89,44,45
17832,Rockoe,tichondrius,1630,mage,fire,76,44,32
17833,Trippy,senjin,1630,mage,fire,60,30,30
17834,Ârcano,ragnaros,1628,mage,fire,53,29,24
17835,Nazmagus,hydraxis,1624,mage,fire,119,70,49
17836,Enthy,frostmourne,1623,mage,fire,60,30,30
17837,Bigpøppapump,tichondrius,1622,mage,fire,42,19,23
17838,Tweydey,tichondrius,1621,mage,fire,30,17,13
17839,Iblïs,kelthuzad,1612,mage,fire,24,17,7
17840,Gigatuts,stormrage,1612,mage,fire,61,31,30
17841,Creaystar,area-52,1611,mage,fire,220,106,114
17842,Formi,frostmourne,1611,mage,fire,88,41,47
17843,Chainpoly,area-52,1609,mage,fire,37,25,12
17844,Fruitdealerr,tichondrius,1607,mage,fire,48,29,19
17845,Albbano,tichondrius,1605,mage,fire,30,21,9
17846,Zarkanis,tichondrius,1604,mage,fire,49,25,24
17847,Mushys,stormrage,1601,mage,fire,35,22,13
17848,Grynthwzrd,stormrage,1601,mage,fire,60,37,23
17849,Jardz,area-52,1597,mage,fire,42,21,21
17850,Sakurai,tichondrius,1593,mage,fire,48,28,20
17851,Velvetlurker,tichondrius,1588,mage,fire,30,17,13
17852,Marrioo,tichondrius,1586,mage,fire,54,29,25
17853,Jasmine,moon-guard,1584,mage,fire,57,30,27
17854,Pzaz,moon-guard,1582,mage,fire,50,30,20
17855,Sandylove,zuljin,1582,mage,fire,36,17,19
17856,Ogfresh,area-52,1581,mage,fire,42,26,16
17857,Bigdjohnson,dalaran,1580,mage,fire,42,19,23
17858,Hpthewizard,deathwing,1579,mage,fire,89,52,37
17859,Iceward,frostmourne,1579,mage,fire,66,30,36
17860,Engage,garrosh,1578,mage,fire,48,29,19
17861,Garbagemage,barthilas,1572,mage,fire,78,41,37
17862,Firewreckage,malganis,1566,mage,fire,68,31,37
17863,Djpolymorph,stormrage,1560,mage,fire,108,60,48
17864,Kev,sentinels,1559,mage,fire,108,58,50
17865,Lolololololo,kelthuzad,1557,mage,fire,204,104,100
17866,Polypolypoly,kiljaeden,1550,mage,fire,28,19,9
17867,Wickymorph,barthilas,1549,mage,fire,53,25,28
17868,Leonr,tichondrius,1546,mage,fire,86,53,33
17869,Trolson,sargeras,1546,mage,fire,54,26,28
17870,Ferdabombs,tichondrius,1544,mage,fire,112,64,48
17871,Mudohir,stormrage,1542,mage,fire,46,20,26
17872,Dreadparadox,bleeding-hollow,1539,mage,fire,46,23,23
17873,Xs,stormrage,1534,mage,fire,120,67,53
17874,Murcury,tichondrius,1531,mage,fire,261,132,129
17875,Teetems,sargeras,1530,mage,fire,116,59,57
17876,Fifthelëment,emerald-dream,1529,mage,fire,119,65,54
17877,Ultrá,stormscale,1528,mage,fire,84,49,35
17878,Bajaoreily,zangarmarsh,1528,mage,fire,42,19,23
17879,Magekylex,proudmoore,1522,mage,fire,99,58,41
17880,Pyroshima,barthilas,1522,mage,fire,95,47,48
17881,Magicmaghar,area-52,1521,mage,fire,60,31,29
17882,Biscobush,turalyon,1519,mage,fire,30,18,12
17883,Crazytime,tichondrius,1519,mage,fire,42,23,19
17884,Lilbabyx,stormrage,1519,mage,fire,98,51,47
17885,Audacy,sargeras,1518,mage,fire,144,71,73
17886,Marfaz,ravencrest,1517,mage,fire,57,27,30
17887,Yeetcannøn,illidan,1516,mage,fire,36,18,18
17888,Fookz,malganis,1515,mage,fire,60,32,28
17889,Squishymage,frostmourne,1515,mage,fire,37,19,18
17890,Imannoyingha,darkspear,1510,mage,fire,71,37,34
17891,Mager,dentarg,1508,mage,fire,62,40,22
17892,Worldonfire,ragnaros,1506,mage,fire,172,88,84
17893,Coneofkony,bleeding-hollow,1503,mage,fire,36,23,13
17894,Mageonthc,korgath,1503,mage,fire,35,20,15
17895,Anuub,kelthuzad,1497,mage,fire,36,20,16
17896,Willzada,azralon,1497,mage,fire,51,24,27
17897,Pòlly,illidan,1495,mage,fire,42,25,17
17898,Mariomario,tichondrius,1494,mage,fire,66,38,28
17899,Juul,emerald-dream,1492,mage,fire,126,62,64
17900,Xanthan,runetotem,1491,mage,fire,51,29,22
17901,Beerandmagic,zuljin,1487,mage,fire,30,16,14
17902,Coolhandz,tichondrius,1487,mage,fire,47,24,23
17903,Dârkus,sargeras,1487,mage,fire,122,60,62
17904,Xoese,illidan,1481,mage,fire,54,20,34
17905,Jojomage,thrall,1473,mage,fire,138,71,67
17906,Chickenspank,stormrage,1473,mage,fire,36,18,18
17907,Anàrchy,emerald-dream,1469,mage,fire,51,29,22
17908,Squantanimo,shadowmoon,1468,mage,fire,65,30,35
17909,Frostpimp,anubarak,1460,mage,fire,60,22,38
17910,Singheart,tichondrius,1457,mage,fire,162,80,82
17911,Toastedoats,hyjal,1456,mage,fire,97,51,46
17912,Aerligar,area-52,1455,mage,fire,36,20,16
17913,Pyroflinger,stormrage,1453,mage,fire,90,46,44
17914,Sparklepoof,tichondrius,1449,mage,fire,29,17,12
17915,Bettybonk,cenarius,1449,mage,fire,42,20,22
17916,Grymorum,ragnaros,1448,mage,fire,42,18,24
17917,Yooyar,barthilas,1447,mage,fire,168,80,88
17918,Jööz,deathwing,1447,mage,fire,51,24,27
17919,Firèballin,tichondrius,1441,mage,fire,31,17,14
17920,Sabrita,proudmoore,1440,mage,fire,36,16,20
17921,Wïzarduous,mannoroth,1438,mage,fire,66,37,29
17922,Gasolína,stormrage,1436,mage,fire,84,48,36
17923,Swaglo,illidan,1435,mage,fire,40,18,22
17924,Grandpapi,arthas,1433,mage,fire,35,20,15
17925,Affewxd,lothar,1428,mage,fire,54,27,27
17926,Streetember,nemesis,1424,mage,fire,84,36,48
17927,Mirimida,ragnaros,1422,mage,fire,153,82,71
17928,Snanth,black-dragonflight,1420,mage,fire,51,29,22
17929,Skryte,mannoroth,1417,mage,fire,58,28,30
17930,Øzmage,area-52,1416,mage,fire,21,16,5
17931,Skoffla,executus,1411,mage,fire,48,25,23
17932,Eekzlol,illidan,1409,mage,fire,30,16,14
17933,Snuurf,ragnaros,1406,mage,fire,60,31,29
17934,Ålmøst,tichondrius,1405,mage,fire,65,36,29
17935,Smallbrainz,emerald-dream,1404,mage,fire,66,35,31
17936,Marajaade,tichondrius,1403,mage,fire,80,38,42
17937,Elysõna,area-52,1402,mage,fire,78,40,38
17938,Mayumî,moon-guard,1401,mage,fire,34,18,16
17939,Whiteyx,saurfang,1399,mage,fire,52,29,23
17940,Cumbus,stormrage,1399,mage,fire,42,15,27
17941,Connorq,stormrage,1394,mage,fire,51,27,24
17942,Ruzam,area-52,1394,mage,fire,66,31,35
17943,Jundead,dalaran,1393,mage,fire,79,46,33
17944,Sydrol,area-52,1392,mage,fire,143,74,69
17945,Hööva,illidan,1392,mage,fire,71,35,36
17946,Jizzlez,tichondrius,1392,mage,fire,48,23,25
17947,Eazzybaby,eredar,1388,mage,fire,424,217,207
17948,Coôler,illidan,1388,mage,fire,84,40,44
17949,Zstyle,frostmourne,1385,mage,fire,55,32,23
17950,Purpledrank,nagrand,1385,mage,fire,85,39,46
17951,Leaso,tichondrius,1384,mage,fire,45,22,23
17952,Ingrumatig,tichondrius,1376,mage,fire,42,18,24
17953,Aliive,tichondrius,1375,mage,fire,30,16,14
17954,Amge,uldum,1373,mage,fire,26,15,11
17955,Wzrdxz,tichondrius,1370,mage,fire,36,17,19
17956,Melkra,tichondrius,1366,mage,fire,64,32,32
17957,Waffles,ravencrest,1363,mage,fire,68,34,34
17958,Diewnuts,zuljin,1363,mage,fire,42,20,22
17959,Garungar,antonidas,1361,mage,fire,24,15,9
17960,Coltrip,azralon,1359,mage,fire,83,38,45
17961,Elwyn,dunemaul,1358,mage,fire,60,29,31
17962,Magiaguarra,ragnaros,1353,mage,fire,36,17,19
17963,Wakkaflame,stormrage,1348,mage,fire,78,33,45
17964,Prinseza,quelthalas,1345,mage,fire,55,27,28
17965,Badaszbich,tichondrius,1344,mage,fire,36,20,16
17966,Sikeyzlol,bleeding-hollow,1343,mage,fire,24,14,10
17967,Coldcaster,mugthol,1340,mage,fire,74,40,34
17968,Kraftfull,azralon,1338,mage,fire,19,15,4
17969,Subscribe,malganis,1336,mage,fire,48,22,26
17970,Dearasian,ragnaros,1335,mage,fire,60,32,28
17971,Búrsting,kelthuzad,1334,mage,fire,31,16,15
17972,Adrazell,sargeras,1333,mage,fire,42,21,21
17973,Sahala,frostmourne,1333,mage,fire,60,25,35
17974,Christjan,tichondrius,1326,mage,fire,181,96,85
17975,Gødvana,frostmourne,1320,mage,fire,42,23,19
17976,Nukeit,azgalor,1320,mage,fire,42,20,22
17977,Carnelius,bleeding-hollow,1319,mage,fire,75,39,36
17978,Holbrook,greymane,1316,mage,fire,49,24,25
17979,Magination,frostmourne,1313,mage,fire,48,22,26
17980,Quizzard,blackrock,1310,mage,fire,28,15,13
17981,Snoü,proudmoore,1309,mage,fire,42,14,28
17982,Raynark,nemesis,1307,mage,fire,30,18,12
17983,Kevymarts,tichondrius,1304,mage,fire,30,15,15
17984,Jjijuns,tichondrius,1302,mage,fire,40,18,22
17985,Abzy,sargeras,1294,mage,fire,72,36,36
17986,Rudeswizard,area-52,1291,mage,fire,73,32,41
17987,Raisonmage,tichondrius,1280,mage,fire,48,18,30
17988,Hypernova,vashj,1277,mage,fire,41,19,22
17989,Cymbalta,azralon,1272,mage,fire,35,24,11
17990,Alzagen,ragnaros,1270,mage,fire,62,30,32
17991,Helcarwen,area-52,1261,mage,fire,60,30,30
17992,Adronicus,tichondrius,1259,mage,fire,66,33,33
17993,Zulugara,barthilas,1258,mage,fire,36,19,17
17994,Absolutepowa,bleeding-hollow,1255,mage,fire,26,14,12
17995,Reddfire,proudmoore,1253,mage,fire,42,15,27
17996,Babysharky,uther,1249,mage,fire,34,14,20
17997,Glaucus,illidan,1247,mage,fire,18,13,5
17998,Leakyboots,illidan,1247,mage,fire,24,13,11
17999,Kronicblast,bleeding-hollow,1240,mage,fire,63,26,37
18000,Frostymart,arthas,1239,mage,fire,24,13,11
18001,Feogato,proudmoore,1237,mage,fire,60,29,31
18002,Polymedaddi,tichondrius,1236,mage,fire,36,13,23
18003,Blinksz,korgath,1235,mage,fire,30,13,17
18004,Politeness,tichondrius,1233,mage,fire,24,13,11
18005,Christensen,stormrage,1231,mage,fire,30,17,13
18006,Slumpgodd,frostmourne,1230,mage,fire,30,13,17
18007,Gadgítte,moon-guard,1229,mage,fire,24,13,11
18008,Eatnu,tichondrius,1225,mage,fire,30,13,17
18009,Dragonie,nordrassil,1224,mage,fire,45,23,22
18010,Smigui,azralon,1223,mage,fire,164,76,88
18011,Psycles,dragonmaw,1223,mage,fire,54,21,33
18012,Zinnos,tichondrius,1218,mage,fire,30,13,17
18013,Archtype,azralon,1217,mage,fire,18,13,5
18014,Vanairel,emerald-dream,1216,mage,fire,30,18,12
18015,Sorgannon,malganis,1216,mage,fire,30,13,17
18016,Genthruz,ragnaros,1215,mage,fire,48,22,26
18017,Fíery,blades-edge,1211,mage,fire,90,42,48
18018,Putridìty,thrall,1210,mage,fire,30,16,14
18019,Licklix,tichondrius,1205,mage,fire,34,19,15
18020,Mongomike,stormrage,1205,mage,fire,63,26,37
18021,Pyrotactics,sargeras,1205,mage,fire,46,17,29
18022,Hadlly,tichondrius,1197,mage,fire,23,13,10
18023,Hositonet,malganis,1188,mage,fire,78,40,38
18024,Sorrenton,sargeras,1186,mage,fire,41,23,18
18025,Burist,illidan,1185,mage,fire,38,19,19
18026,Esfire,frostmourne,1185,mage,fire,48,23,25
18027,Zonmague,drakkari,1177,mage,fire,36,17,19
18028,Iguanodon,proudmoore,1159,mage,fire,56,29,27
18029,Tamarolfrost,illidan,1158,mage,fire,19,13,6
18030,Gradmage,proudmoore,1156,mage,fire,50,20,30
18031,Maxvila,kelthuzad,1152,mage,fire,18,12,6
18032,Kjuuler,moon-guard,1151,mage,fire,24,12,12
18033,Mágos,stormrage,1150,mage,fire,18,12,6
18034,Rhykx,malganis,1149,mage,fire,18,12,6
18035,Balmunc,proudmoore,1147,mage,fire,18,12,6
18036,Chumpp,tichondrius,1147,mage,fire,18,12,6
18037,Dorkski,bleeding-hollow,1147,mage,fire,139,61,78
18038,Absentbrain,stormrage,1145,mage,fire,24,12,12
18039,Domotricks,illidan,1142,mage,fire,29,12,17
18040,Arrcadia,darkspear,1142,mage,fire,30,12,18
18041,Jonboym,illidan,1141,mage,fire,24,12,12
18042,Fleët,tichondrius,1139,mage,fire,18,12,6
18043,Fakewarlockk,illidan,1138,mage,fire,24,12,12
18044,Nachtt,sargeras,1136,mage,fire,24,12,12
18045,Lorlene,frostmourne,1135,mage,fire,18,12,6
18046,Usirfail,bleeding-hollow,1133,mage,fire,30,12,18
18047,Gnarwallx,stormrage,1132,mage,fire,30,12,18
18048,Priyel,hyjal,1130,mage,fire,30,15,15
18049,Xzilence,aerie-peak,1118,mage,fire,30,12,18
18050,Sánzunokawa,quelthalas,1109,mage,fire,27,16,11
18051,Isendra,bleeding-hollow,1105,mage,fire,23,12,11
18052,Noescaping,illidan,1102,mage,fire,24,12,12
18053,Saladguy,thrall,1101,mage,fire,42,14,28
18054,Wawakun,ragnaros,1098,mage,fire,36,16,20
18055,Gempette,tichondrius,1095,mage,fire,23,12,11
18056,Wazzerd,moon-guard,1093,mage,fire,27,12,15
18057,Guccilaflur,proudmoore,1082,mage,fire,27,12,15
18058,Crnomage,area-52,1081,mage,fire,23,12,11
18059,Frogpapi,illidan,1072,mage,fire,48,22,26
18060,Pikoda,azralon,1066,mage,fire,28,12,16
18061,Lmaginedying,illidan,1056,mage,fire,18,11,7
18062,Flaux,sargeras,1055,mage,fire,18,11,7
18063,Lightsoran,tichondrius,1055,mage,fire,18,11,7
18064,Alorae,wyrmrest-accord,1054,mage,fire,18,11,7
18065,Piratecaster,kargath,1054,mage,fire,18,11,7
18066,Dbox,stormscale,1054,mage,fire,18,11,7
18067,Marxeflamer,ragnaros,1054,mage,fire,24,11,13
18068,Avicci,shattered-halls,1054,mage,fire,30,11,19
18069,Cinns,moon-guard,1051,mage,fire,24,11,13
18070,Radakos,emerald-dream,1050,mage,fire,24,11,13
18071,Kiz,zuljin,1050,mage,fire,24,11,13
18072,Gualter,nemesis,1049,mage,fire,18,11,7
18073,Frogbum,fizzcrank,1049,mage,fire,22,12,10
18074,Harlloo,the-underbog,1049,mage,fire,30,11,19
18075,Kryptekk,area-52,1048,mage,fire,24,11,13
18076,Vamkari,ragnaros,1046,mage,fire,24,12,12
18077,Erlendr,moon-guard,1041,mage,fire,44,22,22
18078,Scmage,exodar,1040,mage,fire,30,11,19
18079,Sasghengis,frostmourne,1039,mage,fire,48,24,24
18080,Freez,garona,1037,mage,fire,27,12,15
18081,Daggoe,nazjatar,1032,mage,fire,24,11,13
18082,Flame,arthas,1028,mage,fire,30,11,19
18083,Ispell,tichondrius,1024,mage,fire,89,38,51
18084,Søkø,tichondrius,1021,mage,fire,38,18,20
18085,Asönia,illidan,1020,mage,fire,30,11,19
18086,Pyrepad,moon-guard,1015,mage,fire,24,11,13
18087,Ops,frostmourne,1009,mage,fire,117,62,55
18088,Hotjazzfarts,sargeras,1003,mage,fire,61,35,26
18089,Minerves,tichondrius,1001,mage,fire,28,13,15
18090,Coldblooded,zuljin,991,mage,fire,41,14,27
18091,Bàttlemage,nagrand,982,mage,fire,36,21,15
18092,Hýdro,ghostlands,978,mage,fire,42,23,19
18093,Shashyta,drakkari,974,mage,fire,66,18,48
18094,Lilmj,kelthuzad,970,mage,fire,25,11,14
18095,Endmepls,ysera,965,mage,fire,96,40,56
18096,Loopsyliu,stormrage,960,mage,fire,12,10,2
18097,Deathlist,frostmourne,960,mage,fire,12,10,2
18098,Papita,mugthol,960,mage,fire,12,10,2
18099,Tupactopus,tichondrius,960,mage,fire,18,10,8
18100,Pollybot,tichondrius,959,mage,fire,12,10,2
18101,Mokelovin,sargeras,959,mage,fire,18,10,8
18102,Squidio,stormrage,959,mage,fire,18,10,8
18103,Sky,lightnings-blade,958,mage,fire,18,10,8
18104,Zakume,stormrage,958,mage,fire,18,10,8
18105,Preceptør,azralon,957,mage,fire,24,10,14
18106,Osh,malorne,957,mage,fire,24,10,14
18107,Alunarassra,tichondrius,956,mage,fire,24,10,14
18108,Dårks,area-52,955,mage,fire,24,10,14
18109,Ripburn,stormrage,953,mage,fire,47,20,27
18110,Etyx,tichondrius,953,mage,fire,30,10,20
18111,Flavaflame,mugthol,952,mage,fire,18,10,8
18112,Clapsyou,illidan,951,mage,fire,24,10,14
18113,Zukoprince,azralon,950,mage,fire,12,10,2
18114,Brànd,antonidas,947,mage,fire,18,11,7
18115,Abstractgoat,tichondrius,946,mage,fire,30,15,15
18116,Trollsita,thrall,945,mage,fire,18,10,8
18117,Aphazia,kiljaeden,933,mage,fire,18,10,8
18118,Senegau,azralon,932,mage,fire,57,27,30
18119,Magalí,nemesis,930,mage,fire,66,24,42
18120,Coldarei,nagrand,928,mage,fire,27,12,15
18121,Dojacute,frostmourne,910,mage,fire,17,10,7
18122,Coldrin,tichondrius,897,mage,fire,28,11,17
18123,Alywgard,sargeras,894,mage,fire,22,10,12
18124,Beji,frostmourne,894,mage,fire,38,17,21
18125,Béssie,area-52,891,mage,fire,62,30,32
18126,Alaramaria,sargeras,886,mage,fire,18,10,8
18127,Jaysaucetv,tichondrius,878,mage,fire,19,10,9
18128,Tungstentoes,shuhalo,875,mage,fire,21,12,9
18129,Nakana,area-52,875,mage,fire,52,25,27
18130,Strêss,kelthuzad,870,mage,fire,22,12,10
18131,Itizar,frostmourne,864,mage,fire,12,9,3
18132,Ñïz,bleeding-hollow,864,mage,fire,18,9,9
18133,Fullsheep,emerald-dream,863,mage,fire,12,9,3
18134,Trés,ragnaros,863,mage,fire,12,9,3
18135,Dabsx,moon-guard,863,mage,fire,18,9,9
18136,Gtown,kelthuzad,863,mage,fire,18,9,9
18137,Ddouble,tichondrius,863,mage,fire,18,9,9
18138,Shimmerpoly,sargeras,863,mage,fire,24,9,15
18139,Avócadó,malganis,863,mage,fire,24,9,15
18140,Desfunz,mugthol,862,mage,fire,18,9,9
18141,Unknownblast,kul-tiras,862,mage,fire,26,9,17
18142,Garion,moon-guard,860,mage,fire,20,9,11
18143,Fryry,dalaran,860,mage,fire,24,9,15
18144,Baelthezer,moon-guard,858,mage,fire,21,12,9
18145,Halfsquad,malfurion,858,mage,fire,18,9,9
18146,Product,mugthol,858,mage,fire,18,9,9
18147,Gadalka,frostmourne,857,mage,fire,18,9,9
18148,Othokk,tichondrius,852,mage,fire,24,9,15
18149,Dánó,lightbringer,843,mage,fire,62,26,36
18150,Umber,dreadmaul,829,mage,fire,17,9,8
18151,Ljaie,lightbringer,813,mage,fire,17,9,8
18152,Phantose,sargeras,808,mage,fire,22,10,12
18153,Arcanemain,kargath,799,mage,fire,42,18,24
18154,Drewann,draenor,799,mage,fire,22,9,13
18155,Supermajor,frostmourne,799,mage,fire,25,10,15
18156,Certifried,emerald-dream,797,mage,fire,20,9,11
18157,Gominsi,tichondrius,768,mage,fire,12,8,4
18158,Dandrix,sargeras,768,mage,fire,12,8,4
18159,Keepv,tichondrius,768,mage,fire,12,8,4
18160,Pherixsw,stormrage,768,mage,fire,12,8,4
18161,Rendézvous,tichondrius,768,mage,fire,12,8,4
18162,Original,ysera,768,mage,fire,18,8,10
18163,Sunstry,tichondrius,768,mage,fire,18,8,10
18164,Castana,tichondrius,768,mage,fire,18,8,10
18165,Salvick,emerald-dream,768,mage,fire,18,8,10
18166,Sahlokinn,stormrage,768,mage,fire,18,8,10
18167,Majjix,illidan,767,mage,fire,12,8,4
18168,Hexed,kiljaeden,767,mage,fire,12,8,4
18169,Kawailenard,tichondrius,767,mage,fire,12,8,4
18170,Preplex,thrall,767,mage,fire,18,8,10
18171,Mccorkle,azshara,767,mage,fire,21,9,12
18172,Wayferz,illidan,767,mage,fire,24,8,16
18173,Ashenlad,moon-guard,766,mage,fire,18,8,10
18174,Tarmiel,quelthalas,765,mage,fire,24,8,16
18175,Wetguuch,area-52,763,mage,fire,18,8,10
18176,Isoicast,moon-guard,759,mage,fire,22,11,11
18177,Noyade,illidan,758,mage,fire,18,8,10
18178,Pyromidget,khazgoroth,756,mage,fire,18,8,10
18179,Orianne,windrunner,750,mage,fire,12,8,4
18180,Ashex,moon-guard,750,mage,fire,24,9,15
18181,Zendrix,bonechewer,749,mage,fire,24,8,16
18182,Pyrlos,terokkar,738,mage,fire,24,9,15
18183,Orionmage,frostmourne,720,mage,fire,15,8,7
18184,Dìus,malganis,719,mage,fire,17,8,9
18185,Letitgoo,azralon,715,mage,fire,25,9,16
18186,Shmagee,azralon,684,mage,fire,13,8,5
18187,Belven,proudmoore,672,mage,fire,12,7,5
18188,Tuggernaug,malganis,672,mage,fire,12,7,5
18189,Vamplol,tichondrius,672,mage,fire,12,7,5
18190,Wînx,barthilas,672,mage,fire,12,7,5
18191,Sos,kelthuzad,672,mage,fire,12,7,5
18192,Warpfactor,malganis,672,mage,fire,12,7,5
18193,Wienerjeff,area-52,672,mage,fire,12,7,5
18194,Silimage,area-52,672,mage,fire,12,7,5
18195,Zoobiz,tichondrius,672,mage,fire,12,7,5
18196,Frankkie,mugthol,672,mage,fire,12,7,5
18197,Osirax,frostmane,672,mage,fire,12,7,5
18198,Coldkite,tichondrius,672,mage,fire,12,7,5
18199,Xythros,stormrage,672,mage,fire,12,7,5
18200,Strumms,tichondrius,672,mage,fire,18,7,11
18201,Vastlord,stormrage,672,mage,fire,18,7,11
18202,Allhitz,ragnaros,671,mage,fire,12,7,5
18203,Lucidaze,daggerspine,671,mage,fire,12,7,5
18204,Mymrmage,mannoroth,671,mage,fire,12,7,5
18205,Keileon,tichondrius,671,mage,fire,12,7,5
18206,Shírley,tichondrius,671,mage,fire,12,7,5
18207,Aulle,whisperwind,671,mage,fire,12,7,5
18208,Blastfire,stormrage,671,mage,fire,12,7,5
18209,Ásune,moon-guard,671,mage,fire,12,7,5
18210,Alàh,stormscale,671,mage,fire,18,7,11
18211,Dreaming,draktharon,670,mage,fire,12,7,5
18212,Fanshen,tichondrius,670,mage,fire,17,7,10
18213,Tmo,mannoroth,670,mage,fire,24,7,17
18214,Boptimus,moonrunner,666,mage,fire,12,7,5
18215,Rageymagey,azshara,665,mage,fire,24,7,17
18216,Vonfrmdao,illidan,624,mage,fire,15,8,7
18217,Tmharp,tichondrius,623,mage,fire,15,8,7
18218,Proximalol,tichondrius,607,mage,fire,11,7,4
18219,Slipqt,tichondrius,607,mage,fire,22,7,15
18220,Chumleyson,eonar,606,mage,fire,14,7,7
18221,Mômö,argent-dawn,606,mage,fire,22,7,15
18222,Mzr,proudmoore,576,mage,fire,6,6,0
18223,Strdelmaker,tichondrius,576,mage,fire,6,6,0
18224,Jajaragnaros,bleeding-hollow,576,mage,fire,12,6,6
18225,Omagawd,tichondrius,576,mage,fire,12,6,6
18226,Sourpatchkds,emerald-dream,576,mage,fire,12,6,6
18227,Amage,drakthul,576,mage,fire,12,6,6
18228,Crøwgxd,tichondrius,576,mage,fire,12,6,6
18229,Fredcouples,tichondrius,576,mage,fire,12,6,6
18230,Magicmichel,malganis,576,mage,fire,12,6,6
18231,Magicmidget,malganis,576,mage,fire,12,6,6
18232,Cuterthanyou,sargeras,576,mage,fire,12,6,6
18233,Toteypotter,frostmourne,576,mage,fire,12,6,6
18234,Eludin,aegwynn,576,mage,fire,12,6,6
18235,Laradria,kiljaeden,576,mage,fire,12,6,6
18236,Plutón,tichondrius,576,mage,fire,12,6,6
18237,Kaylemage,tichondrius,576,mage,fire,12,6,6
18238,Mageboy,bonechewer,576,mage,fire,12,6,6
18239,Wakamage,area-52,576,mage,fire,12,6,6
18240,Kylar,icecrown,576,mage,fire,12,6,6
18241,Chapelrat,sargeras,576,mage,fire,12,6,6
18242,Darkisfrosty,tichondrius,576,mage,fire,12,6,6
18243,Shmoked,kelthuzad,576,mage,fire,12,6,6
18244,Catchmage,bleeding-hollow,576,mage,fire,12,6,6
18245,Myfamilygpie,nazgrel,576,mage,fire,12,6,6
18246,Tearsfórgód,kelthuzad,576,mage,fire,12,6,6
18247,Bøfa,tichondrius,576,mage,fire,12,6,6
18248,Ghili,tichondrius,576,mage,fire,12,6,6
18249,Frostboy,borean-tundra,576,mage,fire,12,6,6
18250,Herzthroh,stormrage,576,mage,fire,12,6,6
18251,Aangx,stormrage,576,mage,fire,16,7,9
18252,Pecs,kiljaeden,576,mage,fire,18,6,12
18253,Linkolni,azralon,576,mage,fire,18,6,12
18254,Shivamode,thrall,576,mage,fire,18,6,12
18255,Stimml,blood-furnace,576,mage,fire,18,6,12
18256,Choccoeu,illidan,576,mage,fire,20,6,14
18257,Insightæ,frostmourne,575,mage,fire,10,7,3
18258,Tigerzinho,stormrage,575,mage,fire,12,6,6
18259,Magja,bloodhoof,575,mage,fire,12,6,6
18260,Minuswizard,dalaran,575,mage,fire,12,6,6
18261,Astroblasty,tichondrius,575,mage,fire,18,6,12
18262,Calínico,quelthalas,575,mage,fire,24,6,18
18263,Eraticmage,illidan,575,mage,fire,24,6,18
18264,Pellemus,malganis,574,mage,fire,12,6,6
18265,Spellpowa,khaz-modan,574,mage,fire,12,6,6
18266,Calcaster,aegwynn,573,mage,fire,18,6,12
18267,Xannymancan,tichondrius,573,mage,fire,30,6,24
18268,Shotö,skullcrusher,558,mage,fire,23,6,17
18269,Glacier,firetree,543,mage,fire,11,6,5
18270,Thragè,sargeras,543,mage,fire,11,6,5
18271,Magicke,azgalor,542,mage,fire,22,6,16
18272,Sossmage,jaedenar,528,mage,fire,9,6,3
18273,Ghostrr,tichondrius,511,mage,fire,8,6,2
18274,Uhh,blackrock,511,mage,fire,16,6,10
18275,Yasmani,drakkari,501,mage,fire,14,7,7
18276,Ject,ragnaros,480,mage,fire,6,5,1
18277,Mana,shuhalo,480,mage,fire,6,5,1
18278,Youezdawg,tichondrius,480,mage,fire,6,5,1
18279,Maxmie,sargeras,480,mage,fire,6,5,1
18280,Slavic,sargeras,480,mage,fire,6,5,1
18281,Hocusjokus,frostmourne,480,mage,fire,6,5,1
18282,Shaabby,shadowmoon,480,mage,fire,6,5,1
18283,Magicalbuns,illidan,480,mage,fire,12,5,7
18284,Weedzerd,illidan,480,mage,fire,12,5,7
18285,Baida,kelthuzad,480,mage,fire,12,5,7
18286,Arishasis,tichondrius,480,mage,fire,12,5,7
18287,Espyy,area-52,480,mage,fire,12,5,7
18288,Kyriê,darkspear,480,mage,fire,12,5,7
18289,Cnumlab,proudmoore,480,mage,fire,12,5,7
18290,Pugsmugg,icecrown,480,mage,fire,12,5,7
18291,Jikario,zuljin,480,mage,fire,12,5,7
18292,Bxgs,tichondrius,480,mage,fire,12,5,7
18293,Numbing,sargeras,480,mage,fire,12,5,7
18294,Honeydutchss,black-dragonflight,480,mage,fire,12,5,7
18295,Skillcap,nagrand,480,mage,fire,12,5,7
18296,Chadicewayne,tichondrius,480,mage,fire,12,5,7
18297,Marther,whisperwind,480,mage,fire,12,5,7
18298,Akephálos,drakkari,480,mage,fire,12,5,7
18299,Diamondx,ragnaros,480,mage,fire,12,5,7
18300,Zerosaspect,thrall,480,mage,fire,12,5,7
18301,Covín,malganis,480,mage,fire,12,5,7
18302,Quikcast,archimonde,480,mage,fire,12,5,7
18303,Dbsheep,kul-tiras,480,mage,fire,12,5,7
18304,Imhotboi,illidan,480,mage,fire,12,5,7
18305,Kushjointz,tichondrius,480,mage,fire,12,5,7
18306,Icestory,tichondrius,480,mage,fire,12,5,7
18307,Entomas,quelthalas,480,mage,fire,12,5,7
18308,Lambsalsa,tichondrius,480,mage,fire,12,5,7
18309,Kqlyy,tichondrius,480,mage,fire,12,5,7
18310,Rennifer,malganis,480,mage,fire,15,6,9
18311,Lavarain,illidan,480,mage,fire,15,5,10
18312,Aapple,tichondrius,480,mage,fire,17,5,12
18313,Mageyoulooks,kelthuzad,480,mage,fire,18,5,13
18314,Tunax,tichondrius,480,mage,fire,18,5,13
18315,Siayo,stormscale,480,mage,fire,24,5,19
18316,Mescudi,bonechewer,479,mage,fire,12,5,7
18317,Ghostblaze,blackhand,479,mage,fire,12,5,7
18318,Xunalatu,frostmourne,479,mage,fire,12,5,7
18319,Finanahs,sargeras,479,mage,fire,12,5,7
18320,Shadowgalaxy,arthas,479,mage,fire,12,5,7
18321,Apolarus,bonechewer,478,mage,fire,12,5,7
18322,Infusion,ysondre,477,mage,fire,12,5,7
18323,Gwenage,tichondrius,472,mage,fire,12,5,7
18324,Normethy,illidan,447,mage,fire,11,5,6
18325,Roastbeefxd,tichondrius,447,mage,fire,11,5,6
18326,Prepcook,dalaran,447,mage,fire,11,5,6
18327,Jazen,quelthalas,432,mage,fire,15,6,9
18328,Myelvenlady,proudmoore,431,mage,fire,11,5,6
18329,Pyroeuphoria,dark-iron,414,mage,fire,16,5,11
18330,Vakina,tichondrius,413,mage,fire,21,5,16
18331,Molassess,illidan,400,mage,fire,13,5,8
18332,Mithràndìr,tichondrius,384,mage,fire,6,4,2
18333,Animatronic,nordrassil,384,mage,fire,6,4,2
18334,Zaxrie,malganis,384,mage,fire,6,4,2
18335,Codeine,darkspear,384,mage,fire,6,4,2
18336,Bonyobo,stormrage,384,mage,fire,6,4,2
18337,Refreshments,bleeding-hollow,384,mage,fire,6,4,2
18338,Neät,frostmourne,384,mage,fire,6,4,2
18339,Brbsheepingx,illidan,384,mage,fire,6,4,2
18340,Burstyboi,frostmourne,384,mage,fire,6,4,2
18341,Frozonnee,aggramar,384,mage,fire,6,4,2
18342,Sifr,tichondrius,384,mage,fire,6,4,2
18343,Fïtz,quelthalas,384,mage,fire,6,4,2
18344,Pyröz,kelthuzad,384,mage,fire,6,4,2
18345,Haze,hyjal,384,mage,fire,6,4,2
18346,Extremeways,tichondrius,384,mage,fire,6,4,2
18347,Cømbust,frostmourne,384,mage,fire,6,4,2
18348,Crøwgawd,tichondrius,384,mage,fire,6,4,2
18349,Jazzgroyper,sargeras,384,mage,fire,6,4,2
18350,Poonfarmer,zangarmarsh,384,mage,fire,6,4,2
18351,Zokorzik,area-52,384,mage,fire,6,4,2
18352,Playsfrost,skullcrusher,384,mage,fire,6,4,2
18353,Wolfgangs,thrall,384,mage,fire,6,4,2
18354,Gíldrin,proudmoore,384,mage,fire,6,4,2
18355,Playtimex,proudmoore,384,mage,fire,6,4,2
18356,Floatyz,tichondrius,384,mage,fire,6,4,2
18357,Terarosa,tichondrius,384,mage,fire,6,4,2
18358,Mysticlotus,doomhammer,384,mage,fire,6,4,2
18359,Cruelhabbits,tichondrius,384,mage,fire,6,4,2
18360,Stratokvn,ragnaros,384,mage,fire,6,4,2
18361,Mxdeez,tichondrius,384,mage,fire,9,5,4
18362,Dytonie,moon-guard,384,mage,fire,9,4,5
18363,Sarahbeth,khadgar,384,mage,fire,12,4,8
18364,Percivaltp,scarlet-crusade,384,mage,fire,12,4,8
18365,Uwuwhatnow,tichondrius,384,mage,fire,12,4,8
18366,Spookydookie,dark-iron,384,mage,fire,12,4,8
18367,Tìnkerspell,stormrage,384,mage,fire,12,4,8
18368,Dasanimomo,sargeras,384,mage,fire,12,4,8
18369,Hogslop,saurfang,384,mage,fire,12,4,8
18370,Arialla,mannoroth,384,mage,fire,12,4,8
18371,Galsola,bronzebeard,384,mage,fire,12,4,8
18372,Elfmage,tichondrius,384,mage,fire,12,4,8
18373,Droppinbombs,draka,384,mage,fire,12,4,8
18374,Aeg,stormrage,384,mage,fire,12,4,8
18375,Cacaushow,stormrage,384,mage,fire,12,4,8
18376,Ejzok,dreadmaul,384,mage,fire,12,4,8
18377,Missingxx,silvermoon,384,mage,fire,12,4,8
18378,Thiio,tichondrius,384,mage,fire,12,4,8
18379,Pòpsmóke,tichondrius,384,mage,fire,12,4,8
18380,Udó,proudmoore,384,mage,fire,12,4,8
18381,Aquralina,moon-guard,384,mage,fire,12,4,8
18382,Cam,kul-tiras,384,mage,fire,12,4,8
18383,Felsparkles,area-52,384,mage,fire,12,4,8
18384,Pigdancel,tichondrius,384,mage,fire,12,4,8
18385,Djp,tichondrius,384,mage,fire,12,4,8
18386,Gôøglëlòl,nemesis,384,mage,fire,18,4,14
18387,Theodosa,frostmourne,383,mage,fire,6,4,2
18388,Dedlyspells,dalaran,383,mage,fire,6,4,2
18389,Neferpitøu,tichondrius,383,mage,fire,6,4,2
18390,Drewzz,tichondrius,383,mage,fire,8,4,4
18391,Chuggin,emerald-dream,383,mage,fire,15,5,10
18392,Hockisonz,moon-guard,383,mage,fire,12,4,8
18393,Soulwiper,illidan,383,mage,fire,17,5,12
18394,Smoney,icecrown,383,mage,fire,18,4,14
18395,Kopke,ragnaros,381,mage,fire,13,4,9
18396,Hollfz,nemesis,367,mage,fire,11,4,7
18397,Vixm,stormrage,352,mage,fire,10,5,5
18398,Wabï,tichondrius,330,mage,fire,15,5,10
18399,Elemenopi,thrall,304,mage,fire,14,4,10
18400,Lampert,tichondrius,288,mage,fire,6,3,3
18401,Zenzoh,azuremyst,288,mage,fire,6,3,3
18402,Hasteboy,kelthuzad,288,mage,fire,6,3,3
18403,Syntacks,lightnings-blade,288,mage,fire,6,3,3
18404,Sølár,ragnaros,288,mage,fire,6,3,3
18405,Sikamikanico,kiljaeden,288,mage,fire,6,3,3
18406,Taevy,tichondrius,288,mage,fire,6,3,3
18407,Whyze,malganis,288,mage,fire,6,3,3
18408,Mntaindew,bleeding-hollow,288,mage,fire,6,3,3
18409,Emvepee,sargeras,288,mage,fire,6,3,3
18410,Thecorruptor,malorne,288,mage,fire,6,3,3
18411,Kandyperreo,ragnaros,288,mage,fire,6,3,3
18412,Hannahaa,area-52,288,mage,fire,6,3,3
18413,Yòkai,tichondrius,288,mage,fire,6,3,3
18414,Gö,tichondrius,288,mage,fire,6,3,3
18415,Bhalec,kelthuzad,288,mage,fire,6,3,3
18416,Slinkyslink,area-52,288,mage,fire,6,3,3
18417,Bergan,sargeras,288,mage,fire,6,3,3
18418,Kassekx,area-52,288,mage,fire,6,3,3
18419,Easyfreeze,sargeras,288,mage,fire,6,3,3
18420,Slapmesilly,destromath,288,mage,fire,6,3,3
18421,Polyburst,darkspear,288,mage,fire,6,3,3
18422,Zerathremar,proudmoore,288,mage,fire,6,3,3
18423,Rhoadies,malfurion,288,mage,fire,6,3,3
18424,Ancientmagik,area-52,288,mage,fire,6,3,3
18425,Azuriex,tichondrius,288,mage,fire,6,3,3
18426,Ave,anetheron,288,mage,fire,6,3,3
18427,Gåndalf,ragnaros,288,mage,fire,6,3,3
18428,Síra,firetree,288,mage,fire,6,3,3
18429,Tráshmage,zuljin,288,mage,fire,6,3,3
18430,Polyenjoyerx,ysera,288,mage,fire,6,3,3
18431,Chilléd,tichondrius,288,mage,fire,6,3,3
18432,Dicmojo,area-52,288,mage,fire,6,3,3
18433,Hüz,frostmourne,288,mage,fire,6,3,3
18434,Urbadxd,llane,288,mage,fire,6,3,3
18435,Gandrich,drakkari,288,mage,fire,6,3,3
18436,Zuhbo,moon-guard,288,mage,fire,6,3,3
18437,Globglob,tichondrius,288,mage,fire,6,3,3
18438,Frostkage,tichondrius,288,mage,fire,6,3,3
18439,Novice,barthilas,288,mage,fire,6,3,3
18440,Kuther,draenor,288,mage,fire,6,3,3
18441,Chez,tichondrius,288,mage,fire,6,3,3
18442,Rích,tichondrius,288,mage,fire,6,3,3
18443,Botoslàp,dragonmaw,288,mage,fire,6,3,3
18444,Angryßirdz,kelthuzad,288,mage,fire,6,3,3
18445,Lunatti,frostmourne,288,mage,fire,6,3,3
18446,Blinkinghobo,sargeras,288,mage,fire,6,3,3
18447,Hunchojack,tichondrius,288,mage,fire,6,3,3
18448,Bombr,sargeras,288,mage,fire,6,3,3
18449,Kyliec,tichondrius,288,mage,fire,6,3,3
18450,Hittheshower,tichondrius,288,mage,fire,6,3,3
18451,Wqnmlgbdy,tichondrius,288,mage,fire,6,3,3
18452,Jimmyhendrix,wildhammer,288,mage,fire,6,3,3
18453,Pollylol,proudmoore,288,mage,fire,6,3,3
18454,Rhunón,dalaran,288,mage,fire,6,3,3
18455,Mindthegap,tichondrius,288,mage,fire,6,3,3
18456,Svips,illidan,288,mage,fire,6,3,3
18457,Boorster,illidan,288,mage,fire,6,3,3
18458,Maressara,sargeras,288,mage,fire,6,3,3
18459,Rikko,gundrak,288,mage,fire,15,4,11
18460,Danggurl,tichondrius,288,mage,fire,12,3,9
18461,Nilla,hyjal,288,mage,fire,12,3,9
18462,Funkeoto,thrall,288,mage,fire,12,3,9
18463,Mendittorosa,tichondrius,288,mage,fire,12,3,9
18464,Keionti,dalaran,288,mage,fire,12,3,9
18465,Orkinekek,frostmourne,288,mage,fire,12,3,9
18466,Turbogeo,shuhalo,288,mage,fire,12,3,9
18467,Fatalexo,tichondrius,288,mage,fire,12,3,9
18468,Chelseâ,emerald-dream,288,mage,fire,18,3,15
18469,Xroz,barthilas,288,mage,fire,18,3,15
18470,Gnomegeddons,dalaran,288,mage,fire,24,3,21
18471,Seaon,malganis,287,mage,fire,6,3,3
18472,Frostyii,stonemaul,287,mage,fire,6,3,3
18473,Harlen,quelthalas,287,mage,fire,6,3,3
18474,Navira,feathermoon,287,mage,fire,6,3,3
18475,Nushala,stonemaul,287,mage,fire,11,3,8
18476,Baelzharon,hellscream,287,mage,fire,12,3,9
18477,Zipacna,antonidas,286,mage,fire,12,3,9
18478,Mageymeows,dalaran,285,mage,fire,12,3,9
18479,Kittikk,tichondrius,284,mage,fire,18,3,15
18480,Nesomage,destromath,256,mage,fire,10,3,7
18481,Icewrld,nemesis,255,mage,fire,8,4,4
18482,Rossanopolis,tichondrius,255,mage,fire,17,3,14
18483,Nephalem,moknathal,240,mage,fire,9,3,6
18484,Orderlight,alexstrasza,239,mage,fire,5,3,2
18485,Genozyde,elune,239,mage,fire,5,3,2
18486,Fizario,barthilas,239,mage,fire,5,3,2
18487,Feenìx,tichondrius,234,mage,fire,6,4,2
18488,Flomin,tichondrius,234,mage,fire,16,6,10
18489,Mcdfries,tichondrius,208,mage,fire,7,3,4
18490,Karameltart,barthilas,192,mage,fire,6,2,4
18491,Wetworx,illidan,192,mage,fire,6,2,4
18492,Itension,tichondrius,192,mage,fire,6,2,4
18493,Coldnuke,stormrage,192,mage,fire,6,2,4
18494,Zënith,quelthalas,192,mage,fire,6,2,4
18495,Variex,tichondrius,192,mage,fire,6,2,4
18496,Elhechizero,quelthalas,192,mage,fire,6,2,4
18497,Bojackal,illidan,192,mage,fire,6,2,4
18498,Stooki,tichondrius,192,mage,fire,6,2,4
18499,Juicemage,tichondrius,192,mage,fire,6,2,4
18500,Tannbone,illidan,192,mage,fire,6,2,4
18501,Dustychill,illidan,192,mage,fire,6,2,4
18502,Wauzcrol,quelthalas,192,mage,fire,6,2,4
18503,Magiër,tichondrius,192,mage,fire,6,2,4
18504,Fullsénd,tichondrius,192,mage,fire,6,2,4
18505,Trebbiano,illidan,192,mage,fire,6,2,4
18506,Naimi,malganis,192,mage,fire,6,2,4
18507,Likelyhard,tichondrius,192,mage,fire,6,2,4
18508,Burna,amanthul,192,mage,fire,6,2,4
18509,Arianark,sargeras,192,mage,fire,6,2,4
18510,Maddoggs,tichondrius,192,mage,fire,6,2,4
18511,Hugostiglets,dreadmaul,192,mage,fire,6,2,4
18512,Burrbon,area-52,192,mage,fire,6,2,4
18513,Notria,illidan,192,mage,fire,6,2,4
18514,Magifish,malganis,192,mage,fire,6,2,4
18515,Shardgodx,kelthuzad,192,mage,fire,6,2,4
18516,Yellowfevrz,thrall,192,mage,fire,6,2,4
18517,Telkham,tichondrius,192,mage,fire,6,2,4
18518,Chanko,bleeding-hollow,192,mage,fire,6,2,4
18519,Jinglehz,frostmourne,192,mage,fire,6,2,4
18520,Killemz,dragonmaw,192,mage,fire,6,2,4
18521,Quickwizard,tichondrius,192,mage,fire,6,2,4
18522,Valodrin,tichondrius,192,mage,fire,6,2,4
18523,Trízín,frostmourne,192,mage,fire,6,2,4
18524,Privilege,dragonmaw,192,mage,fire,6,2,4
18525,Hempy,mannoroth,192,mage,fire,6,2,4
18526,Zogo,bleeding-hollow,192,mage,fire,6,2,4
18527,Friézá,stormrage,192,mage,fire,6,2,4
18528,Ignitex,bleeding-hollow,192,mage,fire,6,2,4
18529,Aquafiona,garona,192,mage,fire,6,2,4
18530,Swàn,stormrage,192,mage,fire,6,2,4
18531,Faeylyn,stormrage,192,mage,fire,6,2,4
18532,Laf,frostmourne,192,mage,fire,6,2,4
18533,Copperfield,dreadmaul,192,mage,fire,6,2,4
18534,Kaboodlz,stormrage,192,mage,fire,6,2,4
18535,Orangemilk,hyjal,192,mage,fire,6,2,4
18536,Ellywizzle,tichondrius,192,mage,fire,6,2,4
18537,Muhfin,tichondrius,192,mage,fire,6,2,4
18538,Dohnutt,tichondrius,192,mage,fire,6,2,4
18539,Alïce,kelthuzad,192,mage,fire,6,2,4
18540,Avandal,proudmoore,192,mage,fire,6,2,4
18541,Gódsfather,kelthuzad,192,mage,fire,6,2,4
18542,Josephaqil,tichondrius,192,mage,fire,6,2,4
18543,Ogpdk,sargeras,192,mage,fire,6,2,4
18544,Massivepoo,barthilas,192,mage,fire,6,2,4
18545,Gunzz,aegwynn,192,mage,fire,6,2,4
18546,Gotya,tichondrius,192,mage,fire,6,2,4
18547,Kymowiz,sargeras,192,mage,fire,6,2,4
18548,Zerii,aggramar,192,mage,fire,6,2,4
18549,Xxnova,moon-guard,192,mage,fire,6,2,4
18550,Pipeguzzler,zuljin,192,mage,fire,6,2,4
18551,Rbn,tichondrius,192,mage,fire,6,2,4
18552,Parruka,warsong,192,mage,fire,6,2,4
18553,Twizz,haomarush,192,mage,fire,6,2,4
18554,Missile,frostmourne,192,mage,fire,6,2,4
18555,Magicshroomy,frostmourne,192,mage,fire,6,2,4
18556,Juniel,bleeding-hollow,192,mage,fire,6,2,4
18557,Melkdud,wyrmrest-accord,192,mage,fire,6,2,4
18558,Natzue,sargeras,192,mage,fire,6,2,4
18559,Berrur,azralon,192,mage,fire,6,2,4
18560,Thedodgex,sargeras,192,mage,fire,6,2,4
18561,Sogood,tanaris,192,mage,fire,6,2,4
18562,Emìlia,malygos,192,mage,fire,6,2,4
18563,Yonzho,area-52,192,mage,fire,6,2,4
18564,Mävra,emerald-dream,192,mage,fire,6,2,4
18565,Roggitman,emerald-dream,192,mage,fire,6,2,4
18566,Khelzter,area-52,192,mage,fire,6,2,4
18567,Zuqo,sargeras,192,mage,fire,6,2,4
18568,Remana,anvilmar,192,mage,fire,6,2,4
18569,Chillstep,dark-iron,192,mage,fire,6,2,4
18570,Briklyx,zuljin,192,mage,fire,6,2,4
18571,Keii,bleeding-hollow,192,mage,fire,6,2,4
18572,Pendrake,sargeras,192,mage,fire,6,2,4
18573,Iludron,aegwynn,192,mage,fire,6,2,4
18574,Clickhard,suramar,192,mage,fire,6,2,4
18575,Snowday,nerzhul,192,mage,fire,6,2,4
18576,Cradic,tichondrius,192,mage,fire,6,2,4
18577,Randommagi,area-52,192,mage,fire,6,2,4
18578,Lauroca,azralon,192,mage,fire,6,2,4
18579,Starguy,terenas,192,mage,fire,6,2,4
18580,Ðfuego,azralon,192,mage,fire,6,2,4
18581,Defaultx,turalyon,192,mage,fire,6,2,4
18582,Abrácadaver,frostwolf,192,mage,fire,10,3,7
18583,Flamiohotman,illidan,192,mage,fire,7,2,5
18584,Arnx,tichondrius,192,mage,fire,11,2,9
18585,Flippendicus,stormrage,192,mage,fire,12,2,10
18586,Saydar,stormrage,192,mage,fire,12,2,10
18587,Granmago,azralon,192,mage,fire,12,2,10
18588,Bic,darrowmere,192,mage,fire,12,2,10
18589,Firehawk,azralon,192,mage,fire,12,2,10
18590,Abruaa,area-52,192,mage,fire,12,2,10
18591,Skatas,barthilas,192,mage,fire,12,2,10
18592,Driel,illidan,192,mage,fire,12,2,10
18593,Spellbrker,stormrage,192,mage,fire,12,2,10
18594,Ëfc,nemesis,192,mage,fire,12,2,10
18595,Itslilme,gurubashi,191,mage,fire,6,2,4
18596,Magemajor,uldum,191,mage,fire,12,2,10
18597,Prosperoo,aerie-peak,191,mage,fire,12,2,10
18598,Neroclover,ysera,191,mage,fire,24,2,22
18599,Madalon,nemesis,160,mage,fire,10,2,8
18600,Zezima,spirestone,159,mage,fire,5,2,3
18601,Kindlin,frostmourne,159,mage,fire,5,2,3
18602,Razaklov,tichondrius,159,mage,fire,5,2,3
18603,Vengefuly,tichondrius,138,mage,fire,8,4,4
18604,Nuzzle,boulderfist,138,mage,fire,9,3,6
18605,Fingerblaste,malganis,138,mage,fire,16,3,13
18606,Dwayniewayni,tichondrius,128,mage,fire,4,2,2
18607,Eromir,dawnbringer,128,mage,fire,4,2,2
18608,Ratfather,the-forgotten-coast,128,mage,fire,4,2,2
18609,Yeweiliang,tichondrius,128,mage,fire,4,2,2
18610,Supremeboxer,tichondrius,127,mage,fire,8,2,6
18611,Neltar,dalaran,112,mage,fire,7,2,5
18612,Haliax,bronzebeard,96,mage,fire,3,2,1
18613,Caldian,wyrmrest-accord,96,mage,fire,6,1,5
18614,Rolypolyman,tichondrius,96,mage,fire,6,1,5
18615,Clutchy,gorefiend,96,mage,fire,6,1,5
18616,Fireblast,stormscale,96,mage,fire,6,1,5
18617,Arkuran,proudmoore,96,mage,fire,6,1,5
18618,Couto,tichondrius,96,mage,fire,6,1,5
18619,Trojay,malganis,96,mage,fire,6,1,5
18620,Ignit,stormrage,96,mage,fire,6,1,5
18621,Dildope,frostmourne,96,mage,fire,6,1,5
18622,Nomidian,area-52,96,mage,fire,6,1,5
18623,Tonydippin,illidan,96,mage,fire,6,1,5
18624,Truewinter,tichondrius,96,mage,fire,6,1,5
18625,Lv,stormscale,96,mage,fire,6,1,5
18626,Merreda,sargeras,96,mage,fire,6,1,5
18627,Gnomoguapo,altar-of-storms,96,mage,fire,6,1,5
18628,Édika,area-52,96,mage,fire,6,1,5
18629,Iamsol,area-52,96,mage,fire,6,1,5
18630,Bigmêan,boulderfist,96,mage,fire,6,1,5
18631,Brayni,wyrmrest-accord,96,mage,fire,6,1,5
18632,Magicmooman,thunderlord,96,mage,fire,6,1,5
18633,Minverces,tichondrius,96,mage,fire,6,1,5
18634,Tabuta,ravenholdt,96,mage,fire,6,1,5
18635,Pyrophobia,mannoroth,96,mage,fire,6,1,5
18636,Rieltar,barthilas,96,mage,fire,6,1,5
18637,Hèrò,barthilas,96,mage,fire,6,1,5
18638,Hyndoriann,azgalor,96,mage,fire,6,1,5
18639,Ross,deathwing,96,mage,fire,6,1,5
18640,Dezax,malfurion,96,mage,fire,6,1,5
18641,Blinkmind,stormrage,96,mage,fire,6,1,5
18642,Bloomper,stormrage,96,mage,fire,6,1,5
18643,Bbaxter,stormrage,96,mage,fire,6,1,5
18644,Memnor,amanthul,96,mage,fire,6,1,5
18645,Dâzk,sargeras,96,mage,fire,6,1,5
18646,Muted,frostmourne,96,mage,fire,6,1,5
18647,Jaçkjaçk,moon-guard,96,mage,fire,6,1,5
18648,Magichands,darkspear,96,mage,fire,6,1,5
18649,Jarethleon,ragnaros,96,mage,fire,6,1,5
18650,Litiria,burning-blade,96,mage,fire,6,1,5
18651,Bdmxd,stormrage,96,mage,fire,6,1,5
18652,Phrana,tichondrius,96,mage,fire,6,1,5
18653,Nazztwren,bleeding-hollow,96,mage,fire,6,1,5
18654,Eldrielle,frostmourne,96,mage,fire,6,1,5
18655,Pyromaniac,stormscale,96,mage,fire,6,1,5
18656,Firemids,thrall,96,mage,fire,6,1,5
18657,Clickersz,sargeras,96,mage,fire,6,1,5
18658,Miapolyafoo,stormrage,96,mage,fire,6,1,5
18659,Ssmurfett,dalaran,96,mage,fire,6,1,5
18660,Prosperoh,burning-legion,96,mage,fire,6,1,5
18661,Tisao,bronzebeard,96,mage,fire,6,1,5
18662,Gurion,bleeding-hollow,96,mage,fire,6,1,5
18663,Somnuss,barthilas,96,mage,fire,7,1,6
18664,Allesanda,sargeras,96,mage,fire,12,1,11
18665,Eanur,azralon,96,mage,fire,12,1,11
18666,Zuroz,dathremar,96,mage,fire,12,1,11
18667,Duhquarius,warsong,96,mage,fire,12,1,11
18668,Mideon,whisperwind,95,mage,fire,6,1,5
18669,Cînderellas,proudmoore,84,mage,fire,14,5,9
18670,Jaked,frostmourne,79,mage,fire,5,1,4
18671,Jarvase,mugthol,79,mage,fire,5,1,4
18672,Noquemacuuh,ragnaros,79,mage,fire,5,1,4
18673,Kibazn,sisters-of-elune,79,mage,fire,5,1,4
18674,Savanali,kelthuzad,79,mage,fire,5,1,4
18675,Skerei,azralon,48,mage,fire,3,1,2
18676,Redeyez,arthas,48,mage,fire,9,1,8
18677,Juicemage,tichondrius,2203,mage,frost,168,90,78
18678,Stonedmonkeý,tichondrius,2103,mage,frost,149,75,74
18679,Juicechanel,tichondrius,2071,mage,frost,70,38,32
18680,Cremgotrockd,blackrock,2061,mage,frost,113,62,51
18681,Valériemeow,tichondrius,2047,mage,frost,118,60,58
18682,Ghostrr,tichondrius,2023,mage,frost,178,93,85
18683,Lawuera,quelthalas,2011,mage,frost,96,48,48
18684,Easyfreeze,sargeras,1996,mage,frost,48,27,21
18685,Cunzhang,tichondrius,1989,mage,frost,78,39,39
18686,Backjing,tichondrius,1969,mage,frost,87,42,45
18687,Koro,tichondrius,1956,mage,frost,121,63,58
18688,Zlint,quelthalas,1951,mage,frost,97,48,49
18689,Zerodium,sargeras,1938,mage,frost,83,44,39
18690,Kassmage,skullcrusher,1936,mage,frost,126,61,65
18691,Hogmantwo,illidan,1935,mage,frost,54,29,25
18692,Factszxy,area-52,1934,mage,frost,59,41,18
18693,Douyuweifa,tichondrius,1911,mage,frost,65,31,34
18694,Elkiador,area-52,1909,mage,frost,30,21,9
18695,Grumpyòlfart,tichondrius,1898,mage,frost,132,67,65
18696,Vazlgs,tichondrius,1896,mage,frost,82,47,35
18697,Miilky,tichondrius,1893,mage,frost,66,33,33
18698,Flaux,sargeras,1892,mage,frost,88,50,38
18699,Ams,aerie-peak,1890,mage,frost,60,33,27
18700,Snaregodx,area-52,1885,mage,frost,59,31,28
18701,Politeness,tichondrius,1873,mage,frost,42,20,22
18702,Chrisxo,azuremyst,1866,mage,frost,48,27,21
18703,Gôøglëlòl,nemesis,1864,mage,frost,235,125,110
18704,Tupactopus,tichondrius,1861,mage,frost,54,27,27
18705,Stöpwatch,hyjal,1859,mage,frost,66,43,23
18706,Theydeadx,illidan,1858,mage,frost,47,31,16
18707,Pigdancell,tichondrius,1858,mage,frost,60,25,35
18708,Corgim,thrall,1857,mage,frost,65,33,32
18709,Fròzt,ragnaros,1857,mage,frost,72,31,41
18710,Mcdfries,tichondrius,1853,mage,frost,60,32,28
18711,Hunchojack,tichondrius,1852,mage,frost,66,27,39
18712,Xanthilia,chogall,1849,mage,frost,96,49,47
18713,Chunzhangfs,tichondrius,1843,mage,frost,46,23,23
18714,Hideongp,barthilas,1842,mage,frost,108,54,54
18715,Maebalim,tichondrius,1835,mage,frost,48,27,21
18716,Evilnuts,quelthalas,1832,mage,frost,61,34,27
18717,Dahp,thrall,1831,mage,frost,47,23,24
18718,Smuky,stormrage,1829,mage,frost,113,52,61
18719,Gelokay,tichondrius,1821,mage,frost,42,25,17
18720,Miketao,tichondrius,1820,mage,frost,67,31,36
18721,Evilear,andorhal,1819,mage,frost,66,33,33
18722,Chez,tichondrius,1818,mage,frost,30,19,11
18723,Bamx,stormrage,1817,mage,frost,48,26,22
18724,Cømbust,frostmourne,1816,mage,frost,72,50,22
18725,Theetwotime,area-52,1814,mage,frost,148,77,71
18726,Quippy,kiljaeden,1813,mage,frost,309,156,153
18727,Leakyboots,illidan,1812,mage,frost,47,25,22
18728,Ribot,sargeras,1812,mage,frost,60,28,32
18729,Faynet,dalaran,1806,mage,frost,129,67,62
18730,Koozay,kelthuzad,1805,mage,frost,65,38,27
18731,Dace,tichondrius,1804,mage,frost,53,29,24
18732,Maegwynah,stormrage,1804,mage,frost,66,29,37
18733,Aapple,tichondrius,1803,mage,frost,60,32,28
18734,Instincts,uldum,1796,mage,frost,42,25,17
18735,Ligmmah,stormrage,1792,mage,frost,110,61,49
18736,Yellowfevrz,thrall,1791,mage,frost,42,19,23
18737,Dtbmar,misha,1788,mage,frost,76,35,41
18738,Yeweiliang,tichondrius,1786,mage,frost,452,230,222
18739,Drewdy,stormreaver,1783,mage,frost,30,19,11
18740,Valtessa,stormrage,1781,mage,frost,54,32,22
18741,Endymiòn,tichondrius,1780,mage,frost,48,24,24
18742,Sheepgodx,malganis,1779,mage,frost,35,20,15
18743,Kleinz,quelthalas,1776,mage,frost,91,54,37
18744,Golfirl,doomhammer,1774,mage,frost,54,24,30
18745,Tjofmajik,stormrage,1771,mage,frost,54,28,26
18746,Tris,malganis,1766,mage,frost,57,28,29
18747,Sestren,zuljin,1766,mage,frost,54,25,29
18748,Joe,llane,1763,mage,frost,183,87,96
18749,Kissradiox,tichondrius,1763,mage,frost,138,65,73
18750,Laserface,bleeding-hollow,1760,mage,frost,66,38,28
18751,Rhythmdog,tichondrius,1758,mage,frost,60,25,35
18752,Hogdog,illidan,1751,mage,frost,54,28,26
18753,Frikabust,stormrage,1747,mage,frost,65,39,26
18754,Stealing,barthilas,1746,mage,frost,59,30,29
18755,Mokelovin,sargeras,1744,mage,frost,47,30,17
18756,Téfy,ragnaros,1744,mage,frost,59,34,25
18757,Riddickl,malfurion,1738,mage,frost,102,50,52
18758,Jerawokee,undermine,1737,mage,frost,91,42,49
18759,Srinshi,sargeras,1736,mage,frost,142,68,74
18760,Tofusmell,illidan,1735,mage,frost,54,31,23
18761,Bravden,area-52,1735,mage,frost,72,40,32
18762,Kymowiz,sargeras,1731,mage,frost,54,26,28
18763,Lantx,tichondrius,1730,mage,frost,68,35,33
18764,Pitball,area-52,1730,mage,frost,139,70,69
18765,Ingcho,tichondrius,1730,mage,frost,72,32,40
18766,Castana,tichondrius,1729,mage,frost,116,54,62
18767,Feener,stormreaver,1722,mage,frost,42,19,23
18768,Zssy,tichondrius,1720,mage,frost,53,38,15
18769,Illumià,illidan,1719,mage,frost,26,20,6
18770,Atra,spinebreaker,1717,mage,frost,60,29,31
18771,Traelol,blades-edge,1715,mage,frost,114,58,56
18772,Dorsia,jaedenar,1714,mage,frost,58,38,20
18773,Sifr,tichondrius,1713,mage,frost,36,18,18
18774,Covil,tichondrius,1713,mage,frost,102,48,54
18775,Fgnb,sargeras,1710,mage,frost,48,30,18
18776,Zhangxiaowu,tichondrius,1706,mage,frost,56,37,19
18777,Headbake,malganis,1705,mage,frost,42,24,18
18778,Isellstuff,thrall,1704,mage,frost,78,40,38
18779,Luckysir,illidan,1704,mage,frost,42,21,21
18780,Xuxä,stormrage,1701,mage,frost,68,36,32
18781,Polyenjoyerx,ysera,1701,mage,frost,106,55,51
18782,Rizke,tichondrius,1701,mage,frost,35,18,17
18783,Chinye,tichondrius,1691,mage,frost,68,32,36
18784,Fromcanadaqc,stormrage,1689,mage,frost,41,24,17
18785,Zinnos,tichondrius,1684,mage,frost,214,105,109
18786,Pichorrá,quelthalas,1683,mage,frost,86,49,37
18787,Moyuu,proudmoore,1683,mage,frost,247,129,118
18788,Persia,illidan,1683,mage,frost,53,24,29
18789,Sabrita,proudmoore,1680,mage,frost,92,47,45
18790,Jtizzlè,tichondrius,1679,mage,frost,59,33,26
18791,Deallus,tichondrius,1677,mage,frost,82,40,42
18792,Alurion,moon-guard,1673,mage,frost,32,21,11
18793,Factsx,area-52,1669,mage,frost,42,22,20
18794,Bmuafgfe,tichondrius,1668,mage,frost,36,22,14
18795,Syntacks,lightnings-blade,1667,mage,frost,255,129,126
18796,Tommagic,tichondrius,1666,mage,frost,40,23,17
18797,Praestigium,barthilas,1665,mage,frost,98,54,44
18798,Stimml,blood-furnace,1662,mage,frost,66,38,28
18799,Arcayne,tichondrius,1662,mage,frost,127,69,58
18800,Tatertots,bladefist,1658,mage,frost,47,18,29
18801,Bambambilly,kelthuzad,1655,mage,frost,75,35,40
18802,Hüz,frostmourne,1653,mage,frost,47,34,13
18803,Minverces,tichondrius,1653,mage,frost,40,23,17
18804,Arcánè,velen,1652,mage,frost,29,19,10
18805,Dve,frostmourne,1651,mage,frost,84,51,33
18806,Entm,burning-blade,1651,mage,frost,42,22,20
18807,Kassody,kelthuzad,1650,mage,frost,36,22,14
18808,Luxør,aegwynn,1647,mage,frost,30,18,12
18809,Zorexx,area-52,1643,mage,frost,61,30,31
18810,Sheepshot,dentarg,1641,mage,frost,48,24,24
18811,Glaciated,the-forgotten-coast,1641,mage,frost,86,42,44
18812,Lemmiwïnks,area-52,1640,mage,frost,32,21,11
18813,Frostitutex,illidan,1639,mage,frost,43,22,21
18814,Gûmbÿ,illidan,1636,mage,frost,36,28,8
18815,Charmed,black-dragonflight,1635,mage,frost,86,45,41
18816,Venachi,emerald-dream,1633,mage,frost,146,83,63
18817,Mayumî,moon-guard,1632,mage,frost,42,21,21
18818,Lambsalsa,tichondrius,1631,mage,frost,42,18,24
18819,Scarablast,bleeding-hollow,1628,mage,frost,73,35,38
18820,Bemaster,area-52,1626,mage,frost,39,27,12
18821,Magecombe,thrall,1626,mage,frost,67,33,34
18822,Zezima,spirestone,1625,mage,frost,36,23,13
18823,Elyandria,proudmoore,1625,mage,frost,42,23,19
18824,Xialing,tichondrius,1625,mage,frost,35,18,17
18825,Harmõny,tichondrius,1621,mage,frost,31,18,13
18826,Mashii,kiljaeden,1620,mage,frost,36,17,19
18827,Triuneward,tichondrius,1619,mage,frost,42,22,20
18828,Neverblockx,kirin-tor,1618,mage,frost,30,17,13
18829,Gwyn,nemesis,1614,mage,frost,54,29,25
18830,Kabrax,nerzhul,1613,mage,frost,48,22,26
18831,Swagbased,tichondrius,1610,mage,frost,36,17,19
18832,Whosdismage,illidan,1608,mage,frost,36,22,14
18833,Soulberg,emerald-dream,1606,mage,frost,107,53,54
18834,Jaked,frostmourne,1604,mage,frost,62,27,35
18835,Sheepu,bladefist,1603,mage,frost,112,64,48
18836,Snoogensftw,tichondrius,1602,mage,frost,36,17,19
18837,Preceptør,azralon,1601,mage,frost,61,33,28
18838,Janchi,moon-guard,1600,mage,frost,66,28,38
18839,Fawcett,khazgoroth,1598,mage,frost,78,40,38
18840,Savanali,kelthuzad,1596,mage,frost,48,26,22
18841,Trippy,senjin,1595,mage,frost,38,19,19
18842,Frostpimp,anubarak,1594,mage,frost,62,27,35
18843,Flâvor,illidan,1593,mage,frost,54,29,25
18844,Blinkbow,tichondrius,1592,mage,frost,113,51,62
18845,Littlejay,kelthuzad,1591,mage,frost,42,19,23
18846,Animatronic,moon-guard,1590,mage,frost,207,103,104
18847,Enflame,tichondrius,1583,mage,frost,66,42,24
18848,Mageonthcc,korgath,1583,mage,frost,98,49,49
18849,Orderlight,alexstrasza,1582,mage,frost,144,68,76
18850,Warmweather,nagrand,1580,mage,frost,48,25,23
18851,Axecap,tichondrius,1578,mage,frost,72,38,34
18852,Fizario,barthilas,1574,mage,frost,83,41,42
18853,Alùcârd,tichondrius,1572,mage,frost,64,34,30
18854,Micfiyah,thrall,1570,mage,frost,30,19,11
18855,Squidio,stormrage,1570,mage,frost,125,68,57
18856,Mkudos,ragnaros,1570,mage,frost,113,61,52
18857,Eldrielle,frostmourne,1569,mage,frost,312,162,150
18858,Crithappy,baelgun,1568,mage,frost,48,26,22
18859,Dexd,laughing-skull,1567,mage,frost,66,35,31
18860,Frizbee,sargeras,1567,mage,frost,39,19,20
18861,Nickioxox,tichondrius,1567,mage,frost,41,17,24
18862,Kylar,icecrown,1566,mage,frost,36,20,16
18863,Getsheepedon,boulderfist,1565,mage,frost,42,21,21
18864,Videux,emerald-dream,1563,mage,frost,66,33,33
18865,Pocsermage,drakkari,1562,mage,frost,34,17,17
18866,Affewxd,lothar,1557,mage,frost,126,65,61
18867,Baleiabranca,stormrage,1554,mage,frost,177,81,96
18868,Fracxure,area-52,1554,mage,frost,47,21,26
18869,Deathrøll,moon-guard,1552,mage,frost,84,48,36
18870,Snôz,malganis,1549,mage,frost,48,21,27
18871,Chrislongtv,tichondrius,1547,mage,frost,642,322,320
18872,Marisadaze,tichondrius,1546,mage,frost,57,23,34
18873,Marrioo,tichondrius,1545,mage,frost,42,18,24
18874,Maxtorgar,quelthalas,1545,mage,frost,48,17,31
18875,Lorlene,frostmourne,1544,mage,frost,187,85,102
18876,Couto,tichondrius,1544,mage,frost,59,26,33
18877,Nairmage,tichondrius,1540,mage,frost,38,20,18
18878,Omnislasher,terenas,1537,mage,frost,145,70,75
18879,Lilpolyx,illidan,1537,mage,frost,36,17,19
18880,Priyel,hyjal,1536,mage,frost,62,32,30
18881,Biglance,frostmourne,1533,mage,frost,36,17,19
18882,Aramire,drakkari,1532,mage,frost,33,18,15
18883,Frostqt,area-52,1532,mage,frost,132,71,61
18884,Froshar,ragnaros,1532,mage,frost,60,29,31
18885,Agoniey,illidan,1532,mage,frost,42,18,24
18886,Icyspring,tichondrius,1530,mage,frost,24,16,8
18887,Yorgøs,ragnaros,1530,mage,frost,30,16,14
18888,Mcfry,illidan,1528,mage,frost,70,40,30
18889,Hotrunner,sargeras,1528,mage,frost,181,90,91
18890,Pëpz,emerald-dream,1527,mage,frost,42,17,25
18891,Slipqt,tichondrius,1519,mage,frost,77,38,39
18892,Aosin,wyrmrest-accord,1519,mage,frost,36,17,19
18893,Kabonkle,drakthul,1518,mage,frost,62,28,34
18894,Megladon,tichondrius,1517,mage,frost,53,35,18
18895,Floofies,moon-guard,1516,mage,frost,133,65,68
18896,Fakebusiness,area-52,1515,mage,frost,198,102,96
18897,Fakewarlockk,illidan,1514,mage,frost,70,41,29
18898,Maagin,zuljin,1513,mage,frost,152,80,72
18899,Deverror,frostmourne,1507,mage,frost,189,89,100
18900,Guyza,frostmourne,1507,mage,frost,77,36,41
18901,Myxzz,barthilas,1506,mage,frost,348,179,169
18902,Trebbiano,illidan,1503,mage,frost,163,85,78
18903,Playsfrost,skullcrusher,1501,mage,frost,106,62,44
18904,Khadberry,aerie-peak,1501,mage,frost,71,34,37
18905,Yulian,tichondrius,1500,mage,frost,103,58,45
18906,Sáron,quelthalas,1499,mage,frost,69,37,32
18907,Yourefat,emerald-dream,1497,mage,frost,96,60,36
18908,Qsc,barthilas,1496,mage,frost,189,93,96
18909,Wolfgangvn,stormrage,1495,mage,frost,43,20,23
18910,Toaststrudel,tichondrius,1494,mage,frost,82,38,44
18911,Noescaping,illidan,1494,mage,frost,53,24,29
18912,Kazmir,area-52,1494,mage,frost,41,16,25
18913,Burstage,destromath,1493,mage,frost,36,16,20
18914,Galacticslug,tichondrius,1491,mage,frost,54,30,24
18915,Burritsacold,bleeding-hollow,1491,mage,frost,54,26,28
18916,Ehcos,stormrage,1490,mage,frost,54,23,31
18917,Kandyperreo,ragnaros,1489,mage,frost,46,22,24
18918,Datazonfire,illidan,1488,mage,frost,36,22,14
18919,Lachawr,stormrage,1487,mage,frost,149,79,70
18920,Umber,dreadmaul,1487,mage,frost,192,94,98
18921,Genswift,thrall,1486,mage,frost,60,27,33
18922,Song,sargeras,1485,mage,frost,83,42,41
18923,Supergun,tichondrius,1485,mage,frost,45,21,24
18924,Emetah,ysera,1485,mage,frost,60,27,33
18925,Icegiants,tichondrius,1484,mage,frost,65,35,30
18926,Betrian,quelthalas,1482,mage,frost,72,33,39
18927,Hermanmiller,tichondrius,1480,mage,frost,78,41,37
18928,Pibb,rivendare,1480,mage,frost,48,25,23
18929,Léstat,quelthalas,1479,mage,frost,36,21,15
18930,Magneto,blood-furnace,1479,mage,frost,36,17,19
18931,Cubanmage,drakkari,1477,mage,frost,42,19,23
18932,Osnapmage,malganis,1475,mage,frost,249,124,125
18933,Fbd,bloodscalp,1473,mage,frost,30,16,14
18934,Ado,zuluhed,1471,mage,frost,114,59,55
18935,Snowmassive,illidan,1471,mage,frost,42,20,22
18936,Bruxelejolie,twisting-nether,1468,mage,frost,24,16,8
18937,Enterthevoid,proudmoore,1463,mage,frost,36,21,15
18938,Tynka,drakkari,1463,mage,frost,30,16,14
18939,Magetherian,frostmourne,1463,mage,frost,96,46,50
18940,Erykk,mugthol,1463,mage,frost,51,17,34
18941,Revised,sargeras,1462,mage,frost,94,52,42
18942,Zeshilol,stormrage,1460,mage,frost,51,21,30
18943,Corruptionz,nemesis,1455,mage,frost,72,36,36
18944,Tifrodo,azralon,1452,mage,frost,70,39,31
18945,Üman,bleeding-hollow,1451,mage,frost,30,17,13
18946,Coôler,illidan,1451,mage,frost,160,90,70
18947,Kfortyone,kiljaeden,1450,mage,frost,30,16,14
18948,Jikario,zuljin,1450,mage,frost,36,18,18
18949,Dillor,tichondrius,1450,mage,frost,177,88,89
18950,Scrúmp,tichondrius,1448,mage,frost,66,33,33
18951,Nereidan,drakkari,1448,mage,frost,56,26,30
18952,Minerves,tichondrius,1446,mage,frost,42,20,22
18953,Roseofsharon,tichondrius,1446,mage,frost,42,18,24
18954,Tylers,moon-guard,1443,mage,frost,42,23,19
18955,Bettybonk,cenarius,1441,mage,frost,59,26,33
18956,Aloredron,illidan,1440,mage,frost,53,27,26
18957,Kyphosis,illidan,1439,mage,frost,24,15,9
18958,Pvpbilly,tichondrius,1439,mage,frost,24,15,9
18959,Siayo,stormscale,1438,mage,frost,40,22,18
18960,Ciaooh,tichondrius,1437,mage,frost,78,37,41
18961,Zirkur,mannoroth,1437,mage,frost,56,26,30
18962,Fròzen,moon-guard,1436,mage,frost,74,35,39
18963,Forged,tichondrius,1436,mage,frost,60,25,35
18964,Sesshomaru,emerald-dream,1433,mage,frost,51,18,33
18965,Kazimìr,tichondrius,1432,mage,frost,24,15,9
18966,Creatïne,stormrage,1431,mage,frost,139,71,68
18967,Mmine,tichondrius,1430,mage,frost,30,15,15
18968,Crøwgxd,tichondrius,1428,mage,frost,24,15,9
18969,Respectx,nemesis,1425,mage,frost,76,34,42
18970,Trolson,sargeras,1425,mage,frost,102,45,57
18971,Renoria,norgannon,1424,mage,frost,30,15,15
18972,Raisonmage,tichondrius,1421,mage,frost,54,28,26
18973,Vornz,sargeras,1421,mage,frost,96,45,51
18974,Choxiy,illidan,1419,mage,frost,36,15,21
18975,Mclanda,frostmourne,1418,mage,frost,98,47,51
18976,Tessar,moon-guard,1418,mage,frost,59,27,32
18977,Rossanopolis,tichondrius,1413,mage,frost,42,22,20
18978,Gazzuu,ragnaros,1413,mage,frost,42,22,20
18979,Kitenic,proudmoore,1412,mage,frost,71,37,34
18980,Vecna,tichondrius,1411,mage,frost,103,47,56
18981,Paü,illidan,1409,mage,frost,76,31,45
18982,Perrc,area-52,1407,mage,frost,128,56,72
18983,Canva,barthilas,1406,mage,frost,41,25,16
18984,Nate,black-dragonflight,1404,mage,frost,128,65,63
18985,Gualter,nemesis,1403,mage,frost,141,79,62
18986,Gunzup,lightnings-blade,1403,mage,frost,30,15,15
18987,Nargine,tichondrius,1403,mage,frost,30,15,15
18988,Gasolína,stormrage,1401,mage,frost,100,47,53
18989,Cheesebuns,proudmoore,1401,mage,frost,68,30,38
18990,Koulder,zuljin,1400,mage,frost,62,35,27
18991,Archewing,azjolnerub,1399,mage,frost,42,16,26
18992,Deadsayru,drakkari,1398,mage,frost,36,18,18
18993,Hugostiglets,dreadmaul,1398,mage,frost,119,55,64
18994,Icestory,tichondrius,1398,mage,frost,115,41,74
18995,Frussy,blood-furnace,1395,mage,frost,114,57,57
18996,Starscreamm,ragnaros,1394,mage,frost,34,20,14
18997,Azhim,tichondrius,1394,mage,frost,54,25,29
18998,Hirune,ragnaros,1394,mage,frost,64,25,39
18999,Erîol,ragnaros,1392,mage,frost,137,65,72
19000,Crymachine,garrosh,1391,mage,frost,33,17,16
19001,Boejanglz,frostmourne,1390,mage,frost,28,17,11
19002,Kahili,stormrage,1390,mage,frost,77,35,42
19003,Chadyus,illidan,1390,mage,frost,42,17,25
19004,Affinitty,zuljin,1389,mage,frost,42,24,18
19005,Safety,stormreaver,1387,mage,frost,128,70,58
19006,Wienerjeff,area-52,1385,mage,frost,47,28,19
19007,Maguín,tichondrius,1384,mage,frost,30,15,15
19008,Kouks,tichondrius,1383,mage,frost,23,15,8
19009,Ultrá,stormscale,1379,mage,frost,33,16,17
19010,Mëlkart,ragnaros,1377,mage,frost,72,36,36
19011,Zoidy,bleeding-hollow,1377,mage,frost,35,15,20
19012,Shatturd,sargeras,1376,mage,frost,48,17,31
19013,Kh,stormrage,1374,mage,frost,99,50,49
19014,Numz,sargeras,1374,mage,frost,100,48,52
19015,Wojnova,zuljin,1372,mage,frost,24,15,9
19016,Hhappier,tichondrius,1371,mage,frost,65,32,33
19017,Harrypothead,senjin,1370,mage,frost,35,24,11
19018,Tagere,moon-guard,1370,mage,frost,80,38,42
19019,Nhinsanity,ghostlands,1369,mage,frost,27,17,10
19020,Clm,lightnings-blade,1367,mage,frost,131,64,67
19021,Rrite,tichondrius,1366,mage,frost,29,15,14
19022,Linhny,tichondrius,1365,mage,frost,105,54,51
19023,Dazby,tichondrius,1363,mage,frost,35,17,18
19024,Ruzam,area-52,1361,mage,frost,103,52,51
19025,Kevymarts,tichondrius,1358,mage,frost,54,31,23
19026,Starkp,ragnaros,1357,mage,frost,177,86,91
19027,Tentaçao,stormrage,1352,mage,frost,68,34,34
19028,Iladiin,malganis,1350,mage,frost,52,26,26
19029,Magicmooman,thunderlord,1349,mage,frost,36,17,19
19030,Asparagoose,stormrage,1347,mage,frost,29,15,14
19031,Radiku,blood-furnace,1347,mage,frost,31,16,15
19032,Freez,garona,1346,mage,frost,40,18,22
19033,Anarista,wyrmrest-accord,1345,mage,frost,24,15,9
19034,Vampìrelolz,tichondrius,1344,mage,frost,24,14,10
19035,Osh,malorne,1343,mage,frost,26,15,11
19036,Mâsterkush,tichondrius,1343,mage,frost,46,23,23
19037,Cryogeniks,illidan,1343,mage,frost,30,14,16
19038,Thatlejund,tichondrius,1342,mage,frost,34,15,19
19039,Pizzatest,area-52,1342,mage,frost,46,16,30
19040,Mageyoulooks,kelthuzad,1340,mage,frost,36,17,19
19041,Plainblaine,illidan,1337,mage,frost,98,47,51
19042,Krabby,malganis,1337,mage,frost,66,26,40
19043,Clownspocket,tichondrius,1336,mage,frost,83,46,37
19044,Luckysix,illidan,1336,mage,frost,36,14,22
19045,Safu,bleeding-hollow,1335,mage,frost,120,63,57
19046,Nicemangoes,proudmoore,1335,mage,frost,30,15,15
19047,Hammed,dalaran,1334,mage,frost,68,32,36
19048,Aherom,ragnaros,1333,mage,frost,51,30,21
19049,Soia,ragnaros,1330,mage,frost,131,67,64
19050,Rích,tichondrius,1330,mage,frost,126,56,70
19051,Juul,emerald-dream,1328,mage,frost,237,109,128
19052,Zaddyx,whisperwind,1326,mage,frost,30,14,16
19053,Epifeni,blackrock,1326,mage,frost,49,19,30
19054,Selless,zuljin,1325,mage,frost,66,33,33
19055,Vorass,kelthuzad,1325,mage,frost,30,15,15
19056,Eriktherod,maelstrom,1321,mage,frost,36,15,21
19057,Tarmiel,quelthalas,1319,mage,frost,54,28,26
19058,Guji,area-52,1316,mage,frost,41,21,20
19059,Andorlin,barthilas,1315,mage,frost,47,22,25
19060,Icybanter,emerald-dream,1314,mage,frost,48,22,26
19061,Elegantbroth,illidan,1312,mage,frost,30,14,16
19062,Ragemage,borean-tundra,1311,mage,frost,59,20,39
19063,Milambehr,elune,1309,mage,frost,36,18,18
19064,Mntaindew,bleeding-hollow,1309,mage,frost,35,14,21
19065,Frøzzen,quelthalas,1307,mage,frost,147,67,80
19066,Tyning,blood-furnace,1304,mage,frost,54,27,27
19067,Abracadaver,greymane,1302,mage,frost,64,36,28
19068,Xárdas,quelthalas,1302,mage,frost,107,56,51
19069,Haruká,ragnaros,1300,mage,frost,45,15,30
19070,Frostítute,alterac-mountains,1299,mage,frost,60,28,32
19071,Jugobomb,madoran,1297,mage,frost,30,17,13
19072,Frostitutå,eonar,1293,mage,frost,118,54,64
19073,Magicbunny,andorhal,1291,mage,frost,195,97,98
19074,Cìfel,quelthalas,1281,mage,frost,31,18,13
19075,Dohnutt,tichondrius,1281,mage,frost,53,25,28
19076,Dumblexgamer,ragnaros,1281,mage,frost,72,33,39
19077,Thergon,kul-tiras,1279,mage,frost,32,17,15
19078,Ràmdas,hyjal,1278,mage,frost,60,30,30
19079,Derpmanjr,area-52,1277,mage,frost,60,39,21
19080,Skynhet,ragnaros,1277,mage,frost,36,16,20
19081,Kryliak,ragnaros,1273,mage,frost,60,33,27
19082,Somethinglos,sargeras,1273,mage,frost,106,47,59
19083,Cheapsects,drakthul,1272,mage,frost,32,17,15
19084,Unleáshed,moonrunner,1272,mage,frost,135,68,67
19085,Hotpeachpie,zuljin,1271,mage,frost,78,40,38
19086,Feogato,proudmoore,1271,mage,frost,147,73,74
19087,Meer,stonemaul,1270,mage,frost,30,17,13
19088,Giovannie,zuluhed,1270,mage,frost,30,17,13
19089,Lucyphilis,stormrage,1270,mage,frost,80,41,39
19090,Quietusllil,gurubashi,1269,mage,frost,102,60,42
19091,Ignit,stormrage,1269,mage,frost,34,17,17
19092,Throatdemon,hakkar,1269,mage,frost,36,15,21
19093,Missingxx,silvermoon,1268,mage,frost,36,18,18
19094,Luckysi,illidan,1268,mage,frost,38,15,23
19095,Vengefuly,tichondrius,1264,mage,frost,34,17,17
19096,Kevdra,kelthuzad,1263,mage,frost,66,30,36
19097,Bossmage,tichondrius,1263,mage,frost,37,15,22
19098,Valtaira,wyrmrest-accord,1262,mage,frost,112,61,51
19099,Whyammage,dalaran,1260,mage,frost,77,46,31
19100,Satív,moknathal,1258,mage,frost,42,25,17
19101,Alìv,tichondrius,1254,mage,frost,184,82,102
19102,Yamitenshi,dalaran,1254,mage,frost,56,21,35
19103,Degenhours,illidan,1253,mage,frost,51,25,26
19104,Juniel,bleeding-hollow,1247,mage,frost,28,14,14
19105,Messiaah,tichondrius,1246,mage,frost,30,13,17
19106,Mângo,frostmourne,1243,mage,frost,24,13,11
19107,Kromeus,illidan,1243,mage,frost,48,23,25
19108,Merkkinz,thrall,1239,mage,frost,65,31,34
19109,Agniih,azralon,1236,mage,frost,72,34,38
19110,ßlitzkreig,area-52,1235,mage,frost,24,18,6
19111,Tyrecgosa,tichondrius,1235,mage,frost,66,35,31
19112,Phoenixic,frostmourne,1232,mage,frost,174,75,99
19113,Rankryman,quelthalas,1231,mage,frost,58,29,29
19114,Frostzadan,quelthalas,1228,mage,frost,56,23,33
19115,Mageosaurusx,tichondrius,1228,mage,frost,36,13,23
19116,Arcaninez,bleeding-hollow,1224,mage,frost,24,13,11
19117,Samuoa,tichondrius,1223,mage,frost,41,21,20
19118,Gsr,nerzhul,1222,mage,frost,46,19,27
19119,Jobar,malganis,1221,mage,frost,24,13,11
19120,Magifish,malganis,1220,mage,frost,44,25,19
19121,Jagmag,area-52,1219,mage,frost,18,14,4
19122,Jejihev,drakkari,1219,mage,frost,35,17,18
19123,Makén,illidan,1218,mage,frost,48,32,16
19124,Rahzac,dalaran,1217,mage,frost,44,17,27
19125,Wowenjoyer,area-52,1213,mage,frost,82,39,43
19126,Rastafarix,ragnaros,1211,mage,frost,30,13,17
19127,Åquå,area-52,1208,mage,frost,33,18,15
19128,Iceehott,kargath,1205,mage,frost,67,35,32
19129,Akagamix,sargeras,1205,mage,frost,47,20,27
19130,Gunzz,aegwynn,1200,mage,frost,42,18,24
19131,Acarilla,stormrage,1199,mage,frost,54,20,34
19132,Sturmrevenge,lightnings-blade,1194,mage,frost,131,66,65
19133,Ejzok,dreadmaul,1194,mage,frost,142,61,81
19134,Valrendor,nazjatar,1191,mage,frost,79,36,43
19135,Dooie,sargeras,1188,mage,frost,28,19,9
19136,Copperfield,dreadmaul,1185,mage,frost,86,36,50
19137,Palruki,tichondrius,1185,mage,frost,54,19,35
19138,Saski,nathrezim,1184,mage,frost,24,14,10
19139,Canassa,azralon,1183,mage,frost,131,66,65
19140,Djp,tichondrius,1180,mage,frost,30,18,12
19141,Maigoddess,proudmoore,1180,mage,frost,71,29,42
19142,Twinklestars,sargeras,1179,mage,frost,72,40,32
19143,Numaïr,kiljaeden,1179,mage,frost,68,27,41
19144,Featherboo,stormrage,1178,mage,frost,35,16,19
19145,Chade,dunemaul,1178,mage,frost,53,22,31
19146,Icebboxx,tichondrius,1176,mage,frost,36,21,15
19147,Daddyplease,bleeding-hollow,1176,mage,frost,36,17,19
19148,Sahir,thaurissan,1173,mage,frost,30,14,16
19149,Pendrake,sargeras,1170,mage,frost,34,13,21
19150,Defarefa,frostmourne,1169,mage,frost,96,44,52
19151,Darkrukia,tichondrius,1168,mage,frost,63,32,31
19152,Cocmagic,kelthuzad,1167,mage,frost,33,15,18
19153,Aquariusmoon,bonechewer,1166,mage,frost,60,31,29
19154,Toesuckerlol,tichondrius,1164,mage,frost,33,16,17
19155,Bubbleblower,hakkar,1161,mage,frost,30,15,15
19156,Corrmic,winterhoof,1159,mage,frost,60,31,29
19157,Devlux,area-52,1158,mage,frost,104,50,54
19158,Khaldyn,tichondrius,1156,mage,frost,132,65,67
19159,Cavit,wyrmrest-accord,1153,mage,frost,63,29,34
19160,Iceward,frostmourne,1151,mage,frost,18,12,6
19161,Czq,tichondrius,1150,mage,frost,18,12,6
19162,Damage,skullcrusher,1150,mage,frost,31,13,18
19163,Seeu,tichondrius,1149,mage,frost,42,12,30
19164,Layolis,area-52,1146,mage,frost,62,30,32
19165,Snipymagus,shattered-hand,1146,mage,frost,27,13,14
19166,Alatria,frostmourne,1146,mage,frost,66,24,42
19167,Yungice,hyjal,1144,mage,frost,36,14,22
19168,Frenk,moon-guard,1143,mage,frost,42,15,27
19169,Vasthrash,bleeding-hollow,1142,mage,frost,78,33,45
19170,Diixynormus,illidan,1141,mage,frost,30,17,13
19171,Travarra,terenas,1141,mage,frost,54,19,35
19172,Tsuchek,tichondrius,1139,mage,frost,24,12,12
19173,Boldwarp,dalaran,1138,mage,frost,29,14,15
19174,Thatotherguy,lightnings-blade,1137,mage,frost,22,13,9
19175,Eskimoan,frostmourne,1137,mage,frost,30,12,18
19176,Skdonkay,nerzhul,1132,mage,frost,83,43,40
19177,Skillcap,nagrand,1130,mage,frost,24,12,12
19178,Mageeoh,bleeding-hollow,1128,mage,frost,41,14,27
19179,Littlebeth,azjolnerub,1125,mage,frost,65,34,31
19180,Fatum,ragnaros,1124,mage,frost,32,14,18
19181,Elwyn,dunemaul,1123,mage,frost,27,13,14
19182,Nazneen,elune,1122,mage,frost,73,31,42
19183,Paidemago,azralon,1121,mage,frost,24,14,10
19184,Coldfrønt,moon-guard,1120,mage,frost,48,21,27
19185,Dannyyoo,blackrock,1116,mage,frost,23,12,11
19186,Bellåtrîx,quelthalas,1115,mage,frost,18,12,6
19187,Who,emerald-dream,1113,mage,frost,52,24,28
19188,Menacë,tichondrius,1112,mage,frost,30,12,18
19189,Sølem,frostmourne,1112,mage,frost,42,16,26
19190,Osda,azralon,1111,mage,frost,36,19,17
19191,Levitaine,bleeding-hollow,1110,mage,frost,38,19,19
19192,Shäräpova,zuljin,1109,mage,frost,24,12,12
19193,Ibalyn,khazgoroth,1109,mage,frost,101,49,52
19194,Castingmommy,moon-guard,1108,mage,frost,73,37,36
19195,Discoinferno,kelthuzad,1107,mage,frost,21,13,8
19196,Granmago,azralon,1106,mage,frost,30,12,18
19197,Twirkin,proudmoore,1102,mage,frost,36,18,18
19198,Corucia,echo-isles,1100,mage,frost,214,102,112
19199,Hollerin,whisperwind,1098,mage,frost,18,12,6
19200,Memnor,amanthul,1098,mage,frost,24,12,12
19201,Magedango,bleeding-hollow,1095,mage,frost,35,14,21
19202,Pizzle,perenolde,1094,mage,frost,46,24,22
19203,Peetufo,whisperwind,1092,mage,frost,29,12,17
19204,Azzurn,doomhammer,1090,mage,frost,24,13,11
19205,Esun,moon-guard,1088,mage,frost,36,17,19
19206,Drumzter,ragnaros,1085,mage,frost,41,21,20
19207,Ralzarek,zuluhed,1085,mage,frost,30,15,15
19208,Helcarwen,area-52,1081,mage,frost,31,13,18
19209,Magekingz,shattered-halls,1080,mage,frost,54,27,27
19210,Wickednoob,malganis,1080,mage,frost,132,62,70
19211,Blancnoir,tichondrius,1078,mage,frost,33,14,19
19212,Deadmarley,blackhand,1076,mage,frost,30,15,15
19213,Därkmägician,tichondrius,1075,mage,frost,26,12,14
19214,Smáckington,tichondrius,1074,mage,frost,99,45,54
19215,Arkoz,tichondrius,1071,mage,frost,18,12,6
19216,Leets,mugthol,1070,mage,frost,18,12,6
19217,Gryd,area-52,1070,mage,frost,88,43,45
19218,Brashen,stormrage,1069,mage,frost,38,20,18
19219,Raáiden,stormrage,1068,mage,frost,30,14,16
19220,Evierix,illidan,1065,mage,frost,81,36,45
19221,Mageolisious,kelthuzad,1063,mage,frost,30,12,18
19222,Bootnet,drakkari,1063,mage,frost,54,16,38
19223,Lildabpen,tichondrius,1057,mage,frost,86,34,52
19224,Dealzy,malganis,1056,mage,frost,18,11,7
19225,Saydar,stormrage,1056,mage,frost,36,11,25
19226,Redhell,dalaran,1055,mage,frost,18,11,7
19227,Cayoux,darkspear,1055,mage,frost,18,11,7
19228,Pivnert,boulderfist,1055,mage,frost,24,11,13
19229,Cumbustyomom,illidan,1055,mage,frost,24,11,13
19230,Angerfrost,khazgoroth,1054,mage,frost,36,22,14
19231,Babyspise,nathrezim,1054,mage,frost,18,11,7
19232,Gadogear,draka,1054,mage,frost,30,11,19
19233,Doubledown,kiljaeden,1053,mage,frost,18,11,7
19234,Horrendum,azralon,1053,mage,frost,24,11,13
19235,Xannymancan,tichondrius,1052,mage,frost,60,23,37
19236,Walrusxo,kelthuzad,1052,mage,frost,30,11,19
19237,Auralyn,wyrmrest-accord,1051,mage,frost,25,11,14
19238,Zuqo,sargeras,1050,mage,frost,18,11,7
19239,Lilkyrie,senjin,1050,mage,frost,24,11,13
19240,Moistcream,bloodscalp,1047,mage,frost,22,12,10
19241,Arcaneshally,area-52,1047,mage,frost,30,11,19
19242,Zibbo,ragnaros,1046,mage,frost,18,11,7
19243,Ceadruk,darkspear,1046,mage,frost,30,14,16
19244,Skywalkerino,azralon,1045,mage,frost,24,11,13
19245,Mindthegap,tichondrius,1044,mage,frost,57,30,27
19246,Keahiláni,area-52,1043,mage,frost,27,13,14
19247,Vyninovan,aggramar,1043,mage,frost,24,11,13
19248,Magicke,azgalor,1042,mage,frost,23,14,9
19249,Gradivous,emerald-dream,1042,mage,frost,88,39,49
19250,Ispell,tichondrius,1040,mage,frost,30,20,10
19251,Devoh,dunemaul,1040,mage,frost,20,11,9
19252,Gelile,tichondrius,1040,mage,frost,47,20,27
19253,Mageyoulooks,shattered-hand,1039,mage,frost,24,11,13
19254,Xoxmage,frostmourne,1037,mage,frost,66,35,31
19255,Khrixa,illidan,1036,mage,frost,114,55,59
19256,Codexzero,bleeding-hollow,1035,mage,frost,54,24,30
19257,Trentos,illidan,1033,mage,frost,54,29,25
19258,Gatka,quelthalas,1032,mage,frost,297,138,159
19259,Pugsmugg,icecrown,1032,mage,frost,49,13,36
19260,Sluagh,terenas,1031,mage,frost,52,24,28
19261,Samaë,zuljin,1026,mage,frost,29,11,18
19262,Kannim,sargeras,1021,mage,frost,60,25,35
19263,Drbloodmuscl,black-dragonflight,1020,mage,frost,36,15,21
19264,Trollsita,thrall,1013,mage,frost,18,11,7
19265,Sènding,sargeras,1010,mage,frost,42,11,31
19266,Icelordd,ragnaros,1009,mage,frost,24,11,13
19267,Oopsyourapig,darkspear,1007,mage,frost,48,17,31
19268,Rizzbot,sargeras,1005,mage,frost,75,27,48
19269,Neacel,tichondrius,1004,mage,frost,24,11,13
19270,Vynruki,area-52,1003,mage,frost,30,15,15
19271,Jaymage,agamaggan,994,mage,frost,37,13,24
19272,Vantus,tichondrius,993,mage,frost,32,17,15
19273,Worknlurk,malganis,992,mage,frost,24,12,12
19274,Megapasta,illidan,989,mage,frost,23,11,12
19275,Superoirity,trollbane,988,mage,frost,48,24,24
19276,Drfrostie,anvilmar,987,mage,frost,20,11,9
19277,Prometheus,crushridge,986,mage,frost,52,27,25
19278,Tristania,archimonde,984,mage,frost,87,46,41
19279,Jayfunk,sargeras,984,mage,frost,23,11,12
19280,Rekonx,tichondrius,983,mage,frost,73,28,45
19281,Maac,nemesis,981,mage,frost,23,11,12
19282,Bòóyah,muradin,980,mage,frost,40,21,19
19283,Grudel,archimonde,979,mage,frost,41,21,20
19284,Iesca,ragnaros,978,mage,frost,23,12,11
19285,Bigpinkies,korgath,976,mage,frost,36,13,23
19286,Dejavuh,dalaran,972,mage,frost,54,25,29
19287,Rephlex,tichondrius,970,mage,frost,19,11,8
19288,Édika,area-52,967,mage,frost,24,11,13
19289,Sciona,suramar,966,mage,frost,129,54,75
19290,Crankweigth,rivendare,965,mage,frost,84,40,44
19291,Frøstdrægöñ,illidan,960,mage,frost,12,10,2
19292,Blinkmind,stormrage,960,mage,frost,12,10,2
19293,Torthie,burning-blade,960,mage,frost,12,10,2
19294,Bigsplosions,kiljaeden,960,mage,frost,15,11,4
19295,Hadlly,tichondrius,960,mage,frost,18,10,8
19296,Hýdramist,sargeras,960,mage,frost,18,10,8
19297,Ntys,frostmourne,959,mage,frost,18,10,8
19298,Nukedat,proudmoore,959,mage,frost,18,10,8
19299,Legendkiller,bleeding-hollow,959,mage,frost,18,10,8
19300,Qcomberoo,frostmane,959,mage,frost,27,11,16
19301,Aluce,frostmourne,958,mage,frost,18,10,8
19302,Bigmêan,boulderfist,958,mage,frost,18,10,8
19303,Pyroshima,barthilas,958,mage,frost,34,11,23
19304,Zunyu,tichondrius,957,mage,frost,18,10,8
19305,Hylord,tichondrius,957,mage,frost,18,10,8
19306,Fireblast,stormscale,957,mage,frost,35,14,21
19307,Aurumpaleas,moon-guard,956,mage,frost,24,11,13
19308,Trízín,frostmourne,954,mage,frost,18,10,8
19309,Nnenna,bonechewer,952,mage,frost,18,10,8
19310,Juxmcmage,kiljaeden,952,mage,frost,36,10,26
19311,Imoen,zangarmarsh,951,mage,frost,36,15,21
19312,Nksbluedeath,area-52,949,mage,frost,18,10,8
19313,Keelaron,proudmoore,949,mage,frost,24,10,14
19314,Rasmin,greymane,948,mage,frost,40,22,18
19315,Shírley,tichondrius,948,mage,frost,30,10,20
19316,Misfyre,malganis,946,mage,frost,28,11,17
19317,Onlyfansme,dalaran,939,mage,frost,18,10,8
19318,Gaduri,tichondrius,938,mage,frost,23,11,12
19319,Diegoneally,bleeding-hollow,937,mage,frost,42,15,27
19320,Vendizzle,malganis,937,mage,frost,29,10,19
19321,Bôsco,bleeding-hollow,936,mage,frost,20,11,9
19322,Mystics,dawnbringer,935,mage,frost,110,44,66
19323,Briélla,area-52,934,mage,frost,24,10,14
19324,Hasty,emerald-dream,927,mage,frost,29,10,19
19325,Ärià,sargeras,926,mage,frost,18,10,8
19326,Trollings,azralon,925,mage,frost,63,30,33
19327,Fireace,emerald-dream,922,mage,frost,17,10,7
19328,Drpeppor,blades-edge,922,mage,frost,18,10,8
19329,Dieselonfire,the-venture-co,917,mage,frost,26,13,13
19330,Redeyez,arthas,917,mage,frost,72,32,40
19331,Mongera,bonechewer,909,mage,frost,50,25,25
19332,Moesel,emerald-dream,908,mage,frost,15,11,4
19333,Hambürglar,garrosh,907,mage,frost,24,12,12
19334,Moonfhang,azralon,906,mage,frost,229,109,120
19335,Leocius,daggerspine,906,mage,frost,23,10,13
19336,Marschubas,drakthul,905,mage,frost,83,37,46
19337,Critique,malorne,894,mage,frost,54,27,27
19338,Mageboy,bonechewer,894,mage,frost,29,10,19
19339,Puvö,tichondrius,889,mage,frost,26,10,16
19340,Scár,blackrock,873,mage,frost,20,10,10
19341,Furisheep,stormrage,864,mage,frost,12,9,3
19342,Nalabb,illidan,864,mage,frost,12,9,3
19343,Kaylemage,tichondrius,864,mage,frost,12,9,3
19344,Benzos,eitrigg,864,mage,frost,12,9,3
19345,Finnancy,stormrage,864,mage,frost,12,9,3
19346,Rositajonez,terenas,864,mage,frost,12,9,3
19347,Fromcanada,eitrigg,864,mage,frost,18,9,9
19348,Weathersmell,tichondrius,864,mage,frost,18,9,9
19349,Hyoonsfeet,stormrage,864,mage,frost,18,9,9
19350,Skoals,thrall,864,mage,frost,29,10,19
19351,Jottami,azralon,863,mage,frost,18,9,9
19352,Låvazza,tichondrius,863,mage,frost,18,9,9
19353,Gnitraf,malganis,863,mage,frost,18,9,9
19354,Lastiari,wyrmrest-accord,863,mage,frost,18,9,9
19355,Blinkbotx,proudmoore,863,mage,frost,18,9,9
19356,Juanmánce,quelthalas,863,mage,frost,20,9,11
19357,Soukidiot,sargeras,863,mage,frost,24,9,15
19358,Blinkharder,stormrage,863,mage,frost,24,9,15
19359,Wolfsmind,frostmourne,863,mage,frost,30,9,21
19360,Cryyo,queldorei,862,mage,frost,18,9,9
19361,Jodebabss,dalaran,862,mage,frost,18,9,9
19362,Boredomkïlls,burning-legion,862,mage,frost,18,9,9
19363,Faire,stonemaul,862,mage,frost,18,9,9
19364,Åøe,tichondrius,862,mage,frost,18,9,9
19365,Neomage,elune,862,mage,frost,22,9,13
19366,Jasmine,moon-guard,862,mage,frost,24,9,15
19367,Tunax,tichondrius,862,mage,frost,24,9,15
19368,Shenme,moon-guard,861,mage,frost,20,9,11
19369,Fruza,emerald-dream,860,mage,frost,16,10,6
19370,Zaxrie,malganis,860,mage,frost,18,9,9
19371,Remana,anvilmar,859,mage,frost,18,9,9
19372,Plunks,bleeding-hollow,859,mage,frost,39,10,29
19373,Vallet,ragnaros,858,mage,frost,12,9,3
19374,Cuoreforte,moon-guard,858,mage,frost,24,9,15
19375,Cùrtiñ,tichondrius,858,mage,frost,30,9,21
19376,Telios,azralon,857,mage,frost,16,10,6
19377,Cransmage,illidan,856,mage,frost,18,9,9
19378,Kaboozles,area-52,853,mage,frost,24,9,15
19379,Soya,sargeras,852,mage,frost,24,9,15
19380,Naoz,ragnaros,851,mage,frost,18,9,9
19381,Bandagris,garrosh,840,mage,frost,21,10,11
19382,Rathrizar,emerald-dream,840,mage,frost,30,13,17
19383,Jarethleon,ragnaros,837,mage,frost,21,11,10
19384,Âürõrâ,firetree,834,mage,frost,24,9,15
19385,Cawyro,caelestrasz,831,mage,frost,24,10,14
19386,Taylorrain,arthas,829,mage,frost,36,14,22
19387,Craftin,sargeras,827,mage,frost,18,9,9
19388,Hiiamtay,azralon,826,mage,frost,14,10,4
19389,Itoncruxy,tichondrius,825,mage,frost,69,30,39
19390,Assasix,tichondrius,810,mage,frost,36,12,24
19391,Zionist,earthen-ring,796,mage,frost,14,9,5
19392,Eyesofrage,tichondrius,768,mage,frost,12,8,4
19393,Pandazed,stormscale,768,mage,frost,12,8,4
19394,Wiztopher,frostmourne,768,mage,frost,12,8,4
19395,Tonystonerz,lightnings-blade,768,mage,frost,12,8,4
19396,Terarosa,tichondrius,768,mage,frost,12,8,4
19397,Arrokoth,malganis,768,mage,frost,12,8,4
19398,Frightmare,sargeras,768,mage,frost,12,8,4
19399,Dearyuanmage,tichondrius,768,mage,frost,12,8,4
19400,Nefm,frostmourne,768,mage,frost,12,8,4
19401,Justmoss,sargeras,768,mage,frost,12,8,4
19402,Lycheeoolong,frostmourne,768,mage,frost,18,8,10
19403,Pigdancel,tichondrius,768,mage,frost,18,8,10
19404,Georgian,malfurion,768,mage,frost,18,8,10
19405,Magibe,thrall,768,mage,frost,18,8,10
19406,Zstyle,frostmourne,768,mage,frost,18,8,10
19407,Mcdude,kiljaeden,768,mage,frost,18,8,10
19408,Yeetcannøn,illidan,768,mage,frost,18,8,10
19409,Dead,nemesis,768,mage,frost,18,8,10
19410,Magnificaxd,area-52,768,mage,frost,24,8,16
19411,Bigdjohnson,dalaran,767,mage,frost,12,8,4
19412,Songnineone,tichondrius,767,mage,frost,12,8,4
19413,Seeumaybe,proudmoore,767,mage,frost,12,8,4
19414,Frosttwoop,moon-guard,767,mage,frost,12,8,4
19415,Mempool,darkspear,767,mage,frost,12,8,4
19416,Nôtôrious,thrall,767,mage,frost,12,8,4
19417,Vamplol,tichondrius,767,mage,frost,18,8,10
19418,Jayma,moon-guard,767,mage,frost,18,8,10
19419,Wickymorph,barthilas,767,mage,frost,18,8,10
19420,Staytrill,stormreaver,767,mage,frost,18,8,10
19421,Qtqq,malganis,767,mage,frost,18,8,10
19422,Numb,trollbane,767,mage,frost,18,8,10
19423,Badboykilla,dentarg,767,mage,frost,21,9,12
19424,Gardes,tichondrius,767,mage,frost,24,8,16
19425,Aqcamus,illidan,766,mage,frost,12,8,4
19426,Teloiv,malganis,766,mage,frost,12,8,4
19427,Mägï,tichondrius,766,mage,frost,12,8,4
19428,Zzyuh,proudmoore,766,mage,frost,18,8,10
19429,Baemers,tichondrius,766,mage,frost,24,8,16
19430,Moonpie,frostmane,765,mage,frost,12,8,4
19431,Showtíme,spirestone,765,mage,frost,12,8,4
19432,Rmprmp,tichondrius,764,mage,frost,18,8,10
19433,Limeade,ursin,764,mage,frost,18,8,10
19434,Nynalith,area-52,764,mage,frost,18,8,10
19435,Snowjôb,illidan,764,mage,frost,24,8,16
19436,Marvelcuck,sargeras,763,mage,frost,12,8,4
19437,Syndra,korialstrasz,763,mage,frost,24,8,16
19438,Crizzpy,tichondrius,762,mage,frost,18,8,10
19439,Ashklabam,azralon,761,mage,frost,12,8,4
19440,Scmage,exodar,755,mage,frost,18,8,10
19441,Ratrider,dreadmaul,752,mage,frost,12,8,4
19442,Icepickk,blackwater-raiders,752,mage,frost,12,8,4
19443,Artruis,detheroc,748,mage,frost,12,8,4
19444,Brynach,trollbane,744,mage,frost,18,8,10
19445,Bandmaid,emerald-dream,736,mage,frost,16,9,7
19446,Cowwboydan,malganis,735,mage,frost,14,9,5
19447,Comaner,frostmourne,735,mage,frost,17,8,9
19448,Arckayne,zuljin,735,mage,frost,17,8,9
19449,Omegablink,sargeras,734,mage,frost,17,8,9
19450,Letitgoo,azralon,733,mage,frost,34,17,17
19451,Heca,tichondrius,719,mage,frost,11,8,3
19452,Stankfreezer,thrall,719,mage,frost,11,8,3
19453,Ìgnìtìöñ,whisperwind,718,mage,frost,21,8,13
19454,Lünâliä,bleeding-hollow,686,mage,frost,14,8,6
19455,Proximalol,tichondrius,672,mage,frost,12,7,5
19456,Sylendron,area-52,672,mage,frost,12,7,5
19457,Crnomage,area-52,672,mage,frost,12,7,5
19458,Toteypotter,frostmourne,672,mage,frost,12,7,5
19459,Ankidar,quelthalas,672,mage,frost,12,7,5
19460,Reptär,demon-soul,672,mage,frost,12,7,5
19461,Tibbit,kelthuzad,672,mage,frost,12,7,5
19462,Playtimex,proudmoore,672,mage,frost,12,7,5
19463,Arillius,malganis,672,mage,frost,12,7,5
19464,Neovim,stormrage,672,mage,frost,12,7,5
19465,Mushys,stormrage,672,mage,frost,12,7,5
19466,Kygores,tichondrius,672,mage,frost,12,7,5
19467,Myfamilygpie,nazgrel,672,mage,frost,12,7,5
19468,Kujousara,stormrage,672,mage,frost,12,7,5
19469,Brobo,chogall,672,mage,frost,12,7,5
19470,Zacx,area-52,672,mage,frost,12,7,5
19471,Kogin,thrall,672,mage,frost,12,7,5
19472,Elfvis,deathwing,672,mage,frost,12,7,5
19473,Stinkyblinky,bleeding-hollow,672,mage,frost,12,7,5
19474,Emvepee,sargeras,672,mage,frost,12,7,5
19475,Matchstickk,tichondrius,672,mage,frost,15,8,7
19476,Arynnwyll,chogall,672,mage,frost,18,7,11
19477,Coldshouldér,nerzhul,672,mage,frost,18,7,11
19478,Licklix,tichondrius,672,mage,frost,18,7,11
19479,Xàr,ragnaros,672,mage,frost,18,7,11
19480,Privilege,burning-legion,672,mage,frost,18,7,11
19481,Lillb,bleeding-hollow,672,mage,frost,18,7,11
19482,Fortemage,tichondrius,672,mage,frost,24,7,17
19483,Tokiaro,tortheldrin,671,mage,frost,12,7,5
19484,Khaziiong,scilla,671,mage,frost,12,7,5
19485,Burist,illidan,671,mage,frost,12,7,5
19486,Snoogma,illidan,671,mage,frost,12,7,5
19487,Zedroçk,shadowmoon,671,mage,frost,12,7,5
19488,Kyll,moon-guard,671,mage,frost,12,7,5
19489,Blinksz,korgath,671,mage,frost,12,7,5
19490,Nihilitý,malganis,671,mage,frost,12,7,5
19491,Dairian,whisperwind,671,mage,frost,12,7,5
19492,Solusek,garona,671,mage,frost,12,7,5
19493,Rekys,black-dragonflight,671,mage,frost,12,7,5
19494,Msspelld,turalyon,671,mage,frost,14,7,7
19495,Kasparhausar,garithos,671,mage,frost,18,7,11
19496,Oharvestero,illidan,671,mage,frost,18,7,11
19497,Annalee,ragnaros,671,mage,frost,18,7,11
19498,Elemenopi,thrall,671,mage,frost,18,7,11
19499,Nickygift,tichondrius,671,mage,frost,18,7,11
19500,Optic,chogall,671,mage,frost,18,7,11
19501,Ranje,kiljaeden,670,mage,frost,12,7,5
19502,Tchass,skullcrusher,670,mage,frost,12,7,5
19503,Kidfurry,wyrmrest-accord,670,mage,frost,12,7,5
19504,Aulie,burning-blade,670,mage,frost,12,7,5
19505,Syura,ragnaros,670,mage,frost,18,7,11
19506,Putosucio,nordrassil,670,mage,frost,18,7,11
19507,Sparklmotion,cenarius,670,mage,frost,18,7,11
19508,Akhilá,stormrage,670,mage,frost,18,7,11
19509,Cäelüm,area-52,670,mage,frost,24,7,17
19510,Hhavok,scarlet-crusade,670,mage,frost,24,7,17
19511,Scorgasm,thrall,669,mage,frost,12,7,5
19512,Criticalness,illidan,669,mage,frost,12,7,5
19513,Zalatirix,bleeding-hollow,669,mage,frost,12,7,5
19514,Banída,stormrage,669,mage,frost,12,7,5
19515,Dchee,nerzhul,669,mage,frost,18,7,11
19516,Nohealani,dragonmaw,667,mage,frost,15,8,7
19517,Fíebs,queldorei,667,mage,frost,18,7,11
19518,Aumar,shandris,665,mage,frost,9,8,1
19519,Evieril,tichondrius,665,mage,frost,12,7,5
19520,Dánó,lightbringer,663,mage,frost,24,7,17
19521,Tigoditties,emerald-dream,662,mage,frost,12,7,5
19522,Slaash,barthilas,639,mage,frost,14,8,6
19523,Grausum,tichondrius,638,mage,frost,16,7,9
19524,Shaynna,tichondrius,624,mage,frost,15,7,8
19525,Leeandroo,quelthalas,623,mage,frost,17,7,10
19526,Ghostblaze,blackhand,621,mage,frost,15,8,7
19527,Thaldarian,emerald-dream,616,mage,frost,19,8,11
19528,Lillbean,thunderlord,615,mage,frost,19,8,11
19529,Ghili,tichondrius,607,mage,frost,11,7,4
19530,Ghrámz,stormrage,607,mage,frost,16,7,9
19531,Gralnur,kelthuzad,606,mage,frost,14,7,7
19532,Ineedashave,shandris,606,mage,frost,20,7,13
19533,Skywarp,blackhand,606,mage,frost,25,7,18
19534,Parruka,warsong,605,mage,frost,26,7,19
19535,Fakewizard,frostmane,576,mage,frost,6,6,0
19536,Iceqube,drenden,576,mage,frost,6,6,0
19537,Manadart,quelthalas,576,mage,frost,12,6,6
19538,Moogician,aerie-peak,576,mage,frost,12,6,6
19539,Drdocx,frostmourne,576,mage,frost,12,6,6
19540,Mägë,kirin-tor,576,mage,frost,12,6,6
19541,Ingrumatig,tichondrius,576,mage,frost,12,6,6
19542,Wetsocks,alexstrasza,576,mage,frost,12,6,6
19543,Fireguard,azralon,576,mage,frost,12,6,6
19544,Alludèd,illidan,576,mage,frost,12,6,6
19545,Vamage,goldrinn,576,mage,frost,12,6,6
19546,Pollylol,proudmoore,576,mage,frost,12,6,6
19547,Arittamordio,sargeras,576,mage,frost,12,6,6
19548,Magemagick,mannoroth,576,mage,frost,12,6,6
19549,Saymenre,tichondrius,576,mage,frost,12,6,6
19550,Johncxvii,sargeras,576,mage,frost,12,6,6
19551,Galiax,illidan,576,mage,frost,12,6,6
19552,Thefridge,shadowmoon,576,mage,frost,12,6,6
19553,Phuzadd,tichondrius,576,mage,frost,12,6,6
19554,Tuçhi,tichondrius,576,mage,frost,12,6,6
19555,Angelsarebad,illidan,576,mage,frost,12,6,6
19556,Vague,tichondrius,576,mage,frost,15,6,9
19557,Fatalexo,tichondrius,576,mage,frost,18,6,12
19558,Snowybunny,emerald-dream,576,mage,frost,18,6,12
19559,Krazemagi,stormrage,576,mage,frost,18,6,12
19560,Fromcanada,tichondrius,576,mage,frost,18,6,12
19561,Klinkr,illidan,576,mage,frost,18,6,12
19562,Bustercraft,kelthuzad,576,mage,frost,18,6,12
19563,Phergo,ragnaros,576,mage,frost,24,6,18
19564,Twiztidwitch,burning-legion,576,mage,frost,24,6,18
19565,Oogabooga,lethon,575,mage,frost,12,6,6
19566,Smoney,icecrown,575,mage,frost,12,6,6
19567,Tundraga,malganis,575,mage,frost,12,6,6
19568,Baultery,moon-guard,575,mage,frost,12,6,6
19569,Highafrn,area-52,575,mage,frost,12,6,6
19570,Bootygoats,emerald-dream,575,mage,frost,12,6,6
19571,Shinneex,ragnaros,575,mage,frost,12,6,6
19572,Casual,arthas,575,mage,frost,12,6,6
19573,Bloodpumper,thrall,575,mage,frost,12,6,6
19574,Lucidgaze,bonechewer,575,mage,frost,18,6,12
19575,Fabled,stonemaul,575,mage,frost,18,6,12
19576,Rieltar,barthilas,575,mage,frost,18,6,12
19577,Aarne,thrall,575,mage,frost,18,6,12
19578,Kalzak,hyjal,574,mage,frost,12,6,6
19579,Icetooseeyou,barthilas,574,mage,frost,12,6,6
19580,Irrandina,moon-guard,574,mage,frost,12,6,6
19581,Kaël,area-52,574,mage,frost,12,6,6
19582,Tonepedo,zuljin,574,mage,frost,18,6,12
19583,Lincepotter,quelthalas,574,mage,frost,18,6,12
19584,Harmful,frostmourne,574,mage,frost,18,6,12
19585,Srloko,azralon,574,mage,frost,24,6,18
19586,Zehlks,garrosh,573,mage,frost,12,6,6
19587,Josemayer,nemesis,573,mage,frost,12,6,6
19588,Sohotritenow,malganis,573,mage,frost,18,6,12
19589,Litiria,burning-blade,573,mage,frost,18,6,12
19590,Crimpster,illidan,573,mage,frost,24,6,18
19591,Avers,frostwolf,572,mage,frost,18,6,12
19592,Sodrezinn,illidan,571,mage,frost,12,6,6
19593,Eatmyfritter,stonemaul,570,mage,frost,12,6,6
19594,Freyia,mugthol,569,mage,frost,18,6,12
19595,Silverstrza,gnomeregan,567,mage,frost,12,6,6
19596,Meliam,tichondrius,557,mage,frost,29,6,23
19597,Ozwauld,emerald-dream,526,mage,frost,11,6,5
19598,Triambukh,grizzly-hills,525,mage,frost,20,7,13
19599,Jooss,quelthalas,521,mage,frost,18,7,11
19600,Starguy,laughing-skull,520,mage,frost,22,7,15
19601,Pidge,aggramar,519,mage,frost,22,6,16
19602,Tatersmaccs,sargeras,517,mage,frost,20,7,13
19603,Emieralol,tichondrius,512,mage,frost,10,6,4
19604,Aycc,tichondrius,512,mage,frost,10,6,4
19605,Ereblink,proudmoore,511,mage,frost,11,6,5
19606,Frostytoez,firetree,511,mage,frost,14,6,8
19607,Zabaione,stormrage,508,mage,frost,16,6,10
19608,Korisaurus,tichondrius,496,mage,frost,13,6,7
19609,Sorankim,tichondrius,496,mage,frost,19,6,13
19610,Melkdud,wyrmrest-accord,480,mage,frost,6,5,1
19611,Elwynnforest,sargeras,480,mage,frost,6,5,1
19612,Magerat,icecrown,480,mage,frost,6,5,1
19613,Hansol,farstriders,480,mage,frost,6,5,1
19614,Vonte,elune,480,mage,frost,6,5,1
19615,Fatamericanx,area-52,480,mage,frost,6,5,1
19616,Fromcanadaqc,zuljin,480,mage,frost,6,5,1
19617,Dasanimomo,sargeras,480,mage,frost,6,5,1
19618,Truemagician,tichondrius,480,mage,frost,6,5,1
19619,Flavaflame,mugthol,480,mage,frost,6,5,1
19620,Jarvase,mugthol,480,mage,frost,10,6,4
19621,Veritas,wildhammer,480,mage,frost,10,6,4
19622,Polymurph,terenas,480,mage,frost,12,5,7
19623,Vires,kelthuzad,480,mage,frost,12,5,7
19624,Arendelle,kiljaeden,480,mage,frost,12,5,7
19625,Mcshwackin,area-52,480,mage,frost,12,5,7
19626,Gadwick,alexstrasza,480,mage,frost,12,5,7
19627,Kayenri,area-52,480,mage,frost,12,5,7
19628,Isömetrics,tichondrius,480,mage,frost,12,5,7
19629,Garbagemage,barthilas,480,mage,frost,12,5,7
19630,Vênsêr,emerald-dream,480,mage,frost,12,5,7
19631,Freezerburnz,illidan,480,mage,frost,12,5,7
19632,Iceyhott,bloodhoof,480,mage,frost,12,5,7
19633,Barcilas,proudmoore,480,mage,frost,12,5,7
19634,Starguy,terenas,480,mage,frost,12,5,7
19635,Lewpithy,area-52,480,mage,frost,12,5,7
19636,Legendary,deathwing,480,mage,frost,12,5,7
19637,Hustle,frostmourne,480,mage,frost,12,5,7
19638,Blinkinghobo,sargeras,480,mage,frost,12,5,7
19639,Nunezz,mannoroth,480,mage,frost,12,5,7
19640,Skizzlés,bleeding-hollow,480,mage,frost,12,5,7
19641,Emppty,tichondrius,480,mage,frost,12,5,7
19642,Foodfish,bleeding-hollow,480,mage,frost,12,5,7
19643,Harlloo,the-underbog,480,mage,frost,12,5,7
19644,Swaxi,illidan,480,mage,frost,12,5,7
19645,Cinns,moon-guard,480,mage,frost,12,5,7
19646,Zime,moon-guard,480,mage,frost,12,5,7
19647,Icetomeetyu,bleeding-hollow,480,mage,frost,12,5,7
19648,Tëy,zuljin,480,mage,frost,12,5,7
19649,Adronicus,tichondrius,480,mage,frost,12,5,7
19650,Siobhána,moon-guard,480,mage,frost,12,5,7
19651,Rbn,tichondrius,480,mage,frost,21,6,15
19652,Dreddpool,barthilas,480,mage,frost,18,5,13
19653,Coolbuts,area-52,480,mage,frost,18,5,13
19654,Mikwam,proudmoore,479,mage,frost,6,5,1
19655,Piixxiie,sargeras,479,mage,frost,6,5,1
19656,Paintsicle,thunderlord,479,mage,frost,12,5,7
19657,Kpoppin,stormrage,479,mage,frost,12,5,7
19658,Grimreefer,trollbane,479,mage,frost,12,5,7
19659,Odinzz,azralon,479,mage,frost,12,5,7
19660,Phazora,suramar,479,mage,frost,12,5,7
19661,Loa,hydraxis,479,mage,frost,12,5,7
19662,Raynark,nemesis,479,mage,frost,12,5,7
19663,Icesickle,barthilas,479,mage,frost,12,5,7
19664,Cezax,frostmourne,479,mage,frost,12,5,7
19665,Inumano,laughing-skull,479,mage,frost,12,5,7
19666,Brokser,quelthalas,479,mage,frost,12,5,7
19667,Dimmershnitz,draka,479,mage,frost,12,5,7
19668,Suprido,illidan,478,mage,frost,15,6,9
19669,Rkbj,korgath,478,mage,frost,24,5,19
19670,Ehduh,onyxia,477,mage,frost,12,5,7
19671,Colddevil,hyjal,476,mage,frost,19,5,14
19672,Spazzticblur,frostwolf,473,mage,frost,12,5,7
19673,Claddagh,kelthuzad,473,mage,frost,12,5,7
19674,Hoecakez,tichondrius,463,mage,frost,11,6,5
19675,Magusia,emerald-dream,447,mage,frost,11,5,6
19676,Polyblart,hyjal,446,mage,frost,10,6,4
19677,Barkäi,ragnaros,432,mage,frost,15,5,10
19678,Cerisium,kiljaeden,431,mage,frost,11,5,6
19679,Summey,tichondrius,431,mage,frost,11,5,6
19680,Aggrosheep,tichondrius,416,mage,frost,10,5,5
19681,Quinnfreeze,boulderfist,414,mage,frost,11,5,6
19682,Powder,lightninghoof,400,mage,frost,15,7,8
19683,Hocusjokus,frostmourne,384,mage,frost,6,4,2
19684,Schwab,warsong,384,mage,frost,6,4,2
19685,Frðstítutè,tichondrius,384,mage,frost,6,4,2
19686,Tainx,frostmourne,384,mage,frost,6,4,2
19687,Jamesper,tichondrius,384,mage,frost,6,4,2
19688,Ratfather,the-forgotten-coast,384,mage,frost,6,4,2
19689,Frobo,mannoroth,384,mage,frost,6,4,2
19690,Gnomoguapo,altar-of-storms,384,mage,frost,6,4,2
19691,Frostkage,tichondrius,384,mage,frost,6,4,2
19692,Myrondor,tichondrius,384,mage,frost,6,4,2
19693,Polymedaddi,tichondrius,384,mage,frost,6,4,2
19694,Froznpizza,zuljin,384,mage,frost,6,4,2
19695,Vixm,stormrage,384,mage,frost,6,4,2
19696,Unlike,sargeras,384,mage,frost,6,4,2
19697,Dezz,gilneas,384,mage,frost,6,4,2
19698,Lampert,tichondrius,384,mage,frost,6,4,2
19699,Marfaz,ravencrest,384,mage,frost,6,4,2
19700,Pzaz,moon-guard,384,mage,frost,6,4,2
19701,Kälis,zuljin,384,mage,frost,6,4,2
19702,Zgodspeedz,stormrage,384,mage,frost,6,4,2
19703,Dashdoor,stormrage,384,mage,frost,6,4,2
19704,Lohkey,darkspear,384,mage,frost,6,4,2
19705,Aigam,hyjal,384,mage,frost,6,4,2
19706,Pew,dathremar,384,mage,frost,6,4,2
19707,Voiddude,proudmoore,384,mage,frost,6,4,2
19708,Variex,tichondrius,384,mage,frost,6,4,2
19709,Shãy,area-52,384,mage,frost,6,4,2
19710,Arkane,barthilas,384,mage,frost,6,4,2
19711,Finnese,medivh,384,mage,frost,6,4,2
19712,Fromcanadaqc,tichondrius,384,mage,frost,6,4,2
19713,Çhíllßrõ,tichondrius,384,mage,frost,6,4,2
19714,Expozed,icecrown,384,mage,frost,6,4,2
19715,Belven,proudmoore,384,mage,frost,6,4,2
19716,Kutulu,aerie-peak,384,mage,frost,6,4,2
19717,Zolix,malganis,384,mage,frost,6,4,2
19718,Bçøløñápûðgé,illidan,384,mage,frost,6,4,2
19719,Sheepard,sargeras,384,mage,frost,6,4,2
19720,Poonfarmer,zangarmarsh,384,mage,frost,6,4,2
19721,Scarlin,proudmoore,384,mage,frost,6,4,2
19722,Mèduså,tichondrius,384,mage,frost,6,4,2
19723,Danbì,ragnaros,384,mage,frost,6,4,2
19724,Neverbroke,illidan,384,mage,frost,6,4,2
19725,Gai,lightnings-blade,384,mage,frost,6,4,2
19726,Cewchí,tichondrius,384,mage,frost,6,4,2
19727,Wuzzo,tichondrius,384,mage,frost,12,4,8
19728,Nexttmage,area-52,384,mage,frost,12,4,8
19729,Fantabulous,korgath,384,mage,frost,12,4,8
19730,Yippmagus,area-52,384,mage,frost,12,4,8
19731,Perkaset,turalyon,384,mage,frost,12,4,8
19732,Slot,kirin-tor,384,mage,frost,12,4,8
19733,Dallamar,frostwolf,384,mage,frost,12,4,8
19734,Meduka,proudmoore,384,mage,frost,12,4,8
19735,Yeuxbleus,tichondrius,384,mage,frost,12,4,8
19736,Aangx,stormrage,384,mage,frost,12,4,8
19737,Oneminute,tichondrius,384,mage,frost,12,4,8
19738,Novokaine,area-52,384,mage,frost,12,4,8
19739,Artty,velen,384,mage,frost,12,4,8
19740,Slurpey,moon-guard,384,mage,frost,12,4,8
19741,Arcanatos,emerald-dream,384,mage,frost,12,4,8
19742,Horizons,moon-guard,384,mage,frost,12,4,8
19743,Badaszbich,tichondrius,384,mage,frost,12,4,8
19744,Darthez,darkspear,384,mage,frost,12,4,8
19745,Bluedustfart,illidan,384,mage,frost,12,4,8
19746,Coldcaster,mugthol,384,mage,frost,12,4,8
19747,Unmix,tichondrius,384,mage,frost,12,4,8
19748,Caseyjelly,tichondrius,384,mage,frost,12,4,8
19749,Timêrmórk,kalecgos,384,mage,frost,12,4,8
19750,Gemaicy,sargeras,384,mage,frost,12,4,8
19751,Icebish,skullcrusher,384,mage,frost,12,4,8
19752,Splocke,azralon,384,mage,frost,12,4,8
19753,Percivaltp,scarlet-crusade,384,mage,frost,12,4,8
19754,Îùx,stormrage,384,mage,frost,12,4,8
19755,Jorzan,kelthuzad,384,mage,frost,12,4,8
19756,Themageguy,eitrigg,384,mage,frost,12,4,8
19757,Snowyj,khaz-modan,384,mage,frost,13,4,9
19758,Astería,ragnaros,384,mage,frost,14,4,10
19759,Fullmetal,jaedenar,384,mage,frost,18,4,14
19760,Snanth,black-dragonflight,384,mage,frost,18,4,14
19761,Rolypolyman,tichondrius,384,mage,frost,24,4,20
19762,Billionnaire,tichondrius,383,mage,frost,6,4,2
19763,Floopse,agamaggan,383,mage,frost,6,4,2
19764,Abstractgoat,tichondrius,383,mage,frost,12,4,8
19765,Surrsly,tortheldrin,383,mage,frost,12,4,8
19766,Undersky,tichondrius,383,mage,frost,12,4,8
19767,Cynafox,moon-guard,383,mage,frost,12,4,8
19768,Robinesque,moon-guard,383,mage,frost,12,4,8
19769,Magemochi,dalaran,382,mage,frost,6,4,2
19770,Brezman,tichondrius,382,mage,frost,12,4,8
19771,Kuni,ghostlands,382,mage,frost,12,4,8
19772,Georgez,ragnaros,382,mage,frost,20,4,16
19773,Zoninsasseo,tichondrius,381,mage,frost,12,4,8
19774,Killerflaco,drakkari,381,mage,frost,24,4,20
19775,Eirwan,illidan,379,mage,frost,12,4,8
19776,Homodilf,blackrock,379,mage,frost,12,4,8
19777,Eanur,azralon,352,mage,frost,16,4,12
19778,Magicginger,barthilas,352,mage,frost,16,4,12
19779,Lirahmi,quelthalas,351,mage,frost,11,4,7
19780,Freezeup,area-52,349,mage,frost,14,7,7
19781,Titsncoke,proudmoore,336,mage,frost,9,4,5
19782,Mugiara,azralon,335,mage,frost,9,4,5
19783,Jizzlez,tichondrius,335,mage,frost,11,4,7
19784,Coldrin,tichondrius,330,mage,frost,15,5,10
19785,Devkek,area-52,330,mage,frost,22,7,15
19786,Icëblöck,ysera,329,mage,frost,6,5,1
19787,Lezafort,area-52,320,mage,frost,16,4,12
19788,Niscra,nemesis,320,mage,frost,22,4,18
19789,Lightsoran,tichondrius,319,mage,frost,5,4,1
19790,Crøwgawd,tichondrius,304,mage,frost,7,4,3
19791,Krililin,stormrage,288,mage,frost,6,3,3
19792,Decady,stormrage,288,mage,frost,6,3,3
19793,Címegripe,stormrage,288,mage,frost,6,3,3
19794,Natallyn,stormrage,288,mage,frost,6,3,3
19795,Blâzer,nazjatar,288,mage,frost,6,3,3
19796,Jaklinburton,stormrage,288,mage,frost,6,3,3
19797,Léras,stormrage,288,mage,frost,6,3,3
19798,Hýdro,ghostlands,288,mage,frost,6,3,3
19799,Pyroseraph,bleeding-hollow,288,mage,frost,6,3,3
19800,Coneofkony,bleeding-hollow,288,mage,frost,6,3,3
19801,Betaduck,bleeding-hollow,288,mage,frost,6,3,3
19802,Riverb,bleeding-hollow,288,mage,frost,6,3,3
19803,Youngwiz,arthas,288,mage,frost,6,3,3
19804,Linsz,nemesis,288,mage,frost,6,3,3
19805,Dotznsheep,zuljin,288,mage,frost,6,3,3
19806,Kryptekk,area-52,288,mage,frost,6,3,3
19807,Fishfood,bleeding-hollow,288,mage,frost,6,3,3
19808,Felsparkles,area-52,288,mage,frost,6,3,3
19809,Isuikido,nemesis,288,mage,frost,6,3,3
19810,Casualboy,skullcrusher,288,mage,frost,6,3,3
19811,Aurumium,illidan,288,mage,frost,6,3,3
19812,Ariezx,kelthuzad,288,mage,frost,6,3,3
19813,Bigchilly,malganis,288,mage,frost,6,3,3
19814,Oomoo,malganis,288,mage,frost,6,3,3
19815,Dcup,quelthalas,288,mage,frost,6,3,3
19816,Eraticmage,illidan,288,mage,frost,6,3,3
19817,Índís,ragnaros,288,mage,frost,6,3,3
19818,Urbadxd,llane,288,mage,frost,6,3,3
19819,Feldt,korgath,288,mage,frost,6,3,3
19820,Nalla,nerzhul,288,mage,frost,6,3,3
19821,Ðontßlink,illidan,288,mage,frost,6,3,3
19822,Dragonie,nordrassil,288,mage,frost,6,3,3
19823,Personah,darkspear,288,mage,frost,6,3,3
19824,Thxo,hyjal,288,mage,frost,6,3,3
19825,Orangemilk,hyjal,288,mage,frost,6,3,3
19826,Wabï,tichondrius,288,mage,frost,6,3,3
19827,Shiryu,thrall,288,mage,frost,6,3,3
19828,Lunchfirst,tichondrius,288,mage,frost,6,3,3
19829,Toastmg,tichondrius,288,mage,frost,6,3,3
19830,Atwyxn,illidan,288,mage,frost,6,3,3
19831,Abruaa,area-52,288,mage,frost,6,3,3
19832,Murcury,tichondrius,288,mage,frost,6,3,3
19833,Chriglol,black-dragonflight,288,mage,frost,6,3,3
19834,Maelista,tichondrius,288,mage,frost,6,3,3
19835,Magicianqt,tichondrius,288,mage,frost,6,3,3
19836,Fredcouples,tichondrius,288,mage,frost,6,3,3
19837,Icecreamboy,tichondrius,288,mage,frost,6,3,3
19838,Kqlyy,tichondrius,288,mage,frost,6,3,3
19839,Cruxx,ragnaros,288,mage,frost,6,3,3
19840,Murderlin,tichondrius,288,mage,frost,6,3,3
19841,Quinnc,tichondrius,288,mage,frost,6,3,3
19842,Odaravla,proudmoore,288,mage,frost,6,3,3
19843,Frostytits,spirestone,288,mage,frost,6,3,3
19844,Mäz,malorne,288,mage,frost,6,3,3
19845,Killemz,dragonmaw,288,mage,frost,6,3,3
19846,Botoslàp,dragonmaw,288,mage,frost,6,3,3
19847,Illúmi,moon-guard,288,mage,frost,6,3,3
19848,Hékate,moon-guard,288,mage,frost,6,3,3
19849,Honchó,velen,288,mage,frost,6,3,3
19850,Bound,emerald-dream,288,mage,frost,6,3,3
19851,Maagão,azralon,288,mage,frost,6,3,3
19852,Trozkov,dalaran,288,mage,frost,6,3,3
19853,Lisaerys,dalaran,288,mage,frost,6,3,3
19854,Asthar,ursin,288,mage,frost,6,3,3
19855,Packaged,emerald-dream,288,mage,frost,6,3,3
19856,Morti,sargeras,288,mage,frost,6,3,3
19857,Bønemage,azralon,288,mage,frost,6,3,3
19858,Lilsake,sargeras,288,mage,frost,6,3,3
19859,Combusty,sargeras,288,mage,frost,6,3,3
19860,Gobstpper,nagrand,288,mage,frost,6,3,3
19861,Trincando,azralon,288,mage,frost,6,3,3
19862,Zukoprince,azralon,288,mage,frost,6,3,3
19863,Dersão,azralon,288,mage,frost,6,3,3
19864,Etyx,tichondrius,288,mage,frost,10,4,6
19865,Argyron,fizzcrank,288,mage,frost,12,3,9
19866,Hqscoltt,azralon,288,mage,frost,12,3,9
19867,Steefers,arygos,288,mage,frost,12,3,9
19868,Houdiinii,illidan,288,mage,frost,12,3,9
19869,Voidera,wyrmrest-accord,288,mage,frost,12,3,9
19870,Frostcakes,quelthalas,288,mage,frost,12,3,9
19871,Rabeiro,tichondrius,288,mage,frost,12,3,9
19872,Fineous,kalecgos,288,mage,frost,12,3,9
19873,Calcaster,aegwynn,288,mage,frost,12,3,9
19874,Millions,jubeithos,288,mage,frost,12,3,9
19875,Worldonfire,ragnaros,288,mage,frost,12,3,9
19876,Kaïdis,nemesis,288,mage,frost,12,3,9
19877,Littleguzto,garrosh,288,mage,frost,12,3,9
19878,Bootyclapper,shadowmoon,288,mage,frost,12,3,9
19879,Anuub,kelthuzad,288,mage,frost,12,3,9
19880,Draell,drakkari,288,mage,frost,12,3,9
19881,Linadeslayer,chogall,288,mage,frost,12,3,9
19882,Albbano,tichondrius,288,mage,frost,12,3,9
19883,Fingeredx,zuljin,288,mage,frost,12,3,9
19884,Ezchallenger,undermine,288,mage,frost,12,3,9
19885,Daydreamz,lightnings-blade,288,mage,frost,12,3,9
19886,Bartholomew,lothar,288,mage,frost,12,3,9
19887,Stinker,nazjatar,288,mage,frost,12,3,9
19888,Radakos,emerald-dream,288,mage,frost,12,3,9
19889,Grynthwzrd,stormrage,288,mage,frost,12,3,9
19890,Tracemaker,emerald-dream,288,mage,frost,18,3,15
19891,Polymorphlol,queldorei,288,mage,frost,18,3,15
19892,Cölossus,gorefiend,287,mage,frost,6,3,3
19893,Applemage,ragnaros,287,mage,frost,6,3,3
19894,Icehero,tichondrius,287,mage,frost,6,3,3
19895,Shimotama,malganis,287,mage,frost,6,3,3
19896,Gufi,drakkari,287,mage,frost,6,3,3
19897,Clausolas,ragnaros,287,mage,frost,6,3,3
19898,Wawakun,ragnaros,287,mage,frost,6,3,3
19899,Queimabixo,azralon,287,mage,frost,6,3,3
19900,Mideon,whisperwind,286,mage,frost,6,3,3
19901,Chuekona,ragnaros,256,mage,frost,10,3,7
19902,Taevy,tichondrius,256,mage,frost,10,3,7
19903,Arielak,kelthuzad,239,mage,frost,5,3,2
19904,Cheyz,onyxia,239,mage,frost,5,3,2
19905,Unydae,frostmourne,239,mage,frost,5,3,2
19906,Drewann,draenor,239,mage,frost,5,3,2
19907,Itsoveryo,jubeithos,239,mage,frost,11,3,8
19908,Kizran,frostmourne,239,mage,frost,11,3,8
19909,Gtown,kelthuzad,234,mage,frost,11,4,7
19910,Skerei,azralon,234,mage,frost,19,4,15
19911,Brôcolîni,zuljin,233,mage,frost,11,4,7
19912,Ophian,shattered-hand,222,mage,frost,8,3,5
19913,Rayricefan,blood-furnace,192,mage,frost,4,3,1
19914,Pyrod,tichondrius,192,mage,frost,6,2,4
19915,Cradic,tichondrius,192,mage,frost,6,2,4
19916,Kickpollyplx,lothar,192,mage,frost,6,2,4
19917,Fleët,tichondrius,192,mage,frost,6,2,4
19918,Audacy,sargeras,192,mage,frost,6,2,4
19919,Ess,tichondrius,192,mage,frost,6,2,4
19920,Duhquarius,warsong,192,mage,frost,6,2,4
19921,Vailor,whisperwind,192,mage,frost,6,2,4
19922,Stìnkfîst,tichondrius,192,mage,frost,6,2,4
19923,Afknz,frostmourne,192,mage,frost,6,2,4
19924,Roarly,stonemaul,192,mage,frost,6,2,4
19925,Winstonchill,zuljin,192,mage,frost,6,2,4
19926,Whiteyx,saurfang,192,mage,frost,6,2,4
19927,Getmaged,bleeding-hollow,192,mage,frost,6,2,4
19928,Muskybiggie,bleeding-hollow,192,mage,frost,6,2,4
19929,Blînxx,bleeding-hollow,192,mage,frost,6,2,4
19930,Mager,dentarg,192,mage,frost,6,2,4
19931,Elvin,frostmourne,192,mage,frost,6,2,4
19932,Nachtt,sargeras,192,mage,frost,6,2,4
19933,Khaosflare,stormrage,192,mage,frost,6,2,4
19934,Echoz,frostmourne,192,mage,frost,6,2,4
19935,Indignatio,arthas,192,mage,frost,6,2,4
19936,Urmagesty,daggerspine,192,mage,frost,6,2,4
19937,Alfaflux,nemesis,192,mage,frost,6,2,4
19938,Makius,area-52,192,mage,frost,6,2,4
19939,Viccluvin,stormrage,192,mage,frost,6,2,4
19940,Anyahs,tichondrius,192,mage,frost,6,2,4
19941,Magewara,area-52,192,mage,frost,6,2,4
19942,Magika,area-52,192,mage,frost,6,2,4
19943,Arkuran,proudmoore,192,mage,frost,6,2,4
19944,Gradmage,proudmoore,192,mage,frost,6,2,4
19945,Sparqablink,tichondrius,192,mage,frost,6,2,4
19946,Cantblocklul,baelgun,192,mage,frost,6,2,4
19947,Vortex,fenris,192,mage,frost,6,2,4
19948,Kevinfan,area-52,192,mage,frost,6,2,4
19949,Xü,stormrage,192,mage,frost,6,2,4
19950,Biillionaire,frostmourne,192,mage,frost,6,2,4
19951,Wïzarduous,mannoroth,192,mage,frost,6,2,4
19952,Ryusuke,thrall,192,mage,frost,6,2,4
19953,Ayci,velen,192,mage,frost,6,2,4
19954,Kammany,thrall,192,mage,frost,6,2,4
19955,Massivepoo,barthilas,192,mage,frost,6,2,4
19956,Xar,guldan,192,mage,frost,6,2,4
19957,Avicci,shattered-halls,192,mage,frost,6,2,4
19958,Choctøp,frostmourne,192,mage,frost,6,2,4
19959,Sophrates,burning-blade,192,mage,frost,6,2,4
19960,Korky,dalvengyr,192,mage,frost,6,2,4
19961,Tanedos,tichondrius,192,mage,frost,6,2,4
19962,Bluishhue,thrall,192,mage,frost,6,2,4
19963,Shivamode,thrall,192,mage,frost,6,2,4
19964,Dinklord,azuremyst,192,mage,frost,6,2,4
19965,Jainamommy,emerald-dream,192,mage,frost,6,2,4
19966,Pyröz,kelthuzad,192,mage,frost,6,2,4
19967,Karameltart,barthilas,192,mage,frost,6,2,4
19968,Thebrain,twisting-nether,192,mage,frost,6,2,4
19969,Uhh,blackrock,192,mage,frost,6,2,4
19970,Maxvila,kelthuzad,192,mage,frost,6,2,4
19971,Strêss,kelthuzad,192,mage,frost,6,2,4
19972,Earff,kiljaeden,192,mage,frost,6,2,4
19973,Lilbabyx,stormrage,192,mage,frost,6,2,4
19974,Jimmygibbler,illidan,192,mage,frost,6,2,4
19975,Herzthroh,stormrage,192,mage,frost,6,2,4
19976,Westii,illidan,192,mage,frost,6,2,4
19977,Undeadmager,nerzhul,192,mage,frost,6,2,4
19978,Magickus,korgath,192,mage,frost,6,2,4
19979,Vallfire,malganis,192,mage,frost,6,2,4
19980,Vyyp,echo-isles,192,mage,frost,6,2,4
19981,Airsickjet,kiljaeden,192,mage,frost,6,2,4
19982,Raidem,dalaran,192,mage,frost,6,2,4
19983,Xenagozs,antonidas,192,mage,frost,6,2,4
19984,Stefan,malganis,192,mage,frost,6,2,4
19985,Chelseâ,emerald-dream,192,mage,frost,6,2,4
19986,Kzm,illidan,192,mage,frost,6,2,4
19987,Rapidmage,malganis,192,mage,frost,6,2,4
19988,Cottonmage,malganis,192,mage,frost,6,2,4
19989,Drewzz,tichondrius,192,mage,frost,6,2,4
19990,Fïtz,quelthalas,192,mage,frost,6,2,4
19991,Elhechizero,quelthalas,192,mage,frost,6,2,4
19992,Mageethot,moon-guard,192,mage,frost,6,2,4
19993,Quesomancer,illidan,192,mage,frost,6,2,4
19994,Raxxor,muradin,192,mage,frost,6,2,4
19995,Iguanodon,proudmoore,192,mage,frost,6,2,4
19996,Gattmage,illidan,192,mage,frost,6,2,4
19997,Halimage,zuljin,192,mage,frost,6,2,4
19998,Crazytime,tichondrius,192,mage,frost,6,2,4
19999,Wyss,azralon,192,mage,frost,6,2,4
20000,Benjamming,ragnaros,192,mage,frost,6,2,4
20001,Firehawk,azralon,192,mage,frost,6,2,4
20002,Kârén,aggramar,192,mage,frost,6,2,4
20003,Magiaguarra,ragnaros,192,mage,frost,6,2,4
20004,Smók,ragnaros,192,mage,frost,6,2,4
20005,Clickhard,suramar,192,mage,frost,9,2,7
20006,Bibi,ragnaros,192,mage,frost,9,2,7
20007,Adxion,quelthalas,192,mage,frost,12,2,10
20008,Sîmply,zuljin,192,mage,frost,12,2,10
20009,Joare,area-52,192,mage,frost,12,2,10
20010,Kinrow,stormrage,192,mage,frost,12,2,10
20011,Mônstâ,thrall,192,mage,frost,12,2,10
20012,Eretik,ragnaros,192,mage,frost,12,2,10
20013,Converseqt,stormrage,192,mage,frost,12,2,10
20014,Lemmepoly,illidan,192,mage,frost,12,2,10
20015,Hositonet,malganis,192,mage,frost,12,2,10
20016,Rán,spirestone,192,mage,frost,12,2,10
20017,Zerg,fenris,192,mage,frost,12,2,10
20018,Shwack,boulderfist,192,mage,frost,12,2,10
20019,Èvilmage,blackrock,192,mage,frost,12,2,10
20020,Alode,moon-guard,192,mage,frost,12,2,10
20021,Ironwolft,tichondrius,192,mage,frost,12,2,10
20022,Mendittorosa,tichondrius,192,mage,frost,12,2,10
20023,Excentral,tichondrius,192,mage,frost,12,2,10
20024,Dylanpickles,darkspear,192,mage,frost,12,2,10
20025,Wqnmlgbdy,tichondrius,192,mage,frost,18,2,16
20026,Pândàfæçé,ghostlands,191,mage,frost,4,3,1
20027,Kahldyn,stormrage,191,mage,frost,4,3,1
20028,Alladen,anubarak,191,mage,frost,6,2,4
20029,Bittérs,tichondrius,191,mage,frost,6,2,4
20030,Hense,stormrage,191,mage,frost,6,2,4
20031,Cheapped,emerald-dream,175,mage,frost,6,3,3
20032,Blakus,tichondrius,159,mage,frost,6,3,3
20033,Frosteddiks,shattered-halls,159,mage,frost,5,2,3
20034,Csx,turalyon,144,mage,frost,3,3,0
20035,Noyade,illidan,144,mage,frost,9,2,7
20036,Erudit,tichondrius,144,mage,frost,15,2,13
20037,Shardgodx,kelthuzad,138,mage,frost,8,4,4
20038,Vìllyn,boulderfist,138,mage,frost,12,4,8
20039,Máximus,illidan,128,mage,frost,4,2,2
20040,Firèballin,tichondrius,128,mage,frost,4,2,2
20041,Idamnedu,crushridge,128,mage,frost,4,2,2
20042,Goingmassive,frostmourne,127,mage,frost,4,2,2
20043,Proviet,frostmourne,127,mage,frost,8,2,6
20044,Thebraveonee,frostmourne,126,mage,frost,8,2,6
20045,Faeylyn,stormrage,96,mage,frost,3,2,1
20046,Thôrsena,ursin,96,mage,frost,3,2,1
20047,Sillycole,emerald-dream,96,mage,frost,3,2,1
20048,Ricter,hyjal,96,mage,frost,6,1,5
20049,Kbola,tichondrius,96,mage,frost,6,1,5
20050,Sky,lightnings-blade,96,mage,frost,6,1,5
20051,Daêgon,area-52,96,mage,frost,6,1,5
20052,Furrblock,tichondrius,96,mage,frost,6,1,5
20053,Truewinter,tichondrius,96,mage,frost,6,1,5
20054,Gnòmêrcy,kelthuzad,96,mage,frost,6,1,5
20055,Hruine,chogall,96,mage,frost,6,1,5
20056,Oring,tichondrius,96,mage,frost,6,1,5
20057,Tmi,darkspear,96,mage,frost,6,1,5
20058,Coolhandz,tichondrius,96,mage,frost,6,1,5
20059,Ârcano,ragnaros,96,mage,frost,6,1,5
20060,Thiccness,hydraxis,96,mage,frost,6,1,5
20061,Beerandmagic,zuljin,96,mage,frost,6,1,5
20062,Boxslinger,illidan,96,mage,frost,6,1,5
20063,Kaoz,emerald-dream,96,mage,frost,6,1,5
20064,Ogfresh,area-52,96,mage,frost,6,1,5
20065,Aerodynamiq,area-52,96,mage,frost,6,1,5
20066,Åpollous,frostmourne,96,mage,frost,6,1,5
20067,Michaelbust,tichondrius,96,mage,frost,6,1,5
20068,Naviator,tichondrius,96,mage,frost,6,1,5
20069,Mïzzfreeze,haomarush,96,mage,frost,6,1,5
20070,Yeonmok,tichondrius,96,mage,frost,6,1,5
20071,Magicmom,wyrmrest-accord,96,mage,frost,6,1,5
20072,Trevihl,malganis,96,mage,frost,6,1,5
20073,Fookz,malganis,96,mage,frost,6,1,5
20074,Themose,sargeras,96,mage,frost,6,1,5
20075,Adrazell,sargeras,96,mage,frost,6,1,5
20076,Failzy,darkspear,96,mage,frost,6,1,5
20077,Ñõxx,sargeras,96,mage,frost,6,1,5
20078,Mastacombust,illidan,96,mage,frost,6,1,5
20079,Freezze,malganis,96,mage,frost,6,1,5
20080,Pblastdatass,stormrage,96,mage,frost,6,1,5
20081,Fadedfire,area-52,96,mage,frost,6,1,5
20082,Ichirou,stormrage,96,mage,frost,6,1,5
20083,Pikoda,azralon,96,mage,frost,6,1,5
20084,Loopsyliu,stormrage,96,mage,frost,6,1,5
20085,Neverworks,tichondrius,96,mage,frost,6,1,5
20086,Geekm,frostmourne,96,mage,frost,6,1,5
20087,Dathoe,laughing-skull,96,mage,frost,6,1,5
20088,Pyrofrost,stonemaul,96,mage,frost,6,1,5
20089,Soulbite,barthilas,96,mage,frost,6,1,5
20090,Stormfrieza,tichondrius,96,mage,frost,6,1,5
20091,Exonerate,mannoroth,96,mage,frost,6,1,5
20092,Majx,eldrethalas,96,mage,frost,6,1,5
20093,Professor,khadgar,96,mage,frost,6,1,5
20094,Gíldrin,proudmoore,96,mage,frost,6,1,5
20095,Oab,proudmoore,96,mage,frost,6,1,5
20096,Ëfc,nemesis,96,mage,frost,6,1,5
20097,Jmanpk,stormrage,96,mage,frost,12,1,11
20098,Voxbluvine,hakkar,96,mage,frost,12,1,11
20099,Taladas,suramar,96,mage,frost,12,1,11
20100,Vensyr,stormrage,96,mage,frost,12,1,11
20101,Pyrophobia,mannoroth,96,mage,frost,12,1,11
20102,Ldc,kelthuzad,96,mage,frost,12,1,11
20103,Zei,bleeding-hollow,96,mage,frost,12,1,11
20104,Badiatorr,alterac-mountains,96,mage,frost,12,1,11
20105,Icemaker,destromath,95,mage,frost,18,1,17
20106,Notria,illidan,79,mage,frost,5,1,4
20107,Spellsurg,malganis,79,mage,frost,5,1,4
20108,Ventiarcana,area-52,79,mage,frost,5,1,4
20109,Buckybever,illidan,79,mage,frost,11,1,10
20110,Frostybihh,bonechewer,64,mage,frost,4,1,3
20111,Unclekyle,skullcrusher,48,mage,frost,3,1,2
20112,Lv,stormscale,48,mage,frost,9,1,8
20113,Kushjointz,tichondrius,42,mage,frost,11,3,8
20114,Fizzlepops,kiljaeden,31,mage,frost,2,1,1
20115,Dãnwun,tichondrius,2284,monk,mistweaver,102,63,39
20116,Sharkpiggie,illidan,2283,monk,mistweaver,102,66,36
20117,Meepmonk,tichondrius,2283,monk,mistweaver,102,64,38
20118,Dannycarey,tichondrius,2278,monk,mistweaver,78,55,23
20119,Garbagemonk,scilla,2277,monk,mistweaver,191,120,71
20120,Woezx,stormreaver,2264,monk,mistweaver,68,47,21
20121,Mysticallx,sargeras,2259,monk,mistweaver,84,53,31
20122,Sharkpiglet,illidan,2249,monk,mistweaver,96,60,36
20123,Boogstyle,malganis,2245,monk,mistweaver,136,79,57
20124,Linlol,tichondrius,2240,monk,mistweaver,472,274,198
20125,Mãsterpõ,tichondrius,2227,monk,mistweaver,313,170,143
20126,Weavied,sargeras,2215,monk,mistweaver,156,84,72
20127,Zenjj,thorium-brotherhood,2211,monk,mistweaver,158,92,66
20128,Raddxd,illidan,2202,monk,mistweaver,89,58,31
20129,Jep,tichondrius,2190,monk,mistweaver,138,88,50
20130,Hernameplz,proudmoore,2179,monk,mistweaver,117,64,53
20131,Ðrägønéyèz,malygos,2168,monk,mistweaver,211,119,92
20132,Cool,crushridge,2167,monk,mistweaver,126,75,51
20133,Dowsk,tichondrius,2162,monk,mistweaver,105,63,42
20134,Idiotgriefer,tichondrius,2160,monk,mistweaver,78,48,30
20135,Vaen,kelthuzad,2156,monk,mistweaver,96,57,39
20136,Emoeres,kelthuzad,2151,monk,mistweaver,104,55,49
20137,Flarks,area-52,2151,monk,mistweaver,155,80,75
20138,Oliveirarr,tichondrius,2150,monk,mistweaver,144,81,63
20139,Moonym,nagrand,2144,monk,mistweaver,80,48,32
20140,Oblivæon,tichondrius,2143,monk,mistweaver,72,45,27
20141,Sloppyroppy,tichondrius,2143,monk,mistweaver,107,62,45
20142,Dro,khadgar,2141,monk,mistweaver,66,39,27
20143,Moremoretea,tichondrius,2140,monk,mistweaver,87,53,34
20144,Illify,tichondrius,2139,monk,mistweaver,66,52,14
20145,Cuteballs,tichondrius,2138,monk,mistweaver,81,50,31
20146,Oldmanswirl,mugthol,2137,monk,mistweaver,84,50,34
20147,Crunchyrollx,tichondrius,2135,monk,mistweaver,66,49,17
20148,Xeus,darkspear,2133,monk,mistweaver,60,38,22
20149,Jetnoob,sargeras,2132,monk,mistweaver,120,66,54
20150,Parodies,illidan,2131,monk,mistweaver,103,53,50
20151,Woggitie,jubeithos,2129,monk,mistweaver,68,45,23
20152,Igriefidiots,tichondrius,2129,monk,mistweaver,71,40,31
20153,Ringofpeace,sargeras,2128,monk,mistweaver,60,40,20
20154,Griefgodx,tichondrius,2127,monk,mistweaver,88,49,39
20155,Wheatsli,malganis,2126,monk,mistweaver,138,81,57
20156,Vaemonka,stormrage,2123,monk,mistweaver,201,120,81
20157,Babyfaceqt,skullcrusher,2123,monk,mistweaver,184,103,81
20158,Canghaigg,tichondrius,2122,monk,mistweaver,150,94,56
20159,Purgenm,tichondrius,2122,monk,mistweaver,90,52,38
20160,Secdog,tichondrius,2118,monk,mistweaver,84,44,40
20161,Nfm,cairne,2117,monk,mistweaver,209,119,90
20162,Kicub,emerald-dream,2115,monk,mistweaver,84,44,40
20163,Itzokinlol,malganis,2113,monk,mistweaver,114,70,44
20164,Firewatches,emerald-dream,2113,monk,mistweaver,72,42,30
20165,Akiramenaide,tichondrius,2112,monk,mistweaver,60,43,17
20166,Tekuto,tichondrius,2112,monk,mistweaver,174,109,65
20167,Moldboy,area-52,2112,monk,mistweaver,75,45,30
20168,Akkiira,sargeras,2112,monk,mistweaver,72,42,30
20169,Hydroz,dethecus,2112,monk,mistweaver,95,55,40
20170,Nezly,sargeras,2112,monk,mistweaver,138,71,67
20171,Sintifissti,sargeras,2111,monk,mistweaver,62,41,21
20172,Wolf,shattered-hand,2111,monk,mistweaver,60,36,24
20173,Yangroumo,tichondrius,2110,monk,mistweaver,131,78,53
20174,Gsdfjskpx,sargeras,2107,monk,mistweaver,306,165,141
20175,Drdabz,illidan,2105,monk,mistweaver,60,35,25
20176,Gameníne,tichondrius,2103,monk,mistweaver,72,42,30
20177,Waggìes,moon-guard,2101,monk,mistweaver,83,50,33
20178,Melonmuncher,duskwood,2101,monk,mistweaver,135,79,56
20179,Heywhatsup,emerald-dream,2097,monk,mistweaver,102,50,52
20180,Furiousfrank,stormrage,2094,monk,mistweaver,66,42,24
20181,Zuhak,tichondrius,2094,monk,mistweaver,78,45,33
20182,Proghouse,illidan,2089,monk,mistweaver,90,47,43
20183,Vramonk,area-52,2081,monk,mistweaver,109,59,50
20184,Yogapantsx,nerzhul,2079,monk,mistweaver,68,37,31
20185,Gabîmaru,area-52,2065,monk,mistweaver,165,98,67
20186,Drracaryss,sargeras,2060,monk,mistweaver,203,125,78
20187,Natalié,caelestrasz,2060,monk,mistweaver,90,54,36
20188,Strugglebus,sargeras,2056,monk,mistweaver,42,31,11
20189,Glqjkglbfgdl,zuljin,2053,monk,mistweaver,156,86,70
20190,Timermørk,kalecgos,2050,monk,mistweaver,133,80,53
20191,Huaren,tichondrius,2048,monk,mistweaver,137,78,59
20192,Breadweaver,malganis,2046,monk,mistweaver,96,47,49
20193,Wagfu,moon-guard,2045,monk,mistweaver,70,40,30
20194,Chadweave,moon-guard,2040,monk,mistweaver,339,182,157
20195,Praggers,proudmoore,2039,monk,mistweaver,151,77,74
20196,Jakethegreat,moknathal,2033,monk,mistweaver,205,120,85
20197,Nohandslost,blackrock,2033,monk,mistweaver,206,103,103
20198,Elvenmonk,frostmane,2032,monk,mistweaver,66,41,25
20199,Réðçräñé,sargeras,2031,monk,mistweaver,54,36,18
20200,Fizzlefarmer,moon-guard,2031,monk,mistweaver,89,54,35
20201,Morzmyth,nemesis,2031,monk,mistweaver,202,107,95
20202,Millé,frostmourne,2025,monk,mistweaver,60,36,24
20203,Michæ,ragnaros,2025,monk,mistweaver,249,144,105
20204,Zhoku,tichondrius,2020,monk,mistweaver,58,34,24
20205,Taichí,tichondrius,2020,monk,mistweaver,107,60,47
20206,Originull,darkspear,2020,monk,mistweaver,107,58,49
20207,Triixxy,thrall,2018,monk,mistweaver,101,64,37
20208,Xdfu,stormrage,2015,monk,mistweaver,119,73,46
20209,Mcoos,tichondrius,2011,monk,mistweaver,186,112,74
20210,Punchgodx,greymane,2010,monk,mistweaver,78,46,32
20211,Brazfu,skullcrusher,2008,monk,mistweaver,135,79,56
20212,Kris,llane,2004,monk,mistweaver,95,55,40
20213,Thèwy,tichondrius,2003,monk,mistweaver,59,37,22
20214,Ccain,stormrage,2002,monk,mistweaver,73,41,32
20215,Físterxd,bleeding-hollow,2001,monk,mistweaver,264,144,120
20216,Voidstate,stormrage,2001,monk,mistweaver,131,71,60
20217,Leetcoder,tichondrius,2000,monk,mistweaver,195,120,75
20218,Sypìì,stormrage,2000,monk,mistweaver,108,58,50
20219,Àvríam,stormrage,1999,monk,mistweaver,113,54,59
20220,Orbgodx,darkspear,1996,monk,mistweaver,66,39,27
20221,Taeeun,tichondrius,1994,monk,mistweaver,57,38,19
20222,Tyrfan,sargeras,1994,monk,mistweaver,154,84,70
20223,Ezqueue,area-52,1992,monk,mistweaver,36,27,9
20224,Bhoredom,kiljaeden,1992,monk,mistweaver,146,80,66
20225,Sevymonk,stormrage,1990,monk,mistweaver,102,62,40
20226,Thet,sargeras,1989,monk,mistweaver,177,90,87
20227,Wingchungus,sargeras,1987,monk,mistweaver,42,30,12
20228,Jiwå,terenas,1985,monk,mistweaver,648,328,320
20229,Canghaimonk,tichondrius,1984,monk,mistweaver,107,54,53
20230,Danarolls,spirestone,1982,monk,mistweaver,83,40,43
20231,Nesoween,tichondrius,1979,monk,mistweaver,110,65,45
20232,Bungfist,stormrage,1977,monk,mistweaver,35,25,10
20233,Vinnyd,tichondrius,1976,monk,mistweaver,39,27,12
20234,Benneroy,moon-guard,1976,monk,mistweaver,36,24,12
20235,Meepmonk,kilrogg,1975,monk,mistweaver,51,27,24
20236,Martiálfarts,malganis,1973,monk,mistweaver,42,30,12
20237,Xcrispy,scilla,1969,monk,mistweaver,67,43,24
20238,Liltuna,icecrown,1968,monk,mistweaver,42,26,16
20239,Heha,tichondrius,1966,monk,mistweaver,346,176,170
20240,Assez,tichondrius,1966,monk,mistweaver,74,37,37
20241,Sqmw,tichondrius,1965,monk,mistweaver,48,32,16
20242,Actualcrime,tichondrius,1965,monk,mistweaver,60,33,27
20243,Pragma,kiljaeden,1964,monk,mistweaver,66,37,29
20244,Venfuki,tichondrius,1963,monk,mistweaver,60,35,25
20245,Shlunks,illidan,1960,monk,mistweaver,267,155,112
20246,Nuriva,tichondrius,1956,monk,mistweaver,82,58,24
20247,Wetchickennz,tichondrius,1955,monk,mistweaver,148,84,64
20248,Speedcapped,area-52,1954,monk,mistweaver,138,67,71
20249,Hafezassad,illidan,1954,monk,mistweaver,48,23,25
20250,Swurvex,bleeding-hollow,1953,monk,mistweaver,72,34,38
20251,Qtmonk,emerald-dream,1950,monk,mistweaver,159,93,66
20252,Vongg,tichondrius,1950,monk,mistweaver,66,36,30
20253,Zamist,sargeras,1949,monk,mistweaver,84,52,32
20254,Nakedidiot,kelthuzad,1948,monk,mistweaver,60,39,21
20255,Poscom,tichondrius,1944,monk,mistweaver,155,104,51
20256,Stinkycok,tichondrius,1944,monk,mistweaver,60,34,26
20257,Grif,nazjatar,1942,monk,mistweaver,207,108,99
20258,Yasysy,tichondrius,1938,monk,mistweaver,42,25,17
20259,Ilovekok,sargeras,1933,monk,mistweaver,84,64,20
20260,Xzeer,illidan,1933,monk,mistweaver,53,36,17
20261,Brews,black-dragonflight,1933,monk,mistweaver,103,55,48
20262,Zaqqari,wyrmrest-accord,1931,monk,mistweaver,77,40,37
20263,Beez,balnazzar,1931,monk,mistweaver,69,35,34
20264,Stepfistz,aegwynn,1930,monk,mistweaver,154,90,64
20265,Crypomunkz,malganis,1929,monk,mistweaver,53,32,21
20266,Mixon,archimonde,1927,monk,mistweaver,36,25,11
20267,Pandacottoco,azralon,1924,monk,mistweaver,78,44,34
20268,Carzzy,sargeras,1923,monk,mistweaver,47,29,18
20269,Imdabes,velen,1923,monk,mistweaver,72,39,33
20270,Postmark,tichondrius,1922,monk,mistweaver,60,34,26
20271,Vethosis,illidan,1921,monk,mistweaver,43,27,16
20272,Lmhs,tichondrius,1920,monk,mistweaver,54,32,22
20273,Ònó,quelthalas,1919,monk,mistweaver,67,39,28
20274,Brewsome,bloodhoof,1919,monk,mistweaver,82,43,39
20275,Lodbork,tichondrius,1917,monk,mistweaver,72,45,27
20276,Soprà,zuljin,1914,monk,mistweaver,63,39,24
20277,Kansú,ragnaros,1913,monk,mistweaver,100,53,47
20278,Rokkon,sargeras,1912,monk,mistweaver,96,55,41
20279,Abellmonk,tichondrius,1910,monk,mistweaver,203,117,86
20280,Paperfist,stormrage,1906,monk,mistweaver,126,87,39
20281,Neuron,spirestone,1906,monk,mistweaver,44,23,21
20282,Basedbuck,dalaran,1904,monk,mistweaver,36,23,13
20283,Mavvi,tichondrius,1904,monk,mistweaver,140,77,63
20284,Lexxbtw,thrall,1903,monk,mistweaver,148,84,64
20285,Qup,lightbringer,1902,monk,mistweaver,114,76,38
20286,Liteup,smolderthorn,1902,monk,mistweaver,450,229,221
20287,Sillyguy,stormrage,1901,monk,mistweaver,107,69,38
20288,Aegea,illidan,1901,monk,mistweaver,67,37,30
20289,Cardrik,thrall,1901,monk,mistweaver,149,79,70
20290,Toyotasupra,emerald-dream,1898,monk,mistweaver,72,46,26
20291,Friendshipx,emerald-dream,1896,monk,mistweaver,30,24,6
20292,Watersheep,darkspear,1896,monk,mistweaver,72,38,34
20293,Fenriranger,tichondrius,1895,monk,mistweaver,155,97,58
20294,Worldhopperx,area-52,1894,monk,mistweaver,89,57,32
20295,Kristië,stormrage,1891,monk,mistweaver,42,30,12
20296,Hawainpunch,stormscale,1890,monk,mistweaver,54,33,21
20297,Monktease,tichondrius,1890,monk,mistweaver,96,50,46
20298,Suamw,tichondrius,1888,monk,mistweaver,115,55,60
20299,Wrxx,kelthuzad,1886,monk,mistweaver,352,174,178
20300,Zengriff,ysondre,1885,monk,mistweaver,72,44,28
20301,Ekn,tichondrius,1883,monk,mistweaver,54,35,19
20302,Poppinbrews,thrall,1880,monk,mistweaver,46,27,19
20303,Zeçe,tichondrius,1879,monk,mistweaver,36,23,13
20304,Suhjoon,bleeding-hollow,1878,monk,mistweaver,160,80,80
20305,Timbomist,kelthuzad,1877,monk,mistweaver,74,42,32
20306,Toozmania,stormrage,1876,monk,mistweaver,52,31,21
20307,Gentleuncle,tichondrius,1874,monk,mistweaver,137,80,57
20308,Sifu,bleeding-hollow,1873,monk,mistweaver,59,36,23
20309,Discurzed,barthilas,1873,monk,mistweaver,175,99,76
20310,Spicyx,kiljaeden,1871,monk,mistweaver,30,24,6
20311,Spook,kalecgos,1871,monk,mistweaver,67,44,23
20312,Canadá,bleeding-hollow,1869,monk,mistweaver,54,37,17
20313,Robocto,area-52,1869,monk,mistweaver,102,61,41
20314,Shùù,tichondrius,1866,monk,mistweaver,65,37,28
20315,Dalillama,stormreaver,1865,monk,mistweaver,48,31,17
20316,Logtich,moon-guard,1864,monk,mistweaver,78,42,36
20317,Ileffsinll,illidan,1863,monk,mistweaver,113,64,49
20318,Søpra,zuljin,1861,monk,mistweaver,126,74,52
20319,Dancah,eitrigg,1861,monk,mistweaver,41,22,19
20320,Papermade,barthilas,1860,monk,mistweaver,48,26,22
20321,Quitw,tichondrius,1859,monk,mistweaver,61,32,29
20322,Cmonktwo,turalyon,1858,monk,mistweaver,54,31,23
20323,Sevenmonk,tichondrius,1857,monk,mistweaver,54,36,18
20324,Tokol,tichondrius,1857,monk,mistweaver,168,90,78
20325,Wpola,tichondrius,1856,monk,mistweaver,48,31,17
20326,Keshir,sargeras,1856,monk,mistweaver,93,60,33
20327,Esqu,sargeras,1856,monk,mistweaver,36,22,14
20328,Cmonk,turalyon,1856,monk,mistweaver,40,24,16
20329,Threefanandy,kelthuzad,1855,monk,mistweaver,36,23,13
20330,Cbrewfeaver,malganis,1855,monk,mistweaver,54,31,23
20331,Piilsburry,sargeras,1855,monk,mistweaver,48,26,22
20332,Okchat,emerald-dream,1854,monk,mistweaver,155,94,61
20333,Slunka,tichondrius,1854,monk,mistweaver,48,27,21
20334,Chimme,skywall,1853,monk,mistweaver,48,31,17
20335,Shad,frostmourne,1853,monk,mistweaver,102,58,44
20336,Zdeg,tichondrius,1852,monk,mistweaver,51,28,23
20337,Senseipwnda,stormrage,1851,monk,mistweaver,77,46,31
20338,Velzarria,zuljin,1850,monk,mistweaver,48,32,16
20339,Fluval,moon-guard,1850,monk,mistweaver,71,47,24
20340,Celerein,illidan,1850,monk,mistweaver,112,60,52
20341,Bootÿmagic,tichondrius,1849,monk,mistweaver,126,83,43
20342,Damogen,spinebreaker,1849,monk,mistweaver,54,28,26
20343,Zipmw,tichondrius,1848,monk,mistweaver,66,36,30
20344,Proxy,ragnaros,1846,monk,mistweaver,46,31,15
20345,Tonyboloney,tichondrius,1845,monk,mistweaver,42,25,17
20346,Wizlee,tichondrius,1845,monk,mistweaver,60,34,26
20347,Dampdampdamp,tichondrius,1844,monk,mistweaver,24,20,4
20348,Fîstweave,emerald-dream,1844,monk,mistweaver,77,45,32
20349,Yujiro,draktharon,1843,monk,mistweaver,36,23,13
20350,Dwánesan,tichondrius,1843,monk,mistweaver,72,44,28
20351,Crabfest,zuljin,1843,monk,mistweaver,60,35,25
20352,Sniffinsteak,laughing-skull,1842,monk,mistweaver,36,29,7
20353,Proventos,azralon,1842,monk,mistweaver,318,178,140
20354,Xinergy,illidan,1840,monk,mistweaver,98,65,33
20355,Stonemists,ragnaros,1840,monk,mistweaver,71,43,28
20356,Fingies,whisperwind,1838,monk,mistweaver,60,36,24
20357,Caffeinated,barthilas,1838,monk,mistweaver,274,135,139
20358,Nabunaga,illidan,1837,monk,mistweaver,42,34,8
20359,Hinåta,thrall,1837,monk,mistweaver,40,26,14
20360,Baychiz,sargeras,1837,monk,mistweaver,42,25,17
20361,Irraeine,malganis,1836,monk,mistweaver,48,31,17
20362,Itspoils,illidan,1835,monk,mistweaver,73,53,20
20363,Zuhakmw,tichondrius,1835,monk,mistweaver,130,60,70
20364,Zarenki,tichondrius,1835,monk,mistweaver,73,33,40
20365,Spacebar,ysondre,1834,monk,mistweaver,54,31,23
20366,Blackoutmonk,stormreaver,1833,monk,mistweaver,131,80,51
20367,Harkwind,azralon,1833,monk,mistweaver,187,108,79
20368,Gogumamonk,tichondrius,1833,monk,mistweaver,48,24,24
20369,Guarantee,tichondrius,1832,monk,mistweaver,182,102,80
20370,Cmonkey,turalyon,1831,monk,mistweaver,48,31,17
20371,Nilox,sargeras,1831,monk,mistweaver,138,72,66
20372,Elesm,area-52,1831,monk,mistweaver,96,41,55
20373,Aviee,illidan,1830,monk,mistweaver,180,83,97
20374,Chonmist,darkspear,1829,monk,mistweaver,92,60,32
20375,Drunkenfist,chogall,1829,monk,mistweaver,71,32,39
20376,Itsbald,bleeding-hollow,1828,monk,mistweaver,54,35,19
20377,Tirionx,area-52,1828,monk,mistweaver,215,125,90
20378,Qxt,tichondrius,1828,monk,mistweaver,76,44,32
20379,Jtea,malganis,1827,monk,mistweaver,29,20,9
20380,Baoma,tichondrius,1827,monk,mistweaver,95,55,40
20381,Monklike,illidan,1827,monk,mistweaver,60,30,30
20382,Wigglygiggly,mannoroth,1826,monk,mistweaver,113,64,49
20383,Macrobrewski,tichondrius,1825,monk,mistweaver,41,32,9
20384,Youstop,stormrage,1825,monk,mistweaver,78,50,28
20385,Jackouse,frostmourne,1824,monk,mistweaver,50,31,19
20386,Hugdealer,warsong,1823,monk,mistweaver,80,47,33
20387,Gtmdyjs,illidan,1822,monk,mistweaver,29,20,9
20388,Jojostar,shadowsong,1822,monk,mistweaver,54,32,22
20389,Zenchi,kelthuzad,1821,monk,mistweaver,36,26,10
20390,Tazi,chromaggus,1821,monk,mistweaver,84,50,34
20391,Mackiechan,kelthuzad,1821,monk,mistweaver,134,77,57
20392,Voltio,frostmane,1820,monk,mistweaver,103,68,35
20393,Chaddington,malorne,1820,monk,mistweaver,48,30,18
20394,Barelroll,proudmoore,1819,monk,mistweaver,122,83,39
20395,Monknutt,tichondrius,1819,monk,mistweaver,56,32,24
20396,Ilovefrogs,stormrage,1819,monk,mistweaver,60,30,30
20397,Malibrew,proudmoore,1817,monk,mistweaver,42,29,13
20398,Deathsteel,emerald-dream,1817,monk,mistweaver,41,25,16
20399,Fistinator,blackrock,1817,monk,mistweaver,120,71,49
20400,Toxicbeans,tichondrius,1817,monk,mistweaver,100,58,42
20401,Rektral,ragnaros,1817,monk,mistweaver,127,73,54
20402,Oppsimop,frostmourne,1817,monk,mistweaver,102,55,47
20403,Ándi,barthilas,1817,monk,mistweaver,53,28,25
20404,Bubblepony,illidan,1817,monk,mistweaver,313,164,149
20405,Chaihard,sargeras,1816,monk,mistweaver,45,25,20
20406,Yobeel,tichondrius,1816,monk,mistweaver,54,23,31
20407,Xhilong,quelthalas,1815,monk,mistweaver,48,28,20
20408,Mð,vashj,1815,monk,mistweaver,229,119,110
20409,Phunkymonkey,mannoroth,1814,monk,mistweaver,90,50,40
20410,Miley,lethon,1812,monk,mistweaver,36,23,13
20411,Intra,exodar,1812,monk,mistweaver,150,79,71
20412,Takugava,illidan,1811,monk,mistweaver,90,62,28
20413,Mistpump,tichondrius,1811,monk,mistweaver,48,26,22
20414,Cangry,area-52,1809,monk,mistweaver,60,31,29
20415,Epî,tichondrius,1809,monk,mistweaver,312,155,157
20416,Phattea,thrall,1808,monk,mistweaver,48,31,17
20417,Manggi,tichondrius,1808,monk,mistweaver,139,87,52
20418,Jiskweaver,sargeras,1808,monk,mistweaver,36,22,14
20419,Djkungfu,thrall,1808,monk,mistweaver,156,95,61
20420,Enfold,stormrage,1808,monk,mistweaver,48,26,22
20421,Yokuu,thunderlord,1808,monk,mistweaver,54,29,25
20422,Jaja,kiljaeden,1807,monk,mistweaver,48,28,20
20423,Abeldra,moon-guard,1807,monk,mistweaver,82,42,40
20424,Sayflight,tichondrius,1807,monk,mistweaver,72,31,41
20425,Itdreams,illidan,1806,monk,mistweaver,42,25,17
20426,Taekwonscro,proudmoore,1806,monk,mistweaver,54,30,24
20427,Timed,shuhalo,1806,monk,mistweaver,49,26,23
20428,Shiinobi,area-52,1806,monk,mistweaver,140,74,66
20429,Astrino,zuljin,1805,monk,mistweaver,42,29,13
20430,Chimaekrush,tichondrius,1805,monk,mistweaver,36,24,12
20431,Crispeel,tichondrius,1805,monk,mistweaver,54,33,21
20432,Briàr,area-52,1805,monk,mistweaver,48,27,21
20433,Strongmandan,twisting-nether,1805,monk,mistweaver,42,23,19
20434,Onlyfansx,ragnaros,1805,monk,mistweaver,256,139,117
20435,Cenfu,malganis,1805,monk,mistweaver,72,29,43
20436,Imdabes,destromath,1804,monk,mistweaver,87,38,49
20437,Vrieden,illidan,1804,monk,mistweaver,99,42,57
20438,Zundor,ghostlands,1802,monk,mistweaver,32,25,7
20439,Zenno,darkspear,1802,monk,mistweaver,51,31,20
20440,Kungfoocious,tichondrius,1802,monk,mistweaver,57,33,24
20441,Ojarax,bleeding-hollow,1802,monk,mistweaver,60,34,26
20442,ßullsack,barthilas,1802,monk,mistweaver,108,57,51
20443,Mixflo,bleeding-hollow,1802,monk,mistweaver,39,20,19
20444,Wootzhu,zuljin,1802,monk,mistweaver,122,62,60
20445,Séthrogèn,tichondrius,1801,monk,mistweaver,47,30,17
20446,Mistweave,aerie-peak,1801,monk,mistweaver,54,34,20
20447,Vanmonk,eonar,1801,monk,mistweaver,54,33,21
20448,Squalicorax,area-52,1801,monk,mistweaver,47,24,23
20449,Jiucho,dalaran,1800,monk,mistweaver,35,23,12
20450,Exuperjun,emerald-dream,1800,monk,mistweaver,46,26,20
20451,Mekawa,gurubashi,1799,monk,mistweaver,40,26,14
20452,Tiptea,stormrage,1799,monk,mistweaver,42,23,19
20453,Battlecruise,tichondrius,1798,monk,mistweaver,30,20,10
20454,Femalejam,darkspear,1798,monk,mistweaver,66,40,26
20455,Toonington,sargeras,1797,monk,mistweaver,57,39,18
20456,Karatechawp,bleeding-hollow,1795,monk,mistweaver,58,41,17
20457,Vamplyyz,kelthuzad,1794,monk,mistweaver,54,29,25
20458,Swoleypoley,tichondrius,1794,monk,mistweaver,54,29,25
20459,Cromulent,saurfang,1792,monk,mistweaver,134,70,64
20460,Zukki,zuljin,1791,monk,mistweaver,166,87,79
20461,Valhira,kiljaeden,1787,monk,mistweaver,78,45,33
20462,Chadmw,illidan,1786,monk,mistweaver,36,28,8
20463,Milkshayx,kiljaeden,1786,monk,mistweaver,30,19,11
20464,Roypoker,illidan,1785,monk,mistweaver,48,34,14
20465,Rexfiend,tichondrius,1782,monk,mistweaver,24,19,5
20466,Triarcs,area-52,1781,monk,mistweaver,36,24,12
20467,Hepp,stormrage,1781,monk,mistweaver,54,35,19
20468,Ttvchickchau,tichondrius,1779,monk,mistweaver,125,75,50
20469,Coomweaver,stormrage,1778,monk,mistweaver,42,22,20
20470,Veejaex,stormreaver,1774,monk,mistweaver,33,24,9
20471,Lgee,kelthuzad,1774,monk,mistweaver,30,19,11
20472,Bickli,tichondrius,1774,monk,mistweaver,51,28,23
20473,Qarmax,azralon,1772,monk,mistweaver,41,23,18
20474,Turbokíll,proudmoore,1771,monk,mistweaver,42,26,16
20475,Copula,illidan,1770,monk,mistweaver,296,150,146
20476,Akkiraa,sargeras,1769,monk,mistweaver,36,23,13
20477,Trackstarx,area-52,1767,monk,mistweaver,30,25,5
20478,Daito,jubeithos,1767,monk,mistweaver,110,62,48
20479,Cyrøwø,ragnaros,1765,monk,mistweaver,36,27,9
20480,Iknwmyname,proudmoore,1764,monk,mistweaver,29,23,6
20481,Iightning,dentarg,1762,monk,mistweaver,66,40,26
20482,Jayvex,illidan,1762,monk,mistweaver,72,37,35
20483,Dræmwalker,malygos,1761,monk,mistweaver,705,352,353
20484,Beerflow,stormrage,1760,monk,mistweaver,118,61,57
20485,Mikamonk,illidan,1755,monk,mistweaver,75,45,30
20486,Monkeymonk,eonar,1755,monk,mistweaver,36,19,17
20487,Rîce,burning-blade,1754,monk,mistweaver,42,29,13
20488,Boomtac,moon-guard,1754,monk,mistweaver,92,55,37
20489,Rokk,rivendare,1754,monk,mistweaver,78,44,34
20490,Onecoolmonk,tichondrius,1753,monk,mistweaver,45,31,14
20491,Grabbitz,kelthuzad,1751,monk,mistweaver,42,27,15
20492,Vernki,laughing-skull,1751,monk,mistweaver,71,43,28
20493,Bouncycheeks,frostmourne,1751,monk,mistweaver,90,50,40
20494,Lovehate,zuljin,1751,monk,mistweaver,77,39,38
20495,Spinharder,stormrage,1750,monk,mistweaver,65,38,27
20496,Ensaymada,frostmourne,1750,monk,mistweaver,138,71,67
20497,Callmekoldi,dalaran,1748,monk,mistweaver,93,52,41
20498,Gamesuxlol,the-underbog,1747,monk,mistweaver,96,55,41
20499,Tippity,stormrage,1746,monk,mistweaver,37,24,13
20500,Gramazen,tichondrius,1746,monk,mistweaver,72,39,33
20501,Bebuu,proudmoore,1744,monk,mistweaver,65,44,21
20502,Grublord,stormrage,1744,monk,mistweaver,53,27,26
20503,Mxf,tichondrius,1743,monk,mistweaver,36,23,13
20504,Cystweaver,dalaran,1743,monk,mistweaver,71,45,26
20505,Mistpowaz,stormrage,1742,monk,mistweaver,143,84,59
20506,Baittor,proudmoore,1741,monk,mistweaver,56,36,20
20507,Monkeyhealz,tichondrius,1741,monk,mistweaver,179,102,77
20508,Tyforprecog,kelthuzad,1739,monk,mistweaver,54,33,21
20509,Yepcocc,lightbringer,1739,monk,mistweaver,41,24,17
20510,Bobbytheorc,tichondrius,1738,monk,mistweaver,35,21,14
20511,Confa,ragnaros,1738,monk,mistweaver,202,92,110
20512,Soö,tichondrius,1737,monk,mistweaver,48,25,23
20513,Ichiros,cenarion-circle,1736,monk,mistweaver,310,175,135
20514,Decompress,illidan,1734,monk,mistweaver,93,55,38
20515,Antriai,icecrown,1734,monk,mistweaver,60,26,34
20516,Sleeks,bonechewer,1733,monk,mistweaver,114,64,50
20517,Pichau,zuljin,1732,monk,mistweaver,51,31,20
20518,Ricearolli,area-52,1731,monk,mistweaver,36,26,10
20519,Lasagnacàt,moon-guard,1731,monk,mistweaver,180,105,75
20520,Gummycat,bonechewer,1729,monk,mistweaver,204,107,97
20521,Fistofchanny,tichondrius,1725,monk,mistweaver,104,57,47
20522,Ajizzaÿ,saurfang,1725,monk,mistweaver,92,46,46
20523,Pp,icecrown,1724,monk,mistweaver,43,38,5
20524,Flavier,illidan,1724,monk,mistweaver,48,25,23
20525,Smoovhoov,kiljaeden,1723,monk,mistweaver,30,19,11
20526,Supbro,hyjal,1723,monk,mistweaver,30,18,12
20527,Smallboots,area-52,1722,monk,mistweaver,30,24,6
20528,Steelcase,frostmourne,1722,monk,mistweaver,47,26,21
20529,Igaku,windrunner,1721,monk,mistweaver,54,33,21
20530,Kawali,thrall,1721,monk,mistweaver,96,53,43
20531,Ðescubra,stormrage,1721,monk,mistweaver,80,44,36
20532,Roogymw,emerald-dream,1720,monk,mistweaver,88,49,39
20533,Moushindeiru,sargeras,1719,monk,mistweaver,42,35,7
20534,Calvana,tichondrius,1719,monk,mistweaver,143,63,80
20535,Sixesm,dalaran,1717,monk,mistweaver,48,25,23
20536,Monkyou,area-52,1717,monk,mistweaver,54,26,28
20537,Joonbug,moonrunner,1715,monk,mistweaver,83,47,36
20538,Alexìn,sargeras,1712,monk,mistweaver,79,50,29
20539,Inalambrico,quelthalas,1712,monk,mistweaver,36,22,14
20540,Alphamist,thrall,1711,monk,mistweaver,30,18,12
20541,Onepunçhman,stormreaver,1711,monk,mistweaver,232,128,104
20542,Buhmonk,thrall,1710,monk,mistweaver,60,34,26
20543,Noremaç,frostmourne,1709,monk,mistweaver,36,21,15
20544,Gauche,arygos,1709,monk,mistweaver,168,88,80
20545,Betasquadxd,bleeding-hollow,1707,monk,mistweaver,43,25,18
20546,Gundamfish,tichondrius,1707,monk,mistweaver,42,22,20
20547,Kharazim,skullcrusher,1707,monk,mistweaver,102,47,55
20548,Meâghân,bladefist,1705,monk,mistweaver,27,19,8
20549,Misthealz,black-dragonflight,1705,monk,mistweaver,89,57,32
20550,Gnappyy,tichondrius,1705,monk,mistweaver,30,18,12
20551,Knuqz,stormrage,1705,monk,mistweaver,36,18,18
20552,Røllitup,illidan,1704,monk,mistweaver,54,34,20
20553,Bouncymoo,frostmourne,1704,monk,mistweaver,30,18,12
20554,Yamatoqt,frostmourne,1704,monk,mistweaver,60,35,25
20555,Omihli,sargeras,1704,monk,mistweaver,48,28,20
20556,Whaes,thrall,1704,monk,mistweaver,36,21,15
20557,Bloodyxmonk,firetree,1704,monk,mistweaver,55,31,24
20558,Spot,kelthuzad,1704,monk,mistweaver,48,24,24
20559,Kynalla,thunderlord,1703,monk,mistweaver,30,18,12
20560,Lilsloptop,moon-guard,1701,monk,mistweaver,155,95,60
20561,Monjimen,ragnaros,1701,monk,mistweaver,323,169,154
20562,Sparksgamer,ragnaros,1701,monk,mistweaver,36,18,18
20563,Badonkadonk,kiljaeden,1701,monk,mistweaver,66,27,39
20564,Hansul,tichondrius,1700,monk,mistweaver,83,38,45
20565,Starçandy,tichondrius,1699,monk,mistweaver,120,62,58
20566,Snuggubae,moon-guard,1698,monk,mistweaver,138,71,67
20567,Ellesig,ragnaros,1698,monk,mistweaver,214,110,104
20568,Zilph,malganis,1697,monk,mistweaver,36,22,14
20569,Suppfastlol,nemesis,1697,monk,mistweaver,54,30,24
20570,Mexii,hellscream,1697,monk,mistweaver,247,119,128
20571,Krömbopulos,magtheridon,1696,monk,mistweaver,36,24,12
20572,Donnieyen,area-52,1696,monk,mistweaver,60,33,27
20573,Rizzdriver,moon-guard,1694,monk,mistweaver,60,37,23
20574,Zawlp,sargeras,1693,monk,mistweaver,62,37,25
20575,Kênpächi,rexxar,1693,monk,mistweaver,39,21,18
20576,Gellindra,malganis,1692,monk,mistweaver,30,22,8
20577,Jaige,illidan,1692,monk,mistweaver,30,18,12
20578,Greenstar,bleeding-hollow,1692,monk,mistweaver,181,97,84
20579,Florla,illidan,1692,monk,mistweaver,46,24,22
20580,Anandamayi,emerald-dream,1691,monk,mistweaver,48,27,21
20581,Linsey,frostmourne,1691,monk,mistweaver,36,20,16
20582,Jiubak,dalaran,1691,monk,mistweaver,48,26,22
20583,Suntzulml,quelthalas,1691,monk,mistweaver,118,62,56
20584,Teewin,area-52,1690,monk,mistweaver,89,61,28
20585,Mariabaraks,darkspear,1690,monk,mistweaver,102,56,46
20586,Greenbrews,area-52,1690,monk,mistweaver,192,100,92
20587,Mymissteak,darkspear,1689,monk,mistweaver,85,54,31
20588,Gujunpyó,sargeras,1688,monk,mistweaver,78,48,30
20589,Hyori,saurfang,1688,monk,mistweaver,42,23,19
20590,Integrity,durotan,1688,monk,mistweaver,196,103,93
20591,Goldenfoot,tichondrius,1687,monk,mistweaver,110,59,51
20592,Bromonster,zuljin,1687,monk,mistweaver,36,18,18
20593,Cohenn,tichondrius,1686,monk,mistweaver,24,18,6
20594,Botweaver,proudmoore,1686,monk,mistweaver,80,45,35
20595,Spencere,hyjal,1686,monk,mistweaver,84,44,40
20596,Unclety,tichondrius,1685,monk,mistweaver,42,24,18
20597,Alternatives,sargeras,1684,monk,mistweaver,24,18,6
20598,Ropturttlê,tichondrius,1684,monk,mistweaver,36,24,12
20599,Tazermw,sargeras,1684,monk,mistweaver,68,41,27
20600,Hogarg,emerald-dream,1684,monk,mistweaver,36,21,15
20601,Doomstroller,aegwynn,1684,monk,mistweaver,177,91,86
20602,Versachi,stormreaver,1683,monk,mistweaver,111,62,49
20603,Cherep,kiljaeden,1683,monk,mistweaver,99,53,46
20604,Vïolët,moon-guard,1682,monk,mistweaver,213,124,89
20605,Aráshicage,malganis,1681,monk,mistweaver,48,29,19
20606,Monke,onyxia,1681,monk,mistweaver,48,27,21
20607,Yeji,altar-of-storms,1681,monk,mistweaver,115,54,61
20608,Fisetèrr,kelthuzad,1680,monk,mistweaver,59,35,24
20609,Motogp,tichondrius,1680,monk,mistweaver,128,61,67
20610,Dwãrf,tichondrius,1678,monk,mistweaver,36,25,11
20611,Thraging,sargeras,1678,monk,mistweaver,54,29,25
20612,Jinker,malganis,1677,monk,mistweaver,36,24,12
20613,Zeroskil,thrall,1677,monk,mistweaver,51,28,23
20614,Noneedlokita,illidan,1676,monk,mistweaver,30,22,8
20615,Seokdenam,tichondrius,1676,monk,mistweaver,93,52,41
20616,Maicuta,thrall,1675,monk,mistweaver,42,26,16
20617,Zenox,rexxar,1675,monk,mistweaver,90,46,44
20618,Xblingtron,malganis,1675,monk,mistweaver,59,24,35
20619,Brewy,bloodhoof,1674,monk,mistweaver,24,19,5
20620,Phlexz,jubeithos,1674,monk,mistweaver,30,22,8
20621,Drunkentoker,illidan,1673,monk,mistweaver,48,26,22
20622,Tezcatyo,malganis,1671,monk,mistweaver,54,32,22
20623,Stonymcblaze,malganis,1671,monk,mistweaver,48,28,20
20624,Djuice,tichondrius,1670,monk,mistweaver,42,25,17
20625,Fisticufs,bleeding-hollow,1670,monk,mistweaver,42,23,19
20626,Phtarded,stormreaver,1670,monk,mistweaver,140,70,70
20627,Quitschi,tichondrius,1669,monk,mistweaver,42,26,16
20628,Yulfee,kelthuzad,1669,monk,mistweaver,39,22,17
20629,Alekun,quelthalas,1669,monk,mistweaver,146,75,71
20630,Mistastep,tichondrius,1668,monk,mistweaver,121,63,58
20631,Ïtächï,illidan,1668,monk,mistweaver,66,27,39
20632,Tweiliax,tichondrius,1667,monk,mistweaver,34,19,15
20633,Loudpäck,dalaran,1666,monk,mistweaver,41,26,15
20634,Nahr,tichondrius,1666,monk,mistweaver,39,22,17
20635,Nugskis,dalaran,1666,monk,mistweaver,263,135,128
20636,Twoshero,tichondrius,1665,monk,mistweaver,34,22,12
20637,Mememories,tichondrius,1665,monk,mistweaver,74,46,28
20638,Crypslegacy,tichondrius,1664,monk,mistweaver,162,85,77
20639,Winfred,bleeding-hollow,1663,monk,mistweaver,54,36,18
20640,Jamerino,jubeithos,1663,monk,mistweaver,96,62,34
20641,Blasê,frostmourne,1662,monk,mistweaver,36,22,14
20642,Mistweaverxo,malganis,1662,monk,mistweaver,116,65,51
20643,Zuen,ragnaros,1662,monk,mistweaver,200,101,99
20644,Vynchi,area-52,1661,monk,mistweaver,53,38,15
20645,Gomon,terenas,1661,monk,mistweaver,29,20,9
20646,Èmacs,barthilas,1661,monk,mistweaver,35,24,11
20647,Coldridge,bleeding-hollow,1661,monk,mistweaver,42,20,22
20648,Jeskâi,tichondrius,1660,monk,mistweaver,45,26,19
20649,Chessyx,ragnaros,1660,monk,mistweaver,42,20,22
20650,Rectus,proudmoore,1659,monk,mistweaver,30,22,8
20651,Dupaweaver,stormrage,1659,monk,mistweaver,59,26,33
20652,Cheetosnmilk,malganis,1658,monk,mistweaver,35,20,15
20653,Damndaniel,hyjal,1658,monk,mistweaver,106,53,53
20654,Serikko,frostmourne,1657,monk,mistweaver,44,26,18
20655,Carlyjepsen,shadowmoon,1657,monk,mistweaver,85,45,40
20656,Sóntix,sargeras,1656,monk,mistweaver,71,38,33
20657,Cööked,illidan,1656,monk,mistweaver,63,33,30
20658,Greenrice,thrall,1655,monk,mistweaver,52,33,19
20659,Velenious,tichondrius,1655,monk,mistweaver,113,68,45
20660,Alocxo,drakkari,1654,monk,mistweaver,34,24,10
20661,Moonhealsyou,moon-guard,1653,monk,mistweaver,88,55,33
20662,Zachxd,onyxia,1653,monk,mistweaver,42,26,16
20663,Groundways,sargeras,1653,monk,mistweaver,65,31,34
20664,Lýøp,illidan,1652,monk,mistweaver,36,22,14
20665,Raígon,ragnaros,1652,monk,mistweaver,36,20,16
20666,Tonytornado,proudmoore,1651,monk,mistweaver,84,40,44
20667,Lartridia,malganis,1650,monk,mistweaver,45,27,18
20668,Udderpunch,barthilas,1650,monk,mistweaver,53,30,23
20669,Toastsmonk,tichondrius,1649,monk,mistweaver,38,24,14
20670,Immamonkey,tichondrius,1649,monk,mistweaver,176,103,73
20671,Rexzilla,tichondrius,1648,monk,mistweaver,36,25,11
20672,Ccop,kelthuzad,1647,monk,mistweaver,36,25,11
20673,Notblakexo,tichondrius,1647,monk,mistweaver,35,19,16
20674,Bradyfour,moon-guard,1645,monk,mistweaver,95,53,42
20675,Ashamah,bleeding-hollow,1644,monk,mistweaver,30,22,8
20676,Dryungpwnz,zuljin,1644,monk,mistweaver,202,116,86
20677,Miillkz,zuljin,1644,monk,mistweaver,47,25,22
20678,Ahnlev,ragnaros,1643,monk,mistweaver,116,66,50
20679,Ææøææôææôææô,illidan,1642,monk,mistweaver,138,88,50
20680,Swiftm,thrall,1641,monk,mistweaver,237,136,101
20681,Tenoseven,area-52,1640,monk,mistweaver,21,19,2
20682,Centalink,barthilas,1640,monk,mistweaver,56,38,18
20683,Rhorkfist,frostmourne,1640,monk,mistweaver,43,23,20
20684,Djux,zuljin,1639,monk,mistweaver,30,20,10
20685,Senseii,dathremar,1639,monk,mistweaver,66,43,23
20686,Brewjitsu,tichondrius,1639,monk,mistweaver,42,23,19
20687,Rañga,caelestrasz,1638,monk,mistweaver,77,45,32
20688,Pandaiax,area-52,1638,monk,mistweaver,65,36,29
20689,Grizzm,sargeras,1637,monk,mistweaver,78,48,30
20690,Genjen,bleeding-hollow,1637,monk,mistweaver,46,26,20
20691,Liké,tichondrius,1636,monk,mistweaver,54,32,22
20692,Paralee,tichondrius,1635,monk,mistweaver,48,34,14
20693,Ropgobbler,muradin,1634,monk,mistweaver,30,18,12
20694,Sixsticks,tichondrius,1633,monk,mistweaver,70,37,33
20695,Ermac,kiljaeden,1632,monk,mistweaver,47,32,15
20696,Minaffection,tichondrius,1632,monk,mistweaver,36,19,17
20697,Avm,azralon,1632,monk,mistweaver,60,31,29
20698,Fatnugly,sargeras,1631,monk,mistweaver,44,29,15
20699,Mêlon,tichondrius,1630,monk,mistweaver,24,17,7
20700,Dragonwhirl,stormrage,1630,monk,mistweaver,95,54,41
20701,Cranekicks,moon-guard,1630,monk,mistweaver,269,148,121
20702,Ludan,eredar,1629,monk,mistweaver,160,85,75
20703,Místme,tichondrius,1629,monk,mistweaver,78,41,37
20704,Tuesdây,wyrmrest-accord,1628,monk,mistweaver,30,20,10
20705,Raymond,malganis,1628,monk,mistweaver,46,29,17
20706,Baldbutcute,darkspear,1627,monk,mistweaver,28,19,9
20707,Iovegõd,tichondrius,1627,monk,mistweaver,72,47,25
20708,Avãrîce,stormrage,1626,monk,mistweaver,24,17,7
20709,Cryptmist,frostmourne,1626,monk,mistweaver,48,32,16
20710,Wittymonk,illidan,1625,monk,mistweaver,99,57,42
20711,Bodhisattvax,bleeding-hollow,1625,monk,mistweaver,42,24,18
20712,Zlatan,thaurissan,1625,monk,mistweaver,30,17,13
20713,Innerchii,tichondrius,1624,monk,mistweaver,24,17,7
20714,Snoodle,korgath,1624,monk,mistweaver,132,76,56
20715,Dirtyde,sargeras,1624,monk,mistweaver,181,87,94
20716,Fistergand,frostwolf,1623,monk,mistweaver,37,30,7
20717,Starryysky,illidan,1623,monk,mistweaver,48,32,16
20718,Lickthefist,sargeras,1623,monk,mistweaver,30,20,10
20719,Röshi,kelthuzad,1623,monk,mistweaver,54,35,19
20720,Zhíu,ragnaros,1623,monk,mistweaver,54,33,21
20721,Liteup,korgath,1623,monk,mistweaver,102,62,40
20722,Nicotinetap,tichondrius,1623,monk,mistweaver,30,18,12
20723,Kaylux,stormrage,1623,monk,mistweaver,30,17,13
20724,Swuseng,tichondrius,1622,monk,mistweaver,48,26,22
20725,Ywingtsuan,frostmourne,1622,monk,mistweaver,41,21,20
20726,Diobrando,illidan,1621,monk,mistweaver,63,40,23
20727,Valian,tichondrius,1621,monk,mistweaver,42,22,20
20728,Gabaan,azralon,1620,monk,mistweaver,30,17,13
20729,Monkwalker,tichondrius,1620,monk,mistweaver,66,35,31
20730,Swolington,proudmoore,1619,monk,mistweaver,41,26,15
20731,Intertwine,frostmourne,1619,monk,mistweaver,30,17,13
20732,Avz,azralon,1618,monk,mistweaver,30,21,9
20733,Tamonger,stormrage,1618,monk,mistweaver,200,109,91
20734,Metakillër,ragnaros,1618,monk,mistweaver,98,53,45
20735,Kelstrike,sargeras,1617,monk,mistweaver,24,17,7
20736,Stormpounder,proudmoore,1616,monk,mistweaver,60,40,20
20737,Fistwrapped,bleeding-hollow,1616,monk,mistweaver,30,20,10
20738,Locusta,tichondrius,1616,monk,mistweaver,30,19,11
20739,Drinkkin,bleeding-hollow,1616,monk,mistweaver,114,68,46
20740,Mwgodqtxtko,nazjatar,1616,monk,mistweaver,54,32,22
20741,Sebsws,proudmoore,1616,monk,mistweaver,100,59,41
20742,Nekzí,sargeras,1615,monk,mistweaver,30,20,10
20743,Bréwmaster,stormrage,1615,monk,mistweaver,36,17,19
20744,Mukboo,tichondrius,1615,monk,mistweaver,36,17,19
20745,Kungfuturdle,tichondrius,1614,monk,mistweaver,101,58,43
20746,Xtacie,sargeras,1614,monk,mistweaver,66,30,36
20747,Furyjames,quelthalas,1614,monk,mistweaver,97,43,54
20748,Keiirah,zuluhed,1614,monk,mistweaver,60,24,36
20749,Greenvan,tichondrius,1613,monk,mistweaver,24,17,7
20750,Pacee,deathwing,1613,monk,mistweaver,24,17,7
20751,Kûshi,stormrage,1613,monk,mistweaver,35,23,12
20752,Kendro,trollbane,1613,monk,mistweaver,59,38,21
20753,Somebodym,illidan,1613,monk,mistweaver,36,22,14
20754,Yunmen,blades-edge,1613,monk,mistweaver,113,61,52
20755,Craziediemon,malganis,1612,monk,mistweaver,38,23,15
20756,Qords,tichondrius,1612,monk,mistweaver,148,77,71
20757,Musedz,barthilas,1612,monk,mistweaver,60,23,37
20758,Braindi,arathor,1611,monk,mistweaver,54,30,24
20759,Dlysezzic,tichondrius,1611,monk,mistweaver,98,54,44
20760,Prisonike,bleeding-hollow,1610,monk,mistweaver,60,36,24
20761,Sudury,tichondrius,1610,monk,mistweaver,96,55,41
20762,Pingpang,stormreaver,1610,monk,mistweaver,81,46,35
20763,Korata,frostwolf,1610,monk,mistweaver,42,23,19
20764,Healzpapi,tichondrius,1609,monk,mistweaver,214,117,97
20765,Samzo,barthilas,1609,monk,mistweaver,45,24,21
20766,Hîbîscus,illidan,1609,monk,mistweaver,32,17,15
20767,Lazura,tichondrius,1609,monk,mistweaver,65,33,32
20768,Planetariumz,bleeding-hollow,1608,monk,mistweaver,320,168,152
20769,Revivalol,dragonmaw,1608,monk,mistweaver,77,40,37
20770,Mîstchievous,sargeras,1607,monk,mistweaver,28,21,7
20771,Jadestørmz,illidan,1607,monk,mistweaver,30,20,10
20772,Azahri,sargeras,1607,monk,mistweaver,46,29,17
20773,Gooncave,stormrage,1607,monk,mistweaver,64,29,35
20774,Santiaguiño,ragnaros,1607,monk,mistweaver,71,27,44
20775,Tubby,eredar,1606,monk,mistweaver,36,22,14
20776,Mýthik,hyjal,1606,monk,mistweaver,66,37,29
20777,Gooseoba,tichondrius,1605,monk,mistweaver,24,18,6
20778,Slipperybobs,tichondrius,1605,monk,mistweaver,71,46,25
20779,Tarkir,quelthalas,1605,monk,mistweaver,89,55,34
20780,Bossmonk,tichondrius,1605,monk,mistweaver,122,68,54
20781,Tamingpanda,wildhammer,1605,monk,mistweaver,60,33,27
20782,Eppsmonk,tichondrius,1604,monk,mistweaver,30,18,12
20783,Oblivion,wildhammer,1604,monk,mistweaver,61,36,25
20784,Xtramist,tichondrius,1604,monk,mistweaver,30,17,13
20785,Gnetic,nemesis,1604,monk,mistweaver,86,46,40
20786,Oochi,illidan,1604,monk,mistweaver,60,31,29
20787,Goochtickles,bleeding-hollow,1602,monk,mistweaver,128,79,49
20788,Gess,stormscale,1602,monk,mistweaver,108,54,54
20789,Docpalpatine,tichondrius,1602,monk,mistweaver,36,17,19
20790,Xuenws,tichondrius,1602,monk,mistweaver,84,36,48
20791,Bowstâff,lightbringer,1601,monk,mistweaver,36,22,14
20792,Manicata,tichondrius,1601,monk,mistweaver,160,95,65
20793,Zeroxe,area-52,1600,monk,mistweaver,42,30,12
20794,Bobbybiz,bleeding-hollow,1600,monk,mistweaver,134,77,57
20795,Manchu,stormrage,1599,monk,mistweaver,30,18,12
20796,Ramisan,barthilas,1598,monk,mistweaver,53,32,21
20797,Swiixm,frostmourne,1596,monk,mistweaver,58,34,24
20798,Snoozzy,kelthuzad,1596,monk,mistweaver,42,21,21
20799,Solusek,korgath,1595,monk,mistweaver,30,23,7
20800,Monkney,tichondrius,1595,monk,mistweaver,72,48,24
20801,Whoonmonk,tichondrius,1595,monk,mistweaver,63,38,25
20802,Lightskinmon,area-52,1595,monk,mistweaver,42,23,19
20803,Cisneros,doomhammer,1590,monk,mistweaver,249,135,114
20804,Onees,tichondrius,1590,monk,mistweaver,99,49,50
20805,Merkey,tichondrius,1588,monk,mistweaver,66,35,31
20806,Brosiedon,sargeras,1588,monk,mistweaver,148,71,77
20807,Coralys,sargeras,1587,monk,mistweaver,42,36,6
20808,Toastage,tichondrius,1587,monk,mistweaver,48,28,20
20809,Songwei,barthilas,1587,monk,mistweaver,89,50,39
20810,Rileyreidfan,azjolnerub,1586,monk,mistweaver,30,21,9
20811,Neonep,stormrage,1586,monk,mistweaver,130,72,58
20812,Tharja,bonechewer,1585,monk,mistweaver,44,27,17
20813,Kwoon,hyjal,1585,monk,mistweaver,52,30,22
20814,Luvdeluxe,skullcrusher,1585,monk,mistweaver,67,32,35
20815,Musachi,barthilas,1582,monk,mistweaver,84,41,43
20816,Patfu,area-52,1581,monk,mistweaver,29,17,12
20817,Zoltwo,sargeras,1581,monk,mistweaver,78,45,33
20818,Adop,dark-iron,1581,monk,mistweaver,84,46,38
20819,Josciel,ragnaros,1581,monk,mistweaver,499,253,246
20820,Pandacottoca,azralon,1578,monk,mistweaver,36,20,16
20821,Mistysweep,sargeras,1578,monk,mistweaver,79,41,38
20822,Waataafaak,malganis,1578,monk,mistweaver,92,47,45
20823,Victuskk,tichondrius,1577,monk,mistweaver,67,45,22
20824,Pumakicks,tichondrius,1576,monk,mistweaver,70,37,33
20825,Lozza,jubeithos,1574,monk,mistweaver,54,32,22
20826,Xhangtu,thrall,1574,monk,mistweaver,130,74,56
20827,Masamunes,thrall,1573,monk,mistweaver,44,33,11
20828,Chevvyy,azshara,1573,monk,mistweaver,36,18,18
20829,Beboté,quelthalas,1573,monk,mistweaver,205,97,108
20830,Drama,tichondrius,1572,monk,mistweaver,38,25,13
20831,Sodamint,sargeras,1572,monk,mistweaver,48,23,25
20832,Slothman,nagrand,1571,monk,mistweaver,84,50,34
20833,Buffmonkdmg,tichondrius,1571,monk,mistweaver,90,48,42
20834,Rakia,moon-guard,1571,monk,mistweaver,207,103,104
20835,Ckqt,stormrage,1569,monk,mistweaver,41,23,18
20836,Boneykicks,tichondrius,1569,monk,mistweaver,42,21,21
20837,Treessome,tichondrius,1567,monk,mistweaver,29,20,9
20838,Chiang,chogall,1566,monk,mistweaver,41,30,11
20839,Ghðst,ragnaros,1566,monk,mistweaver,36,20,16
20840,Mvqws,tichondrius,1564,monk,mistweaver,32,24,8
20841,Bebess,moon-guard,1564,monk,mistweaver,51,28,23
20842,Eatmykïtty,dalaran,1563,monk,mistweaver,36,23,13
20843,Frogsarecool,stormrage,1563,monk,mistweaver,40,20,20
20844,Zkingmonk,stormrage,1563,monk,mistweaver,48,20,28
20845,Hatsu,madoran,1562,monk,mistweaver,155,79,76
20846,Muzzen,fizzcrank,1562,monk,mistweaver,40,20,20
20847,Tiduskies,crushridge,1562,monk,mistweaver,54,25,29
20848,Fistuhcuffs,sargeras,1561,monk,mistweaver,87,49,38
20849,Wide,scarlet-crusade,1560,monk,mistweaver,30,17,13
20850,Spaazz,tichondrius,1559,monk,mistweaver,83,53,30
20851,Todnerey,sargeras,1558,monk,mistweaver,29,23,6
20852,Muzzye,frostmourne,1558,monk,mistweaver,250,142,108
20853,Buoymoose,bleeding-hollow,1557,monk,mistweaver,53,35,18
20854,Bunnygal,thaurissan,1557,monk,mistweaver,143,73,70
20855,Bobthedrag,illidan,1555,monk,mistweaver,147,79,68
20856,Pappaya,tichondrius,1554,monk,mistweaver,30,20,10
20857,Aramonk,tichondrius,1554,monk,mistweaver,64,37,27
20858,Jackphan,azralon,1553,monk,mistweaver,106,61,45
20859,Lonebamboo,tichondrius,1553,monk,mistweaver,56,28,28
20860,Zerker,nagrand,1552,monk,mistweaver,61,29,32
20861,Nelly,grizzly-hills,1552,monk,mistweaver,36,17,19
20862,Zugroi,frostmourne,1551,monk,mistweaver,30,25,5
20863,Ekèl,tichondrius,1551,monk,mistweaver,107,57,50
20864,Dedracula,quelthalas,1550,monk,mistweaver,51,37,14
20865,Nailtech,tichondrius,1550,monk,mistweaver,66,37,29
20866,Sabersatin,sargeras,1550,monk,mistweaver,42,21,21
20867,Statue,cenarius,1549,monk,mistweaver,29,17,12
20868,Hunkymonky,thrall,1549,monk,mistweaver,81,44,37
20869,Kungfused,frostmourne,1549,monk,mistweaver,54,28,26
20870,Frenchfries,dragonmaw,1547,monk,mistweaver,72,34,38
20871,Krob,bleeding-hollow,1544,monk,mistweaver,33,17,16
20872,Chopschtichs,kiljaeden,1543,monk,mistweaver,41,24,17
20873,Haiyà,malganis,1542,monk,mistweaver,30,17,13
20874,Bruceki,bleeding-hollow,1540,monk,mistweaver,47,26,21
20875,Omii,darkspear,1540,monk,mistweaver,34,17,17
20876,Miniswag,arthas,1540,monk,mistweaver,42,18,24
20877,Notfw,tichondrius,1540,monk,mistweaver,64,27,37
20878,Hiiyaa,tichondrius,1537,monk,mistweaver,110,56,54
20879,Bøkky,frostmourne,1536,monk,mistweaver,108,64,44
20880,Scrapfu,proudmoore,1536,monk,mistweaver,83,44,39
20881,Roloyolo,illidan,1536,monk,mistweaver,52,19,33
20882,Babychi,frostmourne,1535,monk,mistweaver,91,49,42
20883,Chavbrew,stormrage,1535,monk,mistweaver,65,34,31
20884,Squaanched,emerald-dream,1535,monk,mistweaver,48,17,31
20885,Forgèt,kelthuzad,1534,monk,mistweaver,30,16,14
20886,Keileas,moon-guard,1534,monk,mistweaver,94,43,51
20887,Garg,malganis,1532,monk,mistweaver,24,16,8
20888,Austinm,tichondrius,1532,monk,mistweaver,24,16,8
20889,Fehthermane,area-52,1531,monk,mistweaver,82,51,31
20890,Kungpaofish,tichondrius,1531,monk,mistweaver,30,16,14
20891,Jugies,emerald-dream,1530,monk,mistweaver,60,37,23
20892,Ghorb,boulderfist,1530,monk,mistweaver,99,54,45
20893,Brucechez,tichondrius,1529,monk,mistweaver,24,16,8
20894,Chiban,misha,1529,monk,mistweaver,30,18,12
20895,Monkgyfatso,tichondrius,1528,monk,mistweaver,21,18,3
20896,Banterx,sargeras,1528,monk,mistweaver,79,39,40
20897,Carzo,area-52,1527,monk,mistweaver,38,23,15
20898,Turbofist,bleeding-hollow,1526,monk,mistweaver,35,17,18
20899,Lépøissøn,tichondrius,1525,monk,mistweaver,30,16,14
20900,Atsugin,khazgoroth,1525,monk,mistweaver,36,16,20
20901,Fister,garithos,1524,monk,mistweaver,70,46,24
20902,Rockemsockem,gorefiend,1524,monk,mistweaver,72,41,31
20903,Mistohh,kiljaeden,1522,monk,mistweaver,24,16,8
20904,Marsha,tichondrius,1522,monk,mistweaver,72,31,41
20905,Jitsu,frostmane,1521,monk,mistweaver,105,64,41
20906,Yuï,bleeding-hollow,1519,monk,mistweaver,24,16,8
20907,Kiqz,stormrage,1519,monk,mistweaver,30,16,14
20908,Jlowbob,tichondrius,1519,monk,mistweaver,78,40,38
20909,Yurm,moon-guard,1518,monk,mistweaver,54,38,16
20910,Brewswayne,argent-dawn,1518,monk,mistweaver,36,23,13
20911,Hoofweaver,proudmoore,1518,monk,mistweaver,42,16,26
20912,Aledal,agamaggan,1517,monk,mistweaver,66,41,25
20913,Ophibrew,zuljin,1516,monk,mistweaver,30,16,14
20914,Pimpolhona,nemesis,1516,monk,mistweaver,102,54,48
20915,Romdansik,tichondrius,1515,monk,mistweaver,136,73,63
20916,Lørðjimmy,sargeras,1513,monk,mistweaver,30,22,8
20917,Soothinn,tichondrius,1513,monk,mistweaver,54,37,17
20918,Bussyweaver,sargeras,1513,monk,mistweaver,123,74,49
20919,Tirêd,sargeras,1513,monk,mistweaver,102,55,47
20920,Xenitate,bleeding-hollow,1513,monk,mistweaver,36,19,17
20921,Chelada,sargeras,1513,monk,mistweaver,48,22,26
20922,Sorowblade,lothar,1512,monk,mistweaver,56,35,21
20923,Themonkfunk,bleeding-hollow,1511,monk,mistweaver,36,25,11
20924,Wildfists,tichondrius,1511,monk,mistweaver,705,351,354
20925,Caliroll,gorefiend,1511,monk,mistweaver,42,20,22
20926,Lariv,bleeding-hollow,1510,monk,mistweaver,67,35,32
20927,Äncient,quelthalas,1509,monk,mistweaver,89,56,33
20928,Aristea,emerald-dream,1509,monk,mistweaver,30,16,14
20929,Zettelkasten,tichondrius,1508,monk,mistweaver,42,18,24
20930,Oakleet,bleeding-hollow,1507,monk,mistweaver,48,27,21
20931,Ghim,frostmourne,1507,monk,mistweaver,85,36,49
20932,Greenpigo,tichondrius,1504,monk,mistweaver,18,17,1
20933,Närza,kelthuzad,1504,monk,mistweaver,54,30,24
20934,Hazelbazel,bleeding-hollow,1502,monk,mistweaver,42,27,15
20935,Brewmanchew,frostmourne,1502,monk,mistweaver,96,55,41
20936,Jerumay,tichondrius,1502,monk,mistweaver,52,29,23
20937,Axellrod,tichondrius,1500,monk,mistweaver,60,38,22
20938,Dareelyst,arygos,1500,monk,mistweaver,42,17,25
20939,Xomonik,borean-tundra,1499,monk,mistweaver,66,39,27
20940,Ferrarí,quelthalas,1499,monk,mistweaver,281,153,128
20941,Lekrosa,thrall,1499,monk,mistweaver,71,38,33
20942,Vohdka,malganis,1497,monk,mistweaver,103,61,42
20943,Grimaku,tichondrius,1497,monk,mistweaver,45,20,25
20944,Fissg,frostmourne,1496,monk,mistweaver,30,17,13
20945,Märthä,azralon,1496,monk,mistweaver,143,74,69
20946,Tinypunch,emerald-dream,1496,monk,mistweaver,72,34,38
20947,Fidgetspinna,zuljin,1493,monk,mistweaver,44,21,23
20948,Hoggs,sargeras,1492,monk,mistweaver,181,105,76
20949,Seung,duskwood,1492,monk,mistweaver,255,121,134
20950,Juchiyosamu,illidan,1491,monk,mistweaver,27,16,11
20951,Caellum,quelthalas,1490,monk,mistweaver,41,27,14
20952,Thors,gorgonnash,1488,monk,mistweaver,54,35,19
20953,Abdoolah,illidan,1488,monk,mistweaver,140,73,67
20954,Fistnanweavn,dawnbringer,1488,monk,mistweaver,132,62,70
20955,Slashsmack,caelestrasz,1487,monk,mistweaver,54,26,28
20956,Conormonk,tichondrius,1486,monk,mistweaver,24,18,6
20957,Warzsong,azralon,1486,monk,mistweaver,54,33,21
20958,Saeloon,frostmourne,1486,monk,mistweaver,77,36,41
20959,Buddhabud,sargeras,1485,monk,mistweaver,54,28,26
20960,Hymasterlol,tichondrius,1485,monk,mistweaver,42,20,22
20961,Wohrfnok,illidan,1484,monk,mistweaver,30,20,10
20962,Grandpå,tichondrius,1484,monk,mistweaver,42,23,19
20963,Swiftyboi,tichondrius,1483,monk,mistweaver,132,64,68
20964,Anagark,barthilas,1482,monk,mistweaver,30,21,9
20965,Barnåcle,darkspear,1482,monk,mistweaver,60,37,23
20966,Gsv,sargeras,1482,monk,mistweaver,138,80,58
20967,Pagtuk,daggerspine,1482,monk,mistweaver,60,28,32
20968,Pcyesh,nemesis,1481,monk,mistweaver,80,43,37
20969,Jinjunxi,tichondrius,1480,monk,mistweaver,60,35,25
20970,Âfrika,ysondre,1480,monk,mistweaver,65,31,34
20971,Clipping,tichondrius,1478,monk,mistweaver,48,29,19
20972,Monkybidness,tichondrius,1478,monk,mistweaver,51,24,27
20973,Talented,azuremyst,1477,monk,mistweaver,63,41,22
20974,Bastilaqt,korgath,1477,monk,mistweaver,157,83,74
20975,Monkpowaz,stormrage,1476,monk,mistweaver,42,26,16
20976,Popchi,stormrage,1475,monk,mistweaver,48,18,30
20977,Zarma,stormrage,1474,monk,mistweaver,82,46,36
20978,Bruceteå,area-52,1473,monk,mistweaver,29,19,10
20979,Mòñk,shattered-halls,1473,monk,mistweaver,42,26,16
20980,Missweaver,sargeras,1473,monk,mistweaver,62,31,31
20981,Wheygodx,lothar,1471,monk,mistweaver,42,28,14
20982,Willowa,frostmourne,1470,monk,mistweaver,50,30,20
20983,Fisthealz,area-52,1469,monk,mistweaver,30,22,8
20984,Rockcalm,malganis,1468,monk,mistweaver,62,28,34
20985,Tuss,tichondrius,1468,monk,mistweaver,76,31,45
20986,Dovhug,draenor,1465,monk,mistweaver,66,30,36
20987,Gotmonk,aggramar,1464,monk,mistweaver,30,19,11
20988,Mustaf,stormrage,1462,monk,mistweaver,132,67,65
20989,Iamamonk,kelthuzad,1461,monk,mistweaver,26,20,6
20990,Topnotch,malganis,1460,monk,mistweaver,66,38,28
20991,Odindad,tichondrius,1460,monk,mistweaver,108,57,51
20992,Glad,stormscale,1460,monk,mistweaver,300,158,142
20993,Himah,area-52,1460,monk,mistweaver,36,16,20
20994,Gnomepuncher,dalaran,1459,monk,mistweaver,48,25,23
20995,Iluvthugnmcz,sargeras,1459,monk,mistweaver,112,58,54
20996,Fistea,frostmourne,1459,monk,mistweaver,51,24,27
20997,Kazov,proudmoore,1458,monk,mistweaver,178,92,86
20998,Hitaru,azralon,1457,monk,mistweaver,64,39,25
20999,Çät,frostmourne,1457,monk,mistweaver,38,22,16
21000,Guïnness,tichondrius,1455,monk,mistweaver,30,18,12
21001,Telospateo,ragnaros,1454,monk,mistweaver,66,37,29
21002,Americå,zuljin,1453,monk,mistweaver,60,39,21
21003,Saulgóòdman,tichondrius,1453,monk,mistweaver,42,18,24
21004,Fairyeflora,wyrmrest-accord,1452,monk,mistweaver,48,31,17
21005,Rosellina,kelthuzad,1451,monk,mistweaver,38,23,15
21006,Baee,cairne,1451,monk,mistweaver,43,17,26
21007,Pomonk,nazjatar,1450,monk,mistweaver,69,45,24
21008,Endér,tichondrius,1450,monk,mistweaver,157,82,75
21009,Jeolmyung,tichondrius,1450,monk,mistweaver,33,17,16
21010,Xtrememisty,frostmourne,1449,monk,mistweaver,66,35,31
21011,Docwang,malganis,1448,monk,mistweaver,48,33,15
21012,Hadryan,proudmoore,1448,monk,mistweaver,160,83,77
21013,Bresmeatfore,barthilas,1446,monk,mistweaver,54,33,21
21014,Lidela,sargeras,1445,monk,mistweaver,52,27,25
21015,Göat,emerald-dream,1445,monk,mistweaver,45,22,23
21016,Showshoway,tichondrius,1444,monk,mistweaver,223,105,118
21017,Damemasduro,ragnaros,1442,monk,mistweaver,460,225,235
21018,Meshugah,quelthalas,1441,monk,mistweaver,124,59,65
21019,Sangthos,darkspear,1441,monk,mistweaver,150,66,84
21020,Nerf,malganis,1438,monk,mistweaver,24,15,9
21021,Chignar,dathremar,1438,monk,mistweaver,24,15,9
21022,Elcidx,tichondrius,1438,monk,mistweaver,24,15,9
21023,Kariwanji,tichondrius,1438,monk,mistweaver,305,155,150
21024,Bigs,duskwood,1438,monk,mistweaver,35,15,20
21025,Taekwondope,antonidas,1437,monk,mistweaver,25,16,9
21026,Kaelastra,stormrage,1437,monk,mistweaver,114,62,52
21027,Nijl,sargeras,1436,monk,mistweaver,18,15,3
21028,Pinkgucci,thrall,1436,monk,mistweaver,65,27,38
21029,Bengotitboi,magtheridon,1435,monk,mistweaver,24,15,9
21030,Outhume,eredar,1435,monk,mistweaver,30,15,15
21031,Themys,zuljin,1434,monk,mistweaver,30,19,11
21032,Dhomonk,rexxar,1434,monk,mistweaver,29,17,12
21033,Benex,tichondrius,1434,monk,mistweaver,35,19,16
21034,Monktor,dalaran,1433,monk,mistweaver,78,41,37
21035,Fartknocker,magtheridon,1433,monk,mistweaver,30,15,15
21036,Safiel,proudmoore,1433,monk,mistweaver,118,51,67
21037,Softer,frostmane,1432,monk,mistweaver,24,15,9
21038,Mungka,tichondrius,1432,monk,mistweaver,94,47,47
21039,Gotosleepkid,dalaran,1432,monk,mistweaver,50,25,25
21040,Phatcheeks,aegwynn,1431,monk,mistweaver,78,44,34
21041,Anxin,tichondrius,1431,monk,mistweaver,30,15,15
21042,Nelda,gorgonnash,1430,monk,mistweaver,78,46,32
21043,Kemmy,ravencrest,1429,monk,mistweaver,37,21,16
21044,Dharma,khaz-modan,1428,monk,mistweaver,54,28,26
21045,Fuqame,kiljaeden,1428,monk,mistweaver,42,19,23
21046,Titanus,chogall,1427,monk,mistweaver,48,26,22
21047,Vorikson,stormrage,1426,monk,mistweaver,228,108,120
21048,Poundmedaddi,tichondrius,1425,monk,mistweaver,111,69,42
21049,Fistlord,zuljin,1425,monk,mistweaver,32,18,14
21050,Zonianman,tichondrius,1425,monk,mistweaver,107,59,48
21051,Zarakna,sargeras,1425,monk,mistweaver,187,100,87
21052,Bbyyoda,illidan,1425,monk,mistweaver,132,70,62
21053,Tenshu,runetotem,1425,monk,mistweaver,93,48,45
21054,Pøkemonk,malganis,1424,monk,mistweaver,24,15,9
21055,Emporertrump,bleeding-hollow,1423,monk,mistweaver,205,102,103
21056,Bergoth,bleeding-hollow,1422,monk,mistweaver,24,15,9
21057,Vegoku,moon-guard,1422,monk,mistweaver,119,64,55
21058,Friskyfister,tichondrius,1422,monk,mistweaver,30,15,15
21059,Leemîn,tichondrius,1421,monk,mistweaver,36,24,12
21060,Brüce,ragnaros,1421,monk,mistweaver,57,33,24
21061,Presas,nemesis,1421,monk,mistweaver,42,21,21
21062,Jasonmonk,sargeras,1420,monk,mistweaver,31,19,12
21063,Sob,frostmourne,1420,monk,mistweaver,113,66,47
21064,Taijutzu,darkspear,1419,monk,mistweaver,24,15,9
21065,Jèricho,thrall,1418,monk,mistweaver,72,40,32
21066,Sshri,illidan,1418,monk,mistweaver,204,95,109
21067,Mightbweavin,bleeding-hollow,1418,monk,mistweaver,120,55,65
21068,Reque,illidan,1417,monk,mistweaver,218,121,97
21069,Comonk,area-52,1416,monk,mistweaver,24,15,9
21070,Güwop,tichondrius,1416,monk,mistweaver,78,42,36
21071,Prf,ragnaros,1414,monk,mistweaver,34,21,13
21072,Jooshy,tichondrius,1413,monk,mistweaver,60,27,33
21073,Markofzugzug,tichondrius,1413,monk,mistweaver,36,15,21
21074,Ralphiex,tichondrius,1411,monk,mistweaver,101,53,48
21075,Ninetrigrams,illidan,1411,monk,mistweaver,32,15,17
21076,Shoumi,turalyon,1410,monk,mistweaver,30,17,13
21077,Chuks,nerzhul,1410,monk,mistweaver,200,111,89
21078,Sobuu,wyrmrest-accord,1406,monk,mistweaver,30,24,6
21079,Jmonks,stormrage,1406,monk,mistweaver,66,27,39
21080,Ojiin,wyrmrest-accord,1405,monk,mistweaver,197,105,92
21081,Ggjudo,sargeras,1404,monk,mistweaver,30,15,15
21082,Thirteendads,turalyon,1403,monk,mistweaver,35,17,18
21083,Sonicenergy,tichondrius,1402,monk,mistweaver,57,27,30
21084,Xiang,dreadmaul,1401,monk,mistweaver,48,29,19
21085,Lunarc,mannoroth,1401,monk,mistweaver,93,50,43
21086,Goocn,tichondrius,1401,monk,mistweaver,48,25,23
21087,Bbunglee,tichondrius,1400,monk,mistweaver,41,27,14
21088,Ric,gundrak,1400,monk,mistweaver,81,48,33
21089,Carlosm,tichondrius,1398,monk,mistweaver,30,19,11
21090,Janeil,wyrmrest-accord,1397,monk,mistweaver,228,119,109
21091,ßrewslèè,tichondrius,1396,monk,mistweaver,157,84,73
21092,Sodosopaw,area-52,1396,monk,mistweaver,41,21,20
21093,Edbtz,illidan,1394,monk,mistweaver,24,18,6
21094,Mcfisted,area-52,1393,monk,mistweaver,57,25,32
21095,Htm,barthilas,1392,monk,mistweaver,41,16,25
21096,Mcfluffey,area-52,1391,monk,mistweaver,89,49,40
21097,Metapôd,tichondrius,1389,monk,mistweaver,63,32,31
21098,Dblfistez,stormreaver,1389,monk,mistweaver,52,23,29
21099,Twirl,mugthol,1389,monk,mistweaver,42,18,24
21100,Taipanni,sargeras,1388,monk,mistweaver,40,16,24
21101,Verelaana,moon-guard,1386,monk,mistweaver,41,21,20
21102,Vum,quelthalas,1385,monk,mistweaver,21,16,5
21103,Monkeynut,whisperwind,1385,monk,mistweaver,107,60,47
21104,Bârcõdë,tichondrius,1384,monk,mistweaver,36,23,13
21105,Ebrew,frostmourne,1384,monk,mistweaver,48,27,21
21106,Justsidiousm,sargeras,1383,monk,mistweaver,24,16,8
21107,Redweave,moon-guard,1383,monk,mistweaver,36,17,19
21108,Flixz,stormrage,1382,monk,mistweaver,48,25,23
21109,Riokhan,ragnaros,1381,monk,mistweaver,54,31,23
21110,Valiantroar,shandris,1381,monk,mistweaver,38,16,22
21111,Hummerkungfu,azralon,1380,monk,mistweaver,79,40,39
21112,Phoenixspark,gnomeregan,1379,monk,mistweaver,44,30,14
21113,Noodalie,moon-guard,1378,monk,mistweaver,24,18,6
21114,Akván,ragnaros,1378,monk,mistweaver,85,43,42
21115,Shandaspanda,rivendare,1378,monk,mistweaver,54,26,28
21116,Pablojám,ragnaros,1375,monk,mistweaver,42,23,19
21117,Mystafista,tichondrius,1375,monk,mistweaver,29,15,14
21118,Xxgonchi,quelthalas,1374,monk,mistweaver,140,77,63
21119,Afabled,drakkari,1373,monk,mistweaver,48,26,22
21120,Ozen,burning-blade,1373,monk,mistweaver,74,38,36
21121,Baroon,chogall,1373,monk,mistweaver,93,40,53
21122,Metalmønk,nerzhul,1372,monk,mistweaver,43,29,14
21123,Hybrid,draenor,1371,monk,mistweaver,36,21,15
21124,Sinistuhm,tichondrius,1371,monk,mistweaver,47,25,22
21125,Rhynoo,lothar,1371,monk,mistweaver,96,51,45
21126,Kylièjenner,gilneas,1370,monk,mistweaver,70,39,31
21127,Peege,kelthuzad,1369,monk,mistweaver,36,23,13
21128,Thyfist,frostmourne,1369,monk,mistweaver,28,16,12
21129,Fonnf,nemesis,1368,monk,mistweaver,26,15,11
21130,Kymist,stormrage,1368,monk,mistweaver,104,55,49
21131,Mintÿ,wyrmrest-accord,1366,monk,mistweaver,48,24,24
21132,Trüa,stormrage,1364,monk,mistweaver,30,20,10
21133,Lanifer,area-52,1364,monk,mistweaver,35,20,15
21134,Vonn,drakkari,1364,monk,mistweaver,72,36,36
21135,Tianji,malganis,1363,monk,mistweaver,42,26,16
21136,Tert,aerie-peak,1363,monk,mistweaver,146,83,63
21137,Bibibi,moon-guard,1362,monk,mistweaver,30,15,15
21138,Anthuri,frostmourne,1357,monk,mistweaver,89,60,29
21139,Aokuâng,malganis,1356,monk,mistweaver,91,56,35
21140,Ataxic,illidan,1355,monk,mistweaver,29,15,14
21141,Ninjagordu,nemesis,1353,monk,mistweaver,118,57,61
21142,Ragemore,emerald-dream,1349,monk,mistweaver,25,15,10
21143,Pandemikmonk,turalyon,1349,monk,mistweaver,48,22,26
21144,Cdeez,malganis,1347,monk,mistweaver,36,23,13
21145,Nornangus,sargeras,1346,monk,mistweaver,53,25,28
21146,Monkqi,lightbringer,1344,monk,mistweaver,30,23,7
21147,Itsnoozes,illidan,1343,monk,mistweaver,18,14,4
21148,Onegai,tichondrius,1343,monk,mistweaver,18,14,4
21149,Rylens,draka,1343,monk,mistweaver,40,25,15
21150,Siserfister,sargeras,1343,monk,mistweaver,24,14,10
21151,Khylu,kelthuzad,1342,monk,mistweaver,18,14,4
21152,Cnww,tichondrius,1342,monk,mistweaver,24,14,10
21153,Jonnymon,sargeras,1341,monk,mistweaver,18,14,4
21154,Cilantrõ,malorne,1341,monk,mistweaver,30,21,9
21155,Vardeh,stormscale,1341,monk,mistweaver,48,28,20
21156,Lõgan,azralon,1341,monk,mistweaver,58,29,29
21157,Evyllyn,bleeding-hollow,1340,monk,mistweaver,18,14,4
21158,Azurro,jubeithos,1339,monk,mistweaver,18,14,4
21159,Pisswalker,area-52,1338,monk,mistweaver,18,14,4
21160,Catmonk,the-forgotten-coast,1338,monk,mistweaver,24,14,10
21161,Kungfuchious,dalaran,1338,monk,mistweaver,31,18,13
21162,Inkar,tichondrius,1338,monk,mistweaver,30,14,16
21163,Zenmasta,exodar,1336,monk,mistweaver,30,17,13
21164,Ðamntaiyo,sargeras,1336,monk,mistweaver,35,19,16
21165,Ryantiger,tichondrius,1336,monk,mistweaver,30,14,16
21166,Valelarus,doomhammer,1335,monk,mistweaver,24,14,10
21167,Chainwax,korgath,1335,monk,mistweaver,36,20,16
21168,Karynia,illidan,1335,monk,mistweaver,110,56,54
21169,Lazeekick,sargeras,1335,monk,mistweaver,30,14,16
21170,Iielia,wyrmrest-accord,1335,monk,mistweaver,35,16,19
21171,Chañi,ragnaros,1333,monk,mistweaver,59,33,26
21172,Kungfumika,ragnaros,1333,monk,mistweaver,42,21,21
21173,Chongal,whisperwind,1332,monk,mistweaver,24,14,10
21174,Naxanax,area-52,1332,monk,mistweaver,66,33,33
21175,Inebriated,auchindoun,1329,monk,mistweaver,24,14,10
21176,Tobyblack,illidan,1329,monk,mistweaver,105,50,55
21177,Waxxi,barthilas,1327,monk,mistweaver,109,62,47
21178,Pandalee,skullcrusher,1324,monk,mistweaver,54,33,21
21179,Tenzing,azgalor,1324,monk,mistweaver,24,14,10
21180,Awwchi,tichondrius,1324,monk,mistweaver,54,26,28
21181,Selfhealings,korgath,1324,monk,mistweaver,53,24,29
21182,Gguldduk,tichondrius,1323,monk,mistweaver,34,24,10
21183,Momochi,malygos,1323,monk,mistweaver,30,16,14
21184,Nerfmonk,spirestone,1322,monk,mistweaver,24,14,10
21185,Jeffdagnome,moon-guard,1320,monk,mistweaver,96,48,48
21186,Zeevaliara,caelestrasz,1320,monk,mistweaver,30,15,15
21187,Psykhed,emerald-dream,1319,monk,mistweaver,78,33,45
21188,Gerranni,wyrmrest-accord,1318,monk,mistweaver,24,16,8
21189,Nazvik,quelthalas,1318,monk,mistweaver,24,14,10
21190,Tanskee,sargeras,1318,monk,mistweaver,53,29,24
21191,Lotusdream,argent-dawn,1317,monk,mistweaver,78,40,38
21192,Shon,frostmourne,1316,monk,mistweaver,24,14,10
21193,Albusventos,azralon,1315,monk,mistweaver,35,21,14
21194,Smackdat,azjolnerub,1315,monk,mistweaver,58,29,29
21195,Johnkreese,andorhal,1313,monk,mistweaver,30,14,16
21196,Turkspin,smolderthorn,1312,monk,mistweaver,27,20,7
21197,Tankozorr,zuljin,1312,monk,mistweaver,54,25,29
21198,Breezymist,doomhammer,1311,monk,mistweaver,30,14,16
21199,Nuubchi,stormrage,1310,monk,mistweaver,24,14,10
21200,Dashenna,illidan,1310,monk,mistweaver,84,32,52
21201,Orgrrim,area-52,1309,monk,mistweaver,24,14,10
21202,Punch,lothar,1309,monk,mistweaver,31,18,13
21203,Trapeez,kelthuzad,1308,monk,mistweaver,24,16,8
21204,Odogin,tichondrius,1307,monk,mistweaver,65,41,24
21205,Sweatweaver,frostmourne,1306,monk,mistweaver,94,43,51
21206,Hafu,wildhammer,1305,monk,mistweaver,54,29,25
21207,Shizunô,stormrage,1305,monk,mistweaver,36,17,19
21208,Purging,draka,1304,monk,mistweaver,89,62,27
21209,Dextr,arthas,1302,monk,mistweaver,27,14,13
21210,Fânnybâws,stormrage,1302,monk,mistweaver,36,18,18
21211,Moltenbeard,trollbane,1301,monk,mistweaver,48,31,17
21212,Hirahxx,frostmourne,1301,monk,mistweaver,27,16,11
21213,Alianli,tichondrius,1301,monk,mistweaver,59,14,45
21214,Bluemyselph,tichondrius,1300,monk,mistweaver,40,21,19
21215,Kickbone,tichondrius,1300,monk,mistweaver,60,30,30
21216,Raidenmnx,tichondrius,1300,monk,mistweaver,96,47,49
21217,Chitacos,trollbane,1300,monk,mistweaver,30,14,16
21218,Szuka,tichondrius,1297,monk,mistweaver,36,20,16
21219,Lawroadp,tichondrius,1295,monk,mistweaver,57,33,24
21220,Cooltran,tichondrius,1294,monk,mistweaver,24,14,10
21221,Rapope,quelthalas,1294,monk,mistweaver,65,32,33
21222,Izolatedrin,tichondrius,1293,monk,mistweaver,17,14,3
21223,Ymiron,smolderthorn,1292,monk,mistweaver,42,15,27
21224,Monkisses,bonechewer,1290,monk,mistweaver,65,36,29
21225,Healyboi,bronzebeard,1290,monk,mistweaver,40,17,23
21226,Speedymonk,malfurion,1289,monk,mistweaver,60,25,35
21227,Gomey,bleeding-hollow,1287,monk,mistweaver,26,15,11
21228,Gallorex,frostmourne,1286,monk,mistweaver,42,24,18
21229,Giatzo,barthilas,1286,monk,mistweaver,61,29,32
21230,Valapan,tichondrius,1285,monk,mistweaver,60,32,28
21231,Boozebear,spirestone,1282,monk,mistweaver,136,68,68
21232,Kìmjungheal,tichondrius,1281,monk,mistweaver,41,21,20
21233,Ungankable,sargeras,1281,monk,mistweaver,130,63,67
21234,Stendari,moon-guard,1281,monk,mistweaver,30,14,16
21235,Chnzhs,tichondrius,1281,monk,mistweaver,58,18,40
21236,Zeiana,proudmoore,1280,monk,mistweaver,38,22,16
21237,Holdmychi,stormrage,1279,monk,mistweaver,55,29,26
21238,Iloki,shuhalo,1279,monk,mistweaver,81,40,41
21239,Siddlez,frostmourne,1278,monk,mistweaver,53,36,17
21240,Miçrosoft,area-52,1278,monk,mistweaver,66,40,26
21241,Byakugan,moon-guard,1277,monk,mistweaver,41,23,18
21242,Börg,bleeding-hollow,1277,monk,mistweaver,38,19,19
21243,Fludz,burning-blade,1276,monk,mistweaver,66,28,38
21244,Asliam,undermine,1275,monk,mistweaver,24,15,9
21245,Åvå,emerald-dream,1273,monk,mistweaver,48,15,33
21246,Rustedbarrel,azjolnerub,1271,monk,mistweaver,46,23,23
21247,Mortimir,echo-isles,1269,monk,mistweaver,42,21,21
21248,Cthulumonk,lightnings-blade,1269,monk,mistweaver,36,14,22
21249,Onlyhands,whisperwind,1268,monk,mistweaver,47,24,23
21250,Makimä,stormrage,1267,monk,mistweaver,80,41,39
21251,Miretunie,arathor,1266,monk,mistweaver,98,57,41
21252,Onekickman,dalaran,1262,monk,mistweaver,66,37,29
21253,Hotpotatoee,aerie-peak,1260,monk,mistweaver,60,27,33
21254,Zenquadz,elune,1259,monk,mistweaver,36,25,11
21255,Wmo,tichondrius,1258,monk,mistweaver,23,15,8
21256,Marimonkori,stormscale,1258,monk,mistweaver,63,32,31
21257,Monkêy,ghostlands,1258,monk,mistweaver,66,30,36
21258,Keyszz,tichondrius,1258,monk,mistweaver,218,97,121
21259,Teil,illidan,1257,monk,mistweaver,48,25,23
21260,Pépto,bleeding-hollow,1257,monk,mistweaver,70,35,35
21261,Zuchi,frostmourne,1255,monk,mistweaver,24,14,10
21262,Ninjatoots,aerie-peak,1255,monk,mistweaver,79,42,37
21263,Liamaz,amanthul,1254,monk,mistweaver,30,14,16
21264,Monktyson,barthilas,1252,monk,mistweaver,60,38,22
21265,Omimonk,sargeras,1251,monk,mistweaver,56,24,32
21266,Donnieyen,aerie-peak,1250,monk,mistweaver,19,14,5
21267,Maiitoguy,illidan,1250,monk,mistweaver,48,24,24
21268,Lelomonk,ragnaros,1249,monk,mistweaver,84,43,41
21269,Shefcurry,boulderfist,1248,monk,mistweaver,24,13,11
21270,Mwomegalul,sargeras,1248,monk,mistweaver,30,13,17
21271,Feel,frostmourne,1247,monk,mistweaver,18,13,5
21272,Healmart,bloodhoof,1247,monk,mistweaver,18,13,5
21273,Beefyteet,tichondrius,1247,monk,mistweaver,18,13,5
21274,Annisokay,bleeding-hollow,1247,monk,mistweaver,18,13,5
21275,Ticmonk,frostmourne,1247,monk,mistweaver,18,13,5
21276,Flagreturned,illidan,1247,monk,mistweaver,24,13,11
21277,Gothamonk,tichondrius,1247,monk,mistweaver,24,13,11
21278,Evilstep,tichondrius,1247,monk,mistweaver,60,31,29
21279,Steadfastsr,black-dragonflight,1246,monk,mistweaver,18,13,5
21280,Mirokushan,skywall,1246,monk,mistweaver,117,65,52
21281,Fheng,emerald-dream,1246,monk,mistweaver,24,13,11
21282,Bullët,tichondrius,1246,monk,mistweaver,84,43,41
21283,Hîddëncløùdx,tichondrius,1245,monk,mistweaver,18,13,5
21284,Floka,bleeding-hollow,1245,monk,mistweaver,18,13,5
21285,Afw,moon-guard,1245,monk,mistweaver,32,18,14
21286,Nawzhy,emerald-dream,1245,monk,mistweaver,24,13,11
21287,Ieatshrooms,malfurion,1245,monk,mistweaver,60,25,35
21288,Drunkgiraffe,zuljin,1244,monk,mistweaver,18,13,5
21289,Ironfistorm,stormrage,1244,monk,mistweaver,36,24,12
21290,Shilakamesn,tichondrius,1244,monk,mistweaver,24,13,11
21291,Mis,tichondrius,1243,monk,mistweaver,24,13,11
21292,Psypalm,zuljin,1242,monk,mistweaver,18,13,5
21293,React,frostwolf,1242,monk,mistweaver,18,13,5
21294,Ammonk,bloodhoof,1242,monk,mistweaver,18,13,5
21295,Kreacher,ravencrest,1242,monk,mistweaver,71,37,34
21296,Rehder,barthilas,1241,monk,mistweaver,24,13,11
21297,Puya,nemesis,1241,monk,mistweaver,36,18,18
21298,Poppyharlow,saurfang,1240,monk,mistweaver,24,17,7
21299,Meldrop,tichondrius,1240,monk,mistweaver,30,13,17
21300,Taichichuan,tichondrius,1239,monk,mistweaver,59,31,28
21301,Noogiie,barthilas,1238,monk,mistweaver,22,14,8
21302,Originalmonk,tichondrius,1237,monk,mistweaver,18,13,5
21303,Julipz,tichondrius,1237,monk,mistweaver,30,13,17
21304,Madkickzack,blades-edge,1237,monk,mistweaver,30,13,17
21305,Oyyo,tichondrius,1237,monk,mistweaver,95,35,60
21306,Dangerkage,stormrage,1235,monk,mistweaver,30,13,17
21307,Lolkungfu,spirestone,1234,monk,mistweaver,24,13,11
21308,Kodrik,tichondrius,1234,monk,mistweaver,84,44,40
21309,Vchii,tichondrius,1234,monk,mistweaver,30,13,17
21310,Midfrie,ghostlands,1233,monk,mistweaver,24,15,9
21311,Knaveus,frostmourne,1233,monk,mistweaver,54,30,24
21312,Critôris,tichondrius,1233,monk,mistweaver,24,13,11
21313,Lothnälar,ragnaros,1231,monk,mistweaver,36,26,10
21314,Azizyzz,barthilas,1231,monk,mistweaver,42,20,22
21315,Shinarri,thrall,1230,monk,mistweaver,132,71,61
21316,Kaølin,azralon,1228,monk,mistweaver,18,13,5
21317,Enfoque,quelthalas,1227,monk,mistweaver,71,41,30
21318,Fkedyourwife,dalaran,1227,monk,mistweaver,30,13,17
21319,Gôrr,tichondrius,1226,monk,mistweaver,42,23,19
21320,Zefta,moon-guard,1226,monk,mistweaver,42,18,24
21321,Petsëmatary,bleeding-hollow,1224,monk,mistweaver,41,16,25
21322,Snuzzao,darkspear,1223,monk,mistweaver,26,13,13
21323,Cheesemónk,tichondrius,1222,monk,mistweaver,30,13,17
21324,Chìforce,sargeras,1222,monk,mistweaver,41,13,28
21325,Habuba,eredar,1221,monk,mistweaver,18,13,5
21326,Binghe,illidan,1221,monk,mistweaver,63,35,28
21327,Ninjahogan,azgalor,1221,monk,mistweaver,32,15,17
21328,Cammy,aerie-peak,1219,monk,mistweaver,32,20,12
21329,Troutline,bonechewer,1218,monk,mistweaver,84,50,34
21330,Hashìba,kiljaeden,1217,monk,mistweaver,18,13,5
21331,Mingchen,tichondrius,1217,monk,mistweaver,24,13,11
21332,Xulieng,tichondrius,1215,monk,mistweaver,331,169,162
21333,Sedition,emerald-dream,1215,monk,mistweaver,323,162,161
21334,Monxellius,moon-guard,1215,monk,mistweaver,99,48,51
21335,Hongmeï,illidan,1215,monk,mistweaver,36,17,19
21336,Ludafist,whisperwind,1212,monk,mistweaver,72,37,35
21337,Aeress,kelthuzad,1208,monk,mistweaver,30,13,17
21338,Razod,stormrage,1207,monk,mistweaver,223,115,108
21339,Biggoosie,korgath,1206,monk,mistweaver,76,47,29
21340,Chunkynorris,stormscale,1206,monk,mistweaver,38,18,20
21341,Foomanshoes,shandris,1204,monk,mistweaver,52,14,38
21342,Dokfu,tichondrius,1201,monk,mistweaver,207,113,94
21343,Mango,spirestone,1201,monk,mistweaver,30,15,15
21344,Michaeljordn,destromath,1199,monk,mistweaver,44,16,28
21345,Pepperoncini,korgath,1199,monk,mistweaver,54,17,37
21346,Knucklebadge,tichondrius,1198,monk,mistweaver,24,13,11
21347,Menadraene,wyrmrest-accord,1198,monk,mistweaver,26,14,12
21348,Puffpuffp,nazgrel,1196,monk,mistweaver,24,13,11
21349,Zsalcior,jaedenar,1195,monk,mistweaver,36,24,12
21350,Safigirl,doomhammer,1195,monk,mistweaver,54,32,22
21351,Darkheälzz,sargeras,1194,monk,mistweaver,93,44,49
21352,Drexlla,barthilas,1191,monk,mistweaver,38,23,15
21353,Titofresh,quelthalas,1191,monk,mistweaver,33,15,18
21354,Eqoy,moon-guard,1191,monk,mistweaver,30,13,17
21355,Raphzen,stormrage,1189,monk,mistweaver,33,17,16
21356,Soapy,moon-guard,1188,monk,mistweaver,35,16,19
21357,Soothem,tichondrius,1187,monk,mistweaver,30,19,11
21358,Smokee,blackhand,1187,monk,mistweaver,30,15,15
21359,Puoll,gallywix,1186,monk,mistweaver,116,59,57
21360,Soderbergh,ysera,1185,monk,mistweaver,36,13,23
21361,Orenj,boulderfist,1182,monk,mistweaver,30,16,14
21362,Ratioed,moon-guard,1181,monk,mistweaver,47,32,15
21363,Galiplays,zangarmarsh,1180,monk,mistweaver,29,16,13
21364,Blackthorne,illidan,1179,monk,mistweaver,30,14,16
21365,Kreezoo,tichondrius,1178,monk,mistweaver,51,24,27
21366,Haruko,baelgun,1178,monk,mistweaver,40,13,27
21367,Kromkwando,burning-blade,1177,monk,mistweaver,42,13,29
21368,Iseeyouqt,tichondrius,1176,monk,mistweaver,20,13,7
21369,Touchkarma,stormrage,1175,monk,mistweaver,90,45,45
21370,Mongénoio,nemesis,1172,monk,mistweaver,26,13,13
21371,Hamandchi,sargeras,1169,monk,mistweaver,23,16,7
21372,Evílryü,quelthalas,1168,monk,mistweaver,27,16,11
21373,Darrhon,illidan,1166,monk,mistweaver,113,54,59
21374,Hie,laughing-skull,1166,monk,mistweaver,90,38,52
21375,Shwankeesha,thrall,1165,monk,mistweaver,28,14,14
21376,Brewball,illidan,1164,monk,mistweaver,23,13,10
21377,Stephani,turalyon,1162,monk,mistweaver,37,17,20
21378,Madmint,illidan,1159,monk,mistweaver,60,26,34
21379,Valdosta,bloodscalp,1158,monk,mistweaver,48,25,23
21380,Callibella,amanthul,1155,monk,mistweaver,26,13,13
21381,Xaurian,firetree,1153,monk,mistweaver,22,13,9
21382,Zxenn,tichondrius,1152,monk,mistweaver,18,12,6
21383,Envymonk,tichondrius,1152,monk,mistweaver,18,12,6
21384,Magmuruk,garrosh,1152,monk,mistweaver,18,12,6
21385,Iilgayrob,stormrage,1151,monk,mistweaver,18,12,6
21386,Billycobham,tichondrius,1151,monk,mistweaver,24,12,12
21387,Monkoala,illidan,1151,monk,mistweaver,36,17,19
21388,Fistër,area-52,1150,monk,mistweaver,24,12,12
21389,Strixx,silvermoon,1148,monk,mistweaver,30,21,9
21390,Onlythumbs,area-52,1148,monk,mistweaver,18,12,6
21391,Santhz,ragnaros,1148,monk,mistweaver,18,12,6
21392,Trojanz,malganis,1148,monk,mistweaver,24,12,12
21393,Zallie,frostmourne,1147,monk,mistweaver,18,12,6
21394,Kaniou,proudmoore,1146,monk,mistweaver,29,13,16
21395,Azenia,barthilas,1146,monk,mistweaver,30,12,18
21396,Jagichan,area-52,1145,monk,mistweaver,18,12,6
21397,Monkaveli,ursin,1145,monk,mistweaver,78,37,41
21398,Tamagotchi,emerald-dream,1144,monk,mistweaver,18,12,6
21399,Antimoine,saurfang,1144,monk,mistweaver,54,31,23
21400,Wraithfire,uldum,1144,monk,mistweaver,36,16,20
21401,Silito,drakkari,1142,monk,mistweaver,114,50,64
21402,Noctes,thunderlord,1141,monk,mistweaver,30,18,12
21403,Dreadknotz,hyjal,1139,monk,mistweaver,51,25,26
21404,Calmemaybe,darkspear,1138,monk,mistweaver,18,12,6
21405,Drfoochi,tichondrius,1138,monk,mistweaver,30,12,18
21406,Çuß,kelthuzad,1137,monk,mistweaver,30,12,18
21407,Lumïnous,moon-guard,1136,monk,mistweaver,30,14,16
21408,Kexti,wyrmrest-accord,1135,monk,mistweaver,45,18,27
21409,Paraíba,azralon,1135,monk,mistweaver,35,12,23
21410,Affrika,ragnaros,1133,monk,mistweaver,47,21,26
21411,Illushadio,moon-guard,1132,monk,mistweaver,18,12,6
21412,Herbivorous,sargeras,1131,monk,mistweaver,24,12,12
21413,Modelman,area-52,1130,monk,mistweaver,26,14,12
21414,Gobfu,emerald-dream,1130,monk,mistweaver,65,26,39
21415,Kongpoo,kelthuzad,1127,monk,mistweaver,21,14,7
21416,Fitmonje,drakkari,1126,monk,mistweaver,43,22,21
21417,Boostmonk,terenas,1126,monk,mistweaver,78,34,44
21418,Fistmeister,tichondrius,1125,monk,mistweaver,30,19,11
21419,Hastle,windrunner,1125,monk,mistweaver,72,40,32
21420,Crãsh,quelthalas,1125,monk,mistweaver,28,15,13
21421,Rxtea,darkspear,1124,monk,mistweaver,25,13,12
21422,Joeyfists,frostwolf,1124,monk,mistweaver,30,14,16
21423,Ursorcen,frostmourne,1122,monk,mistweaver,33,16,17
21424,Honjada,tichondrius,1121,monk,mistweaver,18,12,6
21425,Tinze,bonechewer,1121,monk,mistweaver,43,17,26
21426,Esotericzeo,mugthol,1119,monk,mistweaver,30,18,12
21427,Fluffykitty,deathwing,1119,monk,mistweaver,45,19,26
21428,Whiteknight,tichondrius,1118,monk,mistweaver,14,13,1
21429,Orbí,tichondrius,1111,monk,mistweaver,48,32,16
21430,Sukrit,darkspear,1111,monk,mistweaver,52,24,28
21431,Halfaling,tichondrius,1109,monk,mistweaver,18,12,6
21432,Lepasfin,sargeras,1108,monk,mistweaver,18,14,4
21433,Hammonk,deathwing,1107,monk,mistweaver,30,15,15
21434,Lolcutie,shandris,1105,monk,mistweaver,37,21,16
21435,Rowbur,thrall,1101,monk,mistweaver,57,36,21
21436,Emenboats,zuljin,1096,monk,mistweaver,70,44,26
21437,Fruitcakezz,arthas,1095,monk,mistweaver,18,12,6
21438,Kimonk,proudmoore,1095,monk,mistweaver,36,21,15
21439,Lushona,ragnaros,1093,monk,mistweaver,36,26,10
21440,Gentle,cenarius,1093,monk,mistweaver,26,12,14
21441,Dirtyshef,deathwing,1093,monk,mistweaver,57,18,39
21442,Shoguns,zuljin,1091,monk,mistweaver,48,24,24
21443,Brewamp,zuljin,1091,monk,mistweaver,29,13,16
21444,Coachputmein,barthilas,1086,monk,mistweaver,17,12,5
21445,Shaolyyn,zuljin,1086,monk,mistweaver,132,69,63
21446,Focalors,proudmoore,1085,monk,mistweaver,20,12,8
21447,Pwned,ghostlands,1078,monk,mistweaver,63,21,42
21448,Lzt,ragnaros,1075,monk,mistweaver,34,13,21
21449,Hapgido,deathwing,1074,monk,mistweaver,62,31,31
21450,Harryrichard,sargeras,1073,monk,mistweaver,23,12,11
21451,Rollypunch,illidan,1072,monk,mistweaver,22,12,10
21452,Lita,barthilas,1071,monk,mistweaver,17,12,5
21453,Keeanuweaves,tichondrius,1069,monk,mistweaver,13,12,1
21454,Hakushin,ragnaros,1067,monk,mistweaver,36,20,16
21455,Jackburton,deathwing,1066,monk,mistweaver,18,13,5
21456,Knucklez,frostwolf,1066,monk,mistweaver,64,36,28
21457,Lizavet,stormrage,1065,monk,mistweaver,30,22,8
21458,Cosetteb,proudmoore,1064,monk,mistweaver,23,12,11
21459,Hache,azjolnerub,1062,monk,mistweaver,86,37,49
21460,Chugs,malorne,1062,monk,mistweaver,57,16,41
21461,Duelist,the-scryers,1056,monk,mistweaver,12,11,1
21462,Lustymonk,kelthuzad,1056,monk,mistweaver,12,11,1
21463,Jmanownz,stormrage,1056,monk,mistweaver,12,11,1
21464,Mistussy,sargeras,1056,monk,mistweaver,18,11,7
21465,Yangzai,tichondrius,1056,monk,mistweaver,18,11,7
21466,Haren,gundrak,1056,monk,mistweaver,18,11,7
21467,Saitamâ,tichondrius,1056,monk,mistweaver,18,11,7
21468,Solidww,moon-guard,1055,monk,mistweaver,12,11,1
21469,Nevercranex,kirin-tor,1055,monk,mistweaver,12,11,1
21470,Ryanx,azjolnerub,1055,monk,mistweaver,18,11,7
21471,Iplus,thrall,1055,monk,mistweaver,18,11,7
21472,Bubear,stormreaver,1055,monk,mistweaver,18,11,7
21473,Undertickle,illidan,1055,monk,mistweaver,18,11,7
21474,Fkinbis,area-52,1055,monk,mistweaver,18,11,7
21475,Stephenia,tichondrius,1055,monk,mistweaver,18,11,7
21476,Alandis,spinebreaker,1055,monk,mistweaver,18,11,7
21477,Axibar,tichondrius,1055,monk,mistweaver,18,11,7
21478,Imafqnbaby,tichondrius,1055,monk,mistweaver,24,11,13
21479,Chillionaíre,proudmoore,1055,monk,mistweaver,24,11,13
21480,Kriticalkush,kelthuzad,1055,monk,mistweaver,24,11,13
21481,Pai,sargeras,1055,monk,mistweaver,24,11,13
21482,Lemmetouch,illidan,1055,monk,mistweaver,24,11,13
21483,Raonoc,sargeras,1055,monk,mistweaver,30,11,19
21484,Taelinn,moonrunner,1055,monk,mistweaver,30,11,19
21485,Wokoon,kelthuzad,1054,monk,mistweaver,15,12,3
21486,Børraicho,ragnaros,1054,monk,mistweaver,18,11,7
21487,Evilbit,boulderfist,1054,monk,mistweaver,18,11,7
21488,Punchopuncho,malganis,1054,monk,mistweaver,24,11,13
21489,Cungflu,crushridge,1054,monk,mistweaver,24,11,13
21490,Lindraice,illidan,1053,monk,mistweaver,18,11,7
21491,Zeelos,kelthuzad,1053,monk,mistweaver,18,11,7
21492,Zoochans,tichondrius,1053,monk,mistweaver,67,40,27
21493,Arahabaki,wyrmrest-accord,1053,monk,mistweaver,24,11,13
21494,Topanga,azralon,1053,monk,mistweaver,42,12,30
21495,Theymistbuda,kelthuzad,1052,monk,mistweaver,12,11,1
21496,Djslimweaver,stormrage,1052,monk,mistweaver,14,11,3
21497,Misooyom,moon-guard,1052,monk,mistweaver,18,11,7
21498,Wungpo,the-forgotten-coast,1052,monk,mistweaver,18,11,7
21499,Havasupai,turalyon,1052,monk,mistweaver,18,11,7
21500,Repbrew,sargeras,1052,monk,mistweaver,24,11,13
21501,Karnbroo,frostmourne,1052,monk,mistweaver,24,11,13
21502,Rolybones,boulderfist,1051,monk,mistweaver,19,11,8
21503,Steenkk,tichondrius,1051,monk,mistweaver,60,29,31
21504,Superbae,area-52,1051,monk,mistweaver,24,11,13
21505,Mcdubbles,korgath,1051,monk,mistweaver,30,11,19
21506,Fistful,destromath,1050,monk,mistweaver,12,11,1
21507,Eldrik,stormrage,1050,monk,mistweaver,18,11,7
21508,Dégg,thrall,1050,monk,mistweaver,18,11,7
21509,Mahhnaga,tichondrius,1050,monk,mistweaver,95,40,55
21510,Sevenpunch,area-52,1050,monk,mistweaver,30,11,19
21511,Dellunnax,azralon,1049,monk,mistweaver,18,11,7
21512,Pichiquechi,frostmourne,1049,monk,mistweaver,24,11,13
21513,Allegedheals,tichondrius,1048,monk,mistweaver,24,11,13
21514,Lochekx,stonemaul,1048,monk,mistweaver,48,17,31
21515,Ilani,malganis,1047,monk,mistweaver,18,11,7
21516,Proctology,tichondrius,1047,monk,mistweaver,18,11,7
21517,Gngrbeardman,tichondrius,1047,monk,mistweaver,27,12,15
21518,Shaolinmists,malganis,1045,monk,mistweaver,12,11,1
21519,Feynzen,frostmourne,1044,monk,mistweaver,18,11,7
21520,Philthyjutsu,moon-guard,1042,monk,mistweaver,12,11,1
21521,Dustyweaver,illidan,1039,monk,mistweaver,55,22,33
21522,Patman,nazjatar,1038,monk,mistweaver,18,12,6
21523,Teancrumpets,wyrmrest-accord,1038,monk,mistweaver,48,20,28
21524,Leësin,ragnaros,1037,monk,mistweaver,18,11,7
21525,Tadaku,dalaran,1033,monk,mistweaver,37,17,20
21526,Reinah,malganis,1033,monk,mistweaver,30,11,19
21527,Merand,tichondrius,1031,monk,mistweaver,36,20,16
21528,Baiji,gorefiend,1030,monk,mistweaver,12,11,1
21529,Joxo,nordrassil,1028,monk,mistweaver,18,13,5
21530,Marnartou,zuljin,1026,monk,mistweaver,12,11,1
21531,Ambuinc,burning-blade,1024,monk,mistweaver,18,11,7
21532,Dalillamas,sargeras,1023,monk,mistweaver,14,12,2
21533,Schein,sargeras,1023,monk,mistweaver,17,11,6
21534,Venomqt,laughing-skull,1021,monk,mistweaver,17,11,6
21535,Grizzchan,sargeras,1017,monk,mistweaver,17,11,6
21536,Ainz,nagrand,1016,monk,mistweaver,30,15,15
21537,Kocksnapper,stormreaver,1014,monk,mistweaver,86,48,38
21538,Hyugga,azralon,1010,monk,mistweaver,23,11,12
21539,Vitcheztein,ragnaros,1007,monk,mistweaver,17,11,6
21540,Twizzurp,magtheridon,1007,monk,mistweaver,21,12,9
21541,Bigjuicers,bleeding-hollow,1006,monk,mistweaver,17,11,6
21542,Bakus,tichondrius,1004,monk,mistweaver,23,12,11
21543,Kpeste,tichondrius,1001,monk,mistweaver,72,38,34
21544,Vencö,tichondrius,1001,monk,mistweaver,33,11,22
21545,Yookho,tichondrius,1000,monk,mistweaver,17,12,5
21546,Clutchinmist,malganis,1000,monk,mistweaver,40,12,28
21547,Chopy,dragonblight,999,monk,mistweaver,60,28,32
21548,Zendemic,thrall,996,monk,mistweaver,30,17,13
21549,Telrande,ysondre,994,monk,mistweaver,35,24,11
21550,Gòss,azgalor,993,monk,mistweaver,61,25,36
21551,Tisafister,kelthuzad,992,monk,mistweaver,28,12,16
21552,Bonquavius,thrall,990,monk,mistweaver,20,11,9
21553,Diagrams,tichondrius,988,monk,mistweaver,17,11,6
21554,Mintbear,illidan,984,monk,mistweaver,14,11,3
21555,Monkgringo,azralon,983,monk,mistweaver,48,27,21
21556,Hinudhera,barthilas,981,monk,mistweaver,80,37,43
21557,Bomer,moknathal,980,monk,mistweaver,49,29,20
21558,Winniethepoo,borean-tundra,975,monk,mistweaver,19,11,8
21559,Ogsimpsonn,tichondrius,972,monk,mistweaver,20,11,9
21560,Deadlyzz,gilneas,970,monk,mistweaver,93,48,45
21561,Whitepotato,bleeding-hollow,969,monk,mistweaver,126,65,61
21562,Sipu,wyrmrest-accord,969,monk,mistweaver,41,20,21
21563,Djwushu,blackhand,969,monk,mistweaver,26,11,15
21564,Woes,stormreaver,960,monk,mistweaver,12,10,2
21565,Drizzywow,arathor,960,monk,mistweaver,12,10,2
21566,Toonahroll,area-52,960,monk,mistweaver,12,10,2
21567,Klanianhere,sargeras,960,monk,mistweaver,12,10,2
21568,Gnet,azralon,960,monk,mistweaver,12,10,2
21569,Hype,ursin,960,monk,mistweaver,12,10,2
21570,Mywave,bleeding-hollow,960,monk,mistweaver,18,10,8
21571,Thatfknguy,sargeras,960,monk,mistweaver,18,10,8
21572,Dapperdabz,illidan,960,monk,mistweaver,18,10,8
21573,Greenfriend,illidan,960,monk,mistweaver,18,10,8
21574,Titti,korgath,960,monk,mistweaver,18,10,8
21575,Agilities,sargeras,960,monk,mistweaver,18,10,8
21576,Mauvem,tichondrius,960,monk,mistweaver,18,10,8
21577,Mlngo,illidan,960,monk,mistweaver,18,10,8
21578,Barlyfe,tichondrius,960,monk,mistweaver,24,10,14
21579,Suitosky,ragnaros,960,monk,mistweaver,24,10,14
21580,Nezkabad,frostmourne,959,monk,mistweaver,12,10,2
21581,Sharpstorm,darkspear,959,monk,mistweaver,12,10,2
21582,Hanlover,tichondrius,959,monk,mistweaver,12,10,2
21583,Shâdòw,ragnaros,959,monk,mistweaver,12,10,2
21584,Mïstyfïsty,moon-guard,959,monk,mistweaver,12,10,2
21585,Cymonka,sargeras,959,monk,mistweaver,18,10,8
21586,Insidedog,frostmourne,959,monk,mistweaver,18,10,8
21587,Truefists,stormrage,959,monk,mistweaver,18,10,8
21588,Diâblomw,barthilas,959,monk,mistweaver,18,10,8
21589,Chanîng,frostmourne,959,monk,mistweaver,18,10,8
21590,Melpaine,frostmourne,959,monk,mistweaver,18,10,8
21591,Monkmarz,malygos,959,monk,mistweaver,23,10,13
21592,Anabolicx,khazgoroth,959,monk,mistweaver,24,10,14
21593,Kåtê,sargeras,958,monk,mistweaver,12,10,2
21594,Monkgov,illidan,958,monk,mistweaver,18,10,8
21595,Trazmold,emerald-dream,958,monk,mistweaver,18,10,8
21596,Lostinmistz,tichondrius,958,monk,mistweaver,18,10,8
21597,Inkers,detheroc,957,monk,mistweaver,18,10,8
21598,Oldfashheals,tichondrius,957,monk,mistweaver,24,10,14
21599,Mizzycash,malganis,957,monk,mistweaver,26,10,16
21600,Bamboozile,arthas,956,monk,mistweaver,18,10,8
21601,Diligentmonk,illidan,955,monk,mistweaver,27,11,16
21602,Indigojo,silver-hand,955,monk,mistweaver,30,10,20
21603,Bojflow,dalaran,954,monk,mistweaver,18,10,8
21604,Wessex,sargeras,954,monk,mistweaver,18,10,8
21605,Aotd,tichondrius,954,monk,mistweaver,24,10,14
21606,Melrose,kiljaeden,953,monk,mistweaver,18,10,8
21607,Divaweaver,sargeras,953,monk,mistweaver,24,10,14
21608,Onemonkk,tichondrius,952,monk,mistweaver,91,43,48
21609,Kurtall,area-52,952,monk,mistweaver,24,10,14
21610,Rdmptn,bleeding-hollow,952,monk,mistweaver,24,10,14
21611,Fìst,hyjal,951,monk,mistweaver,18,10,8
21612,Kailzchi,area-52,951,monk,mistweaver,18,10,8
21613,Brewtalitops,illidan,950,monk,mistweaver,18,10,8
21614,Shinobui,jubeithos,950,monk,mistweaver,18,10,8
21615,Omegasix,nazjatar,949,monk,mistweaver,18,10,8
21616,Tigraxus,proudmoore,949,monk,mistweaver,24,10,14
21617,Palomagozzu,ragnaros,947,monk,mistweaver,18,10,8
21618,Gazzoxsan,chogall,946,monk,mistweaver,25,10,15
21619,Jæmz,moon-guard,944,monk,mistweaver,36,13,23
21620,Polofasho,illidan,934,monk,mistweaver,17,10,7
21621,Xbrewtal,tichondrius,929,monk,mistweaver,36,21,15
21622,Sahalee,sargeras,927,monk,mistweaver,38,18,20
21623,Ultramaga,dentarg,927,monk,mistweaver,28,10,18
21624,Nosweaver,malganis,926,monk,mistweaver,14,11,3
21625,Peachtea,burning-legion,926,monk,mistweaver,20,11,9
21626,Tcoon,frostmourne,925,monk,mistweaver,26,11,15
21627,Siamack,illidan,920,monk,mistweaver,14,11,3
21628,Madmoose,smolderthorn,919,monk,mistweaver,30,12,18
21629,Kratis,doomhammer,915,monk,mistweaver,71,28,43
21630,Karkata,sargeras,914,monk,mistweaver,48,20,28
21631,Kangeroo,tichondrius,912,monk,mistweaver,21,11,10
21632,Sensey,veknilash,910,monk,mistweaver,17,10,7
21633,Lovechabill,darkspear,906,monk,mistweaver,17,10,7
21634,Ægo,sargeras,906,monk,mistweaver,22,11,11
21635,Kfpanda,hellscream,897,monk,mistweaver,75,35,40
21636,Delassian,moon-guard,894,monk,mistweaver,37,16,21
21637,Inbu,tichondrius,893,monk,mistweaver,26,10,16
21638,Stickbundle,illidan,888,monk,mistweaver,15,11,4
21639,Edj,drenden,884,monk,mistweaver,75,37,38
21640,Galyndra,darkspear,877,monk,mistweaver,13,10,3
21641,Boojaa,silvermoon,866,monk,mistweaver,78,30,48
21642,Franqx,tichondrius,864,monk,mistweaver,12,9,3
21643,Rumor,lethon,864,monk,mistweaver,12,9,3
21644,Ggonext,wyrmrest-accord,864,monk,mistweaver,12,9,3
21645,Horndog,skullcrusher,864,monk,mistweaver,12,9,3
21646,Imnumberone,alterac-mountains,864,monk,mistweaver,12,9,3
21647,Miyung,quelthalas,864,monk,mistweaver,12,9,3
21648,Zbhm,illidan,864,monk,mistweaver,12,9,3
21649,Sâx,stormreaver,864,monk,mistweaver,12,9,3
21650,Flicksx,arthas,864,monk,mistweaver,12,9,3
21651,Mistyfisty,laughing-skull,864,monk,mistweaver,14,9,5
21652,Pantypirate,tichondrius,864,monk,mistweaver,18,9,9
21653,Gottí,sargeras,864,monk,mistweaver,18,9,9
21654,Kármah,emerald-dream,864,monk,mistweaver,18,9,9
21655,Xitearith,ragnaros,864,monk,mistweaver,18,9,9
21656,Demisodax,tichondrius,864,monk,mistweaver,18,9,9
21657,Pinkfairy,wyrmrest-accord,864,monk,mistweaver,18,9,9
21658,Hulkhogan,mugthol,863,monk,mistweaver,14,11,3
21659,Nevershower,malganis,863,monk,mistweaver,12,9,3
21660,Theminivan,sargeras,863,monk,mistweaver,12,9,3
21661,Brewley,thrall,863,monk,mistweaver,12,9,3
21662,Brewtillis,tichondrius,863,monk,mistweaver,12,9,3
21663,Kazzichi,area-52,863,monk,mistweaver,12,9,3
21664,Ztalian,moon-guard,863,monk,mistweaver,12,9,3
21665,Beastmonk,sargeras,863,monk,mistweaver,12,9,3
21666,Fistfreak,stormrage,863,monk,mistweaver,12,9,3
21667,Tjab,kiljaeden,863,monk,mistweaver,18,9,9
21668,Sumaran,hydraxis,863,monk,mistweaver,18,9,9
21669,Bootytoes,emerald-dream,863,monk,mistweaver,18,9,9
21670,Srgtbingo,azgalor,863,monk,mistweaver,18,9,9
21671,Icytoned,kelthuzad,863,monk,mistweaver,24,9,15
21672,Zac,veknilash,862,monk,mistweaver,12,9,3
21673,Ørçhid,ravenholdt,862,monk,mistweaver,12,9,3
21674,Pharmasee,proudmoore,862,monk,mistweaver,12,9,3
21675,Kungupanda,nesingwary,862,monk,mistweaver,24,9,15
21676,Kromrax,stormrage,862,monk,mistweaver,24,9,15
21677,Jhaded,tichondrius,862,monk,mistweaver,24,9,15
21678,Madussy,zuljin,862,monk,mistweaver,24,9,15
21679,Kirshta,kelthuzad,861,monk,mistweaver,12,9,3
21680,Gitwwrekd,area-52,861,monk,mistweaver,12,9,3
21681,Moonkers,tichondrius,860,monk,mistweaver,18,9,9
21682,Håzê,kul-tiras,860,monk,mistweaver,18,9,9
21683,Yudrin,zuljin,859,monk,mistweaver,24,9,15
21684,Atiantian,proudmoore,859,monk,mistweaver,30,9,21
21685,Monkism,warsong,855,monk,mistweaver,12,9,3
21686,Kafuru,quelthalas,855,monk,mistweaver,16,10,6
21687,Winwakamank,sargeras,855,monk,mistweaver,24,9,15
21688,Eago,sargeras,852,monk,mistweaver,24,9,15
21689,Mfmiscreant,illidan,852,monk,mistweaver,36,12,24
21690,Zeeboogerton,wildhammer,851,monk,mistweaver,12,9,3
21691,Bullshido,aerie-peak,851,monk,mistweaver,18,9,9
21692,Epptwo,aggramar,851,monk,mistweaver,30,9,21
21693,Ragepalm,aegwynn,848,monk,mistweaver,18,9,9
21694,Lilbee,azjolnerub,845,monk,mistweaver,18,9,9
21695,Sìrtankallot,stormrage,837,monk,mistweaver,32,9,23
21696,Kimchimaj,tichondrius,832,monk,mistweaver,18,9,9
21697,Twinktoez,bleeding-hollow,831,monk,mistweaver,14,10,4
21698,Sihgriid,tichondrius,826,monk,mistweaver,20,10,10
21699,Seaja,malganis,823,monk,mistweaver,99,26,73
21700,Kyndrïa,tichondrius,819,monk,mistweaver,65,26,39
21701,Eggwoll,velen,814,monk,mistweaver,15,10,5
21702,Matsakaicin,azralon,809,monk,mistweaver,22,10,12
21703,Goodluck,madoran,809,monk,mistweaver,27,10,17
21704,Gino,proudmoore,806,monk,mistweaver,178,79,99
21705,Tokkyo,frostmourne,804,monk,mistweaver,66,15,51
21706,Miraculer,drakkari,802,monk,mistweaver,22,10,12
21707,Picoree,frostmourne,799,monk,mistweaver,15,10,5
21708,Mastahp,tichondrius,797,monk,mistweaver,22,9,13
21709,Akfourseven,barthilas,795,monk,mistweaver,71,32,39
21710,Sivedrafely,arthas,793,monk,mistweaver,35,10,25
21711,Qlispe,bloodscalp,784,monk,mistweaver,76,35,41
21712,Dreamy,mugthol,773,monk,mistweaver,42,12,30
21713,Kobuya,tichondrius,768,monk,mistweaver,12,8,4
21714,Kaystorm,stormrage,768,monk,mistweaver,12,8,4
21715,Funkmunk,aegwynn,768,monk,mistweaver,12,8,4
21716,Tuladura,tichondrius,768,monk,mistweaver,12,8,4
21717,Shquiz,sargeras,768,monk,mistweaver,12,8,4
21718,Ninjachavez,tichondrius,768,monk,mistweaver,12,8,4
21719,Fangerlia,moon-guard,768,monk,mistweaver,12,8,4
21720,Monkzilla,tichondrius,768,monk,mistweaver,12,8,4
21721,Trezzic,aegwynn,768,monk,mistweaver,12,8,4
21722,Omnly,stormrage,768,monk,mistweaver,12,8,4
21723,Sainlaurent,tichondrius,768,monk,mistweaver,12,8,4
21724,Cuckoon,malganis,768,monk,mistweaver,12,8,4
21725,Udmonk,tichondrius,768,monk,mistweaver,12,8,4
21726,Picklefartjr,malfurion,768,monk,mistweaver,12,8,4
21727,Tubescreamer,barthilas,768,monk,mistweaver,12,8,4
21728,Bralex,black-dragonflight,768,monk,mistweaver,12,8,4
21729,Kaskã,tichondrius,768,monk,mistweaver,12,8,4
21730,Scrypter,proudmoore,768,monk,mistweaver,12,8,4
21731,Sàìñtàsønìà,kelthuzad,768,monk,mistweaver,12,8,4
21732,Snowbunny,llane,768,monk,mistweaver,12,8,4
21733,Danceschi,area-52,768,monk,mistweaver,18,8,10
21734,Backflip,nemesis,768,monk,mistweaver,18,8,10
21735,Pumpsx,area-52,768,monk,mistweaver,18,8,10
21736,Kwatann,bonechewer,768,monk,mistweaver,18,8,10
21737,Mmrmonkey,tichondrius,768,monk,mistweaver,18,8,10
21738,Watercowz,tichondrius,768,monk,mistweaver,18,8,10
21739,Rockyßalboa,sargeras,768,monk,mistweaver,18,8,10
21740,Torakigai,hyjal,768,monk,mistweaver,18,8,10
21741,Erwynz,tichondrius,768,monk,mistweaver,24,8,16
21742,Pungeebi,tichondrius,767,monk,mistweaver,12,8,4
21743,Abird,tichondrius,767,monk,mistweaver,12,8,4
21744,Mightbewôrth,thunderhorn,767,monk,mistweaver,12,8,4
21745,Blitzcombo,thrall,767,monk,mistweaver,12,8,4
21746,Sììre,tichondrius,767,monk,mistweaver,12,8,4
21747,Zenspice,stormrage,767,monk,mistweaver,12,8,4
21748,Chicheez,sargeras,767,monk,mistweaver,12,8,4
21749,Rilenn,area-52,767,monk,mistweaver,12,8,4
21750,Lenee,frostmourne,767,monk,mistweaver,12,8,4
21751,Kymosolomk,sargeras,767,monk,mistweaver,12,8,4
21752,Voltekkor,tichondrius,767,monk,mistweaver,14,8,6
21753,Bopmykarma,kelthuzad,767,monk,mistweaver,18,8,10
21754,Dabnhash,emerald-dream,767,monk,mistweaver,18,8,10
21755,Voodubrew,area-52,767,monk,mistweaver,18,8,10
21756,Dùffmán,jubeithos,767,monk,mistweaver,18,8,10
21757,Ocmonk,hyjal,767,monk,mistweaver,18,8,10
21758,Bogez,area-52,767,monk,mistweaver,18,8,10
21759,Barleygar,tichondrius,767,monk,mistweaver,18,8,10
21760,Benedïct,korgath,767,monk,mistweaver,18,8,10
21761,Elfass,bleeding-hollow,767,monk,mistweaver,18,8,10
21762,Onegai,illidan,767,monk,mistweaver,24,8,16
21763,Apexian,kelthuzad,766,monk,mistweaver,12,8,4
21764,Selfiestíck,tichondrius,766,monk,mistweaver,12,8,4
21765,Karaka,ysera,766,monk,mistweaver,12,8,4
21766,Shyntä,dalaran,766,monk,mistweaver,12,8,4
21767,Artomist,stormrage,766,monk,mistweaver,12,8,4
21768,Nakiki,cenarion-circle,766,monk,mistweaver,12,8,4
21769,Tàekwondo,drakkari,766,monk,mistweaver,18,8,10
21770,Fattyboy,area-52,765,monk,mistweaver,12,8,4
21771,Kung,tichondrius,765,monk,mistweaver,18,8,10
21772,Wzzi,tichondrius,765,monk,mistweaver,18,8,10
21773,Slinger,kalecgos,764,monk,mistweaver,16,9,7
21774,Scips,fizzcrank,764,monk,mistweaver,18,8,10
21775,Savyi,stormreaver,763,monk,mistweaver,12,8,4
21776,Kushmintz,whisperwind,762,monk,mistweaver,18,8,10
21777,Fufu,terokkar,761,monk,mistweaver,18,8,10
21778,Angrybrewski,tichondrius,757,monk,mistweaver,18,8,10
21779,Fusionspell,stormrage,747,monk,mistweaver,24,8,16
21780,Prddoss,quelthalas,745,monk,mistweaver,12,8,4
21781,Sätsu,bleeding-hollow,735,monk,mistweaver,17,8,9
21782,Áasuna,ragnaros,734,monk,mistweaver,20,9,11
21783,Thaliondor,stormrage,720,monk,mistweaver,15,9,6
21784,Kryflex,frostmourne,720,monk,mistweaver,15,9,6
21785,Bombshellxo,illidan,719,monk,mistweaver,11,8,3
21786,Cloq,kelthuzad,719,monk,mistweaver,17,8,9
21787,Keekirx,tichondrius,711,monk,mistweaver,22,10,12
21788,Rektfu,emerald-dream,708,monk,mistweaver,21,9,12
21789,Whee,wyrmrest-accord,703,monk,mistweaver,11,8,3
21790,Teddybéar,illidan,703,monk,mistweaver,14,8,6
21791,Keloxx,ragnaros,702,monk,mistweaver,16,10,6
21792,Hirav,khazgoroth,697,monk,mistweaver,21,9,12
21793,Shortbuss,aegwynn,696,monk,mistweaver,14,8,6
21794,Minttea,kiljaeden,690,monk,mistweaver,28,9,19
21795,Hunchojack,undermine,672,monk,mistweaver,10,8,2
21796,Galeindra,whisperwind,672,monk,mistweaver,12,7,5
21797,Laggytoodope,kelthuzad,672,monk,mistweaver,12,7,5
21798,Sweetröll,stormrage,672,monk,mistweaver,12,7,5
21799,Saiyañ,proudmoore,672,monk,mistweaver,12,7,5
21800,Abevx,bonechewer,672,monk,mistweaver,12,7,5
21801,Tooflyfobrew,sargeras,672,monk,mistweaver,12,7,5
21802,Alinejat,auchindoun,672,monk,mistweaver,12,7,5
21803,Pandatrainer,drakkari,672,monk,mistweaver,12,7,5
21804,Rookere,malganis,672,monk,mistweaver,12,7,5
21805,Mwr,frostmourne,672,monk,mistweaver,12,7,5
21806,Kegwalker,earthen-ring,672,monk,mistweaver,12,7,5
21807,Dogmonster,stormrage,672,monk,mistweaver,12,7,5
21808,Notrof,korgath,672,monk,mistweaver,12,7,5
21809,Moönk,tichondrius,672,monk,mistweaver,12,7,5
21810,Toothpick,blackrock,672,monk,mistweaver,12,7,5
21811,Mundane,sargeras,672,monk,mistweaver,12,7,5
21812,Lynio,area-52,672,monk,mistweaver,12,7,5
21813,Yaloon,stormrage,672,monk,mistweaver,12,7,5
21814,Kyrap,stormscale,672,monk,mistweaver,12,7,5
21815,Brimhildaa,tichondrius,672,monk,mistweaver,12,7,5
21816,Copamine,dalaran,672,monk,mistweaver,12,7,5
21817,Synpunch,tichondrius,672,monk,mistweaver,12,7,5
21818,Missclickx,azralon,672,monk,mistweaver,12,7,5
21819,Immersion,the-forgotten-coast,672,monk,mistweaver,12,7,5
21820,Aniwhy,tichondrius,672,monk,mistweaver,12,7,5
21821,Monkybizniss,skywall,672,monk,mistweaver,12,7,5
21822,Brokenfeels,azralon,672,monk,mistweaver,12,7,5
21823,Lilpøøter,tichondrius,672,monk,mistweaver,12,7,5
21824,Ashmisty,kelthuzad,672,monk,mistweaver,12,7,5
21825,Brantkicks,tichondrius,672,monk,mistweaver,12,7,5
21826,Jaxvisto,dalaran,672,monk,mistweaver,12,7,5
21827,Boorams,tichondrius,672,monk,mistweaver,12,7,5
21828,Zbell,sargeras,672,monk,mistweaver,12,7,5
21829,Darong,tichondrius,672,monk,mistweaver,12,7,5
21830,Fistay,burning-legion,672,monk,mistweaver,15,8,7
21831,Beejae,tichondrius,672,monk,mistweaver,14,7,7
21832,Èxpèrtisè,jubeithos,672,monk,mistweaver,14,7,7
21833,Sjw,icecrown,672,monk,mistweaver,14,7,7
21834,Argoholic,proudmoore,672,monk,mistweaver,18,7,11
21835,Thevy,area-52,672,monk,mistweaver,18,7,11
21836,Audrun,frostmourne,672,monk,mistweaver,18,7,11
21837,Monktu,frostmourne,672,monk,mistweaver,18,7,11
21838,Matthew,ravencrest,672,monk,mistweaver,18,7,11
21839,Rôbo,emerald-dream,671,monk,mistweaver,12,7,5
21840,Alisoly,tichondrius,671,monk,mistweaver,12,7,5
21841,Touzin,bleeding-hollow,671,monk,mistweaver,12,7,5
21842,Shwrmist,bleeding-hollow,671,monk,mistweaver,12,7,5
21843,Universalize,zuljin,671,monk,mistweaver,12,7,5
21844,Iwonson,mugthol,671,monk,mistweaver,12,7,5
21845,Delightni,area-52,671,monk,mistweaver,12,7,5
21846,Crankxx,malganis,671,monk,mistweaver,12,7,5
21847,Niculinha,nemesis,671,monk,mistweaver,12,7,5
21848,Jbonk,hyjal,671,monk,mistweaver,12,7,5
21849,Hornymonkale,thrall,671,monk,mistweaver,12,7,5
21850,Decha,skywall,671,monk,mistweaver,12,7,5
21851,Monkydoo,blackhand,671,monk,mistweaver,12,7,5
21852,Shórtlived,skullcrusher,671,monk,mistweaver,13,7,6
21853,Táishen,wyrmrest-accord,671,monk,mistweaver,16,8,8
21854,Bükki,ragnaros,671,monk,mistweaver,18,7,11
21855,Thahomie,nordrassil,671,monk,mistweaver,24,7,17
21856,Onlyfistss,illidan,670,monk,mistweaver,12,7,5
21857,Swann,stormreaver,670,monk,mistweaver,12,7,5
21858,Microdose,blackrock,670,monk,mistweaver,18,7,11
21859,Khaldi,tichondrius,670,monk,mistweaver,19,7,12
21860,Tusil,tichondrius,670,monk,mistweaver,24,7,17
21861,Pandaranga,saurfang,670,monk,mistweaver,28,8,20
21862,Unlemike,runetotem,669,monk,mistweaver,12,7,5
21863,Nymchi,stormrage,669,monk,mistweaver,12,7,5
21864,Melyodis,thrall,669,monk,mistweaver,18,7,11
21865,Rosinhood,illidan,667,monk,mistweaver,12,7,5
21866,Balooballs,frostmourne,667,monk,mistweaver,18,7,11
21867,Ghostmk,nagrand,667,monk,mistweaver,18,7,11
21868,Shihfu,azralon,667,monk,mistweaver,24,7,17
21869,Wetspaghetti,malganis,661,monk,mistweaver,18,7,11
21870,Munchan,hyjal,654,monk,mistweaver,11,9,2
21871,Matchuh,stormrage,643,monk,mistweaver,25,8,17
21872,Karu,barthilas,639,monk,mistweaver,18,8,10
21873,Rènh,ragnaros,639,monk,mistweaver,17,7,10
21874,Reflexsivex,malganis,638,monk,mistweaver,11,7,4
21875,Tomaz,nazjatar,632,monk,mistweaver,11,7,4
21876,Sourcandyx,area-52,624,monk,mistweaver,15,7,8
21877,Blessedbalor,tichondrius,624,monk,mistweaver,21,7,14
21878,Praydoh,tichondrius,623,monk,mistweaver,11,7,4
21879,Dasubb,crushridge,623,monk,mistweaver,11,7,4
21880,Azz,barthilas,623,monk,mistweaver,11,7,4
21881,Jetchi,proudmoore,623,monk,mistweaver,11,7,4
21882,Aerona,stormreaver,617,monk,mistweaver,12,8,4
21883,Jayjaybrew,area-52,615,monk,mistweaver,22,8,14
21884,Pandica,kiljaeden,607,monk,mistweaver,11,7,4
21885,Robochöp,emerald-dream,606,monk,mistweaver,14,7,7
21886,Monjepa,illidan,604,monk,mistweaver,20,7,13
21887,Kruxx,anvilmar,576,monk,mistweaver,6,6,0
21888,Chrîstmas,proudmoore,576,monk,mistweaver,6,6,0
21889,Larkssmw,zuljin,576,monk,mistweaver,6,6,0
21890,Watty,zuljin,576,monk,mistweaver,6,6,0
21891,Bdâwg,frostmourne,576,monk,mistweaver,6,6,0
21892,Søck,malfurion,576,monk,mistweaver,6,6,0
21893,Jg,staghelm,576,monk,mistweaver,6,6,0
21894,Munkï,tichondrius,576,monk,mistweaver,6,6,0
21895,Minivanmom,illidan,576,monk,mistweaver,6,6,0
21896,Nukeproof,stormreaver,576,monk,mistweaver,12,6,6
21897,Tunchii,sargeras,576,monk,mistweaver,12,6,6
21898,Chingwang,frostmourne,576,monk,mistweaver,12,6,6
21899,Imakeplaysyo,illidan,576,monk,mistweaver,12,6,6
21900,Magnustavick,bleeding-hollow,576,monk,mistweaver,12,6,6
21901,Bearmode,wyrmrest-accord,576,monk,mistweaver,12,6,6
21902,Mtsalt,bleeding-hollow,576,monk,mistweaver,12,6,6
21903,Broyoulined,spirestone,576,monk,mistweaver,12,6,6
21904,Fïish,stormrage,576,monk,mistweaver,12,6,6
21905,Dungfish,mugthol,576,monk,mistweaver,12,6,6
21906,Até,azralon,576,monk,mistweaver,12,6,6
21907,Jbg,staghelm,576,monk,mistweaver,12,6,6
21908,Boppweave,tichondrius,576,monk,mistweaver,12,6,6
21909,Trins,azjolnerub,576,monk,mistweaver,12,6,6
21910,Beaver,zuljin,576,monk,mistweaver,12,6,6
21911,Frothy,bleeding-hollow,576,monk,mistweaver,12,6,6
21912,Karrigwyn,tichondrius,576,monk,mistweaver,12,6,6
21913,Dracc,zuljin,576,monk,mistweaver,12,6,6
21914,Dreamfist,emerald-dream,576,monk,mistweaver,12,6,6
21915,Aerlin,tichondrius,576,monk,mistweaver,12,6,6
21916,Danceofchiji,tichondrius,576,monk,mistweaver,12,6,6
21917,Brujitsu,thrall,576,monk,mistweaver,12,6,6
21918,Lackofsleep,tichondrius,576,monk,mistweaver,12,6,6
21919,Zeshmo,firetree,576,monk,mistweaver,12,6,6
21920,Mënmä,ragnaros,576,monk,mistweaver,12,6,6
21921,Cerrado,emerald-dream,576,monk,mistweaver,12,6,6
21922,Kaztíel,ragnaros,576,monk,mistweaver,12,6,6
21923,Transcend,nerzhul,576,monk,mistweaver,12,6,6
21924,Faccemelter,illidan,576,monk,mistweaver,12,6,6
21925,Steyi,nazjatar,576,monk,mistweaver,12,6,6
21926,Gnomshini,proudmoore,576,monk,mistweaver,12,6,6
21927,Wèave,tichondrius,576,monk,mistweaver,12,6,6
21928,Janim,illidan,576,monk,mistweaver,12,6,6
21929,Meisterbrew,garona,576,monk,mistweaver,12,6,6
21930,Vayce,barthilas,576,monk,mistweaver,12,6,6
21931,Ñightingale,queldorei,576,monk,mistweaver,12,6,6
21932,Shadowbringr,proudmoore,576,monk,mistweaver,12,6,6
21933,Aiswalle,illidan,576,monk,mistweaver,12,6,6
21934,Wuwei,onyxia,576,monk,mistweaver,12,6,6
21935,Sekushî,kelthuzad,576,monk,mistweaver,12,6,6
21936,Ryukenshin,proudmoore,576,monk,mistweaver,12,6,6
21937,Khungfeu,area-52,576,monk,mistweaver,12,6,6
21938,Jieterchan,malganis,576,monk,mistweaver,12,6,6
21939,Eightpoint,illidan,576,monk,mistweaver,12,6,6
21940,Lumiän,area-52,576,monk,mistweaver,12,6,6
21941,Shaqkobe,area-52,576,monk,mistweaver,12,6,6
21942,Underpants,skullcrusher,576,monk,mistweaver,12,6,6
21943,Mesak,ragnaros,576,monk,mistweaver,15,7,8
21944,Zenblazer,illidan,576,monk,mistweaver,19,8,11
21945,Fistweebin,area-52,576,monk,mistweaver,18,6,12
21946,Tragictea,zuljin,576,monk,mistweaver,18,6,12
21947,Mwgapper,sargeras,576,monk,mistweaver,18,6,12
21948,Simarity,kelthuzad,576,monk,mistweaver,18,6,12
21949,Littlegeorge,moon-guard,575,monk,mistweaver,6,6,0
21950,Tohkmonk,crushridge,575,monk,mistweaver,6,6,0
21951,Nf,zuljin,575,monk,mistweaver,12,6,6
21952,Biglinky,sargeras,575,monk,mistweaver,12,6,6
21953,Laopow,area-52,575,monk,mistweaver,12,6,6
21954,Morhe,the-forgotten-coast,575,monk,mistweaver,12,6,6
21955,Medge,kelthuzad,575,monk,mistweaver,12,6,6
21956,Hibìscus,tichondrius,575,monk,mistweaver,12,6,6
21957,Clytpuncher,emerald-dream,575,monk,mistweaver,12,6,6
21958,Sknypicho,sargeras,575,monk,mistweaver,12,6,6
21959,Glitchi,area-52,575,monk,mistweaver,12,6,6
21960,Soysaucë,malganis,575,monk,mistweaver,12,6,6
21961,Criarla,tichondrius,575,monk,mistweaver,12,6,6
21962,Putisucia,nordrassil,575,monk,mistweaver,12,6,6
21963,Xinn,kiljaeden,575,monk,mistweaver,12,6,6
21964,Misha,akama,575,monk,mistweaver,12,6,6
21965,Itsjohnnylol,azuremyst,575,monk,mistweaver,12,6,6
21966,Rocketfist,bleeding-hollow,575,monk,mistweaver,12,6,6
21967,Ormchi,stormrage,575,monk,mistweaver,13,6,7
21968,Freepunchz,frostmourne,575,monk,mistweaver,18,6,12
21969,Opmother,elune,575,monk,mistweaver,18,6,12
21970,Fortyozkilla,thrall,575,monk,mistweaver,18,6,12
21971,Neww,tichondrius,575,monk,mistweaver,18,6,12
21972,Yanedin,dalaran,574,monk,mistweaver,12,6,6
21973,Beatboxblues,skullcrusher,574,monk,mistweaver,12,6,6
21974,Blorkk,area-52,574,monk,mistweaver,12,6,6
21975,Tubbytiph,ghostlands,574,monk,mistweaver,24,6,18
21976,Dokuho,silvermoon,572,monk,mistweaver,12,6,6
21977,Mënace,skullcrusher,572,monk,mistweaver,12,6,6
21978,Soulex,blackwater-raiders,572,monk,mistweaver,15,6,9
21979,Gaturis,tichondrius,572,monk,mistweaver,21,7,14
21980,Samanosukee,illidan,571,monk,mistweaver,12,6,6
21981,Bógus,tichondrius,571,monk,mistweaver,12,6,6
21982,Paladinei,tichondrius,571,monk,mistweaver,12,6,6
21983,Paniku,sargeras,569,monk,mistweaver,12,6,6
21984,Whosaidthat,frostmourne,568,monk,mistweaver,12,6,6
21985,Keekismonk,gorefiend,566,monk,mistweaver,12,6,6
21986,Dejohnette,quelthalas,565,monk,mistweaver,12,6,6
21987,Boofie,perenolde,559,monk,mistweaver,11,6,5
21988,Gyunyumanjuu,proudmoore,559,monk,mistweaver,11,6,5
21989,Sohéi,proudmoore,559,monk,mistweaver,17,6,11
21990,Fakelove,kelthuzad,544,monk,mistweaver,16,7,9
21991,Ñoobmonk,tichondrius,543,monk,mistweaver,11,6,5
21992,Saltyone,firetree,543,monk,mistweaver,14,7,7
21993,Monkeybooze,sargeras,543,monk,mistweaver,14,7,7
21994,Bigolagile,velen,537,monk,mistweaver,22,6,16
21995,Domisalamii,sargeras,527,monk,mistweaver,11,6,5
21996,Mastamonksta,illidan,512,monk,mistweaver,16,6,10
21997,Räyè,tichondrius,511,monk,mistweaver,8,6,2
21998,Oldmanwalker,mannoroth,511,monk,mistweaver,11,6,5
21999,Tbrew,area-52,511,monk,mistweaver,14,6,8
22000,Figurines,sargeras,496,monk,mistweaver,19,6,13
22001,Roskoh,area-52,493,monk,mistweaver,19,6,13
22002,Grumpî,tichondrius,480,monk,mistweaver,6,5,1
22003,Elcidw,tichondrius,480,monk,mistweaver,6,5,1
22004,Møzy,tichondrius,480,monk,mistweaver,6,5,1
22005,Pandatong,tichondrius,480,monk,mistweaver,6,5,1
22006,Rivnn,sargeras,480,monk,mistweaver,6,5,1
22007,Zammymonk,area-52,480,monk,mistweaver,6,5,1
22008,Theodôn,dalaran,480,monk,mistweaver,6,5,1
22009,Pyoapple,tichondrius,480,monk,mistweaver,6,5,1
22010,Getswept,area-52,480,monk,mistweaver,6,5,1
22011,Daddbear,kiljaeden,480,monk,mistweaver,6,5,1
22012,Yajirobei,area-52,480,monk,mistweaver,6,5,1
22013,Mistwalk,tichondrius,480,monk,mistweaver,6,5,1
22014,Satiremaster,frostmourne,480,monk,mistweaver,6,5,1
22015,Yuldaddy,tichondrius,480,monk,mistweaver,6,5,1
22016,Jurassaf,illidan,480,monk,mistweaver,6,5,1
22017,Pinot,dragonmaw,480,monk,mistweaver,6,5,1
22018,Koyon,sargeras,480,monk,mistweaver,6,5,1
22019,Zhuangnimane,tichondrius,480,monk,mistweaver,6,5,1
22020,Stepfíster,tichondrius,480,monk,mistweaver,6,5,1
22021,Vybe,frostmourne,480,monk,mistweaver,6,5,1
22022,Zuchi,barthilas,480,monk,mistweaver,6,5,1
22023,Kayflock,tichondrius,480,monk,mistweaver,6,5,1
22024,Møzy,darkspear,480,monk,mistweaver,6,5,1
22025,Meepz,arthas,480,monk,mistweaver,6,5,1
22026,Alvinete,tichondrius,480,monk,mistweaver,6,5,1
22027,Nickimínaj,illidan,480,monk,mistweaver,6,5,1
22028,Donatello,arthas,480,monk,mistweaver,6,5,1
22029,Khidda,barthilas,480,monk,mistweaver,6,5,1
22030,Genia,ragnaros,480,monk,mistweaver,6,5,1
22031,Spirits,dreadmaul,480,monk,mistweaver,6,5,1
22032,Ceronash,dalaran,480,monk,mistweaver,6,5,1
22033,Dbmmonk,malganis,480,monk,mistweaver,6,5,1
22034,Touchoftism,proudmoore,480,monk,mistweaver,6,5,1
22035,Siddharthä,barthilas,480,monk,mistweaver,6,5,1
22036,Choibaedal,tichondrius,480,monk,mistweaver,7,5,2
22037,Dragonwarior,zuluhed,480,monk,mistweaver,8,5,3
22038,Zenwyatt,area-52,480,monk,mistweaver,12,5,7
22039,Masonn,kiljaeden,480,monk,mistweaver,12,5,7
22040,Ouibaguette,kelthuzad,480,monk,mistweaver,12,5,7
22041,Amybaby,sargeras,480,monk,mistweaver,12,5,7
22042,Xavelha,tichondrius,480,monk,mistweaver,12,5,7
22043,Snooky,kiljaeden,480,monk,mistweaver,12,5,7
22044,Kaiøken,tichondrius,480,monk,mistweaver,12,5,7
22045,Whipllash,tichondrius,480,monk,mistweaver,12,5,7
22046,Piece,blackrock,480,monk,mistweaver,12,5,7
22047,Touchofdell,illidan,480,monk,mistweaver,12,5,7
22048,Kungfused,antonidas,480,monk,mistweaver,12,5,7
22049,Zarrend,stormrage,480,monk,mistweaver,12,5,7
22050,Cloudl,silvermoon,480,monk,mistweaver,12,5,7
22051,Biggyballs,tichondrius,480,monk,mistweaver,12,5,7
22052,Eraticmonk,illidan,480,monk,mistweaver,12,5,7
22053,Harmoñize,moon-guard,480,monk,mistweaver,12,5,7
22054,Chronost,sargeras,480,monk,mistweaver,12,5,7
22055,Btipton,tichondrius,480,monk,mistweaver,12,5,7
22056,Thehomìe,tichondrius,480,monk,mistweaver,12,5,7
22057,Judo,khadgar,480,monk,mistweaver,12,5,7
22058,Bigolbootay,tichondrius,480,monk,mistweaver,12,5,7
22059,Palumorww,deathwing,480,monk,mistweaver,12,5,7
22060,Malusiftw,tichondrius,480,monk,mistweaver,12,5,7
22061,Linxiss,tichondrius,480,monk,mistweaver,12,5,7
22062,Kimjongkick,sargeras,480,monk,mistweaver,12,5,7
22063,Vashnir,lothar,480,monk,mistweaver,12,5,7
22064,Duckpond,nerzhul,480,monk,mistweaver,12,5,7
22065,Femifist,lightbringer,480,monk,mistweaver,12,5,7
22066,Palden,blackrock,480,monk,mistweaver,12,5,7
22067,Gnarmony,malganis,480,monk,mistweaver,12,5,7
22068,Mistymarc,zuljin,480,monk,mistweaver,12,5,7
22069,Paradissô,tichondrius,480,monk,mistweaver,12,5,7
22070,Mythsmonkx,barthilas,480,monk,mistweaver,12,5,7
22071,Crìstiano,malganis,480,monk,mistweaver,12,5,7
22072,Nîxs,frostmourne,480,monk,mistweaver,12,5,7
22073,Otzyy,turalyon,480,monk,mistweaver,12,5,7
22074,Catchmemaybe,stormscale,480,monk,mistweaver,12,5,7
22075,Xiaotaimei,frostmourne,480,monk,mistweaver,12,5,7
22076,Onak,illidan,480,monk,mistweaver,12,5,7
22077,Cannenmonk,sargeras,480,monk,mistweaver,12,5,7
22078,Blackflag,queldorei,480,monk,mistweaver,18,5,13
22079,Bruiseu,illidan,480,monk,mistweaver,18,5,13
22080,Sna,dragonmaw,480,monk,mistweaver,18,5,13
22081,Cckknckr,sargeras,480,monk,mistweaver,24,5,19
22082,Màngø,ragnaros,480,monk,mistweaver,24,5,19
22083,Monqq,tichondrius,479,monk,mistweaver,6,5,1
22084,Badkarmasix,tichondrius,479,monk,mistweaver,6,5,1
22085,Chimpo,ragnaros,479,monk,mistweaver,12,5,7
22086,Wisepaw,tichondrius,479,monk,mistweaver,12,5,7
22087,Paticus,area-52,479,monk,mistweaver,12,5,7
22088,Bitrau,destromath,479,monk,mistweaver,12,5,7
22089,Troutz,sargeras,479,monk,mistweaver,12,5,7
22090,Tigmo,alleria,479,monk,mistweaver,12,5,7
22091,Annara,tichondrius,479,monk,mistweaver,12,5,7
22092,Tianhu,sargeras,479,monk,mistweaver,12,5,7
22093,Satchelgizmo,tichondrius,479,monk,mistweaver,18,5,13
22094,Manxxin,illidan,479,monk,mistweaver,18,5,13
22095,Ltsneaky,bladefist,479,monk,mistweaver,30,5,25
22096,Darksoult,kelthuzad,479,monk,mistweaver,30,5,25
22097,Shmello,akama,478,monk,mistweaver,6,5,1
22098,Cahuun,baelgun,478,monk,mistweaver,12,5,7
22099,Moojìtsu,stormrage,478,monk,mistweaver,12,5,7
22100,Tutulee,tichondrius,477,monk,mistweaver,6,5,1
22101,Yungsun,ragnaros,463,monk,mistweaver,13,6,7
22102,Drgigglez,tichondrius,463,monk,mistweaver,11,5,6
22103,Whatdaheal,darkspear,451,monk,mistweaver,36,9,27
22104,Majinyooshi,kelthuzad,448,monk,mistweaver,10,5,5
22105,Bengal,arthas,447,monk,mistweaver,11,5,6
22106,Beefdadyfist,tichondrius,440,monk,mistweaver,24,8,16
22107,Supmybrew,frostmourne,431,monk,mistweaver,11,5,6
22108,Indrazzxx,jubeithos,426,monk,mistweaver,11,7,4
22109,Bellátíx,quelthalas,426,monk,mistweaver,17,9,8
22110,Mindengo,sargeras,426,monk,mistweaver,15,7,8
22111,Obàma,tichondrius,426,monk,mistweaver,13,6,7
22112,Durath,burning-blade,415,monk,mistweaver,10,5,5
22113,Snoogiee,khazgoroth,384,monk,mistweaver,6,4,2
22114,Talker,stormrage,384,monk,mistweaver,6,4,2
22115,Renzin,gilneas,384,monk,mistweaver,6,4,2
22116,Brucetea,chogall,384,monk,mistweaver,6,4,2
22117,Vvsm,tichondrius,384,monk,mistweaver,6,4,2
22118,Fistfyre,kiljaeden,384,monk,mistweaver,6,4,2
22119,Moistspot,frostmourne,384,monk,mistweaver,6,4,2
22120,Põng,tichondrius,384,monk,mistweaver,6,4,2
22121,Globalmonk,emerald-dream,384,monk,mistweaver,6,4,2
22122,Lingerer,aerie-peak,384,monk,mistweaver,6,4,2
22123,Reoc,bleeding-hollow,384,monk,mistweaver,6,4,2
22124,Dude,tichondrius,384,monk,mistweaver,6,4,2
22125,Keepcryin,gorefiend,384,monk,mistweaver,6,4,2
22126,Kharazina,azralon,384,monk,mistweaver,6,4,2
22127,Nikitip,tichondrius,384,monk,mistweaver,6,4,2
22128,Doodoodookie,thunderhorn,384,monk,mistweaver,6,4,2
22129,Healkinxo,tichondrius,384,monk,mistweaver,6,4,2
22130,Ericfu,tichondrius,384,monk,mistweaver,6,4,2
22131,Qimeng,sargeras,384,monk,mistweaver,6,4,2
22132,Drchake,quelthalas,384,monk,mistweaver,6,4,2
22133,Nipfuu,maelstrom,384,monk,mistweaver,6,4,2
22134,Crentist,mannoroth,384,monk,mistweaver,6,4,2
22135,Scovillah,emerald-dream,384,monk,mistweaver,6,4,2
22136,Beersmonk,tichondrius,384,monk,mistweaver,6,4,2
22137,Tinyboots,area-52,384,monk,mistweaver,6,4,2
22138,Danie,nerzhul,384,monk,mistweaver,6,4,2
22139,Rizzjutsu,stormrage,384,monk,mistweaver,6,4,2
22140,Kokochiggy,tichondrius,384,monk,mistweaver,6,4,2
22141,Jellobag,frostmane,384,monk,mistweaver,6,4,2
22142,Glorioushole,area-52,384,monk,mistweaver,6,4,2
22143,Alshee,nagrand,384,monk,mistweaver,6,4,2
22144,Justamönk,moon-guard,384,monk,mistweaver,6,4,2
22145,Chopsake,khadgar,384,monk,mistweaver,6,4,2
22146,Mistyheals,emerald-dream,384,monk,mistweaver,6,4,2
22147,Howziexd,tichondrius,384,monk,mistweaver,6,4,2
22148,Throws,stormrage,384,monk,mistweaver,6,4,2
22149,Ufs,illidan,384,monk,mistweaver,6,4,2
22150,Avendare,tichondrius,384,monk,mistweaver,6,4,2
22151,Balduglybaby,tichondrius,384,monk,mistweaver,6,4,2
22152,Monkatron,arthas,384,monk,mistweaver,6,4,2
22153,Jâzze,zuljin,384,monk,mistweaver,6,4,2
22154,Freeoni,sargeras,384,monk,mistweaver,6,4,2
22155,Blpkosher,tichondrius,384,monk,mistweaver,6,4,2
22156,Kwazinator,area-52,384,monk,mistweaver,6,4,2
22157,Levoz,area-52,384,monk,mistweaver,6,4,2
22158,Vexed,illidan,384,monk,mistweaver,6,4,2
22159,Shakeweightt,blackrock,384,monk,mistweaver,6,4,2
22160,Creamchop,stormreaver,384,monk,mistweaver,6,4,2
22161,Scoopyafupa,illidan,384,monk,mistweaver,6,4,2
22162,Treysongz,illidan,384,monk,mistweaver,6,4,2
22163,Keyndanlamor,sargeras,384,monk,mistweaver,6,4,2
22164,Macnia,frostmourne,384,monk,mistweaver,6,4,2
22165,Dontchattome,sargeras,384,monk,mistweaver,6,4,2
22166,Dakism,sargeras,384,monk,mistweaver,6,4,2
22167,Zamzae,tichondrius,384,monk,mistweaver,6,4,2
22168,Lyla,aegwynn,384,monk,mistweaver,6,4,2
22169,Plopnspheres,arthas,384,monk,mistweaver,10,4,6
22170,Mockz,dentarg,384,monk,mistweaver,12,4,8
22171,Pandàmonium,frostmourne,384,monk,mistweaver,12,4,8
22172,Mõnk,illidan,384,monk,mistweaver,12,4,8
22173,Sim,frostmourne,384,monk,mistweaver,12,4,8
22174,Jincíe,area-52,384,monk,mistweaver,12,4,8
22175,Crakgirl,malganis,384,monk,mistweaver,12,4,8
22176,Hoyocochino,quelthalas,384,monk,mistweaver,12,4,8
22177,Frankènmonk,illidan,384,monk,mistweaver,12,4,8
22178,Valkana,kelthuzad,384,monk,mistweaver,12,4,8
22179,Pax,boulderfist,384,monk,mistweaver,12,4,8
22180,Mccoy,quelthalas,384,monk,mistweaver,12,4,8
22181,Nicolascåge,destromath,384,monk,mistweaver,12,4,8
22182,Hungrydevil,tichondrius,384,monk,mistweaver,12,4,8
22183,Chèmosh,fenris,384,monk,mistweaver,12,4,8
22184,Macktickle,zuljin,384,monk,mistweaver,12,4,8
22185,Shredmw,tichondrius,384,monk,mistweaver,12,4,8
22186,Tanipto,tichondrius,384,monk,mistweaver,12,4,8
22187,Jimbojenkins,bleeding-hollow,384,monk,mistweaver,12,4,8
22188,Sprinkli,sargeras,384,monk,mistweaver,12,4,8
22189,Windwalken,sargeras,384,monk,mistweaver,12,4,8
22190,Yunei,tichondrius,384,monk,mistweaver,12,4,8
22191,Fluffykaboom,destromath,384,monk,mistweaver,12,4,8
22192,Zënløvë,tichondrius,384,monk,mistweaver,12,4,8
22193,Fistorcstar,daggerspine,384,monk,mistweaver,12,4,8
22194,Neversweep,tichondrius,384,monk,mistweaver,12,4,8
22195,Nutbag,norgannon,384,monk,mistweaver,12,4,8
22196,Darylphilbin,emerald-dream,384,monk,mistweaver,12,4,8
22197,Darkeiji,stormrage,384,monk,mistweaver,12,4,8
22198,Mingfei,uther,384,monk,mistweaver,12,4,8
22199,Migchi,sargeras,384,monk,mistweaver,12,4,8
22200,Iamapotato,tichondrius,384,monk,mistweaver,18,4,14
22201,Rakesh,azralon,383,monk,mistweaver,6,4,2
22202,Therivermist,tichondrius,383,monk,mistweaver,6,4,2
22203,Fvl,barthilas,383,monk,mistweaver,12,4,8
22204,Zyemell,tichondrius,383,monk,mistweaver,12,4,8
22205,Esleif,moonrunner,383,monk,mistweaver,12,4,8
22206,Ciru,zangarmarsh,383,monk,mistweaver,12,4,8
22207,Jigong,bleeding-hollow,383,monk,mistweaver,12,4,8
22208,Izgoku,frostmane,383,monk,mistweaver,18,4,14
22209,Rollbot,kelthuzad,382,monk,mistweaver,6,4,2
22210,Drzoid,thrall,382,monk,mistweaver,12,4,8
22211,Sence,lightnings-blade,382,monk,mistweaver,18,4,14
22212,Jeme,tichondrius,379,monk,mistweaver,12,4,8
22213,Sáble,stormrage,351,monk,mistweaver,11,4,7
22214,Lenakai,malganis,351,monk,mistweaver,11,4,7
22215,Daddywarpig,tichondrius,336,monk,mistweaver,9,4,5
22216,Zhihua,moon-guard,336,monk,mistweaver,21,4,17
22217,ßiggiesmallz,barthilas,330,monk,mistweaver,12,5,7
22218,Xiaovega,dalaran,329,monk,mistweaver,16,5,11
22219,Kimchidelite,gorefiend,319,monk,mistweaver,5,4,1
22220,Hauntings,hellscream,319,monk,mistweaver,5,4,1
22221,Drkeen,frostmourne,288,monk,mistweaver,10,5,5
22222,Chayim,wyrmrest-accord,288,monk,mistweaver,6,3,3
22223,Berzerk,dalvengyr,288,monk,mistweaver,6,3,3
22224,Zchi,zuljin,288,monk,mistweaver,6,3,3
22225,Spacoli,stormrage,288,monk,mistweaver,6,3,3
22226,Austaar,frostmourne,288,monk,mistweaver,6,3,3
22227,Lundch,tichondrius,288,monk,mistweaver,6,3,3
22228,Ase,frostwolf,288,monk,mistweaver,6,3,3
22229,Stigzz,stormrage,288,monk,mistweaver,6,3,3
22230,Lyántrying,korgath,288,monk,mistweaver,6,3,3
22231,Giggacuck,frostmourne,288,monk,mistweaver,6,3,3
22232,Zaçh,frostmane,288,monk,mistweaver,6,3,3
22233,Seii,ravenholdt,288,monk,mistweaver,6,3,3
22234,Kayla,ursin,288,monk,mistweaver,6,3,3
22235,Lemeta,tichondrius,288,monk,mistweaver,6,3,3
22236,Zargtruth,proudmoore,288,monk,mistweaver,6,3,3
22237,Imisswodxo,illidan,288,monk,mistweaver,6,3,3
22238,Monkgodx,tichondrius,288,monk,mistweaver,6,3,3
22239,Gguldduck,tichondrius,288,monk,mistweaver,6,3,3
22240,Madson,darkspear,288,monk,mistweaver,6,3,3
22241,Növa,alterac-mountains,288,monk,mistweaver,6,3,3
22242,Bosschops,illidan,288,monk,mistweaver,6,3,3
22243,Khadfu,sargeras,288,monk,mistweaver,6,3,3
22244,Notcheez,area-52,288,monk,mistweaver,6,3,3
22245,Arinix,tichondrius,288,monk,mistweaver,6,3,3
22246,Greenteafrãp,bleeding-hollow,288,monk,mistweaver,6,3,3
22247,Skâ,kiljaeden,288,monk,mistweaver,6,3,3
22248,Voguex,area-52,288,monk,mistweaver,6,3,3
22249,Fammi,stormrage,288,monk,mistweaver,6,3,3
22250,Nomonko,tichondrius,288,monk,mistweaver,6,3,3
22251,Hundski,bleeding-hollow,288,monk,mistweaver,6,3,3
22252,Ðreadhot,malganis,288,monk,mistweaver,6,3,3
22253,Foxjade,thrall,288,monk,mistweaver,6,3,3
22254,Cädemaddöx,stormrage,288,monk,mistweaver,6,3,3
22255,Maripaulita,ragnaros,288,monk,mistweaver,6,3,3
22256,Chingu,ragnaros,288,monk,mistweaver,6,3,3
22257,Streetcreds,bleeding-hollow,288,monk,mistweaver,6,3,3
22258,Misswalk,ragnaros,288,monk,mistweaver,6,3,3
22259,Vidrus,gorefiend,288,monk,mistweaver,6,3,3
22260,Kármâ,darkspear,288,monk,mistweaver,6,3,3
22261,Densíty,kiljaeden,288,monk,mistweaver,6,3,3
22262,Dedmk,azralon,288,monk,mistweaver,6,3,3
22263,Droppinfast,sargeras,288,monk,mistweaver,6,3,3
22264,Miýagi,sargeras,288,monk,mistweaver,6,3,3
22265,Swansational,sargeras,288,monk,mistweaver,6,3,3
22266,Dbgzx,illidan,288,monk,mistweaver,6,3,3
22267,Nefazzto,ragnaros,288,monk,mistweaver,6,3,3
22268,ßöe,sargeras,288,monk,mistweaver,6,3,3
22269,Aphrodîîte,area-52,288,monk,mistweaver,6,3,3
22270,Cashina,azralon,288,monk,mistweaver,6,3,3
22271,Furrykisser,tichondrius,288,monk,mistweaver,6,3,3
22272,Jnziww,area-52,288,monk,mistweaver,6,3,3
22273,Maybeyooshi,kelthuzad,288,monk,mistweaver,6,3,3
22274,Möösê,moon-guard,288,monk,mistweaver,6,3,3
22275,Fysicalx,stormrage,288,monk,mistweaver,6,3,3
22276,Ighostgirls,thrall,288,monk,mistweaver,6,3,3
22277,Polyphia,lothar,288,monk,mistweaver,6,3,3
22278,Macproblem,malganis,288,monk,mistweaver,6,3,3
22279,Graoul,thaurissan,288,monk,mistweaver,6,3,3
22280,Fistin,laughing-skull,288,monk,mistweaver,6,3,3
22281,Bakanani,magtheridon,288,monk,mistweaver,6,3,3
22282,Tambher,lightbringer,288,monk,mistweaver,6,3,3
22283,Teclas,ragnaros,288,monk,mistweaver,6,3,3
22284,Rzeznik,boulderfist,288,monk,mistweaver,6,3,3
22285,Rasgacrú,stormrage,288,monk,mistweaver,6,3,3
22286,Kotonnoha,quelthalas,288,monk,mistweaver,6,3,3
22287,Thiccstroke,illidan,288,monk,mistweaver,6,3,3
22288,Mystï,silvermoon,288,monk,mistweaver,6,3,3
22289,Stunnedheals,arthas,288,monk,mistweaver,6,3,3
22290,Darkjab,tichondrius,288,monk,mistweaver,6,3,3
22291,Qoong,tichondrius,288,monk,mistweaver,6,3,3
22292,Spiritmist,sargeras,288,monk,mistweaver,6,3,3
22293,Grogio,wyrmrest-accord,288,monk,mistweaver,6,3,3
22294,Monaks,barthilas,288,monk,mistweaver,6,3,3
22295,Omnivò,emerald-dream,288,monk,mistweaver,6,3,3
22296,Zzizzi,tichondrius,288,monk,mistweaver,6,3,3
22297,Loppjr,tichondrius,288,monk,mistweaver,6,3,3
22298,Quartztiger,sargeras,288,monk,mistweaver,6,3,3
22299,Dgmonk,tichondrius,288,monk,mistweaver,6,3,3
22300,Duckingkarma,tichondrius,288,monk,mistweaver,6,3,3
22301,Feelsogöod,tichondrius,288,monk,mistweaver,6,3,3
22302,Quander,tichondrius,288,monk,mistweaver,6,3,3
22303,Facekandy,tichondrius,288,monk,mistweaver,6,3,3
22304,Spicybrew,tichondrius,288,monk,mistweaver,6,3,3
22305,Backup,lothar,288,monk,mistweaver,11,4,7
22306,Kúrios,azralon,288,monk,mistweaver,10,3,7
22307,Chilliweaver,frostmourne,288,monk,mistweaver,12,3,9
22308,Øtpp,sargeras,288,monk,mistweaver,12,3,9
22309,Sterow,kiljaeden,288,monk,mistweaver,12,3,9
22310,Mwtouch,nemesis,288,monk,mistweaver,12,3,9
22311,Korvishka,malganis,288,monk,mistweaver,12,3,9
22312,Hixemonk,illidan,288,monk,mistweaver,12,3,9
22313,Badnboojie,malganis,288,monk,mistweaver,12,3,9
22314,Katalina,alexstrasza,288,monk,mistweaver,12,3,9
22315,Fitofryfitof,aegwynn,288,monk,mistweaver,12,3,9
22316,Zignzag,stormscale,288,monk,mistweaver,12,3,9
22317,Dreadneck,sargeras,288,monk,mistweaver,12,3,9
22318,Gentlefists,sargeras,288,monk,mistweaver,12,3,9
22319,Absolutvodca,nemesis,288,monk,mistweaver,12,3,9
22320,Wørm,emerald-dream,288,monk,mistweaver,12,3,9
22321,Porkmist,icecrown,288,monk,mistweaver,12,3,9
22322,Selfîe,ysera,288,monk,mistweaver,12,3,9
22323,Wizcaulifa,stormrage,288,monk,mistweaver,12,3,9
22324,Prodivuss,stormrage,288,monk,mistweaver,12,3,9
22325,Imakiya,tichondrius,288,monk,mistweaver,17,3,14
22326,Iarw,tichondrius,287,monk,mistweaver,6,3,3
22327,Starskreem,tichondrius,287,monk,mistweaver,6,3,3
22328,Alanimistw,khadgar,287,monk,mistweaver,6,3,3
22329,Holandri,moon-guard,287,monk,mistweaver,6,3,3
22330,Baaron,sargeras,287,monk,mistweaver,6,3,3
22331,Gatsbi,arthas,287,monk,mistweaver,6,3,3
22332,Deyseddia,azgalor,287,monk,mistweaver,6,3,3
22333,Fistidmi,area-52,287,monk,mistweaver,11,4,7
22334,Shlumpuh,tichondrius,287,monk,mistweaver,16,4,12
22335,Uninvited,perenolde,286,monk,mistweaver,6,3,3
22336,Lilpielover,zuljin,286,monk,mistweaver,15,4,11
22337,Klassik,thrall,286,monk,mistweaver,21,4,17
22338,Fingies,garrosh,271,monk,mistweaver,11,3,8
22339,Howu,tichondrius,271,monk,mistweaver,11,3,8
22340,Timjongill,stormrage,271,monk,mistweaver,11,3,8
22341,Fiztingfaded,area-52,265,monk,mistweaver,20,6,14
22342,Lildae,burning-legion,256,monk,mistweaver,4,4,0
22343,Koragro,tichondrius,239,monk,mistweaver,5,3,2
22344,Honorviejos,illidan,239,monk,mistweaver,11,3,8
22345,Zeisei,wyrmrest-accord,234,monk,mistweaver,10,4,6
22346,Friedpanda,kelthuzad,234,monk,mistweaver,16,4,12
22347,Hirado,kelthuzad,234,monk,mistweaver,16,4,12
22348,Happymonk,tichondrius,233,monk,mistweaver,37,4,33
22349,Shaotee,tichondrius,208,monk,mistweaver,7,3,4
22350,Fujiô,illidan,192,monk,mistweaver,4,3,1
22351,Furryfisttin,illidan,192,monk,mistweaver,8,3,5
22352,Feihung,executus,192,monk,mistweaver,6,2,4
22353,Hitchslapz,tichondrius,192,monk,mistweaver,6,2,4
22354,Djbluezx,tichondrius,192,monk,mistweaver,6,2,4
22355,Alfonzó,tichondrius,192,monk,mistweaver,6,2,4
22356,Tigerlust,sargeras,192,monk,mistweaver,6,2,4
22357,Fortnight,emerald-dream,192,monk,mistweaver,6,2,4
22358,Wamii,tichondrius,192,monk,mistweaver,6,2,4
22359,Míyãgí,tichondrius,192,monk,mistweaver,6,2,4
22360,Aquamonk,tichondrius,192,monk,mistweaver,6,2,4
22361,Rollsrice,area-52,192,monk,mistweaver,6,2,4
22362,Lilknucks,bonechewer,192,monk,mistweaver,6,2,4
22363,Broxxenidas,quelthalas,192,monk,mistweaver,6,2,4
22364,Bamboøzled,daggerspine,192,monk,mistweaver,6,2,4
22365,Zxychi,hyjal,192,monk,mistweaver,6,2,4
22366,Melocotonn,goldrinn,192,monk,mistweaver,6,2,4
22367,Acena,stormrage,192,monk,mistweaver,6,2,4
22368,Rubntug,zuljin,192,monk,mistweaver,6,2,4
22369,Rekque,amanthul,192,monk,mistweaver,6,2,4
22370,Caralia,exodar,192,monk,mistweaver,6,2,4
22371,Banidiin,moon-guard,192,monk,mistweaver,6,2,4
22372,Zåz,nazgrel,192,monk,mistweaver,6,2,4
22373,Odradek,thunderlord,192,monk,mistweaver,6,2,4
22374,Theriní,stormrage,192,monk,mistweaver,6,2,4
22375,Silkymoves,tichondrius,192,monk,mistweaver,6,2,4
22376,Bodyshot,area-52,192,monk,mistweaver,6,2,4
22377,Skadouch,wyrmrest-accord,192,monk,mistweaver,6,2,4
22378,Hugerichard,wyrmrest-accord,192,monk,mistweaver,6,2,4
22379,Iililiililil,stormrage,192,monk,mistweaver,6,2,4
22380,Nilonsso,sargeras,192,monk,mistweaver,6,2,4
22381,Primez,frostmourne,192,monk,mistweaver,6,2,4
22382,Notastreamer,frostmourne,192,monk,mistweaver,6,2,4
22383,Ashenn,area-52,192,monk,mistweaver,6,2,4
22384,Xanzee,area-52,192,monk,mistweaver,6,2,4
22385,Sebasu,perenolde,192,monk,mistweaver,6,2,4
22386,Mistbeard,aggramar,192,monk,mistweaver,6,2,4
22387,Fäded,trollbane,192,monk,mistweaver,6,2,4
22388,Shaweaver,caelestrasz,192,monk,mistweaver,6,2,4
22389,Streetjezus,bloodhoof,192,monk,mistweaver,6,2,4
22390,Privm,moonrunner,192,monk,mistweaver,6,2,4
22391,Monky,black-dragonflight,192,monk,mistweaver,6,2,4
22392,Tarae,nagrand,192,monk,mistweaver,6,2,4
22393,Kîkû,moon-guard,192,monk,mistweaver,6,2,4
22394,Kickflipy,dalaran,192,monk,mistweaver,6,2,4
22395,Drfistyfingr,malganis,192,monk,mistweaver,6,2,4
22396,Maqaveli,sargeras,192,monk,mistweaver,6,2,4
22397,Zengoku,zuljin,192,monk,mistweaver,6,2,4
22398,Jaybum,sargeras,192,monk,mistweaver,6,2,4
22399,Selocke,bleeding-hollow,192,monk,mistweaver,6,2,4
22400,Fïstbeaver,malganis,192,monk,mistweaver,6,2,4
22401,Demödras,stormrage,192,monk,mistweaver,6,2,4
22402,Foxmacleod,bleeding-hollow,192,monk,mistweaver,6,2,4
22403,Prodigious,illidan,192,monk,mistweaver,6,2,4
22404,Taintickler,stormrage,192,monk,mistweaver,6,2,4
22405,Kåelarayn,moon-guard,192,monk,mistweaver,6,2,4
22406,Apparent,lightnings-blade,192,monk,mistweaver,6,2,4
22407,Quickhands,dalaran,192,monk,mistweaver,6,2,4
22408,Jittersx,silvermoon,192,monk,mistweaver,6,2,4
22409,Onepunch,exodar,192,monk,mistweaver,7,2,5
22410,Coffeek,area-52,192,monk,mistweaver,8,2,6
22411,Glowsgreenby,area-52,192,monk,mistweaver,8,2,6
22412,Whtnyhuston,sargeras,192,monk,mistweaver,8,2,6
22413,Whynotec,tichondrius,192,monk,mistweaver,12,2,10
22414,Hellcow,frostmourne,192,monk,mistweaver,12,2,10
22415,Bubblekit,nerzhul,192,monk,mistweaver,12,2,10
22416,Missmagda,darkspear,192,monk,mistweaver,12,2,10
22417,Tacoma,sargeras,192,monk,mistweaver,12,2,10
22418,Mung,boulderfist,192,monk,mistweaver,12,2,10
22419,Gândhi,kiljaeden,192,monk,mistweaver,12,2,10
22420,Monkik,laughing-skull,192,monk,mistweaver,12,2,10
22421,Taymonk,stormrage,192,monk,mistweaver,12,2,10
22422,Yomamaflo,wildhammer,192,monk,mistweaver,12,2,10
22423,Kick,dragonmaw,192,monk,mistweaver,12,2,10
22424,Ixport78F298,moon-guard,192,monk,mistweaver,12,2,10
22425,Ðetroitsmash,sargeras,192,monk,mistweaver,12,2,10
22426,Sanytea,sargeras,192,monk,mistweaver,12,2,10
22427,Chuggernaut,illidan,192,monk,mistweaver,15,2,13
22428,Fatde,daggerspine,192,monk,mistweaver,18,2,16
22429,Farmerstan,sargeras,192,monk,mistweaver,18,2,16
22430,Senzmist,lightbringer,191,monk,mistweaver,6,2,4
22431,Honestworkz,area-52,191,monk,mistweaver,6,2,4
22432,Realisthands,barthilas,191,monk,mistweaver,6,2,4
22433,Rorik,deathwing,191,monk,mistweaver,12,2,10
22434,Phystweaver,malganis,175,monk,mistweaver,11,2,9
22435,Saucyfists,silvermoon,144,monk,mistweaver,3,3,0
22436,Miestro,tichondrius,138,monk,mistweaver,6,3,3
22437,Fijiwater,stormrage,138,monk,mistweaver,9,3,6
22438,ßøøstêðçhåñ,illidan,138,monk,mistweaver,9,3,6
22439,Slimweaver,stormrage,138,monk,mistweaver,13,4,9
22440,Vyostao,ragnaros,138,monk,mistweaver,11,3,8
22441,Averagéjoe,tichondrius,127,monk,mistweaver,8,2,6
22442,Mysstickle,icecrown,96,monk,mistweaver,3,2,1
22443,Danicah,altar-of-storms,96,monk,mistweaver,6,1,5
22444,Jamesboong,illidan,96,monk,mistweaver,6,1,5
22445,Ogmonk,skullcrusher,96,monk,mistweaver,6,1,5
22446,Stickyloads,illidan,96,monk,mistweaver,6,1,5
22447,Kenvuki,emerald-dream,96,monk,mistweaver,6,1,5
22448,Kaÿñ,area-52,96,monk,mistweaver,6,1,5
22449,Ünarù,area-52,96,monk,mistweaver,6,1,5
22450,Shrimptown,dalaran,96,monk,mistweaver,6,1,5
22451,Théophila,illidan,96,monk,mistweaver,6,1,5
22452,Raylá,kelthuzad,96,monk,mistweaver,6,1,5
22453,Charrek,zuljin,96,monk,mistweaver,6,1,5
22454,Kiawe,zuljin,96,monk,mistweaver,6,1,5
22455,Kungfucheeks,illidan,96,monk,mistweaver,6,1,5
22456,Ezpzmonk,bloodscalp,96,monk,mistweaver,6,1,5
22457,Zrza,tichondrius,96,monk,mistweaver,6,1,5
22458,Monkuxe,zuljin,96,monk,mistweaver,6,1,5
22459,Bannedbybliz,thrall,96,monk,mistweaver,6,1,5
22460,Dirack,quelthalas,96,monk,mistweaver,6,1,5
22461,Naveex,bleeding-hollow,96,monk,mistweaver,6,1,5
22462,Brewtalìty,tichondrius,96,monk,mistweaver,6,1,5
22463,Yangdingtian,sargeras,96,monk,mistweaver,6,1,5
22464,Turkeydinner,frostmourne,96,monk,mistweaver,6,1,5
22465,Kimmyfists,tichondrius,96,monk,mistweaver,6,1,5
22466,Fatboyswag,tichondrius,96,monk,mistweaver,6,1,5
22467,Súprä,stormrage,96,monk,mistweaver,6,1,5
22468,Dankestkhan,korialstrasz,96,monk,mistweaver,6,1,5
22469,Findorato,windrunner,96,monk,mistweaver,6,1,5
22470,Limejuulpod,malganis,96,monk,mistweaver,6,1,5
22471,Squidbillie,moon-guard,96,monk,mistweaver,6,1,5
22472,Rockfu,illidan,96,monk,mistweaver,6,1,5
22473,Tzobee,stormrage,96,monk,mistweaver,6,1,5
22474,Kayakpunch,moon-guard,96,monk,mistweaver,6,1,5
22475,Ruion,moon-guard,96,monk,mistweaver,6,1,5
22476,Criminall,aegwynn,96,monk,mistweaver,6,1,5
22477,Samaera,uther,96,monk,mistweaver,6,1,5
22478,Froggie,illidan,96,monk,mistweaver,6,1,5
22479,Notthefather,area-52,96,monk,mistweaver,6,1,5
22480,Lomist,nazjatar,96,monk,mistweaver,6,1,5
22481,Daeio,burning-legion,96,monk,mistweaver,6,1,5
22482,Hedgefrogs,stormrage,96,monk,mistweaver,6,1,5
22483,Lainerya,moon-guard,96,monk,mistweaver,6,1,5
22484,Faméd,stormrage,96,monk,mistweaver,8,1,7
22485,Eliwenn,ragnaros,96,monk,mistweaver,12,1,11
22486,Zenmidget,kelthuzad,96,monk,mistweaver,12,1,11
22487,Ghostsofur,tichondrius,96,monk,mistweaver,12,1,11
22488,Selectra,malfurion,95,monk,mistweaver,6,1,5
22489,Sputnîk,nemesis,84,monk,mistweaver,16,6,10
22490,Excitable,moon-guard,84,monk,mistweaver,11,4,7
22491,Clixstermonk,area-52,79,monk,mistweaver,5,1,4
22492,Fairymonk,frostwolf,79,monk,mistweaver,5,1,4
22493,Jentmonk,tichondrius,64,monk,mistweaver,4,1,3
22494,Thalreyzian,vashj,64,monk,mistweaver,4,1,3
22495,Deethnutth,bleeding-hollow,63,monk,mistweaver,2,2,0
22496,Fumoo,sargeras,42,monk,mistweaver,10,3,7
22497,Yuløn,illidan,31,monk,mistweaver,2,1,1
22498,Vazana,moon-guard,30,monk,mistweaver,18,7,11
22499,Epucphail,kelthuzad,1221,monk,brewmaster,78,33,45
22500,Worldpvp,nerzhul,1049,monk,brewmaster,33,12,21
22501,Omgar,frostmourne,1046,monk,brewmaster,44,17,27
22502,Daesun,quelthalas,672,monk,brewmaster,12,7,5
22503,Morpheous,whisperwind,383,monk,brewmaster,6,4,2
22504,Doughboy,skullcrusher,383,monk,brewmaster,12,4,8
22505,Robbo,tichondrius,288,monk,brewmaster,6,3,3
22506,Genié,moon-guard,288,monk,brewmaster,6,3,3
22507,Quaria,moon-guard,288,monk,brewmaster,18,3,15
22508,Lonebamboo,tichondrius,192,monk,brewmaster,6,2,4
22509,Rín,dalaran,192,monk,brewmaster,6,2,4
22510,Drunkfight,zuljin,192,monk,brewmaster,18,2,16
22511,Encry,zuljin,191,monk,brewmaster,6,2,4
22512,Ferrarí,quelthalas,79,monk,brewmaster,11,1,10
22513,Neighbors,sargeras,2287,monk,windwalker,139,76,63
22514,Iminglee,area-52,2240,monk,windwalker,112,59,53
22515,Keyam,illidan,2208,monk,windwalker,101,54,47
22516,Primez,frostmourne,2195,monk,windwalker,83,45,38
22517,Yerky,stormrage,2184,monk,windwalker,83,46,37
22518,Judo,agamaggan,2157,monk,windwalker,86,46,40
22519,Fueld,burning-legion,2156,monk,windwalker,360,184,176
22520,Sean,nazjatar,2143,monk,windwalker,72,38,34
22521,Senseiww,sargeras,2143,monk,windwalker,126,64,62
22522,Pacmankr,tichondrius,2135,monk,windwalker,153,80,73
22523,Thewy,tichondrius,2132,monk,windwalker,108,55,53
22524,Droguex,tichondrius,2128,monk,windwalker,222,111,111
22525,Cmx,sargeras,2125,monk,windwalker,172,88,84
22526,Riversøng,frostmourne,2115,monk,windwalker,84,46,38
22527,Chyx,tichondrius,2113,monk,windwalker,112,57,55
22528,Flattsww,tichondrius,2111,monk,windwalker,274,140,134
22529,Stárset,illidan,2104,monk,windwalker,96,54,42
22530,Iílílílílílí,area-52,2101,monk,windwalker,84,43,41
22531,Catgallery,tichondrius,2100,monk,windwalker,203,105,98
22532,Homun,tichondrius,2100,monk,windwalker,94,46,48
22533,Fatal,bonechewer,2059,monk,windwalker,118,65,53
22534,Rickybobbyx,vashj,2057,monk,windwalker,113,56,57
22535,Hypnøtìze,frostmourne,2055,monk,windwalker,185,98,87
22536,Larryjonés,area-52,2051,monk,windwalker,203,103,100
22537,Rytes,moon-guard,2050,monk,windwalker,171,91,80
22538,Bigherosixx,tichondrius,2042,monk,windwalker,114,60,54
22539,Liamllama,barthilas,2036,monk,windwalker,176,92,84
22540,Hiurge,tichondrius,2035,monk,windwalker,72,41,31
22541,Edenx,sargeras,2022,monk,windwalker,54,33,21
22542,Blackpandax,tichondrius,2008,monk,windwalker,107,55,52
22543,Spotifyfan,ysera,1994,monk,windwalker,189,103,86
22544,Madtiger,scilla,1993,monk,windwalker,123,64,59
22545,Cuteirl,tichondrius,1970,monk,windwalker,84,53,31
22546,Inbu,tichondrius,1968,monk,windwalker,135,68,67
22547,Shïvïr,azralon,1962,monk,windwalker,171,89,82
22548,Fínzy,tichondrius,1962,monk,windwalker,203,104,99
22549,Crashandflow,zuljin,1961,monk,windwalker,60,33,27
22550,Bdw,tichondrius,1955,monk,windwalker,142,84,58
22551,Robbo,tichondrius,1949,monk,windwalker,71,37,34
22552,Shírÿu,azralon,1943,monk,windwalker,71,39,32
22553,Chopt,zuljin,1940,monk,windwalker,78,36,42
22554,Repbrew,sargeras,1934,monk,windwalker,81,40,41
22555,Touchofdeáth,stormrage,1933,monk,windwalker,143,77,66
22556,Baddi,uldum,1931,monk,windwalker,154,79,75
22557,Wondý,quelthalas,1931,monk,windwalker,173,86,87
22558,Nehji,illidan,1927,monk,windwalker,141,70,71
22559,Serthean,illidan,1919,monk,windwalker,158,81,77
22560,Conngaline,stormreaver,1918,monk,windwalker,359,177,182
22561,Dzq,stormrage,1906,monk,windwalker,87,48,39
22562,Xølik,draenor,1905,monk,windwalker,42,30,12
22563,Omnly,stormrage,1901,monk,windwalker,56,30,26
22564,Artam,thrall,1900,monk,windwalker,71,44,27
22565,Weathermanxv,kelthuzad,1896,monk,windwalker,123,56,67
22566,Duhäst,sargeras,1895,monk,windwalker,78,46,32
22567,Wwlékinhø,azralon,1894,monk,windwalker,60,35,25
22568,Threnody,malganis,1891,monk,windwalker,82,39,43
22569,Sínsayer,tichondrius,1888,monk,windwalker,102,45,57
22570,Lodbork,tichondrius,1887,monk,windwalker,437,223,214
22571,Lhiri,moon-guard,1886,monk,windwalker,65,33,32
22572,Marçi,moon-guard,1883,monk,windwalker,127,61,66
22573,Maozhën,tichondrius,1882,monk,windwalker,60,31,29
22574,Frootsmoothi,thrall,1871,monk,windwalker,95,45,50
22575,Gaslighterr,tichondrius,1869,monk,windwalker,42,27,15
22576,Jaxvisto,dalaran,1868,monk,windwalker,101,51,50
22577,Screwz,tichondrius,1867,monk,windwalker,67,33,34
22578,Yuujitsu,sargeras,1863,monk,windwalker,157,82,75
22579,Mikeyx,area-52,1862,monk,windwalker,36,21,15
22580,Choplo,demon-soul,1859,monk,windwalker,60,32,28
22581,Mikephoenix,tichondrius,1851,monk,windwalker,121,62,59
22582,Torkscrew,bleeding-hollow,1850,monk,windwalker,36,21,15
22583,Alshee,nagrand,1846,monk,windwalker,45,24,21
22584,Guylian,tichondrius,1845,monk,windwalker,58,30,28
22585,Tschi,illidan,1844,monk,windwalker,42,29,13
22586,Helvectius,tichondrius,1843,monk,windwalker,192,90,102
22587,Smokechief,hyjal,1841,monk,windwalker,48,27,21
22588,Züdo,area-52,1841,monk,windwalker,105,55,50
22589,Allmight,wyrmrest-accord,1839,monk,windwalker,105,58,47
22590,Broomooster,bleeding-hollow,1839,monk,windwalker,53,24,29
22591,Napbox,bleeding-hollow,1837,monk,windwalker,152,79,73
22592,Absurd,mannoroth,1836,monk,windwalker,33,21,12
22593,Unhappyclown,tichondrius,1836,monk,windwalker,155,87,68
22594,Kuranchi,sargeras,1836,monk,windwalker,42,23,19
22595,Sunfistway,sargeras,1835,monk,windwalker,80,48,32
22596,Karmerr,proudmoore,1835,monk,windwalker,66,35,31
22597,Tippytap,bleeding-hollow,1826,monk,windwalker,83,39,44
22598,Lopez,sargeras,1825,monk,windwalker,54,35,19
22599,Backfliptime,ragnaros,1825,monk,windwalker,46,28,18
22600,Lahri,silvermoon,1824,monk,windwalker,74,45,29
22601,Nelariah,wyrmrest-accord,1822,monk,windwalker,59,28,31
22602,Sylash,ragnaros,1821,monk,windwalker,36,21,15
22603,Sentomaru,bleeding-hollow,1820,monk,windwalker,66,33,33
22604,Vybïn,tichondrius,1816,monk,windwalker,294,146,148
22605,Micai,thrall,1813,monk,windwalker,42,25,17
22606,Doczen,malganis,1812,monk,windwalker,60,29,31
22607,Jamut,stormrage,1812,monk,windwalker,54,23,31
22608,Maomaogun,tichondrius,1810,monk,windwalker,42,29,13
22609,Xìðñ,moon-guard,1808,monk,windwalker,102,70,32
22610,Shisama,area-52,1807,monk,windwalker,38,26,12
22611,Percentx,tichondrius,1806,monk,windwalker,48,22,26
22612,Turbofist,bleeding-hollow,1803,monk,windwalker,42,25,17
22613,Accidntprone,zangarmarsh,1801,monk,windwalker,54,28,26
22614,Muhli,kiljaeden,1800,monk,windwalker,42,22,20
22615,Monkatron,arthas,1799,monk,windwalker,113,57,56
22616,Xanaxåddict,sargeras,1798,monk,windwalker,209,106,103
22617,Ghooch,illidan,1791,monk,windwalker,60,36,24
22618,Fátë,tichondrius,1790,monk,windwalker,114,50,64
22619,Brewceo,area-52,1787,monk,windwalker,66,34,32
22620,Dwarfmonk,tichondrius,1782,monk,windwalker,48,22,26
22621,Innerverse,tichondrius,1781,monk,windwalker,53,26,27
22622,Alps,darkspear,1780,monk,windwalker,48,24,24
22623,Atsuyuki,nemesis,1778,monk,windwalker,55,25,30
22624,Rockyßalboa,sargeras,1774,monk,windwalker,85,50,35
22625,Thuyvan,barthilas,1773,monk,windwalker,54,31,23
22626,Mhmmzz,sargeras,1769,monk,windwalker,114,58,56
22627,Zionk,tichondrius,1768,monk,windwalker,108,74,34
22628,Monkgyatso,drakthul,1761,monk,windwalker,120,63,57
22629,Tristantwo,sargeras,1761,monk,windwalker,96,47,49
22630,Furiamvp,stormrage,1759,monk,windwalker,48,26,22
22631,Gigached,zuljin,1759,monk,windwalker,75,35,40
22632,Jümmy,area-52,1757,monk,windwalker,54,26,28
22633,Snebyos,tichondrius,1751,monk,windwalker,95,55,40
22634,Bakha,illidan,1750,monk,windwalker,29,19,10
22635,Phistea,area-52,1749,monk,windwalker,75,37,38
22636,Jåðëðrägøñ,sargeras,1745,monk,windwalker,61,36,25
22637,Kagebunshin,kelthuzad,1744,monk,windwalker,42,25,17
22638,Bruceteå,area-52,1744,monk,windwalker,36,19,17
22639,Zynflex,tichondrius,1743,monk,windwalker,59,27,32
22640,Xyän,bleeding-hollow,1741,monk,windwalker,48,25,23
22641,Tragorin,tichondrius,1740,monk,windwalker,60,31,29
22642,Pandagirlw,tichondrius,1735,monk,windwalker,72,43,29
22643,Lidä,tichondrius,1735,monk,windwalker,60,25,35
22644,Ambal,hellscream,1734,monk,windwalker,55,32,23
22645,Syerzie,dalaran,1732,monk,windwalker,93,42,51
22646,Kárma,malganis,1731,monk,windwalker,42,24,18
22647,Jasey,area-52,1729,monk,windwalker,29,21,8
22648,Jükedx,stormrage,1728,monk,windwalker,91,54,37
22649,Mechamonk,aerie-peak,1728,monk,windwalker,105,46,59
22650,Iremía,azralon,1727,monk,windwalker,48,26,22
22651,Xas,sentinels,1724,monk,windwalker,72,34,38
22652,Raphåel,area-52,1722,monk,windwalker,35,18,17
22653,Khawai,sargeras,1720,monk,windwalker,36,23,13
22654,Boostedww,bloodscalp,1720,monk,windwalker,48,25,23
22655,Vai,korgath,1716,monk,windwalker,94,46,48
22656,Takkeya,zuljin,1713,monk,windwalker,42,25,17
22657,Livitsu,aerie-peak,1712,monk,windwalker,30,18,12
22658,Orkmonk,tichondrius,1708,monk,windwalker,42,28,14
22659,Tenooki,illidan,1707,monk,windwalker,41,19,22
22660,Setback,tichondrius,1706,monk,windwalker,24,18,6
22661,Rakije,barthilas,1703,monk,windwalker,72,44,28
22662,Tôpsônworld,tichondrius,1700,monk,windwalker,66,39,27
22663,Öñlýfåñs,tichondrius,1698,monk,windwalker,65,33,32
22664,Senritsuh,drakkari,1698,monk,windwalker,46,22,24
22665,Wolffangfist,sargeras,1695,monk,windwalker,75,45,30
22666,Daracus,kelthuzad,1694,monk,windwalker,38,24,14
22667,Mastâ,kelthuzad,1694,monk,windwalker,116,62,54
22668,Galaxystrike,illidan,1689,monk,windwalker,48,27,21
22669,Titanus,chogall,1689,monk,windwalker,379,195,184
22670,Xï,proudmoore,1688,monk,windwalker,86,47,39
22671,Ojii,tichondrius,1687,monk,windwalker,58,26,32
22672,Haharetsdead,illidan,1686,monk,windwalker,131,71,60
22673,Shids,barthilas,1686,monk,windwalker,47,22,25
22674,Excalibrew,malganis,1685,monk,windwalker,42,24,18
22675,Zenluckydo,grizzly-hills,1683,monk,windwalker,113,61,52
22676,Thåi,anubarak,1682,monk,windwalker,48,19,29
22677,Vanmonk,eonar,1681,monk,windwalker,36,18,18
22678,Jatzai,emerald-dream,1680,monk,windwalker,52,24,28
22679,Nyofu,moon-guard,1679,monk,windwalker,41,20,21
22680,Hellstabberm,lightbringer,1678,monk,windwalker,48,26,22
22681,Zhoku,tichondrius,1674,monk,windwalker,30,19,11
22682,Jdanîel,ragnaros,1671,monk,windwalker,42,21,21
22683,Zenigma,area-52,1670,monk,windwalker,45,24,21
22684,Dea,thrall,1670,monk,windwalker,84,43,41
22685,Watercowz,tichondrius,1669,monk,windwalker,36,22,14
22686,Miýagi,sargeras,1668,monk,windwalker,41,25,16
22687,Bigpoppap,tichondrius,1668,monk,windwalker,54,29,25
22688,Madtigon,scilla,1668,monk,windwalker,42,22,20
22689,Hèllòkîttý,illidan,1666,monk,windwalker,30,19,11
22690,Hæt,stormrage,1665,monk,windwalker,48,23,25
22691,Shaszx,zuljin,1661,monk,windwalker,47,25,22
22692,Altaidm,ragnaros,1661,monk,windwalker,55,25,30
22693,Rigi,stormrage,1661,monk,windwalker,95,43,52
22694,Bamron,fizzcrank,1660,monk,windwalker,113,57,56
22695,Bussÿ,area-52,1659,monk,windwalker,43,25,18
22696,Windmónk,tichondrius,1657,monk,windwalker,156,76,80
22697,Quanyaozu,ragnaros,1654,monk,windwalker,32,19,13
22698,Rockxtv,illidan,1651,monk,windwalker,42,18,24
22699,Dumplíngs,emerald-dream,1647,monk,windwalker,59,27,32
22700,Bearface,blades-edge,1646,monk,windwalker,88,36,52
22701,Capiirotta,nemesis,1645,monk,windwalker,104,61,43
22702,Mists,velen,1645,monk,windwalker,54,31,23
22703,Oxli,emerald-dream,1645,monk,windwalker,46,26,20
22704,Ludanford,eitrigg,1643,monk,windwalker,48,22,26
22705,Rïggen,thrall,1642,monk,windwalker,76,44,32
22706,Foxchik,zuljin,1641,monk,windwalker,76,42,34
22707,Gøgeta,stormrage,1641,monk,windwalker,161,82,79
22708,Sonsia,arthas,1639,monk,windwalker,94,56,38
22709,Pankekz,tichondrius,1639,monk,windwalker,192,97,95
22710,Bakedmonk,smolderthorn,1639,monk,windwalker,70,30,40
22711,Hím,garrosh,1638,monk,windwalker,81,50,31
22712,Akumà,tichondrius,1636,monk,windwalker,48,19,29
22713,Akir,zuljin,1635,monk,windwalker,29,20,9
22714,Jaspier,quelthalas,1633,monk,windwalker,48,24,24
22715,Hotwatertank,area-52,1629,monk,windwalker,60,34,26
22716,Kungpóa,sargeras,1628,monk,windwalker,39,23,16
22717,Singao,malganis,1628,monk,windwalker,74,36,38
22718,Ddoongmonk,tichondrius,1625,monk,windwalker,48,21,27
22719,Plucky,tichondrius,1624,monk,windwalker,37,18,19
22720,Tnsnow,illidan,1623,monk,windwalker,36,21,15
22721,Fuqmeh,darkspear,1621,monk,windwalker,84,42,42
22722,Phistycuffs,bleeding-hollow,1621,monk,windwalker,85,40,45
22723,Fistyuh,illidan,1620,monk,windwalker,48,29,19
22724,Jigong,bleeding-hollow,1620,monk,windwalker,42,23,19
22725,Karelio,wyrmrest-accord,1619,monk,windwalker,48,22,26
22726,Aidenww,area-52,1618,monk,windwalker,24,17,7
22727,Jerax,thunderlord,1617,monk,windwalker,97,55,42
22728,Fimeu,kiljaeden,1617,monk,windwalker,54,28,26
22729,Corsan,illidan,1616,monk,windwalker,42,30,12
22730,Hadoukeñ,thrall,1616,monk,windwalker,41,22,19
22731,Jbills,muradin,1615,monk,windwalker,71,41,30
22732,Zeati,tichondrius,1613,monk,windwalker,24,17,7
22733,Azizyzz,barthilas,1613,monk,windwalker,30,20,10
22734,Euman,sargeras,1613,monk,windwalker,36,21,15
22735,Themanski,area-52,1612,monk,windwalker,46,24,22
22736,Cpapi,sargeras,1612,monk,windwalker,60,30,30
22737,Fapmonk,illidan,1611,monk,windwalker,59,39,20
22738,Bunnygal,thaurissan,1611,monk,windwalker,44,19,25
22739,Whøru,azralon,1611,monk,windwalker,42,17,25
22740,Fistnu,aggramar,1608,monk,windwalker,83,49,34
22741,Toyotatacoma,bleeding-hollow,1605,monk,windwalker,42,27,15
22742,Daeio,burning-legion,1605,monk,windwalker,31,19,12
22743,Rennafgc,stormrage,1605,monk,windwalker,36,20,16
22744,Flyingfury,illidan,1604,monk,windwalker,54,25,29
22745,Haco,malganis,1603,monk,windwalker,45,23,22
22746,Wenisdeep,frostmourne,1602,monk,windwalker,52,29,23
22747,Facekandy,tichondrius,1602,monk,windwalker,34,18,16
22748,Ranchy,zuljin,1602,monk,windwalker,132,67,65
22749,Xradu,dawnbringer,1601,monk,windwalker,82,49,33
22750,Bruhmesoftly,thrall,1601,monk,windwalker,60,34,26
22751,Pepeloser,illidan,1601,monk,windwalker,48,23,25
22752,Ronk,the-forgotten-coast,1600,monk,windwalker,30,17,13
22753,Dirtypunch,proudmoore,1598,monk,windwalker,42,19,23
22754,Windwalker,blackhand,1597,monk,windwalker,35,19,16
22755,Mitras,dragonblight,1594,monk,windwalker,30,19,11
22756,Lingerer,aerie-peak,1593,monk,windwalker,110,57,53
22757,Marcusm,bleeding-hollow,1592,monk,windwalker,33,20,13
22758,Surgarush,moon-guard,1592,monk,windwalker,106,64,42
22759,Nject,malganis,1590,monk,windwalker,78,48,30
22760,Druta,illidan,1589,monk,windwalker,42,32,10
22761,Feyalash,stormrage,1589,monk,windwalker,74,33,41
22762,Reprap,elune,1582,monk,windwalker,58,33,25
22763,Kogoli,frostwolf,1580,monk,windwalker,101,47,54
22764,Wonderx,darkspear,1579,monk,windwalker,30,20,10
22765,Råii,sargeras,1579,monk,windwalker,30,20,10
22766,Copenfist,black-dragonflight,1578,monk,windwalker,36,21,15
22767,Yogiji,proudmoore,1578,monk,windwalker,48,26,22
22768,Chucksandmk,barthilas,1577,monk,windwalker,66,32,34
22769,Panduh,moon-guard,1576,monk,windwalker,150,77,73
22770,Pinot,dragonmaw,1572,monk,windwalker,42,17,25
22771,Meatwrap,mugthol,1566,monk,windwalker,52,26,26
22772,Unlike,tichondrius,1566,monk,windwalker,102,49,53
22773,Brewbaker,hyjal,1556,monk,windwalker,86,48,38
22774,Banyasong,tichondrius,1555,monk,windwalker,102,57,45
22775,Dïsturbedtko,azralon,1552,monk,windwalker,120,58,62
22776,Fistnafurry,tichondrius,1550,monk,windwalker,42,21,21
22777,Jegann,tichondrius,1550,monk,windwalker,128,63,65
22778,Udderpunch,barthilas,1550,monk,windwalker,37,18,19
22779,Saucyfists,silvermoon,1550,monk,windwalker,54,26,28
22780,Chongzly,frostmourne,1547,monk,windwalker,72,35,37
22781,Fornoraisin,thrall,1547,monk,windwalker,54,21,33
22782,Npepper,khadgar,1546,monk,windwalker,58,28,30
22783,Nagato,nemesis,1545,monk,windwalker,23,17,6
22784,Chingu,ragnaros,1543,monk,windwalker,123,59,64
22785,Therapeutics,moon-guard,1543,monk,windwalker,102,47,55
22786,Hòlygòd,dalaran,1536,monk,windwalker,76,40,36
22787,Pokinpooters,stormrage,1536,monk,windwalker,129,65,64
22788,Grimpossible,malganis,1534,monk,windwalker,48,26,22
22789,Çraßsßùrgêr,bonechewer,1533,monk,windwalker,24,16,8
22790,Adilm,illidan,1533,monk,windwalker,30,16,14
22791,Flattswwjr,tichondrius,1532,monk,windwalker,30,16,14
22792,Homunculusx,bleeding-hollow,1532,monk,windwalker,36,16,20
22793,Healzpapi,tichondrius,1530,monk,windwalker,114,70,44
22794,Zaabuza,azralon,1528,monk,windwalker,60,39,21
22795,Feelsogöod,tichondrius,1528,monk,windwalker,64,38,26
22796,Drakfu,tichondrius,1527,monk,windwalker,45,26,19
22797,Napoleonic,vashj,1524,monk,windwalker,30,20,10
22798,Peacefulpaco,malganis,1524,monk,windwalker,36,19,17
22799,Ehdunno,kelthuzad,1524,monk,windwalker,50,25,25
22800,Hagano,drakkari,1523,monk,windwalker,107,55,52
22801,Muritors,ragnaros,1523,monk,windwalker,36,17,19
22802,Byakugun,wyrmrest-accord,1522,monk,windwalker,36,21,15
22803,Kuffy,kelthuzad,1522,monk,windwalker,35,19,16
22804,Naagg,tichondrius,1521,monk,windwalker,30,16,14
22805,Yoshifistsu,malganis,1521,monk,windwalker,54,26,28
22806,Odogin,tichondrius,1520,monk,windwalker,65,42,23
22807,Okoh,wyrmrest-accord,1518,monk,windwalker,38,21,17
22808,Göllyjee,tichondrius,1517,monk,windwalker,90,39,51
22809,Bløødÿ,ragnaros,1516,monk,windwalker,21,17,4
22810,Wartenja,frostmourne,1516,monk,windwalker,84,41,43
22811,Kómugi,area-52,1514,monk,windwalker,137,72,65
22812,Sterow,kiljaeden,1513,monk,windwalker,36,16,20
22813,Borekkar,emerald-dream,1512,monk,windwalker,47,24,23
22814,Kutz,proudmoore,1512,monk,windwalker,81,40,41
22815,Odi,stonemaul,1509,monk,windwalker,101,48,53
22816,Sgarbossa,tortheldrin,1509,monk,windwalker,42,16,26
22817,Arizøna,illidan,1507,monk,windwalker,80,44,36
22818,Geekweek,frostmourne,1503,monk,windwalker,30,17,13
22819,Dabzin,stormrage,1501,monk,windwalker,87,44,43
22820,Varn,frostmourne,1500,monk,windwalker,95,46,49
22821,Captnmurphy,tichondrius,1498,monk,windwalker,29,16,13
22822,Ascilica,firetree,1495,monk,windwalker,24,16,8
22823,Tigerstrikes,sargeras,1494,monk,windwalker,30,19,11
22824,Harde,thrall,1492,monk,windwalker,65,29,36
22825,Monkings,tichondrius,1491,monk,windwalker,59,27,32
22826,Senseî,altar-of-storms,1487,monk,windwalker,54,25,29
22827,Simonb,tichondrius,1487,monk,windwalker,54,24,30
22828,Rockemsockem,gorefiend,1485,monk,windwalker,90,48,42
22829,Wizcaulifa,stormrage,1484,monk,windwalker,30,17,13
22830,Astteell,proudmoore,1484,monk,windwalker,45,18,27
22831,Kiulang,kelthuzad,1483,monk,windwalker,93,44,49
22832,Yamoshì,stormrage,1482,monk,windwalker,54,30,24
22833,Jdkick,sargeras,1482,monk,windwalker,42,16,26
22834,Skippa,emerald-dream,1480,monk,windwalker,42,25,17
22835,Aubiemonk,malygos,1479,monk,windwalker,30,16,14
22836,Daddyrugburn,area-52,1477,monk,windwalker,95,47,48
22837,Sivedrafely,arthas,1475,monk,windwalker,60,30,30
22838,Atreia,malganis,1474,monk,windwalker,26,17,9
22839,Ökami,tichondrius,1473,monk,windwalker,48,24,24
22840,ßlesséd,tichondrius,1472,monk,windwalker,67,27,40
22841,Ohgiddyttv,dalaran,1468,monk,windwalker,83,43,40
22842,Shôckley,tichondrius,1468,monk,windwalker,105,54,51
22843,Sckmonk,tichondrius,1466,monk,windwalker,34,16,18
22844,Butjaum,stormrage,1464,monk,windwalker,70,34,36
22845,Akanq,tichondrius,1463,monk,windwalker,33,16,17
22846,Katsübooy,azralon,1458,monk,windwalker,310,158,152
22847,Tyroneßanks,stormrage,1457,monk,windwalker,36,20,16
22848,Mastahp,tichondrius,1457,monk,windwalker,42,23,19
22849,Callae,dreadmaul,1453,monk,windwalker,48,25,23
22850,Shishosenin,quelthalas,1450,monk,windwalker,194,92,102
22851,Showshoway,tichondrius,1450,monk,windwalker,59,26,33
22852,Minimonke,moon-guard,1448,monk,windwalker,60,30,30
22853,Lickthefist,sargeras,1445,monk,windwalker,24,16,8
22854,Wind,misha,1440,monk,windwalker,55,35,20
22855,Chuchinga,tichondrius,1439,monk,windwalker,79,38,41
22856,Lavinci,area-52,1437,monk,windwalker,30,15,15
22857,Smoothboxing,tichondrius,1436,monk,windwalker,116,66,50
22858,Aizu,ragnaros,1435,monk,windwalker,30,15,15
22859,Rocketfrogg,bleeding-hollow,1434,monk,windwalker,36,15,21
22860,Kungfupurk,bleeding-hollow,1433,monk,windwalker,24,15,9
22861,Fistys,area-52,1433,monk,windwalker,117,60,57
22862,Izu,senjin,1433,monk,windwalker,30,15,15
22863,Heiwei,stormrage,1432,monk,windwalker,24,15,9
22864,Elfoverde,stormrage,1430,monk,windwalker,24,15,9
22865,Xuenws,tichondrius,1429,monk,windwalker,24,15,9
22866,Ráchez,tichondrius,1429,monk,windwalker,51,28,23
22867,Gêrôx,sargeras,1429,monk,windwalker,30,15,15
22868,Squidie,tichondrius,1426,monk,windwalker,42,15,27
22869,Pånkekz,tichondrius,1425,monk,windwalker,78,39,39
22870,Sleýin,tichondrius,1424,monk,windwalker,172,90,82
22871,Punchiboi,thrall,1423,monk,windwalker,30,16,14
22872,Mattyj,darkspear,1423,monk,windwalker,30,15,15
22873,Domiik,ragnaros,1421,monk,windwalker,30,15,15
22874,Rocketfist,bleeding-hollow,1421,monk,windwalker,90,42,48
22875,Dazzler,ragnaros,1419,monk,windwalker,66,35,31
22876,Gún,ragnaros,1416,monk,windwalker,89,45,44
22877,Convectuoso,illidan,1414,monk,windwalker,24,15,9
22878,Sarious,lightbringer,1414,monk,windwalker,201,107,94
22879,Daslow,quelthalas,1412,monk,windwalker,146,75,71
22880,Nightww,area-52,1412,monk,windwalker,30,15,15
22881,Sodamint,sargeras,1403,monk,windwalker,44,16,28
22882,Saiyajinsoul,ragnaros,1402,monk,windwalker,60,29,31
22883,Bhodie,zuljin,1401,monk,windwalker,58,23,35
22884,Chingwang,frostmourne,1400,monk,windwalker,29,18,11
22885,Bradyfour,moon-guard,1400,monk,windwalker,77,40,37
22886,Creonus,proudmoore,1400,monk,windwalker,56,24,32
22887,Eavale,destromath,1399,monk,windwalker,104,54,50
22888,Ahrk,emerald-dream,1399,monk,windwalker,70,25,45
22889,Headsmasher,wyrmrest-accord,1393,monk,windwalker,77,34,43
22890,Milkychi,frostmourne,1392,monk,windwalker,40,15,25
22891,Onepunchman,quelthalas,1389,monk,windwalker,51,19,32
22892,Giatzo,barthilas,1387,monk,windwalker,42,24,18
22893,Versuri,azralon,1387,monk,windwalker,117,60,57
22894,Killmachine,farstriders,1385,monk,windwalker,161,79,82
22895,Shlumpuh,tichondrius,1385,monk,windwalker,42,18,24
22896,Trapeez,kelthuzad,1383,monk,windwalker,70,40,30
22897,Kawasakii,tichondrius,1382,monk,windwalker,166,83,83
22898,Pepepunch,bleeding-hollow,1381,monk,windwalker,36,15,21
22899,Niked,tichondrius,1379,monk,windwalker,36,15,21
22900,Allure,frostmourne,1378,monk,windwalker,36,15,21
22901,Shianjuo,ragnaros,1372,monk,windwalker,42,20,22
22902,Astrofu,tichondrius,1371,monk,windwalker,76,32,44
22903,Kungxxl,kiljaeden,1369,monk,windwalker,85,43,42
22904,Tassmonk,hyjal,1367,monk,windwalker,36,17,19
22905,Brewmaker,sargeras,1366,monk,windwalker,51,24,27
22906,Varekaî,frostmourne,1365,monk,windwalker,62,32,30
22907,Kriticalkush,kelthuzad,1353,monk,windwalker,24,17,7
22908,Infest,azralon,1353,monk,windwalker,30,21,9
22909,Owned,dreadmaul,1349,monk,windwalker,36,23,13
22910,Kungfusacks,sargeras,1346,monk,windwalker,24,16,8
22911,Sultanofwind,malganis,1344,monk,windwalker,24,14,10
22912,Hîddènsõündx,tichondrius,1343,monk,windwalker,30,14,16
22913,Zuì,sargeras,1342,monk,windwalker,24,14,10
22914,Garmakasmonk,skullcrusher,1341,monk,windwalker,34,19,15
22915,Dakenprime,tichondrius,1340,monk,windwalker,82,40,42
22916,Bluntdoctor,stormreaver,1340,monk,windwalker,66,24,42
22917,Dkdakìng,stormrage,1339,monk,windwalker,24,14,10
22918,Gigagirth,emerald-dream,1338,monk,windwalker,30,14,16
22919,Skymonge,stormrage,1338,monk,windwalker,104,48,56
22920,Tingum,kelthuzad,1337,monk,windwalker,34,15,19
22921,Ghaelessi,senjin,1336,monk,windwalker,77,42,35
22922,Novoctek,quelthalas,1336,monk,windwalker,30,14,16
22923,Tacofox,tichondrius,1329,monk,windwalker,96,44,52
22924,Resolver,stormscale,1327,monk,windwalker,46,24,22
22925,Owenxdd,stormrage,1326,monk,windwalker,50,28,22
22926,Saltystepbro,illidan,1323,monk,windwalker,24,14,10
22927,Jajabelugeng,tichondrius,1315,monk,windwalker,24,14,10
22928,Omimonk,sargeras,1314,monk,windwalker,24,14,10
22929,Shocclol,stormrage,1306,monk,windwalker,27,17,10
22930,Acharä,tichondrius,1305,monk,windwalker,36,20,16
22931,Goonkeg,frostmourne,1304,monk,windwalker,30,14,16
22932,Madbuffz,nemesis,1304,monk,windwalker,72,32,40
22933,Xøxo,trollbane,1303,monk,windwalker,30,15,15
22934,Xiaowën,nemesis,1298,monk,windwalker,57,28,29
22935,Tianhu,sargeras,1295,monk,windwalker,36,20,16
22936,Tino,kelthuzad,1295,monk,windwalker,66,35,31
22937,Jacquelline,moon-guard,1294,monk,windwalker,36,19,17
22938,Chopsake,khadgar,1291,monk,windwalker,36,22,14
22939,Anarska,thrall,1291,monk,windwalker,96,46,50
22940,Dodried,ragnaros,1290,monk,windwalker,52,24,28
22941,Kungfüsed,stormrage,1288,monk,windwalker,30,15,15
22942,Yrn,crushridge,1287,monk,windwalker,60,32,28
22943,Fanetö,stormrage,1283,monk,windwalker,48,15,33
22944,Highku,drenden,1282,monk,windwalker,30,17,13
22945,Screwballz,blackrock,1282,monk,windwalker,81,32,49
22946,Gesir,tichondrius,1281,monk,windwalker,51,21,30
22947,Siddharthä,barthilas,1274,monk,windwalker,36,20,16
22948,Hitchslapz,tichondrius,1271,monk,windwalker,30,15,15
22949,Wutangkillaß,kiljaeden,1266,monk,windwalker,48,18,30
22950,Weezzyboi,tichondrius,1263,monk,windwalker,42,22,20
22951,Chigang,deathwing,1263,monk,windwalker,30,14,16
22952,Natus,greymane,1262,monk,windwalker,36,18,18
22953,Allmother,area-52,1258,monk,windwalker,31,14,17
22954,Murder,magtheridon,1256,monk,windwalker,43,21,22
22955,Supremekick,frostmourne,1254,monk,windwalker,43,27,16
22956,Opmother,elune,1252,monk,windwalker,41,22,19
22957,Pangpoong,tichondrius,1249,monk,windwalker,99,44,55
22958,Djjackyd,stormrage,1247,monk,windwalker,24,13,11
22959,Hamyu,illidan,1247,monk,windwalker,30,15,15
22960,Baconbiscuit,area-52,1247,monk,windwalker,30,13,17
22961,Prostotak,area-52,1246,monk,windwalker,18,13,5
22962,Molta,tichondrius,1246,monk,windwalker,24,13,11
22963,Pamii,quelthalas,1246,monk,windwalker,36,13,23
22964,Båshkin,terenas,1245,monk,windwalker,42,19,23
22965,Hèàvy,stormrage,1244,monk,windwalker,24,13,11
22966,Bükki,ragnaros,1243,monk,windwalker,18,13,5
22967,Bowlbreak,sargeras,1243,monk,windwalker,36,20,16
22968,Nuclearpunch,tichondrius,1242,monk,windwalker,24,13,11
22969,Gelgameks,eredar,1242,monk,windwalker,30,13,17
22970,Sedition,emerald-dream,1241,monk,windwalker,94,46,48
22971,Xinghao,tichondrius,1240,monk,windwalker,24,13,11
22972,Grocerymonk,malganis,1240,monk,windwalker,30,13,17
22973,Slapcîty,bleeding-hollow,1238,monk,windwalker,30,13,17
22974,Yeawe,tichondrius,1236,monk,windwalker,24,13,11
22975,Ilvory,tichondrius,1235,monk,windwalker,30,13,17
22976,Zettelkasten,tichondrius,1232,monk,windwalker,72,35,37
22977,Starymww,tichondrius,1230,monk,windwalker,24,13,11
22978,Finesse,frostwolf,1227,monk,windwalker,18,13,5
22979,Rbs,tichondrius,1226,monk,windwalker,54,17,37
22980,Ruckm,stormrage,1225,monk,windwalker,24,13,11
22981,Sahhalea,sargeras,1225,monk,windwalker,50,25,25
22982,Stickyloads,illidan,1220,monk,windwalker,72,33,39
22983,Currycooker,tichondrius,1220,monk,windwalker,29,13,16
22984,Razielic,frostmourne,1212,monk,windwalker,66,29,37
22985,Rasta,ragnaros,1211,monk,windwalker,30,17,13
22986,Mannkin,zuluhed,1208,monk,windwalker,32,14,18
22987,Gurda,wyrmrest-accord,1203,monk,windwalker,72,34,38
22988,Ofn,moon-guard,1202,monk,windwalker,96,45,51
22989,Xéia,area-52,1201,monk,windwalker,60,23,37
22990,Rufaso,sargeras,1199,monk,windwalker,54,24,30
22991,Wwmonks,sargeras,1197,monk,windwalker,18,13,5
22992,Honeyjaem,tichondrius,1193,monk,windwalker,29,14,15
22993,Marstol,bleeding-hollow,1186,monk,windwalker,53,31,22
22994,Metios,aggramar,1180,monk,windwalker,46,17,29
22995,Slapstun,barthilas,1176,monk,windwalker,77,28,49
22996,Hinakii,dalaran,1175,monk,windwalker,144,62,82
22997,Sleepÿ,area-52,1171,monk,windwalker,84,34,50
22998,Silvopanda,azralon,1168,monk,windwalker,149,75,74
22999,Milktank,medivh,1167,monk,windwalker,69,40,29
23000,Mommysalamii,moon-guard,1167,monk,windwalker,25,13,12
23001,Whizz,frostmane,1160,monk,windwalker,25,13,12
23002,Kandinarra,jubeithos,1156,monk,windwalker,58,31,27
23003,Linkya,daggerspine,1152,monk,windwalker,22,14,8
23004,Xedou,azralon,1151,monk,windwalker,18,12,6
23005,Telospateo,ragnaros,1151,monk,windwalker,24,12,12
23006,Soprà,zuljin,1151,monk,windwalker,24,12,12
23007,Lalpu,tichondrius,1151,monk,windwalker,30,12,18
23008,Hybrid,stormrage,1150,monk,windwalker,18,12,6
23009,Hulkapro,azralon,1150,monk,windwalker,51,30,21
23010,Pikotaro,tichondrius,1150,monk,windwalker,24,12,12
23011,Antiherox,sargeras,1149,monk,windwalker,18,12,6
23012,Boxxzer,kelthuzad,1147,monk,windwalker,18,12,6
23013,Stendari,moon-guard,1147,monk,windwalker,30,12,18
23014,Misery,stormscale,1146,monk,windwalker,23,15,8
23015,Lexivixi,khazgoroth,1144,monk,windwalker,66,34,32
23016,Anavara,drakkari,1144,monk,windwalker,36,18,18
23017,Tenshu,runetotem,1141,monk,windwalker,24,12,12
23018,Mechabre,stormrage,1140,monk,windwalker,18,12,6
23019,Acindian,malganis,1140,monk,windwalker,36,18,18
23020,Delorenzi,hellscream,1137,monk,windwalker,24,12,12
23021,Chihad,stormrage,1135,monk,windwalker,18,12,6
23022,Kfpeeves,sargeras,1134,monk,windwalker,30,15,15
23023,Shinjiki,tichondrius,1134,monk,windwalker,29,12,17
23024,Bigxthaplug,moon-guard,1132,monk,windwalker,30,12,18
23025,Boldyr,sargeras,1128,monk,windwalker,24,12,12
23026,Shinaniganz,chogall,1128,monk,windwalker,42,17,25
23027,Çhëèch,tichondrius,1126,monk,windwalker,29,12,17
23028,Moopdahoop,stormrage,1123,monk,windwalker,94,50,44
23029,Leehofook,azshara,1123,monk,windwalker,72,32,40
23030,Monkii,bonechewer,1121,monk,windwalker,33,21,12
23031,Stigzz,stormrage,1118,monk,windwalker,23,12,11
23032,Jimothydab,lightbringer,1117,monk,windwalker,23,12,11
23033,Gorton,lightbringer,1114,monk,windwalker,24,12,12
23034,Imonkalot,destromath,1111,monk,windwalker,55,23,32
23035,Lyfegiver,blackrock,1110,monk,windwalker,20,13,7
23036,Jinpo,lightninghoof,1110,monk,windwalker,60,32,28
23037,Loadedfries,frostmourne,1110,monk,windwalker,24,12,12
23038,Fitmonje,drakkari,1108,monk,windwalker,28,13,15
23039,Drektarz,area-52,1105,monk,windwalker,81,37,44
23040,Tochtlea,wyrmrest-accord,1102,monk,windwalker,23,12,11
23041,Angerday,illidan,1097,monk,windwalker,30,12,18
23042,Deadlyfist,stormrage,1089,monk,windwalker,47,19,28
23043,Vokarhi,whisperwind,1082,monk,windwalker,24,15,9
23044,Lööpér,tichondrius,1081,monk,windwalker,24,13,11
23045,Ojiin,wyrmrest-accord,1079,monk,windwalker,24,13,11
23046,Quanon,stormreaver,1071,monk,windwalker,33,14,19
23047,Sandii,azralon,1070,monk,windwalker,81,45,36
23048,Calmpunchman,mannoroth,1070,monk,windwalker,25,12,13
23049,Bonflur,quelthalas,1063,monk,windwalker,328,163,165
23050,Raskalnikov,kelthuzad,1062,monk,windwalker,26,13,13
23051,Veso,tichondrius,1056,monk,windwalker,12,11,1
23052,Yavaxye,stormrage,1056,monk,windwalker,24,11,13
23053,Danimalz,stormrage,1055,monk,windwalker,18,11,7
23054,Hate,korialstrasz,1055,monk,windwalker,18,11,7
23055,Songokusan,thrall,1055,monk,windwalker,18,11,7
23056,Abenobashi,malganis,1055,monk,windwalker,18,11,7
23057,Rubntug,zuljin,1055,monk,windwalker,18,11,7
23058,Whitepandax,tichondrius,1055,monk,windwalker,18,11,7
23059,Sockem,arthas,1055,monk,windwalker,24,11,13
23060,Maunk,illidan,1054,monk,windwalker,12,11,1
23061,Monkamax,tichondrius,1054,monk,windwalker,18,11,7
23062,Powerfisterr,stormrage,1054,monk,windwalker,18,11,7
23063,Zenpachi,hyjal,1053,monk,windwalker,27,11,16
23064,Wimdrewk,quelthalas,1053,monk,windwalker,39,12,27
23065,Kristiana,aegwynn,1052,monk,windwalker,18,11,7
23066,Razekahl,wyrmrest-accord,1052,monk,windwalker,30,11,19
23067,Hira,zuljin,1052,monk,windwalker,30,11,19
23068,Drunkmaster,frostmourne,1051,monk,windwalker,18,11,7
23069,Lotusdream,argent-dawn,1051,monk,windwalker,23,11,12
23070,Píñg,area-52,1051,monk,windwalker,30,11,19
23071,Suntzuvius,tichondrius,1050,monk,windwalker,24,11,13
23072,Turbodyne,tichondrius,1050,monk,windwalker,24,11,13
23073,Whtnyhuston,sargeras,1049,monk,windwalker,24,11,13
23074,Chowlaos,coilfang,1048,monk,windwalker,18,11,7
23075,Chaosrose,area-52,1044,monk,windwalker,18,11,7
23076,Tremonk,kelthuzad,1043,monk,windwalker,18,11,7
23077,Tsubal,mugthol,1042,monk,windwalker,18,11,7
23078,Gentlefists,sargeras,1041,monk,windwalker,24,11,13
23079,Hylithia,proudmoore,1040,monk,windwalker,30,17,13
23080,Tobearus,stormscale,1038,monk,windwalker,35,18,17
23081,Jnx,emerald-dream,1038,monk,windwalker,24,11,13
23082,Arshavin,skullcrusher,1038,monk,windwalker,30,11,19
23083,Mcnipple,moonrunner,1036,monk,windwalker,18,11,7
23084,Averagewang,sargeras,1036,monk,windwalker,42,23,19
23085,Dynamo,blackrock,1036,monk,windwalker,30,11,19
23086,Kungfused,frostmourne,1035,monk,windwalker,30,11,19
23087,Aedale,emerald-dream,1032,monk,windwalker,42,21,21
23088,Natintell,drakkari,1032,monk,windwalker,71,33,38
23089,Abboo,hyjal,1030,monk,windwalker,24,12,12
23090,Blackychan,scilla,1027,monk,windwalker,36,15,21
23091,Steenkk,tichondrius,1023,monk,windwalker,24,11,13
23092,Sébástián,drakkari,1021,monk,windwalker,52,28,24
23093,Åsurã,stormrage,1021,monk,windwalker,34,11,23
23094,Leafondawind,boulderfist,1020,monk,windwalker,29,11,18
23095,Tzidkiyahu,barthilas,1018,monk,windwalker,28,16,12
23096,Miyage,emerald-dream,1013,monk,windwalker,24,15,9
23097,Rosarìolover,stormrage,1008,monk,windwalker,36,18,18
23098,Ighostgirls,thrall,1007,monk,windwalker,23,11,12
23099,Brewzllee,tichondrius,1000,monk,windwalker,66,34,32
23100,Nutcrakerz,tichondrius,995,monk,windwalker,30,18,12
23101,Romeoe,muradin,992,monk,windwalker,30,11,19
23102,Fatde,daggerspine,991,monk,windwalker,47,27,20
23103,Xinpa,quelthalas,989,monk,windwalker,26,11,15
23104,Kush,dalvengyr,983,monk,windwalker,27,14,13
23105,Rollsroycist,trollbane,975,monk,windwalker,49,27,22
23106,Mynamegeorge,area-52,968,monk,windwalker,46,21,25
23107,Glad,tichondrius,960,monk,windwalker,12,10,2
23108,Fettywhopper,kaelthas,960,monk,windwalker,12,10,2
23109,Aýre,ravencrest,960,monk,windwalker,12,10,2
23110,Shadmtwo,tichondrius,960,monk,windwalker,12,10,2
23111,Bumbleechi,azralon,960,monk,windwalker,18,10,8
23112,Afrosamurai,thrall,960,monk,windwalker,18,10,8
23113,ßájkà,area-52,960,monk,windwalker,24,10,14
23114,Kinkykyle,emerald-dream,960,monk,windwalker,24,10,14
23115,Tazermw,sargeras,959,monk,windwalker,12,10,2
23116,Rskmedaddy,tichondrius,959,monk,windwalker,12,10,2
23117,Neejitsu,malganis,959,monk,windwalker,18,10,8
23118,Iol,whisperwind,959,monk,windwalker,18,10,8
23119,Goldfornudez,area-52,959,monk,windwalker,18,10,8
23120,Undertickle,illidan,959,monk,windwalker,18,10,8
23121,Wørm,emerald-dream,958,monk,windwalker,18,10,8
23122,Sxywind,azgalor,957,monk,windwalker,18,10,8
23123,Mônkdunk,daggerspine,957,monk,windwalker,18,10,8
23124,Avz,azralon,957,monk,windwalker,24,10,14
23125,Vuadeira,azralon,957,monk,windwalker,30,10,20
23126,Skyvaan,barthilas,956,monk,windwalker,18,10,8
23127,Ezpzmonk,bloodscalp,956,monk,windwalker,21,11,10
23128,Thalreyzian,vashj,954,monk,windwalker,24,10,14
23129,Megatraun,tichondrius,953,monk,windwalker,18,10,8
23130,Alcaquito,goldrinn,950,monk,windwalker,18,10,8
23131,Hehex,bleeding-hollow,943,monk,windwalker,23,10,13
23132,Madmint,illidan,941,monk,windwalker,23,11,12
23133,Ryucko,azralon,933,monk,windwalker,18,10,8
23134,Mcwallets,moon-guard,933,monk,windwalker,78,33,45
23135,Nedpanders,nagrand,930,monk,windwalker,18,11,7
23136,Thäiländiä,bleeding-hollow,928,monk,windwalker,36,20,16
23137,Clytpuncher,emerald-dream,926,monk,windwalker,23,10,13
23138,Scarlos,tichondrius,911,monk,windwalker,187,89,98
23139,Smalltall,area-52,895,monk,windwalker,20,10,10
23140,Ipmán,moon-guard,892,monk,windwalker,41,18,23
23141,Veganbacon,mannoroth,875,monk,windwalker,14,10,4
23142,Reeperfist,area-52,864,monk,windwalker,12,9,3
23143,Peachcactus,sargeras,864,monk,windwalker,12,9,3
23144,Loenius,wyrmrest-accord,864,monk,windwalker,12,9,3
23145,Poormanx,illidan,864,monk,windwalker,12,9,3
23146,Wwrizz,frostmane,864,monk,windwalker,12,9,3
23147,Rhyskrispiez,sargeras,864,monk,windwalker,12,9,3
23148,Gucchimane,illidan,864,monk,windwalker,12,9,3
23149,Garypool,emerald-dream,864,monk,windwalker,15,9,6
23150,Jaige,illidan,864,monk,windwalker,18,9,9
23151,Tmjojo,tichondrius,864,monk,windwalker,24,9,15
23152,Chiang,chogall,864,monk,windwalker,24,9,15
23153,Aligned,zuljin,863,monk,windwalker,12,9,3
23154,Kahpital,azralon,863,monk,windwalker,18,9,9
23155,Azzmane,bronzebeard,863,monk,windwalker,18,9,9
23156,Röllup,area-52,863,monk,windwalker,18,9,9
23157,Helicopter,borean-tundra,863,monk,windwalker,18,9,9
23158,Stepsista,sargeras,863,monk,windwalker,18,9,9
23159,Tomatosaucin,area-52,863,monk,windwalker,18,9,9
23160,Omashu,nemesis,863,monk,windwalker,18,9,9
23161,Inko,ragnaros,863,monk,windwalker,24,9,15
23162,Honkbazz,illidan,863,monk,windwalker,24,9,15
23163,Somethingre,sargeras,862,monk,windwalker,12,9,3
23164,Duwhack,wyrmrest-accord,862,monk,windwalker,18,9,9
23165,Blumpfu,thrall,862,monk,windwalker,18,9,9
23166,Mapaly,ragnaros,862,monk,windwalker,18,9,9
23167,Æeeæ,hakkar,861,monk,windwalker,12,9,3
23168,Kaishya,emerald-dream,861,monk,windwalker,12,9,3
23169,Spinning,nagrand,861,monk,windwalker,18,9,9
23170,Caulífla,barthilas,861,monk,windwalker,18,9,9
23171,Kentodne,stormrage,861,monk,windwalker,18,9,9
23172,Zackesé,area-52,861,monk,windwalker,24,9,15
23173,Pandagendon,quelthalas,860,monk,windwalker,12,9,3
23174,Ryútt,illidan,860,monk,windwalker,24,9,15
23175,Romeonjuliet,tichondrius,859,monk,windwalker,18,9,9
23176,Selfless,gilneas,858,monk,windwalker,18,9,9
23177,Felgolos,azralon,857,monk,windwalker,15,10,5
23178,Acena,stormrage,856,monk,windwalker,24,9,15
23179,Poanda,illidan,845,monk,windwalker,18,10,8
23180,Agroétudo,azralon,838,monk,windwalker,18,9,9
23181,Thekilla,aegwynn,827,monk,windwalker,18,9,9
23182,Lolqtxd,sargeras,810,monk,windwalker,26,10,16
23183,Cráne,duskwood,797,monk,windwalker,14,9,5
23184,Yeonguo,drakthul,795,monk,windwalker,16,9,7
23185,Rykouu,area-52,784,monk,windwalker,19,9,10
23186,Zòrrò,area-52,768,monk,windwalker,12,8,4
23187,Mcbluffin,onyxia,768,monk,windwalker,12,8,4
23188,Jackdaniel,sargeras,768,monk,windwalker,12,8,4
23189,Sistuhfista,tichondrius,768,monk,windwalker,12,8,4
23190,Zoomerxd,stormrage,768,monk,windwalker,12,8,4
23191,Twichyling,tichondrius,768,monk,windwalker,12,8,4
23192,Kranelo,tichondrius,768,monk,windwalker,12,8,4
23193,Bootowsky,zuljin,768,monk,windwalker,12,8,4
23194,Khungfeu,area-52,768,monk,windwalker,12,8,4
23195,Hitman,thrall,768,monk,windwalker,12,8,4
23196,Kkonaman,illidan,768,monk,windwalker,12,8,4
23197,Fiddletix,stormrage,768,monk,windwalker,13,8,5
23198,Dobsy,bleeding-hollow,768,monk,windwalker,18,8,10
23199,Taggz,thunderlord,768,monk,windwalker,18,8,10
23200,Leegueen,tichondrius,768,monk,windwalker,18,8,10
23201,Hitt,barthilas,768,monk,windwalker,18,8,10
23202,Ballok,bleeding-hollow,768,monk,windwalker,18,8,10
23203,Skela,emerald-dream,768,monk,windwalker,18,8,10
23204,Richywayne,bleeding-hollow,768,monk,windwalker,18,8,10
23205,Gnomepuncher,dalaran,768,monk,windwalker,18,8,10
23206,Slimcognito,zuljin,768,monk,windwalker,18,8,10
23207,Güwop,tichondrius,768,monk,windwalker,18,8,10
23208,Stepfistz,aegwynn,768,monk,windwalker,18,8,10
23209,Chunlee,tichondrius,768,monk,windwalker,18,8,10
23210,Lørdjåshïn,azjolnerub,768,monk,windwalker,18,8,10
23211,Ludenz,emerald-dream,768,monk,windwalker,18,8,10
23212,Mahatmä,dalaran,768,monk,windwalker,18,8,10
23213,Rerolled,moon-guard,768,monk,windwalker,18,8,10
23214,Imasterl,proudmoore,768,monk,windwalker,21,9,12
23215,Röllö,tichondrius,768,monk,windwalker,21,9,12
23216,Blackìce,sargeras,768,monk,windwalker,24,8,16
23217,Shinobiww,area-52,768,monk,windwalker,24,8,16
23218,Monke,onyxia,768,monk,windwalker,24,8,16
23219,Tews,quelthalas,767,monk,windwalker,12,8,4
23220,Raikou,frostmourne,767,monk,windwalker,12,8,4
23221,Prickhead,sargeras,767,monk,windwalker,15,9,6
23222,Fumoo,sargeras,767,monk,windwalker,16,9,7
23223,Memonk,ysera,767,monk,windwalker,18,8,10
23224,Silkzy,frostwolf,767,monk,windwalker,18,8,10
23225,Biggyballs,tichondrius,767,monk,windwalker,18,8,10
23226,Zukki,zuljin,767,monk,windwalker,18,8,10
23227,Rozlynnww,tichondrius,767,monk,windwalker,18,8,10
23228,Faashbae,illidan,767,monk,windwalker,18,8,10
23229,Akrethar,medivh,767,monk,windwalker,18,8,10
23230,Xunzao,emerald-dream,767,monk,windwalker,18,8,10
23231,Pipochen,ragnaros,767,monk,windwalker,18,8,10
23232,Suspicious,malfurion,767,monk,windwalker,18,8,10
23233,Supernam,sargeras,767,monk,windwalker,18,8,10
23234,Metalmønk,nerzhul,767,monk,windwalker,18,8,10
23235,Luckystrike,area-52,767,monk,windwalker,24,8,16
23236,Yoshimotto,area-52,766,monk,windwalker,12,8,4
23237,Anatomyx,kelthuzad,766,monk,windwalker,12,8,4
23238,Nf,zuljin,766,monk,windwalker,12,8,4
23239,Ragraxx,quelthalas,766,monk,windwalker,18,8,10
23240,Jãe,stormrage,764,monk,windwalker,24,8,16
23241,Extinctión,stormscale,762,monk,windwalker,12,8,4
23242,Sprinkli,sargeras,761,monk,windwalker,24,8,16
23243,Weewalker,wyrmrest-accord,760,monk,windwalker,21,9,12
23244,Iamanangel,illidan,759,monk,windwalker,12,8,4
23245,Kylièjenner,gilneas,755,monk,windwalker,18,8,10
23246,Hontaruk,ragnaros,749,monk,windwalker,29,8,21
23247,Kilabit,azshara,742,monk,windwalker,22,9,13
23248,Deathgoku,norgannon,735,monk,windwalker,17,8,9
23249,Habzz,tichondrius,734,monk,windwalker,17,8,9
23250,Raninn,bleeding-hollow,704,monk,windwalker,16,8,8
23251,Chaipie,kelthuzad,703,monk,windwalker,11,8,3
23252,Onepunch,exodar,702,monk,windwalker,14,8,6
23253,Kurha,queldorei,690,monk,windwalker,24,8,16
23254,Kudrix,frostwolf,672,monk,windwalker,12,7,5
23255,Gothamonk,tichondrius,672,monk,windwalker,12,7,5
23256,Crittinka,bonechewer,672,monk,windwalker,12,7,5
23257,Porxhub,tichondrius,672,monk,windwalker,12,7,5
23258,Atengie,stormrage,672,monk,windwalker,12,7,5
23259,Ristion,moon-guard,672,monk,windwalker,12,7,5
23260,Tag,tichondrius,672,monk,windwalker,12,7,5
23261,Bibis,sargeras,672,monk,windwalker,12,7,5
23262,Garofalo,tichondrius,672,monk,windwalker,12,7,5
23263,Tokyozesty,area-52,672,monk,windwalker,12,7,5
23264,Dragonwhirl,stormrage,672,monk,windwalker,12,7,5
23265,Touchbot,tichondrius,672,monk,windwalker,12,7,5
23266,Bangtanboy,tichondrius,672,monk,windwalker,12,7,5
23267,Kryptikkyt,gilneas,672,monk,windwalker,12,7,5
23268,Bigfel,nazjatar,672,monk,windwalker,12,7,5
23269,Incaustik,ragnaros,672,monk,windwalker,12,7,5
23270,Dublefist,draktharon,672,monk,windwalker,12,7,5
23271,Goldx,ragnaros,672,monk,windwalker,12,7,5
23272,Ganjäsmoke,skullcrusher,672,monk,windwalker,12,7,5
23273,Ftxyolo,azralon,672,monk,windwalker,12,7,5
23274,Bramicaye,malganis,672,monk,windwalker,12,7,5
23275,Ázão,stormrage,672,monk,windwalker,12,7,5
23276,Shiphappens,barthilas,672,monk,windwalker,12,7,5
23277,Jxyfist,illidan,672,monk,windwalker,12,7,5
23278,Yoojimin,kiljaeden,672,monk,windwalker,12,7,5
23279,Lilpøøter,tichondrius,672,monk,windwalker,12,7,5
23280,Shry,kiljaeden,672,monk,windwalker,12,7,5
23281,Jowtaro,azralon,672,monk,windwalker,12,7,5
23282,Buffmonkdmg,tichondrius,672,monk,windwalker,15,8,7
23283,Stevezee,barthilas,672,monk,windwalker,18,7,11
23284,Paracetamonk,kelthuzad,672,monk,windwalker,18,7,11
23285,Popchi,stormrage,672,monk,windwalker,18,7,11
23286,Tapzm,area-52,672,monk,windwalker,18,7,11
23287,Verizani,stormrage,672,monk,windwalker,18,7,11
23288,Awcfanboy,bleeding-hollow,672,monk,windwalker,21,8,13
23289,Judgevr,frostmourne,672,monk,windwalker,23,8,15
23290,Monkyun,tichondrius,672,monk,windwalker,24,7,17
23291,Zenkam,ragnaros,672,monk,windwalker,24,7,17
23292,Quietbegger,sargeras,671,monk,windwalker,12,7,5
23293,Bauddor,ragnaros,671,monk,windwalker,12,7,5
23294,Mosaden,suramar,671,monk,windwalker,12,7,5
23295,Arimonk,mannoroth,671,monk,windwalker,12,7,5
23296,Keys,earthen-ring,671,monk,windwalker,12,7,5
23297,Bataan,tichondrius,671,monk,windwalker,12,7,5
23298,Asaltofsorts,tichondrius,671,monk,windwalker,12,7,5
23299,Reckin,frostmourne,671,monk,windwalker,12,7,5
23300,Leozen,skullcrusher,671,monk,windwalker,18,7,11
23301,Jackboi,the-underbog,671,monk,windwalker,18,7,11
23302,Huángbó,blackhand,670,monk,windwalker,10,8,2
23303,Minusmonk,dalaran,670,monk,windwalker,12,7,5
23304,Astorari,illidan,670,monk,windwalker,12,7,5
23305,Cryptique,tichondrius,670,monk,windwalker,12,7,5
23306,Merand,tichondrius,670,monk,windwalker,18,7,11
23307,Samaelsin,emerald-dream,670,monk,windwalker,24,7,17
23308,Santiie,drakkari,669,monk,windwalker,18,7,11
23309,Kuungfoo,tichondrius,667,monk,windwalker,12,7,5
23310,Hyun,stormrage,666,monk,windwalker,12,7,5
23311,Traxshin,kelthuzad,664,monk,windwalker,18,7,11
23312,Pastarasta,malganis,658,monk,windwalker,12,7,5
23313,Liänä,quelthalas,658,monk,windwalker,18,7,11
23314,Knuckbutter,sargeras,658,monk,windwalker,24,7,17
23315,Thedeäd,stormrage,658,monk,windwalker,30,7,23
23316,Léesin,stormrage,655,monk,windwalker,17,7,10
23317,Titsmagees,frostwolf,639,monk,windwalker,23,7,16
23318,Shadowstripe,the-venture-co,638,monk,windwalker,11,7,4
23319,Mùnkey,nagrand,638,monk,windwalker,17,7,10
23320,Alkaholik,stormrage,623,monk,windwalker,17,7,10
23321,Iilmachoggy,stormrage,607,monk,windwalker,11,7,4
23322,Warblaze,barthilas,607,monk,windwalker,14,7,7
23323,Sistafistaa,akama,606,monk,windwalker,14,7,7
23324,Twïst,tichondrius,576,monk,windwalker,6,6,0
23325,Griswolld,ragnaros,576,monk,windwalker,6,6,0
23326,Srýbrø,illidan,576,monk,windwalker,6,6,0
23327,Makgøra,malganis,576,monk,windwalker,6,6,0
23328,Goblinitto,archimonde,576,monk,windwalker,6,6,0
23329,Selfîe,ysera,576,monk,windwalker,6,6,0
23330,Aveium,moon-guard,576,monk,windwalker,6,6,0
23331,Monkfy,moon-guard,576,monk,windwalker,11,6,5
23332,Pinkgucci,thrall,576,monk,windwalker,12,6,6
23333,Gójó,tichondrius,576,monk,windwalker,12,6,6
23334,Tahs,azralon,576,monk,windwalker,12,6,6
23335,Tulalong,area-52,576,monk,windwalker,12,6,6
23336,Xoir,tichondrius,576,monk,windwalker,12,6,6
23337,Ugrak,chogall,576,monk,windwalker,12,6,6
23338,Creamchop,stormreaver,576,monk,windwalker,12,6,6
23339,Xua,sargeras,576,monk,windwalker,12,6,6
23340,Tinypunch,emerald-dream,576,monk,windwalker,12,6,6
23341,Jaykun,ragnaros,576,monk,windwalker,12,6,6
23342,Fúgg,zuljin,576,monk,windwalker,12,6,6
23343,Vandamme,durotan,576,monk,windwalker,12,6,6
23344,Funtscat,zuljin,576,monk,windwalker,12,6,6
23345,Varicin,zuljin,576,monk,windwalker,12,6,6
23346,Plotting,tichondrius,576,monk,windwalker,12,6,6
23347,Monksoon,tichondrius,576,monk,windwalker,12,6,6
23348,Yimmy,zuluhed,576,monk,windwalker,12,6,6
23349,Silvyrx,boulderfist,576,monk,windwalker,12,6,6
23350,Syffer,sargeras,576,monk,windwalker,12,6,6
23351,Bakacia,ragnaros,576,monk,windwalker,12,6,6
23352,Monasticc,undermine,576,monk,windwalker,12,6,6
23353,Xuenfu,tichondrius,576,monk,windwalker,12,6,6
23354,Affected,lightninghoof,576,monk,windwalker,12,6,6
23355,Läôtzu,fizzcrank,576,monk,windwalker,12,6,6
23356,Wât,bleeding-hollow,576,monk,windwalker,12,6,6
23357,Bvndio,ragnaros,576,monk,windwalker,12,6,6
23358,Coldridge,bleeding-hollow,576,monk,windwalker,12,6,6
23359,Forthekicks,tichondrius,576,monk,windwalker,19,8,11
23360,Awsmonk,malygos,576,monk,windwalker,18,6,12
23361,Monjimen,ragnaros,576,monk,windwalker,18,6,12
23362,Káizen,area-52,576,monk,windwalker,18,6,12
23363,Obiiwan,tichondrius,576,monk,windwalker,18,6,12
23364,Ipnam,kelthuzad,575,monk,windwalker,10,7,3
23365,Kalrsk,frostmourne,575,monk,windwalker,12,6,6
23366,Frimayadri,area-52,575,monk,windwalker,12,6,6
23367,Tayden,korgath,575,monk,windwalker,12,6,6
23368,Atulzo,emerald-dream,575,monk,windwalker,12,6,6
23369,Yoshimoku,dalaran,575,monk,windwalker,12,6,6
23370,Rowenoa,tichondrius,575,monk,windwalker,18,6,12
23371,Kajjou,illidan,575,monk,windwalker,20,6,14
23372,Dragorovich,aerie-peak,574,monk,windwalker,12,6,6
23373,Linwong,garithos,574,monk,windwalker,12,6,6
23374,Habana,stormreaver,574,monk,windwalker,24,6,18
23375,Fistidmi,area-52,573,monk,windwalker,12,6,6
23376,Tøxicø,quelthalas,572,monk,windwalker,16,7,9
23377,Shnooze,barthilas,568,monk,windwalker,30,6,24
23378,Meniscusmonk,emerald-dream,543,monk,windwalker,11,8,3
23379,Phuumyn,llane,543,monk,windwalker,11,6,5
23380,Wft,frostmourne,527,monk,windwalker,11,6,5
23381,Shindoro,bonechewer,521,monk,windwalker,16,10,6
23382,Hennyww,dalaran,480,monk,windwalker,6,5,1
23383,Monkskiiz,tichondrius,480,monk,windwalker,6,5,1
23384,Nitrobrewed,stormrage,480,monk,windwalker,6,5,1
23385,Shevchenkô,quelthalas,480,monk,windwalker,6,5,1
23386,Varimå,area-52,480,monk,windwalker,6,5,1
23387,Iflykites,zuljin,480,monk,windwalker,6,5,1
23388,Poem,grizzly-hills,480,monk,windwalker,6,5,1
23389,Miresa,kelthuzad,480,monk,windwalker,6,5,1
23390,Yenjung,azralon,480,monk,windwalker,6,5,1
23391,Bomba,arthas,480,monk,windwalker,6,5,1
23392,Koochies,aegwynn,480,monk,windwalker,6,5,1
23393,Zakaza,kelthuzad,480,monk,windwalker,6,5,1
23394,Getmistéd,sargeras,480,monk,windwalker,6,5,1
23395,Iloveabby,sargeras,480,monk,windwalker,6,5,1
23396,Kuranchi,illidan,480,monk,windwalker,6,5,1
23397,Danksweaver,malganis,480,monk,windwalker,6,5,1
23398,Kimmyfists,tichondrius,480,monk,windwalker,6,5,1
23399,Pikadejegue,nemesis,480,monk,windwalker,6,5,1
23400,Pleasetouch,emerald-dream,480,monk,windwalker,6,5,1
23401,Blazebeast,blackhand,480,monk,windwalker,9,6,3
23402,Kfchi,tichondrius,480,monk,windwalker,10,6,4
23403,Tyrus,kelthuzad,480,monk,windwalker,9,5,4
23404,Ultraop,emerald-dream,480,monk,windwalker,12,5,7
23405,Tripster,wyrmrest-accord,480,monk,windwalker,12,5,7
23406,Mepepegaclap,malganis,480,monk,windwalker,12,5,7
23407,Ferknights,moon-guard,480,monk,windwalker,12,5,7
23408,Zakuu,blackrock,480,monk,windwalker,12,5,7
23409,Lokimana,zuljin,480,monk,windwalker,12,5,7
23410,Chrisdamonk,stormrage,480,monk,windwalker,12,5,7
23411,Xueyu,malganis,480,monk,windwalker,12,5,7
23412,Zhíu,ragnaros,480,monk,windwalker,12,5,7
23413,Idonthustle,area-52,480,monk,windwalker,12,5,7
23414,Antril,bleeding-hollow,480,monk,windwalker,12,5,7
23415,Tenkix,zuljin,480,monk,windwalker,12,5,7
23416,Kickkick,burning-blade,480,monk,windwalker,12,5,7
23417,Bokchoii,sargeras,480,monk,windwalker,12,5,7
23418,Hakri,arthas,480,monk,windwalker,12,5,7
23419,Plagai,fizzcrank,480,monk,windwalker,12,5,7
23420,Trunkx,area-52,480,monk,windwalker,12,5,7
23421,Chakrah,laughing-skull,480,monk,windwalker,12,5,7
23422,Birean,area-52,480,monk,windwalker,12,5,7
23423,Valdur,sargeras,480,monk,windwalker,12,5,7
23424,Zadaa,alleria,480,monk,windwalker,12,5,7
23425,Tigerwoo,tichondrius,480,monk,windwalker,12,5,7
23426,Nomonko,tichondrius,480,monk,windwalker,12,5,7
23427,Abdoolah,illidan,480,monk,windwalker,12,5,7
23428,Aydowon,illidan,480,monk,windwalker,12,5,7
23429,Miuss,illidan,480,monk,windwalker,12,5,7
23430,Vinndz,azralon,480,monk,windwalker,18,5,13
23431,Ãcé,ragnaros,480,monk,windwalker,18,5,13
23432,Rafên,moon-guard,480,monk,windwalker,18,5,13
23433,Maisoftheart,barthilas,480,monk,windwalker,18,5,13
23434,Smigz,area-52,480,monk,windwalker,18,5,13
23435,Gabaan,azralon,480,monk,windwalker,18,5,13
23436,Zmajevratnik,illidan,479,monk,windwalker,6,5,1
23437,Elmanteca,ragnaros,479,monk,windwalker,6,5,1
23438,Shà,kelthuzad,479,monk,windwalker,12,5,7
23439,Brzy,spinebreaker,479,monk,windwalker,12,5,7
23440,Søuei,skullcrusher,479,monk,windwalker,12,5,7
23441,Kiukiukiu,tichondrius,479,monk,windwalker,12,5,7
23442,Breakbonez,dalaran,479,monk,windwalker,24,5,19
23443,Tamonk,veknilash,478,monk,windwalker,6,5,1
23444,Leisa,jaedenar,463,monk,windwalker,11,5,6
23445,Mcmaplol,tichondrius,447,monk,windwalker,11,5,6
23446,Chisuschrist,hyjal,432,monk,windwalker,15,5,10
23447,Prettyflacko,thrall,416,monk,windwalker,10,5,5
23448,Ezpumpm,azralon,384,monk,windwalker,6,4,2
23449,Iarw,tichondrius,384,monk,windwalker,6,4,2
23450,Gorblox,emerald-dream,384,monk,windwalker,6,4,2
23451,Kiggo,bonechewer,384,monk,windwalker,6,4,2
23452,Kame,moon-guard,384,monk,windwalker,6,4,2
23453,Orbgodx,darkspear,384,monk,windwalker,6,4,2
23454,Jbebe,tichondrius,384,monk,windwalker,6,4,2
23455,Barleygar,tichondrius,384,monk,windwalker,6,4,2
23456,Punchbuggy,frostmourne,384,monk,windwalker,6,4,2
23457,Dippy,moon-guard,384,monk,windwalker,6,4,2
23458,Trembull,gurubashi,384,monk,windwalker,6,4,2
23459,Illiea,cenarius,384,monk,windwalker,6,4,2
23460,Ðøhkø,nemesis,384,monk,windwalker,6,4,2
23461,Karatay,tichondrius,384,monk,windwalker,6,4,2
23462,Cowsgonuts,gorefiend,384,monk,windwalker,6,4,2
23463,Molific,gurubashi,384,monk,windwalker,6,4,2
23464,Hazed,lightbringer,384,monk,windwalker,6,4,2
23465,Xulieng,tichondrius,384,monk,windwalker,6,4,2
23466,Beverage,frostmourne,384,monk,windwalker,6,4,2
23467,Pathad,stormrage,384,monk,windwalker,6,4,2
23468,Thewyjr,illidan,384,monk,windwalker,6,4,2
23469,Vernki,laughing-skull,384,monk,windwalker,6,4,2
23470,Korgark,tichondrius,384,monk,windwalker,6,4,2
23471,Evanyfist,proudmoore,384,monk,windwalker,6,4,2
23472,Delaî,dalaran,384,monk,windwalker,6,4,2
23473,Chopana,malganis,384,monk,windwalker,6,4,2
23474,Liucang,archimonde,384,monk,windwalker,6,4,2
23475,Monkespin,stormrage,384,monk,windwalker,6,4,2
23476,Research,frostmourne,384,monk,windwalker,6,4,2
23477,Dalearnhardt,proudmoore,384,monk,windwalker,6,4,2
23478,Aedalithe,stormrage,384,monk,windwalker,6,4,2
23479,Ganksyou,sargeras,384,monk,windwalker,6,4,2
23480,Lowkn,sargeras,384,monk,windwalker,6,4,2
23481,Preceptonk,azralon,384,monk,windwalker,6,4,2
23482,Satchelgizmo,tichondrius,384,monk,windwalker,6,4,2
23483,Arunaa,tichondrius,384,monk,windwalker,6,4,2
23484,Fistedby,nesingwary,384,monk,windwalker,6,4,2
23485,Hailan,area-52,384,monk,windwalker,6,4,2
23486,Fivebears,blackwing-lair,384,monk,windwalker,6,4,2
23487,Jackphan,azralon,384,monk,windwalker,6,4,2
23488,Vetting,stormrage,384,monk,windwalker,6,4,2
23489,Saitamami,tichondrius,384,monk,windwalker,6,4,2
23490,Champoo,executus,384,monk,windwalker,6,4,2
23491,Imperio,stormrage,384,monk,windwalker,6,4,2
23492,Castiwhite,quelthalas,384,monk,windwalker,6,4,2
23493,Cowhoe,icecrown,384,monk,windwalker,6,4,2
23494,Crave,tichondrius,384,monk,windwalker,6,4,2
23495,Milli,twisting-nether,384,monk,windwalker,6,4,2
23496,Stevìl,medivh,384,monk,windwalker,6,4,2
23497,Zenitsu,burning-blade,384,monk,windwalker,6,4,2
23498,Eçua,tichondrius,384,monk,windwalker,7,4,3
23499,Dangodxz,quelthalas,384,monk,windwalker,10,5,5
23500,Serenitys,tanaris,384,monk,windwalker,9,4,5
23501,Gngrbeardman,tichondrius,384,monk,windwalker,12,4,8
23502,Machita,spirestone,384,monk,windwalker,12,4,8
23503,Raekwan,area-52,384,monk,windwalker,12,4,8
23504,Sïfu,barthilas,384,monk,windwalker,12,4,8
23505,Fmbbasedgód,tichondrius,384,monk,windwalker,12,4,8
23506,Mysticzen,tichondrius,384,monk,windwalker,12,4,8
23507,Giorhno,ragnaros,384,monk,windwalker,12,4,8
23508,Rookz,drakthul,384,monk,windwalker,12,4,8
23509,Ohtani,frostwolf,384,monk,windwalker,12,4,8
23510,Tesdra,moon-guard,384,monk,windwalker,12,4,8
23511,Solrise,wyrmrest-accord,384,monk,windwalker,12,4,8
23512,Evilstep,tichondrius,384,monk,windwalker,12,4,8
23513,Boeycalma,illidan,384,monk,windwalker,12,4,8
23514,Xinvictus,frostmourne,384,monk,windwalker,12,4,8
23515,Thiccdih,area-52,384,monk,windwalker,12,4,8
23516,Jxytwo,arygos,384,monk,windwalker,12,4,8
23517,Merçeÿ,tichondrius,384,monk,windwalker,12,4,8
23518,Sickbanga,barthilas,384,monk,windwalker,12,4,8
23519,Cudzingtin,dalaran,384,monk,windwalker,12,4,8
23520,Wheresmyjuul,malganis,384,monk,windwalker,12,4,8
23521,Talondien,dalaran,384,monk,windwalker,12,4,8
23522,Cranjis,agamaggan,384,monk,windwalker,12,4,8
23523,Bwan,kelthuzad,384,monk,windwalker,12,4,8
23524,Piece,blackrock,384,monk,windwalker,12,4,8
23525,Threnz,magtheridon,384,monk,windwalker,12,4,8
23526,Ferrarí,quelthalas,384,monk,windwalker,12,4,8
23527,Nakwood,proudmoore,384,monk,windwalker,12,4,8
23528,Chijinx,area-52,384,monk,windwalker,12,4,8
23529,Fruitpünch,tichondrius,384,monk,windwalker,12,4,8
23530,Kfp,gorefiend,384,monk,windwalker,12,4,8
23531,Ramisan,barthilas,384,monk,windwalker,12,4,8
23532,Fluffykitty,deathwing,384,monk,windwalker,12,4,8
23533,Ruì,malganis,384,monk,windwalker,18,4,14
23534,Jayr,bleeding-hollow,384,monk,windwalker,18,4,14
23535,Fistermus,tichondrius,384,monk,windwalker,36,4,32
23536,Zanmonk,moon-guard,383,monk,windwalker,6,4,2
23537,Chugs,malorne,383,monk,windwalker,18,4,14
23538,Viko,llane,382,monk,windwalker,6,4,2
23539,Pandalex,draenor,382,monk,windwalker,12,4,8
23540,Honghong,kargath,367,monk,windwalker,11,5,6
23541,Liw,quelthalas,362,monk,windwalker,21,7,14
23542,Broxxenidas,quelthalas,351,monk,windwalker,11,4,7
23543,Nakuang,tichondrius,339,monk,windwalker,24,7,17
23544,Ariannahxd,malganis,330,monk,windwalker,15,5,10
23545,Mistyfist,bleeding-hollow,330,monk,windwalker,22,5,17
23546,Mgzx,kelthuzad,288,monk,windwalker,6,3,3
23547,ßluedream,dalaran,288,monk,windwalker,6,3,3
23548,Sosm,kelthuzad,288,monk,windwalker,6,3,3
23549,Highaskite,tichondrius,288,monk,windwalker,6,3,3
23550,Slurrpslutt,proudmoore,288,monk,windwalker,6,3,3
23551,Rafyww,tichondrius,288,monk,windwalker,6,3,3
23552,Spaaca,kelthuzad,288,monk,windwalker,6,3,3
23553,Kyzen,trollbane,288,monk,windwalker,6,3,3
23554,Atezo,tichondrius,288,monk,windwalker,6,3,3
23555,Redami,gnomeregan,288,monk,windwalker,6,3,3
23556,Karategood,dalaran,288,monk,windwalker,6,3,3
23557,Reflexsivex,malganis,288,monk,windwalker,6,3,3
23558,Bakicaa,dalaran,288,monk,windwalker,6,3,3
23559,Rhonco,quelthalas,288,monk,windwalker,6,3,3
23560,Choibaedal,tichondrius,288,monk,windwalker,6,3,3
23561,Tababtz,illidan,288,monk,windwalker,6,3,3
23562,Pusily,tichondrius,288,monk,windwalker,6,3,3
23563,Monkdruffy,tichondrius,288,monk,windwalker,6,3,3
23564,Daspmonk,nagrand,288,monk,windwalker,6,3,3
23565,Lackofsleep,tichondrius,288,monk,windwalker,6,3,3
23566,Pandaforlife,area-52,288,monk,windwalker,6,3,3
23567,Harvex,area-52,288,monk,windwalker,6,3,3
23568,Raires,tichondrius,288,monk,windwalker,6,3,3
23569,Tribunez,stormrage,288,monk,windwalker,6,3,3
23570,Fysicalx,stormrage,288,monk,windwalker,6,3,3
23571,Hábìtz,area-52,288,monk,windwalker,6,3,3
23572,Evilbit,boulderfist,288,monk,windwalker,6,3,3
23573,Burash,frostwolf,288,monk,windwalker,6,3,3
23574,Jubei,dragonmaw,288,monk,windwalker,6,3,3
23575,Bromonster,zuljin,288,monk,windwalker,6,3,3
23576,Sýññ,illidan,288,monk,windwalker,6,3,3
23577,Bogez,area-52,288,monk,windwalker,6,3,3
23578,Dorander,frostmourne,288,monk,windwalker,6,3,3
23579,Dripharder,tichondrius,288,monk,windwalker,6,3,3
23580,Hanzøu,ragnaros,288,monk,windwalker,6,3,3
23581,Oyyo,tichondrius,288,monk,windwalker,6,3,3
23582,Gageismonk,mugthol,288,monk,windwalker,6,3,3
23583,Axtîn,stormreaver,288,monk,windwalker,6,3,3
23584,Kuafu,illidan,288,monk,windwalker,6,3,3
23585,Solafyde,aerie-peak,288,monk,windwalker,6,3,3
23586,Lomist,nazjatar,288,monk,windwalker,6,3,3
23587,Brewtool,tichondrius,288,monk,windwalker,6,3,3
23588,Maserati,azjolnerub,288,monk,windwalker,6,3,3
23589,Mistérfister,blackrock,288,monk,windwalker,6,3,3
23590,Thalassassin,bleeding-hollow,288,monk,windwalker,6,3,3
23591,Mlngo,illidan,288,monk,windwalker,6,3,3
23592,Hellcow,frostmourne,288,monk,windwalker,6,3,3
23593,Gulmokk,tichondrius,288,monk,windwalker,6,3,3
23594,Leemîn,tichondrius,288,monk,windwalker,6,3,3
23595,Swurvex,bleeding-hollow,288,monk,windwalker,6,3,3
23596,Tonkchi,khaz-modan,288,monk,windwalker,6,3,3
23597,Legolos,runetotem,288,monk,windwalker,6,3,3
23598,Triixxy,thrall,288,monk,windwalker,6,3,3
23599,Zexana,gorefiend,288,monk,windwalker,6,3,3
23600,Monklad,malganis,288,monk,windwalker,6,3,3
23601,Mcfluffey,area-52,288,monk,windwalker,6,3,3
23602,Momkisserl,sargeras,288,monk,windwalker,6,3,3
23603,Carmelfist,kargath,288,monk,windwalker,6,3,3
23604,Heavytrain,azralon,288,monk,windwalker,6,3,3
23605,Tigerlust,sargeras,288,monk,windwalker,6,3,3
23606,Karkata,sargeras,288,monk,windwalker,6,3,3
23607,Kallandron,thunderhorn,288,monk,windwalker,6,3,3
23608,Fistay,burning-legion,288,monk,windwalker,6,3,3
23609,Tictox,sargeras,288,monk,windwalker,6,3,3
23610,Rumlee,sargeras,288,monk,windwalker,6,3,3
23611,Goodluck,madoran,288,monk,windwalker,6,3,3
23612,Muffinz,shattered-halls,288,monk,windwalker,6,3,3
23613,Apølon,azralon,288,monk,windwalker,6,3,3
23614,Detox,sargeras,288,monk,windwalker,6,3,3
23615,Rampant,anubarak,288,monk,windwalker,9,4,5
23616,Bujiburger,frostmourne,288,monk,windwalker,12,3,9
23617,Paramendic,frostwolf,288,monk,windwalker,12,3,9
23618,Joreg,moon-guard,288,monk,windwalker,12,3,9
23619,Meatcleave,kiljaeden,288,monk,windwalker,12,3,9
23620,Raviolipolie,sargeras,288,monk,windwalker,12,3,9
23621,Setzua,cairne,288,monk,windwalker,12,3,9
23622,Vova,bleeding-hollow,288,monk,windwalker,12,3,9
23623,Wwx,whisperwind,288,monk,windwalker,12,3,9
23624,Tofugoku,area-52,288,monk,windwalker,12,3,9
23625,Shizzyowoxd,bleeding-hollow,288,monk,windwalker,12,3,9
23626,Kickxy,sargeras,288,monk,windwalker,12,3,9
23627,Keloxx,ragnaros,288,monk,windwalker,12,3,9
23628,Saohta,quelthalas,288,monk,windwalker,12,3,9
23629,Donn,illidan,288,monk,windwalker,12,3,9
23630,Atarii,emerald-dream,288,monk,windwalker,12,3,9
23631,Howlit,illidan,288,monk,windwalker,12,3,9
23632,Messym,illidan,288,monk,windwalker,12,3,9
23633,Maziyen,thunderlord,288,monk,windwalker,12,3,9
23634,Senseixww,sargeras,288,monk,windwalker,12,3,9
23635,Dmhsaint,sargeras,288,monk,windwalker,12,3,9
23636,Rnmedic,stormrage,288,monk,windwalker,14,3,11
23637,Ogre,the-venture-co,287,monk,windwalker,6,3,3
23638,Brewmooser,area-52,287,monk,windwalker,6,3,3
23639,Vigilanteon,stormrage,287,monk,windwalker,12,3,9
23640,Gaziee,tichondrius,271,monk,windwalker,11,3,8
23641,Dafuqk,stormrage,256,monk,windwalker,16,3,13
23642,Hellrosennin,area-52,239,monk,windwalker,5,3,2
23643,Rockfu,illidan,239,monk,windwalker,5,3,2
23644,Mùk,tichondrius,192,monk,windwalker,4,3,1
23645,Klamfu,thrall,192,monk,windwalker,4,3,1
23646,Lìpz,zuljin,192,monk,windwalker,6,2,4
23647,Dragoro,exodar,192,monk,windwalker,6,2,4
23648,Brokenfeels,azralon,192,monk,windwalker,6,2,4
23649,Monkuban,destromath,192,monk,windwalker,6,2,4
23650,Fistpumps,thrall,192,monk,windwalker,6,2,4
23651,Defacen,illidan,192,monk,windwalker,6,2,4
23652,Sdns,stormrage,192,monk,windwalker,6,2,4
23653,Bubblewater,illidan,192,monk,windwalker,6,2,4
23654,Gumrag,illidan,192,monk,windwalker,6,2,4
23655,Undmonge,azralon,192,monk,windwalker,6,2,4
23656,Brëwslee,twisting-nether,192,monk,windwalker,6,2,4
23657,Strongmandan,twisting-nether,192,monk,windwalker,6,2,4
23658,Tenfingers,dalaran,192,monk,windwalker,6,2,4
23659,Kakusanni,nemesis,192,monk,windwalker,6,2,4
23660,Deyasth,zuljin,192,monk,windwalker,6,2,4
23661,Hutmok,dalaran,192,monk,windwalker,6,2,4
23662,Toxicaff,dalaran,192,monk,windwalker,6,2,4
23663,Pvptone,bleeding-hollow,192,monk,windwalker,6,2,4
23664,Tadaku,dalaran,192,monk,windwalker,6,2,4
23665,Bakusao,bleeding-hollow,192,monk,windwalker,6,2,4
23666,Xarra,bleeding-hollow,192,monk,windwalker,6,2,4
23667,Jüdo,barthilas,192,monk,windwalker,6,2,4
23668,Salanzoww,bleeding-hollow,192,monk,windwalker,6,2,4
23669,Spirits,dreadmaul,192,monk,windwalker,6,2,4
23670,Icesmoker,frostmourne,192,monk,windwalker,6,2,4
23671,Hêrsh,frostmourne,192,monk,windwalker,6,2,4
23672,Streetcreds,bleeding-hollow,192,monk,windwalker,6,2,4
23673,Coomerww,kelthuzad,192,monk,windwalker,6,2,4
23674,Zengawd,magtheridon,192,monk,windwalker,6,2,4
23675,Monkbro,altar-of-storms,192,monk,windwalker,6,2,4
23676,Flicksx,arthas,192,monk,windwalker,6,2,4
23677,Sukrit,darkspear,192,monk,windwalker,6,2,4
23678,Mtnbrew,sargeras,192,monk,windwalker,6,2,4
23679,Saywha,windrunner,192,monk,windwalker,6,2,4
23680,Hossdelgadoe,kiljaeden,192,monk,windwalker,6,2,4
23681,Bhoredom,kiljaeden,192,monk,windwalker,6,2,4
23682,Kitfisty,kiljaeden,192,monk,windwalker,6,2,4
23683,Jadiel,quelthalas,192,monk,windwalker,6,2,4
23684,Robocto,area-52,192,monk,windwalker,6,2,4
23685,Merrell,area-52,192,monk,windwalker,6,2,4
23686,Sinistuhm,tichondrius,192,monk,windwalker,6,2,4
23687,Mîstchievous,sargeras,192,monk,windwalker,6,2,4
23688,Privix,tichondrius,192,monk,windwalker,6,2,4
23689,Induhca,area-52,192,monk,windwalker,6,2,4
23690,Averagéjoe,tichondrius,192,monk,windwalker,6,2,4
23691,Imafqnbaby,tichondrius,192,monk,windwalker,6,2,4
23692,Takazawas,bonechewer,192,monk,windwalker,6,2,4
23693,Upcoming,moon-guard,192,monk,windwalker,6,2,4
23694,Grëyfox,sargeras,192,monk,windwalker,6,2,4
23695,Metaxzy,sargeras,192,monk,windwalker,6,2,4
23696,Mcoos,tichondrius,192,monk,windwalker,6,2,4
23697,Troutz,sargeras,192,monk,windwalker,6,2,4
23698,Akiiko,draenor,192,monk,windwalker,6,2,4
23699,Gøldéngødx,tichondrius,192,monk,windwalker,6,2,4
23700,Heävenly,kelthuzad,192,monk,windwalker,6,2,4
23701,Boeingair,kelthuzad,192,monk,windwalker,6,2,4
23702,Ked,ragnaros,192,monk,windwalker,6,2,4
23703,Lonebamboo,tichondrius,192,monk,windwalker,6,2,4
23704,Möösê,moon-guard,192,monk,windwalker,6,2,4
23705,Yopper,tichondrius,192,monk,windwalker,6,2,4
23706,Hydraoxy,moon-guard,192,monk,windwalker,6,2,4
23707,Youngnudy,sargeras,192,monk,windwalker,6,2,4
23708,Thöran,ragnaros,192,monk,windwalker,6,2,4
23709,Gracesowner,moon-guard,192,monk,windwalker,6,2,4
23710,Transcend,nerzhul,192,monk,windwalker,6,2,4
23711,Furrykisser,tichondrius,192,monk,windwalker,6,2,4
23712,Fuchizaki,ragnaros,192,monk,windwalker,6,2,4
23713,Puraimu,sargeras,192,monk,windwalker,6,2,4
23714,Prf,ragnaros,192,monk,windwalker,6,2,4
23715,Epî,tichondrius,192,monk,windwalker,6,2,4
23716,Taringa,drakkari,192,monk,windwalker,6,2,4
23717,Théwy,tichondrius,192,monk,windwalker,6,2,4
23718,Khnum,fizzcrank,192,monk,windwalker,6,2,4
23719,Guyfíeri,velen,192,monk,windwalker,8,2,6
23720,Motivmonk,uldum,192,monk,windwalker,12,2,10
23721,Dankestkhan,korialstrasz,192,monk,windwalker,12,2,10
23722,Pongo,kelthuzad,192,monk,windwalker,12,2,10
23723,Eliwenn,ragnaros,192,monk,windwalker,12,2,10
23724,Bruceflea,gurubashi,192,monk,windwalker,18,2,16
23725,Punch,agamaggan,175,monk,windwalker,11,2,9
23726,Wheatsli,malganis,159,monk,windwalker,5,2,3
23727,Goku,frostmourne,159,monk,windwalker,5,2,3
23728,Stellae,emerald-dream,159,monk,windwalker,5,2,3
23729,Lazy,shattered-halls,159,monk,windwalker,5,2,3
23730,Fendi,stormrage,159,monk,windwalker,5,2,3
23731,Choyou,bleeding-hollow,138,monk,windwalker,10,4,6
23732,Heartsies,sargeras,128,monk,windwalker,4,2,2
23733,Vanishm,ragnaros,96,monk,windwalker,3,2,1
23734,Jayjaybrew,area-52,96,monk,windwalker,3,2,1
23735,Monkwayz,emerald-dream,96,monk,windwalker,3,2,1
23736,Neaxain,tichondrius,96,monk,windwalker,3,2,1
23737,Srshy,drakkari,96,monk,windwalker,6,1,5
23738,Murgleh,misha,96,monk,windwalker,6,1,5
23739,Nbatrap,stormrage,96,monk,windwalker,6,1,5
23740,Cerocool,hyjal,96,monk,windwalker,6,1,5
23741,Buddaba,tichondrius,96,monk,windwalker,6,1,5
23742,Molsonicee,tichondrius,96,monk,windwalker,6,1,5
23743,Zinque,emerald-dream,96,monk,windwalker,6,1,5
23744,Jh,korgath,96,monk,windwalker,6,1,5
23745,Munnk,stormreaver,96,monk,windwalker,6,1,5
23746,Okuraseru,bleeding-hollow,96,monk,windwalker,6,1,5
23747,Gablle,tol-barad,96,monk,windwalker,6,1,5
23748,Smashdmonk,gnomeregan,96,monk,windwalker,6,1,5
23749,Chipócluda,ragnaros,96,monk,windwalker,6,1,5
23750,Forestweaver,area-52,96,monk,windwalker,6,1,5
23751,Friëden,quelthalas,96,monk,windwalker,6,1,5
23752,Giriom,thrall,96,monk,windwalker,6,1,5
23753,Legsweeps,tichondrius,96,monk,windwalker,6,1,5
23754,Windlordx,illidan,96,monk,windwalker,6,1,5
23755,Omoplàta,illidan,96,monk,windwalker,6,1,5
23756,Tubshark,kelthuzad,96,monk,windwalker,6,1,5
23757,Ischys,kelthuzad,96,monk,windwalker,6,1,5
23758,Pléb,kelthuzad,96,monk,windwalker,6,1,5
23759,Spicybrew,tichondrius,96,monk,windwalker,6,1,5
23760,Xhu,kelthuzad,96,monk,windwalker,6,1,5
23761,Comical,malygos,96,monk,windwalker,6,1,5
23762,Netang,emerald-dream,96,monk,windwalker,6,1,5
23763,Memurk,bleeding-hollow,96,monk,windwalker,6,1,5
23764,Imingleejr,illidan,96,monk,windwalker,6,1,5
23765,Boomboomspin,illidan,96,monk,windwalker,6,1,5
23766,Kickflipy,dalaran,96,monk,windwalker,6,1,5
23767,Tmtricks,tichondrius,96,monk,windwalker,6,1,5
23768,Monkspanka,nemesis,96,monk,windwalker,6,1,5
23769,Jg,staghelm,96,monk,windwalker,6,1,5
23770,Teewin,area-52,96,monk,windwalker,6,1,5
23771,Minimonki,bleeding-hollow,96,monk,windwalker,6,1,5
23772,Piccolo,emerald-dream,96,monk,windwalker,6,1,5
23773,Monkanome,gilneas,96,monk,windwalker,6,1,5
23774,Cystweaver,dalaran,96,monk,windwalker,6,1,5
23775,Srgtbingo,azgalor,96,monk,windwalker,6,1,5
23776,Saruyo,frostmourne,96,monk,windwalker,6,1,5
23777,Lainerya,moon-guard,96,monk,windwalker,6,1,5
23778,Yípman,uldum,96,monk,windwalker,6,1,5
23779,Æsir,moon-guard,96,monk,windwalker,6,1,5
23780,Banidiin,moon-guard,96,monk,windwalker,6,1,5
23781,Sanemi,amanthul,96,monk,windwalker,6,1,5
23782,Quaria,moon-guard,96,monk,windwalker,6,1,5
23783,Kablam,frostmourne,96,monk,windwalker,6,1,5
23784,Tuskytwofist,kargath,96,monk,windwalker,12,1,11
23785,Cmon,icecrown,96,monk,windwalker,12,1,11
23786,Yosisoy,zuljin,79,monk,windwalker,5,1,4
23787,Hít,bonechewer,64,monk,windwalker,4,1,3
23788,Criminall,aegwynn,64,monk,windwalker,4,1,3
23789,Zhatafaq,ragnaros,48,monk,windwalker,3,1,2
23790,Alzen,tichondrius,42,monk,windwalker,9,2,7
23791,Kreese,rivendare,42,monk,windwalker,9,2,7
23792,Cosetteb,proudmoore,31,monk,windwalker,2,1,1
23793,Notamønk,bonechewer,31,monk,windwalker,2,1,1
23794,Laggyfist,frostmourne,16,monk,windwalker,1,1,0
23795,Rèxpéi,area-52,2157,paladin,holy,84,48,36
23796,Overwhelm,muradin,2125,paladin,holy,64,39,25
23797,Sunita,arthas,2116,paladin,holy,189,99,90
23798,Pattar,area-52,2107,paladin,holy,66,37,29
23799,Dreathhammer,muradin,2093,paladin,holy,96,48,48
23800,Tmborn,tichondrius,2080,paladin,holy,101,48,53
23801,Holylolz,ragnaros,2042,paladin,holy,198,99,99
23802,Digglesx,area-52,2012,paladin,holy,78,35,43
23803,Bubblebuddyx,tichondrius,2010,paladin,holy,136,66,70
23804,Bilmurii,zuljin,1981,paladin,holy,96,51,45
23805,Curator,emerald-dream,1964,paladin,holy,74,37,37
23806,Reverbz,malganis,1953,paladin,holy,120,56,64
23807,Badnold,area-52,1952,paladin,holy,55,26,29
23808,Braindeadrsj,anetheron,1942,paladin,holy,173,94,79
23809,Eskerda,azralon,1942,paladin,holy,166,80,86
23810,Bombboyoz,area-52,1936,paladin,holy,84,44,40
23811,Nickimahoj,tichondrius,1920,paladin,holy,93,47,46
23812,Flõw,gnomeregan,1919,paladin,holy,84,52,32
23813,Hamsti,sargeras,1909,paladin,holy,125,63,62
23814,Baelsimp,illidan,1898,paladin,holy,96,50,46
23815,Flashv,barthilas,1896,paladin,holy,62,32,30
23816,Saacbot,area-52,1890,paladin,holy,75,29,46
23817,Angrycubanx,black-dragonflight,1887,paladin,holy,50,25,25
23818,Jaywalker,baelgun,1885,paladin,holy,78,45,33
23819,Thejustice,tichondrius,1870,paladin,holy,162,79,83
23820,Careless,malganis,1869,paladin,holy,54,28,26
23821,Cynthianna,tichondrius,1865,paladin,holy,266,137,129
23822,Bravepala,tichondrius,1862,paladin,holy,78,35,43
23823,Thejustices,tichondrius,1860,paladin,holy,36,22,14
23824,Sde,kelthuzad,1855,paladin,holy,132,61,71
23825,Pelletbrain,emerald-dream,1850,paladin,holy,262,133,129
23826,Nyctemavanna,ragnaros,1848,paladin,holy,124,65,59
23827,Hats,icecrown,1846,paladin,holy,227,119,108
23828,Ðáxø,sargeras,1846,paladin,holy,48,25,23
23829,Truluck,area-52,1845,paladin,holy,135,69,66
23830,Dýstopia,stormrage,1841,paladin,holy,41,21,20
23831,Skillenjoyer,tichondrius,1839,paladin,holy,78,49,29
23832,Bobthemad,proudmoore,1838,paladin,holy,59,33,26
23833,Bushyy,tichondrius,1838,paladin,holy,54,26,28
23834,Duallkore,stormrage,1835,paladin,holy,78,42,36
23835,Ðáx,sargeras,1828,paladin,holy,75,39,36
23836,Sojupapi,area-52,1826,paladin,holy,239,119,120
23837,Ppgdx,azralon,1826,paladin,holy,78,34,44
23838,Caveyodeler,zuluhed,1822,paladin,holy,47,28,19
23839,Cyphinx,darkspear,1822,paladin,holy,103,48,55
23840,Csupremacy,tichondrius,1822,paladin,holy,99,46,53
23841,Memnoche,frostmane,1821,paladin,holy,89,53,36
23842,Sacbubldead,area-52,1820,paladin,holy,126,79,47
23843,Perfect,crushridge,1820,paladin,holy,56,28,28
23844,Deadlyassian,sargeras,1819,paladin,holy,100,54,46
23845,Judgejim,barthilas,1819,paladin,holy,162,75,87
23846,Scrubbinton,zuljin,1818,paladin,holy,102,51,51
23847,Everrlasting,tichondrius,1817,paladin,holy,72,36,36
23848,Fonypally,tichondrius,1815,paladin,holy,332,171,161
23849,Uxe,zuljin,1812,paladin,holy,60,30,30
23850,Esd,kelthuzad,1812,paladin,holy,59,25,34
23851,Chobbler,tichondrius,1812,paladin,holy,60,24,36
23852,Fukndibs,kiljaeden,1811,paladin,holy,172,85,87
23853,Sd,kelthuzad,1811,paladin,holy,123,59,64
23854,Bubblist,tichondrius,1811,paladin,holy,68,28,40
23855,Bravepl,tichondrius,1808,paladin,holy,73,28,45
23856,Dracfire,zuljin,1807,paladin,holy,45,24,21
23857,Zetsubõ,stormrage,1806,paladin,holy,54,24,30
23858,Ængelic,barthilas,1803,paladin,holy,202,107,95
23859,Dyppally,moon-guard,1803,paladin,holy,102,51,51
23860,Wtbmana,frostmourne,1801,paladin,holy,72,39,33
23861,Varies,kelthuzad,1801,paladin,holy,58,28,30
23862,Tylennis,archimonde,1801,paladin,holy,172,82,90
23863,Richpiana,nathrezim,1800,paladin,holy,106,60,46
23864,Hongwoosang,tichondrius,1795,paladin,holy,188,89,99
23865,Colepal,zuljin,1792,paladin,holy,96,42,54
23866,Amourranth,stormrage,1785,paladin,holy,52,30,22
23867,Scamlikely,tichondrius,1785,paladin,holy,121,62,59
23868,Airbad,tichondrius,1785,paladin,holy,53,23,30
23869,Boomda,tichondrius,1781,paladin,holy,193,106,87
23870,Insthy,illidan,1777,paladin,holy,131,69,62
23871,Veejayx,tichondrius,1775,paladin,holy,44,21,23
23872,Chenzo,exodar,1774,paladin,holy,196,102,94
23873,Zilea,kiljaeden,1768,paladin,holy,48,24,24
23874,Hps,argent-dawn,1759,paladin,holy,42,22,20
23875,Theebus,tichondrius,1753,paladin,holy,71,28,43
23876,Kevinthecube,nerzhul,1749,paladin,holy,48,36,12
23877,Defensezone,tichondrius,1749,paladin,holy,74,36,38
23878,Xciss,kiljaeden,1739,paladin,holy,294,146,148
23879,Ihaveajob,zuluhed,1730,paladin,holy,42,23,19
23880,Cewekmbek,barthilas,1727,paladin,holy,48,19,29
23881,Ddeuk,tichondrius,1725,paladin,holy,570,293,277
23882,Mercedez,bleeding-hollow,1724,paladin,holy,54,28,26
23883,Brynnhild,stormrage,1722,paladin,holy,102,55,47
23884,Kustp,tichondrius,1718,paladin,holy,183,105,78
23885,Fixyouz,mannoroth,1718,paladin,holy,118,55,63
23886,Ckaïnë,stormrage,1714,paladin,holy,68,36,32
23887,Pallice,queldorei,1714,paladin,holy,126,61,65
23888,Softsister,tichondrius,1713,paladin,holy,42,22,20
23889,Heaven,gurubashi,1705,paladin,holy,47,22,25
23890,Taargaryenn,tichondrius,1701,paladin,holy,60,32,28
23891,Holymooie,frostmourne,1692,paladin,holy,30,18,12
23892,Fortold,bloodhoof,1692,paladin,holy,54,23,31
23893,Virabelle,gurubashi,1690,paladin,holy,48,25,23
23894,Evylinn,burning-legion,1684,paladin,holy,126,69,57
23895,Citylights,tichondrius,1677,paladin,holy,51,28,23
23896,Beyondsausag,malganis,1676,paladin,holy,113,51,62
23897,Tenêbrae,area-52,1674,paladin,holy,52,33,19
23898,Mangoflash,malganis,1673,paladin,holy,66,26,40
23899,Barcie,lothar,1673,paladin,holy,72,26,46
23900,Sàga,hyjal,1671,paladin,holy,53,29,24
23901,Mvpj,medivh,1669,paladin,holy,153,78,75
23902,Cheerleader,bleeding-hollow,1668,paladin,holy,138,62,76
23903,Eskerda,nemesis,1666,paladin,holy,41,18,23
23904,Zacháry,sargeras,1663,paladin,holy,261,137,124
23905,Imshmackedd,darkspear,1663,paladin,holy,84,35,49
23906,Tiernoo,illidan,1662,paladin,holy,98,46,52
23907,Landrysdad,malorne,1660,paladin,holy,54,26,28
23908,Ivan,tichondrius,1659,paladin,holy,136,62,74
23909,Stephon,area-52,1659,paladin,holy,54,22,32
23910,Sacridas,fizzcrank,1657,paladin,holy,36,20,16
23911,Zunit,laughing-skull,1656,paladin,holy,46,22,24
23912,Thorfinaa,moon-guard,1653,paladin,holy,71,38,33
23913,Avengom,tichondrius,1653,paladin,holy,357,179,178
23914,Mayru,ragnaros,1651,paladin,holy,39,20,19
23915,Bombboyozjr,area-52,1649,paladin,holy,30,20,10
23916,Lalatinaford,amanthul,1647,paladin,holy,76,44,32
23917,Chenzio,garona,1646,paladin,holy,39,27,12
23918,Gazapal,thrall,1645,paladin,holy,162,93,69
23919,Kensyzs,tichondrius,1644,paladin,holy,60,24,36
23920,Ppgddxx,azralon,1643,paladin,holy,30,18,12
23921,Nerfretpls,area-52,1642,paladin,holy,42,20,22
23922,Beejae,stormreaver,1640,paladin,holy,47,21,26
23923,Arcanux,thrall,1639,paladin,holy,42,19,23
23924,Dazargeros,moon-guard,1638,paladin,holy,132,66,66
23925,Bushys,tichondrius,1638,paladin,holy,42,21,21
23926,Bpalaayo,kelthuzad,1636,paladin,holy,94,37,57
23927,Ellyarian,emerald-dream,1635,paladin,holy,42,22,20
23928,Teenytoots,burning-legion,1635,paladin,holy,69,26,43
23929,Oing,tichondrius,1634,paladin,holy,76,45,31
23930,Yuuichi,moon-guard,1634,paladin,holy,64,29,35
23931,Enzõ,illidan,1632,paladin,holy,48,26,22
23932,Castleknight,tichondrius,1632,paladin,holy,77,38,39
23933,Rhönin,sargeras,1632,paladin,holy,54,22,32
23934,Rhunon,dalaran,1631,paladin,holy,78,41,37
23935,Shazuwu,illidan,1630,paladin,holy,30,17,13
23936,Xcuse,tichondrius,1630,paladin,holy,84,43,41
23937,Killmoth,illidan,1630,paladin,holy,251,124,127
23938,Boundric,emerald-dream,1629,paladin,holy,42,23,19
23939,Pála,dalaran,1625,paladin,holy,164,80,84
23940,Songminsu,proudmoore,1625,paladin,holy,99,47,52
23941,Deepnasty,galakrond,1624,paladin,holy,215,110,105
23942,Solfire,stormreaver,1622,paladin,holy,92,45,47
23943,Bopbotx,area-52,1621,paladin,holy,49,17,32
23944,Gospel,duskwood,1617,paladin,holy,65,37,28
23945,Scoopzi,frostmourne,1616,paladin,holy,47,27,20
23946,Rhönin,illidan,1616,paladin,holy,42,22,20
23947,Sinfolly,whisperwind,1615,paladin,holy,90,47,43
23948,Ascion,tichondrius,1614,paladin,holy,119,58,61
23949,Censy,tichondrius,1613,paladin,holy,30,17,13
23950,Caitthegreat,malorne,1613,paladin,holy,42,23,19
23951,Nodenom,blackrock,1612,paladin,holy,30,18,12
23952,Sekitar,ragnaros,1611,paladin,holy,155,79,76
23953,Zergmé,executus,1610,paladin,holy,42,21,21
23954,Ricopal,frostmourne,1610,paladin,holy,36,17,19
23955,Sevenword,tichondrius,1609,paladin,holy,61,36,25
23956,Jealp,sargeras,1608,paladin,holy,42,26,16
23957,Roundhere,area-52,1608,paladin,holy,30,18,12
23958,Naxzy,quelthalas,1608,paladin,holy,46,27,19
23959,Moonmi,tichondrius,1608,paladin,holy,187,106,81
23960,Larryhoova,malganis,1608,paladin,holy,36,20,16
23961,Crâfty,bleeding-hollow,1608,paladin,holy,83,45,38
23962,Madorian,bleeding-hollow,1607,paladin,holy,60,25,35
23963,Dwarrior,quelthalas,1606,paladin,holy,39,18,21
23964,Forsakenlite,sargeras,1606,paladin,holy,90,41,49
23965,Raigha,stormrage,1604,paladin,holy,42,22,20
23966,Abellpally,tichondrius,1604,paladin,holy,48,21,27
23967,Minefujiko,tichondrius,1603,paladin,holy,377,191,186
23968,Erikx,smolderthorn,1601,paladin,holy,120,66,54
23969,Orphandog,zuljin,1600,paladin,holy,29,21,8
23970,Gjoker,azralon,1600,paladin,holy,42,25,17
23971,Jiraya,nemesis,1598,paladin,holy,79,39,40
23972,Wuhbp,illidan,1596,paladin,holy,88,44,44
23973,Ricardão,emerald-dream,1592,paladin,holy,36,17,19
23974,Asherm,moon-guard,1590,paladin,holy,98,48,50
23975,Klam,kelthuzad,1588,paladin,holy,36,18,18
23976,Madsama,quelthalas,1587,paladin,holy,66,36,30
23977,Retsincewod,zuluhed,1586,paladin,holy,54,28,26
23978,Kencyz,tichondrius,1585,paladin,holy,37,22,15
23979,Molki,tichondrius,1583,paladin,holy,99,59,40
23980,Bopthebomb,sargeras,1580,paladin,holy,71,33,38
23981,Chonsic,darkspear,1579,paladin,holy,84,37,47
23982,Thelac,dalaran,1575,paladin,holy,72,39,33
23983,Regivän,azralon,1575,paladin,holy,78,39,39
23984,Dodgeandhoj,nerzhul,1572,paladin,holy,36,19,17
23985,Gwok,thrall,1569,paladin,holy,167,89,78
23986,Aluríel,quelthalas,1568,paladin,holy,56,28,28
23987,Peelmeree,kelthuzad,1565,paladin,holy,36,18,18
23988,Hônòr,thrall,1564,paladin,holy,51,29,22
23989,Ashley,sargeras,1563,paladin,holy,42,22,20
23990,Runihaveaids,stormrage,1563,paladin,holy,196,101,95
23991,Sprjustice,frostmourne,1562,paladin,holy,36,18,18
23992,Nontheism,malganis,1559,paladin,holy,42,19,23
23993,Quertz,sargeras,1557,paladin,holy,116,71,45
23994,Drägonmynuts,tichondrius,1556,paladin,holy,103,43,60
23995,Montageflav,illidan,1554,paladin,holy,56,27,29
23996,Gorgona,illidan,1551,paladin,holy,107,53,54
23997,Crabsaladpal,illidan,1550,paladin,holy,112,62,50
23998,Jiberish,illidan,1548,paladin,holy,110,53,57
23999,Jässy,muradin,1545,paladin,holy,59,29,30
24000,Amiigo,tichondrius,1545,paladin,holy,54,24,30
24001,Vitabro,bleeding-hollow,1540,paladin,holy,137,76,61
24002,Riptonix,stormrage,1540,paladin,holy,121,66,55
24003,Discordnitro,illidan,1539,paladin,holy,36,20,16
24004,Slüg,bleeding-hollow,1537,paladin,holy,204,104,100
24005,Guerrer,hyjal,1537,paladin,holy,488,248,240
24006,Vaerume,sargeras,1534,paladin,holy,84,47,37
24007,Shagalaga,tichondrius,1534,paladin,holy,78,37,41
24008,Handsomedan,twisting-nether,1533,paladin,holy,72,34,38
24009,Holyknight,veknilash,1532,paladin,holy,89,45,44
24010,Rg,nerzhul,1532,paladin,holy,219,108,111
24011,Saphri,kiljaeden,1529,paladin,holy,136,70,66
24012,Avahir,moon-guard,1528,paladin,holy,60,30,30
24013,Saveursavior,bleeding-hollow,1524,paladin,holy,147,70,77
24014,Kidstable,nathrezim,1523,paladin,holy,70,27,43
24015,Beyönd,quelthalas,1520,paladin,holy,78,39,39
24016,Pandahorn,tichondrius,1520,paladin,holy,54,23,31
24017,Wokeinator,malganis,1519,paladin,holy,249,135,114
24018,Dageraad,tichondrius,1519,paladin,holy,30,16,14
24019,Bigoldman,tichondrius,1519,paladin,holy,72,37,35
24020,Drisx,sargeras,1514,paladin,holy,78,35,43
24021,Maeyz,sargeras,1511,paladin,holy,126,67,59
24022,Bërzerk,zuluhed,1511,paladin,holy,69,26,43
24023,Handyandy,kelthuzad,1510,paladin,holy,112,60,52
24024,Bosat,drakkari,1509,paladin,holy,48,19,29
24025,Bushÿ,tichondrius,1508,paladin,holy,94,52,42
24026,Vmxp,barthilas,1507,paladin,holy,58,33,25
24027,Humañ,tichondrius,1507,paladin,holy,60,32,28
24028,Cjqcjq,tichondrius,1507,paladin,holy,41,21,20
24029,Buqi,barthilas,1506,paladin,holy,39,17,22
24030,Kdex,tichondrius,1505,paladin,holy,84,37,47
24031,Kencyxx,tichondrius,1504,paladin,holy,42,19,23
24032,Ageroÿ,sargeras,1503,paladin,holy,61,31,30
24033,Doofum,stormrage,1503,paladin,holy,131,58,73
24034,Serendipidy,bleeding-hollow,1503,paladin,holy,98,43,55
24035,Brumm,quelthalas,1501,paladin,holy,77,39,38
24036,Rodrigo,frostmourne,1499,paladin,holy,81,39,42
24037,Denthus,dragonmaw,1497,paladin,holy,36,16,20
24038,Rarth,nemesis,1497,paladin,holy,47,20,27
24039,Harryhui,tichondrius,1496,paladin,holy,42,23,19
24040,Jeromee,area-52,1496,paladin,holy,48,19,29
24041,Bebebig,tichondrius,1494,paladin,holy,166,91,75
24042,Haitishammer,stormrage,1494,paladin,holy,78,37,41
24043,Lightkillerx,thrall,1494,paladin,holy,84,37,47
24044,Daenrahh,azralon,1491,paladin,holy,176,91,85
24045,Nickiminhoj,stormrage,1488,paladin,holy,51,29,22
24046,Donkeydumper,wyrmrest-accord,1486,paladin,holy,118,67,51
24047,Condone,earthen-ring,1484,paladin,holy,90,41,49
24048,Baitur,zuljin,1480,paladin,holy,49,21,28
24049,Regivan,nemesis,1479,paladin,holy,42,16,26
24050,Aulty,sargeras,1479,paladin,holy,77,28,49
24051,Senorbaxter,emerald-dream,1478,paladin,holy,48,17,31
24052,Dewlight,zuljin,1477,paladin,holy,161,77,84
24053,Jorik,lightbringer,1477,paladin,holy,42,20,22
24054,Dimix,sargeras,1476,paladin,holy,65,32,33
24055,Lhpal,ragnaros,1475,paladin,holy,30,19,11
24056,Irunnal,kelthuzad,1474,paladin,holy,36,24,12
24057,Percüles,sargeras,1473,paladin,holy,66,38,28
24058,Konvi,tichondrius,1472,paladin,holy,105,47,58
24059,Judgemode,the-scryers,1468,paladin,holy,96,41,55
24060,Ryhighdi,sargeras,1467,paladin,holy,48,22,26
24061,Ooppa,proudmoore,1467,paladin,holy,61,26,35
24062,Pasda,frostmourne,1467,paladin,holy,77,29,48
24063,Blarr,azshara,1466,paladin,holy,84,34,50
24064,Glørythrives,tichondrius,1465,paladin,holy,57,25,32
24065,Traumaboy,terenas,1463,paladin,holy,87,44,43
24066,Danpros,azralon,1462,paladin,holy,84,34,50
24067,Cohesion,draenor,1461,paladin,holy,77,35,42
24068,Allitharis,tichondrius,1458,paladin,holy,112,59,53
24069,Indemnity,wildhammer,1457,paladin,holy,69,40,29
24070,Arral,malganis,1457,paladin,holy,60,30,30
24071,Wonpai,frostmourne,1457,paladin,holy,57,26,31
24072,Wonpaiv,frostmourne,1456,paladin,holy,53,21,32
24073,Holyramen,illidan,1455,paladin,holy,159,77,82
24074,Gankstapwn,tichondrius,1455,paladin,holy,53,24,29
24075,Devöut,aggramar,1453,paladin,holy,103,48,55
24076,Herakleitos,firetree,1451,paladin,holy,57,36,21
24077,Holyterror,dentarg,1451,paladin,holy,42,23,19
24078,Prettylightx,kelthuzad,1451,paladin,holy,171,82,89
24079,Zakath,the-underbog,1449,paladin,holy,72,31,41
24080,Zoeyxo,tichondrius,1448,paladin,holy,80,42,38
24081,Noback,ragnaros,1448,paladin,holy,66,31,35
24082,Kihluxo,frostmourne,1446,paladin,holy,101,56,45
24083,Dartpuncher,frostmourne,1446,paladin,holy,114,61,53
24084,Celsica,kelthuzad,1443,paladin,holy,153,73,80
24085,Chowdar,proudmoore,1443,paladin,holy,78,36,42
24086,Vodokus,area-52,1443,paladin,holy,100,44,56
24087,Holyprotectr,tichondrius,1442,paladin,holy,30,17,13
24088,Cykcp,burning-legion,1441,paladin,holy,72,34,38
24089,Danyuel,zuljin,1441,paladin,holy,86,39,47
24090,Holyhades,auchindoun,1439,paladin,holy,125,70,55
24091,Sigmapepe,quelthalas,1436,paladin,holy,96,52,44
24092,Ryhigh,sargeras,1436,paladin,holy,89,38,51
24093,Omfgitsyang,tichondrius,1433,paladin,holy,36,21,15
24094,Xinqingle,tichondrius,1433,paladin,holy,419,205,214
24095,Xuantianchai,tichondrius,1431,paladin,holy,30,15,15
24096,Zephyrvalor,sargeras,1430,paladin,holy,42,18,24
24097,Kriegmeister,amanthul,1429,paladin,holy,48,24,24
24098,Maleguz,azralon,1428,paladin,holy,249,131,118
24099,Nume,nesingwary,1428,paladin,holy,96,49,47
24100,Lyticmartyr,bleeding-hollow,1427,paladin,holy,48,24,24
24101,Gotomars,tichondrius,1426,paladin,holy,83,39,44
24102,Nrpzy,stormrage,1425,paladin,holy,83,39,44
24103,Lothnalar,ragnaros,1424,paladin,holy,54,23,31
24104,Mabia,tichondrius,1421,paladin,holy,215,111,104
24105,Graceyrae,tichondrius,1419,paladin,holy,50,30,20
24106,Jpwx,barthilas,1419,paladin,holy,30,15,15
24107,Amadeo,hyjal,1418,paladin,holy,95,44,51
24108,Droopyz,quelthalas,1418,paladin,holy,66,27,39
24109,Decalli,tichondrius,1417,paladin,holy,69,35,34
24110,Alessan,nemesis,1413,paladin,holy,31,18,13
24111,Cynical,dalvengyr,1413,paladin,holy,120,64,56
24112,Xuanxingchai,tichondrius,1413,paladin,holy,72,30,42
24113,Unbreakable,antonidas,1412,paladin,holy,51,36,15
24114,Piïls,sargeras,1410,paladin,holy,36,15,21
24115,Quadrifoglio,moon-guard,1409,paladin,holy,205,106,99
24116,Stormzy,zuljin,1409,paladin,holy,59,30,29
24117,Vasar,tichondrius,1406,paladin,holy,37,26,11
24118,Kokomö,kelthuzad,1404,paladin,holy,47,21,26
24119,Nxkita,sargeras,1403,paladin,holy,54,28,26
24120,Oralen,daggerspine,1402,paladin,holy,48,24,24
24121,Nanøha,frostmourne,1402,paladin,holy,88,26,62
24122,Crüst,proudmoore,1401,paladin,holy,42,21,21
24123,Liå,frostmourne,1399,paladin,holy,96,49,47
24124,Talantyr,zuljin,1398,paladin,holy,48,23,25
24125,Uprise,chogall,1397,paladin,holy,66,33,33
24126,Fabîan,guldan,1395,paladin,holy,42,22,20
24127,Kirilx,vashj,1395,paladin,holy,48,25,23
24128,Dadcantsac,frostmourne,1395,paladin,holy,87,41,46
24129,Paladinaiko,nemesis,1394,paladin,holy,117,57,60
24130,Vêgenace,proudmoore,1394,paladin,holy,39,19,20
24131,Anea,kelthuzad,1388,paladin,holy,32,17,15
24132,Sapphiros,tichondrius,1388,paladin,holy,68,25,43
24133,Summercarma,area-52,1387,paladin,holy,27,15,12
24134,Luminainre,zuljin,1384,paladin,holy,149,66,83
24135,Galeras,norgannon,1383,paladin,holy,160,70,90
24136,Palazin,frostmourne,1383,paladin,holy,104,43,61
24137,Berseus,tichondrius,1383,paladin,holy,72,27,45
24138,Ricemang,kiljaeden,1380,paladin,holy,53,24,29
24139,Doorii,tichondrius,1377,paladin,holy,47,18,29
24140,Ibury,quelthalas,1376,paladin,holy,139,67,72
24141,Delilahxoxo,mugthol,1376,paladin,holy,63,26,37
24142,Leónrey,stormrage,1376,paladin,holy,92,33,59
24143,Twck,hyjal,1374,paladin,holy,114,55,59
24144,Wálker,ragnaros,1373,paladin,holy,86,41,45
24145,Notdjalex,zuljin,1372,paladin,holy,24,15,9
24146,Mawning,kelthuzad,1371,paladin,holy,160,84,76
24147,Lu,the-venture-co,1371,paladin,holy,34,15,19
24148,Fiate,azralon,1370,paladin,holy,36,16,20
24149,Massivesac,frostmourne,1369,paladin,holy,36,22,14
24150,Jimmipepe,quelthalas,1369,paladin,holy,42,24,18
24151,Palltard,illidan,1369,paladin,holy,42,18,24
24152,Shaidd,bleeding-hollow,1368,paladin,holy,77,34,43
24153,Clare,burning-blade,1367,paladin,holy,55,26,29
24154,Saeranella,moon-guard,1366,paladin,holy,106,44,62
24155,Granitei,quelthalas,1365,paladin,holy,39,18,21
24156,Paladinaa,lothar,1364,paladin,holy,104,41,63
24157,Odiinn,stormscale,1363,paladin,holy,73,32,41
24158,Gorilla,kiljaeden,1362,paladin,holy,59,15,44
24159,Samaze,tichondrius,1361,paladin,holy,108,50,58
24160,Rengen,frostmourne,1360,paladin,holy,42,22,20
24161,Choonsly,tichondrius,1356,paladin,holy,69,36,33
24162,Bakoø,tichondrius,1354,paladin,holy,53,24,29
24163,Palapoxi,arygos,1353,paladin,holy,54,23,31
24164,Splashleyy,bleeding-hollow,1353,paladin,holy,96,40,56
24165,Brioc,tichondrius,1352,paladin,holy,30,17,13
24166,Galabanja,malganis,1350,paladin,holy,42,24,18
24167,Bulgecranker,tichondrius,1350,paladin,holy,36,20,16
24168,Hawtwangs,proudmoore,1349,paladin,holy,48,26,22
24169,Flippo,sargeras,1346,paladin,holy,36,17,19
24170,Airbusx,tichondrius,1343,paladin,holy,24,14,10
24171,Aberos,stonemaul,1343,paladin,holy,69,24,45
24172,Mctacos,proudmoore,1342,paladin,holy,18,14,4
24173,Imabandagins,bleeding-hollow,1342,paladin,holy,36,19,17
24174,Miswalkpally,ragnaros,1342,paladin,holy,30,14,16
24175,Rhamadicinu,frostmourne,1341,paladin,holy,55,31,24
24176,Chunzhangsqs,tichondrius,1339,paladin,holy,36,14,22
24177,Htmlar,tichondrius,1338,paladin,holy,75,41,34
24178,Xiaoladin,frostmourne,1337,paladin,holy,25,16,9
24179,Güido,stormrage,1337,paladin,holy,42,23,19
24180,Röniin,ragnaros,1337,paladin,holy,298,156,142
24181,Minereth,quelthalas,1337,paladin,holy,59,30,29
24182,Leonrey,stormrage,1337,paladin,holy,43,21,22
24183,Bakoo,tichondrius,1336,paladin,holy,42,21,21
24184,Donoph,blades-edge,1336,paladin,holy,42,20,22
24185,Malakor,thrall,1334,paladin,holy,87,46,41
24186,Finerkane,quelthalas,1334,paladin,holy,138,62,76
24187,Alphanerd,burning-blade,1333,paladin,holy,55,27,28
24188,Therealdeal,sargeras,1332,paladin,holy,77,41,36
24189,Hawianbread,stormrage,1331,paladin,holy,60,33,27
24190,Nepnade,stormrage,1331,paladin,holy,47,25,22
24191,Rezmefool,tichondrius,1331,paladin,holy,133,59,74
24192,Buri,tichondrius,1330,paladin,holy,42,17,25
24193,Phinnik,tichondrius,1329,paladin,holy,250,125,125
24194,Syrenz,khazgoroth,1327,paladin,holy,42,24,18
24195,Ashgrim,kiljaeden,1327,paladin,holy,77,37,40
24196,Negodoskate,nemesis,1326,paladin,holy,201,101,100
24197,Catechism,laughing-skull,1325,paladin,holy,44,24,20
24198,Deepsearide,illidan,1324,paladin,holy,150,82,68
24199,Alcaedra,shadowsong,1324,paladin,holy,92,45,47
24200,Jordenz,bonechewer,1324,paladin,holy,30,14,16
24201,Consecrated,daggerspine,1324,paladin,holy,75,30,45
24202,Mcllovin,kiljaeden,1323,paladin,holy,60,28,32
24203,Lucciuzz,tichondrius,1323,paladin,holy,68,29,39
24204,Dimior,quelthalas,1322,paladin,holy,54,29,25
24205,Zantdemption,frostmourne,1322,paladin,holy,30,15,15
24206,Kektrixia,tichondrius,1318,paladin,holy,24,15,9
24207,Tigranes,proudmoore,1318,paladin,holy,30,14,16
24208,Ùnholypally,jubeithos,1316,paladin,holy,71,42,29
24209,Nilin,tichondrius,1316,paladin,holy,24,14,10
24210,Mânz,stormrage,1315,paladin,holy,36,14,22
24211,Valandiel,proudmoore,1315,paladin,holy,61,15,46
24212,Jaenus,azralon,1314,paladin,holy,66,32,34
24213,Hodl,barthilas,1313,paladin,holy,113,58,55
24214,Viviana,shadowmoon,1312,paladin,holy,30,14,16
24215,Ryhighh,sargeras,1311,paladin,holy,93,37,56
24216,Holyredx,bleeding-hollow,1307,paladin,holy,126,70,56
24217,Solanin,frostmourne,1307,paladin,holy,75,38,37
24218,Ramphastoz,quelthalas,1307,paladin,holy,60,26,34
24219,Ozpal,burning-blade,1305,paladin,holy,38,24,14
24220,Errant,bonechewer,1305,paladin,holy,53,31,22
24221,Santiadin,ragnaros,1304,paladin,holy,20,15,5
24222,Jestiny,amanthul,1302,paladin,holy,73,39,34
24223,Dreadrot,azralon,1302,paladin,holy,50,24,26
24224,Sorkar,tichondrius,1301,paladin,holy,129,66,63
24225,Einjerhar,quelthalas,1300,paladin,holy,48,22,26
24226,Dóminos,quelthalas,1298,paladin,holy,48,24,24
24227,Ironpaladin,sargeras,1297,paladin,holy,90,39,51
24228,Vurian,uther,1295,paladin,holy,90,36,54
24229,Goodwood,ghostlands,1293,paladin,holy,90,41,49
24230,Jacobhowda,tichondrius,1292,paladin,holy,54,25,29
24231,Daphillen,frostmourne,1288,paladin,holy,41,23,18
24232,Yadiyadiyada,barthilas,1287,paladin,holy,42,24,18
24233,Heniou,tichondrius,1286,paladin,holy,55,24,31
24234,Blessthfall,bleeding-hollow,1286,paladin,holy,51,14,37
24235,Undefeatæd,korgath,1285,paladin,holy,52,29,23
24236,Psuito,ragnaros,1285,paladin,holy,60,32,28
24237,Atelva,moon-guard,1280,paladin,holy,41,20,21
24238,Sanasana,spirestone,1272,paladin,holy,24,14,10
24239,Swordstrikes,tichondrius,1271,paladin,holy,29,14,15
24240,Merll,ragnaros,1267,paladin,holy,121,58,63
24241,Cowladino,tichondrius,1265,paladin,holy,55,27,28
24242,Affrika,ysondre,1264,paladin,holy,104,52,52
24243,Pallin,sargeras,1264,paladin,holy,90,41,49
24244,Quarall,blackhand,1263,paladin,holy,52,25,27
24245,Sneakypal,dalaran,1263,paladin,holy,46,16,30
24246,Motoa,stormrage,1262,paladin,holy,36,19,17
24247,Chånïng,frostmourne,1262,paladin,holy,42,16,26
24248,Thiccholy,deathwing,1260,paladin,holy,170,93,77
24249,Lilfingered,malganis,1260,paladin,holy,57,29,28
24250,Vithar,bleeding-hollow,1259,paladin,holy,173,84,89
24251,Randuir,proudmoore,1258,paladin,holy,68,38,30
24252,Salipally,dalaran,1258,paladin,holy,101,46,55
24253,Brenenk,quelthalas,1257,paladin,holy,65,32,33
24254,Dumpytrucks,sargeras,1256,paladin,holy,36,18,18
24255,Caobobby,tichondrius,1256,paladin,holy,45,15,30
24256,Holyslapy,illidan,1255,paladin,holy,71,38,33
24257,Holysplonk,stonemaul,1255,paladin,holy,72,30,42
24258,Lightleadsme,sargeras,1253,paladin,holy,168,82,86
24259,Swazanaseger,frostmourne,1252,paladin,holy,42,22,20
24260,Wukongsunn,dalaran,1251,paladin,holy,30,14,16
24261,Sinay,azshara,1250,paladin,holy,40,23,17
24262,Whitekao,illidan,1247,paladin,holy,18,13,5
24263,Colbroggins,crushridge,1246,paladin,holy,36,18,18
24264,Denke,thrall,1244,paladin,holy,30,13,17
24265,Bubblepigo,tichondrius,1243,paladin,holy,36,22,14
24266,Sologriefer,sargeras,1242,paladin,holy,30,13,17
24267,Herroprease,frostmane,1241,paladin,holy,30,13,17
24268,Scarlet,skywall,1241,paladin,holy,30,13,17
24269,Goldensmile,frostmourne,1238,paladin,holy,24,13,11
24270,Cudiskush,tichondrius,1237,paladin,holy,45,26,19
24271,Anatnof,malganis,1237,paladin,holy,30,16,14
24272,Chewyjitsu,tichondrius,1237,paladin,holy,54,23,31
24273,Kristienna,boulderfist,1236,paladin,holy,35,16,19
24274,Saibasita,tichondrius,1235,paladin,holy,18,13,5
24275,Hughmyron,stormrage,1235,paladin,holy,18,13,5
24276,Cbm,tichondrius,1235,paladin,holy,23,14,9
24277,Chewiipal,dalaran,1235,paladin,holy,57,31,26
24278,Judgynomnom,the-underbog,1234,paladin,holy,36,13,23
24279,Tuor,nerzhul,1233,paladin,holy,18,13,5
24280,Neurôtoxins,frostmourne,1233,paladin,holy,24,13,11
24281,Twìceborn,emerald-dream,1233,paladin,holy,24,13,11
24282,Zenkk,sargeras,1232,paladin,holy,45,14,31
24283,Kariack,malganis,1231,paladin,holy,30,15,15
24284,Diebeatus,zuljin,1231,paladin,holy,54,25,29
24285,Justizz,vashj,1228,paladin,holy,65,35,30
24286,Mobitz,dalvengyr,1228,paladin,holy,36,16,20
24287,Wodlim,azralon,1228,paladin,holy,37,13,24
24288,Enuug,malfurion,1226,paladin,holy,42,23,19
24289,Mundomaloo,quelthalas,1226,paladin,holy,59,31,28
24290,Crocfacex,tichondrius,1226,paladin,holy,46,18,28
24291,Harke,drakkari,1224,paladin,holy,18,13,5
24292,Szsfstnoob,tichondrius,1224,paladin,holy,30,13,17
24293,Paladanim,tichondrius,1223,paladin,holy,65,17,48
24294,Aellithiene,tichondrius,1221,paladin,holy,30,13,17
24295,Elizzabeth,skullcrusher,1220,paladin,holy,35,21,14
24296,Ramspartan,drakkari,1218,paladin,holy,106,52,54
24297,Justeight,stormrage,1217,paladin,holy,48,25,23
24298,Whangsta,tichondrius,1217,paladin,holy,48,21,27
24299,Bárdokø,ragnaros,1216,paladin,holy,84,42,42
24300,Monts,azralon,1215,paladin,holy,61,24,37
24301,Saffranzord,azralon,1214,paladin,holy,73,35,38
24302,Tandury,tichondrius,1214,paladin,holy,60,28,32
24303,Lafasíta,ragnaros,1212,paladin,holy,30,14,16
24304,Kamaelyn,proudmoore,1211,paladin,holy,133,68,65
24305,Ballsmcgee,bleeding-hollow,1210,paladin,holy,70,25,45
24306,Capedcrusade,area-52,1208,paladin,holy,24,13,11
24307,Yérn,barthilas,1208,paladin,holy,42,15,27
24308,Kënsi,quelthalas,1206,paladin,holy,158,82,76
24309,Nikopala,tichondrius,1204,paladin,holy,36,19,17
24310,Burgalveist,azgalor,1202,paladin,holy,25,15,10
24311,Chopsparks,khadgar,1201,paladin,holy,147,75,72
24312,Holodecoy,bleeding-hollow,1200,paladin,holy,39,20,19
24313,Maaxxee,zuljin,1200,paladin,holy,27,13,14
24314,Aoishie,bleeding-hollow,1200,paladin,holy,90,40,50
24315,Stemi,kelthuzad,1200,paladin,holy,53,18,35
24316,Boarfarmer,tichondrius,1199,paladin,holy,87,37,50
24317,Hobbsone,trollbane,1198,paladin,holy,131,51,80
24318,Mörphêus,tichondrius,1197,paladin,holy,54,30,24
24319,Elutherios,tichondrius,1197,paladin,holy,24,13,11
24320,Kenric,quelthalas,1196,paladin,holy,73,28,45
24321,Shorthordeon,kelthuzad,1194,paladin,holy,54,30,24
24322,Dreemie,tichondrius,1194,paladin,holy,54,20,34
24323,Dbolpala,frostmourne,1192,paladin,holy,48,26,22
24324,Jessuss,shandris,1192,paladin,holy,51,21,30
24325,Swanp,stormrage,1191,paladin,holy,60,26,34
24326,Encantado,thrall,1190,paladin,holy,43,20,23
24327,Yogafire,kelthuzad,1188,paladin,holy,24,13,11
24328,Fredward,bleeding-hollow,1187,paladin,holy,23,13,10
24329,Pallythre,proudmoore,1187,paladin,holy,54,23,31
24330,Faileeria,malganis,1185,paladin,holy,36,25,11
24331,Sinara,detheroc,1184,paladin,holy,143,69,74
24332,Bubblebooty,drakthul,1182,paladin,holy,60,38,22
24333,Granklol,tichondrius,1181,paladin,holy,98,41,57
24334,Paladinomoto,sargeras,1180,paladin,holy,46,22,24
24335,Sixtynine,nathrezim,1180,paladin,holy,78,35,43
24336,Bunksta,kelthuzad,1179,paladin,holy,46,24,22
24337,Prosykt,sargeras,1179,paladin,holy,36,14,22
24338,Myrthedara,kargath,1178,paladin,holy,33,16,17
24339,Vänhélsing,tichondrius,1176,paladin,holy,37,16,21
24340,Barbaluzz,quelthalas,1174,paladin,holy,257,123,134
24341,Coltlocks,sargeras,1168,paladin,holy,36,14,22
24342,Clehley,turalyon,1162,paladin,holy,36,16,20
24343,Pemodyne,illidan,1161,paladin,holy,66,21,45
24344,Oldgrumpster,stormrage,1159,paladin,holy,99,43,56
24345,Jazzmatic,dalaran,1157,paladin,holy,53,24,29
24346,Babylonfive,zuluhed,1157,paladin,holy,126,53,73
24347,Hammercy,tichondrius,1155,paladin,holy,73,39,34
24348,Onecmpeter,kelthuzad,1152,paladin,holy,67,38,29
24349,Holycowisroy,illidan,1150,paladin,holy,24,12,12
24350,Bignum,illidan,1150,paladin,holy,36,12,24
24351,Boxjang,tichondrius,1149,paladin,holy,24,12,12
24352,Savagegirlz,tichondrius,1147,paladin,holy,76,33,43
24353,Lindnerxo,malganis,1147,paladin,holy,36,12,24
24354,Toesy,area-52,1146,paladin,holy,64,27,37
24355,Renteria,sargeras,1144,paladin,holy,24,12,12
24356,Rogrmurtaugh,sargeras,1143,paladin,holy,47,23,24
24357,Homiepaldino,nordrassil,1143,paladin,holy,30,12,18
24358,Repèntance,stormrage,1142,paladin,holy,24,12,12
24359,Iramm,gallywix,1141,paladin,holy,18,12,6
24360,Daik,proudmoore,1140,paladin,holy,34,20,14
24361,Dazztrain,barthilas,1139,paladin,holy,24,12,12
24362,Exxin,turalyon,1139,paladin,holy,90,40,50
24363,Elogant,mannoroth,1138,paladin,holy,58,33,25
24364,Ramhammerz,sargeras,1138,paladin,holy,108,54,54
24365,Flareous,moon-guard,1138,paladin,holy,30,12,18
24366,Toroke,nemesis,1133,paladin,holy,54,29,25
24367,Rajava,gallywix,1132,paladin,holy,78,43,35
24368,Mellidi,azralon,1130,paladin,holy,24,12,12
24369,Gareyn,moon-guard,1129,paladin,holy,30,12,18
24370,Alarter,azralon,1128,paladin,holy,36,13,23
24371,Belmonte,greymane,1125,paladin,holy,18,12,6
24372,Dawnhammer,mugthol,1125,paladin,holy,58,28,30
24373,Jiaofu,illidan,1123,paladin,holy,24,12,12
24374,Kentö,area-52,1123,paladin,holy,30,14,16
24375,Bonz,ragnaros,1121,paladin,holy,24,12,12
24376,Jezëbel,azralon,1120,paladin,holy,34,17,17
24377,Sloppybobby,zuljin,1119,paladin,holy,30,16,14
24378,Ziggzag,hyjal,1117,paladin,holy,78,34,44
24379,Biwi,zuljin,1115,paladin,holy,61,25,36
24380,Meatburger,stormrage,1113,paladin,holy,30,12,18
24381,Holyhali,zuljin,1111,paladin,holy,80,27,53
24382,Ëd,moon-guard,1110,paladin,holy,180,89,91
24383,Holymorph,tichondrius,1108,paladin,holy,22,13,9
24384,Zowolf,quelthalas,1108,paladin,holy,65,33,32
24385,Acori,azralon,1108,paladin,holy,39,18,21
24386,Kelthor,azralon,1104,paladin,holy,36,18,18
24387,Lovehan,tichondrius,1103,paladin,holy,27,12,15
24388,Holysols,zuljin,1102,paladin,holy,24,12,12
24389,Lavarball,tichondrius,1098,paladin,holy,41,14,27
24390,Ahsys,tichondrius,1097,paladin,holy,41,16,25
24391,Rykeran,warsong,1096,paladin,holy,96,55,41
24392,Whosharted,area-52,1092,paladin,holy,66,36,30
24393,Darkbringer,frostmourne,1092,paladin,holy,70,34,36
24394,Balanoriaa,azralon,1092,paladin,holy,62,29,33
24395,Unworn,proudmoore,1087,paladin,holy,66,34,32
24396,Lobõ,ragnaros,1086,paladin,holy,48,18,30
24397,Maín,tichondrius,1085,paladin,holy,22,12,10
24398,Liadrin,sentinels,1085,paladin,holy,29,12,17
24399,Teloniow,quelthalas,1084,paladin,holy,38,19,19
24400,Salivan,darkspear,1082,paladin,holy,27,13,14
24401,Palaadiin,sargeras,1081,paladin,holy,60,33,27
24402,Hivers,stormrage,1081,paladin,holy,48,22,26
24403,Realpalada,tichondrius,1080,paladin,holy,47,13,34
24404,Spikele,barthilas,1079,paladin,holy,30,13,17
24405,Shocka,norgannon,1078,paladin,holy,90,48,42
24406,Maldobarr,stormrage,1075,paladin,holy,30,12,18
24407,Resio,illidan,1068,paladin,holy,36,13,23
24408,Moogmodular,malganis,1066,paladin,holy,51,18,33
24409,Lycheelz,illidan,1064,paladin,holy,48,26,22
24410,Júpiter,kiljaeden,1064,paladin,holy,40,17,23
24411,Fuzed,frostmourne,1063,paladin,holy,163,81,82
24412,Vidalia,barthilas,1062,paladin,holy,23,12,11
24413,Holyginger,barthilas,1062,paladin,holy,71,22,49
24414,Buckybarnes,gorefiend,1061,paladin,holy,42,26,16
24415,Mitshuki,ragnaros,1060,paladin,holy,30,12,18
24416,Lukas,vashj,1059,paladin,holy,176,89,87
24417,Cephadrome,proudmoore,1058,paladin,holy,42,20,22
24418,Wrathmatics,arthas,1058,paladin,holy,64,30,34
24419,Mèdic,illidan,1057,paladin,holy,62,34,28
24420,Narcissism,emerald-dream,1056,paladin,holy,18,11,7
24421,Odriew,sargeras,1056,paladin,holy,18,11,7
24422,Babe,crushridge,1056,paladin,holy,30,11,19
24423,Waifu,area-52,1055,paladin,holy,18,11,7
24424,Twichy,tichondrius,1055,paladin,holy,18,11,7
24425,Sheriff,tanaris,1055,paladin,holy,24,11,13
24426,Lazio,frostmourne,1055,paladin,holy,24,11,13
24427,Lickmysacx,tichondrius,1055,paladin,holy,30,11,19
24428,Roundbutts,stormrage,1054,paladin,holy,18,11,7
24429,Aldrion,stormrage,1054,paladin,holy,24,11,13
24430,Pality,illidan,1054,paladin,holy,24,11,13
24431,Holygutzz,barthilas,1054,paladin,holy,30,11,19
24432,Beerüs,crushridge,1053,paladin,holy,48,22,26
24433,Eldessia,wyrmrest-accord,1052,paladin,holy,24,11,13
24434,Malakk,zuljin,1051,paladin,holy,47,25,22
24435,Trivv,illidan,1050,paladin,holy,30,11,19
24436,Joeboomers,tichondrius,1048,paladin,holy,105,53,52
24437,Kolmourn,deathwing,1048,paladin,holy,30,11,19
24438,Palooma,area-52,1047,paladin,holy,72,29,43
24439,Boostsixty,proudmoore,1046,paladin,holy,36,13,23
24440,Hybbo,runetotem,1042,paladin,holy,24,12,12
24441,Tig,alleria,1042,paladin,holy,30,11,19
24442,Troxnar,ragnaros,1040,paladin,holy,40,26,14
24443,Tyriam,stormscale,1038,paladin,holy,18,11,7
24444,Salitheion,queldorei,1038,paladin,holy,24,11,13
24445,Mcduss,proudmoore,1037,paladin,holy,18,11,7
24446,Xq,aegwynn,1037,paladin,holy,41,18,23
24447,Cloûd,tichondrius,1036,paladin,holy,25,14,11
24448,Overthrrow,kelthuzad,1035,paladin,holy,156,78,78
24449,Nugsbunne,tichondrius,1035,paladin,holy,115,49,66
24450,Pheriox,agamaggan,1032,paladin,holy,24,11,13
24451,Starfaith,illidan,1032,paladin,holy,67,27,40
24452,Seonghwa,kelthuzad,1031,paladin,holy,70,40,30
24453,Va,onyxia,1029,paladin,holy,54,26,28
24454,Palqq,tichondrius,1025,paladin,holy,24,11,13
24455,Kipow,proudmoore,1024,paladin,holy,24,11,13
24456,Stompcomp,tichondrius,1024,paladin,holy,75,32,43
24457,Klansey,magtheridon,1023,paladin,holy,54,30,24
24458,Ahundo,stonemaul,1022,paladin,holy,35,18,17
24459,Center,ragnaros,1022,paladin,holy,23,11,12
24460,Voxoen,bleeding-hollow,1021,paladin,holy,24,11,13
24461,Lexdor,quelthalas,1021,paladin,holy,24,11,13
24462,Tylnish,hyjal,1021,paladin,holy,24,11,13
24463,Èmmà,stormrage,1018,paladin,holy,49,22,27
24464,Tacori,gorefiend,1017,paladin,holy,24,13,11
24465,Xöchïqüëtzäl,tichondrius,1016,paladin,holy,23,11,12
24466,Varenka,stormrage,1015,paladin,holy,83,36,47
24467,Iamholyman,dragonmaw,1014,paladin,holy,29,14,15
24468,Vamir,magtheridon,1014,paladin,holy,30,13,17
24469,Kbot,zuljin,1005,paladin,holy,15,11,4
24470,Imajeala,thrall,1005,paladin,holy,64,37,27
24471,Tarnak,kelthuzad,1005,paladin,holy,33,11,22
24472,Adventholy,tichondrius,1004,paladin,holy,42,19,23
24473,Dissident,stormrage,1002,paladin,holy,66,25,41
24474,Erán,quelthalas,1001,paladin,holy,74,36,38
24475,Paulx,malganis,999,paladin,holy,87,46,41
24476,Gigadunker,tichondrius,999,paladin,holy,29,13,16
24477,Minouther,area-52,996,paladin,holy,68,25,43
24478,Ðß,arthas,995,paladin,holy,30,15,15
24479,Westlysñipes,tichondrius,995,paladin,holy,92,44,48
24480,Asclepiius,frostmourne,993,paladin,holy,53,28,25
24481,Hzo,tichondrius,989,paladin,holy,17,11,6
24482,Kaina,wildhammer,987,paladin,holy,53,22,31
24483,Colombía,illidan,986,paladin,holy,54,27,27
24484,Agravaine,moon-guard,986,paladin,holy,23,11,12
24485,Ihr,kiljaeden,985,paladin,holy,78,34,44
24486,Ckemosabe,emerald-dream,985,paladin,holy,32,11,21
24487,Ramzäbeoulve,tichondrius,984,paladin,holy,90,25,65
24488,Lysetskriger,azralon,981,paladin,holy,18,12,6
24489,Dispirit,the-forgotten-coast,981,paladin,holy,17,11,6
24490,Gillgamesh,sentinels,978,paladin,holy,24,16,8
24491,Eradrae,mannoroth,978,paladin,holy,38,15,23
24492,Shanvo,tichondrius,977,paladin,holy,40,24,16
24493,Hoonjojjyanp,tichondrius,974,paladin,holy,29,11,18
24494,Marcopolo,azralon,972,paladin,holy,29,11,18
24495,Huijji,illidan,967,paladin,holy,24,15,9
24496,Photons,emerald-dream,966,paladin,holy,24,13,11
24497,Romeoo,silver-hand,964,paladin,holy,66,26,40
24498,Hammerabi,moon-guard,963,paladin,holy,21,13,8
24499,Thoryin,tichondrius,960,paladin,holy,12,10,2
24500,Síríús,malganis,960,paladin,holy,15,11,4
24501,Svitanie,bleeding-hollow,960,paladin,holy,80,38,42
24502,Arevia,stormrage,959,paladin,holy,18,10,8
24503,Showtíme,steamwheedle-cartel,959,paladin,holy,18,10,8
24504,Kagranac,moon-guard,959,paladin,holy,24,10,14
24505,Zakh,proudmoore,959,paladin,holy,32,12,20
24506,Bubblet,bleeding-hollow,958,paladin,holy,18,10,8
24507,Lightswitchx,stormrage,957,paladin,holy,24,10,14
24508,Vajuicy,dalaran,957,paladin,holy,24,10,14
24509,Zayiro,eonar,957,paladin,holy,30,10,20
24510,Jdxqt,darkspear,957,paladin,holy,30,10,20
24511,Marklite,area-52,955,paladin,holy,24,10,14
24512,Raenilil,area-52,955,paladin,holy,30,12,18
24513,Tèhflip,tichondrius,954,paladin,holy,24,10,14
24514,Evanlina,bleeding-hollow,953,paladin,holy,18,10,8
24515,Ljusett,frostmourne,953,paladin,holy,73,34,39
24516,Avasti,proudmoore,953,paladin,holy,24,10,14
24517,Dragonchaos,ragnaros,953,paladin,holy,27,11,16
24518,Zafenate,nemesis,952,paladin,holy,24,10,14
24519,Palladomal,azralon,952,paladin,holy,30,10,20
24520,Snnow,stormrage,951,paladin,holy,30,19,11
24521,Sventyn,frostmourne,951,paladin,holy,25,11,14
24522,Caike,frostmourne,950,paladin,holy,18,10,8
24523,Palawun,nerzhul,949,paladin,holy,45,11,34
24524,Paladam,burning-blade,948,paladin,holy,24,10,14
24525,Hitsilent,warsong,947,paladin,holy,18,10,8
24526,Holydood,thunderhorn,947,paladin,holy,18,10,8
24527,Tolliver,area-52,944,paladin,holy,18,11,7
24528,Lazygamerr,sargeras,944,paladin,holy,18,10,8
24529,Blackiron,frostmourne,941,paladin,holy,23,10,13
24530,Doidyph,frostmourne,935,paladin,holy,24,10,14
24531,Cooldbrew,frostmourne,932,paladin,holy,34,11,23
24532,Divinadin,stormrage,930,paladin,holy,88,46,42
24533,Gênji,eldrethalas,930,paladin,holy,54,20,34
24534,Saìdelia,moon-guard,929,paladin,holy,71,24,47
24535,Finaldecis,zuljin,929,paladin,holy,42,10,32
24536,Swamprat,zuljin,922,paladin,holy,23,10,13
24537,Shâka,stormrage,921,paladin,holy,57,28,29
24538,Monad,nazjatar,921,paladin,holy,60,29,31
24539,Mianheyo,quelthalas,919,paladin,holy,35,14,21
24540,Hentaiangel,kiljaeden,918,paladin,holy,39,19,20
24541,Ascension,amanthul,915,paladin,holy,144,57,87
24542,Iwaterboy,malganis,912,paladin,holy,24,14,10
24543,Ilse,deathwing,911,paladin,holy,27,10,17
24544,Psychorino,tichondrius,906,paladin,holy,27,10,17
24545,Grumpybubble,sargeras,905,paladin,holy,19,11,8
24546,Zhahira,hakkar,905,paladin,holy,24,10,14
24547,Thaedrun,hydraxis,896,paladin,holy,54,26,28
24548,Durendin,bonechewer,894,paladin,holy,14,10,4
24549,Fedpowell,tichondrius,894,paladin,holy,23,10,13
24550,Shananakin,azshara,892,paladin,holy,29,13,16
24551,Takodaddy,elune,889,paladin,holy,16,10,6
24552,Lennon,stormrage,885,paladin,holy,78,35,43
24553,Letsirk,doomhammer,880,paladin,holy,30,11,19
24554,Papakatsu,proudmoore,878,paladin,holy,48,22,26
24555,Trâshcårt,sargeras,864,paladin,holy,12,9,3
24556,Sovice,illidan,864,paladin,holy,12,9,3
24557,Mâdâra,stormrage,864,paladin,holy,18,9,9
24558,Rachaelucky,malganis,864,paladin,holy,18,9,9
24559,Deadry,ysera,864,paladin,holy,18,9,9
24560,Adrizzyx,barthilas,864,paladin,holy,18,9,9
24561,Zilzag,moon-guard,864,paladin,holy,23,9,14
24562,Picorii,frostmourne,864,paladin,holy,24,9,15
24563,Diamondwater,tichondrius,864,paladin,holy,24,9,15
24564,Racketyman,illidan,863,paladin,holy,12,9,3
24565,Superzero,area-52,863,paladin,holy,12,9,3
24566,Sutadansa,doomhammer,863,paladin,holy,77,42,35
24567,Cheers,garona,863,paladin,holy,18,9,9
24568,Auraingraham,stormscale,863,paladin,holy,18,9,9
24569,Flow,spinebreaker,863,paladin,holy,24,9,15
24570,Onlycams,sargeras,863,paladin,holy,24,9,15
24571,Paintthinner,frostmourne,863,paladin,holy,24,9,15
24572,Proxima,laughing-skull,863,paladin,holy,24,9,15
24573,Potatopasta,area-52,861,paladin,holy,12,9,3
24574,Msheen,azralon,861,paladin,holy,12,9,3
24575,Kusotarão,nemesis,861,paladin,holy,18,9,9
24576,Hopeyouheal,sargeras,859,paladin,holy,18,9,9
24577,Stricken,kul-tiras,857,paladin,holy,24,9,15
24578,Spamsalot,malganis,857,paladin,holy,24,9,15
24579,Saxmurderz,tichondrius,853,paladin,holy,18,9,9
24580,Holyiseasy,alleria,853,paladin,holy,29,11,18
24581,Nedorshock,stormrage,853,paladin,holy,24,9,15
24582,Veronica,sentinels,852,paladin,holy,42,9,33
24583,Vëlar,tichondrius,851,paladin,holy,18,9,9
24584,Mytolo,malganis,851,paladin,holy,24,9,15
24585,Nualrossan,veknilash,848,paladin,holy,53,21,32
24586,Ðeathspire,tichondrius,846,paladin,holy,18,10,8
24587,Maalik,thrall,844,paladin,holy,18,9,9
24588,Andormu,wyrmrest-accord,841,paladin,holy,24,9,15
24589,Allegiance,drenden,840,paladin,holy,17,10,7
24590,Vaalbara,fizzcrank,834,paladin,holy,24,9,15
24591,Jaok,tichondrius,831,paladin,holy,21,10,11
24592,Supercutee,malganis,830,paladin,holy,22,9,13
24593,Redentor,dalaran,824,paladin,holy,18,9,9
24594,Bainn,nerzhul,822,paladin,holy,73,31,42
24595,Alltoohuman,nagrand,821,paladin,holy,23,9,14
24596,Palaknight,tichondrius,812,paladin,holy,60,21,39
24597,Nea,argent-dawn,811,paladin,holy,77,29,48
24598,Jonfox,stormrage,808,paladin,holy,19,10,9
24599,Praisin,zuljin,805,paladin,holy,18,9,9
24600,Davinity,senjin,799,paladin,holy,23,9,14
24601,Athanaiëll,proudmoore,792,paladin,holy,16,10,6
24602,Holythunderx,tichondrius,782,paladin,holy,25,9,16
24603,Trivana,durotan,781,paladin,holy,13,9,4
24604,Holyfrénzy,thrall,776,paladin,holy,25,9,16
24605,Archerxx,ragnaros,768,paladin,holy,12,8,4
24606,Siebens,illidan,768,paladin,holy,12,8,4
24607,Lòuisvuttion,tichondrius,768,paladin,holy,12,8,4
24608,Swellowsx,tichondrius,768,paladin,holy,12,8,4
24609,Fary,malganis,768,paladin,holy,12,8,4
24610,Alkyna,kelthuzad,768,paladin,holy,12,8,4
24611,Kritzyx,stormrage,768,paladin,holy,12,8,4
24612,Loganholy,tichondrius,768,paladin,holy,18,8,10
24613,Zero,anetheron,768,paladin,holy,18,8,10
24614,Artús,ragnaros,768,paladin,holy,18,8,10
24615,Voladis,malganis,768,paladin,holy,30,8,22
24616,Usebandage,sargeras,767,paladin,holy,12,8,4
24617,Mhera,sargeras,767,paladin,holy,12,8,4
24618,Linaiah,moon-guard,767,paladin,holy,12,8,4
24619,Kriegstier,scarlet-crusade,767,paladin,holy,12,8,4
24620,Bestpally,alterac-mountains,767,paladin,holy,12,8,4
24621,Trancelancer,kelthuzad,767,paladin,holy,18,8,10
24622,Lanzzelot,goldrinn,767,paladin,holy,18,8,10
24623,Miniweiner,proudmoore,767,paladin,holy,18,8,10
24624,Wonpai,barthilas,767,paladin,holy,18,8,10
24625,Bopsamdi,barthilas,767,paladin,holy,24,8,16
24626,Hruuhwa,wyrmrest-accord,766,paladin,holy,12,8,4
24627,Wiley,dark-iron,766,paladin,holy,12,8,4
24628,Wrekster,tichondrius,766,paladin,holy,18,8,10
24629,Holydeath,arthas,766,paladin,holy,24,8,16
24630,Thonar,stormrage,765,paladin,holy,12,8,4
24631,Lightsòut,frostmourne,765,paladin,holy,24,8,16
24632,Revenere,tichondrius,765,paladin,holy,36,8,28
24633,Grumpy,the-forgotten-coast,764,paladin,holy,12,8,4
24634,Instaded,illidan,764,paladin,holy,18,8,10
24635,Plsdontburst,tichondrius,763,paladin,holy,12,8,4
24636,Pambam,thrall,763,paladin,holy,18,9,9
24637,Jereth,kelthuzad,763,paladin,holy,18,8,10
24638,Etlas,windrunner,763,paladin,holy,18,8,10
24639,Porkwatchy,eonar,762,paladin,holy,24,8,16
24640,Sweettartts,zuljin,762,paladin,holy,30,8,22
24641,Blacktemplar,area-52,755,paladin,holy,18,8,10
24642,Unsungherø,skywall,752,paladin,holy,12,8,4
24643,Jyin,emerald-dream,750,paladin,holy,24,8,16
24644,Willycrow,nordrassil,740,paladin,holy,18,8,10
24645,Møcha,moon-guard,732,paladin,holy,20,9,11
24646,Mirotchburns,illidan,724,paladin,holy,16,9,7
24647,Ashera,amanthul,722,paladin,holy,26,9,17
24648,Mfn,tichondrius,714,paladin,holy,18,9,9
24649,Deidei,blood-furnace,713,paladin,holy,17,8,9
24650,Loyantal,tichondrius,672,paladin,holy,12,7,5
24651,Imsuffering,zuljin,672,paladin,holy,12,7,5
24652,Bigolbittiez,tichondrius,672,paladin,holy,12,7,5
24653,Zpsychotycx,tichondrius,672,paladin,holy,12,7,5
24654,Oîn,area-52,672,paladin,holy,12,7,5
24655,Ilovecanada,sargeras,672,paladin,holy,12,7,5
24656,Busdid,sargeras,672,paladin,holy,12,7,5
24657,Crinject,sargeras,672,paladin,holy,12,7,5
24658,Shxz,illidan,672,paladin,holy,12,7,5
24659,Gimmethéloot,stormrage,672,paladin,holy,12,7,5
24660,Canny,emerald-dream,672,paladin,holy,12,7,5
24661,Mlpx,stormrage,672,paladin,holy,12,7,5
24662,Xiaoholy,barthilas,672,paladin,holy,12,7,5
24663,Iamguess,stormscale,672,paladin,holy,18,7,11
24664,Emmipal,tichondrius,672,paladin,holy,18,7,11
24665,Obllivionn,wildhammer,672,paladin,holy,18,7,11
24666,Orekilol,stormrage,672,paladin,holy,18,7,11
24667,Sensible,sargeras,672,paladin,holy,24,7,17
24668,Stompedlawl,illidan,672,paladin,holy,24,7,17
24669,Boraz,bleeding-hollow,672,paladin,holy,36,7,29
24670,Rahruan,wyrmrest-accord,671,paladin,holy,12,7,5
24671,Doktavius,lightbringer,671,paladin,holy,12,7,5
24672,Thrandeill,bleeding-hollow,671,paladin,holy,12,7,5
24673,Billytwoshoe,laughing-skull,671,paladin,holy,12,7,5
24674,Thin,ragnaros,671,paladin,holy,12,7,5
24675,Lördnextdoor,tichondrius,671,paladin,holy,12,7,5
24676,Cirillah,quelthalas,671,paladin,holy,12,7,5
24677,Animal,korialstrasz,671,paladin,holy,18,7,11
24678,Galearn,ragnaros,671,paladin,holy,18,7,11
24679,Votasha,tichondrius,671,paladin,holy,18,7,11
24680,Shoppee,jubeithos,671,paladin,holy,18,7,11
24681,Lemmiéwinkzz,sargeras,671,paladin,holy,18,7,11
24682,Milonus,frostmourne,671,paladin,holy,18,7,11
24683,Virkas,area-52,671,paladin,holy,18,7,11
24684,Loguto,stormrage,671,paladin,holy,18,7,11
24685,Kymosolopal,sargeras,671,paladin,holy,24,7,17
24686,Sýteck,sargeras,671,paladin,holy,24,7,17
24687,Piura,stormreaver,671,paladin,holy,24,7,17
24688,Éætûgýäëí,area-52,671,paladin,holy,42,8,34
24689,Korvén,area-52,670,paladin,holy,12,7,5
24690,Extee,proudmoore,670,paladin,holy,12,7,5
24691,Rebelion,nagrand,670,paladin,holy,24,7,17
24692,Drgn,azgalor,670,paladin,holy,30,7,23
24693,Pluto,the-underbog,669,paladin,holy,12,7,5
24694,Røusseff,azralon,669,paladin,holy,18,7,11
24695,Whiteknight,kilrogg,669,paladin,holy,18,7,11
24696,Solef,stormrage,669,paladin,holy,18,7,11
24697,Jiralla,ragnaros,669,paladin,holy,18,7,11
24698,Stationarity,frostmourne,669,paladin,holy,18,7,11
24699,Kimahri,anvilmar,669,paladin,holy,36,7,29
24700,Lovinglight,zuljin,668,paladin,holy,12,7,5
24701,Madcandy,illidan,667,paladin,holy,12,7,5
24702,Mikeawk,tichondrius,667,paladin,holy,30,7,23
24703,Raqu,laughing-skull,666,paladin,holy,24,7,17
24704,Vanquishyr,stormrage,666,paladin,holy,30,7,23
24705,Geroden,tichondrius,665,paladin,holy,18,7,11
24706,Bangerzzx,sargeras,663,paladin,holy,18,7,11
24707,Chaós,queldorei,657,paladin,holy,18,7,11
24708,Snowdawg,blackhand,654,paladin,holy,24,7,17
24709,Orleenz,zuljin,642,paladin,holy,26,8,18
24710,Ryuzu,arathor,640,paladin,holy,16,8,8
24711,Emojunz,ragnaros,638,paladin,holy,11,7,4
24712,Mycow,tichondrius,638,paladin,holy,17,7,10
24713,Mikiná,proudmoore,638,paladin,holy,22,7,15
24714,Bullivan,sisters-of-elune,630,paladin,holy,23,7,16
24715,Luxsit,tichondrius,626,paladin,holy,30,9,21
24716,Mamothman,barthilas,622,paladin,holy,18,9,9
24717,Mojiberus,wyrmrest-accord,606,paladin,holy,14,7,7
24718,Hildibrandt,stormrage,606,paladin,holy,14,7,7
24719,Darkwingdad,illidan,602,paladin,holy,34,13,21
24720,Turnevil,wyrmrest-accord,591,paladin,holy,19,7,12
24721,Wonpait,frostmourne,576,paladin,holy,9,7,2
24722,Neeks,zuljin,576,paladin,holy,12,6,6
24723,Tolentino,elune,576,paladin,holy,12,6,6
24724,Squarehammer,blackrock,576,paladin,holy,12,6,6
24725,Ùthèr,tichondrius,576,paladin,holy,12,6,6
24726,Gbj,staghelm,576,paladin,holy,12,6,6
24727,Drossp,illidan,576,paladin,holy,12,6,6
24728,Pseudoret,tichondrius,576,paladin,holy,12,6,6
24729,Amadin,winterhoof,576,paladin,holy,12,6,6
24730,Tríno,malganis,576,paladin,holy,12,6,6
24731,Dequincy,tichondrius,576,paladin,holy,12,6,6
24732,Fadiez,sargeras,576,paladin,holy,12,6,6
24733,Holymomia,blackrock,576,paladin,holy,12,6,6
24734,Ocean,sargeras,576,paladin,holy,12,6,6
24735,Valhallaborn,illidan,576,paladin,holy,12,6,6
24736,Catharsis,tichondrius,576,paladin,holy,12,6,6
24737,Ironjudge,hakkar,576,paladin,holy,17,6,11
24738,Shocksta,dalaran,576,paladin,holy,18,6,12
24739,Ahkairee,whisperwind,576,paladin,holy,18,6,12
24740,Okcheon,tichondrius,576,paladin,holy,18,6,12
24741,Nikxx,tichondrius,576,paladin,holy,18,6,12
24742,Kelosia,bonechewer,576,paladin,holy,18,6,12
24743,Remibear,tichondrius,576,paladin,holy,18,6,12
24744,Marien,kelthuzad,576,paladin,holy,18,6,12
24745,Marleigh,kelthuzad,576,paladin,holy,18,6,12
24746,Imsoholy,tichondrius,576,paladin,holy,18,6,12
24747,Santiagolol,ragnaros,576,paladin,holy,24,6,18
24748,Acpally,tichondrius,576,paladin,holy,24,6,18
24749,Bloodyhull,azralon,575,paladin,holy,6,6,0
24750,Okx,illidan,575,paladin,holy,6,6,0
24751,Roachpally,area-52,575,paladin,holy,12,6,6
24752,Mendes,stormrage,575,paladin,holy,12,6,6
24753,Borntocoom,stormrage,575,paladin,holy,12,6,6
24754,Bigpal,area-52,575,paladin,holy,12,6,6
24755,Leatherfase,dalaran,575,paladin,holy,12,6,6
24756,Auralyon,tichondrius,575,paladin,holy,12,6,6
24757,Anderious,moon-guard,575,paladin,holy,12,6,6
24758,Cassiel,barthilas,575,paladin,holy,12,6,6
24759,Septimia,illidan,575,paladin,holy,12,6,6
24760,Nochance,queldorei,575,paladin,holy,12,6,6
24761,Kromthael,burning-blade,575,paladin,holy,12,6,6
24762,Emptyjump,eredar,575,paladin,holy,12,6,6
24763,Nøzawkalypse,kelthuzad,575,paladin,holy,12,6,6
24764,Hojadin,area-52,575,paladin,holy,18,6,12
24765,Asunä,bloodscalp,575,paladin,holy,18,6,12
24766,Theprimus,darkspear,574,paladin,holy,6,6,0
24767,Mcpuffin,aggramar,574,paladin,holy,12,6,6
24768,Rhonielson,tichondrius,574,paladin,holy,12,6,6
24769,Pizzaface,stormrage,574,paladin,holy,12,6,6
24770,Freyr,deathwing,574,paladin,holy,12,6,6
24771,Sixthycent,kiljaeden,574,paladin,holy,12,6,6
24772,Kilion,illidan,574,paladin,holy,18,6,12
24773,Mileihot,quelthalas,574,paladin,holy,18,6,12
24774,Iluvitar,kiljaeden,573,paladin,holy,18,6,12
24775,Holymomo,malganis,572,paladin,holy,12,6,6
24776,Nellie,deathwing,572,paladin,holy,12,6,6
24777,Ducii,stormrage,571,paladin,holy,18,6,12
24778,Maplleafs,kelthuzad,560,paladin,holy,24,6,18
24779,Fleshoflíght,azjolnerub,559,paladin,holy,17,6,11
24780,Fayernaa,proudmoore,557,paladin,holy,10,7,3
24781,Powtilted,thrall,543,paladin,holy,11,6,5
24782,Redpally,emerald-dream,543,paladin,holy,16,6,10
24783,Antivaxer,frostmourne,543,paladin,holy,17,6,11
24784,Eboi,daggerspine,542,paladin,holy,26,7,19
24785,Leggomyagro,fenris,522,paladin,holy,26,7,19
24786,Tyygore,nagrand,521,paladin,holy,19,8,11
24787,Biggestkritz,frostmourne,511,paladin,holy,14,6,8
24788,Splyts,stormrage,490,paladin,holy,23,7,16
24789,Zenastra,moon-guard,480,paladin,holy,6,5,1
24790,Isecretly,stormrage,480,paladin,holy,6,5,1
24791,Mjölk,tichondrius,480,paladin,holy,6,5,1
24792,Bigboiyahurd,sargeras,480,paladin,holy,6,5,1
24793,Badboí,azralon,480,paladin,holy,6,5,1
24794,Dlt,frostmourne,480,paladin,holy,6,5,1
24795,Zanduncy,stormrage,480,paladin,holy,6,5,1
24796,Mightypally,area-52,480,paladin,holy,12,5,7
24797,Hamen,frostwolf,480,paladin,holy,12,5,7
24798,Leddie,stormrage,480,paladin,holy,12,5,7
24799,Drunknbum,area-52,480,paladin,holy,12,5,7
24800,Timeparadox,illidan,480,paladin,holy,12,5,7
24801,Gøldenlight,illidan,480,paladin,holy,12,5,7
24802,Inmortall,illidan,480,paladin,holy,12,5,7
24803,Botburger,stormrage,480,paladin,holy,12,5,7
24804,Velline,tichondrius,480,paladin,holy,12,5,7
24805,Trycider,lightninghoof,480,paladin,holy,12,5,7
24806,Saintus,proudmoore,480,paladin,holy,12,5,7
24807,Vicentê,ragnaros,480,paladin,holy,12,5,7
24808,Beila,illidan,480,paladin,holy,12,5,7
24809,Garethorne,illidan,480,paladin,holy,12,5,7
24810,Subotai,frostmourne,480,paladin,holy,12,5,7
24811,Zhangliyi,tichondrius,480,paladin,holy,12,5,7
24812,Scubblez,zuljin,480,paladin,holy,12,5,7
24813,Fartburger,saurfang,480,paladin,holy,12,5,7
24814,Mattc,tichondrius,480,paladin,holy,12,5,7
24815,Twoshockz,stormrage,480,paladin,holy,12,5,7
24816,Bíteme,sargeras,480,paladin,holy,15,6,9
24817,Chimp,kiljaeden,480,paladin,holy,18,5,13
24818,Trevmagoosey,tichondrius,480,paladin,holy,18,5,13
24819,Oopalaoo,azralon,480,paladin,holy,18,5,13
24820,Wêsleypipes,crushridge,480,paladin,holy,18,5,13
24821,Chrisgrin,malganis,480,paladin,holy,18,5,13
24822,Stahz,illidan,480,paladin,holy,18,5,13
24823,Mootumba,boulderfist,480,paladin,holy,24,5,19
24824,Annii,aegwynn,479,paladin,holy,6,5,1
24825,Bubbleosèven,tichondrius,479,paladin,holy,6,5,1
24826,Judgejitsu,black-dragonflight,479,paladin,holy,12,5,7
24827,Gyle,stormrage,479,paladin,holy,12,5,7
24828,Holyshasha,tichondrius,479,paladin,holy,12,5,7
24829,Mightythorxx,tichondrius,479,paladin,holy,12,5,7
24830,Tankgreed,quelthalas,479,paladin,holy,12,5,7
24831,Loabandit,malorne,479,paladin,holy,12,5,7
24832,Goksuu,ragnaros,479,paladin,holy,12,5,7
24833,Lmy,stormrage,479,paladin,holy,12,5,7
24834,Nielec,arygos,479,paladin,holy,12,5,7
24835,Lachaple,illidan,479,paladin,holy,12,5,7
24836,Joelsama,area-52,479,paladin,holy,12,5,7
24837,Healadelphia,illidan,479,paladin,holy,18,5,13
24838,Bubbleosevèn,frostmourne,479,paladin,holy,18,5,13
24839,Meistyr,thrall,479,paladin,holy,18,5,13
24840,Mfpink,thrall,478,paladin,holy,12,5,7
24841,Boiducéu,azralon,478,paladin,holy,12,5,7
24842,Yobnai,zuljin,478,paladin,holy,12,5,7
24843,Sihylde,quelthalas,478,paladin,holy,18,5,13
24844,Duecesz,area-52,478,paladin,holy,26,5,21
24845,Sovereignt,aggramar,477,paladin,holy,12,5,7
24846,Goingturbo,wyrmrest-accord,477,paladin,holy,12,5,7
24847,Thaeldan,archimonde,477,paladin,holy,18,5,13
24848,Stilreigning,darkspear,476,paladin,holy,12,5,7
24849,Visanth,bonechewer,474,paladin,holy,15,5,10
24850,Callmeweazy,arathor,472,paladin,holy,18,5,13
24851,Parts,aerie-peak,468,paladin,holy,30,5,25
24852,Toastedheals,stormreaver,463,paladin,holy,17,5,12
24853,Blancaflór,ragnaros,447,paladin,holy,11,5,6
24854,Blassphamy,chogall,447,paladin,holy,14,6,8
24855,Nabora,aggramar,446,paladin,holy,29,5,24
24856,Ziggerqt,stormrage,432,paladin,holy,15,5,10
24857,Belfordz,stormrage,430,paladin,holy,15,6,9
24858,Nivie,moon-guard,430,paladin,holy,15,5,10
24859,Rashell,garrosh,426,paladin,holy,16,7,9
24860,Mousesack,dragonmaw,426,paladin,holy,16,7,9
24861,Retribution,mannoroth,426,paladin,holy,23,6,17
24862,Ziti,bonechewer,415,paladin,holy,8,5,3
24863,Sushiopath,area-52,415,paladin,holy,14,5,9
24864,Malthisz,antonidas,415,paladin,holy,14,5,9
24865,Cyandra,moon-guard,400,paladin,holy,7,5,2
24866,Dewagon,area-52,398,paladin,holy,25,5,20
24867,Vgeater,ysera,397,paladin,holy,13,5,8
24868,Icac,stormrage,384,paladin,holy,6,4,2
24869,Runterran,illidan,384,paladin,holy,6,4,2
24870,Decree,rexxar,384,paladin,holy,6,4,2
24871,Arleos,mannoroth,384,paladin,holy,6,4,2
24872,Eladore,hakkar,384,paladin,holy,6,4,2
24873,Mywifeisbad,tichondrius,384,paladin,holy,6,4,2
24874,Anonymvs,eredar,384,paladin,holy,6,4,2
24875,Ladanthal,barthilas,384,paladin,holy,6,4,2
24876,Gendevo,suramar,384,paladin,holy,6,4,2
24877,Respect,black-dragonflight,384,paladin,holy,6,4,2
24878,Kigz,illidan,384,paladin,holy,6,4,2
24879,Robötwizard,tichondrius,384,paladin,holy,6,4,2
24880,Rc,tichondrius,384,paladin,holy,6,4,2
24881,Lightwerk,frostmourne,384,paladin,holy,6,4,2
24882,Ceeten,tichondrius,384,paladin,holy,6,4,2
24883,Shijielol,tichondrius,384,paladin,holy,6,4,2
24884,Volphorix,illidan,384,paladin,holy,6,4,2
24885,Pradå,tichondrius,384,paladin,holy,6,4,2
24886,Ohthatguy,sargeras,384,paladin,holy,6,4,2
24887,Immensepower,tichondrius,384,paladin,holy,6,4,2
24888,Îcandy,stormrage,384,paladin,holy,6,4,2
24889,Nfl,moon-guard,384,paladin,holy,9,5,4
24890,Dragnix,dalaran,384,paladin,holy,11,4,7
24891,Nikkixo,ysera,384,paladin,holy,12,4,8
24892,Bighardshock,aggramar,384,paladin,holy,12,4,8
24893,Ajlol,thrall,384,paladin,holy,12,4,8
24894,Demonsbane,frostmourne,384,paladin,holy,12,4,8
24895,Contémpt,kelthuzad,384,paladin,holy,12,4,8
24896,Floweezy,thrall,384,paladin,holy,12,4,8
24897,Gùmbý,illidan,384,paladin,holy,12,4,8
24898,Tyryan,azralon,384,paladin,holy,12,4,8
24899,Derbizzle,darkspear,384,paladin,holy,12,4,8
24900,Swolsus,illidan,384,paladin,holy,12,4,8
24901,Waldir,silver-hand,384,paladin,holy,12,4,8
24902,Bigtimepali,tichondrius,384,paladin,holy,12,4,8
24903,Palastik,malganis,384,paladin,holy,12,4,8
24904,Cadap,bleeding-hollow,384,paladin,holy,12,4,8
24905,Sacratess,area-52,384,paladin,holy,12,4,8
24906,Lesauceboss,tichondrius,384,paladin,holy,12,4,8
24907,Justarius,stormrage,384,paladin,holy,12,4,8
24908,Daflash,emerald-dream,384,paladin,holy,12,4,8
24909,Alicethemad,aerie-peak,384,paladin,holy,12,4,8
24910,Purdicks,emerald-dream,384,paladin,holy,12,4,8
24911,Devsrdumb,bonechewer,384,paladin,holy,12,4,8
24912,Gotredwings,proudmoore,384,paladin,holy,12,4,8
24913,Smitty,korgath,384,paladin,holy,12,4,8
24914,Alkina,kelthuzad,384,paladin,holy,12,4,8
24915,Klamindor,emerald-dream,384,paladin,holy,12,4,8
24916,Wangzu,wildhammer,384,paladin,holy,12,4,8
24917,Saintcassi,wyrmrest-accord,384,paladin,holy,12,4,8
24918,Cubic,wyrmrest-accord,384,paladin,holy,12,4,8
24919,Nerfrets,stormrage,384,paladin,holy,12,4,8
24920,Penpal,sargeras,384,paladin,holy,12,4,8
24921,Cutebtw,zuljin,384,paladin,holy,18,4,14
24922,Hímüra,nemesis,384,paladin,holy,18,4,14
24923,Bloodangelz,sargeras,384,paladin,holy,18,4,14
24924,Ardrider,emerald-dream,384,paladin,holy,18,4,14
24925,Beebopper,illidan,384,paladin,holy,18,4,14
24926,Retholyprot,tichondrius,384,paladin,holy,18,4,14
24927,Riyu,blackrock,384,paladin,holy,18,4,14
24928,Kaminasol,quelthalas,384,paladin,holy,18,4,14
24929,Shockzer,bloodscalp,384,paladin,holy,23,4,19
24930,Scah,illidan,383,paladin,holy,6,4,2
24931,Holyflux,winterhoof,383,paladin,holy,6,4,2
24932,Thulamon,zuljin,383,paladin,holy,12,4,8
24933,Lunchmoney,aggramar,383,paladin,holy,12,4,8
24934,Vorex,ragnaros,383,paladin,holy,12,4,8
24935,Akromma,drakkari,383,paladin,holy,12,4,8
24936,Rënner,stormrage,383,paladin,holy,12,4,8
24937,Lightbeard,feathermoon,383,paladin,holy,12,4,8
24938,Namaru,hellscream,383,paladin,holy,12,4,8
24939,Guççi,thunderlord,383,paladin,holy,12,4,8
24940,Gokzurah,dragonmaw,383,paladin,holy,18,4,14
24941,Anjøs,azralon,383,paladin,holy,18,4,14
24942,Alyosya,barthilas,383,paladin,holy,24,4,20
24943,Veliona,thaurissan,382,paladin,holy,12,4,8
24944,Densom,aggramar,381,paladin,holy,12,4,8
24945,Rustacian,area-52,380,paladin,holy,12,4,8
24946,Gnomeslapper,frostmourne,351,paladin,holy,11,4,7
24947,Aärøn,stormrage,351,paladin,holy,11,4,7
24948,Palewan,kiljaeden,351,paladin,holy,11,4,7
24949,Cristineth,tanaris,351,paladin,holy,14,5,9
24950,Nvgesus,undermine,329,paladin,holy,16,5,11
24951,Veeve,emerald-dream,304,paladin,holy,7,4,3
24952,Nskkbr,frostmourne,304,paladin,holy,13,4,9
24953,Nulric,moon-guard,304,paladin,holy,13,4,9
24954,Rett,chogall,288,paladin,holy,8,5,3
24955,Schwârts,blackrock,288,paladin,holy,6,3,3
24956,Breesh,nerzhul,288,paladin,holy,6,3,3
24957,Thyedron,azralon,288,paladin,holy,6,3,3
24958,Hèró,barthilas,288,paladin,holy,6,3,3
24959,Stormvikingx,darkspear,288,paladin,holy,6,3,3
24960,Kaleroenin,cenarius,288,paladin,holy,6,3,3
24961,Ingrìd,ragnaros,288,paladin,holy,6,3,3
24962,Paen,area-52,288,paladin,holy,6,3,3
24963,Soapgirl,area-52,288,paladin,holy,6,3,3
24964,Gothsick,zuljin,288,paladin,holy,6,3,3
24965,Barquin,dalaran,288,paladin,holy,6,3,3
24966,Repgodx,illidan,288,paladin,holy,6,3,3
24967,Miggsy,stormrage,288,paladin,holy,6,3,3
24968,Brightcore,stormrage,288,paladin,holy,6,3,3
24969,Leronos,zuljin,288,paladin,holy,6,3,3
24970,Nipon,stormrage,288,paladin,holy,6,3,3
24971,Alîcë,wyrmrest-accord,288,paladin,holy,6,3,3
24972,Sigfriéd,tichondrius,288,paladin,holy,6,3,3
24973,Hazkal,sargeras,288,paladin,holy,6,3,3
24974,Mindfoolness,sargeras,288,paladin,holy,6,3,3
24975,Grimmey,azjolnerub,288,paladin,holy,6,3,3
24976,Holysheesh,cenarion-circle,288,paladin,holy,6,3,3
24977,Holzinger,quelthalas,288,paladin,holy,6,3,3
24978,Arena,mannoroth,288,paladin,holy,6,3,3
24979,Datguysname,illidan,288,paladin,holy,6,3,3
24980,Aiyoku,illidan,288,paladin,holy,6,3,3
24981,Slippyp,darkspear,288,paladin,holy,6,3,3
24982,Sadamell,tichondrius,288,paladin,holy,6,3,3
24983,Wonpæi,frostmourne,288,paladin,holy,6,3,3
24984,Phut,stormrage,288,paladin,holy,6,3,3
24985,Kusunoki,kelthuzad,288,paladin,holy,6,3,3
24986,Árrest,tichondrius,288,paladin,holy,6,3,3
24987,Yacè,moon-guard,288,paladin,holy,6,3,3
24988,Jackywacky,malganis,288,paladin,holy,6,3,3
24989,Kharissia,proudmoore,288,paladin,holy,6,3,3
24990,Odinns,proudmoore,288,paladin,holy,6,3,3
24991,Dayatthespa,stormrage,288,paladin,holy,6,3,3
24992,Lamas,kelthuzad,288,paladin,holy,6,3,3
24993,Lànd,tichondrius,288,paladin,holy,6,3,3
24994,Grombaby,lightnings-blade,288,paladin,holy,6,3,3
24995,Banpally,tichondrius,288,paladin,holy,6,3,3
24996,Psalms,lightnings-blade,288,paladin,holy,6,3,3
24997,Feelsögood,tichondrius,288,paladin,holy,6,3,3
24998,Vamplyy,kelthuzad,288,paladin,holy,6,3,3
24999,Laythoz,hyjal,288,paladin,holy,6,3,3
25000,Aduhrawl,moon-guard,288,paladin,holy,6,3,3
25001,Sixty,sargeras,288,paladin,holy,6,3,3
25002,Gutzzx,frostmourne,288,paladin,holy,6,3,3
25003,Haldry,wyrmrest-accord,288,paladin,holy,12,3,9
25004,Yanggongru,sargeras,288,paladin,holy,12,3,9
25005,Dartherion,shandris,288,paladin,holy,12,3,9
25006,Repths,illidan,288,paladin,holy,12,3,9
25007,Dráugus,azralon,288,paladin,holy,12,3,9
25008,Drippinheals,eitrigg,288,paladin,holy,12,3,9
25009,Ariste,emerald-dream,288,paladin,holy,12,3,9
25010,Serca,khadgar,288,paladin,holy,12,3,9
25011,Hemmyr,deathwing,288,paladin,holy,12,3,9
25012,Imabigkidnow,emerald-dream,288,paladin,holy,12,3,9
25013,Sanctifyd,kiljaeden,288,paladin,holy,12,3,9
25014,Quits,tichondrius,288,paladin,holy,12,3,9
25015,Prâytorian,illidan,288,paladin,holy,12,3,9
25016,Deckter,ragnaros,288,paladin,holy,12,3,9
25017,Thichammer,frostmourne,288,paladin,holy,12,3,9
25018,Teerblood,illidan,288,paladin,holy,12,3,9
25019,Kommuna,stormscale,288,paladin,holy,12,3,9
25020,Tooholy,kiljaeden,288,paladin,holy,18,3,15
25021,Bigboppapump,lightnings-blade,288,paladin,holy,18,3,15
25022,Mathalt,area-52,288,paladin,holy,18,3,15
25023,Capsiel,caelestrasz,288,paladin,holy,18,3,15
25024,Alogagain,frostmourne,288,paladin,holy,18,3,15
25025,Flarisic,kelthuzad,288,paladin,holy,18,3,15
25026,Hugokpz,quelthalas,288,paladin,holy,18,3,15
25027,Papaa,nemesis,288,paladin,holy,18,3,15
25028,Holyslapz,nazjatar,287,paladin,holy,6,3,3
25029,Fokatayew,korialstrasz,287,paladin,holy,12,3,9
25030,Avantasias,sargeras,287,paladin,holy,12,3,9
25031,Tehgodofdmg,tichondrius,287,paladin,holy,12,3,9
25032,Spacebacon,thunderlord,287,paladin,holy,12,3,9
25033,Rost,jaedenar,287,paladin,holy,24,3,21
25034,Hehealsyou,alleria,285,paladin,holy,12,3,9
25035,Schnabdain,exodar,285,paladin,holy,18,3,15
25036,Sellathice,khadgar,271,paladin,holy,11,3,8
25037,Iradruidz,tichondrius,255,paladin,holy,11,3,8
25038,Holywoof,agamaggan,234,paladin,holy,11,5,6
25039,Itheternal,dalaran,234,paladin,holy,9,4,5
25040,Wëlch,nemesis,234,paladin,holy,16,4,12
25041,Inarit,thrall,232,paladin,holy,22,5,17
25042,Jaxal,nordrassil,208,paladin,holy,7,3,4
25043,Bigdmcgee,frostmourne,192,paladin,holy,6,2,4
25044,Raywhite,kelthuzad,192,paladin,holy,6,2,4
25045,Pgpal,kelthuzad,192,paladin,holy,6,2,4
25046,Healheal,tichondrius,192,paladin,holy,6,2,4
25047,Borngood,tichondrius,192,paladin,holy,6,2,4
25048,Akj,tichondrius,192,paladin,holy,6,2,4
25049,Ronnierawdog,frostmourne,192,paladin,holy,6,2,4
25050,Hitabull,hyjal,192,paladin,holy,6,2,4
25051,Tumatauenga,burning-blade,192,paladin,holy,6,2,4
25052,Ironmanfrank,tichondrius,192,paladin,holy,6,2,4
25053,Goldieg,tichondrius,192,paladin,holy,6,2,4
25054,Iolwhat,sargeras,192,paladin,holy,6,2,4
25055,Breach,blades-edge,192,paladin,holy,6,2,4
25056,Pathalerix,eonar,192,paladin,holy,6,2,4
25057,Irêsha,quelthalas,192,paladin,holy,6,2,4
25058,Beaconlol,proudmoore,192,paladin,holy,6,2,4
25059,Smôres,sargeras,192,paladin,holy,6,2,4
25060,Lazydin,tichondrius,192,paladin,holy,6,2,4
25061,Flexxborn,thrall,192,paladin,holy,6,2,4
25062,Eckò,malganis,192,paladin,holy,6,2,4
25063,Goldirock,quelthalas,192,paladin,holy,6,2,4
25064,Gabs,quelthalas,192,paladin,holy,6,2,4
25065,Lóli,azralon,192,paladin,holy,6,2,4
25066,Misakiqs,sargeras,192,paladin,holy,6,2,4
25067,Gilazhar,eldrethalas,192,paladin,holy,6,2,4
25068,Eicke,malganis,192,paladin,holy,6,2,4
25069,Trâgedy,azjolnerub,192,paladin,holy,6,2,4
25070,Drii,moon-guard,192,paladin,holy,6,2,4
25071,Lørdthemar,azralon,192,paladin,holy,6,2,4
25072,Razzypal,sargeras,192,paladin,holy,6,2,4
25073,Bakapal,tichondrius,192,paladin,holy,6,2,4
25074,Stormwinter,azralon,192,paladin,holy,6,2,4
25075,Romaztlan,area-52,192,paladin,holy,6,2,4
25076,Mangchì,tichondrius,192,paladin,holy,6,2,4
25077,Turnipfãrmer,tichondrius,192,paladin,holy,6,2,4
25078,Raiel,aegwynn,192,paladin,holy,6,2,4
25079,Aldrukor,quelthalas,192,paladin,holy,6,2,4
25080,Svane,thunderlord,192,paladin,holy,6,2,4
25081,Elchupalibre,tichondrius,192,paladin,holy,6,2,4
25082,Tolipos,earthen-ring,192,paladin,holy,6,2,4
25083,Câno,quelthalas,192,paladin,holy,6,2,4
25084,Jastella,illidan,192,paladin,holy,6,2,4
25085,Pallydeen,illidan,192,paladin,holy,6,2,4
25086,Veguê,ragnaros,192,paladin,holy,6,2,4
25087,Gnomesexer,illidan,192,paladin,holy,6,2,4
25088,Xtabelcnu,illidan,192,paladin,holy,6,2,4
25089,Pearlx,ragnaros,192,paladin,holy,6,2,4
25090,Chinaballoon,moonrunner,192,paladin,holy,6,2,4
25091,Antoniano,ragnaros,192,paladin,holy,6,2,4
25092,Cheliere,kiljaeden,192,paladin,holy,6,2,4
25093,Bluemitch,malfurion,192,paladin,holy,6,2,4
25094,Toonchies,barthilas,192,paladin,holy,6,2,4
25095,Healnsqueal,stormrage,192,paladin,holy,6,2,4
25096,Rawpaladin,blackrock,192,paladin,holy,6,2,4
25097,Kimbr,gallywix,192,paladin,holy,6,2,4
25098,Zhula,nerzhul,192,paladin,holy,6,2,4
25099,Nachius,ragnaros,192,paladin,holy,6,2,4
25100,Sainttom,sargeras,192,paladin,holy,6,2,4
25101,Numenor,kiljaeden,192,paladin,holy,6,2,4
25102,Hoopzz,illidan,192,paladin,holy,6,2,4
25103,Illbubble,duskwood,192,paladin,holy,7,2,5
25104,Naxzero,shadowsong,192,paladin,holy,8,2,6
25105,Anderentonso,tichondrius,192,paladin,holy,9,2,7
25106,Einheilagr,stormrage,192,paladin,holy,12,2,10
25107,Piupiubiu,stormrage,192,paladin,holy,12,2,10
25108,Carmiínha,azralon,192,paladin,holy,12,2,10
25109,Bighausse,thrall,192,paladin,holy,12,2,10
25110,Murkpal,frostmourne,192,paladin,holy,12,2,10
25111,Minzyy,frostmourne,192,paladin,holy,12,2,10
25112,Trojani,malganis,192,paladin,holy,12,2,10
25113,Dwemeor,azuremyst,192,paladin,holy,12,2,10
25114,Willywønka,azgalor,192,paladin,holy,12,2,10
25115,Spoons,malganis,192,paladin,holy,12,2,10
25116,Gavril,kirin-tor,192,paladin,holy,12,2,10
25117,Märdrius,tichondrius,192,paladin,holy,12,2,10
25118,Cehart,windrunner,192,paladin,holy,12,2,10
25119,Hxnny,kiljaeden,192,paladin,holy,12,2,10
25120,Milkovir,quelthalas,192,paladin,holy,18,2,16
25121,Shoresy,terokkar,192,paladin,holy,18,2,16
25122,Krypton,tichondrius,192,paladin,holy,18,2,16
25123,Levarious,thunderlord,192,paladin,holy,18,2,16
25124,Waifupaladin,azralon,192,paladin,holy,18,2,16
25125,Prh,frostmourne,191,paladin,holy,6,2,4
25126,Holygota,nemesis,191,paladin,holy,6,2,4
25127,Mose,scilla,191,paladin,holy,6,2,4
25128,Arobelse,sargeras,191,paladin,holy,12,2,10
25129,Itsoverninek,emerald-dream,159,paladin,holy,17,2,15
25130,Hearthledger,ragnaros,144,paladin,holy,3,3,0
25131,Whitedozer,darkspear,138,paladin,holy,10,4,6
25132,Zela,ghostlands,137,paladin,holy,21,3,18
25133,Myû,korgath,112,paladin,holy,7,2,5
25134,Guelmin,azralon,112,paladin,holy,7,2,5
25135,Boppal,tichondrius,96,paladin,holy,6,1,5
25136,Cremefraichè,tichondrius,96,paladin,holy,6,1,5
25137,Sevina,twisting-nether,96,paladin,holy,6,1,5
25138,Elrecka,stormrage,96,paladin,holy,6,1,5
25139,Tarpeeksi,tichondrius,96,paladin,holy,6,1,5
25140,Zwilliam,frostmourne,96,paladin,holy,6,1,5
25141,Khaosactual,proudmoore,96,paladin,holy,6,1,5
25142,Burgasari,tichondrius,96,paladin,holy,6,1,5
25143,Ploppers,sargeras,96,paladin,holy,6,1,5
25144,Combidin,garrosh,96,paladin,holy,6,1,5
25145,Oncehumanoid,stormrage,96,paladin,holy,6,1,5
25146,Couchz,area-52,96,paladin,holy,6,1,5
25147,Hibunny,thaurissan,96,paladin,holy,6,1,5
25148,Arturias,kiljaeden,96,paladin,holy,6,1,5
25149,Luxs,tichondrius,96,paladin,holy,6,1,5
25150,Sherrill,nagrand,96,paladin,holy,6,1,5
25151,Kamí,elune,96,paladin,holy,6,1,5
25152,Tradorel,illidan,96,paladin,holy,6,1,5
25153,Parzsival,blood-furnace,96,paladin,holy,6,1,5
25154,Chakris,wyrmrest-accord,96,paladin,holy,6,1,5
25155,Greddlok,rivendare,96,paladin,holy,6,1,5
25156,Stophamrtime,barthilas,96,paladin,holy,6,1,5
25157,Palabora,kelthuzad,96,paladin,holy,6,1,5
25158,Trixzthot,barthilas,96,paladin,holy,6,1,5
25159,Lgbtq,trollbane,96,paladin,holy,6,1,5
25160,Tfcpaladin,the-forgotten-coast,96,paladin,holy,6,1,5
25161,Wings,arygos,96,paladin,holy,6,1,5
25162,Criaharn,turalyon,96,paladin,holy,6,1,5
25163,Evilpallie,illidan,96,paladin,holy,6,1,5
25164,Therëv,zuljin,96,paladin,holy,6,1,5
25165,Yikyok,stormrage,96,paladin,holy,6,1,5
25166,Hulkamaniac,blackhand,96,paladin,holy,6,1,5
25167,Netéro,skywall,96,paladin,holy,6,1,5
25168,Owllii,frostwolf,96,paladin,holy,6,1,5
25169,Cathraga,moknathal,96,paladin,holy,6,1,5
25170,Syrenadrel,hydraxis,96,paladin,holy,6,1,5
25171,Deadlyassian,ysera,96,paladin,holy,6,1,5
25172,Rhinno,lothar,96,paladin,holy,6,1,5
25173,Keltheas,rivendare,96,paladin,holy,6,1,5
25174,Victores,illidan,96,paladin,holy,6,1,5
25175,Silreck,ragnaros,96,paladin,holy,6,1,5
25176,Elronda,malganis,96,paladin,holy,6,1,5
25177,Kurook,moon-guard,96,paladin,holy,6,1,5
25178,Jeffylolmar,sargeras,96,paladin,holy,6,1,5
25179,Crosjudge,zuljin,96,paladin,holy,6,1,5
25180,ßls,illidan,96,paladin,holy,6,1,5
25181,Romeh,malganis,96,paladin,holy,6,1,5
25182,Traditionalp,area-52,96,paladin,holy,6,1,5
25183,Vîxey,ragnaros,96,paladin,holy,6,1,5
25184,Kaynè,senjin,96,paladin,holy,6,1,5
25185,Tetulia,quelthalas,96,paladin,holy,6,1,5
25186,Ripadin,dunemaul,96,paladin,holy,11,1,10
25187,Grîshnâkh,ragnaros,96,paladin,holy,11,1,10
25188,Nickpala,bleeding-hollow,96,paladin,holy,12,1,11
25189,Ordained,moonrunner,96,paladin,holy,12,1,11
25190,Vexe,emerald-dream,96,paladin,holy,12,1,11
25191,Midnightboto,dragonmaw,96,paladin,holy,12,1,11
25192,Clonazedin,ragnaros,96,paladin,holy,12,1,11
25193,Soloist,tichondrius,96,paladin,holy,12,1,11
25194,Yccorz,frostmourne,96,paladin,holy,12,1,11
25195,Elladan,illidan,96,paladin,holy,12,1,11
25196,Lafawndah,blackhand,96,paladin,holy,12,1,11
25197,Zentrick,whisperwind,96,paladin,holy,12,1,11
25198,Jwilks,black-dragonflight,96,paladin,holy,12,1,11
25199,Dapallytroll,area-52,96,paladin,holy,12,1,11
25200,Aenwyl,quelthalas,96,paladin,holy,24,1,23
25201,Granada,kirin-tor,95,paladin,holy,6,1,5
25202,Arlé,stormrage,95,paladin,holy,6,1,5
25203,Ååron,thrall,89,paladin,holy,11,3,8
25204,Emilywilis,sargeras,84,paladin,holy,17,5,12
25205,Zaeris,proudmoore,79,paladin,holy,5,1,4
25206,Athenia,moon-guard,63,paladin,holy,6,3,3
25207,Jkethuhsnake,ghostlands,48,paladin,holy,21,1,20
25208,Alpinestârs,tichondrius,42,paladin,holy,9,2,7
25209,Justinbebr,tichondrius,42,paladin,holy,14,3,11
25210,Kziwei,stormrage,31,paladin,holy,2,1,1
25211,Shkafell,ragnaros,9,paladin,holy,8,2,6
25212,Oghal,frostmourne,9,paladin,holy,23,3,20
25213,Vanguards,tichondrius,2192,paladin,retribution,78,43,35
25214,Vânguards,tichondrius,2190,paladin,retribution,105,57,48
25215,Imitlol,alexstrasza,2154,paladin,retribution,181,91,90
25216,Zozo,zuljin,2152,paladin,retribution,95,50,45
25217,Venguards,azralon,2151,paladin,retribution,127,68,59
25218,Hamburgeryu,tichondrius,2119,paladin,retribution,100,49,51
25219,Condiments,earthen-ring,2110,paladin,retribution,144,77,67
25220,Coolvelic,tichondrius,2110,paladin,retribution,156,79,77
25221,Evanguards,tichondrius,2105,paladin,retribution,202,102,100
25222,Picachü,ragnaros,2104,paladin,retribution,125,63,62
25223,Yuji,darkspear,2102,paladin,retribution,108,54,54
25224,Shôtgun,tichondrius,2101,paladin,retribution,138,69,69
25225,Lanteranth,drenden,2096,paladin,retribution,204,102,102
25226,Notvelic,tichondrius,2079,paladin,retribution,141,70,71
25227,Lvladen,sargeras,2065,paladin,retribution,84,41,43
25228,Hollyflame,tichondrius,2060,paladin,retribution,167,84,83
25229,Quitzz,tichondrius,2050,paladin,retribution,117,58,59
25230,Aldda,azralon,2047,paladin,retribution,128,62,66
25231,Tramatic,sargeras,2045,paladin,retribution,108,52,56
25232,Slíckhuman,spinebreaker,2043,paladin,retribution,78,50,28
25233,Xexe,stormreaver,2030,paladin,retribution,150,74,76
25234,Xiaoqingye,tichondrius,2026,paladin,retribution,113,59,54
25235,Caperx,tichondrius,2026,paladin,retribution,66,31,35
25236,Wasteddwolf,tichondrius,2025,paladin,retribution,177,90,87
25237,Angryvelic,tichondrius,2019,paladin,retribution,87,41,46
25238,Alicê,moon-guard,2018,paladin,retribution,84,41,43
25239,Bartharious,malganis,2017,paladin,retribution,102,50,52
25240,Dreamcastx,tichondrius,2016,paladin,retribution,149,74,75
25241,Furylolz,tichondrius,2009,paladin,retribution,70,35,35
25242,Maledraenei,sargeras,2004,paladin,retribution,119,58,61
25243,Mashbringer,moon-guard,2001,paladin,retribution,78,42,36
25244,Genericuser,sargeras,1984,paladin,retribution,82,44,38
25245,Ryuseiblade,ragnaros,1983,paladin,retribution,120,56,64
25246,Simplybést,zuljin,1976,paladin,retribution,153,75,78
25247,Ashenhallow,alexstrasza,1973,paladin,retribution,42,27,15
25248,Smortain,tichondrius,1973,paladin,retribution,84,39,45
25249,Bigdickrick,ragnaros,1972,paladin,retribution,54,32,22
25250,Ämoureux,bleeding-hollow,1970,paladin,retribution,141,67,74
25251,Theblèss,tichondrius,1969,paladin,retribution,127,59,68
25252,Conndiment,earthen-ring,1968,paladin,retribution,90,45,45
25253,Mikeqiaodan,tichondrius,1966,paladin,retribution,144,73,71
25254,Alpinestârs,tichondrius,1965,paladin,retribution,146,72,74
25255,Holychris,shadowmoon,1965,paladin,retribution,138,64,74
25256,Caveyodeler,zuluhed,1962,paladin,retribution,66,31,35
25257,Kubota,sargeras,1958,paladin,retribution,60,36,24
25258,Dreamcastz,tichondrius,1957,paladin,retribution,48,33,15
25259,Draenkz,quelthalas,1954,paladin,retribution,57,37,20
25260,Ðori,tichondrius,1952,paladin,retribution,82,38,44
25261,Lazypally,frostmourne,1951,paladin,retribution,60,32,28
25262,Asukaba,sargeras,1950,paladin,retribution,68,33,35
25263,Dayuanzhong,tichondrius,1946,paladin,retribution,81,38,43
25264,Xuantianchai,tichondrius,1944,paladin,retribution,60,36,24
25265,Dratzq,ragnaros,1938,paladin,retribution,90,49,41
25266,Animepower,moon-guard,1932,paladin,retribution,106,66,40
25267,Nbtv,tichondrius,1931,paladin,retribution,78,36,42
25268,Indivisionxp,tichondrius,1928,paladin,retribution,55,34,21
25269,Xxwitcherxx,stormrage,1928,paladin,retribution,105,58,47
25270,Omnnii,tichondrius,1928,paladin,retribution,71,38,33
25271,Damionblade,proudmoore,1928,paladin,retribution,217,116,101
25272,Fossilz,sargeras,1927,paladin,retribution,59,31,28
25273,Mcconnell,sargeras,1925,paladin,retribution,60,36,24
25274,Yccorz,frostmourne,1924,paladin,retribution,219,111,108
25275,Monkeypala,dathremar,1911,paladin,retribution,54,30,24
25276,Metallíka,nemesis,1910,paladin,retribution,77,36,41
25277,Daxxj,akama,1910,paladin,retribution,158,73,85
25278,Memorisë,ragnaros,1907,paladin,retribution,283,146,137
25279,Hammrekt,illidan,1905,paladin,retribution,48,25,23
25280,Furgalicious,area-52,1904,paladin,retribution,125,60,65
25281,Bestowed,moon-guard,1903,paladin,retribution,93,46,47
25282,Valytonz,wyrmrest-accord,1901,paladin,retribution,72,35,37
25283,Angelguards,tichondrius,1900,paladin,retribution,60,30,30
25284,Clapstick,illidan,1900,paladin,retribution,72,33,39
25285,Gelosagrado,illidan,1900,paladin,retribution,131,60,71
25286,Zanthus,shadow-council,1896,paladin,retribution,35,20,15
25287,Bullmarket,tichondrius,1895,paladin,retribution,161,73,88
25288,Danceholy,tichondrius,1894,paladin,retribution,81,39,42
25289,Swurvezx,bleeding-hollow,1892,paladin,retribution,47,28,19
25290,Cønk,khadgar,1892,paladin,retribution,170,100,70
25291,Kamadonezuko,illidan,1892,paladin,retribution,89,44,45
25292,Peledin,azralon,1890,paladin,retribution,95,48,47
25293,Attkdmgcurry,illidan,1890,paladin,retribution,71,34,37
25294,Dtaitou,tichondrius,1889,paladin,retribution,60,28,32
25295,Dankrachet,thrall,1888,paladin,retribution,72,35,37
25296,Vendatha,darkspear,1887,paladin,retribution,30,25,5
25297,Thørmento,azralon,1887,paladin,retribution,141,69,72
25298,Hellsingwolf,zuljin,1885,paladin,retribution,30,20,10
25299,Pécorino,malganis,1884,paladin,retribution,52,31,21
25300,Kurôsh,kalecgos,1883,paladin,retribution,90,46,44
25301,Bøgård,sargeras,1882,paladin,retribution,263,131,132
25302,Mwqyyds,tichondrius,1882,paladin,retribution,142,67,75
25303,Dréveleth,quelthalas,1881,paladin,retribution,107,50,57
25304,Iäl,tichondrius,1881,paladin,retribution,71,31,40
25305,Ðiviñe,zuluhed,1880,paladin,retribution,126,69,57
25306,Zeldoul,magtheridon,1879,paladin,retribution,71,36,35
25307,Homelanderp,tichondrius,1879,paladin,retribution,81,41,40
25308,Roushex,sargeras,1875,paladin,retribution,72,35,37
25309,Voidaz,stormscale,1873,paladin,retribution,60,31,29
25310,Beautiful,proudmoore,1870,paladin,retribution,135,72,63
25311,Toughxguy,sargeras,1870,paladin,retribution,92,49,43
25312,Kraggar,arthas,1869,paladin,retribution,54,33,21
25313,Zanur,tichondrius,1869,paladin,retribution,154,78,76
25314,Fairgame,dathremar,1869,paladin,retribution,60,28,32
25315,Bluerunebar,illidan,1868,paladin,retribution,48,28,20
25316,Koyoikonan,tichondrius,1867,paladin,retribution,42,28,14
25317,Alexjones,stormrage,1866,paladin,retribution,78,43,35
25318,Bohring,bleeding-hollow,1865,paladin,retribution,54,29,25
25319,Parlore,moon-guard,1865,paladin,retribution,168,89,79
25320,Xilio,tichondrius,1865,paladin,retribution,72,36,36
25321,Juffury,illidan,1861,paladin,retribution,66,32,34
25322,Getmeabag,tichondrius,1861,paladin,retribution,54,25,29
25323,Talymra,ragnaros,1860,paladin,retribution,72,38,34
25324,Víkk,zuljin,1860,paladin,retribution,182,94,88
25325,Teniale,moon-guard,1859,paladin,retribution,54,28,26
25326,Chuoo,proudmoore,1859,paladin,retribution,46,22,24
25327,Zyzzftw,stormrage,1856,paladin,retribution,53,31,22
25328,Retroreq,tichondrius,1854,paladin,retribution,166,88,78
25329,Therëv,zuljin,1853,paladin,retribution,83,41,42
25330,Savøx,sargeras,1852,paladin,retribution,157,90,67
25331,Mürlin,illidan,1851,paladin,retribution,183,92,91
25332,Foofs,shadowmoon,1851,paladin,retribution,53,26,27
25333,Ozzium,ragnaros,1851,paladin,retribution,143,69,74
25334,Xuanxingchai,tichondrius,1850,paladin,retribution,71,29,42
25335,Solanin,frostmourne,1849,paladin,retribution,35,20,15
25336,Burnning,tichondrius,1849,paladin,retribution,57,30,27
25337,Hurv,area-52,1848,paladin,retribution,53,30,23
25338,Miktley,area-52,1847,paladin,retribution,66,32,34
25339,Iloveqiqi,sargeras,1846,paladin,retribution,54,26,28
25340,Matthrian,moon-guard,1846,paladin,retribution,84,34,50
25341,Galeatus,tichondrius,1846,paladin,retribution,70,28,42
25342,Retxsilver,thrall,1845,paladin,retribution,136,69,67
25343,Sacredknight,kelthuzad,1845,paladin,retribution,48,23,25
25344,Mixz,bleeding-hollow,1843,paladin,retribution,60,36,24
25345,Nishru,sargeras,1843,paladin,retribution,60,32,28
25346,Auxilio,arathor,1843,paladin,retribution,60,29,31
25347,Divinehammer,proudmoore,1843,paladin,retribution,66,31,35
25348,Ohuo,tichondrius,1842,paladin,retribution,304,158,146
25349,Saakero,illidan,1841,paladin,retribution,36,22,14
25350,Mikhàël,stormscale,1840,paladin,retribution,52,37,15
25351,Sukilol,tichondrius,1840,paladin,retribution,96,49,47
25352,Truthkeeper,moon-guard,1840,paladin,retribution,47,23,24
25353,Luosiding,tichondrius,1840,paladin,retribution,155,68,87
25354,Chuckvandam,illidan,1839,paladin,retribution,54,36,18
25355,Popje,zuljin,1839,paladin,retribution,36,20,16
25356,Grifnballs,agamaggan,1839,paladin,retribution,56,31,25
25357,Roguesmoker,zuljin,1839,paladin,retribution,59,31,28
25358,Immobilized,frostmourne,1839,paladin,retribution,58,29,29
25359,Mvpj,medivh,1839,paladin,retribution,48,23,25
25360,Marthellus,quelthalas,1839,paladin,retribution,69,33,36
25361,Kushsessions,zuljin,1837,paladin,retribution,42,20,22
25362,Alodorx,tichondrius,1836,paladin,retribution,36,23,13
25363,Vip,frostmourne,1836,paladin,retribution,108,55,53
25364,Avenging,wyrmrest-accord,1835,paladin,retribution,62,32,30
25365,Kangsang,illidan,1835,paladin,retribution,70,33,37
25366,Lolcraftv,tichondrius,1834,paladin,retribution,60,30,30
25367,Dkdldkdld,tichondrius,1833,paladin,retribution,36,27,9
25368,Lilglick,illidan,1833,paladin,retribution,36,21,15
25369,Holyfused,illidan,1833,paladin,retribution,53,28,25
25370,Masqadin,tichondrius,1832,paladin,retribution,36,26,10
25371,Leonilx,tichondrius,1832,paladin,retribution,48,21,27
25372,Kaitúr,stormrage,1831,paladin,retribution,56,29,27
25373,Younghova,kelthuzad,1831,paladin,retribution,90,43,47
25374,ßò,area-52,1830,paladin,retribution,46,31,15
25375,Awbie,moon-guard,1830,paladin,retribution,60,30,30
25376,Slaneesh,ragnaros,1830,paladin,retribution,54,24,30
25377,Eldenblade,moon-guard,1829,paladin,retribution,54,31,23
25378,Coldzerox,ragnaros,1829,paladin,retribution,161,82,79
25379,Honeydutchtv,black-dragonflight,1829,paladin,retribution,174,79,95
25380,Hammrekt,kelthuzad,1829,paladin,retribution,47,20,27
25381,Chainsapally,stormrage,1828,paladin,retribution,54,38,16
25382,Palabora,kelthuzad,1828,paladin,retribution,53,28,25
25383,Bornterrible,queldorei,1828,paladin,retribution,54,25,29
25384,Idenline,moon-guard,1827,paladin,retribution,59,30,29
25385,Wolfs,firetree,1826,paladin,retribution,66,29,37
25386,Lyrz,sargeras,1824,paladin,retribution,115,69,46
25387,Monchmon,tichondrius,1824,paladin,retribution,47,24,23
25388,Praysnblaze,zuljin,1824,paladin,retribution,55,28,27
25389,Zèrà,thunderhorn,1823,paladin,retribution,54,26,28
25390,Pantufä,stormrage,1822,paladin,retribution,53,29,24
25391,Jonathein,barthilas,1822,paladin,retribution,138,72,66
25392,Saradomin,kelthuzad,1822,paladin,retribution,129,66,63
25393,Fuchí,tichondrius,1822,paladin,retribution,206,100,106
25394,Cryof,illidan,1822,paladin,retribution,72,28,44
25395,Olixx,blackrock,1821,paladin,retribution,54,30,24
25396,Promethèus,jubeithos,1821,paladin,retribution,66,34,32
25397,Kíngkáísér,azralon,1820,paladin,retribution,29,20,9
25398,Malakor,thrall,1820,paladin,retribution,150,79,71
25399,Draidan,area-52,1819,paladin,retribution,131,81,50
25400,Blackcandle,tichondrius,1819,paladin,retribution,48,29,19
25401,Yorøchi,azralon,1819,paladin,retribution,57,31,26
25402,Backdrop,proudmoore,1819,paladin,retribution,169,91,78
25403,Geöspäwn,tichondrius,1819,paladin,retribution,39,20,19
25404,Anbivilent,moon-guard,1819,paladin,retribution,48,23,25
25405,Cardynivans,tichondrius,1819,paladin,retribution,67,25,42
25406,Zett,jubeithos,1818,paladin,retribution,97,45,52
25407,Dorex,moon-guard,1817,paladin,retribution,111,72,39
25408,Dazargeros,moon-guard,1817,paladin,retribution,30,19,11
25409,Nr,blood-furnace,1817,paladin,retribution,54,32,22
25410,Dwimberlike,ragnaros,1816,paladin,retribution,56,37,19
25411,Chadsteroid,sargeras,1816,paladin,retribution,48,29,19
25412,Kooi,illidan,1816,paladin,retribution,78,35,43
25413,Tyrillian,aerie-peak,1816,paladin,retribution,48,21,27
25414,Kíngkáiser,azralon,1815,paladin,retribution,46,27,19
25415,Zulmay,malganis,1814,paladin,retribution,156,78,78
25416,Traize,kelthuzad,1813,paladin,retribution,48,30,18
25417,Ìshen,illidan,1813,paladin,retribution,54,30,24
25418,Dorktanian,stormrage,1813,paladin,retribution,78,40,38
25419,Heatyr,malganis,1813,paladin,retribution,59,28,31
25420,Arquidea,tichondrius,1812,paladin,retribution,114,61,53
25421,Gabbynator,emerald-dream,1812,paladin,retribution,59,28,31
25422,Møemøeda,illidan,1812,paladin,retribution,42,19,23
25423,Rethumtv,tichondrius,1812,paladin,retribution,72,30,42
25424,Arkadiano,drakkari,1812,paladin,retribution,78,29,49
25425,Iqt,moon-guard,1811,paladin,retribution,108,47,61
25426,Triston,area-52,1810,paladin,retribution,120,66,54
25427,Lilcyans,ragnaros,1810,paladin,retribution,66,34,32
25428,Primaryee,tichondrius,1810,paladin,retribution,121,53,68
25429,Ladeon,proudmoore,1809,paladin,retribution,72,44,28
25430,Bigdaddysdic,illidan,1809,paladin,retribution,108,57,51
25431,Émiluss,stormrage,1809,paladin,retribution,66,33,33
25432,Fussyotter,stormreaver,1808,paladin,retribution,103,59,44
25433,Rédbarön,illidan,1808,paladin,retribution,72,32,40
25434,Màli,akama,1808,paladin,retribution,52,20,32
25435,Stêvêts,tichondrius,1807,paladin,retribution,36,20,16
25436,Downways,sargeras,1807,paladin,retribution,73,39,34
25437,Profundity,area-52,1807,paladin,retribution,70,37,33
25438,Ratg,frostmourne,1807,paladin,retribution,46,24,22
25439,Andelko,tichondrius,1807,paladin,retribution,46,23,23
25440,Strøngkiing,bleeding-hollow,1807,paladin,retribution,66,31,35
25441,Velstadt,sargeras,1807,paladin,retribution,66,29,37
25442,Jhasøn,quelthalas,1806,paladin,retribution,60,40,20
25443,Pornenjoyer,dalaran,1806,paladin,retribution,30,19,11
25444,Darcobs,ragnaros,1806,paladin,retribution,172,90,82
25445,Pambeazley,bronzebeard,1806,paladin,retribution,46,23,23
25446,Zeyrox,stormrage,1806,paladin,retribution,54,26,28
25447,Pramethious,sargeras,1806,paladin,retribution,72,34,38
25448,Erodan,moon-guard,1806,paladin,retribution,88,38,50
25449,Annihilàtion,frostmourne,1805,paladin,retribution,42,30,12
25450,Antlkd,quelthalas,1805,paladin,retribution,59,31,28
25451,Christtel,stormrage,1805,paladin,retribution,72,36,36
25452,Koketsu,ragnaros,1805,paladin,retribution,219,109,110
25453,Huuzhaa,tichondrius,1805,paladin,retribution,92,44,48
25454,Panncakeman,tichondrius,1804,paladin,retribution,60,33,27
25455,Ironblade,zuljin,1804,paladin,retribution,54,29,25
25456,Sweetfish,kiljaeden,1804,paladin,retribution,59,31,28
25457,Outkas,area-52,1804,paladin,retribution,54,28,26
25458,Palli,moon-guard,1804,paladin,retribution,60,31,29
25459,Lumbersnack,moon-guard,1804,paladin,retribution,75,36,39
25460,Thantore,scilla,1804,paladin,retribution,76,34,42
25461,Justicejosh,frostmourne,1803,paladin,retribution,42,25,17
25462,Reypally,dalaran,1803,paladin,retribution,132,66,66
25463,Niubcjq,tichondrius,1803,paladin,retribution,42,19,23
25464,Lucy,sargeras,1803,paladin,retribution,72,32,40
25465,Disappearing,stormrage,1802,paladin,retribution,48,31,17
25466,Arkcadius,frostmourne,1802,paladin,retribution,96,52,44
25467,Sâdê,bleeding-hollow,1802,paladin,retribution,36,19,17
25468,Tèhflip,tichondrius,1801,paladin,retribution,36,19,17
25469,Gunderbok,emerald-dream,1801,paladin,retribution,63,33,30
25470,Mabia,tichondrius,1801,paladin,retribution,72,37,35
25471,Iloveyouxoxo,tichondrius,1800,paladin,retribution,54,29,25
25472,Duhvine,malganis,1800,paladin,retribution,41,22,19
25473,Ashkandi,tichondrius,1800,paladin,retribution,101,53,48
25474,Sôck,zuljin,1800,paladin,retribution,44,22,22
25475,Kalgormoth,ragnaros,1800,paladin,retribution,89,43,46
25476,Ha,bleeding-hollow,1800,paladin,retribution,64,26,38
25477,Määx,bleeding-hollow,1799,paladin,retribution,42,25,17
25478,Angelicwhim,stormrage,1799,paladin,retribution,42,24,18
25479,Ulcerà,azralon,1797,paladin,retribution,61,28,33
25480,Joeschmo,area-52,1795,paladin,retribution,48,29,19
25481,Dúrnir,stormscale,1794,paladin,retribution,30,19,11
25482,Kádabrak,tichondrius,1794,paladin,retribution,54,34,20
25483,Beaconlol,proudmoore,1792,paladin,retribution,94,60,34
25484,Chadatron,tichondrius,1791,paladin,retribution,42,21,21
25485,Dippedxd,tichondrius,1790,paladin,retribution,78,43,35
25486,Johnmacclane,azralon,1790,paladin,retribution,183,98,85
25487,Galatus,tichondrius,1790,paladin,retribution,59,26,33
25488,Pomboxd,stormrage,1786,paladin,retribution,89,50,39
25489,Youguessedit,stormrage,1785,paladin,retribution,30,19,11
25490,Abegáil,area-52,1783,paladin,retribution,54,28,26
25491,Giørther,ragnaros,1783,paladin,retribution,57,29,28
25492,Retsaíyan,tichondrius,1783,paladin,retribution,66,31,35
25493,Judgejudyx,sargeras,1781,paladin,retribution,31,21,10
25494,Lunalunar,quelthalas,1781,paladin,retribution,65,30,35
25495,Moød,ragnaros,1780,paladin,retribution,95,53,42
25496,Naverpay,tichondrius,1779,paladin,retribution,40,22,18
25497,Dampenedxd,bleeding-hollow,1779,paladin,retribution,98,45,53
25498,Zakladchick,illidan,1778,paladin,retribution,48,26,22
25499,Paladincane,sargeras,1778,paladin,retribution,179,94,85
25500,Incubus,rexxar,1778,paladin,retribution,66,30,36
25501,Nhsvikings,bleeding-hollow,1777,paladin,retribution,59,31,28
25502,Galedance,tichondrius,1777,paladin,retribution,52,25,27
25503,Litium,frostmourne,1776,paladin,retribution,54,30,24
25504,Hargol,stormrage,1776,paladin,retribution,102,47,55
25505,Rasler,stormrage,1773,paladin,retribution,144,73,71
25506,Thebless,tichondrius,1770,paladin,retribution,47,27,20
25507,Filthyape,wyrmrest-accord,1769,paladin,retribution,118,73,45
25508,Blake,frostmourne,1769,paladin,retribution,41,19,22
25509,Syleith,shadow-council,1768,paladin,retribution,115,54,61
25510,Ibullyourmom,tichondrius,1767,paladin,retribution,125,63,62
25511,Teknik,stormscale,1767,paladin,retribution,136,68,68
25512,Rahkinishu,khaz-modan,1766,paladin,retribution,189,109,80
25513,Talivar,kelthuzad,1766,paladin,retribution,150,86,64
25514,Pallehx,tichondrius,1765,paladin,retribution,59,28,31
25515,Aegious,darkspear,1764,paladin,retribution,42,22,20
25516,Dippedlol,tichondrius,1762,paladin,retribution,48,28,20
25517,Ópsv,quelthalas,1758,paladin,retribution,167,96,71
25518,Fylerz,blackhand,1758,paladin,retribution,84,47,37
25519,Attkdamdam,illidan,1758,paladin,retribution,42,20,22
25520,Mervor,quelthalas,1758,paladin,retribution,54,25,29
25521,Tofuupal,tichondrius,1757,paladin,retribution,60,30,30
25522,Lejeñd,stormrage,1756,paladin,retribution,53,25,28
25523,Berryblast,shadowmoon,1755,paladin,retribution,48,32,16
25524,Quinnzel,barthilas,1754,paladin,retribution,74,41,33
25525,Palimedic,sargeras,1754,paladin,retribution,96,47,49
25526,Puredecuy,ragnaros,1754,paladin,retribution,48,21,27
25527,Hge,proudmoore,1752,paladin,retribution,47,26,21
25528,Neonblade,illidan,1752,paladin,retribution,88,42,46
25529,Whosyadaddy,tichondrius,1750,paladin,retribution,84,44,40
25530,Konesky,dalaran,1750,paladin,retribution,46,24,22
25531,Scarotv,malganis,1750,paladin,retribution,60,29,31
25532,Plniss,tichondrius,1749,paladin,retribution,66,34,32
25533,Zensargge,tichondrius,1749,paladin,retribution,78,33,45
25534,Apollidin,malganis,1747,paladin,retribution,94,39,55
25535,Rethir,illidan,1746,paladin,retribution,65,40,25
25536,Traceless,emerald-dream,1745,paladin,retribution,111,66,45
25537,Soverejgn,bleeding-hollow,1745,paladin,retribution,329,156,173
25538,Thebubbajay,illidan,1743,paladin,retribution,54,31,23
25539,Xiddin,frostmourne,1743,paladin,retribution,60,31,29
25540,Htnhy,aegwynn,1743,paladin,retribution,60,24,36
25541,Rashbringer,azgalor,1742,paladin,retribution,67,34,33
25542,Josxth,stormrage,1741,paladin,retribution,54,29,25
25543,Lundor,ragnaros,1740,paladin,retribution,125,60,65
25544,Galess,tichondrius,1740,paladin,retribution,60,24,36
25545,Helldevil,zuljin,1739,paladin,retribution,48,25,23
25546,Popwings,azralon,1738,paladin,retribution,52,27,25
25547,Alxndrr,area-52,1738,paladin,retribution,90,46,44
25548,Shiryn,illidan,1737,paladin,retribution,56,27,29
25549,Honeybunza,area-52,1736,paladin,retribution,64,32,32
25550,Nitemareforu,stormreaver,1735,paladin,retribution,90,54,36
25551,Gellehar,barthilas,1735,paladin,retribution,36,19,17
25552,Siire,darkspear,1734,paladin,retribution,66,38,28
25553,Zoliz,tichondrius,1730,paladin,retribution,78,42,36
25554,Galeast,tichondrius,1729,paladin,retribution,66,28,38
25555,Alduur,aggramar,1728,paladin,retribution,48,30,18
25556,Loisterly,bladefist,1728,paladin,retribution,110,58,52
25557,Thrax,spirestone,1727,paladin,retribution,129,59,70
25558,Cristø,stormrage,1727,paladin,retribution,72,30,42
25559,Ienhova,area-52,1726,paladin,retribution,60,27,33
25560,Coleta,stormrage,1725,paladin,retribution,42,28,14
25561,Bigdogchief,stormrage,1725,paladin,retribution,36,22,14
25562,Nah,emerald-dream,1725,paladin,retribution,57,30,27
25563,Whathehell,black-dragonflight,1725,paladin,retribution,216,107,109
25564,Aeterias,dalaran,1724,paladin,retribution,147,78,69
25565,Nume,nesingwary,1724,paladin,retribution,64,26,38
25566,Riseandgrind,tichondrius,1723,paladin,retribution,36,18,18
25567,Mihawk,drenden,1721,paladin,retribution,30,21,9
25568,Marvinceo,stormreaver,1721,paladin,retribution,36,18,18
25569,Raxadin,stormrage,1720,paladin,retribution,48,25,23
25570,Çestlavie,korgath,1719,paladin,retribution,72,39,33
25571,Mmbakes,shadowsong,1718,paladin,retribution,30,19,11
25572,Holywaffle,nemesis,1718,paladin,retribution,109,57,52
25573,Retrachet,thrall,1717,paladin,retribution,42,21,21
25574,Notae,icecrown,1717,paladin,retribution,42,21,21
25575,Shotgunzs,tichondrius,1717,paladin,retribution,42,18,24
25576,Enjoy,frostmourne,1716,paladin,retribution,30,18,12
25577,Vanath,bleeding-hollow,1716,paladin,retribution,54,30,24
25578,Éætûgýäëí,area-52,1716,paladin,retribution,42,18,24
25579,Marvallous,area-52,1713,paladin,retribution,64,36,28
25580,Ssjlimit,tichondrius,1713,paladin,retribution,53,27,26
25581,Áldin,ragnaros,1711,paladin,retribution,40,23,17
25582,Nqe,area-52,1711,paladin,retribution,94,54,40
25583,Lillm,malganis,1710,paladin,retribution,90,47,43
25584,Imcomingbro,blackrock,1710,paladin,retribution,56,27,29
25585,Markcrisman,quelthalas,1709,paladin,retribution,45,22,23
25586,Apnea,ragnaros,1709,paladin,retribution,146,66,80
25587,Svinadin,emerald-dream,1708,paladin,retribution,36,21,15
25588,Luzoscura,quelthalas,1708,paladin,retribution,78,43,35
25589,Handyandy,kelthuzad,1708,paladin,retribution,102,44,58
25590,Watchamebaba,malganis,1708,paladin,retribution,54,21,33
25591,Palban,tichondrius,1706,paladin,retribution,78,43,35
25592,Sathandrä,sargeras,1706,paladin,retribution,73,36,37
25593,Lokâr,lightbringer,1706,paladin,retribution,66,30,36
25594,Egirlret,tichondrius,1706,paladin,retribution,48,21,27
25595,Lilthroatbby,malganis,1705,paladin,retribution,120,51,69
25596,Jereth,kelthuzad,1704,paladin,retribution,59,33,26
25597,Oneaßoveall,azralon,1704,paladin,retribution,103,57,46
25598,Genovah,sargeras,1703,paladin,retribution,36,22,14
25599,Glowbulled,area-52,1703,paladin,retribution,60,32,28
25600,Comeuppance,wyrmrest-accord,1703,paladin,retribution,160,84,76
25601,Cuteluna,tichondrius,1703,paladin,retribution,54,28,26
25602,Bakafish,tichondrius,1702,paladin,retribution,24,18,6
25603,Sugnidrom,frostmourne,1700,paladin,retribution,58,31,27
25604,Griffïth,thrall,1699,paladin,retribution,36,21,15
25605,Buckey,kilrogg,1699,paladin,retribution,52,28,24
25606,Lepirate,emerald-dream,1699,paladin,retribution,36,18,18
25607,Yérn,barthilas,1697,paladin,retribution,36,18,18
25608,Voodoovon,tichondrius,1697,paladin,retribution,89,42,47
25609,Bubblemark,tichondrius,1697,paladin,retribution,91,39,52
25610,Izidar,tichondrius,1696,paladin,retribution,42,29,13
25611,Bizzaz,moon-guard,1696,paladin,retribution,72,30,42
25612,Evangelìne,darkspear,1695,paladin,retribution,36,23,13
25613,Lidranas,sargeras,1695,paladin,retribution,57,35,22
25614,Axcvnz,draka,1694,paladin,retribution,42,23,19
25615,Danaimei,tichondrius,1694,paladin,retribution,50,27,23
25616,Vapanor,ragnaros,1694,paladin,retribution,48,25,23
25617,Nadinebb,proudmoore,1694,paladin,retribution,54,23,31
25618,Dazn,tichondrius,1693,paladin,retribution,78,26,52
25619,Keltar,burning-blade,1692,paladin,retribution,30,18,12
25620,Justnikop,tichondrius,1692,paladin,retribution,115,56,59
25621,Dârkk,tichondrius,1691,paladin,retribution,36,20,16
25622,Arkantion,whisperwind,1690,paladin,retribution,47,30,17
25623,Alecx,tichondrius,1690,paladin,retribution,36,21,15
25624,Clownfister,barthilas,1690,paladin,retribution,54,29,25
25625,Elegan,frostmourne,1690,paladin,retribution,66,32,34
25626,Xeldar,tichondrius,1689,paladin,retribution,72,37,35
25627,Pickleret,emerald-dream,1689,paladin,retribution,108,51,57
25628,Sandokhán,ragnaros,1689,paladin,retribution,53,25,28
25629,Lalatinx,quelthalas,1687,paladin,retribution,96,49,47
25630,Remethea,sargeras,1687,paladin,retribution,141,71,70
25631,ßountystrike,sargeras,1687,paladin,retribution,60,26,34
25632,Noctisu,tichondrius,1687,paladin,retribution,48,18,30
25633,Ítsyôúñötmé,tichondrius,1686,paladin,retribution,104,58,46
25634,Pathalerix,eonar,1686,paladin,retribution,53,29,24
25635,Healmeboi,tichondrius,1686,paladin,retribution,74,39,35
25636,Borntobebad,barthilas,1686,paladin,retribution,36,18,18
25637,Titannious,stormrage,1686,paladin,retribution,107,52,55
25638,Djdiogø,azralon,1686,paladin,retribution,104,50,54
25639,Utherparty,frostmourne,1685,paladin,retribution,103,55,48
25640,Sabotsaint,tichondrius,1685,paladin,retribution,55,22,33
25641,Wing,frostwolf,1684,paladin,retribution,96,49,47
25642,Triginhall,moon-guard,1684,paladin,retribution,77,35,42
25643,Nizzy,caelestrasz,1683,paladin,retribution,42,18,24
25644,Hînøkåmí,tichondrius,1681,paladin,retribution,42,24,18
25645,Usdacertifed,lightnings-blade,1680,paladin,retribution,179,87,92
25646,Bravepala,tichondrius,1680,paladin,retribution,54,20,34
25647,Sasorï,stormrage,1679,paladin,retribution,90,41,49
25648,Konsentrate,tichondrius,1678,paladin,retribution,156,80,76
25649,Clee,sargeras,1678,paladin,retribution,93,47,46
25650,Mordirhar,tichondrius,1678,paladin,retribution,54,23,31
25651,Hólyélf,illidan,1678,paladin,retribution,84,35,49
25652,Shirael,ragnaros,1677,paladin,retribution,54,27,27
25653,Shakalot,illidan,1677,paladin,retribution,78,35,43
25654,Syreqt,nemesis,1676,paladin,retribution,48,25,23
25655,Shieldheart,moon-guard,1674,paladin,retribution,42,23,19
25656,Kuico,ragnaros,1674,paladin,retribution,48,24,24
25657,Trippën,tichondrius,1673,paladin,retribution,193,102,91
25658,Jelial,chogall,1673,paladin,retribution,69,35,34
25659,Moolishous,frostmourne,1672,paladin,retribution,89,48,41
25660,Todesgott,tichondrius,1671,paladin,retribution,42,25,17
25661,Amanzhul,quelthalas,1671,paladin,retribution,84,40,44
25662,Chriskriego,frostmourne,1671,paladin,retribution,60,24,36
25663,Pumperjer,tichondrius,1669,paladin,retribution,53,26,27
25664,Bisket,illidan,1669,paladin,retribution,41,20,21
25665,Boarfarmer,tichondrius,1669,paladin,retribution,48,23,25
25666,Obsolete,onyxia,1668,paladin,retribution,54,24,30
25667,Zcho,proudmoore,1667,paladin,retribution,45,23,22
25668,Tuuro,stormrage,1667,paladin,retribution,206,100,106
25669,Theseusz,tichondrius,1666,paladin,retribution,42,30,12
25670,Sniper,uther,1666,paladin,retribution,54,29,25
25671,Powermonster,tichondrius,1666,paladin,retribution,42,19,23
25672,Haiden,goldrinn,1665,paladin,retribution,55,23,32
25673,Bübbleqt,exodar,1664,paladin,retribution,30,18,12
25674,Anjurus,moon-guard,1664,paladin,retribution,42,24,18
25675,Jxke,barthilas,1663,paladin,retribution,41,20,21
25676,Pérona,tichondrius,1663,paladin,retribution,42,20,22
25677,Stompëd,proudmoore,1663,paladin,retribution,62,29,33
25678,Mardùk,stormrage,1662,paladin,retribution,30,21,9
25679,Finaljustice,sargeras,1661,paladin,retribution,30,19,11
25680,Jucker,tichondrius,1661,paladin,retribution,54,23,31
25681,Xenk,moon-guard,1659,paladin,retribution,34,18,16
25682,Crismj,tichondrius,1659,paladin,retribution,78,41,37
25683,Fatkidslag,sargeras,1659,paladin,retribution,42,19,23
25684,Happybubbles,tichondrius,1658,paladin,retribution,42,25,17
25685,Bigjiba,proudmoore,1658,paladin,retribution,48,25,23
25686,Kaithen,quelthalas,1658,paladin,retribution,227,114,113
25687,Alyxandr,dalaran,1658,paladin,retribution,48,24,24
25688,Redoubt,archimonde,1658,paladin,retribution,47,23,24
25689,Vanas,stormrage,1657,paladin,retribution,57,26,31
25690,Midheaven,moon-guard,1656,paladin,retribution,59,36,23
25691,Slashnroses,tichondrius,1656,paladin,retribution,44,19,25
25692,Waffletrain,tichondrius,1655,paladin,retribution,46,22,24
25693,Reckcowning,area-52,1655,paladin,retribution,48,20,28
25694,Alexese,area-52,1654,paladin,retribution,89,55,34
25695,Paladinomg,darkspear,1654,paladin,retribution,130,74,56
25696,Forthestreet,tichondrius,1654,paladin,retribution,88,48,40
25697,Iggÿ,illidan,1654,paladin,retribution,70,30,40
25698,Itzcupcake,illidan,1653,paladin,retribution,120,69,51
25699,Duffnroses,tichondrius,1653,paladin,retribution,60,27,33
25700,Hozna,andorhal,1652,paladin,retribution,61,36,25
25701,Lanach,lightbringer,1651,paladin,retribution,64,33,31
25702,Orivia,spirestone,1651,paladin,retribution,54,26,28
25703,Trixtur,tichondrius,1651,paladin,retribution,60,28,32
25704,Rexx,frostmourne,1650,paladin,retribution,48,27,21
25705,Mazaltoff,proudmoore,1650,paladin,retribution,96,48,48
25706,Lecheroø,tichondrius,1649,paladin,retribution,60,32,28
25707,Likzebawlz,tichondrius,1648,paladin,retribution,42,25,17
25708,Divínos,area-52,1647,paladin,retribution,60,31,29
25709,Nasnyl,stormrage,1646,paladin,retribution,42,20,22
25710,Xerobite,quelthalas,1646,paladin,retribution,70,32,38
25711,Weike,barthilas,1646,paladin,retribution,88,38,50
25712,Parkwons,tichondrius,1646,paladin,retribution,60,23,37
25713,Amgirlinv,malganis,1645,paladin,retribution,32,20,12
25714,Bigolcriddys,barthilas,1645,paladin,retribution,36,21,15
25715,Geedee,ysera,1645,paladin,retribution,70,39,31
25716,Tyirr,kelthuzad,1645,paladin,retribution,120,58,62
25717,Eneraxx,proudmoore,1645,paladin,retribution,48,20,28
25718,Yusha,barthilas,1644,paladin,retribution,47,32,15
25719,Semellem,bloodhoof,1644,paladin,retribution,48,23,25
25720,Därth,azralon,1644,paladin,retribution,46,20,26
25721,Palabeshar,area-52,1644,paladin,retribution,48,18,30
25722,Toguro,kelthuzad,1643,paladin,retribution,73,40,33
25723,Blackpie,bleeding-hollow,1643,paladin,retribution,48,23,25
25724,Jackstank,dragonmaw,1642,paladin,retribution,53,33,20
25725,Garlond,moon-guard,1642,paladin,retribution,42,25,17
25726,Seraphini,illidan,1642,paladin,retribution,65,34,31
25727,Agamemnom,tichondrius,1642,paladin,retribution,180,94,86
25728,Oathen,proudmoore,1642,paladin,retribution,56,27,29
25729,Practícal,moon-guard,1641,paladin,retribution,90,45,45
25730,Serås,silvermoon,1640,paladin,retribution,66,43,23
25731,Shiadfang,tichondrius,1640,paladin,retribution,72,39,33
25732,Hallmark,kelthuzad,1640,paladin,retribution,42,21,21
25733,Lleo,nemesis,1640,paladin,retribution,118,54,64
25734,Bakapal,tichondrius,1639,paladin,retribution,42,22,20
25735,Craq,alexstrasza,1639,paladin,retribution,134,64,70
25736,Candysugar,tichondrius,1638,paladin,retribution,30,18,12
25737,Notneo,zuljin,1638,paladin,retribution,59,34,25
25738,Ceyh,ragnaros,1638,paladin,retribution,53,25,28
25739,Benoít,zuljin,1637,paladin,retribution,84,48,36
25740,Brightstar,azjolnerub,1637,paladin,retribution,71,39,32
25741,Dimdabbin,malganis,1637,paladin,retribution,42,22,20
25742,Palejandro,illidan,1637,paladin,retribution,95,49,46
25743,Saccro,area-52,1637,paladin,retribution,114,57,57
25744,Sosalo,sargeras,1637,paladin,retribution,51,23,28
25745,Jud,frostmourne,1636,paladin,retribution,90,43,47
25746,Gimlias,kelthuzad,1635,paladin,retribution,54,25,29
25747,Nattandin,ragnaros,1634,paladin,retribution,42,22,20
25748,Lightowen,draka,1634,paladin,retribution,46,22,24
25749,Cyanss,ragnaros,1634,paladin,retribution,47,19,28
25750,Beardy,emerald-dream,1633,paladin,retribution,60,36,24
25751,Inmortall,illidan,1632,paladin,retribution,54,30,24
25752,Mílkywayx,stormrage,1632,paladin,retribution,102,51,51
25753,Dreneisha,malganis,1631,paladin,retribution,42,22,20
25754,Mesmi,moon-guard,1631,paladin,retribution,66,31,35
25755,Zayblade,dragonblight,1630,paladin,retribution,40,23,17
25756,Tobaz,azralon,1630,paladin,retribution,85,48,37
25757,Ulrah,moon-guard,1629,paladin,retribution,120,68,52
25758,Thoreal,thrall,1629,paladin,retribution,78,37,41
25759,Varekaì,frostmourne,1628,paladin,retribution,147,78,69
25760,Intense,moonrunner,1628,paladin,retribution,40,20,20
25761,Derigoth,quelthalas,1628,paladin,retribution,42,20,22
25762,Kíbá,malganis,1627,paladin,retribution,33,18,15
25763,Masqadin,stormrage,1627,paladin,retribution,36,17,19
25764,Gareesa,wyrmrest-accord,1626,paladin,retribution,78,39,39
25765,Xinqingle,tichondrius,1626,paladin,retribution,52,26,26
25766,Fluffnac,tichondrius,1625,paladin,retribution,30,17,13
25767,Davinshki,stormrage,1625,paladin,retribution,55,31,24
25768,Notbärry,area-52,1625,paladin,retribution,48,27,21
25769,Tatakaicjq,tichondrius,1625,paladin,retribution,81,43,38
25770,Renckay,ragnaros,1625,paladin,retribution,99,52,47
25771,Chajaaro,ragnaros,1625,paladin,retribution,67,33,34
25772,Lasteroy,nemesis,1623,paladin,retribution,52,28,24
25773,Techno,tichondrius,1623,paladin,retribution,175,89,86
25774,Radacos,emerald-dream,1623,paladin,retribution,160,80,80
25775,Joeyrat,area-52,1623,paladin,retribution,42,20,22
25776,Retrodino,anvilmar,1623,paladin,retribution,48,21,27
25777,Holyflopper,malganis,1623,paladin,retribution,48,21,27
25778,Alianór,tichondrius,1623,paladin,retribution,47,19,28
25779,Cyrenity,tichondrius,1623,paladin,retribution,59,19,40
25780,Litler,tichondrius,1622,paladin,retribution,44,30,14
25781,Gobblerr,blackrock,1622,paladin,retribution,30,20,10
25782,Munaru,illidan,1621,paladin,retribution,36,22,14
25783,Pandoro,tichondrius,1621,paladin,retribution,55,33,22
25784,Liadrives,area-52,1621,paladin,retribution,60,34,26
25785,Hazexd,illidan,1621,paladin,retribution,36,20,16
25786,Dashhighborn,sargeras,1621,paladin,retribution,71,38,33
25787,Faladrim,moon-guard,1621,paladin,retribution,160,84,76
25788,Michaelsmith,frostmourne,1621,paladin,retribution,36,17,19
25789,Lêggy,moon-guard,1621,paladin,retribution,54,23,31
25790,Rukkas,sargeras,1621,paladin,retribution,54,21,33
25791,Pinkies,frostmourne,1620,paladin,retribution,75,42,33
25792,Alanthor,ragnaros,1620,paladin,retribution,120,58,62
25793,Yukíteru,illidan,1620,paladin,retribution,69,32,37
25794,Marcêl,quelthalas,1619,paladin,retribution,36,22,14
25795,Merculios,stormrage,1619,paladin,retribution,63,34,29
25796,Bbtea,frostmourne,1619,paladin,retribution,48,20,28
25797,Glørious,drakkari,1618,paladin,retribution,90,42,48
25798,Adamantïum,azralon,1618,paladin,retribution,54,20,34
25799,Sunnix,illidan,1618,paladin,retribution,48,17,31
25800,Subtilizer,tichondrius,1617,paladin,retribution,24,17,7
25801,Beefjustice,velen,1617,paladin,retribution,60,32,28
25802,Aleríon,ragnaros,1617,paladin,retribution,181,92,89
25803,Lawmower,sargeras,1616,paladin,retribution,54,32,22
25804,Jackedx,sargeras,1615,paladin,retribution,36,21,15
25805,Kozk,quelthalas,1615,paladin,retribution,180,103,77
25806,Feelsögood,tichondrius,1615,paladin,retribution,45,24,21
25807,Drholypurp,tichondrius,1615,paladin,retribution,59,31,28
25808,Øðyn,sargeras,1615,paladin,retribution,59,30,29
25809,Outstrike,tichondrius,1615,paladin,retribution,36,17,19
25810,Thenextx,illidan,1615,paladin,retribution,66,22,44
25811,Raelan,icecrown,1614,paladin,retribution,71,49,22
25812,Sevik,garithos,1614,paladin,retribution,78,40,38
25813,Goldnhart,wyrmrest-accord,1614,paladin,retribution,78,37,41
25814,Stax,moon-guard,1614,paladin,retribution,42,17,25
25815,Pockopea,arygos,1613,paladin,retribution,84,52,32
25816,Bramot,moon-guard,1613,paladin,retribution,36,20,16
25817,Xbloodknight,malganis,1613,paladin,retribution,50,27,23
25818,Gattís,stormrage,1613,paladin,retribution,79,42,37
25819,Milizi,zuljin,1613,paladin,retribution,72,32,40
25820,Telarøn,stormrage,1612,paladin,retribution,200,101,99
25821,Hristian,tichondrius,1612,paladin,retribution,60,30,30
25822,Poisson,wildhammer,1612,paladin,retribution,60,27,33
25823,Jvbai,area-52,1612,paladin,retribution,87,39,48
25824,Kevybevy,stormrage,1611,paladin,retribution,150,81,69
25825,Accépting,sargeras,1611,paladin,retribution,84,40,44
25826,Rahmie,kiljaeden,1611,paladin,retribution,96,41,55
25827,Purejudgemnt,area-52,1610,paladin,retribution,54,33,21
25828,Kadabrak,area-52,1610,paladin,retribution,36,17,19
25829,Ÿøzsh,azralon,1610,paladin,retribution,54,24,30
25830,Perturabeau,bonechewer,1609,paladin,retribution,34,22,12
25831,Atair,antonidas,1609,paladin,retribution,36,21,15
25832,Beeftink,tichondrius,1609,paladin,retribution,100,51,49
25833,Allîe,malganis,1609,paladin,retribution,73,37,36
25834,Battlepope,thrall,1609,paladin,retribution,59,27,32
25835,Ellyee,jaedenar,1609,paladin,retribution,94,43,51
25836,Utherpendrag,bladefist,1609,paladin,retribution,78,32,46
25837,Regivan,nemesis,1609,paladin,retribution,54,21,33
25838,Pheonixpally,azralon,1609,paladin,retribution,54,21,33
25839,Sololeveling,malganis,1608,paladin,retribution,98,48,50
25840,Golden,tichondrius,1608,paladin,retribution,42,20,22
25841,Htmlar,tichondrius,1608,paladin,retribution,46,19,27
25842,Holyroro,area-52,1607,paladin,retribution,44,26,18
25843,Yezzyll,korgath,1607,paladin,retribution,30,17,13
25844,Humbubble,cairne,1607,paladin,retribution,41,22,19
25845,Shampin,alexstrasza,1607,paladin,retribution,72,38,34
25846,Trolladin,rivendare,1607,paladin,retribution,110,51,59
25847,Zadquel,ragnaros,1606,paladin,retribution,95,55,40
25848,Marehk,thrall,1606,paladin,retribution,59,32,27
25849,Southerly,tichondrius,1606,paladin,retribution,78,39,39
25850,Aefuezar,earthen-ring,1606,paladin,retribution,56,28,28
25851,Lit,alexstrasza,1606,paladin,retribution,52,22,30
25852,Hurtmypp,stormrage,1605,paladin,retribution,48,31,17
25853,Pçpaladin,stormrage,1605,paladin,retribution,36,21,15
25854,Chrisader,stormrage,1605,paladin,retribution,36,19,17
25855,Zarrakra,daggerspine,1605,paladin,retribution,99,52,47
25856,Dïlly,area-52,1605,paladin,retribution,84,43,41
25857,Ragarèn,emerald-dream,1605,paladin,retribution,42,20,22
25858,Cuchuflaiz,drakkari,1604,paladin,retribution,30,17,13
25859,Virtuosi,area-52,1604,paladin,retribution,42,23,19
25860,Xeniél,illidan,1604,paladin,retribution,36,19,17
25861,Rycerzforge,ragnaros,1604,paladin,retribution,74,38,36
25862,Actionb,aggramar,1604,paladin,retribution,90,41,49
25863,Rhegyna,quelthalas,1603,paladin,retribution,48,26,22
25864,Plophero,moon-guard,1603,paladin,retribution,54,28,26
25865,Tanishalfelf,stormrage,1603,paladin,retribution,36,18,18
25866,Rëtribution,tichondrius,1603,paladin,retribution,68,33,35
25867,Ascetic,barthilas,1603,paladin,retribution,218,99,119
25868,Skylinator,bleeding-hollow,1603,paladin,retribution,59,26,33
25869,Mfgspally,kelthuzad,1602,paladin,retribution,70,42,28
25870,Leona,stormrage,1601,paladin,retribution,34,20,14
25871,Jowliet,stormrage,1601,paladin,retribution,36,17,19
25872,Tonimâster,misha,1601,paladin,retribution,47,21,26
25873,Spala,tichondrius,1601,paladin,retribution,63,27,36
25874,Aethelwulf,stormrage,1600,paladin,retribution,42,24,18
25875,Mcbroken,tichondrius,1599,paladin,retribution,45,22,23
25876,Elëssar,ragnaros,1598,paladin,retribution,83,44,39
25877,Samgonz,tichondrius,1597,paladin,retribution,54,32,22
25878,Esçanór,darkspear,1597,paladin,retribution,49,25,24
25879,Løøsè,frostmourne,1595,paladin,retribution,36,20,16
25880,Layonhánd,ragnaros,1593,paladin,retribution,54,25,29
25881,Umbrasanctus,daggerspine,1592,paladin,retribution,54,29,25
25882,Palaxoto,nemesis,1591,paladin,retribution,66,27,39
25883,Cøøkïë,frostmourne,1590,paladin,retribution,42,22,20
25884,Torinel,illidan,1590,paladin,retribution,35,17,18
25885,Auralyon,tichondrius,1590,paladin,retribution,42,17,25
25886,Deepsearide,illidan,1589,paladin,retribution,155,82,73
25887,Beardedbrute,korgath,1589,paladin,retribution,42,19,23
25888,Aiseyqt,frostmourne,1588,paladin,retribution,108,67,41
25889,Sinmca,moon-guard,1588,paladin,retribution,60,34,26
25890,Royalfather,tichondrius,1587,paladin,retribution,52,31,21
25891,Whyta,azralon,1587,paladin,retribution,157,81,76
25892,Hedilyan,azralon,1587,paladin,retribution,96,48,48
25893,Lucianz,ragnaros,1587,paladin,retribution,60,29,31
25894,Ilovecl,tichondrius,1586,paladin,retribution,54,32,22
25895,Cowsecration,ragnaros,1585,paladin,retribution,24,17,7
25896,Ënfos,azralon,1584,paladin,retribution,42,20,22
25897,Skilladin,zuljin,1583,paladin,retribution,71,36,35
25898,Lightlana,frostwolf,1583,paladin,retribution,68,34,34
25899,Arlanso,frostmourne,1583,paladin,retribution,46,22,24
25900,Angrytitan,tichondrius,1583,paladin,retribution,54,24,30
25901,Chuizz,frostmourne,1583,paladin,retribution,48,19,29
25902,Stöneblood,moon-guard,1583,paladin,retribution,54,18,36
25903,Landeren,khazgoroth,1582,paladin,retribution,48,22,26
25904,Taphos,icecrown,1581,paladin,retribution,53,30,23
25905,Lumaros,wyrmrest-accord,1581,paladin,retribution,54,29,25
25906,Ulrìck,quelthalas,1580,paladin,retribution,65,39,26
25907,Eurekasret,ragnaros,1580,paladin,retribution,83,42,41
25908,Bastiion,stormrage,1580,paladin,retribution,88,43,45
25909,Borrus,malygos,1579,paladin,retribution,78,40,38
25910,Sneeber,stormrage,1578,paladin,retribution,84,42,42
25911,Alpengeist,turalyon,1577,paladin,retribution,54,27,27
25912,Rimjobrachel,barthilas,1577,paladin,retribution,86,42,44
25913,Fuknshané,area-52,1577,paladin,retribution,68,32,36
25914,Malacriianza,quelthalas,1576,paladin,retribution,54,30,24
25915,Leztatium,quelthalas,1576,paladin,retribution,42,21,21
25916,Cloaxy,azgalor,1576,paladin,retribution,136,64,72
25917,Trullz,illidan,1576,paladin,retribution,88,40,48
25918,Daddytoad,tichondrius,1576,paladin,retribution,54,24,30
25919,Wantsome,frostmourne,1575,paladin,retribution,43,18,25
25920,Fìlìgree,tichondrius,1574,paladin,retribution,55,30,25
25921,Ruhn,eldrethalas,1574,paladin,retribution,36,18,18
25922,Ajulgedang,frostmourne,1574,paladin,retribution,114,52,62
25923,Renzo,frostmourne,1574,paladin,retribution,63,28,35
25924,Skynn,stormrage,1573,paladin,retribution,30,17,13
25925,Razneroka,ragnaros,1573,paladin,retribution,39,22,17
25926,Daleroth,ragnaros,1573,paladin,retribution,39,22,17
25927,Tesak,emerald-dream,1573,paladin,retribution,114,58,56
25928,Tagex,malganis,1573,paladin,retribution,155,74,81
25929,Wasembroder,ragnaros,1572,paladin,retribution,94,51,43
25930,Purdicks,emerald-dream,1572,paladin,retribution,154,77,77
25931,Stackmymoney,kelthuzad,1572,paladin,retribution,50,22,28
25932,Holydiver,sargeras,1571,paladin,retribution,128,63,65
25933,Kdym,azralon,1570,paladin,retribution,30,19,11
25934,Chancellor,azralon,1570,paladin,retribution,204,110,94
25935,Tatánka,ragnaros,1569,paladin,retribution,36,19,17
25936,Guerrer,hyjal,1568,paladin,retribution,66,36,30
25937,Palmangels,bleeding-hollow,1568,paladin,retribution,44,18,26
25938,Coffeepal,tichondrius,1567,paladin,retribution,48,23,25
25939,Chiphazard,stormscale,1566,paladin,retribution,58,23,35
25940,Nilin,tichondrius,1565,paladin,retribution,60,31,29
25941,Ödin,scarlet-crusade,1565,paladin,retribution,42,21,21
25942,Andrilsteh,malganis,1565,paladin,retribution,108,48,60
25943,Fionno,quelthalas,1564,paladin,retribution,116,58,58
25944,Bogùs,tichondrius,1564,paladin,retribution,48,23,25
25945,Tantradin,area-52,1564,paladin,retribution,48,20,28
25946,Blasstar,quelthalas,1563,paladin,retribution,53,27,26
25947,Moocowd,senjin,1562,paladin,retribution,42,18,24
25948,Lagwat,sargeras,1561,paladin,retribution,48,31,17
25949,Rxes,frostmourne,1561,paladin,retribution,99,43,56
25950,Feannor,drakkari,1560,paladin,retribution,70,35,35
25951,Baeflux,kelthuzad,1560,paladin,retribution,48,19,29
25952,Lawbandit,tichondrius,1557,paladin,retribution,34,19,15
25953,Chewyjitsu,tichondrius,1557,paladin,retribution,36,20,16
25954,Ironcoco,ragnaros,1557,paladin,retribution,53,27,26
25955,Luret,tichondrius,1557,paladin,retribution,34,17,17
25956,Insideous,kelthuzad,1557,paladin,retribution,69,34,35
25957,Tarnyb,illidan,1557,paladin,retribution,44,20,24
25958,Vêgenace,proudmoore,1556,paladin,retribution,48,24,24
25959,Missusomutch,azralon,1556,paladin,retribution,50,17,33
25960,Fótm,bleeding-hollow,1555,paladin,retribution,78,38,40
25961,Souyiro,sargeras,1555,paladin,retribution,42,18,24
25962,Swiftskillz,bleeding-hollow,1554,paladin,retribution,139,73,66
25963,Bubblelol,bloodhoof,1554,paladin,retribution,78,32,46
25964,Crybátt,quelthalas,1553,paladin,retribution,68,35,33
25965,Luminiscente,ragnaros,1553,paladin,retribution,58,29,29
25966,Alexieus,wyrmrest-accord,1553,paladin,retribution,71,32,39
25967,Thastrian,stormreaver,1552,paladin,retribution,60,31,29
25968,Yree,ragnaros,1552,paladin,retribution,78,37,41
25969,Notoriouus,bleeding-hollow,1552,paladin,retribution,42,18,24
25970,Damnhammer,tichondrius,1551,paladin,retribution,36,21,15
25971,Yovan,proudmoore,1551,paladin,retribution,90,51,39
25972,Narsys,tichondrius,1551,paladin,retribution,91,43,48
25973,Albïreo,drakkari,1550,paladin,retribution,54,28,26
25974,Detrimentãl,nagrand,1550,paladin,retribution,69,33,36
25975,Holyjoint,uther,1550,paladin,retribution,98,42,56
25976,Mcholy,thrall,1549,paladin,retribution,50,27,23
25977,Ylilliana,illidan,1548,paladin,retribution,31,17,14
25978,Caribourider,tichondrius,1548,paladin,retribution,65,29,36
25979,Scrubble,thrall,1547,paladin,retribution,90,44,46
25980,Evilmerdoc,kelthuzad,1547,paladin,retribution,54,26,28
25981,Cobaine,illidan,1547,paladin,retribution,74,34,40
25982,Redemptiøn,nemesis,1547,paladin,retribution,66,26,40
25983,Neovincent,aggramar,1545,paladin,retribution,60,32,28
25984,Ibustcheeks,sargeras,1545,paladin,retribution,59,28,31
25985,Varlip,wyrmrest-accord,1545,paladin,retribution,53,18,35
25986,Lorienv,sargeras,1544,paladin,retribution,36,17,19
25987,Pocserpala,drakkari,1543,paladin,retribution,36,21,15
25988,Elcíd,quelthalas,1542,paladin,retribution,99,38,61
25989,Dallyon,stormrage,1541,paladin,retribution,30,17,13
25990,Mormdring,fizzcrank,1541,paladin,retribution,71,31,40
25991,Thaldun,wyrmrest-accord,1541,paladin,retribution,95,41,54
25992,Ðoflamingo,area-52,1540,paladin,retribution,72,38,34
25993,Quadrifoglio,moon-guard,1540,paladin,retribution,138,70,68
25994,Cillessá,kelthuzad,1539,paladin,retribution,108,55,53
25995,Brokeniron,wyrmrest-accord,1539,paladin,retribution,66,31,35
25996,Noholy,nemesis,1539,paladin,retribution,55,21,34
25997,Frùglé,sargeras,1538,paladin,retribution,36,20,16
25998,Sowasred,emerald-dream,1538,paladin,retribution,78,43,35
25999,Zalndraeda,barthilas,1538,paladin,retribution,96,48,48
26000,Celethor,wyrmrest-accord,1537,paladin,retribution,54,30,24
26001,Joltie,quelthalas,1537,paladin,retribution,185,99,86
26002,Thepinkdept,proudmoore,1537,paladin,retribution,38,20,18
26003,Aberpal,illidan,1535,paladin,retribution,41,23,18
26004,Freddieroach,tichondrius,1535,paladin,retribution,72,33,39
26005,Greciâ,ragnaros,1535,paladin,retribution,42,18,24
26006,Hammrekt,sargeras,1534,paladin,retribution,24,16,8
26007,Tearet,tichondrius,1534,paladin,retribution,24,16,8
26008,Álkair,ragnaros,1534,paladin,retribution,83,36,47
26009,Stônemôuntan,moon-guard,1534,paladin,retribution,84,29,55
26010,Jager,medivh,1533,paladin,retribution,71,41,30
26011,Snussp,emerald-dream,1533,paladin,retribution,75,38,37
26012,Retcuzyaknow,illidan,1533,paladin,retribution,36,16,20
26013,Jonfox,stormrage,1532,paladin,retribution,91,49,42
26014,Forzanapoli,tichondrius,1532,paladin,retribution,36,16,20
26015,Minidin,kiljaeden,1532,paladin,retribution,78,34,44
26016,Dzx,nemesis,1531,paladin,retribution,311,161,150
26017,Yiqieyouwei,proudmoore,1531,paladin,retribution,55,25,30
26018,Ezcoatl,stormrage,1530,paladin,retribution,92,47,45
26019,Loyality,sargeras,1530,paladin,retribution,36,16,20
26020,Schankyy,stormrage,1529,paladin,retribution,36,19,17
26021,Mortaine,moon-guard,1529,paladin,retribution,120,49,71
26022,Unfairness,skullcrusher,1528,paladin,retribution,63,33,30
26023,Dazedpal,tichondrius,1528,paladin,retribution,315,163,152
26024,Ástridr,moon-guard,1528,paladin,retribution,95,43,52
26025,Arturias,kiljaeden,1527,paladin,retribution,77,38,39
26026,Hefaista,ragnaros,1527,paladin,retribution,42,16,26
26027,Muffinknight,quelthalas,1526,paladin,retribution,66,44,22
26028,Sunraiz,tichondrius,1526,paladin,retribution,40,25,15
26029,Tìg,proudmoore,1526,paladin,retribution,83,49,34
26030,Oneshotman,stormrage,1526,paladin,retribution,30,16,14
26031,Kenpachí,doomhammer,1525,paladin,retribution,42,30,12
26032,Venxpeita,azralon,1525,paladin,retribution,24,16,8
26033,Rektwings,area-52,1525,paladin,retribution,30,16,14
26034,Dragin,azralon,1525,paladin,retribution,41,21,20
26035,Tinymeatgang,misha,1524,paladin,retribution,36,19,17
26036,Holybirkkal,arthas,1524,paladin,retribution,56,29,27
26037,Shaidd,bleeding-hollow,1524,paladin,retribution,98,49,49
26038,Flykzu,azralon,1524,paladin,retribution,166,76,90
26039,Sephiroth,hyjal,1523,paladin,retribution,54,23,31
26040,Rillumas,wyrmrest-accord,1523,paladin,retribution,54,22,32
26041,Worder,tichondrius,1522,paladin,retribution,36,25,11
26042,Jizii,tichondrius,1522,paladin,retribution,72,41,31
26043,Blitzzed,area-52,1522,paladin,retribution,35,18,17
26044,Whackadin,illidan,1521,paladin,retribution,67,32,35
26045,Whitearmor,draenor,1520,paladin,retribution,69,41,28
26046,Björñ,moon-guard,1520,paladin,retribution,46,25,21
26047,Castïël,area-52,1519,paladin,retribution,157,77,80
26048,Againstfilet,azralon,1519,paladin,retribution,88,35,53
26049,Tzakial,area-52,1519,paladin,retribution,42,16,26
26050,Andallar,nordrassil,1518,paladin,retribution,60,34,26
26051,Gude,sargeras,1518,paladin,retribution,30,16,14
26052,Shartea,moon-guard,1518,paladin,retribution,58,29,29
26053,Konthrus,azralon,1517,paladin,retribution,83,53,30
26054,Týrael,uldum,1517,paladin,retribution,54,31,23
26055,Worshipmex,tichondrius,1517,paladin,retribution,36,20,16
26056,Eustace,thunderhorn,1517,paladin,retribution,35,19,16
26057,Sweetcandy,sargeras,1517,paladin,retribution,42,21,21
26058,Arreliya,sargeras,1517,paladin,retribution,100,49,51
26059,Lorenzinho,azralon,1516,paladin,retribution,80,42,38
26060,Relentless,magtheridon,1516,paladin,retribution,89,45,44
26061,Soterios,daggerspine,1516,paladin,retribution,72,33,39
26062,Sorhihi,illidan,1515,paladin,retribution,36,19,17
26063,Ignasius,blood-furnace,1515,paladin,retribution,54,26,28
26064,Kadbury,icecrown,1514,paladin,retribution,215,99,116
26065,Kawkpaladin,kaelthas,1512,paladin,retribution,60,31,29
26066,Ziberax,chogall,1511,paladin,retribution,46,27,19
26067,Thazadin,barthilas,1510,paladin,retribution,28,17,11
26068,Kaupe,barthilas,1509,paladin,retribution,41,16,25
26069,Protein,magtheridon,1509,paladin,retribution,42,16,26
26070,Mysticblade,sargeras,1508,paladin,retribution,54,31,23
26071,Sacredstella,illidan,1508,paladin,retribution,72,36,36
26072,Jøestar,proudmoore,1508,paladin,retribution,82,39,43
26073,Cyreus,emerald-dream,1508,paladin,retribution,57,26,31
26074,Snoogans,korgath,1508,paladin,retribution,36,16,20
26075,Miemiesage,illidan,1508,paladin,retribution,42,16,26
26076,Yazuka,wyrmrest-accord,1506,paladin,retribution,54,30,24
26077,Cókelol,zuljin,1506,paladin,retribution,78,42,36
26078,Rethöe,tichondrius,1506,paladin,retribution,30,16,14
26079,Istril,ragnaros,1506,paladin,retribution,292,152,140
26080,Preacherfudd,area-52,1506,paladin,retribution,42,21,21
26081,Bigpin,shattered-hand,1506,paladin,retribution,47,22,25
26082,Bojanglz,frostmourne,1504,paladin,retribution,39,21,18
26083,Pvrisxx,frostmourne,1503,paladin,retribution,54,28,26
26084,Ezpzxd,arygos,1503,paladin,retribution,92,45,47
26085,Piea,tichondrius,1503,paladin,retribution,66,32,34
26086,Liquidkoala,lightbringer,1503,paladin,retribution,52,25,27
26087,Kiritazuma,ravencrest,1502,paladin,retribution,78,37,41
26088,Eskannór,quelthalas,1502,paladin,retribution,42,18,24
26089,Alphanerd,burning-blade,1501,paladin,retribution,42,26,16
26090,Rohrn,firetree,1501,paladin,retribution,55,32,23
26091,Mesaa,illidan,1501,paladin,retribution,39,18,21
26092,Notae,alexstrasza,1501,paladin,retribution,35,16,19
26093,Ezael,crushridge,1501,paladin,retribution,48,21,27
26094,Margit,moon-guard,1500,paladin,retribution,30,18,12
26095,Pirofosfato,azralon,1500,paladin,retribution,36,16,20
26096,Wickedpälly,kelthuzad,1499,paladin,retribution,42,25,17
26097,Norlannd,ragnaros,1499,paladin,retribution,30,16,14
26098,Kookamønga,tichondrius,1498,paladin,retribution,67,32,35
26099,Mordered,proudmoore,1498,paladin,retribution,64,24,40
26100,Mäýhëm,sargeras,1497,paladin,retribution,36,22,14
26101,Hinataa,illidan,1497,paladin,retribution,81,45,36
26102,Yawnbringer,tichondrius,1497,paladin,retribution,128,65,63
26103,Audris,chogall,1497,paladin,retribution,65,29,36
26104,Shishoknight,quelthalas,1497,paladin,retribution,50,21,29
26105,Jagehbombs,tichondrius,1496,paladin,retribution,48,28,20
26106,Moutai,dalaran,1495,paladin,retribution,54,26,28
26107,Schwârts,blackrock,1494,paladin,retribution,70,36,34
26108,Sprinkills,frostmourne,1493,paladin,retribution,48,31,17
26109,Gronmpa,nemesis,1492,paladin,retribution,24,16,8
26110,Holdup,moon-guard,1491,paladin,retribution,35,25,10
26111,Upaitaon,stormrage,1491,paladin,retribution,54,27,27
26112,Sàgadegemeós,stormrage,1489,paladin,retribution,60,32,28
26113,Mathieü,zuljin,1488,paladin,retribution,36,20,16
26114,Dgâza,tichondrius,1488,paladin,retribution,36,17,19
26115,Phokboi,shattered-hand,1487,paladin,retribution,46,27,19
26116,Grîshnâkh,ragnaros,1487,paladin,retribution,119,61,58
26117,Avvenging,tichondrius,1487,paladin,retribution,36,16,20
26118,Haunter,akama,1485,paladin,retribution,54,25,29
26119,Dcountt,area-52,1484,paladin,retribution,47,22,25
26120,Wwanntae,tichondrius,1484,paladin,retribution,70,32,38
26121,Imhardirl,area-52,1483,paladin,retribution,29,17,12
26122,Donao,illidan,1483,paladin,retribution,78,43,35
26123,Levian,spirestone,1483,paladin,retribution,90,46,44
26124,Mixnut,tichondrius,1483,paladin,retribution,47,17,30
26125,Greasysteve,stormrage,1482,paladin,retribution,60,33,27
26126,Smallhammer,aegwynn,1482,paladin,retribution,66,28,38
26127,Dalgren,quelthalas,1482,paladin,retribution,81,30,51
26128,Quotation,silvermoon,1481,paladin,retribution,50,28,22
26129,Janokaluo,wyrmrest-accord,1481,paladin,retribution,101,52,49
26130,Kemono,dathremar,1480,paladin,retribution,32,22,10
26131,Sammyste,elune,1480,paladin,retribution,86,46,40
26132,Ralo,khaz-modan,1480,paladin,retribution,30,16,14
26133,Freiermoth,shadowmoon,1480,paladin,retribution,135,69,66
26134,Forlam,sargeras,1480,paladin,retribution,108,45,63
26135,Areuss,tichondrius,1479,paladin,retribution,29,16,13
26136,Pàladwarf,stormrage,1479,paladin,retribution,69,34,35
26137,Articilia,ragnaros,1478,paladin,retribution,30,16,14
26138,Yamush,silver-hand,1478,paladin,retribution,48,24,24
26139,Vaqoh,ragnaros,1478,paladin,retribution,42,17,25
26140,Temote,anvilmar,1477,paladin,retribution,108,53,55
26141,Buddyolpally,proudmoore,1477,paladin,retribution,48,23,25
26142,Killeralan,quelthalas,1477,paladin,retribution,74,34,40
26143,Malandru,darrowmere,1477,paladin,retribution,93,37,56
26144,Pugnosano,black-dragonflight,1475,paladin,retribution,42,21,21
26145,Sconci,whisperwind,1475,paladin,retribution,42,20,22
26146,Azoruken,quelthalas,1475,paladin,retribution,71,31,40
26147,Arecht,moon-guard,1474,paladin,retribution,30,19,11
26148,Rhodela,illidan,1474,paladin,retribution,54,26,28
26149,Viclovin,stormrage,1473,paladin,retribution,52,27,25
26150,Fressbee,nathrezim,1473,paladin,retribution,41,19,22
26151,Blulux,ragnaros,1472,paladin,retribution,95,52,43
26152,Whets,thrall,1472,paladin,retribution,79,38,41
26153,Zuthora,alleria,1471,paladin,retribution,70,37,33
26154,Ellanaria,thrall,1471,paladin,retribution,117,61,56
26155,Beshiki,hakkar,1471,paladin,retribution,292,142,150
26156,Yoboyindahiz,stormrage,1471,paladin,retribution,57,23,34
26157,Rykorth,moon-guard,1470,paladin,retribution,33,20,13
26158,Carnagias,bleeding-hollow,1470,paladin,retribution,71,38,33
26159,Charleyy,stormscale,1469,paladin,retribution,78,45,33
26160,Pijbins,moon-guard,1469,paladin,retribution,66,34,32
26161,Atterz,azralon,1469,paladin,retribution,40,18,22
26162,Polypal,zuljin,1468,paladin,retribution,42,18,24
26163,Vasharien,nerzhul,1467,paladin,retribution,80,38,42
26164,Dawncröwn,stormrage,1467,paladin,retribution,59,20,39
26165,Hamertime,wyrmrest-accord,1466,paladin,retribution,98,49,49
26166,Dimmadome,frostmourne,1465,paladin,retribution,78,50,28
26167,Weskar,garithos,1465,paladin,retribution,82,45,37
26168,Bilbain,proudmoore,1465,paladin,retribution,215,110,105
26169,Nicret,tichondrius,1464,paladin,retribution,24,18,6
26170,Xk,kiljaeden,1464,paladin,retribution,60,26,34
26171,Toughlife,tichondrius,1464,paladin,retribution,72,28,44
26172,Nohpalli,kelthuzad,1463,paladin,retribution,79,43,36
26173,Bañe,lightbringer,1463,paladin,retribution,81,35,46
26174,Biloro,azralon,1462,paladin,retribution,42,27,15
26175,Bronytime,illidan,1462,paladin,retribution,29,16,13
26176,Dreyan,wyrmrest-accord,1462,paladin,retribution,47,23,24
26177,Sakicc,dalaran,1462,paladin,retribution,48,21,27
26178,Killmönger,tichondrius,1462,paladin,retribution,58,25,33
26179,Sanguinata,shadowsong,1461,paladin,retribution,47,30,17
26180,Crayt,tichondrius,1461,paladin,retribution,97,40,57
26181,Silvabac,illidan,1459,paladin,retribution,41,23,18
26182,Konarik,stormrage,1459,paladin,retribution,46,25,21
26183,Bapped,dalaran,1459,paladin,retribution,54,24,30
26184,Athenauwu,illidan,1458,paladin,retribution,40,19,21
26185,Valardaharis,thunderlord,1457,paladin,retribution,100,43,57
26186,Theholysword,tichondrius,1457,paladin,retribution,41,16,25
26187,Dentarg,garrosh,1456,paladin,retribution,54,29,25
26188,Damndoi,tichondrius,1456,paladin,retribution,36,17,19
26189,Vindictacho,tichondrius,1456,paladin,retribution,42,18,24
26190,Esixtytwoone,area-52,1455,paladin,retribution,30,21,9
26191,Folgimar,moon-guard,1455,paladin,retribution,72,37,35
26192,Orestis,stormrage,1455,paladin,retribution,39,20,19
26193,Thalorian,azshara,1455,paladin,retribution,51,25,26
26194,Astharor,stormrage,1454,paladin,retribution,70,40,30
26195,Layoya,aerie-peak,1454,paladin,retribution,34,19,15
26196,Rusinator,bonechewer,1454,paladin,retribution,48,25,23
26197,Wesdarian,jaedenar,1454,paladin,retribution,119,56,63
26198,Sovereignt,aggramar,1453,paladin,retribution,157,84,73
26199,Monchy,bleeding-hollow,1453,paladin,retribution,52,27,25
26200,Vexxa,nerzhul,1451,paladin,retribution,36,18,18
26201,Tacien,tichondrius,1451,paladin,retribution,112,54,58
26202,Cyäbyë,frostmourne,1450,paladin,retribution,30,18,12
26203,Drtom,mannoroth,1450,paladin,retribution,39,21,18
26204,Liaadrin,azralon,1450,paladin,retribution,32,16,16
26205,Gokuu,korgath,1450,paladin,retribution,90,44,46
26206,Solandiis,tichondrius,1450,paladin,retribution,67,32,35
26207,Prosykt,sargeras,1450,paladin,retribution,38,16,22
26208,Airplane,malygos,1449,paladin,retribution,24,16,8
26209,Shourins,tichondrius,1449,paladin,retribution,36,17,19
26210,Lustros,stormrage,1449,paladin,retribution,66,28,38
26211,Avati,sargeras,1448,paladin,retribution,22,16,6
26212,Californía,bleeding-hollow,1448,paladin,retribution,37,23,14
26213,Bladetm,proudmoore,1448,paladin,retribution,62,28,34
26214,Lebowski,nordrassil,1447,paladin,retribution,54,27,27
26215,Natsîrt,bleeding-hollow,1446,paladin,retribution,36,20,16
26216,Glizzybertz,bleeding-hollow,1445,paladin,retribution,36,21,15
26217,Lichkingdenn,stormrage,1445,paladin,retribution,42,18,24
26218,Aoishie,bleeding-hollow,1444,paladin,retribution,96,45,51
26219,Lestaroth,goldrinn,1444,paladin,retribution,48,16,32
26220,Iluminadoor,nemesis,1442,paladin,retribution,29,19,10
26221,Urpi,drakkari,1442,paladin,retribution,29,18,11
26222,Ogholyhands,bleeding-hollow,1442,paladin,retribution,65,34,31
26223,Dannyram,zuljin,1441,paladin,retribution,69,36,33
26224,Hakson,stormrage,1441,paladin,retribution,43,21,22
26225,Murtag,bloodscalp,1440,paladin,retribution,48,23,25
26226,Taeret,tichondrius,1439,paladin,retribution,24,15,9
26227,Awake,chogall,1439,paladin,retribution,24,15,9
26228,Kkgame,tichondrius,1439,paladin,retribution,37,19,18
26229,Ozirus,frostmourne,1439,paladin,retribution,56,25,31
26230,Thragar,stormrage,1438,paladin,retribution,30,15,15
26231,Getdiswork,malygos,1437,paladin,retribution,108,52,56
26232,Cesah,tichondrius,1436,paladin,retribution,24,15,9
26233,Bubbledober,tichondrius,1435,paladin,retribution,18,15,3
26234,Xalø,ragnaros,1435,paladin,retribution,24,15,9
26235,Kêrmit,zuljin,1435,paladin,retribution,43,26,17
26236,Zolktro,stormrage,1435,paladin,retribution,52,27,25
26237,Bebopin,tichondrius,1435,paladin,retribution,40,19,21
26238,Psadin,thunderlord,1435,paladin,retribution,54,25,29
26239,Warmpôcket,proudmoore,1435,paladin,retribution,66,26,40
26240,Giulio,moon-guard,1434,paladin,retribution,95,52,43
26241,Lumíty,sargeras,1434,paladin,retribution,137,70,67
26242,Gimli,mannoroth,1434,paladin,retribution,36,15,21
26243,Robo,tichondrius,1433,paladin,retribution,24,15,9
26244,Badbad,icecrown,1433,paladin,retribution,30,15,15
26245,Onitenshi,stormscale,1432,paladin,retribution,85,41,44
26246,Antarcticala,frostmourne,1432,paladin,retribution,48,20,28
26247,Saakadin,illidan,1431,paladin,retribution,24,15,9
26248,Perzeføne,quelthalas,1431,paladin,retribution,41,20,21
26249,Rasc,barthilas,1431,paladin,retribution,62,28,34
26250,Richiggaa,illidan,1430,paladin,retribution,47,29,18
26251,Aztraseneco,ragnaros,1430,paladin,retribution,104,59,45
26252,Lmd,tichondrius,1430,paladin,retribution,66,35,31
26253,Supercharged,area-52,1429,paladin,retribution,30,15,15
26254,Gorriuke,wyrmrest-accord,1428,paladin,retribution,30,18,12
26255,Falaran,azralon,1428,paladin,retribution,62,32,30
26256,Alexandros,nordrassil,1428,paladin,retribution,30,15,15
26257,Aiethyria,tichondrius,1427,paladin,retribution,24,15,9
26258,Messeb,veknilash,1427,paladin,retribution,145,80,65
26259,Cammack,thrall,1427,paladin,retribution,87,36,51
26260,Demonissh,area-52,1427,paladin,retribution,42,15,27
26261,Sonatas,ursin,1426,paladin,retribution,27,16,11
26262,Talantyr,zuljin,1426,paladin,retribution,78,36,42
26263,Holiness,stormreaver,1426,paladin,retribution,42,15,27
26264,Tribiani,lightbringer,1425,paladin,retribution,24,15,9
26265,Mathalt,area-52,1425,paladin,retribution,51,26,25
26266,Superpaladin,stormrage,1425,paladin,retribution,53,23,30
26267,Floquiinhos,azralon,1425,paladin,retribution,36,15,21
26268,Angriel,azralon,1424,paladin,retribution,47,20,27
26269,Tekar,altar-of-storms,1424,paladin,retribution,42,17,25
26270,Pallyseeker,thrall,1420,paladin,retribution,24,15,9
26271,Arahann,bleeding-hollow,1420,paladin,retribution,29,16,13
26272,Palpinga,kelthuzad,1420,paladin,retribution,44,18,26
26273,Tåine,suramar,1420,paladin,retribution,48,16,32
26274,Wutefuh,azgalor,1419,paladin,retribution,24,15,9
26275,Holyshôckz,stormrage,1418,paladin,retribution,80,44,36
26276,Emethala,windrunner,1418,paladin,retribution,42,23,19
26277,Annhette,sargeras,1418,paladin,retribution,31,15,16
26278,Nocomus,andorhal,1418,paladin,retribution,78,35,43
26279,Lolslikeomg,malganis,1418,paladin,retribution,102,42,60
26280,Galanblack,dalaran,1417,paladin,retribution,56,31,25
26281,Cyniaria,moon-guard,1417,paladin,retribution,96,49,47
26282,Napstër,ragnaros,1417,paladin,retribution,36,15,21
26283,Imperious,anetheron,1416,paladin,retribution,48,26,22
26284,Wagyou,skywall,1416,paladin,retribution,30,15,15
26285,Jaikerino,emerald-dream,1416,paladin,retribution,42,15,27
26286,Balrok,cenarius,1415,paladin,retribution,185,93,92
26287,Mitchyc,stormrage,1415,paladin,retribution,90,45,45
26288,Hdmi,darkspear,1415,paladin,retribution,41,20,21
26289,Andrinn,nemesis,1415,paladin,retribution,51,24,27
26290,Minzyy,frostmourne,1414,paladin,retribution,24,15,9
26291,Savagedemise,barthilas,1413,paladin,retribution,55,28,27
26292,Justicierø,aegwynn,1413,paladin,retribution,42,21,21
26293,Hägär,tichondrius,1413,paladin,retribution,67,27,40
26294,Solgrïm,wyrmrest-accord,1412,paladin,retribution,48,24,24
26295,Rhoche,ysera,1412,paladin,retribution,36,17,19
26296,Faowin,sargeras,1412,paladin,retribution,78,34,44
26297,Oppression,kul-tiras,1412,paladin,retribution,77,29,48
26298,Nuggetpusher,thunderlord,1410,paladin,retribution,31,16,15
26299,Sote,lightnings-blade,1410,paladin,retribution,45,22,23
26300,Bullzor,aerie-peak,1409,paladin,retribution,49,33,16
26301,Smashnasty,area-52,1409,paladin,retribution,24,15,9
26302,Velyssatha,moon-guard,1409,paladin,retribution,35,17,18
26303,Releváncé,barthilas,1409,paladin,retribution,66,31,35
26304,Holyskeeter,thunderhorn,1409,paladin,retribution,43,17,26
26305,Kalboko,twisting-nether,1408,paladin,retribution,45,23,22
26306,Anivan,moon-guard,1408,paladin,retribution,60,27,33
26307,Reìarthur,stormrage,1408,paladin,retribution,72,32,40
26308,Søøka,azralon,1408,paladin,retribution,84,36,48
26309,Kulandis,stormrage,1408,paladin,retribution,57,24,33
26310,Modjytech,tichondrius,1408,paladin,retribution,83,32,51
26311,Anafensa,malganis,1408,paladin,retribution,42,15,27
26312,Industry,firetree,1407,paladin,retribution,33,18,15
26313,Milke,chogall,1407,paladin,retribution,36,17,19
26314,Tooholy,kiljaeden,1406,paladin,retribution,87,54,33
26315,Mundomaloo,quelthalas,1405,paladin,retribution,33,17,16
26316,Szeq,tichondrius,1405,paladin,retribution,32,16,16
26317,Snuggymuffin,barthilas,1404,paladin,retribution,24,15,9
26318,Taîno,thrall,1404,paladin,retribution,86,47,39
26319,Puresight,kelthuzad,1404,paladin,retribution,36,19,17
26320,Outlivz,hyjal,1404,paladin,retribution,33,17,16
26321,Fây,sargeras,1404,paladin,retribution,42,15,27
26322,Zimzob,stormscale,1403,paladin,retribution,30,15,15
26323,Swietomierz,proudmoore,1403,paladin,retribution,48,20,28
26324,Keltec,bonechewer,1403,paladin,retribution,61,25,36
26325,Holyginger,barthilas,1402,paladin,retribution,41,23,18
26326,Oppressive,moon-guard,1402,paladin,retribution,303,140,163
26327,Pvppaulx,moon-guard,1401,paladin,retribution,65,34,31
26328,Jdgmnt,sargeras,1401,paladin,retribution,72,33,39
26329,Salaminhoo,azralon,1400,paladin,retribution,30,19,11
26330,Eamon,kelthuzad,1400,paladin,retribution,29,15,14
26331,Egufro,frostwolf,1399,paladin,retribution,55,31,24
26332,Holyham,fizzcrank,1398,paladin,retribution,48,27,21
26333,Véxv,emerald-dream,1398,paladin,retribution,80,30,50
26334,Dfbattlepass,kelthuzad,1397,paladin,retribution,91,49,42
26335,Chuckman,skullcrusher,1397,paladin,retribution,30,16,14
26336,Thadose,bonechewer,1396,paladin,retribution,82,52,30
26337,Mechelle,thrall,1396,paladin,retribution,122,67,55
26338,Hrrothgar,muradin,1396,paladin,retribution,42,22,20
26339,Theretpally,kelthuzad,1396,paladin,retribution,60,28,32
26340,Emmastoned,bleeding-hollow,1396,paladin,retribution,84,39,45
26341,Ktwocrank,dalaran,1395,paladin,retribution,43,16,27
26342,Rhodius,dalaran,1393,paladin,retribution,42,23,19
26343,Tmac,azralon,1393,paladin,retribution,68,35,33
26344,Belregn,illidan,1393,paladin,retribution,78,36,42
26345,Öpäf,steamwheedle-cartel,1393,paladin,retribution,49,21,28
26346,Són,ragnaros,1392,paladin,retribution,46,16,30
26347,Sthrealys,quelthalas,1391,paladin,retribution,30,16,14
26348,Tronzyy,trollbane,1391,paladin,retribution,35,15,20
26349,Judgmentor,malganis,1391,paladin,retribution,82,34,48
26350,Droden,tichondrius,1390,paladin,retribution,55,29,26
26351,Levarious,thunderlord,1390,paladin,retribution,114,57,57
26352,Schalpy,illidan,1388,paladin,retribution,60,28,32
26353,Slowedreverb,stormrage,1387,paladin,retribution,81,42,39
26354,Granisdh,aegwynn,1387,paladin,retribution,54,27,27
26355,Morneau,malganis,1387,paladin,retribution,234,116,118
26356,Pallytoot,aerie-peak,1386,paladin,retribution,60,35,25
26357,Erowyn,tichondrius,1385,paladin,retribution,30,15,15
26358,Simplesam,draenor,1385,paladin,retribution,36,15,21
26359,Artherion,kelthuzad,1385,paladin,retribution,45,16,29
26360,Belgrieve,proudmoore,1384,paladin,retribution,48,22,26
26361,Urfavxbf,baelgun,1383,paladin,retribution,116,62,54
26362,Oschy,moon-guard,1382,paladin,retribution,97,48,49
26363,Jursch,emerald-dream,1381,paladin,retribution,163,81,82
26364,Zadragon,sargeras,1381,paladin,retribution,66,31,35
26365,Cryptdog,illidan,1381,paladin,retribution,69,29,40
26366,Luðo,moon-guard,1380,paladin,retribution,35,15,20
26367,Hokkan,quelthalas,1379,paladin,retribution,53,28,25
26368,Blindburn,ragnaros,1379,paladin,retribution,36,17,19
26369,Sozmsjackson,barthilas,1379,paladin,retribution,39,17,22
26370,Miitt,blackrock,1378,paladin,retribution,30,17,13
26371,Trapqueenlol,alterac-mountains,1378,paladin,retribution,48,16,32
26372,Elsinore,senjin,1377,paladin,retribution,35,19,16
26373,Kaelthasar,azralon,1376,paladin,retribution,30,15,15
26374,Wésters,quelthalas,1375,paladin,retribution,139,64,75
26375,Delanadras,kelthuzad,1375,paladin,retribution,47,19,28
26376,Stdee,zuljin,1372,paladin,retribution,63,33,30
26377,Adrockiller,quelthalas,1372,paladin,retribution,68,34,34
26378,Acallysta,moon-guard,1371,paladin,retribution,42,18,24
26379,Dawsonthebos,grizzly-hills,1370,paladin,retribution,30,16,14
26380,Superzooted,sargeras,1370,paladin,retribution,34,15,19
26381,Hurrîcane,illidan,1370,paladin,retribution,48,15,33
26382,Dorzwaz,draka,1369,paladin,retribution,24,16,8
26383,Sländers,sargeras,1369,paladin,retribution,65,29,36
26384,Minitas,blackrock,1369,paladin,retribution,42,15,27
26385,Kellissandra,aerie-peak,1368,paladin,retribution,84,34,50
26386,Reesescupz,kelthuzad,1367,paladin,retribution,44,16,28
26387,Tøpbløke,frostmourne,1366,paladin,retribution,121,60,61
26388,Scubàlicous,magtheridon,1366,paladin,retribution,42,19,23
26389,Wîckèd,tichondrius,1366,paladin,retribution,35,15,20
26390,Eutectic,moon-guard,1366,paladin,retribution,36,15,21
26391,Hurukpaly,azralon,1365,paladin,retribution,52,23,29
26392,Heraolympian,black-dragonflight,1364,paladin,retribution,57,32,25
26393,Uxd,tichondrius,1364,paladin,retribution,48,20,28
26394,Áthz,ragnaros,1363,paladin,retribution,41,21,20
26395,Nest,stormrage,1363,paladin,retribution,30,15,15
26396,Hùck,alexstrasza,1363,paladin,retribution,110,51,59
26397,Alvick,icecrown,1363,paladin,retribution,39,16,23
26398,Brenaluna,tichondrius,1362,paladin,retribution,48,19,29
26399,Akâme,kelthuzad,1361,paladin,retribution,22,15,7
26400,Ðetroity,stormrage,1359,paladin,retribution,105,57,48
26401,Pal,blackhand,1359,paladin,retribution,44,23,21
26402,Sellenagomez,malganis,1359,paladin,retribution,48,21,27
26403,Kalendawn,moon-guard,1358,paladin,retribution,76,43,33
26404,Xoxoxoxoxoxo,aegwynn,1357,paladin,retribution,48,23,25
26405,Lightcast,moon-guard,1357,paladin,retribution,72,34,38
26406,Lyricism,tichondrius,1356,paladin,retribution,42,22,20
26407,Wickedwingz,sargeras,1356,paladin,retribution,30,15,15
26408,Arbarrus,stormrage,1354,paladin,retribution,31,19,12
26409,Dwk,thrall,1353,paladin,retribution,36,15,21
26410,Palypants,proudmoore,1353,paladin,retribution,37,15,22
26411,Andronik,bleeding-hollow,1352,paladin,retribution,33,16,17
26412,Tlahtoani,illidan,1350,paladin,retribution,23,15,8
26413,Chinsta,zuljin,1349,paladin,retribution,36,22,14
26414,Zantdemption,frostmourne,1349,paladin,retribution,29,15,14
26415,Theldart,ragnaros,1348,paladin,retribution,42,21,21
26416,Øxøxø,emerald-dream,1347,paladin,retribution,78,41,37
26417,Hazmât,illidan,1347,paladin,retribution,81,32,49
26418,Dwurim,moon-guard,1346,paladin,retribution,48,26,22
26419,Ddeadwhisper,executus,1345,paladin,retribution,104,56,48
26420,Retman,azuremyst,1344,paladin,retribution,42,17,25
26421,Sophany,shattered-halls,1343,paladin,retribution,34,21,13
26422,Bossmin,tichondrius,1343,paladin,retribution,24,14,10
26423,Dyskrazia,thrall,1343,paladin,retribution,32,15,17
26424,Kumdonia,illidan,1343,paladin,retribution,30,14,16
26425,Lawdeedawh,tichondrius,1342,paladin,retribution,30,14,16
26426,Xygra,stormrage,1342,paladin,retribution,30,14,16
26427,Kikazaru,moon-guard,1341,paladin,retribution,36,14,22
26428,Icepondpal,proudmoore,1340,paladin,retribution,24,16,8
26429,Dmghack,tichondrius,1340,paladin,retribution,30,14,16
26430,Retsonictwo,tichondrius,1340,paladin,retribution,30,14,16
26431,Samphlty,azralon,1340,paladin,retribution,30,14,16
26432,Bubblestar,ragnaros,1340,paladin,retribution,56,23,33
26433,Xandia,aegwynn,1340,paladin,retribution,42,14,28
26434,Grifnshlong,agamaggan,1339,paladin,retribution,21,15,6
26435,Minikalina,ragnaros,1339,paladin,retribution,24,14,10
26436,Bulioevn,emerald-dream,1339,paladin,retribution,51,24,27
26437,Aaralis,ragnaros,1339,paladin,retribution,30,14,16
26438,Healsonyou,windrunner,1338,paladin,retribution,36,14,22
26439,Amarnath,turalyon,1337,paladin,retribution,27,16,11
26440,Palajeans,stormrage,1337,paladin,retribution,24,14,10
26441,Erethonis,bladefist,1337,paladin,retribution,66,31,35
26442,Neró,quelthalas,1337,paladin,retribution,55,25,30
26443,Emaus,tichondrius,1337,paladin,retribution,42,14,28
26444,Wlq,frostmourne,1336,paladin,retribution,71,29,42
26445,Nightz,eonar,1336,paladin,retribution,36,14,22
26446,Rùckûs,tichondrius,1336,paladin,retribution,36,14,22
26447,Refulgent,moon-guard,1335,paladin,retribution,58,35,23
26448,Shecara,malygos,1335,paladin,retribution,72,40,32
26449,Avantasias,sargeras,1335,paladin,retribution,82,39,43
26450,Albagail,draka,1335,paladin,retribution,46,20,26
26451,Prôphêt,stormrage,1334,paladin,retribution,18,14,4
26452,Darguen,ragnaros,1334,paladin,retribution,22,15,7
26453,Justsmiteit,dalaran,1334,paladin,retribution,30,17,13
26454,Äeriah,fizzcrank,1333,paladin,retribution,72,36,36
26455,Väkariän,quelthalas,1333,paladin,retribution,30,14,16
26456,Faaqmee,gorefiend,1332,paladin,retribution,30,19,11
26457,Malorian,azgalor,1332,paladin,retribution,48,21,27
26458,Lüuz,area-52,1332,paladin,retribution,42,15,27
26459,Trogdorpwn,bonechewer,1331,paladin,retribution,30,17,13
26460,Holybalsagna,garrosh,1331,paladin,retribution,66,35,31
26461,Mobitz,dalvengyr,1331,paladin,retribution,48,25,23
26462,Mattilla,tichondrius,1331,paladin,retribution,30,14,16
26463,Keenos,frostmourne,1330,paladin,retribution,25,14,11
26464,Hunsung,tichondrius,1330,paladin,retribution,36,14,22
26465,Allixis,wyrmrest-accord,1330,paladin,retribution,40,15,25
26466,Däkh,sargeras,1329,paladin,retribution,24,14,10
26467,Bigdoosa,frostmourne,1329,paladin,retribution,40,19,21
26468,Gatzu,tichondrius,1329,paladin,retribution,36,14,22
26469,Brightsaber,tichondrius,1328,paladin,retribution,63,34,29
26470,Lunchhboxx,kelthuzad,1328,paladin,retribution,35,16,19
26471,Nerfashen,zuljin,1327,paladin,retribution,24,14,10
26472,Clayban,stormrage,1327,paladin,retribution,42,22,20
26473,Mgjun,ragnaros,1327,paladin,retribution,30,14,16
26474,Snowcrow,tichondrius,1327,paladin,retribution,80,36,44
26475,Ennvy,nemesis,1326,paladin,retribution,30,14,16
26476,Ponytail,dark-iron,1326,paladin,retribution,34,15,19
26477,Melize,area-52,1325,paladin,retribution,118,57,61
26478,Mikezheng,tichondrius,1325,paladin,retribution,42,19,23
26479,Akabanee,ragnaros,1324,paladin,retribution,24,14,10
26480,Gixpal,skullcrusher,1323,paladin,retribution,59,31,28
26481,Christman,illidan,1323,paladin,retribution,78,33,45
26482,Sona,jubeithos,1323,paladin,retribution,36,15,21
26483,Fabolouss,tichondrius,1320,paladin,retribution,96,50,46
26484,Sventyn,frostmourne,1320,paladin,retribution,41,14,27
26485,Bennu,sargeras,1319,paladin,retribution,45,17,28
26486,Lashlan,barthilas,1318,paladin,retribution,32,20,12
26487,Oopalaoo,azralon,1318,paladin,retribution,30,15,15
26488,Arkanica,moon-guard,1318,paladin,retribution,41,16,25
26489,Dralkou,kaelthas,1318,paladin,retribution,75,29,46
26490,Serran,durotan,1318,paladin,retribution,54,20,34
26491,Vallahad,emerald-dream,1317,paladin,retribution,24,14,10
26492,Hwanko,tichondrius,1316,paladin,retribution,34,23,11
26493,Balango,azralon,1316,paladin,retribution,24,14,10
26494,Hapii,tichondrius,1315,paladin,retribution,47,18,29
26495,Maphisto,stormscale,1314,paladin,retribution,24,19,5
26496,ßlððdyßðnez,malganis,1313,paladin,retribution,30,18,12
26497,Vanthor,emerald-dream,1313,paladin,retribution,30,15,15
26498,Siberios,stormrage,1313,paladin,retribution,30,14,16
26499,Ajoladin,illidan,1313,paladin,retribution,57,25,32
26500,Ludvigsen,hakkar,1313,paladin,retribution,36,14,22
26501,Autoattacker,mannoroth,1312,paladin,retribution,24,14,10
26502,Xytoken,tichondrius,1312,paladin,retribution,29,14,15
26503,Melloow,azralon,1311,paladin,retribution,91,43,48
26504,Pallypapa,galakrond,1310,paladin,retribution,30,19,11
26505,Toyotasupra,azgalor,1310,paladin,retribution,48,29,19
26506,Trg,azralon,1310,paladin,retribution,24,14,10
26507,Shlaps,crushridge,1310,paladin,retribution,72,32,40
26508,Verguetas,ragnaros,1310,paladin,retribution,52,22,30
26509,Trainstorm,emerald-dream,1309,paladin,retribution,38,19,19
26510,Normaldude,sargeras,1307,paladin,retribution,30,14,16
26511,Bosutai,dalaran,1307,paladin,retribution,30,14,16
26512,Retrah,azralon,1306,paladin,retribution,24,14,10
26513,Warspyder,alterac-mountains,1305,paladin,retribution,30,18,12
26514,Bayaz,emerald-dream,1304,paladin,retribution,67,36,31
26515,Nadrela,burning-blade,1303,paladin,retribution,54,32,22
26516,Malicia,malorne,1302,paladin,retribution,30,16,14
26517,Happywow,tichondrius,1302,paladin,retribution,59,30,29
26518,Schmïtty,tichondrius,1302,paladin,retribution,32,15,17
26519,Mareaaturbo,azralon,1300,paladin,retribution,41,22,19
26520,Atrayeus,dawnbringer,1300,paladin,retribution,48,21,27
26521,Saucepally,laughing-skull,1299,paladin,retribution,55,30,25
26522,Oneminute,nerzhul,1299,paladin,retribution,42,21,21
26523,Ultralord,dragonmaw,1299,paladin,retribution,28,14,14
26524,Zoobro,tichondrius,1299,paladin,retribution,53,22,31
26525,Vtyr,nemesis,1297,paladin,retribution,51,23,28
26526,Krinkin,illidan,1297,paladin,retribution,42,14,28
26527,Sunwrath,quelthalas,1296,paladin,retribution,72,29,43
26528,Lostkanvas,azralon,1293,paladin,retribution,36,21,15
26529,Paladingirl,darkspear,1292,paladin,retribution,92,50,42
26530,Mendaltv,dalaran,1292,paladin,retribution,36,17,19
26531,Philfred,frostmourne,1290,paladin,retribution,24,15,9
26532,Gigadorff,stormrage,1290,paladin,retribution,36,19,17
26533,Perfectgirl,maiev,1290,paladin,retribution,78,38,40
26534,Dárí,stormrage,1290,paladin,retribution,126,61,65
26535,Walleis,moon-guard,1290,paladin,retribution,58,22,36
26536,Basstian,bleeding-hollow,1289,paladin,retribution,82,35,47
26537,Vêndar,ragnaros,1289,paladin,retribution,78,33,45
26538,Lainn,zuljin,1287,paladin,retribution,36,21,15
26539,Critxx,tichondrius,1287,paladin,retribution,83,38,45
26540,Dedsxy,tichondrius,1286,paladin,retribution,30,14,16
26541,Broxon,tichondrius,1285,paladin,retribution,58,30,28
26542,Gainen,illidan,1285,paladin,retribution,47,24,23
26543,Paliodin,dalaran,1284,paladin,retribution,36,15,21
26544,Arnblass,magtheridon,1283,paladin,retribution,63,27,36
26545,Garcinddra,vashj,1281,paladin,retribution,28,15,13
26546,Hodne,blackhand,1280,paladin,retribution,31,17,14
26547,Smorezz,bonechewer,1280,paladin,retribution,102,48,54
26548,Navicc,zuljin,1279,paladin,retribution,29,14,15
26549,Kiergann,quelthalas,1277,paladin,retribution,54,23,31
26550,Denhoward,proudmoore,1277,paladin,retribution,36,14,22
26551,Dexko,silvermoon,1276,paladin,retribution,28,19,9
26552,Yuccalicious,area-52,1275,paladin,retribution,53,23,30
26553,Carolena,thaurissan,1274,paladin,retribution,74,31,43
26554,Balster,moon-guard,1273,paladin,retribution,85,40,45
26555,Throwable,illidan,1273,paladin,retribution,64,26,38
26556,Webothhateme,tichondrius,1272,paladin,retribution,36,20,16
26557,Khorgus,gundrak,1271,paladin,retribution,54,27,27
26558,Såssy,moon-guard,1270,paladin,retribution,72,31,41
26559,Thankyouswen,tichondrius,1269,paladin,retribution,70,31,39
26560,Synthetic,moon-guard,1268,paladin,retribution,78,40,38
26561,Gramaton,malfurion,1268,paladin,retribution,54,25,29
26562,Giltronix,thrall,1266,paladin,retribution,60,30,30
26563,Palacamâ,quelthalas,1266,paladin,retribution,34,15,19
26564,Mindfoolness,sargeras,1265,paladin,retribution,42,21,21
26565,Formergf,crushridge,1265,paladin,retribution,60,29,31
26566,Tonnerre,silvermoon,1263,paladin,retribution,61,29,32
26567,Alucardlh,ragnaros,1262,paladin,retribution,40,24,16
26568,Quinnl,dreadmaul,1262,paladin,retribution,38,18,20
26569,Galaxahan,bonechewer,1262,paladin,retribution,64,30,34
26570,Athenariel,bleeding-hollow,1262,paladin,retribution,55,24,31
26571,Punative,darkspear,1262,paladin,retribution,48,16,32
26572,Cinacalcet,dalaran,1261,paladin,retribution,23,14,9
26573,Garruckadin,dalaran,1261,paladin,retribution,25,14,11
26574,Irand,area-52,1261,paladin,retribution,61,24,37
26575,Herrit,frostmourne,1260,paladin,retribution,144,76,68
26576,Sïrenek,tichondrius,1260,paladin,retribution,55,27,28
26577,Jugheadqc,mugthol,1260,paladin,retribution,63,30,33
26578,Canadianeh,malganis,1260,paladin,retribution,66,28,38
26579,Belena,jaedenar,1258,paladin,retribution,36,16,20
26580,Quickthing,dalaran,1257,paladin,retribution,65,37,28
26581,Minlarkwa,frostmourne,1257,paladin,retribution,30,16,14
26582,Soana,alexstrasza,1255,paladin,retribution,78,48,30
26583,Aretwin,dalaran,1255,paladin,retribution,30,14,16
26584,Huitz,drakkari,1254,paladin,retribution,66,33,33
26585,Snowcrest,cenarius,1251,paladin,retribution,74,33,41
26586,Lvlone,sargeras,1250,paladin,retribution,30,17,13
26587,Flynnee,illidan,1249,paladin,retribution,38,15,23
26588,Wölfheärt,tichondrius,1247,paladin,retribution,18,13,5
26589,Canadapants,kelthuzad,1247,paladin,retribution,36,21,15
26590,Davinchi,laughing-skull,1247,paladin,retribution,47,27,20
26591,Billystacks,illidan,1247,paladin,retribution,24,13,11
26592,Venturep,azralon,1247,paladin,retribution,24,13,11
26593,Andrevz,ragnaros,1247,paladin,retribution,30,15,15
26594,Dubliner,garona,1247,paladin,retribution,30,13,17
26595,Hojdin,tichondrius,1247,paladin,retribution,30,13,17
26596,Vlandor,area-52,1246,paladin,retribution,35,19,16
26597,Steelbreaker,deathwing,1246,paladin,retribution,47,21,26
26598,Beyönd,quelthalas,1246,paladin,retribution,30,13,17
26599,Zephyrvalor,sargeras,1245,paladin,retribution,54,32,22
26600,Rengen,frostmourne,1245,paladin,retribution,24,13,11
26601,Howlerhead,illidan,1245,paladin,retribution,24,13,11
26602,Paladinaa,lothar,1245,paladin,retribution,30,13,17
26603,Onemassacre,spirestone,1245,paladin,retribution,36,13,23
26604,Rakzan,nerzhul,1244,paladin,retribution,24,13,11
26605,Hammerina,antonidas,1244,paladin,retribution,35,16,19
26606,Skylexx,ragnaros,1244,paladin,retribution,60,27,33
26607,Aduhrawl,moon-guard,1244,paladin,retribution,38,14,24
26608,Goons,frostmourne,1244,paladin,retribution,36,13,23
26609,Doktavius,lightbringer,1243,paladin,retribution,24,13,11
26610,Hellfound,bleeding-hollow,1243,paladin,retribution,24,13,11
26611,Yugee,doomhammer,1243,paladin,retribution,24,13,11
26612,Krixes,firetree,1243,paladin,retribution,30,16,14
26613,Gànnicus,korgath,1243,paladin,retribution,30,13,17
26614,Deployed,kaelthas,1243,paladin,retribution,36,13,23
26615,Rockbell,kiljaeden,1242,paladin,retribution,24,13,11
26616,Tedward,emerald-dream,1242,paladin,retribution,24,13,11
26617,Bebitufiufiu,illidan,1242,paladin,retribution,24,13,11
26618,Anastos,anvilmar,1241,paladin,retribution,24,13,11
26619,Aurken,ragnaros,1241,paladin,retribution,30,13,17
26620,Amadin,emerald-dream,1240,paladin,retribution,24,13,11
26621,Holychow,tichondrius,1240,paladin,retribution,24,13,11
26622,Hellhawk,hellscream,1240,paladin,retribution,30,15,15
26623,Saintpower,stormscale,1239,paladin,retribution,24,13,11
26624,Tifalockhart,dathremar,1239,paladin,retribution,24,13,11
26625,Saphiraz,wildhammer,1239,paladin,retribution,30,13,17
26626,Bawek,azralon,1239,paladin,retribution,36,13,23
26627,Shrektacular,malganis,1238,paladin,retribution,24,13,11
26628,Deftonia,stormrage,1238,paladin,retribution,65,31,34
26629,Ràmetep,illidan,1238,paladin,retribution,30,13,17
26630,Xalixxa,wyrmrest-accord,1237,paladin,retribution,60,27,33
26631,Rigotakp,illidan,1237,paladin,retribution,30,13,17
26632,Siaaryn,darkspear,1237,paladin,retribution,30,13,17
26633,Pristinne,darkspear,1237,paladin,retribution,82,34,48
26634,Sconey,andorhal,1237,paladin,retribution,34,14,20
26635,Ablunedion,illidan,1237,paladin,retribution,41,14,27
26636,Nornix,fenris,1236,paladin,retribution,24,13,11
26637,Darthhelios,illidan,1236,paladin,retribution,30,13,17
26638,Carenye,thunderhorn,1235,paladin,retribution,37,16,21
26639,Hammerzite,whisperwind,1234,paladin,retribution,24,13,11
26640,Noblelight,saurfang,1233,paladin,retribution,29,17,12
26641,Onemorelight,sargeras,1233,paladin,retribution,48,23,25
26642,Gummybearz,doomhammer,1233,paladin,retribution,30,13,17
26643,Fogonaventa,nemesis,1232,paladin,retribution,54,18,36
26644,Airz,stormrage,1231,paladin,retribution,24,13,11
26645,Ôdenswrath,stormscale,1231,paladin,retribution,98,45,53
26646,Chopsparks,khadgar,1231,paladin,retribution,53,21,32
26647,Krawmwell,lothar,1230,paladin,retribution,78,43,35
26648,Uunjaaku,kiljaeden,1230,paladin,retribution,45,22,23
26649,Luke,frostwolf,1230,paladin,retribution,29,13,16
26650,Legible,tichondrius,1228,paladin,retribution,28,15,13
26651,Heindallr,nemesis,1227,paladin,retribution,48,22,26
26652,Forged,steamwheedle-cartel,1227,paladin,retribution,135,56,79
26653,Thorsenâ,sargeras,1226,paladin,retribution,27,17,10
26654,Rafaela,alterac-mountains,1225,paladin,retribution,24,13,11
26655,Hiikari,silver-hand,1225,paladin,retribution,30,14,16
26656,Hasla,tichondrius,1225,paladin,retribution,39,14,25
26657,Keegân,area-52,1224,paladin,retribution,16,14,2
26658,Dankpaladin,frostwolf,1224,paladin,retribution,30,13,17
26659,Amarith,queldorei,1224,paladin,retribution,76,31,45
26660,Menaus,duskwood,1223,paladin,retribution,27,15,12
26661,Aeroßlaze,dragonmaw,1223,paladin,retribution,24,13,11
26662,Ulessys,bleeding-hollow,1223,paladin,retribution,54,27,27
26663,Dynamais,barthilas,1223,paladin,retribution,48,19,29
26664,Ekyu,sargeras,1222,paladin,retribution,25,15,10
26665,Gys,ragnaros,1222,paladin,retribution,60,31,29
26666,Adapa,azralon,1222,paladin,retribution,30,13,17
26667,Albion,sargeras,1222,paladin,retribution,36,13,23
26668,Füriøsa,quelthalas,1221,paladin,retribution,59,29,30
26669,Lungjuice,stormrage,1221,paladin,retribution,41,15,26
26670,Areaky,khazgoroth,1220,paladin,retribution,38,22,16
26671,Demihoj,illidan,1220,paladin,retribution,36,13,23
26672,Aellâ,bloodscalp,1219,paladin,retribution,152,79,73
26673,Theuss,nerzhul,1219,paladin,retribution,47,17,30
26674,Naghret,area-52,1218,paladin,retribution,24,13,11
26675,Lortrin,quelthalas,1218,paladin,retribution,24,13,11
26676,Beastyone,tichondrius,1218,paladin,retribution,110,58,52
26677,Mikehawkhuge,area-52,1218,paladin,retribution,48,23,25
26678,Uglymugz,area-52,1218,paladin,retribution,37,16,21
26679,Sycomaniac,illidan,1218,paladin,retribution,35,13,22
26680,Redeviliu,tichondrius,1217,paladin,retribution,41,15,26
26681,Holyshoc,kiljaeden,1216,paladin,retribution,56,28,28
26682,Brucedwal,moon-guard,1216,paladin,retribution,45,22,23
26683,Ròwdy,area-52,1214,paladin,retribution,23,13,10
26684,Mïkhael,nemesis,1214,paladin,retribution,74,26,48
26685,Brsjak,frostmourne,1212,paladin,retribution,47,21,26
26686,Dewlight,zuljin,1211,paladin,retribution,61,35,26
26687,Pallynation,korgath,1211,paladin,retribution,30,13,17
26688,Armstrongz,bleeding-hollow,1210,paladin,retribution,36,13,23
26689,Nerfmehpls,ragnaros,1208,paladin,retribution,90,50,40
26690,Azëitona,azralon,1208,paladin,retribution,24,13,11
26691,Xupalaa,azralon,1208,paladin,retribution,44,23,21
26692,Barbaluzz,quelthalas,1207,paladin,retribution,31,16,15
26693,Xenagos,akama,1207,paladin,retribution,30,13,17
26694,Gwendolyynn,moon-guard,1206,paladin,retribution,40,24,16
26695,Longinus,eredar,1206,paladin,retribution,24,13,11
26696,Bubbleöseven,agamaggan,1205,paladin,retribution,51,24,27
26697,Shusekki,drakkari,1204,paladin,retribution,111,54,57
26698,Rediems,drakkari,1203,paladin,retribution,42,21,21
26699,Soledad,tichondrius,1202,paladin,retribution,30,15,15
26700,Hibrael,azralon,1201,paladin,retribution,56,32,24
26701,Stõnêdpimp,agamaggan,1201,paladin,retribution,29,13,16
26702,Sturka,illidan,1199,paladin,retribution,60,29,31
26703,Johnyfresh,jubeithos,1199,paladin,retribution,44,20,24
26704,Cexus,tichondrius,1198,paladin,retribution,23,13,10
26705,Oathden,area-52,1198,paladin,retribution,34,18,16
26706,Finishearlyx,kelthuzad,1198,paladin,retribution,35,13,22
26707,Lucigiorna,stormrage,1197,paladin,retribution,50,22,28
26708,Botïs,sargeras,1195,paladin,retribution,33,20,13
26709,Eetswaz,frostmourne,1193,paladin,retribution,36,20,16
26710,Virrata,tichondrius,1193,paladin,retribution,26,14,12
26711,Pikatripa,quelthalas,1192,paladin,retribution,38,17,21
26712,Spartus,area-52,1191,paladin,retribution,26,15,11
26713,Avelane,caelestrasz,1191,paladin,retribution,52,24,28
26714,Malavon,azralon,1190,paladin,retribution,21,14,7
26715,Dinpal,tichondrius,1190,paladin,retribution,36,13,23
26716,Reptaur,bleeding-hollow,1185,paladin,retribution,64,31,33
26717,Excalibur,amanthul,1185,paladin,retribution,31,14,17
26718,Pìerre,ragnaros,1183,paladin,retribution,134,65,69
26719,Holycower,tichondrius,1182,paladin,retribution,24,15,9
26720,Sweatylight,bleeding-hollow,1181,paladin,retribution,56,25,31
26721,Páláx,stormrage,1181,paladin,retribution,51,22,29
26722,Meanlight,zuljin,1180,paladin,retribution,66,34,32
26723,Vassen,echo-isles,1179,paladin,retribution,30,13,17
26724,Paim,tol-barad,1179,paladin,retribution,32,13,19
26725,Daweeki,area-52,1178,paladin,retribution,18,14,4
26726,Noskill,moonrunner,1176,paladin,retribution,48,29,19
26727,Jerseÿ,sargeras,1176,paladin,retribution,39,18,21
26728,Greasy,quelthalas,1173,paladin,retribution,32,13,19
26729,Kaladini,jubeithos,1171,paladin,retribution,22,13,9
26730,Schnabdain,exodar,1171,paladin,retribution,66,36,30
26731,Crosshammer,quelthalas,1170,paladin,retribution,42,20,22
26732,Popwingzz,sargeras,1170,paladin,retribution,66,23,43
26733,Linias,quelthalas,1169,paladin,retribution,21,14,7
26734,Holyrõller,malganis,1169,paladin,retribution,30,14,16
26735,Salasong,hellscream,1169,paladin,retribution,36,13,23
26736,Pengideath,barthilas,1168,paladin,retribution,30,14,16
26737,Souljahgirl,demon-soul,1168,paladin,retribution,42,18,24
26738,Retneyspears,darkspear,1168,paladin,retribution,36,14,22
26739,Kittylickers,tichondrius,1164,paladin,retribution,102,56,46
26740,Soopadupa,trollbane,1164,paladin,retribution,68,36,32
26741,Imposstopzc,chogall,1163,paladin,retribution,42,18,24
26742,Solomonss,frostmourne,1163,paladin,retribution,58,21,37
26743,Thaly,shadowmoon,1161,paladin,retribution,49,20,29
26744,Suncrashkid,nerzhul,1160,paladin,retribution,169,91,78
26745,Draerys,drakkari,1159,paladin,retribution,36,26,10
26746,Oraborra,area-52,1158,paladin,retribution,36,14,22
26747,Procs,hyjal,1157,paladin,retribution,20,15,5
26748,Statícx,ragnaros,1156,paladin,retribution,85,35,50
26749,Thørîm,nazjatar,1154,paladin,retribution,36,15,21
26750,Kaysonso,thunderlord,1153,paladin,retribution,49,18,31
26751,Furylolx,tichondrius,1152,paladin,retribution,18,12,6
26752,Hammrekt,dalaran,1152,paladin,retribution,18,12,6
26753,Huavi,tichondrius,1152,paladin,retribution,18,12,6
26754,Ghøjan,malganis,1152,paladin,retribution,23,15,8
26755,Critwink,illidan,1152,paladin,retribution,21,12,9
26756,Vânguârds,tichondrius,1152,paladin,retribution,24,12,12
26757,Scathol,tichondrius,1152,paladin,retribution,24,12,12
26758,Bigdaddypuff,cenarius,1152,paladin,retribution,24,12,12
26759,Pique,malganis,1152,paladin,retribution,24,12,12
26760,Insanity,dethecus,1152,paladin,retribution,30,12,18
26761,Cöjax,dalaran,1151,paladin,retribution,18,12,6
26762,Selivara,zuljin,1151,paladin,retribution,24,12,12
26763,Fistâcuffs,stormrage,1151,paladin,retribution,24,12,12
26764,ßrittany,gnomeregan,1151,paladin,retribution,24,12,12
26765,Zhaslk,ragnaros,1151,paladin,retribution,24,12,12
26766,Talions,illidan,1151,paladin,retribution,24,12,12
26767,Lhacius,drakkari,1151,paladin,retribution,28,13,15
26768,Ledster,kelthuzad,1151,paladin,retribution,30,12,18
26769,Sukmyret,sargeras,1151,paladin,retribution,30,12,18
26770,Dragynfist,malganis,1151,paladin,retribution,30,12,18
26771,Geospawn,tichondrius,1151,paladin,retribution,30,12,18
26772,Jameson,andorhal,1150,paladin,retribution,18,12,6
26773,Miniell,tichondrius,1150,paladin,retribution,24,12,12
26774,Britanybich,area-52,1150,paladin,retribution,24,12,12
26775,Bubbleblast,elune,1150,paladin,retribution,30,12,18
26776,Trinade,stormrage,1150,paladin,retribution,30,12,18
26777,Dogf,tichondrius,1150,paladin,retribution,41,12,29
26778,Ratburger,blood-furnace,1149,paladin,retribution,18,12,6
26779,Bubblless,thrall,1149,paladin,retribution,18,12,6
26780,Vaaga,quelthalas,1149,paladin,retribution,24,12,12
26781,Yeeter,thrall,1149,paladin,retribution,24,12,12
26782,Retosterone,stormrage,1149,paladin,retribution,30,12,18
26783,Bizarrap,quelthalas,1148,paladin,retribution,18,12,6
26784,Milkmemamma,nordrassil,1148,paladin,retribution,18,12,6
26785,Fakesimp,illidan,1148,paladin,retribution,18,12,6
26786,Kadryck,drakkari,1148,paladin,retribution,18,12,6
26787,Leennoox,quelthalas,1148,paladin,retribution,31,17,14
26788,Daukan,quelthalas,1148,paladin,retribution,24,12,12
26789,Sigmond,azralon,1148,paladin,retribution,27,13,14
26790,Dontaylor,tichondrius,1148,paladin,retribution,30,12,18
26791,Nidalee,kilrogg,1148,paladin,retribution,36,12,24
26792,Bigdpally,frostmourne,1148,paladin,retribution,36,12,24
26793,Pocacoco,azralon,1147,paladin,retribution,22,13,9
26794,Rickadin,bleeding-hollow,1147,paladin,retribution,22,13,9
26795,Arkoth,kelthuzad,1147,paladin,retribution,24,12,12
26796,Phanna,the-forgotten-coast,1147,paladin,retribution,24,12,12
26797,Smudgexy,frostmourne,1147,paladin,retribution,30,12,18
26798,Shïnjïtsu,tichondrius,1146,paladin,retribution,18,12,6
26799,Dachenkov,tichondrius,1146,paladin,retribution,18,12,6
26800,Røshea,hydraxis,1146,paladin,retribution,24,12,12
26801,Marhaus,emerald-dream,1146,paladin,retribution,24,12,12
26802,Barcar,area-52,1146,paladin,retribution,24,12,12
26803,Adathan,ghostlands,1146,paladin,retribution,30,12,18
26804,Luminainre,zuljin,1145,paladin,retribution,24,12,12
26805,Cathode,area-52,1145,paladin,retribution,24,12,12
26806,Deosfires,ragnaros,1145,paladin,retribution,28,13,15
26807,Xdiegox,stormrage,1145,paladin,retribution,30,12,18
26808,Drízzy,ragnaros,1144,paladin,retribution,30,12,18
26809,Riggen,thrall,1144,paladin,retribution,30,12,18
26810,Lightshope,coilfang,1143,paladin,retribution,18,12,6
26811,Thoti,tichondrius,1143,paladin,retribution,25,12,13
26812,Scudstock,tichondrius,1143,paladin,retribution,71,34,37
26813,Seongje,tichondrius,1143,paladin,retribution,39,13,26
26814,Stormwinter,azralon,1143,paladin,retribution,36,12,24
26815,Kanyewes,zuluhed,1142,paladin,retribution,24,12,12
26816,Oniizuna,thrall,1142,paladin,retribution,24,12,12
26817,Ginbirdup,kelthuzad,1141,paladin,retribution,18,12,6
26818,Velarelan,moon-guard,1141,paladin,retribution,30,12,18
26819,Beachyo,tichondrius,1140,paladin,retribution,18,12,6
26820,Elbigboy,tichondrius,1140,paladin,retribution,83,42,41
26821,Restitution,area-52,1140,paladin,retribution,30,12,18
26822,Victidin,quelthalas,1138,paladin,retribution,24,12,12
26823,Brahion,icecrown,1137,paladin,retribution,62,33,29
26824,Sarkorius,moon-guard,1137,paladin,retribution,24,12,12
26825,Akiralons,ragnaros,1137,paladin,retribution,30,12,18
26826,Haiyaa,frostwolf,1137,paladin,retribution,66,25,41
26827,Tutankhammer,stormrage,1136,paladin,retribution,58,28,30
26828,Soyafed,mugthol,1135,paladin,retribution,58,30,28
26829,Vejita,frostmourne,1135,paladin,retribution,24,12,12
26830,Areura,hellscream,1134,paladin,retribution,21,13,8
26831,Dresdén,skullcrusher,1133,paladin,retribution,18,12,6
26832,Unsung,stormreaver,1133,paladin,retribution,41,18,23
26833,Meltedcheese,destromath,1132,paladin,retribution,30,15,15
26834,Ðß,arthas,1132,paladin,retribution,30,13,17
26835,Treizen,frostmourne,1132,paladin,retribution,30,12,18
26836,Eddardstark,agamaggan,1131,paladin,retribution,68,31,37
26837,Joelanson,blood-furnace,1130,paladin,retribution,54,29,25
26838,Jdn,ysera,1130,paladin,retribution,60,29,31
26839,Iceburg,shadowmoon,1128,paladin,retribution,24,12,12
26840,Arun,arthas,1128,paladin,retribution,33,15,18
26841,Chbestafera,nemesis,1127,paladin,retribution,18,12,6
26842,Ducii,stormrage,1126,paladin,retribution,46,22,24
26843,Redyomi,drakkari,1126,paladin,retribution,36,13,23
26844,Damorte,ragnaros,1125,paladin,retribution,30,15,15
26845,Dirkadirkka,stormrage,1125,paladin,retribution,24,12,12
26846,Sparkchaser,proudmoore,1125,paladin,retribution,24,12,12
26847,Newerlight,tichondrius,1124,paladin,retribution,25,13,12
26848,Grimhammer,the-scryers,1123,paladin,retribution,50,27,23
26849,Dannoruk,ragnaros,1121,paladin,retribution,30,12,18
26850,Zaklehblue,daggerspine,1118,paladin,retribution,60,24,36
26851,Gamber,frostmourne,1118,paladin,retribution,36,14,22
26852,Shadowarius,aerie-peak,1117,paladin,retribution,54,24,30
26853,Deathwyz,thunderlord,1116,paladin,retribution,36,14,22
26854,Carliitoz,quelthalas,1116,paladin,retribution,89,31,58
26855,Streetsaint,frostmourne,1114,paladin,retribution,66,32,34
26856,Thal,silvermoon,1113,paladin,retribution,24,13,11
26857,Adelsman,quelthalas,1113,paladin,retribution,30,14,16
26858,Sandicang,azuremyst,1112,paladin,retribution,54,27,27
26859,Drágons,stormrage,1109,paladin,retribution,72,30,42
26860,Wilmâ,ragnaros,1109,paladin,retribution,30,12,18
26861,Drekgor,drakkari,1108,paladin,retribution,30,14,16
26862,Greatgirthy,hyjal,1106,paladin,retribution,30,13,17
26863,Darkknes,quelthalas,1105,paladin,retribution,36,17,19
26864,Thanatiel,area-52,1104,paladin,retribution,66,37,29
26865,Savagefck,sargeras,1103,paladin,retribution,24,15,9
26866,Fortueni,illidan,1103,paladin,retribution,88,51,37
26867,Vanillur,tichondrius,1103,paladin,retribution,55,24,31
26868,Gtate,azjolnerub,1102,paladin,retribution,23,12,11
26869,Decareos,tichondrius,1102,paladin,retribution,29,12,17
26870,Hyperforce,area-52,1099,paladin,retribution,30,12,18
26871,Mádz,ragnaros,1098,paladin,retribution,23,12,11
26872,Trappadin,sargeras,1098,paladin,retribution,30,14,16
26873,Soukaa,illidan,1097,paladin,retribution,23,12,11
26874,Lucifuge,twisting-nether,1095,paladin,retribution,18,12,6
26875,Aowynd,tichondrius,1094,paladin,retribution,79,39,40
26876,Riggar,uther,1094,paladin,retribution,65,25,40
26877,Durothar,dalaran,1093,paladin,retribution,36,19,17
26878,Traditionalp,area-52,1092,paladin,retribution,25,13,12
26879,Omenix,laughing-skull,1091,paladin,retribution,29,12,17
26880,Exwars,moon-guard,1090,paladin,retribution,21,13,8
26881,Cheesetitan,tichondrius,1090,paladin,retribution,52,22,30
26882,Mcbraín,quelthalas,1089,paladin,retribution,30,12,18
26883,Alairius,tichondrius,1087,paladin,retribution,23,15,8
26884,Killumminati,tichondrius,1087,paladin,retribution,21,13,8
26885,Rikkupìgu,sargeras,1087,paladin,retribution,20,12,8
26886,Pldd,tichondrius,1087,paladin,retribution,76,33,43
26887,Pallydin,smolderthorn,1086,paladin,retribution,30,15,15
26888,Mybadfoo,lethon,1085,paladin,retribution,18,13,5
26889,Salvations,queldorei,1085,paladin,retribution,60,30,30
26890,Insîght,frostmourne,1085,paladin,retribution,40,12,28
26891,Xandish,illidan,1084,paladin,retribution,20,12,8
26892,Bubblegums,nagrand,1084,paladin,retribution,69,39,30
26893,Thirtyfivemm,area-52,1083,paladin,retribution,58,29,29
26894,Thorsmites,sargeras,1082,paladin,retribution,42,17,25
26895,Astralweed,quelthalas,1079,paladin,retribution,54,19,35
26896,Uhklathel,quelthalas,1078,paladin,retribution,39,15,24
26897,Shádøwy,nemesis,1078,paladin,retribution,32,12,20
26898,Eliasor,illidan,1077,paladin,retribution,18,13,5
26899,Lízandor,ragnaros,1077,paladin,retribution,17,12,5
26900,Mandragor,borean-tundra,1077,paladin,retribution,24,14,10
26901,Zir,frostmourne,1077,paladin,retribution,47,24,23
26902,Warswordz,stormrage,1077,paladin,retribution,40,16,24
26903,Clefairy,arathor,1076,paladin,retribution,39,23,16
26904,Zorkus,turalyon,1073,paladin,retribution,42,22,20
26905,Jeinova,barthilas,1068,paladin,retribution,76,45,31
26906,Diablosgrim,stormrage,1061,paladin,retribution,18,14,4
26907,Billnighy,alleria,1061,paladin,retribution,42,18,24
26908,Holygerp,darrowmere,1060,paladin,retribution,18,12,6
26909,Anyatay,ragnaros,1060,paladin,retribution,77,28,49
26910,Andras,emerald-dream,1059,paladin,retribution,22,12,10
26911,Caitlyn,nazjatar,1058,paladin,retribution,30,17,13
26912,Jinfandi,gurubashi,1058,paladin,retribution,36,13,23
26913,Zözo,zuljin,1056,paladin,retribution,18,11,7
26914,Retsupreme,tichondrius,1056,paladin,retribution,18,11,7
26915,Hardnow,emerald-dream,1056,paladin,retribution,24,11,13
26916,Makayla,kiljaeden,1056,paladin,retribution,24,11,13
26917,Siq,arthas,1056,paladin,retribution,30,11,19
26918,Bakednub,malganis,1056,paladin,retribution,35,11,24
26919,Redarted,thrall,1055,paladin,retribution,18,11,7
26920,Knuckifubuck,illidan,1055,paladin,retribution,18,11,7
26921,Ricocheto,ragnaros,1055,paladin,retribution,18,11,7
26922,Wonpaiv,frostmourne,1055,paladin,retribution,18,11,7
26923,Reptila,bonechewer,1055,paladin,retribution,18,11,7
26924,Volcathos,moon-guard,1055,paladin,retribution,18,11,7
26925,Bøble,thrall,1055,paladin,retribution,24,11,13
26926,Alequin,stormrage,1055,paladin,retribution,24,11,13
26927,Thrandeill,bleeding-hollow,1055,paladin,retribution,24,11,13
26928,Pallysmack,stormrage,1055,paladin,retribution,24,11,13
26929,Mákis,ragnaros,1055,paladin,retribution,24,11,13
26930,Wde,zuljin,1055,paladin,retribution,31,12,19
26931,Irantir,drakkari,1055,paladin,retribution,89,34,55
26932,Redspine,azralon,1055,paladin,retribution,30,11,19
26933,Grimven,stormrage,1054,paladin,retribution,18,11,7
26934,Hrota,laughing-skull,1054,paladin,retribution,18,11,7
26935,Gannecus,bleeding-hollow,1054,paladin,retribution,18,11,7
26936,Âllmíght,quelthalas,1054,paladin,retribution,18,11,7
26937,Pallyzo,zuljin,1054,paladin,retribution,24,11,13
26938,Protarena,zuljin,1054,paladin,retribution,24,11,13
26939,Telvannî,sargeras,1054,paladin,retribution,24,11,13
26940,Zazaron,kiljaeden,1054,paladin,retribution,30,11,19
26941,Varaben,sargeras,1054,paladin,retribution,36,11,25
26942,Boozier,ragnaros,1053,paladin,retribution,18,11,7
26943,Ðreschí,ragnaros,1053,paladin,retribution,22,11,11
26944,Divineknight,moonrunner,1053,paladin,retribution,24,11,13
26945,Sancthia,area-52,1053,paladin,retribution,24,11,13
26946,Dividin,stormrage,1053,paladin,retribution,24,11,13
26947,Vincible,illidan,1053,paladin,retribution,24,11,13
26948,Cripplemakër,stormrage,1052,paladin,retribution,18,11,7
26949,Vynesonia,emerald-dream,1052,paladin,retribution,21,12,9
26950,Nerilliah,sargeras,1052,paladin,retribution,24,11,13
26951,Brolando,hyjal,1052,paladin,retribution,24,11,13
26952,Iesous,kiljaeden,1051,paladin,retribution,18,11,7
26953,Ragnore,shadow-council,1051,paladin,retribution,21,12,9
26954,Exulta,illidan,1051,paladin,retribution,60,32,28
26955,Misbah,stormrage,1051,paladin,retribution,24,11,13
26956,Hermacles,stormrage,1051,paladin,retribution,25,11,14
26957,Libertylol,tichondrius,1051,paladin,retribution,28,12,16
26958,Tenacer,darkspear,1051,paladin,retribution,28,12,16
26959,Caonizumu,area-52,1051,paladin,retribution,30,11,19
26960,Ranthoril,hydraxis,1050,paladin,retribution,12,11,1
26961,Hellcallerl,quelthalas,1050,paladin,retribution,18,11,7
26962,Cowhair,tichondrius,1050,paladin,retribution,24,11,13
26963,Saîntpaul,shattered-halls,1050,paladin,retribution,24,11,13
26964,Kaélthas,eonar,1050,paladin,retribution,24,11,13
26965,Haawkala,ragnaros,1050,paladin,retribution,24,11,13
26966,Ødin,turalyon,1049,paladin,retribution,18,11,7
26967,Reaslovak,jubeithos,1049,paladin,retribution,18,11,7
26968,Wasimodo,emerald-dream,1049,paladin,retribution,60,29,31
26969,Mangguo,tichondrius,1049,paladin,retribution,24,11,13
26970,Wingalings,malganis,1049,paladin,retribution,28,12,16
26971,Imrahilaf,korialstrasz,1049,paladin,retribution,30,11,19
26972,Gogofisco,moonrunner,1049,paladin,retribution,30,11,19
26973,Lïgma,dalaran,1048,paladin,retribution,18,11,7
26974,Unknownplay,tichondrius,1048,paladin,retribution,18,11,7
26975,Willzaum,azralon,1048,paladin,retribution,18,11,7
26976,Jajabola,zuljin,1048,paladin,retribution,24,11,13
26977,Tieberion,bleeding-hollow,1048,paladin,retribution,30,11,19
26978,Stonekey,warsong,1046,paladin,retribution,18,11,7
26979,Kiboko,tichondrius,1046,paladin,retribution,19,11,8
26980,Corrán,thrall,1046,paladin,retribution,24,11,13
26981,Doogo,cenarius,1045,paladin,retribution,18,11,7
26982,Souiler,thunderlord,1045,paladin,retribution,22,12,10
26983,Guji,jubeithos,1045,paladin,retribution,24,11,13
26984,Strobeyjr,tichondrius,1044,paladin,retribution,24,11,13
26985,Rensvall,frostmourne,1043,paladin,retribution,24,13,11
26986,Missoutale,aerie-peak,1043,paladin,retribution,76,31,45
26987,Biblestomp,laughing-skull,1042,paladin,retribution,18,11,7
26988,Berthalas,stormrage,1042,paladin,retribution,18,11,7
26989,Pallyjs,anetheron,1042,paladin,retribution,18,11,7
26990,Brocolinî,zuljin,1042,paladin,retribution,24,11,13
26991,Holyfilers,thunderlord,1042,paladin,retribution,30,11,19
26992,Weenerboy,nerzhul,1041,paladin,retribution,18,11,7
26993,Neutroo,stormrage,1039,paladin,retribution,24,11,13
26994,Chilenoman,ragnaros,1036,paladin,retribution,42,19,23
26995,Marshman,kelthuzad,1035,paladin,retribution,18,11,7
26996,Hashmaal,tichondrius,1034,paladin,retribution,18,11,7
26997,Willhookah,azralon,1034,paladin,retribution,54,25,29
26998,Gavrill,thrall,1034,paladin,retribution,24,11,13
26999,Bainn,nerzhul,1033,paladin,retribution,49,28,21
27000,Mortika,frostmourne,1033,paladin,retribution,36,17,19
27001,Atreuss,moon-guard,1029,paladin,retribution,42,21,21
27002,Asunima,wyrmrest-accord,1029,paladin,retribution,24,11,13
27003,Bradoxx,thorium-brotherhood,1026,paladin,retribution,42,21,21
27004,Moraxeus,gundrak,1020,paladin,retribution,18,11,7
27005,Theseuus,stormrage,1020,paladin,retribution,60,27,33
27006,Furnost,drenden,1019,paladin,retribution,23,11,12
27007,Stepurgameup,ghostlands,1018,paladin,retribution,18,11,7
27008,Reînhard,drakkari,1018,paladin,retribution,30,12,18
27009,Pleasureman,gallywix,1017,paladin,retribution,24,12,12
27010,Thorviim,azralon,1016,paladin,retribution,32,14,18
27011,Volorick,dalaran,1016,paladin,retribution,38,13,25
27012,Rétribution,farstriders,1014,paladin,retribution,40,16,24
27013,Sisterbubble,dathremar,1013,paladin,retribution,29,11,18
27014,Avlystein,wyrmrest-accord,1013,paladin,retribution,71,24,47
27015,Dirtfunk,illidan,1011,paladin,retribution,48,18,30
27016,Alpine,nordrassil,1009,paladin,retribution,85,44,41
27017,Nejie,nazjatar,1009,paladin,retribution,42,21,21
27018,Kènjii,sargeras,1009,paladin,retribution,34,16,18
27019,Tuff,ysera,1008,paladin,retribution,36,21,15
27020,Keu,emerald-dream,1008,paladin,retribution,63,26,37
27021,Rönän,sargeras,1007,paladin,retribution,23,11,12
27022,Holyrump,bleeding-hollow,1004,paladin,retribution,21,12,9
27023,Cuthroat,area-52,998,paladin,retribution,276,138,138
27024,Smithulu,kelthuzad,997,paladin,retribution,45,24,21
27025,Uholypala,dalaran,996,paladin,retribution,42,12,30
27026,Stealhearsp,tichondrius,993,paladin,retribution,35,11,24
27027,Tyrswrath,sargeras,992,paladin,retribution,36,19,17
27028,Bigsamtp,laughing-skull,992,paladin,retribution,23,11,12
27029,Kaharule,akama,991,paladin,retribution,28,11,17
27030,Iammj,skywall,990,paladin,retribution,17,11,6
27031,Guanglong,malganis,989,paladin,retribution,26,11,15
27032,Ssparkk,stormrage,989,paladin,retribution,35,12,23
27033,Veroth,caelestrasz,988,paladin,retribution,26,11,15
27034,Làzårus,area-52,988,paladin,retribution,28,11,17
27035,Lêe,dalaran,987,paladin,retribution,15,12,3
27036,Tharkeves,cenarius,987,paladin,retribution,22,11,11
27037,Playandrunn,illidan,984,paladin,retribution,22,11,11
27038,Pallyhealed,tichondrius,984,paladin,retribution,31,13,18
27039,Pickypally,moon-guard,983,paladin,retribution,24,13,11
27040,Lessera,tichondrius,982,paladin,retribution,20,11,9
27041,Tsunin,area-52,980,paladin,retribution,34,13,21
27042,Vinjonc,drenden,977,paladin,retribution,54,27,27
27043,Mikkylol,tichondrius,974,paladin,retribution,22,11,11
27044,Loween,thunderlord,973,paladin,retribution,42,15,27
27045,Hammerhitter,lightbringer,972,paladin,retribution,36,14,22
27046,Murtsza,ragnaros,971,paladin,retribution,54,16,38
27047,Follower,sargeras,967,paladin,retribution,71,31,40
27048,Truesound,malganis,960,paladin,retribution,12,10,2
27049,Meleegodx,darkspear,960,paladin,retribution,18,10,8
27050,Holyshockss,stormrage,960,paladin,retribution,18,10,8
27051,Alodor,dalaran,960,paladin,retribution,18,10,8
27052,Kmackk,tichondrius,960,paladin,retribution,18,10,8
27053,Hyphenated,frostmourne,960,paladin,retribution,18,10,8
27054,Hasmere,tichondrius,960,paladin,retribution,18,10,8
27055,Tiduz,tichondrius,960,paladin,retribution,18,10,8
27056,Eloinflated,malganis,960,paladin,retribution,18,10,8
27057,Emiaru,illidan,960,paladin,retribution,22,11,11
27058,Fumaçaa,nemesis,960,paladin,retribution,27,13,14
27059,Talionz,illidan,960,paladin,retribution,24,10,14
27060,Miketavius,moon-guard,960,paladin,retribution,24,10,14
27061,Komonai,illidan,960,paladin,retribution,24,10,14
27062,Friendfriend,proudmoore,960,paladin,retribution,24,10,14
27063,Gwff,tichondrius,960,paladin,retribution,24,10,14
27064,Wryly,mannoroth,960,paladin,retribution,30,10,20
27065,Bizaro,malganis,960,paladin,retribution,30,10,20
27066,Kasoon,illidan,959,paladin,retribution,12,10,2
27067,Jaimi,stormreaver,959,paladin,retribution,12,10,2
27068,Lightsheart,lightbringer,959,paladin,retribution,18,10,8
27069,Kayaman,tichondrius,959,paladin,retribution,18,10,8
27070,Astraelon,bleeding-hollow,959,paladin,retribution,18,10,8
27071,Lawzaddy,tichondrius,959,paladin,retribution,18,10,8
27072,ßöbby,sargeras,959,paladin,retribution,18,10,8
27073,Daeyang,tichondrius,959,paladin,retribution,18,10,8
27074,Strattaltork,ragnaros,959,paladin,retribution,18,10,8
27075,Lyghts,darkspear,959,paladin,retribution,18,10,8
27076,Shawra,moon-guard,959,paladin,retribution,18,10,8
27077,Mavrixz,illidan,959,paladin,retribution,24,10,14
27078,Hôtt,kul-tiras,959,paladin,retribution,24,10,14
27079,Kymmy,ragnaros,959,paladin,retribution,24,10,14
27080,Roddaric,nerzhul,959,paladin,retribution,24,10,14
27081,Déathkiing,area-52,959,paladin,retribution,24,10,14
27082,Runö,frostmourne,959,paladin,retribution,37,10,27
27083,Littlebadbad,tichondrius,958,paladin,retribution,12,10,2
27084,Sathras,madoran,958,paladin,retribution,18,10,8
27085,Svenn,eredar,958,paladin,retribution,18,10,8
27086,Zyden,hellscream,958,paladin,retribution,18,10,8
27087,Avengercc,tichondrius,958,paladin,retribution,24,10,14
27088,Fokatayew,korialstrasz,958,paladin,retribution,30,10,20
27089,Verdicts,moon-guard,958,paladin,retribution,30,10,20
27090,Donmi,dalaran,957,paladin,retribution,15,11,4
27091,Swiftxheal,stormrage,957,paladin,retribution,18,10,8
27092,Grünt,ragnaros,957,paladin,retribution,18,10,8
27093,Checkeettpal,sargeras,957,paladin,retribution,18,10,8
27094,Olsen,stormrage,957,paladin,retribution,18,10,8
27095,Luxord,ysera,957,paladin,retribution,22,11,11
27096,Onnakishi,azralon,957,paladin,retribution,24,10,14
27097,Brifos,sargeras,957,paladin,retribution,31,10,21
27098,Hays,barthilas,956,paladin,retribution,12,10,2
27099,Vulkaros,azralon,956,paladin,retribution,12,10,2
27100,Limitier,proudmoore,956,paladin,retribution,18,10,8
27101,Vacoro,tichondrius,956,paladin,retribution,18,10,8
27102,Caylorn,illidan,956,paladin,retribution,18,10,8
27103,Lygophobia,frostmourne,956,paladin,retribution,24,10,14
27104,Ryumi,lightbringer,956,paladin,retribution,24,10,14
27105,Runscapemain,feathermoon,955,paladin,retribution,22,11,11
27106,Heälmeñow,tichondrius,955,paladin,retribution,24,10,14
27107,Gstbubble,hyjal,955,paladin,retribution,30,10,20
27108,Winbott,sargeras,955,paladin,retribution,30,10,20
27109,Lunchboxpaly,stormrage,954,paladin,retribution,18,10,8
27110,Torujo,drakkari,954,paladin,retribution,18,10,8
27111,Cacaine,goldrinn,954,paladin,retribution,21,11,10
27112,Sòl,stormrage,954,paladin,retribution,24,10,14
27113,Didymus,boulderfist,954,paladin,retribution,41,17,24
27114,Coffiecup,frostmane,953,paladin,retribution,18,10,8
27115,Thortanous,icecrown,953,paladin,retribution,27,11,16
27116,Kelleybelly,black-dragonflight,953,paladin,retribution,25,10,15
27117,Llght,hydraxis,952,paladin,retribution,18,10,8
27118,Aura,stormreaver,952,paladin,retribution,18,10,8
27119,Exeneyder,elune,952,paladin,retribution,25,10,15
27120,Tectorr,proudmoore,951,paladin,retribution,54,28,26
27121,Aewein,ragnaros,950,paladin,retribution,23,10,13
27122,Lionag,ragnaros,950,paladin,retribution,24,10,14
27123,Vargonha,azralon,948,paladin,retribution,24,12,12
27124,Talvyr,icecrown,948,paladin,retribution,24,10,14
27125,Cederas,sargeras,945,paladin,retribution,18,10,8
27126,Xhotbutters,korgath,945,paladin,retribution,31,13,18
27127,Ridethispony,tichondrius,945,paladin,retribution,30,10,20
27128,Grãnd,tortheldrin,942,paladin,retribution,23,10,13
27129,Pathed,aerie-peak,941,paladin,retribution,23,10,13
27130,Sanctum,barthilas,936,paladin,retribution,153,72,81
27131,Bigboytime,area-52,934,paladin,retribution,24,10,14
27132,Cherrypally,area-52,927,paladin,retribution,23,10,13
27133,Nerfret,zuljin,926,paladin,retribution,14,11,3
27134,Mehchelol,azgalor,923,paladin,retribution,24,14,10
27135,Bukkning,tichondrius,922,paladin,retribution,58,17,41
27136,Pallyoh,moknathal,921,paladin,retribution,41,23,18
27137,Diësëlsmoke,bronzebeard,917,paladin,retribution,18,10,8
27138,Toepuller,doomhammer,917,paladin,retribution,42,21,21
27139,Bigjwpb,illidan,917,paladin,retribution,220,104,116
27140,Goldranger,hakkar,916,paladin,retribution,42,22,20
27141,Kokuryuha,quelthalas,916,paladin,retribution,46,21,25
27142,Rebukezz,dalaran,911,paladin,retribution,23,10,13
27143,Stinaz,quelthalas,911,paladin,retribution,23,10,13
27144,Zentrick,whisperwind,902,paladin,retribution,42,16,26
27145,Lilsquirt,proudmoore,901,paladin,retribution,23,14,9
27146,Kilidin,illidan,899,paladin,retribution,21,10,11
27147,Gorostas,kelthuzad,896,paladin,retribution,22,10,12
27148,Denthor,lightbringer,894,paladin,retribution,20,10,10
27149,Karimpro,emerald-dream,893,paladin,retribution,32,13,19
27150,Biggin,garona,890,paladin,retribution,130,47,83
27151,Àmárìs,tichondrius,882,paladin,retribution,22,10,12
27152,Reti,ursin,879,paladin,retribution,175,86,89
27153,Allandaa,frostmourne,878,paladin,retribution,25,10,15
27154,Dragollias,anvilmar,874,paladin,retribution,30,10,20
27155,Deltajk,drakkari,872,paladin,retribution,42,19,23
27156,Jonnywick,duskwood,872,paladin,retribution,36,13,23
27157,Elgigante,azshara,868,paladin,retribution,36,18,18
27158,Sonô,sargeras,864,paladin,retribution,12,9,3
27159,Arimae,turalyon,864,paladin,retribution,12,9,3
27160,Arukan,ragnaros,864,paladin,retribution,12,9,3
27161,Chrigpal,tichondrius,864,paladin,retribution,12,9,3
27162,Slivkoff,wyrmrest-accord,864,paladin,retribution,12,9,3
27163,Dublek,tichondrius,864,paladin,retribution,12,9,3
27164,Warstompgg,ragnaros,864,paladin,retribution,12,9,3
27165,Kaetix,frostmourne,864,paladin,retribution,12,9,3
27166,Raggnarokk,kelthuzad,864,paladin,retribution,12,9,3
27167,Swegswog,frostmourne,864,paladin,retribution,12,9,3
27168,Naughtygames,area-52,864,paladin,retribution,12,9,3
27169,Devvn,laughing-skull,864,paladin,retribution,12,9,3
27170,Brohtato,area-52,864,paladin,retribution,18,9,9
27171,Wogyu,area-52,864,paladin,retribution,18,9,9
27172,Giovannas,tichondrius,864,paladin,retribution,18,9,9
27173,Axeliee,kiljaeden,864,paladin,retribution,18,9,9
27174,Bigdixss,tichondrius,864,paladin,retribution,18,9,9
27175,Beefdaddyx,tichondrius,864,paladin,retribution,18,9,9
27176,Rockdeath,sargeras,864,paladin,retribution,18,9,9
27177,Héber,nemesis,864,paladin,retribution,18,9,9
27178,Strodvarn,proudmoore,864,paladin,retribution,18,9,9
27179,Zzerox,ragnaros,864,paladin,retribution,18,9,9
27180,Rendyrend,frostmourne,864,paladin,retribution,18,9,9
27181,Kishou,stormrage,864,paladin,retribution,21,10,11
27182,Diebygcd,tichondrius,864,paladin,retribution,19,9,10
27183,Yáhtzee,tichondrius,864,paladin,retribution,22,10,12
27184,Justeight,stormrage,864,paladin,retribution,21,9,12
27185,Pistis,kelthuzad,864,paladin,retribution,24,9,15
27186,Yowanehaku,illidan,864,paladin,retribution,24,9,15
27187,Stoof,arygos,864,paladin,retribution,24,9,15
27188,Valinorean,nemesis,864,paladin,retribution,24,9,15
27189,Paradisso,tichondrius,864,paladin,retribution,24,9,15
27190,Bageru,gnomeregan,864,paladin,retribution,24,9,15
27191,Manryux,tichondrius,864,paladin,retribution,24,9,15
27192,Whitepally,kiljaeden,864,paladin,retribution,24,9,15
27193,Traevel,moon-guard,864,paladin,retribution,24,9,15
27194,Hamerfall,tichondrius,864,paladin,retribution,24,9,15
27195,Saintgeórge,frostmourne,864,paladin,retribution,25,9,16
27196,Imnoracist,thrall,864,paladin,retribution,30,9,21
27197,Mightythorxx,tichondrius,863,paladin,retribution,12,9,3
27198,Lenlaar,shadowsong,863,paladin,retribution,12,9,3
27199,Pallyofhell,area-52,863,paladin,retribution,12,9,3
27200,Glorious,drakkari,863,paladin,retribution,12,9,3
27201,Heathen,spirestone,863,paladin,retribution,12,9,3
27202,Inquisídor,nemesis,863,paladin,retribution,12,9,3
27203,Mightymagnus,silvermoon,863,paladin,retribution,12,9,3
27204,Veliona,thaurissan,863,paladin,retribution,12,9,3
27205,Glorgrim,emerald-dream,863,paladin,retribution,18,9,9
27206,Teewrecks,frostmourne,863,paladin,retribution,18,9,9
27207,Ironprice,tichondrius,863,paladin,retribution,18,9,9
27208,Paliwarrior,illidan,863,paladin,retribution,18,9,9
27209,Mongerr,drakkari,863,paladin,retribution,18,9,9
27210,Landryy,icecrown,863,paladin,retribution,18,9,9
27211,Ahzalon,azralon,863,paladin,retribution,18,9,9
27212,Lightballz,vashj,863,paladin,retribution,18,9,9
27213,Escanøor,stormrage,863,paladin,retribution,18,9,9
27214,Savethejelly,moon-guard,863,paladin,retribution,18,9,9
27215,Heizero,area-52,863,paladin,retribution,18,9,9
27216,Jhaann,tichondrius,863,paladin,retribution,18,9,9
27217,Hammertime,boulderfist,863,paladin,retribution,18,9,9
27218,Enril,azgalor,863,paladin,retribution,18,9,9
27219,Sleekz,moon-guard,863,paladin,retribution,18,9,9
27220,Wálker,ragnaros,863,paladin,retribution,18,9,9
27221,Avacii,illidan,863,paladin,retribution,18,9,9
27222,Loraven,wyrmrest-accord,863,paladin,retribution,18,9,9
27223,Rivzx,tichondrius,863,paladin,retribution,24,9,15
27224,Nuuska,dalaran,863,paladin,retribution,24,9,15
27225,Amntir,sargeras,863,paladin,retribution,24,9,15
27226,Stricken,kul-tiras,863,paladin,retribution,24,9,15
27227,Thickdam,korgath,863,paladin,retribution,24,9,15
27228,Peil,illidan,863,paladin,retribution,24,9,15
27229,Galadriele,zuljin,863,paladin,retribution,24,9,15
27230,Zerohöur,emerald-dream,863,paladin,retribution,30,9,21
27231,Kurasi,frostmourne,863,paladin,retribution,30,9,21
27232,Zrkoria,ragnaros,863,paladin,retribution,36,9,27
27233,Keiora,sargeras,862,paladin,retribution,12,9,3
27234,Badboí,azralon,862,paladin,retribution,12,9,3
27235,Ástedór,ragnaros,862,paladin,retribution,12,9,3
27236,Inexcusable,wyrmrest-accord,862,paladin,retribution,18,9,9
27237,Athenax,area-52,862,paladin,retribution,18,9,9
27238,Illëst,stormrage,862,paladin,retribution,18,9,9
27239,Naritan,greymane,862,paladin,retribution,18,9,9
27240,Rocknpally,icecrown,862,paladin,retribution,18,9,9
27241,Xlnc,illidan,862,paladin,retribution,18,9,9
27242,Lightblade,stormrage,862,paladin,retribution,18,9,9
27243,Omegaziion,garrosh,862,paladin,retribution,18,9,9
27244,Pinelli,aegwynn,862,paladin,retribution,18,9,9
27245,Chàrron,garrosh,862,paladin,retribution,18,9,9
27246,Karelys,area-52,862,paladin,retribution,20,9,11
27247,Lightvader,illidan,862,paladin,retribution,24,9,15
27248,Kelthálas,illidan,862,paladin,retribution,24,9,15
27249,Boogerred,korialstrasz,862,paladin,retribution,24,9,15
27250,Gerian,altar-of-storms,862,paladin,retribution,24,9,15
27251,Stevas,khazgoroth,861,paladin,retribution,12,9,3
27252,Clamhammer,malganis,861,paladin,retribution,18,9,9
27253,Bonkky,whisperwind,861,paladin,retribution,18,9,9
27254,Borélock,kelthuzad,861,paladin,retribution,18,9,9
27255,Kommuna,stormscale,861,paladin,retribution,18,9,9
27256,Rennalux,stormrage,861,paladin,retribution,24,9,15
27257,Vaelinarys,ragnaros,860,paladin,retribution,12,9,3
27258,Deztrom,dalaran,860,paladin,retribution,12,9,3
27259,Unholypally,suramar,860,paladin,retribution,24,9,15
27260,Rusticles,aerie-peak,860,paladin,retribution,24,9,15
27261,Kylarha,stormrage,859,paladin,retribution,18,9,9
27262,Layonthis,the-venture-co,859,paladin,retribution,18,9,9
27263,Easiestcomp,sargeras,859,paladin,retribution,18,9,9
27264,Khetzi,thunderhorn,859,paladin,retribution,18,9,9
27265,Chippo,aegwynn,859,paladin,retribution,24,9,15
27266,Madalynn,quelthalas,859,paladin,retribution,24,9,15
27267,Alysca,tichondrius,858,paladin,retribution,18,9,9
27268,Derethen,emerald-dream,858,paladin,retribution,18,9,9
27269,Irongiant,grizzly-hills,858,paladin,retribution,18,9,9
27270,Vick,zuljin,857,paladin,retribution,12,9,3
27271,Holyzeen,darkspear,857,paladin,retribution,17,11,6
27272,Alerz,moon-guard,857,paladin,retribution,15,9,6
27273,Dredberserk,stormrage,857,paladin,retribution,18,9,9
27274,Juang,arthas,857,paladin,retribution,52,22,30
27275,Amyrana,medivh,857,paladin,retribution,24,9,15
27276,Frostbitee,nerzhul,856,paladin,retribution,18,9,9
27277,Atilas,ragnaros,856,paladin,retribution,18,9,9
27278,Morddrohung,hyjal,855,paladin,retribution,12,9,3
27279,Zerolayer,proudmoore,855,paladin,retribution,12,9,3
27280,Maraboujan,nemesis,855,paladin,retribution,18,9,9
27281,Persefaní,moon-guard,855,paladin,retribution,18,9,9
27282,Clariten,ghostlands,855,paladin,retribution,24,9,15
27283,Kaidao,black-dragonflight,854,paladin,retribution,18,9,9
27284,Agonyss,quelthalas,853,paladin,retribution,18,9,9
27285,Goldfînger,zuljin,853,paladin,retribution,24,9,15
27286,Featscrows,nemesis,852,paladin,retribution,30,9,21
27287,Rcon,khadgar,849,paladin,retribution,18,9,9
27288,Noblearthur,feathermoon,849,paladin,retribution,18,9,9
27289,Leyon,alterac-mountains,847,paladin,retribution,18,9,9
27290,Morthalos,moon-guard,845,paladin,retribution,23,9,14
27291,Hotdgwatr,bleeding-hollow,843,paladin,retribution,24,10,14
27292,Avaheal,dragonmaw,842,paladin,retribution,23,9,14
27293,Palgiga,tichondrius,834,paladin,retribution,18,9,9
27294,Brioc,tichondrius,832,paladin,retribution,22,9,13
27295,Bellamor,burning-blade,830,paladin,retribution,17,9,8
27296,Amialra,moon-guard,815,paladin,retribution,21,9,12
27297,Fiate,azralon,815,paladin,retribution,23,9,14
27298,Narthres,drakkari,815,paladin,retribution,23,9,14
27299,Cozzey,amanthul,810,paladin,retribution,17,9,8
27300,Theboxx,frostmourne,810,paladin,retribution,28,11,17
27301,Gorgrand,gorgonnash,810,paladin,retribution,33,11,22
27302,Porterhousee,bleeding-hollow,807,paladin,retribution,23,11,12
27303,Sondaar,madoran,807,paladin,retribution,65,18,47
27304,Connextion,terenas,800,paladin,retribution,22,9,13
27305,Burstpink,zuljin,799,paladin,retribution,16,9,7
27306,Lizzyz,illidan,799,paladin,retribution,20,9,11
27307,Witewolf,illidan,798,paladin,retribution,19,10,9
27308,Erós,azralon,798,paladin,retribution,22,9,13
27309,Lightfdre,rexxar,797,paladin,retribution,33,11,22
27310,Kûrâmâ,ragnaros,796,paladin,retribution,16,9,7
27311,Ájummalukout,tichondrius,792,paladin,retribution,33,11,22
27312,Kiloalpha,area-52,791,paladin,retribution,22,9,13
27313,Lítebearer,kelthuzad,787,paladin,retribution,17,9,8
27314,Kletüs,quelthalas,784,paladin,retribution,13,9,4
27315,Rspect,trollbane,782,paladin,retribution,11,9,2
27316,Jdisco,bonechewer,782,paladin,retribution,19,9,10
27317,Wrekkin,stormrage,772,paladin,retribution,37,9,28
27318,Arellis,barthilas,768,paladin,retribution,12,8,4
27319,Mortalbeef,zuljin,768,paladin,retribution,12,8,4
27320,Pochanaw,wyrmrest-accord,768,paladin,retribution,12,8,4
27321,Luzmu,azralon,768,paladin,retribution,12,8,4
27322,Sebbytheman,tichondrius,768,paladin,retribution,12,8,4
27323,Unicornslayr,antonidas,768,paladin,retribution,12,8,4
27324,Franckz,ragnaros,768,paladin,retribution,12,8,4
27325,Takinvcards,area-52,768,paladin,retribution,12,8,4
27326,Céllash,tichondrius,768,paladin,retribution,12,8,4
27327,Hatchet,skullcrusher,768,paladin,retribution,12,8,4
27328,Dasp,nagrand,768,paladin,retribution,12,8,4
27329,Pennywenny,barthilas,768,paladin,retribution,12,8,4
27330,Solidifyxz,area-52,768,paladin,retribution,12,8,4
27331,Djangø,azuremyst,768,paladin,retribution,12,8,4
27332,Eskynor,sargeras,768,paladin,retribution,12,8,4
27333,Ipomaikai,dragonmaw,768,paladin,retribution,12,8,4
27334,Laboøn,stormrage,768,paladin,retribution,12,8,4
27335,Naxadin,tichondrius,768,paladin,retribution,12,8,4
27336,Zelo,emerald-dream,768,paladin,retribution,12,8,4
27337,Brotherjon,stormrage,768,paladin,retribution,12,8,4
27338,Tolliver,area-52,768,paladin,retribution,12,8,4
27339,Swellows,tichondrius,768,paladin,retribution,12,8,4
27340,Liangguang,tichondrius,768,paladin,retribution,12,8,4
27341,Soymilkdrnka,sargeras,768,paladin,retribution,12,8,4
27342,Cutebtw,zuljin,768,paladin,retribution,16,9,7
27343,Grimreaperx,azralon,768,paladin,retribution,17,8,9
27344,Maanuel,ragnaros,768,paladin,retribution,18,8,10
27345,Bubbletaunt,frostmourne,768,paladin,retribution,18,8,10
27346,Nozfferatu,drakkari,768,paladin,retribution,18,8,10
27347,Vanquishy,burning-legion,768,paladin,retribution,18,8,10
27348,Jeralldo,ragnaros,768,paladin,retribution,18,8,10
27349,Jebpal,tichondrius,768,paladin,retribution,18,8,10
27350,Daion,quelthalas,768,paladin,retribution,18,8,10
27351,Tævèn,tichondrius,768,paladin,retribution,18,8,10
27352,Mizumaru,sargeras,768,paladin,retribution,18,8,10
27353,Smiteup,sargeras,768,paladin,retribution,18,8,10
27354,Saffuki,frostmourne,768,paladin,retribution,18,8,10
27355,Jakkatähn,malganis,768,paladin,retribution,18,8,10
27356,Jachugz,tichondrius,768,paladin,retribution,18,8,10
27357,Ratkiller,barthilas,768,paladin,retribution,18,8,10
27358,Dynamism,frostmourne,768,paladin,retribution,18,8,10
27359,Auranove,azralon,768,paladin,retribution,18,8,10
27360,Dadadalala,tichondrius,768,paladin,retribution,18,8,10
27361,Inquísítor,stormrage,768,paladin,retribution,18,8,10
27362,Torosagrado,drakkari,768,paladin,retribution,18,8,10
27363,Tazanian,aegwynn,768,paladin,retribution,18,8,10
27364,Quiznossubs,kelthuzad,768,paladin,retribution,18,8,10
27365,Caution,rexxar,768,paladin,retribution,18,8,10
27366,Roshord,quelthalas,768,paladin,retribution,18,8,10
27367,Solånar,bloodscalp,768,paladin,retribution,19,8,11
27368,Jivvy,eredar,768,paladin,retribution,24,8,16
27369,Rexpeitaboot,azralon,768,paladin,retribution,24,8,16
27370,Isayas,tichondrius,768,paladin,retribution,24,8,16
27371,Bubbleblade,burning-blade,768,paladin,retribution,24,8,16
27372,Marcopolo,azralon,768,paladin,retribution,24,8,16
27373,Vibránium,tichondrius,768,paladin,retribution,24,8,16
27374,Cnret,tichondrius,768,paladin,retribution,24,8,16
27375,Roundhere,area-52,768,paladin,retribution,30,8,22
27376,Crasíus,quelthalas,768,paladin,retribution,30,8,22
27377,Pallydestroy,stormrage,768,paladin,retribution,30,8,22
27378,Garethorne,illidan,768,paladin,retribution,30,8,22
27379,Awsem,barthilas,767,paladin,retribution,12,8,4
27380,Holydaddyy,area-52,767,paladin,retribution,12,8,4
27381,Mægenta,tichondrius,767,paladin,retribution,12,8,4
27382,Husurdaddy,dalaran,767,paladin,retribution,12,8,4
27383,Invictus,onyxia,767,paladin,retribution,12,8,4
27384,Souldrainlol,quelthalas,767,paladin,retribution,12,8,4
27385,Acidhammer,kelthuzad,767,paladin,retribution,12,8,4
27386,Darkeclipse,area-52,767,paladin,retribution,12,8,4
27387,Rhumil,tichondrius,767,paladin,retribution,12,8,4
27388,Infamoustool,barthilas,767,paladin,retribution,12,8,4
27389,Keit,moon-guard,767,paladin,retribution,12,8,4
27390,Operise,stormrage,767,paladin,retribution,12,8,4
27391,Hqknight,moon-guard,767,paladin,retribution,12,8,4
27392,Gospel,duskwood,767,paladin,retribution,12,8,4
27393,Greybrox,barthilas,767,paladin,retribution,12,8,4
27394,Smitetheweak,rivendare,767,paladin,retribution,12,8,4
27395,Sauceclock,illidan,767,paladin,retribution,12,8,4
27396,Hoelï,stormrage,767,paladin,retribution,12,8,4
27397,Elhoj,illidan,767,paladin,retribution,12,8,4
27398,Dinapal,frostmourne,767,paladin,retribution,12,8,4
27399,Meatyblessin,area-52,767,paladin,retribution,12,8,4
27400,Joeseph,stormrage,767,paladin,retribution,18,8,10
27401,Yehdardi,frostmourne,767,paladin,retribution,18,8,10
27402,Rodsley,zuljin,767,paladin,retribution,18,8,10
27403,Nightfallz,farstriders,767,paladin,retribution,18,8,10
27404,Ashess,sargeras,767,paladin,retribution,18,8,10
27405,Deafheavens,moon-guard,767,paladin,retribution,18,8,10
27406,Holytrev,tichondrius,767,paladin,retribution,18,8,10
27407,Yurinos,illidan,767,paladin,retribution,18,8,10
27408,Hughkane,tichondrius,767,paladin,retribution,18,8,10
27409,Stroods,stormrage,767,paladin,retribution,18,8,10
27410,Bruhstice,area-52,767,paladin,retribution,18,8,10
27411,Doobiehigh,proudmoore,767,paladin,retribution,18,8,10
27412,Angeluquis,quelthalas,767,paladin,retribution,18,8,10
27413,Nooplug,illidan,767,paladin,retribution,18,8,10
27414,Sermon,moon-guard,767,paladin,retribution,18,8,10
27415,Nutsmashèr,illidan,767,paladin,retribution,18,8,10
27416,Abigaile,ragnaros,767,paladin,retribution,18,8,10
27417,Ereksean,sargeras,767,paladin,retribution,18,8,10
27418,Pudgë,bleeding-hollow,767,paladin,retribution,18,8,10
27419,Amlovích,quelthalas,767,paladin,retribution,18,8,10
27420,Revent,stormrage,767,paladin,retribution,18,8,10
27421,Jeffprobstt,kelthuzad,767,paladin,retribution,18,8,10
27422,Dontsleep,magtheridon,767,paladin,retribution,18,8,10
27423,Jèrico,quelthalas,767,paladin,retribution,21,9,12
27424,Ashbrînger,emerald-dream,767,paladin,retribution,24,8,16
27425,Saifollah,area-52,767,paladin,retribution,30,8,22
27426,Dreek,azralon,766,paladin,retribution,12,8,4
27427,Passion,wyrmrest-accord,766,paladin,retribution,12,8,4
27428,Judgementalz,frostwolf,766,paladin,retribution,12,8,4
27429,Deesqueezie,area-52,766,paladin,retribution,12,8,4
27430,Otorten,bladefist,766,paladin,retribution,12,8,4
27431,Dubledeez,malganis,766,paladin,retribution,12,8,4
27432,Bübbleboy,malganis,766,paladin,retribution,12,8,4
27433,Pennedurma,akama,766,paladin,retribution,18,8,10
27434,Nussaar,kelthuzad,766,paladin,retribution,18,8,10
27435,Dragonbait,khadgar,766,paladin,retribution,18,8,10
27436,Masho,skullcrusher,766,paladin,retribution,18,8,10
27437,Crtinsideyou,skullcrusher,766,paladin,retribution,21,9,12
27438,Hanael,quelthalas,766,paladin,retribution,19,8,11
27439,Torvus,bonechewer,766,paladin,retribution,22,9,13
27440,Zuljaboi,thrall,765,paladin,retribution,12,8,4
27441,Mothh,terokkar,765,paladin,retribution,12,8,4
27442,Peepilled,uldum,765,paladin,retribution,12,8,4
27443,Nikinaki,stormrage,765,paladin,retribution,12,8,4
27444,Holyhammered,kelthuzad,765,paladin,retribution,12,8,4
27445,Kristary,ragnaros,765,paladin,retribution,12,8,4
27446,Gírthbrooks,hyjal,765,paladin,retribution,12,8,4
27447,Ichigò,sargeras,765,paladin,retribution,18,8,10
27448,Darktaron,ragnaros,765,paladin,retribution,18,8,10
27449,Butchur,area-52,765,paladin,retribution,30,8,22
27450,Xanamun,magtheridon,764,paladin,retribution,18,8,10
27451,Angelz,garrosh,764,paladin,retribution,18,8,10
27452,Calithia,destromath,764,paladin,retribution,18,8,10
27453,Holladrik,frostmourne,764,paladin,retribution,24,8,16
27454,Yenkmeilleur,zuljin,763,paladin,retribution,12,8,4
27455,Youwillatone,zuljin,763,paladin,retribution,18,8,10
27456,Deathblazer,blades-edge,763,paladin,retribution,18,8,10
27457,Palade,proudmoore,763,paladin,retribution,18,8,10
27458,Guccii,quelthalas,763,paladin,retribution,18,8,10
27459,Amorimbr,area-52,763,paladin,retribution,24,8,16
27460,Jebadia,proudmoore,762,paladin,retribution,12,8,4
27461,Unicochori,drakkari,762,paladin,retribution,18,8,10
27462,Faerdrik,emerald-dream,762,paladin,retribution,18,8,10
27463,Charopiinho,azralon,762,paladin,retribution,24,8,16
27464,Flisk,garona,761,paladin,retribution,12,8,4
27465,Eldirn,bleeding-hollow,761,paladin,retribution,12,8,4
27466,Reivilly,azralon,761,paladin,retribution,18,8,10
27467,Gilmax,emerald-dream,760,paladin,retribution,18,8,10
27468,Slar,emerald-dream,760,paladin,retribution,18,8,10
27469,Mordrime,moon-guard,760,paladin,retribution,18,8,10
27470,Brightfire,dawnbringer,760,paladin,retribution,24,8,16
27471,Palman,frostmourne,759,paladin,retribution,18,8,10
27472,Appolas,shattered-hand,758,paladin,retribution,12,8,4
27473,Aladid,aggramar,758,paladin,retribution,12,8,4
27474,Trodos,quelthalas,758,paladin,retribution,12,8,4
27475,Chombe,tichondrius,758,paladin,retribution,18,8,10
27476,Populate,tichondrius,752,paladin,retribution,12,8,4
27477,Maverickxz,nemesis,751,paladin,retribution,23,8,15
27478,Supreme,farstriders,751,paladin,retribution,29,8,21
27479,Cleavix,tichondrius,751,paladin,retribution,35,8,27
27480,Dunecan,tichondrius,750,paladin,retribution,17,8,9
27481,Maelie,shadowmoon,749,paladin,retribution,12,8,4
27482,Oogablah,wyrmrest-accord,749,paladin,retribution,12,8,4
27483,Palavittar,azralon,749,paladin,retribution,17,9,8
27484,Shanuslight,moon-guard,742,paladin,retribution,21,9,12
27485,Yulasa,area-52,735,paladin,retribution,14,9,5
27486,Hekki,ragnaros,735,paladin,retribution,19,8,11
27487,Xcream,nemesis,735,paladin,retribution,32,9,23
27488,Swholly,senjin,733,paladin,retribution,21,10,11
27489,Felordron,silvermoon,731,paladin,retribution,22,9,13
27490,Retgasm,drakthul,729,paladin,retribution,16,8,8
27491,Jonsnou,tol-barad,729,paladin,retribution,24,9,15
27492,Necrodar,ragnaros,722,paladin,retribution,14,9,5
27493,Whisk,tichondrius,720,paladin,retribution,15,8,7
27494,Bomdia,stormrage,720,paladin,retribution,15,8,7
27495,Romonite,bleeding-hollow,715,paladin,retribution,29,8,21
27496,Lilbursty,tichondrius,714,paladin,retribution,19,9,10
27497,Andorsi,elune,714,paladin,retribution,21,9,12
27498,Ryanslover,kelthuzad,714,paladin,retribution,23,9,14
27499,Pantheeon,altar-of-storms,713,paladin,retribution,30,9,21
27500,Kaallell,blackhand,710,paladin,retribution,22,9,13
27501,Wadalee,tichondrius,702,paladin,retribution,26,8,18
27502,Palaðu,azralon,700,paladin,retribution,14,8,6
27503,Webby,azjolnerub,700,paladin,retribution,20,9,11
27504,Fizzlewig,malganis,688,paladin,retribution,19,8,11
27505,Paullokis,gallywix,686,paladin,retribution,13,8,5
27506,Turtlehoof,thrall,684,paladin,retribution,19,8,11
27507,Steelemantle,moon-guard,672,paladin,retribution,12,7,5
27508,Montecrîsto,area-52,672,paladin,retribution,12,7,5
27509,Deadpoolman,emerald-dream,672,paladin,retribution,12,7,5
27510,Hèlfar,wyrmrest-accord,672,paladin,retribution,12,7,5
27511,Mes,dragonmaw,672,paladin,retribution,12,7,5
27512,Montyer,ragnaros,672,paladin,retribution,12,7,5
27513,Safename,area-52,672,paladin,retribution,12,7,5
27514,Relsetta,sargeras,672,paladin,retribution,12,7,5
27515,Rektributíon,area-52,672,paladin,retribution,12,7,5
27516,Mikâel,cairne,672,paladin,retribution,12,7,5
27517,Armstrong,azralon,672,paladin,retribution,12,7,5
27518,Alahster,sargeras,672,paladin,retribution,12,7,5
27519,Brookeh,frostmourne,672,paladin,retribution,12,7,5
27520,Aurelea,frostmourne,672,paladin,retribution,12,7,5
27521,Holycar,illidan,672,paladin,retribution,12,7,5
27522,Bighoochie,moon-guard,672,paladin,retribution,12,7,5
27523,Iloveket,blackrock,672,paladin,retribution,12,7,5
27524,Skylightz,area-52,672,paladin,retribution,12,7,5
27525,Nailuj,moon-guard,672,paladin,retribution,12,7,5
27526,Nosferätu,illidan,672,paladin,retribution,12,7,5
27527,Dabbicus,tichondrius,672,paladin,retribution,12,7,5
27528,Greatwyrm,illidan,672,paladin,retribution,12,7,5
27529,Nutbro,tichondrius,672,paladin,retribution,12,7,5
27530,Garzzy,tichondrius,672,paladin,retribution,12,7,5
27531,Plusultra,moon-guard,672,paladin,retribution,12,7,5
27532,Steezyret,barthilas,672,paladin,retribution,12,7,5
27533,Seantate,stormrage,672,paladin,retribution,12,7,5
27534,Deathodin,tichondrius,672,paladin,retribution,12,7,5
27535,Schecterbug,stormrage,672,paladin,retribution,12,7,5
27536,Wèbb,burning-legion,672,paladin,retribution,12,7,5
27537,Attackonpal,illidan,672,paladin,retribution,12,7,5
27538,Popwingsz,nemesis,672,paladin,retribution,12,7,5
27539,Skuxxlord,khazgoroth,672,paladin,retribution,12,7,5
27540,Swiftyflower,dawnbringer,672,paladin,retribution,12,7,5
27541,Zaxxous,hyjal,672,paladin,retribution,12,7,5
27542,Condign,moon-guard,672,paladin,retribution,12,7,5
27543,Turner,skullcrusher,672,paladin,retribution,12,7,5
27544,Eduardoap,azralon,672,paladin,retribution,12,7,5
27545,Aurðra,kiljaeden,672,paladin,retribution,12,7,5
27546,Araguaney,bleeding-hollow,672,paladin,retribution,12,7,5
27547,Kanaki,gilneas,672,paladin,retribution,12,7,5
27548,Supernampal,sargeras,672,paladin,retribution,12,7,5
27549,Holreshee,tichondrius,672,paladin,retribution,12,7,5
27550,Vozy,bronzebeard,672,paladin,retribution,12,7,5
27551,Homelord,drakkari,672,paladin,retribution,12,7,5
27552,Pals,bronzebeard,672,paladin,retribution,12,7,5
27553,Theehopper,shandris,672,paladin,retribution,12,7,5
27554,Drinkn,kelthuzad,672,paladin,retribution,12,7,5
27555,Layson,uldum,672,paladin,retribution,12,7,5
27556,Thephreak,madoran,672,paladin,retribution,12,7,5
27557,Tmwesker,azralon,672,paladin,retribution,12,7,5
27558,Teléza,illidan,672,paladin,retribution,12,7,5
27559,Cëlestial,drakkari,672,paladin,retribution,12,7,5
27560,Yugawn,maiev,672,paladin,retribution,12,7,5
27561,Furdaddylant,drenden,672,paladin,retribution,12,7,5
27562,Fermion,illidan,672,paladin,retribution,12,7,5
27563,Unitiss,velen,672,paladin,retribution,12,7,5
27564,Meridional,tichondrius,672,paladin,retribution,12,7,5
27565,Bootyfùnk,tichondrius,672,paladin,retribution,12,7,5
27566,Èmmà,stormrage,672,paladin,retribution,12,7,5
27567,Noitra,azralon,672,paladin,retribution,12,7,5
27568,Paltarrd,bleeding-hollow,672,paladin,retribution,12,7,5
27569,Thüridan,azralon,672,paladin,retribution,12,7,5
27570,Noxtrael,frostmourne,672,paladin,retribution,12,7,5
27571,Qsx,bleeding-hollow,672,paladin,retribution,12,7,5
27572,Trejetë,tichondrius,672,paladin,retribution,12,7,5
27573,Jellybrah,stormrage,672,paladin,retribution,12,7,5
27574,Merkzz,arthas,672,paladin,retribution,12,7,5
27575,Chäinswellx,area-52,672,paladin,retribution,12,7,5
27576,Griezadin,azgalor,672,paladin,retribution,12,7,5
27577,Shadoweelite,sargeras,672,paladin,retribution,12,7,5
27578,Uríel,frostmourne,672,paladin,retribution,12,7,5
27579,Holyåvenger,thunderhorn,672,paladin,retribution,12,7,5
27580,Paladan,tichondrius,672,paladin,retribution,17,7,10
27581,Trfreedomz,frostmourne,672,paladin,retribution,18,7,11
27582,Neverwogx,kirin-tor,672,paladin,retribution,18,7,11
27583,Ziti,bonechewer,672,paladin,retribution,18,7,11
27584,Nawwll,stonemaul,672,paladin,retribution,18,7,11
27585,Hølyshyt,tichondrius,672,paladin,retribution,18,7,11
27586,Paintpumper,malganis,672,paladin,retribution,18,7,11
27587,Hulfsark,stormrage,672,paladin,retribution,18,7,11
27588,Zotro,sargeras,672,paladin,retribution,18,7,11
27589,Geospawn,bleeding-hollow,672,paladin,retribution,18,7,11
27590,Covidin,quelthalas,672,paladin,retribution,18,7,11
27591,Absolution,gurubashi,672,paladin,retribution,18,7,11
27592,Xvetis,thrall,672,paladin,retribution,18,7,11
27593,Randomwalk,illidan,672,paladin,retribution,18,7,11
27594,Shoresy,terokkar,672,paladin,retribution,18,7,11
27595,Anjocaído,nemesis,672,paladin,retribution,18,7,11
27596,Legèndaïry,tichondrius,672,paladin,retribution,18,7,11
27597,Aredel,drakkari,672,paladin,retribution,18,7,11
27598,Aledin,frostmourne,672,paladin,retribution,18,7,11
27599,Édzor,area-52,672,paladin,retribution,18,7,11
27600,Drriz,stormrage,672,paladin,retribution,18,7,11
27601,Arena,mannoroth,672,paladin,retribution,18,7,11
27602,Pâpito,drakkari,672,paladin,retribution,18,7,11
27603,Roundbutts,stormrage,672,paladin,retribution,18,7,11
27604,Eurthswrath,lightbringer,672,paladin,retribution,18,7,11
27605,Lmac,frostmourne,672,paladin,retribution,18,7,11
27606,Uoenò,moon-guard,672,paladin,retribution,18,7,11
27607,Kipow,proudmoore,672,paladin,retribution,18,7,11
27608,Wogharder,stormrage,672,paladin,retribution,18,7,11
27609,Atalzel,kiljaeden,672,paladin,retribution,18,7,11
27610,Zugonomics,proudmoore,672,paladin,retribution,18,7,11
27611,Moistbible,kelthuzad,672,paladin,retribution,18,7,11
27612,Tothegravetv,illidan,672,paladin,retribution,18,7,11
27613,Bdaws,tichondrius,672,paladin,retribution,18,7,11
27614,Teamamerica,proudmoore,672,paladin,retribution,18,7,11
27615,Kendren,ragnaros,672,paladin,retribution,18,7,11
27616,Aldhebarán,ragnaros,672,paladin,retribution,18,7,11
27617,Orin,guldan,672,paladin,retribution,18,7,11
27618,Valantor,anvilmar,672,paladin,retribution,18,7,11
27619,Lakera,proudmoore,672,paladin,retribution,18,7,11
27620,Cliftôn,illidan,672,paladin,retribution,18,7,11
27621,Kloud,sargeras,672,paladin,retribution,18,7,11
27622,Pugnacity,stormrage,672,paladin,retribution,18,7,11
27623,Frepz,illidan,672,paladin,retribution,22,8,14
27624,Kamí,elune,672,paladin,retribution,21,7,14
27625,Ballsmcgee,bleeding-hollow,672,paladin,retribution,24,7,17
27626,Haimdallr,azralon,672,paladin,retribution,24,7,17
27627,Goldmembër,malganis,672,paladin,retribution,24,7,17
27628,Hayden,stormscale,672,paladin,retribution,24,7,17
27629,Heilige,thrall,672,paladin,retribution,24,7,17
27630,Digider,area-52,672,paladin,retribution,24,7,17
27631,Kyuubî,bloodhoof,672,paladin,retribution,24,7,17
27632,Ganan,frostmane,672,paladin,retribution,24,7,17
27633,Goozlight,area-52,672,paladin,retribution,24,7,17
27634,Lystia,malfurion,671,paladin,retribution,12,7,5
27635,Joobas,zuljin,671,paladin,retribution,12,7,5
27636,Kizaru,shuhalo,671,paladin,retribution,12,7,5
27637,Ruca,icecrown,671,paladin,retribution,12,7,5
27638,Elemezs,tichondrius,671,paladin,retribution,12,7,5
27639,Thorean,sargeras,671,paladin,retribution,12,7,5
27640,Annii,aegwynn,671,paladin,retribution,12,7,5
27641,Blingster,hellscream,671,paladin,retribution,12,7,5
27642,Tonytoi,aegwynn,671,paladin,retribution,12,7,5
27643,Hopebreaker,spinebreaker,671,paladin,retribution,12,7,5
27644,Darktank,malganis,671,paladin,retribution,12,7,5
27645,Shivaku,area-52,671,paladin,retribution,12,7,5
27646,Zerofans,ragnaros,671,paladin,retribution,12,7,5
27647,Guthdrak,azgalor,671,paladin,retribution,12,7,5
27648,Koohny,stormrage,671,paladin,retribution,12,7,5
27649,Cuffaladin,fenris,671,paladin,retribution,12,7,5
27650,Kaynè,senjin,671,paladin,retribution,12,7,5
27651,Shadd,destromath,671,paladin,retribution,12,7,5
27652,Dabnpaladin,moon-guard,671,paladin,retribution,12,7,5
27653,Mhelyssa,goldrinn,671,paladin,retribution,12,7,5
27654,Lowkeyy,tichondrius,671,paladin,retribution,12,7,5
27655,Ironpaladin,sargeras,671,paladin,retribution,12,7,5
27656,Crematória,azralon,671,paladin,retribution,12,7,5
27657,Holyretribut,tichondrius,671,paladin,retribution,12,7,5
27658,Ranknoob,khazgoroth,671,paladin,retribution,12,7,5
27659,Smuglý,wyrmrest-accord,671,paladin,retribution,12,7,5
27660,Ðrêâð,kirin-tor,671,paladin,retribution,12,7,5
27661,Darawin,korgath,671,paladin,retribution,12,7,5
27662,Tanesdeline,area-52,671,paladin,retribution,12,7,5
27663,Prophesied,zuljin,671,paladin,retribution,12,7,5
27664,Jaybbers,malganis,671,paladin,retribution,12,7,5
27665,Loctár,tichondrius,671,paladin,retribution,12,7,5
27666,Jåy,nazjatar,671,paladin,retribution,12,7,5
27667,Showfet,dalaran,671,paladin,retribution,16,8,8
27668,Auriol,azshara,671,paladin,retribution,14,7,7
27669,Hasbi,area-52,671,paladin,retribution,18,7,11
27670,Babyshuangs,illidan,671,paladin,retribution,18,7,11
27671,Vaelicus,emerald-dream,671,paladin,retribution,18,7,11
27672,Giorgyos,ragnaros,671,paladin,retribution,18,7,11
27673,Kaidoz,aegwynn,671,paladin,retribution,18,7,11
27674,Nibuwolfx,daggerspine,671,paladin,retribution,18,7,11
27675,Lunchboxz,nazjatar,671,paladin,retribution,18,7,11
27676,Lettuceprey,the-underbog,671,paladin,retribution,18,7,11
27677,Ane,gorefiend,671,paladin,retribution,18,7,11
27678,Jazztice,mannoroth,671,paladin,retribution,18,7,11
27679,Valtariel,wyrmrest-accord,671,paladin,retribution,18,7,11
27680,Littlemoses,exodar,671,paladin,retribution,18,7,11
27681,Gringi,blackrock,671,paladin,retribution,18,7,11
27682,Gemutlich,khazgoroth,671,paladin,retribution,18,7,11
27683,Contritus,kiljaeden,671,paladin,retribution,18,7,11
27684,Misskilljoy,proudmoore,671,paladin,retribution,18,7,11
27685,Blaeng,shandris,671,paladin,retribution,18,7,11
27686,Tyelca,zuljin,671,paladin,retribution,18,7,11
27687,Golozzakum,tichondrius,671,paladin,retribution,18,7,11
27688,Släyèr,tichondrius,671,paladin,retribution,18,7,11
27689,Basslinee,quelthalas,671,paladin,retribution,18,7,11
27690,Daeriius,moon-guard,671,paladin,retribution,18,7,11
27691,Doraléous,illidan,671,paladin,retribution,24,7,17
27692,Indemnity,wildhammer,671,paladin,retribution,24,7,17
27693,Swissalami,proudmoore,670,paladin,retribution,12,7,5
27694,Holychach,tichondrius,670,paladin,retribution,12,7,5
27695,Itsapoc,sargeras,670,paladin,retribution,12,7,5
27696,Hanno,azshara,670,paladin,retribution,12,7,5
27697,Tomaz,ragnaros,670,paladin,retribution,12,7,5
27698,Biggwill,proudmoore,670,paladin,retribution,12,7,5
27699,Pasterõ,ragnaros,670,paladin,retribution,16,9,7
27700,Riek,sargeras,670,paladin,retribution,16,8,8
27701,Augus,arygos,670,paladin,retribution,18,7,11
27702,Delukk,azralon,670,paladin,retribution,18,7,11
27703,Jorgevercilo,azralon,670,paladin,retribution,18,7,11
27704,Vynlorderan,area-52,670,paladin,retribution,18,7,11
27705,Zaeris,proudmoore,670,paladin,retribution,18,7,11
27706,Grindlimg,dalaran,670,paladin,retribution,18,7,11
27707,Tpane,kelthuzad,670,paladin,retribution,18,7,11
27708,Rampetos,mannoroth,670,paladin,retribution,18,7,11
27709,Murdameek,area-52,670,paladin,retribution,24,7,17
27710,Terroll,bonechewer,669,paladin,retribution,13,7,6
27711,Jiasmat,ragnaros,669,paladin,retribution,22,10,12
27712,Sîegfried,moon-guard,669,paladin,retribution,18,7,11
27713,Bingbingcd,tichondrius,669,paladin,retribution,18,7,11
27714,Denstain,kul-tiras,669,paladin,retribution,18,7,11
27715,Tpaartes,mannoroth,669,paladin,retribution,18,7,11
27716,Rynis,arthas,669,paladin,retribution,22,8,14
27717,Salvø,tichondrius,669,paladin,retribution,24,7,17
27718,Sponce,kirin-tor,669,paladin,retribution,30,7,23
27719,Praisin,zuljin,668,paladin,retribution,12,7,5
27720,Vooltron,bonechewer,668,paladin,retribution,12,7,5
27721,Alexanderrex,illidan,668,paladin,retribution,18,7,11
27722,Bennygee,moonrunner,668,paladin,retribution,24,7,17
27723,Kapaw,windrunner,667,paladin,retribution,12,7,5
27724,Tacosmells,thunderlord,667,paladin,retribution,18,7,11
27725,Mandow,tichondrius,667,paladin,retribution,22,8,14
27726,Imsoosmall,sargeras,666,paladin,retribution,12,7,5
27727,Calmador,proudmoore,666,paladin,retribution,12,7,5
27728,Toogud,moon-guard,666,paladin,retribution,21,8,13
27729,Boomeers,emerald-dream,666,paladin,retribution,24,7,17
27730,Chaosbubble,burning-legion,665,paladin,retribution,18,7,11
27731,Kithrin,emerald-dream,664,paladin,retribution,12,7,5
27732,Dweezill,daggerspine,664,paladin,retribution,18,7,11
27733,Nuisances,illidan,661,paladin,retribution,12,7,5
27734,Nicepally,moon-guard,657,paladin,retribution,18,7,11
27735,Slædgæhæmmær,bonechewer,657,paladin,retribution,30,7,23
27736,Mèdic,illidan,654,paladin,retribution,17,7,10
27737,Palliful,runetotem,651,paladin,retribution,18,7,11
27738,Prïmavera,azralon,639,paladin,retribution,11,7,4
27739,Tooperilous,exodar,639,paladin,retribution,16,7,9
27740,Vietnomeez,tichondrius,639,paladin,retribution,17,7,10
27741,Goldclaw,moon-guard,639,paladin,retribution,20,8,12
27742,Epòc,frostmourne,639,paladin,retribution,20,8,12
27743,Hanicon,dragonmaw,638,paladin,retribution,16,7,9
27744,Unversed,illidan,637,paladin,retribution,18,9,9
27745,Fatalpally,antonidas,633,paladin,retribution,17,7,10
27746,Taéyeon,quelthalas,624,paladin,retribution,15,7,8
27747,Táçô,illidan,623,paladin,retribution,11,7,4
27748,Krossfyre,kiljaeden,623,paladin,retribution,17,7,10
27749,Strabic,stormrage,623,paladin,retribution,27,8,19
27750,Jortesh,tichondrius,622,paladin,retribution,15,7,8
27751,Grinzin,azralon,618,paladin,retribution,17,9,8
27752,Modafinil,bonechewer,618,paladin,retribution,26,8,18
27753,Shuckles,windrunner,618,paladin,retribution,26,8,18
27754,Antoniano,ragnaros,617,paladin,retribution,13,8,5
27755,Eljefee,emerald-dream,617,paladin,retribution,23,9,14
27756,Frêyr,barthilas,608,paladin,retribution,22,7,15
27757,Andelk,tichondrius,607,paladin,retribution,11,7,4
27758,Chestbrah,nemesis,607,paladin,retribution,14,7,7
27759,Bubbleosevn,dragonmaw,607,paladin,retribution,14,7,7
27760,Jorix,stormrage,607,paladin,retribution,16,7,9
27761,Tolkki,dalaran,607,paladin,retribution,26,7,19
27762,Krønos,nordrassil,602,paladin,retribution,22,7,15
27763,Sixtynine,nathrezim,592,paladin,retribution,31,7,24
27764,Unïk,zuljin,591,paladin,retribution,11,7,4
27765,Warbird,lightnings-blade,591,paladin,retribution,13,7,6
27766,Theomere,sargeras,586,paladin,retribution,27,10,17
27767,Hinnamnor,tichondrius,576,paladin,retribution,6,6,0
27768,Fierfox,moon-guard,576,paladin,retribution,6,6,0
27769,Fibonaci,sargeras,576,paladin,retribution,6,6,0
27770,Liht,blood-furnace,576,paladin,retribution,6,6,0
27771,Thøradin,moon-guard,576,paladin,retribution,6,6,0
27772,Sabêr,ragnaros,576,paladin,retribution,6,6,0
27773,Xandiê,sargeras,576,paladin,retribution,6,6,0
27774,Lucard,drakkari,576,paladin,retribution,6,6,0
27775,Arraladin,tichondrius,576,paladin,retribution,12,6,6
27776,Soapgirl,area-52,576,paladin,retribution,12,6,6
27777,Bigkspally,korgath,576,paladin,retribution,12,6,6
27778,Memepaladin,area-52,576,paladin,retribution,12,6,6
27779,Beluros,tichondrius,576,paladin,retribution,12,6,6
27780,Immensepower,tichondrius,576,paladin,retribution,12,6,6
27781,Ashley,sargeras,576,paladin,retribution,12,6,6
27782,Sparticuss,frostmane,576,paladin,retribution,12,6,6
27783,Potatopasta,area-52,576,paladin,retribution,12,6,6
27784,Elowod,frostmourne,576,paladin,retribution,12,6,6
27785,Careyprice,area-52,576,paladin,retribution,12,6,6
27786,Byebyetwinks,khaz-modan,576,paladin,retribution,12,6,6
27787,Jåckél,wyrmrest-accord,576,paladin,retribution,12,6,6
27788,Irushthots,tichondrius,576,paladin,retribution,12,6,6
27789,Bleeked,emerald-dream,576,paladin,retribution,12,6,6
27790,Glynisir,sargeras,576,paladin,retribution,12,6,6
27791,Thuggrnaut,darkspear,576,paladin,retribution,12,6,6
27792,Rhoruk,turalyon,576,paladin,retribution,12,6,6
27793,Jabrohnie,sargeras,576,paladin,retribution,12,6,6
27794,Supramario,dragonmaw,576,paladin,retribution,12,6,6
27795,Sonicblazer,darrowmere,576,paladin,retribution,12,6,6
27796,Germ,korgath,576,paladin,retribution,12,6,6
27797,Obeliskk,frostmourne,576,paladin,retribution,12,6,6
27798,Seballedo,drakkari,576,paladin,retribution,12,6,6
27799,Afterdawn,dreadmaul,576,paladin,retribution,12,6,6
27800,Banzz,azralon,576,paladin,retribution,12,6,6
27801,Beato,silvermoon,576,paladin,retribution,12,6,6
27802,Gàreth,aerie-peak,576,paladin,retribution,12,6,6
27803,Epicbro,kiljaeden,576,paladin,retribution,12,6,6
27804,Vozy,shandris,576,paladin,retribution,12,6,6
27805,Pokeyabutt,hydraxis,576,paladin,retribution,12,6,6
27806,Kaïty,azralon,576,paladin,retribution,12,6,6
27807,Lyà,area-52,576,paladin,retribution,12,6,6
27808,Hammerd,area-52,576,paladin,retribution,12,6,6
27809,Mystictoast,area-52,576,paladin,retribution,12,6,6
27810,Accept,frostmourne,576,paladin,retribution,12,6,6
27811,Emetselchs,tichondrius,576,paladin,retribution,12,6,6
27812,Evelimash,bloodhoof,576,paladin,retribution,12,6,6
27813,Zoroastrø,azralon,576,paladin,retribution,12,6,6
27814,Lumberjack,bloodhoof,576,paladin,retribution,12,6,6
27815,Masemune,bonechewer,576,paladin,retribution,12,6,6
27816,Cübe,malganis,576,paladin,retribution,12,6,6
27817,Seeys,tichondrius,576,paladin,retribution,12,6,6
27818,Totalaustin,sargeras,576,paladin,retribution,12,6,6
27819,Valandur,kelthuzad,576,paladin,retribution,12,6,6
27820,Fallenp,hakkar,576,paladin,retribution,12,6,6
27821,Dýnamo,azralon,576,paladin,retribution,12,6,6
27822,Lebubbles,azuremyst,576,paladin,retribution,12,6,6
27823,Bloodeladin,deathwing,576,paladin,retribution,12,6,6
27824,Crânkdât,frostmourne,576,paladin,retribution,12,6,6
27825,Avasti,proudmoore,576,paladin,retribution,12,6,6
27826,Brpistol,azralon,576,paladin,retribution,12,6,6
27827,Aura,emerald-dream,576,paladin,retribution,12,6,6
27828,Roxiomoxa,ragnaros,576,paladin,retribution,12,6,6
27829,Nyroxz,quelthalas,576,paladin,retribution,12,6,6
27830,Sacerbelator,zuluhed,576,paladin,retribution,12,6,6
27831,Thaléros,tichondrius,576,paladin,retribution,12,6,6
27832,Bootacious,tichondrius,576,paladin,retribution,12,6,6
27833,Koyourfamily,proudmoore,576,paladin,retribution,12,6,6
27834,Holycrp,proudmoore,576,paladin,retribution,12,6,6
27835,Snivasgo,ragnaros,576,paladin,retribution,12,6,6
27836,Oynx,emerald-dream,576,paladin,retribution,12,6,6
27837,Koûtt,ragnaros,576,paladin,retribution,12,6,6
27838,Klamindor,emerald-dream,576,paladin,retribution,12,6,6
27839,Venter,bleeding-hollow,576,paladin,retribution,12,6,6
27840,Kissherlin,tichondrius,576,paladin,retribution,12,6,6
27841,Cybopig,kelthuzad,576,paladin,retribution,12,6,6
27842,Pallyalli,burning-blade,576,paladin,retribution,12,6,6
27843,Pállyho,tichondrius,576,paladin,retribution,12,6,6
27844,Gánico,ragnaros,576,paladin,retribution,12,6,6
27845,Bloodyängel,emerald-dream,576,paladin,retribution,12,6,6
27846,Cause,farstriders,576,paladin,retribution,12,6,6
27847,Jacklo,the-venture-co,576,paladin,retribution,12,6,6
27848,Proctrlx,tichondrius,576,paladin,retribution,12,6,6
27849,Alphali,quelthalas,576,paladin,retribution,12,6,6
27850,Holycrusador,bleeding-hollow,576,paladin,retribution,12,6,6
27851,Raywhite,kelthuzad,576,paladin,retribution,12,6,6
27852,Bruxx,twisting-nether,576,paladin,retribution,12,6,6
27853,Çløúdéd,area-52,576,paladin,retribution,12,6,6
27854,Sneely,kelthuzad,576,paladin,retribution,12,6,6
27855,Bigdig,stormrage,576,paladin,retribution,12,6,6
27856,Skarlagen,moon-guard,576,paladin,retribution,12,6,6
27857,Geesworld,nazjatar,576,paladin,retribution,12,6,6
27858,Yungcheezy,illidan,576,paladin,retribution,12,6,6
27859,Sabêr,mannoroth,576,paladin,retribution,12,6,6
27860,Aerandír,stormrage,576,paladin,retribution,12,6,6
27861,Aëriy,moon-guard,576,paladin,retribution,12,6,6
27862,Enj,stormrage,576,paladin,retribution,12,6,6
27863,Rohad,thrall,576,paladin,retribution,12,6,6
27864,Ltt,dalaran,576,paladin,retribution,12,6,6
27865,Zèró,terokkar,576,paladin,retribution,12,6,6
27866,Antonn,stormrage,576,paladin,retribution,12,6,6
27867,Cvpal,stormrage,576,paladin,retribution,12,6,6
27868,Panicbubblin,stormrage,576,paladin,retribution,12,6,6
27869,Çhñkzrèt,illidan,576,paladin,retribution,12,6,6
27870,Vilert,balnazzar,576,paladin,retribution,12,6,6
27871,Yyh,illidan,576,paladin,retribution,12,6,6
27872,Mikeyqt,nemesis,576,paladin,retribution,12,6,6
27873,Xavorn,illidan,576,paladin,retribution,12,6,6
27874,Onixx,kargath,576,paladin,retribution,12,6,6
27875,Troegenator,stormrage,576,paladin,retribution,12,6,6
27876,Retboy,archimonde,576,paladin,retribution,12,6,6
27877,Brubb,illidan,576,paladin,retribution,12,6,6
27878,Octaviak,moon-guard,576,paladin,retribution,12,6,6
27879,Zägreus,moon-guard,576,paladin,retribution,12,6,6
27880,Tacohuntter,stormrage,576,paladin,retribution,12,6,6
27881,Trixzthot,barthilas,576,paladin,retribution,12,6,6
27882,Gambitdin,moon-guard,576,paladin,retribution,12,6,6
27883,Bootcrusader,thrall,576,paladin,retribution,15,7,8
27884,Sunwalker,tichondrius,576,paladin,retribution,17,6,11
27885,Koreancannon,tichondrius,576,paladin,retribution,21,7,14
27886,Joshington,stormrage,576,paladin,retribution,21,7,14
27887,Xpect,spinebreaker,576,paladin,retribution,18,6,12
27888,Niksilp,malfurion,576,paladin,retribution,18,6,12
27889,Goldskìn,sargeras,576,paladin,retribution,18,6,12
27890,Júdgedredd,illidan,576,paladin,retribution,18,6,12
27891,Slowmoshend,illidan,576,paladin,retribution,18,6,12
27892,Kochinodin,ragnaros,576,paladin,retribution,18,6,12
27893,Sourpatchh,stormrage,576,paladin,retribution,18,6,12
27894,Exorcìst,tichondrius,576,paladin,retribution,18,6,12
27895,Omniknìght,stormrage,576,paladin,retribution,18,6,12
27896,Mateeka,malganis,576,paladin,retribution,18,6,12
27897,Kronicle,bleeding-hollow,576,paladin,retribution,18,6,12
27898,Retz,tichondrius,576,paladin,retribution,18,6,12
27899,Felwythe,emerald-dream,576,paladin,retribution,18,6,12
27900,Lightslion,stormrage,576,paladin,retribution,18,6,12
27901,Terrordin,illidan,576,paladin,retribution,18,6,12
27902,Bergz,agamaggan,576,paladin,retribution,18,6,12
27903,Astolfo,tortheldrin,576,paladin,retribution,18,6,12
27904,Hetodo,blood-furnace,576,paladin,retribution,18,6,12
27905,Kramsìb,ragnaros,576,paladin,retribution,18,6,12
27906,Respect,moon-guard,576,paladin,retribution,18,6,12
27907,Emisoul,sargeras,576,paladin,retribution,18,6,12
27908,Nufi,magtheridon,576,paladin,retribution,18,6,12
27909,Shiftybugar,tichondrius,576,paladin,retribution,18,6,12
27910,Liandroa,stormrage,576,paladin,retribution,18,6,12
27911,Jafbe,mugthol,576,paladin,retribution,18,6,12
27912,Divineera,frostmourne,576,paladin,retribution,18,6,12
27913,Wreathy,sargeras,576,paladin,retribution,18,6,12
27914,Suro,moon-guard,576,paladin,retribution,18,6,12
27915,Pallyfreddyy,frostmourne,576,paladin,retribution,24,6,18
27916,Ahsilum,frostmourne,576,paladin,retribution,24,6,18
27917,Dragrias,altar-of-storms,575,paladin,retribution,10,7,3
27918,Übermane,illidan,575,paladin,retribution,12,6,6
27919,Ikanacanyon,stormrage,575,paladin,retribution,12,6,6
27920,Laluce,malganis,575,paladin,retribution,12,6,6
27921,Arkmedys,azralon,575,paladin,retribution,12,6,6
27922,Drágônbôrn,tichondrius,575,paladin,retribution,12,6,6
27923,Knobody,emerald-dream,575,paladin,retribution,12,6,6
27924,Toscadin,ragnaros,575,paladin,retribution,12,6,6
27925,Heiinneken,queldorei,575,paladin,retribution,12,6,6
27926,Vanmauren,quelthalas,575,paladin,retribution,12,6,6
27927,Uvatah,quelthalas,575,paladin,retribution,12,6,6
27928,Vincentnero,runetotem,575,paladin,retribution,12,6,6
27929,Killmode,kelthuzad,575,paladin,retribution,12,6,6
27930,Yuzuru,mannoroth,575,paladin,retribution,12,6,6
27931,Shaggrilla,trollbane,575,paladin,retribution,12,6,6
27932,Skyangel,illidan,575,paladin,retribution,12,6,6
27933,Potiguar,azralon,575,paladin,retribution,12,6,6
27934,Mòse,emerald-dream,575,paladin,retribution,12,6,6
27935,Crixius,eredar,575,paladin,retribution,12,6,6
27936,Blëssëd,zuljin,575,paladin,retribution,12,6,6
27937,Jovolur,dalaran,575,paladin,retribution,12,6,6
27938,Camcam,thrall,575,paladin,retribution,12,6,6
27939,Onecmpeter,kelthuzad,575,paladin,retribution,12,6,6
27940,Holyfaxis,rexxar,575,paladin,retribution,15,7,8
27941,Freesorrow,area-52,575,paladin,retribution,13,6,7
27942,Trekpii,area-52,575,paladin,retribution,13,6,7
27943,Vosailer,illidan,575,paladin,retribution,16,7,9
27944,Bebedor,azralon,575,paladin,retribution,15,6,9
27945,Cropcircles,whisperwind,575,paladin,retribution,18,6,12
27946,Oceangal,illidan,575,paladin,retribution,18,6,12
27947,Haziel,darkspear,575,paladin,retribution,18,6,12
27948,Killstien,illidan,575,paladin,retribution,18,6,12
27949,Palpaladines,quelthalas,575,paladin,retribution,18,6,12
27950,Valdi,stonemaul,575,paladin,retribution,18,6,12
27951,Lecarde,cenarion-circle,575,paladin,retribution,24,6,18
27952,Vecknilashx,quelthalas,575,paladin,retribution,24,6,18
27953,Clasheoff,mannoroth,574,paladin,retribution,12,6,6
27954,Freiror,azralon,574,paladin,retribution,12,6,6
27955,Ihmperiuus,quelthalas,574,paladin,retribution,12,6,6
27956,Akeero,khaz-modan,574,paladin,retribution,12,6,6
27957,Crithealss,dalaran,574,paladin,retribution,12,6,6
27958,Tamahu,azralon,574,paladin,retribution,18,6,12
27959,Darqtank,smolderthorn,574,paladin,retribution,18,6,12
27960,Halordriest,tichondrius,574,paladin,retribution,18,6,12
27961,Fenfrineflo,azralon,574,paladin,retribution,18,6,12
27962,Synnderilla,wyrmrest-accord,574,paladin,retribution,18,6,12
27963,Judgemèntal,illidan,574,paladin,retribution,20,6,14
27964,Phankro,quelthalas,573,paladin,retribution,12,6,6
27965,Kalayton,nesingwary,573,paladin,retribution,12,6,6
27966,Tauyoshi,azjolnerub,573,paladin,retribution,12,6,6
27967,Gämä,azralon,573,paladin,retribution,18,6,12
27968,Alluxian,zuljin,573,paladin,retribution,24,6,18
27969,Chadrickk,tichondrius,572,paladin,retribution,12,6,6
27970,Thorbrecht,moon-guard,572,paladin,retribution,12,6,6
27971,Vanaris,blackrock,571,paladin,retribution,12,6,6
27972,Ajaex,area-52,571,paladin,retribution,12,6,6
27973,Kalerien,wildhammer,571,paladin,retribution,12,6,6
27974,Lucent,duskwood,571,paladin,retribution,18,6,12
27975,Bunkalunk,lightbringer,570,paladin,retribution,15,6,9
27976,Niáa,quelthalas,570,paladin,retribution,18,6,12
27977,Ginwow,hakkar,570,paladin,retribution,18,6,12
27978,Palâdino,azralon,568,paladin,retribution,21,7,14
27979,Arkeon,shadowsong,566,paladin,retribution,12,6,6
27980,Halldhyr,quelthalas,566,paladin,retribution,12,6,6
27981,Ssggk,proudmoore,553,paladin,retribution,17,6,11
27982,Holymanè,tichondrius,543,paladin,retribution,14,7,7
27983,Gloren,garrosh,543,paladin,retribution,17,6,11
27984,Buffalosaucé,illidan,543,paladin,retribution,17,6,11
27985,Suslazin,area-52,543,paladin,retribution,20,7,13
27986,Fødãø,azralon,542,paladin,retribution,11,6,5
27987,Criskaruz,ragnaros,542,paladin,retribution,17,6,11
27988,Hadagoodlay,zuljin,528,paladin,retribution,15,6,9
27989,Yulzypal,tichondrius,527,paladin,retribution,11,6,5
27990,Svaanah,moon-guard,527,paladin,retribution,11,6,5
27991,Sucris,kelthuzad,527,paladin,retribution,11,6,5
27992,Rugay,sargeras,527,paladin,retribution,11,6,5
27993,Tazzul,turalyon,527,paladin,retribution,15,7,8
27994,Vardrik,darkspear,527,paladin,retribution,15,6,9
27995,Oxoslayeroxo,firetree,527,paladin,retribution,15,6,9
27996,ßirdie,ragnaros,527,paladin,retribution,17,6,11
27997,Yuriie,stormrage,527,paladin,retribution,17,6,11
27998,Radiantheart,norgannon,525,paladin,retribution,11,6,5
27999,Briaelyne,tichondrius,522,paladin,retribution,25,8,17
28000,Nathaniel,galakrond,511,paladin,retribution,14,6,8
28001,ßìgdám,bleeding-hollow,511,paladin,retribution,17,6,11
28002,Javiermiléi,quelthalas,511,paladin,retribution,26,6,20
28003,Releváncé,frostmourne,496,paladin,retribution,27,6,21
28004,Spàrhawke,stormrage,495,paladin,retribution,13,6,7
28005,Pemodyne,illidan,495,paladin,retribution,13,6,7
28006,Fionax,frostmourne,495,paladin,retribution,21,6,15
28007,Senorwang,dalaran,494,paladin,retribution,13,6,7
28008,Pickleparker,stormrage,480,paladin,retribution,6,5,1
28009,Lastjedi,whisperwind,480,paladin,retribution,6,5,1
28010,Kelimir,dathremar,480,paladin,retribution,6,5,1
28011,Dragon,uldum,480,paladin,retribution,6,5,1
28012,Mythîcxd,tichondrius,480,paladin,retribution,6,5,1
28013,Mardrïus,tichondrius,480,paladin,retribution,6,5,1
28014,Dartpuncher,frostmourne,480,paladin,retribution,6,5,1
28015,Capsiel,caelestrasz,480,paladin,retribution,6,5,1
28016,Speedlight,ragnaros,480,paladin,retribution,6,5,1
28017,Jianwen,kargath,480,paladin,retribution,6,5,1
28018,Corevp,frostmourne,480,paladin,retribution,6,5,1
28019,Kimitail,tichondrius,480,paladin,retribution,6,5,1
28020,Anarkay,frostmourne,480,paladin,retribution,6,5,1
28021,Adrieoss,stormrage,480,paladin,retribution,6,5,1
28022,Shibbx,quelthalas,480,paladin,retribution,6,5,1
28023,Moozafa,kiljaeden,480,paladin,retribution,6,5,1
28024,Bauschret,thrall,480,paladin,retribution,6,5,1
28025,Pallisix,barthilas,480,paladin,retribution,6,5,1
28026,Jxo,tichondrius,480,paladin,retribution,6,5,1
28027,Strykerrz,tanaris,480,paladin,retribution,6,5,1
28028,Notprot,zuljin,480,paladin,retribution,6,5,1
28029,Romeh,malganis,480,paladin,retribution,6,5,1
28030,Zelowrath,emerald-dream,480,paladin,retribution,6,5,1
28031,Fálko,azralon,480,paladin,retribution,6,5,1
28032,Kongo,darkspear,480,paladin,retribution,6,5,1
28033,Oldlemon,tichondrius,480,paladin,retribution,6,5,1
28034,Shova,nemesis,480,paladin,retribution,6,5,1
28035,Holypillager,zuljin,480,paladin,retribution,6,5,1
28036,Einjerhar,quelthalas,480,paladin,retribution,6,5,1
28037,Mandymuze,illidan,480,paladin,retribution,6,5,1
28038,Van,tichondrius,480,paladin,retribution,6,5,1
28039,Rangedmelee,stormrage,480,paladin,retribution,6,5,1
28040,Fistrozenemy,illidan,480,paladin,retribution,6,5,1
28041,Cès,tichondrius,480,paladin,retribution,6,5,1
28042,Demetriusxy,tichondrius,480,paladin,retribution,6,5,1
28043,Gramsby,aggramar,480,paladin,retribution,6,5,1
28044,Ganrof,mugthol,480,paladin,retribution,6,5,1
28045,Zeprikito,nemesis,480,paladin,retribution,6,5,1
28046,Retxmack,lightnings-blade,480,paladin,retribution,6,5,1
28047,Mollymatt,drenden,480,paladin,retribution,6,5,1
28048,Divenelena,sargeras,480,paladin,retribution,6,5,1
28049,Mmrdonator,icecrown,480,paladin,retribution,6,5,1
28050,Mcjudgin,kilrogg,480,paladin,retribution,6,5,1
28051,Overbet,area-52,480,paladin,retribution,9,6,3
28052,Smaugg,boulderfist,480,paladin,retribution,9,6,3
28053,Siamac,illidan,480,paladin,retribution,13,7,6
28054,Thadrian,nazgrel,480,paladin,retribution,12,5,7
28055,Maxduo,bleeding-hollow,480,paladin,retribution,12,5,7
28056,Jadedx,stormrage,480,paladin,retribution,12,5,7
28057,Valkaurus,drakkari,480,paladin,retribution,12,5,7
28058,Ssawsy,illidan,480,paladin,retribution,12,5,7
28059,Gotwingz,moon-guard,480,paladin,retribution,12,5,7
28060,Kirklandbeef,gorefiend,480,paladin,retribution,12,5,7
28061,Jonbonholy,sargeras,480,paladin,retribution,12,5,7
28062,Uneazyxx,tichondrius,480,paladin,retribution,12,5,7
28063,Wahpop,sargeras,480,paladin,retribution,12,5,7
28064,Faithkiller,garrosh,480,paladin,retribution,12,5,7
28065,Connore,stormrage,480,paladin,retribution,12,5,7
28066,Chenghisret,tichondrius,480,paladin,retribution,12,5,7
28067,Beatman,blades-edge,480,paladin,retribution,12,5,7
28068,Rhaegorn,drakkari,480,paladin,retribution,12,5,7
28069,Thickgirl,bleeding-hollow,480,paladin,retribution,12,5,7
28070,Jaenus,azralon,480,paladin,retribution,12,5,7
28071,Aeoliá,moon-guard,480,paladin,retribution,12,5,7
28072,Lücid,arthas,480,paladin,retribution,12,5,7
28073,Funk,sargeras,480,paladin,retribution,12,5,7
28074,Daddyspit,arthas,480,paladin,retribution,12,5,7
28075,Athamon,nemesis,480,paladin,retribution,12,5,7
28076,Mikeawk,tichondrius,480,paladin,retribution,12,5,7
28077,Trinkhammer,illidan,480,paladin,retribution,12,5,7
28078,Narcolepso,azralon,480,paladin,retribution,12,5,7
28079,Hegarth,archimonde,480,paladin,retribution,12,5,7
28080,Rikku,undermine,480,paladin,retribution,12,5,7
28081,Azerothmajor,tichondrius,480,paladin,retribution,12,5,7
28082,Lightknight,lothar,480,paladin,retribution,12,5,7
28083,Raveen,veknilash,480,paladin,retribution,12,5,7
28084,Shadomourne,arthas,480,paladin,retribution,12,5,7
28085,Ravage,lothar,480,paladin,retribution,12,5,7
28086,Hattie,arthas,480,paladin,retribution,12,5,7
28087,Delightt,sargeras,480,paladin,retribution,12,5,7
28088,Zulyourmom,tichondrius,480,paladin,retribution,12,5,7
28089,Alibuda,tichondrius,480,paladin,retribution,12,5,7
28090,Keelroi,sargeras,480,paladin,retribution,12,5,7
28091,Remorâ,blackrock,480,paladin,retribution,12,5,7
28092,Lowhp,tichondrius,480,paladin,retribution,12,5,7
28093,Bigbleuu,kiljaeden,480,paladin,retribution,12,5,7
28094,Theraptos,frostmourne,480,paladin,retribution,12,5,7
28095,Pussandboots,cairne,480,paladin,retribution,12,5,7
28096,Crucifuk,sargeras,480,paladin,retribution,12,5,7
28097,Jaslexa,illidan,480,paladin,retribution,12,5,7
28098,Shiningtendi,aerie-peak,480,paladin,retribution,12,5,7
28099,Addisen,malganis,480,paladin,retribution,12,5,7
28100,Xizzor,darkspear,480,paladin,retribution,12,5,7
28101,Hallastus,stormrage,480,paladin,retribution,12,5,7
28102,Bettyböp,bleeding-hollow,480,paladin,retribution,12,5,7
28103,Tisu,kiljaeden,480,paladin,retribution,12,5,7
28104,Dragomnnm,stormrage,480,paladin,retribution,12,5,7
28105,Toojazzyleah,proudmoore,480,paladin,retribution,12,5,7
28106,Aeolus,uldaman,480,paladin,retribution,12,5,7
28107,Bigolhammer,khadgar,480,paladin,retribution,12,5,7
28108,Shinymoo,laughing-skull,480,paladin,retribution,12,5,7
28109,ßraveheart,zuljin,480,paladin,retribution,12,5,7
28110,Níngjìngy,tichondrius,480,paladin,retribution,12,5,7
28111,Holytankadin,alleria,480,paladin,retribution,12,5,7
28112,Dinobe,arthas,480,paladin,retribution,12,5,7
28113,Yoroding,tichondrius,480,paladin,retribution,12,5,7
28114,Adrexious,dalaran,480,paladin,retribution,12,5,7
28115,Dehya,sargeras,480,paladin,retribution,12,5,7
28116,Wetterguuch,area-52,480,paladin,retribution,12,5,7
28117,Nohtu,quelthalas,480,paladin,retribution,12,5,7
28118,Liadryn,kiljaeden,480,paladin,retribution,12,5,7
28119,Noleyboo,proudmoore,480,paladin,retribution,12,5,7
28120,Cedwarlancy,sargeras,480,paladin,retribution,12,5,7
28121,Sabericdos,proudmoore,480,paladin,retribution,12,5,7
28122,Mickelodeon,sargeras,480,paladin,retribution,12,5,7
28123,Wreckina,tichondrius,480,paladin,retribution,12,5,7
28124,Hotnchocolat,stormrage,480,paladin,retribution,12,5,7
28125,Mohrdeth,bonechewer,480,paladin,retribution,12,5,7
28126,Holyham,bonechewer,480,paladin,retribution,12,5,7
28127,Kuyueh,tichondrius,480,paladin,retribution,12,5,7
28128,Dipho,illidan,480,paladin,retribution,12,5,7
28129,Meith,ragnaros,480,paladin,retribution,12,5,7
28130,Namiiswan,area-52,480,paladin,retribution,12,5,7
28131,Gotenks,trollbane,480,paladin,retribution,12,5,7
28132,Minzyp,illidan,480,paladin,retribution,12,5,7
28133,Methor,thrall,480,paladin,retribution,12,5,7
28134,Crazymikey,bleeding-hollow,480,paladin,retribution,12,5,7
28135,Únhøly,aegwynn,480,paladin,retribution,12,5,7
28136,Delaswing,quelthalas,480,paladin,retribution,12,5,7
28137,Balmain,moon-guard,480,paladin,retribution,12,5,7
28138,Flavor,cairne,480,paladin,retribution,12,5,7
28139,Gavriel,quelthalas,480,paladin,retribution,12,5,7
28140,Wonas,ragnaros,480,paladin,retribution,12,5,7
28141,Ganster,dreadmaul,480,paladin,retribution,12,5,7
28142,Kaelel,barthilas,480,paladin,retribution,12,5,7
28143,Héathèn,area-52,480,paladin,retribution,12,5,7
28144,Dirtbagg,demon-soul,480,paladin,retribution,12,5,7
28145,Joonzu,frostmane,480,paladin,retribution,12,5,7
28146,Dalance,draka,480,paladin,retribution,12,5,7
28147,Leaelda,wyrmrest-accord,480,paladin,retribution,12,5,7
28148,Hekcthor,ragnaros,480,paladin,retribution,12,5,7
28149,Akain,tichondrius,480,paladin,retribution,12,5,7
28150,Ollyollyawks,bloodscalp,480,paladin,retribution,12,5,7
28151,Merphy,tichondrius,480,paladin,retribution,12,5,7
28152,Lastal,kiljaeden,480,paladin,retribution,12,5,7
28153,Rymondo,sargeras,480,paladin,retribution,12,5,7
28154,Gennara,ragnaros,480,paladin,retribution,12,5,7
28155,Farmerzonly,tichondrius,480,paladin,retribution,12,5,7
28156,Vain,shuhalo,480,paladin,retribution,12,5,7
28157,Yellowmay,sargeras,480,paladin,retribution,12,5,7
28158,Dimsimbar,frostmourne,480,paladin,retribution,12,5,7
28159,Sigismud,quelthalas,480,paladin,retribution,12,5,7
28160,Bold,frostmourne,480,paladin,retribution,12,5,7
28161,Callandør,illidan,480,paladin,retribution,12,5,7
28162,Berapal,tichondrius,480,paladin,retribution,12,5,7
28163,Critadins,thrall,480,paladin,retribution,12,5,7
28164,Shaktii,ragnaros,480,paladin,retribution,12,5,7
28165,Heamis,thunderlord,480,paladin,retribution,12,5,7
28166,Randvi,sargeras,480,paladin,retribution,12,5,7
28167,Thrasheric,ragnaros,480,paladin,retribution,12,5,7
28168,Fixyouz,mannoroth,480,paladin,retribution,12,5,7
28169,Thin,ragnaros,480,paladin,retribution,12,5,7
28170,Jerichô,destromath,480,paladin,retribution,12,5,7
28171,Rakkhalar,ragnaros,480,paladin,retribution,12,5,7
28172,Bullpaladin,barthilas,480,paladin,retribution,12,5,7
28173,Itaghí,sargeras,480,paladin,retribution,12,5,7
28174,Jinuhn,illidan,480,paladin,retribution,12,5,7
28175,Cairdk,ragnaros,480,paladin,retribution,12,5,7
28176,Shadòw,emerald-dream,480,paladin,retribution,12,5,7
28177,Azajudgeman,nemesis,480,paladin,retribution,15,5,10
28178,Holycots,stormrage,480,paladin,retribution,18,5,13
28179,Tikkun,area-52,480,paladin,retribution,18,5,13
28180,Razuel,frostmourne,480,paladin,retribution,18,5,13
28181,Immunelf,azgalor,480,paladin,retribution,18,5,13
28182,Petunias,malganis,480,paladin,retribution,18,5,13
28183,Theril,kelthuzad,480,paladin,retribution,18,5,13
28184,Odiato,stormrage,480,paladin,retribution,18,5,13
28185,Midnightboto,dragonmaw,480,paladin,retribution,18,5,13
28186,Supermetroid,vashj,480,paladin,retribution,18,5,13
28187,Papazon,tichondrius,480,paladin,retribution,18,5,13
28188,Gompa,bleeding-hollow,480,paladin,retribution,18,5,13
28189,Spótt,stormrage,480,paladin,retribution,18,5,13
28190,Melgamis,quelthalas,480,paladin,retribution,18,5,13
28191,Reehzlol,stormrage,480,paladin,retribution,18,5,13
28192,Ztpz,illidan,480,paladin,retribution,18,5,13
28193,Purged,wyrmrest-accord,480,paladin,retribution,18,5,13
28194,Deecompose,sargeras,480,paladin,retribution,18,5,13
28195,Downs,tichondrius,480,paladin,retribution,18,5,13
28196,Tomcat,bladefist,480,paladin,retribution,18,5,13
28197,Parkhwi,tichondrius,480,paladin,retribution,18,5,13
28198,Zightmare,azralon,480,paladin,retribution,18,5,13
28199,Exer,ragnaros,480,paladin,retribution,18,5,13
28200,Typheuz,wyrmrest-accord,480,paladin,retribution,18,5,13
28201,Grubbyhands,tichondrius,480,paladin,retribution,18,5,13
28202,Harke,drakkari,480,paladin,retribution,18,5,13
28203,Chriscoz,korgath,480,paladin,retribution,18,5,13
28204,Photons,emerald-dream,480,paladin,retribution,18,5,13
28205,Firexfist,gurubashi,480,paladin,retribution,24,5,19
28206,Spoelstra,dragonmaw,480,paladin,retribution,24,5,19
28207,Zero,garona,480,paladin,retribution,30,5,25
28208,Azdan,ragnaros,480,paladin,retribution,30,5,25
28209,Lorawynn,cenarion-circle,479,paladin,retribution,6,5,1
28210,Abuenano,ragnaros,479,paladin,retribution,6,5,1
28211,Kremation,zuljin,479,paladin,retribution,6,5,1
28212,Palaknight,tichondrius,479,paladin,retribution,6,5,1
28213,Asttryd,barthilas,479,paladin,retribution,12,7,5
28214,Heneaz,quelthalas,479,paladin,retribution,12,5,7
28215,Inqa,thunderlord,479,paladin,retribution,12,5,7
28216,Noctis,nerzhul,479,paladin,retribution,12,5,7
28217,Memoríez,zuljin,479,paladin,retribution,12,5,7
28218,Minjikim,tichondrius,479,paladin,retribution,12,5,7
28219,Ðarksealz,laughing-skull,479,paladin,retribution,12,5,7
28220,Reedeemer,bonechewer,479,paladin,retribution,12,5,7
28221,Khels,gilneas,479,paladin,retribution,12,5,7
28222,Mereoleona,elune,479,paladin,retribution,12,5,7
28223,Zelrich,moon-guard,479,paladin,retribution,12,5,7
28224,Cóg,area-52,479,paladin,retribution,12,5,7
28225,Cowsavior,terenas,479,paladin,retribution,12,5,7
28226,Ashera,amanthul,479,paladin,retribution,12,5,7
28227,Robz,malygos,479,paladin,retribution,12,5,7
28228,Ceebuck,thrall,479,paladin,retribution,12,5,7
28229,Murderous,frostmourne,479,paladin,retribution,12,5,7
28230,Kaylafell,kelthuzad,479,paladin,retribution,12,5,7
28231,Maswell,emerald-dream,479,paladin,retribution,12,5,7
28232,Sgtskittles,aggramar,479,paladin,retribution,12,5,7
28233,Chrisqwa,sargeras,479,paladin,retribution,12,5,7
28234,Takz,daggerspine,479,paladin,retribution,14,5,9
28235,Provail,stormrage,479,paladin,retribution,18,5,13
28236,Griz,magtheridon,479,paladin,retribution,18,5,13
28237,Oilme,bleeding-hollow,479,paladin,retribution,18,5,13
28238,Kief,emerald-dream,479,paladin,retribution,18,5,13
28239,Kajoruun,bleeding-hollow,479,paladin,retribution,24,5,19
28240,Disconnect,azjolnerub,479,paladin,retribution,24,5,19
28241,Palypunchh,darrowmere,478,paladin,retribution,12,6,6
28242,Impia,tichondrius,478,paladin,retribution,12,5,7
28243,Neipala,ragnaros,478,paladin,retribution,12,5,7
28244,Millicentt,quelthalas,478,paladin,retribution,12,5,7
28245,Chengduqq,illidan,478,paladin,retribution,12,5,7
28246,Lagun,wyrmrest-accord,478,paladin,retribution,12,5,7
28247,Vonfraud,lightbringer,478,paladin,retribution,18,5,13
28248,Alvis,kiljaeden,478,paladin,retribution,24,5,19
28249,Benzen,bleeding-hollow,477,paladin,retribution,12,5,7
28250,Jammsheed,arthas,477,paladin,retribution,12,5,7
28251,Kaminasol,quelthalas,477,paladin,retribution,18,5,13
28252,Pedromuulos,misha,477,paladin,retribution,24,5,19
28253,Solstein,dalaran,474,paladin,retribution,12,5,7
28254,Dubaron,burning-blade,473,paladin,retribution,12,5,7
28255,Vengecide,proudmoore,473,paladin,retribution,12,5,7
28256,Elysés,stormrage,463,paladin,retribution,11,5,6
28257,Kforty,kiljaeden,458,paladin,retribution,18,7,11
28258,Pablito,fizzcrank,457,paladin,retribution,21,7,14
28259,Thepallyx,silvermoon,448,paladin,retribution,16,5,11
28260,Bloodybill,frostmane,447,paladin,retribution,11,5,6
28261,Jireen,tichondrius,447,paladin,retribution,11,5,6
28262,Asarul,ragnaros,447,paladin,retribution,14,6,8
28263,Holythanos,bleeding-hollow,445,paladin,retribution,17,5,12
28264,Árèz,frostmourne,441,paladin,retribution,17,7,10
28265,Alacrity,shadowsong,432,paladin,retribution,15,5,10
28266,Neverforgot,quelthalas,431,paladin,retribution,11,5,6
28267,Zzf,turalyon,431,paladin,retribution,11,5,6
28268,Naeamen,dragonmaw,430,paladin,retribution,9,6,3
28269,Ahzreal,garona,426,paladin,retribution,16,8,8
28270,Regivän,azralon,426,paladin,retribution,12,6,6
28271,Hálløwéð,firetree,426,paladin,retribution,14,6,8
28272,Stankylordz,sargeras,426,paladin,retribution,19,8,11
28273,Rashrind,moon-guard,426,paladin,retribution,23,8,15
28274,Kimochiyuh,illidan,425,paladin,retribution,17,7,10
28275,Yemotis,emerald-dream,416,paladin,retribution,10,5,5
28276,Ææøææøææøææø,illidan,416,paladin,retribution,10,5,5
28277,Molodino,nemesis,416,paladin,retribution,10,5,5
28278,Lndrenk,gallywix,416,paladin,retribution,13,5,8
28279,Stahny,thrall,415,paladin,retribution,10,5,5
28280,Saviorsavior,bleeding-hollow,415,paladin,retribution,11,5,6
28281,Epxilon,ragnaros,415,paladin,retribution,14,5,9
28282,Artaxerxes,stormrage,415,paladin,retribution,14,5,9
28283,Waffulzz,moonrunner,415,paladin,retribution,20,5,15
28284,Rainingrets,tichondrius,404,paladin,retribution,28,10,18
28285,Thechoseno,tichondrius,400,paladin,retribution,13,5,8
28286,Iamriched,illidan,400,paladin,retribution,13,5,8
28287,Tinithis,tichondrius,399,paladin,retribution,5,5,0
28288,Sydnneeyy,kelthuzad,399,paladin,retribution,5,5,0
28289,Kaypross,area-52,384,paladin,retribution,6,4,2
28290,Dwarfineas,dalaran,384,paladin,retribution,6,4,2
28291,Suddify,area-52,384,paladin,retribution,6,4,2
28292,Farlayne,quelthalas,384,paladin,retribution,6,4,2
28293,Laventus,area-52,384,paladin,retribution,6,4,2
28294,Ascencer,spirestone,384,paladin,retribution,6,4,2
28295,Ashlín,sargeras,384,paladin,retribution,6,4,2
28296,Taiffan,azralon,384,paladin,retribution,6,4,2
28297,Dartárok,ragnaros,384,paladin,retribution,6,4,2
28298,Cenital,quelthalas,384,paladin,retribution,6,4,2
28299,Owllii,frostwolf,384,paladin,retribution,6,4,2
28300,Anstyl,moon-guard,384,paladin,retribution,6,4,2
28301,Thottylight,stormrage,384,paladin,retribution,6,4,2
28302,Vólko,frostmourne,384,paladin,retribution,6,4,2
28303,Rexinarr,area-52,384,paladin,retribution,6,4,2
28304,Seven,blackwing-lair,384,paladin,retribution,6,4,2
28305,Leoros,blackrock,384,paladin,retribution,6,4,2
28306,Cålamìty,dalaran,384,paladin,retribution,6,4,2
28307,Tayvar,stormrage,384,paladin,retribution,6,4,2
28308,Trynith,area-52,384,paladin,retribution,6,4,2
28309,Trisøn,area-52,384,paladin,retribution,6,4,2
28310,Pappablanco,stormrage,384,paladin,retribution,6,4,2
28311,Chandlerrj,area-52,384,paladin,retribution,6,4,2
28312,Goontaa,staghelm,384,paladin,retribution,6,4,2
28313,Yuliu,magtheridon,384,paladin,retribution,6,4,2
28314,Inactive,gilneas,384,paladin,retribution,6,4,2
28315,Luluwu,stormrage,384,paladin,retribution,6,4,2
28316,Salithan,gilneas,384,paladin,retribution,6,4,2
28317,Wyrmblood,moon-guard,384,paladin,retribution,6,4,2
28318,Plateßound,black-dragonflight,384,paladin,retribution,6,4,2
28319,Plottwists,bleeding-hollow,384,paladin,retribution,6,4,2
28320,Washavy,drakkari,384,paladin,retribution,6,4,2
28321,Dörisseline,bleeding-hollow,384,paladin,retribution,6,4,2
28322,Babylonfive,zuluhed,384,paladin,retribution,6,4,2
28323,Lothremar,stormrage,384,paladin,retribution,6,4,2
28324,Easiestclass,azshara,384,paladin,retribution,6,4,2
28325,Åphrodite,bleeding-hollow,384,paladin,retribution,6,4,2
28326,Notaefc,icecrown,384,paladin,retribution,6,4,2
28327,Doç,stormrage,384,paladin,retribution,6,4,2
28328,Thêirin,lightbringer,384,paladin,retribution,6,4,2
28329,Ashgrim,kiljaeden,384,paladin,retribution,6,4,2
28330,Temptrez,bleeding-hollow,384,paladin,retribution,6,4,2
28331,Dyreilas,stormrage,384,paladin,retribution,6,4,2
28332,Shadp,frostmourne,384,paladin,retribution,6,4,2
28333,Polisexüs,azralon,384,paladin,retribution,6,4,2
28334,Lalatinaford,amanthul,384,paladin,retribution,6,4,2
28335,Bop,azralon,384,paladin,retribution,6,4,2
28336,Ironpallyx,garrosh,384,paladin,retribution,6,4,2
28337,Palieop,aerie-peak,384,paladin,retribution,6,4,2
28338,Saulhudson,bleeding-hollow,384,paladin,retribution,6,4,2
28339,Pray,thunderlord,384,paladin,retribution,6,4,2
28340,Vxm,illidan,384,paladin,retribution,6,4,2
28341,Crewsade,sargeras,384,paladin,retribution,6,4,2
28342,Baladine,zuljin,384,paladin,retribution,6,4,2
28343,Daylit,proudmoore,384,paladin,retribution,6,4,2
28344,Gilgamesh,moonrunner,384,paladin,retribution,6,4,2
28345,Xs,nagrand,384,paladin,retribution,6,4,2
28346,Dazztrain,barthilas,384,paladin,retribution,6,4,2
28347,Akadios,azralon,384,paladin,retribution,6,4,2
28348,Paredes,demon-soul,384,paladin,retribution,6,4,2
28349,Darkestday,hellscream,384,paladin,retribution,6,4,2
28350,Aohxmathoss,zuljin,384,paladin,retribution,6,4,2
28351,Nikho,thunderlord,384,paladin,retribution,6,4,2
28352,Giancarloss,quelthalas,384,paladin,retribution,6,4,2
28353,Silreck,ragnaros,384,paladin,retribution,6,4,2
28354,Rohlin,boulderfist,384,paladin,retribution,6,4,2
28355,Couraegus,azgalor,384,paladin,retribution,6,4,2
28356,Sasukee,quelthalas,384,paladin,retribution,6,4,2
28357,Dillysdilly,zuljin,384,paladin,retribution,6,4,2
28358,Crocfacex,tichondrius,384,paladin,retribution,6,4,2
28359,Heliösdark,quelthalas,384,paladin,retribution,6,4,2
28360,Slakyph,zuljin,384,paladin,retribution,6,4,2
28361,Darklyght,madoran,384,paladin,retribution,6,4,2
28362,Chunggus,eredar,384,paladin,retribution,6,4,2
28363,Twobuttons,draktharon,384,paladin,retribution,6,4,2
28364,Poobiotic,frostmourne,384,paladin,retribution,6,4,2
28365,Butterbeanz,tanaris,384,paladin,retribution,6,4,2
28366,Cratt,chromaggus,384,paladin,retribution,6,4,2
28367,Wosy,azralon,384,paladin,retribution,6,4,2
28368,Redempshun,drenden,384,paladin,retribution,6,4,2
28369,Aymer,thrall,384,paladin,retribution,6,4,2
28370,Anaxxie,azralon,384,paladin,retribution,6,4,2
28371,Raphaelo,tichondrius,384,paladin,retribution,6,4,2
28372,Navex,tichondrius,384,paladin,retribution,6,4,2
28373,Zetka,tichondrius,384,paladin,retribution,6,4,2
28374,Daylin,tichondrius,384,paladin,retribution,6,4,2
28375,Illustrata,illidan,384,paladin,retribution,6,4,2
28376,Reclusiarch,tichondrius,384,paladin,retribution,6,4,2
28377,Patrikuu,tichondrius,384,paladin,retribution,6,4,2
28378,Dörisseline,tichondrius,384,paladin,retribution,6,4,2
28379,Fxxku,tichondrius,384,paladin,retribution,6,4,2
28380,Bubblebùtt,tichondrius,384,paladin,retribution,6,4,2
28381,Bmorezaddy,tichondrius,384,paladin,retribution,6,4,2
28382,Reckoniing,moon-guard,384,paladin,retribution,6,4,2
28383,Khanid,emerald-dream,384,paladin,retribution,6,4,2
28384,Heniou,tichondrius,384,paladin,retribution,6,4,2
28385,Isevp,illidan,384,paladin,retribution,6,4,2
28386,Täintcrusher,illidan,384,paladin,retribution,6,4,2
28387,Tanrid,moon-guard,384,paladin,retribution,6,4,2
28388,Merlinä,illidan,384,paladin,retribution,6,4,2
28389,Gigantidab,tichondrius,384,paladin,retribution,6,4,2
28390,Xöchïqüëtzäl,tichondrius,384,paladin,retribution,6,4,2
28391,Laurenlight,tichondrius,384,paladin,retribution,6,4,2
28392,Fâmed,tichondrius,384,paladin,retribution,6,4,2
28393,Bloodrefuge,tichondrius,384,paladin,retribution,6,4,2
28394,Gåbrîel,emerald-dream,384,paladin,retribution,6,4,2
28395,Bigddady,quelthalas,384,paladin,retribution,8,4,4
28396,Minaxx,dalaran,384,paladin,retribution,9,4,5
28397,Thõre,frostmourne,384,paladin,retribution,15,5,10
28398,Joepepperoni,korgath,384,paladin,retribution,12,4,8
28399,Crystahlmeth,sargeras,384,paladin,retribution,12,4,8
28400,Tyronethebbc,tichondrius,384,paladin,retribution,12,4,8
28401,Vhaun,cairne,384,paladin,retribution,12,4,8
28402,Varuul,nerzhul,384,paladin,retribution,12,4,8
28403,Volphorix,illidan,384,paladin,retribution,12,4,8
28404,Hisenberg,drakkari,384,paladin,retribution,12,4,8
28405,Roländ,thrall,384,paladin,retribution,12,4,8
28406,Jimithing,senjin,384,paladin,retribution,12,4,8
28407,Lokkillos,drakkari,384,paladin,retribution,12,4,8
28408,Holyhymen,mannoroth,384,paladin,retribution,12,4,8
28409,Moltensilver,emerald-dream,384,paladin,retribution,12,4,8
28410,Givinpowpows,korgath,384,paladin,retribution,12,4,8
28411,Grimdel,moon-guard,384,paladin,retribution,12,4,8
28412,Dohsevèn,tichondrius,384,paladin,retribution,12,4,8
28413,Zexion,azralon,384,paladin,retribution,12,4,8
28414,Zyras,whisperwind,384,paladin,retribution,12,4,8
28415,Sixty,sargeras,384,paladin,retribution,12,4,8
28416,Maelificus,aggramar,384,paladin,retribution,12,4,8
28417,Abregut,ragnaros,384,paladin,retribution,12,4,8
28418,Drpawg,tichondrius,384,paladin,retribution,12,4,8
28419,Kreigvar,moon-guard,384,paladin,retribution,12,4,8
28420,Passinpeace,tichondrius,384,paladin,retribution,12,4,8
28421,Vodulight,tichondrius,384,paladin,retribution,12,4,8
28422,Fengyutongqs,tichondrius,384,paladin,retribution,12,4,8
28423,Eettooko,aegwynn,384,paladin,retribution,12,4,8
28424,Sethy,feathermoon,384,paladin,retribution,12,4,8
28425,Lenneth,nordrassil,384,paladin,retribution,12,4,8
28426,Msjudged,blackrock,384,paladin,retribution,12,4,8
28427,Icekiss,tichondrius,384,paladin,retribution,12,4,8
28428,Niolite,ragnaros,384,paladin,retribution,12,4,8
28429,Bauldrin,moon-guard,384,paladin,retribution,12,4,8
28430,Elflicious,illidan,384,paladin,retribution,12,4,8
28431,Crazysyco,proudmoore,384,paladin,retribution,12,4,8
28432,Bracen,emerald-dream,384,paladin,retribution,12,4,8
28433,Goloh,shadowmoon,384,paladin,retribution,12,4,8
28434,Delvious,proudmoore,384,paladin,retribution,12,4,8
28435,Rightz,muradin,384,paladin,retribution,12,4,8
28436,Botch,drenden,384,paladin,retribution,12,4,8
28437,Retoric,maelstrom,384,paladin,retribution,12,4,8
28438,Aewynn,nemesis,384,paladin,retribution,12,4,8
28439,Saamuus,quelthalas,384,paladin,retribution,12,4,8
28440,Retspec,darkspear,384,paladin,retribution,12,4,8
28441,Simonis,windrunner,384,paladin,retribution,12,4,8
28442,Baptism,shattered-hand,384,paladin,retribution,12,4,8
28443,Mashy,moon-guard,384,paladin,retribution,12,4,8
28444,Gersin,azralon,384,paladin,retribution,12,4,8
28445,Retsáiyan,tichondrius,384,paladin,retribution,12,4,8
28446,Aricen,thunderhorn,384,paladin,retribution,12,4,8
28447,Strugglèbus,thrall,384,paladin,retribution,12,4,8
28448,Lânnâ,tichondrius,384,paladin,retribution,12,4,8
28449,Heavener,tichondrius,384,paladin,retribution,12,4,8
28450,Gloryholy,shattered-hand,384,paladin,retribution,12,4,8
28451,Dorka,illidan,384,paladin,retribution,12,4,8
28452,Dose,moon-guard,384,paladin,retribution,12,4,8
28453,Sigmapepe,quelthalas,384,paladin,retribution,12,4,8
28454,Lightahean,proudmoore,384,paladin,retribution,12,4,8
28455,Phattpump,tichondrius,384,paladin,retribution,12,4,8
28456,Sahbabii,baelgun,384,paladin,retribution,12,4,8
28457,Wolfgrad,stormrage,384,paladin,retribution,12,4,8
28458,Tufybighamer,malganis,384,paladin,retribution,12,4,8
28459,Kratosq,tichondrius,384,paladin,retribution,12,4,8
28460,Andromëdä,hyjal,384,paladin,retribution,12,4,8
28461,Gripadin,tichondrius,384,paladin,retribution,12,4,8
28462,Glexann,sargeras,384,paladin,retribution,12,4,8
28463,Catuvalos,kiljaeden,384,paladin,retribution,12,4,8
28464,Blackmuu,malganis,384,paladin,retribution,12,4,8
28465,Ðorlie,malganis,384,paladin,retribution,12,4,8
28466,Kiami,tichondrius,384,paladin,retribution,12,4,8
28467,Drakensang,tichondrius,384,paladin,retribution,12,4,8
28468,Simpforomenx,emerald-dream,384,paladin,retribution,12,4,8
28469,Greenracer,kiljaeden,384,paladin,retribution,12,4,8
28470,Ddawz,proudmoore,384,paladin,retribution,12,4,8
28471,Kurook,moon-guard,384,paladin,retribution,12,4,8
28472,Prettylightx,kelthuzad,384,paladin,retribution,12,4,8
28473,Bigboynathan,frostmourne,384,paladin,retribution,12,4,8
28474,Ilsey,ragnaros,384,paladin,retribution,12,4,8
28475,Krypton,tichondrius,384,paladin,retribution,12,4,8
28476,Goodgardener,hyjal,384,paladin,retribution,12,4,8
28477,Solambul,tichondrius,384,paladin,retribution,12,4,8
28478,Oroürke,stormrage,384,paladin,retribution,12,4,8
28479,Returdstrenf,illidan,384,paladin,retribution,12,4,8
28480,Kamianna,tichondrius,384,paladin,retribution,12,4,8
28481,Jimxeung,tichondrius,384,paladin,retribution,12,4,8
28482,Jeddmaus,tichondrius,384,paladin,retribution,12,4,8
28483,Slimxx,burning-blade,384,paladin,retribution,12,4,8
28484,Taelpalx,stormrage,384,paladin,retribution,12,4,8
28485,Remm,emerald-dream,384,paladin,retribution,12,4,8
28486,Qunima,tichondrius,384,paladin,retribution,12,4,8
28487,Pallyforeva,sargeras,384,paladin,retribution,12,4,8
28488,Faffyi,thunderlord,384,paladin,retribution,12,4,8
28489,Salvatores,ragnaros,384,paladin,retribution,12,4,8
28490,Wards,thunderlord,384,paladin,retribution,12,4,8
28491,Pogwogs,illidan,384,paladin,retribution,12,4,8
28492,Thaleros,tichondrius,384,paladin,retribution,12,4,8
28493,Jade,black-dragonflight,384,paladin,retribution,12,4,8
28494,Uver,tichondrius,384,paladin,retribution,12,4,8
28495,Senion,velen,384,paladin,retribution,12,4,8
28496,Adauto,illidan,384,paladin,retribution,12,4,8
28497,Aidillon,shadowsong,384,paladin,retribution,12,4,8
28498,Eddf,ursin,384,paladin,retribution,12,4,8
28499,Avataar,blades-edge,384,paladin,retribution,12,4,8
28500,Smöke,frostmourne,384,paladin,retribution,12,4,8
28501,Adrn,tichondrius,384,paladin,retribution,12,4,8
28502,Picorii,frostmourne,384,paladin,retribution,12,4,8
28503,Smontis,sargeras,384,paladin,retribution,12,4,8
28504,Illhaveacoke,moon-guard,384,paladin,retribution,12,4,8
28505,Blargnarg,area-52,384,paladin,retribution,12,4,8
28506,Øathßreaker,laughing-skull,384,paladin,retribution,12,4,8
28507,Dionysius,silvermoon,384,paladin,retribution,12,4,8
28508,Mikeelul,tichondrius,384,paladin,retribution,12,4,8
28509,Leail,frostmourne,384,paladin,retribution,12,4,8
28510,Tymy,tichondrius,384,paladin,retribution,12,4,8
28511,Kyrianjutsu,area-52,384,paladin,retribution,12,4,8
28512,Àpolo,stormrage,384,paladin,retribution,12,4,8
28513,Hrizul,drakthul,384,paladin,retribution,12,4,8
28514,Korijame,area-52,384,paladin,retribution,12,4,8
28515,Dezul,stormscale,384,paladin,retribution,12,4,8
28516,Ibull,stormscale,384,paladin,retribution,12,4,8
28517,Whoowhat,zuljin,384,paladin,retribution,12,4,8
28518,Juliusplzher,area-52,384,paladin,retribution,12,4,8
28519,Toxanator,frostmourne,384,paladin,retribution,12,4,8
28520,Zøzø,zuljin,384,paladin,retribution,12,4,8
28521,Inareus,agamaggan,384,paladin,retribution,12,4,8
28522,Vonmagnus,sargeras,384,paladin,retribution,12,4,8
28523,Anoleak,tichondrius,384,paladin,retribution,12,4,8
28524,Veshral,arthas,384,paladin,retribution,12,4,8
28525,Ippótis,sargeras,384,paladin,retribution,12,4,8
28526,Kegari,tichondrius,384,paladin,retribution,12,4,8
28527,Grimmune,illidan,384,paladin,retribution,12,4,8
28528,Hølyknìght,tichondrius,384,paladin,retribution,12,4,8
28529,Roodictz,zuljin,384,paladin,retribution,12,4,8
28530,Auka,zuljin,384,paladin,retribution,12,4,8
28531,Oppaladin,elune,384,paladin,retribution,12,4,8
28532,Lépéedophil,zuljin,384,paladin,retribution,12,4,8
28533,Blikzy,caelestrasz,384,paladin,retribution,12,4,8
28534,Lightmodel,sargeras,384,paladin,retribution,12,4,8
28535,Valikyr,mugthol,384,paladin,retribution,12,4,8
28536,Tëmplar,bleeding-hollow,384,paladin,retribution,12,4,8
28537,Lowther,bleeding-hollow,384,paladin,retribution,12,4,8
28538,Evilmoocow,grizzly-hills,384,paladin,retribution,12,4,8
28539,Acquiesce,bleeding-hollow,384,paladin,retribution,16,5,11
28540,Batmanp,quelthalas,384,paladin,retribution,13,4,9
28541,Essexqt,blackhand,384,paladin,retribution,18,4,14
28542,Tylnish,hyjal,384,paladin,retribution,18,4,14
28543,Caityaj,illidan,384,paladin,retribution,18,4,14
28544,Hupa,crushridge,384,paladin,retribution,18,4,14
28545,ßén,bleeding-hollow,384,paladin,retribution,18,4,14
28546,Powercelest,quelthalas,384,paladin,retribution,18,4,14
28547,Ccpx,area-52,384,paladin,retribution,18,4,14
28548,Malisaa,tichondrius,384,paladin,retribution,18,4,14
28549,Theadona,runetotem,384,paladin,retribution,18,4,14
28550,Micurs,hyjal,384,paladin,retribution,18,4,14
28551,Xinoh,area-52,384,paladin,retribution,18,4,14
28552,Ongang,illidan,384,paladin,retribution,18,4,14
28553,Fragnum,barthilas,384,paladin,retribution,18,4,14
28554,Draknals,illidan,384,paladin,retribution,18,4,14
28555,Talurius,azralon,384,paladin,retribution,18,4,14
28556,Matrium,kiljaeden,384,paladin,retribution,24,4,20
28557,Backfattammy,bleeding-hollow,384,paladin,retribution,24,4,20
28558,Iskándar,tichondrius,384,paladin,retribution,24,4,20
28559,Mhakoi,bleeding-hollow,384,paladin,retribution,24,4,20
28560,Balador,uldum,383,paladin,retribution,6,4,2
28561,Sinficha,quelthalas,383,paladin,retribution,6,4,2
28562,Charmeine,zuljin,383,paladin,retribution,6,4,2
28563,Brandforge,thunderlord,383,paladin,retribution,6,4,2
28564,Dabsmaster,dalaran,383,paladin,retribution,6,4,2
28565,Pajjy,azralon,383,paladin,retribution,6,4,2
28566,Themachon,stormrage,383,paladin,retribution,6,4,2
28567,Kennysun,azralon,383,paladin,retribution,12,4,8
28568,Holyburger,hakkar,383,paladin,retribution,12,4,8
28569,Mugann,malganis,383,paladin,retribution,12,4,8
28570,Desrexen,malganis,383,paladin,retribution,12,4,8
28571,Mooroy,moon-guard,383,paladin,retribution,12,4,8
28572,Holyqt,thunderlord,383,paladin,retribution,12,4,8
28573,Hølydiver,rivendare,383,paladin,retribution,12,4,8
28574,Øexørcistta,nemesis,383,paladin,retribution,12,4,8
28575,Scyni,kelthuzad,383,paladin,retribution,13,4,9
28576,Piojopaladin,quelthalas,383,paladin,retribution,13,4,9
28577,Balnot,blackrock,383,paladin,retribution,18,4,14
28578,Funkknight,sargeras,383,paladin,retribution,18,4,14
28579,Paladocka,stormrage,383,paladin,retribution,24,4,20
28580,Hadrianus,azralon,383,paladin,retribution,24,4,20
28581,Kenbad,aegwynn,382,paladin,retribution,6,4,2
28582,Kungrowl,emerald-dream,382,paladin,retribution,6,4,2
28583,Zedekia,aerie-peak,382,paladin,retribution,12,4,8
28584,Lailaa,balnazzar,382,paladin,retribution,12,4,8
28585,Derpnstein,gorgonnash,382,paladin,retribution,12,4,8
28586,Sparklepuss,turalyon,379,paladin,retribution,12,4,8
28587,Amerok,malfurion,378,paladin,retribution,18,4,14
28588,Nyms,gallywix,374,paladin,retribution,36,4,32
28589,Novachrono,bladefist,367,paladin,retribution,9,5,4
28590,Crucifine,wyrmrest-accord,367,paladin,retribution,11,4,7
28591,Goinglarge,frostmourne,367,paladin,retribution,11,4,7
28592,Barzø,tichondrius,367,paladin,retribution,11,4,7
28593,Mop,eitrigg,367,paladin,retribution,17,4,13
28594,Kegmight,emerald-dream,367,paladin,retribution,17,4,13
28595,Bibimbop,boulderfist,352,paladin,retribution,13,5,8
28596,Gordonryan,bleeding-hollow,352,paladin,retribution,16,4,12
28597,Páladian,quelthalas,351,paladin,retribution,11,4,7
28598,Sesshomâru,nemesis,351,paladin,retribution,11,4,7
28599,Língnafòx,tichondrius,336,paladin,retribution,9,5,4
28600,Bruujqt,moon-guard,336,paladin,retribution,9,5,4
28601,Titansnake,illidan,336,paladin,retribution,9,4,5
28602,Meduselda,kelthuzad,335,paladin,retribution,9,5,4
28603,Ethernaly,quelthalas,335,paladin,retribution,11,4,7
28604,Newwow,tichondrius,330,paladin,retribution,15,5,10
28605,Asolace,dark-iron,320,paladin,retribution,10,4,6
28606,Ruulight,tichondrius,319,paladin,retribution,5,4,1
28607,Junmá,tichondrius,319,paladin,retribution,5,4,1
28608,Cagowhite,tichondrius,319,paladin,retribution,8,4,4
28609,Jnxzster,sargeras,319,paladin,retribution,8,4,4
28610,Jadelong,azshara,319,paladin,retribution,8,4,4
28611,Holyshasha,tichondrius,319,paladin,retribution,8,4,4
28612,Gryphin,moon-guard,319,paladin,retribution,8,4,4
28613,Karig,sargeras,319,paladin,retribution,8,4,4
28614,Holynaps,malganis,319,paladin,retribution,9,4,5
28615,Darkjewmagic,frostmourne,319,paladin,retribution,14,4,10
28616,Torrthak,area-52,304,paladin,retribution,7,4,3
28617,Naizen,tichondrius,304,paladin,retribution,7,4,3
28618,Dfz,mannoroth,288,paladin,retribution,6,3,3
28619,Netflixnfeet,stormreaver,288,paladin,retribution,6,3,3
28620,Flareous,moon-guard,288,paladin,retribution,6,3,3
28621,Chicoweather,sargeras,288,paladin,retribution,6,3,3
28622,Bivol,whisperwind,288,paladin,retribution,6,3,3
28623,Sóláris,moon-guard,288,paladin,retribution,6,3,3
28624,Zuezz,korialstrasz,288,paladin,retribution,6,3,3
28625,Sâbër,moon-guard,288,paladin,retribution,6,3,3
28626,Kegman,thrall,288,paladin,retribution,6,3,3
28627,Numela,moon-guard,288,paladin,retribution,6,3,3
28628,Mki,kargath,288,paladin,retribution,6,3,3
28629,Leá,illidan,288,paladin,retribution,6,3,3
28630,Vynlen,uldaman,288,paladin,retribution,6,3,3
28631,Jerratt,thrall,288,paladin,retribution,6,3,3
28632,Baelmun,thrall,288,paladin,retribution,6,3,3
28633,Cafre,illidan,288,paladin,retribution,6,3,3
28634,Chiraqret,thunderhorn,288,paladin,retribution,6,3,3
28635,Uritank,thrall,288,paladin,retribution,6,3,3
28636,Reiot,sargeras,288,paladin,retribution,6,3,3
28637,Nalenne,alexstrasza,288,paladin,retribution,6,3,3
28638,Divinetits,sargeras,288,paladin,retribution,6,3,3
28639,Daigorro,illidan,288,paladin,retribution,6,3,3
28640,Vük,destromath,288,paladin,retribution,6,3,3
28641,Shibbz,illidan,288,paladin,retribution,6,3,3
28642,Marof,spirestone,288,paladin,retribution,6,3,3
28643,Lowbb,sargeras,288,paladin,retribution,6,3,3
28644,Senisse,illidan,288,paladin,retribution,6,3,3
28645,Rost,jaedenar,288,paladin,retribution,6,3,3
28646,Varezion,vashj,288,paladin,retribution,6,3,3
28647,Ðova,moon-guard,288,paladin,retribution,6,3,3
28648,Kkrewk,illidan,288,paladin,retribution,6,3,3
28649,Purekiller,destromath,288,paladin,retribution,6,3,3
28650,Lomis,azgalor,288,paladin,retribution,6,3,3
28651,Dev,frostwolf,288,paladin,retribution,6,3,3
28652,Verbum,malfurion,288,paladin,retribution,6,3,3
28653,Obbzz,spirestone,288,paladin,retribution,6,3,3
28654,Edjr,stormrage,288,paladin,retribution,6,3,3
28655,Ludicrus,tichondrius,288,paladin,retribution,6,3,3
28656,Zeroret,tichondrius,288,paladin,retribution,6,3,3
28657,Shockdoctor,stormrage,288,paladin,retribution,6,3,3
28658,Krackanut,kelthuzad,288,paladin,retribution,6,3,3
28659,Eldanx,stormrage,288,paladin,retribution,6,3,3
28660,Revent,drakkari,288,paladin,retribution,6,3,3
28661,Luxuriousman,fizzcrank,288,paladin,retribution,6,3,3
28662,Lorainn,ragnaros,288,paladin,retribution,6,3,3
28663,Alocr,drakkari,288,paladin,retribution,6,3,3
28664,Salamislappr,stormrage,288,paladin,retribution,6,3,3
28665,Elri,ragnaros,288,paladin,retribution,6,3,3
28666,Ximenita,ragnaros,288,paladin,retribution,6,3,3
28667,Légolas,llane,288,paladin,retribution,6,3,3
28668,Nâtion,cenarius,288,paladin,retribution,6,3,3
28669,Hypheríon,ragnaros,288,paladin,retribution,6,3,3
28670,Pallynatir,ragnaros,288,paladin,retribution,6,3,3
28671,Cocodog,kiljaeden,288,paladin,retribution,6,3,3
28672,Kahleesy,sargeras,288,paladin,retribution,6,3,3
28673,Hybrix,tichondrius,288,paladin,retribution,6,3,3
28674,Zercker,ragnaros,288,paladin,retribution,6,3,3
28675,Lightheartx,proudmoore,288,paladin,retribution,6,3,3
28676,Gapingpooter,shadowmoon,288,paladin,retribution,6,3,3
28677,Buttflapster,proudmoore,288,paladin,retribution,6,3,3
28678,Eleonorr,proudmoore,288,paladin,retribution,6,3,3
28679,Locustknight,illidan,288,paladin,retribution,6,3,3
28680,Itzon,proudmoore,288,paladin,retribution,6,3,3
28681,Pipay,proudmoore,288,paladin,retribution,6,3,3
28682,Moox,wyrmrest-accord,288,paladin,retribution,6,3,3
28683,Assaultron,dalaran,288,paladin,retribution,6,3,3
28684,Dráugus,azralon,288,paladin,retribution,6,3,3
28685,Rectaluse,dalaran,288,paladin,retribution,6,3,3
28686,Retsuxks,twisting-nether,288,paladin,retribution,6,3,3
28687,Dominance,blackrock,288,paladin,retribution,6,3,3
28688,Otame,quelthalas,288,paladin,retribution,6,3,3
28689,Víctor,quelthalas,288,paladin,retribution,6,3,3
28690,Condexx,quelthalas,288,paladin,retribution,6,3,3
28691,Thecrusaders,proudmoore,288,paladin,retribution,6,3,3
28692,Boladosx,azralon,288,paladin,retribution,6,3,3
28693,Finnthepally,proudmoore,288,paladin,retribution,6,3,3
28694,Tadaki,dalaran,288,paladin,retribution,6,3,3
28695,Kickflipped,dalaran,288,paladin,retribution,6,3,3
28696,Therocker,darkspear,288,paladin,retribution,6,3,3
28697,Kyperion,stormrage,288,paladin,retribution,6,3,3
28698,Zakh,proudmoore,288,paladin,retribution,6,3,3
28699,Orangepa,dalaran,288,paladin,retribution,6,3,3
28700,Zilladin,darkspear,288,paladin,retribution,6,3,3
28701,Timu,suramar,288,paladin,retribution,6,3,3
28702,Zugzorr,azralon,288,paladin,retribution,6,3,3
28703,Dimitrony,quelthalas,288,paladin,retribution,6,3,3
28704,Rhoynar,quelthalas,288,paladin,retribution,6,3,3
28705,Feikonia,queldorei,288,paladin,retribution,6,3,3
28706,Snippdeux,garrosh,288,paladin,retribution,6,3,3
28707,Darthalion,quelthalas,288,paladin,retribution,6,3,3
28708,Jojoboskies,aegwynn,288,paladin,retribution,6,3,3
28709,Beepsmash,executus,288,paladin,retribution,6,3,3
28710,Hadory,shattered-halls,288,paladin,retribution,6,3,3
28711,Ulfsark,garrosh,288,paladin,retribution,6,3,3
28712,Lencelia,deathwing,288,paladin,retribution,6,3,3
28713,Theßest,baelgun,288,paladin,retribution,6,3,3
28714,Runebane,doomhammer,288,paladin,retribution,6,3,3
28715,Zenpally,doomhammer,288,paladin,retribution,6,3,3
28716,Brodyb,malganis,288,paladin,retribution,6,3,3
28717,Principe,queldorei,288,paladin,retribution,6,3,3
28718,Deadlyskills,arathor,288,paladin,retribution,6,3,3
28719,Apocryphx,stormrage,288,paladin,retribution,6,3,3
28720,Mcfleye,malganis,288,paladin,retribution,6,3,3
28721,Palladini,jubeithos,288,paladin,retribution,6,3,3
28722,Mvpp,dalaran,288,paladin,retribution,6,3,3
28723,Bigdmcgee,frostmourne,288,paladin,retribution,6,3,3
28724,Menjo,malganis,288,paladin,retribution,6,3,3
28725,Transwoman,frostmourne,288,paladin,retribution,6,3,3
28726,Mayfirepal,hyjal,288,paladin,retribution,6,3,3
28727,Àxçël,hyjal,288,paladin,retribution,6,3,3
28728,Dumbledwarf,hyjal,288,paladin,retribution,6,3,3
28729,Holyyness,bleeding-hollow,288,paladin,retribution,6,3,3
28730,Bíteme,sargeras,288,paladin,retribution,6,3,3
28731,Stamptime,emerald-dream,288,paladin,retribution,6,3,3
28732,Pvar,stormrage,288,paladin,retribution,6,3,3
28733,Valadinna,tichondrius,288,paladin,retribution,6,3,3
28734,Nickotines,kelthuzad,288,paladin,retribution,6,3,3
28735,Scamadin,tichondrius,288,paladin,retribution,6,3,3
28736,Judgem,tichondrius,288,paladin,retribution,6,3,3
28737,Aelael,icecrown,288,paladin,retribution,6,3,3
28738,Casadorez,tichondrius,288,paladin,retribution,6,3,3
28739,Reallyfe,skullcrusher,288,paladin,retribution,6,3,3
28740,Warchaos,skullcrusher,288,paladin,retribution,6,3,3
28741,Shakemup,stormrage,288,paladin,retribution,6,3,3
28742,Ýøg,tichondrius,288,paladin,retribution,6,3,3
28743,Taynos,tichondrius,288,paladin,retribution,6,3,3
28744,Pahlevahn,stormrage,288,paladin,retribution,6,3,3
28745,Sinhero,area-52,288,paladin,retribution,6,3,3
28746,Nerfretpls,area-52,288,paladin,retribution,6,3,3
28747,Deltronzerø,area-52,288,paladin,retribution,6,3,3
28748,Xaospaladin,frostmourne,288,paladin,retribution,6,3,3
28749,Chickenlover,tichondrius,288,paladin,retribution,6,3,3
28750,Rektodin,tichondrius,288,paladin,retribution,6,3,3
28751,Halnarran,area-52,288,paladin,retribution,6,3,3
28752,Everyni,area-52,288,paladin,retribution,6,3,3
28753,Morlunè,tichondrius,288,paladin,retribution,6,3,3
28754,Brahlix,area-52,288,paladin,retribution,6,3,3
28755,Makiligos,area-52,288,paladin,retribution,6,3,3
28756,Ankhz,area-52,288,paladin,retribution,6,3,3
28757,Absolvus,emerald-dream,288,paladin,retribution,6,3,3
28758,Syvir,area-52,288,paladin,retribution,6,3,3
28759,Nevanethus,frostmourne,288,paladin,retribution,6,3,3
28760,Xbertiize,tichondrius,288,paladin,retribution,6,3,3
28761,Jorkoh,the-scryers,288,paladin,retribution,6,3,3
28762,Danks,arthas,288,paladin,retribution,6,3,3
28763,Blackop,gallywix,288,paladin,retribution,6,3,3
28764,Ironboxer,tichondrius,288,paladin,retribution,6,3,3
28765,Karwryn,magtheridon,288,paladin,retribution,6,3,3
28766,Holyshrekt,frostmourne,288,paladin,retribution,6,3,3
28767,Nhanless,tichondrius,288,paladin,retribution,6,3,3
28768,Kanachi,bleeding-hollow,288,paladin,retribution,6,3,3
28769,Coldverdict,tichondrius,288,paladin,retribution,6,3,3
28770,Stømpdøwn,tichondrius,288,paladin,retribution,6,3,3
28771,Jónò,tichondrius,288,paladin,retribution,6,3,3
28772,Divinebehind,laughing-skull,288,paladin,retribution,6,3,3
28773,Varo,laughing-skull,288,paladin,retribution,6,3,3
28774,Astasia,laughing-skull,288,paladin,retribution,6,3,3
28775,Kôld,tichondrius,288,paladin,retribution,6,3,3
28776,Sadamell,tichondrius,288,paladin,retribution,6,3,3
28777,Bigdumpy,thaurissan,288,paladin,retribution,6,3,3
28778,Sanctïon,bleeding-hollow,288,paladin,retribution,6,3,3
28779,Holyplaise,tichondrius,288,paladin,retribution,6,3,3
28780,Barbesacrer,zuljin,288,paladin,retribution,6,3,3
28781,Ataraxy,bleeding-hollow,288,paladin,retribution,6,3,3
28782,Borisdablade,bleeding-hollow,288,paladin,retribution,6,3,3
28783,Gorillawings,tichondrius,288,paladin,retribution,6,3,3
28784,Pauliss,sargeras,288,paladin,retribution,6,3,3
28785,Lituation,sargeras,288,paladin,retribution,6,3,3
28786,Konyfotm,bleeding-hollow,288,paladin,retribution,6,3,3
28787,Lasonil,zuljin,288,paladin,retribution,6,3,3
28788,Kithrah,dathremar,288,paladin,retribution,6,3,3
28789,Kloernstarr,sargeras,288,paladin,retribution,6,3,3
28790,Bubblet,bleeding-hollow,288,paladin,retribution,6,3,3
28791,Rebelion,nagrand,288,paladin,retribution,6,3,3
28792,Justsaiyen,bleeding-hollow,288,paladin,retribution,6,3,3
28793,Palinator,bleeding-hollow,288,paladin,retribution,6,3,3
28794,Jestiny,amanthul,288,paladin,retribution,6,3,3
28795,Bigdamham,tichondrius,288,paladin,retribution,6,3,3
28796,Everith,bleeding-hollow,288,paladin,retribution,6,3,3
28797,Nyxkithar,nagrand,288,paladin,retribution,6,3,3
28798,Ivanko,dalaran,288,paladin,retribution,7,3,4
28799,Xanaxlol,sargeras,288,paladin,retribution,10,4,6
28800,Retattack,area-52,288,paladin,retribution,10,4,6
28801,Mightbeard,proudmoore,288,paladin,retribution,8,3,5
28802,Josepala,stormrage,288,paladin,retribution,9,3,6
28803,Claudleon,drakkari,288,paladin,retribution,12,3,9
28804,Ucvnt,illidan,288,paladin,retribution,12,3,9
28805,Spiritkeep,veknilash,288,paladin,retribution,12,3,9
28806,Aeltharix,blackwater-raiders,288,paladin,retribution,12,3,9
28807,Troyamat,nemesis,288,paladin,retribution,12,3,9
28808,Walkerbait,nazgrel,288,paladin,retribution,12,3,9
28809,Sàber,tichondrius,288,paladin,retribution,12,3,9
28810,Koltar,stormrage,288,paladin,retribution,12,3,9
28811,Bringbakbuff,illidan,288,paladin,retribution,12,3,9
28812,Aduynn,tichondrius,288,paladin,retribution,12,3,9
28813,Kaorah,drakkari,288,paladin,retribution,12,3,9
28814,Tíron,dalaran,288,paladin,retribution,12,3,9
28815,Dävis,ragnaros,288,paladin,retribution,12,3,9
28816,Jontapally,stormrage,288,paladin,retribution,12,3,9
28817,Uzbadkhazad,ragnaros,288,paladin,retribution,12,3,9
28818,Ðeathguise,ysera,288,paladin,retribution,12,3,9
28819,Marrike,moon-guard,288,paladin,retribution,12,3,9
28820,Tharinty,ragnaros,288,paladin,retribution,12,3,9
28821,Quelite,sargeras,288,paladin,retribution,12,3,9
28822,Yepsqorz,tichondrius,288,paladin,retribution,12,3,9
28823,Paladatrox,ragnaros,288,paladin,retribution,12,3,9
28824,Amega,bleeding-hollow,288,paladin,retribution,12,3,9
28825,Gingibeno,tichondrius,288,paladin,retribution,12,3,9
28826,Corni,kiljaeden,288,paladin,retribution,12,3,9
28827,Dárkness,blades-edge,288,paladin,retribution,12,3,9
28828,Bubblebooty,drakthul,288,paladin,retribution,12,3,9
28829,Sessybrexy,bleeding-hollow,288,paladin,retribution,12,3,9
28830,Leronos,zuljin,288,paladin,retribution,12,3,9
28831,Homeboywill,hyjal,288,paladin,retribution,12,3,9
28832,Hardclimacks,frostmourne,288,paladin,retribution,12,3,9
28833,Palâdin,zuljin,288,paladin,retribution,12,3,9
28834,Tacoroll,tichondrius,288,paladin,retribution,12,3,9
28835,Rxxkiee,tichondrius,288,paladin,retribution,12,3,9
28836,Ajara,moon-guard,288,paladin,retribution,12,3,9
28837,Darkshield,stormrage,288,paladin,retribution,12,3,9
28838,Mwanmwa,blades-edge,288,paladin,retribution,12,3,9
28839,Tarpeeksi,tichondrius,288,paladin,retribution,12,3,9
28840,Bigplucker,kelthuzad,288,paladin,retribution,12,3,9
28841,Bigjoetheceo,mannoroth,288,paladin,retribution,12,3,9
28842,Kreigan,hellscream,288,paladin,retribution,12,3,9
28843,Vaaleria,dalaran,288,paladin,retribution,12,3,9
28844,Madworld,moon-guard,288,paladin,retribution,12,3,9
28845,Cromsecrate,dalaran,288,paladin,retribution,12,3,9
28846,Flashstark,area-52,288,paladin,retribution,12,3,9
28847,Crusticus,stormrage,288,paladin,retribution,12,3,9
28848,Hahe,tichondrius,288,paladin,retribution,12,3,9
28849,Eljosco,nordrassil,288,paladin,retribution,12,3,9
28850,Ogtandoness,azgalor,288,paladin,retribution,12,3,9
28851,Varthinator,stormrage,288,paladin,retribution,12,3,9
28852,Wälly,garona,288,paladin,retribution,12,3,9
28853,Theodrei,darrowmere,288,paladin,retribution,12,3,9
28854,Lue,boulderfist,288,paladin,retribution,12,3,9
28855,Johnus,lightbringer,288,paladin,retribution,12,3,9
28856,Geekpala,thrall,288,paladin,retribution,12,3,9
28857,Nastenatren,steamwheedle-cartel,288,paladin,retribution,12,3,9
28858,Tolleytrain,malganis,288,paladin,retribution,12,3,9
28859,Sanction,the-forgotten-coast,288,paladin,retribution,12,3,9
28860,Dekho,quelthalas,288,paladin,retribution,12,3,9
28861,Laelias,lightbringer,288,paladin,retribution,12,3,9
28862,Kuoch,shandris,288,paladin,retribution,12,3,9
28863,Bulbi,emerald-dream,288,paladin,retribution,12,3,9
28864,Yeluh,malganis,288,paladin,retribution,12,3,9
28865,Tutle,nathrezim,288,paladin,retribution,12,3,9
28866,Fknnoath,frostmourne,288,paladin,retribution,12,3,9
28867,Dalden,trollbane,288,paladin,retribution,12,3,9
28868,Thnannan,tichondrius,288,paladin,retribution,12,3,9
28869,Donsagrado,quelthalas,288,paladin,retribution,12,3,9
28870,Ultrah,area-52,288,paladin,retribution,12,3,9
28871,Chetmorton,emerald-dream,288,paladin,retribution,12,3,9
28872,Treezey,durotan,288,paladin,retribution,12,3,9
28873,Brutaldeath,area-52,288,paladin,retribution,12,3,9
28874,Svane,thunderlord,288,paladin,retribution,12,3,9
28875,Gashlycrumb,tichondrius,288,paladin,retribution,12,3,9
28876,Boopif,sargeras,288,paladin,retribution,12,3,9
28877,Tarkovkappa,illidan,288,paladin,retribution,12,3,9
28878,Unspankable,burning-legion,288,paladin,retribution,12,3,9
28879,Kentö,area-52,288,paladin,retribution,12,3,9
28880,Flyinpankake,illidan,288,paladin,retribution,12,3,9
28881,Thunddarr,stormrage,288,paladin,retribution,12,3,9
28882,Olorunn,tichondrius,288,paladin,retribution,12,3,9
28883,Elpal,thrall,288,paladin,retribution,12,3,9
28884,Säv,tichondrius,288,paladin,retribution,12,3,9
28885,Fpaladin,tichondrius,288,paladin,retribution,12,3,9
28886,Wasabipal,malganis,288,paladin,retribution,12,3,9
28887,Baconsock,kelthuzad,288,paladin,retribution,12,3,9
28888,Slania,area-52,288,paladin,retribution,12,3,9
28889,Aenwyl,quelthalas,288,paladin,retribution,12,3,9
28890,Smokeys,sargeras,288,paladin,retribution,12,3,9
28891,Calvary,stormscale,288,paladin,retribution,12,3,9
28892,Asukaxt,illidan,288,paladin,retribution,12,3,9
28893,Pallypòwer,garrosh,288,paladin,retribution,12,3,9
28894,Sivan,crushridge,288,paladin,retribution,12,3,9
28895,Nik,the-underbog,288,paladin,retribution,12,3,9
28896,Lìnkzq,frostmourne,288,paladin,retribution,12,3,9
28897,Bellzebut,sargeras,288,paladin,retribution,18,3,15
28898,Fourchon,tichondrius,288,paladin,retribution,18,3,15
28899,Spoons,malganis,288,paladin,retribution,18,3,15
28900,Bullworm,ragnaros,288,paladin,retribution,18,3,15
28901,Zoriå,sargeras,288,paladin,retribution,18,3,15
28902,Divinedabs,stormrage,288,paladin,retribution,18,3,15
28903,Mollybop,stormrage,288,paladin,retribution,18,3,15
28904,Pepepally,area-52,288,paladin,retribution,18,3,15
28905,Voorrkk,kelthuzad,288,paladin,retribution,18,3,15
28906,Lovy,area-52,288,paladin,retribution,18,3,15
28907,Whangsta,tichondrius,288,paladin,retribution,24,3,21
28908,Covidxlx,hakkar,287,paladin,retribution,6,3,3
28909,Sundreland,moon-guard,287,paladin,retribution,6,3,3
28910,Nøxus,azralon,287,paladin,retribution,6,3,3
28911,Matøs,stormrage,287,paladin,retribution,6,3,3
28912,Batix,malfurion,287,paladin,retribution,6,3,3
28913,Sweetpally,moonrunner,287,paladin,retribution,6,3,3
28914,Kimbr,gallywix,287,paladin,retribution,6,3,3
28915,Holytrails,sargeras,287,paladin,retribution,6,3,3
28916,Iralyn,frostmane,287,paladin,retribution,6,3,3
28917,Nalahra,moon-guard,287,paladin,retribution,9,4,5
28918,Reathe,llane,287,paladin,retribution,12,3,9
28919,Stainless,magtheridon,287,paladin,retribution,12,3,9
28920,Laylee,anvilmar,287,paladin,retribution,12,3,9
28921,Níka,turalyon,287,paladin,retribution,12,3,9
28922,Housemix,gurubashi,286,paladin,retribution,6,3,3
28923,Olstonie,garrosh,286,paladin,retribution,6,3,3
28924,Cruz,silver-hand,286,paladin,retribution,12,3,9
28925,Hukah,darkspear,286,paladin,retribution,18,3,15
28926,Ronatiú,tichondrius,271,paladin,retribution,11,3,8
28927,Tyrack,ragnaros,271,paladin,retribution,11,3,8
28928,Feelmenu,deathwing,271,paladin,retribution,11,3,8
28929,Milkmi,frostmourne,271,paladin,retribution,11,3,8
28930,Ôv,norgannon,256,paladin,retribution,4,4,0
28931,Gabrielú,lightninghoof,256,paladin,retribution,10,3,7
28932,Logaen,stormrage,256,paladin,retribution,16,3,13
28933,Kealthamar,wyrmrest-accord,255,paladin,retribution,4,4,0
28934,Gusset,tichondrius,255,paladin,retribution,8,4,4
28935,Wunderbread,dalaran,255,paladin,retribution,11,3,8
28936,Vero,agamaggan,254,paladin,retribution,23,3,20
28937,Lorgax,alterac-mountains,240,paladin,retribution,9,3,6
28938,Fulgal,jubeithos,240,paladin,retribution,9,3,6
28939,Badmix,tichondrius,239,paladin,retribution,5,3,2
28940,Wegie,emerald-dream,239,paladin,retribution,5,3,2
28941,Anoxis,tichondrius,239,paladin,retribution,5,3,2
28942,Hallowgrave,moon-guard,239,paladin,retribution,5,3,2
28943,Helberth,stormrage,239,paladin,retribution,5,3,2
28944,Sôsaboy,tichondrius,239,paladin,retribution,5,3,2
28945,Ðablordx,tichondrius,239,paladin,retribution,9,4,5
28946,Palitard,tichondrius,234,paladin,retribution,7,5,2
28947,Malumá,ragnaros,234,paladin,retribution,11,6,5
28948,Carneguisada,sargeras,234,paladin,retribution,10,5,5
28949,Westee,stormrage,234,paladin,retribution,8,4,4
28950,Swiftysh,ragnaros,234,paladin,retribution,9,4,5
28951,Stinkystan,korgath,234,paladin,retribution,10,4,6
28952,Filoz,ragnaros,234,paladin,retribution,17,5,12
28953,Sølaire,stormrage,234,paladin,retribution,14,4,10
28954,Needbuffs,ysondre,234,paladin,retribution,15,4,11
28955,Wainkywink,malganis,234,paladin,retribution,15,4,11
28956,Matts,sargeras,234,paladin,retribution,15,4,11
28957,Píkachü,azralon,224,paladin,retribution,10,3,7
28958,Livalil,chogall,224,paladin,retribution,16,3,13
28959,Wabukis,twisting-nether,223,paladin,retribution,8,3,5
28960,Lhury,quelthalas,223,paladin,retribution,8,3,5
28961,Argonis,shadowsong,223,paladin,retribution,8,3,5
28962,Tydrialin,tichondrius,223,paladin,retribution,8,3,5
28963,Ráky,quelthalas,223,paladin,retribution,14,3,11
28964,Diotiz,area-52,208,paladin,retribution,11,4,7
28965,Moistsaiyan,blood-furnace,206,paladin,retribution,7,3,4
28966,Biggbraiin,drakkari,192,paladin,retribution,4,3,1
28967,Fante,alleria,192,paladin,retribution,4,3,1
28968,Undrgrndman,dalaran,192,paladin,retribution,4,3,1
28969,Zhspeilian,tichondrius,192,paladin,retribution,11,4,7
28970,Anonymvs,eredar,192,paladin,retribution,9,3,6
28971,Thejüdge,malfurion,192,paladin,retribution,6,2,4
28972,Thaidron,area-52,192,paladin,retribution,6,2,4
28973,Shanehere,thrall,192,paladin,retribution,6,2,4
28974,Capedcrusade,area-52,192,paladin,retribution,6,2,4
28975,Disastroùs,frostmourne,192,paladin,retribution,6,2,4
28976,Twatiegodx,malganis,192,paladin,retribution,6,2,4
28977,Dynastyhero,area-52,192,paladin,retribution,6,2,4
28978,Helioos,stormrage,192,paladin,retribution,6,2,4
28979,Seratonyn,malganis,192,paladin,retribution,6,2,4
28980,Farvadin,illidan,192,paladin,retribution,6,2,4
28981,Greatblade,barthilas,192,paladin,retribution,6,2,4
28982,Stlthykilla,cenarion-circle,192,paladin,retribution,6,2,4
28983,Palåth,barthilas,192,paladin,retribution,6,2,4
28984,Runterran,illidan,192,paladin,retribution,6,2,4
28985,Invïctus,dalaran,192,paladin,retribution,6,2,4
28986,Xenophanes,dalaran,192,paladin,retribution,6,2,4
28987,Thorrh,malganis,192,paladin,retribution,6,2,4
28988,Tuama,frostmourne,192,paladin,retribution,6,2,4
28989,Felourian,malganis,192,paladin,retribution,6,2,4
28990,Bharan,dalaran,192,paladin,retribution,6,2,4
28991,Loocille,frostmourne,192,paladin,retribution,6,2,4
28992,Virisanctii,stormrage,192,paladin,retribution,6,2,4
28993,Révolution,barthilas,192,paladin,retribution,6,2,4
28994,Exalter,malganis,192,paladin,retribution,6,2,4
28995,Réalg,area-52,192,paladin,retribution,6,2,4
28996,Pushabuton,illidan,192,paladin,retribution,6,2,4
28997,Alasper,malganis,192,paladin,retribution,6,2,4
28998,Sigurd,khadgar,192,paladin,retribution,6,2,4
28999,Insidous,galakrond,192,paladin,retribution,6,2,4
29000,Oxycleän,doomhammer,192,paladin,retribution,6,2,4
29001,Lightgasm,alterac-mountains,192,paladin,retribution,6,2,4
29002,Bërzerk,zuluhed,192,paladin,retribution,6,2,4
29003,Nýze,area-52,192,paladin,retribution,6,2,4
29004,Piousgecko,illidan,192,paladin,retribution,6,2,4
29005,Awarena,area-52,192,paladin,retribution,6,2,4
29006,Desterro,quelthalas,192,paladin,retribution,6,2,4
29007,Corthic,area-52,192,paladin,retribution,6,2,4
29008,Angeluzlk,quelthalas,192,paladin,retribution,6,2,4
29009,Repèntance,stormrage,192,paladin,retribution,6,2,4
29010,Petsmacker,dalaran,192,paladin,retribution,6,2,4
29011,Ðuel,area-52,192,paladin,retribution,6,2,4
29012,Wackobeef,barthilas,192,paladin,retribution,6,2,4
29013,Whyurunning,area-52,192,paladin,retribution,6,2,4
29014,Trøn,kalecgos,192,paladin,retribution,6,2,4
29015,Kigz,illidan,192,paladin,retribution,6,2,4
29016,Thejokermp,kelthuzad,192,paladin,retribution,6,2,4
29017,Lilpally,frostmourne,192,paladin,retribution,6,2,4
29018,Nicerice,dalaran,192,paladin,retribution,6,2,4
29019,Prèèd,frostmourne,192,paladin,retribution,6,2,4
29020,Hulc,ysera,192,paladin,retribution,6,2,4
29021,Shaqueefah,illidan,192,paladin,retribution,6,2,4
29022,Jazzmatic,dalaran,192,paladin,retribution,6,2,4
29023,Ordinary,greymane,192,paladin,retribution,6,2,4
29024,Ugotburstt,arthas,192,paladin,retribution,6,2,4
29025,Psychlight,quelthalas,192,paladin,retribution,6,2,4
29026,Alphönsë,quelthalas,192,paladin,retribution,6,2,4
29027,Granada,kirin-tor,192,paladin,retribution,6,2,4
29028,Rây,stormrage,192,paladin,retribution,6,2,4
29029,Retro,magtheridon,192,paladin,retribution,6,2,4
29030,Dexstarr,frostmourne,192,paladin,retribution,6,2,4
29031,Tomackin,quelthalas,192,paladin,retribution,6,2,4
29032,Killmoth,illidan,192,paladin,retribution,6,2,4
29033,Varianpally,kelthuzad,192,paladin,retribution,6,2,4
29034,Drintense,area-52,192,paladin,retribution,6,2,4
29035,Angelscrÿ,stormrage,192,paladin,retribution,6,2,4
29036,Armasexodus,barthilas,192,paladin,retribution,6,2,4
29037,Flexedonyou,sentinels,192,paladin,retribution,6,2,4
29038,Yoúngdolph,elune,192,paladin,retribution,6,2,4
29039,Mikewazowski,chogall,192,paladin,retribution,6,2,4
29040,Outofholy,stormrage,192,paladin,retribution,6,2,4
29041,Legionret,thrall,192,paladin,retribution,6,2,4
29042,Abivion,stormrage,192,paladin,retribution,6,2,4
29043,Mazexd,illidan,192,paladin,retribution,6,2,4
29044,Grim,eonar,192,paladin,retribution,6,2,4
29045,Hinamattsuri,velen,192,paladin,retribution,6,2,4
29046,Cyliex,illidan,192,paladin,retribution,6,2,4
29047,Ryuuku,gilneas,192,paladin,retribution,6,2,4
29048,Mexipaladin,thrall,192,paladin,retribution,6,2,4
29049,Halot,skullcrusher,192,paladin,retribution,6,2,4
29050,Bøzø,stormrage,192,paladin,retribution,6,2,4
29051,Dreadain,gilneas,192,paladin,retribution,6,2,4
29052,Spyglas,quelthalas,192,paladin,retribution,6,2,4
29053,Rekos,zuljin,192,paladin,retribution,6,2,4
29054,Kêy,the-venture-co,192,paladin,retribution,6,2,4
29055,Stunnaax,frostmourne,192,paladin,retribution,6,2,4
29056,Oroth,ragnaros,192,paladin,retribution,6,2,4
29057,Ret,onyxia,192,paladin,retribution,6,2,4
29058,Eull,skullcrusher,192,paladin,retribution,6,2,4
29059,Machoo,laughing-skull,192,paladin,retribution,6,2,4
29060,Honeydews,zuljin,192,paladin,retribution,6,2,4
29061,Baloria,stormrage,192,paladin,retribution,6,2,4
29062,Martin,haomarush,192,paladin,retribution,6,2,4
29063,Yeshayah,dalaran,192,paladin,retribution,6,2,4
29064,Lightkillerx,thrall,192,paladin,retribution,6,2,4
29065,Blackbeerd,stormrage,192,paladin,retribution,6,2,4
29066,Spanx,blackwing-lair,192,paladin,retribution,6,2,4
29067,Ogretchair,zuljin,192,paladin,retribution,6,2,4
29068,Herbzilla,haomarush,192,paladin,retribution,6,2,4
29069,Moohulk,ragnaros,192,paladin,retribution,6,2,4
29070,Citadehl,bleeding-hollow,192,paladin,retribution,6,2,4
29071,Stöny,illidan,192,paladin,retribution,6,2,4
29072,Überlin,whisperwind,192,paladin,retribution,6,2,4
29073,Domiet,bleeding-hollow,192,paladin,retribution,6,2,4
29074,Durotar,ragnaros,192,paladin,retribution,6,2,4
29075,Internadi,frostmourne,192,paladin,retribution,6,2,4
29076,Brucitenjr,illidan,192,paladin,retribution,6,2,4
29077,Paladam,burning-blade,192,paladin,retribution,6,2,4
29078,Gasunits,stormrage,192,paladin,retribution,6,2,4
29079,Voro,barthilas,192,paladin,retribution,6,2,4
29080,Gordyn,khazgoroth,192,paladin,retribution,6,2,4
29081,Liht,khazgoroth,192,paladin,retribution,6,2,4
29082,Darkkantares,ragnaros,192,paladin,retribution,6,2,4
29083,Byonsay,zuljin,192,paladin,retribution,6,2,4
29084,Diänë,ragnaros,192,paladin,retribution,6,2,4
29085,Tôhru,ragnaros,192,paladin,retribution,6,2,4
29086,Johnygoodboi,khazgoroth,192,paladin,retribution,6,2,4
29087,Freslys,zuljin,192,paladin,retribution,6,2,4
29088,Majinpal,illidan,192,paladin,retribution,6,2,4
29089,Felkor,caelestrasz,192,paladin,retribution,6,2,4
29090,Malakk,zuljin,192,paladin,retribution,6,2,4
29091,Ramises,nemesis,192,paladin,retribution,6,2,4
29092,Crosjudge,zuljin,192,paladin,retribution,6,2,4
29093,Madnhairy,zuljin,192,paladin,retribution,6,2,4
29094,Ohsoclose,bleeding-hollow,192,paladin,retribution,6,2,4
29095,Zaghad,ragnaros,192,paladin,retribution,6,2,4
29096,Hafra,zuljin,192,paladin,retribution,6,2,4
29097,Moshio,nagrand,192,paladin,retribution,6,2,4
29098,Blessinofsac,nagrand,192,paladin,retribution,6,2,4
29099,Sweettartts,zuljin,192,paladin,retribution,6,2,4
29100,Azúlá,garona,192,paladin,retribution,6,2,4
29101,Pallypallyy,aerie-peak,192,paladin,retribution,6,2,4
29102,Alkon,quelthalas,192,paladin,retribution,6,2,4
29103,Blackflare,undermine,192,paladin,retribution,6,2,4
29104,Crijr,ragnaros,192,paladin,retribution,6,2,4
29105,Morcant,drakkari,192,paladin,retribution,6,2,4
29106,Lilby,lightbringer,192,paladin,retribution,6,2,4
29107,Neydisa,sargeras,192,paladin,retribution,6,2,4
29108,Blastoise,drakkari,192,paladin,retribution,6,2,4
29109,Rochet,kiljaeden,192,paladin,retribution,6,2,4
29110,Rite,azralon,192,paladin,retribution,6,2,4
29111,Shebas,kilrogg,192,paladin,retribution,6,2,4
29112,Fallóut,proudmoore,192,paladin,retribution,6,2,4
29113,Pelegroot,azralon,192,paladin,retribution,6,2,4
29114,Astrøworld,sargeras,192,paladin,retribution,6,2,4
29115,Gîmply,proudmoore,192,paladin,retribution,6,2,4
29116,Airane,sargeras,192,paladin,retribution,6,2,4
29117,Eyecandý,tichondrius,192,paladin,retribution,6,2,4
29118,Pállymán,proudmoore,192,paladin,retribution,6,2,4
29119,Sleepynug,proudmoore,192,paladin,retribution,6,2,4
29120,Aválerion,proudmoore,192,paladin,retribution,6,2,4
29121,Poppmybubble,frostmourne,192,paladin,retribution,6,2,4
29122,Roity,proudmoore,192,paladin,retribution,6,2,4
29123,Haznthley,proudmoore,192,paladin,retribution,6,2,4
29124,Trê,sargeras,192,paladin,retribution,6,2,4
29125,Gredel,sargeras,192,paladin,retribution,6,2,4
29126,Achalius,queldorei,192,paladin,retribution,6,2,4
29127,Heartsend,nerzhul,192,paladin,retribution,6,2,4
29128,Ohthatguy,sargeras,192,paladin,retribution,6,2,4
29129,Dwarfpaladin,dragonmaw,192,paladin,retribution,6,2,4
29130,Honeyduw,moon-guard,192,paladin,retribution,6,2,4
29131,Reepr,tichondrius,192,paladin,retribution,6,2,4
29132,Smolbeef,tichondrius,192,paladin,retribution,6,2,4
29133,Ríf,sargeras,192,paladin,retribution,6,2,4
29134,Schooiez,tichondrius,192,paladin,retribution,6,2,4
29135,Noscajj,tichondrius,192,paladin,retribution,6,2,4
29136,Tyberas,wyrmrest-accord,192,paladin,retribution,6,2,4
29137,Vengx,sargeras,192,paladin,retribution,6,2,4
29138,Toto,sargeras,192,paladin,retribution,6,2,4
29139,Alvinsane,proudmoore,192,paladin,retribution,6,2,4
29140,Guelmin,azralon,192,paladin,retribution,6,2,4
29141,Krabbiepatty,wyrmrest-accord,192,paladin,retribution,6,2,4
29142,Crimsonjudge,sargeras,192,paladin,retribution,6,2,4
29143,Whittia,wyrmrest-accord,192,paladin,retribution,6,2,4
29144,Dithfeo,tichondrius,192,paladin,retribution,6,2,4
29145,Pallylyfe,wyrmrest-accord,192,paladin,retribution,6,2,4
29146,Verzuhazadon,tichondrius,192,paladin,retribution,6,2,4
29147,Ashheart,the-venture-co,192,paladin,retribution,6,2,4
29148,Nyc,sargeras,192,paladin,retribution,6,2,4
29149,Buri,tichondrius,192,paladin,retribution,6,2,4
29150,Crânkz,blackrock,192,paladin,retribution,6,2,4
29151,Xoppo,tichondrius,192,paladin,retribution,6,2,4
29152,Holypumper,moon-guard,192,paladin,retribution,6,2,4
29153,Pallycow,kargath,192,paladin,retribution,6,2,4
29154,Homiepaldino,nordrassil,192,paladin,retribution,6,2,4
29155,Adavinn,azjolnerub,192,paladin,retribution,6,2,4
29156,Forprophet,blackrock,192,paladin,retribution,6,2,4
29157,Juanvaldez,muradin,192,paladin,retribution,6,2,4
29158,Vindified,tichondrius,192,paladin,retribution,6,2,4
29159,Míguelito,sargeras,192,paladin,retribution,6,2,4
29160,Bigdret,moon-guard,192,paladin,retribution,6,2,4
29161,Palix,bonechewer,192,paladin,retribution,6,2,4
29162,Nëø,moon-guard,192,paladin,retribution,6,2,4
29163,Tysads,darkspear,192,paladin,retribution,6,2,4
29164,Fairbairn,tichondrius,192,paladin,retribution,6,2,4
29165,Jaok,tichondrius,192,paladin,retribution,6,2,4
29166,Stlgunna,tichondrius,192,paladin,retribution,6,2,4
29167,Wyot,tichondrius,192,paladin,retribution,6,2,4
29168,Dreadrein,tichondrius,192,paladin,retribution,6,2,4
29169,Vankaer,uldum,192,paladin,retribution,6,2,4
29170,Holypoizan,tichondrius,192,paladin,retribution,6,2,4
29171,Juiicebox,darrowmere,192,paladin,retribution,6,2,4
29172,Detk,darrowmere,192,paladin,retribution,6,2,4
29173,Realbad,lightbringer,192,paladin,retribution,6,2,4
29174,Hogù,tichondrius,192,paladin,retribution,6,2,4
29175,Motrîn,sargeras,192,paladin,retribution,6,2,4
29176,Holysmokz,emerald-dream,192,paladin,retribution,6,2,4
29177,Litjoint,hyjal,192,paladin,retribution,6,2,4
29178,Mynnorath,emerald-dream,192,paladin,retribution,6,2,4
29179,Zoeyxo,tichondrius,192,paladin,retribution,6,2,4
29180,Banglin,draenor,192,paladin,retribution,6,2,4
29181,Holywafu,tichondrius,192,paladin,retribution,6,2,4
29182,Sac,sargeras,192,paladin,retribution,6,2,4
29183,Issac,tichondrius,192,paladin,retribution,6,2,4
29184,Whataio,tichondrius,192,paladin,retribution,6,2,4
29185,Palee,garrosh,192,paladin,retribution,6,2,4
29186,Softmograne,tichondrius,192,paladin,retribution,6,2,4
29187,Ezekìël,tichondrius,192,paladin,retribution,6,2,4
29188,Retbullvodka,tichondrius,192,paladin,retribution,6,2,4
29189,Yedema,tichondrius,192,paladin,retribution,6,2,4
29190,Bangerr,bonechewer,192,paladin,retribution,6,2,4
29191,Taddedpally,tichondrius,192,paladin,retribution,6,2,4
29192,Theodden,tichondrius,192,paladin,retribution,6,2,4
29193,Sinsy,moon-guard,192,paladin,retribution,6,2,4
29194,Omensageiro,azralon,192,paladin,retribution,6,2,4
29195,Ddeuk,tichondrius,192,paladin,retribution,6,2,4
29196,Aleio,moon-guard,192,paladin,retribution,6,2,4
29197,Izaacckk,hakkar,192,paladin,retribution,6,2,4
29198,Omegabubble,garrosh,192,paladin,retribution,6,2,4
29199,Ghatte,azralon,192,paladin,retribution,6,2,4
29200,Strîkes,emerald-dream,192,paladin,retribution,6,2,4
29201,Avengzeus,tichondrius,192,paladin,retribution,6,2,4
29202,Lxwd,tichondrius,192,paladin,retribution,6,2,4
29203,Roseheart,emerald-dream,192,paladin,retribution,6,2,4
29204,Ladner,tichondrius,192,paladin,retribution,6,2,4
29205,Calmpressure,tichondrius,192,paladin,retribution,6,2,4
29206,Guacamello,emerald-dream,192,paladin,retribution,6,2,4
29207,Retikulous,tichondrius,192,paladin,retribution,6,2,4
29208,Ookcoo,tichondrius,192,paladin,retribution,6,2,4
29209,Alberich,tichondrius,192,paladin,retribution,6,2,4
29210,Alexandros,the-underbog,192,paladin,retribution,6,2,4
29211,Maviskuku,tichondrius,192,paladin,retribution,6,2,4
29212,Unsignedint,hyjal,192,paladin,retribution,6,2,4
29213,Mercuryx,tichondrius,192,paladin,retribution,6,2,4
29214,Rúdely,tichondrius,192,paladin,retribution,6,2,4
29215,Brand,emerald-dream,192,paladin,retribution,6,2,4
29216,Atan,emerald-dream,192,paladin,retribution,6,2,4
29217,Nestus,shuhalo,192,paladin,retribution,6,2,4
29218,Cudiskush,tichondrius,192,paladin,retribution,6,2,4
29219,Caeson,moon-guard,192,paladin,retribution,6,2,4
29220,Lumpypotatos,aegwynn,192,paladin,retribution,10,3,7
29221,Trulymental,bleeding-hollow,192,paladin,retribution,7,2,5
29222,Pòßà,malganis,192,paladin,retribution,7,2,5
29223,Jessecash,tichondrius,192,paladin,retribution,12,3,9
29224,Murgly,tichondrius,192,paladin,retribution,8,2,6
29225,Misease,illidan,192,paladin,retribution,9,2,7
29226,Jachug,tichondrius,192,paladin,retribution,12,2,10
29227,Grimsfate,emerald-dream,192,paladin,retribution,12,2,10
29228,Seratox,illidan,192,paladin,retribution,12,2,10
29229,Cronodxl,quelthalas,192,paladin,retribution,12,2,10
29230,Simbelmyne,thrall,192,paladin,retribution,12,2,10
29231,Vamplyy,kelthuzad,192,paladin,retribution,12,2,10
29232,Rîf,malganis,192,paladin,retribution,12,2,10
29233,Sleepybiden,darkspear,192,paladin,retribution,12,2,10
29234,Hojpack,tichondrius,192,paladin,retribution,12,2,10
29235,Anahl,icecrown,192,paladin,retribution,12,2,10
29236,Criixx,malganis,192,paladin,retribution,12,2,10
29237,Octí,quelthalas,192,paladin,retribution,12,2,10
29238,Ashric,moon-guard,192,paladin,retribution,12,2,10
29239,Dánteé,ragnaros,192,paladin,retribution,12,2,10
29240,Goomie,icecrown,192,paladin,retribution,12,2,10
29241,Cabacarl,quelthalas,192,paladin,retribution,12,2,10
29242,Clrty,area-52,192,paladin,retribution,12,2,10
29243,Vantz,tichondrius,192,paladin,retribution,12,2,10
29244,Ðáddý,zuljin,192,paladin,retribution,12,2,10
29245,Yawnday,farstriders,192,paladin,retribution,12,2,10
29246,Kaiyleigh,sargeras,192,paladin,retribution,12,2,10
29247,Gilfan,proudmoore,192,paladin,retribution,12,2,10
29248,Alyosya,barthilas,192,paladin,retribution,12,2,10
29249,Ålltimer,stormrage,192,paladin,retribution,12,2,10
29250,Nygardian,sargeras,192,paladin,retribution,12,2,10
29251,Krístem,stormrage,192,paladin,retribution,12,2,10
29252,Ghratadin,bleeding-hollow,192,paladin,retribution,12,2,10
29253,Bubzfordubz,sargeras,192,paladin,retribution,12,2,10
29254,Fazoéli,stormrage,192,paladin,retribution,12,2,10
29255,Lamer,proudmoore,192,paladin,retribution,12,2,10
29256,Aetol,proudmoore,192,paladin,retribution,12,2,10
29257,Holyelfs,boulderfist,192,paladin,retribution,12,2,10
29258,Sïncere,frostmourne,192,paladin,retribution,12,2,10
29259,Killerspally,area-52,192,paladin,retribution,12,2,10
29260,Trippierett,bloodscalp,192,paladin,retribution,12,2,10
29261,Milfcrusader,tichondrius,192,paladin,retribution,12,2,10
29262,Rayli,dalaran,192,paladin,retribution,12,2,10
29263,Arminhamer,sargeras,192,paladin,retribution,12,2,10
29264,Seltzer,tichondrius,192,paladin,retribution,12,2,10
29265,Hurlnix,stormscale,192,paladin,retribution,12,2,10
29266,Slithix,stormreaver,192,paladin,retribution,12,2,10
29267,Elarilein,emerald-dream,192,paladin,retribution,12,2,10
29268,Holyshifts,exodar,192,paladin,retribution,12,2,10
29269,Ricopal,frostmourne,192,paladin,retribution,12,2,10
29270,Jarvin,kiljaeden,192,paladin,retribution,12,2,10
29271,Goldfaith,sargeras,192,paladin,retribution,12,2,10
29272,Spîke,sargeras,192,paladin,retribution,12,2,10
29273,Renorhal,moon-guard,192,paladin,retribution,12,2,10
29274,Calferx,area-52,192,paladin,retribution,12,2,10
29275,Runandhide,aerie-peak,192,paladin,retribution,18,2,16
29276,Dorisseline,emerald-dream,192,paladin,retribution,18,2,16
29277,Bratette,fenris,191,paladin,retribution,6,2,4
29278,Pappábear,tichondrius,191,paladin,retribution,6,2,4
29279,Túss,khazgoroth,191,paladin,retribution,6,2,4
29280,Vegetå,malganis,180,paladin,retribution,31,6,25
29281,Thugmuffin,thrall,176,paladin,retribution,7,3,4
29282,Wokeinator,malganis,175,paladin,retribution,11,3,8
29283,Baalduru,borean-tundra,175,paladin,retribution,11,2,9
29284,Divinetoco,stormrage,175,paladin,retribution,11,2,9
29285,Wellowar,moon-guard,170,paladin,retribution,11,4,7
29286,Laysonus,moon-guard,169,paladin,retribution,11,4,7
29287,Bubbletop,tichondrius,169,paladin,retribution,11,4,7
29288,Bringbackrmp,tichondrius,159,paladin,retribution,5,2,3
29289,Zyllo,area-52,159,paladin,retribution,5,2,3
29290,Sorgeno,ursin,159,paladin,retribution,5,2,3
29291,Hobbsone,trollbane,159,paladin,retribution,5,2,3
29292,Pallydeen,illidan,159,paladin,retribution,5,2,3
29293,Kaorii,mannoroth,159,paladin,retribution,5,2,3
29294,Whoopsie,dragonmaw,159,paladin,retribution,5,2,3
29295,Maldayn,quelthalas,159,paladin,retribution,5,2,3
29296,Ubbhe,quelthalas,159,paladin,retribution,5,2,3
29297,Beelzebøss,frostmourne,159,paladin,retribution,5,2,3
29298,Whiplashlol,frostwolf,144,paladin,retribution,3,3,0
29299,Perallta,tichondrius,144,paladin,retribution,3,3,0
29300,Holeesheett,tichondrius,144,paladin,retribution,9,2,7
29301,Leevii,azralon,138,paladin,retribution,11,4,7
29302,Iæl,stormrage,138,paladin,retribution,10,3,7
29303,Åddict,kelthuzad,138,paladin,retribution,10,3,7
29304,Dathromir,stormrage,138,paladin,retribution,15,3,12
29305,Bubbleosèven,tichondrius,138,paladin,retribution,16,3,13
29306,Sundher,ragnaros,138,paladin,retribution,23,4,19
29307,Sweetbunz,altar-of-storms,128,paladin,retribution,4,2,2
29308,Mikwa,ragnaros,128,paladin,retribution,4,2,2
29309,Stârfôx,area-52,128,paladin,retribution,4,2,2
29310,Telaenchufo,ragnaros,128,paladin,retribution,4,2,2
29311,Holyjoe,area-52,128,paladin,retribution,4,2,2
29312,Anbor,azralon,128,paladin,retribution,4,2,2
29313,Khileeha,sargeras,128,paladin,retribution,10,2,8
29314,Sofiora,thunderlord,128,paladin,retribution,10,2,8
29315,Celerios,stormreaver,127,paladin,retribution,8,2,6
29316,Vishpal,malganis,112,paladin,retribution,7,2,5
29317,Gaismagorm,ragnaros,96,paladin,retribution,3,2,1
29318,Swordstrikes,tichondrius,96,paladin,retribution,3,2,1
29319,Utho,wyrmrest-accord,96,paladin,retribution,3,2,1
29320,Dazak,ragnaros,96,paladin,retribution,3,2,1
29321,Shalith,thrall,96,paladin,retribution,3,2,1
29322,Lusangri,thrall,96,paladin,retribution,9,2,7
29323,Simple,ghostlands,96,paladin,retribution,16,3,13
29324,Retx,arthas,96,paladin,retribution,6,1,5
29325,Imbackk,quelthalas,96,paladin,retribution,6,1,5
29326,Zwilliam,frostmourne,96,paladin,retribution,6,1,5
29327,Kírí,quelthalas,96,paladin,retribution,6,1,5
29328,Chainjustice,area-52,96,paladin,retribution,6,1,5
29329,Judgémental,bleeding-hollow,96,paladin,retribution,6,1,5
29330,Lythos,dathremar,96,paladin,retribution,6,1,5
29331,Rodrigo,frostmourne,96,paladin,retribution,6,1,5
29332,Tehbeasty,hyjal,96,paladin,retribution,6,1,5
29333,Lakinipally,lightbringer,96,paladin,retribution,6,1,5
29334,Actionman,bleeding-hollow,96,paladin,retribution,6,1,5
29335,Bruwdblood,bleeding-hollow,96,paladin,retribution,6,1,5
29336,Daivdsonbr,azralon,96,paladin,retribution,6,1,5
29337,Warhero,sargeras,96,paladin,retribution,6,1,5
29338,Duecesz,area-52,96,paladin,retribution,6,1,5
29339,Càséy,zuljin,96,paladin,retribution,6,1,5
29340,Krylaa,madoran,96,paladin,retribution,6,1,5
29341,Maeyz,sargeras,96,paladin,retribution,6,1,5
29342,Coffeebean,quelthalas,96,paladin,retribution,6,1,5
29343,Furrpally,tichondrius,96,paladin,retribution,6,1,5
29344,Kamael,darrowmere,96,paladin,retribution,6,1,5
29345,Serinos,zuljin,96,paladin,retribution,6,1,5
29346,Cots,azralon,96,paladin,retribution,6,1,5
29347,Alk,windrunner,96,paladin,retribution,6,1,5
29348,Adobro,tichondrius,96,paladin,retribution,6,1,5
29349,Partenna,quelthalas,96,paladin,retribution,6,1,5
29350,Chootoy,tichondrius,96,paladin,retribution,6,1,5
29351,Marcovk,quelthalas,96,paladin,retribution,6,1,5
29352,Revendreth,caelestrasz,96,paladin,retribution,6,1,5
29353,Kroman,quelthalas,96,paladin,retribution,6,1,5
29354,Asellusarc,kelthuzad,96,paladin,retribution,6,1,5
29355,Riçky,tichondrius,96,paladin,retribution,6,1,5
29356,Fistopain,staghelm,96,paladin,retribution,6,1,5
29357,Pùteduvilage,zuljin,96,paladin,retribution,6,1,5
29358,Odos,zuljin,96,paladin,retribution,6,1,5
29359,Shortj,malganis,96,paladin,retribution,6,1,5
29360,Retrib,tichondrius,96,paladin,retribution,6,1,5
29361,Phelix,lightninghoof,96,paladin,retribution,6,1,5
29362,Boundric,emerald-dream,96,paladin,retribution,6,1,5
29363,Dìlf,zuljin,96,paladin,retribution,6,1,5
29364,Giita,quelthalas,96,paladin,retribution,6,1,5
29365,Tehgodofdmg,tichondrius,96,paladin,retribution,6,1,5
29366,Fourwives,sargeras,96,paladin,retribution,6,1,5
29367,Smïthh,area-52,96,paladin,retribution,6,1,5
29368,Febimus,magtheridon,96,paladin,retribution,6,1,5
29369,Yøu,tichondrius,96,paladin,retribution,6,1,5
29370,Bigshaftt,gorgonnash,96,paladin,retribution,6,1,5
29371,Ding,wyrmrest-accord,96,paladin,retribution,6,1,5
29372,Dûälïpä,barthilas,96,paladin,retribution,6,1,5
29373,Krelya,ragnaros,96,paladin,retribution,6,1,5
29374,Glowstone,emerald-dream,96,paladin,retribution,6,1,5
29375,Cupidxbye,tichondrius,96,paladin,retribution,6,1,5
29376,Sneakycastro,bleeding-hollow,96,paladin,retribution,6,1,5
29377,Prahv,shuhalo,96,paladin,retribution,6,1,5
29378,Liongolden,azralon,96,paladin,retribution,6,1,5
29379,Ariolo,baelgun,96,paladin,retribution,6,1,5
29380,Coltoniac,kaelthas,96,paladin,retribution,6,1,5
29381,Chøcølatte,azralon,96,paladin,retribution,6,1,5
29382,Salennai,daggerspine,96,paladin,retribution,6,1,5
29383,Aldwyn,deathwing,96,paladin,retribution,6,1,5
29384,Valadinn,tichondrius,96,paladin,retribution,6,1,5
29385,Zealotry,tichondrius,96,paladin,retribution,6,1,5
29386,Chuggawhugga,area-52,96,paladin,retribution,6,1,5
29387,Acpally,tichondrius,96,paladin,retribution,6,1,5
29388,Undefeatæd,korgath,96,paladin,retribution,6,1,5
29389,Àurorâ,tichondrius,96,paladin,retribution,6,1,5
29390,Terppy,stormrage,96,paladin,retribution,6,1,5
29391,Scuffedhoj,tichondrius,96,paladin,retribution,6,1,5
29392,Franchy,stormrage,96,paladin,retribution,6,1,5
29393,Burom,kelthuzad,96,paladin,retribution,6,1,5
29394,Angusbeef,hyjal,96,paladin,retribution,6,1,5
29395,Poeboyz,stormrage,96,paladin,retribution,6,1,5
29396,Urudith,azralon,96,paladin,retribution,6,1,5
29397,Jüstice,tichondrius,96,paladin,retribution,6,1,5
29398,Bigdampally,tichondrius,96,paladin,retribution,6,1,5
29399,Dafoq,stormrage,96,paladin,retribution,6,1,5
29400,Rg,nerzhul,96,paladin,retribution,6,1,5
29401,Thumos,sargeras,96,paladin,retribution,6,1,5
29402,Zulzander,kelthuzad,96,paladin,retribution,6,1,5
29403,Gdesign,tichondrius,96,paladin,retribution,6,1,5
29404,Conámi,ragnaros,96,paladin,retribution,6,1,5
29405,Retsarro,frostmourne,96,paladin,retribution,6,1,5
29406,Rodt,dalaran,96,paladin,retribution,6,1,5
29407,Xkillz,korgath,96,paladin,retribution,6,1,5
29408,Ownedcrazy,stormrage,96,paladin,retribution,6,1,5
29409,Murzo,hyjal,96,paladin,retribution,6,1,5
29410,Gressilin,arthas,96,paladin,retribution,6,1,5
29411,Orthín,stormrage,96,paladin,retribution,6,1,5
29412,Pipesmoke,dunemaul,96,paladin,retribution,6,1,5
29413,Lightmessiah,perenolde,96,paladin,retribution,6,1,5
29414,Kamakazê,sargeras,96,paladin,retribution,6,1,5
29415,Tenethor,area-52,96,paladin,retribution,6,1,5
29416,Palajem,stormrage,96,paladin,retribution,6,1,5
29417,Talahar,boulderfist,96,paladin,retribution,6,1,5
29418,Jeeb,blackrock,96,paladin,retribution,6,1,5
29419,Momhips,bloodscalp,96,paladin,retribution,6,1,5
29420,Këys,earthen-ring,96,paladin,retribution,6,1,5
29421,Ashlane,tichondrius,96,paladin,retribution,6,1,5
29422,Holyclapzy,stormrage,96,paladin,retribution,6,1,5
29423,Balloony,stormrage,96,paladin,retribution,6,1,5
29424,Maldobarr,stormrage,96,paladin,retribution,6,1,5
29425,Sóapbubble,tichondrius,96,paladin,retribution,6,1,5
29426,Cyona,gallywix,96,paladin,retribution,6,1,5
29427,Nvrbubble,area-52,96,paladin,retribution,6,1,5
29428,Yesdaddyxo,emerald-dream,96,paladin,retribution,6,1,5
29429,Chawbanger,proudmoore,96,paladin,retribution,6,1,5
29430,Thòrisòn,stormrage,96,paladin,retribution,6,1,5
29431,Samsaratry,proudmoore,96,paladin,retribution,6,1,5
29432,Skeeta,area-52,96,paladin,retribution,6,1,5
29433,Röniin,ragnaros,96,paladin,retribution,6,1,5
29434,Kuribohs,tichondrius,96,paladin,retribution,6,1,5
29435,Flashbubble,sargeras,96,paladin,retribution,6,1,5
29436,Erindor,emerald-dream,96,paladin,retribution,6,1,5
29437,Nytto,lightnings-blade,96,paladin,retribution,6,1,5
29438,Xamo,drakkari,96,paladin,retribution,6,1,5
29439,Goksuu,ragnaros,96,paladin,retribution,6,1,5
29440,Brynleigh,malganis,96,paladin,retribution,6,1,5
29441,Gazef,proudmoore,96,paladin,retribution,6,1,5
29442,Luiiguii,drakkari,96,paladin,retribution,6,1,5
29443,Palium,stormrage,96,paladin,retribution,6,1,5
29444,Englishdude,tichondrius,96,paladin,retribution,6,1,5
29445,Clorpi,drakkari,96,paladin,retribution,6,1,5
29446,Shamashjoel,black-dragonflight,96,paladin,retribution,6,1,5
29447,Parts,aerie-peak,96,paladin,retribution,6,1,5
29448,Justtrollin,black-dragonflight,96,paladin,retribution,6,1,5
29449,Carloss,drakkari,96,paladin,retribution,6,1,5
29450,Sleyn,stormrage,96,paladin,retribution,6,1,5
29451,Lìghtning,stormrage,96,paladin,retribution,6,1,5
29452,Kytheon,zuluhed,96,paladin,retribution,6,1,5
29453,Madtrollaids,kiljaeden,96,paladin,retribution,6,1,5
29454,Slayalot,icecrown,96,paladin,retribution,6,1,5
29455,Mîrrors,barthilas,96,paladin,retribution,6,1,5
29456,Energizzed,azralon,96,paladin,retribution,6,1,5
29457,Lòuisvuttion,tichondrius,96,paladin,retribution,6,1,5
29458,Meanervini,kiljaeden,96,paladin,retribution,6,1,5
29459,Ünkøwn,stormrage,96,paladin,retribution,6,1,5
29460,Aragonns,illidan,96,paladin,retribution,6,1,5
29461,Darksaint,hellscream,96,paladin,retribution,6,1,5
29462,Thorgard,antonidas,96,paladin,retribution,6,1,5
29463,Serazan,moon-guard,96,paladin,retribution,6,1,5
29464,Mentalíssues,moon-guard,96,paladin,retribution,6,1,5
29465,Deviill,winterhoof,96,paladin,retribution,6,1,5
29466,Djset,blackhand,96,paladin,retribution,6,1,5
29467,Surrogat,ragnaros,96,paladin,retribution,6,1,5
29468,Chapichapi,illidan,96,paladin,retribution,6,1,5
29469,Skadooshh,illidan,96,paladin,retribution,6,1,5
29470,Asheryte,sargeras,96,paladin,retribution,6,1,5
29471,Ashlïe,moon-guard,96,paladin,retribution,6,1,5
29472,Scrubdin,illidan,96,paladin,retribution,6,1,5
29473,Slantee,illidan,96,paladin,retribution,6,1,5
29474,Latchpaladin,sargeras,96,paladin,retribution,6,1,5
29475,Scah,illidan,96,paladin,retribution,6,1,5
29476,Ilumine,mannoroth,96,paladin,retribution,6,1,5
29477,Tharok,spirestone,96,paladin,retribution,6,1,5
29478,Amazarak,stormrage,96,paladin,retribution,6,1,5
29479,Paldan,illidan,96,paladin,retribution,6,1,5
29480,Sanddor,moon-guard,96,paladin,retribution,6,1,5
29481,Wakethelight,illidan,96,paladin,retribution,6,1,5
29482,Hungheracles,thrall,96,paladin,retribution,6,1,5
29483,Topsid,sargeras,96,paladin,retribution,6,1,5
29484,Raams,moon-guard,96,paladin,retribution,6,1,5
29485,Holyxsmokes,illidan,96,paladin,retribution,6,1,5
29486,Léa,illidan,96,paladin,retribution,6,1,5
29487,Tooshka,azshara,96,paladin,retribution,6,1,5
29488,Bravsirrobin,firetree,96,paladin,retribution,6,1,5
29489,Krulu,thrall,96,paladin,retribution,6,1,5
29490,Donoph,blades-edge,96,paladin,retribution,6,1,5
29491,Retski,thrall,96,paladin,retribution,6,1,5
29492,Ret,burning-legion,96,paladin,retribution,6,1,5
29493,Ssjgodvy,illidan,96,paladin,retribution,6,1,5
29494,Tradalia,illidan,96,paladin,retribution,6,1,5
29495,Bosmoklikdat,moon-guard,96,paladin,retribution,6,1,5
29496,Chakin,burning-legion,96,paladin,retribution,6,1,5
29497,Scarllye,illidan,96,paladin,retribution,6,1,5
29498,Ahrieze,moon-guard,96,paladin,retribution,6,1,5
29499,Beebopper,illidan,96,paladin,retribution,6,1,5
29500,Isskandar,moon-guard,96,paladin,retribution,6,1,5
29501,Brank,agamaggan,96,paladin,retribution,6,1,5
29502,Bubbllicious,thrall,96,paladin,retribution,6,1,5
29503,Ryudoshël,nemesis,96,paladin,retribution,6,1,5
29504,Vatherollin,proudmoore,96,paladin,retribution,6,1,5
29505,Daelann,moon-guard,96,paladin,retribution,6,1,5
29506,Kregar,kelthuzad,96,paladin,retribution,7,1,6
29507,Trinkysteve,frostmane,96,paladin,retribution,7,1,6
29508,Lelythia,bleeding-hollow,96,paladin,retribution,7,1,6
29509,Zatoci,shadowsong,96,paladin,retribution,11,1,10
29510,Æpaldin,tichondrius,96,paladin,retribution,12,1,11
29511,Shamo,stormreaver,96,paladin,retribution,12,1,11
29512,Lexdor,quelthalas,96,paladin,retribution,12,1,11
29513,Lorenzojr,sargeras,96,paladin,retribution,12,1,11
29514,Roosterface,azjolnerub,96,paladin,retribution,12,1,11
29515,Yoropal,tichondrius,96,paladin,retribution,12,1,11
29516,Axiskai,gorgonnash,96,paladin,retribution,12,1,11
29517,Oshia,destromath,96,paladin,retribution,12,1,11
29518,Hondacivicsi,mannoroth,96,paladin,retribution,12,1,11
29519,Catholica,tichondrius,96,paladin,retribution,12,1,11
29520,Hojpocketx,tichondrius,96,paladin,retribution,12,1,11
29521,Rimorse,illidan,96,paladin,retribution,12,1,11
29522,Ðrekai,moon-guard,96,paladin,retribution,12,1,11
29523,Séykän,ragnaros,96,paladin,retribution,12,1,11
29524,Bregalad,bleeding-hollow,96,paladin,retribution,12,1,11
29525,Yobnai,zuljin,96,paladin,retribution,12,1,11
29526,Siglud,tichondrius,96,paladin,retribution,12,1,11
29527,Miniminx,malganis,96,paladin,retribution,12,1,11
29528,Whosyourdady,azjolnerub,96,paladin,retribution,12,1,11
29529,Zalacar,azralon,96,paladin,retribution,12,1,11
29530,Kënsi,quelthalas,96,paladin,retribution,12,1,11
29531,Reinhardburm,quelthalas,96,paladin,retribution,12,1,11
29532,Geykum,tichondrius,96,paladin,retribution,17,1,16
29533,Paladinkofwa,tichondrius,95,paladin,retribution,6,2,4
29534,Jaidun,stormrage,95,paladin,retribution,6,1,5
29535,Hottest,wyrmrest-accord,84,paladin,retribution,13,5,8
29536,Torms,illidan,79,paladin,retribution,3,3,0
29537,Yukiikaze,sargeras,79,paladin,retribution,5,2,3
29538,Goldieg,tichondrius,79,paladin,retribution,5,1,4
29539,Taego,tichondrius,79,paladin,retribution,5,1,4
29540,Laydarus,frostmourne,79,paladin,retribution,5,1,4
29541,Iceddcoffee,barthilas,79,paladin,retribution,5,1,4
29542,Ryxxi,sargeras,79,paladin,retribution,5,1,4
29543,Bowdown,wildhammer,79,paladin,retribution,5,1,4
29544,Sprjustice,frostmourne,79,paladin,retribution,6,1,5
29545,Hivers,stormrage,79,paladin,retribution,11,1,10
29546,Wingsproc,stormrage,64,paladin,retribution,4,1,3
29547,Taegwyn,thunderlord,64,paladin,retribution,4,1,3
29548,Piston,kiljaeden,63,paladin,retribution,2,2,0
29549,Clarïtý,stormrage,63,paladin,retribution,2,2,0
29550,Crayonpal,tichondrius,63,paladin,retribution,2,2,0
29551,Dronedròp,illidan,63,paladin,retribution,2,2,0
29552,Belenor,quelthalas,63,paladin,retribution,2,2,0
29553,Kroneckerr,ragnaros,48,paladin,retribution,8,3,5
29554,Judgingu,proudmoore,48,paladin,retribution,3,1,2
29555,Cïelo,dragonmaw,42,paladin,retribution,6,2,4
29556,Dabakle,stormrage,42,paladin,retribution,8,2,6
29557,Thisissus,tichondrius,42,paladin,retribution,8,2,6
29558,Pearlx,ragnaros,42,paladin,retribution,10,2,8
29559,Voncruz,proudmoore,42,paladin,retribution,12,2,10
29560,Tanneth,zuljin,31,paladin,retribution,2,1,1
29561,Gorila,stormrage,31,paladin,retribution,2,1,1
29562,Patrious,moon-guard,31,paladin,retribution,2,1,1
29563,Salx,tichondrius,31,paladin,retribution,8,1,7
29564,Ðivinestørm,stormrage,16,paladin,retribution,1,1,0
29565,Bluether,sargeras,16,paladin,retribution,1,1,0
29566,ßleider,quelthalas,1906,paladin,protection,55,39,16
29567,Ëlmaster,nemesis,1831,paladin,protection,126,80,46
29568,Degenratebri,moon-guard,1779,paladin,protection,53,39,14
29569,Aluvia,malygos,1741,paladin,protection,70,50,20
29570,Zhspeilian,tichondrius,1730,paladin,protection,84,47,37
29571,Höpönpöppö,frostmourne,1729,paladin,protection,48,26,22
29572,Kierolechita,ragnaros,1721,paladin,protection,262,135,127
29573,Jimmipepe,quelthalas,1719,paladin,protection,128,84,44
29574,Crâfty,bleeding-hollow,1717,paladin,protection,113,65,48
29575,Sigmapepe,quelthalas,1706,paladin,protection,102,68,34
29576,Motates,malganis,1706,paladin,protection,93,48,45
29577,Dankerton,tichondrius,1678,paladin,protection,34,19,15
29578,Wilder,turalyon,1676,paladin,protection,47,27,20
29579,Uglyboyryan,sargeras,1666,paladin,protection,96,55,41
29580,Eclipsor,bleeding-hollow,1657,paladin,protection,48,30,18
29581,Zealna,tichondrius,1655,paladin,protection,29,20,9
29582,Vondonna,moon-guard,1655,paladin,protection,113,65,48
29583,Sôlux,quelthalas,1638,paladin,protection,56,31,25
29584,Lxwd,tichondrius,1636,paladin,protection,131,66,65
29585,Sutadansa,doomhammer,1632,paladin,protection,146,71,75
29586,Zephyrvalor,sargeras,1601,paladin,protection,146,69,77
29587,Bighardshock,aggramar,1573,paladin,protection,36,19,17
29588,Blackmiya,tichondrius,1570,paladin,protection,31,20,11
29589,Øziris,goldrinn,1567,paladin,protection,74,33,41
29590,Cusino,tichondrius,1560,paladin,protection,56,34,22
29591,Rehtua,bleeding-hollow,1557,paladin,protection,83,35,48
29592,Aeythyr,wyrmrest-accord,1495,paladin,protection,54,27,27
29593,Chozverialyz,ysondre,1494,paladin,protection,68,32,36
29594,Borrus,malygos,1480,paladin,protection,48,28,20
29595,Zexion,azralon,1450,paladin,protection,45,19,26
29596,Alekvin,moon-guard,1442,paladin,protection,36,19,17
29597,Íaan,drakkari,1433,paladin,protection,70,43,27
29598,Tooholy,kiljaeden,1432,paladin,protection,29,16,13
29599,Wowmike,sargeras,1432,paladin,protection,102,49,53
29600,Domocho,azgalor,1417,paladin,protection,42,22,20
29601,Arcilys,illidan,1398,paladin,protection,60,29,31
29602,Herimi,drakkari,1396,paladin,protection,89,36,53
29603,Modafinil,bonechewer,1390,paladin,protection,117,53,64
29604,Bt,quelthalas,1376,paladin,protection,41,25,16
29605,Khrome,cenarion-circle,1373,paladin,protection,163,58,105
29606,Rakasho,azralon,1370,paladin,protection,60,23,37
29607,Goeun,destromath,1369,paladin,protection,37,16,21
29608,Taillien,bonechewer,1363,paladin,protection,52,29,23
29609,Goldjade,khazgoroth,1357,paladin,protection,101,41,60
29610,Aopidsfihjov,stormrage,1355,paladin,protection,107,55,52
29611,Almeta,kelthuzad,1350,paladin,protection,36,18,18
29612,Jenesis,illidan,1348,paladin,protection,30,20,10
29613,Stormvikingx,darkspear,1336,paladin,protection,24,14,10
29614,Fredward,bleeding-hollow,1329,paladin,protection,30,14,16
29615,Poppadock,veknilash,1315,paladin,protection,28,15,13
29616,Jkethuhsnake,ghostlands,1306,paladin,protection,51,31,20
29617,Poorly,thorium-brotherhood,1296,paladin,protection,36,19,17
29618,Ronor,thorium-brotherhood,1289,paladin,protection,36,17,19
29619,Thorsmites,sargeras,1273,paladin,protection,48,18,30
29620,Canibaluy,ragnaros,1254,paladin,protection,34,15,19
29621,Xbloodknight,malganis,1243,paladin,protection,36,13,23
29622,Lythos,dathremar,1238,paladin,protection,42,19,23
29623,Imthabromb,dragonblight,1189,paladin,protection,41,20,21
29624,Lelythia,bleeding-hollow,1161,paladin,protection,65,25,40
29625,Palahogx,sargeras,1150,paladin,protection,24,12,12
29626,Chanimalf,tichondrius,1118,paladin,protection,18,13,5
29627,Gredo,queldorei,1070,paladin,protection,17,12,5
29628,Zakh,proudmoore,1053,paladin,protection,18,11,7
29629,Penitent,barthilas,1052,paladin,protection,18,11,7
29630,Bullivan,sisters-of-elune,963,paladin,protection,40,14,26
29631,Bubblemark,tichondrius,959,paladin,protection,24,10,14
29632,Strontimus,moon-guard,958,paladin,protection,12,10,2
29633,Ndnpaly,bonechewer,953,paladin,protection,12,10,2
29634,Ratzon,dalaran,950,paladin,protection,18,10,8
29635,Matadore,arygos,908,paladin,protection,22,11,11
29636,Alexcydragon,quelthalas,863,paladin,protection,18,9,9
29637,Holybull,maiev,859,paladin,protection,18,9,9
29638,Hittit,thrall,859,paladin,protection,30,9,21
29639,Negativeiq,moon-guard,798,paladin,protection,10,10,0
29640,Trâgedy,azjolnerub,768,paladin,protection,12,8,4
29641,Protdream,tichondrius,768,paladin,protection,12,8,4
29642,Courageousz,dalaran,768,paladin,protection,18,8,10
29643,Crusâder,area-52,767,paladin,protection,24,8,16
29644,Blicka,dragonblight,763,paladin,protection,24,8,16
29645,Lothwrynn,senjin,762,paladin,protection,18,8,10
29646,Kittié,proudmoore,760,paladin,protection,36,8,28
29647,Halnoth,dethecus,702,paladin,protection,11,8,3
29648,Demloc,doomhammer,672,paladin,protection,18,7,11
29649,Valkaire,area-52,671,paladin,protection,12,7,5
29650,Dirkdigglerz,bleeding-hollow,670,paladin,protection,18,7,11
29651,Nobleblood,emerald-dream,669,paladin,protection,18,7,11
29652,Trågédy,zuljin,576,paladin,protection,6,6,0
29653,Sølis,alleria,576,paladin,protection,12,6,6
29654,Whëëls,stormreaver,576,paladin,protection,12,6,6
29655,Kurokodieru,dalaran,576,paladin,protection,12,6,6
29656,Danthorin,malfurion,575,paladin,protection,24,6,18
29657,Buslightyear,azralon,480,paladin,protection,6,5,1
29658,Typhoontravv,thrall,480,paladin,protection,12,5,7
29659,Tankfest,sargeras,480,paladin,protection,12,5,7
29660,Kiehui,lightbringer,480,paladin,protection,12,5,7
29661,Gotankz,moon-guard,480,paladin,protection,12,5,7
29662,Bullmarket,tichondrius,480,paladin,protection,18,5,13
29663,Lewstelamon,korialstrasz,446,paladin,protection,10,6,4
29664,Ibubblë,wildhammer,384,paladin,protection,6,4,2
29665,Holyknight,veknilash,384,paladin,protection,14,5,9
29666,Gîmply,proudmoore,384,paladin,protection,12,4,8
29667,Bullheaded,silvermoon,384,paladin,protection,12,4,8
29668,Zaeris,proudmoore,384,paladin,protection,12,4,8
29669,Ilovéyou,barthilas,384,paladin,protection,12,4,8
29670,Belmorlin,moon-guard,384,paladin,protection,12,4,8
29671,Rikurena,bonechewer,383,paladin,protection,6,4,2
29672,Jahirie,aegwynn,351,paladin,protection,17,4,13
29673,Isecretly,stormrage,335,paladin,protection,7,7,0
29674,Thortanous,icecrown,288,paladin,protection,6,3,3
29675,Cheers,garona,288,paladin,protection,6,3,3
29676,Drágons,stormrage,288,paladin,protection,6,3,3
29677,Kooshh,thunderlord,288,paladin,protection,12,3,9
29678,Eliteyahtzee,kelthuzad,288,paladin,protection,12,3,9
29679,Urfavxbf,baelgun,288,paladin,protection,13,3,10
29680,Cots,azralon,271,paladin,protection,11,3,8
29681,Saeranella,moon-guard,240,paladin,protection,9,3,6
29682,Blâckhârt,saurfang,234,paladin,protection,9,4,5
29683,Immensepower,tichondrius,192,paladin,protection,6,2,4
29684,Zatheus,area-52,192,paladin,protection,6,2,4
29685,Xinqingle,tichondrius,192,paladin,protection,6,2,4
29686,Zifre,ragnaros,192,paladin,protection,12,2,10
29687,Consecrated,daggerspine,192,paladin,protection,12,2,10
29688,Dwarvendude,sargeras,159,paladin,protection,11,2,9
29689,Holykura,thrall,96,paladin,protection,6,1,5
29690,Combidin,garrosh,96,paladin,protection,6,1,5
29691,Thrandaic,frostmourne,96,paladin,protection,6,1,5
29692,Lasonil,zuljin,96,paladin,protection,6,1,5
29693,Qtipds,moon-guard,96,paladin,protection,6,1,5
29694,Irahan,stormrage,96,paladin,protection,6,1,5
29695,Airane,sargeras,96,paladin,protection,6,1,5
29696,Mtanchokeme,stormrage,96,paladin,protection,9,1,8
29697,Chàrron,garrosh,79,paladin,protection,5,1,4
29698,Garbagedisc,scilla,2139,priest,holy,114,56,58
29699,Yötönyö,sargeras,2082,priest,holy,114,57,57
29700,Priestlike,tichondrius,2010,priest,holy,127,68,59
29701,Pianohouse,illidan,1998,priest,holy,132,70,62
29702,Rustymvp,nagrand,1998,priest,holy,113,55,58
29703,Dogbutt,burning-legion,1996,priest,holy,222,111,111
29704,Pickle,illidan,1974,priest,holy,86,49,37
29705,Fusira,gurubashi,1941,priest,holy,48,25,23
29706,Tirrify,frostmourne,1899,priest,holy,54,29,25
29707,Cokeheals,kelthuzad,1897,priest,holy,42,26,16
29708,Fluent,emerald-dream,1895,priest,holy,192,91,101
29709,Onemission,whisperwind,1889,priest,holy,72,27,45
29710,Cinnalite,darkspear,1870,priest,holy,42,29,13
29711,Teslashield,bleeding-hollow,1856,priest,holy,54,25,29
29712,Ninbara,tichondrius,1851,priest,holy,102,49,53
29713,Tookiex,stormrage,1847,priest,holy,61,29,32
29714,Lilyxo,bleeding-hollow,1845,priest,holy,72,36,36
29715,Hyouka,area-52,1844,priest,holy,268,143,125
29716,Peat,hyjal,1844,priest,holy,54,27,27
29717,Lëønë,nemesis,1842,priest,holy,148,93,55
29718,Superduperr,illidan,1840,priest,holy,66,33,33
29719,Saintjpii,tichondrius,1839,priest,holy,143,84,59
29720,Whalexo,kelthuzad,1838,priest,holy,225,111,114
29721,Vandalia,shadowsong,1837,priest,holy,181,89,92
29722,Citrinesta,illidan,1835,priest,holy,197,121,76
29723,Gerpe,stormrage,1830,priest,holy,189,106,83
29724,Lagemela,quelthalas,1825,priest,holy,101,47,54
29725,Pmos,sargeras,1823,priest,holy,40,21,19
29726,Nickydamous,moon-guard,1817,priest,holy,66,38,28
29727,Iniquitatem,tichondrius,1817,priest,holy,60,23,37
29728,Tromnasty,area-52,1816,priest,holy,90,53,37
29729,Whitetails,illidan,1816,priest,holy,54,31,23
29730,Rootandboot,frostmourne,1815,priest,holy,49,29,20
29731,Onikûdaki,sargeras,1814,priest,holy,86,37,49
29732,Sweatynick,proudmoore,1813,priest,holy,227,109,118
29733,Immthuggin,tichondrius,1813,priest,holy,120,53,67
29734,Scyner,bleeding-hollow,1811,priest,holy,152,87,65
29735,Dmgisop,illidan,1811,priest,holy,141,80,61
29736,Clarifytwo,arathor,1809,priest,holy,48,29,19
29737,Qnzo,tichondrius,1806,priest,holy,60,39,21
29738,Pipelayerx,illidan,1804,priest,holy,50,25,25
29739,Murkd,tichondrius,1804,priest,holy,145,68,77
29740,Mynaevis,malganis,1800,priest,holy,66,35,31
29741,Gill,proudmoore,1800,priest,holy,148,78,70
29742,Meatboxmoldy,blood-furnace,1795,priest,holy,76,37,39
29743,Jjmms,akama,1789,priest,holy,251,127,124
29744,Moonideli,moon-guard,1783,priest,holy,90,46,44
29745,Turnipp,sargeras,1780,priest,holy,42,19,23
29746,Dreckie,sargeras,1779,priest,holy,141,71,70
29747,Zenelu,tichondrius,1775,priest,holy,482,239,243
29748,Haruspex,azralon,1774,priest,holy,123,58,65
29749,Santyel,ragnaros,1768,priest,holy,72,43,29
29750,Bloodlinex,malganis,1767,priest,holy,189,110,79
29751,Mastuti,azralon,1763,priest,holy,77,34,43
29752,Goodlife,frostmourne,1753,priest,holy,107,52,55
29753,Pigogo,tichondrius,1747,priest,holy,127,72,55
29754,Óst,tichondrius,1747,priest,holy,54,23,31
29755,Heavyflo,kelthuzad,1746,priest,holy,96,49,47
29756,Pancakeboi,tichondrius,1744,priest,holy,113,56,57
29757,Jüdaspriest,gorefiend,1744,priest,holy,53,20,33
29758,Nanatoo,sargeras,1743,priest,holy,42,22,20
29759,Iovesosa,kelthuzad,1739,priest,holy,39,22,17
29760,Zazul,frostmane,1734,priest,holy,107,61,46
29761,Iloveethan,moon-guard,1726,priest,holy,95,53,42
29762,Icychain,area-52,1726,priest,holy,35,19,16
29763,Minipriest,sargeras,1726,priest,holy,48,23,25
29764,Soulghast,gorefiend,1720,priest,holy,42,24,18
29765,Nildryck,malganis,1720,priest,holy,42,19,23
29766,Cheekypriest,stormrage,1714,priest,holy,66,30,36
29767,Eccentricx,sargeras,1712,priest,holy,30,18,12
29768,Falsegodx,tichondrius,1705,priest,holy,114,60,54
29769,Snowymooie,frostmourne,1697,priest,holy,54,25,29
29770,Packet,zuluhed,1694,priest,holy,42,28,14
29771,Geoffrred,illidan,1686,priest,holy,54,21,33
29772,Pws,azralon,1683,priest,holy,66,29,37
29773,Candohp,frostmourne,1682,priest,holy,42,22,20
29774,Soloqqt,tichondrius,1675,priest,holy,42,24,18
29775,Gaudthree,tichondrius,1675,priest,holy,48,26,22
29776,Qtasiangirl,emerald-dream,1675,priest,holy,75,32,43
29777,ßsimp,darrowmere,1674,priest,holy,83,38,45
29778,Myles,alexstrasza,1669,priest,holy,36,22,14
29779,Quicklight,sargeras,1669,priest,holy,48,28,20
29780,Cosmicyiff,area-52,1666,priest,holy,76,38,38
29781,Moosepriestx,sargeras,1660,priest,holy,42,19,23
29782,Cryptron,tichondrius,1660,priest,holy,114,50,64
29783,Iluvthgnmicz,sargeras,1655,priest,holy,57,30,27
29784,Fyne,kelthuzad,1653,priest,holy,224,115,109
29785,Wankenobi,stormrage,1651,priest,holy,297,149,148
29786,Illmindofmoo,sargeras,1645,priest,holy,41,18,23
29787,Yyuan,tichondrius,1644,priest,holy,36,19,17
29788,Dinosmeow,sargeras,1643,priest,holy,78,36,42
29789,Dream,kelthuzad,1639,priest,holy,60,27,33
29790,Bopang,emerald-dream,1638,priest,holy,59,27,32
29791,Fäctor,bleeding-hollow,1633,priest,holy,44,23,21
29792,Stonemonkeyp,sargeras,1629,priest,holy,213,117,96
29793,Elbowbeans,tichondrius,1629,priest,holy,94,43,51
29794,Hardiness,tichondrius,1627,priest,holy,66,45,21
29795,Qnarisha,tichondrius,1626,priest,holy,131,69,62
29796,Iaz,darkspear,1626,priest,holy,50,22,28
29797,Punkndrublic,sargeras,1625,priest,holy,165,83,82
29798,Wisdumos,frostmourne,1625,priest,holy,72,36,36
29799,Dgpriest,tichondrius,1620,priest,holy,48,23,25
29800,Clarify,arathor,1615,priest,holy,84,35,49
29801,Miserable,emerald-dream,1614,priest,holy,102,56,46
29802,Hpcando,frostmourne,1612,priest,holy,43,26,17
29803,Lickless,illidan,1611,priest,holy,42,20,22
29804,Endure,moon-guard,1610,priest,holy,42,22,20
29805,Leoshi,turalyon,1604,priest,holy,48,27,21
29806,Jiñx,destromath,1601,priest,holy,54,27,27
29807,Dylbags,frostmourne,1600,priest,holy,35,21,14
29808,Lemmiewinkzx,sargeras,1598,priest,holy,24,17,7
29809,Thisistragic,frostmourne,1594,priest,holy,34,26,8
29810,Washdp,frostmourne,1591,priest,holy,60,26,34
29811,Manbooty,illidan,1588,priest,holy,39,22,17
29812,Dypkillet,moon-guard,1582,priest,holy,150,71,79
29813,Alathea,elune,1580,priest,holy,225,107,118
29814,Archbishop,stormscale,1577,priest,holy,129,64,65
29815,Bloodyx,bleeding-hollow,1573,priest,holy,30,19,11
29816,Avis,illidan,1569,priest,holy,134,67,67
29817,Cutiepriest,gnomeregan,1565,priest,holy,151,86,65
29818,Padrecarras,ragnaros,1565,priest,holy,60,30,30
29819,ßeautiful,sargeras,1562,priest,holy,42,22,20
29820,Bubbles,drakthul,1562,priest,holy,514,258,256
29821,Pootyspanked,daggerspine,1559,priest,holy,113,66,47
29822,Krobs,bleeding-hollow,1559,priest,holy,48,20,28
29823,Cerebrill,bleeding-hollow,1557,priest,holy,45,22,23
29824,Tarlex,illidan,1555,priest,holy,94,43,51
29825,Cantheel,stormrage,1549,priest,holy,180,93,87
29826,Tytusx,stormrage,1543,priest,holy,44,22,22
29827,Operandi,sargeras,1539,priest,holy,35,19,16
29828,Heluupa,illidan,1538,priest,holy,113,71,42
29829,Tookz,stormrage,1530,priest,holy,24,16,8
29830,Noniok,blackrock,1527,priest,holy,56,35,21
29831,Nielbomb,tichondrius,1527,priest,holy,414,206,208
29832,Soaphia,kelthuzad,1525,priest,holy,130,65,65
29833,Dispassion,stormrage,1523,priest,holy,182,90,92
29834,Praggy,proudmoore,1522,priest,holy,36,17,19
29835,Healinsucks,proudmoore,1519,priest,holy,52,29,23
29836,Handsumheals,kiljaeden,1515,priest,holy,55,32,23
29837,Holypopocat,tichondrius,1514,priest,holy,33,18,15
29838,Saetia,drenden,1513,priest,holy,69,40,29
29839,Ducky,drakthul,1513,priest,holy,66,38,28
29840,Sacrifer,moon-guard,1513,priest,holy,102,52,50
29841,Dawnside,wyrmrest-accord,1512,priest,holy,678,363,315
29842,Joeschmoe,proudmoore,1512,priest,holy,42,22,20
29843,Boboxiao,illidan,1512,priest,holy,47,16,31
29844,Chervz,chogall,1511,priest,holy,54,23,31
29845,Anguishment,stormrage,1509,priest,holy,261,130,131
29846,Downturn,tichondrius,1507,priest,holy,42,18,24
29847,Oyy,barthilas,1505,priest,holy,150,76,74
29848,Arçhángël,moon-guard,1503,priest,holy,102,57,45
29849,Sukeena,malganis,1503,priest,holy,119,56,63
29850,Einheit,stormrage,1502,priest,holy,48,28,20
29851,Giveheadpats,moon-guard,1496,priest,holy,164,80,84
29852,Symbolofhope,moon-guard,1495,priest,holy,75,36,39
29853,Tazzi,chromaggus,1494,priest,holy,79,35,44
29854,Soleyxo,frostmourne,1489,priest,holy,54,31,23
29855,Chadopri,stormrage,1486,priest,holy,42,26,16
29856,Sooyáaa,illidan,1484,priest,holy,247,113,134
29857,Kostantina,kelthuzad,1484,priest,holy,42,18,24
29858,Iggyp,hyjal,1482,priest,holy,139,76,63
29859,Tranquilty,tichondrius,1480,priest,holy,84,36,48
29860,Wøo,area-52,1476,priest,holy,172,89,83
29861,Goyimhealer,area-52,1476,priest,holy,53,23,30
29862,Illyasviel,terenas,1472,priest,holy,103,41,62
29863,Adrenalinn,illidan,1471,priest,holy,60,34,26
29864,Cardinalpéll,frostmourne,1470,priest,holy,62,32,30
29865,Edmen,stormrage,1466,priest,holy,96,47,49
29866,Musashibo,kelthuzad,1462,priest,holy,67,25,42
29867,Bibleblak,stormrage,1461,priest,holy,36,17,19
29868,Ayanamil,tichondrius,1460,priest,holy,79,57,22
29869,Vampiric,laughing-skull,1460,priest,holy,68,38,30
29870,Matthiass,thrall,1458,priest,holy,178,85,93
29871,Strivedaily,proudmoore,1445,priest,holy,258,124,134
29872,Griddly,alterac-mountains,1445,priest,holy,55,17,38
29873,Swrvlol,emerald-dream,1444,priest,holy,36,25,11
29874,Owlchubz,mannoroth,1443,priest,holy,121,57,64
29875,Rolence,tichondrius,1437,priest,holy,80,43,37
29876,Artiannaa,bleeding-hollow,1436,priest,holy,63,39,24
29877,Reverenced,stormrage,1434,priest,holy,114,65,49
29878,Necroplasma,area-52,1433,priest,holy,55,31,24
29879,Xedus,mannoroth,1433,priest,holy,74,32,42
29880,Hypepriest,sargeras,1431,priest,holy,24,17,7
29881,Pesca,proudmoore,1429,priest,holy,36,15,21
29882,Wrinkletink,whisperwind,1426,priest,holy,49,24,25
29883,Plebiss,burning-blade,1424,priest,holy,299,154,145
29884,Taashigi,frostmourne,1419,priest,holy,52,28,24
29885,Gosilly,tichondrius,1417,priest,holy,24,15,9
29886,Evilpriest,stormrage,1417,priest,holy,30,15,15
29887,Discospider,sargeras,1412,priest,holy,37,20,17
29888,Tòxìç,stormrage,1411,priest,holy,187,96,91
29889,Mizzbehavn,tichondrius,1410,priest,holy,50,26,24
29890,Kovaxx,frostmourne,1407,priest,holy,156,74,82
29891,Kaelthos,quelthalas,1406,priest,holy,95,47,48
29892,Îcarus,tichondrius,1406,priest,holy,36,17,19
29893,Berzum,chogall,1406,priest,holy,36,17,19
29894,Sacredforce,sargeras,1400,priest,holy,66,21,45
29895,Loosejeans,blackrock,1399,priest,holy,36,18,18
29896,Exol,ragnaros,1399,priest,holy,30,15,15
29897,Shieldspamx,tichondrius,1398,priest,holy,18,16,2
29898,Holyb,tichondrius,1396,priest,holy,89,46,43
29899,Pettypriest,dalaran,1394,priest,holy,201,95,106
29900,Bestgirlna,area-52,1393,priest,holy,144,64,80
29901,Floquii,area-52,1391,priest,holy,52,25,27
29902,Soapfan,kelthuzad,1387,priest,holy,195,94,101
29903,Fenty,nemesis,1384,priest,holy,59,33,26
29904,Plod,kelthuzad,1380,priest,holy,42,25,17
29905,Etain,bloodscalp,1380,priest,holy,65,35,30
29906,Akaneo,tichondrius,1380,priest,holy,36,18,18
29907,Xenatic,emerald-dream,1380,priest,holy,138,67,71
29908,Applepieyum,illidan,1380,priest,holy,78,30,48
29909,Karrera,kelthuzad,1378,priest,holy,60,35,25
29910,Suirr,tichondrius,1377,priest,holy,36,16,20
29911,Åutumn,tichondrius,1374,priest,holy,26,18,8
29912,Doob,ghostlands,1374,priest,holy,48,25,23
29913,Methodist,proudmoore,1374,priest,holy,84,31,53
29914,Merellia,moon-guard,1373,priest,holy,90,45,45
29915,Holynug,stormrage,1370,priest,holy,36,19,17
29916,Preacherr,bonechewer,1368,priest,holy,42,24,18
29917,Cruxave,aegwynn,1366,priest,holy,46,23,23
29918,Sabene,greymane,1364,priest,holy,91,44,47
29919,Aisperwind,shadowsong,1360,priest,holy,90,43,47
29920,Muffinecho,sargeras,1360,priest,holy,73,30,43
29921,Mikeyxo,gnomeregan,1359,priest,holy,44,26,18
29922,Aurorias,burning-legion,1359,priest,holy,60,24,36
29923,Rihen,tichondrius,1358,priest,holy,525,257,268
29924,Quartzolio,azralon,1353,priest,holy,59,35,24
29925,Kurandies,nemesis,1353,priest,holy,44,23,21
29926,Glaius,kiljaeden,1353,priest,holy,54,24,30
29927,Maddrox,sargeras,1351,priest,holy,36,20,16
29928,Shaldra,bleeding-hollow,1348,priest,holy,109,64,45
29929,Dispersed,thrall,1347,priest,holy,80,37,43
29930,Holyshytt,tichondrius,1346,priest,holy,55,30,25
29931,Sappes,area-52,1346,priest,holy,54,27,27
29932,Dioecesis,moon-guard,1345,priest,holy,83,30,53
29933,Rubymisfit,sargeras,1342,priest,holy,24,14,10
29934,Klondikebar,whisperwind,1341,priest,holy,42,22,20
29935,Esvary,quelthalas,1337,priest,holy,134,71,63
29936,Kernelious,illidan,1337,priest,holy,30,14,16
29937,Verymuscular,stormrage,1336,priest,holy,30,14,16
29938,Ænußís,stormrage,1335,priest,holy,84,46,38
29939,Dunanan,moon-guard,1332,priest,holy,24,15,9
29940,Spriest,kul-tiras,1332,priest,holy,74,41,33
29941,Cyelena,quelthalas,1332,priest,holy,60,25,35
29942,Chemod,quelthalas,1331,priest,holy,41,22,19
29943,ßugsy,illidan,1331,priest,holy,48,22,26
29944,Ghostiepants,tichondrius,1331,priest,holy,47,21,26
29945,Trufumthunzi,illidan,1330,priest,holy,26,17,9
29946,Droneboy,moon-guard,1327,priest,holy,36,20,16
29947,Mkenze,moon-guard,1323,priest,holy,174,80,94
29948,Healztonic,dalaran,1323,priest,holy,85,38,47
29949,Priestlie,malganis,1318,priest,holy,98,43,55
29950,Lectra,firetree,1313,priest,holy,40,21,19
29951,Phearix,zuljin,1313,priest,holy,54,23,31
29952,Lexiié,area-52,1312,priest,holy,55,33,22
29953,Mercý,zuljin,1309,priest,holy,60,34,26
29954,Ksâh,bleeding-hollow,1309,priest,holy,36,17,19
29955,Arterrmis,barthilas,1307,priest,holy,53,26,27
29956,Animè,zuluhed,1305,priest,holy,89,52,37
29957,Xinferesia,sargeras,1305,priest,holy,61,25,36
29958,Gracarix,frostmourne,1304,priest,holy,40,23,17
29959,Snuffsnorter,kelthuzad,1304,priest,holy,41,16,25
29960,Cutensoft,moon-guard,1302,priest,holy,60,28,32
29961,Xrafa,azralon,1301,priest,holy,84,38,46
29962,Yujawang,sargeras,1300,priest,holy,36,17,19
29963,Kaelsgf,kaelthas,1299,priest,holy,36,14,22
29964,Giusep,tichondrius,1297,priest,holy,48,22,26
29965,Spïcÿ,frostmourne,1296,priest,holy,54,27,27
29966,Duhàst,sargeras,1296,priest,holy,95,43,52
29967,Littlebat,proudmoore,1294,priest,holy,82,41,41
29968,Holyfromrmp,tichondrius,1294,priest,holy,99,44,55
29969,Deemmortii,stormrage,1289,priest,holy,43,18,25
29970,Zumnb,quelthalas,1288,priest,holy,122,57,65
29971,Xanky,frostmourne,1287,priest,holy,34,18,16
29972,Hizha,tichondrius,1287,priest,holy,36,19,17
29973,Holiermilk,demon-soul,1281,priest,holy,239,110,129
29974,Macko,wyrmrest-accord,1279,priest,holy,31,15,16
29975,Valkur,aegwynn,1279,priest,holy,207,100,107
29976,Amaristinaa,frostmourne,1279,priest,holy,46,21,25
29977,Camedy,illidan,1279,priest,holy,70,27,43
29978,Djdazzle,kargath,1278,priest,holy,29,14,15
29979,Duskherald,zuljin,1274,priest,holy,96,45,51
29980,Visse,auchindoun,1273,priest,holy,42,29,13
29981,Freshtodeath,malganis,1269,priest,holy,42,23,19
29982,Nowwow,tichondrius,1268,priest,holy,36,18,18
29983,Raskreia,dragonmaw,1268,priest,holy,30,14,16
29984,Faerielee,thrall,1268,priest,holy,30,14,16
29985,Tegridyfarm,malganis,1265,priest,holy,35,19,16
29986,Threesclass,tichondrius,1262,priest,holy,29,14,15
29987,Alrüna,moon-guard,1253,priest,holy,62,30,32
29988,Benjamints,thrall,1252,priest,holy,30,15,15
29989,Padreamarol,ragnaros,1252,priest,holy,68,32,36
29990,Galadrael,quelthalas,1252,priest,holy,35,16,19
29991,Zallstan,zuljin,1249,priest,holy,30,15,15
29992,Lilyanná,tichondrius,1248,priest,holy,48,22,26
29993,Bjorke,tichondrius,1247,priest,holy,30,13,17
29994,Oxynor,zuljin,1246,priest,holy,24,13,11
29995,Wabie,illidan,1246,priest,holy,30,13,17
29996,Irídium,area-52,1243,priest,holy,30,13,17
29997,Fanseband,dalaran,1240,priest,holy,41,22,19
29998,Daisie,bleeding-hollow,1240,priest,holy,150,78,72
29999,Manocloth,frostmourne,1239,priest,holy,25,15,10
30000,Akainuu,nazjatar,1239,priest,holy,61,26,35
30001,Fearnfaith,zuljin,1239,priest,holy,36,13,23
30002,Valiann,lightbringer,1238,priest,holy,24,13,11
30003,Tortellino,hyjal,1236,priest,holy,18,13,5
30004,Cléah,sargeras,1235,priest,holy,113,53,60
30005,Kälashnikova,ragnaros,1232,priest,holy,116,59,57
30006,Junatoh,area-52,1231,priest,holy,55,29,26
30007,Dagaen,thunderlord,1230,priest,holy,240,120,120
30008,Healgirls,dalaran,1230,priest,holy,59,28,31
30009,Aiwa,winterhoof,1229,priest,holy,18,13,5
30010,Hatxsu,emerald-dream,1229,priest,holy,40,17,23
30011,Breathkeeper,proudmoore,1226,priest,holy,36,13,23
30012,Zerolimitzz,arthas,1225,priest,holy,48,22,26
30013,Whitepigogo,tichondrius,1225,priest,holy,30,13,17
30014,Edessa,lothar,1225,priest,holy,71,27,44
30015,Celinsa,ragnaros,1223,priest,holy,36,18,18
30016,Xarithea,caelestrasz,1222,priest,holy,41,19,22
30017,Tïto,blackrock,1220,priest,holy,50,23,27
30018,Leggoscams,tichondrius,1217,priest,holy,28,14,14
30019,Titô,frostmourne,1215,priest,holy,53,28,25
30020,Firewatcher,sisters-of-elune,1214,priest,holy,30,17,13
30021,Gronix,blood-furnace,1213,priest,holy,30,17,13
30022,Dóctóre,thrall,1205,priest,holy,61,24,37
30023,Stayhealed,tichondrius,1201,priest,holy,45,22,23
30024,Akö,jubeithos,1200,priest,holy,30,14,16
30025,Vernis,nazjatar,1200,priest,holy,36,15,21
30026,Danerÿ,ragnaros,1199,priest,holy,42,19,23
30027,Pílí,drakkari,1198,priest,holy,60,28,32
30028,Qelient,proudmoore,1192,priest,holy,48,26,22
30029,Ukizeal,moknathal,1192,priest,holy,134,63,71
30030,Theophobe,illidan,1190,priest,holy,85,45,40
30031,Darkheals,azralon,1190,priest,holy,52,20,32
30032,Stennic,emerald-dream,1183,priest,holy,33,17,16
30033,Dolandir,quelthalas,1181,priest,holy,30,18,12
30034,Kazehanaa,ragnaros,1180,priest,holy,42,22,20
30035,Flemyth,eitrigg,1180,priest,holy,40,16,24
30036,Bismund,chogall,1166,priest,holy,48,24,24
30037,Haushauha,azralon,1164,priest,holy,48,23,25
30038,Suzzanna,frostmourne,1160,priest,holy,41,23,18
30039,Etros,wyrmrest-accord,1156,priest,holy,90,38,52
30040,Ranøth,deathwing,1155,priest,holy,74,31,43
30041,Milkgulper,illidan,1152,priest,holy,24,12,12
30042,Trompiscola,quelthalas,1151,priest,holy,30,12,18
30043,Leonihpriest,nemesis,1151,priest,holy,30,12,18
30044,Lightwell,blackrock,1150,priest,holy,18,12,6
30045,Mêgumin,area-52,1147,priest,holy,18,13,5
30046,Maiyennefer,proudmoore,1146,priest,holy,34,13,21
30047,Selket,stormscale,1145,priest,holy,96,42,54
30048,Fiction,kelthuzad,1142,priest,holy,18,13,5
30049,Floppytatas,illidan,1142,priest,holy,279,143,136
30050,Meiev,quelthalas,1139,priest,holy,24,12,12
30051,Anemonie,gorefiend,1138,priest,holy,122,52,70
30052,Kasiry,ragnaros,1137,priest,holy,90,37,53
30053,Voidthulhu,stormrage,1134,priest,holy,167,66,101
30054,Tianqing,tichondrius,1126,priest,holy,34,12,22
30055,Dactylion,moon-guard,1119,priest,holy,24,12,12
30056,Æsir,skullcrusher,1119,priest,holy,30,12,18
30057,Niná,arathor,1114,priest,holy,20,13,7
30058,Zojhira,khazgoroth,1114,priest,holy,66,32,34
30059,Carray,goldrinn,1113,priest,holy,49,16,33
30060,Atlana,gilneas,1107,priest,holy,24,16,8
30061,Mailboxxy,kelthuzad,1107,priest,holy,42,18,24
30062,Karenpigbear,area-52,1091,priest,holy,215,95,120
30063,Dotsallover,sargeras,1091,priest,holy,32,14,18
30064,Sanaconda,sargeras,1090,priest,holy,36,12,24
30065,Sôlîånia,alterac-mountains,1081,priest,holy,39,27,12
30066,Deathrina,moon-guard,1079,priest,holy,27,13,14
30067,Gewbrr,malganis,1073,priest,holy,24,12,12
30068,Beckzz,illidan,1070,priest,holy,26,17,9
30069,Mavuiss,barthilas,1069,priest,holy,25,12,13
30070,Badgoy,dalaran,1056,priest,holy,24,11,13
30071,Pesian,dalaran,1055,priest,holy,22,12,10
30072,Sorrowful,mannoroth,1055,priest,holy,30,11,19
30073,Iilmama,area-52,1054,priest,holy,18,11,7
30074,Amynthel,tichondrius,1052,priest,holy,30,11,19
30075,Jsky,wyrmrest-accord,1050,priest,holy,21,11,10
30076,Dotdotdead,earthen-ring,1049,priest,holy,18,11,7
30077,Soulhealer,shadowmoon,1048,priest,holy,24,13,11
30078,Cuaiminator,ragnaros,1046,priest,holy,18,11,7
30079,Dylirium,dathremar,1044,priest,holy,18,11,7
30080,Fadedvi,wyrmrest-accord,1042,priest,holy,45,21,24
30081,Kytiana,blackwing-lair,1040,priest,holy,572,277,295
30082,Titoj,tichondrius,1035,priest,holy,38,19,19
30083,Zhideevskiy,trollbane,1033,priest,holy,42,20,22
30084,Alicia,nazjatar,1032,priest,holy,18,13,5
30085,Lieuwe,kelthuzad,1032,priest,holy,30,12,18
30086,Seventeen,hyjal,1029,priest,holy,30,11,19
30087,Tranith,jubeithos,1027,priest,holy,24,11,13
30088,Celani,gilneas,1026,priest,holy,24,11,13
30089,Ninbará,stormrage,1023,priest,holy,26,12,14
30090,Justjoekingh,gurubashi,1021,priest,holy,22,12,10
30091,Hälø,moon-guard,1019,priest,holy,27,12,15
30092,Dreäveler,stormrage,1007,priest,holy,21,11,10
30093,Pandamila,azralon,1004,priest,holy,19,11,8
30094,Fayth,maiev,999,priest,holy,41,18,23
30095,Veltaxis,moon-guard,998,priest,holy,162,72,90
30096,Sybenela,proudmoore,994,priest,holy,61,28,33
30097,Souljourner,stormrage,993,priest,holy,78,36,42
30098,Pottime,tichondrius,989,priest,holy,76,33,43
30099,Yinaiteen,drakkari,985,priest,holy,64,33,31
30100,Priesttess,skullcrusher,981,priest,holy,23,11,12
30101,Delthas,nagrand,980,priest,holy,130,64,66
30102,Seråphim,sargeras,979,priest,holy,66,36,30
30103,Vìxèn,zuljin,969,priest,holy,37,11,26
30104,Ragekiller,lothar,964,priest,holy,59,28,31
30105,Jameswarren,silvermoon,959,priest,holy,11,11,0
30106,Pèrona,tichondrius,959,priest,holy,24,10,14
30107,Trickyhobo,area-52,958,priest,holy,12,10,2
30108,Iaptop,tichondrius,958,priest,holy,18,10,8
30109,Folate,frostmourne,957,priest,holy,18,10,8
30110,Holyfizzle,dethecus,957,priest,holy,48,25,23
30111,Bugshott,tichondrius,956,priest,holy,32,10,22
30112,Noobepriest,thrall,955,priest,holy,18,10,8
30113,Priestybear,illidan,955,priest,holy,18,10,8
30114,Cappoo,tichondrius,955,priest,holy,36,10,26
30115,Rottigus,skullcrusher,951,priest,holy,18,10,8
30116,Priestprease,malganis,951,priest,holy,18,10,8
30117,Dovoso,kargath,951,priest,holy,26,10,16
30118,Hycinamun,malganis,949,priest,holy,24,10,14
30119,Allaras,eldrethalas,946,priest,holy,24,10,14
30120,Novous,area-52,944,priest,holy,30,10,20
30121,Artyòm,stormrage,943,priest,holy,173,77,96
30122,Taylorsmites,emerald-dream,931,priest,holy,42,18,24
30123,Eredwarraim,akama,930,priest,holy,36,13,23
30124,Jol,aggramar,928,priest,holy,24,10,14
30125,Dipanddøts,area-52,926,priest,holy,17,10,7
30126,Bienhechora,quelthalas,924,priest,holy,18,10,8
30127,Veni,kiljaeden,885,priest,holy,23,10,13
30128,Teheleopapi,quelthalas,877,priest,holy,75,19,56
30129,Pej,emerald-dream,864,priest,holy,18,9,9
30130,Rustymvpfan,nagrand,864,priest,holy,18,9,9
30131,Dadcantdeath,frostmourne,864,priest,holy,18,9,9
30132,Amayå,kelthuzad,863,priest,holy,18,9,9
30133,Mhp,illidan,863,priest,holy,18,9,9
30134,Xhadow,sargeras,863,priest,holy,18,9,9
30135,Holyxb,bleeding-hollow,863,priest,holy,18,9,9
30136,Glöws,area-52,863,priest,holy,24,9,15
30137,Hérò,barthilas,862,priest,holy,12,9,3
30138,Mëïsoön,quelthalas,862,priest,holy,18,9,9
30139,Marïmba,azralon,862,priest,holy,18,9,9
30140,Çummiñs,malganis,862,priest,holy,18,9,9
30141,Leapofdoubt,zuljin,861,priest,holy,12,9,3
30142,Amunsu,stormrage,861,priest,holy,27,11,16
30143,Ilurvyou,frostwolf,861,priest,holy,24,9,15
30144,Chaynal,proudmoore,859,priest,holy,18,9,9
30145,Pharmacee,korgath,859,priest,holy,96,31,65
30146,Faedre,smolderthorn,858,priest,holy,18,9,9
30147,Swis,area-52,857,priest,holy,24,9,15
30148,Adjectives,nerzhul,854,priest,holy,24,9,15
30149,Shkeyia,stonemaul,852,priest,holy,30,9,21
30150,Divona,blackhand,851,priest,holy,30,9,21
30151,Sondrak,doomhammer,846,priest,holy,47,19,28
30152,Hamburgle,blackrock,831,priest,holy,16,10,6
30153,Psïren,quelthalas,831,priest,holy,28,9,19
30154,Bigmommyxo,whisperwind,811,priest,holy,33,10,23
30155,Ascian,daggerspine,809,priest,holy,18,10,8
30156,Helgar,frostmourne,808,priest,holy,18,10,8
30157,Psytrance,proudmoore,798,priest,holy,17,9,8
30158,Illooj,eonar,797,priest,holy,25,10,15
30159,Híkarí,windrunner,796,priest,holy,14,9,5
30160,Gbumy,tichondrius,784,priest,holy,13,9,4
30161,Releknosleep,frostwolf,769,priest,holy,20,10,10
30162,Turnip,zuljin,768,priest,holy,12,8,4
30163,Gudóngmáe,tichondrius,768,priest,holy,12,8,4
30164,Sengmin,burning-blade,768,priest,holy,12,8,4
30165,Fotmtrash,the-underbog,768,priest,holy,12,8,4
30166,Voidzx,tichondrius,768,priest,holy,18,8,10
30167,Yanyo,skullcrusher,768,priest,holy,18,8,10
30168,Becrixx,thunderlord,768,priest,holy,18,8,10
30169,Khalesî,ragnaros,767,priest,holy,12,8,4
30170,Cûrry,bleeding-hollow,767,priest,holy,12,8,4
30171,Superheals,nordrassil,767,priest,holy,12,8,4
30172,Hynzor,barthilas,767,priest,holy,30,8,22
30173,Raphan,stormrage,766,priest,holy,12,8,4
30174,Ofmanyfaces,illidan,766,priest,holy,12,8,4
30175,Prayzar,illidan,766,priest,holy,12,8,4
30176,Zeroo,maiev,765,priest,holy,12,8,4
30177,Zolpidem,quelthalas,765,priest,holy,18,8,10
30178,Manatea,moon-guard,765,priest,holy,18,8,10
30179,Velyndra,icecrown,765,priest,holy,18,8,10
30180,Olivinpain,malganis,765,priest,holy,30,8,22
30181,Morticiá,blackrock,764,priest,holy,12,8,4
30182,Urisaegin,senjin,763,priest,holy,18,8,10
30183,Lenlune,bloodscalp,763,priest,holy,18,8,10
30184,Laj,proudmoore,763,priest,holy,30,8,22
30185,Conno,thunderlord,762,priest,holy,36,13,23
30186,Papergaruru,illidan,762,priest,holy,30,8,22
30187,Uzakichan,arygos,760,priest,holy,30,8,22
30188,Priestognic,azralon,759,priest,holy,16,9,7
30189,Fäñcÿ,tichondrius,734,priest,holy,17,8,9
30190,Rylance,burning-blade,720,priest,holy,21,8,13
30191,Msdash,tichondrius,717,priest,holy,15,8,7
30192,Saintfulsins,sargeras,716,priest,holy,15,8,7
30193,Messra,dathremar,707,priest,holy,30,8,22
30194,Jaytee,aggramar,703,priest,holy,14,9,5
30195,Humz,ragnaros,703,priest,holy,14,8,6
30196,Meibuff,frostmourne,683,priest,holy,32,8,24
30197,Undevout,tichondrius,672,priest,holy,12,7,5
30198,Tewiyakichkn,tichondrius,672,priest,holy,12,7,5
30199,Pevis,thrall,672,priest,holy,12,7,5
30200,Qiahariya,emerald-dream,672,priest,holy,12,7,5
30201,Canibumsmoke,illidan,672,priest,holy,12,7,5
30202,Nwok,frostmourne,672,priest,holy,12,7,5
30203,Hehehealyou,emerald-dream,672,priest,holy,12,7,5
30204,Pgpriest,kelthuzad,672,priest,holy,12,7,5
30205,Bunbuns,spirestone,672,priest,holy,12,7,5
30206,Shadedlight,dalaran,672,priest,holy,12,7,5
30207,Ímhotep,sargeras,672,priest,holy,12,7,5
30208,Deevious,barthilas,672,priest,holy,12,7,5
30209,Beliana,boulderfist,672,priest,holy,16,8,8
30210,Nicksfury,stormrage,672,priest,holy,18,7,11
30211,Miamama,hydraxis,672,priest,holy,18,7,11
30212,Tylexus,tichondrius,672,priest,holy,18,7,11
30213,Drelia,jubeithos,672,priest,holy,24,7,17
30214,Xpenance,ragnaros,672,priest,holy,24,7,17
30215,Jordandoesnt,tichondrius,671,priest,holy,12,7,5
30216,Suppòrt,stormrage,671,priest,holy,12,7,5
30217,Paradoxbot,kelthuzad,671,priest,holy,12,7,5
30218,Bradythree,moon-guard,671,priest,holy,12,7,5
30219,Xoraya,proudmoore,671,priest,holy,12,7,5
30220,Deidre,illidan,671,priest,holy,16,8,8
30221,Diablomonk,warsong,671,priest,holy,18,7,11
30222,Braevera,wyrmrest-accord,671,priest,holy,18,7,11
30223,Cataline,emerald-dream,671,priest,holy,18,7,11
30224,Dankpope,malganis,670,priest,holy,12,7,5
30225,Exlord,illidan,670,priest,holy,12,7,5
30226,Snoorklizzak,malganis,670,priest,holy,18,7,11
30227,Arena,lothar,669,priest,holy,12,7,5
30228,Context,mannoroth,669,priest,holy,12,7,5
30229,Dëâth,ghostlands,669,priest,holy,21,8,13
30230,Klassa,thrall,668,priest,holy,17,8,9
30231,Kisstina,tichondrius,667,priest,holy,24,7,17
30232,Vichealer,firetree,660,priest,holy,12,7,5
30233,Yidra,illidan,623,priest,holy,17,7,10
30234,ßöp,sargeras,620,priest,holy,11,7,4
30235,Blackprez,dathremar,613,priest,holy,17,7,10
30236,Boogiedo,area-52,607,priest,holy,11,7,4
30237,Punishing,illidan,606,priest,holy,16,7,9
30238,Papadarkness,tichondrius,603,priest,holy,14,7,7
30239,Sizuré,frostmourne,591,priest,holy,11,7,4
30240,Pikachuwu,moon-guard,586,priest,holy,11,7,4
30241,Ishtana,bleeding-hollow,584,priest,holy,17,9,8
30242,Hectorz,zuljin,576,priest,holy,6,6,0
30243,Sigx,area-52,576,priest,holy,12,6,6
30244,Dntchekpvpme,tichondrius,576,priest,holy,12,6,6
30245,Didntâsk,arthas,576,priest,holy,12,6,6
30246,Benedictiion,tichondrius,576,priest,holy,12,6,6
30247,Archaellia,area-52,576,priest,holy,12,6,6
30248,Runalor,zuljin,576,priest,holy,12,6,6
30249,Feverx,tichondrius,576,priest,holy,12,6,6
30250,Linvial,moon-guard,576,priest,holy,12,6,6
30251,Calissy,proudmoore,576,priest,holy,12,6,6
30252,Bootleg,crushridge,576,priest,holy,12,6,6
30253,Sìnz,area-52,576,priest,holy,12,6,6
30254,Sinthe,stormrage,576,priest,holy,12,6,6
30255,Shockterror,area-52,576,priest,holy,12,6,6
30256,Skylust,azralon,576,priest,holy,12,6,6
30257,Jezebëll,nemesis,576,priest,holy,12,6,6
30258,Unsubbedd,sargeras,576,priest,holy,12,6,6
30259,Hysteria,dalaran,576,priest,holy,12,6,6
30260,Xhirra,quelthalas,576,priest,holy,18,6,12
30261,Gustáv,sargeras,576,priest,holy,18,6,12
30262,Estaria,the-forgotten-coast,576,priest,holy,18,6,12
30263,Atenai,sargeras,576,priest,holy,18,6,12
30264,Rdvark,stormrage,576,priest,holy,18,6,12
30265,Luxar,aegwynn,575,priest,holy,12,6,6
30266,Healle,proudmoore,575,priest,holy,12,6,6
30267,Youngwavy,area-52,575,priest,holy,12,6,6
30268,Meowforheals,sargeras,575,priest,holy,12,6,6
30269,Mattkoster,mannoroth,575,priest,holy,12,6,6
30270,Mirshadow,tichondrius,575,priest,holy,12,6,6
30271,Därkness,azralon,575,priest,holy,18,6,12
30272,Kephrek,eonar,575,priest,holy,18,6,12
30273,Sêtsunà,dalaran,575,priest,holy,36,6,30
30274,Cassíopeía,blackhand,574,priest,holy,12,6,6
30275,Ruhaani,moon-guard,574,priest,holy,18,6,12
30276,Aeoliana,laughing-skull,572,priest,holy,12,6,6
30277,Aldryth,lightbringer,571,priest,holy,12,6,6
30278,Altara,malygos,569,priest,holy,12,6,6
30279,Zual,hakkar,569,priest,holy,12,6,6
30280,París,mannoroth,559,priest,holy,17,6,11
30281,Satíva,dark-iron,543,priest,holy,11,6,5
30282,Albina,kelthuzad,526,priest,holy,11,6,5
30283,Salaknib,frostmourne,520,priest,holy,18,7,11
30284,Jesaminealbe,quelthalas,516,priest,holy,21,7,14
30285,Trupriest,alleria,511,priest,holy,8,6,2
30286,Jâmïè,gurubashi,511,priest,holy,11,6,5
30287,Helorren,nagrand,506,priest,holy,20,6,14
30288,Huxleypoo,boulderfist,480,priest,holy,6,5,1
30289,Sunwarden,dalaran,480,priest,holy,6,5,1
30290,Onion,garona,480,priest,holy,6,5,1
30291,Jaaregis,area-52,480,priest,holy,6,5,1
30292,Malpraktice,mugthol,480,priest,holy,6,5,1
30293,Design,frostmourne,480,priest,holy,8,5,3
30294,Toje,korgath,480,priest,holy,13,6,7
30295,Gad,moon-guard,480,priest,holy,12,5,7
30296,Drkwispers,stormrage,480,priest,holy,12,5,7
30297,Shadowblazed,arthas,480,priest,holy,12,5,7
30298,Xeras,ravencrest,480,priest,holy,12,5,7
30299,Timbobaloo,thrall,480,priest,holy,12,5,7
30300,Greytness,tichondrius,480,priest,holy,12,5,7
30301,Phatheals,proudmoore,480,priest,holy,12,5,7
30302,Nzkbr,frostmourne,480,priest,holy,12,5,7
30303,Secrèt,tichondrius,480,priest,holy,12,5,7
30304,Capriestsun,hydraxis,480,priest,holy,12,5,7
30305,Anahka,tichondrius,480,priest,holy,12,5,7
30306,Bunnykinz,moon-guard,480,priest,holy,12,5,7
30307,Selidri,proudmoore,480,priest,holy,12,5,7
30308,Maelei,ragnaros,480,priest,holy,12,5,7
30309,Krukam,sargeras,480,priest,holy,12,5,7
30310,Meehx,illidan,480,priest,holy,12,5,7
30311,Rysie,winterhoof,480,priest,holy,12,5,7
30312,Blackoss,sargeras,480,priest,holy,12,5,7
30313,Írithyll,sargeras,480,priest,holy,12,5,7
30314,Steve,drakthul,480,priest,holy,12,5,7
30315,Snookp,kiljaeden,480,priest,holy,12,5,7
30316,Holyharlot,sargeras,480,priest,holy,18,5,13
30317,Halfsorrow,tichondrius,480,priest,holy,18,5,13
30318,Chûrch,malganis,480,priest,holy,18,5,13
30319,Nancynibbler,bleeding-hollow,480,priest,holy,24,5,19
30320,Bwaka,dalaran,479,priest,holy,6,5,1
30321,Tmturnt,tichondrius,479,priest,holy,10,5,5
30322,Mímì,wyrmrest-accord,479,priest,holy,12,5,7
30323,Threreye,sargeras,479,priest,holy,12,5,7
30324,Fivestarz,malganis,479,priest,holy,12,5,7
30325,Miganmarkle,sargeras,479,priest,holy,12,5,7
30326,Mythica,gurubashi,479,priest,holy,18,5,13
30327,Pactru,ragnaros,479,priest,holy,18,5,13
30328,Unni,azralon,479,priest,holy,18,5,13
30329,Asuryani,lightbringer,477,priest,holy,12,5,7
30330,Zantara,lightbringer,476,priest,holy,12,5,7
30331,Smellybox,area-52,463,priest,holy,13,6,7
30332,Jeraphìm,tichondrius,447,priest,holy,18,9,9
30333,Shadowchárm,bleeding-hollow,447,priest,holy,11,5,6
30334,Pics,emerald-dream,426,priest,holy,16,6,10
30335,Holyphodays,sargeras,400,priest,holy,25,5,20
30336,Ticheals,tichondrius,384,priest,holy,6,4,2
30337,Patchyemoly,frostmourne,384,priest,holy,6,4,2
30338,Schátten,spirestone,384,priest,holy,6,4,2
30339,Lyleth,lightnings-blade,384,priest,holy,6,4,2
30340,Xusin,tichondrius,384,priest,holy,6,4,2
30341,Chanyt,azralon,384,priest,holy,6,4,2
30342,Dookieate,destromath,384,priest,holy,6,4,2
30343,Thünderbird,area-52,384,priest,holy,6,4,2
30344,Halfdeath,sargeras,384,priest,holy,6,4,2
30345,Yav,exodar,384,priest,holy,6,4,2
30346,Arcmage,malganis,384,priest,holy,6,4,2
30347,Walnut,kelthuzad,384,priest,holy,6,4,2
30348,Shïryn,illidan,384,priest,holy,6,4,2
30349,Zallp,sargeras,384,priest,holy,6,4,2
30350,Cheeseycake,illidan,384,priest,holy,12,4,8
30351,Darknuzs,sargeras,384,priest,holy,12,4,8
30352,Rofrofmu,aegwynn,384,priest,holy,12,4,8
30353,Aprocalypse,malganis,384,priest,holy,12,4,8
30354,Frozencherry,elune,384,priest,holy,12,4,8
30355,Hazzang,tichondrius,384,priest,holy,12,4,8
30356,Voidrachet,thrall,384,priest,holy,12,4,8
30357,Carti,bleeding-hollow,384,priest,holy,12,4,8
30358,Ithardtoheal,sargeras,384,priest,holy,12,4,8
30359,Döyöuliftbro,tichondrius,384,priest,holy,12,4,8
30360,Sätîvá,tichondrius,384,priest,holy,12,4,8
30361,Zapix,tichondrius,384,priest,holy,12,4,8
30362,Hoglet,moon-guard,384,priest,holy,12,4,8
30363,Mellow,tichondrius,384,priest,holy,12,4,8
30364,Râven,proudmoore,384,priest,holy,12,4,8
30365,Depressednun,moon-guard,384,priest,holy,12,4,8
30366,Qtcookiebunz,proudmoore,384,priest,holy,12,4,8
30367,Yumä,kiljaeden,384,priest,holy,12,4,8
30368,Spags,nagrand,384,priest,holy,12,4,8
30369,Aeøns,sargeras,384,priest,holy,18,4,14
30370,Chambler,aegwynn,384,priest,holy,18,4,14
30371,Pavle,laughing-skull,384,priest,holy,19,4,15
30372,Fesix,akama,383,priest,holy,6,4,2
30373,Healia,tichondrius,383,priest,holy,12,4,8
30374,Dyianah,wyrmrest-accord,383,priest,holy,12,4,8
30375,Remixcandoit,malganis,379,priest,holy,12,4,8
30376,Stradey,tichondrius,367,priest,holy,11,4,7
30377,Sharkda,frostmourne,350,priest,holy,17,4,13
30378,Santamuerte,agamaggan,336,priest,holy,15,4,11
30379,Enzö,illidan,327,priest,holy,25,8,17
30380,Vandamnation,barthilas,319,priest,holy,8,4,4
30381,Kabutta,stormrage,318,priest,holy,14,4,10
30382,Vynlanesh,illidan,288,priest,holy,6,3,3
30383,Franquitó,illidan,288,priest,holy,6,3,3
30384,Roseriela,moon-guard,288,priest,holy,6,3,3
30385,Duonaiameng,illidan,288,priest,holy,6,3,3
30386,Zesho,firetree,288,priest,holy,6,3,3
30387,Healdog,thrall,288,priest,holy,6,3,3
30388,Grindr,ragnaros,288,priest,holy,6,3,3
30389,Purgeoften,sargeras,288,priest,holy,6,3,3
30390,Cessar,proudmoore,288,priest,holy,6,3,3
30391,Orderic,ragnaros,288,priest,holy,6,3,3
30392,Smiteyducks,stormrage,288,priest,holy,6,3,3
30393,Whehaw,kelthuzad,288,priest,holy,6,3,3
30394,Wubbi,blackrock,288,priest,holy,6,3,3
30395,Matiuca,stormrage,288,priest,holy,6,3,3
30396,Tseirpyeroc,area-52,288,priest,holy,6,3,3
30397,Rbmxp,barthilas,288,priest,holy,6,3,3
30398,Bagoheals,area-52,288,priest,holy,6,3,3
30399,Smalltoad,lightnings-blade,288,priest,holy,6,3,3
30400,Charbosan,gorgonnash,288,priest,holy,6,3,3
30401,Dividëd,stormrage,288,priest,holy,6,3,3
30402,Calvisper,thunderlord,288,priest,holy,6,3,3
30403,Discountay,burning-legion,288,priest,holy,6,3,3
30404,Trying,ysera,288,priest,holy,6,3,3
30405,Ñÿx,arthas,288,priest,holy,6,3,3
30406,Whitewalls,moonrunner,288,priest,holy,6,3,3
30407,Laurens,fenris,288,priest,holy,6,3,3
30408,Xtcbtc,sargeras,288,priest,holy,6,3,3
30409,Lullabya,tichondrius,288,priest,holy,6,3,3
30410,Mucada,tichondrius,288,priest,holy,6,3,3
30411,Deeznuhh,tichondrius,288,priest,holy,6,3,3
30412,Crypthion,emerald-dream,288,priest,holy,6,3,3
30413,Skeyfyr,frostmourne,288,priest,holy,6,3,3
30414,Shredh,tichondrius,288,priest,holy,6,3,3
30415,Meatguzzler,tichondrius,288,priest,holy,6,3,3
30416,Ärchangél,tichondrius,288,priest,holy,6,3,3
30417,Plánemo,azralon,288,priest,holy,6,3,3
30418,Alwaystry,tichondrius,288,priest,holy,6,3,3
30419,Nerfdisc,azralon,288,priest,holy,6,3,3
30420,Aardyx,frostmourne,288,priest,holy,6,3,3
30421,Sagapriest,hyjal,288,priest,holy,6,3,3
30422,Greet,hyjal,288,priest,holy,6,3,3
30423,Madomie,bladefist,288,priest,holy,6,3,3
30424,Darkmoonsun,frostmourne,288,priest,holy,6,3,3
30425,Iamjakehill,area-52,288,priest,holy,9,4,5
30426,Leist,ragnaros,288,priest,holy,9,4,5
30427,Likelydapper,tichondrius,288,priest,holy,7,3,4
30428,Jichu,blackrock,288,priest,holy,12,3,9
30429,Jezuz,aerie-peak,288,priest,holy,12,3,9
30430,Ísábella,ragnaros,288,priest,holy,12,3,9
30431,Øliverxp,lightbringer,288,priest,holy,12,3,9
30432,Smitepie,malganis,288,priest,holy,12,3,9
30433,Sarkozzlol,tichondrius,288,priest,holy,12,3,9
30434,Disperse,vashj,288,priest,holy,12,3,9
30435,Healiûm,bleeding-hollow,288,priest,holy,12,3,9
30436,Irilde,proudmoore,288,priest,holy,12,3,9
30437,Zhadowbolts,thrall,288,priest,holy,12,3,9
30438,Hòwen,tichondrius,288,priest,holy,12,3,9
30439,Dundamer,shattered-hand,288,priest,holy,12,3,9
30440,Lalight,tichondrius,288,priest,holy,12,3,9
30441,Pringlés,suramar,288,priest,holy,18,3,15
30442,Fertalize,maiev,288,priest,holy,18,3,15
30443,Korhíl,ragnaros,287,priest,holy,6,3,3
30444,Fìngerbanger,lightnings-blade,287,priest,holy,6,3,3
30445,Auradaluz,stormrage,287,priest,holy,12,3,9
30446,Mikeliteo,blades-edge,283,priest,holy,18,3,15
30447,Titò,tichondrius,239,priest,holy,13,4,9
30448,Bofin,stormrage,234,priest,holy,16,4,12
30449,Ftheman,tichondrius,234,priest,holy,17,4,13
30450,Halö,doomhammer,223,priest,holy,14,3,11
30451,Damokek,tichondrius,192,priest,holy,9,3,6
30452,Dentwo,aggramar,192,priest,holy,6,2,4
30453,Twodxo,kelthuzad,192,priest,holy,6,2,4
30454,Schatzié,malganis,192,priest,holy,6,2,4
30455,ßræcher,black-dragonflight,192,priest,holy,6,2,4
30456,Verboden,kelthuzad,192,priest,holy,6,2,4
30457,Wagnerr,jubeithos,192,priest,holy,6,2,4
30458,Daddyhammer,area-52,192,priest,holy,6,2,4
30459,Saenax,area-52,192,priest,holy,6,2,4
30460,Sensitive,eitrigg,192,priest,holy,6,2,4
30461,Igotubrah,malganis,192,priest,holy,6,2,4
30462,Jilt,aerie-peak,192,priest,holy,6,2,4
30463,Nodorme,quelthalas,192,priest,holy,6,2,4
30464,Speyside,medivh,192,priest,holy,6,2,4
30465,Gles,quelthalas,192,priest,holy,6,2,4
30466,Dchi,tichondrius,192,priest,holy,6,2,4
30467,Pèngotnerfed,exodar,192,priest,holy,6,2,4
30468,Silentprayer,area-52,192,priest,holy,6,2,4
30469,Hypodontia,caelestrasz,192,priest,holy,6,2,4
30470,Voltstein,dalaran,192,priest,holy,6,2,4
30471,Pûrplehaze,aegwynn,192,priest,holy,6,2,4
30472,Pandap,dalaran,192,priest,holy,6,2,4
30473,Yuritzi,duskwood,192,priest,holy,6,2,4
30474,Mindgoblin,terokkar,192,priest,holy,6,2,4
30475,Belfortx,tichondrius,192,priest,holy,6,2,4
30476,Aethriem,bleeding-hollow,192,priest,holy,6,2,4
30477,Felmnir,ragnaros,192,priest,holy,6,2,4
30478,Keicel,zuljin,192,priest,holy,6,2,4
30479,Nikci,tichondrius,192,priest,holy,6,2,4
30480,Gusho,frostmourne,192,priest,holy,6,2,4
30481,Mutedox,frostmourne,192,priest,holy,6,2,4
30482,Arodar,wyrmrest-accord,192,priest,holy,6,2,4
30483,Shemhazai,ragnaros,192,priest,holy,6,2,4
30484,Aeroalisson,azralon,192,priest,holy,6,2,4
30485,Lebwonjamdi,tichondrius,192,priest,holy,6,2,4
30486,Swipathefox,tichondrius,192,priest,holy,6,2,4
30487,Dayatthaspa,stormrage,192,priest,holy,6,2,4
30488,Jakemies,arathor,192,priest,holy,6,2,4
30489,Tuulipp,aegwynn,192,priest,holy,6,2,4
30490,Jonhey,tichondrius,192,priest,holy,6,2,4
30491,Jovon,frostmourne,192,priest,holy,6,2,4
30492,Ôp,sargeras,192,priest,holy,6,2,4
30493,Mitras,moon-guard,192,priest,holy,6,2,4
30494,Mevix,firetree,192,priest,holy,6,2,4
30495,Mendx,tichondrius,192,priest,holy,6,2,4
30496,Whitelabel,proudmoore,192,priest,holy,6,2,4
30497,Mommyafk,moon-guard,192,priest,holy,6,2,4
30498,Opas,rivendare,192,priest,holy,6,2,4
30499,Mizriz,emerald-dream,192,priest,holy,6,2,4
30500,Hansa,ragnaros,192,priest,holy,6,2,4
30501,Skeemask,moon-guard,192,priest,holy,6,2,4
30502,Dëëdëëpants,moon-guard,192,priest,holy,6,2,4
30503,Prescella,sargeras,192,priest,holy,6,2,4
30504,Löstský,azralon,192,priest,holy,7,2,5
30505,Saintguard,tichondrius,192,priest,holy,11,3,8
30506,Langyi,tichondrius,192,priest,holy,10,2,8
30507,Nevertelsp,malganis,192,priest,holy,12,2,10
30508,Okitoki,tichondrius,192,priest,holy,12,2,10
30509,Pinoculus,illidan,192,priest,holy,12,2,10
30510,Excellency,tichondrius,192,priest,holy,12,2,10
30511,Althir,ragnaros,192,priest,holy,12,2,10
30512,Fraggydaddy,frostmourne,192,priest,holy,12,2,10
30513,Påticus,area-52,192,priest,holy,13,2,11
30514,Gillís,thrall,192,priest,holy,18,2,16
30515,Krishpriest,azshara,191,priest,holy,6,2,4
30516,Sneaks,frostmourne,159,priest,holy,5,2,3
30517,Identìty,moon-guard,138,priest,holy,8,3,5
30518,Pumpss,area-52,138,priest,holy,11,3,8
30519,Bigvuqoffdam,area-52,138,priest,holy,16,3,13
30520,Denarel,frostmourne,137,priest,holy,17,4,13
30521,Akami,tichondrius,96,priest,holy,6,1,5
30522,Thotsteal,lightbringer,96,priest,holy,6,1,5
30523,Sukmysplooge,queldorei,96,priest,holy,6,1,5
30524,Majjic,proudmoore,96,priest,holy,6,1,5
30525,Shadyvoodoo,barthilas,96,priest,holy,6,1,5
30526,Tuuros,wyrmrest-accord,96,priest,holy,6,1,5
30527,Yungmazikeen,proudmoore,96,priest,holy,6,1,5
30528,Faithmelter,stormrage,96,priest,holy,6,1,5
30529,Hubbabubble,wyrmrest-accord,96,priest,holy,6,1,5
30530,Burpees,dalaran,96,priest,holy,6,1,5
30531,Janova,tichondrius,96,priest,holy,6,1,5
30532,Prayboy,aerie-peak,96,priest,holy,6,1,5
30533,Rakel,nathrezim,96,priest,holy,6,1,5
30534,Tichealstwo,tichondrius,96,priest,holy,6,1,5
30535,Chrystella,nagrand,96,priest,holy,6,1,5
30536,Yungsherm,tichondrius,96,priest,holy,6,1,5
30537,Deryus,dalaran,96,priest,holy,6,1,5
30538,Missjules,illidan,96,priest,holy,6,1,5
30539,Bigboyadam,frostmourne,96,priest,holy,6,1,5
30540,Angelicduck,illidan,96,priest,holy,6,1,5
30541,Lilpaprika,sargeras,96,priest,holy,6,1,5
30542,Alëssana,illidan,96,priest,holy,6,1,5
30543,Lasaldra,quelthalas,96,priest,holy,6,1,5
30544,Kagura,dunemaul,96,priest,holy,6,1,5
30545,Minamy,tichondrius,96,priest,holy,6,1,5
30546,Haedn,azralon,96,priest,holy,6,1,5
30547,Tammyone,emerald-dream,96,priest,holy,6,1,5
30548,Lerien,thrall,96,priest,holy,6,1,5
30549,Luciellis,sargeras,96,priest,holy,6,1,5
30550,Viehweg,azralon,96,priest,holy,6,1,5
30551,Bofuri,barthilas,96,priest,holy,6,1,5
30552,Bloodcure,ysera,96,priest,holy,6,1,5
30553,Kastwalker,earthen-ring,96,priest,holy,6,1,5
30554,Vøido,whisperwind,96,priest,holy,6,1,5
30555,Exploded,moon-guard,96,priest,holy,6,1,5
30556,Bunked,bleeding-hollow,96,priest,holy,6,1,5
30557,Hiroshikun,azshara,96,priest,holy,6,1,5
30558,Sarïya,moon-guard,96,priest,holy,6,1,5
30559,Alaskaa,moon-guard,96,priest,holy,6,1,5
30560,Burtier,zuljin,96,priest,holy,6,1,5
30561,Olassi,stormrage,96,priest,holy,6,1,5
30562,Hüde,stormrage,96,priest,holy,6,1,5
30563,Novoul,stormrage,96,priest,holy,6,1,5
30564,Djriest,sargeras,96,priest,holy,12,1,11
30565,Gutrose,area-52,96,priest,holy,12,1,11
30566,Barryp,wyrmrest-accord,96,priest,holy,12,1,11
30567,Donmartin,tichondrius,96,priest,holy,12,1,11
30568,Brownsnooter,sargeras,79,priest,holy,5,1,4
30569,Wiralyn,nathrezim,79,priest,holy,11,1,10
30570,Sugarlorde,destromath,42,priest,holy,14,3,11
30571,Undrcvr,sargeras,2273,priest,discipline,132,73,59
30572,Èfflux,sargeras,2252,priest,discipline,97,56,41
30573,Whammiez,tichondrius,2243,priest,discipline,84,50,34
30574,Strickmaney,nathrezim,2237,priest,discipline,258,139,119
30575,Gentlewoman,ragnaros,2174,priest,discipline,87,51,36
30576,Pesian,dalaran,2153,priest,discipline,233,121,112
30577,Yefri,ravencrest,2145,priest,discipline,177,102,75
30578,Reedyjrrtv,tichondrius,2145,priest,discipline,168,88,80
30579,Cinnamontage,illidan,2142,priest,discipline,114,64,50
30580,Castsmite,tichondrius,2141,priest,discipline,99,52,47
30581,Shikinomi,illidan,2133,priest,discipline,78,46,32
30582,Shazdo,illidan,2128,priest,discipline,66,44,22
30583,Wcnmb,blackrock,2123,priest,discipline,72,46,26
30584,Jiangfeng,tichondrius,2120,priest,discipline,72,37,35
30585,Celestiah,kelthuzad,2119,priest,discipline,72,37,35
30586,Zxxkawaii,tichondrius,2118,priest,discipline,169,90,79
30587,Rukiyou,frostwolf,2117,priest,discipline,210,105,105
30588,Baldzx,sargeras,2116,priest,discipline,292,160,132
30589,Idkmyname,proudmoore,2115,priest,discipline,76,40,36
30590,Nusrah,tichondrius,2114,priest,discipline,87,45,42
30591,Twocrshort,area-52,2112,priest,discipline,185,110,75
30592,Frksake,area-52,2111,priest,discipline,192,114,78
30593,Solecíto,ragnaros,2109,priest,discipline,159,102,57
30594,Kovulol,area-52,2107,priest,discipline,126,67,59
30595,Néylo,illidan,2106,priest,discipline,112,56,56
30596,Psyches,dalaran,2106,priest,discipline,109,50,59
30597,Amberturd,cenarius,2103,priest,discipline,102,48,54
30598,Woolp,frostmourne,2102,priest,discipline,100,58,42
30599,Changwongpk,kelthuzad,2101,priest,discipline,237,124,113
30600,Søryn,madoran,2100,priest,discipline,108,55,53
30601,Veivei,tichondrius,2095,priest,discipline,59,38,21
30602,Ante,stonemaul,2075,priest,discipline,108,59,49
30603,Pancakeboi,tichondrius,2070,priest,discipline,131,64,67
30604,Proxs,sargeras,2058,priest,discipline,219,113,106
30605,Classmaster,stormrage,2054,priest,discipline,183,100,83
30606,Kkelly,stormrage,2053,priest,discipline,250,126,124
30607,Devinere,tichondrius,2048,priest,discipline,574,311,263
30608,Soupbean,zuljin,2046,priest,discipline,84,42,42
30609,Esqueue,illidan,2044,priest,discipline,54,26,28
30610,Eluneslight,tichondrius,2041,priest,discipline,84,44,40
30611,Cosmicyiff,area-52,2040,priest,discipline,200,108,92
30612,Lemonmint,tichondrius,2040,priest,discipline,94,46,48
30613,Rmpmeeper,kilrogg,2034,priest,discipline,126,70,56
30614,Reecepack,moon-guard,2030,priest,discipline,71,40,31
30615,Crutched,blackhand,2022,priest,discipline,60,35,25
30616,Bholebender,tichondrius,2022,priest,discipline,101,50,51
30617,Zámmy,area-52,2021,priest,discipline,65,44,21
30618,Praemal,tichondrius,2017,priest,discipline,102,47,55
30619,Blessxo,ragnaros,2016,priest,discipline,96,45,51
30620,Instoway,illidan,2011,priest,discipline,168,98,70
30621,Adûnaic,frostmourne,2011,priest,discipline,463,232,231
30622,Jiangfenglol,tichondrius,2006,priest,discipline,156,74,82
30623,Mauvex,stormrage,2003,priest,discipline,570,278,292
30624,Reilacoste,moon-guard,2002,priest,discipline,83,41,42
30625,Høwtokill,azralon,2001,priest,discipline,161,74,87
30626,Sÿnpriest,illidan,2000,priest,discipline,426,209,217
30627,Xajen,illidan,1996,priest,discipline,84,39,45
30628,Nucypher,illidan,1993,priest,discipline,204,118,86
30629,Quaree,stormrage,1993,priest,discipline,608,316,292
30630,Boykoz,zuljin,1990,priest,discipline,163,84,79
30631,Markers,spinebreaker,1989,priest,discipline,130,64,66
30632,Kalyndaxo,frostmourne,1985,priest,discipline,60,32,28
30633,Sonicboomsz,azralon,1985,priest,discipline,122,63,59
30634,Crabsp,illidan,1981,priest,discipline,132,68,64
30635,Smokezter,area-52,1981,priest,discipline,159,81,78
30636,Crutch,blackhand,1980,priest,discipline,54,30,24
30637,Astroverse,tichondrius,1979,priest,discipline,88,50,38
30638,Clearclouds,tichondrius,1976,priest,discipline,314,166,148
30639,Etharass,illidan,1976,priest,discipline,84,36,48
30640,Dayx,malganis,1975,priest,discipline,108,54,54
30641,Poporeborn,tichondrius,1973,priest,discipline,206,102,104
30642,Mimikyú,tichondrius,1972,priest,discipline,126,57,69
30643,Cklifer,tichondrius,1970,priest,discipline,58,33,25
30644,Amine,tichondrius,1970,priest,discipline,60,34,26
30645,Azzäm,tichondrius,1970,priest,discipline,90,48,42
30646,Astüty,illidan,1967,priest,discipline,66,37,29
30647,Goodlife,frostmourne,1967,priest,discipline,71,34,37
30648,Robdàwg,illidan,1966,priest,discipline,78,39,39
30649,Leorid,stormrage,1966,priest,discipline,160,78,82
30650,Peruggia,tichondrius,1965,priest,discipline,157,79,78
30651,Abepriest,zuljin,1964,priest,discipline,204,106,98
30652,Klydasoreass,malganis,1963,priest,discipline,59,38,21
30653,Stepxo,sargeras,1963,priest,discipline,117,63,54
30654,Praitne,tichondrius,1963,priest,discipline,113,59,54
30655,Muhfinx,tichondrius,1961,priest,discipline,65,38,27
30656,Aratis,bleeding-hollow,1961,priest,discipline,90,44,46
30657,Fannyny,tichondrius,1958,priest,discipline,138,86,52
30658,Hospetal,tichondrius,1955,priest,discipline,146,74,72
30659,Awàken,sargeras,1952,priest,discipline,57,35,22
30660,Iilmama,area-52,1948,priest,discipline,105,55,50
30661,Mimz,trollbane,1947,priest,discipline,124,67,57
30662,Jakemies,arathor,1946,priest,discipline,90,48,42
30663,Deathblind,kelthuzad,1945,priest,discipline,95,48,47
30664,Gosharbg,tichondrius,1940,priest,discipline,34,24,10
30665,Sarkozzlol,tichondrius,1938,priest,discipline,84,43,41
30666,Praeyer,area-52,1936,priest,discipline,386,196,190
30667,Penanceperry,bleeding-hollow,1936,priest,discipline,292,141,151
30668,Supaflute,tichondrius,1935,priest,discipline,102,47,55
30669,Plaedo,stormscale,1932,priest,discipline,52,28,24
30670,Fádé,illidan,1932,priest,discipline,97,48,49
30671,Namilol,tichondrius,1931,priest,discipline,54,30,24
30672,Donmartin,tichondrius,1929,priest,discipline,94,50,44
30673,Reydehaiti,ragnaros,1928,priest,discipline,165,83,82
30674,Budings,tichondrius,1927,priest,discipline,143,77,66
30675,Velftrixi,sargeras,1927,priest,discipline,180,94,86
30676,Curachon,darkspear,1926,priest,discipline,93,42,51
30677,Rawze,tichondrius,1925,priest,discipline,75,36,39
30678,Hectorz,zuljin,1925,priest,discipline,136,62,74
30679,Invincible,ragnaros,1924,priest,discipline,80,45,35
30680,Likethis,ragnaros,1924,priest,discipline,419,212,207
30681,Balsak,zuljin,1924,priest,discipline,152,72,80
30682,Qipriest,tichondrius,1923,priest,discipline,72,32,40
30683,Antts,tichondrius,1922,priest,discipline,60,39,21
30684,Lovelike,tichondrius,1922,priest,discipline,74,41,33
30685,Ogneus,crushridge,1921,priest,discipline,69,33,36
30686,Diabloluckie,tichondrius,1919,priest,discipline,120,62,58
30687,Vinnydiesel,tichondrius,1918,priest,discipline,66,32,34
30688,Fotmvark,stormrage,1916,priest,discipline,78,36,42
30689,Evicereith,ragnaros,1915,priest,discipline,54,29,25
30690,Thefiveoh,malganis,1914,priest,discipline,27,23,4
30691,Alisas,malganis,1912,priest,discipline,178,84,94
30692,Anasuzana,stormrage,1911,priest,discipline,66,38,28
30693,Artíst,sargeras,1911,priest,discipline,119,64,55
30694,Varenon,stormrage,1910,priest,discipline,159,90,69
30695,Tinyheal,sargeras,1910,priest,discipline,202,109,93
30696,Bearfriend,malorne,1910,priest,discipline,58,30,28
30697,Jthealz,tichondrius,1910,priest,discipline,60,30,30
30698,Snackermz,tichondrius,1909,priest,discipline,112,48,64
30699,Shallwedance,tichondrius,1906,priest,discipline,86,50,36
30700,Omhz,tichondrius,1905,priest,discipline,96,49,47
30701,Ccgo,tichondrius,1902,priest,discipline,108,53,55
30702,Aitri,hakkar,1902,priest,discipline,193,94,99
30703,Mumrah,antonidas,1900,priest,discipline,136,67,69
30704,Fotmtrash,the-underbog,1897,priest,discipline,48,26,22
30705,Riseandshine,illidan,1896,priest,discipline,54,38,16
30706,Pølupoker,illidan,1895,priest,discipline,59,27,32
30707,Gotdro,kelthuzad,1893,priest,discipline,74,37,37
30708,Boriz,frostmourne,1892,priest,discipline,79,44,35
30709,Zerorizz,tichondrius,1890,priest,discipline,42,20,22
30710,Ndzy,malganis,1890,priest,discipline,48,21,27
30711,Niniua,tichondrius,1887,priest,discipline,47,25,22
30712,Eudog,zuljin,1886,priest,discipline,24,20,4
30713,Athênå,tichondrius,1886,priest,discipline,192,110,82
30714,Capcana,tichondrius,1886,priest,discipline,128,69,59
30715,Haunting,nerzhul,1886,priest,discipline,209,103,106
30716,Discopenguin,kelthuzad,1885,priest,discipline,60,34,26
30717,Usefirstaid,sargeras,1883,priest,discipline,42,26,16
30718,Pregnantmale,area-52,1883,priest,discipline,120,66,54
30719,Grimacê,sargeras,1883,priest,discipline,122,62,60
30720,Xiaoqunzi,tichondrius,1883,priest,discipline,137,67,70
30721,Cupitan,tichondrius,1883,priest,discipline,62,27,35
30722,Abt,proudmoore,1882,priest,discipline,66,31,35
30723,Usedwrap,sargeras,1881,priest,discipline,78,43,35
30724,Throatgoated,moon-guard,1881,priest,discipline,47,21,26
30725,Rubymisfit,sargeras,1881,priest,discipline,84,37,47
30726,Cremona,tichondrius,1878,priest,discipline,84,39,45
30727,Breakmoon,tichondrius,1876,priest,discipline,78,33,45
30728,Chee,bleeding-hollow,1875,priest,discipline,72,39,33
30729,Sñ,illidan,1874,priest,discipline,48,27,21
30730,Rileymcgerr,tichondrius,1873,priest,discipline,42,24,18
30731,Exdric,kiljaeden,1873,priest,discipline,72,36,36
30732,Fordranger,frostmourne,1873,priest,discipline,64,32,32
30733,Redonkulos,wyrmrest-accord,1873,priest,discipline,210,102,108
30734,Dellaptop,sargeras,1871,priest,discipline,88,51,37
30735,Nerfthedoc,blackrock,1869,priest,discipline,55,34,21
30736,Renfury,bleeding-hollow,1869,priest,discipline,54,25,29
30737,Montagehey,illidan,1868,priest,discipline,83,43,40
30738,ßeyonder,tichondrius,1868,priest,discipline,146,69,77
30739,Candyshack,area-52,1867,priest,discipline,117,66,51
30740,Lidoradra,zuljin,1867,priest,discipline,77,36,41
30741,Oghealz,lightnings-blade,1866,priest,discipline,60,30,30
30742,Notatk,tichondrius,1866,priest,discipline,221,99,122
30743,Tiestô,tichondrius,1864,priest,discipline,48,29,19
30744,Neverbeen,tichondrius,1864,priest,discipline,676,361,315
30745,Spoõks,darkspear,1862,priest,discipline,141,69,72
30746,Tormybew,illidan,1861,priest,discipline,53,29,24
30747,Cokeheals,tichondrius,1861,priest,discipline,60,29,31
30748,Bubblekanush,tichondrius,1859,priest,discipline,36,22,14
30749,Veiveilol,tichondrius,1859,priest,discipline,71,32,39
30750,Usebindwound,sargeras,1857,priest,discipline,108,65,43
30751,Highskrizzle,thrall,1857,priest,discipline,67,37,30
30752,Duw,icecrown,1857,priest,discipline,151,75,76
30753,Whiterhino,spirestone,1856,priest,discipline,49,27,22
30754,Phludd,malganis,1856,priest,discipline,82,45,37
30755,Vizzy,stormrage,1856,priest,discipline,96,51,45
30756,Ravnica,kelthuzad,1856,priest,discipline,82,43,39
30757,Presence,blood-furnace,1855,priest,discipline,42,23,19
30758,Vànhendrix,tichondrius,1855,priest,discipline,59,32,27
30759,Shadey,onyxia,1855,priest,discipline,54,26,28
30760,Nayzoh,darkspear,1855,priest,discipline,78,37,41
30761,Vidzar,area-52,1854,priest,discipline,42,28,14
30762,Drsquiddy,tichondrius,1854,priest,discipline,47,30,17
30763,Stayspooked,moon-guard,1852,priest,discipline,54,31,23
30764,Jtheals,illidan,1852,priest,discipline,35,20,15
30765,Yaksa,proudmoore,1852,priest,discipline,78,35,43
30766,Centalinkxo,frostmourne,1851,priest,discipline,72,36,36
30767,Wapriest,blades-edge,1851,priest,discipline,545,272,273
30768,Curney,stormrage,1850,priest,discipline,71,51,20
30769,Sinthe,stormrage,1850,priest,discipline,47,26,21
30770,Mancito,mannoroth,1850,priest,discipline,150,78,72
30771,Shieldspamx,tichondrius,1850,priest,discipline,89,41,48
30772,Mautmaut,quelthalas,1849,priest,discipline,77,53,24
30773,Sylvphrena,stormrage,1849,priest,discipline,42,24,18
30774,Corvenna,zuljin,1848,priest,discipline,60,33,27
30775,Lumies,tichondrius,1848,priest,discipline,42,21,21
30776,Polarnight,zuljin,1848,priest,discipline,59,29,30
30777,Paidtowin,frostmourne,1848,priest,discipline,68,30,38
30778,Bigshieldlol,illidan,1847,priest,discipline,60,39,21
30779,Chromielol,tichondrius,1847,priest,discipline,54,31,23
30780,Tzïñåçåñ,tichondrius,1847,priest,discipline,54,29,25
30781,Miamama,hydraxis,1847,priest,discipline,135,68,67
30782,Didy,dark-iron,1847,priest,discipline,82,39,43
30783,Voidnoodles,area-52,1846,priest,discipline,60,32,28
30784,Ultradumb,ragnaros,1846,priest,discipline,42,21,21
30785,Jmjeezy,tichondrius,1846,priest,discipline,48,22,26
30786,Leonilcx,tichondrius,1845,priest,discipline,902,456,446
30787,Koalakazamzy,shadow-council,1845,priest,discipline,58,29,29
30788,Quèénstar,tichondrius,1845,priest,discipline,85,35,50
30789,Cavityx,illidan,1844,priest,discipline,52,30,22
30790,Troja,malganis,1843,priest,discipline,78,43,35
30791,Steelcity,tichondrius,1843,priest,discipline,54,28,26
30792,Dacine,illidan,1843,priest,discipline,60,30,30
30793,Bubbliez,frostmourne,1843,priest,discipline,59,28,31
30794,Nickydamous,moon-guard,1843,priest,discipline,66,31,35
30795,Anyra,stormrage,1842,priest,discipline,57,29,28
30796,Zelená,trollbane,1841,priest,discipline,128,77,51
30797,Vampirê,tichondrius,1841,priest,discipline,66,35,31
30798,Joezyxz,tichondrius,1841,priest,discipline,192,100,92
30799,Kck,sentinels,1841,priest,discipline,95,44,51
30800,Meoveryou,stormrage,1840,priest,discipline,92,50,42
30801,Syliva,frostmourne,1840,priest,discipline,65,30,35
30802,Donutpriest,kelthuzad,1839,priest,discipline,78,44,34
30803,Koalakazamza,shadow-council,1839,priest,discipline,62,28,34
30804,Stinkiez,area-52,1838,priest,discipline,183,98,85
30805,Tistapriest,proudmoore,1837,priest,discipline,70,41,29
30806,Waggers,moon-guard,1837,priest,discipline,42,23,19
30807,Lotion,icecrown,1837,priest,discipline,48,25,23
30808,Rayllyn,bleeding-hollow,1836,priest,discipline,30,22,8
30809,Miraclesoul,tichondrius,1836,priest,discipline,38,26,12
30810,Katalad,wyrmrest-accord,1836,priest,discipline,48,31,17
30811,Hairypenance,sargeras,1836,priest,discipline,72,39,33
30812,Noted,aegwynn,1835,priest,discipline,134,85,49
30813,Binipriest,tichondrius,1835,priest,discipline,67,40,27
30814,Jamino,jubeithos,1835,priest,discipline,111,60,51
30815,Tmeugene,tichondrius,1835,priest,discipline,40,21,19
30816,Icychain,area-52,1835,priest,discipline,76,34,42
30817,Bugweeb,sargeras,1834,priest,discipline,87,56,31
30818,Layons,nemesis,1834,priest,discipline,140,89,51
30819,Twopiece,blackrock,1834,priest,discipline,54,31,23
30820,Rÿzo,tichondrius,1834,priest,discipline,111,63,48
30821,Thottsteal,queldorei,1834,priest,discipline,60,31,29
30822,June,dragonmaw,1834,priest,discipline,60,30,30
30823,Angelforcez,frostmourne,1834,priest,discipline,53,23,30
30824,Ameliarys,sargeras,1833,priest,discipline,103,51,52
30825,Jadon,sargeras,1832,priest,discipline,54,42,12
30826,Chiot,tichondrius,1832,priest,discipline,67,52,15
30827,Sons,zuljin,1832,priest,discipline,54,29,25
30828,Oloriinn,stormrage,1831,priest,discipline,36,24,12
30829,Meloxicamm,tichondrius,1831,priest,discipline,198,100,98
30830,Antagzy,bleeding-hollow,1830,priest,discipline,108,69,39
30831,Msai,tichondrius,1830,priest,discipline,114,68,46
30832,Yotinha,stormrage,1830,priest,discipline,48,28,20
30833,Pzx,zuljin,1830,priest,discipline,54,31,23
30834,Strvnge,malganis,1830,priest,discipline,60,28,32
30835,Faeleath,emerald-dream,1830,priest,discipline,80,37,43
30836,Cpks,tichondrius,1828,priest,discipline,76,48,28
30837,Baphomet,hyjal,1828,priest,discipline,88,53,35
30838,Misatomori,tichondrius,1828,priest,discipline,54,28,26
30839,Epitoh,bleeding-hollow,1828,priest,discipline,78,36,42
30840,Sleetherp,barthilas,1827,priest,discipline,64,37,27
30841,Fracxured,sargeras,1827,priest,discipline,68,31,37
30842,Bohomagz,tichondrius,1826,priest,discipline,42,24,18
30843,Bloodyxx,bleeding-hollow,1825,priest,discipline,34,23,11
30844,Buffle,zuluhed,1825,priest,discipline,66,38,28
30845,Yokuz,thunderlord,1825,priest,discipline,48,26,22
30846,Mackulate,tichondrius,1825,priest,discipline,65,34,31
30847,Cokeheals,kelthuzad,1825,priest,discipline,54,28,26
30848,Aprîl,quelthalas,1825,priest,discipline,72,37,35
30849,Däzzlë,quelthalas,1825,priest,discipline,72,35,37
30850,Pnsp,perenolde,1824,priest,discipline,42,30,12
30851,Xholyshietz,emerald-dream,1824,priest,discipline,71,48,23
30852,Pervysaged,sargeras,1824,priest,discipline,60,40,20
30853,Archìtects,wyrmrest-accord,1824,priest,discipline,108,68,40
30854,Clockwororan,tichondrius,1824,priest,discipline,78,47,31
30855,Cya,deathwing,1824,priest,discipline,54,30,24
30856,Zygotes,tichondrius,1824,priest,discipline,39,21,18
30857,Temérios,azralon,1824,priest,discipline,60,30,30
30858,Tuxen,wyrmrest-accord,1823,priest,discipline,48,29,19
30859,Swurvexo,bleeding-hollow,1823,priest,discipline,47,28,19
30860,Guiila,azralon,1823,priest,discipline,71,38,33
30861,Barthol,malygos,1823,priest,discipline,225,115,110
30862,Sprankels,bleeding-hollow,1823,priest,discipline,108,55,53
30863,Luhkx,stormrage,1823,priest,discipline,54,25,29
30864,Pride,moon-guard,1823,priest,discipline,72,30,42
30865,Ohsop,chogall,1822,priest,discipline,49,33,16
30866,Dairy,the-underbog,1822,priest,discipline,49,29,20
30867,Drtyror,area-52,1822,priest,discipline,155,91,64
30868,Lands,ragnaros,1822,priest,discipline,120,69,51
30869,Memoria,emerald-dream,1822,priest,discipline,117,60,57
30870,Zachon,sargeras,1822,priest,discipline,54,27,27
30871,Oohso,chogall,1821,priest,discipline,91,43,48
30872,Rerollpriest,firetree,1821,priest,discipline,53,25,28
30873,Ultrà,ragnaros,1820,priest,discipline,71,44,27
30874,Wreklol,tichondrius,1820,priest,discipline,60,34,26
30875,Mindseye,azgalor,1820,priest,discipline,120,61,59
30876,Dietcokee,stormrage,1820,priest,discipline,62,31,31
30877,Ujelin,kiljaeden,1820,priest,discipline,48,24,24
30878,Tophr,illidan,1819,priest,discipline,41,24,17
30879,Chk,moon-guard,1819,priest,discipline,136,65,71
30880,Saviorlol,tichondrius,1819,priest,discipline,65,31,34
30881,Soojwa,frostmourne,1819,priest,discipline,54,24,30
30882,Pitayakiller,tichondrius,1818,priest,discipline,41,23,18
30883,Summersetisl,tichondrius,1818,priest,discipline,72,31,41
30884,Novel,moon-guard,1817,priest,discipline,30,24,6
30885,Despairx,tichondrius,1817,priest,discipline,102,66,36
30886,Guerisser,hyjal,1817,priest,discipline,176,104,72
30887,Gaudthree,tichondrius,1817,priest,discipline,46,25,21
30888,Akuzaki,illidan,1817,priest,discipline,54,25,29
30889,Sliktrik,area-52,1817,priest,discipline,65,29,36
30890,Dapp,barthilas,1817,priest,discipline,77,33,44
30891,Cynthus,dalvengyr,1816,priest,discipline,102,60,42
30892,Lichtschreit,zuljin,1816,priest,discipline,41,24,17
30893,Juicyturon,moon-guard,1816,priest,discipline,77,45,32
30894,Dispassion,dalaran,1816,priest,discipline,58,33,25
30895,Zulazane,azralon,1816,priest,discipline,378,207,171
30896,Woodowl,tichondrius,1816,priest,discipline,46,25,21
30897,Kragenn,malganis,1816,priest,discipline,195,103,92
30898,Jackski,nemesis,1816,priest,discipline,48,25,23
30899,Hideonlight,barthilas,1816,priest,discipline,645,332,313
30900,Legendary,ragnaros,1816,priest,discipline,78,33,45
30901,Mødilon,nemesis,1815,priest,discipline,47,29,18
30902,Haduth,area-52,1815,priest,discipline,220,123,97
30903,Rythmzz,kiljaeden,1815,priest,discipline,108,59,49
30904,Engle,arathor,1815,priest,discipline,42,22,20
30905,Selenitax,sargeras,1815,priest,discipline,104,52,52
30906,Badnsweaty,sargeras,1815,priest,discipline,76,38,38
30907,Ousïa,quelthalas,1815,priest,discipline,164,81,83
30908,Mommyafk,moon-guard,1815,priest,discipline,54,25,29
30909,Myeryc,frostmourne,1815,priest,discipline,53,21,32
30910,Xxqq,illidan,1814,priest,discipline,60,38,22
30911,Psyjes,stormrage,1814,priest,discipline,111,69,42
30912,Diwara,ragnaros,1814,priest,discipline,60,37,23
30913,Fullmetals,azralon,1814,priest,discipline,53,30,23
30914,Zuwukey,kirin-tor,1814,priest,discipline,163,85,78
30915,Tanmo,illidan,1814,priest,discipline,96,50,46
30916,Syllè,area-52,1814,priest,discipline,48,24,24
30917,Fibbre,tichondrius,1814,priest,discipline,121,54,67
30918,Razdaz,twisting-nether,1814,priest,discipline,66,29,37
30919,Relicx,firetree,1813,priest,discipline,54,33,21
30920,Youhealme,area-52,1813,priest,discipline,90,54,36
30921,Hoonjojjyang,tichondrius,1813,priest,discipline,66,37,29
30922,Morboo,proudmoore,1813,priest,discipline,78,43,35
30923,Svzy,illidan,1813,priest,discipline,48,26,22
30924,Wandynha,nemesis,1813,priest,discipline,119,63,56
30925,Sasha,muradin,1813,priest,discipline,142,70,72
30926,Sixfourtank,tichondrius,1813,priest,discipline,53,26,27
30927,Falsity,kelthuzad,1813,priest,discipline,66,32,34
30928,Eyolo,tichondrius,1813,priest,discipline,132,62,70
30929,Ahoy,sargeras,1812,priest,discipline,75,46,29
30930,Heart,misha,1812,priest,discipline,150,84,66
30931,Abstention,area-52,1812,priest,discipline,66,35,31
30932,Cardinaldave,frostmourne,1812,priest,discipline,54,28,26
30933,Fatbellyx,sargeras,1812,priest,discipline,72,36,36
30934,Sabalonely,tichondrius,1812,priest,discipline,42,19,23
30935,Iyoui,tichondrius,1811,priest,discipline,42,28,14
30936,Smyted,tichondrius,1811,priest,discipline,72,41,31
30937,Tyrrshadow,skywall,1811,priest,discipline,104,58,46
30938,Tallïa,stormrage,1811,priest,discipline,155,82,73
30939,Louisé,hydraxis,1811,priest,discipline,90,46,44
30940,Wübbie,emerald-dream,1810,priest,discipline,72,40,32
30941,Trengodqt,destromath,1810,priest,discipline,235,129,106
30942,Pawnza,tichondrius,1810,priest,discipline,120,65,55
30943,Walterwhite,bleeding-hollow,1810,priest,discipline,42,19,23
30944,Paytin,illidan,1810,priest,discipline,71,32,39
30945,Arguseonp,proudmoore,1809,priest,discipline,54,37,17
30946,Ãbelladanger,area-52,1809,priest,discipline,65,43,22
30947,Jemine,tichondrius,1809,priest,discipline,108,64,44
30948,Scrollozaddy,illidan,1809,priest,discipline,306,181,125
30949,Thepumps,sargeras,1809,priest,discipline,73,43,30
30950,Paramour,laughing-skull,1809,priest,discipline,108,59,49
30951,Probs,frostmourne,1809,priest,discipline,141,72,69
30952,Jaquels,sargeras,1809,priest,discipline,130,65,65
30953,Varbirttok,sargeras,1809,priest,discipline,61,29,32
30954,Dabaojian,tichondrius,1809,priest,discipline,60,28,32
30955,Aube,frostmourne,1809,priest,discipline,51,23,28
30956,Nudithree,malganis,1808,priest,discipline,38,26,12
30957,Kavxo,sargeras,1808,priest,discipline,113,66,47
30958,Vbear,dunemaul,1808,priest,discipline,71,39,32
30959,Pkkdestiny,archimonde,1808,priest,discipline,71,37,34
30960,Catbabyorz,tichondrius,1808,priest,discipline,84,41,43
30961,Pns,perenolde,1808,priest,discipline,66,32,34
30962,Buhroketwo,thrall,1807,priest,discipline,66,41,25
30963,Dopeypriest,area-52,1807,priest,discipline,120,68,52
30964,Nomsayin,stormrage,1806,priest,discipline,48,32,16
30965,Gices,area-52,1806,priest,discipline,36,24,12
30966,Exøtic,tichondrius,1806,priest,discipline,54,35,19
30967,Ayakashi,frostmourne,1806,priest,discipline,75,46,29
30968,Wormface,moon-guard,1806,priest,discipline,58,35,23
30969,Senzy,tichondrius,1806,priest,discipline,150,81,69
30970,Releriel,area-52,1806,priest,discipline,58,31,27
30971,Inthemix,stormreaver,1806,priest,discipline,376,197,179
30972,Yezhua,zuljin,1806,priest,discipline,84,44,40
30973,Purplebeauty,tichondrius,1805,priest,discipline,198,119,79
30974,Bonigan,sargeras,1805,priest,discipline,197,118,79
30975,Rylla,illidan,1805,priest,discipline,66,34,32
30976,Deathwisher,illidan,1805,priest,discipline,251,127,124
30977,Maghobou,tichondrius,1805,priest,discipline,66,30,36
30978,Néy,illidan,1804,priest,discipline,36,26,10
30979,Öxhö,tichondrius,1804,priest,discipline,44,31,13
30980,Ðsco,tichondrius,1804,priest,discipline,36,24,12
30981,Absorbs,stormrage,1804,priest,discipline,30,19,11
30982,Fearmen,tichondrius,1804,priest,discipline,59,33,26
30983,Selath,ragnaros,1804,priest,discipline,47,26,21
30984,Angelumlucis,frostmane,1804,priest,discipline,145,80,65
30985,Syrillia,wildhammer,1804,priest,discipline,142,78,64
30986,Barrenbuffet,zuljin,1804,priest,discipline,272,136,136
30987,Cln,bleeding-hollow,1804,priest,discipline,65,32,33
30988,Taipriest,frostmourne,1804,priest,discipline,222,103,119
30989,Yeeseafood,tichondrius,1804,priest,discipline,64,27,37
30990,Thaldrum,tichondrius,1804,priest,discipline,79,30,49
30991,Jinais,zuluhed,1803,priest,discipline,48,33,15
30992,Phillthevoid,sargeras,1803,priest,discipline,45,29,16
30993,Applecare,illidan,1803,priest,discipline,102,60,42
30994,Tarlex,illidan,1803,priest,discipline,168,94,74
30995,Goldsunx,emerald-dream,1803,priest,discipline,152,85,67
30996,Tjphess,zuljin,1803,priest,discipline,240,130,110
30997,Luciuz,tichondrius,1803,priest,discipline,84,45,39
30998,Cbalnom,tichondrius,1803,priest,discipline,70,37,33
30999,Sußlime,frostwolf,1803,priest,discipline,90,47,43
31000,Marython,tichondrius,1803,priest,discipline,130,67,63
31001,Criil,area-52,1803,priest,discipline,42,19,23
31002,Manyhot,tichondrius,1802,priest,discipline,51,32,19
31003,Yrñwiotøø,illidan,1802,priest,discipline,54,33,21
31004,Dijkstracted,ragnaros,1802,priest,discipline,187,106,81
31005,Reignen,tichondrius,1802,priest,discipline,183,101,82
31006,Seifong,frostmourne,1802,priest,discipline,125,68,57
31007,Deathallpoly,tichondrius,1802,priest,discipline,431,227,204
31008,Ritzzx,ragnaros,1802,priest,discipline,107,55,52
31009,Retardèr,tichondrius,1801,priest,discipline,97,68,29
31010,Reverendtun,area-52,1801,priest,discipline,83,55,28
31011,Merit,emerald-dream,1801,priest,discipline,165,92,73
31012,Wânda,tichondrius,1801,priest,discipline,111,57,54
31013,Xtcbtc,sargeras,1801,priest,discipline,93,44,49
31014,Lípjju,tichondrius,1801,priest,discipline,54,24,30
31015,Geekynerd,frostmourne,1800,priest,discipline,151,98,53
31016,Bigmomcook,tichondrius,1800,priest,discipline,215,125,90
31017,Imissdave,dethecus,1800,priest,discipline,48,27,21
31018,Narakku,sargeras,1800,priest,discipline,108,59,49
31019,Holyhõ,stormrage,1800,priest,discipline,60,32,28
31020,Bwgyx,area-52,1800,priest,discipline,42,22,20
31021,Bibleblak,stormrage,1800,priest,discipline,102,53,49
31022,Alola,illidan,1800,priest,discipline,135,69,66
31023,Shamáng,tichondrius,1800,priest,discipline,152,73,79
31024,Shenanígans,malganis,1800,priest,discipline,42,19,23
31025,Bomí,tichondrius,1799,priest,discipline,84,41,43
31026,Fearinoculúm,bleeding-hollow,1798,priest,discipline,24,19,5
31027,Vaaynee,ragnaros,1797,priest,discipline,114,61,53
31028,Secondes,azralon,1797,priest,discipline,36,19,17
31029,Comebaack,stormrage,1797,priest,discipline,98,51,47
31030,Horzp,bleeding-hollow,1797,priest,discipline,72,32,40
31031,Celestiah,illidan,1796,priest,discipline,54,28,26
31032,Impvp,tichondrius,1795,priest,discipline,89,49,40
31033,Bamboon,tanaris,1795,priest,discipline,126,66,60
31034,Änanti,tichondrius,1794,priest,discipline,83,45,38
31035,Fancydisc,barthilas,1792,priest,discipline,36,23,13
31036,Topbruv,tichondrius,1792,priest,discipline,60,36,24
31037,Cellestine,aggramar,1792,priest,discipline,133,67,66
31038,Wormclergy,tichondrius,1791,priest,discipline,80,39,41
31039,Dipadre,azralon,1790,priest,discipline,102,72,30
31040,Tryfekta,frostmourne,1789,priest,discipline,102,55,47
31041,Crypcanheal,sargeras,1789,priest,discipline,508,254,254
31042,Bublehead,zuljin,1789,priest,discipline,114,56,58
31043,Nearo,barthilas,1789,priest,discipline,77,37,40
31044,Ryno,cenarion-circle,1788,priest,discipline,80,43,37
31045,Kostantina,kelthuzad,1788,priest,discipline,178,83,95
31046,Euphorz,tichondrius,1786,priest,discipline,36,19,17
31047,Hadoka,ragnaros,1786,priest,discipline,54,23,31
31048,Priceléss,tichondrius,1784,priest,discipline,30,22,8
31049,Gochuxx,tichondrius,1783,priest,discipline,72,38,34
31050,Rigxy,arthas,1782,priest,discipline,141,87,54
31051,Tmversace,tichondrius,1781,priest,discipline,112,56,56
31052,Usedmedkit,sargeras,1780,priest,discipline,47,28,19
31053,Olark,durotan,1780,priest,discipline,304,148,156
31054,Canibumsmoke,illidan,1779,priest,discipline,93,49,44
31055,Kóba,bleeding-hollow,1778,priest,discipline,48,33,15
31056,Høðj,tichondrius,1778,priest,discipline,36,19,17
31057,Fleckyy,tichondrius,1776,priest,discipline,42,19,23
31058,Isilador,moon-guard,1775,priest,discipline,95,44,51
31059,Whalexo,kelthuzad,1774,priest,discipline,155,82,73
31060,Pesca,proudmoore,1774,priest,discipline,125,59,66
31061,Pnub,aggramar,1772,priest,discipline,105,52,53
31062,Hotgirlshiit,dalaran,1771,priest,discipline,340,166,174
31063,Nickzx,tichondrius,1770,priest,discipline,64,45,19
31064,Hugemilkys,tichondrius,1770,priest,discipline,94,52,42
31065,Barley,chogall,1770,priest,discipline,58,30,28
31066,Indiglo,arthas,1769,priest,discipline,102,52,50
31067,Ancilx,area-52,1769,priest,discipline,78,39,39
31068,Auxp,tichondrius,1769,priest,discipline,59,23,36
31069,Dannycarrier,tichondrius,1768,priest,discipline,30,21,9
31070,Smitelytius,tichondrius,1768,priest,discipline,36,21,15
31071,Kabugi,illidan,1768,priest,discipline,96,52,44
31072,Bellaelle,stormrage,1768,priest,discipline,69,35,34
31073,Cosenzza,tichondrius,1768,priest,discipline,66,28,38
31074,Írithyll,stormrage,1767,priest,discipline,59,33,26
31075,Pibkac,stormrage,1767,priest,discipline,69,34,35
31076,Healum,nemesis,1765,priest,discipline,106,59,47
31077,Deathlullaby,malganis,1765,priest,discipline,60,30,30
31078,Badrapture,sargeras,1764,priest,discipline,104,73,31
31079,Osis,rivendare,1764,priest,discipline,165,80,85
31080,Sebpriest,proudmoore,1764,priest,discipline,42,20,22
31081,Rúbybest,tichondrius,1764,priest,discipline,72,30,42
31082,Deadpriesst,arthas,1763,priest,discipline,72,36,36
31083,Darbybean,bleeding-hollow,1762,priest,discipline,54,28,26
31084,Grimoz,illidan,1762,priest,discipline,77,35,42
31085,Meatguzzler,tichondrius,1761,priest,discipline,79,48,31
31086,Raysx,stormrage,1759,priest,discipline,83,37,46
31087,Kaddy,mannoroth,1757,priest,discipline,130,60,70
31088,Compxx,barthilas,1756,priest,discipline,66,38,28
31089,Powerwordwap,malganis,1756,priest,discipline,71,33,38
31090,Papabrokuttv,sargeras,1755,priest,discipline,42,19,23
31091,Jaytee,aggramar,1754,priest,discipline,72,33,39
31092,Rlzpriest,tichondrius,1752,priest,discipline,118,61,57
31093,Shadowbuzz,barthilas,1752,priest,discipline,54,27,27
31094,Sobamian,tichondrius,1752,priest,discipline,134,59,75
31095,Séxgodx,tichondrius,1751,priest,discipline,59,28,31
31096,Meltmeltz,nerzhul,1750,priest,discipline,92,44,48
31097,Zins,emerald-dream,1750,priest,discipline,114,54,60
31098,Ukishizumi,tichondrius,1748,priest,discipline,143,75,68
31099,Nyluh,deathwing,1748,priest,discipline,74,38,36
31100,Raizy,stormrage,1748,priest,discipline,53,26,27
31101,Bkwhopper,emerald-dream,1747,priest,discipline,167,90,77
31102,Ferguss,ragnaros,1747,priest,discipline,79,42,37
31103,Fhinky,tichondrius,1746,priest,discipline,207,103,104
31104,Surfgang,tichondrius,1746,priest,discipline,65,29,36
31105,Frostinal,illidan,1745,priest,discipline,208,105,103
31106,Alarin,whisperwind,1745,priest,discipline,60,30,30
31107,Evilear,tichondrius,1745,priest,discipline,66,31,35
31108,Ninbara,tichondrius,1745,priest,discipline,59,27,32
31109,Marejaynez,tichondrius,1744,priest,discipline,235,114,121
31110,Onikûdaki,sargeras,1744,priest,discipline,53,24,29
31111,Hamstip,sargeras,1743,priest,discipline,98,58,40
31112,Natoshi,illidan,1742,priest,discipline,48,25,23
31113,Cursèlol,tichondrius,1742,priest,discipline,96,48,48
31114,Nxghtmares,tichondrius,1742,priest,discipline,422,208,214
31115,Mcgg,tichondrius,1742,priest,discipline,192,89,103
31116,Aethestan,zuljin,1742,priest,discipline,78,35,43
31117,Jabberwolky,blackrock,1742,priest,discipline,60,23,37
31118,Leapofdoubt,zuljin,1741,priest,discipline,256,132,124
31119,Envio,moon-guard,1740,priest,discipline,60,36,24
31120,Luwoona,tichondrius,1740,priest,discipline,90,41,49
31121,Cody,magtheridon,1738,priest,discipline,90,59,31
31122,Stinkypinkÿ,bleeding-hollow,1738,priest,discipline,45,27,18
31123,Aloxc,drakkari,1738,priest,discipline,36,19,17
31124,Shadheda,andorhal,1738,priest,discipline,56,26,30
31125,Jimmythedon,mugthol,1738,priest,discipline,82,38,44
31126,Bingleboi,area-52,1737,priest,discipline,310,171,139
31127,Pgpriest,kelthuzad,1737,priest,discipline,90,44,46
31128,Spliffs,tichondrius,1737,priest,discipline,146,71,75
31129,Stoneflute,emerald-dream,1736,priest,discipline,189,108,81
31130,Orderic,ragnaros,1736,priest,discipline,57,32,25
31131,Marcìano,bleeding-hollow,1736,priest,discipline,64,35,29
31132,Creamedcorn,tichondrius,1736,priest,discipline,40,21,19
31133,Kelthax,sargeras,1736,priest,discipline,54,23,31
31134,Niark,frostmourne,1736,priest,discipline,48,20,28
31135,Maybedead,tichondrius,1734,priest,discipline,42,26,16
31136,Aupascamarad,tichondrius,1734,priest,discipline,35,19,16
31137,Myles,alexstrasza,1734,priest,discipline,182,92,90
31138,Obscure,malygos,1734,priest,discipline,74,32,42
31139,Claverr,stormrage,1733,priest,discipline,39,23,16
31140,Batiatus,moon-guard,1733,priest,discipline,144,75,69
31141,Holyster,tichondrius,1733,priest,discipline,44,20,24
31142,Tiernocookie,illidan,1732,priest,discipline,442,219,223
31143,Sinday,zuljin,1732,priest,discipline,60,29,31
31144,Syo,dreadmaul,1731,priest,discipline,125,66,59
31145,Saelom,frostmourne,1730,priest,discipline,78,49,29
31146,Deadpla,ragnaros,1730,priest,discipline,119,57,62
31147,Murth,laughing-skull,1729,priest,discipline,47,30,17
31148,Johanna,tichondrius,1729,priest,discipline,41,26,15
31149,Dirtydebbie,lightnings-blade,1729,priest,discipline,64,30,34
31150,Airelia,sargeras,1728,priest,discipline,54,28,26
31151,Dëàthwîsh,tichondrius,1728,priest,discipline,53,26,27
31152,Deeznuhh,tichondrius,1728,priest,discipline,47,19,28
31153,Blasphêmy,malganis,1727,priest,discipline,86,52,34
31154,Frenezyz,ragnaros,1727,priest,discipline,66,37,29
31155,Oogs,tichondrius,1727,priest,discipline,244,108,136
31156,Åpples,tichondrius,1727,priest,discipline,71,31,40
31157,Apoorstudent,tichondrius,1726,priest,discipline,116,72,44
31158,Mxfd,tichondrius,1726,priest,discipline,47,27,20
31159,Dévore,dalaran,1726,priest,discipline,46,25,21
31160,Plumpkinn,kiljaeden,1726,priest,discipline,106,54,52
31161,Flagiddyflag,kelthuzad,1726,priest,discipline,48,24,24
31162,Analogxz,nemesis,1726,priest,discipline,168,81,87
31163,Conifer,emerald-dream,1725,priest,discipline,72,41,31
31164,Barthbelro,kiljaeden,1725,priest,discipline,87,49,38
31165,Goneqt,illidan,1725,priest,discipline,60,29,31
31166,Ksâh,bleeding-hollow,1724,priest,discipline,63,39,24
31167,Jezebëll,nemesis,1724,priest,discipline,192,99,93
31168,Kebab,tichondrius,1723,priest,discipline,30,18,12
31169,Natahlia,area-52,1723,priest,discipline,90,44,46
31170,Dontlineme,tichondrius,1723,priest,discipline,142,64,78
31171,Xidis,vashj,1723,priest,discipline,71,29,42
31172,Mååxxee,zuljin,1722,priest,discipline,30,18,12
31173,Zaryx,wildhammer,1722,priest,discipline,42,24,18
31174,Gothmidget,illidan,1722,priest,discipline,42,23,19
31175,Sanddglokta,tichondrius,1722,priest,discipline,314,157,157
31176,Vegetable,suramar,1722,priest,discipline,36,18,18
31177,Dpendant,frostmourne,1722,priest,discipline,108,53,55
31178,Downturn,tichondrius,1722,priest,discipline,54,23,31
31179,Philmacrakn,stormrage,1721,priest,discipline,167,81,86
31180,Flamédøtz,ragnaros,1720,priest,discipline,54,30,24
31181,Jexso,tichondrius,1719,priest,discipline,163,78,85
31182,Opriest,queldorei,1718,priest,discipline,54,27,27
31183,Ooit,tichondrius,1717,priest,discipline,24,22,2
31184,Septmoon,tichondrius,1717,priest,discipline,66,34,32
31185,Sweetnipsbro,tichondrius,1717,priest,discipline,101,51,50
31186,Wizpell,area-52,1717,priest,discipline,42,18,24
31187,Pissfeet,tichondrius,1716,priest,discipline,30,18,12
31188,Hungrybone,proudmoore,1716,priest,discipline,843,423,420
31189,Rotbaron,bleeding-hollow,1716,priest,discipline,108,48,60
31190,Woobgasm,sargeras,1715,priest,discipline,72,46,26
31191,Melshiesty,stormrage,1713,priest,discipline,48,22,26
31192,Khaoshealer,destromath,1713,priest,discipline,185,83,102
31193,Mygameslaggy,area-52,1713,priest,discipline,78,33,45
31194,Likehisname,tichondrius,1713,priest,discipline,48,19,29
31195,Marminator,stormrage,1713,priest,discipline,66,24,42
31196,Pastapizza,zuljin,1712,priest,discipline,24,22,2
31197,Rachell,emerald-dream,1712,priest,discipline,36,26,10
31198,Kastep,tichondrius,1712,priest,discipline,88,44,44
31199,Bakara,jubeithos,1712,priest,discipline,42,18,24
31200,Persimmons,lightbringer,1711,priest,discipline,119,65,54
31201,Gibens,tichondrius,1711,priest,discipline,142,72,70
31202,Vandamnation,barthilas,1711,priest,discipline,134,65,69
31203,Trebrooke,sargeras,1710,priest,discipline,161,88,73
31204,Touchrr,tichondrius,1710,priest,discipline,108,58,50
31205,Veejae,tichondrius,1710,priest,discipline,42,22,20
31206,Demaholy,illidan,1710,priest,discipline,163,82,81
31207,Valothrian,area-52,1710,priest,discipline,172,86,86
31208,Dorgondra,wyrmrest-accord,1709,priest,discipline,48,26,22
31209,Dippyboi,whisperwind,1709,priest,discipline,48,25,23
31210,Bloodyx,bleeding-hollow,1709,priest,discipline,208,104,104
31211,Deathtones,barthilas,1708,priest,discipline,161,83,78
31212,Andreslol,sargeras,1707,priest,discipline,54,32,22
31213,Caveria,emerald-dream,1707,priest,discipline,283,146,137
31214,Asthenia,saurfang,1706,priest,discipline,120,59,61
31215,Byck,tichondrius,1706,priest,discipline,54,23,31
31216,Sodezz,stormrage,1705,priest,discipline,36,21,15
31217,Inquisitionx,frostmourne,1705,priest,discipline,223,120,103
31218,Bfts,illidan,1705,priest,discipline,227,119,108
31219,Mellow,tichondrius,1705,priest,discipline,170,89,81
31220,Shrooks,frostmourne,1705,priest,discipline,54,28,26
31221,Discflips,dalaran,1705,priest,discipline,239,117,122
31222,Forti,sargeras,1705,priest,discipline,156,74,82
31223,Squaanchy,bleeding-hollow,1705,priest,discipline,129,61,68
31224,Highprofile,proudmoore,1705,priest,discipline,42,19,23
31225,Staars,ragnaros,1704,priest,discipline,66,37,29
31226,Justafkoutpr,gorefiend,1703,priest,discipline,54,36,18
31227,Memoriesorz,tichondrius,1703,priest,discipline,499,262,237
31228,Sùlyvahñ,tichondrius,1702,priest,discipline,30,18,12
31229,Gfayde,sargeras,1702,priest,discipline,36,20,16
31230,Kälëy,ragnaros,1702,priest,discipline,238,132,106
31231,Nightcráwler,illidan,1702,priest,discipline,89,47,42
31232,Shnozberry,tichondrius,1702,priest,discipline,114,46,68
31233,Sätîvá,tichondrius,1701,priest,discipline,44,24,20
31234,Irenesome,tichondrius,1701,priest,discipline,45,21,24
31235,Fullfear,lothar,1699,priest,discipline,54,33,21
31236,Tanzen,andorhal,1699,priest,discipline,36,21,15
31237,Beowulfy,stormrage,1699,priest,discipline,48,27,21
31238,Cruces,malorne,1698,priest,discipline,33,18,15
31239,Nasser,tichondrius,1698,priest,discipline,42,18,24
31240,Prïestitute,zuljin,1697,priest,discipline,150,92,58
31241,Clydeington,illidan,1697,priest,discipline,49,29,20
31242,Cryptron,tichondrius,1697,priest,discipline,54,28,26
31243,Nancynibbler,bleeding-hollow,1697,priest,discipline,70,32,38
31244,Mixful,bleeding-hollow,1696,priest,discipline,40,27,13
31245,Obsolete,area-52,1696,priest,discipline,48,23,25
31246,Twêet,frostmourne,1696,priest,discipline,186,87,99
31247,Starpass,illidan,1694,priest,discipline,48,35,13
31248,Rmxx,illidan,1694,priest,discipline,149,83,66
31249,Ggsaurusrex,area-52,1694,priest,discipline,48,22,26
31250,Geon,sargeras,1693,priest,discipline,107,53,54
31251,Afflickzz,kelthuzad,1692,priest,discipline,42,26,16
31252,Beelzebul,illidan,1692,priest,discipline,66,31,35
31253,Bosspriest,tichondrius,1691,priest,discipline,48,23,25
31254,Drethor,saurfang,1691,priest,discipline,76,36,40
31255,Pigogo,tichondrius,1690,priest,discipline,45,26,19
31256,Slùm,barthilas,1689,priest,discipline,49,30,19
31257,Mastaspell,illidan,1689,priest,discipline,31,18,13
31258,Elybele,sargeras,1689,priest,discipline,114,61,53
31259,Yobell,tichondrius,1688,priest,discipline,36,23,13
31260,Argylemomo,emerald-dream,1688,priest,discipline,202,103,99
31261,Wildsmite,hyjal,1688,priest,discipline,222,102,120
31262,Duubz,kelthuzad,1687,priest,discipline,96,51,45
31263,Oopsy,bleeding-hollow,1687,priest,discipline,60,31,29
31264,Synsparks,tichondrius,1687,priest,discipline,77,35,42
31265,Andypr,illidan,1686,priest,discipline,66,25,41
31266,Skunkbishop,sargeras,1685,priest,discipline,227,107,120
31267,Mswatermelon,malganis,1684,priest,discipline,40,24,16
31268,Salvation,tichondrius,1684,priest,discipline,60,27,33
31269,Turtlez,area-52,1684,priest,discipline,78,35,43
31270,Googolplex,tichondrius,1683,priest,discipline,63,44,19
31271,Opscurum,bleeding-hollow,1683,priest,discipline,60,36,24
31272,Luciellis,sargeras,1683,priest,discipline,156,81,75
31273,Skvmbag,tichondrius,1681,priest,discipline,40,26,14
31274,Märzy,thrall,1681,priest,discipline,42,26,16
31275,Onineko,bleeding-hollow,1681,priest,discipline,57,32,25
31276,Shrimpouh,illidan,1681,priest,discipline,78,43,35
31277,Plaguebaby,stormrage,1681,priest,discipline,45,23,22
31278,Melforn,moon-guard,1681,priest,discipline,59,28,31
31279,Ieveling,skywall,1681,priest,discipline,65,30,35
31280,Lingdums,tichondrius,1680,priest,discipline,31,18,13
31281,Beeffdaddy,tichondrius,1680,priest,discipline,156,75,81
31282,Falsegodxd,tichondrius,1680,priest,discipline,42,20,22
31283,Discgoddess,proudmoore,1679,priest,discipline,127,68,59
31284,Washdp,frostmourne,1679,priest,discipline,47,24,23
31285,Mintadnade,nemesis,1679,priest,discipline,163,81,82
31286,Poosydoodlez,malganis,1679,priest,discipline,105,48,57
31287,Qtasiangirl,emerald-dream,1679,priest,discipline,109,47,62
31288,Rámmstein,wyrmrest-accord,1678,priest,discipline,120,65,55
31289,Jammeslight,quelthalas,1678,priest,discipline,148,79,69
31290,Derpmodé,staghelm,1678,priest,discipline,54,28,26
31291,Nabukom,destromath,1678,priest,discipline,52,25,27
31292,Danceslol,area-52,1678,priest,discipline,42,20,22
31293,Toastspriest,tichondrius,1677,priest,discipline,107,60,47
31294,Holyfall,sargeras,1676,priest,discipline,220,116,104
31295,Gurgs,emerald-dream,1676,priest,discipline,38,19,19
31296,Chañing,frostmourne,1676,priest,discipline,90,43,47
31297,Narodiz,nemesis,1675,priest,discipline,48,26,22
31298,Bonehead,warsong,1675,priest,discipline,48,23,25
31299,Saltlevels,sargeras,1674,priest,discipline,91,53,38
31300,Holécriss,tichondrius,1672,priest,discipline,161,86,75
31301,Aco,tichondrius,1672,priest,discipline,150,79,71
31302,Dojacatx,frostmourne,1672,priest,discipline,114,57,57
31303,Eetsqt,barthilas,1671,priest,discipline,120,74,46
31304,Räpture,andorhal,1671,priest,discipline,46,28,18
31305,Moalboal,tichondrius,1671,priest,discipline,222,117,105
31306,Leticia,magtheridon,1671,priest,discipline,118,55,63
31307,Serakiki,nemesis,1670,priest,discipline,72,41,31
31308,Perothon,garrosh,1670,priest,discipline,153,82,71
31309,Acpriest,tichondrius,1670,priest,discipline,111,57,54
31310,Scab,anetheron,1670,priest,discipline,143,70,73
31311,Dachenchen,tichondrius,1669,priest,discipline,36,27,9
31312,Kagemetsu,sargeras,1669,priest,discipline,152,74,78
31313,Boostedpi,tichondrius,1669,priest,discipline,44,21,23
31314,Madmilesstv,zuljin,1669,priest,discipline,51,24,27
31315,Jmlz,tichondrius,1668,priest,discipline,36,23,13
31316,Elilium,tichondrius,1668,priest,discipline,80,48,32
31317,Alomari,zuljin,1668,priest,discipline,32,19,13
31318,Milkkz,zuljin,1668,priest,discipline,54,30,24
31319,Klitarus,barthilas,1668,priest,discipline,48,23,25
31320,Maximiliano,barthilas,1668,priest,discipline,43,19,24
31321,Mcfref,tichondrius,1667,priest,discipline,135,70,65
31322,Jerome,tichondrius,1666,priest,discipline,62,39,23
31323,Muffingal,tichondrius,1666,priest,discipline,36,19,17
31324,Nelpesh,tichondrius,1666,priest,discipline,60,27,33
31325,Swagraptor,stormreaver,1665,priest,discipline,144,79,65
31326,Purged,shadowmoon,1665,priest,discipline,367,198,169
31327,Tekneeq,barthilas,1665,priest,discipline,136,69,67
31328,Kepp,korgath,1665,priest,discipline,69,30,39
31329,Meren,kelthuzad,1664,priest,discipline,36,24,12
31330,Góndhi,tichondrius,1664,priest,discipline,42,25,17
31331,Crysknife,korgath,1664,priest,discipline,35,20,15
31332,Stepsistér,ragnaros,1664,priest,discipline,42,22,20
31333,Kujox,tichondrius,1664,priest,discipline,94,44,50
31334,Shocklol,stormrage,1662,priest,discipline,29,22,7
31335,Hallucinogen,kelthuzad,1662,priest,discipline,95,51,44
31336,Healbaby,illidan,1662,priest,discipline,283,146,137
31337,Vinvictus,tichondrius,1662,priest,discipline,262,127,135
31338,Fisp,moon-guard,1661,priest,discipline,72,33,39
31339,Silkydeath,frostmourne,1660,priest,discipline,48,27,21
31340,Joeyslaps,frostwolf,1660,priest,discipline,64,34,30
31341,Resisted,gorefiend,1660,priest,discipline,238,120,118
31342,Cayleey,stormrage,1659,priest,discipline,90,40,50
31343,Imms,tichondrius,1658,priest,discipline,48,21,27
31344,Muffinboy,illidan,1658,priest,discipline,54,20,34
31345,Yunnan,executus,1657,priest,discipline,78,43,35
31346,Caveron,tichondrius,1657,priest,discipline,42,23,19
31347,Pocket,alleria,1656,priest,discipline,36,21,15
31348,Toopriestly,deathwing,1656,priest,discipline,65,32,33
31349,Yaz,emerald-dream,1656,priest,discipline,71,34,37
31350,Sarïya,moon-guard,1656,priest,discipline,143,68,75
31351,Universe,spinebreaker,1655,priest,discipline,46,32,14
31352,Hm,the-scryers,1655,priest,discipline,36,25,11
31353,Theravus,moon-guard,1655,priest,discipline,124,67,57
31354,Hermanmiller,frostmourne,1655,priest,discipline,48,25,23
31355,Shádowman,thrall,1655,priest,discipline,126,65,61
31356,Vcainyfairy,stormrage,1655,priest,discipline,531,267,264
31357,Chaner,scarlet-crusade,1655,priest,discipline,96,40,56
31358,Naranjitá,ragnaros,1654,priest,discipline,66,42,24
31359,Darknuz,sargeras,1654,priest,discipline,53,27,26
31360,Mealmassttr,frostmourne,1654,priest,discipline,167,78,89
31361,Perceptions,dalaran,1653,priest,discipline,42,26,16
31362,Hypes,korgath,1653,priest,discipline,115,65,50
31363,Fyshme,frostmourne,1653,priest,discipline,36,20,16
31364,Kathere,tichondrius,1653,priest,discipline,42,23,19
31365,Zunitpriest,laughing-skull,1653,priest,discipline,36,18,18
31366,Catonement,moon-guard,1653,priest,discipline,624,302,322
31367,Kelime,azralon,1652,priest,discipline,48,28,20
31368,Vtp,frostmourne,1652,priest,discipline,70,40,30
31369,Glassbirds,stormrage,1652,priest,discipline,48,25,23
31370,Zombiz,tichondrius,1651,priest,discipline,47,29,18
31371,Jennyle,sargeras,1651,priest,discipline,72,39,33
31372,Zãrrãlis,arthas,1651,priest,discipline,210,105,105
31373,Airalia,bleeding-hollow,1650,priest,discipline,36,23,13
31374,Somefire,proudmoore,1650,priest,discipline,155,78,77
31375,Peelforheals,nordrassil,1650,priest,discipline,78,39,39
31376,Packa,khaz-modan,1649,priest,discipline,42,26,16
31377,Hanley,tichondrius,1649,priest,discipline,85,48,37
31378,Shastea,crushridge,1649,priest,discipline,70,37,33
31379,Larry,tichondrius,1649,priest,discipline,65,31,34
31380,Jatral,azralon,1649,priest,discipline,64,30,34
31381,Nopang,tichondrius,1649,priest,discipline,167,77,90
31382,Lanäthel,sargeras,1648,priest,discipline,28,19,9
31383,Staywild,tichondrius,1648,priest,discipline,60,33,27
31384,Cixelpvp,area-52,1648,priest,discipline,47,22,25
31385,Zrn,bleeding-hollow,1648,priest,discipline,84,36,48
31386,Krewesin,ravencrest,1647,priest,discipline,43,22,21
31387,Trollpreist,tichondrius,1647,priest,discipline,148,75,73
31388,Lòthnalar,ragnaros,1647,priest,discipline,60,29,31
31389,Dorazòn,bleeding-hollow,1647,priest,discipline,54,25,29
31390,Twistynipple,malganis,1646,priest,discipline,42,25,17
31391,Klttzz,sargeras,1646,priest,discipline,60,32,28
31392,Iamjakehill,area-52,1646,priest,discipline,154,79,75
31393,Khorium,stormrage,1646,priest,discipline,46,21,25
31394,Rosaparksxo,sargeras,1645,priest,discipline,70,35,35
31395,Cavatea,illidan,1645,priest,discipline,42,21,21
31396,Piils,sargeras,1645,priest,discipline,42,21,21
31397,Meepsw,stormrage,1644,priest,discipline,60,33,27
31398,Azurestorm,tichondrius,1644,priest,discipline,60,31,29
31399,Bacpack,area-52,1644,priest,discipline,137,70,67
31400,Cptcancer,tichondrius,1644,priest,discipline,54,23,31
31401,Toddmund,tichondrius,1644,priest,discipline,64,25,39
31402,Tonydatiger,the-forgotten-coast,1643,priest,discipline,36,21,15
31403,Bmouth,tichondrius,1643,priest,discipline,42,23,19
31404,Charbosan,gorgonnash,1643,priest,discipline,662,343,319
31405,Kuell,ragnaros,1642,priest,discipline,53,29,24
31406,Luvenia,sargeras,1642,priest,discipline,168,90,78
31407,Ixchelune,kelthuzad,1642,priest,discipline,243,122,121
31408,Rilad,icecrown,1642,priest,discipline,210,103,107
31409,Selfless,barthilas,1642,priest,discipline,60,26,34
31410,Reiae,malganis,1642,priest,discipline,70,27,43
31411,Shadzx,andorhal,1641,priest,discipline,47,22,25
31412,Dudebanger,sargeras,1640,priest,discipline,30,21,9
31413,Alguîen,ragnaros,1640,priest,discipline,115,61,54
31414,Tastyloads,illidan,1639,priest,discipline,54,32,22
31415,Life,amanthul,1639,priest,discipline,143,84,59
31416,Auras,boulderfist,1639,priest,discipline,52,30,22
31417,Randompreest,stormrage,1639,priest,discipline,42,23,19
31418,Matin,frostmourne,1639,priest,discipline,39,21,18
31419,Sacrify,ragnaros,1638,priest,discipline,111,58,53
31420,Astroluma,illidan,1638,priest,discipline,88,44,44
31421,Ggwizkaboo,tichondrius,1638,priest,discipline,42,21,21
31422,Lunarina,hyjal,1638,priest,discipline,167,75,92
31423,Manryu,tichondrius,1637,priest,discipline,132,68,64
31424,Evvylou,stormrage,1637,priest,discipline,42,19,23
31425,Choochang,sargeras,1636,priest,discipline,35,27,8
31426,Aethriem,bleeding-hollow,1636,priest,discipline,54,33,21
31427,Takomochi,sargeras,1636,priest,discipline,41,22,19
31428,Ketapriest,frostmourne,1636,priest,discipline,136,67,69
31429,Döllyy,illidan,1636,priest,discipline,48,22,26
31430,Oiled,barthilas,1635,priest,discipline,98,63,35
31431,Frag,frostmourne,1635,priest,discipline,132,72,60
31432,Rmx,illidan,1635,priest,discipline,35,18,17
31433,Snakedoc,emerald-dream,1635,priest,discipline,78,40,38
31434,Mutedox,frostmourne,1635,priest,discipline,47,24,23
31435,Mangolatte,frostmourne,1634,priest,discipline,55,41,14
31436,Ngin,queldorei,1634,priest,discipline,36,21,15
31437,Hårper,area-52,1634,priest,discipline,75,37,38
31438,Beejaex,stormreaver,1634,priest,discipline,48,22,26
31439,Benedictiion,tichondrius,1634,priest,discipline,86,38,48
31440,Priestreto,zuljin,1633,priest,discipline,119,66,53
31441,Huxleypoo,boulderfist,1633,priest,discipline,42,22,20
31442,Kazuret,ragnaros,1633,priest,discipline,272,141,131
31443,Mclyte,whisperwind,1633,priest,discipline,149,77,72
31444,Jâmïè,gurubashi,1632,priest,discipline,41,31,10
31445,Buhroke,thrall,1632,priest,discipline,62,29,33
31446,Jjmms,akama,1632,priest,discipline,270,126,144
31447,Soulcleave,dark-iron,1632,priest,discipline,84,38,46
31448,Kayare,area-52,1632,priest,discipline,53,23,30
31449,Chewey,tichondrius,1631,priest,discipline,48,23,25
31450,Howiecakes,bloodhoof,1631,priest,discipline,57,25,32
31451,Gödtier,frostwolf,1631,priest,discipline,42,18,24
31452,Meip,illidan,1630,priest,discipline,24,17,7
31453,Skadín,stormrage,1630,priest,discipline,155,92,63
31454,Megz,zuljin,1630,priest,discipline,46,23,23
31455,Asj,illidan,1629,priest,discipline,45,30,15
31456,Bluecho,tichondrius,1629,priest,discipline,48,25,23
31457,Szx,akama,1629,priest,discipline,50,24,26
31458,Bustit,azgalor,1628,priest,discipline,52,28,24
31459,Kazgry,illidan,1628,priest,discipline,42,22,20
31460,Bhoyka,ragnaros,1628,priest,discipline,57,29,28
31461,Chookspriest,tichondrius,1628,priest,discipline,179,90,89
31462,Adrio,malorne,1628,priest,discipline,327,159,168
31463,Oesobagi,tichondrius,1627,priest,discipline,113,66,47
31464,Djc,tichondrius,1627,priest,discipline,96,50,46
31465,Çammy,frostmourne,1626,priest,discipline,24,17,7
31466,Andrew,sargeras,1626,priest,discipline,30,20,10
31467,Discavow,bleeding-hollow,1626,priest,discipline,51,31,20
31468,Krupticus,tichondrius,1626,priest,discipline,40,24,16
31469,Brothercarl,stormrage,1626,priest,discipline,95,51,44
31470,Arianagrande,garona,1626,priest,discipline,95,50,45
31471,Raxekk,stormrage,1626,priest,discipline,48,25,23
31472,Slickwilly,bloodhoof,1626,priest,discipline,257,125,132
31473,Bòngu,tichondrius,1626,priest,discipline,58,24,34
31474,Mylo,azralon,1625,priest,discipline,48,28,20
31475,Psycozis,hyjal,1625,priest,discipline,262,138,124
31476,Luhhx,sargeras,1625,priest,discipline,134,70,64
31477,Linarindil,hyjal,1624,priest,discipline,126,63,63
31478,Momorabbit,tichondrius,1624,priest,discipline,36,17,19
31479,Ussmissouri,area-52,1624,priest,discipline,141,63,78
31480,Bobbyrich,sargeras,1623,priest,discipline,30,18,12
31481,Caesus,sargeras,1623,priest,discipline,124,70,54
31482,Illuminare,sargeras,1623,priest,discipline,154,82,72
31483,Bonoo,tichondrius,1623,priest,discipline,335,175,160
31484,Elbeefsteak,ragnaros,1622,priest,discipline,54,32,22
31485,Dream,kelthuzad,1622,priest,discipline,30,17,13
31486,Lawbster,jubeithos,1622,priest,discipline,34,18,16
31487,Grizzlysmite,stormrage,1622,priest,discipline,361,177,184
31488,Wickedpriest,malganis,1622,priest,discipline,54,25,29
31489,Kûrtt,azralon,1622,priest,discipline,42,19,23
31490,Spicer,eredar,1621,priest,discipline,41,25,16
31491,Tuniepope,sargeras,1621,priest,discipline,75,45,30
31492,Valyx,tichondrius,1621,priest,discipline,184,99,85
31493,Pedobearx,ragnaros,1621,priest,discipline,178,89,89
31494,Deathsmoke,ragnaros,1621,priest,discipline,112,55,57
31495,Vsat,illidan,1621,priest,discipline,48,23,25
31496,Tammyone,emerald-dream,1620,priest,discipline,66,42,24
31497,Pigro,area-52,1620,priest,discipline,30,19,11
31498,Wodturbo,bleeding-hollow,1620,priest,discipline,61,36,25
31499,Brxddx,sargeras,1620,priest,discipline,125,64,61
31500,Darknuzs,sargeras,1620,priest,discipline,42,21,21
31501,Gosarix,tichondrius,1619,priest,discipline,24,17,7
31502,Nanoboost,dark-iron,1619,priest,discipline,621,309,312
31503,Crøws,ragnaros,1619,priest,discipline,288,142,146
31504,Baddmachine,illidan,1619,priest,discipline,47,21,26
31505,Timbobaloo,thrall,1618,priest,discipline,58,33,25
31506,Syrul,tichondrius,1618,priest,discipline,63,34,29
31507,Nohéalforu,stormrage,1618,priest,discipline,48,25,23
31508,Aralia,ragnaros,1618,priest,discipline,146,74,72
31509,Punisherror,area-52,1618,priest,discipline,52,22,30
31510,Astrøpriest,tichondrius,1618,priest,discipline,54,22,32
31511,Bvh,kelthuzad,1618,priest,discipline,51,19,32
31512,Jmr,onyxia,1617,priest,discipline,24,17,7
31513,Cazuex,ragnaros,1617,priest,discipline,30,20,10
31514,Khathor,kargath,1617,priest,discipline,30,17,13
31515,Gurlyounasty,khazgoroth,1617,priest,discipline,103,55,48
31516,Ezelra,frostmourne,1617,priest,discipline,47,25,22
31517,Ingladforx,azralon,1617,priest,discipline,83,41,42
31518,Jönsnow,ghostlands,1616,priest,discipline,54,29,25
31519,Prayussy,tichondrius,1616,priest,discipline,135,72,63
31520,Zyonn,chogall,1616,priest,discipline,36,18,18
31521,Flagiddy,kelthuzad,1616,priest,discipline,51,23,28
31522,Anahka,tichondrius,1616,priest,discipline,48,21,27
31523,Shaddäye,andorhal,1616,priest,discipline,48,20,28
31524,Apathist,sargeras,1615,priest,discipline,72,45,27
31525,Kraamur,area-52,1615,priest,discipline,96,57,39
31526,Predolph,illidan,1615,priest,discipline,60,34,26
31527,Jîtters,silvermoon,1615,priest,discipline,84,45,39
31528,Catbabyeah,tichondrius,1614,priest,discipline,36,26,10
31529,Hottymcdotty,black-dragonflight,1614,priest,discipline,42,21,21
31530,Galandora,kelthuzad,1614,priest,discipline,48,23,25
31531,Iovedoctor,tichondrius,1614,priest,discipline,78,25,53
31532,Sâsh,stormrage,1613,priest,discipline,72,40,32
31533,Nolar,shadowmoon,1613,priest,discipline,36,20,16
31534,Aåurøra,stormrage,1613,priest,discipline,46,23,23
31535,Trezz,hakkar,1613,priest,discipline,46,23,23
31536,ßðßßÿ,area-52,1613,priest,discipline,42,21,21
31537,Judis,barthilas,1613,priest,discipline,72,35,37
31538,Mattgarska,tichondrius,1613,priest,discipline,48,17,31
31539,Alfié,kelthuzad,1612,priest,discipline,48,33,15
31540,Draxxankou,tanaris,1612,priest,discipline,103,59,44
31541,Kks,tichondrius,1612,priest,discipline,90,46,44
31542,Spicey,korgath,1611,priest,discipline,51,37,14
31543,Gsek,nemesis,1611,priest,discipline,36,23,13
31544,Scruge,frostmourne,1611,priest,discipline,55,32,23
31545,Calientaeggs,drakkari,1611,priest,discipline,358,193,165
31546,Littleshower,illidan,1611,priest,discipline,43,23,20
31547,Vincejddp,zuljin,1611,priest,discipline,199,105,94
31548,Tonybanderas,shattered-halls,1611,priest,discipline,120,63,57
31549,Haill,quelthalas,1611,priest,discipline,76,38,38
31550,Shadoris,antonidas,1611,priest,discipline,48,23,25
31551,Cinsare,moon-guard,1610,priest,discipline,84,49,35
31552,Psychic,bladefist,1610,priest,discipline,124,72,52
31553,Yidra,illidan,1610,priest,discipline,36,19,17
31554,Blathers,malganis,1610,priest,discipline,92,48,44
31555,Billybobjane,jubeithos,1610,priest,discipline,42,21,21
31556,Interworld,illidan,1610,priest,discipline,50,24,26
31557,Mortteus,agamaggan,1610,priest,discipline,60,28,32
31558,Pleasant,dathremar,1610,priest,discipline,123,52,71
31559,Smashhley,bleeding-hollow,1609,priest,discipline,200,114,86
31560,Dadcantdeath,frostmourne,1609,priest,discipline,44,23,21
31561,Fõrcedtowipe,tichondrius,1609,priest,discipline,180,93,87
31562,Priestass,bleeding-hollow,1609,priest,discipline,143,70,73
31563,Krusheal,tichondrius,1609,priest,discipline,47,22,25
31564,Gránd,emerald-dream,1609,priest,discipline,54,22,32
31565,Maatrrixx,drakkari,1609,priest,discipline,48,17,31
31566,Gsek,azralon,1608,priest,discipline,54,34,20
31567,Indigojuly,sargeras,1608,priest,discipline,82,47,35
31568,Alcázardeyo,area-52,1608,priest,discipline,150,84,66
31569,Fugazy,barthilas,1608,priest,discipline,38,20,18
31570,Wrekkit,area-52,1608,priest,discipline,84,42,42
31571,Reginaa,nemesis,1608,priest,discipline,65,30,35
31572,Buttfive,illidan,1608,priest,discipline,58,24,34
31573,Jiñx,destromath,1607,priest,discipline,278,147,131
31574,Kaeda,drenden,1607,priest,discipline,84,44,40
31575,Hootheals,illidan,1607,priest,discipline,46,24,22
31576,Preeste,stormrage,1607,priest,discipline,44,22,22
31577,Darknus,sargeras,1607,priest,discipline,78,37,41
31578,Teewat,illidan,1606,priest,discipline,42,23,19
31579,Swartzp,tichondrius,1606,priest,discipline,122,64,58
31580,Xhadow,sargeras,1606,priest,discipline,161,84,77
31581,Lovesy,burning-legion,1606,priest,discipline,60,30,30
31582,Darkispriest,tichondrius,1606,priest,discipline,36,17,19
31583,Fäctor,bleeding-hollow,1606,priest,discipline,84,39,45
31584,Esciel,ragnaros,1606,priest,discipline,104,47,57
31585,Powerwordqt,kalecgos,1606,priest,discipline,60,26,34
31586,Hoshx,sargeras,1605,priest,discipline,75,44,31
31587,Trojanphobia,bleeding-hollow,1605,priest,discipline,54,29,25
31588,Yoggismydad,emerald-dream,1605,priest,discipline,185,95,90
31589,Shiromar,tichondrius,1605,priest,discipline,102,51,51
31590,Csjy,illidan,1605,priest,discipline,60,30,30
31591,Mindblasterx,kelthuzad,1605,priest,discipline,197,98,99
31592,Cearáa,azralon,1605,priest,discipline,42,20,22
31593,Takosoufflé,emerald-dream,1605,priest,discipline,48,22,26
31594,Míkò,sargeras,1604,priest,discipline,18,17,1
31595,Jagita,kelthuzad,1604,priest,discipline,31,20,11
31596,Hoglet,moon-guard,1604,priest,discipline,65,39,26
31597,Jzd,dreadmaul,1604,priest,discipline,54,29,25
31598,Tanthsondis,illidan,1604,priest,discipline,54,28,26
31599,Tidbitsy,malganis,1604,priest,discipline,108,55,53
31600,Vern,laughing-skull,1604,priest,discipline,78,29,49
31601,Zerokool,moonrunner,1603,priest,discipline,48,29,19
31602,Fukneasy,darkspear,1603,priest,discipline,37,20,17
31603,Lines,sargeras,1603,priest,discipline,76,41,35
31604,Feymuhsjr,black-dragonflight,1603,priest,discipline,54,29,25
31605,Iamgess,kilrogg,1603,priest,discipline,42,22,20
31606,Tooeasy,vashj,1603,priest,discipline,36,17,19
31607,Resortv,illidan,1602,priest,discipline,42,32,10
31608,Aetyn,tichondrius,1602,priest,discipline,61,33,28
31609,Arcalon,thrall,1602,priest,discipline,86,45,41
31610,Gromkekz,area-52,1602,priest,discipline,73,38,35
31611,Crizem,bleeding-hollow,1602,priest,discipline,242,119,123
31612,Ünagi,thrall,1602,priest,discipline,77,34,43
31613,Zymmie,moon-guard,1602,priest,discipline,102,45,57
31614,Invicta,frostwolf,1601,priest,discipline,27,18,9
31615,Hølycrit,icecrown,1601,priest,discipline,63,36,27
31616,Størmy,kiljaeden,1601,priest,discipline,306,160,146
31617,Bistek,bleeding-hollow,1601,priest,discipline,166,83,83
31618,Mhp,illidan,1601,priest,discipline,51,20,31
31619,Cyntech,area-52,1600,priest,discipline,29,23,6
31620,Marethelia,stonemaul,1600,priest,discipline,60,34,26
31621,Cezure,stormrage,1600,priest,discipline,341,187,154
31622,Jhivagosp,tichondrius,1600,priest,discipline,42,23,19
31623,Mepisth,sargeras,1600,priest,discipline,66,36,30
31624,Zarakonna,illidan,1600,priest,discipline,60,32,28
31625,Nijoral,tichondrius,1600,priest,discipline,368,194,174
31626,Eccentrixx,mannoroth,1600,priest,discipline,54,28,26
31627,Catpictures,stormrage,1599,priest,discipline,48,24,24
31628,Zunari,thrall,1599,priest,discipline,48,23,25
31629,Bigsmart,tichondrius,1598,priest,discipline,56,25,31
31630,Dupaforted,stormrage,1598,priest,discipline,71,26,45
31631,Valeilah,illidan,1597,priest,discipline,126,80,46
31632,Holyphodays,sargeras,1597,priest,discipline,145,80,65
31633,Pocserpriest,drakkari,1597,priest,discipline,44,21,23
31634,Mdibaxx,tichondrius,1597,priest,discipline,89,40,49
31635,Healther,firetree,1596,priest,discipline,42,21,21
31636,Pettypriest,dalaran,1596,priest,discipline,79,39,40
31637,Ivorytiger,bleeding-hollow,1596,priest,discipline,42,19,23
31638,Takethat,emerald-dream,1595,priest,discipline,90,58,32
31639,Serenewisp,tichondrius,1595,priest,discipline,101,48,53
31640,Bennito,moon-guard,1595,priest,discipline,181,80,101
31641,Healzyea,eonar,1594,priest,discipline,42,25,17
31642,Säcrilege,drakkari,1594,priest,discipline,213,112,101
31643,Onezor,frostmourne,1594,priest,discipline,78,39,39
31644,Gummachine,tichondrius,1594,priest,discipline,36,17,19
31645,Comana,frostmourne,1594,priest,discipline,53,25,28
31646,Luthiene,area-52,1593,priest,discipline,204,112,92
31647,Shesaidthat,stormrage,1593,priest,discipline,231,116,115
31648,Winsforgoldd,area-52,1593,priest,discipline,57,28,29
31649,Ariês,tichondrius,1593,priest,discipline,60,22,38
31650,Skcits,sargeras,1592,priest,discipline,36,22,14
31651,Planchebois,zuljin,1592,priest,discipline,36,20,16
31652,Leviathanh,tichondrius,1591,priest,discipline,92,60,32
31653,Astalail,emerald-dream,1591,priest,discipline,40,21,19
31654,Dellitor,illidan,1591,priest,discipline,65,33,32
31655,Darenlor,tichondrius,1591,priest,discipline,165,82,83
31656,Spx,frostmourne,1590,priest,discipline,72,40,32
31657,Sêlbus,stormrage,1590,priest,discipline,275,143,132
31658,Isteri,thrall,1590,priest,discipline,52,26,26
31659,Woosanghong,tichondrius,1590,priest,discipline,90,44,46
31660,Bisholan,frostwolf,1590,priest,discipline,85,37,48
31661,Emotionally,sargeras,1589,priest,discipline,30,20,10
31662,Faithmelter,stormrage,1589,priest,discipline,155,84,71
31663,Ems,dawnbringer,1589,priest,discipline,243,122,121
31664,Ooft,tichondrius,1589,priest,discipline,46,23,23
31665,Lilbaldjosh,frostmourne,1589,priest,discipline,120,54,66
31666,Zëref,azralon,1588,priest,discipline,82,47,35
31667,Swaheally,frostmourne,1588,priest,discipline,30,17,13
31668,Daleyn,ragnaros,1588,priest,discipline,54,30,24
31669,Raffimilk,tichondrius,1588,priest,discipline,45,22,23
31670,Eggsdenny,illidan,1588,priest,discipline,36,17,19
31671,Rondrica,stormscale,1587,priest,discipline,48,31,17
31672,Lolcrafthd,ragnaros,1587,priest,discipline,106,55,51
31673,Buchöna,quelthalas,1587,priest,discipline,113,58,55
31674,Akëla,nemesis,1587,priest,discipline,156,77,79
31675,Primael,tichondrius,1587,priest,discipline,40,18,22
31676,Nexp,tichondrius,1586,priest,discipline,83,56,27
31677,Highasf,sargeras,1586,priest,discipline,78,45,33
31678,Conezy,frostmourne,1586,priest,discipline,60,32,28
31679,Magnuscorp,illidan,1585,priest,discipline,36,20,16
31680,Deadnyx,tichondrius,1585,priest,discipline,42,22,20
31681,Alaran,magtheridon,1584,priest,discipline,35,21,14
31682,Ÿsk,tichondrius,1584,priest,discipline,168,87,81
31683,Hermeneutic,illidan,1584,priest,discipline,45,22,23
31684,Tý,frostmourne,1584,priest,discipline,54,24,30
31685,Lovesthebox,frostmourne,1584,priest,discipline,108,47,61
31686,Dotsfortots,malfurion,1583,priest,discipline,41,21,20
31687,Puttles,tichondrius,1583,priest,discipline,83,33,50
31688,Vanderbeek,frostmourne,1582,priest,discipline,84,39,45
31689,Supôrte,nemesis,1581,priest,discipline,101,54,47
31690,Maomaoangel,tichondrius,1581,priest,discipline,42,22,20
31691,Lelenia,tichondrius,1581,priest,discipline,106,54,52
31692,Weapestrong,tichondrius,1581,priest,discipline,48,24,24
31693,Shieldharder,stormrage,1581,priest,discipline,39,18,21
31694,Gus,the-venture-co,1580,priest,discipline,78,44,34
31695,Cringepriest,area-52,1579,priest,discipline,54,33,21
31696,Tyksu,area-52,1579,priest,discipline,201,106,95
31697,Samirah,arthas,1579,priest,discipline,60,30,30
31698,Carti,bleeding-hollow,1578,priest,discipline,238,132,106
31699,Zyklonova,frostmourne,1578,priest,discipline,42,22,20
31700,Mudshadow,tichondrius,1577,priest,discipline,133,70,63
31701,Zizziz,tichondrius,1577,priest,discipline,66,33,33
31702,Katlø,stormrage,1576,priest,discipline,49,29,20
31703,Cultxo,sargeras,1576,priest,discipline,60,35,25
31704,Lolweedbro,illidan,1576,priest,discipline,160,90,70
31705,Knucklesandy,tichondrius,1576,priest,discipline,35,17,18
31706,Oyy,barthilas,1576,priest,discipline,102,48,54
31707,Staysmall,stormrage,1576,priest,discipline,42,19,23
31708,Blindingstar,area-52,1575,priest,discipline,69,39,30
31709,Honeyduutch,black-dragonflight,1575,priest,discipline,90,44,46
31710,Badhabit,zuluhed,1575,priest,discipline,97,43,54
31711,Rexîfy,zuljin,1574,priest,discipline,69,40,29
31712,Jâldabaoth,area-52,1573,priest,discipline,60,37,23
31713,Brezi,azralon,1573,priest,discipline,53,32,21
31714,Hopanda,tichondrius,1573,priest,discipline,89,47,42
31715,Kihlupr,frostmourne,1573,priest,discipline,58,25,33
31716,Overpriest,ragnaros,1572,priest,discipline,40,22,18
31717,Bubblebuddí,tichondrius,1572,priest,discipline,68,37,31
31718,Holymagetv,tichondrius,1572,priest,discipline,39,18,21
31719,Itsmurphy,sargeras,1572,priest,discipline,126,57,69
31720,Seriosity,kelthuzad,1572,priest,discipline,54,23,31
31721,Anastasìá,barthilas,1572,priest,discipline,64,23,41
31722,Archeo,area-52,1572,priest,discipline,60,19,41
31723,Madpriest,blades-edge,1571,priest,discipline,36,20,16
31724,Malpractíce,zuljin,1571,priest,discipline,95,50,45
31725,Bushybush,darkspear,1571,priest,discipline,120,63,57
31726,Bigdaddios,dalaran,1571,priest,discipline,45,21,24
31727,Tokaru,frostmourne,1571,priest,discipline,56,26,30
31728,Whitecaster,tichondrius,1570,priest,discipline,30,17,13
31729,Aleykz,illidan,1570,priest,discipline,95,53,42
31730,Guccigriimes,tichondrius,1570,priest,discipline,57,30,27
31731,Liteztvp,tichondrius,1570,priest,discipline,168,75,93
31732,Ppsp,azralon,1569,priest,discipline,42,25,17
31733,Incisions,moon-guard,1569,priest,discipline,114,61,53
31734,Ol,firetree,1569,priest,discipline,57,28,29
31735,Kimjongdots,illidan,1568,priest,discipline,50,28,22
31736,Purgen,tichondrius,1568,priest,discipline,36,20,16
31737,Itachî,ravencrest,1568,priest,discipline,36,19,17
31738,Ragretsxo,darkspear,1568,priest,discipline,144,73,71
31739,Disperse,vashj,1568,priest,discipline,197,96,101
31740,Aleana,ragnaros,1568,priest,discipline,54,25,29
31741,Safetyy,bleeding-hollow,1567,priest,discipline,44,24,20
31742,Feymuhs,blackrock,1567,priest,discipline,90,48,42
31743,Fairlightpp,zuljin,1567,priest,discipline,78,39,39
31744,Besó,proudmoore,1566,priest,discipline,126,74,52
31745,Holyvoice,wyrmrest-accord,1566,priest,discipline,58,32,26
31746,Alexsp,amanthul,1565,priest,discipline,76,45,31
31747,Swiggster,thrall,1565,priest,discipline,48,28,20
31748,Sacredlight,malygos,1565,priest,discipline,117,61,56
31749,Amayå,kelthuzad,1565,priest,discipline,54,23,31
31750,Feivalentine,illidan,1565,priest,discipline,42,17,25
31751,Fanatic,nemesis,1564,priest,discipline,366,194,172
31752,Velandrys,earthen-ring,1564,priest,discipline,42,20,22
31753,Scarabless,bleeding-hollow,1564,priest,discipline,138,62,76
31754,Whateverbrah,tichondrius,1564,priest,discipline,45,20,25
31755,Valdurai,stormrage,1563,priest,discipline,47,24,23
31756,Soyul,tichondrius,1563,priest,discipline,47,19,28
31757,Hadtogothere,kelthuzad,1562,priest,discipline,209,103,106
31758,Zortkis,garithos,1562,priest,discipline,58,25,33
31759,Jylertason,kelthuzad,1561,priest,discipline,58,26,32
31760,Antifaithx,frostmourne,1560,priest,discipline,36,21,15
31761,Verna,dunemaul,1560,priest,discipline,85,47,38
31762,Krillan,ysera,1559,priest,discipline,94,53,41
31763,Moustachío,stormrage,1559,priest,discipline,59,27,32
31764,Melitele,magtheridon,1558,priest,discipline,36,21,15
31765,Vanco,tichondrius,1558,priest,discipline,59,32,27
31766,Twistinfate,hyjal,1558,priest,discipline,119,58,61
31767,Pennumbra,barthilas,1558,priest,discipline,84,31,53
31768,Bobelgum,emerald-dream,1557,priest,discipline,42,31,11
31769,Qenq,tichondrius,1557,priest,discipline,30,17,13
31770,Zachlol,area-52,1557,priest,discipline,108,61,47
31771,Gucciflops,tichondrius,1557,priest,discipline,48,25,23
31772,Ärchangél,tichondrius,1557,priest,discipline,80,40,40
31773,Ropriest,frostmourne,1557,priest,discipline,59,29,30
31774,Someonesxy,aggramar,1557,priest,discipline,40,19,21
31775,Datdarnbéar,stormrage,1557,priest,discipline,54,25,29
31776,Chocopp,illidan,1557,priest,discipline,78,33,45
31777,Kflexx,hydraxis,1557,priest,discipline,152,61,91
31778,Vicara,moon-guard,1556,priest,discipline,129,57,72
31779,Valith,bleeding-hollow,1555,priest,discipline,40,22,18
31780,Playsoon,illidan,1555,priest,discipline,124,68,56
31781,Tarlonypp,malganis,1555,priest,discipline,45,22,23
31782,Karebenniian,area-52,1554,priest,discipline,96,48,48
31783,Hiraa,frostmourne,1553,priest,discipline,36,23,13
31784,Luxah,bloodhoof,1553,priest,discipline,45,28,17
31785,Saentha,sargeras,1553,priest,discipline,74,40,34
31786,Cario,emerald-dream,1553,priest,discipline,45,24,21
31787,Zivn,tichondrius,1553,priest,discipline,689,360,329
31788,Drully,moon-guard,1553,priest,discipline,149,77,72
31789,Razledazzled,grizzly-hills,1553,priest,discipline,121,58,63
31790,Halfcutt,tichondrius,1553,priest,discipline,78,36,42
31791,Gankdez,kelthuzad,1552,priest,discipline,130,67,63
31792,Gilthðniel,quelthalas,1552,priest,discipline,231,111,120
31793,Mfynch,sargeras,1551,priest,discipline,66,40,26
31794,Grannieslove,sargeras,1551,priest,discipline,48,28,20
31795,Magazíne,tichondrius,1551,priest,discipline,42,23,19
31796,Leliane,tichondrius,1551,priest,discipline,66,35,31
31797,Giblettz,lightbringer,1551,priest,discipline,99,46,53
31798,Nesx,azuremyst,1550,priest,discipline,42,28,14
31799,Sorrowful,mannoroth,1550,priest,discipline,30,19,11
31800,Sensitive,eitrigg,1550,priest,discipline,36,22,14
31801,Unisia,tichondrius,1550,priest,discipline,98,41,57
31802,Rebzyyx,tichondrius,1549,priest,discipline,38,25,13
31803,Önagashøw,azralon,1549,priest,discipline,277,140,137
31804,Spacecowboyz,stormrage,1549,priest,discipline,60,30,30
31805,Hennywhite,sargeras,1549,priest,discipline,102,48,54
31806,Fámóus,stormrage,1549,priest,discipline,83,30,53
31807,Nisagerx,tichondrius,1548,priest,discipline,33,19,14
31808,Azureslaps,tichondrius,1547,priest,discipline,218,109,109
31809,Jugeumx,proudmoore,1547,priest,discipline,48,19,29
31810,Uriyel,quelthalas,1546,priest,discipline,119,62,57
31811,Ayabae,illidan,1546,priest,discipline,866,424,442
31812,Idolize,proudmoore,1546,priest,discipline,92,43,49
31813,Bombdevil,quelthalas,1545,priest,discipline,36,20,16
31814,Notkim,zuljin,1545,priest,discipline,65,33,32
31815,Saintguard,tichondrius,1545,priest,discipline,186,92,94
31816,Shadöwtest,quelthalas,1545,priest,discipline,113,49,64
31817,Goo,boulderfist,1544,priest,discipline,36,22,14
31818,Juckerr,tichondrius,1544,priest,discipline,245,129,116
31819,Rourk,medivh,1544,priest,discipline,137,68,69
31820,Nutshotxx,skullcrusher,1544,priest,discipline,154,67,87
31821,Ricekak,haomarush,1543,priest,discipline,78,46,32
31822,Matics,tichondrius,1543,priest,discipline,62,33,29
31823,Xillak,ragnaros,1543,priest,discipline,36,19,17
31824,Goodvybes,tichondrius,1543,priest,discipline,83,42,41
31825,Dreamteller,tichondrius,1543,priest,discipline,36,17,19
31826,Dawnsy,arygos,1543,priest,discipline,56,26,30
31827,Played,dark-iron,1543,priest,discipline,62,24,38
31828,Happylonely,farstriders,1542,priest,discipline,33,20,13
31829,Justashadow,zangarmarsh,1542,priest,discipline,103,59,44
31830,Metick,illidan,1542,priest,discipline,48,18,30
31831,Benin,shattered-hand,1541,priest,discipline,36,22,14
31832,Zórg,stormrage,1541,priest,discipline,56,30,26
31833,Makuwu,area-52,1541,priest,discipline,93,49,44
31834,Winss,tichondrius,1541,priest,discipline,220,114,106
31835,Jacksreturne,kelthuzad,1541,priest,discipline,502,255,247
31836,Prayf,area-52,1541,priest,discipline,199,100,99
31837,Qmabayteckkl,tichondrius,1540,priest,discipline,42,23,19
31838,Alex,boulderfist,1540,priest,discipline,189,90,99
31839,Unholyhusky,sargeras,1539,priest,discipline,60,38,22
31840,Daddydoeet,zuljin,1539,priest,discipline,42,22,20
31841,Notoriousmmä,illidan,1538,priest,discipline,48,29,19
31842,Life,thrall,1538,priest,discipline,101,50,51
31843,Slipzie,sargeras,1537,priest,discipline,89,52,37
31844,Shadowdaddy,barthilas,1537,priest,discipline,96,55,41
31845,Babirygen,khaz-modan,1537,priest,discipline,48,23,25
31846,Croissånt,illidan,1536,priest,discipline,30,18,12
31847,Sportsgloss,tichondrius,1536,priest,discipline,132,73,59
31848,Vullena,moon-guard,1536,priest,discipline,108,55,53
31849,Shadowgobbo,thrall,1536,priest,discipline,66,31,35
31850,Meemó,area-52,1535,priest,discipline,24,16,8
31851,Santhiel,ragnaros,1535,priest,discipline,42,18,24
31852,Saxy,quelthalas,1534,priest,discipline,50,32,18
31853,Highmoon,kelthuzad,1534,priest,discipline,30,16,14
31854,Gommacura,stormrage,1534,priest,discipline,286,147,139
31855,Sevÿ,malygos,1534,priest,discipline,40,20,20
31856,Blacklog,darkspear,1534,priest,discipline,38,19,19
31857,Yanye,tichondrius,1534,priest,discipline,157,77,80
31858,Maid,demon-soul,1534,priest,discipline,63,28,35
31859,Anastasiá,barthilas,1534,priest,discipline,48,21,27
31860,Greyx,moon-guard,1533,priest,discipline,36,20,16
31861,Shadowglezy,area-52,1533,priest,discipline,107,59,48
31862,Wtfamdoing,quelthalas,1533,priest,discipline,65,35,30
31863,Priesmatco,area-52,1533,priest,discipline,81,40,41
31864,Suitoo,ragnaros,1533,priest,discipline,54,25,29
31865,Hairyleg,kelthuzad,1533,priest,discipline,36,16,20
31866,Zsofi,rivendare,1532,priest,discipline,116,54,62
31867,Cityboyy,tichondrius,1532,priest,discipline,37,17,20
31868,Abbydaddy,illidan,1532,priest,discipline,42,17,25
31869,Drée,zuljin,1531,priest,discipline,26,16,10
31870,Wbu,frostmourne,1531,priest,discipline,28,17,11
31871,Dabaksp,area-52,1531,priest,discipline,39,21,18
31872,Pryst,bonechewer,1531,priest,discipline,54,28,26
31873,Bryelx,ragnaros,1531,priest,discipline,108,55,53
31874,Vañity,malganis,1531,priest,discipline,66,33,33
31875,Merkinhealz,darkspear,1530,priest,discipline,112,59,53
31876,Scræm,sargeras,1530,priest,discipline,97,44,53
31877,Epijho,area-52,1529,priest,discipline,30,19,11
31878,Aríola,frostmourne,1529,priest,discipline,69,37,32
31879,Vorazzun,quelthalas,1529,priest,discipline,62,30,32
31880,Cäpriestsunn,thrall,1528,priest,discipline,30,18,12
31881,Truce,moon-guard,1528,priest,discipline,77,39,38
31882,Bigwap,illidan,1528,priest,discipline,66,30,36
31883,Rafers,tichondrius,1528,priest,discipline,36,16,20
31884,Slippedadisc,kelthuzad,1527,priest,discipline,108,59,49
31885,Kencyx,tichondrius,1527,priest,discipline,30,16,14
31886,Lightsight,burning-blade,1527,priest,discipline,30,16,14
31887,Luxury,blackrock,1527,priest,discipline,54,27,27
31888,Suekmydisc,frostmourne,1526,priest,discipline,36,20,16
31889,Alëssana,illidan,1526,priest,discipline,128,63,65
31890,Wonpaipri,frostmourne,1526,priest,discipline,110,48,62
31891,Pilixil,bleeding-hollow,1525,priest,discipline,72,35,37
31892,Tooze,draka,1525,priest,discipline,60,27,33
31893,Umbrous,ysera,1525,priest,discipline,42,18,24
31894,Rómmul,azralon,1524,priest,discipline,71,34,37
31895,Psÿçhë,stormrage,1524,priest,discipline,36,16,20
31896,Thedude,spirestone,1524,priest,discipline,36,16,20
31897,Somethingkoo,sargeras,1523,priest,discipline,83,46,37
31898,Sonofbetch,emerald-dream,1523,priest,discipline,55,30,25
31899,Bloodytears,kiljaeden,1523,priest,discipline,138,65,73
31900,Ivf,darrowmere,1523,priest,discipline,125,57,68
31901,Ricopri,frostmourne,1522,priest,discipline,36,23,13
31902,Madhairy,ragnaros,1522,priest,discipline,126,65,61
31903,Niurouchuan,tichondrius,1522,priest,discipline,123,60,63
31904,Lauretânia,nemesis,1522,priest,discipline,146,71,75
31905,Lydra,ragnaros,1522,priest,discipline,225,105,120
31906,Triggaz,tichondrius,1521,priest,discipline,126,70,56
31907,Zenobiai,hyjal,1521,priest,discipline,163,87,76
31908,Rhima,tichondrius,1521,priest,discipline,133,67,66
31909,Elysiana,wyrmrest-accord,1521,priest,discipline,66,33,33
31910,Pheener,stormreaver,1521,priest,discipline,198,97,101
31911,Magpul,arthas,1521,priest,discipline,36,16,20
31912,Thirdplace,tichondrius,1520,priest,discipline,24,16,8
31913,Herder,zuljin,1520,priest,discipline,52,30,22
31914,Ezzy,bleeding-hollow,1520,priest,discipline,48,24,24
31915,Halö,area-52,1520,priest,discipline,174,86,88
31916,Sensaye,dalaran,1520,priest,discipline,111,54,57
31917,Voltstein,dalaran,1519,priest,discipline,128,67,61
31918,Radackan,quelthalas,1519,priest,discipline,117,61,56
31919,Hideyason,area-52,1519,priest,discipline,60,31,29
31920,Zllik,illidan,1519,priest,discipline,101,52,49
31921,Meditåtion,tichondrius,1519,priest,discipline,234,120,114
31922,Angusb,sargeras,1519,priest,discipline,164,82,82
31923,Friendzonefw,illidan,1519,priest,discipline,144,71,73
31924,Dædrà,stormrage,1519,priest,discipline,76,37,39
31925,Blessrish,icecrown,1519,priest,discipline,66,31,35
31926,Phasmaaxd,tichondrius,1518,priest,discipline,77,41,36
31927,Peacewrench,moon-guard,1518,priest,discipline,118,59,59
31928,Wisher,tichondrius,1518,priest,discipline,158,73,85
31929,Cexcexyomi,tichondrius,1517,priest,discipline,94,50,44
31930,Erinzdern,quelthalas,1517,priest,discipline,82,40,42
31931,Joní,malganis,1517,priest,discipline,41,18,23
31932,Tbirdpriest,tichondrius,1516,priest,discipline,46,27,19
31933,Swapsy,illidan,1516,priest,discipline,53,29,24
31934,Kaguyä,ragnaros,1516,priest,discipline,77,40,37
31935,Bonnieron,frostmourne,1516,priest,discipline,77,39,38
31936,Ðiscipline,kelthuzad,1516,priest,discipline,134,64,70
31937,Triangle,draka,1516,priest,discipline,36,17,19
31938,Drupmonst,dalaran,1516,priest,discipline,60,26,34
31939,Vels,blackrock,1515,priest,discipline,30,18,12
31940,Lyrä,kiljaeden,1515,priest,discipline,102,54,48
31941,Mxst,frostmourne,1514,priest,discipline,18,16,2
31942,Stickypriest,dreadmaul,1514,priest,discipline,18,16,2
31943,Weakwind,burning-blade,1514,priest,discipline,56,33,23
31944,Zenfromwish,frostmourne,1514,priest,discipline,68,37,31
31945,Thranduil,kiljaeden,1514,priest,discipline,142,75,67
31946,Gamist,area-52,1514,priest,discipline,206,102,104
31947,Tecnica,kelthuzad,1514,priest,discipline,155,75,80
31948,Marantbourge,frostmourne,1514,priest,discipline,122,57,65
31949,Vaticly,hyjal,1513,priest,discipline,48,26,22
31950,Inssania,ragnaros,1513,priest,discipline,60,28,32
31951,Gustáv,sargeras,1512,priest,discipline,72,37,35
31952,Absørptiøn,area-52,1511,priest,discipline,42,23,19
31953,Mse,eonar,1511,priest,discipline,48,26,22
31954,Galestick,illidan,1511,priest,discipline,30,16,14
31955,Ulzaar,nerzhul,1511,priest,discipline,89,37,52
31956,Manascythe,illidan,1510,priest,discipline,46,22,24
31957,Zroheals,illidan,1510,priest,discipline,107,48,59
31958,Agraheals,barthilas,1509,priest,discipline,42,22,20
31959,Ballzach,ysera,1508,priest,discipline,197,102,95
31960,Mandymuze,barthilas,1508,priest,discipline,77,37,40
31961,Labraidor,tichondrius,1508,priest,discipline,205,92,113
31962,Lildeen,area-52,1507,priest,discipline,44,26,18
31963,Jaindoe,illidan,1507,priest,discipline,132,72,60
31964,Billzerian,nemesis,1507,priest,discipline,141,75,66
31965,Propagàndhi,daggerspine,1507,priest,discipline,158,72,86
31966,Sâishâ,proudmoore,1507,priest,discipline,194,85,109
31967,Hawtzp,stormrage,1506,priest,discipline,42,24,18
31968,Ndeezy,malganis,1506,priest,discipline,30,16,14
31969,Forsakenz,jaedenar,1506,priest,discipline,102,50,52
31970,Zinnar,dalaran,1506,priest,discipline,96,38,58
31971,Diskope,kelthuzad,1505,priest,discipline,24,16,8
31972,Shnítzel,thrall,1505,priest,discipline,139,74,65
31973,Altarboy,agamaggan,1505,priest,discipline,62,30,32
31974,Legó,illidan,1504,priest,discipline,60,29,31
31975,Daburnz,bleeding-hollow,1504,priest,discipline,120,57,63
31976,Pootzy,malganis,1504,priest,discipline,87,36,51
31977,Fearnought,stormrage,1503,priest,discipline,164,84,80
31978,Brahp,frostmourne,1503,priest,discipline,41,17,24
31979,Tallshiraz,destromath,1501,priest,discipline,58,39,19
31980,Artista,quelthalas,1501,priest,discipline,100,54,46
31981,Yoozi,sargeras,1501,priest,discipline,126,63,63
31982,Bailez,malganis,1500,priest,discipline,49,27,22
31983,Djefe,tichondrius,1500,priest,discipline,102,52,50
31984,Braffuki,frostmourne,1500,priest,discipline,107,54,53
31985,Jabreez,illidan,1499,priest,discipline,36,22,14
31986,Valtres,tichondrius,1499,priest,discipline,30,16,14
31987,Vezaxx,barthilas,1499,priest,discipline,148,77,71
31988,Shunio,illidan,1499,priest,discipline,60,25,35
31989,Jpray,bleeding-hollow,1498,priest,discipline,115,62,53
31990,Aexdawg,malganis,1498,priest,discipline,126,67,59
31991,Shastyr,tichondrius,1498,priest,discipline,78,38,40
31992,Inkders,detheroc,1498,priest,discipline,58,26,32
31993,Hotpockets,detheroc,1497,priest,discipline,29,16,13
31994,Rustypinball,bleeding-hollow,1497,priest,discipline,76,40,36
31995,Yorp,tichondrius,1497,priest,discipline,72,36,36
31996,Thottee,bleeding-hollow,1497,priest,discipline,120,55,65
31997,Valixia,sargeras,1497,priest,discipline,90,41,49
31998,Venustas,daggerspine,1497,priest,discipline,66,26,40
31999,Prniss,tichondrius,1496,priest,discipline,41,25,16
32000,Sinzex,tichondrius,1496,priest,discipline,78,43,35
32001,Doutoodou,tichondrius,1495,priest,discipline,94,55,39
32002,Rëckful,area-52,1495,priest,discipline,699,353,346
32003,Amarexlol,stormrage,1495,priest,discipline,54,27,27
32004,Sgiath,alleria,1493,priest,discipline,42,30,12
32005,Sleezi,emerald-dream,1493,priest,discipline,60,34,26
32006,Healthreat,area-52,1493,priest,discipline,76,42,34
32007,Bradythree,moon-guard,1493,priest,discipline,38,20,18
32008,Keyoshe,altar-of-storms,1493,priest,discipline,295,146,149
32009,Josquin,illidan,1493,priest,discipline,108,51,57
32010,Weezyxo,tichondrius,1493,priest,discipline,46,19,27
32011,Nerfdisc,azralon,1492,priest,discipline,147,77,70
32012,Dbod,tichondrius,1492,priest,discipline,251,126,125
32013,Bubblerwrapp,malganis,1492,priest,discipline,36,17,19
32014,Ruminationz,stormrage,1492,priest,discipline,232,108,124
32015,Ååron,illidan,1491,priest,discipline,64,37,27
32016,Constin,doomhammer,1491,priest,discipline,36,20,16
32017,Delrey,sargeras,1491,priest,discipline,38,19,19
32018,Saiyana,frostmourne,1491,priest,discipline,148,72,76
32019,Brakála,ragnaros,1491,priest,discipline,48,21,27
32020,Cobjr,frostmourne,1490,priest,discipline,52,29,23
32021,Kalilol,tichondrius,1490,priest,discipline,132,61,71
32022,Somberr,dalaran,1489,priest,discipline,47,26,21
32023,Emytoty,ragnaros,1489,priest,discipline,150,77,73
32024,Alelith,quelthalas,1489,priest,discipline,59,27,32
32025,Akayayuelol,tichondrius,1488,priest,discipline,24,19,5
32026,Discobluntzz,tichondrius,1488,priest,discipline,54,31,23
32027,Priestmode,garona,1488,priest,discipline,60,27,33
32028,Orzington,laughing-skull,1487,priest,discipline,74,40,34
32029,Watchemeyolo,tichondrius,1487,priest,discipline,66,35,31
32030,Luxyel,azralon,1487,priest,discipline,149,65,84
32031,Windroseh,proudmoore,1486,priest,discipline,60,32,28
32032,Finnabustt,tichondrius,1486,priest,discipline,137,68,69
32033,Blobble,tichondrius,1486,priest,discipline,102,45,57
32034,Tyszie,sargeras,1485,priest,discipline,36,20,16
32035,Klowdz,burning-blade,1485,priest,discipline,299,156,143
32036,Curemeste,illidan,1485,priest,discipline,138,72,66
32037,Tëmpting,moon-guard,1485,priest,discipline,50,25,25
32038,Zilah,ravencrest,1485,priest,discipline,72,33,39
32039,Aerdaras,illidan,1485,priest,discipline,80,36,44
32040,Sëv,stormrage,1485,priest,discipline,41,18,23
32041,Bater,mugthol,1484,priest,discipline,34,18,16
32042,Preacharóund,frostmourne,1484,priest,discipline,102,52,50
32043,Descubra,stormrage,1483,priest,discipline,84,46,38
32044,Griddly,alterac-mountains,1483,priest,discipline,108,57,51
32045,Dingldangle,tichondrius,1483,priest,discipline,144,70,74
32046,Approved,moon-guard,1483,priest,discipline,221,106,115
32047,Arzaei,quelthalas,1483,priest,discipline,130,61,69
32048,Blacklightz,korgath,1483,priest,discipline,91,42,49
32049,Prff,ragnaros,1483,priest,discipline,42,19,23
32050,Oneinurdome,moknathal,1483,priest,discipline,54,24,30
32051,Rháényra,tichondrius,1482,priest,discipline,48,25,23
32052,Nottahealer,anvilmar,1482,priest,discipline,42,20,22
32053,Zaemyn,dalaran,1482,priest,discipline,44,20,24
32054,Ilickdeadppl,sargeras,1481,priest,discipline,52,31,21
32055,Tartapelle,zuljin,1481,priest,discipline,78,44,34
32056,Iinu,tichondrius,1481,priest,discipline,137,72,65
32057,Vemilli,tichondrius,1481,priest,discipline,40,20,20
32058,Aphrodìtë,tichondrius,1481,priest,discipline,127,62,65
32059,Pipete,frostmourne,1480,priest,discipline,174,98,76
32060,Kuriyasu,emerald-dream,1480,priest,discipline,209,113,96
32061,Hasby,area-52,1480,priest,discipline,156,81,75
32062,Dontstopxo,lightbringer,1480,priest,discipline,76,37,39
32063,Blinxed,tichondrius,1480,priest,discipline,108,52,56
32064,Toxictampax,azjolnerub,1480,priest,discipline,108,52,56
32065,Hysteria,dalaran,1480,priest,discipline,70,33,37
32066,Sstar,area-52,1479,priest,discipline,24,16,8
32067,Justanoutlaw,darkspear,1479,priest,discipline,75,44,31
32068,Steefe,arygos,1479,priest,discipline,38,21,17
32069,Nvroom,illidan,1479,priest,discipline,55,28,27
32070,Aumsi,illidan,1479,priest,discipline,104,48,56
32071,Boundword,emerald-dream,1479,priest,discipline,60,24,36
32072,Eshimä,quelthalas,1478,priest,discipline,117,67,50
32073,Mørathy,ragnaros,1477,priest,discipline,72,46,26
32074,Jinxaleyster,ragnaros,1477,priest,discipline,143,81,62
32075,Zerolyn,tichondrius,1476,priest,discipline,131,70,61
32076,Baìter,zuljin,1476,priest,discipline,82,41,41
32077,Thadino,nagrand,1476,priest,discipline,126,61,65
32078,Motions,frostmourne,1476,priest,discipline,38,17,21
32079,Shaytyme,tichondrius,1476,priest,discipline,62,23,39
32080,Jjløver,tichondrius,1475,priest,discipline,25,16,9
32081,Imcringing,illidan,1475,priest,discipline,48,30,18
32082,Luanwanx,tichondrius,1475,priest,discipline,91,51,40
32083,Mightydrëk,malganis,1475,priest,discipline,29,16,13
32084,Bittyheals,illidan,1475,priest,discipline,48,22,26
32085,Faxingberlin,sargeras,1475,priest,discipline,46,18,28
32086,Haizsu,tichondrius,1474,priest,discipline,77,38,39
32087,Xîîaotong,tichondrius,1473,priest,discipline,37,23,14
32088,Alyndral,illidan,1473,priest,discipline,50,29,21
32089,Ringofvalor,lightnings-blade,1473,priest,discipline,160,85,75
32090,Swagndragon,zuljin,1473,priest,discipline,86,42,44
32091,Trickyhobo,area-52,1472,priest,discipline,97,54,43
32092,Sermøn,azuremyst,1472,priest,discipline,189,99,90
32093,Euphotic,tichondrius,1472,priest,discipline,75,38,37
32094,Rufían,quelthalas,1471,priest,discipline,48,25,23
32095,Brian,lightnings-blade,1471,priest,discipline,52,27,25
32096,Confesiional,area-52,1471,priest,discipline,71,32,39
32097,Bigtimeplay,tichondrius,1470,priest,discipline,42,25,17
32098,Yugewap,hyjal,1470,priest,discipline,102,60,42
32099,Lavenderism,moon-guard,1470,priest,discipline,90,45,45
32100,Kiddonia,whisperwind,1470,priest,discipline,51,25,26
32101,Buqisama,barthilas,1470,priest,discipline,96,44,52
32102,Doesine,area-52,1469,priest,discipline,42,25,17
32103,Travoidicus,wyrmrest-accord,1469,priest,discipline,109,55,54
32104,Vacyle,azralon,1468,priest,discipline,174,93,81
32105,Draazja,dalaran,1468,priest,discipline,146,74,72
32106,Flatlining,illidan,1468,priest,discipline,66,32,34
32107,Zerola,sargeras,1468,priest,discipline,71,34,37
32108,Sibble,boulderfist,1468,priest,discipline,95,45,50
32109,Temnah,sargeras,1468,priest,discipline,50,22,28
32110,Dorashadows,tichondrius,1467,priest,discipline,24,17,7
32111,Sandfire,thrall,1467,priest,discipline,30,16,14
32112,Stargoddess,illidan,1467,priest,discipline,168,84,84
32113,Krymze,tichondrius,1467,priest,discipline,36,16,20
32114,Kafarmer,frostmourne,1466,priest,discipline,107,62,45
32115,Blodwell,illidan,1466,priest,discipline,133,67,66
32116,Namemetwo,malganis,1466,priest,discipline,90,42,48
32117,Basisc,frostmourne,1465,priest,discipline,219,122,97
32118,Betterheals,tichondrius,1465,priest,discipline,157,84,73
32119,Wöödy,area-52,1465,priest,discipline,40,21,19
32120,Azaradet,ragnaros,1465,priest,discipline,87,36,51
32121,Aizetsu,sargeras,1464,priest,discipline,36,21,15
32122,Billymaays,azgalor,1464,priest,discipline,145,80,65
32123,Apâthy,area-52,1464,priest,discipline,69,32,37
32124,Dib,arathor,1463,priest,discipline,48,25,23
32125,Frogfrompad,tichondrius,1462,priest,discipline,83,51,32
32126,Gðttlich,stormrage,1462,priest,discipline,38,19,19
32127,Yeyoz,tichondrius,1462,priest,discipline,124,60,64
32128,Blavkata,area-52,1462,priest,discipline,76,30,46
32129,Fallenumbra,area-52,1461,priest,discipline,77,44,33
32130,Javox,drakkari,1461,priest,discipline,36,19,17
32131,Chainsalight,stormrage,1461,priest,discipline,156,81,75
32132,Priestsz,stormrage,1461,priest,discipline,151,78,73
32133,Ínfocus,area-52,1461,priest,discipline,132,63,69
32134,Holypuffs,burning-legion,1461,priest,discipline,77,35,42
32135,Bloodify,azralon,1461,priest,discipline,121,54,67
32136,Joktips,proudmoore,1460,priest,discipline,174,94,80
32137,Androalis,thaurissan,1460,priest,discipline,90,43,47
32138,Syfy,thrall,1460,priest,discipline,108,45,63
32139,Mutilla,tichondrius,1459,priest,discipline,24,16,8
32140,Sadnez,illidan,1458,priest,discipline,133,74,59
32141,Femìnazzi,ragnaros,1458,priest,discipline,82,45,37
32142,Akåsha,zuljin,1458,priest,discipline,98,42,56
32143,Helianna,whisperwind,1457,priest,discipline,162,80,82
32144,Fleshliight,area-52,1456,priest,discipline,51,31,20
32145,Shykaii,azralon,1456,priest,discipline,108,61,47
32146,Sadistic,hyjal,1456,priest,discipline,118,59,59
32147,Akovob,tichondrius,1456,priest,discipline,50,25,25
32148,Sineater,zuljin,1456,priest,discipline,77,36,41
32149,Tiannatrump,stormrage,1455,priest,discipline,53,31,22
32150,Sinsuu,tichondrius,1455,priest,discipline,150,83,67
32151,Sappes,area-52,1455,priest,discipline,200,110,90
32152,Aleistria,emerald-dream,1454,priest,discipline,42,26,16
32153,Lethalrosé,thrall,1454,priest,discipline,30,17,13
32154,Huevos,blackwing-lair,1454,priest,discipline,144,76,68
32155,Giveheadpats,moon-guard,1454,priest,discipline,101,47,54
32156,Modotszilla,bleeding-hollow,1454,priest,discipline,36,16,20
32157,Grimspriest,moon-guard,1453,priest,discipline,47,23,24
32158,Carcoz,emerald-dream,1453,priest,discipline,117,57,60
32159,Thoaxx,magtheridon,1453,priest,discipline,54,24,30
32160,Havocshadows,deathwing,1452,priest,discipline,219,129,90
32161,Aubieheal,malygos,1452,priest,discipline,91,50,41
32162,Puddín,area-52,1452,priest,discipline,84,42,42
32163,Thorzan,eredar,1452,priest,discipline,36,18,18
32164,Mistàclean,tichondrius,1452,priest,discipline,89,43,46
32165,Xeras,misha,1452,priest,discipline,47,21,26
32166,Bobet,zuljin,1452,priest,discipline,73,28,45
32167,Noblesx,illidan,1451,priest,discipline,54,30,24
32168,Høllywood,nazgrel,1451,priest,discipline,57,28,29
32169,Spookynun,moon-guard,1450,priest,discipline,216,122,94
32170,Jubalie,guldan,1450,priest,discipline,52,27,25
32171,Whehaw,kelthuzad,1450,priest,discipline,137,68,69
32172,Bnn,arathor,1449,priest,discipline,23,16,7
32173,Bushwaker,darkspear,1449,priest,discipline,53,29,24
32174,Doggyy,tichondrius,1449,priest,discipline,166,88,78
32175,Eirua,proudmoore,1449,priest,discipline,78,35,43
32176,Notfandy,tichondrius,1449,priest,discipline,48,19,29
32177,Nek,malganis,1448,priest,discipline,103,61,42
32178,Feedya,tichondrius,1448,priest,discipline,463,228,235
32179,Tomseleck,frostmourne,1448,priest,discipline,35,16,19
32180,Iivelaughluv,kiljaeden,1447,priest,discipline,69,40,29
32181,Lexaprö,moon-guard,1447,priest,discipline,70,38,32
32182,Newchaos,hakkar,1446,priest,discipline,40,24,16
32183,Eavin,laughing-skull,1446,priest,discipline,303,152,151
32184,Mileslol,azgalor,1446,priest,discipline,68,34,34
32185,Mäe,nemesis,1446,priest,discipline,60,26,34
32186,Inot,nemesis,1446,priest,discipline,97,42,55
32187,Sleepiest,wyrmrest-accord,1445,priest,discipline,49,26,23
32188,Battlemage,magtheridon,1445,priest,discipline,105,55,50
32189,Zeusqt,azralon,1445,priest,discipline,180,94,86
32190,Augustrox,ragnaros,1445,priest,discipline,164,78,86
32191,Stynke,bleeding-hollow,1445,priest,discipline,54,16,38
32192,Aloo,zuljin,1444,priest,discipline,57,37,20
32193,Fakechow,nathrezim,1444,priest,discipline,139,71,68
32194,Blakalicious,illidan,1443,priest,discipline,39,27,12
32195,Specialed,wildhammer,1443,priest,discipline,71,39,32
32196,Yótecuro,quelthalas,1443,priest,discipline,66,31,35
32197,Howdaw,tichondrius,1443,priest,discipline,53,21,32
32198,Jeresh,sargeras,1443,priest,discipline,65,21,44
32199,Bandèl,tichondrius,1442,priest,discipline,42,27,15
32200,Skillfull,chogall,1442,priest,discipline,264,139,125
32201,Famemolol,tichondrius,1442,priest,discipline,456,218,238
32202,Kiritomauti,ragnaros,1442,priest,discipline,42,18,24
32203,Velastirra,saurfang,1441,priest,discipline,199,104,95
32204,Easypriest,tichondrius,1441,priest,discipline,96,50,46
32205,Sreykalip,frostmourne,1441,priest,discipline,48,24,24
32206,Voidathon,sargeras,1441,priest,discipline,36,17,19
32207,Shadowblax,thrall,1441,priest,discipline,160,75,85
32208,Diableero,barthilas,1440,priest,discipline,30,16,14
32209,Docmcstufins,darkspear,1440,priest,discipline,65,31,34
32210,Kristyenna,boulderfist,1440,priest,discipline,42,20,22
32211,Zhatfko,illidan,1440,priest,discipline,78,31,47
32212,Umadcüzubad,azralon,1439,priest,discipline,115,54,61
32213,Scrubx,malganis,1438,priest,discipline,18,15,3
32214,Sauile,kelthuzad,1438,priest,discipline,138,77,61
32215,Ganapati,the-underbog,1438,priest,discipline,30,15,15
32216,Necroshine,vashj,1438,priest,discipline,51,22,29
32217,Rabbix,aggramar,1437,priest,discipline,30,19,11
32218,Mason,winterhoof,1437,priest,discipline,24,15,9
32219,Miaria,chogall,1437,priest,discipline,138,69,69
32220,Joesus,kelthuzad,1437,priest,discipline,38,17,21
32221,Arfaxad,quelthalas,1436,priest,discipline,18,15,3
32222,Vivián,tichondrius,1436,priest,discipline,115,63,52
32223,Compåctdisc,sargeras,1436,priest,discipline,36,18,18
32224,Jacob,shadowmoon,1436,priest,discipline,153,74,79
32225,Amãnita,illidan,1436,priest,discipline,35,15,20
32226,Pphill,aegwynn,1436,priest,discipline,48,19,29
32227,Floratil,ragnaros,1436,priest,discipline,60,23,37
32228,Murdock,the-forgotten-coast,1435,priest,discipline,56,31,25
32229,Bootycough,malganis,1435,priest,discipline,63,32,31
32230,Conorpriest,tichondrius,1435,priest,discipline,30,15,15
32231,Sliding,wyrmrest-accord,1435,priest,discipline,30,15,15
32232,Lonpriest,stormrage,1435,priest,discipline,210,99,111
32233,Earface,blades-edge,1435,priest,discipline,56,19,37
32234,Addisonraee,tichondrius,1434,priest,discipline,18,15,3
32235,Miix,proudmoore,1434,priest,discipline,18,15,3
32236,Yea,shadow-council,1434,priest,discipline,27,19,8
32237,Baali,moon-guard,1434,priest,discipline,41,27,14
32238,Evpray,area-52,1434,priest,discipline,54,35,19
32239,Luminous,moon-guard,1434,priest,discipline,137,73,64
32240,Meatboxmoldy,blood-furnace,1434,priest,discipline,30,15,15
32241,Detainedz,malganis,1434,priest,discipline,30,15,15
32242,Vineller,malganis,1434,priest,discipline,36,15,21
32243,Remusha,dalaran,1434,priest,discipline,42,16,26
32244,Zaneshy,azralon,1433,priest,discipline,49,19,30
32245,Amorus,illidan,1432,priest,discipline,60,40,20
32246,Welovan,sargeras,1432,priest,discipline,88,47,41
32247,Necrodiva,magtheridon,1432,priest,discipline,84,43,41
32248,Rôôk,kiljaeden,1432,priest,discipline,56,26,30
32249,Lullabya,tichondrius,1431,priest,discipline,24,15,9
32250,Napzz,sargeras,1431,priest,discipline,45,27,18
32251,Wøo,area-52,1430,priest,discipline,97,52,45
32252,Davinatrans,azralon,1430,priest,discipline,111,57,54
32253,Burroviejo,quelthalas,1430,priest,discipline,46,23,23
32254,Zuss,tichondrius,1430,priest,discipline,52,23,29
32255,Talripington,area-52,1429,priest,discipline,35,20,15
32256,Eridan,moon-guard,1429,priest,discipline,65,33,32
32257,Kwaremont,sargeras,1429,priest,discipline,30,15,15
32258,Sacredmoon,dreadmaul,1429,priest,discipline,30,15,15
32259,Jilt,aerie-peak,1428,priest,discipline,90,53,37
32260,Tainna,quelthalas,1428,priest,discipline,78,44,34
32261,Elexy,tichondrius,1428,priest,discipline,72,37,35
32262,Dayquills,illidan,1428,priest,discipline,36,15,21
32263,Axelrod,tichondrius,1428,priest,discipline,54,21,33
32264,Anmu,illidan,1427,priest,discipline,24,15,9
32265,Linkolln,sargeras,1427,priest,discipline,30,18,12
32266,Dominantz,khazgoroth,1427,priest,discipline,66,38,28
32267,Minii,tichondrius,1427,priest,discipline,79,40,39
32268,Cherryfuzz,sargeras,1427,priest,discipline,89,45,44
32269,Beefoverload,durotan,1427,priest,discipline,129,60,69
32270,Pumtootoot,tichondrius,1427,priest,discipline,36,15,21
32271,Coldphobia,uldum,1426,priest,discipline,187,99,88
32272,Dreadpriate,emerald-dream,1426,priest,discipline,116,58,58
32273,Haquin,malganis,1426,priest,discipline,36,15,21
32274,Hugépenance,tichondrius,1425,priest,discipline,30,20,10
32275,Covnite,bloodscalp,1425,priest,discipline,48,26,22
32276,Voicekal,sargeras,1425,priest,discipline,77,41,36
32277,Teeds,stormrage,1425,priest,discipline,69,34,35
32278,Wíckéd,frostmourne,1425,priest,discipline,57,23,34
32279,Langyi,tichondrius,1424,priest,discipline,72,41,31
32280,ßlest,stormrage,1424,priest,discipline,142,80,62
32281,Heelznfeelz,tichondrius,1424,priest,discipline,39,19,20
32282,Winnzhor,bonechewer,1423,priest,discipline,58,35,23
32283,Scpzi,frostmourne,1423,priest,discipline,30,15,15
32284,Shakky,queldorei,1423,priest,discipline,84,37,47
32285,Nolan,drakkari,1422,priest,discipline,47,27,20
32286,Zørb,area-52,1422,priest,discipline,54,31,23
32287,Priøst,tichondrius,1422,priest,discipline,75,43,32
32288,Ketaminè,tichondrius,1422,priest,discipline,48,25,23
32289,Tyzrapture,illidan,1422,priest,discipline,53,21,32
32290,Wpj,barthilas,1422,priest,discipline,51,17,34
32291,Bloatie,zuljin,1421,priest,discipline,42,28,14
32292,Sumrand,frostmourne,1421,priest,discipline,30,16,14
32293,Izikial,illidan,1421,priest,discipline,48,24,24
32294,Jaeza,azralon,1421,priest,discipline,83,41,42
32295,Kurobankai,tichondrius,1421,priest,discipline,51,25,26
32296,Mombi,bloodhoof,1420,priest,discipline,24,15,9
32297,Holycast,arygos,1420,priest,discipline,24,15,9
32298,Sackura,quelthalas,1420,priest,discipline,49,26,23
32299,Inmotion,tichondrius,1420,priest,discipline,30,15,15
32300,Bugsbright,tichondrius,1419,priest,discipline,203,109,94
32301,Machinecoach,stormrage,1419,priest,discipline,30,15,15
32302,Brotatochip,andorhal,1419,priest,discipline,49,24,25
32303,Malavidax,malganis,1419,priest,discipline,108,45,63
32304,Yözsh,azralon,1419,priest,discipline,60,25,35
32305,Vampiric,laughing-skull,1418,priest,discipline,48,25,23
32306,Zjqf,akama,1418,priest,discipline,179,89,90
32307,Shufflnjoyer,sargeras,1418,priest,discipline,114,54,60
32308,Holyish,proudmoore,1418,priest,discipline,42,19,23
32309,Vundead,tichondrius,1418,priest,discipline,36,16,20
32310,Ekros,illidan,1417,priest,discipline,40,23,17
32311,Spazmode,malganis,1417,priest,discipline,75,38,37
32312,Tajee,area-52,1417,priest,discipline,205,103,102
32313,Nutsin,tichondrius,1417,priest,discipline,36,15,21
32314,Xävier,farstriders,1417,priest,discipline,36,15,21
32315,Zäelly,moon-guard,1416,priest,discipline,198,100,98
32316,Shonkee,tichondrius,1415,priest,discipline,27,16,11
32317,Bent,gurubashi,1415,priest,discipline,41,22,19
32318,Dagónet,sargeras,1415,priest,discipline,72,38,34
32319,Sungji,tichondrius,1415,priest,discipline,30,15,15
32320,Sasaberry,frostmourne,1415,priest,discipline,169,80,89
32321,Bakøo,tichondrius,1414,priest,discipline,37,22,15
32322,Dtsgx,tichondrius,1414,priest,discipline,27,16,11
32323,Pinchevato,ragnaros,1414,priest,discipline,233,119,114
32324,Muromsnel,proudmoore,1414,priest,discipline,120,59,61
32325,Ankhxiety,area-52,1414,priest,discipline,71,33,38
32326,Faerline,kelthuzad,1414,priest,discipline,35,15,20
32327,Aubine,sargeras,1414,priest,discipline,41,15,26
32328,Ananiel,moon-guard,1413,priest,discipline,24,15,9
32329,Artiannaa,bleeding-hollow,1413,priest,discipline,42,24,18
32330,Koizs,frostmourne,1413,priest,discipline,30,15,15
32331,Clancygilroy,thrall,1413,priest,discipline,96,47,49
32332,Daluu,tichondrius,1413,priest,discipline,51,18,33
32333,Feløre,quelthalas,1412,priest,discipline,51,32,19
32334,Looneý,drakkari,1412,priest,discipline,99,57,42
32335,Bøness,area-52,1412,priest,discipline,130,69,61
32336,Accismus,khadgar,1412,priest,discipline,78,37,41
32337,Raileight,illidan,1412,priest,discipline,56,25,31
32338,Handyheals,frostmourne,1411,priest,discipline,113,62,51
32339,Snoozemaster,cenarius,1411,priest,discipline,30,15,15
32340,Posabilties,bleeding-hollow,1411,priest,discipline,42,20,22
32341,Karmatron,chogall,1411,priest,discipline,42,17,25
32342,Fashion,bleeding-hollow,1410,priest,discipline,54,30,24
32343,Nidüz,stormrage,1409,priest,discipline,150,68,82
32344,Madjak,lightnings-blade,1408,priest,discipline,108,60,48
32345,Shelak,frostmourne,1408,priest,discipline,62,33,29
32346,Hpalisdawg,malorne,1408,priest,discipline,31,16,15
32347,Eatmyfear,quelthalas,1408,priest,discipline,247,122,125
32348,Verchou,shattered-hand,1408,priest,discipline,36,15,21
32349,Midoopriest,proudmoore,1408,priest,discipline,36,15,21
32350,Kencyy,tichondrius,1407,priest,discipline,24,15,9
32351,Kawin,goldrinn,1407,priest,discipline,101,54,47
32352,Nepy,stormrage,1407,priest,discipline,75,40,35
32353,Extel,sargeras,1407,priest,discipline,30,16,14
32354,Sunenergy,tichondrius,1407,priest,discipline,78,41,37
32355,Lîk,tichondrius,1407,priest,discipline,106,54,52
32356,Amaranth,the-forgotten-coast,1407,priest,discipline,30,15,15
32357,Arvida,ragnaros,1406,priest,discipline,54,36,18
32358,Tazzi,chromaggus,1406,priest,discipline,55,31,24
32359,Ünarû,illidan,1406,priest,discipline,120,65,55
32360,Halliburton,illidan,1406,priest,discipline,188,98,90
32361,Benedictüs,tichondrius,1406,priest,discipline,172,88,84
32362,Nightheals,sargeras,1406,priest,discipline,48,22,26
32363,Seáoflions,aggramar,1405,priest,discipline,24,15,9
32364,Dmlx,frostmourne,1405,priest,discipline,156,90,66
32365,Mangueroide,quelthalas,1405,priest,discipline,111,57,54
32366,Chimiechurro,proudmoore,1405,priest,discipline,90,45,45
32367,Sýpha,dalaran,1405,priest,discipline,45,22,23
32368,Tryst,the-underbog,1404,priest,discipline,60,37,23
32369,Magicßoy,magtheridon,1404,priest,discipline,185,99,86
32370,Penetron,tichondrius,1404,priest,discipline,138,70,68
32371,Chaøz,emerald-dream,1403,priest,discipline,65,41,24
32372,Itsmaám,moon-guard,1403,priest,discipline,42,25,17
32373,Gwyneth,whisperwind,1403,priest,discipline,80,35,45
32374,Kjpriest,kelthuzad,1402,priest,discipline,54,34,20
32375,Therialjp,ragnaros,1402,priest,discipline,42,25,17
32376,Discalaneous,tichondrius,1402,priest,discipline,45,20,25
32377,Nicety,skywall,1402,priest,discipline,50,22,28
32378,Jelzz,area-52,1401,priest,discipline,28,17,11
32379,Kaonn,frostmourne,1401,priest,discipline,251,133,118
32380,Bubbahotep,laughing-skull,1401,priest,discipline,52,25,27
32381,Yishaarj,tichondrius,1401,priest,discipline,53,24,29
32382,Emmelly,whisperwind,1401,priest,discipline,66,27,39
32383,Mäí,ragnaros,1400,priest,discipline,108,62,46
32384,Khyonne,nemesis,1400,priest,discipline,68,37,31
32385,Luffzie,barthilas,1400,priest,discipline,150,79,71
32386,Kibariyb,drakkari,1400,priest,discipline,40,19,21
32387,Stormìst,korgath,1399,priest,discipline,30,18,12
32388,Soméone,sargeras,1399,priest,discipline,176,92,84
32389,Smegmancer,korgath,1399,priest,discipline,54,24,30
32390,Peristalsis,nesingwary,1399,priest,discipline,36,16,20
32391,Coldvbs,barthilas,1398,priest,discipline,46,26,20
32392,Slumpbusterx,bonechewer,1398,priest,discipline,205,95,110
32393,Diabiitus,stormrage,1396,priest,discipline,105,61,44
32394,Padrekevedø,azralon,1395,priest,discipline,24,15,9
32395,Ðohko,ragnaros,1395,priest,discipline,36,20,16
32396,Vøíd,sargeras,1394,priest,discipline,41,23,18
32397,Bllaazze,frostwolf,1394,priest,discipline,48,18,30
32398,Karminha,azralon,1393,priest,discipline,24,17,7
32399,Freck,stormrage,1393,priest,discipline,42,25,17
32400,Icônz,malganis,1393,priest,discipline,59,31,28
32401,Lilblackguys,stormrage,1393,priest,discipline,114,56,58
32402,Scriptz,frostwolf,1393,priest,discipline,66,30,36
32403,Raggasoca,malganis,1393,priest,discipline,99,44,55
32404,Macnabber,malganis,1392,priest,discipline,30,20,10
32405,Ðiplø,tichondrius,1392,priest,discipline,35,21,14
32406,Oprawinfree,tichondrius,1392,priest,discipline,130,72,58
32407,Letkidscome,archimonde,1391,priest,discipline,33,18,15
32408,Tluoc,nemesis,1391,priest,discipline,47,25,22
32409,Smittën,barthilas,1390,priest,discipline,72,40,32
32410,Scortum,goldrinn,1390,priest,discipline,36,20,16
32411,Phayzz,area-52,1390,priest,discipline,123,63,60
32412,Chofis,nathrezim,1389,priest,discipline,36,24,12
32413,Xyló,area-52,1388,priest,discipline,118,65,53
32414,Cathêlay,bleeding-hollow,1388,priest,discipline,91,44,47
32415,Aimeé,chromaggus,1387,priest,discipline,96,40,56
32416,Krindil,korgath,1386,priest,discipline,107,60,47
32417,Unholywizard,sargeras,1386,priest,discipline,66,37,29
32418,Strawson,quelthalas,1386,priest,discipline,105,50,55
32419,Kobayashy,ragnaros,1385,priest,discipline,48,29,19
32420,Holyninfo,quelthalas,1385,priest,discipline,60,36,24
32421,Vexyy,tichondrius,1385,priest,discipline,32,19,13
32422,Kevarsin,dalaran,1385,priest,discipline,60,31,29
32423,Kìttý,cenarius,1385,priest,discipline,48,23,25
32424,Mursey,sargeras,1385,priest,discipline,111,51,60
32425,Laüren,ragnaros,1385,priest,discipline,103,46,57
32426,Atyourcervix,emerald-dream,1384,priest,discipline,32,20,12
32427,Tungus,shadowsong,1384,priest,discipline,97,51,46
32428,Misfyt,emerald-dream,1384,priest,discipline,78,40,38
32429,Itsme,quelthalas,1384,priest,discipline,77,36,41
32430,Victrix,tichondrius,1384,priest,discipline,118,51,67
32431,Icetraygang,suramar,1383,priest,discipline,386,204,182
32432,Arkenes,dalaran,1383,priest,discipline,78,41,37
32433,Kerahk,drakkari,1383,priest,discipline,44,20,24
32434,Wholeness,kelthuzad,1383,priest,discipline,48,21,27
32435,Holykushed,tichondrius,1382,priest,discipline,38,19,19
32436,Aurajade,queldorei,1382,priest,discipline,36,18,18
32437,Starshollow,ragnaros,1382,priest,discipline,111,53,58
32438,Shrax,emerald-dream,1382,priest,discipline,149,68,81
32439,Sukmysplooge,queldorei,1382,priest,discipline,66,28,38
32440,Tiskka,magtheridon,1382,priest,discipline,68,28,40
32441,Jamesxupttv,draenor,1381,priest,discipline,64,33,31
32442,Sílvia,durotan,1381,priest,discipline,60,28,32
32443,Moresbo,frostmourne,1380,priest,discipline,36,21,15
32444,Armî,ragnaros,1380,priest,discipline,82,39,43
32445,Jinniu,azralon,1380,priest,discipline,42,17,25
32446,Helarix,malganis,1379,priest,discipline,127,58,69
32447,Lìlí,tichondrius,1378,priest,discipline,60,31,29
32448,Joichua,sargeras,1378,priest,discipline,62,30,32
32449,Drhutchinson,illidan,1377,priest,discipline,30,16,14
32450,Oldris,darkspear,1377,priest,discipline,47,25,22
32451,Goosemongler,bleeding-hollow,1377,priest,discipline,36,18,18
32452,Lexinalis,stormrage,1376,priest,discipline,29,17,12
32453,Kallixprime,ragnaros,1376,priest,discipline,53,29,24
32454,Fádéd,tichondrius,1376,priest,discipline,29,15,14
32455,Feorlar,tichondrius,1376,priest,discipline,120,56,64
32456,Sixfiggas,darkspear,1375,priest,discipline,24,17,7
32457,Aldrych,malganis,1375,priest,discipline,61,35,26
32458,Gristus,twisting-nether,1375,priest,discipline,42,24,18
32459,Rickjames,laughing-skull,1375,priest,discipline,104,58,46
32460,Dlysexic,barthilas,1375,priest,discipline,66,35,31
32461,Palpitine,kiljaeden,1374,priest,discipline,66,35,31
32462,Drinkndrive,tichondrius,1374,priest,discipline,51,27,24
32463,Zombieheals,gundrak,1373,priest,discipline,53,27,26
32464,Quinnx,tichondrius,1373,priest,discipline,48,24,24
32465,Ohgiddyy,dalaran,1373,priest,discipline,42,17,25
32466,Halcyon,eonar,1372,priest,discipline,74,34,40
32467,Mauriel,proudmoore,1372,priest,discipline,42,19,23
32468,Avis,illidan,1371,priest,discipline,60,37,23
32469,Wildmanfrank,tichondrius,1371,priest,discipline,49,30,19
32470,Karazhan,burning-legion,1371,priest,discipline,44,19,25
32471,Ghostchant,thrall,1371,priest,discipline,35,15,20
32472,Methodist,proudmoore,1371,priest,discipline,94,39,55
32473,Glauga,azralon,1371,priest,discipline,42,17,25
32474,Miserable,emerald-dream,1371,priest,discipline,101,40,61
32475,Jìtters,silvermoon,1370,priest,discipline,36,17,19
32476,Growth,fizzcrank,1370,priest,discipline,72,26,46
32477,Devilwithin,moon-guard,1369,priest,discipline,47,28,19
32478,Kyoku,tanaris,1369,priest,discipline,47,27,20
32479,Honypot,ysondre,1369,priest,discipline,78,43,35
32480,Aarei,stormrage,1369,priest,discipline,30,16,14
32481,Onjah,kiljaeden,1369,priest,discipline,60,25,35
32482,Kms,sargeras,1368,priest,discipline,69,38,31
32483,Hellagud,kargath,1367,priest,discipline,54,31,23
32484,Pyta,frostmourne,1367,priest,discipline,62,32,30
32485,Unholyhand,moon-guard,1367,priest,discipline,60,27,33
32486,Voyou,icecrown,1367,priest,discipline,117,51,66
32487,Endereth,skullcrusher,1366,priest,discipline,306,144,162
32488,Solsano,stormrage,1365,priest,discipline,76,44,32
32489,Angelicus,ragnaros,1365,priest,discipline,210,109,101
32490,Idel,runetotem,1365,priest,discipline,36,16,20
32491,Halfyo,dragonmaw,1363,priest,discipline,90,49,41
32492,Donzorro,ragnaros,1363,priest,discipline,93,48,45
32493,Goatspriesta,kelthuzad,1363,priest,discipline,32,15,17
32494,Nancya,stormrage,1362,priest,discipline,21,15,6
32495,Holyjibs,moon-guard,1362,priest,discipline,37,26,11
32496,Dokthekim,frostmourne,1362,priest,discipline,56,29,27
32497,Füuzin,stormrage,1362,priest,discipline,66,34,32
32498,Sinnertitanz,quelthalas,1361,priest,discipline,90,46,44
32499,Temkcalb,ragnaros,1361,priest,discipline,90,46,44
32500,Rakpriest,nerzhul,1360,priest,discipline,43,29,14
32501,Curasia,drakkari,1360,priest,discipline,57,37,20
32502,Andariel,quelthalas,1360,priest,discipline,42,27,15
32503,Trummp,tichondrius,1359,priest,discipline,75,40,35
32504,Powerwordzz,dragonmaw,1359,priest,discipline,72,36,36
32505,Crashed,frostmourne,1359,priest,discipline,54,25,29
32506,Crucïfïx,stormrage,1358,priest,discipline,70,41,29
32507,Nexoox,drakkari,1358,priest,discipline,42,23,19
32508,Rickitz,bleeding-hollow,1358,priest,discipline,48,26,22
32509,Tûbes,trollbane,1358,priest,discipline,101,42,59
32510,Replacednewb,chogall,1357,priest,discipline,57,30,27
32511,Eiju,proudmoore,1357,priest,discipline,42,19,23
32512,Aerdune,dalaran,1356,priest,discipline,68,36,32
32513,Smirkinlive,illidan,1356,priest,discipline,51,27,24
32514,Empower,garrosh,1355,priest,discipline,45,29,16
32515,Vhexz,sargeras,1355,priest,discipline,56,36,20
32516,Matchakatt,tichondrius,1355,priest,discipline,65,41,24
32517,Kymmei,warsong,1354,priest,discipline,30,15,15
32518,Msdash,tichondrius,1353,priest,discipline,42,23,19
32519,Srwilly,ragnaros,1353,priest,discipline,87,47,40
32520,Renews,azralon,1353,priest,discipline,52,28,24
32521,Rêvelation,trollbane,1353,priest,discipline,159,85,74
32522,Mateekie,malganis,1352,priest,discipline,43,24,19
32523,Såge,chogall,1352,priest,discipline,264,141,123
32524,Rookieone,thrall,1352,priest,discipline,83,41,42
32525,Chìbiusa,gurubashi,1352,priest,discipline,106,52,54
32526,Hootin,whisperwind,1351,priest,discipline,62,35,27
32527,Risedead,azralon,1351,priest,discipline,132,70,62
32528,Saegusa,tichondrius,1351,priest,discipline,76,35,41
32529,Pagän,illidan,1349,priest,discipline,45,25,20
32530,Camisoda,smolderthorn,1349,priest,discipline,28,15,13
32531,Yeshùa,drakkari,1349,priest,discipline,125,59,66
32532,Beñzi,sargeras,1348,priest,discipline,26,16,10
32533,Howdydoo,azshara,1348,priest,discipline,73,33,40
32534,Dxskadi,stormrage,1348,priest,discipline,156,68,88
32535,Rrain,proudmoore,1348,priest,discipline,41,17,24
32536,Zóe,eredar,1347,priest,discipline,58,32,26
32537,Revreal,thrall,1346,priest,discipline,48,25,23
32538,Sistamaggie,bleeding-hollow,1346,priest,discipline,72,35,37
32539,Anymoon,tichondrius,1345,priest,discipline,90,49,41
32540,Pelagius,suramar,1345,priest,discipline,44,19,25
32541,Canharm,tichondrius,1345,priest,discipline,61,25,36
32542,ßræcher,black-dragonflight,1344,priest,discipline,36,24,12
32543,Hoppus,stormrage,1344,priest,discipline,90,44,46
32544,Scaloni,proudmoore,1343,priest,discipline,29,18,11
32545,Pactosombrio,azralon,1343,priest,discipline,123,73,50
32546,Textmepls,barthilas,1343,priest,discipline,54,32,22
32547,Mthwz,tichondrius,1343,priest,discipline,24,14,10
32548,Elciid,tichondrius,1343,priest,discipline,24,14,10
32549,Swaggie,skullcrusher,1343,priest,discipline,24,14,10
32550,Epicp,sargeras,1343,priest,discipline,24,14,10
32551,Censyz,tichondrius,1343,priest,discipline,24,14,10
32552,Fadewench,sargeras,1343,priest,discipline,41,21,20
32553,Lucsor,malganis,1343,priest,discipline,119,60,59
32554,Míssdank,tichondrius,1343,priest,discipline,36,18,18
32555,Mitoloshi,ragnaros,1343,priest,discipline,126,61,65
32556,Crazykitsune,thaurissan,1342,priest,discipline,42,27,15
32557,Lawroade,tichondrius,1342,priest,discipline,67,36,31
32558,Metaverse,lightbringer,1342,priest,discipline,27,14,13
32559,Cella,frostmourne,1342,priest,discipline,30,15,15
32560,Gnralways,andorhal,1342,priest,discipline,81,37,44
32561,Goseoa,tichondrius,1342,priest,discipline,60,24,36
32562,Redcoolaid,moon-guard,1341,priest,discipline,24,14,10
32563,Carlita,ravenholdt,1341,priest,discipline,24,14,10
32564,Zoap,stormrage,1341,priest,discipline,60,26,34
32565,Saintpleb,sargeras,1340,priest,discipline,18,14,4
32566,Gnomelester,kiljaeden,1340,priest,discipline,36,21,15
32567,Teiam,skullcrusher,1340,priest,discipline,24,14,10
32568,Phonomena,malganis,1340,priest,discipline,162,85,77
32569,Bionix,stormrage,1340,priest,discipline,72,37,35
32570,Storylord,malganis,1340,priest,discipline,30,14,16
32571,Vonpaolo,emerald-dream,1339,priest,discipline,18,14,4
32572,Hollowsp,tichondrius,1339,priest,discipline,30,14,16
32573,Hrdz,zuljin,1338,priest,discipline,24,14,10
32574,Vehlind,quelthalas,1338,priest,discipline,101,52,49
32575,Krané,area-52,1338,priest,discipline,57,29,28
32576,Kasiry,ragnaros,1338,priest,discipline,78,38,40
32577,Lildubs,bloodhoof,1337,priest,discipline,18,14,4
32578,Knoskeezy,proudmoore,1337,priest,discipline,18,14,4
32579,Seniro,tichondrius,1337,priest,discipline,42,27,15
32580,Fatherßrian,draktharon,1337,priest,discipline,72,41,31
32581,Theboogieman,magtheridon,1337,priest,discipline,89,48,41
32582,Muuq,frostmourne,1337,priest,discipline,221,110,111
32583,Monâ,sargeras,1337,priest,discipline,30,14,16
32584,Foxspritques,area-52,1337,priest,discipline,58,16,42
32585,Lilazngirl,stormrage,1336,priest,discipline,30,19,11
32586,Devout,dentarg,1336,priest,discipline,24,14,10
32587,Mamabless,quelthalas,1336,priest,discipline,604,304,300
32588,Flatëarth,tichondrius,1336,priest,discipline,337,161,176
32589,Metagameswag,tichondrius,1335,priest,discipline,24,14,10
32590,Warmth,moon-guard,1335,priest,discipline,75,42,33
32591,Krukam,sargeras,1335,priest,discipline,84,47,37
32592,Papafajita,area-52,1335,priest,discipline,30,14,16
32593,Shadina,gorefiend,1335,priest,discipline,36,14,22
32594,Pherïox,drakkari,1334,priest,discipline,36,19,17
32595,Talbadontu,thrall,1334,priest,discipline,42,22,20
32596,Erossenin,proudmoore,1334,priest,discipline,30,15,15
32597,Dederpriest,stormrage,1333,priest,discipline,18,14,4
32598,Qoon,tichondrius,1333,priest,discipline,24,14,10
32599,Koopy,kiljaeden,1333,priest,discipline,30,14,16
32600,Rblood,emerald-dream,1332,priest,discipline,54,33,21
32601,Oomed,bonechewer,1332,priest,discipline,147,73,74
32602,Marshpillow,barthilas,1332,priest,discipline,30,14,16
32603,Müsic,stormrage,1331,priest,discipline,24,14,10
32604,Noveh,tichondrius,1331,priest,discipline,36,17,19
32605,Bigskill,proudmoore,1331,priest,discipline,48,21,27
32606,Piskel,vashj,1331,priest,discipline,48,18,30
32607,Lily,blackrock,1330,priest,discipline,18,14,4
32608,Rhayzel,ragnaros,1330,priest,discipline,54,36,18
32609,Bathenape,bleeding-hollow,1330,priest,discipline,40,23,17
32610,Holyfromrmp,tichondrius,1330,priest,discipline,72,35,37
32611,Gamepass,tichondrius,1330,priest,discipline,30,14,16
32612,Decline,balnazzar,1330,priest,discipline,30,14,16
32613,Náay,ragnaros,1329,priest,discipline,47,30,17
32614,Xuun,illidan,1329,priest,discipline,71,42,29
32615,Emotionless,bonechewer,1329,priest,discipline,140,75,65
32616,Mpshield,kiljaeden,1328,priest,discipline,37,22,15
32617,Themoon,tichondrius,1328,priest,discipline,24,14,10
32618,Raydz,altar-of-storms,1327,priest,discipline,266,127,139
32619,ßlackøut,sargeras,1327,priest,discipline,30,14,16
32620,Nêrô,dalaran,1327,priest,discipline,66,29,37
32621,Kazandraah,quelthalas,1326,priest,discipline,30,19,11
32622,Shenanigans,illidan,1326,priest,discipline,23,14,9
32623,Danrien,azralon,1326,priest,discipline,34,20,14
32624,Healmedaddyy,korgath,1326,priest,discipline,207,99,108
32625,Juliusceazer,skywall,1325,priest,discipline,128,73,55
32626,Hunanbeef,kiljaeden,1325,priest,discipline,100,48,52
32627,Durgen,stormreaver,1325,priest,discipline,43,20,23
32628,Zapix,tichondrius,1325,priest,discipline,36,15,21
32629,Blessedelf,tichondrius,1325,priest,discipline,66,26,40
32630,Edmust,black-dragonflight,1324,priest,discipline,24,14,10
32631,Rvxy,tichondrius,1324,priest,discipline,84,42,42
32632,Plasmax,ragnaros,1324,priest,discipline,56,19,37
32633,Senpriest,ragnaros,1323,priest,discipline,24,14,10
32634,Xerzosh,area-52,1323,priest,discipline,154,81,73
32635,Mtito,drakkari,1323,priest,discipline,31,16,15
32636,Jaysontatum,gurubashi,1323,priest,discipline,33,17,16
32637,Zawi,zuljin,1323,priest,discipline,103,50,53
32638,Bedläm,kilrogg,1323,priest,discipline,54,23,31
32639,Heltor,sargeras,1323,priest,discipline,66,25,41
32640,Kaeshia,proudmoore,1322,priest,discipline,30,18,12
32641,Gariell,ragnaros,1322,priest,discipline,24,14,10
32642,Greif,garrosh,1322,priest,discipline,36,19,17
32643,Gimmedomex,tichondrius,1321,priest,discipline,50,29,21
32644,Xtty,thrall,1321,priest,discipline,31,15,16
32645,Lavazzå,tichondrius,1320,priest,discipline,24,14,10
32646,Powerwordshy,area-52,1320,priest,discipline,30,14,16
32647,Ammcho,tichondrius,1320,priest,discipline,36,14,22
32648,Sterycraiied,stormreaver,1319,priest,discipline,36,26,10
32649,Mkowns,tichondrius,1319,priest,discipline,24,14,10
32650,Nadiaxo,moon-guard,1319,priest,discipline,65,35,30
32651,Nøzmonica,kelthuzad,1319,priest,discipline,32,15,17
32652,Snoog,tichondrius,1318,priest,discipline,42,14,28
32653,Silnetlee,tichondrius,1317,priest,discipline,24,14,10
32654,Neutrino,quelthalas,1317,priest,discipline,29,14,15
32655,Ripscrew,area-52,1316,priest,discipline,24,14,10
32656,Malevolently,illidan,1316,priest,discipline,137,62,75
32657,Eblis,the-underbog,1316,priest,discipline,57,22,35
32658,Myds,sargeras,1315,priest,discipline,18,14,4
32659,Khallmir,goldrinn,1315,priest,discipline,54,30,24
32660,Eleeira,zuljin,1315,priest,discipline,42,18,24
32661,Eirenth,bleeding-hollow,1314,priest,discipline,46,32,14
32662,Thelondon,tichondrius,1314,priest,discipline,27,15,12
32663,Flab,tichondrius,1314,priest,discipline,30,15,15
32664,Darkquinn,boulderfist,1314,priest,discipline,272,126,146
32665,Blaydun,elune,1313,priest,discipline,114,66,48
32666,Moontearss,tichondrius,1313,priest,discipline,48,25,23
32667,Yürika,emerald-dream,1313,priest,discipline,84,33,51
32668,Mynigajeff,zuljin,1312,priest,discipline,68,33,35
32669,Huck,khazgoroth,1312,priest,discipline,42,19,23
32670,Discgolfsux,sargeras,1312,priest,discipline,68,29,39
32671,Jsuschristix,zuljin,1311,priest,discipline,36,23,13
32672,Médic,guldan,1311,priest,discipline,30,17,13
32673,Ophailea,thrall,1311,priest,discipline,54,30,24
32674,Peavzian,kiljaeden,1311,priest,discipline,64,30,34
32675,Goodwin,darkspear,1310,priest,discipline,48,29,19
32676,Chîna,hyjal,1310,priest,discipline,126,76,50
32677,Conney,mugthol,1310,priest,discipline,24,14,10
32678,Leprêtre,hakkar,1310,priest,discipline,30,16,14
32679,Eclìpsè,barthilas,1310,priest,discipline,50,23,27
32680,Yunganal,sargeras,1309,priest,discipline,30,17,13
32681,Sublîme,sargeras,1309,priest,discipline,84,45,39
32682,Jestiann,aegwynn,1309,priest,discipline,207,109,98
32683,Mellerwine,azralon,1309,priest,discipline,382,198,184
32684,Súlfuro,quelthalas,1309,priest,discipline,119,60,59
32685,Malarkie,sargeras,1309,priest,discipline,30,14,16
32686,Jaskil,skywall,1308,priest,discipline,78,42,36
32687,Zenthaz,thrall,1308,priest,discipline,60,31,29
32688,Booyâh,muradin,1308,priest,discipline,54,27,27
32689,Majesticar,moon-guard,1307,priest,discipline,30,20,10
32690,Rompenepes,drakkari,1307,priest,discipline,24,14,10
32691,Soaphia,kelthuzad,1307,priest,discipline,120,68,52
32692,Tyreliy,eitrigg,1307,priest,discipline,187,95,92
32693,Médíc,dalaran,1307,priest,discipline,63,32,31
32694,Jinicuil,quelthalas,1307,priest,discipline,54,25,29
32695,Dominie,area-52,1306,priest,discipline,18,14,4
32696,Aesudan,dalaran,1306,priest,discipline,51,27,24
32697,Priestgobrr,emerald-dream,1305,priest,discipline,50,30,20
32698,Ruthlèss,ragnaros,1305,priest,discipline,54,28,26
32699,Filterd,azshara,1305,priest,discipline,30,14,16
32700,Exploded,moon-guard,1305,priest,discipline,85,34,51
32701,Vandaley,tichondrius,1304,priest,discipline,30,19,11
32702,Nooice,dalaran,1304,priest,discipline,30,14,16
32703,Mommyshere,vashj,1303,priest,discipline,65,38,27
32704,Dahrwin,thrall,1303,priest,discipline,42,24,18
32705,Paidessanto,azralon,1303,priest,discipline,98,55,43
32706,Invocational,moon-guard,1303,priest,discipline,111,58,53
32707,ßoogey,tichondrius,1303,priest,discipline,47,22,25
32708,Gustavustus,barthilas,1303,priest,discipline,42,14,28
32709,Namî,barthilas,1302,priest,discipline,209,111,98
32710,Dalowks,area-52,1302,priest,discipline,54,24,30
32711,Poorass,sargeras,1301,priest,discipline,30,19,11
32712,Souriel,tichondrius,1301,priest,discipline,96,51,45
32713,Aedarelyn,ysera,1301,priest,discipline,42,22,20
32714,Helibix,bleeding-hollow,1301,priest,discipline,162,74,88
32715,Evilnyllah,stormrage,1300,priest,discipline,32,20,12
32716,Gäindalt,tichondrius,1300,priest,discipline,30,18,12
32717,Gurbooz,illidan,1300,priest,discipline,62,35,27
32718,Tarny,tichondrius,1298,priest,discipline,46,29,17
32719,Sinnon,turalyon,1298,priest,discipline,36,19,17
32720,Bandagebabe,sargeras,1298,priest,discipline,36,15,21
32721,Timeglass,kelthuzad,1297,priest,discipline,47,26,21
32722,Mechahomo,dalaran,1297,priest,discipline,52,28,24
32723,Volkova,quelthalas,1296,priest,discipline,48,26,22
32724,Sòraka,tichondrius,1296,priest,discipline,130,65,65
32725,Dabbinton,chogall,1296,priest,discipline,52,26,26
32726,What,moon-guard,1296,priest,discipline,120,58,62
32727,Hydramîst,ragnaros,1296,priest,discipline,36,15,21
32728,Mchinder,tanaris,1295,priest,discipline,85,46,39
32729,Fenian,frostmourne,1295,priest,discipline,123,60,63
32730,Aveil,bloodscalp,1293,priest,discipline,40,22,18
32731,Travita,quelthalas,1293,priest,discipline,54,29,25
32732,Poefosho,stormrage,1293,priest,discipline,172,85,87
32733,Theheal,ragnaros,1293,priest,discipline,57,19,38
32734,Dadthegreat,bonechewer,1292,priest,discipline,42,25,17
32735,Durtybubz,tichondrius,1292,priest,discipline,143,80,63
32736,Usmond,azralon,1292,priest,discipline,48,23,25
32737,Cyphrus,hyjal,1292,priest,discipline,35,15,20
32738,Pêrsephône,tichondrius,1291,priest,discipline,198,96,102
32739,Unfriend,sargeras,1291,priest,discipline,48,22,26
32740,Rakket,moon-guard,1291,priest,discipline,36,16,20
32741,Soulclap,sargeras,1291,priest,discipline,35,14,21
32742,Lyxx,kelthuzad,1290,priest,discipline,22,15,7
32743,Elixia,maiev,1290,priest,discipline,70,38,32
32744,Avarice,magtheridon,1289,priest,discipline,40,24,16
32745,Cubski,darkspear,1289,priest,discipline,31,15,16
32746,Holyrotape,nemesis,1289,priest,discipline,51,21,30
32747,Troublmaker,illidan,1288,priest,discipline,46,24,22
32748,Rondebarber,thunderlord,1288,priest,discipline,60,29,31
32749,Bibops,area-52,1288,priest,discipline,37,15,22
32750,Swu,tichondrius,1287,priest,discipline,38,15,23
32751,Iwonthealu,senjin,1286,priest,discipline,30,16,14
32752,Khaleth,suramar,1286,priest,discipline,48,20,28
32753,Prelate,moon-guard,1286,priest,discipline,36,15,21
32754,Morningzz,tichondrius,1286,priest,discipline,78,32,46
32755,Thalyssarah,azralon,1286,priest,discipline,35,14,21
32756,Rôxxy,thrall,1285,priest,discipline,48,27,21
32757,Holymagic,lightnings-blade,1285,priest,discipline,41,23,18
32758,Snowinvan,tichondrius,1285,priest,discipline,47,26,21
32759,Nanabritches,moon-guard,1285,priest,discipline,133,71,62
32760,Brounly,drakkari,1285,priest,discipline,72,36,36
32761,Yayoo,exodar,1285,priest,discipline,33,16,17
32762,Nenemsis,drakkari,1285,priest,discipline,38,16,22
32763,Boibussy,tichondrius,1285,priest,discipline,36,15,21
32764,Dolm,tichondrius,1284,priest,discipline,250,124,126
32765,Voodooloa,tichondrius,1284,priest,discipline,72,26,46
32766,Voidmaker,area-52,1284,priest,discipline,48,17,31
32767,Antxres,sargeras,1283,priest,discipline,29,14,15
32768,Penancepapi,stormrage,1283,priest,discipline,30,14,16
32769,Rotass,hyjal,1282,priest,discipline,96,51,45
32770,Gorechop,aegwynn,1282,priest,discipline,40,17,23
32771,Presto,kalecgos,1281,priest,discipline,24,19,5
32772,Laggin,queldorei,1281,priest,discipline,23,16,7
32773,Crackneesha,tichondrius,1281,priest,discipline,30,19,11
32774,Rashad,proudmoore,1281,priest,discipline,71,41,30
32775,Pico,spirestone,1281,priest,discipline,54,30,24
32776,Dismybracket,tichondrius,1281,priest,discipline,42,20,22
32777,Lifeswap,area-52,1281,priest,discipline,54,21,33
32778,Touchér,whisperwind,1280,priest,discipline,29,14,15
32779,Tursai,frostmourne,1280,priest,discipline,36,15,21
32780,Phaille,chromaggus,1279,priest,discipline,152,82,70
32781,Briefs,stormrage,1278,priest,discipline,21,15,6
32782,Goingserious,frostmourne,1278,priest,discipline,183,101,82
32783,Bloodsorrow,ragnaros,1278,priest,discipline,72,39,33
32784,Kakao,stormreaver,1278,priest,discipline,120,51,69
32785,Sanarion,area-52,1277,priest,discipline,36,22,14
32786,Lamont,archimonde,1277,priest,discipline,38,14,24
32787,Brooklyn,draka,1276,priest,discipline,18,14,4
32788,Gungagingong,queldorei,1276,priest,discipline,66,38,28
32789,Finake,kelthuzad,1276,priest,discipline,85,48,37
32790,Pegwraith,sargeras,1276,priest,discipline,34,16,18
32791,Fairylìght,stormrage,1276,priest,discipline,67,24,43
32792,Lowkii,malfurion,1275,priest,discipline,35,17,18
32793,Orìsel,wyrmrest-accord,1274,priest,discipline,147,69,78
32794,Nylaza,kiljaeden,1274,priest,discipline,71,28,43
32795,Boocharni,wyrmrest-accord,1273,priest,discipline,48,28,20
32796,Vancake,quelthalas,1273,priest,discipline,216,101,115
32797,Medo,dalaran,1272,priest,discipline,64,34,30
32798,Hideyourkids,stormreaver,1272,priest,discipline,60,27,33
32799,Lîghtsaber,illidan,1272,priest,discipline,46,16,30
32800,Testament,greymane,1271,priest,discipline,170,83,87
32801,Healmegently,bonechewer,1271,priest,discipline,45,15,30
32802,Themøn,quelthalas,1270,priest,discipline,30,16,14
32803,Markspell,stormrage,1270,priest,discipline,145,77,68
32804,Derlanger,frostmourne,1270,priest,discipline,48,25,23
32805,Mythica,gurubashi,1270,priest,discipline,212,110,102
32806,Foose,suramar,1270,priest,discipline,48,23,25
32807,Bröke,nemesis,1269,priest,discipline,96,52,44
32808,Twotimechamp,azshara,1269,priest,discipline,50,26,24
32809,Termiina,hyjal,1269,priest,discipline,85,41,44
32810,Phenic,aggramar,1269,priest,discipline,35,14,21
32811,Snekboy,hakkar,1268,priest,discipline,66,41,25
32812,Jjayleroux,hyjal,1268,priest,discipline,54,26,28
32813,Masochist,barthilas,1267,priest,discipline,133,75,58
32814,Boostvoid,terenas,1267,priest,discipline,138,76,62
32815,Sojumike,proudmoore,1267,priest,discipline,60,31,29
32816,Köto,dalaran,1267,priest,discipline,77,39,38
32817,Aggravating,mugthol,1267,priest,discipline,176,89,87
32818,Karaasbull,tichondrius,1266,priest,discipline,34,19,15
32819,Miraz,the-venture-co,1266,priest,discipline,53,29,24
32820,Xavaat,nerzhul,1266,priest,discipline,84,38,46
32821,Ahane,wyrmrest-accord,1266,priest,discipline,36,15,21
32822,Penitentrowr,illidan,1265,priest,discipline,77,40,37
32823,Vøidroid,malganis,1265,priest,discipline,30,14,16
32824,Aipata,stormrage,1264,priest,discipline,68,38,30
32825,Karnival,aggramar,1264,priest,discipline,48,23,25
32826,Raisonpriest,tichondrius,1264,priest,discipline,182,87,95
32827,Keskima,malganis,1263,priest,discipline,81,51,30
32828,Kethal,area-52,1263,priest,discipline,37,19,18
32829,Toorshul,tichondrius,1262,priest,discipline,48,26,22
32830,Wise,wildhammer,1262,priest,discipline,70,37,33
32831,Saràh,stormscale,1262,priest,discipline,94,43,51
32832,Reindharth,quelthalas,1262,priest,discipline,90,38,52
32833,Kristt,thrall,1262,priest,discipline,41,16,25
32834,Emlix,tichondrius,1262,priest,discipline,42,14,28
32835,Barrieroflig,tichondrius,1261,priest,discipline,45,25,20
32836,Fesix,akama,1261,priest,discipline,36,20,16
32837,Vanszz,area-52,1260,priest,discipline,54,26,28
32838,Alawn,wyrmrest-accord,1259,priest,discipline,120,52,68
32839,Atelios,azralon,1258,priest,discipline,30,20,10
32840,Kymosolop,sargeras,1258,priest,discipline,25,14,11
32841,Skall,kirin-tor,1258,priest,discipline,41,21,20
32842,Capricornio,nemesis,1258,priest,discipline,60,30,30
32843,Saadboii,thrall,1257,priest,discipline,61,31,30
32844,Dralaan,proudmoore,1257,priest,discipline,92,44,48
32845,Kenzao,nemesis,1257,priest,discipline,64,30,34
32846,Lge,kelthuzad,1257,priest,discipline,31,14,17
32847,Dartonya,thrall,1257,priest,discipline,36,15,21
32848,Xmasmiracle,korgath,1256,priest,discipline,94,54,40
32849,Nìght,trollbane,1256,priest,discipline,102,54,48
32850,Pottime,tichondrius,1255,priest,discipline,44,25,19
32851,Knifê,moon-guard,1255,priest,discipline,108,54,54
32852,Thotznprayrz,bleeding-hollow,1254,priest,discipline,36,23,13
32853,Ðelight,ragnaros,1254,priest,discipline,72,36,36
32854,Boojanglez,exodar,1254,priest,discipline,36,18,18
32855,Nometh,emerald-dream,1254,priest,discipline,84,34,50
32856,Chavkoraken,stormrage,1254,priest,discipline,38,15,23
32857,Saviorsélf,tichondrius,1253,priest,discipline,162,76,86
32858,Rbgeezus,lightnings-blade,1252,priest,discipline,113,57,56
32859,Nightmxs,tichondrius,1252,priest,discipline,54,25,29
32860,Këyglock,kelthuzad,1252,priest,discipline,252,111,141
32861,Mannius,tichondrius,1251,priest,discipline,106,49,57
32862,Dosarix,sargeras,1250,priest,discipline,40,23,17
32863,Zaroki,sargeras,1249,priest,discipline,24,14,10
32864,Thoughtcrime,doomhammer,1249,priest,discipline,62,31,31
32865,Lalaliza,kelthuzad,1248,priest,discipline,24,13,11
32866,Frikapp,stormrage,1248,priest,discipline,24,13,11
32867,Allhubris,stormrage,1248,priest,discipline,24,13,11
32868,Haø,stormrage,1248,priest,discipline,302,147,155
32869,Zumbaoqepdqt,quelthalas,1248,priest,discipline,54,24,30
32870,Webbii,frostmourne,1248,priest,discipline,48,21,27
32871,Curiosities,kiljaeden,1248,priest,discipline,30,13,17
32872,Kayern,kelthuzad,1247,priest,discipline,18,13,5
32873,Iatemykids,tichondrius,1247,priest,discipline,24,13,11
32874,Lvcia,thrall,1247,priest,discipline,70,35,35
32875,Mastahspell,illidan,1247,priest,discipline,30,13,17
32876,Pce,korialstrasz,1247,priest,discipline,34,13,21
32877,Picurry,frostmourne,1246,priest,discipline,24,13,11
32878,Peacetreaty,bleeding-hollow,1246,priest,discipline,24,13,11
32879,Undevout,tichondrius,1246,priest,discipline,24,13,11
32880,Iol,spinebreaker,1246,priest,discipline,30,13,17
32881,Akuhei,illidan,1245,priest,discipline,18,13,5
32882,Keepfit,proudmoore,1245,priest,discipline,52,29,23
32883,Armspriest,stormrage,1245,priest,discipline,59,31,28
32884,Alphôn,bleeding-hollow,1245,priest,discipline,30,13,17
32885,Youaint,sargeras,1245,priest,discipline,30,13,17
32886,Epophy,stormrage,1244,priest,discipline,18,13,5
32887,Lesx,tichondrius,1244,priest,discipline,24,13,11
32888,Elivice,ragnaros,1244,priest,discipline,24,13,11
32889,Kantareller,tichondrius,1244,priest,discipline,148,80,68
32890,Seí,barthilas,1244,priest,discipline,30,13,17
32891,Tubrisildris,zuljin,1244,priest,discipline,30,13,17
32892,Gomer,stormrage,1243,priest,discipline,24,14,10
32893,Bingoreferee,kelthuzad,1243,priest,discipline,24,13,11
32894,Haetas,zuljin,1243,priest,discipline,30,13,17
32895,Cyaja,moon-guard,1243,priest,discipline,31,13,18
32896,Okiin,malganis,1243,priest,discipline,36,13,23
32897,Meiev,quelthalas,1243,priest,discipline,36,13,23
32898,Twixicecream,sargeras,1242,priest,discipline,18,13,5
32899,Fleshsack,area-52,1242,priest,discipline,24,13,11
32900,Sofhya,ragnaros,1242,priest,discipline,112,58,54
32901,Grapës,jubeithos,1242,priest,discipline,48,23,25
32902,Gumiho,drakkari,1242,priest,discipline,59,28,31
32903,Breeannà,doomhammer,1242,priest,discipline,34,16,18
32904,Cuddly,shandris,1242,priest,discipline,119,54,65
32905,Kukion,uldum,1242,priest,discipline,30,13,17
32906,Touchyouboy,stormrage,1242,priest,discipline,35,15,20
32907,Quickq,barthilas,1241,priest,discipline,42,24,18
32908,Frotters,kiljaeden,1241,priest,discipline,24,13,11
32909,Healaryduff,skullcrusher,1241,priest,discipline,24,13,11
32910,Hanuloa,tichondrius,1241,priest,discipline,78,41,37
32911,Radgars,frostmourne,1241,priest,discipline,49,24,25
32912,Harborcoat,whisperwind,1241,priest,discipline,35,14,21
32913,Wantsumcandy,illidan,1240,priest,discipline,102,61,41
32914,Creòle,area-52,1240,priest,discipline,24,13,11
32915,Rando,shattered-halls,1240,priest,discipline,59,28,31
32916,Arodar,wyrmrest-accord,1240,priest,discipline,30,14,16
32917,Spacegrassfx,bleeding-hollow,1239,priest,discipline,24,14,10
32918,Sadury,tichondrius,1239,priest,discipline,240,132,108
32919,Discobish,sargeras,1239,priest,discipline,30,13,17
32920,Sunwalken,stormrage,1239,priest,discipline,30,13,17
32921,Skylark,bronzebeard,1239,priest,discipline,36,13,23
32922,Jawdypriest,barthilas,1238,priest,discipline,26,20,6
32923,Dics,barthilas,1238,priest,discipline,18,13,5
32924,Saviorkaï,barthilas,1238,priest,discipline,45,25,20
32925,Karmapi,malganis,1238,priest,discipline,24,13,11
32926,Wisher,gorefiend,1238,priest,discipline,41,22,19
32927,Cvstodia,tichondrius,1238,priest,discipline,30,16,14
32928,Xsqt,stormrage,1238,priest,discipline,60,31,29
32929,Cathiah,darkspear,1238,priest,discipline,185,91,94
32930,Misaosan,azralon,1238,priest,discipline,60,29,31
32931,Fumes,ghostlands,1238,priest,discipline,138,66,72
32932,Kìn,tol-barad,1238,priest,discipline,36,14,22
32933,Jesstor,frostmourne,1237,priest,discipline,24,13,11
32934,Lätöxïkä,alleria,1237,priest,discipline,53,26,27
32935,Xuxao,azralon,1237,priest,discipline,35,15,20
32936,Azuremissile,tichondrius,1236,priest,discipline,18,13,5
32937,Tdmheals,zuluhed,1236,priest,discipline,36,25,11
32938,Holycoww,lightnings-blade,1236,priest,discipline,24,13,11
32939,Whitesharks,tichondrius,1236,priest,discipline,24,13,11
32940,Holyren,sargeras,1236,priest,discipline,134,69,65
32941,Gregorovich,ragnaros,1236,priest,discipline,59,27,32
32942,Digop,azralon,1236,priest,discipline,36,13,23
32943,Nerylia,stormrage,1235,priest,discipline,18,13,5
32944,Deadlydocc,illidan,1235,priest,discipline,39,23,16
32945,Kideater,quelthalas,1235,priest,discipline,24,13,11
32946,Bonkerwaffle,kelthuzad,1235,priest,discipline,54,29,25
32947,Betrthenadam,bleeding-hollow,1235,priest,discipline,66,32,34
32948,Duatneter,quelthalas,1235,priest,discipline,84,39,45
32949,Rhennythal,tichondrius,1235,priest,discipline,30,13,17
32950,Tossôff,proudmoore,1234,priest,discipline,18,13,5
32951,Hobbs,trollbane,1234,priest,discipline,48,24,24
32952,Burpees,dalaran,1234,priest,discipline,52,23,29
32953,Ickarus,anubarak,1233,priest,discipline,90,49,41
32954,Kinkypriest,tichondrius,1233,priest,discipline,24,13,11
32955,Dårc,tichondrius,1233,priest,discipline,113,58,55
32956,Xpera,dalaran,1233,priest,discipline,185,89,96
32957,Anöa,emerald-dream,1233,priest,discipline,36,16,20
32958,Tigop,alleria,1232,priest,discipline,24,13,11
32959,Tempgnome,stonemaul,1232,priest,discipline,137,68,69
32960,Chernota,kiljaeden,1232,priest,discipline,30,13,17
32961,Xora,frostmourne,1232,priest,discipline,36,13,23
32962,Kuroyanagi,ragnaros,1232,priest,discipline,36,13,23
32963,Demimang,emerald-dream,1231,priest,discipline,30,13,17
32964,Holyxb,bleeding-hollow,1231,priest,discipline,36,13,23
32965,Shïtheals,frostmourne,1230,priest,discipline,42,25,17
32966,Ermec,azralon,1230,priest,discipline,30,13,17
32967,Ón,tichondrius,1230,priest,discipline,30,13,17
32968,Tokoyo,sargeras,1229,priest,discipline,18,13,5
32969,Riotgearmd,sargeras,1229,priest,discipline,30,17,13
32970,Wanaatlarboy,dark-iron,1229,priest,discipline,41,23,18
32971,Lichae,ragnaros,1229,priest,discipline,48,24,24
32972,Kurtsheals,destromath,1228,priest,discipline,60,31,29
32973,Krypticus,tichondrius,1227,priest,discipline,54,31,23
32974,Aape,frostmourne,1227,priest,discipline,24,13,11
32975,Swolequadz,elune,1227,priest,discipline,38,20,18
32976,Senliastra,medivh,1226,priest,discipline,30,18,12
32977,Dispelbot,kelthuzad,1226,priest,discipline,124,71,53
32978,Pavarotti,laughing-skull,1226,priest,discipline,44,19,25
32979,Gurbooz,tichondrius,1225,priest,discipline,77,35,42
32980,Bendoverbb,tichondrius,1225,priest,discipline,30,13,17
32981,Kapriestun,tichondrius,1224,priest,discipline,66,37,29
32982,Inferis,ragnaros,1223,priest,discipline,381,190,191
32983,Castnngcouch,tichondrius,1223,priest,discipline,217,103,114
32984,Fearufaraway,tichondrius,1223,priest,discipline,36,13,23
32985,Ahitaro,ragnaros,1223,priest,discipline,60,18,42
32986,Healtomuch,nagrand,1222,priest,discipline,96,46,50
32987,Kosiris,stormrage,1222,priest,discipline,102,41,61
32988,Hoffmanx,emerald-dream,1221,priest,discipline,24,13,11
32989,Moresex,azralon,1221,priest,discipline,55,27,28
32990,Ktqt,moon-guard,1221,priest,discipline,235,115,120
32991,Dittless,stormrage,1221,priest,discipline,60,29,31
32992,Zadae,area-52,1220,priest,discipline,63,34,29
32993,Sheriff,lightbringer,1220,priest,discipline,138,73,65
32994,Sluttiness,tichondrius,1220,priest,discipline,42,22,20
32995,Pòba,malganis,1220,priest,discipline,30,13,17
32996,Alphe,sargeras,1219,priest,discipline,24,13,11
32997,Séraphin,proudmoore,1219,priest,discipline,37,16,21
32998,Jic,barthilas,1219,priest,discipline,66,25,41
32999,Tonesandi,malganis,1218,priest,discipline,24,13,11
33000,Nonamegame,sargeras,1218,priest,discipline,78,42,36
33001,Cypress,dreadmaul,1218,priest,discipline,162,87,75
33002,Pyper,medivh,1218,priest,discipline,29,14,15
33003,Lanakill,hyjal,1218,priest,discipline,56,25,31
33004,Cajl,dathremar,1218,priest,discipline,127,56,71
33005,Gobnik,illidan,1217,priest,discipline,42,26,16
33006,Yvága,ragnaros,1217,priest,discipline,48,27,21
33007,Myspacegirl,tichondrius,1217,priest,discipline,24,13,11
33008,Pacopriest,tichondrius,1217,priest,discipline,24,13,11
33009,Healznfeel,tichondrius,1216,priest,discipline,30,13,17
33010,Novous,area-52,1216,priest,discipline,68,29,39
33011,Göats,emerald-dream,1215,priest,discipline,24,13,11
33012,Russbell,ragnaros,1215,priest,discipline,125,54,71
33013,Plznokill,tichondrius,1215,priest,discipline,48,20,28
33014,Eîr,tichondrius,1215,priest,discipline,72,29,43
33015,Kadkne,stormrage,1214,priest,discipline,29,16,13
33016,Nóin,tichondrius,1212,priest,discipline,72,33,39
33017,Wísh,emerald-dream,1211,priest,discipline,60,35,25
33018,Eneco,alleria,1211,priest,discipline,228,124,104
33019,Dotersacer,quelthalas,1211,priest,discipline,31,15,16
33020,Abhu,quelthalas,1210,priest,discipline,71,38,33
33021,Svrite,area-52,1210,priest,discipline,35,17,18
33022,Whitezz,frostmourne,1209,priest,discipline,30,16,14
33023,Keliedeyn,emerald-dream,1209,priest,discipline,60,28,32
33024,Deckardkane,stormrage,1209,priest,discipline,32,14,18
33025,Ariavish,area-52,1208,priest,discipline,48,25,23
33026,Kodaks,frostmourne,1208,priest,discipline,75,37,38
33027,Qbanota,drakkari,1208,priest,discipline,108,41,67
33028,Fatäl,moon-guard,1208,priest,discipline,64,23,41
33029,Stusy,tichondrius,1207,priest,discipline,18,13,5
33030,Methodist,sargeras,1207,priest,discipline,24,13,11
33031,Pixa,tichondrius,1207,priest,discipline,72,33,39
33032,Kithlas,emerald-dream,1206,priest,discipline,18,13,5
33033,Defilex,tichondrius,1206,priest,discipline,22,15,7
33034,Nothinsexual,frostmourne,1206,priest,discipline,26,14,12
33035,Vynlanesh,illidan,1206,priest,discipline,36,17,19
33036,Cast,bronzebeard,1206,priest,discipline,82,37,45
33037,Dpshealer,azralon,1206,priest,discipline,66,29,37
33038,Overshields,caelestrasz,1206,priest,discipline,40,13,27
33039,Discotecno,tichondrius,1205,priest,discipline,48,25,23
33040,Gurkorr,boulderfist,1205,priest,discipline,57,24,33
33041,Discs,detheroc,1205,priest,discipline,31,13,18
33042,Kafzial,zuljin,1204,priest,discipline,80,48,32
33043,Sureno,muradin,1204,priest,discipline,54,28,26
33044,Visse,auchindoun,1204,priest,discipline,435,209,226
33045,Rowman,frostmourne,1204,priest,discipline,47,22,25
33046,Libationz,area-52,1204,priest,discipline,108,49,59
33047,Psychiatrist,darkspear,1204,priest,discipline,58,25,33
33048,Ithvedriel,moon-guard,1203,priest,discipline,67,32,35
33049,Spellpower,azralon,1203,priest,discipline,47,22,25
33050,Kyrabon,ragnaros,1201,priest,discipline,30,17,13
33051,Wrathchildd,azralon,1201,priest,discipline,84,42,42
33052,Covfefe,draka,1201,priest,discipline,42,18,24
33053,Healzyew,dragonmaw,1201,priest,discipline,73,28,45
33054,Nocturnalx,moon-guard,1200,priest,discipline,52,32,20
33055,Moralism,moon-guard,1199,priest,discipline,44,26,18
33056,Zephxd,illidan,1199,priest,discipline,64,31,33
33057,Aladelre,aerie-peak,1199,priest,discipline,74,32,42
33058,Terenor,thrall,1199,priest,discipline,48,13,35
33059,Anakou,emerald-dream,1198,priest,discipline,29,17,12
33060,Donoras,ursin,1198,priest,discipline,30,17,13
33061,Lebwonjamdi,tichondrius,1197,priest,discipline,28,13,15
33062,Docbek,illidan,1196,priest,discipline,83,40,43
33063,Woodricks,frostmourne,1195,priest,discipline,35,13,22
33064,Metius,smolderthorn,1194,priest,discipline,21,14,7
33065,Fozil,area-52,1194,priest,discipline,62,33,29
33066,Purgingsyns,illidan,1193,priest,discipline,20,14,6
33067,Sasafras,feathermoon,1193,priest,discipline,87,43,44
33068,Ricksanchez,moonrunner,1193,priest,discipline,30,13,17
33069,Bladam,bleeding-hollow,1192,priest,discipline,27,13,14
33070,Babino,illidan,1192,priest,discipline,66,26,40
33071,Kriseria,moon-guard,1191,priest,discipline,24,17,7
33072,Healyoudead,draenor,1191,priest,discipline,41,15,26
33073,Jtewatch,zuljin,1190,priest,discipline,42,29,13
33074,Rachia,barthilas,1190,priest,discipline,72,43,29
33075,Sanitater,frostmourne,1190,priest,discipline,102,47,55
33076,Dzpi,azralon,1190,priest,discipline,96,43,53
33077,Azkillatroll,quelthalas,1190,priest,discipline,48,20,28
33078,Protega,illidan,1189,priest,discipline,22,14,8
33079,Holyycrit,kelthuzad,1189,priest,discipline,30,16,14
33080,Menorsita,tichondrius,1189,priest,discipline,120,57,63
33081,Rinmaru,dark-iron,1188,priest,discipline,24,14,10
33082,Iltharaph,illidan,1188,priest,discipline,25,14,11
33083,Yukih,tichondrius,1188,priest,discipline,41,17,24
33084,Kruciphix,tichondrius,1187,priest,discipline,29,20,9
33085,Kaxleigh,emerald-dream,1187,priest,discipline,29,18,11
33086,Olêander,tichondrius,1187,priest,discipline,85,48,37
33087,Notdavido,illidan,1187,priest,discipline,36,18,18
33088,Inarius,dragonblight,1187,priest,discipline,55,23,32
33089,Yusarin,garona,1186,priest,discipline,30,14,16
33090,Grapeedrank,tichondrius,1185,priest,discipline,15,14,1
33091,Nadjika,moon-guard,1185,priest,discipline,57,26,31
33092,Valonar,emerald-dream,1185,priest,discipline,47,20,27
33093,Tesserak,tichondrius,1184,priest,discipline,105,49,56
33094,Unwòke,dalaran,1182,priest,discipline,24,14,10
33095,Happydot,stormrage,1182,priest,discipline,30,14,16
33096,Belletrael,wyrmrest-accord,1182,priest,discipline,70,32,38
33097,Kßnstuff,area-52,1182,priest,discipline,37,15,22
33098,Ödin,tichondrius,1181,priest,discipline,52,27,25
33099,Doubtmyfaith,frostmourne,1181,priest,discipline,42,21,21
33100,Pretzah,barthilas,1179,priest,discipline,24,18,6
33101,Kiaras,stormrage,1179,priest,discipline,48,25,23
33102,Omgpeeldude,akama,1179,priest,discipline,33,13,20
33103,Ttakayasu,bleeding-hollow,1178,priest,discipline,150,83,67
33104,Runemidgard,illidan,1177,priest,discipline,24,13,11
33105,Icyspicy,shadowsong,1177,priest,discipline,59,26,33
33106,Iwillsaveyou,tichondrius,1177,priest,discipline,40,16,24
33107,Aerîs,magtheridon,1177,priest,discipline,40,16,24
33108,Damoclexz,area-52,1176,priest,discipline,72,38,34
33109,Artermis,barthilas,1176,priest,discipline,55,24,31
33110,Goldenfatty,blackrock,1175,priest,discipline,26,13,13
33111,Jagelclam,gorefiend,1175,priest,discipline,47,22,25
33112,Kethseth,ragnaros,1175,priest,discipline,102,45,57
33113,Onef,quelthalas,1175,priest,discipline,35,15,20
33114,Hiheals,anvilmar,1174,priest,discipline,36,20,16
33115,Slewt,aggramar,1173,priest,discipline,24,13,11
33116,Ggums,tichondrius,1173,priest,discipline,90,42,48
33117,Mindlames,bleeding-hollow,1173,priest,discipline,68,30,38
33118,Renewed,frostmourne,1173,priest,discipline,34,14,20
33119,Minimelo,stormrage,1172,priest,discipline,23,13,10
33120,Spyzz,gilneas,1172,priest,discipline,36,18,18
33121,Aliciab,andorhal,1172,priest,discipline,78,36,42
33122,Hawktalonuke,moon-guard,1171,priest,discipline,72,37,35
33123,Aynone,blood-furnace,1171,priest,discipline,149,70,79
33124,Psïcopata,gallywix,1171,priest,discipline,54,16,38
33125,Kerazul,sargeras,1169,priest,discipline,42,20,22
33126,Selenthea,moon-guard,1168,priest,discipline,36,14,22
33127,Audacy,azuremyst,1167,priest,discipline,45,26,19
33128,Pushap,blood-furnace,1167,priest,discipline,108,58,50
33129,Abalowpt,nemesis,1163,priest,discipline,48,22,26
33130,Karamapang,illidan,1163,priest,discipline,64,25,39
33131,Sontïx,sargeras,1162,priest,discipline,31,13,18
33132,Priést,stormrage,1162,priest,discipline,36,13,23
33133,Heallarious,stormrage,1160,priest,discipline,52,30,22
33134,Semirg,moon-guard,1158,priest,discipline,30,13,17
33135,Velinna,tichondrius,1158,priest,discipline,42,16,26
33136,Toastanator,wyrmrest-accord,1156,priest,discipline,220,115,105
33137,Celf,ragnaros,1156,priest,discipline,36,13,23
33138,Xaerwolaeth,area-52,1155,priest,discipline,34,16,18
33139,Maraagsdad,tichondrius,1152,priest,discipline,18,12,6
33140,Souvlaki,amanthul,1152,priest,discipline,24,12,12
33141,Fishondabeat,proudmoore,1152,priest,discipline,24,12,12
33142,Swagdemøn,kelthuzad,1152,priest,discipline,24,12,12
33143,Teddyy,tichondrius,1152,priest,discipline,24,12,12
33144,Xinnie,illidan,1152,priest,discipline,108,48,60
33145,Ømegagødx,illidan,1152,priest,discipline,30,12,18
33146,Faithbuild,emerald-dream,1151,priest,discipline,18,12,6
33147,Woolly,tichondrius,1151,priest,discipline,18,12,6
33148,Eluv,area-52,1151,priest,discipline,38,21,17
33149,Marmintor,stormrage,1151,priest,discipline,24,12,12
33150,Sshhaaddooww,tichondrius,1151,priest,discipline,24,12,12
33151,Pewwpew,malganis,1151,priest,discipline,24,12,12
33152,Hyoeun,dragonmaw,1151,priest,discipline,24,12,12
33153,Randrimm,stormrage,1151,priest,discipline,24,12,12
33154,Kiriko,mannoroth,1151,priest,discipline,24,12,12
33155,Kaztorz,tichondrius,1151,priest,discipline,28,12,16
33156,Attenea,illidan,1151,priest,discipline,36,12,24
33157,Ilmx,illidan,1150,priest,discipline,12,12,0
33158,Agrolazor,frostwolf,1150,priest,discipline,12,12,0
33159,Aaff,tichondrius,1150,priest,discipline,18,12,6
33160,Celeztiah,area-52,1150,priest,discipline,18,12,6
33161,Rapturebtw,sargeras,1150,priest,discipline,18,12,6
33162,Chkashaa,emerald-dream,1150,priest,discipline,42,21,21
33163,Rhaist,sargeras,1150,priest,discipline,36,18,18
33164,Longday,kelthuzad,1150,priest,discipline,24,12,12
33165,Cenrtrix,stormrage,1150,priest,discipline,24,12,12
33166,Wartrix,bonechewer,1150,priest,discipline,24,12,12
33167,Crunchywater,stormrage,1150,priest,discipline,24,12,12
33168,Ahealer,alterac-mountains,1150,priest,discipline,24,12,12
33169,Glöws,area-52,1150,priest,discipline,24,12,12
33170,Serrahs,tichondrius,1150,priest,discipline,24,12,12
33171,Icesnowli,tichondrius,1150,priest,discipline,24,12,12
33172,Abercromby,malganis,1150,priest,discipline,25,12,13
33173,Penancedeez,moon-guard,1150,priest,discipline,35,15,20
33174,Maxximuss,bleeding-hollow,1150,priest,discipline,42,17,25
33175,Psyclick,zuljin,1149,priest,discipline,18,12,6
33176,Niik,tichondrius,1149,priest,discipline,18,12,6
33177,Profpepper,tichondrius,1149,priest,discipline,18,12,6
33178,Troubler,tichondrius,1149,priest,discipline,18,12,6
33179,Pakc,tichondrius,1149,priest,discipline,24,12,12
33180,Nerfholyplz,illidan,1149,priest,discipline,24,12,12
33181,Ariste,tichondrius,1149,priest,discipline,24,12,12
33182,Shadowchaos,malganis,1149,priest,discipline,24,12,12
33183,Kitenix,proudmoore,1149,priest,discipline,35,14,21
33184,Jacqueline,tichondrius,1149,priest,discipline,30,12,18
33185,Littlegiirl,illidan,1148,priest,discipline,24,12,12
33186,Highelfpally,sargeras,1148,priest,discipline,24,12,12
33187,Dènalí,area-52,1148,priest,discipline,24,12,12
33188,Luminatio,quelthalas,1148,priest,discipline,76,36,40
33189,Fìngerbanger,lightnings-blade,1148,priest,discipline,117,53,64
33190,Pungentonion,tichondrius,1148,priest,discipline,30,12,18
33191,Revolki,azralon,1148,priest,discipline,48,12,36
33192,Zhuyin,illidan,1147,priest,discipline,12,12,0
33193,Profetico,ragnaros,1147,priest,discipline,83,43,40
33194,Cigarillõ,thrall,1147,priest,discipline,24,12,12
33195,Tranquilty,tichondrius,1147,priest,discipline,24,12,12
33196,Blackbubba,tichondrius,1147,priest,discipline,54,24,30
33197,Katjaa,quelthalas,1147,priest,discipline,44,13,31
33198,Scrubgames,garrosh,1146,priest,discipline,12,12,0
33199,Bakerstr,tichondrius,1146,priest,discipline,18,12,6
33200,Mindkilla,area-52,1146,priest,discipline,184,95,89
33201,Smightful,garona,1146,priest,discipline,24,12,12
33202,Derowent,emerald-dream,1146,priest,discipline,30,13,17
33203,Beansofdean,proudmoore,1145,priest,discipline,24,12,12
33204,Arkeyz,quelthalas,1145,priest,discipline,30,12,18
33205,Hoochiemomma,kelthuzad,1144,priest,discipline,24,13,11
33206,Mashpotato,aerie-peak,1144,priest,discipline,24,13,11
33207,Voidwyrm,tichondrius,1144,priest,discipline,108,57,51
33208,Notskynet,tichondrius,1144,priest,discipline,24,12,12
33209,Goodbyekiss,illidan,1144,priest,discipline,101,49,52
33210,Eirana,skywall,1144,priest,discipline,60,28,32
33211,Nardhead,sargeras,1143,priest,discipline,42,24,18
33212,Tygrr,kelthuzad,1143,priest,discipline,24,12,12
33213,Depressedboy,wyrmrest-accord,1143,priest,discipline,24,12,12
33214,Inveritu,kiljaeden,1143,priest,discipline,30,12,18
33215,Núgz,tichondrius,1142,priest,discipline,24,19,5
33216,Ferilla,illidan,1142,priest,discipline,24,12,12
33217,Raivn,illidan,1142,priest,discipline,24,12,12
33218,Jivita,lightbringer,1141,priest,discipline,24,14,10
33219,Supski,destromath,1141,priest,discipline,24,12,12
33220,Vanhealsing,tichondrius,1141,priest,discipline,24,12,12
33221,Meddyglyn,area-52,1140,priest,discipline,24,13,11
33222,Stroodle,illidan,1140,priest,discipline,71,34,37
33223,Boujeeheals,darkspear,1140,priest,discipline,36,12,24
33224,Osombra,azralon,1139,priest,discipline,36,17,19
33225,Jeffo,baelgun,1139,priest,discipline,36,17,19
33226,Amäo,illidan,1139,priest,discipline,29,13,16
33227,Kippin,frostmourne,1138,priest,discipline,18,12,6
33228,Draniev,azralon,1138,priest,discipline,83,44,39
33229,Elvspriesly,doomhammer,1138,priest,discipline,104,51,53
33230,Tetha,fizzcrank,1138,priest,discipline,48,22,26
33231,Näme,frostmourne,1138,priest,discipline,78,32,46
33232,Claireredfld,lightbringer,1137,priest,discipline,18,12,6
33233,Drywàter,tichondrius,1137,priest,discipline,81,45,36
33234,Lynnar,stormrage,1137,priest,discipline,81,44,37
33235,Feelmyheels,frostmourne,1137,priest,discipline,48,24,24
33236,Akkassha,zuljin,1137,priest,discipline,30,12,18
33237,Barrysanders,zuljin,1136,priest,discipline,72,38,34
33238,Hanuroa,tichondrius,1136,priest,discipline,184,92,92
33239,Brotherheals,nagrand,1136,priest,discipline,66,33,33
33240,Holyhog,whisperwind,1136,priest,discipline,51,23,28
33241,Sprinkling,sargeras,1136,priest,discipline,34,15,19
33242,Sölemn,barthilas,1136,priest,discipline,59,26,33
33243,Blessings,aerie-peak,1135,priest,discipline,66,34,32
33244,Skokie,area-52,1135,priest,discipline,30,12,18
33245,Calliah,moknathal,1134,priest,discipline,35,19,16
33246,Alizeë,illidan,1134,priest,discipline,137,74,63
33247,Senumbra,tichondrius,1134,priest,discipline,24,12,12
33248,Matafuka,ragnaros,1134,priest,discipline,33,16,17
33249,Tkawesome,area-52,1134,priest,discipline,42,15,27
33250,Ayakoji,proudmoore,1132,priest,discipline,30,12,18
33251,Yddwin,quelthalas,1131,priest,discipline,52,27,25
33252,Ihealyoudeal,korgath,1130,priest,discipline,18,12,6
33253,Melithor,frostmourne,1130,priest,discipline,24,12,12
33254,Coachbombae,tichondrius,1129,priest,discipline,18,13,5
33255,Charybdis,bonechewer,1129,priest,discipline,92,56,36
33256,Makkima,area-52,1129,priest,discipline,48,20,28
33257,Corthien,thrall,1129,priest,discipline,30,12,18
33258,Hëstia,darkspear,1128,priest,discipline,30,18,12
33259,Nøfaith,area-52,1128,priest,discipline,24,12,12
33260,Mäy,greymane,1128,priest,discipline,30,12,18
33261,Spõt,stormrage,1128,priest,discipline,30,12,18
33262,Cyrilien,tichondrius,1127,priest,discipline,52,29,23
33263,Ragnarøk,warsong,1127,priest,discipline,30,12,18
33264,Killían,darkspear,1126,priest,discipline,61,31,30
33265,Chastised,moon-guard,1125,priest,discipline,553,272,281
33266,Zolibeth,azshara,1124,priest,discipline,24,15,9
33267,Mucgib,frostmourne,1124,priest,discipline,68,24,44
33268,Weregonnadie,stormrage,1123,priest,discipline,30,12,18
33269,Classifiedcc,illidan,1122,priest,discipline,222,115,107
33270,Ðåmìéñ,tichondrius,1122,priest,discipline,24,12,12
33271,Exsufficate,frostmourne,1122,priest,discipline,34,15,19
33272,Shinomiko,frostmourne,1122,priest,discipline,144,52,92
33273,Islandpink,malganis,1122,priest,discipline,42,12,30
33274,Fulldesire,dalaran,1121,priest,discipline,63,38,25
33275,Londog,vashj,1121,priest,discipline,78,36,42
33276,Hustleplay,tichondrius,1120,priest,discipline,24,12,12
33277,Primeevil,black-dragonflight,1119,priest,discipline,24,14,10
33278,Deehilie,illidan,1119,priest,discipline,49,25,24
33279,Puralux,balnazzar,1117,priest,discipline,42,25,17
33280,Cyberpriest,stormrage,1117,priest,discipline,60,24,36
33281,Abbot,zangarmarsh,1115,priest,discipline,149,70,79
33282,Sinnskløft,tichondrius,1115,priest,discipline,31,13,18
33283,Vitalizes,nagrand,1114,priest,discipline,30,13,17
33284,Deadäss,sargeras,1113,priest,discipline,54,14,40
33285,Steezyy,black-dragonflight,1112,priest,discipline,71,33,38
33286,Yamahaz,lethon,1112,priest,discipline,30,13,17
33287,Foxyy,wildhammer,1112,priest,discipline,35,14,21
33288,Skeepsi,area-52,1109,priest,discipline,54,30,24
33289,Fushia,emerald-dream,1107,priest,discipline,45,16,29
33290,Enkognito,tichondrius,1106,priest,discipline,52,33,19
33291,Optîmuskrayt,tichondrius,1106,priest,discipline,83,40,43
33292,Tootsieroll,dark-iron,1106,priest,discipline,53,25,28
33293,Raihn,garrosh,1106,priest,discipline,37,14,23
33294,Opri,andorhal,1104,priest,discipline,48,20,28
33295,Mosher,zuluhed,1103,priest,discipline,18,12,6
33296,Ataraksija,sargeras,1103,priest,discipline,21,13,8
33297,Kloudypriest,moon-guard,1103,priest,discipline,47,24,23
33298,Averli,moon-guard,1103,priest,discipline,42,18,24
33299,Khamata,kelthuzad,1100,priest,discipline,30,12,18
33300,Wheresmyvape,tichondrius,1098,priest,discipline,20,13,7
33301,Vákc,quelthalas,1096,priest,discipline,23,12,11
33302,Darkxrp,bleeding-hollow,1096,priest,discipline,30,13,17
33303,Draiger,quelthalas,1096,priest,discipline,36,14,22
33304,Fistavert,stormreaver,1095,priest,discipline,24,12,12
33305,Keaina,malganis,1095,priest,discipline,29,12,17
33306,Preezoo,tichondrius,1095,priest,discipline,64,25,39
33307,Zhaann,kelthuzad,1094,priest,discipline,48,23,25
33308,Naniwa,ragnaros,1094,priest,discipline,33,13,20
33309,Happyholy,tichondrius,1094,priest,discipline,36,14,22
33310,Sístermary,stormrage,1093,priest,discipline,30,18,12
33311,Mcdizzle,bloodscalp,1093,priest,discipline,90,41,49
33312,Nuvea,tichondrius,1093,priest,discipline,27,12,15
33313,Benmem,illidan,1092,priest,discipline,105,50,55
33314,Annaphilaxis,sargeras,1091,priest,discipline,44,22,22
33315,Ketone,malganis,1090,priest,discipline,125,65,60
33316,Zacksnotcool,sargeras,1090,priest,discipline,33,13,20
33317,Priestøuchme,tichondrius,1089,priest,discipline,29,13,16
33318,Thinmintt,wyrmrest-accord,1089,priest,discipline,108,47,61
33319,Bigdaddyku,hyjal,1088,priest,discipline,34,20,14
33320,Mylkshakez,emerald-dream,1088,priest,discipline,31,13,18
33321,Holysmokesx,tichondrius,1087,priest,discipline,22,12,10
33322,Antiraus,aerie-peak,1086,priest,discipline,24,13,11
33323,Fatherfilth,frostwolf,1086,priest,discipline,30,14,16
33324,Solkadp,tichondrius,1085,priest,discipline,28,12,16
33325,Quavö,tichondrius,1085,priest,discipline,68,29,39
33326,Kidha,stormrage,1085,priest,discipline,60,19,41
33327,Todrecas,ragnaros,1084,priest,discipline,24,13,11
33328,Painpaws,moon-guard,1084,priest,discipline,28,12,16
33329,Vaddaru,kirin-tor,1083,priest,discipline,66,38,28
33330,Tigrania,proudmoore,1083,priest,discipline,23,12,11
33331,Scirzzy,tichondrius,1083,priest,discipline,29,14,15
33332,Chroly,stormrage,1083,priest,discipline,65,29,36
33333,Watdahealydo,darkspear,1081,priest,discipline,24,13,11
33334,Nostrande,stormrage,1080,priest,discipline,21,12,9
33335,Synes,bleeding-hollow,1080,priest,discipline,34,12,22
33336,Tmpriest,tichondrius,1080,priest,discipline,48,12,36
33337,Fregè,ysera,1078,priest,discipline,30,12,18
33338,Darrong,darkspear,1077,priest,discipline,34,14,20
33339,Novoc,blackhand,1076,priest,discipline,36,17,19
33340,Flexxwzkaboo,thrall,1073,priest,discipline,32,12,20
33341,Nervinia,tichondrius,1072,priest,discipline,30,12,18
33342,Redchord,kiljaeden,1072,priest,discipline,33,13,20
33343,Psïren,quelthalas,1070,priest,discipline,24,13,11
33344,Berzap,frostmourne,1068,priest,discipline,30,18,12
33345,Tricklee,tichondrius,1068,priest,discipline,23,12,11
33346,Twinkmuncher,proudmoore,1065,priest,discipline,25,12,13
33347,Trustheals,tichondrius,1064,priest,discipline,134,71,63
33348,Lytherina,aegwynn,1064,priest,discipline,36,19,17
33349,Anäster,ragnaros,1064,priest,discipline,53,26,27
33350,Vahlen,azralon,1062,priest,discipline,23,12,11
33351,Zinr,tichondrius,1061,priest,discipline,215,104,111
33352,Chickadies,barthilas,1059,priest,discipline,18,12,6
33353,Linarelitha,area-52,1059,priest,discipline,80,39,41
33354,Kikyo,antonidas,1059,priest,discipline,31,12,19
33355,Sivamint,aerie-peak,1058,priest,discipline,42,16,26
33356,Lespaula,ragnaros,1056,priest,discipline,24,12,12
33357,Seleniax,sargeras,1056,priest,discipline,24,11,13
33358,Smiliebomb,tichondrius,1056,priest,discipline,24,11,13
33359,Dirtyone,dark-iron,1056,priest,discipline,30,12,18
33360,Lilbabynaga,stormrage,1056,priest,discipline,75,27,48
33361,Crucifer,proudmoore,1055,priest,discipline,12,11,1
33362,Naelsaze,tichondrius,1055,priest,discipline,12,11,1
33363,Chawp,kelthuzad,1055,priest,discipline,18,11,7
33364,Angeldawn,stormrage,1055,priest,discipline,18,11,7
33365,Piftw,illidan,1055,priest,discipline,18,11,7
33366,Vehex,malganis,1055,priest,discipline,18,11,7
33367,Neonpriest,tichondrius,1055,priest,discipline,18,11,7
33368,Ròen,tichondrius,1055,priest,discipline,18,11,7
33369,Arcosis,turalyon,1055,priest,discipline,24,11,13
33370,Jonesypriest,tichondrius,1055,priest,discipline,24,11,13
33371,Giomoreno,tichondrius,1055,priest,discipline,24,11,13
33372,Pro,proudmoore,1055,priest,discipline,24,11,13
33373,Ffej,bleeding-hollow,1055,priest,discipline,24,11,13
33374,Cency,tichondrius,1055,priest,discipline,24,11,13
33375,Tooziq,stormrage,1055,priest,discipline,24,11,13
33376,Wintrow,sargeras,1055,priest,discipline,30,11,19
33377,Voidgames,area-52,1055,priest,discipline,30,11,19
33378,Lampvpgerl,illidan,1055,priest,discipline,36,11,25
33379,Turrec,illidan,1054,priest,discipline,12,11,1
33380,Aiss,malganis,1054,priest,discipline,16,12,4
33381,Anneyann,fenris,1054,priest,discipline,30,19,11
33382,Náñí,area-52,1054,priest,discipline,18,11,7
33383,Missyoung,tichondrius,1054,priest,discipline,18,11,7
33384,Honeyweiss,cairne,1054,priest,discipline,24,12,12
33385,Sentactic,illidan,1054,priest,discipline,27,13,14
33386,Dpsmercy,sargeras,1054,priest,discipline,24,11,13
33387,Velzirya,zuljin,1054,priest,discipline,30,11,19
33388,Voidrachet,thrall,1054,priest,discipline,30,11,19
33389,Whitepigogo,tichondrius,1053,priest,discipline,18,11,7
33390,Doubt,eredar,1053,priest,discipline,18,11,7
33391,Kajhy,ragnaros,1053,priest,discipline,48,22,26
33392,Orisons,bleeding-hollow,1053,priest,discipline,24,11,13
33393,Ayezex,tichondrius,1053,priest,discipline,48,21,27
33394,Rezy,darkspear,1053,priest,discipline,30,11,19
33395,Guccísandals,emerald-dream,1053,priest,discipline,30,11,19
33396,Slavoj,gurubashi,1052,priest,discipline,41,19,22
33397,Kovie,twisting-nether,1052,priest,discipline,24,11,13
33398,Buffhpriest,tichondrius,1052,priest,discipline,24,11,13
33399,Kerith,ragnaros,1051,priest,discipline,34,24,10
33400,Darkills,tichondrius,1051,priest,discipline,24,11,13
33401,Saviorr,dalaran,1051,priest,discipline,30,11,19
33402,Lumia,quelthalas,1051,priest,discipline,30,11,19
33403,Jayqwellen,bleeding-hollow,1051,priest,discipline,30,11,19
33404,Moopha,zuljin,1050,priest,discipline,12,11,1
33405,Zarfel,ragnaros,1050,priest,discipline,18,11,7
33406,Healdog,thrall,1050,priest,discipline,18,11,7
33407,Darkmoonsun,frostmourne,1050,priest,discipline,24,11,13
33408,Shiikari,terenas,1050,priest,discipline,24,11,13
33409,Thotsteal,lightbringer,1050,priest,discipline,24,11,13
33410,Lalight,tichondrius,1050,priest,discipline,30,11,19
33411,Inmortar,dalaran,1049,priest,discipline,30,11,19
33412,Sajahsa,moon-guard,1048,priest,discipline,25,15,10
33413,Jackflashh,hakkar,1047,priest,discipline,78,35,43
33414,Feff,shuhalo,1046,priest,discipline,30,11,19
33415,Aud,kiljaeden,1045,priest,discipline,12,11,1
33416,Hangingmeat,jubeithos,1045,priest,discipline,24,11,13
33417,Everluna,stormrage,1043,priest,discipline,12,11,1
33418,Ahualol,tichondrius,1043,priest,discipline,18,11,7
33419,Lilbabe,stormrage,1043,priest,discipline,24,11,13
33420,Panelopie,maiev,1042,priest,discipline,18,11,7
33421,Flexeggette,illidan,1042,priest,discipline,31,14,17
33422,Dottinu,area-52,1040,priest,discipline,12,11,1
33423,Sendia,hydraxis,1038,priest,discipline,66,31,35
33424,Haidees,akama,1037,priest,discipline,28,16,12
33425,Bbm,stormscale,1037,priest,discipline,27,11,16
33426,Kiilltic,sargeras,1037,priest,discipline,36,13,23
33427,Gongá,moon-guard,1035,priest,discipline,108,43,65
33428,Uchihalol,tichondrius,1032,priest,discipline,24,11,13
33429,Yoxxoo,tichondrius,1032,priest,discipline,24,11,13
33430,Prawda,area-52,1031,priest,discipline,30,11,19
33431,Geulis,illidan,1030,priest,discipline,65,30,35
33432,Pochis,bleeding-hollow,1029,priest,discipline,81,38,43
33433,Erelim,durotan,1029,priest,discipline,89,36,53
33434,Egraner,drakkari,1027,priest,discipline,24,11,13
33435,Cynthir,stormrage,1026,priest,discipline,24,11,13
33436,Efrem,tichondrius,1025,priest,discipline,69,32,37
33437,Chêrubim,arthas,1025,priest,discipline,24,11,13
33438,Clergy,arthas,1024,priest,discipline,21,14,7
33439,Elomszz,tichondrius,1024,priest,discipline,22,11,11
33440,Naxiest,stormrage,1024,priest,discipline,29,11,18
33441,Bakharftw,nemesis,1023,priest,discipline,28,17,11
33442,Harlei,tichondrius,1023,priest,discipline,24,14,10
33443,Stunsilence,malganis,1022,priest,discipline,20,12,8
33444,Mxd,bleeding-hollow,1021,priest,discipline,20,12,8
33445,Mgfoxxie,scarlet-crusade,1020,priest,discipline,30,12,18
33446,Papipreach,sargeras,1019,priest,discipline,18,11,7
33447,Rileau,tichondrius,1019,priest,discipline,24,11,13
33448,Thadan,uldaman,1019,priest,discipline,24,11,13
33449,Sofluffy,burning-blade,1018,priest,discipline,23,11,12
33450,Sév,frostmane,1017,priest,discipline,190,89,101
33451,Steck,illidan,1016,priest,discipline,64,27,37
33452,Nightmxres,zuljin,1016,priest,discipline,30,11,19
33453,Leoi,fenris,1015,priest,discipline,57,30,27
33454,Jèf,stormrage,1015,priest,discipline,23,11,12
33455,Shaydeep,nagrand,1015,priest,discipline,28,12,16
33456,Profît,stormrage,1014,priest,discipline,24,12,12
33457,Rigityrekt,aggramar,1012,priest,discipline,30,22,8
33458,Zatroux,ragnaros,1011,priest,discipline,74,34,40
33459,Drãith,magtheridon,1009,priest,discipline,24,12,12
33460,Xïlencer,tichondrius,1008,priest,discipline,42,21,21
33461,Buschlatte,frostmane,1007,priest,discipline,23,11,12
33462,Dynopriest,kelthuzad,1007,priest,discipline,29,11,18
33463,Lesserfaith,sargeras,1006,priest,discipline,21,11,10
33464,Uljinoo,blackwing-lair,1006,priest,discipline,89,39,50
33465,Azrïel,mannoroth,1005,priest,discipline,41,24,17
33466,Bubblebuster,lightbringer,1004,priest,discipline,55,24,31
33467,Ioudas,ragnaros,1004,priest,discipline,35,11,24
33468,Zeun,spinebreaker,1003,priest,discipline,40,14,26
33469,Lördgrim,stormrage,1002,priest,discipline,25,13,12
33470,Tikel,ragnaros,1001,priest,discipline,21,11,10
33471,Stinkyfingr,frostmourne,1000,priest,discipline,42,15,27
33472,Sharayu,madoran,999,priest,discipline,42,22,20
33473,Deusthanatos,medivh,998,priest,discipline,64,32,32
33474,Arianthe,darrowmere,998,priest,discipline,26,12,14
33475,Whitewidowx,eredar,997,priest,discipline,21,12,9
33476,Bårriër,darkspear,996,priest,discipline,23,12,11
33477,Rbmxp,barthilas,994,priest,discipline,21,12,9
33478,Mottsarella,mugthol,994,priest,discipline,78,42,36
33479,Mikkik,zuljin,992,priest,discipline,42,26,16
33480,Holyclappah,illidan,992,priest,discipline,24,12,12
33481,Robertsmurda,emerald-dream,992,priest,discipline,22,11,11
33482,Norastanne,moon-guard,992,priest,discipline,27,12,15
33483,Cilpri,emerald-dream,991,priest,discipline,16,11,5
33484,Rèvrin,sargeras,991,priest,discipline,23,11,12
33485,Jebadiia,tichondrius,991,priest,discipline,69,32,37
33486,Thrudarkness,thrall,990,priest,discipline,21,12,9
33487,Lilflexi,lightbringer,988,priest,discipline,22,11,11
33488,Carbonated,zuljin,986,priest,discipline,17,11,6
33489,Antonella,malganis,985,priest,discipline,33,12,21
33490,Papergaruru,illidan,984,priest,discipline,66,30,36
33491,Diamontie,tichondrius,977,priest,discipline,26,16,10
33492,Alurand,bleeding-hollow,976,priest,discipline,18,11,7
33493,Hèáls,tichondrius,975,priest,discipline,66,29,37
33494,Prlest,proudmoore,970,priest,discipline,36,15,21
33495,Sublety,aerie-peak,968,priest,discipline,54,24,30
33496,Sharkda,frostmourne,965,priest,discipline,45,24,21
33497,Moomagic,sargeras,964,priest,discipline,54,24,30
33498,Mikebroowwnn,firetree,963,priest,discipline,19,11,8
33499,Cravex,stormrage,963,priest,discipline,36,18,18
33500,Åphrødite,bonechewer,961,priest,discipline,22,12,10
33501,Åz,quelthalas,961,priest,discipline,24,12,12
33502,Cezanne,tichondrius,961,priest,discipline,125,52,73
33503,Charón,tichondrius,960,priest,discipline,12,10,2
33504,Odealp,stormscale,960,priest,discipline,12,10,2
33505,Mxchsm,stormrage,960,priest,discipline,12,10,2
33506,Testzpriests,dalaran,960,priest,discipline,18,10,8
33507,Bswagxx,illidan,960,priest,discipline,18,10,8
33508,Ishyeboi,stormrage,960,priest,discipline,18,10,8
33509,Dances,emerald-dream,960,priest,discipline,18,10,8
33510,Blesstwo,ragnaros,960,priest,discipline,18,10,8
33511,Pissgóblin,stormrage,960,priest,discipline,18,10,8
33512,Annefrank,azjolnerub,960,priest,discipline,18,10,8
33513,Belielosong,moon-guard,960,priest,discipline,57,29,28
33514,Fyne,kelthuzad,960,priest,discipline,21,10,11
33515,Nobodystarx,steamwheedle-cartel,960,priest,discipline,24,10,14
33516,Ajxoz,thrall,960,priest,discipline,24,10,14
33517,Futuuncle,tichondrius,960,priest,discipline,30,10,20
33518,Strawberryzz,area-52,959,priest,discipline,12,10,2
33519,Jinforever,tichondrius,959,priest,discipline,12,10,2
33520,Henchwoman,stormrage,959,priest,discipline,12,10,2
33521,Kk,fizzcrank,959,priest,discipline,12,10,2
33522,Elimix,frostmourne,959,priest,discipline,12,10,2
33523,Vonyka,area-52,959,priest,discipline,18,10,8
33524,Aguavenditaa,quelthalas,959,priest,discipline,18,10,8
33525,Cigma,magtheridon,959,priest,discipline,18,10,8
33526,Gutrìck,tichondrius,959,priest,discipline,18,10,8
33527,Oduum,tichondrius,959,priest,discipline,18,10,8
33528,Alimony,chogall,959,priest,discipline,18,10,8
33529,Tamzy,eredar,959,priest,discipline,18,10,8
33530,Minnowhead,kelthuzad,959,priest,discipline,18,10,8
33531,Budlyy,dalaran,959,priest,discipline,18,10,8
33532,Filthmaster,moon-guard,959,priest,discipline,18,10,8
33533,Hundski,darkspear,959,priest,discipline,18,10,8
33534,Abbyy,barthilas,959,priest,discipline,24,10,14
33535,Johadorr,shadowsong,959,priest,discipline,24,10,14
33536,Lindsanp,illidan,959,priest,discipline,24,10,14
33537,Tamtwo,the-forgotten-coast,959,priest,discipline,24,10,14
33538,Rum,kirin-tor,959,priest,discipline,24,10,14
33539,Tshik,ragnaros,959,priest,discipline,24,10,14
33540,Mosquito,tichondrius,959,priest,discipline,24,10,14
33541,Stylébender,tichondrius,959,priest,discipline,24,10,14
33542,Glitterballs,khazgoroth,958,priest,discipline,18,10,8
33543,Chknhealer,darkspear,958,priest,discipline,18,10,8
33544,Janna,jubeithos,958,priest,discipline,18,10,8
33545,Phrìke,illidan,958,priest,discipline,18,10,8
33546,Compromise,the-scryers,958,priest,discipline,18,10,8
33547,Tîg,nemesis,958,priest,discipline,21,10,11
33548,Itha,illidan,958,priest,discipline,24,10,14
33549,Ritzien,jubeithos,958,priest,discipline,24,10,14
33550,Taedrid,stormrage,958,priest,discipline,89,35,54
33551,Gonchar,bleeding-hollow,958,priest,discipline,30,10,20
33552,Bubblebeasst,area-52,957,priest,discipline,18,10,8
33553,Wilburre,sargeras,957,priest,discipline,18,10,8
33554,Bigchalupaz,sargeras,957,priest,discipline,18,10,8
33555,Rescueherø,tichondrius,957,priest,discipline,38,20,18
33556,Kinhilo,ragnaros,957,priest,discipline,24,10,14
33557,Rellington,frostwolf,957,priest,discipline,24,10,14
33558,Chanyt,azralon,956,priest,discipline,12,10,2
33559,Kissmyvoìd,frostmourne,956,priest,discipline,24,10,14
33560,Smallbrains,emerald-dream,956,priest,discipline,24,10,14
33561,Synthas,tichondrius,955,priest,discipline,18,10,8
33562,Clickbait,spirestone,955,priest,discipline,18,10,8
33563,Galaxypepe,medivh,955,priest,discipline,23,10,13
33564,Bachaterah,skullcrusher,955,priest,discipline,24,10,14
33565,Çõrlëøñè,illidan,955,priest,discipline,24,10,14
33566,Kauldër,illidan,955,priest,discipline,32,12,20
33567,Felmnir,ragnaros,955,priest,discipline,30,10,20
33568,Fidalus,stormrage,955,priest,discipline,38,10,28
33569,Ihelp,altar-of-storms,954,priest,discipline,18,10,8
33570,Zènó,bleeding-hollow,954,priest,discipline,18,10,8
33571,Febronia,aerie-peak,954,priest,discipline,18,10,8
33572,Hanklin,lightnings-blade,954,priest,discipline,18,10,8
33573,Judgejudyx,tichondrius,954,priest,discipline,24,10,14
33574,Xyberius,barthilas,954,priest,discipline,24,10,14
33575,Acésnóf,stormrage,954,priest,discipline,24,10,14
33576,Discjuice,tichondrius,954,priest,discipline,36,10,26
33577,Kajagoogoö,emerald-dream,953,priest,discipline,18,10,8
33578,Kirigäya,quelthalas,953,priest,discipline,18,10,8
33579,Anthoras,stormrage,953,priest,discipline,18,10,8
33580,Lusch,stormscale,953,priest,discipline,70,37,33
33581,Ôvr,area-52,953,priest,discipline,26,11,15
33582,Flagged,azgalor,953,priest,discipline,24,10,14
33583,Xenonfaith,bleeding-hollow,952,priest,discipline,17,12,5
33584,Anonymoûs,silver-hand,952,priest,discipline,24,14,10
33585,Vazara,tichondrius,952,priest,discipline,18,10,8
33586,Worthy,runetotem,952,priest,discipline,18,10,8
33587,Stennic,emerald-dream,952,priest,discipline,18,10,8
33588,Jessicä,malganis,952,priest,discipline,18,10,8
33589,Unholyio,barthilas,952,priest,discipline,18,10,8
33590,Throwinshadê,stormrage,952,priest,discipline,174,88,86
33591,Lolkwtf,sargeras,952,priest,discipline,31,13,18
33592,Xiöm,quelthalas,952,priest,discipline,24,10,14
33593,Ghettobarbie,kelthuzad,951,priest,discipline,12,10,2
33594,Tapel,khazgoroth,951,priest,discipline,30,17,13
33595,Daijoubu,lightnings-blade,951,priest,discipline,24,10,14
33596,Ppinmuhbutt,tichondrius,951,priest,discipline,36,10,26
33597,Discbubbles,moonrunner,950,priest,discipline,18,10,8
33598,Artmend,malganis,950,priest,discipline,24,10,14
33599,Zeas,moon-guard,950,priest,discipline,66,23,43
33600,Threlad,elune,949,priest,discipline,18,10,8
33601,Zhadowbolts,thrall,949,priest,discipline,18,10,8
33602,Dreamskull,aegwynn,949,priest,discipline,26,11,15
33603,Hypnogypsy,malganis,948,priest,discipline,18,10,8
33604,Filterz,korgath,948,priest,discipline,24,10,14
33605,Samsunglions,tichondrius,947,priest,discipline,18,10,8
33606,Vandwrath,moon-guard,946,priest,discipline,18,10,8
33607,Braxxten,tichondrius,944,priest,discipline,50,21,29
33608,Tjxx,zuljin,944,priest,discipline,30,10,20
33609,Nikkazul,drakkari,943,priest,discipline,30,14,16
33610,Sidepiëce,area-52,943,priest,discipline,23,10,13
33611,Emmarîl,sargeras,943,priest,discipline,29,10,19
33612,Praiz,tichondrius,942,priest,discipline,24,15,9
33613,Biggerstaff,icecrown,942,priest,discipline,27,11,16
33614,Kaladaz,destromath,941,priest,discipline,18,10,8
33615,Gabrieleron,quelthalas,941,priest,discipline,18,10,8
33616,Mando,area-52,941,priest,discipline,122,64,58
33617,Discyple,ysera,941,priest,discipline,24,10,14
33618,Lookfig,frostmourne,941,priest,discipline,24,10,14
33619,Vegfem,dalaran,941,priest,discipline,35,10,25
33620,Anddori,moknathal,940,priest,discipline,24,10,14
33621,Icemeilarda,illidan,940,priest,discipline,81,32,49
33622,Sinnz,emerald-dream,939,priest,discipline,30,11,19
33623,Sisterdeáth,area-52,938,priest,discipline,24,11,13
33624,Neehow,hyjal,936,priest,discipline,12,10,2
33625,Boosserbro,dawnbringer,936,priest,discipline,42,21,21
33626,Macoa,zuljin,936,priest,discipline,66,29,37
33627,Ophiuchus,jubeithos,936,priest,discipline,32,12,20
33628,Miel,kargath,935,priest,discipline,60,22,38
33629,Alexz,area-52,927,priest,discipline,14,11,3
33630,Biggunsaint,icecrown,927,priest,discipline,20,11,9
33631,Toastedheal,stormreaver,927,priest,discipline,20,11,9
33632,Heladio,ragnaros,926,priest,discipline,20,11,9
33633,Fenders,stormrage,926,priest,discipline,23,10,13
33634,Touchmylight,suramar,925,priest,discipline,53,27,26
33635,Voidwulf,azgalor,924,priest,discipline,107,52,55
33636,Noriniani,sargeras,923,priest,discipline,12,10,2
33637,Kaladîn,dark-iron,921,priest,discipline,20,11,9
33638,Shemhazai,ragnaros,921,priest,discipline,20,11,9
33639,Rymzxx,ragnaros,918,priest,discipline,19,11,8
33640,Thekingheals,draenor,918,priest,discipline,28,14,14
33641,Jeanmarc,aerie-peak,918,priest,discipline,78,32,46
33642,Mcmorphy,stormrage,914,priest,discipline,35,14,21
33643,Xiaz,lightbringer,912,priest,discipline,18,12,6
33644,Youngboys,stormreaver,912,priest,discipline,44,24,20
33645,Twistedead,illidan,911,priest,discipline,21,11,10
33646,Katalla,spirestone,911,priest,discipline,27,10,17
33647,Priestrix,frostmourne,910,priest,discipline,55,22,33
33648,Holdentudikz,area-52,909,priest,discipline,23,10,13
33649,Shadowdeathx,bleeding-hollow,906,priest,discipline,23,10,13
33650,Brock,lightbringer,905,priest,discipline,27,11,16
33651,Poilu,laughing-skull,904,priest,discipline,19,12,7
33652,Ðanté,the-venture-co,904,priest,discipline,22,13,9
33653,Corrûpt,stormrage,904,priest,discipline,20,11,9
33654,Eluko,tichondrius,904,priest,discipline,21,11,10
33655,Ohashi,ragnaros,902,priest,discipline,18,11,7
33656,Unholydomina,zuljin,901,priest,discipline,78,36,42
33657,Knez,ragnaros,895,priest,discipline,19,11,8
33658,Plaedito,stormscale,895,priest,discipline,23,10,13
33659,Bellack,emerald-dream,895,priest,discipline,73,31,42
33660,Càipirinha,tichondrius,895,priest,discipline,28,10,18
33661,Fujinpriest,azralon,894,priest,discipline,28,10,18
33662,Aladdinlol,tichondrius,894,priest,discipline,34,10,24
33663,Chapitä,drakkari,893,priest,discipline,16,10,6
33664,Malhotra,amanthul,892,priest,discipline,21,12,9
33665,Kaizzen,gorgonnash,891,priest,discipline,17,10,7
33666,Tezcatyo,area-52,891,priest,discipline,17,10,7
33667,Archcerion,stormreaver,891,priest,discipline,28,11,17
33668,Rdson,malganis,889,priest,discipline,25,11,14
33669,Lunett,area-52,887,priest,discipline,34,10,24
33670,Frojasensei,tichondrius,879,priest,discipline,17,10,7
33671,Partypack,stormrage,878,priest,discipline,19,11,8
33672,Gdessairmed,exodar,871,priest,discipline,25,10,15
33673,Terric,shattered-hand,867,priest,discipline,24,10,14
33674,Trinaty,senjin,864,priest,discipline,12,9,3
33675,Squiddyjr,tichondrius,864,priest,discipline,12,9,3
33676,Gillette,thunderlord,864,priest,discipline,12,9,3
33677,Dinar,tichondrius,864,priest,discipline,12,9,3
33678,Dirtydickdan,sargeras,864,priest,discipline,12,9,3
33679,Photic,malganis,864,priest,discipline,12,9,3
33680,Marcalus,garrosh,864,priest,discipline,15,9,6
33681,Ilovedailies,frostmourne,864,priest,discipline,18,9,9
33682,Rima,stormscale,864,priest,discipline,18,9,9
33683,Toteme,proudmoore,864,priest,discipline,18,9,9
33684,Omgnerfz,zuljin,864,priest,discipline,18,9,9
33685,Nißirøux,sargeras,864,priest,discipline,18,9,9
33686,Drbønghitmd,tichondrius,864,priest,discipline,18,9,9
33687,Challengerz,suramar,864,priest,discipline,18,9,9
33688,Phurbosjr,sargeras,864,priest,discipline,18,9,9
33689,Arcmage,malganis,864,priest,discipline,18,9,9
33690,Healthyadult,zuluhed,864,priest,discipline,18,9,9
33691,Norikoo,malganis,864,priest,discipline,18,9,9
33692,Frymii,frostmourne,864,priest,discipline,18,9,9
33693,Irar,tichondrius,864,priest,discipline,18,9,9
33694,Makdaddy,skullcrusher,864,priest,discipline,18,9,9
33695,Shadooe,tichondrius,864,priest,discipline,18,9,9
33696,Trezz,aegwynn,864,priest,discipline,18,9,9
33697,Gekko,azgalor,864,priest,discipline,18,9,9
33698,Wv,kelthuzad,864,priest,discipline,18,9,9
33699,Zlowbly,ragnaros,864,priest,discipline,18,9,9
33700,Celerisp,malganis,864,priest,discipline,18,9,9
33701,Cinnalite,darkspear,864,priest,discipline,18,9,9
33702,Bearz,the-underbog,864,priest,discipline,24,9,15
33703,Lostmind,malganis,864,priest,discipline,24,9,15
33704,Easywins,sargeras,864,priest,discipline,24,9,15
33705,Physics,frostmane,864,priest,discipline,24,9,15
33706,Dakp,sargeras,864,priest,discipline,24,9,15
33707,Ninbará,stormrage,864,priest,discipline,24,9,15
33708,Dasaq,sargeras,864,priest,discipline,24,9,15
33709,Tegridyfarm,malganis,863,priest,discipline,12,9,3
33710,Penummbra,frostmourne,863,priest,discipline,12,9,3
33711,Djxkidrock,moon-guard,863,priest,discipline,12,9,3
33712,Neuro,barthilas,863,priest,discipline,12,9,3
33713,Boycrazy,nerzhul,863,priest,discipline,12,9,3
33714,Helleamh,tichondrius,863,priest,discipline,12,9,3
33715,Maleklek,azralon,863,priest,discipline,12,9,3
33716,Softqt,tichondrius,863,priest,discipline,12,9,3
33717,Stroserous,hyjal,863,priest,discipline,12,9,3
33718,Dkarla,lightnings-blade,863,priest,discipline,16,10,6
33719,Lemmiewinkzx,sargeras,863,priest,discipline,18,9,9
33720,Darkrecovery,sargeras,863,priest,discipline,18,9,9
33721,Oprst,tichondrius,863,priest,discipline,18,9,9
33722,Primalshadow,kaelthas,863,priest,discipline,18,9,9
33723,Sentenel,duskwood,863,priest,discipline,18,9,9
33724,Iamrisen,tichondrius,863,priest,discipline,18,9,9
33725,Pillböx,tichondrius,863,priest,discipline,18,9,9
33726,Healsforcash,bleeding-hollow,863,priest,discipline,21,9,12
33727,Poonanixo,gundrak,863,priest,discipline,22,9,13
33728,Mudbuttman,kelthuzad,863,priest,discipline,24,9,15
33729,Løøtgoblin,skullcrusher,863,priest,discipline,24,9,15
33730,Màva,zuljin,863,priest,discipline,24,9,15
33731,Kamasutra,drakthul,863,priest,discipline,24,9,15
33732,Bubblerenew,altar-of-storms,863,priest,discipline,24,9,15
33733,Bugshott,tichondrius,863,priest,discipline,31,9,22
33734,Felina,maiev,862,priest,discipline,12,9,3
33735,Gromkor,ragnaros,862,priest,discipline,12,9,3
33736,Mikori,tichondrius,862,priest,discipline,12,9,3
33737,Mothra,ragnaros,862,priest,discipline,12,9,3
33738,Gäindalf,tichondrius,862,priest,discipline,16,10,6
33739,Redclover,tichondrius,862,priest,discipline,18,9,9
33740,Xtri,kelthuzad,862,priest,discipline,18,9,9
33741,Jasolini,area-52,862,priest,discipline,18,9,9
33742,Tyrea,kiljaeden,862,priest,discipline,18,9,9
33743,Aheneas,quelthalas,862,priest,discipline,18,9,9
33744,Runnow,area-52,862,priest,discipline,18,9,9
33745,Satanshealer,terokkar,862,priest,discipline,18,9,9
33746,Neuroflex,proudmoore,862,priest,discipline,18,9,9
33747,Ocxpriest,azralon,862,priest,discipline,18,9,9
33748,Lacerating,illidan,862,priest,discipline,18,9,9
33749,Zælya,stormrage,862,priest,discipline,18,9,9
33750,Pandia,quelthalas,862,priest,discipline,18,9,9
33751,Ppomx,tichondrius,862,priest,discipline,18,9,9
33752,Drerrdaytv,kelthuzad,862,priest,discipline,18,9,9
33753,Releknosleep,frostwolf,862,priest,discipline,19,9,10
33754,Giannis,garrosh,862,priest,discipline,24,9,15
33755,Padragon,tichondrius,862,priest,discipline,24,9,15
33756,Zil,spinebreaker,861,priest,discipline,12,9,3
33757,Cremexo,tichondrius,861,priest,discipline,16,9,7
33758,Nars,draka,861,priest,discipline,18,9,9
33759,Kaldric,korgath,861,priest,discipline,18,9,9
33760,Discountay,burning-legion,861,priest,discipline,18,9,9
33761,Amarøth,illidan,861,priest,discipline,24,9,15
33762,Seader,alterac-mountains,861,priest,discipline,24,9,15
33763,Pahdre,tichondrius,860,priest,discipline,12,9,3
33764,Jeraphìm,tichondrius,860,priest,discipline,18,9,9
33765,Mawlaana,frostmourne,860,priest,discipline,18,9,9
33766,Griggleslol,tichondrius,859,priest,discipline,12,9,3
33767,Forestpriest,area-52,859,priest,discipline,18,9,9
33768,Selson,stormrage,859,priest,discipline,30,9,21
33769,Notahero,tichondrius,858,priest,discipline,12,9,3
33770,Preachermang,laughing-skull,858,priest,discipline,18,9,9
33771,Divinity,hellscream,858,priest,discipline,24,9,15
33772,Ricflayer,lothar,858,priest,discipline,24,9,15
33773,Rugaru,emerald-dream,857,priest,discipline,21,10,11
33774,Jhonka,nerzhul,856,priest,discipline,12,9,3
33775,Rohee,illidan,856,priest,discipline,18,9,9
33776,Caiitlynn,quelthalas,856,priest,discipline,24,9,15
33777,Sipmemaster,tichondrius,856,priest,discipline,24,9,15
33778,Maiyennefer,proudmoore,855,priest,discipline,24,9,15
33779,Igotdots,scilla,854,priest,discipline,42,18,24
33780,Sunayriah,illidan,853,priest,discipline,12,9,3
33781,Mangoes,scilla,853,priest,discipline,20,9,11
33782,Zathanel,ragnaros,852,priest,discipline,24,9,15
33783,Whitegirlirl,blackrock,850,priest,discipline,12,9,3
33784,Brahskeet,illidan,841,priest,discipline,30,9,21
33785,Darkblesxd,quelthalas,837,priest,discipline,12,9,3
33786,Thelonioüs,tichondrius,832,priest,discipline,55,20,35
33787,Rockrock,zuljin,831,priest,discipline,14,11,3
33788,Creepa,kul-tiras,831,priest,discipline,16,9,7
33789,Deemmortii,stormrage,831,priest,discipline,28,9,19
33790,Serana,maelstrom,829,priest,discipline,142,69,73
33791,Supersede,sargeras,828,priest,discipline,173,80,93
33792,Delithara,tichondrius,826,priest,discipline,18,9,9
33793,Holyshield,jubeithos,825,priest,discipline,19,10,9
33794,Fenty,nemesis,825,priest,discipline,24,11,13
33795,Mydranol,tichondrius,824,priest,discipline,29,9,20
33796,Khinthazin,barthilas,815,priest,discipline,48,20,28
33797,Arizztocrat,tichondrius,814,priest,discipline,17,9,8
33798,Såx,stormreaver,814,priest,discipline,21,9,12
33799,Ipód,tichondrius,813,priest,discipline,15,10,5
33800,Breathkeeper,proudmoore,810,priest,discipline,21,10,11
33801,Wellheeled,norgannon,806,priest,discipline,21,9,12
33802,Wingchick,azshara,805,priest,discipline,60,22,38
33803,Chinsta,tichondrius,804,priest,discipline,25,10,15
33804,Slaac,malfurion,799,priest,discipline,17,9,8
33805,Deadshöt,gorefiend,796,priest,discipline,14,9,5
33806,Ðrip,burning-legion,796,priest,discipline,16,9,7
33807,Winston,tichondrius,784,priest,discipline,19,9,10
33808,Jessikal,quelthalas,784,priest,discipline,19,9,10
33809,Fátima,tichondrius,783,priest,discipline,11,9,2
33810,Butdidudied,sargeras,783,priest,discipline,17,9,8
33811,Caz,sargeras,775,priest,discipline,24,12,12
33812,Alterboy,garrosh,769,priest,discipline,24,9,15
33813,Myòvó,tichondrius,768,priest,discipline,12,8,4
33814,Xzliak,area-52,768,priest,discipline,12,8,4
33815,Dabû,tichondrius,768,priest,discipline,12,8,4
33816,Nausitoo,ragnaros,768,priest,discipline,12,8,4
33817,Ñightelf,area-52,768,priest,discipline,12,8,4
33818,Spriestbro,emerald-dream,768,priest,discipline,12,8,4
33819,Zenelu,tichondrius,768,priest,discipline,12,8,4
33820,Bananass,sargeras,768,priest,discipline,12,8,4
33821,Slpox,sargeras,768,priest,discipline,12,8,4
33822,Nydrosia,frostmourne,768,priest,discipline,12,8,4
33823,Sallydaddy,wyrmrest-accord,768,priest,discipline,12,8,4
33824,Sip,sargeras,768,priest,discipline,12,8,4
33825,Soloqqt,tichondrius,768,priest,discipline,12,8,4
33826,Fzz,queldorei,768,priest,discipline,12,8,4
33827,Evèlyn,dathremar,768,priest,discipline,12,8,4
33828,Fathersean,sargeras,768,priest,discipline,12,8,4
33829,Yansuanmu,tichondrius,768,priest,discipline,12,8,4
33830,Zeepew,tichondrius,768,priest,discipline,12,8,4
33831,Rlkeyboard,sargeras,768,priest,discipline,12,8,4
33832,Bangseight,sargeras,768,priest,discipline,12,8,4
33833,Bubbletrubbl,blackrock,768,priest,discipline,12,8,4
33834,Sìkarìa,illidan,768,priest,discipline,12,8,4
33835,Voltekkeh,tichondrius,768,priest,discipline,12,8,4
33836,Heeka,kelthuzad,768,priest,discipline,12,8,4
33837,Pws,azralon,768,priest,discipline,12,8,4
33838,Sweethole,illidan,768,priest,discipline,12,8,4
33839,Discipline,the-scryers,768,priest,discipline,12,8,4
33840,Qohoo,tichondrius,768,priest,discipline,12,8,4
33841,Plosux,tichondrius,768,priest,discipline,12,8,4
33842,Spitonmejuli,illidan,768,priest,discipline,12,8,4
33843,Criiltwo,area-52,768,priest,discipline,12,8,4
33844,Ucksy,blackrock,768,priest,discipline,18,8,10
33845,Dehf,bleeding-hollow,768,priest,discipline,18,8,10
33846,Kfcchicken,proudmoore,768,priest,discipline,18,8,10
33847,Sotore,bleeding-hollow,768,priest,discipline,18,8,10
33848,Yosps,tichondrius,768,priest,discipline,18,8,10
33849,Sussywussy,stormrage,768,priest,discipline,18,8,10
33850,Jodaa,sargeras,768,priest,discipline,18,8,10
33851,Robinophelia,sargeras,768,priest,discipline,18,8,10
33852,Aikinorz,tichondrius,768,priest,discipline,18,8,10
33853,Alcoric,illidan,768,priest,discipline,18,8,10
33854,Owlchubz,mannoroth,768,priest,discipline,18,8,10
33855,Melielectra,tichondrius,768,priest,discipline,18,8,10
33856,Mellisonant,stormrage,768,priest,discipline,18,8,10
33857,Jangma,tichondrius,768,priest,discipline,18,8,10
33858,Victordaddy,illidan,768,priest,discipline,18,8,10
33859,Uroka,malganis,768,priest,discipline,18,8,10
33860,Manbelow,bleeding-hollow,768,priest,discipline,27,9,18
33861,Deagled,tichondrius,768,priest,discipline,24,8,16
33862,Voidrisu,sargeras,768,priest,discipline,24,8,16
33863,Avipriest,area-52,768,priest,discipline,24,8,16
33864,Minyeong,tichondrius,768,priest,discipline,24,8,16
33865,Hugeshield,stormrage,768,priest,discipline,24,8,16
33866,Mavalie,zuljin,768,priest,discipline,24,8,16
33867,Dylan,shuhalo,768,priest,discipline,24,8,16
33868,Fréákk,ragnaros,768,priest,discipline,24,8,16
33869,Urgetopurge,dunemaul,767,priest,discipline,12,8,4
33870,Miketython,chogall,767,priest,discipline,12,8,4
33871,Mariels,quelthalas,767,priest,discipline,12,8,4
33872,Elkies,area-52,767,priest,discipline,12,8,4
33873,Iulu,doomhammer,767,priest,discipline,12,8,4
33874,Laggytwodope,tichondrius,767,priest,discipline,12,8,4
33875,Chinstrap,zuljin,767,priest,discipline,12,8,4
33876,Powerranger,senjin,767,priest,discipline,12,8,4
33877,Cassiuss,kelthuzad,767,priest,discipline,12,8,4
33878,Lucènt,frostmourne,767,priest,discipline,12,8,4
33879,Shinemyhead,stormrage,767,priest,discipline,12,8,4
33880,Vyndïllïn,tichondrius,767,priest,discipline,12,8,4
33881,Ryuuka,sargeras,767,priest,discipline,12,8,4
33882,Yotinha,nemesis,767,priest,discipline,12,8,4
33883,Geniusidiot,area-52,767,priest,discipline,12,8,4
33884,Hölymöly,moon-guard,767,priest,discipline,12,8,4
33885,Piusxll,tichondrius,767,priest,discipline,12,8,4
33886,Daegal,malfurion,767,priest,discipline,12,8,4
33887,Rousesz,ragnaros,767,priest,discipline,12,8,4
33888,Rainny,proudmoore,767,priest,discipline,12,8,4
33889,Gawlas,azshara,767,priest,discipline,12,8,4
33890,Alarisa,chogall,767,priest,discipline,12,8,4
33891,Lelyna,stormrage,767,priest,discipline,12,8,4
33892,Tubshark,moon-guard,767,priest,discipline,12,8,4
33893,Kynsias,stormrage,767,priest,discipline,15,8,7
33894,Jùdas,ravencrest,767,priest,discipline,18,8,10
33895,Pehkthree,hyjal,767,priest,discipline,18,8,10
33896,Grotti,ragnaros,767,priest,discipline,18,8,10
33897,Analiesa,moon-guard,767,priest,discipline,18,8,10
33898,Datspice,stormrage,767,priest,discipline,18,8,10
33899,Hesus,deathwing,767,priest,discipline,18,8,10
33900,Hellsembrace,lightbringer,767,priest,discipline,18,8,10
33901,Phobe,windrunner,767,priest,discipline,18,8,10
33902,Holyslap,nerzhul,767,priest,discipline,18,8,10
33903,Fatherdan,blackrock,767,priest,discipline,24,8,16
33904,Providennce,tichondrius,767,priest,discipline,24,8,16
33905,Èuneekz,thrall,767,priest,discipline,24,8,16
33906,Weston,bleeding-hollow,767,priest,discipline,24,8,16
33907,Oniizanagi,thrall,767,priest,discipline,24,8,16
33908,Dawnside,wyrmrest-accord,767,priest,discipline,24,8,16
33909,Hl,dalaran,767,priest,discipline,24,8,16
33910,Showakoi,ragnaros,767,priest,discipline,28,9,19
33911,Shirley,skywall,767,priest,discipline,30,8,22
33912,Mørphina,azralon,766,priest,discipline,12,8,4
33913,Abzorbed,stormrage,766,priest,discipline,12,8,4
33914,Dorós,coilfang,766,priest,discipline,12,8,4
33915,Payperbuff,tichondrius,766,priest,discipline,12,8,4
33916,Spitefuldirk,dalaran,766,priest,discipline,12,8,4
33917,Mineral,sargeras,766,priest,discipline,12,8,4
33918,Kynnen,mannoroth,766,priest,discipline,12,8,4
33919,Grizzblessed,sargeras,766,priest,discipline,12,8,4
33920,Jerserra,emerald-dream,766,priest,discipline,12,8,4
33921,Fakér,illidan,766,priest,discipline,12,8,4
33922,Juniorfloyd,tichondrius,766,priest,discipline,12,8,4
33923,Moonarie,draka,766,priest,discipline,12,8,4
33924,Empty,frostmourne,766,priest,discipline,12,8,4
33925,Sinwifi,ragnaros,766,priest,discipline,12,8,4
33926,Imb,nagrand,766,priest,discipline,12,8,4
33927,Illen,nemesis,766,priest,discipline,12,8,4
33928,Xhaajyh,area-52,766,priest,discipline,12,8,4
33929,Unagidrop,malganis,766,priest,discipline,16,9,7
33930,Via,chogall,766,priest,discipline,18,8,10
33931,Gõd,zuluhed,766,priest,discipline,18,8,10
33932,Asatruu,stormrage,766,priest,discipline,18,8,10
33933,Purus,tichondrius,766,priest,discipline,18,8,10
33934,Mondrielris,tichondrius,766,priest,discipline,18,8,10
33935,Spriest,kul-tiras,766,priest,discipline,18,8,10
33936,Invisapowa,hyjal,766,priest,discipline,18,8,10
33937,Shaerel,dalaran,766,priest,discipline,18,8,10
33938,Pollyphia,kiljaeden,765,priest,discipline,12,8,4
33939,Stoutqt,arthas,765,priest,discipline,12,8,4
33940,Tsunadae,hakkar,765,priest,discipline,12,8,4
33941,Lasslìn,bonechewer,765,priest,discipline,12,8,4
33942,Bandaidvibes,tichondrius,765,priest,discipline,12,8,4
33943,Bübbler,tichondrius,765,priest,discipline,12,8,4
33944,Kelelin,frostwolf,765,priest,discipline,18,8,10
33945,Frekigeri,dalaran,765,priest,discipline,18,8,10
33946,Aybaby,kiljaeden,765,priest,discipline,18,8,10
33947,Shalther,thrall,765,priest,discipline,18,8,10
33948,Nursébeardy,whisperwind,765,priest,discipline,18,8,10
33949,Sahray,quelthalas,765,priest,discipline,18,8,10
33950,Fhelurian,quelthalas,765,priest,discipline,18,8,10
33951,Brosbeforeho,tichondrius,765,priest,discipline,24,8,16
33952,Xiphz,stormrage,765,priest,discipline,24,8,16
33953,Velinthra,proudmoore,764,priest,discipline,12,8,4
33954,Awyn,elune,764,priest,discipline,12,8,4
33955,Glepstein,emerald-dream,764,priest,discipline,18,8,10
33956,Gudnewsevone,illidan,764,priest,discipline,18,8,10
33957,Lobstersock,malganis,764,priest,discipline,18,8,10
33958,Chloangel,frostmourne,764,priest,discipline,18,8,10
33959,Healrat,thrall,764,priest,discipline,18,8,10
33960,Vampriest,frostmourne,764,priest,discipline,19,8,11
33961,Kuppel,tichondrius,764,priest,discipline,24,8,16
33962,Glownoodle,stormrage,763,priest,discipline,12,8,4
33963,Itchybubble,emerald-dream,763,priest,discipline,12,8,4
33964,Taiji,whisperwind,763,priest,discipline,12,8,4
33965,Ashlìe,moon-guard,763,priest,discipline,18,8,10
33966,Deadheadfred,bonechewer,763,priest,discipline,18,8,10
33967,Rókue,silvermoon,763,priest,discipline,18,8,10
33968,Squatrack,tichondrius,763,priest,discipline,24,8,16
33969,Nuell,malganis,762,priest,discipline,12,8,4
33970,Badazzfrank,tichondrius,762,priest,discipline,18,8,10
33971,Oniyuri,dark-iron,760,priest,discipline,12,8,4
33972,Sunael,quelthalas,760,priest,discipline,12,8,4
33973,Fluxus,sargeras,760,priest,discipline,12,8,4
33974,Cheuksin,korgath,759,priest,discipline,12,8,4
33975,Lifesavér,tichondrius,759,priest,discipline,12,8,4
33976,Tâmpîcö,ragnaros,759,priest,discipline,18,8,10
33977,Kasamm,nazjatar,756,priest,discipline,18,8,10
33978,Theleena,malorne,755,priest,discipline,24,8,16
33979,Flannigan,veknilash,753,priest,discipline,12,8,4
33980,Alleviate,frostmourne,751,priest,discipline,17,8,9
33981,Chadeux,bleeding-hollow,751,priest,discipline,18,8,10
33982,Whitepi,tichondrius,751,priest,discipline,21,9,12
33983,Healloween,stormrage,749,priest,discipline,12,8,4
33984,Peacebewithu,echo-isles,749,priest,discipline,12,8,4
33985,Jahsheer,kiljaeden,748,priest,discipline,14,10,4
33986,Iseeyoulookn,stormrage,743,priest,discipline,23,10,13
33987,Phathighs,nagrand,739,priest,discipline,18,8,10
33988,Dopeyspriest,area-52,735,priest,discipline,14,9,5
33989,Pokebox,frostmourne,735,priest,discipline,16,8,8
33990,Álûcard,illidan,734,priest,discipline,13,9,4
33991,Unholyshield,frostmourne,734,priest,discipline,17,8,9
33992,Itssehctap,chogall,732,priest,discipline,14,9,5
33993,Aloragon,tichondrius,732,priest,discipline,17,8,9
33994,Priestmain,thrall,731,priest,discipline,17,8,9
33995,Kloevu,stormrage,725,priest,discipline,17,8,9
33996,Itxo,quelthalas,723,priest,discipline,16,9,7
33997,Invoice,bloodscalp,719,priest,discipline,17,8,9
33998,Pðpë,area-52,718,priest,discipline,11,8,3
33999,Clarity,arthas,718,priest,discipline,15,9,6
34000,Nikniknak,bleeding-hollow,715,priest,discipline,15,9,6
34001,Inmøthep,ragnaros,713,priest,discipline,22,9,13
34002,Nås,elune,711,priest,discipline,22,10,12
34003,Trashdiscx,stormrage,707,priest,discipline,25,11,14
34004,Aenbubble,tichondrius,703,priest,discipline,14,8,6
34005,Beecakes,illidan,701,priest,discipline,13,9,4
34006,Styléßéndérx,illidan,687,priest,discipline,11,8,3
34007,Väin,proudmoore,685,priest,discipline,27,10,17
34008,Läsombra,area-52,684,priest,discipline,17,9,8
34009,Holyhand,auchindoun,672,priest,discipline,12,7,5
34010,Holyscuz,zuljin,672,priest,discipline,12,7,5
34011,Dontgome,proudmoore,672,priest,discipline,12,7,5
34012,Sevros,moon-guard,672,priest,discipline,12,7,5
34013,Powerwôrdhug,destromath,672,priest,discipline,12,7,5
34014,Holyshiiet,area-52,672,priest,discipline,12,7,5
34015,Artirie,darkspear,672,priest,discipline,12,7,5
34016,Wâtermelon,stormrage,672,priest,discipline,12,7,5
34017,Squigic,turalyon,672,priest,discipline,12,7,5
34018,Marejayne,tichondrius,672,priest,discipline,12,7,5
34019,Josephlin,quelthalas,672,priest,discipline,12,7,5
34020,Pavesarii,proudmoore,672,priest,discipline,12,7,5
34021,Eneldz,quelthalas,672,priest,discipline,12,7,5
34022,Amoureuxz,bleeding-hollow,672,priest,discipline,12,7,5
34023,Wale,akama,672,priest,discipline,12,7,5
34024,Jenhawkinsx,frostmourne,672,priest,discipline,12,7,5
34025,Tòodles,stormrage,672,priest,discipline,12,7,5
34026,Priesticules,illidan,672,priest,discipline,12,7,5
34027,Walpurgis,skywall,672,priest,discipline,12,7,5
34028,Whataday,tichondrius,672,priest,discipline,12,7,5
34029,Dráugr,ragnaros,672,priest,discipline,12,7,5
34030,Yodud,tichondrius,672,priest,discipline,12,7,5
34031,Penanced,tichondrius,672,priest,discipline,12,7,5
34032,Thewaker,tichondrius,672,priest,discipline,12,7,5
34033,Omsi,emerald-dream,672,priest,discipline,12,7,5
34034,Scandi,tichondrius,672,priest,discipline,12,7,5
34035,Brehzy,zuljin,672,priest,discipline,12,7,5
34036,Kymomeh,sargeras,672,priest,discipline,12,7,5
34037,Ogdisc,gallywix,672,priest,discipline,12,7,5
34038,Aeyde,proudmoore,672,priest,discipline,12,7,5
34039,Sadsadge,sargeras,672,priest,discipline,12,7,5
34040,Fialiadia,illidan,672,priest,discipline,12,7,5
34041,Burgersl,illidan,672,priest,discipline,12,7,5
34042,Interacts,darkspear,672,priest,discipline,12,7,5
34043,Fronkeytko,tichondrius,672,priest,discipline,12,7,5
34044,Clevelandboy,blackrock,672,priest,discipline,12,7,5
34045,Xellda,azjolnerub,672,priest,discipline,12,7,5
34046,Tslacalls,malganis,672,priest,discipline,12,7,5
34047,Kiloe,tichondrius,672,priest,discipline,12,7,5
34048,Littlehcl,tichondrius,672,priest,discipline,12,7,5
34049,Bigolbush,moon-guard,672,priest,discipline,12,7,5
34050,Dwarfxomp,ragnaros,672,priest,discipline,12,7,5
34051,Taboogie,tichondrius,672,priest,discipline,12,7,5
34052,Absorbn,barthilas,672,priest,discipline,12,7,5
34053,Carboload,thrall,672,priest,discipline,12,7,5
34054,Onipapae,frostmourne,672,priest,discipline,12,7,5
34055,Djwienerbum,darkspear,672,priest,discipline,12,7,5
34056,Olibreaker,tichondrius,672,priest,discipline,12,7,5
34057,Fäÿë,tichondrius,672,priest,discipline,12,7,5
34058,Jnglpriestx,thrall,672,priest,discipline,12,7,5
34059,Xsy,stormrage,672,priest,discipline,12,7,5
34060,Notlowboy,area-52,672,priest,discipline,12,7,5
34061,Moondèx,maelstrom,672,priest,discipline,12,7,5
34062,Nerfdisc,elune,672,priest,discipline,12,7,5
34063,Ninielly,stormrage,672,priest,discipline,14,8,6
34064,Siddhar,illidan,672,priest,discipline,13,7,6
34065,Photicz,thrall,672,priest,discipline,17,8,9
34066,Burkett,sargeras,672,priest,discipline,18,7,11
34067,Dxs,hydraxis,672,priest,discipline,18,7,11
34068,Iwillrezguys,tichondrius,672,priest,discipline,18,7,11
34069,Joeybats,frostwolf,672,priest,discipline,18,7,11
34070,Manbooty,illidan,672,priest,discipline,18,7,11
34071,Aryeinna,illidan,672,priest,discipline,18,7,11
34072,Azari,illidan,672,priest,discipline,18,7,11
34073,Jugeum,proudmoore,672,priest,discipline,18,7,11
34074,Criminalsp,frostmourne,672,priest,discipline,18,7,11
34075,Späcehulk,illidan,672,priest,discipline,18,7,11
34076,Dingledot,sargeras,672,priest,discipline,18,7,11
34077,Rigotakx,illidan,672,priest,discipline,18,7,11
34078,Nayng,tichondrius,672,priest,discipline,18,7,11
34079,Upsahl,area-52,672,priest,discipline,18,7,11
34080,Mockr,kiljaeden,672,priest,discipline,18,7,11
34081,Xayda,area-52,672,priest,discipline,18,7,11
34082,Lidole,barthilas,672,priest,discipline,18,7,11
34083,Jagsp,area-52,672,priest,discipline,18,7,11
34084,Döyöuliftbro,tichondrius,672,priest,discipline,18,7,11
34085,Xalty,emerald-dream,672,priest,discipline,21,8,13
34086,Pïque,proudmoore,672,priest,discipline,24,7,17
34087,Teamz,illidan,672,priest,discipline,24,7,17
34088,Diebetus,zuljin,672,priest,discipline,24,7,17
34089,Ezrah,kelthuzad,672,priest,discipline,24,7,17
34090,Autogenic,malganis,672,priest,discipline,24,7,17
34091,Babymieo,illidan,672,priest,discipline,24,7,17
34092,Stríkes,emerald-dream,672,priest,discipline,24,7,17
34093,Polyesterp,frostmourne,672,priest,discipline,24,7,17
34094,Mindfak,bleeding-hollow,672,priest,discipline,24,7,17
34095,Ehmacros,kelthuzad,672,priest,discipline,24,7,17
34096,Discpriestxo,malganis,672,priest,discipline,30,7,23
34097,Zortroz,tichondrius,671,priest,discipline,10,8,2
34098,Thalladori,area-52,671,priest,discipline,16,10,6
34099,Lumyra,malganis,671,priest,discipline,12,7,5
34100,Saintclac,illidan,671,priest,discipline,12,7,5
34101,Smileshadowx,frostmourne,671,priest,discipline,12,7,5
34102,Fleische,thrall,671,priest,discipline,12,7,5
34103,Altari,whisperwind,671,priest,discipline,12,7,5
34104,Saphet,draktharon,671,priest,discipline,12,7,5
34105,Skgangmm,tichondrius,671,priest,discipline,12,7,5
34106,Linlight,stormrage,671,priest,discipline,12,7,5
34107,Worstpriest,stormscale,671,priest,discipline,12,7,5
34108,Dreaminz,tichondrius,671,priest,discipline,12,7,5
34109,Clerkbum,emerald-dream,671,priest,discipline,12,7,5
34110,Lebanese,frostmourne,671,priest,discipline,12,7,5
34111,Beocca,nerzhul,671,priest,discipline,12,7,5
34112,Tassadaraiur,tichondrius,671,priest,discipline,12,7,5
34113,Mahelet,drakkari,671,priest,discipline,12,7,5
34114,Popeofdope,queldorei,671,priest,discipline,12,7,5
34115,Fatherleem,tichondrius,671,priest,discipline,12,7,5
34116,Travakel,proudmoore,671,priest,discipline,12,7,5
34117,Lightschosen,malganis,671,priest,discipline,12,7,5
34118,Moirâ,silvermoon,671,priest,discipline,12,7,5
34119,Milkymommies,tichondrius,671,priest,discipline,12,7,5
34120,Zarfs,burning-blade,671,priest,discipline,12,7,5
34121,Curra,frostmourne,671,priest,discipline,12,7,5
34122,Debigheal,stormrage,671,priest,discipline,12,7,5
34123,Lovetotouch,malganis,671,priest,discipline,12,7,5
34124,Jeremey,darkspear,671,priest,discipline,12,7,5
34125,Danílo,quelthalas,671,priest,discipline,12,7,5
34126,Dorlala,tichondrius,671,priest,discipline,12,7,5
34127,Fatherjerry,kiljaeden,671,priest,discipline,12,7,5
34128,Trinidy,illidan,671,priest,discipline,12,7,5
34129,Esohpr,frostmourne,671,priest,discipline,12,7,5
34130,Atheenia,icecrown,671,priest,discipline,12,7,5
34131,Synapse,moon-guard,671,priest,discipline,12,7,5
34132,Demonwizard,sargeras,671,priest,discipline,12,7,5
34133,Kenprizle,sargeras,671,priest,discipline,12,7,5
34134,Bombinburbon,durotan,671,priest,discipline,12,7,5
34135,Maenard,emerald-dream,671,priest,discipline,12,7,5
34136,Epik,moknathal,671,priest,discipline,15,8,7
34137,Telrane,aggramar,671,priest,discipline,18,7,11
34138,Mottomami,nemesis,671,priest,discipline,18,7,11
34139,Merxy,bleeding-hollow,671,priest,discipline,18,7,11
34140,Randomheal,dunemaul,671,priest,discipline,18,7,11
34141,Adofthealer,illidan,671,priest,discipline,18,7,11
34142,Ganelm,vashj,671,priest,discipline,18,7,11
34143,Jjojae,illidan,671,priest,discipline,18,7,11
34144,Revivemepls,tichondrius,671,priest,discipline,18,7,11
34145,Vania,tortheldrin,671,priest,discipline,18,7,11
34146,Rillding,tichondrius,671,priest,discipline,18,7,11
34147,Caeda,icecrown,671,priest,discipline,24,7,17
34148,Floorpray,tichondrius,671,priest,discipline,24,7,17
34149,Xiaozhui,tichondrius,671,priest,discipline,24,7,17
34150,Malansuo,wyrmrest-accord,671,priest,discipline,30,7,23
34151,Kastwalker,earthen-ring,670,priest,discipline,12,7,5
34152,Donus,frostmane,670,priest,discipline,12,7,5
34153,Triplekil,tichondrius,670,priest,discipline,12,7,5
34154,Cromagnøn,dalaran,670,priest,discipline,12,7,5
34155,Susannahh,goldrinn,670,priest,discipline,12,7,5
34156,Xð,jubeithos,670,priest,discipline,12,7,5
34157,Angelicduck,illidan,670,priest,discipline,12,7,5
34158,Lavvari,durotan,670,priest,discipline,12,7,5
34159,Antìdote,tichondrius,670,priest,discipline,12,7,5
34160,Fedge,kelthuzad,670,priest,discipline,12,7,5
34161,Mitras,moon-guard,670,priest,discipline,12,7,5
34162,Fatherhands,illidan,670,priest,discipline,12,7,5
34163,Mortïmer,alleria,670,priest,discipline,12,7,5
34164,Madskills,shadow-council,670,priest,discipline,12,7,5
34165,Spiceenjoyer,emerald-dream,670,priest,discipline,15,8,7
34166,Dwennalous,stormrage,670,priest,discipline,18,7,11
34167,Xeras,ravencrest,670,priest,discipline,18,7,11
34168,Arkathus,stormrage,670,priest,discipline,18,7,11
34169,Râku,area-52,670,priest,discipline,18,7,11
34170,Prófessór,tichondrius,670,priest,discipline,18,7,11
34171,Holymeta,dunemaul,670,priest,discipline,18,7,11
34172,Mègadèath,area-52,670,priest,discipline,18,7,11
34173,Zgzz,stormrage,670,priest,discipline,24,7,17
34174,Kerfos,azralon,669,priest,discipline,10,8,2
34175,Dorst,bonechewer,669,priest,discipline,18,7,11
34176,Gabryanna,emerald-dream,669,priest,discipline,18,7,11
34177,Laj,proudmoore,669,priest,discipline,24,7,17
34178,Evelien,kiljaeden,669,priest,discipline,24,7,17
34179,Jikoguu,stormscale,669,priest,discipline,24,7,17
34180,Bubbleyo,shandris,668,priest,discipline,12,7,5
34181,Darthvalak,illidan,668,priest,discipline,12,7,5
34182,Nielic,arygos,668,priest,discipline,12,7,5
34183,Butterflyblu,ragnaros,668,priest,discipline,13,7,6
34184,Kenray,sargeras,668,priest,discipline,18,7,11
34185,Albertth,ragnaros,668,priest,discipline,18,7,11
34186,Butterblessr,thunderlord,668,priest,discipline,19,7,12
34187,Viehweg,azralon,667,priest,discipline,18,7,11
34188,Nikasaur,azgalor,667,priest,discipline,18,7,11
34189,Healzutwo,tichondrius,667,priest,discipline,18,7,11
34190,Tassik,dalaran,667,priest,discipline,18,7,11
34191,Xojelas,quelthalas,666,priest,discipline,12,7,5
34192,Glisserin,zuljin,666,priest,discipline,12,7,5
34193,Mortecraft,sargeras,666,priest,discipline,12,7,5
34194,Tenet,stormscale,666,priest,discipline,18,7,11
34195,Charlie,azshara,665,priest,discipline,12,7,5
34196,Pharaoh,deathwing,665,priest,discipline,18,7,11
34197,Grapedraankk,kelthuzad,664,priest,discipline,12,7,5
34198,Crossblesser,alleria,663,priest,discipline,12,7,5
34199,Sezyks,stormrage,655,priest,discipline,17,7,10
34200,Rcx,sargeras,655,priest,discipline,17,7,10
34201,Plasticbag,frostmourne,654,priest,discipline,17,7,10
34202,Gankchange,tichondrius,639,priest,discipline,14,8,6
34203,Pridesp,tichondrius,639,priest,discipline,14,8,6
34204,Lalo,bleeding-hollow,638,priest,discipline,23,7,16
34205,Vyvanse,azuremyst,638,priest,discipline,29,7,22
34206,Futatsi,zuljin,634,priest,discipline,23,7,16
34207,Dreadxshadow,stormrage,628,priest,discipline,24,12,12
34208,Laeral,quelthalas,626,priest,discipline,23,7,16
34209,Swagacious,malganis,624,priest,discipline,13,8,5
34210,Elliepls,tichondrius,624,priest,discipline,15,7,8
34211,Holysmegma,dreadmaul,623,priest,discipline,11,7,4
34212,Ezpríest,kelthuzad,623,priest,discipline,11,7,4
34213,Azaleth,sargeras,623,priest,discipline,17,7,10
34214,Elevatez,stormrage,608,priest,discipline,10,7,3
34215,Åffliction,sargeras,607,priest,discipline,11,7,4
34216,Coolzo,dethecus,607,priest,discipline,14,8,6
34217,Jimyo,tichondrius,607,priest,discipline,15,7,8
34218,Coutúre,illidan,606,priest,discipline,11,7,4
34219,Codiroli,tichondrius,606,priest,discipline,14,7,7
34220,Forprophet,proudmoore,606,priest,discipline,22,7,15
34221,Athzziry,ragnaros,599,priest,discipline,21,7,14
34222,Applekrisp,sargeras,589,priest,discipline,25,8,17
34223,Thirddps,illidan,576,priest,discipline,6,6,0
34224,Pearl,chogall,576,priest,discipline,6,6,0
34225,Illmatíc,malganis,576,priest,discipline,6,6,0
34226,Eldoras,zuljin,576,priest,discipline,6,6,0
34227,Porffy,malygos,576,priest,discipline,6,6,0
34228,Càptain,moon-guard,576,priest,discipline,6,6,0
34229,Jtrxyz,tichondrius,576,priest,discipline,6,6,0
34230,Delai,dalaran,576,priest,discipline,6,6,0
34231,Healia,tichondrius,576,priest,discipline,6,6,0
34232,Syndrox,kelthuzad,576,priest,discipline,6,6,0
34233,Wizeau,dalaran,576,priest,discipline,6,6,0
34234,Bernietopper,tichondrius,576,priest,discipline,12,6,6
34235,Scripture,stormreaver,576,priest,discipline,12,6,6
34236,Instaboned,sargeras,576,priest,discipline,12,6,6
34237,Armour,kelthuzad,576,priest,discipline,12,6,6
34238,Syncope,garona,576,priest,discipline,12,6,6
34239,Meshuggah,archimonde,576,priest,discipline,12,6,6
34240,Seléne,tichondrius,576,priest,discipline,12,6,6
34241,Yannigirl,area-52,576,priest,discipline,12,6,6
34242,Celypriest,moon-guard,576,priest,discipline,12,6,6
34243,Bambucha,ragnaros,576,priest,discipline,12,6,6
34244,Nokzo,dalaran,576,priest,discipline,12,6,6
34245,Treri,bleeding-hollow,576,priest,discipline,12,6,6
34246,Docpriestelf,kelthuzad,576,priest,discipline,12,6,6
34247,Taviesh,tichondrius,576,priest,discipline,12,6,6
34248,Shwayp,zuljin,576,priest,discipline,12,6,6
34249,Chaotikx,kelthuzad,576,priest,discipline,12,6,6
34250,Frankoizz,quelthalas,576,priest,discipline,12,6,6
34251,Keldrii,sentinels,576,priest,discipline,12,6,6
34252,Akinap,thrall,576,priest,discipline,12,6,6
34253,Datwunguy,sargeras,576,priest,discipline,12,6,6
34254,Nelfpriest,khadgar,576,priest,discipline,12,6,6
34255,Flarkyllama,area-52,576,priest,discipline,12,6,6
34256,Mediterranee,tichondrius,576,priest,discipline,12,6,6
34257,Priil,emerald-dream,576,priest,discipline,12,6,6
34258,Shoepooper,kelthuzad,576,priest,discipline,12,6,6
34259,Raichu,blackrock,576,priest,discipline,12,6,6
34260,Bumps,zuljin,576,priest,discipline,12,6,6
34261,Photicz,malganis,576,priest,discipline,12,6,6
34262,Padrë,tichondrius,576,priest,discipline,12,6,6
34263,Panikâ,thrall,576,priest,discipline,12,6,6
34264,Moselol,tichondrius,576,priest,discipline,12,6,6
34265,Saelomism,frostmourne,576,priest,discipline,12,6,6
34266,Jpgpng,tichondrius,576,priest,discipline,12,6,6
34267,Puritykitty,zuljin,576,priest,discipline,12,6,6
34268,Moqoro,azralon,576,priest,discipline,12,6,6
34269,Inukimi,sargeras,576,priest,discipline,12,6,6
34270,Jackski,aerie-peak,576,priest,discipline,12,6,6
34271,Bigsàd,proudmoore,576,priest,discipline,12,6,6
34272,Zaperama,tichondrius,576,priest,discipline,12,6,6
34273,Prostrat,deathwing,576,priest,discipline,12,6,6
34274,Obstetrician,tichondrius,576,priest,discipline,12,6,6
34275,Rïshloo,ragnaros,576,priest,discipline,12,6,6
34276,Hereges,azralon,576,priest,discipline,12,6,6
34277,Skiza,stormrage,576,priest,discipline,12,6,6
34278,Nineoneoneh,stormrage,576,priest,discipline,12,6,6
34279,Wøah,stormrage,576,priest,discipline,12,6,6
34280,Dimanche,thunderlord,576,priest,discipline,12,6,6
34281,Xiaochenchen,tichondrius,576,priest,discipline,12,6,6
34282,Saviorsëlf,tichondrius,576,priest,discipline,12,6,6
34283,Astralshadow,barthilas,576,priest,discipline,12,6,6
34284,Imfresh,illidan,576,priest,discipline,12,6,6
34285,Dazull,bleeding-hollow,576,priest,discipline,12,6,6
34286,Nethir,moon-guard,576,priest,discipline,12,6,6
34287,Bootypudding,moon-guard,576,priest,discipline,12,6,6
34288,Napr,proudmoore,576,priest,discipline,12,6,6
34289,Rin,ghostlands,576,priest,discipline,12,6,6
34290,Neep,turalyon,576,priest,discipline,12,6,6
34291,Degenerates,blood-furnace,576,priest,discipline,12,6,6
34292,Jopocket,bleeding-hollow,576,priest,discipline,12,6,6
34293,Kzo,gnomeregan,576,priest,discipline,12,6,6
34294,Ruinr,illidan,576,priest,discipline,12,6,6
34295,Wodpriestx,stormrage,576,priest,discipline,12,6,6
34296,Johnio,tichondrius,576,priest,discipline,12,6,6
34297,Ahnassi,stormrage,576,priest,discipline,12,6,6
34298,Purpskurp,stormrage,576,priest,discipline,12,6,6
34299,Babburger,tichondrius,576,priest,discipline,12,6,6
34300,Bohomag,tichondrius,576,priest,discipline,12,6,6
34301,Intrav,malganis,576,priest,discipline,12,6,6
34302,Redkiwi,illidan,576,priest,discipline,12,6,6
34303,Bloodfaith,stormrage,576,priest,discipline,12,6,6
34304,Decades,moon-guard,576,priest,discipline,12,6,6
34305,Slobmygnob,illidan,576,priest,discipline,12,6,6
34306,Dubai,tichondrius,576,priest,discipline,12,6,6
34307,Lisau,tichondrius,576,priest,discipline,12,6,6
34308,Thelastfight,frostmourne,576,priest,discipline,12,6,6
34309,Wabie,illidan,576,priest,discipline,12,6,6
34310,Chicoryx,illidan,576,priest,discipline,12,6,6
34311,Joanoarc,destromath,576,priest,discipline,12,6,6
34312,Warlocks,lightbringer,576,priest,discipline,12,6,6
34313,Elfgasmic,blackwater-raiders,576,priest,discipline,12,6,6
34314,Rëy,bleeding-hollow,576,priest,discipline,12,6,6
34315,Fatherjohnny,azuremyst,576,priest,discipline,12,6,6
34316,Dimebahg,mugthol,576,priest,discipline,12,6,6
34317,Roentgen,sargeras,576,priest,discipline,12,6,6
34318,Boppdot,tichondrius,576,priest,discipline,12,6,6
34319,Jubinátor,tichondrius,576,priest,discipline,12,6,6
34320,Stankychimpo,malganis,576,priest,discipline,12,6,6
34321,Capriestsunx,malfurion,576,priest,discipline,12,6,6
34322,Kawasakix,tichondrius,576,priest,discipline,12,6,6
34323,Ifortalot,lothar,576,priest,discipline,12,6,6
34324,Punchyxz,illidan,576,priest,discipline,12,6,6
34325,Tcfx,bleeding-hollow,576,priest,discipline,12,6,6
34326,Johnnysyns,frostmourne,576,priest,discipline,12,6,6
34327,Surletoit,tichondrius,576,priest,discipline,12,6,6
34328,Darkinfusion,illidan,576,priest,discipline,12,6,6
34329,Saintjpii,tichondrius,576,priest,discipline,12,6,6
34330,Luun,bleeding-hollow,576,priest,discipline,12,6,6
34331,Randyortonn,tichondrius,576,priest,discipline,12,6,6
34332,Træway,tichondrius,576,priest,discipline,12,6,6
34333,Bigfirebet,tichondrius,576,priest,discipline,15,7,8
34334,Preyforme,tichondrius,576,priest,discipline,13,6,7
34335,Fiéstah,illidan,576,priest,discipline,21,7,14
34336,Oymay,illidan,576,priest,discipline,18,6,12
34337,Slthrysnake,area-52,576,priest,discipline,18,6,12
34338,Jinzp,area-52,576,priest,discipline,18,6,12
34339,Komicks,tichondrius,576,priest,discipline,18,6,12
34340,Asmødeus,bleeding-hollow,576,priest,discipline,18,6,12
34341,Keepsleepin,stormrage,576,priest,discipline,18,6,12
34342,Priestmass,dalaran,576,priest,discipline,18,6,12
34343,Junethegreat,tichondrius,576,priest,discipline,18,6,12
34344,Dgpriest,tichondrius,576,priest,discipline,18,6,12
34345,Fartnutts,dalaran,576,priest,discipline,18,6,12
34346,Stepbrohelp,barthilas,576,priest,discipline,18,6,12
34347,Çørrúptíøñz,tichondrius,576,priest,discipline,18,6,12
34348,Dots,tichondrius,576,priest,discipline,18,6,12
34349,Jarzo,thunderhorn,576,priest,discipline,18,6,12
34350,Wiñtér,tichondrius,576,priest,discipline,18,6,12
34351,Jazmiine,ragnaros,576,priest,discipline,18,6,12
34352,Shadlo,chogall,576,priest,discipline,18,6,12
34353,Sandelios,aggramar,576,priest,discipline,18,6,12
34354,Jiedx,tichondrius,576,priest,discipline,18,6,12
34355,Fadedhalo,magtheridon,576,priest,discipline,18,6,12
34356,Repriest,malganis,576,priest,discipline,18,6,12
34357,Lildes,tichondrius,576,priest,discipline,18,6,12
34358,Sojang,tichondrius,576,priest,discipline,18,6,12
34359,Drossv,shadowmoon,576,priest,discipline,18,6,12
34360,Ershackleton,illidan,576,priest,discipline,18,6,12
34361,Peaky,moonrunner,576,priest,discipline,18,6,12
34362,Deadlylight,frostmourne,576,priest,discipline,18,6,12
34363,Goobiesz,tichondrius,576,priest,discipline,18,6,12
34364,Plztrainme,spinebreaker,576,priest,discipline,18,6,12
34365,Starp,tichondrius,576,priest,discipline,18,6,12
34366,Pekeatz,tichondrius,576,priest,discipline,18,6,12
34367,Sofunchode,illidan,576,priest,discipline,18,6,12
34368,Snupyfangirl,area-52,576,priest,discipline,18,6,12
34369,Xpenance,ragnaros,576,priest,discipline,18,6,12
34370,Synaptikk,proudmoore,576,priest,discipline,18,6,12
34371,Mylà,ragnaros,576,priest,discipline,20,6,14
34372,Drupith,dalaran,576,priest,discipline,24,6,18
34373,Cûrry,bleeding-hollow,576,priest,discipline,24,6,18
34374,Bree,area-52,576,priest,discipline,24,6,18
34375,Felixfire,moon-guard,576,priest,discipline,24,6,18
34376,Nachòs,wildhammer,575,priest,discipline,6,6,0
34377,Astrìx,tichondrius,575,priest,discipline,6,6,0
34378,Kephrek,eonar,575,priest,discipline,6,6,0
34379,Khaibit,stormrage,575,priest,discipline,12,6,6
34380,Lzzp,azralon,575,priest,discipline,12,6,6
34381,Akapegando,ragnaros,575,priest,discipline,12,6,6
34382,Siabo,tichondrius,575,priest,discipline,12,6,6
34383,Imhotap,illidan,575,priest,discipline,12,6,6
34384,Brahmin,nazjatar,575,priest,discipline,12,6,6
34385,Actiop,stormrage,575,priest,discipline,12,6,6
34386,Juress,area-52,575,priest,discipline,12,6,6
34387,Pulso,area-52,575,priest,discipline,12,6,6
34388,Forroc,stormrage,575,priest,discipline,12,6,6
34389,Lúçíd,sargeras,575,priest,discipline,12,6,6
34390,Silveri,thrall,575,priest,discipline,12,6,6
34391,Trienolone,emerald-dream,575,priest,discipline,12,6,6
34392,Supermelt,emerald-dream,575,priest,discipline,12,6,6
34393,Nevertelsp,malganis,575,priest,discipline,12,6,6
34394,Uncensøred,tichondrius,575,priest,discipline,12,6,6
34395,Nordheal,stormrage,575,priest,discipline,12,6,6
34396,Herzattacken,malganis,575,priest,discipline,12,6,6
34397,Aanora,illidan,575,priest,discipline,12,6,6
34398,Amgen,bleeding-hollow,575,priest,discipline,12,6,6
34399,Kahari,perenolde,575,priest,discipline,12,6,6
34400,Wickedmoon,emerald-dream,575,priest,discipline,12,6,6
34401,Moarhaste,kelthuzad,575,priest,discipline,12,6,6
34402,Pinaybebe,kiljaeden,575,priest,discipline,12,6,6
34403,Mcfluffin,aggramar,575,priest,discipline,12,6,6
34404,Nejisaiyan,sargeras,575,priest,discipline,12,6,6
34405,Cylocibin,kiljaeden,575,priest,discipline,12,6,6
34406,Andriloveyou,barthilas,575,priest,discipline,12,6,6
34407,Kreon,tichondrius,575,priest,discipline,12,6,6
34408,Exanthrope,stormrage,575,priest,discipline,12,6,6
34409,Demimo,frostwolf,575,priest,discipline,12,6,6
34410,Swaptohealer,misha,575,priest,discipline,12,6,6
34411,Gdrf,sargeras,575,priest,discipline,12,6,6
34412,Nineoneone,kilrogg,575,priest,discipline,12,6,6
34413,Spaddox,arathor,575,priest,discipline,12,6,6
34414,Waterßoÿ,emerald-dream,575,priest,discipline,15,7,8
34415,Peeinbottles,stormrage,575,priest,discipline,16,7,9
34416,Biltpeter,tichondrius,575,priest,discipline,15,6,9
34417,Runecarver,anvilmar,575,priest,discipline,18,6,12
34418,Mortaroth,doomhammer,575,priest,discipline,18,6,12
34419,Villageidiot,lightbringer,575,priest,discipline,18,6,12
34420,Scenekîd,moon-guard,575,priest,discipline,18,6,12
34421,Baldpate,tichondrius,575,priest,discipline,24,6,18
34422,Chalmersyo,tichondrius,574,priest,discipline,12,6,6
34423,Evilmajor,icecrown,574,priest,discipline,12,6,6
34424,Mikol,eredar,574,priest,discipline,12,6,6
34425,Senareyn,thrall,574,priest,discipline,12,6,6
34426,Papadarkness,tichondrius,574,priest,discipline,24,6,18
34427,Mezervescent,thrall,574,priest,discipline,24,6,18
34428,Fanaeth,arathor,573,priest,discipline,12,6,6
34429,Reilean,sargeras,573,priest,discipline,12,6,6
34430,Ságrádá,area-52,573,priest,discipline,12,6,6
34431,Prebruisz,baelgun,573,priest,discipline,12,6,6
34432,Phantoms,moon-guard,573,priest,discipline,18,6,12
34433,Bigchip,sargeras,573,priest,discipline,24,6,18
34434,Aragingclue,burning-legion,572,priest,discipline,12,6,6
34435,Marpi,quelthalas,572,priest,discipline,24,6,18
34436,Voidlordd,kelthuzad,571,priest,discipline,12,6,6
34437,Trialla,medivh,571,priest,discipline,18,6,12
34438,Grandraf,dreadmaul,570,priest,discipline,12,6,6
34439,Jaster,proudmoore,570,priest,discipline,14,6,8
34440,Zanyp,akama,570,priest,discipline,18,6,12
34441,Antipreist,bonechewer,567,priest,discipline,12,6,6
34442,Eumalfa,dalaran,567,priest,discipline,12,6,6
34443,Crossbones,cenarion-circle,566,priest,discipline,12,6,6
34444,Adeptphd,tichondrius,559,priest,discipline,23,6,17
34445,Justfaith,barthilas,558,priest,discipline,17,6,11
34446,Zeno,haomarush,557,priest,discipline,11,6,5
34447,Gringotaco,tichondrius,554,priest,discipline,26,9,17
34448,Awaken81B7AE,illidan,543,priest,discipline,17,6,11
34449,Mørbol,tichondrius,541,priest,discipline,14,7,7
34450,Moonlightx,destromath,528,priest,discipline,9,7,2
34451,Randomprist,area-52,528,priest,discipline,15,6,9
34452,Tealien,dalaran,527,priest,discipline,11,6,5
34453,Pasquell,emerald-dream,526,priest,discipline,11,6,5
34454,Nosgoróth,quelthalas,522,priest,discipline,13,7,6
34455,Kencys,tichondrius,522,priest,discipline,16,7,9
34456,Dotdotdead,earthen-ring,522,priest,discipline,16,7,9
34457,Twistèr,zuljin,522,priest,discipline,26,7,19
34458,Onahaihu,tichondrius,521,priest,discipline,20,7,13
34459,Identìty,moon-guard,521,priest,discipline,28,7,21
34460,Øçñæøæçñøñçæ,sargeras,520,priest,discipline,12,7,5
34461,Ethari,crushridge,520,priest,discipline,21,7,14
34462,Enphý,quelthalas,511,priest,discipline,11,6,5
34463,Smíght,thrall,511,priest,discipline,11,6,5
34464,Bigtang,kiljaeden,511,priest,discipline,14,6,8
34465,Lilmad,stormrage,511,priest,discipline,20,6,14
34466,Moneymurph,blackrock,511,priest,discipline,26,6,20
34467,Ibangedaqt,malganis,497,priest,discipline,29,12,17
34468,Aquandrelea,aegwynn,495,priest,discipline,7,6,1
34469,Leist,ragnaros,495,priest,discipline,11,6,5
34470,Yait,tichondrius,495,priest,discipline,14,7,7
34471,Silverspöön,bleeding-hollow,495,priest,discipline,13,6,7
34472,Educated,tichondrius,495,priest,discipline,26,6,20
34473,Djd,frostmourne,480,priest,discipline,6,5,1
34474,Pertril,stormrage,480,priest,discipline,6,5,1
34475,Kayluhn,area-52,480,priest,discipline,6,5,1
34476,Cxmplex,malganis,480,priest,discipline,6,5,1
34477,Xorriz,bleeding-hollow,480,priest,discipline,6,5,1
34478,Phantømz,zuljin,480,priest,discipline,6,5,1
34479,Noite,azralon,480,priest,discipline,6,5,1
34480,Clerkpriest,dragonmaw,480,priest,discipline,6,5,1
34481,Aetonyx,anvilmar,480,priest,discipline,6,5,1
34482,Çøçø,tichondrius,480,priest,discipline,6,5,1
34483,Sixnoh,moonrunner,480,priest,discipline,6,5,1
34484,Emiyawagrano,tichondrius,480,priest,discipline,6,5,1
34485,Bulleitrye,emerald-dream,480,priest,discipline,6,5,1
34486,Nawtyforever,tichondrius,480,priest,discipline,6,5,1
34487,Xøspëélls,ragnaros,480,priest,discipline,6,5,1
34488,Sharkbones,tichondrius,480,priest,discipline,6,5,1
34489,Hateutoo,sargeras,480,priest,discipline,6,5,1
34490,Gäüga,burning-legion,480,priest,discipline,6,5,1
34491,Danawhitex,thrall,480,priest,discipline,6,5,1
34492,Kénnypowers,tichondrius,480,priest,discipline,6,5,1
34493,Privx,bleeding-hollow,480,priest,discipline,6,5,1
34494,Hõlyshìt,whisperwind,480,priest,discipline,6,5,1
34495,Word,korgath,480,priest,discipline,6,5,1
34496,Sierrastorms,moon-guard,480,priest,discipline,6,5,1
34497,Mercedés,alleria,480,priest,discipline,6,5,1
34498,Thugliffe,frostmourne,480,priest,discipline,6,5,1
34499,Deacoderx,area-52,480,priest,discipline,6,5,1
34500,Docvalentino,malganis,480,priest,discipline,6,5,1
34501,Stegp,kelthuzad,480,priest,discipline,6,5,1
34502,Corov,korgath,480,priest,discipline,6,5,1
34503,Hansa,ragnaros,480,priest,discipline,6,5,1
34504,Uncletouchy,illidan,480,priest,discipline,6,5,1
34505,Armanp,hyjal,480,priest,discipline,6,5,1
34506,Káldorei,proudmoore,480,priest,discipline,6,5,1
34507,Dzikuss,aegwynn,480,priest,discipline,6,5,1
34508,Kardinalkeso,frostmourne,480,priest,discipline,6,5,1
34509,Imwithham,tichondrius,480,priest,discipline,10,6,4
34510,Spîteful,illidan,480,priest,discipline,12,5,7
34511,Soulbane,frostmourne,480,priest,discipline,12,5,7
34512,Htx,dunemaul,480,priest,discipline,12,5,7
34513,Azngød,tichondrius,480,priest,discipline,12,5,7
34514,Inflate,frostmourne,480,priest,discipline,12,5,7
34515,Bluffzp,boulderfist,480,priest,discipline,12,5,7
34516,Skwishee,illidan,480,priest,discipline,12,5,7
34517,Shelfedelf,gurubashi,480,priest,discipline,12,5,7
34518,Robbailey,dalvengyr,480,priest,discipline,12,5,7
34519,Thadopepope,tichondrius,480,priest,discipline,12,5,7
34520,Stubby,shadowsong,480,priest,discipline,12,5,7
34521,Câstiêl,malganis,480,priest,discipline,12,5,7
34522,Feyns,illidan,480,priest,discipline,12,5,7
34523,Drmattydubz,tichondrius,480,priest,discipline,12,5,7
34524,Humblemumble,barthilas,480,priest,discipline,12,5,7
34525,Kurahashe,moon-guard,480,priest,discipline,12,5,7
34526,Doublesix,malganis,480,priest,discipline,12,5,7
34527,Thedeadheal,malganis,480,priest,discipline,12,5,7
34528,Stunzeed,staghelm,480,priest,discipline,12,5,7
34529,Supernamp,sargeras,480,priest,discipline,12,5,7
34530,Icarryozz,darkspear,480,priest,discipline,12,5,7
34531,Pillowfinger,illidan,480,priest,discipline,12,5,7
34532,Blackdeathx,tichondrius,480,priest,discipline,12,5,7
34533,Whosjoe,tichondrius,480,priest,discipline,12,5,7
34534,Jmanhealz,stormrage,480,priest,discipline,12,5,7
34535,Voidquil,bonechewer,480,priest,discipline,12,5,7
34536,Beetrap,wyrmrest-accord,480,priest,discipline,12,5,7
34537,Imhðtep,ragnaros,480,priest,discipline,12,5,7
34538,Kopipriest,barthilas,480,priest,discipline,12,5,7
34539,Istvala,zuljin,480,priest,discipline,12,5,7
34540,Widewinks,thrall,480,priest,discipline,12,5,7
34541,Äpriest,sargeras,480,priest,discipline,12,5,7
34542,Ptam,tichondrius,480,priest,discipline,12,5,7
34543,Vyrah,area-52,480,priest,discipline,12,5,7
34544,Shôta,kelthuzad,480,priest,discipline,12,5,7
34545,Elexianpi,stormrage,480,priest,discipline,12,5,7
34546,Ayani,khadgar,480,priest,discipline,12,5,7
34547,Yaheals,gorefiend,480,priest,discipline,12,5,7
34548,Wreklol,sargeras,480,priest,discipline,12,5,7
34549,Thiella,azralon,480,priest,discipline,12,5,7
34550,Cw,wildhammer,480,priest,discipline,12,5,7
34551,Jackymv,kelthuzad,480,priest,discipline,12,5,7
34552,Altaeres,tichondrius,480,priest,discipline,12,5,7
34553,Hotdice,bleeding-hollow,480,priest,discipline,12,5,7
34554,Alleeyy,tichondrius,480,priest,discipline,12,5,7
34555,Starzard,kelthuzad,480,priest,discipline,12,5,7
34556,Justgoon,tichondrius,480,priest,discipline,12,5,7
34557,Yujawang,sargeras,480,priest,discipline,12,5,7
34558,Vikks,tichondrius,480,priest,discipline,12,5,7
34559,Rofrofmu,aegwynn,480,priest,discipline,12,5,7
34560,Sabela,moon-guard,480,priest,discipline,12,5,7
34561,Taikosqt,azralon,480,priest,discipline,12,5,7
34562,Hotlink,daggerspine,480,priest,discipline,12,5,7
34563,Piffbadar,tichondrius,480,priest,discipline,12,5,7
34564,Léto,burning-blade,480,priest,discipline,12,5,7
34565,Discogs,frostmourne,480,priest,discipline,12,5,7
34566,Yauntoo,tichondrius,480,priest,discipline,12,5,7
34567,Ajazz,zuljin,480,priest,discipline,12,5,7
34568,Krazyapollo,tichondrius,480,priest,discipline,12,5,7
34569,Stambuff,tichondrius,480,priest,discipline,12,5,7
34570,Shwrma,bleeding-hollow,480,priest,discipline,12,5,7
34571,Hello,tichondrius,480,priest,discipline,12,5,7
34572,Pumice,destromath,480,priest,discipline,12,5,7
34573,Amperx,wyrmrest-accord,480,priest,discipline,12,5,7
34574,Barrist,wyrmrest-accord,480,priest,discipline,12,5,7
34575,Augus,velen,480,priest,discipline,12,5,7
34576,Shadowcrash,zuljin,480,priest,discipline,12,5,7
34577,Averages,stormrage,480,priest,discipline,12,5,7
34578,Shayylii,stormrage,480,priest,discipline,12,5,7
34579,Mywifesaidno,sargeras,480,priest,discipline,12,5,7
34580,Lchcl,tichondrius,480,priest,discipline,12,5,7
34581,Scyndar,bonechewer,480,priest,discipline,12,5,7
34582,Goonie,spirestone,480,priest,discipline,12,5,7
34583,Kallenk,proudmoore,480,priest,discipline,12,5,7
34584,Canswersp,sargeras,480,priest,discipline,12,5,7
34585,Lourrdz,tichondrius,480,priest,discipline,12,5,7
34586,Lingt,drakkari,480,priest,discipline,12,5,7
34587,Hopenä,dragonmaw,480,priest,discipline,12,5,7
34588,Townbicyclé,area-52,480,priest,discipline,12,5,7
34589,Raslin,bonechewer,480,priest,discipline,12,5,7
34590,Giraffebaitt,zuljin,480,priest,discipline,12,5,7
34591,Chervz,chogall,480,priest,discipline,12,5,7
34592,Anellas,sargeras,480,priest,discipline,12,5,7
34593,Tòxìç,stormrage,480,priest,discipline,12,5,7
34594,Derisha,ragnaros,480,priest,discipline,12,5,7
34595,Raeana,area-52,480,priest,discipline,12,5,7
34596,Toonahx,area-52,480,priest,discipline,12,5,7
34597,Lastbubble,area-52,480,priest,discipline,12,5,7
34598,Shädyönë,tichondrius,480,priest,discipline,12,5,7
34599,Vérse,stormrage,480,priest,discipline,12,5,7
34600,Mevix,firetree,480,priest,discipline,12,5,7
34601,Alpacasama,illidan,480,priest,discipline,12,5,7
34602,Nupanda,tichondrius,480,priest,discipline,12,5,7
34603,Makeshiftz,zuljin,480,priest,discipline,12,5,7
34604,Drzz,tichondrius,480,priest,discipline,12,5,7
34605,Kyüra,sargeras,480,priest,discipline,12,5,7
34606,Tarwow,moon-guard,480,priest,discipline,12,5,7
34607,Dweem,stormrage,480,priest,discipline,12,5,7
34608,Typhia,moon-guard,480,priest,discipline,12,5,7
34609,Apbrady,sargeras,480,priest,discipline,12,5,7
34610,Ellipsiz,area-52,480,priest,discipline,12,5,7
34611,Marcuse,ragnaros,480,priest,discipline,15,6,9
34612,Gatty,kiljaeden,480,priest,discipline,13,5,8
34613,Alinastarkov,area-52,480,priest,discipline,14,5,9
34614,Jedmosby,korgath,480,priest,discipline,14,5,9
34615,Aguadejamica,tichondrius,480,priest,discipline,18,5,13
34616,Mangshadoom,silvermoon,480,priest,discipline,18,5,13
34617,Cheekypriest,stormrage,480,priest,discipline,18,5,13
34618,Glassbones,kelthuzad,480,priest,discipline,18,5,13
34619,Sypii,stormrage,480,priest,discipline,18,5,13
34620,Klerick,kiljaeden,480,priest,discipline,18,5,13
34621,Sevenlions,stormrage,480,priest,discipline,18,5,13
34622,Vetisrx,thrall,480,priest,discipline,18,5,13
34623,Mustyfribble,korgath,480,priest,discipline,18,5,13
34624,Pasher,sargeras,480,priest,discipline,18,5,13
34625,Ticheals,tichondrius,480,priest,discipline,18,5,13
34626,Bebe,fizzcrank,480,priest,discipline,18,5,13
34627,Kark,tichondrius,480,priest,discipline,18,5,13
34628,Levingurt,darkspear,480,priest,discipline,18,5,13
34629,Healiesuwu,kiljaeden,480,priest,discipline,18,5,13
34630,Nuditwo,malganis,480,priest,discipline,18,5,13
34631,Jahratu,tichondrius,480,priest,discipline,18,5,13
34632,Ollarlamente,zuljin,480,priest,discipline,18,5,13
34633,Moc,jubeithos,480,priest,discipline,24,5,19
34634,Georgepells,barthilas,480,priest,discipline,24,5,19
34635,Priuhpism,tichondrius,479,priest,discipline,6,5,1
34636,Tonymòntana,area-52,479,priest,discipline,6,5,1
34637,Krisdavra,thrall,479,priest,discipline,6,5,1
34638,Remixcandoit,malganis,479,priest,discipline,6,5,1
34639,Sevioletté,wyrmrest-accord,479,priest,discipline,6,5,1
34640,Berzum,chogall,479,priest,discipline,10,6,4
34641,Chopstix,senjin,479,priest,discipline,12,5,7
34642,Demished,zuljin,479,priest,discipline,12,5,7
34643,Frazzysparks,stormrage,479,priest,discipline,12,5,7
34644,Thokrül,lightbringer,479,priest,discipline,12,5,7
34645,Selea,frostwolf,479,priest,discipline,12,5,7
34646,Torrantt,bonechewer,479,priest,discipline,12,5,7
34647,Aalicya,tanaris,479,priest,discipline,12,5,7
34648,Krynoobz,senjin,479,priest,discipline,12,5,7
34649,Wort,cairne,479,priest,discipline,12,5,7
34650,Greatzapan,tichondrius,479,priest,discipline,12,5,7
34651,Fadêd,wildhammer,479,priest,discipline,12,5,7
34652,Drayen,korgath,479,priest,discipline,12,5,7
34653,Ibuyfeetpics,tichondrius,479,priest,discipline,12,5,7
34654,Pandaball,frostwolf,479,priest,discipline,12,5,7
34655,Gaaq,stormrage,479,priest,discipline,12,5,7
34656,Praisedalort,illidan,479,priest,discipline,12,5,7
34657,Ðiviniti,moon-guard,479,priest,discipline,12,5,7
34658,Techninë,chogall,479,priest,discipline,12,5,7
34659,Chadlyfe,tichondrius,479,priest,discipline,12,5,7
34660,Atheíst,tichondrius,479,priest,discipline,12,5,7
34661,Kelody,zuljin,479,priest,discipline,12,5,7
34662,Azhaell,quelthalas,479,priest,discipline,12,5,7
34663,Photogirl,area-52,479,priest,discipline,12,5,7
34664,Tubelight,sargeras,479,priest,discipline,12,5,7
34665,Xenedart,quelthalas,479,priest,discipline,12,5,7
34666,Figueiredø,goldrinn,479,priest,discipline,14,5,9
34667,Dabrat,darkspear,479,priest,discipline,18,6,12
34668,Goodboyyoshi,tichondrius,479,priest,discipline,15,5,10
34669,Velriana,tichondrius,479,priest,discipline,18,5,13
34670,Cxview,sargeras,479,priest,discipline,18,5,13
34671,Crusifixx,tichondrius,479,priest,discipline,18,5,13
34672,Asmitä,stormrage,479,priest,discipline,24,5,19
34673,Ansgar,eonar,478,priest,discipline,12,5,7
34674,Solzal,korgath,477,priest,discipline,12,5,7
34675,Pingleangel,tichondrius,477,priest,discipline,12,5,7
34676,Goldenlilly,moon-guard,477,priest,discipline,18,5,13
34677,Worldhealer,area-52,476,priest,discipline,12,5,7
34678,Lotzofhealz,wyrmrest-accord,476,priest,discipline,12,5,7
34679,Laydrel,sargeras,476,priest,discipline,12,5,7
34680,Rescueworker,kelthuzad,473,priest,discipline,12,5,7
34681,Forober,queldorei,466,priest,discipline,39,14,25
34682,Faíthless,sargeras,447,priest,discipline,11,5,6
34683,Shadowkr,tichondrius,447,priest,discipline,11,5,6
34684,Hungzilla,malganis,447,priest,discipline,11,5,6
34685,Darkascended,arthas,447,priest,discipline,14,6,8
34686,Cuisino,tichondrius,446,priest,discipline,11,5,6
34687,Gnepe,sargeras,441,priest,discipline,17,7,10
34688,Sorzartluz,malganis,432,priest,discipline,9,6,3
34689,Proftimothy,tichondrius,432,priest,discipline,15,6,9
34690,Agrotothemax,tichondrius,432,priest,discipline,15,5,10
34691,Fxxkdamn,tichondrius,432,priest,discipline,21,6,15
34692,Nefastó,ragnaros,431,priest,discipline,12,6,6
34693,Frenchfries,sargeras,431,priest,discipline,11,5,6
34694,Texmix,stormrage,431,priest,discipline,21,6,15
34695,Holyshart,stonemaul,430,priest,discipline,11,5,6
34696,Shadowbishop,barthilas,427,priest,discipline,12,7,5
34697,Ilovemia,zuljin,426,priest,discipline,13,6,7
34698,Leejungjae,tichondrius,426,priest,discipline,15,6,9
34699,Thøt,malganis,420,priest,discipline,14,6,8
34700,Discshady,tichondrius,416,priest,discipline,10,5,5
34701,Felyreilyana,caelestrasz,415,priest,discipline,11,5,6
34702,Kuwapre,proudmoore,415,priest,discipline,14,6,8
34703,Mooray,thrall,415,priest,discipline,14,5,9
34704,Melsebek,stormrage,415,priest,discipline,20,5,15
34705,Elbowbeans,tichondrius,414,priest,discipline,16,5,11
34706,Ramsakz,proudmoore,413,priest,discipline,10,5,5
34707,Esredarksun,sargeras,412,priest,discipline,16,5,11
34708,Whodatpriest,blackhand,399,priest,discipline,5,5,0
34709,Normill,bonechewer,399,priest,discipline,7,5,2
34710,Bunked,bleeding-hollow,392,priest,discipline,23,7,16
34711,Béépboop,tichondrius,384,priest,discipline,6,4,2
34712,Mafuyusan,proudmoore,384,priest,discipline,6,4,2
34713,Babygsuss,tichondrius,384,priest,discipline,6,4,2
34714,Goyqqp,illidan,384,priest,discipline,6,4,2
34715,Tomp,tichondrius,384,priest,discipline,6,4,2
34716,Epiipen,area-52,384,priest,discipline,6,4,2
34717,Discotec,stormrage,384,priest,discipline,6,4,2
34718,Eclipsos,dalaran,384,priest,discipline,6,4,2
34719,Optimism,frostmane,384,priest,discipline,6,4,2
34720,Ruems,area-52,384,priest,discipline,6,4,2
34721,Recoverys,illidan,384,priest,discipline,6,4,2
34722,Killmeplzz,ragnaros,384,priest,discipline,6,4,2
34723,Blzy,area-52,384,priest,discipline,6,4,2
34724,Monkeyp,barthilas,384,priest,discipline,6,4,2
34725,Papaheal,runetotem,384,priest,discipline,6,4,2
34726,Riasgremøry,stormrage,384,priest,discipline,6,4,2
34727,Delloria,stormrage,384,priest,discipline,6,4,2
34728,Rahmynpriest,tichondrius,384,priest,discipline,6,4,2
34729,Celanea,bleeding-hollow,384,priest,discipline,6,4,2
34730,Pprriieesst,tichondrius,384,priest,discipline,6,4,2
34731,Chemdawwg,aerie-peak,384,priest,discipline,6,4,2
34732,Holisticx,tichondrius,384,priest,discipline,6,4,2
34733,Dimedaddy,tichondrius,384,priest,discipline,6,4,2
34734,Uglydiego,quelthalas,384,priest,discipline,6,4,2
34735,Ritalyn,korgath,384,priest,discipline,6,4,2
34736,Taevier,ghostlands,384,priest,discipline,6,4,2
34737,Pandaniaco,drakkari,384,priest,discipline,6,4,2
34738,Fadedyourgo,tichondrius,384,priest,discipline,6,4,2
34739,Noopnoop,burning-blade,384,priest,discipline,6,4,2
34740,Brácho,ragnaros,384,priest,discipline,6,4,2
34741,Shaellito,goldrinn,384,priest,discipline,6,4,2
34742,Yaholyfather,aerie-peak,384,priest,discipline,6,4,2
34743,Holylover,illidan,384,priest,discipline,6,4,2
34744,Lilvf,barthilas,384,priest,discipline,6,4,2
34745,Crode,bleeding-hollow,384,priest,discipline,6,4,2
34746,Calamithus,illidan,384,priest,discipline,6,4,2
34747,Leebow,tichondrius,384,priest,discipline,6,4,2
34748,Zelenka,whisperwind,384,priest,discipline,6,4,2
34749,Metéora,nemesis,384,priest,discipline,6,4,2
34750,Zhanay,ragnaros,384,priest,discipline,6,4,2
34751,Demongodtren,blackrock,384,priest,discipline,6,4,2
34752,Fûsoya,zuljin,384,priest,discipline,6,4,2
34753,Tosbanned,barthilas,384,priest,discipline,6,4,2
34754,Merçy,zuljin,384,priest,discipline,6,4,2
34755,Ranthrough,tichondrius,384,priest,discipline,6,4,2
34756,Hiphopanomis,arthas,384,priest,discipline,6,4,2
34757,Ghostz,alleria,384,priest,discipline,6,4,2
34758,Goatedpriest,kelthuzad,384,priest,discipline,6,4,2
34759,Wilita,drakkari,384,priest,discipline,6,4,2
34760,Feminizm,tichondrius,384,priest,discipline,6,4,2
34761,Maga,laughing-skull,384,priest,discipline,6,4,2
34762,Dredgeflay,thrall,384,priest,discipline,6,4,2
34763,Chambler,aegwynn,384,priest,discipline,6,4,2
34764,Miniambá,tichondrius,384,priest,discipline,6,4,2
34765,Bubbleboi,malganis,384,priest,discipline,6,4,2
34766,Celani,gilneas,384,priest,discipline,6,4,2
34767,Healscityy,tichondrius,384,priest,discipline,6,4,2
34768,Jixxersp,malganis,384,priest,discipline,6,4,2
34769,Shadyhoe,alterac-mountains,384,priest,discipline,6,4,2
34770,Lavigne,tichondrius,384,priest,discipline,6,4,2
34771,Yunggawd,illidan,384,priest,discipline,6,4,2
34772,Soupbeanx,zuljin,384,priest,discipline,6,4,2
34773,Scalpell,tichondrius,384,priest,discipline,6,4,2
34774,Djchickpea,chogall,384,priest,discipline,6,4,2
34775,Granger,senjin,384,priest,discipline,6,4,2
34776,Jaxthree,illidan,384,priest,discipline,6,4,2
34777,Giyom,tichondrius,384,priest,discipline,6,4,2
34778,Crueldotz,illidan,384,priest,discipline,6,4,2
34779,Babe,aerie-peak,384,priest,discipline,6,4,2
34780,Remuni,tichondrius,384,priest,discipline,6,4,2
34781,Rmpenjoyerx,area-52,384,priest,discipline,6,4,2
34782,Gothii,tichondrius,384,priest,discipline,6,4,2
34783,Chü,dalaran,384,priest,discipline,6,4,2
34784,Anasuzana,zuljin,384,priest,discipline,6,4,2
34785,Kàobeini,tichondrius,384,priest,discipline,6,4,2
34786,Potatopriest,frostmourne,384,priest,discipline,6,4,2
34787,Terisar,emerald-dream,384,priest,discipline,6,4,2
34788,Beastpriest,dalvengyr,384,priest,discipline,6,4,2
34789,Abbyc,frostmourne,384,priest,discipline,6,4,2
34790,Spyderco,mugthol,384,priest,discipline,6,4,2
34791,Popeachini,sargeras,384,priest,discipline,6,4,2
34792,Atemlos,malorne,384,priest,discipline,6,4,2
34793,Subscribe,khazgoroth,384,priest,discipline,6,4,2
34794,Ðyluxx,blackwater-raiders,384,priest,discipline,6,4,2
34795,Äni,sargeras,384,priest,discipline,6,4,2
34796,Lithelin,frostmourne,384,priest,discipline,6,4,2
34797,Batface,frostmourne,384,priest,discipline,6,4,2
34798,Saren,dethecus,384,priest,discipline,6,4,2
34799,Gardiancloun,sargeras,384,priest,discipline,6,4,2
34800,Faithx,frostmourne,384,priest,discipline,6,4,2
34801,Flaytality,shadowsong,384,priest,discipline,6,4,2
34802,Tristanp,frostmourne,384,priest,discipline,6,4,2
34803,Deathrina,moon-guard,384,priest,discipline,6,4,2
34804,Acenthe,sargeras,384,priest,discipline,6,4,2
34805,Mythuxxz,sargeras,384,priest,discipline,6,4,2
34806,Dioecesis,moon-guard,384,priest,discipline,6,4,2
34807,Elphié,sargeras,384,priest,discipline,6,4,2
34808,Vladlèna,moon-guard,384,priest,discipline,6,4,2
34809,Gdlsheretic,sargeras,384,priest,discipline,6,4,2
34810,Thugish,frostwolf,384,priest,discipline,6,4,2
34811,Kwazshell,area-52,384,priest,discipline,7,4,3
34812,Shadp,tichondrius,384,priest,discipline,9,5,4
34813,Deckx,khazgoroth,384,priest,discipline,12,6,6
34814,Brodel,dark-iron,384,priest,discipline,9,4,5
34815,Annoka,sargeras,384,priest,discipline,17,6,11
34816,Nvøsuperstar,zuljin,384,priest,discipline,15,5,10
34817,Nha,stormrage,384,priest,discipline,12,4,8
34818,Daryldeath,tichondrius,384,priest,discipline,12,4,8
34819,Suzono,hyjal,384,priest,discipline,12,4,8
34820,Barclan,destromath,384,priest,discipline,12,4,8
34821,Verymuscular,stormrage,384,priest,discipline,12,4,8
34822,Sugarlorde,destromath,384,priest,discipline,12,4,8
34823,Spøokz,stormreaver,384,priest,discipline,12,4,8
34824,Billiard,stormrage,384,priest,discipline,12,4,8
34825,Amys,kargath,384,priest,discipline,12,4,8
34826,Chaxiubao,stormrage,384,priest,discipline,12,4,8
34827,Mosarra,agamaggan,384,priest,discipline,12,4,8
34828,Twodxo,kelthuzad,384,priest,discipline,12,4,8
34829,Mettypws,tichondrius,384,priest,discipline,12,4,8
34830,Exisa,stormrage,384,priest,discipline,12,4,8
34831,Darkspearr,tichondrius,384,priest,discipline,12,4,8
34832,Thenamesnorm,tichondrius,384,priest,discipline,12,4,8
34833,Littlean,frostmourne,384,priest,discipline,12,4,8
34834,Biubiubium,tichondrius,384,priest,discipline,12,4,8
34835,Kepptwo,korgath,384,priest,discipline,12,4,8
34836,Seyler,barthilas,384,priest,discipline,12,4,8
34837,Plebiss,burning-blade,384,priest,discipline,12,4,8
34838,Biop,burning-blade,384,priest,discipline,12,4,8
34839,Healbilli,archimonde,384,priest,discipline,12,4,8
34840,Hrathren,caelestrasz,384,priest,discipline,12,4,8
34841,Tangykiwi,dalaran,384,priest,discipline,12,4,8
34842,Sölei,tichondrius,384,priest,discipline,12,4,8
34843,Larisa,moon-guard,384,priest,discipline,12,4,8
34844,Skydemons,malganis,384,priest,discipline,12,4,8
34845,Insomnya,sargeras,384,priest,discipline,12,4,8
34846,Sìrena,tichondrius,384,priest,discipline,12,4,8
34847,Wìd,khazgoroth,384,priest,discipline,12,4,8
34848,Meekheal,tichondrius,384,priest,discipline,12,4,8
34849,Lucet,aegwynn,384,priest,discipline,12,4,8
34850,Akewnón,stormrage,384,priest,discipline,12,4,8
34851,Haruspex,azralon,384,priest,discipline,12,4,8
34852,Templár,dalaran,384,priest,discipline,12,4,8
34853,Stilgeist,proudmoore,384,priest,discipline,12,4,8
34854,Holynova,nerzhul,384,priest,discipline,12,4,8
34855,Ranksix,area-52,384,priest,discipline,12,4,8
34856,Cryptoccocus,zuljin,384,priest,discipline,12,4,8
34857,Fades,hellscream,384,priest,discipline,12,4,8
34858,Awesomeguyx,tichondrius,384,priest,discipline,12,4,8
34859,Disperse,sargeras,384,priest,discipline,12,4,8
34860,Qyotasa,zuljin,384,priest,discipline,12,4,8
34861,Iciana,proudmoore,384,priest,discipline,12,4,8
34862,Dirtydogma,zuljin,384,priest,discipline,12,4,8
34863,Laqqet,sargeras,384,priest,discipline,12,4,8
34864,Priestcrys,quelthalas,384,priest,discipline,12,4,8
34865,Braindrip,thrall,384,priest,discipline,12,4,8
34866,Echoos,proudmoore,384,priest,discipline,12,4,8
34867,Zaylahh,blackrock,384,priest,discipline,12,4,8
34868,Killä,area-52,384,priest,discipline,12,4,8
34869,Bigarxidia,bleeding-hollow,384,priest,discipline,12,4,8
34870,Nokhoron,eldrethalas,384,priest,discipline,12,4,8
34871,Lankyschlong,frostmourne,384,priest,discipline,12,4,8
34872,Gangshet,illidan,384,priest,discipline,12,4,8
34873,Auttø,area-52,384,priest,discipline,12,4,8
34874,Jejer,moon-guard,384,priest,discipline,12,4,8
34875,Touchèr,sargeras,384,priest,discipline,12,4,8
34876,Holyshiitzz,illidan,384,priest,discipline,12,4,8
34877,Vyvivienx,tichondrius,384,priest,discipline,12,4,8
34878,Jonahas,sargeras,384,priest,discipline,12,4,8
34879,Pontiffvelen,area-52,384,priest,discipline,12,4,8
34880,Pearlwing,area-52,384,priest,discipline,12,4,8
34881,Stonemonkeyp,sargeras,384,priest,discipline,12,4,8
34882,Gooseundead,tichondrius,384,priest,discipline,12,4,8
34883,Zenjitsu,quelthalas,384,priest,discipline,12,4,8
34884,Liljunky,zuljin,384,priest,discipline,12,4,8
34885,Srazul,azralon,384,priest,discipline,12,4,8
34886,Skêptic,tichondrius,384,priest,discipline,12,4,8
34887,Slenden,illidan,384,priest,discipline,12,4,8
34888,Eilana,tichondrius,384,priest,discipline,12,4,8
34889,Valzzdor,zuljin,384,priest,discipline,12,4,8
34890,Cezzko,tichondrius,384,priest,discipline,12,4,8
34891,Zaphfkiel,ragnaros,384,priest,discipline,12,4,8
34892,Gokiburiuwu,illidan,384,priest,discipline,12,4,8
34893,Danceofpales,bleeding-hollow,384,priest,discipline,12,4,8
34894,Huckdaddy,tichondrius,384,priest,discipline,12,4,8
34895,Lenigrast,blackrock,384,priest,discipline,12,4,8
34896,Ludens,bleeding-hollow,384,priest,discipline,12,4,8
34897,Discpi,illidan,384,priest,discipline,13,4,9
34898,Gottaheal,blood-furnace,384,priest,discipline,14,4,10
34899,Kymohek,sargeras,384,priest,discipline,18,4,14
34900,Polythis,kelthuzad,384,priest,discipline,18,4,14
34901,Miandel,wildhammer,384,priest,discipline,18,4,14
34902,Diablomonk,warsong,384,priest,discipline,18,4,14
34903,Rainms,sargeras,384,priest,discipline,18,4,14
34904,Vikingkøng,ragnaros,384,priest,discipline,18,4,14
34905,Råd,illidan,384,priest,discipline,18,4,14
34906,Jbtytime,proudmoore,384,priest,discipline,18,4,14
34907,Shadowdroid,tichondrius,384,priest,discipline,18,4,14
34908,Disçxrespeçt,cairne,384,priest,discipline,18,4,14
34909,Heilige,uldum,384,priest,discipline,30,4,26
34910,Jonnycanuckz,duskwood,383,priest,discipline,6,4,2
34911,Shialebuff,gundrak,383,priest,discipline,6,4,2
34912,Mirex,tichondrius,383,priest,discipline,6,4,2
34913,Shén,barthilas,383,priest,discipline,6,4,2
34914,Discodork,bleeding-hollow,383,priest,discipline,6,4,2
34915,Loffthedabsl,tichondrius,383,priest,discipline,6,4,2
34916,Needalung,stormrage,383,priest,discipline,6,4,2
34917,Yurick,garrosh,383,priest,discipline,6,4,2
34918,Coorslite,proudmoore,383,priest,discipline,6,4,2
34919,Mythanex,bleeding-hollow,383,priest,discipline,6,4,2
34920,Anoxic,kiljaeden,383,priest,discipline,12,4,8
34921,Uckuck,illidan,383,priest,discipline,12,4,8
34922,Bäldùr,moon-guard,383,priest,discipline,12,4,8
34923,Mangaloochi,amanthul,383,priest,discipline,12,4,8
34924,Fathergrey,emerald-dream,383,priest,discipline,12,4,8
34925,Sybal,suramar,383,priest,discipline,12,4,8
34926,Sihua,illidan,383,priest,discipline,12,4,8
34927,Whatisholy,bleeding-hollow,383,priest,discipline,12,4,8
34928,Izzymariepie,dragonmaw,383,priest,discipline,12,4,8
34929,Ioharusame,quelthalas,383,priest,discipline,17,5,12
34930,Crozuhn,moon-guard,383,priest,discipline,18,4,14
34931,Horridheals,shandris,382,priest,discipline,6,4,2
34932,Nocturnimal,grizzly-hills,382,priest,discipline,12,4,8
34933,Divinebones,gurubashi,381,priest,discipline,12,4,8
34934,Primela,sargeras,381,priest,discipline,12,4,8
34935,Touchedbygud,frostmourne,381,priest,discipline,12,4,8
34936,Bunnychloe,sargeras,381,priest,discipline,12,4,8
34937,Mystexo,barthilas,367,priest,discipline,11,4,7
34938,Valdri,sargeras,367,priest,discipline,11,4,7
34939,Burtier,zuljin,367,priest,discipline,11,4,7
34940,Cuckfist,darkspear,366,priest,discipline,17,4,13
34941,Mcseven,sargeras,351,priest,discipline,11,4,7
34942,Scrïpt,thaurissan,351,priest,discipline,11,4,7
34943,Llaarrkkss,tichondrius,351,priest,discipline,11,4,7
34944,Samàél,frostmourne,351,priest,discipline,17,4,13
34945,Voidly,illidan,336,priest,discipline,9,5,4
34946,Kefkå,sargeras,336,priest,discipline,9,4,5
34947,Rosabell,ragnaros,336,priest,discipline,21,4,17
34948,Grianné,mannoroth,335,priest,discipline,9,4,5
34949,Causeoflife,eitrigg,335,priest,discipline,11,4,7
34950,Siobhin,wyrmrest-accord,335,priest,discipline,11,4,7
34951,Subvert,zuljin,330,priest,discipline,7,5,2
34952,Tmnaarcanttv,tichondrius,330,priest,discipline,7,5,2
34953,Prayanmantis,tichondrius,330,priest,discipline,14,5,9
34954,Xiangjiao,tichondrius,330,priest,discipline,17,6,11
34955,Takedisdisc,tichondrius,330,priest,discipline,17,6,11
34956,Deeply,tichondrius,330,priest,discipline,17,5,12
34957,Lilgeek,kelthuzad,330,priest,discipline,21,5,16
34958,Maccten,tichondrius,319,priest,discipline,9,5,4
34959,Smarttakka,emerald-dream,319,priest,discipline,8,4,4
34960,Leviosa,bleeding-hollow,319,priest,discipline,8,4,4
34961,Manachai,the-forgotten-coast,319,priest,discipline,14,4,10
34962,Klizzy,tichondrius,319,priest,discipline,14,4,10
34963,Rancidcookie,tichondrius,304,priest,discipline,13,4,9
34964,Kayodee,stormrage,288,priest,discipline,8,4,4
34965,Swollenarms,kiljaeden,288,priest,discipline,6,3,3
34966,Rotnn,thrall,288,priest,discipline,6,3,3
34967,Hellokuti,silvermoon,288,priest,discipline,6,3,3
34968,Iamsatan,illidan,288,priest,discipline,6,3,3
34969,Xuxu,frostmourne,288,priest,discipline,6,3,3
34970,Popeofhope,queldorei,288,priest,discipline,6,3,3
34971,Mongatzuya,illidan,288,priest,discipline,6,3,3
34972,Keyohh,tichondrius,288,priest,discipline,6,3,3
34973,Sasagui,bloodscalp,288,priest,discipline,6,3,3
34974,Chowdä,kiljaeden,288,priest,discipline,6,3,3
34975,Thattpriest,thrall,288,priest,discipline,6,3,3
34976,Shadowform,illidan,288,priest,discipline,6,3,3
34977,Vanzera,thrall,288,priest,discipline,6,3,3
34978,Magicbus,blackrock,288,priest,discipline,6,3,3
34979,Rocq,senjin,288,priest,discipline,6,3,3
34980,Decastro,silvermoon,288,priest,discipline,6,3,3
34981,Chav,kiljaeden,288,priest,discipline,6,3,3
34982,Spiritbear,thrall,288,priest,discipline,6,3,3
34983,Sandreth,bonechewer,288,priest,discipline,6,3,3
34984,Bobolaine,illidan,288,priest,discipline,6,3,3
34985,Bambi,dunemaul,288,priest,discipline,6,3,3
34986,Renghost,illidan,288,priest,discipline,6,3,3
34987,Ichheilen,thrall,288,priest,discipline,6,3,3
34988,Wakandafev,frostmourne,288,priest,discipline,6,3,3
34989,Kaldoon,azjolnerub,288,priest,discipline,6,3,3
34990,Boogiê,illidan,288,priest,discipline,6,3,3
34991,Rockdroid,illidan,288,priest,discipline,6,3,3
34992,Grafîx,frostmourne,288,priest,discipline,6,3,3
34993,Midget,darkspear,288,priest,discipline,6,3,3
34994,Drinkmymilk,hakkar,288,priest,discipline,6,3,3
34995,Hypoz,sargeras,288,priest,discipline,6,3,3
34996,Liminality,illidan,288,priest,discipline,6,3,3
34997,Zuuji,frostmourne,288,priest,discipline,6,3,3
34998,Kaiah,gorefiend,288,priest,discipline,6,3,3
34999,Dradinx,illidan,288,priest,discipline,6,3,3
35000,Killduran,hellscream,288,priest,discipline,6,3,3
35001,Slaystation,wildhammer,288,priest,discipline,6,3,3
35002,Kovskii,blackrock,288,priest,discipline,6,3,3
35003,Jüdaspriest,gorefiend,288,priest,discipline,6,3,3
35004,Xusin,tichondrius,288,priest,discipline,6,3,3
35005,Animityz,illidan,288,priest,discipline,6,3,3
35006,Asleep,sargeras,288,priest,discipline,6,3,3
35007,Skyfury,darkspear,288,priest,discipline,6,3,3
35008,Fadèd,wildhammer,288,priest,discipline,6,3,3
35009,Àneres,illidan,288,priest,discipline,6,3,3
35010,Empyreanlite,dalaran,288,priest,discipline,6,3,3
35011,Ææae,nemesis,288,priest,discipline,6,3,3
35012,Chazzyy,frostmourne,288,priest,discipline,6,3,3
35013,Madalôn,nemesis,288,priest,discipline,6,3,3
35014,Merylstreepz,illidan,288,priest,discipline,6,3,3
35015,Damushi,frostmourne,288,priest,discipline,6,3,3
35016,Havefaith,whisperwind,288,priest,discipline,6,3,3
35017,Fausto,kiljaeden,288,priest,discipline,6,3,3
35018,Khaospriest,proudmoore,288,priest,discipline,6,3,3
35019,Nellìel,whisperwind,288,priest,discipline,6,3,3
35020,Crazyfinley,dalaran,288,priest,discipline,6,3,3
35021,Anzulupriest,alexstrasza,288,priest,discipline,6,3,3
35022,Yogosun,dalaran,288,priest,discipline,6,3,3
35023,Dumbthott,illidan,288,priest,discipline,6,3,3
35024,Wiseguise,illidan,288,priest,discipline,6,3,3
35025,Mindgamez,stormreaver,288,priest,discipline,6,3,3
35026,Banepriest,sargeras,288,priest,discipline,6,3,3
35027,Painful,arathor,288,priest,discipline,6,3,3
35028,Kleiâ,tichondrius,288,priest,discipline,6,3,3
35029,Saucelord,barthilas,288,priest,discipline,6,3,3
35030,Nikci,tichondrius,288,priest,discipline,6,3,3
35031,Krewed,ravencrest,288,priest,discipline,6,3,3
35032,Eddic,wyrmrest-accord,288,priest,discipline,6,3,3
35033,Buc,barthilas,288,priest,discipline,6,3,3
35034,Sabene,greymane,288,priest,discipline,6,3,3
35035,Fure,mannoroth,288,priest,discipline,6,3,3
35036,Oofx,darkspear,288,priest,discipline,6,3,3
35037,Bestworldxz,illidan,288,priest,discipline,6,3,3
35038,Adelda,nazjatar,288,priest,discipline,6,3,3
35039,Quefase,proudmoore,288,priest,discipline,6,3,3
35040,Methandrial,hyjal,288,priest,discipline,6,3,3
35041,Zegron,rexxar,288,priest,discipline,6,3,3
35042,Endeshealer,suramar,288,priest,discipline,6,3,3
35043,Sæýfír,illidan,288,priest,discipline,6,3,3
35044,Hükk,kalecgos,288,priest,discipline,6,3,3
35045,Paqwee,tichondrius,288,priest,discipline,6,3,3
35046,Strokingmydx,illidan,288,priest,discipline,6,3,3
35047,Pwrwordthicc,illidan,288,priest,discipline,6,3,3
35048,Ashidox,proudmoore,288,priest,discipline,6,3,3
35049,Scrubnubz,barthilas,288,priest,discipline,6,3,3
35050,Bigpoppapwn,darkspear,288,priest,discipline,6,3,3
35051,Alladys,shattered-hand,288,priest,discipline,6,3,3
35052,Callèèn,stormrage,288,priest,discipline,6,3,3
35053,Aspéct,aegwynn,288,priest,discipline,6,3,3
35054,Numinous,wyrmrest-accord,288,priest,discipline,6,3,3
35055,Zdarkspeedz,stormrage,288,priest,discipline,6,3,3
35056,Mks,barthilas,288,priest,discipline,6,3,3
35057,Triazolam,illidan,288,priest,discipline,6,3,3
35058,Sophistdew,proudmoore,288,priest,discipline,6,3,3
35059,Ìdiot,saurfang,288,priest,discipline,6,3,3
35060,Meshuggåh,khazgoroth,288,priest,discipline,6,3,3
35061,Elise,ravenholdt,288,priest,discipline,6,3,3
35062,Laneska,stormrage,288,priest,discipline,6,3,3
35063,Nizr,bleeding-hollow,288,priest,discipline,6,3,3
35064,Zeroghp,tichondrius,288,priest,discipline,6,3,3
35065,Sabrino,azralon,288,priest,discipline,6,3,3
35066,Manstench,tichondrius,288,priest,discipline,6,3,3
35067,Mesuki,malganis,288,priest,discipline,6,3,3
35068,Lifeswaplol,kelthuzad,288,priest,discipline,6,3,3
35069,Prazph,quelthalas,288,priest,discipline,6,3,3
35070,Vìxèn,zuljin,288,priest,discipline,6,3,3
35071,Maniacx,stormrage,288,priest,discipline,6,3,3
35072,Kiazma,zuljin,288,priest,discipline,6,3,3
35073,Frye,bleeding-hollow,288,priest,discipline,6,3,3
35074,Eiricka,kelthuzad,288,priest,discipline,6,3,3
35075,Oxicontin,sargeras,288,priest,discipline,6,3,3
35076,Roseriela,moon-guard,288,priest,discipline,6,3,3
35077,Lyriczx,kelthuzad,288,priest,discipline,6,3,3
35078,Skeemask,moon-guard,288,priest,discipline,6,3,3
35079,Fackinheals,kelthuzad,288,priest,discipline,6,3,3
35080,Imjheals,frostmourne,288,priest,discipline,6,3,3
35081,Relianth,stormrage,288,priest,discipline,6,3,3
35082,Humps,sargeras,288,priest,discipline,6,3,3
35083,Umbramortìs,tichondrius,288,priest,discipline,6,3,3
35084,Belarra,norgannon,288,priest,discipline,6,3,3
35085,Paradoxbot,kelthuzad,288,priest,discipline,6,3,3
35086,Alucardibee,turalyon,288,priest,discipline,6,3,3
35087,Heratic,malganis,288,priest,discipline,6,3,3
35088,Hínáta,kelthuzad,288,priest,discipline,6,3,3
35089,Crocsnsocks,sargeras,288,priest,discipline,6,3,3
35090,Tmall,tichondrius,288,priest,discipline,6,3,3
35091,Justinagnpr,tichondrius,288,priest,discipline,6,3,3
35092,Imagees,stormscale,288,priest,discipline,6,3,3
35093,Kakera,tichondrius,288,priest,discipline,6,3,3
35094,Illegalkill,tichondrius,288,priest,discipline,6,3,3
35095,Nutdrip,tichondrius,288,priest,discipline,6,3,3
35096,Barackhobama,malganis,288,priest,discipline,6,3,3
35097,Zaradomin,kelthuzad,288,priest,discipline,6,3,3
35098,Ìhatermp,tichondrius,288,priest,discipline,6,3,3
35099,Îcecube,sargeras,288,priest,discipline,6,3,3
35100,Zaxxriee,malganis,288,priest,discipline,6,3,3
35101,Nazgúl,lothar,288,priest,discipline,6,3,3
35102,Illiteratex,sargeras,288,priest,discipline,6,3,3
35103,Lostnthought,aggramar,288,priest,discipline,6,3,3
35104,Ayoheals,zuljin,288,priest,discipline,6,3,3
35105,Seyvyur,black-dragonflight,288,priest,discipline,6,3,3
35106,Nokizzgrizz,sargeras,288,priest,discipline,6,3,3
35107,Calcifer,drakkari,288,priest,discipline,6,3,3
35108,Healyhaney,stormrage,288,priest,discipline,6,3,3
35109,Kujoh,tichondrius,288,priest,discipline,6,3,3
35110,Dudurr,zuluhed,288,priest,discipline,6,3,3
35111,Julisof,quelthalas,288,priest,discipline,6,3,3
35112,Drrunk,bleeding-hollow,288,priest,discipline,6,3,3
35113,Serenderpity,moon-guard,288,priest,discipline,6,3,3
35114,Edmen,stormrage,288,priest,discipline,6,3,3
35115,Dìngobaby,stormrage,288,priest,discipline,6,3,3
35116,Germanica,area-52,288,priest,discipline,6,3,3
35117,Furydos,zuljin,288,priest,discipline,6,3,3
35118,Sassygayboyx,bleeding-hollow,288,priest,discipline,6,3,3
35119,Pumpkinpino,stormrage,288,priest,discipline,6,3,3
35120,Shalters,tichondrius,288,priest,discipline,6,3,3
35121,Powerchucha,area-52,288,priest,discipline,6,3,3
35122,Aia,frostwolf,288,priest,discipline,6,3,3
35123,Benance,tichondrius,288,priest,discipline,6,3,3
35124,Zzavidwong,tichondrius,288,priest,discipline,6,3,3
35125,Fouroneo,tichondrius,288,priest,discipline,6,3,3
35126,Kabutta,stormrage,288,priest,discipline,6,3,3
35127,Poøpoopeepee,tichondrius,288,priest,discipline,6,3,3
35128,Idhealthat,tichondrius,288,priest,discipline,6,3,3
35129,Kawesha,emerald-dream,288,priest,discipline,6,3,3
35130,Nyxvoid,ragnaros,288,priest,discipline,6,3,3
35131,Zugzugheal,bleeding-hollow,288,priest,discipline,6,3,3
35132,Donkeycube,tichondrius,288,priest,discipline,6,3,3
35133,Bessias,area-52,288,priest,discipline,6,3,3
35134,Bgundy,sargeras,288,priest,discipline,6,3,3
35135,Diamondz,emerald-dream,288,priest,discipline,6,3,3
35136,Buffrmppls,ragnaros,288,priest,discipline,6,3,3
35137,Psyfriend,area-52,288,priest,discipline,6,3,3
35138,Minzyx,tichondrius,288,priest,discipline,6,3,3
35139,Milesa,korgath,288,priest,discipline,6,3,3
35140,Swinee,tichondrius,288,priest,discipline,6,3,3
35141,Ålexánder,quelthalas,288,priest,discipline,6,3,3
35142,Saintsnap,bleeding-hollow,288,priest,discipline,6,3,3
35143,Drewsies,anvilmar,288,priest,discipline,6,3,3
35144,Éxploït,tichondrius,288,priest,discipline,6,3,3
35145,Haedn,azralon,288,priest,discipline,6,3,3
35146,Deezdotz,alterac-mountains,288,priest,discipline,6,3,3
35147,Dredre,aggramar,288,priest,discipline,6,3,3
35148,Tempname,thunderhorn,288,priest,discipline,6,3,3
35149,Namecusein,ragnaros,288,priest,discipline,6,3,3
35150,Nevermyndz,bleeding-hollow,288,priest,discipline,6,3,3
35151,Mindmelts,gallywix,288,priest,discipline,6,3,3
35152,Pics,emerald-dream,288,priest,discipline,6,3,3
35153,Bubblejunkie,lethon,288,priest,discipline,9,4,5
35154,Whackagnome,kelthuzad,288,priest,discipline,9,4,5
35155,Onegil,tichondrius,288,priest,discipline,7,3,4
35156,Holytitanzz,quelthalas,288,priest,discipline,10,4,6
35157,Atheistbtw,sargeras,288,priest,discipline,16,5,11
35158,Zodiá,dentarg,288,priest,discipline,14,4,10
35159,Bewbeez,fizzcrank,288,priest,discipline,12,3,9
35160,Manaburnout,blackhand,288,priest,discipline,12,3,9
35161,Hail,kaelthas,288,priest,discipline,12,3,9
35162,Bån,ragnaros,288,priest,discipline,12,3,9
35163,Xalatath,stormrage,288,priest,discipline,12,3,9
35164,Realheal,tichondrius,288,priest,discipline,12,3,9
35165,Quartzolio,azralon,288,priest,discipline,12,3,9
35166,Spampws,aerie-peak,288,priest,discipline,12,3,9
35167,Gwenoviere,whisperwind,288,priest,discipline,12,3,9
35168,Fitzop,frostmourne,288,priest,discipline,12,3,9
35169,Kayzen,frostmourne,288,priest,discipline,12,3,9
35170,Bubblez,gorefiend,288,priest,discipline,12,3,9
35171,Xìdís,vashj,288,priest,discipline,12,3,9
35172,Ophindrip,zuljin,288,priest,discipline,12,3,9
35173,Km,zuljin,288,priest,discipline,12,3,9
35174,Virydian,stormrage,288,priest,discipline,12,3,9
35175,Sibble,deathwing,288,priest,discipline,12,3,9
35176,Devili,wyrmrest-accord,288,priest,discipline,12,3,9
35177,Twohpriest,aerie-peak,288,priest,discipline,12,3,9
35178,Phantøms,zuljin,288,priest,discipline,12,3,9
35179,Vandi,moon-guard,288,priest,discipline,12,3,9
35180,Slackinhealz,thrall,288,priest,discipline,12,3,9
35181,Zemms,tichondrius,288,priest,discipline,12,3,9
35182,Hokon,tortheldrin,288,priest,discipline,12,3,9
35183,Muriaticacid,tichondrius,288,priest,discipline,12,3,9
35184,Decokim,tichondrius,288,priest,discipline,12,3,9
35185,Aaxahfon,moon-guard,288,priest,discipline,12,3,9
35186,Solestro,malganis,288,priest,discipline,12,3,9
35187,Bombmarley,azralon,288,priest,discipline,12,3,9
35188,Disconelf,barthilas,288,priest,discipline,12,3,9
35189,Toppers,bladefist,288,priest,discipline,12,3,9
35190,Die,crushridge,288,priest,discipline,12,3,9
35191,Râven,proudmoore,288,priest,discipline,12,3,9
35192,Luzhú,illidan,288,priest,discipline,12,3,9
35193,Skimpdubs,bleeding-hollow,288,priest,discipline,12,3,9
35194,Lovebbw,sargeras,288,priest,discipline,12,3,9
35195,Miliotis,sargeras,288,priest,discipline,12,3,9
35196,Ricxaw,frostmourne,288,priest,discipline,12,3,9
35197,Shattgreen,malganis,288,priest,discipline,12,3,9
35198,Abefromann,sargeras,288,priest,discipline,12,3,9
35199,Freák,zuljin,288,priest,discipline,12,3,9
35200,Kershl,aegwynn,288,priest,discipline,12,3,9
35201,Pedialyte,kiljaeden,288,priest,discipline,12,3,9
35202,Googus,bleeding-hollow,288,priest,discipline,12,3,9
35203,Bobbybacala,velen,288,priest,discipline,12,3,9
35204,Aoeprophet,area-52,288,priest,discipline,12,3,9
35205,Doomageddon,thorium-brotherhood,288,priest,discipline,12,3,9
35206,Sanitizer,frostmourne,288,priest,discipline,12,3,9
35207,Awøaqexs,area-52,288,priest,discipline,12,3,9
35208,Krewtoo,illidan,288,priest,discipline,12,3,9
35209,Phillyrivers,area-52,288,priest,discipline,12,3,9
35210,Dumplolz,quelthalas,288,priest,discipline,12,3,9
35211,Soleyxo,frostmourne,288,priest,discipline,12,3,9
35212,Cowboydanpri,malganis,288,priest,discipline,12,3,9
35213,Schüco,tichondrius,288,priest,discipline,12,3,9
35214,Gloomswrath,illidan,288,priest,discipline,12,3,9
35215,Hayna,emerald-dream,288,priest,discipline,12,3,9
35216,Lightshizzle,illidan,288,priest,discipline,12,3,9
35217,Kurnak,arthas,288,priest,discipline,12,3,9
35218,Chaddadbod,emerald-dream,288,priest,discipline,12,3,9
35219,Kustem,tichondrius,288,priest,discipline,12,3,9
35220,Nsquared,illidan,288,priest,discipline,12,3,9
35221,Baldy,arthas,288,priest,discipline,12,3,9
35222,Lavéy,ragnaros,288,priest,discipline,12,3,9
35223,Paztech,arthas,288,priest,discipline,12,3,9
35224,Nogetget,frostmourne,288,priest,discipline,12,3,9
35225,Nuaghtyheals,illidan,288,priest,discipline,12,3,9
35226,Willica,stormrage,288,priest,discipline,12,3,9
35227,Pravant,illidan,288,priest,discipline,18,3,15
35228,Chirho,malganis,288,priest,discipline,18,3,15
35229,Zarøw,tichondrius,288,priest,discipline,24,3,21
35230,Imgold,emerald-dream,287,priest,discipline,6,3,3
35231,Wobbleskank,tichondrius,287,priest,discipline,6,3,3
35232,Kagayaku,aegwynn,287,priest,discipline,12,3,9
35233,Priestkofwa,tichondrius,287,priest,discipline,12,3,9
35234,Zarakih,azralon,287,priest,discipline,12,3,9
35235,Celticó,quelthalas,287,priest,discipline,12,3,9
35236,Dorkulous,wyrmrest-accord,287,priest,discipline,12,3,9
35237,Sorros,cenarion-circle,286,priest,discipline,6,3,3
35238,Kataró,tichondrius,286,priest,discipline,12,3,9
35239,Areyouready,sargeras,256,priest,discipline,4,4,0
35240,Mendgins,area-52,256,priest,discipline,4,4,0
35241,Cerriôus,baelgun,256,priest,discipline,10,3,7
35242,Kagura,dunemaul,256,priest,discipline,22,3,19
35243,Toddo,trollbane,255,priest,discipline,8,4,4
35244,Priestcarry,tichondrius,255,priest,discipline,8,4,4
35245,Mabisyo,wyrmrest-accord,255,priest,discipline,8,4,4
35246,Stormlighter,proudmoore,255,priest,discipline,11,3,8
35247,Plaguepumper,sargeras,255,priest,discipline,11,3,8
35248,Prèèst,proudmoore,255,priest,discipline,11,3,8
35249,Imamu,tichondrius,251,priest,discipline,35,16,19
35250,Holycwap,stormrage,240,priest,discipline,9,3,6
35251,Snevini,azralon,240,priest,discipline,15,3,12
35252,Murillio,moon-guard,239,priest,discipline,5,3,2
35253,Facethevoid,stormrage,239,priest,discipline,5,3,2
35254,Taram,ragnaros,239,priest,discipline,5,3,2
35255,Mawwt,moon-guard,239,priest,discipline,5,3,2
35256,Yumä,kiljaeden,239,priest,discipline,5,3,2
35257,Skruffles,black-dragonflight,239,priest,discipline,5,3,2
35258,Pohky,area-52,239,priest,discipline,5,3,2
35259,Canô,quelthalas,239,priest,discipline,5,3,2
35260,Sigurdr,muradin,234,priest,discipline,10,6,4
35261,Johnnweedd,ragnaros,234,priest,discipline,8,4,4
35262,Priêsty,stormrage,234,priest,discipline,9,4,5
35263,Balikina,stormrage,234,priest,discipline,11,4,7
35264,Gloomyspp,illidan,234,priest,discipline,14,4,10
35265,Islada,illidan,233,priest,discipline,18,4,14
35266,Hycinamun,malganis,223,priest,discipline,8,3,5
35267,Reâpêr,kelthuzad,201,priest,discipline,13,4,9
35268,Cruxave,aegwynn,201,priest,discipline,14,4,10
35269,Jedrick,malganis,192,priest,discipline,4,3,1
35270,Notthebappo,malganis,192,priest,discipline,11,4,7
35271,Tedesq,stormrage,192,priest,discipline,9,3,6
35272,Adeston,aggramar,192,priest,discipline,9,3,6
35273,Pimeharder,tichondrius,192,priest,discipline,6,2,4
35274,Chazzwizz,area-52,192,priest,discipline,6,2,4
35275,Ubbzy,illidan,192,priest,discipline,6,2,4
35276,Jaq,altar-of-storms,192,priest,discipline,6,2,4
35277,Psychonauts,arthas,192,priest,discipline,6,2,4
35278,Emptybody,tichondrius,192,priest,discipline,6,2,4
35279,Darkmolt,vashj,192,priest,discipline,6,2,4
35280,Bestwizardx,tichondrius,192,priest,discipline,6,2,4
35281,Evenly,tichondrius,192,priest,discipline,6,2,4
35282,Mordaren,arthas,192,priest,discipline,6,2,4
35283,Ianiezd,illidan,192,priest,discipline,6,2,4
35284,Skellieman,malorne,192,priest,discipline,6,2,4
35285,Irixus,zuljin,192,priest,discipline,6,2,4
35286,Snowlily,illidan,192,priest,discipline,6,2,4
35287,Murkqz,azralon,192,priest,discipline,6,2,4
35288,Davedawg,emerald-dream,192,priest,discipline,6,2,4
35289,Stingypriest,thrall,192,priest,discipline,6,2,4
35290,Chandrella,zuljin,192,priest,discipline,6,2,4
35291,Keygodx,illidan,192,priest,discipline,6,2,4
35292,Bmox,borean-tundra,192,priest,discipline,6,2,4
35293,Novakaynersj,anetheron,192,priest,discipline,6,2,4
35294,Tulip,frostmourne,192,priest,discipline,6,2,4
35295,Linaelinatia,area-52,192,priest,discipline,6,2,4
35296,Polteageist,frostmourne,192,priest,discipline,6,2,4
35297,Halfsorrow,tichondrius,192,priest,discipline,6,2,4
35298,Smallz,silvermoon,192,priest,discipline,6,2,4
35299,Benjamints,thrall,192,priest,discipline,6,2,4
35300,Djratlordx,thrall,192,priest,discipline,6,2,4
35301,Goatedhp,dalaran,192,priest,discipline,6,2,4
35302,Saenax,area-52,192,priest,discipline,6,2,4
35303,Quasenada,stormrage,192,priest,discipline,6,2,4
35304,Brazen,emerald-dream,192,priest,discipline,6,2,4
35305,Mayzal,emerald-dream,192,priest,discipline,6,2,4
35306,Stiffmeister,bleeding-hollow,192,priest,discipline,6,2,4
35307,Corpsen,frostmourne,192,priest,discipline,6,2,4
35308,Jpandha,azralon,192,priest,discipline,6,2,4
35309,Disc,haomarush,192,priest,discipline,6,2,4
35310,Dilonpi,area-52,192,priest,discipline,6,2,4
35311,Vivø,nemesis,192,priest,discipline,6,2,4
35312,Infecte,illidan,192,priest,discipline,6,2,4
35313,Pmsñ,tichondrius,192,priest,discipline,6,2,4
35314,Kharahealer,scilla,192,priest,discipline,6,2,4
35315,Noobepriest,thrall,192,priest,discipline,6,2,4
35316,Heartsblood,whisperwind,192,priest,discipline,6,2,4
35317,Lexiahp,frostmourne,192,priest,discipline,6,2,4
35318,Gstvsrrn,tichondrius,192,priest,discipline,6,2,4
35319,Amphion,skullcrusher,192,priest,discipline,6,2,4
35320,Puts,zuljin,192,priest,discipline,6,2,4
35321,Darkhel,stormrage,192,priest,discipline,6,2,4
35322,Mentiroso,kaelthas,192,priest,discipline,6,2,4
35323,Anthuss,illidan,192,priest,discipline,6,2,4
35324,Zonozan,lightnings-blade,192,priest,discipline,6,2,4
35325,Ripret,tichondrius,192,priest,discipline,6,2,4
35326,Aurilain,emerald-dream,192,priest,discipline,6,2,4
35327,Qtgirlsofine,bleeding-hollow,192,priest,discipline,6,2,4
35328,Tommyjr,tichondrius,192,priest,discipline,6,2,4
35329,Thangthangin,icecrown,192,priest,discipline,6,2,4
35330,Fluxen,illidan,192,priest,discipline,6,2,4
35331,Bigmommyxo,whisperwind,192,priest,discipline,6,2,4
35332,Fezalio,burning-blade,192,priest,discipline,6,2,4
35333,Thréé,dalaran,192,priest,discipline,6,2,4
35334,Gwendalynne,tichondrius,192,priest,discipline,6,2,4
35335,Penicilin,terokkar,192,priest,discipline,6,2,4
35336,Dontpvponme,illidan,192,priest,discipline,6,2,4
35337,Mindgoblin,terokkar,192,priest,discipline,6,2,4
35338,Qtpriestx,tichondrius,192,priest,discipline,6,2,4
35339,Plaguesus,dalaran,192,priest,discipline,6,2,4
35340,Budheals,spirestone,192,priest,discipline,6,2,4
35341,Hateznamez,bladefist,192,priest,discipline,6,2,4
35342,Holytipz,stormrage,192,priest,discipline,6,2,4
35343,Jamie,maiev,192,priest,discipline,6,2,4
35344,Haushauha,azralon,192,priest,discipline,6,2,4
35345,Healgirls,dalaran,192,priest,discipline,6,2,4
35346,Stilla,kelthuzad,192,priest,discipline,6,2,4
35347,Visìons,tichondrius,192,priest,discipline,6,2,4
35348,Redzwhotwo,kelthuzad,192,priest,discipline,6,2,4
35349,Crossblesser,argent-dawn,192,priest,discipline,6,2,4
35350,Penancemd,tichondrius,192,priest,discipline,6,2,4
35351,Krossvoid,thrall,192,priest,discipline,6,2,4
35352,Coldstone,bloodhoof,192,priest,discipline,6,2,4
35353,Krevs,proudmoore,192,priest,discipline,6,2,4
35354,Xeroxlivee,tichondrius,192,priest,discipline,6,2,4
35355,Kaeruz,stormrage,192,priest,discipline,6,2,4
35356,Issaley,tichondrius,192,priest,discipline,6,2,4
35357,Stepbroplzno,barthilas,192,priest,discipline,6,2,4
35358,Xedus,mannoroth,192,priest,discipline,6,2,4
35359,Viictorea,barthilas,192,priest,discipline,6,2,4
35360,Machiomora,dunemaul,192,priest,discipline,6,2,4
35361,Meaning,tichondrius,192,priest,discipline,6,2,4
35362,Qmine,tichondrius,192,priest,discipline,6,2,4
35363,Damokek,tichondrius,192,priest,discipline,6,2,4
35364,Kimbeloria,bleeding-hollow,192,priest,discipline,6,2,4
35365,Soçks,proudmoore,192,priest,discipline,6,2,4
35366,Railly,skywall,192,priest,discipline,6,2,4
35367,Patagoniabae,kelthuzad,192,priest,discipline,6,2,4
35368,Jàxx,dawnbringer,192,priest,discipline,6,2,4
35369,Mieshatate,boulderfist,192,priest,discipline,6,2,4
35370,Helorren,nagrand,192,priest,discipline,6,2,4
35371,Meowforheals,sargeras,192,priest,discipline,6,2,4
35372,Fancycorpse,tichondrius,192,priest,discipline,6,2,4
35373,Roshank,illidan,192,priest,discipline,6,2,4
35374,Mattkoster,mannoroth,192,priest,discipline,6,2,4
35375,Rhypesia,azralon,192,priest,discipline,6,2,4
35376,Snìffer,kelthuzad,192,priest,discipline,6,2,4
35377,Kaldrbock,sargeras,192,priest,discipline,6,2,4
35378,Çherished,stormrage,192,priest,discipline,6,2,4
35379,Invain,executus,192,priest,discipline,6,2,4
35380,Wiccano,stormrage,192,priest,discipline,6,2,4
35381,Focusedwilly,frostmourne,192,priest,discipline,6,2,4
35382,Zanyxx,tichondrius,192,priest,discipline,6,2,4
35383,Holyshafted,kelthuzad,192,priest,discipline,6,2,4
35384,Halloweenx,area-52,192,priest,discipline,6,2,4
35385,Apparìtions,khazgoroth,192,priest,discipline,6,2,4
35386,Verboden,kelthuzad,192,priest,discipline,6,2,4
35387,Dinkk,stormrage,192,priest,discipline,6,2,4
35388,Jesupristo,area-52,192,priest,discipline,6,2,4
35389,Imcutejk,malganis,192,priest,discipline,6,2,4
35390,Qnarisha,tichondrius,192,priest,discipline,6,2,4
35391,Ôp,sargeras,192,priest,discipline,6,2,4
35392,Roivas,bleeding-hollow,192,priest,discipline,6,2,4
35393,Príest,nordrassil,192,priest,discipline,6,2,4
35394,Phatheals,norgannon,192,priest,discipline,6,2,4
35395,Noteenurse,blackrock,192,priest,discipline,6,2,4
35396,Cmendemon,cenarion-circle,192,priest,discipline,6,2,4
35397,Riztwo,moon-guard,192,priest,discipline,6,2,4
35398,Castholy,nordrassil,192,priest,discipline,6,2,4
35399,Beymaxll,moon-guard,192,priest,discipline,6,2,4
35400,Fathersins,malganis,192,priest,discipline,6,2,4
35401,Beansan,proudmoore,192,priest,discipline,6,2,4
35402,Faedre,smolderthorn,192,priest,discipline,6,2,4
35403,Ligthsoul,ragnaros,192,priest,discipline,6,2,4
35404,Oongawa,sargeras,192,priest,discipline,6,2,4
35405,Ripngor,tichondrius,192,priest,discipline,6,2,4
35406,Hankspank,hakkar,192,priest,discipline,6,2,4
35407,Aelap,malganis,192,priest,discipline,6,2,4
35408,Gwenholy,hakkar,192,priest,discipline,6,2,4
35409,Nizama,moon-guard,192,priest,discipline,6,2,4
35410,Feelmydisc,bonechewer,192,priest,discipline,6,2,4
35411,Mythine,moon-guard,192,priest,discipline,6,2,4
35412,Linxisp,tichondrius,192,priest,discipline,6,2,4
35413,Cub,darkspear,192,priest,discipline,6,2,4
35414,Halfdeath,sargeras,192,priest,discipline,6,2,4
35415,Coffeek,sargeras,192,priest,discipline,6,2,4
35416,Tmchicken,tichondrius,192,priest,discipline,6,2,4
35417,Shadowpáin,ragnaros,192,priest,discipline,6,2,4
35418,Zereht,ragnaros,192,priest,discipline,6,2,4
35419,Anttila,ragnaros,192,priest,discipline,6,2,4
35420,Lunarras,aggramar,192,priest,discipline,6,2,4
35421,Downbadbrick,moon-guard,192,priest,discipline,6,2,4
35422,Celestian,malganis,192,priest,discipline,6,2,4
35423,Schadên,wyrmrest-accord,192,priest,discipline,6,2,4
35424,Bubblewrap,wyrmrest-accord,192,priest,discipline,6,2,4
35425,Mhanaburn,nerzhul,192,priest,discipline,6,2,4
35426,Rickmason,frostmane,192,priest,discipline,6,2,4
35427,Dadin,nerzhul,192,priest,discipline,6,2,4
35428,Járngreipr,nerzhul,192,priest,discipline,6,2,4
35429,Radikel,aerie-peak,192,priest,discipline,6,2,4
35430,Aßsolution,moon-guard,192,priest,discipline,6,2,4
35431,Holydrop,sargeras,192,priest,discipline,6,2,4
35432,Genevieve,aggramar,192,priest,discipline,6,2,4
35433,Brokennurse,area-52,192,priest,discipline,7,2,5
35434,Lightski,thunderlord,192,priest,discipline,7,2,5
35435,Patchyemoly,frostmourne,192,priest,discipline,8,2,6
35436,Pragus,emerald-dream,192,priest,discipline,14,3,11
35437,Phraze,thrall,192,priest,discipline,11,2,9
35438,Lûdløw,kelthuzad,192,priest,discipline,12,2,10
35439,Nudibranch,malganis,192,priest,discipline,12,2,10
35440,Canyounaut,kelthuzad,192,priest,discipline,12,2,10
35441,Sativacuity,malganis,192,priest,discipline,12,2,10
35442,Purpskuurp,malganis,192,priest,discipline,12,2,10
35443,Meatbaoo,tichondrius,192,priest,discipline,12,2,10
35444,Majiinbuu,maelstrom,192,priest,discipline,12,2,10
35445,Rewena,silver-hand,192,priest,discipline,12,2,10
35446,Grâfix,barthilas,192,priest,discipline,12,2,10
35447,Capixaba,stormrage,192,priest,discipline,12,2,10
35448,Jazminee,quelthalas,192,priest,discipline,12,2,10
35449,Hpriest,barthilas,192,priest,discipline,12,2,10
35450,Prilance,hyjal,192,priest,discipline,12,2,10
35451,Sukora,blades-edge,192,priest,discipline,12,2,10
35452,Jordiest,dalaran,192,priest,discipline,12,2,10
35453,Bolognypony,norgannon,192,priest,discipline,12,2,10
35454,Commotion,dalaran,192,priest,discipline,12,2,10
35455,Häle,bloodscalp,192,priest,discipline,12,2,10
35456,Fearward,silvermoon,192,priest,discipline,12,2,10
35457,Bilian,dalvengyr,192,priest,discipline,12,2,10
35458,Shwøøps,sargeras,192,priest,discipline,12,2,10
35459,Toguol,stormrage,192,priest,discipline,12,2,10
35460,Deadmoron,illidan,192,priest,discipline,12,2,10
35461,Dumpesitwo,frostmourne,192,priest,discipline,12,2,10
35462,Kuazi,frostmourne,192,priest,discipline,12,2,10
35463,Ularim,tichondrius,192,priest,discipline,12,2,10
35464,Chinzhs,tichondrius,192,priest,discipline,12,2,10
35465,Holyshock,madoran,192,priest,discipline,12,2,10
35466,Theryan,ragnaros,192,priest,discipline,12,2,10
35467,Akainuu,nazjatar,192,priest,discipline,12,2,10
35468,Ergoproxy,barthilas,192,priest,discipline,18,2,16
35469,Myobi,tichondrius,191,priest,discipline,6,2,4
35470,Fayth,maiev,191,priest,discipline,6,2,4
35471,Serraphinaa,tichondrius,191,priest,discipline,6,2,4
35472,Frothyfran,icecrown,191,priest,discipline,12,2,10
35473,Mentra,tichondrius,191,priest,discipline,15,2,13
35474,Hazzang,tichondrius,176,priest,discipline,78,37,41
35475,Rhonorudeska,ragnaros,175,priest,discipline,11,2,9
35476,Gabuncher,barthilas,175,priest,discipline,11,2,9
35477,Rektinfull,bladefist,159,priest,discipline,5,2,3
35478,Dinogingy,lightbringer,159,priest,discipline,5,2,3
35479,Bwaka,dalaran,159,priest,discipline,5,2,3
35480,Pugadin,bleeding-hollow,159,priest,discipline,5,2,3
35481,Azrothlol,kul-tiras,159,priest,discipline,5,2,3
35482,Venzd,illidan,159,priest,discipline,5,2,3
35483,Greybearded,korgath,159,priest,discipline,5,2,3
35484,Strict,the-forgotten-coast,159,priest,discipline,5,2,3
35485,Sacredream,illidan,159,priest,discipline,5,2,3
35486,Yuhstin,sargeras,159,priest,discipline,8,3,5
35487,ßßxßß,tichondrius,144,priest,discipline,3,3,0
35488,Franku,quelthalas,143,priest,discipline,3,3,0
35489,Catboynahj,dalaran,138,priest,discipline,8,3,5
35490,Mesiausx,stormrage,138,priest,discipline,8,3,5
35491,Ryukim,tichondrius,138,priest,discipline,14,5,9
35492,Dillydackx,sargeras,138,priest,discipline,9,3,6
35493,Tylennin,hyjal,138,priest,discipline,13,4,9
35494,Desiree,emerald-dream,138,priest,discipline,13,4,9
35495,Ariadneminos,illidan,138,priest,discipline,11,3,8
35496,Theophobe,illidan,138,priest,discipline,19,5,14
35497,Krathe,azralon,128,priest,discipline,4,2,2
35498,Dangerhealz,frostmourne,128,priest,discipline,4,2,2
35499,Strepsis,icecrown,128,priest,discipline,4,2,2
35500,Fadinglol,tichondrius,128,priest,discipline,4,2,2
35501,Voif,proudmoore,128,priest,discipline,4,2,2
35502,Holyfieldx,stormrage,127,priest,discipline,8,2,6
35503,Rustydisc,area-52,127,priest,discipline,8,2,6
35504,Tmspongwo,tichondrius,96,priest,discipline,3,2,1
35505,Allaurah,thrall,96,priest,discipline,3,2,1
35506,Standback,wyrmrest-accord,96,priest,discipline,3,2,1
35507,Juvell,illidan,96,priest,discipline,3,2,1
35508,Fatherbrah,kelthuzad,96,priest,discipline,3,2,1
35509,Blightov,bleeding-hollow,96,priest,discipline,6,1,5
35510,Yessír,stormrage,96,priest,discipline,6,1,5
35511,Dëëdëëpants,moon-guard,96,priest,discipline,6,1,5
35512,Barelylegalx,tichondrius,96,priest,discipline,6,1,5
35513,Prayboy,aerie-peak,96,priest,discipline,6,1,5
35514,Saltedaddy,tichondrius,96,priest,discipline,6,1,5
35515,Mynaevis,malganis,96,priest,discipline,6,1,5
35516,Dchi,tichondrius,96,priest,discipline,6,1,5
35517,Tichealstwo,tichondrius,96,priest,discipline,6,1,5
35518,Dentwo,aggramar,96,priest,discipline,6,1,5
35519,Shelleypin,bleeding-hollow,96,priest,discipline,6,1,5
35520,Regzi,stormrage,96,priest,discipline,6,1,5
35521,Radiance,aggramar,96,priest,discipline,6,1,5
35522,Drkwingduckz,area-52,96,priest,discipline,6,1,5
35523,Kunof,ragnaros,96,priest,discipline,6,1,5
35524,Hionlife,tichondrius,96,priest,discipline,6,1,5
35525,Skingraft,bleeding-hollow,96,priest,discipline,6,1,5
35526,Throwshade,moon-guard,96,priest,discipline,6,1,5
35527,Edessa,lothar,96,priest,discipline,6,1,5
35528,Terripriest,sargeras,96,priest,discipline,6,1,5
35529,Shåde,skullcrusher,96,priest,discipline,6,1,5
35530,Chemod,quelthalas,96,priest,discipline,6,1,5
35531,Swungzebra,stormrage,96,priest,discipline,6,1,5
35532,Beeds,sargeras,96,priest,discipline,6,1,5
35533,Stunsilence,tichondrius,96,priest,discipline,6,1,5
35534,Thasar,azgalor,96,priest,discipline,6,1,5
35535,Nonbinary,trollbane,96,priest,discipline,6,1,5
35536,Gwynplaine,trollbane,96,priest,discipline,6,1,5
35537,Lostvoidbee,stormrage,96,priest,discipline,6,1,5
35538,Soliidsnake,area-52,96,priest,discipline,6,1,5
35539,Sïlvermoon,ravencrest,96,priest,discipline,6,1,5
35540,Swagmasta,doomhammer,96,priest,discipline,6,1,5
35541,Mistnamed,emerald-dream,96,priest,discipline,6,1,5
35542,Mykillakilla,wyrmrest-accord,96,priest,discipline,6,1,5
35543,Ivermectin,eredar,96,priest,discipline,6,1,5
35544,Religions,wyrmrest-accord,96,priest,discipline,6,1,5
35545,Escence,jubeithos,96,priest,discipline,6,1,5
35546,Floofball,medivh,96,priest,discipline,6,1,5
35547,Holwyn,moon-guard,96,priest,discipline,6,1,5
35548,Snotanygood,alleria,96,priest,discipline,6,1,5
35549,Starcross,exodar,96,priest,discipline,6,1,5
35550,Nekkz,sargeras,96,priest,discipline,6,1,5
35551,Trupriest,alleria,96,priest,discipline,6,1,5
35552,Spriesto,frostmourne,96,priest,discipline,6,1,5
35553,Aeøns,sargeras,96,priest,discipline,6,1,5
35554,Perlak,bleeding-hollow,96,priest,discipline,6,1,5
35555,Minamy,tichondrius,96,priest,discipline,6,1,5
35556,Kalakbar,tichondrius,96,priest,discipline,6,1,5
35557,Orethon,thrall,96,priest,discipline,6,1,5
35558,Atzuru,ragnaros,96,priest,discipline,6,1,5
35559,Yarock,kelthuzad,96,priest,discipline,6,1,5
35560,Notgoodatsp,bleeding-hollow,96,priest,discipline,6,1,5
35561,Sukeena,malganis,96,priest,discipline,6,1,5
35562,Vayr,thrall,96,priest,discipline,6,1,5
35563,Aneresxo,illidan,96,priest,discipline,6,1,5
35564,Kimmie,kelthuzad,96,priest,discipline,6,1,5
35565,Hode,sargeras,96,priest,discipline,6,1,5
35566,Billyscousin,chogall,96,priest,discipline,6,1,5
35567,Common,tichondrius,96,priest,discipline,6,1,5
35568,Tatereh,illidan,96,priest,discipline,6,1,5
35569,Mêga,illidan,96,priest,discipline,6,1,5
35570,Thh,emerald-dream,96,priest,discipline,6,1,5
35571,Shaylari,kelthuzad,96,priest,discipline,6,1,5
35572,Snuzziest,darkspear,96,priest,discipline,6,1,5
35573,Tabzorbing,illidan,96,priest,discipline,6,1,5
35574,Hordehealin,laughing-skull,96,priest,discipline,6,1,5
35575,Kernelious,illidan,96,priest,discipline,6,1,5
35576,Leach,darkspear,96,priest,discipline,6,1,5
35577,Nickerbocker,nazgrel,96,priest,discipline,6,1,5
35578,Clárke,tichondrius,96,priest,discipline,6,1,5
35579,Lampfood,alterac-mountains,96,priest,discipline,6,1,5
35580,Canklez,stormscale,96,priest,discipline,6,1,5
35581,Baneburr,illidan,96,priest,discipline,6,1,5
35582,Keynnish,sargeras,96,priest,discipline,6,1,5
35583,Kryoff,illidan,96,priest,discipline,6,1,5
35584,Wilcarfegus,draka,96,priest,discipline,6,1,5
35585,Voidstryker,windrunner,96,priest,discipline,6,1,5
35586,Gódriç,emerald-dream,96,priest,discipline,6,1,5
35587,Blosinrosin,lightbringer,96,priest,discipline,6,1,5
35588,Baerybonds,kiljaeden,96,priest,discipline,6,1,5
35589,Ilikis,tichondrius,96,priest,discipline,6,1,5
35590,Spspsp,illidan,96,priest,discipline,6,1,5
35591,Legitgayirl,zuljin,96,priest,discipline,6,1,5
35592,Priestmika,illidan,96,priest,discipline,6,1,5
35593,Pinoculus,illidan,96,priest,discipline,6,1,5
35594,Sylthius,emerald-dream,96,priest,discipline,6,1,5
35595,Mêatpuppet,kiljaeden,96,priest,discipline,6,1,5
35596,Lifejuice,tichondrius,96,priest,discipline,6,1,5
35597,Yogirabbit,kiljaeden,96,priest,discipline,6,1,5
35598,Tooflyy,sargeras,96,priest,discipline,6,1,5
35599,Hampy,illidan,96,priest,discipline,6,1,5
35600,Moonideli,moon-guard,96,priest,discipline,6,1,5
35601,Tisifone,ragnaros,96,priest,discipline,6,1,5
35602,Priestprease,malganis,96,priest,discipline,6,1,5
35603,Holnderoth,malganis,96,priest,discipline,6,1,5
35604,Löstský,azralon,96,priest,discipline,6,1,5
35605,Doobzy,proudmoore,96,priest,discipline,6,1,5
35606,Fatherwyatt,bleeding-hollow,96,priest,discipline,6,1,5
35607,Cenzlyor,arthas,96,priest,discipline,6,1,5
35608,Mannybtuggin,kelthuzad,96,priest,discipline,6,1,5
35609,Payforheals,malganis,96,priest,discipline,6,1,5
35610,Dáhealz,tichondrius,96,priest,discipline,6,1,5
35611,Ayzen,emerald-dream,96,priest,discipline,6,1,5
35612,Ugamie,proudmoore,96,priest,discipline,6,1,5
35613,Djriest,sargeras,96,priest,discipline,6,1,5
35614,Spêc,frostmourne,96,priest,discipline,6,1,5
35615,Rahna,azralon,96,priest,discipline,6,1,5
35616,Aqusia,crushridge,96,priest,discipline,6,1,5
35617,Galice,archimonde,96,priest,discipline,6,1,5
35618,Prayforhealz,tichondrius,96,priest,discipline,6,1,5
35619,Trixor,area-52,96,priest,discipline,6,1,5
35620,Halfcab,runetotem,96,priest,discipline,6,1,5
35621,Iggyp,hyjal,96,priest,discipline,6,1,5
35622,Ripchadman,tichondrius,96,priest,discipline,6,1,5
35623,Holddacheese,area-52,96,priest,discipline,6,1,5
35624,Xiffs,malganis,96,priest,discipline,6,1,5
35625,Crusiol,proudmoore,96,priest,discipline,6,1,5
35626,Pétt,amanthul,96,priest,discipline,6,1,5
35627,Púrg,frostmourne,96,priest,discipline,6,1,5
35628,Drmuhammad,sargeras,96,priest,discipline,6,1,5
35629,Ploottiy,kelthuzad,96,priest,discipline,6,1,5
35630,Payan,barthilas,96,priest,discipline,6,1,5
35631,Yungmazikeen,proudmoore,96,priest,discipline,6,1,5
35632,Jaseyrae,emerald-dream,96,priest,discipline,6,1,5
35633,Beanerall,quelthalas,96,priest,discipline,6,1,5
35634,Kireepilef,ragnaros,96,priest,discipline,6,1,5
35635,Pastortee,sargeras,96,priest,discipline,6,1,5
35636,Shadeven,nagrand,96,priest,discipline,6,1,5
35637,Mïsstres,area-52,96,priest,discipline,6,1,5
35638,Çhauncy,tichondrius,96,priest,discipline,6,1,5
35639,Zenorik,thrall,96,priest,discipline,6,1,5
35640,Torgasm,frostmourne,96,priest,discipline,12,1,11
35641,Chewboppa,zuljin,96,priest,discipline,12,1,11
35642,Punkndrublic,sargeras,96,priest,discipline,12,1,11
35643,Touchoflife,dragonblight,96,priest,discipline,12,1,11
35644,Erinyn,area-52,96,priest,discipline,12,1,11
35645,Zathog,earthen-ring,96,priest,discipline,12,1,11
35646,Mallzahar,darkspear,96,priest,discipline,12,1,11
35647,Fambam,sargeras,96,priest,discipline,12,1,11
35648,Ssmushi,tichondrius,96,priest,discipline,12,1,11
35649,Heniupriest,tichondrius,96,priest,discipline,12,1,11
35650,Invisibler,tichondrius,96,priest,discipline,12,1,11
35651,Gusgp,tichondrius,96,priest,discipline,12,1,11
35652,Sifts,proudmoore,96,priest,discipline,12,1,11
35653,Maggiesarang,tichondrius,96,priest,discipline,12,1,11
35654,Modesty,antonidas,96,priest,discipline,12,1,11
35655,Timéo,zuljin,96,priest,discipline,18,1,17
35656,Õdinson,sargeras,96,priest,discipline,30,1,29
35657,Orchidp,tichondrius,2334,priest,shadow,300,185,115
35658,Jennaôrtega,tichondrius,2332,priest,shadow,108,69,39
35659,Pboo,tichondrius,2315,priest,shadow,78,49,29
35660,Luvkak,tichondrius,2304,priest,shadow,100,55,45
35661,Yeazy,stormrage,2296,priest,shadow,108,62,46
35662,Ejr,altar-of-storms,2248,priest,shadow,109,58,51
35663,Kishoengi,sargeras,2228,priest,shadow,102,61,41
35664,Disembly,illidan,2223,priest,shadow,87,50,37
35665,Edd,tichondrius,2215,priest,shadow,158,84,74
35666,Scandi,tichondrius,2199,priest,shadow,84,49,35
35667,Yeona,tichondrius,2195,priest,shadow,101,60,41
35668,Mearas,kelthuzad,2189,priest,shadow,88,52,36
35669,Disemble,illidan,2186,priest,shadow,78,44,34
35670,Techbadar,tichondrius,2185,priest,shadow,125,65,60
35671,Eradication,frostmourne,2168,priest,shadow,99,64,35
35672,Strwbrynaner,sargeras,2159,priest,shadow,186,99,87
35673,Zçythe,tichondrius,2158,priest,shadow,84,51,33
35674,Oohhmágáá,azralon,2157,priest,shadow,84,60,24
35675,Painpaws,moon-guard,2148,priest,shadow,107,65,42
35676,Moraver,kelthuzad,2141,priest,shadow,74,39,35
35677,Targora,lightninghoof,2138,priest,shadow,108,62,46
35678,Healingstats,tichondrius,2137,priest,shadow,71,38,33
35679,Zyrith,sargeras,2137,priest,shadow,111,58,53
35680,Apbrady,sargeras,2136,priest,shadow,108,58,50
35681,Welplayedman,emerald-dream,2130,priest,shadow,88,53,35
35682,Geovanni,barthilas,2129,priest,shadow,101,52,49
35683,Zlipz,frostmourne,2125,priest,shadow,66,42,24
35684,Amyyds,illidan,2124,priest,shadow,161,101,60
35685,Palumorp,deathwing,2118,priest,shadow,90,57,33
35686,Kottun,stormrage,2110,priest,shadow,66,38,28
35687,Lìám,frostmourne,2110,priest,shadow,187,102,85
35688,Pdfileclass,tichondrius,2106,priest,shadow,72,47,25
35689,Bayter,frostmourne,2105,priest,shadow,181,97,84
35690,Yenïza,illidan,2104,priest,shadow,178,96,82
35691,Alisasa,tichondrius,2083,priest,shadow,72,40,32
35692,Spamndam,tichondrius,2076,priest,shadow,78,45,33
35693,Xiaozhui,tichondrius,2075,priest,shadow,93,51,42
35694,Dream,tichondrius,2066,priest,shadow,180,88,92
35695,Heheheg,tichondrius,2059,priest,shadow,140,72,68
35696,Dyrr,barthilas,2058,priest,shadow,191,96,95
35697,Vtp,frostmourne,2052,priest,shadow,116,66,50
35698,Nekroscream,queldorei,2050,priest,shadow,95,53,42
35699,Criminalsp,frostmourne,2050,priest,shadow,83,42,41
35700,Omenx,emerald-dream,2046,priest,shadow,66,36,30
35701,Laundryday,korgath,2043,priest,shadow,96,51,45
35702,Sin,guldan,2036,priest,shadow,380,203,177
35703,Blax,stormscale,2024,priest,shadow,96,54,42
35704,Shibuu,moon-guard,2024,priest,shadow,82,46,36
35705,Eunu,tichondrius,2021,priest,shadow,221,109,112
35706,Knowknow,tichondrius,2013,priest,shadow,114,60,54
35707,Expr,area-52,2011,priest,shadow,114,62,52
35708,Gâdzêd,kelthuzad,2003,priest,shadow,62,38,24
35709,Cozies,stormreaver,2001,priest,shadow,102,57,45
35710,Zlips,frostmourne,2001,priest,shadow,86,41,45
35711,Pbxx,tichondrius,1998,priest,shadow,58,35,23
35712,Babyh,tichondrius,1994,priest,shadow,77,41,36
35713,Ombravuota,blades-edge,1994,priest,shadow,219,113,106
35714,Bobbyvagene,area-52,1990,priest,shadow,86,43,43
35715,Louloudots,malganis,1979,priest,shadow,142,74,68
35716,Keygodx,illidan,1977,priest,shadow,59,36,23
35717,Kiriko,mannoroth,1977,priest,shadow,101,56,45
35718,Viyana,stormrage,1977,priest,shadow,204,104,100
35719,Erebusz,tichondrius,1976,priest,shadow,185,95,90
35720,Yoggsarodney,tichondrius,1973,priest,shadow,49,32,17
35721,Talbadar,tichondrius,1973,priest,shadow,66,42,24
35722,Stinkiez,area-52,1972,priest,shadow,259,137,122
35723,Arobahn,tichondrius,1970,priest,shadow,142,74,68
35724,Aro,tichondrius,1966,priest,shadow,60,32,28
35725,Mamísonga,ragnaros,1965,priest,shadow,71,35,36
35726,Taylorsp,tichondrius,1964,priest,shadow,94,55,39
35727,Maskali,tichondrius,1964,priest,shadow,244,117,127
35728,Blackoss,sargeras,1961,priest,shadow,87,47,40
35729,Urelz,illidan,1956,priest,shadow,30,21,9
35730,Soapee,illidan,1955,priest,shadow,221,113,108
35731,Puppyboyx,moon-guard,1954,priest,shadow,74,39,35
35732,Psyfiend,alterac-mountains,1953,priest,shadow,81,46,35
35733,Gromkekz,area-52,1953,priest,shadow,125,63,62
35734,Greaterfade,stormrage,1952,priest,shadow,60,34,26
35735,Jugeumx,proudmoore,1951,priest,shadow,66,36,30
35736,Maìden,sargeras,1950,priest,shadow,66,36,30
35737,Garpd,tichondrius,1947,priest,shadow,138,80,58
35738,Metasp,sargeras,1947,priest,shadow,84,43,41
35739,Helmsman,tichondrius,1940,priest,shadow,224,117,107
35740,Yberisa,zuljin,1936,priest,shadow,149,78,71
35741,Zlowbly,ragnaros,1935,priest,shadow,172,93,79
35742,Nozp,stormrage,1930,priest,shadow,48,28,20
35743,Ysuran,moon-guard,1930,priest,shadow,184,106,78
35744,Katallyst,tichondrius,1926,priest,shadow,77,36,41
35745,Kuraga,bleeding-hollow,1923,priest,shadow,338,180,158
35746,Holydose,moon-guard,1921,priest,shadow,114,51,63
35747,Ensanity,stormrage,1920,priest,shadow,132,69,63
35748,Cheesëburg,illidan,1915,priest,shadow,54,28,26
35749,Remixsp,malganis,1913,priest,shadow,48,28,20
35750,Missyoung,tichondrius,1912,priest,shadow,73,42,31
35751,Ilovevivien,spirestone,1911,priest,shadow,54,30,24
35752,Ousïa,quelthalas,1905,priest,shadow,88,44,44
35753,Marfas,illidan,1905,priest,shadow,98,47,51
35754,Delasoul,malganis,1904,priest,shadow,87,50,37
35755,Vamp,proudmoore,1899,priest,shadow,82,52,30
35756,Aformoflove,tichondrius,1893,priest,shadow,59,33,26
35757,Niark,frostmourne,1893,priest,shadow,52,27,25
35758,Keliarc,sargeras,1892,priest,shadow,72,41,31
35759,Meehx,illidan,1886,priest,shadow,102,65,37
35760,Asmødeus,bleeding-hollow,1883,priest,shadow,95,50,45
35761,Bubbyflay,area-52,1880,priest,shadow,47,30,17
35762,Ssupasonic,tichondrius,1880,priest,shadow,103,63,40
35763,Mindblastx,kelthuzad,1880,priest,shadow,63,35,28
35764,Netheerix,tichondrius,1879,priest,shadow,51,30,21
35765,Metricdotem,terenas,1878,priest,shadow,48,30,18
35766,Bibleblak,stormrage,1878,priest,shadow,108,59,49
35767,Claudiosip,tichondrius,1873,priest,shadow,48,33,15
35768,Nutdrip,tichondrius,1872,priest,shadow,47,28,19
35769,Mythsnake,ragnaros,1872,priest,shadow,49,29,20
35770,Soar,ravencrest,1872,priest,shadow,47,26,21
35771,Stresscube,tichondrius,1871,priest,shadow,40,25,15
35772,Drmuhammad,sargeras,1870,priest,shadow,46,28,18
35773,Atarri,illidan,1868,priest,shadow,54,31,23
35774,Xaneo,kelthuzad,1866,priest,shadow,53,35,18
35775,Creapture,zuluhed,1864,priest,shadow,42,24,18
35776,Sênju,thrall,1864,priest,shadow,77,40,37
35777,Xayp,kelthuzad,1863,priest,shadow,101,73,28
35778,Voidkay,tichondrius,1862,priest,shadow,42,35,7
35779,Theophobe,illidan,1862,priest,shadow,42,32,10
35780,Wizkxjwap,tichondrius,1862,priest,shadow,36,24,12
35781,Christmasgal,uldum,1859,priest,shadow,30,27,3
35782,Fungame,malganis,1855,priest,shadow,50,35,15
35783,Evenly,tichondrius,1855,priest,shadow,138,76,62
35784,Itkev,area-52,1854,priest,shadow,35,27,8
35785,Ericzssp,tichondrius,1854,priest,shadow,63,36,27
35786,Couldntbeme,sargeras,1852,priest,shadow,54,31,23
35787,Echoos,proudmoore,1849,priest,shadow,42,28,14
35788,Nevertelsp,malganis,1848,priest,shadow,134,86,48
35789,Yoggismydad,emerald-dream,1847,priest,shadow,48,29,19
35790,Wafflezsp,frostmourne,1847,priest,shadow,120,62,58
35791,Derisha,ragnaros,1845,priest,shadow,128,71,57
35792,Sapoopettas,quelthalas,1845,priest,shadow,54,26,28
35793,Griffsp,sargeras,1844,priest,shadow,203,101,102
35794,Dí,illidan,1843,priest,shadow,66,38,28
35795,Ayumihamaski,tichondrius,1840,priest,shadow,57,39,18
35796,Soyul,tichondrius,1838,priest,shadow,114,64,50
35797,Pnub,aggramar,1838,priest,shadow,65,34,31
35798,Brokenspc,tichondrius,1837,priest,shadow,136,75,61
35799,Snoog,tichondrius,1837,priest,shadow,54,28,26
35800,Stunsilence,sargeras,1835,priest,shadow,42,23,19
35801,Stankychimpo,malganis,1834,priest,shadow,54,32,22
35802,Estéve,wyrmrest-accord,1834,priest,shadow,113,58,55
35803,Niurouchuan,tichondrius,1834,priest,shadow,62,31,31
35804,Furbog,area-52,1833,priest,shadow,42,31,11
35805,Phubar,stormreaver,1831,priest,shadow,78,34,44
35806,Remedio,emerald-dream,1830,priest,shadow,33,21,12
35807,Jojotwo,illidan,1830,priest,shadow,78,41,37
35808,Cøtt,emerald-dream,1829,priest,shadow,48,30,18
35809,Doma,malganis,1829,priest,shadow,43,26,17
35810,Yb,kelthuzad,1829,priest,shadow,54,32,22
35811,Auttø,area-52,1829,priest,shadow,45,26,19
35812,Kalantris,ragnaros,1828,priest,shadow,64,41,23
35813,Throwshade,moon-guard,1828,priest,shadow,89,56,33
35814,Giriosp,thrall,1827,priest,shadow,31,22,9
35815,Celypriest,moon-guard,1825,priest,shadow,30,25,5
35816,What,drakthul,1825,priest,shadow,54,35,19
35817,Ptam,tichondrius,1825,priest,shadow,47,26,21
35818,Silero,dalaran,1824,priest,shadow,116,76,40
35819,Idiotgarbage,moon-guard,1824,priest,shadow,48,26,22
35820,Insanity,azuremyst,1823,priest,shadow,137,77,60
35821,Snozberry,malganis,1822,priest,shadow,66,36,30
35822,Samsypriest,frostmourne,1821,priest,shadow,64,38,26
35823,Mindslips,tichondrius,1821,priest,shadow,144,82,62
35824,Sodíum,wyrmrest-accord,1821,priest,shadow,65,33,32
35825,Bearoom,frostmourne,1820,priest,shadow,66,39,27
35826,Kydraah,ragnaros,1820,priest,shadow,47,27,20
35827,Plaguesus,dalaran,1820,priest,shadow,64,35,29
35828,Vil,lightnings-blade,1819,priest,shadow,90,50,40
35829,Ellindria,spinebreaker,1818,priest,shadow,95,57,38
35830,Disxlyec,barthilas,1817,priest,shadow,142,79,63
35831,Dots,tichondrius,1816,priest,shadow,53,33,20
35832,Katarot,area-52,1816,priest,shadow,51,30,21
35833,Discipline,chogall,1816,priest,shadow,48,26,22
35834,Hollister,illidan,1816,priest,shadow,246,132,114
35835,Bagjoe,illidan,1816,priest,shadow,194,102,92
35836,Havocshadows,deathwing,1815,priest,shadow,94,58,36
35837,Blissily,sargeras,1814,priest,shadow,75,47,28
35838,Irasponsible,stormrage,1814,priest,shadow,42,23,19
35839,Holytalk,tichondrius,1814,priest,shadow,60,30,30
35840,Drupith,dalaran,1814,priest,shadow,54,27,27
35841,Nawzyh,emerald-dream,1813,priest,shadow,48,26,22
35842,Melonsoda,stormrage,1813,priest,shadow,48,26,22
35843,Resonator,laughing-skull,1813,priest,shadow,46,22,24
35844,Invain,executus,1812,priest,shadow,30,24,6
35845,Felrynpr,malganis,1811,priest,shadow,47,28,19
35846,Ðantex,thrall,1811,priest,shadow,296,155,141
35847,Xannè,tichondrius,1811,priest,shadow,60,30,30
35848,Tomcruisé,zuljin,1810,priest,shadow,54,31,23
35849,Llamabush,malganis,1809,priest,shadow,39,26,13
35850,Doublesix,malganis,1809,priest,shadow,72,43,29
35851,Krelaeren,tichondrius,1809,priest,shadow,65,33,32
35852,Cixelpvp,area-52,1809,priest,shadow,54,26,28
35853,Arthrix,sargeras,1807,priest,shadow,72,46,26
35854,Bumps,zuljin,1807,priest,shadow,76,43,33
35855,Esteedees,bonechewer,1807,priest,shadow,114,62,52
35856,Inflate,frostmourne,1807,priest,shadow,114,62,52
35857,Ussmissouri,area-52,1807,priest,shadow,200,107,93
35858,Ericxd,area-52,1807,priest,shadow,77,38,39
35859,Edai,malganis,1806,priest,shadow,229,124,105
35860,Exoticfather,stormrage,1806,priest,shadow,66,33,33
35861,Dispel,agamaggan,1805,priest,shadow,32,24,8
35862,Ghostz,alleria,1805,priest,shadow,60,39,21
35863,Jomm,area-52,1805,priest,shadow,69,37,32
35864,Snookp,kiljaeden,1805,priest,shadow,255,132,123
35865,Brickzyhehe,dalaran,1805,priest,shadow,113,58,55
35866,Naosoupriest,azralon,1804,priest,shadow,53,40,13
35867,Healingstat,tichondrius,1804,priest,shadow,39,25,14
35868,Secrèt,tichondrius,1804,priest,shadow,30,19,11
35869,Bearzugzug,frostmourne,1803,priest,shadow,30,20,10
35870,Inmotion,tichondrius,1803,priest,shadow,30,19,11
35871,Panndaz,tichondrius,1803,priest,shadow,30,19,11
35872,Nhela,kelthuzad,1803,priest,shadow,54,26,28
35873,Euthanasìa,deathwing,1803,priest,shadow,70,31,39
35874,Korrà,turalyon,1802,priest,shadow,30,19,11
35875,Eclipsë,malganis,1800,priest,shadow,24,19,5
35876,Hástür,quelthalas,1797,priest,shadow,145,79,66
35877,Voiders,area-52,1795,priest,shadow,276,157,119
35878,Sleepynuj,stormrage,1792,priest,shadow,78,48,30
35879,Axelrod,tichondrius,1792,priest,shadow,48,29,19
35880,Jthreetx,kelthuzad,1788,priest,shadow,40,23,17
35881,Griffsp,stormrage,1786,priest,shadow,29,20,9
35882,Zhiwanam,tichondrius,1786,priest,shadow,59,34,25
35883,Lillyp,malganis,1786,priest,shadow,42,21,21
35884,Jydge,tichondrius,1780,priest,shadow,39,22,17
35885,Pengwinxl,agamaggan,1779,priest,shadow,48,25,23
35886,Psyphi,duskwood,1778,priest,shadow,72,32,40
35887,Almycn,tichondrius,1776,priest,shadow,56,30,26
35888,Plztrainme,spinebreaker,1776,priest,shadow,124,65,59
35889,Ayniah,tichondrius,1775,priest,shadow,40,22,18
35890,Pinguisursi,kelthuzad,1774,priest,shadow,36,27,9
35891,Saintpleb,sargeras,1772,priest,shadow,113,73,40
35892,Jeseck,quelthalas,1771,priest,shadow,88,46,42
35893,Shadowforsho,sargeras,1771,priest,shadow,64,30,34
35894,Tamajka,the-forgotten-coast,1769,priest,shadow,111,55,56
35895,Ventusp,azralon,1765,priest,shadow,83,45,38
35896,Kattallyst,tichondrius,1765,priest,shadow,66,31,35
35897,Voidgodtko,tichondrius,1763,priest,shadow,36,21,15
35898,Kovie,twisting-nether,1758,priest,shadow,206,119,87
35899,Krovnp,stormrage,1756,priest,shadow,36,24,12
35900,Orgasmiq,frostmourne,1755,priest,shadow,84,45,39
35901,Eklunð,proudmoore,1754,priest,shadow,53,28,25
35902,Kfcpriest,barthilas,1752,priest,shadow,42,21,21
35903,Mindgoblin,terokkar,1751,priest,shadow,90,43,47
35904,Afromon,suramar,1750,priest,shadow,72,45,27
35905,Mepisth,sargeras,1748,priest,shadow,72,46,26
35906,Impérial,stormrage,1744,priest,shadow,179,107,72
35907,Mindburn,nemesis,1742,priest,shadow,84,38,46
35908,Krytical,illidan,1739,priest,shadow,160,95,65
35909,Emopriestqt,tichondrius,1737,priest,shadow,144,79,65
35910,Saevita,area-52,1737,priest,shadow,66,34,32
35911,Tidbitsy,malganis,1735,priest,shadow,65,29,36
35912,Ticklefingrs,malganis,1734,priest,shadow,60,35,25
35913,Plushys,emerald-dream,1733,priest,shadow,66,44,22
35914,Laokele,tichondrius,1731,priest,shadow,48,29,19
35915,Dildocrates,darkspear,1730,priest,shadow,48,28,20
35916,Messiahp,illidan,1730,priest,shadow,53,25,28
35917,Aristedes,thrall,1729,priest,shadow,35,20,15
35918,Sukes,korgath,1729,priest,shadow,103,58,45
35919,Xmewo,sargeras,1728,priest,shadow,41,25,16
35920,Lauretânia,nemesis,1727,priest,shadow,78,40,38
35921,Lebronjâmes,tichondrius,1726,priest,shadow,42,25,17
35922,Tidals,sargeras,1726,priest,shadow,48,28,20
35923,Dxsc,tichondrius,1725,priest,shadow,72,41,31
35924,Finfangfoom,laughing-skull,1725,priest,shadow,60,30,30
35925,Milan,dalaran,1724,priest,shadow,81,49,32
35926,Bornagain,gundrak,1723,priest,shadow,41,19,22
35927,Pesca,proudmoore,1721,priest,shadow,90,47,43
35928,Madcaddies,bonechewer,1721,priest,shadow,78,39,39
35929,Manofmystery,dalaran,1718,priest,shadow,42,24,18
35930,Peggable,moon-guard,1718,priest,shadow,42,23,19
35931,Cmg,sargeras,1718,priest,shadow,48,24,24
35932,Brokentrojan,moon-guard,1718,priest,shadow,48,23,25
35933,Carbsauce,tichondrius,1716,priest,shadow,42,27,15
35934,Perfectz,stormrage,1716,priest,shadow,42,24,18
35935,Álvarez,tichondrius,1716,priest,shadow,110,56,54
35936,Soný,stormrage,1715,priest,shadow,69,38,31
35937,Saintjudys,tichondrius,1714,priest,shadow,36,23,13
35938,Rizzle,emerald-dream,1714,priest,shadow,70,44,26
35939,Brownie,blackrock,1713,priest,shadow,41,23,18
35940,Fatherfeet,tichondrius,1711,priest,shadow,42,23,19
35941,Dispèrsion,darkspear,1711,priest,shadow,76,35,41
35942,Chazzwizz,area-52,1709,priest,shadow,42,21,21
35943,Royx,stormreaver,1708,priest,shadow,36,18,18
35944,Nishishabi,tichondrius,1707,priest,shadow,48,24,24
35945,Marantbourge,frostmourne,1706,priest,shadow,93,59,34
35946,Ðemi,zuljin,1706,priest,shadow,84,45,39
35947,Thaumaturgy,chogall,1706,priest,shadow,48,25,23
35948,Cathery,tichondrius,1704,priest,shadow,36,18,18
35949,Jessticalz,frostmourne,1703,priest,shadow,48,24,24
35950,Shwayp,zuljin,1702,priest,shadow,36,22,14
35951,Moonideli,moon-guard,1702,priest,shadow,49,29,20
35952,Invincible,ragnaros,1701,priest,shadow,48,28,20
35953,Twoboo,bleeding-hollow,1701,priest,shadow,72,40,32
35954,Darkenside,moon-guard,1699,priest,shadow,48,28,20
35955,Ddark,tichondrius,1697,priest,shadow,66,41,25
35956,Palmerin,ravencrest,1697,priest,shadow,102,53,49
35957,Shadowblastx,sargeras,1696,priest,shadow,48,29,19
35958,Cavaliersr,ragnaros,1696,priest,shadow,90,53,37
35959,Sheiizy,azralon,1696,priest,shadow,42,24,18
35960,Priestpogger,tichondrius,1695,priest,shadow,30,22,8
35961,Nvøsuperstar,zuljin,1695,priest,shadow,72,37,35
35962,Míslead,kelthuzad,1690,priest,shadow,30,22,8
35963,Crbandit,moon-guard,1688,priest,shadow,103,62,41
35964,Shalla,blackrock,1687,priest,shadow,84,45,39
35965,Sinning,kelthuzad,1686,priest,shadow,24,18,6
35966,Deuz,quelthalas,1685,priest,shadow,148,73,75
35967,Holyxb,bleeding-hollow,1683,priest,shadow,137,76,61
35968,Giveheadpats,moon-guard,1683,priest,shadow,216,118,98
35969,Iuka,emerald-dream,1683,priest,shadow,183,96,87
35970,Nonamegame,sargeras,1681,priest,shadow,106,60,46
35971,Himikko,illidan,1680,priest,shadow,40,19,21
35972,Yayonaise,tichondrius,1678,priest,shadow,36,21,15
35973,Woodney,ragnaros,1676,priest,shadow,30,19,11
35974,Littlewench,sargeras,1676,priest,shadow,86,49,37
35975,Darkvagician,malganis,1676,priest,shadow,36,19,17
35976,Girthed,bloodscalp,1676,priest,shadow,92,48,44
35977,Crayon,stormrage,1676,priest,shadow,48,25,23
35978,Snuffp,sargeras,1675,priest,shadow,119,77,42
35979,Shelize,kirin-tor,1675,priest,shadow,277,139,138
35980,Evx,demon-soul,1673,priest,shadow,96,50,46
35981,Sochron,stormrage,1672,priest,shadow,128,67,61
35982,Clownface,tichondrius,1671,priest,shadow,42,24,18
35983,Manic,skywall,1671,priest,shadow,144,79,65
35984,Fantasía,moon-guard,1670,priest,shadow,114,54,60
35985,Desaros,tichondrius,1668,priest,shadow,102,52,50
35986,Delbringer,moon-guard,1667,priest,shadow,120,68,52
35987,Slasheal,caelestrasz,1666,priest,shadow,90,47,43
35988,Nuggs,mannoroth,1665,priest,shadow,42,21,21
35989,Pumpss,area-52,1664,priest,shadow,55,33,22
35990,Xdipi,proudmoore,1662,priest,shadow,44,25,19
35991,Swaggylee,tichondrius,1661,priest,shadow,40,22,18
35992,Akuvurá,nemesis,1658,priest,shadow,119,67,52
35993,Zachlol,area-52,1658,priest,shadow,66,36,30
35994,Deadsp,thrall,1657,priest,shadow,115,58,57
35995,Shadowkr,tichondrius,1656,priest,shadow,42,26,16
35996,Uploading,moon-guard,1655,priest,shadow,30,19,11
35997,Pluse,bonechewer,1655,priest,shadow,52,31,21
35998,Ranthrough,tichondrius,1654,priest,shadow,72,47,25
35999,Raptorjésus,azjolnerub,1654,priest,shadow,42,22,20
36000,Ilovealina,gorefiend,1653,priest,shadow,30,21,9
36001,Shadowlife,bonechewer,1652,priest,shadow,62,33,29
36002,Djcyrus,barthilas,1652,priest,shadow,54,28,26
36003,Nevermôre,area-52,1650,priest,shadow,54,36,18
36004,Vaporachi,emerald-dream,1650,priest,shadow,42,28,14
36005,Dovoso,kargath,1650,priest,shadow,54,30,24
36006,Skrillô,emerald-dream,1650,priest,shadow,53,27,26
36007,Fenix,bloodhoof,1650,priest,shadow,52,25,27
36008,Caricius,ravenholdt,1649,priest,shadow,36,20,16
36009,Iceveins,illidan,1649,priest,shadow,36,20,16
36010,Johai,uldum,1648,priest,shadow,42,26,16
36011,Moralism,moon-guard,1647,priest,shadow,229,129,100
36012,Kultil,dalaran,1646,priest,shadow,72,42,30
36013,Griddly,alterac-mountains,1646,priest,shadow,72,41,31
36014,Painful,malganis,1645,priest,shadow,62,36,26
36015,Amarexlol,stormrage,1645,priest,shadow,66,37,29
36016,Sigx,area-52,1643,priest,shadow,30,21,9
36017,Healzium,blackwater-raiders,1643,priest,shadow,44,23,21
36018,Gaymalenurse,sargeras,1643,priest,shadow,48,25,23
36019,Swungzebra,stormrage,1642,priest,shadow,140,83,57
36020,Mscleo,lothar,1642,priest,shadow,120,54,66
36021,Destta,stormrage,1641,priest,shadow,34,19,15
36022,Voidazepam,zuljin,1641,priest,shadow,96,53,43
36023,Deeaann,tichondrius,1641,priest,shadow,304,162,142
36024,Scalpell,tichondrius,1639,priest,shadow,227,118,109
36025,Folesian,tichondrius,1638,priest,shadow,54,31,23
36026,Mockr,kiljaeden,1638,priest,shadow,72,41,31
36027,Lolshadow,amanthul,1638,priest,shadow,42,23,19
36028,Nullreferenc,frostmourne,1637,priest,shadow,75,42,33
36029,Partypriest,tichondrius,1637,priest,shadow,66,36,30
36030,Scarabless,bleeding-hollow,1637,priest,shadow,90,47,43
36031,Badbwoi,frostmourne,1636,priest,shadow,51,24,27
36032,Priestine,dreadmaul,1634,priest,shadow,156,81,75
36033,Alip,tichondrius,1633,priest,shadow,64,41,23
36034,Grimdox,tichondrius,1631,priest,shadow,48,36,12
36035,Cixelp,area-52,1631,priest,shadow,42,23,19
36036,Mushill,tichondrius,1631,priest,shadow,102,51,51
36037,Fâêlyn,wyrmrest-accord,1631,priest,shadow,88,44,44
36038,Safe,illidan,1629,priest,shadow,97,51,46
36039,Antìdote,tichondrius,1628,priest,shadow,158,89,69
36040,Bubbzy,daggerspine,1628,priest,shadow,42,23,19
36041,Sempiternus,barthilas,1628,priest,shadow,46,24,22
36042,Sarâda,moon-guard,1626,priest,shadow,177,95,82
36043,Fireballingg,tichondrius,1625,priest,shadow,30,18,12
36044,Ightdoe,zuljin,1624,priest,shadow,57,36,21
36045,Alyndral,illidan,1624,priest,shadow,30,18,12
36046,Whysoserious,duskwood,1624,priest,shadow,30,17,13
36047,Mêdúsa,area-52,1621,priest,shadow,58,30,28
36048,Dorraheals,tichondrius,1620,priest,shadow,41,22,19
36049,Rhick,azralon,1619,priest,shadow,83,52,31
36050,Dirtyysanta,tichondrius,1619,priest,shadow,29,18,11
36051,Solstunn,moon-guard,1619,priest,shadow,48,24,24
36052,Ilostmybible,quelthalas,1619,priest,shadow,46,23,23
36053,Gershwinner,daggerspine,1619,priest,shadow,36,17,19
36054,Iogical,kelthuzad,1618,priest,shadow,116,70,46
36055,Tsmc,moon-guard,1618,priest,shadow,84,43,41
36056,Thenamesnorm,tichondrius,1617,priest,shadow,59,36,23
36057,Sînkaî,demon-soul,1617,priest,shadow,118,70,48
36058,Dustnbonez,area-52,1617,priest,shadow,36,20,16
36059,Sècret,tichondrius,1617,priest,shadow,40,20,20
36060,Drossv,shadowmoon,1614,priest,shadow,42,20,22
36061,Vallfiresp,malganis,1612,priest,shadow,40,22,18
36062,Cxrsed,illidan,1610,priest,shadow,42,22,20
36063,Fxxkdamn,tichondrius,1609,priest,shadow,29,20,9
36064,Jeffgordo,tichondrius,1609,priest,shadow,86,52,34
36065,Trenbologni,illidan,1609,priest,shadow,162,92,70
36066,Kwõnc,tichondrius,1609,priest,shadow,50,26,24
36067,Warklaw,frostmourne,1609,priest,shadow,72,34,38
36068,Nickdeath,tichondrius,1609,priest,shadow,48,22,26
36069,Nodoubt,barthilas,1609,priest,shadow,58,26,32
36070,Adopted,wyrmrest-accord,1608,priest,shadow,66,37,29
36071,Wenger,crushridge,1608,priest,shadow,138,70,68
36072,Bandages,stormreaver,1606,priest,shadow,104,57,47
36073,Shmage,malganis,1606,priest,shadow,54,28,26
36074,Moc,jubeithos,1605,priest,shadow,36,22,14
36075,Fight,icecrown,1605,priest,shadow,60,33,27
36076,Cyanovoid,thrall,1605,priest,shadow,48,26,22
36077,Hriest,tichondrius,1604,priest,shadow,42,23,19
36078,Shadowdurps,area-52,1604,priest,shadow,66,36,30
36079,Murkqz,stormrage,1604,priest,shadow,54,29,25
36080,Clamchowdy,kiljaeden,1603,priest,shadow,27,18,9
36081,Ayooblitz,guldan,1603,priest,shadow,42,26,16
36082,Shadork,area-52,1602,priest,shadow,49,31,18
36083,Cloax,azgalor,1602,priest,shadow,48,29,19
36084,Aspéct,aegwynn,1602,priest,shadow,30,17,13
36085,Hotphoyou,moon-guard,1600,priest,shadow,60,39,21
36086,Manifestor,illidan,1600,priest,shadow,86,51,35
36087,Machinecoach,stormrage,1600,priest,shadow,40,20,20
36088,Vyabl,thrall,1599,priest,shadow,42,24,18
36089,Gusho,frostmourne,1599,priest,shadow,175,88,87
36090,Wifegrip,tichondrius,1598,priest,shadow,42,19,23
36091,Evelën,azralon,1597,priest,shadow,36,20,16
36092,Vtplz,bleeding-hollow,1596,priest,shadow,35,20,15
36093,Radicional,azralon,1596,priest,shadow,36,20,16
36094,Milkgrabber,bleeding-hollow,1595,priest,shadow,139,75,64
36095,Minamy,tichondrius,1593,priest,shadow,30,17,13
36096,Ulqüiorra,azralon,1592,priest,shadow,42,23,19
36097,Graviton,tichondrius,1591,priest,shadow,72,40,32
36098,Vashrapani,stormrage,1590,priest,shadow,243,124,119
36099,Pettypriest,dalaran,1587,priest,shadow,125,64,61
36100,Shadowzypher,wyrmrest-accord,1586,priest,shadow,42,23,19
36101,Chillypriest,azjolnerub,1585,priest,shadow,42,23,19
36102,Nexumbra,dunemaul,1585,priest,shadow,120,64,56
36103,Fluttershÿ,ragnaros,1584,priest,shadow,54,28,26
36104,Occult,bloodscalp,1584,priest,shadow,99,48,51
36105,Imabeast,stormrage,1583,priest,shadow,65,34,31
36106,Vicara,moon-guard,1582,priest,shadow,60,30,30
36107,Gineska,tichondrius,1580,priest,shadow,30,18,12
36108,Vaala,jubeithos,1580,priest,shadow,60,30,30
36109,Ajazz,zuljin,1578,priest,shadow,36,22,14
36110,Fancycorpse,tichondrius,1578,priest,shadow,54,22,32
36111,Dillydackx,sargeras,1577,priest,shadow,114,61,53
36112,Brothercarl,stormrage,1576,priest,shadow,48,24,24
36113,Çummiñs,malganis,1575,priest,shadow,36,21,15
36114,Kaldrir,malganis,1574,priest,shadow,42,27,15
36115,Aqurielen,turalyon,1574,priest,shadow,53,34,19
36116,Boogiê,illidan,1574,priest,shadow,114,64,50
36117,Heàvenly,moon-guard,1573,priest,shadow,36,21,15
36118,Terranle,tichondrius,1573,priest,shadow,118,61,57
36119,Ikillfast,tichondrius,1572,priest,shadow,102,57,45
36120,Toddmund,tichondrius,1570,priest,shadow,131,67,64
36121,Ratleen,malganis,1570,priest,shadow,212,103,109
36122,Mealmassttr,frostmourne,1569,priest,shadow,42,21,21
36123,Sorrentin,ragnaros,1566,priest,shadow,64,34,30
36124,Rhoku,nesingwary,1565,priest,shadow,54,32,22
36125,Crazyherb,azralon,1565,priest,shadow,83,47,36
36126,Xiphoidz,frostmourne,1562,priest,shadow,49,23,26
36127,Iminyou,kelthuzad,1561,priest,shadow,84,50,34
36128,Voltétt,tichondrius,1560,priest,shadow,32,18,14
36129,Ethandryl,kelthuzad,1558,priest,shadow,39,23,16
36130,Dahliá,frostmourne,1558,priest,shadow,83,45,38
36131,Alex,boulderfist,1557,priest,shadow,54,31,23
36132,Jeanbi,ragnaros,1556,priest,shadow,138,78,60
36133,Voidshift,tichondrius,1556,priest,shadow,336,171,165
36134,Sìnz,area-52,1555,priest,shadow,36,26,10
36135,Hieken,nemesis,1555,priest,shadow,64,38,26
36136,Fig,nazgrel,1554,priest,shadow,84,42,42
36137,Nightcráwler,illidan,1553,priest,shadow,42,25,17
36138,Rhima,tichondrius,1552,priest,shadow,24,17,7
36139,Healypants,eonar,1552,priest,shadow,30,18,12
36140,Tënëbrë,nemesis,1552,priest,shadow,73,43,30
36141,Krazé,tichondrius,1552,priest,shadow,78,39,39
36142,Suicider,emerald-dream,1550,priest,shadow,188,95,93
36143,Volkova,quelthalas,1549,priest,shadow,30,19,11
36144,Softs,area-52,1549,priest,shadow,83,42,41
36145,Ivyslays,area-52,1548,priest,shadow,48,30,18
36146,Krooked,kelthuzad,1548,priest,shadow,78,48,30
36147,Proudigy,lightninghoof,1547,priest,shadow,93,54,39
36148,Relicsa,proudmoore,1547,priest,shadow,71,36,35
36149,Nøfaith,area-52,1544,priest,shadow,118,53,65
36150,Pics,emerald-dream,1543,priest,shadow,41,23,18
36151,Khelleya,moon-guard,1543,priest,shadow,48,26,22
36152,Suery,hyjal,1542,priest,shadow,84,37,47
36153,Nizeurflayzz,tichondrius,1541,priest,shadow,50,28,22
36154,Supremezx,frostmourne,1539,priest,shadow,54,34,20
36155,Abientot,tichondrius,1539,priest,shadow,84,47,37
36156,Stepho,dalaran,1539,priest,shadow,42,19,23
36157,Bigboyadam,frostmourne,1538,priest,shadow,88,55,33
36158,Lilithice,moon-guard,1537,priest,shadow,48,25,23
36159,Faeinia,elune,1534,priest,shadow,105,61,44
36160,Cpoppa,sargeras,1533,priest,shadow,54,31,23
36161,Csheweishan,aerie-peak,1533,priest,shadow,72,39,33
36162,Methandrial,hyjal,1533,priest,shadow,117,61,56
36163,Irangara,gorefiend,1533,priest,shadow,38,19,19
36164,Priestzerath,azralon,1533,priest,shadow,51,25,26
36165,Aethestan,zuljin,1533,priest,shadow,83,37,46
36166,Dotdotwin,illidan,1531,priest,shadow,71,43,28
36167,Dikdik,tichondrius,1530,priest,shadow,59,34,25
36168,Benjamints,thrall,1529,priest,shadow,72,42,30
36169,Büd,sargeras,1527,priest,shadow,30,17,13
36170,Skgangmm,tichondrius,1526,priest,shadow,29,18,11
36171,Jojoxxz,illidan,1526,priest,shadow,49,27,22
36172,Purpskurp,stormrage,1525,priest,shadow,42,20,22
36173,Ravinny,nemesis,1524,priest,shadow,46,23,23
36174,Jmanhealz,stormrage,1523,priest,shadow,24,16,8
36175,Mellow,tichondrius,1523,priest,shadow,44,24,20
36176,Beckðn,tichondrius,1523,priest,shadow,94,50,44
36177,Biubiubium,tichondrius,1522,priest,shadow,30,17,13
36178,Salvate,tichondrius,1521,priest,shadow,24,16,8
36179,Márceline,stormrage,1520,priest,shadow,64,40,24
36180,Emlix,tichondrius,1520,priest,shadow,86,46,40
36181,Likesshadows,tichondrius,1519,priest,shadow,66,45,21
36182,Muurielle,quelthalas,1518,priest,shadow,171,92,79
36183,Xannis,thrall,1517,priest,shadow,68,38,30
36184,Londy,area-52,1516,priest,shadow,362,184,178
36185,Keepitlegal,sargeras,1515,priest,shadow,30,16,14
36186,Èvil,tichondrius,1514,priest,shadow,24,16,8
36187,Zhadowbolts,thrall,1514,priest,shadow,41,20,21
36188,Faedyspriest,sargeras,1512,priest,shadow,30,17,13
36189,Shadowflux,thunderlord,1512,priest,shadow,42,17,25
36190,Theorym,tichondrius,1509,priest,shadow,46,32,14
36191,Carniosso,azralon,1507,priest,shadow,122,62,60
36192,Hurtfeet,sargeras,1507,priest,shadow,44,19,25
36193,Amideus,dunemaul,1507,priest,shadow,42,18,24
36194,Bûdussy,bonechewer,1506,priest,shadow,55,32,23
36195,Pepps,proudmoore,1506,priest,shadow,501,256,245
36196,Mightyp,malganis,1506,priest,shadow,36,17,19
36197,Lowkii,malfurion,1505,priest,shadow,63,41,22
36198,Wobbleskank,tichondrius,1505,priest,shadow,84,50,34
36199,Shadylotion,stormrage,1505,priest,shadow,30,16,14
36200,Prickled,zuljin,1505,priest,shadow,79,40,39
36201,Krythe,laughing-skull,1505,priest,shadow,41,19,22
36202,Justfaith,barthilas,1504,priest,shadow,73,35,38
36203,Lucael,durotan,1503,priest,shadow,60,33,27
36204,Shadowhazed,tichondrius,1503,priest,shadow,42,23,19
36205,Iuvrainee,area-52,1503,priest,shadow,90,46,44
36206,Frankeebutt,stormrage,1502,priest,shadow,48,28,20
36207,Shadowthief,magtheridon,1501,priest,shadow,30,16,14
36208,Vynlanesh,illidan,1501,priest,shadow,132,65,67
36209,Danoc,tichondrius,1500,priest,shadow,108,53,55
36210,Púrg,frostmourne,1498,priest,shadow,36,20,16
36211,Brothofnzoth,emerald-dream,1496,priest,shadow,77,37,40
36212,Bullma,boulderfist,1494,priest,shadow,22,17,5
36213,Creedence,jubeithos,1493,priest,shadow,65,33,32
36214,Dischaffy,shadowmoon,1491,priest,shadow,42,29,13
36215,Azheel,stormrage,1490,priest,shadow,65,26,39
36216,Voidork,tichondrius,1489,priest,shadow,30,18,12
36217,Ibringgears,tichondrius,1489,priest,shadow,47,23,24
36218,Teeprie,drakthul,1488,priest,shadow,42,27,15
36219,Fïonan,proudmoore,1488,priest,shadow,72,35,37
36220,Suirr,tichondrius,1486,priest,shadow,36,22,14
36221,Powerwordcry,stormrage,1485,priest,shadow,54,27,27
36222,Bestwizardx,tichondrius,1484,priest,shadow,33,21,12
36223,Shadelink,tichondrius,1484,priest,shadow,36,16,20
36224,Azagthøth,ravenholdt,1478,priest,shadow,239,122,117
36225,Swp,sargeras,1476,priest,shadow,48,29,19
36226,Hypochondria,moon-guard,1475,priest,shadow,51,31,20
36227,Astoshan,moon-guard,1475,priest,shadow,125,73,52
36228,Bugsbright,tichondrius,1475,priest,shadow,105,56,49
36229,Anrop,illidan,1470,priest,shadow,30,20,10
36230,Popejack,stormrage,1470,priest,shadow,29,16,13
36231,Whitehandpr,tichondrius,1469,priest,shadow,338,168,170
36232,Zeromisx,proudmoore,1469,priest,shadow,34,16,18
36233,Juicymist,moon-guard,1468,priest,shadow,226,124,102
36234,Rida,zuljin,1467,priest,shadow,50,31,19
36235,Allsmite,aerie-peak,1467,priest,shadow,54,29,25
36236,Shädë,emerald-dream,1467,priest,shadow,54,23,31
36237,Shadowbee,kargath,1466,priest,shadow,32,18,14
36238,Cuaiminator,ragnaros,1463,priest,shadow,87,47,40
36239,Shadeven,nagrand,1463,priest,shadow,39,18,21
36240,Plzdontlos,hyjal,1461,priest,shadow,36,22,14
36241,Fritzi,shattered-hand,1456,priest,shadow,30,17,13
36242,Numinous,wyrmrest-accord,1456,priest,shadow,68,35,33
36243,Healtheze,kelthuzad,1456,priest,shadow,44,22,22
36244,Aeonar,alleria,1454,priest,shadow,39,24,15
36245,Theodorous,frostmourne,1454,priest,shadow,52,29,23
36246,Wdnmmd,proudmoore,1453,priest,shadow,103,49,54
36247,Scarsdeath,azralon,1452,priest,shadow,46,26,20
36248,Creata,frostmourne,1450,priest,shadow,25,16,9
36249,Xæl,tichondrius,1450,priest,shadow,72,42,30
36250,Spoõks,darkspear,1449,priest,shadow,50,21,29
36251,Kilal,sargeras,1445,priest,shadow,36,24,12
36252,Grizzlysmite,stormrage,1445,priest,shadow,37,17,20
36253,Sezyks,stormrage,1444,priest,shadow,30,23,7
36254,Lelyna,stormrage,1443,priest,shadow,46,27,19
36255,Kadralin,illidan,1443,priest,shadow,72,36,36
36256,Pestee,quelthalas,1442,priest,shadow,161,91,70
36257,Plebcakès,sargeras,1441,priest,shadow,55,28,27
36258,Kokai,area-52,1440,priest,shadow,18,15,3
36259,Mentalprison,khazgoroth,1439,priest,shadow,30,15,15
36260,Teddipriest,tichondrius,1438,priest,shadow,24,15,9
36261,Debbie,cairne,1437,priest,shadow,36,20,16
36262,Nüt,malganis,1437,priest,shadow,53,29,24
36263,ßarracuda,illidan,1436,priest,shadow,114,65,49
36264,Onegil,tichondrius,1436,priest,shadow,75,38,37
36265,Moistfather,kelthuzad,1435,priest,shadow,47,29,18
36266,Papadoll,malganis,1435,priest,shadow,38,20,18
36267,Shortwombat,korgath,1435,priest,shadow,30,15,15
36268,Mindfulness,tichondrius,1434,priest,shadow,24,15,9
36269,Deffaultz,turalyon,1434,priest,shadow,36,19,17
36270,Bbeaie,tichondrius,1433,priest,shadow,30,15,15
36271,Øbara,frostmourne,1432,priest,shadow,76,41,35
36272,Gelato,velen,1432,priest,shadow,30,15,15
36273,Avraf,sargeras,1432,priest,shadow,30,15,15
36274,Ciem,tichondrius,1431,priest,shadow,24,15,9
36275,Covidchamp,proudmoore,1431,priest,shadow,24,15,9
36276,Ezrashade,tichondrius,1431,priest,shadow,89,41,48
36277,Kellsyo,hyjal,1429,priest,shadow,18,15,3
36278,Nightelffeet,stormrage,1428,priest,shadow,24,15,9
36279,Alvorr,ragnaros,1428,priest,shadow,67,39,28
36280,Sandrö,sargeras,1427,priest,shadow,24,15,9
36281,Aguitardient,ragnaros,1426,priest,shadow,33,19,14
36282,Stusy,tichondrius,1425,priest,shadow,71,44,27
36283,Elogant,frostmourne,1425,priest,shadow,106,45,61
36284,Younext,sargeras,1425,priest,shadow,63,22,41
36285,Mitoloshi,ragnaros,1424,priest,shadow,42,19,23
36286,Zarøw,tichondrius,1423,priest,shadow,24,15,9
36287,Corthien,thrall,1422,priest,shadow,18,15,3
36288,Frorgnence,stormrage,1422,priest,shadow,36,26,10
36289,Fathersmits,area-52,1422,priest,shadow,24,15,9
36290,Malikeht,drakkari,1422,priest,shadow,54,29,25
36291,Thelordx,barthilas,1422,priest,shadow,54,25,29
36292,Propumper,dalaran,1419,priest,shadow,29,17,12
36293,Harisleidy,quelthalas,1419,priest,shadow,44,23,21
36294,Bigmollet,tichondrius,1418,priest,shadow,77,32,45
36295,Lilmix,hydraxis,1417,priest,shadow,41,26,15
36296,Strokkerx,azralon,1414,priest,shadow,110,59,51
36297,Showakoi,ragnaros,1412,priest,shadow,54,29,25
36298,Pastortee,sargeras,1409,priest,shadow,65,35,30
36299,Flickmybick,sargeras,1409,priest,shadow,93,44,49
36300,Wongÿ,tichondrius,1408,priest,shadow,30,24,6
36301,Sandelios,aggramar,1408,priest,shadow,42,28,14
36302,Mikeysp,tichondrius,1408,priest,shadow,36,18,18
36303,Voidscrypt,thrall,1406,priest,shadow,100,60,40
36304,Chewthefat,darkspear,1406,priest,shadow,29,15,14
36305,Xammys,malganis,1405,priest,shadow,36,23,13
36306,Daysgone,bleeding-hollow,1404,priest,shadow,221,118,103
36307,ßroßraßroski,sargeras,1403,priest,shadow,42,24,18
36308,Ed,crushridge,1402,priest,shadow,53,30,23
36309,Bastét,skullcrusher,1402,priest,shadow,108,60,48
36310,Shirubamoya,gurubashi,1401,priest,shadow,41,23,18
36311,Mindboink,malganis,1400,priest,shadow,82,44,38
36312,Wowgreatgame,tichondrius,1399,priest,shadow,53,27,26
36313,Aghorï,sargeras,1399,priest,shadow,62,28,34
36314,Seedisc,kelthuzad,1398,priest,shadow,51,30,21
36315,Kuazi,khazgoroth,1398,priest,shadow,125,59,66
36316,Imhðtep,ragnaros,1397,priest,shadow,78,37,41
36317,Aedaki,garona,1396,priest,shadow,154,85,69
36318,Haø,stormrage,1393,priest,shadow,98,50,48
36319,Ashtahius,ragnaros,1392,priest,shadow,113,65,48
36320,Habann,frostmourne,1392,priest,shadow,140,71,69
36321,Constentien,tichondrius,1390,priest,shadow,30,16,14
36322,Dawnkìn,bleeding-hollow,1390,priest,shadow,132,67,65
36323,Dipírex,azralon,1389,priest,shadow,84,40,44
36324,Mindeas,the-forgotten-coast,1387,priest,shadow,32,15,17
36325,Fäÿë,tichondrius,1386,priest,shadow,54,26,28
36326,Vinasky,moon-guard,1386,priest,shadow,38,16,22
36327,Achíllesheal,stormrage,1385,priest,shadow,101,53,48
36328,Bloodify,azralon,1385,priest,shadow,53,26,27
36329,Jags,area-52,1381,priest,shadow,42,16,26
36330,Healztonic,dalaran,1380,priest,shadow,72,32,40
36331,Shén,barthilas,1378,priest,shadow,89,59,30
36332,Tye,medivh,1378,priest,shadow,30,15,15
36333,Lawgiva,thrall,1377,priest,shadow,30,19,11
36334,Jadon,sargeras,1377,priest,shadow,38,22,16
36335,Chaas,ragnaros,1376,priest,shadow,96,50,46
36336,Miniimenx,azralon,1375,priest,shadow,41,29,12
36337,Maynard,ragnaros,1374,priest,shadow,89,46,43
36338,ßluedreamx,tichondrius,1370,priest,shadow,23,15,8
36339,Urspareparts,sargeras,1370,priest,shadow,89,48,41
36340,Spõõky,illidan,1368,priest,shadow,26,15,11
36341,Ampela,dalaran,1368,priest,shadow,43,22,21
36342,Tyisanity,tichondrius,1368,priest,shadow,68,32,36
36343,Niias,hyjal,1366,priest,shadow,69,39,30
36344,Greyyan,wyrmrest-accord,1366,priest,shadow,227,123,104
36345,Saltheril,burning-blade,1366,priest,shadow,37,18,19
36346,Saphet,draktharon,1365,priest,shadow,88,55,33
36347,Aránhell,ragnaros,1365,priest,shadow,48,28,20
36348,Revóra,kelthuzad,1364,priest,shadow,54,32,22
36349,Lolcrafthd,ragnaros,1364,priest,shadow,30,16,14
36350,Heihunüwang,kargath,1363,priest,shadow,26,15,11
36351,Phantomz,malganis,1362,priest,shadow,47,30,17
36352,Ketchuslipin,illidan,1362,priest,shadow,50,24,26
36353,Scadie,goldrinn,1360,priest,shadow,30,15,15
36354,Manofmystery,drenden,1359,priest,shadow,23,15,8
36355,Irilde,proudmoore,1356,priest,shadow,42,21,21
36356,Icytaken,frostmourne,1353,priest,shadow,48,22,26
36357,Matafuka,ragnaros,1348,priest,shadow,66,37,29
36358,Andso,azralon,1348,priest,shadow,36,17,19
36359,Synkiz,darkspear,1346,priest,shadow,83,42,41
36360,Onipapae,frostmourne,1345,priest,shadow,93,49,44
36361,Poague,area-52,1343,priest,shadow,24,14,10
36362,Task,korgath,1343,priest,shadow,41,18,23
36363,Flay,dragonmaw,1342,priest,shadow,18,14,4
36364,Ukishizumi,tichondrius,1342,priest,shadow,18,14,4
36365,Cixelp,tichondrius,1342,priest,shadow,30,14,16
36366,Mudkrab,gundrak,1340,priest,shadow,18,14,4
36367,Yuhstin,sargeras,1340,priest,shadow,18,14,4
36368,Pwrwordsquee,lightbringer,1339,priest,shadow,24,14,10
36369,Verbeka,nemesis,1338,priest,shadow,18,14,4
36370,Xionys,sargeras,1338,priest,shadow,54,25,29
36371,Whorticiå,area-52,1336,priest,shadow,125,54,71
36372,Nobutter,archimonde,1335,priest,shadow,24,14,10
36373,Grianné,mannoroth,1334,priest,shadow,24,16,8
36374,Scriptö,fizzcrank,1334,priest,shadow,72,47,25
36375,Hüde,stormrage,1334,priest,shadow,102,53,49
36376,Goodlife,frostmourne,1334,priest,shadow,30,14,16
36377,Boogle,frostmourne,1333,priest,shadow,59,26,33
36378,Luzira,stormrage,1332,priest,shadow,24,14,10
36379,Chenny,darkspear,1332,priest,shadow,72,40,32
36380,Dreaminz,tichondrius,1331,priest,shadow,24,14,10
36381,Zeas,moon-guard,1331,priest,shadow,42,23,19
36382,Jhivagosp,tichondrius,1331,priest,shadow,34,15,19
36383,Leach,darkspear,1330,priest,shadow,71,30,41
36384,Littlebagel,nesingwary,1325,priest,shadow,33,19,14
36385,Sacerthu,goldrinn,1325,priest,shadow,36,20,16
36386,Brshki,tichondrius,1324,priest,shadow,18,14,4
36387,Stromile,tichondrius,1320,priest,shadow,18,14,4
36388,Pacmanlol,greymane,1319,priest,shadow,18,14,4
36389,Shadyvoodoo,barthilas,1319,priest,shadow,104,54,50
36390,Pandarue,tichondrius,1318,priest,shadow,57,30,27
36391,Mortivore,azralon,1318,priest,shadow,30,14,16
36392,Maniwa,dentarg,1317,priest,shadow,42,15,27
36393,Chádeervas,nemesis,1315,priest,shadow,39,24,15
36394,Rammstèin,sargeras,1314,priest,shadow,30,14,16
36395,Moogyvoid,tichondrius,1314,priest,shadow,30,14,16
36396,Lilpika,illidan,1313,priest,shadow,60,29,31
36397,Lirien,kelthuzad,1312,priest,shadow,56,20,36
36398,Timreaper,barthilas,1311,priest,shadow,41,24,17
36399,Barelylegalx,tichondrius,1310,priest,shadow,30,14,16
36400,Vanisa,hellscream,1309,priest,shadow,53,29,24
36401,Alisaie,dalvengyr,1308,priest,shadow,52,27,25
36402,Locjawbe,area-52,1307,priest,shadow,35,18,17
36403,Uvebeendead,the-forgotten-coast,1306,priest,shadow,72,42,30
36404,Goodvybz,illidan,1306,priest,shadow,44,18,26
36405,Shadowtreta,azralon,1305,priest,shadow,42,26,16
36406,Roylwcheese,illidan,1304,priest,shadow,24,16,8
36407,Duatneter,quelthalas,1304,priest,shadow,24,14,10
36408,Duckdemon,ragnaros,1304,priest,shadow,65,29,36
36409,Uncletouches,thrall,1303,priest,shadow,30,14,16
36410,Labraidor,tichondrius,1303,priest,shadow,93,37,56
36411,Sekhen,area-52,1298,priest,shadow,49,23,26
36412,Bustmybubble,tichondrius,1297,priest,shadow,50,34,16
36413,Mamofwar,arthas,1296,priest,shadow,66,29,37
36414,Bobbeans,area-52,1295,priest,shadow,30,18,12
36415,Øvøxø,emerald-dream,1295,priest,shadow,33,15,18
36416,Beautifulgir,illidan,1294,priest,shadow,30,18,12
36417,Reos,jubeithos,1294,priest,shadow,54,32,22
36418,Estelars,aggramar,1291,priest,shadow,168,88,80
36419,Ancene,illidan,1290,priest,shadow,42,24,18
36420,Àx,draka,1290,priest,shadow,32,18,14
36421,Hervert,area-52,1289,priest,shadow,36,19,17
36422,Thotsndots,blood-furnace,1288,priest,shadow,26,15,11
36423,Etan,thrall,1288,priest,shadow,79,40,39
36424,Tjxx,zuljin,1287,priest,shadow,72,36,36
36425,Wetleaftx,chogall,1286,priest,shadow,24,15,9
36426,Alphawon,area-52,1285,priest,shadow,75,37,38
36427,Zinr,tichondrius,1282,priest,shadow,30,15,15
36428,Likeleela,azshara,1280,priest,shadow,53,24,29
36429,Valloren,kalecgos,1278,priest,shadow,26,15,11
36430,Abolita,korgath,1276,priest,shadow,120,65,55
36431,Furìøns,nemesis,1275,priest,shadow,24,15,9
36432,Marni,akama,1272,priest,shadow,91,42,49
36433,Halselin,senjin,1271,priest,shadow,89,51,38
36434,Healixd,area-52,1271,priest,shadow,36,14,22
36435,Shadøwheal,stormrage,1269,priest,shadow,36,22,14
36436,Cheez,tichondrius,1269,priest,shadow,88,38,50
36437,Cptnrockwèll,dalaran,1267,priest,shadow,65,34,31
36438,Vílja,moon-guard,1267,priest,shadow,111,51,60
36439,Layrissa,whisperwind,1266,priest,shadow,24,15,9
36440,Puerquirri,quelthalas,1266,priest,shadow,30,16,14
36441,Pozcas,blood-furnace,1265,priest,shadow,24,14,10
36442,Chinchillin,demon-soul,1265,priest,shadow,150,80,70
36443,Lyriczx,kelthuzad,1265,priest,shadow,42,18,24
36444,Festær,area-52,1258,priest,shadow,64,34,30
36445,Beneficium,nazjatar,1254,priest,shadow,30,20,10
36446,Synergize,korgath,1254,priest,shadow,60,30,30
36447,Stankylegz,tichondrius,1251,priest,shadow,30,16,14
36448,Zolgeta,exodar,1250,priest,shadow,47,31,16
36449,Badnfluence,kiljaeden,1250,priest,shadow,24,14,10
36450,Gothii,tichondrius,1250,priest,shadow,47,16,31
36451,Jwx,malganis,1248,priest,shadow,18,13,5
36452,Envyion,sargeras,1248,priest,shadow,24,13,11
36453,Madcuzyaknow,bleeding-hollow,1248,priest,shadow,24,13,11
36454,Stellur,kelthuzad,1247,priest,shadow,23,14,9
36455,Originull,emerald-dream,1247,priest,shadow,24,13,11
36456,Snackabre,moon-guard,1246,priest,shadow,24,13,11
36457,Headbrake,malganis,1246,priest,shadow,24,13,11
36458,Bubblepop,blackhand,1245,priest,shadow,18,13,5
36459,Spacethug,illidan,1245,priest,shadow,24,13,11
36460,Silkyx,tichondrius,1245,priest,shadow,24,13,11
36461,Fanfansp,tichondrius,1244,priest,shadow,18,13,5
36462,Dontpvponme,illidan,1243,priest,shadow,18,13,5
36463,Potatopriest,stormrage,1243,priest,shadow,18,13,5
36464,Sakuraginero,illidan,1243,priest,shadow,24,13,11
36465,Pfl,area-52,1243,priest,shadow,119,59,60
36466,Shadowjisha,emerald-dream,1243,priest,shadow,33,14,19
36467,Aeingel,amanthul,1243,priest,shadow,47,16,31
36468,Pri,jubeithos,1242,priest,shadow,18,13,5
36469,Amentia,area-52,1242,priest,shadow,24,13,11
36470,Ashidox,proudmoore,1242,priest,shadow,27,14,13
36471,Shadhoee,sargeras,1242,priest,shadow,36,13,23
36472,Houzz,frostmourne,1241,priest,shadow,18,13,5
36473,Xedus,mannoroth,1240,priest,shadow,74,37,37
36474,Ascian,daggerspine,1239,priest,shadow,30,13,17
36475,Dilly,tichondrius,1238,priest,shadow,21,14,7
36476,Brotherrob,area-52,1237,priest,shadow,24,13,11
36477,Xijinping,chogall,1237,priest,shadow,24,13,11
36478,Nums,tichondrius,1236,priest,shadow,48,25,23
36479,Nóin,tichondrius,1236,priest,shadow,71,28,43
36480,Zyræl,stormrage,1235,priest,shadow,101,45,56
36481,Dernièreplac,blackrock,1234,priest,shadow,27,16,11
36482,Shadowyeti,illidan,1233,priest,shadow,18,13,5
36483,Nyktøs,quelthalas,1233,priest,shadow,36,14,22
36484,Cykle,blackrock,1233,priest,shadow,42,13,29
36485,Dockavok,bloodhoof,1232,priest,shadow,18,13,5
36486,Mortemus,drenden,1232,priest,shadow,26,16,10
36487,Faithplusone,zuljin,1231,priest,shadow,18,13,5
36488,Jiedx,tichondrius,1230,priest,shadow,35,14,21
36489,Elam,ragnaros,1229,priest,shadow,53,19,34
36490,Fadedvoid,malorne,1228,priest,shadow,18,13,5
36491,Sindawen,kiljaeden,1227,priest,shadow,24,13,11
36492,Kaermor,stormrage,1227,priest,shadow,66,28,38
36493,Simplyfaded,black-dragonflight,1226,priest,shadow,24,13,11
36494,Payan,barthilas,1224,priest,shadow,54,27,27
36495,Kristt,thrall,1224,priest,shadow,96,40,56
36496,Antoz,kelthuzad,1222,priest,shadow,49,28,21
36497,Hephiron,area-52,1219,priest,shadow,59,22,37
36498,Ramaven,arygos,1213,priest,shadow,36,14,22
36499,Shinyspriest,tichondrius,1212,priest,shadow,89,44,45
36500,Sorrowful,mannoroth,1208,priest,shadow,29,13,16
36501,Castnngcouch,tichondrius,1207,priest,shadow,42,21,21
36502,Demples,darkspear,1202,priest,shadow,24,16,8
36503,Discpi,illidan,1202,priest,shadow,78,34,44
36504,Senumbra,tichondrius,1200,priest,shadow,36,16,20
36505,Hairypenance,sargeras,1194,priest,shadow,23,13,10
36506,Dockani,sargeras,1194,priest,shadow,66,31,35
36507,Urmorphine,area-52,1190,priest,shadow,203,109,94
36508,Whisper,zuljin,1190,priest,shadow,43,23,20
36509,Holydarkness,quelthalas,1190,priest,shadow,53,20,33
36510,Foli,zuljin,1187,priest,shadow,22,14,8
36511,Bmô,stormrage,1186,priest,shadow,30,14,16
36512,Aflstan,frostmourne,1185,priest,shadow,57,34,23
36513,Pristoleiro,azralon,1182,priest,shadow,17,13,4
36514,Anathamaz,stormrage,1182,priest,shadow,36,13,23
36515,Mimósa,quelthalas,1181,priest,shadow,25,14,11
36516,Fullfear,lothar,1178,priest,shadow,26,13,13
36517,Darksheals,barthilas,1176,priest,shadow,30,22,8
36518,Vynardis,arygos,1173,priest,shadow,61,27,34
36519,Overcastedxo,kelthuzad,1170,priest,shadow,62,36,26
36520,Amestroada,nemesis,1166,priest,shadow,27,14,13
36521,Tanthdrel,proudmoore,1166,priest,shadow,36,18,18
36522,Agraciada,illidan,1164,priest,shadow,57,32,25
36523,Slogger,illidan,1164,priest,shadow,29,13,16
36524,Maricotä,azralon,1161,priest,shadow,24,13,11
36525,Moon,moonrunner,1158,priest,shadow,41,19,22
36526,Trollypriest,darkspear,1157,priest,shadow,94,44,50
36527,Snakklè,illidan,1152,priest,shadow,18,13,5
36528,Taxzury,tichondrius,1152,priest,shadow,18,12,6
36529,Mmys,tichondrius,1152,priest,shadow,24,12,12
36530,Airil,mugthol,1150,priest,shadow,18,12,6
36531,Shadowp,shattered-halls,1150,priest,shadow,24,12,12
36532,Bàttlepriest,caelestrasz,1150,priest,shadow,36,16,20
36533,Qadris,tichondrius,1150,priest,shadow,30,12,18
36534,Nucypher,illidan,1149,priest,shadow,24,12,12
36535,Xtcbtc,sargeras,1148,priest,shadow,24,12,12
36536,Kàiju,zuljin,1148,priest,shadow,36,14,22
36537,Nùm,tichondrius,1147,priest,shadow,21,13,8
36538,Fouroneo,tichondrius,1146,priest,shadow,24,12,12
36539,Teccalil,tichondrius,1146,priest,shadow,24,12,12
36540,Deiz,tichondrius,1146,priest,shadow,24,12,12
36541,Abednego,area-52,1145,priest,shadow,21,13,8
36542,Dayquills,illidan,1145,priest,shadow,24,12,12
36543,Lidole,barthilas,1145,priest,shadow,30,12,18
36544,Ghedeloco,tichondrius,1144,priest,shadow,18,12,6
36545,Kk,fizzcrank,1144,priest,shadow,24,12,12
36546,Omnivoîd,tichondrius,1144,priest,shadow,24,12,12
36547,Luokni,illidan,1143,priest,shadow,18,12,6
36548,Yeeko,kiljaeden,1142,priest,shadow,24,12,12
36549,Îcecube,sargeras,1142,priest,shadow,24,12,12
36550,Knglizward,stormrage,1140,priest,shadow,59,33,26
36551,Thedarkshade,area-52,1139,priest,shadow,39,24,15
36552,Kibariyb,drakkari,1139,priest,shadow,30,12,18
36553,Mãstermerlin,frostmourne,1138,priest,shadow,24,12,12
36554,Stellaryn,moon-guard,1137,priest,shadow,30,12,18
36555,Faithhealing,zuljin,1136,priest,shadow,86,42,44
36556,Unholyreáper,magtheridon,1132,priest,shadow,24,12,12
36557,Vvti,quelthalas,1125,priest,shadow,28,15,13
36558,Lilmermaid,laughing-skull,1118,priest,shadow,24,12,12
36559,Ëlliot,stormrage,1104,priest,shadow,33,15,18
36560,Võid,tichondrius,1103,priest,shadow,23,12,11
36561,Dralaan,proudmoore,1102,priest,shadow,24,15,9
36562,Shämus,dalaran,1097,priest,shadow,82,41,41
36563,Deadcode,frostmane,1096,priest,shadow,48,18,30
36564,Misslost,nerzhul,1081,priest,shadow,23,12,11
36565,Khaibit,stormrage,1073,priest,shadow,39,23,16
36566,Scormm,runetotem,1073,priest,shadow,24,13,11
36567,Pestî,area-52,1072,priest,shadow,42,14,28
36568,Galice,archimonde,1065,priest,shadow,60,30,30
36569,Eslaughter,twisting-nether,1061,priest,shadow,24,16,8
36570,Valeknun,stormrage,1060,priest,shadow,36,24,12
36571,Freebolte,frostmourne,1056,priest,shadow,12,11,1
36572,Lastbubble,area-52,1056,priest,shadow,24,11,13
36573,Patagoniabae,kelthuzad,1055,priest,shadow,12,11,1
36574,Icychain,area-52,1055,priest,shadow,18,11,7
36575,Eskettit,korgath,1054,priest,shadow,12,11,1
36576,Sleezi,emerald-dream,1054,priest,shadow,18,11,7
36577,Nihenben,illidan,1054,priest,shadow,18,11,7
36578,Plenipotent,moon-guard,1054,priest,shadow,26,15,11
36579,Nottonightqt,barthilas,1053,priest,shadow,18,11,7
36580,Eatmyspells,malganis,1053,priest,shadow,24,11,13
36581,Talkura,tichondrius,1052,priest,shadow,12,11,1
36582,Darkshadows,ravenholdt,1052,priest,shadow,18,11,7
36583,Bhruno,proudmoore,1052,priest,shadow,18,11,7
36584,Tydïus,illidan,1052,priest,shadow,18,11,7
36585,Féarlust,demon-soul,1051,priest,shadow,18,11,7
36586,Eraseme,bleeding-hollow,1050,priest,shadow,24,11,13
36587,Semillion,tichondrius,1049,priest,shadow,24,11,13
36588,Tinypuppyy,sargeras,1047,priest,shadow,37,14,23
36589,Coors,lightnings-blade,1046,priest,shadow,24,11,13
36590,Nocturnalx,moon-guard,1045,priest,shadow,18,11,7
36591,Rucati,cenarius,1041,priest,shadow,24,11,13
36592,Floofball,medivh,1038,priest,shadow,18,11,7
36593,Fedodesubaco,gallywix,1029,priest,shadow,45,25,20
36594,Alzu,ragnaros,1023,priest,shadow,23,11,12
36595,Khenshin,ragnaros,1021,priest,shadow,50,25,25
36596,Sylvane,silvermoon,1015,priest,shadow,17,11,6
36597,Yaann,zuljin,1012,priest,shadow,24,11,13
36598,Oglilptown,thunderlord,1005,priest,shadow,60,33,27
36599,Angro,ragnaros,1005,priest,shadow,24,13,11
36600,Nadrii,illidan,1002,priest,shadow,36,17,19
36601,Sinkz,ragnaros,992,priest,shadow,16,11,5
36602,Pocket,alleria,991,priest,shadow,22,11,11
36603,Coolbie,korgath,990,priest,shadow,26,11,15
36604,Kundalini,boulderfist,985,priest,shadow,23,11,12
36605,Daemoon,deathwing,973,priest,shadow,20,12,8
36606,Discountay,burning-legion,965,priest,shadow,20,11,9
36607,Insindious,sargeras,963,priest,shadow,15,12,3
36608,Abc,spirestone,960,priest,shadow,12,10,2
36609,Icarryozz,darkspear,960,priest,shadow,12,10,2
36610,Mmrassassin,stormrage,960,priest,shadow,12,10,2
36611,Evilgeniusx,area-52,960,priest,shadow,18,10,8
36612,Jugeum,proudmoore,960,priest,shadow,18,10,8
36613,Plumpkinn,kiljaeden,960,priest,shadow,18,10,8
36614,Pèrona,tichondrius,960,priest,shadow,18,10,8
36615,Anoumenon,tichondrius,960,priest,shadow,18,10,8
36616,Kissmyvoìd,frostmourne,960,priest,shadow,18,10,8
36617,Diyel,area-52,959,priest,shadow,12,10,2
36618,Rendoss,arathor,959,priest,shadow,12,10,2
36619,Inflìctìøn,frostmourne,959,priest,shadow,12,10,2
36620,Synergia,drakkari,959,priest,shadow,12,10,2
36621,Shådøw,destromath,959,priest,shadow,18,10,8
36622,Fancyspork,illidan,959,priest,shadow,18,10,8
36623,Xtradotz,tichondrius,959,priest,shadow,18,10,8
36624,Bestpimp,frostmane,959,priest,shadow,18,10,8
36625,Delai,dalaran,959,priest,shadow,18,10,8
36626,Ayzen,emerald-dream,959,priest,shadow,18,10,8
36627,Philmacrakn,stormrage,959,priest,shadow,18,10,8
36628,Saitii,dalaran,959,priest,shadow,18,10,8
36629,Terý,dalaran,959,priest,shadow,24,10,14
36630,Keepsleepin,stormrage,959,priest,shadow,24,10,14
36631,Vikingkøng,ragnaros,958,priest,shadow,12,10,2
36632,Thiazine,kiljaeden,958,priest,shadow,12,10,2
36633,Felskie,tichondrius,958,priest,shadow,12,10,2
36634,Deckx,khazgoroth,958,priest,shadow,16,11,5
36635,Tatzis,frostmourne,958,priest,shadow,18,10,8
36636,Porffy,malygos,958,priest,shadow,18,10,8
36637,Deawalker,khaz-modan,958,priest,shadow,18,10,8
36638,Zeroghp,tichondrius,958,priest,shadow,18,10,8
36639,Exigyo,quelthalas,957,priest,shadow,23,13,10
36640,Hecáte,dalaran,957,priest,shadow,18,10,8
36641,Gankdalf,draktharon,955,priest,shadow,18,10,8
36642,Cartus,emerald-dream,955,priest,shadow,18,10,8
36643,Bibledave,whisperwind,954,priest,shadow,18,10,8
36644,Slctivhealng,area-52,954,priest,shadow,18,10,8
36645,Ralphiez,tichondrius,954,priest,shadow,24,10,14
36646,Ragnálodbrok,ragnaros,953,priest,shadow,18,10,8
36647,Xora,frostmourne,952,priest,shadow,18,10,8
36648,Kflexx,hydraxis,948,priest,shadow,18,10,8
36649,Cymin,dalaran,943,priest,shadow,25,12,13
36650,Ipse,azshara,942,priest,shadow,72,37,35
36651,Farnkxd,bleeding-hollow,925,priest,shadow,32,11,21
36652,Ssphex,tichondrius,915,priest,shadow,18,10,8
36653,Thrageqt,sargeras,908,priest,shadow,20,11,9
36654,Silmeriá,darkspear,904,priest,shadow,29,11,18
36655,Ràvn,emerald-dream,903,priest,shadow,16,12,4
36656,Beeds,sargeras,902,priest,shadow,105,44,61
36657,Dioscura,malganis,895,priest,shadow,16,10,6
36658,Exen,moon-guard,894,priest,shadow,18,11,7
36659,Romero,blood-furnace,885,priest,shadow,60,24,36
36660,Berixa,stormscale,883,priest,shadow,11,10,1
36661,Pootzy,malganis,880,priest,shadow,19,10,9
36662,Csonka,stormrage,868,priest,shadow,38,13,25
36663,Beibeihang,tichondrius,864,priest,shadow,12,9,3
36664,Æë,area-52,864,priest,shadow,12,9,3
36665,Kurindrize,illidan,864,priest,shadow,12,9,3
36666,Feverx,tichondrius,864,priest,shadow,12,9,3
36667,Jâmïè,gurubashi,864,priest,shadow,12,9,3
36668,Wololo,emerald-dream,864,priest,shadow,18,9,9
36669,Zanthix,tichondrius,864,priest,shadow,18,9,9
36670,Slimfo,sargeras,864,priest,shadow,18,9,9
36671,Tiernocookie,illidan,864,priest,shadow,18,9,9
36672,Ellipses,bleeding-hollow,864,priest,shadow,18,9,9
36673,Voidcult,area-52,864,priest,shadow,18,9,9
36674,Swurvexo,bleeding-hollow,864,priest,shadow,24,9,15
36675,Beloriath,ragnaros,863,priest,shadow,12,9,3
36676,Charity,maelstrom,863,priest,shadow,12,9,3
36677,Fzz,tichondrius,863,priest,shadow,12,9,3
36678,Dyhm,gorgonnash,863,priest,shadow,12,9,3
36679,Küno,kelthuzad,863,priest,shadow,18,9,9
36680,Ðecease,thrall,863,priest,shadow,18,9,9
36681,Flaytonmanin,korgath,863,priest,shadow,18,9,9
36682,Woosanghong,tichondrius,863,priest,shadow,18,9,9
36683,Dnn,malganis,863,priest,shadow,18,9,9
36684,Delrey,sargeras,863,priest,shadow,18,9,9
36685,Vizioz,tichondrius,863,priest,shadow,18,9,9
36686,Efxsp,sargeras,863,priest,shadow,24,9,15
36687,Raahsty,malganis,863,priest,shadow,24,9,15
36688,Everblack,executus,862,priest,shadow,12,9,3
36689,Dóctóre,thrall,862,priest,shadow,18,9,9
36690,Touchypriest,jaedenar,862,priest,shadow,18,9,9
36691,Tyreliy,eitrigg,862,priest,shadow,18,9,9
36692,Arzeuz,ragnaros,862,priest,shadow,18,9,9
36693,Vzell,kiljaeden,862,priest,shadow,18,9,9
36694,Nekkz,sargeras,861,priest,shadow,12,9,3
36695,Melas,stormrage,861,priest,shadow,24,9,15
36696,Fósho,khadgar,861,priest,shadow,24,9,15
36697,Viejiyoh,ragnaros,860,priest,shadow,18,9,9
36698,Wankenobi,stormrage,859,priest,shadow,18,9,9
36699,Methodist,sargeras,859,priest,shadow,24,9,15
36700,Beansontoast,wyrmrest-accord,857,priest,shadow,12,9,3
36701,Zelashan,proudmoore,856,priest,shadow,18,9,9
36702,Zaxine,moon-guard,854,priest,shadow,30,9,21
36703,Mazahr,stormrage,852,priest,shadow,12,9,3
36704,Hibot,illidan,849,priest,shadow,30,9,21
36705,Lightbanter,emerald-dream,846,priest,shadow,24,9,15
36706,Kagamì,frostmane,843,priest,shadow,31,9,22
36707,Lockerest,sargeras,837,priest,shadow,32,11,21
36708,Pipiwiwi,tichondrius,831,priest,shadow,16,9,7
36709,Maldicius,emerald-dream,830,priest,shadow,23,9,14
36710,Blonkie,azgalor,821,priest,shadow,24,10,14
36711,Jeängrey,tichondrius,815,priest,shadow,15,10,5
36712,Stylonious,hyjal,815,priest,shadow,15,9,6
36713,Stivche,frostmourne,814,priest,shadow,21,9,12
36714,Buc,barthilas,813,priest,shadow,15,9,6
36715,Rigotakx,illidan,805,priest,shadow,27,10,17
36716,Fledgeling,frostmourne,799,priest,shadow,14,9,5
36717,Spriesto,frostmourne,799,priest,shadow,17,9,8
36718,Lôvecraft,frostmourne,781,priest,shadow,19,9,10
36719,Likeness,proudmoore,768,priest,shadow,12,8,4
36720,Nohealerhere,frostmourne,768,priest,shadow,12,8,4
36721,Oxycodex,thrall,768,priest,shadow,12,8,4
36722,Darkascended,arthas,768,priest,shadow,12,8,4
36723,Skraitbussin,tichondrius,768,priest,shadow,12,8,4
36724,Rattyp,barthilas,768,priest,shadow,12,8,4
36725,Stungods,frostmourne,768,priest,shadow,12,8,4
36726,Ruzhi,moon-guard,768,priest,shadow,12,8,4
36727,Silentólògy,malganis,768,priest,shadow,12,8,4
36728,Dazull,bleeding-hollow,768,priest,shadow,12,8,4
36729,Hockula,kiljaeden,768,priest,shadow,12,8,4
36730,Lnoh,area-52,768,priest,shadow,12,8,4
36731,Härpocrates,area-52,768,priest,shadow,12,8,4
36732,Mitogen,malganis,768,priest,shadow,12,8,4
36733,Púrplenurple,area-52,768,priest,shadow,12,8,4
36734,Skepix,lightbringer,768,priest,shadow,18,8,10
36735,Deacoderx,area-52,768,priest,shadow,18,8,10
36736,Iluvwizkx,malganis,768,priest,shadow,18,8,10
36737,Heàl,akama,768,priest,shadow,18,8,10
36738,Mydixi,stormrage,768,priest,shadow,18,8,10
36739,Madmelter,emerald-dream,768,priest,shadow,18,8,10
36740,Voidariah,tichondrius,768,priest,shadow,18,8,10
36741,Enchantrez,frostmourne,768,priest,shadow,18,8,10
36742,Bearuwu,frostmourne,768,priest,shadow,18,8,10
36743,Drosslolz,illidan,768,priest,shadow,18,8,10
36744,Ripchadman,tichondrius,768,priest,shadow,18,8,10
36745,Àústîn,moon-guard,768,priest,shadow,18,8,10
36746,Duhpriest,frostmourne,768,priest,shadow,18,8,10
36747,Alucardibee,turalyon,768,priest,shadow,24,8,16
36748,Synesis,bladefist,768,priest,shadow,24,8,16
36749,Voidathon,sargeras,767,priest,shadow,12,8,4
36750,Yackle,dawnbringer,767,priest,shadow,12,8,4
36751,Dyé,hydraxis,767,priest,shadow,12,8,4
36752,Drteabaghaam,zuljin,767,priest,shadow,12,8,4
36753,Easyrevenge,kelthuzad,767,priest,shadow,12,8,4
36754,Rogspriest,sargeras,767,priest,shadow,12,8,4
36755,Mugiwarà,stormrage,767,priest,shadow,12,8,4
36756,Viq,stormrage,767,priest,shadow,12,8,4
36757,Homonid,moon-guard,767,priest,shadow,12,8,4
36758,Sgssg,illidan,767,priest,shadow,12,8,4
36759,Hairyboxx,frostmourne,767,priest,shadow,12,8,4
36760,Oldmanlou,spirestone,767,priest,shadow,12,8,4
36761,Shadowlords,emerald-dream,767,priest,shadow,12,8,4
36762,Tungus,shadowsong,767,priest,shadow,12,8,4
36763,Docbek,illidan,767,priest,shadow,12,8,4
36764,Ilumus,lightnings-blade,767,priest,shadow,12,8,4
36765,Longlegs,garrosh,767,priest,shadow,14,8,6
36766,Smitepie,malganis,767,priest,shadow,18,8,10
36767,Twistedtéa,garrosh,767,priest,shadow,18,8,10
36768,Valothrian,area-52,767,priest,shadow,18,8,10
36769,Tuggyp,tichondrius,767,priest,shadow,18,8,10
36770,Igotubrah,malganis,767,priest,shadow,18,8,10
36771,Badxjuju,frostmourne,767,priest,shadow,18,8,10
36772,Krypts,shadow-council,766,priest,shadow,12,8,4
36773,Solrina,khazgoroth,766,priest,shadow,12,8,4
36774,Sãoleozinho,azralon,766,priest,shadow,12,8,4
36775,Gorebones,emerald-dream,766,priest,shadow,18,8,10
36776,Chroma,amanthul,766,priest,shadow,18,8,10
36777,Jinzan,stormrage,766,priest,shadow,18,8,10
36778,Sadinho,azralon,766,priest,shadow,24,8,16
36779,Rustinheber,stormscale,765,priest,shadow,12,8,4
36780,Clayphace,darkspear,765,priest,shadow,18,8,10
36781,Kumojorno,gilneas,765,priest,shadow,18,8,10
36782,Nachòs,wildhammer,765,priest,shadow,24,8,16
36783,Pactosombrio,azralon,763,priest,shadow,24,8,16
36784,Drkwispers,stormrage,762,priest,shadow,18,8,10
36785,Speckilz,area-52,762,priest,shadow,26,8,18
36786,Lùcìd,dalaran,760,priest,shadow,12,8,4
36787,Sôuljah,skywall,760,priest,shadow,26,10,16
36788,Battlepope,the-scryers,755,priest,shadow,20,9,11
36789,Aqusia,crushridge,753,priest,shadow,12,8,4
36790,Datcuban,illidan,752,priest,shadow,12,8,4
36791,Memoria,emerald-dream,751,priest,shadow,15,9,6
36792,Bublethenrun,cenarius,751,priest,shadow,17,9,8
36793,Gedtemanager,dalaran,749,priest,shadow,12,8,4
36794,Hydroman,black-dragonflight,741,priest,shadow,17,8,9
36795,Vorial,cenarion-circle,735,priest,shadow,17,8,9
36796,Harmlot,tichondrius,733,priest,shadow,14,9,5
36797,Shadzie,sargeras,732,priest,shadow,22,8,14
36798,Strazloraz,baelgun,719,priest,shadow,11,8,3
36799,Meegoshy,azuremyst,718,priest,shadow,17,8,9
36800,Gorry,ragnaros,717,priest,shadow,18,9,9
36801,Mikó,dawnbringer,714,priest,shadow,29,10,19
36802,Yrrep,kelthuzad,703,priest,shadow,16,8,8
36803,Lucsor,malganis,688,priest,shadow,19,8,11
36804,Oxytoxin,sargeras,687,priest,shadow,13,8,5
36805,Peazyqt,tichondrius,687,priest,shadow,13,8,5
36806,Quinlan,dreadmaul,685,priest,shadow,19,8,11
36807,Moonlightx,destromath,672,priest,shadow,12,7,5
36808,Salanzosp,bleeding-hollow,672,priest,shadow,12,7,5
36809,Blackaries,frostmourne,672,priest,shadow,12,7,5
36810,Såx,stormreaver,672,priest,shadow,12,7,5
36811,Bugweeb,sargeras,672,priest,shadow,12,7,5
36812,Phéonìx,zuljin,672,priest,shadow,12,7,5
36813,Zuuji,frostmourne,672,priest,shadow,12,7,5
36814,Scøøb,malganis,672,priest,shadow,12,7,5
36815,Chicoryx,illidan,672,priest,shadow,12,7,5
36816,Lontra,zangarmarsh,672,priest,shadow,12,7,5
36817,Hårper,area-52,672,priest,shadow,12,7,5
36818,Jah,frostmourne,672,priest,shadow,12,7,5
36819,Rottedjezus,dalaran,672,priest,shadow,12,7,5
36820,Fatzoid,the-forgotten-coast,672,priest,shadow,12,7,5
36821,Discs,detheroc,672,priest,shadow,12,7,5
36822,Freebolt,barthilas,672,priest,shadow,12,7,5
36823,Wodturbo,bleeding-hollow,672,priest,shadow,12,7,5
36824,Ácÿd,nemesis,672,priest,shadow,12,7,5
36825,Negans,tichondrius,672,priest,shadow,12,7,5
36826,Bucksp,zuljin,672,priest,shadow,12,7,5
36827,Cheach,echo-isles,672,priest,shadow,12,7,5
36828,Nazgúl,lothar,672,priest,shadow,12,7,5
36829,Diddlur,black-dragonflight,672,priest,shadow,12,7,5
36830,Karkoza,proudmoore,672,priest,shadow,12,7,5
36831,Kyerñ,stormrage,672,priest,shadow,12,7,5
36832,Kwiksi,arthas,672,priest,shadow,12,7,5
36833,Cryptoccocus,zuljin,672,priest,shadow,12,7,5
36834,Bumbleedot,azralon,672,priest,shadow,12,7,5
36835,Aeøns,sargeras,672,priest,shadow,12,7,5
36836,Didy,dark-iron,672,priest,shadow,12,7,5
36837,Kastwalker,earthen-ring,672,priest,shadow,12,7,5
36838,Naùtilus,icecrown,672,priest,shadow,12,7,5
36839,Iamjakehill,area-52,672,priest,shadow,12,7,5
36840,Pikeysplol,illidan,672,priest,shadow,12,7,5
36841,Grëýmåttèr,moon-guard,672,priest,shadow,12,7,5
36842,Xousa,area-52,672,priest,shadow,12,7,5
36843,Twítch,bonechewer,672,priest,shadow,12,7,5
36844,Mòrbídìtý,area-52,672,priest,shadow,13,7,6
36845,Gles,quelthalas,672,priest,shadow,13,7,6
36846,Donmartin,tichondrius,672,priest,shadow,18,7,11
36847,Tanzen,andorhal,672,priest,shadow,18,7,11
36848,Helleamh,tichondrius,672,priest,shadow,18,7,11
36849,Nightious,malganis,672,priest,shadow,18,7,11
36850,Acpriest,tichondrius,672,priest,shadow,18,7,11
36851,Aurilain,emerald-dream,672,priest,shadow,18,7,11
36852,Tenaebreu,tichondrius,672,priest,shadow,19,7,12
36853,Veressà,quelthalas,672,priest,shadow,22,8,14
36854,Chês,tichondrius,672,priest,shadow,24,7,17
36855,Norbon,mugthol,671,priest,shadow,12,7,5
36856,Voltstein,dalaran,671,priest,shadow,12,7,5
36857,Chinstrap,zuljin,671,priest,shadow,12,7,5
36858,Nastyyshadow,aegwynn,671,priest,shadow,12,7,5
36859,Darkrics,barthilas,671,priest,shadow,12,7,5
36860,Kushie,saurfang,671,priest,shadow,12,7,5
36861,Preyforme,tichondrius,671,priest,shadow,12,7,5
36862,Minarhy,moon-guard,671,priest,shadow,12,7,5
36863,Gaho,tichondrius,671,priest,shadow,12,7,5
36864,Mettz,malganis,671,priest,shadow,12,7,5
36865,Spshady,aegwynn,671,priest,shadow,12,7,5
36866,Moonpenance,windrunner,671,priest,shadow,12,7,5
36867,Pottime,tichondrius,671,priest,shadow,18,7,11
36868,Sagis,moon-guard,671,priest,shadow,18,7,11
36869,Heion,detheroc,671,priest,shadow,18,7,11
36870,Havefaith,whisperwind,671,priest,shadow,18,7,11
36871,Reverendpope,tichondrius,671,priest,shadow,18,7,11
36872,Shimz,andorhal,671,priest,shadow,18,7,11
36873,Torangi,tichondrius,671,priest,shadow,18,7,11
36874,Pokeyoobutt,hydraxis,671,priest,shadow,18,7,11
36875,Astari,illidan,671,priest,shadow,24,7,17
36876,Nerfdisc,azralon,670,priest,shadow,12,7,5
36877,Tonybromoo,kelthuzad,670,priest,shadow,12,7,5
36878,Montcrief,tichondrius,670,priest,shadow,12,7,5
36879,Janesville,tichondrius,670,priest,shadow,12,7,5
36880,Iseeyoulookn,stormrage,670,priest,shadow,16,8,8
36881,Lyxorr,area-52,670,priest,shadow,18,7,11
36882,Bojanglings,undermine,670,priest,shadow,24,7,17
36883,Demoñ,deathwing,669,priest,shadow,18,7,11
36884,Gabryanna,emerald-dream,669,priest,shadow,24,7,17
36885,Rijonkulous,area-52,668,priest,shadow,18,7,11
36886,Lõkî,malganis,667,priest,shadow,12,7,5
36887,Bellalugosi,auchindoun,667,priest,shadow,12,7,5
36888,Lampshayd,sargeras,665,priest,shadow,12,7,5
36889,Crashed,frostmourne,654,priest,shadow,23,7,16
36890,Metaila,aerie-peak,639,priest,shadow,11,7,4
36891,Lucifena,darkspear,639,priest,shadow,11,7,4
36892,Holliebell,zuljin,639,priest,shadow,17,7,10
36893,Bouffantbibl,tichondrius,639,priest,shadow,20,8,12
36894,Wzrdtrx,tichondrius,638,priest,shadow,14,8,6
36895,Emmitson,scarlet-crusade,638,priest,shadow,28,7,21
36896,Chiliy,frostmourne,623,priest,shadow,11,7,4
36897,Schelleyyuki,tichondrius,623,priest,shadow,11,7,4
36898,Lzzp,azralon,623,priest,shadow,17,7,10
36899,Glek,tichondrius,608,priest,shadow,16,7,9
36900,Zatthanea,hellscream,607,priest,shadow,12,7,5
36901,Dispersed,thrall,607,priest,shadow,14,7,7
36902,Hölyfury,illidan,607,priest,shadow,17,7,10
36903,Seniorpickle,emerald-dream,606,priest,shadow,14,7,7
36904,Omenous,area-52,605,priest,shadow,28,7,21
36905,Flowerpetals,emerald-dream,599,priest,shadow,21,7,14
36906,Nylaza,kiljaeden,592,priest,shadow,19,7,12
36907,Mastahmind,illidan,591,priest,shadow,13,7,6
36908,Ìforted,zuljin,587,priest,shadow,19,7,12
36909,Blindingstar,area-52,576,priest,shadow,6,6,0
36910,Innovate,dragonmaw,576,priest,shadow,6,6,0
36911,Holyfüry,ragnaros,576,priest,shadow,6,6,0
36912,Moonwald,moon-guard,576,priest,shadow,6,6,0
36913,Holylip,frostmourne,576,priest,shadow,6,6,0
36914,Henrywhopper,fizzcrank,576,priest,shadow,6,6,0
36915,Hakirn,bleeding-hollow,576,priest,shadow,6,6,0
36916,Sydgames,area-52,576,priest,shadow,6,6,0
36917,Applepiezz,tichondrius,576,priest,shadow,6,6,0
36918,Nayzarh,darkspear,576,priest,shadow,6,6,0
36919,Dradinx,illidan,576,priest,shadow,7,6,1
36920,Dellah,stormrage,576,priest,shadow,12,6,6
36921,Toddo,trollbane,576,priest,shadow,12,6,6
36922,Faenzal,area-52,576,priest,shadow,12,6,6
36923,Voidhearted,tichondrius,576,priest,shadow,12,6,6
36924,Froackey,agamaggan,576,priest,shadow,12,6,6
36925,Spriestbro,emerald-dream,576,priest,shadow,12,6,6
36926,Lleak,tichondrius,576,priest,shadow,12,6,6
36927,Missiønary,area-52,576,priest,shadow,12,6,6
36928,Verbane,frostmourne,576,priest,shadow,12,6,6
36929,Sacerdotick,gallywix,576,priest,shadow,12,6,6
36930,Fitchbucker,sargeras,576,priest,shadow,12,6,6
36931,Tmspongwo,tichondrius,576,priest,shadow,12,6,6
36932,Pønt,sargeras,576,priest,shadow,12,6,6
36933,Lisau,tichondrius,576,priest,shadow,12,6,6
36934,Mks,barthilas,576,priest,shadow,12,6,6
36935,Whosjoe,tichondrius,576,priest,shadow,12,6,6
36936,Zonozan,lightnings-blade,576,priest,shadow,12,6,6
36937,Xpenance,ragnaros,576,priest,shadow,12,6,6
36938,Jeremyissped,proudmoore,576,priest,shadow,12,6,6
36939,Rachelstarrx,hyjal,576,priest,shadow,12,6,6
36940,Spookyman,malganis,576,priest,shadow,12,6,6
36941,Yungjim,the-forgotten-coast,576,priest,shadow,12,6,6
36942,Frúdgé,illidan,576,priest,shadow,12,6,6
36943,Ôverweight,sargeras,576,priest,shadow,12,6,6
36944,Kessavannell,frostwolf,576,priest,shadow,12,6,6
36945,Shiikari,terenas,576,priest,shadow,12,6,6
36946,Ershackleton,illidan,576,priest,shadow,12,6,6
36947,Heb,thrall,576,priest,shadow,12,6,6
36948,Sped,saurfang,576,priest,shadow,12,6,6
36949,Slpox,sargeras,576,priest,shadow,12,6,6
36950,Virsyti,area-52,576,priest,shadow,12,6,6
36951,Imshadow,azralon,576,priest,shadow,12,6,6
36952,Valerift,moon-guard,576,priest,shadow,12,6,6
36953,Wheelson,wildhammer,576,priest,shadow,12,6,6
36954,Coral,stormscale,576,priest,shadow,12,6,6
36955,Rebdomine,magtheridon,576,priest,shadow,12,6,6
36956,Nelfonshelf,hyjal,576,priest,shadow,12,6,6
36957,Studiosxz,tichondrius,576,priest,shadow,12,6,6
36958,Bipölar,area-52,576,priest,shadow,12,6,6
36959,Nòemis,quelthalas,576,priest,shadow,12,6,6
36960,Carosene,thrall,576,priest,shadow,12,6,6
36961,Nktxc,tichondrius,576,priest,shadow,12,6,6
36962,Drognar,lightbringer,576,priest,shadow,12,6,6
36963,Lostnlight,aggramar,576,priest,shadow,12,6,6
36964,Evansong,frostmane,576,priest,shadow,12,6,6
36965,Rahtals,malganis,576,priest,shadow,12,6,6
36966,Catmasters,area-52,576,priest,shadow,13,6,7
36967,Mindgamez,stormreaver,576,priest,shadow,18,6,12
36968,Fruitjuice,arthas,576,priest,shadow,18,6,12
36969,Soulrulerx,tichondrius,576,priest,shadow,18,6,12
36970,Osmatspriest,firetree,576,priest,shadow,18,6,12
36971,Caeda,icecrown,576,priest,shadow,18,6,12
36972,Jexso,tichondrius,576,priest,shadow,19,6,13
36973,Spriestes,thrall,575,priest,shadow,6,6,0
36974,Ricksanchez,moonrunner,575,priest,shadow,12,6,6
36975,Morboo,proudmoore,575,priest,shadow,12,6,6
36976,Drsonny,proudmoore,575,priest,shadow,12,6,6
36977,Unclelively,dragonmaw,575,priest,shadow,12,6,6
36978,Rustydisc,area-52,575,priest,shadow,12,6,6
36979,Xinthra,stormrage,575,priest,shadow,12,6,6
36980,Alienà,arthas,575,priest,shadow,12,6,6
36981,Vashyy,stormrage,575,priest,shadow,12,6,6
36982,Luminous,moon-guard,575,priest,shadow,12,6,6
36983,Xð,jubeithos,575,priest,shadow,12,6,6
36984,Çovidònenine,tichondrius,575,priest,shadow,12,6,6
36985,Mêrlin,duskwood,575,priest,shadow,12,6,6
36986,Thrilas,silver-hand,575,priest,shadow,12,6,6
36987,Mìdnìght,ragnaros,575,priest,shadow,12,6,6
36988,Grympriest,wyrmrest-accord,575,priest,shadow,12,6,6
36989,Healzahoe,sargeras,575,priest,shadow,18,6,12
36990,Vøíd,sargeras,575,priest,shadow,18,6,12
36991,Asmitä,stormrage,575,priest,shadow,18,6,12
36992,Mäe,nemesis,575,priest,shadow,18,6,12
36993,Papipreach,sargeras,574,priest,shadow,12,6,6
36994,Duhk,moon-guard,574,priest,shadow,12,6,6
36995,Ðaddÿ,bleeding-hollow,574,priest,shadow,12,6,6
36996,Drkvagician,tichondrius,574,priest,shadow,18,6,12
36997,Dhader,area-52,574,priest,shadow,20,6,14
36998,Shadowpáin,ragnaros,573,priest,shadow,12,6,6
36999,Midboss,illidan,572,priest,shadow,12,6,6
37000,Jamashud,mannoroth,571,priest,shadow,12,6,6
37001,Raelintha,kelthuzad,571,priest,shadow,15,7,8
37002,Shadowbishop,barthilas,570,priest,shadow,12,6,6
37003,Daisydux,quelthalas,568,priest,shadow,10,7,3
37004,Holysheht,icecrown,566,priest,shadow,12,6,6
37005,Kkpriest,frostmourne,566,priest,shadow,12,6,6
37006,Rotass,hyjal,559,priest,shadow,11,6,5
37007,Sarkozzlol,tichondrius,543,priest,shadow,8,7,1
37008,Yourlife,baelgun,543,priest,shadow,11,6,5
37009,Keser,kelthuzad,543,priest,shadow,11,6,5
37010,Anttila,ragnaros,543,priest,shadow,17,6,11
37011,Mankbadar,tichondrius,543,priest,shadow,17,6,11
37012,Mcpopafeel,thrall,528,priest,shadow,11,7,4
37013,Sársaukis,illidan,527,priest,shadow,21,6,15
37014,Holydestroyr,dentarg,527,priest,shadow,21,6,15
37015,Totorostarp,tichondrius,521,priest,shadow,22,8,14
37016,Ceoofvoid,moon-guard,511,priest,shadow,8,6,2
37017,Bobe,sisters-of-elune,510,priest,shadow,26,11,15
37018,Hoshx,sargeras,496,priest,shadow,13,6,7
37019,Reignsp,malganis,496,priest,shadow,13,6,7
37020,Sadomyhusein,eitrigg,480,priest,shadow,6,5,1
37021,Tensorflow,tichondrius,480,priest,shadow,6,5,1
37022,Jezebëll,nemesis,480,priest,shadow,6,5,1
37023,Chervz,chogall,480,priest,shadow,6,5,1
37024,Ãbelladanger,area-52,480,priest,shadow,6,5,1
37025,Hadoka,ragnaros,480,priest,shadow,6,5,1
37026,Altera,drakkari,480,priest,shadow,6,5,1
37027,Death,firetree,480,priest,shadow,6,5,1
37028,Commotion,dalaran,480,priest,shadow,6,5,1
37029,Megamind,elune,480,priest,shadow,6,5,1
37030,Plaguepumper,sargeras,480,priest,shadow,6,5,1
37031,Ahleven,tichondrius,480,priest,shadow,6,5,1
37032,Novasp,sargeras,480,priest,shadow,6,5,1
37033,Qreckful,proudmoore,480,priest,shadow,6,5,1
37034,Rykispriest,tichondrius,480,priest,shadow,6,5,1
37035,Polarnight,zuljin,480,priest,shadow,6,5,1
37036,Keynath,burning-blade,480,priest,shadow,6,5,1
37037,Kong,shandris,480,priest,shadow,6,5,1
37038,Flynni,bleeding-hollow,480,priest,shadow,6,5,1
37039,Fiéstah,illidan,480,priest,shadow,6,5,1
37040,Komy,tichondrius,480,priest,shadow,6,5,1
37041,Topg,icecrown,480,priest,shadow,6,5,1
37042,Kaidow,wyrmrest-accord,480,priest,shadow,6,5,1
37043,Bigpenance,illidan,480,priest,shadow,6,5,1
37044,Nawtyforever,tichondrius,480,priest,shadow,6,5,1
37045,Bradythree,moon-guard,480,priest,shadow,6,5,1
37046,Lillyspr,malganis,480,priest,shadow,6,5,1
37047,Myòvó,tichondrius,480,priest,shadow,6,5,1
37048,Likelydapper,tichondrius,480,priest,shadow,6,5,1
37049,Seanuts,emerald-dream,480,priest,shadow,6,5,1
37050,Bunked,bleeding-hollow,480,priest,shadow,12,5,7
37051,Optimism,frostmane,480,priest,shadow,12,5,7
37052,Soulistic,arygos,480,priest,shadow,12,5,7
37053,Willibald,eldrethalas,480,priest,shadow,12,5,7
37054,Spriest,kul-tiras,480,priest,shadow,12,5,7
37055,Shádôws,blackhand,480,priest,shadow,12,5,7
37056,Müyrica,ragnaros,480,priest,shadow,12,5,7
37057,Posest,darkspear,480,priest,shadow,12,5,7
37058,Evaldi,proudmoore,480,priest,shadow,12,5,7
37059,Growth,fizzcrank,480,priest,shadow,12,5,7
37060,Arataxx,area-52,480,priest,shadow,12,5,7
37061,Senadori,azjolnerub,480,priest,shadow,12,5,7
37062,Lucariö,area-52,480,priest,shadow,12,5,7
37063,Yddwin,quelthalas,480,priest,shadow,12,5,7
37064,Flukex,tichondrius,480,priest,shadow,12,5,7
37065,Dmlx,frostmourne,480,priest,shadow,12,5,7
37066,Hygeïa,lightbringer,480,priest,shadow,12,5,7
37067,Onizukakeiji,hyjal,480,priest,shadow,12,5,7
37068,Fatzzbtw,illidan,480,priest,shadow,12,5,7
37069,Luzsombraa,stormrage,480,priest,shadow,12,5,7
37070,Achllia,proudmoore,480,priest,shadow,12,5,7
37071,Ariellie,area-52,480,priest,shadow,12,5,7
37072,Jenastreaux,wyrmrest-accord,480,priest,shadow,12,5,7
37073,Priestology,echo-isles,480,priest,shadow,12,5,7
37074,Faxingberlin,sargeras,480,priest,shadow,12,5,7
37075,Fadedatm,illidan,480,priest,shadow,12,5,7
37076,Bomanic,sargeras,480,priest,shadow,12,5,7
37077,Caramelos,moon-guard,480,priest,shadow,12,5,7
37078,Kabutta,stormrage,480,priest,shadow,12,5,7
37079,Sohalexs,tichondrius,480,priest,shadow,12,5,7
37080,Goblindruid,bleeding-hollow,480,priest,shadow,12,5,7
37081,Mdt,tichondrius,480,priest,shadow,12,5,7
37082,Rätcömpx,bleeding-hollow,480,priest,shadow,12,5,7
37083,Cryptron,tichondrius,480,priest,shadow,12,5,7
37084,Gnow,moon-guard,480,priest,shadow,12,5,7
37085,Nås,elune,480,priest,shadow,12,5,7
37086,Mookelina,stormrage,480,priest,shadow,12,5,7
37087,Minnowhead,kelthuzad,480,priest,shadow,12,5,7
37088,Haracka,quelthalas,480,priest,shadow,12,5,7
37089,Littledog,velen,480,priest,shadow,12,5,7
37090,Zhangtanchi,moon-guard,480,priest,shadow,12,5,7
37091,Fruitbasketz,malganis,480,priest,shadow,12,5,7
37092,Moä,nemesis,480,priest,shadow,12,5,7
37093,Orderic,ragnaros,480,priest,shadow,12,5,7
37094,Seraphims,moon-guard,480,priest,shadow,12,5,7
37095,Faydes,arthas,480,priest,shadow,13,5,8
37096,Stillmatick,tichondrius,480,priest,shadow,16,6,10
37097,Zerohoür,emerald-dream,480,priest,shadow,16,6,10
37098,Nedajoon,tichondrius,480,priest,shadow,17,6,11
37099,Drakracs,doomhammer,480,priest,shadow,18,5,13
37100,Azrothlol,kul-tiras,480,priest,shadow,18,5,13
37101,Sybal,suramar,480,priest,shadow,19,5,14
37102,Merlynaah,azralon,479,priest,shadow,6,5,1
37103,Paradoxbot,kelthuzad,479,priest,shadow,6,5,1
37104,Hitful,azralon,479,priest,shadow,6,5,1
37105,Devî,magtheridon,479,priest,shadow,12,5,7
37106,Wolfeclipse,sargeras,479,priest,shadow,12,5,7
37107,Knoxy,fizzcrank,479,priest,shadow,12,5,7
37108,Brosbeforeho,tichondrius,479,priest,shadow,18,5,13
37109,Rippmmr,frostmourne,479,priest,shadow,18,5,13
37110,Noodloctopus,area-52,478,priest,shadow,10,6,4
37111,Antiraus,aerie-peak,478,priest,shadow,12,5,7
37112,Estarì,proudmoore,463,priest,shadow,11,5,6
37113,Wiiuwiiu,malganis,447,priest,shadow,11,5,6
37114,Forober,queldorei,446,priest,shadow,10,6,4
37115,Aerena,anvilmar,442,priest,shadow,21,7,14
37116,Ryanrealz,tichondrius,432,priest,shadow,9,6,3
37117,Bernhard,azralon,431,priest,shadow,11,5,6
37118,Sohalex,tichondrius,431,priest,shadow,11,5,6
37119,Shietamazon,tichondrius,426,priest,shadow,16,6,10
37120,Shaurana,stormrage,412,priest,shadow,18,6,12
37121,Nizr,bleeding-hollow,399,priest,shadow,5,5,0
37122,Káldorei,proudmoore,384,priest,shadow,6,4,2
37123,Boill,illidan,384,priest,shadow,6,4,2
37124,Yåmi,arthas,384,priest,shadow,6,4,2
37125,Didittouchme,sargeras,384,priest,shadow,6,4,2
37126,Aladarian,tichondrius,384,priest,shadow,6,4,2
37127,Boogieboop,frostmourne,384,priest,shadow,6,4,2
37128,Piftw,illidan,384,priest,shadow,6,4,2
37129,Mabisyo,wyrmrest-accord,384,priest,shadow,6,4,2
37130,Judgejudyx,tichondrius,384,priest,shadow,6,4,2
37131,Hèxxen,moon-guard,384,priest,shadow,6,4,2
37132,Træway,tichondrius,384,priest,shadow,6,4,2
37133,Unclecam,tichondrius,384,priest,shadow,6,4,2
37134,Diskordia,stormrage,384,priest,shadow,6,4,2
37135,Moomoomilker,blackrock,384,priest,shadow,6,4,2
37136,Prydas,tichondrius,384,priest,shadow,6,4,2
37137,Ferzhump,tichondrius,384,priest,shadow,6,4,2
37138,Kynyssaelz,proudmoore,384,priest,shadow,6,4,2
37139,Devinere,tichondrius,384,priest,shadow,6,4,2
37140,Comoli,tichondrius,384,priest,shadow,6,4,2
37141,Nutzz,malganis,384,priest,shadow,6,4,2
37142,Zaixse,illidan,384,priest,shadow,6,4,2
37143,Bax,kilrogg,384,priest,shadow,6,4,2
37144,Itha,illidan,384,priest,shadow,6,4,2
37145,Shutkap,sargeras,384,priest,shadow,6,4,2
37146,Pegwraith,sargeras,384,priest,shadow,6,4,2
37147,Næzha,thrall,384,priest,shadow,6,4,2
37148,Adíos,malganis,384,priest,shadow,6,4,2
37149,Tethy,saurfang,384,priest,shadow,6,4,2
37150,Spôoky,illidan,384,priest,shadow,6,4,2
37151,Valtres,tichondrius,384,priest,shadow,6,4,2
37152,Tíosam,ragnaros,384,priest,shadow,6,4,2
37153,Bec,khadgar,384,priest,shadow,6,4,2
37154,Dzikuss,aegwynn,384,priest,shadow,6,4,2
37155,Robertlee,stormrage,384,priest,shadow,6,4,2
37156,Balverix,tichondrius,384,priest,shadow,6,4,2
37157,Kks,tichondrius,384,priest,shadow,6,4,2
37158,Ðrip,burning-legion,384,priest,shadow,6,4,2
37159,Onixió,ragnaros,384,priest,shadow,6,4,2
37160,Iemon,vashj,384,priest,shadow,6,4,2
37161,Lenigrast,blackrock,384,priest,shadow,6,4,2
37162,Priestodan,frostmourne,384,priest,shadow,6,4,2
37163,Mygameslaggy,area-52,384,priest,shadow,6,4,2
37164,Yuricksus,malganis,384,priest,shadow,6,4,2
37165,Lgt,tichondrius,384,priest,shadow,6,4,2
37166,Iifa,medivh,384,priest,shadow,6,4,2
37167,Killían,darkspear,384,priest,shadow,6,4,2
37168,Tiinkerbell,moon-guard,384,priest,shadow,6,4,2
37169,Flamédøtz,ragnaros,384,priest,shadow,6,4,2
37170,Mindflay,tichondrius,384,priest,shadow,6,4,2
37171,Äni,sargeras,384,priest,shadow,6,4,2
37172,Ikiteforhash,zuljin,384,priest,shadow,6,4,2
37173,Bramstein,jubeithos,384,priest,shadow,6,4,2
37174,Feminizm,tichondrius,384,priest,shadow,6,4,2
37175,Càipirinha,tichondrius,384,priest,shadow,6,4,2
37176,Despairx,tichondrius,384,priest,shadow,6,4,2
37177,Ydonburi,tichondrius,384,priest,shadow,6,4,2
37178,Sungsh,zuljin,384,priest,shadow,6,4,2
37179,Bigskill,proudmoore,384,priest,shadow,6,4,2
37180,Mutedox,frostmourne,384,priest,shadow,6,4,2
37181,Pootang,hyjal,384,priest,shadow,6,4,2
37182,Rôss,tichondrius,384,priest,shadow,6,4,2
37183,Twodxo,kelthuzad,384,priest,shadow,6,4,2
37184,Milojac,hyjal,384,priest,shadow,6,4,2
37185,Chapyh,malganis,384,priest,shadow,6,4,2
37186,Pineappleqt,skullcrusher,384,priest,shadow,6,4,2
37187,Píty,ragnaros,384,priest,shadow,6,4,2
37188,Shieldspamx,tichondrius,384,priest,shadow,6,4,2
37189,Dottydaddy,emerald-dream,384,priest,shadow,6,4,2
37190,Haedn,azralon,384,priest,shadow,6,4,2
37191,Zeacho,proudmoore,384,priest,shadow,6,4,2
37192,Socknapper,sargeras,384,priest,shadow,6,4,2
37193,Guillotine,azralon,384,priest,shadow,6,4,2
37194,Vengep,sargeras,384,priest,shadow,6,4,2
37195,Thänatós,quelthalas,384,priest,shadow,6,4,2
37196,Quartzolio,azralon,384,priest,shadow,6,4,2
37197,Prostrat,deathwing,384,priest,shadow,6,4,2
37198,Mfn,deathwing,384,priest,shadow,11,4,7
37199,Grimmyreap,malygos,384,priest,shadow,12,4,8
37200,Thalladori,area-52,384,priest,shadow,12,4,8
37201,Aerith,barthilas,384,priest,shadow,12,4,8
37202,Makade,sargeras,384,priest,shadow,12,4,8
37203,Jikoguu,stormscale,384,priest,shadow,12,4,8
37204,Influencing,moon-guard,384,priest,shadow,12,4,8
37205,Mìçah,fizzcrank,384,priest,shadow,12,4,8
37206,Dialis,frostmourne,384,priest,shadow,12,4,8
37207,Fáll,bleeding-hollow,384,priest,shadow,12,4,8
37208,Tokaru,frostmourne,384,priest,shadow,12,4,8
37209,Digitalangel,area-52,384,priest,shadow,12,4,8
37210,Mïndgames,kelthuzad,384,priest,shadow,12,4,8
37211,Prescella,sargeras,384,priest,shadow,12,4,8
37212,Fhelurian,quelthalas,384,priest,shadow,12,4,8
37213,Brickzy,dalaran,384,priest,shadow,12,4,8
37214,Jxkep,frostmourne,384,priest,shadow,12,4,8
37215,Aliciari,illidan,384,priest,shadow,12,4,8
37216,Nonbinary,trollbane,384,priest,shadow,12,4,8
37217,Éx,alterac-mountains,384,priest,shadow,12,4,8
37218,Lätöxïkä,alleria,384,priest,shadow,12,4,8
37219,Lunypriest,azralon,384,priest,shadow,12,4,8
37220,Vaeryl,stormrage,384,priest,shadow,12,4,8
37221,Dipidorko,proudmoore,384,priest,shadow,12,4,8
37222,Aexdawg,malganis,384,priest,shadow,12,4,8
37223,Oligan,quelthalas,384,priest,shadow,12,4,8
37224,Nôtthehealer,sargeras,384,priest,shadow,12,4,8
37225,Junethegreat,tichondrius,384,priest,shadow,12,4,8
37226,Deathbyhot,gorefiend,384,priest,shadow,12,4,8
37227,Mannyelf,ragnaros,384,priest,shadow,12,4,8
37228,Holydrop,sargeras,384,priest,shadow,12,4,8
37229,Çïöÿêüäüöàüê,stormrage,384,priest,shadow,12,4,8
37230,Fatäl,moon-guard,384,priest,shadow,12,4,8
37231,Arca,cenarion-circle,384,priest,shadow,18,4,14
37232,Aliorixa,stormrage,384,priest,shadow,18,4,14
37233,Temnah,sargeras,384,priest,shadow,18,4,14
37234,Skky,nagrand,383,priest,shadow,6,4,2
37235,Amazo,nemesis,383,priest,shadow,6,4,2
37236,Thefiveoh,malganis,383,priest,shadow,6,4,2
37237,Jammý,burning-legion,383,priest,shadow,12,4,8
37238,Unfriend,sargeras,383,priest,shadow,12,4,8
37239,Hermïs,stormrage,383,priest,shadow,12,4,8
37240,Zyte,stormrage,383,priest,shadow,14,4,10
37241,Nocappappy,tichondrius,383,priest,shadow,18,4,14
37242,Priestmain,thrall,383,priest,shadow,18,4,14
37243,Leshlight,azuremyst,383,priest,shadow,24,4,20
37244,Honeybunns,skywall,382,priest,shadow,6,4,2
37245,Geulis,illidan,382,priest,shadow,12,4,8
37246,Bwansandi,blackrock,370,priest,shadow,38,8,30
37247,Durgen,stormreaver,367,priest,shadow,17,4,13
37248,Deathzpirit,kiljaeden,352,priest,shadow,10,4,6
37249,Bionix,stormrage,330,priest,shadow,11,5,6
37250,Sgiath,alleria,330,priest,shadow,15,6,9
37251,Libationz,area-52,329,priest,shadow,19,7,12
37252,Soonya,arygos,328,priest,shadow,15,5,10
37253,Dtbündertree,nordrassil,319,priest,shadow,5,4,1
37254,Russbell,ragnaros,288,priest,shadow,6,3,3
37255,Mynameis,dethecus,288,priest,shadow,6,3,3
37256,Strokkerzin,azralon,288,priest,shadow,6,3,3
37257,Wrathhealer,hellscream,288,priest,shadow,6,3,3
37258,Suki,alleria,288,priest,shadow,6,3,3
37259,Vullena,moon-guard,288,priest,shadow,6,3,3
37260,Eddysmokes,tichondrius,288,priest,shadow,6,3,3
37261,Pengwu,moon-guard,288,priest,shadow,6,3,3
37262,Voidballs,tichondrius,288,priest,shadow,6,3,3
37263,Lolsodacans,malganis,288,priest,shadow,6,3,3
37264,Ozzx,stormrage,288,priest,shadow,6,3,3
37265,Döllyy,illidan,288,priest,shadow,6,3,3
37266,Prignues,tichondrius,288,priest,shadow,6,3,3
37267,Nzuth,dalaran,288,priest,shadow,6,3,3
37268,Shaðows,malganis,288,priest,shadow,6,3,3
37269,Mistweaver,tichondrius,288,priest,shadow,6,3,3
37270,Nizanz,illidan,288,priest,shadow,6,3,3
37271,Menorsita,tichondrius,288,priest,shadow,6,3,3
37272,Leya,kiljaeden,288,priest,shadow,6,3,3
37273,Pezziate,tichondrius,288,priest,shadow,6,3,3
37274,Jaliera,malganis,288,priest,shadow,6,3,3
37275,Prizler,tichondrius,288,priest,shadow,6,3,3
37276,Reginaa,nemesis,288,priest,shadow,6,3,3
37277,Halleßerry,illidan,288,priest,shadow,6,3,3
37278,Crazchinkin,tichondrius,288,priest,shadow,6,3,3
37279,Oxxymoron,malganis,288,priest,shadow,6,3,3
37280,Webba,azshara,288,priest,shadow,6,3,3
37281,Whittysp,tichondrius,288,priest,shadow,6,3,3
37282,Banmi,tichondrius,288,priest,shadow,6,3,3
37283,Ossirus,emerald-dream,288,priest,shadow,6,3,3
37284,Clearclouds,tichondrius,288,priest,shadow,6,3,3
37285,Noanswerr,proudmoore,288,priest,shadow,6,3,3
37286,Pogchamp,alterac-mountains,288,priest,shadow,6,3,3
37287,Ceebomb,tichondrius,288,priest,shadow,6,3,3
37288,Nellìel,whisperwind,288,priest,shadow,6,3,3
37289,Kindyx,ragnaros,288,priest,shadow,6,3,3
37290,Quantumgoat,tichondrius,288,priest,shadow,6,3,3
37291,Spspsp,illidan,288,priest,shadow,6,3,3
37292,Limèria,emerald-dream,288,priest,shadow,6,3,3
37293,Moselol,tichondrius,288,priest,shadow,6,3,3
37294,Ascundead,tichondrius,288,priest,shadow,6,3,3
37295,Sìkarìa,illidan,288,priest,shadow,6,3,3
37296,Randyortonn,tichondrius,288,priest,shadow,6,3,3
37297,Exploded,moon-guard,288,priest,shadow,6,3,3
37298,Soloqqt,tichondrius,288,priest,shadow,6,3,3
37299,Intheway,bleeding-hollow,288,priest,shadow,6,3,3
37300,Healiûm,bleeding-hollow,288,priest,shadow,6,3,3
37301,Fearmongrol,bleeding-hollow,288,priest,shadow,6,3,3
37302,Monytrain,emerald-dream,288,priest,shadow,6,3,3
37303,Studpriest,tichondrius,288,priest,shadow,6,3,3
37304,Polyxenus,moon-guard,288,priest,shadow,6,3,3
37305,Ej,altar-of-storms,288,priest,shadow,6,3,3
37306,Valsong,argent-dawn,288,priest,shadow,6,3,3
37307,Mlkchocolate,kelthuzad,288,priest,shadow,6,3,3
37308,Bubbleguppyx,tichondrius,288,priest,shadow,6,3,3
37309,Adelen,illidan,288,priest,shadow,6,3,3
37310,Haransimongo,area-52,288,priest,shadow,6,3,3
37311,Alykus,emerald-dream,288,priest,shadow,6,3,3
37312,Samio,area-52,288,priest,shadow,6,3,3
37313,Xandir,kaelthas,288,priest,shadow,6,3,3
37314,Toxictampax,azjolnerub,288,priest,shadow,6,3,3
37315,Spõt,stormrage,288,priest,shadow,6,3,3
37316,Shakarot,illidan,288,priest,shadow,6,3,3
37317,Çræmgøtsøçkd,blackrock,288,priest,shadow,6,3,3
37318,Judeath,area-52,288,priest,shadow,6,3,3
37319,Squatchlace,tichondrius,288,priest,shadow,6,3,3
37320,Mallox,quelthalas,288,priest,shadow,6,3,3
37321,Lotros,area-52,288,priest,shadow,6,3,3
37322,Dottiemcfee,alterac-mountains,288,priest,shadow,6,3,3
37323,Caiitlynn,quelthalas,288,priest,shadow,6,3,3
37324,Enaan,proudmoore,288,priest,shadow,6,3,3
37325,Runakk,stonemaul,288,priest,shadow,6,3,3
37326,Etherrion,area-52,288,priest,shadow,6,3,3
37327,Mhorkarion,quelthalas,288,priest,shadow,6,3,3
37328,Lilsweet,stonemaul,288,priest,shadow,6,3,3
37329,Cappoo,tichondrius,288,priest,shadow,6,3,3
37330,Austul,guldan,288,priest,shadow,6,3,3
37331,Aliciab,andorhal,288,priest,shadow,6,3,3
37332,Xxmewo,sargeras,288,priest,shadow,6,3,3
37333,ßìrth,kelthuzad,288,priest,shadow,6,3,3
37334,Halîth,terenas,288,priest,shadow,6,3,3
37335,Empyreanlite,dalaran,288,priest,shadow,6,3,3
37336,Naieth,aerie-peak,288,priest,shadow,6,3,3
37337,Shadymac,sargeras,288,priest,shadow,6,3,3
37338,Cerriôus,baelgun,288,priest,shadow,6,3,3
37339,Nuclease,turalyon,288,priest,shadow,6,3,3
37340,Sealife,kelthuzad,288,priest,shadow,6,3,3
37341,Scaadoosh,dalaran,288,priest,shadow,6,3,3
37342,Earebus,dalaran,288,priest,shadow,6,3,3
37343,Leyspring,moon-guard,288,priest,shadow,6,3,3
37344,Egraner,drakkari,288,priest,shadow,6,3,3
37345,Avadrah,tichondrius,288,priest,shadow,6,3,3
37346,Whalexo,kelthuzad,288,priest,shadow,6,3,3
37347,Reâpêr,kelthuzad,288,priest,shadow,6,3,3
37348,Issaley,tichondrius,288,priest,shadow,6,3,3
37349,Auras,boulderfist,288,priest,shadow,6,3,3
37350,Worldhealer,area-52,288,priest,shadow,6,3,3
37351,Lucènt,frostmourne,288,priest,shadow,6,3,3
37352,Drelia,jubeithos,288,priest,shadow,6,3,3
37353,Xuxu,frostmourne,288,priest,shadow,6,3,3
37354,Elitë,frostmourne,288,priest,shadow,6,3,3
37355,Lemmecastpls,sargeras,288,priest,shadow,6,3,3
37356,Dumpesitwo,frostmourne,288,priest,shadow,6,3,3
37357,ßoy,amanthul,288,priest,shadow,6,3,3
37358,Tomseleck,frostmourne,288,priest,shadow,6,3,3
37359,Synisteria,sargeras,288,priest,shadow,6,3,3
37360,Sumrand,frostmourne,288,priest,shadow,6,3,3
37361,Roommatethor,thaurissan,288,priest,shadow,6,3,3
37362,Chewit,kargath,288,priest,shadow,6,3,3
37363,Osarin,sargeras,288,priest,shadow,6,3,3
37364,Brxddx,sargeras,288,priest,shadow,6,3,3
37365,Oongawa,sargeras,288,priest,shadow,6,3,3
37366,Onahaihu,tichondrius,288,priest,shadow,9,4,5
37367,Farnzz,malganis,288,priest,shadow,12,3,9
37368,Holyren,sargeras,288,priest,shadow,12,3,9
37369,Stantz,burning-legion,288,priest,shadow,12,3,9
37370,Sybenela,proudmoore,288,priest,shadow,12,3,9
37371,Poppyp,stormrage,288,priest,shadow,12,3,9
37372,Mistmare,dalaran,288,priest,shadow,12,3,9
37373,Tylored,zuljin,288,priest,shadow,12,3,9
37374,Shadøwbølt,tichondrius,288,priest,shadow,12,3,9
37375,Shadowpain,the-underbog,288,priest,shadow,12,3,9
37376,Xeras,ravencrest,288,priest,shadow,12,3,9
37377,Tastyloads,illidan,288,priest,shadow,12,3,9
37378,Valuations,tichondrius,288,priest,shadow,12,3,9
37379,Maraquinn,bleeding-hollow,288,priest,shadow,12,3,9
37380,Juícifer,illidan,288,priest,shadow,12,3,9
37381,Dunnbledore,area-52,288,priest,shadow,12,3,9
37382,Scaryspise,nathrezim,288,priest,shadow,12,3,9
37383,Giantqid,malganis,288,priest,shadow,12,3,9
37384,Shadynasti,azshara,287,priest,shadow,6,3,3
37385,Grímmz,veknilash,287,priest,shadow,7,3,4
37386,Telamorstus,illidan,287,priest,shadow,12,3,9
37387,Kyriana,doomhammer,287,priest,shadow,18,3,15
37388,Runswithrain,lethon,271,priest,shadow,17,3,14
37389,Drzz,tichondrius,256,priest,shadow,4,4,0
37390,Nuggetree,tichondrius,239,priest,shadow,5,3,2
37391,Nmm,ravencrest,239,priest,shadow,5,3,2
37392,Mindrip,illidan,234,priest,shadow,6,4,2
37393,Actiop,stormrage,223,priest,shadow,8,3,5
37394,Donkeycube,tichondrius,192,priest,shadow,4,3,1
37395,Holyhand,auchindoun,192,priest,shadow,4,3,1
37396,Shadowblax,thrall,192,priest,shadow,4,3,1
37397,Suppòrt,stormrage,192,priest,shadow,4,3,1
37398,Vladsacer,nemesis,192,priest,shadow,9,3,6
37399,Vanzera,thrall,192,priest,shadow,6,2,4
37400,Dagaen,thunderlord,192,priest,shadow,6,2,4
37401,Orethon,thrall,192,priest,shadow,6,2,4
37402,Dogfrompark,illidan,192,priest,shadow,6,2,4
37403,Layons,nemesis,192,priest,shadow,6,2,4
37404,Projectalice,ravencrest,192,priest,shadow,6,2,4
37405,Kryoff,illidan,192,priest,shadow,6,2,4
37406,Chellelia,stormrage,192,priest,shadow,6,2,4
37407,Fadestepx,stormrage,192,priest,shadow,6,2,4
37408,Sâltý,stormrage,192,priest,shadow,6,2,4
37409,Vinatt,illidan,192,priest,shadow,6,2,4
37410,Discobish,sargeras,192,priest,shadow,6,2,4
37411,Purrpleelff,saurfang,192,priest,shadow,6,2,4
37412,Fatfinger,stormrage,192,priest,shadow,6,2,4
37413,Apparìtions,khazgoroth,192,priest,shadow,6,2,4
37414,Pandiwoodney,ragnaros,192,priest,shadow,6,2,4
37415,Innergee,aegwynn,192,priest,shadow,6,2,4
37416,Theono,sargeras,192,priest,shadow,6,2,4
37417,Priést,stormrage,192,priest,shadow,6,2,4
37418,Shmmoie,frostmourne,192,priest,shadow,6,2,4
37419,Shrax,emerald-dream,192,priest,shadow,6,2,4
37420,Deprive,tichondrius,192,priest,shadow,6,2,4
37421,Kapriestsun,sargeras,192,priest,shadow,6,2,4
37422,Jdcii,tichondrius,192,priest,shadow,6,2,4
37423,Hail,kaelthas,192,priest,shadow,6,2,4
37424,Clairvoyantt,tichondrius,192,priest,shadow,6,2,4
37425,Sshhaaddooww,tichondrius,192,priest,shadow,6,2,4
37426,Dippyzs,alterac-mountains,192,priest,shadow,6,2,4
37427,Löstský,azralon,192,priest,shadow,6,2,4
37428,Ptheld,tichondrius,192,priest,shadow,6,2,4
37429,Uikaren,tichondrius,192,priest,shadow,6,2,4
37430,Sorojín,zuljin,192,priest,shadow,6,2,4
37431,Fatherleem,tichondrius,192,priest,shadow,6,2,4
37432,Impur,zuljin,192,priest,shadow,6,2,4
37433,Xyanydê,zuljin,192,priest,shadow,6,2,4
37434,Legitgayirl,zuljin,192,priest,shadow,6,2,4
37435,Lolsithlord,tichondrius,192,priest,shadow,6,2,4
37436,Aape,frostmourne,192,priest,shadow,6,2,4
37437,Quinnx,tichondrius,192,priest,shadow,6,2,4
37438,Ateras,emerald-dream,192,priest,shadow,6,2,4
37439,Hevnlyst,proudmoore,192,priest,shadow,6,2,4
37440,Alukel,moon-guard,192,priest,shadow,6,2,4
37441,Laq,proudmoore,192,priest,shadow,6,2,4
37442,Notgoodatsp,bleeding-hollow,192,priest,shadow,6,2,4
37443,Lifejuice,tichondrius,192,priest,shadow,6,2,4
37444,Lyontnmetal,moon-guard,192,priest,shadow,6,2,4
37445,Scenekîd,moon-guard,192,priest,shadow,6,2,4
37446,Voidwyrm,tichondrius,192,priest,shadow,6,2,4
37447,Tomriddlle,sargeras,192,priest,shadow,6,2,4
37448,Enochian,hyjal,192,priest,shadow,6,2,4
37449,Judis,barthilas,192,priest,shadow,6,2,4
37450,Sashatwo,proudmoore,192,priest,shadow,6,2,4
37451,Lemmiewinkzx,sargeras,192,priest,shadow,6,2,4
37452,Boneappletee,area-52,192,priest,shadow,6,2,4
37453,Juliusceazer,skywall,192,priest,shadow,6,2,4
37454,Clickbait,spirestone,192,priest,shadow,6,2,4
37455,Jjaeminkim,area-52,192,priest,shadow,6,2,4
37456,Voidnoodles,area-52,192,priest,shadow,6,2,4
37457,Anxìetý,area-52,192,priest,shadow,6,2,4
37458,Fleshliight,area-52,192,priest,shadow,6,2,4
37459,Psychohazard,area-52,192,priest,shadow,6,2,4
37460,Geoat,barthilas,192,priest,shadow,6,2,4
37461,Detainedz,malganis,192,priest,shadow,6,2,4
37462,Apâthy,area-52,192,priest,shadow,6,2,4
37463,Murkqz,azralon,192,priest,shadow,6,2,4
37464,Pugsmugglerr,icecrown,192,priest,shadow,6,2,4
37465,Thewizard,blackrock,192,priest,shadow,6,2,4
37466,Horsegirls,kelthuzad,192,priest,shadow,6,2,4
37467,Selspriest,kelthuzad,192,priest,shadow,6,2,4
37468,Onlyphantoms,kelthuzad,192,priest,shadow,6,2,4
37469,Nodorme,quelthalas,192,priest,shadow,6,2,4
37470,Unholywood,lightbringer,192,priest,shadow,6,2,4
37471,Furryoflife,suramar,192,priest,shadow,6,2,4
37472,Midget,darkspear,192,priest,shadow,6,2,4
37473,Hrathren,caelestrasz,192,priest,shadow,6,2,4
37474,Kalibaby,darkspear,192,priest,shadow,6,2,4
37475,Beertriarch,frostmourne,192,priest,shadow,6,2,4
37476,Dotdotdead,earthen-ring,192,priest,shadow,6,2,4
37477,Cxmplex,malganis,192,priest,shadow,6,2,4
37478,Melithor,frostmourne,192,priest,shadow,6,2,4
37479,Avanise,blackrock,192,priest,shadow,6,2,4
37480,Sâishâ,proudmoore,192,priest,shadow,6,2,4
37481,Clistyn,quelthalas,192,priest,shadow,6,2,4
37482,Byungsik,terenas,192,priest,shadow,6,2,4
37483,Pipete,frostmourne,192,priest,shadow,6,2,4
37484,Brounly,drakkari,192,priest,shadow,6,2,4
37485,Kälashnikova,ragnaros,192,priest,shadow,6,2,4
37486,Alizhe,ragnaros,192,priest,shadow,12,2,10
37487,Belfalst,shandris,192,priest,shadow,12,2,10
37488,Caristae,kelthuzad,192,priest,shadow,12,2,10
37489,Kulrig,shuhalo,192,priest,shadow,12,2,10
37490,Ozztwo,tichondrius,192,priest,shadow,12,2,10
37491,Tmpriest,tichondrius,175,priest,shadow,11,2,9
37492,Chü,dalaran,169,priest,shadow,12,5,7
37493,Gobananas,bleeding-hollow,159,priest,shadow,5,2,3
37494,Xeevoos,nemesis,159,priest,shadow,5,2,3
37495,Myndz,stormrage,159,priest,shadow,5,2,3
37496,Tiizz,malganis,159,priest,shadow,5,2,3
37497,Dekomori,quelthalas,159,priest,shadow,5,2,3
37498,Pugadin,bleeding-hollow,159,priest,shadow,5,2,3
37499,Gaeira,azralon,159,priest,shadow,11,2,9
37500,Cravex,stormrage,128,priest,shadow,4,2,2
37501,Winss,tichondrius,128,priest,shadow,4,2,2
37502,Sätîvá,tichondrius,96,priest,shadow,3,2,1
37503,Priestthingz,area-52,96,priest,shadow,8,2,6
37504,Mangemoélqc,darkspear,96,priest,shadow,6,1,5
37505,Shadowftw,illidan,96,priest,shadow,6,1,5
37506,Shadowreck,malganis,96,priest,shadow,6,1,5
37507,Shadolord,illidan,96,priest,shadow,6,1,5
37508,Tusket,black-dragonflight,96,priest,shadow,6,1,5
37509,Powerwordwap,malganis,96,priest,shadow,6,1,5
37510,Oxyy,aerie-peak,96,priest,shadow,6,1,5
37511,Milliyakk,area-52,96,priest,shadow,6,1,5
37512,Amikam,barthilas,96,priest,shadow,6,1,5
37513,Dwarfxomp,ragnaros,96,priest,shadow,6,1,5
37514,Tiskka,magtheridon,96,priest,shadow,6,1,5
37515,Óst,tichondrius,96,priest,shadow,6,1,5
37516,Whatsittoya,tichondrius,96,priest,shadow,6,1,5
37517,Voidzx,tichondrius,96,priest,shadow,6,1,5
37518,Vineller,malganis,96,priest,shadow,6,1,5
37519,Syrillia,wildhammer,96,priest,shadow,6,1,5
37520,Dawnbréaker,azralon,96,priest,shadow,6,1,5
37521,Nancynibbler,bleeding-hollow,96,priest,shadow,6,1,5
37522,Rays,drakkari,96,priest,shadow,6,1,5
37523,Ibangedaqt,malganis,96,priest,shadow,6,1,5
37524,Mental,deathwing,96,priest,shadow,6,1,5
37525,Beliál,ragnaros,96,priest,shadow,6,1,5
37526,Kelody,zuljin,96,priest,shadow,6,1,5
37527,Cärdi,frostmourne,96,priest,shadow,6,1,5
37528,Digop,azralon,96,priest,shadow,6,1,5
37529,Wrinkletink,whisperwind,96,priest,shadow,6,1,5
37530,Kodaks,frostmourne,96,priest,shadow,6,1,5
37531,Sprinkling,sargeras,96,priest,shadow,6,1,5
37532,Leliane,tichondrius,96,priest,shadow,6,1,5
37533,Manryu,tichondrius,96,priest,shadow,6,1,5
37534,Dadsalad,zuljin,96,priest,shadow,6,1,5
37535,Vdip,illidan,96,priest,shadow,6,1,5
37536,Omygawd,tichondrius,96,priest,shadow,6,1,5
37537,Srenity,zuljin,96,priest,shadow,6,1,5
37538,Cultists,tichondrius,96,priest,shadow,6,1,5
37539,Yaelahi,illidan,96,priest,shadow,6,1,5
37540,Icespice,anvilmar,96,priest,shadow,6,1,5
37541,Nostrande,stormrage,96,priest,shadow,6,1,5
37542,Jèf,stormrage,96,priest,shadow,6,1,5
37543,Paingivër,drakkari,96,priest,shadow,6,1,5
37544,Galestick,illidan,96,priest,shadow,6,1,5
37545,Dazzlems,tichondrius,96,priest,shadow,6,1,5
37546,Nightboxer,tichondrius,96,priest,shadow,6,1,5
37547,Onlysams,sargeras,96,priest,shadow,6,1,5
37548,Stunsilence,tichondrius,96,priest,shadow,6,1,5
37549,Althlon,emerald-dream,96,priest,shadow,6,1,5
37550,Psyward,tichondrius,96,priest,shadow,6,1,5
37551,Vyndictus,shattered-hand,96,priest,shadow,6,1,5
37552,Slspookyx,tichondrius,96,priest,shadow,6,1,5
37553,Jaquels,sargeras,96,priest,shadow,6,1,5
37554,Cáscá,stormrage,96,priest,shadow,6,1,5
37555,Fámóus,stormrage,96,priest,shadow,6,1,5
37556,Dalyeth,blackrock,96,priest,shadow,6,1,5
37557,Bigdaddios,dalaran,96,priest,shadow,6,1,5
37558,Lilskizz,dalaran,96,priest,shadow,6,1,5
37559,Sadury,tichondrius,96,priest,shadow,6,1,5
37560,Voidrisu,sargeras,96,priest,shadow,6,1,5
37561,Mauriel,proudmoore,96,priest,shadow,6,1,5
37562,Zway,moon-guard,96,priest,shadow,6,1,5
37563,Lukaspriest,proudmoore,96,priest,shadow,6,1,5
37564,Marleylei,nesingwary,96,priest,shadow,6,1,5
37565,Aphôtic,moon-guard,96,priest,shadow,6,1,5
37566,Zymmie,moon-guard,96,priest,shadow,6,1,5
37567,Releknosleep,frostwolf,96,priest,shadow,6,1,5
37568,Baerybonds,kiljaeden,96,priest,shadow,6,1,5
37569,Approved,moon-guard,96,priest,shadow,6,1,5
37570,Mandisa,skywall,96,priest,shadow,6,1,5
37571,Voidlordx,jubeithos,96,priest,shadow,6,1,5
37572,Allaras,eldrethalas,96,priest,shadow,6,1,5
37573,Murdangus,moon-guard,96,priest,shadow,12,1,11
37574,Xïlencer,tichondrius,96,priest,shadow,12,1,11
37575,Ggums,tichondrius,96,priest,shadow,12,1,11
37576,Jpray,bleeding-hollow,96,priest,shadow,12,1,11
37577,ßugsy,illidan,96,priest,shadow,12,1,11
37578,Kunof,ragnaros,79,priest,shadow,5,1,4
37579,Xic,thrall,79,priest,shadow,5,1,4
37580,Fadehojx,illidan,42,priest,shadow,9,2,7
37581,Turelim,illidan,31,priest,shadow,2,1,1
37582,Beeffdaddy,tichondrius,31,priest,shadow,2,1,1
37583,Drpopepurp,tichondrius,31,priest,shadow,2,1,1
37584,Bingleboi,area-52,31,priest,shadow,2,1,1
37585,Pulpitò,ragnaros,31,priest,shadow,2,1,1
37586,Trågédy,azjolnerub,16,priest,shadow,1,1,0
37587,Pilixil,bleeding-hollow,16,priest,shadow,1,1,0
37588,Yellowrose,kelthuzad,2108,rogue,outlaw,121,69,52
37589,Weran,tichondrius,1976,rogue,outlaw,66,34,32
37590,Sadiator,illidan,1876,rogue,outlaw,65,36,29
37591,Dvn,stormrage,1844,rogue,outlaw,54,32,22
37592,Millspec,zuljin,1840,rogue,outlaw,54,33,21
37593,Millspec,tichondrius,1762,rogue,outlaw,117,58,59
37594,Supherr,sargeras,1746,rogue,outlaw,83,46,37
37595,Gothamzzing,tichondrius,1738,rogue,outlaw,49,28,21
37596,Welinth,thunderlord,1724,rogue,outlaw,444,224,220
37597,Dennerdz,tichondrius,1688,rogue,outlaw,47,19,28
37598,Arena,uldum,1665,rogue,outlaw,59,27,32
37599,Lycanthropî,illidan,1655,rogue,outlaw,80,37,43
37600,Lardiconn,thrall,1628,rogue,outlaw,42,30,12
37601,Redimído,quelthalas,1628,rogue,outlaw,45,24,21
37602,Deadracer,moon-guard,1627,rogue,outlaw,60,32,28
37603,Lazeestab,sargeras,1618,rogue,outlaw,172,95,77
37604,Càgil,stormrage,1607,rogue,outlaw,34,19,15
37605,Jmaxx,tichondrius,1603,rogue,outlaw,51,32,19
37606,Gnover,ragnaros,1585,rogue,outlaw,88,45,43
37607,Xylvána,kiljaeden,1584,rogue,outlaw,72,32,40
37608,Swingonya,stormrage,1571,rogue,outlaw,36,18,18
37609,Supine,illidan,1539,rogue,outlaw,109,58,51
37610,Trêl,velen,1524,rogue,outlaw,141,71,70
37611,Omnïslash,stormrage,1519,rogue,outlaw,48,22,26
37612,Blackmont,bleeding-hollow,1518,rogue,outlaw,71,42,29
37613,Kentaki,tichondrius,1515,rogue,outlaw,60,33,27
37614,Karambit,frostmourne,1486,rogue,outlaw,120,54,66
37615,Trillkage,tichondrius,1483,rogue,outlaw,90,44,46
37616,Mgzx,tichondrius,1455,rogue,outlaw,150,82,68
37617,Mõtaru,stormrage,1449,rogue,outlaw,66,33,33
37618,Jenaki,gurubashi,1442,rogue,outlaw,62,32,30
37619,Jolly,frostmourne,1440,rogue,outlaw,53,22,31
37620,Mirâge,illidan,1432,rogue,outlaw,61,30,31
37621,Velskud,area-52,1430,rogue,outlaw,82,41,41
37622,Gotosor,quelthalas,1415,rogue,outlaw,144,73,71
37623,Combo,norgannon,1409,rogue,outlaw,167,92,75
37624,Shadowstryfe,tichondrius,1409,rogue,outlaw,47,22,25
37625,Shindeiru,area-52,1399,rogue,outlaw,43,30,13
37626,Luolan,kargath,1378,rogue,outlaw,44,16,28
37627,Bleaklord,emerald-dream,1373,rogue,outlaw,48,17,31
37628,Itsuksiko,quelthalas,1368,rogue,outlaw,63,30,33
37629,Disrawen,ragnaros,1353,rogue,outlaw,463,225,238
37630,Snakeblisken,emerald-dream,1352,rogue,outlaw,36,15,21
37631,Hobblefoot,proudmoore,1340,rogue,outlaw,46,24,22
37632,Onethiccboi,tichondrius,1338,rogue,outlaw,30,14,16
37633,Dogeggs,area-52,1331,rogue,outlaw,30,14,16
37634,Dross,shadowmoon,1325,rogue,outlaw,30,14,16
37635,Chrisdorner,area-52,1316,rogue,outlaw,25,14,11
37636,Jakamungo,area-52,1315,rogue,outlaw,46,22,24
37637,Reyskywalker,kelthuzad,1303,rogue,outlaw,24,15,9
37638,Shyzuku,drakkari,1303,rogue,outlaw,44,20,24
37639,Ntrfighter,tichondrius,1258,rogue,outlaw,71,36,35
37640,Cheddery,dalaran,1247,rogue,outlaw,75,40,35
37641,Wátchyoúrbák,wyrmrest-accord,1247,rogue,outlaw,30,14,16
37642,Straite,area-52,1244,rogue,outlaw,24,13,11
37643,Houlton,moon-guard,1234,rogue,outlaw,24,13,11
37644,Cidi,moon-guard,1219,rogue,outlaw,36,13,23
37645,Zanith,wyrmrest-accord,1194,rogue,outlaw,28,15,13
37646,Lovedemtings,dark-iron,1191,rogue,outlaw,28,13,15
37647,Rynica,illidan,1151,rogue,outlaw,53,27,26
37648,Peteylee,stormrage,1150,rogue,outlaw,24,12,12
37649,Corevis,moon-guard,1149,rogue,outlaw,24,12,12
37650,Fastblast,wyrmrest-accord,1146,rogue,outlaw,24,12,12
37651,Mabushi,sargeras,1135,rogue,outlaw,42,15,27
37652,Zogbu,stormrage,1128,rogue,outlaw,42,17,25
37653,Asdestroyerr,tichondrius,1114,rogue,outlaw,26,13,13
37654,Emoond,ragnaros,1110,rogue,outlaw,39,22,17
37655,Vanorn,aerie-peak,1108,rogue,outlaw,54,17,37
37656,Adevoir,hakkar,1095,rogue,outlaw,60,31,29
37657,Zarthrox,bladefist,1086,rogue,outlaw,42,21,21
37658,Johnnyelbows,tichondrius,1078,rogue,outlaw,27,13,14
37659,Azarha,zuljin,1060,rogue,outlaw,66,34,32
37660,Tanadoril,wyrmrest-accord,1051,rogue,outlaw,24,11,13
37661,Wujn,tichondrius,1050,rogue,outlaw,24,11,13
37662,Lumifer,quelthalas,1050,rogue,outlaw,54,18,36
37663,Xyleth,azgalor,1048,rogue,outlaw,53,20,33
37664,Thèory,sargeras,1044,rogue,outlaw,24,11,13
37665,Valefarr,emerald-dream,1043,rogue,outlaw,29,13,16
37666,Badpatatas,proudmoore,1043,rogue,outlaw,52,15,37
37667,Amorfirion,frostmourne,1041,rogue,outlaw,24,13,11
37668,Nicademos,bleeding-hollow,1037,rogue,outlaw,18,11,7
37669,Mechamind,draka,1034,rogue,outlaw,18,11,7
37670,Slitherex,thunderlord,1031,rogue,outlaw,27,12,15
37671,Fryphilip,dalaran,1023,rogue,outlaw,28,11,17
37672,Abatoire,wyrmrest-accord,1020,rogue,outlaw,48,22,26
37673,Thuganomics,dark-iron,1008,rogue,outlaw,27,12,15
37674,Itricku,tichondrius,1008,rogue,outlaw,54,18,36
37675,Lawyergamer,bonechewer,976,rogue,outlaw,44,18,26
37676,Farstrider,tichondrius,974,rogue,outlaw,84,33,51
37677,Hokagesasuke,bleeding-hollow,972,rogue,outlaw,36,14,22
37678,Inhume,eredar,960,rogue,outlaw,24,10,14
37679,Larmx,tichondrius,960,rogue,outlaw,24,10,14
37680,Quapi,tichondrius,959,rogue,outlaw,18,10,8
37681,Cathat,area-52,957,rogue,outlaw,18,10,8
37682,Preceptor,azralon,956,rogue,outlaw,24,10,14
37683,Nitroxy,quelthalas,950,rogue,outlaw,24,10,14
37684,Shninzy,senjin,910,rogue,outlaw,31,11,20
37685,Zeed,ragnaros,866,rogue,outlaw,66,30,36
37686,Stabbythorus,stormrage,862,rogue,outlaw,18,9,9
37687,Bebesita,sisters-of-elune,860,rogue,outlaw,18,9,9
37688,Phraze,silvermoon,859,rogue,outlaw,30,14,16
37689,Vîllâîn,tichondrius,859,rogue,outlaw,24,9,15
37690,Listrew,stormrage,838,rogue,outlaw,18,9,9
37691,Coalie,tichondrius,816,rogue,outlaw,15,9,6
37692,Cireene,proudmoore,768,rogue,outlaw,12,8,4
37693,Deepsyo,frostmourne,768,rogue,outlaw,12,8,4
37694,Lesty,kelthuzad,768,rogue,outlaw,12,8,4
37695,Airi,darkspear,768,rogue,outlaw,18,8,10
37696,Synj,frostmourne,767,rogue,outlaw,12,8,4
37697,Tarnished,ravenholdt,766,rogue,outlaw,24,8,16
37698,Nvirus,quelthalas,765,rogue,outlaw,18,8,10
37699,Nordedge,stormrage,756,rogue,outlaw,24,8,16
37700,Stabbymcgee,duskwood,753,rogue,outlaw,18,8,10
37701,Marraya,area-52,750,rogue,outlaw,18,8,10
37702,Zeetwntyeght,stormrage,747,rogue,outlaw,29,8,21
37703,Gnòme,frostmourne,701,rogue,outlaw,11,8,3
37704,Thompson,bloodscalp,672,rogue,outlaw,12,7,5
37705,Invisidubya,illidan,671,rogue,outlaw,12,7,5
37706,Minuss,rivendare,671,rogue,outlaw,12,7,5
37707,Slowtime,quelthalas,671,rogue,outlaw,18,7,11
37708,Drsinz,tichondrius,671,rogue,outlaw,18,7,11
37709,Evilkoreanz,tichondrius,670,rogue,outlaw,12,7,5
37710,Uzell,sargeras,670,rogue,outlaw,12,7,5
37711,Cosmicò,trollbane,670,rogue,outlaw,12,7,5
37712,Jamesallen,silvermoon,659,rogue,outlaw,12,7,5
37713,Yerehmi,quelthalas,657,rogue,outlaw,12,7,5
37714,Furrykneecap,hyjal,655,rogue,outlaw,12,9,3
37715,Fennick,tanaris,638,rogue,outlaw,25,7,18
37716,Roxy,ghostlands,623,rogue,outlaw,17,7,10
37717,Mhdz,tichondrius,609,rogue,outlaw,18,8,10
37718,Deeppockets,sargeras,576,rogue,outlaw,12,6,6
37719,Esky,tichondrius,576,rogue,outlaw,12,6,6
37720,Heliopolis,bleeding-hollow,576,rogue,outlaw,18,6,12
37721,Gfuel,azgalor,575,rogue,outlaw,12,6,6
37722,Sprork,kiljaeden,575,rogue,outlaw,18,6,12
37723,Drakariano,ragnaros,575,rogue,outlaw,18,6,12
37724,Shmoked,moon-guard,575,rogue,outlaw,18,6,12
37725,Deddyy,zuljin,574,rogue,outlaw,18,6,12
37726,Bonizzi,stormrage,573,rogue,outlaw,12,6,6
37727,Maglove,nemesis,571,rogue,outlaw,12,6,6
37728,Chapex,ragnaros,511,rogue,outlaw,14,6,8
37729,Sabbathe,kargath,491,rogue,outlaw,14,6,8
37730,Sotypical,area-52,480,rogue,outlaw,6,5,1
37731,Tmpikaboo,tichondrius,480,rogue,outlaw,6,5,1
37732,Tsubamë,tichondrius,480,rogue,outlaw,6,5,1
37733,Sekkelx,moon-guard,480,rogue,outlaw,12,5,7
37734,Alexyy,blades-edge,480,rogue,outlaw,12,5,7
37735,Dultz,tichondrius,480,rogue,outlaw,12,5,7
37736,Bootypie,hyjal,480,rogue,outlaw,12,5,7
37737,Skaven,dunemaul,480,rogue,outlaw,12,5,7
37738,Violetrose,kelthuzad,480,rogue,outlaw,12,5,7
37739,Steviekìcks,frostmourne,480,rogue,outlaw,12,5,7
37740,Galfuran,burning-legion,480,rogue,outlaw,12,5,7
37741,Earthinhorn,frostmourne,480,rogue,outlaw,18,5,13
37742,Spikiera,silvermoon,480,rogue,outlaw,18,5,13
37743,Sasskei,malganis,479,rogue,outlaw,12,5,7
37744,Falloran,nerzhul,479,rogue,outlaw,12,5,7
37745,Universalize,proudmoore,479,rogue,outlaw,12,5,7
37746,Kasharo,tichondrius,479,rogue,outlaw,12,5,7
37747,Xzarfi,moon-guard,478,rogue,outlaw,30,5,25
37748,Mangaleón,wildhammer,475,rogue,outlaw,12,5,7
37749,Gnork,twisting-nether,475,rogue,outlaw,12,5,7
37750,Alerana,dathremar,474,rogue,outlaw,12,5,7
37751,Darthkelso,arathor,465,rogue,outlaw,24,5,19
37752,Kents,tichondrius,384,rogue,outlaw,6,4,2
37753,Xavar,malganis,384,rogue,outlaw,6,4,2
37754,Krypticstab,malganis,384,rogue,outlaw,6,4,2
37755,Flashmob,zuljin,384,rogue,outlaw,6,4,2
37756,Velox,kiljaeden,384,rogue,outlaw,6,4,2
37757,Alandoril,tichondrius,384,rogue,outlaw,6,4,2
37758,Xylvana,kiljaeden,384,rogue,outlaw,6,4,2
37759,Nestha,quelthalas,384,rogue,outlaw,12,4,8
37760,Dayvanie,area-52,384,rogue,outlaw,12,4,8
37761,Blingtronx,malganis,384,rogue,outlaw,12,4,8
37762,Showclass,stormrage,384,rogue,outlaw,12,4,8
37763,Donstevano,frostmourne,384,rogue,outlaw,12,4,8
37764,Jsyn,kiljaeden,384,rogue,outlaw,12,4,8
37765,Sazor,ysera,384,rogue,outlaw,12,4,8
37766,Subnini,kelthuzad,384,rogue,outlaw,18,4,14
37767,Gheez,quelthalas,383,rogue,outlaw,6,4,2
37768,Katanië,moon-guard,383,rogue,outlaw,12,4,8
37769,Keenstar,moon-guard,383,rogue,outlaw,18,4,14
37770,Daftjack,bleeding-hollow,381,rogue,outlaw,12,4,8
37771,Houdinilogic,skullcrusher,381,rogue,outlaw,12,4,8
37772,Ningaturtle,korgath,376,rogue,outlaw,18,4,14
37773,Walyo,stormrage,352,rogue,outlaw,10,5,5
37774,Siamés,quelthalas,319,rogue,outlaw,14,4,10
37775,Bàndit,wyrmrest-accord,288,rogue,outlaw,6,3,3
37776,Hepatocyte,anvilmar,288,rogue,outlaw,6,3,3
37777,Ghøstfäce,tichondrius,288,rogue,outlaw,6,3,3
37778,Twnk,stormrage,288,rogue,outlaw,6,3,3
37779,Dicenslice,proudmoore,288,rogue,outlaw,6,3,3
37780,Instructor,area-52,288,rogue,outlaw,6,3,3
37781,Lacero,bonechewer,288,rogue,outlaw,6,3,3
37782,Pikartz,stormrage,288,rogue,outlaw,6,3,3
37783,Nello,runetotem,288,rogue,outlaw,6,3,3
37784,Bigcolumn,tichondrius,288,rogue,outlaw,6,3,3
37785,Skoalr,thrall,288,rogue,outlaw,6,3,3
37786,Pilurfs,thrall,288,rogue,outlaw,6,3,3
37787,Vierhy,proudmoore,288,rogue,outlaw,6,3,3
37788,Movze,area-52,288,rogue,outlaw,6,3,3
37789,Alexdelion,tichondrius,288,rogue,outlaw,6,3,3
37790,Sandorrogue,stormrage,288,rogue,outlaw,6,3,3
37791,Karmagoodttv,stormrage,288,rogue,outlaw,6,3,3
37792,Slapjak,dalaran,288,rogue,outlaw,6,3,3
37793,Dookienotop,thunderhorn,288,rogue,outlaw,6,3,3
37794,Rujkah,archimonde,288,rogue,outlaw,6,3,3
37795,Whaazz,emerald-dream,288,rogue,outlaw,6,3,3
37796,Daehyun,moknathal,288,rogue,outlaw,6,3,3
37797,Homeschoolx,moon-guard,288,rogue,outlaw,6,3,3
37798,Machos,azralon,288,rogue,outlaw,6,3,3
37799,Pockettsand,firetree,288,rogue,outlaw,6,3,3
37800,Drpibb,ghostlands,288,rogue,outlaw,12,3,9
37801,Nippsy,aerie-peak,288,rogue,outlaw,18,3,15
37802,Adysius,malganis,287,rogue,outlaw,6,3,3
37803,Stabyou,sentinels,287,rogue,outlaw,6,3,3
37804,Vampireshade,bloodhoof,286,rogue,outlaw,12,3,9
37805,Grimthorn,icecrown,285,rogue,outlaw,12,3,9
37806,Smilinjack,ysera,284,rogue,outlaw,12,3,9
37807,Hotboxthefox,illidan,253,rogue,outlaw,11,3,8
37808,Remonezero,moon-guard,192,rogue,outlaw,6,2,4
37809,Squigglies,aerie-peak,192,rogue,outlaw,6,2,4
37810,Kpr,sargeras,192,rogue,outlaw,6,2,4
37811,Jebubs,tichondrius,192,rogue,outlaw,6,2,4
37812,Dillwilly,moon-guard,192,rogue,outlaw,6,2,4
37813,Mud,saurfang,192,rogue,outlaw,6,2,4
37814,Prisonshank,arthas,192,rogue,outlaw,6,2,4
37815,Slobernocker,stormrage,192,rogue,outlaw,6,2,4
37816,Touchthetip,bleeding-hollow,192,rogue,outlaw,6,2,4
37817,Duskeron,cenarius,192,rogue,outlaw,6,2,4
37818,Creamcakepop,stormrage,192,rogue,outlaw,6,2,4
37819,Nïck,korialstrasz,192,rogue,outlaw,6,2,4
37820,Riprorin,stormrage,192,rogue,outlaw,6,2,4
37821,ßuu,sargeras,192,rogue,outlaw,6,2,4
37822,Nikosneako,tichondrius,192,rogue,outlaw,12,2,10
37823,Sxs,kiljaeden,192,rogue,outlaw,12,2,10
37824,Manoq,drakkari,191,rogue,outlaw,6,2,4
37825,Landrik,trollbane,191,rogue,outlaw,6,2,4
37826,Òklahomie,frostwolf,191,rogue,outlaw,6,2,4
37827,Philliamson,azgalor,190,rogue,outlaw,12,2,10
37828,Hîzzÿ,ghostlands,159,rogue,outlaw,20,3,17
37829,Hedillyan,azralon,138,rogue,outlaw,9,3,6
37830,Burt,akama,96,rogue,outlaw,6,1,5
37831,Sindor,azralon,96,rogue,outlaw,6,1,5
37832,Downsix,sargeras,96,rogue,outlaw,6,1,5
37833,Rinestiria,arthas,96,rogue,outlaw,6,1,5
37834,Xm,sargeras,96,rogue,outlaw,6,1,5
37835,Whatsåpp,gallywix,96,rogue,outlaw,6,1,5
37836,Lu,lethon,96,rogue,outlaw,6,1,5
37837,Reginageorge,azuremyst,96,rogue,outlaw,6,1,5
37838,Raimondo,frostmourne,96,rogue,outlaw,6,1,5
37839,Happyslice,stormrage,96,rogue,outlaw,6,1,5
37840,Madge,area-52,96,rogue,outlaw,6,1,5
37841,Neilyo,barthilas,96,rogue,outlaw,6,1,5
37842,Takeiapika,azralon,96,rogue,outlaw,6,1,5
37843,Dessenia,illidan,96,rogue,outlaw,6,1,5
37844,Fateapocryph,azralon,96,rogue,outlaw,6,1,5
37845,Sleepstryke,stormrage,96,rogue,outlaw,12,1,11
37846,Culpera,undermine,95,rogue,outlaw,6,1,5
37847,Vladdracc,quelthalas,48,rogue,outlaw,3,1,2
37848,Aliasfaker,stormrage,16,rogue,outlaw,1,1,0
37849,Erebüs,thunderlord,2373,rogue,subtlety,114,74,40
37850,Fotg,tichondrius,2265,rogue,subtlety,78,48,30
37851,Battzii,wyrmrest-accord,2200,rogue,subtlety,791,411,380
37852,Alexdelion,tichondrius,2142,rogue,subtlety,90,47,43
37853,Ymxxworld,tichondrius,2107,rogue,subtlety,96,49,47
37854,Røgüë,malganis,2100,rogue,subtlety,96,53,43
37855,Æsshayádlay,tichondrius,2074,rogue,subtlety,71,37,34
37856,Ajl,drenden,2028,rogue,subtlety,154,81,73
37857,Roguesparrow,illidan,2010,rogue,subtlety,170,97,73
37858,Lies,dalaran,2010,rogue,subtlety,87,43,44
37859,Kenpàchi,kelthuzad,1995,rogue,subtlety,152,85,67
37860,Flashmob,zuljin,1991,rogue,subtlety,62,31,31
37861,Danrathm,sargeras,1990,rogue,subtlety,109,59,50
37862,Vendettita,quelthalas,1983,rogue,subtlety,84,47,37
37863,Swadeecup,nagrand,1965,rogue,subtlety,84,41,43
37864,Zurza,proudmoore,1943,rogue,subtlety,95,44,51
37865,Rangoons,tichondrius,1938,rogue,subtlety,66,39,27
37866,Yázim,tichondrius,1935,rogue,subtlety,79,48,31
37867,Maulline,tichondrius,1932,rogue,subtlety,60,27,33
37868,Stealthypoop,kelthuzad,1931,rogue,subtlety,118,61,57
37869,Esky,tichondrius,1918,rogue,subtlety,75,40,35
37870,Cydonian,ragnaros,1904,rogue,subtlety,148,83,65
37871,Norbury,tichondrius,1901,rogue,subtlety,136,67,69
37872,Minaciki,tichondrius,1898,rogue,subtlety,72,41,31
37873,Ulley,sargeras,1884,rogue,subtlety,132,75,57
37874,Kidcutti,proudmoore,1880,rogue,subtlety,86,43,43
37875,Slashthunder,blades-edge,1876,rogue,subtlety,54,29,25
37876,Hiyõ,tichondrius,1873,rogue,subtlety,119,66,53
37877,Antoninez,tichondrius,1871,rogue,subtlety,48,28,20
37878,Needbuff,tichondrius,1865,rogue,subtlety,54,25,29
37879,Shinigâmì,tichondrius,1863,rogue,subtlety,108,71,37
37880,Wizlysnipz,tichondrius,1859,rogue,subtlety,90,52,38
37881,Coopi,tichondrius,1853,rogue,subtlety,115,60,55
37882,Scuffedjr,tichondrius,1852,rogue,subtlety,84,37,47
37883,Himitu,tichondrius,1849,rogue,subtlety,89,46,43
37884,Wetit,illidan,1847,rogue,subtlety,84,56,28
37885,Thèllè,sargeras,1844,rogue,subtlety,48,28,20
37886,Coregx,tichondrius,1842,rogue,subtlety,36,24,12
37887,Rõý,area-52,1837,rogue,subtlety,42,23,19
37888,Brucerogue,tichondrius,1835,rogue,subtlety,290,152,138
37889,Silentkush,arthas,1833,rogue,subtlety,54,33,21
37890,Stunsofpuns,sargeras,1833,rogue,subtlety,60,33,27
37891,Fátálíty,tichondrius,1827,rogue,subtlety,60,30,30
37892,Smkgpvp,stormrage,1823,rogue,subtlety,68,43,25
37893,Howton,kelthuzad,1822,rogue,subtlety,24,19,5
37894,Clern,emerald-dream,1818,rogue,subtlety,65,35,30
37895,Ðèãth,area-52,1818,rogue,subtlety,36,19,17
37896,Asoj,tichondrius,1817,rogue,subtlety,60,30,30
37897,Celèphaïs,tichondrius,1817,rogue,subtlety,63,30,33
37898,Okaylmao,tichondrius,1816,rogue,subtlety,68,39,29
37899,Ganknvanish,tichondrius,1814,rogue,subtlety,189,96,93
37900,Nightcloud,tichondrius,1813,rogue,subtlety,74,42,32
37901,Votekanye,bleeding-hollow,1812,rogue,subtlety,36,28,8
37902,Zerogh,tichondrius,1811,rogue,subtlety,129,75,54
37903,Ideology,azgalor,1811,rogue,subtlety,52,26,26
37904,Sasugay,sargeras,1809,rogue,subtlety,98,61,37
37905,Bigpump,lothar,1809,rogue,subtlety,60,33,27
37906,Bruítzy,barthilas,1809,rogue,subtlety,156,82,74
37907,Kellenx,moon-guard,1809,rogue,subtlety,139,71,68
37908,Díor,azralon,1807,rogue,subtlety,124,70,54
37909,Turtlespeed,thrall,1803,rogue,subtlety,123,74,49
37910,ßaltø,bleeding-hollow,1799,rogue,subtlety,42,19,23
37911,Yunggodmalik,whisperwind,1799,rogue,subtlety,48,19,29
37912,Scuffedsr,tichondrius,1792,rogue,subtlety,48,25,23
37913,Airi,darkspear,1791,rogue,subtlety,85,44,41
37914,Wazowskiy,tichondrius,1788,rogue,subtlety,151,71,80
37915,Dvin,stormrage,1770,rogue,subtlety,54,30,24
37916,Gyokkó,sargeras,1770,rogue,subtlety,36,20,16
37917,Gnover,ragnaros,1769,rogue,subtlety,234,136,98
37918,Tyrrantxo,agamaggan,1764,rogue,subtlety,58,32,26
37919,Greyyfox,illidan,1754,rogue,subtlety,69,33,36
37920,Beanlord,spinebreaker,1751,rogue,subtlety,81,47,34
37921,ßuu,sargeras,1749,rogue,subtlety,36,21,15
37922,Aaronjlol,tichondrius,1747,rogue,subtlety,36,23,13
37923,Siyeong,tichondrius,1747,rogue,subtlety,84,53,31
37924,Trc,illidan,1746,rogue,subtlety,50,28,22
37925,Dysxliec,dalaran,1746,rogue,subtlety,117,60,57
37926,Lxw,frostmourne,1739,rogue,subtlety,61,29,32
37927,Stabem,moon-guard,1735,rogue,subtlety,99,55,44
37928,Assassìn,moon-guard,1729,rogue,subtlety,193,104,89
37929,Baeruto,thunderlord,1726,rogue,subtlety,24,18,6
37930,Bezeta,azralon,1724,rogue,subtlety,263,143,120
37931,Incoherentz,frostmourne,1713,rogue,subtlety,36,21,15
37932,Saprìse,darkspear,1710,rogue,subtlety,72,44,28
37933,Pxb,sargeras,1705,rogue,subtlety,88,40,48
37934,Poizzon,emerald-dream,1704,rogue,subtlety,85,46,39
37935,Majk,eldrethalas,1703,rogue,subtlety,76,37,39
37936,Esmeraldas,frostmourne,1701,rogue,subtlety,47,27,20
37937,Yesua,ragnaros,1701,rogue,subtlety,241,123,118
37938,Yoskit,tichondrius,1700,rogue,subtlety,36,21,15
37939,Axtually,proudmoore,1697,rogue,subtlety,120,65,55
37940,Whoox,khazgoroth,1695,rogue,subtlety,42,29,13
37941,Xiaozhi,tichondrius,1692,rogue,subtlety,52,26,26
37942,Kyubïx,ragnaros,1691,rogue,subtlety,108,66,42
37943,Roguetrix,stormrage,1685,rogue,subtlety,161,80,81
37944,Decóm,zuljin,1684,rogue,subtlety,34,19,15
37945,Bobsaget,kiljaeden,1684,rogue,subtlety,94,48,46
37946,Cut,ragnaros,1672,rogue,subtlety,136,72,64
37947,Eekz,sargeras,1668,rogue,subtlety,221,115,106
37948,Jaos,tichondrius,1667,rogue,subtlety,42,22,20
37949,Skitsöu,tichondrius,1665,rogue,subtlety,42,23,19
37950,Vanishcdc,area-52,1664,rogue,subtlety,48,29,19
37951,Themosk,malganis,1656,rogue,subtlety,42,21,21
37952,Camlaw,area-52,1655,rogue,subtlety,90,52,38
37953,Zeiss,tichondrius,1652,rogue,subtlety,48,24,24
37954,Incognitony,proudmoore,1651,rogue,subtlety,39,21,18
37955,Eekz,illidan,1650,rogue,subtlety,280,155,125
37956,Shankntwist,malganis,1648,rogue,subtlety,30,20,10
37957,Blakezilla,tichondrius,1648,rogue,subtlety,48,29,19
37958,Zipperx,tichondrius,1641,rogue,subtlety,65,34,31
37959,Steef,arygos,1636,rogue,subtlety,92,54,38
37960,Îzu,ysera,1636,rogue,subtlety,63,36,27
37961,Tmskitsou,tichondrius,1634,rogue,subtlety,34,20,14
37962,Furt,frostmourne,1633,rogue,subtlety,44,25,19
37963,Nicoaa,tichondrius,1631,rogue,subtlety,194,99,95
37964,Garrotte,tichondrius,1631,rogue,subtlety,140,67,73
37965,Frusciante,nemesis,1630,rogue,subtlety,90,52,38
37966,Haiev,tichondrius,1630,rogue,subtlety,72,36,36
37967,Antos,tichondrius,1628,rogue,subtlety,24,17,7
37968,Shreddér,tichondrius,1628,rogue,subtlety,41,20,21
37969,Gotto,icecrown,1623,rogue,subtlety,47,24,23
37970,Gptcodeplay,tichondrius,1622,rogue,subtlety,36,25,11
37971,Cuizhudi,tichondrius,1620,rogue,subtlety,50,31,19
37972,Bruitzygg,barthilas,1619,rogue,subtlety,44,20,24
37973,Klawz,norgannon,1618,rogue,subtlety,53,32,21
37974,Onîkudaki,sargeras,1615,rogue,subtlety,42,17,25
37975,Preceptor,azralon,1614,rogue,subtlety,86,44,42
37976,Frez,amanthul,1611,rogue,subtlety,30,20,10
37977,Vellexsis,sargeras,1611,rogue,subtlety,43,21,22
37978,Ozzinton,kelthuzad,1609,rogue,subtlety,30,17,13
37979,Lululee,tichondrius,1609,rogue,subtlety,57,25,32
37980,Piscís,sargeras,1606,rogue,subtlety,60,31,29
37981,Skoalr,thrall,1604,rogue,subtlety,64,43,21
37982,Taidath,area-52,1603,rogue,subtlety,42,20,22
37983,Runakó,kelthuzad,1603,rogue,subtlety,48,21,27
37984,Notty,kelthuzad,1601,rogue,subtlety,48,30,18
37985,Techie,frostmane,1600,rogue,subtlety,68,38,30
37986,Hayzarc,malfurion,1598,rogue,subtlety,42,21,21
37987,Kalvish,dalaran,1597,rogue,subtlety,29,17,12
37988,Vyrenn,destromath,1597,rogue,subtlety,103,50,53
37989,Fancen,drakthul,1596,rogue,subtlety,36,22,14
37990,Mtvcribs,emerald-dream,1596,rogue,subtlety,37,22,15
37991,Neonjk,ragnaros,1591,rogue,subtlety,42,24,18
37992,Unshut,tichondrius,1588,rogue,subtlety,30,19,11
37993,Wowamaze,aegwynn,1587,rogue,subtlety,88,49,39
37994,Revelationzz,turalyon,1586,rogue,subtlety,103,54,49
37995,Cahlee,sargeras,1582,rogue,subtlety,147,70,77
37996,Zefeckz,tichondrius,1579,rogue,subtlety,54,27,27
37997,Tarny,illidan,1579,rogue,subtlety,58,25,33
37998,Plado,tichondrius,1577,rogue,subtlety,65,37,28
37999,Jibdorf,destromath,1571,rogue,subtlety,60,38,22
38000,Broddz,sargeras,1570,rogue,subtlety,42,26,16
38001,Yurasick,lightbringer,1568,rogue,subtlety,36,20,16
38002,Chitovera,tichondrius,1566,rogue,subtlety,30,19,11
38003,Overdríver,emerald-dream,1566,rogue,subtlety,36,17,19
38004,Mirâge,illidan,1564,rogue,subtlety,90,48,42
38005,Trizin,frostmourne,1563,rogue,subtlety,84,45,39
38006,Acid,warsong,1555,rogue,subtlety,36,23,13
38007,Grelinho,stormrage,1554,rogue,subtlety,66,26,40
38008,Spookyboogie,aegwynn,1548,rogue,subtlety,30,18,12
38009,Kinbaal,bleeding-hollow,1544,rogue,subtlety,42,26,16
38010,Sandorroguee,stormrage,1544,rogue,subtlety,36,18,18
38011,Danielsylerr,drakkari,1543,rogue,subtlety,42,18,24
38012,Bombman,tichondrius,1541,rogue,subtlety,107,51,56
38013,Prrey,hydraxis,1539,rogue,subtlety,73,31,42
38014,Dogpaws,moon-guard,1537,rogue,subtlety,34,22,12
38015,Aman,frostmourne,1537,rogue,subtlety,29,17,12
38016,Mayhemghost,rexxar,1535,rogue,subtlety,72,40,32
38017,Mitsurí,sargeras,1534,rogue,subtlety,24,16,8
38018,Eviscerator,moon-guard,1532,rogue,subtlety,107,48,59
38019,Fela,crushridge,1531,rogue,subtlety,138,70,68
38020,Rosoma,kelthuzad,1530,rogue,subtlety,40,23,17
38021,Lxke,stormrage,1527,rogue,subtlety,24,16,8
38022,Vavnmusic,illidan,1526,rogue,subtlety,42,26,16
38023,ßeep,windrunner,1525,rogue,subtlety,48,24,24
38024,Axerax,draka,1525,rogue,subtlety,42,21,21
38025,Dissociated,stormrage,1523,rogue,subtlety,47,17,30
38026,Lilshanker,tichondrius,1516,rogue,subtlety,62,30,32
38027,Kainm,stormrage,1515,rogue,subtlety,260,136,124
38028,Feinting,moon-guard,1514,rogue,subtlety,24,16,8
38029,Killmebaby,lightnings-blade,1514,rogue,subtlety,54,29,25
38030,Whoô,khazgoroth,1514,rogue,subtlety,36,19,17
38031,Threeplates,silvermoon,1512,rogue,subtlety,69,37,32
38032,Greasybbsea,illidan,1511,rogue,subtlety,126,63,63
38033,Bugser,tichondrius,1509,rogue,subtlety,84,46,38
38034,Brangs,ragnaros,1505,rogue,subtlety,48,27,21
38035,Illmatíc,kelthuzad,1502,rogue,subtlety,29,16,13
38036,Cerut,illidan,1499,rogue,subtlety,46,24,22
38037,Galaxybrain,icecrown,1498,rogue,subtlety,120,76,44
38038,Huskyi,dalaran,1498,rogue,subtlety,60,30,30
38039,Åer,dalaran,1497,rogue,subtlety,111,56,55
38040,Sit,frostwolf,1492,rogue,subtlety,70,39,31
38041,Linkzq,frostmourne,1492,rogue,subtlety,41,17,24
38042,Slap,icecrown,1491,rogue,subtlety,42,17,25
38043,Delphyax,azralon,1489,rogue,subtlety,30,16,14
38044,Rufian,ursin,1489,rogue,subtlety,54,28,26
38045,Kazzo,tichondrius,1488,rogue,subtlety,24,18,6
38046,Luradfate,dalaran,1486,rogue,subtlety,275,143,132
38047,Swanl,stormrage,1483,rogue,subtlety,71,39,32
38048,Saraelith,moon-guard,1480,rogue,subtlety,51,29,22
38049,Tigerinu,stormreaver,1479,rogue,subtlety,37,21,16
38050,Clownboots,tichondrius,1479,rogue,subtlety,127,60,67
38051,Jinglez,frostmourne,1478,rogue,subtlety,36,22,14
38052,Lurios,rivendare,1475,rogue,subtlety,82,42,40
38053,Eridian,tichondrius,1475,rogue,subtlety,109,54,55
38054,Mosedz,tichondrius,1474,rogue,subtlety,48,28,20
38055,Pince,black-dragonflight,1470,rogue,subtlety,39,22,17
38056,Kaliasteddin,area-52,1467,rogue,subtlety,80,40,40
38057,Saltymann,bleeding-hollow,1467,rogue,subtlety,36,17,19
38058,Tulis,frostmourne,1462,rogue,subtlety,164,96,68
38059,Oldgate,azralon,1462,rogue,subtlety,41,23,18
38060,Stankyx,bleeding-hollow,1460,rogue,subtlety,66,37,29
38061,Vigílant,proudmoore,1460,rogue,subtlety,84,41,43
38062,Toxsith,tichondrius,1459,rogue,subtlety,74,43,31
38063,Aghanaar,burning-legion,1458,rogue,subtlety,50,23,27
38064,Scenna,stormrage,1457,rogue,subtlety,72,30,42
38065,Axiy,stormrage,1455,rogue,subtlety,59,32,27
38066,Vyll,stormrage,1452,rogue,subtlety,31,16,15
38067,Krolczz,tichondrius,1451,rogue,subtlety,42,29,13
38068,Gøblìn,tichondrius,1451,rogue,subtlety,75,29,46
38069,Ctrlfreak,hellscream,1450,rogue,subtlety,72,43,29
38070,Pichichi,frostmourne,1450,rogue,subtlety,57,34,23
38071,Murked,barthilas,1449,rogue,subtlety,54,31,23
38072,Trucidovaco,daggerspine,1449,rogue,subtlety,88,40,48
38073,Géminis,sargeras,1444,rogue,subtlety,30,17,13
38074,Rougething,bleeding-hollow,1443,rogue,subtlety,72,35,37
38075,Worrglaive,dalaran,1441,rogue,subtlety,122,64,58
38076,ßecomeðeath,tichondrius,1441,rogue,subtlety,36,18,18
38077,Dismayx,tichondrius,1438,rogue,subtlety,42,21,21
38078,Calebrogue,illidan,1436,rogue,subtlety,24,15,9
38079,Ricros,bleeding-hollow,1435,rogue,subtlety,43,20,23
38080,Errorless,moon-guard,1434,rogue,subtlety,60,29,31
38081,Queuethunder,blades-edge,1433,rogue,subtlety,18,15,3
38082,Smormu,bonechewer,1432,rogue,subtlety,36,17,19
38083,Epipenqt,dark-iron,1431,rogue,subtlety,42,26,16
38084,Hunchó,area-52,1431,rogue,subtlety,77,44,33
38085,Chãlons,tichondrius,1431,rogue,subtlety,84,42,42
38086,Brrant,tichondrius,1430,rogue,subtlety,24,15,9
38087,Weenies,illidan,1425,rogue,subtlety,47,24,23
38088,Vaith,wyrmrest-accord,1425,rogue,subtlety,60,29,31
38089,Twotimed,magtheridon,1424,rogue,subtlety,42,23,19
38090,Kibbs,korgath,1422,rogue,subtlety,60,30,30
38091,Pressuret,frostmourne,1420,rogue,subtlety,35,20,15
38092,Astroz,sargeras,1419,rogue,subtlety,30,15,15
38093,Tapwaterx,illidan,1419,rogue,subtlety,72,31,41
38094,Tolthe,hyjal,1418,rogue,subtlety,80,40,40
38095,Pikabuu,bleeding-hollow,1411,rogue,subtlety,69,30,39
38096,Fulkrem,wyrmrest-accord,1410,rogue,subtlety,74,34,40
38097,Usernameqtxo,kelthuzad,1405,rogue,subtlety,75,34,41
38098,Cv,proudmoore,1404,rogue,subtlety,42,23,19
38099,Kahlx,azralon,1404,rogue,subtlety,54,27,27
38100,Morriz,tichondrius,1403,rogue,subtlety,42,27,15
38101,Quinity,wyrmrest-accord,1401,rogue,subtlety,186,94,92
38102,Swiftdeaths,queldorei,1400,rogue,subtlety,58,27,31
38103,Klâng,tichondrius,1399,rogue,subtlety,124,60,64
38104,Arakine,uldaman,1398,rogue,subtlety,38,27,11
38105,Hakuchi,tichondrius,1396,rogue,subtlety,31,15,16
38106,Seaki,illidan,1395,rogue,subtlety,23,15,8
38107,Lilplato,area-52,1395,rogue,subtlety,24,15,9
38108,Neilyo,barthilas,1395,rogue,subtlety,36,18,18
38109,Yanh,tichondrius,1395,rogue,subtlety,36,16,20
38110,Abacura,moon-guard,1392,rogue,subtlety,106,58,48
38111,Greasymarheo,area-52,1392,rogue,subtlety,48,20,28
38112,Speedboi,skullcrusher,1391,rogue,subtlety,110,65,45
38113,Xleo,drakkari,1390,rogue,subtlety,179,87,92
38114,Bakedpotato,garithos,1390,rogue,subtlety,48,23,25
38115,Fofree,hyjal,1389,rogue,subtlety,76,41,35
38116,Odelöt,drakkari,1387,rogue,subtlety,108,59,49
38117,Neuschurke,warsong,1386,rogue,subtlety,42,23,19
38118,Sgtbuttfat,dalaran,1385,rogue,subtlety,41,20,21
38119,Amonn,arthas,1385,rogue,subtlety,36,17,19
38120,Saintt,khaz-modan,1384,rogue,subtlety,24,16,8
38121,Najohn,tichondrius,1384,rogue,subtlety,42,20,22
38122,Secrettecbot,barthilas,1383,rogue,subtlety,36,20,16
38123,Denoms,area-52,1381,rogue,subtlety,42,18,24
38124,Søprøle,ragnaros,1380,rogue,subtlety,98,57,41
38125,Rigotak,illidan,1380,rogue,subtlety,65,31,34
38126,Vanvanlords,azralon,1379,rogue,subtlety,78,34,44
38127,Ojibwe,tichondrius,1373,rogue,subtlety,28,15,13
38128,Kolander,tichondrius,1373,rogue,subtlety,58,29,29
38129,Lagault,muradin,1369,rogue,subtlety,84,49,35
38130,Grinjuk,area-52,1365,rogue,subtlety,29,16,13
38131,Ironfistofcn,tichondrius,1364,rogue,subtlety,60,32,28
38132,Superharry,tichondrius,1363,rogue,subtlety,54,27,27
38133,Sapyalater,thrall,1361,rogue,subtlety,192,98,94
38134,Fkrueger,thrall,1358,rogue,subtlety,52,26,26
38135,Raymga,tichondrius,1355,rogue,subtlety,48,29,19
38136,Emrogr,tichondrius,1354,rogue,subtlety,78,42,36
38137,Woollord,frostmourne,1350,rogue,subtlety,30,16,14
38138,Narcoleptic,dalaran,1346,rogue,subtlety,84,40,44
38139,Deadguys,tichondrius,1344,rogue,subtlety,54,25,29
38140,Stunz,mugthol,1343,rogue,subtlety,27,17,10
38141,Leftyleaf,proudmoore,1343,rogue,subtlety,24,15,9
38142,Jujudaddy,sargeras,1343,rogue,subtlety,36,20,16
38143,Humphugull,skullcrusher,1343,rogue,subtlety,41,15,26
38144,Corrier,tichondrius,1340,rogue,subtlety,24,14,10
38145,Harlyfknquin,jubeithos,1340,rogue,subtlety,82,44,38
38146,Lyfallah,proudmoore,1338,rogue,subtlety,121,66,55
38147,Spacebase,illidan,1337,rogue,subtlety,24,14,10
38148,Nines,icecrown,1336,rogue,subtlety,30,14,16
38149,Stealthyxd,arthas,1336,rogue,subtlety,42,14,28
38150,Mesqeets,kelthuzad,1331,rogue,subtlety,24,14,10
38151,Saltypwncake,illidan,1331,rogue,subtlety,30,14,16
38152,Loquen,ragnaros,1330,rogue,subtlety,54,28,26
38153,Jawnrogue,tichondrius,1328,rogue,subtlety,18,14,4
38154,Zaszune,stormrage,1328,rogue,subtlety,24,14,10
38155,Genève,dreadmaul,1327,rogue,subtlety,24,14,10
38156,Dustt,stormrage,1322,rogue,subtlety,30,21,9
38157,Gankolicious,nerzhul,1317,rogue,subtlety,18,14,4
38158,Täy,thrall,1316,rogue,subtlety,89,45,44
38159,Tamsy,the-forgotten-coast,1315,rogue,subtlety,21,15,6
38160,Lozion,malganis,1315,rogue,subtlety,42,17,25
38161,Pleodonis,tichondrius,1314,rogue,subtlety,59,27,32
38162,Shilaya,dreadmaul,1311,rogue,subtlety,36,14,22
38163,Leprocy,tichondrius,1309,rogue,subtlety,22,15,7
38164,Pegglerogue,fizzcrank,1309,rogue,subtlety,142,68,74
38165,Noxik,blackrock,1307,rogue,subtlety,46,27,19
38166,Stêf,zuljin,1306,rogue,subtlety,67,42,25
38167,Suhwooh,area-52,1306,rogue,subtlety,37,20,17
38168,Clayton,frostmourne,1306,rogue,subtlety,40,19,21
38169,Faxingberlin,skullcrusher,1306,rogue,subtlety,36,15,21
38170,Lisnp,tichondrius,1304,rogue,subtlety,206,98,108
38171,Khorgan,mugthol,1301,rogue,subtlety,36,18,18
38172,Pocketman,barthilas,1299,rogue,subtlety,59,24,35
38173,Guiguzidr,illidan,1297,rogue,subtlety,94,52,42
38174,Flockavelli,zuljin,1296,rogue,subtlety,79,39,40
38175,Turec,illidan,1290,rogue,subtlety,29,14,15
38176,Orangez,malfurion,1289,rogue,subtlety,36,21,15
38177,Insanctus,malganis,1287,rogue,subtlety,23,14,9
38178,Oatmealcrisp,thrall,1284,rogue,subtlety,36,21,15
38179,Riggz,burning-blade,1284,rogue,subtlety,62,31,31
38180,Lefteex,tichondrius,1282,rogue,subtlety,80,43,37
38181,Liryth,lightninghoof,1281,rogue,subtlety,51,29,22
38182,Ikmagine,icecrown,1281,rogue,subtlety,42,17,25
38183,Thugspice,stormrage,1279,rogue,subtlety,53,26,27
38184,Shellby,tichondrius,1277,rogue,subtlety,92,49,43
38185,Sapùwú,stormrage,1277,rogue,subtlety,106,53,53
38186,Hypermix,tichondrius,1277,rogue,subtlety,30,15,15
38187,Termkilledu,moon-guard,1276,rogue,subtlety,54,31,23
38188,Ikerz,tichondrius,1272,rogue,subtlety,27,14,13
38189,Shigoo,sargeras,1271,rogue,subtlety,35,15,20
38190,Nooz,thrall,1270,rogue,subtlety,83,46,37
38191,Dionavelynn,area-52,1267,rogue,subtlety,42,19,23
38192,Pargo,quelthalas,1266,rogue,subtlety,67,30,37
38193,Hollfex,nemesis,1265,rogue,subtlety,44,22,22
38194,Darkìs,tichondrius,1265,rogue,subtlety,30,14,16
38195,Hiarolson,stormrage,1263,rogue,subtlety,39,20,19
38196,Kawagreen,tichondrius,1260,rogue,subtlety,51,27,24
38197,Gothblade,malganis,1258,rogue,subtlety,30,15,15
38198,Xoltin,tichondrius,1258,rogue,subtlety,80,36,44
38199,Mcromance,khadgar,1253,rogue,subtlety,57,25,32
38200,Arbitér,moonrunner,1250,rogue,subtlety,64,25,39
38201,Lilstab,hakkar,1249,rogue,subtlety,116,58,58
38202,Tmpikaboo,tichondrius,1248,rogue,subtlety,18,13,5
38203,Notxerian,stormrage,1246,rogue,subtlety,18,13,5
38204,Mirajoo,tichondrius,1245,rogue,subtlety,88,42,46
38205,Mylovejunex,tichondrius,1244,rogue,subtlety,18,13,5
38206,Damrat,tichondrius,1244,rogue,subtlety,24,13,11
38207,Endlesswaltz,zuljin,1243,rogue,subtlety,30,13,17
38208,Towncar,kelthuzad,1242,rogue,subtlety,24,13,11
38209,Ateabug,wyrmrest-accord,1241,rogue,subtlety,24,13,11
38210,Quickxsilver,tichondrius,1240,rogue,subtlety,72,33,39
38211,Vlone,icecrown,1240,rogue,subtlety,30,13,17
38212,Bríng,illidan,1238,rogue,subtlety,29,18,11
38213,Miraclesap,stormrage,1238,rogue,subtlety,130,76,54
38214,Stealthkid,tichondrius,1237,rogue,subtlety,24,13,11
38215,Mistnazgul,quelthalas,1236,rogue,subtlety,94,53,41
38216,Variat,azralon,1235,rogue,subtlety,54,25,29
38217,Rykojin,dalaran,1234,rogue,subtlety,42,25,17
38218,Pinksleep,sargeras,1234,rogue,subtlety,54,22,32
38219,Oddblade,stormrage,1232,rogue,subtlety,24,14,10
38220,Poolover,barthilas,1232,rogue,subtlety,24,13,11
38221,Esker,dragonmaw,1230,rogue,subtlety,60,32,28
38222,Rezy,lightbringer,1226,rogue,subtlety,36,13,23
38223,Hattrìck,area-52,1224,rogue,subtlety,56,28,28
38224,Frèyjä,bleeding-hollow,1220,rogue,subtlety,102,52,50
38225,Bloodraina,hyjal,1220,rogue,subtlety,115,53,62
38226,Drsinz,tichondrius,1217,rogue,subtlety,67,28,39
38227,Trâshy,stormrage,1215,rogue,subtlety,25,14,11
38228,Stanley,mugthol,1212,rogue,subtlety,24,13,11
38229,Suñg,tichondrius,1211,rogue,subtlety,30,14,16
38230,Dessenia,illidan,1208,rogue,subtlety,79,47,32
38231,Draculà,wyrmrest-accord,1206,rogue,subtlety,87,48,39
38232,Toestumper,sargeras,1204,rogue,subtlety,37,15,22
38233,Maløkeirø,stormrage,1202,rogue,subtlety,67,29,38
38234,Kylerxius,korgath,1192,rogue,subtlety,36,21,15
38235,Glíz,bloodscalp,1192,rogue,subtlety,30,14,16
38236,Abatoire,wyrmrest-accord,1188,rogue,subtlety,51,25,26
38237,Elmabrox,quelthalas,1183,rogue,subtlety,45,20,25
38238,Roxeni,tichondrius,1181,rogue,subtlety,28,13,15
38239,Gatõ,quelthalas,1181,rogue,subtlety,60,24,36
38240,Eraticrogue,illidan,1178,rogue,subtlety,29,13,16
38241,Winze,scilla,1176,rogue,subtlety,66,39,27
38242,Writhes,sargeras,1169,rogue,subtlety,20,13,7
38243,Abogansterr,ragnaros,1169,rogue,subtlety,128,67,61
38244,Wokemeup,bleeding-hollow,1168,rogue,subtlety,30,15,15
38245,Poohpants,frostmourne,1168,rogue,subtlety,75,36,39
38246,Harkknight,sargeras,1167,rogue,subtlety,225,120,105
38247,Sabedoria,barthilas,1162,rogue,subtlety,84,43,41
38248,Ambushr,tichondrius,1161,rogue,subtlety,30,16,14
38249,Gyrfalcon,spirestone,1156,rogue,subtlety,154,72,82
38250,Paulpitation,blood-furnace,1155,rogue,subtlety,39,15,24
38251,Håkünämãtåtä,stormrage,1152,rogue,subtlety,18,12,6
38252,Bèstworld,dalaran,1152,rogue,subtlety,24,12,12
38253,Alrynik,stormrage,1150,rogue,subtlety,24,14,10
38254,Brendantko,arthas,1150,rogue,subtlety,24,12,12
38255,Chakal,illidan,1148,rogue,subtlety,18,12,6
38256,Itskanashi,frostmourne,1148,rogue,subtlety,81,36,45
38257,Dawkx,thrall,1147,rogue,subtlety,25,13,12
38258,Jalaroot,frostmourne,1146,rogue,subtlety,29,16,13
38259,Wowtheskill,illidan,1144,rogue,subtlety,24,12,12
38260,Kaminokage,barthilas,1144,rogue,subtlety,45,15,30
38261,Yesuz,illidan,1143,rogue,subtlety,34,19,15
38262,Oilydaimon,tichondrius,1143,rogue,subtlety,61,29,32
38263,Studders,kiljaeden,1143,rogue,subtlety,59,25,34
38264,Hattorikun,proudmoore,1142,rogue,subtlety,24,12,12
38265,Sahima,tichondrius,1142,rogue,subtlety,185,92,93
38266,Smokepipe,nerzhul,1139,rogue,subtlety,24,14,10
38267,Smashol,barthilas,1136,rogue,subtlety,54,23,31
38268,Salätzar,quelthalas,1135,rogue,subtlety,27,13,14
38269,Gank,jubeithos,1134,rogue,subtlety,24,12,12
38270,Zarkans,proudmoore,1133,rogue,subtlety,84,42,42
38271,Vuye,moon-guard,1131,rogue,subtlety,30,12,18
38272,Micromoon,windrunner,1131,rogue,subtlety,36,13,23
38273,Hayatö,ragnaros,1130,rogue,subtlety,42,25,17
38274,Vangroen,quelthalas,1129,rogue,subtlety,24,14,10
38275,Ninjadoo,tichondrius,1128,rogue,subtlety,18,12,6
38276,Ballflicker,malganis,1128,rogue,subtlety,30,12,18
38277,Meer,balnazzar,1125,rogue,subtlety,34,24,10
38278,Vanishman,ragnaros,1125,rogue,subtlety,30,15,15
38279,Doklim,spinebreaker,1122,rogue,subtlety,74,42,32
38280,Dtelkham,tichondrius,1122,rogue,subtlety,33,13,20
38281,Cutthroat,aegwynn,1121,rogue,subtlety,45,20,25
38282,Gougemebaby,emerald-dream,1115,rogue,subtlety,30,12,18
38283,Jeri,gundrak,1113,rogue,subtlety,30,17,13
38284,Oilyrock,tichondrius,1111,rogue,subtlety,54,27,27
38285,Mendiant,azralon,1111,rogue,subtlety,95,43,52
38286,Venace,agamaggan,1104,rogue,subtlety,23,12,11
38287,Rarkalth,azralon,1104,rogue,subtlety,47,18,29
38288,Jadier,emerald-dream,1103,rogue,subtlety,23,12,11
38289,Misthios,chogall,1101,rogue,subtlety,29,12,17
38290,Kilrogga,azshara,1100,rogue,subtlety,36,22,14
38291,Imgunnacrumb,malganis,1100,rogue,subtlety,173,83,90
38292,Aynrand,drakkari,1094,rogue,subtlety,45,16,29
38293,Prisonshank,arthas,1093,rogue,subtlety,61,36,25
38294,Shadownibba,illidan,1091,rogue,subtlety,48,26,22
38295,Noriel,dathremar,1085,rogue,subtlety,30,13,17
38296,Jaanmonty,frostmourne,1081,rogue,subtlety,24,12,12
38297,Vanicaa,quelthalas,1081,rogue,subtlety,30,14,16
38298,Drapezz,kelthuzad,1077,rogue,subtlety,35,18,17
38299,Hotcarl,kiljaeden,1077,rogue,subtlety,28,14,14
38300,Riskgo,frostwolf,1071,rogue,subtlety,24,12,12
38301,Lagula,ragnaros,1068,rogue,subtlety,17,12,5
38302,Hahaurblind,perenolde,1068,rogue,subtlety,28,12,16
38303,Fangskin,dunemaul,1063,rogue,subtlety,30,15,15
38304,Stelarstop,drakkari,1062,rogue,subtlety,36,12,24
38305,Sixcombopts,area-52,1056,rogue,subtlety,18,11,7
38306,Tootsio,tichondrius,1054,rogue,subtlety,18,11,7
38307,Laaggul,tichondrius,1054,rogue,subtlety,18,11,7
38308,Rabe,nagrand,1053,rogue,subtlety,24,11,13
38309,Ninetaildfox,arthas,1051,rogue,subtlety,18,11,7
38310,Xvds,tichondrius,1051,rogue,subtlety,24,11,13
38311,Boonee,frostmourne,1051,rogue,subtlety,24,11,13
38312,Wongski,darkspear,1050,rogue,subtlety,16,12,4
38313,Distract,quelthalas,1050,rogue,subtlety,18,11,7
38314,Corntens,area-52,1050,rogue,subtlety,20,11,9
38315,Négrá,ragnaros,1048,rogue,subtlety,18,11,7
38316,Nadari,cenarius,1048,rogue,subtlety,66,31,35
38317,Mermm,burning-blade,1048,rogue,subtlety,24,11,13
38318,Ðarkrøøxs,stormrage,1048,rogue,subtlety,24,11,13
38319,Waytoosext,tichondrius,1048,rogue,subtlety,24,11,13
38320,Trolladrão,goldrinn,1048,rogue,subtlety,24,11,13
38321,Autumnsedge,area-52,1048,rogue,subtlety,30,11,19
38322,Santyno,ragnaros,1047,rogue,subtlety,120,56,64
38323,Laotrec,nemesis,1045,rogue,subtlety,33,12,21
38324,Olg,arathor,1043,rogue,subtlety,71,36,35
38325,Hyperdexia,stormrage,1042,rogue,subtlety,88,47,41
38326,Lyliym,frostmourne,1041,rogue,subtlety,18,11,7
38327,Soulvex,barthilas,1040,rogue,subtlety,18,11,7
38328,Nihue,terenas,1040,rogue,subtlety,30,11,19
38329,Yunaka,grizzly-hills,1039,rogue,subtlety,54,18,36
38330,Allirra,ragnaros,1037,rogue,subtlety,30,19,11
38331,Abaløne,tichondrius,1037,rogue,subtlety,55,22,33
38332,Eryx,mugthol,1033,rogue,subtlety,18,11,7
38333,Relidria,thrall,1032,rogue,subtlety,36,22,14
38334,Kachimodo,illidan,1029,rogue,subtlety,48,23,25
38335,Arÿaa,azralon,1028,rogue,subtlety,24,11,13
38336,Lesliechow,sargeras,1026,rogue,subtlety,58,33,25
38337,Mcghanhain,aegwynn,1025,rogue,subtlety,30,13,17
38338,Drpepzi,tichondrius,1025,rogue,subtlety,75,27,48
38339,Topapple,mugthol,1021,rogue,subtlety,30,14,16
38340,Sneaknfizzle,dethecus,1020,rogue,subtlety,18,11,7
38341,Maewyn,aerie-peak,1019,rogue,subtlety,25,11,14
38342,Sneakyshots,emerald-dream,1017,rogue,subtlety,13,11,2
38343,Bimbogirl,dalaran,1015,rogue,subtlety,40,23,17
38344,Slackness,bleeding-hollow,1015,rogue,subtlety,61,35,26
38345,Fateapocryph,azralon,1014,rogue,subtlety,26,13,13
38346,Indivisible,thunderlord,1009,rogue,subtlety,30,13,17
38347,Korviz,area-52,1008,rogue,subtlety,60,30,30
38348,Bloodwish,tichondrius,1007,rogue,subtlety,23,11,12
38349,Ghost,shattered-halls,1006,rogue,subtlety,68,27,41
38350,Log,blackhand,1004,rogue,subtlety,36,18,18
38351,Onara,quelthalas,1003,rogue,subtlety,30,18,12
38352,Sxs,kiljaeden,1003,rogue,subtlety,29,12,17
38353,Sildin,sargeras,1002,rogue,subtlety,24,11,13
38354,Kidcudi,bonechewer,1000,rogue,subtlety,48,18,30
38355,Feragho,tichondrius,992,rogue,subtlety,34,11,23
38356,Sadtears,thrall,990,rogue,subtlety,16,11,5
38357,Bubblesr,whisperwind,980,rogue,subtlety,48,22,26
38358,Silentmoralz,tichondrius,969,rogue,subtlety,41,12,29
38359,Ascherx,veknilash,960,rogue,subtlety,12,10,2
38360,Geckø,sargeras,959,rogue,subtlety,12,10,2
38361,Geartrix,darkspear,959,rogue,subtlety,16,11,5
38362,Clerncc,emerald-dream,959,rogue,subtlety,18,10,8
38363,Spaca,kelthuzad,959,rogue,subtlety,18,10,8
38364,Eazyg,tichondrius,959,rogue,subtlety,18,10,8
38365,Caldø,tichondrius,958,rogue,subtlety,12,10,2
38366,Saulgoodz,tichondrius,958,rogue,subtlety,18,10,8
38367,Qq,doomhammer,958,rogue,subtlety,18,10,8
38368,Jannie,rexxar,958,rogue,subtlety,18,10,8
38369,Lucki,tichondrius,958,rogue,subtlety,18,10,8
38370,Aszombie,tichondrius,957,rogue,subtlety,12,10,2
38371,Stuntedscamp,bleeding-hollow,957,rogue,subtlety,24,10,14
38372,Rooke,draktharon,957,rogue,subtlety,24,10,14
38373,Reclusivexo,tichondrius,956,rogue,subtlety,24,10,14
38374,Johnnymayhem,kelthuzad,956,rogue,subtlety,24,10,14
38375,Merkules,dalaran,955,rogue,subtlety,16,11,5
38376,Înfêrnô,emerald-dream,955,rogue,subtlety,24,10,14
38377,Poogodx,proudmoore,954,rogue,subtlety,12,10,2
38378,Moufwash,sargeras,952,rogue,subtlety,24,10,14
38379,Uchihaputin,tichondrius,951,rogue,subtlety,24,10,14
38380,Arwy,stormrage,948,rogue,subtlety,19,11,8
38381,Wubbz,stormrage,947,rogue,subtlety,12,10,2
38382,Definitioni,area-52,945,rogue,subtlety,19,10,9
38383,Zelzaramor,ravenholdt,943,rogue,subtlety,30,10,20
38384,Relaxsingh,tichondrius,942,rogue,subtlety,30,10,20
38385,Toe,boulderfist,941,rogue,subtlety,33,15,18
38386,Iheyji,quelthalas,934,rogue,subtlety,18,10,8
38387,Trinktick,doomhammer,931,rogue,subtlety,30,10,20
38388,Timat,emerald-dream,924,rogue,subtlety,23,10,13
38389,Degrok,quelthalas,922,rogue,subtlety,47,24,23
38390,Swayo,tichondrius,920,rogue,subtlety,18,10,8
38391,Macsap,frostmourne,918,rogue,subtlety,30,10,20
38392,Larmx,tichondrius,906,rogue,subtlety,15,12,3
38393,Spleen,aerie-peak,906,rogue,subtlety,21,10,11
38394,Skallywagg,emerald-dream,902,rogue,subtlety,46,18,28
38395,Ninjamf,bleeding-hollow,894,rogue,subtlety,14,10,4
38396,Mhün,malganis,891,rogue,subtlety,22,10,12
38397,Undreas,kiljaeden,889,rogue,subtlety,340,165,175
38398,Zenshin,tichondrius,889,rogue,subtlety,31,10,21
38399,Chainsarogue,stormrage,864,rogue,subtlety,12,9,3
38400,Poonqtxo,frostmourne,864,rogue,subtlety,12,9,3
38401,Yodiegang,tichondrius,864,rogue,subtlety,12,9,3
38402,Scythix,firetree,864,rogue,subtlety,12,9,3
38403,Sitdownplz,darkspear,864,rogue,subtlety,15,10,5
38404,Tiladar,tichondrius,864,rogue,subtlety,18,9,9
38405,Adept,whisperwind,864,rogue,subtlety,18,9,9
38406,Ðankbud,barthilas,864,rogue,subtlety,21,10,11
38407,Corde,hyjal,863,rogue,subtlety,12,9,3
38408,Popss,whisperwind,863,rogue,subtlety,18,9,9
38409,Confianzudo,ragnaros,863,rogue,subtlety,42,18,24
38410,Illoo,frostmourne,863,rogue,subtlety,24,9,15
38411,Jexy,barthilas,863,rogue,subtlety,24,9,15
38412,Goopthicc,sargeras,863,rogue,subtlety,24,9,15
38413,Proddivus,stormrage,863,rogue,subtlety,30,9,21
38414,Hickery,frostmourne,862,rogue,subtlety,12,9,3
38415,Cosmicò,trollbane,861,rogue,subtlety,12,9,3
38416,Blitzree,thrall,861,rogue,subtlety,12,9,3
38417,Xandroesh,darkspear,861,rogue,subtlety,18,9,9
38418,Filid,frostmourne,861,rogue,subtlety,18,9,9
38419,Donnice,area-52,861,rogue,subtlety,18,9,9
38420,Lanres,stormrage,860,rogue,subtlety,12,9,3
38421,Biggisdiggis,tichondrius,860,rogue,subtlety,12,9,3
38422,Raqed,eredar,860,rogue,subtlety,24,9,15
38423,Larceny,emerald-dream,860,rogue,subtlety,24,9,15
38424,Overzz,azralon,859,rogue,subtlety,21,9,12
38425,Gannjalord,frostmane,858,rogue,subtlety,22,10,12
38426,Felistrien,wyrmrest-accord,858,rogue,subtlety,30,9,21
38427,Bubblesrr,whisperwind,857,rogue,subtlety,32,9,23
38428,Calvin,moon-guard,856,rogue,subtlety,18,9,9
38429,Jhors,tichondrius,856,rogue,subtlety,18,9,9
38430,Aitormenta,ragnaros,851,rogue,subtlety,12,9,3
38431,Dizzm,area-52,847,rogue,subtlety,12,9,3
38432,Aelnoor,ragnaros,846,rogue,subtlety,24,9,15
38433,Caveil,stormrage,845,rogue,subtlety,17,9,8
38434,Ayo,exodar,845,rogue,subtlety,18,9,9
38435,Cutindle,illidan,842,rogue,subtlety,18,9,9
38436,Brocolini,zuljin,841,rogue,subtlety,30,12,18
38437,Lemeeng,uldum,838,rogue,subtlety,30,12,18
38438,Samllnuts,area-52,837,rogue,subtlety,24,11,13
38439,Elßronkas,quelthalas,836,rogue,subtlety,48,21,27
38440,Zamji,tichondrius,834,rogue,subtlety,20,9,11
38441,Yellowdeep,tichondrius,831,rogue,subtlety,14,10,4
38442,Alexon,wyrmrest-accord,828,rogue,subtlety,84,35,49
38443,Eversincee,illidan,814,rogue,subtlety,15,9,6
38444,Hmmkek,frostmourne,813,rogue,subtlety,17,9,8
38445,Vandalyze,sargeras,805,rogue,subtlety,19,10,9
38446,Zaghat,ragnaros,799,rogue,subtlety,22,9,13
38447,Mercaderps,frostmourne,798,rogue,subtlety,33,9,24
38448,Trillkage,tichondrius,797,rogue,subtlety,26,9,17
38449,Zelthy,frostmourne,790,rogue,subtlety,17,9,8
38450,Redtvco,blackrock,789,rogue,subtlety,17,9,8
38451,Fearnomore,destromath,773,rogue,subtlety,84,29,55
38452,Commodore,arthas,768,rogue,subtlety,12,8,4
38453,Czd,frostmourne,768,rogue,subtlety,12,8,4
38454,Nicørøbin,tichondrius,768,rogue,subtlety,12,8,4
38455,Lesty,kelthuzad,768,rogue,subtlety,12,8,4
38456,Originalfake,sargeras,768,rogue,subtlety,12,8,4
38457,Wîzz,bleeding-hollow,768,rogue,subtlety,12,8,4
38458,Astutý,illidan,768,rogue,subtlety,12,8,4
38459,Whispx,malganis,768,rogue,subtlety,12,8,4
38460,Köfy,quelthalas,768,rogue,subtlety,17,8,9
38461,Nlynn,veknilash,768,rogue,subtlety,18,8,10
38462,Heegawn,proudmoore,768,rogue,subtlety,18,8,10
38463,Wowcode,tichondrius,768,rogue,subtlety,18,8,10
38464,Bungou,tichondrius,768,rogue,subtlety,18,8,10
38465,Swippz,tichondrius,768,rogue,subtlety,24,8,16
38466,Getfkdkid,tichondrius,768,rogue,subtlety,24,8,16
38467,Dezly,tichondrius,768,rogue,subtlety,30,8,22
38468,Pãx,stormrage,767,rogue,subtlety,12,8,4
38469,Jamo,kiljaeden,767,rogue,subtlety,12,8,4
38470,Kiingspade,tichondrius,767,rogue,subtlety,12,8,4
38471,Assasinww,sargeras,767,rogue,subtlety,12,8,4
38472,Gankbang,mugthol,767,rogue,subtlety,12,8,4
38473,Fence,moon-guard,767,rogue,subtlety,18,8,10
38474,Aleh,exodar,767,rogue,subtlety,18,8,10
38475,Ilesire,frostmourne,767,rogue,subtlety,18,8,10
38476,Antmang,bleeding-hollow,767,rogue,subtlety,18,8,10
38477,Candren,area-52,767,rogue,subtlety,18,8,10
38478,Nítzy,quelthalas,767,rogue,subtlety,24,8,16
38479,Oío,ragnaros,766,rogue,subtlety,12,8,4
38480,Gloòm,stormrage,766,rogue,subtlety,12,8,4
38481,Zapstr,bleeding-hollow,766,rogue,subtlety,12,8,4
38482,Chancelör,illidan,766,rogue,subtlety,12,8,4
38483,Razmir,malfurion,766,rogue,subtlety,18,8,10
38484,Terpsaucey,tichondrius,766,rogue,subtlety,18,8,10
38485,Ntshaav,illidan,766,rogue,subtlety,18,8,10
38486,Glatzkaus,shattered-hand,765,rogue,subtlety,18,8,10
38487,Kody,dalaran,765,rogue,subtlety,21,9,12
38488,Yato,mugthol,764,rogue,subtlety,12,8,4
38489,Subtlepuddle,bleeding-hollow,764,rogue,subtlety,24,8,16
38490,ßackshots,kelthuzad,763,rogue,subtlety,18,8,10
38491,Vexyz,tichondrius,763,rogue,subtlety,18,8,10
38492,Wolfmans,trollbane,762,rogue,subtlety,12,8,4
38493,Defaces,illidan,762,rogue,subtlety,12,8,4
38494,Shivlightnin,tichondrius,762,rogue,subtlety,24,8,16
38495,Deathben,tichondrius,761,rogue,subtlety,30,8,22
38496,Mhasto,azralon,759,rogue,subtlety,18,8,10
38497,Kerimoynihan,barthilas,757,rogue,subtlety,28,11,17
38498,Nijanari,wyrmrest-accord,754,rogue,subtlety,24,8,16
38499,Nuff,emerald-dream,736,rogue,subtlety,16,8,8
38500,Stunjunky,area-52,733,rogue,subtlety,17,8,9
38501,Bladefang,quelthalas,732,rogue,subtlety,17,10,7
38502,Tyroshiv,area-52,732,rogue,subtlety,24,9,15
38503,Lerosi,malganis,718,rogue,subtlety,75,21,54
38504,Papiplunders,sargeras,687,rogue,subtlety,13,8,5
38505,Saraku,barthilas,672,rogue,subtlety,12,7,5
38506,Bobfoonk,tichondrius,672,rogue,subtlety,12,7,5
38507,Smang,mugthol,672,rogue,subtlety,12,7,5
38508,Joeyzord,stormrage,672,rogue,subtlety,12,7,5
38509,Frooty,stormrage,672,rogue,subtlety,12,7,5
38510,Darkstár,bladefist,672,rogue,subtlety,12,7,5
38511,Coughsyrup,sargeras,672,rogue,subtlety,12,7,5
38512,Syxs,sargeras,672,rogue,subtlety,12,7,5
38513,Flaremagnet,whisperwind,672,rogue,subtlety,12,7,5
38514,Wimpz,hyjal,672,rogue,subtlety,12,7,5
38515,Seshtime,tichondrius,672,rogue,subtlety,12,7,5
38516,Bloodyhairy,area-52,672,rogue,subtlety,12,7,5
38517,Àsgà,area-52,672,rogue,subtlety,12,7,5
38518,Adhd,ravencrest,672,rogue,subtlety,12,7,5
38519,Feyahni,wyrmrest-accord,672,rogue,subtlety,12,7,5
38520,Hokeypoke,garona,672,rogue,subtlety,12,7,5
38521,Yangsol,stormrage,672,rogue,subtlety,12,7,5
38522,Clicksbtns,area-52,672,rogue,subtlety,18,7,11
38523,Spytes,kiljaeden,672,rogue,subtlety,18,7,11
38524,Memoríst,frostmourne,672,rogue,subtlety,18,7,11
38525,Niwbor,azralon,672,rogue,subtlety,24,7,17
38526,Tekrul,area-52,672,rogue,subtlety,30,7,23
38527,Christiaan,area-52,671,rogue,subtlety,12,7,5
38528,Yurkarogue,tichondrius,671,rogue,subtlety,12,7,5
38529,Bloodylegend,altar-of-storms,671,rogue,subtlety,12,7,5
38530,Liquidmojo,tichondrius,671,rogue,subtlety,12,7,5
38531,Kidkillz,tichondrius,671,rogue,subtlety,12,7,5
38532,Weckful,kelthuzad,671,rogue,subtlety,12,7,5
38533,Shadowoog,tichondrius,671,rogue,subtlety,12,7,5
38534,Cutx,frostmourne,671,rogue,subtlety,12,7,5
38535,Zetkx,tichondrius,671,rogue,subtlety,12,7,5
38536,Keepitshadow,frostmourne,671,rogue,subtlety,12,7,5
38537,Xemnxnt,stormrage,671,rogue,subtlety,12,7,5
38538,Energetìc,stormrage,671,rogue,subtlety,12,7,5
38539,Sapzz,tichondrius,671,rogue,subtlety,18,7,11
38540,Beretta,nemesis,671,rogue,subtlety,18,7,11
38541,Brilliance,skywall,671,rogue,subtlety,18,7,11
38542,Calimari,frostmourne,671,rogue,subtlety,18,7,11
38543,Nezumikami,malganis,671,rogue,subtlety,18,7,11
38544,Vex,durotan,671,rogue,subtlety,24,7,17
38545,Taroo,ragnaros,670,rogue,subtlety,12,7,5
38546,Jdmg,azralon,670,rogue,subtlety,12,7,5
38547,Takamoto,windrunner,670,rogue,subtlety,18,7,11
38548,Burningfury,arthas,670,rogue,subtlety,18,7,11
38549,Bõjack,stormrage,669,rogue,subtlety,18,7,11
38550,Anteccessor,tichondrius,669,rogue,subtlety,18,7,11
38551,Jagó,malganis,667,rogue,subtlety,12,7,5
38552,Witherblade,area-52,667,rogue,subtlety,12,7,5
38553,Chompycat,tichondrius,667,rogue,subtlety,18,7,11
38554,Srmazakre,ragnaros,667,rogue,subtlety,18,7,11
38555,Zapersapp,malygos,666,rogue,subtlety,24,7,17
38556,Dogedealer,ragnaros,665,rogue,subtlety,12,7,5
38557,Carpe,barthilas,618,rogue,subtlety,24,8,16
38558,Namig,cenarion-circle,608,rogue,subtlety,10,7,3
38559,Donçorleone,stormrage,576,rogue,subtlety,6,6,0
38560,Manersi,akama,576,rogue,subtlety,6,6,0
38561,Deadshank,bleeding-hollow,576,rogue,subtlety,6,6,0
38562,Homarx,quelthalas,576,rogue,subtlety,10,7,3
38563,Topfloorboss,illidan,576,rogue,subtlety,12,6,6
38564,Tmpikaboo,mugthol,576,rogue,subtlety,12,6,6
38565,Xedi,illidan,576,rogue,subtlety,12,6,6
38566,Shadxr,tichondrius,576,rogue,subtlety,12,6,6
38567,Ãnimefãnx,moon-guard,576,rogue,subtlety,12,6,6
38568,Pokekek,stormrage,576,rogue,subtlety,12,6,6
38569,Alts,tichondrius,576,rogue,subtlety,12,6,6
38570,Unholydood,bonechewer,576,rogue,subtlety,12,6,6
38571,Lunatixz,emerald-dream,576,rogue,subtlety,12,6,6
38572,Lymon,azralon,576,rogue,subtlety,12,6,6
38573,Littlescrub,frostmourne,576,rogue,subtlety,12,6,6
38574,Hykoo,tichondrius,576,rogue,subtlety,12,6,6
38575,Nemoye,tichondrius,576,rogue,subtlety,12,6,6
38576,Revila,bleeding-hollow,576,rogue,subtlety,12,6,6
38577,Avelmire,sargeras,576,rogue,subtlety,12,6,6
38578,Dërpt,tichondrius,576,rogue,subtlety,12,6,6
38579,Fkq,emerald-dream,576,rogue,subtlety,12,6,6
38580,Fystrong,kelthuzad,576,rogue,subtlety,12,6,6
38581,Draiygo,nerzhul,576,rogue,subtlety,12,6,6
38582,Palumor,deathwing,576,rogue,subtlety,12,6,6
38583,Învîsîßull,illidan,576,rogue,subtlety,12,6,6
38584,Elwynë,tichondrius,576,rogue,subtlety,12,6,6
38585,Sivni,tichondrius,576,rogue,subtlety,12,6,6
38586,Pamaaj,sargeras,576,rogue,subtlety,12,6,6
38587,Kindasorry,illidan,576,rogue,subtlety,12,6,6
38588,Athletik,tichondrius,576,rogue,subtlety,12,6,6
38589,Pingwii,ragnaros,576,rogue,subtlety,12,6,6
38590,Drakariano,ragnaros,576,rogue,subtlety,18,6,12
38591,Cinnashank,darkspear,576,rogue,subtlety,18,6,12
38592,Veterån,tichondrius,576,rogue,subtlety,18,6,12
38593,Kents,tichondrius,576,rogue,subtlety,18,6,12
38594,Jácket,area-52,576,rogue,subtlety,24,6,18
38595,Oksanaastan,tichondrius,576,rogue,subtlety,24,6,18
38596,Struggle,sargeras,576,rogue,subtlety,24,6,18
38597,Mcnastier,dunemaul,575,rogue,subtlety,12,6,6
38598,Whothekilla,tichondrius,575,rogue,subtlety,12,6,6
38599,Azanax,area-52,575,rogue,subtlety,12,6,6
38600,Maulgryve,frostwolf,575,rogue,subtlety,12,6,6
38601,Projectx,tichondrius,575,rogue,subtlety,12,6,6
38602,Shaoriel,zuljin,575,rogue,subtlety,12,6,6
38603,Jinxkiller,tichondrius,575,rogue,subtlety,12,6,6
38604,Boredomkills,frostmane,575,rogue,subtlety,12,6,6
38605,Hindpaw,wyrmrest-accord,575,rogue,subtlety,18,6,12
38606,Zogbu,stormrage,575,rogue,subtlety,18,6,12
38607,Poofus,vashj,575,rogue,subtlety,18,6,12
38608,Dreamcatcher,azralon,575,rogue,subtlety,18,6,12
38609,Píxíedúst,black-dragonflight,574,rogue,subtlety,18,6,12
38610,Dedrater,shadowmoon,574,rogue,subtlety,18,6,12
38611,Kelelor,kelthuzad,574,rogue,subtlety,24,6,18
38612,Alttee,proudmoore,573,rogue,subtlety,12,6,6
38613,Ivanapavlov,kelthuzad,573,rogue,subtlety,24,6,18
38614,Topsailor,uther,572,rogue,subtlety,12,6,6
38615,Darkpaths,hyjal,572,rogue,subtlety,12,6,6
38616,Iapologize,area-52,572,rogue,subtlety,12,6,6
38617,Supminty,stormrage,571,rogue,subtlety,12,6,6
38618,Xylow,garona,571,rogue,subtlety,27,6,21
38619,Beartøøth,stormrage,570,rogue,subtlety,12,6,6
38620,Cerel,baelgun,568,rogue,subtlety,30,6,24
38621,Pancakestab,saurfang,543,rogue,subtlety,14,7,7
38622,Cheapdeal,frostmourne,512,rogue,subtlety,10,6,4
38623,Nodeßurglar,kelthuzad,480,rogue,subtlety,6,5,1
38624,Khyrax,tichondrius,480,rogue,subtlety,6,5,1
38625,Oceboomer,frostmourne,480,rogue,subtlety,6,5,1
38626,Deepsyo,frostmourne,480,rogue,subtlety,6,5,1
38627,Kwins,cenarion-circle,480,rogue,subtlety,6,5,1
38628,Lowkn,tichondrius,480,rogue,subtlety,6,5,1
38629,Karmagoodttv,stormrage,480,rogue,subtlety,6,5,1
38630,Revenantss,moon-guard,480,rogue,subtlety,6,5,1
38631,Ghoarie,sargeras,480,rogue,subtlety,6,5,1
38632,Alathir,tichondrius,480,rogue,subtlety,6,5,1
38633,Natalya,stormreaver,480,rogue,subtlety,6,5,1
38634,Sícarii,emerald-dream,480,rogue,subtlety,6,5,1
38635,Nuhiva,tichondrius,480,rogue,subtlety,9,6,3
38636,Twnice,tichondrius,480,rogue,subtlety,12,5,7
38637,Söda,emerald-dream,480,rogue,subtlety,12,5,7
38638,Moonvertz,barthilas,480,rogue,subtlety,12,5,7
38639,Phyzzi,kargath,480,rogue,subtlety,12,5,7
38640,Killdrunk,stormrage,480,rogue,subtlety,12,5,7
38641,Atulano,wyrmrest-accord,480,rogue,subtlety,12,5,7
38642,Pjh,sargeras,480,rogue,subtlety,12,5,7
38643,Liqwid,stormrage,480,rogue,subtlety,12,5,7
38644,Tessialith,azralon,480,rogue,subtlety,12,5,7
38645,Scrubzz,barthilas,480,rogue,subtlety,12,5,7
38646,Multik,tichondrius,480,rogue,subtlety,12,5,7
38647,Jon,the-venture-co,480,rogue,subtlety,12,5,7
38648,Harasna,emerald-dream,480,rogue,subtlety,12,5,7
38649,Aldessa,draka,480,rogue,subtlety,12,5,7
38650,Milafortnite,tichondrius,480,rogue,subtlety,12,5,7
38651,Chimpo,ravencrest,480,rogue,subtlety,12,5,7
38652,Ricosap,frostmourne,480,rogue,subtlety,12,5,7
38653,Isonlydosex,tichondrius,480,rogue,subtlety,12,5,7
38654,Shizz,tichondrius,480,rogue,subtlety,12,5,7
38655,Defthands,tichondrius,480,rogue,subtlety,12,5,7
38656,Wooluncle,tichondrius,480,rogue,subtlety,12,5,7
38657,Caras,tichondrius,480,rogue,subtlety,12,5,7
38658,Mitra,eredar,480,rogue,subtlety,12,5,7
38659,Blakezillax,tichondrius,480,rogue,subtlety,12,5,7
38660,Minimumwage,bleeding-hollow,480,rogue,subtlety,12,5,7
38661,Blinky,blades-edge,480,rogue,subtlety,12,5,7
38662,Uni,khadgar,480,rogue,subtlety,12,5,7
38663,Kløud,uther,480,rogue,subtlety,12,5,7
38664,Pwnsauce,frostmourne,480,rogue,subtlety,12,5,7
38665,Snewdaddy,malganis,480,rogue,subtlety,12,5,7
38666,Letsparty,malganis,480,rogue,subtlety,12,5,7
38667,Raidei,elune,480,rogue,subtlety,12,5,7
38668,Henya,magtheridon,480,rogue,subtlety,12,5,7
38669,Ghosted,thrall,480,rogue,subtlety,12,5,7
38670,Monkeykongr,lightnings-blade,480,rogue,subtlety,12,5,7
38671,Drunknchaos,bleeding-hollow,480,rogue,subtlety,12,5,7
38672,Mikènuttz,sargeras,480,rogue,subtlety,12,5,7
38673,Arsènè,whisperwind,480,rogue,subtlety,13,5,8
38674,Faelanna,stormrage,480,rogue,subtlety,13,5,8
38675,Greyleywin,azralon,480,rogue,subtlety,18,5,13
38676,Psychostabby,tichondrius,480,rogue,subtlety,18,5,13
38677,Shadonas,maelstrom,480,rogue,subtlety,18,5,13
38678,Zitihait,amanthul,479,rogue,subtlety,6,5,1
38679,Qlog,tichondrius,479,rogue,subtlety,12,5,7
38680,Luoan,emerald-dream,479,rogue,subtlety,12,5,7
38681,Minato,eredar,479,rogue,subtlety,12,5,7
38682,Crypblade,sargeras,479,rogue,subtlety,12,5,7
38683,Deathbeacøn,sargeras,479,rogue,subtlety,12,5,7
38684,Toodlles,stormrage,479,rogue,subtlety,12,5,7
38685,Catoline,bleeding-hollow,479,rogue,subtlety,12,5,7
38686,Wrekstun,area-52,479,rogue,subtlety,18,5,13
38687,Corchô,moon-guard,479,rogue,subtlety,18,5,13
38688,Kekdasneak,dragonmaw,479,rogue,subtlety,18,5,13
38689,Killerupdown,muradin,479,rogue,subtlety,18,5,13
38690,Abdullahh,tichondrius,478,rogue,subtlety,12,5,7
38691,Falra,wyrmrest-accord,478,rogue,subtlety,18,5,13
38692,Muffens,alterac-mountains,476,rogue,subtlety,12,5,7
38693,Liamoz,amanthul,475,rogue,subtlety,12,5,7
38694,Treeless,wyrmrest-accord,475,rogue,subtlety,12,5,7
38695,Murdistino,tichondrius,472,rogue,subtlety,12,5,7
38696,Fingolfin,terenas,447,rogue,subtlety,11,5,6
38697,Anbuartist,dalaran,447,rogue,subtlety,11,5,6
38698,Backtoch,sargeras,447,rogue,subtlety,11,5,6
38699,Notlim,azralon,432,rogue,subtlety,15,5,10
38700,Pangppy,tichondrius,431,rogue,subtlety,11,5,6
38701,Akhila,stormrage,431,rogue,subtlety,11,5,6
38702,Sketchyweas,sargeras,426,rogue,subtlety,14,6,8
38703,Picaropanda,quelthalas,425,rogue,subtlety,22,6,16
38704,Mdrogue,sargeras,416,rogue,subtlety,10,5,5
38705,Cayladin,tichondrius,416,rogue,subtlety,10,5,5
38706,Luriél,stormrage,415,rogue,subtlety,10,5,5
38707,Djsyn,bleeding-hollow,384,rogue,subtlety,6,4,2
38708,Ppdx,malganis,384,rogue,subtlety,6,4,2
38709,Dycrons,lightbringer,384,rogue,subtlety,6,4,2
38710,Subgodx,stormrage,384,rogue,subtlety,6,4,2
38711,Sapntapx,malganis,384,rogue,subtlety,6,4,2
38712,Emvee,kelthuzad,384,rogue,subtlety,6,4,2
38713,Exacerbatê,mannoroth,384,rogue,subtlety,6,4,2
38714,Bilbobagginz,malganis,384,rogue,subtlety,6,4,2
38715,Fortie,moon-guard,384,rogue,subtlety,6,4,2
38716,Coldkill,bleeding-hollow,384,rogue,subtlety,6,4,2
38717,Sinary,cenarion-circle,384,rogue,subtlety,6,4,2
38718,Kilerhid,quelthalas,384,rogue,subtlety,6,4,2
38719,Deadopps,stormrage,384,rogue,subtlety,6,4,2
38720,Suggmadi,stormrage,384,rogue,subtlety,6,4,2
38721,Invokesap,area-52,384,rogue,subtlety,6,4,2
38722,Prepcoin,malganis,384,rogue,subtlety,6,4,2
38723,Bobbyflay,velen,384,rogue,subtlety,6,4,2
38724,Chauva,zuljin,384,rogue,subtlety,6,4,2
38725,Zhuodouqiaga,tichondrius,384,rogue,subtlety,6,4,2
38726,Steeldiesel,sargeras,384,rogue,subtlety,6,4,2
38727,Unoshade,illidan,384,rogue,subtlety,6,4,2
38728,Bootimus,illidan,384,rogue,subtlety,6,4,2
38729,Foreverioi,tichondrius,384,rogue,subtlety,6,4,2
38730,Dåve,tichondrius,384,rogue,subtlety,6,4,2
38731,Abssall,tichondrius,384,rogue,subtlety,6,4,2
38732,Wrldstars,illidan,384,rogue,subtlety,6,4,2
38733,Malgoria,tichondrius,384,rogue,subtlety,6,4,2
38734,Memnõch,emerald-dream,384,rogue,subtlety,6,4,2
38735,Hawwtkunnk,emerald-dream,384,rogue,subtlety,6,4,2
38736,Altaureen,thrall,384,rogue,subtlety,6,4,2
38737,Deejey,frostmourne,384,rogue,subtlety,6,4,2
38738,Evasionx,tichondrius,384,rogue,subtlety,6,4,2
38739,Nichala,tichondrius,384,rogue,subtlety,6,4,2
38740,Donpeon,hellscream,384,rogue,subtlety,6,4,2
38741,Loria,cenarion-circle,384,rogue,subtlety,9,5,4
38742,Jasam,daggerspine,384,rogue,subtlety,9,5,4
38743,Morpheûs,tichondrius,384,rogue,subtlety,12,4,8
38744,Pumpp,dentarg,384,rogue,subtlety,12,4,8
38745,Zzffqsm,tichondrius,384,rogue,subtlety,12,4,8
38746,Nevermoon,gallywix,384,rogue,subtlety,12,4,8
38747,Xalsathoth,sargeras,384,rogue,subtlety,12,4,8
38748,Smolblade,nordrassil,384,rogue,subtlety,12,4,8
38749,Flankks,sargeras,384,rogue,subtlety,12,4,8
38750,Saberbane,tichondrius,384,rogue,subtlety,12,4,8
38751,Restinpeacex,bleeding-hollow,384,rogue,subtlety,12,4,8
38752,Freshcakes,darkspear,384,rogue,subtlety,12,4,8
38753,Zôliath,tichondrius,384,rogue,subtlety,12,4,8
38754,Tàlion,emerald-dream,384,rogue,subtlety,12,4,8
38755,Tòúka,stormrage,384,rogue,subtlety,12,4,8
38756,Seerenai,moon-guard,384,rogue,subtlety,12,4,8
38757,Seutobinhaa,stormrage,384,rogue,subtlety,12,4,8
38758,Roguish,kiljaeden,384,rogue,subtlety,12,4,8
38759,Lazaruslong,stormrage,384,rogue,subtlety,12,4,8
38760,Mãtthew,tichondrius,384,rogue,subtlety,12,4,8
38761,Muggzy,emerald-dream,384,rogue,subtlety,12,4,8
38762,Blackstabyth,thrall,384,rogue,subtlety,12,4,8
38763,Miamiganster,lothar,384,rogue,subtlety,12,4,8
38764,Tomas,bloodscalp,384,rogue,subtlety,12,4,8
38765,Elishadowed,proudmoore,384,rogue,subtlety,12,4,8
38766,Dions,ragnaros,384,rogue,subtlety,12,4,8
38767,Woodsapdat,sargeras,384,rogue,subtlety,12,4,8
38768,Lolgoturbase,hyjal,384,rogue,subtlety,12,4,8
38769,Hoodiesneaks,stormrage,384,rogue,subtlety,14,4,10
38770,Asneakyfox,thunderlord,384,rogue,subtlety,30,4,26
38771,Schnozz,lightbringer,383,rogue,subtlety,6,4,2
38772,Freego,quelthalas,383,rogue,subtlety,6,4,2
38773,Suffêr,dalaran,383,rogue,subtlety,6,4,2
38774,Morphina,gilneas,383,rogue,subtlety,6,4,2
38775,Gentlesaop,blackrock,383,rogue,subtlety,6,4,2
38776,Superhattie,tichondrius,383,rogue,subtlety,12,4,8
38777,Swisha,dathremar,383,rogue,subtlety,12,4,8
38778,Hènnéssy,frostmourne,383,rogue,subtlety,12,4,8
38779,Betrayerz,darkspear,383,rogue,subtlety,12,4,8
38780,Ràinê,dalaran,383,rogue,subtlety,12,4,8
38781,Pro,burning-legion,383,rogue,subtlety,12,4,8
38782,Majimae,sargeras,383,rogue,subtlety,12,4,8
38783,Blindedu,dalaran,383,rogue,subtlety,12,4,8
38784,Toxiccarnage,ghostlands,383,rogue,subtlety,14,4,10
38785,Medalist,darkspear,383,rogue,subtlety,18,4,14
38786,Shadowpunx,nemesis,382,rogue,subtlety,6,4,2
38787,Raylo,blackhand,382,rogue,subtlety,6,4,2
38788,Knife,moon-guard,381,rogue,subtlety,12,4,8
38789,Jjp,tichondrius,367,rogue,subtlety,11,4,7
38790,Zaozaa,frostmourne,351,rogue,subtlety,8,5,3
38791,Sinice,draka,351,rogue,subtlety,8,5,3
38792,Samuraii,zuljin,335,rogue,subtlety,11,4,7
38793,Idsapdat,illidan,330,rogue,subtlety,9,6,3
38794,Earkeeper,wildhammer,330,rogue,subtlety,8,5,3
38795,Peeryl,daggerspine,327,rogue,subtlety,15,5,10
38796,Rawdawged,illidan,320,rogue,subtlety,16,4,12
38797,Grima,azralon,319,rogue,subtlety,14,4,10
38798,Siyerogue,illidan,288,rogue,subtlety,6,3,3
38799,Seanr,stormrage,288,rogue,subtlety,6,3,3
38800,Cbdoil,proudmoore,288,rogue,subtlety,6,3,3
38801,Wikkihx,emerald-dream,288,rogue,subtlety,6,3,3
38802,Tonjuras,uther,288,rogue,subtlety,6,3,3
38803,Gongarn,thrall,288,rogue,subtlety,6,3,3
38804,Ralæriel,wyrmrest-accord,288,rogue,subtlety,6,3,3
38805,Castsequence,khaz-modan,288,rogue,subtlety,6,3,3
38806,Cron,arygos,288,rogue,subtlety,6,3,3
38807,Mondeaux,moon-guard,288,rogue,subtlety,6,3,3
38808,Garnoghan,stormrage,288,rogue,subtlety,6,3,3
38809,Xaander,nazjatar,288,rogue,subtlety,6,3,3
38810,Metalz,exodar,288,rogue,subtlety,6,3,3
38811,Favès,thrall,288,rogue,subtlety,6,3,3
38812,Slilsp,sargeras,288,rogue,subtlety,6,3,3
38813,Privz,sargeras,288,rogue,subtlety,6,3,3
38814,Driizzel,sargeras,288,rogue,subtlety,6,3,3
38815,Støné,azjolnerub,288,rogue,subtlety,6,3,3
38816,Jackcurtis,kelthuzad,288,rogue,subtlety,6,3,3
38817,Creayuncle,area-52,288,rogue,subtlety,6,3,3
38818,Hemorrhages,tichondrius,288,rogue,subtlety,6,3,3
38819,Junemylove,tichondrius,288,rogue,subtlety,6,3,3
38820,Dìngapoof,tichondrius,288,rogue,subtlety,6,3,3
38821,Trainhealers,tichondrius,288,rogue,subtlety,6,3,3
38822,Compadrer,area-52,288,rogue,subtlety,6,3,3
38823,Ascherx,illidan,288,rogue,subtlety,6,3,3
38824,Bøbinette,sargeras,288,rogue,subtlety,6,3,3
38825,Invkill,azralon,288,rogue,subtlety,6,3,3
38826,Flavored,bloodhoof,288,rogue,subtlety,6,3,3
38827,Vellkann,azralon,288,rogue,subtlety,6,3,3
38828,Demìurge,tichondrius,288,rogue,subtlety,6,3,3
38829,Etyop,azralon,288,rogue,subtlety,6,3,3
38830,Ghyile,stormreaver,288,rogue,subtlety,6,3,3
38831,Gotkick,stormrage,288,rogue,subtlety,6,3,3
38832,Antijax,stormrage,288,rogue,subtlety,6,3,3
38833,Dödoubleg,stormrage,288,rogue,subtlety,6,3,3
38834,Gåñðøñ,stormscale,288,rogue,subtlety,6,3,3
38835,Oj,frostmourne,288,rogue,subtlety,6,3,3
38836,Shaisty,malganis,288,rogue,subtlety,6,3,3
38837,Bledstepelin,frostmourne,288,rogue,subtlety,6,3,3
38838,Screwzx,tichondrius,288,rogue,subtlety,6,3,3
38839,Sinfate,bleeding-hollow,288,rogue,subtlety,6,3,3
38840,Haeqn,azralon,288,rogue,subtlety,6,3,3
38841,Zarrth,malganis,288,rogue,subtlety,6,3,3
38842,Thargal,tichondrius,288,rogue,subtlety,6,3,3
38843,Valaq,tichondrius,288,rogue,subtlety,6,3,3
38844,Bumboklaat,bleeding-hollow,288,rogue,subtlety,6,3,3
38845,Thoxic,barthilas,288,rogue,subtlety,6,3,3
38846,Woundzx,tichondrius,288,rogue,subtlety,6,3,3
38847,Sharmoc,ragnaros,288,rogue,subtlety,6,3,3
38848,Snackable,tichondrius,288,rogue,subtlety,6,3,3
38849,Shadowreapz,barthilas,288,rogue,subtlety,6,3,3
38850,Schneric,stormrage,288,rogue,subtlety,6,3,3
38851,Reverel,tichondrius,288,rogue,subtlety,6,3,3
38852,Horyx,zuljin,288,rogue,subtlety,6,3,3
38853,Amatoxin,tichondrius,288,rogue,subtlety,6,3,3
38854,Hassanssin,area-52,288,rogue,subtlety,6,3,3
38855,Microcore,sargeras,288,rogue,subtlety,6,3,3
38856,Luolan,kargath,288,rogue,subtlety,6,3,3
38857,Maliora,area-52,288,rogue,subtlety,6,3,3
38858,Taraminkadot,sargeras,288,rogue,subtlety,9,4,5
38859,Siniel,scarlet-crusade,288,rogue,subtlety,9,4,5
38860,Ünaru,sargeras,288,rogue,subtlety,7,3,4
38861,ßutthead,malganis,288,rogue,subtlety,7,3,4
38862,Tigbits,frostmourne,288,rogue,subtlety,15,4,11
38863,Nikkî,hyjal,288,rogue,subtlety,12,3,9
38864,Zeetwntyeght,stormrage,288,rogue,subtlety,12,3,9
38865,Roguechamp,aggramar,288,rogue,subtlety,12,3,9
38866,Yamillpgk,ragnaros,288,rogue,subtlety,12,3,9
38867,Wrekage,emerald-dream,288,rogue,subtlety,12,3,9
38868,Bumpamoose,aggramar,288,rogue,subtlety,12,3,9
38869,Eaxlol,sargeras,288,rogue,subtlety,12,3,9
38870,Veatrix,zuljin,288,rogue,subtlety,12,3,9
38871,Imbe,nagrand,288,rogue,subtlety,12,3,9
38872,Yülia,skywall,288,rogue,subtlety,12,3,9
38873,Woboi,area-52,288,rogue,subtlety,12,3,9
38874,Hogstradamus,malganis,288,rogue,subtlety,12,3,9
38875,Karing,onyxia,288,rogue,subtlety,12,3,9
38876,Terala,perenolde,288,rogue,subtlety,12,3,9
38877,Yottsu,proudmoore,288,rogue,subtlety,12,3,9
38878,Lemíly,emerald-dream,288,rogue,subtlety,12,3,9
38879,Miloandotis,malganis,288,rogue,subtlety,12,3,9
38880,Palla,tichondrius,288,rogue,subtlety,12,3,9
38881,Grinz,sargeras,288,rogue,subtlety,12,3,9
38882,Penguineater,tichondrius,288,rogue,subtlety,12,3,9
38883,Crucifur,anvilmar,288,rogue,subtlety,12,3,9
38884,Foofz,kelthuzad,288,rogue,subtlety,12,3,9
38885,Rovvo,queldorei,288,rogue,subtlety,18,3,15
38886,Strôbéy,tichondrius,288,rogue,subtlety,18,3,15
38887,Xsneakski,jubeithos,287,rogue,subtlety,6,3,3
38888,Framsteg,kelthuzad,287,rogue,subtlety,6,3,3
38889,Bajeebus,azshara,287,rogue,subtlety,6,3,3
38890,Urukzog,ragnaros,287,rogue,subtlety,6,3,3
38891,Bromen,ragnaros,287,rogue,subtlety,12,3,9
38892,Heserth,ragnaros,287,rogue,subtlety,12,3,9
38893,Namiic,thrall,287,rogue,subtlety,12,3,9
38894,Minnicent,amanthul,287,rogue,subtlety,18,3,15
38895,Teach,illidan,287,rogue,subtlety,18,3,15
38896,Aycaramba,skywall,286,rogue,subtlety,6,3,3
38897,Sodomh,aegwynn,286,rogue,subtlety,6,3,3
38898,Cerebrian,malygos,286,rogue,subtlety,6,3,3
38899,Tareduwu,area-52,286,rogue,subtlety,18,3,15
38900,Soultakerr,whisperwind,271,rogue,subtlety,17,3,14
38901,Wickedstuns,malganis,271,rogue,subtlety,17,3,14
38902,Wulfcrest,moon-guard,239,rogue,subtlety,5,3,2
38903,Uncleblinker,proudmoore,239,rogue,subtlety,5,3,2
38904,Youngdraco,tichondrius,239,rogue,subtlety,5,3,2
38905,Reportlowdps,tichondrius,239,rogue,subtlety,5,3,2
38906,Radagon,fenris,234,rogue,subtlety,9,4,5
38907,Twinkasz,nemesis,234,rogue,subtlety,16,5,11
38908,Sappedwap,thrall,192,rogue,subtlety,4,3,1
38909,Zerø,barthilas,192,rogue,subtlety,6,2,4
38910,Letsgobranon,sargeras,192,rogue,subtlety,6,2,4
38911,Yourhomieaj,tichondrius,192,rogue,subtlety,6,2,4
38912,Baßyøða,stormrage,192,rogue,subtlety,6,2,4
38913,Buddymelon,thrall,192,rogue,subtlety,6,2,4
38914,Chuckydoll,sargeras,192,rogue,subtlety,6,2,4
38915,Sathrion,zuljin,192,rogue,subtlety,6,2,4
38916,Sneakyt,shadow-council,192,rogue,subtlety,6,2,4
38917,Runescape,frostmourne,192,rogue,subtlety,6,2,4
38918,Sizak,kelthuzad,192,rogue,subtlety,6,2,4
38919,Lacero,bonechewer,192,rogue,subtlety,6,2,4
38920,Rujkah,archimonde,192,rogue,subtlety,6,2,4
38921,Reflexiv,malganis,192,rogue,subtlety,6,2,4
38922,Icantsleep,tichondrius,192,rogue,subtlety,6,2,4
38923,Badonka,aggramar,192,rogue,subtlety,6,2,4
38924,Nubes,illidan,192,rogue,subtlety,6,2,4
38925,Indicadeath,stormrage,192,rogue,subtlety,6,2,4
38926,Wyyre,hyjal,192,rogue,subtlety,6,2,4
38927,Wètdream,sargeras,192,rogue,subtlety,6,2,4
38928,Stateless,kelthuzad,192,rogue,subtlety,6,2,4
38929,Meadview,bleeding-hollow,192,rogue,subtlety,6,2,4
38930,Lennysnephew,tichondrius,192,rogue,subtlety,6,2,4
38931,Åaron,thrall,192,rogue,subtlety,6,2,4
38932,Aoki,tichondrius,192,rogue,subtlety,6,2,4
38933,Gnoescape,burning-legion,192,rogue,subtlety,6,2,4
38934,Jâm,nerzhul,192,rogue,subtlety,6,2,4
38935,Pgo,tichondrius,192,rogue,subtlety,6,2,4
38936,Xyltann,bleeding-hollow,192,rogue,subtlety,6,2,4
38937,Shadowstryfe,tichondrius,192,rogue,subtlety,6,2,4
38938,Brustent,icecrown,192,rogue,subtlety,6,2,4
38939,Cincyhirou,exodar,192,rogue,subtlety,6,2,4
38940,Joegamer,sargeras,192,rogue,subtlety,6,2,4
38941,Pootymunchin,daggerspine,192,rogue,subtlety,6,2,4
38942,Coolswag,tichondrius,192,rogue,subtlety,6,2,4
38943,Tizzyb,bleeding-hollow,192,rogue,subtlety,6,2,4
38944,Anímosity,darkspear,192,rogue,subtlety,6,2,4
38945,Gladlol,stormrage,192,rogue,subtlety,6,2,4
38946,Gannet,spirestone,192,rogue,subtlety,6,2,4
38947,Pixils,bleeding-hollow,192,rogue,subtlety,6,2,4
38948,Grue,gundrak,192,rogue,subtlety,6,2,4
38949,Coalie,tichondrius,192,rogue,subtlety,6,2,4
38950,Pizzarollplz,kelthuzad,192,rogue,subtlety,6,2,4
38951,Shankmcganks,chogall,192,rogue,subtlety,6,2,4
38952,Orteker,tichondrius,192,rogue,subtlety,6,2,4
38953,Ërëbus,greymane,192,rogue,subtlety,6,2,4
38954,Kami,kelthuzad,192,rogue,subtlety,6,2,4
38955,Lmorningstar,altar-of-storms,192,rogue,subtlety,6,2,4
38956,Elvesnknives,stormrage,192,rogue,subtlety,6,2,4
38957,Draef,illidan,192,rogue,subtlety,6,2,4
38958,Bruitzyttv,barthilas,192,rogue,subtlety,6,2,4
38959,Ladelmono,tichondrius,192,rogue,subtlety,6,2,4
38960,Lenik,azuremyst,192,rogue,subtlety,6,2,4
38961,Happyunhappy,illidan,192,rogue,subtlety,6,2,4
38962,Skorsh,wyrmrest-accord,192,rogue,subtlety,6,2,4
38963,Taliwis,burning-blade,192,rogue,subtlety,6,2,4
38964,Chêckmatê,darkspear,192,rogue,subtlety,6,2,4
38965,Teribád,area-52,192,rogue,subtlety,6,2,4
38966,Lapuamagnum,illidan,192,rogue,subtlety,6,2,4
38967,Bambooßobby,area-52,192,rogue,subtlety,6,2,4
38968,Jeezy,shadowmoon,192,rogue,subtlety,6,2,4
38969,Surplus,stormscale,192,rogue,subtlety,6,2,4
38970,Tleary,tichondrius,192,rogue,subtlety,6,2,4
38971,Slycndice,tortheldrin,192,rogue,subtlety,6,2,4
38972,Swingonya,stormrage,192,rogue,subtlety,6,2,4
38973,Smertin,area-52,192,rogue,subtlety,6,2,4
38974,Terrorstrike,tichondrius,192,rogue,subtlety,6,2,4
38975,Tothegravetv,sargeras,192,rogue,subtlety,6,2,4
38976,Gertrix,darkspear,192,rogue,subtlety,6,2,4
38977,Smakkey,tichondrius,192,rogue,subtlety,6,2,4
38978,Usapped,tichondrius,192,rogue,subtlety,6,2,4
38979,Slíçk,tichondrius,192,rogue,subtlety,6,2,4
38980,Zzu,azralon,192,rogue,subtlety,6,2,4
38981,Rehze,area-52,192,rogue,subtlety,6,2,4
38982,Toomuchcap,aggramar,192,rogue,subtlety,6,2,4
38983,Rogsky,tichondrius,192,rogue,subtlety,6,2,4
38984,Gzl,frostmourne,192,rogue,subtlety,6,2,4
38985,Bloodhounder,illidan,192,rogue,subtlety,6,2,4
38986,Macklittle,area-52,192,rogue,subtlety,6,2,4
38987,Tìlt,whisperwind,192,rogue,subtlety,6,2,4
38988,Jsnlol,zuljin,192,rogue,subtlety,6,2,4
38989,Dillwilly,moon-guard,192,rogue,subtlety,6,2,4
38990,Pilurfs,thrall,192,rogue,subtlety,6,2,4
38991,Shadowmagikk,sargeras,192,rogue,subtlety,6,2,4
38992,Opwanshinobi,azralon,192,rogue,subtlety,6,2,4
38993,Spèèd,proudmoore,192,rogue,subtlety,6,2,4
38994,Exwhite,proudmoore,192,rogue,subtlety,6,2,4
38995,ßroke,emerald-dream,192,rogue,subtlety,6,2,4
38996,Rhayu,emerald-dream,192,rogue,subtlety,6,2,4
38997,Bâerâ,bloodscalp,192,rogue,subtlety,8,2,6
38998,Xenitech,bleeding-hollow,192,rogue,subtlety,8,2,6
38999,Ezmate,frostmourne,192,rogue,subtlety,12,2,10
39000,Myhandisfull,tichondrius,192,rogue,subtlety,12,2,10
39001,Pouet,caelestrasz,192,rogue,subtlety,12,2,10
39002,Ghostdragons,tichondrius,192,rogue,subtlety,12,2,10
39003,Diabsoule,amanthul,192,rogue,subtlety,12,2,10
39004,Mitchrogue,barthilas,192,rogue,subtlety,12,2,10
39005,Kestor,barthilas,192,rogue,subtlety,12,2,10
39006,Roguessy,dalaran,192,rogue,subtlety,12,2,10
39007,Onulyo,tichondrius,192,rogue,subtlety,12,2,10
39008,Jashyy,tichondrius,192,rogue,subtlety,12,2,10
39009,Rogmin,tichondrius,192,rogue,subtlety,12,2,10
39010,Flèè,illidan,192,rogue,subtlety,12,2,10
39011,Nigthdead,nemesis,192,rogue,subtlety,12,2,10
39012,Soupline,area-52,192,rogue,subtlety,12,2,10
39013,Noxîc,zuljin,192,rogue,subtlety,12,2,10
39014,Souporcereal,aegwynn,192,rogue,subtlety,12,2,10
39015,Brickjohnson,illidan,192,rogue,subtlety,12,2,10
39016,Zeriek,stormrage,192,rogue,subtlety,12,2,10
39017,Krius,blood-furnace,192,rogue,subtlety,12,2,10
39018,Xô,lothar,192,rogue,subtlety,12,2,10
39019,Zabava,malganis,192,rogue,subtlety,12,2,10
39020,Barmiah,stormrage,192,rogue,subtlety,12,2,10
39021,Vitalz,bloodscalp,191,rogue,subtlety,6,2,4
39022,Lancarlorïus,ragnaros,191,rogue,subtlety,6,2,4
39023,Rascallion,tichondrius,191,rogue,subtlety,6,2,4
39024,Mccarter,bonechewer,191,rogue,subtlety,12,2,10
39025,Sheiv,shadow-council,190,rogue,subtlety,5,3,2
39026,Rotbreath,bleeding-hollow,175,rogue,subtlety,11,2,9
39027,Koobbo,tichondrius,159,rogue,subtlety,5,2,3
39028,Khrezin,stonemaul,159,rogue,subtlety,5,2,3
39029,Fouzz,stormrage,159,rogue,subtlety,5,2,3
39030,Opensap,tichondrius,159,rogue,subtlety,5,2,3
39031,Eliasael,moon-guard,159,rogue,subtlety,5,2,3
39032,Ganksterqt,dentarg,138,rogue,subtlety,10,3,7
39033,Uhtrred,ragnaros,137,rogue,subtlety,10,3,7
39034,Uchihà,sargeras,134,rogue,subtlety,17,3,14
39035,Fadedx,darkspear,128,rogue,subtlety,4,2,2
39036,Earthinhorn,frostmourne,127,rogue,subtlety,8,2,6
39037,Swickwockdus,azralon,112,rogue,subtlety,7,2,5
39038,Lásko,area-52,96,rogue,subtlety,3,2,1
39039,Crÿptø,azralon,96,rogue,subtlety,6,1,5
39040,Anadrol,sargeras,96,rogue,subtlety,6,1,5
39041,Grindaicha,dentarg,96,rogue,subtlety,6,1,5
39042,Ironrod,shadowmoon,96,rogue,subtlety,6,1,5
39043,Originkorean,terenas,96,rogue,subtlety,6,1,5
39044,Ghostyd,tichondrius,96,rogue,subtlety,6,1,5
39045,Spöke,dalvengyr,96,rogue,subtlety,6,1,5
39046,Illidin,executus,96,rogue,subtlety,6,1,5
39047,Anistreya,wyrmrest-accord,96,rogue,subtlety,6,1,5
39048,Dabrat,frostwolf,96,rogue,subtlety,6,1,5
39049,Rolomon,tichondrius,96,rogue,subtlety,6,1,5
39050,Onetwostep,tichondrius,96,rogue,subtlety,6,1,5
39051,Borre,kiljaeden,96,rogue,subtlety,6,1,5
39052,Steffmaister,tichondrius,96,rogue,subtlety,6,1,5
39053,Macc,khazgoroth,96,rogue,subtlety,6,1,5
39054,Twinkrogue,firetree,96,rogue,subtlety,6,1,5
39055,Valekk,stormscale,96,rogue,subtlety,6,1,5
39056,Heimlichkeit,tichondrius,96,rogue,subtlety,6,1,5
39057,Bloodbrawl,caelestrasz,96,rogue,subtlety,6,1,5
39058,Deepcutz,barthilas,96,rogue,subtlety,6,1,5
39059,Dragosha,antonidas,96,rogue,subtlety,6,1,5
39060,Bigcolumn,tichondrius,96,rogue,subtlety,6,1,5
39061,Quackerjacks,lightnings-blade,96,rogue,subtlety,6,1,5
39062,Vivas,dalaran,96,rogue,subtlety,6,1,5
39063,Whaazz,tichondrius,96,rogue,subtlety,6,1,5
39064,Docheatt,dalaran,96,rogue,subtlety,6,1,5
39065,Wabi,tichondrius,96,rogue,subtlety,6,1,5
39066,Satanicrizz,tichondrius,96,rogue,subtlety,6,1,5
39067,Cotuffa,drakkari,96,rogue,subtlety,6,1,5
39068,Kidneyisntop,illidan,96,rogue,subtlety,6,1,5
39069,Nargonis,illidan,96,rogue,subtlety,6,1,5
39070,Lawyergamer,bonechewer,96,rogue,subtlety,6,1,5
39071,Robomom,illidan,96,rogue,subtlety,6,1,5
39072,Mídnìght,aegwynn,96,rogue,subtlety,6,1,5
39073,Reurog,garrosh,96,rogue,subtlety,6,1,5
39074,Sawred,bonechewer,96,rogue,subtlety,6,1,5
39075,Jokerr,proudmoore,96,rogue,subtlety,6,1,5
39076,Yoodoo,nemesis,96,rogue,subtlety,6,1,5
39077,Wrin,sargeras,96,rogue,subtlety,6,1,5
39078,Rooster,muradin,96,rogue,subtlety,6,1,5
39079,Dnb,warsong,96,rogue,subtlety,6,1,5
39080,Bloodyblades,blackhand,96,rogue,subtlety,6,1,5
39081,Aenaesx,malygos,96,rogue,subtlety,6,1,5
39082,Kizakuo,moon-guard,96,rogue,subtlety,6,1,5
39083,Skinnymayne,laughing-skull,96,rogue,subtlety,6,1,5
39084,Meatballjr,frostmane,96,rogue,subtlety,6,1,5
39085,Cytôn,bleeding-hollow,96,rogue,subtlety,6,1,5
39086,Dagarah,quelthalas,96,rogue,subtlety,6,1,5
39087,Nevatell,malganis,96,rogue,subtlety,6,1,5
39088,Aitreena,stormrage,96,rogue,subtlety,6,1,5
39089,Eimr,stormrage,96,rogue,subtlety,6,1,5
39090,Mikea,stormrage,96,rogue,subtlety,6,1,5
39091,Páige,ragnaros,96,rogue,subtlety,6,1,5
39092,Patey,malganis,96,rogue,subtlety,6,1,5
39093,Mintirogue,sargeras,96,rogue,subtlety,6,1,5
39094,Sapstick,kiljaeden,96,rogue,subtlety,6,1,5
39095,Sighzy,sargeras,96,rogue,subtlety,6,1,5
39096,Akilesx,quelthalas,96,rogue,subtlety,6,1,5
39097,Adysius,malganis,96,rogue,subtlety,6,1,5
39098,Thottie,bleeding-hollow,96,rogue,subtlety,6,1,5
39099,Treasy,malganis,96,rogue,subtlety,6,1,5
39100,Bonizzi,stormrage,96,rogue,subtlety,6,1,5
39101,Frootylol,stormrage,96,rogue,subtlety,6,1,5
39102,Toxína,quelthalas,96,rogue,subtlety,6,1,5
39103,Caalo,quelthalas,96,rogue,subtlety,6,1,5
39104,Slobernocker,stormrage,96,rogue,subtlety,6,1,5
39105,Jowelyrandy,drakkari,96,rogue,subtlety,7,1,6
39106,Bleedszfreak,illidan,96,rogue,subtlety,12,1,11
39107,Flelfo,quelthalas,96,rogue,subtlety,12,1,11
39108,Wildtrick,greymane,96,rogue,subtlety,12,1,11
39109,Minkys,azralon,79,rogue,subtlety,5,1,4
39110,Vùdõõ,area-52,64,rogue,subtlety,4,1,3
39111,Drpibb,ghostlands,63,rogue,subtlety,2,2,0
39112,Swøøpy,stormrage,48,rogue,subtlety,3,1,2
39113,Rocanról,quelthalas,42,rogue,subtlety,6,2,4
39114,Thenelis,dalaran,42,rogue,subtlety,11,2,9
39115,Archazx,sargeras,42,rogue,subtlety,12,2,10
39116,Demonioverde,ragnaros,31,rogue,subtlety,2,1,1
39117,Traumashears,proudmoore,31,rogue,subtlety,2,1,1
39118,Betakong,quelthalas,31,rogue,subtlety,2,1,1
39119,Mirrorx,tichondrius,2229,rogue,assassination,174,90,84
39120,Zarkk,kelthuzad,2162,rogue,assassination,245,122,123
39121,Sllabymkcus,sargeras,2126,rogue,assassination,72,37,35
39122,Larmx,tichondrius,2111,rogue,assassination,78,40,38
39123,Xiaochulol,tichondrius,2097,rogue,assassination,96,51,45
39124,Ånko,tichondrius,2033,rogue,assassination,113,53,60
39125,Snortedgfuel,drenden,2014,rogue,assassination,77,38,39
39126,Sinepymkcus,illidan,1991,rogue,assassination,96,44,52
39127,Alethal,tichondrius,1972,rogue,assassination,90,48,42
39128,Niarzz,tichondrius,1870,rogue,assassination,104,62,42
39129,Lemon,arygos,1851,rogue,assassination,47,20,27
39130,Poonanixo,frostmourne,1846,rogue,assassination,78,38,40
39131,Alterfate,wyrmrest-accord,1839,rogue,assassination,66,33,33
39132,Feinting,moon-guard,1839,rogue,assassination,76,35,41
39133,Jon,the-venture-co,1838,rogue,assassination,54,27,27
39134,Sio,bleeding-hollow,1837,rogue,assassination,60,30,30
39135,Köfy,quelthalas,1835,rogue,assassination,81,39,42
39136,Ajúmma,tichondrius,1831,rogue,assassination,57,23,34
39137,Jjp,tichondrius,1827,rogue,assassination,65,33,32
39138,Beaconlight,tichondrius,1808,rogue,assassination,77,31,46
39139,Relän,ragnaros,1805,rogue,assassination,59,33,26
39140,Sairak,tichondrius,1804,rogue,assassination,101,49,52
39141,Plumblossomx,tichondrius,1803,rogue,assassination,54,24,30
39142,Viicky,ghostlands,1800,rogue,assassination,78,37,41
39143,Peepoclown,illidan,1782,rogue,assassination,46,23,23
39144,Thargal,tichondrius,1774,rogue,assassination,71,38,33
39145,Omnìslash,area-52,1765,rogue,assassination,38,23,15
39146,Slickyo,malganis,1762,rogue,assassination,36,22,14
39147,Bloodlessftw,azralon,1756,rogue,assassination,105,47,58
39148,Raj,blood-furnace,1754,rogue,assassination,60,26,34
39149,Stealthdeath,quelthalas,1728,rogue,assassination,42,24,18
39150,Ybby,tichondrius,1714,rogue,assassination,68,34,34
39151,Bellamor,tichondrius,1711,rogue,assassination,114,66,48
39152,Impkasn,tichondrius,1710,rogue,assassination,84,33,51
39153,Pkkrevolt,archimonde,1704,rogue,assassination,99,50,49
39154,Bukaboo,tichondrius,1701,rogue,assassination,54,40,14
39155,Katmira,tichondrius,1699,rogue,assassination,72,30,42
39156,Doraz,tichondrius,1694,rogue,assassination,126,65,61
39157,Cutercarver,proudmoore,1693,rogue,assassination,111,52,59
39158,Lunatixz,emerald-dream,1692,rogue,assassination,53,26,27
39159,Vmoney,draenor,1685,rogue,assassination,30,18,12
39160,Ymxxlolz,tichondrius,1685,rogue,assassination,42,23,19
39161,Inaniss,tichondrius,1678,rogue,assassination,56,30,26
39162,Vél,blackrock,1674,rogue,assassination,42,22,20
39163,Whooxx,khazgoroth,1673,rogue,assassination,66,29,37
39164,Johnnycryp,barthilas,1652,rogue,assassination,53,27,26
39165,Bellicoses,tichondrius,1651,rogue,assassination,155,84,71
39166,Ivanrah,zuljin,1648,rogue,assassination,45,20,25
39167,Riventrix,zuljin,1640,rogue,assassination,101,47,54
39168,Shyzuku,drakkari,1640,rogue,assassination,48,21,27
39169,Katovo,tichondrius,1638,rogue,assassination,42,25,17
39170,Kk,dalaran,1635,rogue,assassination,52,28,24
39171,Rapcher,illidan,1632,rogue,assassination,148,75,73
39172,Josex,lightbringer,1632,rogue,assassination,48,20,28
39173,Sheerlol,stormrage,1626,rogue,assassination,49,24,25
39174,Poisonous,emerald-dream,1620,rogue,assassination,51,25,26
39175,Quefist,sargeras,1620,rogue,assassination,74,36,38
39176,Assassìn,moon-guard,1618,rogue,assassination,48,27,21
39177,Ultranumb,sargeras,1618,rogue,assassination,51,27,24
39178,Zirkir,mannoroth,1615,rogue,assassination,50,27,23
39179,Isàputàp,tichondrius,1614,rogue,assassination,66,37,29
39180,Vasherr,zuljin,1611,rogue,assassination,55,33,22
39181,Sanozü,azralon,1606,rogue,assassination,54,21,33
39182,Yenrab,illidan,1606,rogue,assassination,50,19,31
39183,Foreverioi,tichondrius,1603,rogue,assassination,54,31,23
39184,Elinarra,sargeras,1603,rogue,assassination,42,21,21
39185,Nsns,drenden,1594,rogue,assassination,214,106,108
39186,Lucidstorm,tichondrius,1593,rogue,assassination,30,17,13
39187,Nayle,dalaran,1592,rogue,assassination,53,25,28
39188,Seroth,tichondrius,1590,rogue,assassination,24,17,7
39189,Sparqxx,tichondrius,1589,rogue,assassination,199,100,99
39190,Chêckmatê,darkspear,1589,rogue,assassination,54,25,29
39191,Olé,azralon,1589,rogue,assassination,48,21,27
39192,Devstrike,sargeras,1587,rogue,assassination,53,25,28
39193,Rinhon,windrunner,1585,rogue,assassination,53,25,28
39194,Valaq,tichondrius,1583,rogue,assassination,118,59,59
39195,Htez,frostmourne,1580,rogue,assassination,42,22,20
39196,Xagreth,illidan,1579,rogue,assassination,40,20,20
39197,Happyslice,stormrage,1575,rogue,assassination,39,22,17
39198,Ãnimefãnx,moon-guard,1574,rogue,assassination,165,81,84
39199,Notjawn,arthas,1572,rogue,assassination,178,97,81
39200,Dairykeen,misha,1572,rogue,assassination,59,27,32
39201,Nightdelphya,azralon,1572,rogue,assassination,48,19,29
39202,Slapjak,dalaran,1564,rogue,assassination,56,23,33
39203,Wxvi,tichondrius,1563,rogue,assassination,54,30,24
39204,Ulley,sargeras,1555,rogue,assassination,56,29,27
39205,Khrezin,stonemaul,1555,rogue,assassination,54,24,30
39206,Miamiganster,lothar,1550,rogue,assassination,120,54,66
39207,Hypnothot,tichondrius,1546,rogue,assassination,132,53,79
39208,Kenyel,frostmourne,1543,rogue,assassination,90,40,50
39209,Wujn,tichondrius,1542,rogue,assassination,179,91,88
39210,Nhic,tichondrius,1542,rogue,assassination,57,23,34
39211,Osuba,proudmoore,1541,rogue,assassination,98,44,54
39212,Replayz,stormrage,1538,rogue,assassination,102,46,56
39213,Purplechil,garrosh,1536,rogue,assassination,144,68,76
39214,Sapmepapi,illidan,1533,rogue,assassination,30,17,13
39215,Lyapunov,tichondrius,1532,rogue,assassination,66,30,36
39216,Turec,illidan,1532,rogue,assassination,42,16,26
39217,Kidneyshiv,stormrage,1531,rogue,assassination,36,20,16
39218,Bladä,area-52,1528,rogue,assassination,64,30,34
39219,Garrotte,tichondrius,1521,rogue,assassination,217,102,115
39220,Skeezy,vashj,1517,rogue,assassination,66,25,41
39221,Spikiera,silvermoon,1513,rogue,assassination,63,31,32
39222,Tryedge,moon-guard,1512,rogue,assassination,36,19,17
39223,Driprat,area-52,1507,rogue,assassination,30,19,11
39224,Gyutaro,black-dragonflight,1501,rogue,assassination,312,153,159
39225,Zeth,frostmourne,1501,rogue,assassination,93,37,56
39226,Xilorio,skullcrusher,1496,rogue,assassination,48,24,24
39227,Yanhuaa,illidan,1493,rogue,assassination,109,58,51
39228,Staabzz,thrall,1493,rogue,assassination,71,29,42
39229,Kidneyisntop,illidan,1492,rogue,assassination,36,20,16
39230,Onetwostep,tichondrius,1492,rogue,assassination,39,17,22
39231,Stabem,moon-guard,1487,rogue,assassination,153,82,71
39232,Hickery,frostmourne,1487,rogue,assassination,107,47,60
39233,Brendantko,arthas,1486,rogue,assassination,30,16,14
39234,Kiosh,tichondrius,1485,rogue,assassination,78,36,42
39235,Paraisbae,tichondrius,1484,rogue,assassination,42,23,19
39236,Lcl,proudmoore,1484,rogue,assassination,273,141,132
39237,Sizka,sargeras,1483,rogue,assassination,102,48,54
39238,Camlaw,area-52,1477,rogue,assassination,55,26,29
39239,Gøblìn,tichondrius,1469,rogue,assassination,91,40,51
39240,Ezmate,frostmourne,1465,rogue,assassination,154,72,82
39241,Smkgpvp,stormrage,1456,rogue,assassination,29,16,13
39242,Blackmont,bleeding-hollow,1456,rogue,assassination,60,26,34
39243,Dianiss,ragnaros,1452,rogue,assassination,30,17,13
39244,Madge,area-52,1451,rogue,assassination,82,39,43
39245,Shankeez,tichondrius,1437,rogue,assassination,36,17,19
39246,Øsi,icecrown,1433,rogue,assassination,36,15,21
39247,Cleam,darkspear,1432,rogue,assassination,36,19,17
39248,Pirrow,moon-guard,1429,rogue,assassination,52,28,24
39249,Leônhart,thrall,1428,rogue,assassination,54,25,29
39250,Creamypeach,stormrage,1427,rogue,assassination,69,31,38
39251,Lyliym,frostmourne,1405,rogue,assassination,32,16,16
39252,Evilsanta,sargeras,1404,rogue,assassination,40,18,22
39253,Vendëttä,quelthalas,1399,rogue,assassination,48,27,21
39254,Playmaker,frostwolf,1396,rogue,assassination,156,82,74
39255,Galaily,proudmoore,1387,rogue,assassination,90,44,46
39256,Kahlx,azralon,1382,rogue,assassination,167,83,84
39257,Itokuri,ysera,1379,rogue,assassination,42,19,23
39258,Chakarr,stormrage,1374,rogue,assassination,32,22,10
39259,Girio,thrall,1374,rogue,assassination,29,15,14
39260,Páïgèvêntürã,bleeding-hollow,1367,rogue,assassination,32,15,17
39261,Pandrogue,shadowsong,1363,rogue,assassination,53,25,28
39262,Boonee,frostmourne,1363,rogue,assassination,71,33,38
39263,Valråvn,bloodscalp,1359,rogue,assassination,23,15,8
39264,Stillsol,stormrage,1357,rogue,assassination,24,16,8
39265,Hiddencosts,proudmoore,1345,rogue,assassination,123,63,60
39266,Wansuiye,tichondrius,1340,rogue,assassination,42,14,28
39267,Strîkér,tichondrius,1339,rogue,assassination,31,15,16
39268,Rîa,area-52,1339,rogue,assassination,30,14,16
39269,Swexee,area-52,1339,rogue,assassination,60,26,34
39270,Røgüë,malganis,1338,rogue,assassination,30,14,16
39271,Urukzog,ragnaros,1334,rogue,assassination,60,31,29
39272,Saiine,drenden,1333,rogue,assassination,24,14,10
39273,Apocalipto,barthilas,1332,rogue,assassination,89,38,51
39274,Wxva,tichondrius,1331,rogue,assassination,30,14,16
39275,Kindasorry,illidan,1330,rogue,assassination,120,58,62
39276,Ykvo,illidan,1322,rogue,assassination,30,14,16
39277,Youwho,kiljaeden,1313,rogue,assassination,123,57,66
39278,Rêdrum,illidan,1313,rogue,assassination,108,39,69
39279,Ambushr,tichondrius,1312,rogue,assassination,24,16,8
39280,Vimit,tichondrius,1310,rogue,assassination,66,29,37
39281,Coquìn,proudmoore,1303,rogue,assassination,88,43,45
39282,Powerjuicer,tichondrius,1300,rogue,assassination,66,31,35
39283,Greenlemons,lightnings-blade,1297,rogue,assassination,54,30,24
39284,Gorgdrake,illidan,1283,rogue,assassination,78,39,39
39285,Timat,emerald-dream,1282,rogue,assassination,48,22,26
39286,Aynrand,drakkari,1281,rogue,assassination,36,16,20
39287,Keepitshadow,frostmourne,1279,rogue,assassination,89,45,44
39288,Harlyquinn,barthilas,1279,rogue,assassination,96,48,48
39289,Grasiel,tichondrius,1277,rogue,assassination,62,27,35
39290,Doomcore,barthilas,1276,rogue,assassination,41,21,20
39291,Blindfun,emerald-dream,1275,rogue,assassination,33,19,14
39292,Torshe,sargeras,1271,rogue,assassination,24,14,10
39293,Uxaen,tichondrius,1270,rogue,assassination,36,20,16
39294,Morgoophh,azralon,1266,rogue,assassination,188,98,90
39295,Keylâ,thrall,1264,rogue,assassination,62,33,29
39296,Seengivenchy,zuljin,1262,rogue,assassination,26,14,12
39297,Engels,quelthalas,1262,rogue,assassination,72,33,39
39298,Ninjadoo,tichondrius,1262,rogue,assassination,68,27,41
39299,Enyr,frostmourne,1261,rogue,assassination,85,39,46
39300,Sinnister,queldorei,1259,rogue,assassination,47,20,27
39301,Eliasael,moon-guard,1258,rogue,assassination,39,18,21
39302,Lambs,blackhand,1258,rogue,assassination,35,14,21
39303,Regios,shadowmoon,1255,rogue,assassination,71,31,40
39304,Worlddark,quelthalas,1252,rogue,assassination,36,14,22
39305,Lemonlemon,arygos,1247,rogue,assassination,24,13,11
39306,Sênorita,tichondrius,1246,rogue,assassination,36,13,23
39307,Lakeshark,stormrage,1246,rogue,assassination,36,13,23
39308,Helecho,tichondrius,1244,rogue,assassination,30,13,17
39309,Worm,demon-soul,1240,rogue,assassination,36,16,20
39310,Roollz,nemesis,1240,rogue,assassination,33,14,19
39311,Sprigzey,frostmourne,1239,rogue,assassination,24,13,11
39312,Shninzy,senjin,1239,rogue,assassination,24,13,11
39313,Pál,quelthalas,1239,rogue,assassination,36,17,19
39314,Raskapashan,moon-guard,1229,rogue,assassination,36,13,23
39315,Pst,spirestone,1227,rogue,assassination,24,14,10
39316,Jarcus,aggramar,1225,rogue,assassination,36,13,23
39317,Senpaifuta,proudmoore,1222,rogue,assassination,24,14,10
39318,Kzx,illidan,1222,rogue,assassination,24,13,11
39319,Shinobick,kelthuzad,1222,rogue,assassination,30,15,15
39320,Depressedx,illidan,1217,rogue,assassination,24,13,11
39321,Andreals,ragnaros,1211,rogue,assassination,24,14,10
39322,Vannisshh,shattered-halls,1210,rogue,assassination,171,78,93
39323,Riggie,turalyon,1202,rogue,assassination,35,17,18
39324,Spooky,bleeding-hollow,1200,rogue,assassination,106,50,56
39325,Dismayx,tichondrius,1198,rogue,assassination,47,20,27
39326,Entrerí,illidan,1197,rogue,assassination,17,13,4
39327,Zxytox,hyjal,1191,rogue,assassination,33,17,16
39328,Stepic,illidan,1191,rogue,assassination,41,19,22
39329,Jeshka,wyrmrest-accord,1189,rogue,assassination,42,20,22
39330,Lórdx,illidan,1189,rogue,assassination,56,25,31
39331,Shivsac,tichondrius,1177,rogue,assassination,31,14,17
39332,Fakie,quelthalas,1176,rogue,assassination,37,21,16
39333,Indivisible,thunderlord,1174,rogue,assassination,78,41,37
39334,Xvds,tichondrius,1169,rogue,assassination,32,13,19
39335,Mìtsuru,proudmoore,1165,rogue,assassination,36,20,16
39336,Beedie,malganis,1153,rogue,assassination,99,46,53
39337,Sanira,illidan,1152,rogue,assassination,21,13,8
39338,Lycanthropì,illidan,1151,rogue,assassination,18,12,6
39339,Peaches,akama,1151,rogue,assassination,24,12,12
39340,Kenteenx,tichondrius,1151,rogue,assassination,30,12,18
39341,Gùderman,tichondrius,1150,rogue,assassination,18,12,6
39342,Kriszov,moon-guard,1149,rogue,assassination,142,71,71
39343,Wongcha,darkspear,1149,rogue,assassination,30,12,18
39344,Lesentixd,stormrage,1149,rogue,assassination,30,12,18
39345,Slycndice,tortheldrin,1148,rogue,assassination,78,45,33
39346,Odetodindel,nerzhul,1146,rogue,assassination,60,32,28
39347,Sergioz,quelthalas,1143,rogue,assassination,54,23,31
39348,Rodanheim,burning-blade,1137,rogue,assassination,84,40,44
39349,Ixìa,vashj,1135,rogue,assassination,30,12,18
39350,Theblindsap,dalaran,1132,rogue,assassination,24,12,12
39351,Peeryl,daggerspine,1129,rogue,assassination,130,74,56
39352,Ràinê,dalaran,1128,rogue,assassination,24,13,11
39353,Sgnome,quelthalas,1128,rogue,assassination,30,12,18
39354,Lakki,chromaggus,1127,rogue,assassination,30,12,18
39355,Chingado,kaelthas,1127,rogue,assassination,46,18,28
39356,Laotrec,nemesis,1126,rogue,assassination,24,12,12
39357,Dothras,stormrage,1119,rogue,assassination,87,43,44
39358,Thepitt,stormrage,1114,rogue,assassination,37,13,24
39359,Stepper,aegwynn,1113,rogue,assassination,24,12,12
39360,Copler,tichondrius,1110,rogue,assassination,48,17,31
39361,Roguepvp,stormrage,1108,rogue,assassination,64,35,29
39362,Nikhlaus,ragnaros,1107,rogue,assassination,24,13,11
39363,Altarys,ragnaros,1103,rogue,assassination,27,15,12
39364,Sheinnér,ragnaros,1102,rogue,assassination,31,16,15
39365,Dysxliec,dalaran,1101,rogue,assassination,35,12,23
39366,Esraxo,frostmourne,1100,rogue,assassination,20,13,7
39367,Eldan,moon-guard,1093,rogue,assassination,42,13,29
39368,Smoketoad,tichondrius,1081,rogue,assassination,30,15,15
39369,Xhau,moon-guard,1075,rogue,assassination,69,33,36
39370,Lilgoosie,korgath,1062,rogue,assassination,36,14,22
39371,Osiriko,thunderlord,1061,rogue,assassination,114,61,53
39372,Cashbigknife,area-52,1061,rogue,assassination,70,28,42
39373,Aiden,burning-legion,1056,rogue,assassination,18,11,7
39374,Lycanthropî,illidan,1056,rogue,assassination,24,11,13
39375,Frez,amanthul,1056,rogue,assassination,30,11,19
39376,Ziggee,sargeras,1055,rogue,assassination,50,25,25
39377,Grafting,tichondrius,1055,rogue,assassination,24,11,13
39378,Djfortníte,tichondrius,1055,rogue,assassination,24,11,13
39379,Zipperx,tichondrius,1053,rogue,assassination,30,11,19
39380,Stuns,azshara,1052,rogue,assassination,18,11,7
39381,Shigoo,sargeras,1051,rogue,assassination,24,11,13
39382,Kazzo,tichondrius,1050,rogue,assassination,18,11,7
39383,Adrianstab,dalaran,1049,rogue,assassination,77,39,38
39384,Hookahrogue,area-52,1049,rogue,assassination,24,11,13
39385,Roguecity,tichondrius,1047,rogue,assassination,142,60,82
39386,Tortador,quelthalas,1044,rogue,assassination,68,32,36
39387,Looprevil,andorhal,1043,rogue,assassination,24,14,10
39388,Cripstaet,spinebreaker,1029,rogue,assassination,25,12,13
39389,Deathshadow,dethecus,1025,rogue,assassination,30,11,19
39390,Oddblade,stormrage,1025,rogue,assassination,36,11,25
39391,Vastørogue,azralon,1017,rogue,assassination,61,31,30
39392,Snoopdrogado,sargeras,1010,rogue,assassination,52,27,25
39393,Dochap,blackrock,1008,rogue,assassination,74,31,43
39394,Daggerback,bleeding-hollow,1002,rogue,assassination,29,17,12
39395,Elithr,nemesis,1002,rogue,assassination,24,11,13
39396,Escape,elune,1001,rogue,assassination,30,14,16
39397,Dabrat,frostwolf,997,rogue,assassination,66,31,35
39398,Alkal,stormreaver,996,rogue,assassination,28,13,15
39399,Skigskag,shadowsong,980,rogue,assassination,133,63,70
39400,Karing,onyxia,977,rogue,assassination,22,11,11
39401,Pegglerogue,fizzcrank,977,rogue,assassination,84,37,47
39402,Wolgan,nemesis,975,rogue,assassination,61,30,31
39403,Gersonq,moon-guard,965,rogue,assassination,25,13,12
39404,Loligotyou,stormrage,962,rogue,assassination,64,20,44
39405,Jonuts,bleeding-hollow,960,rogue,assassination,18,10,8
39406,Lakeshark,tichondrius,960,rogue,assassination,18,10,8
39407,Gogothirteen,kiljaeden,960,rogue,assassination,32,15,17
39408,Dizzymoods,stormrage,960,rogue,assassination,24,10,14
39409,Kents,tichondrius,960,rogue,assassination,24,10,14
39410,Nikjawar,illidan,959,rogue,assassination,24,11,13
39411,Downsix,sargeras,959,rogue,assassination,24,10,14
39412,Effikacy,uldum,958,rogue,assassination,18,10,8
39413,Cerut,illidan,957,rogue,assassination,18,10,8
39414,Vindzl,azralon,957,rogue,assassination,24,10,14
39415,Combo,norgannon,956,rogue,assassination,24,10,14
39416,Average,burning-blade,954,rogue,assassination,27,10,17
39417,Snuzzy,darkspear,954,rogue,assassination,36,10,26
39418,Dockside,stormrage,953,rogue,assassination,18,10,8
39419,Sangreale,nemesis,953,rogue,assassination,18,10,8
39420,Arlom,daggerspine,951,rogue,assassination,18,10,8
39421,Problemchild,rexxar,949,rogue,assassination,24,10,14
39422,Vozzy,proudmoore,947,rogue,assassination,30,17,13
39423,Gygáx,terenas,947,rogue,assassination,36,19,17
39424,Xalsathoth,sargeras,946,rogue,assassination,36,10,26
39425,Hattrìck,area-52,943,rogue,assassination,30,10,20
39426,Skoorbals,tichondrius,938,rogue,assassination,22,11,11
39427,Headless,dragonmaw,934,rogue,assassination,76,38,38
39428,Velsad,sargeras,934,rogue,assassination,29,10,19
39429,Artymesia,medivh,931,rogue,assassination,18,10,8
39430,Atomicgoat,tichondrius,928,rogue,assassination,33,12,21
39431,Turyx,azralon,920,rogue,assassination,78,24,54
39432,Papadopolous,zuluhed,917,rogue,assassination,26,11,15
39433,Endlesswaltz,zuljin,912,rogue,assassination,27,10,17
39434,Thenelis,dalaran,897,rogue,assassination,43,10,33
39435,Orcwarhammer,tichondrius,886,rogue,assassination,18,10,8
39436,Criptoniø,azralon,883,rogue,assassination,28,13,15
39437,Emrogue,ragnaros,876,rogue,assassination,30,15,15
39438,Cjayy,bleeding-hollow,876,rogue,assassination,31,11,20
39439,Ka,blackhand,864,rogue,assassination,12,9,3
39440,Unlucký,sargeras,864,rogue,assassination,12,9,3
39441,Endworldlife,stormrage,864,rogue,assassination,12,9,3
39442,Chizza,frostmourne,864,rogue,assassination,18,10,8
39443,Cálí,azralon,864,rogue,assassination,18,9,9
39444,Ahjii,malganis,864,rogue,assassination,30,9,21
39445,Entropyphi,daggerspine,863,rogue,assassination,24,9,15
39446,Whoox,khazgoroth,863,rogue,assassination,30,9,21
39447,Mcskipa,sargeras,862,rogue,assassination,12,9,3
39448,Moardner,dalaran,860,rogue,assassination,84,30,54
39449,Cox,bleeding-hollow,858,rogue,assassination,12,9,3
39450,Ballflicker,malganis,857,rogue,assassination,30,9,21
39451,Shumira,tichondrius,856,rogue,assassination,18,9,9
39452,Wreatus,moon-guard,853,rogue,assassination,102,41,61
39453,Teach,illidan,849,rogue,assassination,102,37,65
39454,Thontz,sargeras,843,rogue,assassination,18,9,9
39455,Lanottee,sargeras,829,rogue,assassination,17,10,7
39456,Píxíedúst,black-dragonflight,812,rogue,assassination,34,10,24
39457,Chersy,tichondrius,810,rogue,assassination,32,10,22
39458,Shizunö,stormrage,806,rogue,assassination,33,10,23
39459,Zamorant,emerald-dream,806,rogue,assassination,53,11,42
39460,Zapersapp,malygos,803,rogue,assassination,28,10,18
39461,Luckycrit,frostwolf,788,rogue,assassination,36,14,22
39462,Ôñéèýèdkíñg,stormrage,768,rogue,assassination,12,8,4
39463,Topfloorboss,illidan,768,rogue,assassination,12,8,4
39464,Clairered,tichondrius,768,rogue,assassination,18,8,10
39465,Snakegødx,sargeras,768,rogue,assassination,21,9,12
39466,Atulano,wyrmrest-accord,768,rogue,assassination,24,8,16
39467,Pike,barthilas,767,rogue,assassination,12,8,4
39468,Exeg,tichondrius,767,rogue,assassination,12,8,4
39469,Gøblìn,stormrage,767,rogue,assassination,15,9,6
39470,Sagatha,bleeding-hollow,767,rogue,assassination,18,8,10
39471,Zetéra,ragnaros,767,rogue,assassination,18,8,10
39472,Shiddlesz,area-52,767,rogue,assassination,18,8,10
39473,Gilbertgr,boulderfist,767,rogue,assassination,18,8,10
39474,Darkdessoft,ragnaros,767,rogue,assassination,18,8,10
39475,Xshadowt,ragnaros,767,rogue,assassination,24,8,16
39476,Frëdlock,kelthuzad,767,rogue,assassination,24,8,16
39477,Sindor,azralon,767,rogue,assassination,30,8,22
39478,Mylovejunex,tichondrius,766,rogue,assassination,12,8,4
39479,ßackshots,kelthuzad,766,rogue,assassination,18,8,10
39480,Wolfsire,queldorei,766,rogue,assassination,18,8,10
39481,Manersi,akama,764,rogue,assassination,24,8,16
39482,Ðisappéar,ragnaros,764,rogue,assassination,33,9,24
39483,Picaroxp,drakkari,762,rogue,assassination,12,8,4
39484,Zropi,quelthalas,762,rogue,assassination,24,8,16
39485,Pikacuulo,ragnaros,760,rogue,assassination,31,9,22
39486,Núm,tichondrius,756,rogue,assassination,32,12,20
39487,Snoor,nemesis,753,rogue,assassination,21,9,12
39488,Killua,dalaran,752,rogue,assassination,18,8,10
39489,Ñovä,tichondrius,750,rogue,assassination,18,8,10
39490,Cryptixx,blades-edge,748,rogue,assassination,18,8,10
39491,Anyiele,stormrage,747,rogue,assassination,18,8,10
39492,Slickdude,stormrage,717,rogue,assassination,66,14,52
39493,Cruelworld,stormrage,713,rogue,assassination,30,10,20
39494,Snub,aerie-peak,713,rogue,assassination,28,8,20
39495,Respia,proudmoore,705,rogue,assassination,28,10,18
39496,Ghoulzer,tichondrius,704,rogue,assassination,10,8,2
39497,Superharry,tichondrius,702,rogue,assassination,22,8,14
39498,Skitsöu,tichondrius,672,rogue,assassination,12,7,5
39499,Toxicplyer,malganis,672,rogue,assassination,12,7,5
39500,Sotypical,area-52,672,rogue,assassination,12,7,5
39501,Dzd,stormrage,672,rogue,assassination,12,7,5
39502,Chriseanrock,illidan,672,rogue,assassination,12,7,5
39503,Jaganz,stormrage,672,rogue,assassination,12,7,5
39504,Jxxs,zuljin,672,rogue,assassination,12,7,5
39505,Lxw,frostmourne,672,rogue,assassination,12,7,5
39506,Mydearest,tichondrius,672,rogue,assassination,18,7,11
39507,Nogodplsno,stormrage,672,rogue,assassination,18,7,11
39508,Elwynë,tichondrius,672,rogue,assassination,18,7,11
39509,Twoheaded,frostmourne,672,rogue,assassination,18,7,11
39510,Zaszune,stormrage,672,rogue,assassination,18,7,11
39511,Deepman,gorefiend,671,rogue,assassination,12,7,5
39512,Alizashea,stormrage,671,rogue,assassination,12,7,5
39513,Alithileria,moon-guard,671,rogue,assassination,12,7,5
39514,Slizard,boulderfist,671,rogue,assassination,12,7,5
39515,Løgîc,tichondrius,671,rogue,assassination,12,7,5
39516,Showclass,stormrage,671,rogue,assassination,18,7,11
39517,Ezzdeath,tichondrius,671,rogue,assassination,18,7,11
39518,Gucciboo,sargeras,671,rogue,assassination,18,7,11
39519,Johnthefum,malganis,671,rogue,assassination,18,7,11
39520,Tìnkerton,wyrmrest-accord,671,rogue,assassination,24,7,17
39521,Mõtaru,stormrage,671,rogue,assassination,24,7,17
39522,Habock,ragnaros,670,rogue,assassination,17,7,10
39523,Sap,garrosh,670,rogue,assassination,18,7,11
39524,Çrëeper,illidan,670,rogue,assassination,24,7,17
39525,Anyiel,stormrage,670,rogue,assassination,24,7,17
39526,Heimlichkeit,tichondrius,669,rogue,assassination,18,7,11
39527,Jagó,malganis,669,rogue,assassination,18,7,11
39528,Sinistro,bleeding-hollow,667,rogue,assassination,12,7,5
39529,Jakkov,blackrock,666,rogue,assassination,18,7,11
39530,Kiorz,tichondrius,665,rogue,assassination,12,7,5
39531,Soupspoon,terenas,664,rogue,assassination,18,7,11
39532,Bityellow,tichondrius,663,rogue,assassination,12,7,5
39533,Slootslayer,azshara,662,rogue,assassination,18,7,11
39534,Muffens,alterac-mountains,662,rogue,assassination,18,7,11
39535,Tralisong,azshara,660,rogue,assassination,18,7,11
39536,Feote,ragnaros,659,rogue,assassination,12,7,5
39537,Tiptoez,bleeding-hollow,637,rogue,assassination,18,8,10
39538,Dragoonz,nemesis,637,rogue,assassination,23,7,16
39539,Pantypeelz,frostmourne,635,rogue,assassination,17,7,10
39540,Runakó,kelthuzad,623,rogue,assassination,11,7,4
39541,Thoxic,barthilas,620,rogue,assassination,17,7,10
39542,Pochomän,ragnaros,618,rogue,assassination,16,9,7
39543,Onulyo,tichondrius,618,rogue,assassination,16,8,8
39544,Lethun,zuljin,607,rogue,assassination,14,7,7
39545,Cmòón,tichondrius,576,rogue,assassination,12,6,6
39546,Saltoss,frostmourne,576,rogue,assassination,12,6,6
39547,Jaywas,tichondrius,576,rogue,assassination,12,6,6
39548,Stabasaurus,blood-furnace,576,rogue,assassination,12,6,6
39549,Chipetan,hyjal,576,rogue,assassination,12,6,6
39550,Kayriss,antonidas,576,rogue,assassination,12,6,6
39551,Nicknasty,kelthuzad,576,rogue,assassination,12,6,6
39552,Movze,area-52,576,rogue,assassination,12,6,6
39553,Bloodygoat,area-52,576,rogue,assassination,12,6,6
39554,Mosedz,tichondrius,576,rogue,assassination,12,6,6
39555,Luriél,stormrage,576,rogue,assassination,12,6,6
39556,Arcess,ragnaros,576,rogue,assassination,12,6,6
39557,Slipperydog,jubeithos,576,rogue,assassination,18,6,12
39558,Ahji,malganis,576,rogue,assassination,18,6,12
39559,Tri,the-underbog,576,rogue,assassination,18,6,12
39560,Çõvìd,malganis,576,rogue,assassination,30,6,24
39561,Robinsony,tichondrius,575,rogue,assassination,12,6,6
39562,Alavennian,tichondrius,575,rogue,assassination,12,6,6
39563,Blaçkout,thrall,575,rogue,assassination,12,6,6
39564,Twinkasz,nemesis,575,rogue,assassination,12,6,6
39565,Slain,dark-iron,575,rogue,assassination,15,6,9
39566,Ethaniel,bronzebeard,575,rogue,assassination,15,6,9
39567,Goutetsu,area-52,575,rogue,assassination,24,6,18
39568,Kuntyou,barthilas,575,rogue,assassination,24,6,18
39569,Pusufox,tichondrius,574,rogue,assassination,12,6,6
39570,Aurrora,kiljaeden,574,rogue,assassination,17,6,11
39571,Mcvillain,kelthuzad,573,rogue,assassination,12,6,6
39572,Vegettaa,azralon,573,rogue,assassination,18,6,12
39573,Akalio,laughing-skull,571,rogue,assassination,18,6,12
39574,Addvilpm,wyrmrest-accord,570,rogue,assassination,12,6,6
39575,Vitalz,bloodscalp,568,rogue,assassination,18,6,12
39576,Annastasiya,moon-guard,568,rogue,assassination,18,6,12
39577,Euweu,azralon,567,rogue,assassination,18,6,12
39578,Nektulos,illidan,566,rogue,assassination,13,6,7
39579,Hellwolf,azgalor,565,rogue,assassination,13,6,7
39580,Drpepzi,tichondrius,565,rogue,assassination,24,6,18
39581,Sneakoh,illidan,543,rogue,assassination,23,6,17
39582,Vandalyze,sargeras,542,rogue,assassination,11,6,5
39583,Sneakyfoot,gorgonnash,535,rogue,assassination,35,7,28
39584,Lvx,frostmourne,528,rogue,assassination,9,6,3
39585,Requiescat,bleeding-hollow,527,rogue,assassination,15,6,9
39586,Genève,dreadmaul,526,rogue,assassination,11,6,5
39587,Sìcarìus,tichondrius,512,rogue,assassination,22,6,16
39588,Mayyhem,caelestrasz,480,rogue,assassination,6,5,1
39589,Purcius,moon-guard,480,rogue,assassination,6,5,1
39590,Pwnsauce,frostmourne,480,rogue,assassination,7,5,2
39591,Sonymf,frostmourne,480,rogue,assassination,12,5,7
39592,Ppdx,malganis,480,rogue,assassination,12,5,7
39593,Breakxcvii,bleeding-hollow,480,rogue,assassination,12,5,7
39594,Vaporwavey,frostmourne,480,rogue,assassination,12,5,7
39595,Xhampu,ragnaros,480,rogue,assassination,12,5,7
39596,Gomma,stormrage,480,rogue,assassination,12,5,7
39597,Mercenàrioh,azralon,480,rogue,assassination,12,5,7
39598,Fuzzyslow,stormrage,480,rogue,assassination,12,5,7
39599,Bloore,fizzcrank,480,rogue,assassination,12,5,7
39600,Tberg,emerald-dream,480,rogue,assassination,12,5,7
39601,Hoochzors,deathwing,480,rogue,assassination,12,5,7
39602,Akayod,tichondrius,480,rogue,assassination,12,5,7
39603,Outsap,tichondrius,480,rogue,assassination,12,5,7
39604,Vlayd,ragnaros,480,rogue,assassination,12,5,7
39605,Surprises,azralon,480,rogue,assassination,12,5,7
39606,Bleedzbuttah,proudmoore,480,rogue,assassination,12,5,7
39607,Roguespawn,dark-iron,480,rogue,assassination,12,5,7
39608,Dtelkham,tichondrius,480,rogue,assassination,16,6,10
39609,Yellowdawt,stormrage,480,rogue,assassination,18,5,13
39610,Xm,sargeras,480,rogue,assassination,18,5,13
39611,Paradise,smolderthorn,479,rogue,assassination,6,5,1
39612,Beartøøth,stormrage,479,rogue,assassination,6,5,1
39613,Meilh,emerald-dream,479,rogue,assassination,12,5,7
39614,Poofhottie,lightbringer,479,rogue,assassination,12,5,7
39615,Scarrog,wyrmrest-accord,479,rogue,assassination,12,5,7
39616,Bigcolumn,tichondrius,479,rogue,assassination,12,5,7
39617,Møfshanks,sargeras,479,rogue,assassination,12,5,7
39618,Dessenia,illidan,479,rogue,assassination,12,5,7
39619,Slayersama,ragnaros,479,rogue,assassination,12,5,7
39620,Skîttlês,kul-tiras,479,rogue,assassination,12,5,7
39621,Mashad,moon-guard,479,rogue,assassination,12,5,7
39622,Cynalia,sargeras,479,rogue,assassination,15,5,10
39623,Rinestiria,arthas,479,rogue,assassination,18,5,13
39624,Bonzaipopo,stormrage,479,rogue,assassination,18,5,13
39625,Diamondiâ,moon-guard,479,rogue,assassination,24,5,19
39626,Villainrogue,stormrage,478,rogue,assassination,12,5,7
39627,Maison,ragnaros,478,rogue,assassination,12,5,7
39628,Bonizzi,stormrage,478,rogue,assassination,12,5,7
39629,Lethalist,whisperwind,476,rogue,assassination,12,5,7
39630,Adysius,malganis,475,rogue,assassination,12,5,7
39631,Wìndrunner,dalaran,474,rogue,assassination,12,5,7
39632,Killdead,warsong,473,rogue,assassination,12,5,7
39633,Savagedeeps,stormreaver,472,rogue,assassination,12,5,7
39634,Donamarillo,sargeras,462,rogue,assassination,11,5,6
39635,Julius,malganis,447,rogue,assassination,8,6,2
39636,Shizz,tichondrius,447,rogue,assassination,14,6,8
39637,Elixera,sargeras,425,rogue,assassination,16,6,10
39638,Minnicent,amanthul,413,rogue,assassination,10,5,5
39639,Kágé,ragnaros,384,rogue,assassination,6,4,2
39640,Csguixuan,aerie-peak,384,rogue,assassination,6,4,2
39641,Hollowtipzz,tichondrius,384,rogue,assassination,6,4,2
39642,Schleazy,emerald-dream,384,rogue,assassination,6,4,2
39643,Colom,moon-guard,384,rogue,assassination,6,4,2
39644,Grima,azralon,384,rogue,assassination,6,4,2
39645,Taessin,kelthuzad,384,rogue,assassination,6,4,2
39646,Shaisty,malganis,384,rogue,assassination,6,4,2
39647,Chokonet,gurubashi,384,rogue,assassination,6,4,2
39648,Revlul,darkspear,384,rogue,assassination,6,4,2
39649,Silentzero,quelthalas,384,rogue,assassination,6,4,2
39650,Endworldlife,tichondrius,384,rogue,assassination,6,4,2
39651,Bootiebandit,tichondrius,384,rogue,assassination,6,4,2
39652,Vinrhayle,sargeras,384,rogue,assassination,6,4,2
39653,Betakong,quelthalas,384,rogue,assassination,6,4,2
39654,Tmpikaboo,tichondrius,384,rogue,assassination,6,4,2
39655,Gaige,muradin,384,rogue,assassination,6,4,2
39656,Buckbreaker,stormrage,384,rogue,assassination,6,4,2
39657,Yurkarogue,tichondrius,384,rogue,assassination,6,4,2
39658,Fofree,hyjal,384,rogue,assassination,6,4,2
39659,Brobrando,tichondrius,384,rogue,assassination,6,4,2
39660,Venomsnáke,tichondrius,384,rogue,assassination,6,4,2
39661,Smum,tichondrius,384,rogue,assassination,6,4,2
39662,Ikerz,tichondrius,384,rogue,assassination,9,4,5
39663,Wowslayer,bleeding-hollow,384,rogue,assassination,12,4,8
39664,Poonaniqt,gundrak,384,rogue,assassination,12,4,8
39665,Sillikitti,tichondrius,384,rogue,assassination,12,4,8
39666,Kargargar,thrall,384,rogue,assassination,12,4,8
39667,Drakariano,ragnaros,384,rogue,assassination,12,4,8
39668,Psilocin,sargeras,384,rogue,assassination,12,4,8
39669,Mansa,zangarmarsh,384,rogue,assassination,12,4,8
39670,Lancin,azjolnerub,384,rogue,assassination,12,4,8
39671,Stabbyboy,malganis,384,rogue,assassination,12,4,8
39672,Ninjamf,bleeding-hollow,384,rogue,assassination,12,4,8
39673,Sellers,tichondrius,384,rogue,assassination,12,4,8
39674,Gridisx,wyrmrest-accord,384,rogue,assassination,12,4,8
39675,Celèphaïs,tichondrius,384,rogue,assassination,12,4,8
39676,Inunofun,stormrage,384,rogue,assassination,12,4,8
39677,Cryoph,illidan,384,rogue,assassination,12,4,8
39678,Akhila,stormrage,384,rogue,assassination,12,4,8
39679,Mirâge,illidan,384,rogue,assassination,12,4,8
39680,Muwop,barthilas,384,rogue,assassination,12,4,8
39681,Hirian,misha,384,rogue,assassination,12,4,8
39682,Shadøw,the-forgotten-coast,384,rogue,assassination,12,4,8
39683,Cv,proudmoore,384,rogue,assassination,12,4,8
39684,Ròry,dark-iron,384,rogue,assassination,12,4,8
39685,Kehkoa,thrall,384,rogue,assassination,12,4,8
39686,Escurecer,azralon,384,rogue,assassination,18,4,14
39687,Kdrx,thrall,384,rogue,assassination,18,4,14
39688,Gladlol,stormrage,384,rogue,assassination,18,4,14
39689,Denoms,area-52,384,rogue,assassination,18,4,14
39690,Ssigma,tichondrius,384,rogue,assassination,18,4,14
39691,Azrek,sargeras,384,rogue,assassination,18,4,14
39692,Ggassasin,tichondrius,384,rogue,assassination,18,4,14
39693,Skinnymayne,laughing-skull,384,rogue,assassination,18,4,14
39694,Wikkihx,emerald-dream,384,rogue,assassination,24,4,20
39695,Jestertyv,hyjal,383,rogue,assassination,12,4,8
39696,Ñinjå,alleria,383,rogue,assassination,12,4,8
39697,Steeldiesel,sargeras,383,rogue,assassination,12,4,8
39698,Corteleve,nemesis,383,rogue,assassination,12,4,8
39699,Sapstabdead,blackrock,383,rogue,assassination,12,4,8
39700,Setsu,sargeras,383,rogue,assassination,13,4,9
39701,Wrinklevoss,proudmoore,382,rogue,assassination,12,4,8
39702,Hésta,moon-guard,382,rogue,assassination,12,4,8
39703,Kalandar,moon-guard,382,rogue,assassination,12,4,8
39704,Vladtsepesh,stormrage,382,rogue,assassination,24,4,20
39705,Ðerpius,proudmoore,381,rogue,assassination,12,4,8
39706,Slobernocker,stormrage,381,rogue,assassination,12,4,8
39707,Fllokii,arygos,381,rogue,assassination,12,4,8
39708,Tolthe,hyjal,351,rogue,assassination,11,4,7
39709,Siniel,scarlet-crusade,336,rogue,assassination,9,4,5
39710,Whatsåpp,gallywix,320,rogue,assassination,10,4,6
39711,Coopi,tichondrius,320,rogue,assassination,10,4,6
39712,Pícáróóná,ragnaros,320,rogue,assassination,16,4,12
39713,Suffêr,dalaran,319,rogue,assassination,8,4,4
39714,Ziedrich,frostmourne,318,rogue,assassination,10,4,6
39715,Ncb,bleeding-hollow,288,rogue,assassination,6,3,3
39716,Anímosity,darkspear,288,rogue,assassination,6,3,3
39717,Toxan,emerald-dream,288,rogue,assassination,6,3,3
39718,Maciota,area-52,288,rogue,assassination,6,3,3
39719,Bledstepelin,frostmourne,288,rogue,assassination,6,3,3
39720,Wowamaze,aegwynn,288,rogue,assassination,6,3,3
39721,Åmg,tichondrius,288,rogue,assassination,6,3,3
39722,Cron,arygos,288,rogue,assassination,6,3,3
39723,Brlsels,azralon,288,rogue,assassination,6,3,3
39724,Crohnns,barthilas,288,rogue,assassination,6,3,3
39725,Syxs,sargeras,288,rogue,assassination,6,3,3
39726,Rýuu,bleeding-hollow,288,rogue,assassination,6,3,3
39727,Bigtengu,tichondrius,288,rogue,assassination,6,3,3
39728,Gbg,arathor,288,rogue,assassination,6,3,3
39729,Corrier,tichondrius,288,rogue,assassination,6,3,3
39730,Gutshøt,tichondrius,288,rogue,assassination,6,3,3
39731,Mcjagerx,darkspear,288,rogue,assassination,6,3,3
39732,Punkyass,azralon,288,rogue,assassination,6,3,3
39733,Shninzy,stormrage,288,rogue,assassination,6,3,3
39734,Chickfilaye,auchindoun,288,rogue,assassination,6,3,3
39735,Gulvzer,tichondrius,288,rogue,assassination,6,3,3
39736,Ubun,quelthalas,288,rogue,assassination,6,3,3
39737,Calebrogue,illidan,288,rogue,assassination,6,3,3
39738,Steffmaister,tichondrius,288,rogue,assassination,6,3,3
39739,Shímira,azralon,288,rogue,assassination,6,3,3
39740,Kurosh,kalecgos,288,rogue,assassination,6,3,3
39741,Deeshdosh,illidan,288,rogue,assassination,6,3,3
39742,Thâïßòÿgøóñ,jubeithos,288,rogue,assassination,6,3,3
39743,Emvee,kelthuzad,288,rogue,assassination,6,3,3
39744,Prodixybn,illidan,288,rogue,assassination,6,3,3
39745,Saltypwncake,illidan,288,rogue,assassination,6,3,3
39746,Greasybbsea,illidan,288,rogue,assassination,6,3,3
39747,Drapezz,kelthuzad,288,rogue,assassination,6,3,3
39748,Dïeb,zuljin,288,rogue,assassination,6,3,3
39749,Griefs,tichondrius,288,rogue,assassination,6,3,3
39750,Usernameqtxo,kelthuzad,288,rogue,assassination,6,3,3
39751,Vahrheit,tichondrius,288,rogue,assassination,6,3,3
39752,Jannie,rexxar,288,rogue,assassination,6,3,3
39753,Mügi,ragnaros,288,rogue,assassination,6,3,3
39754,Alttee,proudmoore,288,rogue,assassination,12,3,9
39755,Tìlt,whisperwind,288,rogue,assassination,12,3,9
39756,Elevorra,frostmourne,288,rogue,assassination,12,3,9
39757,Axm,azralon,288,rogue,assassination,12,3,9
39758,Sunshinezx,frostmourne,288,rogue,assassination,12,3,9
39759,Flattsr,tichondrius,288,rogue,assassination,12,3,9
39760,Brianä,quelthalas,288,rogue,assassination,12,3,9
39761,Cydonian,ragnaros,288,rogue,assassination,12,3,9
39762,Karmagoodttv,stormrage,288,rogue,assassination,12,3,9
39763,Aevaela,duskwood,288,rogue,assassination,12,3,9
39764,Arïa,drakkari,288,rogue,assassination,12,3,9
39765,Joeyzord,stormrage,288,rogue,assassination,12,3,9
39766,Bubbski,area-52,288,rogue,assassination,12,3,9
39767,Shortcut,khadgar,288,rogue,assassination,12,3,9
39768,Tattoo,zuljin,288,rogue,assassination,12,3,9
39769,Brudashmurda,tichondrius,288,rogue,assassination,12,3,9
39770,Pintofwoc,area-52,288,rogue,assassination,12,3,9
39771,Trinktick,doomhammer,288,rogue,assassination,12,3,9
39772,Finlander,area-52,288,rogue,assassination,12,3,9
39773,Redlïne,tichondrius,288,rogue,assassination,12,3,9
39774,Benielfman,illidan,288,rogue,assassination,12,3,9
39775,Gábagool,kiljaeden,288,rogue,assassination,12,3,9
39776,Rokkhan,blackrock,288,rogue,assassination,12,3,9
39777,Ereshkigall,ragnaros,288,rogue,assassination,18,3,15
39778,Stunedya,destromath,287,rogue,assassination,6,3,3
39779,Clipp,wildhammer,287,rogue,assassination,6,3,3
39780,Moridra,demon-soul,287,rogue,assassination,6,3,3
39781,Shadownibba,illidan,287,rogue,assassination,6,3,3
39782,Revozy,azralon,287,rogue,assassination,6,3,3
39783,Gilhela,bloodhoof,287,rogue,assassination,6,3,3
39784,Abuse,gundrak,287,rogue,assassination,6,3,3
39785,Lyndra,thunderlord,287,rogue,assassination,12,3,9
39786,Chïdaruma,azralon,287,rogue,assassination,12,3,9
39787,Tracemakerr,emerald-dream,287,rogue,assassination,12,3,9
39788,Olg,arathor,287,rogue,assassination,12,3,9
39789,Anarusekkusu,wyrmrest-accord,287,rogue,assassination,12,3,9
39790,Talinô,moknathal,287,rogue,assassination,12,3,9
39791,Cricketts,kalecgos,287,rogue,assassination,16,3,13
39792,Sanguinnar,nemesis,285,rogue,assassination,12,3,9
39793,Clothies,zuljin,285,rogue,assassination,12,3,9
39794,Synesh,moon-guard,255,rogue,assassination,11,3,8
39795,Pitfirex,area-52,239,rogue,assassination,5,3,2
39796,Shigoku,tichondrius,239,rogue,assassination,5,3,2
39797,Tamsy,the-forgotten-coast,239,rogue,assassination,5,3,2
39798,Drøverînsane,thrall,239,rogue,assassination,5,3,2
39799,Walnutrog,area-52,234,rogue,assassination,11,5,6
39800,Pãndã,stormrage,234,rogue,assassination,13,4,9
39801,Skairipa,agamaggan,232,rogue,assassination,7,4,3
39802,Estabo,daggerspine,223,rogue,assassination,8,3,5
39803,Roguegirl,alexstrasza,202,rogue,assassination,18,4,14
39804,Yanh,tichondrius,192,rogue,assassination,6,2,4
39805,Ýûñí,tichondrius,192,rogue,assassination,6,2,4
39806,Happyunhappy,illidan,192,rogue,assassination,6,2,4
39807,Slashinsteev,dalaran,192,rogue,assassination,6,2,4
39808,Ssjseem,sargeras,192,rogue,assassination,6,2,4
39809,Zenshin,tichondrius,192,rogue,assassination,6,2,4
39810,Savyt,dalaran,192,rogue,assassination,6,2,4
39811,Deathben,tichondrius,192,rogue,assassination,6,2,4
39812,Wildtrick,greymane,192,rogue,assassination,6,2,4
39813,Jaanmonty,frostmourne,192,rogue,assassination,6,2,4
39814,Zogbu,stormrage,192,rogue,assassination,6,2,4
39815,Vanishcdc,area-52,192,rogue,assassination,6,2,4
39816,Itskanashi,frostmourne,192,rogue,assassination,6,2,4
39817,Poolover,barthilas,192,rogue,assassination,6,2,4
39818,Støné,azjolnerub,192,rogue,assassination,6,2,4
39819,Ninja,jubeithos,192,rogue,assassination,6,2,4
39820,Ilesire,frostmourne,192,rogue,assassination,6,2,4
39821,Lesty,kelthuzad,192,rogue,assassination,6,2,4
39822,Quickflash,bloodhoof,192,rogue,assassination,6,2,4
39823,Sneakynight,bleeding-hollow,192,rogue,assassination,6,2,4
39824,Apssal,tichondrius,192,rogue,assassination,6,2,4
39825,Poohkié,malganis,192,rogue,assassination,6,2,4
39826,Amysix,antonidas,192,rogue,assassination,6,2,4
39827,Robomom,illidan,192,rogue,assassination,6,2,4
39828,Tagerung,malganis,192,rogue,assassination,6,2,4
39829,Streetjudas,barthilas,192,rogue,assassination,6,2,4
39830,Passoafaca,azralon,192,rogue,assassination,6,2,4
39831,Wyyre,hyjal,192,rogue,assassination,6,2,4
39832,Shini,malganis,192,rogue,assassination,6,2,4
39833,Ennmaa,azralon,192,rogue,assassination,6,2,4
39834,Takeiapika,azralon,192,rogue,assassination,6,2,4
39835,Sneakysharky,frostmourne,192,rogue,assassination,6,2,4
39836,Baalos,medivh,192,rogue,assassination,6,2,4
39837,Gabrielgray,firetree,192,rogue,assassination,6,2,4
39838,Miloandotis,malganis,192,rogue,assassination,6,2,4
39839,Kwins,cenarion-circle,192,rogue,assassination,6,2,4
39840,Frostheartyy,azralon,192,rogue,assassination,6,2,4
39841,Darkfalleng,azralon,192,rogue,assassination,6,2,4
39842,Karmakula,wildhammer,192,rogue,assassination,6,2,4
39843,Garatan,nemesis,192,rogue,assassination,6,2,4
39844,Streetjesuz,barthilas,192,rogue,assassination,6,2,4
39845,Yoodoo,nemesis,192,rogue,assassination,6,2,4
39846,Roguemain,smolderthorn,192,rogue,assassination,6,2,4
39847,Kellthzard,goldrinn,192,rogue,assassination,6,2,4
39848,Mermm,burning-blade,192,rogue,assassination,6,2,4
39849,Haeqn,nemesis,192,rogue,assassination,6,2,4
39850,Ryoushei,ragnaros,192,rogue,assassination,6,2,4
39851,Corchô,moon-guard,192,rogue,assassination,6,2,4
39852,Soizhiro,ragnaros,192,rogue,assassination,6,2,4
39853,Märlboro,ragnaros,192,rogue,assassination,6,2,4
39854,Ganksterqt,dentarg,192,rogue,assassination,6,2,4
39855,Toestumper,sargeras,192,rogue,assassination,6,2,4
39856,Gentlesaop,blackrock,192,rogue,assassination,6,2,4
39857,Procz,kirin-tor,192,rogue,assassination,6,2,4
39858,Swickwockdus,azralon,192,rogue,assassination,6,2,4
39859,Novarra,tichondrius,192,rogue,assassination,6,2,4
39860,Historymaker,tichondrius,192,rogue,assassination,6,2,4
39861,Salätzar,quelthalas,192,rogue,assassination,6,2,4
39862,Brand,bonechewer,192,rogue,assassination,6,2,4
39863,Swingonya,stormrage,192,rogue,assassination,6,2,4
39864,Thianir,emerald-dream,192,rogue,assassination,6,2,4
39865,Cktko,stormrage,192,rogue,assassination,6,2,4
39866,Someone,ravencrest,192,rogue,assassination,6,2,4
39867,Knav,destromath,192,rogue,assassination,6,2,4
39868,Asneakyfox,thunderlord,192,rogue,assassination,6,2,4
39869,Zaozaa,frostmourne,192,rogue,assassination,6,2,4
39870,Kazúmi,stormrage,192,rogue,assassination,6,2,4
39871,Karlemagne,blackrock,192,rogue,assassination,6,2,4
39872,Nítzy,quelthalas,192,rogue,assassination,6,2,4
39873,Lefthook,kelthuzad,192,rogue,assassination,12,3,9
39874,Liridor,quelthalas,192,rogue,assassination,11,2,9
39875,Youngtugger,daggerspine,192,rogue,assassination,11,2,9
39876,Nikosneako,tichondrius,192,rogue,assassination,12,2,10
39877,Pleodonis,tichondrius,192,rogue,assassination,12,2,10
39878,Subculture,emerald-dream,192,rogue,assassination,12,2,10
39879,Slowtime,quelthalas,192,rogue,assassination,12,2,10
39880,Seltzie,bleeding-hollow,192,rogue,assassination,12,2,10
39881,Triarc,area-52,192,rogue,assassination,12,2,10
39882,Geradyn,stormrage,192,rogue,assassination,12,2,10
39883,Manyt,alterac-mountains,192,rogue,assassination,12,2,10
39884,Dralax,ragnaros,192,rogue,assassination,12,2,10
39885,Alts,tichondrius,192,rogue,assassination,12,2,10
39886,Bloodwish,tichondrius,192,rogue,assassination,12,2,10
39887,Nines,icecrown,192,rogue,assassination,12,2,10
39888,Stabsmcslice,laughing-skull,192,rogue,assassination,12,2,10
39889,Aghanaar,burning-legion,192,rogue,assassination,12,2,10
39890,Diatonic,illidan,191,rogue,assassination,6,2,4
39891,Cretos,jaedenar,191,rogue,assassination,6,2,4
39892,Swiftbones,burning-blade,191,rogue,assassination,6,2,4
39893,Bekaa,nemesis,191,rogue,assassination,6,2,4
39894,Borre,kiljaeden,191,rogue,assassination,12,2,10
39895,Donpablò,area-52,175,rogue,assassination,11,2,9
39896,Stabsizzle,tichondrius,175,rogue,assassination,11,2,9
39897,ßalto,bleeding-hollow,160,rogue,assassination,10,2,8
39898,Xavar,malganis,159,rogue,assassination,5,2,3
39899,Gnaark,bleeding-hollow,159,rogue,assassination,5,2,3
39900,Chronisch,area-52,159,rogue,assassination,5,2,3
39901,Swiftchen,illidan,159,rogue,assassination,5,2,3
39902,Atrreyu,lightninghoof,159,rogue,assassination,5,2,3
39903,Minato,eredar,138,rogue,assassination,9,4,5
39904,Stâbitha,bloodscalp,138,rogue,assassination,20,4,16
39905,Meritra,ragnaros,96,rogue,assassination,6,1,5
39906,Tzs,sargeras,96,rogue,assassination,6,1,5
39907,Slycraft,gorgonnash,96,rogue,assassination,6,1,5
39908,Preceptor,azralon,96,rogue,assassination,6,1,5
39909,Watto,ragnaros,96,rogue,assassination,6,1,5
39910,Lululee,tichondrius,96,rogue,assassination,6,1,5
39911,Elbryán,ragnaros,96,rogue,assassination,6,1,5
39912,Touchthetip,bleeding-hollow,96,rogue,assassination,6,1,5
39913,Flinchyy,dalaran,96,rogue,assassination,6,1,5
39914,Tòúka,stormrage,96,rogue,assassination,6,1,5
39915,Tmterminel,moon-guard,96,rogue,assassination,6,1,5
39916,Sømeøne,malygos,96,rogue,assassination,6,1,5
39917,Icantsleep,tichondrius,96,rogue,assassination,6,1,5
39918,Shhquiettime,norgannon,96,rogue,assassination,6,1,5
39919,Deathxx,destromath,96,rogue,assassination,6,1,5
39920,Stêf,zuljin,96,rogue,assassination,6,1,5
39921,Ninjasasory,azralon,96,rogue,assassination,6,1,5
39922,Saintjon,bleeding-hollow,96,rogue,assassination,6,1,5
39923,Docheatt,dalaran,96,rogue,assassination,6,1,5
39924,Combøz,tichondrius,96,rogue,assassination,6,1,5
39925,Nightmarës,frostmourne,96,rogue,assassination,6,1,5
39926,Twotimed,magtheridon,96,rogue,assassination,6,1,5
39927,Moiatropos,ragnaros,96,rogue,assassination,6,1,5
39928,Greased,arthas,96,rogue,assassination,6,1,5
39929,Khlapncheeks,emerald-dream,96,rogue,assassination,6,1,5
39930,Wuzi,azralon,96,rogue,assassination,6,1,5
39931,Clicksbtns,area-52,96,rogue,assassination,6,1,5
39932,Assakiller,azralon,96,rogue,assassination,6,1,5
39933,Spookyswap,blackrock,96,rogue,assassination,6,1,5
39934,Buhuhbles,area-52,96,rogue,assassination,6,1,5
39935,Twinkrogue,firetree,96,rogue,assassination,6,1,5
39936,Zitihait,amanthul,96,rogue,assassination,6,1,5
39937,Vhiper,azralon,96,rogue,assassination,6,1,5
39938,Giftschlange,azralon,96,rogue,assassination,6,1,5
39939,Canesuckr,stormrage,96,rogue,assassination,6,1,5
39940,Kiskapolyus,thrall,96,rogue,assassination,6,1,5
39941,Privz,sargeras,96,rogue,assassination,6,1,5
39942,Lu,lethon,96,rogue,assassination,6,1,5
39943,Nubes,illidan,96,rogue,assassination,6,1,5
39944,Rafikaa,ragnaros,96,rogue,assassination,6,1,5
39945,Burtonee,aegwynn,96,rogue,assassination,6,1,5
39946,Ntshaav,illidan,96,rogue,assassination,6,1,5
39947,Rykojin,dalaran,96,rogue,assassination,6,1,5
39948,Panamarojo,tichondrius,96,rogue,assassination,6,1,5
39949,Yohigo,quelthalas,96,rogue,assassination,6,1,5
39950,Liesmith,kelthuzad,96,rogue,assassination,6,1,5
39951,Nebiroth,illidan,96,rogue,assassination,6,1,5
39952,Scylas,stormrage,96,rogue,assassination,6,1,5
39953,Diser,quelthalas,96,rogue,assassination,6,1,5
39954,Sevrow,wyrmrest-accord,96,rogue,assassination,6,1,5
39955,Vùdõõ,area-52,96,rogue,assassination,6,1,5
39956,Deejey,frostmourne,96,rogue,assassination,6,1,5
39957,Bourrasque,frostmourne,96,rogue,assassination,6,1,5
39958,Acrona,dathremar,96,rogue,assassination,12,1,11
39959,Keljadian,black-dragonflight,96,rogue,assassination,12,1,11
39960,Voidbrain,area-52,96,rogue,assassination,12,1,11
39961,Boogiedewitt,emerald-dream,96,rogue,assassination,12,1,11
39962,Véndéttá,area-52,96,rogue,assassination,12,1,11
39963,Karparog,ragnaros,96,rogue,assassination,12,1,11
39964,Kistef,tichondrius,96,rogue,assassination,12,1,11
39965,Rabidlynsane,deathwing,96,rogue,assassination,12,1,11
39966,Xô,lothar,96,rogue,assassination,12,1,11
39967,Irotanin,thrall,95,rogue,assassination,6,1,5
39968,Averagepimpn,tichondrius,79,rogue,assassination,5,1,4
39969,Radiantrogue,nordrassil,79,rogue,assassination,5,1,4
39970,Jelloshots,blackhand,63,rogue,assassination,8,2,6
39971,Entriped,stormrage,48,rogue,assassination,3,1,2
39972,Botches,bonechewer,48,rogue,assassination,3,1,2
39973,Stabbindude,illidan,48,rogue,assassination,3,1,2
39974,Sûshì,tichondrius,48,rogue,assassination,9,1,8
39975,Naoyuki,stormrage,42,rogue,assassination,7,2,5
39976,Nargonis,illidan,42,rogue,assassination,8,2,6
39977,Parmigianore,ragnaros,42,rogue,assassination,10,2,8
39978,Jerzs,tichondrius,42,rogue,assassination,11,2,9
39979,Ajy,tichondrius,31,rogue,assassination,2,1,1
39980,Dàmìan,mugthol,31,rogue,assassination,2,1,1
39981,Najmoiran,area-52,31,rogue,assassination,2,1,1
39982,Ascherx,illidan,16,rogue,assassination,1,1,0
39983,Samyeh,tichondrius,2252,shaman,restoration,83,55,28
39984,Dadbar,tichondrius,2230,shaman,restoration,78,49,29
39985,Orochisháman,stormrage,2222,shaman,restoration,96,55,41
39986,Yooseafood,tichondrius,2219,shaman,restoration,83,51,32
39987,Dyllbar,tichondrius,2215,shaman,restoration,127,68,59
39988,Xtremeorc,area-52,2159,shaman,restoration,66,39,27
39989,Ttvfoxyllama,tichondrius,2157,shaman,restoration,88,45,43
39990,Plewt,zuljin,2150,shaman,restoration,142,76,66
39991,Aameng,tichondrius,2140,shaman,restoration,120,64,56
39992,Tréway,area-52,2135,shaman,restoration,66,41,25
39993,Skipperx,thrall,2134,shaman,restoration,72,43,29
39994,Restobyte,moon-guard,2124,shaman,restoration,72,44,28
39995,Akwesy,stormrage,2122,shaman,restoration,125,69,56
39996,Iissham,darkspear,2111,shaman,restoration,182,99,83
39997,Svanteson,wyrmrest-accord,2110,shaman,restoration,126,67,59
39998,Shamaen,kelthuzad,2107,shaman,restoration,86,51,35
39999,Selketh,area-52,2107,shaman,restoration,79,46,33
40000,Madoka,llane,2100,shaman,restoration,95,53,42
40001,Spagetje,tichondrius,2083,shaman,restoration,299,154,145
40002,Nemix,barthilas,2049,shaman,restoration,66,38,28
40003,Vicioushands,illidan,2047,shaman,restoration,66,37,29
40004,Timpossible,tichondrius,2042,shaman,restoration,430,217,213
40005,Crazyshamañ,akama,2042,shaman,restoration,91,45,46
40006,Kantok,quelthalas,2022,shaman,restoration,83,50,33
40007,Jîneth,tichondrius,2021,shaman,restoration,101,54,47
40008,Lötus,tichondrius,2010,shaman,restoration,110,61,49
40009,Illiteratex,tichondrius,2009,shaman,restoration,70,37,33
40010,Itsallgoodx,tichondrius,2008,shaman,restoration,114,55,59
40011,Smlz,garrosh,1998,shaman,restoration,68,38,30
40012,Sizure,frostmourne,1998,shaman,restoration,124,64,60
40013,Bigbadsac,frostmourne,1997,shaman,restoration,173,91,82
40014,Zavoky,tichondrius,1993,shaman,restoration,156,82,74
40015,Chairstain,kelthuzad,1991,shaman,restoration,163,94,69
40016,Aureal,malganis,1990,shaman,restoration,180,111,69
40017,Nediar,tichondrius,1985,shaman,restoration,48,34,14
40018,Boyfromhell,stormrage,1985,shaman,restoration,103,50,53
40019,Corianderism,tichondrius,1982,shaman,restoration,77,40,37
40020,Ravaburst,sargeras,1975,shaman,restoration,72,36,36
40021,Berquon,tichondrius,1974,shaman,restoration,78,40,38
40022,Üchihamadarâ,tichondrius,1968,shaman,restoration,67,37,30
40023,Breuer,tichondrius,1966,shaman,restoration,128,64,64
40024,Abovesky,proudmoore,1966,shaman,restoration,168,81,87
40025,Coreygunz,illidan,1952,shaman,restoration,54,29,25
40026,Cruv,thrall,1936,shaman,restoration,96,47,49
40027,Plorenz,illidan,1934,shaman,restoration,60,36,24
40028,Jangbi,malganis,1934,shaman,restoration,246,129,117
40029,Kurtcx,tichondrius,1931,shaman,restoration,317,163,154
40030,Ilavayoualot,malganis,1925,shaman,restoration,142,64,78
40031,Menc,frostmourne,1924,shaman,restoration,114,56,58
40032,Terapatrik,area-52,1921,shaman,restoration,164,84,80
40033,Angrygochuxx,tichondrius,1920,shaman,restoration,35,21,14
40034,Slimdavey,tichondrius,1915,shaman,restoration,196,106,90
40035,Eboy,thrall,1914,shaman,restoration,253,132,121
40036,Oryxx,kiljaeden,1912,shaman,restoration,78,36,42
40037,Ogctkoy,illidan,1911,shaman,restoration,156,80,76
40038,Kimflo,tichondrius,1909,shaman,restoration,357,180,177
40039,Wâgu,moon-guard,1906,shaman,restoration,46,21,25
40040,Peyn,shadowsong,1905,shaman,restoration,72,34,38
40041,Shamanese,emerald-dream,1901,shaman,restoration,42,20,22
40042,Yungtooth,emerald-dream,1898,shaman,restoration,77,41,36
40043,Nepos,dragonmaw,1891,shaman,restoration,66,34,32
40044,Däbü,tichondrius,1887,shaman,restoration,84,40,44
40045,Mandleman,tichondrius,1884,shaman,restoration,140,85,55
40046,Smrtdeath,zuljin,1884,shaman,restoration,53,30,23
40047,Blaiserpub,tichondrius,1882,shaman,restoration,65,33,32
40048,Stormtitan,malganis,1881,shaman,restoration,86,42,44
40049,Tisaa,illidan,1876,shaman,restoration,30,20,10
40050,Gragomga,area-52,1876,shaman,restoration,120,60,60
40051,Sewerperson,zuljin,1873,shaman,restoration,60,32,28
40052,Lignipzyo,doomhammer,1872,shaman,restoration,48,27,21
40053,Esqueue,sargeras,1871,shaman,restoration,48,29,19
40054,Ratedpvp,thrall,1867,shaman,restoration,188,107,81
40055,Muscleyuan,tichondrius,1866,shaman,restoration,59,27,32
40056,Hulan,tichondrius,1865,shaman,restoration,36,20,16
40057,Kellogsz,malganis,1864,shaman,restoration,96,43,53
40058,Patzog,area-52,1861,shaman,restoration,42,25,17
40059,Bômi,tichondrius,1861,shaman,restoration,184,96,88
40060,Laydboiyo,tichondrius,1861,shaman,restoration,66,32,34
40061,Badshock,tichondrius,1859,shaman,restoration,48,35,13
40062,Hódoong,tichondrius,1857,shaman,restoration,46,24,22
40063,Haedodae,tichondrius,1857,shaman,restoration,81,32,49
40064,Bigmontana,tichondrius,1856,shaman,restoration,54,31,23
40065,Moistbeans,tichondrius,1854,shaman,restoration,48,26,22
40066,Cardïß,tichondrius,1854,shaman,restoration,48,26,22
40067,Oridean,area-52,1854,shaman,restoration,42,22,20
40068,Cmsi,tichondrius,1852,shaman,restoration,48,26,22
40069,Baodan,azshara,1847,shaman,restoration,83,42,41
40070,Moldymeatbox,emerald-dream,1847,shaman,restoration,96,47,49
40071,Wtbtotem,tichondrius,1846,shaman,restoration,66,33,33
40072,Helga,hellscream,1845,shaman,restoration,48,29,19
40073,Upyourtotem,illidan,1842,shaman,restoration,30,22,8
40074,Shamcena,the-scryers,1842,shaman,restoration,51,28,23
40075,Zoeyzour,illidan,1842,shaman,restoration,395,212,183
40076,Shamanbini,tichondrius,1839,shaman,restoration,47,26,21
40077,Erwin,bonechewer,1838,shaman,restoration,202,114,88
40078,Chocopuff,bleeding-hollow,1838,shaman,restoration,66,33,33
40079,Conjunction,azjolnerub,1837,shaman,restoration,65,29,36
40080,Stormlashx,sargeras,1835,shaman,restoration,36,20,16
40081,Caibeeshammy,tichondrius,1835,shaman,restoration,162,77,85
40082,Stylesp,tichondrius,1833,shaman,restoration,60,32,28
40083,Splashz,illidan,1833,shaman,restoration,71,36,35
40084,Chontastic,darkspear,1833,shaman,restoration,60,27,33
40085,Wanghaisham,kelthuzad,1830,shaman,restoration,123,63,60
40086,Papatooties,tichondrius,1830,shaman,restoration,257,124,133
40087,Epicthesloth,sargeras,1829,shaman,restoration,53,29,24
40088,Chobawn,tichondrius,1829,shaman,restoration,60,32,28
40089,Bluekid,barthilas,1828,shaman,restoration,54,30,24
40090,Snoozeshaman,ragnaros,1826,shaman,restoration,36,21,15
40091,Beyoncé,lethon,1826,shaman,restoration,53,30,23
40092,Hathul,bleeding-hollow,1826,shaman,restoration,60,33,27
40093,Vlly,tichondrius,1826,shaman,restoration,59,27,32
40094,Itsyabøiwill,area-52,1825,shaman,restoration,78,49,29
40095,Tuskcrusher,dalaran,1825,shaman,restoration,72,30,42
40096,Gjök,nemesis,1824,shaman,restoration,54,22,32
40097,Dehsaw,illidan,1821,shaman,restoration,108,54,54
40098,Cryochemist,tichondrius,1819,shaman,restoration,29,23,6
40099,Bigspaghetti,thrall,1818,shaman,restoration,66,31,35
40100,Terrasham,barthilas,1818,shaman,restoration,47,20,27
40101,Onagi,frostmourne,1817,shaman,restoration,84,53,31
40102,Totempack,stormrage,1817,shaman,restoration,54,26,28
40103,Gyrogg,scilla,1816,shaman,restoration,525,278,247
40104,Ryuubi,illidan,1815,shaman,restoration,54,34,20
40105,Ogran,stormscale,1815,shaman,restoration,54,25,29
40106,Immabòt,tichondrius,1813,shaman,restoration,59,36,23
40107,Dadidun,tichondrius,1813,shaman,restoration,48,25,23
40108,Ericzlassoz,tichondrius,1812,shaman,restoration,66,42,24
40109,Grymn,sargeras,1812,shaman,restoration,264,132,132
40110,Kurtxc,tichondrius,1810,shaman,restoration,36,25,11
40111,Dantheman,twisting-nether,1810,shaman,restoration,42,23,19
40112,Waterbro,tichondrius,1809,shaman,restoration,101,57,44
40113,Annte,stonemaul,1809,shaman,restoration,64,32,32
40114,Meatballs,kirin-tor,1809,shaman,restoration,62,31,31
40115,Desee,bleeding-hollow,1809,shaman,restoration,54,27,27
40116,Ookmetide,bleeding-hollow,1807,shaman,restoration,52,29,23
40117,Ghomragar,antonidas,1807,shaman,restoration,82,42,40
40118,Willy,icecrown,1807,shaman,restoration,87,44,43
40119,Raeoki,area-52,1806,shaman,restoration,185,100,85
40120,Totemgripper,moon-guard,1804,shaman,restoration,65,39,26
40121,Hydrocheck,tichondrius,1804,shaman,restoration,94,54,40
40122,Astrøcyte,tichondrius,1804,shaman,restoration,96,46,50
40123,Nanosec,tichondrius,1803,shaman,restoration,36,23,13
40124,Tolík,ragnaros,1803,shaman,restoration,54,26,28
40125,Lemmehex,illidan,1802,shaman,restoration,61,37,24
40126,Waymond,khadgar,1802,shaman,restoration,218,111,107
40127,Oceangrown,emerald-dream,1802,shaman,restoration,51,22,29
40128,Joyrex,spinebreaker,1802,shaman,restoration,75,30,45
40129,Jìmmybuckets,tichondrius,1801,shaman,restoration,59,37,22
40130,Nktx,tichondrius,1800,shaman,restoration,118,66,52
40131,Holdmytotum,tichondrius,1800,shaman,restoration,52,29,23
40132,Zaapi,dalaran,1800,shaman,restoration,108,60,48
40133,Nazugresha,bleeding-hollow,1800,shaman,restoration,42,23,19
40134,Baseballcap,sargeras,1800,shaman,restoration,78,37,41
40135,Shockmematty,tichondrius,1798,shaman,restoration,36,25,11
40136,Inmø,ragnaros,1797,shaman,restoration,36,19,17
40137,Kromgul,malfurion,1797,shaman,restoration,96,46,50
40138,Hodoongs,tichondrius,1797,shaman,restoration,49,23,26
40139,Fluxxy,tichondrius,1797,shaman,restoration,109,48,61
40140,Badhealerip,tichondrius,1796,shaman,restoration,74,42,32
40141,Cigaretter,tichondrius,1793,shaman,restoration,56,25,31
40142,Huáxià,tichondrius,1792,shaman,restoration,125,62,63
40143,Mybbro,kiljaeden,1792,shaman,restoration,87,42,45
40144,Fierymoo,frostmourne,1790,shaman,restoration,42,20,22
40145,Qksilverz,nemesis,1789,shaman,restoration,47,32,15
40146,Rollintotems,bleeding-hollow,1785,shaman,restoration,84,39,45
40147,Shamanceylol,barthilas,1783,shaman,restoration,104,62,42
40148,Sokta,azgalor,1783,shaman,restoration,145,69,76
40149,Booramqt,tichondrius,1780,shaman,restoration,47,27,20
40150,Boxfour,tichondrius,1777,shaman,restoration,105,50,55
40151,Hiermy,tichondrius,1775,shaman,restoration,53,29,24
40152,Blazingtotem,dunemaul,1775,shaman,restoration,125,64,61
40153,Petzah,barthilas,1774,shaman,restoration,54,25,29
40154,Shanasty,bleeding-hollow,1769,shaman,restoration,60,31,29
40155,Stórmstruck,area-52,1767,shaman,restoration,48,29,19
40156,Ränton,bleeding-hollow,1764,shaman,restoration,54,28,26
40157,Blackpïnk,tichondrius,1764,shaman,restoration,179,91,88
40158,Gratiens,zuljin,1764,shaman,restoration,60,27,33
40159,Suzhixie,akama,1764,shaman,restoration,163,73,90
40160,Chessyc,ragnaros,1762,shaman,restoration,60,26,34
40161,Bozzyy,illidan,1761,shaman,restoration,114,56,58
40162,Julíp,tichondrius,1760,shaman,restoration,58,23,35
40163,Xzxz,sargeras,1759,shaman,restoration,157,92,65
40164,Bobbybigdam,tichondrius,1752,shaman,restoration,93,50,43
40165,Sylicious,barthilas,1751,shaman,restoration,30,21,9
40166,Nayro,bleeding-hollow,1751,shaman,restoration,444,238,206
40167,Shawmen,zuljin,1748,shaman,restoration,208,110,98
40168,Lavalavalava,eonar,1747,shaman,restoration,48,21,27
40169,Gatorwavez,bleeding-hollow,1746,shaman,restoration,89,51,38
40170,Warríed,sargeras,1746,shaman,restoration,59,29,30
40171,Suyy,tichondrius,1746,shaman,restoration,54,26,28
40172,Camer,sargeras,1745,shaman,restoration,42,27,15
40173,Toazty,stormscale,1745,shaman,restoration,75,44,31
40174,Wraethy,illidan,1745,shaman,restoration,147,81,66
40175,Mastashamsta,illidan,1745,shaman,restoration,48,25,23
40176,Svondo,illidan,1744,shaman,restoration,37,25,12
40177,Blackfancy,thrall,1744,shaman,restoration,56,32,24
40178,Kafkaesk,tichondrius,1743,shaman,restoration,60,23,37
40179,Chonchastic,darkspear,1741,shaman,restoration,54,27,27
40180,Diulama,tichondrius,1740,shaman,restoration,69,45,24
40181,Sleepysham,kelthuzad,1739,shaman,restoration,100,53,47
40182,Kandshamy,azralon,1738,shaman,restoration,78,46,32
40183,Ftp,kelthuzad,1738,shaman,restoration,47,26,21
40184,Esqueue,tichondrius,1736,shaman,restoration,36,22,14
40185,Pookiexo,illidan,1736,shaman,restoration,41,25,16
40186,Chomang,stormreaver,1734,shaman,restoration,126,58,68
40187,Rantòn,bleeding-hollow,1733,shaman,restoration,59,27,32
40188,Moorgl,tichondrius,1732,shaman,restoration,53,26,27
40189,Bacon,lightninghoof,1732,shaman,restoration,204,94,110
40190,Redds,tichondrius,1730,shaman,restoration,114,77,37
40191,Groundingtot,hydraxis,1730,shaman,restoration,48,27,21
40192,Ðno,frostmourne,1729,shaman,restoration,93,46,47
40193,Muggz,sargeras,1729,shaman,restoration,60,27,33
40194,Semtechs,tichondrius,1728,shaman,restoration,348,167,181
40195,Funkesapien,tichondrius,1727,shaman,restoration,54,27,27
40196,Mitchestic,illidan,1727,shaman,restoration,101,42,59
40197,Cpplol,tichondrius,1726,shaman,restoration,47,27,20
40198,Krazyc,sargeras,1726,shaman,restoration,90,47,43
40199,Héadshot,bleeding-hollow,1726,shaman,restoration,143,71,72
40200,Oninobu,sargeras,1724,shaman,restoration,70,44,26
40201,Hairyrichard,zuljin,1722,shaman,restoration,823,432,391
40202,Phxhouse,illidan,1722,shaman,restoration,324,159,165
40203,Spampurge,emerald-dream,1721,shaman,restoration,36,21,15
40204,Fàlc,stormrage,1716,shaman,restoration,36,18,18
40205,Sìxnìne,tichondrius,1716,shaman,restoration,68,32,36
40206,Inpantsment,barthilas,1714,shaman,restoration,151,78,73
40207,Bizzarro,azgalor,1713,shaman,restoration,79,40,39
40208,Fkwithme,burning-blade,1711,shaman,restoration,66,30,36
40209,Duregar,tichondrius,1709,shaman,restoration,60,35,25
40210,Bombadil,korgath,1709,shaman,restoration,36,18,18
40211,Pèpé,sargeras,1705,shaman,restoration,44,26,18
40212,Tobírama,bleeding-hollow,1705,shaman,restoration,54,23,31
40213,Slm,bleeding-hollow,1704,shaman,restoration,24,18,6
40214,Hustlenflow,tichondrius,1704,shaman,restoration,60,32,28
40215,Elementz,tichondrius,1703,shaman,restoration,222,116,106
40216,Naweiv,caelestrasz,1702,shaman,restoration,54,31,23
40217,Specifyz,arathor,1702,shaman,restoration,42,24,18
40218,Erbicklet,ragnaros,1701,shaman,restoration,154,80,74
40219,Laji,cairne,1700,shaman,restoration,191,98,93
40220,Uncleilli,tichondrius,1699,shaman,restoration,53,20,33
40221,Lingduacn,tichondrius,1698,shaman,restoration,36,18,18
40222,Renghostwolf,illidan,1698,shaman,restoration,36,18,18
40223,Doubletåp,emerald-dream,1697,shaman,restoration,41,20,21
40224,Xoweeknd,bleeding-hollow,1697,shaman,restoration,42,19,23
40225,Maloran,zuljin,1696,shaman,restoration,47,20,27
40226,Magma,spirestone,1695,shaman,restoration,102,62,40
40227,Montageb,illidan,1694,shaman,restoration,39,29,10
40228,Møp,spirestone,1694,shaman,restoration,131,68,63
40229,Trouvaille,tichondrius,1693,shaman,restoration,47,23,24
40230,Nessannix,stormrage,1692,shaman,restoration,223,125,98
40231,Ribbeye,tichondrius,1692,shaman,restoration,154,76,78
40232,Zeonard,ragnaros,1691,shaman,restoration,230,122,108
40233,Eletius,tichondrius,1690,shaman,restoration,29,26,3
40234,Wegoagain,tichondrius,1690,shaman,restoration,42,20,22
40235,Xruok,kelthuzad,1689,shaman,restoration,39,24,15
40236,Ittøki,tichondrius,1689,shaman,restoration,41,24,17
40237,Lilgeeh,kelthuzad,1689,shaman,restoration,46,24,22
40238,Rockzoa,tichondrius,1688,shaman,restoration,60,27,33
40239,Yehbeen,tichondrius,1686,shaman,restoration,42,25,17
40240,Solam,greymane,1686,shaman,restoration,42,21,21
40241,Ozmats,malganis,1686,shaman,restoration,76,35,41
40242,Reformeddogs,tichondrius,1684,shaman,restoration,46,29,17
40243,Solidhomme,tichondrius,1684,shaman,restoration,42,23,19
40244,Flappygooch,illidan,1683,shaman,restoration,113,51,62
40245,Multiduelist,bleeding-hollow,1682,shaman,restoration,30,23,7
40246,Bizzarra,azshara,1681,shaman,restoration,39,26,13
40247,Purpose,nerzhul,1681,shaman,restoration,36,20,16
40248,Ibreakanklez,bleeding-hollow,1681,shaman,restoration,42,20,22
40249,Vrom,whisperwind,1678,shaman,restoration,84,47,37
40250,Tanta,gurubashi,1678,shaman,restoration,57,25,32
40251,Isagii,stormrage,1677,shaman,restoration,65,38,27
40252,Shadowz,alexstrasza,1676,shaman,restoration,74,48,26
40253,Raywhiter,tichondrius,1676,shaman,restoration,62,29,33
40254,Bigdictuna,sargeras,1675,shaman,restoration,242,131,111
40255,Shacewoman,altar-of-storms,1674,shaman,restoration,174,79,95
40256,Nethyxsoy,frostmourne,1673,shaman,restoration,48,33,15
40257,Urga,hyjal,1672,shaman,restoration,36,20,16
40258,Namso,tichondrius,1671,shaman,restoration,36,22,14
40259,Devastaterr,bleeding-hollow,1671,shaman,restoration,102,53,49
40260,Dingfu,sargeras,1670,shaman,restoration,187,108,79
40261,Tpokes,sargeras,1669,shaman,restoration,42,22,20
40262,Thelphor,nemesis,1669,shaman,restoration,48,24,24
40263,Bubbacheeks,area-52,1668,shaman,restoration,72,39,33
40264,Deephole,illidan,1668,shaman,restoration,127,59,68
40265,Tokuma,illidan,1667,shaman,restoration,58,26,32
40266,Drekkhal,area-52,1666,shaman,restoration,178,104,74
40267,Horizonsham,stormrage,1666,shaman,restoration,66,36,30
40268,Baern,thrall,1665,shaman,restoration,86,43,43
40269,Scroogz,emerald-dream,1665,shaman,restoration,102,50,52
40270,Sasgöb,illidan,1665,shaman,restoration,83,36,47
40271,Toxidizetkö,azralon,1664,shaman,restoration,48,26,22
40272,Purgedubx,tichondrius,1663,shaman,restoration,159,86,73
40273,Semnicktotem,area-52,1663,shaman,restoration,72,36,36
40274,Hamrok,moon-guard,1662,shaman,restoration,84,42,42
40275,Reppinsix,sargeras,1662,shaman,restoration,58,24,34
40276,Skipler,stormrage,1661,shaman,restoration,60,33,27
40277,Chazzwozza,area-52,1660,shaman,restoration,41,22,19
40278,Bluepigo,tichondrius,1660,shaman,restoration,59,24,35
40279,Youliuhua,tichondrius,1659,shaman,restoration,36,19,17
40280,Belarix,emerald-dream,1659,shaman,restoration,205,96,109
40281,Pingatronx,ragnaros,1659,shaman,restoration,42,19,23
40282,Exshocks,tichondrius,1658,shaman,restoration,54,30,24
40283,Imd,tichondrius,1658,shaman,restoration,42,21,21
40284,Lingdusm,tichondrius,1657,shaman,restoration,36,20,16
40285,Vayces,barthilas,1657,shaman,restoration,199,103,96
40286,Zuescannon,kelthuzad,1656,shaman,restoration,84,39,45
40287,Mcwindyfists,zuljin,1655,shaman,restoration,48,23,25
40288,Meskthemage,barthilas,1654,shaman,restoration,47,23,24
40289,Novoz,tichondrius,1653,shaman,restoration,42,24,18
40290,Bestbrook,tichondrius,1653,shaman,restoration,129,62,67
40291,Whameradetu,suramar,1653,shaman,restoration,71,31,40
40292,Goobie,crushridge,1651,shaman,restoration,68,43,25
40293,Win,blackwing-lair,1651,shaman,restoration,36,21,15
40294,Mixxt,illidan,1649,shaman,restoration,36,19,17
40295,Bolteon,malganis,1648,shaman,restoration,30,21,9
40296,Makocc,tichondrius,1648,shaman,restoration,30,20,10
40297,Purgenx,tichondrius,1647,shaman,restoration,42,27,15
40298,Abulailah,sargeras,1647,shaman,restoration,36,20,16
40299,Peegee,zuluhed,1647,shaman,restoration,66,28,38
40300,Jsell,zuljin,1646,shaman,restoration,56,28,28
40301,Amdshaman,thrall,1645,shaman,restoration,67,37,30
40302,Gabant,azralon,1644,shaman,restoration,42,19,23
40303,Mkyz,tichondrius,1642,shaman,restoration,100,53,47
40304,Weoo,doomhammer,1642,shaman,restoration,48,23,25
40305,Ekss,tichondrius,1642,shaman,restoration,48,19,29
40306,Gordonramsai,sargeras,1641,shaman,restoration,272,148,124
40307,Singleorigin,tichondrius,1641,shaman,restoration,105,41,64
40308,Akheeta,tichondrius,1639,shaman,restoration,63,44,19
40309,Hoshwear,azralon,1639,shaman,restoration,48,31,17
40310,Rynoh,dalaran,1639,shaman,restoration,115,59,56
40311,Ethikas,tichondrius,1638,shaman,restoration,42,24,18
40312,Beastofmagic,illidan,1638,shaman,restoration,125,68,57
40313,Dgshaman,tichondrius,1637,shaman,restoration,32,20,12
40314,Cheddaman,kiljaeden,1637,shaman,restoration,48,21,27
40315,Daddybeaarr,thrall,1635,shaman,restoration,55,25,30
40316,Earthspeaker,bleeding-hollow,1634,shaman,restoration,30,18,12
40317,Gjok,nemesis,1634,shaman,restoration,59,20,39
40318,Quitnectar,aggramar,1633,shaman,restoration,48,24,24
40319,Specify,arathor,1633,shaman,restoration,60,27,33
40320,Shortbusqt,hyjal,1631,shaman,restoration,42,23,19
40321,Wawsham,tichondrius,1631,shaman,restoration,48,19,29
40322,Snakesoul,area-52,1630,shaman,restoration,109,63,46
40323,Biguaga,tichondrius,1629,shaman,restoration,42,24,18
40324,Intruzionall,barthilas,1627,shaman,restoration,241,130,111
40325,Wonima,tichondrius,1627,shaman,restoration,34,18,16
40326,Foragorn,stormrage,1627,shaman,restoration,217,110,107
40327,Jbalvi,ragnaros,1626,shaman,restoration,141,82,59
40328,Grizze,bonechewer,1626,shaman,restoration,90,41,49
40329,Goranzo,emerald-dream,1626,shaman,restoration,54,24,30
40330,Sin,bleeding-hollow,1625,shaman,restoration,30,17,13
40331,Shocknrot,maelstrom,1623,shaman,restoration,38,23,15
40332,Drfentanylx,emerald-dream,1623,shaman,restoration,30,17,13
40333,Bogz,korgath,1623,shaman,restoration,167,75,92
40334,Thunderspark,tichondrius,1622,shaman,restoration,54,30,24
40335,Spiritry,tichondrius,1622,shaman,restoration,204,107,97
40336,Vanella,malganis,1621,shaman,restoration,42,25,17
40337,Texmawave,moon-guard,1621,shaman,restoration,125,71,54
40338,Charlesby,tichondrius,1621,shaman,restoration,168,95,73
40339,Restosêxual,tichondrius,1621,shaman,restoration,36,18,18
40340,Thuntard,bleeding-hollow,1621,shaman,restoration,48,23,25
40341,Tzyorz,illidan,1620,shaman,restoration,138,74,64
40342,Taronì,zuljin,1619,shaman,restoration,48,18,30
40343,Yoshìmìtsu,illidan,1618,shaman,restoration,102,53,49
40344,Angelbie,tichondrius,1617,shaman,restoration,74,33,41
40345,Bigamez,azuremyst,1616,shaman,restoration,158,88,70
40346,Durogh,darkspear,1616,shaman,restoration,60,23,37
40347,Sorgal,area-52,1616,shaman,restoration,60,22,38
40348,Animus,dark-iron,1615,shaman,restoration,36,22,14
40349,Sunyang,tichondrius,1615,shaman,restoration,36,17,19
40350,Skoobasteeve,sargeras,1614,shaman,restoration,69,39,30
40351,World,frostmourne,1614,shaman,restoration,47,25,22
40352,Quendella,aggramar,1613,shaman,restoration,42,25,17
40353,Harth,zuljin,1613,shaman,restoration,110,65,45
40354,Polared,hyjal,1613,shaman,restoration,52,25,27
40355,Velar,frostwolf,1613,shaman,restoration,48,19,29
40356,Yeamn,saurfang,1612,shaman,restoration,141,86,55
40357,Oldguy,ragnaros,1611,shaman,restoration,168,83,85
40358,Unbreakable,illidan,1611,shaman,restoration,91,43,48
40359,Dreadxtotems,illidan,1610,shaman,restoration,77,42,35
40360,Cherryboy,illidan,1610,shaman,restoration,87,45,42
40361,Drammah,malganis,1610,shaman,restoration,48,19,29
40362,Turborundat,area-52,1609,shaman,restoration,219,125,94
40363,Ssaotizi,tichondrius,1609,shaman,restoration,251,127,124
40364,Ðoomed,kiljaeden,1608,shaman,restoration,30,19,11
40365,Alett,arathor,1608,shaman,restoration,60,29,31
40366,Jazzlightnin,tichondrius,1608,shaman,restoration,59,26,33
40367,Plzdontlos,illidan,1607,shaman,restoration,113,69,44
40368,Rainingheals,auchindoun,1607,shaman,restoration,44,19,25
40369,Randomshammy,area-52,1606,shaman,restoration,30,17,13
40370,Astrauk,nemesis,1606,shaman,restoration,76,43,33
40371,Fujiyama,dark-iron,1606,shaman,restoration,120,65,55
40372,Raxshock,stormrage,1606,shaman,restoration,42,22,20
40373,Prêttylights,bleeding-hollow,1605,shaman,restoration,30,17,13
40374,Hexrz,area-52,1605,shaman,restoration,42,21,21
40375,Luckyscatter,frostmourne,1605,shaman,restoration,36,18,18
40376,Totemslol,ysera,1605,shaman,restoration,65,31,34
40377,Sliditin,tichondrius,1604,shaman,restoration,36,25,11
40378,Hurú,azralon,1604,shaman,restoration,36,21,15
40379,Spampurge,blackwing-lair,1604,shaman,restoration,37,19,18
40380,Polarities,malganis,1604,shaman,restoration,54,21,33
40381,Kratór,kelthuzad,1603,shaman,restoration,47,31,16
40382,Kimchimi,tichondrius,1603,shaman,restoration,144,85,59
40383,Fernetbrança,ragnaros,1603,shaman,restoration,48,26,22
40384,Telchar,quelthalas,1602,shaman,restoration,102,62,40
40385,Tarritos,ragnaros,1602,shaman,restoration,52,26,26
40386,Lacid,tichondrius,1601,shaman,restoration,68,42,26
40387,Purgebotx,bleeding-hollow,1601,shaman,restoration,114,70,44
40388,Belshiro,sargeras,1601,shaman,restoration,108,51,57
40389,Latorius,frostmourne,1600,shaman,restoration,171,99,72
40390,Shocksauce,tichondrius,1600,shaman,restoration,94,51,43
40391,Fatdixb,illidan,1600,shaman,restoration,41,21,20
40392,Succmytotems,tichondrius,1600,shaman,restoration,93,47,46
40393,Foilcap,bonechewer,1600,shaman,restoration,296,144,152
40394,Improvedx,akama,1600,shaman,restoration,52,24,28
40395,Ddogz,illidan,1600,shaman,restoration,48,21,27
40396,Gulmuwu,zuljin,1599,shaman,restoration,38,22,16
40397,Mastlau,tichondrius,1599,shaman,restoration,30,17,13
40398,Tevya,dalvengyr,1598,shaman,restoration,83,47,36
40399,Ryeqt,illidan,1598,shaman,restoration,47,23,24
40400,Steveyy,frostmourne,1597,shaman,restoration,33,21,12
40401,Tideoverdose,tichondrius,1594,shaman,restoration,36,19,17
40402,Dumerslayer,ragnaros,1594,shaman,restoration,42,22,20
40403,Zuralah,nemesis,1593,shaman,restoration,106,59,47
40404,Shamsom,tichondrius,1588,shaman,restoration,116,55,61
40405,Prowdt,azralon,1587,shaman,restoration,397,206,191
40406,Besylate,illidan,1586,shaman,restoration,80,39,41
40407,Kolanji,akama,1585,shaman,restoration,41,22,19
40408,Vywolf,frostmourne,1583,shaman,restoration,80,46,34
40409,Rugmat,tichondrius,1581,shaman,restoration,66,32,34
40410,Miroen,tichondrius,1580,shaman,restoration,48,24,24
40411,Pkx,eitrigg,1578,shaman,restoration,47,20,27
40412,Colterr,thunderhorn,1577,shaman,restoration,36,20,16
40413,Asnalda,emerald-dream,1576,shaman,restoration,57,32,25
40414,Gunrose,proudmoore,1575,shaman,restoration,103,52,51
40415,Rainz,aggramar,1574,shaman,restoration,42,22,20
40416,Nyf,khazgoroth,1574,shaman,restoration,42,20,22
40417,Arkerus,emerald-dream,1573,shaman,restoration,36,22,14
40418,Shamix,area-52,1573,shaman,restoration,84,39,45
40419,Dawnyshock,arygos,1573,shaman,restoration,41,19,22
40420,Strives,icecrown,1573,shaman,restoration,48,21,27
40421,Improvize,malganis,1571,shaman,restoration,53,25,28
40422,Rogrim,malganis,1570,shaman,restoration,48,24,24
40423,Brongar,bleeding-hollow,1569,shaman,restoration,66,26,40
40424,Sikotics,area-52,1568,shaman,restoration,111,58,53
40425,Moosk,zuluhed,1567,shaman,restoration,51,27,24
40426,Dduddaddu,tichondrius,1565,shaman,restoration,72,37,35
40427,Gweemextreme,tichondrius,1564,shaman,restoration,52,27,25
40428,Spurske,emerald-dream,1564,shaman,restoration,78,32,46
40429,Bigdampurge,illidan,1563,shaman,restoration,95,49,46
40430,Hwyl,frostmourne,1563,shaman,restoration,96,45,51
40431,Waater,lightbringer,1562,shaman,restoration,86,49,37
40432,Targhal,tichondrius,1562,shaman,restoration,164,86,78
40433,Gki,tichondrius,1560,shaman,restoration,37,26,11
40434,Wilmar,ragnaros,1560,shaman,restoration,66,33,33
40435,Stonetides,tichondrius,1560,shaman,restoration,78,33,45
40436,Dogecoincäsh,sargeras,1559,shaman,restoration,60,33,27
40437,Shulace,area-52,1558,shaman,restoration,78,38,40
40438,Rulf,proudmoore,1558,shaman,restoration,90,34,56
40439,Onepunchsham,illidan,1557,shaman,restoration,159,82,77
40440,Bootybpoppin,mugthol,1554,shaman,restoration,42,27,15
40441,Kayadee,stormrage,1554,shaman,restoration,75,37,38
40442,Goatedsham,dalaran,1553,shaman,restoration,65,36,29
40443,Centalinkxox,frostmourne,1553,shaman,restoration,57,26,31
40444,Totesmcgoatz,arthas,1552,shaman,restoration,63,32,31
40445,Thunderphury,proudmoore,1551,shaman,restoration,77,34,43
40446,Eatmymeatbal,illidan,1551,shaman,restoration,65,26,39
40447,Draidosh,area-52,1550,shaman,restoration,59,37,22
40448,Pherolex,tichondrius,1550,shaman,restoration,42,23,19
40449,Goosha,tichondrius,1548,shaman,restoration,48,33,15
40450,Freesolo,barthilas,1548,shaman,restoration,164,85,79
40451,Lanzero,chogall,1547,shaman,restoration,42,30,12
40452,Cmz,bleeding-hollow,1547,shaman,restoration,36,21,15
40453,Lustlolol,korgath,1547,shaman,restoration,167,86,81
40454,Moocatpie,illidan,1546,shaman,restoration,118,58,60
40455,Mistarklean,malganis,1546,shaman,restoration,111,49,62
40456,Deathwards,frostmane,1544,shaman,restoration,60,26,34
40457,Tyar,area-52,1543,shaman,restoration,137,64,73
40458,Shaminham,barthilas,1543,shaman,restoration,72,31,41
40459,Sellmysoul,kelthuzad,1542,shaman,restoration,57,29,28
40460,Shakrakhan,tichondrius,1542,shaman,restoration,36,17,19
40461,Shamxrob,sargeras,1541,shaman,restoration,78,46,32
40462,Chainstuff,area-52,1541,shaman,restoration,29,17,12
40463,Hooldcool,tichondrius,1540,shaman,restoration,189,110,79
40464,Zechary,proudmoore,1539,shaman,restoration,36,20,16
40465,Glocksitotem,malganis,1537,shaman,restoration,134,78,56
40466,Tenyks,tichondrius,1537,shaman,restoration,75,42,33
40467,Wolfsokar,emerald-dream,1537,shaman,restoration,102,39,63
40468,Akubai,kelthuzad,1535,shaman,restoration,78,39,39
40469,Fwwrs,illidan,1534,shaman,restoration,31,19,12
40470,Flamehorns,malganis,1534,shaman,restoration,36,22,14
40471,Hennytides,zuljin,1533,shaman,restoration,36,19,17
40472,Tides,skullcrusher,1533,shaman,restoration,42,18,24
40473,Dbmx,tichondrius,1532,shaman,restoration,30,16,14
40474,Squimbert,tichondrius,1531,shaman,restoration,36,16,20
40475,Kacham,nerzhul,1530,shaman,restoration,36,20,16
40476,Rookieshaman,tichondrius,1528,shaman,restoration,24,16,8
40477,Tarròò,bleeding-hollow,1526,shaman,restoration,24,16,8
40478,Kaytahn,proudmoore,1525,shaman,restoration,72,39,33
40479,Ärtful,illidan,1523,shaman,restoration,90,50,40
40480,Platewalrus,illidan,1523,shaman,restoration,30,16,14
40481,Repang,tichondrius,1523,shaman,restoration,36,19,17
40482,Hehew,kelthuzad,1523,shaman,restoration,128,64,64
40483,Chlckenx,tichondrius,1523,shaman,restoration,105,49,56
40484,Vexxs,shadowmoon,1522,shaman,restoration,30,16,14
40485,Shockxd,illidan,1522,shaman,restoration,30,16,14
40486,Riptideafk,sargeras,1521,shaman,restoration,66,34,32
40487,Rocyt,sargeras,1520,shaman,restoration,66,35,31
40488,Luxiaa,tichondrius,1520,shaman,restoration,59,22,37
40489,Aleforj,quelthalas,1519,shaman,restoration,55,27,28
40490,Rsdyxjh,tichondrius,1519,shaman,restoration,51,22,29
40491,Záheer,arthas,1517,shaman,restoration,75,38,37
40492,Fenrirfuryy,tichondrius,1514,shaman,restoration,54,25,29
40493,Hexxercise,area-52,1512,shaman,restoration,53,38,15
40494,Stylebenderx,frostmourne,1512,shaman,restoration,30,16,14
40495,Spongemama,tichondrius,1511,shaman,restoration,82,41,41
40496,Heniu,tichondrius,1511,shaman,restoration,36,16,20
40497,Bluedynamite,tichondrius,1510,shaman,restoration,66,32,34
40498,Dogood,tichondrius,1510,shaman,restoration,60,27,33
40499,Fuzbo,bleeding-hollow,1509,shaman,restoration,47,25,22
40500,Shamansrock,tichondrius,1509,shaman,restoration,36,16,20
40501,Gemoz,tichondrius,1508,shaman,restoration,24,16,8
40502,Plâto,stormrage,1507,shaman,restoration,30,16,14
40503,Cultsulyvahn,tichondrius,1507,shaman,restoration,73,37,36
40504,Trapghost,cenarius,1506,shaman,restoration,87,41,46
40505,Shamankïng,proudmoore,1505,shaman,restoration,89,46,43
40506,Packspiritqt,tichondrius,1505,shaman,restoration,42,21,21
40507,ßread,illidan,1505,shaman,restoration,133,62,71
40508,Randomshammy,stormrage,1504,shaman,restoration,54,27,27
40509,Pawbed,aegwynn,1503,shaman,restoration,117,64,53
40510,Cokehealsx,tichondrius,1503,shaman,restoration,30,16,14
40511,Agharn,moon-guard,1503,shaman,restoration,51,26,25
40512,Harigomi,tichondrius,1503,shaman,restoration,303,154,149
40513,Papatreb,haomarush,1503,shaman,restoration,78,39,39
40514,Ballistíc,boulderfist,1502,shaman,restoration,66,38,28
40515,Orkshammy,illidan,1500,shaman,restoration,40,25,15
40516,Chacham,tichondrius,1500,shaman,restoration,79,42,37
40517,Rommel,azralon,1498,shaman,restoration,45,28,17
40518,Ban,blackrock,1498,shaman,restoration,39,21,18
40519,Lengin,bleeding-hollow,1497,shaman,restoration,36,21,15
40520,Sbrinz,thrall,1497,shaman,restoration,36,19,17
40521,Elementàlius,quelthalas,1497,shaman,restoration,71,32,39
40522,Szeav,tichondrius,1496,shaman,restoration,66,33,33
40523,Mutaishammy,barthilas,1496,shaman,restoration,90,44,46
40524,Isekai,alterac-mountains,1495,shaman,restoration,90,42,48
40525,Shockszz,onyxia,1494,shaman,restoration,143,69,74
40526,Køtømine,ragnaros,1491,shaman,restoration,106,67,39
40527,Redek,sargeras,1491,shaman,restoration,196,105,91
40528,Bwinthewomb,stormrage,1491,shaman,restoration,148,77,71
40529,Vanklayser,ragnaros,1491,shaman,restoration,108,54,54
40530,Mentyb,emerald-dream,1491,shaman,restoration,42,16,26
40531,Koomrog,frostmourne,1489,shaman,restoration,32,21,11
40532,Hoboman,chogall,1488,shaman,restoration,42,17,25
40533,Hyonkh,tichondrius,1487,shaman,restoration,77,45,32
40534,Yarl,ragnaros,1487,shaman,restoration,36,21,15
40535,Kaaying,tichondrius,1487,shaman,restoration,43,17,26
40536,Jizzlewizwiz,tichondrius,1484,shaman,restoration,181,89,92
40537,Sittinn,malganis,1484,shaman,restoration,78,37,41
40538,Elementorx,stormrage,1483,shaman,restoration,66,33,33
40539,Worldx,barthilas,1483,shaman,restoration,162,79,83
40540,Pedren,thrall,1482,shaman,restoration,27,19,8
40541,Trenhance,stormrage,1481,shaman,restoration,30,23,7
40542,Krewesham,uldaman,1481,shaman,restoration,28,17,11
40543,Sarkhanvol,aggramar,1480,shaman,restoration,36,25,11
40544,Abellone,tichondrius,1480,shaman,restoration,33,17,16
40545,Elementols,azralon,1480,shaman,restoration,48,23,25
40546,Hachikø,frostmourne,1480,shaman,restoration,95,44,51
40547,Vazlah,tichondrius,1479,shaman,restoration,24,16,8
40548,Rumkin,malganis,1478,shaman,restoration,106,58,48
40549,Ironcrag,moon-guard,1478,shaman,restoration,241,126,115
40550,Wuruizec,illidan,1478,shaman,restoration,65,32,33
40551,Boohaha,khadgar,1478,shaman,restoration,35,16,19
40552,Ryukims,tichondrius,1477,shaman,restoration,35,17,18
40553,Ellgric,emerald-dream,1476,shaman,restoration,48,21,27
40554,Defac,proudmoore,1475,shaman,restoration,72,42,30
40555,Maxchungie,azshara,1475,shaman,restoration,30,16,14
40556,Angelabaaby,proudmoore,1475,shaman,restoration,60,28,32
40557,Bakayarøu,tichondrius,1475,shaman,restoration,36,16,20
40558,Yossarabi,bleeding-hollow,1475,shaman,restoration,54,23,31
40559,Bighaircut,darkspear,1474,shaman,restoration,96,41,55
40560,Benjaminx,tichondrius,1473,shaman,restoration,56,34,22
40561,Vewdew,guldan,1473,shaman,restoration,78,47,31
40562,Brainal,sargeras,1472,shaman,restoration,60,25,35
40563,Upholderxo,shadowmoon,1471,shaman,restoration,48,25,23
40564,Pissticles,bleeding-hollow,1471,shaman,restoration,150,75,75
40565,Heebeegeebee,stormrage,1470,shaman,restoration,51,31,20
40566,Erthshawk,wildhammer,1470,shaman,restoration,84,44,40
40567,Neosham,frostwolf,1470,shaman,restoration,42,16,26
40568,Treasonreno,area-52,1468,shaman,restoration,42,18,24
40569,Krilick,blackrock,1467,shaman,restoration,107,57,50
40570,Keenie,shadow-council,1467,shaman,restoration,35,17,18
40571,Hruggol,bleeding-hollow,1467,shaman,restoration,54,26,28
40572,Gangzmmsk,tichondrius,1466,shaman,restoration,24,18,6
40573,Philbert,boulderfist,1466,shaman,restoration,54,31,23
40574,Juicypork,moon-guard,1464,shaman,restoration,39,23,16
40575,Damoclez,jubeithos,1464,shaman,restoration,39,17,22
40576,Allcatraz,zuljin,1464,shaman,restoration,40,17,23
40577,Gattious,illidan,1461,shaman,restoration,66,32,34
40578,Hirah,frostmourne,1460,shaman,restoration,23,16,7
40579,Smartakkar,emerald-dream,1460,shaman,restoration,57,36,21
40580,Muruaic,dentarg,1460,shaman,restoration,60,29,31
40581,Thegil,tichondrius,1460,shaman,restoration,102,47,55
40582,Benta,zuljin,1459,shaman,restoration,72,36,36
40583,Mlpz,black-dragonflight,1458,shaman,restoration,78,43,35
40584,Nilstorm,quelthalas,1458,shaman,restoration,72,38,34
40585,Paoran,sargeras,1457,shaman,restoration,26,16,10
40586,Graveman,illidan,1457,shaman,restoration,142,79,63
40587,Kwzy,stormrage,1457,shaman,restoration,51,26,25
40588,Pickledegg,tichondrius,1456,shaman,restoration,51,27,24
40589,Teerex,tortheldrin,1456,shaman,restoration,75,38,37
40590,Tizz,quelthalas,1456,shaman,restoration,112,54,58
40591,Totemgoddess,nemesis,1456,shaman,restoration,54,26,28
40592,Freakytiki,azshara,1455,shaman,restoration,52,34,18
40593,Whoshealing,lightninghoof,1455,shaman,restoration,66,35,31
40594,Furrytotems,darkspear,1455,shaman,restoration,126,56,70
40595,Trewlolz,sargeras,1454,shaman,restoration,48,24,24
40596,Draüguss,azralon,1453,shaman,restoration,149,71,78
40597,Rinnan,malganis,1453,shaman,restoration,103,48,55
40598,Crittingbull,veknilash,1452,shaman,restoration,214,111,103
40599,Carltonbanks,aggramar,1452,shaman,restoration,36,18,18
40600,Elex,frostmourne,1451,shaman,restoration,81,37,44
40601,Splonkydonky,stonemaul,1450,shaman,restoration,30,18,12
40602,Tidalstorm,ragnaros,1450,shaman,restoration,90,52,38
40603,Mäjorlazer,lightbringer,1449,shaman,restoration,38,19,19
40604,Buffduude,shadowsong,1449,shaman,restoration,48,22,26
40605,Aguinha,azralon,1448,shaman,restoration,78,38,40
40606,Flubydont,icecrown,1448,shaman,restoration,90,41,49
40607,Blowurbubble,tichondrius,1447,shaman,restoration,42,24,18
40608,Anußis,stormrage,1447,shaman,restoration,65,25,40
40609,Circuits,malganis,1446,shaman,restoration,58,30,28
40610,Joltik,area-52,1444,shaman,restoration,173,84,89
40611,Vzla,ragnaros,1443,shaman,restoration,78,41,37
40612,Milkkshake,illidan,1443,shaman,restoration,250,116,134
40613,Subnôize,bleeding-hollow,1442,shaman,restoration,123,69,54
40614,Alexustexas,tichondrius,1441,shaman,restoration,90,50,40
40615,Halfinha,nemesis,1441,shaman,restoration,187,92,95
40616,Wuargh,area-52,1440,shaman,restoration,220,118,102
40617,Badjojò,ragnaros,1439,shaman,restoration,30,15,15
40618,Breadx,khaz-modan,1439,shaman,restoration,30,15,15
40619,Praxis,tichondrius,1437,shaman,restoration,154,79,75
40620,Shocksfuker,stormrage,1437,shaman,restoration,44,21,23
40621,Miketheseal,bleeding-hollow,1437,shaman,restoration,36,15,21
40622,Creatine,area-52,1436,shaman,restoration,71,37,34
40623,Dawny,arygos,1435,shaman,restoration,36,15,21
40624,Wardruna,andorhal,1434,shaman,restoration,24,15,9
40625,Ãrthor,stormrage,1434,shaman,restoration,78,42,36
40626,Geser,silvermoon,1432,shaman,restoration,44,26,18
40627,Haard,area-52,1432,shaman,restoration,30,15,15
40628,Thormør,tichondrius,1432,shaman,restoration,31,15,16
40629,Shamjam,moon-guard,1431,shaman,restoration,24,15,9
40630,Buffdestru,azralon,1431,shaman,restoration,116,66,50
40631,Insertyzs,azralon,1431,shaman,restoration,66,36,30
40632,Goatpornbad,sargeras,1431,shaman,restoration,102,46,56
40633,Kabasan,illidan,1431,shaman,restoration,60,27,33
40634,Totem,burning-legion,1431,shaman,restoration,36,16,20
40635,Hugebrain,proudmoore,1431,shaman,restoration,124,50,74
40636,Fatherrtime,illidan,1430,shaman,restoration,48,26,22
40637,Galeswind,sargeras,1430,shaman,restoration,72,36,36
40638,Jimmymaclroy,frostmourne,1429,shaman,restoration,36,18,18
40639,Totembarx,illidan,1428,shaman,restoration,42,29,13
40640,Grimtar,burning-blade,1428,shaman,restoration,24,16,8
40641,Savs,tichondrius,1428,shaman,restoration,24,15,9
40642,Santiagodx,ragnaros,1427,shaman,restoration,277,135,142
40643,Nanishock,area-52,1426,shaman,restoration,45,24,21
40644,Xiwg,tichondrius,1425,shaman,restoration,60,23,37
40645,Macdab,malganis,1424,shaman,restoration,36,20,16
40646,Torric,kalecgos,1424,shaman,restoration,66,31,35
40647,Tideful,area-52,1423,shaman,restoration,30,15,15
40648,Kelta,kelthuzad,1423,shaman,restoration,30,15,15
40649,Killercam,maiev,1422,shaman,restoration,267,129,138
40650,Idowhatcdont,kelthuzad,1421,shaman,restoration,24,15,9
40651,Kephax,eonar,1421,shaman,restoration,123,62,61
40652,Reuxxe,area-52,1421,shaman,restoration,179,88,91
40653,Boonno,tichondrius,1421,shaman,restoration,36,15,21
40654,Samanl,tichondrius,1420,shaman,restoration,77,44,33
40655,Cinematticz,tichondrius,1420,shaman,restoration,101,51,50
40656,Pýe,bleeding-hollow,1420,shaman,restoration,42,21,21
40657,Sàuron,tichondrius,1419,shaman,restoration,144,79,65
40658,Slothstorm,barthilas,1419,shaman,restoration,59,31,28
40659,Pümba,azralon,1419,shaman,restoration,30,15,15
40660,Skelesham,zuljin,1418,shaman,restoration,42,28,14
40661,Unchaman,ragnaros,1417,shaman,restoration,145,70,75
40662,Libragirl,tichondrius,1416,shaman,restoration,125,65,60
40663,Psiexrcst,tichondrius,1415,shaman,restoration,54,22,32
40664,Tundertotem,tichondrius,1414,shaman,restoration,80,46,34
40665,Djshammy,barthilas,1414,shaman,restoration,80,42,38
40666,Lunds,tichondrius,1414,shaman,restoration,30,15,15
40667,Vajoku,proudmoore,1414,shaman,restoration,48,22,26
40668,Bearmanshrek,tichondrius,1414,shaman,restoration,72,26,46
40669,Tawahka,hyjal,1412,shaman,restoration,179,87,92
40670,Curador,nemesis,1411,shaman,restoration,30,20,10
40671,Enflexi,lightbringer,1411,shaman,restoration,53,26,27
40672,Maakasarg,tichondrius,1411,shaman,restoration,42,17,25
40673,Orkwa,bleeding-hollow,1410,shaman,restoration,68,32,36
40674,Otem,frostmourne,1410,shaman,restoration,50,23,27
40675,Catchclause,eonar,1409,shaman,restoration,30,15,15
40676,Farö,azralon,1409,shaman,restoration,47,18,29
40677,Xaltas,moon-guard,1407,shaman,restoration,52,33,19
40678,Kaili,illidan,1407,shaman,restoration,63,37,26
40679,Fuzzymuzzy,illidan,1407,shaman,restoration,30,15,15
40680,Elenix,area-52,1406,shaman,restoration,42,22,20
40681,Edhance,area-52,1404,shaman,restoration,107,62,45
40682,Uwuxdlol,tichondrius,1404,shaman,restoration,35,20,15
40683,Shamfold,illidan,1404,shaman,restoration,30,15,15
40684,Zizö,barthilas,1404,shaman,restoration,42,19,23
40685,Ryùko,proudmoore,1404,shaman,restoration,78,30,48
40686,Pamaj,kelthuzad,1404,shaman,restoration,54,19,35
40687,Supdaug,vashj,1402,shaman,restoration,66,32,34
40688,Sploosh,norgannon,1401,shaman,restoration,36,20,16
40689,Bluetooth,stormrage,1401,shaman,restoration,89,39,50
40690,Graymatterz,ysondre,1399,shaman,restoration,72,34,38
40691,Totemhype,tichondrius,1398,shaman,restoration,74,41,33
40692,Shaquillius,tichondrius,1397,shaman,restoration,72,35,37
40693,Ekuku,tichondrius,1396,shaman,restoration,46,24,22
40694,Springtide,thrall,1396,shaman,restoration,77,37,40
40695,Stylesp,area-52,1396,shaman,restoration,125,58,67
40696,Drinkharder,stormrage,1395,shaman,restoration,34,16,18
40697,Arginine,tichondrius,1395,shaman,restoration,42,15,27
40698,Aceshamm,kelthuzad,1394,shaman,restoration,84,46,38
40699,Cethun,amanthul,1394,shaman,restoration,36,18,18
40700,Choochette,illidan,1394,shaman,restoration,108,45,63
40701,Jakjohnson,stormrage,1393,shaman,restoration,33,18,15
40702,Kakiscala,proudmoore,1393,shaman,restoration,30,16,14
40703,ßøvîn,thrall,1393,shaman,restoration,71,36,35
40704,Siyusm,illidan,1393,shaman,restoration,72,25,47
40705,Eggrollninja,illidan,1392,shaman,restoration,24,17,7
40706,Windfrenzy,thrall,1392,shaman,restoration,36,15,21
40707,Largeshaman,zuljin,1391,shaman,restoration,30,15,15
40708,Rizam,malganis,1389,shaman,restoration,42,33,9
40709,Dazu,drakkari,1389,shaman,restoration,24,15,9
40710,Kirawindu,zuljin,1387,shaman,restoration,69,39,30
40711,Halloweenz,area-52,1387,shaman,restoration,30,16,14
40712,Charmize,azralon,1387,shaman,restoration,103,54,49
40713,Woodrose,frostmourne,1387,shaman,restoration,94,46,48
40714,Soowecide,tichondrius,1387,shaman,restoration,60,23,37
40715,Rykku,illidan,1386,shaman,restoration,30,16,14
40716,Shazik,spirestone,1386,shaman,restoration,54,21,33
40717,Kandin,icecrown,1385,shaman,restoration,82,42,40
40718,Fungus,firetree,1384,shaman,restoration,48,26,22
40719,Chitoss,gorgonnash,1384,shaman,restoration,128,60,68
40720,Windpowa,blackrock,1384,shaman,restoration,42,19,23
40721,Sindury,tichondrius,1383,shaman,restoration,156,87,69
40722,Shimansham,aegwynn,1383,shaman,restoration,197,100,97
40723,Fishman,exodar,1382,shaman,restoration,101,45,56
40724,Brosidan,anvilmar,1381,shaman,restoration,50,35,15
40725,Çruces,illidan,1381,shaman,restoration,36,17,19
40726,Thenextcdew,illidan,1380,shaman,restoration,36,20,16
40727,Indesham,drenden,1380,shaman,restoration,34,17,17
40728,Lanuur,moon-guard,1379,shaman,restoration,54,31,23
40729,Nyathera,barthilas,1378,shaman,restoration,90,50,40
40730,Mudlùst,moon-guard,1378,shaman,restoration,67,36,31
40731,Wazskood,stormrage,1378,shaman,restoration,56,25,31
40732,Ottoman,eredar,1378,shaman,restoration,75,32,43
40733,Leca,tichondrius,1378,shaman,restoration,90,38,52
40734,Hannamayzing,arathor,1377,shaman,restoration,36,16,20
40735,Roxzid,area-52,1374,shaman,restoration,57,33,24
40736,Jensenx,proudmoore,1374,shaman,restoration,82,38,44
40737,Aiyoubro,tichondrius,1373,shaman,restoration,23,15,8
40738,Cameltótém,sargeras,1372,shaman,restoration,48,25,23
40739,Blackoutsx,stormreaver,1369,shaman,restoration,28,15,13
40740,Voluptuous,mannoroth,1369,shaman,restoration,513,256,257
40741,Vogaz,ragnaros,1369,shaman,restoration,34,15,19
40742,Gromgrai,bleeding-hollow,1368,shaman,restoration,53,30,23
40743,Shamito,ragnaros,1368,shaman,restoration,51,24,27
40744,Bazinguinha,azralon,1366,shaman,restoration,88,42,46
40745,Thunderborn,laughing-skull,1366,shaman,restoration,36,16,20
40746,Aargonos,tichondrius,1365,shaman,restoration,29,23,6
40747,Krevsham,proudmoore,1364,shaman,restoration,56,23,33
40748,Ralinta,tichondrius,1364,shaman,restoration,77,27,50
40749,Greenenergy,tichondrius,1363,shaman,restoration,54,30,24
40750,Vibration,akama,1359,shaman,restoration,123,67,56
40751,Wyått,emerald-dream,1359,shaman,restoration,95,43,52
40752,Kiojin,ragnaros,1357,shaman,restoration,186,99,87
40753,Wooskier,tichondrius,1355,shaman,restoration,60,32,28
40754,Elementgodx,skullcrusher,1354,shaman,restoration,54,27,27
40755,Urin,emerald-dream,1354,shaman,restoration,39,17,22
40756,Atnaz,drakkari,1352,shaman,restoration,42,24,18
40757,Tumble,frostmourne,1352,shaman,restoration,105,51,54
40758,Amperage,spirestone,1352,shaman,restoration,70,33,37
40759,Chandye,proudmoore,1348,shaman,restoration,72,27,45
40760,Orjamba,barthilas,1347,shaman,restoration,29,17,12
40761,Daddyk,gnomeregan,1347,shaman,restoration,53,30,23
40762,Balsonz,zuljin,1346,shaman,restoration,30,16,14
40763,Odïn,tichondrius,1346,shaman,restoration,30,15,15
40764,Lleonardo,tichondrius,1346,shaman,restoration,54,24,30
40765,Imaspirit,malganis,1346,shaman,restoration,60,25,35
40766,Lildunny,tichondrius,1346,shaman,restoration,36,15,21
40767,Fàrrò,thrall,1345,shaman,restoration,66,39,27
40768,Xajsham,tichondrius,1344,shaman,restoration,102,54,48
40769,Kultirio,quelthalas,1344,shaman,restoration,61,32,29
40770,Elemen,quelthalas,1344,shaman,restoration,97,48,49
40771,Smniss,tichondrius,1344,shaman,restoration,49,23,26
40772,Orochishaman,stormrage,1343,shaman,restoration,24,14,10
40773,Quequin,quelthalas,1343,shaman,restoration,42,21,21
40774,Jhakrï,tichondrius,1343,shaman,restoration,30,14,16
40775,Llgll,tichondrius,1343,shaman,restoration,46,19,27
40776,Karmatide,malganis,1342,shaman,restoration,30,20,10
40777,Dwârf,tichondrius,1342,shaman,restoration,24,14,10
40778,Shämwow,agamaggan,1342,shaman,restoration,820,410,410
40779,Weathersmell,sargeras,1341,shaman,restoration,24,14,10
40780,Crazytotems,dalaran,1341,shaman,restoration,138,71,67
40781,Azumaa,tichondrius,1341,shaman,restoration,191,88,103
40782,Shockpanda,zuljin,1340,shaman,restoration,18,14,4
40783,Fallhazard,malganis,1340,shaman,restoration,40,24,16
40784,Kachupinsito,ragnaros,1339,shaman,restoration,91,45,46
40785,Uhd,malganis,1339,shaman,restoration,44,21,23
40786,Roostershama,tichondrius,1339,shaman,restoration,103,45,58
40787,Rzzn,sargeras,1338,shaman,restoration,24,14,10
40788,Furiousnick,stormrage,1337,shaman,restoration,31,15,16
40789,Shamkack,kelthuzad,1337,shaman,restoration,89,41,48
40790,Earthentotem,tichondrius,1336,shaman,restoration,24,14,10
40791,Yamazakì,nemesis,1336,shaman,restoration,39,15,24
40792,Orbys,illidan,1335,shaman,restoration,24,14,10
40793,Tayictwo,tichondrius,1335,shaman,restoration,30,14,16
40794,Fläkky,tichondrius,1334,shaman,restoration,30,18,12
40795,Satrixss,ragnaros,1334,shaman,restoration,79,44,35
40796,Aseew,drakkari,1334,shaman,restoration,66,31,35
40797,Woof,agamaggan,1334,shaman,restoration,47,16,31
40798,Nerfmytotemz,frostmourne,1333,shaman,restoration,30,14,16
40799,Jaegertotem,stormrage,1332,shaman,restoration,30,17,13
40800,Joyrider,sargeras,1332,shaman,restoration,54,28,26
40801,Zinns,dalaran,1332,shaman,restoration,30,15,15
40802,Alátreon,azralon,1332,shaman,restoration,66,30,36
40803,Ixis,bleeding-hollow,1331,shaman,restoration,24,14,10
40804,Edisto,darkspear,1331,shaman,restoration,30,14,16
40805,Getco,tichondrius,1330,shaman,restoration,42,18,24
40806,Joriko,magtheridon,1330,shaman,restoration,36,14,22
40807,Tampíco,ragnaros,1330,shaman,restoration,36,14,22
40808,Exussh,tichondrius,1329,shaman,restoration,18,15,3
40809,Eccentrix,mannoroth,1329,shaman,restoration,36,14,22
40810,Angron,barthilas,1328,shaman,restoration,34,21,13
40811,Huroth,proudmoore,1328,shaman,restoration,42,14,28
40812,Tesle,illidan,1327,shaman,restoration,36,14,22
40813,Barbosina,stormrage,1326,shaman,restoration,226,116,110
40814,Azhen,ragnaros,1326,shaman,restoration,138,69,69
40815,Tchaishammy,tichondrius,1326,shaman,restoration,29,14,15
40816,Noobcrits,tichondrius,1325,shaman,restoration,48,27,21
40817,Meatballer,queldorei,1325,shaman,restoration,77,42,35
40818,Ginkuma,illidan,1325,shaman,restoration,30,14,16
40819,Afgoox,tichondrius,1324,shaman,restoration,84,47,37
40820,Klausnomi,jaedenar,1324,shaman,restoration,48,21,27
40821,Oriyani,sargeras,1323,shaman,restoration,30,14,16
40822,Zuljiba,illidan,1322,shaman,restoration,60,35,25
40823,Harbert,black-dragonflight,1322,shaman,restoration,72,38,34
40824,Restosud,crushridge,1320,shaman,restoration,30,18,12
40825,Ondra,frostmourne,1320,shaman,restoration,48,24,24
40826,Totemrack,tichondrius,1320,shaman,restoration,48,24,24
40827,Infsham,hyjal,1320,shaman,restoration,60,27,33
40828,Girthquake,agamaggan,1320,shaman,restoration,36,14,22
40829,Kisimi,proudmoore,1319,shaman,restoration,30,18,12
40830,Cleanfossil,stormrage,1319,shaman,restoration,41,24,17
40831,Bearlysober,draka,1319,shaman,restoration,68,37,31
40832,Boggins,dalaran,1318,shaman,restoration,52,25,27
40833,Clutchinbuds,malganis,1318,shaman,restoration,54,24,30
40834,Badião,azralon,1318,shaman,restoration,131,58,73
40835,Latosos,dalaran,1317,shaman,restoration,36,15,21
40836,Aemi,tichondrius,1316,shaman,restoration,120,57,63
40837,Bluebones,frostmane,1314,shaman,restoration,24,14,10
40838,Phtalid,dalaran,1314,shaman,restoration,88,45,43
40839,Beardcramps,tichondrius,1314,shaman,restoration,84,42,42
40840,Schav,stormrage,1313,shaman,restoration,33,19,14
40841,Ithappens,senjin,1310,shaman,restoration,30,16,14
40842,Prøduce,tichondrius,1310,shaman,restoration,60,31,29
40843,Orlá,moon-guard,1310,shaman,restoration,54,18,36
40844,Sphaerus,tichondrius,1309,shaman,restoration,30,14,16
40845,Hefestos,nemesis,1309,shaman,restoration,30,14,16
40846,Absorblife,barthilas,1309,shaman,restoration,69,31,38
40847,Medzoe,tichondrius,1307,shaman,restoration,28,15,13
40848,Youneverknow,frostmourne,1307,shaman,restoration,161,81,80
40849,Sparks,ragnaros,1306,shaman,restoration,89,41,48
40850,Fencepost,bleeding-hollow,1305,shaman,restoration,84,46,38
40851,Toteapole,malganis,1305,shaman,restoration,94,51,43
40852,Torgah,tichondrius,1305,shaman,restoration,90,44,46
40853,Dewstorm,tichondrius,1305,shaman,restoration,35,16,19
40854,Fíxer,tichondrius,1304,shaman,restoration,85,44,41
40855,Solaraa,proudmoore,1304,shaman,restoration,64,31,33
40856,Genjuu,proudmoore,1304,shaman,restoration,42,20,22
40857,Hüsky,dalaran,1303,shaman,restoration,42,14,28
40858,Tumble,barthilas,1302,shaman,restoration,52,26,26
40859,Badgeshock,area-52,1301,shaman,restoration,108,48,60
40860,Cæl,azralon,1300,shaman,restoration,35,20,15
40861,Tedmosbe,tichondrius,1300,shaman,restoration,84,37,47
40862,Tartar,lightbringer,1299,shaman,restoration,99,60,39
40863,Pushaheal,tichondrius,1299,shaman,restoration,54,31,23
40864,Enalen,argent-dawn,1299,shaman,restoration,61,35,26
40865,Ndz,anubarak,1299,shaman,restoration,60,33,27
40866,Mengemort,crushridge,1299,shaman,restoration,46,25,21
40867,Teardrinker,korgath,1299,shaman,restoration,94,46,48
40868,Yarockheal,malganis,1298,shaman,restoration,54,27,27
40869,Juvîa,emerald-dream,1297,shaman,restoration,79,30,49
40870,Bigtoy,frostmane,1296,shaman,restoration,42,14,28
40871,Krishshammy,azshara,1295,shaman,restoration,171,86,85
40872,Desgarcon,zuljin,1294,shaman,restoration,71,37,34
40873,Qitian,tichondrius,1294,shaman,restoration,36,14,22
40874,Defnotheals,kelthuzad,1293,shaman,restoration,90,42,48
40875,Jetstream,shadow-council,1293,shaman,restoration,42,16,26
40876,Izarmona,bleeding-hollow,1292,shaman,restoration,24,15,9
40877,Valst,kiljaeden,1292,shaman,restoration,69,33,36
40878,Slaggdaddy,durotan,1292,shaman,restoration,30,14,16
40879,Murata,tichondrius,1291,shaman,restoration,30,16,14
40880,Totemist,tichondrius,1291,shaman,restoration,54,23,31
40881,Aviator,muradin,1288,shaman,restoration,36,19,17
40882,Problamatic,tichondrius,1288,shaman,restoration,30,14,16
40883,Belgrom,tichondrius,1287,shaman,restoration,42,23,19
40884,Tacho,bleeding-hollow,1287,shaman,restoration,114,56,58
40885,Wunderwaffe,the-underbog,1287,shaman,restoration,84,40,44
40886,Twinkolava,nemesis,1286,shaman,restoration,31,20,11
40887,Drazic,area-52,1286,shaman,restoration,49,28,21
40888,Truemooin,wyrmrest-accord,1286,shaman,restoration,485,243,242
40889,Mynigabob,zuljin,1285,shaman,restoration,148,83,65
40890,Uhfishuhl,bleeding-hollow,1285,shaman,restoration,30,16,14
40891,Shamorrhoids,frostmourne,1285,shaman,restoration,137,70,67
40892,Nezzuk,quelthalas,1285,shaman,restoration,96,42,54
40893,Mythshaman,tichondrius,1285,shaman,restoration,48,17,31
40894,Ketaminedrip,illidan,1284,shaman,restoration,42,22,20
40895,Stargun,korgath,1284,shaman,restoration,147,76,71
40896,Feldstar,stormrage,1284,shaman,restoration,103,47,56
40897,Sukthistotem,kelthuzad,1282,shaman,restoration,24,16,8
40898,Tym,sargeras,1281,shaman,restoration,42,22,20
40899,Alraxion,ragnaros,1281,shaman,restoration,84,41,43
40900,Ulala,azshara,1280,shaman,restoration,72,31,41
40901,Hasselshock,area-52,1280,shaman,restoration,94,40,54
40902,Mudeng,tichondrius,1276,shaman,restoration,60,30,30
40903,Eekumbokum,bleeding-hollow,1275,shaman,restoration,68,36,32
40904,Klaital,boulderfist,1274,shaman,restoration,30,21,9
40905,Trúnks,magtheridon,1273,shaman,restoration,102,48,54
40906,Retgarr,tichondrius,1272,shaman,restoration,30,17,13
40907,Foodlust,sargeras,1272,shaman,restoration,108,57,51
40908,Sharmut,bleeding-hollow,1272,shaman,restoration,130,67,63
40909,Tákhisis,darkspear,1271,shaman,restoration,72,33,39
40910,Angelicrain,stormrage,1269,shaman,restoration,30,16,14
40911,Derkx,thrall,1268,shaman,restoration,30,22,8
40912,Thomastides,tichondrius,1268,shaman,restoration,78,36,42
40913,Taò,tichondrius,1267,shaman,restoration,102,48,54
40914,Killdeaderer,barthilas,1266,shaman,restoration,136,79,57
40915,Kripnotik,nathrezim,1266,shaman,restoration,42,16,26
40916,Joocer,emerald-dream,1265,shaman,restoration,102,48,54
40917,Shiestys,tichondrius,1264,shaman,restoration,33,23,10
40918,Foray,barthilas,1264,shaman,restoration,36,19,17
40919,Shohzegky,azralon,1264,shaman,restoration,97,43,54
40920,Dodirt,laughing-skull,1263,shaman,restoration,30,17,13
40921,Kunio,proudmoore,1261,shaman,restoration,42,22,20
40922,Menah,moon-guard,1260,shaman,restoration,36,20,16
40923,Hauby,zuljin,1259,shaman,restoration,48,15,33
40924,Jru,tichondrius,1257,shaman,restoration,31,14,17
40925,Massif,emerald-dream,1256,shaman,restoration,31,14,17
40926,Ragerax,trollbane,1254,shaman,restoration,23,16,7
40927,Tigrains,proudmoore,1252,shaman,restoration,29,15,14
40928,Ironcaulk,kelthuzad,1252,shaman,restoration,54,26,28
40929,Luto,tichondrius,1251,shaman,restoration,130,71,59
40930,Freyttreyn,garrosh,1251,shaman,restoration,54,29,25
40931,Blodbar,kiljaeden,1249,shaman,restoration,36,24,12
40932,Watchmytrem,ragnaros,1249,shaman,restoration,60,20,40
40933,Evilabev,bonechewer,1248,shaman,restoration,24,13,11
40934,Toroph,azralon,1248,shaman,restoration,30,16,14
40935,Bigwave,zuluhed,1248,shaman,restoration,30,15,15
40936,Kwesy,tichondrius,1248,shaman,restoration,30,13,17
40937,Swinginwilly,barthilas,1248,shaman,restoration,36,14,22
40938,Bubbert,illidan,1248,shaman,restoration,60,21,39
40939,Tôôz,stormrage,1247,shaman,restoration,18,13,5
40940,Kosiee,frostmourne,1247,shaman,restoration,24,13,11
40941,Overtax,tichondrius,1246,shaman,restoration,18,13,5
40942,Chiggys,area-52,1246,shaman,restoration,24,13,11
40943,Momolagbbit,tichondrius,1246,shaman,restoration,24,13,11
40944,Exceedër,ragnaros,1246,shaman,restoration,24,13,11
40945,Cónò,tichondrius,1246,shaman,restoration,84,39,45
40946,Delíta,quelthalas,1246,shaman,restoration,65,26,39
40947,Tays,tichondrius,1245,shaman,restoration,18,13,5
40948,Scape,emerald-dream,1244,shaman,restoration,18,13,5
40949,Aelwydx,quelthalas,1244,shaman,restoration,275,139,136
40950,Shoxx,wyrmrest-accord,1243,shaman,restoration,24,13,11
40951,Zqshaman,tichondrius,1243,shaman,restoration,30,14,16
40952,Jsoto,ghostlands,1243,shaman,restoration,30,13,17
40953,Darkn,cenarion-circle,1242,shaman,restoration,36,18,18
40954,Óompaloompa,frostmourne,1242,shaman,restoration,30,13,17
40955,Chenguanxi,tichondrius,1240,shaman,restoration,18,13,5
40956,Droni,emerald-dream,1240,shaman,restoration,30,16,14
40957,Jaandar,saurfang,1240,shaman,restoration,141,71,70
40958,Keekballx,tichondrius,1240,shaman,restoration,30,13,17
40959,Nomediocur,moknathal,1240,shaman,restoration,61,24,37
40960,Spekgawd,emerald-dream,1239,shaman,restoration,18,13,5
40961,Jnzz,area-52,1239,shaman,restoration,24,13,11
40962,Hearthx,perenolde,1239,shaman,restoration,30,13,17
40963,Battleobobby,medivh,1239,shaman,restoration,41,13,28
40964,Booyahshaman,area-52,1238,shaman,restoration,30,17,13
40965,Beefstocks,area-52,1238,shaman,restoration,66,32,34
40966,Entropey,daggerspine,1238,shaman,restoration,65,28,37
40967,Lastdwarf,tichondrius,1237,shaman,restoration,18,13,5
40968,Shamakazi,tichondrius,1237,shaman,restoration,31,14,17
40969,Wugmuk,illidan,1236,shaman,restoration,149,73,76
40970,Êdge,quelthalas,1235,shaman,restoration,69,33,36
40971,Chingobling,illidan,1234,shaman,restoration,24,13,11
40972,Turtleinmud,frostmourne,1234,shaman,restoration,24,13,11
40973,Krolii,tichondrius,1234,shaman,restoration,80,33,47
40974,Shamicare,stormrage,1232,shaman,restoration,136,75,61
40975,Karrydoskftw,ragnaros,1232,shaman,restoration,145,68,77
40976,Kinjin,dragonmaw,1232,shaman,restoration,30,13,17
40977,Quakess,zuljin,1232,shaman,restoration,36,13,23
40978,Kommotion,proudmoore,1232,shaman,restoration,36,13,23
40979,Fênrisulfer,area-52,1231,shaman,restoration,89,37,52
40980,Kikkóman,malganis,1230,shaman,restoration,48,25,23
40981,Brislin,sargeras,1230,shaman,restoration,238,117,121
40982,Kinshaman,lightnings-blade,1230,shaman,restoration,103,49,54
40983,Peppito,illidan,1229,shaman,restoration,51,29,22
40984,Edemental,area-52,1229,shaman,restoration,129,61,68
40985,Turblix,tichondrius,1228,shaman,restoration,51,33,18
40986,Lhost,tanaris,1228,shaman,restoration,30,17,13
40987,Terdsammich,malganis,1227,shaman,restoration,51,27,24
40988,Lüca,wyrmrest-accord,1226,shaman,restoration,357,187,170
40989,Bäsedgód,tichondrius,1225,shaman,restoration,30,13,17
40990,Ozzai,ragnaros,1225,shaman,restoration,42,15,27
40991,Mishalla,tichondrius,1224,shaman,restoration,72,27,45
40992,Hammerme,barthilas,1220,shaman,restoration,107,40,67
40993,Hoong,garrosh,1219,shaman,restoration,32,17,15
40994,Thizzasta,blackhand,1219,shaman,restoration,40,18,22
40995,Keiox,ragnaros,1218,shaman,restoration,24,13,11
40996,Donmills,tichondrius,1218,shaman,restoration,54,23,31
40997,Lavablurst,stormrage,1218,shaman,restoration,59,23,36
40998,Exportgold,barthilas,1218,shaman,restoration,42,16,26
40999,Milkmeforhp,frostmourne,1217,shaman,restoration,126,64,62
41000,Babytiramisu,stormrage,1217,shaman,restoration,36,16,20
41001,Zetli,tichondrius,1217,shaman,restoration,66,24,42
41002,Bitxxnumber,tichondrius,1216,shaman,restoration,234,124,110
41003,Spiritbear,zuljin,1215,shaman,restoration,42,27,15
41004,Fenny,proudmoore,1215,shaman,restoration,35,18,17
41005,Hicys,azralon,1215,shaman,restoration,143,71,72
41006,Flametide,proudmoore,1212,shaman,restoration,47,27,20
41007,Smashtheface,nagrand,1211,shaman,restoration,54,27,27
41008,Mochiko,frostmourne,1211,shaman,restoration,74,35,39
41009,Dabmarinø,tichondrius,1209,shaman,restoration,30,18,12
41010,Certz,dark-iron,1209,shaman,restoration,39,15,24
41011,Voodoototems,frostmourne,1207,shaman,restoration,51,25,26
41012,Alphamael,lightbringer,1207,shaman,restoration,50,20,30
41013,Plausibility,moon-guard,1206,shaman,restoration,24,13,11
41014,Paratroop,bonechewer,1206,shaman,restoration,63,27,36
41015,Patoron,proudmoore,1204,shaman,restoration,34,17,17
41016,Bluffin,stormrage,1201,shaman,restoration,24,17,7
41017,Magnethor,frostmourne,1200,shaman,restoration,42,24,18
41018,Thräll,shuhalo,1200,shaman,restoration,202,103,99
41019,Ogtrippleog,blackwing-lair,1200,shaman,restoration,47,19,28
41020,Redbulls,azralon,1198,shaman,restoration,96,54,42
41021,Rahkani,kiljaeden,1197,shaman,restoration,24,13,11
41022,Cruelface,sargeras,1196,shaman,restoration,26,14,12
41023,Jaegeer,azralon,1195,shaman,restoration,30,16,14
41024,Yamishka,dalaran,1193,shaman,restoration,54,22,32
41025,Synkrona,tichondrius,1191,shaman,restoration,38,16,22
41026,Furti,daggerspine,1190,shaman,restoration,34,16,18
41027,Thorsén,ursin,1190,shaman,restoration,48,20,28
41028,Nobiggy,tichondrius,1190,shaman,restoration,33,13,20
41029,Babibolo,duskwood,1187,shaman,restoration,24,13,11
41030,Turksham,tichondrius,1187,shaman,restoration,35,18,17
41031,Churgarm,zuljin,1185,shaman,restoration,36,21,15
41032,Peanutto,illidan,1185,shaman,restoration,143,78,65
41033,Lokhtar,zuljin,1184,shaman,restoration,36,17,19
41034,Adrô,barthilas,1184,shaman,restoration,96,42,54
41035,Getwetand,quelthalas,1182,shaman,restoration,103,51,52
41036,Stabix,tichondrius,1181,shaman,restoration,66,31,35
41037,Cheliz,thrall,1180,shaman,restoration,64,25,39
41038,Rimmington,frostmourne,1179,shaman,restoration,54,24,30
41039,Shaokhang,emerald-dream,1179,shaman,restoration,82,33,49
41040,Dcãicer,quelthalas,1178,shaman,restoration,25,15,10
41041,Rajin,sentinels,1178,shaman,restoration,36,18,18
41042,Dibatotenz,azralon,1178,shaman,restoration,44,16,28
41043,Grimmzhul,daggerspine,1172,shaman,restoration,110,57,53
41044,Saicey,zuljin,1171,shaman,restoration,78,41,37
41045,Vanty,proudmoore,1170,shaman,restoration,29,13,16
41046,Shammimane,tichondrius,1169,shaman,restoration,107,53,54
41047,Hedbang,kiljaeden,1169,shaman,restoration,60,24,36
41048,Wazöö,sargeras,1168,shaman,restoration,63,28,35
41049,Oomshamm,area-52,1167,shaman,restoration,130,68,62
41050,Shazikial,illidan,1167,shaman,restoration,38,18,20
41051,Drumman,skullcrusher,1167,shaman,restoration,48,19,29
41052,Onpoint,frostmourne,1165,shaman,restoration,23,13,10
41053,Uluwatu,bleeding-hollow,1165,shaman,restoration,30,16,14
41054,Twoflower,frostmourne,1163,shaman,restoration,142,68,74
41055,Grakkah,thrall,1162,shaman,restoration,30,13,17
41056,Yeetle,gorefiend,1160,shaman,restoration,40,20,20
41057,Stahlman,blackhand,1160,shaman,restoration,48,17,31
41058,Drboidzerg,tichondrius,1154,shaman,restoration,32,20,12
41059,Chagun,illidan,1154,shaman,restoration,24,13,11
41060,Lulers,cenarius,1154,shaman,restoration,48,22,26
41061,Dahmerjr,area-52,1153,shaman,restoration,78,43,35
41062,Lezzer,ragnaros,1153,shaman,restoration,66,26,40
41063,Rawdòggin,emerald-dream,1152,shaman,restoration,33,13,20
41064,Booramz,tichondrius,1151,shaman,restoration,18,12,6
41065,Ruupaul,kiljaeden,1151,shaman,restoration,18,12,6
41066,Owtyobwol,area-52,1151,shaman,restoration,18,12,6
41067,Hoatboiz,magtheridon,1151,shaman,restoration,54,14,40
41068,Gödöfbüdå,tichondrius,1150,shaman,restoration,18,12,6
41069,Scrototëm,azralon,1150,shaman,restoration,36,21,15
41070,Uglybastrd,stormrage,1150,shaman,restoration,24,12,12
41071,Ponyi,frostmourne,1150,shaman,restoration,30,12,18
41072,Skrubbles,mugthol,1149,shaman,restoration,18,12,6
41073,Hatethetotem,bleeding-hollow,1149,shaman,restoration,50,25,25
41074,Loanomi,zuljin,1148,shaman,restoration,30,16,14
41075,Noolube,barthilas,1148,shaman,restoration,24,12,12
41076,Jineluki,emerald-dream,1148,shaman,restoration,53,23,30
41077,Adventstrike,tichondrius,1148,shaman,restoration,45,14,31
41078,Xiaoxiboy,tichondrius,1147,shaman,restoration,24,12,12
41079,Ricn,tichondrius,1147,shaman,restoration,24,12,12
41080,Branasou,emerald-dream,1147,shaman,restoration,30,12,18
41081,Tizm,stormrage,1146,shaman,restoration,24,12,12
41082,Bitruff,tichondrius,1146,shaman,restoration,24,12,12
41083,Yeeraldyn,quelthalas,1146,shaman,restoration,30,12,18
41084,Foghoran,quelthalas,1144,shaman,restoration,24,13,11
41085,Boltadeez,tichondrius,1144,shaman,restoration,24,12,12
41086,Glizzyfeast,illidan,1143,shaman,restoration,18,12,6
41087,Zombaschamy,ragnaros,1142,shaman,restoration,24,12,12
41088,Skylet,azralon,1140,shaman,restoration,24,12,12
41089,Laterallus,nagrand,1139,shaman,restoration,92,47,45
41090,Totemfizzle,spirestone,1137,shaman,restoration,24,12,12
41091,Elecpod,frostmourne,1137,shaman,restoration,32,12,20
41092,Gsync,tichondrius,1136,shaman,restoration,76,45,31
41093,Winchi,stormrage,1136,shaman,restoration,24,12,12
41094,Hateshifter,kul-tiras,1136,shaman,restoration,30,12,18
41095,Devipersham,frostmourne,1135,shaman,restoration,24,12,12
41096,Charr,nemesis,1133,shaman,restoration,30,14,16
41097,Orcstain,moknathal,1132,shaman,restoration,106,36,70
41098,Smooths,bloodscalp,1131,shaman,restoration,30,16,14
41099,Meanbetty,illidan,1131,shaman,restoration,24,12,12
41100,Ladilloso,zuljin,1131,shaman,restoration,59,24,35
41101,Lechaman,hakkar,1131,shaman,restoration,66,22,44
41102,Cameltotêm,frostmourne,1130,shaman,restoration,30,17,13
41103,Dragonsauce,grizzly-hills,1130,shaman,restoration,41,16,25
41104,Restoramen,frostmourne,1128,shaman,restoration,37,15,22
41105,Mandinga,warsong,1127,shaman,restoration,77,34,43
41106,Darrann,kiljaeden,1126,shaman,restoration,18,12,6
41107,Dinaliia,lothar,1126,shaman,restoration,36,16,20
41108,Käck,tichondrius,1122,shaman,restoration,62,28,34
41109,Sephyros,ragnaros,1121,shaman,restoration,24,12,12
41110,Bóòchainz,tichondrius,1120,shaman,restoration,22,13,9
41111,Rocksteddy,area-52,1120,shaman,restoration,24,12,12
41112,Allegrata,sargeras,1119,shaman,restoration,24,13,11
41113,Saxaboom,tichondrius,1115,shaman,restoration,30,12,18
41114,Etherys,frostmourne,1114,shaman,restoration,36,21,15
41115,Phira,tichondrius,1114,shaman,restoration,78,40,38
41116,Senzxlolxz,lightbringer,1106,shaman,restoration,57,33,24
41117,Shammyguy,stormreaver,1103,shaman,restoration,50,23,27
41118,Ttass,dalaran,1102,shaman,restoration,35,13,22
41119,Qüickeze,khazgoroth,1097,shaman,restoration,22,15,7
41120,Chablez,shattered-hand,1096,shaman,restoration,30,13,17
41121,Shockalama,tichondrius,1094,shaman,restoration,72,27,45
41122,Htsu,quelthalas,1093,shaman,restoration,28,13,15
41123,Shocksamdi,malganis,1093,shaman,restoration,36,13,23
41124,Stormburst,sargeras,1092,shaman,restoration,42,20,22
41125,Tremór,frostmourne,1091,shaman,restoration,24,14,10
41126,Baygone,tichondrius,1088,shaman,restoration,30,14,16
41127,Taquitho,quelthalas,1088,shaman,restoration,75,32,43
41128,Mikeisbadwow,tichondrius,1086,shaman,restoration,16,12,4
41129,Lebs,barthilas,1084,shaman,restoration,20,12,8
41130,Shockbot,stormscale,1084,shaman,restoration,35,12,23
41131,Väsain,wyrmrest-accord,1081,shaman,restoration,30,12,18
41132,Belínski,azralon,1080,shaman,restoration,48,26,22
41133,Lavatotem,stormrage,1078,shaman,restoration,47,25,22
41134,Delayy,destromath,1075,shaman,restoration,77,32,45
41135,Turbluscious,frostmourne,1074,shaman,restoration,49,26,23
41136,Eyris,dathremar,1074,shaman,restoration,71,31,40
41137,Narikó,aggramar,1073,shaman,restoration,100,56,44
41138,Umbrood,area-52,1073,shaman,restoration,28,13,15
41139,Eleshortal,azuremyst,1073,shaman,restoration,45,19,26
41140,Grullander,hakkar,1072,shaman,restoration,41,23,18
41141,Racsors,ragnaros,1072,shaman,restoration,30,16,14
41142,Elharm,ragnaros,1072,shaman,restoration,36,13,23
41143,Hazorele,nagrand,1069,shaman,restoration,48,23,25
41144,Zhyrouvstorm,stormrage,1068,shaman,restoration,60,27,33
41145,Maserati,korialstrasz,1067,shaman,restoration,58,24,34
41146,Sekkuo,kiljaeden,1061,shaman,restoration,60,28,32
41147,Littledream,quelthalas,1061,shaman,restoration,58,26,32
41148,Frizzie,barthilas,1060,shaman,restoration,77,19,58
41149,Biofly,thrall,1056,shaman,restoration,18,11,7
41150,Handzum,blades-edge,1056,shaman,restoration,18,11,7
41151,Nickwoper,emerald-dream,1056,shaman,restoration,18,11,7
41152,Lfgzookeeper,malganis,1056,shaman,restoration,18,11,7
41153,Censyzz,tichondrius,1056,shaman,restoration,24,11,13
41154,Brocules,aerie-peak,1056,shaman,restoration,24,11,13
41155,Jukedlawl,illidan,1056,shaman,restoration,30,11,19
41156,Sweetpotatoe,malganis,1055,shaman,restoration,24,11,13
41157,Pericazo,sargeras,1055,shaman,restoration,24,11,13
41158,Fluiid,tichondrius,1055,shaman,restoration,24,11,13
41159,Localxhero,stormrage,1055,shaman,restoration,24,11,13
41160,Jtrxs,tichondrius,1055,shaman,restoration,24,11,13
41161,Mindgooblin,sargeras,1055,shaman,restoration,36,11,25
41162,Ituma,tichondrius,1054,shaman,restoration,18,11,7
41163,Cháningtotem,frostmourne,1054,shaman,restoration,18,11,7
41164,Earthfirex,ragnaros,1054,shaman,restoration,18,11,7
41165,Sipo,tichondrius,1054,shaman,restoration,18,11,7
41166,Gorillox,chogall,1054,shaman,restoration,24,11,13
41167,Vixeen,kelthuzad,1054,shaman,restoration,24,11,13
41168,Keybordternr,tichondrius,1054,shaman,restoration,24,11,13
41169,Nosekandyz,chogall,1054,shaman,restoration,24,11,13
41170,Elmonkeyloco,bleeding-hollow,1053,shaman,restoration,18,11,7
41171,Possessing,illidan,1053,shaman,restoration,24,11,13
41172,Murm,burning-blade,1053,shaman,restoration,24,11,13
41173,Velesa,kiljaeden,1052,shaman,restoration,30,11,19
41174,Glark,tichondrius,1051,shaman,restoration,24,11,13
41175,Tamzlol,the-forgotten-coast,1051,shaman,restoration,24,11,13
41176,Chebbs,bleeding-hollow,1050,shaman,restoration,18,11,7
41177,Kuhdos,caelestrasz,1050,shaman,restoration,24,11,13
41178,Dragum,blackrock,1050,shaman,restoration,30,11,19
41179,Paradigm,sargeras,1049,shaman,restoration,18,11,7
41180,Millionvoltz,tichondrius,1049,shaman,restoration,24,11,13
41181,Speedranger,stormrage,1049,shaman,restoration,48,20,28
41182,Groundded,tichondrius,1049,shaman,restoration,35,11,24
41183,Totemism,warsong,1048,shaman,restoration,18,11,7
41184,Ryuukas,illidan,1047,shaman,restoration,18,11,7
41185,Kaleska,area-52,1047,shaman,restoration,32,11,21
41186,Mcstop,tanaris,1046,shaman,restoration,36,15,21
41187,Tràuma,caelestrasz,1045,shaman,restoration,45,13,32
41188,Elpide,area-52,1044,shaman,restoration,18,11,7
41189,Kronko,frostmourne,1044,shaman,restoration,24,11,13
41190,Leogi,daggerspine,1044,shaman,restoration,27,11,16
41191,Gl,nordrassil,1043,shaman,restoration,18,11,7
41192,Enzÿte,tichondrius,1043,shaman,restoration,24,11,13
41193,Saraguthix,dalaran,1043,shaman,restoration,30,11,19
41194,Pootergash,shadowmoon,1041,shaman,restoration,24,11,13
41195,Mvpstorm,darkspear,1041,shaman,restoration,24,11,13
41196,Geoleo,stormrage,1040,shaman,restoration,42,17,25
41197,Zugzugthug,moon-guard,1040,shaman,restoration,84,33,51
41198,Kazino,stormrage,1032,shaman,restoration,22,12,10
41199,Aimiréal,nagrand,1030,shaman,restoration,30,17,13
41200,Zoodoo,nagrand,1027,shaman,restoration,59,21,38
41201,Plop,tichondrius,1024,shaman,restoration,16,12,4
41202,Anttoekneeoh,thrall,1024,shaman,restoration,24,12,12
41203,Vaginix,tichondrius,1023,shaman,restoration,30,11,19
41204,Mastrionilol,stormrage,1023,shaman,restoration,34,11,23
41205,Slëvin,frostmourne,1023,shaman,restoration,42,13,29
41206,Kulgur,ravenholdt,1022,shaman,restoration,29,19,10
41207,Dextex,azralon,1022,shaman,restoration,47,26,21
41208,Zonsham,drakkari,1017,shaman,restoration,24,11,13
41209,Nupi,thaurissan,1013,shaman,restoration,59,26,33
41210,Lazi,frostmourne,1008,shaman,restoration,27,12,15
41211,Volsdeep,illidan,1007,shaman,restoration,21,11,10
41212,Illeh,illidan,1005,shaman,restoration,42,19,23
41213,Hoghlinn,stormrage,1003,shaman,restoration,14,12,2
41214,Smolder,magtheridon,1000,shaman,restoration,54,32,22
41215,Shamankie,tichondrius,999,shaman,restoration,40,13,27
41216,Hentaistorm,kiljaeden,998,shaman,restoration,80,41,39
41217,Mythruxx,sargeras,993,shaman,restoration,26,12,14
41218,Kencyzz,tichondrius,991,shaman,restoration,17,11,6
41219,Nottrhall,azralon,990,shaman,restoration,14,11,3
41220,Superchunk,shattered-hand,990,shaman,restoration,132,68,64
41221,Dùffman,jubeithos,988,shaman,restoration,29,13,16
41222,Arjen,kelthuzad,986,shaman,restoration,17,12,5
41223,Matrìx,sargeras,985,shaman,restoration,68,35,33
41224,Faegle,area-52,984,shaman,restoration,24,11,13
41225,Doomgodx,tichondrius,983,shaman,restoration,36,16,20
41226,Bettoo,ragnaros,980,shaman,restoration,29,12,17
41227,Banterx,emerald-dream,979,shaman,restoration,35,12,23
41228,Andrastia,thrall,976,shaman,restoration,24,15,9
41229,Shamadran,hyjal,971,shaman,restoration,23,11,12
41230,Monorim,barthilas,969,shaman,restoration,30,14,16
41231,Njjshamm,thrall,969,shaman,restoration,36,16,20
41232,Robis,thrall,968,shaman,restoration,161,79,82
41233,Tharapita,bleeding-hollow,968,shaman,restoration,33,12,21
41234,Gabbin,dalaran,960,shaman,restoration,12,10,2
41235,Okinn,malganis,960,shaman,restoration,12,10,2
41236,Sagester,illidan,960,shaman,restoration,16,11,5
41237,Hst,barthilas,960,shaman,restoration,18,10,8
41238,Burstekka,tichondrius,960,shaman,restoration,18,10,8
41239,Paperbot,barthilas,960,shaman,restoration,18,10,8
41240,Yunotho,sargeras,960,shaman,restoration,18,10,8
41241,Naisayyds,tichondrius,960,shaman,restoration,18,10,8
41242,Victusk,tichondrius,960,shaman,restoration,18,10,8
41243,Freerath,tichondrius,960,shaman,restoration,22,10,12
41244,Enhancex,frostwolf,960,shaman,restoration,24,10,14
41245,Nisthesham,tichondrius,960,shaman,restoration,24,10,14
41246,Farfar,tichondrius,959,shaman,restoration,12,10,2
41247,Esoterikk,malganis,959,shaman,restoration,18,10,8
41248,Awsika,lethon,959,shaman,restoration,18,10,8
41249,Rzul,tichondrius,959,shaman,restoration,18,10,8
41250,Zensarg,tichondrius,959,shaman,restoration,18,10,8
41251,Lodekimm,tichondrius,959,shaman,restoration,18,10,8
41252,Service,llane,959,shaman,restoration,18,10,8
41253,Jisthexx,senjin,959,shaman,restoration,24,10,14
41254,Forcè,bleeding-hollow,959,shaman,restoration,24,10,14
41255,Valcn,moon-guard,959,shaman,restoration,24,10,14
41256,Matzuga,bleeding-hollow,959,shaman,restoration,24,10,14
41257,Cosmô,sargeras,959,shaman,restoration,30,10,20
41258,Ggoong,tichondrius,959,shaman,restoration,36,10,26
41259,Vinceshamwow,lightbringer,958,shaman,restoration,12,10,2
41260,Joeschhmoe,tichondrius,958,shaman,restoration,18,10,8
41261,Shyva,frostmourne,958,shaman,restoration,18,10,8
41262,Thundershade,deathwing,958,shaman,restoration,24,10,14
41263,Weirdboi,area-52,958,shaman,restoration,24,10,14
41264,Lawlsham,korgath,957,shaman,restoration,12,10,2
41265,Jfrzd,tichondrius,957,shaman,restoration,12,10,2
41266,Humpvack,tichondrius,957,shaman,restoration,18,10,8
41267,Athayis,malorne,957,shaman,restoration,59,31,28
41268,Rsham,dragonmaw,956,shaman,restoration,18,10,8
41269,Karaaka,ysera,956,shaman,restoration,30,10,20
41270,Oohkillemm,silvermoon,955,shaman,restoration,18,10,8
41271,Shammystic,quelthalas,955,shaman,restoration,54,19,35
41272,Volzuna,wyrmrest-accord,954,shaman,restoration,24,10,14
41273,Johnnyblue,frostmourne,954,shaman,restoration,30,10,20
41274,Stackinheals,thrall,953,shaman,restoration,30,10,20
41275,Raininwishes,aegwynn,952,shaman,restoration,18,10,8
41276,Tequíla,quelthalas,952,shaman,restoration,18,10,8
41277,Mikeyodinson,area-52,952,shaman,restoration,24,10,14
41278,Bruhh,khadgar,951,shaman,restoration,18,10,8
41279,Romcomx,tichondrius,951,shaman,restoration,24,10,14
41280,Soulmiracle,tichondrius,951,shaman,restoration,24,10,14
41281,Overcåst,barthilas,951,shaman,restoration,36,10,26
41282,Castte,ragnaros,950,shaman,restoration,86,38,48
41283,Strohz,undermine,950,shaman,restoration,24,10,14
41284,Psilocypher,nazjatar,949,shaman,restoration,30,16,14
41285,Tabby,emerald-dream,948,shaman,restoration,24,10,14
41286,Daxetan,area-52,947,shaman,restoration,18,10,8
41287,Ayahuassca,illidan,947,shaman,restoration,50,22,28
41288,Recyclicrab,skullcrusher,945,shaman,restoration,12,10,2
41289,Skippe,hyjal,943,shaman,restoration,18,10,8
41290,Boppshock,tichondrius,928,shaman,restoration,16,11,5
41291,Mikeoxxgigg,kelthuzad,927,shaman,restoration,51,28,23
41292,Haether,madoran,926,shaman,restoration,101,50,51
41293,Colberton,dalaran,926,shaman,restoration,23,10,13
41294,Rastablaze,darkspear,926,shaman,restoration,70,27,43
41295,Artsha,tol-barad,925,shaman,restoration,18,11,7
41296,Mikeyshockus,hydraxis,922,shaman,restoration,47,19,28
41297,Djbs,stormrage,922,shaman,restoration,32,11,21
41298,Klev,frostmourne,921,shaman,restoration,33,12,21
41299,Jorko,dathremar,918,shaman,restoration,26,16,10
41300,Malløry,mugthol,917,shaman,restoration,30,12,18
41301,Flexexpress,stormrage,911,shaman,restoration,17,10,7
41302,Privxd,bleeding-hollow,910,shaman,restoration,17,10,7
41303,Mainstreamx,sargeras,908,shaman,restoration,33,10,23
41304,Bitflip,jubeithos,907,shaman,restoration,21,10,11
41305,Jessestevens,kiljaeden,905,shaman,restoration,17,10,7
41306,Tyrión,aggramar,905,shaman,restoration,27,12,15
41307,Alestorm,nemesis,899,shaman,restoration,28,12,16
41308,Booz,caelestrasz,895,shaman,restoration,30,10,20
41309,Shämpäin,moon-guard,891,shaman,restoration,26,10,16
41310,Imperiumrum,azuremyst,887,shaman,restoration,77,41,36
41311,Jenniferlynn,tichondrius,886,shaman,restoration,48,15,33
41312,Swifteyy,area-52,883,shaman,restoration,22,10,12
41313,Astàròth,malganis,880,shaman,restoration,13,10,3
41314,Orouboros,area-52,869,shaman,restoration,72,25,47
41315,Galarix,nerzhul,867,shaman,restoration,60,16,44
41316,Seiunsky,area-52,864,shaman,restoration,12,9,3
41317,Bakenquake,tichondrius,864,shaman,restoration,12,9,3
41318,Iadyboi,kiljaeden,864,shaman,restoration,12,9,3
41319,ßonevoyage,malganis,864,shaman,restoration,12,9,3
41320,Pangniu,illidan,864,shaman,restoration,12,9,3
41321,Washedupty,illidan,864,shaman,restoration,12,9,3
41322,Genesiis,stormrage,864,shaman,restoration,12,9,3
41323,Luckalicious,proudmoore,864,shaman,restoration,12,9,3
41324,Èmaxx,barthilas,864,shaman,restoration,12,9,3
41325,Hexcalibur,laughing-skull,864,shaman,restoration,18,9,9
41326,Flatt,uther,864,shaman,restoration,18,9,9
41327,Gargrax,malganis,864,shaman,restoration,18,9,9
41328,Plotwave,bleeding-hollow,864,shaman,restoration,18,9,9
41329,Kirschblute,proudmoore,864,shaman,restoration,18,9,9
41330,Meepsham,kilrogg,864,shaman,restoration,18,9,9
41331,Awyiss,dreadmaul,864,shaman,restoration,18,9,9
41332,Neviahz,illidan,864,shaman,restoration,18,9,9
41333,Medullarum,suramar,864,shaman,restoration,18,9,9
41334,Shamanesè,emerald-dream,864,shaman,restoration,24,9,15
41335,Funktotem,zuluhed,864,shaman,restoration,24,9,15
41336,Wildmaster,ragnaros,864,shaman,restoration,30,9,21
41337,Kzxs,illidan,863,shaman,restoration,12,9,3
41338,Deosculation,tichondrius,863,shaman,restoration,12,9,3
41339,Køre,tichondrius,863,shaman,restoration,12,9,3
41340,Lazie,perenolde,863,shaman,restoration,12,9,3
41341,Ajvl,tichondrius,863,shaman,restoration,12,9,3
41342,Shamanology,echo-isles,863,shaman,restoration,15,10,5
41343,Chlknx,tichondrius,863,shaman,restoration,18,9,9
41344,Hoofpics,dalaran,863,shaman,restoration,18,9,9
41345,Snoff,burning-blade,863,shaman,restoration,18,9,9
41346,Darcheros,quelthalas,863,shaman,restoration,18,9,9
41347,Potf,illidan,863,shaman,restoration,18,9,9
41348,Gornu,nemesis,863,shaman,restoration,18,9,9
41349,Multran,stormscale,863,shaman,restoration,18,9,9
41350,Murica,area-52,863,shaman,restoration,18,9,9
41351,Buffele,tichondrius,863,shaman,restoration,18,9,9
41352,Thungo,thaurissan,863,shaman,restoration,18,9,9
41353,Exiledsham,area-52,863,shaman,restoration,18,9,9
41354,Kassper,tichondrius,863,shaman,restoration,18,9,9
41355,Elmoss,thrall,863,shaman,restoration,24,9,15
41356,Mastrionilol,dragonmaw,863,shaman,restoration,24,9,15
41357,Yoloswage,tichondrius,863,shaman,restoration,33,10,23
41358,Udungoofedd,the-underbog,862,shaman,restoration,12,9,3
41359,Obrahma,burning-legion,862,shaman,restoration,18,9,9
41360,Drünk,hyjal,862,shaman,restoration,18,9,9
41361,Rekashaki,illidan,862,shaman,restoration,24,9,15
41362,Mâdy,quelthalas,861,shaman,restoration,12,9,3
41363,Soppin,bleeding-hollow,861,shaman,restoration,18,9,9
41364,Umadilia,area-52,861,shaman,restoration,18,9,9
41365,Milkstress,whisperwind,861,shaman,restoration,24,9,15
41366,Xolkrem,stormrage,861,shaman,restoration,24,9,15
41367,Esanim,tichondrius,860,shaman,restoration,18,9,9
41368,Bacnbitz,hellscream,860,shaman,restoration,24,9,15
41369,Wagesisdeath,illidan,859,shaman,restoration,24,9,15
41370,Shockburst,dalaran,858,shaman,restoration,18,9,9
41371,Ironfart,destromath,858,shaman,restoration,18,9,9
41372,Phatheelz,tichondrius,857,shaman,restoration,12,9,3
41373,Blois,thunderlord,857,shaman,restoration,18,9,9
41374,Vulcanuzz,ragnaros,856,shaman,restoration,24,9,15
41375,Stormblast,stormrage,856,shaman,restoration,42,9,33
41376,Chungie,laughing-skull,855,shaman,restoration,18,9,9
41377,Powerpress,thunderlord,855,shaman,restoration,18,9,9
41378,Yakella,trollbane,854,shaman,restoration,12,9,3
41379,Donix,destromath,854,shaman,restoration,30,11,19
41380,Mtnju,eredar,852,shaman,restoration,18,9,9
41381,Uggbootz,amanthul,851,shaman,restoration,37,13,24
41382,Vogelbach,ragnaros,849,shaman,restoration,18,10,8
41383,Çatastrophe,dalaran,849,shaman,restoration,18,9,9
41384,Elementium,azshara,847,shaman,restoration,29,9,20
41385,Fio,nerzhul,846,shaman,restoration,246,111,135
41386,Felzbirt,uldum,835,shaman,restoration,18,9,9
41387,Orcaninja,zuljin,830,shaman,restoration,16,9,7
41388,Sittingwolf,stormreaver,825,shaman,restoration,17,9,8
41389,Juksi,the-scryers,820,shaman,restoration,23,9,14
41390,Insidetrader,illidan,815,shaman,restoration,15,10,5
41391,Importmodule,frostmourne,796,shaman,restoration,23,9,14
41392,Restoele,tichondrius,768,shaman,restoration,12,8,4
41393,Steverz,daggerspine,768,shaman,restoration,12,8,4
41394,Hexistential,tichondrius,768,shaman,restoration,12,8,4
41395,Longlivecrit,exodar,768,shaman,restoration,12,8,4
41396,Xbk,tichondrius,768,shaman,restoration,12,8,4
41397,Kensyz,tichondrius,768,shaman,restoration,12,8,4
41398,Xannysnapper,zuljin,768,shaman,restoration,12,8,4
41399,Vernzi,laughing-skull,768,shaman,restoration,12,8,4
41400,Touchmytotmm,tichondrius,768,shaman,restoration,12,8,4
41401,Kaskä,tichondrius,768,shaman,restoration,12,8,4
41402,Kìttý,malganis,768,shaman,restoration,12,8,4
41403,Shxl,zuljin,768,shaman,restoration,12,8,4
41404,Plznostepmom,tichondrius,768,shaman,restoration,12,8,4
41405,Hoonjojjyans,tichondrius,768,shaman,restoration,12,8,4
41406,Atorinà,tichondrius,768,shaman,restoration,12,8,4
41407,Lavamon,illidan,768,shaman,restoration,12,8,4
41408,Ggdumpy,tichondrius,768,shaman,restoration,12,8,4
41409,Floofs,kelthuzad,768,shaman,restoration,12,8,4
41410,Xiaoshaman,frostmourne,768,shaman,restoration,12,8,4
41411,Xiaoshaman,tichondrius,768,shaman,restoration,12,8,4
41412,Ophitotem,zuljin,768,shaman,restoration,12,8,4
41413,Songo,frostmane,768,shaman,restoration,18,8,10
41414,Fyc,wyrmrest-accord,768,shaman,restoration,18,8,10
41415,Wolvez,tichondrius,768,shaman,restoration,18,8,10
41416,Sgtsosix,zuljin,768,shaman,restoration,18,8,10
41417,Toastjr,frostmourne,768,shaman,restoration,18,8,10
41418,Ändiroba,azralon,768,shaman,restoration,18,8,10
41419,Skymarshal,tichondrius,768,shaman,restoration,18,8,10
41420,Kaddya,mannoroth,768,shaman,restoration,18,8,10
41421,Laodo,tichondrius,768,shaman,restoration,22,9,13
41422,Earthuncle,illidan,768,shaman,restoration,24,8,16
41423,Kobecoopper,sargeras,768,shaman,restoration,24,8,16
41424,Lepoow,illidan,767,shaman,restoration,12,8,4
41425,Mymojo,tichondrius,767,shaman,restoration,12,8,4
41426,Veeve,kelthuzad,767,shaman,restoration,12,8,4
41427,Vernacks,area-52,767,shaman,restoration,12,8,4
41428,Hexoffender,thunderlord,767,shaman,restoration,12,8,4
41429,Squirtrussel,boulderfist,767,shaman,restoration,12,8,4
41430,Elamentz,bleeding-hollow,767,shaman,restoration,12,8,4
41431,Iarepotato,tichondrius,767,shaman,restoration,12,8,4
41432,Klimax,tichondrius,767,shaman,restoration,12,8,4
41433,Maheva,ragnaros,767,shaman,restoration,12,8,4
41434,Regisphilman,bonechewer,767,shaman,restoration,17,10,7
41435,Tigs,alleria,767,shaman,restoration,18,8,10
41436,Myrakh,zuljin,767,shaman,restoration,18,8,10
41437,Nehpets,kiljaeden,767,shaman,restoration,18,8,10
41438,Jazziefae,arygos,767,shaman,restoration,18,8,10
41439,Zad,spinebreaker,767,shaman,restoration,18,8,10
41440,Chrigshock,black-dragonflight,767,shaman,restoration,18,8,10
41441,Thunderfucj,tichondrius,767,shaman,restoration,24,8,16
41442,Agrîm,tichondrius,767,shaman,restoration,24,8,16
41443,Rapwnzel,tichondrius,766,shaman,restoration,18,8,10
41444,Totemlord,lightnings-blade,766,shaman,restoration,18,8,10
41445,Santral,ragnaros,766,shaman,restoration,19,8,11
41446,Nooch,malganis,766,shaman,restoration,27,9,18
41447,Magatotem,sargeras,766,shaman,restoration,24,8,16
41448,Finaire,queldorei,765,shaman,restoration,12,8,4
41449,Gohex,saurfang,765,shaman,restoration,12,8,4
41450,Trickyjf,dalaran,765,shaman,restoration,18,8,10
41451,Kanagawa,illidan,765,shaman,restoration,24,8,16
41452,Josiahsham,kelthuzad,764,shaman,restoration,18,8,10
41453,Vulcanik,quelthalas,764,shaman,restoration,24,8,16
41454,Vínnie,tichondrius,763,shaman,restoration,18,8,10
41455,Furbiddên,area-52,763,shaman,restoration,24,8,16
41456,ßøn,altar-of-storms,762,shaman,restoration,12,8,4
41457,Shamnnoodlez,area-52,762,shaman,restoration,18,8,10
41458,Winry,korgath,761,shaman,restoration,18,8,10
41459,Cremecheese,crushridge,760,shaman,restoration,12,8,4
41460,Groonix,blood-furnace,759,shaman,restoration,12,8,4
41461,Shamanlesa,azralon,757,shaman,restoration,18,8,10
41462,Kordir,kiljaeden,756,shaman,restoration,24,8,16
41463,Amonamarth,tichondrius,753,shaman,restoration,18,8,10
41464,Donkeydrill,elune,752,shaman,restoration,12,8,4
41465,Getpurged,thrall,751,shaman,restoration,17,8,9
41466,Shubba,thrall,747,shaman,restoration,12,8,4
41467,Msooli,tichondrius,745,shaman,restoration,15,10,5
41468,Siksika,bloodscalp,744,shaman,restoration,130,56,74
41469,Brokkghul,illidan,743,shaman,restoration,18,8,10
41470,Kawixxi,ysondre,740,shaman,restoration,35,16,19
41471,Ryforges,frostmourne,734,shaman,restoration,14,9,5
41472,Interwebzz,tichondrius,734,shaman,restoration,66,17,49
41473,Treris,bleeding-hollow,719,shaman,restoration,11,8,3
41474,Notragii,kelthuzad,719,shaman,restoration,17,8,9
41475,Kencysz,tichondrius,714,shaman,restoration,23,9,14
41476,Lavamama,sargeras,713,shaman,restoration,29,10,19
41477,Poundmaker,cairne,707,shaman,restoration,15,8,7
41478,Xinz,guldan,703,shaman,restoration,11,8,3
41479,Purgelordx,proudmoore,703,shaman,restoration,11,8,3
41480,Kenithwest,tichondrius,703,shaman,restoration,11,8,3
41481,Wasuwant,frostmourne,703,shaman,restoration,14,8,6
41482,Garbagedump,burning-legion,703,shaman,restoration,14,8,6
41483,Deadlyshocks,gilneas,695,shaman,restoration,51,22,29
41484,Kikahna,stormreaver,683,shaman,restoration,22,9,13
41485,Wumx,tichondrius,672,shaman,restoration,12,7,5
41486,Envy,korialstrasz,672,shaman,restoration,12,7,5
41487,Jxx,nordrassil,672,shaman,restoration,12,7,5
41488,Viprus,nerzhul,672,shaman,restoration,12,7,5
41489,Linkandwink,nerzhul,672,shaman,restoration,12,7,5
41490,Micgarnagul,illidan,672,shaman,restoration,12,7,5
41491,Hexmix,muradin,672,shaman,restoration,12,7,5
41492,Bloodlustxo,frostmourne,672,shaman,restoration,12,7,5
41493,Heckinpurges,area-52,672,shaman,restoration,12,7,5
41494,Dizzyswift,tichondrius,672,shaman,restoration,12,7,5
41495,Yusbe,ragnaros,672,shaman,restoration,12,7,5
41496,Zerwyn,senjin,672,shaman,restoration,12,7,5
41497,Kyma,black-dragonflight,672,shaman,restoration,12,7,5
41498,Paaman,proudmoore,672,shaman,restoration,12,7,5
41499,Wreckaholic,alterac-mountains,672,shaman,restoration,12,7,5
41500,Flõp,dalaran,672,shaman,restoration,12,7,5
41501,Farmër,illidan,672,shaman,restoration,12,7,5
41502,Joè,bleeding-hollow,672,shaman,restoration,12,7,5
41503,Quiksilvero,khazgoroth,672,shaman,restoration,12,7,5
41504,Hordeoeuvre,zuljin,672,shaman,restoration,12,7,5
41505,Symbox,tichondrius,672,shaman,restoration,12,7,5
41506,Invokeesorin,area-52,672,shaman,restoration,12,7,5
41507,Dopey,twisting-nether,672,shaman,restoration,12,7,5
41508,Strykked,illidan,672,shaman,restoration,12,7,5
41509,Ghiscar,tichondrius,672,shaman,restoration,12,7,5
41510,Toltem,bleeding-hollow,672,shaman,restoration,12,7,5
41511,Kencyi,tichondrius,672,shaman,restoration,12,7,5
41512,Boltekka,tichondrius,672,shaman,restoration,12,7,5
41513,Daxotv,sargeras,672,shaman,restoration,12,7,5
41514,Elîas,tichondrius,672,shaman,restoration,12,7,5
41515,Knockedup,tichondrius,672,shaman,restoration,12,7,5
41516,Wastedlink,tichondrius,672,shaman,restoration,12,7,5
41517,Dektide,zuljin,672,shaman,restoration,12,7,5
41518,Iliillililli,tichondrius,672,shaman,restoration,12,7,5
41519,Xueticsham,tichondrius,672,shaman,restoration,12,7,5
41520,Crakmane,kelthuzad,672,shaman,restoration,12,7,5
41521,Macksimas,tichondrius,672,shaman,restoration,12,7,5
41522,Shk,illidan,672,shaman,restoration,12,7,5
41523,Zrosurge,stormrage,672,shaman,restoration,14,7,7
41524,Hardlyfe,frostmourne,672,shaman,restoration,18,7,11
41525,Morphose,tichondrius,672,shaman,restoration,18,7,11
41526,Macavell,tichondrius,672,shaman,restoration,18,7,11
41527,Pjtremblay,frostmourne,672,shaman,restoration,18,7,11
41528,Aromental,sargeras,672,shaman,restoration,18,7,11
41529,Smeagles,ragnaros,672,shaman,restoration,18,7,11
41530,Zanderpla,kelthuzad,672,shaman,restoration,18,7,11
41531,Trippzs,barthilas,672,shaman,restoration,18,7,11
41532,Silverkitty,tichondrius,672,shaman,restoration,18,7,11
41533,Lindsanx,illidan,672,shaman,restoration,18,7,11
41534,Lildik,tichondrius,672,shaman,restoration,18,7,11
41535,Stumpyjoe,terokkar,672,shaman,restoration,19,7,12
41536,Foxymama,the-forgotten-coast,672,shaman,restoration,24,7,17
41537,Pakdis,sargeras,671,shaman,restoration,12,7,5
41538,Lurue,tichondrius,671,shaman,restoration,12,7,5
41539,Thormodin,destromath,671,shaman,restoration,12,7,5
41540,Shamiggels,sargeras,671,shaman,restoration,12,7,5
41541,Rokvahn,illidan,671,shaman,restoration,12,7,5
41542,Reignz,moonrunner,671,shaman,restoration,12,7,5
41543,Xtremedwarf,frostmourne,671,shaman,restoration,12,7,5
41544,Arkilios,tichondrius,671,shaman,restoration,12,7,5
41545,Flekzs,blackhand,671,shaman,restoration,12,7,5
41546,Drathos,azralon,671,shaman,restoration,12,7,5
41547,Kustys,tichondrius,671,shaman,restoration,12,7,5
41548,Curtrex,amanthul,671,shaman,restoration,12,7,5
41549,Hamshamwitch,shadowmoon,671,shaman,restoration,18,7,11
41550,Cavolt,stormrage,671,shaman,restoration,18,7,11
41551,Sheariously,sargeras,671,shaman,restoration,18,7,11
41552,Cheeziee,thrall,671,shaman,restoration,18,7,11
41553,Caobuloso,azralon,671,shaman,restoration,18,7,11
41554,Lvcianrs,thrall,671,shaman,restoration,18,7,11
41555,Dochavoc,tichondrius,671,shaman,restoration,18,7,11
41556,Riptiddles,nordrassil,671,shaman,restoration,30,7,23
41557,Shokxx,malganis,670,shaman,restoration,12,7,5
41558,Xuesu,tichondrius,670,shaman,restoration,12,7,5
41559,Crynoobs,senjin,670,shaman,restoration,12,7,5
41560,Flameism,sargeras,670,shaman,restoration,12,7,5
41561,Stormcallerr,sargeras,670,shaman,restoration,12,7,5
41562,Shamanastic,tichondrius,670,shaman,restoration,12,7,5
41563,Totori,stormscale,670,shaman,restoration,12,7,5
41564,Bethorá,suramar,670,shaman,restoration,12,7,5
41565,Shammysham,zuljin,670,shaman,restoration,18,7,11
41566,Grandbunder,tichondrius,670,shaman,restoration,18,7,11
41567,Kymosoloshm,sargeras,670,shaman,restoration,18,7,11
41568,Víì,tichondrius,670,shaman,restoration,24,7,17
41569,Toedims,bonechewer,669,shaman,restoration,12,7,5
41570,Thordan,lothar,669,shaman,restoration,18,7,11
41571,Rrakk,proudmoore,669,shaman,restoration,18,7,11
41572,Vulkova,illidan,669,shaman,restoration,18,7,11
41573,Farku,illidan,669,shaman,restoration,36,7,29
41574,Evilraven,tichondrius,668,shaman,restoration,18,7,11
41575,Waterspinach,tichondrius,668,shaman,restoration,18,7,11
41576,Detropolis,illidan,668,shaman,restoration,48,7,41
41577,Wÿrd,illidan,667,shaman,restoration,12,7,5
41578,Youngneal,sargeras,667,shaman,restoration,18,7,11
41579,Tidalchief,dalaran,666,shaman,restoration,12,7,5
41580,Dennwoop,sargeras,666,shaman,restoration,28,8,20
41581,Dîabeetus,moon-guard,665,shaman,restoration,11,9,2
41582,Ruadhri,moon-guard,665,shaman,restoration,12,7,5
41583,Cositax,tichondrius,664,shaman,restoration,12,7,5
41584,Lamente,ragnaros,655,shaman,restoration,17,7,10
41585,Mâyo,thrall,654,shaman,restoration,17,7,10
41586,Slimcube,illidan,649,shaman,restoration,24,8,16
41587,Stormsurgë,bleeding-hollow,640,shaman,restoration,10,8,2
41588,Healingtime,nerzhul,638,shaman,restoration,14,8,6
41589,Laggythought,malganis,623,shaman,restoration,21,7,14
41590,Deacoderz,area-52,618,shaman,restoration,14,8,6
41591,Royblue,illidan,618,shaman,restoration,14,8,6
41592,Îvôry,bloodhoof,618,shaman,restoration,22,10,12
41593,Ganvitchenko,illidan,618,shaman,restoration,25,9,16
41594,Tolvashoc,emerald-dream,608,shaman,restoration,16,7,9
41595,Bigbrenx,tichondrius,607,shaman,restoration,14,7,7
41596,Lyshar,laughing-skull,607,shaman,restoration,14,7,7
41597,Drfate,kargath,604,shaman,restoration,16,7,9
41598,Grony,malganis,592,shaman,restoration,7,7,0
41599,Shocktopus,emerald-dream,592,shaman,restoration,18,10,8
41600,Vaderung,emerald-dream,592,shaman,restoration,13,7,6
41601,Creativemind,arathor,576,shaman,restoration,6,6,0
41602,Kassix,illidan,576,shaman,restoration,6,6,0
41603,Jimmyapple,illidan,576,shaman,restoration,6,6,0
41604,Totomayo,tichondrius,576,shaman,restoration,6,6,0
41605,Vrangr,uther,576,shaman,restoration,6,6,0
41606,Dxxlol,tichondrius,576,shaman,restoration,6,6,0
41607,Jordnöt,moon-guard,576,shaman,restoration,9,6,3
41608,Ajj,thrall,576,shaman,restoration,12,6,6
41609,Cencyzz,tichondrius,576,shaman,restoration,12,6,6
41610,Resonence,bleeding-hollow,576,shaman,restoration,12,6,6
41611,Ataia,tichondrius,576,shaman,restoration,12,6,6
41612,Akamâ,stormrage,576,shaman,restoration,12,6,6
41613,Mocksy,eredar,576,shaman,restoration,12,6,6
41614,Atsukaia,tichondrius,576,shaman,restoration,12,6,6
41615,Spiritbb,area-52,576,shaman,restoration,12,6,6
41616,Aespeon,stormrage,576,shaman,restoration,12,6,6
41617,Artotem,barthilas,576,shaman,restoration,12,6,6
41618,Nymrose,stormrage,576,shaman,restoration,12,6,6
41619,Gullirachad,stormrage,576,shaman,restoration,12,6,6
41620,Rawdogginit,malfurion,576,shaman,restoration,12,6,6
41621,Tcurts,stormrage,576,shaman,restoration,12,6,6
41622,Surph,zuljin,576,shaman,restoration,12,6,6
41623,Apathcat,the-forgotten-coast,576,shaman,restoration,12,6,6
41624,Todayqt,malganis,576,shaman,restoration,12,6,6
41625,Vyy,perenolde,576,shaman,restoration,12,6,6
41626,Mariansaurus,ragnaros,576,shaman,restoration,12,6,6
41627,Weqeqwqwqex,ragnaros,576,shaman,restoration,12,6,6
41628,Hhex,tichondrius,576,shaman,restoration,12,6,6
41629,Ccmeifbald,moon-guard,576,shaman,restoration,12,6,6
41630,Iamg,kilrogg,576,shaman,restoration,12,6,6
41631,Mazekheen,barthilas,576,shaman,restoration,12,6,6
41632,Patmar,dragonmaw,576,shaman,restoration,12,6,6
41633,Motatos,malganis,576,shaman,restoration,12,6,6
41634,Earthside,ragnaros,576,shaman,restoration,12,6,6
41635,Lindnerx,malganis,576,shaman,restoration,12,6,6
41636,Wulfey,sargeras,576,shaman,restoration,12,6,6
41637,Fevolution,dreadmaul,576,shaman,restoration,12,6,6
41638,Subhealth,tichondrius,576,shaman,restoration,12,6,6
41639,Xenvale,illidan,576,shaman,restoration,12,6,6
41640,Pex,sargeras,576,shaman,restoration,12,6,6
41641,Oppaswag,tichondrius,576,shaman,restoration,12,6,6
41642,Scadouche,korgath,576,shaman,restoration,12,6,6
41643,Lavawurst,tichondrius,576,shaman,restoration,12,6,6
41644,Chogramm,illidan,576,shaman,restoration,12,6,6
41645,Dameyo,tichondrius,576,shaman,restoration,12,6,6
41646,Pikapiko,tichondrius,576,shaman,restoration,12,6,6
41647,Abev,bonechewer,576,shaman,restoration,12,6,6
41648,Sweatshirtz,tanaris,576,shaman,restoration,12,6,6
41649,Biased,sargeras,576,shaman,restoration,12,6,6
41650,Bravezf,tichondrius,576,shaman,restoration,12,6,6
41651,Caprise,tichondrius,576,shaman,restoration,12,6,6
41652,Kÿlé,darkspear,576,shaman,restoration,18,6,12
41653,Oscer,tichondrius,576,shaman,restoration,18,6,12
41654,Icehole,kelthuzad,576,shaman,restoration,18,6,12
41655,Sheeno,blackrock,576,shaman,restoration,18,6,12
41656,Adodo,tichondrius,576,shaman,restoration,18,6,12
41657,Shäman,anetheron,576,shaman,restoration,18,6,12
41658,Rubmytiki,skywall,576,shaman,restoration,18,6,12
41659,Greensween,thrall,576,shaman,restoration,19,6,13
41660,Blck,malorne,576,shaman,restoration,23,7,16
41661,Shampowl,jaedenar,576,shaman,restoration,20,6,14
41662,Dukaman,malganis,576,shaman,restoration,24,6,18
41663,Slowpo,illidan,576,shaman,restoration,24,6,18
41664,Sizbo,thrall,575,shaman,restoration,6,6,0
41665,Donojo,zuljin,575,shaman,restoration,12,6,6
41666,Ladash,ragnaros,575,shaman,restoration,12,6,6
41667,Cùìó,barthilas,575,shaman,restoration,12,6,6
41668,Thuggliife,frostmourne,575,shaman,restoration,12,6,6
41669,Kissmeslowly,zuljin,575,shaman,restoration,12,6,6
41670,Xhod,zuljin,575,shaman,restoration,12,6,6
41671,Todem,stormrage,575,shaman,restoration,12,6,6
41672,Dylie,tichondrius,575,shaman,restoration,12,6,6
41673,Sarevoc,sargeras,575,shaman,restoration,12,6,6
41674,Shamàc,tichondrius,575,shaman,restoration,12,6,6
41675,Tagliatelle,kelthuzad,575,shaman,restoration,15,7,8
41676,Numbreseven,frostmourne,575,shaman,restoration,14,6,8
41677,Ragnarüz,ragnaros,575,shaman,restoration,19,7,12
41678,Girafasuarx,korgath,575,shaman,restoration,18,6,12
41679,Spiritwler,tichondrius,575,shaman,restoration,18,6,12
41680,Loec,thrall,575,shaman,restoration,18,6,12
41681,Martabakasin,frostmourne,575,shaman,restoration,24,6,18
41682,Luciuzz,tichondrius,574,shaman,restoration,12,6,6
41683,Killerphreak,mannoroth,574,shaman,restoration,12,6,6
41684,Snowship,sargeras,574,shaman,restoration,12,6,6
41685,Shyeahmon,drenden,574,shaman,restoration,12,6,6
41686,Mudtide,tichondrius,574,shaman,restoration,12,6,6
41687,Kunshíí,bleeding-hollow,574,shaman,restoration,15,6,9
41688,Camdoc,destromath,574,shaman,restoration,18,6,12
41689,Ctrlaltelite,burning-blade,573,shaman,restoration,18,6,12
41690,Monspiett,azralon,573,shaman,restoration,18,6,12
41691,Fogden,alleria,572,shaman,restoration,12,6,6
41692,Thrawl,deathwing,572,shaman,restoration,12,6,6
41693,Jibberp,tichondrius,572,shaman,restoration,12,6,6
41694,Bombsb,tichondrius,572,shaman,restoration,18,6,12
41695,Gimlyman,madoran,567,shaman,restoration,12,6,6
41696,Trustfall,rexxar,566,shaman,restoration,12,6,6
41697,Bloodmoôn,frostmourne,566,shaman,restoration,18,6,12
41698,Kàmï,illidan,559,shaman,restoration,11,6,5
41699,Betterthanya,tichondrius,544,shaman,restoration,10,7,3
41700,Reddleman,stormrage,544,shaman,restoration,22,6,16
41701,Earthnsky,bleeding-hollow,543,shaman,restoration,11,6,5
41702,Saviørkai,barthilas,543,shaman,restoration,14,7,7
41703,Sòlemn,burning-legion,530,shaman,restoration,31,12,19
41704,Tsunamic,sargeras,528,shaman,restoration,15,6,9
41705,Galaxiya,blackhand,525,shaman,restoration,21,7,14
41706,Shamyshame,quelthalas,522,shaman,restoration,12,7,5
41707,Vsvs,tichondrius,521,shaman,restoration,22,7,15
41708,Señordoge,malganis,511,shaman,restoration,14,6,8
41709,Fengfeism,tichondrius,511,shaman,restoration,14,6,8
41710,Watoos,area-52,511,shaman,restoration,20,6,14
41711,Shamining,illidan,510,shaman,restoration,8,6,2
41712,Rikswordfire,wyrmrest-accord,509,shaman,restoration,16,6,10
41713,Shamamsx,illidan,480,shaman,restoration,6,5,1
41714,Mahevagodx,ragnaros,480,shaman,restoration,6,5,1
41715,Cantshear,zuljin,480,shaman,restoration,6,5,1
41716,Çhïcagø,aegwynn,480,shaman,restoration,6,5,1
41717,Binishaman,tichondrius,480,shaman,restoration,6,5,1
41718,Oopy,icecrown,480,shaman,restoration,6,5,1
41719,Nuggsfxce,frostmourne,480,shaman,restoration,6,5,1
41720,Quady,zuljin,480,shaman,restoration,6,5,1
41721,Dankestmemes,illidan,480,shaman,restoration,6,5,1
41722,Oprawinfuryy,thrall,480,shaman,restoration,6,5,1
41723,Tidesurge,tichondrius,480,shaman,restoration,6,5,1
41724,Fastaslight,bleeding-hollow,480,shaman,restoration,6,5,1
41725,Scamgame,tichondrius,480,shaman,restoration,6,5,1
41726,Msool,tichondrius,480,shaman,restoration,6,5,1
41727,Esterosa,tichondrius,480,shaman,restoration,6,5,1
41728,Cheddatotz,illidan,480,shaman,restoration,6,5,1
41729,Boogiefever,area-52,480,shaman,restoration,6,5,1
41730,Alasierg,stonemaul,480,shaman,restoration,6,5,1
41731,Hexgodx,illidan,480,shaman,restoration,6,5,1
41732,Blueclass,akama,480,shaman,restoration,6,5,1
41733,Mcshocks,area-52,480,shaman,restoration,6,5,1
41734,Krupto,tichondrius,480,shaman,restoration,12,5,7
41735,Hitchsláp,tichondrius,480,shaman,restoration,12,5,7
41736,Fidelityfx,sargeras,480,shaman,restoration,12,5,7
41737,Weebzealot,kelthuzad,480,shaman,restoration,12,5,7
41738,Zingysham,tichondrius,480,shaman,restoration,12,5,7
41739,Masatotem,burning-blade,480,shaman,restoration,12,5,7
41740,Synkronaqt,tichondrius,480,shaman,restoration,12,5,7
41741,Pohtayto,darkspear,480,shaman,restoration,12,5,7
41742,Nathaan,tichondrius,480,shaman,restoration,12,5,7
41743,Teftx,area-52,480,shaman,restoration,12,5,7
41744,Ongob,kelthuzad,480,shaman,restoration,12,5,7
41745,Kaidis,jubeithos,480,shaman,restoration,12,5,7
41746,Larvabust,azralon,480,shaman,restoration,12,5,7
41747,Goresx,tichondrius,480,shaman,restoration,12,5,7
41748,Daintydan,illidan,480,shaman,restoration,12,5,7
41749,Nøzurbo,area-52,480,shaman,restoration,12,5,7
41750,Shambuddy,moon-guard,480,shaman,restoration,12,5,7
41751,Tingletotem,tichondrius,480,shaman,restoration,12,5,7
41752,Huashiren,illidan,480,shaman,restoration,12,5,7
41753,Huulu,blades-edge,480,shaman,restoration,12,5,7
41754,Bröxigâr,tichondrius,480,shaman,restoration,12,5,7
41755,Avelmiré,sargeras,480,shaman,restoration,12,5,7
41756,Boryndor,stormrage,480,shaman,restoration,12,5,7
41757,Dókki,tichondrius,480,shaman,restoration,12,5,7
41758,Deyodin,illidan,480,shaman,restoration,12,5,7
41759,Drcopafeel,stormrage,480,shaman,restoration,12,5,7
41760,Flaggedname,frostmane,480,shaman,restoration,12,5,7
41761,Azrlol,illidan,480,shaman,restoration,12,5,7
41762,Juked,aegwynn,480,shaman,restoration,12,5,7
41763,Nøir,drakkari,480,shaman,restoration,12,5,7
41764,Shozen,bonechewer,480,shaman,restoration,12,5,7
41765,Astotems,tichondrius,480,shaman,restoration,12,5,7
41766,Thonty,sargeras,480,shaman,restoration,12,5,7
41767,Rykkar,kiljaeden,480,shaman,restoration,12,5,7
41768,Nagish,alexstrasza,480,shaman,restoration,12,5,7
41769,Hijodelrayo,drakkari,480,shaman,restoration,12,5,7
41770,Rouzy,area-52,480,shaman,restoration,12,5,7
41771,Bignutters,bleeding-hollow,480,shaman,restoration,12,5,7
41772,Tmkaldärýs,tichondrius,480,shaman,restoration,12,5,7
41773,Shockwall,stormrage,480,shaman,restoration,12,5,7
41774,Doop,kiljaeden,480,shaman,restoration,12,5,7
41775,Kupnicki,zuljin,480,shaman,restoration,12,5,7
41776,Dyllbat,illidan,480,shaman,restoration,12,5,7
41777,Sâxman,stormreaver,480,shaman,restoration,12,5,7
41778,Seukstinyne,frostmourne,480,shaman,restoration,12,5,7
41779,Vegaslights,tichondrius,480,shaman,restoration,12,5,7
41780,Trizzeh,moon-guard,480,shaman,restoration,12,5,7
41781,Gomeimsoft,magtheridon,480,shaman,restoration,12,5,7
41782,Stedi,moon-guard,480,shaman,restoration,12,5,7
41783,Derbain,caelestrasz,480,shaman,restoration,12,5,7
41784,Devastian,quelthalas,480,shaman,restoration,12,5,7
41785,Baltarian,emerald-dream,480,shaman,restoration,12,5,7
41786,Aiyinsitan,illidan,480,shaman,restoration,12,5,7
41787,Graebrah,tichondrius,480,shaman,restoration,12,5,7
41788,Sixtyninelol,thunderlord,480,shaman,restoration,12,5,7
41789,Latoques,quelthalas,480,shaman,restoration,12,5,7
41790,Oilburner,malganis,480,shaman,restoration,18,5,13
41791,Noveske,arthas,480,shaman,restoration,18,5,13
41792,Krisu,kelthuzad,480,shaman,restoration,18,5,13
41793,Animac,bleeding-hollow,480,shaman,restoration,18,5,13
41794,Danimalls,stormrage,479,shaman,restoration,6,5,1
41795,Terrusguard,thrall,479,shaman,restoration,6,5,1
41796,Greenberry,bonechewer,479,shaman,restoration,10,6,4
41797,Gagonmatotem,skullcrusher,479,shaman,restoration,9,5,4
41798,Beardedone,durotan,479,shaman,restoration,12,5,7
41799,Sannyasin,azralon,479,shaman,restoration,12,5,7
41800,Highmountain,tichondrius,479,shaman,restoration,12,5,7
41801,Aimsely,area-52,479,shaman,restoration,12,5,7
41802,Tattoö,elune,479,shaman,restoration,12,5,7
41803,Estheriea,moon-guard,479,shaman,restoration,12,5,7
41804,Kamehamekazi,blackhand,479,shaman,restoration,12,5,7
41805,Piaopiao,skywall,479,shaman,restoration,12,5,7
41806,Welled,area-52,479,shaman,restoration,12,5,7
41807,Killonsight,tichondrius,479,shaman,restoration,12,5,7
41808,Bobaflexqt,korgath,479,shaman,restoration,12,5,7
41809,Øliverxd,lightbringer,479,shaman,restoration,12,5,7
41810,Arastour,bronzebeard,479,shaman,restoration,12,5,7
41811,Yngvii,tichondrius,479,shaman,restoration,12,5,7
41812,Urao,stormrage,479,shaman,restoration,12,5,7
41813,Drmundo,icecrown,479,shaman,restoration,12,5,7
41814,Sâvage,zuljin,479,shaman,restoration,12,5,7
41815,Blkpowerfist,malganis,479,shaman,restoration,12,5,7
41816,Ahaw,area-52,479,shaman,restoration,18,5,13
41817,Smearedbeard,bleeding-hollow,479,shaman,restoration,18,5,13
41818,Nytestalker,sargeras,479,shaman,restoration,18,5,13
41819,Guronna,arthas,479,shaman,restoration,18,5,13
41820,Haymaker,bleeding-hollow,479,shaman,restoration,24,5,19
41821,Spookyosa,dalaran,479,shaman,restoration,30,5,25
41822,Typo,skullcrusher,478,shaman,restoration,6,5,1
41823,Bakedpototem,magtheridon,478,shaman,restoration,12,5,7
41824,Còsmos,illidan,478,shaman,restoration,12,5,7
41825,Samac,ravencrest,478,shaman,restoration,12,5,7
41826,Stahlye,proudmoore,477,shaman,restoration,6,5,1
41827,Timprecu,azralon,477,shaman,restoration,12,5,7
41828,Naturescandy,alterac-mountains,477,shaman,restoration,12,5,7
41829,Furyshock,tichondrius,477,shaman,restoration,18,5,13
41830,Vazan,arthas,476,shaman,restoration,12,5,7
41831,Pileef,thrall,473,shaman,restoration,13,7,6
41832,Uderlol,tichondrius,448,shaman,restoration,10,5,5
41833,Danil,emerald-dream,447,shaman,restoration,11,5,6
41834,Brocklee,farstriders,447,shaman,restoration,16,5,11
41835,Akhae,duskwood,445,shaman,restoration,14,6,8
41836,Sidnii,tichondrius,432,shaman,restoration,9,5,4
41837,Lampstand,wildhammer,431,shaman,restoration,11,5,6
41838,Zelzus,moon-guard,431,shaman,restoration,11,5,6
41839,Swampy,tanaris,426,shaman,restoration,15,6,9
41840,Littleshasha,tichondrius,426,shaman,restoration,15,6,9
41841,Ggezlmao,bleeding-hollow,426,shaman,restoration,16,6,10
41842,Zio,akama,425,shaman,restoration,14,6,8
41843,Wragnus,tichondrius,425,shaman,restoration,15,6,9
41844,Thelôpen,tichondrius,425,shaman,restoration,23,7,16
41845,Hannibol,tichondrius,416,shaman,restoration,10,5,5
41846,Shockjoy,malganis,415,shaman,restoration,11,5,6
41847,Xlash,zuljin,412,shaman,restoration,20,5,15
41848,Chûnk,tichondrius,400,shaman,restoration,13,5,8
41849,Clapton,darkspear,400,shaman,restoration,19,5,14
41850,Joryu,tichondrius,384,shaman,restoration,6,4,2
41851,Youarenothim,area-52,384,shaman,restoration,6,4,2
41852,Shiriloster,ragnaros,384,shaman,restoration,6,4,2
41853,Castia,sargeras,384,shaman,restoration,6,4,2
41854,Djbluex,tichondrius,384,shaman,restoration,6,4,2
41855,Acdc,zuljin,384,shaman,restoration,6,4,2
41856,Thua,moon-guard,384,shaman,restoration,6,4,2
41857,Enfusiontv,tichondrius,384,shaman,restoration,6,4,2
41858,Aeølus,tichondrius,384,shaman,restoration,6,4,2
41859,Príde,ragnaros,384,shaman,restoration,6,4,2
41860,Gotmolk,illidan,384,shaman,restoration,6,4,2
41861,Intravz,tichondrius,384,shaman,restoration,6,4,2
41862,Éarl,sargeras,384,shaman,restoration,6,4,2
41863,Aletcheoddox,sargeras,384,shaman,restoration,6,4,2
41864,Tisaa,tichondrius,384,shaman,restoration,6,4,2
41865,Notretro,uldum,384,shaman,restoration,6,4,2
41866,Nepshock,stormrage,384,shaman,restoration,6,4,2
41867,Ârtík,tichondrius,384,shaman,restoration,6,4,2
41868,Bigboorst,kelthuzad,384,shaman,restoration,6,4,2
41869,Shamankofwa,tichondrius,384,shaman,restoration,6,4,2
41870,Kaîowas,malganis,384,shaman,restoration,6,4,2
41871,Kustum,tichondrius,384,shaman,restoration,6,4,2
41872,Smeeza,frostmourne,384,shaman,restoration,6,4,2
41873,Phado,tichondrius,384,shaman,restoration,6,4,2
41874,Wecookin,frostwolf,384,shaman,restoration,6,4,2
41875,Xillicit,sargeras,384,shaman,restoration,6,4,2
41876,Callabash,mugthol,384,shaman,restoration,6,4,2
41877,Omegalmao,sargeras,384,shaman,restoration,6,4,2
41878,Bhann,tichondrius,384,shaman,restoration,6,4,2
41879,Telnos,emerald-dream,384,shaman,restoration,6,4,2
41880,Rocksbury,malganis,384,shaman,restoration,6,4,2
41881,Excaliburumb,tichondrius,384,shaman,restoration,6,4,2
41882,Xiaoya,tichondrius,384,shaman,restoration,6,4,2
41883,Gumballin,sargeras,384,shaman,restoration,8,4,4
41884,Xändra,ragnaros,384,shaman,restoration,12,4,8
41885,Cgq,tichondrius,384,shaman,restoration,12,4,8
41886,Ngentotem,frostmourne,384,shaman,restoration,12,4,8
41887,Ayev,illidan,384,shaman,restoration,12,4,8
41888,Twiztedwayz,tichondrius,384,shaman,restoration,12,4,8
41889,Bayslaps,tichondrius,384,shaman,restoration,12,4,8
41890,Ciroc,sargeras,384,shaman,restoration,12,4,8
41891,Celements,malganis,384,shaman,restoration,12,4,8
41892,Eternaltotem,darkspear,384,shaman,restoration,12,4,8
41893,Rabajood,korgath,384,shaman,restoration,12,4,8
41894,Toobeastly,deathwing,384,shaman,restoration,12,4,8
41895,Boyyo,maiev,384,shaman,restoration,12,4,8
41896,Saksa,garrosh,384,shaman,restoration,12,4,8
41897,Gbe,tichondrius,384,shaman,restoration,12,4,8
41898,Shâmbulance,hyjal,384,shaman,restoration,12,4,8
41899,Dikedwarf,burning-blade,384,shaman,restoration,12,4,8
41900,Naturasol,quelthalas,384,shaman,restoration,12,4,8
41901,Smashyz,nerzhul,384,shaman,restoration,12,4,8
41902,Healswin,sargeras,384,shaman,restoration,12,4,8
41903,History,burning-blade,384,shaman,restoration,12,4,8
41904,Misakism,sargeras,384,shaman,restoration,12,4,8
41905,Trölencio,quelthalas,384,shaman,restoration,12,4,8
41906,Lollzerz,the-forgotten-coast,384,shaman,restoration,12,4,8
41907,Meshugga,scarlet-crusade,384,shaman,restoration,12,4,8
41908,Memorix,stonemaul,384,shaman,restoration,12,4,8
41909,Porkbrains,emerald-dream,384,shaman,restoration,16,5,11
41910,Kezzër,azralon,384,shaman,restoration,16,4,12
41911,Kermut,frostmourne,384,shaman,restoration,18,4,14
41912,Conductivity,frostmourne,384,shaman,restoration,18,4,14
41913,Hexnation,frostmourne,383,shaman,restoration,6,4,2
41914,Ilion,nemesis,383,shaman,restoration,6,4,2
41915,Rockyisback,illidan,383,shaman,restoration,6,4,2
41916,Bøx,ragnaros,383,shaman,restoration,6,4,2
41917,Ozsham,burning-blade,383,shaman,restoration,8,4,4
41918,Ânûbis,sargeras,383,shaman,restoration,12,4,8
41919,Surgetankian,malorne,383,shaman,restoration,12,4,8
41920,Sndtome,tichondrius,383,shaman,restoration,12,4,8
41921,Madvillainny,thrall,383,shaman,restoration,12,4,8
41922,Huugsnkissez,sargeras,383,shaman,restoration,12,4,8
41923,Tandarin,burning-legion,383,shaman,restoration,12,4,8
41924,Foogus,tichondrius,383,shaman,restoration,12,4,8
41925,Akharis,frostmane,383,shaman,restoration,21,5,16
41926,Paniczone,madoran,383,shaman,restoration,18,4,14
41927,Caulkshock,tichondrius,382,shaman,restoration,12,4,8
41928,Turbö,hyjal,382,shaman,restoration,12,4,8
41929,Shockshow,zuljin,382,shaman,restoration,12,4,8
41930,Huukron,emerald-dream,382,shaman,restoration,12,4,8
41931,Laveidem,frostmourne,382,shaman,restoration,18,4,14
41932,Alwinaa,kiljaeden,367,shaman,restoration,11,4,7
41933,Pche,tichondrius,367,shaman,restoration,11,4,7
41934,Shamanakin,emerald-dream,351,shaman,restoration,8,5,3
41935,Tineer,tichondrius,336,shaman,restoration,9,4,5
41936,Avidas,malganis,331,shaman,restoration,15,4,11
41937,Vudu,terokkar,330,shaman,restoration,13,5,8
41938,Stitchez,illidan,330,shaman,restoration,21,5,16
41939,Intress,moon-guard,329,shaman,restoration,10,6,4
41940,Záika,sargeras,318,shaman,restoration,10,4,6
41941,Elevatezxo,stormrage,304,shaman,restoration,7,4,3
41942,Smackzs,sargeras,288,shaman,restoration,6,3,3
41943,Eleresto,tichondrius,288,shaman,restoration,6,3,3
41944,Snowkingx,illidan,288,shaman,restoration,6,3,3
41945,Laucian,malganis,288,shaman,restoration,6,3,3
41946,Skrubbles,bleeding-hollow,288,shaman,restoration,6,3,3
41947,Juicedbydad,kelthuzad,288,shaman,restoration,6,3,3
41948,Bigbadpercy,frostmourne,288,shaman,restoration,6,3,3
41949,Megadabs,malganis,288,shaman,restoration,6,3,3
41950,Stormshadowx,proudmoore,288,shaman,restoration,6,3,3
41951,Ñoobshaman,tichondrius,288,shaman,restoration,6,3,3
41952,Cloudsh,silvermoon,288,shaman,restoration,6,3,3
41953,Youngie,dathremar,288,shaman,restoration,6,3,3
41954,Danyax,malganis,288,shaman,restoration,6,3,3
41955,Rakkasham,blackrock,288,shaman,restoration,6,3,3
41956,Floods,frostmourne,288,shaman,restoration,6,3,3
41957,Sreve,malganis,288,shaman,restoration,6,3,3
41958,Clytiae,arthas,288,shaman,restoration,6,3,3
41959,Drwsham,ragnaros,288,shaman,restoration,6,3,3
41960,Hungy,wyrmrest-accord,288,shaman,restoration,6,3,3
41961,Voron,kiljaeden,288,shaman,restoration,6,3,3
41962,Gunx,darkspear,288,shaman,restoration,6,3,3
41963,Beatsmaker,tichondrius,288,shaman,restoration,6,3,3
41964,Yunqboichay,kelthuzad,288,shaman,restoration,6,3,3
41965,Pressyocds,darkspear,288,shaman,restoration,6,3,3
41966,Nickbosa,illidan,288,shaman,restoration,6,3,3
41967,Teladoy,kelthuzad,288,shaman,restoration,6,3,3
41968,Shearx,illidan,288,shaman,restoration,6,3,3
41969,Spencêrf,illidan,288,shaman,restoration,6,3,3
41970,Puntress,barthilas,288,shaman,restoration,6,3,3
41971,Thetotemtaco,tichondrius,288,shaman,restoration,6,3,3
41972,Herpeaz,kelthuzad,288,shaman,restoration,6,3,3
41973,Chocothicc,bleeding-hollow,288,shaman,restoration,6,3,3
41974,Rollînçoàl,malganis,288,shaman,restoration,6,3,3
41975,Vitchzestein,ragnaros,288,shaman,restoration,6,3,3
41976,Nondracil,ragnaros,288,shaman,restoration,6,3,3
41977,Solitarysham,moon-guard,288,shaman,restoration,6,3,3
41978,Sumyl,ragnaros,288,shaman,restoration,6,3,3
41979,Gucciblunts,sargeras,288,shaman,restoration,6,3,3
41980,Cloudycloud,tichondrius,288,shaman,restoration,6,3,3
41981,Zoltide,sargeras,288,shaman,restoration,6,3,3
41982,Kanntok,quelthalas,288,shaman,restoration,6,3,3
41983,Tiä,quelthalas,288,shaman,restoration,6,3,3
41984,Topa,magtheridon,288,shaman,restoration,6,3,3
41985,Blavan,area-52,288,shaman,restoration,6,3,3
41986,Sonsii,tichondrius,288,shaman,restoration,6,3,3
41987,Totumstroker,thrall,288,shaman,restoration,6,3,3
41988,Flexi,senjin,288,shaman,restoration,6,3,3
41989,Dwarfers,emerald-dream,288,shaman,restoration,6,3,3
41990,Illmental,kelthuzad,288,shaman,restoration,6,3,3
41991,Akupapu,illidan,288,shaman,restoration,6,3,3
41992,Uthprotekta,daggerspine,288,shaman,restoration,6,3,3
41993,Digglr,tichondrius,288,shaman,restoration,6,3,3
41994,Naughtylol,malganis,288,shaman,restoration,6,3,3
41995,Fruityrudyy,area-52,288,shaman,restoration,6,3,3
41996,Goongoon,zuljin,288,shaman,restoration,6,3,3
41997,Nyroh,zuljin,288,shaman,restoration,6,3,3
41998,Jubie,proudmoore,288,shaman,restoration,6,3,3
41999,Asskrap,daggerspine,288,shaman,restoration,6,3,3
42000,Justdeadman,tichondrius,288,shaman,restoration,6,3,3
42001,Maana,dragonmaw,288,shaman,restoration,6,3,3
42002,Forloren,zuljin,288,shaman,restoration,6,3,3
42003,Taproots,ursin,288,shaman,restoration,6,3,3
42004,Catnïp,maelstrom,288,shaman,restoration,6,3,3
42005,Memetide,daggerspine,288,shaman,restoration,6,3,3
42006,Siox,zuljin,288,shaman,restoration,6,3,3
42007,Drwaters,lightnings-blade,288,shaman,restoration,6,3,3
42008,Phinoi,tichondrius,288,shaman,restoration,6,3,3
42009,Dimitrio,azralon,288,shaman,restoration,6,3,3
42010,Soloqstayer,tichondrius,288,shaman,restoration,6,3,3
42011,Totemtots,illidan,288,shaman,restoration,6,3,3
42012,Headcrackx,sargeras,288,shaman,restoration,6,3,3
42013,Daggonet,sargeras,288,shaman,restoration,6,3,3
42014,Sumdumshaman,illidan,288,shaman,restoration,6,3,3
42015,Squidazzle,tichondrius,288,shaman,restoration,8,3,5
42016,Ðrunkentotem,tichondrius,288,shaman,restoration,11,4,7
42017,Rebelutioni,lothar,288,shaman,restoration,11,3,8
42018,Sliccricc,doomhammer,288,shaman,restoration,12,3,9
42019,Strawberryz,sargeras,288,shaman,restoration,12,3,9
42020,Shamle,azuremyst,288,shaman,restoration,12,3,9
42021,Zéwel,tichondrius,288,shaman,restoration,12,3,9
42022,Calliope,burning-legion,288,shaman,restoration,12,3,9
42023,Sooweecide,tichondrius,288,shaman,restoration,12,3,9
42024,Shamonalisa,altar-of-storms,288,shaman,restoration,12,3,9
42025,Bovinefever,kiljaeden,288,shaman,restoration,12,3,9
42026,Jumpc,ragnaros,288,shaman,restoration,12,3,9
42027,Mochomò,ragnaros,288,shaman,restoration,12,3,9
42028,Karratquake,sargeras,288,shaman,restoration,12,3,9
42029,Equinsuochha,silvermoon,288,shaman,restoration,12,3,9
42030,Malenhncemnt,illidan,288,shaman,restoration,12,3,9
42031,Oomme,area-52,288,shaman,restoration,12,3,9
42032,Scion,thaurissan,288,shaman,restoration,12,3,9
42033,Moresbythicc,frostmourne,288,shaman,restoration,12,3,9
42034,Makogo,earthen-ring,288,shaman,restoration,12,3,9
42035,Malthor,terenas,288,shaman,restoration,12,3,9
42036,Oprawindfuri,whisperwind,288,shaman,restoration,12,3,9
42037,Showkinho,azralon,288,shaman,restoration,12,3,9
42038,Mondaymood,illidan,288,shaman,restoration,12,3,9
42039,Meatyball,tichondrius,288,shaman,restoration,12,3,9
42040,Trysts,wyrmrest-accord,288,shaman,restoration,12,3,9
42041,Chocobomb,burning-blade,288,shaman,restoration,12,3,9
42042,Adosistoxic,zuljin,288,shaman,restoration,14,3,11
42043,Trøuble,deathwing,288,shaman,restoration,18,3,15
42044,Boodaa,stormscale,288,shaman,restoration,18,3,15
42045,Altryn,shuhalo,287,shaman,restoration,6,3,3
42046,Thean,wyrmrest-accord,287,shaman,restoration,6,3,3
42047,Valien,kiljaeden,287,shaman,restoration,6,3,3
42048,Trovac,azralon,287,shaman,restoration,6,3,3
42049,Lïet,quelthalas,287,shaman,restoration,12,3,9
42050,Criticalthry,garrosh,287,shaman,restoration,12,3,9
42051,Nottoshammy,dalaran,287,shaman,restoration,12,3,9
42052,Alagorn,icecrown,287,shaman,restoration,12,3,9
42053,Garurt,daggerspine,286,shaman,restoration,12,6,6
42054,Kider,drakkari,286,shaman,restoration,6,3,3
42055,Ranek,shuhalo,286,shaman,restoration,6,3,3
42056,Tarlonygg,malganis,281,shaman,restoration,15,6,9
42057,Eloquent,emerald-dream,273,shaman,restoration,19,6,13
42058,Urb,moknathal,255,shaman,restoration,8,4,4
42059,Hilung,lightnings-blade,255,shaman,restoration,11,3,8
42060,Lickerman,stormreaver,239,shaman,restoration,5,3,2
42061,Shamanship,haomarush,239,shaman,restoration,5,3,2
42062,Hurky,sargeras,239,shaman,restoration,5,3,2
42063,Shåmwiches,tichondrius,234,shaman,restoration,8,4,4
42064,Båndø,tichondrius,234,shaman,restoration,9,4,5
42065,Succies,emerald-dream,234,shaman,restoration,16,4,12
42066,Bigripnow,sargeras,234,shaman,restoration,20,4,16
42067,Tokelahoma,stormrage,234,shaman,restoration,22,4,18
42068,Bigbone,laughing-skull,192,shaman,restoration,9,3,6
42069,Dylangs,frostmourne,192,shaman,restoration,6,2,4
42070,Cawlin,stormrage,192,shaman,restoration,6,2,4
42071,Lewse,tichondrius,192,shaman,restoration,6,2,4
42072,Aderra,garrosh,192,shaman,restoration,6,2,4
42073,Shoomas,tichondrius,192,shaman,restoration,6,2,4
42074,Konga,korialstrasz,192,shaman,restoration,6,2,4
42075,Twistër,illidan,192,shaman,restoration,6,2,4
42076,Nbax,tichondrius,192,shaman,restoration,6,2,4
42077,Notviscent,illidan,192,shaman,restoration,6,2,4
42078,Griph,shattered-hand,192,shaman,restoration,6,2,4
42079,Nikeshocks,detheroc,192,shaman,restoration,6,2,4
42080,Zugzugpurge,thrall,192,shaman,restoration,6,2,4
42081,Dabrat,lightnings-blade,192,shaman,restoration,6,2,4
42082,Aishel,area-52,192,shaman,restoration,6,2,4
42083,Hughwang,kelthuzad,192,shaman,restoration,6,2,4
42084,Ezeya,area-52,192,shaman,restoration,6,2,4
42085,Cheesepufs,illidan,192,shaman,restoration,6,2,4
42086,Mjxholland,aegwynn,192,shaman,restoration,6,2,4
42087,Zhangyider,illidan,192,shaman,restoration,6,2,4
42088,Boohoo,dethecus,192,shaman,restoration,6,2,4
42089,Oaken,spirestone,192,shaman,restoration,6,2,4
42090,Chungxs,illidan,192,shaman,restoration,6,2,4
42091,Mangeegee,malganis,192,shaman,restoration,6,2,4
42092,Shinydiglett,area-52,192,shaman,restoration,6,2,4
42093,Keldara,aerie-peak,192,shaman,restoration,6,2,4
42094,Saw,ghostlands,192,shaman,restoration,6,2,4
42095,Kumboi,frostmourne,192,shaman,restoration,6,2,4
42096,Magwølfe,area-52,192,shaman,restoration,6,2,4
42097,Snapertun,tichondrius,192,shaman,restoration,6,2,4
42098,Plutoshaker,tichondrius,192,shaman,restoration,6,2,4
42099,Bayonett,wyrmrest-accord,192,shaman,restoration,6,2,4
42100,Bekrogh,azralon,192,shaman,restoration,6,2,4
42101,Jimmybutler,tichondrius,192,shaman,restoration,6,2,4
42102,Hottesthands,barthilas,192,shaman,restoration,6,2,4
42103,Timbosteve,thrall,192,shaman,restoration,6,2,4
42104,Oprawîndfury,tichondrius,192,shaman,restoration,6,2,4
42105,Hellfiresham,kiljaeden,192,shaman,restoration,6,2,4
42106,Juraf,malganis,192,shaman,restoration,6,2,4
42107,Dhalishama,thrall,192,shaman,restoration,6,2,4
42108,Dallìa,tichondrius,192,shaman,restoration,6,2,4
42109,Eye,kelthuzad,192,shaman,restoration,6,2,4
42110,Ioki,spirestone,192,shaman,restoration,6,2,4
42111,Blackaxe,wyrmrest-accord,192,shaman,restoration,6,2,4
42112,Raxxom,tichondrius,192,shaman,restoration,6,2,4
42113,Duality,shattered-halls,192,shaman,restoration,6,2,4
42114,Shamansz,stormrage,192,shaman,restoration,6,2,4
42115,Jurafxdqt,malganis,192,shaman,restoration,6,2,4
42116,Nxboy,proudmoore,192,shaman,restoration,6,2,4
42117,Jamarcuss,tichondrius,192,shaman,restoration,6,2,4
42118,Killuminatti,nathrezim,192,shaman,restoration,6,2,4
42119,Pandl,frostmourne,192,shaman,restoration,6,2,4
42120,Sid,frostmourne,192,shaman,restoration,6,2,4
42121,Chainandrain,frostmourne,192,shaman,restoration,6,2,4
42122,Cvoa,bonechewer,192,shaman,restoration,6,2,4
42123,Zâppý,dalaran,192,shaman,restoration,6,2,4
42124,Relâx,icecrown,192,shaman,restoration,6,2,4
42125,Khidea,barthilas,192,shaman,restoration,6,2,4
42126,Healyourself,sargeras,192,shaman,restoration,6,2,4
42127,Oxicleanxo,sargeras,192,shaman,restoration,6,2,4
42128,Gwenstifani,sargeras,192,shaman,restoration,6,2,4
42129,Lakeshow,tichondrius,192,shaman,restoration,6,2,4
42130,Thundertusks,norgannon,192,shaman,restoration,6,2,4
42131,Karnnages,cenarion-circle,192,shaman,restoration,6,2,4
42132,Monkeysauce,tichondrius,192,shaman,restoration,6,2,4
42133,Fanatix,moon-guard,192,shaman,restoration,6,2,4
42134,Lolcàt,tichondrius,192,shaman,restoration,6,2,4
42135,Shamsky,tichondrius,192,shaman,restoration,6,2,4
42136,Cpkzlol,tichondrius,192,shaman,restoration,6,2,4
42137,Lequandarius,sargeras,192,shaman,restoration,6,2,4
42138,Mauiiei,sargeras,192,shaman,restoration,6,2,4
42139,Firesurge,sargeras,192,shaman,restoration,6,2,4
42140,Thefurrybox,tichondrius,192,shaman,restoration,6,2,4
42141,Torrentzx,sargeras,192,shaman,restoration,6,2,4
42142,Halfzugzug,sargeras,192,shaman,restoration,6,2,4
42143,Suspend,gorgonnash,192,shaman,restoration,9,2,7
42144,Aoiiro,dentarg,192,shaman,restoration,12,2,10
42145,Rensel,drakkari,192,shaman,restoration,12,2,10
42146,Raisongreen,tichondrius,192,shaman,restoration,12,2,10
42147,Soomer,frostmourne,192,shaman,restoration,12,2,10
42148,Actios,stormrage,192,shaman,restoration,12,2,10
42149,Birdizdawerd,shuhalo,192,shaman,restoration,12,2,10
42150,Lomínark,stormrage,192,shaman,restoration,12,2,10
42151,Rueem,area-52,192,shaman,restoration,12,2,10
42152,Awool,lightbringer,192,shaman,restoration,12,2,10
42153,Ara,zuljin,192,shaman,restoration,12,2,10
42154,Kitanoo,kiljaeden,192,shaman,restoration,12,2,10
42155,Rhaksh,sargeras,192,shaman,restoration,12,2,10
42156,Bizzy,black-dragonflight,192,shaman,restoration,12,2,10
42157,Wasiri,illidan,192,shaman,restoration,12,2,10
42158,Monchsham,area-52,192,shaman,restoration,13,2,11
42159,Kicksave,illidan,192,shaman,restoration,18,2,16
42160,Schmutz,emerald-dream,192,shaman,restoration,18,2,16
42161,Bootsix,area-52,192,shaman,restoration,18,2,16
42162,Doctermoo,daggerspine,192,shaman,restoration,28,3,25
42163,Roogys,emerald-dream,192,shaman,restoration,22,2,20
42164,Pwrhouse,ravenholdt,191,shaman,restoration,6,2,4
42165,Machalo,sargeras,191,shaman,restoration,6,2,4
42166,Thudthudzap,darkspear,191,shaman,restoration,6,2,4
42167,Fóurelements,malganis,191,shaman,restoration,6,2,4
42168,Brahsbro,icecrown,191,shaman,restoration,6,2,4
42169,Healcacatoi,zuljin,191,shaman,restoration,6,2,4
42170,Malsturm,stormrage,191,shaman,restoration,6,2,4
42171,Jammylol,frostmourne,180,shaman,restoration,21,6,15
42172,Ambevsulfr,tichondrius,175,shaman,restoration,11,2,9
42173,Nolij,sargeras,159,shaman,restoration,5,2,3
42174,Restomilk,tichondrius,159,shaman,restoration,5,2,3
42175,Ttvozzyxy,tichondrius,144,shaman,restoration,8,4,4
42176,Drowsbad,tichondrius,138,shaman,restoration,10,4,6
42177,Stormsanta,emerald-dream,138,shaman,restoration,8,3,5
42178,Uggerz,barthilas,138,shaman,restoration,9,3,6
42179,Bigdaddyion,thrall,138,shaman,restoration,9,3,6
42180,Bigbøss,stormrage,138,shaman,restoration,20,3,17
42181,Aricer,proudmoore,112,shaman,restoration,13,2,11
42182,Hueymagoo,firetree,112,shaman,restoration,13,2,11
42183,Jbahr,hyjal,96,shaman,restoration,3,2,1
42184,Flêùrs,zuljin,96,shaman,restoration,3,2,1
42185,Shamtoots,aerie-peak,96,shaman,restoration,9,2,7
42186,Slacken,kiljaeden,96,shaman,restoration,6,1,5
42187,Dodey,malganis,96,shaman,restoration,6,1,5
42188,Yaola,kiljaeden,96,shaman,restoration,6,1,5
42189,Cyberheler,quelthalas,96,shaman,restoration,6,1,5
42190,Daiablo,barthilas,96,shaman,restoration,6,1,5
42191,Meattoilet,tichondrius,96,shaman,restoration,6,1,5
42192,Ddolsx,tichondrius,96,shaman,restoration,6,1,5
42193,Saithô,quelthalas,96,shaman,restoration,6,1,5
42194,Sharmalama,illidan,96,shaman,restoration,6,1,5
42195,Bobthashaman,tichondrius,96,shaman,restoration,6,1,5
42196,Stickshaman,sargeras,96,shaman,restoration,6,1,5
42197,Meramin,illidan,96,shaman,restoration,6,1,5
42198,Zìfu,darkspear,96,shaman,restoration,6,1,5
42199,Tchamí,blackrock,96,shaman,restoration,6,1,5
42200,Liltex,malganis,96,shaman,restoration,6,1,5
42201,Crassian,illidan,96,shaman,restoration,6,1,5
42202,Wannabecdeww,kelthuzad,96,shaman,restoration,6,1,5
42203,Shamoover,kelthuzad,96,shaman,restoration,6,1,5
42204,Eleshamanz,tichondrius,96,shaman,restoration,6,1,5
42205,Yggd,zuljin,96,shaman,restoration,6,1,5
42206,Babehmakr,lightnings-blade,96,shaman,restoration,6,1,5
42207,Célty,moon-guard,96,shaman,restoration,6,1,5
42208,Finnaburstt,tichondrius,96,shaman,restoration,6,1,5
42209,Statikrage,eonar,96,shaman,restoration,6,1,5
42210,Guildhealer,darkspear,96,shaman,restoration,6,1,5
42211,Asanako,illidan,96,shaman,restoration,6,1,5
42212,Restorates,tichondrius,96,shaman,restoration,6,1,5
42213,Nøtørious,thrall,96,shaman,restoration,6,1,5
42214,Shamouranth,barthilas,96,shaman,restoration,6,1,5
42215,Sleepysham,anubarak,96,shaman,restoration,6,1,5
42216,Restoz,thrall,96,shaman,restoration,6,1,5
42217,Milkyduds,area-52,96,shaman,restoration,6,1,5
42218,Movemaker,shattered-hand,96,shaman,restoration,6,1,5
42219,Ashamanist,barthilas,96,shaman,restoration,6,1,5
42220,Toyletpaper,mugthol,96,shaman,restoration,6,1,5
42221,Churdoodle,area-52,96,shaman,restoration,6,1,5
42222,Kwaztotem,area-52,96,shaman,restoration,6,1,5
42223,Galiffa,area-52,96,shaman,restoration,6,1,5
42224,Bintopean,boulderfist,96,shaman,restoration,6,1,5
42225,Stormstrikes,tichondrius,96,shaman,restoration,6,1,5
42226,Bloodytotems,dethecus,96,shaman,restoration,6,1,5
42227,Iightning,frostwolf,96,shaman,restoration,6,1,5
42228,Ogeez,area-52,96,shaman,restoration,6,1,5
42229,Lennylemons,stormrage,96,shaman,restoration,6,1,5
42230,Average,bonechewer,96,shaman,restoration,6,1,5
42231,Zorg,area-52,96,shaman,restoration,6,1,5
42232,Dasckisham,area-52,96,shaman,restoration,6,1,5
42233,Totempixie,barthilas,96,shaman,restoration,6,1,5
42234,Mufflër,the-venture-co,96,shaman,restoration,6,1,5
42235,Thenewsherek,maelstrom,96,shaman,restoration,6,1,5
42236,Cluffatty,tichondrius,96,shaman,restoration,6,1,5
42237,Sshhammann,tichondrius,96,shaman,restoration,6,1,5
42238,Ashborn,archimonde,96,shaman,restoration,6,1,5
42239,Teathin,ragnaros,96,shaman,restoration,6,1,5
42240,Hadèes,zuljin,96,shaman,restoration,6,1,5
42241,Phéônîxgodx,zuljin,96,shaman,restoration,6,1,5
42242,Babbz,sargeras,96,shaman,restoration,6,1,5
42243,Daku,tichondrius,96,shaman,restoration,6,1,5
42244,Groundfaults,bleeding-hollow,96,shaman,restoration,6,1,5
42245,Swartzqt,tichondrius,96,shaman,restoration,6,1,5
42246,Twizzhurp,bleeding-hollow,96,shaman,restoration,6,1,5
42247,Erii,undermine,96,shaman,restoration,6,1,5
42248,Shapaman,tichondrius,96,shaman,restoration,6,1,5
42249,Cdewschair,tichondrius,96,shaman,restoration,6,1,5
42250,Finark,tichondrius,96,shaman,restoration,7,1,6
42251,Calicø,durotan,96,shaman,restoration,7,1,6
42252,Hexpert,firetree,96,shaman,restoration,12,1,11
42253,Lór,onyxia,96,shaman,restoration,12,1,11
42254,Tehbeast,khadgar,96,shaman,restoration,12,1,11
42255,Njolmir,khazgoroth,96,shaman,restoration,12,1,11
42256,Meatlog,dalaran,96,shaman,restoration,12,1,11
42257,Tinytiddies,chogall,96,shaman,restoration,12,1,11
42258,Latishas,alleria,96,shaman,restoration,18,1,17
42259,Okdopey,area-52,95,shaman,restoration,6,1,5
42260,Lupog,illidan,89,shaman,restoration,8,4,4
42261,Varnol,emerald-dream,79,shaman,restoration,5,1,4
42262,Dirtyshammy,mugthol,79,shaman,restoration,11,1,10
42263,Totèm,tichondrius,64,shaman,restoration,4,1,3
42264,Aceventuura,hyjal,64,shaman,restoration,10,1,9
42265,Annöying,ysera,42,shaman,restoration,6,2,4
42266,Applicable,tichondrius,42,shaman,restoration,9,2,7
42267,Snowtem,moonrunner,31,shaman,restoration,2,1,1
42268,Ttvozzyxy,tichondrius,2385,shaman,elemental,139,89,50
42269,Bronzer,tichondrius,2325,shaman,elemental,75,53,22
42270,Cashe,kiljaeden,2280,shaman,elemental,138,84,54
42271,Ranjeesh,frostmourne,2233,shaman,elemental,174,100,74
42272,Meatbeaterx,aggramar,2189,shaman,elemental,135,70,65
42273,Bøøgaa,proudmoore,2181,shaman,elemental,137,74,63
42274,Thegloc,illidan,2168,shaman,elemental,59,36,23
42275,Jimmysporty,malganis,2168,shaman,elemental,90,47,43
42276,Mercs,frostmourne,2159,shaman,elemental,86,50,36
42277,Bøulderfist,tichondrius,2157,shaman,elemental,72,44,28
42278,Crøwgød,tichondrius,2156,shaman,elemental,109,65,44
42279,Itzgucci,illidan,2143,shaman,elemental,80,46,34
42280,Jgmbs,dalaran,2134,shaman,elemental,106,64,42
42281,Axelsteel,illidan,2132,shaman,elemental,66,45,21
42282,Glochaswon,illidan,2131,shaman,elemental,84,51,33
42283,Khazger,area-52,2128,shaman,elemental,60,40,20
42284,Hitzz,malganis,2127,shaman,elemental,78,49,29
42285,Jazuul,zuljin,2125,shaman,elemental,72,38,34
42286,Lardaz,darkspear,2118,shaman,elemental,60,37,23
42287,Beyoncé,lethon,2116,shaman,elemental,68,41,27
42288,Jeasham,malganis,2112,shaman,elemental,131,69,62
42289,Benanderson,tichondrius,2111,shaman,elemental,110,61,49
42290,Zoeytur,sargeras,2107,shaman,elemental,84,45,39
42291,Shiggenbasta,tichondrius,2107,shaman,elemental,119,63,56
42292,Hexecute,tichondrius,2106,shaman,elemental,84,42,42
42293,Hollowbaby,tichondrius,2101,shaman,elemental,73,48,25
42294,Bujii,frostmourne,2085,shaman,elemental,191,101,90
42295,Missedkick,tichondrius,2049,shaman,elemental,169,100,69
42296,Dxxlol,tichondrius,2044,shaman,elemental,90,54,36
42297,Luhz,tichondrius,2033,shaman,elemental,187,89,98
42298,Billycool,tichondrius,2032,shaman,elemental,60,38,22
42299,Tisaa,tichondrius,2025,shaman,elemental,66,32,34
42300,Manofsand,drenden,2022,shaman,elemental,191,100,91
42301,Meatbeaterx,bleeding-hollow,2009,shaman,elemental,72,36,36
42302,Blmqt,stormrage,2008,shaman,elemental,90,61,29
42303,Kaandel,azralon,2005,shaman,elemental,149,73,76
42304,Iavalash,bleeding-hollow,1995,shaman,elemental,210,103,107
42305,Trenzix,sargeras,1989,shaman,elemental,196,100,96
42306,Nanosec,tichondrius,1988,shaman,elemental,70,39,31
42307,Reckfulq,proudmoore,1986,shaman,elemental,137,84,53
42308,Yejinok,tichondrius,1982,shaman,elemental,126,66,60
42309,Zipzsham,maiev,1979,shaman,elemental,69,50,19
42310,Mazadu,malganis,1967,shaman,elemental,47,27,20
42311,Bronzers,tichondrius,1964,shaman,elemental,48,29,19
42312,Joedna,tichondrius,1962,shaman,elemental,106,55,51
42313,Chunchünmaru,area-52,1957,shaman,elemental,71,40,31
42314,Kimkar,bleeding-hollow,1954,shaman,elemental,60,32,28
42315,Boomsele,tichondrius,1951,shaman,elemental,49,36,13
42316,Bakenquake,tichondrius,1947,shaman,elemental,92,48,44
42317,Johnsju,sargeras,1943,shaman,elemental,105,55,50
42318,Foudre,malganis,1925,shaman,elemental,42,27,15
42319,Depression,baelgun,1921,shaman,elemental,84,51,33
42320,Hexxás,bloodscalp,1920,shaman,elemental,68,40,28
42321,Safeword,nesingwary,1919,shaman,elemental,74,42,32
42322,Emppege,tichondrius,1911,shaman,elemental,133,64,69
42323,Geodude,executus,1909,shaman,elemental,53,33,20
42324,Dipilga,proudmoore,1908,shaman,elemental,46,35,11
42325,Elefusion,sargeras,1908,shaman,elemental,42,27,15
42326,Scaman,tichondrius,1903,shaman,elemental,36,23,13
42327,Juicébox,tichondrius,1903,shaman,elemental,68,39,29
42328,Makazar,tichondrius,1901,shaman,elemental,42,26,16
42329,Tenyks,tichondrius,1897,shaman,elemental,81,49,32
42330,Ultron,deathwing,1890,shaman,elemental,143,74,69
42331,Molbeato,uldum,1888,shaman,elemental,102,51,51
42332,Hedeadxs,illidan,1882,shaman,elemental,60,30,30
42333,Matikz,boulderfist,1878,shaman,elemental,142,78,64
42334,Powerdown,blackrock,1878,shaman,elemental,65,32,33
42335,Tremordrfear,lightbringer,1877,shaman,elemental,30,20,10
42336,Sleepysham,kelthuzad,1877,shaman,elemental,126,67,59
42337,Orksham,tichondrius,1877,shaman,elemental,60,30,30
42338,Tyar,area-52,1876,shaman,elemental,45,31,14
42339,Àspect,aegwynn,1875,shaman,elemental,36,20,16
42340,Sasageyo,tichondrius,1873,shaman,elemental,93,51,42
42341,Skkarz,malganis,1869,shaman,elemental,116,67,49
42342,Cùìó,barthilas,1868,shaman,elemental,54,25,29
42343,Zapmavz,area-52,1865,shaman,elemental,89,49,40
42344,Fàlç,stormrage,1863,shaman,elemental,54,32,22
42345,Funuser,hellscream,1862,shaman,elemental,122,68,54
42346,Uglytotem,tichondrius,1862,shaman,elemental,47,26,21
42347,Shockay,tichondrius,1861,shaman,elemental,56,30,26
42348,Gangmembr,illidan,1857,shaman,elemental,42,25,17
42349,Jøey,nesingwary,1854,shaman,elemental,30,20,10
42350,Strongele,illidan,1854,shaman,elemental,51,30,21
42351,Sshaman,tichondrius,1846,shaman,elemental,82,40,42
42352,Snookìe,sargeras,1846,shaman,elemental,88,41,47
42353,Shøckys,tichondrius,1846,shaman,elemental,90,40,50
42354,Hecstacy,dalaran,1842,shaman,elemental,66,42,24
42355,Illchayqt,frostmourne,1838,shaman,elemental,47,26,21
42356,Utilitytotem,moon-guard,1838,shaman,elemental,154,83,71
42357,Chemjenn,korgath,1838,shaman,elemental,84,37,47
42358,Saphlare,tichondrius,1836,shaman,elemental,36,22,14
42359,Rahtal,malganis,1834,shaman,elemental,48,25,23
42360,Starmaker,malganis,1833,shaman,elemental,44,23,21
42361,Planetwaves,malganis,1832,shaman,elemental,42,23,19
42362,Ãmg,tichondrius,1829,shaman,elemental,41,29,12
42363,Gaymakaí,sargeras,1828,shaman,elemental,48,27,21
42364,Zzarit,tichondrius,1825,shaman,elemental,48,24,24
42365,Humorlava,tichondrius,1820,shaman,elemental,30,19,11
42366,Magtark,frostwolf,1820,shaman,elemental,61,38,23
42367,Carondes,proudmoore,1820,shaman,elemental,69,38,31
42368,Hotdogwaterx,tichondrius,1817,shaman,elemental,62,42,20
42369,Meatyball,tichondrius,1816,shaman,elemental,65,42,23
42370,Smiteums,sargeras,1813,shaman,elemental,42,24,18
42371,Wangyinanmin,tichondrius,1812,shaman,elemental,30,19,11
42372,Whameradetu,suramar,1809,shaman,elemental,80,38,42
42373,Hadèes,zuljin,1808,shaman,elemental,198,108,90
42374,Coffinpls,illidan,1806,shaman,elemental,54,33,21
42375,Dampenedxx,bleeding-hollow,1806,shaman,elemental,139,77,62
42376,Molerat,illidan,1806,shaman,elemental,158,73,85
42377,Swigadee,tichondrius,1806,shaman,elemental,72,33,39
42378,Bismarks,frostmourne,1805,shaman,elemental,66,38,28
42379,Zuescannon,kelthuzad,1805,shaman,elemental,59,32,27
42380,Drazziqt,malganis,1803,shaman,elemental,45,27,18
42381,Nonomori,frostmourne,1802,shaman,elemental,48,30,18
42382,Torchic,drakkari,1801,shaman,elemental,60,31,29
42383,Monkeysham,dathremar,1800,shaman,elemental,48,30,18
42384,Elementàlius,quelthalas,1800,shaman,elemental,80,46,34
42385,Mackq,tichondrius,1800,shaman,elemental,103,54,49
42386,Scherzer,frostwolf,1800,shaman,elemental,90,42,48
42387,Cepheí,bleeding-hollow,1792,shaman,elemental,77,38,39
42388,Vkzz,sargeras,1784,shaman,elemental,49,23,26
42389,Ralae,zuljin,1782,shaman,elemental,29,19,10
42390,Ñîmåbè,tichondrius,1780,shaman,elemental,30,19,11
42391,Ieeguen,tichondrius,1778,shaman,elemental,48,22,26
42392,Soyboyxxo,barthilas,1774,shaman,elemental,127,65,62
42393,Hazzathxy,tichondrius,1771,shaman,elemental,41,22,19
42394,Zqsyyds,illidan,1770,shaman,elemental,35,19,16
42395,Deathblasts,zuljin,1770,shaman,elemental,48,22,26
42396,Pikopiko,tichondrius,1768,shaman,elemental,42,26,16
42397,Møp,spirestone,1766,shaman,elemental,66,39,27
42398,Earthclap,tichondrius,1764,shaman,elemental,57,26,31
42399,Brezel,azralon,1740,shaman,elemental,42,27,15
42400,Swiatek,ragnaros,1740,shaman,elemental,64,35,29
42401,Minigible,tichondrius,1739,shaman,elemental,54,23,31
42402,Scrymax,area-52,1733,shaman,elemental,60,33,27
42403,Hexistential,tichondrius,1731,shaman,elemental,34,26,8
42404,Taranís,sargeras,1730,shaman,elemental,54,25,29
42405,Handzum,blades-edge,1728,shaman,elemental,54,28,26
42406,Hüsky,dalaran,1725,shaman,elemental,53,27,26
42407,Windfurygød,tichondrius,1724,shaman,elemental,60,44,16
42408,Däbü,tichondrius,1724,shaman,elemental,30,18,12
42409,Baddaboom,sargeras,1724,shaman,elemental,79,42,37
42410,Osev,stormrage,1723,shaman,elemental,42,22,20
42411,Apyôn,tichondrius,1719,shaman,elemental,42,24,18
42412,Triknolov,dalaran,1719,shaman,elemental,77,40,37
42413,ßævis,magtheridon,1715,shaman,elemental,60,37,23
42414,Liquidmagma,deathwing,1711,shaman,elemental,100,50,50
42415,Pubechin,jubeithos,1711,shaman,elemental,42,21,21
42416,Ayumihamasai,tichondrius,1710,shaman,elemental,60,33,27
42417,Ryanxo,azjolnerub,1709,shaman,elemental,35,21,14
42418,Gravygumdrop,tichondrius,1707,shaman,elemental,92,47,45
42419,Flüke,tichondrius,1704,shaman,elemental,54,31,23
42420,Notahappyone,area-52,1703,shaman,elemental,48,34,14
42421,Krumpits,barthilas,1699,shaman,elemental,27,19,8
42422,Kustys,tichondrius,1699,shaman,elemental,36,18,18
42423,Trïggerr,blackrock,1695,shaman,elemental,30,18,12
42424,Mytotemisbig,lothar,1694,shaman,elemental,59,38,21
42425,Notbpage,burning-blade,1694,shaman,elemental,102,51,51
42426,Shockyshock,emerald-dream,1683,shaman,elemental,46,29,17
42427,Caserguy,sargeras,1683,shaman,elemental,58,24,34
42428,Enkix,drakkari,1681,shaman,elemental,42,23,19
42429,Feetfungus,area-52,1681,shaman,elemental,60,29,31
42430,Zò,zuljin,1680,shaman,elemental,42,20,22
42431,Cyhren,illidan,1679,shaman,elemental,54,33,21
42432,Kigoros,bleeding-hollow,1679,shaman,elemental,60,33,27
42433,Gorjun,stormrage,1679,shaman,elemental,81,38,43
42434,Ptee,tichondrius,1677,shaman,elemental,45,23,22
42435,Donkeyteeth,bleeding-hollow,1675,shaman,elemental,80,47,33
42436,Zugzugdogg,destromath,1674,shaman,elemental,42,23,19
42437,Zeroclue,area-52,1673,shaman,elemental,40,22,18
42438,Buffele,tichondrius,1672,shaman,elemental,42,18,24
42439,Billydreams,drakkari,1670,shaman,elemental,129,63,66
42440,Jerkdaddy,aggramar,1668,shaman,elemental,30,19,11
42441,Deckìn,proudmoore,1663,shaman,elemental,160,85,75
42442,Buju,bleeding-hollow,1662,shaman,elemental,152,84,68
42443,Illmental,kelthuzad,1658,shaman,elemental,85,44,41
42444,Dewoverload,garithos,1657,shaman,elemental,33,23,10
42445,Letronix,azralon,1656,shaman,elemental,71,34,37
42446,Kawj,eonar,1652,shaman,elemental,36,21,15
42447,Dyxlol,tichondrius,1652,shaman,elemental,56,25,31
42448,Thaelia,azgalor,1650,shaman,elemental,40,23,17
42449,Caninius,sargeras,1649,shaman,elemental,48,24,24
42450,Walabi,tichondrius,1649,shaman,elemental,50,22,28
42451,Zeylhe,proudmoore,1647,shaman,elemental,54,26,28
42452,Smoketide,stormrage,1644,shaman,elemental,47,21,26
42453,Shockisha,sisters-of-elune,1644,shaman,elemental,52,23,29
42454,Xodeus,frostmourne,1642,shaman,elemental,42,21,21
42455,Shlmmyjimmy,tichondrius,1642,shaman,elemental,90,33,57
42456,Faygodream,illidan,1641,shaman,elemental,178,99,79
42457,Streetmeat,crushridge,1640,shaman,elemental,125,64,61
42458,Illbuyurmom,tichondrius,1634,shaman,elemental,49,23,26
42459,Ryukims,tichondrius,1631,shaman,elemental,64,33,31
42460,Imnumberl,sargeras,1630,shaman,elemental,78,51,27
42461,Sonire,tichondrius,1629,shaman,elemental,222,107,115
42462,Óompaloompa,frostmourne,1628,shaman,elemental,52,32,20
42463,Stormsage,jubeithos,1627,shaman,elemental,54,31,23
42464,Fiftybeers,frostmourne,1627,shaman,elemental,35,19,16
42465,Lff,stormrage,1626,shaman,elemental,24,17,7
42466,Vixeen,kelthuzad,1626,shaman,elemental,36,17,19
42467,Shaymîn,malganis,1624,shaman,elemental,38,21,17
42468,Chandye,proudmoore,1620,shaman,elemental,48,22,26
42469,Fruityrudyy,area-52,1618,shaman,elemental,30,22,8
42470,Eimear,kelthuzad,1618,shaman,elemental,33,20,13
42471,Thunderfaker,tichondrius,1618,shaman,elemental,36,17,19
42472,Conjury,tichondrius,1618,shaman,elemental,48,22,26
42473,Mulak,frostmourne,1616,shaman,elemental,110,54,56
42474,Duality,shattered-halls,1615,shaman,elemental,59,38,21
42475,Chajaa,ragnaros,1615,shaman,elemental,171,86,85
42476,Uglymuger,tichondrius,1612,shaman,elemental,98,44,54
42477,Gangstà,stormrage,1611,shaman,elemental,66,30,36
42478,Nayro,bleeding-hollow,1610,shaman,elemental,30,20,10
42479,Uglymugshock,tichondrius,1610,shaman,elemental,90,46,44
42480,Orkuss,illidan,1609,shaman,elemental,29,19,10
42481,Sweatshock,frostmourne,1608,shaman,elemental,206,112,94
42482,Thündermoose,tichondrius,1608,shaman,elemental,42,21,21
42483,Xakaeri,hyjal,1607,shaman,elemental,59,32,27
42484,Setò,quelthalas,1607,shaman,elemental,66,35,31
42485,Roxxiggom,aggramar,1605,shaman,elemental,24,19,5
42486,Üchihamadarâ,tichondrius,1605,shaman,elemental,87,48,39
42487,Taxd,sargeras,1605,shaman,elemental,40,21,19
42488,Soo,kiljaeden,1605,shaman,elemental,84,39,45
42489,Jaimenohex,illidan,1603,shaman,elemental,36,19,17
42490,Nutty,dentarg,1602,shaman,elemental,42,24,18
42491,Tulol,tichondrius,1602,shaman,elemental,114,54,60
42492,Everspell,lightnings-blade,1602,shaman,elemental,72,33,39
42493,Ssjgreen,illidan,1601,shaman,elemental,66,33,33
42494,Opaltsing,tichondrius,1601,shaman,elemental,39,19,20
42495,Datbigthing,frostmourne,1596,shaman,elemental,60,24,36
42496,Igotu,tichondrius,1595,shaman,elemental,30,17,13
42497,Creativemind,ragnaros,1594,shaman,elemental,68,35,33
42498,Kymo,tichondrius,1591,shaman,elemental,30,17,13
42499,Honeybean,tichondrius,1591,shaman,elemental,96,50,46
42500,Lottogodx,area-52,1590,shaman,elemental,48,28,20
42501,Hurìon,coilfang,1589,shaman,elemental,62,35,27
42502,Semasham,khazgoroth,1588,shaman,elemental,43,21,22
42503,Hexzy,moon-guard,1588,shaman,elemental,53,24,29
42504,Squealer,sargeras,1587,shaman,elemental,92,45,47
42505,Zelthakaru,emerald-dream,1587,shaman,elemental,42,18,24
42506,Moodizzle,tichondrius,1586,shaman,elemental,96,51,45
42507,Imense,sargeras,1584,shaman,elemental,42,24,18
42508,Cornivore,malganis,1582,shaman,elemental,36,19,17
42509,Isekai,alterac-mountains,1582,shaman,elemental,220,110,110
42510,Zap,wyrmrest-accord,1576,shaman,elemental,78,39,39
42511,Shamans,zuljin,1569,shaman,elemental,36,27,9
42512,Electriik,kiljaeden,1568,shaman,elemental,54,30,24
42513,Jamieslays,korgath,1567,shaman,elemental,48,26,22
42514,Indika,stormrage,1560,shaman,elemental,30,18,12
42515,Climhazard,senjin,1555,shaman,elemental,36,18,18
42516,Stitchis,black-dragonflight,1554,shaman,elemental,69,41,28
42517,Shellshocka,korgath,1554,shaman,elemental,38,20,18
42518,Simada,tichondrius,1554,shaman,elemental,36,17,19
42519,Krimzs,executus,1553,shaman,elemental,63,28,35
42520,Dtab,tichondrius,1552,shaman,elemental,36,18,18
42521,Volcanoboxer,tichondrius,1552,shaman,elemental,90,44,46
42522,Meatballpie,frostmourne,1548,shaman,elemental,42,25,17
42523,Topax,vashj,1548,shaman,elemental,41,23,18
42524,Doodleburger,dathremar,1545,shaman,elemental,50,41,9
42525,Badandbooshi,stormreaver,1544,shaman,elemental,42,20,22
42526,Talonga,moon-guard,1544,shaman,elemental,48,21,27
42527,Drogues,tichondrius,1543,shaman,elemental,47,26,21
42528,Afw,darkspear,1542,shaman,elemental,94,53,41
42529,Friedmans,illidan,1538,shaman,elemental,105,55,50
42530,Borheals,tichondrius,1537,shaman,elemental,44,21,23
42531,Ratson,ragnaros,1535,shaman,elemental,36,19,17
42532,Robot,illidan,1534,shaman,elemental,30,16,14
42533,Lovesthegear,blackrock,1529,shaman,elemental,30,16,14
42534,Xpire,ragnaros,1528,shaman,elemental,30,16,14
42535,Harrypotqueu,zuljin,1527,shaman,elemental,30,16,14
42536,Bycrax,ragnaros,1526,shaman,elemental,70,36,34
42537,Generators,area-52,1526,shaman,elemental,230,114,116
42538,Tunegrote,ragnaros,1523,shaman,elemental,66,35,31
42539,Daddykooll,tichondrius,1521,shaman,elemental,78,40,38
42540,Draghul,frostwolf,1520,shaman,elemental,43,24,19
42541,Damadar,zuljin,1520,shaman,elemental,36,16,20
42542,Cacahuates,suramar,1519,shaman,elemental,72,43,29
42543,Dwarfdude,gorefiend,1517,shaman,elemental,41,24,17
42544,Yasmiel,zuljin,1517,shaman,elemental,60,27,33
42545,Loxshox,gnomeregan,1516,shaman,elemental,347,172,175
42546,Tuntar,ragnaros,1515,shaman,elemental,162,86,76
42547,Clapton,darkspear,1515,shaman,elemental,47,21,26
42548,Univearth,emerald-dream,1509,shaman,elemental,90,45,45
42549,Gerrkiing,amanthul,1508,shaman,elemental,35,22,13
42550,Cgq,tichondrius,1508,shaman,elemental,102,55,47
42551,Kakaaroto,nemesis,1506,shaman,elemental,75,43,32
42552,Evilraven,tichondrius,1506,shaman,elemental,183,91,92
42553,Zappynips,frostmourne,1492,shaman,elemental,45,26,19
42554,Keldinraz,stormrage,1492,shaman,elemental,48,22,26
42555,Tulnak,kelthuzad,1491,shaman,elemental,117,59,58
42556,Sheriffbj,emerald-dream,1489,shaman,elemental,65,29,36
42557,Totemsmacker,quelthalas,1488,shaman,elemental,48,23,25
42558,Cowish,illidan,1487,shaman,elemental,42,23,19
42559,Soartotes,sargeras,1484,shaman,elemental,34,19,15
42560,Groundme,malganis,1484,shaman,elemental,29,16,13
42561,Innvious,sargeras,1483,shaman,elemental,60,28,32
42562,Gloi,ragnaros,1481,shaman,elemental,31,19,12
42563,Rss,barthilas,1479,shaman,elemental,59,30,29
42564,Dadadabang,frostmourne,1478,shaman,elemental,40,18,22
42565,Baodan,azshara,1471,shaman,elemental,83,43,40
42566,Defrout,kelthuzad,1469,shaman,elemental,68,32,36
42567,Gahaa,tichondrius,1464,shaman,elemental,23,16,7
42568,Joehogan,stormrage,1463,shaman,elemental,67,40,27
42569,Washedupty,illidan,1460,shaman,elemental,118,56,62
42570,Cavolt,stormrage,1459,shaman,elemental,41,21,20
42571,Makocc,tichondrius,1458,shaman,elemental,97,48,49
42572,Huskër,tichondrius,1454,shaman,elemental,76,43,33
42573,Thundermatt,aegwynn,1451,shaman,elemental,87,39,48
42574,Fwwrs,illidan,1450,shaman,elemental,26,16,10
42575,Malosa,hyjal,1449,shaman,elemental,65,27,38
42576,Georgejr,thunderlord,1445,shaman,elemental,30,19,11
42577,Kumer,tichondrius,1436,shaman,elemental,34,19,15
42578,Biberom,kelthuzad,1434,shaman,elemental,57,32,25
42579,Conductivity,frostmourne,1433,shaman,elemental,36,19,17
42580,Sheman,galakrond,1432,shaman,elemental,34,17,17
42581,Latoques,quelthalas,1431,shaman,elemental,24,15,9
42582,Pipesable,ragnaros,1430,shaman,elemental,24,15,9
42583,Vktr,drakkari,1429,shaman,elemental,58,29,29
42584,Soulrak,tichondrius,1429,shaman,elemental,102,46,56
42585,Waterground,tichondrius,1428,shaman,elemental,31,16,15
42586,Saraguthix,dalaran,1427,shaman,elemental,60,27,33
42587,Drazzella,arthas,1422,shaman,elemental,47,21,26
42588,Bramah,bonechewer,1420,shaman,elemental,36,16,20
42589,Snapstr,illidan,1419,shaman,elemental,36,15,21
42590,Hufflefluffs,kiljaeden,1418,shaman,elemental,38,23,15
42591,Scryerman,area-52,1418,shaman,elemental,30,16,14
42592,Srbski,emerald-dream,1416,shaman,elemental,32,17,15
42593,Muffïn,moon-guard,1414,shaman,elemental,24,15,9
42594,Blacklm,tichondrius,1413,shaman,elemental,24,15,9
42595,Plotious,antonidas,1413,shaman,elemental,36,19,17
42596,Dumpweed,stormscale,1413,shaman,elemental,42,21,21
42597,Gumballin,sargeras,1412,shaman,elemental,85,41,44
42598,Shampainn,demon-soul,1407,shaman,elemental,72,38,34
42599,Doxshaman,tichondrius,1407,shaman,elemental,78,41,37
42600,Morluné,tichondrius,1407,shaman,elemental,54,26,28
42601,Chonkymilk,illidan,1407,shaman,elemental,50,22,28
42602,Nøir,drakkari,1405,shaman,elemental,54,22,32
42603,Rinnobunen,wyrmrest-accord,1404,shaman,elemental,65,31,34
42604,Ectomee,tichondrius,1403,shaman,elemental,30,16,14
42605,Everyst,darkspear,1402,shaman,elemental,49,27,22
42606,Mittss,sargeras,1401,shaman,elemental,106,57,49
42607,Pepîllo,ragnaros,1401,shaman,elemental,108,42,66
42608,Zugzugthug,moon-guard,1395,shaman,elemental,131,69,62
42609,Liloggie,illidan,1385,shaman,elemental,23,15,8
42610,Redlava,turalyon,1384,shaman,elemental,31,19,12
42611,Golozok,zuljin,1382,shaman,elemental,35,16,19
42612,Ceedlamb,kelthuzad,1381,shaman,elemental,66,34,32
42613,Darizzler,bleeding-hollow,1379,shaman,elemental,42,24,18
42614,Novajersey,azralon,1377,shaman,elemental,27,16,11
42615,Richode,burning-legion,1376,shaman,elemental,30,17,13
42616,Shuñk,frostmourne,1376,shaman,elemental,60,27,33
42617,Hansolorz,tichondrius,1375,shaman,elemental,56,26,30
42618,Luvstospooj,thaurissan,1372,shaman,elemental,73,34,39
42619,Zechary,proudmoore,1372,shaman,elemental,48,19,29
42620,Ffaísca,azralon,1371,shaman,elemental,44,22,22
42621,Nuofu,illidan,1367,shaman,elemental,59,30,29
42622,Venekk,shattered-hand,1366,shaman,elemental,29,17,12
42623,Rythia,elune,1363,shaman,elemental,40,18,22
42624,Telain,quelthalas,1360,shaman,elemental,84,42,42
42625,Hurky,sargeras,1349,shaman,elemental,122,62,60
42626,Stormsanta,emerald-dream,1349,shaman,elemental,35,15,20
42627,Minusshaman,dalaran,1348,shaman,elemental,80,42,38
42628,Snewboii,malganis,1346,shaman,elemental,30,15,15
42629,Sweetbabyraé,bleeding-hollow,1345,shaman,elemental,54,35,19
42630,Beibeihangh,tichondrius,1344,shaman,elemental,24,14,10
42631,Zynt,illidan,1342,shaman,elemental,24,14,10
42632,Spoonforkorc,thrall,1342,shaman,elemental,24,14,10
42633,Bagele,tichondrius,1342,shaman,elemental,30,14,16
42634,Orçhid,tichondrius,1341,shaman,elemental,18,14,4
42635,Moartotems,kelthuzad,1339,shaman,elemental,24,16,8
42636,Oontuk,illidan,1337,shaman,elemental,66,31,35
42637,Laelyk,kiljaeden,1336,shaman,elemental,30,14,16
42638,Toho,ragnaros,1335,shaman,elemental,36,20,16
42639,Cocainbear,emerald-dream,1332,shaman,elemental,39,20,19
42640,Arukz,tichondrius,1332,shaman,elemental,30,14,16
42641,Onnyx,proudmoore,1330,shaman,elemental,24,14,10
42642,Hengler,emerald-dream,1330,shaman,elemental,30,14,16
42643,Drzhong,frostmourne,1329,shaman,elemental,40,22,18
42644,Rolltìde,tichondrius,1328,shaman,elemental,129,72,57
42645,Totem,burning-legion,1327,shaman,elemental,24,14,10
42646,Totems,the-underbog,1327,shaman,elemental,24,14,10
42647,Ekstasiel,azralon,1323,shaman,elemental,54,28,26
42648,Ragnards,ragnaros,1323,shaman,elemental,79,35,44
42649,Pipelord,destromath,1321,shaman,elemental,24,14,10
42650,Pacapinchhit,azgalor,1320,shaman,elemental,24,14,10
42651,Shocks,alleria,1318,shaman,elemental,30,14,16
42652,Lenin,nathrezim,1316,shaman,elemental,62,24,38
42653,Yippeekiyay,zuluhed,1310,shaman,elemental,39,17,22
42654,Endorovich,mannoroth,1309,shaman,elemental,30,14,16
42655,Ayahuaskah,illidan,1300,shaman,elemental,43,20,23
42656,Dodona,sargeras,1298,shaman,elemental,50,17,33
42657,Hueymagoo,firetree,1295,shaman,elemental,24,14,10
42658,Totempoke,frostmourne,1292,shaman,elemental,23,14,9
42659,Wfb,sargeras,1291,shaman,elemental,24,14,10
42660,Totemtown,darkspear,1286,shaman,elemental,60,28,32
42661,Exoticz,barthilas,1285,shaman,elemental,44,15,29
42662,Seinnome,azralon,1276,shaman,elemental,37,16,21
42663,Bushdeedit,stormrage,1274,shaman,elemental,35,14,21
42664,Jaapo,barthilas,1259,shaman,elemental,98,48,50
42665,Sugirukifuja,stormrage,1258,shaman,elemental,23,16,7
42666,Baltharzhard,saurfang,1257,shaman,elemental,36,16,20
42667,Moacmathi,quelthalas,1253,shaman,elemental,60,27,33
42668,Destroçadorx,azralon,1249,shaman,elemental,32,15,17
42669,Siò,barthilas,1247,shaman,elemental,15,14,1
42670,Funnysa,tichondrius,1247,shaman,elemental,18,13,5
42671,Killeniis,tichondrius,1247,shaman,elemental,54,24,30
42672,Gambezee,kelthuzad,1247,shaman,elemental,30,13,17
42673,Trnzx,sargeras,1246,shaman,elemental,18,13,5
42674,Oldcregg,emerald-dream,1246,shaman,elemental,18,13,5
42675,Lugak,ragnaros,1245,shaman,elemental,41,15,26
42676,Battleshammy,nagrand,1243,shaman,elemental,30,15,15
42677,Clarix,quelthalas,1241,shaman,elemental,24,13,11
42678,Strugs,area-52,1234,shaman,elemental,47,20,27
42679,Kanasya,quelthalas,1234,shaman,elemental,41,17,24
42680,Kkangsiki,tichondrius,1233,shaman,elemental,30,13,17
42681,Edenorion,ragnaros,1232,shaman,elemental,48,23,25
42682,Synerggy,hakkar,1228,shaman,elemental,149,75,74
42683,Forgediniron,stormrage,1225,shaman,elemental,54,27,27
42684,Busterbrounz,queldorei,1224,shaman,elemental,18,13,5
42685,Porkfririe,kelthuzad,1224,shaman,elemental,34,14,20
42686,Chaposz,tichondrius,1221,shaman,elemental,30,13,17
42687,Nírnez,ragnaros,1220,shaman,elemental,42,14,28
42688,Malrom,kelthuzad,1218,shaman,elemental,381,191,190
42689,Engara,frostmane,1216,shaman,elemental,29,13,16
42690,Saulgudmon,area-52,1215,shaman,elemental,36,19,17
42691,Øten,area-52,1214,shaman,elemental,30,20,10
42692,Beerofdoom,proudmoore,1214,shaman,elemental,30,15,15
42693,Vulkuro,quelthalas,1214,shaman,elemental,30,13,17
42694,Pozcaster,tichondrius,1214,shaman,elemental,42,13,29
42695,Mhaal,wyrmrest-accord,1213,shaman,elemental,106,42,64
42696,Eze,tichondrius,1211,shaman,elemental,40,24,16
42697,Amonita,stonemaul,1210,shaman,elemental,18,13,5
42698,Grezzkall,malganis,1207,shaman,elemental,39,19,20
42699,Syile,stormrage,1206,shaman,elemental,26,14,12
42700,Omegaman,lightninghoof,1204,shaman,elemental,69,35,34
42701,Shamanzinh,azralon,1204,shaman,elemental,42,20,22
42702,Budgetseaan,stormrage,1203,shaman,elemental,42,23,19
42703,Bazinguinha,azralon,1202,shaman,elemental,54,25,29
42704,Shadowowl,tanaris,1202,shaman,elemental,33,14,19
42705,Deggle,frostwolf,1201,shaman,elemental,30,14,16
42706,Rafiki,haomarush,1198,shaman,elemental,54,22,32
42707,Ghorokk,azralon,1196,shaman,elemental,24,16,8
42708,Madelements,tichondrius,1195,shaman,elemental,26,14,12
42709,Alphamael,lightbringer,1195,shaman,elemental,53,27,26
42710,Yasuriyamile,illidan,1181,shaman,elemental,100,43,57
42711,Yodahh,daggerspine,1170,shaman,elemental,33,17,16
42712,Lezzer,ragnaros,1167,shaman,elemental,102,45,57
42713,Zhokal,quelthalas,1166,shaman,elemental,125,65,60
42714,Cptnmagma,bleeding-hollow,1162,shaman,elemental,124,57,67
42715,Jaycobb,area-52,1159,shaman,elemental,30,13,17
42716,Zugdabou,bonechewer,1155,shaman,elemental,66,30,36
42717,Dràgoon,thrall,1152,shaman,elemental,18,12,6
42718,Bovinebeauty,tichondrius,1152,shaman,elemental,18,12,6
42719,Pasto,bleeding-hollow,1152,shaman,elemental,18,12,6
42720,Kebboz,frostmourne,1152,shaman,elemental,18,12,6
42721,Shockjob,frostmourne,1152,shaman,elemental,24,12,12
42722,Chenjiawei,tichondrius,1152,shaman,elemental,24,12,12
42723,Krupto,tichondrius,1151,shaman,elemental,24,12,12
42724,Kang,terenas,1150,shaman,elemental,18,12,6
42725,Poonqtx,frostmourne,1149,shaman,elemental,18,12,6
42726,Legthul,tichondrius,1146,shaman,elemental,24,12,12
42727,Maldini,tol-barad,1146,shaman,elemental,30,13,17
42728,Enhancers,sargeras,1144,shaman,elemental,24,12,12
42729,Tidedown,dark-iron,1142,shaman,elemental,18,12,6
42730,Kowabounga,ragnaros,1140,shaman,elemental,24,12,12
42731,Thunderblood,nerzhul,1138,shaman,elemental,24,12,12
42732,Muggs,cairne,1137,shaman,elemental,18,12,6
42733,Nuggitz,tichondrius,1136,shaman,elemental,31,20,11
42734,Vodord,arathor,1130,shaman,elemental,24,12,12
42735,Jashar,spinebreaker,1127,shaman,elemental,24,13,11
42736,Firecracker,warsong,1123,shaman,elemental,88,47,41
42737,Johnwilke,area-52,1123,shaman,elemental,43,17,26
42738,Bravederp,kelthuzad,1120,shaman,elemental,63,31,32
42739,Lavablaster,kelthuzad,1116,shaman,elemental,24,18,6
42740,Skwiglz,tichondrius,1113,shaman,elemental,90,44,46
42741,Afgoox,tichondrius,1105,shaman,elemental,36,24,12
42742,Xoelement,borean-tundra,1103,shaman,elemental,54,25,29
42743,Yunow,ragnaros,1096,shaman,elemental,48,20,28
42744,Axelrose,ragnaros,1090,shaman,elemental,36,16,20
42745,Omnath,zuluhed,1083,shaman,elemental,35,19,16
42746,Zappz,thunderlord,1082,shaman,elemental,60,34,26
42747,Karashamy,ragnaros,1082,shaman,elemental,77,36,41
42748,Shammpain,barthilas,1081,shaman,elemental,59,31,28
42749,Marduul,azralon,1077,shaman,elemental,29,13,16
42750,Justballs,stormscale,1073,shaman,elemental,30,18,12
42751,Coffee,mugthol,1073,shaman,elemental,48,19,29
42752,Shamarock,stonemaul,1071,shaman,elemental,48,25,23
42753,Shockazulu,vashj,1070,shaman,elemental,47,23,24
42754,Tideborn,azralon,1068,shaman,elemental,28,14,14
42755,Afri,tichondrius,1056,shaman,elemental,16,12,4
42756,Giversham,bleeding-hollow,1056,shaman,elemental,18,11,7
42757,Palcyon,eonar,1056,shaman,elemental,18,11,7
42758,Petrafk,illidan,1056,shaman,elemental,18,11,7
42759,Redpocket,zuluhed,1056,shaman,elemental,18,11,7
42760,Bestshamus,sargeras,1056,shaman,elemental,18,11,7
42761,Miroen,tichondrius,1056,shaman,elemental,24,11,13
42762,Highsteakss,tichondrius,1055,shaman,elemental,12,11,1
42763,Tupacshocker,zuljin,1055,shaman,elemental,18,11,7
42764,Fanatix,moon-guard,1055,shaman,elemental,18,11,7
42765,Ndndurkadurk,malganis,1055,shaman,elemental,18,11,7
42766,Smooths,bloodscalp,1055,shaman,elemental,18,11,7
42767,Bootietootie,bleeding-hollow,1055,shaman,elemental,18,11,7
42768,Jeffspicele,emerald-dream,1055,shaman,elemental,24,11,13
42769,Thuntard,bleeding-hollow,1055,shaman,elemental,24,11,13
42770,Ayetex,kelthuzad,1054,shaman,elemental,18,11,7
42771,Sumnah,sargeras,1054,shaman,elemental,42,22,20
42772,Blastuh,kiljaeden,1053,shaman,elemental,18,11,7
42773,Madmartiggen,scilla,1051,shaman,elemental,21,12,9
42774,Ôprawindfury,mugthol,1050,shaman,elemental,18,11,7
42775,Taeilendar,ragnaros,1050,shaman,elemental,24,11,13
42776,Nazz,cenarion-circle,1048,shaman,elemental,18,11,7
42777,Metlar,sargeras,1048,shaman,elemental,24,11,13
42778,Luxenor,kelthuzad,1046,shaman,elemental,18,11,7
42779,Minzysm,illidan,1045,shaman,elemental,24,11,13
42780,Bonevykin,area-52,1044,shaman,elemental,21,12,9
42781,Enflexi,lightbringer,1044,shaman,elemental,24,11,13
42782,Hodonsin,tichondrius,1039,shaman,elemental,23,11,12
42783,Darkrock,echo-isles,1033,shaman,elemental,24,12,12
42784,Rollypolli,gnomeregan,1022,shaman,elemental,72,36,36
42785,Olani,nesingwary,1022,shaman,elemental,38,12,26
42786,Treesntotemz,darkspear,1020,shaman,elemental,18,11,7
42787,Lilmollet,tichondrius,1008,shaman,elemental,23,11,12
42788,Geladoo,gallywix,1008,shaman,elemental,68,29,39
42789,Mîkâ,area-52,1007,shaman,elemental,24,11,13
42790,Wälee,sargeras,1004,shaman,elemental,77,37,40
42791,Shambix,illidan,1002,shaman,elemental,19,12,7
42792,Dizzytotem,dalaran,991,shaman,elemental,24,11,13
42793,Rodbert,sargeras,990,shaman,elemental,20,11,9
42794,Cheweydadawg,shandris,990,shaman,elemental,23,11,12
42795,Shàmpow,darkspear,988,shaman,elemental,23,11,12
42796,Shamanic,dunemaul,984,shaman,elemental,83,31,52
42797,Saanrixa,jubeithos,978,shaman,elemental,96,37,59
42798,Bronan,laughing-skull,976,shaman,elemental,54,20,34
42799,Mistayl,bleeding-hollow,968,shaman,elemental,30,12,18
42800,Asanako,illidan,961,shaman,elemental,64,26,38
42801,Graveshocks,illidan,960,shaman,elemental,12,10,2
42802,Smrtdeath,zuljin,960,shaman,elemental,12,10,2
42803,Folus,azjolnerub,960,shaman,elemental,18,10,8
42804,Bigdaddyion,thrall,960,shaman,elemental,18,10,8
42805,Smeagles,ragnaros,960,shaman,elemental,18,10,8
42806,Hydroponicz,sargeras,960,shaman,elemental,18,10,8
42807,Withinfinity,stormrage,960,shaman,elemental,24,10,14
42808,Tawambji,kiljaeden,959,shaman,elemental,18,10,8
42809,Hexoffend,zuljin,959,shaman,elemental,18,10,8
42810,Kodyaj,illidan,959,shaman,elemental,18,10,8
42811,Tidalstorm,thrall,959,shaman,elemental,18,10,8
42812,Ehhmacros,doomhammer,959,shaman,elemental,24,10,14
42813,Aingry,darkspear,958,shaman,elemental,18,10,8
42814,Korlog,tichondrius,957,shaman,elemental,12,10,2
42815,Charabon,ragnaros,957,shaman,elemental,18,10,8
42816,Shockshammy,kiljaeden,956,shaman,elemental,18,10,8
42817,Bigway,area-52,956,shaman,elemental,30,10,20
42818,Sanlu,tichondrius,955,shaman,elemental,65,30,35
42819,Piloncho,ragnaros,955,shaman,elemental,54,20,34
42820,Tinkd,stormrage,953,shaman,elemental,18,10,8
42821,Izreborn,tichondrius,953,shaman,elemental,24,10,14
42822,Discokid,norgannon,951,shaman,elemental,24,10,14
42823,Tuksha,alleria,951,shaman,elemental,30,10,20
42824,Káládin,malganis,944,shaman,elemental,24,10,14
42825,Shmoo,deathwing,939,shaman,elemental,21,11,10
42826,Tørosentado,quelthalas,938,shaman,elemental,23,10,13
42827,Madeleines,goldrinn,936,shaman,elemental,18,10,8
42828,Proignite,drakthul,934,shaman,elemental,35,17,18
42829,Gorron,frostwolf,929,shaman,elemental,24,10,14
42830,Dooman,area-52,927,shaman,elemental,30,10,20
42831,Sarahfe,wyrmrest-accord,910,shaman,elemental,17,10,7
42832,Bulljay,bleeding-hollow,910,shaman,elemental,21,11,10
42833,Aragog,malygos,899,shaman,elemental,32,16,16
42834,Threehandz,bleeding-hollow,886,shaman,elemental,55,20,35
42835,Trilz,barthilas,880,shaman,elemental,19,10,9
42836,Jer,tichondrius,864,shaman,elemental,12,9,3
42837,Bikáchu,tichondrius,864,shaman,elemental,12,9,3
42838,Notragii,kelthuzad,864,shaman,elemental,12,9,3
42839,Helga,hellscream,864,shaman,elemental,12,9,3
42840,Koalatricks,shadow-council,864,shaman,elemental,12,9,3
42841,Councilman,illidan,864,shaman,elemental,18,9,9
42842,Owtyobwol,area-52,864,shaman,elemental,18,9,9
42843,Doorti,area-52,864,shaman,elemental,18,9,9
42844,Kilydily,destromath,864,shaman,elemental,18,9,9
42845,Okïòmó,proudmoore,864,shaman,elemental,18,9,9
42846,Exceedër,ragnaros,864,shaman,elemental,18,9,9
42847,Tampíco,ragnaros,864,shaman,elemental,24,9,15
42848,Ratedpvp,thrall,863,shaman,elemental,12,9,3
42849,Ðomzy,tichondrius,863,shaman,elemental,12,9,3
42850,Blöw,tichondrius,863,shaman,elemental,18,9,9
42851,Poseidon,kiljaeden,863,shaman,elemental,18,9,9
42852,Hexellént,kiljaeden,863,shaman,elemental,18,9,9
42853,Earthfirex,ragnaros,863,shaman,elemental,18,9,9
42854,Skyten,quelthalas,863,shaman,elemental,21,10,11
42855,Stormcop,kelthuzad,863,shaman,elemental,24,9,15
42856,Dehsaw,illidan,863,shaman,elemental,24,9,15
42857,Dtrumpx,tichondrius,863,shaman,elemental,24,9,15
42858,Thaél,proudmoore,863,shaman,elemental,24,9,15
42859,Elemastery,windrunner,862,shaman,elemental,12,9,3
42860,Downerr,malganis,862,shaman,elemental,13,9,4
42861,Beatryx,the-scryers,862,shaman,elemental,18,9,9
42862,Tottemic,blackrock,862,shaman,elemental,18,9,9
42863,Cónò,tichondrius,861,shaman,elemental,18,9,9
42864,Phagocytosis,illidan,861,shaman,elemental,18,9,9
42865,Grandwolf,ragnaros,861,shaman,elemental,18,9,9
42866,Sabtifa,proudmoore,861,shaman,elemental,24,9,15
42867,Jensenx,proudmoore,861,shaman,elemental,24,9,15
42868,Grukall,galakrond,860,shaman,elemental,12,9,3
42869,Galabanjø,malganis,860,shaman,elemental,24,9,15
42870,Bluetape,azshara,858,shaman,elemental,12,9,3
42871,Velekar,moon-guard,858,shaman,elemental,24,9,15
42872,Xantoor,area-52,857,shaman,elemental,18,9,9
42873,Gorakh,illidan,856,shaman,elemental,18,9,9
42874,Dellnar,nagrand,847,shaman,elemental,18,9,9
42875,Mðna,zuluhed,838,shaman,elemental,18,9,9
42876,Daiskei,nordrassil,838,shaman,elemental,18,9,9
42877,Vegaslights,tichondrius,816,shaman,elemental,21,9,12
42878,Mindfields,barthilas,812,shaman,elemental,20,10,10
42879,Zerium,nemesis,810,shaman,elemental,27,10,17
42880,Maxchamo,ragnaros,810,shaman,elemental,31,10,21
42881,Thanwirn,ragnaros,809,shaman,elemental,24,9,15
42882,Relâx,icecrown,779,shaman,elemental,19,9,10
42883,Supbrø,zuluhed,768,shaman,elemental,12,8,4
42884,Dook,ghostlands,768,shaman,elemental,12,8,4
42885,Artaiva,zuljin,768,shaman,elemental,12,8,4
42886,Lasso,shattered-hand,768,shaman,elemental,12,8,4
42887,Morabebi,tichondrius,768,shaman,elemental,12,8,4
42888,Genesisz,tichondrius,768,shaman,elemental,12,8,4
42889,Yurp,illidan,768,shaman,elemental,12,8,4
42890,Squidzy,tichondrius,768,shaman,elemental,12,8,4
42891,Synkronaqt,tichondrius,768,shaman,elemental,12,8,4
42892,Biggiechief,illidan,768,shaman,elemental,12,8,4
42893,Bagovs,tichondrius,768,shaman,elemental,12,8,4
42894,Xammaa,illidan,768,shaman,elemental,12,8,4
42895,Shocksrus,arthas,768,shaman,elemental,18,8,10
42896,Storminlorka,sargeras,768,shaman,elemental,18,8,10
42897,Groundfaults,bleeding-hollow,768,shaman,elemental,18,8,10
42898,Ëìê,tichondrius,768,shaman,elemental,30,8,22
42899,Shockerfist,thunderlord,767,shaman,elemental,12,8,4
42900,Tierrox,tichondrius,767,shaman,elemental,12,8,4
42901,Flowerchild,proudmoore,767,shaman,elemental,12,8,4
42902,Momothewolf,malganis,767,shaman,elemental,12,8,4
42903,Graymatterz,ysondre,767,shaman,elemental,12,8,4
42904,Thestromp,quelthalas,767,shaman,elemental,12,8,4
42905,Urb,moknathal,767,shaman,elemental,18,8,10
42906,Hexlexic,stormrage,767,shaman,elemental,18,8,10
42907,Mugumbo,frostmourne,767,shaman,elemental,19,8,11
42908,Mazdamundï,ragnaros,767,shaman,elemental,24,8,16
42909,Fênrisulfer,area-52,766,shaman,elemental,18,8,10
42910,Cheddatotz,illidan,764,shaman,elemental,12,8,4
42911,Pãníç,bladefist,764,shaman,elemental,18,8,10
42912,Neebon,jubeithos,763,shaman,elemental,12,8,4
42913,Chanix,ragnaros,763,shaman,elemental,12,8,4
42914,Shachone,zuljin,763,shaman,elemental,18,8,10
42915,Teekona,tichondrius,763,shaman,elemental,18,8,10
42916,Shammany,stormrage,763,shaman,elemental,18,8,10
42917,Shamofshame,garrosh,763,shaman,elemental,24,8,16
42918,Matria,tanaris,735,shaman,elemental,18,8,10
42919,Aeromarius,ragnaros,733,shaman,elemental,13,10,3
42920,Lowiqpleb,tichondrius,719,shaman,elemental,17,8,9
42921,Rokogg,thrall,718,shaman,elemental,17,8,9
42922,Pileef,thrall,704,shaman,elemental,10,8,2
42923,Dmt,exodar,704,shaman,elemental,22,8,14
42924,Blacklust,tichondrius,702,shaman,elemental,14,8,6
42925,Makogo,earthen-ring,686,shaman,elemental,13,8,5
42926,Sàuron,tichondrius,686,shaman,elemental,19,8,11
42927,Rahkarg,korgath,672,shaman,elemental,12,7,5
42928,Willy,icecrown,672,shaman,elemental,12,7,5
42929,Tatespeech,barthilas,672,shaman,elemental,12,7,5
42930,Varnol,emerald-dream,672,shaman,elemental,12,7,5
42931,Totemzie,illidan,672,shaman,elemental,12,7,5
42932,Cuban,kelthuzad,672,shaman,elemental,12,7,5
42933,Pericazo,sargeras,672,shaman,elemental,12,7,5
42934,Shambergler,tichondrius,672,shaman,elemental,12,7,5
42935,Mesdew,tichondrius,672,shaman,elemental,12,7,5
42936,Glizzyjamon,sargeras,672,shaman,elemental,12,7,5
42937,Thoraq,bleeding-hollow,672,shaman,elemental,12,7,5
42938,Merkal,illidan,672,shaman,elemental,12,7,5
42939,Farku,illidan,672,shaman,elemental,12,7,5
42940,Lagroupie,ragnaros,672,shaman,elemental,12,7,5
42941,Chazzwozza,area-52,672,shaman,elemental,12,7,5
42942,Plebshammy,bleeding-hollow,672,shaman,elemental,12,7,5
42943,Drmeatballmd,tichondrius,672,shaman,elemental,12,7,5
42944,Xinz,guldan,672,shaman,elemental,12,7,5
42945,Ðøææøð,stormrage,672,shaman,elemental,12,7,5
42946,Eravas,thrall,672,shaman,elemental,18,7,11
42947,Neotrad,proudmoore,672,shaman,elemental,18,7,11
42948,Alwaysbulkin,tichondrius,672,shaman,elemental,18,7,11
42949,Shamigo,tichondrius,672,shaman,elemental,18,7,11
42950,Lovebody,zuljin,672,shaman,elemental,18,7,11
42951,Desdìnova,tortheldrin,672,shaman,elemental,18,7,11
42952,Mzzar,tichondrius,672,shaman,elemental,18,7,11
42953,Risker,tichondrius,672,shaman,elemental,18,7,11
42954,Dansham,zuljin,672,shaman,elemental,24,7,17
42955,Oukami,area-52,671,shaman,elemental,12,7,5
42956,Hairyrichard,zuljin,671,shaman,elemental,12,7,5
42957,Stormha,illidan,671,shaman,elemental,12,7,5
42958,Jacori,malganis,671,shaman,elemental,12,7,5
42959,Canute,bonechewer,671,shaman,elemental,12,7,5
42960,Lenå,moon-guard,671,shaman,elemental,12,7,5
42961,Lilthrall,skullcrusher,671,shaman,elemental,12,7,5
42962,Malito,ursin,671,shaman,elemental,18,7,11
42963,Stèpbro,sargeras,671,shaman,elemental,18,7,11
42964,Alariaa,sargeras,670,shaman,elemental,12,7,5
42965,Neukims,nemesis,670,shaman,elemental,20,7,13
42966,Grimlên,skullcrusher,669,shaman,elemental,18,7,11
42967,Phuamya,dalaran,667,shaman,elemental,12,7,5
42968,Shamadan,proudmoore,665,shaman,elemental,12,7,5
42969,Warmak,hyjal,664,shaman,elemental,12,7,5
42970,Jyster,area-52,664,shaman,elemental,24,7,17
42971,Bigrider,nemesis,664,shaman,elemental,24,7,17
42972,Cardanø,illidan,652,shaman,elemental,29,7,22
42973,Cheesewheelz,arthas,651,shaman,elemental,22,7,15
42974,Aestheticsx,thrall,640,shaman,elemental,16,7,9
42975,Megalithic,moon-guard,639,shaman,elemental,14,8,6
42976,Koongram,area-52,623,shaman,elemental,11,7,4
42977,Cîmm,stormrage,607,shaman,elemental,11,7,4
42978,Shizzänk,illidan,606,shaman,elemental,11,7,4
42979,Dornmawhide,sargeras,576,shaman,elemental,6,6,0
42980,Pikapiko,tichondrius,576,shaman,elemental,6,6,0
42981,Kasparøv,tichondrius,576,shaman,elemental,6,6,0
42982,Boltadeez,tichondrius,576,shaman,elemental,6,6,0
42983,Adutchcowboy,tichondrius,576,shaman,elemental,6,6,0
42984,Astrostorm,darkspear,576,shaman,elemental,12,6,6
42985,Feuerbart,dalaran,576,shaman,elemental,12,6,6
42986,Littz,malganis,576,shaman,elemental,12,6,6
42987,Finark,tichondrius,576,shaman,elemental,12,6,6
42988,Zunden,illidan,576,shaman,elemental,12,6,6
42989,Zlateral,malganis,576,shaman,elemental,12,6,6
42990,Spaceghost,illidan,576,shaman,elemental,12,6,6
42991,Smoketide,illidan,576,shaman,elemental,12,6,6
42992,Grimmson,emerald-dream,576,shaman,elemental,12,6,6
42993,Deyodin,illidan,576,shaman,elemental,12,6,6
42994,Tairen,ragnaros,576,shaman,elemental,12,6,6
42995,Mcgraff,frostmourne,576,shaman,elemental,12,6,6
42996,Mistysham,illidan,576,shaman,elemental,12,6,6
42997,Undaunte,sargeras,576,shaman,elemental,12,6,6
42998,Bobbymooshay,area-52,576,shaman,elemental,12,6,6
42999,Bustinbooty,kiljaeden,576,shaman,elemental,12,6,6
43000,Jnzz,area-52,576,shaman,elemental,12,6,6
43001,Fuseillar,illidan,576,shaman,elemental,12,6,6
43002,Riseon,illidan,576,shaman,elemental,12,6,6
43003,Darkcharles,illidan,576,shaman,elemental,12,6,6
43004,Traindablue,illidan,576,shaman,elemental,12,6,6
43005,Getwetand,quelthalas,576,shaman,elemental,12,6,6
43006,Orkshammy,illidan,576,shaman,elemental,12,6,6
43007,Notsock,zuljin,576,shaman,elemental,12,6,6
43008,Shaokhan,azjolnerub,576,shaman,elemental,12,6,6
43009,Doommjölnir,sargeras,576,shaman,elemental,12,6,6
43010,Rubmytotêm,tichondrius,576,shaman,elemental,12,6,6
43011,Deeznuts,the-forgotten-coast,576,shaman,elemental,12,6,6
43012,Frosh,nazgrel,576,shaman,elemental,12,6,6
43013,Adesaa,illidan,576,shaman,elemental,18,6,12
43014,Bitamin,frostmourne,576,shaman,elemental,18,6,12
43015,Torosmile,tichondrius,576,shaman,elemental,18,6,12
43016,Cowtidetotem,thrall,576,shaman,elemental,18,6,12
43017,Avni,silver-hand,575,shaman,elemental,12,6,6
43018,Moctezumma,area-52,575,shaman,elemental,12,6,6
43019,Drewshammy,zuljin,575,shaman,elemental,12,6,6
43020,Satup,ragnaros,575,shaman,elemental,12,6,6
43021,Apocalypsehb,quelthalas,575,shaman,elemental,12,6,6
43022,Procdepartme,area-52,575,shaman,elemental,12,6,6
43023,Shøckolate,magtheridon,575,shaman,elemental,12,6,6
43024,Skribblez,tichondrius,575,shaman,elemental,12,6,6
43025,Nemei,zuljin,575,shaman,elemental,12,6,6
43026,Grimitt,suramar,575,shaman,elemental,18,6,12
43027,Nomahuata,cenarion-circle,575,shaman,elemental,18,6,12
43028,Ulamøgg,proudmoore,575,shaman,elemental,21,6,15
43029,Chanintotem,shattered-halls,574,shaman,elemental,12,6,6
43030,Bcs,lightbringer,573,shaman,elemental,12,6,6
43031,Nezzuk,quelthalas,573,shaman,elemental,12,6,6
43032,Thuggliife,frostmourne,573,shaman,elemental,18,6,12
43033,Totempaul,frostmourne,570,shaman,elemental,18,6,12
43034,Ryudark,stormrage,569,shaman,elemental,24,6,18
43035,Asy,tichondrius,559,shaman,elemental,11,6,5
43036,Frostshear,maiev,557,shaman,elemental,17,6,11
43037,Aitex,kelthuzad,543,shaman,elemental,15,7,8
43038,Thanen,the-scryers,541,shaman,elemental,16,6,10
43039,Aseew,drakkari,522,shaman,elemental,21,9,12
43040,Devipersham,frostmourne,511,shaman,elemental,11,6,5
43041,Kultirio,quelthalas,480,shaman,elemental,6,5,1
43042,Meatballsx,tichondrius,480,shaman,elemental,6,5,1
43043,Vulcansh,azralon,480,shaman,elemental,6,5,1
43044,Shoxz,korgath,480,shaman,elemental,6,5,1
43045,Shamxrob,sargeras,480,shaman,elemental,6,5,1
43046,Furiousnick,stormrage,480,shaman,elemental,6,5,1
43047,Axaxaxaxaxax,illidan,480,shaman,elemental,6,5,1
43048,Fenny,proudmoore,480,shaman,elemental,6,5,1
43049,Dîabeetus,moon-guard,480,shaman,elemental,6,5,1
43050,Shockbalboa,stormrage,480,shaman,elemental,6,5,1
43051,Riptideafk,sargeras,480,shaman,elemental,6,5,1
43052,Shinydiglett,area-52,480,shaman,elemental,6,5,1
43053,Hanaruk,ragnaros,480,shaman,elemental,6,5,1
43054,Blazintotems,arthas,480,shaman,elemental,6,5,1
43055,Sxr,moon-guard,480,shaman,elemental,6,5,1
43056,Josiahsham,kelthuzad,480,shaman,elemental,7,5,2
43057,Firedchips,tichondrius,480,shaman,elemental,17,8,9
43058,Vashidda,stormrage,480,shaman,elemental,12,5,7
43059,Shamberheard,kelthuzad,480,shaman,elemental,12,5,7
43060,Zro,ysera,480,shaman,elemental,12,5,7
43061,Eluulne,silvermoon,480,shaman,elemental,12,5,7
43062,Drvoodoo,tichondrius,480,shaman,elemental,12,5,7
43063,Ferdi,kelthuzad,480,shaman,elemental,12,5,7
43064,Sgorr,illidan,480,shaman,elemental,12,5,7
43065,Zeebouzy,illidan,480,shaman,elemental,12,5,7
43066,Mariarlee,proudmoore,480,shaman,elemental,12,5,7
43067,Drakhe,proudmoore,480,shaman,elemental,12,5,7
43068,Flamestrife,illidan,480,shaman,elemental,12,5,7
43069,Athymus,dragonmaw,480,shaman,elemental,12,5,7
43070,Zajashuna,malganis,480,shaman,elemental,12,5,7
43071,Wempa,moon-guard,480,shaman,elemental,12,5,7
43072,Flukz,nazjatar,480,shaman,elemental,12,5,7
43073,Stayz,tichondrius,480,shaman,elemental,12,5,7
43074,Boodissy,tichondrius,480,shaman,elemental,12,5,7
43075,Blobberino,tichondrius,480,shaman,elemental,12,5,7
43076,Slumpinator,tichondrius,480,shaman,elemental,12,5,7
43077,Chomolungma,azralon,480,shaman,elemental,12,5,7
43078,Fonsestrelly,emerald-dream,480,shaman,elemental,12,5,7
43079,Wobbleshock,tichondrius,480,shaman,elemental,12,5,7
43080,Jènova,whisperwind,480,shaman,elemental,12,5,7
43081,Twistedteas,tichondrius,480,shaman,elemental,12,5,7
43082,Junkygreens,proudmoore,480,shaman,elemental,12,5,7
43083,Gjaj,tichondrius,480,shaman,elemental,12,5,7
43084,Daerönn,azralon,480,shaman,elemental,12,5,7
43085,Jaedrick,chogall,480,shaman,elemental,12,5,7
43086,Kissmywalnut,frostmourne,480,shaman,elemental,12,5,7
43087,Delement,ragnaros,480,shaman,elemental,12,5,7
43088,Totemchucker,stormrage,480,shaman,elemental,15,6,9
43089,Flamelink,tichondrius,480,shaman,elemental,20,6,14
43090,Hazznokicks,bleeding-hollow,480,shaman,elemental,21,6,15
43091,Dwârf,tichondrius,480,shaman,elemental,18,5,13
43092,Helapoon,area-52,480,shaman,elemental,18,5,13
43093,Konndor,malganis,480,shaman,elemental,18,5,13
43094,Hallion,frostmourne,480,shaman,elemental,18,5,13
43095,Arialial,hyjal,480,shaman,elemental,18,5,13
43096,Firesurge,sargeras,480,shaman,elemental,18,5,13
43097,Advìl,area-52,480,shaman,elemental,18,5,13
43098,Vjeze,frostmourne,480,shaman,elemental,24,5,19
43099,Zevelynne,wyrmrest-accord,480,shaman,elemental,24,5,19
43100,Killdeaderer,barthilas,479,shaman,elemental,6,5,1
43101,Virô,sargeras,479,shaman,elemental,6,5,1
43102,Shanão,nemesis,479,shaman,elemental,6,5,1
43103,Ðarkvolts,stormrage,479,shaman,elemental,12,5,7
43104,Sparkyy,kelthuzad,479,shaman,elemental,12,5,7
43105,Doughboy,khadgar,478,shaman,elemental,14,6,8
43106,Talraviebor,stormrage,478,shaman,elemental,12,5,7
43107,Diokles,skywall,478,shaman,elemental,12,5,7
43108,Meteorah,kelthuzad,477,shaman,elemental,18,5,13
43109,Gunai,malganis,416,shaman,elemental,10,5,5
43110,Kinjin,dragonmaw,415,shaman,elemental,14,5,9
43111,Ripklanian,blood-furnace,400,shaman,elemental,13,5,8
43112,Dingfu,sargeras,384,shaman,elemental,6,4,2
43113,Munchies,madoran,384,shaman,elemental,6,4,2
43114,Blueku,tichondrius,384,shaman,elemental,6,4,2
43115,Dromus,dalvengyr,384,shaman,elemental,6,4,2
43116,Aishel,area-52,384,shaman,elemental,6,4,2
43117,Novoz,tichondrius,384,shaman,elemental,6,4,2
43118,Lukora,stonemaul,384,shaman,elemental,6,4,2
43119,Ginnagangus,mugthol,384,shaman,elemental,6,4,2
43120,Zenan,stormreaver,384,shaman,elemental,6,4,2
43121,Vitaminc,garona,384,shaman,elemental,6,4,2
43122,Seraøth,area-52,384,shaman,elemental,6,4,2
43123,Greensween,thrall,384,shaman,elemental,6,4,2
43124,Hulan,tichondrius,384,shaman,elemental,6,4,2
43125,Simped,bleeding-hollow,384,shaman,elemental,6,4,2
43126,Borgmash,chogall,384,shaman,elemental,6,4,2
43127,Sammila,tichondrius,384,shaman,elemental,6,4,2
43128,Checkmâte,emerald-dream,384,shaman,elemental,6,4,2
43129,Ryùko,proudmoore,384,shaman,elemental,6,4,2
43130,Yshi,kelthuzad,384,shaman,elemental,6,4,2
43131,Dgshaman,tichondrius,384,shaman,elemental,6,4,2
43132,Trashpandaa,deathwing,384,shaman,elemental,6,4,2
43133,Clamson,tichondrius,384,shaman,elemental,6,4,2
43134,Sèèr,tichondrius,384,shaman,elemental,6,4,2
43135,Thandius,arygos,384,shaman,elemental,6,4,2
43136,Brickzilla,dalaran,384,shaman,elemental,6,4,2
43137,Elebro,emerald-dream,384,shaman,elemental,6,4,2
43138,Oscarmike,auchindoun,384,shaman,elemental,6,4,2
43139,Olboy,thrall,384,shaman,elemental,6,4,2
43140,Paltalk,the-forgotten-coast,384,shaman,elemental,6,4,2
43141,Nyroh,zuljin,384,shaman,elemental,6,4,2
43142,Jimmyapple,illidan,384,shaman,elemental,6,4,2
43143,Boogiefever,area-52,384,shaman,elemental,6,4,2
43144,Ruugo,malganis,384,shaman,elemental,6,4,2
43145,Trickyjf,dalaran,384,shaman,elemental,6,4,2
43146,Coldbeer,frostmourne,384,shaman,elemental,6,4,2
43147,Aleysha,dreadmaul,384,shaman,elemental,6,4,2
43148,Wodgodx,sargeras,384,shaman,elemental,6,4,2
43149,Targhal,tichondrius,384,shaman,elemental,6,4,2
43150,Kranif,tichondrius,384,shaman,elemental,6,4,2
43151,Ryuubi,illidan,384,shaman,elemental,6,4,2
43152,Kromdag,dalaran,384,shaman,elemental,6,4,2
43153,Weebdestroyr,illidan,384,shaman,elemental,6,4,2
43154,Dragaru,illidan,384,shaman,elemental,6,4,2
43155,Thorlottie,stormrage,384,shaman,elemental,6,4,2
43156,Zezlek,malganis,384,shaman,elemental,6,4,2
43157,Shammyqua,tichondrius,384,shaman,elemental,6,4,2
43158,Cduck,zuljin,384,shaman,elemental,6,4,2
43159,Ktom,runetotem,384,shaman,elemental,6,4,2
43160,Linkzz,malganis,384,shaman,elemental,6,4,2
43161,Zappithorus,stormrage,384,shaman,elemental,6,4,2
43162,Super,azshara,384,shaman,elemental,14,5,9
43163,Catdontcare,tichondrius,384,shaman,elemental,12,4,8
43164,Lividelemnts,area-52,384,shaman,elemental,12,4,8
43165,Rosettee,stormrage,384,shaman,elemental,12,4,8
43166,Kushnations,chogall,384,shaman,elemental,12,4,8
43167,Popsoot,area-52,384,shaman,elemental,12,4,8
43168,Anahvee,moon-guard,384,shaman,elemental,12,4,8
43169,Natorr,dalaran,384,shaman,elemental,12,4,8
43170,Jhivone,tichondrius,384,shaman,elemental,12,4,8
43171,Fatherrtime,illidan,384,shaman,elemental,12,4,8
43172,Chainz,illidan,384,shaman,elemental,12,4,8
43173,Rudoboy,ragnaros,384,shaman,elemental,12,4,8
43174,Duza,frostmourne,384,shaman,elemental,12,4,8
43175,Sjostrom,proudmoore,384,shaman,elemental,12,4,8
43176,Zizö,barthilas,384,shaman,elemental,12,4,8
43177,Naweiv,caelestrasz,384,shaman,elemental,12,4,8
43178,Ayatsu,thrall,384,shaman,elemental,12,4,8
43179,Manitbaggins,earthen-ring,384,shaman,elemental,12,4,8
43180,Lavasurge,area-52,384,shaman,elemental,12,4,8
43181,Elryl,sargeras,384,shaman,elemental,12,4,8
43182,Yukishock,illidan,384,shaman,elemental,12,4,8
43183,Sin,bleeding-hollow,384,shaman,elemental,12,4,8
43184,Oohkillemm,silvermoon,384,shaman,elemental,12,4,8
43185,Tecnein,tichondrius,384,shaman,elemental,12,4,8
43186,Shrektar,cenarius,384,shaman,elemental,12,4,8
43187,Bigstormz,fenris,384,shaman,elemental,18,4,14
43188,Zappyshorty,sargeras,383,shaman,elemental,6,4,2
43189,Santee,frostmourne,383,shaman,elemental,6,4,2
43190,Machalo,sargeras,383,shaman,elemental,12,4,8
43191,Enroks,greymane,383,shaman,elemental,12,4,8
43192,Akó,quelthalas,383,shaman,elemental,18,4,14
43193,Stórmfuryz,tichondrius,382,shaman,elemental,12,4,8
43194,Potatopirate,burning-legion,381,shaman,elemental,18,4,14
43195,Coffeeblacc,magtheridon,379,shaman,elemental,12,4,8
43196,Babyblake,malganis,351,shaman,elemental,8,5,3
43197,Shk,illidan,351,shaman,elemental,11,4,7
43198,Branasou,emerald-dream,351,shaman,elemental,11,4,7
43199,Frequency,kiljaeden,351,shaman,elemental,11,4,7
43200,Råys,turalyon,350,shaman,elemental,11,4,7
43201,Trashaman,garona,336,shaman,elemental,9,4,5
43202,Stormfronts,kelthuzad,336,shaman,elemental,9,4,5
43203,Nondracil,ragnaros,336,shaman,elemental,14,4,10
43204,Taraneh,garrosh,325,shaman,elemental,15,5,10
43205,Shamankie,tichondrius,319,shaman,elemental,5,4,1
43206,Orochishaman,stormrage,319,shaman,elemental,5,4,1
43207,Charr,nemesis,304,shaman,elemental,7,4,3
43208,Tsunamibrew,moon-guard,302,shaman,elemental,9,4,5
43209,Frakk,silvermoon,288,shaman,elemental,6,3,3
43210,Ggoong,tichondrius,288,shaman,elemental,6,3,3
43211,Trenhance,stormrage,288,shaman,elemental,6,3,3
43212,Vanëssão,stormrage,288,shaman,elemental,6,3,3
43213,Scarshamxn,frostmourne,288,shaman,elemental,6,3,3
43214,Tethai,moon-guard,288,shaman,elemental,6,3,3
43215,Éarl,sargeras,288,shaman,elemental,6,3,3
43216,Axshaman,darkspear,288,shaman,elemental,6,3,3
43217,Hamrok,moon-guard,288,shaman,elemental,6,3,3
43218,Niarkx,frostmourne,288,shaman,elemental,6,3,3
43219,Autisty,sargeras,288,shaman,elemental,6,3,3
43220,Curtrex,amanthul,288,shaman,elemental,6,3,3
43221,Moosk,zuluhed,288,shaman,elemental,6,3,3
43222,Frenchy,hyjal,288,shaman,elemental,6,3,3
43223,Genericheat,tichondrius,288,shaman,elemental,6,3,3
43224,Dì,barthilas,288,shaman,elemental,6,3,3
43225,Kurzee,kelthuzad,288,shaman,elemental,6,3,3
43226,Largerwang,sargeras,288,shaman,elemental,6,3,3
43227,Bolteon,malganis,288,shaman,elemental,6,3,3
43228,Hedeadx,illidan,288,shaman,elemental,6,3,3
43229,Improvize,malganis,288,shaman,elemental,6,3,3
43230,Wabiex,illidan,288,shaman,elemental,6,3,3
43231,Bens,malganis,288,shaman,elemental,6,3,3
43232,Ioki,spirestone,288,shaman,elemental,6,3,3
43233,Mabite,frostmourne,288,shaman,elemental,6,3,3
43234,Xhamankng,quelthalas,288,shaman,elemental,6,3,3
43235,Mønønøke,tichondrius,288,shaman,elemental,6,3,3
43236,Garalath,bleeding-hollow,288,shaman,elemental,6,3,3
43237,Exsh,area-52,288,shaman,elemental,6,3,3
43238,Ragor,quelthalas,288,shaman,elemental,6,3,3
43239,Shamyuna,dalaran,288,shaman,elemental,6,3,3
43240,Iloverina,stormrage,288,shaman,elemental,6,3,3
43241,Shamtactic,thrall,288,shaman,elemental,6,3,3
43242,Raiden,gorgonnash,288,shaman,elemental,6,3,3
43243,Earthfurÿ,quelthalas,288,shaman,elemental,6,3,3
43244,Floon,barthilas,288,shaman,elemental,6,3,3
43245,Aerôv,area-52,288,shaman,elemental,6,3,3
43246,Bigdumb,blackrock,288,shaman,elemental,6,3,3
43247,Shizamm,hyjal,288,shaman,elemental,6,3,3
43248,Dialtone,blackrock,288,shaman,elemental,6,3,3
43249,Awesomeus,barthilas,288,shaman,elemental,6,3,3
43250,Bizle,jaedenar,288,shaman,elemental,6,3,3
43251,Passion,sargeras,288,shaman,elemental,6,3,3
43252,Häzel,nerzhul,288,shaman,elemental,6,3,3
43253,Jamsham,tichondrius,288,shaman,elemental,6,3,3
43254,Arckos,thrall,288,shaman,elemental,6,3,3
43255,Shajay,area-52,288,shaman,elemental,6,3,3
43256,Talfur,area-52,288,shaman,elemental,6,3,3
43257,Oxforcefairy,tichondrius,288,shaman,elemental,6,3,3
43258,Spacemilk,stormrage,288,shaman,elemental,6,3,3
43259,Fobb,area-52,288,shaman,elemental,6,3,3
43260,Atokirina,drakkari,288,shaman,elemental,6,3,3
43261,Woepost,tichondrius,288,shaman,elemental,6,3,3
43262,Oingo,destromath,288,shaman,elemental,6,3,3
43263,Gödöfbüdå,tichondrius,288,shaman,elemental,6,3,3
43264,Malgrave,ragnaros,288,shaman,elemental,6,3,3
43265,Doop,kiljaeden,288,shaman,elemental,6,3,3
43266,Daiablo,barthilas,288,shaman,elemental,6,3,3
43267,Fattizer,sargeras,288,shaman,elemental,6,3,3
43268,Dazu,drakkari,288,shaman,elemental,6,3,3
43269,Shàman,durotan,288,shaman,elemental,6,3,3
43270,Thelphor,nemesis,288,shaman,elemental,6,3,3
43271,Blakki,barthilas,288,shaman,elemental,6,3,3
43272,Zuldroth,frostmourne,288,shaman,elemental,6,3,3
43273,Neesta,ragnaros,288,shaman,elemental,6,3,3
43274,Vibration,akama,288,shaman,elemental,6,3,3
43275,Fluffyhex,sargeras,288,shaman,elemental,6,3,3
43276,Tokelahoma,stormrage,288,shaman,elemental,6,3,3
43277,Healingtime,nerzhul,288,shaman,elemental,6,3,3
43278,Shadeele,cenarius,288,shaman,elemental,6,3,3
43279,Cvoa,bonechewer,288,shaman,elemental,6,3,3
43280,Groink,kiljaeden,288,shaman,elemental,6,3,3
43281,Zemleroynoyy,magtheridon,288,shaman,elemental,6,3,3
43282,Applicable,tichondrius,288,shaman,elemental,6,3,3
43283,Blaydin,elune,288,shaman,elemental,6,3,3
43284,Altryn,shuhalo,288,shaman,elemental,6,3,3
43285,Rampàge,ragnaros,288,shaman,elemental,6,3,3
43286,Zon,laughing-skull,288,shaman,elemental,6,3,3
43287,Grimnur,bleeding-hollow,288,shaman,elemental,11,3,8
43288,Smithereen,area-52,288,shaman,elemental,12,3,9
43289,Onicharm,frostmourne,288,shaman,elemental,12,3,9
43290,Olex,zuluhed,288,shaman,elemental,12,3,9
43291,Oznog,bleeding-hollow,288,shaman,elemental,12,3,9
43292,Stormklepter,fizzcrank,288,shaman,elemental,12,3,9
43293,Rickin,hyjal,288,shaman,elemental,12,3,9
43294,Sumyl,ragnaros,288,shaman,elemental,12,3,9
43295,Slothycrit,emerald-dream,288,shaman,elemental,12,3,9
43296,Emptee,area-52,288,shaman,elemental,12,3,9
43297,Lumpyshaman,tichondrius,288,shaman,elemental,12,3,9
43298,Juicemcroose,zuljin,288,shaman,elemental,12,3,9
43299,Bitflip,jubeithos,288,shaman,elemental,12,3,9
43300,Coercè,tichondrius,288,shaman,elemental,12,3,9
43301,Taquitho,quelthalas,288,shaman,elemental,12,3,9
43302,Tdub,frostmourne,288,shaman,elemental,12,3,9
43303,Tawahka,hyjal,288,shaman,elemental,12,3,9
43304,Honix,area-52,288,shaman,elemental,12,3,9
43305,Winiethepoöh,stormrage,288,shaman,elemental,12,3,9
43306,Duckmasick,tichondrius,288,shaman,elemental,12,3,9
43307,Wonima,tichondrius,288,shaman,elemental,12,3,9
43308,Bloodytotemz,emerald-dream,288,shaman,elemental,12,3,9
43309,Stîînck,azralon,288,shaman,elemental,18,3,15
43310,Rìddles,malygos,288,shaman,elemental,18,3,15
43311,Arakye,stormrage,287,shaman,elemental,6,3,3
43312,Juanisan,stormrage,287,shaman,elemental,6,3,3
43313,Strikzjr,frostmourne,287,shaman,elemental,6,3,3
43314,Balrog,vashj,287,shaman,elemental,12,3,9
43315,Slåpntickle,darkspear,287,shaman,elemental,12,3,9
43316,Trabolta,hyjal,287,shaman,elemental,12,3,9
43317,Cropdustr,sargeras,286,shaman,elemental,6,3,3
43318,Hannibol,tichondrius,255,shaman,elemental,11,3,8
43319,Hexytimexoqt,thrall,255,shaman,elemental,11,3,8
43320,Oxxnabatko,amanthul,240,shaman,elemental,9,3,6
43321,Ppepe,boulderfist,239,shaman,elemental,5,3,2
43322,Nikeshocks,detheroc,239,shaman,elemental,5,3,2
43323,Spunjie,frostmourne,239,shaman,elemental,5,3,2
43324,Liamus,amanthul,239,shaman,elemental,5,3,2
43325,Yangsangchu,tichondrius,192,shaman,elemental,6,2,4
43326,Ladash,ragnaros,192,shaman,elemental,6,2,4
43327,Elîas,tichondrius,192,shaman,elemental,6,2,4
43328,Ínfected,azralon,192,shaman,elemental,6,2,4
43329,Dantheman,twisting-nether,192,shaman,elemental,6,2,4
43330,Shamantimes,ragnaros,192,shaman,elemental,6,2,4
43331,Stormysteve,hyjal,192,shaman,elemental,6,2,4
43332,Wrestleman,drakthul,192,shaman,elemental,6,2,4
43333,Shamsky,tichondrius,192,shaman,elemental,6,2,4
43334,Naextramus,ragnaros,192,shaman,elemental,6,2,4
43335,Shockbot,stormscale,192,shaman,elemental,6,2,4
43336,Piffzorz,tichondrius,192,shaman,elemental,6,2,4
43337,Noether,sargeras,192,shaman,elemental,6,2,4
43338,Oppaswag,tichondrius,192,shaman,elemental,6,2,4
43339,Lenxd,dalaran,192,shaman,elemental,6,2,4
43340,Tacotastic,malganis,192,shaman,elemental,6,2,4
43341,Bigbadbolt,malganis,192,shaman,elemental,6,2,4
43342,Yssyyds,illidan,192,shaman,elemental,6,2,4
43343,Ric,malganis,192,shaman,elemental,6,2,4
43344,Flappygooch,illidan,192,shaman,elemental,6,2,4
43345,Hehew,kelthuzad,192,shaman,elemental,6,2,4
43346,Rokhnar,zuljin,192,shaman,elemental,6,2,4
43347,Krilick,blackrock,192,shaman,elemental,6,2,4
43348,Saltywap,proudmoore,192,shaman,elemental,6,2,4
43349,Snoocher,kelthuzad,192,shaman,elemental,6,2,4
43350,Alleys,tichondrius,192,shaman,elemental,6,2,4
43351,Redbulls,azralon,192,shaman,elemental,6,2,4
43352,Kanbar,emerald-dream,192,shaman,elemental,6,2,4
43353,Gomaliquida,quelthalas,192,shaman,elemental,6,2,4
43354,Drünk,hyjal,192,shaman,elemental,6,2,4
43355,Fromundcheez,kelthuzad,192,shaman,elemental,6,2,4
43356,Shåmwowz,sargeras,192,shaman,elemental,6,2,4
43357,Rinjio,zuljin,192,shaman,elemental,6,2,4
43358,Beazel,moon-guard,192,shaman,elemental,6,2,4
43359,Blastj,tichondrius,192,shaman,elemental,6,2,4
43360,Zugharder,illidan,192,shaman,elemental,6,2,4
43361,Grandpatits,illidan,192,shaman,elemental,6,2,4
43362,Yagers,illidan,192,shaman,elemental,6,2,4
43363,Oriyani,sargeras,192,shaman,elemental,6,2,4
43364,Niian,skullcrusher,192,shaman,elemental,6,2,4
43365,Zaxibow,area-52,192,shaman,elemental,6,2,4
43366,Killtotem,illidan,192,shaman,elemental,6,2,4
43367,Chadious,illidan,192,shaman,elemental,6,2,4
43368,Britisy,stormrage,192,shaman,elemental,6,2,4
43369,Jbahr,hyjal,192,shaman,elemental,6,2,4
43370,Aiggiggigne,sargeras,192,shaman,elemental,6,2,4
43371,Yellowfev,thrall,192,shaman,elemental,6,2,4
43372,Tartar,lightbringer,192,shaman,elemental,6,2,4
43373,Benserkr,lightbringer,192,shaman,elemental,6,2,4
43374,Zeldrys,emerald-dream,192,shaman,elemental,6,2,4
43375,Smellyogre,area-52,192,shaman,elemental,6,2,4
43376,Thormzz,tichondrius,192,shaman,elemental,6,2,4
43377,Stickshaman,sargeras,192,shaman,elemental,6,2,4
43378,Artnatu,nemesis,192,shaman,elemental,6,2,4
43379,Praisegodx,stormrage,192,shaman,elemental,6,2,4
43380,Nevershockx,kirin-tor,192,shaman,elemental,6,2,4
43381,Gorillox,chogall,192,shaman,elemental,6,2,4
43382,Hruggol,bleeding-hollow,192,shaman,elemental,6,2,4
43383,Quakestorm,stormrage,192,shaman,elemental,6,2,4
43384,Dxycollapse,illidan,192,shaman,elemental,6,2,4
43385,Matzahmeal,skywall,192,shaman,elemental,6,2,4
43386,Shablam,daggerspine,192,shaman,elemental,6,2,4
43387,Blaiserpub,tichondrius,192,shaman,elemental,6,2,4
43388,Funeropolis,stormrage,192,shaman,elemental,6,2,4
43389,Grandmaster,frostmourne,192,shaman,elemental,6,2,4
43390,Whitecake,frostmourne,192,shaman,elemental,6,2,4
43391,Puntress,barthilas,192,shaman,elemental,6,2,4
43392,Sid,frostmourne,192,shaman,elemental,6,2,4
43393,Heniu,tichondrius,192,shaman,elemental,6,2,4
43394,Trizzeh,moon-guard,192,shaman,elemental,6,2,4
43395,Zuroster,kiljaeden,192,shaman,elemental,7,2,5
43396,Martisor,barthilas,192,shaman,elemental,16,3,13
43397,Golemagg,frostmourne,192,shaman,elemental,12,2,10
43398,Mega,azralon,192,shaman,elemental,12,2,10
43399,Fulingyu,moon-guard,192,shaman,elemental,12,2,10
43400,Jedley,azshara,192,shaman,elemental,12,2,10
43401,Electrïck,tichondrius,192,shaman,elemental,12,2,10
43402,Thermopile,wildhammer,192,shaman,elemental,12,2,10
43403,Harrìson,tichondrius,192,shaman,elemental,12,2,10
43404,Fluffy,smolderthorn,192,shaman,elemental,12,2,10
43405,Telryndas,hyjal,192,shaman,elemental,12,2,10
43406,Jazzblast,tichondrius,192,shaman,elemental,12,2,10
43407,Gaboola,tichondrius,192,shaman,elemental,12,2,10
43408,Azl,guldan,192,shaman,elemental,13,2,11
43409,Bubbert,illidan,192,shaman,elemental,18,2,16
43410,Cyrah,azjolnerub,192,shaman,elemental,18,2,16
43411,Eleveil,emerald-dream,191,shaman,elemental,9,2,7
43412,Hakaskry,caelestrasz,191,shaman,elemental,12,2,10
43413,Statikrage,eonar,180,shaman,elemental,20,5,15
43414,Ramonsanchez,ragnaros,160,shaman,elemental,16,2,14
43415,Mentàl,baelgun,159,shaman,elemental,5,2,3
43416,Hazzardttvz,illidan,159,shaman,elemental,5,2,3
43417,Kidkovid,illidan,159,shaman,elemental,17,2,15
43418,Noslol,bronzebeard,138,shaman,elemental,9,3,6
43419,Uracemytotem,kiljaeden,138,shaman,elemental,10,3,7
43420,Mynigabob,zuljin,128,shaman,elemental,4,2,2
43421,Rahloo,sargeras,127,shaman,elemental,8,2,6
43422,Firevag,hakkar,96,shaman,elemental,6,1,5
43423,Sinsar,illidan,96,shaman,elemental,6,1,5
43424,Muruaic,dentarg,96,shaman,elemental,6,1,5
43425,Zral,emerald-dream,96,shaman,elemental,6,1,5
43426,Crigga,dalaran,96,shaman,elemental,6,1,5
43427,Roxastir,shattered-halls,96,shaman,elemental,6,1,5
43428,Hexondabeach,barthilas,96,shaman,elemental,6,1,5
43429,Highvoltagex,frostmourne,96,shaman,elemental,6,1,5
43430,Aegaeonlol,tichondrius,96,shaman,elemental,6,1,5
43431,Oakshield,darkspear,96,shaman,elemental,6,1,5
43432,Nerfmytotemz,frostmourne,96,shaman,elemental,6,1,5
43433,Oldshammy,eldrethalas,96,shaman,elemental,6,1,5
43434,Thunderbudx,stonemaul,96,shaman,elemental,6,1,5
43435,Khoden,emerald-dream,96,shaman,elemental,6,1,5
43436,Tatius,stormreaver,96,shaman,elemental,6,1,5
43437,Succies,emerald-dream,96,shaman,elemental,6,1,5
43438,Drmn,frostmourne,96,shaman,elemental,6,1,5
43439,Obiwonsamdi,illidan,96,shaman,elemental,6,1,5
43440,Toxidizetkö,azralon,96,shaman,elemental,6,1,5
43441,Ludacrìtz,stormrage,96,shaman,elemental,6,1,5
43442,Orruddon,thaurissan,96,shaman,elemental,6,1,5
43443,Zorgen,anvilmar,96,shaman,elemental,6,1,5
43444,Bullcowsby,darkspear,96,shaman,elemental,6,1,5
43445,Seanie,bleeding-hollow,96,shaman,elemental,6,1,5
43446,Ravaburst,sargeras,96,shaman,elemental,6,1,5
43447,Gan,silvermoon,96,shaman,elemental,6,1,5
43448,Bouje,frostmourne,96,shaman,elemental,6,1,5
43449,Parallels,blackrock,96,shaman,elemental,6,1,5
43450,Ggsggs,akama,96,shaman,elemental,6,1,5
43451,Cathxy,kelthuzad,96,shaman,elemental,6,1,5
43452,Youngmulakek,area-52,96,shaman,elemental,6,1,5
43453,Healsquish,area-52,96,shaman,elemental,6,1,5
43454,Detair,malganis,96,shaman,elemental,6,1,5
43455,Ognerkish,black-dragonflight,96,shaman,elemental,6,1,5
43456,Mcshockturds,tichondrius,96,shaman,elemental,6,1,5
43457,Snowzy,icecrown,96,shaman,elemental,6,1,5
43458,Mdawwg,kelthuzad,96,shaman,elemental,6,1,5
43459,Macdiesel,tichondrius,96,shaman,elemental,6,1,5
43460,Jalgago,tichondrius,96,shaman,elemental,6,1,5
43461,Mugiwára,ragnaros,96,shaman,elemental,6,1,5
43462,Teathin,ragnaros,96,shaman,elemental,6,1,5
43463,Macdab,malganis,96,shaman,elemental,6,1,5
43464,Girafasuarx,korgath,96,shaman,elemental,6,1,5
43465,Awakarn,emerald-dream,96,shaman,elemental,18,2,16
43466,Parlok,grizzly-hills,96,shaman,elemental,12,1,11
43467,Staticshock,darkspear,96,shaman,elemental,12,1,11
43468,Docadams,chogall,79,shaman,elemental,5,1,4
43469,Eleshamanz,tichondrius,79,shaman,elemental,5,1,4
43470,Camltotem,tichondrius,79,shaman,elemental,5,1,4
43471,Esbet,echo-isles,79,shaman,elemental,11,1,10
43472,Mcstop,tanaris,64,shaman,elemental,4,1,3
43473,Gurdle,frostwolf,48,shaman,elemental,3,1,2
43474,Hentaistorm,kiljaeden,48,shaman,elemental,3,1,2
43475,Hbjj,illidan,48,shaman,elemental,3,1,2
43476,Keyarga,ravencrest,42,shaman,elemental,11,2,9
43477,Hothouse,malganis,31,shaman,elemental,2,1,1
43478,Djskinflute,bleeding-hollow,16,shaman,elemental,1,1,0
43479,Elementium,azshara,16,shaman,elemental,1,1,0
43480,Jumoma,thrall,16,shaman,elemental,1,1,0
43481,Deldoduro,azralon,16,shaman,elemental,1,1,0
43482,Vanhalestorm,frostmourne,2264,shaman,enhancement,106,58,48
43483,Mítsurí,tichondrius,2244,shaman,enhancement,210,109,101
43484,Rauthgar,dalaran,2221,shaman,enhancement,114,66,48
43485,Saul,tichondrius,2218,shaman,enhancement,66,42,24
43486,Zarktwo,azralon,2205,shaman,enhancement,153,83,70
43487,Aýanokoji,tichondrius,2201,shaman,enhancement,137,74,63
43488,Bøulderfist,tichondrius,2168,shaman,enhancement,114,74,40
43489,Axegerd,quelthalas,2147,shaman,enhancement,242,132,110
43490,Opoy,sargeras,2142,shaman,enhancement,201,112,89
43491,Alleys,tichondrius,2141,shaman,enhancement,207,104,103
43492,Stew,illidan,2138,shaman,enhancement,125,67,58
43493,Crowns,tichondrius,2136,shaman,enhancement,114,59,55
43494,Nopnopajnin,tichondrius,2135,shaman,enhancement,112,57,55
43495,Hizúrú,tichondrius,2132,shaman,enhancement,60,36,24
43496,Skydre,area-52,2131,shaman,enhancement,89,54,35
43497,Jimmyjobs,tichondrius,2129,shaman,enhancement,114,70,44
43498,Pizzashaman,illidan,2128,shaman,enhancement,106,63,43
43499,Futeuncle,tichondrius,2123,shaman,enhancement,78,41,37
43500,Ftyue,area-52,2116,shaman,enhancement,112,59,53
43501,Rawdòggin,emerald-dream,2113,shaman,enhancement,71,45,26
43502,Musclebrainz,tichondrius,2112,shaman,enhancement,84,41,43
43503,Shapaman,tichondrius,2110,shaman,enhancement,77,53,24
43504,Bjorengahr,emerald-dream,2110,shaman,enhancement,83,53,30
43505,Smxxn,tichondrius,2110,shaman,enhancement,107,52,55
43506,Doomwìnds,stormrage,2108,shaman,enhancement,168,93,75
43507,Wetdraenei,moon-guard,2102,shaman,enhancement,271,152,119
43508,Musclebrain,tichondrius,2080,shaman,enhancement,168,84,84
43509,Baseballcap,sargeras,2070,shaman,enhancement,96,58,38
43510,Peynful,shadowsong,2063,shaman,enhancement,87,54,33
43511,Stormnala,zuljin,2058,shaman,enhancement,149,83,66
43512,Shylabuffkin,area-52,2050,shaman,enhancement,194,111,83
43513,Shakeys,tichondrius,2032,shaman,enhancement,71,45,26
43514,Zarasvati,tichondrius,2029,shaman,enhancement,167,88,79
43515,Shamsz,frostmourne,2028,shaman,enhancement,66,42,24
43516,Xiaoxiboy,tichondrius,2026,shaman,enhancement,60,38,22
43517,Tastydonut,blackrock,2026,shaman,enhancement,116,70,46
43518,Jazzlightnin,tichondrius,2018,shaman,enhancement,58,36,22
43519,Algresh,muradin,2018,shaman,enhancement,60,31,29
43520,Lustingchery,area-52,2017,shaman,enhancement,123,63,60
43521,Windshearbøt,tichondrius,2006,shaman,enhancement,77,47,30
43522,Shamguards,tichondrius,2004,shaman,enhancement,42,31,11
43523,Enhancex,frostwolf,2001,shaman,enhancement,68,36,32
43524,Oosheratchet,illidan,1992,shaman,enhancement,64,44,20
43525,Realypump,area-52,1988,shaman,enhancement,197,100,97
43526,Thiccsha,moon-guard,1985,shaman,enhancement,78,42,36
43527,Artenior,stormrage,1983,shaman,enhancement,107,58,49
43528,Dopeysimida,illidan,1976,shaman,enhancement,92,57,35
43529,Musclebrains,tichondrius,1969,shaman,enhancement,66,36,30
43530,Swolé,emerald-dream,1969,shaman,enhancement,401,196,205
43531,Windfury,chogall,1968,shaman,enhancement,96,51,45
43532,Gatorwaves,bleeding-hollow,1965,shaman,enhancement,54,32,22
43533,Shk,illidan,1964,shaman,enhancement,66,38,28
43534,Zootywild,tichondrius,1963,shaman,enhancement,123,69,54
43535,Tokyofresh,malganis,1960,shaman,enhancement,198,116,82
43536,Proctopus,moon-guard,1958,shaman,enhancement,142,77,65
43537,Spippippin,illidan,1958,shaman,enhancement,92,47,45
43538,Imchuckbass,tichondrius,1957,shaman,enhancement,110,58,52
43539,Rozboiclique,frostmourne,1956,shaman,enhancement,144,96,48
43540,Swrdfsh,tichondrius,1955,shaman,enhancement,240,125,115
43541,Typhe,bleeding-hollow,1954,shaman,enhancement,42,27,15
43542,Superchief,altar-of-storms,1954,shaman,enhancement,86,50,36
43543,Balgron,emerald-dream,1949,shaman,enhancement,52,26,26
43544,Ohmálley,tichondrius,1944,shaman,enhancement,62,40,22
43545,Grommi,proudmoore,1941,shaman,enhancement,357,177,180
43546,Ogeezkush,zuljin,1935,shaman,enhancement,160,93,67
43547,Kaediea,moon-guard,1932,shaman,enhancement,36,27,9
43548,Timzero,tichondrius,1930,shaman,enhancement,102,55,47
43549,Beañ,barthilas,1929,shaman,enhancement,317,164,153
43550,Xiaoxiaoxi,tichondrius,1924,shaman,enhancement,60,34,26
43551,Fwwrs,illidan,1919,shaman,enhancement,79,51,28
43552,Bestshamus,sargeras,1913,shaman,enhancement,77,46,31
43553,Temar,sargeras,1905,shaman,enhancement,81,54,27
43554,Earlainn,stormrage,1905,shaman,enhancement,84,48,36
43555,Scaman,tichondrius,1904,shaman,enhancement,24,20,4
43556,Chillpoppin,emerald-dream,1904,shaman,enhancement,42,31,11
43557,Cowaii,illidan,1904,shaman,enhancement,60,37,23
43558,Greenydapooh,nerzhul,1903,shaman,enhancement,60,40,20
43559,Meataballa,the-underbog,1902,shaman,enhancement,72,45,27
43560,Rukagar,barthilas,1902,shaman,enhancement,78,45,33
43561,Dalianyen,bladefist,1901,shaman,enhancement,58,34,24
43562,Sasageyo,tichondrius,1900,shaman,enhancement,37,24,13
43563,Keyturn,tichondrius,1899,shaman,enhancement,78,36,42
43564,Interruptbøt,tichondrius,1894,shaman,enhancement,41,27,14
43565,Eletastic,tichondrius,1894,shaman,enhancement,72,42,30
43566,Crownsx,tichondrius,1892,shaman,enhancement,67,30,37
43567,Stronghit,tichondrius,1889,shaman,enhancement,42,24,18
43568,Olxsixsm,illidan,1884,shaman,enhancement,74,48,26
43569,Gìmli,tichondrius,1882,shaman,enhancement,65,37,28
43570,Kiddfurious,kelthuzad,1881,shaman,enhancement,102,53,49
43571,Electricity,tichondrius,1880,shaman,enhancement,127,63,64
43572,Plsnerfret,stormrage,1876,shaman,enhancement,48,33,15
43573,Stormrageman,tichondrius,1875,shaman,enhancement,81,49,32
43574,Harrypotqueu,zuljin,1875,shaman,enhancement,72,40,32
43575,Vonvulviln,emerald-dream,1868,shaman,enhancement,76,41,35
43576,Dano,tichondrius,1867,shaman,enhancement,124,64,60
43577,Daysub,crushridge,1866,shaman,enhancement,48,29,19
43578,Jayhastotems,area-52,1864,shaman,enhancement,102,71,31
43579,Zarrka,tichondrius,1864,shaman,enhancement,36,20,16
43580,Taowth,tichondrius,1862,shaman,enhancement,35,20,15
43581,Kltz,sargeras,1861,shaman,enhancement,47,28,19
43582,Ëxceeder,ragnaros,1861,shaman,enhancement,138,78,60
43583,Shakeysham,tichondrius,1860,shaman,enhancement,30,22,8
43584,Lavamon,illidan,1860,shaman,enhancement,84,49,35
43585,Ballinhance,illidan,1858,shaman,enhancement,48,28,20
43586,Wonima,tichondrius,1858,shaman,enhancement,35,20,15
43587,Shamikazi,crushridge,1857,shaman,enhancement,194,115,79
43588,Taikø,area-52,1856,shaman,enhancement,42,25,17
43589,Loabud,tichondrius,1855,shaman,enhancement,58,37,21
43590,Lavitris,illidan,1854,shaman,enhancement,42,29,13
43591,Mcshockturds,tichondrius,1849,shaman,enhancement,143,82,61
43592,Gïrthquake,tichondrius,1849,shaman,enhancement,84,45,39
43593,Darkcnight,stormrage,1847,shaman,enhancement,81,49,32
43594,Antek,quelthalas,1847,shaman,enhancement,159,94,65
43595,Undertów,area-52,1847,shaman,enhancement,48,26,22
43596,Turdfergesen,destromath,1847,shaman,enhancement,76,41,35
43597,Xakaeri,hyjal,1844,shaman,enhancement,60,36,24
43598,Koalakisses,shadow-council,1842,shaman,enhancement,54,32,22
43599,Megalithic,moon-guard,1840,shaman,enhancement,62,44,18
43600,Ishano,area-52,1839,shaman,enhancement,48,23,25
43601,Bodai,magtheridon,1838,shaman,enhancement,54,36,18
43602,Dcg,hyjal,1838,shaman,enhancement,65,33,32
43603,Berxek,tichondrius,1835,shaman,enhancement,48,27,21
43604,Thuntard,bleeding-hollow,1835,shaman,enhancement,66,33,33
43605,Hallofcost,illidan,1834,shaman,enhancement,96,59,37
43606,Blueraccoon,tichondrius,1830,shaman,enhancement,63,38,25
43607,Turbowolf,sargeras,1829,shaman,enhancement,104,47,57
43608,Watergirl,thaurissan,1826,shaman,enhancement,188,92,96
43609,Nomoreswap,zuljin,1825,shaman,enhancement,54,38,16
43610,Shamanabuser,illidan,1825,shaman,enhancement,60,27,33
43611,Flabby,lightbringer,1823,shaman,enhancement,54,26,28
43612,Jokerxksx,tichondrius,1822,shaman,enhancement,72,43,29
43613,Midwestern,emerald-dream,1822,shaman,enhancement,44,26,18
43614,Metako,sargeras,1822,shaman,enhancement,83,47,36
43615,Hooftoface,moon-guard,1822,shaman,enhancement,78,43,35
43616,Struck,emerald-dream,1821,shaman,enhancement,226,136,90
43617,Gladdorta,azralon,1821,shaman,enhancement,54,30,24
43618,Btruez,tichondrius,1819,shaman,enhancement,63,35,28
43619,Thunderlaw,area-52,1819,shaman,enhancement,82,44,38
43620,Whírlwínd,area-52,1818,shaman,enhancement,30,19,11
43621,Addroi,tichondrius,1818,shaman,enhancement,60,28,32
43622,Thromjin,ragnaros,1817,shaman,enhancement,83,51,32
43623,Léxar,sargeras,1817,shaman,enhancement,72,33,39
43624,Cunkinator,stormrage,1815,shaman,enhancement,115,74,41
43625,Riptiedx,barthilas,1815,shaman,enhancement,48,29,19
43626,Sarthuul,emerald-dream,1814,shaman,enhancement,48,30,18
43627,Thrallas,frostmourne,1814,shaman,enhancement,54,33,21
43628,Boombigshaq,ysera,1813,shaman,enhancement,38,25,13
43629,Louiev,bleeding-hollow,1812,shaman,enhancement,48,28,20
43630,Pinechanga,ragnaros,1812,shaman,enhancement,60,33,27
43631,Legendslayar,area-52,1811,shaman,enhancement,42,27,15
43632,Drakhe,proudmoore,1811,shaman,enhancement,232,128,104
43633,Nygiants,tichondrius,1810,shaman,enhancement,24,19,5
43634,Xibalba,khaz-modan,1810,shaman,enhancement,96,57,39
43635,Sassyx,steamwheedle-cartel,1810,shaman,enhancement,48,27,21
43636,Iamashaman,malganis,1810,shaman,enhancement,302,154,148
43637,Bikboisteez,barthilas,1808,shaman,enhancement,92,47,45
43638,Lashandtrash,tichondrius,1806,shaman,enhancement,30,19,11
43639,Napski,cenarius,1806,shaman,enhancement,78,36,42
43640,Boboyaga,emerald-dream,1805,shaman,enhancement,54,29,25
43641,Niuniudada,illidan,1805,shaman,enhancement,84,39,45
43642,Stonetides,tichondrius,1804,shaman,enhancement,36,26,10
43643,Mercó,bleeding-hollow,1803,shaman,enhancement,54,31,23
43644,Madonion,zuljin,1803,shaman,enhancement,60,31,29
43645,Yucasinmojo,illidan,1801,shaman,enhancement,43,28,15
43646,Blakki,barthilas,1801,shaman,enhancement,66,40,26
43647,Eityhdz,tichondrius,1798,shaman,enhancement,413,209,204
43648,Landlordxx,area-52,1795,shaman,enhancement,52,32,20
43649,Norlak,antonidas,1794,shaman,enhancement,90,44,46
43650,Muisor,quelthalas,1792,shaman,enhancement,66,37,29
43651,Dorta,azralon,1792,shaman,enhancement,54,30,24
43652,Jyupaonaiwa,tichondrius,1792,shaman,enhancement,48,25,23
43653,Konfuzious,emerald-dream,1791,shaman,enhancement,141,79,62
43654,Pingatronx,ragnaros,1786,shaman,enhancement,90,64,26
43655,Zanderpla,kelthuzad,1783,shaman,enhancement,90,47,43
43656,Wautyriex,area-52,1783,shaman,enhancement,48,23,25
43657,Cammeez,area-52,1781,shaman,enhancement,121,62,59
43658,Adalid,thrall,1780,shaman,enhancement,54,39,15
43659,Xaltas,moon-guard,1779,shaman,enhancement,96,60,36
43660,Heisna,stormrage,1779,shaman,enhancement,289,153,136
43661,Garai,emerald-dream,1775,shaman,enhancement,135,69,66
43662,Krovn,stormrage,1772,shaman,enhancement,60,33,27
43663,Deandre,illidan,1768,shaman,enhancement,42,22,20
43664,Novedz,illidan,1767,shaman,enhancement,62,32,30
43665,Dønkx,tichondrius,1766,shaman,enhancement,41,23,18
43666,Sheared,emerald-dream,1765,shaman,enhancement,72,45,27
43667,Shinian,tichondrius,1765,shaman,enhancement,63,38,25
43668,Hooluu,frostmourne,1764,shaman,enhancement,48,27,21
43669,Stewtwo,illidan,1758,shaman,enhancement,45,25,20
43670,Biubiuz,tichondrius,1757,shaman,enhancement,102,63,39
43671,Faultline,khadgar,1752,shaman,enhancement,55,36,19
43672,Tdlz,tichondrius,1752,shaman,enhancement,110,67,43
43673,Beaviis,frostmourne,1752,shaman,enhancement,54,30,24
43674,Yakora,stormrage,1749,shaman,enhancement,108,61,47
43675,Soshatsumi,tichondrius,1749,shaman,enhancement,76,42,34
43676,Shocksrus,arthas,1747,shaman,enhancement,78,44,34
43677,Kalvishdam,dalaran,1746,shaman,enhancement,36,25,11
43678,Kushnations,chogall,1746,shaman,enhancement,38,20,18
43679,Overpowered,korgath,1745,shaman,enhancement,40,21,19
43680,Vulcänyr,quelthalas,1742,shaman,enhancement,48,28,20
43681,Youngmulakek,area-52,1741,shaman,enhancement,113,72,41
43682,Doomberrie,thrall,1741,shaman,enhancement,126,67,59
43683,Sin,bleeding-hollow,1740,shaman,enhancement,29,19,10
43684,Valkriie,tichondrius,1736,shaman,enhancement,37,22,15
43685,Worthquake,illidan,1731,shaman,enhancement,66,38,28
43686,Badshock,tichondrius,1730,shaman,enhancement,24,22,2
43687,Nonomori,frostmourne,1729,shaman,enhancement,60,34,26
43688,Clappadactyl,frostmourne,1729,shaman,enhancement,205,112,93
43689,Nibrax,moknathal,1729,shaman,enhancement,54,26,28
43690,Doex,thrall,1723,shaman,enhancement,48,26,22
43691,Reflexsivx,malganis,1722,shaman,enhancement,48,29,19
43692,Shearx,illidan,1722,shaman,enhancement,75,43,32
43693,Nøname,azshara,1722,shaman,enhancement,233,121,112
43694,Poizele,tichondrius,1717,shaman,enhancement,294,164,130
43695,Freyía,illidan,1712,shaman,enhancement,24,18,6
43696,Cwippin,tichondrius,1712,shaman,enhancement,134,77,57
43697,Døømsdáy,thrall,1711,shaman,enhancement,114,63,51
43698,Rngena,trollbane,1706,shaman,enhancement,30,18,12
43699,Wrathics,emerald-dream,1702,shaman,enhancement,60,32,28
43700,Sonofabat,spirestone,1702,shaman,enhancement,218,115,103
43701,Dä,tichondrius,1702,shaman,enhancement,36,18,18
43702,Plzbuffme,dalaran,1700,shaman,enhancement,78,46,32
43703,Bbshock,stormrage,1698,shaman,enhancement,84,50,34
43704,Halfzugzug,sargeras,1697,shaman,enhancement,36,24,12
43705,Axelsteel,illidan,1697,shaman,enhancement,48,21,27
43706,Toobeastly,deathwing,1696,shaman,enhancement,81,45,36
43707,Bitsuey,frostmourne,1696,shaman,enhancement,84,46,38
43708,Stonetrog,blackrock,1695,shaman,enhancement,24,19,5
43709,Synivabyatch,eonar,1695,shaman,enhancement,78,44,34
43710,Tkarfuno,exodar,1694,shaman,enhancement,66,34,32
43711,Miketideson,proudmoore,1693,shaman,enhancement,72,38,34
43712,Seltheran,tichondrius,1691,shaman,enhancement,42,29,13
43713,Zappithorus,stormrage,1691,shaman,enhancement,36,24,12
43714,Asumo,azralon,1689,shaman,enhancement,111,59,52
43715,Shamezee,stormreaver,1689,shaman,enhancement,47,22,25
43716,Nyckysh,illidan,1688,shaman,enhancement,106,56,50
43717,Jàro,thrall,1688,shaman,enhancement,42,20,22
43718,Zeûs,lightbringer,1687,shaman,enhancement,36,18,18
43719,Elryl,sargeras,1686,shaman,enhancement,116,64,52
43720,Shamgawd,illidan,1686,shaman,enhancement,51,28,23
43721,Gorgonash,magtheridon,1684,shaman,enhancement,42,22,20
43722,Geeblast,area-52,1683,shaman,enhancement,79,47,32
43723,Platanos,proudmoore,1682,shaman,enhancement,152,81,71
43724,Durozu,tichondrius,1682,shaman,enhancement,36,18,18
43725,Vortexfury,area-52,1682,shaman,enhancement,42,20,22
43726,Pla,tichondrius,1681,shaman,enhancement,174,97,77
43727,Täcti,tichondrius,1681,shaman,enhancement,93,51,42
43728,Shamungodc,tichondrius,1681,shaman,enhancement,50,25,25
43729,Haishoe,stormrage,1677,shaman,enhancement,58,35,23
43730,Shamom,silver-hand,1677,shaman,enhancement,136,78,58
43731,Lagroupie,ragnaros,1675,shaman,enhancement,35,23,12
43732,Sinestario,illidan,1673,shaman,enhancement,136,77,59
43733,Gorillahazed,tichondrius,1670,shaman,enhancement,165,84,81
43734,Volkuul,zuljin,1669,shaman,enhancement,72,40,32
43735,Onlyshams,dalaran,1666,shaman,enhancement,36,22,14
43736,Hecks,malorne,1664,shaman,enhancement,96,51,45
43737,Hurrikaine,dalaran,1663,shaman,enhancement,158,84,74
43738,Tandrian,daggerspine,1662,shaman,enhancement,36,18,18
43739,Shockmehard,area-52,1661,shaman,enhancement,95,73,22
43740,Somebozo,darkspear,1659,shaman,enhancement,151,80,71
43741,Harrìson,tichondrius,1656,shaman,enhancement,41,21,20
43742,Furrybâstard,wyrmrest-accord,1654,shaman,enhancement,102,59,43
43743,Windflex,emerald-dream,1651,shaman,enhancement,85,43,42
43744,Slapnarp,wyrmrest-accord,1649,shaman,enhancement,90,43,47
43745,Roysoy,stormrage,1648,shaman,enhancement,72,45,27
43746,Judgeesham,bleeding-hollow,1647,shaman,enhancement,45,23,22
43747,Vultan,winterhoof,1645,shaman,enhancement,36,25,11
43748,Mobi,tichondrius,1644,shaman,enhancement,42,22,20
43749,Elemores,tichondrius,1642,shaman,enhancement,66,40,26
43750,Çhïcagø,aegwynn,1640,shaman,enhancement,59,24,35
43751,Murig,bladefist,1638,shaman,enhancement,57,34,23
43752,Ràntòn,bleeding-hollow,1637,shaman,enhancement,35,24,11
43753,Slothycrit,emerald-dream,1637,shaman,enhancement,36,20,16
43754,Shinydiglett,area-52,1637,shaman,enhancement,36,20,16
43755,Seanan,tichondrius,1635,shaman,enhancement,48,31,17
43756,Askpuntee,sargeras,1635,shaman,enhancement,42,25,17
43757,Egirlshmu,stormrage,1634,shaman,enhancement,54,32,22
43758,Anadal,kargath,1634,shaman,enhancement,48,22,26
43759,Deww,sargeras,1632,shaman,enhancement,76,39,37
43760,Orkuss,illidan,1631,shaman,enhancement,48,25,23
43761,Thunderchad,jubeithos,1631,shaman,enhancement,50,25,25
43762,Tettnanger,azralon,1630,shaman,enhancement,31,19,12
43763,Slashpity,stormrage,1630,shaman,enhancement,63,33,30
43764,Olíndo,tichondrius,1629,shaman,enhancement,36,23,13
43765,Shámdemons,area-52,1629,shaman,enhancement,96,58,38
43766,Omaguap,tichondrius,1628,shaman,enhancement,50,29,21
43767,Nøtørious,thrall,1627,shaman,enhancement,18,17,1
43768,Ironaddictz,kiljaeden,1627,shaman,enhancement,70,39,31
43769,Blackenergy,stormrage,1627,shaman,enhancement,74,40,34
43770,Shakerina,azralon,1627,shaman,enhancement,98,46,52
43771,Wingshaman,illidan,1626,shaman,enhancement,220,114,106
43772,Thewindman,sargeras,1626,shaman,enhancement,90,46,44
43773,Hxzard,stormrage,1626,shaman,enhancement,36,17,19
43774,Åvarice,shattered-halls,1626,shaman,enhancement,54,22,32
43775,Alablast,malganis,1625,shaman,enhancement,36,21,15
43776,Bigsquatzy,bleeding-hollow,1625,shaman,enhancement,30,17,13
43777,Shockdome,daggerspine,1624,shaman,enhancement,33,23,10
43778,Zapnclap,tichondrius,1623,shaman,enhancement,42,24,18
43779,Eliteshamann,tichondrius,1623,shaman,enhancement,66,37,29
43780,Dankthunda,stormrage,1622,shaman,enhancement,126,71,55
43781,Hehew,kelthuzad,1621,shaman,enhancement,77,47,30
43782,Venmoo,illidan,1620,shaman,enhancement,42,20,22
43783,Ceasebelief,tichondrius,1619,shaman,enhancement,30,21,9
43784,Deyodin,illidan,1619,shaman,enhancement,26,18,8
43785,Frëdstorm,kelthuzad,1619,shaman,enhancement,197,99,98
43786,Krûde,tichondrius,1618,shaman,enhancement,113,67,46
43787,Totegoat,nazjatar,1618,shaman,enhancement,54,28,26
43788,Justkitettv,stormrage,1616,shaman,enhancement,30,20,10
43789,Ryziax,tichondrius,1616,shaman,enhancement,41,23,18
43790,Dimitrio,azralon,1616,shaman,enhancement,100,54,46
43791,Forksin,tichondrius,1615,shaman,enhancement,48,20,28
43792,Split,zuljin,1614,shaman,enhancement,196,108,88
43793,Stýlébéñdér,kelthuzad,1613,shaman,enhancement,24,17,7
43794,Ryuuraix,area-52,1610,shaman,enhancement,27,18,9
43795,Feroxture,frostmourne,1610,shaman,enhancement,66,38,28
43796,Xlianah,zuljin,1609,shaman,enhancement,54,28,26
43797,Shabenn,proudmoore,1608,shaman,enhancement,139,71,68
43798,Robdaman,tichondrius,1607,shaman,enhancement,24,18,6
43799,Daddymacktv,malganis,1607,shaman,enhancement,74,39,35
43800,Smash,fenris,1606,shaman,enhancement,91,47,44
43801,Stormbash,ragnaros,1606,shaman,enhancement,72,30,42
43802,Moistydank,tichondrius,1605,shaman,enhancement,66,46,20
43803,Rêngoku,dalaran,1604,shaman,enhancement,30,22,8
43804,Anzet,ragnaros,1604,shaman,enhancement,30,19,11
43805,Tuugo,mannoroth,1603,shaman,enhancement,30,18,12
43806,Totemnikiel,stormrage,1602,shaman,enhancement,90,42,48
43807,Bòómz,stormrage,1601,shaman,enhancement,328,162,166
43808,Torgami,tichondrius,1598,shaman,enhancement,49,30,19
43809,Hellamental,malganis,1598,shaman,enhancement,42,22,20
43810,Revtide,thrall,1597,shaman,enhancement,30,19,11
43811,Eyecandi,barthilas,1595,shaman,enhancement,151,76,75
43812,Aibheit,area-52,1592,shaman,enhancement,24,22,2
43813,Fhenh,proudmoore,1588,shaman,enhancement,119,69,50
43814,Soupi,illidan,1588,shaman,enhancement,102,56,46
43815,Keeba,wyrmrest-accord,1587,shaman,enhancement,54,29,25
43816,Mobiediqônú,skywall,1586,shaman,enhancement,36,19,17
43817,Tootshock,illidan,1585,shaman,enhancement,48,24,24
43818,Deemmorti,stormrage,1584,shaman,enhancement,46,26,20
43819,Niceshoe,tichondrius,1582,shaman,enhancement,41,20,21
43820,Tumble,frostmourne,1581,shaman,enhancement,116,65,51
43821,Olani,nesingwary,1581,shaman,enhancement,35,18,17
43822,Zavar,tichondrius,1579,shaman,enhancement,77,40,37
43823,Kindaretro,tichondrius,1574,shaman,enhancement,48,29,19
43824,Gambazzlok,terokkar,1574,shaman,enhancement,48,28,20
43825,Jerykco,drakkari,1573,shaman,enhancement,54,28,26
43826,Thunda,black-dragonflight,1572,shaman,enhancement,30,21,9
43827,Zeroshocks,kelthuzad,1572,shaman,enhancement,30,19,11
43828,Shamanees,area-52,1572,shaman,enhancement,147,73,74
43829,Nÿh,quelthalas,1569,shaman,enhancement,48,27,21
43830,Ðr,earthen-ring,1569,shaman,enhancement,104,57,47
43831,Killbro,blackrock,1567,shaman,enhancement,175,94,81
43832,Aoshiferuzz,ragnaros,1566,shaman,enhancement,78,43,35
43833,Shmnsm,kiljaeden,1565,shaman,enhancement,42,18,24
43834,Wortwort,tichondrius,1564,shaman,enhancement,105,53,52
43835,Khormac,moon-guard,1563,shaman,enhancement,69,47,22
43836,Volsdeep,illidan,1563,shaman,enhancement,64,34,30
43837,Zmogon,quelthalas,1563,shaman,enhancement,50,24,26
43838,Lyrzsa,blackwing-lair,1562,shaman,enhancement,74,46,28
43839,Uracemytotem,kiljaeden,1562,shaman,enhancement,84,51,33
43840,Juliojones,trollbane,1562,shaman,enhancement,36,18,18
43841,Shamcowhah,frostmourne,1562,shaman,enhancement,36,17,19
43842,Shockszz,onyxia,1561,shaman,enhancement,36,20,16
43843,ßurstmedaddy,bleeding-hollow,1557,shaman,enhancement,36,27,9
43844,Loadiez,frostmourne,1555,shaman,enhancement,36,25,11
43845,Cayed,stormscale,1553,shaman,enhancement,90,47,43
43846,Dirtyunique,tichondrius,1549,shaman,enhancement,84,49,35
43847,Speedrush,nagrand,1545,shaman,enhancement,98,55,43
43848,Armîn,moon-guard,1544,shaman,enhancement,54,33,21
43849,Lavawreckage,malganis,1544,shaman,enhancement,122,66,56
43850,Udb,the-scryers,1542,shaman,enhancement,53,32,21
43851,Mindfields,barthilas,1542,shaman,enhancement,73,42,31
43852,Kohatan,moon-guard,1541,shaman,enhancement,80,46,34
43853,Shamwik,frostmourne,1539,shaman,enhancement,41,24,17
43854,Grx,tichondrius,1539,shaman,enhancement,41,22,19
43855,Elementalïst,durotan,1538,shaman,enhancement,30,19,11
43856,Lenin,nathrezim,1538,shaman,enhancement,54,30,24
43857,Heäven,malganis,1538,shaman,enhancement,168,90,78
43858,Small,alleria,1538,shaman,enhancement,60,32,28
43859,Pedaphil,frostmourne,1534,shaman,enhancement,24,16,8
43860,Thilv,ravenholdt,1534,shaman,enhancement,48,27,21
43861,Shamgødx,dalaran,1533,shaman,enhancement,18,16,2
43862,Derzwaz,draka,1532,shaman,enhancement,29,17,12
43863,Killavicious,area-52,1531,shaman,enhancement,84,39,45
43864,Larrylardazz,tichondrius,1530,shaman,enhancement,86,52,34
43865,Zugzugenh,stormrage,1530,shaman,enhancement,46,25,21
43866,Azumaa,tichondrius,1530,shaman,enhancement,42,21,21
43867,Atthegates,illidan,1530,shaman,enhancement,144,66,78
43868,Riptideafk,sargeras,1529,shaman,enhancement,33,17,16
43869,Shamwows,dalaran,1527,shaman,enhancement,171,84,87
43870,Gordonramsai,sargeras,1526,shaman,enhancement,30,21,9
43871,Meiku,emerald-dream,1526,shaman,enhancement,30,16,14
43872,Smartbunny,illidan,1526,shaman,enhancement,276,136,140
43873,Slapchainz,tichondrius,1519,shaman,enhancement,36,18,18
43874,Solka,illidan,1518,shaman,enhancement,54,32,22
43875,Tyranitaur,frostmourne,1518,shaman,enhancement,66,28,38
43876,Jumoma,thrall,1515,shaman,enhancement,36,23,13
43877,Bräindëad,hyjal,1514,shaman,enhancement,96,53,43
43878,Flirstatic,nemesis,1512,shaman,enhancement,135,73,62
43879,Mixn,frostmourne,1509,shaman,enhancement,101,59,42
43880,Prymalfury,illidan,1508,shaman,enhancement,120,62,58
43881,Deshamann,illidan,1507,shaman,enhancement,59,24,35
43882,Seltherann,tichondrius,1505,shaman,enhancement,24,16,8
43883,Feesstt,malganis,1505,shaman,enhancement,30,18,12
43884,Elementin,kelthuzad,1503,shaman,enhancement,96,46,50
43885,Yildiri,area-52,1501,shaman,enhancement,18,16,2
43886,Kronkxd,malganis,1501,shaman,enhancement,30,16,14
43887,Pockethealer,emerald-dream,1497,shaman,enhancement,131,71,60
43888,Ephraalin,frostmourne,1496,shaman,enhancement,36,17,19
43889,Earthfirex,ragnaros,1493,shaman,enhancement,48,25,23
43890,Hephron,area-52,1493,shaman,enhancement,72,32,40
43891,Shockolatte,sargeras,1492,shaman,enhancement,97,42,55
43892,Quakenbake,emerald-dream,1491,shaman,enhancement,33,20,13
43893,Kushgodd,kiljaeden,1491,shaman,enhancement,42,24,18
43894,Jäyp,thrall,1490,shaman,enhancement,68,38,30
43895,Hungnuts,sargeras,1487,shaman,enhancement,124,67,57
43896,Clenlift,emerald-dream,1487,shaman,enhancement,180,95,85
43897,Jamieslays,korgath,1487,shaman,enhancement,53,24,29
43898,Chaposz,tichondrius,1486,shaman,enhancement,91,48,43
43899,Dilfmaster,tichondrius,1486,shaman,enhancement,71,36,35
43900,Shoresy,kaelthas,1485,shaman,enhancement,54,28,26
43901,Arázi,wyrmrest-accord,1485,shaman,enhancement,41,16,25
43902,Konga,korialstrasz,1483,shaman,enhancement,38,22,16
43903,Swartzqt,tichondrius,1483,shaman,enhancement,36,16,20
43904,Arlikai,arthas,1483,shaman,enhancement,95,39,56
43905,Saphage,tichondrius,1482,shaman,enhancement,42,22,20
43906,Ragnarocck,sargeras,1479,shaman,enhancement,75,36,39
43907,Dashmmy,dalaran,1478,shaman,enhancement,54,26,28
43908,Iamurfather,magtheridon,1477,shaman,enhancement,143,74,69
43909,Armønixx,ragnaros,1476,shaman,enhancement,120,65,55
43910,Tyven,tichondrius,1476,shaman,enhancement,48,21,27
43911,Falasha,bloodscalp,1475,shaman,enhancement,46,27,19
43912,Maribain,barthilas,1472,shaman,enhancement,112,65,47
43913,Zizö,barthilas,1472,shaman,enhancement,36,19,17
43914,Abigdude,frostmourne,1471,shaman,enhancement,131,69,62
43915,Lakindrentv,gorefiend,1467,shaman,enhancement,30,17,13
43916,Mackandal,tichondrius,1466,shaman,enhancement,86,43,43
43917,Skyzik,area-52,1465,shaman,enhancement,54,34,20
43918,Justincasé,sargeras,1465,shaman,enhancement,78,36,42
43919,Beaversniper,tichondrius,1465,shaman,enhancement,84,38,46
43920,Hyjixtv,stormrage,1464,shaman,enhancement,24,18,6
43921,Woof,agamaggan,1464,shaman,enhancement,30,16,14
43922,Earthlsflat,tichondrius,1463,shaman,enhancement,31,21,10
43923,Daddyzap,stormrage,1462,shaman,enhancement,104,58,46
43924,Lavabone,dalaran,1459,shaman,enhancement,66,28,38
43925,Sndhlp,tichondrius,1457,shaman,enhancement,46,29,17
43926,Raxabico,nemesis,1457,shaman,enhancement,38,17,21
43927,Rexoss,hyjal,1454,shaman,enhancement,123,64,59
43928,Amasaei,bleeding-hollow,1453,shaman,enhancement,54,26,28
43929,Vanklayser,ragnaros,1451,shaman,enhancement,54,24,30
43930,Scrötotem,saurfang,1450,shaman,enhancement,83,47,36
43931,Lamagra,nemesis,1449,shaman,enhancement,30,19,11
43932,Goribash,wyrmrest-accord,1449,shaman,enhancement,42,26,16
43933,Zheúz,azralon,1446,shaman,enhancement,56,31,25
43934,Calich,kelthuzad,1445,shaman,enhancement,38,23,15
43935,Odïn,tichondrius,1444,shaman,enhancement,54,33,21
43936,Borwald,dalaran,1442,shaman,enhancement,124,66,58
43937,Nohandslost,tichondrius,1441,shaman,enhancement,32,25,7
43938,Makocc,tichondrius,1440,shaman,enhancement,74,33,41
43939,Drakkaa,tichondrius,1439,shaman,enhancement,31,20,11
43940,Sswf,auchindoun,1439,shaman,enhancement,24,15,9
43941,Cyclrin,sargeras,1439,shaman,enhancement,24,15,9
43942,Teeroll,frostmourne,1439,shaman,enhancement,41,25,16
43943,Exxosenh,tichondrius,1438,shaman,enhancement,18,15,3
43944,Tamtam,gorefiend,1438,shaman,enhancement,24,15,9
43945,Futeboy,tichondrius,1438,shaman,enhancement,30,15,15
43946,Gundar,chogall,1436,shaman,enhancement,56,31,25
43947,Kinzle,tichondrius,1436,shaman,enhancement,36,15,21
43948,Qvibin,tichondrius,1435,shaman,enhancement,30,21,9
43949,Arque,stormrage,1435,shaman,enhancement,78,49,29
43950,Tungusk,tichondrius,1435,shaman,enhancement,24,15,9
43951,Däbü,tichondrius,1435,shaman,enhancement,30,15,15
43952,Friednocap,kelthuzad,1435,shaman,enhancement,48,21,27
43953,Wecookin,frostwolf,1433,shaman,enhancement,18,15,3
43954,Rojhaz,stormrage,1433,shaman,enhancement,48,28,20
43955,Cuzcuz,tichondrius,1431,shaman,enhancement,24,15,9
43956,Whydead,sargeras,1431,shaman,enhancement,72,40,32
43957,Fujinx,medivh,1430,shaman,enhancement,24,15,9
43958,Djasura,blackhand,1430,shaman,enhancement,53,29,24
43959,Defiant,azgalor,1429,shaman,enhancement,30,15,15
43960,Shalkahn,malganis,1429,shaman,enhancement,53,22,31
43961,Vapus,area-52,1428,shaman,enhancement,112,63,49
43962,Earfshock,thrall,1428,shaman,enhancement,74,41,33
43963,Convolutedx,tichondrius,1427,shaman,enhancement,30,15,15
43964,Grippysockz,dalaran,1424,shaman,enhancement,24,15,9
43965,Cowely,madoran,1423,shaman,enhancement,30,17,13
43966,Sockittooya,bleeding-hollow,1422,shaman,enhancement,54,34,20
43967,Rtÿo,area-52,1422,shaman,enhancement,24,15,9
43968,Raazzasham,moon-guard,1422,shaman,enhancement,65,34,31
43969,Silyshamshyt,stormrage,1421,shaman,enhancement,24,15,9
43970,Ginjij,thrall,1419,shaman,enhancement,24,15,9
43971,Usul,frostmane,1417,shaman,enhancement,103,55,48
43972,Clownshòes,tichondrius,1415,shaman,enhancement,42,26,16
43973,Mudroller,moon-guard,1414,shaman,enhancement,52,24,28
43974,Spacex,velen,1413,shaman,enhancement,36,16,20
43975,Lavalavalava,dentarg,1412,shaman,enhancement,24,17,7
43976,Getacho,stormrage,1407,shaman,enhancement,120,55,65
43977,Raylord,ragnaros,1406,shaman,enhancement,131,72,59
43978,Firevag,hakkar,1405,shaman,enhancement,135,73,62
43979,Nankdug,tichondrius,1405,shaman,enhancement,47,25,22
43980,Zzar,daggerspine,1404,shaman,enhancement,42,23,19
43981,Jummyman,area-52,1403,shaman,enhancement,35,23,12
43982,Neyter,azralon,1402,shaman,enhancement,90,57,33
43983,Drumman,skullcrusher,1401,shaman,enhancement,100,56,44
43984,Lüca,wyrmrest-accord,1401,shaman,enhancement,211,109,102
43985,Surtel,tichondrius,1401,shaman,enhancement,66,28,38
43986,Talfur,area-52,1400,shaman,enhancement,42,23,19
43987,Nyxxus,tichondrius,1399,shaman,enhancement,30,19,11
43988,Ventus,thrall,1399,shaman,enhancement,60,27,33
43989,Dugomik,malganis,1398,shaman,enhancement,83,44,39
43990,Scrototëm,azralon,1398,shaman,enhancement,57,27,30
43991,Gaelfury,malganis,1396,shaman,enhancement,48,23,25
43992,Djelemental,darkspear,1394,shaman,enhancement,27,17,10
43993,Xillas,moon-guard,1393,shaman,enhancement,30,17,13
43994,Shamann,azshara,1393,shaman,enhancement,57,29,28
43995,Neyavv,tichondrius,1392,shaman,enhancement,145,72,73
43996,Stickysham,illidan,1391,shaman,enhancement,42,26,16
43997,Dashinra,stormrage,1391,shaman,enhancement,38,20,18
43998,Töpg,garrosh,1389,shaman,enhancement,34,16,18
43999,Groundfaults,bleeding-hollow,1389,shaman,enhancement,35,15,20
44000,Shipmatekev,sargeras,1386,shaman,enhancement,54,29,25
44001,Forloren,zuljin,1386,shaman,enhancement,40,19,21
44002,Zktz,warsong,1385,shaman,enhancement,31,17,14
44003,Rbmx,frostmourne,1384,shaman,enhancement,70,41,29
44004,Tamzlol,the-forgotten-coast,1378,shaman,enhancement,36,20,16
44005,Lazugga,area-52,1378,shaman,enhancement,80,42,38
44006,Tyzek,illidan,1375,shaman,enhancement,42,26,16
44007,Stubbywayne,area-52,1374,shaman,enhancement,184,90,94
44008,Gettatotem,frostmourne,1373,shaman,enhancement,30,17,13
44009,Shamrockcawk,malganis,1372,shaman,enhancement,30,21,9
44010,Prasu,spirestone,1372,shaman,enhancement,70,33,37
44011,Tigtotem,malganis,1365,shaman,enhancement,24,16,8
44012,Psilocypher,nazjatar,1362,shaman,enhancement,32,23,9
44013,Montí,moon-guard,1361,shaman,enhancement,83,51,32
44014,Grohltusk,barthilas,1360,shaman,enhancement,42,24,18
44015,Johnwilke,area-52,1356,shaman,enhancement,119,59,60
44016,Murlook,sargeras,1354,shaman,enhancement,67,44,23
44017,Hagass,tichondrius,1354,shaman,enhancement,55,26,29
44018,Isbabani,moon-guard,1353,shaman,enhancement,30,16,14
44019,Monadazs,ragnaros,1351,shaman,enhancement,50,26,24
44020,Trashfarmer,tichondrius,1351,shaman,enhancement,114,54,60
44021,Orcshamen,tichondrius,1347,shaman,enhancement,42,24,18
44022,Mybadshawty,tichondrius,1347,shaman,enhancement,72,32,40
44023,Bessame,sargeras,1346,shaman,enhancement,94,48,46
44024,Trenbolone,maiev,1345,shaman,enhancement,71,43,28
44025,Keyturns,tichondrius,1342,shaman,enhancement,18,14,4
44026,Døømwinds,tichondrius,1342,shaman,enhancement,24,14,10
44027,Tsaheylu,barthilas,1342,shaman,enhancement,48,22,26
44028,Magmao,quelthalas,1341,shaman,enhancement,71,43,28
44029,Clumpen,thunderhorn,1341,shaman,enhancement,29,16,13
44030,Stormwolf,emerald-dream,1341,shaman,enhancement,42,23,19
44031,Joeschno,bleeding-hollow,1341,shaman,enhancement,41,16,25
44032,Crøwgød,tichondrius,1340,shaman,enhancement,24,14,10
44033,Stormgraves,moon-guard,1337,shaman,enhancement,24,14,10
44034,Meewo,sargeras,1337,shaman,enhancement,24,14,10
44035,Orcmanshamn,moon-guard,1336,shaman,enhancement,50,24,26
44036,Leaning,wyrmrest-accord,1335,shaman,enhancement,24,14,10
44037,Electabuzz,arygos,1335,shaman,enhancement,30,15,15
44038,Vlackz,quelthalas,1334,shaman,enhancement,42,22,20
44039,Aldinatir,ragnaros,1332,shaman,enhancement,24,14,10
44040,Tizzl,kelthuzad,1332,shaman,enhancement,78,39,39
44041,Atroll,moonrunner,1332,shaman,enhancement,66,30,36
44042,Chapope,quelthalas,1329,shaman,enhancement,46,30,16
44043,ßlessedx,tichondrius,1329,shaman,enhancement,23,15,8
44044,Rhass,ragnaros,1329,shaman,enhancement,42,17,25
44045,Niteshammy,lothar,1328,shaman,enhancement,24,14,10
44046,Blasho,ragnaros,1326,shaman,enhancement,105,48,57
44047,Shomani,madoran,1326,shaman,enhancement,41,17,24
44048,Leschaises,skullcrusher,1325,shaman,enhancement,27,18,9
44049,Winiethepoöh,stormrage,1325,shaman,enhancement,36,14,22
44050,Totesmagotes,scilla,1324,shaman,enhancement,24,17,7
44051,Katojune,tichondrius,1322,shaman,enhancement,27,15,12
44052,Baloneyfiveo,kiljaeden,1322,shaman,enhancement,56,31,25
44053,Sleekish,moon-guard,1319,shaman,enhancement,30,14,16
44054,Shawkedu,tichondrius,1317,shaman,enhancement,36,16,20
44055,Obeilius,illidan,1316,shaman,enhancement,55,29,26
44056,Canabal,eonar,1315,shaman,enhancement,24,14,10
44057,Zügz,illidan,1314,shaman,enhancement,37,22,15
44058,Kungfuvoodoo,tichondrius,1314,shaman,enhancement,24,14,10
44059,Argrax,sargeras,1314,shaman,enhancement,71,41,30
44060,Rokogg,thrall,1312,shaman,enhancement,133,69,64
44061,Shamorrhoids,frostmourne,1311,shaman,enhancement,118,62,56
44062,Harvesting,azralon,1311,shaman,enhancement,30,14,16
44063,Mairn,tichondrius,1310,shaman,enhancement,66,33,33
44064,Piffenstien,malganis,1310,shaman,enhancement,60,29,31
44065,Mortzor,frostmourne,1309,shaman,enhancement,29,17,12
44066,Eze,tichondrius,1306,shaman,enhancement,58,36,22
44067,Díesel,azralon,1306,shaman,enhancement,29,14,15
44068,Mëister,stormrage,1303,shaman,enhancement,113,56,57
44069,Amärök,area-52,1303,shaman,enhancement,33,15,18
44070,Whichdoctah,proudmoore,1302,shaman,enhancement,30,14,16
44071,Cbomberz,tichondrius,1301,shaman,enhancement,67,33,34
44072,Pumpz,magtheridon,1301,shaman,enhancement,30,14,16
44073,Lightnessx,stormrage,1301,shaman,enhancement,42,17,25
44074,Microwavbakn,emerald-dream,1300,shaman,enhancement,70,38,32
44075,Astrò,illidan,1299,shaman,enhancement,18,14,4
44076,Triní,ragnaros,1296,shaman,enhancement,69,40,29
44077,Rongkhan,tichondrius,1296,shaman,enhancement,41,23,18
44078,Shamcharles,proudmoore,1294,shaman,enhancement,44,15,29
44079,Doomvin,stormrage,1293,shaman,enhancement,42,22,20
44080,Fyahchaming,drakkari,1292,shaman,enhancement,72,37,35
44081,Yâmz,area-52,1292,shaman,enhancement,51,21,30
44082,Kasukaga,shadowmoon,1291,shaman,enhancement,72,34,38
44083,Sigir,darrowmere,1290,shaman,enhancement,48,22,26
44084,Lilpump,boulderfist,1286,shaman,enhancement,60,32,28
44085,Forgediniron,stormrage,1286,shaman,enhancement,53,27,26
44086,Dàfèng,wyrmrest-accord,1286,shaman,enhancement,41,14,27
44087,Jackofstorms,veknilash,1285,shaman,enhancement,56,25,31
44088,Kamíhameha,stormrage,1281,shaman,enhancement,98,49,49
44089,Bobaflexqt,korgath,1279,shaman,enhancement,24,15,9
44090,Beardcramps,tichondrius,1275,shaman,enhancement,75,29,46
44091,Zerium,nemesis,1274,shaman,enhancement,42,25,17
44092,Parallels,blackrock,1274,shaman,enhancement,106,51,55
44093,Zechary,proudmoore,1273,shaman,enhancement,54,33,21
44094,Flaméy,stormrage,1273,shaman,enhancement,51,21,30
44095,Zaboomafoo,emerald-dream,1272,shaman,enhancement,23,14,9
44096,Majhrakova,stormrage,1266,shaman,enhancement,30,15,15
44097,Popsmoke,gnomeregan,1265,shaman,enhancement,23,14,9
44098,Datblueboi,dalaran,1263,shaman,enhancement,76,39,37
44099,Shrektar,cenarius,1262,shaman,enhancement,42,17,25
44100,Gorebog,feathermoon,1259,shaman,enhancement,42,23,19
44101,Obrahma,burning-legion,1258,shaman,enhancement,24,16,8
44102,Deathjoker,icecrown,1255,shaman,enhancement,66,34,32
44103,Taò,tichondrius,1254,shaman,enhancement,75,37,38
44104,Holosoul,bleeding-hollow,1254,shaman,enhancement,67,27,40
44105,Rikswordfire,wyrmrest-accord,1251,shaman,enhancement,35,16,19
44106,Hexoffnder,zuljin,1246,shaman,enhancement,18,13,5
44107,Pandashamnda,area-52,1245,shaman,enhancement,46,23,23
44108,Dì,barthilas,1244,shaman,enhancement,24,16,8
44109,Zêûs,moon-guard,1240,shaman,enhancement,24,13,11
44110,Darwynz,zuljin,1240,shaman,enhancement,24,13,11
44111,Dalthragoz,tichondrius,1239,shaman,enhancement,24,13,11
44112,Dalsun,turalyon,1237,shaman,enhancement,30,13,17
44113,Githealed,kelthuzad,1234,shaman,enhancement,27,15,12
44114,Vozs,proudmoore,1233,shaman,enhancement,60,34,26
44115,Thromir,blackwing-lair,1233,shaman,enhancement,48,22,26
44116,Willy,icecrown,1230,shaman,enhancement,23,13,10
44117,Drahlos,tichondrius,1227,shaman,enhancement,30,13,17
44118,Uglykunt,barthilas,1224,shaman,enhancement,111,62,49
44119,Bhaelfury,moon-guard,1224,shaman,enhancement,36,20,16
44120,Netherfury,illidan,1224,shaman,enhancement,51,28,23
44121,Shamantwo,windrunner,1223,shaman,enhancement,24,13,11
44122,Mullten,sargeras,1219,shaman,enhancement,36,15,21
44123,Shamgoddam,illidan,1217,shaman,enhancement,48,19,29
44124,Crigga,dalaran,1216,shaman,enhancement,24,13,11
44125,Onezap,trollbane,1214,shaman,enhancement,43,17,26
44126,Spicyballs,coilfang,1213,shaman,enhancement,30,13,17
44127,Hammeredd,hyjal,1212,shaman,enhancement,36,18,18
44128,Fireclaws,bleeding-hollow,1206,shaman,enhancement,36,16,20
44129,ßigðåddy,ghostlands,1206,shaman,enhancement,54,17,37
44130,Slowgrath,burning-legion,1202,shaman,enhancement,33,19,14
44131,Sinsar,illidan,1200,shaman,enhancement,35,13,22
44132,Chalked,stormrage,1198,shaman,enhancement,97,47,50
44133,Zaxibow,area-52,1196,shaman,enhancement,34,15,19
44134,Iamegirl,moon-guard,1191,shaman,enhancement,29,13,16
44135,Gdiafplox,thunderhorn,1186,shaman,enhancement,54,27,27
44136,Djshammy,barthilas,1183,shaman,enhancement,28,15,13
44137,Àspec,aegwynn,1182,shaman,enhancement,16,13,3
44138,Hanhze,quelthalas,1178,shaman,enhancement,48,28,20
44139,Spiderjohn,sargeras,1177,shaman,enhancement,36,20,16
44140,Enhancementz,azralon,1174,shaman,enhancement,68,37,31
44141,Litchuckie,thrall,1169,shaman,enhancement,46,25,21
44142,Meattoilet,tichondrius,1164,shaman,enhancement,17,13,4
44143,Cseril,bonechewer,1164,shaman,enhancement,83,49,34
44144,Shometrin,tichondrius,1164,shaman,enhancement,59,21,38
44145,Finnaburstt,tichondrius,1162,shaman,enhancement,54,29,25
44146,Tarresh,azralon,1161,shaman,enhancement,42,16,26
44147,Splendapapi,stormrage,1155,shaman,enhancement,38,13,25
44148,Tactíc,chromaggus,1152,shaman,enhancement,18,12,6
44149,Gangmember,shadowmoon,1152,shaman,enhancement,18,12,6
44150,Jinxicle,illidan,1151,shaman,enhancement,18,12,6
44151,Lividelement,area-52,1151,shaman,enhancement,18,12,6
44152,Lutheran,dragonmaw,1151,shaman,enhancement,35,14,21
44153,Thorre,the-scryers,1150,shaman,enhancement,24,16,8
44154,Nyknicks,tichondrius,1150,shaman,enhancement,18,12,6
44155,Dialtone,blackrock,1150,shaman,enhancement,30,12,18
44156,Angrymán,ragnaros,1149,shaman,enhancement,12,12,0
44157,Zaydax,altar-of-storms,1149,shaman,enhancement,18,12,6
44158,Rainjig,emerald-dream,1149,shaman,enhancement,21,12,9
44159,Zèus,draka,1146,shaman,enhancement,24,12,12
44160,Goonxdz,illidan,1146,shaman,enhancement,24,12,12
44161,Ara,barthilas,1145,shaman,enhancement,18,12,6
44162,Zugzugthug,moon-guard,1142,shaman,enhancement,22,13,9
44163,Shamikkazee,illidan,1142,shaman,enhancement,43,21,22
44164,Saraguthix,dalaran,1141,shaman,enhancement,18,12,6
44165,Fourstorms,gundrak,1141,shaman,enhancement,37,19,18
44166,Extraguacpls,tichondrius,1139,shaman,enhancement,18,12,6
44167,Vokxulsin,tichondrius,1139,shaman,enhancement,30,12,18
44168,Wagar,dawnbringer,1139,shaman,enhancement,36,12,24
44169,Hordeymaori,jubeithos,1138,shaman,enhancement,140,74,66
44170,Sydstorm,frostmourne,1137,shaman,enhancement,18,12,6
44171,Beanerburst,frostwolf,1136,shaman,enhancement,48,26,22
44172,Popz,dark-iron,1128,shaman,enhancement,18,12,6
44173,Ashida,stormrage,1126,shaman,enhancement,37,19,18
44174,ßøn,altar-of-storms,1125,shaman,enhancement,33,16,17
44175,Daikí,ragnaros,1124,shaman,enhancement,25,13,12
44176,Astroglyde,emerald-dream,1123,shaman,enhancement,24,12,12
44177,Camdoc,destromath,1122,shaman,enhancement,53,24,29
44178,Shøxic,perenolde,1118,shaman,enhancement,18,12,6
44179,Googurt,barthilas,1118,shaman,enhancement,23,12,11
44180,Drokron,azralon,1118,shaman,enhancement,36,17,19
44181,Catiçero,azralon,1117,shaman,enhancement,30,12,18
44182,Schlemiel,barthilas,1112,shaman,enhancement,82,36,46
44183,Lassoway,illidan,1110,shaman,enhancement,30,12,18
44184,Golkork,quelthalas,1108,shaman,enhancement,24,13,11
44185,Blaçktide,thrall,1104,shaman,enhancement,26,16,10
44186,Shaminism,chromaggus,1103,shaman,enhancement,23,12,11
44187,Wigwog,hyjal,1102,shaman,enhancement,61,35,26
44188,Ahzar,stormrage,1098,shaman,enhancement,36,14,22
44189,Robis,thrall,1096,shaman,enhancement,90,39,51
44190,Floon,barthilas,1096,shaman,enhancement,48,17,31
44191,Hazak,nemesis,1088,shaman,enhancement,78,39,39
44192,Oreahsham,tichondrius,1085,shaman,enhancement,30,12,18
44193,Nîghtstalker,vashj,1081,shaman,enhancement,52,20,32
44194,Felbrick,area-52,1075,shaman,enhancement,30,17,13
44195,Cydarta,ragnaros,1073,shaman,enhancement,48,26,22
44196,Shambostik,thrall,1066,shaman,enhancement,30,12,18
44197,Keytürnz,frostmourne,1064,shaman,enhancement,36,13,23
44198,Tekashi,muradin,1060,shaman,enhancement,31,12,19
44199,Gamergirlx,area-52,1056,shaman,enhancement,18,11,7
44200,Jyster,area-52,1056,shaman,enhancement,65,27,38
44201,Shamawolf,stormrage,1055,shaman,enhancement,12,11,1
44202,Blöw,tichondrius,1055,shaman,enhancement,18,11,7
44203,Enhance,bleeding-hollow,1055,shaman,enhancement,24,11,13
44204,Shampowl,jaedenar,1055,shaman,enhancement,30,11,19
44205,Möuthbläster,malganis,1054,shaman,enhancement,12,11,1
44206,Syraak,elune,1054,shaman,enhancement,15,12,3
44207,Totemclass,bleeding-hollow,1054,shaman,enhancement,18,11,7
44208,Khorgan,emerald-dream,1054,shaman,enhancement,18,11,7
44209,Texmawave,moon-guard,1054,shaman,enhancement,18,11,7
44210,Jirig,tichondrius,1054,shaman,enhancement,18,11,7
44211,Fishsham,zuljin,1054,shaman,enhancement,18,11,7
44212,Balldo,stormrage,1054,shaman,enhancement,30,11,19
44213,Pashå,norgannon,1053,shaman,enhancement,18,11,7
44214,Hagie,moon-guard,1053,shaman,enhancement,21,11,10
44215,Zêus,sargeras,1052,shaman,enhancement,18,11,7
44216,Windzorn,tichondrius,1052,shaman,enhancement,18,11,7
44217,Peepingtotem,tichondrius,1052,shaman,enhancement,24,11,13
44218,Buffdudé,illidan,1052,shaman,enhancement,24,11,13
44219,Kuull,thunderlord,1052,shaman,enhancement,30,11,19
44220,Faminex,dragonmaw,1051,shaman,enhancement,12,11,1
44221,Swapxylee,tichondrius,1051,shaman,enhancement,24,11,13
44222,Dronesum,tichondrius,1050,shaman,enhancement,24,11,13
44223,Naesala,thunderlord,1050,shaman,enhancement,24,11,13
44224,Scams,bleeding-hollow,1049,shaman,enhancement,30,18,12
44225,Vöödooranger,stormrage,1048,shaman,enhancement,18,11,7
44226,Grindl,stormrage,1047,shaman,enhancement,18,11,7
44227,Sparkqt,sargeras,1047,shaman,enhancement,18,11,7
44228,Emptyy,azralon,1047,shaman,enhancement,24,11,13
44229,Johnnygeh,stormrage,1047,shaman,enhancement,30,11,19
44230,Îvôry,bloodhoof,1046,shaman,enhancement,24,11,13
44231,Ctrlaltelite,burning-blade,1044,shaman,enhancement,76,30,46
44232,Svddëndëath,sargeras,1044,shaman,enhancement,72,27,45
44233,Jamblee,sargeras,1043,shaman,enhancement,18,11,7
44234,Cvoa,bonechewer,1043,shaman,enhancement,24,11,13
44235,Trulos,stormrage,1041,shaman,enhancement,18,11,7
44236,Lazygemini,illidan,1038,shaman,enhancement,24,11,13
44237,Hannibol,tichondrius,1036,shaman,enhancement,72,25,47
44238,Allmeatie,hyjal,1035,shaman,enhancement,18,11,7
44239,Zalkran,area-52,1034,shaman,enhancement,24,15,9
44240,Lovetides,area-52,1031,shaman,enhancement,24,14,10
44241,Shammybreakx,malganis,1023,shaman,enhancement,56,33,23
44242,Sevare,area-52,1023,shaman,enhancement,21,12,9
44243,Tøtëm,tichondrius,1021,shaman,enhancement,28,12,16
44244,Facebooksux,sargeras,1019,shaman,enhancement,18,13,5
44245,Karlpoppa,thunderhorn,1019,shaman,enhancement,18,11,7
44246,Dizzytotem,dalaran,1013,shaman,enhancement,30,17,13
44247,Shayymann,exodar,1013,shaman,enhancement,48,19,29
44248,Pùffball,anvilmar,1011,shaman,enhancement,75,38,37
44249,Xapoxy,nemesis,1008,shaman,enhancement,20,12,8
44250,Rhagnar,warsong,1004,shaman,enhancement,17,11,6
44251,Dedlystorm,dalaran,1003,shaman,enhancement,18,12,6
44252,Hoodfigga,tichondrius,1002,shaman,enhancement,23,11,12
44253,Bigbólts,emerald-dream,1001,shaman,enhancement,18,12,6
44254,Stroheim,warsong,1000,shaman,enhancement,21,12,9
44255,Poseidonxd,lightbringer,1000,shaman,enhancement,23,13,10
44256,Korgen,area-52,999,shaman,enhancement,25,12,13
44257,Slaughterdog,coilfang,995,shaman,enhancement,22,13,9
44258,Prinkipíssa,tichondrius,995,shaman,enhancement,48,22,26
44259,Reavs,illidan,995,shaman,enhancement,40,12,28
44260,Synshenrongt,thrall,990,shaman,enhancement,178,70,108
44261,Pwnôgraphy,kelthuzad,989,shaman,enhancement,14,11,3
44262,Zelzus,moon-guard,989,shaman,enhancement,22,11,11
44263,Megumi,aggramar,988,shaman,enhancement,26,11,15
44264,Deckìn,proudmoore,987,shaman,enhancement,14,11,3
44265,Mudpwet,borean-tundra,982,shaman,enhancement,54,30,24
44266,Shamvandám,kiljaeden,978,shaman,enhancement,30,13,17
44267,Stormwolf,azjolnerub,976,shaman,enhancement,60,30,30
44268,Enhance,sargeras,960,shaman,enhancement,18,10,8
44269,Mcb,barthilas,960,shaman,enhancement,18,10,8
44270,Zatchbell,lightnings-blade,960,shaman,enhancement,30,13,17
44271,Lokrath,zangarmarsh,959,shaman,enhancement,12,10,2
44272,Pikachil,tichondrius,959,shaman,enhancement,15,11,4
44273,Vonnsmallpp,area-52,959,shaman,enhancement,18,10,8
44274,Anlukla,gilneas,959,shaman,enhancement,18,10,8
44275,Tarazhim,kelthuzad,959,shaman,enhancement,18,10,8
44276,Kumboi,frostmourne,959,shaman,enhancement,24,10,14
44277,Unezx,tichondrius,958,shaman,enhancement,12,10,2
44278,Marginalized,tichondrius,958,shaman,enhancement,18,10,8
44279,Kelce,stormrage,958,shaman,enhancement,18,10,8
44280,Thoramgar,malganis,958,shaman,enhancement,18,10,8
44281,Ggsggs,akama,958,shaman,enhancement,18,10,8
44282,Chesos,tichondrius,958,shaman,enhancement,90,33,57
44283,Leotis,tichondrius,957,shaman,enhancement,18,10,8
44284,Chavezlives,area-52,957,shaman,enhancement,18,10,8
44285,Kandin,icecrown,957,shaman,enhancement,24,10,14
44286,Keroh,blackrock,956,shaman,enhancement,18,10,8
44287,Emelectric,quelthalas,956,shaman,enhancement,19,10,9
44288,Azl,guldan,956,shaman,enhancement,27,11,16
44289,Súrtr,sargeras,955,shaman,enhancement,18,10,8
44290,Aelpian,emerald-dream,954,shaman,enhancement,18,10,8
44291,Smokedemtree,stormrage,954,shaman,enhancement,18,10,8
44292,Ryntyntyn,blood-furnace,954,shaman,enhancement,24,10,14
44293,Shomminn,tichondrius,953,shaman,enhancement,18,10,8
44294,Morderus,aegwynn,950,shaman,enhancement,18,10,8
44295,Mcgraff,frostmourne,949,shaman,enhancement,18,10,8
44296,Loec,thrall,947,shaman,enhancement,18,10,8
44297,Bloodytotemz,emerald-dream,944,shaman,enhancement,18,10,8
44298,Esko,magtheridon,943,shaman,enhancement,24,10,14
44299,Artsha,tol-barad,942,shaman,enhancement,23,10,13
44300,Orfelix,nemesis,925,shaman,enhancement,42,17,25
44301,Thanwirn,ragnaros,924,shaman,enhancement,30,13,17
44302,Wälee,sargeras,921,shaman,enhancement,18,10,8
44303,Gammacide,sargeras,921,shaman,enhancement,29,10,19
44304,Oct,thrall,912,shaman,enhancement,36,18,18
44305,Grimlên,skullcrusher,910,shaman,enhancement,32,12,20
44306,Duality,shattered-halls,909,shaman,enhancement,23,10,13
44307,Garabashi,boulderfist,908,shaman,enhancement,24,11,13
44308,Thanen,the-scryers,897,shaman,enhancement,48,21,27
44309,Ongruge,hyjal,895,shaman,enhancement,60,22,38
44310,Icedogg,malganis,889,shaman,enhancement,42,20,22
44311,Poagrious,bonechewer,876,shaman,enhancement,40,17,23
44312,Columan,frostmourne,865,shaman,enhancement,113,57,56
44313,Raídyn,sargeras,864,shaman,enhancement,12,9,3
44314,Frantìk,tichondrius,864,shaman,enhancement,12,9,3
44315,Conorfotm,tichondrius,864,shaman,enhancement,12,9,3
44316,Delxx,tichondrius,864,shaman,enhancement,12,9,3
44317,Torvi,saurfang,864,shaman,enhancement,12,9,3
44318,Deixw,tichondrius,864,shaman,enhancement,12,9,3
44319,Solbis,tichondrius,864,shaman,enhancement,12,9,3
44320,Lizardhusk,barthilas,864,shaman,enhancement,18,9,9
44321,Gódsgíft,tichondrius,864,shaman,enhancement,18,9,9
44322,Shlongers,illidan,864,shaman,enhancement,18,9,9
44323,Yejinok,tichondrius,864,shaman,enhancement,18,9,9
44324,Purgegodryuu,area-52,864,shaman,enhancement,18,9,9
44325,Sethbrogen,vashj,864,shaman,enhancement,24,9,15
44326,Lickerman,stormreaver,863,shaman,enhancement,12,9,3
44327,Crnosham,area-52,863,shaman,enhancement,12,9,3
44328,Cluffatty,tichondrius,863,shaman,enhancement,12,9,3
44329,Biggem,nazjatar,863,shaman,enhancement,18,9,9
44330,Flukz,nazjatar,863,shaman,enhancement,18,9,9
44331,Dylangs,frostmourne,863,shaman,enhancement,18,9,9
44332,Rubious,cenarius,863,shaman,enhancement,19,9,10
44333,Okkoto,malfurion,862,shaman,enhancement,12,9,3
44334,Kakiscala,proudmoore,862,shaman,enhancement,17,9,8
44335,Murdokr,quelthalas,862,shaman,enhancement,18,9,9
44336,Gorgrom,thunderlord,861,shaman,enhancement,12,9,3
44337,Tukkutz,moon-guard,861,shaman,enhancement,36,14,22
44338,Bôjack,stormrage,858,shaman,enhancement,12,9,3
44339,Denki,nesingwary,858,shaman,enhancement,18,9,9
44340,Vekku,ragnaros,858,shaman,enhancement,18,9,9
44341,Hazorele,nagrand,857,shaman,enhancement,18,9,9
44342,Bilbobaggenz,sargeras,854,shaman,enhancement,18,9,9
44343,Windfuryshm,emerald-dream,853,shaman,enhancement,18,9,9
44344,Cdont,zuljin,853,shaman,enhancement,18,9,9
44345,Kalashnikov,maiev,848,shaman,enhancement,24,9,15
44346,Catchclause,eonar,846,shaman,enhancement,18,10,8
44347,Charr,nemesis,838,shaman,enhancement,18,9,9
44348,Taowth,area-52,831,shaman,enhancement,29,9,20
44349,Grosgars,burning-blade,830,shaman,enhancement,20,10,10
44350,Britisy,stormrage,825,shaman,enhancement,24,10,14
44351,Grendinbal,moon-guard,815,shaman,enhancement,21,9,12
44352,Maicer,goldrinn,809,shaman,enhancement,35,9,26
44353,Gesundrian,kelthuzad,800,shaman,enhancement,16,9,7
44354,Notglads,thrall,799,shaman,enhancement,14,9,5
44355,Thorael,borean-tundra,798,shaman,enhancement,11,9,2
44356,Slumb,stormrage,781,shaman,enhancement,19,9,10
44357,Illchayqt,frostmourne,768,shaman,enhancement,12,8,4
44358,Ennoku,khadgar,768,shaman,enhancement,12,8,4
44359,Plznostepmom,tichondrius,768,shaman,enhancement,12,8,4
44360,Cinderfury,magtheridon,768,shaman,enhancement,12,8,4
44361,Movemaker,shattered-hand,768,shaman,enhancement,12,8,4
44362,Clasm,tichondrius,768,shaman,enhancement,12,8,4
44363,Onamakawash,black-dragonflight,768,shaman,enhancement,12,8,4
44364,Lindsanx,illidan,768,shaman,enhancement,18,8,10
44365,Killswitch,bonechewer,768,shaman,enhancement,18,8,10
44366,Neeman,malganis,768,shaman,enhancement,18,8,10
44367,Troon,lightbringer,767,shaman,enhancement,12,8,4
44368,Doomfury,magtheridon,767,shaman,enhancement,12,8,4
44369,Mokho,stormrage,767,shaman,enhancement,12,8,4
44370,Dontbeshockd,nagrand,767,shaman,enhancement,12,8,4
44371,Elevatezxo,stormrage,767,shaman,enhancement,12,8,4
44372,Thorodinsson,proudmoore,767,shaman,enhancement,18,8,10
44373,Dwightjr,emerald-dream,767,shaman,enhancement,18,8,10
44374,Volrog,magtheridon,767,shaman,enhancement,18,8,10
44375,Brreeaadd,tichondrius,767,shaman,enhancement,18,8,10
44376,Cuban,kelthuzad,767,shaman,enhancement,18,8,10
44377,Jags,baelgun,767,shaman,enhancement,18,8,10
44378,Finaplex,spirestone,767,shaman,enhancement,18,8,10
44379,Loliqueenfae,illidan,767,shaman,enhancement,18,8,10
44380,Beast,mannoroth,767,shaman,enhancement,18,8,10
44381,Suejitsue,malganis,767,shaman,enhancement,18,8,10
44382,Argena,bonechewer,767,shaman,enhancement,18,8,10
44383,Lamorandrict,icecrown,767,shaman,enhancement,18,8,10
44384,Cutedraenei,destromath,767,shaman,enhancement,24,8,16
44385,Reptimus,sargeras,767,shaman,enhancement,24,8,16
44386,Pipers,frostmourne,767,shaman,enhancement,30,8,22
44387,Kulnash,auchindoun,766,shaman,enhancement,12,8,4
44388,Chamxz,ragnaros,766,shaman,enhancement,12,8,4
44389,Adhdeeznuts,frostmourne,766,shaman,enhancement,18,8,10
44390,Jonatasele,stormrage,765,shaman,enhancement,24,8,16
44391,Endme,zuljin,758,shaman,enhancement,12,8,4
44392,Orendail,jubeithos,758,shaman,enhancement,24,8,16
44393,Shimshak,destromath,756,shaman,enhancement,18,8,10
44394,Kumu,stormscale,735,shaman,enhancement,11,8,3
44395,Ryb,sargeras,735,shaman,enhancement,14,9,5
44396,Morgoph,bleeding-hollow,735,shaman,enhancement,14,9,5
44397,Golozok,zuljin,735,shaman,enhancement,16,10,6
44398,Radan,kelthuzad,735,shaman,enhancement,17,8,9
44399,Darshidarsh,emerald-dream,735,shaman,enhancement,22,8,14
44400,Succies,emerald-dream,719,shaman,enhancement,17,8,9
44401,Blackshami,quelthalas,718,shaman,enhancement,18,8,10
44402,Pwnskillz,area-52,712,shaman,enhancement,17,8,9
44403,Hammerdog,illidan,703,shaman,enhancement,16,8,8
44404,Paulenia,quelthalas,699,shaman,enhancement,29,8,21
44405,Grìmlock,lightbringer,687,shaman,enhancement,13,8,5
44406,Olujakal,emerald-dream,672,shaman,enhancement,12,7,5
44407,Eimear,kelthuzad,672,shaman,enhancement,12,7,5
44408,Ftp,kelthuzad,672,shaman,enhancement,12,7,5
44409,Zapstrike,stormrage,672,shaman,enhancement,12,7,5
44410,Ceromental,frostmane,672,shaman,enhancement,12,7,5
44411,Mattzander,kiljaeden,672,shaman,enhancement,12,7,5
44412,Jofstrom,tichondrius,672,shaman,enhancement,12,7,5
44413,Oneripemango,illidan,672,shaman,enhancement,12,7,5
44414,Vlal,tichondrius,672,shaman,enhancement,12,7,5
44415,Windführer,illidan,672,shaman,enhancement,12,7,5
44416,Yaytotems,sargeras,672,shaman,enhancement,12,7,5
44417,Lïnc,sargeras,672,shaman,enhancement,12,7,5
44418,Shockshack,illidan,672,shaman,enhancement,12,7,5
44419,Vásh,quelthalas,672,shaman,enhancement,12,7,5
44420,Goondruka,area-52,672,shaman,enhancement,12,7,5
44421,Battleimp,kelthuzad,672,shaman,enhancement,12,7,5
44422,Sourcreamqtx,stormrage,672,shaman,enhancement,12,7,5
44423,Lavalinks,malganis,672,shaman,enhancement,12,7,5
44424,Vanmaichet,azshara,672,shaman,enhancement,12,7,5
44425,Dwârf,tichondrius,672,shaman,enhancement,12,7,5
44426,Asy,tichondrius,672,shaman,enhancement,12,7,5
44427,Xoxoxø,area-52,672,shaman,enhancement,12,7,5
44428,Shokaria,frostwolf,672,shaman,enhancement,17,8,9
44429,Ayahuaskah,illidan,672,shaman,enhancement,18,7,11
44430,Kidkovid,illidan,672,shaman,enhancement,18,7,11
44431,Yungcreampie,bleeding-hollow,672,shaman,enhancement,18,7,11
44432,Stoneseed,steamwheedle-cartel,672,shaman,enhancement,18,7,11
44433,Raywhiter,tichondrius,672,shaman,enhancement,22,8,14
44434,Thorlottie,stormrage,671,shaman,enhancement,12,7,5
44435,Murm,burning-blade,671,shaman,enhancement,12,7,5
44436,Hypersomnia,icecrown,671,shaman,enhancement,12,7,5
44437,Hexondabeach,barthilas,671,shaman,enhancement,12,7,5
44438,Ayahuaska,darkspear,671,shaman,enhancement,12,7,5
44439,Thiccpedro,andorhal,671,shaman,enhancement,12,7,5
44440,Garshok,tichondrius,671,shaman,enhancement,12,7,5
44441,Gonarosh,area-52,671,shaman,enhancement,12,7,5
44442,Blumengarten,stormrage,671,shaman,enhancement,12,7,5
44443,Checkmâte,emerald-dream,671,shaman,enhancement,12,7,5
44444,Atlli,zuljin,671,shaman,enhancement,18,7,11
44445,Gwyste,moon-guard,671,shaman,enhancement,18,7,11
44446,Zald,shattered-halls,671,shaman,enhancement,18,7,11
44447,Jëks,azjolnerub,671,shaman,enhancement,18,7,11
44448,Hrotah,wyrmrest-accord,671,shaman,enhancement,18,7,11
44449,Nondracil,ragnaros,671,shaman,enhancement,18,7,11
44450,Hroth,tanaris,671,shaman,enhancement,18,7,11
44451,Wickyz,moon-guard,671,shaman,enhancement,18,7,11
44452,Enhancee,bonechewer,671,shaman,enhancement,18,7,11
44453,Velekar,moon-guard,671,shaman,enhancement,21,8,13
44454,Morehammeerr,thunderlord,670,shaman,enhancement,12,7,5
44455,Drewshammy,zuljin,670,shaman,enhancement,12,7,5
44456,Spankì,kelthuzad,670,shaman,enhancement,12,7,5
44457,Radiology,garithos,670,shaman,enhancement,12,7,5
44458,Kigorami,nerzhul,670,shaman,enhancement,18,7,11
44459,Orcgirth,kiljaeden,670,shaman,enhancement,21,8,13
44460,Halajo,thrall,669,shaman,enhancement,15,8,7
44461,Vladd,hellscream,669,shaman,enhancement,18,7,11
44462,Zeebouzy,illidan,669,shaman,enhancement,21,8,13
44463,Helljumper,illidan,669,shaman,enhancement,21,8,13
44464,Gbankzz,ghostlands,664,shaman,enhancement,24,7,17
44465,Shammich,vashj,655,shaman,enhancement,11,7,4
44466,Speedmonster,hellscream,655,shaman,enhancement,19,8,11
44467,Relyts,tichondrius,638,shaman,enhancement,18,9,9
44468,Shampainn,demon-soul,638,shaman,enhancement,20,8,12
44469,Intress,moon-guard,607,shaman,enhancement,10,7,3
44470,Eanne,moon-guard,592,shaman,enhancement,19,7,12
44471,Vuduü,stormrage,576,shaman,enhancement,6,6,0
44472,Ftierspec,frostmourne,576,shaman,enhancement,6,6,0
44473,Ambevsulfr,deathwing,576,shaman,enhancement,6,6,0
44474,Aceventuura,hyjal,576,shaman,enhancement,6,6,0
44475,Mèrkk,misha,576,shaman,enhancement,6,6,0
44476,Clear,darkspear,576,shaman,enhancement,6,6,0
44477,Pikoom,tichondrius,576,shaman,enhancement,6,6,0
44478,Shockpanda,zuljin,576,shaman,enhancement,6,6,0
44479,Spotbeard,shadowsong,576,shaman,enhancement,6,6,0
44480,Måståçåstå,bleeding-hollow,576,shaman,enhancement,12,6,6
44481,Cptsnarf,tichondrius,576,shaman,enhancement,12,6,6
44482,Hruggol,bleeding-hollow,576,shaman,enhancement,12,6,6
44483,Stylebenderx,frostmourne,576,shaman,enhancement,12,6,6
44484,Scarlo,bleeding-hollow,576,shaman,enhancement,12,6,6
44485,Fischerman,barthilas,576,shaman,enhancement,12,6,6
44486,Skrankles,illidan,576,shaman,enhancement,12,6,6
44487,Bussybutter,sargeras,576,shaman,enhancement,12,6,6
44488,Yelpreviewer,dalaran,576,shaman,enhancement,12,6,6
44489,Cooperation,kelthuzad,576,shaman,enhancement,12,6,6
44490,Kyzen,tichondrius,576,shaman,enhancement,12,6,6
44491,Gamba,kargath,576,shaman,enhancement,12,6,6
44492,Kêtchpup,wyrmrest-accord,576,shaman,enhancement,12,6,6
44493,Xaspen,skullcrusher,576,shaman,enhancement,12,6,6
44494,Corkrain,sargeras,576,shaman,enhancement,12,6,6
44495,Nyvka,ragnaros,576,shaman,enhancement,12,6,6
44496,Uggoluga,dalaran,576,shaman,enhancement,12,6,6
44497,Enhpower,area-52,576,shaman,enhancement,12,6,6
44498,Agpx,tichondrius,576,shaman,enhancement,12,6,6
44499,Stormdancer,elune,576,shaman,enhancement,12,6,6
44500,Orkshammy,illidan,576,shaman,enhancement,12,6,6
44501,Stnky,cairne,576,shaman,enhancement,12,6,6
44502,Strønklesøn,drakthul,576,shaman,enhancement,12,6,6
44503,Crucybletv,korgath,576,shaman,enhancement,12,6,6
44504,Tosil,tichondrius,576,shaman,enhancement,12,6,6
44505,Trashcam,illidan,576,shaman,enhancement,12,6,6
44506,Bluntboy,zuljin,576,shaman,enhancement,12,6,6
44507,Coraamia,nerzhul,576,shaman,enhancement,12,6,6
44508,Owtyobwol,area-52,576,shaman,enhancement,12,6,6
44509,Dreamers,anvilmar,576,shaman,enhancement,12,6,6
44510,Unrezolved,hyjal,576,shaman,enhancement,13,6,7
44511,Groovesh,thrall,576,shaman,enhancement,14,6,8
44512,Ikiteforlsd,zuljin,576,shaman,enhancement,14,6,8
44513,Gluestick,shadowmoon,576,shaman,enhancement,18,6,12
44514,Earthclap,tichondrius,576,shaman,enhancement,18,6,12
44515,Ferdashock,tichondrius,576,shaman,enhancement,18,6,12
44516,Oaktar,bleeding-hollow,575,shaman,enhancement,12,6,6
44517,Eternalife,khazgoroth,575,shaman,enhancement,12,6,6
44518,Frèya,uldaman,575,shaman,enhancement,12,6,6
44519,Tumble,barthilas,575,shaman,enhancement,12,6,6
44520,Fevolution,dreadmaul,575,shaman,enhancement,12,6,6
44521,Somethingdop,sargeras,575,shaman,enhancement,12,6,6
44522,Gingeroo,stonemaul,575,shaman,enhancement,12,6,6
44523,Darkvx,quelthalas,575,shaman,enhancement,12,6,6
44524,Naextramus,ragnaros,575,shaman,enhancement,12,6,6
44525,Argues,tichondrius,575,shaman,enhancement,12,6,6
44526,Nuofu,illidan,575,shaman,enhancement,16,7,9
44527,Rockbass,sargeras,575,shaman,enhancement,18,6,12
44528,Nìke,nazgrel,575,shaman,enhancement,18,6,12
44529,Møp,spirestone,575,shaman,enhancement,18,6,12
44530,Zentius,thunderhorn,575,shaman,enhancement,18,6,12
44531,Okdopey,area-52,574,shaman,enhancement,18,6,12
44532,Umbrood,area-52,573,shaman,enhancement,24,6,18
44533,Størmbreäker,tichondrius,572,shaman,enhancement,12,6,6
44534,Hazreti,zuljin,572,shaman,enhancement,18,6,12
44535,Fadesrp,moon-guard,571,shaman,enhancement,12,6,6
44536,Ðg,tichondrius,569,shaman,enhancement,18,6,12
44537,Srgarrobo,drakkari,566,shaman,enhancement,12,6,6
44538,Maxsimiliano,emerald-dream,559,shaman,enhancement,18,6,12
44539,Rykutu,lightbringer,544,shaman,enhancement,10,7,3
44540,Toastsshaman,tichondrius,528,shaman,enhancement,9,6,3
44541,Noveske,arthas,522,shaman,enhancement,15,7,8
44542,Azzula,tichondrius,522,shaman,enhancement,19,7,12
44543,Beelzeburst,sargeras,511,shaman,enhancement,11,6,5
44544,Mihrion,moon-guard,511,shaman,enhancement,11,6,5
44545,Fiercegoblin,drakkari,493,shaman,enhancement,19,6,13
44546,Iava,dalaran,480,shaman,enhancement,6,5,1
44547,Mynigabob,zuljin,480,shaman,enhancement,6,5,1
44548,Kyrz,ragnaros,480,shaman,enhancement,6,5,1
44549,Dörnèr,malganis,480,shaman,enhancement,6,5,1
44550,Beatmán,blades-edge,480,shaman,enhancement,6,5,1
44551,Bofah,draktharon,480,shaman,enhancement,6,5,1
44552,Jeuno,gnomeregan,480,shaman,enhancement,6,5,1
44553,Elefornoobs,area-52,480,shaman,enhancement,6,5,1
44554,Rokudo,dragonmaw,480,shaman,enhancement,6,5,1
44555,Zappiiboii,malganis,480,shaman,enhancement,6,5,1
44556,Wugmuk,illidan,480,shaman,enhancement,6,5,1
44557,Remi,tichondrius,480,shaman,enhancement,6,5,1
44558,Guybeingdude,sargeras,480,shaman,enhancement,6,5,1
44559,Taintvapor,stormrage,480,shaman,enhancement,6,5,1
44560,Nekorii,bleeding-hollow,480,shaman,enhancement,6,5,1
44561,Nakamora,tichondrius,480,shaman,enhancement,6,5,1
44562,Creamcheeser,tichondrius,480,shaman,enhancement,6,5,1
44563,Krunggar,azralon,480,shaman,enhancement,6,5,1
44564,Mílkthis,tichondrius,480,shaman,enhancement,6,5,1
44565,Tekdar,kiljaeden,480,shaman,enhancement,10,6,4
44566,Spencesham,sargeras,480,shaman,enhancement,12,5,7
44567,Jorgim,frostmourne,480,shaman,enhancement,12,5,7
44568,Berasham,aerie-peak,480,shaman,enhancement,12,5,7
44569,Mustachex,kelthuzad,480,shaman,enhancement,12,5,7
44570,Indaka,kiljaeden,480,shaman,enhancement,12,5,7
44571,Electrikz,moonrunner,480,shaman,enhancement,12,5,7
44572,Meatlog,dalaran,480,shaman,enhancement,12,5,7
44573,Sèktor,dalaran,480,shaman,enhancement,12,5,7
44574,Capivarãão,stormrage,480,shaman,enhancement,12,5,7
44575,Tiostroke,stormrage,480,shaman,enhancement,12,5,7
44576,Macumbolo,nemesis,480,shaman,enhancement,12,5,7
44577,Kultirio,quelthalas,480,shaman,enhancement,12,5,7
44578,Obombyas,sargeras,480,shaman,enhancement,12,5,7
44579,Choquinho,azralon,480,shaman,enhancement,12,5,7
44580,Matzahmeal,skywall,480,shaman,enhancement,12,5,7
44581,Kamisenhance,illidan,480,shaman,enhancement,12,5,7
44582,Hellothere,drenden,480,shaman,enhancement,12,5,7
44583,Scrototæm,area-52,480,shaman,enhancement,12,5,7
44584,Sleepysham,anubarak,480,shaman,enhancement,12,5,7
44585,Omnipresent,malganis,480,shaman,enhancement,12,5,7
44586,Stormsanta,emerald-dream,480,shaman,enhancement,12,5,7
44587,Stankydad,tichondrius,480,shaman,enhancement,12,5,7
44588,Keltarget,malganis,480,shaman,enhancement,12,5,7
44589,Mawcus,zuljin,480,shaman,enhancement,12,5,7
44590,Athropos,malganis,480,shaman,enhancement,12,5,7
44591,Gyokuken,stormrage,480,shaman,enhancement,18,5,13
44592,Fíren,area-52,480,shaman,enhancement,18,5,13
44593,Zarzlek,destromath,480,shaman,enhancement,25,5,20
44594,Bwandamian,emerald-dream,479,shaman,enhancement,12,5,7
44595,Böc,tichondrius,479,shaman,enhancement,12,5,7
44596,Tugnar,ragnaros,479,shaman,enhancement,12,5,7
44597,Dushkanar,barthilas,479,shaman,enhancement,12,5,7
44598,Aegaeonlol,tichondrius,479,shaman,enhancement,18,5,13
44599,Youngthùg,frostmourne,479,shaman,enhancement,18,5,13
44600,Brorogan,aerie-peak,478,shaman,enhancement,12,5,7
44601,Flie,tichondrius,478,shaman,enhancement,18,5,13
44602,Enkkiz,ragnaros,477,shaman,enhancement,12,5,7
44603,Curtrex,amanthul,472,shaman,enhancement,19,8,11
44604,Zugxo,area-52,446,shaman,enhancement,8,6,2
44605,Flamestrife,illidan,426,shaman,enhancement,28,8,20
44606,Totojar,alexstrasza,426,shaman,enhancement,22,6,16
44607,Furiousnick,stormrage,415,shaman,enhancement,8,5,3
44608,Rykku,illidan,400,shaman,enhancement,7,5,2
44609,Tokyotimxxo,malganis,384,shaman,enhancement,6,4,2
44610,Goldshîre,tichondrius,384,shaman,enhancement,6,4,2
44611,Aureal,malganis,384,shaman,enhancement,6,4,2
44612,Casualsham,illidan,384,shaman,enhancement,6,4,2
44613,Kisseyfaçaí,kelthuzad,384,shaman,enhancement,6,4,2
44614,Slurslinger,area-52,384,shaman,enhancement,6,4,2
44615,Motylek,ragnaros,384,shaman,enhancement,6,4,2
44616,Meshrek,tichondrius,384,shaman,enhancement,6,4,2
44617,Skipler,stormrage,384,shaman,enhancement,6,4,2
44618,Kylani,thrall,384,shaman,enhancement,6,4,2
44619,Ummyea,dreadmaul,384,shaman,enhancement,6,4,2
44620,Ezzroz,guldan,384,shaman,enhancement,6,4,2
44621,Exsh,area-52,384,shaman,enhancement,6,4,2
44622,Drugdòér,tichondrius,384,shaman,enhancement,6,4,2
44623,Protoaster,tichondrius,384,shaman,enhancement,6,4,2
44624,Dingfu,sargeras,384,shaman,enhancement,6,4,2
44625,Mastrionilol,dragonmaw,384,shaman,enhancement,6,4,2
44626,Grimwind,tichondrius,384,shaman,enhancement,6,4,2
44627,Bioshocked,korgath,384,shaman,enhancement,6,4,2
44628,Firetrucks,area-52,384,shaman,enhancement,6,4,2
44629,Birkenshock,tichondrius,384,shaman,enhancement,6,4,2
44630,Angrytotems,ragnaros,384,shaman,enhancement,6,4,2
44631,Sorgal,area-52,384,shaman,enhancement,6,4,2
44632,Utilitytotem,moon-guard,384,shaman,enhancement,6,4,2
44633,Wools,frostmourne,384,shaman,enhancement,6,4,2
44634,Thunderøus,stormrage,384,shaman,enhancement,6,4,2
44635,Meramin,illidan,384,shaman,enhancement,6,4,2
44636,Jènova,whisperwind,384,shaman,enhancement,6,4,2
44637,Thegil,tichondrius,384,shaman,enhancement,6,4,2
44638,Lukora,stonemaul,384,shaman,enhancement,6,4,2
44639,Stormysteve,hyjal,384,shaman,enhancement,6,4,2
44640,Drmn,frostmourne,384,shaman,enhancement,6,4,2
44641,Eleshortal,azuremyst,384,shaman,enhancement,9,4,5
44642,Tictactotem,lothar,384,shaman,enhancement,12,4,8
44643,Bigstormz,fenris,384,shaman,enhancement,12,4,8
44644,Kaalyssia,moon-guard,384,shaman,enhancement,12,4,8
44645,Newele,thrall,384,shaman,enhancement,12,4,8
44646,Kooj,frostmourne,384,shaman,enhancement,12,4,8
44647,Ironloins,kelthuzad,384,shaman,enhancement,12,4,8
44648,Emppege,tichondrius,384,shaman,enhancement,12,4,8
44649,Smackzs,sargeras,384,shaman,enhancement,12,4,8
44650,Globad,tichondrius,384,shaman,enhancement,12,4,8
44651,Flamefüry,azralon,384,shaman,enhancement,12,4,8
44652,Bloudabadee,emerald-dream,384,shaman,enhancement,12,4,8
44653,Skizzymars,malganis,384,shaman,enhancement,12,4,8
44654,Kryms,chogall,384,shaman,enhancement,12,4,8
44655,Vertrág,malganis,384,shaman,enhancement,12,4,8
44656,Enanomka,drakkari,384,shaman,enhancement,12,4,8
44657,Merrìtt,area-52,384,shaman,enhancement,12,4,8
44658,Kinnarlan,sargeras,384,shaman,enhancement,12,4,8
44659,Nehrakgu,wyrmrest-accord,384,shaman,enhancement,12,4,8
44660,Piril,moon-guard,384,shaman,enhancement,12,4,8
44661,Wabfurrie,twisting-nether,384,shaman,enhancement,12,4,8
44662,Omaboa,azgalor,384,shaman,enhancement,12,4,8
44663,Gaurudon,zuljin,384,shaman,enhancement,12,4,8
44664,Cariix,maelstrom,384,shaman,enhancement,12,4,8
44665,Gangdan,emerald-dream,384,shaman,enhancement,12,4,8
44666,Xoelement,borean-tundra,384,shaman,enhancement,18,4,14
44667,Brenqt,nemesis,384,shaman,enhancement,18,4,14
44668,Grimdil,quelthalas,384,shaman,enhancement,18,4,14
44669,Jacniclstorm,frostmourne,383,shaman,enhancement,6,4,2
44670,Rocktor,alleria,383,shaman,enhancement,6,4,2
44671,Rhal,ragnaros,383,shaman,enhancement,6,4,2
44672,Toeto,darrowmere,383,shaman,enhancement,6,4,2
44673,Ipponhim,saurfang,383,shaman,enhancement,6,4,2
44674,Ugaboogah,thrall,383,shaman,enhancement,6,4,2
44675,Ghogann,bleeding-hollow,383,shaman,enhancement,6,4,2
44676,Karisaatara,moon-guard,383,shaman,enhancement,6,4,2
44677,Shamwickk,tichondrius,383,shaman,enhancement,12,4,8
44678,Kurzee,kelthuzad,383,shaman,enhancement,12,4,8
44679,Smolder,magtheridon,383,shaman,enhancement,12,4,8
44680,Currentx,darkspear,383,shaman,enhancement,15,4,11
44681,Drokán,ragnaros,383,shaman,enhancement,20,5,15
44682,Shockedya,destromath,382,shaman,enhancement,12,4,8
44683,Ikora,crushridge,381,shaman,enhancement,12,4,8
44684,Notahealz,zuljin,367,shaman,enhancement,11,4,7
44685,Kyness,area-52,364,shaman,enhancement,13,5,8
44686,Jonfckingear,zuljin,351,shaman,enhancement,8,5,3
44687,Pyanir,thrall,351,shaman,enhancement,11,4,7
44688,Admetis,vashj,351,shaman,enhancement,17,4,13
44689,Thorsén,ursin,335,shaman,enhancement,17,4,13
44690,Jeaunoo,darkspear,330,shaman,enhancement,14,5,9
44691,Ýup,tichondrius,320,shaman,enhancement,10,4,6
44692,Lardaz,darkspear,319,shaman,enhancement,5,4,1
44693,Habrith,proudmoore,319,shaman,enhancement,11,4,7
44694,Xulangshammy,illidan,319,shaman,enhancement,11,4,7
44695,Tempestsmash,tichondrius,304,shaman,enhancement,7,4,3
44696,Bimbly,eitrigg,303,shaman,enhancement,13,4,9
44697,Painfury,zuljin,288,shaman,enhancement,6,3,3
44698,Gimpanzee,kiljaeden,288,shaman,enhancement,6,3,3
44699,Dwarfmaro,sargeras,288,shaman,enhancement,6,3,3
44700,Botu,malorne,288,shaman,enhancement,6,3,3
44701,Xantíd,wyrmrest-accord,288,shaman,enhancement,6,3,3
44702,Ban,blackrock,288,shaman,enhancement,6,3,3
44703,Helapoon,area-52,288,shaman,enhancement,6,3,3
44704,Bovinefony,blackrock,288,shaman,enhancement,6,3,3
44705,Bottlez,sargeras,288,shaman,enhancement,6,3,3
44706,Stormblast,stormrage,288,shaman,enhancement,6,3,3
44707,Cars,jaedenar,288,shaman,enhancement,6,3,3
44708,Drgreek,barthilas,288,shaman,enhancement,6,3,3
44709,Emtflakes,darkspear,288,shaman,enhancement,6,3,3
44710,Humper,korgath,288,shaman,enhancement,6,3,3
44711,Failsy,darkspear,288,shaman,enhancement,6,3,3
44712,Zapmavz,area-52,288,shaman,enhancement,6,3,3
44713,Aruçar,drakkari,288,shaman,enhancement,6,3,3
44714,Elefusion,sargeras,288,shaman,enhancement,6,3,3
44715,Hvalleyranch,area-52,288,shaman,enhancement,6,3,3
44716,Redpocket,zuluhed,288,shaman,enhancement,6,3,3
44717,Gojiras,barthilas,288,shaman,enhancement,6,3,3
44718,Antahanu,ragnaros,288,shaman,enhancement,6,3,3
44719,Freshoranges,blood-furnace,288,shaman,enhancement,6,3,3
44720,Hottesthands,barthilas,288,shaman,enhancement,6,3,3
44721,Luxenor,kelthuzad,288,shaman,enhancement,6,3,3
44722,Shamaro,malganis,288,shaman,enhancement,6,3,3
44723,Haititnahtou,kaelthas,288,shaman,enhancement,6,3,3
44724,Toyletpaper,mugthol,288,shaman,enhancement,6,3,3
44725,Gumballin,sargeras,288,shaman,enhancement,6,3,3
44726,Ëvëlyn,chogall,288,shaman,enhancement,6,3,3
44727,Sleepysham,kelthuzad,288,shaman,enhancement,6,3,3
44728,Zoma,elune,288,shaman,enhancement,6,3,3
44729,Ulala,azshara,288,shaman,enhancement,6,3,3
44730,Jibbajabber,laughing-skull,288,shaman,enhancement,6,3,3
44731,Jazzyy,korgath,288,shaman,enhancement,6,3,3
44732,Swifteyy,area-52,288,shaman,enhancement,6,3,3
44733,Owiez,sargeras,288,shaman,enhancement,6,3,3
44734,Slowdown,malganis,288,shaman,enhancement,6,3,3
44735,Shammateur,malganis,288,shaman,enhancement,6,3,3
44736,Vivean,kelthuzad,288,shaman,enhancement,6,3,3
44737,Arckos,thrall,288,shaman,enhancement,6,3,3
44738,Getwetand,quelthalas,288,shaman,enhancement,6,3,3
44739,Shòckaholic,bleeding-hollow,288,shaman,enhancement,6,3,3
44740,Puddlecakes,lightbringer,288,shaman,enhancement,6,3,3
44741,Puffjin,zuljin,288,shaman,enhancement,6,3,3
44742,Lennylemons,stormrage,288,shaman,enhancement,6,3,3
44743,Kubisham,warsong,288,shaman,enhancement,6,3,3
44744,Robot,illidan,288,shaman,enhancement,6,3,3
44745,Tempestarii,ragnaros,288,shaman,enhancement,6,3,3
44746,Xzxz,sargeras,288,shaman,enhancement,6,3,3
44747,Thiccwater,frostmourne,288,shaman,enhancement,6,3,3
44748,Totemtantrum,tichondrius,288,shaman,enhancement,6,3,3
44749,Killercam,maiev,288,shaman,enhancement,6,3,3
44750,Slowkeeper,azralon,288,shaman,enhancement,6,3,3
44751,Subbyxd,tichondrius,288,shaman,enhancement,6,3,3
44752,Tideqt,tichondrius,288,shaman,enhancement,6,3,3
44753,Scrib,dawnbringer,288,shaman,enhancement,6,3,3
44754,Mundi,madoran,288,shaman,enhancement,6,3,3
44755,Zeroshears,tichondrius,288,shaman,enhancement,6,3,3
44756,Glexhex,tichondrius,288,shaman,enhancement,6,3,3
44757,Akwar,greymane,288,shaman,enhancement,6,3,3
44758,Khaylaa,tichondrius,288,shaman,enhancement,6,3,3
44759,Dogcompany,tichondrius,288,shaman,enhancement,6,3,3
44760,Gorszu,proudmoore,288,shaman,enhancement,6,3,3
44761,Smeeza,frostmourne,288,shaman,enhancement,6,3,3
44762,Jaftter,quelthalas,288,shaman,enhancement,9,4,5
44763,Putinsdad,tichondrius,288,shaman,enhancement,10,4,6
44764,Regeneration,darkspear,288,shaman,enhancement,12,3,9
44765,Çatastrophe,dalaran,288,shaman,enhancement,12,3,9
44766,Thunderblood,nerzhul,288,shaman,enhancement,12,3,9
44767,Fishmoley,zuljin,288,shaman,enhancement,12,3,9
44768,Drekkhal,area-52,288,shaman,enhancement,12,3,9
44769,Silverwolf,eredar,288,shaman,enhancement,12,3,9
44770,Malsturm,stormrage,288,shaman,enhancement,12,3,9
44771,Khazy,skullcrusher,288,shaman,enhancement,12,3,9
44772,Immunize,tichondrius,288,shaman,enhancement,12,3,9
44773,Hammaam,illidan,288,shaman,enhancement,12,3,9
44774,Gudac,tichondrius,288,shaman,enhancement,12,3,9
44775,Faelzão,nemesis,288,shaman,enhancement,12,3,9
44776,Bobbymooshay,area-52,288,shaman,enhancement,12,3,9
44777,Jajxshammy,rivendare,288,shaman,enhancement,12,3,9
44778,Smeagðl,tichondrius,288,shaman,enhancement,12,3,9
44779,Xrag,sargeras,288,shaman,enhancement,12,3,9
44780,Jhivone,tichondrius,288,shaman,enhancement,12,3,9
44781,Ihatehealing,frostwolf,288,shaman,enhancement,12,3,9
44782,Drgiggleheim,tichondrius,288,shaman,enhancement,12,3,9
44783,Yaazz,frostmourne,288,shaman,enhancement,12,3,9
44784,Jireñ,area-52,288,shaman,enhancement,12,3,9
44785,Melåån,jubeithos,288,shaman,enhancement,12,3,9
44786,Azão,stormrage,288,shaman,enhancement,12,3,9
44787,Shocksqt,malganis,288,shaman,enhancement,12,3,9
44788,Shockfreak,stormrage,288,shaman,enhancement,12,3,9
44789,Xaryu,shuhalo,287,shaman,enhancement,12,3,9
44790,Dnttazemebro,area-52,286,shaman,enhancement,6,3,3
44791,Nargen,tichondrius,271,shaman,enhancement,11,3,8
44792,Engorgdshock,tichondrius,255,shaman,enhancement,8,4,4
44793,Lagamental,frostmourne,240,shaman,enhancement,9,3,6
44794,ßodycount,area-52,240,shaman,enhancement,9,3,6
44795,Caobuloso,azralon,239,shaman,enhancement,5,3,2
44796,Deeznuts,the-forgotten-coast,239,shaman,enhancement,5,3,2
44797,Sølbi,tichondrius,239,shaman,enhancement,5,3,2
44798,Smooths,bloodscalp,234,shaman,enhancement,19,5,14
44799,Forge,maelstrom,223,shaman,enhancement,8,3,5
44800,Kayadee,stormrage,192,shaman,enhancement,9,3,6
44801,Quequin,quelthalas,192,shaman,enhancement,6,2,4
44802,Gunai,malganis,192,shaman,enhancement,6,2,4
44803,Badjujubruh,thrall,192,shaman,enhancement,6,2,4
44804,Schnellhund,tichondrius,192,shaman,enhancement,6,2,4
44805,Olboy,thrall,192,shaman,enhancement,6,2,4
44806,Detair,malganis,192,shaman,enhancement,6,2,4
44807,Víì,tichondrius,192,shaman,enhancement,6,2,4
44808,Ceedlamb,kelthuzad,192,shaman,enhancement,6,2,4
44809,Durogh,darkspear,192,shaman,enhancement,6,2,4
44810,Skyten,quelthalas,192,shaman,enhancement,6,2,4
44811,Totemzie,illidan,192,shaman,enhancement,6,2,4
44812,Jbahr,hyjal,192,shaman,enhancement,6,2,4
44813,Insanelol,tichondrius,192,shaman,enhancement,6,2,4
44814,Milkmeforhp,frostmourne,192,shaman,enhancement,6,2,4
44815,Freesolo,barthilas,192,shaman,enhancement,6,2,4
44816,Vjeze,frostmourne,192,shaman,enhancement,6,2,4
44817,Jashiik,tichondrius,192,shaman,enhancement,6,2,4
44818,Ectomee,tichondrius,192,shaman,enhancement,6,2,4
44819,Rayjamalblk,tichondrius,192,shaman,enhancement,6,2,4
44820,Shamnick,malganis,192,shaman,enhancement,6,2,4
44821,Ioiotete,tichondrius,192,shaman,enhancement,6,2,4
44822,Jammylol,frostmourne,192,shaman,enhancement,6,2,4
44823,Elecpod,frostmourne,192,shaman,enhancement,6,2,4
44824,Valcannos,area-52,192,shaman,enhancement,6,2,4
44825,Huiracøcha,quelthalas,192,shaman,enhancement,6,2,4
44826,Amzurs,area-52,192,shaman,enhancement,6,2,4
44827,Electrica,quelthalas,192,shaman,enhancement,6,2,4
44828,Bitxxnumber,tichondrius,192,shaman,enhancement,6,2,4
44829,Bootsix,area-52,192,shaman,enhancement,6,2,4
44830,Moisttaco,azshara,192,shaman,enhancement,6,2,4
44831,Twistër,illidan,192,shaman,enhancement,6,2,4
44832,Raidjin,tichondrius,192,shaman,enhancement,6,2,4
44833,Khuufu,fizzcrank,192,shaman,enhancement,6,2,4
44834,Dadajuju,azralon,192,shaman,enhancement,6,2,4
44835,Friedshammy,frostmourne,192,shaman,enhancement,6,2,4
44836,Loused,wyrmrest-accord,192,shaman,enhancement,6,2,4
44837,Whameradetu,suramar,192,shaman,enhancement,6,2,4
44838,Szael,durotan,192,shaman,enhancement,6,2,4
44839,Jahahahamon,arthas,192,shaman,enhancement,6,2,4
44840,Vywolf,frostmourne,192,shaman,enhancement,6,2,4
44841,Boj,magtheridon,192,shaman,enhancement,6,2,4
44842,Eraali,stormrage,192,shaman,enhancement,6,2,4
44843,Blooddtears,stormrage,192,shaman,enhancement,6,2,4
44844,Contraponto,azralon,192,shaman,enhancement,6,2,4
44845,Sparklebunny,dark-iron,192,shaman,enhancement,6,2,4
44846,Thünderstrük,tichondrius,192,shaman,enhancement,6,2,4
44847,Bullcowsby,darkspear,192,shaman,enhancement,6,2,4
44848,Jamsham,tichondrius,192,shaman,enhancement,6,2,4
44849,Buttermelk,bleeding-hollow,192,shaman,enhancement,6,2,4
44850,Afri,tichondrius,192,shaman,enhancement,6,2,4
44851,Unhapintadaa,azralon,192,shaman,enhancement,6,2,4
44852,Galarix,nerzhul,192,shaman,enhancement,6,2,4
44853,Shamtopus,anubarak,192,shaman,enhancement,6,2,4
44854,Ârcanjo,azralon,192,shaman,enhancement,6,2,4
44855,Sluggox,bleeding-hollow,192,shaman,enhancement,6,2,4
44856,Jasonnworb,tichondrius,192,shaman,enhancement,6,2,4
44857,Hothandxo,illidan,192,shaman,enhancement,6,2,4
44858,Kermut,frostmourne,192,shaman,enhancement,6,2,4
44859,Pissticles,bleeding-hollow,192,shaman,enhancement,6,2,4
44860,Zeldrys,emerald-dream,192,shaman,enhancement,6,2,4
44861,Scarshamxn,frostmourne,192,shaman,enhancement,6,2,4
44862,Wìzz,zuljin,192,shaman,enhancement,6,2,4
44863,Bearmanshrek,tichondrius,192,shaman,enhancement,6,2,4
44864,Stormfronts,kelthuzad,192,shaman,enhancement,6,2,4
44865,Fatluma,zuljin,192,shaman,enhancement,6,2,4
44866,Stallos,zuljin,192,shaman,enhancement,6,2,4
44867,Pandancement,thrall,192,shaman,enhancement,6,2,4
44868,Totemrecalld,zuljin,192,shaman,enhancement,6,2,4
44869,Rinjio,zuljin,192,shaman,enhancement,6,2,4
44870,Møostrom,thrall,192,shaman,enhancement,6,2,4
44871,ßeesy,emerald-dream,192,shaman,enhancement,6,2,4
44872,Kumer,tichondrius,192,shaman,enhancement,6,2,4
44873,Vitaminc,garona,192,shaman,enhancement,6,2,4
44874,Killamanjaro,alterac-mountains,192,shaman,enhancement,6,2,4
44875,Meatyball,tichondrius,192,shaman,enhancement,6,2,4
44876,Netflixnfeet,moonrunner,192,shaman,enhancement,6,2,4
44877,Daiablo,barthilas,192,shaman,enhancement,6,2,4
44878,Pericazo,sargeras,192,shaman,enhancement,6,2,4
44879,Texaspumper,sargeras,192,shaman,enhancement,6,2,4
44880,Ageegee,sargeras,192,shaman,enhancement,6,2,4
44881,Virô,sargeras,192,shaman,enhancement,6,2,4
44882,Ôprawindfury,mugthol,192,shaman,enhancement,6,2,4
44883,Thrallzballz,firetree,192,shaman,enhancement,6,2,4
44884,Spoke,emerald-dream,192,shaman,enhancement,6,2,4
44885,Soapmactavis,sargeras,192,shaman,enhancement,6,2,4
44886,Brofessor,frostwolf,192,shaman,enhancement,6,2,4
44887,Mishalla,tichondrius,192,shaman,enhancement,6,2,4
44888,Shamflu,tichondrius,192,shaman,enhancement,6,2,4
44889,Shamanakin,emerald-dream,192,shaman,enhancement,6,2,4
44890,Zenitsue,sargeras,192,shaman,enhancement,6,2,4
44891,Uwitduhfeds,moon-guard,192,shaman,enhancement,6,2,4
44892,Dennwoop,sargeras,192,shaman,enhancement,6,2,4
44893,Shaminja,kiljaeden,192,shaman,enhancement,6,2,4
44894,Hèllzpyro,sargeras,192,shaman,enhancement,6,2,4
44895,Tigolbittie,sargeras,192,shaman,enhancement,6,2,4
44896,Saltt,proudmoore,192,shaman,enhancement,6,2,4
44897,Slugstout,moon-guard,192,shaman,enhancement,6,2,4
44898,Shamutari,sargeras,192,shaman,enhancement,6,2,4
44899,Girthquake,agamaggan,192,shaman,enhancement,6,2,4
44900,Nawoma,quelthalas,192,shaman,enhancement,8,2,6
44901,Rhazer,cenarion-circle,192,shaman,enhancement,12,2,10
44902,Legendmatic,illidan,192,shaman,enhancement,12,2,10
44903,Manemon,quelthalas,192,shaman,enhancement,12,2,10
44904,Gusgusgus,laughing-skull,192,shaman,enhancement,12,2,10
44905,Chontu,area-52,192,shaman,enhancement,12,2,10
44906,Yudo,stormrage,192,shaman,enhancement,12,2,10
44907,Stylebend,area-52,192,shaman,enhancement,12,2,10
44908,Zuljiba,illidan,192,shaman,enhancement,12,2,10
44909,Calmconflict,daggerspine,191,shaman,enhancement,6,2,4
44910,Dahmerjr,area-52,191,shaman,enhancement,6,2,4
44911,Ophine,illidan,191,shaman,enhancement,6,2,4
44912,Nuggitz,tichondrius,159,shaman,enhancement,5,2,3
44913,Healingtime,nerzhul,159,shaman,enhancement,5,2,3
44914,Dønßlack,thunderhorn,159,shaman,enhancement,5,2,3
44915,Skuffedx,spirestone,159,shaman,enhancement,5,2,3
44916,Shamto,zuljin,144,shaman,enhancement,3,3,0
44917,Badgeshock,area-52,128,shaman,enhancement,4,2,2
44918,Grogakk,moon-guard,128,shaman,enhancement,4,2,2
44919,Bogz,korgath,128,shaman,enhancement,4,2,2
44920,Flashyjoe,tichondrius,128,shaman,enhancement,4,2,2
44921,Ludacrìtz,stormrage,112,shaman,enhancement,7,2,5
44922,Tsuchekk,tichondrius,111,shaman,enhancement,5,3,2
44923,Beogar,moon-guard,96,shaman,enhancement,3,2,1
44924,Bigbb,tichondrius,96,shaman,enhancement,3,2,1
44925,Feels,arthas,96,shaman,enhancement,10,2,8
44926,Shamcakes,kilrogg,96,shaman,enhancement,17,3,14
44927,Spaceghost,illidan,96,shaman,enhancement,6,1,5
44928,Tetonka,tichondrius,96,shaman,enhancement,6,1,5
44929,Udÿr,drakkari,96,shaman,enhancement,6,1,5
44930,Weatherboy,dalaran,96,shaman,enhancement,6,1,5
44931,Acéz,korgath,96,shaman,enhancement,6,1,5
44932,Uttertrash,illidan,96,shaman,enhancement,6,1,5
44933,Trøuble,deathwing,96,shaman,enhancement,6,1,5
44934,Aezst,illidan,96,shaman,enhancement,6,1,5
44935,Kàrlx,tichondrius,96,shaman,enhancement,6,1,5
44936,Blackjackxx,frostmourne,96,shaman,enhancement,6,1,5
44937,Juvîa,emerald-dream,96,shaman,enhancement,6,1,5
44938,Saesenthesis,barthilas,96,shaman,enhancement,6,1,5
44939,Totemtîme,frostmourne,96,shaman,enhancement,6,1,5
44940,Trouvaille,tichondrius,96,shaman,enhancement,6,1,5
44941,Aiggiggigne,sargeras,96,shaman,enhancement,6,1,5
44942,Toyotatron,tichondrius,96,shaman,enhancement,6,1,5
44943,Shamofshame,garrosh,96,shaman,enhancement,6,1,5
44944,Muyg,staghelm,96,shaman,enhancement,6,1,5
44945,Littz,malganis,96,shaman,enhancement,6,1,5
44946,Fourever,ragnaros,96,shaman,enhancement,6,1,5
44947,Feuerbart,dalaran,96,shaman,enhancement,6,1,5
44948,Axshaman,darkspear,96,shaman,enhancement,6,1,5
44949,Pileef,thrall,96,shaman,enhancement,6,1,5
44950,Kinjin,dragonmaw,96,shaman,enhancement,6,1,5
44951,Paramecium,sargeras,96,shaman,enhancement,6,1,5
44952,Hangellyca,azralon,96,shaman,enhancement,6,1,5
44953,Shockd,icecrown,96,shaman,enhancement,6,1,5
44954,Wangbangjr,mugthol,96,shaman,enhancement,6,1,5
44955,Bunnyele,tichondrius,96,shaman,enhancement,6,1,5
44956,Sureofname,frostmourne,96,shaman,enhancement,6,1,5
44957,Alferian,moon-guard,96,shaman,enhancement,6,1,5
44958,Frostyshock,hellscream,96,shaman,enhancement,6,1,5
44959,Zapsquidzap,illidan,96,shaman,enhancement,6,1,5
44960,Findorn,stormreaver,96,shaman,enhancement,6,1,5
44961,Aerôv,area-52,96,shaman,enhancement,6,1,5
44962,Youliuhua,tichondrius,96,shaman,enhancement,6,1,5
44963,Kranif,tichondrius,96,shaman,enhancement,6,1,5
44964,Volaarn,area-52,96,shaman,enhancement,6,1,5
44965,Mugiwärä,area-52,96,shaman,enhancement,6,1,5
44966,Karmar,proudmoore,96,shaman,enhancement,6,1,5
44967,Tictactotum,hyjal,96,shaman,enhancement,6,1,5
44968,Firefíst,area-52,96,shaman,enhancement,6,1,5
44969,Tritun,proudmoore,96,shaman,enhancement,6,1,5
44970,Sandmanatee,crushridge,96,shaman,enhancement,6,1,5
44971,Sweettooth,area-52,96,shaman,enhancement,6,1,5
44972,Zoeyzour,illidan,96,shaman,enhancement,6,1,5
44973,Ulfgarn,stormrage,96,shaman,enhancement,6,1,5
44974,Chopmynuts,illidan,96,shaman,enhancement,6,1,5
44975,Geladoo,gallywix,96,shaman,enhancement,6,1,5
44976,Adosistoxic,zuljin,96,shaman,enhancement,6,1,5
44977,Ohtoro,zuljin,96,shaman,enhancement,6,1,5
44978,Baelgoth,moon-guard,96,shaman,enhancement,6,1,5
44979,Beazel,moon-guard,96,shaman,enhancement,6,1,5
44980,Yungmeaty,tichondrius,96,shaman,enhancement,7,1,6
44981,Threehandz,bleeding-hollow,96,shaman,enhancement,8,1,7
44982,Immutef,tichondrius,96,shaman,enhancement,12,1,11
44983,Thallor,stormrage,96,shaman,enhancement,12,1,11
44984,Smokeymcpots,khazgoroth,95,shaman,enhancement,6,1,5
44985,Baktolumby,tichondrius,79,shaman,enhancement,5,1,4
44986,Dilldoughnut,sargeras,79,shaman,enhancement,5,1,4
44987,Stórmfuryz,tichondrius,64,shaman,enhancement,4,1,3
44988,Oakshield,darkspear,64,shaman,enhancement,4,1,3
44989,Shablam,daggerspine,64,shaman,enhancement,10,1,9
44990,Njórd,sargeras,63,shaman,enhancement,2,2,0
44991,Bluberi,nazjatar,48,shaman,enhancement,3,1,2
44992,Ekatonkiro,ragnaros,48,shaman,enhancement,3,1,2
44993,Totemlord,lightnings-blade,31,shaman,enhancement,2,1,1
44994,Streetacus,tichondrius,31,shaman,enhancement,2,1,1
44995,Stumpyjoe,terokkar,16,shaman,enhancement,7,1,6
44996,Wildimp,aerie-peak,2323,warlock,demonology,108,66,42
44997,Btsfangirl,moon-guard,2267,warlock,demonology,110,63,47
44998,Xygg,tichondrius,2256,warlock,demonology,78,48,30
44999,Wildimpx,sargeras,2254,warlock,demonology,172,92,80
45000,Miredö,tichondrius,2223,warlock,demonology,78,45,33
45001,Wzxx,tichondrius,2222,warlock,demonology,84,46,38
45002,Babyaga,illidan,2201,warlock,demonology,84,47,37
45003,Beyourselff,tichondrius,2195,warlock,demonology,151,80,71
45004,Mixtape,stormrage,2178,warlock,demonology,77,47,30
45005,Mlx,proudmoore,2176,warlock,demonology,149,81,68
45006,Bahamas,bleeding-hollow,2166,warlock,demonology,78,46,32
45007,Jojofann,nemesis,2165,warlock,demonology,53,37,16
45008,Evildeath,tichondrius,2154,warlock,demonology,78,44,34
45009,Bronzerl,tichondrius,2149,warlock,demonology,51,32,19
45010,Gentleq,tichondrius,2149,warlock,demonology,99,53,46
45011,Gianni,chogall,2149,warlock,demonology,107,57,50
45012,Kaossqt,azralon,2144,warlock,demonology,114,62,52
45013,Abrocket,alleria,2143,warlock,demonology,72,45,27
45014,Erock,korgath,2138,warlock,demonology,60,47,13
45015,Wesyane,anetheron,2138,warlock,demonology,136,72,64
45016,Ediya,tichondrius,2130,warlock,demonology,148,75,73
45017,Xadge,tichondrius,2128,warlock,demonology,79,43,36
45018,Fishorz,tichondrius,2128,warlock,demonology,89,47,42
45019,Cidkagenou,sargeras,2127,warlock,demonology,45,34,11
45020,Harambê,sargeras,2127,warlock,demonology,36,27,9
45021,Lemmefear,illidan,2127,warlock,demonology,47,32,15
45022,Bigdaddylol,ragnaros,2120,warlock,demonology,83,45,38
45023,Maadhum,illidan,2116,warlock,demonology,92,50,42
45024,Zuelu,tichondrius,2116,warlock,demonology,163,88,75
45025,Fatass,cairne,2114,warlock,demonology,66,38,28
45026,Awdam,tichondrius,2114,warlock,demonology,96,50,46
45027,Ensebado,azralon,2111,warlock,demonology,140,78,62
45028,Falco,azshara,2110,warlock,demonology,66,38,28
45029,Synkz,blood-furnace,2110,warlock,demonology,72,38,34
45030,Cosmosxx,illidan,2110,warlock,demonology,112,58,54
45031,Lilballz,tichondrius,2107,warlock,demonology,53,31,22
45032,Ogchaos,tichondrius,2107,warlock,demonology,78,45,33
45033,Erlandesher,tichondrius,2107,warlock,demonology,149,75,74
45034,Tessarath,area-52,2106,warlock,demonology,59,38,21
45035,Boltqt,tichondrius,2103,warlock,demonology,60,36,24
45036,Spicyfingers,illidan,2103,warlock,demonology,78,44,34
45037,Unhòólylck,ragnaros,2082,warlock,demonology,105,56,49
45038,Debao,malganis,2048,warlock,demonology,96,47,49
45039,Persistencss,tichondrius,2047,warlock,demonology,48,29,19
45040,Oymmander,illidan,2046,warlock,demonology,56,37,19
45041,Broccoleh,area-52,2033,warlock,demonology,59,36,23
45042,Etuskaa,tichondrius,2032,warlock,demonology,167,83,84
45043,Toiletghost,tichondrius,2030,warlock,demonology,68,44,24
45044,Eazyw,stormrage,2024,warlock,demonology,95,47,48
45045,Vexxes,malganis,2018,warlock,demonology,192,100,92
45046,Megamindx,tichondrius,2015,warlock,demonology,36,27,9
45047,Iselltacos,dalaran,2015,warlock,demonology,43,29,14
45048,Shinyballz,tichondrius,2010,warlock,demonology,59,34,25
45049,Cosmosxi,illidan,2008,warlock,demonology,91,50,41
45050,Sslock,sargeras,2008,warlock,demonology,71,37,34
45051,Ziffy,emerald-dream,2008,warlock,demonology,66,34,32
45052,Nocrackrocks,stormrage,2007,warlock,demonology,117,66,51
45053,Atheô,ragnaros,2004,warlock,demonology,106,57,49
45054,Elbrujon,sargeras,2002,warlock,demonology,107,55,52
45055,Ztlivid,area-52,2000,warlock,demonology,175,91,84
45056,Awangdemon,tichondrius,1997,warlock,demonology,54,27,27
45057,Littlerod,tichondrius,1996,warlock,demonology,72,41,31
45058,Coèrce,tichondrius,1989,warlock,demonology,47,32,15
45059,Kymochaos,sargeras,1983,warlock,demonology,41,21,20
45060,Teivlol,mugthol,1980,warlock,demonology,96,51,45
45061,Extreme,blackwing-lair,1978,warlock,demonology,78,53,25
45062,Aoepump,tichondrius,1973,warlock,demonology,66,35,31
45063,Hrrpeuh,zuljin,1970,warlock,demonology,42,24,18
45064,Procalypse,stormrage,1966,warlock,demonology,54,32,22
45065,Patoquenn,azralon,1966,warlock,demonology,54,32,22
45066,Ofc,malganis,1961,warlock,demonology,48,29,19
45067,Voidbb,tichondrius,1957,warlock,demonology,53,30,23
45068,Snuufels,area-52,1950,warlock,demonology,60,37,23
45069,Chanigay,tichondrius,1950,warlock,demonology,53,30,23
45070,Ketahole,warsong,1949,warlock,demonology,99,50,49
45071,Ihaveapowers,maiev,1944,warlock,demonology,120,60,60
45072,Rôsé,tichondrius,1942,warlock,demonology,94,55,39
45073,Naughtybolts,sargeras,1941,warlock,demonology,80,46,34
45074,Iordozzy,malganis,1940,warlock,demonology,48,36,12
45075,Amazingamez,sargeras,1940,warlock,demonology,137,66,71
45076,Baka,moon-guard,1937,warlock,demonology,54,29,25
45077,Bleachkk,tichondrius,1936,warlock,demonology,77,48,29
45078,Precogfear,tichondrius,1936,warlock,demonology,78,39,39
45079,Stopdot,lightnings-blade,1934,warlock,demonology,76,38,38
45080,Paygo,tichondrius,1930,warlock,demonology,57,32,25
45081,Bwonsamdijin,tichondrius,1926,warlock,demonology,107,51,56
45082,Shadowmoonon,tichondrius,1921,warlock,demonology,43,21,22
45083,Bronzel,tichondrius,1920,warlock,demonology,48,30,18
45084,Invalid,frostmourne,1914,warlock,demonology,36,25,11
45085,Ceeloftw,tichondrius,1914,warlock,demonology,113,60,53
45086,Ökïlôck,proudmoore,1912,warlock,demonology,48,27,21
45087,Lilgigs,stormrage,1909,warlock,demonology,60,30,30
45088,Zjxy,tichondrius,1908,warlock,demonology,30,20,10
45089,Inmøtion,tichondrius,1906,warlock,demonology,60,33,27
45090,Sofan,dalaran,1905,warlock,demonology,58,33,25
45091,Dyenamik,stormrage,1904,warlock,demonology,30,24,6
45092,Lockedinn,mannoroth,1904,warlock,demonology,91,54,37
45093,Daerde,malganis,1900,warlock,demonology,47,27,20
45094,Siphoned,darkspear,1900,warlock,demonology,53,27,26
45095,Deadlpoo,stormscale,1899,warlock,demonology,81,41,40
45096,Xiyangpvp,tichondrius,1898,warlock,demonology,54,31,23
45097,Lemmepvponu,illidan,1896,warlock,demonology,48,30,18
45098,Alisa,moon-guard,1896,warlock,demonology,60,28,32
45099,Lrry,dalaran,1893,warlock,demonology,144,84,60
45100,Gamecover,azralon,1889,warlock,demonology,116,69,47
45101,Rakshama,chogall,1885,warlock,demonology,42,25,17
45102,Percadu,barthilas,1885,warlock,demonology,97,50,47
45103,Aramith,tichondrius,1884,warlock,demonology,82,43,39
45104,Mongobros,illidan,1881,warlock,demonology,54,33,21
45105,Petattack,nerzhul,1878,warlock,demonology,125,60,65
45106,Kimchiblast,tichondrius,1876,warlock,demonology,48,28,20
45107,Demondisco,tichondrius,1873,warlock,demonology,95,45,50
45108,Zydiva,sargeras,1872,warlock,demonology,118,62,56
45109,Sàill,tichondrius,1871,warlock,demonology,35,22,13
45110,Dotman,tichondrius,1871,warlock,demonology,60,32,28
45111,Lockiator,moon-guard,1870,warlock,demonology,71,35,36
45112,Dowal,whisperwind,1866,warlock,demonology,60,31,29
45113,Arckádia,stormrage,1863,warlock,demonology,54,27,27
45114,Thranlock,area-52,1860,warlock,demonology,156,77,79
45115,ßøßßÿßøûçhêr,tichondrius,1859,warlock,demonology,48,32,16
45116,Ministàff,ursin,1857,warlock,demonology,60,32,28
45117,Mhael,lightninghoof,1856,warlock,demonology,54,32,22
45118,Playßøy,area-52,1856,warlock,demonology,42,24,18
45119,Playtoy,moon-guard,1856,warlock,demonology,154,78,76
45120,Atheø,ragnaros,1854,warlock,demonology,42,23,19
45121,Bigfatballz,tichondrius,1852,warlock,demonology,52,32,20
45122,Lcomi,tichondrius,1850,warlock,demonology,42,26,16
45123,Demyo,tichondrius,1849,warlock,demonology,38,21,17
45124,Díablo,bleeding-hollow,1848,warlock,demonology,53,36,17
45125,Redfish,tichondrius,1847,warlock,demonology,34,20,14
45126,Buymymixtåpe,ursin,1846,warlock,demonology,57,34,23
45127,Xitokaiba,tichondrius,1844,warlock,demonology,67,46,21
45128,Phóbòs,tichondrius,1843,warlock,demonology,54,40,14
45129,Feldren,wyrmrest-accord,1843,warlock,demonology,85,50,35
45130,Metic,firetree,1842,warlock,demonology,48,33,15
45131,Kerrigan,the-venture-co,1842,warlock,demonology,66,38,28
45132,Darkzell,azralon,1841,warlock,demonology,48,30,18
45133,Dlhmlock,tichondrius,1840,warlock,demonology,41,25,16
45134,Juleno,quelthalas,1837,warlock,demonology,57,31,26
45135,Alndron,thrall,1837,warlock,demonology,78,38,40
45136,Ccona,tichondrius,1835,warlock,demonology,42,23,19
45137,Speakeasy,malygos,1835,warlock,demonology,58,29,29
45138,Beatinu,draenor,1834,warlock,demonology,54,32,22
45139,Domenic,sentinels,1833,warlock,demonology,58,32,26
45140,Bbangtimo,tichondrius,1833,warlock,demonology,77,40,37
45141,Åmön,zuljin,1832,warlock,demonology,66,32,34
45142,Drakatattwo,tichondrius,1831,warlock,demonology,42,23,19
45143,Bic,thrall,1828,warlock,demonology,66,45,21
45144,Lowrcase,zuljin,1828,warlock,demonology,42,24,18
45145,Xoboroz,moon-guard,1827,warlock,demonology,60,29,31
45146,Maral,kelthuzad,1826,warlock,demonology,57,32,25
45147,Cendit,malganis,1825,warlock,demonology,54,34,20
45148,Jerclard,proudmoore,1825,warlock,demonology,90,51,39
45149,Castingfear,barthilas,1825,warlock,demonology,48,27,21
45150,Tazlock,blackrock,1825,warlock,demonology,64,32,32
45151,Greasymario,area-52,1824,warlock,demonology,60,42,18
45152,Malatharr,quelthalas,1824,warlock,demonology,52,34,18
45153,Axelrodx,tichondrius,1824,warlock,demonology,54,35,19
45154,Idoovoodoo,burning-legion,1820,warlock,demonology,36,23,13
45155,Sharaßha,moon-guard,1820,warlock,demonology,69,41,28
45156,Búmchúm,frostmourne,1818,warlock,demonology,60,38,22
45157,Dëvïl,ragnaros,1818,warlock,demonology,92,58,34
45158,Dapete,malorne,1818,warlock,demonology,53,30,23
45159,Lockedlock,nemesis,1818,warlock,demonology,48,27,21
45160,Villaìn,moon-guard,1818,warlock,demonology,117,55,62
45161,Arcinian,kelthuzad,1817,warlock,demonology,66,39,27
45162,Wls,frostmourne,1817,warlock,demonology,89,50,39
45163,Hellbraive,queldorei,1817,warlock,demonology,54,30,24
45164,Overlard,illidan,1816,warlock,demonology,42,24,18
45165,Huajianmanwu,tichondrius,1816,warlock,demonology,262,133,129
45166,Gigabiga,area-52,1815,warlock,demonology,36,23,13
45167,Larixpotanin,tichondrius,1815,warlock,demonology,96,54,42
45168,Klol,proudmoore,1815,warlock,demonology,48,23,25
45169,Avery,mannoroth,1814,warlock,demonology,36,19,17
45170,Fearmebro,bleeding-hollow,1813,warlock,demonology,114,75,39
45171,Richards,thrall,1812,warlock,demonology,42,32,10
45172,Ltr,moon-guard,1811,warlock,demonology,30,22,8
45173,Kronii,jubeithos,1811,warlock,demonology,35,25,10
45174,Voidxo,tichondrius,1811,warlock,demonology,36,22,14
45175,Hitwarlock,tichondrius,1811,warlock,demonology,54,28,26
45176,Deboltzaru,ragnaros,1810,warlock,demonology,36,20,16
45177,Errogant,area-52,1810,warlock,demonology,60,30,30
45178,Nüts,blackrock,1810,warlock,demonology,50,23,27
45179,Beckypls,zuljin,1809,warlock,demonology,36,27,9
45180,Mcjoy,akama,1809,warlock,demonology,145,91,54
45181,Dounutlock,area-52,1809,warlock,demonology,54,33,21
45182,Saevitar,area-52,1809,warlock,demonology,45,24,21
45183,Zzooxxqt,area-52,1809,warlock,demonology,48,25,23
45184,Hadoukën,hyjal,1809,warlock,demonology,108,56,52
45185,Chilipeppa,wyrmrest-accord,1808,warlock,demonology,60,34,26
45186,Keylloggz,sargeras,1808,warlock,demonology,120,63,57
45187,Mälwaré,tichondrius,1808,warlock,demonology,58,29,29
45188,Chaosthekid,malganis,1807,warlock,demonology,40,25,15
45189,Reneqtxo,jubeithos,1806,warlock,demonology,30,19,11
45190,Evelyne,tichondrius,1805,warlock,demonology,30,19,11
45191,Xacayth,ragnaros,1804,warlock,demonology,80,47,33
45192,Cappadonna,azralon,1804,warlock,demonology,118,69,49
45193,Rakudemon,ragnaros,1804,warlock,demonology,147,77,70
45194,Scatach,area-52,1804,warlock,demonology,48,25,23
45195,Darkborkain,tichondrius,1803,warlock,demonology,30,19,11
45196,Mbhlol,illidan,1803,warlock,demonology,42,23,19
45197,Lockeslock,sargeras,1801,warlock,demonology,118,62,56
45198,Thelockzx,azralon,1801,warlock,demonology,60,28,32
45199,Magë,ursin,1801,warlock,demonology,108,49,59
45200,Spreadlove,emerald-dream,1798,warlock,demonology,186,99,87
45201,Raegon,kiljaeden,1797,warlock,demonology,44,25,19
45202,Tarth,sargeras,1797,warlock,demonology,102,51,51
45203,Tiná,tichondrius,1796,warlock,demonology,51,27,24
45204,Overclocked,destromath,1795,warlock,demonology,30,21,9
45205,Hugebolt,tichondrius,1793,warlock,demonology,48,28,20
45206,Jaganshi,tichondrius,1791,warlock,demonology,52,29,23
45207,Flocka,agamaggan,1787,warlock,demonology,48,37,11
45208,Babydots,stormreaver,1786,warlock,demonology,136,67,69
45209,Wearelegionx,frostmourne,1784,warlock,demonology,48,30,18
45210,Ashlëen,ragnaros,1781,warlock,demonology,78,43,35
45211,Amgs,frostmourne,1773,warlock,demonology,54,38,16
45212,Qp,thrall,1771,warlock,demonology,38,28,10
45213,Abomasnow,frostmourne,1768,warlock,demonology,61,29,32
45214,Krumlax,thrall,1762,warlock,demonology,48,35,13
45215,Döremi,tichondrius,1760,warlock,demonology,35,21,14
45216,Qwêrty,ursin,1759,warlock,demonology,35,25,10
45217,Tinkerfell,sargeras,1757,warlock,demonology,60,28,32
45218,Aidadeshu,tichondrius,1750,warlock,demonology,72,33,39
45219,Zörkô,zuljin,1747,warlock,demonology,108,51,57
45220,Scarysherri,aggramar,1746,warlock,demonology,48,31,17
45221,ßállin,illidan,1745,warlock,demonology,35,22,13
45222,Salaszar,illidan,1745,warlock,demonology,42,26,16
45223,Eastwitch,ragnaros,1743,warlock,demonology,120,55,65
45224,Mcpickls,illidan,1740,warlock,demonology,48,26,22
45225,Michae,tichondrius,1740,warlock,demonology,48,25,23
45226,Arityy,tichondrius,1738,warlock,demonology,33,23,10
45227,Missalice,nesingwary,1738,warlock,demonology,42,23,19
45228,Dreadlõck,malganis,1737,warlock,demonology,78,39,39
45229,Saeph,burning-legion,1731,warlock,demonology,72,41,31
45230,Ðëâthløck,tichondrius,1729,warlock,demonology,47,25,22
45231,Fearedu,thunderhorn,1726,warlock,demonology,131,66,65
45232,Lemmewin,illidan,1724,warlock,demonology,24,18,6
45233,Newmanz,nerzhul,1724,warlock,demonology,30,18,12
45234,Eriebos,area-52,1724,warlock,demonology,60,35,25
45235,Canobio,tichondrius,1723,warlock,demonology,35,26,9
45236,Skullsoul,arthas,1721,warlock,demonology,76,43,33
45237,Devilman,darkspear,1720,warlock,demonology,129,64,65
45238,Muchas,area-52,1717,warlock,demonology,30,18,12
45239,Fadedemon,area-52,1716,warlock,demonology,42,32,10
45240,Doomdm,zuljin,1710,warlock,demonology,30,18,12
45241,Jyhoona,chromaggus,1709,warlock,demonology,425,216,209
45242,Dätura,tichondrius,1708,warlock,demonology,32,21,11
45243,Sasaology,frostmourne,1706,warlock,demonology,78,41,37
45244,Milkybøng,area-52,1705,warlock,demonology,99,61,38
45245,Gengar,dalaran,1704,warlock,demonology,155,78,77
45246,Shooterg,tichondrius,1704,warlock,demonology,66,32,34
45247,Dìablo,area-52,1702,warlock,demonology,78,43,35
45248,Quetzâlcoâtl,sargeras,1700,warlock,demonology,29,20,9
45249,Cinderwhip,moon-guard,1700,warlock,demonology,213,106,107
45250,Nethron,the-venture-co,1700,warlock,demonology,72,35,37
45251,Zver,drakkari,1698,warlock,demonology,90,49,41
45252,Ourlegacy,tichondrius,1695,warlock,demonology,40,24,16
45253,Fksm,tichondrius,1692,warlock,demonology,36,20,16
45254,Stopdottroll,zuljin,1690,warlock,demonology,30,18,12
45255,Hulkyy,illidan,1690,warlock,demonology,95,55,40
45256,Metrow,area-52,1688,warlock,demonology,30,18,12
45257,Houdneeznuts,tichondrius,1688,warlock,demonology,150,81,69
45258,Melisândre,kiljaeden,1687,warlock,demonology,47,23,24
45259,Leeka,tichondrius,1687,warlock,demonology,48,23,25
45260,Gørb,wyrmrest-accord,1686,warlock,demonology,48,30,18
45261,Notomorrow,tichondrius,1686,warlock,demonology,146,87,59
45262,Dogegg,tichondrius,1685,warlock,demonology,66,28,38
45263,Ciprýan,azralon,1684,warlock,demonology,82,37,45
45264,Exofilth,thrall,1676,warlock,demonology,86,52,34
45265,Døtyou,area-52,1676,warlock,demonology,35,18,17
45266,Juswannarock,tichondrius,1676,warlock,demonology,51,25,26
45267,Spicyfingerx,illidan,1673,warlock,demonology,36,22,14
45268,Narmazulnn,area-52,1673,warlock,demonology,53,31,22
45269,Wrathh,stormscale,1669,warlock,demonology,45,20,25
45270,Gløcked,area-52,1666,warlock,demonology,48,26,22
45271,Altairo,illidan,1666,warlock,demonology,82,42,40
45272,Doties,bleeding-hollow,1663,warlock,demonology,42,23,19
45273,Aroug,aggramar,1663,warlock,demonology,96,47,49
45274,Mcpickl,illidan,1662,warlock,demonology,54,25,29
45275,Edzeá,frostmourne,1656,warlock,demonology,48,24,24
45276,Archibalding,area-52,1654,warlock,demonology,66,38,28
45277,Rathul,bonechewer,1654,warlock,demonology,61,30,31
45278,Fears,norgannon,1653,warlock,demonology,30,20,10
45279,Vcain,stormrage,1652,warlock,demonology,66,31,35
45280,Gimmeprecog,tichondrius,1651,warlock,demonology,30,21,9
45281,Gihaewon,tichondrius,1650,warlock,demonology,30,20,10
45282,Bosongo,boulderfist,1648,warlock,demonology,52,31,21
45283,Dlchem,tichondrius,1644,warlock,demonology,76,40,36
45284,Phogy,bleeding-hollow,1644,warlock,demonology,71,35,36
45285,Invisibles,barthilas,1642,warlock,demonology,35,20,15
45286,Juxsr,nerzhul,1642,warlock,demonology,42,22,20
45287,Skanckqt,malganis,1638,warlock,demonology,59,31,28
45288,Gromy,lightnings-blade,1637,warlock,demonology,107,67,40
45289,Suzüki,tichondrius,1635,warlock,demonology,36,19,17
45290,Theseance,dalaran,1635,warlock,demonology,60,31,29
45291,Geauxst,tichondrius,1633,warlock,demonology,56,29,27
45292,Oluluo,andorhal,1633,warlock,demonology,41,21,20
45293,Graendol,tichondrius,1630,warlock,demonology,30,17,13
45294,Sickmade,zuljin,1628,warlock,demonology,76,47,29
45295,Azrezzael,area-52,1628,warlock,demonology,36,22,14
45296,Discordance,zuljin,1628,warlock,demonology,30,17,13
45297,Badstepbro,sargeras,1627,warlock,demonology,30,17,13
45298,Ggooudan,tichondrius,1625,warlock,demonology,29,21,8
45299,Jokerxks,tichondrius,1624,warlock,demonology,24,17,7
45300,Kreâtor,tichondrius,1622,warlock,demonology,71,40,31
45301,Demonicsmoke,darrowmere,1622,warlock,demonology,104,56,48
45302,Lambe,tichondrius,1620,warlock,demonology,30,17,13
45303,Bagn,tichondrius,1620,warlock,demonology,42,23,19
45304,Zehzet,area-52,1619,warlock,demonology,24,17,7
45305,Mcpickles,illidan,1618,warlock,demonology,30,19,11
45306,Thalsiani,moon-guard,1618,warlock,demonology,39,22,17
45307,Säbrine,zuljin,1617,warlock,demonology,79,36,43
45308,Epinetheus,stormrage,1617,warlock,demonology,54,23,31
45309,Soreanus,illidan,1615,warlock,demonology,48,30,18
45310,Zantology,frostmourne,1615,warlock,demonology,54,31,23
45311,Krýptizl,frostmourne,1615,warlock,demonology,81,45,36
45312,Raisa,chogall,1615,warlock,demonology,48,23,25
45313,Orgcontroler,hyjal,1615,warlock,demonology,43,18,25
45314,Xlilgee,kelthuzad,1614,warlock,demonology,30,17,13
45315,Abismoarmdr,ragnaros,1613,warlock,demonology,115,66,49
45316,Yükina,stormrage,1611,warlock,demonology,54,29,25
45317,Xanetor,illidan,1611,warlock,demonology,58,31,27
45318,Vawns,zuljin,1611,warlock,demonology,47,24,23
45319,Celestialock,tichondrius,1609,warlock,demonology,55,38,17
45320,Thelocker,stormrage,1609,warlock,demonology,53,32,21
45321,Hers,vashj,1608,warlock,demonology,54,34,20
45322,Hentry,sargeras,1608,warlock,demonology,47,25,22
45323,Lazymongoose,frostmourne,1608,warlock,demonology,132,70,62
45324,Gulßad,tichondrius,1607,warlock,demonology,36,24,12
45325,Diabolock,proudmoore,1607,warlock,demonology,48,26,22
45326,Eatsleepgame,barthilas,1607,warlock,demonology,38,17,21
45327,Eternalsmile,tichondrius,1606,warlock,demonology,36,21,15
45328,Kronicdotz,bleeding-hollow,1606,warlock,demonology,38,20,18
45329,Rasildur,ragnaros,1606,warlock,demonology,49,21,28
45330,Varian,quelthalas,1604,warlock,demonology,93,53,40
45331,Cambolts,tichondrius,1604,warlock,demonology,36,20,16
45332,Voltshot,tichondrius,1604,warlock,demonology,445,229,216
45333,Ktlock,frostmourne,1603,warlock,demonology,114,65,49
45334,Lamdyn,moon-guard,1602,warlock,demonology,78,46,32
45335,Sarcophagus,duskwood,1602,warlock,demonology,33,18,15
45336,Innocentius,illidan,1602,warlock,demonology,82,42,40
45337,Toestye,lightbringer,1600,warlock,demonology,108,56,52
45338,Pollodelight,deathwing,1598,warlock,demonology,30,21,9
45339,Harrydotterr,bonechewer,1598,warlock,demonology,60,29,31
45340,Th,kiljaeden,1596,warlock,demonology,65,30,35
45341,Valkynaris,chogall,1594,warlock,demonology,30,20,10
45342,Warlocklmao,malganis,1594,warlock,demonology,36,19,17
45343,Stonelocke,area-52,1594,warlock,demonology,79,40,39
45344,Yanlexx,stormrage,1592,warlock,demonology,86,44,42
45345,Amour,wyrmrest-accord,1592,warlock,demonology,58,26,32
45346,Doombaby,zuljin,1588,warlock,demonology,48,30,18
45347,Tazerr,sargeras,1586,warlock,demonology,36,19,17
45348,Yazonics,area-52,1585,warlock,demonology,91,49,42
45349,Necronemesis,arthas,1585,warlock,demonology,84,40,44
45350,Cilium,illidan,1584,warlock,demonology,47,27,20
45351,Garcheros,ragnaros,1584,warlock,demonology,45,23,22
45352,Tsunamibaby,anvilmar,1583,warlock,demonology,138,77,61
45353,Yuengling,illidan,1583,warlock,demonology,108,52,56
45354,Raidspot,bleeding-hollow,1581,warlock,demonology,72,40,32
45355,Goorock,area-52,1581,warlock,demonology,78,40,38
45356,Silentfears,tichondrius,1580,warlock,demonology,39,26,13
45357,Actualjoke,frostmourne,1580,warlock,demonology,35,19,16
45358,Curseifier,frostmourne,1579,warlock,demonology,62,33,29
45359,Dreamsw,frostmourne,1578,warlock,demonology,36,18,18
45360,Agertis,frostmourne,1578,warlock,demonology,42,18,24
45361,Smallj,zuljin,1576,warlock,demonology,54,27,27
45362,Uwantpeach,tichondrius,1576,warlock,demonology,35,17,18
45363,Sadgellation,arthas,1574,warlock,demonology,42,27,15
45364,Redbullsz,bleeding-hollow,1573,warlock,demonology,68,34,34
45365,Davekoresh,dunemaul,1571,warlock,demonology,50,27,23
45366,Paparoxy,illidan,1570,warlock,demonology,41,19,22
45367,Empiratore,quelthalas,1569,warlock,demonology,59,26,33
45368,Xephostwo,area-52,1567,warlock,demonology,42,20,22
45369,Blastfinger,tichondrius,1565,warlock,demonology,48,24,24
45370,Xaryl,stormrage,1564,warlock,demonology,108,52,56
45371,Omertà,staghelm,1563,warlock,demonology,52,28,24
45372,Caesaros,quelthalas,1563,warlock,demonology,87,40,47
45373,Miryem,illidan,1556,warlock,demonology,67,36,31
45374,Fullxd,quelthalas,1551,warlock,demonology,54,31,23
45375,Kìllèrgf,area-52,1549,warlock,demonology,249,124,125
45376,Spooknjuke,bleeding-hollow,1546,warlock,demonology,41,26,15
45377,Wickdways,daggerspine,1546,warlock,demonology,54,32,22
45378,Bauchalain,area-52,1541,warlock,demonology,36,21,15
45379,Minichompei,frostmourne,1537,warlock,demonology,29,17,12
45380,Maldinath,sargeras,1535,warlock,demonology,24,16,8
45381,Necroabuser,area-52,1534,warlock,demonology,24,16,8
45382,Soulrulerxc,tichondrius,1534,warlock,demonology,30,16,14
45383,Isometrics,barthilas,1534,warlock,demonology,30,16,14
45384,Dárklórd,dalaran,1534,warlock,demonology,180,95,85
45385,Heartpvp,tichondrius,1532,warlock,demonology,92,48,44
45386,Funkminot,illidan,1531,warlock,demonology,271,137,134
45387,Forsâken,tichondrius,1531,warlock,demonology,95,42,53
45388,Giantgobrin,zuljin,1529,warlock,demonology,30,16,14
45389,Ðåntë,thrall,1526,warlock,demonology,24,16,8
45390,Almostoogood,illidan,1526,warlock,demonology,24,16,8
45391,Gigagnomer,kelthuzad,1523,warlock,demonology,43,19,24
45392,Spookyfurry,area-52,1521,warlock,demonology,60,37,23
45393,Wollylock,dark-iron,1520,warlock,demonology,52,25,27
45394,Wawrlock,stormrage,1516,warlock,demonology,32,22,10
45395,Dcpwns,arthas,1516,warlock,demonology,84,43,41
45396,Fãttyqt,sargeras,1513,warlock,demonology,52,35,17
45397,Sobadhahaha,azralon,1513,warlock,demonology,24,16,8
45398,Ioroselmi,illidan,1511,warlock,demonology,56,36,20
45399,Smartpimp,tichondrius,1508,warlock,demonology,38,21,17
45400,Kandrus,moon-guard,1508,warlock,demonology,158,79,79
45401,Comina,kelthuzad,1507,warlock,demonology,36,16,20
45402,Krolczdots,tichondrius,1505,warlock,demonology,30,18,12
45403,Proletariat,moon-guard,1503,warlock,demonology,64,38,26
45404,Parmenides,tichondrius,1502,warlock,demonology,112,56,56
45405,Bigdotenergi,tichondrius,1501,warlock,demonology,24,16,8
45406,Icemanliddel,area-52,1500,warlock,demonology,35,16,19
45407,Deathcyth,crushridge,1496,warlock,demonology,167,89,78
45408,Hoana,azralon,1495,warlock,demonology,111,60,51
45409,Thekook,illidan,1495,warlock,demonology,43,21,22
45410,Shigero,tichondrius,1494,warlock,demonology,30,19,11
45411,Prägä,drakkari,1493,warlock,demonology,51,27,24
45412,Zorah,quelthalas,1492,warlock,demonology,36,21,15
45413,Damerus,illidan,1487,warlock,demonology,57,24,33
45414,Eriand,nordrassil,1482,warlock,demonology,108,54,54
45415,Mindfulchimp,sargeras,1480,warlock,demonology,49,27,22
45416,Zhoull,thrall,1479,warlock,demonology,48,23,25
45417,Grixis,zuluhed,1478,warlock,demonology,36,23,13
45418,Lamo,dawnbringer,1475,warlock,demonology,178,88,90
45419,Fabriziø,ragnaros,1472,warlock,demonology,31,21,10
45420,Mssy,illidan,1470,warlock,demonology,29,16,13
45421,Kyller,quelthalas,1470,warlock,demonology,30,16,14
45422,Kogath,thunderlord,1469,warlock,demonology,34,18,16
45423,Tubarão,azralon,1467,warlock,demonology,42,26,16
45424,Fluffylockk,bloodscalp,1466,warlock,demonology,58,32,26
45425,Khanaan,illidan,1466,warlock,demonology,30,16,14
45426,Blavindy,illidan,1461,warlock,demonology,54,26,28
45427,Sugarwaffles,area-52,1460,warlock,demonology,60,33,27
45428,Immortallock,tichondrius,1454,warlock,demonology,96,48,48
45429,Musgrin,gallywix,1448,warlock,demonology,76,38,38
45430,Malegnant,proudmoore,1442,warlock,demonology,42,20,22
45431,Imgxyz,frostmourne,1441,warlock,demonology,54,32,22
45432,Scalpelexis,stormrage,1439,warlock,demonology,24,15,9
45433,Darkwîngduck,illidan,1439,warlock,demonology,24,15,9
45434,Exuslock,tichondrius,1438,warlock,demonology,24,15,9
45435,Ötì,altar-of-storms,1437,warlock,demonology,30,18,12
45436,Sosahawk,stormrage,1437,warlock,demonology,30,15,15
45437,Dottcha,blackrock,1436,warlock,demonology,24,15,9
45438,Chaosboltlol,tichondrius,1436,warlock,demonology,30,15,15
45439,Valerik,azralon,1435,warlock,demonology,42,20,22
45440,Helyana,illidan,1433,warlock,demonology,53,31,22
45441,Synisterlock,moon-guard,1432,warlock,demonology,36,18,18
45442,Marowyth,ragnaros,1428,warlock,demonology,30,19,11
45443,Aomniloltv,zuljin,1426,warlock,demonology,24,15,9
45444,Zxyastra,hyjal,1426,warlock,demonology,30,17,13
45445,Mothapucka,thrall,1426,warlock,demonology,47,21,26
45446,Løcalplugxø,barthilas,1425,warlock,demonology,24,15,9
45447,Hibíky,ragnaros,1422,warlock,demonology,36,15,21
45448,Tickleskin,windrunner,1419,warlock,demonology,87,47,40
45449,Arlenna,sargeras,1419,warlock,demonology,128,60,68
45450,Emperator,quelthalas,1413,warlock,demonology,28,16,12
45451,Mysteryannie,tichondrius,1411,warlock,demonology,88,53,35
45452,Kuyog,illidan,1411,warlock,demonology,60,30,30
45453,Ganknãmstyle,illidan,1411,warlock,demonology,65,31,34
45454,Medallok,laughing-skull,1410,warlock,demonology,101,50,51
45455,Laggyturbo,barthilas,1409,warlock,demonology,66,38,28
45456,Rotsndotss,thrall,1408,warlock,demonology,48,20,28
45457,Guisls,azralon,1407,warlock,demonology,60,26,34
45458,Siaokuai,tichondrius,1403,warlock,demonology,36,15,21
45459,Adlfcritler,emerald-dream,1402,warlock,demonology,36,19,17
45460,Monstir,sargeras,1396,warlock,demonology,31,16,15
45461,Suminl,tichondrius,1392,warlock,demonology,24,15,9
45462,Kuroyt,drakkari,1390,warlock,demonology,67,32,35
45463,Kothoped,wyrmrest-accord,1381,warlock,demonology,35,17,18
45464,Guldorum,kiljaeden,1375,warlock,demonology,48,28,20
45465,Nezsarek,sargeras,1373,warlock,demonology,41,22,19
45466,Destrokk,gorefiend,1372,warlock,demonology,30,18,12
45467,Narcan,arthas,1371,warlock,demonology,29,16,13
45468,Es,velen,1364,warlock,demonology,132,69,63
45469,Felorc,wyrmrest-accord,1358,warlock,demonology,63,39,24
45470,Lemongillo,stormrage,1348,warlock,demonology,41,22,19
45471,Dreadlock,tichondrius,1344,warlock,demonology,24,14,10
45472,Voidxx,tichondrius,1343,warlock,demonology,18,14,4
45473,Turbocleave,blackwater-raiders,1343,warlock,demonology,18,14,4
45474,Ellynaria,nemesis,1343,warlock,demonology,18,14,4
45475,Haunt,mugthol,1343,warlock,demonology,24,14,10
45476,Biubius,tichondrius,1343,warlock,demonology,24,14,10
45477,Idotû,tichondrius,1343,warlock,demonology,30,14,16
45478,Joung,tichondrius,1342,warlock,demonology,24,14,10
45479,Slothycrip,emerald-dream,1342,warlock,demonology,36,14,22
45480,Demonalien,malganis,1339,warlock,demonology,18,14,4
45481,Fearbarx,illidan,1339,warlock,demonology,24,14,10
45482,Douzz,frostmourne,1338,warlock,demonology,24,14,10
45483,Yoyoling,illidan,1338,warlock,demonology,208,106,102
45484,Antigotenent,sargeras,1336,warlock,demonology,24,14,10
45485,Ptwo,illidan,1333,warlock,demonology,24,14,10
45486,Jamesiyah,moon-guard,1333,warlock,demonology,60,29,31
45487,Daxxter,tichondrius,1331,warlock,demonology,30,14,16
45488,Ézman,tichondrius,1330,warlock,demonology,24,14,10
45489,Smôkedsôul,area-52,1330,warlock,demonology,24,14,10
45490,Bestwarlock,skywall,1328,warlock,demonology,30,14,16
45491,Eldriptch,kelthuzad,1325,warlock,demonology,27,15,12
45492,Stormrift,sargeras,1325,warlock,demonology,36,14,22
45493,Nttslock,tichondrius,1324,warlock,demonology,30,14,16
45494,Memon,frostmane,1324,warlock,demonology,65,29,36
45495,Seekma,gallywix,1322,warlock,demonology,24,14,10
45496,Superjuno,sargeras,1319,warlock,demonology,18,14,4
45497,Warlockluo,tichondrius,1319,warlock,demonology,24,14,10
45498,Dawdrax,gallywix,1313,warlock,demonology,22,15,7
45499,Jokerks,tichondrius,1310,warlock,demonology,23,14,9
45500,Avoidence,tanaris,1308,warlock,demonology,24,14,10
45501,Sû,stormrage,1301,warlock,demonology,82,39,43
45502,Shadowflame,skullcrusher,1299,warlock,demonology,91,48,43
45503,Gotfear,zuljin,1287,warlock,demonology,255,129,126
45504,Valerilma,azralon,1284,warlock,demonology,40,18,22
45505,Warlockdelux,thrall,1282,warlock,demonology,48,17,31
45506,Gauul,illidan,1281,warlock,demonology,70,39,31
45507,Heathncraig,illidan,1279,warlock,demonology,50,29,21
45508,Screampied,sargeras,1279,warlock,demonology,53,24,29
45509,Tizzy,malganis,1276,warlock,demonology,32,21,11
45510,Regime,deathwing,1275,warlock,demonology,24,14,10
45511,Cornboil,tichondrius,1274,warlock,demonology,57,27,30
45512,Voidwarlord,tichondrius,1271,warlock,demonology,107,56,51
45513,Aniie,nemesis,1268,warlock,demonology,66,31,35
45514,Willsayan,ragnaros,1266,warlock,demonology,42,16,26
45515,Arcaangell,sargeras,1264,warlock,demonology,63,35,28
45516,Bluffzlock,boulderfist,1260,warlock,demonology,23,14,9
45517,Bänno,bleeding-hollow,1256,warlock,demonology,29,14,15
45518,Wazog,jubeithos,1250,warlock,demonology,30,16,14
45519,Salacia,chogall,1249,warlock,demonology,171,83,88
45520,Scalpelx,tichondrius,1248,warlock,demonology,18,13,5
45521,Adonege,tichondrius,1248,warlock,demonology,24,13,11
45522,Drakatat,tichondrius,1248,warlock,demonology,24,13,11
45523,Deathboltx,zuljin,1248,warlock,demonology,24,13,11
45524,Welpxd,tichondrius,1247,warlock,demonology,18,13,5
45525,Séptima,illidan,1247,warlock,demonology,18,13,5
45526,Pfhear,area-52,1247,warlock,demonology,24,13,11
45527,Mukkamuk,shadowmoon,1246,warlock,demonology,18,13,5
45528,Feinnx,dalaran,1246,warlock,demonology,30,13,17
45529,Evianne,skywall,1244,warlock,demonology,30,13,17
45530,Homeschooler,darkspear,1243,warlock,demonology,24,13,11
45531,Dôctor,tichondrius,1243,warlock,demonology,46,20,26
45532,Warlockafk,darkspear,1242,warlock,demonology,24,17,7
45533,Demonkiiller,kelthuzad,1237,warlock,demonology,30,13,17
45534,Esdreel,ragnaros,1236,warlock,demonology,24,13,11
45535,Tomzombe,durotan,1233,warlock,demonology,18,13,5
45536,Drain,proudmoore,1233,warlock,demonology,18,13,5
45537,Lpharji,tichondrius,1231,warlock,demonology,24,13,11
45538,Alaren,korgath,1231,warlock,demonology,36,13,23
45539,Brawndelock,stormrage,1228,warlock,demonology,24,13,11
45540,Welendiock,malganis,1228,warlock,demonology,43,21,22
45541,Naydene,moon-guard,1219,warlock,demonology,66,31,35
45542,Jezzika,azralon,1211,warlock,demonology,51,20,31
45543,Sphîñx,sargeras,1208,warlock,demonology,33,14,19
45544,Zeeref,stormrage,1206,warlock,demonology,30,13,17
45545,Demophile,bleeding-hollow,1204,warlock,demonology,24,18,6
45546,Lockdlhm,tichondrius,1197,warlock,demonology,23,13,10
45547,Catarina,kaelthas,1183,warlock,demonology,22,13,9
45548,Adistril,bleeding-hollow,1182,warlock,demonology,48,14,34
45549,Syndrielle,emerald-dream,1181,warlock,demonology,54,22,32
45550,Artmaster,nordrassil,1174,warlock,demonology,30,20,10
45551,Snuffer,detheroc,1164,warlock,demonology,30,13,17
45552,Stankidanky,illidan,1156,warlock,demonology,30,18,12
45553,Venticm,tichondrius,1152,warlock,demonology,18,12,6
45554,Voidxz,tichondrius,1152,warlock,demonology,18,12,6
45555,Medzor,tichondrius,1152,warlock,demonology,24,12,12
45556,Blliizz,aegwynn,1151,warlock,demonology,18,12,6
45557,Demise,azuremyst,1151,warlock,demonology,24,12,12
45558,Lentil,zuljin,1150,warlock,demonology,18,12,6
45559,Spectaclol,crushridge,1150,warlock,demonology,18,12,6
45560,Emurog,icecrown,1150,warlock,demonology,18,12,6
45561,Kotica,stormrage,1149,warlock,demonology,28,13,15
45562,Chipt,kelthuzad,1149,warlock,demonology,30,12,18
45563,Drkdestro,boulderfist,1148,warlock,demonology,42,12,30
45564,Zrò,bleeding-hollow,1147,warlock,demonology,18,12,6
45565,Nyhn,bleeding-hollow,1144,warlock,demonology,18,12,6
45566,Critthis,illidan,1141,warlock,demonology,24,12,12
45567,Moryan,malfurion,1136,warlock,demonology,33,13,20
45568,Bizcochito,thrall,1134,warlock,demonology,24,12,12
45569,Saltiernuts,malganis,1128,warlock,demonology,48,22,26
45570,Xtralyfe,hyjal,1117,warlock,demonology,22,12,10
45571,Löksöflöve,sargeras,1101,warlock,demonology,60,25,35
45572,Nellon,azralon,1087,warlock,demonology,26,13,13
45573,Elipsis,bloodhoof,1086,warlock,demonology,23,12,11
45574,Politepvperx,kelthuzad,1070,warlock,demonology,17,12,5
45575,Lilmollyboy,demon-soul,1068,warlock,demonology,13,12,1
45576,Netherhigh,tichondrius,1061,warlock,demonology,66,32,34
45577,Waii,emerald-dream,1056,warlock,demonology,12,11,1
45578,Starta,tichondrius,1056,warlock,demonology,12,11,1
45579,Bøltqt,tichondrius,1056,warlock,demonology,12,11,1
45580,Igortrikadva,zuljin,1056,warlock,demonology,12,11,1
45581,Mixolydian,malganis,1055,warlock,demonology,12,11,1
45582,Betterone,azralon,1055,warlock,demonology,18,11,7
45583,Fotmspec,area-52,1055,warlock,demonology,18,11,7
45584,Minervini,kiljaeden,1054,warlock,demonology,12,11,1
45585,Praemonium,dalaran,1054,warlock,demonology,18,11,7
45586,Choas,jaedenar,1051,warlock,demonology,18,11,7
45587,Menedemus,amanthul,1050,warlock,demonology,24,11,13
45588,Mêdìvh,tichondrius,1050,warlock,demonology,24,11,13
45589,Zinkro,quelthalas,1049,warlock,demonology,22,12,10
45590,Tròll,moon-guard,1049,warlock,demonology,54,25,29
45591,Ipickcotton,barthilas,1049,warlock,demonology,24,11,13
45592,Prahvstein,shuhalo,1047,warlock,demonology,18,11,7
45593,Tartamuda,ragnaros,1037,warlock,demonology,30,11,19
45594,Yozzik,illidan,1036,warlock,demonology,29,11,18
45595,Rickrock,gnomeregan,1034,warlock,demonology,18,11,7
45596,Westhøf,sargeras,1023,warlock,demonology,17,11,6
45597,Rannieck,dark-iron,1022,warlock,demonology,16,12,4
45598,Tichondrus,ragnaros,1007,warlock,demonology,29,11,18
45599,Lukelock,azralon,990,warlock,demonology,22,11,11
45600,Mocreia,azralon,981,warlock,demonology,28,11,17
45601,Uzag,mugthol,975,warlock,demonology,26,11,15
45602,Phyxylock,stormrage,960,warlock,demonology,12,10,2
45603,Meltlordqt,mannoroth,960,warlock,demonology,12,10,2
45604,Beerbolt,dalaran,960,warlock,demonology,12,10,2
45605,Hecataeus,stormrage,960,warlock,demonology,12,10,2
45606,Felegance,proudmoore,960,warlock,demonology,18,10,8
45607,Spacedots,illidan,960,warlock,demonology,18,10,8
45608,Vexice,firetree,960,warlock,demonology,18,10,8
45609,Pikme,bleeding-hollow,960,warlock,demonology,18,10,8
45610,Idiocy,stormrage,960,warlock,demonology,18,10,8
45611,Iruffcarla,cairne,960,warlock,demonology,18,10,8
45612,Xyguoguo,tichondrius,960,warlock,demonology,18,10,8
45613,Epícburn,illidan,960,warlock,demonology,22,11,11
45614,Millions,barthilas,960,warlock,demonology,24,10,14
45615,Wdc,illidan,960,warlock,demonology,24,10,14
45616,Torghast,bloodhoof,960,warlock,demonology,24,10,14
45617,Syraxi,illidan,959,warlock,demonology,18,10,8
45618,Brightmoonhw,tichondrius,959,warlock,demonology,18,10,8
45619,Purraisa,tichondrius,959,warlock,demonology,18,10,8
45620,Devilin,drakkari,959,warlock,demonology,18,10,8
45621,Lockman,frostwolf,959,warlock,demonology,24,12,12
45622,Lefteexd,tichondrius,959,warlock,demonology,24,10,14
45623,Hâm,dalaran,959,warlock,demonology,36,10,26
45624,Lynnha,wyrmrest-accord,958,warlock,demonology,24,10,14
45625,Nurglea,proudmoore,957,warlock,demonology,18,10,8
45626,Daesire,moon-guard,957,warlock,demonology,18,10,8
45627,Lockswagger,stormrage,956,warlock,demonology,18,10,8
45628,Zaintv,illidan,955,warlock,demonology,18,10,8
45629,Kaertis,emerald-dream,955,warlock,demonology,21,11,10
45630,Leine,proudmoore,955,warlock,demonology,24,10,14
45631,Methrocks,emerald-dream,953,warlock,demonology,24,10,14
45632,Sørceress,bonechewer,948,warlock,demonology,18,10,8
45633,Maroth,elune,945,warlock,demonology,24,10,14
45634,Voldamorte,tichondrius,925,warlock,demonology,23,10,13
45635,Sheara,silver-hand,905,warlock,demonology,24,10,14
45636,Twinklockxx,mannoroth,895,warlock,demonology,23,10,13
45637,Apples,ravencrest,894,warlock,demonology,17,10,7
45638,Lintlickin,bonechewer,893,warlock,demonology,14,10,4
45639,Idoturmum,frostmourne,889,warlock,demonology,27,11,16
45640,Maxice,zuljin,864,warlock,demonology,12,9,3
45641,Samsara,akama,864,warlock,demonology,12,9,3
45642,Impenjoyer,tichondrius,864,warlock,demonology,12,9,3
45643,Leleth,nordrassil,864,warlock,demonology,12,9,3
45644,Muchø,emerald-dream,864,warlock,demonology,12,9,3
45645,Peterdotz,whisperwind,864,warlock,demonology,13,9,4
45646,Louu,emerald-dream,864,warlock,demonology,18,9,9
45647,Jæja,wyrmrest-accord,864,warlock,demonology,18,9,9
45648,Evanylock,proudmoore,864,warlock,demonology,18,9,9
45649,Dxhusky,tichondrius,864,warlock,demonology,18,9,9
45650,Bewær,deathwing,864,warlock,demonology,18,9,9
45651,Fatals,thrall,863,warlock,demonology,12,9,3
45652,Ezgamejr,tichondrius,863,warlock,demonology,12,9,3
45653,Jorloz,ragnaros,863,warlock,demonology,12,9,3
45654,Nêlson,area-52,863,warlock,demonology,12,9,3
45655,Owwie,malganis,863,warlock,demonology,12,9,3
45656,Djvetis,blackhand,863,warlock,demonology,18,9,9
45657,Criticalpets,stormrage,863,warlock,demonology,18,9,9
45658,Dudebrø,zuluhed,863,warlock,demonology,18,9,9
45659,Harleyjames,ravenholdt,862,warlock,demonology,12,9,3
45660,Päpï,tichondrius,862,warlock,demonology,12,9,3
45661,Easymac,thunderlord,860,warlock,demonology,24,9,15
45662,Oopsíe,nagrand,860,warlock,demonology,24,9,15
45663,Braylon,azuremyst,856,warlock,demonology,18,9,9
45664,Wakkundoe,tichondrius,846,warlock,demonology,17,9,8
45665,Mamabolts,kelthuzad,846,warlock,demonology,17,9,8
45666,Orbvoid,sargeras,845,warlock,demonology,24,9,15
45667,Demoniclily,kiljaeden,816,warlock,demonology,21,9,12
45668,Cleavüs,stormrage,815,warlock,demonology,11,9,2
45669,Pvtpotato,tichondrius,768,warlock,demonology,12,8,4
45670,Westhofs,sargeras,768,warlock,demonology,12,8,4
45671,Moramont,stormrage,768,warlock,demonology,12,8,4
45672,Perfectíon,tichondrius,768,warlock,demonology,12,8,4
45673,Marshyxd,tichondrius,768,warlock,demonology,12,8,4
45674,Gnumbnutz,blades-edge,768,warlock,demonology,12,8,4
45675,Thefunk,tichondrius,768,warlock,demonology,12,8,4
45676,Bigboltkazar,tichondrius,768,warlock,demonology,12,8,4
45677,Menemies,malganis,768,warlock,demonology,12,8,4
45678,Famelol,tichondrius,768,warlock,demonology,12,8,4
45679,Asmion,earthen-ring,768,warlock,demonology,12,8,4
45680,Urfucct,burning-blade,768,warlock,demonology,12,8,4
45681,Wrathzn,azralon,768,warlock,demonology,12,8,4
45682,Bïcho,queldorei,768,warlock,demonology,18,8,10
45683,Nismo,trollbane,768,warlock,demonology,18,8,10
45684,Dunni,area-52,768,warlock,demonology,18,8,10
45685,Vasqu,stormrage,768,warlock,demonology,18,8,10
45686,Joseph,draktharon,768,warlock,demonology,18,8,10
45687,Niava,tichondrius,768,warlock,demonology,18,8,10
45688,Puchador,sargeras,768,warlock,demonology,24,8,16
45689,Neutrinowal,tichondrius,768,warlock,demonology,24,8,16
45690,Rosacrutian,tichondrius,767,warlock,demonology,12,8,4
45691,Shâdowman,stormrage,767,warlock,demonology,12,8,4
45692,Gibberishss,tichondrius,767,warlock,demonology,12,8,4
45693,Grendael,area-52,767,warlock,demonology,12,8,4
45694,Sytrick,bleeding-hollow,767,warlock,demonology,18,8,10
45695,Aboode,blackrock,767,warlock,demonology,18,8,10
45696,Fullmelt,azjolnerub,767,warlock,demonology,18,8,10
45697,Boltsfordays,dalaran,767,warlock,demonology,24,8,16
45698,Bojàck,stormrage,766,warlock,demonology,12,8,4
45699,Ritzhul,nordrassil,766,warlock,demonology,12,8,4
45700,Elioknight,area-52,766,warlock,demonology,18,8,10
45701,Lustyclam,tichondrius,765,warlock,demonology,12,8,4
45702,Cvntpvntcans,kelthuzad,764,warlock,demonology,18,8,10
45703,Pulentinskin,quelthalas,764,warlock,demonology,24,8,16
45704,Griffoz,frostwolf,763,warlock,demonology,18,8,10
45705,Getavoided,azralon,714,warlock,demonology,13,9,4
45706,Bâppo,antonidas,714,warlock,demonology,24,11,13
45707,Eklypso,kelthuzad,714,warlock,demonology,20,9,11
45708,Nurnok,ragnaros,713,warlock,demonology,18,9,9
45709,Tikz,magtheridon,703,warlock,demonology,11,8,3
45710,Agla,quelthalas,672,warlock,demonology,12,7,5
45711,Sorenbjerga,zuljin,672,warlock,demonology,12,7,5
45712,Shuffler,tichondrius,672,warlock,demonology,12,7,5
45713,Demonmal,frostmourne,672,warlock,demonology,12,7,5
45714,Decolock,tichondrius,672,warlock,demonology,12,7,5
45715,Expiredonion,bleeding-hollow,672,warlock,demonology,12,7,5
45716,Ðamndaddy,sargeras,672,warlock,demonology,12,7,5
45717,Isömetrics,barthilas,672,warlock,demonology,12,7,5
45718,Løckyun,tichondrius,672,warlock,demonology,12,7,5
45719,Deammon,tichondrius,672,warlock,demonology,12,7,5
45720,Dadtired,tichondrius,672,warlock,demonology,12,7,5
45721,Zeexi,illidan,672,warlock,demonology,12,7,5
45722,Aruotnof,nemesis,672,warlock,demonology,12,7,5
45723,Laiquisha,zuljin,672,warlock,demonology,12,7,5
45724,Protomán,agamaggan,672,warlock,demonology,12,7,5
45725,Sauronne,illidan,672,warlock,demonology,12,7,5
45726,Lifeinsuranc,tichondrius,672,warlock,demonology,12,7,5
45727,Playandlock,illidan,672,warlock,demonology,12,7,5
45728,Fearmore,bleeding-hollow,672,warlock,demonology,12,7,5
45729,Anjkh,skullcrusher,672,warlock,demonology,12,7,5
45730,Jweezy,malganis,672,warlock,demonology,12,7,5
45731,Bestcookies,malganis,672,warlock,demonology,12,7,5
45732,Torowasabi,tichondrius,672,warlock,demonology,15,7,8
45733,Ranil,mannoroth,672,warlock,demonology,18,7,11
45734,Evarona,gorefiend,672,warlock,demonology,18,7,11
45735,Staywrong,malganis,672,warlock,demonology,18,7,11
45736,Matrriixx,proudmoore,672,warlock,demonology,18,7,11
45737,Urïk,stormrage,672,warlock,demonology,18,7,11
45738,Snoosnoo,exodar,671,warlock,demonology,12,7,5
45739,Faraday,laughing-skull,671,warlock,demonology,12,7,5
45740,Saldori,malganis,671,warlock,demonology,12,7,5
45741,Damagexx,the-underbog,671,warlock,demonology,12,7,5
45742,Celindeyn,stormrage,671,warlock,demonology,12,7,5
45743,Nëcrophil,area-52,671,warlock,demonology,12,7,5
45744,Glortheeb,spirestone,671,warlock,demonology,12,7,5
45745,Dotsfired,crushridge,671,warlock,demonology,18,7,11
45746,Chelythalle,tichondrius,671,warlock,demonology,19,7,12
45747,Bashel,sargeras,670,warlock,demonology,12,7,5
45748,Deanwarlock,sargeras,670,warlock,demonology,12,7,5
45749,Lokiiee,azuremyst,664,warlock,demonology,12,7,5
45750,Tsmcfker,tichondrius,654,warlock,demonology,17,7,10
45751,Middot,area-52,639,warlock,demonology,17,7,10
45752,Heilcyon,illidan,622,warlock,demonology,11,7,4
45753,Chlomakï,azralon,622,warlock,demonology,11,7,4
45754,Chaosboltex,tichondrius,618,warlock,demonology,14,8,6
45755,Sicksick,tichondrius,618,warlock,demonology,21,8,13
45756,Andlerock,emerald-dream,616,warlock,demonology,13,8,5
45757,Vueltoachote,stormrage,592,warlock,demonology,13,7,6
45758,Vìqtìm,kelthuzad,576,warlock,demonology,6,6,0
45759,Dazevil,burning-blade,576,warlock,demonology,6,6,0
45760,Fakemagician,tichondrius,576,warlock,demonology,6,6,0
45761,Spook,steamwheedle-cartel,576,warlock,demonology,6,6,0
45762,Toxik,zuljin,576,warlock,demonology,6,6,0
45763,Nðm,tichondrius,576,warlock,demonology,6,6,0
45764,Lillpfudd,area-52,576,warlock,demonology,6,6,0
45765,Honne,sargeras,576,warlock,demonology,10,7,3
45766,Projectpump,kelthuzad,576,warlock,demonology,12,6,6
45767,Zoerina,fizzcrank,576,warlock,demonology,12,6,6
45768,Muchopower,ragnaros,576,warlock,demonology,12,6,6
45769,Tesil,tichondrius,576,warlock,demonology,12,6,6
45770,Vexria,wyrmrest-accord,576,warlock,demonology,12,6,6
45771,Graveland,frostwolf,576,warlock,demonology,12,6,6
45772,Scarletdemon,malganis,576,warlock,demonology,12,6,6
45773,Kyralena,stormrage,576,warlock,demonology,12,6,6
45774,Dalah,illidan,576,warlock,demonology,12,6,6
45775,Imbooms,blackrock,576,warlock,demonology,12,6,6
45776,Westhofz,tichondrius,576,warlock,demonology,12,6,6
45777,Marothredd,nathrezim,576,warlock,demonology,12,6,6
45778,Oniyooshi,kelthuzad,576,warlock,demonology,12,6,6
45779,Chaosblade,burning-blade,576,warlock,demonology,12,6,6
45780,Pumpkeenky,hyjal,576,warlock,demonology,12,6,6
45781,Babybolt,frostmourne,576,warlock,demonology,12,6,6
45782,Conboii,tichondrius,576,warlock,demonology,12,6,6
45783,Blastyboat,terenas,576,warlock,demonology,12,6,6
45784,Eddybigbolts,tichondrius,576,warlock,demonology,12,6,6
45785,Diabhlaí,tichondrius,576,warlock,demonology,12,6,6
45786,Destructio,tichondrius,576,warlock,demonology,12,6,6
45787,Sorath,blackrock,576,warlock,demonology,12,6,6
45788,Sacrilege,zuljin,576,warlock,demonology,12,6,6
45789,Exxosl,tichondrius,576,warlock,demonology,12,6,6
45790,Yaldin,nemesis,576,warlock,demonology,12,6,6
45791,Bellath,azralon,576,warlock,demonology,12,6,6
45792,Davidofbowie,burning-legion,576,warlock,demonology,12,6,6
45793,Backseatn,tichondrius,576,warlock,demonology,12,6,6
45794,Artzul,tichondrius,576,warlock,demonology,15,7,8
45795,Dreadful,frostmourne,576,warlock,demonology,18,6,12
45796,Yungwilly,silvermoon,576,warlock,demonology,18,6,12
45797,Shadowhax,area-52,576,warlock,demonology,18,6,12
45798,Ragnalock,laughing-skull,576,warlock,demonology,20,6,14
45799,Shadü,tichondrius,576,warlock,demonology,25,6,19
45800,Lockazo,quelthalas,575,warlock,demonology,6,6,0
45801,Bazeni,frostmourne,575,warlock,demonology,6,6,0
45802,Sylvanes,emerald-dream,575,warlock,demonology,12,6,6
45803,Twototheone,illidan,575,warlock,demonology,12,6,6
45804,Xenagos,antonidas,575,warlock,demonology,12,6,6
45805,Lollilock,area-52,575,warlock,demonology,12,6,6
45806,Voidgown,moon-guard,575,warlock,demonology,12,6,6
45807,Syndel,drakkari,575,warlock,demonology,12,6,6
45808,Szell,caelestrasz,575,warlock,demonology,12,6,6
45809,Ronacq,norgannon,575,warlock,demonology,12,6,6
45810,Canning,shuhalo,575,warlock,demonology,18,6,12
45811,Daliadark,sargeras,575,warlock,demonology,21,6,15
45812,Yury,scarlet-crusade,574,warlock,demonology,18,6,12
45813,Nécromonster,illidan,574,warlock,demonology,18,6,12
45814,Undeadcurse,frostmourne,574,warlock,demonology,24,6,18
45815,Algard,emerald-dream,573,warlock,demonology,12,6,6
45816,ßaphomet,blackrock,543,warlock,demonology,11,6,5
45817,Jafi,coilfang,543,warlock,demonology,17,6,11
45818,Penzer,stormrage,528,warlock,demonology,15,6,9
45819,Ceeloww,illidan,527,warlock,demonology,11,6,5
45820,Constantine,exodar,527,warlock,demonology,17,6,11
45821,Nostractus,azralon,517,warlock,demonology,15,7,8
45822,Creepydotman,mannoroth,511,warlock,demonology,14,6,8
45823,Tiatiatia,illidan,480,warlock,demonology,6,5,1
45824,Nos,bleeding-hollow,480,warlock,demonology,6,5,1
45825,Symplicìty,area-52,480,warlock,demonology,6,5,1
45826,Kossnen,shandris,480,warlock,demonology,6,5,1
45827,Igniz,tichondrius,480,warlock,demonology,6,5,1
45828,Tít,malganis,480,warlock,demonology,6,5,1
45829,Necrotko,malganis,480,warlock,demonology,6,5,1
45830,Vapeboi,bleeding-hollow,480,warlock,demonology,6,5,1
45831,Charlieo,barthilas,480,warlock,demonology,6,5,1
45832,Salsong,draka,480,warlock,demonology,6,5,1
45833,Khaozx,ragnaros,480,warlock,demonology,6,5,1
45834,Rotkid,barthilas,480,warlock,demonology,6,5,1
45835,Niadmer,gnomeregan,480,warlock,demonology,6,5,1
45836,Floorlamp,anvilmar,480,warlock,demonology,6,5,1
45837,Suwook,tichondrius,480,warlock,demonology,6,5,1
45838,Aînzooalgown,ragnaros,480,warlock,demonology,6,5,1
45839,Pardoned,stormrage,480,warlock,demonology,6,5,1
45840,Luku,kiljaeden,480,warlock,demonology,6,5,1
45841,Conboi,tichondrius,480,warlock,demonology,6,5,1
45842,Velrose,thrall,480,warlock,demonology,6,5,1
45843,Seutóóbinha,stormrage,480,warlock,demonology,6,5,1
45844,Sinixx,tichondrius,480,warlock,demonology,6,5,1
45845,Gavvi,frostmourne,480,warlock,demonology,6,5,1
45846,Dodgebolts,khaz-modan,480,warlock,demonology,6,5,1
45847,Druzzaj,thrall,480,warlock,demonology,6,5,1
45848,Reneqtxo,frostmourne,480,warlock,demonology,6,5,1
45849,Drainedd,blades-edge,480,warlock,demonology,6,5,1
45850,Therru,tichondrius,480,warlock,demonology,6,5,1
45851,Lafuke,tichondrius,480,warlock,demonology,6,5,1
45852,Conboee,tichondrius,480,warlock,demonology,6,5,1
45853,Lockonthc,korgath,480,warlock,demonology,12,5,7
45854,Ragdoll,illidan,480,warlock,demonology,12,5,7
45855,Dkdakìng,dalaran,480,warlock,demonology,12,5,7
45856,Mânuel,akama,480,warlock,demonology,12,5,7
45857,Gandorf,alleria,480,warlock,demonology,12,5,7
45858,Dapperdanxy,tichondrius,480,warlock,demonology,12,5,7
45859,Rumpology,illidan,480,warlock,demonology,12,5,7
45860,Fshi,frostmourne,480,warlock,demonology,12,5,7
45861,Zarinista,veknilash,480,warlock,demonology,12,5,7
45862,Grandpapapa,tichondrius,480,warlock,demonology,12,5,7
45863,Tribulatiön,moon-guard,480,warlock,demonology,12,5,7
45864,Breeak,sargeras,480,warlock,demonology,12,5,7
45865,Sinápsís,ragnaros,480,warlock,demonology,12,5,7
45866,Demonâ,ragnaros,480,warlock,demonology,12,5,7
45867,Criptix,bleeding-hollow,480,warlock,demonology,12,5,7
45868,Meisy,quelthalas,480,warlock,demonology,12,5,7
45869,Alataar,sargeras,480,warlock,demonology,12,5,7
45870,Aellorie,proudmoore,480,warlock,demonology,12,5,7
45871,Klumzey,tichondrius,480,warlock,demonology,12,5,7
45872,Démoniaque,garrosh,480,warlock,demonology,12,5,7
45873,Demic,thrall,480,warlock,demonology,12,5,7
45874,Wheremyshoes,area-52,480,warlock,demonology,12,5,7
45875,Dewandoritos,kelthuzad,480,warlock,demonology,12,5,7
45876,Grineed,emerald-dream,480,warlock,demonology,12,5,7
45877,Rooms,sargeras,480,warlock,demonology,12,5,7
45878,Liuh,tichondrius,480,warlock,demonology,12,5,7
45879,Søcks,tichondrius,480,warlock,demonology,12,5,7
45880,Gandreleda,wyrmrest-accord,480,warlock,demonology,16,6,10
45881,Paleontology,moon-guard,480,warlock,demonology,14,5,9
45882,Flangy,kiljaeden,480,warlock,demonology,14,5,9
45883,Sagaema,silvermoon,479,warlock,demonology,6,5,1
45884,Stinkmeaner,chogall,479,warlock,demonology,12,5,7
45885,Dundreavan,area-52,479,warlock,demonology,12,5,7
45886,Eflock,barthilas,479,warlock,demonology,12,5,7
45887,Omegawarlock,quelthalas,479,warlock,demonology,18,5,13
45888,Lockybalbowa,amanthul,479,warlock,demonology,18,5,13
45889,Elyshia,illidan,478,warlock,demonology,21,6,15
45890,Iolitee,khazgoroth,477,warlock,demonology,12,5,7
45891,Sathorastus,spirestone,448,warlock,demonology,10,6,4
45892,Rentacletape,kelthuzad,447,warlock,demonology,9,6,3
45893,Agaros,zuljin,426,warlock,demonology,17,6,11
45894,Keturáh,garrosh,416,warlock,demonology,16,6,10
45895,Rosalynda,azralon,398,warlock,demonology,10,5,5
45896,Meelady,tichondrius,384,warlock,demonology,6,4,2
45897,Helheim,haomarush,384,warlock,demonology,6,4,2
45898,Alchan,tichondrius,384,warlock,demonology,6,4,2
45899,Famington,tichondrius,384,warlock,demonology,6,4,2
45900,Ahp,stormrage,384,warlock,demonology,6,4,2
45901,Bellatriks,nemesis,384,warlock,demonology,6,4,2
45902,Radii,bladefist,384,warlock,demonology,6,4,2
45903,Meep,madoran,384,warlock,demonology,6,4,2
45904,Rodneyjones,emerald-dream,384,warlock,demonology,6,4,2
45905,Ethero,emerald-dream,384,warlock,demonology,6,4,2
45906,Kernlberton,tichondrius,384,warlock,demonology,6,4,2
45907,Deatthmoon,stormrage,384,warlock,demonology,6,4,2
45908,Mädzy,azralon,384,warlock,demonology,6,4,2
45909,Kyrionn,azralon,384,warlock,demonology,6,4,2
45910,Frustration,darkspear,384,warlock,demonology,6,4,2
45911,Blunder,frostmourne,384,warlock,demonology,6,4,2
45912,Coomerdoomer,stormrage,384,warlock,demonology,6,4,2
45913,Crayonchewer,alleria,384,warlock,demonology,6,4,2
45914,Khalamar,steamwheedle-cartel,384,warlock,demonology,6,4,2
45915,Tiddliwinx,nordrassil,384,warlock,demonology,6,4,2
45916,Drix,wyrmrest-accord,384,warlock,demonology,6,4,2
45917,Xekk,wyrmrest-accord,384,warlock,demonology,6,4,2
45918,Fokâi,sargeras,384,warlock,demonology,6,4,2
45919,Moräl,frostmourne,384,warlock,demonology,6,4,2
45920,Il,nerzhul,384,warlock,demonology,6,4,2
45921,Brujever,ragnaros,384,warlock,demonology,6,4,2
45922,Nerolock,frostmourne,384,warlock,demonology,6,4,2
45923,Fanzhiyi,illidan,384,warlock,demonology,6,4,2
45924,Lizlock,stormrage,384,warlock,demonology,6,4,2
45925,Sakuin,bonechewer,384,warlock,demonology,6,4,2
45926,Quonton,tichondrius,384,warlock,demonology,6,4,2
45927,Spicyfingerx,zangarmarsh,384,warlock,demonology,6,4,2
45928,Viejitaa,quelthalas,384,warlock,demonology,6,4,2
45929,Conjur,barthilas,384,warlock,demonology,6,4,2
45930,Sayatar,ragnaros,384,warlock,demonology,6,4,2
45931,Vilebrute,illidan,384,warlock,demonology,6,4,2
45932,Drekka,bleeding-hollow,384,warlock,demonology,6,4,2
45933,Vesaloth,zuljin,384,warlock,demonology,6,4,2
45934,Karmalock,malganis,384,warlock,demonology,6,4,2
45935,Hordefella,malganis,384,warlock,demonology,6,4,2
45936,Dashaad,illidan,384,warlock,demonology,6,4,2
45937,Bigmancam,illidan,384,warlock,demonology,6,4,2
45938,Diosban,malganis,384,warlock,demonology,6,4,2
45939,Mazzaleen,area-52,384,warlock,demonology,6,4,2
45940,Curpt,the-scryers,384,warlock,demonology,6,4,2
45941,Hélà,sargeras,384,warlock,demonology,6,4,2
45942,Abantes,area-52,384,warlock,demonology,6,4,2
45943,Thanock,illidan,384,warlock,demonology,6,4,2
45944,Retaruko,illidan,384,warlock,demonology,6,4,2
45945,Djdemolordx,bleeding-hollow,384,warlock,demonology,6,4,2
45946,Lockniel,skullcrusher,384,warlock,demonology,6,4,2
45947,Nightblloom,illidan,384,warlock,demonology,6,4,2
45948,Ardam,cenarion-circle,384,warlock,demonology,6,4,2
45949,Logixo,sargeras,384,warlock,demonology,7,4,3
45950,Warlooch,area-52,384,warlock,demonology,9,5,4
45951,Woudini,malganis,384,warlock,demonology,10,5,5
45952,Jvilla,tichondrius,384,warlock,demonology,8,4,4
45953,Dotsandpot,malfurion,384,warlock,demonology,12,4,8
45954,Rylal,illidan,384,warlock,demonology,12,4,8
45955,Demodar,tol-barad,384,warlock,demonology,12,4,8
45956,Pìnto,illidan,384,warlock,demonology,12,4,8
45957,Nefertarie,illidan,384,warlock,demonology,12,4,8
45958,Srz,stormrage,384,warlock,demonology,12,4,8
45959,Frezy,stormrage,384,warlock,demonology,12,4,8
45960,Dogcookie,moon-guard,384,warlock,demonology,12,4,8
45961,Ven,dalaran,384,warlock,demonology,12,4,8
45962,Uarus,tichondrius,384,warlock,demonology,12,4,8
45963,Çheesestick,dalaran,384,warlock,demonology,12,4,8
45964,Tahmrin,quelthalas,384,warlock,demonology,12,4,8
45965,Nazare,tichondrius,384,warlock,demonology,12,4,8
45966,Rumjugs,barthilas,384,warlock,demonology,12,4,8
45967,Picklecatz,barthilas,384,warlock,demonology,12,4,8
45968,Deatt,deathwing,384,warlock,demonology,12,4,8
45969,Diekast,tichondrius,384,warlock,demonology,12,4,8
45970,Xoxoxu,frostmourne,384,warlock,demonology,12,4,8
45971,Arsaurelica,blackrock,384,warlock,demonology,12,4,8
45972,Ddorangmoon,tichondrius,384,warlock,demonology,12,4,8
45973,Warlack,jubeithos,384,warlock,demonology,12,4,8
45974,Soulrman,tichondrius,384,warlock,demonology,12,4,8
45975,Demonia,dathremar,384,warlock,demonology,12,4,8
45976,Bigdaddyborr,arthas,384,warlock,demonology,12,4,8
45977,Naz,shadowsong,384,warlock,demonology,12,4,8
45978,Tofulery,tichondrius,384,warlock,demonology,18,4,14
45979,Dagadon,arathor,384,warlock,demonology,24,4,20
45980,Greems,tichondrius,383,warlock,demonology,6,4,2
45981,Daggondai,tichondrius,383,warlock,demonology,12,4,8
45982,Pestileus,bleeding-hollow,382,warlock,demonology,6,4,2
45983,Voodootidies,proudmoore,382,warlock,demonology,9,4,5
45984,Velondris,illidan,382,warlock,demonology,18,4,14
45985,Freshimps,blood-furnace,367,warlock,demonology,11,4,7
45986,Sharee,azuremyst,363,warlock,demonology,11,4,7
45987,Bugbugg,tichondrius,351,warlock,demonology,11,4,7
45988,Ärminvßuurën,barthilas,351,warlock,demonology,11,4,7
45989,Mourdera,ragnaros,330,warlock,demonology,8,5,3
45990,Møbscene,bleeding-hollow,330,warlock,demonology,11,6,5
45991,Sumondeznuts,wyrmrest-accord,319,warlock,demonology,11,4,7
45992,Chaøsbolt,area-52,288,warlock,demonology,6,3,3
45993,Drsauce,sargeras,288,warlock,demonology,6,3,3
45994,Wiredftw,illidan,288,warlock,demonology,6,3,3
45995,Tynks,mannoroth,288,warlock,demonology,6,3,3
45996,Keezus,area-52,288,warlock,demonology,6,3,3
45997,Deathlowkz,area-52,288,warlock,demonology,6,3,3
45998,Khatrat,azralon,288,warlock,demonology,6,3,3
45999,Shutupthug,illidan,288,warlock,demonology,6,3,3
46000,Fëlgibson,illidan,288,warlock,demonology,6,3,3
46001,Poggun,tichondrius,288,warlock,demonology,6,3,3
46002,Crtyodautr,skullcrusher,288,warlock,demonology,6,3,3
46003,Hgma,tichondrius,288,warlock,demonology,6,3,3
46004,Agonie,tichondrius,288,warlock,demonology,6,3,3
46005,Vews,firetree,288,warlock,demonology,6,3,3
46006,Capslock,arthas,288,warlock,demonology,6,3,3
46007,Shìnedown,eonar,288,warlock,demonology,6,3,3
46008,Lockinha,azralon,288,warlock,demonology,6,3,3
46009,Schrader,sargeras,288,warlock,demonology,6,3,3
46010,Gnomechomski,magtheridon,288,warlock,demonology,6,3,3
46011,Chody,sargeras,288,warlock,demonology,6,3,3
46012,Locksoul,area-52,288,warlock,demonology,6,3,3
46013,Lhordeign,area-52,288,warlock,demonology,6,3,3
46014,Superbroly,area-52,288,warlock,demonology,6,3,3
46015,Psyløck,bleeding-hollow,288,warlock,demonology,6,3,3
46016,Srcorvo,azralon,288,warlock,demonology,6,3,3
46017,Munick,spirestone,288,warlock,demonology,6,3,3
46018,Pikslol,bleeding-hollow,288,warlock,demonology,6,3,3
46019,Drerrday,kelthuzad,288,warlock,demonology,6,3,3
46020,Leonito,tichondrius,288,warlock,demonology,6,3,3
46021,Wiredftwx,illidan,288,warlock,demonology,6,3,3
46022,Itzlandox,emerald-dream,288,warlock,demonology,6,3,3
46023,Areolaz,kelthuzad,288,warlock,demonology,6,3,3
46024,Jennifear,sargeras,288,warlock,demonology,6,3,3
46025,Asmodeun,malganis,288,warlock,demonology,6,3,3
46026,Soulruler,tichondrius,288,warlock,demonology,6,3,3
46027,Voldmorto,azralon,288,warlock,demonology,6,3,3
46028,Deadlylock,gilneas,288,warlock,demonology,6,3,3
46029,Zanlockos,dalaran,288,warlock,demonology,6,3,3
46030,Sanastik,laughing-skull,288,warlock,demonology,6,3,3
46031,Nockdreal,azralon,288,warlock,demonology,6,3,3
46032,Diebydots,blackrock,288,warlock,demonology,6,3,3
46033,Fancynuts,kiljaeden,288,warlock,demonology,6,3,3
46034,Sooshi,malganis,288,warlock,demonology,6,3,3
46035,Sangala,malganis,288,warlock,demonology,6,3,3
46036,Ðemented,bleeding-hollow,288,warlock,demonology,6,3,3
46037,Greenbukakky,tichondrius,288,warlock,demonology,6,3,3
46038,Guldylox,kiljaeden,288,warlock,demonology,6,3,3
46039,Asiopdu,tichondrius,288,warlock,demonology,6,3,3
46040,Cyrillus,moon-guard,288,warlock,demonology,6,3,3
46041,Impbiscuit,stormrage,288,warlock,demonology,6,3,3
46042,Domwarlock,uther,288,warlock,demonology,6,3,3
46043,Khamzatt,proudmoore,288,warlock,demonology,6,3,3
46044,Whydemono,tichondrius,288,warlock,demonology,6,3,3
46045,Iamfear,shuhalo,288,warlock,demonology,6,3,3
46046,Aeonss,stormrage,288,warlock,demonology,6,3,3
46047,Naokishi,stormrage,288,warlock,demonology,6,3,3
46048,Notprint,sargeras,288,warlock,demonology,6,3,3
46049,Hauntsin,hyjal,288,warlock,demonology,6,3,3
46050,Malthaél,kelthuzad,288,warlock,demonology,6,3,3
46051,Emeary,kelthuzad,288,warlock,demonology,6,3,3
46052,Disgustingfk,illidan,288,warlock,demonology,6,3,3
46053,Viejita,quelthalas,288,warlock,demonology,6,3,3
46054,Dippndotz,bleeding-hollow,288,warlock,demonology,6,3,3
46055,Bertnasty,tichondrius,288,warlock,demonology,6,3,3
46056,Bral,hyjal,288,warlock,demonology,6,3,3
46057,Wasca,kelthuzad,288,warlock,demonology,6,3,3
46058,Azland,proudmoore,288,warlock,demonology,6,3,3
46059,Teron,stonemaul,288,warlock,demonology,6,3,3
46060,Jèdi,drenden,288,warlock,demonology,6,3,3
46061,Acejerk,the-forgotten-coast,288,warlock,demonology,6,3,3
46062,Sweetmeat,madoran,288,warlock,demonology,6,3,3
46063,Feelthefearx,ragnaros,288,warlock,demonology,6,3,3
46064,Molguzano,ragnaros,288,warlock,demonology,6,3,3
46065,Gulvandan,dathremar,288,warlock,demonology,6,3,3
46066,Insanemids,tichondrius,288,warlock,demonology,6,3,3
46067,Archleon,smolderthorn,288,warlock,demonology,6,3,3
46068,Symaitiel,azralon,288,warlock,demonology,6,3,3
46069,Volanti,bleeding-hollow,288,warlock,demonology,6,3,3
46070,Nightterrour,frostmourne,288,warlock,demonology,6,3,3
46071,Fatuglyegirl,sargeras,288,warlock,demonology,6,3,3
46072,Kodyconner,darkspear,288,warlock,demonology,6,3,3
46073,Saffuky,frostmourne,288,warlock,demonology,6,3,3
46074,Yanned,hakkar,288,warlock,demonology,6,3,3
46075,Gotty,stormrage,288,warlock,demonology,6,3,3
46076,Nipz,korialstrasz,288,warlock,demonology,6,3,3
46077,Neruvian,tichondrius,288,warlock,demonology,6,3,3
46078,Drelgun,aerie-peak,288,warlock,demonology,6,3,3
46079,Muldan,stormrage,288,warlock,demonology,6,3,3
46080,Lilthicy,sargeras,288,warlock,demonology,6,3,3
46081,Stargasms,blackrock,288,warlock,demonology,6,3,3
46082,Feartool,stormrage,288,warlock,demonology,6,3,3
46083,Juankkii,bonechewer,288,warlock,demonology,6,3,3
46084,Darthael,stormrage,288,warlock,demonology,6,3,3
46085,Elementzero,malorne,288,warlock,demonology,6,3,3
46086,Zhul,nerzhul,288,warlock,demonology,6,3,3
46087,Okul,frostmourne,288,warlock,demonology,6,3,3
46088,Alprazoläm,illidan,288,warlock,demonology,14,6,8
46089,Iamlavon,area-52,288,warlock,demonology,12,3,9
46090,Wineburger,frostmourne,288,warlock,demonology,12,3,9
46091,Kwrhitom,zuljin,288,warlock,demonology,12,3,9
46092,Pachips,zuljin,288,warlock,demonology,12,3,9
46093,Killvilock,kelthuzad,288,warlock,demonology,12,3,9
46094,Dàmagicman,drakthul,288,warlock,demonology,12,3,9
46095,Albbanoo,tichondrius,288,warlock,demonology,12,3,9
46096,Xephine,proudmoore,288,warlock,demonology,12,3,9
46097,Mementomøri,quelthalas,288,warlock,demonology,12,3,9
46098,Erc,alterac-mountains,288,warlock,demonology,12,3,9
46099,Tatemor,barthilas,288,warlock,demonology,12,3,9
46100,Legïõn,uldaman,288,warlock,demonology,12,3,9
46101,Laklin,stormscale,288,warlock,demonology,12,3,9
46102,Reckluss,shattered-hand,288,warlock,demonology,12,3,9
46103,Strax,shattered-hand,288,warlock,demonology,12,3,9
46104,Crispee,azuremyst,288,warlock,demonology,12,3,9
46105,Didntflush,blood-furnace,288,warlock,demonology,18,3,15
46106,Gbow,malygos,287,warlock,demonology,6,3,3
46107,Ijustsharded,area-52,255,warlock,demonology,11,3,8
46108,Slugworth,rivendare,239,warlock,demonology,5,3,2
46109,Frankandbean,dawnbringer,234,warlock,demonology,7,4,3
46110,Predictions,sargeras,234,warlock,demonology,10,5,5
46111,Apøçàlÿpsè,firetree,234,warlock,demonology,11,5,6
46112,Schofen,tichondrius,234,warlock,demonology,13,4,9
46113,Annubyz,quelthalas,208,warlock,demonology,7,3,4
46114,Cocoabuttâ,stormrage,192,warlock,demonology,4,3,1
46115,Squibley,sargeras,192,warlock,demonology,4,3,1
46116,Javirr,ragnaros,192,warlock,demonology,15,5,10
46117,Xblessed,stormrage,192,warlock,demonology,6,2,4
46118,Ggaayyooii,anubarak,192,warlock,demonology,6,2,4
46119,Damelon,gurubashi,192,warlock,demonology,6,2,4
46120,Zerowarlock,stormrage,192,warlock,demonology,6,2,4
46121,Knobbynobbas,stormrage,192,warlock,demonology,6,2,4
46122,Vendareth,earthen-ring,192,warlock,demonology,6,2,4
46123,Nigthdeath,nemesis,192,warlock,demonology,6,2,4
46124,Lilbiackguy,stormrage,192,warlock,demonology,6,2,4
46125,Lopenx,korgath,192,warlock,demonology,6,2,4
46126,Infecçäo,stormrage,192,warlock,demonology,6,2,4
46127,Pinkypay,ragnaros,192,warlock,demonology,6,2,4
46128,Wreckquiem,draka,192,warlock,demonology,6,2,4
46129,Ziroken,crushridge,192,warlock,demonology,6,2,4
46130,Irene,nagrand,192,warlock,demonology,6,2,4
46131,Shadowndko,ragnaros,192,warlock,demonology,6,2,4
46132,Trippednfel,stormrage,192,warlock,demonology,6,2,4
46133,Sheshð,stormrage,192,warlock,demonology,6,2,4
46134,Psykana,barthilas,192,warlock,demonology,6,2,4
46135,Agamendoir,frostmane,192,warlock,demonology,6,2,4
46136,Réliok,quelthalas,192,warlock,demonology,6,2,4
46137,Caduz,stormrage,192,warlock,demonology,6,2,4
46138,Promancer,drakkari,192,warlock,demonology,6,2,4
46139,Qic,runetotem,192,warlock,demonology,6,2,4
46140,Stuffs,wyrmrest-accord,192,warlock,demonology,6,2,4
46141,Kaosqt,nemesis,192,warlock,demonology,6,2,4
46142,Draino,tichondrius,192,warlock,demonology,6,2,4
46143,Warfeen,malganis,192,warlock,demonology,6,2,4
46144,Jkun,malganis,192,warlock,demonology,6,2,4
46145,Leônidos,ghostlands,192,warlock,demonology,6,2,4
46146,Feldotz,illidan,192,warlock,demonology,6,2,4
46147,Conilus,malganis,192,warlock,demonology,6,2,4
46148,Destructo,illidan,192,warlock,demonology,6,2,4
46149,Nanicide,kelthuzad,192,warlock,demonology,6,2,4
46150,Firemike,kelthuzad,192,warlock,demonology,6,2,4
46151,Capïrota,nemesis,192,warlock,demonology,6,2,4
46152,Smoogzi,tichondrius,192,warlock,demonology,6,2,4
46153,Soulbane,tol-barad,192,warlock,demonology,6,2,4
46154,Brough,illidan,192,warlock,demonology,6,2,4
46155,Feardr,frostmourne,192,warlock,demonology,6,2,4
46156,Watchmeport,onyxia,192,warlock,demonology,6,2,4
46157,Wtb,blackrock,192,warlock,demonology,6,2,4
46158,Caesis,illidan,192,warlock,demonology,6,2,4
46159,Mechamaca,black-dragonflight,192,warlock,demonology,6,2,4
46160,Rokdas,area-52,192,warlock,demonology,6,2,4
46161,Darkboltz,area-52,192,warlock,demonology,6,2,4
46162,Buboñic,area-52,192,warlock,demonology,6,2,4
46163,Borudo,thrall,192,warlock,demonology,6,2,4
46164,Dedology,area-52,192,warlock,demonology,6,2,4
46165,Sakyameil,area-52,192,warlock,demonology,6,2,4
46166,Albright,azralon,192,warlock,demonology,6,2,4
46167,Koffay,bleeding-hollow,192,warlock,demonology,6,2,4
46168,Durgamon,kirin-tor,192,warlock,demonology,6,2,4
46169,Reckzet,stormrage,192,warlock,demonology,6,2,4
46170,Sinissa,ysondre,192,warlock,demonology,6,2,4
46171,Bagelandlock,tichondrius,192,warlock,demonology,6,2,4
46172,Cozu,tichondrius,192,warlock,demonology,6,2,4
46173,Ðeimøn,azralon,192,warlock,demonology,6,2,4
46174,Felforyouu,illidan,192,warlock,demonology,6,2,4
46175,Cursedkash,stormrage,192,warlock,demonology,6,2,4
46176,Doomczar,frostmane,192,warlock,demonology,6,2,4
46177,Ceelowtf,sargeras,192,warlock,demonology,6,2,4
46178,Boon,spirestone,192,warlock,demonology,6,2,4
46179,Xmogfarmer,sargeras,192,warlock,demonology,6,2,4
46180,Tomathus,moon-guard,192,warlock,demonology,6,2,4
46181,Pikkon,malorne,192,warlock,demonology,6,2,4
46182,Evilempire,sargeras,192,warlock,demonology,6,2,4
46183,Anukh,emerald-dream,192,warlock,demonology,6,2,4
46184,Soorisoori,tichondrius,192,warlock,demonology,6,2,4
46185,Xuker,tichondrius,192,warlock,demonology,6,2,4
46186,Yuckytoetoe,emerald-dream,192,warlock,demonology,6,2,4
46187,Doomtome,moon-guard,192,warlock,demonology,6,2,4
46188,Tikdotlock,silvermoon,192,warlock,demonology,6,2,4
46189,Aceej,nazgrel,192,warlock,demonology,6,2,4
46190,Nolb,tichondrius,192,warlock,demonology,6,2,4
46191,Vexidus,moon-guard,192,warlock,demonology,6,2,4
46192,Hentailust,kiljaeden,192,warlock,demonology,6,2,4
46193,Pulpfliction,kiljaeden,192,warlock,demonology,6,2,4
46194,Hootenanny,korialstrasz,192,warlock,demonology,6,2,4
46195,Zevoc,tichondrius,192,warlock,demonology,6,2,4
46196,Barbieelf,sargeras,192,warlock,demonology,6,2,4
46197,Zalissel,proudmoore,192,warlock,demonology,6,2,4
46198,Greenbeanzs,tichondrius,192,warlock,demonology,6,2,4
46199,Kelifan,sargeras,192,warlock,demonology,6,2,4
46200,Shadow,frostwolf,192,warlock,demonology,6,2,4
46201,Draindeez,sargeras,192,warlock,demonology,6,2,4
46202,Gàtór,kiljaeden,192,warlock,demonology,12,2,10
46203,Miamarin,ragnaros,192,warlock,demonology,12,2,10
46204,Starwitch,darkspear,192,warlock,demonology,12,2,10
46205,Sinful,darkspear,192,warlock,demonology,12,2,10
46206,Umadbruhh,tichondrius,192,warlock,demonology,12,2,10
46207,Vielkä,ragnaros,192,warlock,demonology,12,2,10
46208,Timerad,maelstrom,192,warlock,demonology,14,2,12
46209,Wårloçk,tichondrius,159,warlock,demonology,5,2,3
46210,Tunacanthicc,moon-guard,159,warlock,demonology,5,2,3
46211,Gartlarrey,daggerspine,158,warlock,demonology,14,3,11
46212,Cslice,magtheridon,128,warlock,demonology,4,2,2
46213,Urmami,frostwolf,127,warlock,demonology,8,2,6
46214,Africanlock,sargeras,96,warlock,demonology,3,2,1
46215,Hâunted,khazgoroth,96,warlock,demonology,6,1,5
46216,Erimegara,ragnaros,96,warlock,demonology,6,1,5
46217,Skured,maiev,96,warlock,demonology,6,1,5
46218,Isthismeta,tichondrius,96,warlock,demonology,6,1,5
46219,Hsxcx,stonemaul,96,warlock,demonology,6,1,5
46220,Thugpenus,frostmane,96,warlock,demonology,6,1,5
46221,Ñinelyfe,frostmourne,96,warlock,demonology,6,1,5
46222,Xanlel,deathwing,96,warlock,demonology,6,1,5
46223,Fashon,barthilas,96,warlock,demonology,6,1,5
46224,Shadococo,tichondrius,96,warlock,demonology,6,1,5
46225,Varvanta,proudmoore,96,warlock,demonology,6,1,5
46226,Nùts,frostmourne,96,warlock,demonology,6,1,5
46227,Osteogenesis,quelthalas,96,warlock,demonology,6,1,5
46228,Nameflagged,arathor,96,warlock,demonology,6,1,5
46229,Halsonis,smolderthorn,96,warlock,demonology,6,1,5
46230,Tormentor,malganis,96,warlock,demonology,6,1,5
46231,Cynnd,tichondrius,96,warlock,demonology,6,1,5
46232,Halloweèn,kelthuzad,96,warlock,demonology,6,1,5
46233,Tonyxx,tichondrius,96,warlock,demonology,6,1,5
46234,Zíppen,proudmoore,96,warlock,demonology,6,1,5
46235,Hutchyw,tichondrius,96,warlock,demonology,6,1,5
46236,Solöw,tichondrius,96,warlock,demonology,6,1,5
46237,Xandemic,tichondrius,96,warlock,demonology,6,1,5
46238,Somethingud,tichondrius,96,warlock,demonology,6,1,5
46239,Oreo,velen,96,warlock,demonology,6,1,5
46240,Yora,illidan,96,warlock,demonology,6,1,5
46241,Lazzarros,area-52,96,warlock,demonology,6,1,5
46242,Sidiouss,dreadmaul,96,warlock,demonology,6,1,5
46243,Shortbuhz,tichondrius,96,warlock,demonology,6,1,5
46244,Fearedit,bleeding-hollow,96,warlock,demonology,6,1,5
46245,Damdochael,bleeding-hollow,96,warlock,demonology,6,1,5
46246,Asetiks,tichondrius,96,warlock,demonology,6,1,5
46247,Bilidin,azralon,96,warlock,demonology,6,1,5
46248,Jazzycj,bleeding-hollow,96,warlock,demonology,6,1,5
46249,Malzahard,ragnaros,96,warlock,demonology,6,1,5
46250,Uggaboogga,malganis,96,warlock,demonology,6,1,5
46251,Zerosix,sargeras,96,warlock,demonology,6,1,5
46252,Bfaclâssic,zuljin,96,warlock,demonology,6,1,5
46253,Wakingdead,mugthol,96,warlock,demonology,6,1,5
46254,Bonetangler,thrall,96,warlock,demonology,6,1,5
46255,Quinsnyder,zuljin,96,warlock,demonology,6,1,5
46256,Glizzÿ,thrall,96,warlock,demonology,6,1,5
46257,Repláced,thrall,96,warlock,demonology,6,1,5
46258,Perkz,moon-guard,96,warlock,demonology,6,1,5
46259,Bmó,stormrage,96,warlock,demonology,6,1,5
46260,Xalithra,moon-guard,96,warlock,demonology,6,1,5
46261,Amauder,moon-guard,96,warlock,demonology,6,1,5
46262,Thinkchair,sargeras,96,warlock,demonology,6,1,5
46263,Borthrel,moon-guard,96,warlock,demonology,6,1,5
46264,Eriss,exodar,96,warlock,demonology,6,1,5
46265,Decrepticus,kargath,96,warlock,demonology,6,1,5
46266,Kajayak,nazjatar,96,warlock,demonology,6,1,5
46267,Fluximilian,azralon,96,warlock,demonology,7,1,6
46268,Vèigarr,frostmourne,96,warlock,demonology,9,1,8
46269,Resima,stormscale,96,warlock,demonology,13,1,12
46270,Kecca,azralon,96,warlock,demonology,15,1,14
46271,Hecataeus,proudmoore,63,warlock,demonology,8,2,6
46272,Aerindell,dalaran,48,warlock,demonology,3,1,2
46273,Shaurial,zuljin,48,warlock,demonology,3,1,2
46274,Eternitty,nemesis,42,warlock,demonology,11,3,8
46275,Locksyy,tichondrius,31,warlock,demonology,2,1,1
46276,Synysta,tichondrius,31,warlock,demonology,2,1,1
46277,Warlow,mugthol,31,warlock,demonology,8,1,7
46278,Camila,lightnings-blade,16,warlock,demonology,1,1,0
46279,Nosw,bleeding-hollow,2395,warlock,destruction,114,72,42
46280,Voidchaos,whisperwind,2392,warlock,destruction,205,119,86
46281,Slipnslide,malganis,2357,warlock,destruction,83,55,28
46282,Nos,bleeding-hollow,2351,warlock,destruction,100,64,36
46283,Drexia,tichondrius,2349,warlock,destruction,107,74,33
46284,Hahahahahha,stormrage,2317,warlock,destruction,83,53,30
46285,Rightwaylovê,illidan,2294,warlock,destruction,149,87,62
46286,Reverence,tichondrius,2283,warlock,destruction,101,64,37
46287,Mengqil,tichondrius,2267,warlock,destruction,114,64,50
46288,Singleaf,stormrage,2255,warlock,destruction,98,57,41
46289,Demonicxs,area-52,2248,warlock,destruction,173,95,78
46290,Dannyl,tichondrius,2241,warlock,destruction,78,50,28
46291,Ihavestds,tichondrius,2213,warlock,destruction,66,40,26
46292,Diabolicalz,sargeras,2213,warlock,destruction,117,65,52
46293,Kamohoalii,bleeding-hollow,2210,warlock,destruction,102,62,40
46294,Slantsix,tichondrius,2198,warlock,destruction,90,50,40
46295,Mclovn,suramar,2197,warlock,destruction,203,109,94
46296,Mcdudebro,malganis,2192,warlock,destruction,72,45,27
46297,Turiggyjr,tichondrius,2187,warlock,destruction,89,49,40
46298,Warzog,wyrmrest-accord,2186,warlock,destruction,78,49,29
46299,Etuskaa,tichondrius,2181,warlock,destruction,163,94,69
46300,Butteredbun,stormrage,2179,warlock,destruction,192,111,81
46301,Jonboyy,illidan,2178,warlock,destruction,171,90,81
46302,Stingzz,azralon,2169,warlock,destruction,72,45,27
46303,Heckindoggø,tichondrius,2165,warlock,destruction,87,48,39
46304,Disgustingfk,illidan,2162,warlock,destruction,120,74,46
46305,Spicywhite,tichondrius,2162,warlock,destruction,85,48,37
46306,Søülætër,bleeding-hollow,2161,warlock,destruction,66,42,24
46307,Sourslock,shadowsong,2158,warlock,destruction,108,70,38
46308,Impenjoyer,tichondrius,2154,warlock,destruction,66,41,25
46309,Playßøy,area-52,2154,warlock,destruction,78,45,33
46310,Cc,hellscream,2152,warlock,destruction,190,117,73
46311,Luvana,kelthuzad,2152,warlock,destruction,137,81,56
46312,Forestfruit,tichondrius,2147,warlock,destruction,54,35,19
46313,Truetime,tichondrius,2147,warlock,destruction,84,46,38
46314,Woahlock,thrall,2146,warlock,destruction,64,40,24
46315,Ihatemyson,tichondrius,2144,warlock,destruction,59,33,26
46316,Gimmeprecog,tichondrius,2143,warlock,destruction,74,45,29
46317,Ellynaria,nemesis,2142,warlock,destruction,78,51,27
46318,Usainboltzz,tichondrius,2137,warlock,destruction,71,49,22
46319,Notprint,sargeras,2136,warlock,destruction,66,42,24
46320,Tomatobob,thrall,2136,warlock,destruction,84,44,40
46321,Igortrikadva,zuljin,2135,warlock,destruction,72,43,29
46322,Leredi,stormrage,2135,warlock,destruction,146,78,68
46323,Yifaruhún,illidan,2132,warlock,destruction,78,58,20
46324,Cux,malganis,2131,warlock,destruction,89,47,42
46325,Deideimeow,illidan,2130,warlock,destruction,65,42,23
46326,Darthael,stormrage,2130,warlock,destruction,188,112,76
46327,Butterboyx,stormrage,2129,warlock,destruction,83,51,32
46328,Drâkedog,illidan,2128,warlock,destruction,66,38,28
46329,Medzor,tichondrius,2128,warlock,destruction,93,53,40
46330,Loopsy,stormrage,2126,warlock,destruction,115,64,51
46331,Sockems,guldan,2125,warlock,destruction,90,51,39
46332,Demonman,kirin-tor,2124,warlock,destruction,72,41,31
46333,Dodgeykun,khaz-modan,2123,warlock,destruction,83,53,30
46334,Rizzard,lightnings-blade,2123,warlock,destruction,107,64,43
46335,Oopsprecog,tichondrius,2123,warlock,destruction,120,64,56
46336,Horror,moon-guard,2123,warlock,destruction,93,47,46
46337,Zyzx,malganis,2120,warlock,destruction,59,37,22
46338,Neruvian,tichondrius,2120,warlock,destruction,66,39,27
46339,Insanetroll,stormrage,2119,warlock,destruction,78,54,24
46340,Hudwinx,illidan,2119,warlock,destruction,78,47,31
46341,Drakedogee,illidan,2119,warlock,destruction,66,35,31
46342,Äran,azralon,2119,warlock,destruction,72,36,36
46343,Bananapan,tichondrius,2116,warlock,destruction,66,44,22
46344,Starta,tichondrius,2116,warlock,destruction,66,39,27
46345,Dyenamik,stormrage,2116,warlock,destruction,65,36,29
46346,Minglocked,proudmoore,2114,warlock,destruction,54,37,17
46347,Usurpest,bleeding-hollow,2114,warlock,destruction,79,50,29
46348,Realgodlock,proudmoore,2114,warlock,destruction,170,94,76
46349,Dean,frostmourne,2111,warlock,destruction,66,33,33
46350,Instabilityx,tichondrius,2110,warlock,destruction,77,48,29
46351,Alucarduo,emerald-dream,2110,warlock,destruction,72,39,33
46352,Ghoul,demon-soul,2109,warlock,destruction,60,35,25
46353,Solwl,shandris,2109,warlock,destruction,48,27,21
46354,Dxxz,tichondrius,2109,warlock,destruction,115,63,52
46355,Thumperrz,frostmourne,2108,warlock,destruction,89,47,42
46356,Mjn,tichondrius,2107,warlock,destruction,100,51,49
46357,Chaosboltex,tichondrius,2106,warlock,destruction,72,41,31
46358,Vapeboi,bleeding-hollow,2106,warlock,destruction,84,47,37
46359,Jcm,hyjal,2104,warlock,destruction,59,41,18
46360,Dottle,frostmourne,2104,warlock,destruction,66,39,27
46361,Whodatman,illidan,2103,warlock,destruction,60,41,19
46362,Dae,burning-legion,2103,warlock,destruction,59,38,21
46363,Bufflockmore,tichondrius,2103,warlock,destruction,112,62,50
46364,Kaytoxic,tichondrius,2103,warlock,destruction,72,39,33
46365,Babyaga,illidan,2103,warlock,destruction,97,48,49
46366,Ohmend,thrall,2102,warlock,destruction,69,45,24
46367,Disembolt,illidan,2102,warlock,destruction,66,41,25
46368,Rainbowdate,tichondrius,2101,warlock,destruction,36,29,7
46369,Implify,tichondrius,2101,warlock,destruction,142,73,69
46370,Isodjdojk,sargeras,2100,warlock,destruction,76,43,33
46371,Abrocket,alleria,2098,warlock,destruction,106,55,51
46372,Sonlyc,tichondrius,2098,warlock,destruction,102,52,50
46373,Realization,illidan,2090,warlock,destruction,36,27,9
46374,Colombø,gallywix,2090,warlock,destruction,175,93,82
46375,Rizzofsparta,stormrage,2086,warlock,destruction,66,41,25
46376,Xavier,wyrmrest-accord,2083,warlock,destruction,105,58,47
46377,Marcelium,greymane,2082,warlock,destruction,59,38,21
46378,Xiyangpvp,tichondrius,2079,warlock,destruction,90,46,44
46379,Locean,tichondrius,2074,warlock,destruction,112,60,52
46380,Thugonomicz,demon-soul,2071,warlock,destruction,54,37,17
46381,Quinsnyder,zuljin,2071,warlock,destruction,186,94,92
46382,Felfeels,area-52,2065,warlock,destruction,96,58,38
46383,Demofire,tichondrius,2063,warlock,destruction,63,39,24
46384,Kaidow,tichondrius,2062,warlock,destruction,108,66,42
46385,Nvlnx,tichondrius,2058,warlock,destruction,119,66,53
46386,Nightmanx,sargeras,2057,warlock,destruction,101,54,47
46387,Revenid,tichondrius,2049,warlock,destruction,72,42,30
46388,Pillçosby,bleeding-hollow,2049,warlock,destruction,222,111,111
46389,Alchandil,tichondrius,2047,warlock,destruction,60,39,21
46390,Koitis,tichondrius,2046,warlock,destruction,74,45,29
46391,Foresthills,sargeras,2044,warlock,destruction,96,50,46
46392,Uwantpeach,tichondrius,2043,warlock,destruction,46,34,12
46393,Brainless,tichondrius,2040,warlock,destruction,109,66,43
46394,Marshyw,tichondrius,2039,warlock,destruction,54,31,23
46395,Napiersdot,tichondrius,2039,warlock,destruction,78,41,37
46396,Sinápsís,ragnaros,2035,warlock,destruction,54,36,18
46397,Ðlrwêcïûj,stormrage,2034,warlock,destruction,66,44,22
46398,Epícburn,illidan,2031,warlock,destruction,54,31,23
46399,Salanzø,bleeding-hollow,2030,warlock,destruction,60,35,25
46400,Mazewl,illidan,2027,warlock,destruction,105,68,37
46401,Scørrgx,azralon,2021,warlock,destruction,84,43,41
46402,Hrrpeuh,zuljin,2017,warlock,destruction,88,46,42
46403,Duukka,malganis,2015,warlock,destruction,96,53,43
46404,Zeari,sargeras,2014,warlock,destruction,115,59,56
46405,Xertling,sargeras,2012,warlock,destruction,61,44,17
46406,Grandmama,tichondrius,2012,warlock,destruction,65,40,25
46407,Kryl,kiljaeden,2007,warlock,destruction,54,33,21
46408,Babybolt,frostmourne,2005,warlock,destruction,102,50,52
46409,Ztlivid,area-52,2003,warlock,destruction,143,84,59
46410,Vyrecks,hyjal,2001,warlock,destruction,83,47,36
46411,Maureenn,mannoroth,2000,warlock,destruction,97,52,45
46412,Warlockwars,amanthul,1997,warlock,destruction,208,108,100
46413,Darkmagicc,tichondrius,1995,warlock,destruction,96,48,48
46414,Ribman,stormrage,1992,warlock,destruction,66,32,34
46415,Qp,thrall,1989,warlock,destruction,36,27,9
46416,Breeped,tichondrius,1989,warlock,destruction,114,69,45
46417,Kaytoxics,tichondrius,1988,warlock,destruction,24,21,3
46418,Sarcophagus,duskwood,1987,warlock,destruction,168,83,85
46419,Hollowl,tichondrius,1986,warlock,destruction,83,55,28
46420,Sitomey,emerald-dream,1982,warlock,destruction,66,38,28
46421,Tacobelf,magtheridon,1980,warlock,destruction,129,73,56
46422,Venticm,tichondrius,1979,warlock,destruction,54,35,19
46423,Zhul,nerzhul,1979,warlock,destruction,63,40,23
46424,Sereniaa,sargeras,1977,warlock,destruction,56,32,24
46425,Fotmspec,area-52,1976,warlock,destruction,66,46,20
46426,Narila,firetree,1976,warlock,destruction,48,29,19
46427,Hàrrydotter,darkspear,1975,warlock,destruction,94,52,42
46428,Tichonkimc,tichondrius,1973,warlock,destruction,92,47,45
46429,Calvarr,bleeding-hollow,1970,warlock,destruction,77,45,32
46430,Wzxx,tichondrius,1968,warlock,destruction,171,95,76
46431,Destroyy,greymane,1968,warlock,destruction,54,30,24
46432,Kruxxqt,illidan,1968,warlock,destruction,286,148,138
46433,Nðm,tichondrius,1968,warlock,destruction,114,57,57
46434,Pigii,tichondrius,1967,warlock,destruction,42,28,14
46435,Idotû,tichondrius,1967,warlock,destruction,209,108,101
46436,Salival,chogall,1965,warlock,destruction,51,36,15
46437,Dazu,illidan,1965,warlock,destruction,125,66,59
46438,Mizmagius,moon-guard,1965,warlock,destruction,65,31,34
46439,Hellsparks,malganis,1964,warlock,destruction,54,33,21
46440,Payn,kiljaeden,1962,warlock,destruction,102,51,51
46441,Eav,area-52,1961,warlock,destruction,60,39,21
46442,Boltsnhoes,illidan,1961,warlock,destruction,78,46,32
46443,Genzy,tichondrius,1960,warlock,destruction,120,61,59
46444,Radicalz,ragnaros,1959,warlock,destruction,55,30,25
46445,Blackyeonnam,tichondrius,1959,warlock,destruction,86,46,40
46446,Albbanoo,tichondrius,1958,warlock,destruction,149,78,71
46447,Drböb,area-52,1955,warlock,destruction,54,31,23
46448,Deadlpoo,stormscale,1954,warlock,destruction,178,92,86
46449,Seangnong,tichondrius,1953,warlock,destruction,54,34,20
46450,Heresucacok,frostmourne,1947,warlock,destruction,36,22,14
46451,Kyranu,tichondrius,1945,warlock,destruction,120,62,58
46452,Rakshama,chogall,1944,warlock,destruction,45,26,19
46453,Zyltan,tichondrius,1938,warlock,destruction,36,25,11
46454,Balveer,tichondrius,1937,warlock,destruction,35,21,14
46455,Vileröze,zuljin,1934,warlock,destruction,96,53,43
46456,Roxmysox,darkspear,1930,warlock,destruction,102,54,48
46457,Beegbeechy,nesingwary,1929,warlock,destruction,72,41,31
46458,Bismorc,frostmourne,1928,warlock,destruction,52,31,21
46459,Archimondee,rivendare,1928,warlock,destruction,84,42,42
46460,Sweatystain,tichondrius,1923,warlock,destruction,105,62,43
46461,Yuoalx,tichondrius,1922,warlock,destruction,72,38,34
46462,Intentionz,sargeras,1921,warlock,destruction,65,39,26
46463,Kaelith,kelthuzad,1920,warlock,destruction,103,53,50
46464,Deathair,tichondrius,1918,warlock,destruction,54,31,23
46465,Il,nerzhul,1915,warlock,destruction,30,25,5
46466,Cvoaw,bonechewer,1915,warlock,destruction,84,44,40
46467,Benafflockz,kelthuzad,1913,warlock,destruction,71,44,27
46468,Ignorai,illidan,1913,warlock,destruction,148,82,66
46469,Dxhusky,tichondrius,1912,warlock,destruction,66,37,29
46470,Freddiewill,tichondrius,1911,warlock,destruction,113,67,46
46471,Panna,tichondrius,1911,warlock,destruction,284,144,140
46472,Audition,ragnaros,1910,warlock,destruction,114,55,59
46473,Drugmuffin,tichondrius,1908,warlock,destruction,54,31,23
46474,Dreadful,frostmourne,1907,warlock,destruction,81,49,32
46475,Reneqtxo,frostmourne,1906,warlock,destruction,92,60,32
46476,Whatisthis,tichondrius,1906,warlock,destruction,36,20,16
46477,Yoyoyosup,stormrage,1905,warlock,destruction,48,32,16
46478,Coilsinfive,tichondrius,1904,warlock,destruction,42,27,15
46479,Famerap,tichondrius,1902,warlock,destruction,42,29,13
46480,Sosahawk,stormrage,1902,warlock,destruction,143,90,53
46481,Laiquisha,zuljin,1900,warlock,destruction,49,29,20
46482,Ozmat,spirestone,1900,warlock,destruction,36,20,16
46483,Amez,grizzly-hills,1900,warlock,destruction,60,33,27
46484,Bigjmmywiggl,illidan,1898,warlock,destruction,109,67,42
46485,Tott,hellscream,1898,warlock,destruction,50,26,24
46486,Scatz,sargeras,1897,warlock,destruction,36,33,3
46487,Fingerslock,malganis,1897,warlock,destruction,102,52,50
46488,Chaosbolt,bloodhoof,1894,warlock,destruction,84,43,41
46489,Belandyr,stormrage,1893,warlock,destruction,36,20,16
46490,Bakko,tichondrius,1892,warlock,destruction,42,34,8
46491,Stilltrilly,tichondrius,1892,warlock,destruction,36,25,11
46492,Shadowhax,area-52,1889,warlock,destruction,110,56,54
46493,Warsmock,tichondrius,1887,warlock,destruction,49,28,21
46494,Truenatestes,proudmoore,1886,warlock,destruction,133,65,68
46495,Naughtybolts,sargeras,1884,warlock,destruction,59,41,18
46496,Toggafputuhs,illidan,1884,warlock,destruction,42,26,16
46497,Madthelock,sargeras,1884,warlock,destruction,42,20,22
46498,Maadhum,illidan,1884,warlock,destruction,78,33,45
46499,Jfet,sargeras,1883,warlock,destruction,35,24,11
46500,Darkjambii,tichondrius,1883,warlock,destruction,58,37,21
46501,Zettian,quelthalas,1883,warlock,destruction,54,30,24
46502,Warcalk,stormrage,1882,warlock,destruction,60,37,23
46503,Bigulinhos,nemesis,1881,warlock,destruction,48,27,21
46504,Mayelinvail,moon-guard,1881,warlock,destruction,115,64,51
46505,Vexe,tichondrius,1880,warlock,destruction,38,29,9
46506,Çxb,tichondrius,1879,warlock,destruction,89,50,39
46507,Humanwarlock,spirestone,1879,warlock,destruction,57,32,25
46508,Neverending,malganis,1878,warlock,destruction,49,28,21
46509,Drazh,area-52,1876,warlock,destruction,63,36,27
46510,Tommybahama,velen,1875,warlock,destruction,70,42,28
46511,Evilclass,tichondrius,1874,warlock,destruction,60,42,18
46512,Illinkin,illidan,1874,warlock,destruction,144,84,60
46513,Pikslol,bleeding-hollow,1874,warlock,destruction,48,27,21
46514,Lopenx,korgath,1874,warlock,destruction,164,82,82
46515,Dommön,ragnaros,1874,warlock,destruction,90,45,45
46516,Løckyun,tichondrius,1873,warlock,destruction,30,24,6
46517,Dottcha,blackrock,1873,warlock,destruction,90,48,42
46518,Locodwarf,frostmourne,1873,warlock,destruction,274,136,138
46519,Zarinista,veknilash,1872,warlock,destruction,91,47,44
46520,Kartharian,wyrmrest-accord,1872,warlock,destruction,166,85,81
46521,Twinklockxx,mannoroth,1872,warlock,destruction,143,66,77
46522,Millidots,bleeding-hollow,1871,warlock,destruction,60,35,25
46523,Hommer,tichondrius,1870,warlock,destruction,57,34,23
46524,Bigdamege,tichondrius,1870,warlock,destruction,67,39,28
46525,Ñpç,bleeding-hollow,1870,warlock,destruction,89,48,41
46526,Nasn,black-dragonflight,1868,warlock,destruction,74,48,26
46527,Amazingamez,sargeras,1867,warlock,destruction,78,42,36
46528,Inmøtion,tichondrius,1867,warlock,destruction,48,25,23
46529,Wodwarlock,thrall,1866,warlock,destruction,33,23,10
46530,Charlieo,barthilas,1865,warlock,destruction,126,72,54
46531,Pheadas,deathwing,1865,warlock,destruction,42,20,22
46532,Footyl,stormrage,1864,warlock,destruction,54,39,15
46533,Palumorl,deathwing,1864,warlock,destruction,36,23,13
46534,Drakwlya,tichondrius,1859,warlock,destruction,48,30,18
46535,Dottx,frostmourne,1856,warlock,destruction,48,32,16
46536,Luhgëek,tichondrius,1856,warlock,destruction,47,29,18
46537,Zadelyn,whisperwind,1855,warlock,destruction,30,23,7
46538,Snerp,frostmourne,1855,warlock,destruction,135,78,57
46539,Soulrulerxc,tichondrius,1854,warlock,destruction,42,27,15
46540,Mongobros,illidan,1853,warlock,destruction,54,35,19
46541,Darksummoner,kaelthas,1853,warlock,destruction,84,46,38
46542,Immolate,eitrigg,1852,warlock,destruction,48,29,19
46543,Milkdrunk,blackrock,1852,warlock,destruction,119,61,58
46544,Dragoska,kiljaeden,1851,warlock,destruction,60,38,22
46545,Eqx,illidan,1851,warlock,destruction,60,34,26
46546,Naughtybôlts,sargeras,1850,warlock,destruction,57,39,18
46547,Mistrnesbitt,malganis,1850,warlock,destruction,48,25,23
46548,Synkz,blood-furnace,1849,warlock,destruction,42,24,18
46549,Pernicious,bladefist,1849,warlock,destruction,221,104,117
46550,Gløcked,area-52,1848,warlock,destruction,30,20,10
46551,Threeinches,kelthuzad,1848,warlock,destruction,170,100,70
46552,Mycelium,greymane,1848,warlock,destruction,34,20,14
46553,Brazlem,blackrock,1846,warlock,destruction,49,34,15
46554,Verbzz,tichondrius,1846,warlock,destruction,36,23,13
46555,Krokusx,illidan,1846,warlock,destruction,156,88,68
46556,Corkeý,azuremyst,1846,warlock,destruction,90,49,41
46557,Lemmepvponu,illidan,1846,warlock,destruction,59,28,31
46558,Demonicsnap,bleeding-hollow,1845,warlock,destruction,130,75,55
46559,Omegapasta,illidan,1845,warlock,destruction,84,42,42
46560,Eskyx,tichondrius,1845,warlock,destruction,53,26,27
46561,Eldenjohn,proudmoore,1844,warlock,destruction,30,24,6
46562,Zírds,stormrage,1844,warlock,destruction,60,33,27
46563,Starwitch,darkspear,1844,warlock,destruction,119,57,62
46564,Boxtrolls,ragnaros,1843,warlock,destruction,48,28,20
46565,Sithaholic,wildhammer,1843,warlock,destruction,72,39,33
46566,Chilipeppa,wyrmrest-accord,1842,warlock,destruction,36,27,9
46567,Jierd,tichondrius,1842,warlock,destruction,52,32,20
46568,Herpalock,illidan,1842,warlock,destruction,78,34,44
46569,Rocketman,hydraxis,1841,warlock,destruction,48,32,16
46570,Vialdkaseun,muradin,1841,warlock,destruction,47,28,19
46571,Kayersoul,tichondrius,1841,warlock,destruction,36,20,16
46572,Cosmosxx,illidan,1840,warlock,destruction,54,37,17
46573,Benafflockzz,kelthuzad,1840,warlock,destruction,66,44,22
46574,Indelock,drenden,1840,warlock,destruction,42,24,18
46575,Marware,quelthalas,1840,warlock,destruction,48,25,23
46576,Razlock,moon-guard,1839,warlock,destruction,224,123,101
46577,Enter,saurfang,1838,warlock,destruction,36,24,12
46578,Jaspieno,illidan,1838,warlock,destruction,48,29,19
46579,Philsbad,lightbringer,1837,warlock,destruction,122,70,52
46580,Dragonixs,ragnaros,1837,warlock,destruction,96,53,43
46581,Dxhusky,illidan,1837,warlock,destruction,60,32,28
46582,Kekbolt,tichondrius,1836,warlock,destruction,53,33,20
46583,Deathcoill,frostmourne,1836,warlock,destruction,54,32,22
46584,Wife,bleeding-hollow,1836,warlock,destruction,60,31,29
46585,Sibëria,quelthalas,1835,warlock,destruction,48,35,13
46586,Badstep,tichondrius,1835,warlock,destruction,51,30,21
46587,Scathey,area-52,1835,warlock,destruction,162,95,67
46588,Tonyxx,tichondrius,1835,warlock,destruction,112,58,54
46589,Goal,malganis,1835,warlock,destruction,50,25,25
46590,Gigabiga,area-52,1834,warlock,destruction,24,20,4
46591,Soragen,barthilas,1834,warlock,destruction,54,37,17
46592,Curse,agamaggan,1834,warlock,destruction,120,69,51
46593,Gotthmog,nerzhul,1833,warlock,destruction,48,30,18
46594,Dustywlx,area-52,1833,warlock,destruction,79,46,33
46595,Dotorama,sargeras,1832,warlock,destruction,53,33,20
46596,Cumbledor,bleeding-hollow,1831,warlock,destruction,44,23,21
46597,Scarified,illidan,1831,warlock,destruction,72,34,38
46598,Buu,veknilash,1830,warlock,destruction,54,33,21
46599,Barovir,tichondrius,1830,warlock,destruction,54,33,21
46600,Rhelialock,stormrage,1830,warlock,destruction,36,21,15
46601,Brillina,windrunner,1829,warlock,destruction,60,30,30
46602,Nezlock,moon-guard,1829,warlock,destruction,92,45,47
46603,Koramoz,area-52,1828,warlock,destruction,176,92,84
46604,Chaosbôlt,proudmoore,1827,warlock,destruction,120,66,54
46605,Dadtired,tichondrius,1826,warlock,destruction,36,29,7
46606,Shequita,stormrage,1825,warlock,destruction,48,37,11
46607,Agaros,zuljin,1825,warlock,destruction,49,30,19
46608,Necroboi,alterac-mountains,1825,warlock,destruction,52,29,23
46609,Kissmybolts,frostmourne,1825,warlock,destruction,83,42,41
46610,Dàmagicman,drakthul,1824,warlock,destruction,48,32,16
46611,Emospec,chogall,1824,warlock,destruction,54,35,19
46612,Exilegd,proudmoore,1824,warlock,destruction,89,57,32
46613,Dipicrowcaw,tichondrius,1822,warlock,destruction,24,19,5
46614,Ændrew,darkspear,1822,warlock,destruction,53,35,18
46615,Hakai,bleeding-hollow,1822,warlock,destruction,92,57,35
46616,Stankybootie,malganis,1821,warlock,destruction,36,22,14
46617,Tm,dalaran,1820,warlock,destruction,53,34,19
46618,Soulbane,jubeithos,1820,warlock,destruction,30,19,11
46619,Róckroad,lightnings-blade,1820,warlock,destruction,42,26,16
46620,Bolsheivik,dentarg,1820,warlock,destruction,88,52,36
46621,Evilempire,sargeras,1820,warlock,destruction,54,30,24
46622,Nahalmaeim,tichondrius,1819,warlock,destruction,37,25,12
46623,Azaradx,sargeras,1819,warlock,destruction,84,54,30
46624,Yipláw,stormrage,1819,warlock,destruction,36,23,13
46625,Puginlock,illidan,1819,warlock,destruction,60,38,22
46626,Chazzlock,area-52,1819,warlock,destruction,30,19,11
46627,Slurpme,stormscale,1819,warlock,destruction,48,30,18
46628,Thegodd,nemesis,1819,warlock,destruction,66,31,35
46629,Vamprixlz,illidan,1818,warlock,destruction,49,34,15
46630,Lamaso,area-52,1818,warlock,destruction,66,43,23
46631,Haì,illidan,1818,warlock,destruction,60,37,23
46632,Gucciflops,bleeding-hollow,1818,warlock,destruction,60,29,31
46633,Bumbleebolt,azralon,1817,warlock,destruction,24,19,5
46634,Firenzy,dalaran,1817,warlock,destruction,67,39,28
46635,Antinurse,bleeding-hollow,1817,warlock,destruction,78,45,33
46636,Dralok,area-52,1817,warlock,destruction,66,38,28
46637,Lockonomicz,tichondrius,1817,warlock,destruction,42,24,18
46638,Feinnx,dalaran,1817,warlock,destruction,70,38,32
46639,Zehoc,thrall,1817,warlock,destruction,102,55,47
46640,Derok,bleeding-hollow,1817,warlock,destruction,277,144,133
46641,Wraithlord,chogall,1816,warlock,destruction,51,32,19
46642,Reallymagic,malganis,1816,warlock,destruction,106,63,43
46643,Doclove,destromath,1816,warlock,destruction,149,83,66
46644,Noxfear,azralon,1815,warlock,destruction,72,51,21
46645,Leeroydots,area-52,1815,warlock,destruction,60,40,20
46646,Dunnin,dalaran,1815,warlock,destruction,36,22,14
46647,Savlonicsego,stormrage,1815,warlock,destruction,78,45,33
46648,Brujoalfa,ragnaros,1815,warlock,destruction,163,92,71
46649,Frappucino,wyrmrest-accord,1814,warlock,destruction,30,23,7
46650,Espanyolo,zuljin,1814,warlock,destruction,72,50,22
46651,Shinjuro,stormrage,1814,warlock,destruction,36,24,12
46652,Nozyroh,emerald-dream,1814,warlock,destruction,41,25,16
46653,Slpxoxo,sargeras,1814,warlock,destruction,54,30,24
46654,Crayonchewer,alleria,1814,warlock,destruction,60,31,29
46655,Zaef,kelthuzad,1814,warlock,destruction,88,45,43
46656,Wiredftw,illidan,1813,warlock,destruction,30,19,11
46657,Sacalawia,drakkari,1813,warlock,destruction,45,27,18
46658,Birez,kelthuzad,1813,warlock,destruction,98,56,42
46659,Monika,anetheron,1813,warlock,destruction,58,32,26
46660,Homeboyardee,the-venture-co,1813,warlock,destruction,60,31,29
46661,Bodhisage,kelthuzad,1812,warlock,destruction,24,19,5
46662,Zauber,magtheridon,1812,warlock,destruction,44,29,15
46663,Destructio,tichondrius,1812,warlock,destruction,54,31,23
46664,Symaitiel,azralon,1812,warlock,destruction,84,47,37
46665,Bellaswans,hyjal,1811,warlock,destruction,54,33,21
46666,Naroy,malygos,1811,warlock,destruction,38,21,17
46667,Mcrfan,illidan,1810,warlock,destruction,29,24,5
46668,Tìdals,zuljin,1810,warlock,destruction,44,28,16
46669,Alchan,tichondrius,1810,warlock,destruction,65,38,27
46670,Fartymårty,tichondrius,1810,warlock,destruction,36,21,15
46671,Omnireaper,tichondrius,1810,warlock,destruction,54,29,25
46672,Berkz,stormrage,1810,warlock,destruction,66,33,33
46673,Feetsampler,stormrage,1810,warlock,destruction,58,28,30
46674,Oof,dalaran,1809,warlock,destruction,30,22,8
46675,Ashlet,kelthuzad,1809,warlock,destruction,48,30,18
46676,Brutalsummon,frostmourne,1809,warlock,destruction,105,59,46
46677,Emeraldflame,turalyon,1808,warlock,destruction,60,44,16
46678,Deammon,tichondrius,1808,warlock,destruction,54,37,17
46679,Fanzhiyi,illidan,1808,warlock,destruction,43,27,16
46680,Daimonic,bronzebeard,1808,warlock,destruction,84,52,32
46681,Blackchinese,zuljin,1808,warlock,destruction,138,73,65
46682,Niava,tichondrius,1808,warlock,destruction,54,28,26
46683,Oldwing,illidan,1808,warlock,destruction,119,60,59
46684,Kyrmax,malganis,1808,warlock,destruction,126,62,64
46685,Drthiccbolts,malganis,1807,warlock,destruction,47,29,18
46686,Drdoom,sargeras,1807,warlock,destruction,36,22,14
46687,Cheqmate,moon-guard,1807,warlock,destruction,61,36,25
46688,Xivra,thrall,1807,warlock,destruction,59,34,25
46689,Aidadeshu,tichondrius,1807,warlock,destruction,60,32,28
46690,Almostoogood,illidan,1806,warlock,destruction,30,19,11
46691,Elfwarlock,aerie-peak,1806,warlock,destruction,40,25,15
46692,Åbyssal,stormrage,1806,warlock,destruction,159,94,65
46693,Belenas,tichondrius,1806,warlock,destruction,48,28,20
46694,Amgs,frostmourne,1806,warlock,destruction,167,88,79
46695,Nigthdeath,nemesis,1806,warlock,destruction,173,91,82
46696,Rotshtëin,tichondrius,1806,warlock,destruction,173,91,82
46697,Klumzey,tichondrius,1805,warlock,destruction,61,38,23
46698,Döremi,tichondrius,1805,warlock,destruction,48,28,20
46699,Veleza,kiljaeden,1805,warlock,destruction,82,47,35
46700,Wampeter,azshara,1805,warlock,destruction,66,35,31
46701,Darkwidow,sargeras,1805,warlock,destruction,188,94,94
46702,Vulcke,kelthuzad,1805,warlock,destruction,47,23,24
46703,Cenich,darkspear,1804,warlock,destruction,67,43,24
46704,Trixtah,illidan,1804,warlock,destruction,36,23,13
46705,Meatmanxtrem,sargeras,1804,warlock,destruction,60,33,27
46706,Expiredfood,stormreaver,1803,warlock,destruction,42,26,16
46707,Bod,bleeding-hollow,1803,warlock,destruction,42,24,18
46708,Neghros,illidan,1803,warlock,destruction,101,52,49
46709,Wwlock,area-52,1803,warlock,destruction,122,62,60
46710,Scârecrow,stormrage,1802,warlock,destruction,72,46,26
46711,Farathos,ragnaros,1802,warlock,destruction,138,82,56
46712,Struggles,emerald-dream,1802,warlock,destruction,159,85,74
46713,Mamosa,stormrage,1801,warlock,destruction,72,52,20
46714,Slurper,frostwolf,1801,warlock,destruction,30,19,11
46715,Romdi,tichondrius,1801,warlock,destruction,52,32,20
46716,Geekmonster,tichondrius,1801,warlock,destruction,54,33,21
46717,Rettek,bleeding-hollow,1801,warlock,destruction,48,27,21
46718,Frightbright,sargeras,1801,warlock,destruction,45,25,20
46719,Enkryption,dalaran,1801,warlock,destruction,42,23,19
46720,Seltzi,illidan,1801,warlock,destruction,47,25,22
46721,Dauntx,proudmoore,1801,warlock,destruction,66,33,33
46722,Necrochemist,frostmane,1800,warlock,destruction,24,19,5
46723,Xervas,frostmourne,1800,warlock,destruction,54,33,21
46724,Soulbane,nemesis,1800,warlock,destruction,36,22,14
46725,Warmstreak,blackrock,1800,warlock,destruction,48,28,20
46726,Lapidate,malganis,1800,warlock,destruction,59,33,26
46727,Leruss,zangarmarsh,1800,warlock,destruction,55,30,25
46728,Doughnut,mugthol,1798,warlock,destruction,78,44,34
46729,Gianni,chogall,1798,warlock,destruction,66,36,30
46730,Sherlóck,duskwood,1798,warlock,destruction,54,28,26
46731,Cróhns,bleeding-hollow,1797,warlock,destruction,139,86,53
46732,Kogath,thunderlord,1796,warlock,destruction,116,66,50
46733,Barbieelf,sargeras,1795,warlock,destruction,210,110,100
46734,Puchador,sargeras,1795,warlock,destruction,144,74,70
46735,Aryoc,ragnaros,1793,warlock,destruction,84,51,33
46736,Krikxy,tichondrius,1793,warlock,destruction,56,31,25
46737,Shutkax,sargeras,1791,warlock,destruction,36,27,9
46738,Feardotjpg,stormrage,1791,warlock,destruction,42,29,13
46739,Shadøwy,nemesis,1791,warlock,destruction,184,102,82
46740,Kyleslock,illidan,1790,warlock,destruction,29,21,8
46741,Demondisco,tichondrius,1790,warlock,destruction,36,23,13
46742,Badhombre,tichondrius,1786,warlock,destruction,42,29,13
46743,Løcalplugxø,barthilas,1786,warlock,destruction,125,80,45
46744,Whitexzz,tichondrius,1786,warlock,destruction,42,24,18
46745,Mjndewb,tichondrius,1784,warlock,destruction,42,31,11
46746,Deathhawkz,ravencrest,1784,warlock,destruction,36,24,12
46747,Wreyz,mannoroth,1783,warlock,destruction,72,39,33
46748,Nevermindxd,barthilas,1783,warlock,destruction,66,32,34
46749,Positivity,thunderhorn,1782,warlock,destruction,48,30,18
46750,Missmonday,tichondrius,1782,warlock,destruction,59,35,24
46751,Tonnon,stormrage,1782,warlock,destruction,84,47,37
46752,Sidgnosis,stormrage,1782,warlock,destruction,213,113,100
46753,Ercaz,frostmourne,1781,warlock,destruction,42,20,22
46754,Duckboji,tichondrius,1780,warlock,destruction,56,33,23
46755,Latchlock,malganis,1780,warlock,destruction,203,109,94
46756,Dupapad,stormrage,1780,warlock,destruction,65,31,34
46757,Yeepzbytre,bleeding-hollow,1779,warlock,destruction,60,40,20
46758,Wineburger,frostmourne,1779,warlock,destruction,60,40,20
46759,Jakjub,kelthuzad,1778,warlock,destruction,54,31,23
46760,Grq,stormrage,1775,warlock,destruction,69,43,26
46761,Hellparks,malganis,1774,warlock,destruction,42,27,15
46762,Suaveaye,tichondrius,1774,warlock,destruction,60,32,28
46763,Loksoflove,tichondrius,1773,warlock,destruction,30,21,9
46764,Screwed,tichondrius,1773,warlock,destruction,96,49,47
46765,Tenaciousd,malganis,1772,warlock,destruction,42,21,21
46766,Alùcärd,tichondrius,1772,warlock,destruction,54,25,29
46767,Azlloa,tichondrius,1771,warlock,destruction,42,27,15
46768,Plasticware,korgath,1771,warlock,destruction,48,29,19
46769,Andelaylas,tichondrius,1771,warlock,destruction,95,57,38
46770,Twilson,moon-guard,1771,warlock,destruction,54,29,25
46771,Karimbenzema,tichondrius,1770,warlock,destruction,48,28,20
46772,Urukái,dalaran,1769,warlock,destruction,117,65,52
46773,Glôck,lightbringer,1769,warlock,destruction,97,47,50
46774,Gladyr,frostmourne,1768,warlock,destruction,54,28,26
46775,Chaøz,bleeding-hollow,1767,warlock,destruction,36,24,12
46776,Lifeinsuranc,tichondrius,1767,warlock,destruction,30,19,11
46777,Trundle,area-52,1766,warlock,destruction,29,21,8
46778,Mythdot,ragnaros,1764,warlock,destruction,191,104,87
46779,Chaosjedi,stormrage,1764,warlock,destruction,99,49,50
46780,Punstable,tichondrius,1763,warlock,destruction,121,65,56
46781,Kakistocracy,kelthuzad,1761,warlock,destruction,30,23,7
46782,Paparoxy,illidan,1761,warlock,destruction,60,30,30
46783,Marshyxd,tichondrius,1759,warlock,destruction,48,23,25
46784,Gottawiz,illidan,1758,warlock,destruction,60,32,28
46785,Nick,llane,1757,warlock,destruction,36,23,13
46786,Eggós,sargeras,1757,warlock,destruction,333,164,169
46787,Aeaea,bleeding-hollow,1756,warlock,destruction,54,31,23
46788,Chêrrypopper,proudmoore,1755,warlock,destruction,67,41,26
46789,Squishyboy,tichondrius,1755,warlock,destruction,57,30,27
46790,Ravëncläw,quelthalas,1755,warlock,destruction,67,35,32
46791,Isoldmysoul,stormrage,1755,warlock,destruction,114,54,60
46792,Flattsl,tichondrius,1755,warlock,destruction,84,39,45
46793,Obliceress,crushridge,1754,warlock,destruction,42,26,16
46794,Screampies,tichondrius,1754,warlock,destruction,46,27,19
46795,Ibrroski,proudmoore,1753,warlock,destruction,24,20,4
46796,Jenda,blackrock,1751,warlock,destruction,116,62,54
46797,Covidmaster,frostmourne,1748,warlock,destruction,106,58,48
46798,Lockfaceguy,agamaggan,1747,warlock,destruction,75,39,36
46799,Qualio,thrall,1746,warlock,destruction,129,62,67
46800,Devi,executus,1745,warlock,destruction,30,19,11
46801,Magnetix,arthas,1744,warlock,destruction,175,90,85
46802,Thinktank,tichondrius,1743,warlock,destruction,42,25,17
46803,Carcøsa,malganis,1742,warlock,destruction,54,32,22
46804,Flake,kelthuzad,1741,warlock,destruction,62,37,25
46805,Halloweèn,kelthuzad,1741,warlock,destruction,131,74,57
46806,Pkzy,azralon,1741,warlock,destruction,36,19,17
46807,Bouldrlickr,dragonmaw,1740,warlock,destruction,48,30,18
46808,Keylloggz,sargeras,1740,warlock,destruction,96,54,42
46809,Zrok,bleeding-hollow,1738,warlock,destruction,60,29,31
46810,Zimer,moon-guard,1737,warlock,destruction,72,43,29
46811,Darkmagician,kelthuzad,1735,warlock,destruction,30,22,8
46812,Hädes,frostwolf,1734,warlock,destruction,42,29,13
46813,Doombaby,zuljin,1732,warlock,destruction,100,63,37
46814,Mânuel,akama,1731,warlock,destruction,30,22,8
46815,Keniiwood,quelthalas,1730,warlock,destruction,42,21,21
46816,Midoolock,proudmoore,1729,warlock,destruction,60,40,20
46817,Harmfuul,illidan,1728,warlock,destruction,45,28,17
46818,Swapsfour,area-52,1727,warlock,destruction,30,19,11
46819,Cloudynightz,tichondrius,1727,warlock,destruction,161,88,73
46820,Galfear,malganis,1726,warlock,destruction,189,103,86
46821,Mindrekt,azralon,1723,warlock,destruction,60,44,16
46822,Daylyt,sargeras,1723,warlock,destruction,27,19,8
46823,Popdotdropit,frostwolf,1723,warlock,destruction,72,42,30
46824,Pillçosby,tichondrius,1721,warlock,destruction,30,18,12
46825,Destructing,hyjal,1721,warlock,destruction,48,25,23
46826,Infecçäo,stormrage,1720,warlock,destruction,113,67,46
46827,Drwongmd,sargeras,1719,warlock,destruction,30,21,9
46828,Chaoticchaos,kelthuzad,1719,warlock,destruction,29,19,10
46829,Éx,jubeithos,1718,warlock,destruction,41,26,15
46830,Verminosa,nemesis,1718,warlock,destruction,30,19,11
46831,Ralerhard,kelthuzad,1718,warlock,destruction,58,35,23
46832,Evanylock,proudmoore,1718,warlock,destruction,39,23,16
46833,Agni,gurubashi,1718,warlock,destruction,126,66,60
46834,Spooked,khadgar,1716,warlock,destruction,36,24,12
46835,Kairiesmirk,illidan,1716,warlock,destruction,105,55,50
46836,Naiyuan,tichondrius,1716,warlock,destruction,36,18,18
46837,Ruination,cenarius,1715,warlock,destruction,36,18,18
46838,Lockfoxyy,tichondrius,1714,warlock,destruction,30,21,9
46839,Trengodx,area-52,1714,warlock,destruction,30,20,10
46840,Zakhim,zuljin,1714,warlock,destruction,82,50,32
46841,Podda,shuhalo,1713,warlock,destruction,47,29,18
46842,Richãrdjr,area-52,1713,warlock,destruction,36,22,14
46843,Evatar,malganis,1712,warlock,destruction,36,21,15
46844,Hehimx,bleeding-hollow,1711,warlock,destruction,24,18,6
46845,Mastasnipah,illidan,1711,warlock,destruction,42,22,20
46846,Serveq,tichondrius,1710,warlock,destruction,103,58,45
46847,Richãrd,area-52,1709,warlock,destruction,49,26,23
46848,Destructo,illidan,1709,warlock,destruction,54,25,29
46849,Shulol,tichondrius,1708,warlock,destruction,30,18,12
46850,Ghettobeluga,area-52,1708,warlock,destruction,47,25,22
46851,Wårløck,stormrage,1707,warlock,destruction,24,18,6
46852,Cocaineparty,tichondrius,1707,warlock,destruction,53,29,24
46853,Tacticalderp,bleeding-hollow,1706,warlock,destruction,36,18,18
46854,Eggpower,tichondrius,1703,warlock,destruction,40,23,17
46855,Rollup,turalyon,1702,warlock,destruction,30,18,12
46856,Finalboss,tichondrius,1701,warlock,destruction,36,26,10
46857,Wolfstein,tichondrius,1699,warlock,destruction,24,18,6
46858,Conradlenoir,illidan,1699,warlock,destruction,36,23,13
46859,Odjure,zuljin,1699,warlock,destruction,35,20,15
46860,Painful,mannoroth,1699,warlock,destruction,150,79,71
46861,Giantgobrin,zuljin,1699,warlock,destruction,60,31,29
46862,Daartaru,quelthalas,1698,warlock,destruction,90,48,42
46863,Sairic,azralon,1697,warlock,destruction,78,51,27
46864,Azazil,malganis,1697,warlock,destruction,36,22,14
46865,Fredwinsta,laughing-skull,1697,warlock,destruction,54,29,25
46866,Uarus,tichondrius,1696,warlock,destruction,36,22,14
46867,Hiddentech,saurfang,1696,warlock,destruction,36,20,16
46868,Teivlol,mugthol,1696,warlock,destruction,36,18,18
46869,Mchawi,tichondrius,1694,warlock,destruction,42,26,16
46870,Vilebeing,frostmourne,1693,warlock,destruction,48,32,16
46871,Nahz,tichondrius,1693,warlock,destruction,36,20,16
46872,Balepyre,moon-guard,1692,warlock,destruction,42,26,16
46873,Pk,azralon,1691,warlock,destruction,24,18,6
46874,Dotandforget,tichondrius,1691,warlock,destruction,36,24,12
46875,Siellisele,illidan,1691,warlock,destruction,48,25,23
46876,Cbx,kelthuzad,1690,warlock,destruction,36,28,8
46877,Aluaris,earthen-ring,1690,warlock,destruction,30,23,7
46878,Chaosbeard,korgath,1690,warlock,destruction,62,36,26
46879,Yidhra,aerie-peak,1689,warlock,destruction,105,57,48
46880,Hynnis,nemesis,1687,warlock,destruction,54,36,18
46881,Kâyn,area-52,1687,warlock,destruction,89,46,43
46882,Lønewølf,sargeras,1687,warlock,destruction,72,36,36
46883,Wafflezcb,frostmourne,1687,warlock,destruction,43,21,22
46884,Dautenit,illidan,1687,warlock,destruction,66,32,34
46885,Nùts,frostmourne,1686,warlock,destruction,36,23,13
46886,Drain,proudmoore,1686,warlock,destruction,60,38,22
46887,Bobbyshmurdå,frostmourne,1686,warlock,destruction,48,29,19
46888,Contagion,dragonmaw,1685,warlock,destruction,36,20,16
46889,Urukaix,sargeras,1683,warlock,destruction,36,23,13
46890,Maggotworm,sargeras,1683,warlock,destruction,189,104,85
46891,Sixv,barthilas,1682,warlock,destruction,42,28,14
46892,Veklen,tichondrius,1682,warlock,destruction,40,24,16
46893,Hellwish,tichondrius,1682,warlock,destruction,96,48,48
46894,Muffîn,moon-guard,1681,warlock,destruction,103,62,41
46895,Wayce,burning-blade,1681,warlock,destruction,154,83,71
46896,Droptopp,malganis,1680,warlock,destruction,42,27,15
46897,Guldansbicep,illidan,1679,warlock,destruction,45,26,19
46898,Yaresly,kelthuzad,1678,warlock,destruction,38,25,13
46899,Gavrhin,area-52,1678,warlock,destruction,41,26,15
46900,Sakyameil,area-52,1678,warlock,destruction,42,25,17
46901,Lïttle,stormrage,1678,warlock,destruction,81,48,33
46902,Terrorbytes,frostmourne,1678,warlock,destruction,86,47,39
46903,Breeak,sargeras,1676,warlock,destruction,48,31,17
46904,Dipixd,tichondrius,1675,warlock,destruction,24,22,2
46905,Feardadots,tichondrius,1674,warlock,destruction,69,46,23
46906,Buboñic,area-52,1674,warlock,destruction,59,32,27
46907,Uranusa,proudmoore,1674,warlock,destruction,96,45,51
46908,Sdiaz,illidan,1673,warlock,destruction,36,23,13
46909,Knockknock,llane,1673,warlock,destruction,42,22,20
46910,Juicestarr,barthilas,1673,warlock,destruction,93,44,49
46911,Booßiemiles,area-52,1672,warlock,destruction,157,92,65
46912,Pyatpree,bleeding-hollow,1671,warlock,destruction,30,19,11
46913,Mlxd,tichondrius,1670,warlock,destruction,24,19,5
46914,Nocrackrocks,stormrage,1670,warlock,destruction,34,22,12
46915,Kbolt,barthilas,1668,warlock,destruction,48,31,17
46916,Ðiêsel,malganis,1668,warlock,destruction,57,32,25
46917,Manapouli,area-52,1667,warlock,destruction,33,21,12
46918,Levantine,barthilas,1667,warlock,destruction,45,24,21
46919,Drksøul,barthilas,1666,warlock,destruction,77,52,25
46920,Ifearjoo,vashj,1666,warlock,destruction,48,25,23
46921,Iskiplegday,illidan,1666,warlock,destruction,107,45,62
46922,Øutbreak,thrall,1665,warlock,destruction,34,22,12
46923,Pigmahz,malganis,1665,warlock,destruction,65,34,31
46924,Viralwashbrn,illidan,1665,warlock,destruction,42,21,21
46925,Degred,tichondrius,1664,warlock,destruction,45,34,11
46926,Làsko,area-52,1664,warlock,destruction,90,45,45
46927,Olgee,tortheldrin,1663,warlock,destruction,53,30,23
46928,Chnos,mugthol,1663,warlock,destruction,41,23,18
46929,Vexidus,moon-guard,1662,warlock,destruction,54,31,23
46930,Taneverah,wyrmrest-accord,1661,warlock,destruction,41,26,15
46931,Dartthvader,azralon,1661,warlock,destruction,92,45,47
46932,Fabiusbilex,tichondrius,1658,warlock,destruction,39,23,16
46933,Bytezlk,area-52,1657,warlock,destruction,30,20,10
46934,Sendnudez,nemesis,1657,warlock,destruction,53,30,23
46935,Cbolt,tichondrius,1656,warlock,destruction,90,52,38
46936,Pikme,bleeding-hollow,1656,warlock,destruction,42,23,19
46937,Mephizar,moon-guard,1656,warlock,destruction,56,30,26
46938,Deangood,tichondrius,1656,warlock,destruction,152,77,75
46939,Revenus,tichondrius,1656,warlock,destruction,147,73,74
46940,Mursay,tichondrius,1655,warlock,destruction,30,23,7
46941,Steebi,tichondrius,1655,warlock,destruction,36,23,13
46942,Favorite,malfurion,1655,warlock,destruction,36,21,15
46943,Nooko,frostmourne,1655,warlock,destruction,48,25,23
46944,Egirlgamer,sargeras,1653,warlock,destruction,72,43,29
46945,Fece,area-52,1652,warlock,destruction,38,24,14
46946,Warmandei,dalaran,1652,warlock,destruction,72,42,30
46947,Denotate,zuljin,1652,warlock,destruction,91,47,44
46948,Zoagen,ragnaros,1650,warlock,destruction,28,20,8
46949,Lemonfire,area-52,1650,warlock,destruction,49,26,23
46950,Lockniel,skullcrusher,1649,warlock,destruction,60,37,23
46951,Absoluté,nemesis,1649,warlock,destruction,36,19,17
46952,Getoffmedawg,illidan,1648,warlock,destruction,48,28,20
46953,Royalmace,dethecus,1648,warlock,destruction,46,25,21
46954,Noggét,frostmourne,1647,warlock,destruction,108,64,44
46955,Reppedlock,illidan,1647,warlock,destruction,94,55,39
46956,Vallàx,area-52,1647,warlock,destruction,114,57,57
46957,Nt,burning-legion,1646,warlock,destruction,37,30,7
46958,Cairo,emerald-dream,1646,warlock,destruction,219,115,104
46959,Javirr,ragnaros,1645,warlock,destruction,65,39,26
46960,Neverportx,kirin-tor,1645,warlock,destruction,36,21,15
46961,Jussmollett,arygos,1645,warlock,destruction,119,63,56
46962,Critthis,illidan,1644,warlock,destruction,35,25,10
46963,Misolock,sargeras,1644,warlock,destruction,105,56,49
46964,Revérence,sargeras,1644,warlock,destruction,41,21,20
46965,Oblivious,firetree,1644,warlock,destruction,195,98,97
46966,Ðemented,bleeding-hollow,1643,warlock,destruction,33,19,14
46967,Sagatt,illidan,1643,warlock,destruction,71,39,32
46968,Devilman,darkspear,1643,warlock,destruction,109,57,52
46969,Debigbolt,area-52,1642,warlock,destruction,30,22,8
46970,Fiddlesticks,draka,1642,warlock,destruction,54,36,18
46971,Katrisse,aegwynn,1642,warlock,destruction,60,32,28
46972,Tahmrin,quelthalas,1642,warlock,destruction,58,30,28
46973,Lhandus,drakkari,1642,warlock,destruction,80,40,40
46974,Chaosage,sargeras,1640,warlock,destruction,42,28,14
46975,Luckehlock,firetree,1640,warlock,destruction,65,34,31
46976,Agonie,tichondrius,1639,warlock,destruction,263,139,124
46977,Fearmebro,bleeding-hollow,1639,warlock,destruction,139,72,67
46978,Belford,tichondrius,1638,warlock,destruction,67,35,32
46979,Pyralock,malfurion,1638,warlock,destruction,48,25,23
46980,Dbf,sargeras,1638,warlock,destruction,48,23,25
46981,Demonclock,sargeras,1637,warlock,destruction,39,24,15
46982,Kurifodo,illidan,1637,warlock,destruction,77,43,34
46983,Ardentia,malganis,1637,warlock,destruction,54,30,24
46984,Grindwald,echo-isles,1637,warlock,destruction,67,37,30
46985,Reficul,frostmourne,1637,warlock,destruction,50,23,27
46986,Parishiltoon,frostmourne,1637,warlock,destruction,52,22,30
46987,Arenis,stormrage,1636,warlock,destruction,36,25,11
46988,Xylâ,emerald-dream,1636,warlock,destruction,39,22,17
46989,Dëstró,tichondrius,1636,warlock,destruction,41,23,18
46990,Eyoeyo,tichondrius,1636,warlock,destruction,42,18,24
46991,Cursedstales,stormrage,1635,warlock,destruction,42,30,12
46992,Flággedname,area-52,1635,warlock,destruction,36,21,15
46993,Killabeesack,tichondrius,1635,warlock,destruction,43,25,18
46994,Sëcond,azralon,1635,warlock,destruction,36,19,17
46995,Hugechungusw,frostmourne,1634,warlock,destruction,50,31,19
46996,Bénâfflock,area-52,1634,warlock,destruction,54,32,22
46997,Ezdagor,quelthalas,1634,warlock,destruction,152,85,67
46998,Iconicxo,thrall,1634,warlock,destruction,84,43,41
46999,Dìpndots,wyrmrest-accord,1633,warlock,destruction,54,32,22
47000,Zhaphrax,frostmourne,1633,warlock,destruction,85,43,42
47001,Meraz,zuljin,1632,warlock,destruction,34,20,14
47002,Evapilot,tichondrius,1632,warlock,destruction,54,31,23
47003,Azaradx,azralon,1632,warlock,destruction,79,33,46
47004,Guldoom,tichondrius,1631,warlock,destruction,18,17,1
47005,Demonista,illidan,1631,warlock,destruction,31,22,9
47006,Thirdsol,stormrage,1631,warlock,destruction,35,21,14
47007,Oxylock,magtheridon,1631,warlock,destruction,42,24,18
47008,Shendù,stormrage,1631,warlock,destruction,48,23,25
47009,Ddorangmoon,tichondrius,1630,warlock,destruction,42,25,17
47010,Dipixyz,tichondrius,1630,warlock,destruction,30,17,13
47011,Kjazz,tichondrius,1630,warlock,destruction,42,23,19
47012,Tanskeeh,sargeras,1630,warlock,destruction,64,35,29
47013,Holunging,illidan,1630,warlock,destruction,36,19,17
47014,Dewandoritos,kelthuzad,1629,warlock,destruction,30,17,13
47015,Stormrift,sargeras,1629,warlock,destruction,74,39,35
47016,Spaceghóst,bleeding-hollow,1629,warlock,destruction,249,128,121
47017,Ltoplaylock,area-52,1628,warlock,destruction,24,17,7
47018,Soranpotter,tichondrius,1628,warlock,destruction,24,17,7
47019,Melôck,area-52,1628,warlock,destruction,36,24,12
47020,Exgenshinpro,proudmoore,1628,warlock,destruction,30,17,13
47021,Adelrinn,frostmourne,1628,warlock,destruction,157,88,69
47022,Cöpeñhagen,illidan,1627,warlock,destruction,48,26,22
47023,Undeadzx,tichondrius,1627,warlock,destruction,36,19,17
47024,Drakedog,ragnaros,1626,warlock,destruction,24,17,7
47025,Meep,madoran,1626,warlock,destruction,59,35,24
47026,Katastrophïk,area-52,1626,warlock,destruction,36,20,16
47027,Sîthfu,tichondrius,1626,warlock,destruction,189,101,88
47028,Døomsday,hyjal,1626,warlock,destruction,42,21,21
47029,Byndedlock,dragonmaw,1625,warlock,destruction,33,20,13
47030,Vvivienx,tichondrius,1625,warlock,destruction,30,17,13
47031,Babydots,stormreaver,1625,warlock,destruction,80,44,36
47032,Dovahkini,stormrage,1625,warlock,destruction,47,23,24
47033,Shadowsloc,tichondrius,1625,warlock,destruction,48,22,26
47034,Stølo,deathwing,1624,warlock,destruction,112,73,39
47035,Zandõx,jubeithos,1624,warlock,destruction,42,27,15
47036,Matafé,kelthuzad,1623,warlock,destruction,30,20,10
47037,Alizondemdik,azralon,1623,warlock,destruction,67,37,30
47038,Thotblood,stormrage,1622,warlock,destruction,24,18,6
47039,Friendd,frostmourne,1622,warlock,destruction,41,30,11
47040,Maddotts,malganis,1622,warlock,destruction,36,26,10
47041,Doomswitch,sargeras,1622,warlock,destruction,48,33,15
47042,Jerearderedo,thrall,1622,warlock,destruction,48,28,20
47043,Permaslowed,kiljaeden,1622,warlock,destruction,40,22,18
47044,Golock,tichondrius,1621,warlock,destruction,24,17,7
47045,Elmobolt,thrall,1620,warlock,destruction,37,27,10
47046,Annereyn,stormrage,1619,warlock,destruction,113,59,54
47047,Tít,malganis,1619,warlock,destruction,90,46,44
47048,Penzer,stormrage,1618,warlock,destruction,36,20,16
47049,Dolut,azralon,1617,warlock,destruction,54,31,23
47050,Restolock,destromath,1617,warlock,destruction,60,34,26
47051,Wickedry,antonidas,1617,warlock,destruction,48,23,25
47052,Dampenedx,bleeding-hollow,1617,warlock,destruction,40,18,22
47053,Jpepps,perenolde,1615,warlock,destruction,41,28,13
47054,Coomerius,zuljin,1615,warlock,destruction,30,18,12
47055,Ðarkñess,burning-legion,1615,warlock,destruction,66,38,28
47056,Malagas,tichondrius,1615,warlock,destruction,81,46,35
47057,Dotgonewrong,malganis,1615,warlock,destruction,71,32,39
47058,Notspeedy,tichondrius,1615,warlock,destruction,85,38,47
47059,Saltiez,sargeras,1613,warlock,destruction,24,18,6
47060,Shïrõ,tichondrius,1613,warlock,destruction,30,22,8
47061,Anujy,moon-guard,1612,warlock,destruction,60,38,22
47062,Belzebud,area-52,1612,warlock,destruction,93,56,37
47063,Ko,nordrassil,1612,warlock,destruction,66,34,32
47064,Grandpa,daggerspine,1612,warlock,destruction,97,49,48
47065,Razzakka,stormrage,1612,warlock,destruction,159,79,80
47066,Hypnotikal,illidan,1611,warlock,destruction,30,22,8
47067,Draenil,eredar,1611,warlock,destruction,24,17,7
47068,Omleaf,malganis,1610,warlock,destruction,36,18,18
47069,Gigabiga,tol-barad,1609,warlock,destruction,24,17,7
47070,Funnysoxx,caelestrasz,1609,warlock,destruction,52,30,22
47071,Momshutup,sargeras,1609,warlock,destruction,35,20,15
47072,Horloc,moon-guard,1609,warlock,destruction,68,38,30
47073,Stocktonslap,saurfang,1609,warlock,destruction,145,80,65
47074,Nightshan,draenor,1609,warlock,destruction,60,29,31
47075,Zuyumin,ragnaros,1608,warlock,destruction,89,57,32
47076,Ayrr,zuljin,1608,warlock,destruction,30,17,13
47077,Gnomlette,smolderthorn,1608,warlock,destruction,98,53,45
47078,Kály,azralon,1608,warlock,destruction,69,37,32
47079,Lostanubis,tichondrius,1607,warlock,destruction,39,24,15
47080,Trewlocke,sargeras,1607,warlock,destruction,36,22,14
47081,Idrannell,illidan,1607,warlock,destruction,68,40,28
47082,Pugnatwo,kelthuzad,1607,warlock,destruction,42,18,24
47083,Soloart,tichondrius,1606,warlock,destruction,54,30,24
47084,Bugha,ravencrest,1605,warlock,destruction,31,21,10
47085,Macdeezylock,sargeras,1605,warlock,destruction,36,23,13
47086,Vugaddi,illidan,1605,warlock,destruction,30,19,11
47087,Plaintive,moon-guard,1604,warlock,destruction,36,20,16
47088,Hordeadlock,illidan,1604,warlock,destruction,60,31,29
47089,Powertrîp,sargeras,1604,warlock,destruction,36,18,18
47090,Brickedx,malfurion,1604,warlock,destruction,101,50,51
47091,Honchoe,illidan,1603,warlock,destruction,42,29,13
47092,Evilmilf,tichondrius,1603,warlock,destruction,50,28,22
47093,Nosferatu,arthas,1602,warlock,destruction,26,20,6
47094,Bourrasq,illidan,1602,warlock,destruction,24,17,7
47095,Sslock,sargeras,1602,warlock,destruction,46,26,20
47096,Espyn,silvermoon,1602,warlock,destruction,105,51,54
47097,Lyonesse,frostmourne,1601,warlock,destruction,34,21,13
47098,Daenon,kiljaeden,1601,warlock,destruction,42,23,19
47099,Lafourche,tichondrius,1601,warlock,destruction,54,28,26
47100,Pauldiesel,ragnaros,1601,warlock,destruction,42,21,21
47101,Hâm,dalaran,1601,warlock,destruction,96,46,50
47102,Dapete,malorne,1600,warlock,destruction,36,26,10
47103,Watchmegate,darkspear,1600,warlock,destruction,72,45,27
47104,Locknug,tichondrius,1600,warlock,destruction,132,74,58
47105,Adouken,ragnaros,1600,warlock,destruction,36,19,17
47106,Psyløck,bleeding-hollow,1599,warlock,destruction,60,34,26
47107,Xdta,frostmourne,1599,warlock,destruction,72,38,34
47108,Rxjr,sargeras,1599,warlock,destruction,81,39,42
47109,Boltsnhoez,tichondrius,1598,warlock,destruction,34,20,14
47110,Apøçàlÿpsè,firetree,1598,warlock,destruction,71,37,34
47111,Xoxoxu,frostmourne,1597,warlock,destruction,44,25,19
47112,Predictions,sargeras,1597,warlock,destruction,77,40,37
47113,Closetslut,moon-guard,1596,warlock,destruction,24,20,4
47114,Gëngar,malganis,1596,warlock,destruction,24,17,7
47115,Guula,alexstrasza,1595,warlock,destruction,42,22,20
47116,Dotcoin,tichondrius,1594,warlock,destruction,30,17,13
47117,Lockforyou,frostmourne,1594,warlock,destruction,66,37,29
47118,Rotfull,burning-legion,1594,warlock,destruction,39,18,21
47119,Flor,khadgar,1593,warlock,destruction,213,111,102
47120,Wheremyshoes,area-52,1593,warlock,destruction,141,68,73
47121,Kernlberton,tichondrius,1592,warlock,destruction,48,25,23
47122,Necrotic,mannoroth,1592,warlock,destruction,107,48,59
47123,Larryfisher,drenden,1591,warlock,destruction,30,19,11
47124,Dots,haomarush,1591,warlock,destruction,60,31,29
47125,Yisuschríst,quelthalas,1591,warlock,destruction,41,21,20
47126,Demonkiiller,kelthuzad,1591,warlock,destruction,48,19,29
47127,Akolite,tichondrius,1590,warlock,destruction,50,25,25
47128,Chrishasnen,moon-guard,1588,warlock,destruction,42,21,21
47129,Caustikk,malganis,1587,warlock,destruction,44,25,19
47130,Dapperdanxy,tichondrius,1587,warlock,destruction,35,19,16
47131,Buffwarlocks,senjin,1587,warlock,destruction,48,26,22
47132,Tothegrave,sargeras,1585,warlock,destruction,35,22,13
47133,Loadybigbolt,dalaran,1585,warlock,destruction,65,34,31
47134,Kuroyt,drakkari,1583,warlock,destruction,42,26,16
47135,Dewars,aggramar,1580,warlock,destruction,108,60,48
47136,Raykun,quelthalas,1580,warlock,destruction,54,27,27
47137,Gerthclas,aggramar,1579,warlock,destruction,35,24,11
47138,Bbclover,thrall,1579,warlock,destruction,29,19,10
47139,Matilla,tichondrius,1579,warlock,destruction,30,19,11
47140,Korose,tichondrius,1579,warlock,destruction,142,72,70
47141,Mokulock,tichondrius,1578,warlock,destruction,42,24,18
47142,Yaldin,nemesis,1578,warlock,destruction,197,109,88
47143,Woezz,tichondrius,1578,warlock,destruction,105,55,50
47144,Charnoob,kelthuzad,1577,warlock,destruction,54,26,28
47145,Soreanus,illidan,1576,warlock,destruction,28,20,8
47146,Harambê,sargeras,1576,warlock,destruction,34,19,15
47147,Kliera,stormscale,1574,warlock,destruction,36,20,16
47148,Brettmackson,area-52,1574,warlock,destruction,87,48,39
47149,Darkÿoda,malganis,1574,warlock,destruction,62,34,28
47150,Leônidos,ghostlands,1574,warlock,destruction,120,61,59
47151,Jarasseck,malganis,1574,warlock,destruction,88,43,45
47152,Borthrel,moon-guard,1573,warlock,destruction,132,75,57
47153,Chachanoobx,sargeras,1572,warlock,destruction,114,72,42
47154,Bunnyhugs,gorefiend,1571,warlock,destruction,36,22,14
47155,Stankbigly,thrall,1571,warlock,destruction,38,23,15
47156,Darknessgodd,goldrinn,1571,warlock,destruction,85,51,34
47157,Carmelasin,moon-guard,1570,warlock,destruction,60,39,21
47158,Dferreira,azralon,1570,warlock,destruction,105,59,46
47159,Sauromann,sargeras,1569,warlock,destruction,96,55,41
47160,Strykerliath,bleeding-hollow,1569,warlock,destruction,49,27,22
47161,Burnzul,bleeding-hollow,1567,warlock,destruction,42,22,20
47162,Khrom,illidan,1565,warlock,destruction,64,32,32
47163,Deathmask,alleria,1564,warlock,destruction,46,25,21
47164,Whathurts,tichondrius,1564,warlock,destruction,86,42,44
47165,Uow,stormrage,1564,warlock,destruction,42,20,22
47166,Tribulatiön,moon-guard,1562,warlock,destruction,382,197,185
47167,Felnightz,area-52,1562,warlock,destruction,48,23,25
47168,Alfaflux,tol-barad,1562,warlock,destruction,65,30,35
47169,Calidaze,tichondrius,1558,warlock,destruction,110,57,53
47170,Khurze,area-52,1558,warlock,destruction,57,29,28
47171,Vasago,jubeithos,1558,warlock,destruction,71,36,35
47172,Ìzanamí,area-52,1558,warlock,destruction,36,18,18
47173,Deathteller,tichondrius,1558,warlock,destruction,35,17,18
47174,Tuugadark,echo-isles,1557,warlock,destruction,51,32,19
47175,Mattypatty,the-forgotten-coast,1557,warlock,destruction,42,20,22
47176,Doublebolt,illidan,1556,warlock,destruction,101,64,37
47177,Webrar,frostmourne,1556,warlock,destruction,36,20,16
47178,Captrollol,tichondrius,1556,warlock,destruction,84,43,41
47179,Promethian,proudmoore,1556,warlock,destruction,59,26,33
47180,Lilbiackguy,stormrage,1555,warlock,destruction,72,45,27
47181,Ãids,khadgar,1554,warlock,destruction,36,25,11
47182,Josaith,moon-guard,1554,warlock,destruction,101,55,46
47183,Tougetsu,tichondrius,1553,warlock,destruction,30,18,12
47184,Niked,sargeras,1553,warlock,destruction,114,67,47
47185,Gluestik,shadowmoon,1552,warlock,destruction,66,33,33
47186,Tunacangirth,mannoroth,1551,warlock,destruction,24,17,7
47187,Wiildgoose,area-52,1551,warlock,destruction,42,27,15
47188,Corruptblxck,tichondrius,1550,warlock,destruction,33,20,13
47189,Jerclard,proudmoore,1550,warlock,destruction,36,18,18
47190,Kossnen,shandris,1550,warlock,destruction,76,35,41
47191,Ciprýan,azralon,1549,warlock,destruction,36,19,17
47192,Neph,malganis,1549,warlock,destruction,38,19,19
47193,Sylrath,illidan,1548,warlock,destruction,57,25,32
47194,Xiáoyan,tichondrius,1547,warlock,destruction,30,21,9
47195,Bayfayth,zuljin,1546,warlock,destruction,92,52,40
47196,Jnxzlock,sargeras,1546,warlock,destruction,61,34,27
47197,Kevin,moon-guard,1546,warlock,destruction,93,51,42
47198,Kecca,azralon,1544,warlock,destruction,167,92,75
47199,Plexwl,sargeras,1544,warlock,destruction,75,37,38
47200,Gorontar,kelthuzad,1544,warlock,destruction,62,30,32
47201,Fearlord,shattered-hand,1544,warlock,destruction,42,19,23
47202,Remua,tichondrius,1540,warlock,destruction,29,18,11
47203,Warlockmf,sargeras,1540,warlock,destruction,121,66,55
47204,Vafa,kelthuzad,1539,warlock,destruction,26,17,9
47205,Nybeth,malganis,1539,warlock,destruction,80,39,41
47206,Cryptos,kalecgos,1538,warlock,destruction,38,22,16
47207,Flxmin,area-52,1538,warlock,destruction,58,29,29
47208,Hadouh,stormrage,1537,warlock,destruction,29,17,12
47209,Manthos,sargeras,1537,warlock,destruction,63,24,39
47210,Lockdogg,mannoroth,1536,warlock,destruction,30,18,12
47211,Chadica,malganis,1534,warlock,destruction,18,16,2
47212,Boodizz,frostmourne,1534,warlock,destruction,30,16,14
47213,Littledúck,azralon,1533,warlock,destruction,18,16,2
47214,Shadowlifts,kelthuzad,1533,warlock,destruction,30,18,12
47215,Juswannarock,tichondrius,1532,warlock,destruction,39,22,17
47216,Scarletdemon,malganis,1532,warlock,destruction,65,35,30
47217,Jaythuzad,stormrage,1532,warlock,destruction,116,60,56
47218,Løvesick,zuljin,1532,warlock,destruction,46,23,23
47219,Lockdotsftw,illidan,1531,warlock,destruction,30,16,14
47220,Trastham,malganis,1531,warlock,destruction,72,34,38
47221,Fearem,tichondrius,1530,warlock,destruction,27,17,10
47222,Badmagic,area-52,1529,warlock,destruction,81,44,37
47223,Beetlejoos,stormreaver,1529,warlock,destruction,30,16,14
47224,Shadowmoonon,tichondrius,1529,warlock,destruction,30,16,14
47225,Nattydots,sargeras,1529,warlock,destruction,71,37,34
47226,Brucelock,proudmoore,1528,warlock,destruction,24,16,8
47227,Gharlock,tichondrius,1528,warlock,destruction,62,36,26
47228,Zalord,mannoroth,1528,warlock,destruction,124,54,70
47229,Lustyclam,tichondrius,1527,warlock,destruction,95,55,40
47230,Somethingud,tichondrius,1527,warlock,destruction,77,31,46
47231,Widdleywahh,area-52,1526,warlock,destruction,95,51,44
47232,Asetiks,tichondrius,1526,warlock,destruction,30,16,14
47233,Teesolinia,stormrage,1525,warlock,destruction,42,26,16
47234,Repláced,thrall,1525,warlock,destruction,101,58,43
47235,Tulu,muradin,1524,warlock,destruction,53,35,18
47236,Isarac,zuljin,1524,warlock,destruction,54,35,19
47237,Sidious,jubeithos,1523,warlock,destruction,44,27,17
47238,Zetsu,zuljin,1523,warlock,destruction,263,135,128
47239,Obscurity,tichondrius,1523,warlock,destruction,72,36,36
47240,Conspiration,sargeras,1522,warlock,destruction,24,19,5
47241,Ensanaty,dalaran,1522,warlock,destruction,30,16,14
47242,Cesily,frostmourne,1522,warlock,destruction,30,16,14
47243,Morcegø,azralon,1522,warlock,destruction,54,28,26
47244,Tunacanthicc,moon-guard,1522,warlock,destruction,136,70,66
47245,Sladez,tichondrius,1522,warlock,destruction,42,16,26
47246,Killvilock,kelthuzad,1521,warlock,destruction,79,37,42
47247,Baldandugly,illidan,1520,warlock,destruction,30,18,12
47248,Kascade,drakkari,1520,warlock,destruction,50,27,23
47249,Resuah,tichondrius,1520,warlock,destruction,63,30,33
47250,Xêlsnåp,steamwheedle-cartel,1519,warlock,destruction,91,53,38
47251,Hellbòund,mugthol,1519,warlock,destruction,42,24,18
47252,Blorgaflob,thaurissan,1518,warlock,destruction,19,16,3
47253,Thravis,tichondrius,1518,warlock,destruction,36,20,16
47254,Brockdot,tichondrius,1517,warlock,destruction,32,22,10
47255,Romminus,zuljin,1517,warlock,destruction,37,24,13
47256,Aliciayd,andorhal,1517,warlock,destruction,30,19,11
47257,Grammapatty,tichondrius,1517,warlock,destruction,30,16,14
47258,Forsâken,tichondrius,1516,warlock,destruction,55,28,27
47259,Tharki,darkspear,1515,warlock,destruction,171,87,84
47260,Impdad,destromath,1514,warlock,destruction,72,48,24
47261,Yükina,stormrage,1514,warlock,destruction,160,82,78
47262,Austeeny,wyrmrest-accord,1513,warlock,destruction,31,21,10
47263,Politex,malganis,1513,warlock,destruction,64,40,24
47264,Squatchamp,sargeras,1512,warlock,destruction,54,31,23
47265,Kongal,tichondrius,1512,warlock,destruction,30,16,14
47266,Hootenanny,korialstrasz,1511,warlock,destruction,72,34,38
47267,Hawklock,ragnaros,1510,warlock,destruction,24,17,7
47268,Valvravé,malganis,1509,warlock,destruction,41,22,19
47269,Joseph,draktharon,1509,warlock,destruction,66,35,31
47270,Lockybalboah,turalyon,1509,warlock,destruction,120,63,57
47271,Chaosmorty,tichondrius,1508,warlock,destruction,51,32,19
47272,Guldåniel,tichondrius,1508,warlock,destruction,30,16,14
47273,Iockgodtkoz,tichondrius,1508,warlock,destruction,48,23,25
47274,Honne,sargeras,1507,warlock,destruction,32,19,13
47275,Magiaoscurax,quelthalas,1507,warlock,destruction,96,53,43
47276,Shaneyxd,bleeding-hollow,1504,warlock,destruction,24,16,8
47277,Thralord,blackrock,1503,warlock,destruction,36,23,13
47278,Dinglerdots,tichondrius,1502,warlock,destruction,27,21,6
47279,Jugaa,arthas,1502,warlock,destruction,41,29,12
47280,Bosongo,boulderfist,1501,warlock,destruction,65,37,28
47281,Deboltzaru,ragnaros,1501,warlock,destruction,91,45,46
47282,Stonnerz,ragnaros,1500,warlock,destruction,53,31,22
47283,Reportmenerd,tichondrius,1500,warlock,destruction,48,28,20
47284,Marcedlc,ragnaros,1500,warlock,destruction,72,41,31
47285,Jennifear,sargeras,1499,warlock,destruction,50,28,22
47286,Soulbane,tol-barad,1498,warlock,destruction,27,17,10
47287,Odiums,area-52,1498,warlock,destruction,77,44,33
47288,Kyoarnez,quelthalas,1498,warlock,destruction,48,24,24
47289,Kalellock,azralon,1497,warlock,destruction,108,57,51
47290,Dippidydot,illidan,1497,warlock,destruction,84,39,45
47291,Destruição,zuljin,1496,warlock,destruction,35,20,15
47292,Firewõrks,moon-guard,1496,warlock,destruction,30,17,13
47293,Daremyth,azralon,1494,warlock,destruction,36,24,12
47294,Trobgol,bleeding-hollow,1494,warlock,destruction,30,19,11
47295,Mongdot,frostmourne,1494,warlock,destruction,51,30,21
47296,Shipmatelock,stormrage,1492,warlock,destruction,48,34,14
47297,Memnøch,emerald-dream,1492,warlock,destruction,41,24,17
47298,Goomgoom,doomhammer,1489,warlock,destruction,114,50,64
47299,Freggen,shadowsong,1488,warlock,destruction,36,22,14
47300,Titusvorenus,runetotem,1488,warlock,destruction,50,30,20
47301,Terrival,illidan,1487,warlock,destruction,41,22,19
47302,Lockssy,tichondrius,1486,warlock,destruction,129,76,53
47303,Dotte,tichondrius,1486,warlock,destruction,59,31,28
47304,Vigius,dalaran,1486,warlock,destruction,53,24,29
47305,Nytefels,skullcrusher,1485,warlock,destruction,30,20,10
47306,Hornetbee,tichondrius,1483,warlock,destruction,24,16,8
47307,Dynamó,tichondrius,1483,warlock,destruction,74,37,37
47308,Gingery,the-underbog,1483,warlock,destruction,71,34,37
47309,Humanreapers,malganis,1482,warlock,destruction,31,22,9
47310,Ellneggro,zuljin,1482,warlock,destruction,36,25,11
47311,Fshi,frostmourne,1482,warlock,destruction,102,58,44
47312,Rottenhell,kelthuzad,1482,warlock,destruction,54,30,24
47313,Cutewarlock,draktharon,1481,warlock,destruction,44,27,17
47314,Beyourselff,tichondrius,1479,warlock,destruction,35,16,19
47315,Dloq,azgalor,1478,warlock,destruction,117,70,47
47316,Chàõs,tichondrius,1477,warlock,destruction,54,27,27
47317,Boltybarnes,area-52,1475,warlock,destruction,42,31,11
47318,Nefandous,malganis,1475,warlock,destruction,179,95,84
47319,Ioroselmi,illidan,1475,warlock,destruction,131,64,67
47320,Tofulery,tichondrius,1475,warlock,destruction,50,23,27
47321,Sickgurl,stormrage,1474,warlock,destruction,54,32,22
47322,Bauchalain,area-52,1474,warlock,destruction,38,19,19
47323,Privin,sargeras,1471,warlock,destruction,36,18,18
47324,Priiscilá,drakkari,1471,warlock,destruction,60,29,31
47325,Glenfarclas,tichondrius,1471,warlock,destruction,43,19,24
47326,Pestilocks,area-52,1469,warlock,destruction,44,28,16
47327,Demondots,sargeras,1469,warlock,destruction,54,31,23
47328,Laylowl,tichondrius,1468,warlock,destruction,36,22,14
47329,Shadowxlock,misha,1468,warlock,destruction,95,51,44
47330,Wdc,illidan,1468,warlock,destruction,42,21,21
47331,Vexedconvex,area-52,1468,warlock,destruction,349,174,175
47332,Magy,deathwing,1467,warlock,destruction,48,30,18
47333,Darthðotspam,mugthol,1466,warlock,destruction,84,49,35
47334,Esså,jaedenar,1466,warlock,destruction,47,20,27
47335,Pwz,azralon,1465,warlock,destruction,108,60,48
47336,Noxdolor,stormreaver,1465,warlock,destruction,36,20,16
47337,Zemphius,illidan,1463,warlock,destruction,55,27,28
47338,Kkokko,tichondrius,1462,warlock,destruction,78,39,39
47339,Jakeyboii,frostmourne,1459,warlock,destruction,51,33,18
47340,Falcorr,area-52,1459,warlock,destruction,34,19,15
47341,Mixolydian,malganis,1458,warlock,destruction,24,16,8
47342,Jezwazerox,area-52,1458,warlock,destruction,93,50,43
47343,Georky,ragnaros,1453,warlock,destruction,53,27,26
47344,Loçk,zuljin,1448,warlock,destruction,105,51,54
47345,Fenexia,hyjal,1447,warlock,destruction,54,33,21
47346,Eriess,burning-blade,1447,warlock,destruction,54,24,30
47347,Ðeãdman,bleeding-hollow,1446,warlock,destruction,26,17,9
47348,Overlock,ragnaros,1446,warlock,destruction,59,37,22
47349,Avelmi,daggerspine,1446,warlock,destruction,72,34,38
47350,Sickmade,zuljin,1445,warlock,destruction,24,16,8
47351,Mcjoy,akama,1445,warlock,destruction,224,114,110
47352,Demonicus,thunderlord,1445,warlock,destruction,51,24,27
47353,Pyresworn,wyrmrest-accord,1444,warlock,destruction,36,23,13
47354,Maleficmango,tichondrius,1444,warlock,destruction,36,23,13
47355,Dialalock,frostmourne,1443,warlock,destruction,48,25,23
47356,Daracon,thrall,1442,warlock,destruction,30,16,14
47357,Munar,quelthalas,1442,warlock,destruction,93,47,46
47358,Atrofourth,tichondrius,1442,warlock,destruction,54,26,28
47359,Xbqss,illidan,1442,warlock,destruction,36,16,20
47360,Jaboltz,tichondrius,1441,warlock,destruction,25,16,9
47361,Doobielock,kelthuzad,1441,warlock,destruction,27,17,10
47362,Mantis,proudmoore,1441,warlock,destruction,43,23,20
47363,Nttslock,tichondrius,1441,warlock,destruction,42,22,20
47364,Celash,barthilas,1441,warlock,destruction,54,28,26
47365,Eldriptch,kelthuzad,1441,warlock,destruction,47,23,24
47366,Elcidoo,tichondrius,1440,warlock,destruction,24,15,9
47367,Exupery,emerald-dream,1440,warlock,destruction,70,39,31
47368,Zezkin,alexstrasza,1440,warlock,destruction,39,21,18
47369,Printwo,sargeras,1439,warlock,destruction,24,15,9
47370,Maldivà,tichondrius,1439,warlock,destruction,24,15,9
47371,Janeciap,tichondrius,1439,warlock,destruction,24,15,9
47372,Discordant,trollbane,1439,warlock,destruction,48,29,19
47373,Twototheone,illidan,1439,warlock,destruction,131,67,64
47374,Manã,wyrmrest-accord,1439,warlock,destruction,36,18,18
47375,Beastsuper,tichondrius,1439,warlock,destruction,30,15,15
47376,Danaowns,spirestone,1439,warlock,destruction,30,15,15
47377,Selwitch,dalaran,1438,warlock,destruction,18,15,3
47378,Sâlâñzø,bleeding-hollow,1438,warlock,destruction,18,15,3
47379,Spectro,laughing-skull,1438,warlock,destruction,18,15,3
47380,Mykiel,sargeras,1438,warlock,destruction,42,21,21
47381,Deathmásk,ragnaros,1437,warlock,destruction,18,15,3
47382,Goofycupcake,drakthul,1437,warlock,destruction,18,15,3
47383,Lostlock,sargeras,1437,warlock,destruction,18,15,3
47384,Krokodiil,tichondrius,1437,warlock,destruction,56,35,21
47385,Phreekish,bleeding-hollow,1437,warlock,destruction,24,15,9
47386,Fenriakshog,zuljin,1437,warlock,destruction,24,15,9
47387,Amoranlenus,sargeras,1437,warlock,destruction,36,21,15
47388,Imbooms,blackrock,1437,warlock,destruction,30,15,15
47389,Rzlrot,tichondrius,1436,warlock,destruction,30,18,12
47390,Nebulox,stormrage,1436,warlock,destruction,42,24,18
47391,Sñeed,sargeras,1436,warlock,destruction,46,25,21
47392,Jämeson,tichondrius,1436,warlock,destruction,30,15,15
47393,Artzul,tichondrius,1436,warlock,destruction,60,25,35
47394,Zchenboom,tichondrius,1435,warlock,destruction,18,15,3
47395,Zerfall,area-52,1435,warlock,destruction,24,15,9
47396,Sonnagalook,sargeras,1435,warlock,destruction,48,27,21
47397,Mikaelbolton,tichondrius,1435,warlock,destruction,52,24,28
47398,Stizzy,eredar,1434,warlock,destruction,24,15,9
47399,Plagueîs,area-52,1434,warlock,destruction,33,18,15
47400,Év,azralon,1434,warlock,destruction,53,27,26
47401,Kuoma,boulderfist,1434,warlock,destruction,121,57,64
47402,Mindheist,stormrage,1433,warlock,destruction,24,15,9
47403,Felacid,tichondrius,1433,warlock,destruction,48,28,20
47404,Picklepuller,arthas,1433,warlock,destruction,60,34,26
47405,Zénth,kiljaeden,1432,warlock,destruction,34,22,12
47406,Mldxd,undermine,1432,warlock,destruction,34,17,17
47407,Dance,sargeras,1431,warlock,destruction,18,15,3
47408,Dunbu,illidan,1431,warlock,destruction,133,71,62
47409,Masefield,moon-guard,1431,warlock,destruction,68,33,35
47410,Dotsyu,frostmourne,1429,warlock,destruction,50,28,22
47411,Conorloco,tichondrius,1429,warlock,destruction,36,15,21
47412,Naome,cenarius,1428,warlock,destruction,36,16,20
47413,Vindicated,azgalor,1427,warlock,destruction,37,26,11
47414,Demontos,darkspear,1427,warlock,destruction,48,24,24
47415,Mordranan,thrall,1426,warlock,destruction,24,16,8
47416,Ledrlpxlx,bleeding-hollow,1426,warlock,destruction,65,31,34
47417,Shadowfork,illidan,1424,warlock,destruction,24,15,9
47418,Dercair,korgath,1424,warlock,destruction,48,25,23
47419,Straightlock,sargeras,1424,warlock,destruction,53,22,31
47420,Kanekiskid,mannoroth,1423,warlock,destruction,42,29,13
47421,Saddestboi,proudmoore,1423,warlock,destruction,66,40,26
47422,Gvvo,tichondrius,1423,warlock,destruction,30,15,15
47423,Çrayoneater,tichondrius,1423,warlock,destruction,52,22,30
47424,Soiedentaire,illidan,1422,warlock,destruction,36,30,6
47425,Ptheven,area-52,1422,warlock,destruction,64,40,24
47426,Nueleth,frostmourne,1422,warlock,destruction,47,24,23
47427,Nergoul,stormrage,1421,warlock,destruction,30,16,14
47428,Yuh,moon-guard,1420,warlock,destruction,18,15,3
47429,Fearloom,tichondrius,1420,warlock,destruction,151,78,73
47430,Chéztér,proudmoore,1420,warlock,destruction,121,60,61
47431,Caplock,barthilas,1420,warlock,destruction,55,25,30
47432,Decrepticus,kargath,1419,warlock,destruction,44,26,18
47433,Pescador,tichondrius,1419,warlock,destruction,31,17,14
47434,Destruction,frostmourne,1418,warlock,destruction,45,25,20
47435,Avae,frostmourne,1417,warlock,destruction,102,56,46
47436,Desconjuro,nemesis,1416,warlock,destruction,50,29,21
47437,Deatthmoon,stormrage,1415,warlock,destruction,24,15,9
47438,Evillyñ,tichondrius,1415,warlock,destruction,66,35,31
47439,Locker,lightnings-blade,1414,warlock,destruction,30,18,12
47440,Stunresistin,tichondrius,1414,warlock,destruction,78,41,37
47441,Cioxius,stormrage,1414,warlock,destruction,30,15,15
47442,Exofilth,thrall,1414,warlock,destruction,58,25,33
47443,Budgetkroozz,illidan,1413,warlock,destruction,30,15,15
47444,Bilidin,azralon,1413,warlock,destruction,93,41,52
47445,Yorchziel,ragnaros,1412,warlock,destruction,88,47,41
47446,Jhop,sargeras,1411,warlock,destruction,92,52,40
47447,Greedy,garrosh,1410,warlock,destruction,24,15,9
47448,Soulicit,kelthuzad,1410,warlock,destruction,30,15,15
47449,Thicclöcc,tichondrius,1410,warlock,destruction,30,15,15
47450,Parmenides,tichondrius,1410,warlock,destruction,42,19,23
47451,Johnnybegood,frostmourne,1409,warlock,destruction,24,15,9
47452,Lôrdslug,bleeding-hollow,1408,warlock,destruction,24,15,9
47453,Nazgal,tichondrius,1408,warlock,destruction,35,21,14
47454,Balfast,quelthalas,1408,warlock,destruction,60,25,35
47455,Raizël,ragnaros,1406,warlock,destruction,50,29,21
47456,Blackguldan,illidan,1405,warlock,destruction,24,15,9
47457,Meatybolts,nagrand,1405,warlock,destruction,84,46,38
47458,Lightname,arthas,1404,warlock,destruction,24,17,7
47459,Daddybolt,blackrock,1404,warlock,destruction,29,15,14
47460,Fatals,thrall,1404,warlock,destruction,30,15,15
47461,Bellanomikus,stormrage,1404,warlock,destruction,60,25,35
47462,Jannus,wyrmrest-accord,1402,warlock,destruction,56,29,27
47463,Adderall,altar-of-storms,1402,warlock,destruction,42,20,22
47464,Chuwhee,sargeras,1401,warlock,destruction,54,18,36
47465,Antistar,barthilas,1400,warlock,destruction,43,27,16
47466,Sunkuna,aerie-peak,1400,warlock,destruction,132,68,64
47467,Perples,dalaran,1399,warlock,destruction,60,30,30
47468,Shadow,frostwolf,1399,warlock,destruction,44,17,27
47469,Azöd,tichondrius,1398,warlock,destruction,117,69,48
47470,Drudotzz,hyjal,1398,warlock,destruction,36,18,18
47471,Iongestpp,bleeding-hollow,1395,warlock,destruction,42,22,20
47472,Soultrain,sargeras,1394,warlock,destruction,26,16,10
47473,Crashcrash,area-52,1394,warlock,destruction,30,15,15
47474,Notchinese,kiljaeden,1394,warlock,destruction,58,28,30
47475,Barathron,tichondrius,1394,warlock,destruction,54,22,32
47476,Gukky,misha,1393,warlock,destruction,107,66,41
47477,Rotsndotss,thrall,1393,warlock,destruction,33,16,17
47478,Shadococo,tichondrius,1393,warlock,destruction,36,16,20
47479,Hellcon,area-52,1391,warlock,destruction,88,51,37
47480,Condevil,quelthalas,1391,warlock,destruction,113,63,50
47481,Dazedl,stormrage,1391,warlock,destruction,27,15,12
47482,Adhauto,illidan,1390,warlock,destruction,113,62,51
47483,Dotsfired,crushridge,1389,warlock,destruction,45,27,18
47484,Felpsychosis,illidan,1389,warlock,destruction,117,64,53
47485,Gatewayoncd,frostmourne,1389,warlock,destruction,90,40,50
47486,Bustednut,nerzhul,1388,warlock,destruction,92,53,39
47487,Wadoom,tichondrius,1388,warlock,destruction,62,33,29
47488,Gnomerky,stormrage,1388,warlock,destruction,42,19,23
47489,Tergale,illidan,1388,warlock,destruction,66,28,38
47490,Dvorakk,frostmourne,1387,warlock,destruction,27,17,10
47491,Nazzlock,bleeding-hollow,1387,warlock,destruction,29,16,13
47492,Yanned,hakkar,1387,warlock,destruction,147,78,69
47493,Blayzen,elune,1386,warlock,destruction,35,16,19
47494,Umdur,zuljin,1385,warlock,destruction,62,29,33
47495,Rangmar,ragnaros,1385,warlock,destruction,39,18,21
47496,Gorelami,tichondrius,1384,warlock,destruction,42,23,19
47497,Iceameri,tichondrius,1384,warlock,destruction,68,36,32
47498,Heathncraig,illidan,1382,warlock,destruction,92,45,47
47499,Ticklebolts,tichondrius,1382,warlock,destruction,40,16,24
47500,Poxnhub,tichondrius,1381,warlock,destruction,23,15,8
47501,Neodron,thrall,1380,warlock,destruction,69,45,24
47502,Necrotic,antonidas,1379,warlock,destruction,66,33,33
47503,Warlo,moonrunner,1378,warlock,destruction,30,20,10
47504,Coreleron,proudmoore,1378,warlock,destruction,61,29,32
47505,Siccwidit,area-52,1378,warlock,destruction,74,34,40
47506,Mèrlin,aerie-peak,1377,warlock,destruction,42,26,16
47507,Aksness,stormrage,1377,warlock,destruction,42,18,24
47508,Blankdots,sargeras,1375,warlock,destruction,42,27,15
47509,Lockonthc,korgath,1375,warlock,destruction,32,16,16
47510,Wasrenai,tichondrius,1375,warlock,destruction,47,21,26
47511,Aomniloltv,zuljin,1374,warlock,destruction,82,43,39
47512,Hobblefoòt,proudmoore,1374,warlock,destruction,46,23,23
47513,Nmelock,malganis,1374,warlock,destruction,30,15,15
47514,Garbagefarts,aegwynn,1374,warlock,destruction,76,36,40
47515,Zinkro,quelthalas,1374,warlock,destruction,77,32,45
47516,Batär,area-52,1372,warlock,destruction,36,26,10
47517,Ganosh,aggramar,1372,warlock,destruction,128,71,57
47518,Connect,borean-tundra,1371,warlock,destruction,35,18,17
47519,Dessoft,ragnaros,1371,warlock,destruction,36,17,19
47520,Foxfoxfel,thrall,1369,warlock,destruction,24,16,8
47521,Memon,frostmane,1367,warlock,destruction,66,35,31
47522,Ppoonlock,tichondrius,1367,warlock,destruction,35,15,20
47523,Getpissed,emerald-dream,1365,warlock,destruction,65,32,33
47524,Critneyfearz,stormscale,1365,warlock,destruction,53,25,28
47525,Blindingsun,kiljaeden,1365,warlock,destruction,72,27,45
47526,Gilgameshs,stormrage,1364,warlock,destruction,41,20,21
47527,Lynnilock,area-52,1363,warlock,destruction,24,15,9
47528,Luxenna,malganis,1363,warlock,destruction,84,40,44
47529,Esteedees,moon-guard,1361,warlock,destruction,42,16,26
47530,Mickylock,tichondrius,1360,warlock,destruction,210,112,98
47531,Wackykid,azralon,1360,warlock,destruction,86,39,47
47532,Sauronne,illidan,1359,warlock,destruction,48,20,28
47533,Lafuke,tichondrius,1358,warlock,destruction,25,15,10
47534,Fireballingx,illidan,1358,warlock,destruction,26,15,11
47535,Locksyy,tichondrius,1357,warlock,destruction,59,24,35
47536,Kelifan,sargeras,1356,warlock,destruction,90,49,41
47537,Matdamon,barthilas,1354,warlock,destruction,60,33,27
47538,Sylestrio,feathermoon,1354,warlock,destruction,54,27,27
47539,Dealcloud,tichondrius,1353,warlock,destruction,77,40,37
47540,Laklin,stormscale,1353,warlock,destruction,122,58,64
47541,Finnickk,blackrock,1353,warlock,destruction,36,16,20
47542,Nezsarek,sargeras,1352,warlock,destruction,169,73,96
47543,Ørfna,zuljin,1351,warlock,destruction,66,33,33
47544,Sepültüra,quelthalas,1351,warlock,destruction,72,33,39
47545,Sugmabone,zuluhed,1349,warlock,destruction,36,23,13
47546,Karadelice,stormrage,1349,warlock,destruction,54,29,25
47547,Patagucci,bleeding-hollow,1348,warlock,destruction,30,17,13
47548,Razizzles,malganis,1345,warlock,destruction,72,42,30
47549,Stallrooks,moon-guard,1345,warlock,destruction,29,16,13
47550,Retwarr,tichondrius,1344,warlock,destruction,18,14,4
47551,Soulruler,tichondrius,1344,warlock,destruction,24,14,10
47552,Spreadnhiv,thrall,1344,warlock,destruction,42,18,24
47553,Sktfäker,sargeras,1343,warlock,destruction,24,14,10
47554,Súpersonic,tichondrius,1343,warlock,destruction,24,14,10
47555,Austen,tichondrius,1343,warlock,destruction,55,24,31
47556,Dobbythelock,zuljin,1340,warlock,destruction,24,14,10
47557,Bobbygoulant,tichondrius,1340,warlock,destruction,259,128,131
47558,Haxlock,azralon,1339,warlock,destruction,64,26,38
47559,Aemma,proudmoore,1338,warlock,destruction,18,14,4
47560,Extinção,azralon,1338,warlock,destruction,64,39,25
47561,Pantypeeler,barthilas,1338,warlock,destruction,60,35,25
47562,Sofan,dalaran,1338,warlock,destruction,24,14,10
47563,Spliffxl,stormrage,1338,warlock,destruction,24,14,10
47564,Scãryz,jubeithos,1338,warlock,destruction,50,29,21
47565,Veerdz,area-52,1338,warlock,destruction,30,14,16
47566,Xlilgee,kelthuzad,1337,warlock,destruction,18,14,4
47567,Jackscar,windrunner,1337,warlock,destruction,23,16,7
47568,Ägnar,nemesis,1337,warlock,destruction,22,15,7
47569,Brenda,bleeding-hollow,1337,warlock,destruction,30,20,10
47570,Punishment,jubeithos,1337,warlock,destruction,23,15,8
47571,Gingerspise,nathrezim,1337,warlock,destruction,30,14,16
47572,Fearsntears,stormrage,1336,warlock,destruction,36,14,22
47573,Yarrz,kelthuzad,1335,warlock,destruction,24,16,8
47574,Pabloescobr,tichondrius,1335,warlock,destruction,24,14,10
47575,Theredwoman,emerald-dream,1335,warlock,destruction,30,14,16
47576,Lòthloria,mannoroth,1334,warlock,destruction,149,74,75
47577,Majinbuû,malganis,1334,warlock,destruction,30,14,16
47578,Warwand,tichondrius,1333,warlock,destruction,18,14,4
47579,Mailerdaemön,proudmoore,1332,warlock,destruction,30,14,16
47580,Skrublockz,area-52,1332,warlock,destruction,30,14,16
47581,Yibbel,area-52,1331,warlock,destruction,24,14,10
47582,Spongebobjrj,tichondrius,1331,warlock,destruction,36,20,16
47583,Lefteexd,tichondrius,1330,warlock,destruction,24,14,10
47584,Grandpapapa,tichondrius,1330,warlock,destruction,54,22,32
47585,Darksolace,dalaran,1329,warlock,destruction,24,14,10
47586,Freestyle,blackwater-raiders,1328,warlock,destruction,54,34,20
47587,Fazzlock,nagrand,1328,warlock,destruction,40,21,19
47588,Gingerlocky,barthilas,1328,warlock,destruction,106,50,56
47589,Celeden,emerald-dream,1327,warlock,destruction,30,18,12
47590,Cursedoll,ragnaros,1327,warlock,destruction,36,15,21
47591,Salties,magtheridon,1326,warlock,destruction,24,14,10
47592,Notäçultist,nagrand,1324,warlock,destruction,77,41,36
47593,Drcameron,zuljin,1322,warlock,destruction,24,15,9
47594,Musgrin,gallywix,1322,warlock,destruction,24,14,10
47595,Lockednloade,tichondrius,1322,warlock,destruction,57,33,24
47596,Zephee,queldorei,1322,warlock,destruction,60,34,26
47597,Gòtti,frostmourne,1320,warlock,destruction,24,14,10
47598,Jugerdotz,sargeras,1320,warlock,destruction,30,14,16
47599,Boltster,destromath,1319,warlock,destruction,57,33,24
47600,Sweetmeat,madoran,1319,warlock,destruction,37,14,23
47601,Addonic,hyjal,1318,warlock,destruction,24,14,10
47602,Dotsnrots,frostmourne,1318,warlock,destruction,30,14,16
47603,Jeramie,darkspear,1317,warlock,destruction,38,17,21
47604,Castngcouch,tichondrius,1316,warlock,destruction,69,35,34
47605,Undies,demon-soul,1314,warlock,destruction,72,39,33
47606,Lockerdoo,aegwynn,1314,warlock,destruction,54,25,29
47607,Ganknãmstyle,illidan,1313,warlock,destruction,89,42,47
47608,Jecklez,tichondrius,1312,warlock,destruction,135,70,65
47609,Shedara,ragnaros,1311,warlock,destruction,23,14,9
47610,Kabroom,boulderfist,1311,warlock,destruction,24,14,10
47611,Covírus,azralon,1310,warlock,destruction,29,18,11
47612,Lladyyheartt,nesingwary,1309,warlock,destruction,60,30,30
47613,Striga,staghelm,1309,warlock,destruction,65,28,37
47614,Dotyoazz,tichondrius,1308,warlock,destruction,38,22,16
47615,Jhivtwo,tichondrius,1308,warlock,destruction,30,14,16
47616,Sayatar,ragnaros,1308,warlock,destruction,30,14,16
47617,Xhrine,frostmourne,1307,warlock,destruction,23,14,9
47618,Covenslave,nemesis,1307,warlock,destruction,323,160,163
47619,Muchoprecogo,tichondrius,1306,warlock,destruction,24,14,10
47620,Sû,stormrage,1306,warlock,destruction,72,31,41
47621,Downbad,ysera,1305,warlock,destruction,37,16,21
47622,Gscar,area-52,1303,warlock,destruction,48,28,20
47623,Felqueenn,windrunner,1301,warlock,destruction,30,19,11
47624,Tartamuda,ragnaros,1301,warlock,destruction,30,14,16
47625,Voidchaos,korgath,1300,warlock,destruction,18,14,4
47626,Tsmcfker,tichondrius,1298,warlock,destruction,24,14,10
47627,Rauwërrs,azralon,1292,warlock,destruction,55,26,29
47628,Pruevolf,tichondrius,1292,warlock,destruction,92,43,49
47629,Kombat,amanthul,1292,warlock,destruction,71,32,39
47630,Thizzmaa,area-52,1291,warlock,destruction,107,55,52
47631,Wizlox,illidan,1291,warlock,destruction,130,56,74
47632,Bigdoinks,nagrand,1290,warlock,destruction,34,19,15
47633,Warlockgomes,azralon,1290,warlock,destruction,198,98,100
47634,Zehr,malganis,1289,warlock,destruction,40,24,16
47635,Boltsfordays,dalaran,1289,warlock,destruction,104,55,49
47636,Cvntpvntcans,kelthuzad,1289,warlock,destruction,36,16,20
47637,Killafornia,runetotem,1288,warlock,destruction,30,16,14
47638,Stinkychef,hyjal,1287,warlock,destruction,18,14,4
47639,Lolimalock,bleeding-hollow,1286,warlock,destruction,35,19,16
47640,Identiti,tichondrius,1285,warlock,destruction,27,14,13
47641,Darkboltz,area-52,1283,warlock,destruction,45,26,19
47642,Miniime,azgalor,1283,warlock,destruction,38,16,22
47643,Blockk,moknathal,1282,warlock,destruction,86,36,50
47644,Awfeelya,sargeras,1281,warlock,destruction,29,17,12
47645,Zuldar,tichondrius,1281,warlock,destruction,36,21,15
47646,Zoluraan,proudmoore,1280,warlock,destruction,51,33,18
47647,Hurriicane,stormrage,1280,warlock,destruction,92,48,44
47648,Imprecátion,tichondrius,1279,warlock,destruction,65,24,41
47649,Rustý,illidan,1278,warlock,destruction,71,41,30
47650,Buildsuccess,tichondrius,1278,warlock,destruction,35,14,21
47651,Ozgwad,thunderhorn,1277,warlock,destruction,42,19,23
47652,Wawfw,bleeding-hollow,1275,warlock,destruction,21,15,6
47653,Ahrimus,area-52,1275,warlock,destruction,28,14,14
47654,Lilibe,tichondrius,1275,warlock,destruction,66,29,37
47655,Potatostew,dalaran,1273,warlock,destruction,36,14,22
47656,Telvanni,sargeras,1270,warlock,destruction,43,24,19
47657,Derfflinger,tichondrius,1270,warlock,destruction,118,49,69
47658,Felryssa,kiljaeden,1269,warlock,destruction,60,29,31
47659,Prinzheinric,quelthalas,1267,warlock,destruction,33,21,12
47660,Kyle,shandris,1267,warlock,destruction,45,21,24
47661,Ilvvll,proudmoore,1267,warlock,destruction,35,15,20
47662,Theporkchunk,nordrassil,1265,warlock,destruction,52,35,17
47663,Griget,runetotem,1265,warlock,destruction,59,28,31
47664,Radalyn,icecrown,1264,warlock,destruction,25,14,11
47665,Ehcsrop,doomhammer,1263,warlock,destruction,86,42,44
47666,Klapincheeks,malganis,1262,warlock,destruction,87,31,56
47667,Davnport,frostmourne,1261,warlock,destruction,44,16,28
47668,Alktrz,azralon,1260,warlock,destruction,25,14,11
47669,Gattsonn,kiljaeden,1259,warlock,destruction,42,15,27
47670,Blklavender,darkspear,1258,warlock,destruction,19,14,5
47671,Mocreia,azralon,1258,warlock,destruction,119,59,60
47672,Deseo,moon-guard,1257,warlock,destruction,24,17,7
47673,Dotdoctor,thrall,1257,warlock,destruction,69,34,35
47674,Gwar,khazgoroth,1256,warlock,destruction,175,81,94
47675,Mordekhay,tichondrius,1255,warlock,destruction,62,30,32
47676,Felancholy,illidan,1254,warlock,destruction,32,22,10
47677,Ticktóck,ghostlands,1253,warlock,destruction,19,14,5
47678,Siliconsnipe,tichondrius,1252,warlock,destruction,24,17,7
47679,Dogetrash,tichondrius,1252,warlock,destruction,27,19,8
47680,Kortinanga,tichondrius,1252,warlock,destruction,54,30,24
47681,Eurygnomous,thrall,1252,warlock,destruction,30,14,16
47682,Krýstál,ragnaros,1251,warlock,destruction,61,32,29
47683,Drwolfman,bonechewer,1251,warlock,destruction,66,32,34
47684,Fiftydkps,azralon,1250,warlock,destruction,30,17,13
47685,Xtwistedteas,tichondrius,1249,warlock,destruction,31,14,17
47686,Rodimus,hyjal,1248,warlock,destruction,198,109,89
47687,Pressurë,tichondrius,1247,warlock,destruction,18,13,5
47688,Zunexx,malganis,1247,warlock,destruction,18,13,5
47689,Drainerx,kelthuzad,1247,warlock,destruction,18,13,5
47690,Voqo,shandris,1247,warlock,destruction,18,13,5
47691,Cyrus,akama,1247,warlock,destruction,24,16,8
47692,Jandorace,anetheron,1247,warlock,destruction,24,13,11
47693,Thragèqt,sargeras,1247,warlock,destruction,24,13,11
47694,Kimsoul,zuljin,1247,warlock,destruction,24,13,11
47695,Oymmander,illidan,1247,warlock,destruction,24,13,11
47696,Moonsoaps,moon-guard,1247,warlock,destruction,24,13,11
47697,Rèdrùm,tichondrius,1247,warlock,destruction,24,13,11
47698,Grenswood,arathor,1247,warlock,destruction,27,14,13
47699,Lotussama,anetheron,1246,warlock,destruction,18,13,5
47700,Skanckqt,malganis,1246,warlock,destruction,24,13,11
47701,Inaane,thrall,1246,warlock,destruction,24,13,11
47702,Medusaqn,tichondrius,1246,warlock,destruction,24,13,11
47703,Hauntsin,hyjal,1246,warlock,destruction,30,13,17
47704,Stainn,gallywix,1245,warlock,destruction,27,17,10
47705,Toastwl,tichondrius,1244,warlock,destruction,18,13,5
47706,Riptyler,illidan,1244,warlock,destruction,24,13,11
47707,Diabhlaí,tichondrius,1244,warlock,destruction,102,53,49
47708,Kemchaos,illidan,1244,warlock,destruction,94,46,48
47709,Prelick,illidan,1244,warlock,destruction,30,13,17
47710,Catodo,ragnaros,1244,warlock,destruction,36,13,23
47711,Zhvim,stormrage,1243,warlock,destruction,24,13,11
47712,Gavlock,tichondrius,1243,warlock,destruction,36,13,23
47713,Nigsy,nagrand,1242,warlock,destruction,24,13,11
47714,Spòngwò,tichondrius,1242,warlock,destruction,24,13,11
47715,Tirzah,frostmourne,1241,warlock,destruction,18,13,5
47716,Sutra,tichondrius,1241,warlock,destruction,29,19,10
47717,Badmir,area-52,1241,warlock,destruction,24,13,11
47718,Soulwipe,dethecus,1241,warlock,destruction,24,13,11
47719,Mothmayhem,moon-guard,1241,warlock,destruction,24,13,11
47720,Shadü,tichondrius,1241,warlock,destruction,36,14,22
47721,Ruknài,barthilas,1240,warlock,destruction,24,13,11
47722,Jnzi,area-52,1239,warlock,destruction,18,13,5
47723,Darthzugzug,gorefiend,1239,warlock,destruction,48,28,20
47724,Insanemids,tichondrius,1239,warlock,destruction,26,14,12
47725,Chrönic,azralon,1239,warlock,destruction,27,14,13
47726,Fearndot,draenor,1236,warlock,destruction,63,29,34
47727,Rainymood,frostmourne,1233,warlock,destruction,18,13,5
47728,Munick,spirestone,1233,warlock,destruction,24,13,11
47729,Azrezzael,area-52,1233,warlock,destruction,24,13,11
47730,Blastyboat,terenas,1233,warlock,destruction,39,15,24
47731,Dalruk,wyrmrest-accord,1232,warlock,destruction,18,13,5
47732,Klatuu,stonemaul,1232,warlock,destruction,24,15,9
47733,Kärên,proudmoore,1231,warlock,destruction,31,23,8
47734,Chaotíc,zuljin,1231,warlock,destruction,24,13,11
47735,Jelluz,ghostlands,1230,warlock,destruction,33,16,17
47736,Teahourse,tichondrius,1230,warlock,destruction,30,13,17
47737,Mcscrotie,tichondrius,1229,warlock,destruction,28,14,14
47738,Radamantîs,ragnaros,1229,warlock,destruction,36,13,23
47739,Bénn,moon-guard,1228,warlock,destruction,77,49,28
47740,Jjesie,tichondrius,1228,warlock,destruction,30,13,17
47741,Impieties,emerald-dream,1228,warlock,destruction,36,14,22
47742,Phreaky,area-52,1226,warlock,destruction,69,39,30
47743,Shaggster,stormrage,1226,warlock,destruction,66,36,30
47744,Rickyspanish,malygos,1226,warlock,destruction,30,13,17
47745,Xdyourd,tichondrius,1225,warlock,destruction,18,13,5
47746,Kyrionn,azralon,1225,warlock,destruction,24,13,11
47747,Dirtybóy,tichondrius,1224,warlock,destruction,24,13,11
47748,Candykrush,tichondrius,1224,warlock,destruction,26,13,13
47749,Vikkter,tichondrius,1221,warlock,destruction,30,14,16
47750,Enaria,queldorei,1218,warlock,destruction,24,13,11
47751,Ktlock,frostmourne,1217,warlock,destruction,42,20,22
47752,Iiferna,sargeras,1217,warlock,destruction,149,70,79
47753,Cursedtool,quelthalas,1216,warlock,destruction,21,14,7
47754,Becà,stormrage,1216,warlock,destruction,24,13,11
47755,Schmok,terenas,1216,warlock,destruction,64,33,31
47756,Hawkstalker,thaurissan,1215,warlock,destruction,76,39,37
47757,Zydaria,stormrage,1213,warlock,destruction,30,18,12
47758,Erevas,area-52,1213,warlock,destruction,24,14,10
47759,Prototyp,azralon,1212,warlock,destruction,18,13,5
47760,Atrabiliario,quelthalas,1210,warlock,destruction,36,13,23
47761,Felinå,hyjal,1206,warlock,destruction,39,24,15
47762,Arthyr,twisting-nether,1206,warlock,destruction,29,13,16
47763,Superbroly,area-52,1204,warlock,destruction,30,16,14
47764,Daeykras,crushridge,1203,warlock,destruction,45,25,20
47765,Luulloo,proudmoore,1203,warlock,destruction,60,32,28
47766,Gouldon,sargeras,1202,warlock,destruction,40,20,20
47767,Blew,bleeding-hollow,1200,warlock,destruction,15,14,1
47768,Sitra,ragnaros,1196,warlock,destruction,24,15,9
47769,Verdoso,stormrage,1196,warlock,destruction,78,41,37
47770,Dokue,kaelthas,1195,warlock,destruction,15,14,1
47771,Zaeloc,ragnaros,1195,warlock,destruction,42,13,29
47772,Goldieloc,sargeras,1192,warlock,destruction,42,26,16
47773,Spookyfurry,area-52,1192,warlock,destruction,30,13,17
47774,Aboode,blackrock,1190,warlock,destruction,59,26,33
47775,Cørruption,emerald-dream,1188,warlock,destruction,47,22,25
47776,Chodetamer,lethon,1180,warlock,destruction,29,18,11
47777,Necrodeath,malygos,1180,warlock,destruction,30,15,15
47778,Maldíta,quelthalas,1180,warlock,destruction,117,52,65
47779,Kidsoul,illidan,1178,warlock,destruction,97,46,51
47780,Nanodingo,tichondrius,1176,warlock,destruction,59,30,29
47781,Tarnish,medivh,1175,warlock,destruction,48,17,31
47782,Ilovedemons,aegwynn,1168,warlock,destruction,42,26,16
47783,Vamperro,thrall,1168,warlock,destruction,22,13,9
47784,Bawldimort,stormrage,1165,warlock,destruction,89,46,43
47785,Lerooux,hyjal,1162,warlock,destruction,36,16,20
47786,Aerozyn,wyrmrest-accord,1161,warlock,destruction,30,16,14
47787,Dudda,sargeras,1152,warlock,destruction,12,12,0
47788,Falsaqt,area-52,1152,warlock,destruction,18,12,6
47789,Osmatz,area-52,1152,warlock,destruction,18,12,6
47790,Livinpink,zuljin,1152,warlock,destruction,18,12,6
47791,Blodrain,tichondrius,1152,warlock,destruction,18,12,6
47792,Sphoo,tichondrius,1152,warlock,destruction,18,12,6
47793,Kazam,quelthalas,1152,warlock,destruction,30,17,13
47794,Koei,tichondrius,1152,warlock,destruction,24,12,12
47795,Threk,quelthalas,1152,warlock,destruction,24,12,12
47796,Ilfucyobit,kelthuzad,1152,warlock,destruction,60,18,42
47797,Wargllock,tichondrius,1151,warlock,destruction,18,12,6
47798,Liuh,tichondrius,1151,warlock,destruction,18,12,6
47799,Blastamastah,tichondrius,1151,warlock,destruction,18,12,6
47800,Shutupthug,illidan,1151,warlock,destruction,18,12,6
47801,Angrydestro,tichondrius,1151,warlock,destruction,18,12,6
47802,Oceangrownx,emerald-dream,1151,warlock,destruction,24,12,12
47803,Flûké,tichondrius,1151,warlock,destruction,24,12,12
47804,Asmit,firetree,1151,warlock,destruction,28,13,15
47805,Zaiocian,tichondrius,1151,warlock,destruction,26,12,14
47806,Pndasrntlegt,burning-blade,1150,warlock,destruction,12,12,0
47807,Pratticus,stormrage,1150,warlock,destruction,18,12,6
47808,Ggooudan,tichondrius,1150,warlock,destruction,18,12,6
47809,Lokintots,darkspear,1150,warlock,destruction,18,12,6
47810,Ñigorshedøn,area-52,1150,warlock,destruction,18,12,6
47811,Dëception,ragnaros,1150,warlock,destruction,18,12,6
47812,Soulripped,area-52,1150,warlock,destruction,24,12,12
47813,Canobio,tichondrius,1150,warlock,destruction,24,12,12
47814,Khalynd,azralon,1150,warlock,destruction,47,22,25
47815,Pancakestack,stormrage,1149,warlock,destruction,96,48,48
47816,Iggyiggy,sargeras,1149,warlock,destruction,24,12,12
47817,Ole,area-52,1149,warlock,destruction,27,13,14
47818,Beldiinlock,khazgoroth,1149,warlock,destruction,75,36,39
47819,Poock,goldrinn,1148,warlock,destruction,18,12,6
47820,Kylaria,emerald-dream,1148,warlock,destruction,24,12,12
47821,Omarlil,kelthuzad,1147,warlock,destruction,18,12,6
47822,Nadirius,shadowmoon,1146,warlock,destruction,18,12,6
47823,Superbvious,lothar,1145,warlock,destruction,83,40,43
47824,Deebeel,sargeras,1145,warlock,destruction,30,12,18
47825,Oony,quelthalas,1144,warlock,destruction,24,12,12
47826,Soulsurvivor,tichondrius,1144,warlock,destruction,30,12,18
47827,Carcine,frostwolf,1143,warlock,destruction,24,12,12
47828,Mispickle,kelthuzad,1143,warlock,destruction,24,12,12
47829,Gambel,duskwood,1143,warlock,destruction,30,13,17
47830,Handler,earthen-ring,1142,warlock,destruction,42,28,14
47831,Escro,azgalor,1142,warlock,destruction,80,47,33
47832,Gridwild,drakkari,1142,warlock,destruction,24,12,12
47833,Nadek,tichondrius,1140,warlock,destruction,24,12,12
47834,Bmó,stormrage,1139,warlock,destruction,18,12,6
47835,Nhen,daggerspine,1138,warlock,destruction,143,76,67
47836,Lessance,dalaran,1138,warlock,destruction,24,12,12
47837,Taylôr,proudmoore,1136,warlock,destruction,30,12,18
47838,Ravikk,dalaran,1136,warlock,destruction,30,12,18
47839,Cascades,icecrown,1135,warlock,destruction,126,57,69
47840,Juniorsalanu,quelthalas,1134,warlock,destruction,42,23,19
47841,Sankestones,burning-legion,1134,warlock,destruction,30,12,18
47842,Lagcursed,frostmourne,1133,warlock,destruction,18,12,6
47843,Cælohin,tichondrius,1132,warlock,destruction,24,12,12
47844,Skullsoul,arthas,1132,warlock,destruction,24,12,12
47845,Mordror,azralon,1132,warlock,destruction,29,14,15
47846,Dlchem,tichondrius,1126,warlock,destruction,18,12,6
47847,Kracky,tichondrius,1126,warlock,destruction,198,105,93
47848,Huskir,tichondrius,1125,warlock,destruction,30,12,18
47849,Rageraff,trollbane,1121,warlock,destruction,30,18,12
47850,Nocchi,amanthul,1119,warlock,destruction,22,12,10
47851,Trïnîty,tichondrius,1117,warlock,destruction,71,31,40
47852,Dettocs,emerald-dream,1116,warlock,destruction,26,13,13
47853,Hookslinger,barthilas,1116,warlock,destruction,24,12,12
47854,Josemb,ragnaros,1114,warlock,destruction,26,14,12
47855,Marvolö,darkspear,1112,warlock,destruction,24,15,9
47856,Mshyde,gurubashi,1107,warlock,destruction,30,17,13
47857,Esomy,sargeras,1107,warlock,destruction,33,17,16
47858,Gentleq,tichondrius,1104,warlock,destruction,21,12,9
47859,Anstik,area-52,1103,warlock,destruction,15,13,2
47860,Hulion,kiljaeden,1100,warlock,destruction,54,21,33
47861,Westy,drenden,1098,warlock,destruction,18,12,6
47862,Tempestzone,barthilas,1096,warlock,destruction,29,16,13
47863,Darthlockz,illidan,1095,warlock,destruction,24,13,11
47864,Madgettike,stormrage,1094,warlock,destruction,36,22,14
47865,Varuuss,ragnaros,1092,warlock,destruction,21,12,9
47866,Mindfulchimp,sargeras,1092,warlock,destruction,23,12,11
47867,Timmerstar,tichondrius,1091,warlock,destruction,54,25,29
47868,Taìnted,lightbringer,1088,warlock,destruction,28,12,16
47869,Ctierwarlock,tichondrius,1087,warlock,destruction,16,12,4
47870,Medeia,tichondrius,1087,warlock,destruction,23,12,11
47871,Skynflute,tichondrius,1087,warlock,destruction,28,12,16
47872,Necrotiá,tichondrius,1085,warlock,destruction,17,12,5
47873,Spicý,sargeras,1084,warlock,destruction,63,31,32
47874,Liltoastii,illidan,1084,warlock,destruction,27,13,14
47875,Scaryðreams,malganis,1084,warlock,destruction,38,12,26
47876,Mysophobia,frostmourne,1083,warlock,destruction,113,54,59
47877,Abracadavers,ragnaros,1081,warlock,destruction,23,12,11
47878,Nathalyâ,drakkari,1077,warlock,destruction,72,36,36
47879,Glifosáto,quelthalas,1075,warlock,destruction,22,14,8
47880,Valval,moon-guard,1074,warlock,destruction,72,22,50
47881,Wolfib,tichondrius,1072,warlock,destruction,19,12,7
47882,Solrad,illidan,1072,warlock,destruction,56,29,27
47883,Nøvah,tichondrius,1070,warlock,destruction,19,12,7
47884,Fidobiu,stormrage,1069,warlock,destruction,30,16,14
47885,Lockedyaup,skullcrusher,1068,warlock,destruction,30,13,17
47886,Toby,azralon,1066,warlock,destruction,25,12,13
47887,Myshadow,gorefiend,1064,warlock,destruction,36,15,21
47888,Luke,lightnings-blade,1062,warlock,destruction,18,12,6
47889,Mogran,twisting-nether,1059,warlock,destruction,30,15,15
47890,Caesaros,quelthalas,1057,warlock,destruction,25,12,13
47891,Redsolojdc,tichondrius,1056,warlock,destruction,12,11,1
47892,Bumbleebolts,azralon,1056,warlock,destruction,12,11,1
47893,Rubybestlol,tichondrius,1056,warlock,destruction,12,11,1
47894,Hdys,tichondrius,1056,warlock,destruction,18,11,7
47895,Moosejockey,stormrage,1056,warlock,destruction,18,11,7
47896,Søulswap,tichondrius,1056,warlock,destruction,18,11,7
47897,Xidothewitch,stormrage,1056,warlock,destruction,18,11,7
47898,Lockâsf,tichondrius,1056,warlock,destruction,18,11,7
47899,Drsmegmaz,dreadmaul,1056,warlock,destruction,24,11,13
47900,Edeklock,frostmourne,1055,warlock,destruction,12,11,1
47901,Devastation,senjin,1055,warlock,destruction,15,12,3
47902,Ðòt,nagrand,1055,warlock,destruction,18,11,7
47903,Sahdude,illidan,1055,warlock,destruction,18,11,7
47904,Dreadxbolts,stormrage,1055,warlock,destruction,18,11,7
47905,Feardotzrun,illidan,1055,warlock,destruction,18,11,7
47906,Tuzadin,tichondrius,1055,warlock,destruction,18,11,7
47907,Itstista,proudmoore,1055,warlock,destruction,24,11,13
47908,Lowkei,stonemaul,1055,warlock,destruction,42,15,27
47909,Vasqu,stormrage,1054,warlock,destruction,18,11,7
47910,Aureboros,sargeras,1054,warlock,destruction,18,11,7
47911,Friggus,azralon,1054,warlock,destruction,18,11,7
47912,Dunkindots,dalaran,1054,warlock,destruction,18,11,7
47913,Locksolo,tichondrius,1054,warlock,destruction,18,11,7
47914,Spudzies,bleeding-hollow,1054,warlock,destruction,24,11,13
47915,Léarníng,nemesis,1053,warlock,destruction,12,11,1
47916,Faënn,zuljin,1053,warlock,destruction,18,11,7
47917,Buffwarlockz,stormrage,1053,warlock,destruction,18,11,7
47918,Dipz,zuljin,1053,warlock,destruction,18,11,7
47919,Tatemor,barthilas,1053,warlock,destruction,24,11,13
47920,Thotorina,tichondrius,1053,warlock,destruction,29,12,17
47921,Ranil,mannoroth,1052,warlock,destruction,18,11,7
47922,Blanklee,tichondrius,1051,warlock,destruction,12,11,1
47923,Yungncapable,malganis,1051,warlock,destruction,12,11,1
47924,Domenic,sentinels,1051,warlock,destruction,16,12,4
47925,Strawberryz,boulderfist,1051,warlock,destruction,18,11,7
47926,Mateekabr,malganis,1051,warlock,destruction,18,11,7
47927,Flemball,aegwynn,1051,warlock,destruction,21,12,9
47928,Microd,tichondrius,1050,warlock,destruction,18,11,7
47929,Sathorastus,spirestone,1050,warlock,destruction,24,11,13
47930,Unprønuncea,azralon,1050,warlock,destruction,25,11,14
47931,Lindrasta,proudmoore,1048,warlock,destruction,12,11,1
47932,Aswrislock,tichondrius,1048,warlock,destruction,12,11,1
47933,Shadowy,dragonblight,1048,warlock,destruction,18,11,7
47934,Tirp,illidan,1048,warlock,destruction,24,11,13
47935,Pokemebutt,hydraxis,1046,warlock,destruction,18,11,7
47936,Lotusx,tichondrius,1046,warlock,destruction,18,11,7
47937,Dex,jubeithos,1046,warlock,destruction,159,60,99
47938,Altazor,thunderlord,1046,warlock,destruction,30,11,19
47939,Ltr,moon-guard,1045,warlock,destruction,18,11,7
47940,Haloren,moon-guard,1044,warlock,destruction,18,11,7
47941,Melodyh,laughing-skull,1044,warlock,destruction,30,11,19
47942,Xenagos,antonidas,1043,warlock,destruction,30,11,19
47943,Xmochahollic,tichondrius,1040,warlock,destruction,152,65,87
47944,Seeword,sargeras,1039,warlock,destruction,18,11,7
47945,Shivalx,tichondrius,1039,warlock,destruction,24,11,13
47946,Baiss,tichondrius,1030,warlock,destruction,18,11,7
47947,Danoinfelizz,nemesis,1029,warlock,destruction,15,12,3
47948,Noriaeradra,illidan,1025,warlock,destruction,24,13,11
47949,Valintine,khadgar,1024,warlock,destruction,21,12,9
47950,Basicwitch,malganis,1023,warlock,destruction,17,11,6
47951,Getsmoked,moknathal,1023,warlock,destruction,23,11,12
47952,Locksoul,area-52,1019,warlock,destruction,54,25,29
47953,Cheiff,tichondrius,1017,warlock,destruction,63,24,39
47954,Rnicu,bonechewer,1016,warlock,destruction,99,49,50
47955,Bobthedoc,sargeras,1011,warlock,destruction,23,11,12
47956,Kklock,frostmourne,1007,warlock,destruction,45,26,19
47957,Faliceu,sargeras,1006,warlock,destruction,26,11,15
47958,Plagué,barthilas,1004,warlock,destruction,21,11,10
47959,Panyc,tichondrius,1002,warlock,destruction,23,11,12
47960,Valerilma,azralon,998,warlock,destruction,23,11,12
47961,Shardgodx,barthilas,997,warlock,destruction,23,11,12
47962,Rentacletape,kelthuzad,991,warlock,destruction,16,11,5
47963,Wingzerø,tichondrius,988,warlock,destruction,23,11,12
47964,Ozric,quelthalas,987,warlock,destruction,20,12,8
47965,Nevermorde,area-52,986,warlock,destruction,23,11,12
47966,Wìckedelf,area-52,986,warlock,destruction,81,38,43
47967,Mystikcloak,lightbringer,980,warlock,destruction,19,13,6
47968,Hanoaa,tichondrius,975,warlock,destruction,11,11,0
47969,Zíppen,proudmoore,970,warlock,destruction,61,30,31
47970,Plagueis,zuluhed,969,warlock,destruction,25,11,14
47971,Kimis,azralon,963,warlock,destruction,24,14,10
47972,Aliceðupree,darkspear,962,warlock,destruction,54,23,31
47973,Kammuany,sargeras,960,warlock,destruction,12,10,2
47974,Mesw,tichondrius,960,warlock,destruction,12,10,2
47975,Lilshedon,kelthuzad,960,warlock,destruction,12,10,2
47976,Letmecastpls,tichondrius,960,warlock,destruction,12,10,2
47977,Afrikenx,tichondrius,960,warlock,destruction,12,10,2
47978,Numerical,frostmourne,960,warlock,destruction,12,10,2
47979,Wanglock,blackrock,960,warlock,destruction,12,10,2
47980,Lockbtw,altar-of-storms,960,warlock,destruction,12,10,2
47981,Jaboy,dragonmaw,960,warlock,destruction,12,10,2
47982,Fxckyuo,tichondrius,960,warlock,destruction,12,10,2
47983,Nino,barthilas,960,warlock,destruction,12,10,2
47984,Renatis,malganis,960,warlock,destruction,15,11,4
47985,Yuvirayz,illidan,960,warlock,destruction,18,10,8
47986,Dimanel,moon-guard,960,warlock,destruction,18,10,8
47987,Baka,moon-guard,960,warlock,destruction,18,10,8
47988,Spicyfingerx,illidan,960,warlock,destruction,18,10,8
47989,Excusey,tichondrius,960,warlock,destruction,18,10,8
47990,Busterbob,tichondrius,960,warlock,destruction,18,10,8
47991,Veryezgame,tichondrius,960,warlock,destruction,18,10,8
47992,Areufearious,sargeras,960,warlock,destruction,18,10,8
47993,Klol,proudmoore,960,warlock,destruction,18,10,8
47994,Teefgap,sargeras,960,warlock,destruction,18,10,8
47995,Tjdotter,stormrage,960,warlock,destruction,21,11,10
47996,Contägion,bleeding-hollow,960,warlock,destruction,24,10,14
47997,Foxar,stormrage,959,warlock,destruction,12,10,2
47998,Candylock,blackrock,959,warlock,destruction,12,10,2
47999,Dkdakìng,dalaran,959,warlock,destruction,12,10,2
48000,Caseau,frostmourne,959,warlock,destruction,12,10,2
48001,Percaddict,illidan,959,warlock,destruction,12,10,2
48002,Gregfearnrun,area-52,959,warlock,destruction,16,11,5
48003,Years,moon-guard,959,warlock,destruction,18,10,8
48004,Kxäs,ragnaros,959,warlock,destruction,18,10,8
48005,Notatryhard,emerald-dream,959,warlock,destruction,18,10,8
48006,Bowltz,chogall,959,warlock,destruction,18,10,8
48007,Neccross,azralon,959,warlock,destruction,18,10,8
48008,Juiçédaddy,aggramar,959,warlock,destruction,18,10,8
48009,Thânàtös,malganis,959,warlock,destruction,18,10,8
48010,Zelophobiaz,crushridge,959,warlock,destruction,18,10,8
48011,Imports,tichondrius,959,warlock,destruction,18,10,8
48012,Roblockz,illidan,959,warlock,destruction,18,10,8
48013,Maral,kelthuzad,959,warlock,destruction,18,10,8
48014,Dotnrunn,kelthuzad,959,warlock,destruction,18,10,8
48015,Sixonenine,boulderfist,959,warlock,destruction,18,10,8
48016,Pykorrg,ragnaros,959,warlock,destruction,24,10,14
48017,Delarae,frostmourne,958,warlock,destruction,12,10,2
48018,Helraz,darkspear,958,warlock,destruction,12,10,2
48019,Wondon,tichondrius,958,warlock,destruction,18,10,8
48020,Valrena,rivendare,958,warlock,destruction,18,10,8
48021,Meleemetabtw,emerald-dream,958,warlock,destruction,18,10,8
48022,Mørgoth,thrall,958,warlock,destruction,18,10,8
48023,Sourmilkz,zuljin,958,warlock,destruction,24,10,14
48024,Newty,zuljin,957,warlock,destruction,12,10,2
48025,Dercrow,quelthalas,957,warlock,destruction,18,10,8
48026,Kåos,kelthuzad,957,warlock,destruction,18,10,8
48027,Diabolous,malganis,957,warlock,destruction,18,10,8
48028,Xerozus,tichondrius,957,warlock,destruction,18,10,8
48029,Greasymario,area-52,957,warlock,destruction,22,11,11
48030,Sieghert,frostmourne,957,warlock,destruction,24,10,14
48031,Tromeo,sargeras,957,warlock,destruction,24,10,14
48032,Sumondeznuts,wyrmrest-accord,957,warlock,destruction,27,11,16
48033,Dårkfyre,kiljaeden,956,warlock,destruction,18,10,8
48034,Wømanizer,azralon,956,warlock,destruction,18,10,8
48035,Graced,dalaran,956,warlock,destruction,18,10,8
48036,Ragnalock,laughing-skull,956,warlock,destruction,18,10,8
48037,Xephine,proudmoore,956,warlock,destruction,18,10,8
48038,Raidspot,bleeding-hollow,956,warlock,destruction,24,10,14
48039,Hargol,azralon,956,warlock,destruction,24,10,14
48040,Zaintv,illidan,955,warlock,destruction,18,10,8
48041,Chaoticstorm,area-52,955,warlock,destruction,18,10,8
48042,Hellslayer,frostmourne,955,warlock,destruction,24,10,14
48043,Pachips,zuljin,955,warlock,destruction,24,10,14
48044,Thediaz,quelthalas,954,warlock,destruction,24,12,12
48045,Harleyjames,ravenholdt,953,warlock,destruction,18,10,8
48046,Punjj,jubeithos,952,warlock,destruction,18,10,8
48047,Huuchie,moon-guard,951,warlock,destruction,18,10,8
48048,Caramelgodx,stormrage,951,warlock,destruction,24,10,14
48049,Puscifear,azralon,951,warlock,destruction,30,10,20
48050,Sojupain,kaelthas,950,warlock,destruction,12,10,2
48051,Avadakedavra,warsong,949,warlock,destruction,18,10,8
48052,Moreedotss,malganis,947,warlock,destruction,30,10,20
48053,Hamadan,azralon,946,warlock,destruction,24,10,14
48054,Cursé,stormrage,944,warlock,destruction,18,10,8
48055,Verybaked,sargeras,935,warlock,destruction,18,10,8
48056,Nessro,stormrage,934,warlock,destruction,12,10,2
48057,Imsupercool,bleeding-hollow,927,warlock,destruction,17,10,7
48058,Astarõth,zuljin,926,warlock,destruction,26,11,15
48059,Twohandedkil,stormrage,920,warlock,destruction,26,11,15
48060,Keleiron,velen,916,warlock,destruction,18,10,8
48061,Xekk,wyrmrest-accord,910,warlock,destruction,23,10,13
48062,Saraphina,maiev,907,warlock,destruction,316,148,168
48063,Lockyy,khaz-modan,904,warlock,destruction,26,11,15
48064,Katsby,moon-guard,894,warlock,destruction,17,10,7
48065,Fiennx,dalaran,894,warlock,destruction,17,10,7
48066,Rakudemon,ragnaros,894,warlock,destruction,20,10,10
48067,Marlett,destromath,890,warlock,destruction,113,58,55
48068,Savagetheron,korgath,887,warlock,destruction,18,10,8
48069,Kurmenos,uldum,883,warlock,destruction,20,13,7
48070,Pyria,boulderfist,877,warlock,destruction,13,10,3
48071,Nikôlas,stormrage,871,warlock,destruction,66,26,40
48072,Baddummy,tichondrius,864,warlock,destruction,12,9,3
48073,Demoabuser,lightnings-blade,864,warlock,destruction,12,9,3
48074,Phøbøs,hyjal,864,warlock,destruction,12,9,3
48075,Dabú,tichondrius,864,warlock,destruction,12,9,3
48076,Quickzmaster,blackrock,864,warlock,destruction,12,9,3
48077,Crnowarlock,area-52,864,warlock,destruction,12,9,3
48078,Lokiy,ragnaros,864,warlock,destruction,12,9,3
48079,Alphaeus,hydraxis,864,warlock,destruction,12,9,3
48080,Whaad,tichondrius,864,warlock,destruction,12,9,3
48081,Bfadestro,tichondrius,864,warlock,destruction,12,9,3
48082,Tstlsl,area-52,864,warlock,destruction,12,9,3
48083,Lysitheä,moon-guard,864,warlock,destruction,12,9,3
48084,Raxxis,moon-guard,864,warlock,destruction,12,9,3
48085,Cowboydann,malganis,864,warlock,destruction,12,9,3
48086,Frustration,darkspear,864,warlock,destruction,12,9,3
48087,Bonita,garona,864,warlock,destruction,12,9,3
48088,Rice,lothar,864,warlock,destruction,12,9,3
48089,Nynx,stormrage,864,warlock,destruction,12,9,3
48090,Voidsoda,whisperwind,864,warlock,destruction,12,9,3
48091,Sketchytat,stormrage,864,warlock,destruction,12,9,3
48092,Shokran,frostmourne,864,warlock,destruction,12,9,3
48093,Drezx,frostmourne,864,warlock,destruction,12,9,3
48094,Wtfcowisownz,illidan,864,warlock,destruction,12,9,3
48095,Pengliyuaner,illidan,864,warlock,destruction,12,9,3
48096,Matthewx,stormrage,864,warlock,destruction,12,9,3
48097,Moóndust,bleeding-hollow,864,warlock,destruction,12,9,3
48098,Particles,proudmoore,864,warlock,destruction,16,10,6
48099,Bigolehogger,area-52,864,warlock,destruction,18,9,9
48100,Stuffs,wyrmrest-accord,864,warlock,destruction,18,9,9
48101,Drossx,illidan,864,warlock,destruction,18,9,9
48102,Sonovabeech,winterhoof,864,warlock,destruction,18,9,9
48103,Biggbolts,tichondrius,864,warlock,destruction,18,9,9
48104,Mitryc,illidan,864,warlock,destruction,18,9,9
48105,Reflexlock,malganis,864,warlock,destruction,18,9,9
48106,Doties,bleeding-hollow,864,warlock,destruction,18,9,9
48107,Blair,wildhammer,864,warlock,destruction,18,9,9
48108,Voidxo,tichondrius,864,warlock,destruction,18,9,9
48109,Rorvask,area-52,864,warlock,destruction,18,9,9
48110,Miroir,illidan,864,warlock,destruction,18,9,9
48111,Woopie,malfurion,864,warlock,destruction,18,9,9
48112,Versariki,frostmourne,863,warlock,destruction,12,9,3
48113,Kathriss,frostmane,863,warlock,destruction,12,9,3
48114,Zycas,tichondrius,863,warlock,destruction,12,9,3
48115,Shooff,area-52,863,warlock,destruction,12,9,3
48116,Skrunkz,illidan,863,warlock,destruction,12,9,3
48117,Slicktrik,stormrage,863,warlock,destruction,12,9,3
48118,Pacopico,illidan,863,warlock,destruction,12,9,3
48119,Ahrimaan,illidan,863,warlock,destruction,12,9,3
48120,Glergarby,stormscale,863,warlock,destruction,15,10,5
48121,Ðarkbat,ragnaros,863,warlock,destruction,18,9,9
48122,Rothmar,bleeding-hollow,863,warlock,destruction,18,9,9
48123,Dëvïl,ragnaros,863,warlock,destruction,18,9,9
48124,Gigglywiggly,illidan,863,warlock,destruction,18,9,9
48125,Nethron,the-venture-co,863,warlock,destruction,18,9,9
48126,Lessthanjake,zuljin,863,warlock,destruction,18,9,9
48127,Notdiesel,thrall,863,warlock,destruction,18,9,9
48128,Kymamd,sargeras,863,warlock,destruction,18,9,9
48129,Ðòm,tichondrius,863,warlock,destruction,18,9,9
48130,Manethail,aegwynn,863,warlock,destruction,18,9,9
48131,Dmox,darkspear,863,warlock,destruction,18,9,9
48132,Minzyw,illidan,863,warlock,destruction,18,9,9
48133,Cyio,zuljin,863,warlock,destruction,18,9,9
48134,Rhabdo,ravenholdt,863,warlock,destruction,18,9,9
48135,Goarage,tichondrius,863,warlock,destruction,22,10,12
48136,Rokdas,area-52,863,warlock,destruction,24,9,15
48137,Cigárillo,thrall,863,warlock,destruction,24,9,15
48138,Cozu,tichondrius,862,warlock,destruction,12,9,3
48139,Cogitoergo,stormrage,862,warlock,destruction,12,9,3
48140,Namig,aerie-peak,862,warlock,destruction,12,9,3
48141,Mourinhoftw,illidan,862,warlock,destruction,12,9,3
48142,Locklockdead,earthen-ring,862,warlock,destruction,12,9,3
48143,Çhåos,destromath,862,warlock,destruction,12,9,3
48144,Toonbolt,sargeras,862,warlock,destruction,18,9,9
48145,Sanzofunke,area-52,862,warlock,destruction,18,9,9
48146,Youkeyoh,illidan,862,warlock,destruction,18,9,9
48147,Artheás,azralon,862,warlock,destruction,18,9,9
48148,Thewkama,tichondrius,862,warlock,destruction,18,9,9
48149,Duhdotsbruh,trollbane,862,warlock,destruction,18,9,9
48150,Breaad,tichondrius,862,warlock,destruction,24,9,15
48151,Tanathoz,thrall,862,warlock,destruction,28,10,18
48152,Aveeda,malganis,861,warlock,destruction,12,9,3
48153,Methandmmkay,illidan,861,warlock,destruction,15,10,5
48154,Frdchickiana,tichondrius,861,warlock,destruction,18,9,9
48155,Funnelcakies,area-52,861,warlock,destruction,18,9,9
48156,Snapp,kelthuzad,861,warlock,destruction,24,9,15
48157,Raebolts,area-52,860,warlock,destruction,18,9,9
48158,Damdochael,bleeding-hollow,860,warlock,destruction,24,9,15
48159,Beelzibub,firetree,859,warlock,destruction,18,9,9
48160,Githany,hyjal,859,warlock,destruction,18,9,9
48161,Gorskij,frostwolf,859,warlock,destruction,19,9,10
48162,Damerus,illidan,859,warlock,destruction,24,9,15
48163,Cynwise,arathor,858,warlock,destruction,18,9,9
48164,Thulium,dawnbringer,857,warlock,destruction,12,9,3
48165,Sykosenpai,zuljin,856,warlock,destruction,12,9,3
48166,Scentient,jubeithos,855,warlock,destruction,12,9,3
48167,Shadohz,lightnings-blade,855,warlock,destruction,12,9,3
48168,Buttkins,tichondrius,855,warlock,destruction,24,9,15
48169,Klummzy,tichondrius,850,warlock,destruction,18,9,9
48170,Juan,borean-tundra,850,warlock,destruction,24,9,15
48171,Vampir,hellscream,850,warlock,destruction,24,9,15
48172,Elyzier,gallywix,839,warlock,destruction,48,20,28
48173,Freakdoa,blades-edge,834,warlock,destruction,53,20,33
48174,Drdotngo,tichondrius,831,warlock,destruction,20,10,10
48175,Ovosound,tichondrius,815,warlock,destruction,11,9,2
48176,Chaospump,frostmourne,815,warlock,destruction,17,9,8
48177,Cheêsyx,tichondrius,815,warlock,destruction,17,9,8
48178,Ilovedabs,aerie-peak,813,warlock,destruction,17,9,8
48179,Brútek,moon-guard,811,warlock,destruction,23,9,14
48180,Metamòrph,malganis,810,warlock,destruction,16,10,6
48181,Biubius,tichondrius,799,warlock,destruction,11,9,2
48182,Lifelock,auchindoun,797,warlock,destruction,16,9,7
48183,Conboii,tichondrius,768,warlock,destruction,10,9,1
48184,Shatteroidz,darkspear,768,warlock,destruction,12,8,4
48185,Elcidz,tichondrius,768,warlock,destruction,12,8,4
48186,Levee,spirestone,768,warlock,destruction,12,8,4
48187,Flackory,tichondrius,768,warlock,destruction,12,8,4
48188,Shinagae,tichondrius,768,warlock,destruction,12,8,4
48189,Smeezles,frostmourne,768,warlock,destruction,12,8,4
48190,Zazyi,azralon,768,warlock,destruction,12,8,4
48191,Elprup,tichondrius,768,warlock,destruction,12,8,4
48192,Hipnus,drakkari,768,warlock,destruction,12,8,4
48193,Fearsponce,dragonmaw,768,warlock,destruction,12,8,4
48194,Cheylock,stormrage,768,warlock,destruction,12,8,4
48195,Fischh,hyjal,768,warlock,destruction,12,8,4
48196,Idoovoodoo,burning-legion,768,warlock,destruction,12,8,4
48197,Warlocknroll,frostmourne,768,warlock,destruction,12,8,4
48198,Ceeloftw,tichondrius,768,warlock,destruction,12,8,4
48199,Diznei,nemesis,768,warlock,destruction,12,8,4
48200,Narzhul,drakkari,768,warlock,destruction,12,8,4
48201,Annantu,area-52,768,warlock,destruction,12,8,4
48202,Bopplock,tichondrius,768,warlock,destruction,12,8,4
48203,Necroferal,whisperwind,768,warlock,destruction,12,8,4
48204,Elldiablo,darkspear,768,warlock,destruction,12,8,4
48205,Rebolting,tichondrius,768,warlock,destruction,12,8,4
48206,Kápz,darkspear,768,warlock,destruction,12,8,4
48207,Loçky,area-52,768,warlock,destruction,12,8,4
48208,Warcoc,bleeding-hollow,768,warlock,destruction,12,8,4
48209,Stíngz,nemesis,768,warlock,destruction,12,8,4
48210,Yze,sargeras,768,warlock,destruction,12,8,4
48211,Munje,bleeding-hollow,768,warlock,destruction,12,8,4
48212,Beckypls,zuljin,768,warlock,destruction,12,8,4
48213,Flavakid,malganis,768,warlock,destruction,12,8,4
48214,Aptukk,archimonde,768,warlock,destruction,12,8,4
48215,Djdemolordx,bleeding-hollow,768,warlock,destruction,12,8,4
48216,Chaoscoach,sargeras,768,warlock,destruction,12,8,4
48217,Ayedss,dalaran,768,warlock,destruction,12,8,4
48218,Famington,tichondrius,768,warlock,destruction,12,8,4
48219,Pandasrlegit,burning-blade,768,warlock,destruction,12,8,4
48220,Felegance,proudmoore,768,warlock,destruction,12,8,4
48221,Esolock,malganis,768,warlock,destruction,12,8,4
48222,Slackjaww,kiljaeden,768,warlock,destruction,12,8,4
48223,Clorvenna,zuljin,768,warlock,destruction,12,8,4
48224,Dumbfknclass,malganis,768,warlock,destruction,12,8,4
48225,Rhelialock,icecrown,768,warlock,destruction,12,8,4
48226,Searinox,scilla,768,warlock,destruction,12,8,4
48227,Nyhn,bleeding-hollow,768,warlock,destruction,13,8,5
48228,Westtung,tichondrius,768,warlock,destruction,13,8,5
48229,Metic,firetree,768,warlock,destruction,16,9,7
48230,Tarth,sargeras,768,warlock,destruction,18,8,10
48231,Kallym,azralon,768,warlock,destruction,18,8,10
48232,Iniboltquity,tichondrius,768,warlock,destruction,18,8,10
48233,Dethknell,stormrage,768,warlock,destruction,18,8,10
48234,Pardoned,stormrage,768,warlock,destruction,18,8,10
48235,Rashiko,bleeding-hollow,768,warlock,destruction,18,8,10
48236,Demfearslol,terokkar,768,warlock,destruction,18,8,10
48237,Bbangtimo,tichondrius,768,warlock,destruction,18,8,10
48238,Árkadiano,drakkari,768,warlock,destruction,18,8,10
48239,Gneçro,area-52,768,warlock,destruction,18,8,10
48240,Westhofxx,sargeras,768,warlock,destruction,18,8,10
48241,Joung,tichondrius,768,warlock,destruction,18,8,10
48242,Yonz,area-52,767,warlock,destruction,12,8,4
48243,Doman,thorium-brotherhood,767,warlock,destruction,12,8,4
48244,Darthtequila,stormrage,767,warlock,destruction,12,8,4
48245,Accentuate,tichondrius,767,warlock,destruction,12,8,4
48246,Coil,kiljaeden,767,warlock,destruction,12,8,4
48247,Ebølarot,tichondrius,767,warlock,destruction,12,8,4
48248,Toxec,barthilas,767,warlock,destruction,12,8,4
48249,Celistia,wyrmrest-accord,767,warlock,destruction,12,8,4
48250,Feldune,sargeras,767,warlock,destruction,12,8,4
48251,Matrriixx,proudmoore,767,warlock,destruction,12,8,4
48252,Kruder,tichondrius,767,warlock,destruction,12,8,4
48253,Shikyo,lightnings-blade,767,warlock,destruction,18,8,10
48254,Draxxus,barthilas,767,warlock,destruction,18,8,10
48255,Síkaría,malganis,767,warlock,destruction,18,8,10
48256,Katsurägi,tichondrius,767,warlock,destruction,18,8,10
48257,Mêdìvh,tichondrius,767,warlock,destruction,18,8,10
48258,Windwolff,dalvengyr,767,warlock,destruction,18,8,10
48259,Botoslap,dragonmaw,767,warlock,destruction,18,8,10
48260,Aldaill,moon-guard,767,warlock,destruction,18,8,10
48261,Zyhq,stormrage,767,warlock,destruction,18,8,10
48262,Plutö,thrall,767,warlock,destruction,18,8,10
48263,Misscháos,malganis,767,warlock,destruction,18,8,10
48264,Says,gorefiend,767,warlock,destruction,18,8,10
48265,Slysdexia,sargeras,767,warlock,destruction,18,8,10
48266,Feoona,hyjal,767,warlock,destruction,24,8,16
48267,Itsmeagain,area-52,767,warlock,destruction,24,8,16
48268,Veleseth,stormrage,767,warlock,destruction,24,8,16
48269,Spicytaters,malganis,767,warlock,destruction,24,8,16
48270,Necrófear,tichondrius,767,warlock,destruction,24,8,16
48271,Dinkydeen,area-52,766,warlock,destruction,12,8,4
48272,Raglans,amanthul,766,warlock,destruction,12,8,4
48273,Veditä,goldrinn,766,warlock,destruction,12,8,4
48274,Doomers,frostmourne,766,warlock,destruction,12,8,4
48275,Devdolittle,tichondrius,766,warlock,destruction,12,8,4
48276,Staudt,mugthol,766,warlock,destruction,12,8,4
48277,Pocserlock,drakkari,766,warlock,destruction,12,8,4
48278,Dmgcrit,destromath,766,warlock,destruction,12,8,4
48279,Enur,malganis,766,warlock,destruction,12,8,4
48280,Faldoras,kalecgos,766,warlock,destruction,12,8,4
48281,Assaulttron,wyrmrest-accord,766,warlock,destruction,12,8,4
48282,Seniorshneef,emerald-dream,766,warlock,destruction,18,8,10
48283,Mandley,nazgrel,766,warlock,destruction,18,8,10
48284,Spiritofodin,grizzly-hills,765,warlock,destruction,12,8,4
48285,Rurnt,bloodhoof,765,warlock,destruction,12,8,4
48286,Florryn,barthilas,765,warlock,destruction,18,8,10
48287,Sylersa,malganis,765,warlock,destruction,18,8,10
48288,Lilitht,drakkari,764,warlock,destruction,18,8,10
48289,Guinegobbler,hyjal,764,warlock,destruction,20,8,12
48290,Esoo,kul-tiras,763,warlock,destruction,12,8,4
48291,Caryn,dalaran,763,warlock,destruction,18,8,10
48292,Malchiev,area-52,763,warlock,destruction,24,8,16
48293,Infortunium,sargeras,762,warlock,destruction,12,8,4
48294,Terminall,quelthalas,762,warlock,destruction,18,8,10
48295,Nightblloom,illidan,762,warlock,destruction,18,8,10
48296,Djfear,tichondrius,762,warlock,destruction,18,8,10
48297,Disrespex,kelthuzad,762,warlock,destruction,18,8,10
48298,Degynlock,wyrmrest-accord,762,warlock,destruction,24,8,16
48299,Shooterg,tichondrius,761,warlock,destruction,18,8,10
48300,Feladrae,wyrmrest-accord,761,warlock,destruction,30,8,22
48301,Thugpenus,frostmane,760,warlock,destruction,18,8,10
48302,Totti,tol-barad,759,warlock,destruction,18,8,10
48303,Jonuts,korgath,752,warlock,destruction,19,8,11
48304,Nobuyori,tichondrius,745,warlock,destruction,24,9,15
48305,Viejitaa,quelthalas,735,warlock,destruction,16,9,7
48306,Chaoticman,tichondrius,733,warlock,destruction,17,8,9
48307,Fellraiser,bleeding-hollow,720,warlock,destruction,15,8,7
48308,Notoriusmma,illidan,720,warlock,destruction,19,10,9
48309,Sotera,bleeding-hollow,719,warlock,destruction,11,8,3
48310,Rentblod,azralon,719,warlock,destruction,11,8,3
48311,Gyxx,exodar,719,warlock,destruction,15,8,7
48312,Thirsts,tichondrius,719,warlock,destruction,17,8,9
48313,Lökdown,dalaran,714,warlock,destruction,15,11,4
48314,Júbeka,drakkari,714,warlock,destruction,20,9,11
48315,Lilsquirts,kelthuzad,704,warlock,destruction,16,8,8
48316,Tinyjo,sargeras,703,warlock,destruction,11,8,3
48317,Ihaveapowers,maiev,703,warlock,destruction,11,8,3
48318,Bäbz,barthilas,703,warlock,destruction,11,8,3
48319,Demotional,wyrmrest-accord,703,warlock,destruction,14,8,6
48320,Yikës,stormrage,703,warlock,destruction,14,8,6
48321,Celestîne,sargeras,703,warlock,destruction,16,8,8
48322,Liljamie,stormrage,703,warlock,destruction,17,8,9
48323,Screampied,sargeras,699,warlock,destruction,20,8,12
48324,Getfeared,emerald-dream,672,warlock,destruction,10,8,2
48325,Perfidious,altar-of-storms,672,warlock,destruction,10,8,2
48326,Zlippery,barthilas,672,warlock,destruction,10,8,2
48327,Aegywn,gorgonnash,672,warlock,destruction,12,7,5
48328,Luciusvrenus,tichondrius,672,warlock,destruction,12,7,5
48329,Mokfernal,tichondrius,672,warlock,destruction,12,7,5
48330,Afflackxl,sargeras,672,warlock,destruction,12,7,5
48331,Brujoroba,drakkari,672,warlock,destruction,12,7,5
48332,Elanfel,thrall,672,warlock,destruction,12,7,5
48333,Monson,warsong,672,warlock,destruction,12,7,5
48334,Dotlockndrop,stormreaver,672,warlock,destruction,12,7,5
48335,Tomathus,moon-guard,672,warlock,destruction,12,7,5
48336,Kountdrakula,tichondrius,672,warlock,destruction,12,7,5
48337,Westhofz,sargeras,672,warlock,destruction,12,7,5
48338,Walleyemike,kelthuzad,672,warlock,destruction,12,7,5
48339,Alìen,barthilas,672,warlock,destruction,12,7,5
48340,Freejakejone,tichondrius,672,warlock,destruction,12,7,5
48341,Puvvo,tichondrius,672,warlock,destruction,12,7,5
48342,Pillock,bleeding-hollow,672,warlock,destruction,12,7,5
48343,Thinkchair,sargeras,672,warlock,destruction,12,7,5
48344,Alterity,kelthuzad,672,warlock,destruction,12,7,5
48345,Warpstar,area-52,672,warlock,destruction,12,7,5
48346,Tatordotzz,tichondrius,672,warlock,destruction,12,7,5
48347,Soukinomicz,sargeras,672,warlock,destruction,12,7,5
48348,Furryfears,gurubashi,672,warlock,destruction,12,7,5
48349,Insànity,bleeding-hollow,672,warlock,destruction,12,7,5
48350,Dplexs,jubeithos,672,warlock,destruction,12,7,5
48351,Callofzevoid,tichondrius,672,warlock,destruction,12,7,5
48352,Snikpan,silver-hand,672,warlock,destruction,12,7,5
48353,Rothslock,tichondrius,672,warlock,destruction,12,7,5
48354,Clingrita,tichondrius,672,warlock,destruction,12,7,5
48355,Flicks,arthas,672,warlock,destruction,12,7,5
48356,Buypork,tichondrius,672,warlock,destruction,12,7,5
48357,Sasaology,frostmourne,672,warlock,destruction,12,7,5
48358,Sharkweek,zuljin,672,warlock,destruction,12,7,5
48359,Hellfires,ragnaros,672,warlock,destruction,12,7,5
48360,Iboltudie,tichondrius,672,warlock,destruction,12,7,5
48361,Crucyblettv,korgath,672,warlock,destruction,12,7,5
48362,Tamzin,kelthuzad,672,warlock,destruction,12,7,5
48363,Dipgodx,bleeding-hollow,672,warlock,destruction,12,7,5
48364,Dötkill,illidan,672,warlock,destruction,12,7,5
48365,Phishdots,tichondrius,672,warlock,destruction,12,7,5
48366,Uggaboogga,malganis,672,warlock,destruction,12,7,5
48367,Suminl,tichondrius,672,warlock,destruction,12,7,5
48368,Karmalock,malganis,672,warlock,destruction,12,7,5
48369,Drakatat,tichondrius,672,warlock,destruction,12,7,5
48370,Glizzÿ,thrall,672,warlock,destruction,12,7,5
48371,Stîgz,stormrage,672,warlock,destruction,12,7,5
48372,Sylvarri,stormrage,672,warlock,destruction,12,7,5
48373,Felforyouu,illidan,672,warlock,destruction,12,7,5
48374,Ztc,dalaran,672,warlock,destruction,12,7,5
48375,Schlutty,malganis,672,warlock,destruction,12,7,5
48376,Méphisto,emerald-dream,672,warlock,destruction,12,7,5
48377,Bosswarlock,tichondrius,672,warlock,destruction,13,7,6
48378,Ahp,stormrage,672,warlock,destruction,15,8,7
48379,Axetoss,stormrage,672,warlock,destruction,17,9,8
48380,Sibome,stormrage,672,warlock,destruction,18,7,11
48381,Dedremus,korialstrasz,672,warlock,destruction,18,7,11
48382,Zantology,frostmourne,672,warlock,destruction,18,7,11
48383,Dilonlock,area-52,672,warlock,destruction,18,7,11
48384,Butterbolts,aerie-peak,672,warlock,destruction,18,7,11
48385,Dmacxl,tichondrius,672,warlock,destruction,18,7,11
48386,Anasúi,quelthalas,672,warlock,destruction,18,7,11
48387,Sundrín,mugthol,672,warlock,destruction,18,7,11
48388,Modot,tichondrius,672,warlock,destruction,18,7,11
48389,Spacedots,illidan,672,warlock,destruction,18,7,11
48390,Kvxkxvxvk,bleeding-hollow,672,warlock,destruction,19,7,12
48391,Pøwertrîp,sargeras,672,warlock,destruction,24,7,17
48392,Brough,illidan,672,warlock,destruction,24,7,17
48393,Briside,malganis,671,warlock,destruction,12,7,5
48394,Bhupzy,barthilas,671,warlock,destruction,12,7,5
48395,Leroybrown,alterac-mountains,671,warlock,destruction,12,7,5
48396,Drskeeters,malganis,671,warlock,destruction,12,7,5
48397,Zhing,frostmourne,671,warlock,destruction,12,7,5
48398,Azâziel,ragnaros,671,warlock,destruction,12,7,5
48399,Choas,jaedenar,671,warlock,destruction,12,7,5
48400,Naba,malorne,671,warlock,destruction,12,7,5
48401,Aroris,silver-hand,671,warlock,destruction,12,7,5
48402,Pendïng,area-52,671,warlock,destruction,12,7,5
48403,Demosthenes,nazjatar,671,warlock,destruction,12,7,5
48404,Saicinxd,darkspear,671,warlock,destruction,12,7,5
48405,Zyraxx,moon-guard,671,warlock,destruction,12,7,5
48406,Grimzo,mugthol,671,warlock,destruction,12,7,5
48407,Actiow,stormrage,671,warlock,destruction,12,7,5
48408,Zms,ragnaros,671,warlock,destruction,12,7,5
48409,Cytosine,medivh,671,warlock,destruction,12,7,5
48410,Boltondahoes,sargeras,671,warlock,destruction,12,7,5
48411,Mérli,quelthalas,671,warlock,destruction,12,7,5
48412,Irunaways,stormrage,671,warlock,destruction,12,7,5
48413,Chamansy,darkspear,671,warlock,destruction,12,7,5
48414,Shadowpainn,the-underbog,671,warlock,destruction,12,7,5
48415,Hadit,malganis,671,warlock,destruction,15,8,7
48416,Fulc,area-52,671,warlock,destruction,18,7,11
48417,Jvilla,tichondrius,671,warlock,destruction,18,7,11
48418,Vetislock,thrall,671,warlock,destruction,18,7,11
48419,Yungwilly,silvermoon,671,warlock,destruction,18,7,11
48420,Yury,scarlet-crusade,671,warlock,destruction,18,7,11
48421,Vorituuray,moon-guard,671,warlock,destruction,18,7,11
48422,Soulinite,fizzcrank,671,warlock,destruction,18,7,11
48423,Kachauwoo,kiljaeden,671,warlock,destruction,18,7,11
48424,Wollylock,dark-iron,671,warlock,destruction,18,7,11
48425,Rottgodqt,area-52,671,warlock,destruction,18,7,11
48426,Trìplock,area-52,671,warlock,destruction,18,7,11
48427,Neurotoxiina,azralon,671,warlock,destruction,24,7,17
48428,Doomtome,moon-guard,671,warlock,destruction,26,7,19
48429,Thotsanddots,area-52,670,warlock,destruction,12,7,5
48430,Amilkman,area-52,670,warlock,destruction,12,7,5
48431,Noteko,korgath,670,warlock,destruction,12,7,5
48432,Ogawalation,stormrage,670,warlock,destruction,12,7,5
48433,Dipndøtz,illidan,670,warlock,destruction,12,7,5
48434,Iamfear,shuhalo,670,warlock,destruction,12,7,5
48435,Tørturë,tichondrius,670,warlock,destruction,12,7,5
48436,Cazadorius,jubeithos,670,warlock,destruction,13,7,6
48437,Cynissel,sargeras,670,warlock,destruction,13,7,6
48438,Heartpvp,tichondrius,670,warlock,destruction,18,7,11
48439,Revenancer,smolderthorn,669,warlock,destruction,12,7,5
48440,Otus,echo-isles,669,warlock,destruction,12,7,5
48441,Kristenßell,senjin,669,warlock,destruction,12,7,5
48442,Sumonníng,tichondrius,669,warlock,destruction,18,7,11
48443,Sneakywarlok,dalaran,668,warlock,destruction,19,7,12
48444,Deathjerky,thrall,667,warlock,destruction,12,7,5
48445,Anahaldever,fenris,667,warlock,destruction,12,7,5
48446,Xargeras,emerald-dream,667,warlock,destruction,18,7,11
48447,Saltboi,azjolnerub,640,warlock,destruction,16,7,9
48448,Voidxx,tichondrius,639,warlock,destruction,11,7,4
48449,Greenwarlock,bleeding-hollow,639,warlock,destruction,14,8,6
48450,Shendotigans,illidan,639,warlock,destruction,17,7,10
48451,Demondan,magtheridon,638,warlock,destruction,23,7,16
48452,Seregå,skywall,623,warlock,destruction,11,7,4
48453,Conboee,tichondrius,623,warlock,destruction,11,7,4
48454,Cassetes,tichondrius,622,warlock,destruction,11,7,4
48455,Helpimdýing,sargeras,622,warlock,destruction,21,7,14
48456,Lazzarros,area-52,618,warlock,destruction,22,8,14
48457,Pontoontim,mugthol,617,warlock,destruction,20,8,12
48458,Steav,quelthalas,608,warlock,destruction,10,7,3
48459,Fancynuts,kiljaeden,607,warlock,destruction,11,7,4
48460,Perfsx,bleeding-hollow,607,warlock,destruction,14,7,7
48461,Furrlokc,tichondrius,607,warlock,destruction,16,7,9
48462,Prahvstein,shuhalo,602,warlock,destruction,14,7,7
48463,Studathlete,tichondrius,592,warlock,destruction,13,7,6
48464,Surleshilla,malganis,592,warlock,destruction,13,7,6
48465,Pandemik,turalyon,591,warlock,destruction,11,8,3
48466,Freyanna,moon-guard,588,warlock,destruction,19,7,12
48467,Raghnor,illidan,576,warlock,destruction,6,6,0
48468,Bigjersey,illidan,576,warlock,destruction,6,6,0
48469,Winipuhmalo,quelthalas,576,warlock,destruction,6,6,0
48470,Malevolent,velen,576,warlock,destruction,6,6,0
48471,Kòngal,tichondrius,576,warlock,destruction,6,6,0
48472,Mitchosx,frostmourne,576,warlock,destruction,6,6,0
48473,Gretlock,emerald-dream,576,warlock,destruction,6,6,0
48474,Lockhippo,illidan,576,warlock,destruction,6,6,0
48475,Jokerzz,tichondrius,576,warlock,destruction,6,6,0
48476,Baconmuffin,tichondrius,576,warlock,destruction,6,6,0
48477,Magik,balnazzar,576,warlock,destruction,6,6,0
48478,Schrader,sargeras,576,warlock,destruction,6,6,0
48479,Gabbagoul,sargeras,576,warlock,destruction,6,6,0
48480,Xaviier,sargeras,576,warlock,destruction,6,6,0
48481,Bronzel,tichondrius,576,warlock,destruction,6,6,0
48482,Menggoth,tichondrius,576,warlock,destruction,6,6,0
48483,Joromojo,zuljin,576,warlock,destruction,6,6,0
48484,Hypexis,area-52,576,warlock,destruction,6,6,0
48485,Silone,tichondrius,576,warlock,destruction,6,6,0
48486,Vlk,barthilas,576,warlock,destruction,6,6,0
48487,Bivvix,malganis,576,warlock,destruction,6,6,0
48488,Dancedark,tichondrius,576,warlock,destruction,6,6,0
48489,Notstingz,azralon,576,warlock,destruction,6,6,0
48490,Impbisqit,stormrage,576,warlock,destruction,6,6,0
48491,Baiw,tichondrius,576,warlock,destruction,6,6,0
48492,Jblock,zuljin,576,warlock,destruction,6,6,0
48493,Deliverances,kelthuzad,576,warlock,destruction,9,7,2
48494,Broovid,tichondrius,576,warlock,destruction,13,7,6
48495,Asamsbinladn,illidan,576,warlock,destruction,12,6,6
48496,Chaosboltss,tichondrius,576,warlock,destruction,12,6,6
48497,Graingrippin,malganis,576,warlock,destruction,12,6,6
48498,Lokkup,dalaran,576,warlock,destruction,12,6,6
48499,Geegas,malganis,576,warlock,destruction,12,6,6
48500,Tomato,azjolnerub,576,warlock,destruction,12,6,6
48501,Metafin,quelthalas,576,warlock,destruction,12,6,6
48502,Taye,barthilas,576,warlock,destruction,12,6,6
48503,Eboknight,area-52,576,warlock,destruction,12,6,6
48504,Pavél,ragnaros,576,warlock,destruction,12,6,6
48505,Lucíela,ragnaros,576,warlock,destruction,12,6,6
48506,Massivebolts,area-52,576,warlock,destruction,12,6,6
48507,Mangdaemon,silvermoon,576,warlock,destruction,12,6,6
48508,Coffeezx,malganis,576,warlock,destruction,12,6,6
48509,Legallydan,tichondrius,576,warlock,destruction,12,6,6
48510,Justignoreme,tichondrius,576,warlock,destruction,12,6,6
48511,Adøràßøltz,tichondrius,576,warlock,destruction,12,6,6
48512,Nutgobblerxo,sargeras,576,warlock,destruction,12,6,6
48513,Salentsia,malganis,576,warlock,destruction,12,6,6
48514,Bhris,wildhammer,576,warlock,destruction,12,6,6
48515,Zedonius,dragonmaw,576,warlock,destruction,12,6,6
48516,Tinked,stormrage,576,warlock,destruction,12,6,6
48517,Kreemy,ysera,576,warlock,destruction,12,6,6
48518,Limeriax,emerald-dream,576,warlock,destruction,12,6,6
48519,Lri,frostmourne,576,warlock,destruction,12,6,6
48520,Flu,darkspear,576,warlock,destruction,12,6,6
48521,Kerës,sargeras,576,warlock,destruction,12,6,6
48522,Gengar,dalaran,576,warlock,destruction,12,6,6
48523,Gagitha,black-dragonflight,576,warlock,destruction,12,6,6
48524,Sumrule,dreadmaul,576,warlock,destruction,12,6,6
48525,Beerbolt,dalaran,576,warlock,destruction,12,6,6
48526,Truepain,tichondrius,576,warlock,destruction,12,6,6
48527,Jessewheels,tichondrius,576,warlock,destruction,12,6,6
48528,Bolèyn,moon-guard,576,warlock,destruction,12,6,6
48529,Lambe,tichondrius,576,warlock,destruction,12,6,6
48530,Souldrain,malganis,576,warlock,destruction,12,6,6
48531,Riskydemon,azralon,576,warlock,destruction,12,6,6
48532,Beamin,dentarg,576,warlock,destruction,12,6,6
48533,Kmüz,drakkari,576,warlock,destruction,12,6,6
48534,Quadrillion,stormrage,576,warlock,destruction,12,6,6
48535,Viejita,quelthalas,576,warlock,destruction,12,6,6
48536,Shigero,tichondrius,576,warlock,destruction,12,6,6
48537,Ðáyshéll,kelthuzad,576,warlock,destruction,12,6,6
48538,Lockmeupuwu,malganis,576,warlock,destruction,12,6,6
48539,Ronnietherat,tichondrius,576,warlock,destruction,12,6,6
48540,Aikus,quelthalas,576,warlock,destruction,12,6,6
48541,Chabolt,tichondrius,576,warlock,destruction,12,6,6
48542,Emptysoul,illidan,576,warlock,destruction,12,6,6
48543,Sn,dalaran,576,warlock,destruction,12,6,6
48544,Ironsightsl,dalaran,576,warlock,destruction,12,6,6
48545,Baconmarty,emerald-dream,576,warlock,destruction,12,6,6
48546,Cunalia,sargeras,576,warlock,destruction,12,6,6
48547,Vietoutlaw,bronzebeard,576,warlock,destruction,12,6,6
48548,Zeromech,sargeras,576,warlock,destruction,12,6,6
48549,Gagh,tichondrius,576,warlock,destruction,12,6,6
48550,Wrongname,hakkar,576,warlock,destruction,12,6,6
48551,Zephidel,thrall,576,warlock,destruction,12,6,6
48552,Velvalla,chogall,576,warlock,destruction,12,6,6
48553,Imbadatpvp,tichondrius,576,warlock,destruction,12,6,6
48554,Donutd,stormrage,576,warlock,destruction,12,6,6
48555,Sauzith,area-52,576,warlock,destruction,12,6,6
48556,Kulgar,aerie-peak,576,warlock,destruction,12,6,6
48557,Peeberson,tichondrius,576,warlock,destruction,12,6,6
48558,Liability,zuljin,576,warlock,destruction,12,6,6
48559,Girthlock,tichondrius,576,warlock,destruction,12,6,6
48560,Hiro,steamwheedle-cartel,576,warlock,destruction,12,6,6
48561,Cosmosxi,illidan,576,warlock,destruction,12,6,6
48562,Liritasu,illidan,576,warlock,destruction,12,6,6
48563,Tonifortnite,emerald-dream,576,warlock,destruction,12,6,6
48564,Charmandfarm,nerzhul,576,warlock,destruction,12,6,6
48565,Manalis,zuljin,576,warlock,destruction,12,6,6
48566,Extreme,blackwing-lair,576,warlock,destruction,12,6,6
48567,Doomhauzer,kiljaeden,576,warlock,destruction,12,6,6
48568,Hellwalker,illidan,576,warlock,destruction,12,6,6
48569,Ritua,dragonmaw,576,warlock,destruction,12,6,6
48570,Crimsonela,emerald-dream,576,warlock,destruction,12,6,6
48571,Vravras,kelthuzad,576,warlock,destruction,12,6,6
48572,Tlock,azjolnerub,576,warlock,destruction,12,6,6
48573,Gasgrassnass,sargeras,576,warlock,destruction,12,6,6
48574,Aggrodesiac,wyrmrest-accord,576,warlock,destruction,12,6,6
48575,Andrewpg,zuljin,576,warlock,destruction,12,6,6
48576,Ïmpdance,tichondrius,576,warlock,destruction,12,6,6
48577,Maèlstrom,area-52,576,warlock,destruction,12,6,6
48578,Iemonv,vashj,576,warlock,destruction,12,6,6
48579,Fearlok,malorne,576,warlock,destruction,12,6,6
48580,Srcorvo,azralon,576,warlock,destruction,12,6,6
48581,Betrili,tichondrius,576,warlock,destruction,12,6,6
48582,Ellipsispain,bleeding-hollow,576,warlock,destruction,13,6,7
48583,Marinw,azralon,576,warlock,destruction,16,7,9
48584,Indrah,tichondrius,576,warlock,destruction,14,6,8
48585,Zogs,stonemaul,576,warlock,destruction,18,6,12
48586,Lamdyn,moon-guard,576,warlock,destruction,18,6,12
48587,Bêlthazor,kelthuzad,576,warlock,destruction,18,6,12
48588,Esoteríc,sargeras,576,warlock,destruction,18,6,12
48589,Tharax,moon-guard,576,warlock,destruction,18,6,12
48590,Familjia,nagrand,576,warlock,destruction,18,6,12
48591,Lenestus,stormrage,576,warlock,destruction,18,6,12
48592,Wzrdtrx,deathwing,576,warlock,destruction,18,6,12
48593,Møs,proudmoore,576,warlock,destruction,18,6,12
48594,Coviddotsrot,sargeras,576,warlock,destruction,18,6,12
48595,Jinxdacat,shandris,576,warlock,destruction,18,6,12
48596,Tenletters,kirin-tor,576,warlock,destruction,18,6,12
48597,Berszerk,quelthalas,576,warlock,destruction,18,6,12
48598,Klisman,azralon,576,warlock,destruction,18,6,12
48599,Plutheros,stormrage,576,warlock,destruction,18,6,12
48600,Muldan,stormrage,575,warlock,destruction,6,6,0
48601,Spamfearftw,sargeras,575,warlock,destruction,6,6,0
48602,Sevokk,stormrage,575,warlock,destruction,12,6,6
48603,Pactman,sargeras,575,warlock,destruction,12,6,6
48604,Pikkon,malorne,575,warlock,destruction,12,6,6
48605,Filthypumper,proudmoore,575,warlock,destruction,12,6,6
48606,Rathianna,sargeras,575,warlock,destruction,12,6,6
48607,Naparima,stormreaver,575,warlock,destruction,12,6,6
48608,Edielyth,proudmoore,575,warlock,destruction,12,6,6
48609,Azracore,illidan,575,warlock,destruction,12,6,6
48610,Méhoe,bleeding-hollow,575,warlock,destruction,12,6,6
48611,Crankshaft,nordrassil,575,warlock,destruction,12,6,6
48612,Baphomët,tichondrius,575,warlock,destruction,12,6,6
48613,Feldubya,illidan,575,warlock,destruction,12,6,6
48614,Lockswagger,stormrage,575,warlock,destruction,12,6,6
48615,Kdoggydogg,azshara,575,warlock,destruction,12,6,6
48616,Williwallace,stormrage,575,warlock,destruction,12,6,6
48617,Ifeludead,sargeras,575,warlock,destruction,12,6,6
48618,Daimon,kaelthas,575,warlock,destruction,12,6,6
48619,Mastroguise,illidan,575,warlock,destruction,15,6,9
48620,Leno,twisting-nether,575,warlock,destruction,18,6,12
48621,Oluluo,andorhal,575,warlock,destruction,18,6,12
48622,Yetiaids,tichondrius,575,warlock,destruction,18,6,12
48623,Ëliphas,tichondrius,575,warlock,destruction,24,6,18
48624,Trayga,illidan,574,warlock,destruction,6,6,0
48625,Hungovermate,barthilas,574,warlock,destruction,12,6,6
48626,Persephoné,blackrock,574,warlock,destruction,12,6,6
48627,Ggumx,tichondrius,574,warlock,destruction,12,6,6
48628,Tesdeez,tichondrius,574,warlock,destruction,12,6,6
48629,Träzyn,kiljaeden,574,warlock,destruction,18,6,12
48630,Zahba,stormrage,572,warlock,destruction,12,6,6
48631,Supercracker,bleeding-hollow,572,warlock,destruction,18,6,12
48632,Rôver,crushridge,568,warlock,destruction,12,6,6
48633,Expiredonion,bleeding-hollow,559,warlock,destruction,11,6,5
48634,Friend,frostmourne,559,warlock,destruction,17,6,11
48635,Mìrä,kelthuzad,558,warlock,destruction,17,6,11
48636,Märshall,quelthalas,543,warlock,destruction,10,7,3
48637,Aoepump,tichondrius,543,warlock,destruction,12,6,6
48638,Promancer,drakkari,528,warlock,destruction,9,6,3
48639,Üziel,nemesis,528,warlock,destruction,9,6,3
48640,Loch,destromath,527,warlock,destruction,11,6,5
48641,Gwarlocassh,quelthalas,527,warlock,destruction,15,6,9
48642,Exillis,barthilas,527,warlock,destruction,17,6,11
48643,Tesowenn,tichondrius,522,warlock,destruction,15,7,8
48644,Dotznfearz,zuljin,521,warlock,destruction,16,8,8
48645,Redmil,quelthalas,520,warlock,destruction,35,7,28
48646,Locdup,sargeras,512,warlock,destruction,22,6,16
48647,Cs,icecrown,511,warlock,destruction,9,7,2
48648,Lunazz,tichondrius,511,warlock,destruction,11,7,4
48649,Ðêcimatê,frostmourne,511,warlock,destruction,12,6,6
48650,Dixynormis,zuljin,510,warlock,destruction,11,6,5
48651,Ràistlin,madoran,494,warlock,destruction,11,6,5
48652,Frylockx,mugthol,480,warlock,destruction,6,5,1
48653,Babyvet,stormreaver,480,warlock,destruction,6,5,1
48654,Patoquenz,azralon,480,warlock,destruction,6,5,1
48655,Chewybolt,illidan,480,warlock,destruction,6,5,1
48656,Donutx,illidan,480,warlock,destruction,6,5,1
48657,Yateshall,illidan,480,warlock,destruction,6,5,1
48658,Cheesëbolt,illidan,480,warlock,destruction,6,5,1
48659,Awdam,tichondrius,480,warlock,destruction,6,5,1
48660,Adonegege,tichondrius,480,warlock,destruction,6,5,1
48661,Arnan,korgath,480,warlock,destruction,6,5,1
48662,Goldielocks,eredar,480,warlock,destruction,6,5,1
48663,Pantubølt,stormrage,480,warlock,destruction,6,5,1
48664,Animarex,tichondrius,480,warlock,destruction,6,5,1
48665,Bâppo,antonidas,480,warlock,destruction,6,5,1
48666,Balencinaga,frostmourne,480,warlock,destruction,6,5,1
48667,Geeßoogie,laughing-skull,480,warlock,destruction,6,5,1
48668,Efuc,tichondrius,480,warlock,destruction,6,5,1
48669,Foxbolt,tichondrius,480,warlock,destruction,6,5,1
48670,Destructium,stormrage,480,warlock,destruction,6,5,1
48671,Fapchat,silvermoon,480,warlock,destruction,6,5,1
48672,Zerocastspec,tichondrius,480,warlock,destruction,6,5,1
48673,Wartoyy,uldum,480,warlock,destruction,6,5,1
48674,Humblegodd,illidan,480,warlock,destruction,6,5,1
48675,Malékíth,ragnaros,480,warlock,destruction,6,5,1
48676,Beranflakes,darkspear,480,warlock,destruction,6,5,1
48677,Mathindis,ragnaros,480,warlock,destruction,6,5,1
48678,Khaozx,ragnaros,480,warlock,destruction,6,5,1
48679,Vuittøn,barthilas,480,warlock,destruction,6,5,1
48680,Yuckytoetoe,emerald-dream,480,warlock,destruction,6,5,1
48681,Jalean,illidan,480,warlock,destruction,6,5,1
48682,Púp,bleeding-hollow,480,warlock,destruction,6,5,1
48683,Phyxylock,stormrage,480,warlock,destruction,6,5,1
48684,Kopium,tichondrius,480,warlock,destruction,6,5,1
48685,Halftism,sargeras,480,warlock,destruction,6,5,1
48686,Onidium,area-52,480,warlock,destruction,6,5,1
48687,Lucro,emerald-dream,480,warlock,destruction,6,5,1
48688,Halfmade,tichondrius,480,warlock,destruction,6,5,1
48689,Meddsurgx,emerald-dream,480,warlock,destruction,6,5,1
48690,Poonanifotm,gundrak,480,warlock,destruction,6,5,1
48691,Lóckdówn,frostmourne,480,warlock,destruction,6,5,1
48692,Michae,tichondrius,480,warlock,destruction,6,5,1
48693,Nerflocks,azralon,480,warlock,destruction,6,5,1
48694,Ohthemisery,sargeras,480,warlock,destruction,6,5,1
48695,Nutted,dentarg,480,warlock,destruction,6,5,1
48696,Virûs,vashj,480,warlock,destruction,6,5,1
48697,Popnloc,tichondrius,480,warlock,destruction,6,5,1
48698,Dippindotz,scilla,480,warlock,destruction,6,5,1
48699,Gritzixx,frostmourne,480,warlock,destruction,6,5,1
48700,Ricemachinex,grizzly-hills,480,warlock,destruction,6,5,1
48701,Theovohn,thrall,480,warlock,destruction,6,5,1
48702,Leîa,tichondrius,480,warlock,destruction,6,5,1
48703,Matdemonn,barthilas,480,warlock,destruction,6,5,1
48704,Kargos,bonechewer,480,warlock,destruction,6,5,1
48705,Novah,balnazzar,480,warlock,destruction,6,5,1
48706,Unicornspit,tichondrius,480,warlock,destruction,6,5,1
48707,Cloperry,area-52,480,warlock,destruction,6,5,1
48708,Zoljinn,frostwolf,480,warlock,destruction,6,5,1
48709,Oreganow,icecrown,480,warlock,destruction,6,5,1
48710,Mørøs,tichondrius,480,warlock,destruction,6,5,1
48711,Evierine,zuljin,480,warlock,destruction,6,5,1
48712,Ikite,zuljin,480,warlock,destruction,6,5,1
48713,Tiddliwinx,nordrassil,480,warlock,destruction,7,5,2
48714,Kurudios,ragnaros,480,warlock,destruction,12,5,7
48715,Gruldan,drakkari,480,warlock,destruction,12,5,7
48716,Graced,stormrage,480,warlock,destruction,12,5,7
48717,Sylvine,korgath,480,warlock,destruction,12,5,7
48718,Pikvas,darkspear,480,warlock,destruction,12,5,7
48719,Cycaeria,moon-guard,480,warlock,destruction,12,5,7
48720,Totsdots,blackrock,480,warlock,destruction,12,5,7
48721,Speakeasy,malygos,480,warlock,destruction,12,5,7
48722,Lildottythot,malganis,480,warlock,destruction,12,5,7
48723,Archleon,smolderthorn,480,warlock,destruction,12,5,7
48724,Gallynna,moon-guard,480,warlock,destruction,12,5,7
48725,Kubera,mannoroth,480,warlock,destruction,12,5,7
48726,Adramelech,thrall,480,warlock,destruction,12,5,7
48727,Richards,thrall,480,warlock,destruction,12,5,7
48728,Lockandload,malfurion,480,warlock,destruction,12,5,7
48729,Enmama,malganis,480,warlock,destruction,12,5,7
48730,Balden,fenris,480,warlock,destruction,12,5,7
48731,Shadowflame,skullcrusher,480,warlock,destruction,12,5,7
48732,Wediditjoe,kelthuzad,480,warlock,destruction,12,5,7
48733,Galeirria,stormrage,480,warlock,destruction,12,5,7
48734,Hyjixy,stormrage,480,warlock,destruction,12,5,7
48735,Rytaint,emerald-dream,480,warlock,destruction,12,5,7
48736,Errogant,area-52,480,warlock,destruction,12,5,7
48737,Virt,anubarak,480,warlock,destruction,12,5,7
48738,Pabloqlx,ragnaros,480,warlock,destruction,12,5,7
48739,Imhereforrbg,moon-guard,480,warlock,destruction,12,5,7
48740,Zalurk,emerald-dream,480,warlock,destruction,12,5,7
48741,Daemonixx,vashj,480,warlock,destruction,12,5,7
48742,Souljäboy,bleeding-hollow,480,warlock,destruction,12,5,7
48743,Fearedit,bleeding-hollow,480,warlock,destruction,12,5,7
48744,Gameface,garrosh,480,warlock,destruction,12,5,7
48745,Macnab,malganis,480,warlock,destruction,12,5,7
48746,Jenová,uldaman,480,warlock,destruction,12,5,7
48747,Chaoz,aggramar,480,warlock,destruction,12,5,7
48748,Seraphserius,laughing-skull,480,warlock,destruction,12,5,7
48749,Nelamona,moon-guard,480,warlock,destruction,12,5,7
48750,Gnimms,sargeras,480,warlock,destruction,12,5,7
48751,Jankity,kelthuzad,480,warlock,destruction,12,5,7
48752,Wombogombo,malganis,480,warlock,destruction,12,5,7
48753,Mäléficø,nemesis,480,warlock,destruction,12,5,7
48754,Soulswap,deathwing,480,warlock,destruction,12,5,7
48755,Topboypepito,tichondrius,480,warlock,destruction,12,5,7
48756,Lockwell,tichondrius,480,warlock,destruction,12,5,7
48757,Darezs,frostmourne,480,warlock,destruction,12,5,7
48758,Aurdra,thunderhorn,480,warlock,destruction,12,5,7
48759,Marbuldan,frostmourne,480,warlock,destruction,12,5,7
48760,Felpuppet,barthilas,480,warlock,destruction,12,5,7
48761,Eneraxg,proudmoore,480,warlock,destruction,12,5,7
48762,Oppaijuggler,tichondrius,480,warlock,destruction,12,5,7
48763,Rainali,tichondrius,480,warlock,destruction,12,5,7
48764,Ascendant,amanthul,480,warlock,destruction,12,5,7
48765,Psionyde,barthilas,480,warlock,destruction,12,5,7
48766,Locknes,kiljaeden,480,warlock,destruction,12,5,7
48767,Hellweaver,amanthul,480,warlock,destruction,12,5,7
48768,Pveisboring,tichondrius,480,warlock,destruction,12,5,7
48769,Yurick,frostmourne,480,warlock,destruction,12,5,7
48770,Justganmore,tichondrius,480,warlock,destruction,12,5,7
48771,Vansa,caelestrasz,480,warlock,destruction,12,5,7
48772,Arkangel,dalvengyr,480,warlock,destruction,12,5,7
48773,Avoidahoe,sargeras,480,warlock,destruction,12,5,7
48774,Bludlock,illidan,480,warlock,destruction,12,5,7
48775,Ezgamejr,tichondrius,480,warlock,destruction,12,5,7
48776,Bellgrande,shadowmoon,480,warlock,destruction,12,5,7
48777,Zugzor,shadowmoon,480,warlock,destruction,12,5,7
48778,Sukmalock,proudmoore,480,warlock,destruction,15,6,9
48779,Ionithvia,tichondrius,480,warlock,destruction,18,5,13
48780,Corezach,proudmoore,480,warlock,destruction,18,5,13
48781,Crypticwl,proudmoore,480,warlock,destruction,24,5,19
48782,Clizarisa,moon-guard,479,warlock,destruction,6,5,1
48783,Yelabanxtown,thaurissan,479,warlock,destruction,6,5,1
48784,Skrillhex,dragonmaw,479,warlock,destruction,6,5,1
48785,Osteogenesis,quelthalas,479,warlock,destruction,12,5,7
48786,Vordz,amanthul,479,warlock,destruction,12,5,7
48787,Esmaldo,tichondrius,479,warlock,destruction,12,5,7
48788,Dotess,illidan,479,warlock,destruction,12,5,7
48789,Aluridan,azralon,479,warlock,destruction,12,5,7
48790,Loccdawg,laughing-skull,479,warlock,destruction,12,5,7
48791,Kelici,borean-tundra,479,warlock,destruction,12,5,7
48792,Grix,uldaman,479,warlock,destruction,12,5,7
48793,Karkloc,stormrage,479,warlock,destruction,18,5,13
48794,Daemonddred,hakkar,479,warlock,destruction,18,5,13
48795,Schwaan,bladefist,478,warlock,destruction,6,5,1
48796,Giled,runetotem,478,warlock,destruction,12,5,7
48797,Moorrt,dragonblight,478,warlock,destruction,12,5,7
48798,Saintvil,drakkari,477,warlock,destruction,6,5,1
48799,Warrogoblin,ragnaros,476,warlock,destruction,9,6,3
48800,Blázê,illidan,476,warlock,destruction,12,5,7
48801,Casusita,area-52,472,warlock,destruction,12,5,7
48802,Raven,baelgun,463,warlock,destruction,11,5,6
48803,Bitblack,tichondrius,453,warlock,destruction,13,7,6
48804,Theshattered,kiljaeden,447,warlock,destruction,11,5,6
48805,Døtbomb,stormrage,447,warlock,destruction,11,5,6
48806,Magniwl,zuljin,447,warlock,destruction,11,5,6
48807,Hateslocks,bladefist,447,warlock,destruction,16,5,11
48808,Britnyfears,korgath,447,warlock,destruction,16,5,11
48809,Djvetis,blackhand,442,warlock,destruction,15,7,8
48810,Fengfeiss,tichondrius,432,warlock,destruction,15,6,9
48811,Heizx,area-52,432,warlock,destruction,15,5,10
48812,Silverfire,ragnaros,431,warlock,destruction,11,5,6
48813,Berathelok,aerie-peak,426,warlock,destruction,17,6,11
48814,Empowerdlock,garrosh,416,warlock,destruction,10,5,5
48815,Prägä,drakkari,415,warlock,destruction,8,5,3
48816,Krozu,bleeding-hollow,415,warlock,destruction,14,5,9
48817,Velsona,moon-guard,415,warlock,destruction,14,5,9
48818,Lockdlhm,tichondrius,400,warlock,destruction,13,5,8
48819,Merji,area-52,399,warlock,destruction,5,5,0
48820,Yëët,wildhammer,384,warlock,destruction,6,4,2
48821,Kractdlk,tichondrius,384,warlock,destruction,6,4,2
48822,Underchicken,blackrock,384,warlock,destruction,6,4,2
48823,Frem,eonar,384,warlock,destruction,6,4,2
48824,Biger,nemesis,384,warlock,destruction,6,4,2
48825,Décalisse,eonar,384,warlock,destruction,6,4,2
48826,Norastrum,area-52,384,warlock,destruction,6,4,2
48827,Hoana,azralon,384,warlock,destruction,6,4,2
48828,Asalaviik,illidan,384,warlock,destruction,6,4,2
48829,Moistpoodle,the-underbog,384,warlock,destruction,6,4,2
48830,Lîlý,bleeding-hollow,384,warlock,destruction,6,4,2
48831,Wreckquiem,burning-blade,384,warlock,destruction,6,4,2
48832,Donttouchme,azralon,384,warlock,destruction,6,4,2
48833,Xevari,zuljin,384,warlock,destruction,6,4,2
48834,Mattybolts,tichondrius,384,warlock,destruction,6,4,2
48835,Gamecover,azralon,384,warlock,destruction,6,4,2
48836,Mithlock,azralon,384,warlock,destruction,6,4,2
48837,Magvezx,kelthuzad,384,warlock,destruction,6,4,2
48838,Synisterlock,moon-guard,384,warlock,destruction,6,4,2
48839,Damienn,wyrmrest-accord,384,warlock,destruction,6,4,2
48840,Naginikill,zuljin,384,warlock,destruction,6,4,2
48841,Bugbugg,tichondrius,384,warlock,destruction,6,4,2
48842,Khaos,norgannon,384,warlock,destruction,6,4,2
48843,Laytome,stormreaver,384,warlock,destruction,6,4,2
48844,Cønsfèáracy,sargeras,384,warlock,destruction,6,4,2
48845,Ozidus,tichondrius,384,warlock,destruction,6,4,2
48846,Vonsteevan,area-52,384,warlock,destruction,6,4,2
48847,Asukakira,tichondrius,384,warlock,destruction,6,4,2
48848,Zevoc,tichondrius,384,warlock,destruction,6,4,2
48849,Chumbing,sargeras,384,warlock,destruction,6,4,2
48850,Galtur,azralon,384,warlock,destruction,6,4,2
48851,Sprenn,bleeding-hollow,384,warlock,destruction,6,4,2
48852,Arredivh,blackhand,384,warlock,destruction,6,4,2
48853,Agla,quelthalas,384,warlock,destruction,6,4,2
48854,Souwantwar,kiljaeden,384,warlock,destruction,6,4,2
48855,Litemeatlary,kelthuzad,384,warlock,destruction,6,4,2
48856,Chaotixbolt,sargeras,384,warlock,destruction,6,4,2
48857,Cursebolt,tichondrius,384,warlock,destruction,6,4,2
48858,Menedemus,amanthul,384,warlock,destruction,6,4,2
48859,Flayaz,bleeding-hollow,384,warlock,destruction,6,4,2
48860,Crackhammer,sargeras,384,warlock,destruction,6,4,2
48861,Eatmybeef,ravencrest,384,warlock,destruction,6,4,2
48862,Mmrceo,azgalor,384,warlock,destruction,6,4,2
48863,Antagony,bleeding-hollow,384,warlock,destruction,6,4,2
48864,Jerothia,lethon,384,warlock,destruction,6,4,2
48865,Doubledigit,tichondrius,384,warlock,destruction,6,4,2
48866,Hawtchili,illidan,384,warlock,destruction,6,4,2
48867,Rodneyjones,emerald-dream,384,warlock,destruction,6,4,2
48868,Wolfibi,tichondrius,384,warlock,destruction,6,4,2
48869,Syraxi,illidan,384,warlock,destruction,6,4,2
48870,Quetzâlcoâtl,sargeras,384,warlock,destruction,6,4,2
48871,Headbolterx,tichondrius,384,warlock,destruction,6,4,2
48872,Pepperbolt,emerald-dream,384,warlock,destruction,6,4,2
48873,Alwysoom,aegwynn,384,warlock,destruction,6,4,2
48874,Saruon,proudmoore,384,warlock,destruction,6,4,2
48875,Demonchurch,area-52,384,warlock,destruction,6,4,2
48876,Smnslock,emerald-dream,384,warlock,destruction,6,4,2
48877,Oldgodkiller,kelthuzad,384,warlock,destruction,6,4,2
48878,Erock,korgath,384,warlock,destruction,6,4,2
48879,Sheetzlock,azgalor,384,warlock,destruction,6,4,2
48880,Char,jubeithos,384,warlock,destruction,6,4,2
48881,Superspreadr,silvermoon,384,warlock,destruction,6,4,2
48882,Dealindoug,bonechewer,384,warlock,destruction,6,4,2
48883,Marrowsipper,tichondrius,384,warlock,destruction,6,4,2
48884,Eliquis,frostmane,384,warlock,destruction,6,4,2
48885,Abyssamcdoom,sargeras,384,warlock,destruction,6,4,2
48886,Fearoshimá,thrall,384,warlock,destruction,6,4,2
48887,Warlocksz,kelthuzad,384,warlock,destruction,6,4,2
48888,Incantation,moon-guard,384,warlock,destruction,6,4,2
48889,Zver,drakkari,384,warlock,destruction,6,4,2
48890,Slappndemons,mugthol,384,warlock,destruction,6,4,2
48891,Dottcom,laughing-skull,384,warlock,destruction,6,4,2
48892,Calcadius,zuljin,384,warlock,destruction,6,4,2
48893,Fatherbolt,tichondrius,384,warlock,destruction,6,4,2
48894,Xijp,illidan,384,warlock,destruction,6,4,2
48895,Soulfinder,tichondrius,384,warlock,destruction,6,4,2
48896,Brokenaf,stormrage,384,warlock,destruction,6,4,2
48897,Smallj,zuljin,384,warlock,destruction,6,4,2
48898,Pegorn,illidan,384,warlock,destruction,6,4,2
48899,Thelynx,chogall,384,warlock,destruction,6,4,2
48900,Outkãst,illidan,384,warlock,destruction,6,4,2
48901,Vilebrute,illidan,384,warlock,destruction,6,4,2
48902,Bohnd,elune,384,warlock,destruction,6,4,2
48903,Darkguile,kiljaeden,384,warlock,destruction,6,4,2
48904,Warluckie,zuljin,384,warlock,destruction,6,4,2
48905,Hudsonse,eitrigg,384,warlock,destruction,6,4,2
48906,Wallzz,gnomeregan,384,warlock,destruction,6,4,2
48907,Woofbolt,malganis,384,warlock,destruction,6,4,2
48908,Eazyw,stormrage,384,warlock,destruction,6,4,2
48909,Tizzy,malganis,384,warlock,destruction,6,4,2
48910,Zzat,area-52,384,warlock,destruction,6,4,2
48911,Rickthelock,tichondrius,384,warlock,destruction,6,4,2
48912,Siltharious,senjin,384,warlock,destruction,6,4,2
48913,Zuroghar,azralon,384,warlock,destruction,6,4,2
48914,Espanol,magtheridon,384,warlock,destruction,6,4,2
48915,Gordoxin,area-52,384,warlock,destruction,6,4,2
48916,Carielict,sargeras,384,warlock,destruction,6,4,2
48917,Moramont,stormrage,384,warlock,destruction,6,4,2
48918,Stambye,ragnaros,384,warlock,destruction,6,4,2
48919,Geists,emerald-dream,384,warlock,destruction,6,4,2
48920,Drgiggles,tichondrius,384,warlock,destruction,6,4,2
48921,Wrathfull,malganis,384,warlock,destruction,6,4,2
48922,Ceeloww,illidan,384,warlock,destruction,6,4,2
48923,Fearann,ragnaros,384,warlock,destruction,6,4,2
48924,Klaríon,ragnaros,384,warlock,destruction,6,4,2
48925,Necrotko,malganis,384,warlock,destruction,6,4,2
48926,Methrocks,emerald-dream,384,warlock,destruction,6,4,2
48927,Instababe,stormrage,384,warlock,destruction,6,4,2
48928,Rendori,the-scryers,384,warlock,destruction,6,4,2
48929,Zonss,tichondrius,384,warlock,destruction,6,4,2
48930,Ñever,winterhoof,384,warlock,destruction,6,4,2
48931,Dottzie,malganis,384,warlock,destruction,6,4,2
48932,Warfeen,malganis,384,warlock,destruction,6,4,2
48933,Anthaxel,dalaran,384,warlock,destruction,6,4,2
48934,Lockiana,zuljin,384,warlock,destruction,6,4,2
48935,Asiopdu,tichondrius,384,warlock,destruction,6,4,2
48936,Tichondrus,ragnaros,384,warlock,destruction,6,4,2
48937,Maquedonia,quelthalas,384,warlock,destruction,6,4,2
48938,Ardamelech,quelthalas,384,warlock,destruction,6,4,2
48939,Bedtimes,tichondrius,384,warlock,destruction,6,4,2
48940,Deathtones,moon-guard,384,warlock,destruction,6,4,2
48941,Solöw,tichondrius,384,warlock,destruction,6,4,2
48942,Wiredftwx,illidan,384,warlock,destruction,6,4,2
48943,Krillz,quelthalas,384,warlock,destruction,6,4,2
48944,Bcxz,illidan,384,warlock,destruction,6,4,2
48945,Kroshuto,ragnaros,384,warlock,destruction,6,4,2
48946,Qfear,tichondrius,384,warlock,destruction,6,4,2
48947,Roota,dalaran,384,warlock,destruction,6,4,2
48948,Kerrigan,the-venture-co,384,warlock,destruction,6,4,2
48949,Toomanymind,stormrage,384,warlock,destruction,6,4,2
48950,Deathboltx,zuljin,384,warlock,destruction,9,5,4
48951,Meathat,gorefiend,384,warlock,destruction,9,5,4
48952,Dihva,malganis,384,warlock,destruction,10,5,5
48953,Soulfired,kiljaeden,384,warlock,destruction,11,5,6
48954,Snéed,sargeras,384,warlock,destruction,10,4,6
48955,Rhaègar,kiljaeden,384,warlock,destruction,15,5,10
48956,Dotsandchill,dalaran,384,warlock,destruction,12,4,8
48957,Jáws,zuljin,384,warlock,destruction,12,4,8
48958,Persianloc,tichondrius,384,warlock,destruction,12,4,8
48959,Fullmelt,azjolnerub,384,warlock,destruction,12,4,8
48960,Aededa,proudmoore,384,warlock,destruction,12,4,8
48961,Mokushiroku,trollbane,384,warlock,destruction,12,4,8
48962,Offendor,stormrage,384,warlock,destruction,12,4,8
48963,Capslockfury,frostmourne,384,warlock,destruction,12,4,8
48964,Lila,kaelthas,384,warlock,destruction,12,4,8
48965,Antigotenent,sargeras,384,warlock,destruction,12,4,8
48966,Dotington,frostmourne,384,warlock,destruction,12,4,8
48967,Demowolock,area-52,384,warlock,destruction,12,4,8
48968,Puddulz,thrall,384,warlock,destruction,12,4,8
48969,Vicnutz,tichondrius,384,warlock,destruction,12,4,8
48970,Darksòúl,stormrage,384,warlock,destruction,12,4,8
48971,Bjarke,malganis,384,warlock,destruction,12,4,8
48972,Alexmeister,jubeithos,384,warlock,destruction,12,4,8
48973,Freezâ,stormrage,384,warlock,destruction,12,4,8
48974,Daedayus,frostwolf,384,warlock,destruction,12,4,8
48975,Pãni,area-52,384,warlock,destruction,12,4,8
48976,Cãsh,aegwynn,384,warlock,destruction,12,4,8
48977,Medraut,wyrmrest-accord,384,warlock,destruction,12,4,8
48978,Lockandestro,tichondrius,384,warlock,destruction,12,4,8
48979,Speedlock,daggerspine,384,warlock,destruction,12,4,8
48980,Pitou,akama,384,warlock,destruction,12,4,8
48981,Stepmommie,moon-guard,384,warlock,destruction,12,4,8
48982,Nazrakin,malganis,384,warlock,destruction,12,4,8
48983,Praemonium,dalaran,384,warlock,destruction,12,4,8
48984,Poisondeepnu,malganis,384,warlock,destruction,12,4,8
48985,Catastrophk,malganis,384,warlock,destruction,12,4,8
48986,Blumercricet,stormrage,384,warlock,destruction,12,4,8
48987,Veyra,malganis,384,warlock,destruction,12,4,8
48988,Rumpology,illidan,384,warlock,destruction,12,4,8
48989,Perfidien,tichondrius,384,warlock,destruction,12,4,8
48990,Letsfckingo,tichondrius,384,warlock,destruction,12,4,8
48991,Stonelocke,area-52,384,warlock,destruction,12,4,8
48992,Kholdstarev,thunderlord,384,warlock,destruction,12,4,8
48993,Dpz,darkspear,384,warlock,destruction,12,4,8
48994,Fowll,frostwolf,384,warlock,destruction,12,4,8
48995,Crafterism,barthilas,384,warlock,destruction,12,4,8
48996,Overlard,illidan,384,warlock,destruction,12,4,8
48997,Flocka,agamaggan,384,warlock,destruction,12,4,8
48998,Madamenapalm,wyrmrest-accord,384,warlock,destruction,12,4,8
48999,Lilintrovert,illidan,384,warlock,destruction,12,4,8
49000,Capïrota,nemesis,384,warlock,destruction,12,4,8
49001,Awangdemon,tichondrius,384,warlock,destruction,12,4,8
49002,Panicmode,darkspear,384,warlock,destruction,12,4,8
49003,Maleficist,bleeding-hollow,384,warlock,destruction,12,4,8
49004,Kelthutard,area-52,384,warlock,destruction,12,4,8
49005,Evarona,gorefiend,384,warlock,destruction,12,4,8
49006,Mostlyundead,darkspear,384,warlock,destruction,12,4,8
49007,Syileria,frostmourne,384,warlock,destruction,12,4,8
49008,Sailuhh,frostwolf,384,warlock,destruction,12,4,8
49009,Dotsamoray,frostmourne,384,warlock,destruction,12,4,8
49010,Regent,nemesis,384,warlock,destruction,12,4,8
49011,Jxstinl,tichondrius,384,warlock,destruction,12,4,8
49012,Giggideez,bleeding-hollow,384,warlock,destruction,12,4,8
49013,Mozbet,kiljaeden,384,warlock,destruction,13,4,9
49014,Keraj,quelthalas,384,warlock,destruction,18,5,13
49015,Markov,goldrinn,384,warlock,destruction,18,4,14
49016,Sylorelol,stormreaver,384,warlock,destruction,18,4,14
49017,Pvman,onyxia,384,warlock,destruction,18,4,14
49018,Stonelocker,stormrage,383,warlock,destruction,6,4,2
49019,Halkroz,nathrezim,383,warlock,destruction,6,4,2
49020,Zêphyr,gilneas,383,warlock,destruction,6,4,2
49021,Gorski,frostwolf,383,warlock,destruction,6,4,2
49022,Destroyaz,stormreaver,383,warlock,destruction,6,4,2
49023,Asheräh,stormrage,383,warlock,destruction,12,4,8
49024,Fearanddots,moon-guard,383,warlock,destruction,12,4,8
49025,Downing,drakkari,383,warlock,destruction,12,4,8
49026,Arthürr,thrall,383,warlock,destruction,12,4,8
49027,Loçkshow,hyjal,383,warlock,destruction,12,4,8
49028,Coheatt,hyjal,383,warlock,destruction,12,4,8
49029,Covidbussin,cenarius,383,warlock,destruction,12,4,8
49030,Eliphas,bronzebeard,383,warlock,destruction,12,4,8
49031,Yesmistress,thrall,383,warlock,destruction,14,4,10
49032,Necromaniac,nerzhul,383,warlock,destruction,18,4,14
49033,Mageline,thrall,382,warlock,destruction,18,4,14
49034,Sargrath,ragnaros,381,warlock,destruction,12,4,8
49035,Fartonomus,illidan,381,warlock,destruction,12,4,8
49036,Plaguelnc,illidan,352,warlock,destruction,10,5,5
49037,Vanvídd,ragnaros,351,warlock,destruction,11,4,7
49038,Startx,tichondrius,351,warlock,destruction,11,4,7
49039,Cyrillus,moon-guard,351,warlock,destruction,11,4,7
49040,Voodoowan,bleeding-hollow,351,warlock,destruction,11,4,7
49041,Gobbledeez,moknathal,349,warlock,destruction,19,5,14
49042,Tangslock,skullcrusher,335,warlock,destruction,11,4,7
49043,Amaroth,spinebreaker,335,warlock,destruction,11,4,7
49044,Sooshi,malganis,330,warlock,destruction,11,6,5
49045,Lockazo,quelthalas,330,warlock,destruction,11,6,5
49046,Sojulord,sargeras,320,warlock,destruction,10,4,6
49047,Saintläurent,bleeding-hollow,319,warlock,destruction,5,4,1
49048,Valkynaris,chogall,319,warlock,destruction,14,4,10
49049,Fatass,cairne,288,warlock,destruction,6,3,3
49050,Sweetjezuz,barthilas,288,warlock,destruction,6,3,3
49051,Firemike,kelthuzad,288,warlock,destruction,6,3,3
49052,Voldormort,uldaman,288,warlock,destruction,6,3,3
49053,Warlockluo,tichondrius,288,warlock,destruction,6,3,3
49054,Ladaa,tichondrius,288,warlock,destruction,6,3,3
49055,Vxms,barthilas,288,warlock,destruction,6,3,3
49056,Hëctic,nerzhul,288,warlock,destruction,6,3,3
49057,Bellwulf,goldrinn,288,warlock,destruction,6,3,3
49058,Shawzyy,tichondrius,288,warlock,destruction,6,3,3
49059,Päinoth,wyrmrest-accord,288,warlock,destruction,6,3,3
49060,Lcomi,tichondrius,288,warlock,destruction,6,3,3
49061,Bonermarrow,tichondrius,288,warlock,destruction,6,3,3
49062,Discordance,zuljin,288,warlock,destruction,6,3,3
49063,Methology,wyrmrest-accord,288,warlock,destruction,6,3,3
49064,Drelgun,aerie-peak,288,warlock,destruction,6,3,3
49065,Peterdotz,whisperwind,288,warlock,destruction,6,3,3
49066,Rockalock,burning-blade,288,warlock,destruction,6,3,3
49067,Gotfear,zuljin,288,warlock,destruction,6,3,3
49068,Xblessed,stormrage,288,warlock,destruction,6,3,3
49069,Gurlock,illidan,288,warlock,destruction,6,3,3
49070,Vìqtìm,kelthuzad,288,warlock,destruction,6,3,3
49071,Shadøwcrits,quelthalas,288,warlock,destruction,6,3,3
49072,Mileyswift,kelthuzad,288,warlock,destruction,6,3,3
49073,Pennydrop,barthilas,288,warlock,destruction,6,3,3
49074,Papablasty,nagrand,288,warlock,destruction,6,3,3
49075,Zuelu,tichondrius,288,warlock,destruction,6,3,3
49076,Hamdulla,tichondrius,288,warlock,destruction,6,3,3
49077,Nutzosaurus,darkspear,288,warlock,destruction,6,3,3
49078,Siphoned,darkspear,288,warlock,destruction,6,3,3
49079,Nihilus,anvilmar,288,warlock,destruction,6,3,3
49080,Athronak,malganis,288,warlock,destruction,6,3,3
49081,Tamzlock,the-forgotten-coast,288,warlock,destruction,6,3,3
49082,Skýnët,tichondrius,288,warlock,destruction,6,3,3
49083,Meltingface,bleeding-hollow,288,warlock,destruction,6,3,3
49084,Tiptonb,tichondrius,288,warlock,destruction,6,3,3
49085,Tacolock,azshara,288,warlock,destruction,6,3,3
49086,Deejaye,frostmourne,288,warlock,destruction,6,3,3
49087,Fungiforest,kelthuzad,288,warlock,destruction,6,3,3
49088,Itsawarlock,thunderlord,288,warlock,destruction,6,3,3
49089,Creedmore,sargeras,288,warlock,destruction,6,3,3
49090,Feartool,stormrage,288,warlock,destruction,6,3,3
49091,Mamabolts,kelthuzad,288,warlock,destruction,6,3,3
49092,Blastindotz,frostmane,288,warlock,destruction,6,3,3
49093,Oleg,bleeding-hollow,288,warlock,destruction,6,3,3
49094,Mylock,andorhal,288,warlock,destruction,6,3,3
49095,Ratedtorgast,illidan,288,warlock,destruction,6,3,3
49096,Feeltheviibe,zuljin,288,warlock,destruction,6,3,3
49097,Ärminvßuurën,barthilas,288,warlock,destruction,6,3,3
49098,Atheô,ragnaros,288,warlock,destruction,6,3,3
49099,Geofar,bleeding-hollow,288,warlock,destruction,6,3,3
49100,Shädowflame,bleeding-hollow,288,warlock,destruction,6,3,3
49101,Slothdots,tichondrius,288,warlock,destruction,6,3,3
49102,Felsgoodman,illidan,288,warlock,destruction,6,3,3
49103,Warlooch,area-52,288,warlock,destruction,6,3,3
49104,Nismo,trollbane,288,warlock,destruction,6,3,3
49105,Aruotnof,nemesis,288,warlock,destruction,6,3,3
49106,Kronman,zuluhed,288,warlock,destruction,6,3,3
49107,Devi,destromath,288,warlock,destruction,6,3,3
49108,Nòpê,tichondrius,288,warlock,destruction,6,3,3
49109,Ragnorök,medivh,288,warlock,destruction,6,3,3
49110,Xephostwo,area-52,288,warlock,destruction,6,3,3
49111,Gümbÿ,illidan,288,warlock,destruction,6,3,3
49112,Ovoíd,area-52,288,warlock,destruction,6,3,3
49113,Demtros,tichondrius,288,warlock,destruction,6,3,3
49114,Coret,moonrunner,288,warlock,destruction,6,3,3
49115,Maledictivus,stormrage,288,warlock,destruction,6,3,3
49116,Jishtructo,frostmourne,288,warlock,destruction,6,3,3
49117,Neversoft,bleeding-hollow,288,warlock,destruction,6,3,3
49118,Lübelock,illidan,288,warlock,destruction,6,3,3
49119,Hauntgød,tichondrius,288,warlock,destruction,6,3,3
49120,Milkybøng,area-52,288,warlock,destruction,6,3,3
49121,Eiram,ragnaros,288,warlock,destruction,6,3,3
49122,Hairydottr,malganis,288,warlock,destruction,6,3,3
49123,Worstname,hakkar,288,warlock,destruction,6,3,3
49124,Thisisturtle,area-52,288,warlock,destruction,6,3,3
49125,Babylung,bleeding-hollow,288,warlock,destruction,6,3,3
49126,Krazyjay,bleeding-hollow,288,warlock,destruction,6,3,3
49127,Noslock,aegwynn,288,warlock,destruction,6,3,3
49128,Carpedemon,malganis,288,warlock,destruction,6,3,3
49129,Embraces,tichondrius,288,warlock,destruction,6,3,3
49130,Ryzhen,area-52,288,warlock,destruction,6,3,3
49131,Rumplefust,thrall,288,warlock,destruction,6,3,3
49132,Metaphors,stormrage,288,warlock,destruction,6,3,3
49133,Unquit,frostmourne,288,warlock,destruction,6,3,3
49134,Muchopower,ragnaros,288,warlock,destruction,6,3,3
49135,Crucifieds,tichondrius,288,warlock,destruction,6,3,3
49136,Cocoabuttâ,stormrage,288,warlock,destruction,6,3,3
49137,Merlinsbeard,zuluhed,288,warlock,destruction,6,3,3
49138,Dolcex,sargeras,288,warlock,destruction,6,3,3
49139,Poggyjones,tichondrius,288,warlock,destruction,6,3,3
49140,Amuros,illidan,288,warlock,destruction,6,3,3
49141,Richactress,tichondrius,288,warlock,destruction,6,3,3
49142,Sadist,area-52,288,warlock,destruction,6,3,3
49143,Pedestal,bleeding-hollow,288,warlock,destruction,6,3,3
49144,Picklecatz,barthilas,288,warlock,destruction,6,3,3
49145,Reallygud,tichondrius,288,warlock,destruction,6,3,3
49146,Odelgabiana,area-52,288,warlock,destruction,6,3,3
49147,Shâdowman,stormrage,288,warlock,destruction,6,3,3
49148,Phénom,tichondrius,288,warlock,destruction,6,3,3
49149,Bushmelded,tichondrius,288,warlock,destruction,6,3,3
49150,Vampydark,quelthalas,288,warlock,destruction,6,3,3
49151,Feardr,frostmourne,288,warlock,destruction,6,3,3
49152,Eh,laughing-skull,288,warlock,destruction,6,3,3
49153,Stretchmark,stormrage,288,warlock,destruction,6,3,3
49154,ßolts,frostmourne,288,warlock,destruction,6,3,3
49155,Borudo,thrall,288,warlock,destruction,6,3,3
49156,Lockabeesha,chogall,288,warlock,destruction,6,3,3
49157,Ijustsharded,area-52,288,warlock,destruction,6,3,3
49158,Chesterfear,quelthalas,288,warlock,destruction,6,3,3
49159,Bazeni,frostmourne,288,warlock,destruction,6,3,3
49160,Ðëâthløck,tichondrius,288,warlock,destruction,6,3,3
49161,Mystrix,illidan,288,warlock,destruction,6,3,3
49162,Famelol,tichondrius,288,warlock,destruction,6,3,3
49163,Xoroth,crushridge,288,warlock,destruction,6,3,3
49164,Lillpfudd,area-52,288,warlock,destruction,6,3,3
49165,Minos,tichondrius,288,warlock,destruction,6,3,3
49166,Lochek,stonemaul,288,warlock,destruction,6,3,3
49167,Æsidius,tichondrius,288,warlock,destruction,6,3,3
49168,Cancer,bloodscalp,288,warlock,destruction,6,3,3
49169,Marothredd,nathrezim,288,warlock,destruction,6,3,3
49170,Voldamorte,tichondrius,288,warlock,destruction,6,3,3
49171,Saffuky,frostmourne,288,warlock,destruction,6,3,3
49172,Gildedknight,arthas,288,warlock,destruction,6,3,3
49173,Gingerlock,stonemaul,288,warlock,destruction,6,3,3
49174,Signalnine,thrall,288,warlock,destruction,6,3,3
49175,Rexington,hyjal,288,warlock,destruction,6,3,3
49176,Sorath,blackrock,288,warlock,destruction,6,3,3
49177,Karter,anetheron,288,warlock,destruction,6,3,3
49178,Pennÿ,quelthalas,288,warlock,destruction,6,3,3
49179,Dohmie,argent-dawn,288,warlock,destruction,6,3,3
49180,Sàill,tichondrius,288,warlock,destruction,6,3,3
49181,Famouslos,anetheron,288,warlock,destruction,6,3,3
49182,Souldotz,proudmoore,288,warlock,destruction,6,3,3
49183,Dashaad,illidan,288,warlock,destruction,6,3,3
49184,Xocxusegeic,illidan,288,warlock,destruction,6,3,3
49185,Toxicatedz,azralon,288,warlock,destruction,6,3,3
49186,Dluttysots,emerald-dream,288,warlock,destruction,6,3,3
49187,Reyaena,moon-guard,288,warlock,destruction,6,3,3
49188,Pheríe,sargeras,288,warlock,destruction,6,3,3
49189,Uwubolt,moon-guard,288,warlock,destruction,6,3,3
49190,Anastadora,proudmoore,288,warlock,destruction,6,3,3
49191,Héllboy,akama,288,warlock,destruction,6,3,3
49192,Mfcalamity,uldum,288,warlock,destruction,6,3,3
49193,Silkxy,frostwolf,288,warlock,destruction,6,3,3
49194,Amauder,moon-guard,288,warlock,destruction,6,3,3
49195,Dogcookie,moon-guard,288,warlock,destruction,6,3,3
49196,Rerolledfotm,sargeras,288,warlock,destruction,6,3,3
49197,Sambodeemon,proudmoore,288,warlock,destruction,6,3,3
49198,Bhalthazar,staghelm,288,warlock,destruction,6,3,3
49199,Xbendover,proudmoore,288,warlock,destruction,6,3,3
49200,Ñevaeh,emerald-dream,288,warlock,destruction,6,3,3
49201,Astarothe,proudmoore,288,warlock,destruction,6,3,3
49202,Trainwreck,sargeras,288,warlock,destruction,6,3,3
49203,Niétzsché,emerald-dream,288,warlock,destruction,6,3,3
49204,Ökïlôck,proudmoore,288,warlock,destruction,6,3,3
49205,Wizxin,emerald-dream,288,warlock,destruction,6,3,3
49206,Vetadul,proudmoore,288,warlock,destruction,6,3,3
49207,Háydn,azuremyst,288,warlock,destruction,6,3,3
49208,Bunami,kiljaeden,288,warlock,destruction,6,3,3
49209,Blaxzlock,stormscale,288,warlock,destruction,6,3,3
49210,Larsiezwei,spirestone,288,warlock,destruction,6,3,3
49211,Dotbot,blades-edge,288,warlock,destruction,6,3,3
49212,Shifulock,azralon,288,warlock,destruction,6,3,3
49213,Turbocleave,blackwater-raiders,288,warlock,destruction,6,3,3
49214,Lockhomes,azralon,288,warlock,destruction,6,3,3
49215,Albus,skywall,288,warlock,destruction,6,3,3
49216,Evianne,skywall,288,warlock,destruction,6,3,3
49217,Porsimorgis,firetree,288,warlock,destruction,6,3,3
49218,Ÿoucantwin,kiljaeden,288,warlock,destruction,6,3,3
49219,Ashtak,coilfang,288,warlock,destruction,6,3,3
49220,Graveland,frostwolf,288,warlock,destruction,6,3,3
49221,Ministàff,ursin,288,warlock,destruction,9,4,5
49222,Lycanthropi,illidan,288,warlock,destruction,9,4,5
49223,Taldaroth,moon-guard,288,warlock,destruction,7,3,4
49224,Cult,smolderthorn,288,warlock,destruction,7,3,4
49225,Fluximilian,azralon,288,warlock,destruction,10,4,6
49226,Amidone,bleeding-hollow,288,warlock,destruction,10,4,6
49227,Verminperson,illidan,288,warlock,destruction,8,3,5
49228,Darkhadouken,sargeras,288,warlock,destruction,12,3,9
49229,Juwi,frostmourne,288,warlock,destruction,12,3,9
49230,Rabiesdot,tichondrius,288,warlock,destruction,12,3,9
49231,Zeshlo,firetree,288,warlock,destruction,12,3,9
49232,Demonâ,ragnaros,288,warlock,destruction,12,3,9
49233,Shaddaj,illidan,288,warlock,destruction,12,3,9
49234,Trotndot,dragonmaw,288,warlock,destruction,12,3,9
49235,Gotty,stormrage,288,warlock,destruction,12,3,9
49236,Digylock,kelthuzad,288,warlock,destruction,12,3,9
49237,Reluxify,dalaran,288,warlock,destruction,12,3,9
49238,Gorgaron,zuljin,288,warlock,destruction,12,3,9
49239,Gdpx,malganis,288,warlock,destruction,12,3,9
49240,Zeeref,stormrage,288,warlock,destruction,12,3,9
49241,Belfomént,ragnaros,288,warlock,destruction,12,3,9
49242,Wickedt,ragnaros,288,warlock,destruction,12,3,9
49243,Kkuldan,tichondrius,288,warlock,destruction,12,3,9
49244,Demondays,sargeras,288,warlock,destruction,12,3,9
49245,Fearfactory,lethon,288,warlock,destruction,12,3,9
49246,Dopamine,antonidas,288,warlock,destruction,12,3,9
49247,Voidmãngõ,stormrage,288,warlock,destruction,12,3,9
49248,Mireffect,auchindoun,288,warlock,destruction,12,3,9
49249,Hachiui,galakrond,288,warlock,destruction,12,3,9
49250,Teedub,thrall,288,warlock,destruction,12,3,9
49251,Wyrelock,hyjal,288,warlock,destruction,12,3,9
49252,Cexdragon,tichondrius,288,warlock,destruction,14,3,11
49253,Báál,bleeding-hollow,288,warlock,destruction,18,3,15
49254,Gulliftonan,zuljin,288,warlock,destruction,18,3,15
49255,Brenmen,tichondrius,287,warlock,destruction,6,3,3
49256,Izmadara,frostmane,287,warlock,destruction,6,3,3
49257,Deatthwish,ragnaros,287,warlock,destruction,6,3,3
49258,Trrolling,jubeithos,287,warlock,destruction,12,5,7
49259,Alvatio,tichondrius,287,warlock,destruction,12,3,9
49260,Evilbacon,stormrage,287,warlock,destruction,12,3,9
49261,Deathwishiz,tichondrius,287,warlock,destruction,12,3,9
49262,Drunklockdot,tichondrius,271,warlock,destruction,11,3,8
49263,Ainzeal,nagrand,256,warlock,destruction,10,4,6
49264,Sophia,wildhammer,255,warlock,destruction,8,4,4
49265,Mikejones,dawnbringer,255,warlock,destruction,14,4,10
49266,Draisien,moon-guard,250,warlock,destruction,7,5,2
49267,Kidneystone,emerald-dream,250,warlock,destruction,11,7,4
49268,Warakaso,ragnaros,240,warlock,destruction,9,3,6
49269,ßenafflock,wyrmrest-accord,240,warlock,destruction,9,3,6
49270,Thuglovex,sargeras,239,warlock,destruction,5,3,2
49271,Blightbeast,area-52,239,warlock,destruction,5,3,2
49272,Nawtychannel,aegwynn,239,warlock,destruction,5,3,2
49273,Infectionl,ragnaros,239,warlock,destruction,5,3,2
49274,Alliciia,area-52,234,warlock,destruction,11,5,6
49275,Nozixx,thrall,224,warlock,destruction,10,3,7
49276,Wàtchmebolt,dalvengyr,223,warlock,destruction,8,3,5
49277,Portalgun,tichondrius,192,warlock,destruction,4,3,1
49278,Draindeez,sargeras,192,warlock,destruction,9,3,6
49279,Gibkii,tichondrius,192,warlock,destruction,9,3,6
49280,Æonas,bladefist,192,warlock,destruction,6,2,4
49281,Selitose,illidan,192,warlock,destruction,6,2,4
49282,Nuradzec,illidan,192,warlock,destruction,6,2,4
49283,Oopsíe,nagrand,192,warlock,destruction,6,2,4
49284,Fantumz,illidan,192,warlock,destruction,6,2,4
49285,Nefertarie,illidan,192,warlock,destruction,6,2,4
49286,Mythh,hyjal,192,warlock,destruction,6,2,4
49287,Konarik,nagrand,192,warlock,destruction,6,2,4
49288,Nazug,dark-iron,192,warlock,destruction,6,2,4
49289,Chewpawcabra,tichondrius,192,warlock,destruction,6,2,4
49290,Hadeys,amanthul,192,warlock,destruction,6,2,4
49291,Flixon,tichondrius,192,warlock,destruction,6,2,4
49292,Cholock,anubarak,192,warlock,destruction,6,2,4
49293,Nameflagged,arathor,192,warlock,destruction,6,2,4
49294,Voltshot,tichondrius,192,warlock,destruction,6,2,4
49295,Lazzie,thrall,192,warlock,destruction,6,2,4
49296,Albuuss,daggerspine,192,warlock,destruction,6,2,4
49297,Yellowfevr,thrall,192,warlock,destruction,6,2,4
49298,Dotcòm,illidan,192,warlock,destruction,6,2,4
49299,Afflicmindz,azralon,192,warlock,destruction,6,2,4
49300,Glortheeb,spirestone,192,warlock,destruction,6,2,4
49301,Demonia,dathremar,192,warlock,destruction,6,2,4
49302,Dôctor,tichondrius,192,warlock,destruction,6,2,4
49303,Biznam,tichondrius,192,warlock,destruction,6,2,4
49304,Ourlegacy,tichondrius,192,warlock,destruction,6,2,4
49305,Diablox,silvermoon,192,warlock,destruction,6,2,4
49306,Lexist,darkspear,192,warlock,destruction,6,2,4
49307,Darkbaron,khadgar,192,warlock,destruction,6,2,4
49308,Ðuckworth,azralon,192,warlock,destruction,6,2,4
49309,Fluffylockk,bloodscalp,192,warlock,destruction,6,2,4
49310,Sugarfire,nemesis,192,warlock,destruction,6,2,4
49311,Spicyfingers,illidan,192,warlock,destruction,6,2,4
49312,Sulívan,azralon,192,warlock,destruction,6,2,4
49313,Cynnd,tichondrius,192,warlock,destruction,6,2,4
49314,Bleachkk,tichondrius,192,warlock,destruction,6,2,4
49315,Nüts,blackrock,192,warlock,destruction,6,2,4
49316,Qbl,wyrmrest-accord,192,warlock,destruction,6,2,4
49317,Sinnâcle,illidan,192,warlock,destruction,6,2,4
49318,Nightterrour,frostmourne,192,warlock,destruction,6,2,4
49319,Mutexlock,whisperwind,192,warlock,destruction,6,2,4
49320,Lynnha,wyrmrest-accord,192,warlock,destruction,6,2,4
49321,Asaveyous,wyrmrest-accord,192,warlock,destruction,6,2,4
49322,Savemykoalas,tichondrius,192,warlock,destruction,6,2,4
49323,Shanelle,korgath,192,warlock,destruction,6,2,4
49324,Ruellia,tichondrius,192,warlock,destruction,6,2,4
49325,Marshyl,tichondrius,192,warlock,destruction,6,2,4
49326,Nonamehero,tichondrius,192,warlock,destruction,6,2,4
49327,Innerforce,tichondrius,192,warlock,destruction,6,2,4
49328,Luciffer,windrunner,192,warlock,destruction,6,2,4
49329,Msdotfire,nazjatar,192,warlock,destruction,6,2,4
49330,Srz,stormrage,192,warlock,destruction,6,2,4
49331,Zivira,stormrage,192,warlock,destruction,6,2,4
49332,Kuaa,illidan,192,warlock,destruction,6,2,4
49333,Mothapucka,thrall,192,warlock,destruction,6,2,4
49334,Lolokayhaha,vashj,192,warlock,destruction,6,2,4
49335,Yêrfdog,proudmoore,192,warlock,destruction,6,2,4
49336,Pinguswalrus,stormrage,192,warlock,destruction,6,2,4
49337,Maniacal,shattered-halls,192,warlock,destruction,6,2,4
49338,Cthuga,frostmourne,192,warlock,destruction,6,2,4
49339,Ricklock,aggramar,192,warlock,destruction,6,2,4
49340,Åchse,ragnaros,192,warlock,destruction,6,2,4
49341,Rickystuart,tichondrius,192,warlock,destruction,6,2,4
49342,Lõck,tichondrius,192,warlock,destruction,6,2,4
49343,Gihaewon,tichondrius,192,warlock,destruction,6,2,4
49344,Curaven,emerald-dream,192,warlock,destruction,6,2,4
49345,Morganith,ravenholdt,192,warlock,destruction,6,2,4
49346,Reckzet,stormrage,192,warlock,destruction,6,2,4
49347,Erimegara,ragnaros,192,warlock,destruction,6,2,4
49348,Disapoin,stormrage,192,warlock,destruction,6,2,4
49349,Shredlock,tichondrius,192,warlock,destruction,6,2,4
49350,Idoturmum,frostmourne,192,warlock,destruction,6,2,4
49351,Diabolock,proudmoore,192,warlock,destruction,6,2,4
49352,Geauxst,tichondrius,192,warlock,destruction,6,2,4
49353,Fjklock,nemesis,192,warlock,destruction,6,2,4
49354,Daesire,moon-guard,192,warlock,destruction,6,2,4
49355,Itzlandox,emerald-dream,192,warlock,destruction,6,2,4
49356,Encanis,dalaran,192,warlock,destruction,6,2,4
49357,Dach,moon-guard,192,warlock,destruction,6,2,4
49358,Adalaya,emerald-dream,192,warlock,destruction,6,2,4
49359,Brawndelock,stormrage,192,warlock,destruction,6,2,4
49360,Myidas,quelthalas,192,warlock,destruction,6,2,4
49361,Omegawarlock,quelthalas,192,warlock,destruction,6,2,4
49362,Mlx,proudmoore,192,warlock,destruction,6,2,4
49363,Cronobolts,stormrage,192,warlock,destruction,6,2,4
49364,Gvz,tichondrius,192,warlock,destruction,6,2,4
49365,Vorkaz,moon-guard,192,warlock,destruction,6,2,4
49366,Javaspooky,nemesis,192,warlock,destruction,6,2,4
49367,Cauldron,tichondrius,192,warlock,destruction,6,2,4
49368,Fbgmel,emerald-dream,192,warlock,destruction,6,2,4
49369,Montaine,malganis,192,warlock,destruction,6,2,4
49370,Corruptious,frostmourne,192,warlock,destruction,6,2,4
49371,Dotsin,wyrmrest-accord,192,warlock,destruction,6,2,4
49372,Fstndantilus,moonrunner,192,warlock,destruction,6,2,4
49373,Leine,proudmoore,192,warlock,destruction,6,2,4
49374,Deiformis,malganis,192,warlock,destruction,6,2,4
49375,Amz,grizzly-hills,192,warlock,destruction,6,2,4
49376,Cityswimmer,malganis,192,warlock,destruction,6,2,4
49377,Zephiy,kelthuzad,192,warlock,destruction,6,2,4
49378,Poltergiiest,korgath,192,warlock,destruction,6,2,4
49379,Theredwolf,zuljin,192,warlock,destruction,6,2,4
49380,Hazbussy,kelthuzad,192,warlock,destruction,6,2,4
49381,Apokálipse,frostmourne,192,warlock,destruction,6,2,4
49382,Checkit,zuljin,192,warlock,destruction,6,2,4
49383,Maxice,zuljin,192,warlock,destruction,6,2,4
49384,Toxik,zuljin,192,warlock,destruction,6,2,4
49385,Snailbite,tichondrius,192,warlock,destruction,6,2,4
49386,Tirisfel,tichondrius,192,warlock,destruction,6,2,4
49387,Rococo,emerald-dream,192,warlock,destruction,6,2,4
49388,Theyfearbuda,kelthuzad,192,warlock,destruction,6,2,4
49389,Yordich,kelthuzad,192,warlock,destruction,6,2,4
49390,Zoboo,zuljin,192,warlock,destruction,6,2,4
49391,Raghog,kelthuzad,192,warlock,destruction,6,2,4
49392,Chipt,kelthuzad,192,warlock,destruction,6,2,4
49393,Sorenbjerga,zuljin,192,warlock,destruction,6,2,4
49394,Lostlove,moon-guard,192,warlock,destruction,6,2,4
49395,Abbyshapiro,kelthuzad,192,warlock,destruction,6,2,4
49396,Moistdank,tichondrius,192,warlock,destruction,6,2,4
49397,Nolb,tichondrius,192,warlock,destruction,6,2,4
49398,Hollows,burning-blade,192,warlock,destruction,6,2,4
49399,Seizuresauce,stormrage,192,warlock,destruction,6,2,4
49400,Herewegoagai,zuljin,192,warlock,destruction,6,2,4
49401,Outlanderr,tichondrius,192,warlock,destruction,6,2,4
49402,Camila,lightnings-blade,192,warlock,destruction,6,2,4
49403,Actualjoke,frostmourne,192,warlock,destruction,6,2,4
49404,Xaraki,skullcrusher,192,warlock,destruction,6,2,4
49405,Zlocks,scilla,192,warlock,destruction,6,2,4
49406,Eliraa,frostmourne,192,warlock,destruction,6,2,4
49407,Muffinlol,frostmourne,192,warlock,destruction,6,2,4
49408,Iadminl,moon-guard,192,warlock,destruction,6,2,4
49409,Gaijin,stormrage,192,warlock,destruction,6,2,4
49410,Ibanez,bleeding-hollow,192,warlock,destruction,6,2,4
49411,Vetic,area-52,192,warlock,destruction,6,2,4
49412,Guisls,azralon,192,warlock,destruction,6,2,4
49413,Aksanaa,area-52,192,warlock,destruction,6,2,4
49414,Baalock,frostmourne,192,warlock,destruction,6,2,4
49415,Medusablood,area-52,192,warlock,destruction,6,2,4
49416,Ganggu,tichondrius,192,warlock,destruction,6,2,4
49417,Theboss,arygos,192,warlock,destruction,6,2,4
49418,Locksama,area-52,192,warlock,destruction,6,2,4
49419,Ballpain,sargeras,192,warlock,destruction,6,2,4
49420,Dotzlol,jubeithos,192,warlock,destruction,6,2,4
49421,Gadalann,area-52,192,warlock,destruction,6,2,4
49422,Raisa,chogall,192,warlock,destruction,6,2,4
49423,Ramone,turalyon,192,warlock,destruction,6,2,4
49424,Njunx,queldorei,192,warlock,destruction,6,2,4
49425,Imindanger,frostmourne,192,warlock,destruction,6,2,4
49426,Sinissa,ysondre,192,warlock,destruction,6,2,4
49427,Lilthicy,sargeras,192,warlock,destruction,6,2,4
49428,Lhorgainz,area-52,192,warlock,destruction,6,2,4
49429,Nianas,ysondre,192,warlock,destruction,6,2,4
49430,Sinsky,darkspear,192,warlock,destruction,6,2,4
49431,Oprahofbolts,area-52,192,warlock,destruction,6,2,4
49432,Gundrillas,area-52,192,warlock,destruction,6,2,4
49433,Infant,agamaggan,192,warlock,destruction,6,2,4
49434,Xalcezar,sargeras,192,warlock,destruction,6,2,4
49435,Ðamndaddy,sargeras,192,warlock,destruction,6,2,4
49436,Aashes,doomhammer,192,warlock,destruction,6,2,4
49437,Petez,sargeras,192,warlock,destruction,6,2,4
49438,Deanwarlock,sargeras,192,warlock,destruction,6,2,4
49439,Wodinskol,sargeras,192,warlock,destruction,6,2,4
49440,Twospliff,sargeras,192,warlock,destruction,10,3,7
49441,Lîch,thunderlord,192,warlock,destruction,8,2,6
49442,Altairo,illidan,192,warlock,destruction,8,2,6
49443,Whydemono,tichondrius,192,warlock,destruction,10,2,8
49444,Abramerlin,tichondrius,192,warlock,destruction,12,2,10
49445,Hadés,aerie-peak,192,warlock,destruction,12,2,10
49446,Moknuhg,emerald-dream,192,warlock,destruction,12,2,10
49447,Daggondai,tichondrius,192,warlock,destruction,12,2,10
49448,Luntrazz,arthas,192,warlock,destruction,12,2,10
49449,Asumi,nemesis,192,warlock,destruction,12,2,10
49450,Bladebank,kirin-tor,192,warlock,destruction,12,2,10
49451,Kandrus,moon-guard,192,warlock,destruction,12,2,10
49452,Wizie,arthas,192,warlock,destruction,12,2,10
49453,Beamac,cenarius,192,warlock,destruction,14,2,12
49454,Pangppi,tichondrius,192,warlock,destruction,24,2,22
49455,Mystickittie,aerie-peak,191,warlock,destruction,6,2,4
49456,Erindevil,demon-soul,191,warlock,destruction,12,2,10
49457,Eldrien,spirestone,191,warlock,destruction,12,2,10
49458,Epicgaymer,zuljin,175,warlock,destruction,8,3,5
49459,Hayhatchie,nagrand,159,warlock,destruction,5,2,3
49460,Dotyoazz,stormrage,159,warlock,destruction,5,2,3
49461,Eatmyboltz,hyjal,159,warlock,destruction,5,2,3
49462,Prds,illidan,159,warlock,destruction,5,2,3
49463,Fearfeaster,tichondrius,159,warlock,destruction,5,2,3
49464,Katarameni,tortheldrin,138,warlock,destruction,7,4,3
49465,Blakedogx,tichondrius,138,warlock,destruction,8,3,5
49466,Ganondolph,sargeras,138,warlock,destruction,9,3,6
49467,Catarina,kaelthas,128,warlock,destruction,4,2,2
49468,Miggazzizle,senjin,128,warlock,destruction,4,2,2
49469,Hentailust,kiljaeden,128,warlock,destruction,4,2,2
49470,Thegoatmen,stormrage,128,warlock,destruction,4,2,2
49471,Conilus,malganis,128,warlock,destruction,4,2,2
49472,Rosacrutian,tichondrius,128,warlock,destruction,4,2,2
49473,Oreo,velen,112,warlock,destruction,7,2,5
49474,Crankak,zuljin,96,warlock,destruction,3,2,1
49475,Goodforyou,stormscale,96,warlock,destruction,3,2,1
49476,Willsayan,ragnaros,96,warlock,destruction,3,2,1
49477,Crushbucket,stormreaver,96,warlock,destruction,6,1,5
49478,Jiwonpark,goldrinn,96,warlock,destruction,6,1,5
49479,Deadlockz,stormrage,96,warlock,destruction,6,1,5
49480,Clias,galakrond,96,warlock,destruction,6,1,5
49481,Wickedicky,alleria,96,warlock,destruction,6,1,5
49482,Druzzaj,thrall,96,warlock,destruction,6,1,5
49483,Kurtcodrain,blackhand,96,warlock,destruction,6,1,5
49484,Yuengling,illidan,96,warlock,destruction,6,1,5
49485,Lockedinn,mannoroth,96,warlock,destruction,6,1,5
49486,Seutóóbinha,stormrage,96,warlock,destruction,6,1,5
49487,Lizlock,stormrage,96,warlock,destruction,6,1,5
49488,Apothokary,stormrage,96,warlock,destruction,6,1,5
49489,Voky,whisperwind,96,warlock,destruction,6,1,5
49490,Vandenso,stormrage,96,warlock,destruction,6,1,5
49491,Meinhundin,stormrage,96,warlock,destruction,6,1,5
49492,Taoloni,stormrage,96,warlock,destruction,6,1,5
49493,Dotomizer,moonrunner,96,warlock,destruction,6,1,5
49494,Brothadoinks,zuljin,96,warlock,destruction,6,1,5
49495,Mcpickl,illidan,96,warlock,destruction,6,1,5
49496,Darkmatter,frostmourne,96,warlock,destruction,6,1,5
49497,Darkestholy,illidan,96,warlock,destruction,6,1,5
49498,Mílkduds,zuljin,96,warlock,destruction,6,1,5
49499,Plaguedoctor,stormrage,96,warlock,destruction,6,1,5
49500,Koillock,bleeding-hollow,96,warlock,destruction,6,1,5
49501,Gsr,bleeding-hollow,96,warlock,destruction,6,1,5
49502,Kunshii,bleeding-hollow,96,warlock,destruction,6,1,5
49503,Catdog,bleeding-hollow,96,warlock,destruction,6,1,5
49504,Thehempress,magtheridon,96,warlock,destruction,6,1,5
49505,Wesyane,anetheron,96,warlock,destruction,6,1,5
49506,Demonellea,frostmourne,96,warlock,destruction,6,1,5
49507,Heffyboi,frostmourne,96,warlock,destruction,6,1,5
49508,Toelickerx,illidan,96,warlock,destruction,6,1,5
49509,Imortalchaos,dentarg,96,warlock,destruction,6,1,5
49510,Bosshoglock,whisperwind,96,warlock,destruction,6,1,5
49511,Elaïla,area-52,96,warlock,destruction,6,1,5
49512,Killulock,area-52,96,warlock,destruction,6,1,5
49513,Scatach,area-52,96,warlock,destruction,6,1,5
49514,Lazymongoose,frostmourne,96,warlock,destruction,6,1,5
49515,Xaryus,barthilas,96,warlock,destruction,6,1,5
49516,Yallsdead,frostmourne,96,warlock,destruction,6,1,5
49517,Taddedlock,kelthuzad,96,warlock,destruction,6,1,5
49518,Mônkêy,kelthuzad,96,warlock,destruction,6,1,5
49519,Bitrot,jubeithos,96,warlock,destruction,6,1,5
49520,Biigdaddyy,kelthuzad,96,warlock,destruction,6,1,5
49521,Gamecobra,greymane,96,warlock,destruction,6,1,5
49522,Bfaclâssic,zuljin,96,warlock,destruction,6,1,5
49523,Vexxes,malganis,96,warlock,destruction,6,1,5
49524,Acribal,quelthalas,96,warlock,destruction,6,1,5
49525,Däemön,area-52,96,warlock,destruction,6,1,5
49526,Karpawarlock,ragnaros,96,warlock,destruction,6,1,5
49527,Rëappér,ragnaros,96,warlock,destruction,6,1,5
49528,Hinatasu,greymane,96,warlock,destruction,6,1,5
49529,Lawkdown,dark-iron,96,warlock,destruction,6,1,5
49530,Lokiiee,azuremyst,96,warlock,destruction,6,1,5
49531,Rennik,haomarush,96,warlock,destruction,6,1,5
49532,Kraguenöth,drakkari,96,warlock,destruction,6,1,5
49533,Diddy,arygos,96,warlock,destruction,6,1,5
49534,Kuasta,shadowmoon,96,warlock,destruction,6,1,5
49535,Vendareth,earthen-ring,96,warlock,destruction,6,1,5
49536,Badufin,azralon,96,warlock,destruction,6,1,5
49537,Tubarão,azralon,96,warlock,destruction,6,1,5
49538,Chilevael,sargeras,96,warlock,destruction,6,1,5
49539,Amour,wyrmrest-accord,96,warlock,destruction,6,1,5
49540,Vexria,wyrmrest-accord,96,warlock,destruction,6,1,5
49541,Kothoped,wyrmrest-accord,96,warlock,destruction,6,1,5
49542,Cursenkill,sargeras,96,warlock,destruction,6,1,5
49543,Shidded,lightbringer,96,warlock,destruction,6,1,5
49544,Evalovia,hyjal,96,warlock,destruction,6,1,5
49545,Adlfcritler,emerald-dream,96,warlock,destruction,6,1,5
49546,Radii,bladefist,96,warlock,destruction,6,1,5
49547,Lilcarmy,emerald-dream,96,warlock,destruction,6,1,5
49548,Kaotiq,area-52,96,warlock,destruction,6,1,5
49549,Siaokuai,tichondrius,96,warlock,destruction,6,1,5
49550,Monstir,sargeras,96,warlock,destruction,6,1,5
49551,Infear,area-52,96,warlock,destruction,6,1,5
49552,Medivhz,tichondrius,96,warlock,destruction,6,1,5
49553,Siinistuh,tichondrius,96,warlock,destruction,6,1,5
49554,Projecto,tichondrius,96,warlock,destruction,6,1,5
49555,Cornboil,tichondrius,96,warlock,destruction,6,1,5
49556,Proletariat,moon-guard,96,warlock,destruction,6,1,5
49557,Ursuxus,moon-guard,96,warlock,destruction,6,1,5
49558,Lokinzz,tichondrius,96,warlock,destruction,6,1,5
49559,Delaye,tichondrius,96,warlock,destruction,6,1,5
49560,Alcorick,moon-guard,96,warlock,destruction,6,1,5
49561,Saytiri,tichondrius,96,warlock,destruction,6,1,5
49562,Gulgrin,eldrethalas,96,warlock,destruction,6,1,5
49563,Winstonblack,moon-guard,96,warlock,destruction,6,1,5
49564,Lucifuhrerr,tichondrius,96,warlock,destruction,6,1,5
49565,Auntzhang,tichondrius,96,warlock,destruction,6,1,5
49566,Basticor,moon-guard,96,warlock,destruction,6,1,5
49567,Spellbøund,malorne,96,warlock,destruction,6,1,5
49568,Charlîe,vashj,96,warlock,destruction,6,1,5
49569,Niubeelol,tichondrius,96,warlock,destruction,6,1,5
49570,Demonist,moon-guard,96,warlock,destruction,6,1,5
49571,Fearxd,maiev,96,warlock,destruction,6,1,5
49572,Mazip,vashj,96,warlock,destruction,6,1,5
49573,Resima,stormscale,96,warlock,destruction,6,1,5
49574,Jill,thunderhorn,96,warlock,destruction,6,1,5
49575,Rudeuss,kiljaeden,96,warlock,destruction,6,1,5
49576,Pspot,kiljaeden,96,warlock,destruction,6,1,5
49577,Sheara,silver-hand,96,warlock,destruction,6,1,5
49578,Wherelock,area-52,96,warlock,destruction,7,1,6
49579,Mythsubpar,tichondrius,96,warlock,destruction,12,1,11
49580,Ashlëen,ragnaros,96,warlock,destruction,12,1,11
49581,Nekranis,thrall,96,warlock,destruction,12,1,11
49582,Anubís,vashj,79,warlock,destruction,5,1,4
49583,Felse,stormrage,64,warlock,destruction,10,1,9
49584,Cokelime,sargeras,63,warlock,destruction,2,2,0
49585,Bagn,tichondrius,63,warlock,destruction,2,2,0
49586,Thiccdoinkz,tichondrius,63,warlock,destruction,2,2,0
49587,Clevingert,frostmourne,48,warlock,destruction,3,1,2
49588,Aoneandatwo,proudmoore,48,warlock,destruction,3,1,2
49589,Kosugi,kelthuzad,42,warlock,destruction,8,2,6
49590,Earllock,sargeras,31,warlock,destruction,2,1,1
49591,Jusmessin,tichondrius,31,warlock,destruction,2,1,1
49592,Moräl,frostmourne,31,warlock,destruction,2,1,1
49593,Amarexd,stormrage,31,warlock,destruction,2,1,1
49594,Emurog,icecrown,30,warlock,destruction,12,6,6
49595,Lazygnom,azshara,16,warlock,destruction,1,1,0
49596,Goofhu,sargeras,2270,warlock,affliction,102,62,40
49597,Exgenshinpro,proudmoore,2257,warlock,affliction,160,89,71
49598,Yandhi,bronzebeard,2129,warlock,affliction,46,30,16
49599,Dewandoritos,kelthuzad,2127,warlock,affliction,153,76,77
49600,Dotdzdotdoze,tichondrius,2106,warlock,affliction,245,131,114
49601,Goofgg,sargeras,2039,warlock,affliction,312,153,159
49602,Rangz,tichondrius,1983,warlock,affliction,84,45,39
49603,Tcchiu,tichondrius,1982,warlock,affliction,35,24,11
49604,Sphoo,tichondrius,1971,warlock,affliction,82,42,40
49605,Kålêïðøsçøpê,sargeras,1965,warlock,affliction,42,24,18
49606,Exódia,tichondrius,1957,warlock,affliction,147,76,71
49607,Gekku,ragnaros,1917,warlock,affliction,83,49,34
49608,Hyoozy,illidan,1907,warlock,affliction,100,57,43
49609,Diminish,sargeras,1894,warlock,affliction,90,44,46
49610,Dyenamik,stormrage,1891,warlock,affliction,60,33,27
49611,Arityy,tichondrius,1887,warlock,affliction,90,46,44
49612,Burtreynolds,shattered-hand,1884,warlock,affliction,54,30,24
49613,Cumbledora,kelthuzad,1878,warlock,affliction,48,30,18
49614,Rangrang,tichondrius,1873,warlock,affliction,108,51,57
49615,Octopus,nerzhul,1872,warlock,affliction,64,33,31
49616,Yellowfevr,thrall,1870,warlock,affliction,48,27,21
49617,Jukethisxo,tichondrius,1863,warlock,affliction,99,59,40
49618,Pardoned,stormrage,1859,warlock,affliction,41,20,21
49619,Prnhbgødx,sargeras,1850,warlock,affliction,48,26,22
49620,Boyahancook,tichondrius,1849,warlock,affliction,88,47,41
49621,Lostlock,sargeras,1847,warlock,affliction,120,68,52
49622,Hiro,steamwheedle-cartel,1829,warlock,affliction,99,56,43
49623,Fallenis,proudmoore,1825,warlock,affliction,48,28,20
49624,Renosa,illidan,1818,warlock,affliction,57,32,25
49625,Lockhippo,illidan,1818,warlock,affliction,58,30,28
49626,Bugbugg,tichondrius,1814,warlock,affliction,51,38,13
49627,Woopie,malfurion,1809,warlock,affliction,53,29,24
49628,Hilzin,area-52,1808,warlock,affliction,66,40,26
49629,Dotplaystyle,blackrock,1806,warlock,affliction,90,42,48
49630,Widenose,agamaggan,1805,warlock,affliction,47,29,18
49631,Warlocknroll,frostmourne,1803,warlock,affliction,47,21,26
49632,Dröwzy,sargeras,1801,warlock,affliction,48,25,23
49633,Conradlenoir,illidan,1800,warlock,affliction,41,24,17
49634,Phlares,stormrage,1798,warlock,affliction,71,30,41
49635,Oymmander,illidan,1795,warlock,affliction,30,22,8
49636,Vialdkaseun,muradin,1789,warlock,affliction,108,56,52
49637,Limeriax,emerald-dream,1782,warlock,affliction,120,65,55
49638,Lockprocz,kirin-tor,1779,warlock,affliction,48,24,24
49639,Lucyloux,sargeras,1775,warlock,affliction,40,23,17
49640,Strudelfears,tichondrius,1772,warlock,affliction,95,66,29
49641,Gry,malganis,1767,warlock,affliction,34,19,15
49642,Portalgun,tichondrius,1764,warlock,affliction,54,30,24
49643,Duukka,malganis,1763,warlock,affliction,47,28,19
49644,Fancynuts,kiljaeden,1754,warlock,affliction,54,27,27
49645,Ezgamejr,tichondrius,1740,warlock,affliction,52,30,22
49646,Baxmoney,malganis,1740,warlock,affliction,48,19,29
49647,Jimmyvagene,area-52,1736,warlock,affliction,59,26,33
49648,Matrielan,azshara,1730,warlock,affliction,114,70,44
49649,Beetlejoos,stormreaver,1727,warlock,affliction,86,46,40
49650,Eh,laughing-skull,1717,warlock,affliction,132,65,67
49651,Àfflìction,tichondrius,1709,warlock,affliction,107,58,49
49652,Înfy,sargeras,1703,warlock,affliction,30,18,12
49653,Locklist,frostmourne,1695,warlock,affliction,78,41,37
49654,Fatals,thrall,1695,warlock,affliction,60,31,29
49655,Salival,chogall,1686,warlock,affliction,34,20,14
49656,Cslice,magtheridon,1686,warlock,affliction,36,20,16
49657,Beamin,dentarg,1683,warlock,affliction,42,27,15
49658,Bigdammich,bleeding-hollow,1674,warlock,affliction,54,29,25
49659,Mornnah,dalaran,1671,warlock,affliction,162,72,90
49660,Liarz,tichondrius,1667,warlock,affliction,72,36,36
49661,Swath,firetree,1648,warlock,affliction,42,20,22
49662,Kopium,tichondrius,1645,warlock,affliction,36,24,12
49663,Dpz,spirestone,1645,warlock,affliction,30,18,12
49664,Dottcha,blackrock,1643,warlock,affliction,60,37,23
49665,Ticktickdoom,sargeras,1641,warlock,affliction,80,38,42
49666,Blackchinese,zuljin,1638,warlock,affliction,77,48,29
49667,Wojii,kelthuzad,1636,warlock,affliction,44,24,20
49668,Slendyman,stormrage,1627,warlock,affliction,30,17,13
49669,Unsee,sargeras,1623,warlock,affliction,54,33,21
49670,Mattypatty,the-forgotten-coast,1623,warlock,affliction,66,38,28
49671,Sventka,ragnaros,1619,warlock,affliction,340,172,168
49672,Cuteboy,tichondrius,1611,warlock,affliction,84,57,27
49673,Cocaineparty,tichondrius,1611,warlock,affliction,108,52,56
49674,Urwjoa,tichondrius,1609,warlock,affliction,74,39,35
49675,Jkun,malganis,1608,warlock,affliction,126,70,56
49676,Slothycrip,emerald-dream,1606,warlock,affliction,59,33,26
49677,Fasteddywow,arygos,1603,warlock,affliction,71,41,30
49678,Tjdotter,stormrage,1600,warlock,affliction,30,19,11
49679,Pykorrg,ragnaros,1600,warlock,affliction,47,23,24
49680,Demonkiiller,kelthuzad,1597,warlock,affliction,49,25,24
49681,Uggaboogga,malganis,1597,warlock,affliction,36,17,19
49682,Wardyn,dragonmaw,1596,warlock,affliction,48,19,29
49683,Waifucandy,tichondrius,1588,warlock,affliction,60,29,31
49684,Mechnite,sargeras,1586,warlock,affliction,67,31,36
49685,Xentzor,auchindoun,1585,warlock,affliction,78,39,39
49686,Parmenides,tichondrius,1584,warlock,affliction,210,110,100
49687,Damage,khadgar,1584,warlock,affliction,66,33,33
49688,Lessthanjake,zuljin,1582,warlock,affliction,30,21,9
49689,Babydots,stormreaver,1579,warlock,affliction,29,18,11
49690,Nightkiss,sargeras,1578,warlock,affliction,48,22,26
49691,Dotte,tichondrius,1572,warlock,affliction,36,26,10
49692,Vardros,moon-guard,1571,warlock,affliction,48,25,23
49693,Sìnister,nazgrel,1569,warlock,affliction,77,49,28
49694,Evarona,gorefiend,1565,warlock,affliction,49,23,26
49695,Stalezz,barthilas,1559,warlock,affliction,62,33,29
49696,Aomniloltv,zuljin,1559,warlock,affliction,140,74,66
49697,Hauntgød,tichondrius,1558,warlock,affliction,66,38,28
49698,Freddiewill,tichondrius,1557,warlock,affliction,35,23,12
49699,Aroug,aggramar,1552,warlock,affliction,62,37,25
49700,Squirtwee,frostmourne,1543,warlock,affliction,54,24,30
49701,Mitryc,illidan,1540,warlock,affliction,55,26,29
49702,Zeraedify,bleeding-hollow,1540,warlock,affliction,36,17,19
49703,Chilipeppa,wyrmrest-accord,1538,warlock,affliction,82,39,43
49704,Tsalagi,sargeras,1535,warlock,affliction,127,71,56
49705,Elend,elune,1534,warlock,affliction,36,25,11
49706,Ðåntë,thrall,1532,warlock,affliction,62,32,30
49707,Methrocks,emerald-dream,1529,warlock,affliction,64,39,25
49708,Knothy,proudmoore,1527,warlock,affliction,36,16,20
49709,Zod,burning-legion,1525,warlock,affliction,36,17,19
49710,Dirtydotting,nerzhul,1524,warlock,affliction,30,17,13
49711,Thecat,shattered-hand,1523,warlock,affliction,18,16,2
49712,Erolidra,blackrock,1519,warlock,affliction,30,16,14
49713,Soulripped,area-52,1514,warlock,affliction,64,36,28
49714,Yanned,hakkar,1514,warlock,affliction,99,51,48
49715,Xoxoxoxoxo,lightnings-blade,1513,warlock,affliction,70,33,37
49716,Tyicuslok,tichondrius,1510,warlock,affliction,60,31,29
49717,Sheboy,moon-guard,1509,warlock,affliction,96,52,44
49718,Laurela,aegwynn,1508,warlock,affliction,60,28,32
49719,Sillyrabbut,kelthuzad,1507,warlock,affliction,174,89,85
49720,Forcedbeejay,sargeras,1502,warlock,affliction,48,24,24
49721,Mørøs,tichondrius,1501,warlock,affliction,66,43,23
49722,Loodle,moon-guard,1494,warlock,affliction,47,23,24
49723,Stopdot,lightnings-blade,1492,warlock,affliction,71,37,34
49724,Dautenit,illidan,1490,warlock,affliction,71,34,37
49725,Infecçäo,stormrage,1488,warlock,affliction,40,21,19
49726,Adeadsaint,boulderfist,1475,warlock,affliction,35,19,16
49727,Moräl,frostmourne,1470,warlock,affliction,51,25,26
49728,Skoobler,tichondrius,1468,warlock,affliction,93,53,40
49729,Crazikrix,area-52,1466,warlock,affliction,49,26,23
49730,Juleno,quelthalas,1458,warlock,affliction,30,17,13
49731,Yisuschríst,quelthalas,1453,warlock,affliction,39,23,16
49732,Tizl,tichondrius,1452,warlock,affliction,138,68,70
49733,Justganmore,tichondrius,1449,warlock,affliction,54,29,25
49734,Fowll,frostwolf,1440,warlock,affliction,109,67,42
49735,Dghuldahn,bleeding-hollow,1436,warlock,affliction,60,35,25
49736,Fatherbolt,tichondrius,1433,warlock,affliction,24,15,9
49737,Dlarenn,kelthuzad,1432,warlock,affliction,30,15,15
49738,Muffîn,moon-guard,1426,warlock,affliction,43,23,20
49739,Maxcorrupted,sargeras,1424,warlock,affliction,30,17,13
49740,Sinápsís,ragnaros,1423,warlock,affliction,24,15,9
49741,Varvanta,proudmoore,1420,warlock,affliction,48,18,30
49742,Garthbrookz,bleeding-hollow,1418,warlock,affliction,63,29,34
49743,Soulcore,area-52,1416,warlock,affliction,24,15,9
49744,Fearfaze,tichondrius,1411,warlock,affliction,30,15,15
49745,Marà,ragnaros,1409,warlock,affliction,45,18,27
49746,Benafflock,kaelthas,1408,warlock,affliction,30,15,15
49747,Dårkfyre,kiljaeden,1406,warlock,affliction,24,15,9
49748,Torowasabi,tichondrius,1406,warlock,affliction,47,24,23
49749,Sîthfu,tichondrius,1406,warlock,affliction,35,16,19
49750,Purp,vashj,1405,warlock,affliction,32,16,16
49751,Elliarquet,akama,1404,warlock,affliction,106,52,54
49752,Yuckytoetoe,emerald-dream,1400,warlock,affliction,42,24,18
49753,Deangood,tichondrius,1399,warlock,affliction,24,15,9
49754,Cantibor,illidan,1398,warlock,affliction,112,60,52
49755,Lockneo,stormrage,1395,warlock,affliction,126,72,54
49756,Diosban,malganis,1391,warlock,affliction,48,20,28
49757,Äffie,aerie-peak,1390,warlock,affliction,138,67,71
49758,Morgil,suramar,1389,warlock,affliction,39,20,19
49759,Chachanoobx,sargeras,1387,warlock,affliction,48,23,25
49760,Captrollol,tichondrius,1385,warlock,affliction,44,27,17
49761,Soloart,tichondrius,1385,warlock,affliction,36,15,21
49762,Winipuhmalo,quelthalas,1384,warlock,affliction,59,33,26
49763,Sweetjuly,area-52,1378,warlock,affliction,48,31,17
49764,Aerumna,barthilas,1378,warlock,affliction,30,15,15
49765,Boreo,ragnaros,1376,warlock,affliction,42,20,22
49766,Gordaroth,barthilas,1372,warlock,affliction,35,21,14
49767,Nicodareus,hellscream,1369,warlock,affliction,45,25,20
49768,Søül,tichondrius,1368,warlock,affliction,42,21,21
49769,Hairydotter,doomhammer,1365,warlock,affliction,42,24,18
49770,Munick,spirestone,1365,warlock,affliction,30,17,13
49771,Snuffe,vashj,1364,warlock,affliction,38,24,14
49772,Arillus,thrall,1364,warlock,affliction,53,29,24
49773,Benaffllock,turalyon,1363,warlock,affliction,24,15,9
49774,Acceptdeath,stormrage,1362,warlock,affliction,30,17,13
49775,Jumlock,illidan,1361,warlock,affliction,42,23,19
49776,Mèsut,malganis,1357,warlock,affliction,30,22,8
49777,Feoona,hyjal,1354,warlock,affliction,66,38,28
49778,Eilethen,cenarion-circle,1350,warlock,affliction,34,15,19
49779,Nutted,dentarg,1342,warlock,affliction,24,14,10
49780,Steven,firetree,1342,warlock,affliction,24,14,10
49781,Hemmlock,moknathal,1342,warlock,affliction,39,19,20
49782,Dotpocket,runetotem,1342,warlock,affliction,36,14,22
49783,Irene,nagrand,1341,warlock,affliction,37,23,14
49784,Ialfizzle,dethecus,1340,warlock,affliction,72,33,39
49785,Vaalac,tichondrius,1339,warlock,affliction,380,180,200
49786,Grimdreams,malganis,1335,warlock,affliction,25,14,11
49787,Karpawarlock,ragnaros,1334,warlock,affliction,66,36,30
49788,Fatuglyegirl,sargeras,1331,warlock,affliction,63,30,33
49789,Warakaso,ragnaros,1326,warlock,affliction,42,28,14
49790,Tuerie,illidan,1326,warlock,affliction,25,16,9
49791,Dippindots,boulderfist,1324,warlock,affliction,104,49,55
49792,Yyoyo,tichondrius,1318,warlock,affliction,36,24,12
49793,Mïer,tichondrius,1315,warlock,affliction,77,41,36
49794,Dercrow,quelthalas,1314,warlock,affliction,38,21,17
49795,Squasum,sargeras,1307,warlock,affliction,83,47,36
49796,Atraedes,moon-guard,1304,warlock,affliction,68,37,31
49797,Côp,tichondrius,1303,warlock,affliction,65,28,37
49798,Violentx,tichondrius,1301,warlock,affliction,45,20,25
49799,Castngcouch,tichondrius,1296,warlock,affliction,117,62,55
49800,Fluffylockk,bloodscalp,1295,warlock,affliction,52,26,26
49801,Punished,arthas,1293,warlock,affliction,56,30,26
49802,Felegance,proudmoore,1289,warlock,affliction,31,15,16
49803,Whathurts,tichondrius,1287,warlock,affliction,32,23,9
49804,Zinkro,quelthalas,1286,warlock,affliction,82,47,35
49805,Eyedot,stormscale,1285,warlock,affliction,24,18,6
49806,Aights,zuljin,1284,warlock,affliction,62,21,41
49807,Ysnou,nemesis,1283,warlock,affliction,42,24,18
49808,Beelzismurph,emerald-dream,1281,warlock,affliction,63,31,32
49809,Gregg,laughing-skull,1276,warlock,affliction,150,80,70
49810,Kreatur,ragnaros,1276,warlock,affliction,36,17,19
49811,Novichok,amanthul,1276,warlock,affliction,36,15,21
49812,Moxz,garona,1275,warlock,affliction,54,20,34
49813,Aalkaid,dathremar,1273,warlock,affliction,54,31,23
49814,Zamorakk,nemesis,1272,warlock,affliction,58,33,25
49815,Ragnalock,laughing-skull,1270,warlock,affliction,24,14,10
49816,Volsace,moon-guard,1267,warlock,affliction,30,14,16
49817,Lisaleda,stormrage,1263,warlock,affliction,30,16,14
49818,Pipeo,quelthalas,1261,warlock,affliction,108,62,46
49819,Sinesta,bleeding-hollow,1260,warlock,affliction,30,15,15
49820,Wallow,thunderhorn,1258,warlock,affliction,65,34,31
49821,Snuzzock,darkspear,1254,warlock,affliction,35,14,21
49822,Spi,chogall,1250,warlock,affliction,134,63,71
49823,Xicó,tichondrius,1248,warlock,affliction,47,20,27
49824,Barovir,tichondrius,1247,warlock,affliction,18,13,5
49825,Imadotyasan,shandris,1246,warlock,affliction,18,13,5
49826,Gurlock,illidan,1246,warlock,affliction,42,26,16
49827,Mindfulchimp,sargeras,1246,warlock,affliction,50,21,29
49828,Quitxmanlm,tichondrius,1245,warlock,affliction,24,13,11
49829,Stonelocke,area-52,1242,warlock,affliction,30,14,16
49830,Eraticlock,illidan,1237,warlock,affliction,25,13,12
49831,Tohkisaeki,dalaran,1236,warlock,affliction,36,20,16
49832,Reckzet,stormrage,1234,warlock,affliction,24,13,11
49833,Lilliara,korgath,1232,warlock,affliction,41,16,25
49834,Mymmic,ragnaros,1230,warlock,affliction,82,37,45
49835,Livingdead,dreadmaul,1228,warlock,affliction,24,13,11
49836,Cascades,icecrown,1228,warlock,affliction,37,19,18
49837,Koiboii,tichondrius,1226,warlock,affliction,18,13,5
49838,Lilpewpeww,bleeding-hollow,1226,warlock,affliction,117,60,57
49839,Baiano,nagrand,1225,warlock,affliction,40,15,25
49840,Aeonss,stormrage,1222,warlock,affliction,42,19,23
49841,Killernix,drakkari,1219,warlock,affliction,54,29,25
49842,Juniorsalanu,quelthalas,1219,warlock,affliction,97,43,54
49843,Kogath,thunderlord,1209,warlock,affliction,53,29,24
49844,Phelly,frostmourne,1205,warlock,affliction,75,41,34
49845,Coolwipp,demon-soul,1203,warlock,affliction,145,70,75
49846,Yoyoling,illidan,1200,warlock,affliction,82,43,39
49847,Zaliki,hellscream,1191,warlock,affliction,30,20,10
49848,Bashel,sargeras,1185,warlock,affliction,51,32,19
49849,Valtimorh,ragnaros,1182,warlock,affliction,24,13,11
49850,Thoxy,barthilas,1182,warlock,affliction,36,14,22
49851,Eightyfall,barthilas,1180,warlock,affliction,40,17,23
49852,Nedrien,moon-guard,1177,warlock,affliction,48,27,21
49853,Batär,area-52,1171,warlock,affliction,62,26,36
49854,Saltyfries,wildhammer,1165,warlock,affliction,42,14,28
49855,Poltergiiest,korgath,1164,warlock,affliction,24,13,11
49856,Khatrat,azralon,1164,warlock,affliction,106,43,63
49857,Sammythebull,frostwolf,1159,warlock,affliction,32,17,15
49858,Finnek,moon-guard,1155,warlock,affliction,30,17,13
49859,Promann,drakkari,1151,warlock,affliction,12,12,0
49860,Háydn,azuremyst,1151,warlock,affliction,18,12,6
49861,Guldåniel,tichondrius,1150,warlock,affliction,18,12,6
49862,Kruxxqt,illidan,1150,warlock,affliction,24,12,12
49863,Kyugin,goldrinn,1148,warlock,affliction,18,12,6
49864,Rakshama,chogall,1148,warlock,affliction,24,12,12
49865,Zeviaem,quelthalas,1146,warlock,affliction,24,12,12
49866,Necroñomicon,malganis,1145,warlock,affliction,18,12,6
49867,Iainmbanks,barthilas,1143,warlock,affliction,226,104,122
49868,Disneytoon,moon-guard,1141,warlock,affliction,30,12,18
49869,Studious,sargeras,1139,warlock,affliction,26,15,11
49870,Buucocky,proudmoore,1136,warlock,affliction,30,16,14
49871,Skrufenjoyer,sargeras,1136,warlock,affliction,75,35,40
49872,Sugarwaffles,area-52,1135,warlock,affliction,18,12,6
49873,Ikis,cenarion-circle,1134,warlock,affliction,24,15,9
49874,Yosuljaengi,stormrage,1132,warlock,affliction,78,36,42
49875,Fearocity,argent-dawn,1130,warlock,affliction,33,15,18
49876,Azâziel,ragnaros,1128,warlock,affliction,35,17,18
49877,Flangy,kiljaeden,1123,warlock,affliction,84,33,51
49878,Mothapucka,thrall,1123,warlock,affliction,36,12,24
49879,Päinoth,wyrmrest-accord,1122,warlock,affliction,42,26,16
49880,Drskeeters,malganis,1116,warlock,affliction,26,13,13
49881,Zrx,proudmoore,1115,warlock,affliction,69,27,42
49882,Beetlegiese,doomhammer,1114,warlock,affliction,40,19,21
49883,Sylencia,demon-soul,1107,warlock,affliction,36,13,23
49884,Auntzhang,tichondrius,1101,warlock,affliction,29,12,17
49885,Phøbøs,hyjal,1099,warlock,affliction,24,13,11
49886,Dipdip,illidan,1097,warlock,affliction,63,25,38
49887,Slakiejr,darkspear,1087,warlock,affliction,16,12,4
49888,Medallok,laughing-skull,1078,warlock,affliction,48,27,21
49889,Elander,azuremyst,1067,warlock,affliction,30,17,13
49890,Swinefrommud,zuljin,1056,warlock,affliction,24,11,13
49891,Albright,azralon,1055,warlock,affliction,18,11,7
49892,Fshi,frostmourne,1051,warlock,affliction,23,13,10
49893,Gateor,zuljin,1051,warlock,affliction,24,11,13
49894,Arcziz,tichondrius,1050,warlock,affliction,24,11,13
49895,Beitrice,barthilas,1050,warlock,affliction,30,11,19
49896,Naburn,tichondrius,1049,warlock,affliction,24,11,13
49897,Razlock,moon-guard,1048,warlock,affliction,24,11,13
49898,Eastwitch,ragnaros,1048,warlock,affliction,24,11,13
49899,Pauldiesel,ragnaros,1048,warlock,affliction,26,11,15
49900,Guacamolock,drakkari,1045,warlock,affliction,24,11,13
49901,Cozu,tichondrius,1045,warlock,affliction,30,11,19
49902,Nazrakin,malganis,1042,warlock,affliction,24,11,13
49903,Mangku,frostmourne,1042,warlock,affliction,46,19,27
49904,Kimis,proudmoore,1042,warlock,affliction,30,11,19
49905,Teaset,hellscream,1039,warlock,affliction,66,33,33
49906,Rorrlex,muradin,1037,warlock,affliction,42,20,22
49907,Berszerk,quelthalas,1037,warlock,affliction,30,11,19
49908,Hungovermate,barthilas,1036,warlock,affliction,18,13,5
49909,Kokoto,azralon,1030,warlock,affliction,54,31,23
49910,Donnellus,frostmane,1028,warlock,affliction,24,14,10
49911,Dirtydeikan,stormrage,1024,warlock,affliction,60,27,33
49912,Basticor,moon-guard,1024,warlock,affliction,42,18,24
49913,Aerozyn,wyrmrest-accord,1013,warlock,affliction,30,17,13
49914,Dreadloxx,whisperwind,1009,warlock,affliction,42,21,21
49915,Duuka,malganis,1008,warlock,affliction,15,12,3
49916,Balveer,tichondrius,1006,warlock,affliction,23,11,12
49917,Darkestholy,illidan,1006,warlock,affliction,23,11,12
49918,Shadöwdancer,uldum,1005,warlock,affliction,24,16,8
49919,Corvos,garrosh,1001,warlock,affliction,32,12,20
49920,Medran,azralon,996,warlock,affliction,62,34,28
49921,Wizlox,illidan,996,warlock,affliction,33,11,22
49922,Miredö,tichondrius,991,warlock,affliction,23,11,12
49923,Whydemono,tichondrius,982,warlock,affliction,26,11,15
49924,Avelmi,daggerspine,964,warlock,affliction,31,11,20
49925,Wardocc,sargeras,962,warlock,affliction,66,31,35
49926,Dotymania,aegwynn,959,warlock,affliction,18,10,8
49927,Catarina,kaelthas,959,warlock,affliction,21,11,10
49928,Niubeelol,tichondrius,959,warlock,affliction,24,10,14
49929,Lapandemica,gorefiend,959,warlock,affliction,24,10,14
49930,Shadowhax,area-52,959,warlock,affliction,24,10,14
49931,Makumbeiro,sargeras,958,warlock,affliction,18,10,8
49932,Malagas,tichondrius,958,warlock,affliction,18,10,8
49933,Wtb,blackrock,958,warlock,affliction,18,10,8
49934,Downing,drakkari,958,warlock,affliction,71,26,45
49935,Xdq,malganis,957,warlock,affliction,27,12,15
49936,Qualio,thrall,957,warlock,affliction,24,10,14
49937,Caustikk,malganis,956,warlock,affliction,18,10,8
49938,Mysoultotake,sargeras,954,warlock,affliction,18,10,8
49939,Munch,khadgar,954,warlock,affliction,24,10,14
49940,Doombaby,zuljin,952,warlock,affliction,18,10,8
49941,Jennifear,sargeras,952,warlock,affliction,18,10,8
49942,Hottyscotty,tichondrius,952,warlock,affliction,30,10,20
49943,Victani,gallywix,946,warlock,affliction,18,10,8
49944,Avadakedávra,darkspear,941,warlock,affliction,18,10,8
49945,Fyahwalka,aggramar,938,warlock,affliction,30,10,20
49946,Littlepain,goldrinn,920,warlock,affliction,24,10,14
49947,Thetopg,bronzebeard,896,warlock,affliction,21,11,10
49948,Popdotdropit,frostwolf,895,warlock,affliction,17,10,7
49949,Britainwl,azshara,892,warlock,affliction,30,13,17
49950,Aikonor,stormrage,873,warlock,affliction,25,10,15
49951,Conboee,tichondrius,864,warlock,affliction,12,9,3
49952,Nöxïöüs,sargeras,864,warlock,affliction,12,9,3
49953,Quitxman,tichondrius,864,warlock,affliction,12,9,3
49954,Crayonchewer,alleria,864,warlock,affliction,18,9,9
49955,Minglocked,proudmoore,864,warlock,affliction,18,9,9
49956,Jfet,sargeras,864,warlock,affliction,18,9,9
49957,Demonycc,archimonde,863,warlock,affliction,12,9,3
49958,Bjarke,malganis,863,warlock,affliction,12,9,3
49959,Halloweèn,kelthuzad,863,warlock,affliction,12,9,3
49960,Twilson,moon-guard,863,warlock,affliction,18,9,9
49961,Búmchúm,frostmourne,863,warlock,affliction,18,9,9
49962,Sslock,sargeras,863,warlock,affliction,18,9,9
49963,Wizxin,emerald-dream,863,warlock,affliction,18,9,9
49964,Hauntx,bonechewer,863,warlock,affliction,21,9,12
49965,Onmyioji,dalaran,862,warlock,affliction,12,9,3
49966,Nerd,fizzcrank,862,warlock,affliction,12,9,3
49967,Curaven,emerald-dream,862,warlock,affliction,18,9,9
49968,Sesyid,tichondrius,862,warlock,affliction,18,9,9
49969,Scarysherri,aggramar,862,warlock,affliction,24,9,15
49970,Thisist,kiljaeden,861,warlock,affliction,12,9,3
49971,Vyntras,kelthuzad,861,warlock,affliction,18,9,9
49972,Nestpas,tichondrius,861,warlock,affliction,18,9,9
49973,Bignoselock,illidan,861,warlock,affliction,18,9,9
49974,Avatar,uldum,861,warlock,affliction,24,9,15
49975,Abyssisle,malygos,860,warlock,affliction,20,10,10
49976,Holloch,bonechewer,860,warlock,affliction,18,9,9
49977,Smockalock,proudmoore,857,warlock,affliction,18,9,9
49978,Tinydotz,hydraxis,856,warlock,affliction,18,10,8
49979,Yratiprocs,ysera,853,warlock,affliction,18,9,9
49980,Chadre,feathermoon,830,warlock,affliction,17,9,8
49981,Obertito,kelthuzad,828,warlock,affliction,16,9,7
49982,Rickrock,gnomeregan,806,warlock,affliction,26,10,16
49983,Mustacheguy,tichondrius,805,warlock,affliction,29,9,20
49984,Buccs,barthilas,799,warlock,affliction,11,9,2
49985,Maelganis,thrall,796,warlock,affliction,17,9,8
49986,Hexxüs,area-52,784,warlock,affliction,19,9,10
49987,Richãrdjr,area-52,768,warlock,affliction,12,8,4
49988,Sadoldman,malganis,768,warlock,affliction,12,8,4
49989,Slothdots,tichondrius,768,warlock,affliction,12,8,4
49990,Dötsonurpp,stormrage,768,warlock,affliction,12,8,4
49991,Hutchyw,tichondrius,768,warlock,affliction,12,8,4
49992,Kåléïðøsçøpè,sargeras,768,warlock,affliction,12,8,4
49993,Idotû,tichondrius,768,warlock,affliction,24,8,16
49994,Wreckquiem,draka,767,warlock,affliction,12,8,4
49995,Losecontrol,illidan,767,warlock,affliction,12,8,4
49996,Herladytha,aegwynn,767,warlock,affliction,12,8,4
49997,Brujoalfa,ragnaros,767,warlock,affliction,12,8,4
49998,Yeepzbytre,bleeding-hollow,767,warlock,affliction,18,8,10
49999,Asetiks,tichondrius,767,warlock,affliction,18,8,10
50000,Oblivious,firetree,767,warlock,affliction,18,8,10
50001,Arkterris,doomhammer,766,warlock,affliction,18,8,10
50002,Flixon,tichondrius,765,warlock,affliction,12,8,4
50003,Çheesestick,dalaran,765,warlock,affliction,18,8,10
50004,Oreo,velen,765,warlock,affliction,24,8,16
50005,Aksness,stormrage,765,warlock,affliction,24,8,16
50006,Dowglips,area-52,763,warlock,affliction,18,8,10
50007,Cássandra,ragnaros,761,warlock,affliction,12,8,4
50008,Radamantîs,ragnaros,761,warlock,affliction,18,8,10
50009,Jakedbtw,crushridge,759,warlock,affliction,12,8,4
50010,Covidkillerr,tichondrius,759,warlock,affliction,13,8,5
50011,Rotfull,burning-legion,751,warlock,affliction,17,8,9
50012,Seecurse,kelthuzad,735,warlock,affliction,17,8,9
50013,Hiddentech,saurfang,719,warlock,affliction,11,8,3
50014,Apéx,frostmourne,716,warlock,affliction,17,8,9
50015,Amgs,frostmourne,714,warlock,affliction,23,11,12
50016,Nuckz,whisperwind,687,warlock,affliction,14,9,5
50017,Ioroselmi,illidan,685,warlock,affliction,19,8,11
50018,Modot,tichondrius,685,warlock,affliction,23,9,14
50019,Charïs,ragnaros,679,warlock,affliction,13,8,5
50020,Dotfearspam,alterac-mountains,679,warlock,affliction,21,8,13
50021,Ellneggro,zuljin,672,warlock,affliction,12,7,5
50022,Delaye,tichondrius,672,warlock,affliction,12,7,5
50023,Bakko,tichondrius,672,warlock,affliction,12,7,5
50024,Kuhio,korgath,672,warlock,affliction,12,7,5
50025,Autotheism,whisperwind,672,warlock,affliction,12,7,5
50026,Necromâncer,stormreaver,672,warlock,affliction,18,7,11
50027,Aruotnof,nemesis,671,warlock,affliction,12,7,5
50028,Glifosáto,quelthalas,671,warlock,affliction,12,7,5
50029,Djminuterice,bleeding-hollow,671,warlock,affliction,12,7,5
50030,Killhorde,thunderlord,671,warlock,affliction,12,7,5
50031,Zurp,wyrmrest-accord,671,warlock,affliction,12,7,5
50032,Louuis,barthilas,671,warlock,affliction,12,7,5
50033,Ãids,khadgar,671,warlock,affliction,12,7,5
50034,Jìbril,stormrage,671,warlock,affliction,18,7,11
50035,Kuoma,boulderfist,670,warlock,affliction,12,7,5
50036,Afflicmindz,azralon,670,warlock,affliction,12,7,5
50037,Skyvre,tichondrius,670,warlock,affliction,12,7,5
50038,Miermortal,tichondrius,670,warlock,affliction,18,7,11
50039,Deusita,kelthuzad,670,warlock,affliction,18,7,11
50040,Magicbones,tichondrius,669,warlock,affliction,15,8,7
50041,Tsmcfker,tichondrius,669,warlock,affliction,22,9,13
50042,Mefound,nerzhul,668,warlock,affliction,12,7,5
50043,Larlock,black-dragonflight,667,warlock,affliction,12,7,5
50044,Zipstream,dark-iron,667,warlock,affliction,24,7,17
50045,Balmir,tichondrius,658,warlock,affliction,18,7,11
50046,Paparoxy,illidan,623,warlock,affliction,15,8,7
50047,Radiscul,dragonmaw,619,warlock,affliction,17,7,10
50048,Bbangtimo,tichondrius,607,warlock,affliction,14,7,7
50049,Cezarz,tichondrius,592,warlock,affliction,13,7,6
50050,Bobbyross,garrosh,576,warlock,affliction,10,7,3
50051,Khil,darkspear,576,warlock,affliction,12,6,6
50052,Sikmagic,kelthuzad,576,warlock,affliction,12,6,6
50053,Brunemon,proudmoore,576,warlock,affliction,12,6,6
50054,Daëmön,stormrage,576,warlock,affliction,12,6,6
50055,Fearophobic,illidan,576,warlock,affliction,12,6,6
50056,Lemdul,thrall,576,warlock,affliction,12,6,6
50057,Lilcarmy,emerald-dream,576,warlock,affliction,12,6,6
50058,Sluglishphsh,stormrage,576,warlock,affliction,12,6,6
50059,Toelickerx,illidan,576,warlock,affliction,12,6,6
50060,Gianni,chogall,576,warlock,affliction,12,6,6
50061,Lokkup,dalaran,576,warlock,affliction,12,6,6
50062,Nadablast,tichondrius,576,warlock,affliction,12,6,6
50063,Biubius,tichondrius,576,warlock,affliction,12,6,6
50064,Parishiltoon,frostmourne,576,warlock,affliction,12,6,6
50065,Løcalplugxø,barthilas,576,warlock,affliction,12,6,6
50066,Xtremegirth,zuljin,576,warlock,affliction,12,6,6
50067,Chrishasnen,moon-guard,576,warlock,affliction,12,6,6
50068,Nihilus,anvilmar,576,warlock,affliction,12,6,6
50069,Shadøwy,nemesis,576,warlock,affliction,12,6,6
50070,Neevius,barthilas,576,warlock,affliction,12,6,6
50071,Muchø,emerald-dream,576,warlock,affliction,24,6,18
50072,Valvravé,malganis,575,warlock,affliction,12,6,6
50073,Deatthmoon,stormrage,575,warlock,affliction,12,6,6
50074,Shadowbo,aggramar,575,warlock,affliction,12,6,6
50075,Kunozonbi,malganis,575,warlock,affliction,12,6,6
50076,Locker,lightnings-blade,575,warlock,affliction,12,6,6
50077,Jhop,sargeras,575,warlock,affliction,12,6,6
50078,Leroybrown,alterac-mountains,575,warlock,affliction,12,6,6
50079,Nookíe,azralon,575,warlock,affliction,12,6,6
50080,Infortunium,sargeras,575,warlock,affliction,12,6,6
50081,Gødmôde,tichondrius,575,warlock,affliction,12,6,6
50082,Zuldar,tichondrius,575,warlock,affliction,18,6,12
50083,Holdmybeard,senjin,575,warlock,affliction,18,6,12
50084,Bloodybooger,area-52,574,warlock,affliction,12,6,6
50085,Conrii,burning-blade,574,warlock,affliction,18,6,12
50086,Sind,garona,573,warlock,affliction,12,6,6
50087,Hâunted,khazgoroth,571,warlock,affliction,12,6,6
50088,Justero,kelthuzad,569,warlock,affliction,12,6,6
50089,Kflexxpt,hydraxis,569,warlock,affliction,12,6,6
50090,Socketriver,bleeding-hollow,568,warlock,affliction,18,6,12
50091,Gnock,garona,543,warlock,affliction,11,6,5
50092,Raff,detheroc,527,warlock,affliction,11,6,5
50093,Vrajitor,ragnaros,511,warlock,affliction,11,6,5
50094,Markuss,boulderfist,511,warlock,affliction,14,6,8
50095,Dotdoctor,thrall,511,warlock,affliction,16,6,10
50096,Oluluo,andorhal,510,warlock,affliction,8,6,2
50097,Beexy,sargeras,510,warlock,affliction,14,6,8
50098,Halciyon,dalvengyr,495,warlock,affliction,19,6,13
50099,Flòwstate,tichondrius,480,warlock,affliction,6,5,1
50100,Bigdamege,tichondrius,480,warlock,affliction,6,5,1
50101,Dethklokx,tichondrius,480,warlock,affliction,6,5,1
50102,Poogâ,tichondrius,480,warlock,affliction,6,5,1
50103,Conkeldurr,tichondrius,480,warlock,affliction,6,5,1
50104,Ribman,stormrage,480,warlock,affliction,6,5,1
50105,Ttub,stormrage,480,warlock,affliction,6,5,1
50106,Misolock,sargeras,480,warlock,affliction,6,5,1
50107,Lunazz,tichondrius,480,warlock,affliction,6,5,1
50108,Ciprýan,azralon,480,warlock,affliction,6,5,1
50109,Satunir,shadowsong,480,warlock,affliction,6,5,1
50110,Antigotenent,sargeras,480,warlock,affliction,6,5,1
50111,Bobthedragqn,proudmoore,480,warlock,affliction,6,5,1
50112,Artzul,tichondrius,480,warlock,affliction,12,5,7
50113,Yogurtslingr,tichondrius,480,warlock,affliction,12,5,7
50114,Chaoz,aggramar,480,warlock,affliction,12,5,7
50115,Perfectwar,tichondrius,480,warlock,affliction,12,5,7
50116,Wanglock,blackrock,480,warlock,affliction,12,5,7
50117,Percadu,barthilas,480,warlock,affliction,12,5,7
50118,Buboñic,area-52,480,warlock,affliction,12,5,7
50119,Bwup,tichondrius,480,warlock,affliction,12,5,7
50120,Cryolock,nagrand,480,warlock,affliction,12,5,7
50121,Itsmedirt,malganis,480,warlock,affliction,12,5,7
50122,Astralrunner,moon-guard,480,warlock,affliction,12,5,7
50123,Tvfazedorito,kelthuzad,480,warlock,affliction,12,5,7
50124,Goldface,frostmourne,480,warlock,affliction,12,5,7
50125,Pokendot,illidan,480,warlock,affliction,12,5,7
50126,Necrosith,ragnaros,480,warlock,affliction,15,6,9
50127,Daesire,moon-guard,480,warlock,affliction,18,5,13
50128,Lockboxx,stormscale,480,warlock,affliction,18,5,13
50129,Lockring,zuljin,480,warlock,affliction,18,5,13
50130,Pruevolf,tichondrius,479,warlock,affliction,12,5,7
50131,Lockinha,azralon,479,warlock,affliction,12,5,7
50132,Morepetss,saurfang,479,warlock,affliction,12,5,7
50133,Hélà,sargeras,479,warlock,affliction,18,5,13
50134,Whitchpoison,nagrand,479,warlock,affliction,30,5,25
50135,Redbro,darkspear,478,warlock,affliction,12,5,7
50136,Cityswimmer,malganis,478,warlock,affliction,12,5,7
50137,Fearfactory,lethon,478,warlock,affliction,12,5,7
50138,Dravin,alleria,478,warlock,affliction,12,5,7
50139,Skellisama,moon-guard,478,warlock,affliction,18,5,13
50140,Suzüki,tichondrius,463,warlock,affliction,11,5,6
50141,Demfearslol,terokkar,447,warlock,affliction,11,5,6
50142,Verrøkel,sargeras,426,warlock,affliction,11,7,4
50143,Fublizz,black-dragonflight,416,warlock,affliction,10,5,5
50144,Khaozx,ragnaros,416,warlock,affliction,10,5,5
50145,Onlytoez,tichondrius,416,warlock,affliction,16,5,11
50146,Kuroyt,drakkari,415,warlock,affliction,12,6,6
50147,Tonickush,area-52,384,warlock,affliction,6,4,2
50148,Astarõth,zuljin,384,warlock,affliction,6,4,2
50149,Åbyssal,stormrage,384,warlock,affliction,6,4,2
50150,Jessndistres,stormrage,384,warlock,affliction,6,4,2
50151,Superbroly,area-52,384,warlock,affliction,6,4,2
50152,Bänno,bleeding-hollow,384,warlock,affliction,6,4,2
50153,Demoiceman,bleeding-hollow,384,warlock,affliction,6,4,2
50154,Calvärr,bleeding-hollow,384,warlock,affliction,6,4,2
50155,Demonug,area-52,384,warlock,affliction,6,4,2
50156,Rbnz,kiljaeden,384,warlock,affliction,6,4,2
50157,Soulrman,tichondrius,384,warlock,affliction,6,4,2
50158,Kryllua,tichondrius,384,warlock,affliction,6,4,2
50159,Tylandér,nordrassil,384,warlock,affliction,6,4,2
50160,Bliztivision,proudmoore,384,warlock,affliction,6,4,2
50161,Purplelambox,illidan,384,warlock,affliction,6,4,2
50162,Siller,azralon,384,warlock,affliction,6,4,2
50163,Hypnotikal,illidan,384,warlock,affliction,6,4,2
50164,Methrocks,tichondrius,384,warlock,affliction,6,4,2
50165,Omegapasta,illidan,384,warlock,affliction,6,4,2
50166,Celin,rivendare,384,warlock,affliction,6,4,2
50167,Gümbÿ,illidan,384,warlock,affliction,6,4,2
50168,Walterrør,nemesis,384,warlock,affliction,6,4,2
50169,Locker,darkspear,384,warlock,affliction,6,4,2
50170,Omleaf,malganis,384,warlock,affliction,6,4,2
50171,Blliizz,aegwynn,384,warlock,affliction,6,4,2
50172,Gasgrassnass,sargeras,384,warlock,affliction,6,4,2
50173,Jotkbe,ragnaros,384,warlock,affliction,6,4,2
50174,Cowboydann,malganis,384,warlock,affliction,6,4,2
50175,Torchie,moon-guard,384,warlock,affliction,6,4,2
50176,Eupheriia,thaurissan,384,warlock,affliction,6,4,2
50177,Vamperro,thrall,384,warlock,affliction,6,4,2
50178,Plsdontcrit,tichondrius,384,warlock,affliction,6,4,2
50179,Necroraise,boulderfist,384,warlock,affliction,9,5,4
50180,Punstable,tichondrius,384,warlock,affliction,12,4,8
50181,Haross,darkspear,384,warlock,affliction,12,4,8
50182,Bharim,quelthalas,384,warlock,affliction,12,4,8
50183,Tichonkimc,tichondrius,384,warlock,affliction,12,4,8
50184,Bigheadjr,gorgonnash,384,warlock,affliction,12,4,8
50185,Fearedit,bleeding-hollow,384,warlock,affliction,12,4,8
50186,Bmó,stormrage,384,warlock,affliction,12,4,8
50187,Bïcho,queldorei,384,warlock,affliction,12,4,8
50188,Emptysoul,illidan,384,warlock,affliction,12,4,8
50189,Nethron,the-venture-co,384,warlock,affliction,12,4,8
50190,Yagumi,crushridge,384,warlock,affliction,12,4,8
50191,Promancer,drakkari,384,warlock,affliction,12,4,8
50192,Emptyx,tichondrius,384,warlock,affliction,12,4,8
50193,Dotsfìred,tichondrius,384,warlock,affliction,12,4,8
50194,Lockie,skywall,384,warlock,affliction,12,4,8
50195,Duckboji,tichondrius,384,warlock,affliction,12,4,8
50196,Fksm,tichondrius,384,warlock,affliction,12,4,8
50197,Necromaniac,nerzhul,384,warlock,affliction,18,4,14
50198,Krïttzïe,proudmoore,383,warlock,affliction,6,4,2
50199,Lockazo,quelthalas,383,warlock,affliction,6,4,2
50200,Candykrush,tichondrius,383,warlock,affliction,6,4,2
50201,Luciffer,windrunner,383,warlock,affliction,12,4,8
50202,Wirthless,area-52,383,warlock,affliction,12,4,8
50203,Persianloc,tichondrius,383,warlock,affliction,12,4,8
50204,Slord,bonechewer,382,warlock,affliction,6,4,2
50205,Darkdestine,emerald-dream,382,warlock,affliction,12,4,8
50206,Damint,sargeras,351,warlock,affliction,11,4,7
50207,Gattsonn,kiljaeden,350,warlock,affliction,12,5,7
50208,Yury,scarlet-crusade,334,warlock,affliction,11,4,7
50209,Marinw,azralon,304,warlock,affliction,7,4,3
50210,Voltshot,tichondrius,288,warlock,affliction,6,3,3
50211,Lockfold,illidan,288,warlock,affliction,6,3,3
50212,Impbiscuit,stormrage,288,warlock,affliction,6,3,3
50213,Redsolojdc,tichondrius,288,warlock,affliction,6,3,3
50214,Devdolittle,tichondrius,288,warlock,affliction,6,3,3
50215,Vintagepoop,sargeras,288,warlock,affliction,6,3,3
50216,Naag,tichondrius,288,warlock,affliction,6,3,3
50217,Berathelok,aerie-peak,288,warlock,affliction,6,3,3
50218,Oogren,korgath,288,warlock,affliction,6,3,3
50219,Arnan,korgath,288,warlock,affliction,6,3,3
50220,Róckroad,lightnings-blade,288,warlock,affliction,6,3,3
50221,Warlockmf,sargeras,288,warlock,affliction,6,3,3
50222,Schofen,tichondrius,288,warlock,affliction,6,3,3
50223,Drdoom,sargeras,288,warlock,affliction,6,3,3
50224,Alarauca,nerzhul,288,warlock,affliction,6,3,3
50225,Nozyroh,emerald-dream,288,warlock,affliction,6,3,3
50226,Yanlexx,stormrage,288,warlock,affliction,6,3,3
50227,Datazdotcom,illidan,288,warlock,affliction,6,3,3
50228,Feldubya,illidan,288,warlock,affliction,6,3,3
50229,Crucifieds,tichondrius,288,warlock,affliction,6,3,3
50230,Bajheerafan,illidan,288,warlock,affliction,6,3,3
50231,Phishdots,tichondrius,288,warlock,affliction,6,3,3
50232,Bëëlzebub,crushridge,288,warlock,affliction,6,3,3
50233,Boltqt,tichondrius,288,warlock,affliction,6,3,3
50234,Conboii,tichondrius,288,warlock,affliction,6,3,3
50235,Stormrift,sargeras,288,warlock,affliction,6,3,3
50236,Frylockx,mugthol,288,warlock,affliction,6,3,3
50237,Leônidos,ghostlands,288,warlock,affliction,6,3,3
50238,Wizie,arthas,288,warlock,affliction,6,3,3
50239,Abrocket,alleria,288,warlock,affliction,6,3,3
50240,Warfeen,malganis,288,warlock,affliction,6,3,3
50241,Culture,arthas,288,warlock,affliction,6,3,3
50242,Chåndler,nemesis,288,warlock,affliction,6,3,3
50243,Kamai,frostwolf,288,warlock,affliction,6,3,3
50244,Nutzosaurus,darkspear,288,warlock,affliction,6,3,3
50245,Hauntu,stormreaver,288,warlock,affliction,6,3,3
50246,Sinaman,barthilas,288,warlock,affliction,6,3,3
50247,Dodgebolts,khaz-modan,288,warlock,affliction,6,3,3
50248,Blockk,moknathal,288,warlock,affliction,6,3,3
50249,Freseate,quelthalas,288,warlock,affliction,6,3,3
50250,Knäbue,tichondrius,288,warlock,affliction,6,3,3
50251,Lomeron,sargeras,288,warlock,affliction,6,3,3
50252,Harleyjames,ravenholdt,288,warlock,affliction,6,3,3
50253,Stepzxo,sargeras,288,warlock,affliction,6,3,3
50254,Capïrota,nemesis,288,warlock,affliction,6,3,3
50255,Emurog,icecrown,288,warlock,affliction,6,3,3
50256,Chaôtic,daggerspine,288,warlock,affliction,6,3,3
50257,Liliasintera,dentarg,288,warlock,affliction,6,3,3
50258,Kokushu,burning-legion,288,warlock,affliction,6,3,3
50259,Diablox,silvermoon,288,warlock,affliction,6,3,3
50260,Sidiouss,dreadmaul,288,warlock,affliction,6,3,3
50261,Imien,moknathal,288,warlock,affliction,9,3,6
50262,Felno,emerald-dream,288,warlock,affliction,12,3,9
50263,Mynerve,velen,288,warlock,affliction,12,3,9
50264,Provilock,moon-guard,288,warlock,affliction,12,3,9
50265,Ezzako,area-52,288,warlock,affliction,12,3,9
50266,Grendaldots,tichondrius,288,warlock,affliction,12,3,9
50267,Ÿoucantwin,kiljaeden,288,warlock,affliction,12,3,9
50268,Aluridan,azralon,288,warlock,affliction,12,3,9
50269,Sarkahn,sargeras,288,warlock,affliction,12,3,9
50270,Tromeo,sargeras,288,warlock,affliction,12,3,9
50271,Camila,lightnings-blade,288,warlock,affliction,12,3,9
50272,Lithani,ragnaros,288,warlock,affliction,12,3,9
50273,Feelthefearx,ragnaros,288,warlock,affliction,12,3,9
50274,Angel,sargeras,288,warlock,affliction,12,3,9
50275,Castshadow,nordrassil,288,warlock,affliction,18,3,15
50276,Lockë,thunderlord,287,warlock,affliction,6,3,3
50277,Vizkopnik,bleeding-hollow,287,warlock,affliction,6,3,3
50278,Nhen,daggerspine,287,warlock,affliction,6,3,3
50279,Nessima,jubeithos,287,warlock,affliction,12,3,9
50280,Lowkei,stonemaul,286,warlock,affliction,6,3,3
50281,Lilthicy,sargeras,271,warlock,affliction,14,3,11
50282,Kentus,moonrunner,255,warlock,affliction,14,4,10
50283,Niava,tichondrius,239,warlock,affliction,5,3,2
50284,Matzoball,zuljin,234,warlock,affliction,14,4,10
50285,Hoana,azralon,233,warlock,affliction,8,4,4
50286,Lifelock,auchindoun,223,warlock,affliction,8,3,5
50287,Spookytrev,stormrage,223,warlock,affliction,14,3,11
50288,Critthis,illidan,192,warlock,affliction,6,2,4
50289,Davnport,frostmourne,192,warlock,affliction,6,2,4
50290,Xoxoxu,frostmourne,192,warlock,affliction,6,2,4
50291,Thumperrz,frostmourne,192,warlock,affliction,6,2,4
50292,Anastadora,proudmoore,192,warlock,affliction,6,2,4
50293,Zörkô,zuljin,192,warlock,affliction,6,2,4
50294,Thralord,blackrock,192,warlock,affliction,6,2,4
50295,Abomasnow,frostmourne,192,warlock,affliction,6,2,4
50296,Fondlemydot,stormscale,192,warlock,affliction,6,2,4
50297,Nerolock,frostmourne,192,warlock,affliction,6,2,4
50298,Awp,malganis,192,warlock,affliction,6,2,4
50299,Yurick,frostmourne,192,warlock,affliction,6,2,4
50300,Yahihlock,silver-hand,192,warlock,affliction,6,2,4
50301,Ministàff,ursin,192,warlock,affliction,6,2,4
50302,Sâltylôck,tichondrius,192,warlock,affliction,6,2,4
50303,Ðeãdman,bleeding-hollow,192,warlock,affliction,6,2,4
50304,Dawaatisme,zuljin,192,warlock,affliction,6,2,4
50305,Nightterrour,frostmourne,192,warlock,affliction,6,2,4
50306,Leruss,zangarmarsh,192,warlock,affliction,6,2,4
50307,Veerdz,area-52,192,warlock,affliction,6,2,4
50308,Mhael,lightninghoof,192,warlock,affliction,6,2,4
50309,Scepti,area-52,192,warlock,affliction,6,2,4
50310,Vessires,darkspear,192,warlock,affliction,6,2,4
50311,Dejagu,tichondrius,192,warlock,affliction,6,2,4
50312,Khurze,area-52,192,warlock,affliction,6,2,4
50313,Grixis,zuluhed,192,warlock,affliction,6,2,4
50314,Willogan,gurubashi,192,warlock,affliction,6,2,4
50315,Charmandfarm,nerzhul,192,warlock,affliction,6,2,4
50316,Es,velen,192,warlock,affliction,6,2,4
50317,Lockednloade,tichondrius,192,warlock,affliction,6,2,4
50318,Destructo,illidan,192,warlock,affliction,6,2,4
50319,Sylorelol,stormreaver,192,warlock,affliction,6,2,4
50320,Dotdottgoose,kiljaeden,192,warlock,affliction,6,2,4
50321,Sosomaa,kelthuzad,192,warlock,affliction,6,2,4
50322,Raínstilted,area-52,192,warlock,affliction,6,2,4
50323,Sebss,proudmoore,192,warlock,affliction,6,2,4
50324,Lilitht,drakkari,192,warlock,affliction,6,2,4
50325,Pk,azralon,192,warlock,affliction,6,2,4
50326,Døtyou,area-52,192,warlock,affliction,6,2,4
50327,Vorlos,bonechewer,192,warlock,affliction,6,2,4
50328,Karmalock,malganis,192,warlock,affliction,6,2,4
50329,Rerollx,firetree,192,warlock,affliction,6,2,4
50330,Avii,drakthul,192,warlock,affliction,6,2,4
50331,Fearsntears,stormrage,192,warlock,affliction,6,2,4
50332,Jèdi,drenden,192,warlock,affliction,6,2,4
50333,Plaguedoctor,stormrage,192,warlock,affliction,6,2,4
50334,Fearanddots,moon-guard,192,warlock,affliction,6,2,4
50335,Soularonomy,tichondrius,192,warlock,affliction,6,2,4
50336,Apolodys,garona,192,warlock,affliction,6,2,4
50337,Cheesëbolt,illidan,192,warlock,affliction,6,2,4
50338,Asmodeun,malganis,192,warlock,affliction,6,2,4
50339,Meelady,tichondrius,192,warlock,affliction,6,2,4
50340,Damerus,illidan,192,warlock,affliction,6,2,4
50341,Trillas,illidan,192,warlock,affliction,6,2,4
50342,Jacorian,illidan,192,warlock,affliction,6,2,4
50343,Yolandahadid,gilneas,192,warlock,affliction,6,2,4
50344,Carcine,frostwolf,192,warlock,affliction,6,2,4
50345,Screwed,tichondrius,192,warlock,affliction,6,2,4
50346,Payn,kiljaeden,192,warlock,affliction,6,2,4
50347,Frylockk,mugthol,192,warlock,affliction,6,2,4
50348,Deanwarlock,sargeras,192,warlock,affliction,6,2,4
50349,Tormentedcat,nazjatar,192,warlock,affliction,12,2,10
50350,Leviathen,shattered-hand,192,warlock,affliction,12,2,10
50351,Dloq,azgalor,192,warlock,affliction,12,2,10
50352,Condevil,quelthalas,192,warlock,affliction,12,2,10
50353,Xaemog,tichondrius,192,warlock,affliction,12,2,10
50354,Tribulatiön,moon-guard,192,warlock,affliction,12,2,10
50355,Refîk,sargeras,192,warlock,affliction,12,2,10
50356,Rurnt,bloodhoof,192,warlock,affliction,13,2,11
50357,Ramone,turalyon,159,warlock,affliction,5,2,3
50358,Dotlockndrop,stormreaver,159,warlock,affliction,5,2,3
50359,Gutterxfox,malganis,159,warlock,affliction,11,2,9
50360,Alfemale,dalaran,96,warlock,affliction,6,1,5
50361,Efg,illidan,96,warlock,affliction,6,1,5
50362,Menedemus,amanthul,96,warlock,affliction,6,1,5
50363,Malignant,tichondrius,96,warlock,affliction,6,1,5
50364,Joseph,draktharon,96,warlock,affliction,6,1,5
50365,Volturnus,wildhammer,96,warlock,affliction,6,1,5
50366,Aedarine,uldum,96,warlock,affliction,6,1,5
50367,Tatemor,barthilas,96,warlock,affliction,6,1,5
50368,Fabiusbilex,tichondrius,96,warlock,affliction,6,1,5
50369,Gamecobra,greymane,96,warlock,affliction,6,1,5
50370,Conspiration,sargeras,96,warlock,affliction,6,1,5
50371,Imhereforrbg,moon-guard,96,warlock,affliction,6,1,5
50372,Feár,emerald-dream,96,warlock,affliction,6,1,5
50373,Apocryphh,stormrage,96,warlock,affliction,6,1,5
50374,Xylõck,sargeras,96,warlock,affliction,6,1,5
50375,Mickylock,tichondrius,96,warlock,affliction,6,1,5
50376,Cornboil,tichondrius,96,warlock,affliction,6,1,5
50377,Superbvious,lothar,96,warlock,affliction,6,1,5
50378,Shennaniganz,bleeding-hollow,96,warlock,affliction,6,1,5
50379,Krozu,bleeding-hollow,96,warlock,affliction,6,1,5
50380,Guinegobbler,hyjal,96,warlock,affliction,6,1,5
50381,Olgreg,daggerspine,96,warlock,affliction,6,1,5
50382,Amaroth,spinebreaker,96,warlock,affliction,6,1,5
50383,Smôkedsôul,area-52,96,warlock,affliction,6,1,5
50384,Chaøsbolt,area-52,96,warlock,affliction,6,1,5
50385,Malchiev,area-52,96,warlock,affliction,6,1,5
50386,Brujildå,area-52,96,warlock,affliction,6,1,5
50387,Rexuss,velen,96,warlock,affliction,6,1,5
50388,Frem,eonar,96,warlock,affliction,6,1,5
50389,Carabelois,aegwynn,96,warlock,affliction,6,1,5
50390,Frdchickiana,tichondrius,96,warlock,affliction,6,1,5
50391,Nêcro,moon-guard,96,warlock,affliction,6,1,5
50392,Kammuany,sargeras,96,warlock,affliction,6,1,5
50393,Locktimes,ragnaros,96,warlock,affliction,6,1,5
50394,Pinkypay,ragnaros,96,warlock,affliction,6,1,5
50395,Drainedd,blades-edge,96,warlock,affliction,6,1,5
50396,Bluffzlock,boulderfist,96,warlock,affliction,6,1,5
50397,Sunkuna,aerie-peak,96,warlock,affliction,6,1,5
50398,Fenrinozil,tichondrius,96,warlock,affliction,12,1,11
50399,Shendù,stormrage,79,warlock,affliction,5,1,4
50400,Zuelu,tichondrius,64,warlock,affliction,4,1,3
50401,Mìrä,kelthuzad,48,warlock,affliction,3,1,2
50402,Delete,greymane,16,warlock,affliction,1,1,0
50403,Ttvdjrio,area-52,2200,warrior,fury,84,54,30
50404,Grimgrip,frostmane,2131,warrior,fury,92,53,39
50405,Joshiman,area-52,2124,warrior,fury,78,42,36
50406,Cabelastwo,tichondrius,2124,warrior,fury,87,46,41
50407,Americanbull,moon-guard,2119,warrior,fury,253,134,119
50408,Cabelas,tichondrius,2112,warrior,fury,89,45,44
50409,Thrator,wyrmrest-accord,2110,warrior,fury,108,55,53
50410,Riproarin,stormrage,2105,warrior,fury,92,53,39
50411,Takeda,sargeras,2092,warrior,fury,101,57,44
50412,Coldlòve,akama,2076,warrior,fury,106,61,45
50413,Furrytakeda,kelthuzad,2065,warrior,fury,123,69,54
50414,Orclog,illidan,2063,warrior,fury,77,42,35
50415,Biaa,tichondrius,2055,warrior,fury,78,38,40
50416,Gazzef,thrall,2041,warrior,fury,102,57,45
50417,Braxxínn,tichondrius,2023,warrior,fury,42,34,8
50418,Sworda,sargeras,2017,warrior,fury,77,48,29
50419,Warqt,kelthuzad,2011,warrior,fury,105,58,47
50420,Veevz,proudmoore,2010,warrior,fury,114,52,62
50421,Eazyc,tichondrius,2000,warrior,fury,183,99,84
50422,Chillawigs,kelthuzad,1983,warrior,fury,84,47,37
50423,Lahired,drakkari,1967,warrior,fury,185,91,94
50424,Wienertoes,tichondrius,1963,warrior,fury,114,63,51
50425,Ragwreck,bleeding-hollow,1959,warrior,fury,68,35,33
50426,Ðêed,area-52,1948,warrior,fury,42,27,15
50427,Hìm,tichondrius,1939,warrior,fury,66,36,30
50428,Sandronb,illidan,1938,warrior,fury,83,41,42
50429,Eno,ragnaros,1937,warrior,fury,69,46,23
50430,Cannabiddies,illidan,1932,warrior,fury,60,31,29
50431,Alabamá,sargeras,1925,warrior,fury,36,21,15
50432,Taras,blackhand,1918,warrior,fury,129,58,71
50433,Vèév,proudmoore,1894,warrior,fury,62,41,21
50434,Blgjb,tichondrius,1894,warrior,fury,90,41,49
50435,Mphx,tichondrius,1888,warrior,fury,48,30,18
50436,Okme,tichondrius,1882,warrior,fury,66,36,30
50437,Killbørn,azralon,1880,warrior,fury,48,29,19
50438,Brodestar,sargeras,1874,warrior,fury,48,31,17
50439,Badvelic,tichondrius,1874,warrior,fury,46,28,18
50440,Zanzaa,sargeras,1870,warrior,fury,85,47,38
50441,Hlt,tichondrius,1869,warrior,fury,66,38,28
50442,Shîzu,moon-guard,1868,warrior,fury,102,67,35
50443,Rôxi,malganis,1867,warrior,fury,210,108,102
50444,Kevy,arygos,1863,warrior,fury,48,31,17
50445,Nilah,tichondrius,1862,warrior,fury,78,49,29
50446,ßdm,illidan,1860,warrior,fury,54,26,28
50447,Damonadrann,proudmoore,1859,warrior,fury,66,34,32
50448,Dowser,goldrinn,1852,warrior,fury,131,69,62
50449,Mchamstring,stormrage,1846,warrior,fury,51,30,21
50450,Nailah,illidan,1844,warrior,fury,98,55,43
50451,Unbreakkable,tichondrius,1842,warrior,fury,72,41,31
50452,Larrybiscuit,moon-guard,1839,warrior,fury,162,98,64
50453,Esilox,area-52,1836,warrior,fury,42,28,14
50454,Ethyrie,ragnaros,1836,warrior,fury,61,34,27
50455,Lokityr,tichondrius,1834,warrior,fury,36,26,10
50456,Jenjang,proudmoore,1834,warrior,fury,83,52,31
50457,Brainhaze,tichondrius,1829,warrior,fury,36,21,15
50458,Ggull,tichondrius,1827,warrior,fury,47,28,19
50459,Ragwreckz,bleeding-hollow,1826,warrior,fury,52,32,20
50460,Soymong,frostmourne,1825,warrior,fury,116,74,42
50461,Mty,tichondrius,1824,warrior,fury,54,35,19
50462,Ásúrá,quelthalas,1824,warrior,fury,42,24,18
50463,Szauren,stormrage,1824,warrior,fury,63,31,32
50464,Cleavxy,sargeras,1823,warrior,fury,54,37,17
50465,Apocalyptist,stormrage,1821,warrior,fury,99,58,41
50466,Thadamaja,kiljaeden,1821,warrior,fury,48,26,22
50467,Bosswin,tichondrius,1820,warrior,fury,53,28,25
50468,Skyja,quelthalas,1820,warrior,fury,42,22,20
50469,Gorehardt,illidan,1820,warrior,fury,48,22,26
50470,Illmindofpoo,kelthuzad,1818,warrior,fury,42,28,14
50471,Sayjaki,stormrage,1818,warrior,fury,102,62,40
50472,Veyrin,stormrage,1818,warrior,fury,138,81,57
50473,Isahri,moon-guard,1818,warrior,fury,110,64,46
50474,Orchilles,illidan,1817,warrior,fury,60,35,25
50475,Damiansuv,moon-guard,1817,warrior,fury,154,89,65
50476,Openhardest,stormrage,1816,warrior,fury,41,27,14
50477,Jírky,ragnaros,1816,warrior,fury,240,134,106
50478,Zujuzo,moon-guard,1815,warrior,fury,111,64,47
50479,Neôn,frostmourne,1815,warrior,fury,66,37,29
50480,Onionsauce,frostmourne,1815,warrior,fury,161,90,71
50481,Slughorn,moon-guard,1814,warrior,fury,102,53,49
50482,Kazora,zuljin,1813,warrior,fury,48,33,15
50483,Darkduke,tichondrius,1813,warrior,fury,33,21,12
50484,Donutwar,proudmoore,1813,warrior,fury,54,30,24
50485,Duxor,sargeras,1811,warrior,fury,70,41,29
50486,Barafang,wyrmrest-accord,1811,warrior,fury,234,125,109
50487,Ragemane,illidan,1811,warrior,fury,84,44,40
50488,Kennäy,azralon,1810,warrior,fury,46,28,18
50489,Psychogenic,barthilas,1810,warrior,fury,102,60,42
50490,Zyzz,scarlet-crusade,1807,warrior,fury,72,41,31
50491,Killuall,sargeras,1807,warrior,fury,42,23,19
50492,Wagù,moon-guard,1805,warrior,fury,48,32,16
50493,Yawdamper,illidan,1805,warrior,fury,51,32,19
50494,Starshattr,bleeding-hollow,1805,warrior,fury,108,64,44
50495,Seoní,wyrmrest-accord,1805,warrior,fury,76,43,33
50496,Maximad,moon-guard,1805,warrior,fury,108,58,50
50497,Girioo,thrall,1802,warrior,fury,24,19,5
50498,Franticlol,tichondrius,1802,warrior,fury,90,59,31
50499,Cubie,malganis,1802,warrior,fury,89,47,42
50500,Tøpg,sargeras,1801,warrior,fury,55,32,23
50501,Burger,the-underbog,1800,warrior,fury,24,19,5
50502,Gooberbear,frostmourne,1791,warrior,fury,139,78,61
50503,Melifehorde,tichondrius,1790,warrior,fury,222,111,111
50504,Jimjinjin,tichondrius,1787,warrior,fury,90,45,45
50505,Rekatron,area-52,1783,warrior,fury,49,25,24
50506,Zak,feathermoon,1775,warrior,fury,35,26,9
50507,Sàndman,malganis,1775,warrior,fury,39,23,16
50508,Volgarr,zuljin,1767,warrior,fury,45,27,18
50509,Saîyanroyce,barthilas,1764,warrior,fury,89,51,38
50510,Choppiechop,area-52,1763,warrior,fury,42,26,16
50511,Rynkae,moon-guard,1762,warrior,fury,36,20,16
50512,Dahakawar,malganis,1757,warrior,fury,53,32,21
50513,Chopped,wyrmrest-accord,1750,warrior,fury,93,43,50
50514,Bulgrim,moon-guard,1748,warrior,fury,78,41,37
50515,Lootacris,illidan,1746,warrior,fury,42,20,22
50516,Alarìon,malganis,1745,warrior,fury,45,31,14
50517,Bigfatork,area-52,1739,warrior,fury,94,47,47
50518,Coldshots,stormreaver,1736,warrior,fury,84,50,34
50519,Dripgodx,malganis,1736,warrior,fury,54,30,24
50520,Illaedan,quelthalas,1733,warrior,fury,95,47,48
50521,Invinciblé,tichondrius,1730,warrior,fury,36,22,14
50522,Beanstrom,tichondrius,1729,warrior,fury,77,39,38
50523,Escånor,moon-guard,1728,warrior,fury,25,19,6
50524,Akaínu,area-52,1728,warrior,fury,48,27,21
50525,Daedrion,dalaran,1726,warrior,fury,90,49,41
50526,Chopemupp,area-52,1725,warrior,fury,30,19,11
50527,Splasch,kelthuzad,1725,warrior,fury,65,29,36
50528,Giannï,chogall,1723,warrior,fury,54,30,24
50529,Moelolita,illidan,1723,warrior,fury,41,19,22
50530,Bigdude,frostwolf,1721,warrior,fury,48,24,24
50531,Slamurai,moon-guard,1719,warrior,fury,24,18,6
50532,Duochuanjun,illidan,1719,warrior,fury,48,26,22
50533,Crøm,tichondrius,1718,warrior,fury,60,31,29
50534,Tastý,moon-guard,1716,warrior,fury,36,23,13
50535,Smache,tichondrius,1714,warrior,fury,29,19,10
50536,Mulish,frostmourne,1712,warrior,fury,79,47,32
50537,Käggai,khadgar,1709,warrior,fury,89,48,41
50538,Ashwalker,malganis,1708,warrior,fury,50,29,21
50539,Zuggrok,zuljin,1708,warrior,fury,148,75,73
50540,Shadax,bleeding-hollow,1707,warrior,fury,197,103,94
50541,Ágsgøðx,bleeding-hollow,1707,warrior,fury,132,69,63
50542,Druzhinik,moon-guard,1706,warrior,fury,67,39,28
50543,Riggs,stonemaul,1706,warrior,fury,59,32,27
50544,Thänatøs,nemesis,1706,warrior,fury,62,32,30
50545,Oddyseey,moon-guard,1706,warrior,fury,54,27,27
50546,Warroiser,quelthalas,1705,warrior,fury,135,73,62
50547,Pepétí,azralon,1704,warrior,fury,90,53,37
50548,Coalpit,emerald-dream,1697,warrior,fury,54,27,27
50549,Mochigome,moon-guard,1696,warrior,fury,97,49,48
50550,Scolpi,stormrage,1695,warrior,fury,76,42,34
50551,Basedaf,frostmourne,1695,warrior,fury,165,87,78
50552,Nordama,stormrage,1691,warrior,fury,48,33,15
50553,Onîkudakì,sargeras,1689,warrior,fury,91,55,36
50554,Berawar,tichondrius,1683,warrior,fury,78,41,37
50555,Ðowser,area-52,1680,warrior,fury,24,18,6
50556,Scrotedog,area-52,1680,warrior,fury,55,24,31
50557,Tyroe,thunderhorn,1679,warrior,fury,36,22,14
50558,Torbajhorn,moon-guard,1676,warrior,fury,66,34,32
50559,Thugdorr,sargeras,1675,warrior,fury,102,53,49
50560,Morfoggore,ragnaros,1673,warrior,fury,55,25,30
50561,Youaredafeds,moon-guard,1669,warrior,fury,131,75,56
50562,Noramed,moon-guard,1669,warrior,fury,90,50,40
50563,Rendwarchief,garrosh,1668,warrior,fury,145,76,69
50564,Kholusia,kul-tiras,1667,warrior,fury,142,69,73
50565,Bopwar,malganis,1665,warrior,fury,48,29,19
50566,Vinvivenna,emerald-dream,1663,warrior,fury,40,23,17
50567,Velarrine,illidan,1661,warrior,fury,121,64,57
50568,Moistt,nesingwary,1660,warrior,fury,32,22,10
50569,Sperow,malygos,1660,warrior,fury,62,37,25
50570,Modì,sargeras,1658,warrior,fury,89,49,40
50571,Alteryx,sargeras,1658,warrior,fury,244,132,112
50572,Gladheateher,bonechewer,1658,warrior,fury,60,28,32
50573,Calder,malganis,1656,warrior,fury,72,36,36
50574,Brøsk,azralon,1655,warrior,fury,90,51,39
50575,Kolosaltwo,tichondrius,1654,warrior,fury,77,41,36
50576,Gnomageddon,anetheron,1653,warrior,fury,82,39,43
50577,Sonyanalogue,frostmourne,1652,warrior,fury,42,21,21
50578,Zoldian,tichondrius,1651,warrior,fury,47,24,23
50579,Swiftslaýer,vashj,1650,warrior,fury,88,47,41
50580,Rinima,tichondrius,1650,warrior,fury,124,65,59
50581,Naelynh,quelthalas,1650,warrior,fury,48,24,24
50582,Jarheadz,bleeding-hollow,1649,warrior,fury,48,32,16
50583,Snugglebuggs,stormrage,1649,warrior,fury,47,25,22
50584,Axesage,tichondrius,1648,warrior,fury,72,41,31
50585,Keltanas,quelthalas,1648,warrior,fury,95,49,46
50586,Eggdoubles,sargeras,1647,warrior,fury,33,19,14
50587,Eregor,sargeras,1647,warrior,fury,54,27,27
50588,Strëngth,aggramar,1644,warrior,fury,48,30,18
50589,Tinyexcute,tichondrius,1644,warrior,fury,48,25,23
50590,Agragar,zuljin,1643,warrior,fury,30,18,12
50591,Ssamba,shattered-hand,1643,warrior,fury,36,20,16
50592,Faren,agamaggan,1643,warrior,fury,167,91,76
50593,Traka,stormrage,1642,warrior,fury,36,19,17
50594,Mandragorn,kelthuzad,1642,warrior,fury,71,37,34
50595,Lowz,hyjal,1641,warrior,fury,32,23,9
50596,Wangjianguo,illidan,1641,warrior,fury,53,28,25
50597,Raveve,area-52,1640,warrior,fury,34,22,12
50598,Tádakatsu,sargeras,1640,warrior,fury,147,79,68
50599,Nogèt,frostmourne,1638,warrior,fury,47,28,19
50600,Cupper,tichondrius,1638,warrior,fury,47,25,22
50601,Festergrin,area-52,1637,warrior,fury,66,34,32
50602,Cornmaster,darkspear,1636,warrior,fury,80,42,38
50603,Budgetclap,nordrassil,1636,warrior,fury,36,18,18
50604,Vuraxx,area-52,1635,warrior,fury,30,22,8
50605,Drashi,nazjatar,1635,warrior,fury,72,42,30
50606,Dardash,ragnaros,1634,warrior,fury,30,21,9
50607,Udmwarrior,zuljin,1633,warrior,fury,54,24,30
50608,Ianprime,the-scryers,1632,warrior,fury,48,27,21
50609,Thiccyb,area-52,1628,warrior,fury,24,17,7
50610,Kellyboitv,frostmourne,1628,warrior,fury,42,20,22
50611,Colorx,sargeras,1625,warrior,fury,52,30,22
50612,Kintarra,malygos,1625,warrior,fury,41,22,19
50613,Ugriker,skullcrusher,1623,warrior,fury,42,26,16
50614,Hoodlark,lightbringer,1623,warrior,fury,66,40,26
50615,Aotha,moon-guard,1622,warrior,fury,32,19,13
50616,Ðåddý,stormrage,1620,warrior,fury,149,73,76
50617,Ediann,elune,1619,warrior,fury,77,45,32
50618,Eggroll,emerald-dream,1619,warrior,fury,177,94,83
50619,Rikki,frostmourne,1619,warrior,fury,48,25,23
50620,Hairygrundel,area-52,1618,warrior,fury,83,46,37
50621,Zarxc,quelthalas,1618,warrior,fury,60,31,29
50622,Furíous,thunderhorn,1616,warrior,fury,66,32,34
50623,Hârambe,kiljaeden,1614,warrior,fury,41,25,16
50624,Andorane,bleeding-hollow,1614,warrior,fury,60,32,28
50625,Rücküs,tichondrius,1611,warrior,fury,110,68,42
50626,Damburga,tichondrius,1609,warrior,fury,48,30,18
50627,Khrull,khazgoroth,1609,warrior,fury,74,40,34
50628,Misakizs,sargeras,1609,warrior,fury,36,17,19
50629,Guerreraa,ragnaros,1609,warrior,fury,83,37,46
50630,Wrniss,tichondrius,1608,warrior,fury,48,31,17
50631,Kroozy,thrall,1608,warrior,fury,36,22,14
50632,Leviqt,moon-guard,1606,warrior,fury,36,21,15
50633,Trôca,ragnaros,1603,warrior,fury,54,29,25
50634,Fearless,moon-guard,1603,warrior,fury,132,68,64
50635,Lilgucci,stonemaul,1602,warrior,fury,36,20,16
50636,Fearlessxq,tichondrius,1601,warrior,fury,135,77,58
50637,Bwandøn,moon-guard,1600,warrior,fury,24,17,7
50638,Krovikân,area-52,1600,warrior,fury,30,19,11
50639,Soulfang,stormscale,1600,warrior,fury,36,20,16
50640,Larosfan,tichondrius,1599,warrior,fury,36,21,15
50641,Brutality,kirin-tor,1598,warrior,fury,107,57,50
50642,Gaazhel,quelthalas,1598,warrior,fury,97,49,48
50643,Baeowar,area-52,1598,warrior,fury,75,35,40
50644,Darkbunny,thaurissan,1597,warrior,fury,78,40,38
50645,Flexid,tichondrius,1597,warrior,fury,80,41,39
50646,Koffray,malfurion,1596,warrior,fury,57,29,28
50647,Mezw,tichondrius,1595,warrior,fury,34,21,13
50648,Filamon,dentarg,1595,warrior,fury,65,27,38
50649,Neurötic,ragnaros,1594,warrior,fury,30,20,10
50650,Gigatroll,tichondrius,1592,warrior,fury,59,30,29
50651,Påpi,sargeras,1591,warrior,fury,72,43,29
50652,Vapyr,moon-guard,1591,warrior,fury,41,20,21
50653,Wampzug,azshara,1591,warrior,fury,78,37,41
50654,Easons,tichondrius,1591,warrior,fury,71,33,38
50655,Warrmachine,mannoroth,1590,warrior,fury,185,104,81
50656,Fluffyarm,sargeras,1590,warrior,fury,103,56,47
50657,Moistmoocow,thrall,1589,warrior,fury,30,17,13
50658,Torv,frostmourne,1588,warrior,fury,38,23,15
50659,Hammerock,ragnaros,1587,warrior,fury,35,18,17
50660,Igoboom,bleeding-hollow,1585,warrior,fury,46,25,21
50661,Zangetsy,sargeras,1584,warrior,fury,99,52,47
50662,Scrümp,illidan,1583,warrior,fury,49,31,18
50663,Shapur,tichondrius,1583,warrior,fury,41,22,19
50664,Tanorai,area-52,1582,warrior,fury,42,27,15
50665,Ohdang,dark-iron,1579,warrior,fury,197,106,91
50666,Sithlõrd,moon-guard,1577,warrior,fury,84,42,42
50667,Arágorn,sargeras,1575,warrior,fury,48,28,20
50668,Faytful,thrall,1575,warrior,fury,42,19,23
50669,Mers,garrosh,1572,warrior,fury,54,30,24
50670,Holuntung,illidan,1572,warrior,fury,35,17,18
50671,Wolfcultist,moon-guard,1572,warrior,fury,117,54,63
50672,Sálieri,ragnaros,1570,warrior,fury,84,49,35
50673,Sigiswald,cenarion-circle,1570,warrior,fury,48,23,25
50674,Dann,ragnaros,1569,warrior,fury,59,35,24
50675,Bloodfist,tichondrius,1568,warrior,fury,30,19,11
50676,Hellamoist,tichondrius,1568,warrior,fury,60,28,32
50677,Dcashmoney,moon-guard,1566,warrior,fury,85,48,37
50678,Gûard,stormrage,1566,warrior,fury,121,62,59
50679,Jimseung,tichondrius,1566,warrior,fury,48,22,26
50680,Conflíct,illidan,1565,warrior,fury,70,40,30
50681,Kinseb,doomhammer,1564,warrior,fury,30,18,12
50682,Dwarlan,stormrage,1563,warrior,fury,71,44,27
50683,Romus,spirestone,1562,warrior,fury,48,29,19
50684,Mäjka,dalaran,1560,warrior,fury,36,20,16
50685,Getthechoppa,aegwynn,1556,warrior,fury,51,29,22
50686,Ðow,burning-blade,1554,warrior,fury,41,23,18
50687,Rikbielo,dragonmaw,1554,warrior,fury,67,37,30
50688,Khargrok,ragnaros,1554,warrior,fury,147,80,67
50689,Shaøkahn,azralon,1553,warrior,fury,62,36,26
50690,Bigßiceps,tichondrius,1552,warrior,fury,42,23,19
50691,Garobber,stormrage,1552,warrior,fury,36,17,19
50692,Stavsie,tichondrius,1548,warrior,fury,35,18,17
50693,Wöûlöû,trollbane,1546,warrior,fury,91,48,43
50694,Cokespoon,frostmourne,1545,warrior,fury,42,28,14
50695,Morguez,tichondrius,1545,warrior,fury,84,46,38
50696,Sugmad,area-52,1545,warrior,fury,48,22,26
50697,Zuggyboi,moon-guard,1544,warrior,fury,48,25,23
50698,Raggnarsøøn,ragnaros,1543,warrior,fury,101,47,54
50699,Bigbungus,frostmourne,1542,warrior,fury,50,27,23
50700,Zibby,malganis,1539,warrior,fury,36,18,18
50701,Oiledman,emerald-dream,1537,warrior,fury,34,17,17
50702,Pootyspootz,warsong,1536,warrior,fury,53,31,22
50703,Antei,thunderlord,1535,warrior,fury,53,31,22
50704,Iceice,dalaran,1535,warrior,fury,76,38,38
50705,Wouili,zuljin,1533,warrior,fury,48,24,24
50706,Impalle,nazjatar,1531,warrior,fury,54,33,21
50707,Linker,ragnaros,1528,warrior,fury,48,28,20
50708,Onionlord,wyrmrest-accord,1526,warrior,fury,29,17,12
50709,Philsbbqnow,dark-iron,1525,warrior,fury,24,16,8
50710,Tctc,emerald-dream,1524,warrior,fury,41,22,19
50711,Cohëëd,kelthuzad,1523,warrior,fury,119,64,55
50712,Jimmfro,zuljin,1523,warrior,fury,52,26,26
50713,Selathiel,burning-blade,1519,warrior,fury,59,36,23
50714,Blazingfury,area-52,1519,warrior,fury,31,17,14
50715,Crohdey,madoran,1519,warrior,fury,120,65,55
50716,Shibaraku,tichondrius,1518,warrior,fury,315,152,163
50717,Abomlnatlon,tichondrius,1517,warrior,fury,60,34,26
50718,Hazknar,azralon,1517,warrior,fury,54,27,27
50719,Invdeath,azralon,1517,warrior,fury,46,23,23
50720,Pitchman,tichondrius,1516,warrior,fury,53,28,25
50721,Zitfrlt,wildhammer,1515,warrior,fury,87,39,48
50722,Rafurk,area-52,1514,warrior,fury,48,28,20
50723,Magnis,stormrage,1514,warrior,fury,78,39,39
50724,Playbox,area-52,1514,warrior,fury,83,37,46
50725,Fkt,frostmourne,1512,warrior,fury,31,17,14
50726,Mytharion,sargeras,1511,warrior,fury,30,18,12
50727,Machomanran,zuljin,1509,warrior,fury,89,47,42
50728,Jorked,drakkari,1509,warrior,fury,68,35,33
50729,Mayonnaise,ragnaros,1509,warrior,fury,36,18,18
50730,Mezmer,sargeras,1508,warrior,fury,30,21,9
50731,Koei,illidan,1508,warrior,fury,24,16,8
50732,Connero,stormrage,1508,warrior,fury,42,21,21
50733,Daelganis,blood-furnace,1505,warrior,fury,65,32,33
50734,Anandamide,frostwolf,1503,warrior,fury,51,27,24
50735,Grômm,tichondrius,1500,warrior,fury,63,33,30
50736,Nimna,moon-guard,1499,warrior,fury,59,29,30
50737,Evilkorean,tichondrius,1496,warrior,fury,108,55,53
50738,Koppo,kelthuzad,1496,warrior,fury,42,18,24
50739,Venirith,moon-guard,1495,warrior,fury,82,43,39
50740,Zombad,azralon,1495,warrior,fury,50,26,24
50741,Stoopkid,uldum,1494,warrior,fury,58,29,29
50742,Thunderfurry,drakkari,1494,warrior,fury,63,30,33
50743,Varith,sargeras,1493,warrior,fury,54,26,28
50744,Xenogears,boulderfist,1493,warrior,fury,48,19,29
50745,Goon,frostmourne,1490,warrior,fury,40,23,17
50746,Tithousand,tichondrius,1490,warrior,fury,36,20,16
50747,Albinosword,azralon,1488,warrior,fury,74,37,37
50748,Zerkxi,kelthuzad,1486,warrior,fury,39,22,17
50749,Wolurog,emerald-dream,1485,warrior,fury,30,21,9
50750,Shádo,darkspear,1485,warrior,fury,36,23,13
50751,Feetmann,illidan,1484,warrior,fury,54,33,21
50752,Viagraliker,tichondrius,1484,warrior,fury,93,52,41
50753,Carnemølida,thrall,1484,warrior,fury,58,28,30
50754,Ronok,ghostlands,1481,warrior,fury,42,26,16
50755,Brugo,area-52,1481,warrior,fury,81,50,31
50756,Know,anetheron,1480,warrior,fury,39,25,14
50757,Ikoré,saurfang,1480,warrior,fury,81,44,37
50758,Berthibar,dalaran,1480,warrior,fury,111,52,59
50759,Genrÿuusai,azralon,1478,warrior,fury,35,19,16
50760,Lavablood,moon-guard,1478,warrior,fury,48,22,26
50761,Benchpress,bleeding-hollow,1474,warrior,fury,72,35,37
50762,Karusuke,stormrage,1472,warrior,fury,36,21,15
50763,Hjomura,quelthalas,1472,warrior,fury,42,20,22
50764,Ruktar,akama,1471,warrior,fury,60,30,30
50765,Ruuthless,sargeras,1470,warrior,fury,121,60,61
50766,Sensho,azralon,1469,warrior,fury,64,35,29
50767,Himiko,kaelthas,1469,warrior,fury,69,34,35
50768,Whitetaure,arthas,1469,warrior,fury,42,18,24
50769,Braxtön,moon-guard,1467,warrior,fury,66,32,34
50770,Badoosh,kaelthas,1466,warrior,fury,40,26,14
50771,Hôdû,tichondrius,1466,warrior,fury,58,32,26
50772,Jubeithos,draktharon,1466,warrior,fury,60,28,32
50773,Gentlehugs,illidan,1465,warrior,fury,29,16,13
50774,Nixe,caelestrasz,1465,warrior,fury,86,41,45
50775,Cliveswife,frostmourne,1462,warrior,fury,23,16,7
50776,Teyroporah,azralon,1462,warrior,fury,63,34,29
50777,Violençe,malganis,1462,warrior,fury,42,19,23
50778,Tacomeat,malorne,1461,warrior,fury,40,21,19
50779,Commandó,proudmoore,1460,warrior,fury,71,42,29
50780,Eatmyblade,wyrmrest-accord,1460,warrior,fury,229,110,119
50781,Mòrgo,agamaggan,1458,warrior,fury,30,20,10
50782,Nornogin,tichondrius,1458,warrior,fury,48,24,24
50783,Celere,azralon,1458,warrior,fury,54,23,31
50784,Mandremin,moon-guard,1456,warrior,fury,24,17,7
50785,Gokkuu,dragonblight,1456,warrior,fury,54,31,23
50786,Cogsbixby,aerie-peak,1455,warrior,fury,30,21,9
50787,Rhann,kelthuzad,1454,warrior,fury,44,23,21
50788,Corbray,frostmourne,1454,warrior,fury,42,20,22
50789,Joog,kalecgos,1454,warrior,fury,34,16,18
50790,Ragnararagor,ragnaros,1452,warrior,fury,257,126,131
50791,Machâ,illidan,1451,warrior,fury,35,17,18
50792,Fearlessly,moon-guard,1450,warrior,fury,154,79,75
50793,Calzonez,bloodscalp,1449,warrior,fury,53,31,22
50794,Kortera,malganis,1449,warrior,fury,59,33,26
50795,Chounshiryu,drakkari,1449,warrior,fury,245,126,119
50796,Wazy,ragnaros,1448,warrior,fury,66,31,35
50797,Rodahn,emerald-dream,1447,warrior,fury,36,20,16
50798,Bestgrunt,tichondrius,1446,warrior,fury,102,46,56
50799,Kombatwombat,kaelthas,1444,warrior,fury,26,17,9
50800,Lujzika,stormreaver,1439,warrior,fury,24,17,7
50801,Smexxin,tichondrius,1439,warrior,fury,24,15,9
50802,Saabre,tichondrius,1438,warrior,fury,66,33,33
50803,Sarovek,thrall,1437,warrior,fury,48,27,21
50804,Gromkhor,tichondrius,1436,warrior,fury,24,15,9
50805,Vheraxes,sargeras,1435,warrior,fury,24,15,9
50806,Bigjier,proudmoore,1435,warrior,fury,68,34,34
50807,Turboboy,tichondrius,1434,warrior,fury,24,15,9
50808,Elken,haomarush,1434,warrior,fury,48,26,22
50809,Spaceburied,illidan,1433,warrior,fury,102,47,55
50810,Azázyel,quelthalas,1433,warrior,fury,48,19,29
50811,Cenanuandra,gnomeregan,1432,warrior,fury,64,36,28
50812,Mankus,tichondrius,1432,warrior,fury,90,45,45
50813,Apeal,skullcrusher,1431,warrior,fury,96,51,45
50814,Lingho,illidan,1430,warrior,fury,30,15,15
50815,Jhalma,stormrage,1430,warrior,fury,30,15,15
50816,Chlord,proudmoore,1430,warrior,fury,30,15,15
50817,Progesterone,bleeding-hollow,1429,warrior,fury,36,15,21
50818,Décapitator,area-52,1428,warrior,fury,36,15,21
50819,Vnw,illidan,1427,warrior,fury,24,15,9
50820,Toberino,illidan,1427,warrior,fury,24,15,9
50821,Kaladbolg,tichondrius,1427,warrior,fury,84,47,37
50822,Wurrukattezz,tichondrius,1427,warrior,fury,50,26,24
50823,Limpninny,dalaran,1426,warrior,fury,39,17,22
50824,Extremerogu,tichondrius,1423,warrior,fury,41,22,19
50825,Kârzâ,dawnbringer,1423,warrior,fury,66,35,31
50826,Tenger,velen,1422,warrior,fury,101,56,45
50827,Maciste,exodar,1422,warrior,fury,30,15,15
50828,Murderwalk,shadowmoon,1422,warrior,fury,39,19,20
50829,Modzilla,aerie-peak,1422,warrior,fury,54,26,28
50830,Xannypatrol,tichondrius,1421,warrior,fury,83,45,38
50831,Attractive,silvermoon,1420,warrior,fury,103,57,46
50832,Asuna,burning-blade,1420,warrior,fury,46,24,22
50833,Heenguer,azralon,1420,warrior,fury,60,31,29
50834,Quinntis,anvilmar,1420,warrior,fury,30,15,15
50835,Äléx,frostmourne,1418,warrior,fury,36,22,14
50836,Majindoom,illidan,1418,warrior,fury,47,27,20
50837,Gromarth,wyrmrest-accord,1418,warrior,fury,70,38,32
50838,Kross,illidan,1417,warrior,fury,53,27,26
50839,Moriax,azralon,1416,warrior,fury,124,64,60
50840,Lechonk,suramar,1415,warrior,fury,30,16,14
50841,Thyssara,moon-guard,1412,warrior,fury,93,48,45
50842,Zareshi,sargeras,1412,warrior,fury,140,71,69
50843,Harkeigh,wyrmrest-accord,1412,warrior,fury,36,18,18
50844,Fendimonster,tichondrius,1410,warrior,fury,178,96,82
50845,Warsongwolf,tichondrius,1409,warrior,fury,78,36,42
50846,Iskandr,amanthul,1408,warrior,fury,105,51,54
50847,Galigiggs,emerald-dream,1407,warrior,fury,24,15,9
50848,Burtiera,wyrmrest-accord,1407,warrior,fury,54,33,21
50849,Errejota,illidan,1406,warrior,fury,54,26,28
50850,Gorrtog,stormrage,1406,warrior,fury,195,92,103
50851,Destructör,nagrand,1406,warrior,fury,60,28,32
50852,Biggbudzz,sargeras,1404,warrior,fury,30,16,14
50853,Bloodhârdt,area-52,1404,warrior,fury,36,18,18
50854,Exëqt,area-52,1404,warrior,fury,60,25,35
50855,Originalkhan,stormrage,1401,warrior,fury,36,16,20
50856,Sindarin,eitrigg,1400,warrior,fury,54,32,22
50857,Kolgrim,hyjal,1400,warrior,fury,27,16,11
50858,Xurug,zuljin,1400,warrior,fury,30,15,15
50859,Fluffytaco,illidan,1395,warrior,fury,60,32,28
50860,Lyonele,moon-guard,1394,warrior,fury,50,28,22
50861,Ourhero,malganis,1392,warrior,fury,27,16,11
50862,Zekken,blades-edge,1392,warrior,fury,77,39,38
50863,Sïxsnacks,stormrage,1389,warrior,fury,26,16,10
50864,Kujø,wyrmrest-accord,1388,warrior,fury,48,22,26
50865,Tinyterror,sargeras,1386,warrior,fury,48,22,26
50866,Zerríck,moon-guard,1385,warrior,fury,78,38,40
50867,Bhutjolokia,ragnaros,1385,warrior,fury,42,19,23
50868,Noten,thunderlord,1383,warrior,fury,72,39,33
50869,Quuavo,tichondrius,1383,warrior,fury,42,22,20
50870,Rageinc,jubeithos,1383,warrior,fury,62,28,34
50871,Vedrikk,ragnaros,1382,warrior,fury,30,16,14
50872,Kratøz,tichondrius,1382,warrior,fury,36,18,18
50873,Impaling,moon-guard,1381,warrior,fury,30,18,12
50874,Aarmii,ragnaros,1381,warrior,fury,65,31,34
50875,Thywub,proudmoore,1380,warrior,fury,36,17,19
50876,Weesten,aerie-peak,1378,warrior,fury,178,99,79
50877,Swiffy,stormrage,1375,warrior,fury,46,29,17
50878,Zootonius,bloodscalp,1368,warrior,fury,36,20,16
50879,Firmware,illidan,1368,warrior,fury,34,15,19
50880,Âragorn,tichondrius,1366,warrior,fury,28,15,13
50881,Áres,spinebreaker,1366,warrior,fury,48,24,24
50882,Hêllseeker,ragnaros,1365,warrior,fury,52,24,28
50883,Crushanater,tichondrius,1364,warrior,fury,33,17,16
50884,Aladrynne,dalaran,1364,warrior,fury,177,84,93
50885,Trco,quelthalas,1361,warrior,fury,42,22,20
50886,Nebgleb,bleeding-hollow,1360,warrior,fury,24,16,8
50887,Reesse,eonar,1360,warrior,fury,30,17,13
50888,Emotionaldps,malygos,1360,warrior,fury,141,74,67
50889,Ivanzaytsev,ragnaros,1360,warrior,fury,78,40,38
50890,Johnnysnowx,sargeras,1359,warrior,fury,107,54,53
50891,Headsour,thunderhorn,1359,warrior,fury,41,18,23
50892,Youserg,khazgoroth,1356,warrior,fury,111,55,56
50893,Matthegreat,area-52,1354,warrior,fury,51,25,26
50894,Cougaloo,sargeras,1348,warrior,fury,54,26,28
50895,Grumok,tichondrius,1345,warrior,fury,32,15,17
50896,Rerollrogue,thrall,1344,warrior,fury,95,42,53
50897,Contradict,thrall,1343,warrior,fury,42,20,22
50898,Arfzz,zangarmarsh,1343,warrior,fury,36,16,20
50899,Varlekt,frostmourne,1342,warrior,fury,65,34,31
50900,Deseroth,illidan,1341,warrior,fury,30,14,16
50901,Warföx,stormrage,1341,warrior,fury,42,19,23
50902,Xiaoyujin,proudmoore,1337,warrior,fury,24,14,10
50903,Rekill,emerald-dream,1337,warrior,fury,24,14,10
50904,Ryukendo,stormrage,1337,warrior,fury,70,38,32
50905,Michaela,moon-guard,1336,warrior,fury,24,14,10
50906,Ensïs,moon-guard,1335,warrior,fury,54,22,32
50907,Ciellë,proudmoore,1334,warrior,fury,27,17,10
50908,Ciege,illidan,1333,warrior,fury,24,14,10
50909,Râvik,illidan,1332,warrior,fury,30,14,16
50910,Zartren,khazgoroth,1331,warrior,fury,24,14,10
50911,Breaker,undermine,1331,warrior,fury,30,14,16
50912,Kelandrin,illidan,1330,warrior,fury,36,21,15
50913,Sansãocore,nemesis,1330,warrior,fury,52,22,30
50914,Worryor,bleeding-hollow,1329,warrior,fury,24,14,10
50915,Alysson,moon-guard,1329,warrior,fury,24,14,10
50916,Dabier,bleeding-hollow,1329,warrior,fury,68,30,38
50917,Bingin,stormrage,1327,warrior,fury,36,17,19
50918,Mikejustice,kelthuzad,1326,warrior,fury,130,61,69
50919,Timer,nagrand,1325,warrior,fury,30,18,12
50920,Bondeye,stormrage,1325,warrior,fury,83,38,45
50921,Leturen,emerald-dream,1324,warrior,fury,35,19,16
50922,Klieterious,bleeding-hollow,1323,warrior,fury,30,14,16
50923,Uggtrick,zuljin,1321,warrior,fury,86,41,45
50924,Gomachi,moon-guard,1321,warrior,fury,37,15,22
50925,Perserve,thunderlord,1321,warrior,fury,72,27,45
50926,Jingson,moon-guard,1319,warrior,fury,27,15,12
50927,Galaxarr,bonechewer,1319,warrior,fury,65,32,33
50928,Maarilayne,wyrmrest-accord,1315,warrior,fury,36,20,16
50929,Metalstorms,firetree,1315,warrior,fury,66,33,33
50930,Zenrrei,ragnaros,1315,warrior,fury,31,15,16
50931,Hellframe,ysondre,1315,warrior,fury,42,17,25
50932,Ísrafel,ragnaros,1314,warrior,fury,30,17,13
50933,Dissx,illidan,1308,warrior,fury,54,23,31
50934,Crixsullus,sargeras,1307,warrior,fury,36,20,16
50935,Panicbutton,proudmoore,1306,warrior,fury,24,14,10
50936,Tüssèll,khazgoroth,1306,warrior,fury,97,48,49
50937,Assaulttank,drenden,1306,warrior,fury,48,20,28
50938,Makcumba,ragnaros,1305,warrior,fury,41,19,22
50939,Lighttaker,proudmoore,1302,warrior,fury,96,51,45
50940,Washim,area-52,1301,warrior,fury,47,26,21
50941,Osannd,tichondrius,1301,warrior,fury,66,31,35
50942,Goleus,emerald-dream,1299,warrior,fury,42,17,25
50943,Maytrix,bleeding-hollow,1298,warrior,fury,66,33,33
50944,Xeto,ragnaros,1296,warrior,fury,34,20,14
50945,Fabian,kelthuzad,1296,warrior,fury,76,40,36
50946,Orrof,antonidas,1296,warrior,fury,129,59,70
50947,Ghazzghkull,illidan,1295,warrior,fury,29,16,13
50948,Rageraz,trollbane,1294,warrior,fury,24,15,9
50949,Joxer,nordrassil,1293,warrior,fury,48,25,23
50950,Iblith,sargeras,1291,warrior,fury,42,23,19
50951,Mcburger,barthilas,1290,warrior,fury,36,18,18
50952,Hup,dethecus,1290,warrior,fury,36,14,22
50953,Funk,illidan,1289,warrior,fury,36,14,22
50954,Syaon,moon-guard,1288,warrior,fury,36,21,15
50955,Wuushang,area-52,1288,warrior,fury,62,31,31
50956,Slaggdad,illidan,1287,warrior,fury,126,56,70
50957,Grommasth,jubeithos,1286,warrior,fury,30,17,13
50958,Nezzarek,sargeras,1286,warrior,fury,91,38,53
50959,Heavymetalyo,sargeras,1285,warrior,fury,36,20,16
50960,Zweihänder,nemesis,1284,warrior,fury,23,14,9
50961,Sheerwill,wyrmrest-accord,1281,warrior,fury,42,18,24
50962,Smasher,garona,1277,warrior,fury,36,16,20
50963,Blackpro,sargeras,1275,warrior,fury,48,30,18
50964,Rsage,lightbringer,1274,warrior,fury,116,59,57
50965,Orphasmic,moon-guard,1272,warrior,fury,23,14,9
50966,Thorfjin,stormrage,1272,warrior,fury,30,15,15
50967,Spaceguybro,whisperwind,1272,warrior,fury,47,20,27
50968,Screwz,blackrock,1270,warrior,fury,86,45,41
50969,Ivoryana,kelthuzad,1266,warrior,fury,48,25,23
50970,Paí,nemesis,1265,warrior,fury,24,15,9
50971,Elbetoques,ragnaros,1261,warrior,fury,30,18,12
50972,Lilcha,stormrage,1258,warrior,fury,36,15,21
50973,Tiqokz,sargeras,1257,warrior,fury,24,14,10
50974,Savikk,earthen-ring,1256,warrior,fury,42,23,19
50975,Greenugly,tichondrius,1255,warrior,fury,36,16,20
50976,Garce,aerie-peak,1253,warrior,fury,31,16,15
50977,Splints,nesingwary,1252,warrior,fury,44,25,19
50978,Wraithvlad,moon-guard,1252,warrior,fury,91,42,49
50979,Vandrad,stormrage,1252,warrior,fury,123,56,67
50980,Kurishjadar,tichondrius,1251,warrior,fury,66,31,35
50981,Elonownesme,zuljin,1251,warrior,fury,44,20,24
50982,Wariorphilip,moon-guard,1250,warrior,fury,30,18,12
50983,Wiimaann,quelthalas,1250,warrior,fury,31,14,17
50984,Wakkawar,stormrage,1248,warrior,fury,48,24,24
50985,Cryposlice,malganis,1247,warrior,fury,30,13,17
50986,Carnemontana,shadowsong,1246,warrior,fury,24,17,7
50987,Jutank,sargeras,1245,warrior,fury,18,13,5
50988,Verigan,barthilas,1244,warrior,fury,18,13,5
50989,Draxxarlol,zuljin,1244,warrior,fury,24,13,11
50990,Islik,stormrage,1243,warrior,fury,24,13,11
50991,Torkscreww,bleeding-hollow,1243,warrior,fury,24,13,11
50992,Taiine,moon-guard,1243,warrior,fury,24,13,11
50993,Rendard,sargeras,1242,warrior,fury,24,13,11
50994,Buckleboot,illidan,1242,warrior,fury,24,13,11
50995,Cheiftain,dalaran,1241,warrior,fury,30,13,17
50996,Icrìtmypants,dragonmaw,1240,warrior,fury,18,13,5
50997,Smeshyou,kelthuzad,1240,warrior,fury,24,13,11
50998,Akkar,gilneas,1240,warrior,fury,25,13,12
50999,Robocöp,quelthalas,1239,warrior,fury,24,13,11
51000,Thren,tichondrius,1239,warrior,fury,24,13,11
51001,Skipowawa,area-52,1237,warrior,fury,30,16,14
51002,Phandrosa,ragnaros,1237,warrior,fury,31,14,17
51003,Atracasöl,ragnaros,1236,warrior,fury,24,13,11
51004,Maydie,illidan,1235,warrior,fury,24,13,11
51005,Wishayzka,drakkari,1234,warrior,fury,24,13,11
51006,Tranos,zuljin,1234,warrior,fury,30,13,17
51007,Ironpanzer,thrall,1232,warrior,fury,80,37,43
51008,Zephyron,moonrunner,1231,warrior,fury,38,18,20
51009,Renseven,frostmourne,1230,warrior,fury,36,19,17
51010,Cjay,bleeding-hollow,1229,warrior,fury,30,13,17
51011,Kyle,kargath,1227,warrior,fury,34,21,13
51012,Groggam,illidan,1226,warrior,fury,24,13,11
51013,Mnoga,azralon,1226,warrior,fury,48,22,26
51014,Dhaemom,azralon,1225,warrior,fury,96,44,52
51015,Tupacsback,stormrage,1224,warrior,fury,42,23,19
51016,Lawyer,quelthalas,1224,warrior,fury,42,20,22
51017,Furiousangel,area-52,1223,warrior,fury,36,19,17
51018,Tdaddy,lightbringer,1222,warrior,fury,132,66,66
51019,Vornicar,moon-guard,1221,warrior,fury,32,14,18
51020,Beryrn,farstriders,1220,warrior,fury,47,28,19
51021,Warbane,barthilas,1220,warrior,fury,36,19,17
51022,Swággýc,tichondrius,1216,warrior,fury,30,16,14
51023,Akusenshi,dragonblight,1215,warrior,fury,108,52,56
51024,Grosjambes,turalyon,1214,warrior,fury,30,18,12
51025,Tenebrocity,stormrage,1213,warrior,fury,42,19,23
51026,Tayne,ragnaros,1208,warrior,fury,30,14,16
51027,Arrad,sargeras,1207,warrior,fury,54,25,29
51028,Breinan,ragnaros,1205,warrior,fury,51,26,25
51029,Kaíroz,quelthalas,1203,warrior,fury,42,24,18
51030,Zèldris,gallywix,1199,warrior,fury,121,68,53
51031,Starplatinum,aerie-peak,1198,warrior,fury,42,20,22
51032,Rendus,hyjal,1198,warrior,fury,54,21,33
51033,Bigglyjoobs,tichondrius,1195,warrior,fury,23,13,10
51034,Lidia,windrunner,1194,warrior,fury,38,14,24
51035,Madaroy,stormrage,1192,warrior,fury,32,18,14
51036,Tinycutty,frostmourne,1189,warrior,fury,23,13,10
51037,Koraciá,illidan,1188,warrior,fury,42,19,23
51038,Nemesioh,tichondrius,1184,warrior,fury,59,25,34
51039,Honduranhary,sargeras,1183,warrior,fury,34,17,17
51040,Serviettski,zuljin,1181,warrior,fury,36,19,17
51041,Furyknight,velen,1180,warrior,fury,79,41,38
51042,Ragemarley,dalaran,1180,warrior,fury,41,19,22
51043,Akarì,emerald-dream,1176,warrior,fury,30,15,15
51044,Liljon,windrunner,1166,warrior,fury,36,17,19
51045,Zorhn,skywall,1161,warrior,fury,24,18,6
51046,Markodarko,gilneas,1161,warrior,fury,24,13,11
51047,Darthwarr,bleeding-hollow,1156,warrior,fury,35,23,12
51048,Yepkorean,tichondrius,1151,warrior,fury,18,12,6
51049,Líliúm,ragnaros,1151,warrior,fury,31,19,12
51050,Slughörn,moon-guard,1151,warrior,fury,24,12,12
51051,Brutalloli,thrall,1150,warrior,fury,25,13,12
51052,Notcoverage,tichondrius,1150,warrior,fury,24,12,12
51053,Choppin,sargeras,1150,warrior,fury,24,12,12
51054,Ganzism,tichondrius,1150,warrior,fury,24,12,12
51055,Ganzi,tichondrius,1150,warrior,fury,24,12,12
51056,Vulnscan,tichondrius,1149,warrior,fury,30,12,18
51057,Derr,tichondrius,1148,warrior,fury,24,12,12
51058,Ganzar,nesingwary,1148,warrior,fury,30,12,18
51059,Synalia,sargeras,1147,warrior,fury,24,12,12
51060,Justicwar,area-52,1147,warrior,fury,24,12,12
51061,Stånnis,moon-guard,1146,warrior,fury,18,12,6
51062,Lòrdnasher,tichondrius,1146,warrior,fury,21,13,8
51063,Æwarrìor,tichondrius,1146,warrior,fury,24,12,12
51064,Setseno,stormrage,1145,warrior,fury,24,12,12
51065,Faywarsong,area-52,1145,warrior,fury,24,12,12
51066,Brolgo,quelthalas,1145,warrior,fury,42,18,24
51067,Midweststuna,kul-tiras,1144,warrior,fury,18,12,6
51068,Okkin,cairne,1143,warrior,fury,18,12,6
51069,Kanekhy,ragnaros,1143,warrior,fury,28,13,15
51070,Casmier,tichondrius,1141,warrior,fury,18,12,6
51071,Sixtyboost,tichondrius,1139,warrior,fury,24,12,12
51072,Balbyo,shattered-hand,1139,warrior,fury,30,12,18
51073,Hescobarrier,dalaran,1138,warrior,fury,18,12,6
51074,Kaladïn,ragnaros,1135,warrior,fury,18,12,6
51075,Talismantate,quelthalas,1135,warrior,fury,18,12,6
51076,Lucymay,kelthuzad,1130,warrior,fury,42,24,18
51077,Kreyonz,hyjal,1129,warrior,fury,24,12,12
51078,Stinkyfuq,area-52,1128,warrior,fury,18,12,6
51079,Icon,tichondrius,1128,warrior,fury,30,12,18
51080,Chippurrz,illidan,1126,warrior,fury,23,13,10
51081,Chahta,shadowsong,1125,warrior,fury,18,12,6
51082,Roxon,hellscream,1125,warrior,fury,89,45,44
51083,Rakshata,destromath,1125,warrior,fury,24,12,12
51084,Rekitralph,tichondrius,1116,warrior,fury,30,13,17
51085,Evergardens,saurfang,1115,warrior,fury,30,15,15
51086,Irontarkus,garrosh,1112,warrior,fury,18,12,6
51087,Welgo,moon-guard,1112,warrior,fury,24,13,11
51088,Droun,rexxar,1110,warrior,fury,75,37,38
51089,Awell,azralon,1109,warrior,fury,42,21,21
51090,Sphílly,thrall,1107,warrior,fury,36,19,17
51091,Garmeg,nemesis,1105,warrior,fury,78,36,42
51092,Tyraelius,kiljaeden,1103,warrior,fury,39,24,15
51093,Jellyjamz,zuljin,1100,warrior,fury,36,19,17
51094,Rocketcayton,veknilash,1096,warrior,fury,54,30,24
51095,Warriorlee,jubeithos,1096,warrior,fury,27,13,14
51096,Outrage,the-forgotten-coast,1093,warrior,fury,26,13,13
51097,Goinberserk,tichondrius,1093,warrior,fury,34,16,18
51098,Xfootman,quelthalas,1092,warrior,fury,42,25,17
51099,Elkojack,nemesis,1086,warrior,fury,17,12,5
51100,Fatguy,tichondrius,1085,warrior,fury,72,36,36
51101,Dodiru,azralon,1084,warrior,fury,27,13,14
51102,Brodîn,tichondrius,1083,warrior,fury,54,30,24
51103,Elsee,drakkari,1080,warrior,fury,26,12,14
51104,Freakin,ragnaros,1080,warrior,fury,28,12,16
51105,Undmyaxe,shattered-halls,1078,warrior,fury,24,13,11
51106,Rhohan,ysera,1074,warrior,fury,22,12,10
51107,Assmut,stormrage,1074,warrior,fury,35,15,20
51108,Wyrmscream,moon-guard,1067,warrior,fury,114,57,57
51109,Creedz,dreadmaul,1064,warrior,fury,48,21,27
51110,Warkinit,proudmoore,1064,warrior,fury,52,20,32
51111,Notwarried,sargeras,1056,warrior,fury,24,11,13
51112,Brimstoné,wyrmrest-accord,1055,warrior,fury,12,11,1
51113,Nertharul,zuljin,1055,warrior,fury,18,11,7
51114,Ragingboner,aggramar,1055,warrior,fury,18,11,7
51115,Xcuses,area-52,1055,warrior,fury,18,11,7
51116,Nicfury,alterac-mountains,1055,warrior,fury,18,11,7
51117,Flaco,tichondrius,1055,warrior,fury,21,12,9
51118,Gorbagglúk,azralon,1055,warrior,fury,30,15,15
51119,Uhtred,moonrunner,1055,warrior,fury,24,12,12
51120,Bornclueless,illidan,1055,warrior,fury,24,11,13
51121,Bearlornan,frostmourne,1054,warrior,fury,18,11,7
51122,Claymation,tichondrius,1054,warrior,fury,18,11,7
51123,Bártho,area-52,1054,warrior,fury,18,11,7
51124,Sulze,tichondrius,1054,warrior,fury,21,12,9
51125,Mogghul,azralon,1053,warrior,fury,18,11,7
51126,Madwolf,tichondrius,1053,warrior,fury,18,11,7
51127,Chumbinhu,stormrage,1052,warrior,fury,18,11,7
51128,Horvv,frostmourne,1052,warrior,fury,18,11,7
51129,Radisa,sargeras,1051,warrior,fury,30,11,19
51130,Shrekshomie,zuljin,1049,warrior,fury,18,11,7
51131,Ráionshin,quelthalas,1049,warrior,fury,24,11,13
51132,Ghostwalker,akama,1045,warrior,fury,24,11,13
51133,Cåfe,tichondrius,1043,warrior,fury,18,11,7
51134,Marcuss,bonechewer,1043,warrior,fury,18,11,7
51135,Djfredsd,tichondrius,1041,warrior,fury,24,11,13
51136,Offthecharts,mannoroth,1040,warrior,fury,44,22,22
51137,Smallestwar,zuljin,1037,warrior,fury,77,31,46
51138,Owwycowwy,area-52,1032,warrior,fury,36,15,21
51139,Studsrus,aegwynn,1030,warrior,fury,92,46,46
51140,Painfulangel,nesingwary,1028,warrior,fury,44,28,16
51141,Shoteiotoshi,ragnaros,1028,warrior,fury,47,25,22
51142,Danastus,icecrown,1028,warrior,fury,27,11,16
51143,Learila,moon-guard,1027,warrior,fury,30,14,16
51144,Munanio,stormrage,1024,warrior,fury,24,11,13
51145,Lykon,echo-isles,1020,warrior,fury,18,11,7
51146,Leviathanl,bleeding-hollow,1017,warrior,fury,24,11,13
51147,Rumka,draktharon,1015,warrior,fury,65,26,39
51148,Lodog,proudmoore,1012,warrior,fury,28,12,16
51149,Grimfàng,moon-guard,1009,warrior,fury,44,19,25
51150,Éeu,anubarak,1008,warrior,fury,112,58,54
51151,Eamonvalda,dalaran,1003,warrior,fury,21,11,10
51152,Crazysharpz,thaurissan,1001,warrior,fury,29,12,17
51153,Warchine,malganis,994,warrior,fury,27,12,15
51154,Splurger,thrall,991,warrior,fury,17,11,6
51155,Yêawen,tichondrius,990,warrior,fury,20,11,9
51156,Tyranatusk,malganis,989,warrior,fury,18,12,6
51157,Jonÿ,sargeras,989,warrior,fury,84,44,40
51158,Tempusbane,proudmoore,989,warrior,fury,32,11,21
51159,Muufasa,nerzhul,988,warrior,fury,24,13,11
51160,Curacao,dark-iron,987,warrior,fury,26,11,15
51161,Bèèfcake,shattered-hand,984,warrior,fury,20,11,9
51162,Teresabelle,proudmoore,982,warrior,fury,22,11,11
51163,Pulp,sargeras,976,warrior,fury,19,11,8
51164,Elmosmash,thrall,974,warrior,fury,25,11,14
51165,Judessi,kiljaeden,971,warrior,fury,20,11,9
51166,Youngmoneyd,illidan,960,warrior,fury,12,10,2
51167,Wargoph,burning-legion,960,warrior,fury,12,10,2
51168,Dawx,thrall,960,warrior,fury,18,10,8
51169,Hasbullaa,proudmoore,959,warrior,fury,18,10,8
51170,Jadeemerald,kelthuzad,959,warrior,fury,18,10,8
51171,Orrkky,jubeithos,959,warrior,fury,18,10,8
51172,Sixtydolla,kelthuzad,959,warrior,fury,24,10,14
51173,Prestico,ragnaros,959,warrior,fury,24,10,14
51174,Ymìr,moon-guard,959,warrior,fury,24,10,14
51175,Gahenk,chogall,958,warrior,fury,12,10,2
51176,Nïckböï,misha,958,warrior,fury,29,17,12
51177,Worclin,illidan,958,warrior,fury,18,10,8
51178,Reäl,dalaran,958,warrior,fury,18,10,8
51179,Blxckbeard,hyjal,958,warrior,fury,24,10,14
51180,Squishmello,hyjal,957,warrior,fury,12,10,2
51181,Semiru,zuljin,957,warrior,fury,12,10,2
51182,Farklesnarf,tichondrius,957,warrior,fury,18,10,8
51183,Venóm,moon-guard,957,warrior,fury,18,10,8
51184,Bonebreakr,tichondrius,956,warrior,fury,36,11,25
51185,Gorcker,hellscream,955,warrior,fury,18,10,8
51186,Harlow,spirestone,955,warrior,fury,24,10,14
51187,Luckychaos,bleeding-hollow,954,warrior,fury,18,10,8
51188,Lessandro,quelthalas,954,warrior,fury,18,10,8
51189,Alerish,quelthalas,954,warrior,fury,18,10,8
51190,Zerkules,frostmane,954,warrior,fury,24,10,14
51191,Lurtras,exodar,954,warrior,fury,24,10,14
51192,Jcßot,exodar,954,warrior,fury,24,10,14
51193,Nordrages,stormrage,953,warrior,fury,18,10,8
51194,Brutalpløx,illidan,953,warrior,fury,30,10,20
51195,Ironbark,elune,952,warrior,fury,18,10,8
51196,Hewman,aerie-peak,952,warrior,fury,18,10,8
51197,Valkwar,tichondrius,951,warrior,fury,24,10,14
51198,Maytrixx,stormrage,950,warrior,fury,12,10,2
51199,Jellybomb,sargeras,950,warrior,fury,24,10,14
51200,Slumdawgg,andorhal,948,warrior,fury,24,10,14
51201,Urnitemare,hyjal,944,warrior,fury,60,22,38
51202,Tlâloque,quelthalas,943,warrior,fury,24,10,14
51203,Trendxx,stormrage,941,warrior,fury,30,10,20
51204,Gushee,medivh,927,warrior,fury,23,12,11
51205,Darkarus,drakkari,925,warrior,fury,36,14,22
51206,Hùlksmâsh,zuljin,924,warrior,fury,23,13,10
51207,Afelhia,moon-guard,924,warrior,fury,25,11,14
51208,Ghostlyedge,turalyon,918,warrior,fury,72,25,47
51209,Cannan,the-underbog,918,warrior,fury,69,21,48
51210,Flywar,nesingwary,911,warrior,fury,30,12,18
51211,Obiwun,azgalor,910,warrior,fury,17,10,7
51212,Hyperdevil,ragnaros,905,warrior,fury,24,12,12
51213,Dolsorae,malganis,905,warrior,fury,28,11,17
51214,Pigonhae,zuljin,904,warrior,fury,25,12,13
51215,Samdarkblade,kilrogg,898,warrior,fury,33,10,23
51216,Grievouz,nemesis,894,warrior,fury,17,10,7
51217,Xtargaryen,stormrage,893,warrior,fury,20,10,10
51218,Zambonibob,eonar,891,warrior,fury,30,15,15
51219,Copinhodagua,azralon,889,warrior,fury,19,11,8
51220,Tankieone,aggramar,883,warrior,fury,85,31,54
51221,Villäïness,daggerspine,873,warrior,fury,16,10,6
51222,Alexthar,drakkari,866,warrior,fury,62,23,39
51223,Gbrz,stormrage,864,warrior,fury,12,9,3
51224,Notacop,malygos,864,warrior,fury,12,9,3
51225,Shadowstingg,tichondrius,864,warrior,fury,12,9,3
51226,Lindsanv,illidan,864,warrior,fury,18,9,9
51227,Chainsa,stormrage,864,warrior,fury,18,9,9
51228,Astrëa,quelthalas,864,warrior,fury,18,9,9
51229,Baylîfe,illidan,864,warrior,fury,18,9,9
51230,Riftgar,hyjal,864,warrior,fury,18,9,9
51231,Shimizuken,tichondrius,864,warrior,fury,24,9,15
51232,Verrynasty,area-52,863,warrior,fury,12,9,3
51233,Likelygood,tichondrius,863,warrior,fury,12,9,3
51234,Orson,lothar,863,warrior,fury,12,9,3
51235,Squonks,kelthuzad,863,warrior,fury,12,9,3
51236,Flanrych,illidan,863,warrior,fury,12,9,3
51237,Liltom,sargeras,863,warrior,fury,18,9,9
51238,Tyrannus,chogall,863,warrior,fury,18,9,9
51239,Smarthulk,tichondrius,863,warrior,fury,18,9,9
51240,Xakp,tichondrius,863,warrior,fury,18,9,9
51241,Zastrow,dalaran,863,warrior,fury,18,9,9
51242,Elfdestroyer,wyrmrest-accord,863,warrior,fury,18,9,9
51243,Ironsavage,frostmourne,863,warrior,fury,18,9,9
51244,Warborn,agamaggan,863,warrior,fury,24,9,15
51245,Gzilla,queldorei,863,warrior,fury,24,9,15
51246,Youjumpijump,frostmourne,863,warrior,fury,24,9,15
51247,Boryndin,caelestrasz,862,warrior,fury,12,9,3
51248,Tylerdurdenx,dalaran,862,warrior,fury,12,9,3
51249,Statistical,area-52,862,warrior,fury,12,9,3
51250,Kåyotix,proudmoore,862,warrior,fury,18,9,9
51251,Nowarriororc,thrall,862,warrior,fury,18,9,9
51252,Lox,blades-edge,862,warrior,fury,18,9,9
51253,Gurukakko,ragnaros,862,warrior,fury,18,9,9
51254,Kreigër,area-52,862,warrior,fury,18,9,9
51255,Crammed,tichondrius,862,warrior,fury,24,9,15
51256,Virrainy,stormrage,861,warrior,fury,18,9,9
51257,Cannonballz,sargeras,861,warrior,fury,18,9,9
51258,Zépileque,azralon,861,warrior,fury,24,9,15
51259,Maddzspin,tichondrius,860,warrior,fury,18,9,9
51260,Rodorn,frostmourne,860,warrior,fury,22,10,12
51261,Groguu,windrunner,859,warrior,fury,18,9,9
51262,Fartden,tichondrius,859,warrior,fury,18,9,9
51263,Stunninchaos,shattered-hand,859,warrior,fury,24,9,15
51264,Figurefour,tichondrius,858,warrior,fury,12,9,3
51265,Lovehandlez,proudmoore,858,warrior,fury,18,9,9
51266,Papasmurff,zuljin,858,warrior,fury,18,9,9
51267,Melankoma,sargeras,856,warrior,fury,18,9,9
51268,Kræzee,kelthuzad,856,warrior,fury,24,9,15
51269,Mercurial,mugthol,853,warrior,fury,12,9,3
51270,Xauce,queldorei,851,warrior,fury,30,9,21
51271,Trufsoturi,bleeding-hollow,845,warrior,fury,23,9,14
51272,Kajing,boulderfist,836,warrior,fury,19,10,9
51273,Shyliar,thrall,832,warrior,fury,16,9,7
51274,Cønan,stormrage,830,warrior,fury,14,10,4
51275,Cüba,nemesis,828,warrior,fury,30,11,19
51276,Kessahh,moon-guard,820,warrior,fury,18,9,9
51277,Likeachimpx,sargeras,816,warrior,fury,15,10,5
51278,Graverot,burning-legion,815,warrior,fury,17,9,8
51279,Magdar,daggerspine,813,warrior,fury,28,9,19
51280,Haelerostus,moon-guard,811,warrior,fury,54,22,32
51281,Futtmebuck,emerald-dream,810,warrior,fury,18,10,8
51282,Franklinmvrd,stormrage,810,warrior,fury,18,10,8
51283,Damnge,zuljin,806,warrior,fury,21,10,11
51284,Rediger,aggramar,805,warrior,fury,40,16,24
51285,Bargorengar,skullcrusher,797,warrior,fury,108,48,60
51286,Liquidbagel,frostmourne,794,warrior,fury,22,9,13
51287,Jendal,ragnaros,792,warrior,fury,18,9,9
51288,Stompgnomes,malganis,791,warrior,fury,20,9,11
51289,Verallyn,area-52,783,warrior,fury,19,9,10
51290,Klim,grizzly-hills,781,warrior,fury,25,9,16
51291,Eatafrank,tichondrius,779,warrior,fury,19,9,10
51292,Beerstorm,stormrage,768,warrior,fury,12,8,4
51293,Angryexe,zuljin,768,warrior,fury,12,8,4
51294,Tehsuperhero,norgannon,768,warrior,fury,12,8,4
51295,Akenox,area-52,768,warrior,fury,12,8,4
51296,Beforever,kiljaeden,768,warrior,fury,12,8,4
51297,Ramseyx,dalaran,768,warrior,fury,12,8,4
51298,Humanlog,illidan,768,warrior,fury,12,8,4
51299,Swìll,illidan,768,warrior,fury,12,8,4
51300,Rimshotts,sargeras,768,warrior,fury,12,8,4
51301,Bamag,dethecus,768,warrior,fury,12,8,4
51302,Kruma,stormscale,768,warrior,fury,12,8,4
51303,Ryse,aegwynn,768,warrior,fury,12,8,4
51304,Stimm,blood-furnace,768,warrior,fury,12,8,4
51305,Collosalx,stormrage,768,warrior,fury,12,8,4
51306,Idranel,nordrassil,768,warrior,fury,12,8,4
51307,Colonclogger,proudmoore,768,warrior,fury,12,8,4
51308,Bbcapitalist,blackrock,768,warrior,fury,12,8,4
51309,Notfaytful,thrall,768,warrior,fury,15,9,6
51310,Doczz,malganis,768,warrior,fury,18,8,10
51311,Orsex,ragnaros,768,warrior,fury,18,8,10
51312,Asstastic,bonechewer,768,warrior,fury,18,8,10
51313,Coltyn,illidan,768,warrior,fury,18,8,10
51314,Oohsht,tichondrius,768,warrior,fury,18,8,10
51315,Icebringer,frostmourne,768,warrior,fury,24,8,16
51316,Spraten,bonechewer,767,warrior,fury,12,8,4
51317,Mittyroar,khazgoroth,767,warrior,fury,12,8,4
51318,Drunkwarriôr,malygos,767,warrior,fury,12,8,4
51319,Moggos,firetree,767,warrior,fury,12,8,4
51320,Hydrolisk,area-52,767,warrior,fury,12,8,4
51321,Dagrone,drakkari,767,warrior,fury,12,8,4
51322,Mlau,tichondrius,767,warrior,fury,12,8,4
51323,Cidrick,stormrage,767,warrior,fury,12,8,4
51324,Kyres,moon-guard,767,warrior,fury,12,8,4
51325,Trickyshield,durotan,767,warrior,fury,12,8,4
51326,Enzothebaker,thrall,767,warrior,fury,12,8,4
51327,Stoneball,kiljaeden,767,warrior,fury,18,8,10
51328,Warriorox,illidan,767,warrior,fury,18,8,10
51329,Maintarget,malganis,767,warrior,fury,18,8,10
51330,Ungabunga,frostwolf,767,warrior,fury,18,8,10
51331,Wíldcat,illidan,767,warrior,fury,18,8,10
51332,Zaràki,area-52,767,warrior,fury,18,8,10
51333,Gízzmo,tichondrius,767,warrior,fury,18,8,10
51334,Dtrumpo,moon-guard,767,warrior,fury,18,8,10
51335,Furyann,frostmourne,767,warrior,fury,18,8,10
51336,Gorethrax,tichondrius,767,warrior,fury,18,8,10
51337,Kahuwuna,tichondrius,767,warrior,fury,18,8,10
51338,Zêtt,drakkari,767,warrior,fury,18,8,10
51339,Erdres,kelthuzad,767,warrior,fury,22,9,13
51340,Theßull,frostmourne,766,warrior,fury,12,8,4
51341,Darkirondadi,frostmourne,766,warrior,fury,12,8,4
51342,Alrekur,moon-guard,766,warrior,fury,12,8,4
51343,Drumann,hyjal,766,warrior,fury,12,8,4
51344,Droggo,cenarius,766,warrior,fury,12,8,4
51345,Ugrak,frostmourne,766,warrior,fury,12,8,4
51346,Arågòrn,stormrage,766,warrior,fury,18,8,10
51347,Åsc,area-52,766,warrior,fury,18,8,10
51348,Gromtalin,sargeras,766,warrior,fury,18,8,10
51349,Warpaint,azuremyst,766,warrior,fury,18,8,10
51350,Cevadix,azralon,766,warrior,fury,18,8,10
51351,Ayn,llane,766,warrior,fury,18,8,10
51352,Shééylias,moon-guard,766,warrior,fury,24,8,16
51353,Noppô,tichondrius,765,warrior,fury,12,8,4
51354,Hellsinga,stormrage,764,warrior,fury,18,8,10
51355,Zeerohkool,tichondrius,764,warrior,fury,24,8,16
51356,Hishika,quelthalas,763,warrior,fury,15,9,6
51357,Huri,nemesis,763,warrior,fury,30,8,22
51358,Frettyhooman,blood-furnace,762,warrior,fury,12,8,4
51359,Çampbêll,area-52,762,warrior,fury,24,8,16
51360,Alandris,icecrown,760,warrior,fury,18,10,8
51361,Axekill,bleeding-hollow,760,warrior,fury,24,8,16
51362,Vicegripp,misha,759,warrior,fury,18,8,10
51363,Kilp,thrall,751,warrior,fury,17,8,9
51364,Marleau,bleeding-hollow,742,warrior,fury,21,9,12
51365,Slughórn,moon-guard,735,warrior,fury,14,9,5
51366,Arngrimm,area-52,735,warrior,fury,14,9,5
51367,Azmael,sargeras,735,warrior,fury,17,8,9
51368,Vlark,eredar,725,warrior,fury,18,8,10
51369,Dawrzel,tichondrius,724,warrior,fury,28,9,19
51370,Sedition,borean-tundra,719,warrior,fury,11,8,3
51371,Zaraki,moon-guard,704,warrior,fury,16,8,8
51372,Eleronogoth,draka,704,warrior,fury,16,8,8
51373,Akj,sargeras,701,warrior,fury,23,9,14
51374,Lourdadmiwal,aegwynn,699,warrior,fury,30,8,22
51375,Vongrave,moonrunner,672,warrior,fury,12,7,5
51376,Ladderx,area-52,672,warrior,fury,12,7,5
51377,Tonios,stormrage,672,warrior,fury,12,7,5
51378,Ruckw,stormrage,672,warrior,fury,12,7,5
51379,Iinnocence,frostmourne,672,warrior,fury,12,7,5
51380,Calmebigfeet,tichondrius,672,warrior,fury,12,7,5
51381,Eino,llane,672,warrior,fury,12,7,5
51382,Funsyze,garona,672,warrior,fury,12,7,5
51383,Krunas,quelthalas,672,warrior,fury,12,7,5
51384,Kowboy,stormrage,672,warrior,fury,12,7,5
51385,Souserkill,ragnaros,672,warrior,fury,12,7,5
51386,Linara,shandris,672,warrior,fury,12,7,5
51387,Cjz,tichondrius,672,warrior,fury,12,7,5
51388,Alecsten,tichondrius,672,warrior,fury,12,7,5
51389,Canduin,queldorei,672,warrior,fury,12,7,5
51390,Ankhxiety,sargeras,672,warrior,fury,12,7,5
51391,Zoomgar,barthilas,672,warrior,fury,12,7,5
51392,Negleçt,stormrage,672,warrior,fury,12,7,5
51393,Dós,emerald-dream,672,warrior,fury,12,7,5
51394,Mereleona,quelthalas,672,warrior,fury,12,7,5
51395,Sypii,malganis,672,warrior,fury,12,7,5
51396,Heyzulnut,whisperwind,672,warrior,fury,12,7,5
51397,Maar,lightbringer,672,warrior,fury,12,7,5
51398,Stonksi,shadowmoon,672,warrior,fury,12,7,5
51399,Grandorth,moon-guard,672,warrior,fury,12,7,5
51400,Xårren,stormrage,672,warrior,fury,12,7,5
51401,Dustywx,area-52,672,warrior,fury,12,7,5
51402,Ðrëäd,area-52,672,warrior,fury,12,7,5
51403,Kryptonite,illidan,672,warrior,fury,12,7,5
51404,Nylissia,blood-furnace,672,warrior,fury,12,7,5
51405,Iwillcrushyo,darkspear,672,warrior,fury,18,7,11
51406,Ðìbs,moon-guard,672,warrior,fury,18,7,11
51407,Mardrex,korgath,672,warrior,fury,18,7,11
51408,Yahnjee,stormrage,672,warrior,fury,18,7,11
51409,Endlesskilla,destromath,672,warrior,fury,18,7,11
51410,Warhand,frostmourne,672,warrior,fury,18,7,11
51411,Goaco,drakkari,672,warrior,fury,18,7,11
51412,Ëdwärd,moon-guard,672,warrior,fury,18,7,11
51413,Mág,burning-legion,671,warrior,fury,12,7,5
51414,Cptnchocmilk,thrall,671,warrior,fury,12,7,5
51415,Lucicicia,bronzebeard,671,warrior,fury,12,7,5
51416,Seksyme,darkspear,671,warrior,fury,12,7,5
51417,Nokak,borean-tundra,671,warrior,fury,12,7,5
51418,Zikeno,dalaran,671,warrior,fury,12,7,5
51419,Pancárcho,quelthalas,671,warrior,fury,12,7,5
51420,Iorak,queldorei,671,warrior,fury,12,7,5
51421,Quintonious,dark-iron,671,warrior,fury,12,7,5
51422,Pelikanesis,arthas,671,warrior,fury,12,7,5
51423,Ahmorok,moon-guard,671,warrior,fury,12,7,5
51424,Potjiekos,lightninghoof,671,warrior,fury,12,7,5
51425,Yagluth,illidan,671,warrior,fury,12,7,5
51426,Lísterfiend,illidan,671,warrior,fury,12,7,5
51427,Gigantx,tichondrius,671,warrior,fury,12,7,5
51428,Mullf,stormrage,671,warrior,fury,12,7,5
51429,Wårrior,kelthuzad,671,warrior,fury,18,7,11
51430,Remudan,tichondrius,671,warrior,fury,18,7,11
51431,Aggravation,bleeding-hollow,671,warrior,fury,18,7,11
51432,Nondracio,ragnaros,671,warrior,fury,18,7,11
51433,Rockadoodle,tichondrius,671,warrior,fury,18,7,11
51434,Xochicotzin,mugthol,671,warrior,fury,18,7,11
51435,Agonistes,emerald-dream,671,warrior,fury,18,7,11
51436,Cthumoo,moonrunner,671,warrior,fury,18,7,11
51437,Ragnir,kelthuzad,671,warrior,fury,18,7,11
51438,Chacca,suramar,671,warrior,fury,18,7,11
51439,Hughmungús,frostmourne,671,warrior,fury,18,7,11
51440,Ghurrk,hyjal,671,warrior,fury,18,7,11
51441,Xiosè,ragnaros,671,warrior,fury,24,7,17
51442,Ganon,garrosh,670,warrior,fury,12,7,5
51443,Dragnol,quelthalas,670,warrior,fury,12,7,5
51444,Buffygramp,kelthuzad,670,warrior,fury,18,7,11
51445,Bothar,sargeras,670,warrior,fury,18,7,11
51446,Sealee,area-52,669,warrior,fury,12,7,5
51447,Rafaeldantas,azralon,669,warrior,fury,12,7,5
51448,Boneskull,zuljin,669,warrior,fury,12,7,5
51449,Stoneddragon,spinebreaker,669,warrior,fury,12,7,5
51450,Lyzan,stormrage,669,warrior,fury,12,7,5
51451,Gamoosh,illidan,669,warrior,fury,20,7,13
51452,Deáthwing,steamwheedle-cartel,669,warrior,fury,24,7,17
51453,Shadowtitanx,korgath,669,warrior,fury,30,7,23
51454,Nelissa,runetotem,667,warrior,fury,12,7,5
51455,Misgnomer,farstriders,667,warrior,fury,12,7,5
51456,Genesis,zangarmarsh,667,warrior,fury,12,7,5
51457,Sworne,nordrassil,667,warrior,fury,12,7,5
51458,Siiss,stormrage,665,warrior,fury,21,9,12
51459,Keateane,frostmourne,662,warrior,fury,12,7,5
51460,Shhiraq,zuljin,661,warrior,fury,30,7,23
51461,Nighttoker,lightnings-blade,659,warrior,fury,12,7,5
51462,Crashacorn,stormrage,659,warrior,fury,18,7,11
51463,Naughtytwat,tichondrius,639,warrior,fury,14,8,6
51464,Ngu,eldrethalas,639,warrior,fury,17,7,10
51465,Zovudo,area-52,638,warrior,fury,14,8,6
51466,Wintz,dreadmaul,638,warrior,fury,14,8,6
51467,Donjuan,skullcrusher,637,warrior,fury,20,8,12
51468,Nanor,zuljin,635,warrior,fury,14,8,6
51469,Starcade,executus,623,warrior,fury,11,7,4
51470,Iozhua,wyrmrest-accord,617,warrior,fury,22,9,13
51471,Furryhorv,frostmourne,608,warrior,fury,22,7,15
51472,Vorthax,korgath,607,warrior,fury,14,7,7
51473,Rohkvan,illidan,607,warrior,fury,14,7,7
51474,Riguini,tol-barad,606,warrior,fury,14,7,7
51475,Lilreese,tichondrius,592,warrior,fury,13,7,6
51476,Noktyn,haomarush,591,warrior,fury,11,7,4
51477,Grïnk,stormrage,576,warrior,fury,6,6,0
51478,Zankets,area-52,576,warrior,fury,6,6,0
51479,Monreale,area-52,576,warrior,fury,6,6,0
51480,Flaapjack,malganis,576,warrior,fury,6,6,0
51481,Lemondrake,sargeras,576,warrior,fury,6,6,0
51482,Contented,illidan,576,warrior,fury,9,7,2
51483,Rustylugnut,area-52,576,warrior,fury,12,6,6
51484,Ggludan,area-52,576,warrior,fury,12,6,6
51485,Ezcharger,kelthuzad,576,warrior,fury,12,6,6
51486,Jarvîs,moon-guard,576,warrior,fury,12,6,6
51487,Timbermack,moon-guard,576,warrior,fury,12,6,6
51488,Bonafidesimp,stormrage,576,warrior,fury,12,6,6
51489,Rezhan,area-52,576,warrior,fury,12,6,6
51490,Ezeji,area-52,576,warrior,fury,12,6,6
51491,Snowflakee,jaedenar,576,warrior,fury,12,6,6
51492,Fooko,lethon,576,warrior,fury,12,6,6
51493,Exsolacyst,sargeras,576,warrior,fury,12,6,6
51494,New,sargeras,576,warrior,fury,12,6,6
51495,Endurefen,sargeras,576,warrior,fury,12,6,6
51496,Feedzz,area-52,576,warrior,fury,12,6,6
51497,Strongerjaw,tichondrius,576,warrior,fury,12,6,6
51498,Tacrolimus,thrall,576,warrior,fury,12,6,6
51499,Yükana,quelthalas,576,warrior,fury,12,6,6
51500,Whittyxc,tichondrius,576,warrior,fury,12,6,6
51501,Sunamys,illidan,576,warrior,fury,12,6,6
51502,Bigmagron,azralon,576,warrior,fury,12,6,6
51503,Freÿdis,zuljin,576,warrior,fury,12,6,6
51504,Yadiig,illidan,576,warrior,fury,12,6,6
51505,Kaivax,tichondrius,576,warrior,fury,12,6,6
51506,Serzull,area-52,576,warrior,fury,12,6,6
51507,Wardeád,quelthalas,576,warrior,fury,12,6,6
51508,Disarmed,proudmoore,576,warrior,fury,12,6,6
51509,Skoll,illidan,576,warrior,fury,12,6,6
51510,Raeyth,twisting-nether,576,warrior,fury,12,6,6
51511,Lilkrome,illidan,576,warrior,fury,12,6,6
51512,Smokiiwar,proudmoore,576,warrior,fury,12,6,6
51513,Bòne,frostmourne,576,warrior,fury,12,6,6
51514,Rigil,the-forgotten-coast,576,warrior,fury,12,6,6
51515,Gtrain,barthilas,576,warrior,fury,12,6,6
51516,Mordoo,zuljin,576,warrior,fury,12,6,6
51517,Marfas,hyjal,576,warrior,fury,12,6,6
51518,Whateverzhan,tichondrius,576,warrior,fury,12,6,6
51519,Ðrënch,tichondrius,576,warrior,fury,12,6,6
51520,Gamelagged,area-52,576,warrior,fury,12,6,6
51521,Bestseason,kelthuzad,576,warrior,fury,12,6,6
51522,Zertok,ravencrest,576,warrior,fury,12,6,6
51523,Dëåth,azgalor,576,warrior,fury,12,6,6
51524,Erogorn,dawnbringer,576,warrior,fury,12,6,6
51525,Youngmop,eitrigg,576,warrior,fury,12,6,6
51526,Emv,area-52,576,warrior,fury,12,6,6
51527,Benieswar,frostmourne,576,warrior,fury,12,6,6
51528,Kitto,malganis,576,warrior,fury,14,6,8
51529,Assamith,nemesis,576,warrior,fury,18,6,12
51530,Himer,tichondrius,576,warrior,fury,18,6,12
51531,Kritsg,azgalor,576,warrior,fury,18,6,12
51532,Rusteazy,bleeding-hollow,576,warrior,fury,18,6,12
51533,Digitaldj,frostmourne,576,warrior,fury,18,6,12
51534,Forks,malganis,576,warrior,fury,18,6,12
51535,Ludicrous,dreadmaul,575,warrior,fury,12,6,6
51536,Xenyn,malganis,575,warrior,fury,12,6,6
51537,Xanthchaser,stormrage,575,warrior,fury,12,6,6
51538,Burninated,tichondrius,575,warrior,fury,12,6,6
51539,Hoarahløux,trollbane,575,warrior,fury,12,6,6
51540,Mervyn,aegwynn,575,warrior,fury,12,6,6
51541,Chash,frostmourne,575,warrior,fury,12,6,6
51542,Berario,garrosh,575,warrior,fury,12,6,6
51543,Lorelie,malganis,575,warrior,fury,12,6,6
51544,Plidan,shuhalo,575,warrior,fury,12,6,6
51545,Kratthos,azralon,575,warrior,fury,12,6,6
51546,Isitorganic,nesingwary,575,warrior,fury,12,6,6
51547,Trackhawk,moon-guard,575,warrior,fury,12,6,6
51548,Elleaux,bloodscalp,575,warrior,fury,12,6,6
51549,Zokrásh,quelthalas,575,warrior,fury,18,6,12
51550,Redblade,bleeding-hollow,575,warrior,fury,18,6,12
51551,Docmoriarty,malygos,575,warrior,fury,18,6,12
51552,Honorloxo,bleeding-hollow,575,warrior,fury,24,6,18
51553,Waterboylol,malganis,574,warrior,fury,12,6,6
51554,Rageroni,tichondrius,574,warrior,fury,12,6,6
51555,Badairplane,gilneas,574,warrior,fury,12,6,6
51556,Oralo,tichondrius,574,warrior,fury,18,6,12
51557,Siegeshatter,moon-guard,574,warrior,fury,24,6,18
51558,Shiddoshi,ragnaros,569,warrior,fury,12,6,6
51559,Deltong,bonechewer,569,warrior,fury,12,6,6
51560,Boothtowolf,the-forgotten-coast,566,warrior,fury,12,6,6
51561,Alaricck,quelthalas,543,warrior,fury,14,7,7
51562,Tochixchaos,illidan,543,warrior,fury,14,7,7
51563,Ghonad,windrunner,541,warrior,fury,17,6,11
51564,Thorkéll,proudmoore,541,warrior,fury,23,6,17
51565,Tatërs,zuljin,527,warrior,fury,11,6,5
51566,Sinbãd,sargeras,527,warrior,fury,11,6,5
51567,Agarto,illidan,526,warrior,fury,11,6,5
51568,Ángron,ragnaros,511,warrior,fury,11,6,5
51569,Tazmanianfur,akama,480,warrior,fury,6,5,1
51570,Falconheart,wyrmrest-accord,480,warrior,fury,6,5,1
51571,Kaitlanzhan,malganis,480,warrior,fury,6,5,1
51572,Soggynapkin,proudmoore,480,warrior,fury,6,5,1
51573,Korsarro,frostmourne,480,warrior,fury,6,5,1
51574,Beifong,barthilas,480,warrior,fury,6,5,1
51575,Orkussw,illidan,480,warrior,fury,6,5,1
51576,Tryhardr,sargeras,480,warrior,fury,6,5,1
51577,Onyx,auchindoun,480,warrior,fury,6,5,1
51578,Bromgarr,crushridge,480,warrior,fury,6,5,1
51579,Xgraves,sargeras,480,warrior,fury,6,5,1
51580,Dex,saurfang,480,warrior,fury,6,5,1
51581,Kiritarokila,area-52,480,warrior,fury,6,5,1
51582,Balrog,firetree,480,warrior,fury,6,5,1
51583,Arbeon,emerald-dream,480,warrior,fury,6,5,1
51584,Swingretzky,zuljin,480,warrior,fury,6,5,1
51585,Çhloee,the-underbog,480,warrior,fury,6,5,1
51586,Devaya,ragnaros,480,warrior,fury,6,5,1
51587,Finnin,nathrezim,480,warrior,fury,6,5,1
51588,Beleña,dalaran,480,warrior,fury,6,5,1
51589,Smorc,stormrage,480,warrior,fury,6,5,1
51590,Dontlookup,tichondrius,480,warrior,fury,9,6,3
51591,Ramranch,dawnbringer,480,warrior,fury,8,5,3
51592,Victoriaöus,emerald-dream,480,warrior,fury,9,5,4
51593,Hexmaul,zuljin,480,warrior,fury,12,5,7
51594,Slamuëladams,bleeding-hollow,480,warrior,fury,12,5,7
51595,Lilsweet,moon-guard,480,warrior,fury,12,5,7
51596,Còlòssal,moknathal,480,warrior,fury,12,5,7
51597,Pisini,illidan,480,warrior,fury,12,5,7
51598,Sabers,mannoroth,480,warrior,fury,12,5,7
51599,Bdm,mugthol,480,warrior,fury,12,5,7
51600,Trekk,azralon,480,warrior,fury,12,5,7
51601,Nukemdown,darkspear,480,warrior,fury,12,5,7
51602,Swollenbicep,tichondrius,480,warrior,fury,12,5,7
51603,Pápý,ragnaros,480,warrior,fury,12,5,7
51604,Dalinare,area-52,480,warrior,fury,12,5,7
51605,Warkaiser,ragnaros,480,warrior,fury,12,5,7
51606,Kiingkratoz,ragnaros,480,warrior,fury,12,5,7
51607,Chieef,illidan,480,warrior,fury,12,5,7
51608,Vvârriôr,barthilas,480,warrior,fury,12,5,7
51609,Klen,kelthuzad,480,warrior,fury,12,5,7
51610,Dtherockj,kiljaeden,480,warrior,fury,12,5,7
51611,Archibaldo,darkspear,480,warrior,fury,12,5,7
51612,Carnith,arthas,480,warrior,fury,12,5,7
51613,Taurenosaur,illidan,480,warrior,fury,12,5,7
51614,Vallkÿria,goldrinn,480,warrior,fury,12,5,7
51615,Axesomebody,tichondrius,480,warrior,fury,12,5,7
51616,Zulex,dathremar,480,warrior,fury,12,5,7
51617,Tryndamere,nagrand,480,warrior,fury,12,5,7
51618,Marimadelene,aegwynn,480,warrior,fury,12,5,7
51619,Arthurston,tichondrius,480,warrior,fury,12,5,7
51620,Rowdyanders,area-52,480,warrior,fury,12,5,7
51621,Chop,khadgar,480,warrior,fury,12,5,7
51622,Pingolona,nemesis,480,warrior,fury,12,5,7
51623,Sleazedog,kelthuzad,480,warrior,fury,12,5,7
51624,Buhurt,sargeras,480,warrior,fury,12,5,7
51625,Teqniq,kelthuzad,480,warrior,fury,12,5,7
51626,Cubanßûrst,stormrage,480,warrior,fury,12,5,7
51627,Zultråk,quelthalas,480,warrior,fury,12,5,7
51628,Maltrate,hyjal,480,warrior,fury,12,5,7
51629,Resize,wyrmrest-accord,480,warrior,fury,12,5,7
51630,Clansy,moon-guard,480,warrior,fury,12,5,7
51631,Statistic,skullcrusher,480,warrior,fury,12,5,7
51632,Rampagejin,tichondrius,480,warrior,fury,12,5,7
51633,Izhansheni,illidan,480,warrior,fury,12,5,7
51634,Noteko,tichondrius,480,warrior,fury,12,5,7
51635,Orcveinz,tichondrius,480,warrior,fury,17,7,10
51636,Gadlfuerte,ragnaros,480,warrior,fury,14,5,9
51637,Laloman,ragnaros,480,warrior,fury,18,5,13
51638,Dragonrage,tanaris,480,warrior,fury,18,5,13
51639,Thiccsauce,wyrmrest-accord,480,warrior,fury,18,5,13
51640,Georgedubya,illidan,480,warrior,fury,18,5,13
51641,Spinspin,borean-tundra,480,warrior,fury,18,5,13
51642,Zirtag,proudmoore,479,warrior,fury,6,5,1
51643,Morshaz,drakkari,479,warrior,fury,6,5,1
51644,Vonkinky,sargeras,479,warrior,fury,6,5,1
51645,Buckets,chogall,479,warrior,fury,12,5,7
51646,Shoresy,korgath,479,warrior,fury,12,5,7
51647,Gros,exodar,479,warrior,fury,12,5,7
51648,Olegg,laughing-skull,479,warrior,fury,12,5,7
51649,Warsero,tichondrius,479,warrior,fury,12,5,7
51650,Yasser,ragnaros,479,warrior,fury,12,5,7
51651,Ksubîî,frostmourne,479,warrior,fury,12,5,7
51652,Morasar,area-52,479,warrior,fury,12,5,7
51653,Guantid,sargeras,479,warrior,fury,12,5,7
51654,Supersquish,moon-guard,479,warrior,fury,18,5,13
51655,Beilian,quelthalas,478,warrior,fury,24,5,19
51656,Drovik,malygos,477,warrior,fury,18,5,13
51657,Dathrand,aerie-peak,476,warrior,fury,12,5,7
51658,Fabszord,nemesis,476,warrior,fury,12,5,7
51659,Veganwarrior,quelthalas,469,warrior,fury,18,5,13
51660,Blazeowlglad,area-52,463,warrior,fury,17,5,12
51661,Erdnase,ragnaros,447,warrior,fury,11,5,6
51662,Rageverd,malganis,432,warrior,fury,9,5,4
51663,Chiffonade,kelthuzad,432,warrior,fury,11,6,5
51664,Avatarl,ragnaros,432,warrior,fury,15,5,10
51665,Thalloom,thaurissan,432,warrior,fury,15,5,10
51666,Sukstofuk,frostmourne,431,warrior,fury,11,5,6
51667,Daydayfight,illidan,431,warrior,fury,11,5,6
51668,Leónard,moon-guard,431,warrior,fury,11,5,6
51669,Hugz,thrall,431,warrior,fury,11,5,6
51670,Glaros,blood-furnace,431,warrior,fury,11,5,6
51671,Stealheads,dalaran,431,warrior,fury,15,6,9
51672,Panterra,azralon,426,warrior,fury,16,7,9
51673,Bruttallis,frostmane,426,warrior,fury,14,6,8
51674,Forerunner,tichondrius,416,warrior,fury,10,5,5
51675,Akêwñon,stormrage,416,warrior,fury,10,5,5
51676,Israelelel,azralon,416,warrior,fury,10,5,5
51677,Husyuzhi,tichondrius,400,warrior,fury,7,5,2
51678,Kenpachì,kelthuzad,400,warrior,fury,7,5,2
51679,Affeine,malganis,384,warrior,fury,6,4,2
51680,Biggwall,sargeras,384,warrior,fury,6,4,2
51681,Kamidaren,tichondrius,384,warrior,fury,6,4,2
51682,Fornido,quelthalas,384,warrior,fury,6,4,2
51683,Janoski,chogall,384,warrior,fury,6,4,2
51684,Pz,ravencrest,384,warrior,fury,6,4,2
51685,Suzushi,tichondrius,384,warrior,fury,6,4,2
51686,Narwhål,tichondrius,384,warrior,fury,6,4,2
51687,Brogdar,moon-guard,384,warrior,fury,6,4,2
51688,Amphyctionis,zuljin,384,warrior,fury,6,4,2
51689,Walterwhîte,tichondrius,384,warrior,fury,6,4,2
51690,Cujø,tichondrius,384,warrior,fury,6,4,2
51691,Mcfatstuffs,boulderfist,384,warrior,fury,6,4,2
51692,Nerjinzul,bloodscalp,384,warrior,fury,6,4,2
51693,Thistou,quelthalas,384,warrior,fury,6,4,2
51694,Inocencius,ragnaros,384,warrior,fury,6,4,2
51695,Olaqwarraso,sargeras,384,warrior,fury,6,4,2
51696,Painedd,stormrage,384,warrior,fury,6,4,2
51697,Hasbullá,ragnaros,384,warrior,fury,6,4,2
51698,Zhangetsu,emerald-dream,384,warrior,fury,6,4,2
51699,Mortalstrike,chogall,384,warrior,fury,6,4,2
51700,Breké,moon-guard,384,warrior,fury,6,4,2
51701,Jàmiè,wyrmrest-accord,384,warrior,fury,6,4,2
51702,Mordelona,ragnaros,384,warrior,fury,6,4,2
51703,Tobaccocat,stormreaver,384,warrior,fury,6,4,2
51704,Techanina,aerie-peak,384,warrior,fury,6,4,2
51705,Methodicaly,aerie-peak,384,warrior,fury,6,4,2
51706,Controlololx,hyjal,384,warrior,fury,6,4,2
51707,Testees,senjin,384,warrior,fury,6,4,2
51708,Murghol,malganis,384,warrior,fury,6,4,2
51709,Bakadoom,illidan,384,warrior,fury,6,4,2
51710,Youdumbaut,tichondrius,384,warrior,fury,6,4,2
51711,Machutron,quelthalas,384,warrior,fury,6,4,2
51712,Blackbaba,illidan,384,warrior,fury,6,4,2
51713,Unpaused,kelthuzad,384,warrior,fury,6,4,2
51714,Hamcan,dalaran,384,warrior,fury,6,4,2
51715,Nikomasked,kelthuzad,384,warrior,fury,6,4,2
51716,Tomatogodx,sargeras,384,warrior,fury,6,4,2
51717,Sickwidit,kiljaeden,384,warrior,fury,6,4,2
51718,Ricksanches,shadowmoon,384,warrior,fury,6,4,2
51719,Darkoil,illidan,384,warrior,fury,6,4,2
51720,Qram,illidan,384,warrior,fury,6,4,2
51721,Nunu,firetree,384,warrior,fury,6,4,2
51722,Carfal,spirestone,384,warrior,fury,6,4,2
51723,Daemòn,dalaran,384,warrior,fury,6,4,2
51724,Axazel,drakkari,384,warrior,fury,6,4,2
51725,Hêroìnê,tichondrius,384,warrior,fury,6,4,2
51726,Warreeper,area-52,384,warrior,fury,6,4,2
51727,Vilgaxx,area-52,384,warrior,fury,6,4,2
51728,Varkiren,moon-guard,384,warrior,fury,6,4,2
51729,Psyrush,area-52,384,warrior,fury,6,4,2
51730,Flynnstone,tichondrius,384,warrior,fury,6,4,2
51731,Sarachnis,area-52,384,warrior,fury,6,4,2
51732,Ymirock,area-52,384,warrior,fury,6,4,2
51733,Iwooglybool,icecrown,384,warrior,fury,6,4,2
51734,Shino,garona,384,warrior,fury,6,4,2
51735,Slashen,sargeras,384,warrior,fury,6,4,2
51736,Willcharge,tichondrius,384,warrior,fury,6,4,2
51737,Mommystrasza,kelthuzad,384,warrior,fury,6,4,2
51738,Junaid,frostmourne,384,warrior,fury,6,4,2
51739,Samuluo,tichondrius,384,warrior,fury,6,4,2
51740,Xjpig,frostmourne,384,warrior,fury,6,4,2
51741,Gorgoz,area-52,384,warrior,fury,6,4,2
51742,Liltotey,frostmourne,384,warrior,fury,6,4,2
51743,Braxxinn,tichondrius,384,warrior,fury,6,4,2
51744,Danield,illidan,384,warrior,fury,11,4,7
51745,Negrus,sargeras,384,warrior,fury,11,4,7
51746,Beetcoyne,azuremyst,384,warrior,fury,12,4,8
51747,Rägnarök,stormrage,384,warrior,fury,12,4,8
51748,Flexo,moon-guard,384,warrior,fury,12,4,8
51749,Sîn,sargeras,384,warrior,fury,12,4,8
51750,Cýnzz,frostmourne,384,warrior,fury,12,4,8
51751,Bladetko,tichondrius,384,warrior,fury,12,4,8
51752,Skrot,stormrage,384,warrior,fury,12,4,8
51753,Jhalakni,quelthalas,384,warrior,fury,12,4,8
51754,Muradinpica,stormrage,384,warrior,fury,12,4,8
51755,Neak,kelthuzad,384,warrior,fury,12,4,8
51756,Dotlom,wyrmrest-accord,384,warrior,fury,12,4,8
51757,Luosifen,tichondrius,384,warrior,fury,12,4,8
51758,Aitadon,sargeras,384,warrior,fury,12,4,8
51759,Bighamm,tichondrius,384,warrior,fury,12,4,8
51760,Kanosukai,emerald-dream,384,warrior,fury,12,4,8
51761,Krodah,quelthalas,384,warrior,fury,12,4,8
51762,Wanderlie,zangarmarsh,384,warrior,fury,12,4,8
51763,Goremack,hellscream,384,warrior,fury,12,4,8
51764,Pigblind,azralon,384,warrior,fury,12,4,8
51765,Potan,thrall,384,warrior,fury,12,4,8
51766,Aislistraee,moon-guard,384,warrior,fury,12,4,8
51767,Corazondleón,ragnaros,384,warrior,fury,12,4,8
51768,Rezzett,wyrmrest-accord,384,warrior,fury,12,4,8
51769,Appleleon,ragnaros,384,warrior,fury,12,4,8
51770,Drengarusk,area-52,384,warrior,fury,12,4,8
51771,Metalhaed,thrall,384,warrior,fury,12,4,8
51772,Okgotchax,kelthuzad,384,warrior,fury,12,4,8
51773,Nvzah,area-52,384,warrior,fury,12,4,8
51774,Gorm,greymane,384,warrior,fury,12,4,8
51775,Shinshido,tichondrius,384,warrior,fury,12,4,8
51776,Truegit,illidan,384,warrior,fury,12,4,8
51777,Gravo,ragnaros,384,warrior,fury,12,4,8
51778,Sakutarou,lightbringer,384,warrior,fury,12,4,8
51779,Hukzula,illidan,384,warrior,fury,12,4,8
51780,Goatmanee,tichondrius,384,warrior,fury,12,4,8
51781,Nobowar,tichondrius,384,warrior,fury,12,4,8
51782,Worgasum,black-dragonflight,384,warrior,fury,12,4,8
51783,Nasrôth,korialstrasz,384,warrior,fury,12,4,8
51784,Kuragdem,trollbane,384,warrior,fury,18,4,14
51785,Lsays,tichondrius,384,warrior,fury,18,4,14
51786,Captnwrink,ysera,383,warrior,fury,6,4,2
51787,Hæmomancy,moon-guard,383,warrior,fury,12,4,8
51788,Rahmholz,bonechewer,383,warrior,fury,12,4,8
51789,Greggor,frostmourne,383,warrior,fury,12,4,8
51790,Galadon,amanthul,383,warrior,fury,12,4,8
51791,Anger,zuljin,383,warrior,fury,24,4,20
51792,Ünö,proudmoore,382,warrior,fury,6,4,2
51793,Fangerbiter,destromath,382,warrior,fury,6,4,2
51794,Solveighelga,drakkari,381,warrior,fury,12,4,8
51795,Riddickx,dragonblight,379,warrior,fury,12,4,8
51796,Glennyballs,dalaran,379,warrior,fury,12,4,8
51797,Baxel,arthas,367,warrior,fury,11,4,7
51798,Pappin,malganis,351,warrior,fury,11,4,7
51799,Gotrekson,azralon,351,warrior,fury,11,4,7
51800,Koaltank,illidan,351,warrior,fury,14,5,9
51801,Weepingdeath,burning-legion,336,warrior,fury,15,4,11
51802,Darkrevel,dalvengyr,335,warrior,fury,11,4,7
51803,Boonn,frostmourne,330,warrior,fury,13,7,6
51804,Kíngkaisér,azralon,330,warrior,fury,15,6,9
51805,Huleo,tichondrius,330,warrior,fury,14,5,9
51806,Mataviejitos,ragnaros,329,warrior,fury,16,7,9
51807,Fancyboo,malganis,319,warrior,fury,8,4,4
51808,Rohde,nemesis,319,warrior,fury,8,4,4
51809,Racknon,ragnaros,304,warrior,fury,7,4,3
51810,Wallzar,sargeras,304,warrior,fury,13,4,9
51811,Vodak,daggerspine,288,warrior,fury,6,3,3
51812,Gläedr,dalaran,288,warrior,fury,6,3,3
51813,Protstitute,hyjal,288,warrior,fury,6,3,3
51814,Carborr,frostmourne,288,warrior,fury,6,3,3
51815,Kamigoroshi,crushridge,288,warrior,fury,6,3,3
51816,Wwesheamus,frostmourne,288,warrior,fury,6,3,3
51817,Chapublin,ragnaros,288,warrior,fury,6,3,3
51818,Smxrf,hyjal,288,warrior,fury,6,3,3
51819,Bigdickgomez,frostmourne,288,warrior,fury,6,3,3
51820,Goywarr,illidan,288,warrior,fury,6,3,3
51821,Kreamyumyums,tichondrius,288,warrior,fury,6,3,3
51822,Benw,dawnbringer,288,warrior,fury,6,3,3
51823,Instakill,garrosh,288,warrior,fury,6,3,3
51824,Joarmyman,proudmoore,288,warrior,fury,6,3,3
51825,Grantlol,illidan,288,warrior,fury,6,3,3
51826,Malystik,ragnaros,288,warrior,fury,6,3,3
51827,Glexecute,sargeras,288,warrior,fury,6,3,3
51828,Beârz,the-underbog,288,warrior,fury,6,3,3
51829,Colössal,moon-guard,288,warrior,fury,6,3,3
51830,Guillotinè,area-52,288,warrior,fury,6,3,3
51831,Kurowar,drakkari,288,warrior,fury,6,3,3
51832,Madblackcat,illidan,288,warrior,fury,6,3,3
51833,Goyqqw,illidan,288,warrior,fury,6,3,3
51834,Dirtypin,shadowmoon,288,warrior,fury,6,3,3
51835,Uncritable,dalaran,288,warrior,fury,6,3,3
51836,Seymourbot,illidan,288,warrior,fury,6,3,3
51837,Ruffless,skullcrusher,288,warrior,fury,6,3,3
51838,Oprampage,illidan,288,warrior,fury,6,3,3
51839,Satedqq,illidan,288,warrior,fury,6,3,3
51840,Swiftÿ,gurubashi,288,warrior,fury,6,3,3
51841,Crowsfall,aggramar,288,warrior,fury,6,3,3
51842,Pongk,tichondrius,288,warrior,fury,6,3,3
51843,Korland,aerie-peak,288,warrior,fury,6,3,3
51844,Twilightrain,tichondrius,288,warrior,fury,6,3,3
51845,Bruzerk,ragnaros,288,warrior,fury,6,3,3
51846,Kahn,andorhal,288,warrior,fury,6,3,3
51847,Scylall,area-52,288,warrior,fury,6,3,3
51848,Gongos,doomhammer,288,warrior,fury,6,3,3
51849,Tenfury,proudmoore,288,warrior,fury,6,3,3
51850,Mildsauce,illidan,288,warrior,fury,6,3,3
51851,Thaann,illidan,288,warrior,fury,6,3,3
51852,Stellabear,aggramar,288,warrior,fury,6,3,3
51853,Taywar,sargeras,288,warrior,fury,6,3,3
51854,Daddyd,sargeras,288,warrior,fury,6,3,3
51855,Corgii,khaz-modan,288,warrior,fury,6,3,3
51856,Júmmy,area-52,288,warrior,fury,6,3,3
51857,Terazova,tichondrius,288,warrior,fury,6,3,3
51858,Säbeër,ragnaros,288,warrior,fury,6,3,3
51859,Galachad,jubeithos,288,warrior,fury,6,3,3
51860,Abuse,nordrassil,288,warrior,fury,6,3,3
51861,Cassetto,icecrown,288,warrior,fury,6,3,3
51862,Wisslogia,ragnaros,288,warrior,fury,6,3,3
51863,Dözer,icecrown,288,warrior,fury,6,3,3
51864,Çhocothunder,area-52,288,warrior,fury,6,3,3
51865,Rogorof,azralon,288,warrior,fury,6,3,3
51866,Kimed,nordrassil,288,warrior,fury,6,3,3
51867,Wescer,frostmourne,288,warrior,fury,6,3,3
51868,Atruis,area-52,288,warrior,fury,6,3,3
51869,Govosh,thrall,288,warrior,fury,6,3,3
51870,Shadalloo,azralon,288,warrior,fury,6,3,3
51871,Elix,stormscale,288,warrior,fury,6,3,3
51872,Tobyrendrson,area-52,288,warrior,fury,6,3,3
51873,Wolfsbanne,khadgar,288,warrior,fury,6,3,3
51874,Nginx,queldorei,288,warrior,fury,6,3,3
51875,Aruia,proudmoore,288,warrior,fury,6,3,3
51876,Xragnar,area-52,288,warrior,fury,6,3,3
51877,Boitoróh,azralon,288,warrior,fury,6,3,3
51878,Strongboii,tichondrius,288,warrior,fury,6,3,3
51879,Chubw,tichondrius,288,warrior,fury,6,3,3
51880,Demøletiøn,stormrage,288,warrior,fury,6,3,3
51881,Scran,sargeras,288,warrior,fury,6,3,3
51882,Warriorbrain,wyrmrest-accord,288,warrior,fury,6,3,3
51883,Riechst,quelthalas,288,warrior,fury,6,3,3
51884,Demobox,malganis,288,warrior,fury,6,3,3
51885,Heavydoody,moon-guard,288,warrior,fury,6,3,3
51886,Skynitez,area-52,288,warrior,fury,6,3,3
51887,Zerrekarr,wyrmrest-accord,288,warrior,fury,6,3,3
51888,Martrek,amanthul,288,warrior,fury,6,3,3
51889,Gryl,stormrage,288,warrior,fury,6,3,3
51890,Verydanger,emerald-dream,288,warrior,fury,6,3,3
51891,Thegoodson,zuljin,288,warrior,fury,6,3,3
51892,Corvesio,wyrmrest-accord,288,warrior,fury,6,3,3
51893,Lechee,silvermoon,288,warrior,fury,6,3,3
51894,Kwelve,proudmoore,288,warrior,fury,6,3,3
51895,Brøly,sargeras,288,warrior,fury,6,3,3
51896,Cronrow,thunderlord,288,warrior,fury,6,3,3
51897,Hithen,quelthalas,288,warrior,fury,6,3,3
51898,Bloodthornx,quelthalas,288,warrior,fury,6,3,3
51899,Alanoria,skywall,288,warrior,fury,6,3,3
51900,Warbringerr,hydraxis,288,warrior,fury,6,3,3
51901,Painfulsin,tichondrius,288,warrior,fury,6,3,3
51902,Morelz,stormrage,288,warrior,fury,6,3,3
51903,Miyamashi,stormrage,288,warrior,fury,6,3,3
51904,Herkja,barthilas,288,warrior,fury,6,3,3
51905,Santhvel,jubeithos,288,warrior,fury,6,3,3
51906,Makeranbing,barthilas,288,warrior,fury,6,3,3
51907,Aùstin,moon-guard,288,warrior,fury,6,3,3
51908,Broksampson,stormrage,288,warrior,fury,6,3,3
51909,Decimateme,tichondrius,288,warrior,fury,6,3,3
51910,Zemi,sargeras,288,warrior,fury,6,3,3
51911,Lightswords,stormrage,288,warrior,fury,6,3,3
51912,Executie,duskwood,288,warrior,fury,6,3,3
51913,Durres,tichondrius,288,warrior,fury,6,3,3
51914,Razzik,emerald-dream,288,warrior,fury,6,3,3
51915,Milkmebby,bleeding-hollow,288,warrior,fury,6,3,3
51916,Slãmpiece,stormrage,288,warrior,fury,6,3,3
51917,Tâlos,magtheridon,288,warrior,fury,6,3,3
51918,Wargasms,alterac-mountains,288,warrior,fury,6,3,3
51919,Bigshett,sargeras,288,warrior,fury,6,3,3
51920,Mammo,khazgoroth,288,warrior,fury,6,3,3
51921,Jethrix,kelthuzad,288,warrior,fury,6,3,3
51922,Tsathoggua,kiljaeden,288,warrior,fury,6,3,3
51923,Cocó,sargeras,288,warrior,fury,6,3,3
51924,Aeros,winterhoof,288,warrior,fury,6,3,3
51925,Vengxdor,stormrage,288,warrior,fury,6,3,3
51926,Peterheater,emerald-dream,288,warrior,fury,6,3,3
51927,Kénblock,tichondrius,288,warrior,fury,6,3,3
51928,Rí,moon-guard,288,warrior,fury,6,3,3
51929,Orcly,kilrogg,288,warrior,fury,6,3,3
51930,Kàli,kiljaeden,288,warrior,fury,6,3,3
51931,Anticiðe,zuljin,288,warrior,fury,6,3,3
51932,Swíshersweét,kelthuzad,288,warrior,fury,6,3,3
51933,Barbarìan,bleeding-hollow,288,warrior,fury,6,3,3
51934,Mcdowëll,moon-guard,288,warrior,fury,6,3,3
51935,Zangre,stormrage,288,warrior,fury,6,3,3
51936,Unng,emerald-dream,288,warrior,fury,6,3,3
51937,Bled,quelthalas,288,warrior,fury,10,4,6
51938,Cøpperpøt,bleeding-hollow,288,warrior,fury,9,3,6
51939,Serrabella,illidan,288,warrior,fury,12,3,9
51940,Irallianaa,daggerspine,288,warrior,fury,12,3,9
51941,Krilles,tichondrius,288,warrior,fury,12,3,9
51942,Blackscale,grizzly-hills,288,warrior,fury,12,3,9
51943,Painquin,boulderfist,288,warrior,fury,12,3,9
51944,Shínkicker,area-52,288,warrior,fury,12,3,9
51945,Kromgrall,tichondrius,288,warrior,fury,12,3,9
51946,Pastorpeen,thrall,288,warrior,fury,12,3,9
51947,Leonz,undermine,288,warrior,fury,12,3,9
51948,Apolio,magtheridon,288,warrior,fury,12,3,9
51949,Rólex,tichondrius,288,warrior,fury,12,3,9
51950,Kimuraa,hyjal,288,warrior,fury,12,3,9
51951,Mfgodofwar,kelthuzad,288,warrior,fury,12,3,9
51952,Seanpaiuwu,zuljin,288,warrior,fury,12,3,9
51953,Stromkiller,stormrage,288,warrior,fury,12,3,9
51954,Flexìn,tichondrius,288,warrior,fury,12,3,9
51955,Tríxman,moon-guard,288,warrior,fury,12,3,9
51956,Warseed,ragnaros,288,warrior,fury,12,3,9
51957,Lynn,zangarmarsh,288,warrior,fury,12,3,9
51958,Banggo,frostmourne,288,warrior,fury,12,3,9
51959,Gristly,sargeras,288,warrior,fury,12,3,9
51960,Barcëlð,frostmourne,288,warrior,fury,12,3,9
51961,Ratface,frostmourne,288,warrior,fury,12,3,9
51962,Zelekron,emerald-dream,288,warrior,fury,12,3,9
51963,Krimmjðw,sargeras,288,warrior,fury,12,3,9
51964,Jujuassgeter,darkspear,288,warrior,fury,18,3,15
51965,Norru,moon-guard,288,warrior,fury,18,3,15
51966,Disclone,tichondrius,287,warrior,fury,6,3,3
51967,Eadsmasher,jubeithos,287,warrior,fury,6,3,3
51968,Worc,aggramar,287,warrior,fury,6,3,3
51969,Croxxs,aegwynn,287,warrior,fury,6,3,3
51970,Monsterpepe,tichondrius,287,warrior,fury,12,3,9
51971,Daymancometh,proudmoore,271,warrior,fury,11,3,8
51972,Zolpidem,nemesis,255,warrior,fury,11,3,8
51973,Bigdaddyzees,bleeding-hollow,255,warrior,fury,11,3,8
51974,Kitiará,area-52,240,warrior,fury,9,4,5
51975,Gwod,stormrage,239,warrior,fury,5,3,2
51976,Coffeebottom,wyrmrest-accord,239,warrior,fury,5,3,2
51977,Chupelo,tichondrius,239,warrior,fury,5,3,2
51978,Reagzy,stormrage,234,warrior,fury,10,4,6
51979,Schlosh,laughing-skull,223,warrior,fury,8,3,5
51980,Heirel,kelthuzad,208,warrior,fury,7,3,4
51981,Orangerzze,hyjal,200,warrior,fury,25,6,19
51982,Çórý,area-52,192,warrior,fury,4,3,1
51983,Datneck,tichondrius,192,warrior,fury,4,3,1
51984,Mightypikel,illidan,192,warrior,fury,4,3,1
51985,Amaragos,tichondrius,192,warrior,fury,6,4,2
51986,Drefnor,thunderhorn,192,warrior,fury,9,3,6
51987,Drenzywar,scilla,192,warrior,fury,6,2,4
51988,Rageroidz,area-52,192,warrior,fury,6,2,4
51989,Sveenn,area-52,192,warrior,fury,6,2,4
51990,Tigas,icecrown,192,warrior,fury,6,2,4
51991,Beatmeat,frostmourne,192,warrior,fury,6,2,4
51992,Good,garona,192,warrior,fury,6,2,4
51993,Flarkin,area-52,192,warrior,fury,6,2,4
51994,Druckerz,lightnings-blade,192,warrior,fury,6,2,4
51995,Cellyndia,area-52,192,warrior,fury,6,2,4
51996,Momlover,area-52,192,warrior,fury,6,2,4
51997,Hatedßyßlízz,area-52,192,warrior,fury,6,2,4
51998,Jayynorthyy,malganis,192,warrior,fury,6,2,4
51999,Nsanesavage,kelthuzad,192,warrior,fury,6,2,4
52000,Lepzed,area-52,192,warrior,fury,6,2,4
52001,Threg,malganis,192,warrior,fury,6,2,4
52002,Tortag,malganis,192,warrior,fury,6,2,4
52003,Melithiae,barthilas,192,warrior,fury,6,2,4
52004,Shandrar,frostmourne,192,warrior,fury,6,2,4
52005,Sako,amanthul,192,warrior,fury,6,2,4
52006,Vaclein,quelthalas,192,warrior,fury,6,2,4
52007,Gistid,frostmourne,192,warrior,fury,6,2,4
52008,Valko,ragnaros,192,warrior,fury,6,2,4
52009,Tappyz,area-52,192,warrior,fury,6,2,4
52010,Fofefa,ragnaros,192,warrior,fury,6,2,4
52011,Tarkvs,ragnaros,192,warrior,fury,6,2,4
52012,Tepaste,ragnaros,192,warrior,fury,6,2,4
52013,Ghostkin,ragnaros,192,warrior,fury,6,2,4
52014,Elchacál,ragnaros,192,warrior,fury,6,2,4
52015,Azrailz,stormrage,192,warrior,fury,6,2,4
52016,Risingson,argent-dawn,192,warrior,fury,6,2,4
52017,Erikx,ragnaros,192,warrior,fury,6,2,4
52018,Weewarrior,wyrmrest-accord,192,warrior,fury,6,2,4
52019,Unterg,ragnaros,192,warrior,fury,6,2,4
52020,Amberlym,ragnaros,192,warrior,fury,6,2,4
52021,Horahloux,ragnaros,192,warrior,fury,6,2,4
52022,Mimiu,ragnaros,192,warrior,fury,6,2,4
52023,Containerbox,korgath,192,warrior,fury,6,2,4
52024,Koast,aerie-peak,192,warrior,fury,6,2,4
52025,Nebraskapete,wyrmrest-accord,192,warrior,fury,6,2,4
52026,Elyoy,aerie-peak,192,warrior,fury,6,2,4
52027,Ludøciel,moon-guard,192,warrior,fury,6,2,4
52028,Kaniks,dalaran,192,warrior,fury,6,2,4
52029,Persiancoco,tichondrius,192,warrior,fury,6,2,4
52030,Brewstrike,dalaran,192,warrior,fury,6,2,4
52031,Stugwar,moon-guard,192,warrior,fury,6,2,4
52032,Alchremo,dalaran,192,warrior,fury,6,2,4
52033,Slamspam,the-underbog,192,warrior,fury,6,2,4
52034,Cartmain,illidan,192,warrior,fury,6,2,4
52035,Barntley,illidan,192,warrior,fury,6,2,4
52036,Aisinbro,illidan,192,warrior,fury,6,2,4
52037,Greenmachine,twisting-nether,192,warrior,fury,6,2,4
52038,Gangelx,illidan,192,warrior,fury,6,2,4
52039,Ballinx,illidan,192,warrior,fury,6,2,4
52040,Ragetide,illidan,192,warrior,fury,6,2,4
52041,Painstake,illidan,192,warrior,fury,6,2,4
52042,Kraven,haomarush,192,warrior,fury,6,2,4
52043,Iapologiz,illidan,192,warrior,fury,6,2,4
52044,Outo,stormrage,192,warrior,fury,6,2,4
52045,Aqee,illidan,192,warrior,fury,6,2,4
52046,Mekkanic,moon-guard,192,warrior,fury,6,2,4
52047,Jäëgër,moon-guard,192,warrior,fury,6,2,4
52048,Lôwkeyfix,illidan,192,warrior,fury,6,2,4
52049,Tickletickle,illidan,192,warrior,fury,6,2,4
52050,Lopotron,sargeras,192,warrior,fury,6,2,4
52051,Zareos,azralon,192,warrior,fury,6,2,4
52052,Halò,thrall,192,warrior,fury,6,2,4
52053,Hadowar,thrall,192,warrior,fury,6,2,4
52054,Gakatarc,thrall,192,warrior,fury,6,2,4
52055,Verigislena,moon-guard,192,warrior,fury,6,2,4
52056,Andrexion,moon-guard,192,warrior,fury,6,2,4
52057,Brosèph,sargeras,192,warrior,fury,6,2,4
52058,Xanåtos,moon-guard,192,warrior,fury,6,2,4
52059,Dagorine,eredar,192,warrior,fury,6,2,4
52060,Jowesley,azralon,192,warrior,fury,6,2,4
52061,Arx,frostwolf,192,warrior,fury,6,2,4
52062,Estrasystole,sargeras,192,warrior,fury,6,2,4
52063,Ðöminátè,kiljaeden,192,warrior,fury,6,2,4
52064,Dragmös,nemesis,192,warrior,fury,6,2,4
52065,Torimzor,nemesis,192,warrior,fury,6,2,4
52066,Franc,kiljaeden,192,warrior,fury,6,2,4
52067,Backtrack,whisperwind,192,warrior,fury,6,2,4
52068,Peekyblinder,kiljaeden,192,warrior,fury,6,2,4
52069,Blademaw,stormreaver,192,warrior,fury,6,2,4
52070,Clerond,tichondrius,192,warrior,fury,6,2,4
52071,Kokixz,tichondrius,192,warrior,fury,6,2,4
52072,Shrexecute,tichondrius,192,warrior,fury,6,2,4
52073,Itzyourmom,nazjatar,192,warrior,fury,6,2,4
52074,Xiing,azshara,192,warrior,fury,6,2,4
52075,Gotcrit,blood-furnace,192,warrior,fury,6,2,4
52076,Therealflex,zuljin,192,warrior,fury,6,2,4
52077,Neifle,tichondrius,192,warrior,fury,6,2,4
52078,Mortaldznuts,tichondrius,192,warrior,fury,6,2,4
52079,Saltyareolas,destromath,192,warrior,fury,6,2,4
52080,Helder,destromath,192,warrior,fury,6,2,4
52081,Yermalt,tichondrius,192,warrior,fury,6,2,4
52082,Bernardes,stormrage,192,warrior,fury,6,2,4
52083,Kachigas,sargeras,192,warrior,fury,6,2,4
52084,Mussashí,stormrage,192,warrior,fury,6,2,4
52085,Sustantus,emerald-dream,192,warrior,fury,6,2,4
52086,Linios,tichondrius,192,warrior,fury,6,2,4
52087,Twoironfist,azralon,192,warrior,fury,6,2,4
52088,Thrawb,bleeding-hollow,192,warrior,fury,6,2,4
52089,Jeyvil,stormrage,192,warrior,fury,6,2,4
52090,Reishera,stormrage,192,warrior,fury,6,2,4
52091,Hackbbadda,tichondrius,192,warrior,fury,6,2,4
52092,Twilightzza,sargeras,192,warrior,fury,6,2,4
52093,Kalabawph,area-52,192,warrior,fury,6,2,4
52094,Supersteak,tichondrius,192,warrior,fury,6,2,4
52095,Creepedz,tichondrius,192,warrior,fury,6,2,4
52096,Bachyr,stormrage,192,warrior,fury,6,2,4
52097,Veyronn,stormrage,192,warrior,fury,6,2,4
52098,Wqnmlgbd,tichondrius,192,warrior,fury,6,2,4
52099,Jägernaught,stormrage,192,warrior,fury,6,2,4
52100,Yeèzy,stormrage,192,warrior,fury,6,2,4
52101,Skollyd,tichondrius,192,warrior,fury,6,2,4
52102,Wariorwang,tichondrius,192,warrior,fury,6,2,4
52103,Noor,tichondrius,192,warrior,fury,6,2,4
52104,ßoris,grizzly-hills,192,warrior,fury,6,2,4
52105,Uju,lothar,192,warrior,fury,6,2,4
52106,Släughter,zuljin,192,warrior,fury,6,2,4
52107,Boombop,zuljin,192,warrior,fury,6,2,4
52108,Rundai,zuljin,192,warrior,fury,6,2,4
52109,Swinkyzug,tichondrius,192,warrior,fury,6,2,4
52110,Xorjak,tichondrius,192,warrior,fury,6,2,4
52111,Drugdilla,zuljin,192,warrior,fury,6,2,4
52112,Browngusher,sargeras,192,warrior,fury,6,2,4
52113,Saltyniples,aegwynn,192,warrior,fury,6,2,4
52114,Zdokk,sargeras,192,warrior,fury,6,2,4
52115,Birddogs,scarlet-crusade,192,warrior,fury,6,2,4
52116,Warmul,bleeding-hollow,192,warrior,fury,6,2,4
52117,Oledcktwist,garrosh,192,warrior,fury,6,2,4
52118,Bigbadaxe,sargeras,192,warrior,fury,6,2,4
52119,Lokgur,gallywix,192,warrior,fury,6,2,4
52120,Aboveaverage,arthas,192,warrior,fury,6,2,4
52121,Bobisyourmom,tichondrius,192,warrior,fury,6,2,4
52122,Onlyslams,sargeras,192,warrior,fury,6,2,4
52123,Estrozo,sargeras,192,warrior,fury,6,2,4
52124,Wooters,tichondrius,192,warrior,fury,6,2,4
52125,Matahorda,darkspear,192,warrior,fury,6,2,4
52126,Oohdang,tichondrius,192,warrior,fury,6,2,4
52127,Illicitiri,sargeras,192,warrior,fury,6,2,4
52128,Ultraa,lightbringer,192,warrior,fury,6,2,4
52129,Eîghtysîx,sargeras,192,warrior,fury,6,2,4
52130,Bariotyr,the-underbog,192,warrior,fury,6,2,4
52131,Youdeadx,aegwynn,192,warrior,fury,6,2,4
52132,Deafwarrior,sargeras,192,warrior,fury,6,2,4
52133,Ëxecute,darkspear,192,warrior,fury,6,2,4
52134,Bonesheild,ursin,192,warrior,fury,11,2,9
52135,Doappy,darkspear,192,warrior,fury,12,2,10
52136,Gymnopolar,barthilas,192,warrior,fury,12,2,10
52137,Queterompo,ragnaros,192,warrior,fury,12,2,10
52138,Osselan,moon-guard,192,warrior,fury,12,2,10
52139,Pressd,frostmourne,192,warrior,fury,12,2,10
52140,Mickyplate,tichondrius,192,warrior,fury,12,2,10
52141,Nirvyn,quelthalas,191,warrior,fury,6,2,4
52142,Naabii,moon-guard,191,warrior,fury,6,2,4
52143,Leotonywar,tichondrius,191,warrior,fury,6,2,4
52144,Werrewolf,kul-tiras,191,warrior,fury,6,2,4
52145,Wayne,kargath,160,warrior,fury,16,2,14
52146,Sheluh,illidan,159,warrior,fury,5,2,3
52147,Mariò,area-52,159,warrior,fury,5,2,3
52148,Crankyhorn,stormrage,159,warrior,fury,5,2,3
52149,Loosypoosy,magtheridon,159,warrior,fury,5,2,3
52150,Dräxxär,sargeras,138,warrior,fury,10,3,7
52151,Swifty,tichondrius,128,warrior,fury,4,2,2
52152,Chadrich,kilrogg,128,warrior,fury,4,2,2
52153,Fatbarstard,jubeithos,128,warrior,fury,4,2,2
52154,Bootskrapp,azgalor,112,warrior,fury,7,2,5
52155,Bradockqt,azralon,96,warrior,fury,3,2,1
52156,Zuzi,korgath,96,warrior,fury,3,2,1
52157,Warriortimes,ragnaros,96,warrior,fury,6,1,5
52158,Andro,arthas,96,warrior,fury,6,1,5
52159,Polox,ragnaros,96,warrior,fury,6,1,5
52160,Slimeto,area-52,96,warrior,fury,6,1,5
52161,Flabergaster,skullcrusher,96,warrior,fury,6,1,5
52162,Bigk,korgath,96,warrior,fury,6,1,5
52163,Ridemepapi,tichondrius,96,warrior,fury,6,1,5
52164,Rexxous,hyjal,96,warrior,fury,6,1,5
52165,Warritha,ragnaros,96,warrior,fury,6,1,5
52166,Dokoba,bleeding-hollow,96,warrior,fury,6,1,5
52167,Grândmâ,zuljin,96,warrior,fury,6,1,5
52168,Bbyè,tichondrius,96,warrior,fury,6,1,5
52169,Keirina,bonechewer,96,warrior,fury,6,1,5
52170,Broxar,area-52,96,warrior,fury,6,1,5
52171,Kaikah,aegwynn,96,warrior,fury,6,1,5
52172,Slayabunny,icecrown,96,warrior,fury,6,1,5
52173,Aftershóck,daggerspine,96,warrior,fury,6,1,5
52174,Quasi,tichondrius,96,warrior,fury,6,1,5
52175,Kevinersaa,frostmourne,96,warrior,fury,6,1,5
52176,Dabdaddyy,dawnbringer,96,warrior,fury,6,1,5
52177,Agamere,stormrage,96,warrior,fury,6,1,5
52178,Xiaohuzi,tichondrius,96,warrior,fury,6,1,5
52179,Xehm,tichondrius,96,warrior,fury,6,1,5
52180,Radianteyes,quelthalas,96,warrior,fury,6,1,5
52181,Freanor,azralon,96,warrior,fury,6,1,5
52182,Dorathorn,azralon,96,warrior,fury,6,1,5
52183,Largegayman,sargeras,96,warrior,fury,6,1,5
52184,Igmif,stormrage,96,warrior,fury,6,1,5
52185,Carnagè,area-52,96,warrior,fury,6,1,5
52186,Nerdturd,mannoroth,96,warrior,fury,6,1,5
52187,Smashkuntz,lightnings-blade,96,warrior,fury,6,1,5
52188,Ustadbaba,area-52,96,warrior,fury,6,1,5
52189,Bumrushed,tichondrius,96,warrior,fury,6,1,5
52190,Nillor,emerald-dream,96,warrior,fury,6,1,5
52191,Alitalia,thunderlord,96,warrior,fury,6,1,5
52192,Girthyslaps,frostmourne,96,warrior,fury,6,1,5
52193,Jotar,goldrinn,96,warrior,fury,6,1,5
52194,Draann,kirin-tor,96,warrior,fury,6,1,5
52195,Bigwarrior,stonemaul,96,warrior,fury,6,1,5
52196,Omnislash,proudmoore,96,warrior,fury,6,1,5
52197,Genesisxp,barthilas,96,warrior,fury,6,1,5
52198,Trollchopo,kiljaeden,96,warrior,fury,6,1,5
52199,Philbert,alexstrasza,96,warrior,fury,6,1,5
52200,Handain,malganis,96,warrior,fury,6,1,5
52201,Tamagoshi,kiljaeden,96,warrior,fury,6,1,5
52202,Aiforix,gorefiend,96,warrior,fury,6,1,5
52203,Schwicker,stormrage,96,warrior,fury,6,1,5
52204,Murrdock,nesingwary,96,warrior,fury,6,1,5
52205,Magarrior,shadowsong,96,warrior,fury,6,1,5
52206,Horabad,terenas,96,warrior,fury,6,1,5
52207,Trén,hydraxis,96,warrior,fury,6,1,5
52208,Varrian,rivendare,96,warrior,fury,6,1,5
52209,Warrbull,spirestone,96,warrior,fury,6,1,5
52210,Warrdawg,tichondrius,96,warrior,fury,6,1,5
52211,Srze,azralon,96,warrior,fury,6,1,5
52212,Rades,sargeras,96,warrior,fury,6,1,5
52213,Neotico,quelthalas,96,warrior,fury,6,1,5
52214,Arkayla,moon-guard,96,warrior,fury,6,1,5
52215,Freesubs,sargeras,96,warrior,fury,6,1,5
52216,Lifaen,zangarmarsh,96,warrior,fury,6,1,5
52217,Katsarola,cenarion-circle,96,warrior,fury,6,1,5
52218,Jazzkiler,azralon,96,warrior,fury,6,1,5
52219,Pcprincipal,khadgar,96,warrior,fury,6,1,5
52220,Spartacam,frostmourne,96,warrior,fury,6,1,5
52221,Wapistun,thrall,96,warrior,fury,6,1,5
52222,ßallinjr,illidan,96,warrior,fury,6,1,5
52223,Loveføx,stormrage,96,warrior,fury,6,1,5
52224,Aladarith,moon-guard,96,warrior,fury,6,1,5
52225,Augutra,moon-guard,96,warrior,fury,6,1,5
52226,Mafia,dalaran,96,warrior,fury,6,1,5
52227,Xut,moon-guard,96,warrior,fury,6,1,5
52228,Soulmerc,turalyon,96,warrior,fury,6,1,5
52229,Play,dark-iron,96,warrior,fury,6,1,5
52230,Beray,skullcrusher,96,warrior,fury,6,1,5
52231,Lawlstørm,stormrage,96,warrior,fury,6,1,5
52232,Tarviss,exodar,96,warrior,fury,6,1,5
52233,Vvengencezz,the-underbog,96,warrior,fury,6,1,5
52234,Woponese,veknilash,96,warrior,fury,6,1,5
52235,Fletçhér,sargeras,96,warrior,fury,7,1,6
52236,Dragvovar,thrall,96,warrior,fury,7,1,6
52237,Maaxdry,area-52,96,warrior,fury,12,1,11
52238,Furyofbeans,area-52,96,warrior,fury,12,1,11
52239,Zaxari,gurubashi,96,warrior,fury,12,1,11
52240,Mamalonic,ragnaros,96,warrior,fury,12,1,11
52241,Mawdryn,destromath,96,warrior,fury,12,1,11
52242,Cremosö,azralon,64,warrior,fury,4,1,3
52243,Gigglamesh,muradin,64,warrior,fury,4,1,3
52244,Adonis,burning-blade,64,warrior,fury,10,1,9
52245,Coverage,frostmourne,63,warrior,fury,2,2,0
52246,Betametazone,ragnaros,63,warrior,fury,2,2,0
52247,Rageorade,area-52,48,warrior,fury,3,1,2
52248,Kirikash,illidan,42,warrior,fury,6,2,4
52249,Husurnanny,dalaran,42,warrior,fury,7,2,5
52250,Lokiullr,tichondrius,42,warrior,fury,9,2,7
52251,Ztg,tichondrius,42,warrior,fury,11,2,9
52252,Vioar,hyjal,31,warrior,fury,2,1,1
52253,Khàzix,kelthuzad,31,warrior,fury,2,1,1
52254,Spartaacus,windrunner,31,warrior,fury,2,1,1
52255,Sanduin,drakkari,16,warrior,fury,1,1,0
52256,Hapigirl,tichondrius,2283,warrior,arms,66,48,18
52257,Exzistance,area-52,2242,warrior,arms,127,70,57
52258,Río,area-52,2216,warrior,arms,136,72,64
52259,Thiccbiscuit,area-52,2168,warrior,arms,133,67,66
52260,Zhanwudix,tichondrius,2162,warrior,arms,111,62,49
52261,Killbørn,azralon,2156,warrior,arms,90,47,43
52262,Turtleboy,feathermoon,2141,warrior,arms,79,45,34
52263,Todory,moon-guard,2137,warrior,arms,155,78,77
52264,Ikkyuo,proudmoore,2136,warrior,arms,174,93,81
52265,Ðêed,area-52,2133,warrior,arms,81,46,35
52266,Dpoy,tichondrius,2128,warrior,arms,108,54,54
52267,Kraftyx,bleeding-hollow,2125,warrior,arms,72,44,28
52268,Ssamök,ragnaros,2125,warrior,arms,329,168,161
52269,Buckwar,zuljin,2121,warrior,arms,78,41,37
52270,Huzha,tichondrius,2114,warrior,arms,117,64,53
52271,Warried,sargeras,2113,warrior,arms,66,37,29
52272,Tyranitar,proudmoore,2113,warrior,arms,90,50,40
52273,Strife,sargeras,2112,warrior,arms,56,32,24
52274,Vituu,sargeras,2104,warrior,arms,104,54,50
52275,Killborn,tichondrius,2104,warrior,arms,145,73,72
52276,Edgarllama,sargeras,2103,warrior,arms,87,48,39
52277,ßallinjr,illidan,2103,warrior,arms,90,46,44
52278,Huuzha,tichondrius,2102,warrior,arms,95,55,40
52279,Récksus,tichondrius,2101,warrior,arms,74,43,31
52280,Nikomasked,kelthuzad,2100,warrior,arms,66,37,29
52281,Schonkopf,moon-guard,2100,warrior,arms,90,46,44
52282,Vø,agamaggan,2098,warrior,arms,153,79,74
52283,Abswar,tichondrius,2062,warrior,arms,135,80,55
52284,Leans,sargeras,2048,warrior,arms,143,78,65
52285,Tankypandazd,stormrage,2048,warrior,arms,240,123,117
52286,Kimchikick,tichondrius,2047,warrior,arms,179,96,83
52287,Exespamtwo,area-52,2045,warrior,arms,206,112,94
52288,Recksus,tichondrius,2041,warrior,arms,101,63,38
52289,Marsshine,tichondrius,2040,warrior,arms,107,54,53
52290,Orclog,illidan,2033,warrior,arms,72,37,35
52291,Gyracide,area-52,2016,warrior,arms,101,49,52
52292,Icanfixher,moon-guard,2011,warrior,arms,630,318,312
52293,Ddaÿ,tichondrius,2008,warrior,arms,82,40,42
52294,Toutie,tichondrius,2007,warrior,arms,102,54,48
52295,Menethíl,tichondrius,2002,warrior,arms,144,73,71
52296,Foxxfighter,thrall,2000,warrior,arms,77,40,37
52297,Nuqipq,tichondrius,1997,warrior,arms,54,31,23
52298,Bacchanal,illidan,1996,warrior,arms,191,97,94
52299,Leoneceo,azralon,1988,warrior,arms,108,69,39
52300,Cloudxxy,kiljaeden,1988,warrior,arms,69,38,31
52301,Trezturbo,tichondrius,1988,warrior,arms,153,84,69
52302,Icarryrats,tichondrius,1988,warrior,arms,105,52,53
52303,Huugg,skullcrusher,1985,warrior,arms,135,74,61
52304,Arthurjlol,tichondrius,1982,warrior,arms,72,33,39
52305,Zankets,area-52,1981,warrior,arms,144,74,70
52306,Boblennon,tichondrius,1977,warrior,arms,72,33,39
52307,Ironbad,sargeras,1975,warrior,arms,94,50,44
52308,Exëqt,nemesis,1974,warrior,arms,114,61,53
52309,Sick,azralon,1973,warrior,arms,94,46,48
52310,Belàrià,tichondrius,1969,warrior,arms,66,39,27
52311,Lyrics,tichondrius,1969,warrior,arms,62,32,30
52312,Pdbq,tichondrius,1968,warrior,arms,114,59,55
52313,Fanglerondz,area-52,1966,warrior,arms,42,25,17
52314,Bighamm,tichondrius,1965,warrior,arms,71,40,31
52315,Ælilblessedñ,azralon,1964,warrior,arms,154,81,73
52316,Nitron,dawnbringer,1963,warrior,arms,71,36,35
52317,Massacretko,area-52,1962,warrior,arms,88,50,38
52318,Grantlol,illidan,1961,warrior,arms,102,55,47
52319,Og,shattered-hand,1958,warrior,arms,47,29,18
52320,Cammerz,area-52,1949,warrior,arms,132,68,64
52321,Foraken,dragonmaw,1948,warrior,arms,59,36,23
52322,Belàriá,tichondrius,1948,warrior,arms,66,36,30
52323,Tryhardr,sargeras,1948,warrior,arms,230,123,107
52324,Islonely,tichondrius,1944,warrior,arms,138,63,75
52325,Blackpînk,tichondrius,1943,warrior,arms,66,38,28
52326,Yermalx,tichondrius,1941,warrior,arms,54,30,24
52327,Perfs,bleeding-hollow,1931,warrior,arms,108,53,55
52328,Kalpok,tichondrius,1929,warrior,arms,64,33,31
52329,Yermalt,tichondrius,1928,warrior,arms,92,48,44
52330,Xîonorc,ragnaros,1928,warrior,arms,213,110,103
52331,Salgadoryan,stormrage,1928,warrior,arms,208,102,106
52332,Sziw,tichondrius,1926,warrior,arms,192,101,91
52333,Kiggs,tichondrius,1925,warrior,arms,66,34,32
52334,Ricorecklezz,korgath,1925,warrior,arms,66,32,34
52335,Marfas,hyjal,1924,warrior,arms,157,86,71
52336,Bigbait,hyjal,1921,warrior,arms,78,38,40
52337,Gormag,sargeras,1917,warrior,arms,60,35,25
52338,Smorc,stormrage,1917,warrior,arms,60,31,29
52339,Bhaldur,sargeras,1913,warrior,arms,134,74,60
52340,Míasma,ragnaros,1912,warrior,arms,78,35,43
52341,Veilsidewar,kelthuzad,1910,warrior,arms,420,221,199
52342,Cosmicsteel,tichondrius,1908,warrior,arms,88,51,37
52343,Jadeemerald,kelthuzad,1906,warrior,arms,72,40,32
52344,Solastro,malganis,1906,warrior,arms,74,35,39
52345,Destrey,emerald-dream,1905,warrior,arms,71,41,30
52346,Mítos,quelthalas,1904,warrior,arms,198,101,97
52347,Painqt,area-52,1903,warrior,arms,24,20,4
52348,Cutgirl,quelthalas,1903,warrior,arms,74,38,36
52349,Madblackcat,illidan,1902,warrior,arms,58,34,24
52350,Isnlonely,tichondrius,1901,warrior,arms,42,26,16
52351,Rageroidz,area-52,1901,warrior,arms,72,40,32
52352,Azaks,drakkari,1900,warrior,arms,52,28,24
52353,Stáclin,ragnaros,1897,warrior,arms,458,253,205
52354,Musclehead,moon-guard,1893,warrior,arms,117,73,44
52355,Lícketysplít,ysondre,1893,warrior,arms,52,29,23
52356,Kydrav,khadgar,1891,warrior,arms,52,28,24
52357,Jgillz,sargeras,1891,warrior,arms,78,41,37
52358,Paoxiaolol,tichondrius,1890,warrior,arms,73,47,26
52359,Jdubz,frostmourne,1889,warrior,arms,66,36,30
52360,Joshiguy,area-52,1889,warrior,arms,78,36,42
52361,Etchiasoko,gurubashi,1888,warrior,arms,48,33,15
52362,Betterthanu,azralon,1885,warrior,arms,174,91,83
52363,Drdalidou,zuljin,1884,warrior,arms,42,20,22
52364,Arivok,hyjal,1883,warrior,arms,161,81,80
52365,Warclow,tichondrius,1883,warrior,arms,162,81,81
52366,Baitson,hyjal,1882,warrior,arms,60,30,30
52367,Chakø,tichondrius,1878,warrior,arms,96,54,42
52368,Masumura,kaelthas,1877,warrior,arms,62,31,31
52369,Bùbbájr,emerald-dream,1874,warrior,arms,66,31,35
52370,Dishonorkill,dentarg,1873,warrior,arms,37,25,12
52371,Blackpinkx,tichondrius,1873,warrior,arms,48,23,25
52372,Iløveaysla,azralon,1872,warrior,arms,66,31,35
52373,Shadowstingg,tichondrius,1871,warrior,arms,71,33,38
52374,Ignid,tichondrius,1871,warrior,arms,108,49,59
52375,Urdem,moon-guard,1869,warrior,arms,156,87,69
52376,Eqztw,tichondrius,1864,warrior,arms,149,90,59
52377,Ushouldnome,tichondrius,1863,warrior,arms,60,32,28
52378,Dawx,thrall,1862,warrior,arms,65,32,33
52379,Warrgodlol,illidan,1860,warrior,arms,39,20,19
52380,Vascoes,alleria,1859,warrior,arms,180,100,80
52381,Pezy,frostmourne,1858,warrior,arms,120,59,61
52382,Sunamys,illidan,1857,warrior,arms,48,23,25
52383,Evach,kelthuzad,1856,warrior,arms,52,30,22
52384,Spìke,thrall,1856,warrior,arms,149,75,74
52385,Sponsored,argent-dawn,1856,warrior,arms,71,33,38
52386,Pooshshi,illidan,1855,warrior,arms,60,29,31
52387,Falindrah,moon-guard,1854,warrior,arms,66,32,34
52388,Archosaurs,illidan,1854,warrior,arms,48,23,25
52389,Evnine,illidan,1853,warrior,arms,39,29,10
52390,Bakadoom,illidan,1853,warrior,arms,90,53,37
52391,Rafheeki,tichondrius,1853,warrior,arms,90,49,41
52392,Lebanesemvp,tichondrius,1853,warrior,arms,91,49,42
52393,Mynameyaff,tichondrius,1852,warrior,arms,199,115,84
52394,Brahmo,kelthuzad,1852,warrior,arms,66,38,28
52395,Ruzoc,frostmourne,1851,warrior,arms,112,50,62
52396,Demetor,skywall,1850,warrior,arms,53,27,26
52397,Goodlikeplay,ragnaros,1849,warrior,arms,60,34,26
52398,Jikith,proudmoore,1847,warrior,arms,48,23,25
52399,Bigbadbaka,thaurissan,1847,warrior,arms,78,36,42
52400,Icon,tichondrius,1846,warrior,arms,46,35,11
52401,Blozar,illidan,1846,warrior,arms,60,30,30
52402,Kames,garrosh,1845,warrior,arms,160,82,78
52403,Randydanger,illidan,1845,warrior,arms,66,32,34
52404,Ggtk,tichondrius,1845,warrior,arms,66,31,35
52405,Wheyprotein,illidan,1844,warrior,arms,42,22,20
52406,Battousai,kiljaeden,1844,warrior,arms,54,27,27
52407,Ochinching,tichondrius,1844,warrior,arms,78,36,42
52408,Bladebuster,stormrage,1843,warrior,arms,66,36,30
52409,Dabaojiàn,illidan,1843,warrior,arms,45,23,22
52410,Ruinenlust,zuljin,1843,warrior,arms,66,29,37
52411,Forakenna,dragonmaw,1842,warrior,arms,47,30,17
52412,Sukonamí,draka,1842,warrior,arms,60,33,27
52413,Executeqt,azralon,1842,warrior,arms,161,87,74
52414,Madwolf,tichondrius,1842,warrior,arms,103,51,52
52415,Krunnknator,azralon,1840,warrior,arms,41,26,15
52416,Kigame,tichondrius,1840,warrior,arms,96,53,43
52417,Mixx,bleeding-hollow,1840,warrior,arms,48,26,22
52418,Narwhål,tichondrius,1840,warrior,arms,90,44,46
52419,Orçaos,ragnaros,1839,warrior,arms,126,73,53
52420,Uzza,stormrage,1838,warrior,arms,60,34,26
52421,Draus,nemesis,1838,warrior,arms,119,67,52
52422,Ânticide,darkspear,1838,warrior,arms,84,43,41
52423,Kylewalker,tichondrius,1838,warrior,arms,71,32,39
52424,Xiaoyujin,proudmoore,1837,warrior,arms,186,95,91
52425,Adaana,kargath,1836,warrior,arms,119,70,49
52426,Mantrà,skullcrusher,1836,warrior,arms,42,24,18
52427,Vatix,sargeras,1836,warrior,arms,50,28,22
52428,Croc,frostmourne,1834,warrior,arms,32,21,11
52429,Blakeb,area-52,1834,warrior,arms,54,34,20
52430,Fleegugeegu,malganis,1834,warrior,arms,90,45,45
52431,Yossarrion,frostwolf,1833,warrior,arms,48,25,23
52432,Barrbarossa,stormrage,1832,warrior,arms,151,76,75
52433,Brilliance,suramar,1832,warrior,arms,60,30,30
52434,Hildemir,tichondrius,1831,warrior,arms,88,52,36
52435,Darrowshire,moon-guard,1831,warrior,arms,41,23,18
52436,Frëdsmite,kelthuzad,1831,warrior,arms,144,77,67
52437,Zira,thrall,1831,warrior,arms,133,69,64
52438,Ðìbs,moon-guard,1831,warrior,arms,65,32,33
52439,Rólex,tichondrius,1831,warrior,arms,63,30,33
52440,Damage,malganis,1829,warrior,arms,48,23,25
52441,Razw,frostmourne,1828,warrior,arms,48,28,20
52442,Elpappa,tichondrius,1827,warrior,arms,48,42,6
52443,Sanquelme,ragnaros,1827,warrior,arms,63,32,31
52444,Jonathann,suramar,1827,warrior,arms,132,65,67
52445,Samuluo,tichondrius,1827,warrior,arms,66,30,36
52446,Blaíze,ragnaros,1826,warrior,arms,44,24,20
52447,Grayview,sargeras,1826,warrior,arms,77,41,36
52448,Seblleddo,drakkari,1826,warrior,arms,66,34,32
52449,Rebied,ragnaros,1826,warrior,arms,96,43,53
52450,Warriorbloo,sargeras,1825,warrior,arms,72,39,33
52451,Sandycrack,blackrock,1825,warrior,arms,60,30,30
52452,Salthouse,sargeras,1824,warrior,arms,42,25,17
52453,Këther,tichondrius,1824,warrior,arms,84,40,44
52454,Coby,wildhammer,1823,warrior,arms,65,36,29
52455,Gbar,azralon,1823,warrior,arms,79,42,37
52456,Bigdaddyxo,whisperwind,1823,warrior,arms,47,24,23
52457,Cyster,proudmoore,1822,warrior,arms,42,24,18
52458,Tùngrâu,frostmourne,1822,warrior,arms,190,100,90
52459,Soultarius,area-52,1822,warrior,arms,69,36,33
52460,Kurï,duskwood,1822,warrior,arms,51,24,27
52461,Pkkcrisis,archimonde,1822,warrior,arms,60,28,32
52462,Kamoo,bonechewer,1820,warrior,arms,48,27,21
52463,Meccsecute,tichondrius,1820,warrior,arms,102,54,48
52464,Anautumnday,tichondrius,1820,warrior,arms,48,24,24
52465,Aggnilia,proudmoore,1820,warrior,arms,102,50,52
52466,Honock,ragnaros,1820,warrior,arms,72,34,38
52467,Boomergodx,stormrage,1819,warrior,arms,96,56,40
52468,Tigima,tichondrius,1819,warrior,arms,60,29,31
52469,Badboyjan,tichondrius,1818,warrior,arms,30,19,11
52470,Ttvdjrio,area-52,1818,warrior,arms,30,19,11
52471,Nilah,tichondrius,1818,warrior,arms,46,26,20
52472,Yeawen,tichondrius,1818,warrior,arms,42,23,19
52473,Iwillcrushyo,darkspear,1818,warrior,arms,90,46,44
52474,Wutains,tichondrius,1818,warrior,arms,65,33,32
52475,Nozmok,proudmoore,1818,warrior,arms,65,33,32
52476,Thugdorr,sargeras,1818,warrior,arms,70,33,37
52477,Okita,bleeding-hollow,1817,warrior,arms,124,65,59
52478,Smashxx,area-52,1816,warrior,arms,95,55,40
52479,Deadhate,sargeras,1816,warrior,arms,54,28,26
52480,Missrend,hyjal,1816,warrior,arms,114,57,57
52481,Strongbaby,tichondrius,1816,warrior,arms,60,30,30
52482,Berzek,area-52,1816,warrior,arms,59,23,36
52483,Picarus,thunderhorn,1815,warrior,arms,72,40,32
52484,Warney,tichondrius,1815,warrior,arms,65,35,30
52485,Destram,kelthuzad,1815,warrior,arms,107,57,50
52486,Anti,nerzhul,1814,warrior,arms,57,30,27
52487,Dissector,ragnaros,1814,warrior,arms,54,28,26
52488,Zapatín,quelthalas,1814,warrior,arms,67,32,35
52489,Mäddôx,tichondrius,1814,warrior,arms,126,60,66
52490,Sezariùs,darkspear,1813,warrior,arms,61,42,19
52491,Vicioustalol,proudmoore,1812,warrior,arms,57,34,23
52492,Onebraincell,stormrage,1811,warrior,arms,48,34,14
52493,Gohrgroc,quelthalas,1811,warrior,arms,48,30,18
52494,Glocç,sargeras,1811,warrior,arms,112,59,53
52495,Knuklez,tichondrius,1811,warrior,arms,64,33,31
52496,Indominate,tichondrius,1811,warrior,arms,194,98,96
52497,Mecc,tichondrius,1811,warrior,arms,78,39,39
52498,Dangerousd,kiljaeden,1811,warrior,arms,60,30,30
52499,Vergerak,tichondrius,1811,warrior,arms,58,29,29
52500,Dabdaddyy,dawnbringer,1811,warrior,arms,135,66,69
52501,Kaimedran,moon-guard,1810,warrior,arms,48,30,18
52502,Kriloth,frostmourne,1810,warrior,arms,50,30,20
52503,Ppdub,zuljin,1810,warrior,arms,44,26,18
52504,Wulouzhan,tichondrius,1810,warrior,arms,107,62,45
52505,Bussupshut,kelthuzad,1810,warrior,arms,64,32,32
52506,Ürürææae,sargeras,1810,warrior,arms,189,94,95
52507,Darkduet,tichondrius,1810,warrior,arms,70,33,37
52508,Møcat,illidan,1809,warrior,arms,90,52,38
52509,Gryffith,bleeding-hollow,1809,warrior,arms,81,36,45
52510,Vâlôr,tichondrius,1808,warrior,arms,45,30,15
52511,Aavyrre,moon-guard,1808,warrior,arms,60,34,26
52512,Ciz,emerald-dream,1808,warrior,arms,64,34,30
52513,Spartus,kelthuzad,1808,warrior,arms,78,32,46
52514,Crøm,tichondrius,1807,warrior,arms,48,29,19
52515,Crowsfall,aggramar,1807,warrior,arms,268,141,127
52516,Yamadaflash,tichondrius,1806,warrior,arms,55,31,24
52517,Helrise,sargeras,1806,warrior,arms,54,27,27
52518,Bradockqt,azralon,1806,warrior,arms,54,25,29
52519,Sickwidit,kiljaeden,1805,warrior,arms,49,28,21
52520,Rookìe,illidan,1805,warrior,arms,131,73,58
52521,Noblewinter,sargeras,1805,warrior,arms,36,19,17
52522,Tenskj,proudmoore,1805,warrior,arms,57,30,27
52523,Wootzu,zuljin,1805,warrior,arms,54,27,27
52524,Mildlol,tichondrius,1804,warrior,arms,42,25,17
52525,Peinx,ragnaros,1804,warrior,arms,59,31,28
52526,Bahlahkay,proudmoore,1804,warrior,arms,60,28,32
52527,Ollena,wyrmrest-accord,1803,warrior,arms,78,40,38
52528,Cgelangdula,tichondrius,1802,warrior,arms,54,28,26
52529,Asstastic,bonechewer,1802,warrior,arms,148,71,77
52530,Matesan,jubeithos,1801,warrior,arms,48,28,20
52531,Hìm,tichondrius,1801,warrior,arms,54,28,26
52532,Franticlol,tichondrius,1801,warrior,arms,67,31,36
52533,Longzhan,tichondrius,1800,warrior,arms,138,65,73
52534,Zindawg,frostmourne,1799,warrior,arms,271,132,139
52535,Kustybuckets,korgath,1798,warrior,arms,46,27,19
52536,Comehnrfce,illidan,1798,warrior,arms,122,55,67
52537,Überwältigen,thrall,1796,warrior,arms,48,22,26
52538,Nuccî,azralon,1795,warrior,arms,65,32,33
52539,Ksharer,tichondrius,1794,warrior,arms,89,41,48
52540,Yueren,tichondrius,1794,warrior,arms,72,31,41
52541,Wtssap,ragnaros,1792,warrior,arms,36,22,14
52542,Krbigcow,tichondrius,1792,warrior,arms,102,53,49
52543,Imuti,illidan,1792,warrior,arms,84,43,41
52544,Hookahboss,area-52,1792,warrior,arms,58,29,29
52545,Kruma,stormscale,1791,warrior,arms,37,22,15
52546,Paoxiaoevs,tichondrius,1791,warrior,arms,42,23,19
52547,Facefïster,malganis,1790,warrior,arms,72,37,35
52548,Beanbags,zangarmarsh,1790,warrior,arms,72,36,36
52549,Zacharyx,tichondrius,1790,warrior,arms,296,144,152
52550,Debbie,bleeding-hollow,1789,warrior,arms,90,44,46
52551,Melifehorde,tichondrius,1787,warrior,arms,48,25,23
52552,Bigglyjoobs,tichondrius,1787,warrior,arms,78,38,40
52553,Ígnatius,malganis,1781,warrior,arms,48,31,17
52554,Szw,tichondrius,1780,warrior,arms,227,125,102
52555,Samwolok,tichondrius,1780,warrior,arms,36,19,17
52556,Slaten,barthilas,1780,warrior,arms,149,77,72
52557,Nïcowo,ragnaros,1780,warrior,arms,152,76,76
52558,Nanchobo,tichondrius,1778,warrior,arms,66,28,38
52559,Hoboedd,area-52,1776,warrior,arms,40,22,18
52560,Lvlthreemage,fizzcrank,1775,warrior,arms,150,74,76
52561,Hbrandy,tichondrius,1773,warrior,arms,83,42,41
52562,Undefied,moon-guard,1772,warrior,arms,51,29,22
52563,Cushman,tichondrius,1772,warrior,arms,132,73,59
52564,Sharer,tichondrius,1772,warrior,arms,36,19,17
52565,Bbyè,tichondrius,1772,warrior,arms,300,157,143
52566,Skolltonxoxo,tichondrius,1772,warrior,arms,42,20,22
52567,Dalan,korgath,1766,warrior,arms,48,30,18
52568,Chimbrila,azralon,1765,warrior,arms,126,59,67
52569,Tehfury,area-52,1763,warrior,arms,57,26,31
52570,Pipedoctor,kelthuzad,1762,warrior,arms,48,27,21
52571,Invalidoath,tichondrius,1760,warrior,arms,54,27,27
52572,Dawxw,thrall,1759,warrior,arms,41,24,17
52573,Mezdrì,quelthalas,1758,warrior,arms,66,41,25
52574,Yonkerss,garrosh,1756,warrior,arms,95,51,44
52575,Marchdream,tichondrius,1756,warrior,arms,60,32,28
52576,Tutifrutiø,azralon,1750,warrior,arms,108,49,59
52577,Paddyj,illidan,1749,warrior,arms,92,57,35
52578,Warfuse,illidan,1749,warrior,arms,126,63,63
52579,Nànchobo,tichondrius,1749,warrior,arms,72,31,41
52580,Bigdude,frostwolf,1748,warrior,arms,66,38,28
52581,Goonassassin,tichondrius,1748,warrior,arms,48,24,24
52582,Abbastanza,tichondrius,1748,warrior,arms,83,36,47
52583,Chaytin,bleeding-hollow,1747,warrior,arms,56,30,26
52584,Polydopam,tichondrius,1747,warrior,arms,130,66,64
52585,Línfert,stormrage,1746,warrior,arms,196,107,89
52586,Ariést,bleeding-hollow,1746,warrior,arms,72,32,40
52587,Coldlòve,akama,1744,warrior,arms,36,22,14
52588,Kurodia,quelthalas,1744,warrior,arms,84,35,49
52589,Ogrelurd,malygos,1743,warrior,arms,42,22,20
52590,Brendanshwab,bleeding-hollow,1743,warrior,arms,89,44,45
52591,Utxpia,azralon,1743,warrior,arms,59,26,33
52592,Rflexxo,tichondrius,1742,warrior,arms,54,27,27
52593,Bajheera,sargeras,1741,warrior,arms,41,21,20
52594,Danceylol,barthilas,1741,warrior,arms,84,40,44
52595,Warginger,malygos,1740,warrior,arms,53,29,24
52596,Purplepiper,ragnaros,1740,warrior,arms,55,30,25
52597,Wutainx,tichondrius,1739,warrior,arms,36,19,17
52598,Dogmar,staghelm,1739,warrior,arms,110,54,56
52599,Ðíablø,tichondrius,1738,warrior,arms,122,67,55
52600,Unhòólyshy,ragnaros,1733,warrior,arms,48,29,19
52601,Nuvola,tichondrius,1733,warrior,arms,66,34,32
52602,Nightheller,stormrage,1733,warrior,arms,78,33,45
52603,Cokeroom,tichondrius,1732,warrior,arms,91,53,38
52604,Hoobaz,area-52,1732,warrior,arms,34,19,15
52605,Twilightrain,tichondrius,1732,warrior,arms,394,209,185
52606,Jdubzr,frostmourne,1732,warrior,arms,60,31,29
52607,ßloodshed,frostmourne,1731,warrior,arms,55,34,21
52608,Slaught,kelthuzad,1731,warrior,arms,82,40,42
52609,Endstorm,proudmoore,1731,warrior,arms,62,30,32
52610,Marvachi,moon-guard,1729,warrior,arms,152,79,73
52611,Calthi,moon-guard,1728,warrior,arms,96,57,39
52612,Robodad,illidan,1728,warrior,arms,42,23,19
52613,Støne,draktharon,1728,warrior,arms,80,43,37
52614,Franziskaner,frostmourne,1728,warrior,arms,138,67,71
52615,Tyránny,stormrage,1728,warrior,arms,59,26,33
52616,Mantistabogn,zuluhed,1726,warrior,arms,82,43,39
52617,Mirado,tichondrius,1726,warrior,arms,78,40,38
52618,Hariban,shuhalo,1726,warrior,arms,77,38,39
52619,Smokes,sargeras,1726,warrior,arms,120,58,62
52620,Roughknuckle,kelthuzad,1726,warrior,arms,41,19,22
52621,Swifty,anvilmar,1725,warrior,arms,30,18,12
52622,Crushedlol,bleeding-hollow,1725,warrior,arms,42,22,20
52623,Daddyßigßeef,malganis,1722,warrior,arms,61,35,26
52624,Relerocker,area-52,1722,warrior,arms,101,53,48
52625,Swìll,illidan,1722,warrior,arms,36,18,18
52626,Swordborne,moon-guard,1722,warrior,arms,94,43,51
52627,Itsfall,tichondrius,1721,warrior,arms,42,21,21
52628,Crownzz,tichondrius,1721,warrior,arms,36,18,18
52629,Cåfe,tichondrius,1719,warrior,arms,137,76,61
52630,Zenrrei,ragnaros,1718,warrior,arms,133,74,59
52631,Afrikunt,tichondrius,1717,warrior,arms,72,38,34
52632,Milough,nesingwary,1714,warrior,arms,124,71,53
52633,Bigladmike,sargeras,1714,warrior,arms,48,21,27
52634,Basedaf,frostmourne,1713,warrior,arms,84,45,39
52635,Tkazo,tichondrius,1713,warrior,arms,67,33,34
52636,Murderbell,tichondrius,1711,warrior,arms,108,54,54
52637,Alëwar,quelthalas,1711,warrior,arms,66,31,35
52638,Thlam,muradin,1710,warrior,arms,137,70,67
52639,Partyx,tichondrius,1710,warrior,arms,229,117,112
52640,Bainian,tichondrius,1709,warrior,arms,96,56,40
52641,Anukhar,emerald-dream,1708,warrior,arms,95,55,40
52642,Pachacutecxx,ragnaros,1708,warrior,arms,75,40,35
52643,Smashies,kelthuzad,1708,warrior,arms,47,24,23
52644,Tatërs,zuljin,1708,warrior,arms,72,36,36
52645,Gromkhor,tichondrius,1708,warrior,arms,72,30,42
52646,Joebo,thrall,1706,warrior,arms,24,20,4
52647,Ciskokido,illidan,1706,warrior,arms,65,36,29
52648,Furyslam,tichondrius,1705,warrior,arms,77,30,47
52649,Niubzs,tichondrius,1704,warrior,arms,53,27,26
52650,Yagura,emerald-dream,1703,warrior,arms,58,27,31
52651,Wqnmlgbd,tichondrius,1702,warrior,arms,36,20,16
52652,Odiseo,ragnaros,1702,warrior,arms,55,30,25
52653,Maddawgg,mugthol,1702,warrior,arms,46,23,23
52654,Misakizs,illidan,1701,warrior,arms,61,26,35
52655,Zarrdune,darkspear,1700,warrior,arms,30,21,9
52656,Trágus,azralon,1700,warrior,arms,101,60,41
52657,Thrator,wyrmrest-accord,1699,warrior,arms,42,23,19
52658,Golem,frostmourne,1699,warrior,arms,99,51,48
52659,Battlestance,shadowsong,1699,warrior,arms,95,42,53
52660,Rocta,tichondrius,1698,warrior,arms,86,47,39
52661,Johnburns,tichondrius,1698,warrior,arms,36,19,17
52662,Tepaste,ragnaros,1698,warrior,arms,66,33,33
52663,Exorbit,sargeras,1697,warrior,arms,69,39,30
52664,Arx,frostwolf,1697,warrior,arms,171,91,80
52665,Ammeh,draka,1696,warrior,arms,48,28,20
52666,Warkingx,tichondrius,1696,warrior,arms,36,18,18
52667,Ashtonx,sargeras,1694,warrior,arms,36,24,12
52668,Genghiz,azralon,1694,warrior,arms,66,36,30
52669,Hoodrch,azralon,1694,warrior,arms,89,44,45
52670,Noodlezz,moon-guard,1694,warrior,arms,107,49,58
52671,Tastý,moon-guard,1694,warrior,arms,54,22,32
52672,Delphont,stormrage,1693,warrior,arms,107,59,48
52673,Jubeithos,draktharon,1693,warrior,arms,65,33,32
52674,Wargasmx,tichondrius,1693,warrior,arms,58,27,31
52675,Wolfcultist,moon-guard,1693,warrior,arms,78,35,43
52676,Zaÿne,moon-guard,1692,warrior,arms,87,41,46
52677,Soloqandy,moon-guard,1692,warrior,arms,72,29,43
52678,Rynrak,tichondrius,1691,warrior,arms,65,30,35
52679,Blaiize,ragnaros,1691,warrior,arms,60,25,35
52680,Kolosal,tichondrius,1690,warrior,arms,45,22,23
52681,Bozzy,illidan,1690,warrior,arms,77,34,43
52682,Kâdé,malganis,1689,warrior,arms,30,18,12
52683,Lostsummer,frostmourne,1689,warrior,arms,58,31,27
52684,Rogôsh,tichondrius,1689,warrior,arms,60,24,36
52685,Kilgorath,area-52,1688,warrior,arms,90,42,48
52686,Raph,barthilas,1686,warrior,arms,42,25,17
52687,Zastrow,dalaran,1686,warrior,arms,84,33,51
52688,Meowdaa,proudmoore,1686,warrior,arms,72,24,48
52689,Sindevelor,tichondrius,1684,warrior,arms,89,50,39
52690,Bmo,chogall,1684,warrior,arms,87,44,43
52691,Sayîon,zuljin,1684,warrior,arms,126,62,64
52692,Patwong,frostmourne,1683,warrior,arms,90,51,39
52693,Nazraill,aggramar,1683,warrior,arms,75,42,33
52694,Zalakan,malganis,1682,warrior,arms,54,34,20
52695,Shinigamix,steamwheedle-cartel,1682,warrior,arms,48,29,19
52696,Janjannodie,tichondrius,1682,warrior,arms,41,20,21
52697,Bloodbath,kiljaeden,1680,warrior,arms,41,21,20
52698,Purrava,tichondrius,1680,warrior,arms,50,25,25
52699,Killimanjaro,aggramar,1680,warrior,arms,71,31,40
52700,Stonesoup,kelthuzad,1680,warrior,arms,83,33,50
52701,Storminshock,malganis,1679,warrior,arms,36,22,14
52702,Gravewurm,twisting-nether,1679,warrior,arms,42,24,18
52703,Bøek,area-52,1679,warrior,arms,104,49,55
52704,Kroni,ragnaros,1678,warrior,arms,42,21,21
52705,Swagramarr,area-52,1677,warrior,arms,93,51,42
52706,Wurua,tichondrius,1676,warrior,arms,52,28,24
52707,Montibello,moon-guard,1676,warrior,arms,114,59,55
52708,Ichirisw,tichondrius,1675,warrior,arms,59,32,27
52709,Heater,stormrage,1675,warrior,arms,95,46,49
52710,Matrias,tichondrius,1674,warrior,arms,159,89,70
52711,Ramzeé,kelthuzad,1673,warrior,arms,90,55,35
52712,Mitigated,bleeding-hollow,1673,warrior,arms,48,26,22
52713,Rhynehardt,scilla,1673,warrior,arms,54,26,28
52714,Garrmash,hyjal,1672,warrior,arms,217,112,105
52715,Arkkaine,sargeras,1672,warrior,arms,93,48,45
52716,Doublezuglol,tichondrius,1671,warrior,arms,229,114,115
52717,Kromgrall,tichondrius,1671,warrior,arms,167,79,88
52718,Pusspeepers,kelthuzad,1671,warrior,arms,39,18,21
52719,Heylol,blackhand,1671,warrior,arms,58,25,33
52720,Oxandrolona,ragnaros,1671,warrior,arms,74,30,44
52721,Babyogre,thunderlord,1670,warrior,arms,42,25,17
52722,Winota,frostmourne,1669,warrior,arms,30,22,8
52723,Xwoyer,malganis,1669,warrior,arms,64,34,30
52724,Armamortal,kelthuzad,1669,warrior,arms,291,153,138
52725,Zenchi,nerzhul,1669,warrior,arms,76,36,40
52726,Brøly,sargeras,1669,warrior,arms,84,38,46
52727,Amlahj,stormrage,1668,warrior,arms,53,30,23
52728,Rarefxck,tichondrius,1668,warrior,arms,84,37,47
52729,Sparts,area-52,1667,warrior,arms,53,30,23
52730,Ramparts,moon-guard,1666,warrior,arms,42,21,21
52731,Bilboswagins,agamaggan,1665,warrior,arms,47,25,22
52732,Marcellùs,proudmoore,1664,warrior,arms,52,29,23
52733,Legoyoda,zuljin,1663,warrior,arms,54,29,25
52734,Edgárllama,sargeras,1663,warrior,arms,38,20,18
52735,Colössal,moon-guard,1663,warrior,arms,94,48,46
52736,Donivan,illidan,1663,warrior,arms,42,21,21
52737,Mightyduck,area-52,1663,warrior,arms,64,29,35
52738,Draenøk,tichondrius,1663,warrior,arms,42,19,23
52739,Infernae,emerald-dream,1662,warrior,arms,48,30,18
52740,Ystkk,tichondrius,1662,warrior,arms,42,25,17
52741,Warbeshar,area-52,1662,warrior,arms,42,21,21
52742,Ironboar,proudmoore,1662,warrior,arms,72,32,40
52743,Khørnë,ragnaros,1661,warrior,arms,54,30,24
52744,Iwillcrushu,tichondrius,1661,warrior,arms,113,59,54
52745,Killbórn,azralon,1660,warrior,arms,30,19,11
52746,Anticiðe,zuljin,1659,warrior,arms,42,22,20
52747,Dodgestrikes,khaz-modan,1657,warrior,arms,30,21,9
52748,Bûm,sargeras,1657,warrior,arms,48,25,23
52749,Bebob,tichondrius,1657,warrior,arms,68,35,33
52750,Sheyshey,quelthalas,1656,warrior,arms,42,25,17
52751,Lunartime,sargeras,1656,warrior,arms,72,37,35
52752,Bromro,tichondrius,1656,warrior,arms,128,62,66
52753,Wartruë,tichondrius,1655,warrior,arms,280,145,135
52754,Nyloras,illidan,1655,warrior,arms,51,20,31
52755,Sineatér,frostmourne,1654,warrior,arms,61,30,31
52756,Maktarax,zuljin,1654,warrior,arms,40,18,22
52757,Thuykieu,barthilas,1653,warrior,arms,36,18,18
52758,Slamedi,frostmourne,1653,warrior,arms,104,51,53
52759,Jehocc,tichondrius,1653,warrior,arms,44,21,23
52760,Potero,ragnaros,1652,warrior,arms,59,29,30
52761,Athalen,nemesis,1652,warrior,arms,73,33,40
52762,Spartiguss,emerald-dream,1650,warrior,arms,59,32,27
52763,Creøn,silvermoon,1650,warrior,arms,68,35,33
52764,Warsongwolf,tichondrius,1650,warrior,arms,62,25,37
52765,Bigdad,whisperwind,1648,warrior,arms,36,22,14
52766,Chillimus,tichondrius,1648,warrior,arms,75,41,34
52767,Phabian,frostmourne,1648,warrior,arms,41,22,19
52768,Amberlym,ragnaros,1648,warrior,arms,46,23,23
52769,Illing,tichondrius,1646,warrior,arms,240,124,116
52770,Hickorie,sargeras,1646,warrior,arms,96,49,47
52771,Droguernaut,tichondrius,1646,warrior,arms,59,30,29
52772,Kralo,moon-guard,1646,warrior,arms,69,34,35
52773,Xwarz,drakkari,1645,warrior,arms,42,19,23
52774,Fidel,blackrock,1645,warrior,arms,59,19,40
52775,Lokityr,tichondrius,1644,warrior,arms,132,84,48
52776,Morfoggore,ragnaros,1644,warrior,arms,66,34,32
52777,Rainingblooð,blackrock,1644,warrior,arms,103,53,50
52778,Kaÿip,tichondrius,1644,warrior,arms,118,57,61
52779,Kekbyemmr,illidan,1644,warrior,arms,48,22,26
52780,Vadio,area-52,1644,warrior,arms,46,21,25
52781,Alator,gorgonnash,1641,warrior,arms,66,38,28
52782,Nänchobo,tichondrius,1641,warrior,arms,38,18,20
52783,Dramalas,lightbringer,1640,warrior,arms,311,156,155
52784,Tatsuu,tichondrius,1640,warrior,arms,270,134,136
52785,Tiredkev,tichondrius,1640,warrior,arms,102,50,52
52786,Sonjeba,malganis,1640,warrior,arms,70,32,38
52787,Fulaixiong,illidan,1639,warrior,arms,51,34,17
52788,Austerö,nemesis,1639,warrior,arms,33,20,13
52789,Thulsan,emerald-dream,1638,warrior,arms,36,20,16
52790,Tokugawaieya,nemesis,1638,warrior,arms,41,21,20
52791,Lôwkeyfix,illidan,1638,warrior,arms,102,47,55
52792,Wolfsbanne,khadgar,1636,warrior,arms,156,83,73
52793,Painsoul,illidan,1636,warrior,arms,53,27,26
52794,Ngu,eldrethalas,1636,warrior,arms,53,26,27
52795,Killaen,thrall,1634,warrior,arms,42,27,15
52796,Mavrus,malganis,1634,warrior,arms,36,19,17
52797,Trapbois,tichondrius,1633,warrior,arms,36,22,14
52798,Grimjouw,sargeras,1633,warrior,arms,42,23,19
52799,Tzumugi,ragnaros,1632,warrior,arms,353,181,172
52800,Bigbrick,stormrage,1632,warrior,arms,96,45,51
52801,Lexíbelle,korgath,1631,warrior,arms,36,21,15
52802,Raveve,area-52,1631,warrior,arms,71,36,35
52803,Kenshín,ragnaros,1630,warrior,arms,119,57,62
52804,Shazbøt,tichondrius,1630,warrior,arms,45,19,26
52805,Icrìtmypants,dragonmaw,1629,warrior,arms,48,27,21
52806,Tatsuujin,sargeras,1629,warrior,arms,68,34,34
52807,Furykets,proudmoore,1629,warrior,arms,38,19,19
52808,Aumni,illidan,1629,warrior,arms,98,47,51
52809,Okanos,tichondrius,1629,warrior,arms,48,21,27
52810,Bigdumborc,tichondrius,1628,warrior,arms,42,22,20
52811,Alteryx,sargeras,1628,warrior,arms,75,36,39
52812,Hõdõnsin,tichondrius,1628,warrior,arms,57,26,31
52813,Mokron,moon-guard,1628,warrior,arms,68,31,37
52814,Ikaikasan,illidan,1627,warrior,arms,32,22,10
52815,Magicalol,tichondrius,1627,warrior,arms,36,21,15
52816,Sosimi,tichondrius,1627,warrior,arms,78,44,34
52817,Wârtorn,darkspear,1627,warrior,arms,42,22,20
52818,Michaelrossx,bloodhoof,1627,warrior,arms,244,125,119
52819,Çrusha,thrall,1627,warrior,arms,48,20,28
52820,Dreadedbeef,area-52,1626,warrior,arms,36,23,13
52821,Coollelex,proudmoore,1626,warrior,arms,56,29,27
52822,Kazecap,proudmoore,1626,warrior,arms,66,29,37
52823,Orgnosh,tichondrius,1625,warrior,arms,96,52,44
52824,Groundpound,sargeras,1625,warrior,arms,108,55,53
52825,Aloregorey,malganis,1625,warrior,arms,126,63,63
52826,Gutting,moon-guard,1625,warrior,arms,36,18,18
52827,Unitsven,barthilas,1625,warrior,arms,54,26,28
52828,Duxor,sargeras,1625,warrior,arms,54,24,30
52829,Elyll,tichondrius,1624,warrior,arms,47,28,19
52830,Soupwar,moon-guard,1624,warrior,arms,177,90,87
52831,Faelash,stormrage,1624,warrior,arms,67,32,35
52832,Thètrùth,duskwood,1624,warrior,arms,48,21,27
52833,Bddg,tichondrius,1623,warrior,arms,30,18,12
52834,Testflight,tichondrius,1623,warrior,arms,54,30,24
52835,Ryängosling,azralon,1623,warrior,arms,168,92,76
52836,Flexid,tichondrius,1623,warrior,arms,78,40,38
52837,Dotlom,wyrmrest-accord,1623,warrior,arms,144,73,71
52838,Scoopdog,stormrage,1622,warrior,arms,30,17,13
52839,Lindsanv,illidan,1622,warrior,arms,110,59,51
52840,Swólepetrol,tichondrius,1622,warrior,arms,36,19,17
52841,Larrylurker,proudmoore,1622,warrior,arms,119,62,57
52842,Brainhaze,tichondrius,1622,warrior,arms,64,29,35
52843,Chadwarr,tichondrius,1621,warrior,arms,31,17,14
52844,Ðrex,nagrand,1621,warrior,arms,105,57,48
52845,Bigbadaxe,sargeras,1621,warrior,arms,36,18,18
52846,Kirown,quelthalas,1621,warrior,arms,98,45,53
52847,Stooklol,tichondrius,1621,warrior,arms,54,22,32
52848,Nerdstompêr,illidan,1620,warrior,arms,78,37,41
52849,Thezboy,tichondrius,1619,warrior,arms,100,56,44
52850,Fartazz,zuljin,1619,warrior,arms,114,53,61
52851,Mcluffin,proudmoore,1618,warrior,arms,57,35,22
52852,Coisini,tichondrius,1618,warrior,arms,118,67,51
52853,Ådderall,thrall,1618,warrior,arms,42,23,19
52854,Hydrolisk,area-52,1618,warrior,arms,132,67,65
52855,Szeo,tichondrius,1617,warrior,arms,24,17,7
52856,Achilex,sargeras,1617,warrior,arms,127,66,61
52857,Flexìn,tichondrius,1617,warrior,arms,42,21,21
52858,Theokos,dalaran,1616,warrior,arms,112,56,56
52859,Necroticism,bleeding-hollow,1616,warrior,arms,36,17,19
52860,Slamuëladams,bleeding-hollow,1616,warrior,arms,48,20,28
52861,Delakos,frostmourne,1615,warrior,arms,95,51,44
52862,Axellent,gilneas,1614,warrior,arms,70,44,26
52863,Rittylord,frostmourne,1614,warrior,arms,68,37,31
52864,Stormlørd,frostmourne,1614,warrior,arms,82,44,38
52865,Metalchileno,ragnaros,1614,warrior,arms,48,20,28
52866,Willcharge,tichondrius,1614,warrior,arms,49,17,32
52867,Myndon,area-52,1613,warrior,arms,37,27,10
52868,Wingaling,malganis,1613,warrior,arms,66,29,37
52869,Nipnipz,kelthuzad,1613,warrior,arms,60,24,36
52870,Fluffyarm,sargeras,1612,warrior,arms,198,98,100
52871,Hofukumizuki,tichondrius,1612,warrior,arms,54,21,33
52872,Shneakywar,frostmourne,1611,warrior,arms,48,28,20
52873,Shaõkahn,nemesis,1611,warrior,arms,46,23,23
52874,Mindgoblin,smolderthorn,1611,warrior,arms,59,29,30
52875,Kpc,tichondrius,1611,warrior,arms,93,37,56
52876,Hugeflopper,malganis,1610,warrior,arms,32,19,13
52877,Deathsteelw,zuljin,1610,warrior,arms,36,21,15
52878,Scrümp,illidan,1610,warrior,arms,79,44,35
52879,Gwlade,sargeras,1610,warrior,arms,210,113,97
52880,Enzoh,zuljin,1610,warrior,arms,86,30,56
52881,Nitechaos,thrall,1609,warrior,arms,37,23,14
52882,Thebigsmash,tichondrius,1609,warrior,arms,42,23,19
52883,Banhaezzi,tichondrius,1609,warrior,arms,154,80,74
52884,Izugyou,thrall,1609,warrior,arms,81,41,40
52885,Theseuse,tichondrius,1608,warrior,arms,40,24,16
52886,Unkultom,stormrage,1608,warrior,arms,93,53,40
52887,Tommygunns,area-52,1608,warrior,arms,30,17,13
52888,Ohanaglad,illidan,1608,warrior,arms,165,88,77
52889,Sherrywalken,azralon,1608,warrior,arms,91,45,46
52890,Zhangye,tichondrius,1608,warrior,arms,42,20,22
52891,Liltop,moon-guard,1607,warrior,arms,75,41,34
52892,Furydudz,tichondrius,1607,warrior,arms,42,21,21
52893,Axazel,drakkari,1607,warrior,arms,168,81,87
52894,Wartrue,tichondrius,1607,warrior,arms,162,74,88
52895,Ottø,area-52,1606,warrior,arms,72,40,32
52896,Aventajadu,ragnaros,1606,warrior,arms,42,20,22
52897,Auzery,emerald-dream,1606,warrior,arms,54,25,29
52898,Vanexx,tichondrius,1605,warrior,arms,37,22,15
52899,Maraudertko,area-52,1605,warrior,arms,30,17,13
52900,Dre,anubarak,1605,warrior,arms,53,28,25
52901,Myxz,barthilas,1605,warrior,arms,120,59,61
52902,Ethuil,azshara,1605,warrior,arms,65,29,36
52903,Boiled,sargeras,1604,warrior,arms,30,21,9
52904,Morboo,illidan,1604,warrior,arms,48,27,21
52905,Kakamallo,black-dragonflight,1604,warrior,arms,201,109,92
52906,Túrin,quelthalas,1604,warrior,arms,126,67,59
52907,Ragster,kelthuzad,1604,warrior,arms,41,21,20
52908,Blodreìna,hyjal,1604,warrior,arms,109,53,56
52909,Sayyaf,moon-guard,1604,warrior,arms,57,20,37
52910,Kamoo,gurubashi,1603,warrior,arms,54,41,13
52911,Aranacn,tichondrius,1603,warrior,arms,54,32,22
52912,Bleedx,bleeding-hollow,1603,warrior,arms,51,30,21
52913,Saleem,tichondrius,1603,warrior,arms,273,142,131
52914,Bugsberserk,tichondrius,1603,warrior,arms,119,61,58
52915,Zaràki,area-52,1603,warrior,arms,186,95,91
52916,Powerbucks,tichondrius,1603,warrior,arms,44,22,22
52917,Mahoogler,hakkar,1603,warrior,arms,66,31,35
52918,Malerick,illidan,1603,warrior,arms,63,27,36
52919,Iigotu,tichondrius,1602,warrior,arms,250,129,121
52920,Ÿüñí,tichondrius,1602,warrior,arms,54,21,33
52921,Reave,wyrmrest-accord,1601,warrior,arms,78,42,36
52922,Sheriff,eldrethalas,1600,warrior,arms,54,31,23
52923,Galehna,ragnaros,1600,warrior,arms,47,21,26
52924,Draugus,azralon,1599,warrior,arms,58,31,27
52925,Kilgrah,emerald-dream,1599,warrior,arms,40,21,19
52926,Koberos,queldorei,1599,warrior,arms,66,26,40
52927,Shiv,illidan,1598,warrior,arms,116,60,56
52928,Memorylane,proudmoore,1598,warrior,arms,42,20,22
52929,Raahjv,sargeras,1597,warrior,arms,48,31,17
52930,Benjiprice,sargeras,1597,warrior,arms,35,19,16
52931,Xunxie,tichondrius,1595,warrior,arms,113,60,53
52932,Yolo,dunemaul,1594,warrior,arms,78,45,33
52933,Vauquelin,tichondrius,1594,warrior,arms,78,41,37
52934,Hanadaddy,frostmourne,1594,warrior,arms,258,130,128
52935,Qingmei,illidan,1594,warrior,arms,110,48,62
52936,Rapcherawr,illidan,1593,warrior,arms,39,23,16
52937,Hèphæstús,sargeras,1592,warrior,arms,132,65,67
52938,Raahjz,sargeras,1592,warrior,arms,96,43,53
52939,Timbermack,moon-guard,1591,warrior,arms,108,57,51
52940,Warthok,turalyon,1590,warrior,arms,58,29,29
52941,Meatbone,emerald-dream,1589,warrior,arms,84,48,36
52942,Mistrpower,bleeding-hollow,1589,warrior,arms,78,44,34
52943,Warrgawd,illidan,1589,warrior,arms,83,43,40
52944,Gorgan,ragnaros,1589,warrior,arms,90,46,44
52945,Bobu,area-52,1588,warrior,arms,63,33,30
52946,Lootacris,illidan,1588,warrior,arms,67,34,33
52947,Ghianna,quelthalas,1586,warrior,arms,65,34,31
52948,Dewbae,whisperwind,1586,warrior,arms,72,37,35
52949,Homebody,uldaman,1585,warrior,arms,38,25,13
52950,Lotsay,tichondrius,1585,warrior,arms,59,35,24
52951,Hyperdevil,ragnaros,1585,warrior,arms,35,19,16
52952,Brokthard,ragnaros,1585,warrior,arms,36,18,18
52953,Sheetss,tichondrius,1585,warrior,arms,48,23,25
52954,Dukà,hyjal,1584,warrior,arms,54,30,24
52955,Destructör,nagrand,1584,warrior,arms,93,49,44
52956,Lyliumn,frostmourne,1583,warrior,arms,66,34,32
52957,Sulze,tichondrius,1583,warrior,arms,315,154,161
52958,Sakutarou,lightbringer,1583,warrior,arms,283,137,146
52959,Zzchocolate,illidan,1583,warrior,arms,90,40,50
52960,Arctures,stormrage,1582,warrior,arms,78,49,29
52961,Cathillex,eonar,1582,warrior,arms,42,25,17
52962,Marsoc,burning-legion,1581,warrior,arms,52,26,26
52963,Wydstepwar,malganis,1580,warrior,arms,60,38,22
52964,Deadlypsycho,moonrunner,1580,warrior,arms,36,19,17
52965,Rongor,drakkari,1580,warrior,arms,54,26,28
52966,Morioso,boulderfist,1580,warrior,arms,90,40,50
52967,Gannïcûs,drakkari,1580,warrior,arms,77,32,45
52968,Tarók,tichondrius,1579,warrior,arms,26,19,7
52969,Allyer,darkspear,1579,warrior,arms,90,45,45
52970,Dashballer,sargeras,1578,warrior,arms,42,22,20
52971,Stick,tichondrius,1578,warrior,arms,125,64,61
52972,Evoltoad,illidan,1578,warrior,arms,71,27,44
52973,Drjuicce,tichondrius,1577,warrior,arms,24,17,7
52974,Bestseason,kelthuzad,1577,warrior,arms,87,48,39
52975,Ragetodef,illidan,1577,warrior,arms,91,45,46
52976,Därkzh,stormrage,1576,warrior,arms,30,20,10
52977,Møønnlight,quelthalas,1576,warrior,arms,77,33,44
52978,Warriorbod,area-52,1575,warrior,arms,41,27,14
52979,Juuz,frostmourne,1575,warrior,arms,114,56,58
52980,Ferozan,azralon,1575,warrior,arms,42,20,22
52981,Durres,tichondrius,1575,warrior,arms,42,19,23
52982,Dokgö,tichondrius,1575,warrior,arms,64,27,37
52983,Darthbleezy,malygos,1573,warrior,arms,42,22,20
52984,Radox,tichondrius,1573,warrior,arms,78,40,38
52985,Sinbãd,sargeras,1573,warrior,arms,65,29,36
52986,Yabahdabah,stormrage,1572,warrior,arms,93,49,44
52987,Ashantia,stormrage,1571,warrior,arms,90,48,42
52988,Thistleberry,aegwynn,1571,warrior,arms,41,19,22
52989,Yarock,malganis,1571,warrior,arms,84,38,46
52990,Onefourfifty,tichondrius,1570,warrior,arms,30,17,13
52991,Flexeçute,moon-guard,1569,warrior,arms,78,38,40
52992,Wilric,ragnaros,1569,warrior,arms,48,20,28
52993,Juicylumpia,moon-guard,1568,warrior,arms,48,31,17
52994,Zeroskill,cenarius,1568,warrior,arms,76,34,42
52995,Zuzi,korgath,1567,warrior,arms,55,35,20
52996,Jaybers,malganis,1567,warrior,arms,59,31,28
52997,Thebigmala,azralon,1566,warrior,arms,36,19,17
52998,Gulgosh,stormscale,1566,warrior,arms,59,30,29
52999,Riggragg,tichondrius,1565,warrior,arms,48,28,20
53000,Áres,malganis,1565,warrior,arms,274,148,126
53001,Orahard,illidan,1565,warrior,arms,176,86,90
53002,Xkickaxes,tichondrius,1565,warrior,arms,95,46,49
53003,Andrès,sargeras,1565,warrior,arms,126,60,66
53004,Thalfor,emerald-dream,1565,warrior,arms,59,26,33
53005,Pigzig,nagrand,1564,warrior,arms,36,18,18
53006,Ralphy,lightnings-blade,1563,warrior,arms,94,53,41
53007,Nyle,zuljin,1563,warrior,arms,90,47,43
53008,Crusherr,earthen-ring,1563,warrior,arms,42,21,21
53009,Darkmagno,ragnaros,1563,warrior,arms,42,20,22
53010,Chogar,proudmoore,1562,warrior,arms,64,34,30
53011,Chañ,tichondrius,1562,warrior,arms,36,19,17
53012,Executie,duskwood,1562,warrior,arms,73,36,37
53013,Titanor,illidan,1562,warrior,arms,63,31,32
53014,Themudcrab,frostmourne,1560,warrior,arms,321,158,163
53015,Jenkin,korgath,1560,warrior,arms,40,19,21
53016,Vargoth,frostmourne,1560,warrior,arms,77,34,43
53017,Staystrong,tichondrius,1559,warrior,arms,36,24,12
53018,Naejwar,ragnaros,1559,warrior,arms,174,91,83
53019,Hônor,ragnaros,1558,warrior,arms,54,24,30
53020,Claymation,tichondrius,1558,warrior,arms,48,18,30
53021,Cronguin,bleeding-hollow,1557,warrior,arms,54,27,27
53022,Amputate,akama,1556,warrior,arms,65,27,38
53023,Firesx,tichondrius,1555,warrior,arms,36,20,16
53024,Gorez,ragnaros,1555,warrior,arms,42,21,21
53025,Mardrex,korgath,1555,warrior,arms,48,21,27
53026,Atróx,quelthalas,1554,warrior,arms,66,33,33
53027,Azindar,gilneas,1554,warrior,arms,42,21,21
53028,Flavor,aegwynn,1554,warrior,arms,60,27,33
53029,Ävdol,emerald-dream,1553,warrior,arms,83,39,44
53030,Tÿ,haomarush,1552,warrior,arms,37,21,16
53031,Martyferrari,black-dragonflight,1552,warrior,arms,114,63,51
53032,Stickybladez,frostmourne,1552,warrior,arms,148,76,72
53033,Soez,tichondrius,1551,warrior,arms,28,20,8
53034,Medusaann,proudmoore,1551,warrior,arms,57,30,27
53035,Warriordanim,tichondrius,1551,warrior,arms,188,86,102
53036,Blíding,ragnaros,1551,warrior,arms,75,28,47
53037,Ghóstx,alleria,1550,warrior,arms,53,37,16
53038,Aragorn,mannoroth,1550,warrior,arms,36,19,17
53039,Titanzz,quelthalas,1550,warrior,arms,71,35,36
53040,Rèckit,thrall,1550,warrior,arms,48,21,27
53041,Unstàble,frostmourne,1547,warrior,arms,84,44,40
53042,Chadblade,tichondrius,1547,warrior,arms,37,19,18
53043,Xradull,dawnbringer,1546,warrior,arms,104,62,42
53044,Itskel,stormreaver,1546,warrior,arms,44,23,21
53045,Muskratz,tichondrius,1546,warrior,arms,194,99,95
53046,Johnnysmizle,kelthuzad,1546,warrior,arms,84,38,46
53047,Riled,barthilas,1546,warrior,arms,42,18,24
53048,Kénjar,tichondrius,1545,warrior,arms,54,32,22
53049,Pachacutec,area-52,1545,warrior,arms,92,42,50
53050,Brostormftw,shattered-halls,1544,warrior,arms,72,43,29
53051,Burstmacro,garrosh,1544,warrior,arms,54,24,30
53052,Zyppz,sargeras,1543,warrior,arms,38,26,12
53053,Säbeër,ragnaros,1543,warrior,arms,54,29,25
53054,Grumtak,azralon,1543,warrior,arms,59,30,29
53055,Zekkenx,azjolnerub,1543,warrior,arms,42,18,24
53056,Boypartz,onyxia,1543,warrior,arms,66,26,40
53057,Blowhoof,azralon,1542,warrior,arms,42,25,17
53058,Lykemore,moon-guard,1542,warrior,arms,74,41,33
53059,Know,anetheron,1542,warrior,arms,98,45,53
53060,Danield,illidan,1542,warrior,arms,60,23,37
53061,Wingedknight,malganis,1541,warrior,arms,98,47,51
53062,Urscrewed,frostmane,1541,warrior,arms,41,18,23
53063,Millywhopz,thrall,1539,warrior,arms,36,19,17
53064,Uhttercow,tichondrius,1539,warrior,arms,66,33,33
53065,Slitt,azralon,1538,warrior,arms,78,42,36
53066,Skronkar,illidan,1538,warrior,arms,144,72,72
53067,Perrin,burning-blade,1538,warrior,arms,43,21,22
53068,Radagøn,drakkari,1538,warrior,arms,42,20,22
53069,Bwandøn,moon-guard,1538,warrior,arms,88,41,47
53070,Cowtipin,illidan,1538,warrior,arms,110,50,60
53071,Endurefen,sargeras,1537,warrior,arms,30,19,11
53072,Flintish,moon-guard,1537,warrior,arms,61,38,23
53073,Tansozzi,tichondrius,1537,warrior,arms,42,24,18
53074,Underbite,area-52,1536,warrior,arms,54,33,21
53075,Gtr,illidan,1536,warrior,arms,68,41,27
53076,Mailløche,bleeding-hollow,1535,warrior,arms,72,41,31
53077,Mortyy,stormrage,1534,warrior,arms,43,23,20
53078,Rokgral,tichondrius,1534,warrior,arms,80,42,38
53079,Twshizgd,proudmoore,1534,warrior,arms,193,91,102
53080,Nornogin,tichondrius,1534,warrior,arms,66,31,35
53081,Ogeezus,crushridge,1533,warrior,arms,72,36,36
53082,Kolossus,korgath,1533,warrior,arms,46,17,29
53083,Ewenki,tichondrius,1532,warrior,arms,232,120,112
53084,Hydranoid,ragnaros,1532,warrior,arms,145,67,78
53085,Tigris,nesingwary,1531,warrior,arms,30,16,14
53086,Ôn,tichondrius,1530,warrior,arms,243,118,125
53087,Maddorlon,thrall,1530,warrior,arms,59,27,32
53088,Hanzmat,illidan,1529,warrior,arms,30,16,14
53089,Ratfang,zuljin,1528,warrior,arms,28,17,11
53090,Stinkyw,tichondrius,1528,warrior,arms,49,27,22
53091,Noyel,tichondrius,1528,warrior,arms,70,32,38
53092,Termana,azjolnerub,1527,warrior,arms,30,16,14
53093,Volstraya,frostmourne,1527,warrior,arms,43,22,21
53094,Jwz,tichondrius,1527,warrior,arms,36,16,20
53095,Yiplaw,stormrage,1526,warrior,arms,30,16,14
53096,Zaddybear,aerie-peak,1526,warrior,arms,45,23,22
53097,Bìgpoppapump,tichondrius,1526,warrior,arms,195,95,100
53098,Malvadin,stormrage,1526,warrior,arms,60,27,33
53099,Yawdamper,illidan,1525,warrior,arms,30,21,9
53100,Ginthril,magtheridon,1525,warrior,arms,143,67,76
53101,Flynnstone,tichondrius,1524,warrior,arms,30,19,11
53102,Achillescool,tichondrius,1524,warrior,arms,113,56,57
53103,Chinamonk,tichondrius,1524,warrior,arms,101,49,52
53104,Executty,stormrage,1524,warrior,arms,36,17,19
53105,Katre,malorne,1524,warrior,arms,61,25,36
53106,Hannibalkng,zangarmarsh,1524,warrior,arms,52,20,32
53107,Lionbuster,ragnaros,1523,warrior,arms,36,22,14
53108,Urion,illidan,1523,warrior,arms,30,17,13
53109,Supersquish,moon-guard,1523,warrior,arms,106,57,49
53110,Varenkä,drakkari,1523,warrior,arms,36,16,20
53111,Ashbringera,proudmoore,1522,warrior,arms,209,105,104
53112,Jottman,tichondrius,1522,warrior,arms,111,47,64
53113,Traumaj,bleeding-hollow,1521,warrior,arms,129,68,61
53114,Kimed,nordrassil,1520,warrior,arms,30,16,14
53115,Metalwarr,illidan,1520,warrior,arms,59,30,29
53116,Spartacam,frostmourne,1520,warrior,arms,166,83,83
53117,Elchacál,ragnaros,1520,warrior,arms,66,27,39
53118,Randysnapper,zuljin,1519,warrior,arms,24,16,8
53119,Peacemake,tichondrius,1519,warrior,arms,45,24,21
53120,Ichigö,gundrak,1519,warrior,arms,51,25,26
53121,Rukittenme,area-52,1519,warrior,arms,72,29,43
53122,Cosmosz,illidan,1517,warrior,arms,96,53,43
53123,Malakaimapk,korgath,1517,warrior,arms,30,16,14
53124,Príde,kiljaeden,1517,warrior,arms,36,17,19
53125,Gruula,frostmourne,1516,warrior,arms,33,21,12
53126,Pelonna,drakkari,1516,warrior,arms,126,61,65
53127,Damiansuv,moon-guard,1516,warrior,arms,153,73,80
53128,Jimjinjin,tichondrius,1515,warrior,arms,30,16,14
53129,Dajva,ragnaros,1515,warrior,arms,78,36,42
53130,Rads,stormscale,1514,warrior,arms,69,39,30
53131,Brayitann,illidan,1514,warrior,arms,49,27,22
53132,Tkavalan,proudmoore,1514,warrior,arms,65,29,36
53133,Chupelo,tichondrius,1513,warrior,arms,24,18,6
53134,Dtrumpo,moon-guard,1513,warrior,arms,52,27,25
53135,Ginormous,rivendare,1513,warrior,arms,63,31,32
53136,Elevate,whisperwind,1513,warrior,arms,36,16,20
53137,Zeroaxx,ragnaros,1512,warrior,arms,62,41,21
53138,Tuvia,malganis,1511,warrior,arms,177,89,88
53139,Wmf,frostmourne,1511,warrior,arms,90,42,48
53140,Raala,cenarius,1510,warrior,arms,51,34,17
53141,Tríxman,moon-guard,1510,warrior,arms,106,61,45
53142,Draganovich,aerie-peak,1509,warrior,arms,54,30,24
53143,Torzzen,azralon,1509,warrior,arms,117,59,58
53144,Karrosh,agamaggan,1509,warrior,arms,42,18,24
53145,Himer,tichondrius,1509,warrior,arms,48,20,28
53146,Leapgodx,drenden,1508,warrior,arms,36,21,15
53147,Doomreaper,hellscream,1508,warrior,arms,71,40,31
53148,Punknicanor,quelthalas,1508,warrior,arms,66,33,33
53149,Hotdadparty,frostmourne,1508,warrior,arms,103,51,52
53150,Kratosxx,quelthalas,1508,warrior,arms,79,38,41
53151,Ryank,bonechewer,1508,warrior,arms,54,25,29
53152,Kissmyaxê,tichondrius,1508,warrior,arms,63,28,35
53153,Machete,nemesis,1507,warrior,arms,76,40,36
53154,Geñeralguap,tichondrius,1506,warrior,arms,208,110,98
53155,Zolotrollo,area-52,1505,warrior,arms,24,16,8
53156,Gerztok,aggramar,1505,warrior,arms,52,26,26
53157,Legbreaker,tichondrius,1504,warrior,arms,70,37,33
53158,Pocserwar,drakkari,1504,warrior,arms,36,16,20
53159,Wouili,zuljin,1503,warrior,arms,97,59,38
53160,Karín,tichondrius,1503,warrior,arms,30,17,13
53161,Bottlecaps,shadowmoon,1502,warrior,arms,51,25,26
53162,Rallyingcry,illidan,1500,warrior,arms,30,18,12
53163,Devildriver,malganis,1499,warrior,arms,102,53,49
53164,Lilmerman,laughing-skull,1499,warrior,arms,71,36,35
53165,Yunnkel,ragnaros,1499,warrior,arms,128,64,64
53166,Lehzera,frostmourne,1499,warrior,arms,80,37,43
53167,Akkar,gilneas,1497,warrior,arms,99,53,46
53168,Lilreese,tichondrius,1497,warrior,arms,74,36,38
53169,Tcchmm,akama,1497,warrior,arms,64,28,36
53170,Enilaw,proudmoore,1496,warrior,arms,62,36,26
53171,Habakkos,firetree,1496,warrior,arms,72,39,33
53172,Crustyfella,stormrage,1496,warrior,arms,52,28,24
53173,Monstersynde,nemesis,1495,warrior,arms,114,56,58
53174,Wo,alleria,1495,warrior,arms,42,19,23
53175,Crowncrumpah,illidan,1494,warrior,arms,60,28,32
53176,Datneck,tichondrius,1493,warrior,arms,30,16,14
53177,Kastenz,frostmourne,1493,warrior,arms,55,25,30
53178,Horsekok,tichondrius,1492,warrior,arms,30,19,11
53179,Aggorak,illidan,1492,warrior,arms,36,16,20
53180,Sáítámá,tichondrius,1491,warrior,arms,58,30,28
53181,Brocky,malorne,1491,warrior,arms,600,296,304
53182,Roidraging,thunderlord,1490,warrior,arms,149,66,83
53183,Garadiels,tichondrius,1490,warrior,arms,73,31,42
53184,Rockstedy,area-52,1489,warrior,arms,68,31,37
53185,Bozwar,tichondrius,1488,warrior,arms,66,34,32
53186,Taywar,sargeras,1488,warrior,arms,60,29,31
53187,Dragvovar,thrall,1488,warrior,arms,42,16,26
53188,Casablancas,azralon,1488,warrior,arms,42,16,26
53189,Zänn,dalaran,1486,warrior,arms,60,38,22
53190,Mortawar,tichondrius,1486,warrior,arms,48,29,19
53191,Linga,bleeding-hollow,1486,warrior,arms,36,19,17
53192,Sìkarío,illidan,1486,warrior,arms,60,31,29
53193,Zxlor,tichondrius,1486,warrior,arms,48,20,28
53194,Karnakk,thrall,1485,warrior,arms,41,16,25
53195,Oppressor,darkspear,1484,warrior,arms,112,54,58
53196,Grimreáper,bleeding-hollow,1484,warrior,arms,60,23,37
53197,Braxin,dalaran,1483,warrior,arms,77,42,35
53198,Ayath,hyjal,1483,warrior,arms,36,18,18
53199,Earlsiriuz,tichondrius,1483,warrior,arms,51,23,28
53200,Amaragos,tichondrius,1482,warrior,arms,74,44,30
53201,Islik,stormrage,1482,warrior,arms,73,35,38
53202,Frankoiz,quelthalas,1482,warrior,arms,42,19,23
53203,Renger,garona,1482,warrior,arms,36,16,20
53204,Bâlthor,quelthalas,1481,warrior,arms,126,61,65
53205,Beaerboy,darkspear,1481,warrior,arms,119,55,64
53206,Visenyä,mannoroth,1481,warrior,arms,52,21,31
53207,Bêelzebub,aerie-peak,1481,warrior,arms,48,18,30
53208,Slyith,shadow-council,1480,warrior,arms,89,45,44
53209,Theisius,tichondrius,1480,warrior,arms,69,29,40
53210,Brutallicus,kelthuzad,1479,warrior,arms,33,17,16
53211,Tommytimbo,destromath,1479,warrior,arms,37,16,21
53212,Shortgoofy,sargeras,1477,warrior,arms,129,61,68
53213,Crystaríum,stormrage,1477,warrior,arms,79,37,42
53214,Rainzy,stormrage,1476,warrior,arms,36,16,20
53215,Nyuk,tichondrius,1475,warrior,arms,33,19,14
53216,Asc,barthilas,1475,warrior,arms,234,124,110
53217,Khargrok,ragnaros,1475,warrior,arms,48,23,25
53218,Weedow,proudmoore,1474,warrior,arms,29,16,13
53219,Nagaboner,frostmourne,1474,warrior,arms,107,59,48
53220,Grimus,bleeding-hollow,1474,warrior,arms,155,85,70
53221,Rimz,sargeras,1474,warrior,arms,40,21,19
53222,Cagrekk,wyrmrest-accord,1474,warrior,arms,65,33,32
53223,Luosifen,tichondrius,1473,warrior,arms,215,109,106
53224,Saîyanroyce,barthilas,1473,warrior,arms,137,69,68
53225,Sinsinatra,azralon,1473,warrior,arms,216,106,110
53226,Armsprotfury,tichondrius,1472,warrior,arms,48,30,18
53227,Furyass,bleeding-hollow,1472,warrior,arms,120,65,55
53228,Naughtytwat,tichondrius,1472,warrior,arms,183,90,93
53229,Vecira,moon-guard,1472,warrior,arms,41,20,21
53230,Dann,ragnaros,1472,warrior,arms,84,39,45
53231,Dazfotm,tichondrius,1472,warrior,arms,41,16,25
53232,Holddapoop,area-52,1471,warrior,arms,78,43,35
53233,Ninefingers,madoran,1471,warrior,arms,60,32,28
53234,Eihn,quelthalas,1471,warrior,arms,53,25,28
53235,Neotico,quelthalas,1471,warrior,arms,62,27,35
53236,Arthwarf,proudmoore,1470,warrior,arms,60,29,31
53237,Potalot,draenor,1469,warrior,arms,30,16,14
53238,Baul,area-52,1469,warrior,arms,59,31,28
53239,Raviax,sargeras,1469,warrior,arms,36,18,18
53240,Dáinsleif,frostmourne,1469,warrior,arms,36,17,19
53241,Smokedaperc,illidan,1468,warrior,arms,84,44,40
53242,Lsays,tichondrius,1468,warrior,arms,145,72,73
53243,Jeffo,amanthul,1468,warrior,arms,38,18,20
53244,Thurman,spirestone,1467,warrior,arms,44,26,18
53245,Gomachi,moon-guard,1467,warrior,arms,28,16,12
53246,Klouddraft,tichondrius,1466,warrior,arms,45,26,19
53247,Bestid,tichondrius,1465,warrior,arms,60,33,27
53248,Thedin,gorefiend,1465,warrior,arms,84,36,48
53249,Barbatenaz,ragnaros,1465,warrior,arms,48,18,30
53250,Eggroll,emerald-dream,1465,warrior,arms,47,17,30
53251,Torimzor,nemesis,1464,warrior,arms,138,74,64
53252,Ángron,ragnaros,1464,warrior,arms,92,48,44
53253,Zhânshen,tichondrius,1464,warrior,arms,60,31,29
53254,Toughguts,saurfang,1464,warrior,arms,60,29,31
53255,Bricksquad,mannoroth,1464,warrior,arms,57,25,32
53256,Joesbàr,tichondrius,1464,warrior,arms,78,34,44
53257,Frashes,darkspear,1463,warrior,arms,55,26,29
53258,Bigdingus,frostwolf,1463,warrior,arms,60,28,32
53259,Tekaiatsu,tichondrius,1462,warrior,arms,107,61,46
53260,Duroxzee,area-52,1462,warrior,arms,187,100,87
53261,Skollyd,tichondrius,1462,warrior,arms,38,17,21
53262,Sertss,proudmoore,1462,warrior,arms,71,30,41
53263,Tamagoshi,kiljaeden,1461,warrior,arms,150,82,68
53264,Jinsol,illidan,1461,warrior,arms,35,19,16
53265,Golkän,goldrinn,1461,warrior,arms,66,34,32
53266,Rathty,shadowsong,1461,warrior,arms,36,18,18
53267,Ihadnochoice,barthilas,1461,warrior,arms,256,126,130
53268,Brewstrike,dalaran,1461,warrior,arms,42,20,22
53269,Ghostmourne,ragnaros,1460,warrior,arms,193,96,97
53270,Nabiouscx,malganis,1460,warrior,arms,101,47,54
53271,Asgaurdius,thunderlord,1459,warrior,arms,70,36,34
53272,Môrôdin,area-52,1459,warrior,arms,78,31,47
53273,Riskydevil,azralon,1458,warrior,arms,58,32,26
53274,Warlow,korgath,1458,warrior,arms,64,29,35
53275,Mommysharky,illidan,1457,warrior,arms,36,26,10
53276,Dathalidus,area-52,1457,warrior,arms,50,32,18
53277,Brotu,nemesis,1457,warrior,arms,163,91,72
53278,Creepi,sargeras,1457,warrior,arms,56,30,26
53279,Konraad,amanthul,1457,warrior,arms,48,23,25
53280,Ooze,darkspear,1456,warrior,arms,111,62,49
53281,Bullmastic,deathwing,1456,warrior,arms,46,21,25
53282,Pongk,tichondrius,1456,warrior,arms,57,17,40
53283,Cheeriozz,thrall,1455,warrior,arms,53,30,23
53284,Coolade,thunderhorn,1455,warrior,arms,94,47,47
53285,Jotto,zuljin,1455,warrior,arms,36,18,18
53286,Jrod,boulderfist,1455,warrior,arms,204,101,103
53287,Slamthony,sargeras,1455,warrior,arms,51,24,27
53288,Xaka,tichondrius,1455,warrior,arms,42,19,23
53289,Dou,barthilas,1454,warrior,arms,29,18,11
53290,Bryk,korgath,1454,warrior,arms,30,17,13
53291,Bigdickgomez,frostmourne,1454,warrior,arms,30,16,14
53292,Seukkang,tichondrius,1454,warrior,arms,36,16,20
53293,Lionssong,bleeding-hollow,1454,warrior,arms,71,31,40
53294,Dysensor,illidan,1453,warrior,arms,108,55,53
53295,Suprslayer,spirestone,1453,warrior,arms,40,20,20
53296,Doves,tichondrius,1453,warrior,arms,33,16,17
53297,Krakitus,azralon,1453,warrior,arms,42,18,24
53298,Cúdi,darkspear,1452,warrior,arms,30,16,14
53299,Cptstarship,sargeras,1452,warrior,arms,30,16,14
53300,Xenogears,boulderfist,1452,warrior,arms,96,51,45
53301,Jäÿ,proudmoore,1451,warrior,arms,69,33,36
53302,Banggo,frostmourne,1450,warrior,arms,60,36,24
53303,Biznizwar,sargeras,1450,warrior,arms,124,61,63
53304,Isarat,illidan,1450,warrior,arms,48,23,25
53305,Raves,quelthalas,1450,warrior,arms,78,31,47
53306,Fatty,mugthol,1449,warrior,arms,42,26,16
53307,Qetimporta,quelthalas,1449,warrior,arms,96,54,42
53308,Erple,eldrethalas,1449,warrior,arms,116,54,62
53309,Wellowarr,moon-guard,1448,warrior,arms,78,34,44
53310,Dcashmoney,moon-guard,1448,warrior,arms,66,28,38
53311,Slimmjim,malganis,1447,warrior,arms,95,57,38
53312,Wapistun,thrall,1447,warrior,arms,48,26,22
53313,Kiritos,draktharon,1447,warrior,arms,48,25,23
53314,Balroge,illidan,1447,warrior,arms,48,22,26
53315,Dånkers,sargeras,1447,warrior,arms,44,16,28
53316,Gtatewarr,azjolnerub,1446,warrior,arms,26,16,10
53317,Overswing,tichondrius,1446,warrior,arms,78,32,46
53318,Rárict,moon-guard,1445,warrior,arms,46,26,20
53319,Shawnemd,proudmoore,1445,warrior,arms,54,29,25
53320,Streetdog,stormrage,1445,warrior,arms,60,29,31
53321,Gnizzmo,sargeras,1445,warrior,arms,36,16,20
53322,Belldor,barthilas,1445,warrior,arms,72,28,44
53323,Aoste,tichondrius,1442,warrior,arms,61,33,28
53324,Trackstarz,llane,1442,warrior,arms,244,121,123
53325,Kréix,sargeras,1442,warrior,arms,59,27,32
53326,Destoryhamer,illidan,1441,warrior,arms,96,51,45
53327,Radamäntthys,nemesis,1441,warrior,arms,117,51,66
53328,Ðêad,area-52,1439,warrior,arms,24,15,9
53329,Bigjbs,tichondrius,1439,warrior,arms,24,15,9
53330,Kror,garona,1439,warrior,arms,75,38,37
53331,Rekatron,area-52,1439,warrior,arms,30,15,15
53332,Volkz,ragnaros,1439,warrior,arms,77,34,43
53333,Warrimon,nemesis,1439,warrior,arms,48,19,29
53334,Darkfang,icecrown,1438,warrior,arms,48,26,22
53335,Himxp,tichondrius,1438,warrior,arms,70,35,35
53336,Jichelei,tichondrius,1438,warrior,arms,72,35,37
53337,Beatmeat,frostmourne,1438,warrior,arms,55,25,30
53338,Loosz,stormrage,1438,warrior,arms,36,15,21
53339,Moozz,dreadmaul,1438,warrior,arms,42,17,25
53340,Ryen,malganis,1438,warrior,arms,43,16,27
53341,Kfcvivofifty,tichondrius,1437,warrior,arms,18,15,3
53342,Themessiah,stormrage,1437,warrior,arms,59,33,26
53343,Graelus,terenas,1437,warrior,arms,47,26,21
53344,Kurdtx,tichondrius,1437,warrior,arms,30,15,15
53345,Benkenobi,khaz-modan,1436,warrior,arms,24,15,9
53346,Stufit,emerald-dream,1436,warrior,arms,34,20,14
53347,Threg,malganis,1435,warrior,arms,30,15,15
53348,Gorek,illidan,1435,warrior,arms,30,15,15
53349,Nikon,bleeding-hollow,1435,warrior,arms,42,16,26
53350,Rapralph,barthilas,1434,warrior,arms,42,23,19
53351,Jellybomb,sargeras,1434,warrior,arms,204,101,103
53352,Vainamóinen,kelthuzad,1433,warrior,arms,24,15,9
53353,Hateuu,tichondrius,1433,warrior,arms,30,15,15
53354,Ygucheng,emerald-dream,1433,warrior,arms,67,33,34
53355,Monowarx,frostmourne,1433,warrior,arms,46,22,24
53356,Ybo,illidan,1432,warrior,arms,87,56,31
53357,Druckerz,lightnings-blade,1432,warrior,arms,102,43,59
53358,Ôxluck,ragnaros,1432,warrior,arms,92,34,58
53359,Painfulsin,tichondrius,1431,warrior,arms,60,26,34
53360,Badguys,illidan,1431,warrior,arms,36,15,21
53361,Malice,frostmourne,1430,warrior,arms,36,15,21
53362,Asgér,quelthalas,1430,warrior,arms,102,41,61
53363,Jeffe,khadgar,1429,warrior,arms,86,39,47
53364,Kushhy,illidan,1429,warrior,arms,45,19,26
53365,Akaius,ragnaros,1429,warrior,arms,48,20,28
53366,Destroid,zuljin,1428,warrior,arms,24,15,9
53367,Laintimee,tichondrius,1428,warrior,arms,56,30,26
53368,Shiiftybuga,frostmourne,1427,warrior,arms,50,27,23
53369,Shishokun,quelthalas,1427,warrior,arms,76,35,41
53370,Hulkbuster,ragnaros,1427,warrior,arms,42,18,24
53371,Kadira,stormrage,1427,warrior,arms,90,37,53
53372,Fraannky,windrunner,1426,warrior,arms,128,64,64
53373,Calmebigfeet,tichondrius,1426,warrior,arms,30,15,15
53374,Onecho,tichondrius,1425,warrior,arms,30,15,15
53375,Arot,bloodhoof,1425,warrior,arms,165,78,87
53376,Moonär,emerald-dream,1425,warrior,arms,95,43,52
53377,Nervoxztwo,ragnaros,1424,warrior,arms,126,66,60
53378,Kannzox,quelthalas,1424,warrior,arms,103,53,50
53379,Novastormer,barthilas,1424,warrior,arms,48,21,27
53380,Krimgar,quelthalas,1424,warrior,arms,94,39,55
53381,Aesom,wyrmrest-accord,1423,warrior,arms,133,73,60
53382,Lòrdnasher,tichondrius,1423,warrior,arms,77,39,38
53383,Tergll,illidan,1423,warrior,arms,51,23,28
53384,Cjz,tichondrius,1422,warrior,arms,42,25,17
53385,Justfair,barthilas,1422,warrior,arms,63,31,32
53386,Automator,proudmoore,1422,warrior,arms,36,15,21
53387,Gorenay,nemesis,1422,warrior,arms,42,17,25
53388,Guguito,drakkari,1422,warrior,arms,42,17,25
53389,Filthyrandy,proudmoore,1421,warrior,arms,42,21,21
53390,Gritrog,thrall,1420,warrior,arms,56,42,14
53391,Mahkrash,quelthalas,1420,warrior,arms,47,22,25
53392,Sleazedog,kelthuzad,1420,warrior,arms,48,21,27
53393,Waraze,tichondrius,1420,warrior,arms,42,17,25
53394,Farquahd,illidan,1420,warrior,arms,72,28,44
53395,Varyanguard,quelthalas,1419,warrior,arms,47,25,22
53396,Orctiddy,emerald-dream,1419,warrior,arms,32,16,16
53397,Mopwarrior,sargeras,1419,warrior,arms,30,15,15
53398,Erradic,sargeras,1419,warrior,arms,30,15,15
53399,Karrok,zuluhed,1418,warrior,arms,222,105,117
53400,Hundredplus,frostmourne,1418,warrior,arms,36,17,19
53401,Pepétí,azralon,1418,warrior,arms,160,72,88
53402,Mortalgodtko,ragnaros,1418,warrior,arms,39,17,22
53403,Lisande,sargeras,1417,warrior,arms,106,57,49
53404,Chanchoswar,ragnaros,1417,warrior,arms,126,58,68
53405,Alexitwo,ragnaros,1416,warrior,arms,66,36,30
53406,Ártorius,sargeras,1416,warrior,arms,108,53,55
53407,Blightscream,bleeding-hollow,1416,warrior,arms,184,87,97
53408,Aaryn,caelestrasz,1415,warrior,arms,104,56,48
53409,Rekitralph,tichondrius,1415,warrior,arms,45,23,22
53410,Ughh,bleeding-hollow,1415,warrior,arms,48,24,24
53411,Drygen,tichondrius,1414,warrior,arms,60,36,24
53412,Ukris,area-52,1414,warrior,arms,89,48,41
53413,Fatnfurious,dunemaul,1414,warrior,arms,100,50,50
53414,Kahuwuna,tichondrius,1414,warrior,arms,30,15,15
53415,Scumrat,frostmourne,1414,warrior,arms,66,32,34
53416,Soltrain,stormrage,1414,warrior,arms,74,33,41
53417,Imyourdaddy,chogall,1413,warrior,arms,28,16,12
53418,Caupølican,ragnaros,1413,warrior,arms,66,33,33
53419,Korboc,malganis,1413,warrior,arms,60,29,31
53420,Slickpapi,area-52,1413,warrior,arms,93,44,49
53421,Shrikewing,moon-guard,1412,warrior,arms,66,35,31
53422,Muertededios,quelthalas,1412,warrior,arms,141,70,71
53423,Kolossux,ragnaros,1412,warrior,arms,96,47,49
53424,Rikuduo,quelthalas,1412,warrior,arms,138,66,72
53425,Ëssex,tichondrius,1412,warrior,arms,83,38,45
53426,Emaree,thrall,1411,warrior,arms,88,49,39
53427,Methwitch,moon-guard,1411,warrior,arms,30,15,15
53428,Shadderaz,sargeras,1411,warrior,arms,66,30,36
53429,Dropopen,tichondrius,1411,warrior,arms,54,17,37
53430,Tusktrollmon,illidan,1410,warrior,arms,104,53,51
53431,Shockkwave,tichondrius,1410,warrior,arms,30,15,15
53432,Handain,malganis,1410,warrior,arms,42,16,26
53433,Áustin,sargeras,1409,warrior,arms,24,15,9
53434,Slamix,area-52,1409,warrior,arms,81,41,40
53435,Rockadoodle,tichondrius,1409,warrior,arms,60,30,30
53436,Utgarde,stormrage,1408,warrior,arms,200,101,99
53437,Swordmasters,icecrown,1408,warrior,arms,60,29,31
53438,Haxzors,sargeras,1408,warrior,arms,60,26,34
53439,Warthorns,malganis,1408,warrior,arms,49,17,32
53440,Littlevarian,ragnaros,1407,warrior,arms,30,18,12
53441,Jøq,ragnaros,1407,warrior,arms,30,17,13
53442,Rägar,quelthalas,1407,warrior,arms,55,28,27
53443,Swamphell,barthilas,1407,warrior,arms,55,18,37
53444,Solano,illidan,1405,warrior,arms,48,30,18
53445,Bruttallis,frostmane,1405,warrior,arms,51,25,26
53446,Hoodlark,lightbringer,1405,warrior,arms,78,30,48
53447,Baix,frostmourne,1404,warrior,arms,63,35,28
53448,Tithousand,tichondrius,1404,warrior,arms,45,24,21
53449,Broodthorne,tichondrius,1404,warrior,arms,30,15,15
53450,Rhohan,ysera,1404,warrior,arms,77,38,39
53451,Yummysushi,gorgonnash,1404,warrior,arms,76,31,45
53452,Ragnarwar,azralon,1403,warrior,arms,58,35,23
53453,Tdestroy,ragnaros,1403,warrior,arms,39,21,18
53454,Mortalstrike,chogall,1403,warrior,arms,52,25,27
53455,Xiosè,ragnaros,1403,warrior,arms,48,23,25
53456,Aloloco,ragnaros,1403,warrior,arms,66,30,36
53457,Zareos,azralon,1403,warrior,arms,40,17,23
53458,Bløødy,lethon,1402,warrior,arms,26,17,9
53459,Badmanego,illidan,1402,warrior,arms,30,16,14
53460,Supremegalek,tichondrius,1401,warrior,arms,88,46,42
53461,Cauldrin,bleeding-hollow,1401,warrior,arms,78,40,38
53462,Sigfir,ragnaros,1401,warrior,arms,76,36,40
53463,Aión,nemesis,1400,warrior,arms,24,17,7
53464,Thaisyta,tichondrius,1400,warrior,arms,30,19,11
53465,Dubstoob,illidan,1400,warrior,arms,148,77,71
53466,Zizwe,proudmoore,1400,warrior,arms,77,39,38
53467,Buntpunt,mannoroth,1400,warrior,arms,109,53,56
53468,Peeb,tichondrius,1399,warrior,arms,30,15,15
53469,Hêllseeker,ragnaros,1399,warrior,arms,78,37,41
53470,Tern,emerald-dream,1398,warrior,arms,82,42,40
53471,Ikrad,quelthalas,1398,warrior,arms,84,42,42
53472,Tyrannus,chogall,1397,warrior,arms,29,15,14
53473,Tenebrous,nemesis,1397,warrior,arms,48,20,28
53474,Rokó,illidan,1396,warrior,arms,72,34,38
53475,Edwiddin,frostmourne,1396,warrior,arms,68,31,37
53476,Sokõ,tichondrius,1394,warrior,arms,48,28,20
53477,Varith,sargeras,1394,warrior,arms,36,20,16
53478,Ponchetas,quelthalas,1394,warrior,arms,96,46,50
53479,Magnar,zuljin,1392,warrior,arms,42,25,17
53480,Vanglorio,azralon,1392,warrior,arms,81,44,37
53481,Gusbus,malganis,1392,warrior,arms,112,60,52
53482,Märkdî,quelthalas,1392,warrior,arms,30,16,14
53483,Byung,terenas,1392,warrior,arms,138,64,74
53484,Carnith,arthas,1392,warrior,arms,36,15,21
53485,Zaurka,sargeras,1391,warrior,arms,30,18,12
53486,Bigster,malganis,1391,warrior,arms,30,16,14
53487,Nicegirl,sargeras,1391,warrior,arms,69,36,33
53488,Ayuko,greymane,1391,warrior,arms,47,23,24
53489,Zeerohkool,tichondrius,1391,warrior,arms,102,46,56
53490,Dreadwarr,stormrage,1390,warrior,arms,32,20,12
53491,Apallô,tichondrius,1388,warrior,arms,89,40,49
53492,Estivador,kelthuzad,1388,warrior,arms,56,25,31
53493,Rekcd,sargeras,1387,warrior,arms,36,23,13
53494,Demonsláyer,illidan,1387,warrior,arms,30,15,15
53495,Saltyundies,tichondrius,1387,warrior,arms,117,54,63
53496,Momojojo,daggerspine,1385,warrior,arms,26,18,8
53497,Morhgath,bonechewer,1385,warrior,arms,49,26,23
53498,Kilrosao,nordrassil,1385,warrior,arms,83,43,40
53499,Retros,kelthuzad,1385,warrior,arms,72,37,35
53500,Yirko,quelthalas,1385,warrior,arms,74,31,43
53501,Fòntaine,shandris,1384,warrior,arms,39,21,18
53502,Sludgthwaps,stormrage,1383,warrior,arms,59,29,30
53503,Raygé,malygos,1383,warrior,arms,45,21,24
53504,Disarmiea,cairne,1383,warrior,arms,87,40,47
53505,Kanamechan,area-52,1383,warrior,arms,65,24,41
53506,Ghostss,tichondrius,1382,warrior,arms,67,29,38
53507,Eîghtysîx,sargeras,1382,warrior,arms,100,43,57
53508,Odrak,ragnaros,1382,warrior,arms,48,18,30
53509,Rivenz,moon-guard,1382,warrior,arms,57,20,37
53510,Verain,thrall,1381,warrior,arms,36,17,19
53511,Bagur,ragnaros,1380,warrior,arms,114,61,53
53512,Typhön,tichondrius,1380,warrior,arms,77,31,46
53513,Gooshin,sargeras,1379,warrior,arms,127,65,62
53514,Dinogc,barthilas,1379,warrior,arms,44,21,23
53515,Killtarget,tichondrius,1377,warrior,arms,82,45,37
53516,Gwendolynl,hyjal,1377,warrior,arms,73,35,38
53517,Rohta,kiljaeden,1376,warrior,arms,79,36,43
53518,Luckyw,draktharon,1375,warrior,arms,42,23,19
53519,Yoruba,burning-blade,1375,warrior,arms,67,29,38
53520,Beowúlf,burning-blade,1375,warrior,arms,41,16,25
53521,Dolkal,tichondrius,1375,warrior,arms,57,21,36
53522,Hopar,illidan,1374,warrior,arms,54,31,23
53523,Danzohh,dalaran,1374,warrior,arms,33,15,18
53524,Týrodar,moon-guard,1374,warrior,arms,54,24,30
53525,Blokz,arthas,1373,warrior,arms,72,40,32
53526,Northhill,tichondrius,1373,warrior,arms,101,54,47
53527,Nightshauyia,kelthuzad,1373,warrior,arms,51,27,24
53528,Machineofwar,zuluhed,1373,warrior,arms,138,65,73
53529,Kowboy,stormrage,1372,warrior,arms,130,66,64
53530,Sako,amanthul,1372,warrior,arms,30,15,15
53531,Rushour,quelthalas,1372,warrior,arms,32,15,17
53532,Storkos,moon-guard,1371,warrior,arms,107,57,50
53533,Kantorowicz,goldrinn,1371,warrior,arms,78,40,38
53534,Ðarkstar,zuljin,1370,warrior,arms,140,62,78
53535,Budzie,frostwolf,1368,warrior,arms,40,21,19
53536,Zaexx,stormrage,1368,warrior,arms,65,32,33
53537,Powerhard,area-52,1368,warrior,arms,57,26,31
53538,Monkedurant,tichondrius,1367,warrior,arms,30,18,12
53539,Superdah,kiljaeden,1367,warrior,arms,72,36,36
53540,Juggerboo,frostmourne,1367,warrior,arms,79,38,41
53541,Dhaemom,azralon,1366,warrior,arms,133,69,64
53542,Evilkorean,tichondrius,1366,warrior,arms,59,29,30
53543,Noppô,tichondrius,1366,warrior,arms,42,15,27
53544,Zugnut,tichondrius,1365,warrior,arms,64,31,33
53545,Xenowar,alleria,1365,warrior,arms,108,48,60
53546,Durko,whisperwind,1365,warrior,arms,36,16,20
53547,Juicey,burning-blade,1364,warrior,arms,55,28,27
53548,Tÿÿr,azralon,1364,warrior,arms,60,26,34
53549,Danzael,quelthalas,1364,warrior,arms,42,18,24
53550,Xampuu,ragnaros,1363,warrior,arms,34,20,14
53551,Rayks,tichondrius,1363,warrior,arms,60,34,26
53552,Menestz,dreadmaul,1363,warrior,arms,59,33,26
53553,Theragar,kilrogg,1363,warrior,arms,36,20,16
53554,Sevala,spinebreaker,1363,warrior,arms,58,32,26
53555,Drekzul,azralon,1363,warrior,arms,36,19,17
53556,Neozsmash,thrall,1362,warrior,arms,58,29,29
53557,Mjorn,sargeras,1362,warrior,arms,64,30,34
53558,Yummybumbum,barthilas,1362,warrior,arms,60,26,34
53559,Arashikage,malganis,1361,warrior,arms,40,18,22
53560,Mervyn,aegwynn,1360,warrior,arms,48,29,19
53561,Allgas,barthilas,1360,warrior,arms,107,58,49
53562,Devil,illidan,1360,warrior,arms,33,17,16
53563,Warsaínt,area-52,1360,warrior,arms,65,31,34
53564,Klingensturm,thrall,1359,warrior,arms,25,15,10
53565,Maywarro,ragnaros,1359,warrior,arms,60,29,31
53566,Lègèndáry,dark-iron,1359,warrior,arms,48,21,27
53567,Tigo,khaz-modan,1358,warrior,arms,81,44,37
53568,Franc,kiljaeden,1358,warrior,arms,41,22,19
53569,Davidorco,drakkari,1358,warrior,arms,41,19,22
53570,Vondrack,ragnaros,1358,warrior,arms,36,15,21
53571,Horcules,kiljaeden,1358,warrior,arms,41,17,24
53572,Ightdoex,zuljin,1357,warrior,arms,32,22,10
53573,Kleavage,korgath,1357,warrior,arms,67,31,36
53574,Elsamok,ragnaros,1356,warrior,arms,28,15,13
53575,Roitty,proudmoore,1356,warrior,arms,55,26,29
53576,Dorianfrost,ravenholdt,1356,warrior,arms,78,27,51
53577,Pangpou,tichondrius,1355,warrior,arms,156,83,73
53578,Doomreaprr,hellscream,1354,warrior,arms,28,18,10
53579,Lowlow,lightbringer,1354,warrior,arms,36,16,20
53580,Jhave,ragnaros,1353,warrior,arms,44,22,22
53581,Silverkiller,drakkari,1352,warrior,arms,57,29,28
53582,Browneyed,area-52,1352,warrior,arms,36,15,21
53583,Nviv,proudmoore,1351,warrior,arms,90,40,50
53584,Hiddensquidd,stormrage,1349,warrior,arms,57,35,22
53585,Rampage,azralon,1349,warrior,arms,125,59,66
53586,Jsolucky,thrall,1348,warrior,arms,36,15,21
53587,Cecchino,zuluhed,1347,warrior,arms,36,18,18
53588,Thorado,nemesis,1347,warrior,arms,160,78,82
53589,Dimus,area-52,1347,warrior,arms,36,15,21
53590,Scrapx,malganis,1346,warrior,arms,107,51,56
53591,Rasgriz,moon-guard,1346,warrior,arms,43,20,23
53592,Xvett,drakkari,1345,warrior,arms,90,51,39
53593,Tasesino,quelthalas,1345,warrior,arms,52,27,25
53594,Ðuratestön,azralon,1345,warrior,arms,36,16,20
53595,Juff,hakkar,1344,warrior,arms,70,36,34
53596,ßaldbornë,stormrage,1344,warrior,arms,94,47,47
53597,Warraaxx,stonemaul,1343,warrior,arms,48,25,23
53598,Notmagnusz,zuljin,1343,warrior,arms,30,14,16
53599,Lagzistance,area-52,1343,warrior,arms,30,14,16
53600,Legday,stormrage,1343,warrior,arms,30,14,16
53601,Doominus,tichondrius,1343,warrior,arms,30,14,16
53602,Orangesoda,tichondrius,1342,warrior,arms,24,14,10
53603,Gorrock,dreadmaul,1342,warrior,arms,72,35,37
53604,Tuggernaut,khadgar,1342,warrior,arms,30,14,16
53605,Bùlk,barthilas,1342,warrior,arms,106,47,59
53606,Kurdt,tichondrius,1341,warrior,arms,24,14,10
53607,Mcflury,skullcrusher,1341,warrior,arms,24,14,10
53608,Jokerkxs,tichondrius,1341,warrior,arms,24,14,10
53609,Rage,uther,1341,warrior,arms,24,14,10
53610,Handkerchief,bleeding-hollow,1341,warrior,arms,31,15,16
53611,Gentlehugs,illidan,1340,warrior,arms,36,14,22
53612,Nerdstorm,tichondrius,1338,warrior,arms,24,14,10
53613,Gáren,quelthalas,1338,warrior,arms,24,14,10
53614,Kelidar,kaelthas,1338,warrior,arms,42,22,20
53615,Allenwrite,frostmourne,1337,warrior,arms,48,21,27
53616,Suntore,malganis,1336,warrior,arms,24,14,10
53617,Govosh,thrall,1336,warrior,arms,24,14,10
53618,Laygoh,zuljin,1336,warrior,arms,24,14,10
53619,Xtrachrome,stormrage,1336,warrior,arms,24,14,10
53620,Ketaqt,illidan,1336,warrior,arms,26,15,11
53621,Swamis,stormreaver,1336,warrior,arms,36,19,17
53622,Azog,bleeding-hollow,1336,warrior,arms,48,25,23
53623,Omnïslash,tichondrius,1336,warrior,arms,30,14,16
53624,Viagraliker,tichondrius,1336,warrior,arms,44,19,25
53625,Rhorix,korialstrasz,1336,warrior,arms,36,14,22
53626,Wesih,ragnaros,1336,warrior,arms,60,22,38
53627,Unbeatablezs,tichondrius,1335,warrior,arms,96,51,45
53628,Xenoblade,wildhammer,1335,warrior,arms,48,21,27
53629,Dicedup,stormrage,1335,warrior,arms,36,14,22
53630,Rageinice,tichondrius,1334,warrior,arms,42,21,21
53631,Warb,aggramar,1334,warrior,arms,84,41,43
53632,Twobyfuor,sargeras,1334,warrior,arms,59,28,31
53633,Janlei,quelthalas,1334,warrior,arms,59,25,34
53634,Prodigál,dalaran,1334,warrior,arms,36,15,21
53635,Slammshady,tichondrius,1333,warrior,arms,21,15,6
53636,Thegoochgoon,malorne,1333,warrior,arms,67,36,31
53637,Torkus,ragnaros,1333,warrior,arms,52,26,26
53638,Barricade,velen,1333,warrior,arms,131,64,67
53639,Baciless,illidan,1333,warrior,arms,36,14,22
53640,Babybears,tichondrius,1333,warrior,arms,44,15,29
53641,Kolacut,tichondrius,1332,warrior,arms,24,14,10
53642,Jijiyeya,tichondrius,1332,warrior,arms,36,17,19
53643,Blackwulff,korgath,1332,warrior,arms,66,29,37
53644,Woth,deathwing,1331,warrior,arms,30,14,16
53645,Necco,lothar,1331,warrior,arms,36,16,20
53646,Lexxsteele,mugthol,1330,warrior,arms,24,14,10
53647,Carken,kiljaeden,1330,warrior,arms,36,20,16
53648,Marzse,sargeras,1330,warrior,arms,30,14,16
53649,Kilroywar,tichondrius,1329,warrior,arms,30,14,16
53650,Mimiovo,tichondrius,1328,warrior,arms,24,14,10
53651,Marraneitor,quelthalas,1328,warrior,arms,30,16,14
53652,Nuclearfury,khadgar,1328,warrior,arms,60,31,29
53653,Fixafflock,bleeding-hollow,1327,warrior,arms,24,14,10
53654,Chilicezo,durotan,1327,warrior,arms,65,37,28
53655,Kalnor,dark-iron,1327,warrior,arms,50,26,24
53656,Ketasshi,kelthuzad,1327,warrior,arms,36,14,22
53657,Twistwarr,area-52,1326,warrior,arms,24,14,10
53658,Greywo,tichondrius,1326,warrior,arms,67,38,29
53659,Iyamii,hyjal,1326,warrior,arms,35,19,16
53660,Odrath,tichondrius,1326,warrior,arms,90,42,48
53661,Zuljikan,illidan,1326,warrior,arms,47,16,31
53662,Rekem,malganis,1325,warrior,arms,72,33,39
53663,Kinzi,quelthalas,1325,warrior,arms,135,57,78
53664,Boocawkeyy,illidan,1325,warrior,arms,60,23,37
53665,Homicideted,frostmourne,1323,warrior,arms,24,15,9
53666,Mitered,tichondrius,1323,warrior,arms,39,19,20
53667,Aparentlynot,shattered-hand,1323,warrior,arms,30,14,16
53668,Rasazghal,darrowmere,1323,warrior,arms,75,26,49
53669,Overfury,azralon,1322,warrior,arms,36,18,18
53670,Datsongz,proudmoore,1322,warrior,arms,102,50,52
53671,Loothar,goldrinn,1321,warrior,arms,113,56,57
53672,Venecus,stormrage,1321,warrior,arms,30,14,16
53673,Sharpen,terokkar,1320,warrior,arms,24,14,10
53674,Bwhaha,frostwolf,1319,warrior,arms,30,22,8
53675,Gahju,area-52,1319,warrior,arms,24,14,10
53676,Macsen,zuljin,1319,warrior,arms,36,18,18
53677,Semyus,ragnaros,1319,warrior,arms,65,32,33
53678,Linçpin,tichondrius,1319,warrior,arms,60,29,31
53679,Thrawb,bleeding-hollow,1319,warrior,arms,33,15,18
53680,Gï,fizzcrank,1318,warrior,arms,24,14,10
53681,Chargeback,zuljin,1318,warrior,arms,63,34,29
53682,Arkayko,quelthalas,1318,warrior,arms,28,15,13
53683,Zroz,ragnaros,1318,warrior,arms,54,28,26
53684,Lujzika,stormreaver,1318,warrior,arms,39,17,22
53685,Calmaah,frostmourne,1317,warrior,arms,63,33,30
53686,Orcaine,ursin,1315,warrior,arms,41,27,14
53687,Valder,akama,1315,warrior,arms,30,15,15
53688,Kappis,illidan,1315,warrior,arms,59,29,30
53689,Dennlss,quelthalas,1315,warrior,arms,114,49,65
53690,Fuller,kelthuzad,1314,warrior,arms,36,18,18
53691,Xl,quelthalas,1312,warrior,arms,78,36,42
53692,Tenchuu,azralon,1312,warrior,arms,118,50,68
53693,Logi,alexstrasza,1312,warrior,arms,42,17,25
53694,Qtcrow,frostmourne,1310,warrior,arms,78,39,39
53695,Sseobeon,tichondrius,1310,warrior,arms,28,14,14
53696,Tunasurprize,stormrage,1310,warrior,arms,33,16,17
53697,Korsarro,frostmourne,1310,warrior,arms,86,40,46
53698,Elane,moon-guard,1310,warrior,arms,48,17,31
53699,Doomtree,zuljin,1309,warrior,arms,18,14,4
53700,Makcumba,ragnaros,1309,warrior,arms,54,29,25
53701,Jalaskâ,azralon,1309,warrior,arms,82,39,43
53702,Arm,stormscale,1309,warrior,arms,56,26,30
53703,Tenserr,kiljaeden,1308,warrior,arms,31,16,15
53704,Biloni,ragnaros,1308,warrior,arms,30,14,16
53705,Daymiian,blackrock,1308,warrior,arms,42,17,25
53706,Mickyplate,tichondrius,1307,warrior,arms,78,39,39
53707,Notsi,ragnaros,1307,warrior,arms,66,28,38
53708,Aldérmach,zuljin,1306,warrior,arms,112,57,55
53709,Syllana,sargeras,1306,warrior,arms,30,15,15
53710,Velarrine,illidan,1306,warrior,arms,89,39,50
53711,Noelglz,quelthalas,1305,warrior,arms,23,14,9
53712,Knghtofseven,nemesis,1305,warrior,arms,72,39,33
53713,Tikkò,tichondrius,1305,warrior,arms,50,25,25
53714,Exxic,zuljin,1305,warrior,arms,42,21,21
53715,Vemue,tichondrius,1305,warrior,arms,172,84,88
53716,Rhagnael,malganis,1305,warrior,arms,72,30,42
53717,Broxigore,nerzhul,1305,warrior,arms,48,14,34
53718,Raekor,tichondrius,1304,warrior,arms,42,25,17
53719,Zuggarnaught,tichondrius,1304,warrior,arms,82,44,38
53720,Dreweth,altar-of-storms,1304,warrior,arms,30,16,14
53721,Kannerhus,quelthalas,1304,warrior,arms,83,43,40
53722,Brontok,darkspear,1304,warrior,arms,52,25,27
53723,Pum,bleeding-hollow,1304,warrior,arms,30,14,16
53724,Warrshield,ragnaros,1303,warrior,arms,85,42,43
53725,Ximzhao,quelthalas,1303,warrior,arms,60,29,31
53726,Deadee,aerie-peak,1302,warrior,arms,100,48,52
53727,Akj,sargeras,1302,warrior,arms,54,23,31
53728,Ludicrous,dreadmaul,1302,warrior,arms,85,36,49
53729,Kittybang,quelthalas,1302,warrior,arms,54,19,35
53730,Donhoolio,illidan,1301,warrior,arms,24,14,10
53731,Legolant,uther,1301,warrior,arms,30,14,16
53732,Ermeji,ragnaros,1301,warrior,arms,36,14,22
53733,Erdres,kelthuzad,1301,warrior,arms,75,27,48
53734,Raserei,moonrunner,1300,warrior,arms,105,57,48
53735,Pvpheart,tichondrius,1299,warrior,arms,47,27,20
53736,Krostyx,ragnaros,1299,warrior,arms,72,40,32
53737,Chawp,emerald-dream,1299,warrior,arms,47,24,23
53738,Bluthammer,wyrmrest-accord,1299,warrior,arms,35,16,19
53739,Warrdawg,tichondrius,1298,warrior,arms,36,20,16
53740,Swiftui,nemesis,1298,warrior,arms,81,36,45
53741,Xufoxpikmin,gurubashi,1297,warrior,arms,100,43,57
53742,Bersorcker,ragnaros,1297,warrior,arms,62,24,38
53743,Kitonic,proudmoore,1296,warrior,arms,29,18,11
53744,Guitter,nazjatar,1296,warrior,arms,48,20,28
53745,Beeny,tichondrius,1295,warrior,arms,33,14,19
53746,Fuknazum,gundrak,1294,warrior,arms,150,70,80
53747,Vyndronor,illidan,1294,warrior,arms,60,28,32
53748,Superpot,bleeding-hollow,1294,warrior,arms,48,22,26
53749,Crú,stormrage,1293,warrior,arms,30,14,16
53750,Weepingdeath,burning-legion,1292,warrior,arms,72,33,39
53751,Lobsterrj,emerald-dream,1292,warrior,arms,48,19,29
53752,Noobslayr,wyrmrest-accord,1290,warrior,arms,30,18,12
53753,Groxxigore,chogall,1290,warrior,arms,95,51,44
53754,Golîath,mannoroth,1290,warrior,arms,79,35,44
53755,Toagrim,azralon,1290,warrior,arms,48,20,28
53756,Ønì,tichondrius,1289,warrior,arms,48,35,13
53757,Grizzlefish,feathermoon,1289,warrior,arms,54,23,31
53758,Grumok,tichondrius,1289,warrior,arms,57,24,33
53759,Hikikomori,goldrinn,1287,warrior,arms,65,35,30
53760,Devilsbane,khaz-modan,1287,warrior,arms,54,26,28
53761,Walterwhîte,tichondrius,1287,warrior,arms,30,14,16
53762,Rockystyle,tichondrius,1286,warrior,arms,60,33,27
53763,Utheroellin,stormrage,1286,warrior,arms,30,15,15
53764,Hôdû,tichondrius,1286,warrior,arms,75,36,39
53765,Egargiss,malygos,1285,warrior,arms,24,14,10
53766,Hatedßyßlízz,area-52,1285,warrior,arms,48,21,27
53767,Brianucky,thrall,1285,warrior,arms,35,14,21
53768,Ðåddý,stormrage,1285,warrior,arms,41,14,27
53769,Repsey,zuljin,1284,warrior,arms,23,15,8
53770,Sllvrbck,tichondrius,1284,warrior,arms,28,17,11
53771,Niudazhuang,tichondrius,1284,warrior,arms,106,56,50
53772,Valde,stormrage,1284,warrior,arms,27,14,13
53773,Dualip,tichondrius,1283,warrior,arms,75,38,37
53774,Excaliburz,frostmourne,1283,warrior,arms,101,48,53
53775,Ñors,spinebreaker,1283,warrior,arms,36,15,21
53776,Soniixz,ragnaros,1283,warrior,arms,42,17,25
53777,Rnkman,quelthalas,1282,warrior,arms,25,16,9
53778,Putong,tichondrius,1282,warrior,arms,53,29,24
53779,Kagerou,ragnaros,1282,warrior,arms,62,28,34
53780,Verigislena,moon-guard,1281,warrior,arms,50,24,26
53781,Zeerohkool,malganis,1281,warrior,arms,110,46,64
53782,Mussashí,stormrage,1280,warrior,arms,70,41,29
53783,Orz,sargeras,1280,warrior,arms,37,15,22
53784,Onionion,stormrage,1278,warrior,arms,30,14,16
53785,Bfrenzy,dalaran,1278,warrior,arms,42,18,24
53786,Mogtash,blackrock,1278,warrior,arms,41,16,25
53787,Zeiyah,quelthalas,1277,warrior,arms,24,14,10
53788,Irix,tichondrius,1277,warrior,arms,129,63,66
53789,Chrosis,norgannon,1277,warrior,arms,71,27,44
53790,Varekai,frostmourne,1276,warrior,arms,68,33,35
53791,Kourny,frostmourne,1276,warrior,arms,75,36,39
53792,Aintou,aegwynn,1276,warrior,arms,42,20,22
53793,Toxxel,wyrmrest-accord,1275,warrior,arms,59,20,39
53794,Aelrog,malganis,1274,warrior,arms,154,81,73
53795,Rickyxp,aggramar,1274,warrior,arms,48,23,25
53796,Swám,quelthalas,1273,warrior,arms,36,16,20
53797,Amrap,dentarg,1273,warrior,arms,37,16,21
53798,Krazyguerra,bleeding-hollow,1272,warrior,arms,48,26,22
53799,Arox,ghostlands,1272,warrior,arms,60,30,30
53800,Tinydingo,sargeras,1272,warrior,arms,30,15,15
53801,Warnick,illidan,1272,warrior,arms,60,28,32
53802,Dëkm,quelthalas,1272,warrior,arms,41,18,23
53803,Sneeze,kul-tiras,1271,warrior,arms,52,25,27
53804,Aqee,illidan,1270,warrior,arms,60,35,25
53805,Papaming,tichondrius,1270,warrior,arms,60,25,35
53806,Qookymonster,zuljin,1269,warrior,arms,100,51,49
53807,Deadhawk,wyrmrest-accord,1269,warrior,arms,78,32,46
53808,Blacksmiff,malganis,1268,warrior,arms,96,52,44
53809,Thorablade,barthilas,1268,warrior,arms,96,44,52
53810,Loucha,nagrand,1268,warrior,arms,75,32,43
53811,Eudora,stormrage,1267,warrior,arms,72,38,34
53812,Luckybrother,tichondrius,1267,warrior,arms,57,28,29
53813,Athin,azralon,1267,warrior,arms,29,14,15
53814,Catastrophie,mugthol,1266,warrior,arms,87,39,48
53815,Irongummy,frostmourne,1265,warrior,arms,43,19,24
53816,Spartaner,shadowsong,1265,warrior,arms,36,14,22
53817,Spitfired,kiljaeden,1264,warrior,arms,36,19,17
53818,Timotheapple,stormrage,1264,warrior,arms,32,14,18
53819,Thelgrath,quelthalas,1263,warrior,arms,136,66,70
53820,Krimmjðw,sargeras,1263,warrior,arms,36,14,22
53821,Babyguns,tichondrius,1262,warrior,arms,66,29,37
53822,Ivanovh,quelthalas,1261,warrior,arms,180,90,90
53823,Viladoht,aegwynn,1261,warrior,arms,30,14,16
53824,Knewty,stormrage,1261,warrior,arms,32,14,18
53825,Laynarri,hyjal,1260,warrior,arms,60,28,32
53826,Tämuros,thrall,1258,warrior,arms,64,32,32
53827,Wrathena,khadgar,1258,warrior,arms,55,26,29
53828,Gorash,gundrak,1257,warrior,arms,93,46,47
53829,Parren,bleeding-hollow,1256,warrior,arms,25,14,11
53830,Selathiel,burning-blade,1256,warrior,arms,40,16,24
53831,Queterompo,ragnaros,1255,warrior,arms,66,36,30
53832,Hadesz,nazjatar,1255,warrior,arms,77,40,37
53833,Cbum,quelthalas,1255,warrior,arms,66,31,35
53834,Aleniá,tichondrius,1255,warrior,arms,79,37,42
53835,Rawlur,zuljin,1255,warrior,arms,41,16,25
53836,Laint,wyrmrest-accord,1254,warrior,arms,146,73,73
53837,Lilboytroy,korgath,1253,warrior,arms,36,15,21
53838,Croxxs,aegwynn,1253,warrior,arms,50,17,33
53839,Hblock,barthilas,1251,warrior,arms,45,16,29
53840,Rhâêgâr,tichondrius,1250,warrior,arms,42,22,20
53841,Rageoverdose,burning-legion,1250,warrior,arms,135,66,69
53842,Bloodwish,stormrage,1249,warrior,arms,58,32,26
53843,Rodhin,proudmoore,1249,warrior,arms,47,22,25
53844,Brynjah,azralon,1249,warrior,arms,90,40,50
53845,Sowavey,korgath,1248,warrior,arms,24,13,11
53846,Raizzw,ragnaros,1247,warrior,arms,18,13,5
53847,Codyjones,illidan,1247,warrior,arms,24,13,11
53848,Wtbfriends,malganis,1247,warrior,arms,24,13,11
53849,Areaves,moon-guard,1247,warrior,arms,24,13,11
53850,Herey,moon-guard,1247,warrior,arms,24,13,11
53851,Scotteh,eredar,1247,warrior,arms,30,13,17
53852,Sabotender,suramar,1247,warrior,arms,30,13,17
53853,Golinn,aerie-peak,1247,warrior,arms,48,20,28
53854,Irascible,stormrage,1247,warrior,arms,36,13,23
53855,Callad,tichondrius,1246,warrior,arms,47,22,25
53856,Lilfookur,dalaran,1246,warrior,arms,82,37,45
53857,Schizogeist,malganis,1246,warrior,arms,40,18,22
53858,Warhji,malganis,1246,warrior,arms,30,13,17
53859,Betterwar,zuljin,1246,warrior,arms,30,13,17
53860,Babamama,tichondrius,1245,warrior,arms,32,17,15
53861,Tankomode,area-52,1245,warrior,arms,30,13,17
53862,Taürok,azralon,1245,warrior,arms,36,15,21
53863,Reichbeast,area-52,1244,warrior,arms,18,13,5
53864,Rarelinew,malganis,1244,warrior,arms,18,13,5
53865,Vamtoro,illidan,1244,warrior,arms,34,19,15
53866,Kayaburn,tichondrius,1243,warrior,arms,18,14,4
53867,Småckin,frostmourne,1243,warrior,arms,36,20,16
53868,Mokrog,bleeding-hollow,1243,warrior,arms,24,13,11
53869,Malvicious,proudmoore,1243,warrior,arms,24,13,11
53870,Andorane,bleeding-hollow,1243,warrior,arms,24,13,11
53871,Skornnd,malganis,1243,warrior,arms,68,27,41
53872,Flexinbooty,kelthuzad,1243,warrior,arms,36,13,23
53873,Ystk,tichondrius,1242,warrior,arms,24,13,11
53874,Thunderclapz,stormscale,1242,warrior,arms,30,16,14
53875,Gíal,ragnaros,1242,warrior,arms,64,26,38
53876,Titanika,wyrmrest-accord,1242,warrior,arms,72,28,44
53877,Gaydin,eldrethalas,1242,warrior,arms,39,15,24
53878,Guerra,goldrinn,1241,warrior,arms,24,13,11
53879,Ragedump,shadowsong,1241,warrior,arms,26,13,13
53880,Titanrage,tichondrius,1241,warrior,arms,32,14,18
53881,Qtxd,malganis,1240,warrior,arms,24,13,11
53882,Broxhar,ragnaros,1240,warrior,arms,53,26,27
53883,Deamonkiller,kelthuzad,1240,warrior,arms,103,45,58
53884,Rahj,caelestrasz,1240,warrior,arms,30,13,17
53885,Jaminos,frostmourne,1240,warrior,arms,51,22,29
53886,Ðhrâgøn,ragnaros,1239,warrior,arms,18,15,3
53887,Mitigation,hyjal,1239,warrior,arms,34,15,19
53888,Shain,thrall,1239,warrior,arms,30,13,17
53889,Noitrak,azralon,1239,warrior,arms,33,14,19
53890,Retrostorm,illidan,1238,warrior,arms,24,13,11
53891,Depthsii,lightbringer,1238,warrior,arms,30,14,16
53892,Zeldawolfpac,moon-guard,1237,warrior,arms,18,13,5
53893,Deathengine,area-52,1237,warrior,arms,29,14,15
53894,Squeekzz,frostmane,1236,warrior,arms,50,24,26
53895,Macray,proudmoore,1235,warrior,arms,24,13,11
53896,Tallix,smolderthorn,1235,warrior,arms,24,13,11
53897,Magnis,stormrage,1235,warrior,arms,30,13,17
53898,Rahgnarson,kelthuzad,1235,warrior,arms,42,13,29
53899,Nickfurie,emerald-dream,1234,warrior,arms,24,13,11
53900,Hoodlord,tichondrius,1234,warrior,arms,54,24,30
53901,Báhamut,area-52,1234,warrior,arms,32,13,19
53902,Dieselsauce,stormscale,1233,warrior,arms,42,24,18
53903,Mezi,tichondrius,1233,warrior,arms,59,30,29
53904,Nosfuratuzod,frostmourne,1233,warrior,arms,49,22,27
53905,Standsonkegs,illidan,1233,warrior,arms,30,13,17
53906,Bananae,stormrage,1232,warrior,arms,21,14,7
53907,Pandaniela,area-52,1232,warrior,arms,30,18,12
53908,Goldbêrg,malganis,1232,warrior,arms,24,13,11
53909,Heojae,tichondrius,1232,warrior,arms,24,13,11
53910,Gale,kelthuzad,1232,warrior,arms,24,13,11
53911,Vobiscum,drakkari,1232,warrior,arms,30,14,16
53912,Wankcelot,kiljaeden,1231,warrior,arms,48,21,27
53913,Moonsworn,moon-guard,1231,warrior,arms,30,13,17
53914,Eternalwill,rexxar,1229,warrior,arms,24,13,11
53915,Awkagar,hyjal,1228,warrior,arms,23,13,10
53916,Seshømaru,quelthalas,1228,warrior,arms,24,13,11
53917,Dji,tichondrius,1228,warrior,arms,215,102,113
53918,Rebelzudo,azralon,1227,warrior,arms,48,29,19
53919,Babyweenis,sargeras,1226,warrior,arms,18,13,5
53920,Celt,uldum,1226,warrior,arms,31,15,16
53921,Carralee,azralon,1225,warrior,arms,66,38,28
53922,Malystik,ragnaros,1225,warrior,arms,93,49,44
53923,Hoshigaki,frostmourne,1225,warrior,arms,47,24,23
53924,Monardaid,uldum,1225,warrior,arms,36,14,22
53925,Tunchi,runetotem,1224,warrior,arms,90,47,43
53926,Wreckz,blood-furnace,1224,warrior,arms,42,21,21
53927,Armorlancer,stormrage,1223,warrior,arms,24,13,11
53928,Warrage,kiljaeden,1223,warrior,arms,103,55,48
53929,Ahore,illidan,1223,warrior,arms,36,14,22
53930,Kiayla,quelthalas,1222,warrior,arms,159,72,87
53931,Avesielli,dalaran,1221,warrior,arms,24,13,11
53932,Arthknight,ragnaros,1221,warrior,arms,30,15,15
53933,Dhano,drakkari,1221,warrior,arms,42,19,23
53934,Degentradorz,area-52,1220,warrior,arms,42,20,22
53935,Kuchikilla,borean-tundra,1219,warrior,arms,100,48,52
53936,Sugarpanties,moon-guard,1219,warrior,arms,93,42,51
53937,Slivers,stormrage,1218,warrior,arms,30,16,14
53938,Odinsglory,mugthol,1218,warrior,arms,181,85,96
53939,Ðwârf,tichondrius,1218,warrior,arms,46,17,29
53940,Zeldrissx,quelthalas,1217,warrior,arms,50,19,31
53941,Rhydonero,azralon,1216,warrior,arms,47,26,21
53942,Baghatur,tichondrius,1216,warrior,arms,30,15,15
53943,Akunaswar,dalaran,1215,warrior,arms,89,41,48
53944,Dsz,nemesis,1215,warrior,arms,53,24,29
53945,Vâìn,tichondrius,1214,warrior,arms,34,15,19
53946,Dippindabz,area-52,1213,warrior,arms,47,26,21
53947,Colapse,zuljin,1213,warrior,arms,30,13,17
53948,Huri,nemesis,1212,warrior,arms,44,26,18
53949,Truongx,kiljaeden,1212,warrior,arms,24,14,10
53950,Ediict,illidan,1212,warrior,arms,29,13,16
53951,Deomer,quelthalas,1211,warrior,arms,30,14,16
53952,Olgran,drakkari,1211,warrior,arms,65,30,35
53953,Naxxiki,wyrmrest-accord,1210,warrior,arms,156,74,82
53954,Brianya,moon-guard,1210,warrior,arms,30,13,17
53955,Avoraçado,nemesis,1210,warrior,arms,115,46,69
53956,Winjerrywin,frostwolf,1209,warrior,arms,46,26,20
53957,Marvél,quelthalas,1209,warrior,arms,118,58,60
53958,Brozown,wildhammer,1209,warrior,arms,32,14,18
53959,Rageloading,amanthul,1208,warrior,arms,36,18,18
53960,Diamict,wyrmrest-accord,1208,warrior,arms,66,32,34
53961,Baadomishram,ragnaros,1208,warrior,arms,30,14,16
53962,Rollz,amanthul,1208,warrior,arms,40,17,23
53963,Gilgaméshh,tichondrius,1208,warrior,arms,36,13,23
53964,Yiffathon,wyrmrest-accord,1207,warrior,arms,87,37,50
53965,Lokiilloo,drakkari,1206,warrior,arms,91,44,47
53966,Deadhofe,azuremyst,1205,warrior,arms,33,16,17
53967,Bifilar,frostmourne,1205,warrior,arms,48,21,27
53968,Siegfriéd,bleeding-hollow,1205,warrior,arms,41,15,26
53969,Eniaan,khaz-modan,1204,warrior,arms,24,13,11
53970,Fkndog,tichondrius,1203,warrior,arms,66,31,35
53971,Rageorade,area-52,1202,warrior,arms,29,13,16
53972,Drdrip,shuhalo,1202,warrior,arms,48,21,27
53973,Colnar,stormrage,1202,warrior,arms,30,13,17
53974,Colosal,drakkari,1201,warrior,arms,27,16,11
53975,Vapòr,frostmourne,1201,warrior,arms,24,14,10
53976,Sonezwar,thrall,1201,warrior,arms,30,13,17
53977,Newtommi,barthilas,1200,warrior,arms,54,27,27
53978,Kapalua,darkspear,1200,warrior,arms,45,21,24
53979,Dissx,illidan,1200,warrior,arms,55,24,31
53980,Friendnoodle,frostmourne,1199,warrior,arms,59,28,31
53981,Kiddoe,rivendare,1199,warrior,arms,84,39,45
53982,Munchiesxqc,exodar,1199,warrior,arms,68,25,43
53983,Aclipse,nagrand,1197,warrior,arms,65,34,31
53984,Buliwyff,wyrmrest-accord,1197,warrior,arms,57,28,29
53985,Flexakute,malganis,1196,warrior,arms,24,14,10
53986,Darkhorv,frostmourne,1196,warrior,arms,23,13,10
53987,Thebruce,nemesis,1194,warrior,arms,124,61,63
53988,Knocks,blackrock,1193,warrior,arms,32,21,11
53989,Bloodfx,darkspear,1193,warrior,arms,126,61,65
53990,Aspxt,saurfang,1193,warrior,arms,54,24,30
53991,Your,emerald-dream,1192,warrior,arms,24,13,11
53992,Âmânthul,alexstrasza,1192,warrior,arms,188,99,89
53993,Skrot,stormrage,1191,warrior,arms,37,17,20
53994,Bazironbeard,ravencrest,1190,warrior,arms,17,13,4
53995,Annaliyah,wyrmrest-accord,1190,warrior,arms,66,36,30
53996,Baroque,darkspear,1190,warrior,arms,24,13,11
53997,Areiden,sargeras,1190,warrior,arms,48,16,32
53998,Aistine,alterac-mountains,1189,warrior,arms,36,18,18
53999,Gohawn,hyjal,1186,warrior,arms,37,20,17
54000,Axharafuji,dalvengyr,1186,warrior,arms,78,35,43
54001,Timbajimba,silvermoon,1186,warrior,arms,30,13,17
54002,Lazyclap,nagrand,1185,warrior,arms,41,21,20
54003,Aràthor,stormrage,1185,warrior,arms,105,47,58
54004,Vayper,illidan,1185,warrior,arms,59,26,33
54005,Lilsweet,moon-guard,1184,warrior,arms,24,17,7
54006,Jamajuicedx,thrall,1183,warrior,arms,29,13,16
54007,Jurojin,tichondrius,1182,warrior,arms,23,13,10
54008,Cowbøycrytoo,azralon,1182,warrior,arms,88,46,42
54009,Rios,jubeithos,1182,warrior,arms,36,14,22
54010,Sherway,quelthalas,1180,warrior,arms,203,100,103
54011,Twoone,illidan,1178,warrior,arms,32,13,19
54012,Archonian,stormscale,1177,warrior,arms,40,24,16
54013,Kì,moon-guard,1177,warrior,arms,66,36,30
54014,Amaus,queldorei,1177,warrior,arms,27,14,13
54015,Skumwarr,moon-guard,1177,warrior,arms,58,22,36
54016,Orsex,ragnaros,1176,warrior,arms,26,13,13
54017,Orcbreaker,quelthalas,1176,warrior,arms,38,18,20
54018,Zarrock,emerald-dream,1174,warrior,arms,26,14,12
54019,Süspicious,malfurion,1174,warrior,arms,35,14,21
54020,Bigolpeen,sargeras,1172,warrior,arms,36,19,17
54021,Philbert,alexstrasza,1172,warrior,arms,75,39,36
54022,Droogust,tichondrius,1172,warrior,arms,30,15,15
54023,Calynn,frostmourne,1172,warrior,arms,192,94,98
54024,Southmariner,malganis,1172,warrior,arms,72,35,37
54025,Rauh,emerald-dream,1171,warrior,arms,22,13,9
54026,Thedargz,trollbane,1170,warrior,arms,110,58,52
54027,Stoul,illidan,1168,warrior,arms,30,22,8
54028,Rockley,mugthol,1168,warrior,arms,48,19,29
54029,Robotríp,illidan,1167,warrior,arms,64,29,35
54030,Nosetackle,area-52,1166,warrior,arms,64,31,33
54031,Adunken,ragnaros,1165,warrior,arms,30,17,13
54032,Grömäash,ragnaros,1165,warrior,arms,32,13,19
54033,Asarg,emerald-dream,1163,warrior,arms,30,18,12
54034,Puertorc,ragnaros,1163,warrior,arms,36,17,19
54035,Daddymoist,moon-guard,1163,warrior,arms,54,24,30
54036,Gongos,doomhammer,1161,warrior,arms,207,107,100
54037,Mortilant,perenolde,1160,warrior,arms,75,34,41
54038,Ãleister,stormrage,1160,warrior,arms,63,25,38
54039,Enthria,illidan,1159,warrior,arms,96,49,47
54040,Ogpapabear,stormscale,1158,warrior,arms,63,21,42
54041,Stolz,dragonmaw,1157,warrior,arms,30,13,17
54042,Angryskeever,garona,1156,warrior,arms,48,25,23
54043,Tomatogodx,sargeras,1156,warrior,arms,31,15,16
54044,Elpish,ragnaros,1154,warrior,arms,66,31,35
54045,Magnuszx,zuljin,1152,warrior,arms,18,12,6
54046,Pathelsonsus,stormrage,1152,warrior,arms,30,12,18
54047,Dpsmachinex,tichondrius,1151,warrior,arms,18,12,6
54048,Atomiclol,area-52,1151,warrior,arms,18,12,6
54049,Wewladdie,malganis,1151,warrior,arms,18,12,6
54050,Saelaa,azralon,1151,warrior,arms,24,12,12
54051,Varrior,wyrmrest-accord,1151,warrior,arms,24,12,12
54052,Moxxyy,tichondrius,1151,warrior,arms,24,12,12
54053,Turecw,illidan,1151,warrior,arms,24,12,12
54054,Njjszn,thrall,1151,warrior,arms,226,110,116
54055,Soultarius,sargeras,1151,warrior,arms,33,13,20
54056,Downblow,tichondrius,1150,warrior,arms,18,12,6
54057,Hàru,illidan,1150,warrior,arms,18,12,6
54058,Einnarr,tichondrius,1150,warrior,arms,19,12,7
54059,Nexgenwar,destromath,1150,warrior,arms,24,12,12
54060,Recktko,sargeras,1150,warrior,arms,33,13,20
54061,Jarheadz,bleeding-hollow,1150,warrior,arms,35,12,23
54062,Gordofofo,azralon,1149,warrior,arms,18,12,6
54063,Iblowloads,illidan,1149,warrior,arms,24,14,10
54064,Scaredwarr,stormrage,1149,warrior,arms,45,24,21
54065,Lørdvingador,azralon,1149,warrior,arms,24,12,12
54066,Arixos,frostmourne,1149,warrior,arms,24,12,12
54067,Zerosends,kelthuzad,1149,warrior,arms,30,12,18
54068,Chestbrook,icecrown,1148,warrior,arms,18,12,6
54069,Illicitkillz,destromath,1148,warrior,arms,24,12,12
54070,Shino,garona,1148,warrior,arms,24,12,12
54071,Kamuwarr,azralon,1148,warrior,arms,24,12,12
54072,Fulreck,tichondrius,1148,warrior,arms,24,12,12
54073,Retrospex,black-dragonflight,1148,warrior,arms,24,12,12
54074,Pezek,thrall,1148,warrior,arms,26,12,14
54075,Suicider,stormrage,1148,warrior,arms,30,12,18
54076,Dulapamore,tichondrius,1148,warrior,arms,30,12,18
54077,Omnismash,stormrage,1148,warrior,arms,32,12,20
54078,Vodkagoblin,sargeras,1147,warrior,arms,24,12,12
54079,Misclickëd,dalaran,1147,warrior,arms,24,12,12
54080,Virillius,wyrmrest-accord,1147,warrior,arms,28,13,15
54081,Jianhung,tichondrius,1147,warrior,arms,30,12,18
54082,Hektar,tichondrius,1146,warrior,arms,18,12,6
54083,Stompyocouch,mugthol,1146,warrior,arms,21,13,8
54084,Dâvo,area-52,1146,warrior,arms,24,12,12
54085,Ikitee,zuljin,1146,warrior,arms,24,12,12
54086,Furryhorv,frostmourne,1146,warrior,arms,24,12,12
54087,Gosariw,tichondrius,1146,warrior,arms,30,12,18
54088,Alejandrica,ragnaros,1146,warrior,arms,30,12,18
54089,Plssaveme,ysera,1146,warrior,arms,68,27,41
54090,Ragnarloðbró,tichondrius,1146,warrior,arms,36,12,24
54091,Struka,drakkari,1145,warrior,arms,24,12,12
54092,Nãrax,area-52,1145,warrior,arms,28,13,15
54093,Skittlesxo,bleeding-hollow,1144,warrior,arms,24,12,12
54094,Hintofmint,tichondrius,1144,warrior,arms,44,21,23
54095,Dúmßlòwn,tichondrius,1144,warrior,arms,165,76,89
54096,Bootstraps,hyjal,1144,warrior,arms,66,27,39
54097,Lacorte,ragnaros,1144,warrior,arms,34,13,21
54098,Sartin,boulderfist,1144,warrior,arms,42,14,28
54099,Maintarget,malganis,1144,warrior,arms,41,12,29
54100,Invared,stormrage,1143,warrior,arms,18,12,6
54101,Elíte,kelthuzad,1143,warrior,arms,24,12,12
54102,Flycosmos,tichondrius,1143,warrior,arms,91,44,47
54103,Lucidx,malfurion,1142,warrior,arms,18,12,6
54104,Nibbzy,sargeras,1142,warrior,arms,18,12,6
54105,Haldeer,shadow-council,1142,warrior,arms,24,12,12
54106,Realthiccbbw,tichondrius,1142,warrior,arms,24,12,12
54107,Rrawrr,bleeding-hollow,1141,warrior,arms,32,16,16
54108,Elmosmash,thrall,1141,warrior,arms,24,12,12
54109,Yisunshin,azralon,1141,warrior,arms,24,12,12
54110,Ready,laughing-skull,1140,warrior,arms,24,13,11
54111,Saskouach,stormrage,1140,warrior,arms,26,12,14
54112,Brocc,tichondrius,1139,warrior,arms,24,12,12
54113,Looffy,saurfang,1139,warrior,arms,72,30,42
54114,Empriux,quelthalas,1139,warrior,arms,30,12,18
54115,Mnoga,azralon,1139,warrior,arms,55,18,37
54116,Tooto,kelthuzad,1138,warrior,arms,24,12,12
54117,Sloppyglucks,moon-guard,1138,warrior,arms,24,12,12
54118,Baloz,tichondrius,1138,warrior,arms,30,13,17
54119,Tappia,quelthalas,1138,warrior,arms,36,12,24
54120,Dizgraceful,malganis,1137,warrior,arms,18,12,6
54121,Plugz,sargeras,1137,warrior,arms,28,14,14
54122,Soggynapkin,proudmoore,1136,warrior,arms,30,17,13
54123,Purefury,whisperwind,1136,warrior,arms,99,46,53
54124,Nabii,tichondrius,1136,warrior,arms,30,12,18
54125,Zulgadark,ragnaros,1136,warrior,arms,39,15,24
54126,Theregulator,area-52,1135,warrior,arms,58,29,29
54127,Najarath,barthilas,1134,warrior,arms,24,12,12
54128,Shattering,fizzcrank,1134,warrior,arms,24,12,12
54129,Drahconian,aggramar,1134,warrior,arms,24,12,12
54130,Demðnslayer,kelthuzad,1134,warrior,arms,54,24,30
54131,Angelsantos,sargeras,1133,warrior,arms,24,12,12
54132,Yamato,skywall,1133,warrior,arms,30,12,18
54133,Tripleblack,mugthol,1132,warrior,arms,18,12,6
54134,Isildur,nerzhul,1132,warrior,arms,36,20,16
54135,Otheralex,kiljaeden,1132,warrior,arms,24,12,12
54136,Joed,quelthalas,1132,warrior,arms,96,45,51
54137,Édton,area-52,1131,warrior,arms,66,33,33
54138,Bigsvit,trollbane,1131,warrior,arms,60,29,31
54139,Spritez,malganis,1131,warrior,arms,70,27,43
54140,Inunotaysho,quelthalas,1129,warrior,arms,54,22,32
54141,Charcharbinx,zuljin,1129,warrior,arms,36,14,22
54142,Irishhammer,malfurion,1129,warrior,arms,41,15,26
54143,Azeryan,azralon,1129,warrior,arms,35,12,23
54144,Lunks,kelthuzad,1128,warrior,arms,18,12,6
54145,Elix,stormscale,1127,warrior,arms,24,12,12
54146,Bulletfodder,tichondrius,1127,warrior,arms,24,12,12
54147,Antoníuz,drakkari,1127,warrior,arms,36,12,24
54148,Gunnaoffxans,sargeras,1126,warrior,arms,24,12,12
54149,Funderr,eonar,1126,warrior,arms,30,13,17
54150,Angitu,quelthalas,1124,warrior,arms,24,14,10
54151,Úmarth,azralon,1124,warrior,arms,60,29,31
54152,Mfmuggz,thunderlord,1124,warrior,arms,35,14,21
54153,Ragebladë,tichondrius,1120,warrior,arms,66,38,28
54154,Carrito,perenolde,1120,warrior,arms,47,26,21
54155,Ambiss,azjolnerub,1120,warrior,arms,47,21,26
54156,Slumdawgg,andorhal,1119,warrior,arms,59,32,27
54157,Swiftynifty,area-52,1118,warrior,arms,48,29,19
54158,Clovê,ragnaros,1118,warrior,arms,36,21,15
54159,Aersasi,tichondrius,1117,warrior,arms,24,13,11
54160,Rahtahtas,area-52,1116,warrior,arms,24,12,12
54161,Sarget,ragnaros,1114,warrior,arms,24,13,11
54162,Thedoofy,blackrock,1114,warrior,arms,30,16,14
54163,Hemone,frostmourne,1114,warrior,arms,30,15,15
54164,Xyazhiro,ragnaros,1114,warrior,arms,84,38,46
54165,Containerbox,korgath,1112,warrior,arms,42,18,24
54166,Casteleiro,azralon,1112,warrior,arms,32,13,19
54167,Alejandros,azgalor,1111,warrior,arms,23,12,11
54168,Punnisher,nerzhul,1111,warrior,arms,23,12,11
54169,Warriorlee,jubeithos,1111,warrior,arms,44,19,25
54170,Brysontiller,frostmourne,1110,warrior,arms,23,12,11
54171,Lololosda,quelthalas,1110,warrior,arms,48,25,23
54172,Tyférious,tichondrius,1110,warrior,arms,68,27,41
54173,Rineer,tichondrius,1108,warrior,arms,30,12,18
54174,Drippyjones,sargeras,1108,warrior,arms,30,12,18
54175,Cocainiouz,dalaran,1106,warrior,arms,42,17,25
54176,Cyllå,frostmourne,1105,warrior,arms,21,13,8
54177,Youtank,kiljaeden,1105,warrior,arms,78,36,42
54178,Dvhwec,tichondrius,1105,warrior,arms,28,12,16
54179,Baultenaz,draenor,1102,warrior,arms,23,12,11
54180,Tipincider,perenolde,1100,warrior,arms,21,12,9
54181,Anotee,kelthuzad,1097,warrior,arms,129,65,64
54182,Riga,tichondrius,1097,warrior,arms,51,25,26
54183,Kreeper,farstriders,1097,warrior,arms,28,13,15
54184,Panzerian,area-52,1097,warrior,arms,37,14,23
54185,Tyrantwolf,ragnaros,1097,warrior,arms,45,17,28
54186,Forevercute,proudmoore,1096,warrior,arms,23,14,9
54187,Theøcritus,korgath,1096,warrior,arms,42,25,17
54188,Garìk,moon-guard,1096,warrior,arms,93,38,55
54189,Eiendira,proudmoore,1096,warrior,arms,32,13,19
54190,Melankoma,sargeras,1094,warrior,arms,30,12,18
54191,Arrogated,emerald-dream,1093,warrior,arms,90,44,46
54192,Helandas,moknathal,1093,warrior,arms,175,85,90
54193,Vaclein,quelthalas,1090,warrior,arms,42,17,25
54194,Nanaru,tichondrius,1090,warrior,arms,41,16,25
54195,Racky,dragonmaw,1089,warrior,arms,28,12,16
54196,Ujumpijump,andorhal,1089,warrior,arms,84,32,52
54197,Royye,blood-furnace,1088,warrior,arms,24,12,12
54198,Jiszle,sargeras,1085,warrior,arms,34,12,22
54199,Agresvnapkin,dalaran,1084,warrior,arms,20,12,8
54200,Kempachii,ragnaros,1083,warrior,arms,82,40,42
54201,Aquannas,bloodscalp,1082,warrior,arms,24,14,10
54202,Pingorosho,quelthalas,1082,warrior,arms,36,16,20
54203,Malok,deathwing,1082,warrior,arms,57,20,37
54204,Locotto,ragnaros,1082,warrior,arms,42,13,29
54205,Rockedanger,stormrage,1080,warrior,arms,26,15,11
54206,Riuk,goldrinn,1080,warrior,arms,29,16,13
54207,Tribbally,silver-hand,1079,warrior,arms,20,13,7
54208,Sudavis,alleria,1079,warrior,arms,41,24,17
54209,Raharon,chogall,1079,warrior,arms,52,20,32
54210,Wastenott,area-52,1078,warrior,arms,24,15,9
54211,Gorfin,spirestone,1077,warrior,arms,42,12,30
54212,Chisum,gnomeregan,1075,warrior,arms,52,29,23
54213,Several,whisperwind,1073,warrior,arms,39,23,16
54214,Ødïñ,sargeras,1071,warrior,arms,75,37,38
54215,Yuccaleaptus,area-52,1070,warrior,arms,77,31,46
54216,Hippy,kiljaeden,1067,warrior,arms,22,12,10
54217,Geoorg,ragnaros,1067,warrior,arms,71,28,43
54218,Axedeity,caelestrasz,1063,warrior,arms,81,45,36
54219,Wasabiz,tichondrius,1062,warrior,arms,59,24,35
54220,Ugrundan,zuljin,1061,warrior,arms,48,21,27
54221,Hagud,tichondrius,1061,warrior,arms,29,12,17
54222,Bussundas,azralon,1059,warrior,arms,78,35,43
54223,Midorikwa,area-52,1056,warrior,arms,18,11,7
54224,Outterspace,illidan,1056,warrior,arms,18,11,7
54225,Dackøzzt,quelthalas,1056,warrior,arms,18,11,7
54226,Wizcleavuh,area-52,1056,warrior,arms,24,11,13
54227,Evanx,sargeras,1056,warrior,arms,24,11,13
54228,Pkgd,tichondrius,1055,warrior,arms,12,11,1
54229,Hotshótz,kelthuzad,1055,warrior,arms,12,11,1
54230,Dutchyy,frostmourne,1055,warrior,arms,18,11,7
54231,Sonwar,azralon,1055,warrior,arms,18,11,7
54232,Zugprime,dragonmaw,1055,warrior,arms,18,11,7
54233,Hashwar,area-52,1055,warrior,arms,18,11,7
54234,Gladiator,azshara,1055,warrior,arms,18,11,7
54235,Turtlestorm,tichondrius,1055,warrior,arms,18,11,7
54236,Garysmalls,kelthuzad,1055,warrior,arms,18,11,7
54237,Breyns,garrosh,1055,warrior,arms,25,12,13
54238,Carriney,illidan,1055,warrior,arms,77,36,41
54239,Abomlnatlon,tichondrius,1055,warrior,arms,24,11,13
54240,Duckyuwu,tichondrius,1055,warrior,arms,24,11,13
54241,Feedzz,area-52,1055,warrior,arms,24,11,13
54242,Laddèrx,area-52,1055,warrior,arms,24,11,13
54243,Imcute,senjin,1055,warrior,arms,78,30,48
54244,Akrono,sargeras,1055,warrior,arms,36,11,25
54245,Executiepie,hyjal,1054,warrior,arms,18,11,7
54246,Chonbi,tichondrius,1054,warrior,arms,18,11,7
54247,Fallenguardx,sargeras,1054,warrior,arms,18,11,7
54248,Chopped,wyrmrest-accord,1054,warrior,arms,18,11,7
54249,Vooné,tichondrius,1054,warrior,arms,18,11,7
54250,Wargasms,alterac-mountains,1054,warrior,arms,24,11,13
54251,Vexwar,bleeding-hollow,1054,warrior,arms,24,11,13
54252,Etothed,stormrage,1054,warrior,arms,24,11,13
54253,Mikero,terenas,1054,warrior,arms,24,11,13
54254,Shöthetank,area-52,1054,warrior,arms,30,11,19
54255,Wolfsrage,frostmourne,1054,warrior,arms,30,11,19
54256,Iwooglybool,icecrown,1053,warrior,arms,18,11,7
54257,Ttl,dalaran,1053,warrior,arms,18,11,7
54258,Nfx,tichondrius,1053,warrior,arms,18,11,7
54259,Bonesaaw,caelestrasz,1053,warrior,arms,24,11,13
54260,Awm,wyrmrest-accord,1053,warrior,arms,24,11,13
54261,Bvrst,area-52,1053,warrior,arms,24,11,13
54262,Huacai,tichondrius,1053,warrior,arms,30,11,19
54263,Fortchin,area-52,1053,warrior,arms,30,11,19
54264,Adryina,zuljin,1052,warrior,arms,18,11,7
54265,Carrange,moon-guard,1052,warrior,arms,24,11,13
54266,Kàkarot,illidan,1051,warrior,arms,18,11,7
54267,Asäel,ragnaros,1051,warrior,arms,24,11,13
54268,Drillbit,wyrmrest-accord,1051,warrior,arms,30,11,19
54269,Slasherman,illidan,1051,warrior,arms,30,11,19
54270,Humminity,quelthalas,1051,warrior,arms,32,11,21
54271,Georgedubya,illidan,1051,warrior,arms,36,11,25
54272,Thecolor,tichondrius,1050,warrior,arms,30,11,19
54273,Crul,gurubashi,1050,warrior,arms,31,11,20
54274,Myceliumlog,frostmourne,1049,warrior,arms,18,11,7
54275,Halis,illidan,1049,warrior,arms,27,16,11
54276,Plagueis,dark-iron,1049,warrior,arms,24,11,13
54277,Steelfist,grizzly-hills,1049,warrior,arms,24,11,13
54278,Gadderhammer,azgalor,1049,warrior,arms,42,17,25
54279,Wixer,illidan,1048,warrior,arms,18,11,7
54280,Sneakyhand,draktharon,1048,warrior,arms,18,11,7
54281,Snewdawg,malganis,1048,warrior,arms,22,12,10
54282,Jamil,illidan,1048,warrior,arms,156,75,81
54283,Genesisxp,barthilas,1048,warrior,arms,24,11,13
54284,Noktyn,haomarush,1048,warrior,arms,24,11,13
54285,Kanekhy,ragnaros,1048,warrior,arms,24,11,13
54286,Pneumasmash,tichondrius,1048,warrior,arms,24,11,13
54287,Bustybucky,tichondrius,1048,warrior,arms,36,11,25
54288,Bouk,bloodscalp,1047,warrior,arms,18,11,7
54289,Bøgz,kelthuzad,1047,warrior,arms,18,11,7
54290,Josephcrazy,tichondrius,1047,warrior,arms,24,11,13
54291,Dwarfanage,tichondrius,1047,warrior,arms,28,12,16
54292,Rankjuan,area-52,1047,warrior,arms,30,11,19
54293,Prunebery,area-52,1046,warrior,arms,30,16,14
54294,Blaxst,gorgonnash,1046,warrior,arms,30,16,14
54295,Fûry,tichondrius,1046,warrior,arms,124,59,65
54296,Nirax,burning-legion,1046,warrior,arms,26,11,15
54297,Lögän,azralon,1046,warrior,arms,30,11,19
54298,Swàgnáros,area-52,1045,warrior,arms,18,11,7
54299,Jfordnever,area-52,1045,warrior,arms,18,11,7
54300,Milkshake,stormrage,1045,warrior,arms,36,11,25
54301,Orphasmic,moon-guard,1044,warrior,arms,36,11,25
54302,Secsecute,moon-guard,1042,warrior,arms,24,11,13
54303,Svênd,ragnaros,1042,warrior,arms,30,12,18
54304,Beserkqt,azralon,1042,warrior,arms,30,11,19
54305,Creator,dalaran,1041,warrior,arms,24,11,13
54306,Hunnam,illidan,1041,warrior,arms,30,11,19
54307,Notakîd,stormrage,1039,warrior,arms,24,11,13
54308,Tsebaoth,quelthalas,1038,warrior,arms,72,36,36
54309,Loaksz,tichondrius,1038,warrior,arms,24,11,13
54310,Dylaiin,kelthuzad,1038,warrior,arms,30,11,19
54311,Wrekkshop,tichondrius,1037,warrior,arms,27,13,14
54312,Wrrx,frostmourne,1037,warrior,arms,24,11,13
54313,Thebeastwar,area-52,1036,warrior,arms,60,29,31
54314,Regthar,illidan,1034,warrior,arms,23,11,12
54315,Indoondabeat,azgalor,1034,warrior,arms,32,15,17
54316,Layoon,azralon,1033,warrior,arms,25,12,13
54317,Nobowar,tichondrius,1032,warrior,arms,24,11,13
54318,Pegaso,the-underbog,1032,warrior,arms,29,12,17
54319,Beardoff,sargeras,1031,warrior,arms,28,14,14
54320,Potan,thrall,1030,warrior,arms,60,25,35
54321,Uglycubano,quelthalas,1029,warrior,arms,24,11,13
54322,Märiä,ragnaros,1028,warrior,arms,52,27,25
54323,Bradshaw,sargeras,1028,warrior,arms,36,15,21
54324,Cronie,steamwheedle-cartel,1027,warrior,arms,36,16,20
54325,Kalusha,ragnaros,1027,warrior,arms,48,20,28
54326,Yerajmiel,proudmoore,1026,warrior,arms,18,11,7
54327,Pangean,sargeras,1026,warrior,arms,30,11,19
54328,Krömm,kilrogg,1021,warrior,arms,24,13,11
54329,Nøzerker,kelthuzad,1020,warrior,arms,26,12,14
54330,Bjjorm,malganis,1019,warrior,arms,36,11,25
54331,Marcolatus,ragnaros,1018,warrior,arms,66,29,37
54332,Guanyúu,tichondrius,1017,warrior,arms,23,11,12
54333,Stygïàn,draenor,1016,warrior,arms,80,45,35
54334,Hunchless,detheroc,1015,warrior,arms,51,22,29
54335,Galuf,malygos,1014,warrior,arms,18,11,7
54336,Gargameld,stormrage,1012,warrior,arms,53,29,24
54337,Coffetea,area-52,1011,warrior,arms,41,25,16
54338,Psýchótic,tichondrius,1009,warrior,arms,23,11,12
54339,Fazeo,madoran,1007,warrior,arms,21,11,10
54340,Shotgunzx,tichondrius,1007,warrior,arms,21,11,10
54341,Blackstamp,tichondrius,1006,warrior,arms,35,18,17
54342,Hexenbæne,tichondrius,1006,warrior,arms,23,11,12
54343,Bingchilly,aegwynn,1004,warrior,arms,21,12,9
54344,Starplatinum,aerie-peak,1004,warrior,arms,32,11,21
54345,Vicor,ragnaros,1003,warrior,arms,24,14,10
54346,Gorepig,sargeras,1002,warrior,arms,29,11,18
54347,Deathsmirk,illidan,1001,warrior,arms,49,25,24
54348,Lieutemajor,nemesis,998,warrior,arms,55,27,28
54349,Goofyahwok,doomhammer,998,warrior,arms,33,12,21
54350,Altruiel,sargeras,995,warrior,arms,40,20,20
54351,Joran,dathremar,995,warrior,arms,32,14,18
54352,Kyritto,azralon,994,warrior,arms,35,18,17
54353,Tyrantt,malganis,994,warrior,arms,48,21,27
54354,Orkuduro,azralon,993,warrior,arms,77,37,40
54355,Ankhxiety,sargeras,993,warrior,arms,26,12,14
54356,Tmhinfen,tichondrius,991,warrior,arms,16,11,5
54357,Szee,tichondrius,991,warrior,arms,17,11,6
54358,Jragonmaster,borean-tundra,991,warrior,arms,36,13,23
54359,Armada,sargeras,990,warrior,arms,20,11,9
54360,Aggripa,kelthuzad,990,warrior,arms,20,11,9
54361,Neekka,tichondrius,990,warrior,arms,28,12,16
54362,Kalaxe,quelthalas,990,warrior,arms,36,11,25
54363,Orcopata,ragnaros,989,warrior,arms,20,11,9
54364,Brownman,saurfang,989,warrior,arms,30,12,18
54365,Ooktanx,emerald-dream,989,warrior,arms,32,11,21
54366,Ulnaz,stormrage,988,warrior,arms,18,12,6
54367,Wardeád,quelthalas,988,warrior,arms,27,11,16
54368,Midge,proudmoore,987,warrior,arms,83,40,43
54369,Rágnárr,ragnaros,987,warrior,arms,24,11,13
54370,Brrzrrkrr,twisting-nether,983,warrior,arms,36,18,18
54371,Bionikus,nemesis,982,warrior,arms,108,49,59
54372,Darkthok,drakkari,982,warrior,arms,34,15,19
54373,Sneaknyoface,sargeras,982,warrior,arms,26,11,15
54374,Josiah,frostmourne,979,warrior,arms,27,13,14
54375,Lokiullr,tichondrius,978,warrior,arms,81,35,46
54376,Tucô,skullcrusher,976,warrior,arms,49,22,27
54377,Happywarrior,tichondrius,976,warrior,arms,30,11,19
54378,Sudokubrain,tichondrius,974,warrior,arms,19,11,8
54379,Djfredsd,tichondrius,972,warrior,arms,13,11,2
54380,Jrodrick,nemesis,971,warrior,arms,31,12,19
54381,Elfmonger,proudmoore,966,warrior,arms,19,11,8
54382,Târtàrûs,tichondrius,966,warrior,arms,60,28,32
54383,Wondaimon,drakkari,963,warrior,arms,27,12,15
54384,Kiggzs,tichondrius,960,warrior,arms,12,10,2
54385,Pvppaul,sargeras,960,warrior,arms,12,10,2
54386,Szew,tichondrius,960,warrior,arms,18,10,8
54387,Åthos,illidan,960,warrior,arms,18,10,8
54388,Nuqupq,tichondrius,960,warrior,arms,18,10,8
54389,Invinciblé,tichondrius,960,warrior,arms,18,10,8
54390,Battousäi,kiljaeden,960,warrior,arms,18,10,8
54391,Escanòr,malganis,960,warrior,arms,18,10,8
54392,Adios,tichondrius,960,warrior,arms,18,10,8
54393,Choppin,sargeras,960,warrior,arms,24,10,14
54394,ßdm,illidan,960,warrior,arms,24,10,14
54395,Benw,dawnbringer,960,warrior,arms,24,10,14
54396,Wargázm,thrall,960,warrior,arms,24,10,14
54397,Aliminar,zuluhed,960,warrior,arms,24,10,14
54398,Jethrix,kelthuzad,960,warrior,arms,24,10,14
54399,Americanbull,moon-guard,960,warrior,arms,24,10,14
54400,Fatalian,proudmoore,960,warrior,arms,30,10,20
54401,Tantei,moon-guard,959,warrior,arms,18,10,8
54402,Angrymadman,mannoroth,959,warrior,arms,18,10,8
54403,Jelurd,stormrage,959,warrior,arms,18,10,8
54404,Bamxz,sargeras,959,warrior,arms,18,10,8
54405,Doucherocket,kelthuzad,959,warrior,arms,18,10,8
54406,Kaìju,dragonmaw,959,warrior,arms,18,10,8
54407,Tmjakeful,area-52,959,warrior,arms,18,10,8
54408,Gladìus,area-52,959,warrior,arms,18,10,8
54409,Crysis,malorne,959,warrior,arms,24,10,14
54410,Drdelicious,tichondrius,959,warrior,arms,24,10,14
54411,Warfeno,malganis,959,warrior,arms,24,10,14
54412,Organge,zuljin,959,warrior,arms,24,10,14
54413,Piimpmaster,malganis,959,warrior,arms,24,10,14
54414,Chardz,ragnaros,959,warrior,arms,30,10,20
54415,Tharsìs,emerald-dream,959,warrior,arms,30,10,20
54416,Elsee,drakkari,959,warrior,arms,42,10,32
54417,Arrtorias,quelthalas,958,warrior,arms,12,10,2
54418,Est,illidan,958,warrior,arms,12,10,2
54419,Polox,ragnaros,958,warrior,arms,18,10,8
54420,Glacierrsz,sargeras,958,warrior,arms,18,10,8
54421,Kanchy,sargeras,958,warrior,arms,18,10,8
54422,Unwarmas,ragnaros,958,warrior,arms,24,10,14
54423,Grimspin,tichondrius,958,warrior,arms,24,10,14
54424,Icestormray,illidan,958,warrior,arms,24,10,14
54425,Bigdickfever,sargeras,958,warrior,arms,24,10,14
54426,Kelmor,thunderhorn,958,warrior,arms,30,10,20
54427,Matutekz,ragnaros,958,warrior,arms,30,10,20
54428,Ghostblood,stormscale,957,warrior,arms,12,10,2
54429,Razakamx,tichondrius,957,warrior,arms,12,10,2
54430,Magnusson,kelthuzad,957,warrior,arms,18,10,8
54431,Leapsalp,proudmoore,957,warrior,arms,18,10,8
54432,Whórm,kelthuzad,957,warrior,arms,18,10,8
54433,Atuey,area-52,957,warrior,arms,18,10,8
54434,Pootybeef,daggerspine,957,warrior,arms,24,10,14
54435,Targos,frostwolf,957,warrior,arms,24,10,14
54436,Aberwarr,illidan,956,warrior,arms,18,10,8
54437,Lòvex,alterac-mountains,956,warrior,arms,54,29,25
54438,Numb,moon-guard,956,warrior,arms,26,11,15
54439,Torbajhorn,moon-guard,956,warrior,arms,24,10,14
54440,Rottlingberg,kelthuzad,956,warrior,arms,24,10,14
54441,Barøneza,stormrage,956,warrior,arms,24,10,14
54442,Aisinbro,illidan,956,warrior,arms,24,10,14
54443,Warrbull,spirestone,956,warrior,arms,30,10,20
54444,Saero,ragnaros,955,warrior,arms,18,10,8
54445,Topmeoff,bleeding-hollow,955,warrior,arms,30,10,20
54446,Theestallion,kiljaeden,954,warrior,arms,18,10,8
54447,Erynus,malganis,954,warrior,arms,18,10,8
54448,Starshattr,bleeding-hollow,954,warrior,arms,30,10,20
54449,Coffeebottom,wyrmrest-accord,953,warrior,arms,18,10,8
54450,Zomars,ragnaros,953,warrior,arms,18,10,8
54451,Toky,malganis,952,warrior,arms,18,10,8
54452,Turlesoup,proudmoore,952,warrior,arms,24,10,14
54453,Ccmeharder,kiljaeden,952,warrior,arms,24,10,14
54454,Aziz,kiljaeden,952,warrior,arms,25,10,15
54455,Aaltara,barthilas,951,warrior,arms,18,10,8
54456,Darroma,bleeding-hollow,950,warrior,arms,18,10,8
54457,Helaume,arathor,950,warrior,arms,18,10,8
54458,Discopogo,nemesis,950,warrior,arms,24,10,14
54459,Spredforbred,area-52,950,warrior,arms,24,10,14
54460,Waabi,emerald-dream,949,warrior,arms,18,10,8
54461,Tanatos,the-venture-co,949,warrior,arms,42,16,26
54462,Ontull,emerald-dream,949,warrior,arms,36,10,26
54463,Baloraj,barthilas,948,warrior,arms,24,10,14
54464,Krokgoldmane,drakkari,947,warrior,arms,42,22,20
54465,Digitalpsyko,hyjal,946,warrior,arms,18,10,8
54466,Imgunnacrum,malganis,946,warrior,arms,18,10,8
54467,Meatdrps,frostmane,941,warrior,arms,26,11,15
54468,Thing,gorgonnash,941,warrior,arms,24,10,14
54469,Feared,hakkar,940,warrior,arms,23,10,13
54470,Vezixx,dragonmaw,939,warrior,arms,18,10,8
54471,Brutallypwnd,tichondrius,939,warrior,arms,35,19,16
54472,Hkbdynamus,black-dragonflight,939,warrior,arms,30,10,20
54473,Dragmös,nemesis,937,warrior,arms,12,10,2
54474,Cizzik,emerald-dream,936,warrior,arms,18,10,8
54475,Hulkspazz,darkspear,936,warrior,arms,33,15,18
54476,Mariò,area-52,934,warrior,arms,18,10,8
54477,Tramplehaste,barthilas,931,warrior,arms,18,10,8
54478,Danielss,ragnaros,930,warrior,arms,29,12,17
54479,Pocketaxe,blackwater-raiders,927,warrior,arms,83,40,43
54480,Phoveros,sargeras,927,warrior,arms,23,10,13
54481,Bruze,hellscream,926,warrior,arms,19,11,8
54482,Dudupápá,tichondrius,926,warrior,arms,22,10,12
54483,Ragesimp,stormrage,926,warrior,arms,23,10,13
54484,Karrison,azshara,923,warrior,arms,54,28,26
54485,Thråsh,area-52,916,warrior,arms,48,20,28
54486,Velliena,tichondrius,916,warrior,arms,32,11,21
54487,Skarkla,thrall,911,warrior,arms,29,10,19
54488,Beyblade,jubeithos,910,warrior,arms,17,10,7
54489,Nexie,moon-guard,910,warrior,arms,21,10,11
54490,Jägernaught,stormrage,910,warrior,arms,23,10,13
54491,Tandiko,wyrmrest-accord,908,warrior,arms,17,10,7
54492,Moosebeef,garrosh,908,warrior,arms,55,26,29
54493,Llewellenar,stormrage,907,warrior,arms,23,10,13
54494,Warbreaker,stormrage,905,warrior,arms,17,10,7
54495,Spitts,frostmourne,904,warrior,arms,21,10,11
54496,Tankdatt,frostmourne,899,warrior,arms,24,10,14
54497,Atrocithy,ragnaros,896,warrior,arms,16,10,6
54498,Girioo,thrall,895,warrior,arms,14,10,4
54499,Malathire,illidan,893,warrior,arms,22,10,12
54500,Pumpuup,bleeding-hollow,890,warrior,arms,48,19,29
54501,Smokezee,barthilas,890,warrior,arms,26,10,16
54502,Strongtall,tichondrius,890,warrior,arms,30,11,19
54503,Wallzar,sargeras,887,warrior,arms,20,10,10
54504,Hruum,moknathal,886,warrior,arms,18,10,8
54505,Tankadin,dragonmaw,885,warrior,arms,24,10,14
54506,Mortalchop,tichondrius,880,warrior,arms,19,10,9
54507,Sígmar,dreadmaul,869,warrior,arms,18,10,8
54508,Wreckerr,area-52,869,warrior,arms,26,12,14
54509,Warronin,kaelthas,864,warrior,arms,12,9,3
54510,Youngmoneyd,illidan,864,warrior,arms,12,9,3
54511,Thuggyfresh,malganis,864,warrior,arms,12,9,3
54512,Skynitez,area-52,864,warrior,arms,12,9,3
54513,Moonyxx,frostmourne,864,warrior,arms,12,9,3
54514,Dripgodx,malganis,864,warrior,arms,12,9,3
54515,Dedgamesucks,darkspear,864,warrior,arms,12,9,3
54516,Microraccoon,tichondrius,864,warrior,arms,12,9,3
54517,Oafnir,moon-guard,864,warrior,arms,12,9,3
54518,Faronstompz,sargeras,864,warrior,arms,18,9,9
54519,Golodiso,mugthol,864,warrior,arms,18,9,9
54520,Alchera,fizzcrank,864,warrior,arms,18,9,9
54521,Undeadbones,firetree,864,warrior,arms,18,9,9
54522,Miniraccoon,tichondrius,864,warrior,arms,18,9,9
54523,Grimfate,boulderfist,864,warrior,arms,18,9,9
54524,Warwagon,the-underbog,864,warrior,arms,18,9,9
54525,Dreamonn,illidan,864,warrior,arms,18,9,9
54526,Yamatoflash,tichondrius,864,warrior,arms,18,9,9
54527,Oxia,quelthalas,864,warrior,arms,18,9,9
54528,Stÿgian,blood-furnace,864,warrior,arms,18,9,9
54529,Mlau,tichondrius,864,warrior,arms,18,9,9
54530,Ârmstrong,quelthalas,864,warrior,arms,18,9,9
54531,Natating,terenas,864,warrior,arms,18,9,9
54532,Ragemane,illidan,864,warrior,arms,21,10,11
54533,Pretending,dalaran,864,warrior,arms,24,9,15
54534,Dankdad,garrosh,864,warrior,arms,24,9,15
54535,Dreadtøøth,tichondrius,864,warrior,arms,24,9,15
54536,Boxxyy,tichondrius,864,warrior,arms,24,9,15
54537,Warrmoose,tichondrius,864,warrior,arms,24,9,15
54538,Feiler,ragnaros,864,warrior,arms,24,9,15
54539,Sejac,moon-guard,864,warrior,arms,24,9,15
54540,Eensy,sargeras,864,warrior,arms,24,9,15
54541,Dustywx,area-52,864,warrior,arms,24,9,15
54542,Hiness,tichondrius,864,warrior,arms,30,9,21
54543,Boardslide,proudmoore,864,warrior,arms,30,9,21
54544,Durist,tichondrius,864,warrior,arms,36,9,27
54545,Eggheadorc,area-52,863,warrior,arms,12,9,3
54546,Ragelol,icecrown,863,warrior,arms,12,9,3
54547,Dukagã,tichondrius,863,warrior,arms,12,9,3
54548,Tinymooie,frostmourne,863,warrior,arms,12,9,3
54549,Airhood,frostmourne,863,warrior,arms,12,9,3
54550,Grehk,sargeras,863,warrior,arms,12,9,3
54551,Roadglide,korgath,863,warrior,arms,12,9,3
54552,Stickystorm,proudmoore,863,warrior,arms,16,10,6
54553,Chrom,illidan,863,warrior,arms,18,9,9
54554,Trén,hydraxis,863,warrior,arms,18,9,9
54555,Nosoraki,thrall,863,warrior,arms,18,9,9
54556,Tâte,sargeras,863,warrior,arms,18,9,9
54557,Wxwxwxwxwxw,illidan,863,warrior,arms,18,9,9
54558,Erdnase,ragnaros,863,warrior,arms,18,9,9
54559,Spxnk,illidan,863,warrior,arms,18,9,9
54560,Terneitor,ragnaros,863,warrior,arms,18,9,9
54561,Zaynafein,emerald-dream,863,warrior,arms,18,9,9
54562,Bowlingball,darkspear,863,warrior,arms,18,9,9
54563,Averagewar,frostwolf,863,warrior,arms,18,9,9
54564,Bladeblade,burning-blade,863,warrior,arms,21,9,12
54565,Spincycle,khadgar,863,warrior,arms,21,9,12
54566,Touhen,illidan,863,warrior,arms,24,9,15
54567,Skunkz,kelthuzad,863,warrior,arms,24,9,15
54568,Actio,stormrage,863,warrior,arms,24,9,15
54569,Genøcide,terenas,863,warrior,arms,24,9,15
54570,Ðirtyboy,tichondrius,863,warrior,arms,24,9,15
54571,Notoxzy,tichondrius,863,warrior,arms,24,9,15
54572,Metalbiff,bleeding-hollow,863,warrior,arms,24,9,15
54573,Wrecktang,tichondrius,863,warrior,arms,24,9,15
54574,Vrinith,ragnaros,863,warrior,arms,25,9,16
54575,Kilrok,thunderlord,863,warrior,arms,30,9,21
54576,Xumæ,akama,863,warrior,arms,30,9,21
54577,Warwslayer,tichondrius,863,warrior,arms,30,9,21
54578,Abidis,tichondrius,863,warrior,arms,30,9,21
54579,Bladereaver,sargeras,862,warrior,arms,12,9,3
54580,Izârâk,frostmourne,862,warrior,arms,18,9,9
54581,Humansmash,thrall,862,warrior,arms,18,9,9
54582,Auxthas,tichondrius,862,warrior,arms,18,9,9
54583,Cogsbixby,aerie-peak,862,warrior,arms,18,9,9
54584,Hazew,kelthuzad,862,warrior,arms,18,9,9
54585,Um,moon-guard,862,warrior,arms,18,9,9
54586,Beefytheorc,tichondrius,862,warrior,arms,18,9,9
54587,Wargorin,bleeding-hollow,862,warrior,arms,18,9,9
54588,Xargosh,magtheridon,862,warrior,arms,18,9,9
54589,Fatalsfury,tichondrius,862,warrior,arms,18,9,9
54590,Iskandr,amanthul,862,warrior,arms,21,10,11
54591,Wárriór,tichondrius,862,warrior,arms,24,9,15
54592,Xurc,gnomeregan,862,warrior,arms,24,9,15
54593,Balakay,drenden,861,warrior,arms,12,9,3
54594,Jodoro,malfurion,861,warrior,arms,18,9,9
54595,Avalisk,balnazzar,861,warrior,arms,21,10,11
54596,Vãryan,frostmourne,861,warrior,arms,24,9,15
54597,Rongkhunxyz,tichondrius,860,warrior,arms,18,9,9
54598,Kurgos,quelthalas,860,warrior,arms,18,9,9
54599,Durtmcsmash,stormrage,860,warrior,arms,18,9,9
54600,Stormit,illidan,860,warrior,arms,19,9,10
54601,Jindyn,boulderfist,860,warrior,arms,64,29,35
54602,Umogarmac,draktharon,860,warrior,arms,24,9,15
54603,Layllassa,moon-guard,860,warrior,arms,24,9,15
54604,Marnan,quelthalas,860,warrior,arms,24,9,15
54605,Ultradma,area-52,860,warrior,arms,24,9,15
54606,Nishtana,quelthalas,859,warrior,arms,18,9,9
54607,Vio,mannoroth,859,warrior,arms,18,9,9
54608,Kiyokó,sargeras,859,warrior,arms,18,9,9
54609,Tôpanga,lightninghoof,859,warrior,arms,24,9,15
54610,Féril,ragnaros,858,warrior,arms,18,9,9
54611,Tolette,quelthalas,858,warrior,arms,18,9,9
54612,Åres,wyrmrest-accord,858,warrior,arms,18,9,9
54613,Tinyguysmall,eredar,857,warrior,arms,22,11,11
54614,Kaimana,zuljin,857,warrior,arms,18,9,9
54615,Gahii,barthilas,857,warrior,arms,18,9,9
54616,Joshums,warsong,857,warrior,arms,26,10,16
54617,Fugufish,nemesis,857,warrior,arms,24,9,15
54618,Karusuke,stormrage,857,warrior,arms,24,9,15
54619,Sparkye,gallywix,856,warrior,arms,18,9,9
54620,Tomcruizes,tichondrius,856,warrior,arms,18,9,9
54621,Éllenor,azralon,856,warrior,arms,18,9,9
54622,Oppos,lightnings-blade,856,warrior,arms,25,11,14
54623,Tsurik,malfurion,856,warrior,arms,30,9,21
54624,Eorik,stormrage,856,warrior,arms,36,9,27
54625,Daytime,scilla,855,warrior,arms,18,9,9
54626,Coldsnaps,azjolnerub,855,warrior,arms,18,9,9
54627,Preschool,sargeras,854,warrior,arms,12,9,3
54628,Wândêrer,wyrmrest-accord,854,warrior,arms,18,9,9
54629,Xarlon,stormrage,854,warrior,arms,21,10,11
54630,Garusok,thrall,853,warrior,arms,12,9,3
54631,Tuf,malygos,853,warrior,arms,24,9,15
54632,Bloren,thrall,852,warrior,arms,18,9,9
54633,Asiyurekhans,borean-tundra,851,warrior,arms,12,9,3
54634,Trigon,chromaggus,851,warrior,arms,18,9,9
54635,Soníco,area-52,847,warrior,arms,23,9,14
54636,Jaimey,malganis,845,warrior,arms,23,9,14
54637,Rainiki,stormrage,845,warrior,arms,24,9,15
54638,Whiteclouds,blood-furnace,844,warrior,arms,42,17,25
54639,Blockcheese,illidan,840,warrior,arms,30,9,21
54640,Lamaril,silvermoon,837,warrior,arms,12,9,3
54641,Macdollibee,barthilas,834,warrior,arms,18,9,9
54642,Soulcalibur,zuljin,830,warrior,arms,23,9,14
54643,Seniorsherk,dalaran,827,warrior,arms,18,9,9
54644,Eskama,hyjal,823,warrior,arms,29,9,20
54645,Hjoz,illidan,822,warrior,arms,16,9,7
54646,Beepboop,malganis,817,warrior,arms,18,9,9
54647,Grômm,tichondrius,815,warrior,arms,23,9,14
54648,Dupaminichav,stormrage,814,warrior,arms,15,9,6
54649,Bargorengar,skullcrusher,814,warrior,arms,78,34,44
54650,Khâi,tichondrius,811,warrior,arms,27,9,18
54651,Scran,sargeras,809,warrior,arms,21,10,11
54652,Paí,nemesis,808,warrior,arms,17,9,8
54653,Ashrah,emerald-dream,804,warrior,arms,21,10,11
54654,Fraccx,area-52,800,warrior,arms,22,9,13
54655,Rahj,saurfang,799,warrior,arms,20,9,11
54656,Gigazug,stormrage,799,warrior,arms,20,9,11
54657,Fatmân,tichondrius,798,warrior,arms,22,9,13
54658,Warrihoe,stormrage,798,warrior,arms,23,9,14
54659,Xcal,malganis,795,warrior,arms,20,9,11
54660,Murrdock,nesingwary,794,warrior,arms,14,9,5
54661,Ripstorm,emerald-dream,794,warrior,arms,20,9,11
54662,Thagunshow,tichondrius,794,warrior,arms,20,9,11
54663,Vandalizer,sargeras,788,warrior,arms,20,10,10
54664,Joecules,kelthuzad,783,warrior,arms,17,9,8
54665,Hdkwanwoo,tichondrius,782,warrior,arms,19,9,10
54666,Grüumsh,drenden,768,warrior,arms,12,8,4
54667,Slvrback,stormrage,768,warrior,arms,12,8,4
54668,Zleam,area-52,768,warrior,arms,12,8,4
54669,Saucebussin,emerald-dream,768,warrior,arms,12,8,4
54670,Patékphilípe,area-52,768,warrior,arms,12,8,4
54671,Willieruth,stormrage,768,warrior,arms,12,8,4
54672,Gabv,shadowmoon,768,warrior,arms,12,8,4
54673,Thornhardt,frostmourne,768,warrior,arms,12,8,4
54674,Smallbrainx,tichondrius,768,warrior,arms,12,8,4
54675,Dadslapper,illidan,768,warrior,arms,12,8,4
54676,Spinspin,borean-tundra,768,warrior,arms,12,8,4
54677,Imakeupuddin,turalyon,768,warrior,arms,12,8,4
54678,Sweeped,darkspear,768,warrior,arms,12,8,4
54679,Zdokk,sargeras,768,warrior,arms,12,8,4
54680,Msallsunday,nerzhul,768,warrior,arms,12,8,4
54681,Catwar,tichondrius,768,warrior,arms,12,8,4
54682,Xaenne,zuljin,768,warrior,arms,12,8,4
54683,Armsupx,tichondrius,768,warrior,arms,12,8,4
54684,Nebraskapete,wyrmrest-accord,768,warrior,arms,12,8,4
54685,Traglos,ragnaros,768,warrior,arms,12,8,4
54686,Clown,andorhal,768,warrior,arms,12,8,4
54687,Huangatang,wyrmrest-accord,768,warrior,arms,12,8,4
54688,Velarael,stormscale,768,warrior,arms,12,8,4
54689,Cowstik,illidan,768,warrior,arms,12,8,4
54690,Ogre,magtheridon,768,warrior,arms,18,8,10
54691,Ricksanches,shadowmoon,768,warrior,arms,18,8,10
54692,Elky,area-52,768,warrior,arms,18,8,10
54693,Linjunfeng,tichondrius,768,warrior,arms,18,8,10
54694,Easylel,stormrage,768,warrior,arms,18,8,10
54695,Sonicboom,whisperwind,768,warrior,arms,18,8,10
54696,Elitistx,bleeding-hollow,768,warrior,arms,18,8,10
54697,Gízzmo,tichondrius,768,warrior,arms,18,8,10
54698,Cuddlechamp,barthilas,768,warrior,arms,18,8,10
54699,Elkz,tichondrius,768,warrior,arms,18,8,10
54700,Dtitanzz,quelthalas,768,warrior,arms,18,8,10
54701,Chronek,sargeras,768,warrior,arms,18,8,10
54702,Stoneball,kiljaeden,768,warrior,arms,18,8,10
54703,Tádakatsu,sargeras,768,warrior,arms,18,8,10
54704,Leunitas,shadow-council,768,warrior,arms,18,8,10
54705,Doubleturbo,illidan,768,warrior,arms,18,8,10
54706,Supermieo,illidan,768,warrior,arms,18,8,10
54707,Dirkdallas,tichondrius,768,warrior,arms,24,8,16
54708,Mercystaling,tichondrius,768,warrior,arms,24,8,16
54709,Bornne,doomhammer,768,warrior,arms,30,8,22
54710,Blazingguard,stormrage,767,warrior,arms,12,8,4
54711,Gränd,frostmourne,767,warrior,arms,12,8,4
54712,Angrybulky,illidan,767,warrior,arms,12,8,4
54713,Skizoid,kiljaeden,767,warrior,arms,12,8,4
54714,Alucardio,turalyon,767,warrior,arms,12,8,4
54715,Letsgosmokes,stormrage,767,warrior,arms,12,8,4
54716,Wantor,lightnings-blade,767,warrior,arms,12,8,4
54717,Rushee,argent-dawn,767,warrior,arms,12,8,4
54718,Tharez,stormrage,767,warrior,arms,12,8,4
54719,Rúz,illidan,767,warrior,arms,12,8,4
54720,Topbel,sargeras,767,warrior,arms,12,8,4
54721,Azziiqt,stormrage,767,warrior,arms,12,8,4
54722,Kixxel,sargeras,767,warrior,arms,12,8,4
54723,Silac,drenden,767,warrior,arms,12,8,4
54724,Pigblind,azralon,767,warrior,arms,12,8,4
54725,Domminux,darkspear,767,warrior,arms,12,8,4
54726,Executefreak,illidan,767,warrior,arms,12,8,4
54727,Warwagon,malganis,767,warrior,arms,12,8,4
54728,Mikeyforever,quelthalas,767,warrior,arms,12,8,4
54729,Mongosyco,proudmoore,767,warrior,arms,12,8,4
54730,Dukar,crushridge,767,warrior,arms,12,8,4
54731,Itskinggrizz,thrall,767,warrior,arms,16,9,7
54732,Zédelívery,azralon,767,warrior,arms,16,9,7
54733,Ihazlolstorm,area-52,767,warrior,arms,18,8,10
54734,Dalinare,area-52,767,warrior,arms,18,8,10
54735,Geubsalx,tichondrius,767,warrior,arms,18,8,10
54736,Execute,kirin-tor,767,warrior,arms,18,8,10
54737,Æwarrìor,tichondrius,767,warrior,arms,18,8,10
54738,Drusillaa,deathwing,767,warrior,arms,18,8,10
54739,Fraxxure,proudmoore,767,warrior,arms,18,8,10
54740,Moarbrainz,mannoroth,767,warrior,arms,18,8,10
54741,Himurinha,nemesis,767,warrior,arms,18,8,10
54742,Pípe,nemesis,767,warrior,arms,18,8,10
54743,Azkaosa,tichondrius,767,warrior,arms,18,8,10
54744,Nogèt,frostmourne,767,warrior,arms,18,8,10
54745,Envision,frostmourne,767,warrior,arms,18,8,10
54746,Nanor,zuljin,767,warrior,arms,18,8,10
54747,Kröh,quelthalas,767,warrior,arms,18,8,10
54748,Orgreshin,area-52,767,warrior,arms,21,9,12
54749,Cevadix,azralon,767,warrior,arms,24,8,16
54750,Essofeit,frostmourne,767,warrior,arms,24,8,16
54751,Techanina,aerie-peak,767,warrior,arms,24,8,16
54752,Cajual,area-52,767,warrior,arms,24,8,16
54753,Brawnforce,shadowsong,767,warrior,arms,24,8,16
54754,Headsour,thunderhorn,767,warrior,arms,30,8,22
54755,Zhasi,bonechewer,766,warrior,arms,12,8,4
54756,Warriorc,laughing-skull,766,warrior,arms,12,8,4
54757,Ragarok,jubeithos,766,warrior,arms,12,8,4
54758,Diãbel,azralon,766,warrior,arms,12,8,4
54759,Horvv,frostmourne,766,warrior,arms,12,8,4
54760,Khrull,khazgoroth,766,warrior,arms,12,8,4
54761,Jackhanma,kelthuzad,766,warrior,arms,12,8,4
54762,Èox,barthilas,766,warrior,arms,12,8,4
54763,Çleåvage,stormrage,766,warrior,arms,18,8,10
54764,Truecarnage,emerald-dream,766,warrior,arms,18,8,10
54765,Donnacha,garona,766,warrior,arms,18,8,10
54766,Edalthor,quelthalas,766,warrior,arms,18,8,10
54767,Nachobeef,illidan,766,warrior,arms,18,8,10
54768,Ragepocket,proudmoore,766,warrior,arms,18,8,10
54769,Camphump,moon-guard,766,warrior,arms,18,8,10
54770,Thanitose,bleeding-hollow,766,warrior,arms,18,8,10
54771,Sálieri,ragnaros,766,warrior,arms,18,8,10
54772,Hemmyroidz,tichondrius,766,warrior,arms,18,8,10
54773,Orthopedic,tichondrius,766,warrior,arms,18,8,10
54774,Vvârriôr,barthilas,766,warrior,arms,18,8,10
54775,Rezzett,wyrmrest-accord,766,warrior,arms,21,9,12
54776,Violençe,malganis,766,warrior,arms,24,8,16
54777,Xforcewar,zuljin,766,warrior,arms,24,8,16
54778,Aztecvil,drakkari,766,warrior,arms,24,8,16
54779,Modzilla,aerie-peak,766,warrior,arms,30,8,22
54780,Kurgrok,kiljaeden,765,warrior,arms,12,8,4
54781,Léva,ragnaros,765,warrior,arms,12,8,4
54782,Percthirty,blackrock,765,warrior,arms,18,8,10
54783,Dhakhota,azralon,765,warrior,arms,18,8,10
54784,Belladeom,azralon,765,warrior,arms,18,8,10
54785,Xeto,ragnaros,765,warrior,arms,18,8,10
54786,Ligerii,quelthalas,765,warrior,arms,18,8,10
54787,Ulfioff,whisperwind,765,warrior,arms,18,8,10
54788,Deesad,azralon,765,warrior,arms,22,9,13
54789,Loktarrogar,illidan,765,warrior,arms,24,8,16
54790,Maxprotein,area-52,764,warrior,arms,14,8,6
54791,Alexarchos,chogall,764,warrior,arms,18,8,10
54792,Exist,kaelthas,764,warrior,arms,24,8,16
54793,Stalecrouton,doomhammer,763,warrior,arms,12,8,4
54794,Luneblade,tichondrius,763,warrior,arms,18,8,10
54795,Friends,azjolnerub,763,warrior,arms,18,8,10
54796,Märx,barthilas,763,warrior,arms,18,8,10
54797,Sygw,area-52,763,warrior,arms,24,8,16
54798,Raokao,senjin,763,warrior,arms,24,8,16
54799,Tarmer,moon-guard,762,warrior,arms,18,8,10
54800,Buffalobob,bronzebeard,762,warrior,arms,18,8,10
54801,Sweetdeé,zuljin,762,warrior,arms,18,8,10
54802,Revenn,greymane,761,warrior,arms,12,8,4
54803,Jårko,dathremar,761,warrior,arms,18,8,10
54804,Vynfull,area-52,760,warrior,arms,18,8,10
54805,Lumilis,draenor,760,warrior,arms,18,8,10
54806,Padalouh,kelthuzad,760,warrior,arms,24,8,16
54807,Rafaelwar,drakkari,758,warrior,arms,18,8,10
54808,Stiffysword,tanaris,758,warrior,arms,18,8,10
54809,Badazzdad,thunderhorn,757,warrior,arms,18,8,10
54810,Clortho,korialstrasz,756,warrior,arms,27,9,18
54811,Trapwar,malganis,755,warrior,arms,12,8,4
54812,Bilmuuri,illidan,754,warrior,arms,27,9,18
54813,Fleshtuxedo,stormrage,752,warrior,arms,12,8,4
54814,Haowar,tichondrius,750,warrior,arms,23,8,15
54815,Gladiattor,tol-barad,749,warrior,arms,18,8,10
54816,Dadookibooty,area-52,740,warrior,arms,24,11,13
54817,Ironwarr,hyjal,740,warrior,arms,23,8,15
54818,Vetinari,nazjatar,735,warrior,arms,11,8,3
54819,Outo,stormrage,735,warrior,arms,17,8,9
54820,Uneasyw,tichondrius,735,warrior,arms,23,8,15
54821,Casmier,tichondrius,734,warrior,arms,17,8,9
54822,Gorakis,barthilas,733,warrior,arms,20,9,11
54823,Saigø,stormrage,723,warrior,arms,18,8,10
54824,Loudpee,tichondrius,719,warrior,arms,14,9,5
54825,Señor,barthilas,719,warrior,arms,15,8,7
54826,Kzw,illidan,719,warrior,arms,17,8,9
54827,Mêlo,area-52,719,warrior,arms,17,8,9
54828,Wreckthis,area-52,718,warrior,arms,17,8,9
54829,Alemão,bleeding-hollow,713,warrior,arms,23,9,14
54830,Slashcry,frostmourne,704,warrior,arms,22,8,14
54831,Ohjim,stormrage,702,warrior,arms,20,8,12
54832,Hrothtyr,kelthuzad,702,warrior,arms,20,8,12
54833,Tabadigbick,bleeding-hollow,698,warrior,arms,17,8,9
54834,Hordrek,moon-guard,688,warrior,arms,13,8,5
54835,Lishajr,malganis,687,warrior,arms,14,8,6
54836,Psyrush,area-52,687,warrior,arms,19,8,11
54837,Valuxia,sargeras,687,warrior,arms,19,8,11
54838,Earfquake,boulderfist,686,warrior,arms,13,8,5
54839,Greenbrain,dunemaul,685,warrior,arms,19,8,11
54840,Korbles,moon-guard,672,warrior,arms,12,7,5
54841,Petuniä,zuljin,672,warrior,arms,12,7,5
54842,Toungy,kelthuzad,672,warrior,arms,12,7,5
54843,Benbtw,malganis,672,warrior,arms,12,7,5
54844,Roiboy,stormrage,672,warrior,arms,12,7,5
54845,Cuzmyslam,sargeras,672,warrior,arms,12,7,5
54846,Grounyl,azralon,672,warrior,arms,12,7,5
54847,Havocsmash,tichondrius,672,warrior,arms,12,7,5
54848,Furìous,stormrage,672,warrior,arms,12,7,5
54849,Kufflinks,kelthuzad,672,warrior,arms,12,7,5
54850,Jaysmom,tichondrius,672,warrior,arms,12,7,5
54851,Ryalaeth,moon-guard,672,warrior,arms,12,7,5
54852,Jesbar,ragnaros,672,warrior,arms,12,7,5
54853,Ousetadoidao,nemesis,672,warrior,arms,12,7,5
54854,Yrz,malganis,672,warrior,arms,12,7,5
54855,Ischyrós,stormrage,672,warrior,arms,12,7,5
54856,Deseroth,sargeras,672,warrior,arms,12,7,5
54857,Slaughtér,tichondrius,672,warrior,arms,12,7,5
54858,Bloodshêdz,stormrage,672,warrior,arms,12,7,5
54859,Turtleofhope,barthilas,672,warrior,arms,12,7,5
54860,Mõgorrin,area-52,672,warrior,arms,12,7,5
54861,Jypster,stormrage,672,warrior,arms,12,7,5
54862,Niulaoye,tichondrius,672,warrior,arms,12,7,5
54863,Raeging,area-52,672,warrior,arms,12,7,5
54864,Hinsionzillu,proudmoore,672,warrior,arms,12,7,5
54865,Rageroidz,sargeras,672,warrior,arms,12,7,5
54866,Relaxnerdlol,antonidas,672,warrior,arms,12,7,5
54867,Studdythejet,zuljin,672,warrior,arms,12,7,5
54868,Cugij,frostmourne,672,warrior,arms,12,7,5
54869,Solocon,tichondrius,672,warrior,arms,12,7,5
54870,Giv,frostmourne,672,warrior,arms,12,7,5
54871,Mouncha,tichondrius,672,warrior,arms,12,7,5
54872,Gbrz,stormrage,672,warrior,arms,12,7,5
54873,Deathammer,stormrage,672,warrior,arms,12,7,5
54874,Vids,aegwynn,672,warrior,arms,12,7,5
54875,Dehumanized,greymane,672,warrior,arms,12,7,5
54876,Executor,mugthol,672,warrior,arms,12,7,5
54877,Papazugs,kelthuzad,672,warrior,arms,12,7,5
54878,Püsspeepers,kelthuzad,672,warrior,arms,12,7,5
54879,Arsis,whisperwind,672,warrior,arms,12,7,5
54880,Kid,daggerspine,672,warrior,arms,12,7,5
54881,Madmartiggan,tichondrius,672,warrior,arms,12,7,5
54882,Magnusz,zuljin,672,warrior,arms,12,7,5
54883,Baye,kargath,672,warrior,arms,12,7,5
54884,Drashka,ragnaros,672,warrior,arms,12,7,5
54885,Fernzie,malganis,672,warrior,arms,12,7,5
54886,Jahrakál,thunderlord,672,warrior,arms,12,7,5
54887,Jeffesptein,tichondrius,672,warrior,arms,12,7,5
54888,Xdoombringer,area-52,672,warrior,arms,12,7,5
54889,Kevy,arygos,672,warrior,arms,12,7,5
54890,Sambojüjü,stormrage,672,warrior,arms,12,7,5
54891,Elimination,tichondrius,672,warrior,arms,12,7,5
54892,Bean,ragnaros,672,warrior,arms,12,7,5
54893,Madamemarie,stormrage,672,warrior,arms,12,7,5
54894,Okayge,proudmoore,672,warrior,arms,12,7,5
54895,Vxjohnson,proudmoore,672,warrior,arms,15,8,7
54896,Soyu,tichondrius,672,warrior,arms,16,8,8
54897,Kappiz,wyrmrest-accord,672,warrior,arms,14,7,7
54898,Gizzmo,bonechewer,672,warrior,arms,18,7,11
54899,Beanstrom,tichondrius,672,warrior,arms,18,7,11
54900,Beatstickz,malganis,672,warrior,arms,18,7,11
54901,July,arthas,672,warrior,arms,18,7,11
54902,Hazelbean,tichondrius,672,warrior,arms,18,7,11
54903,Tbagg,area-52,672,warrior,arms,18,7,11
54904,Tasilia,tichondrius,672,warrior,arms,18,7,11
54905,Dypnos,ragnaros,672,warrior,arms,18,7,11
54906,Ryänlord,mugthol,672,warrior,arms,18,7,11
54907,Ichigami,kelthuzad,672,warrior,arms,18,7,11
54908,Infâmous,proudmoore,672,warrior,arms,18,7,11
54909,Ulamøg,proudmoore,672,warrior,arms,18,7,11
54910,Ignorebrain,tichondrius,672,warrior,arms,18,7,11
54911,Coltronitis,kelthuzad,672,warrior,arms,18,7,11
54912,Flèx,stormrage,672,warrior,arms,18,7,11
54913,Udmwarrior,zuljin,672,warrior,arms,18,7,11
54914,Mondëgo,stormrage,672,warrior,arms,18,7,11
54915,Lanlorash,barthilas,672,warrior,arms,18,7,11
54916,Goyqqw,illidan,672,warrior,arms,18,7,11
54917,Sayjaki,stormrage,672,warrior,arms,18,7,11
54918,Raxek,stormrage,672,warrior,arms,18,7,11
54919,Zuans,azralon,672,warrior,arms,18,7,11
54920,Ivory,emerald-dream,672,warrior,arms,18,7,11
54921,Käggai,khadgar,672,warrior,arms,18,7,11
54922,Rraw,demon-soul,672,warrior,arms,18,7,11
54923,Yamzprime,stormrage,672,warrior,arms,18,7,11
54924,Festerclaws,wyrmrest-accord,672,warrior,arms,24,7,17
54925,Omlas,azralon,672,warrior,arms,24,7,17
54926,Paralyzed,malganis,672,warrior,arms,24,7,17
54927,Bâtar,area-52,672,warrior,arms,24,7,17
54928,Corevp,barthilas,672,warrior,arms,24,7,17
54929,Zugmeov,barthilas,672,warrior,arms,24,7,17
54930,Pokeyobutt,hydraxis,672,warrior,arms,24,7,17
54931,Nipparcs,tichondrius,672,warrior,arms,24,7,17
54932,Girthstick,eredar,671,warrior,arms,12,7,5
54933,Crnogorac,hakkar,671,warrior,arms,12,7,5
54934,Capo,windrunner,671,warrior,arms,12,7,5
54935,Rhuktar,azralon,671,warrior,arms,12,7,5
54936,Mewpaw,azralon,671,warrior,arms,12,7,5
54937,Maddzspin,tichondrius,671,warrior,arms,12,7,5
54938,Vodkalol,bleeding-hollow,671,warrior,arms,12,7,5
54939,Pipeman,blackhand,671,warrior,arms,12,7,5
54940,Riffralph,quelthalas,671,warrior,arms,12,7,5
54941,Joaododrøp,azralon,671,warrior,arms,12,7,5
54942,Glizzarms,dalaran,671,warrior,arms,12,7,5
54943,Gunnëy,malganis,671,warrior,arms,12,7,5
54944,Jedeva,stormrage,671,warrior,arms,12,7,5
54945,Hungdiesel,area-52,671,warrior,arms,12,7,5
54946,Kevinlanders,sargeras,671,warrior,arms,12,7,5
54947,Vijit,stormrage,671,warrior,arms,12,7,5
54948,Blazie,barthilas,671,warrior,arms,12,7,5
54949,Qtrpndwcheez,area-52,671,warrior,arms,12,7,5
54950,Dunkindots,tichondrius,671,warrior,arms,12,7,5
54951,Dêsêcratê,frostmourne,671,warrior,arms,12,7,5
54952,Schwicker,stormrage,671,warrior,arms,12,7,5
54953,Exceldoc,frostwolf,671,warrior,arms,12,7,5
54954,Ramborco,kelthuzad,671,warrior,arms,12,7,5
54955,Furiousangel,area-52,671,warrior,arms,12,7,5
54956,Reckonting,moon-guard,671,warrior,arms,12,7,5
54957,Kryssanta,kilrogg,671,warrior,arms,13,7,6
54958,Nehpets,akama,671,warrior,arms,18,7,11
54959,Lelànd,kelthuzad,671,warrior,arms,18,7,11
54960,Mustachelove,bleeding-hollow,671,warrior,arms,18,7,11
54961,Brøxigár,quelthalas,671,warrior,arms,18,7,11
54962,Pharan,malganis,671,warrior,arms,18,7,11
54963,Ironhide,malorne,671,warrior,arms,18,7,11
54964,Chumbinhu,stormrage,671,warrior,arms,18,7,11
54965,Diegoreo,drakkari,671,warrior,arms,18,7,11
54966,Bröstörm,bonechewer,671,warrior,arms,18,7,11
54967,Conviction,draka,671,warrior,arms,18,7,11
54968,Smash,frostmane,671,warrior,arms,18,7,11
54969,Andrexion,moon-guard,671,warrior,arms,18,7,11
54970,Rembrand,blackhand,671,warrior,arms,18,7,11
54971,Stepzugger,illidan,671,warrior,arms,18,7,11
54972,Grazellor,khaz-modan,671,warrior,arms,18,7,11
54973,Zewl,barthilas,671,warrior,arms,18,7,11
54974,Shínkicker,area-52,671,warrior,arms,18,7,11
54975,Kasheeka,spirestone,671,warrior,arms,18,7,11
54976,Nosferagc,frostmourne,671,warrior,arms,18,7,11
54977,Paratech,thrall,671,warrior,arms,18,7,11
54978,Layøut,azralon,671,warrior,arms,18,7,11
54979,Mirandakerrx,frostmourne,671,warrior,arms,18,7,11
54980,Xeniwar,tichondrius,671,warrior,arms,20,7,13
54981,Powerjaw,stormrage,671,warrior,arms,24,7,17
54982,Vandammage,cenarion-circle,671,warrior,arms,24,7,17
54983,Winso,blood-furnace,671,warrior,arms,24,7,17
54984,Tasërface,hakkar,671,warrior,arms,24,7,17
54985,Zerevik,stormrage,671,warrior,arms,24,7,17
54986,Xdorkie,area-52,671,warrior,arms,24,7,17
54987,Draggo,tortheldrin,670,warrior,arms,12,7,5
54988,Chacca,suramar,670,warrior,arms,12,7,5
54989,Eqz,area-52,670,warrior,arms,12,7,5
54990,Murrderrface,azgalor,670,warrior,arms,12,7,5
54991,Darquan,trollbane,670,warrior,arms,12,7,5
54992,Babyreap,frostmourne,670,warrior,arms,12,7,5
54993,Svantevit,tichondrius,670,warrior,arms,12,7,5
54994,Nraged,illidan,670,warrior,arms,12,7,5
54995,Gìraffe,illidan,670,warrior,arms,18,7,11
54996,Kaimera,echo-isles,670,warrior,arms,18,7,11
54997,Dizzygal,hyjal,670,warrior,arms,18,7,11
54998,Daleo,ragnaros,670,warrior,arms,18,7,11
54999,Reidahn,zuljin,670,warrior,arms,24,7,17
55000,Astrokreep,emerald-dream,669,warrior,arms,12,7,5
55001,Guille,skullcrusher,669,warrior,arms,12,7,5
55002,Torage,wyrmrest-accord,669,warrior,arms,12,7,5
55003,Getoffmee,queldorei,669,warrior,arms,18,7,11
55004,Kâyous,tichondrius,669,warrior,arms,18,7,11
55005,Harnor,garrosh,669,warrior,arms,18,7,11
55006,Teyliemond,amanthul,668,warrior,arms,12,7,5
55007,Nepheliloux,amanthul,668,warrior,arms,18,7,11
55008,Azaeil,tanaris,668,warrior,arms,18,7,11
55009,Ashanthaa,kelthuzad,668,warrior,arms,18,7,11
55010,Grokash,azralon,668,warrior,arms,18,7,11
55011,Pandamoanman,moon-guard,668,warrior,arms,18,7,11
55012,Yanïka,barthilas,667,warrior,arms,13,7,6
55013,Moøster,aggramar,667,warrior,arms,18,7,11
55014,Rogkhan,tichondrius,667,warrior,arms,18,7,11
55015,Kevasaurr,sargeras,667,warrior,arms,24,7,17
55016,Borgee,tichondrius,666,warrior,arms,18,7,11
55017,Terribletom,stormrage,665,warrior,arms,18,7,11
55018,Wnunes,nemesis,665,warrior,arms,18,7,11
55019,Nepharia,kirin-tor,664,warrior,arms,18,7,11
55020,Jötunn,dalaran,663,warrior,arms,12,7,5
55021,Lilwarrior,blackrock,661,warrior,arms,12,7,5
55022,Dierdris,gnomeregan,659,warrior,arms,13,7,6
55023,Ruick,wyrmrest-accord,658,warrior,arms,12,7,5
55024,Agnesis,quelthalas,639,warrior,arms,16,7,9
55025,Parmizan,hydraxis,639,warrior,arms,16,7,9
55026,Moostorm,darkspear,639,warrior,arms,17,7,10
55027,Poornub,emerald-dream,638,warrior,arms,14,8,6
55028,Fewfingers,sargeras,638,warrior,arms,16,7,9
55029,Jamska,quelthalas,638,warrior,arms,17,7,10
55030,Twinxin,thrall,637,warrior,arms,17,7,10
55031,Dungs,emerald-dream,636,warrior,arms,17,7,10
55032,Rexxous,hyjal,624,warrior,arms,21,7,14
55033,Tildzy,sargeras,623,warrior,arms,11,7,4
55034,Allenwalker,dreadmaul,623,warrior,arms,13,7,6
55035,Bigboycandy,malganis,621,warrior,arms,11,7,4
55036,Xunaco,quelthalas,620,warrior,arms,26,7,19
55037,Xandrak,barthilas,618,warrior,arms,11,7,4
55038,Shabus,moon-guard,617,warrior,arms,21,8,13
55039,Ålbedo,malganis,616,warrior,arms,23,8,15
55040,Pkrage,hellscream,606,warrior,arms,11,7,4
55041,Reliquia,quelthalas,606,warrior,arms,20,7,13
55042,Bullkathoss,bleeding-hollow,605,warrior,arms,22,7,15
55043,Khalwar,ragnaros,576,warrior,arms,6,6,0
55044,Elpresador,dragonmaw,576,warrior,arms,6,6,0
55045,Tobella,illidan,576,warrior,arms,6,6,0
55046,Stoneshield,senjin,576,warrior,arms,6,6,0
55047,Baltusrol,hydraxis,576,warrior,arms,6,6,0
55048,Darkoil,illidan,576,warrior,arms,6,6,0
55049,Dóminus,malfurion,576,warrior,arms,6,6,0
55050,Husyuzhi,tichondrius,576,warrior,arms,12,6,6
55051,Feedmetren,tichondrius,576,warrior,arms,12,6,6
55052,Balthamel,dunemaul,576,warrior,arms,12,6,6
55053,Nerròk,wyrmrest-accord,576,warrior,arms,12,6,6
55054,Rargou,illidan,576,warrior,arms,12,6,6
55055,Breaker,undermine,576,warrior,arms,12,6,6
55056,Screwz,blackrock,576,warrior,arms,12,6,6
55057,Zzode,tichondrius,576,warrior,arms,12,6,6
55058,Sunderstruck,boulderfist,576,warrior,arms,12,6,6
55059,Littlemieoo,sargeras,576,warrior,arms,12,6,6
55060,Blazight,dunemaul,576,warrior,arms,12,6,6
55061,Xilents,frostmourne,576,warrior,arms,12,6,6
55062,Sigrik,moon-guard,576,warrior,arms,12,6,6
55063,Toegap,illidan,576,warrior,arms,12,6,6
55064,Reflective,zuljin,576,warrior,arms,12,6,6
55065,Bonclay,nerzhul,576,warrior,arms,12,6,6
55066,Bigsquiggle,blackrock,576,warrior,arms,12,6,6
55067,Musclecrowe,illidan,576,warrior,arms,12,6,6
55068,Róngor,ragnaros,576,warrior,arms,12,6,6
55069,Cassetto,icecrown,576,warrior,arms,12,6,6
55070,Êraser,tichondrius,576,warrior,arms,12,6,6
55071,Martiallawl,skullcrusher,576,warrior,arms,12,6,6
55072,Hülkamanïa,sargeras,576,warrior,arms,12,6,6
55073,Marîn,stormrage,576,warrior,arms,12,6,6
55074,Gílly,borean-tundra,576,warrior,arms,12,6,6
55075,Glourfindel,quelthalas,576,warrior,arms,12,6,6
55076,Linios,tichondrius,576,warrior,arms,12,6,6
55077,Madrak,greymane,576,warrior,arms,12,6,6
55078,Rudakoff,ragnaros,576,warrior,arms,12,6,6
55079,Dreamwarr,tichondrius,576,warrior,arms,12,6,6
55080,Mufasaprime,ursin,576,warrior,arms,12,6,6
55081,Raahj,sargeras,576,warrior,arms,12,6,6
55082,Orkussw,illidan,576,warrior,arms,12,6,6
55083,Jerebeloz,proudmoore,576,warrior,arms,12,6,6
55084,Areiana,stormrage,576,warrior,arms,12,6,6
55085,Hipower,lethon,576,warrior,arms,12,6,6
55086,Abrakàrn,zuluhed,576,warrior,arms,12,6,6
55087,Bamlin,sargeras,576,warrior,arms,12,6,6
55088,Brookiecooki,frostmourne,576,warrior,arms,12,6,6
55089,Luckychaos,bleeding-hollow,576,warrior,arms,12,6,6
55090,Gladdz,moon-guard,576,warrior,arms,12,6,6
55091,Brrazze,moon-guard,576,warrior,arms,12,6,6
55092,Martrios,alexstrasza,576,warrior,arms,12,6,6
55093,Fûry,barthilas,576,warrior,arms,12,6,6
55094,Exeqt,terokkar,576,warrior,arms,12,6,6
55095,Flanrych,illidan,576,warrior,arms,12,6,6
55096,Illmindofboo,tichondrius,576,warrior,arms,12,6,6
55097,Ragehir,thrall,576,warrior,arms,12,6,6
55098,Velicah,stormrage,576,warrior,arms,12,6,6
55099,Warsongworg,tichondrius,576,warrior,arms,12,6,6
55100,Rikthor,sargeras,576,warrior,arms,12,6,6
55101,Grughak,kiljaeden,576,warrior,arms,12,6,6
55102,Trexxen,stormrage,576,warrior,arms,12,6,6
55103,Aùstin,moon-guard,576,warrior,arms,12,6,6
55104,Arozay,illidan,576,warrior,arms,12,6,6
55105,Assamith,nemesis,576,warrior,arms,12,6,6
55106,Ibyessa,emerald-dream,576,warrior,arms,12,6,6
55107,Kipqt,frostmourne,576,warrior,arms,12,6,6
55108,Amortens,area-52,576,warrior,arms,12,6,6
55109,Inkurushio,suramar,576,warrior,arms,12,6,6
55110,Raime,sargeras,576,warrior,arms,12,6,6
55111,Bagginses,quelthalas,576,warrior,arms,12,6,6
55112,Kazabare,tichondrius,576,warrior,arms,12,6,6
55113,Flidumpling,tichondrius,576,warrior,arms,12,6,6
55114,Sodarzok,thaurissan,576,warrior,arms,12,6,6
55115,Luminiere,sargeras,576,warrior,arms,12,6,6
55116,Maleap,moon-guard,576,warrior,arms,12,6,6
55117,Griftustle,moon-guard,576,warrior,arms,12,6,6
55118,Dgumby,illidan,576,warrior,arms,12,6,6
55119,Armsofury,kelthuzad,576,warrior,arms,12,6,6
55120,Monkeystrike,barthilas,576,warrior,arms,12,6,6
55121,Houdinix,stormrage,576,warrior,arms,12,6,6
55122,Rexquando,barthilas,576,warrior,arms,12,6,6
55123,Stÿgían,kelthuzad,576,warrior,arms,12,6,6
55124,Biorhn,area-52,576,warrior,arms,12,6,6
55125,Mechagodzila,kiljaeden,576,warrior,arms,12,6,6
55126,Sadomize,kiljaeden,576,warrior,arms,12,6,6
55127,Murdokkwml,ragnaros,576,warrior,arms,12,6,6
55128,Azrailz,stormrage,576,warrior,arms,12,6,6
55129,Gnomërcy,tichondrius,576,warrior,arms,12,6,6
55130,Aladarith,moon-guard,576,warrior,arms,12,6,6
55131,Fatpoos,barthilas,576,warrior,arms,12,6,6
55132,Szar,stormrage,576,warrior,arms,12,6,6
55133,Spikedudley,wildhammer,576,warrior,arms,12,6,6
55134,Hitwkey,tichondrius,576,warrior,arms,12,6,6
55135,Hololeave,tichondrius,576,warrior,arms,12,6,6
55136,Targramu,emerald-dream,576,warrior,arms,12,6,6
55137,Ratherfull,ragnaros,576,warrior,arms,12,6,6
55138,Roflcombo,illidan,576,warrior,arms,12,6,6
55139,Hauce,illidan,576,warrior,arms,12,6,6
55140,Bedman,tichondrius,576,warrior,arms,12,6,6
55141,Bailu,ragnaros,576,warrior,arms,12,6,6
55142,Tàlent,thrall,576,warrior,arms,12,6,6
55143,Prìscìlla,stormrage,576,warrior,arms,12,6,6
55144,Arên,ragnaros,576,warrior,arms,12,6,6
55145,Larrythelob,kelthuzad,576,warrior,arms,12,6,6
55146,Gunjay,sargeras,576,warrior,arms,15,7,8
55147,Guerramacina,tichondrius,576,warrior,arms,13,6,7
55148,Ganzism,tichondrius,576,warrior,arms,13,6,7
55149,Olala,kiljaeden,576,warrior,arms,13,6,7
55150,Geubsal,tichondrius,576,warrior,arms,18,6,12
55151,Tonesman,tichondrius,576,warrior,arms,18,6,12
55152,Stormwald,sargeras,576,warrior,arms,18,6,12
55153,Ronak,vashj,576,warrior,arms,18,6,12
55154,Cowboybeast,tanaris,576,warrior,arms,18,6,12
55155,Robar,trollbane,576,warrior,arms,18,6,12
55156,Cleavxy,sargeras,576,warrior,arms,18,6,12
55157,Beifong,barthilas,576,warrior,arms,18,6,12
55158,Deathstrøke,illidan,576,warrior,arms,18,6,12
55159,Májorrobot,area-52,576,warrior,arms,18,6,12
55160,Ahkimih,ragnaros,576,warrior,arms,18,6,12
55161,Sõnics,tichondrius,576,warrior,arms,18,6,12
55162,Kennäy,azralon,576,warrior,arms,18,6,12
55163,Mahoneslice,thrall,576,warrior,arms,18,6,12
55164,Hugz,thrall,576,warrior,arms,18,6,12
55165,Eabywarrs,tichondrius,576,warrior,arms,18,6,12
55166,Ezgamelol,azralon,576,warrior,arms,18,6,12
55167,Swoonmixy,frostmourne,576,warrior,arms,18,6,12
55168,Natalieftm,tichondrius,576,warrior,arms,18,6,12
55169,Rhinð,sargeras,576,warrior,arms,18,6,12
55170,Gobx,tichondrius,576,warrior,arms,18,6,12
55171,Nillor,emerald-dream,576,warrior,arms,18,6,12
55172,Aldhard,moon-guard,576,warrior,arms,18,6,12
55173,Drèádnought,tichondrius,576,warrior,arms,18,6,12
55174,Xgraves,sargeras,576,warrior,arms,18,6,12
55175,Zugface,tichondrius,576,warrior,arms,18,6,12
55176,Drakunai,shattered-halls,576,warrior,arms,18,6,12
55177,Lundyswung,silver-hand,576,warrior,arms,18,6,12
55178,Egoist,malganis,576,warrior,arms,18,6,12
55179,Pushh,thrall,576,warrior,arms,18,6,12
55180,Psilly,sargeras,576,warrior,arms,18,6,12
55181,Lieofa,tichondrius,576,warrior,arms,19,6,13
55182,Shîzu,moon-guard,576,warrior,arms,24,6,18
55183,Contentious,moon-guard,576,warrior,arms,24,6,18
55184,Fenømenoide,ragnaros,575,warrior,arms,6,6,0
55185,Gimmiefood,emerald-dream,575,warrior,arms,12,6,6
55186,Orryn,proudmoore,575,warrior,arms,12,6,6
55187,Bolx,archimonde,575,warrior,arms,12,6,6
55188,Teyrn,stormrage,575,warrior,arms,12,6,6
55189,Ragefested,tichondrius,575,warrior,arms,12,6,6
55190,Jujuassgeter,darkspear,575,warrior,arms,12,6,6
55191,Huggesmash,thaurissan,575,warrior,arms,12,6,6
55192,Croton,moon-guard,575,warrior,arms,12,6,6
55193,Redneckk,emerald-dream,575,warrior,arms,12,6,6
55194,Bkdorbandit,illidan,575,warrior,arms,12,6,6
55195,Zhyper,frostmourne,575,warrior,arms,12,6,6
55196,Amérus,moon-guard,575,warrior,arms,12,6,6
55197,Weewarrior,wyrmrest-accord,575,warrior,arms,12,6,6
55198,Warrpool,shadowmoon,575,warrior,arms,12,6,6
55199,Obstruktíon,tichondrius,575,warrior,arms,12,6,6
55200,Gilisraw,tichondrius,575,warrior,arms,12,6,6
55201,Mekkanic,moon-guard,575,warrior,arms,12,6,6
55202,Theodere,moon-guard,575,warrior,arms,12,6,6
55203,Balthazãr,quelthalas,575,warrior,arms,12,6,6
55204,Pandatrue,azralon,575,warrior,arms,12,6,6
55205,Desul,tichondrius,575,warrior,arms,12,6,6
55206,Stonnies,bleeding-hollow,575,warrior,arms,12,6,6
55207,Burntwaffle,ysera,575,warrior,arms,12,6,6
55208,Walmir,shadow-council,575,warrior,arms,12,6,6
55209,Vioar,hyjal,575,warrior,arms,12,6,6
55210,Onisusu,frostmourne,575,warrior,arms,12,6,6
55211,Thornakh,stormrage,575,warrior,arms,12,6,6
55212,Uragiri,shadowsong,575,warrior,arms,12,6,6
55213,Nospace,tichondrius,575,warrior,arms,12,6,6
55214,Ereborh,ragnaros,575,warrior,arms,12,6,6
55215,Èxecutè,area-52,575,warrior,arms,15,7,8
55216,Maltrate,hyjal,575,warrior,arms,15,7,8
55217,Bärdock,ragnaros,575,warrior,arms,16,7,9
55218,Corthíus,stormrage,575,warrior,arms,16,7,9
55219,Renegón,ragnaros,575,warrior,arms,19,8,11
55220,Chadler,dragonmaw,575,warrior,arms,18,6,12
55221,Slamchowdy,tichondrius,575,warrior,arms,18,6,12
55222,Opalert,tichondrius,575,warrior,arms,18,6,12
55223,Mauler,medivh,575,warrior,arms,18,6,12
55224,Babybiif,azralon,575,warrior,arms,24,6,18
55225,Nashallo,zuljin,574,warrior,arms,12,6,6
55226,Kenroc,illidan,574,warrior,arms,12,6,6
55227,Darkshrek,quelthalas,574,warrior,arms,12,6,6
55228,Ådolf,sargeras,574,warrior,arms,15,7,8
55229,Arrozkonlech,proudmoore,574,warrior,arms,16,7,9
55230,Masami,moon-guard,574,warrior,arms,18,6,12
55231,Môgwai,kelthuzad,573,warrior,arms,12,6,6
55232,Irgon,quelthalas,573,warrior,arms,12,6,6
55233,Hazorl,zuljin,573,warrior,arms,12,6,6
55234,Logohn,wyrmrest-accord,573,warrior,arms,12,6,6
55235,Dúmp,stormrage,573,warrior,arms,12,6,6
55236,Unterg,ragnaros,573,warrior,arms,12,6,6
55237,Gfree,kiljaeden,573,warrior,arms,21,7,14
55238,Brosèph,sargeras,573,warrior,arms,18,6,12
55239,Liiberator,thrall,573,warrior,arms,18,6,12
55240,Dracossack,ragnaros,573,warrior,arms,22,7,15
55241,Burgdur,sargeras,573,warrior,arms,24,6,18
55242,Faóra,moon-guard,572,warrior,arms,12,6,6
55243,Aiforix,gorefiend,572,warrior,arms,12,6,6
55244,Azyxia,emerald-dream,572,warrior,arms,15,7,8
55245,Bitiatus,scilla,572,warrior,arms,18,6,12
55246,Rudiblade,dalaran,571,warrior,arms,12,6,6
55247,Koteketzu,ragnaros,571,warrior,arms,12,6,6
55248,Tatsher,turalyon,571,warrior,arms,12,6,6
55249,Ciran,azralon,564,warrior,arms,18,6,12
55250,Conchalover,illidan,559,warrior,arms,17,6,11
55251,Lïnkzq,frostmourne,558,warrior,arms,10,7,3
55252,Ecopolis,azshara,544,warrior,arms,16,6,10
55253,Ballzindeep,tichondrius,543,warrior,arms,8,7,1
55254,Molloywr,kelthuzad,543,warrior,arms,11,6,5
55255,Tastyskeet,illidan,543,warrior,arms,11,6,5
55256,Trevvel,proudmoore,543,warrior,arms,11,6,5
55257,Tâlos,ysondre,543,warrior,arms,11,6,5
55258,Randywar,tichondrius,528,warrior,arms,15,6,9
55259,Jÿp,tichondrius,527,warrior,arms,11,6,5
55260,Vikkz,frostmourne,527,warrior,arms,11,6,5
55261,Warwik,stormscale,527,warrior,arms,17,6,11
55262,Ledezma,proudmoore,527,warrior,arms,17,6,11
55263,Lazric,area-52,524,warrior,arms,15,6,9
55264,Meadsweats,tichondrius,522,warrior,arms,17,10,7
55265,Bersérk,area-52,522,warrior,arms,14,8,6
55266,Hugewarrior,area-52,522,warrior,arms,15,7,8
55267,Tomcruz,bloodscalp,522,warrior,arms,16,7,9
55268,Hrókr,kiljaeden,522,warrior,arms,19,8,11
55269,Shaydeen,black-dragonflight,521,warrior,arms,15,7,8
55270,Swafty,daggerspine,519,warrior,arms,17,9,8
55271,Rhok,elune,515,warrior,arms,16,9,7
55272,Illicitiri,sargeras,511,warrior,arms,10,6,4
55273,Psychosicko,tichondrius,511,warrior,arms,11,6,5
55274,Kvobash,area-52,511,warrior,arms,11,6,5
55275,Jackjaeger,area-52,511,warrior,arms,16,6,10
55276,Berzerc,stormrage,511,warrior,arms,18,6,12
55277,Alzuga,quelthalas,511,warrior,arms,20,6,14
55278,Zemdur,azralon,510,warrior,arms,14,6,8
55279,Ruiend,bonechewer,510,warrior,arms,14,6,8
55280,Tyraelius,kiljaeden,510,warrior,arms,17,6,11
55281,Magarrior,shadowsong,495,warrior,arms,13,7,6
55282,Zachw,stormrage,495,warrior,arms,13,6,7
55283,Seariphim,lothar,489,warrior,arms,15,8,7
55284,Ryü,khaz-modan,480,warrior,arms,6,5,1
55285,Kushian,tichondrius,480,warrior,arms,6,5,1
55286,Jackox,sargeras,480,warrior,arms,6,5,1
55287,Tinymo,archimonde,480,warrior,arms,6,5,1
55288,Biggesttoees,tichondrius,480,warrior,arms,6,5,1
55289,Noor,tichondrius,480,warrior,arms,6,5,1
55290,Placerqt,ragnaros,480,warrior,arms,6,5,1
55291,Tâlos,magtheridon,480,warrior,arms,6,5,1
55292,Jarlaix,dragonmaw,480,warrior,arms,6,5,1
55293,Geàrbreaker,tichondrius,480,warrior,arms,6,5,1
55294,Flexecute,area-52,480,warrior,arms,6,5,1
55295,Noreaga,tichondrius,480,warrior,arms,6,5,1
55296,Bootypound,sargeras,480,warrior,arms,6,5,1
55297,Tehnklo,malorne,480,warrior,arms,6,5,1
55298,Houk,frostmourne,480,warrior,arms,6,5,1
55299,Meatsweatx,stormrage,480,warrior,arms,6,5,1
55300,Isoln,tichondrius,480,warrior,arms,6,5,1
55301,Billythunda,tichondrius,480,warrior,arms,6,5,1
55302,Warmgun,quelthalas,480,warrior,arms,6,5,1
55303,Pkgdtko,tichondrius,480,warrior,arms,6,5,1
55304,Saladin,gnomeregan,480,warrior,arms,6,5,1
55305,Violence,icecrown,480,warrior,arms,6,5,1
55306,Wanabea,tichondrius,480,warrior,arms,6,5,1
55307,Rickywarx,illidan,480,warrior,arms,6,5,1
55308,Thombelina,malganis,480,warrior,arms,6,5,1
55309,Gorva,emerald-dream,480,warrior,arms,6,5,1
55310,Zerøhøùr,kul-tiras,480,warrior,arms,6,5,1
55311,Vanlur,khaz-modan,480,warrior,arms,6,5,1
55312,Skaaxx,barthilas,480,warrior,arms,10,6,4
55313,Warpenguin,kelthuzad,480,warrior,arms,10,6,4
55314,Moè,frostmourne,480,warrior,arms,10,6,4
55315,Whittyxc,tichondrius,480,warrior,arms,9,5,4
55316,Gathzyx,tichondrius,480,warrior,arms,12,5,7
55317,Flëët,tichondrius,480,warrior,arms,12,5,7
55318,Biggrizz,area-52,480,warrior,arms,12,5,7
55319,Peters,malfurion,480,warrior,arms,12,5,7
55320,Thehóund,area-52,480,warrior,arms,12,5,7
55321,Schoolbuhs,tichondrius,480,warrior,arms,12,5,7
55322,Madhouse,tanaris,480,warrior,arms,12,5,7
55323,Fracked,sargeras,480,warrior,arms,12,5,7
55324,Wën,stormrage,480,warrior,arms,12,5,7
55325,Thaedes,kelthuzad,480,warrior,arms,12,5,7
55326,Toddlovesu,kelthuzad,480,warrior,arms,12,5,7
55327,Claponomics,area-52,480,warrior,arms,12,5,7
55328,Takenotez,sargeras,480,warrior,arms,12,5,7
55329,Felorelea,moon-guard,480,warrior,arms,12,5,7
55330,Laylowk,tichondrius,480,warrior,arms,12,5,7
55331,Sabers,mannoroth,480,warrior,arms,12,5,7
55332,Krongarr,area-52,480,warrior,arms,12,5,7
55333,Loveføx,stormrage,480,warrior,arms,12,5,7
55334,Justicwar,area-52,480,warrior,arms,12,5,7
55335,Originalpimp,bleeding-hollow,480,warrior,arms,12,5,7
55336,Dynamiite,bleeding-hollow,480,warrior,arms,12,5,7
55337,Wonbin,moon-guard,480,warrior,arms,12,5,7
55338,Tamajkaz,the-forgotten-coast,480,warrior,arms,12,5,7
55339,Kerrena,kelthuzad,480,warrior,arms,12,5,7
55340,Kluster,kelthuzad,480,warrior,arms,12,5,7
55341,Beerstorm,stormrage,480,warrior,arms,12,5,7
55342,Excalibruh,frostmourne,480,warrior,arms,12,5,7
55343,Jäëgër,moon-guard,480,warrior,arms,12,5,7
55344,Bulldozar,zuljin,480,warrior,arms,12,5,7
55345,Cabi,frostmourne,480,warrior,arms,12,5,7
55346,Mayshowgunmo,tichondrius,480,warrior,arms,12,5,7
55347,Loudnoise,frostwolf,480,warrior,arms,12,5,7
55348,Vãnth,kelthuzad,480,warrior,arms,12,5,7
55349,Brickhouse,tichondrius,480,warrior,arms,12,5,7
55350,Broxar,area-52,480,warrior,arms,12,5,7
55351,Bariotyr,the-underbog,480,warrior,arms,12,5,7
55352,Qwort,moon-guard,480,warrior,arms,12,5,7
55353,Huricas,arthas,480,warrior,arms,12,5,7
55354,Miniwarkingx,tichondrius,480,warrior,arms,12,5,7
55355,Manbok,tichondrius,480,warrior,arms,12,5,7
55356,Shapur,tichondrius,480,warrior,arms,12,5,7
55357,Huleo,tichondrius,480,warrior,arms,12,5,7
55358,Orcimonde,arthas,480,warrior,arms,12,5,7
55359,Shrëkslovaki,tichondrius,480,warrior,arms,12,5,7
55360,Elkinss,tichondrius,480,warrior,arms,12,5,7
55361,Fayttful,area-52,480,warrior,arms,12,5,7
55362,Buffwar,tichondrius,480,warrior,arms,12,5,7
55363,Beleña,dalaran,480,warrior,arms,12,5,7
55364,Sylvanos,arthas,480,warrior,arms,12,5,7
55365,Maniel,greymane,480,warrior,arms,12,5,7
55366,Scozziee,barthilas,480,warrior,arms,12,5,7
55367,Dillý,area-52,480,warrior,arms,12,5,7
55368,Drudw,moon-guard,480,warrior,arms,12,5,7
55369,Metalhog,sargeras,480,warrior,arms,12,5,7
55370,Crammed,tichondrius,480,warrior,arms,12,5,7
55371,Ericthegreat,azuremyst,480,warrior,arms,12,5,7
55372,Hemkcus,zuluhed,480,warrior,arms,12,5,7
55373,Paulhëyman,sargeras,480,warrior,arms,12,5,7
55374,Kð,zuljin,480,warrior,arms,12,5,7
55375,Meatspinner,sargeras,480,warrior,arms,12,5,7
55376,Quinntis,anvilmar,480,warrior,arms,12,5,7
55377,Thedeejoner,caelestrasz,480,warrior,arms,12,5,7
55378,Juggernäut,malganis,480,warrior,arms,12,5,7
55379,Gävilar,sargeras,480,warrior,arms,12,5,7
55380,Pregnannie,barthilas,480,warrior,arms,12,5,7
55381,Crogosh,quelthalas,480,warrior,arms,12,5,7
55382,Elyoy,aerie-peak,480,warrior,arms,12,5,7
55383,Cj,proudmoore,480,warrior,arms,12,5,7
55384,Gonzwold,drenden,480,warrior,arms,12,5,7
55385,Kaikah,aegwynn,480,warrior,arms,12,5,7
55386,Milbën,tichondrius,480,warrior,arms,12,5,7
55387,Bloodxfrenzy,silvermoon,480,warrior,arms,12,5,7
55388,Cuantascopas,ragnaros,480,warrior,arms,12,5,7
55389,Arcâdio,cairne,480,warrior,arms,12,5,7
55390,Shadalloo,azralon,480,warrior,arms,12,5,7
55391,Gläedr,dalaran,480,warrior,arms,12,5,7
55392,Ponygon,quelthalas,480,warrior,arms,12,5,7
55393,Bbg,bleeding-hollow,480,warrior,arms,12,5,7
55394,Kriegsheer,bleeding-hollow,480,warrior,arms,12,5,7
55395,Kethsel,ragnaros,480,warrior,arms,12,5,7
55396,Slamoholic,turalyon,480,warrior,arms,12,5,7
55397,Dondà,illidan,480,warrior,arms,12,5,7
55398,Crushingnews,sargeras,480,warrior,arms,12,5,7
55399,Biggiesmash,bleeding-hollow,480,warrior,arms,12,5,7
55400,Wcb,sargeras,480,warrior,arms,12,5,7
55401,Consolidate,hyjal,480,warrior,arms,12,5,7
55402,Greyknights,kiljaeden,480,warrior,arms,12,5,7
55403,Shwip,tichondrius,480,warrior,arms,12,5,7
55404,Martydom,proudmoore,480,warrior,arms,12,5,7
55405,Shadowsea,dragonblight,480,warrior,arms,12,5,7
55406,Sideon,frostmourne,480,warrior,arms,12,5,7
55407,Orcbum,kiljaeden,480,warrior,arms,12,5,7
55408,Angertooth,tichondrius,480,warrior,arms,12,5,7
55409,Stattic,illidan,480,warrior,arms,12,5,7
55410,Kàli,kiljaeden,480,warrior,arms,12,5,7
55411,Sigismundd,bonechewer,480,warrior,arms,12,5,7
55412,Philipjoo,illidan,480,warrior,arms,12,5,7
55413,Spirìt,illidan,480,warrior,arms,12,5,7
55414,Igoon,dentarg,480,warrior,arms,12,5,7
55415,Karik,proudmoore,480,warrior,arms,12,5,7
55416,Zuiken,kiljaeden,480,warrior,arms,12,5,7
55417,Téry,dalaran,480,warrior,arms,12,5,7
55418,Lru,whisperwind,480,warrior,arms,12,5,7
55419,Astrálís,nemesis,480,warrior,arms,12,5,7
55420,Pandaxes,proudmoore,480,warrior,arms,12,5,7
55421,Empyrius,exodar,480,warrior,arms,12,5,7
55422,Beozerker,thrall,480,warrior,arms,12,5,7
55423,Clamjammed,thrall,480,warrior,arms,12,5,7
55424,Lanco,kiljaeden,480,warrior,arms,12,5,7
55425,Baaltica,ragnaros,480,warrior,arms,12,5,7
55426,Battosaì,bonechewer,480,warrior,arms,15,6,9
55427,Grandtank,veknilash,480,warrior,arms,15,6,9
55428,Mág,burning-legion,480,warrior,arms,13,5,8
55429,Zibby,malganis,480,warrior,arms,14,5,9
55430,Darkdargon,tichondrius,480,warrior,arms,18,6,12
55431,Tigershárk,tichondrius,480,warrior,arms,16,5,11
55432,Shaynaynay,tichondrius,480,warrior,arms,18,5,13
55433,Imprw,stormrage,480,warrior,arms,18,5,13
55434,Calto,tichondrius,480,warrior,arms,18,5,13
55435,Aldathion,argent-dawn,480,warrior,arms,18,5,13
55436,Osannd,tichondrius,480,warrior,arms,18,5,13
55437,Eightydeuce,bonechewer,480,warrior,arms,18,5,13
55438,Goaco,drakkari,480,warrior,arms,18,5,13
55439,Kkuzo,bleeding-hollow,480,warrior,arms,18,5,13
55440,Skyanidas,korgath,480,warrior,arms,18,5,13
55441,Damadar,malganis,480,warrior,arms,18,5,13
55442,Cyllyzie,emerald-dream,480,warrior,arms,18,5,13
55443,Øvrpwrd,frostmourne,480,warrior,arms,18,5,13
55444,Smackify,stormrage,480,warrior,arms,18,5,13
55445,Kamigoroshi,crushridge,480,warrior,arms,18,5,13
55446,Tsathoggua,kiljaeden,480,warrior,arms,18,5,13
55447,Bornclueless,illidan,480,warrior,arms,21,5,16
55448,Thunderbash,thrall,480,warrior,arms,24,5,19
55449,Creannew,drakkari,480,warrior,arms,24,5,19
55450,Lorinzer,zuljin,480,warrior,arms,24,5,19
55451,Tanger,korgath,479,warrior,arms,6,5,1
55452,Rinngo,proudmoore,479,warrior,arms,6,5,1
55453,Faiken,quelthalas,479,warrior,arms,6,5,1
55454,Sarkhan,zuluhed,479,warrior,arms,6,5,1
55455,Maudlewis,bladefist,479,warrior,arms,12,5,7
55456,Warstik,malganis,479,warrior,arms,12,5,7
55457,Rücküs,tichondrius,479,warrior,arms,12,5,7
55458,Stretchytime,emerald-dream,479,warrior,arms,12,5,7
55459,Fwengli,illidan,479,warrior,arms,12,5,7
55460,Têzeret,shadowmoon,479,warrior,arms,12,5,7
55461,Sienge,tortheldrin,479,warrior,arms,12,5,7
55462,Alderr,frostmourne,479,warrior,arms,12,5,7
55463,Bovisrex,shadow-council,479,warrior,arms,12,5,7
55464,Qqmachine,tichondrius,479,warrior,arms,12,5,7
55465,Trufsoturi,bleeding-hollow,479,warrior,arms,12,5,7
55466,Cueromodel,ragnaros,479,warrior,arms,12,5,7
55467,Vlanko,tichondrius,479,warrior,arms,12,5,7
55468,Synestira,frostmourne,479,warrior,arms,12,5,7
55469,Dirtyrandy,zuluhed,479,warrior,arms,12,5,7
55470,Spàcetìme,stormrage,479,warrior,arms,12,5,7
55471,Radeox,ragnaros,479,warrior,arms,13,5,8
55472,Flexecute,senjin,479,warrior,arms,18,5,13
55473,Helscreem,hyjal,479,warrior,arms,18,5,13
55474,Gorrthrax,area-52,479,warrior,arms,24,5,19
55475,Arooy,azralon,478,warrior,arms,6,5,1
55476,Otyek,proudmoore,478,warrior,arms,12,5,7
55477,Dirtywarrior,lightnings-blade,478,warrior,arms,12,5,7
55478,Bennybrock,crushridge,478,warrior,arms,12,5,7
55479,Tmible,ragnaros,477,warrior,arms,6,5,1
55480,Therom,ragnaros,477,warrior,arms,15,6,9
55481,Bratomil,amanthul,476,warrior,arms,12,5,7
55482,Acanof,azjolnerub,474,warrior,arms,9,6,3
55483,Inuyasha,korgath,473,warrior,arms,12,5,7
55484,Raktrazbirt,dalaran,472,warrior,arms,12,5,7
55485,Machatlan,stormrage,457,warrior,arms,26,11,15
55486,Danalle,area-52,448,warrior,arms,10,6,4
55487,Turboboy,tichondrius,448,warrior,arms,10,5,5
55488,Mverstappen,azralon,448,warrior,arms,10,5,5
55489,Notcoverage,tichondrius,447,warrior,arms,11,5,6
55490,Tenderturtle,tichondrius,447,warrior,arms,11,5,6
55491,Dontkiteme,frostmourne,447,warrior,arms,17,5,12
55492,Hvwk,sargeras,445,warrior,arms,11,5,6
55493,Dpsdone,blackrock,432,warrior,arms,9,6,3
55494,Esko,tichondrius,431,warrior,arms,11,5,6
55495,Gurgak,illidan,431,warrior,arms,11,5,6
55496,Jackedaniels,stormrage,431,warrior,arms,12,5,7
55497,Beansgohard,deathwing,431,warrior,arms,15,5,10
55498,Bloodbottle,darkspear,426,warrior,arms,14,7,7
55499,Boombasta,shuhalo,426,warrior,arms,15,6,9
55500,Machutron,quelthalas,415,warrior,arms,8,5,3
55501,Yarocktoo,kelthuzad,415,warrior,arms,8,5,3
55502,Crackersmack,stormrage,415,warrior,arms,11,6,5
55503,Thano,kiljaeden,415,warrior,arms,10,5,5
55504,Nrico,frostmourne,415,warrior,arms,10,5,5
55505,Kiranoma,moon-guard,415,warrior,arms,14,5,9
55506,Arroezze,earthen-ring,399,warrior,arms,13,5,8
55507,Koraciá,illidan,399,warrior,arms,13,5,8
55508,Gushyguts,tichondrius,399,warrior,arms,19,5,14
55509,Hamburgezo,quelthalas,384,warrior,arms,6,4,2
55510,Odalp,tichondrius,384,warrior,arms,6,4,2
55511,Neon,wildhammer,384,warrior,arms,6,4,2
55512,Clutchclutz,spirestone,384,warrior,arms,6,4,2
55513,Gozugurself,barthilas,384,warrior,arms,6,4,2
55514,Jakslasfa,aegwynn,384,warrior,arms,6,4,2
55515,Boomtacular,moon-guard,384,warrior,arms,6,4,2
55516,Mortalhandx,tichondrius,384,warrior,arms,6,4,2
55517,Ffrog,tichondrius,384,warrior,arms,6,4,2
55518,Bütch,stormrage,384,warrior,arms,6,4,2
55519,Elbelgon,ragnaros,384,warrior,arms,6,4,2
55520,Yivicus,sargeras,384,warrior,arms,6,4,2
55521,Mommystrasza,kelthuzad,384,warrior,arms,6,4,2
55522,Swaystko,sargeras,384,warrior,arms,6,4,2
55523,Tickej,dragonmaw,384,warrior,arms,6,4,2
55524,Pineapplezz,kelthuzad,384,warrior,arms,6,4,2
55525,Titanmax,kelthuzad,384,warrior,arms,6,4,2
55526,Jersucristö,quelthalas,384,warrior,arms,6,4,2
55527,Alèx,tichondrius,384,warrior,arms,6,4,2
55528,Mfgodofwar,kelthuzad,384,warrior,arms,6,4,2
55529,Ziggeraut,cenarion-circle,384,warrior,arms,6,4,2
55530,Mòrgo,agamaggan,384,warrior,arms,6,4,2
55531,Wariorwang,tichondrius,384,warrior,arms,6,4,2
55532,Swillzz,illidan,384,warrior,arms,6,4,2
55533,Gnasty,hyjal,384,warrior,arms,6,4,2
55534,Littlegengar,tichondrius,384,warrior,arms,6,4,2
55535,Gurneyhalec,proudmoore,384,warrior,arms,6,4,2
55536,Tsutsana,lightninghoof,384,warrior,arms,6,4,2
55537,Orangew,dalaran,384,warrior,arms,6,4,2
55538,Gangdan,sargeras,384,warrior,arms,6,4,2
55539,Fròthy,emerald-dream,384,warrior,arms,6,4,2
55540,Zoldyak,ragnaros,384,warrior,arms,6,4,2
55541,Frakt,illidan,384,warrior,arms,6,4,2
55542,Restoy,tichondrius,384,warrior,arms,6,4,2
55543,Dazfury,barthilas,384,warrior,arms,6,4,2
55544,Appolyonn,hyjal,384,warrior,arms,6,4,2
55545,Sygurd,drakkari,384,warrior,arms,6,4,2
55546,Mebraindead,tichondrius,384,warrior,arms,6,4,2
55547,Kahn,andorhal,384,warrior,arms,6,4,2
55548,Mcwanga,barthilas,384,warrior,arms,6,4,2
55549,Tankdawg,draktharon,384,warrior,arms,6,4,2
55550,Veedrin,ysera,384,warrior,arms,6,4,2
55551,Dysazter,ravencrest,384,warrior,arms,6,4,2
55552,Kimbö,quelthalas,384,warrior,arms,6,4,2
55553,Styiex,ragnaros,384,warrior,arms,6,4,2
55554,Gristly,sargeras,384,warrior,arms,6,4,2
55555,Takitó,ragnaros,384,warrior,arms,6,4,2
55556,Prodigi,ragnaros,384,warrior,arms,6,4,2
55557,Slapywar,illidan,384,warrior,arms,6,4,2
55558,Braxxìnn,tichondrius,384,warrior,arms,6,4,2
55559,Blucollardad,bleeding-hollow,384,warrior,arms,6,4,2
55560,Gamörä,illidan,384,warrior,arms,6,4,2
55561,Koalabear,shadow-council,384,warrior,arms,6,4,2
55562,Pilgrimslays,tichondrius,384,warrior,arms,6,4,2
55563,Majinnox,wyrmrest-accord,384,warrior,arms,6,4,2
55564,Zarttorius,quelthalas,384,warrior,arms,6,4,2
55565,Keffdog,laughing-skull,384,warrior,arms,6,4,2
55566,Burzerk,malganis,384,warrior,arms,6,4,2
55567,Gavfields,tichondrius,384,warrior,arms,6,4,2
55568,Sonoflaw,skullcrusher,384,warrior,arms,6,4,2
55569,Chulain,tichondrius,384,warrior,arms,6,4,2
55570,Aægekaz,proudmoore,384,warrior,arms,6,4,2
55571,Farmtruckqt,proudmoore,384,warrior,arms,6,4,2
55572,Bajheeraz,sargeras,384,warrior,arms,6,4,2
55573,Zonkis,kelthuzad,384,warrior,arms,6,4,2
55574,Nextquestion,sargeras,384,warrior,arms,6,4,2
55575,Warcheif,dentarg,384,warrior,arms,6,4,2
55576,Míaguiulfo,ragnaros,384,warrior,arms,6,4,2
55577,Swordfighter,moon-guard,384,warrior,arms,6,4,2
55578,Sriara,ragnaros,384,warrior,arms,6,4,2
55579,Bajheeraz,tichondrius,384,warrior,arms,6,4,2
55580,Evergardens,saurfang,384,warrior,arms,6,4,2
55581,Afelhia,moon-guard,384,warrior,arms,6,4,2
55582,Sayuri,frostmourne,384,warrior,arms,6,4,2
55583,Swingyslammy,area-52,384,warrior,arms,6,4,2
55584,Misticstorm,barthilas,384,warrior,arms,6,4,2
55585,Oddyseey,moon-guard,384,warrior,arms,6,4,2
55586,Fancysin,malganis,384,warrior,arms,6,4,2
55587,Borahgis,area-52,384,warrior,arms,6,4,2
55588,Malgoth,illidan,384,warrior,arms,6,4,2
55589,Bruisebanner,area-52,384,warrior,arms,6,4,2
55590,Sleifx,quelthalas,384,warrior,arms,6,4,2
55591,Rõcky,frostmourne,384,warrior,arms,6,4,2
55592,Kruçify,dark-iron,384,warrior,arms,6,4,2
55593,Diesel,duskwood,384,warrior,arms,6,4,2
55594,Hoodslam,moon-guard,384,warrior,arms,6,4,2
55595,Ayaseharuqt,quelthalas,384,warrior,arms,6,4,2
55596,Daddydomtop,moon-guard,384,warrior,arms,6,4,2
55597,Ummso,nerzhul,384,warrior,arms,6,4,2
55598,Rinima,tichondrius,384,warrior,arms,6,4,2
55599,Ragingboner,aggramar,384,warrior,arms,6,4,2
55600,Iradri,wyrmrest-accord,384,warrior,arms,6,4,2
55601,Bailo,dathremar,384,warrior,arms,6,4,2
55602,Ssamba,shattered-hand,384,warrior,arms,6,4,2
55603,Krokü,area-52,384,warrior,arms,6,4,2
55604,Claymorer,tichondrius,384,warrior,arms,6,4,2
55605,Sakuraya,tichondrius,384,warrior,arms,6,4,2
55606,Helder,destromath,384,warrior,arms,6,4,2
55607,Picpay,area-52,384,warrior,arms,6,4,2
55608,Thiccyb,area-52,384,warrior,arms,6,4,2
55609,Evencane,stormrage,384,warrior,arms,6,4,2
55610,Hamur,azralon,384,warrior,arms,6,4,2
55611,Yêawen,tichondrius,384,warrior,arms,6,4,2
55612,Trevmo,bloodscalp,384,warrior,arms,6,4,2
55613,Yagarel,dalaran,384,warrior,arms,6,4,2
55614,Ckoaw,dalaran,384,warrior,arms,6,4,2
55615,Sanqq,tichondrius,384,warrior,arms,6,4,2
55616,Cheshe,area-52,384,warrior,arms,6,4,2
55617,Datogkush,frostmourne,384,warrior,arms,6,4,2
55618,Iroh,thunderhorn,384,warrior,arms,6,4,2
55619,Thottprot,blackhand,384,warrior,arms,6,4,2
55620,Còlòssal,moknathal,384,warrior,arms,6,4,2
55621,Laggytwodope,kelthuzad,384,warrior,arms,6,4,2
55622,Lxstcxntury,sargeras,384,warrior,arms,6,4,2
55623,Zuggernaut,shadowsong,384,warrior,arms,6,4,2
55624,Galaxius,frostmane,384,warrior,arms,7,4,3
55625,Jire,shadowmoon,384,warrior,arms,7,4,3
55626,Finndal,bleeding-hollow,384,warrior,arms,9,5,4
55627,Tapijuju,stormrage,384,warrior,arms,9,5,4
55628,Greenishfox,illidan,384,warrior,arms,9,5,4
55629,Hitmypronoun,illidan,384,warrior,arms,9,5,4
55630,Ragnarlbrok,goldrinn,384,warrior,arms,10,5,5
55631,Kalisandra,undermine,384,warrior,arms,10,5,5
55632,Ailes,hakkar,384,warrior,arms,11,4,7
55633,Jackmonkey,the-forgotten-coast,384,warrior,arms,12,4,8
55634,Turkin,proudmoore,384,warrior,arms,12,4,8
55635,Ðred,blackhand,384,warrior,arms,12,4,8
55636,Angrybrog,malfurion,384,warrior,arms,12,4,8
55637,Gazah,skullcrusher,384,warrior,arms,12,4,8
55638,Iargestpp,bleeding-hollow,384,warrior,arms,12,4,8
55639,Brendan,llane,384,warrior,arms,12,4,8
55640,Kenedy,moon-guard,384,warrior,arms,12,4,8
55641,Iden,vashj,384,warrior,arms,12,4,8
55642,Twoshoutz,stormrage,384,warrior,arms,12,4,8
55643,Nxmabala,proudmoore,384,warrior,arms,12,4,8
55644,Còsmico,trollbane,384,warrior,arms,12,4,8
55645,Hamslamm,area-52,384,warrior,arms,12,4,8
55646,Bewbeebangz,kelthuzad,384,warrior,arms,12,4,8
55647,Nginx,queldorei,384,warrior,arms,12,4,8
55648,Spacegoatze,thunderlord,384,warrior,arms,12,4,8
55649,Koei,illidan,384,warrior,arms,12,4,8
55650,Joekenshield,stonemaul,384,warrior,arms,12,4,8
55651,Warspartan,stormrage,384,warrior,arms,12,4,8
55652,Barrocops,kiljaeden,384,warrior,arms,12,4,8
55653,Warmachined,grizzly-hills,384,warrior,arms,12,4,8
55654,Aresmt,illidan,384,warrior,arms,12,4,8
55655,Pop,stormrage,384,warrior,arms,12,4,8
55656,Snack,stormreaver,384,warrior,arms,12,4,8
55657,Doully,proudmoore,384,warrior,arms,12,4,8
55658,Chongos,malganis,384,warrior,arms,12,4,8
55659,Dámöuse,stormrage,384,warrior,arms,12,4,8
55660,Handikap,stormrage,384,warrior,arms,12,4,8
55661,Vlix,korgath,384,warrior,arms,12,4,8
55662,Alondir,quelthalas,384,warrior,arms,12,4,8
55663,Lørdvingådør,azralon,384,warrior,arms,12,4,8
55664,Irøns,arthas,384,warrior,arms,12,4,8
55665,Dessindir,quelthalas,384,warrior,arms,12,4,8
55666,Wyborn,emerald-dream,384,warrior,arms,12,4,8
55667,Hameey,sargeras,384,warrior,arms,12,4,8
55668,Sandrine,fizzcrank,384,warrior,arms,12,4,8
55669,Sorty,emerald-dream,384,warrior,arms,12,4,8
55670,Laochra,aggramar,384,warrior,arms,12,4,8
55671,Naelynh,quelthalas,384,warrior,arms,12,4,8
55672,Grullhamer,ragnaros,384,warrior,arms,12,4,8
55673,Mikejustice,kelthuzad,384,warrior,arms,12,4,8
55674,Lui,the-forgotten-coast,384,warrior,arms,12,4,8
55675,Meanface,malganis,384,warrior,arms,12,4,8
55676,Daduké,stormrage,384,warrior,arms,12,4,8
55677,Licona,wyrmrest-accord,384,warrior,arms,12,4,8
55678,Ladderx,area-52,384,warrior,arms,12,4,8
55679,Renclave,wyrmrest-accord,384,warrior,arms,12,4,8
55680,Xårren,stormrage,384,warrior,arms,12,4,8
55681,Runningatyou,area-52,384,warrior,arms,12,4,8
55682,Bigboy,icecrown,384,warrior,arms,12,4,8
55683,Laokan,illidan,384,warrior,arms,12,4,8
55684,Crimsóñ,kelthuzad,384,warrior,arms,12,4,8
55685,Estrasystole,sargeras,384,warrior,arms,12,4,8
55686,Velanos,bleeding-hollow,384,warrior,arms,12,4,8
55687,Allonsas,moon-guard,384,warrior,arms,12,4,8
55688,Moseshrute,zuljin,384,warrior,arms,12,4,8
55689,Mindgoblin,bleeding-hollow,384,warrior,arms,12,4,8
55690,Stewwar,wyrmrest-accord,384,warrior,arms,12,4,8
55691,Augutra,moon-guard,384,warrior,arms,12,4,8
55692,Jathellum,stormrage,384,warrior,arms,12,4,8
55693,Aldaøm,ragnaros,384,warrior,arms,12,4,8
55694,Heliza,ragnaros,384,warrior,arms,12,4,8
55695,Mefus,wyrmrest-accord,384,warrior,arms,12,4,8
55696,Victorhugo,ragnaros,384,warrior,arms,12,4,8
55697,Drakgøre,ragnaros,384,warrior,arms,12,4,8
55698,Nerolanast,wyrmrest-accord,384,warrior,arms,12,4,8
55699,Hârambe,kiljaeden,384,warrior,arms,12,4,8
55700,Varrian,rivendare,384,warrior,arms,12,4,8
55701,Swingú,illidan,384,warrior,arms,12,4,8
55702,Skorgebt,thrall,384,warrior,arms,12,4,8
55703,Flabergaster,skullcrusher,384,warrior,arms,12,4,8
55704,Verrynasty,area-52,384,warrior,arms,12,4,8
55705,Narduk,emerald-dream,384,warrior,arms,12,4,8
55706,Durango,duskwood,384,warrior,arms,12,4,8
55707,Grândmâ,zuljin,384,warrior,arms,12,4,8
55708,Notfaytful,thrall,384,warrior,arms,12,4,8
55709,Mentalape,bleeding-hollow,384,warrior,arms,12,4,8
55710,Flexyx,arthas,384,warrior,arms,12,4,8
55711,Zulataza,zuljin,384,warrior,arms,12,4,8
55712,Gorethak,kiljaeden,384,warrior,arms,12,4,8
55713,Cupper,tichondrius,384,warrior,arms,12,4,8
55714,Demonsterz,ravenholdt,384,warrior,arms,12,4,8
55715,Dazuu,illidan,384,warrior,arms,12,4,8
55716,Mangler,tichondrius,384,warrior,arms,12,4,8
55717,Malahorda,illidan,384,warrior,arms,12,4,8
55718,Redrumman,demon-soul,384,warrior,arms,12,4,8
55719,Fatherkelso,tichondrius,384,warrior,arms,12,4,8
55720,Ballsy,fenris,384,warrior,arms,12,4,8
55721,Tappyc,tichondrius,384,warrior,arms,12,4,8
55722,Guyllol,barthilas,384,warrior,arms,12,4,8
55723,Drewpqawk,tichondrius,384,warrior,arms,12,4,8
55724,Chiêfatriox,tichondrius,384,warrior,arms,12,4,8
55725,Kimuraa,hyjal,384,warrior,arms,12,4,8
55726,Rocketbom,tichondrius,384,warrior,arms,12,4,8
55727,Zebel,tichondrius,384,warrior,arms,12,4,8
55728,Draiken,dalaran,384,warrior,arms,12,4,8
55729,Filth,tichondrius,384,warrior,arms,12,4,8
55730,Porchorc,hyjal,384,warrior,arms,12,4,8
55731,Vurks,frostmourne,384,warrior,arms,12,4,8
55732,Jasonsdady,illidan,384,warrior,arms,12,4,8
55733,Palumorw,deathwing,384,warrior,arms,12,4,8
55734,Izhansheni,illidan,384,warrior,arms,12,4,8
55735,Totenhammer,nathrezim,384,warrior,arms,12,4,8
55736,Furyofrage,dalaran,384,warrior,arms,12,4,8
55737,Magmaheart,lightbringer,384,warrior,arms,12,4,8
55738,Gangaa,barthilas,384,warrior,arms,12,4,8
55739,Metalhit,tichondrius,384,warrior,arms,12,4,8
55740,Jaclksparrow,azralon,384,warrior,arms,12,4,8
55741,Warriormikey,tichondrius,384,warrior,arms,12,4,8
55742,Iridikron,dalaran,384,warrior,arms,12,4,8
55743,Varkery,sargeras,384,warrior,arms,13,4,9
55744,Bondadoso,stormrage,384,warrior,arms,13,4,9
55745,Lunusx,stormrage,384,warrior,arms,13,4,9
55746,Kyres,moon-guard,384,warrior,arms,16,4,12
55747,Jazzkiler,azralon,384,warrior,arms,17,4,13
55748,Retiarius,tichondrius,384,warrior,arms,18,4,14
55749,Tarviss,exodar,384,warrior,arms,18,4,14
55750,Gladicus,zuljin,384,warrior,arms,18,4,14
55751,Raggnar,zuluhed,384,warrior,arms,18,4,14
55752,Draxxarlol,zuljin,384,warrior,arms,18,4,14
55753,Antonios,drakthul,384,warrior,arms,18,4,14
55754,Powerlift,area-52,384,warrior,arms,18,4,14
55755,Asphyxiating,illidan,384,warrior,arms,18,4,14
55756,Cowsgomerr,tichondrius,384,warrior,arms,18,4,14
55757,Orcrist,stormreaver,383,warrior,arms,6,4,2
55758,Ezaxe,tichondrius,383,warrior,arms,6,4,2
55759,Thedozer,kargath,383,warrior,arms,6,4,2
55760,Tookbeki,tichondrius,383,warrior,arms,6,4,2
55761,Yeit,tichondrius,383,warrior,arms,6,4,2
55762,Shìromìzù,eredar,383,warrior,arms,6,4,2
55763,Mâmba,thrall,383,warrior,arms,12,4,8
55764,Spitbeard,kargath,383,warrior,arms,12,4,8
55765,Reginato,ravenholdt,383,warrior,arms,12,4,8
55766,Drovik,malygos,383,warrior,arms,12,4,8
55767,Ajamu,aegwynn,383,warrior,arms,12,4,8
55768,Christellà,dalaran,383,warrior,arms,18,4,14
55769,Bahlsac,cenarion-circle,382,warrior,arms,12,4,8
55770,Såmmÿ,moon-guard,379,warrior,arms,12,4,8
55771,Lightstrikes,sargeras,379,warrior,arms,12,4,8
55772,Dingoe,wyrmrest-accord,379,warrior,arms,12,4,8
55773,Handdok,runetotem,379,warrior,arms,12,4,8
55774,Xaxxar,bleeding-hollow,367,warrior,arms,11,4,7
55775,Loomine,illidan,367,warrior,arms,11,4,7
55776,Shagalaca,tichondrius,367,warrior,arms,11,4,7
55777,Twohandkilla,scilla,367,warrior,arms,11,4,7
55778,Warsins,bonechewer,367,warrior,arms,17,4,13
55779,Tecnowar,quelthalas,352,warrior,arms,10,4,6
55780,Bellonar,stormrage,351,warrior,arms,8,5,3
55781,Gâbríel,maiev,351,warrior,arms,11,4,7
55782,Thøros,moon-guard,351,warrior,arms,11,4,7
55783,Förkz,ragnaros,351,warrior,arms,11,4,7
55784,Vaetren,area-52,351,warrior,arms,11,4,7
55785,Matasimio,drakkari,336,warrior,arms,9,4,5
55786,Sinweaver,bleeding-hollow,335,warrior,arms,9,5,4
55787,Toir,bladefist,335,warrior,arms,11,4,7
55788,Caynos,stormrage,335,warrior,arms,11,4,7
55789,Rubbers,thrall,330,warrior,arms,17,6,11
55790,Macray,zuljin,330,warrior,arms,18,5,13
55791,Lildumptruck,emerald-dream,320,warrior,arms,10,4,6
55792,Painstake,illidan,320,warrior,arms,19,5,14
55793,Vaider,bleeding-hollow,319,warrior,arms,5,4,1
55794,Toetoeto,darrowmere,319,warrior,arms,5,4,1
55795,Skollton,tichondrius,319,warrior,arms,5,4,1
55796,Cptdrako,alterac-mountains,319,warrior,arms,8,4,4
55797,Rauwers,azralon,319,warrior,arms,8,4,4
55798,Aerriz,area-52,319,warrior,arms,11,4,7
55799,Edmaghar,ragnaros,319,warrior,arms,14,4,10
55800,Atruis,area-52,304,warrior,arms,7,4,3
55801,Rezhan,area-52,304,warrior,arms,13,4,9
55802,Syradar,ragnaros,304,warrior,arms,13,4,9
55803,Nicolasrage,trollbane,303,warrior,arms,11,5,6
55804,Pírlo,ragnaros,288,warrior,arms,6,3,3
55805,Mandofl,ragnaros,288,warrior,arms,6,3,3
55806,Dronarmus,ragnaros,288,warrior,arms,6,3,3
55807,Idarkshakra,illidan,288,warrior,arms,6,3,3
55808,Necrøbutchër,ragnaros,288,warrior,arms,6,3,3
55809,Boitoróh,azralon,288,warrior,arms,6,3,3
55810,Allmurr,ragnaros,288,warrior,arms,6,3,3
55811,Yasser,ragnaros,288,warrior,arms,6,3,3
55812,Warriortimes,ragnaros,288,warrior,arms,6,3,3
55813,Toragorr,illidan,288,warrior,arms,6,3,3
55814,Prontera,illidan,288,warrior,arms,6,3,3
55815,Phaknah,emerald-dream,288,warrior,arms,6,3,3
55816,Tothepain,thrall,288,warrior,arms,6,3,3
55817,Éten,drakkari,288,warrior,arms,6,3,3
55818,Riderless,ragnaros,288,warrior,arms,6,3,3
55819,Salveknight,ragnaros,288,warrior,arms,6,3,3
55820,Skullsplittr,illidan,288,warrior,arms,6,3,3
55821,Zugsok,thrall,288,warrior,arms,6,3,3
55822,Zenmore,illidan,288,warrior,arms,6,3,3
55823,Warnazx,azralon,288,warrior,arms,6,3,3
55824,Ei,darrowmere,288,warrior,arms,6,3,3
55825,Kuntahkintah,tichondrius,288,warrior,arms,6,3,3
55826,Seymourbot,illidan,288,warrior,arms,6,3,3
55827,Drakr,ragnaros,288,warrior,arms,6,3,3
55828,Sinjino,proudmoore,288,warrior,arms,6,3,3
55829,Decimus,medivh,288,warrior,arms,6,3,3
55830,Antiab,ragnaros,288,warrior,arms,6,3,3
55831,Kokurawr,burning-legion,288,warrior,arms,6,3,3
55832,Jackanape,sargeras,288,warrior,arms,6,3,3
55833,Cryptex,illidan,288,warrior,arms,6,3,3
55834,Robostergler,tichondrius,288,warrior,arms,6,3,3
55835,Executing,emerald-dream,288,warrior,arms,6,3,3
55836,Hukzula,illidan,288,warrior,arms,6,3,3
55837,Percanator,aggramar,288,warrior,arms,6,3,3
55838,Tiitlefight,bleeding-hollow,288,warrior,arms,6,3,3
55839,Sunhands,emerald-dream,288,warrior,arms,6,3,3
55840,Axeslaps,illidan,288,warrior,arms,6,3,3
55841,Dublinn,llane,288,warrior,arms,6,3,3
55842,Carborr,frostmourne,288,warrior,arms,6,3,3
55843,Swifty,tichondrius,288,warrior,arms,6,3,3
55844,Ragëqt,windrunner,288,warrior,arms,6,3,3
55845,Vinetic,kiljaeden,288,warrior,arms,6,3,3
55846,Gwàr,kiljaeden,288,warrior,arms,6,3,3
55847,Largegayman,sargeras,288,warrior,arms,6,3,3
55848,Daedrion,dalaran,288,warrior,arms,6,3,3
55849,Preceptron,azralon,288,warrior,arms,6,3,3
55850,Bghero,wyrmrest-accord,288,warrior,arms,6,3,3
55851,Thunderess,illidan,288,warrior,arms,6,3,3
55852,Jerveen,quelthalas,288,warrior,arms,6,3,3
55853,Nukehazard,bleeding-hollow,288,warrior,arms,6,3,3
55854,Akilosh,illidan,288,warrior,arms,6,3,3
55855,Vistacleave,maiev,288,warrior,arms,6,3,3
55856,Vibrates,stormreaver,288,warrior,arms,6,3,3
55857,Vnw,illidan,288,warrior,arms,6,3,3
55858,Flavorw,cairne,288,warrior,arms,6,3,3
55859,Geyaráh,azralon,288,warrior,arms,6,3,3
55860,Hìtchslap,tichondrius,288,warrior,arms,6,3,3
55861,Clerond,tichondrius,288,warrior,arms,6,3,3
55862,Noteko,tichondrius,288,warrior,arms,6,3,3
55863,Críxus,sargeras,288,warrior,arms,6,3,3
55864,Scottpilgrim,illidan,288,warrior,arms,6,3,3
55865,Renseven,frostmourne,288,warrior,arms,6,3,3
55866,Kénblock,tichondrius,288,warrior,arms,6,3,3
55867,Fakktwo,blackhand,288,warrior,arms,6,3,3
55868,Ghomory,quelthalas,288,warrior,arms,6,3,3
55869,Robio,tichondrius,288,warrior,arms,6,3,3
55870,Leeth,azralon,288,warrior,arms,6,3,3
55871,Qutuz,illidan,288,warrior,arms,6,3,3
55872,Serindel,quelthalas,288,warrior,arms,6,3,3
55873,Bigshett,sargeras,288,warrior,arms,6,3,3
55874,Rockhardt,tichondrius,288,warrior,arms,6,3,3
55875,Faelzerá,azralon,288,warrior,arms,6,3,3
55876,Rockybâlboa,illidan,288,warrior,arms,6,3,3
55877,Grapegush,bleeding-hollow,288,warrior,arms,6,3,3
55878,Abuse,nordrassil,288,warrior,arms,6,3,3
55879,Corrum,shuhalo,288,warrior,arms,6,3,3
55880,Bullblader,azralon,288,warrior,arms,6,3,3
55881,Solembuumm,illidan,288,warrior,arms,6,3,3
55882,Claphub,malganis,288,warrior,arms,6,3,3
55883,Sgtquad,illidan,288,warrior,arms,6,3,3
55884,Warbringerr,hydraxis,288,warrior,arms,6,3,3
55885,Hoboken,quelthalas,288,warrior,arms,6,3,3
55886,Zemms,mannoroth,288,warrior,arms,6,3,3
55887,Hesch,thunderlord,288,warrior,arms,6,3,3
55888,Uzy,proudmoore,288,warrior,arms,6,3,3
55889,Mortaryon,malganis,288,warrior,arms,6,3,3
55890,Grognäk,malganis,288,warrior,arms,6,3,3
55891,Desertor,illidan,288,warrior,arms,6,3,3
55892,Humanlog,illidan,288,warrior,arms,6,3,3
55893,Wulfgarn,frostwolf,288,warrior,arms,6,3,3
55894,Renning,malganis,288,warrior,arms,6,3,3
55895,Orkwar,tichondrius,288,warrior,arms,6,3,3
55896,Hawkior,moon-guard,288,warrior,arms,6,3,3
55897,Wingnut,zuluhed,288,warrior,arms,6,3,3
55898,Fivewarrior,tichondrius,288,warrior,arms,6,3,3
55899,Liltotey,frostmourne,288,warrior,arms,6,3,3
55900,Viizer,tichondrius,288,warrior,arms,6,3,3
55901,Awezc,chogall,288,warrior,arms,6,3,3
55902,Zåzriel,tichondrius,288,warrior,arms,6,3,3
55903,Greven,malganis,288,warrior,arms,6,3,3
55904,Pussman,malganis,288,warrior,arms,6,3,3
55905,Bëowulf,malganis,288,warrior,arms,6,3,3
55906,Duglug,malganis,288,warrior,arms,6,3,3
55907,Smashbashdie,stormrage,288,warrior,arms,6,3,3
55908,Glowstick,tichondrius,288,warrior,arms,6,3,3
55909,Ellx,sargeras,288,warrior,arms,6,3,3
55910,Benieswar,frostmourne,288,warrior,arms,6,3,3
55911,Elessarr,moon-guard,288,warrior,arms,6,3,3
55912,Billpoonover,blackwing-lair,288,warrior,arms,6,3,3
55913,Hudë,stormrage,288,warrior,arms,6,3,3
55914,Tnytank,burning-legion,288,warrior,arms,6,3,3
55915,Darthbjorn,lethon,288,warrior,arms,6,3,3
55916,Trashman,frostwolf,288,warrior,arms,6,3,3
55917,Silvers,blades-edge,288,warrior,arms,6,3,3
55918,Evôlutiôn,kelthuzad,288,warrior,arms,6,3,3
55919,Ayenel,stormrage,288,warrior,arms,6,3,3
55920,Az,malorne,288,warrior,arms,6,3,3
55921,Tragictonka,stormrage,288,warrior,arms,6,3,3
55922,Kovarro,stormrage,288,warrior,arms,6,3,3
55923,Mcrîb,stormscale,288,warrior,arms,6,3,3
55924,Nedstarc,laughing-skull,288,warrior,arms,6,3,3
55925,Exdilla,zuljin,288,warrior,arms,6,3,3
55926,Oxxelfer,tichondrius,288,warrior,arms,6,3,3
55927,Sweetmojito,vashj,288,warrior,arms,6,3,3
55928,Shiromiya,tichondrius,288,warrior,arms,6,3,3
55929,Schlosh,laughing-skull,288,warrior,arms,6,3,3
55930,Smashndspin,sargeras,288,warrior,arms,6,3,3
55931,Tread,mugthol,288,warrior,arms,6,3,3
55932,Richenbach,kelthuzad,288,warrior,arms,6,3,3
55933,Camaeel,stormrage,288,warrior,arms,6,3,3
55934,Iwishiknew,kargath,288,warrior,arms,6,3,3
55935,Catêyês,kelthuzad,288,warrior,arms,6,3,3
55936,Fjswpp,tichondrius,288,warrior,arms,6,3,3
55937,Jutank,sargeras,288,warrior,arms,6,3,3
55938,Retrô,uldum,288,warrior,arms,6,3,3
55939,Edokthong,frostmourne,288,warrior,arms,6,3,3
55940,Kryptïç,moon-guard,288,warrior,arms,6,3,3
55941,Bachyr,stormrage,288,warrior,arms,6,3,3
55942,Runtasticx,tichondrius,288,warrior,arms,6,3,3
55943,Swizzly,tichondrius,288,warrior,arms,6,3,3
55944,Batchat,frostmourne,288,warrior,arms,6,3,3
55945,Leonidas,barthilas,288,warrior,arms,6,3,3
55946,Osselan,moon-guard,288,warrior,arms,6,3,3
55947,Poppacd,stormrage,288,warrior,arms,6,3,3
55948,Awöl,jubeithos,288,warrior,arms,6,3,3
55949,Ogundados,kelthuzad,288,warrior,arms,6,3,3
55950,Warnuk,lightnings-blade,288,warrior,arms,6,3,3
55951,Hopefulki,duskwood,288,warrior,arms,6,3,3
55952,Zemi,sargeras,288,warrior,arms,6,3,3
55953,Ðuffman,jubeithos,288,warrior,arms,6,3,3
55954,Rezorc,stormrage,288,warrior,arms,6,3,3
55955,Shloope,barthilas,288,warrior,arms,6,3,3
55956,Biggieswords,madoran,288,warrior,arms,6,3,3
55957,Ragemelon,icecrown,288,warrior,arms,6,3,3
55958,Telynne,frostmourne,288,warrior,arms,6,3,3
55959,Altron,icecrown,288,warrior,arms,6,3,3
55960,Fyle,stormrage,288,warrior,arms,6,3,3
55961,Reishera,stormrage,288,warrior,arms,6,3,3
55962,Gypsypsycho,stormrage,288,warrior,arms,6,3,3
55963,Trackhawk,moon-guard,288,warrior,arms,6,3,3
55964,Demetrïus,moon-guard,288,warrior,arms,6,3,3
55965,Allmotor,zuljin,288,warrior,arms,6,3,3
55966,Huffzo,tichondrius,288,warrior,arms,6,3,3
55967,Notawar,stormrage,288,warrior,arms,6,3,3
55968,Drugdilla,zuljin,288,warrior,arms,6,3,3
55969,Scanlan,dalvengyr,288,warrior,arms,6,3,3
55970,Ambevsgunnar,tichondrius,288,warrior,arms,6,3,3
55971,Wrèckingball,tichondrius,288,warrior,arms,6,3,3
55972,Boouuaakk,tichondrius,288,warrior,arms,6,3,3
55973,Valperion,frostmourne,288,warrior,arms,6,3,3
55974,Aalrua,moon-guard,288,warrior,arms,6,3,3
55975,Tulnaak,durotan,288,warrior,arms,6,3,3
55976,Hanginaround,zuluhed,288,warrior,arms,6,3,3
55977,Dolph,sargeras,288,warrior,arms,6,3,3
55978,Valför,ysera,288,warrior,arms,6,3,3
55979,Roidråge,area-52,288,warrior,arms,6,3,3
55980,Finnagnome,sargeras,288,warrior,arms,6,3,3
55981,Assmut,stormrage,288,warrior,arms,6,3,3
55982,Imperiial,stormrage,288,warrior,arms,6,3,3
55983,Davien,tichondrius,288,warrior,arms,6,3,3
55984,Ymìr,moon-guard,288,warrior,arms,6,3,3
55985,Poonoxo,gundrak,288,warrior,arms,6,3,3
55986,Yqoos,tichondrius,288,warrior,arms,6,3,3
55987,Spartanfury,tichondrius,288,warrior,arms,6,3,3
55988,Dunsker,stormrage,288,warrior,arms,6,3,3
55989,Cabelas,tichondrius,288,warrior,arms,6,3,3
55990,Siouxfall,area-52,288,warrior,arms,6,3,3
55991,Caalypso,stormrage,288,warrior,arms,6,3,3
55992,Jabakas,tichondrius,288,warrior,arms,6,3,3
55993,Jaens,quelthalas,288,warrior,arms,6,3,3
55994,Vurk,area-52,288,warrior,arms,6,3,3
55995,Topee,area-52,288,warrior,arms,6,3,3
55996,Wrekzor,zuljin,288,warrior,arms,6,3,3
55997,Hytonmi,moon-guard,288,warrior,arms,6,3,3
55998,Kushe,moon-guard,288,warrior,arms,6,3,3
55999,Tinylimbs,frostmourne,288,warrior,arms,6,3,3
56000,Nazakeen,tichondrius,288,warrior,arms,6,3,3
56001,Ibba,khazgoroth,288,warrior,arms,6,3,3
56002,Cheekclapps,tichondrius,288,warrior,arms,6,3,3
56003,Mittyroar,khazgoroth,288,warrior,arms,6,3,3
56004,Faywarsong,area-52,288,warrior,arms,6,3,3
56005,Sauceslinga,frostmourne,288,warrior,arms,6,3,3
56006,Fumzxy,frostmourne,288,warrior,arms,6,3,3
56007,Pummels,area-52,288,warrior,arms,6,3,3
56008,Warreeper,area-52,288,warrior,arms,6,3,3
56009,Flarkin,area-52,288,warrior,arms,6,3,3
56010,Yenør,stormrage,288,warrior,arms,6,3,3
56011,Brayven,area-52,288,warrior,arms,6,3,3
56012,Miarisa,moon-guard,288,warrior,arms,6,3,3
56013,Fregory,moon-guard,288,warrior,arms,6,3,3
56014,Småckêd,sargeras,288,warrior,arms,6,3,3
56015,Krïtzkreig,the-forgotten-coast,288,warrior,arms,6,3,3
56016,Rendron,frostmourne,288,warrior,arms,6,3,3
56017,Balela,sargeras,288,warrior,arms,6,3,3
56018,Akhinoz,area-52,288,warrior,arms,6,3,3
56019,Gorkrog,frostmourne,288,warrior,arms,6,3,3
56020,Temperament,area-52,288,warrior,arms,6,3,3
56021,Exiledwarz,area-52,288,warrior,arms,6,3,3
56022,Cpudemon,undermine,288,warrior,arms,6,3,3
56023,Larosfan,tichondrius,288,warrior,arms,6,3,3
56024,Readytoflee,moon-guard,288,warrior,arms,6,3,3
56025,Aggor,trollbane,288,warrior,arms,6,3,3
56026,Unhealbedam,area-52,288,warrior,arms,6,3,3
56027,Exequet,tichondrius,288,warrior,arms,6,3,3
56028,Magthor,warsong,288,warrior,arms,6,3,3
56029,Rageslayer,area-52,288,warrior,arms,9,4,5
56030,Maldre,stormrage,288,warrior,arms,9,4,5
56031,Metaphoric,stormrage,288,warrior,arms,9,4,5
56032,Oledcktwist,garrosh,288,warrior,arms,7,3,4
56033,Kwelve,proudmoore,288,warrior,arms,7,3,4
56034,Ohdang,dark-iron,288,warrior,arms,8,3,5
56035,Ennia,azralon,288,warrior,arms,9,3,6
56036,Shewar,ragnaros,288,warrior,arms,9,3,6
56037,Akil,ragnaros,288,warrior,arms,15,4,11
56038,Enzothebaker,thrall,288,warrior,arms,12,3,9
56039,Smashyu,fenris,288,warrior,arms,12,3,9
56040,Kaggorax,tichondrius,288,warrior,arms,12,3,9
56041,Ggodmyles,lightbringer,288,warrior,arms,12,3,9
56042,Nektar,aerie-peak,288,warrior,arms,12,3,9
56043,Mansin,tichondrius,288,warrior,arms,12,3,9
56044,Morgithia,suramar,288,warrior,arms,12,3,9
56045,Kintownhero,aegwynn,288,warrior,arms,12,3,9
56046,Valestrike,moon-guard,288,warrior,arms,12,3,9
56047,Geontage,drakkari,288,warrior,arms,12,3,9
56048,Guerreraa,ragnaros,288,warrior,arms,12,3,9
56049,Doomr,tichondrius,288,warrior,arms,12,3,9
56050,Minnysota,area-52,288,warrior,arms,12,3,9
56051,Kigo,azralon,288,warrior,arms,12,3,9
56052,Hozer,tichondrius,288,warrior,arms,12,3,9
56053,Porori,proudmoore,288,warrior,arms,12,3,9
56054,Aralla,area-52,288,warrior,arms,12,3,9
56055,Krunchal,terenas,288,warrior,arms,12,3,9
56056,Eightballerz,barthilas,288,warrior,arms,12,3,9
56057,Xdragonfirex,terenas,288,warrior,arms,12,3,9
56058,Wxxz,tichondrius,288,warrior,arms,12,3,9
56059,Mikeoxgreen,zuljin,288,warrior,arms,12,3,9
56060,Battleboxes,area-52,288,warrior,arms,12,3,9
56061,Grimthad,emerald-dream,288,warrior,arms,12,3,9
56062,Basingsei,area-52,288,warrior,arms,12,3,9
56063,Ggéz,stormrage,288,warrior,arms,12,3,9
56064,Enulimen,daggerspine,288,warrior,arms,12,3,9
56065,Âlecos,ragnaros,288,warrior,arms,12,3,9
56066,Teedubbs,antonidas,288,warrior,arms,12,3,9
56067,Alliancerulz,darrowmere,288,warrior,arms,12,3,9
56068,Luchonamøm,ragnaros,288,warrior,arms,12,3,9
56069,Kregnar,gundrak,288,warrior,arms,12,3,9
56070,Kierto,undermine,288,warrior,arms,12,3,9
56071,Sabini,nemesis,288,warrior,arms,12,3,9
56072,Extremist,nagrand,288,warrior,arms,12,3,9
56073,Kiillwar,smolderthorn,288,warrior,arms,12,3,9
56074,Aræn,sargeras,288,warrior,arms,12,3,9
56075,Hrl,tichondrius,288,warrior,arms,12,3,9
56076,Neltar,nagrand,288,warrior,arms,12,3,9
56077,Äisemberg,quelthalas,288,warrior,arms,12,3,9
56078,Staticego,dalaran,288,warrior,arms,12,3,9
56079,Paxyisbad,tichondrius,288,warrior,arms,12,3,9
56080,Snippy,garona,288,warrior,arms,12,3,9
56081,Erzawälkër,quelthalas,288,warrior,arms,12,3,9
56082,Roadpig,zuljin,288,warrior,arms,12,3,9
56083,Melancalli,thorium-brotherhood,288,warrior,arms,12,3,9
56084,Émerald,kilrogg,288,warrior,arms,12,3,9
56085,Smallraccoon,tichondrius,288,warrior,arms,12,3,9
56086,Kirikash,illidan,288,warrior,arms,12,3,9
56087,Glamen,moon-guard,288,warrior,arms,12,3,9
56088,Phargo,korgath,288,warrior,arms,12,3,9
56089,Zaeyr,tichondrius,288,warrior,arms,12,3,9
56090,Gnomas,destromath,288,warrior,arms,12,3,9
56091,Greenmachine,twisting-nether,288,warrior,arms,12,3,9
56092,Scrubzwarr,barthilas,288,warrior,arms,12,3,9
56093,Dablao,tichondrius,288,warrior,arms,12,3,9
56094,Mesw,illidan,288,warrior,arms,12,3,9
56095,Cönan,thunderhorn,288,warrior,arms,12,3,9
56096,Brütalize,wyrmrest-accord,288,warrior,arms,12,3,9
56097,Kero,malganis,288,warrior,arms,12,3,9
56098,Hellus,tichondrius,288,warrior,arms,12,3,9
56099,Legnar,malganis,288,warrior,arms,12,3,9
56100,Ichil,azshara,288,warrior,arms,12,3,9
56101,Nightwing,bleeding-hollow,288,warrior,arms,12,3,9
56102,Darthfaith,azgalor,288,warrior,arms,12,3,9
56103,Lowdopamine,tichondrius,288,warrior,arms,12,3,9
56104,Fupatwo,moon-guard,288,warrior,arms,12,3,9
56105,Slamspam,the-underbog,288,warrior,arms,13,3,10
56106,Mathilan,moon-guard,288,warrior,arms,18,3,15
56107,Castedien,quelthalas,288,warrior,arms,18,3,15
56108,Dorathorn,azralon,288,warrior,arms,18,3,15
56109,Khallell,illidan,288,warrior,arms,18,3,15
56110,Integrâl,tichondrius,288,warrior,arms,18,3,15
56111,Macbride,blackrock,288,warrior,arms,24,3,21
56112,Saintgeorge,thorium-brotherhood,287,warrior,arms,6,3,3
56113,Magtharas,dunemaul,287,warrior,arms,6,3,3
56114,Smashthings,area-52,287,warrior,arms,6,3,3
56115,Breinan,ragnaros,287,warrior,arms,6,3,3
56116,Yomaaln,blackrock,287,warrior,arms,6,3,3
56117,Noktarr,tichondrius,287,warrior,arms,9,4,5
56118,Brutekush,barthilas,287,warrior,arms,12,3,9
56119,Leosax,drakthul,287,warrior,arms,12,3,9
56120,Dekromm,tol-barad,287,warrior,arms,12,3,9
56121,Clayske,gurubashi,287,warrior,arms,12,3,9
56122,Borgosa,wyrmrest-accord,287,warrior,arms,18,3,15
56123,Morphexo,quelthalas,276,warrior,arms,20,6,14
56124,Zugbrained,zuljin,271,warrior,arms,11,3,8
56125,Vith,bleeding-hollow,271,warrior,arms,11,3,8
56126,Dazanor,moon-guard,271,warrior,arms,11,3,8
56127,Nooy,blackrock,271,warrior,arms,17,3,14
56128,Thorsën,sargeras,256,warrior,arms,8,4,4
56129,Zuckexe,illidan,256,warrior,arms,10,3,7
56130,Enelsita,sargeras,255,warrior,arms,8,4,4
56131,Tánktop,sargeras,255,warrior,arms,8,4,4
56132,Nècroxious,hellscream,255,warrior,arms,11,3,8
56133,Jowesley,azralon,255,warrior,arms,11,3,8
56134,Spicywagyu,tichondrius,255,warrior,arms,11,3,8
56135,Blksquadron,sargeras,253,warrior,arms,12,3,9
56136,Rametep,illidan,240,warrior,arms,9,3,6
56137,Likearock,thrall,239,warrior,arms,5,3,2
56138,Kalphok,tichondrius,239,warrior,arms,5,3,2
56139,Builtdif,zuljin,239,warrior,arms,5,3,2
56140,Omicripto,tichondrius,239,warrior,arms,5,3,2
56141,Hakén,tichondrius,239,warrior,arms,5,3,2
56142,Kholusia,kul-tiras,239,warrior,arms,5,3,2
56143,ßlitzxkreig,tichondrius,239,warrior,arms,5,3,2
56144,Busyguyw,kiljaeden,239,warrior,arms,5,3,2
56145,Benchpress,bleeding-hollow,223,warrior,arms,8,3,5
56146,Snikkles,frostmourne,223,warrior,arms,8,3,5
56147,Nayaqt,tichondrius,223,warrior,arms,8,3,5
56148,Nicked,azralon,223,warrior,arms,14,3,11
56149,Condemnd,area-52,207,warrior,arms,8,3,5
56150,Elyn,tichondrius,192,warrior,arms,4,3,1
56151,Wonderjack,akama,192,warrior,arms,4,3,1
56152,Stormfuhrer,stormrage,192,warrior,arms,4,3,1
56153,Porotitto,drakkari,192,warrior,arms,11,4,7
56154,Arianarkw,sargeras,192,warrior,arms,9,3,6
56155,Berru,bleeding-hollow,192,warrior,arms,9,3,6
56156,Cugino,tichondrius,192,warrior,arms,9,3,6
56157,Hurricán,tichondrius,192,warrior,arms,6,2,4
56158,Anabolicjim,frostmourne,192,warrior,arms,6,2,4
56159,Gangdamn,frostmourne,192,warrior,arms,6,2,4
56160,Superbest,tichondrius,192,warrior,arms,6,2,4
56161,Thiccthôt,frostmourne,192,warrior,arms,6,2,4
56162,Twinktop,tichondrius,192,warrior,arms,6,2,4
56163,Drtbag,tichondrius,192,warrior,arms,6,2,4
56164,Smokingops,frostmourne,192,warrior,arms,6,2,4
56165,Sosaalmigh,tichondrius,192,warrior,arms,6,2,4
56166,Passionjar,bleeding-hollow,192,warrior,arms,6,2,4
56167,Bjorgsen,frostmourne,192,warrior,arms,6,2,4
56168,Swolthelas,tichondrius,192,warrior,arms,6,2,4
56169,Jeffyd,bleeding-hollow,192,warrior,arms,6,2,4
56170,Bearlornan,frostmourne,192,warrior,arms,6,2,4
56171,Saabre,tichondrius,192,warrior,arms,6,2,4
56172,Earnhardt,tichondrius,192,warrior,arms,6,2,4
56173,Soldiër,proudmoore,192,warrior,arms,6,2,4
56174,Deldramor,proudmoore,192,warrior,arms,6,2,4
56175,Yeèzy,stormrage,192,warrior,arms,6,2,4
56176,Icebringer,frostmourne,192,warrior,arms,6,2,4
56177,Bubjones,anvilmar,192,warrior,arms,6,2,4
56178,Annubiis,tichondrius,192,warrior,arms,6,2,4
56179,Alphablade,frostmourne,192,warrior,arms,6,2,4
56180,Æxe,tichondrius,192,warrior,arms,6,2,4
56181,Girei,ghostlands,192,warrior,arms,6,2,4
56182,Hookahmasta,area-52,192,warrior,arms,6,2,4
56183,Burstful,bleeding-hollow,192,warrior,arms,6,2,4
56184,Stavsie,tichondrius,192,warrior,arms,6,2,4
56185,Thiccowman,area-52,192,warrior,arms,6,2,4
56186,Ningz,tichondrius,192,warrior,arms,6,2,4
56187,Hellabandz,bleeding-hollow,192,warrior,arms,6,2,4
56188,Orson,lothar,192,warrior,arms,6,2,4
56189,Deloum,tichondrius,192,warrior,arms,6,2,4
56190,Baynn,frostmourne,192,warrior,arms,6,2,4
56191,Lebs,frostmourne,192,warrior,arms,6,2,4
56192,Guanabacoa,area-52,192,warrior,arms,6,2,4
56193,Àyo,frostmourne,192,warrior,arms,6,2,4
56194,Lhariza,stormrage,192,warrior,arms,6,2,4
56195,Mututu,frostmourne,192,warrior,arms,6,2,4
56196,Creedmor,moon-guard,192,warrior,arms,6,2,4
56197,Negrus,sargeras,192,warrior,arms,6,2,4
56198,Nerffrogues,stormrage,192,warrior,arms,6,2,4
56199,Suavay,executus,192,warrior,arms,6,2,4
56200,Kvnñ,frostmourne,192,warrior,arms,6,2,4
56201,Çampbêll,area-52,192,warrior,arms,6,2,4
56202,Wakkawar,stormrage,192,warrior,arms,6,2,4
56203,Pookythebear,tichondrius,192,warrior,arms,6,2,4
56204,Shiestyzug,tichondrius,192,warrior,arms,6,2,4
56205,Stinkdog,khazgoroth,192,warrior,arms,6,2,4
56206,Tüssèll,khazgoroth,192,warrior,arms,6,2,4
56207,Trenbopanda,tichondrius,192,warrior,arms,6,2,4
56208,Zulex,dathremar,192,warrior,arms,6,2,4
56209,Tmgagexx,tichondrius,192,warrior,arms,6,2,4
56210,Saltycrakerz,area-52,192,warrior,arms,6,2,4
56211,Nordrages,stormrage,192,warrior,arms,6,2,4
56212,Chopmeat,ysera,192,warrior,arms,6,2,4
56213,Maxalyss,stormrage,192,warrior,arms,6,2,4
56214,Verwischen,zuljin,192,warrior,arms,6,2,4
56215,Hbbaboy,nagrand,192,warrior,arms,6,2,4
56216,Chapa,tichondrius,192,warrior,arms,6,2,4
56217,Kostikk,tichondrius,192,warrior,arms,6,2,4
56218,Fugmaface,sargeras,192,warrior,arms,6,2,4
56219,Chrizo,area-52,192,warrior,arms,6,2,4
56220,Jkasdfglkg,tichondrius,192,warrior,arms,6,2,4
56221,Mansaniwis,tichondrius,192,warrior,arms,6,2,4
56222,Tatro,tichondrius,192,warrior,arms,6,2,4
56223,Joelyyonerr,barthilas,192,warrior,arms,6,2,4
56224,Ychazz,stormrage,192,warrior,arms,6,2,4
56225,Chrysion,moon-guard,192,warrior,arms,6,2,4
56226,Revinth,sargeras,192,warrior,arms,6,2,4
56227,Mahknut,moon-guard,192,warrior,arms,6,2,4
56228,Freezyraw,zuljin,192,warrior,arms,6,2,4
56229,Gigglamesh,muradin,192,warrior,arms,6,2,4
56230,Playbox,area-52,192,warrior,arms,6,2,4
56231,Avansys,tichondrius,192,warrior,arms,6,2,4
56232,Minionz,tichondrius,192,warrior,arms,6,2,4
56233,Lazarenthus,stormrage,192,warrior,arms,6,2,4
56234,Oow,barthilas,192,warrior,arms,6,2,4
56235,Wildawar,tichondrius,192,warrior,arms,6,2,4
56236,Fùzzy,zuluhed,192,warrior,arms,6,2,4
56237,Rassius,sargeras,192,warrior,arms,6,2,4
56238,Dahakawar,malganis,192,warrior,arms,6,2,4
56239,Gtrain,barthilas,192,warrior,arms,6,2,4
56240,Wooglinx,stormrage,192,warrior,arms,6,2,4
56241,Scrubwarrior,black-dragonflight,192,warrior,arms,6,2,4
56242,Surge,eredar,192,warrior,arms,6,2,4
56243,Blackzone,lethon,192,warrior,arms,6,2,4
56244,Guroku,tichondrius,192,warrior,arms,6,2,4
56245,Derr,tichondrius,192,warrior,arms,6,2,4
56246,Stormbadge,tichondrius,192,warrior,arms,6,2,4
56247,Vamsx,barthilas,192,warrior,arms,6,2,4
56248,Hawaiianko,guldan,192,warrior,arms,6,2,4
56249,Fealix,moon-guard,192,warrior,arms,6,2,4
56250,Disturbed,velen,192,warrior,arms,6,2,4
56251,Flexo,moon-guard,192,warrior,arms,6,2,4
56252,Bradic,bladefist,192,warrior,arms,6,2,4
56253,Kraff,tichondrius,192,warrior,arms,6,2,4
56254,Airolol,tichondrius,192,warrior,arms,6,2,4
56255,Overlordz,azralon,192,warrior,arms,6,2,4
56256,Tanksbad,lightnings-blade,192,warrior,arms,6,2,4
56257,Lopotron,sargeras,192,warrior,arms,6,2,4
56258,Adonis,burning-blade,192,warrior,arms,6,2,4
56259,Rekshor,wyrmrest-accord,192,warrior,arms,6,2,4
56260,Dalmor,stormrage,192,warrior,arms,6,2,4
56261,Squonks,kelthuzad,192,warrior,arms,6,2,4
56262,ßabybeef,azralon,192,warrior,arms,6,2,4
56263,Noblêsix,dalaran,192,warrior,arms,6,2,4
56264,Shrexecute,tichondrius,192,warrior,arms,6,2,4
56265,Rendus,hyjal,192,warrior,arms,6,2,4
56266,Bogii,area-52,192,warrior,arms,6,2,4
56267,Uldrath,hyjal,192,warrior,arms,6,2,4
56268,Bbyzugga,kelthuzad,192,warrior,arms,6,2,4
56269,Agoge,stormrage,192,warrior,arms,6,2,4
56270,Lgnasty,area-52,192,warrior,arms,6,2,4
56271,Fäey,dalaran,192,warrior,arms,6,2,4
56272,Donni,kelthuzad,192,warrior,arms,6,2,4
56273,Pippysmallz,tichondrius,192,warrior,arms,6,2,4
56274,Hitokïri,stormrage,192,warrior,arms,6,2,4
56275,Kiladrew,korgath,192,warrior,arms,6,2,4
56276,Berserkchow,sargeras,192,warrior,arms,6,2,4
56277,Dreadworld,bleeding-hollow,192,warrior,arms,6,2,4
56278,Tinykong,zuljin,192,warrior,arms,6,2,4
56279,Kuthero,bonechewer,192,warrior,arms,6,2,4
56280,Frankal,aegwynn,192,warrior,arms,6,2,4
56281,Dustiezi,stormrage,192,warrior,arms,6,2,4
56282,Jessicajinn,illidan,192,warrior,arms,6,2,4
56283,Ronipastrami,kelthuzad,192,warrior,arms,6,2,4
56284,Stromkiller,stormrage,192,warrior,arms,6,2,4
56285,Smeshyou,kelthuzad,192,warrior,arms,6,2,4
56286,Moosoka,malorne,192,warrior,arms,6,2,4
56287,Tnknspnk,stormrage,192,warrior,arms,6,2,4
56288,Beilian,quelthalas,192,warrior,arms,6,2,4
56289,Kratøz,tichondrius,192,warrior,arms,6,2,4
56290,Khaellanax,azralon,192,warrior,arms,6,2,4
56291,Daechoochoo,frostwolf,192,warrior,arms,6,2,4
56292,Padregordo,stormrage,192,warrior,arms,6,2,4
56293,Pép,malganis,192,warrior,arms,6,2,4
56294,Berario,garrosh,192,warrior,arms,6,2,4
56295,Flyaf,illidan,192,warrior,arms,6,2,4
56296,Rambð,illidan,192,warrior,arms,6,2,4
56297,Beirdo,aegwynn,192,warrior,arms,6,2,4
56298,Berserkur,daggerspine,192,warrior,arms,6,2,4
56299,Bonetotem,azralon,192,warrior,arms,6,2,4
56300,Braxxinn,tichondrius,192,warrior,arms,6,2,4
56301,Skalvi,moon-guard,192,warrior,arms,6,2,4
56302,Pollere,firetree,192,warrior,arms,6,2,4
56303,Oneeyewille,sargeras,192,warrior,arms,6,2,4
56304,Sylvannlee,tichondrius,192,warrior,arms,6,2,4
56305,Hildibrawn,stormrage,192,warrior,arms,6,2,4
56306,Chuck,zangarmarsh,192,warrior,arms,6,2,4
56307,Tormite,spirestone,192,warrior,arms,6,2,4
56308,Zekken,blades-edge,192,warrior,arms,6,2,4
56309,Eurthx,lightbringer,192,warrior,arms,6,2,4
56310,Digitalfear,malganis,192,warrior,arms,6,2,4
56311,Kvoth,bleeding-hollow,192,warrior,arms,6,2,4
56312,Helminth,kirin-tor,192,warrior,arms,6,2,4
56313,Dodiru,azralon,192,warrior,arms,6,2,4
56314,Valky,sargeras,192,warrior,arms,6,2,4
56315,Slamzftw,stormreaver,192,warrior,arms,6,2,4
56316,Rí,moon-guard,192,warrior,arms,6,2,4
56317,Pisagnòmos,quelthalas,192,warrior,arms,6,2,4
56318,Primørdíal,tichondrius,192,warrior,arms,6,2,4
56319,Titanwarr,malganis,192,warrior,arms,6,2,4
56320,Annihilataur,blackhand,192,warrior,arms,6,2,4
56321,Sypii,malganis,192,warrior,arms,6,2,4
56322,Warcryof,illidan,192,warrior,arms,6,2,4
56323,Iapologiz,illidan,192,warrior,arms,6,2,4
56324,Chura,kiljaeden,192,warrior,arms,6,2,4
56325,Tokushima,illidan,192,warrior,arms,6,2,4
56326,Flakesskillz,darkspear,192,warrior,arms,6,2,4
56327,Risr,illidan,192,warrior,arms,6,2,4
56328,Stebe,thunderlord,192,warrior,arms,6,2,4
56329,Befòx,tichondrius,192,warrior,arms,6,2,4
56330,Danskmand,tichondrius,192,warrior,arms,6,2,4
56331,Tearadis,thunderlord,192,warrior,arms,6,2,4
56332,Dagorine,eredar,192,warrior,arms,6,2,4
56333,Alppha,emerald-dream,192,warrior,arms,6,2,4
56334,Dayafter,queldorei,192,warrior,arms,6,2,4
56335,Tarkvs,ragnaros,192,warrior,arms,6,2,4
56336,Focalabbys,illidan,192,warrior,arms,6,2,4
56337,Corazondleón,ragnaros,192,warrior,arms,6,2,4
56338,Kinaed,durotan,192,warrior,arms,6,2,4
56339,Maleficous,tol-barad,192,warrior,arms,6,2,4
56340,Comic,malganis,192,warrior,arms,6,2,4
56341,Endlesskilla,destromath,192,warrior,arms,6,2,4
56342,Uprisèn,illidan,192,warrior,arms,6,2,4
56343,Immadropyou,malganis,192,warrior,arms,6,2,4
56344,Jírky,ragnaros,192,warrior,arms,6,2,4
56345,Xurug,zuljin,192,warrior,arms,6,2,4
56346,Ggrone,ragnaros,192,warrior,arms,6,2,4
56347,Jéshka,wyrmrest-accord,192,warrior,arms,6,2,4
56348,Deicide,quelthalas,192,warrior,arms,6,2,4
56349,Alitalia,thunderlord,192,warrior,arms,6,2,4
56350,Spaceshuttle,bleeding-hollow,192,warrior,arms,6,2,4
56351,Hellizzy,sargeras,192,warrior,arms,6,2,4
56352,Åmowarr,illidan,192,warrior,arms,6,2,4
56353,Orphenkaos,bleeding-hollow,192,warrior,arms,6,2,4
56354,Negrolas,nemesis,192,warrior,arms,6,2,4
56355,Eravor,quelthalas,192,warrior,arms,6,2,4
56356,Riggs,stonemaul,192,warrior,arms,6,2,4
56357,Aquaknight,tortheldrin,192,warrior,arms,6,2,4
56358,Tyzana,illidan,192,warrior,arms,6,2,4
56359,Troyana,azralon,192,warrior,arms,6,2,4
56360,Draimän,ragnaros,192,warrior,arms,6,2,4
56361,Zerríck,moon-guard,192,warrior,arms,6,2,4
56362,Vegr,queldorei,192,warrior,arms,6,2,4
56363,Pandemonio,burning-legion,192,warrior,arms,6,2,4
56364,Fetalalcohol,illidan,192,warrior,arms,6,2,4
56365,Elegorn,nemesis,192,warrior,arms,6,2,4
56366,Zabutay,quelthalas,192,warrior,arms,6,2,4
56367,Soulmerc,turalyon,192,warrior,arms,6,2,4
56368,Oðín,emerald-dream,192,warrior,arms,6,2,4
56369,Donpepe,sargeras,192,warrior,arms,6,2,4
56370,Kreits,drakkari,192,warrior,arms,6,2,4
56371,Karlsabad,medivh,192,warrior,arms,6,2,4
56372,Gageoddord,kiljaeden,192,warrior,arms,6,2,4
56373,Eleenoor,drakkari,192,warrior,arms,6,2,4
56374,Trouz,ragnaros,192,warrior,arms,6,2,4
56375,Yeicomoon,ragnaros,192,warrior,arms,6,2,4
56376,Papichoppyme,bleeding-hollow,192,warrior,arms,6,2,4
56377,Orcly,kilrogg,192,warrior,arms,6,2,4
56378,Pendrake,proudmoore,192,warrior,arms,6,2,4
56379,Toscö,quelthalas,192,warrior,arms,6,2,4
56380,Arbitraiter,whisperwind,192,warrior,arms,6,2,4
56381,Thresdan,emerald-dream,192,warrior,arms,6,2,4
56382,Xaviorn,illidan,192,warrior,arms,6,2,4
56383,Düde,whisperwind,192,warrior,arms,6,2,4
56384,Taigola,aggramar,192,warrior,arms,6,2,4
56385,Paletona,emerald-dream,192,warrior,arms,6,2,4
56386,Tobiwan,ragnaros,192,warrior,arms,6,2,4
56387,Tonytonychop,chogall,192,warrior,arms,6,2,4
56388,Stellabear,aggramar,192,warrior,arms,6,2,4
56389,Warkaiser,ragnaros,192,warrior,arms,6,2,4
56390,Wl,ragnaros,192,warrior,arms,6,2,4
56391,Lavablood,moon-guard,192,warrior,arms,6,2,4
56392,Bs,kiljaeden,192,warrior,arms,6,2,4
56393,Mongofiera,quelthalas,192,warrior,arms,6,2,4
56394,Obama,chogall,192,warrior,arms,6,2,4
56395,Ralf,emerald-dream,192,warrior,arms,6,2,4
56396,Akaínu,area-52,192,warrior,arms,6,2,4
56397,Gátzú,ragnaros,192,warrior,arms,6,2,4
56398,Mochigome,moon-guard,192,warrior,arms,6,2,4
56399,Brenrainn,thrall,192,warrior,arms,6,2,4
56400,Xtrego,quelthalas,192,warrior,arms,6,2,4
56401,Lokgur,gallywix,192,warrior,arms,6,2,4
56402,Fabszord,nemesis,192,warrior,arms,6,2,4
56403,Hagger,quelthalas,192,warrior,arms,6,2,4
56404,Irondefense,thrall,192,warrior,arms,6,2,4
56405,Armsracê,zuljin,192,warrior,arms,6,2,4
56406,Raldoron,thrall,192,warrior,arms,6,2,4
56407,Ravager,ragnaros,192,warrior,arms,6,2,4
56408,Tnknspnk,magtheridon,192,warrior,arms,6,2,4
56409,Jakelope,proudmoore,192,warrior,arms,6,2,4
56410,Sinenrs,tichondrius,192,warrior,arms,8,2,6
56411,Rexsi,korgath,192,warrior,arms,9,2,7
56412,Xavíerus,tichondrius,192,warrior,arms,9,2,7
56413,Hiddensquids,laughing-skull,192,warrior,arms,11,2,9
56414,Hugezs,tichondrius,192,warrior,arms,12,2,10
56415,Jiva,emerald-dream,192,warrior,arms,12,2,10
56416,Item,nerzhul,192,warrior,arms,12,2,10
56417,Avondwella,undermine,192,warrior,arms,12,2,10
56418,Cleaver,draka,192,warrior,arms,12,2,10
56419,Twoironfist,azralon,192,warrior,arms,12,2,10
56420,Jsl,tichondrius,192,warrior,arms,12,2,10
56421,Gouzizhang,proudmoore,192,warrior,arms,12,2,10
56422,Haruq,tichondrius,192,warrior,arms,12,2,10
56423,Ohhgeekush,proudmoore,192,warrior,arms,12,2,10
56424,Aymadommy,illidan,192,warrior,arms,12,2,10
56425,Kurzix,crushridge,192,warrior,arms,12,2,10
56426,Bronkyaf,hyjal,192,warrior,arms,12,2,10
56427,Mokthar,barthilas,192,warrior,arms,12,2,10
56428,Spårtacus,illidan,192,warrior,arms,12,2,10
56429,Hellswine,barthilas,192,warrior,arms,12,2,10
56430,Arktoast,tichondrius,192,warrior,arms,12,2,10
56431,Arthurston,tichondrius,192,warrior,arms,12,2,10
56432,Shaffer,bleeding-hollow,192,warrior,arms,12,2,10
56433,Léonwow,tichondrius,192,warrior,arms,12,2,10
56434,Loktaromoose,frostmourne,192,warrior,arms,12,2,10
56435,Erwin,kiljaeden,192,warrior,arms,12,2,10
56436,Pennyonebutt,barthilas,192,warrior,arms,12,2,10
56437,Loveliuna,illidan,192,warrior,arms,12,2,10
56438,Strongboii,tichondrius,192,warrior,arms,12,2,10
56439,Jhalakni,quelthalas,192,warrior,arms,12,2,10
56440,Goretooth,moon-guard,192,warrior,arms,12,2,10
56441,Warmachîne,area-52,192,warrior,arms,12,2,10
56442,Annyan,ragnaros,192,warrior,arms,12,2,10
56443,Gambii,moon-guard,192,warrior,arms,12,2,10
56444,Bearyfresh,area-52,192,warrior,arms,12,2,10
56445,Råging,area-52,192,warrior,arms,12,2,10
56446,Zaxxry,malganis,192,warrior,arms,12,2,10
56447,Alvitr,kelthuzad,192,warrior,arms,12,2,10
56448,Lawlstørm,stormrage,192,warrior,arms,12,2,10
56449,Falcmore,stormrage,192,warrior,arms,12,2,10
56450,Connero,stormrage,192,warrior,arms,12,2,10
56451,Lawyer,quelthalas,192,warrior,arms,12,2,10
56452,Brutaltruth,dragonmaw,192,warrior,arms,12,2,10
56453,Gornal,sargeras,192,warrior,arms,12,2,10
56454,Ragekilla,silvermoon,192,warrior,arms,12,2,10
56455,Warhoofz,malganis,192,warrior,arms,12,2,10
56456,Bigwarrior,stonemaul,192,warrior,arms,13,2,11
56457,Fallensoul,nazjatar,192,warrior,arms,14,2,12
56458,Schecterguy,stormrage,192,warrior,arms,14,2,12
56459,Krátös,farstriders,191,warrior,arms,6,2,4
56460,Blackkcow,zuljin,191,warrior,arms,6,2,4
56461,Deathhit,barthilas,191,warrior,arms,6,2,4
56462,Hazell,gundrak,191,warrior,arms,6,2,4
56463,Edrelang,bronzebeard,191,warrior,arms,6,2,4
56464,Bunedau,azgalor,191,warrior,arms,12,2,10
56465,Berserko,gurubashi,175,warrior,arms,9,4,5
56466,Hornsolo,archimonde,175,warrior,arms,11,2,9
56467,Hemmy,kilrogg,175,warrior,arms,11,2,9
56468,Ybsorc,kelthuzad,160,warrior,arms,10,2,8
56469,Gontore,thrall,159,warrior,arms,5,2,3
56470,Swordblood,ragnaros,159,warrior,arms,5,2,3
56471,Wyerlyn,illidan,159,warrior,arms,5,2,3
56472,Notoriousmmà,illidan,159,warrior,arms,5,2,3
56473,Rutroo,kelthuzad,159,warrior,arms,5,2,3
56474,Kellsbro,hyjal,159,warrior,arms,5,2,3
56475,Vapyr,moon-guard,159,warrior,arms,5,2,3
56476,Sheerwill,wyrmrest-accord,159,warrior,arms,8,3,5
56477,Eatscrayons,barthilas,159,warrior,arms,11,2,9
56478,Czartacus,dalaran,144,warrior,arms,3,3,0
56479,Liftedgainz,stormreaver,144,warrior,arms,3,3,0
56480,Chawboks,sargeras,144,warrior,arms,9,2,7
56481,Fatbarstard,jubeithos,138,warrior,arms,16,3,13
56482,Scottie,cairne,136,warrior,arms,7,3,4
56483,Stunahh,bleeding-hollow,128,warrior,arms,4,2,2
56484,Nosors,kelthuzad,128,warrior,arms,4,2,2
56485,Clarityw,illidan,128,warrior,arms,4,2,2
56486,Rageface,illidan,128,warrior,arms,4,2,2
56487,Captnplague,mugthol,128,warrior,arms,5,2,3
56488,Eatmyblade,wyrmrest-accord,128,warrior,arms,10,2,8
56489,Suhwoosh,bleeding-hollow,105,warrior,arms,16,5,11
56490,Ryuulion,proudmoore,96,warrior,arms,3,2,1
56491,Kevs,sargeras,96,warrior,arms,3,2,1
56492,Shoresy,korgath,96,warrior,arms,3,2,1
56493,Biggieth,sargeras,96,warrior,arms,9,2,7
56494,Galaxywar,stormrage,96,warrior,arms,6,1,5
56495,Rambovix,tichondrius,96,warrior,arms,6,1,5
56496,Droggo,cenarius,96,warrior,arms,6,1,5
56497,Cursedogre,tichondrius,96,warrior,arms,6,1,5
56498,Bootysmelly,mannoroth,96,warrior,arms,6,1,5
56499,Abaton,wyrmrest-accord,96,warrior,arms,6,1,5
56500,Thiccsmith,blackrock,96,warrior,arms,6,1,5
56501,Pyraei,nordrassil,96,warrior,arms,6,1,5
56502,Arkenon,drakkari,96,warrior,arms,6,1,5
56503,Beenbag,aerie-peak,96,warrior,arms,6,1,5
56504,Ghostierip,illidan,96,warrior,arms,6,1,5
56505,Facekilla,nordrassil,96,warrior,arms,6,1,5
56506,Brujas,blackrock,96,warrior,arms,6,1,5
56507,Slöppyjoe,blackrock,96,warrior,arms,6,1,5
56508,Meleth,darkspear,96,warrior,arms,6,1,5
56509,Glonzito,tichondrius,96,warrior,arms,6,1,5
56510,Wienertoes,tichondrius,96,warrior,arms,6,1,5
56511,Jazz,frostwolf,96,warrior,arms,6,1,5
56512,Glurg,illidan,96,warrior,arms,6,1,5
56513,Joetempest,azralon,96,warrior,arms,6,1,5
56514,Klobnslob,mannoroth,96,warrior,arms,6,1,5
56515,Uub,malganis,96,warrior,arms,6,1,5
56516,Skärz,azshara,96,warrior,arms,6,1,5
56517,Shelbyqt,azralon,96,warrior,arms,6,1,5
56518,Ivadell,stormrage,96,warrior,arms,6,1,5
56519,Nibones,malganis,96,warrior,arms,6,1,5
56520,Warbomb,thrall,96,warrior,arms,6,1,5
56521,Noctrelor,sargeras,96,warrior,arms,6,1,5
56522,Hergo,spirestone,96,warrior,arms,6,1,5
56523,Warrmachine,scarlet-crusade,96,warrior,arms,6,1,5
56524,Berawar,tichondrius,96,warrior,arms,6,1,5
56525,Horahloux,ragnaros,96,warrior,arms,6,1,5
56526,Heyzulnut,whisperwind,96,warrior,arms,6,1,5
56527,Hadrum,turalyon,96,warrior,arms,6,1,5
56528,Gromhell,azralon,96,warrior,arms,6,1,5
56529,Warsung,azgalor,96,warrior,arms,6,1,5
56530,Kboyrage,sargeras,96,warrior,arms,6,1,5
56531,Jennatolls,boulderfist,96,warrior,arms,6,1,5
56532,Razgorkul,illidan,96,warrior,arms,6,1,5
56533,Darkromel,quelthalas,96,warrior,arms,6,1,5
56534,Didgeridoo,stormrage,96,warrior,arms,6,1,5
56535,Grosjambes,turalyon,96,warrior,arms,6,1,5
56536,Wàrrðèémzý,frostmourne,96,warrior,arms,6,1,5
56537,Jimhoffa,bonechewer,96,warrior,arms,6,1,5
56538,Kåyotix,proudmoore,96,warrior,arms,6,1,5
56539,Jimpepega,quelthalas,96,warrior,arms,6,1,5
56540,Shagstrike,azralon,96,warrior,arms,6,1,5
56541,Okgotchax,kelthuzad,96,warrior,arms,6,1,5
56542,Soughloe,illidan,96,warrior,arms,6,1,5
56543,Däger,ragnaros,96,warrior,arms,6,1,5
56544,Goywarr,illidan,96,warrior,arms,6,1,5
56545,Einoch,stormrage,96,warrior,arms,6,1,5
56546,Blitzkrieegz,drakkari,96,warrior,arms,6,1,5
56547,Gärroshh,ragnaros,96,warrior,arms,6,1,5
56548,Doriax,sentinels,96,warrior,arms,6,1,5
56549,Olavson,proudmoore,96,warrior,arms,6,1,5
56550,Cainne,proudmoore,96,warrior,arms,6,1,5
56551,Airwick,kelthuzad,96,warrior,arms,6,1,5
56552,Chubw,tichondrius,96,warrior,arms,6,1,5
56553,Sweetlove,akama,96,warrior,arms,6,1,5
56554,Sver,dalaran,96,warrior,arms,6,1,5
56555,Keynlor,antonidas,96,warrior,arms,6,1,5
56556,Mezw,tichondrius,96,warrior,arms,6,1,5
56557,Blazeblade,cenarius,96,warrior,arms,6,1,5
56558,Smoogzz,tichondrius,96,warrior,arms,6,1,5
56559,Kargan,thrall,96,warrior,arms,6,1,5
56560,Nicrose,hyjal,96,warrior,arms,6,1,5
56561,Gordurin,akama,96,warrior,arms,6,1,5
56562,Mikachero,ragnaros,96,warrior,arms,6,1,5
56563,Nukefrmorbit,dalaran,96,warrior,arms,6,1,5
56564,Aotha,moon-guard,96,warrior,arms,6,1,5
56565,Edariana,dalaran,96,warrior,arms,6,1,5
56566,Dogmar,moon-guard,96,warrior,arms,6,1,5
56567,Dezeran,tichondrius,96,warrior,arms,6,1,5
56568,Xeno,steamwheedle-cartel,96,warrior,arms,6,1,5
56569,Funsize,dalaran,96,warrior,arms,6,1,5
56570,Notacop,malygos,96,warrior,arms,6,1,5
56571,Genesisblade,illidan,96,warrior,arms,6,1,5
56572,Elodié,stormrage,96,warrior,arms,6,1,5
56573,Erhue,sargeras,96,warrior,arms,6,1,5
56574,Immortal,icecrown,96,warrior,arms,6,1,5
56575,Zépileque,azralon,96,warrior,arms,6,1,5
56576,Draann,kirin-tor,96,warrior,arms,6,1,5
56577,Beastro,rexxar,96,warrior,arms,6,1,5
56578,Shuffle,velen,96,warrior,arms,6,1,5
56579,Kado,zuluhed,96,warrior,arms,6,1,5
56580,Regax,thrall,96,warrior,arms,6,1,5
56581,Hellamoist,tichondrius,96,warrior,arms,6,1,5
56582,Targha,tichondrius,96,warrior,arms,6,1,5
56583,Nyaner,quelthalas,96,warrior,arms,6,1,5
56584,Tfd,tichondrius,96,warrior,arms,6,1,5
56585,Bhuppzz,barthilas,96,warrior,arms,6,1,5
56586,Wäkko,stormrage,96,warrior,arms,6,1,5
56587,Tangö,barthilas,96,warrior,arms,6,1,5
56588,Soymong,frostmourne,96,warrior,arms,6,1,5
56589,Durseyturm,area-52,96,warrior,arms,6,1,5
56590,Flexxinpapi,exodar,96,warrior,arms,6,1,5
56591,Fréäkk,ragnaros,96,warrior,arms,6,1,5
56592,Nelfmoehawk,barthilas,96,warrior,arms,6,1,5
56593,Cindabotica,sargeras,96,warrior,arms,6,1,5
56594,Roxesc,area-52,96,warrior,arms,6,1,5
56595,Braygar,barthilas,96,warrior,arms,6,1,5
56596,Mortalbtw,tichondrius,96,warrior,arms,6,1,5
56597,Jpiece,tichondrius,96,warrior,arms,6,1,5
56598,Shadowswar,tichondrius,96,warrior,arms,6,1,5
56599,Felwariorkig,tichondrius,96,warrior,arms,6,1,5
56600,Meytuglin,stormrage,96,warrior,arms,6,1,5
56601,Ghaladir,area-52,96,warrior,arms,6,1,5
56602,Codey,stormrage,96,warrior,arms,6,1,5
56603,Wartrué,tichondrius,96,warrior,arms,6,1,5
56604,Lifaen,zangarmarsh,96,warrior,arms,6,1,5
56605,Silverdeadl,ragnaros,96,warrior,arms,6,1,5
56606,Warstun,tichondrius,96,warrior,arms,6,1,5
56607,Brigandier,shattered-hand,96,warrior,arms,6,1,5
56608,Bobisyourmom,tichondrius,96,warrior,arms,6,1,5
56609,Kevinersaa,frostmourne,96,warrior,arms,6,1,5
56610,Faintswar,stormrage,96,warrior,arms,6,1,5
56611,Rarityw,tichondrius,96,warrior,arms,6,1,5
56612,Yongvi,tichondrius,96,warrior,arms,6,1,5
56613,Betsisword,stormrage,96,warrior,arms,6,1,5
56614,Solsirrior,tichondrius,96,warrior,arms,6,1,5
56615,Vhagaar,emerald-dream,96,warrior,arms,6,1,5
56616,Xalë,tichondrius,96,warrior,arms,6,1,5
56617,Rage,tanaris,96,warrior,arms,6,1,5
56618,Lildam,sargeras,96,warrior,arms,6,1,5
56619,Talunus,tichondrius,96,warrior,arms,6,1,5
56620,Odiiragda,sargeras,96,warrior,arms,6,1,5
56621,Atomicboxer,tichondrius,96,warrior,arms,6,1,5
56622,Blacken,tichondrius,96,warrior,arms,6,1,5
56623,Morotak,area-52,96,warrior,arms,6,1,5
56624,Maxtavius,baelgun,96,warrior,arms,6,1,5
56625,Sosaw,moon-guard,96,warrior,arms,6,1,5
56626,Áres,spinebreaker,96,warrior,arms,6,1,5
56627,Racsorr,ragnaros,96,warrior,arms,6,1,5
56628,Bestgrunt,tichondrius,96,warrior,arms,6,1,5
56629,Dikesrus,tichondrius,96,warrior,arms,6,1,5
56630,Paveyourcave,sargeras,96,warrior,arms,6,1,5
56631,Deathislovê,moonrunner,96,warrior,arms,6,1,5
56632,Striphex,trollbane,96,warrior,arms,6,1,5
56633,Dragginball,garrosh,96,warrior,arms,6,1,5
56634,Wolurog,emerald-dream,96,warrior,arms,6,1,5
56635,Morlu,alleria,96,warrior,arms,6,1,5
56636,Aidenwr,area-52,96,warrior,arms,6,1,5
56637,Rogswar,sargeras,96,warrior,arms,6,1,5
56638,Släughter,zuljin,96,warrior,arms,6,1,5
56639,Fidelwar,bleeding-hollow,96,warrior,arms,6,1,5
56640,Luckstang,zuljin,96,warrior,arms,6,1,5
56641,Akoro,bleeding-hollow,96,warrior,arms,6,1,5
56642,Ästen,kargath,96,warrior,arms,6,1,5
56643,Vitalocity,frostmourne,96,warrior,arms,6,1,5
56644,Weechubber,bleeding-hollow,96,warrior,arms,6,1,5
56645,Zørg,bleeding-hollow,96,warrior,arms,6,1,5
56646,Angryorc,norgannon,96,warrior,arms,6,1,5
56647,Myc,zuljin,96,warrior,arms,6,1,5
56648,Dokoba,bleeding-hollow,96,warrior,arms,6,1,5
56649,Orcboic,area-52,96,warrior,arms,6,1,5
56650,Larrybiscuit,moon-guard,96,warrior,arms,6,1,5
56651,Selockclap,bleeding-hollow,96,warrior,arms,6,1,5
56652,Icé,bleeding-hollow,96,warrior,arms,6,1,5
56653,Cloudsmash,arthas,96,warrior,arms,6,1,5
56654,Tgnomeless,gilneas,96,warrior,arms,6,1,5
56655,Adav,arthas,96,warrior,arms,6,1,5
56656,Äléx,frostmourne,96,warrior,arms,7,1,6
56657,Sangettsu,stormrage,96,warrior,arms,8,1,7
56658,Maat,blood-furnace,96,warrior,arms,8,1,7
56659,Ruinsteel,area-52,96,warrior,arms,8,1,7
56660,Ogrimir,moon-guard,96,warrior,arms,9,1,8
56661,Meelehard,zuljin,96,warrior,arms,12,1,11
56662,Odyssey,vashj,96,warrior,arms,12,1,11
56663,Hazzak,quelthalas,96,warrior,arms,12,1,11
56664,Tyronê,moon-guard,96,warrior,arms,12,1,11
56665,Morkep,stormrage,96,warrior,arms,12,1,11
56666,Bigbouba,jubeithos,96,warrior,arms,12,1,11
56667,Cartou,stormscale,96,warrior,arms,12,1,11
56668,Wmuuzh,quelthalas,96,warrior,arms,12,1,11
56669,Drarn,norgannon,96,warrior,arms,12,1,11
56670,Honoriowar,nemesis,96,warrior,arms,12,1,11
56671,Berzerk,dentarg,96,warrior,arms,12,1,11
56672,Baozz,frostmourne,96,warrior,arms,12,1,11
56673,Njalulfhild,korgath,96,warrior,arms,12,1,11
56674,Falkur,amanthul,96,warrior,arms,12,1,11
56675,Babyfelix,tichondrius,96,warrior,arms,12,1,11
56676,Bushwook,emerald-dream,96,warrior,arms,12,1,11
56677,Psykd,arathor,79,warrior,arms,5,1,4
56678,Stackws,tichondrius,79,warrior,arms,5,1,4
56679,Rokmok,frostmane,79,warrior,arms,5,1,4
56680,Roxon,hellscream,79,warrior,arms,5,1,4
56681,Savagetko,illidan,79,warrior,arms,5,1,4
56682,Naindejardin,sargeras,79,warrior,arms,5,1,4
56683,Keringan,stormrage,79,warrior,arms,5,1,4
56684,Hexenwolf,moon-guard,79,warrior,arms,5,1,4
56685,Smashpatatas,proudmoore,64,warrior,arms,4,1,3
56686,Garrossh,thunderhorn,64,warrior,arms,4,1,3
56687,Sniperbeer,sargeras,64,warrior,arms,4,1,3
56688,Boorabill,stormrage,63,warrior,arms,2,2,0
56689,Kothal,thrall,63,warrior,arms,2,2,0
56690,Anvil,bronzebeard,63,warrior,arms,2,2,0
56691,Mauboro,azralon,48,warrior,arms,3,1,2
56692,Åcé,ragnaros,48,warrior,arms,3,1,2
56693,Critnectar,aggramar,48,warrior,arms,3,1,2
56694,Foldrak,quelthalas,48,warrior,arms,3,1,2
56695,Haveya,ghostlands,48,warrior,arms,3,1,2
56696,Thewarrior,tichondrius,48,warrior,arms,3,1,2
56697,Warriorba,tichondrius,48,warrior,arms,3,1,2
56698,Boyarde,tichondrius,48,warrior,arms,3,1,2
56699,Rumka,draktharon,42,warrior,arms,6,2,4
56700,Reignwolf,azralon,42,warrior,arms,7,2,5
56701,Ghostkin,ragnaros,42,warrior,arms,7,2,5
56702,Trôca,ragnaros,42,warrior,arms,8,2,6
56703,Mantiflash,stormrage,31,warrior,arms,2,1,1
56704,Flus,zuljin,31,warrior,arms,2,1,1
56705,Billy,area-52,31,warrior,arms,2,1,1
56706,Flandiz,sargeras,31,warrior,arms,2,1,1
56707,Hexmaul,zuljin,31,warrior,arms,2,1,1
56708,Goodidea,mannoroth,16,warrior,arms,1,1,0
56709,Shwutty,stormrage,16,warrior,arms,1,1,0
56710,Americanbull,moon-guard,1399,warrior,protection,80,41,39
56711,Percaderp,barthilas,1242,warrior,protection,33,18,15
56712,Graventhal,tichondrius,1192,warrior,protection,53,25,28
56713,Thororan,whisperwind,845,warrior,protection,27,10,17
56714,Appolyonn,hyjal,836,warrior,protection,43,17,26
56715,Logan,twisting-nether,705,warrior,protection,44,12,32
56716,Nansitao,kelthuzad,668,warrior,protection,24,7,17
56717,Smelldrglove,frostmourne,592,warrior,protection,25,9,16
56718,Ghostoffury,thrall,574,warrior,protection,12,6,6
56719,Meadier,windrunner,566,warrior,protection,12,6,6
56720,Archaòn,frostmourne,473,warrior,protection,12,5,7
56721,Stophitingme,bloodscalp,469,warrior,protection,18,5,13
56722,Ksubîî,frostmourne,448,warrior,protection,16,5,11
56723,Dabdaddyy,dawnbringer,384,warrior,protection,6,4,2
56724,Kidkolby,moon-guard,384,warrior,protection,12,4,8
56725,Rhuk,drakkari,383,warrior,protection,24,4,20
56726,Manthraxx,sargeras,288,warrior,protection,6,3,3
56727,Chàrr,crushridge,288,warrior,protection,15,4,11
56728,Zatu,moknathal,285,warrior,protection,12,3,9
56729,Toothnnailz,destromath,284,warrior,protection,12,3,9
56730,Tåra,area-52,256,warrior,protection,22,3,19
56731,Lagurtz,ragnaros,192,warrior,protection,6,2,4
56732,Executespam,madoran,192,warrior,protection,6,2,4
56733,Loonycity,arygos,192,warrior,protection,12,2,10
56734,Littlefatman,terokkar,192,warrior,protection,12,2,10
56735,Strongtongue,malganis,192,warrior,protection,12,2,10
56736,Fearless,moon-guard,96,warrior,protection,6,1,5
56737,Lunusx,stormrage,96,warrior,protection,6,1,5
56738,Varith,sargeras,96,warrior,protection,12,1,11
56739,Piojowar,quelthalas,95,warrior,protection,6,1,5
56740,Jindyn,boulderfist,95,warrior,protection,6,1,5
56741,Stowdace,bladefist,89,warrior,protection,10,5,5
56742,Axiyum,tichondrius,79,warrior,protection,5,1,4
56743,Juicey,burning-blade,31,warrior,protection,2,1,1
