,name,realm,rating,cls,spec,play,win,lose
0,Phearbunny,bleeding-hollow,1523,deathknight,blood,60,31,29
1,Pagumon,moon-guard,1247,deathknight,blood,96,44,52
2,Bloodbukkaky,bleeding-hollow,1201,deathknight,blood,42,13,29
3,Tragül,sargeras,1012,deathknight,blood,36,16,20
4,Valind,eredar,854,deathknight,blood,18,9,9
5,Kult,azralon,841,deathknight,blood,12,9,3
6,Insonne,dalaran,837,deathknight,blood,18,9,9
7,Blasphemus,malganis,575,deathknight,blood,12,6,6
8,Kaîne,dalaran,480,deathknight,blood,12,5,7
9,Belfknightt,area-52,479,deathknight,blood,15,5,10
10,Tristam,area-52,384,deathknight,blood,6,4,2
11,Pride,ragnaros,384,deathknight,blood,12,4,8
12,ßläzë,baelgun,288,deathknight,blood,15,4,11
13,Kimbøslîce,area-52,288,deathknight,blood,12,3,9
14,Cerbeefquake,wyrmrest-accord,192,deathknight,blood,6,2,4
15,Unhølydøøm,misha,191,deathknight,blood,12,2,10
16,Determinate,deathwing,96,deathknight,blood,6,1,5
17,Gnargnarr,firetree,96,deathknight,blood,6,1,5
18,Cozzasad,barthilas,96,deathknight,blood,6,1,5
19,Wowattorney,tichondrius,96,deathknight,blood,6,1,5
20,Lunatick,darkspear,96,deathknight,blood,6,1,5
21,Nbayoungboy,kiljaeden,96,deathknight,blood,6,1,5
22,Zerhistran,proudmoore,64,deathknight,blood,4,1,3
23,Hulmorr,bleeding-hollow,64,deathknight,blood,4,1,3
24,Graphics,moon-guard,2125,deathknight,unholy,382,194,188
25,Pwaff,illidan,2125,deathknight,unholy,89,45,44
26,Neroxz,area-52,2105,deathknight,unholy,83,43,40
27,Spaidzz,malganis,2076,deathknight,unholy,193,97,96
28,Níngjìng,tichondrius,2041,deathknight,unholy,78,41,37
29,Qipara,zuljin,2039,deathknight,unholy,122,64,58
30,Juelzjerk,tichondrius,2010,deathknight,unholy,89,51,38
31,Flarkness,area-52,2010,deathknight,unholy,78,37,41
32,Partywaffles,illidan,1998,deathknight,unholy,193,97,96
33,Achílles,sargeras,1979,deathknight,unholy,175,85,90
34,Scriptløl,sargeras,1975,deathknight,unholy,138,66,72
35,Roidboy,illidan,1954,deathknight,unholy,115,57,58
36,Vineyard,area-52,1942,deathknight,unholy,287,143,144
37,Toxicwaste,malganis,1942,deathknight,unholy,82,39,43
38,Wøund,black-dragonflight,1938,deathknight,unholy,172,92,80
39,Mårlbørø,tichondrius,1915,deathknight,unholy,41,21,20
40,Darkdj,kelthuzad,1914,deathknight,unholy,73,34,39
41,Éternalnight,tichondrius,1913,deathknight,unholy,76,32,44
42,Zynyzter,malganis,1912,deathknight,unholy,72,41,31
43,Veilsidé,kelthuzad,1910,deathknight,unholy,250,125,125
44,Geomdae,tichondrius,1901,deathknight,unholy,71,31,40
45,Barelyviable,tichondrius,1898,deathknight,unholy,72,32,40
46,Bruceleedk,tichondrius,1896,deathknight,unholy,94,50,44
47,Milleh,bleeding-hollow,1895,deathknight,unholy,66,31,35
48,Starshopping,proudmoore,1891,deathknight,unholy,55,29,26
49,Daoniancc,tichondrius,1883,deathknight,unholy,169,95,74
50,Brutos,thrall,1878,deathknight,unholy,92,51,41
51,Ilceses,area-52,1870,deathknight,unholy,66,29,37
52,Catarïa,tichondrius,1869,deathknight,unholy,90,44,46
53,Iato,sargeras,1868,deathknight,unholy,60,39,21
54,Drauguss,azralon,1860,deathknight,unholy,106,53,53
55,Cavaliers,ragnaros,1860,deathknight,unholy,66,32,34
56,Lattè,area-52,1859,deathknight,unholy,55,30,25
57,Poesoul,tichondrius,1858,deathknight,unholy,204,104,100
58,Bloodbruh,blackrock,1854,deathknight,unholy,60,34,26
59,Plagueflavor,tichondrius,1851,deathknight,unholy,247,124,123
60,Bedstains,thunderlord,1849,deathknight,unholy,107,61,46
61,Morbiddesire,stormrage,1849,deathknight,unholy,87,49,38
62,Didri,quelthalas,1846,deathknight,unholy,72,34,38
63,Tokyotimxx,malganis,1842,deathknight,unholy,48,30,18
64,Sinell,kargath,1841,deathknight,unholy,109,63,46
65,Bicepsüal,zuljin,1840,deathknight,unholy,36,28,8
66,Riddles,maiev,1837,deathknight,unholy,119,64,55
67,Blackfyré,sargeras,1837,deathknight,unholy,62,32,30
68,Haldevarik,doomhammer,1834,deathknight,unholy,78,43,35
69,Kilohotel,stormrage,1832,deathknight,unholy,36,22,14
70,Orphanmakerx,area-52,1832,deathknight,unholy,123,60,63
71,Goonà,tichondrius,1831,deathknight,unholy,63,29,34
72,Aurious,lightnings-blade,1830,deathknight,unholy,84,47,37
73,Kortingert,nagrand,1830,deathknight,unholy,59,33,26
74,Anatøly,ragnaros,1827,deathknight,unholy,42,21,21
75,Sadboy,grizzly-hills,1822,deathknight,unholy,65,27,38
76,Serwestley,stormrage,1820,deathknight,unholy,59,31,28
77,Kciktep,tichondrius,1819,deathknight,unholy,36,19,17
78,Búddy,zuljin,1819,deathknight,unholy,58,28,30
79,Sagadk,hyjal,1819,deathknight,unholy,65,31,34
80,Skideroth,kelthuzad,1817,deathknight,unholy,60,28,32
81,Flizzycash,malganis,1816,deathknight,unholy,56,27,29
82,Õdin,area-52,1815,deathknight,unholy,203,103,100
83,Wowattorney,tichondrius,1815,deathknight,unholy,82,33,49
84,Ravindrannor,saurfang,1812,deathknight,unholy,65,32,33
85,Dahnga,frostmourne,1811,deathknight,unholy,54,32,22
86,Nixonxx,tichondrius,1810,deathknight,unholy,82,51,31
87,Warrcc,steamwheedle-cartel,1809,deathknight,unholy,48,24,24
88,Infectik,tichondrius,1807,deathknight,unholy,59,35,24
89,Chillbaynê,the-scryers,1807,deathknight,unholy,119,62,57
90,Fatzilla,tichondrius,1807,deathknight,unholy,60,23,37
91,Necrôtic,area-52,1806,deathknight,unholy,76,35,41
92,Twindleroot,aggramar,1804,deathknight,unholy,77,45,32
93,Mûs,tichondrius,1804,deathknight,unholy,66,36,30
94,Dkya,tichondrius,1803,deathknight,unholy,182,88,94
95,Kaeligh,ragnaros,1803,deathknight,unholy,66,29,37
96,Ziskon,illidan,1802,deathknight,unholy,100,53,47
97,Zìlêán,tichondrius,1800,deathknight,unholy,70,39,31
98,Harókz,azralon,1800,deathknight,unholy,65,31,34
99,Azre,tichondrius,1800,deathknight,unholy,160,74,86
100,Brandonsdk,tichondrius,1794,deathknight,unholy,107,53,54
101,Avengering,tichondrius,1793,deathknight,unholy,69,37,32
102,Pradas,area-52,1787,deathknight,unholy,41,24,17
103,Attack,grizzly-hills,1787,deathknight,unholy,60,28,32
104,Nabbiby,tichondrius,1784,deathknight,unholy,72,33,39
105,Áethros,malganis,1778,deathknight,unholy,96,44,52
106,Cesaroo,aegwynn,1777,deathknight,unholy,94,47,47
107,Thorediks,stormrage,1777,deathknight,unholy,54,27,27
108,Skippee,tichondrius,1775,deathknight,unholy,54,24,30
109,Grimiz,tichondrius,1774,deathknight,unholy,145,71,74
110,Demonboyjr,tichondrius,1766,deathknight,unholy,75,31,44
111,Jakeboyswag,shandris,1763,deathknight,unholy,105,52,53
112,Apøçálýpsé,firetree,1761,deathknight,unholy,67,35,32
113,Brocigar,tichondrius,1760,deathknight,unholy,48,25,23
114,Zìlêáns,tichondrius,1759,deathknight,unholy,60,39,21
115,Hrsb,tichondrius,1758,deathknight,unholy,112,60,52
116,Boneyards,bleeding-hollow,1758,deathknight,unholy,90,39,51
117,Dâki,blades-edge,1756,deathknight,unholy,60,39,21
118,Xiaodabaolol,tichondrius,1751,deathknight,unholy,48,26,22
119,Pooseunpoose,velen,1751,deathknight,unholy,60,32,28
120,Khaíne,wyrmrest-accord,1749,deathknight,unholy,145,79,66
121,Standalizer,gilneas,1745,deathknight,unholy,72,40,32
122,Ermanotruta,azralon,1744,deathknight,unholy,77,37,40
123,Carryme,quelthalas,1742,deathknight,unholy,92,45,47
124,Nh,malganis,1737,deathknight,unholy,54,28,26
125,Keomdae,tichondrius,1734,deathknight,unholy,53,26,27
126,Falkorn,korgath,1733,deathknight,unholy,63,32,31
127,Hwml,barthilas,1729,deathknight,unholy,81,45,36
128,Xebane,frostmourne,1728,deathknight,unholy,276,143,133
129,Arroyo,borean-tundra,1724,deathknight,unholy,54,29,25
130,Hatrèd,quelthalas,1724,deathknight,unholy,53,27,26
131,Nevmic,emerald-dream,1723,deathknight,unholy,86,41,45
132,Azhid,tichondrius,1719,deathknight,unholy,106,54,52
133,Lazarise,area-52,1713,deathknight,unholy,71,34,37
134,Tkyo,tichondrius,1712,deathknight,unholy,47,22,25
135,Tduggylolz,tichondrius,1712,deathknight,unholy,42,18,24
136,Huuzzha,tichondrius,1709,deathknight,unholy,112,63,49
137,Noik,azralon,1707,deathknight,unholy,75,36,39
138,Komplex,kelthuzad,1704,deathknight,unholy,54,31,23
139,Kurnoth,barthilas,1703,deathknight,unholy,80,40,40
140,Cardii,area-52,1703,deathknight,unholy,64,27,37
141,Justafkdk,gorefiend,1700,deathknight,unholy,84,43,41
142,Nevermore,hyjal,1699,deathknight,unholy,101,50,51
143,Kinkysgnome,tichondrius,1696,deathknight,unholy,131,61,70
144,Krätos,zuljin,1694,deathknight,unholy,36,23,13
145,Zerøimperial,quelthalas,1694,deathknight,unholy,167,85,82
146,Ðomìnus,moon-guard,1692,deathknight,unholy,84,51,33
147,Imadkloldie,frostmourne,1690,deathknight,unholy,84,44,40
148,Loongdk,kiljaeden,1685,deathknight,unholy,101,51,50
149,Søad,quelthalas,1683,deathknight,unholy,58,36,22
150,Aerd,sargeras,1682,deathknight,unholy,162,77,85
151,Yubell,barthilas,1681,deathknight,unholy,251,127,124
152,Wittlewanka,zuljin,1675,deathknight,unholy,40,18,22
153,Blacklabel,andorhal,1675,deathknight,unholy,72,31,41
154,Dialysis,emerald-dream,1673,deathknight,unholy,119,64,55
155,Altareon,ragnaros,1672,deathknight,unholy,108,53,55
156,Dunduner,tichondrius,1672,deathknight,unholy,90,44,46
157,Cloüd,wyrmrest-accord,1671,deathknight,unholy,47,21,26
158,Cantmove,area-52,1669,deathknight,unholy,50,22,28
159,Spacealien,malganis,1667,deathknight,unholy,54,29,25
160,Darktone,tichondrius,1665,deathknight,unholy,35,18,17
161,Slty,tichondrius,1664,deathknight,unholy,42,18,24
162,Soulhand,tichondrius,1662,deathknight,unholy,46,23,23
163,Lichtborne,illidan,1662,deathknight,unholy,73,33,40
164,Azynks,azralon,1660,deathknight,unholy,102,47,55
165,Ståtìc,tichondrius,1659,deathknight,unholy,60,31,29
166,Bellum,moon-guard,1658,deathknight,unholy,75,44,31
167,Nalz,drakkari,1658,deathknight,unholy,117,60,57
168,Ålastor,stormrage,1653,deathknight,unholy,52,27,25
169,Xhoul,sargeras,1649,deathknight,unholy,135,76,59
170,Trumps,stormrage,1649,deathknight,unholy,48,27,21
171,Ludgan,stormrage,1649,deathknight,unholy,180,86,94
172,Kwolve,proudmoore,1647,deathknight,unholy,201,101,100
173,Merados,quelthalas,1646,deathknight,unholy,79,30,49
174,Vexxan,thrall,1644,deathknight,unholy,41,23,18
175,Galarick,area-52,1643,deathknight,unholy,41,22,19
176,Tailm,ragnaros,1639,deathknight,unholy,36,20,16
177,Krargosh,quelthalas,1639,deathknight,unholy,150,78,72
178,Vynox,frostmourne,1637,deathknight,unholy,56,27,29
179,Grimmdreamer,stormrage,1634,deathknight,unholy,76,37,39
180,Muspellheim,azralon,1633,deathknight,unholy,42,21,21
181,Kakarotó,azralon,1629,deathknight,unholy,53,30,23
182,Arthez,frostmourne,1629,deathknight,unholy,48,22,26
183,Zerochillz,sargeras,1628,deathknight,unholy,30,17,13
184,Kenishii,kiljaeden,1627,deathknight,unholy,48,30,18
185,Landez,ragnaros,1627,deathknight,unholy,66,37,29
186,Wastethis,sargeras,1626,deathknight,unholy,71,40,31
187,Paratekdk,thrall,1625,deathknight,unholy,71,39,32
188,Megatroun,stormreaver,1625,deathknight,unholy,42,23,19
189,Deuter,quelthalas,1624,deathknight,unholy,164,85,79
190,Bladê,tichondrius,1624,deathknight,unholy,61,26,35
191,Jeremiahe,hyjal,1622,deathknight,unholy,84,45,39
192,Anhedonía,illidan,1622,deathknight,unholy,120,59,61
193,Xraduky,dawnbringer,1620,deathknight,unholy,38,26,12
194,Kjarnda,malganis,1620,deathknight,unholy,42,18,24
195,Gripyourhoe,tichondrius,1619,deathknight,unholy,42,26,16
196,Wheatasil,garona,1618,deathknight,unholy,64,33,31
197,Onefire,illidan,1616,deathknight,unholy,48,21,27
198,Ligmagooch,tichondrius,1614,deathknight,unholy,81,41,40
199,Boofcigars,sargeras,1612,deathknight,unholy,42,21,21
200,Rezøk,ragnaros,1612,deathknight,unholy,54,20,34
201,Ðogmá,vashj,1610,deathknight,unholy,35,22,13
202,Mikoaa,bladefist,1610,deathknight,unholy,30,17,13
203,Daethiel,demon-soul,1610,deathknight,unholy,53,25,28
204,Ousted,daggerspine,1608,deathknight,unholy,36,20,16
205,Bopalop,malganis,1607,deathknight,unholy,57,22,35
206,Takeurcheeks,tichondrius,1605,deathknight,unholy,101,49,52
207,Thotiannaqt,area-52,1605,deathknight,unholy,42,17,25
208,Boofcigars,kelthuzad,1604,deathknight,unholy,77,41,36
209,Mephostophel,sargeras,1604,deathknight,unholy,108,54,54
210,Unholykevin,sargeras,1604,deathknight,unholy,42,21,21
211,Dominos,tichondrius,1604,deathknight,unholy,42,20,22
212,Idodamn,tichondrius,1603,deathknight,unholy,84,45,39
213,Wednesdæ,moon-guard,1603,deathknight,unholy,54,28,26
214,Voncleaver,tichondrius,1603,deathknight,unholy,64,20,44
215,Drpepp,bleeding-hollow,1602,deathknight,unholy,107,59,48
216,Fasterjake,sargeras,1602,deathknight,unholy,98,52,46
217,Nofoamlattes,thrall,1602,deathknight,unholy,42,19,23
218,Puppykisses,perenolde,1602,deathknight,unholy,83,35,48
219,Properterps,bonechewer,1601,deathknight,unholy,116,62,54
220,Originalcimm,stormrage,1601,deathknight,unholy,54,22,32
221,Promotheseis,sargeras,1600,deathknight,unholy,66,41,25
222,Giznator,malganis,1598,deathknight,unholy,108,50,58
223,Ullísés,ragnaros,1597,deathknight,unholy,39,21,18
224,Xibbas,illidan,1594,deathknight,unholy,30,19,11
225,Demonnation,illidan,1592,deathknight,unholy,60,24,36
226,Telrenaur,proudmoore,1587,deathknight,unholy,42,22,20
227,Nøsfferatus,azralon,1579,deathknight,unholy,53,28,25
228,Rhaeisxalnym,sargeras,1579,deathknight,unholy,75,39,36
229,Zerhistran,proudmoore,1578,deathknight,unholy,218,109,109
230,Frostbite,the-venture-co,1577,deathknight,unholy,84,48,36
231,Auniel,gorefiend,1577,deathknight,unholy,42,19,23
232,Catena,blood-furnace,1575,deathknight,unholy,41,20,21
233,Asheravon,moon-guard,1575,deathknight,unholy,218,105,113
234,Lùcius,garrosh,1574,deathknight,unholy,92,48,44
235,Orkky,jubeithos,1573,deathknight,unholy,104,50,54
236,Kaaizer,azralon,1572,deathknight,unholy,120,68,52
237,Raps,frostmourne,1572,deathknight,unholy,50,19,31
238,Läskö,area-52,1569,deathknight,unholy,49,31,18
239,Muspel,sargeras,1568,deathknight,unholy,42,18,24
240,Onlyfunss,moon-guard,1564,deathknight,unholy,84,40,44
241,Gargoylepowa,nemesis,1563,deathknight,unholy,36,17,19
242,Kellydean,moon-guard,1561,deathknight,unholy,60,31,29
243,Exaar,tichondrius,1560,deathknight,unholy,45,17,28
244,Arcticc,area-52,1559,deathknight,unholy,42,19,23
245,Lichkong,dalaran,1557,deathknight,unholy,54,30,24
246,Naxn,tichondrius,1554,deathknight,unholy,36,18,18
247,Släke,azralon,1553,deathknight,unholy,142,72,70
248,Zzdk,thrall,1553,deathknight,unholy,36,18,18
249,Siphilusxo,dalaran,1551,deathknight,unholy,36,20,16
250,Toophus,sargeras,1551,deathknight,unholy,74,35,39
251,Kuwarerubana,proudmoore,1549,deathknight,unholy,74,41,33
252,Ulísés,ragnaros,1549,deathknight,unholy,52,17,35
253,Kalgor,illidan,1544,deathknight,unholy,114,58,56
254,Papalich,stormrage,1535,deathknight,unholy,96,44,52
255,Chachio,kiljaeden,1532,deathknight,unholy,30,16,14
256,Howdoulose,illidan,1532,deathknight,unholy,36,16,20
257,Arktoz,tichondrius,1531,deathknight,unholy,30,16,14
258,Aldebamuu,ragnaros,1529,deathknight,unholy,66,31,35
259,Kindaholy,malganis,1528,deathknight,unholy,23,17,6
260,Alistra,frostmourne,1528,deathknight,unholy,30,16,14
261,Obedient,firetree,1527,deathknight,unholy,102,60,42
262,Libitina,tichondrius,1526,deathknight,unholy,24,16,8
263,Biefeile,tichondrius,1526,deathknight,unholy,40,18,22
264,Dkdanim,tichondrius,1525,deathknight,unholy,65,35,30
265,Døømhøund,tichondrius,1524,deathknight,unholy,86,39,47
266,Tigs,proudmoore,1522,deathknight,unholy,126,65,61
267,Apocxo,lightnings-blade,1519,deathknight,unholy,113,56,57
268,Takeoverr,ragnaros,1518,deathknight,unholy,42,29,13
269,Hooterzqt,tichondrius,1518,deathknight,unholy,106,47,59
270,Evilduck,ragnaros,1516,deathknight,unholy,30,16,14
271,Mortarîon,moon-guard,1516,deathknight,unholy,114,56,58
272,Dóm,proudmoore,1516,deathknight,unholy,66,29,37
273,Brß,tichondrius,1515,deathknight,unholy,30,16,14
274,Zedsdead,mannoroth,1514,deathknight,unholy,24,16,8
275,Genjírou,frostwolf,1514,deathknight,unholy,148,74,74
276,Deathzpeckt,tichondrius,1513,deathknight,unholy,36,17,19
277,Burbash,moon-guard,1513,deathknight,unholy,48,22,26
278,Devillele,proudmoore,1509,deathknight,unholy,78,36,42
279,Evilbot,tichondrius,1507,deathknight,unholy,48,32,16
280,Elyxoxo,tichondrius,1507,deathknight,unholy,54,25,29
281,Fadedlight,zuljin,1506,deathknight,unholy,96,47,49
282,Dexarax,norgannon,1505,deathknight,unholy,87,49,38
283,Urieen,gorefiend,1505,deathknight,unholy,77,43,34
284,Arc,maiev,1504,deathknight,unholy,81,31,50
285,Zaxrree,malganis,1502,deathknight,unholy,54,34,20
286,Nokenoke,illidan,1502,deathknight,unholy,81,39,42
287,Unfórgíven,arthas,1501,deathknight,unholy,48,17,31
288,Cammy,frostmourne,1500,deathknight,unholy,29,16,13
289,Axeldrion,tichondrius,1499,deathknight,unholy,35,17,18
290,Gankstagrip,anvilmar,1498,deathknight,unholy,55,29,26
291,Abroham,arthas,1498,deathknight,unholy,59,30,29
292,Câpîrota,nemesis,1498,deathknight,unholy,46,23,23
293,Gottajuice,moonrunner,1494,deathknight,unholy,51,28,23
294,Drfauci,boulderfist,1494,deathknight,unholy,30,16,14
295,Starms,ragnaros,1492,deathknight,unholy,54,25,29
296,Ghoulslasher,bleeding-hollow,1490,deathknight,unholy,62,28,34
297,Halvôr,moon-guard,1489,deathknight,unholy,106,59,47
298,Kcorides,tichondrius,1488,deathknight,unholy,49,28,21
299,Thenin,crushridge,1487,deathknight,unholy,54,32,22
300,Jaxxftw,azralon,1485,deathknight,unholy,46,27,19
301,Deezwaz,draka,1485,deathknight,unholy,40,21,19
302,Typhøn,illidan,1484,deathknight,unholy,157,78,79
303,Saighast,illidan,1482,deathknight,unholy,72,39,33
304,Alexeous,wyrmrest-accord,1479,deathknight,unholy,148,79,69
305,Zaluster,malganis,1479,deathknight,unholy,143,72,71
306,Allianknight,windrunner,1479,deathknight,unholy,36,17,19
307,Brounlyii,drakkari,1478,deathknight,unholy,54,35,19
308,Nialich,kelthuzad,1476,deathknight,unholy,41,16,25
309,Zuly,moon-guard,1474,deathknight,unholy,101,52,49
310,Redbr,tichondrius,1474,deathknight,unholy,66,32,34
311,Aradorn,azralon,1470,deathknight,unholy,160,77,83
312,Stoicïsm,tichondrius,1469,deathknight,unholy,36,23,13
313,Grayfoxx,twisting-nether,1469,deathknight,unholy,41,18,23
314,Brisblade,shattered-hand,1468,deathknight,unholy,42,23,19
315,Buttrfingrz,cenarius,1465,deathknight,unholy,54,22,32
316,Tronnie,kelthuzad,1463,deathknight,unholy,72,37,35
317,Rk,blackhand,1457,deathknight,unholy,97,58,39
318,Tuicca,frostmane,1451,deathknight,unholy,54,18,36
319,Allhejluya,illidan,1449,deathknight,unholy,199,101,98
320,Balboskina,shattered-hand,1448,deathknight,unholy,70,36,34
321,Seiyokú,ragnaros,1447,deathknight,unholy,49,26,23
322,Volcolm,kelthuzad,1445,deathknight,unholy,48,26,22
323,Tracyminaj,tichondrius,1445,deathknight,unholy,60,27,33
324,Breadtruck,area-52,1445,deathknight,unholy,70,29,41
325,Knownkilla,hyjal,1444,deathknight,unholy,77,45,32
326,Nightskull,malganis,1444,deathknight,unholy,36,18,18
327,Barakhenaku,illidan,1439,deathknight,unholy,24,15,9
328,Corrpsse,tichondrius,1438,deathknight,unholy,157,81,76
329,Pettyk,tichondrius,1438,deathknight,unholy,36,15,21
330,Nymppho,kelthuzad,1436,deathknight,unholy,156,63,93
331,Emopalli,tichondrius,1435,deathknight,unholy,72,32,40
332,Ningjinglol,tichondrius,1434,deathknight,unholy,30,15,15
333,Exin,cenarion-circle,1432,deathknight,unholy,24,15,9
334,Moonjae,illidan,1432,deathknight,unholy,24,15,9
335,Wryu,malganis,1427,deathknight,unholy,29,18,11
336,Hhasaki,area-52,1427,deathknight,unholy,140,69,71
337,Blackary,emerald-dream,1426,deathknight,unholy,35,22,13
338,Coffeebagel,bleeding-hollow,1426,deathknight,unholy,107,44,63
339,Anexdk,korgath,1423,deathknight,unholy,24,15,9
340,Jarah,destromath,1422,deathknight,unholy,54,25,29
341,Seranta,wyrmrest-accord,1422,deathknight,unholy,42,16,26
342,Risottonero,kelthuzad,1421,deathknight,unholy,93,47,46
343,Sannistus,ysera,1420,deathknight,unholy,97,43,54
344,Pmpfrmdwntwn,stormrage,1420,deathknight,unholy,43,16,27
345,Hornpipe,borean-tundra,1418,deathknight,unholy,84,40,44
346,Fellenn,stormrage,1417,deathknight,unholy,144,78,66
347,Putrefactive,frostmourne,1415,deathknight,unholy,156,78,78
348,Fuzzknight,ravenholdt,1414,deathknight,unholy,30,15,15
349,Subparatbest,chogall,1414,deathknight,unholy,30,15,15
350,Regiknight,stormrage,1413,deathknight,unholy,111,63,48
351,Dûsk,thunderlord,1413,deathknight,unholy,52,21,31
352,Grimnuts,thrall,1412,deathknight,unholy,48,21,27
353,Plagueghoul,wyrmrest-accord,1411,deathknight,unholy,86,45,41
354,Reinhartlol,sargeras,1411,deathknight,unholy,81,38,43
355,Deathpool,shadowmoon,1409,deathknight,unholy,54,19,35
356,Fugs,ghostlands,1406,deathknight,unholy,56,30,26
357,Hatreon,sargeras,1401,deathknight,unholy,30,20,10
358,Sgtdead,thrall,1400,deathknight,unholy,36,21,15
359,Unholyfish,malganis,1398,deathknight,unholy,85,40,45
360,Vazarus,darrowmere,1397,deathknight,unholy,66,30,36
361,Dkzote,quelthalas,1393,deathknight,unholy,42,18,24
362,Deathofchaos,smolderthorn,1389,deathknight,unholy,53,18,35
363,Sammåel,malganis,1387,deathknight,unholy,36,18,18
364,Paíín,illidan,1387,deathknight,unholy,48,21,27
365,Laxatives,tichondrius,1385,deathknight,unholy,39,16,23
366,Unrealzrotz,tichondrius,1383,deathknight,unholy,60,39,21
367,Egirlgripper,area-52,1382,deathknight,unholy,30,15,15
368,Mèrc,ragnaros,1376,deathknight,unholy,89,38,51
369,Banjingquan,tichondrius,1375,deathknight,unholy,42,21,21
370,Sparklekitty,illidan,1374,deathknight,unholy,24,16,8
371,Greeasy,bleeding-hollow,1374,deathknight,unholy,41,23,18
372,Coolk,tichondrius,1368,deathknight,unholy,24,16,8
373,Darkunral,stormrage,1365,deathknight,unholy,80,33,47
374,Warstompgød,tichondrius,1364,deathknight,unholy,36,16,20
375,Waremoto,ragnaros,1361,deathknight,unholy,81,47,34
376,Bloodramen,dalaran,1360,deathknight,unholy,327,166,161
377,Shélly,ragnaros,1360,deathknight,unholy,59,29,30
378,Belegos,quelthalas,1357,deathknight,unholy,67,31,36
379,Deliriioh,ragnaros,1353,deathknight,unholy,99,54,45
380,Tenóry,nemesis,1353,deathknight,unholy,66,27,39
381,Beeftip,area-52,1352,deathknight,unholy,120,54,66
382,Darknessice,tichondrius,1350,deathknight,unholy,66,35,31
383,Bumbleton,blackrock,1349,deathknight,unholy,45,24,21
384,Dethcro,shandris,1343,deathknight,unholy,93,47,46
385,Tötenkaiser,quelthalas,1337,deathknight,unholy,30,14,16
386,Ântipaladin,arthas,1335,deathknight,unholy,46,19,27
387,Zeban,area-52,1334,deathknight,unholy,78,36,42
388,Bannedforevr,dalaran,1334,deathknight,unholy,36,14,22
389,Fiddleop,thrall,1333,deathknight,unholy,24,14,10
390,Negril,tichondrius,1332,deathknight,unholy,78,38,40
391,Vynkys,shadow-council,1325,deathknight,unholy,24,16,8
392,Rekbari,sargeras,1325,deathknight,unholy,24,15,9
393,Unknowndk,kul-tiras,1322,deathknight,unholy,30,14,16
394,Stangz,bonechewer,1322,deathknight,unholy,36,14,22
395,Earador,dalaran,1321,deathknight,unholy,30,15,15
396,Mords,area-52,1321,deathknight,unholy,30,14,16
397,Gilden,malfurion,1317,deathknight,unholy,80,34,46
398,Asylïthcc,sargeras,1316,deathknight,unholy,42,25,17
399,Midway,drakkari,1316,deathknight,unholy,30,16,14
400,Maligned,uldum,1312,deathknight,unholy,49,18,31
401,Frðst,executus,1310,deathknight,unholy,24,14,10
402,Ñovacaine,moon-guard,1309,deathknight,unholy,77,36,41
403,Gwiffhm,tichondrius,1304,deathknight,unholy,40,14,26
404,Daixks,proudmoore,1299,deathknight,unholy,30,18,12
405,Killerundead,area-52,1299,deathknight,unholy,39,17,22
406,Kallgìn,emerald-dream,1299,deathknight,unholy,36,15,21
407,Raíndrop,tichondrius,1297,deathknight,unholy,66,28,38
408,Wrothgarr,stormreaver,1292,deathknight,unholy,30,16,14
409,Ddibb,tichondrius,1291,deathknight,unholy,29,14,15
410,Wndypefrcorn,sargeras,1290,deathknight,unholy,25,16,9
411,Unholycube,zuljin,1290,deathknight,unholy,35,14,21
412,Mëgazørd,nemesis,1289,deathknight,unholy,42,22,20
413,Cripticknigt,spinebreaker,1289,deathknight,unholy,48,22,26
414,Shargan,tichondrius,1284,deathknight,unholy,78,41,37
415,Harlthas,ragnaros,1274,deathknight,unholy,30,17,13
416,Ometecuhtli,kelthuzad,1273,deathknight,unholy,60,35,25
417,Kromgarath,stormrage,1271,deathknight,unholy,60,28,32
418,Unleud,tichondrius,1260,deathknight,unholy,36,21,15
419,Nukydoe,azralon,1260,deathknight,unholy,42,19,23
420,Enjal,stormrage,1255,deathknight,unholy,53,23,30
421,Abruptdk,bonechewer,1254,deathknight,unholy,61,29,32
422,Ownaron,moon-guard,1249,deathknight,unholy,45,24,21
423,Resumen,steamwheedle-cartel,1249,deathknight,unholy,32,15,17
424,Clowngodx,illidan,1247,deathknight,unholy,24,13,11
425,Darktonelol,tichondrius,1247,deathknight,unholy,30,13,17
426,Lagmasterx,sargeras,1247,deathknight,unholy,30,13,17
427,Malhandir,azgalor,1247,deathknight,unholy,30,13,17
428,Buldrokastee,tichondrius,1247,deathknight,unholy,36,13,23
429,Lickblood,sargeras,1246,deathknight,unholy,24,13,11
430,Möchi,ragnaros,1246,deathknight,unholy,63,32,31
431,Bloodyloco,malganis,1246,deathknight,unholy,64,32,32
432,Sussybakadk,sargeras,1246,deathknight,unholy,28,14,14
433,Magipierrot,ragnaros,1245,deathknight,unholy,62,31,31
434,Koda,thrall,1243,deathknight,unholy,30,13,17
435,Lovedaddy,frostmourne,1242,deathknight,unholy,30,13,17
436,Teksurugi,korgath,1242,deathknight,unholy,30,13,17
437,Youngmoneyyd,illidan,1241,deathknight,unholy,18,13,5
438,Billieeilish,sargeras,1241,deathknight,unholy,24,13,11
439,Shezoe,drakkari,1238,deathknight,unholy,24,13,11
440,Flavorchops,kelthuzad,1238,deathknight,unholy,36,13,23
441,Lebrônjames,tichondrius,1236,deathknight,unholy,24,13,11
442,Neipum,stormrage,1234,deathknight,unholy,18,13,5
443,Madmaxxy,barthilas,1234,deathknight,unholy,69,30,39
444,Rarum,bleeding-hollow,1233,deathknight,unholy,24,13,11
445,Soulhuntress,doomhammer,1227,deathknight,unholy,114,58,56
446,Unhølydøøm,misha,1226,deathknight,unholy,78,39,39
447,Lorð,malganis,1225,deathknight,unholy,42,22,20
448,Nevarro,lightbringer,1224,deathknight,unholy,212,104,108
449,Necrósy,azralon,1222,deathknight,unholy,30,13,17
450,Potatobob,dalaran,1222,deathknight,unholy,30,13,17
451,Rixin,agamaggan,1216,deathknight,unholy,42,15,27
452,Unhøøly,nemesis,1214,deathknight,unholy,30,15,15
453,Mazey,moon-guard,1209,deathknight,unholy,199,98,101
454,Shadow,ragnaros,1201,deathknight,unholy,29,13,16
455,Golurun,tichondrius,1197,deathknight,unholy,25,15,10
456,Zeeroo,moon-guard,1191,deathknight,unholy,34,17,17
457,Gatrars,sargeras,1185,deathknight,unholy,72,32,40
458,Malsedius,kelthuzad,1181,deathknight,unholy,33,14,19
459,Sne,dragonmaw,1180,deathknight,unholy,30,17,13
460,Coffïnfeeder,dalaran,1178,deathknight,unholy,78,31,47
461,Drowhd,nemesis,1177,deathknight,unholy,60,27,33
462,Treikorh,quelthalas,1174,deathknight,unholy,130,55,75
463,Darktrinnity,nemesis,1173,deathknight,unholy,35,20,15
464,Mercysparx,thrall,1171,deathknight,unholy,60,30,30
465,Doombeast,area-52,1165,deathknight,unholy,31,15,16
466,Mmrhostage,kelthuzad,1165,deathknight,unholy,30,14,16
467,Omegaseven,gorgonnash,1154,deathknight,unholy,126,66,60
468,Oql,tichondrius,1152,deathknight,unholy,24,12,12
469,Diviniumx,bleeding-hollow,1152,deathknight,unholy,27,13,14
470,Divinium,bleeding-hollow,1152,deathknight,unholy,30,12,18
471,Goonaa,tichondrius,1151,deathknight,unholy,24,12,12
472,Bukum,zuljin,1151,deathknight,unholy,36,12,24
473,Kryptikkyt,blackrock,1150,deathknight,unholy,30,12,18
474,Vesel,tichondrius,1149,deathknight,unholy,36,12,24
475,Azgaroth,dathremar,1148,deathknight,unholy,38,20,18
476,Oldskul,sargeras,1146,deathknight,unholy,34,17,17
477,Chalamander,tichondrius,1146,deathknight,unholy,24,12,12
478,Iamthedanger,aerie-peak,1145,deathknight,unholy,24,12,12
479,Kehin,azralon,1144,deathknight,unholy,70,29,41
480,Tiansama,ragnaros,1143,deathknight,unholy,18,12,6
481,Dravix,azshara,1143,deathknight,unholy,18,12,6
482,Skeleton,lightnings-blade,1141,deathknight,unholy,33,13,20
483,Rognarash,emerald-dream,1139,deathknight,unholy,24,12,12
484,Fanggrief,proudmoore,1139,deathknight,unholy,30,12,18
485,Luckyson,tichondrius,1137,deathknight,unholy,24,12,12
486,Araris,stormrage,1135,deathknight,unholy,36,12,24
487,Fakiez,kelthuzad,1133,deathknight,unholy,32,13,19
488,Heärt,bleeding-hollow,1133,deathknight,unholy,50,19,31
489,Shinici,kelthuzad,1132,deathknight,unholy,24,12,12
490,Awzy,azralon,1127,deathknight,unholy,24,12,12
491,Vampirecarti,tichondrius,1122,deathknight,unholy,38,18,20
492,Toroandmoi,area-52,1121,deathknight,unholy,24,12,12
493,Carecaa,azralon,1119,deathknight,unholy,44,19,25
494,Sabotdk,tichondrius,1117,deathknight,unholy,24,12,12
495,Leviiathan,tichondrius,1117,deathknight,unholy,24,12,12
496,Frostcleave,emerald-dream,1115,deathknight,unholy,24,16,8
497,Joeyxdk,tichondrius,1114,deathknight,unholy,23,12,11
498,Druncker,blackrock,1114,deathknight,unholy,53,20,33
499,Mordeo,bleeding-hollow,1114,deathknight,unholy,34,12,22
500,Exequias,zuljin,1111,deathknight,unholy,30,17,13
501,Mandrágor,quelthalas,1111,deathknight,unholy,52,20,32
502,Alphabro,zuluhed,1108,deathknight,unholy,42,22,20
503,Polydeuces,queldorei,1091,deathknight,unholy,66,26,40
504,Anonymousix,kelthuzad,1090,deathknight,unholy,23,12,11
505,Rhaenyrà,tichondrius,1089,deathknight,unholy,27,15,12
506,Skellig,wyrmrest-accord,1086,deathknight,unholy,36,13,23
507,Beanboyx,tichondrius,1085,deathknight,unholy,22,12,10
508,Kanthrix,illidan,1084,deathknight,unholy,32,12,20
509,Plaguebreak,darrowmere,1083,deathknight,unholy,48,30,18
510,Fuzzyrump,eitrigg,1067,deathknight,unholy,18,13,5
511,Zaelize,sargeras,1065,deathknight,unholy,48,21,27
512,Ragsec,bleeding-hollow,1056,deathknight,unholy,18,11,7
513,Steamerboy,stormrage,1056,deathknight,unholy,18,11,7
514,Aidsbenedict,malganis,1056,deathknight,unholy,24,11,13
515,Gasani,bonechewer,1055,deathknight,unholy,18,11,7
516,Vleryan,ragnaros,1055,deathknight,unholy,18,11,7
517,Rongkhun,proudmoore,1054,deathknight,unholy,36,11,25
518,Bhyrnam,ragnaros,1054,deathknight,unholy,36,11,25
519,Sommeliergg,stormrage,1053,deathknight,unholy,18,11,7
520,Deathboost,stormrage,1053,deathknight,unholy,36,11,25
521,Happynaru,tichondrius,1052,deathknight,unholy,24,11,13
522,Polpop,zuljin,1051,deathknight,unholy,18,11,7
523,Any,the-venture-co,1050,deathknight,unholy,24,11,13
524,Acidirin,tichondrius,1049,deathknight,unholy,18,11,7
525,Draenor,shadowmoon,1049,deathknight,unholy,18,11,7
526,Fallen,nazjatar,1048,deathknight,unholy,18,11,7
527,Salahzar,stormrage,1048,deathknight,unholy,24,11,13
528,Agohnim,moon-guard,1046,deathknight,unholy,30,11,19
529,Bazzingaxd,hyjal,1044,deathknight,unholy,36,21,15
530,Lazta,azralon,1044,deathknight,unholy,40,17,23
531,Sniperlord,uldaman,1039,deathknight,unholy,18,11,7
532,Bubblesdk,whisperwind,1039,deathknight,unholy,30,11,19
533,Lieyanyanwan,tichondrius,1037,deathknight,unholy,30,11,19
534,Edhral,ragnaros,1033,deathknight,unholy,24,11,13
535,Deathcometh,tichondrius,1027,deathknight,unholy,30,11,19
536,Kayzark,tichondrius,1026,deathknight,unholy,36,20,16
537,Deathnorris,zuljin,1026,deathknight,unholy,80,38,42
538,Mordekaiseer,azralon,1016,deathknight,unholy,124,60,64
539,Jukpark,tichondrius,1004,deathknight,unholy,18,11,7
540,Azibar,moon-guard,990,deathknight,unholy,17,11,6
541,Honustustere,emerald-dream,986,deathknight,unholy,23,11,12
542,Vaseline,zangarmarsh,980,deathknight,unholy,24,11,13
543,Hansmclroy,trollbane,970,deathknight,unholy,24,14,10
544,Vaske,azjolnerub,963,deathknight,unholy,55,20,35
545,Vaizard,malganis,960,deathknight,unholy,18,10,8
546,Asukka,tichondrius,960,deathknight,unholy,18,10,8
547,Giveretms,azralon,960,deathknight,unholy,24,10,14
548,Ragrek,bleeding-hollow,960,deathknight,unholy,24,10,14
549,Einherjiar,tichondrius,960,deathknight,unholy,24,10,14
550,Rängi,caelestrasz,960,deathknight,unholy,78,26,52
551,Immadkx,area-52,960,deathknight,unholy,30,10,20
552,Rxzo,frostmourne,960,deathknight,unholy,30,10,20
553,Pookr,area-52,960,deathknight,unholy,30,10,20
554,Hotdk,thrall,960,deathknight,unholy,30,10,20
555,Orcsexual,azralon,959,deathknight,unholy,18,10,8
556,Mainxx,stormrage,959,deathknight,unholy,18,10,8
557,Awshuks,illidan,959,deathknight,unholy,18,10,8
558,Deathbloss,illidan,959,deathknight,unholy,20,11,9
559,Emarose,illidan,959,deathknight,unholy,24,10,14
560,Galaxyboom,tichondrius,958,deathknight,unholy,12,10,2
561,Reapsouls,stormrage,958,deathknight,unholy,13,10,3
562,Xlive,tichondrius,958,deathknight,unholy,24,10,14
563,Althamon,tanaris,958,deathknight,unholy,30,10,20
564,Iðûnn,barthilas,957,deathknight,unholy,18,10,8
565,Aldoraenna,illidan,957,deathknight,unholy,24,10,14
566,Yamanji,wyrmrest-accord,956,deathknight,unholy,18,10,8
567,Arthyius,kiljaeden,956,deathknight,unholy,30,10,20
568,Gobaiakun,proudmoore,955,deathknight,unholy,18,10,8
569,Mëlødy,quelthalas,955,deathknight,unholy,18,10,8
570,Ganancïa,nemesis,953,deathknight,unholy,21,11,10
571,Afterdeath,frostmourne,953,deathknight,unholy,24,10,14
572,Deathafter,tichondrius,948,deathknight,unholy,24,10,14
573,Thaylenaar,eredar,947,deathknight,unholy,18,10,8
574,Niennahh,sargeras,946,deathknight,unholy,24,10,14
575,Ghorzul,thrall,945,deathknight,unholy,24,10,14
576,Kel,stormreaver,942,deathknight,unholy,29,10,19
577,Hentaideath,kiljaeden,934,deathknight,unholy,24,10,14
578,Annerito,area-52,927,deathknight,unholy,23,10,13
579,Muffinstomp,eredar,927,deathknight,unholy,24,10,14
580,Bahtman,hakkar,925,deathknight,unholy,18,10,8
581,Jaydkx,tichondrius,906,deathknight,unholy,28,11,17
582,Rottenwiener,sargeras,900,deathknight,unholy,17,10,7
583,Cishei,quelthalas,897,deathknight,unholy,21,12,9
584,Càsshêrn,lightbringer,893,deathknight,unholy,14,10,4
585,Zareon,zuluhed,876,deathknight,unholy,24,12,12
586,Dandandor,muradin,876,deathknight,unholy,38,17,21
587,Deathstrikex,tichondrius,864,deathknight,unholy,12,9,3
588,Earthican,bleeding-hollow,864,deathknight,unholy,12,9,3
589,Nerfdklul,illidan,864,deathknight,unholy,12,9,3
590,Linyive,malganis,864,deathknight,unholy,18,9,9
591,Utthrity,ysera,864,deathknight,unholy,18,9,9
592,Methyldk,frostmourne,864,deathknight,unholy,21,10,11
593,Dill,madoran,864,deathknight,unholy,24,9,15
594,Datnai,barthilas,864,deathknight,unholy,24,9,15
595,Fortissax,area-52,864,deathknight,unholy,30,9,21
596,Twodkitty,kelthuzad,863,deathknight,unholy,12,9,3
597,Ãstaroth,stormrage,863,deathknight,unholy,18,9,9
598,Vynlerran,skullcrusher,862,deathknight,unholy,18,9,9
599,Umbranox,arthas,862,deathknight,unholy,18,9,9
600,Gerometal,ragnaros,862,deathknight,unholy,24,9,15
601,Sílthree,barthilas,862,deathknight,unholy,24,9,15
602,Runeswanson,area-52,861,deathknight,unholy,18,9,9
603,Cosanostrá,malganis,860,deathknight,unholy,12,9,3
604,Rinthosaka,ragnaros,860,deathknight,unholy,18,9,9
605,Aretos,dreadmaul,860,deathknight,unholy,18,9,9
606,Orphnoch,illidan,860,deathknight,unholy,24,9,15
607,Velyssiah,stormrage,860,deathknight,unholy,24,9,15
608,Sidbane,kalecgos,859,deathknight,unholy,19,9,10
609,Tugs,nathrezim,858,deathknight,unholy,18,9,9
610,Darkàn,lightnings-blade,858,deathknight,unholy,24,9,15
611,Kaórii,stormrage,858,deathknight,unholy,30,9,21
612,Tinytanx,aerie-peak,856,deathknight,unholy,30,9,21
613,Ulyssess,jubeithos,855,deathknight,unholy,34,15,19
614,Nicrack,malganis,853,deathknight,unholy,18,9,9
615,Zathog,lightbringer,853,deathknight,unholy,30,9,21
616,Ulerin,illidan,850,deathknight,unholy,18,9,9
617,Plaza,thorium-brotherhood,844,deathknight,unholy,18,9,9
618,Grimmtidings,dentarg,839,deathknight,unholy,42,17,25
619,Destruktion,uldaman,838,deathknight,unholy,12,9,3
620,Deadspellz,bleeding-hollow,832,deathknight,unholy,34,9,25
621,Fendos,turalyon,822,deathknight,unholy,18,9,9
622,Littlekims,emerald-dream,799,deathknight,unholy,16,9,7
623,Festers,burning-legion,794,deathknight,unholy,26,9,17
624,Balakk,tichondrius,790,deathknight,unholy,26,9,17
625,Liqùid,moon-guard,768,deathknight,unholy,12,8,4
626,Mesx,illidan,768,deathknight,unholy,12,8,4
627,Vitad,tichondrius,768,deathknight,unholy,12,8,4
628,Dicromick,illidan,768,deathknight,unholy,15,9,6
629,Puppykiss,perenolde,768,deathknight,unholy,18,8,10
630,Piratehookah,sargeras,768,deathknight,unholy,18,8,10
631,Gutterboy,malganis,768,deathknight,unholy,18,8,10
632,Böffa,dalaran,768,deathknight,unholy,18,8,10
633,Fydedk,stormrage,768,deathknight,unholy,18,8,10
634,Novädk,ragnaros,768,deathknight,unholy,18,8,10
635,Shadowsdk,tichondrius,768,deathknight,unholy,18,8,10
636,Loomoros,sargeras,768,deathknight,unholy,24,8,16
637,Deathsloot,sargeras,767,deathknight,unholy,12,8,4
638,Ørcrist,area-52,767,deathknight,unholy,12,8,4
639,Fluffymoo,frostmourne,767,deathknight,unholy,18,8,10
640,Hædës,area-52,767,deathknight,unholy,18,8,10
641,Traitre,onyxia,767,deathknight,unholy,18,8,10
642,Demona,ragnaros,767,deathknight,unholy,18,8,10
643,Ahrímán,illidan,767,deathknight,unholy,18,8,10
644,Rulord,wyrmrest-accord,767,deathknight,unholy,18,8,10
645,Mordumi,stormrage,767,deathknight,unholy,24,8,16
646,Paulpatine,tichondrius,767,deathknight,unholy,24,8,16
647,Ðerion,stormrage,766,deathknight,unholy,12,8,4
648,Redcancer,tichondrius,766,deathknight,unholy,12,8,4
649,Deathwardenn,ghostlands,766,deathknight,unholy,18,8,10
650,Olblueyes,hyjal,766,deathknight,unholy,18,8,10
651,Riparonii,illidan,766,deathknight,unholy,21,8,13
652,Shadowghast,saurfang,765,deathknight,unholy,12,8,4
653,Bloodydebt,malganis,765,deathknight,unholy,18,8,10
654,Dalrin,emerald-dream,765,deathknight,unholy,24,8,16
655,Leiry,darkspear,762,deathknight,unholy,12,8,4
656,Kowell,drakkari,762,deathknight,unholy,18,8,10
657,Dankbro,tichondrius,761,deathknight,unholy,24,10,14
658,Iamlrr,maelstrom,761,deathknight,unholy,24,8,16
659,Frozenkappa,hyjal,735,deathknight,unholy,17,8,9
660,Starset,burning-legion,728,deathknight,unholy,24,9,15
661,Volardan,trollbane,713,deathknight,unholy,15,9,6
662,Gêralt,darkspear,712,deathknight,unholy,18,9,9
663,Tonylin,tichondrius,703,deathknight,unholy,14,8,6
664,Somethingdum,sargeras,703,deathknight,unholy,16,8,8
665,Froznorbs,tichondrius,700,deathknight,unholy,14,8,6
666,Cgg,tichondrius,672,deathknight,unholy,12,7,5
667,Karthayne,area-52,672,deathknight,unholy,12,7,5
668,Donrhythmic,ysera,672,deathknight,unholy,12,7,5
669,Jbert,sargeras,672,deathknight,unholy,12,7,5
670,Gurnok,barthilas,672,deathknight,unholy,12,7,5
671,Plag,bleeding-hollow,672,deathknight,unholy,12,7,5
672,Eldavò,quelthalas,672,deathknight,unholy,12,7,5
673,Umbramane,tichondrius,672,deathknight,unholy,18,7,11
674,Kûri,runetotem,672,deathknight,unholy,18,7,11
675,Bellybuster,malganis,672,deathknight,unholy,18,7,11
676,Bryku,tichondrius,672,deathknight,unholy,18,7,11
677,Mmaximus,darkspear,672,deathknight,unholy,18,7,11
678,Ebolaxd,area-52,672,deathknight,unholy,18,7,11
679,Xenocrates,illidan,672,deathknight,unholy,24,7,17
680,Cptsäveähöe,tichondrius,672,deathknight,unholy,24,7,17
681,Darione,twisting-nether,672,deathknight,unholy,24,7,17
682,Ceedog,crushridge,672,deathknight,unholy,30,7,23
683,Fligdeath,llane,671,deathknight,unholy,12,7,5
684,Deathsatan,barthilas,671,deathknight,unholy,12,7,5
685,Deatheey,area-52,671,deathknight,unholy,12,7,5
686,Tiller,mannoroth,671,deathknight,unholy,12,7,5
687,Gâbriel,cairne,671,deathknight,unholy,12,7,5
688,Yadaddy,hydraxis,671,deathknight,unholy,12,7,5
689,Sevexi,moon-guard,671,deathknight,unholy,12,7,5
690,Kidek,proudmoore,671,deathknight,unholy,18,7,11
691,Biukanon,ragnaros,671,deathknight,unholy,18,7,11
692,Mfknight,archimonde,671,deathknight,unholy,18,7,11
693,Feorlar,dalaran,671,deathknight,unholy,18,7,11
694,Shhnitzle,stormrage,671,deathknight,unholy,18,7,11
695,Coldrhelx,quelthalas,671,deathknight,unholy,30,7,23
696,Emberwarden,stormrage,670,deathknight,unholy,18,7,11
697,Irokthefrost,frostmourne,669,deathknight,unholy,12,7,5
698,Zebastion,amanthul,668,deathknight,unholy,18,7,11
699,Terracundo,quelthalas,667,deathknight,unholy,18,9,9
700,Grtmisdirect,illidan,666,deathknight,unholy,21,8,13
701,Zëb,sargeras,665,deathknight,unholy,12,7,5
702,Zàkgor,moon-guard,665,deathknight,unholy,12,7,5
703,Argar,crushridge,664,deathknight,unholy,12,7,5
704,Heldwynd,bonechewer,664,deathknight,unholy,24,7,17
705,Garshna,ragnaros,658,deathknight,unholy,12,7,5
706,Dbg,frostmane,639,deathknight,unholy,11,7,4
707,Ams,moon-guard,639,deathknight,unholy,17,7,10
708,Killinois,tichondrius,623,deathknight,unholy,17,7,10
709,Bonalumë,azralon,620,deathknight,unholy,17,7,10
710,Soulkiti,blackwater-raiders,608,deathknight,unholy,16,7,9
711,Aundethell,moon-guard,608,deathknight,unholy,33,7,26
712,Bingoez,frostmourne,607,deathknight,unholy,11,7,4
713,Hadianton,stormrage,599,deathknight,unholy,11,7,4
714,Xtador,quelthalas,591,deathknight,unholy,11,7,4
715,Bernaldino,illidan,576,deathknight,unholy,6,6,0
716,Virulous,zuljin,576,deathknight,unholy,6,6,0
717,Arcänn,drenden,576,deathknight,unholy,6,6,0
718,Bøoth,area-52,576,deathknight,unholy,12,6,6
719,Lagérthâ,ragnaros,576,deathknight,unholy,12,6,6
720,Delwrath,proudmoore,576,deathknight,unholy,12,6,6
721,Ridesatenspd,caelestrasz,576,deathknight,unholy,12,6,6
722,Justtaki,zuljin,576,deathknight,unholy,12,6,6
723,Demonicrunes,windrunner,576,deathknight,unholy,12,6,6
724,Svlla,doomhammer,576,deathknight,unholy,12,6,6
725,Cali,bladefist,576,deathknight,unholy,12,6,6
726,Tragdore,thrall,576,deathknight,unholy,12,6,6
727,Desen,arthas,576,deathknight,unholy,12,6,6
728,Zifandel,bleeding-hollow,576,deathknight,unholy,12,6,6
729,Surkk,tichondrius,576,deathknight,unholy,12,6,6
730,Degrease,bonechewer,576,deathknight,unholy,12,6,6
731,Bébøp,malganis,576,deathknight,unholy,12,6,6
732,Tråuma,uther,576,deathknight,unholy,12,6,6
733,Meisterdeath,stormrage,576,deathknight,unholy,12,6,6
734,Raaizz,ragnaros,576,deathknight,unholy,12,6,6
735,Notorious,garrosh,576,deathknight,unholy,12,6,6
736,Hickish,tichondrius,576,deathknight,unholy,12,6,6
737,Lemuriön,nemesis,576,deathknight,unholy,12,6,6
738,Jonahdk,sargeras,576,deathknight,unholy,12,6,6
739,Mightyfails,frostmourne,576,deathknight,unholy,12,6,6
740,Friezen,illidan,576,deathknight,unholy,12,6,6
741,Volyant,frostmourne,576,deathknight,unholy,12,6,6
742,Garù,ragnaros,576,deathknight,unholy,12,6,6
743,Cirillan,bleeding-hollow,576,deathknight,unholy,18,6,12
744,Greenduck,malganis,576,deathknight,unholy,18,6,12
745,Lainmortal,ragnaros,576,deathknight,unholy,18,6,12
746,Joystickwrld,silvermoon,576,deathknight,unholy,18,6,12
747,Hydree,bleeding-hollow,576,deathknight,unholy,18,6,12
748,Maripaula,ragnaros,576,deathknight,unholy,18,6,12
749,Kterrorblade,sargeras,576,deathknight,unholy,18,6,12
750,Deephideblue,proudmoore,576,deathknight,unholy,19,6,13
751,Conquest,drenden,576,deathknight,unholy,24,6,18
752,Baldlord,tichondrius,576,deathknight,unholy,24,6,18
753,Åkatsukii,uther,575,deathknight,unholy,12,6,6
754,Vërmilliøn,ragnaros,575,deathknight,unholy,12,6,6
755,Agamoth,ragnaros,575,deathknight,unholy,12,6,6
756,Zevrynn,barthilas,575,deathknight,unholy,12,6,6
757,Pántera,darkspear,575,deathknight,unholy,12,6,6
758,Christophe,skullcrusher,575,deathknight,unholy,12,6,6
759,Corpsepetal,muradin,575,deathknight,unholy,18,6,12
760,Trüppen,area-52,574,deathknight,unholy,12,6,6
761,Fraänrisco,ragnaros,574,deathknight,unholy,18,6,12
762,Vapelounge,darkspear,574,deathknight,unholy,18,6,12
763,Darthblade,darkspear,573,deathknight,unholy,6,6,0
764,Tormentsoul,ragnaros,572,deathknight,unholy,12,6,6
765,Juggérnaút,bonechewer,572,deathknight,unholy,12,6,6
766,Deathsmog,quelthalas,571,deathknight,unholy,13,6,7
767,Lowan,stormrage,566,deathknight,unholy,12,6,6
768,Syzurp,barthilas,558,deathknight,unholy,13,7,6
769,Poonen,area-52,543,deathknight,unholy,11,6,5
770,Herstôry,kelthuzad,527,deathknight,unholy,11,6,5
771,Gkdm,tichondrius,522,deathknight,unholy,21,8,13
772,Chës,tichondrius,522,deathknight,unholy,22,7,15
773,Nekrosys,eitrigg,512,deathknight,unholy,16,6,10
774,Kalëndar,drakkari,503,deathknight,unholy,25,12,13
775,Bawlsauce,area-52,496,deathknight,unholy,13,6,7
776,Depthknight,barthilas,480,deathknight,unholy,6,5,1
777,Andariel,ragnaros,480,deathknight,unholy,6,5,1
778,Déká,tichondrius,480,deathknight,unholy,6,5,1
779,Xaldalas,kelthuzad,480,deathknight,unholy,6,5,1
780,Monstrosìty,bleeding-hollow,480,deathknight,unholy,6,5,1
781,Solø,proudmoore,480,deathknight,unholy,6,5,1
782,Bànished,moon-guard,480,deathknight,unholy,7,5,2
783,Frostyclaws,blackrock,480,deathknight,unholy,12,5,7
784,Initiative,moon-guard,480,deathknight,unholy,12,5,7
785,Xariuz,quelthalas,480,deathknight,unholy,12,5,7
786,Raull,ragnaros,480,deathknight,unholy,12,5,7
787,Gorillagrip,sargeras,480,deathknight,unholy,12,5,7
788,Deathpair,bleeding-hollow,480,deathknight,unholy,12,5,7
789,Morghulas,moon-guard,480,deathknight,unholy,12,5,7
790,Dkbunny,thaurissan,480,deathknight,unholy,12,5,7
791,Darkfög,sargeras,480,deathknight,unholy,12,5,7
792,Cosmicrune,turalyon,480,deathknight,unholy,12,5,7
793,Pathæs,bleeding-hollow,480,deathknight,unholy,12,5,7
794,Irreversible,zuljin,480,deathknight,unholy,12,5,7
795,Shinukishin,stormrage,480,deathknight,unholy,12,5,7
796,Darkwraith,illidan,480,deathknight,unholy,12,5,7
797,Andem,elune,480,deathknight,unholy,12,5,7
798,Swänsz,stormrage,480,deathknight,unholy,12,5,7
799,Yeahgood,frostmourne,480,deathknight,unholy,12,5,7
800,Römney,stormrage,480,deathknight,unholy,12,5,7
801,Akmy,illidan,480,deathknight,unholy,12,5,7
802,Defekaite,kiljaeden,480,deathknight,unholy,12,5,7
803,Defaultz,turalyon,480,deathknight,unholy,12,5,7
804,Tharegorn,azralon,480,deathknight,unholy,12,5,7
805,Akilol,tichondrius,480,deathknight,unholy,12,5,7
806,Skotch,lightninghoof,480,deathknight,unholy,12,5,7
807,Ghrat,bleeding-hollow,480,deathknight,unholy,12,5,7
808,Kasteny,frostmourne,480,deathknight,unholy,12,5,7
809,Zaratose,area-52,480,deathknight,unholy,12,5,7
810,Hardtoplaydk,chogall,480,deathknight,unholy,12,5,7
811,Noitrox,azralon,480,deathknight,unholy,12,5,7
812,Serathai,tichondrius,480,deathknight,unholy,12,5,7
813,Laboön,stormrage,480,deathknight,unholy,12,5,7
814,Abadena,illidan,480,deathknight,unholy,15,5,10
815,Nappão,azralon,480,deathknight,unholy,18,5,13
816,Sylèss,tichondrius,480,deathknight,unholy,18,5,13
817,Rytex,moon-guard,480,deathknight,unholy,18,5,13
818,Arkhän,ragnaros,480,deathknight,unholy,18,5,13
819,Dementrius,zuljin,480,deathknight,unholy,25,5,20
820,Ahwooh,kelthuzad,479,deathknight,unholy,6,5,1
821,Extremepvp,aegwynn,479,deathknight,unholy,6,5,1
822,Amaethyst,kelthuzad,479,deathknight,unholy,12,5,7
823,Caqw,akama,479,deathknight,unholy,12,5,7
824,Yosemithe,quelthalas,479,deathknight,unholy,12,5,7
825,Itired,tichondrius,479,deathknight,unholy,12,5,7
826,Jojomcdeath,senjin,479,deathknight,unholy,12,5,7
827,Deathfearsme,kiljaeden,479,deathknight,unholy,12,5,7
828,Azombie,burning-blade,479,deathknight,unholy,12,5,7
829,Primoverdino,azralon,479,deathknight,unholy,12,5,7
830,Moxtexd,drakkari,478,deathknight,unholy,6,5,1
831,Aborter,arthas,478,deathknight,unholy,12,5,7
832,Draxsos,quelthalas,475,deathknight,unholy,18,5,13
833,Dreekon,bleeding-hollow,468,deathknight,unholy,19,9,10
834,Megatrôn,malganis,463,deathknight,unholy,17,5,12
835,Faelmo,malganis,447,deathknight,unholy,11,5,6
836,Sorry,ysera,432,deathknight,unholy,9,6,3
837,Spôôn,aggramar,430,deathknight,unholy,11,5,6
838,Jhiv,tichondrius,426,deathknight,unholy,16,6,10
839,Dtrayn,tichondrius,416,deathknight,unholy,10,5,5
840,Reighart,kiljaeden,415,deathknight,unholy,8,5,3
841,Testifier,illidan,415,deathknight,unholy,8,5,3
842,Shiminy,chogall,415,deathknight,unholy,10,5,5
843,Wuhán,proudmoore,414,deathknight,unholy,20,5,15
844,Frostology,echo-isles,399,deathknight,unholy,5,5,0
845,Murphu,stormrage,384,deathknight,unholy,6,4,2
846,Ghouldruis,barthilas,384,deathknight,unholy,6,4,2
847,Tibocourtois,tichondrius,384,deathknight,unholy,6,4,2
848,Lîch,azralon,384,deathknight,unholy,6,4,2
849,Koltíra,azralon,384,deathknight,unholy,6,4,2
850,Whaleofwales,ysondre,384,deathknight,unholy,6,4,2
851,Raynorr,dawnbringer,384,deathknight,unholy,6,4,2
852,Darkswar,barthilas,384,deathknight,unholy,6,4,2
853,Futruth,khaz-modan,384,deathknight,unholy,6,4,2
854,Sephirott,boulderfist,384,deathknight,unholy,6,4,2
855,Deadsamurai,illidan,384,deathknight,unholy,6,4,2
856,Atrahazis,quelthalas,384,deathknight,unholy,6,4,2
857,Noahmelo,nemesis,384,deathknight,unholy,6,4,2
858,Vicentão,tichondrius,384,deathknight,unholy,6,4,2
859,Bigdollars,eredar,384,deathknight,unholy,6,4,2
860,Koreandk,tichondrius,384,deathknight,unholy,6,4,2
861,Chillbruh,garrosh,384,deathknight,unholy,6,4,2
862,Zakka,korgath,384,deathknight,unholy,6,4,2
863,Sleezyfbaby,sargeras,384,deathknight,unholy,6,4,2
864,Vampygeizt,zuljin,384,deathknight,unholy,6,4,2
865,Higeki,area-52,384,deathknight,unholy,6,4,2
866,Nøzawkolypse,area-52,384,deathknight,unholy,6,4,2
867,Logann,azralon,384,deathknight,unholy,6,4,2
868,Supblood,tichondrius,384,deathknight,unholy,6,4,2
869,Xhamstr,frostmourne,384,deathknight,unholy,6,4,2
870,Mistmoorex,stormscale,384,deathknight,unholy,6,4,2
871,Keator,tichondrius,384,deathknight,unholy,6,4,2
872,Claudio,tichondrius,384,deathknight,unholy,6,4,2
873,Zeathial,moon-guard,384,deathknight,unholy,6,4,2
874,Rompeimën,ragnaros,384,deathknight,unholy,6,4,2
875,Metinchaff,shadowmoon,384,deathknight,unholy,6,4,2
876,Vläad,ragnaros,384,deathknight,unholy,6,4,2
877,Deadwait,rivendare,384,deathknight,unholy,6,4,2
878,Pleasecakes,blood-furnace,384,deathknight,unholy,9,5,4
879,Bjorstad,moon-guard,384,deathknight,unholy,12,4,8
880,Maalevolent,thunderlord,384,deathknight,unholy,12,4,8
881,Raakaa,ghostlands,384,deathknight,unholy,12,4,8
882,Coronä,malfurion,384,deathknight,unholy,12,4,8
883,Cokedrip,bleeding-hollow,384,deathknight,unholy,12,4,8
884,Threehunned,frostmourne,384,deathknight,unholy,12,4,8
885,Clearlol,bleeding-hollow,384,deathknight,unholy,12,4,8
886,Nolderosdk,nemesis,384,deathknight,unholy,12,4,8
887,Testamentxx,thunderlord,384,deathknight,unholy,12,4,8
888,Bealzabub,sargeras,384,deathknight,unholy,12,4,8
889,Tinylich,arthas,384,deathknight,unholy,12,4,8
890,Hounura,dathremar,384,deathknight,unholy,12,4,8
891,Asana,illidan,384,deathknight,unholy,12,4,8
892,Noiksnow,azralon,384,deathknight,unholy,12,4,8
893,Silanvia,wyrmrest-accord,384,deathknight,unholy,12,4,8
894,Boltman,malganis,384,deathknight,unholy,12,4,8
895,Oomak,bonechewer,384,deathknight,unholy,12,4,8
896,Wúhan,moon-guard,384,deathknight,unholy,12,4,8
897,Çorn,sargeras,384,deathknight,unholy,12,4,8
898,Daellius,ragnaros,384,deathknight,unholy,12,4,8
899,Ambagrips,frostmourne,384,deathknight,unholy,12,4,8
900,Eightamdk,tichondrius,384,deathknight,unholy,12,4,8
901,Zoomoth,illidan,384,deathknight,unholy,12,4,8
902,Annuvyz,darkspear,384,deathknight,unholy,12,4,8
903,Bøngripx,tichondrius,384,deathknight,unholy,12,4,8
904,Tyrien,frostmane,384,deathknight,unholy,12,4,8
905,Avengis,bleeding-hollow,384,deathknight,unholy,18,4,14
906,Sahaile,moon-guard,384,deathknight,unholy,18,4,14
907,Lho,caelestrasz,384,deathknight,unholy,18,4,14
908,Keralius,stormrage,384,deathknight,unholy,18,4,14
909,Turbotoxic,illidan,383,deathknight,unholy,6,4,2
910,Croaker,gurubashi,383,deathknight,unholy,6,4,2
911,Flazzul,kiljaeden,383,deathknight,unholy,6,4,2
912,Hitsüyi,quelthalas,383,deathknight,unholy,11,6,5
913,Runíc,demon-soul,383,deathknight,unholy,12,4,8
914,Demher,ragnaros,383,deathknight,unholy,12,4,8
915,Optics,bleeding-hollow,383,deathknight,unholy,12,4,8
916,Plaguedoctor,moon-guard,383,deathknight,unholy,12,4,8
917,Mëllowhypë,sargeras,383,deathknight,unholy,12,4,8
918,Jinxtar,wyrmrest-accord,382,deathknight,unholy,6,4,2
919,Soulfarm,tichondrius,382,deathknight,unholy,6,4,2
920,Hobyrt,bleeding-hollow,382,deathknight,unholy,6,4,2
921,Gankhiss,emerald-dream,351,deathknight,unholy,11,4,7
922,Azupo,aerie-peak,351,deathknight,unholy,14,5,9
923,Ghostdeath,blackhand,336,deathknight,unholy,9,4,5
924,Zygon,thrall,336,deathknight,unholy,9,4,5
925,Ahirek,quelthalas,320,deathknight,unholy,10,4,6
926,Stankybreath,bleeding-hollow,320,deathknight,unholy,10,4,6
927,Ekaj,azuremyst,319,deathknight,unholy,5,4,1
928,Greizul,area-52,288,deathknight,unholy,6,3,3
929,Sherank,akama,288,deathknight,unholy,6,3,3
930,Malairia,area-52,288,deathknight,unholy,6,3,3
931,Marash,moon-guard,288,deathknight,unholy,6,3,3
932,Schreit,zuljin,288,deathknight,unholy,6,3,3
933,Jerkin,area-52,288,deathknight,unholy,6,3,3
934,Andeadx,tichondrius,288,deathknight,unholy,6,3,3
935,Monglord,arthas,288,deathknight,unholy,6,3,3
936,Laeroth,zuluhed,288,deathknight,unholy,6,3,3
937,Adavynn,darkspear,288,deathknight,unholy,6,3,3
938,Alivaron,lothar,288,deathknight,unholy,6,3,3
939,Handler,nemesis,288,deathknight,unholy,6,3,3
940,Birnolan,proudmoore,288,deathknight,unholy,6,3,3
941,Petkick,tichondrius,288,deathknight,unholy,6,3,3
942,Disritmia,stormrage,288,deathknight,unholy,6,3,3
943,Shookdnation,suramar,288,deathknight,unholy,6,3,3
944,Ventuss,bleeding-hollow,288,deathknight,unholy,6,3,3
945,Chrønnøz,nemesis,288,deathknight,unholy,6,3,3
946,Smokeyjoe,aegwynn,288,deathknight,unholy,6,3,3
947,Blitzcreig,sargeras,288,deathknight,unholy,6,3,3
948,Lafourche,sargeras,288,deathknight,unholy,6,3,3
949,Anderius,tichondrius,288,deathknight,unholy,6,3,3
950,Bosleigor,elune,288,deathknight,unholy,6,3,3
951,Válak,stormrage,288,deathknight,unholy,6,3,3
952,Rizzchimp,tichondrius,288,deathknight,unholy,6,3,3
953,Trant,tichondrius,288,deathknight,unholy,6,3,3
954,Remõrse,moon-guard,288,deathknight,unholy,6,3,3
955,Ödens,dalaran,288,deathknight,unholy,6,3,3
956,Mawvac,quelthalas,288,deathknight,unholy,6,3,3
957,Coldsleeps,saurfang,288,deathknight,unholy,6,3,3
958,Chibalaloca,quelthalas,288,deathknight,unholy,6,3,3
959,Grýmm,bonechewer,288,deathknight,unholy,6,3,3
960,Holsey,moon-guard,288,deathknight,unholy,6,3,3
961,Lepanda,skywall,288,deathknight,unholy,6,3,3
962,Xènia,exodar,288,deathknight,unholy,6,3,3
963,Redrox,tichondrius,288,deathknight,unholy,6,3,3
964,Sbplaysdk,akama,288,deathknight,unholy,6,3,3
965,Mýrrh,wyrmrest-accord,288,deathknight,unholy,6,3,3
966,Vinaroth,kiljaeden,288,deathknight,unholy,6,3,3
967,Lilwayne,archimonde,288,deathknight,unholy,6,3,3
968,Viscerus,stormrage,288,deathknight,unholy,6,3,3
969,Vigarst,azralon,288,deathknight,unholy,6,3,3
970,Indraz,jubeithos,288,deathknight,unholy,6,3,3
971,Nifftybear,tichondrius,288,deathknight,unholy,6,3,3
972,Mendoh,tichondrius,288,deathknight,unholy,6,3,3
973,Icefrost,ghostlands,288,deathknight,unholy,6,3,3
974,Supermane,jubeithos,288,deathknight,unholy,6,3,3
975,Frostdest,kiljaeden,288,deathknight,unholy,6,3,3
976,Jorich,ragnaros,288,deathknight,unholy,6,3,3
977,Drippedout,illidan,288,deathknight,unholy,6,3,3
978,Vexmaw,twisting-nether,288,deathknight,unholy,6,3,3
979,Yeetmaster,area-52,288,deathknight,unholy,6,3,3
980,Frenzza,frostmourne,288,deathknight,unholy,6,3,3
981,Grizzdk,blackrock,288,deathknight,unholy,6,3,3
982,Pepecoomer,frostmourne,288,deathknight,unholy,6,3,3
983,Fearfull,hyjal,288,deathknight,unholy,6,3,3
984,Kossero,thunderlord,288,deathknight,unholy,6,3,3
985,Ariacy,sargeras,288,deathknight,unholy,6,3,3
986,Renaming,area-52,288,deathknight,unholy,9,4,5
987,Oroborus,korgath,288,deathknight,unholy,8,3,5
988,Boomxic,shuhalo,288,deathknight,unholy,11,4,7
989,Mongomongo,malganis,288,deathknight,unholy,12,3,9
990,Wisdôm,frostmourne,288,deathknight,unholy,12,3,9
991,Angerforge,illidan,288,deathknight,unholy,12,3,9
992,Carmii,wyrmrest-accord,288,deathknight,unholy,12,3,9
993,Danlorinis,moon-guard,288,deathknight,unholy,12,3,9
994,Garonse,wyrmrest-accord,288,deathknight,unholy,12,3,9
995,Abømination,zuljin,288,deathknight,unholy,12,3,9
996,Torsophuk,stormrage,288,deathknight,unholy,12,3,9
997,Chosenrune,stormrage,288,deathknight,unholy,12,3,9
998,Fokit,barthilas,288,deathknight,unholy,12,3,9
999,Dkjs,anetheron,288,deathknight,unholy,12,3,9
1000,Chosenhero,stormrage,288,deathknight,unholy,12,3,9
1001,Coldmilk,wyrmrest-accord,288,deathknight,unholy,12,3,9
1002,Gigabone,tichondrius,288,deathknight,unholy,12,3,9
1003,Lolgriped,tichondrius,288,deathknight,unholy,12,3,9
1004,Rottenqunt,tichondrius,288,deathknight,unholy,12,3,9
1005,Techneeq,tichondrius,288,deathknight,unholy,12,3,9
1006,Coffeemilk,kiljaeden,288,deathknight,unholy,13,3,10
1007,Deathsent,malganis,288,deathknight,unholy,18,3,15
1008,Jman,kaelthas,287,deathknight,unholy,6,3,3
1009,Dàndàn,lightbringer,287,deathknight,unholy,6,3,3
1010,Malovv,nemesis,287,deathknight,unholy,6,3,3
1011,Chanskey,stormrage,287,deathknight,unholy,9,3,6
1012,Zedknight,emerald-dream,287,deathknight,unholy,15,4,11
1013,Morthul,tol-barad,287,deathknight,unholy,12,3,9
1014,Orthason,moon-guard,286,deathknight,unholy,6,3,3
1015,Papparoach,ysera,286,deathknight,unholy,6,3,3
1016,Copy,suramar,271,deathknight,unholy,11,3,8
1017,Milkdrugs,daggerspine,256,deathknight,unholy,10,3,7
1018,Baskel,frostmane,255,deathknight,unholy,11,3,8
1019,Deathrowe,blackhand,240,deathknight,unholy,9,3,6
1020,Originalsin,tichondrius,239,deathknight,unholy,5,3,2
1021,Dairboi,sargeras,239,deathknight,unholy,5,3,2
1022,Mefistô,quelthalas,192,deathknight,unholy,4,3,1
1023,Charabone,ragnaros,192,deathknight,unholy,4,3,1
1024,Asterend,proudmoore,192,deathknight,unholy,4,3,1
1025,Supfam,tichondrius,192,deathknight,unholy,6,2,4
1026,Mesx,tichondrius,192,deathknight,unholy,6,2,4
1027,Drzièglér,tichondrius,192,deathknight,unholy,6,2,4
1028,Kranaz,barthilas,192,deathknight,unholy,6,2,4
1029,Masochrist,baelgun,192,deathknight,unholy,6,2,4
1030,Zerodk,kelthuzad,192,deathknight,unholy,6,2,4
1031,Hanung,tichondrius,192,deathknight,unholy,6,2,4
1032,Vlladimir,kelthuzad,192,deathknight,unholy,6,2,4
1033,Gooré,ragnaros,192,deathknight,unholy,6,2,4
1034,Cäin,dreadmaul,192,deathknight,unholy,6,2,4
1035,Lìlith,dreadmaul,192,deathknight,unholy,6,2,4
1036,Tbop,ragnaros,192,deathknight,unholy,6,2,4
1037,Kookx,tichondrius,192,deathknight,unholy,6,2,4
1038,Orcazmic,area-52,192,deathknight,unholy,6,2,4
1039,Válhállá,ragnaros,192,deathknight,unholy,6,2,4
1040,Poubelle,malganis,192,deathknight,unholy,6,2,4
1041,Chandsformer,tichondrius,192,deathknight,unholy,6,2,4
1042,Fizzease,illidan,192,deathknight,unholy,6,2,4
1043,Båñglàdëshì,tichondrius,192,deathknight,unholy,6,2,4
1044,Sieg,goldrinn,192,deathknight,unholy,6,2,4
1045,Dxssxe,tichondrius,192,deathknight,unholy,6,2,4
1046,Mistake,ragnaros,192,deathknight,unholy,6,2,4
1047,Questíonable,arthas,192,deathknight,unholy,6,2,4
1048,Gatitos,ragnaros,192,deathknight,unholy,6,2,4
1049,Orbo,elune,192,deathknight,unholy,6,2,4
1050,Nightdaddyy,laughing-skull,192,deathknight,unholy,6,2,4
1051,Uncoachablex,illidan,192,deathknight,unholy,6,2,4
1052,Ahmisu,tichondrius,192,deathknight,unholy,6,2,4
1053,Afkftwok,illidan,192,deathknight,unholy,6,2,4
1054,Twocolors,gilneas,192,deathknight,unholy,6,2,4
1055,Ralphpootawn,illidan,192,deathknight,unholy,6,2,4
1056,Spaxz,illidan,192,deathknight,unholy,6,2,4
1057,Tristam,area-52,192,deathknight,unholy,6,2,4
1058,Grimreminder,zuljin,192,deathknight,unholy,6,2,4
1059,Jinus,earthen-ring,192,deathknight,unholy,6,2,4
1060,Deathhimself,moonrunner,192,deathknight,unholy,6,2,4
1061,Junepí,stormrage,192,deathknight,unholy,6,2,4
1062,Blooddisease,frostmourne,192,deathknight,unholy,6,2,4
1063,Moonkhink,stormrage,192,deathknight,unholy,6,2,4
1064,Saraphdk,area-52,192,deathknight,unholy,6,2,4
1065,Cimitiere,stormrage,192,deathknight,unholy,6,2,4
1066,Nurglet,proudmoore,192,deathknight,unholy,6,2,4
1067,Sokthr,proudmoore,192,deathknight,unholy,6,2,4
1068,Eastcoast,azuremyst,192,deathknight,unholy,6,2,4
1069,Mardrank,stormrage,192,deathknight,unholy,6,2,4
1070,Kmardk,area-52,192,deathknight,unholy,6,2,4
1071,Havasu,proudmoore,192,deathknight,unholy,6,2,4
1072,Hastë,proudmoore,192,deathknight,unholy,6,2,4
1073,Gusabio,drakkari,192,deathknight,unholy,6,2,4
1074,Bealzabubb,sargeras,192,deathknight,unholy,6,2,4
1075,Raahjx,sargeras,192,deathknight,unholy,6,2,4
1076,Menalise,moon-guard,192,deathknight,unholy,6,2,4
1077,Onsslaught,sargeras,192,deathknight,unholy,6,2,4
1078,Teedk,drakthul,192,deathknight,unholy,6,2,4
1079,Zilli,blackrock,192,deathknight,unholy,6,2,4
1080,Mako,garithos,192,deathknight,unholy,6,2,4
1081,Dustknight,sargeras,192,deathknight,unholy,6,2,4
1082,Lunatick,darkspear,192,deathknight,unholy,6,2,4
1083,Rockadeath,sargeras,192,deathknight,unholy,6,2,4
1084,Tacofoxlol,tichondrius,192,deathknight,unholy,12,2,10
1085,Chachea,kiljaeden,192,deathknight,unholy,12,2,10
1086,Dravoc,kelthuzad,192,deathknight,unholy,12,2,10
1087,Ðìvíne,illidan,192,deathknight,unholy,12,2,10
1088,Ayooplaguez,guldan,192,deathknight,unholy,12,2,10
1089,Ovulating,malganis,192,deathknight,unholy,12,2,10
1090,Longlnus,malganis,192,deathknight,unholy,12,2,10
1091,Maliceborn,stormrage,192,deathknight,unholy,12,2,10
1092,Scythê,barthilas,192,deathknight,unholy,12,2,10
1093,Fzero,frostmourne,192,deathknight,unholy,12,2,10
1094,Rykard,hyjal,192,deathknight,unholy,12,2,10
1095,Giraldus,stormrage,192,deathknight,unholy,12,2,10
1096,Drdeathz,sargeras,191,deathknight,unholy,6,2,4
1097,Vynjonc,drenden,191,deathknight,unholy,6,2,4
1098,Larrisey,illidan,191,deathknight,unholy,6,2,4
1099,Fishtouching,illidan,175,deathknight,unholy,11,2,9
1100,Hooker,dragonmaw,138,deathknight,unholy,8,4,4
1101,Glacíuss,ragnaros,138,deathknight,unholy,9,4,5
1102,Hobdk,malganis,128,deathknight,unholy,9,2,7
1103,Ðëthbringër,jubeithos,127,deathknight,unholy,8,2,6
1104,Lunaxx,ragnaros,96,deathknight,unholy,6,1,5
1105,Stormsick,ragnaros,96,deathknight,unholy,6,1,5
1106,Azryull,perenolde,96,deathknight,unholy,6,1,5
1107,Amö,emerald-dream,96,deathknight,unholy,6,1,5
1108,Percy,thaurissan,96,deathknight,unholy,6,1,5
1109,Moldremover,frostmourne,96,deathknight,unholy,6,1,5
1110,Bein,frostmourne,96,deathknight,unholy,6,1,5
1111,Requísition,barthilas,96,deathknight,unholy,6,1,5
1112,Apeirøn,quelthalas,96,deathknight,unholy,6,1,5
1113,Zenin,emerald-dream,96,deathknight,unholy,6,1,5
1114,Report,dathremar,96,deathknight,unholy,6,1,5
1115,Rgn,deathwing,96,deathknight,unholy,6,1,5
1116,Tìtø,ragnaros,96,deathknight,unholy,6,1,5
1117,Ishamaael,tichondrius,96,deathknight,unholy,6,1,5
1118,Lichhbanne,doomhammer,96,deathknight,unholy,6,1,5
1119,Dknightor,dalaran,96,deathknight,unholy,6,1,5
1120,Alexanderz,quelthalas,96,deathknight,unholy,6,1,5
1121,Gröxxigor,azralon,96,deathknight,unholy,6,1,5
1122,Kìrìtó,malygos,96,deathknight,unholy,6,1,5
1123,Sever,demon-soul,96,deathknight,unholy,6,1,5
1124,Bealzabbub,sargeras,96,deathknight,unholy,6,1,5
1125,Artyboy,icecrown,96,deathknight,unholy,6,1,5
1126,Ellipsoro,onyxia,96,deathknight,unholy,6,1,5
1127,Valandiel,jubeithos,96,deathknight,unholy,6,1,5
1128,Hunwild,emerald-dream,96,deathknight,unholy,6,1,5
1129,Iluvbooty,blackrock,96,deathknight,unholy,6,1,5
1130,Alayssia,darkspear,96,deathknight,unholy,6,1,5
1131,Sandolorian,area-52,96,deathknight,unholy,6,1,5
1132,Grimorra,bleeding-hollow,96,deathknight,unholy,6,1,5
1133,Worgenracist,tichondrius,96,deathknight,unholy,6,1,5
1134,Vicesquad,tichondrius,96,deathknight,unholy,6,1,5
1135,Dethklòk,area-52,96,deathknight,unholy,6,1,5
1136,Krw,stormrage,96,deathknight,unholy,6,1,5
1137,Heavic,skywall,96,deathknight,unholy,6,1,5
1138,Almostdead,proudmoore,96,deathknight,unholy,6,1,5
1139,Andivh,hydraxis,96,deathknight,unholy,6,1,5
1140,Nachohands,laughing-skull,96,deathknight,unholy,6,1,5
1141,Abake,illidan,96,deathknight,unholy,6,1,5
1142,Gnargnarr,firetree,96,deathknight,unholy,6,1,5
1143,Apocalypsis,uldum,96,deathknight,unholy,6,1,5
1144,Terrethess,illidan,96,deathknight,unholy,6,1,5
1145,Erodin,moon-guard,96,deathknight,unholy,6,1,5
1146,Deathscyythe,illidan,96,deathknight,unholy,6,1,5
1147,Dontbanmepls,zuljin,96,deathknight,unholy,6,1,5
1148,Otarin,tichondrius,96,deathknight,unholy,6,1,5
1149,Rotfang,elune,96,deathknight,unholy,6,1,5
1150,Jessefur,undermine,96,deathknight,unholy,6,1,5
1151,Maskofwintrs,zuljin,96,deathknight,unholy,6,1,5
1152,Istery,thrall,96,deathknight,unholy,6,1,5
1153,Tarone,zuljin,96,deathknight,unholy,6,1,5
1154,Argy,zuljin,96,deathknight,unholy,6,1,5
1155,Perculës,sargeras,96,deathknight,unholy,7,1,6
1156,Aqs,sargeras,96,deathknight,unholy,9,1,8
1157,Níce,tichondrius,96,deathknight,unholy,12,1,11
1158,Skadattle,emerald-dream,96,deathknight,unholy,12,1,11
1159,Darnkiller,kelthuzad,96,deathknight,unholy,18,1,17
1160,Funerall,azralon,95,deathknight,unholy,12,1,11
1161,Frostbytez,barthilas,79,deathknight,unholy,5,1,4
1162,Deanz,stormrage,63,deathknight,unholy,2,2,0
1163,Asfaq,frostmourne,63,deathknight,unholy,2,2,0
1164,Spleem,stormrage,48,deathknight,unholy,3,1,2
1165,Lördd,moon-guard,42,deathknight,unholy,11,3,8
1166,Harrypottr,darrowmere,42,deathknight,unholy,8,2,6
1167,Lazenca,malganis,31,deathknight,unholy,2,1,1
1168,Pookr,area-52,2214,deathknight,frost,355,180,175
1169,Yoinkzz,illidan,2167,deathknight,frost,113,58,55
1170,Sylèss,tichondrius,1949,deathknight,frost,78,43,35
1171,Thânätos,nemesis,1908,deathknight,frost,60,32,28
1172,Raiekko,dalaran,1893,deathknight,frost,66,33,33
1173,Duranteh,illidan,1881,deathknight,frost,60,32,28
1174,Saco,malganis,1874,deathknight,frost,104,60,44
1175,Venvicta,tichondrius,1850,deathknight,frost,44,31,13
1176,Scareth,proudmoore,1823,deathknight,frost,46,27,19
1177,Deaddubya,illidan,1815,deathknight,frost,63,40,23
1178,Dkyeico,ragnaros,1762,deathknight,frost,90,44,46
1179,Chillbaynê,the-scryers,1754,deathknight,frost,36,22,14
1180,Ksmc,tichondrius,1740,deathknight,frost,54,27,27
1181,Fastapi,tichondrius,1737,deathknight,frost,90,41,49
1182,Sober,destromath,1712,deathknight,frost,95,48,47
1183,Mikepinkdk,illidan,1700,deathknight,frost,75,40,35
1184,Mikeycal,stormrage,1677,deathknight,frost,54,25,29
1185,Frosthana,illidan,1654,deathknight,frost,72,33,39
1186,Børeas,quelthalas,1645,deathknight,frost,96,43,53
1187,Gkdm,tichondrius,1643,deathknight,frost,42,21,21
1188,Tzepesci,hyjal,1626,deathknight,frost,58,26,32
1189,Iccyhottie,stormrage,1621,deathknight,frost,82,42,40
1190,Devcoil,sargeras,1617,deathknight,frost,36,17,19
1191,Ebolaxd,area-52,1614,deathknight,frost,42,21,21
1192,Rekktless,aerie-peak,1613,deathknight,frost,66,34,32
1193,Worgenracist,tichondrius,1598,deathknight,frost,53,22,31
1194,Fußuky,quelthalas,1594,deathknight,frost,76,39,37
1195,Zemzil,tichondrius,1558,deathknight,frost,50,22,28
1196,Vãl,sargeras,1556,deathknight,frost,36,18,18
1197,Percy,thaurissan,1537,deathknight,frost,139,62,77
1198,Axiomqt,tichondrius,1530,deathknight,frost,30,16,14
1199,Grakth,quelthalas,1527,deathknight,frost,66,37,29
1200,Lho,caelestrasz,1522,deathknight,frost,77,41,36
1201,Uzgard,zuljin,1517,deathknight,frost,65,38,27
1202,Report,dathremar,1494,deathknight,frost,75,38,37
1203,Jimmyjohnson,illidan,1487,deathknight,frost,59,35,24
1204,Emanuels,quelthalas,1480,deathknight,frost,30,16,14
1205,Trødz,tichondrius,1464,deathknight,frost,42,19,23
1206,Darkwraith,illidan,1461,deathknight,frost,36,17,19
1207,Dekanok,korgath,1452,deathknight,frost,30,16,14
1208,Jazh,tichondrius,1441,deathknight,frost,59,23,36
1209,Umbramane,tichondrius,1438,deathknight,frost,39,19,20
1210,Vuldy,blackhand,1396,deathknight,frost,30,17,13
1211,Ellipsoro,onyxia,1393,deathknight,frost,72,33,39
1212,Eldavò,quelthalas,1393,deathknight,frost,60,25,35
1213,Khalid,azgalor,1376,deathknight,frost,54,23,31
1214,Clongeus,tichondrius,1374,deathknight,frost,54,25,29
1215,Tangarang,dalaran,1372,deathknight,frost,36,16,20
1216,Abrahams,tichondrius,1369,deathknight,frost,40,18,22
1217,Barrodir,tichondrius,1358,deathknight,frost,51,31,20
1218,Gwab,stormrage,1354,deathknight,frost,48,20,28
1219,Thetalis,moon-guard,1346,deathknight,frost,78,38,40
1220,Kryptikkyt,blackrock,1341,deathknight,frost,18,14,4
1221,Ðerion,stormrage,1339,deathknight,frost,116,52,64
1222,Remanent,tichondrius,1336,deathknight,frost,24,14,10
1223,Clapdat,malganis,1335,deathknight,frost,114,56,58
1224,Dontbanmepls,zuljin,1318,deathknight,frost,30,14,16
1225,Tekc,nemesis,1317,deathknight,frost,132,64,68
1226,Nevermor,malganis,1301,deathknight,frost,72,35,37
1227,Bridenbrad,quelthalas,1299,deathknight,frost,27,17,10
1228,Sinyay,tichondrius,1291,deathknight,frost,48,29,19
1229,Estali,kelthuzad,1286,deathknight,frost,99,46,53
1230,Lichborn,azralon,1279,deathknight,frost,60,24,36
1231,Abake,illidan,1267,deathknight,frost,62,30,32
1232,Darkreígn,tichondrius,1265,deathknight,frost,35,18,17
1233,Alexanderz,quelthalas,1264,deathknight,frost,36,15,21
1234,Kruspy,area-52,1261,deathknight,frost,42,19,23
1235,Iceice,emerald-dream,1259,deathknight,frost,78,34,44
1236,Rylas,destromath,1250,deathknight,frost,57,25,32
1237,Runtasticxz,tichondrius,1247,deathknight,frost,24,13,11
1238,Sandooñ,tichondrius,1240,deathknight,frost,66,27,39
1239,Alexeous,wyrmrest-accord,1240,deathknight,frost,91,36,55
1240,Bâttalion,illidan,1237,deathknight,frost,30,13,17
1241,Rayden,frostmourne,1235,deathknight,frost,24,13,11
1242,Yödä,barthilas,1235,deathknight,frost,36,14,22
1243,Darketvam,illidan,1230,deathknight,frost,38,23,15
1244,Bossk,emerald-dream,1229,deathknight,frost,30,13,17
1245,Spoon,sargeras,1223,deathknight,frost,70,33,37
1246,Sécret,tichondrius,1212,deathknight,frost,24,13,11
1247,Darfik,sargeras,1205,deathknight,frost,114,63,51
1248,Jackofblades,veknilash,1204,deathknight,frost,66,32,34
1249,Zefdk,illidan,1186,deathknight,frost,48,27,21
1250,Eloton,daggerspine,1184,deathknight,frost,23,13,10
1251,Flins,nemesis,1167,deathknight,frost,275,137,138
1252,Tìtø,ragnaros,1151,deathknight,frost,24,12,12
1253,Deadspellz,bleeding-hollow,1149,deathknight,frost,24,12,12
1254,Tambaknight,nemesis,1146,deathknight,frost,44,15,29
1255,Rembrandtdk,gorefiend,1143,deathknight,frost,24,12,12
1256,Janco,runetotem,1141,deathknight,frost,24,12,12
1257,Frostunholy,tichondrius,1140,deathknight,frost,24,12,12
1258,Jordankg,tanaris,1137,deathknight,frost,30,12,18
1259,Laumuelden,ragnaros,1135,deathknight,frost,42,14,28
1260,Achilleo,quelthalas,1115,deathknight,frost,24,12,12
1261,Dkptador,azralon,1115,deathknight,frost,89,41,48
1262,Pembadk,tichondrius,1110,deathknight,frost,33,14,19
1263,Soulfang,nemesis,1089,deathknight,frost,42,17,25
1264,Moonnwater,frostmourne,1087,deathknight,frost,84,43,41
1265,Sephirott,boulderfist,1086,deathknight,frost,35,19,16
1266,Garryxz,quelthalas,1077,deathknight,frost,22,12,10
1267,Darkdevilvii,tichondrius,1069,deathknight,frost,66,33,33
1268,Mawvac,quelthalas,1069,deathknight,frost,72,33,39
1269,Zephyx,lightbringer,1056,deathknight,frost,18,11,7
1270,Grippygarý,illidan,1056,deathknight,frost,24,11,13
1271,Toxismall,zuljin,1056,deathknight,frost,24,11,13
1272,Puppykisses,perenolde,1055,deathknight,frost,24,11,13
1273,Jhonnsnow,frostmourne,1051,deathknight,frost,24,11,13
1274,Dregdar,emerald-dream,1049,deathknight,frost,18,11,7
1275,Malovv,nemesis,1042,deathknight,frost,18,12,6
1276,Vanyor,wyrmrest-accord,1025,deathknight,frost,44,14,30
1277,Zarathraz,ragnaros,1004,deathknight,frost,23,11,12
1278,Ciputra,blood-furnace,987,deathknight,frost,41,22,19
1279,Icedmilk,zuluhed,982,deathknight,frost,25,14,11
1280,Vorlakesh,boulderfist,979,deathknight,frost,22,11,11
1281,Sinizster,kelthuzad,974,deathknight,frost,19,11,8
1282,Skittsdk,thrall,966,deathknight,frost,24,12,12
1283,Xhín,bleeding-hollow,959,deathknight,frost,18,10,8
1284,Tokyotimxx,malganis,958,deathknight,frost,18,10,8
1285,Iskandàr,ragnaros,958,deathknight,frost,18,10,8
1286,Corrpsse,tichondrius,957,deathknight,frost,18,10,8
1287,Toothstick,stormrage,957,deathknight,frost,18,10,8
1288,Necrósy,azralon,955,deathknight,frost,18,10,8
1289,Axylus,kelthuzad,953,deathknight,frost,18,10,8
1290,Eliagianluca,caelestrasz,949,deathknight,frost,60,25,35
1291,Úndead,barthilas,943,deathknight,frost,18,10,8
1292,Kraige,tichondrius,933,deathknight,frost,30,10,20
1293,Kallugrax,kelthuzad,919,deathknight,frost,30,12,18
1294,Ârtas,uldum,913,deathknight,frost,30,10,20
1295,Fokit,barthilas,897,deathknight,frost,58,28,30
1296,Roarbane,muradin,896,deathknight,frost,18,10,8
1297,Sandolorian,area-52,892,deathknight,frost,24,10,14
1298,Larrisey,illidan,871,deathknight,frost,27,13,14
1299,Lokitabeso,ragnaros,864,deathknight,frost,12,9,3
1300,Vust,malganis,863,deathknight,frost,12,9,3
1301,Lazenca,malganis,863,deathknight,frost,18,9,9
1302,Zarakas,sargeras,863,deathknight,frost,24,9,15
1303,Kekkijutsu,bleeding-hollow,862,deathknight,frost,12,9,3
1304,Zivz,borean-tundra,862,deathknight,frost,12,9,3
1305,Thesseo,quelthalas,862,deathknight,frost,18,9,9
1306,Dkbunny,thaurissan,862,deathknight,frost,30,9,21
1307,Chicnchsteak,tichondrius,862,deathknight,frost,30,9,21
1308,Jasmíne,vashj,861,deathknight,frost,12,9,3
1309,Dreekon,bleeding-hollow,861,deathknight,frost,12,9,3
1310,Urieen,gorefiend,861,deathknight,frost,18,9,9
1311,Sporkdk,illidan,859,deathknight,frost,29,9,20
1312,Seeyoudiebr,gallywix,856,deathknight,frost,24,9,15
1313,Metaphysicsx,amanthul,839,deathknight,frost,20,9,11
1314,Uncfester,onyxia,823,deathknight,frost,18,9,9
1315,Madorderog,stormrage,811,deathknight,frost,28,13,15
1316,Loverianed,aerie-peak,807,deathknight,frost,48,13,35
1317,Lokítabesos,ragnaros,768,deathknight,frost,12,8,4
1318,Crink,sargeras,768,deathknight,frost,24,8,16
1319,Incanis,moon-guard,767,deathknight,frost,18,8,10
1320,Gypo,scilla,766,deathknight,frost,12,8,4
1321,Artourias,wyrmrest-accord,766,deathknight,frost,12,8,4
1322,Kerigann,moon-guard,766,deathknight,frost,12,8,4
1323,Freemoney,wyrmrest-accord,766,deathknight,frost,12,8,4
1324,Verhangnis,azjolnerub,765,deathknight,frost,12,8,4
1325,Dhrogar,moon-guard,762,deathknight,frost,12,8,4
1326,Dyingwolf,ragnaros,761,deathknight,frost,18,8,10
1327,Jyantdeck,area-52,760,deathknight,frost,13,8,5
1328,Nagaizao,nemesis,757,deathknight,frost,18,8,10
1329,Hansmclroy,trollbane,738,deathknight,frost,24,8,16
1330,Blooddisease,frostmourne,735,deathknight,frost,17,8,9
1331,Monglord,arthas,733,deathknight,frost,27,9,18
1332,Tarone,zuljin,688,deathknight,frost,21,10,11
1333,Russkivolk,frostmourne,688,deathknight,frost,19,8,11
1334,Griswold,windrunner,680,deathknight,frost,24,9,15
1335,Insanity,boulderfist,672,deathknight,frost,12,7,5
1336,Deathboost,stormrage,672,deathknight,frost,12,7,5
1337,Dumbledore,deathwing,672,deathknight,frost,12,7,5
1338,Anexdk,korgath,672,deathknight,frost,18,7,11
1339,Chillpills,stormrage,672,deathknight,frost,18,7,11
1340,Iriwa,tichondrius,672,deathknight,frost,24,7,17
1341,Unholycube,zuljin,671,deathknight,frost,30,7,23
1342,Carecaa,azralon,670,deathknight,frost,18,7,11
1343,Elwoodblooz,stormrage,669,deathknight,frost,15,8,7
1344,Cryptgore,moon-guard,665,deathknight,frost,18,7,11
1345,Sakaarr,bleeding-hollow,664,deathknight,frost,18,7,11
1346,Iiedown,stormrage,623,deathknight,frost,11,7,4
1347,Plaw,kiljaeden,607,deathknight,frost,11,7,4
1348,Riglros,tichondrius,576,deathknight,frost,12,6,6
1349,Dreadlight,moon-guard,576,deathknight,frost,12,6,6
1350,Rotfang,proudmoore,576,deathknight,frost,12,6,6
1351,Vigasick,azralon,576,deathknight,frost,12,6,6
1352,Darkxavros,stormrage,576,deathknight,frost,12,6,6
1353,Gladiaturd,hellscream,576,deathknight,frost,12,6,6
1354,Dementrius,zuljin,576,deathknight,frost,12,6,6
1355,Wap,bloodhoof,576,deathknight,frost,12,6,6
1356,Otarin,tichondrius,576,deathknight,frost,12,6,6
1357,Rennoc,emerald-dream,576,deathknight,frost,12,6,6
1358,Sparklekitty,illidan,576,deathknight,frost,12,6,6
1359,Soulbone,wyrmrest-accord,576,deathknight,frost,12,6,6
1360,Cozzasad,barthilas,576,deathknight,frost,12,6,6
1361,Beliath,crushridge,576,deathknight,frost,17,6,11
1362,Ariacy,sargeras,576,deathknight,frost,18,6,12
1363,Dairboi,sargeras,576,deathknight,frost,18,6,12
1364,Davenn,stormrage,575,deathknight,frost,12,6,6
1365,Tooe,darrowmere,575,deathknight,frost,12,6,6
1366,Winterstone,moon-guard,575,deathknight,frost,12,6,6
1367,Friggintough,tichondrius,575,deathknight,frost,12,6,6
1368,Ântipaladin,arthas,575,deathknight,frost,12,6,6
1369,Nezareth,sargeras,574,deathknight,frost,12,6,6
1370,Bloodbanne,darkspear,573,deathknight,frost,12,6,6
1371,Ikaris,wildhammer,569,deathknight,frost,12,6,6
1372,Werebuddy,lightnings-blade,528,deathknight,frost,15,6,9
1373,Bellum,moon-guard,511,deathknight,frost,20,6,14
1374,Lokitaßeso,ragnaros,480,deathknight,frost,6,5,1
1375,Sathanazz,ragnaros,480,deathknight,frost,6,5,1
1376,Vett,antonidas,480,deathknight,frost,6,5,1
1377,Subparatbest,chogall,480,deathknight,frost,12,5,7
1378,Martinnash,emerald-dream,480,deathknight,frost,12,5,7
1379,Onsslaught,sargeras,480,deathknight,frost,12,5,7
1380,Neaz,moon-guard,480,deathknight,frost,12,5,7
1381,Deadbeards,zuluhed,480,deathknight,frost,12,5,7
1382,Frozenhawk,lothar,480,deathknight,frost,12,5,7
1383,Sllice,aegwynn,480,deathknight,frost,12,5,7
1384,Algeross,dalaran,480,deathknight,frost,18,5,13
1385,Saighast,illidan,480,deathknight,frost,18,5,13
1386,Bëlzëbü,stormrage,479,deathknight,frost,6,5,1
1387,Moovement,illidan,479,deathknight,frost,6,5,1
1388,Caravante,azralon,479,deathknight,frost,12,5,7
1389,Janzano,deathwing,479,deathknight,frost,14,5,9
1390,Adjudicated,darkspear,477,deathknight,frost,12,5,7
1391,Dèadpool,blackhand,474,deathknight,frost,12,5,7
1392,Hiki,ragnaros,384,deathknight,frost,6,4,2
1393,Tontan,cairne,384,deathknight,frost,6,4,2
1394,Hunrune,emerald-dream,384,deathknight,frost,6,4,2
1395,Bigdooks,area-52,384,deathknight,frost,6,4,2
1396,Anatøly,ragnaros,384,deathknight,frost,6,4,2
1397,Xelonith,sargeras,384,deathknight,frost,6,4,2
1398,Orbo,elune,384,deathknight,frost,6,4,2
1399,Icewalløw,darkspear,384,deathknight,frost,6,4,2
1400,Lókhä,thrall,384,deathknight,frost,6,4,2
1401,Tanjus,kelthuzad,384,deathknight,frost,6,4,2
1402,Nabreus,ragnaros,384,deathknight,frost,6,4,2
1403,Laxatives,tichondrius,384,deathknight,frost,6,4,2
1404,Aldebamuu,ragnaros,384,deathknight,frost,6,4,2
1405,Nefarion,nathrezim,384,deathknight,frost,12,4,8
1406,Silanvia,wyrmrest-accord,384,deathknight,frost,12,4,8
1407,Shmacmiller,stormrage,384,deathknight,frost,12,4,8
1408,Deathrowe,blackhand,384,deathknight,frost,12,4,8
1409,Lichhbanne,doomhammer,384,deathknight,frost,12,4,8
1410,Xhoul,sargeras,384,deathknight,frost,12,4,8
1411,Almostdead,proudmoore,384,deathknight,frost,12,4,8
1412,Aradorn,azralon,384,deathknight,frost,12,4,8
1413,Zenin,emerald-dream,384,deathknight,frost,12,4,8
1414,Unintended,barthilas,384,deathknight,frost,12,4,8
1415,Hooterzqt,tichondrius,384,deathknight,frost,12,4,8
1416,Jykupajr,proudmoore,384,deathknight,frost,12,4,8
1417,Shinici,kelthuzad,383,deathknight,frost,9,5,4
1418,Vithael,stormrage,383,deathknight,frost,12,4,8
1419,Getmad,anvilmar,383,deathknight,frost,12,4,8
1420,Amauqsun,bleeding-hollow,383,deathknight,frost,12,4,8
1421,Cailras,argent-dawn,382,deathknight,frost,6,4,2
1422,Bullbanger,runetotem,382,deathknight,frost,6,4,2
1423,Sindragos,stormrage,382,deathknight,frost,12,4,8
1424,Deathvortex,nemesis,379,deathknight,frost,12,4,8
1425,Greeasy,bleeding-hollow,351,deathknight,frost,11,4,7
1426,Víní,azralon,288,deathknight,frost,6,3,3
1427,Frostybones,guldan,288,deathknight,frost,6,3,3
1428,Tofurious,barthilas,288,deathknight,frost,6,3,3
1429,Brumaks,quelthalas,288,deathknight,frost,6,3,3
1430,Saraphdk,area-52,288,deathknight,frost,6,3,3
1431,Yungdooks,area-52,288,deathknight,frost,6,3,3
1432,Plaugedone,lightbringer,288,deathknight,frost,6,3,3
1433,Ghouldruis,barthilas,288,deathknight,frost,6,3,3
1434,Mexe,ragnaros,288,deathknight,frost,6,3,3
1435,Laboön,stormrage,288,deathknight,frost,6,3,3
1436,Störmrünner,kelthuzad,288,deathknight,frost,6,3,3
1437,Yamanji,wyrmrest-accord,288,deathknight,frost,6,3,3
1438,Doomdk,azralon,288,deathknight,frost,6,3,3
1439,Zügzug,chogall,288,deathknight,frost,6,3,3
1440,Kalevesicant,nesingwary,288,deathknight,frost,6,3,3
1441,Démise,malganis,288,deathknight,frost,6,3,3
1442,Amarlana,mannoroth,288,deathknight,frost,6,3,3
1443,Egirlgripper,area-52,288,deathknight,frost,6,3,3
1444,Fåîrÿdûst,skullcrusher,288,deathknight,frost,6,3,3
1445,Ruggair,proudmoore,288,deathknight,frost,6,3,3
1446,Nalec,tichondrius,288,deathknight,frost,6,3,3
1447,Zygon,thrall,288,deathknight,frost,6,3,3
1448,Jughéad,thrall,288,deathknight,frost,6,3,3
1449,Gorsz,tichondrius,288,deathknight,frost,6,3,3
1450,Fearfull,hyjal,288,deathknight,frost,10,4,6
1451,Freyjani,moon-guard,288,deathknight,frost,12,3,9
1452,Paíín,illidan,288,deathknight,frost,12,3,9
1453,Toxicant,zuljin,288,deathknight,frost,12,3,9
1454,Bloodmourne,barthilas,288,deathknight,frost,12,3,9
1455,Flarkness,area-52,288,deathknight,frost,12,3,9
1456,Nenó,illidan,288,deathknight,frost,12,3,9
1457,Janus,illidan,288,deathknight,frost,12,3,9
1458,ßlazedkush,kelthuzad,287,deathknight,frost,6,3,3
1459,Válhállá,ragnaros,287,deathknight,frost,12,3,9
1460,Páthøgen,ravencrest,287,deathknight,frost,12,3,9
1461,Ergoth,darkspear,287,deathknight,frost,18,3,15
1462,Xslaught,maiev,286,deathknight,frost,6,3,3
1463,Varrine,hyjal,286,deathknight,frost,6,3,3
1464,Gnomey,area-52,255,deathknight,frost,8,4,4
1465,Crukashongal,zuljin,240,deathknight,frost,9,4,5
1466,Unwantedgrab,sargeras,239,deathknight,frost,5,3,2
1467,Hamze,stormrage,239,deathknight,frost,5,3,2
1468,Bbcobliterat,proudmoore,234,deathknight,frost,22,4,18
1469,Surcäfauces,ragnaros,192,deathknight,frost,9,3,6
1470,Crakdos,illidan,192,deathknight,frost,6,2,4
1471,Fraýja,tichondrius,192,deathknight,frost,6,2,4
1472,Envisage,kelthuzad,192,deathknight,frost,6,2,4
1473,Rulord,wyrmrest-accord,192,deathknight,frost,6,2,4
1474,Yourunigrip,tichondrius,192,deathknight,frost,6,2,4
1475,Khørne,area-52,192,deathknight,frost,6,2,4
1476,Frozenjuice,sargeras,192,deathknight,frost,6,2,4
1477,Chilivibes,boulderfist,192,deathknight,frost,6,2,4
1478,Zëb,sargeras,192,deathknight,frost,6,2,4
1479,Lichkong,dalaran,192,deathknight,frost,6,2,4
1480,Rotfang,elune,192,deathknight,frost,6,2,4
1481,Aldrey,bonechewer,192,deathknight,frost,6,2,4
1482,Piratehookah,sargeras,192,deathknight,frost,6,2,4
1483,Sayâ,frostmane,192,deathknight,frost,6,2,4
1484,Kreyun,bleeding-hollow,192,deathknight,frost,6,2,4
1485,Dahaaka,malganis,192,deathknight,frost,6,2,4
1486,Pofokut,bleeding-hollow,192,deathknight,frost,6,2,4
1487,Bonusman,sargeras,192,deathknight,frost,6,2,4
1488,Hunwild,emerald-dream,192,deathknight,frost,6,2,4
1489,Nebuchadnezz,darkspear,192,deathknight,frost,6,2,4
1490,Dego,tichondrius,192,deathknight,frost,6,2,4
1491,Oreodeath,sargeras,192,deathknight,frost,6,2,4
1492,Tarknok,moon-guard,192,deathknight,frost,6,2,4
1493,Soutennizase,azralon,192,deathknight,frost,6,2,4
1494,Bigdkk,thaurissan,192,deathknight,frost,6,2,4
1495,Demise,stormrage,192,deathknight,frost,6,2,4
1496,Alderollar,stormrage,192,deathknight,frost,6,2,4
1497,Ryugetzu,drakkari,192,deathknight,frost,6,2,4
1498,Lîch,azralon,192,deathknight,frost,6,2,4
1499,Edek,frostmourne,192,deathknight,frost,6,2,4
1500,Shadar,muradin,192,deathknight,frost,12,2,10
1501,Melyrc,quelthalas,192,deathknight,frost,12,2,10
1502,Neofrank,drakkari,192,deathknight,frost,12,2,10
1503,Záiiko,quelthalas,192,deathknight,frost,12,2,10
1504,Neowolf,azgalor,192,deathknight,frost,12,2,10
1505,Lillylilly,bleeding-hollow,192,deathknight,frost,12,2,10
1506,Evangelina,antonidas,192,deathknight,frost,12,2,10
1507,Killa,maiev,191,deathknight,frost,6,2,4
1508,Sübzerö,quelthalas,191,deathknight,frost,6,2,4
1509,Deathmike,bonechewer,191,deathknight,frost,6,2,4
1510,Rogoroth,stormrage,191,deathknight,frost,6,2,4
1511,Edhral,ragnaros,191,deathknight,frost,6,2,4
1512,Akmy,illidan,175,deathknight,frost,11,2,9
1513,Nickolas,dalvengyr,159,deathknight,frost,5,2,3
1514,Oilasslover,illidan,128,deathknight,frost,4,2,2
1515,Xaldeth,moon-guard,127,deathknight,frost,8,2,6
1516,Kookx,tichondrius,110,deathknight,frost,7,2,5
1517,Telrenaur,proudmoore,96,deathknight,frost,3,2,1
1518,Mako,garithos,96,deathknight,frost,6,1,5
1519,Himanshu,emerald-dream,96,deathknight,frost,6,1,5
1520,Grayfoxx,twisting-nether,96,deathknight,frost,6,1,5
1521,Appledog,ragnaros,96,deathknight,frost,6,1,5
1522,Denkot,stormrage,96,deathknight,frost,6,1,5
1523,Raegywn,blood-furnace,96,deathknight,frost,6,1,5
1524,Bingoez,frostmourne,96,deathknight,frost,6,1,5
1525,Gooré,ragnaros,96,deathknight,frost,6,1,5
1526,Kodokuna,bleeding-hollow,96,deathknight,frost,6,1,5
1527,Grimorra,bleeding-hollow,96,deathknight,frost,6,1,5
1528,Hadianton,stormrage,96,deathknight,frost,6,1,5
1529,Skadattle,emerald-dream,96,deathknight,frost,6,1,5
1530,Frostpanda,dalaran,96,deathknight,frost,6,1,5
1531,Vrolock,quelthalas,96,deathknight,frost,6,1,5
1532,Xakri,kelthuzad,96,deathknight,frost,6,1,5
1533,Cellebrok,bleeding-hollow,96,deathknight,frost,6,1,5
1534,Teksurugi,korgath,96,deathknight,frost,6,1,5
1535,Siphilusxo,dalaran,96,deathknight,frost,6,1,5
1536,Kakaih,azralon,96,deathknight,frost,6,1,5
1537,Einherjiar,tichondrius,96,deathknight,frost,6,1,5
1538,Mordekeiser,wyrmrest-accord,96,deathknight,frost,6,1,5
1539,Thwap,sargeras,96,deathknight,frost,6,1,5
1540,Bubblesdk,whisperwind,96,deathknight,frost,6,1,5
1541,Fexon,queldorei,95,deathknight,frost,9,1,8
1542,Xninjakiller,korgath,95,deathknight,frost,12,1,11
1543,Dromidon,darkspear,79,deathknight,frost,5,1,4
1544,Khaíne,wyrmrest-accord,64,deathknight,frost,4,1,3
1545,Magipierrot,ragnaros,64,deathknight,frost,4,1,3
1546,Agasuko,ghostlands,48,deathknight,frost,3,1,2
1547,Villåin,hyjal,42,deathknight,frost,9,2,7
1548,Twindleroot,aggramar,31,deathknight,frost,2,1,1
1549,Sharnathos,stormrage,16,deathknight,frost,1,1,0
1550,Jerric,skullcrusher,16,deathknight,frost,7,1,6
1551,Demoncouch,malganis,2137,demonhunter,havoc,90,46,44
1552,Seorae,tichondrius,2126,demonhunter,havoc,84,45,39
1553,Ehtend,malganis,2126,demonhunter,havoc,155,78,77
1554,Ehtend,sargeras,2106,demonhunter,havoc,78,42,36
1555,Insomniaq,sargeras,2102,demonhunter,havoc,115,62,53
1556,Nézuko,eldrethalas,2077,demonhunter,havoc,105,57,48
1557,Taegos,tichondrius,2072,demonhunter,havoc,351,173,178
1558,Xiaosu,tichondrius,2065,demonhunter,havoc,378,185,193
1559,Fellhamer,malganis,2054,demonhunter,havoc,123,69,54
1560,Dhcn,tichondrius,2002,demonhunter,havoc,53,30,23
1561,Ordorll,area-52,1998,demonhunter,havoc,114,59,55
1562,Lademon,tichondrius,1997,demonhunter,havoc,84,46,38
1563,Zetara,malganis,1990,demonhunter,havoc,52,34,18
1564,Nasadh,tichondrius,1980,demonhunter,havoc,78,43,35
1565,Badhábits,sargeras,1979,demonhunter,havoc,54,31,23
1566,Reps,hydraxis,1979,demonhunter,havoc,114,63,51
1567,Ìke,quelthalas,1979,demonhunter,havoc,79,43,36
1568,Terrorsong,tichondrius,1970,demonhunter,havoc,71,45,26
1569,Felz,illidan,1964,demonhunter,havoc,95,48,47
1570,Cyrøcryphä,quelthalas,1962,demonhunter,havoc,102,49,53
1571,Lifting,illidan,1960,demonhunter,havoc,84,40,44
1572,Boos,moon-guard,1949,demonhunter,havoc,112,56,56
1573,Lighost,tichondrius,1944,demonhunter,havoc,288,140,148
1574,Xch,aegwynn,1943,demonhunter,havoc,148,80,68
1575,Xtickles,frostmourne,1937,demonhunter,havoc,148,74,74
1576,Jøsem,ragnaros,1930,demonhunter,havoc,94,48,46
1577,Mvpdh,area-52,1925,demonhunter,havoc,153,80,73
1578,Kohî,sargeras,1924,demonhunter,havoc,53,27,26
1579,Andthrx,area-52,1922,demonhunter,havoc,137,73,64
1580,ßöb,aggramar,1920,demonhunter,havoc,66,34,32
1581,Calpoot,stormscale,1918,demonhunter,havoc,47,28,19
1582,Blode,tichondrius,1915,demonhunter,havoc,102,57,45
1583,Dayvenie,area-52,1910,demonhunter,havoc,119,68,51
1584,Cromega,malganis,1906,demonhunter,havoc,108,50,58
1585,Lemilion,wyrmrest-accord,1903,demonhunter,havoc,53,27,26
1586,Solit,illidan,1901,demonhunter,havoc,66,33,33
1587,Winsforgold,area-52,1899,demonhunter,havoc,54,32,22
1588,Ouru,area-52,1896,demonhunter,havoc,96,48,48
1589,Medrathis,wyrmrest-accord,1891,demonhunter,havoc,42,26,16
1590,Thânatøs,nemesis,1882,demonhunter,havoc,84,43,41
1591,Stellitas,ragnaros,1881,demonhunter,havoc,72,38,34
1592,Junma,tichondrius,1874,demonhunter,havoc,84,47,37
1593,Mvqqdh,tichondrius,1872,demonhunter,havoc,42,20,22
1594,Joshallen,malganis,1871,demonhunter,havoc,108,57,51
1595,Leothero,area-52,1863,demonhunter,havoc,54,28,26
1596,Asdazanis,nemesis,1859,demonhunter,havoc,62,32,30
1597,Azrethec,wyrmrest-accord,1855,demonhunter,havoc,108,62,46
1598,Nb,silvermoon,1853,demonhunter,havoc,59,32,27
1599,Boonchu,frostmourne,1853,demonhunter,havoc,62,31,31
1600,Bippy,durotan,1853,demonhunter,havoc,90,44,46
1601,Dwilk,sargeras,1850,demonhunter,havoc,102,46,56
1602,Mizaru,moon-guard,1849,demonhunter,havoc,35,24,11
1603,Rosinanta,malygos,1849,demonhunter,havoc,98,53,45
1604,Ystkz,tichondrius,1848,demonhunter,havoc,75,41,34
1605,Càrnagex,tichondrius,1841,demonhunter,havoc,178,88,90
1606,Airmax,tichondrius,1839,demonhunter,havoc,60,32,28
1607,Doejah,stormrage,1838,demonhunter,havoc,50,28,22
1608,Ökìtycoón,proudmoore,1833,demonhunter,havoc,78,45,33
1609,Blasphemus,illidan,1832,demonhunter,havoc,35,20,15
1610,Raiinier,sargeras,1830,demonhunter,havoc,72,45,27
1611,Divide,tichondrius,1830,demonhunter,havoc,106,58,48
1612,Maverzz,area-52,1828,demonhunter,havoc,35,20,15
1613,Takagi,kirin-tor,1828,demonhunter,havoc,221,120,101
1614,Migey,thrall,1825,demonhunter,havoc,112,65,47
1615,Vanarion,area-52,1825,demonhunter,havoc,84,36,48
1616,Beerdash,area-52,1825,demonhunter,havoc,66,28,38
1617,Darkrai,area-52,1823,demonhunter,havoc,132,73,59
1618,Potspoon,tichondrius,1823,demonhunter,havoc,132,68,64
1619,Stellartv,tichondrius,1822,demonhunter,havoc,86,44,42
1620,Mvqdh,illidan,1821,demonhunter,havoc,41,26,15
1621,Gesture,malganis,1820,demonhunter,havoc,112,72,40
1622,Karonisam,dalaran,1820,demonhunter,havoc,61,32,29
1623,Dannyolo,hyjal,1820,demonhunter,havoc,78,32,46
1624,Lamorty,tichondrius,1818,demonhunter,havoc,54,25,29
1625,Cromosh,quelthalas,1818,demonhunter,havoc,78,35,43
1626,Failtimeboat,terenas,1817,demonhunter,havoc,60,34,26
1627,Yaboiswift,stormrage,1817,demonhunter,havoc,36,19,17
1628,Garbage,illidan,1816,demonhunter,havoc,84,44,40
1629,Helenquinn,kelthuzad,1815,demonhunter,havoc,66,43,23
1630,Brotherz,tichondrius,1815,demonhunter,havoc,107,53,54
1631,Brbpetmycat,zuljin,1815,demonhunter,havoc,63,30,33
1632,Busting,tichondrius,1814,demonhunter,havoc,42,20,22
1633,Zoenin,illidan,1814,demonhunter,havoc,78,37,41
1634,Skyez,moon-guard,1814,demonhunter,havoc,115,54,61
1635,Rufio,nesingwary,1813,demonhunter,havoc,54,25,29
1636,Eldiablaso,malganis,1812,demonhunter,havoc,36,19,17
1637,Tømåtøgøðx,sargeras,1812,demonhunter,havoc,156,78,78
1638,Lucifèr,uther,1812,demonhunter,havoc,59,28,31
1639,Vowz,sargeras,1811,demonhunter,havoc,66,34,32
1640,Tyskeram,bleeding-hollow,1810,demonhunter,havoc,81,47,34
1641,Griphunt,tichondrius,1810,demonhunter,havoc,136,71,65
1642,Feldarath,sargeras,1807,demonhunter,havoc,133,76,57
1643,Xcf,area-52,1807,demonhunter,havoc,48,22,26
1644,Smqkepvrpp,zuljin,1806,demonhunter,havoc,52,35,17
1645,Bitcoingodx,tichondrius,1804,demonhunter,havoc,78,47,31
1646,Purplekuush,bleeding-hollow,1803,demonhunter,havoc,54,31,23
1647,Fruitbatx,tichondrius,1803,demonhunter,havoc,102,50,52
1648,Dhkyun,tichondrius,1801,demonhunter,havoc,54,29,25
1649,Wompo,wyrmrest-accord,1801,demonhunter,havoc,36,19,17
1650,Dewk,ghostlands,1801,demonhunter,havoc,57,29,28
1651,Icecokelime,black-dragonflight,1800,demonhunter,havoc,38,20,18
1652,Deathbladezx,tichondrius,1800,demonhunter,havoc,47,23,24
1653,Mevadow,bleeding-hollow,1800,demonhunter,havoc,120,55,65
1654,Donaldjr,area-52,1798,demonhunter,havoc,69,42,27
1655,Bløødyrøse,illidan,1794,demonhunter,havoc,30,19,11
1656,Zatharas,stormrage,1792,demonhunter,havoc,92,48,44
1657,Nuktukdh,moon-guard,1791,demonhunter,havoc,68,30,38
1658,Syrio,frostmourne,1784,demonhunter,havoc,168,94,74
1659,Thundiir,area-52,1782,demonhunter,havoc,78,42,36
1660,Oddblindguy,area-52,1777,demonhunter,havoc,30,22,8
1661,Anihilum,zuljin,1772,demonhunter,havoc,78,49,29
1662,Irisand,ragnaros,1768,demonhunter,havoc,65,33,32
1663,Dyllen,tichondrius,1766,demonhunter,havoc,140,79,61
1664,Monfel,dalaran,1765,demonhunter,havoc,90,55,35
1665,Crittic,thrall,1764,demonhunter,havoc,54,25,29
1666,Drachyn,darkspear,1762,demonhunter,havoc,65,29,36
1667,Ahsref,stormrage,1757,demonhunter,havoc,60,30,30
1668,Theprodigy,malganis,1756,demonhunter,havoc,54,28,26
1669,Sadgirlx,area-52,1756,demonhunter,havoc,54,28,26
1670,Kázeshini,frostmourne,1756,demonhunter,havoc,125,60,65
1671,Sleepyjoeb,illidan,1752,demonhunter,havoc,48,27,21
1672,Immortalsinz,dalaran,1747,demonhunter,havoc,112,48,64
1673,Ubetterun,azralon,1746,demonhunter,havoc,117,62,55
1674,Wherwelandin,zuljin,1746,demonhunter,havoc,45,22,23
1675,Noobstaa,area-52,1745,demonhunter,havoc,48,34,14
1676,Ðavid,firetree,1745,demonhunter,havoc,96,48,48
1677,Lazydeamon,frostmourne,1740,demonhunter,havoc,60,26,34
1678,Írís,blackrock,1739,demonhunter,havoc,66,43,23
1679,Devotio,emerald-dream,1738,demonhunter,havoc,72,42,30
1680,Furious,tichondrius,1737,demonhunter,havoc,48,23,25
1681,Hoochee,lightnings-blade,1735,demonhunter,havoc,73,39,34
1682,Firstsol,stormrage,1734,demonhunter,havoc,54,33,21
1683,Harríson,tichondrius,1734,demonhunter,havoc,96,47,49
1684,Axalark,nemesis,1733,demonhunter,havoc,54,26,28
1685,Lilise,kiljaeden,1731,demonhunter,havoc,72,35,37
1686,Hogmandh,illidan,1729,demonhunter,havoc,48,23,25
1687,Bigbadmad,stormrage,1728,demonhunter,havoc,108,52,56
1688,Dangerspud,frostmourne,1726,demonhunter,havoc,54,23,31
1689,Bbteaa,frostmourne,1724,demonhunter,havoc,86,45,41
1690,Dealer,frostmourne,1721,demonhunter,havoc,48,25,23
1691,Croches,tichondrius,1721,demonhunter,havoc,36,18,18
1692,Larandaa,sargeras,1720,demonhunter,havoc,60,33,27
1693,Çhan,tichondrius,1717,demonhunter,havoc,153,79,74
1694,Doeja,illidan,1713,demonhunter,havoc,30,18,12
1695,Thehonor,tichondrius,1713,demonhunter,havoc,65,36,29
1696,Ruffolina,azralon,1713,demonhunter,havoc,163,89,74
1697,Aetheris,bleeding-hollow,1709,demonhunter,havoc,78,34,44
1698,Obsidians,korgath,1708,demonhunter,havoc,49,31,18
1699,Demabrak,azralon,1707,demonhunter,havoc,47,23,24
1700,Soyboycuck,emerald-dream,1705,demonhunter,havoc,36,18,18
1701,Rôsè,tichondrius,1704,demonhunter,havoc,70,40,30
1702,Xeylin,sargeras,1703,demonhunter,havoc,54,34,20
1703,Promitto,tichondrius,1703,demonhunter,havoc,35,21,14
1704,Gamernation,area-52,1703,demonhunter,havoc,57,29,28
1705,Wildh,stormrage,1702,demonhunter,havoc,66,35,31
1706,Xanthalos,wyrmrest-accord,1702,demonhunter,havoc,138,68,70
1707,Xøtourlife,malganis,1701,demonhunter,havoc,52,25,27
1708,Nopohunter,burning-blade,1699,demonhunter,havoc,47,31,16
1709,Junmà,tichondrius,1699,demonhunter,havoc,60,38,22
1710,Raahjxz,sargeras,1696,demonhunter,havoc,54,33,21
1711,Johnconnor,tichondrius,1696,demonhunter,havoc,53,20,33
1712,Chiesa,sargeras,1695,demonhunter,havoc,34,27,7
1713,Tendiës,tichondrius,1695,demonhunter,havoc,44,23,21
1714,Imaginedmg,illidan,1695,demonhunter,havoc,54,26,28
1715,Sacredtree,tichondrius,1694,demonhunter,havoc,56,30,26
1716,Felswamp,zuljin,1694,demonhunter,havoc,42,20,22
1717,Fenomeno,tichondrius,1693,demonhunter,havoc,46,25,21
1718,Saaldh,zuljin,1693,demonhunter,havoc,47,20,27
1719,Jcosta,tichondrius,1692,demonhunter,havoc,43,20,23
1720,Munyanyô,moon-guard,1691,demonhunter,havoc,41,26,15
1721,Tubaki,tichondrius,1691,demonhunter,havoc,35,19,16
1722,Sarynrae,malganis,1691,demonhunter,havoc,46,24,22
1723,Speedh,area-52,1691,demonhunter,havoc,36,18,18
1724,Deaforalive,malganis,1690,demonhunter,havoc,96,54,42
1725,Cöcainë,stormrage,1689,demonhunter,havoc,36,24,12
1726,Flyudzhin,azgalor,1689,demonhunter,havoc,116,56,60
1727,Kìed,kiljaeden,1687,demonhunter,havoc,48,24,24
1728,Wickbeams,barthilas,1684,demonhunter,havoc,59,28,31
1729,Dawgzo,thunderhorn,1682,demonhunter,havoc,60,34,26
1730,Sikarnix,stormrage,1682,demonhunter,havoc,54,23,31
1731,Sicknizzle,area-52,1679,demonhunter,havoc,60,32,28
1732,Netherbane,azgalor,1679,demonhunter,havoc,66,32,34
1733,Nips,lightnings-blade,1675,demonhunter,havoc,54,33,21
1734,Dhwhat,stormrage,1675,demonhunter,havoc,53,32,21
1735,Ironsightsdh,dalaran,1675,demonhunter,havoc,77,42,35
1736,Buddyyguy,illidan,1675,demonhunter,havoc,102,45,57
1737,Folkmagic,proudmoore,1673,demonhunter,havoc,30,18,12
1738,Jaauk,ragnaros,1672,demonhunter,havoc,46,21,25
1739,Tichóndrius,tichondrius,1671,demonhunter,havoc,89,51,38
1740,Sypï,malganis,1669,demonhunter,havoc,42,20,22
1741,Madepp,tichondrius,1669,demonhunter,havoc,42,20,22
1742,Bloodhunter,exodar,1668,demonhunter,havoc,92,53,39
1743,Boagz,area-52,1660,demonhunter,havoc,84,48,36
1744,Kioka,khaz-modan,1659,demonhunter,havoc,34,20,14
1745,Nolabb,tichondrius,1659,demonhunter,havoc,72,38,34
1746,Nadlli,bleeding-hollow,1659,demonhunter,havoc,67,32,35
1747,Ilìdarì,zuljin,1657,demonhunter,havoc,33,20,13
1748,Scylus,tichondrius,1657,demonhunter,havoc,66,39,27
1749,Ethhunter,proudmoore,1656,demonhunter,havoc,66,31,35
1750,Azinoht,ragnaros,1656,demonhunter,havoc,122,57,65
1751,Ninetalesx,sargeras,1655,demonhunter,havoc,29,19,10
1752,Baalböski,tichondrius,1655,demonhunter,havoc,64,32,32
1753,Sáìto,arthas,1654,demonhunter,havoc,30,19,11
1754,Azexion,malganis,1653,demonhunter,havoc,70,34,36
1755,Ðaredevil,azralon,1650,demonhunter,havoc,36,22,14
1756,Needlepoint,illidan,1649,demonhunter,havoc,41,25,16
1757,Chîsäki,quelthalas,1649,demonhunter,havoc,75,40,35
1758,Tendies,tichondrius,1649,demonhunter,havoc,42,21,21
1759,Askvivian,sargeras,1647,demonhunter,havoc,61,34,27
1760,Vapegodxqt,aegwynn,1647,demonhunter,havoc,50,25,25
1761,Asheng,cairne,1646,demonhunter,havoc,45,22,23
1762,Vendeem,moonrunner,1645,demonhunter,havoc,68,36,32
1763,Warlasher,zuljin,1644,demonhunter,havoc,132,70,62
1764,Biognosis,ragnaros,1642,demonhunter,havoc,72,31,41
1765,Vândel,kelthuzad,1639,demonhunter,havoc,47,22,25
1766,Gôôseberry,malganis,1639,demonhunter,havoc,81,37,44
1767,Remh,bleeding-hollow,1638,demonhunter,havoc,206,103,103
1768,Pubelice,draenor,1636,demonhunter,havoc,36,25,11
1769,Randomdh,zuljin,1636,demonhunter,havoc,43,23,20
1770,Khaõs,tichondrius,1636,demonhunter,havoc,78,34,44
1771,Synthwäve,area-52,1634,demonhunter,havoc,36,23,13
1772,Joric,dalaran,1634,demonhunter,havoc,48,30,18
1773,Balancedtoon,tichondrius,1632,demonhunter,havoc,36,22,14
1774,Demoncastx,tichondrius,1632,demonhunter,havoc,83,47,36
1775,Accidcleaves,sargeras,1632,demonhunter,havoc,48,26,22
1776,Seraphïel,khaz-modan,1631,demonhunter,havoc,36,23,13
1777,Deathlex,sargeras,1631,demonhunter,havoc,60,30,30
1778,Cezkia,hyjal,1629,demonhunter,havoc,72,36,36
1779,Stefdh,tichondrius,1627,demonhunter,havoc,51,23,28
1780,Poogzzig,tichondrius,1626,demonhunter,havoc,54,27,27
1781,Rekttx,area-52,1625,demonhunter,havoc,64,34,30
1782,Cuper,tichondrius,1623,demonhunter,havoc,72,41,31
1783,Perspirant,malganis,1623,demonhunter,havoc,41,23,18
1784,Sivà,tichondrius,1622,demonhunter,havoc,69,35,34
1785,Zeroheaven,stormrage,1621,demonhunter,havoc,48,19,29
1786,Hehehaha,wyrmrest-accord,1620,demonhunter,havoc,30,20,10
1787,Zachfortnite,emerald-dream,1616,demonhunter,havoc,30,19,11
1788,Dingowango,illidan,1615,demonhunter,havoc,42,19,23
1789,Glaivediggar,barthilas,1614,demonhunter,havoc,94,41,53
1790,Taszyn,blackrock,1613,demonhunter,havoc,92,51,41
1791,Karmakula,tichondrius,1613,demonhunter,havoc,77,39,38
1792,Anathørn,ragnaros,1612,demonhunter,havoc,42,23,19
1793,Jpdh,frostmourne,1612,demonhunter,havoc,56,30,26
1794,Dammitbôbby,tichondrius,1610,demonhunter,havoc,109,61,48
1795,Bitskii,kelthuzad,1610,demonhunter,havoc,47,21,26
1796,Jk,dreadmaul,1609,demonhunter,havoc,70,40,30
1797,Crixxus,zuljin,1609,demonhunter,havoc,48,20,28
1798,Yiptaw,area-52,1608,demonhunter,havoc,55,29,26
1799,Ferano,frostmourne,1606,demonhunter,havoc,108,50,58
1800,Abigëil,quelthalas,1605,demonhunter,havoc,56,31,25
1801,Mavrush,malganis,1604,demonhunter,havoc,54,31,23
1802,Vynthar,wyrmrest-accord,1604,demonhunter,havoc,148,72,76
1803,Dèmonhuntèr,tichondrius,1603,demonhunter,havoc,90,48,42
1804,Sìlençe,illidan,1602,demonhunter,havoc,29,19,10
1805,Ptsdh,bloodhoof,1602,demonhunter,havoc,44,25,19
1806,Shale,gilneas,1602,demonhunter,havoc,70,35,35
1807,Phaintx,tichondrius,1602,demonhunter,havoc,36,18,18
1808,Ariodh,area-52,1602,demonhunter,havoc,36,17,19
1809,Kaedri,burning-blade,1600,demonhunter,havoc,135,65,70
1810,Gjoat,tichondrius,1600,demonhunter,havoc,42,19,23
1811,Tenthslayer,frostmourne,1598,demonhunter,havoc,30,17,13
1812,Killuaqt,frostmourne,1592,demonhunter,havoc,30,17,13
1813,Reito,ragnaros,1589,demonhunter,havoc,53,29,24
1814,Wsickformula,gilneas,1588,demonhunter,havoc,119,66,53
1815,Progenji,azralon,1585,demonhunter,havoc,36,21,15
1816,Oshinoko,area-52,1581,demonhunter,havoc,51,26,25
1817,Supadupä,stormrage,1580,demonhunter,havoc,30,17,13
1818,Kaelclaira,dalvengyr,1580,demonhunter,havoc,60,29,31
1819,Jaybeezy,balnazzar,1580,demonhunter,havoc,42,18,24
1820,Ossivil,ragnaros,1579,demonhunter,havoc,90,41,49
1821,Mcspicyy,tichondrius,1578,demonhunter,havoc,42,22,20
1822,Corngodx,sargeras,1578,demonhunter,havoc,96,47,49
1823,Hoonjojjyana,tichondrius,1578,demonhunter,havoc,46,20,26
1824,Demonfarter,tichondrius,1570,demonhunter,havoc,120,61,59
1825,Gittgudd,area-52,1565,demonhunter,havoc,63,35,28
1826,Kssmee,korgath,1565,demonhunter,havoc,42,23,19
1827,Sheepone,tichondrius,1564,demonhunter,havoc,24,19,5
1828,Xday,tichondrius,1563,demonhunter,havoc,195,98,97
1829,Daymanhunter,bleeding-hollow,1563,demonhunter,havoc,83,41,42
1830,Landorus,barthilas,1562,demonhunter,havoc,83,39,44
1831,Darkrasta,ragnaros,1562,demonhunter,havoc,84,37,47
1832,Wikkidd,thrall,1560,demonhunter,havoc,47,22,25
1833,Eugenyackle,bleeding-hollow,1556,demonhunter,havoc,30,25,5
1834,Gorillidan,kelthuzad,1553,demonhunter,havoc,30,18,12
1835,Nándÿ,tichondrius,1553,demonhunter,havoc,49,26,23
1836,Kaelthys,nordrassil,1552,demonhunter,havoc,33,21,12
1837,Hisso,nordrassil,1549,demonhunter,havoc,30,18,12
1838,Yqpro,tichondrius,1549,demonhunter,havoc,119,62,57
1839,Pragma,thrall,1548,demonhunter,havoc,97,56,41
1840,Macacøbrr,azralon,1548,demonhunter,havoc,70,36,34
1841,Cäldo,tichondrius,1537,demonhunter,havoc,36,21,15
1842,Scoplyn,malfurion,1535,demonhunter,havoc,60,30,30
1843,Alli,bleeding-hollow,1533,demonhunter,havoc,63,37,26
1844,Thêdràïñgáñg,jubeithos,1530,demonhunter,havoc,30,16,14
1845,Feníxx,ragnaros,1529,demonhunter,havoc,61,29,32
1846,Enfirok,duskwood,1527,demonhunter,havoc,191,99,92
1847,Emopidgeon,dalaran,1525,demonhunter,havoc,30,16,14
1848,Broneill,blood-furnace,1525,demonhunter,havoc,42,21,21
1849,Mattdizzle,illidan,1524,demonhunter,havoc,24,17,7
1850,Knuckifubuck,frostwolf,1521,demonhunter,havoc,76,41,35
1851,Sineex,illidan,1520,demonhunter,havoc,30,18,12
1852,Beastbringer,proudmoore,1518,demonhunter,havoc,105,62,43
1853,Gaìjîn,barthilas,1517,demonhunter,havoc,78,45,33
1854,Mazakein,tichondrius,1517,demonhunter,havoc,42,21,21
1855,Dadoftheyear,destromath,1514,demonhunter,havoc,30,18,12
1856,Deadpixellz,illidan,1511,demonhunter,havoc,76,39,37
1857,Nomfries,malganis,1510,demonhunter,havoc,34,17,17
1858,Dirtbag,tichondrius,1503,demonhunter,havoc,30,16,14
1859,Ilydos,emerald-dream,1503,demonhunter,havoc,102,52,50
1860,Crayoz,tichondrius,1501,demonhunter,havoc,95,54,41
1861,Demodorn,frostmane,1499,demonhunter,havoc,30,19,11
1862,Yåkuza,daggerspine,1496,demonhunter,havoc,128,63,65
1863,Karmadh,malganis,1494,demonhunter,havoc,30,16,14
1864,Træt,emerald-dream,1494,demonhunter,havoc,83,42,41
1865,Noxon,stormrage,1490,demonhunter,havoc,80,44,36
1866,Nuredmyy,illidan,1488,demonhunter,havoc,30,17,13
1867,Jaysavage,eitrigg,1488,demonhunter,havoc,51,27,24
1868,Dashxo,tichondrius,1487,demonhunter,havoc,36,17,19
1869,Demontrue,tichondrius,1483,demonhunter,havoc,62,32,30
1870,Kimjonguun,tichondrius,1481,demonhunter,havoc,32,22,10
1871,Häruun,quelthalas,1480,demonhunter,havoc,41,23,18
1872,Dhyzz,proudmoore,1479,demonhunter,havoc,36,18,18
1873,Tychondrius,earthen-ring,1478,demonhunter,havoc,161,82,79
1874,Wormli,moon-guard,1477,demonhunter,havoc,40,24,16
1875,Shyisback,area-52,1477,demonhunter,havoc,78,41,37
1876,Nooksuh,bleeding-hollow,1473,demonhunter,havoc,29,16,13
1877,Gubydal,frostmourne,1473,demonhunter,havoc,29,16,13
1878,Grizzop,sargeras,1473,demonhunter,havoc,72,37,35
1879,Vlääd,ragnaros,1473,demonhunter,havoc,92,44,48
1880,Falachio,tichondrius,1472,demonhunter,havoc,31,19,12
1881,Kegu,stormrage,1469,demonhunter,havoc,54,20,34
1882,Doxdevil,tichondrius,1467,demonhunter,havoc,46,16,30
1883,Gomesdhunter,azralon,1466,demonhunter,havoc,88,47,41
1884,Henry,tichondrius,1465,demonhunter,havoc,69,41,28
1885,Zackfair,burning-legion,1465,demonhunter,havoc,105,53,52
1886,Darknezzl,ragnaros,1463,demonhunter,havoc,78,35,43
1887,Eery,tichondrius,1461,demonhunter,havoc,71,35,36
1888,Demonicfish,malganis,1460,demonhunter,havoc,48,30,18
1889,Yuppx,tichondrius,1460,demonhunter,havoc,30,17,13
1890,Mamif,korgath,1460,demonhunter,havoc,68,31,37
1891,Hellnkeller,tichondrius,1459,demonhunter,havoc,36,16,20
1892,Somethingstu,sargeras,1458,demonhunter,havoc,28,18,10
1893,Raenorion,kelthuzad,1458,demonhunter,havoc,26,16,10
1894,Furiel,quelthalas,1458,demonhunter,havoc,38,22,16
1895,Felseal,frostmourne,1456,demonhunter,havoc,53,34,19
1896,Ralløszek,illidan,1456,demonhunter,havoc,30,17,13
1897,Illusiondh,tichondrius,1455,demonhunter,havoc,71,46,25
1898,Coohiyan,tichondrius,1455,demonhunter,havoc,30,18,12
1899,Nekrosdaeva,zuljin,1455,demonhunter,havoc,73,40,33
1900,Brútalgore,area-52,1455,demonhunter,havoc,92,46,46
1901,Kuramou,area-52,1454,demonhunter,havoc,30,17,13
1902,Aiapaec,wyrmrest-accord,1454,demonhunter,havoc,101,50,51
1903,Sciatic,area-52,1454,demonhunter,havoc,68,33,35
1904,Softkyll,area-52,1453,demonhunter,havoc,316,166,150
1905,Eyecandyxo,grizzly-hills,1452,demonhunter,havoc,37,20,17
1906,Órph,sargeras,1452,demonhunter,havoc,42,22,20
1907,Gohamx,illidan,1452,demonhunter,havoc,104,51,53
1908,Wangasaurus,emerald-dream,1452,demonhunter,havoc,54,26,28
1909,Bucx,barthilas,1445,demonhunter,havoc,60,36,24
1910,Nicodine,tichondrius,1445,demonhunter,havoc,63,34,29
1911,Faphunter,illidan,1441,demonhunter,havoc,87,50,37
1912,Mavèrick,thrall,1441,demonhunter,havoc,45,21,24
1913,Mamazboy,area-52,1439,demonhunter,havoc,28,16,12
1914,Velravyn,moon-guard,1438,demonhunter,havoc,35,17,18
1915,Molchamp,kelthuzad,1438,demonhunter,havoc,60,27,33
1916,Feelmybush,barthilas,1438,demonhunter,havoc,72,29,43
1917,Anatema,illidan,1437,demonhunter,havoc,29,17,12
1918,Lravanal,quelthalas,1435,demonhunter,havoc,24,17,7
1919,Fametrap,tichondrius,1435,demonhunter,havoc,24,15,9
1920,ßlurr,moon-guard,1435,demonhunter,havoc,114,63,51
1921,Wowcoldcold,barthilas,1435,demonhunter,havoc,30,15,15
1922,Dridri,quelthalas,1430,demonhunter,havoc,44,21,23
1923,Mybus,tichondrius,1429,demonhunter,havoc,72,32,40
1924,Iim,tichondrius,1428,demonhunter,havoc,87,35,52
1925,Superlative,area-52,1423,demonhunter,havoc,24,15,9
1926,Flirtyscythe,illidan,1422,demonhunter,havoc,30,15,15
1927,Moylecrumbs,stormrage,1420,demonhunter,havoc,72,35,37
1928,Talyethsam,shadowsong,1418,demonhunter,havoc,32,16,16
1929,Valka,emerald-dream,1416,demonhunter,havoc,100,53,47
1930,Ikilldemonz,thrall,1415,demonhunter,havoc,42,19,23
1931,Bremdh,thrall,1413,demonhunter,havoc,30,15,15
1932,Dragonÿx,ragnaros,1413,demonhunter,havoc,50,20,30
1933,Oxyoxy,illidan,1410,demonhunter,havoc,37,23,14
1934,Exequion,ragnaros,1410,demonhunter,havoc,69,40,29
1935,Backtolumby,bleeding-hollow,1410,demonhunter,havoc,41,23,18
1936,Genruis,area-52,1410,demonhunter,havoc,61,30,31
1937,Derperhunter,kiljaeden,1403,demonhunter,havoc,54,26,28
1938,Loreney,quelthalas,1402,demonhunter,havoc,120,55,65
1939,Radamanthysi,azralon,1401,demonhunter,havoc,54,34,20
1940,Yodiegang,nazgrel,1400,demonhunter,havoc,24,15,9
1941,Nolights,area-52,1399,demonhunter,havoc,74,32,42
1942,Varthalos,thrall,1398,demonhunter,havoc,72,41,31
1943,Skace,jubeithos,1397,demonhunter,havoc,102,56,46
1944,Torments,area-52,1397,demonhunter,havoc,30,15,15
1945,Alganoth,malfurion,1394,demonhunter,havoc,67,36,31
1946,Methany,saurfang,1393,demonhunter,havoc,81,37,44
1947,Aryapudding,tichondrius,1389,demonhunter,havoc,29,15,14
1948,Tharzadan,quelthalas,1387,demonhunter,havoc,51,26,25
1949,Dejay,thunderhorn,1386,demonhunter,havoc,42,27,15
1950,Sloôtybag,tichondrius,1385,demonhunter,havoc,24,15,9
1951,Kúrama,tichondrius,1385,demonhunter,havoc,78,46,32
1952,Ranir,doomhammer,1384,demonhunter,havoc,54,23,31
1953,Lostsoulzz,tichondrius,1383,demonhunter,havoc,45,28,17
1954,Chromatïc,jubeithos,1382,demonhunter,havoc,54,23,31
1955,Creamboi,stormrage,1379,demonhunter,havoc,30,16,14
1956,Ylydary,ragnaros,1378,demonhunter,havoc,30,16,14
1957,Onewhoknox,mannoroth,1377,demonhunter,havoc,89,47,42
1958,Violegrace,area-52,1376,demonhunter,havoc,100,48,52
1959,Villumninati,tichondrius,1375,demonhunter,havoc,48,27,21
1960,Kellox,ragnaros,1372,demonhunter,havoc,36,15,21
1961,Xillidan,area-52,1371,demonhunter,havoc,88,55,33
1962,Petty,moon-guard,1371,demonhunter,havoc,48,28,20
1963,Kazdh,sargeras,1367,demonhunter,havoc,48,25,23
1964,Thêpunisher,ragnaros,1367,demonhunter,havoc,118,60,58
1965,Jellous,rivendare,1366,demonhunter,havoc,42,17,25
1966,Loadedtruck,frostmourne,1362,demonhunter,havoc,24,16,8
1967,Kakster,tichondrius,1362,demonhunter,havoc,66,35,31
1968,Ronkasprince,thunderlord,1361,demonhunter,havoc,92,41,51
1969,Mewmewkitty,tichondrius,1356,demonhunter,havoc,28,15,13
1970,Raith,khazgoroth,1356,demonhunter,havoc,35,17,18
1971,Inkubuz,sargeras,1355,demonhunter,havoc,133,68,65
1972,Gwendanzig,zangarmarsh,1355,demonhunter,havoc,60,28,32
1973,Hornedelf,frostmourne,1353,demonhunter,havoc,35,19,16
1974,Rizzaarrdd,tichondrius,1353,demonhunter,havoc,110,58,52
1975,Metagoblin,tichondrius,1352,demonhunter,havoc,30,15,15
1976,Kitnix,proudmoore,1349,demonhunter,havoc,31,16,15
1977,Krizo,frostmourne,1348,demonhunter,havoc,37,19,18
1978,Vegan,magtheridon,1345,demonhunter,havoc,24,16,8
1979,Rânkle,darkspear,1345,demonhunter,havoc,46,25,21
1980,Exzyo,area-52,1344,demonhunter,havoc,18,14,4
1981,Rem,stormrage,1344,demonhunter,havoc,69,37,32
1982,Ergzydh,frostmourne,1344,demonhunter,havoc,72,30,42
1983,Taylordem,tichondrius,1342,demonhunter,havoc,24,14,10
1984,Theflurry,tichondrius,1342,demonhunter,havoc,36,14,22
1985,Mèw,bleeding-hollow,1340,demonhunter,havoc,24,14,10
1986,Deviljane,illidan,1340,demonhunter,havoc,24,14,10
1987,Malviciouss,tichondrius,1339,demonhunter,havoc,42,19,23
1988,Sillyslayadk,moon-guard,1336,demonhunter,havoc,118,67,51
1989,Layli,azralon,1332,demonhunter,havoc,36,21,15
1990,Billmcawsom,proudmoore,1332,demonhunter,havoc,30,14,16
1991,Skyfly,stormscale,1331,demonhunter,havoc,36,14,22
1992,Xein,khazgoroth,1327,demonhunter,havoc,66,30,36
1993,Kalmor,barthilas,1327,demonhunter,havoc,45,20,25
1994,Elevateztko,stormrage,1326,demonhunter,havoc,36,16,20
1995,Fiziokratdh,ghostlands,1323,demonhunter,havoc,37,18,19
1996,Refractx,illidan,1322,demonhunter,havoc,42,22,20
1997,Hawkowicz,tichondrius,1322,demonhunter,havoc,175,88,87
1998,Xiaochicken,tichondrius,1320,demonhunter,havoc,38,17,21
1999,Gigavlad,area-52,1317,demonhunter,havoc,30,14,16
2000,Ehrapist,kelthuzad,1316,demonhunter,havoc,24,14,10
2001,Nepzz,stormrage,1315,demonhunter,havoc,36,18,18
2002,Litzilla,thrall,1315,demonhunter,havoc,42,20,22
2003,Ovèrrated,area-52,1315,demonhunter,havoc,70,32,38
2004,Bjj,bonechewer,1314,demonhunter,havoc,52,29,23
2005,Sicklyslick,frostmourne,1313,demonhunter,havoc,25,15,10
2006,Absinith,jubeithos,1311,demonhunter,havoc,18,14,4
2007,Kaelidan,kelthuzad,1311,demonhunter,havoc,107,56,51
2008,Rytesx,moon-guard,1310,demonhunter,havoc,28,21,7
2009,Yukisyn,proudmoore,1306,demonhunter,havoc,30,16,14
2010,Aeonys,stormrage,1304,demonhunter,havoc,24,16,8
2011,Powertaco,tichondrius,1304,demonhunter,havoc,67,31,36
2012,Bllackclover,zuljin,1303,demonhunter,havoc,29,14,15
2013,Duhan,tichondrius,1302,demonhunter,havoc,156,80,76
2014,Miroir,silvermoon,1302,demonhunter,havoc,105,49,56
2015,Felbreak,stormrage,1302,demonhunter,havoc,42,18,24
2016,Scarshine,frostmourne,1301,demonhunter,havoc,54,23,31
2017,Yønkou,stormrage,1300,demonhunter,havoc,102,50,52
2018,Demonkratoz,ragnaros,1300,demonhunter,havoc,34,15,19
2019,Telrindyl,moon-guard,1299,demonhunter,havoc,87,50,37
2020,Silvs,illidan,1299,demonhunter,havoc,184,102,82
2021,Belial,haomarush,1299,demonhunter,havoc,54,28,26
2022,Zévron,area-52,1298,demonhunter,havoc,30,15,15
2023,Halftruth,stormrage,1298,demonhunter,havoc,46,22,24
2024,Snaped,tichondrius,1297,demonhunter,havoc,24,16,8
2025,Thechaz,bleeding-hollow,1297,demonhunter,havoc,54,34,20
2026,Revvup,tichondrius,1294,demonhunter,havoc,71,33,38
2027,Alaron,wildhammer,1293,demonhunter,havoc,99,53,46
2028,Naelaksa,tichondrius,1293,demonhunter,havoc,36,14,22
2029,Swoffordsr,tichondrius,1291,demonhunter,havoc,48,23,25
2030,Mustardtigër,bleeding-hollow,1290,demonhunter,havoc,23,14,9
2031,Chungg,laughing-skull,1287,demonhunter,havoc,30,15,15
2032,Draenkz,ragnaros,1287,demonhunter,havoc,46,15,31
2033,Imwhack,frostmane,1281,demonhunter,havoc,31,15,16
2034,Roughins,chogall,1278,demonhunter,havoc,51,28,23
2035,Hròðvitnir,quelthalas,1277,demonhunter,havoc,26,16,10
2036,Greent,stormrage,1270,demonhunter,havoc,30,17,13
2037,Whataboutbob,korgath,1268,demonhunter,havoc,36,14,22
2038,Mortiria,dalaran,1267,demonhunter,havoc,42,18,24
2039,Kereses,bonechewer,1266,demonhunter,havoc,45,25,20
2040,Tattedandfab,stormrage,1265,demonhunter,havoc,102,44,58
2041,Diversityabc,bleeding-hollow,1263,demonhunter,havoc,72,30,42
2042,Skilla,frostmourne,1262,demonhunter,havoc,85,42,43
2043,Swarlee,kiljaeden,1259,demonhunter,havoc,59,30,29
2044,Eullz,skullcrusher,1257,demonhunter,havoc,31,14,17
2045,Xà,sargeras,1256,demonhunter,havoc,36,14,22
2046,Durello,stormrage,1251,demonhunter,havoc,42,19,23
2047,Onlypain,korgath,1251,demonhunter,havoc,38,16,22
2048,Blinddh,bleeding-hollow,1249,demonhunter,havoc,32,14,18
2049,Mårth,caelestrasz,1248,demonhunter,havoc,48,25,23
2050,Stochastic,ragnaros,1248,demonhunter,havoc,31,14,17
2051,Ilovenina,sargeras,1247,demonhunter,havoc,24,13,11
2052,Giselah,malganis,1247,demonhunter,havoc,30,13,17
2053,Gènji,tichondrius,1246,demonhunter,havoc,24,13,11
2054,Niuzimeile,illidan,1246,demonhunter,havoc,42,13,29
2055,Kalikanzar,sargeras,1245,demonhunter,havoc,24,13,11
2056,Fingersdh,malganis,1245,demonhunter,havoc,30,13,17
2057,Alizqt,ragnaros,1244,demonhunter,havoc,24,13,11
2058,Deathsweep,tichondrius,1244,demonhunter,havoc,24,13,11
2059,Baejuhyun,kiljaeden,1243,demonhunter,havoc,24,16,8
2060,Nichousha,tichondrius,1243,demonhunter,havoc,24,13,11
2061,Pythongodx,azralon,1243,demonhunter,havoc,24,13,11
2062,Smilingbomb,tichondrius,1243,demonhunter,havoc,24,13,11
2063,Ashtyr,emerald-dream,1241,demonhunter,havoc,22,14,8
2064,Decoi,tichondrius,1241,demonhunter,havoc,24,13,11
2065,Tydriedian,dalaran,1239,demonhunter,havoc,18,13,5
2066,Harû,tichondrius,1239,demonhunter,havoc,30,13,17
2067,Narandra,malganis,1239,demonhunter,havoc,36,13,23
2068,Scriptyscrip,dark-iron,1238,demonhunter,havoc,42,13,29
2069,Alast,emerald-dream,1237,demonhunter,havoc,30,13,17
2070,Zétta,area-52,1236,demonhunter,havoc,24,13,11
2071,Demonbane,moon-guard,1236,demonhunter,havoc,54,27,27
2072,Redkin,moon-guard,1231,demonhunter,havoc,31,16,15
2073,Sikäria,malganis,1229,demonhunter,havoc,24,13,11
2074,Hasbeen,tichondrius,1229,demonhunter,havoc,27,14,13
2075,Superbug,quelthalas,1229,demonhunter,havoc,42,20,22
2076,Papaelf,thunderlord,1227,demonhunter,havoc,18,13,5
2077,Cherlas,blood-furnace,1227,demonhunter,havoc,30,14,16
2078,Revean,darkspear,1226,demonhunter,havoc,66,36,30
2079,Tyredris,kelthuzad,1226,demonhunter,havoc,24,13,11
2080,Zématador,azralon,1226,demonhunter,havoc,90,48,42
2081,Darthmah,illidan,1222,demonhunter,havoc,18,13,5
2082,Tezrian,earthen-ring,1221,demonhunter,havoc,24,13,11
2083,Devwillhuntu,barthilas,1216,demonhunter,havoc,80,42,38
2084,Pilyn,ragnaros,1216,demonhunter,havoc,80,39,41
2085,Soulsteall,tichondrius,1213,demonhunter,havoc,24,14,10
2086,Tekkamanevil,tichondrius,1212,demonhunter,havoc,144,67,77
2087,Keelin,ragnaros,1212,demonhunter,havoc,28,13,15
2088,Eraticdh,illidan,1211,demonhunter,havoc,30,13,17
2089,Bzrp,stormrage,1210,demonhunter,havoc,40,23,17
2090,Spicywings,arthas,1209,demonhunter,havoc,42,18,24
2091,Dömönic,illidan,1208,demonhunter,havoc,24,13,11
2092,Cursesoul,area-52,1206,demonhunter,havoc,54,28,26
2093,Raradane,illidan,1203,demonhunter,havoc,18,13,5
2094,Hellspawnn,malganis,1200,demonhunter,havoc,44,24,20
2095,Etherëäl,stormrage,1194,demonhunter,havoc,53,32,21
2096,Fellight,bonechewer,1193,demonhunter,havoc,42,27,15
2097,Medusarri,frostmourne,1193,demonhunter,havoc,36,19,17
2098,Asmoday,warsong,1192,demonhunter,havoc,87,50,37
2099,Ixix,proudmoore,1192,demonhunter,havoc,62,30,32
2100,Illidice,tichondrius,1189,demonhunter,havoc,30,13,17
2101,Erazuz,stormrage,1188,demonhunter,havoc,30,13,17
2102,Brunoqt,azralon,1185,demonhunter,havoc,29,13,16
2103,Cyberpsycho,illidan,1184,demonhunter,havoc,30,14,16
2104,Sleepyjobe,sargeras,1183,demonhunter,havoc,16,13,3
2105,Churchpls,stormrage,1181,demonhunter,havoc,34,13,21
2106,Tyrelara,durotan,1179,demonhunter,havoc,23,13,10
2107,Glayve,emerald-dream,1178,demonhunter,havoc,85,41,44
2108,Emeress,illidan,1174,demonhunter,havoc,29,13,16
2109,Saelila,emerald-dream,1172,demonhunter,havoc,30,13,17
2110,Dyingslow,stormrage,1172,demonhunter,havoc,66,24,42
2111,Buzzmezaddy,bleeding-hollow,1170,demonhunter,havoc,63,28,35
2112,Gouge,hakkar,1167,demonhunter,havoc,55,30,25
2113,Daiks,proudmoore,1166,demonhunter,havoc,42,19,23
2114,Blazed,thrall,1164,demonhunter,havoc,94,46,48
2115,Zoruv,quelthalas,1160,demonhunter,havoc,27,14,13
2116,Thedaz,frostmourne,1158,demonhunter,havoc,143,66,77
2117,Ragiidh,tichondrius,1152,demonhunter,havoc,24,12,12
2118,Xragii,kelthuzad,1152,demonhunter,havoc,24,12,12
2119,Frostchaos,ragnaros,1151,demonhunter,havoc,18,12,6
2120,Imjustbad,malganis,1151,demonhunter,havoc,42,26,16
2121,Remuko,tichondrius,1151,demonhunter,havoc,24,12,12
2122,Orgasmia,tichondrius,1151,demonhunter,havoc,46,13,33
2123,Beyondjerky,malganis,1150,demonhunter,havoc,24,12,12
2124,Kenmu,ragnaros,1150,demonhunter,havoc,24,12,12
2125,Fasnk,tichondrius,1150,demonhunter,havoc,24,12,12
2126,Qixoni,emerald-dream,1150,demonhunter,havoc,30,12,18
2127,Nuggetx,lightnings-blade,1149,demonhunter,havoc,18,12,6
2128,Xylëm,tichondrius,1149,demonhunter,havoc,36,12,24
2129,Littlewolfie,illidan,1146,demonhunter,havoc,24,12,12
2130,Viio,proudmoore,1146,demonhunter,havoc,24,12,12
2131,Papazaraki,tichondrius,1145,demonhunter,havoc,18,12,6
2132,Skinnrd,malganis,1142,demonhunter,havoc,24,12,12
2133,Vandeste,tichondrius,1142,demonhunter,havoc,30,12,18
2134,Kagraxxis,stormrage,1141,demonhunter,havoc,21,13,8
2135,Spamsamich,stormscale,1140,demonhunter,havoc,53,31,22
2136,Neecro,frostmourne,1140,demonhunter,havoc,30,14,16
2137,Torophz,azralon,1139,demonhunter,havoc,30,12,18
2138,Pupupoo,tichondrius,1138,demonhunter,havoc,18,12,6
2139,Elidani,area-52,1138,demonhunter,havoc,30,12,18
2140,Lory,eldrethalas,1136,demonhunter,havoc,43,23,20
2141,Endyr,area-52,1136,demonhunter,havoc,25,12,13
2142,Tayel,emerald-dream,1133,demonhunter,havoc,34,19,15
2143,Dandreb,draenor,1130,demonhunter,havoc,29,15,14
2144,Ozark,barthilas,1129,demonhunter,havoc,42,25,17
2145,Siicknote,frostmourne,1127,demonhunter,havoc,23,12,11
2146,Jennesis,tichondrius,1126,demonhunter,havoc,72,33,39
2147,Ibeatrix,malorne,1124,demonhunter,havoc,24,18,6
2148,Attritionx,sargeras,1118,demonhunter,havoc,23,13,10
2149,Nrpx,stormrage,1118,demonhunter,havoc,22,12,10
2150,Lilliåna,kiljaeden,1115,demonhunter,havoc,50,22,28
2151,Jackk,nordrassil,1110,demonhunter,havoc,23,12,11
2152,Sätän,malganis,1089,demonhunter,havoc,24,13,11
2153,Adryr,eredar,1086,demonhunter,havoc,24,12,12
2154,Ghostzface,sargeras,1084,demonhunter,havoc,48,26,22
2155,Kelmar,stormreaver,1084,demonhunter,havoc,32,12,20
2156,Moxí,ragnaros,1082,demonhunter,havoc,36,19,17
2157,Telmordrin,azralon,1080,demonhunter,havoc,20,12,8
2158,Bhuppz,frostmourne,1076,demonhunter,havoc,22,12,10
2159,Rhaast,executus,1076,demonhunter,havoc,49,21,28
2160,Misfortune,bloodscalp,1076,demonhunter,havoc,36,15,21
2161,Dirtyvitus,gorefiend,1072,demonhunter,havoc,36,24,12
2162,Esomet,stormrage,1070,demonhunter,havoc,27,15,12
2163,Nixsa,area-52,1068,demonhunter,havoc,72,31,41
2164,Faalleen,quelthalas,1059,demonhunter,havoc,18,12,6
2165,Syrine,veknilash,1059,demonhunter,havoc,72,41,31
2166,Illadra,fizzcrank,1058,demonhunter,havoc,23,12,11
2167,Sucio,khaz-modan,1056,demonhunter,havoc,18,11,7
2168,Thegoph,bleeding-hollow,1056,demonhunter,havoc,24,11,13
2169,Fëlla,tanaris,1055,demonhunter,havoc,18,11,7
2170,Çópê,sargeras,1055,demonhunter,havoc,18,11,7
2171,Dãnishroll,illidan,1055,demonhunter,havoc,30,11,19
2172,Dennfear,skullcrusher,1054,demonhunter,havoc,18,12,6
2173,Diiecrux,bleeding-hollow,1054,demonhunter,havoc,18,11,7
2174,Ariaxy,sargeras,1054,demonhunter,havoc,18,11,7
2175,Narchis,malganis,1054,demonhunter,havoc,18,11,7
2176,Thumôss,malganis,1054,demonhunter,havoc,18,11,7
2177,Spicyblades,stormrage,1054,demonhunter,havoc,47,21,26
2178,Xenore,emerald-dream,1054,demonhunter,havoc,30,11,19
2179,Mudßutt,malganis,1054,demonhunter,havoc,30,11,19
2180,Xavid,bleeding-hollow,1053,demonhunter,havoc,24,11,13
2181,Messenoire,area-52,1051,demonhunter,havoc,26,11,15
2182,Mood,stonemaul,1050,demonhunter,havoc,18,11,7
2183,Ønsen,tichondrius,1049,demonhunter,havoc,29,11,18
2184,Vuse,moon-guard,1048,demonhunter,havoc,24,11,13
2185,Haades,proudmoore,1048,demonhunter,havoc,24,11,13
2186,Covoth,bleeding-hollow,1048,demonhunter,havoc,27,12,15
2187,Creamin,thrall,1047,demonhunter,havoc,18,11,7
2188,Legäult,bleeding-hollow,1047,demonhunter,havoc,33,17,16
2189,Callux,black-dragonflight,1047,demonhunter,havoc,30,11,19
2190,Siksix,bleeding-hollow,1046,demonhunter,havoc,24,11,13
2191,Kellytgt,perenolde,1045,demonhunter,havoc,18,11,7
2192,Throniren,stormrage,1044,demonhunter,havoc,24,11,13
2193,Demonslaier,dragonblight,1043,demonhunter,havoc,20,12,8
2194,Xanthee,drakkari,1043,demonhunter,havoc,81,41,40
2195,Metabeam,tichondrius,1042,demonhunter,havoc,18,11,7
2196,Mursiless,drenden,1041,demonhunter,havoc,18,11,7
2197,Rickinmorty,lightnings-blade,1041,demonhunter,havoc,19,11,8
2198,Ënky,ragnaros,1035,demonhunter,havoc,30,11,19
2199,Dameon,wildhammer,1032,demonhunter,havoc,54,27,27
2200,Chinadh,tichondrius,1022,demonhunter,havoc,23,11,12
2201,Jënesis,illidan,1022,demonhunter,havoc,68,29,39
2202,Eikichi,bleeding-hollow,1009,demonhunter,havoc,54,26,28
2203,Chirõn,moonrunner,1007,demonhunter,havoc,23,11,12
2204,Demonhunter,kirin-tor,1005,demonhunter,havoc,23,12,11
2205,Nocturnale,ragnaros,1005,demonhunter,havoc,23,11,12
2206,Seamenhunter,garrosh,1004,demonhunter,havoc,24,12,12
2207,Shawnchad,blood-furnace,999,demonhunter,havoc,133,68,65
2208,Annabow,moon-guard,993,demonhunter,havoc,48,27,21
2209,Xxann,tichondrius,991,demonhunter,havoc,26,11,15
2210,Lüky,malganis,986,demonhunter,havoc,22,11,11
2211,Sëlene,antonidas,984,demonhunter,havoc,29,12,17
2212,Andarïel,bleeding-hollow,977,demonhunter,havoc,25,12,13
2213,Chainsawz,zuljin,960,demonhunter,havoc,18,10,8
2214,Cerebro,stormrage,960,demonhunter,havoc,18,10,8
2215,Postodesaúde,azralon,960,demonhunter,havoc,18,10,8
2216,Lancee,zuljin,960,demonhunter,havoc,24,10,14
2217,Ntts,tichondrius,960,demonhunter,havoc,24,10,14
2218,Gtåte,azjolnerub,960,demonhunter,havoc,30,10,20
2219,Valerrias,area-52,959,demonhunter,havoc,18,10,8
2220,Sourapple,barthilas,959,demonhunter,havoc,18,10,8
2221,Apõz,tichondrius,959,demonhunter,havoc,18,10,8
2222,Hoguriders,tichondrius,959,demonhunter,havoc,24,10,14
2223,Cyånan,bleeding-hollow,958,demonhunter,havoc,23,14,9
2224,Yaety,tichondrius,958,demonhunter,havoc,18,10,8
2225,Planeinsky,malganis,958,demonhunter,havoc,18,10,8
2226,Zunfooki,stormrage,957,demonhunter,havoc,18,10,8
2227,Alwaysin,zuljin,957,demonhunter,havoc,18,10,8
2228,Randôm,kelthuzad,957,demonhunter,havoc,21,11,10
2229,Gilberte,stormrage,957,demonhunter,havoc,24,10,14
2230,Valdiran,duskwood,956,demonhunter,havoc,24,10,14
2231,Tangoh,burning-legion,955,demonhunter,havoc,18,10,8
2232,Jagidan,area-52,955,demonhunter,havoc,24,10,14
2233,Xibir,amanthul,953,demonhunter,havoc,24,10,14
2234,Larnol,moon-guard,952,demonhunter,havoc,18,10,8
2235,Allenqt,azralon,952,demonhunter,havoc,24,10,14
2236,Salomesalvi,proudmoore,951,demonhunter,havoc,18,10,8
2237,Mázoku,shuhalo,951,demonhunter,havoc,20,11,9
2238,Omgshesocute,hyjal,951,demonhunter,havoc,24,10,14
2239,Vizionz,emerald-dream,950,demonhunter,havoc,18,10,8
2240,Sylenah,hyjal,950,demonhunter,havoc,24,10,14
2241,Ghótam,quelthalas,950,demonhunter,havoc,24,10,14
2242,Letzgobrandn,silvermoon,948,demonhunter,havoc,18,10,8
2243,Vladdtepes,cairne,947,demonhunter,havoc,63,34,29
2244,Kwoop,tichondrius,946,demonhunter,havoc,24,10,14
2245,Demonizhe,thrall,944,demonhunter,havoc,43,22,21
2246,Evros,tichondrius,933,demonhunter,havoc,21,11,10
2247,Kslicedevil,dalaran,933,demonhunter,havoc,54,23,31
2248,Deegsdh,sargeras,932,demonhunter,havoc,27,10,17
2249,Gozer,korialstrasz,929,demonhunter,havoc,36,12,24
2250,Lillidum,azralon,927,demonhunter,havoc,45,21,24
2251,Rlycoolclass,zuljin,927,demonhunter,havoc,23,10,13
2252,Keeblerself,tichondrius,925,demonhunter,havoc,24,11,13
2253,Gravelot,quelthalas,915,demonhunter,havoc,30,10,20
2254,Troigh,thunderlord,912,demonhunter,havoc,60,29,31
2255,Cuint,barthilas,904,demonhunter,havoc,18,10,8
2256,Malthazaan,stormrage,895,demonhunter,havoc,14,10,4
2257,Rissélys,thrall,894,demonhunter,havoc,30,15,15
2258,Røllnautløw,aegwynn,892,demonhunter,havoc,14,10,4
2259,Ripchimmii,illidan,880,demonhunter,havoc,25,10,15
2260,Blacktocki,barthilas,878,demonhunter,havoc,22,10,12
2261,Blops,emerald-dream,877,demonhunter,havoc,24,11,13
2262,Mikiller,thrall,874,demonhunter,havoc,67,33,34
2263,Riicardo,ragnaros,870,demonhunter,havoc,28,12,16
2264,Faarkyou,barthilas,868,demonhunter,havoc,26,10,16
2265,Andyhunter,emerald-dream,867,demonhunter,havoc,50,24,26
2266,Pennyx,barthilas,864,demonhunter,havoc,12,9,3
2267,Ragiixoxo,tichondrius,864,demonhunter,havoc,12,9,3
2268,Ravevê,area-52,864,demonhunter,havoc,12,9,3
2269,Brackmagik,barthilas,864,demonhunter,havoc,12,9,3
2270,Souliz,tichondrius,864,demonhunter,havoc,12,9,3
2271,Bammski,tichondrius,864,demonhunter,havoc,18,9,9
2272,Trillidan,mugthol,864,demonhunter,havoc,18,9,9
2273,Diablitaa,sargeras,864,demonhunter,havoc,18,9,9
2274,Unjusthunt,magtheridon,864,demonhunter,havoc,18,9,9
2275,Tarro,whisperwind,864,demonhunter,havoc,18,9,9
2276,Beerbreak,area-52,864,demonhunter,havoc,24,9,15
2277,Mcgurty,illidan,864,demonhunter,havoc,24,9,15
2278,Noobender,malganis,864,demonhunter,havoc,30,9,21
2279,Ripidan,stormrage,864,demonhunter,havoc,30,9,21
2280,Agsakim,tichondrius,863,demonhunter,havoc,12,9,3
2281,Cybertrax,tichondrius,863,demonhunter,havoc,12,9,3
2282,Rothdh,tichondrius,863,demonhunter,havoc,15,10,5
2283,Subieshift,sargeras,863,demonhunter,havoc,15,10,5
2284,Creãtuss,area-52,863,demonhunter,havoc,15,10,5
2285,Orosz,bleeding-hollow,863,demonhunter,havoc,18,9,9
2286,Missjotab,tichondrius,863,demonhunter,havoc,18,9,9
2287,Checkmate,bleeding-hollow,863,demonhunter,havoc,24,9,15
2288,Ídunno,kiljaeden,863,demonhunter,havoc,24,9,15
2289,Dragynfíst,malganis,863,demonhunter,havoc,30,9,21
2290,Colinn,illidan,862,demonhunter,havoc,12,9,3
2291,Lucipur,thrall,862,demonhunter,havoc,18,9,9
2292,Hugehogger,boulderfist,862,demonhunter,havoc,18,9,9
2293,Vida,winterhoof,862,demonhunter,havoc,18,9,9
2294,Moranah,tichondrius,862,demonhunter,havoc,18,9,9
2295,Wut,nemesis,861,demonhunter,havoc,60,30,30
2296,Foxdie,bonechewer,861,demonhunter,havoc,18,9,9
2297,Felhunt,ragnaros,861,demonhunter,havoc,24,9,15
2298,Hellboss,dalaran,860,demonhunter,havoc,12,9,3
2299,Bodemön,stormrage,860,demonhunter,havoc,18,9,9
2300,Rèlentless,moon-guard,860,demonhunter,havoc,18,9,9
2301,Clorhídrico,quelthalas,860,demonhunter,havoc,60,25,35
2302,Cleår,kelthuzad,859,demonhunter,havoc,18,9,9
2303,Celestiel,cenarion-circle,859,demonhunter,havoc,18,9,9
2304,Alphmega,malganis,859,demonhunter,havoc,18,9,9
2305,Tickelfist,zuljin,859,demonhunter,havoc,24,9,15
2306,Allukya,azralon,856,demonhunter,havoc,12,9,3
2307,Flyingsky,tichondrius,855,demonhunter,havoc,12,9,3
2308,Aflex,zuljin,855,demonhunter,havoc,18,9,9
2309,Miltonpickle,tichondrius,855,demonhunter,havoc,24,9,15
2310,Dartanyn,tichondrius,853,demonhunter,havoc,24,9,15
2311,Drackista,stormrage,852,demonhunter,havoc,18,9,9
2312,Aussiepleb,nagrand,846,demonhunter,havoc,87,37,50
2313,Chronicsmoke,blood-furnace,842,demonhunter,havoc,18,9,9
2314,Dalmandra,arthas,841,demonhunter,havoc,17,9,8
2315,Howller,azralon,827,demonhunter,havoc,17,9,8
2316,Wokeaf,malganis,814,demonhunter,havoc,17,9,8
2317,Antistar,emerald-dream,799,demonhunter,havoc,26,9,17
2318,Bukwheat,thunderhorn,793,demonhunter,havoc,48,19,29
2319,Jellehx,frostmourne,784,demonhunter,havoc,13,9,4
2320,Dzdh,stormrage,768,demonhunter,havoc,12,8,4
2321,Humanitydh,sargeras,768,demonhunter,havoc,12,8,4
2322,Danloesh,silver-hand,768,demonhunter,havoc,12,8,4
2323,Behemod,thrall,768,demonhunter,havoc,12,8,4
2324,Chulakels,tichondrius,768,demonhunter,havoc,12,8,4
2325,Thickgary,illidan,768,demonhunter,havoc,12,8,4
2326,Doomanone,sargeras,768,demonhunter,havoc,12,8,4
2327,Surkkdh,tichondrius,768,demonhunter,havoc,12,8,4
2328,Cegocruel,sargeras,768,demonhunter,havoc,13,8,5
2329,Ohanadh,ragnaros,768,demonhunter,havoc,18,8,10
2330,Icrazedcruxl,gnomeregan,768,demonhunter,havoc,18,8,10
2331,Tomhenk,blackrock,768,demonhunter,havoc,18,8,10
2332,Felontis,sargeras,768,demonhunter,havoc,18,8,10
2333,Raylêy,tichondrius,768,demonhunter,havoc,18,8,10
2334,Gogungho,tichondrius,768,demonhunter,havoc,18,8,10
2335,Veilmaya,arthas,768,demonhunter,havoc,18,8,10
2336,Mõemõeda,illidan,768,demonhunter,havoc,24,8,16
2337,Doomantwo,sargeras,768,demonhunter,havoc,24,8,16
2338,Xonu,sargeras,767,demonhunter,havoc,12,8,4
2339,Catastrophis,tichondrius,767,demonhunter,havoc,12,8,4
2340,Netherbird,malganis,767,demonhunter,havoc,12,8,4
2341,Blackmvp,tichondrius,767,demonhunter,havoc,12,8,4
2342,Fckyouscott,illidan,767,demonhunter,havoc,12,8,4
2343,Ziyàl,vashj,767,demonhunter,havoc,12,8,4
2344,Hellrazer,area-52,767,demonhunter,havoc,12,8,4
2345,Badwurd,sargeras,767,demonhunter,havoc,12,8,4
2346,Lethalblows,darkspear,767,demonhunter,havoc,15,9,6
2347,Linedori,destromath,767,demonhunter,havoc,16,9,7
2348,Hellrazer,azgalor,767,demonhunter,havoc,18,8,10
2349,Xionas,moon-guard,767,demonhunter,havoc,18,8,10
2350,Demonqt,blackrock,767,demonhunter,havoc,18,8,10
2351,Oddlysimple,korgath,767,demonhunter,havoc,18,8,10
2352,Wólff,azralon,766,demonhunter,havoc,12,8,4
2353,Andein,dalaran,766,demonhunter,havoc,12,8,4
2354,Aedice,gurubashi,766,demonhunter,havoc,18,8,10
2355,Accipiter,ragnaros,766,demonhunter,havoc,24,8,16
2356,Këÿz,earthen-ring,765,demonhunter,havoc,18,8,10
2357,Lû,arthas,765,demonhunter,havoc,24,8,16
2358,Felbòy,korgath,763,demonhunter,havoc,18,8,10
2359,Kushidari,tichondrius,763,demonhunter,havoc,18,8,10
2360,Syrena,mugthol,763,demonhunter,havoc,18,8,10
2361,Sodiaksd,quelthalas,762,demonhunter,havoc,18,8,10
2362,Illhuntya,bonechewer,758,demonhunter,havoc,18,8,10
2363,Covidneitor,drakkari,752,demonhunter,havoc,18,8,10
2364,Wuya,thrall,734,demonhunter,havoc,22,8,14
2365,Catfood,icecrown,720,demonhunter,havoc,21,8,13
2366,Hiresol,emerald-dream,719,demonhunter,havoc,11,8,3
2367,Lrianna,senjin,706,demonhunter,havoc,17,8,9
2368,Memoryleaky,proudmoore,696,demonhunter,havoc,11,8,3
2369,Neshaan,stormreaver,688,demonhunter,havoc,38,20,18
2370,Nephxz,tichondrius,672,demonhunter,havoc,12,7,5
2371,Darthwhorë,frostmane,672,demonhunter,havoc,12,7,5
2372,Nichidah,illidan,672,demonhunter,havoc,12,7,5
2373,Evelynee,illidan,672,demonhunter,havoc,12,7,5
2374,Mamadorx,azralon,672,demonhunter,havoc,12,7,5
2375,Dabsfordayz,zuluhed,672,demonhunter,havoc,12,7,5
2376,Surå,tichondrius,672,demonhunter,havoc,12,7,5
2377,Verå,tichondrius,672,demonhunter,havoc,12,7,5
2378,Warassassin,stormrage,672,demonhunter,havoc,12,7,5
2379,Fiveiq,malganis,672,demonhunter,havoc,12,7,5
2380,Reddh,bleeding-hollow,672,demonhunter,havoc,12,7,5
2381,Dæl,quelthalas,672,demonhunter,havoc,12,7,5
2382,Idontfaced,area-52,672,demonhunter,havoc,12,7,5
2383,Juiced,thunderhorn,672,demonhunter,havoc,12,7,5
2384,Demonthorne,illidan,672,demonhunter,havoc,12,7,5
2385,Igotdc,tichondrius,672,demonhunter,havoc,13,7,6
2386,Flamehunter,durotan,672,demonhunter,havoc,13,7,6
2387,Faceurdemons,frostmourne,672,demonhunter,havoc,18,7,11
2388,Hellmetal,quelthalas,672,demonhunter,havoc,18,7,11
2389,Dumbledor,stonemaul,672,demonhunter,havoc,18,7,11
2390,Getpoodon,sargeras,672,demonhunter,havoc,18,7,11
2391,Moistybreeze,frostmourne,672,demonhunter,havoc,18,7,11
2392,Yasuo,moon-guard,672,demonhunter,havoc,18,7,11
2393,Babahorns,dalaran,672,demonhunter,havoc,18,7,11
2394,Stormville,illidan,671,demonhunter,havoc,12,7,5
2395,Nupx,frostmourne,671,demonhunter,havoc,12,7,5
2396,Ivalerà,thrall,671,demonhunter,havoc,12,7,5
2397,Rhadê,ragnaros,671,demonhunter,havoc,12,7,5
2398,Unóhana,drakkari,671,demonhunter,havoc,12,7,5
2399,Jolty,stormrage,671,demonhunter,havoc,12,7,5
2400,Fiebzz,queldorei,671,demonhunter,havoc,12,7,5
2401,Felraven,scarlet-crusade,671,demonhunter,havoc,12,7,5
2402,Seabisciut,silvermoon,671,demonhunter,havoc,12,7,5
2403,Taters,gorefiend,671,demonhunter,havoc,12,7,5
2404,Wìtchblades,tichondrius,671,demonhunter,havoc,12,7,5
2405,Cascadingeye,emerald-dream,671,demonhunter,havoc,12,7,5
2406,Ogmon,tichondrius,671,demonhunter,havoc,12,7,5
2407,Haax,azralon,671,demonhunter,havoc,18,7,11
2408,Nicòrobin,dalaran,671,demonhunter,havoc,18,7,11
2409,Hyphonìc,area-52,671,demonhunter,havoc,18,7,11
2410,Veryaverage,kelthuzad,671,demonhunter,havoc,18,7,11
2411,Weedeaterr,arthas,671,demonhunter,havoc,24,7,17
2412,Ðarkone,ragnaros,671,demonhunter,havoc,24,7,17
2413,Báléríón,area-52,670,demonhunter,havoc,12,7,5
2414,Bijix,area-52,670,demonhunter,havoc,12,7,5
2415,Renshear,cenarius,670,demonhunter,havoc,12,7,5
2416,Vivas,tichondrius,670,demonhunter,havoc,18,7,11
2417,Demonbanter,emerald-dream,668,demonhunter,havoc,15,8,7
2418,Rahgoul,garrosh,666,demonhunter,havoc,18,7,11
2419,Endoshiva,icecrown,666,demonhunter,havoc,18,7,11
2420,Genifer,norgannon,665,demonhunter,havoc,12,7,5
2421,Doomhead,burning-legion,658,demonhunter,havoc,12,7,5
2422,Luzev,thrall,657,demonhunter,havoc,12,7,5
2423,Ripperxx,zuljin,653,demonhunter,havoc,18,7,11
2424,Purpsquirter,stormscale,653,demonhunter,havoc,21,8,13
2425,Lëif,stormrage,652,demonhunter,havoc,18,7,11
2426,Gwîlym,area-52,644,demonhunter,havoc,14,9,5
2427,Pegásus,kiljaeden,639,demonhunter,havoc,10,7,3
2428,Knshy,azralon,639,demonhunter,havoc,20,8,12
2429,Bliqué,emerald-dream,633,demonhunter,havoc,17,7,10
2430,Bofxo,sargeras,624,demonhunter,havoc,15,7,8
2431,Bigtitiemilk,tichondrius,623,demonhunter,havoc,11,7,4
2432,Gebblemon,aerie-peak,623,demonhunter,havoc,17,7,10
2433,Thelada,illidan,621,demonhunter,havoc,15,7,8
2434,Mqvdh,area-52,618,demonhunter,havoc,39,8,31
2435,Galaxezz,bonechewer,612,demonhunter,havoc,15,8,7
2436,Turecdh,illidan,607,demonhunter,havoc,14,7,7
2437,Falaszun,aegwynn,606,demonhunter,havoc,14,7,7
2438,Wualicho,ragnaros,603,demonhunter,havoc,24,8,16
2439,Dogcleave,area-52,576,demonhunter,havoc,12,6,6
2440,Whatdagoof,tichondrius,576,demonhunter,havoc,12,6,6
2441,Manmilker,bleeding-hollow,576,demonhunter,havoc,12,6,6
2442,Dgj,kelthuzad,576,demonhunter,havoc,12,6,6
2443,Kolthis,tichondrius,576,demonhunter,havoc,12,6,6
2444,Deathschosen,malganis,576,demonhunter,havoc,12,6,6
2445,Thunderlor,malganis,576,demonhunter,havoc,12,6,6
2446,Qualitycaulk,tichondrius,576,demonhunter,havoc,12,6,6
2447,Bossdh,zuljin,576,demonhunter,havoc,12,6,6
2448,Basdminority,bleeding-hollow,576,demonhunter,havoc,12,6,6
2449,Solriel,malganis,576,demonhunter,havoc,12,6,6
2450,Carlosjr,stormrage,576,demonhunter,havoc,12,6,6
2451,Cðnstantine,barthilas,576,demonhunter,havoc,12,6,6
2452,Pabloh,trollbane,576,demonhunter,havoc,12,6,6
2453,Weskerz,illidan,576,demonhunter,havoc,12,6,6
2454,Everdh,barthilas,576,demonhunter,havoc,12,6,6
2455,Gommademon,illidan,576,demonhunter,havoc,12,6,6
2456,Valeriya,frostmourne,576,demonhunter,havoc,12,6,6
2457,Zyer,mannoroth,576,demonhunter,havoc,12,6,6
2458,Kyuno,eitrigg,576,demonhunter,havoc,12,6,6
2459,Majnun,moon-guard,576,demonhunter,havoc,12,6,6
2460,Trenbolognie,illidan,576,demonhunter,havoc,12,6,6
2461,Metakigai,ghostlands,576,demonhunter,havoc,12,6,6
2462,Slapxy,illidan,576,demonhunter,havoc,12,6,6
2463,Abadina,illidan,576,demonhunter,havoc,12,6,6
2464,Beniesdh,frostmourne,576,demonhunter,havoc,12,6,6
2465,Niteclawla,illidan,576,demonhunter,havoc,12,6,6
2466,Soupwoup,moon-guard,576,demonhunter,havoc,12,6,6
2467,Felraiser,stormrage,576,demonhunter,havoc,12,6,6
2468,Stalkdemon,azralon,576,demonhunter,havoc,12,6,6
2469,Audara,sargeras,576,demonhunter,havoc,12,6,6
2470,Ahsoka,arygos,576,demonhunter,havoc,15,7,8
2471,Zümanity,zangarmarsh,576,demonhunter,havoc,18,6,12
2472,Zergedh,kiljaeden,576,demonhunter,havoc,18,6,12
2473,Tresbotones,kelthuzad,576,demonhunter,havoc,18,6,12
2474,Busta,dethecus,576,demonhunter,havoc,18,6,12
2475,Vyrai,lightbringer,576,demonhunter,havoc,18,6,12
2476,Kelan,borean-tundra,576,demonhunter,havoc,18,6,12
2477,Khaito,illidan,576,demonhunter,havoc,18,6,12
2478,Abscarnage,ragnaros,576,demonhunter,havoc,18,6,12
2479,Chabashira,tichondrius,576,demonhunter,havoc,19,6,13
2480,Lovekills,tichondrius,575,demonhunter,havoc,12,6,6
2481,Smoothtaco,azshara,575,demonhunter,havoc,12,6,6
2482,Tyindorin,gurubashi,575,demonhunter,havoc,12,6,6
2483,Çummins,malganis,575,demonhunter,havoc,12,6,6
2484,Diizy,illidan,575,demonhunter,havoc,12,6,6
2485,Liquidblaze,elune,575,demonhunter,havoc,12,6,6
2486,Veladoria,malorne,575,demonhunter,havoc,12,6,6
2487,Nerco,bleeding-hollow,575,demonhunter,havoc,12,6,6
2488,Cholula,korgath,575,demonhunter,havoc,12,6,6
2489,Ralrdh,ragnaros,575,demonhunter,havoc,12,6,6
2490,Elenamarth,kiljaeden,575,demonhunter,havoc,12,6,6
2491,Hootyeahbou,shattered-hand,575,demonhunter,havoc,12,6,6
2492,Lysol,darrowmere,575,demonhunter,havoc,12,6,6
2493,Jalet,azralon,575,demonhunter,havoc,18,6,12
2494,Salveya,stormrage,575,demonhunter,havoc,20,6,14
2495,Ðruh,kelthuzad,574,demonhunter,havoc,18,6,12
2496,Firesworn,zuljin,573,demonhunter,havoc,12,6,6
2497,Slaytan,darkspear,573,demonhunter,havoc,18,6,12
2498,Turbochadbro,spirestone,572,demonhunter,havoc,9,7,2
2499,Lanistus,bloodhoof,570,demonhunter,havoc,18,6,12
2500,Rampyr,terokkar,569,demonhunter,havoc,12,6,6
2501,Kreel,ghostlands,568,demonhunter,havoc,12,6,6
2502,Aleymar,tichondrius,568,demonhunter,havoc,12,6,6
2503,Thjoannys,illidan,567,demonhunter,havoc,12,6,6
2504,Grolschen,proudmoore,558,demonhunter,havoc,18,6,12
2505,Kêydën,ragnaros,541,demonhunter,havoc,10,7,3
2506,Shizune,boulderfist,525,demonhunter,havoc,11,6,5
2507,Wickedlurker,sargeras,519,demonhunter,havoc,17,9,8
2508,Soure,azralon,511,demonhunter,havoc,14,6,8
2509,Isedelica,area-52,510,demonhunter,havoc,11,6,5
2510,Ceried,moon-guard,491,demonhunter,havoc,13,6,7
2511,Cynthadra,frostmourne,480,demonhunter,havoc,6,5,1
2512,Khaodemus,kaelthas,480,demonhunter,havoc,6,5,1
2513,Milfhuñter,sargeras,480,demonhunter,havoc,6,5,1
2514,Lumh,quelthalas,480,demonhunter,havoc,6,5,1
2515,Ryntx,moon-guard,480,demonhunter,havoc,6,5,1
2516,Ottie,kelthuzad,480,demonhunter,havoc,6,5,1
2517,Prazethesun,emerald-dream,480,demonhunter,havoc,6,5,1
2518,Ljevilin,gilneas,480,demonhunter,havoc,6,5,1
2519,Damador,malganis,480,demonhunter,havoc,6,5,1
2520,Harahmbae,moon-guard,480,demonhunter,havoc,12,5,7
2521,Køugami,azralon,480,demonhunter,havoc,12,5,7
2522,Bátmañ,stormrage,480,demonhunter,havoc,12,5,7
2523,Drathothian,moon-guard,480,demonhunter,havoc,12,5,7
2524,Darkglaive,ragnaros,480,demonhunter,havoc,12,5,7
2525,Besoween,tichondrius,480,demonhunter,havoc,12,5,7
2526,Lachesix,tichondrius,480,demonhunter,havoc,12,5,7
2527,Elchapotko,tichondrius,480,demonhunter,havoc,12,5,7
2528,Hippygamer,frostmourne,480,demonhunter,havoc,12,5,7
2529,Untouchèd,bleeding-hollow,480,demonhunter,havoc,12,5,7
2530,Xiaodudh,tichondrius,480,demonhunter,havoc,12,5,7
2531,Muffjuice,emerald-dream,480,demonhunter,havoc,12,5,7
2532,Delaían,drakkari,480,demonhunter,havoc,12,5,7
2533,Lìttlê,runetotem,480,demonhunter,havoc,12,5,7
2534,Uneasydh,tichondrius,480,demonhunter,havoc,12,5,7
2535,Chaosfienddh,bleeding-hollow,480,demonhunter,havoc,12,5,7
2536,Domeemommy,moon-guard,480,demonhunter,havoc,12,5,7
2537,Paypaldh,malganis,480,demonhunter,havoc,12,5,7
2538,Faster,tichondrius,480,demonhunter,havoc,12,5,7
2539,Maddummy,tichondrius,480,demonhunter,havoc,12,5,7
2540,Onbloodfam,kelthuzad,480,demonhunter,havoc,12,5,7
2541,Sailtheskies,tichondrius,480,demonhunter,havoc,12,5,7
2542,Zlr,bleeding-hollow,480,demonhunter,havoc,12,5,7
2543,Wwdh,stormrage,480,demonhunter,havoc,12,5,7
2544,Chupillidan,tichondrius,480,demonhunter,havoc,12,5,7
2545,Dontplanahea,tichondrius,480,demonhunter,havoc,12,5,7
2546,Ahurock,ragnaros,480,demonhunter,havoc,12,5,7
2547,Cococat,tichondrius,480,demonhunter,havoc,12,5,7
2548,Obîtox,illidan,480,demonhunter,havoc,12,5,7
2549,Bellysniffer,illidan,480,demonhunter,havoc,12,5,7
2550,Anthvedroth,area-52,480,demonhunter,havoc,12,5,7
2551,Hyptonique,queldorei,480,demonhunter,havoc,12,5,7
2552,Finagel,destromath,480,demonhunter,havoc,12,5,7
2553,Zuppashi,area-52,480,demonhunter,havoc,12,5,7
2554,Demondurk,illidan,480,demonhunter,havoc,12,5,7
2555,Roughcut,blackrock,480,demonhunter,havoc,12,5,7
2556,Lonelydusk,zangarmarsh,480,demonhunter,havoc,12,5,7
2557,Highpower,area-52,480,demonhunter,havoc,12,5,7
2558,Dàrk,zuljin,480,demonhunter,havoc,23,7,16
2559,Dracxus,sargeras,480,demonhunter,havoc,18,5,13
2560,Barael,tichondrius,480,demonhunter,havoc,18,5,13
2561,Soulrending,stormrage,480,demonhunter,havoc,18,5,13
2562,Thedh,ragnaros,480,demonhunter,havoc,18,5,13
2563,Breezoo,tichondrius,479,demonhunter,havoc,6,5,1
2564,Pwnagextreme,area-52,479,demonhunter,havoc,6,5,1
2565,Fliar,black-dragonflight,479,demonhunter,havoc,12,5,7
2566,Bonebtwo,area-52,479,demonhunter,havoc,12,5,7
2567,ßoobiemiles,area-52,479,demonhunter,havoc,12,5,7
2568,Felvanora,amanthul,479,demonhunter,havoc,12,5,7
2569,Hàuntress,saurfang,479,demonhunter,havoc,18,5,13
2570,Kritik,goldrinn,478,demonhunter,havoc,12,5,7
2571,Tdmturbo,zuluhed,478,demonhunter,havoc,12,5,7
2572,Midnightlord,tichondrius,477,demonhunter,havoc,6,5,1
2573,Devc,stormrage,477,demonhunter,havoc,12,5,7
2574,Aliniron,illidan,477,demonhunter,havoc,12,5,7
2575,Swansong,norgannon,476,demonhunter,havoc,12,5,7
2576,Myname,aggramar,476,demonhunter,havoc,32,5,27
2577,Mentoes,tichondrius,473,demonhunter,havoc,12,5,7
2578,Leg,scilla,448,demonhunter,havoc,10,5,5
2579,Fugabag,thrall,447,demonhunter,havoc,11,5,6
2580,Raum,elune,443,demonhunter,havoc,8,6,2
2581,Bogged,emerald-dream,432,demonhunter,havoc,9,5,4
2582,Bituhvic,stormrage,431,demonhunter,havoc,11,5,6
2583,Funky,draenor,420,demonhunter,havoc,22,8,14
2584,Tygerion,emerald-dream,416,demonhunter,havoc,10,5,5
2585,Wheredyougo,proudmoore,416,demonhunter,havoc,10,5,5
2586,Bladezues,tichondrius,415,demonhunter,havoc,14,5,9
2587,Blinddude,sargeras,415,demonhunter,havoc,14,5,9
2588,Vessarin,madoran,415,demonhunter,havoc,14,5,9
2589,Teenis,malygos,412,demonhunter,havoc,14,5,9
2590,Akiirus,azralon,400,demonhunter,havoc,7,5,2
2591,Darkrëaper,azralon,384,demonhunter,havoc,6,4,2
2592,Omygaud,tichondrius,384,demonhunter,havoc,6,4,2
2593,Kêrbydh,frostmourne,384,demonhunter,havoc,6,4,2
2594,Spasmodiic,illidan,384,demonhunter,havoc,6,4,2
2595,Blackblades,blackhand,384,demonhunter,havoc,6,4,2
2596,Déörwine,quelthalas,384,demonhunter,havoc,6,4,2
2597,Whudaz,tichondrius,384,demonhunter,havoc,6,4,2
2598,Coa,nazjatar,384,demonhunter,havoc,6,4,2
2599,Bigdingding,area-52,384,demonhunter,havoc,6,4,2
2600,Florks,area-52,384,demonhunter,havoc,6,4,2
2601,Deezhuntz,anvilmar,384,demonhunter,havoc,6,4,2
2602,Cupernacus,tichondrius,384,demonhunter,havoc,6,4,2
2603,Nihilist,kaelthas,384,demonhunter,havoc,6,4,2
2604,Heygriffin,proudmoore,384,demonhunter,havoc,6,4,2
2605,Uncleruckus,bloodscalp,384,demonhunter,havoc,6,4,2
2606,Yågåmist,dalaran,384,demonhunter,havoc,6,4,2
2607,Abakkio,kelthuzad,384,demonhunter,havoc,6,4,2
2608,Cloudzzy,illidan,384,demonhunter,havoc,6,4,2
2609,Tragedydh,sargeras,384,demonhunter,havoc,6,4,2
2610,Intrusive,kelthuzad,384,demonhunter,havoc,6,4,2
2611,Kasseater,stormrage,384,demonhunter,havoc,6,4,2
2612,Slyblitz,bleeding-hollow,384,demonhunter,havoc,6,4,2
2613,Tristanzx,sargeras,384,demonhunter,havoc,6,4,2
2614,Hordesback,illidan,384,demonhunter,havoc,6,4,2
2615,Doras,kelthuzad,384,demonhunter,havoc,6,4,2
2616,Wogarg,sargeras,384,demonhunter,havoc,6,4,2
2617,Dhworm,azralon,384,demonhunter,havoc,6,4,2
2618,Jeeprcreeprs,sargeras,384,demonhunter,havoc,6,4,2
2619,Bopersdh,drakkari,384,demonhunter,havoc,6,4,2
2620,Hypetraindh,kelthuzad,384,demonhunter,havoc,6,4,2
2621,Khaosx,ragnaros,384,demonhunter,havoc,6,4,2
2622,Crankbaz,malganis,384,demonhunter,havoc,6,4,2
2623,Verasu,kiljaeden,384,demonhunter,havoc,6,4,2
2624,Ineptbb,frostmourne,384,demonhunter,havoc,6,4,2
2625,Ãstoreth,quelthalas,384,demonhunter,havoc,6,4,2
2626,Rizzle,malganis,384,demonhunter,havoc,6,4,2
2627,Felshiv,azralon,384,demonhunter,havoc,6,4,2
2628,Extínctíon,moon-guard,384,demonhunter,havoc,6,4,2
2629,Diëgo,gallywix,384,demonhunter,havoc,6,4,2
2630,Theownz,stormrage,384,demonhunter,havoc,6,4,2
2631,Äòégämîñg,stormrage,384,demonhunter,havoc,6,4,2
2632,Parabolicc,illidan,384,demonhunter,havoc,6,4,2
2633,Nåxah,bleeding-hollow,384,demonhunter,havoc,8,4,4
2634,Dkdakìng,thrall,384,demonhunter,havoc,12,4,8
2635,Kruptikos,tichondrius,384,demonhunter,havoc,12,4,8
2636,Zradda,zuljin,384,demonhunter,havoc,12,4,8
2637,Vorlimornd,illidan,384,demonhunter,havoc,12,4,8
2638,Misriah,sargeras,384,demonhunter,havoc,12,4,8
2639,Fenthras,thrall,384,demonhunter,havoc,12,4,8
2640,Dhibjorf,destromath,384,demonhunter,havoc,12,4,8
2641,Zzatmikaze,area-52,384,demonhunter,havoc,12,4,8
2642,Noliaclap,sargeras,384,demonhunter,havoc,12,4,8
2643,Drîp,moon-guard,384,demonhunter,havoc,12,4,8
2644,Contactfront,whisperwind,384,demonhunter,havoc,12,4,8
2645,Allidox,tichondrius,384,demonhunter,havoc,12,4,8
2646,Temporarý,bleeding-hollow,384,demonhunter,havoc,12,4,8
2647,Separate,stormrage,384,demonhunter,havoc,12,4,8
2648,Véñom,area-52,384,demonhunter,havoc,12,4,8
2649,Namthar,quelthalas,384,demonhunter,havoc,12,4,8
2650,Uchulu,quelthalas,384,demonhunter,havoc,12,4,8
2651,Älönë,thrall,384,demonhunter,havoc,12,4,8
2652,Reapersauce,illidan,384,demonhunter,havoc,12,4,8
2653,Blackclóver,drakkari,384,demonhunter,havoc,12,4,8
2654,Mikemyoffice,illidan,384,demonhunter,havoc,12,4,8
2655,Heallscrean,drakkari,384,demonhunter,havoc,12,4,8
2656,Mommafingers,illidan,384,demonhunter,havoc,12,4,8
2657,Dhsoop,tichondrius,384,demonhunter,havoc,12,4,8
2658,Croisoi,ragnaros,384,demonhunter,havoc,12,4,8
2659,Maisus,illidan,384,demonhunter,havoc,12,4,8
2660,Sathsong,tichondrius,384,demonhunter,havoc,12,4,8
2661,Sektõr,dalaran,384,demonhunter,havoc,12,4,8
2662,Zoomie,durotan,384,demonhunter,havoc,12,4,8
2663,Rolecheck,tichondrius,384,demonhunter,havoc,12,4,8
2664,Bättousai,kiljaeden,384,demonhunter,havoc,12,4,8
2665,Fraxxured,proudmoore,384,demonhunter,havoc,12,4,8
2666,Sinhful,darkspear,384,demonhunter,havoc,12,4,8
2667,Alphatoo,area-52,384,demonhunter,havoc,15,4,11
2668,Fuujiin,tol-barad,384,demonhunter,havoc,18,4,14
2669,Roodblurz,zuljin,384,demonhunter,havoc,18,4,14
2670,Mileze,area-52,384,demonhunter,havoc,24,4,20
2671,Gretadumberg,area-52,383,demonhunter,havoc,6,4,2
2672,Rarespawnjon,tichondrius,383,demonhunter,havoc,6,4,2
2673,Severon,stormrage,383,demonhunter,havoc,6,4,2
2674,Menadori,madoran,383,demonhunter,havoc,6,4,2
2675,Demondrëad,lightbringer,383,demonhunter,havoc,9,5,4
2676,Døffy,area-52,383,demonhunter,havoc,12,4,8
2677,Themurderer,area-52,383,demonhunter,havoc,12,4,8
2678,Vellinaris,zuljin,383,demonhunter,havoc,12,4,8
2679,Darkweast,dalaran,383,demonhunter,havoc,12,4,8
2680,Çherrii,moon-guard,382,demonhunter,havoc,6,4,2
2681,Xiin,cenarion-circle,382,demonhunter,havoc,12,4,8
2682,Saladuoduo,illidan,382,demonhunter,havoc,12,4,8
2683,Anguloke,wyrmrest-accord,381,demonhunter,havoc,10,5,5
2684,Bckzy,sargeras,381,demonhunter,havoc,12,4,8
2685,Polunochnaya,area-52,352,demonhunter,havoc,16,4,12
2686,Findoratoqc,darrowmere,351,demonhunter,havoc,11,4,7
2687,Cassiedemonh,tichondrius,336,demonhunter,havoc,9,5,4
2688,Xiruu,area-52,336,demonhunter,havoc,15,5,10
2689,Deadlysin,dragonmaw,336,demonhunter,havoc,15,4,11
2690,Fingerjamsx,area-52,335,demonhunter,havoc,11,4,7
2691,Dearborn,frostmourne,330,demonhunter,havoc,16,5,11
2692,Criyn,kelthuzad,330,demonhunter,havoc,17,5,12
2693,Rivent,dethecus,319,demonhunter,havoc,14,4,10
2694,Gibbz,wyrmrest-accord,304,demonhunter,havoc,11,5,6
2695,Talsaris,drakthul,288,demonhunter,havoc,6,3,3
2696,Eyesyk,bonechewer,288,demonhunter,havoc,6,3,3
2697,Walluped,malganis,288,demonhunter,havoc,6,3,3
2698,Thunderrbolt,illidan,288,demonhunter,havoc,6,3,3
2699,Baikudyn,darkspear,288,demonhunter,havoc,6,3,3
2700,Kunitsuna,thunderlord,288,demonhunter,havoc,6,3,3
2701,Feldumper,illidan,288,demonhunter,havoc,6,3,3
2702,Tink,kilrogg,288,demonhunter,havoc,6,3,3
2703,Gnatman,skywall,288,demonhunter,havoc,6,3,3
2704,Foodtruck,hellscream,288,demonhunter,havoc,6,3,3
2705,Adycatt,illidan,288,demonhunter,havoc,6,3,3
2706,Jibaiye,tichondrius,288,demonhunter,havoc,6,3,3
2707,Kamakhasi,bleeding-hollow,288,demonhunter,havoc,6,3,3
2708,Illipo,illidan,288,demonhunter,havoc,6,3,3
2709,Tøwers,aegwynn,288,demonhunter,havoc,6,3,3
2710,Pocahotnes,stormrage,288,demonhunter,havoc,6,3,3
2711,Onií,bleeding-hollow,288,demonhunter,havoc,6,3,3
2712,Zanaiahs,sargeras,288,demonhunter,havoc,6,3,3
2713,Devirador,ragnaros,288,demonhunter,havoc,6,3,3
2714,Sofedon,kargath,288,demonhunter,havoc,6,3,3
2715,Smokahontas,eredar,288,demonhunter,havoc,6,3,3
2716,Asukaxox,illidan,288,demonhunter,havoc,6,3,3
2717,Fracxures,area-52,288,demonhunter,havoc,6,3,3
2718,Bkeight,dalaran,288,demonhunter,havoc,6,3,3
2719,Rauwèrs,azralon,288,demonhunter,havoc,6,3,3
2720,Cassadega,sargeras,288,demonhunter,havoc,6,3,3
2721,Demonfused,illidan,288,demonhunter,havoc,6,3,3
2722,Zurg,wyrmrest-accord,288,demonhunter,havoc,6,3,3
2723,Ziyutomioka,moon-guard,288,demonhunter,havoc,6,3,3
2724,Shacco,bleeding-hollow,288,demonhunter,havoc,6,3,3
2725,Zalenn,whisperwind,288,demonhunter,havoc,6,3,3
2726,Cedicdh,illidan,288,demonhunter,havoc,6,3,3
2727,Sxzure,frostmourne,288,demonhunter,havoc,6,3,3
2728,Smallsuper,azralon,288,demonhunter,havoc,6,3,3
2729,Xxsozin,skullcrusher,288,demonhunter,havoc,6,3,3
2730,Touched,guldan,288,demonhunter,havoc,6,3,3
2731,Vichopan,tichondrius,288,demonhunter,havoc,6,3,3
2732,Felform,area-52,288,demonhunter,havoc,6,3,3
2733,Treyydh,illidan,288,demonhunter,havoc,6,3,3
2734,Mavrii,executus,288,demonhunter,havoc,6,3,3
2735,Worldahmelee,illidan,288,demonhunter,havoc,6,3,3
2736,Eyebeamtowin,stormrage,288,demonhunter,havoc,6,3,3
2737,Gurthbrookz,tichondrius,288,demonhunter,havoc,6,3,3
2738,Velerolas,area-52,288,demonhunter,havoc,6,3,3
2739,Baka,grizzly-hills,288,demonhunter,havoc,6,3,3
2740,Fleetop,tichondrius,288,demonhunter,havoc,6,3,3
2741,Businessmaam,malganis,288,demonhunter,havoc,6,3,3
2742,Cocomeld,tichondrius,288,demonhunter,havoc,6,3,3
2743,Noóve,area-52,288,demonhunter,havoc,6,3,3
2744,Rákdos,illidan,288,demonhunter,havoc,6,3,3
2745,Kokushiibo,frostwolf,288,demonhunter,havoc,6,3,3
2746,Totheglaive,sargeras,288,demonhunter,havoc,6,3,3
2747,Wingsofhavoc,darkspear,288,demonhunter,havoc,6,3,3
2748,Riodh,area-52,288,demonhunter,havoc,6,3,3
2749,Dettlaff,sentinels,288,demonhunter,havoc,6,3,3
2750,Ocão,azralon,288,demonhunter,havoc,6,3,3
2751,Krendron,malganis,288,demonhunter,havoc,6,3,3
2752,Darkstein,nathrezim,288,demonhunter,havoc,6,3,3
2753,Rhynóe,illidan,288,demonhunter,havoc,6,3,3
2754,Mèrlyn,sargeras,288,demonhunter,havoc,6,3,3
2755,Feltini,whisperwind,288,demonhunter,havoc,6,3,3
2756,Levail,wyrmrest-accord,288,demonhunter,havoc,6,3,3
2757,Kylíejennêr,gilneas,288,demonhunter,havoc,6,3,3
2758,Aslowbust,tichondrius,288,demonhunter,havoc,6,3,3
2759,Ravack,stormrage,288,demonhunter,havoc,6,3,3
2760,Demønical,dalaran,288,demonhunter,havoc,6,3,3
2761,Khelt,dalaran,288,demonhunter,havoc,6,3,3
2762,Dewkee,ghostlands,288,demonhunter,havoc,6,3,3
2763,Goodrink,tichondrius,288,demonhunter,havoc,6,3,3
2764,Arlequhin,ragnaros,288,demonhunter,havoc,6,3,3
2765,Thelor,frostmourne,288,demonhunter,havoc,6,3,3
2766,Celestez,kelthuzad,288,demonhunter,havoc,6,3,3
2767,Slodeath,zuljin,288,demonhunter,havoc,6,3,3
2768,Smokepurppx,zuljin,288,demonhunter,havoc,6,3,3
2769,Bogdan,azjolnerub,288,demonhunter,havoc,6,3,3
2770,Fellenkellar,stormrage,288,demonhunter,havoc,6,3,3
2771,Namiisann,terenas,288,demonhunter,havoc,6,3,3
2772,Blurblurblur,frostmourne,288,demonhunter,havoc,6,3,3
2773,Fardyhole,illidan,288,demonhunter,havoc,6,3,3
2774,Yedeme,tichondrius,288,demonhunter,havoc,6,3,3
2775,Inva,stormrage,288,demonhunter,havoc,6,3,3
2776,Orsova,area-52,288,demonhunter,havoc,6,3,3
2777,Blingtrön,malganis,288,demonhunter,havoc,6,3,3
2778,Darkterrôr,sargeras,288,demonhunter,havoc,9,4,5
2779,Suyu,ragnaros,288,demonhunter,havoc,9,3,6
2780,Dhuck,nemesis,288,demonhunter,havoc,15,4,11
2781,Thrania,lothar,288,demonhunter,havoc,12,3,9
2782,Kraky,nemesis,288,demonhunter,havoc,12,3,9
2783,Çløûdïx,tichondrius,288,demonhunter,havoc,12,3,9
2784,Zudo,amanthul,288,demonhunter,havoc,12,3,9
2785,Trekt,blades-edge,288,demonhunter,havoc,12,3,9
2786,Wotlkdh,area-52,288,demonhunter,havoc,12,3,9
2787,Hemmerdainz,kelthuzad,288,demonhunter,havoc,12,3,9
2788,Lawimmortal,tichondrius,288,demonhunter,havoc,12,3,9
2789,Dirtyd,dragonmaw,288,demonhunter,havoc,12,3,9
2790,Noztak,area-52,288,demonhunter,havoc,12,3,9
2791,Roozi,tichondrius,288,demonhunter,havoc,12,3,9
2792,Atriax,kelthuzad,288,demonhunter,havoc,12,3,9
2793,Vwap,tichondrius,288,demonhunter,havoc,12,3,9
2794,Dmfeetpics,dalaran,288,demonhunter,havoc,12,3,9
2795,Mirante,illidan,288,demonhunter,havoc,12,3,9
2796,Occula,moon-guard,288,demonhunter,havoc,12,3,9
2797,Iluvboóty,blackrock,288,demonhunter,havoc,12,3,9
2798,Elflerri,area-52,288,demonhunter,havoc,12,3,9
2799,Denadiirx,area-52,288,demonhunter,havoc,12,3,9
2800,Neverblurx,kirin-tor,288,demonhunter,havoc,12,3,9
2801,Vellassa,stormscale,288,demonhunter,havoc,18,3,15
2802,Lavantora,tichondrius,288,demonhunter,havoc,23,3,20
2803,Magoroth,ragnaros,287,demonhunter,havoc,6,3,3
2804,Haydet,stormrage,287,demonhunter,havoc,6,3,3
2805,Eggandpotato,saurfang,287,demonhunter,havoc,6,3,3
2806,Holescrewer,tichondrius,287,demonhunter,havoc,6,3,3
2807,Devilina,khadgar,287,demonhunter,havoc,6,3,3
2808,Slixxk,sargeras,287,demonhunter,havoc,9,4,5
2809,Cheriste,malganis,287,demonhunter,havoc,14,4,10
2810,Villoria,kul-tiras,287,demonhunter,havoc,12,3,9
2811,Kellndore,emerald-dream,286,demonhunter,havoc,6,3,3
2812,Syldaeya,silvermoon,285,demonhunter,havoc,10,5,5
2813,Pekkora,illidan,284,demonhunter,havoc,12,3,9
2814,Elrr,drakkari,255,demonhunter,havoc,11,3,8
2815,Nikator,emerald-dream,255,demonhunter,havoc,11,3,8
2816,Juantty,area-52,240,demonhunter,havoc,15,3,12
2817,Vickyvette,illidan,239,demonhunter,havoc,5,3,2
2818,Bushwacker,azralon,223,demonhunter,havoc,8,3,5
2819,Onihunter,zangarmarsh,208,demonhunter,havoc,7,3,4
2820,Cobra,quelthalas,208,demonhunter,havoc,7,3,4
2821,Critxclutch,tichondrius,192,demonhunter,havoc,4,3,1
2822,Syrendris,moon-guard,192,demonhunter,havoc,8,3,5
2823,Cirillas,illidan,192,demonhunter,havoc,6,2,4
2824,Badservice,frostwolf,192,demonhunter,havoc,6,2,4
2825,Frino,steamwheedle-cartel,192,demonhunter,havoc,6,2,4
2826,Xannaa,illidan,192,demonhunter,havoc,6,2,4
2827,Arkynth,dalaran,192,demonhunter,havoc,6,2,4
2828,Gyutaro,frostmourne,192,demonhunter,havoc,6,2,4
2829,Dbljump,kiljaeden,192,demonhunter,havoc,6,2,4
2830,Buhnana,stormscale,192,demonhunter,havoc,6,2,4
2831,Sparklepunch,stormrage,192,demonhunter,havoc,6,2,4
2832,Xanthrodril,illidan,192,demonhunter,havoc,6,2,4
2833,Luana,stormscale,192,demonhunter,havoc,6,2,4
2834,Rykko,borean-tundra,192,demonhunter,havoc,6,2,4
2835,Metha,kiljaeden,192,demonhunter,havoc,6,2,4
2836,Frøppy,illidan,192,demonhunter,havoc,6,2,4
2837,Annmílls,quelthalas,192,demonhunter,havoc,6,2,4
2838,Aleta,firetree,192,demonhunter,havoc,6,2,4
2839,Demondubya,illidan,192,demonhunter,havoc,6,2,4
2840,Sarithos,frostmourne,192,demonhunter,havoc,6,2,4
2841,Pariah,saurfang,192,demonhunter,havoc,6,2,4
2842,Yhell,darkspear,192,demonhunter,havoc,6,2,4
2843,Falan,drakthul,192,demonhunter,havoc,6,2,4
2844,Daso,the-forgotten-coast,192,demonhunter,havoc,6,2,4
2845,Berquondh,tichondrius,192,demonhunter,havoc,6,2,4
2846,Sodí,moon-guard,192,demonhunter,havoc,6,2,4
2847,Azuki,lightbringer,192,demonhunter,havoc,6,2,4
2848,Msbadass,demon-soul,192,demonhunter,havoc,6,2,4
2849,Mäläk,zuluhed,192,demonhunter,havoc,6,2,4
2850,Cocopapa,tichondrius,192,demonhunter,havoc,6,2,4
2851,Denel,laughing-skull,192,demonhunter,havoc,6,2,4
2852,Felmilk,demon-soul,192,demonhunter,havoc,6,2,4
2853,Renoshan,wyrmrest-accord,192,demonhunter,havoc,6,2,4
2854,Jadyne,frostmourne,192,demonhunter,havoc,6,2,4
2855,Demonwaffle,draka,192,demonhunter,havoc,6,2,4
2856,Pokoloko,twisting-nether,192,demonhunter,havoc,6,2,4
2857,Margerie,bleeding-hollow,192,demonhunter,havoc,6,2,4
2858,Blynx,destromath,192,demonhunter,havoc,6,2,4
2859,Ratcnt,barthilas,192,demonhunter,havoc,6,2,4
2860,Atsudadh,illidan,192,demonhunter,havoc,6,2,4
2861,Ambitiòn,moon-guard,192,demonhunter,havoc,6,2,4
2862,Billmurray,skullcrusher,192,demonhunter,havoc,6,2,4
2863,Bleaster,malganis,192,demonhunter,havoc,6,2,4
2864,Ausä,ragnaros,192,demonhunter,havoc,6,2,4
2865,Gopump,area-52,192,demonhunter,havoc,6,2,4
2866,Øxxy,azralon,192,demonhunter,havoc,6,2,4
2867,Carlibeth,illidan,192,demonhunter,havoc,6,2,4
2868,Renatha,ragnaros,192,demonhunter,havoc,6,2,4
2869,Skol,andorhal,192,demonhunter,havoc,6,2,4
2870,Freddiedread,bladefist,192,demonhunter,havoc,6,2,4
2871,Daabsdh,thrall,192,demonhunter,havoc,6,2,4
2872,Elaurenne,sargeras,192,demonhunter,havoc,6,2,4
2873,Texts,norgannon,192,demonhunter,havoc,6,2,4
2874,Daracu,aerie-peak,192,demonhunter,havoc,6,2,4
2875,Swagidan,khaz-modan,192,demonhunter,havoc,6,2,4
2876,Kraazi,thrall,192,demonhunter,havoc,6,2,4
2877,Krador,wyrmrest-accord,192,demonhunter,havoc,6,2,4
2878,Morgoph,burning-legion,192,demonhunter,havoc,6,2,4
2879,Rorac,ragnaros,192,demonhunter,havoc,6,2,4
2880,Hoagiedevil,moon-guard,192,demonhunter,havoc,6,2,4
2881,Bastaghor,stormrage,192,demonhunter,havoc,6,2,4
2882,Yukimes,frostmourne,192,demonhunter,havoc,6,2,4
2883,Devilweef,whisperwind,192,demonhunter,havoc,6,2,4
2884,Ossariss,moon-guard,192,demonhunter,havoc,6,2,4
2885,Kayanson,azralon,192,demonhunter,havoc,6,2,4
2886,Itachiix,sargeras,192,demonhunter,havoc,6,2,4
2887,Rrochy,tichondrius,192,demonhunter,havoc,6,2,4
2888,Ragath,bonechewer,192,demonhunter,havoc,6,2,4
2889,Imagoon,sargeras,192,demonhunter,havoc,6,2,4
2890,Lilyanie,stormrage,192,demonhunter,havoc,6,2,4
2891,Lillidanss,the-forgotten-coast,192,demonhunter,havoc,6,2,4
2892,Phoébé,drakkari,192,demonhunter,havoc,6,2,4
2893,Cordianx,area-52,192,demonhunter,havoc,6,2,4
2894,Zethh,drakkari,192,demonhunter,havoc,6,2,4
2895,Wartornx,tichondrius,192,demonhunter,havoc,6,2,4
2896,Wreckforce,blades-edge,192,demonhunter,havoc,6,2,4
2897,Reflexin,tichondrius,192,demonhunter,havoc,6,2,4
2898,Cryolite,sargeras,192,demonhunter,havoc,6,2,4
2899,Dirtydone,area-52,192,demonhunter,havoc,6,2,4
2900,Ivexia,blackrock,192,demonhunter,havoc,6,2,4
2901,Slaymore,sargeras,192,demonhunter,havoc,6,2,4
2902,Demonichoov,thrall,192,demonhunter,havoc,6,2,4
2903,Illimare,tichondrius,192,demonhunter,havoc,6,2,4
2904,Jozeez,emerald-dream,192,demonhunter,havoc,6,2,4
2905,Lilvetis,thrall,192,demonhunter,havoc,6,2,4
2906,Showaitie,thrall,192,demonhunter,havoc,6,2,4
2907,Wowomg,tichondrius,192,demonhunter,havoc,6,2,4
2908,Hávok,sargeras,192,demonhunter,havoc,7,2,5
2909,Qlmm,stormrage,192,demonhunter,havoc,7,2,5
2910,Tiristra,cenarion-circle,192,demonhunter,havoc,8,2,6
2911,Proserpinâ,bleeding-hollow,192,demonhunter,havoc,12,2,10
2912,Hollownight,area-52,192,demonhunter,havoc,12,2,10
2913,Intensìve,illidan,192,demonhunter,havoc,12,2,10
2914,Halaena,moon-guard,192,demonhunter,havoc,12,2,10
2915,Beastforlife,sargeras,192,demonhunter,havoc,12,2,10
2916,Daeth,skullcrusher,192,demonhunter,havoc,12,2,10
2917,Âduka,illidan,192,demonhunter,havoc,12,2,10
2918,Illidunk,tichondrius,192,demonhunter,havoc,12,2,10
2919,Kushz,dalaran,192,demonhunter,havoc,12,2,10
2920,Catastroz,ragnaros,192,demonhunter,havoc,12,2,10
2921,Sadpepe,bleeding-hollow,192,demonhunter,havoc,12,2,10
2922,Kyska,tichondrius,192,demonhunter,havoc,12,2,10
2923,Asharian,wyrmrest-accord,192,demonhunter,havoc,12,2,10
2924,Amdusias,darkspear,192,demonhunter,havoc,12,2,10
2925,Rewyle,magtheridon,192,demonhunter,havoc,12,2,10
2926,Spacéphoenix,stormrage,192,demonhunter,havoc,12,2,10
2927,Hueylucifer,ravencrest,192,demonhunter,havoc,12,2,10
2928,Dannaris,maelstrom,191,demonhunter,havoc,6,2,4
2929,Abusedchild,dalaran,191,demonhunter,havoc,6,2,4
2930,Psythe,undermine,191,demonhunter,havoc,6,2,4
2931,Tarasam,burning-blade,191,demonhunter,havoc,12,2,10
2932,Demonci,stormrage,190,demonhunter,havoc,4,3,1
2933,Feilixx,moon-guard,190,demonhunter,havoc,12,2,10
2934,Ryoga,malganis,159,demonhunter,havoc,5,2,3
2935,Refused,nesingwary,138,demonhunter,havoc,11,4,7
2936,Shanjara,sargeras,138,demonhunter,havoc,15,3,12
2937,Xeil,zuljin,128,demonhunter,havoc,4,2,2
2938,Kümï,quelthalas,96,demonhunter,havoc,3,2,1
2939,Frenchtoast,bonechewer,96,demonhunter,havoc,6,1,5
2940,Dhrongor,drakkari,96,demonhunter,havoc,6,1,5
2941,Emodan,moon-guard,96,demonhunter,havoc,6,1,5
2942,Thedhdream,frostmourne,96,demonhunter,havoc,6,1,5
2943,Terpenese,chogall,96,demonhunter,havoc,6,1,5
2944,Jhinskui,drakkari,96,demonhunter,havoc,6,1,5
2945,Cidolem,area-52,96,demonhunter,havoc,6,1,5
2946,Negraxo,ragnaros,96,demonhunter,havoc,6,1,5
2947,Memslaw,tichondrius,96,demonhunter,havoc,6,1,5
2948,Scarolol,malganis,96,demonhunter,havoc,6,1,5
2949,Ellguindh,malganis,96,demonhunter,havoc,6,1,5
2950,Roat,malganis,96,demonhunter,havoc,6,1,5
2951,Bümb,moon-guard,96,demonhunter,havoc,6,1,5
2952,Devî,ragnaros,96,demonhunter,havoc,6,1,5
2953,Finnanutt,tichondrius,96,demonhunter,havoc,6,1,5
2954,Treblig,nerzhul,96,demonhunter,havoc,6,1,5
2955,Wubloadz,bleeding-hollow,96,demonhunter,havoc,6,1,5
2956,Izruul,tichondrius,96,demonhunter,havoc,6,1,5
2957,Deadopps,tichondrius,96,demonhunter,havoc,6,1,5
2958,Safikins,tichondrius,96,demonhunter,havoc,6,1,5
2959,Elillidan,emerald-dream,96,demonhunter,havoc,6,1,5
2960,Skylinetime,sargeras,96,demonhunter,havoc,6,1,5
2961,Ðemonhunterx,frostmourne,96,demonhunter,havoc,6,1,5
2962,Constantwood,sargeras,96,demonhunter,havoc,6,1,5
2963,Mazïkeen,uther,96,demonhunter,havoc,6,1,5
2964,Lauriale,moon-guard,96,demonhunter,havoc,6,1,5
2965,Pupariuh,illidan,96,demonhunter,havoc,6,1,5
2966,Jerry,emerald-dream,96,demonhunter,havoc,6,1,5
2967,Esøteric,area-52,96,demonhunter,havoc,6,1,5
2968,Vëngêåncé,tichondrius,96,demonhunter,havoc,6,1,5
2969,Denathrion,moon-guard,96,demonhunter,havoc,6,1,5
2970,Demonleàf,area-52,96,demonhunter,havoc,6,1,5
2971,Irìs,blood-furnace,96,demonhunter,havoc,6,1,5
2972,Nightsatan,stormrage,96,demonhunter,havoc,6,1,5
2973,Hausecat,aegwynn,96,demonhunter,havoc,6,1,5
2974,Thêworld,azralon,96,demonhunter,havoc,6,1,5
2975,Chris,nordrassil,96,demonhunter,havoc,6,1,5
2976,Siegfridemon,ragnaros,96,demonhunter,havoc,6,1,5
2977,Majindemon,dragonmaw,96,demonhunter,havoc,6,1,5
2978,Icanmove,area-52,96,demonhunter,havoc,6,1,5
2979,Painqtxo,area-52,96,demonhunter,havoc,6,1,5
2980,Sternhunt,khadgar,96,demonhunter,havoc,6,1,5
2981,Eibizoudh,sargeras,96,demonhunter,havoc,6,1,5
2982,Chirøn,darkspear,96,demonhunter,havoc,6,1,5
2983,Gil,moonrunner,96,demonhunter,havoc,6,1,5
2984,Theysuffer,scilla,96,demonhunter,havoc,6,1,5
2985,Boatsnhoze,tichondrius,96,demonhunter,havoc,6,1,5
2986,Itsplague,tichondrius,96,demonhunter,havoc,6,1,5
2987,Glaivee,dalaran,96,demonhunter,havoc,6,1,5
2988,Demønvil,onyxia,96,demonhunter,havoc,6,1,5
2989,Ðemonix,tichondrius,96,demonhunter,havoc,6,1,5
2990,Mythundorn,burning-blade,96,demonhunter,havoc,6,1,5
2991,Angelawhite,illidan,96,demonhunter,havoc,6,1,5
2992,Cantreborn,destromath,96,demonhunter,havoc,6,1,5
2993,Chad,anvilmar,96,demonhunter,havoc,6,1,5
2994,Slycerr,illidan,96,demonhunter,havoc,6,1,5
2995,Chakan,burning-legion,96,demonhunter,havoc,6,1,5
2996,Sado,proudmoore,96,demonhunter,havoc,6,1,5
2997,Carrîôn,tichondrius,96,demonhunter,havoc,6,1,5
2998,Gosrend,durotan,96,demonhunter,havoc,7,1,6
2999,Lantherin,sargeras,96,demonhunter,havoc,11,1,10
3000,Moonsocks,proudmoore,96,demonhunter,havoc,12,1,11
3001,Gnocchis,thrall,96,demonhunter,havoc,12,1,11
3002,Vespherie,moon-guard,84,demonhunter,havoc,8,5,3
3003,Miskiiv,malganis,79,demonhunter,havoc,5,1,4
3004,Fellchapo,illidan,79,demonhunter,havoc,5,1,4
3005,Zetsuwaffles,area-52,79,demonhunter,havoc,5,1,4
3006,Demonbluntzz,tichondrius,79,demonhunter,havoc,11,1,10
3007,Mcthiccyy,moon-guard,64,demonhunter,havoc,4,1,3
3008,Hundredeye,malganis,64,demonhunter,havoc,4,1,3
3009,Shadevon,wyrmrest-accord,64,demonhunter,havoc,4,1,3
3010,Hiddenblade,coilfang,63,demonhunter,havoc,2,2,0
3011,Quoates,dalaran,48,demonhunter,havoc,3,1,2
3012,Raptorjèsus,azjolnerub,48,demonhunter,havoc,3,1,2
3013,Unjust,darkspear,48,demonhunter,havoc,3,1,2
3014,Aryía,stormrage,48,demonhunter,havoc,3,1,2
3015,Xaryic,stormrage,42,demonhunter,havoc,16,5,11
3016,Kryzthed,drakkari,42,demonhunter,havoc,7,2,5
3017,Worcraf,ragnaros,42,demonhunter,havoc,8,2,6
3018,Aríes,dreadmaul,31,demonhunter,havoc,2,1,1
3019,Pooterjuice,shadowmoon,31,demonhunter,havoc,2,1,1
3020,Mördredd,quelthalas,16,demonhunter,havoc,1,1,0
3021,Lathazar,darkspear,16,demonhunter,havoc,1,1,0
3022,Iwasright,stonemaul,1488,demonhunter,vengeance,72,35,37
3023,Slippedinfel,tichondrius,1333,demonhunter,vengeance,41,19,22
3024,Jersey,proudmoore,1091,demonhunter,vengeance,29,17,12
3025,Agricornia,tichondrius,475,demonhunter,vengeance,12,5,7
3026,Irisand,ragnaros,288,demonhunter,vengeance,6,3,3
3027,Ferano,frostmourne,288,demonhunter,vengeance,6,3,3
3028,Çherrii,moon-guard,286,demonhunter,vengeance,6,3,3
3029,Tilltheend,illidan,239,demonhunter,vengeance,5,3,2
3030,Asderel,zuljin,192,demonhunter,vengeance,6,2,4
3031,Shiningvenus,stormrage,192,demonhunter,vengeance,12,2,10
3032,Meliødaz,ragnaros,192,demonhunter,vengeance,12,2,10
3033,Daymanhunter,bleeding-hollow,96,demonhunter,vengeance,6,1,5
3034,Foodtruck,hellscream,96,demonhunter,vengeance,6,1,5
3035,Aleymar,tichondrius,96,demonhunter,vengeance,6,1,5
3036,Grovetenderx,tichondrius,2238,druid,restoration,86,53,33
3037,Kobaishome,tichondrius,2148,druid,restoration,119,70,49
3038,Flóp,dalaran,2141,druid,restoration,78,43,35
3039,Linful,tichondrius,2141,druid,restoration,179,92,87
3040,Omkin,tichondrius,2137,druid,restoration,120,62,58
3041,Liangpibro,illidan,2123,druid,restoration,85,54,31
3042,Renner,zuljin,2122,druid,restoration,103,51,52
3043,Bestrun,tichondrius,2116,druid,restoration,108,58,50
3044,Couragé,ragnaros,2108,druid,restoration,135,68,67
3045,Andrwceo,stormrage,2104,druid,restoration,60,37,23
3046,Angrygochux,tichondrius,2065,druid,restoration,131,67,64
3047,Vers,dathremar,2037,druid,restoration,90,43,47
3048,Shaylyne,moonrunner,2026,druid,restoration,69,41,28
3049,Dannycarry,tichondrius,2025,druid,restoration,59,32,27
3050,Racialmotive,illidan,2000,druid,restoration,123,70,53
3051,Rorae,tichondrius,2000,druid,restoration,167,85,82
3052,Hchls,tichondrius,1996,druid,restoration,140,71,69
3053,Taiwanzz,tichondrius,1994,druid,restoration,79,40,39
3054,Taaienberg,sargeras,1963,druid,restoration,60,32,28
3055,Pornkkimi,tichondrius,1952,druid,restoration,48,29,19
3056,Plorenz,zuljin,1952,druid,restoration,89,51,38
3057,Mengniulol,tichondrius,1940,druid,restoration,132,75,57
3058,Flowen,spinebreaker,1940,druid,restoration,78,39,39
3059,Sanlunainiu,tichondrius,1935,druid,restoration,172,77,95
3060,Tizzyy,eredar,1921,druid,restoration,78,43,35
3061,Szwlol,tichondrius,1920,druid,restoration,274,144,130
3062,Shiftýx,tichondrius,1905,druid,restoration,77,38,39
3063,Brenden,area-52,1891,druid,restoration,138,68,70
3064,Dancesdru,area-52,1888,druid,restoration,36,20,16
3065,Davidqx,zuljin,1882,druid,restoration,42,30,12
3066,Saxhouse,illidan,1881,druid,restoration,60,34,26
3067,Nikdruidne,tichondrius,1881,druid,restoration,60,29,31
3068,Darkenëd,dalaran,1880,druid,restoration,68,41,27
3069,Oinkme,kiljaeden,1879,druid,restoration,66,33,33
3070,Lenya,bleeding-hollow,1877,druid,restoration,69,38,31
3071,Eddí,illidan,1872,druid,restoration,64,32,32
3072,Xijinfing,tichondrius,1870,druid,restoration,42,25,17
3073,Rindy,rexxar,1869,druid,restoration,72,37,35
3074,Ksz,stormrage,1867,druid,restoration,42,25,17
3075,Lotiononmyd,illidan,1860,druid,restoration,153,85,68
3076,Guqingshuang,tichondrius,1855,druid,restoration,73,35,38
3077,Bexdru,area-52,1850,druid,restoration,284,151,133
3078,Psam,emerald-dream,1848,druid,restoration,53,29,24
3079,Rèmix,bleeding-hollow,1847,druid,restoration,42,23,19
3080,Qdeb,akama,1844,druid,restoration,48,27,21
3081,Vesoween,tichondrius,1843,druid,restoration,55,37,18
3082,Creamcow,tichondrius,1843,druid,restoration,52,28,24
3083,Esque,stormrage,1842,druid,restoration,48,24,24
3084,Tokesh,malganis,1840,druid,restoration,72,33,39
3085,Mimidelol,tichondrius,1839,druid,restoration,66,36,30
3086,Gluesmoka,icecrown,1836,druid,restoration,54,31,23
3087,Gankstanerdz,tichondrius,1835,druid,restoration,113,55,58
3088,Reehz,stormrage,1834,druid,restoration,53,25,28
3089,Leafowl,tichondrius,1830,druid,restoration,42,25,17
3090,Bodytwisting,tichondrius,1828,druid,restoration,48,29,19
3091,Pvpgold,illidan,1827,druid,restoration,71,39,32
3092,Rerolldr,firetree,1826,druid,restoration,42,24,18
3093,Germlol,sargeras,1825,druid,restoration,51,30,21
3094,Heymeow,tichondrius,1825,druid,restoration,60,24,36
3095,Brendenjr,area-52,1819,druid,restoration,45,32,13
3096,Jegara,auchindoun,1818,druid,restoration,149,81,68
3097,Currants,lightbringer,1815,druid,restoration,132,61,71
3098,Tunnaris,ragnaros,1811,druid,restoration,71,33,38
3099,Kenái,nemesis,1810,druid,restoration,30,19,11
3100,Hlchs,tichondrius,1810,druid,restoration,36,22,14
3101,Corcovado,bleeding-hollow,1809,druid,restoration,66,31,35
3102,Clameo,barthilas,1808,druid,restoration,84,38,46
3103,Aljalladtv,bleeding-hollow,1805,druid,restoration,30,19,11
3104,Yggdrasil,ravencrest,1805,druid,restoration,65,31,34
3105,Kayorva,gurubashi,1804,druid,restoration,47,24,23
3106,Playstyle,stormrage,1801,druid,restoration,49,25,24
3107,Nayko,sargeras,1801,druid,restoration,72,30,42
3108,Ivý,shadowsong,1800,druid,restoration,41,28,13
3109,Mengyu,tichondrius,1800,druid,restoration,64,41,23
3110,Héisénbérg,sargeras,1800,druid,restoration,81,44,37
3111,Reizzy,sargeras,1793,druid,restoration,72,35,37
3112,Holydruid,tichondrius,1780,druid,restoration,54,27,27
3113,Ekr,tichondrius,1779,druid,restoration,54,29,25
3114,Jdown,dalaran,1772,druid,restoration,76,43,33
3115,Geddoff,stormrage,1770,druid,restoration,111,51,60
3116,Kruisberg,sargeras,1769,druid,restoration,29,19,10
3117,Maen,kelthuzad,1764,druid,restoration,58,26,32
3118,Treenleaves,stormrage,1762,druid,restoration,418,216,202
3119,Sùlyvahn,tichondrius,1761,druid,restoration,57,30,27
3120,Tweeguy,malganis,1761,druid,restoration,60,24,36
3121,Gsex,nemesis,1760,druid,restoration,40,22,18
3122,Bashthecat,tichondrius,1749,druid,restoration,40,26,14
3123,Facegotrake,stormrage,1748,druid,restoration,78,47,31
3124,Sanitizer,tichondrius,1740,druid,restoration,48,27,21
3125,Corbind,arthas,1739,druid,restoration,203,104,99
3126,Surefacts,dathremar,1738,druid,restoration,40,21,19
3127,Branchmanagr,dark-iron,1736,druid,restoration,54,23,31
3128,Janzak,thrall,1735,druid,restoration,36,20,16
3129,Airmeodaddy,barthilas,1730,druid,restoration,44,24,20
3130,Fattdiabetic,tichondrius,1726,druid,restoration,42,24,18
3131,Spiritot,tichondrius,1724,druid,restoration,42,22,20
3132,Jbdontplay,sargeras,1722,druid,restoration,41,28,13
3133,Thundercast,quelthalas,1722,druid,restoration,110,57,53
3134,Dirtdog,uther,1719,druid,restoration,53,25,28
3135,Ymy,tichondrius,1716,druid,restoration,36,21,15
3136,Drjelly,tichondrius,1707,druid,restoration,76,32,44
3137,Thasta,blackrock,1706,druid,restoration,104,56,48
3138,Druuná,kiljaeden,1701,druid,restoration,45,19,26
3139,Hideurkidz,tichondrius,1699,druid,restoration,39,23,16
3140,Pizzatimex,zuluhed,1698,druid,restoration,72,38,34
3141,Dmxx,kiljaeden,1696,druid,restoration,33,19,14
3142,Remus,hydraxis,1696,druid,restoration,48,23,25
3143,Badtree,tichondrius,1693,druid,restoration,68,40,28
3144,Socialyst,area-52,1688,druid,restoration,35,21,14
3145,Gotheels,illidan,1685,druid,restoration,29,18,11
3146,Cienza,proudmoore,1678,druid,restoration,108,57,51
3147,Dabloleu,illidan,1675,druid,restoration,24,19,5
3148,Roen,tichondrius,1672,druid,restoration,40,21,19
3149,Boonsogan,tichondrius,1672,druid,restoration,36,18,18
3150,Meruemoo,tichondrius,1670,druid,restoration,285,150,135
3151,Kwd,stormrage,1666,druid,restoration,53,35,18
3152,Aryawilliams,area-52,1666,druid,restoration,35,18,17
3153,Ellystarry,stormrage,1666,druid,restoration,48,24,24
3154,Flowdruid,tichondrius,1664,druid,restoration,36,18,18
3155,Legitonedge,zuljin,1662,druid,restoration,55,30,25
3156,Moldragon,crushridge,1662,druid,restoration,42,19,23
3157,Soreze,kelthuzad,1661,druid,restoration,38,25,13
3158,Bramii,illidan,1657,druid,restoration,51,28,23
3159,Anaps,frostmourne,1656,druid,restoration,42,25,17
3160,Naturae,spirestone,1655,druid,restoration,106,57,49
3161,Zoteqt,kelthuzad,1653,druid,restoration,36,21,15
3162,Addiedru,zuljin,1650,druid,restoration,45,23,22
3163,Druidstin,tichondrius,1649,druid,restoration,162,84,78
3164,Defteras,illidan,1647,druid,restoration,42,21,21
3165,Dkfm,thrall,1643,druid,restoration,319,172,147
3166,Animalge,sargeras,1643,druid,restoration,60,25,35
3167,Woshiyigede,frostmourne,1642,druid,restoration,66,29,37
3168,Dendrix,area-52,1641,druid,restoration,90,46,44
3169,Boomtastik,frostmourne,1639,druid,restoration,54,22,32
3170,Images,kilrogg,1638,druid,restoration,54,37,17
3171,Birdfromtree,dalaran,1636,druid,restoration,48,26,22
3172,Pootyleaf,daggerspine,1636,druid,restoration,60,28,32
3173,Relbedo,sargeras,1635,druid,restoration,132,72,60
3174,Errane,eonar,1634,druid,restoration,147,85,62
3175,Légz,area-52,1634,druid,restoration,94,49,45
3176,Luckyslot,frostmourne,1631,druid,restoration,36,21,15
3177,Dexlol,area-52,1629,druid,restoration,18,17,1
3178,Pawsbutton,stormrage,1629,druid,restoration,30,20,10
3179,Acdru,tichondrius,1624,druid,restoration,54,26,28
3180,Wolfis,malganis,1622,druid,restoration,36,20,16
3181,Lifeboomer,ragnaros,1621,druid,restoration,37,26,11
3182,Notpodruida,tichondrius,1621,druid,restoration,36,21,15
3183,Chevy,onyxia,1619,druid,restoration,66,23,43
3184,Kaperij,sargeras,1617,druid,restoration,30,17,13
3185,Asmitar,illidan,1616,druid,restoration,36,22,14
3186,Muhu,frostmourne,1615,druid,restoration,60,35,25
3187,Shinjis,tichondrius,1615,druid,restoration,36,18,18
3188,Gødriç,tichondrius,1614,druid,restoration,221,112,109
3189,Huaxià,tichondrius,1613,druid,restoration,89,50,39
3190,Zyhsul,emerald-dream,1613,druid,restoration,56,28,28
3191,Gulperberg,sargeras,1612,druid,restoration,30,25,5
3192,Hxm,tichondrius,1611,druid,restoration,35,17,18
3193,Møøncry,ragnaros,1611,druid,restoration,70,33,37
3194,Hideurchickn,tichondrius,1609,druid,restoration,36,23,13
3195,Fhiziod,kelthuzad,1606,druid,restoration,74,44,30
3196,Cheddy,tichondrius,1606,druid,restoration,65,36,29
3197,Druinin,archimonde,1606,druid,restoration,50,23,27
3198,Tayriel,area-52,1606,druid,restoration,42,19,23
3199,Jathy,area-52,1606,druid,restoration,51,21,30
3200,Kurrious,frostmourne,1605,druid,restoration,40,18,22
3201,Yavannita,quelthalas,1600,druid,restoration,57,36,21
3202,Commercii,tichondrius,1600,druid,restoration,36,19,17
3203,Lobsterdruid,area-52,1599,druid,restoration,30,20,10
3204,Manycyclones,zuluhed,1598,druid,restoration,60,32,28
3205,Gonimydear,proudmoore,1598,druid,restoration,138,70,68
3206,Erral,malganis,1597,druid,restoration,57,26,31
3207,Kaleaky,thrall,1595,druid,restoration,99,53,46
3208,Tondrai,malganis,1593,druid,restoration,30,17,13
3209,Sixthsex,tichondrius,1593,druid,restoration,83,43,40
3210,Hdruid,tichondrius,1592,druid,restoration,55,31,24
3211,Qidzerker,arathor,1589,druid,restoration,46,24,22
3212,Poscow,tichondrius,1583,druid,restoration,45,25,20
3213,Methyld,frostmourne,1574,druid,restoration,90,36,54
3214,Nerfthedruid,blackrock,1569,druid,restoration,36,25,11
3215,Rizzit,wyrmrest-accord,1568,druid,restoration,173,97,76
3216,Ursiiday,sargeras,1568,druid,restoration,48,20,28
3217,Duragx,bleeding-hollow,1567,druid,restoration,100,62,38
3218,Douwantoplay,tichondrius,1567,druid,restoration,36,19,17
3219,Arwëna,tichondrius,1566,druid,restoration,60,34,26
3220,Breaksilence,tichondrius,1563,druid,restoration,29,18,11
3221,Druxe,zuljin,1560,druid,restoration,45,19,26
3222,Zyzzema,frostmourne,1559,druid,restoration,174,82,92
3223,Sooey,wyrmrest-accord,1555,druid,restoration,42,23,19
3224,Poscod,tichondrius,1552,druid,restoration,48,22,26
3225,Hayase,tichondrius,1551,druid,restoration,42,25,17
3226,Gunnymad,tichondrius,1549,druid,restoration,36,21,15
3227,Aberdare,tichondrius,1546,druid,restoration,58,37,21
3228,Psyqobloom,dalaran,1546,druid,restoration,58,33,25
3229,Dbk,suramar,1545,druid,restoration,108,67,41
3230,Silentbeer,frostmourne,1545,druid,restoration,144,72,72
3231,Bedlam,zuljin,1544,druid,restoration,60,25,35
3232,Moonyy,emerald-dream,1542,druid,restoration,42,20,22
3233,Lubbeck,stormrage,1538,druid,restoration,98,53,45
3234,Riiccflaiir,stormrage,1535,druid,restoration,51,29,22
3235,Hravan,dentarg,1534,druid,restoration,49,26,23
3236,Nikotser,dreadmaul,1531,druid,restoration,39,18,21
3237,Shapedance,sargeras,1530,druid,restoration,60,27,33
3238,Classydruid,spinebreaker,1527,druid,restoration,170,90,80
3239,Terkpla,ragnaros,1525,druid,restoration,71,37,34
3240,Mortqt,tichondrius,1524,druid,restoration,96,44,52
3241,Lilbigcow,gnomeregan,1515,druid,restoration,176,77,99
3242,Widescreen,burning-blade,1509,druid,restoration,209,109,100
3243,Meniscus,arthas,1506,druid,restoration,53,19,34
3244,Kimnim,tichondrius,1500,druid,restoration,106,57,49
3245,Redpigo,tichondrius,1497,druid,restoration,36,18,18
3246,Pëndulum,illidan,1497,druid,restoration,66,29,37
3247,Soheezy,illidan,1496,druid,restoration,54,33,21
3248,Morphiq,tichondrius,1493,druid,restoration,123,63,60
3249,Akeven,illidan,1491,druid,restoration,68,31,37
3250,Poliage,moon-guard,1489,druid,restoration,99,44,55
3251,Sarrati,emerald-dream,1488,druid,restoration,158,81,77
3252,Durintor,nemesis,1487,druid,restoration,48,22,26
3253,Rowlex,moon-guard,1483,druid,restoration,22,17,5
3254,Selling,moon-guard,1476,druid,restoration,60,27,33
3255,Growl,jubeithos,1476,druid,restoration,48,19,29
3256,Lutein,tichondrius,1474,druid,restoration,77,31,46
3257,Sxlanderx,malganis,1468,druid,restoration,111,57,54
3258,Cndistance,tichondrius,1467,druid,restoration,71,34,37
3259,Bobx,kelthuzad,1467,druid,restoration,66,26,40
3260,Unpeelable,stormrage,1460,druid,restoration,24,16,8
3261,Drazibaz,thrall,1460,druid,restoration,36,23,13
3262,Volktots,bleeding-hollow,1459,druid,restoration,60,34,26
3263,Elliar,akama,1459,druid,restoration,72,35,37
3264,Xhoz,tichondrius,1458,druid,restoration,172,94,78
3265,Staraborn,stormrage,1458,druid,restoration,249,135,114
3266,Faramar,sargeras,1456,druid,restoration,35,16,19
3267,Berzz,frostmourne,1455,druid,restoration,217,105,112
3268,Cutely,tichondrius,1452,druid,restoration,153,77,76
3269,Verkara,stormrage,1452,druid,restoration,76,35,41
3270,Meepø,mugthol,1451,druid,restoration,103,56,47
3271,Busanmilk,tichondrius,1445,druid,restoration,60,29,31
3272,Rikishi,executus,1441,druid,restoration,46,24,22
3273,Rwi,tichondrius,1439,druid,restoration,90,46,44
3274,Prevail,nazgrel,1438,druid,restoration,60,34,26
3275,Lauramavra,azralon,1437,druid,restoration,222,118,104
3276,Clubroot,sargeras,1437,druid,restoration,42,17,25
3277,Drøgbä,tichondrius,1436,druid,restoration,24,15,9
3278,Jonnygg,illidan,1433,druid,restoration,36,15,21
3279,Vuru,azralon,1432,druid,restoration,72,33,39
3280,Zrobloom,stormrage,1432,druid,restoration,36,15,21
3281,Eviltwín,frostmourne,1431,druid,restoration,36,20,16
3282,Swiftydel,frostmourne,1431,druid,restoration,46,24,22
3283,Sakpase,area-52,1428,druid,restoration,30,15,15
3284,Daku,moknathal,1427,druid,restoration,46,25,21
3285,Strokingmyd,illidan,1427,druid,restoration,63,31,32
3286,Hyne,emerald-dream,1425,druid,restoration,114,62,52
3287,Horymory,darkspear,1423,druid,restoration,96,51,45
3288,Approx,tichondrius,1419,druid,restoration,127,59,68
3289,Lucked,tichondrius,1415,druid,restoration,24,15,9
3290,Vakimumu,anubarak,1414,druid,restoration,66,30,36
3291,Komaner,frostmourne,1414,druid,restoration,48,21,27
3292,Kaerrort,sargeras,1412,druid,restoration,26,15,11
3293,Shirô,bleeding-hollow,1412,druid,restoration,57,30,27
3294,Seamandeman,sargeras,1403,druid,restoration,56,27,29
3295,Grimo,illidan,1402,druid,restoration,24,15,9
3296,Bruujz,moon-guard,1402,druid,restoration,36,22,14
3297,Biggucci,stonemaul,1399,druid,restoration,30,18,12
3298,Caipirinha,tichondrius,1399,druid,restoration,29,15,14
3299,Cyclone,mugthol,1396,druid,restoration,24,19,5
3300,Leleoceo,azralon,1396,druid,restoration,24,15,9
3301,Haymade,sargeras,1396,druid,restoration,78,36,42
3302,Seizuressld,stormrage,1395,druid,restoration,81,46,35
3303,Greylyth,moon-guard,1392,druid,restoration,42,18,24
3304,Evokade,dalaran,1390,druid,restoration,24,15,9
3305,Venomgtz,laughing-skull,1389,druid,restoration,111,58,53
3306,Kuwä,proudmoore,1385,druid,restoration,100,51,49
3307,Nanniel,tichondrius,1383,druid,restoration,54,24,30
3308,Icastsmells,tichondrius,1381,druid,restoration,57,36,21
3309,Rlzdruid,tichondrius,1380,druid,restoration,36,15,21
3310,Okiesmokied,proudmoore,1378,druid,restoration,30,17,13
3311,Hehaw,kelthuzad,1376,druid,restoration,55,30,25
3312,Maaui,sargeras,1374,druid,restoration,48,24,24
3313,Farmageddon,thunderhorn,1372,druid,restoration,44,27,17
3314,Yoshí,emerald-dream,1372,druid,restoration,45,22,23
3315,Oobuck,kilrogg,1371,druid,restoration,75,41,34
3316,Azshunara,moon-guard,1369,druid,restoration,84,43,41
3317,Deamondruidz,kaelthas,1367,druid,restoration,78,31,47
3318,Lorern,eldrethalas,1363,druid,restoration,42,20,22
3319,Edraen,zuljin,1362,druid,restoration,137,67,70
3320,Vondutch,tichondrius,1362,druid,restoration,60,24,36
3321,Santiagowski,ragnaros,1359,druid,restoration,46,23,23
3322,Shifftycent,trollbane,1359,druid,restoration,54,26,28
3323,Amandi,magtheridon,1358,druid,restoration,36,20,16
3324,Kergai,emerald-dream,1355,druid,restoration,102,53,49
3325,Onblue,tichondrius,1347,druid,restoration,38,22,16
3326,Jimjab,stormreaver,1346,druid,restoration,60,35,25
3327,Melbian,tichondrius,1345,druid,restoration,118,69,49
3328,Treelomilo,stormrage,1345,druid,restoration,61,34,27
3329,Delody,tichondrius,1343,druid,restoration,38,23,15
3330,Bemelerberg,sargeras,1343,druid,restoration,24,14,10
3331,Rbavny,tichondrius,1342,druid,restoration,24,14,10
3332,Groschats,area-52,1339,druid,restoration,42,14,28
3333,Ripberg,chogall,1338,druid,restoration,30,14,16
3334,Cznfik,area-52,1338,druid,restoration,78,32,46
3335,Eraticdruid,illidan,1338,druid,restoration,42,16,26
3336,Lusam,korialstrasz,1337,druid,restoration,28,15,13
3337,Doglightning,illidan,1336,druid,restoration,25,15,10
3338,Dsheeps,tichondrius,1336,druid,restoration,30,14,16
3339,Klamediya,illidan,1336,druid,restoration,36,14,22
3340,Binionsolboy,illidan,1333,druid,restoration,30,14,16
3341,Nestaballo,illidan,1332,druid,restoration,111,58,53
3342,Anchunlol,tichondrius,1332,druid,restoration,36,18,18
3343,Mudpi,illidan,1332,druid,restoration,71,34,37
3344,Kevarcen,dalaran,1331,druid,restoration,42,20,22
3345,Izzabelle,deathwing,1330,druid,restoration,25,16,9
3346,Girthture,tichondrius,1330,druid,restoration,130,63,67
3347,Pilcosbie,stormrage,1327,druid,restoration,24,14,10
3348,Hynz,barthilas,1327,druid,restoration,36,15,21
3349,Joopsy,tichondrius,1321,druid,restoration,130,71,59
3350,Youngteezy,barthilas,1319,druid,restoration,142,53,89
3351,Petmydeadcow,illidan,1317,druid,restoration,115,56,59
3352,Zelyvia,moon-guard,1313,druid,restoration,24,14,10
3353,Freehealjob,lightnings-blade,1313,druid,restoration,30,14,16
3354,Kzinti,zuluhed,1312,druid,restoration,30,14,16
3355,Donnà,tichondrius,1310,druid,restoration,43,21,22
3356,Arkenix,velen,1307,druid,restoration,30,14,16
3357,Ghirox,stormrage,1306,druid,restoration,54,26,28
3358,Skotty,hyjal,1306,druid,restoration,48,23,25
3359,Gaawdx,illidan,1303,druid,restoration,54,25,29
3360,Purpleleaves,stormrage,1299,druid,restoration,119,51,68
3361,Airmíd,illidan,1299,druid,restoration,48,16,32
3362,Aaughh,sargeras,1297,druid,restoration,70,33,37
3363,Minokawa,kargath,1296,druid,restoration,29,15,14
3364,Gladelf,sargeras,1295,druid,restoration,212,106,106
3365,Badferal,blackhand,1295,druid,restoration,51,25,26
3366,Plagiarist,stormrage,1295,druid,restoration,44,20,24
3367,Nxghtfall,tichondrius,1294,druid,restoration,116,61,55
3368,Caustìk,malganis,1291,druid,restoration,70,38,32
3369,Aiyouyou,tichondrius,1291,druid,restoration,76,39,37
3370,Haneulso,tichondrius,1290,druid,restoration,55,30,25
3371,Standee,sargeras,1290,druid,restoration,48,18,30
3372,Magicrock,moon-guard,1285,druid,restoration,42,23,19
3373,Apoxi,arygos,1284,druid,restoration,42,24,18
3374,Ananan,burning-blade,1282,druid,restoration,101,49,52
3375,Rawbacon,blackrock,1281,druid,restoration,40,15,25
3376,Lünaä,quelthalas,1280,druid,restoration,30,24,6
3377,Nogàrd,arygos,1279,druid,restoration,23,14,9
3378,Amatxu,ragnaros,1278,druid,restoration,102,52,50
3379,Zambyr,azralon,1278,druid,restoration,66,28,38
3380,Entydruid,khazgoroth,1276,druid,restoration,29,17,12
3381,Morphios,barthilas,1274,druid,restoration,54,25,29
3382,Silit,tichondrius,1273,druid,restoration,39,18,21
3383,Thericebags,illidan,1272,druid,restoration,161,86,75
3384,Utterhots,bleeding-hollow,1270,druid,restoration,49,24,25
3385,Dimzim,lightbringer,1269,druid,restoration,60,31,29
3386,Odcerberus,azralon,1267,druid,restoration,36,18,18
3387,Tallenzz,lightninghoof,1265,druid,restoration,96,53,43
3388,Slév,frostmourne,1263,druid,restoration,35,17,18
3389,Ourse,frostmourne,1260,druid,restoration,23,14,9
3390,Nanate,sargeras,1259,druid,restoration,47,24,23
3391,Lindi,kelthuzad,1257,druid,restoration,78,42,36
3392,Greenvibes,drakkari,1256,druid,restoration,47,28,19
3393,Kerrzo,frostmourne,1256,druid,restoration,36,17,19
3394,Afonso,frostmourne,1254,druid,restoration,38,19,19
3395,Rockmeifucan,greymane,1253,druid,restoration,78,33,45
3396,Katherine,moon-guard,1251,druid,restoration,132,62,70
3397,Romcom,demon-soul,1250,druid,restoration,48,27,21
3398,Jacknit,illidan,1250,druid,restoration,28,15,13
3399,Phåtkid,darkspear,1250,druid,restoration,36,15,21
3400,Druidnim,tichondrius,1249,druid,restoration,48,15,33
3401,Haohomie,tichondrius,1248,druid,restoration,35,17,18
3402,Ninzor,tichondrius,1247,druid,restoration,30,13,17
3403,Ziegey,tichondrius,1246,druid,restoration,24,13,11
3404,Jonculler,korgath,1246,druid,restoration,54,26,28
3405,Torofarmeon,quelthalas,1243,druid,restoration,51,30,21
3406,Goosebümps,stormrage,1242,druid,restoration,24,13,11
3407,Healingcute,tichondrius,1239,druid,restoration,131,70,61
3408,Kybecruz,stormrage,1239,druid,restoration,42,16,26
3409,Feldstarx,stormrage,1238,druid,restoration,24,13,11
3410,Shanê,proudmoore,1238,druid,restoration,55,27,28
3411,Kyndel,kiljaeden,1237,druid,restoration,44,22,22
3412,Travys,sargeras,1235,druid,restoration,36,16,20
3413,Veganz,moon-guard,1233,druid,restoration,145,71,74
3414,Anotherstar,frostmourne,1233,druid,restoration,48,18,30
3415,Svarne,kiljaeden,1232,druid,restoration,59,29,30
3416,Groõt,barthilas,1232,druid,restoration,99,42,57
3417,Whispurrz,tichondrius,1231,druid,restoration,129,70,59
3418,Shekelsnätch,area-52,1231,druid,restoration,42,21,21
3419,Smilax,eonar,1231,druid,restoration,71,29,42
3420,Slev,frostmourne,1229,druid,restoration,24,13,11
3421,Imakitty,aerie-peak,1226,druid,restoration,121,62,59
3422,Carneluna,area-52,1226,druid,restoration,66,31,35
3423,Wildwhisper,moon-guard,1225,druid,restoration,96,50,46
3424,Yellowstone,drakthul,1222,druid,restoration,42,23,19
3425,Hotemz,dragonmaw,1222,druid,restoration,24,13,11
3426,Speaks,moon-guard,1222,druid,restoration,71,29,42
3427,Anothersalad,stormrage,1221,druid,restoration,66,32,34
3428,Beladrexx,stormrage,1221,druid,restoration,54,21,33
3429,Gorillagloo,area-52,1219,druid,restoration,61,30,31
3430,Druidkingdk,stormrage,1218,druid,restoration,29,18,11
3431,Dokasaurus,lightbringer,1218,druid,restoration,30,13,17
3432,Ännä,moon-guard,1217,druid,restoration,30,13,17
3433,Ulfaren,frostmourne,1209,druid,restoration,24,15,9
3434,Gryel,area-52,1209,druid,restoration,197,103,94
3435,Pyrogenics,whisperwind,1209,druid,restoration,42,20,22
3436,Tìssuebox,malganis,1207,druid,restoration,75,32,43
3437,Suye,tichondrius,1206,druid,restoration,60,26,34
3438,Tuskdaddie,sargeras,1204,druid,restoration,30,17,13
3439,Meôwmix,stormrage,1202,druid,restoration,24,13,11
3440,Cuddles,moon-guard,1201,druid,restoration,137,67,70
3441,Driftwood,bonechewer,1201,druid,restoration,64,27,37
3442,Bikacat,kelthuzad,1200,druid,restoration,24,13,11
3443,Longisland,quelthalas,1199,druid,restoration,78,38,40
3444,Gokki,zuljin,1197,druid,restoration,22,14,8
3445,Yakuho,proudmoore,1195,druid,restoration,26,16,10
3446,Nugren,thrall,1195,druid,restoration,50,22,28
3447,Dolanaar,stormrage,1193,druid,restoration,50,27,23
3448,Dobidas,tichondrius,1192,druid,restoration,42,23,19
3449,Sweetcorn,malganis,1192,druid,restoration,40,16,24
3450,Gossìpgoat,frostmourne,1191,druid,restoration,80,38,42
3451,Bäñgarang,tichondrius,1190,druid,restoration,36,20,16
3452,Knowgo,tichondrius,1188,druid,restoration,54,28,26
3453,Ahylen,quelthalas,1188,druid,restoration,48,22,26
3454,Adarindre,aerie-peak,1185,druid,restoration,93,46,47
3455,Pawpurrazzi,moon-guard,1183,druid,restoration,17,13,4
3456,Valeñtine,dalaran,1179,druid,restoration,78,39,39
3457,Tworax,frostmourne,1179,druid,restoration,30,13,17
3458,Hruke,illidan,1173,druid,restoration,42,17,25
3459,Dankcentral,frostwolf,1171,druid,restoration,76,41,35
3460,Schlotzsky,skullcrusher,1171,druid,restoration,69,37,32
3461,Mf,stormscale,1171,druid,restoration,30,14,16
3462,Vantorsydmel,proudmoore,1167,druid,restoration,46,24,22
3463,Matpd,norgannon,1165,druid,restoration,124,61,63
3464,Elylaylalar,moon-guard,1164,druid,restoration,42,19,23
3465,Kamisamalee,tichondrius,1163,druid,restoration,17,13,4
3466,Lenori,vashj,1159,druid,restoration,48,24,24
3467,Smhyle,frostmourne,1158,druid,restoration,41,21,20
3468,Kasannaommi,sargeras,1157,druid,restoration,42,22,20
3469,Sinseir,stormscale,1157,druid,restoration,70,28,42
3470,Alphalemon,ragnaros,1156,druid,restoration,51,25,26
3471,Darksteak,tichondrius,1156,druid,restoration,87,41,46
3472,Toslick,kelthuzad,1156,druid,restoration,80,36,44
3473,Ayadel,moon-guard,1155,druid,restoration,101,48,53
3474,Doah,kelthuzad,1152,druid,restoration,24,12,12
3475,Rekelberg,sargeras,1151,druid,restoration,18,12,6
3476,Ayalia,saurfang,1151,druid,restoration,18,12,6
3477,Beecammy,frostmourne,1151,druid,restoration,54,31,23
3478,Floofi,kelthuzad,1151,druid,restoration,24,12,12
3479,Kobrah,twisting-nether,1151,druid,restoration,24,12,12
3480,Würzel,nemesis,1150,druid,restoration,78,39,39
3481,Concordya,tichondrius,1149,druid,restoration,59,29,30
3482,Enrÿu,nemesis,1149,druid,restoration,30,12,18
3483,Mommymilkers,jubeithos,1149,druid,restoration,54,14,40
3484,Æpex,lightnings-blade,1148,druid,restoration,30,16,14
3485,Dchizzle,tichondrius,1147,druid,restoration,45,20,25
3486,Skibbidy,boulderfist,1145,druid,restoration,33,14,19
3487,Iambeefy,hyjal,1144,druid,restoration,159,75,84
3488,Fatshift,chogall,1141,druid,restoration,102,51,51
3489,Tyrs,aggramar,1140,druid,restoration,35,15,20
3490,Jijunss,tichondrius,1137,druid,restoration,23,13,10
3491,Junglefists,frostmourne,1137,druid,restoration,84,40,44
3492,Samerax,vashj,1137,druid,restoration,89,41,48
3493,Layala,sargeras,1137,druid,restoration,42,18,24
3494,Miyeonly,dalaran,1137,druid,restoration,36,12,24
3495,Joya,stormrage,1136,druid,restoration,18,12,6
3496,Glenkair,lightnings-blade,1134,druid,restoration,36,17,19
3497,Pumma,darkspear,1134,druid,restoration,28,13,15
3498,Catlypso,tichondrius,1129,druid,restoration,66,40,26
3499,Foxbear,garona,1127,druid,restoration,51,33,18
3500,Cowtox,moon-guard,1127,druid,restoration,45,21,24
3501,Sloptoucher,barthilas,1126,druid,restoration,24,12,12
3502,Bigherbo,zuljin,1124,druid,restoration,41,18,23
3503,Iheartpvp,tichondrius,1121,druid,restoration,48,21,27
3504,Hotkage,tichondrius,1120,druid,restoration,18,12,6
3505,Höneyfang,moon-guard,1120,druid,restoration,35,23,12
3506,Hðthead,area-52,1118,druid,restoration,54,26,28
3507,Rhatir,stormrage,1115,druid,restoration,65,25,40
3508,Jruids,stormrage,1111,druid,restoration,36,12,24
3509,Clawriander,barthilas,1110,druid,restoration,71,37,34
3510,Dainehoof,area-52,1110,druid,restoration,39,14,25
3511,Katdog,warsong,1109,druid,restoration,33,22,11
3512,Löthnälar,ragnaros,1109,druid,restoration,48,24,24
3513,Chowyunfats,proudmoore,1106,druid,restoration,301,155,146
3514,Müfasä,azralon,1106,druid,restoration,54,25,29
3515,Maddoxi,stormrage,1106,druid,restoration,30,12,18
3516,Sharinna,andorhal,1106,druid,restoration,38,14,24
3517,Furfu,illidan,1104,druid,restoration,74,33,41
3518,Tensuen,boulderfist,1101,druid,restoration,36,13,23
3519,Lizzelune,drakkari,1097,druid,restoration,24,12,12
3520,Skymund,tichondrius,1095,druid,restoration,38,19,19
3521,Jabina,detheroc,1093,druid,restoration,54,16,38
3522,Mcriblet,illidan,1091,druid,restoration,24,12,12
3523,Barugaf,drakkari,1090,druid,restoration,49,28,21
3524,Carekoala,wyrmrest-accord,1090,druid,restoration,53,27,26
3525,Kittne,hellscream,1089,druid,restoration,48,24,24
3526,Cear,proudmoore,1087,druid,restoration,30,12,18
3527,Volgoro,thrall,1078,druid,restoration,54,22,32
3528,Vollzar,sargeras,1072,druid,restoration,38,14,24
3529,Slleep,tichondrius,1069,druid,restoration,48,25,23
3530,Baduret,dalaran,1067,druid,restoration,19,12,7
3531,Gimborion,stormrage,1066,druid,restoration,48,23,25
3532,Nöches,quelthalas,1065,druid,restoration,32,12,20
3533,Macdonah,tichondrius,1064,druid,restoration,18,13,5
3534,Buffalobillz,lethon,1062,druid,restoration,40,25,15
3535,Creamjr,tichondrius,1056,druid,restoration,18,11,7
3536,Bobd,proudmoore,1056,druid,restoration,18,11,7
3537,Chinadruids,tichondrius,1056,druid,restoration,18,11,7
3538,Bigtimers,illidan,1056,druid,restoration,24,11,13
3539,Whhm,burning-blade,1056,druid,restoration,24,11,13
3540,Udoyu,barthilas,1056,druid,restoration,24,11,13
3541,Slurpi,barthilas,1056,druid,restoration,30,11,19
3542,Vecuronium,tichondrius,1055,druid,restoration,18,11,7
3543,Hoeba,tichondrius,1055,druid,restoration,18,11,7
3544,Goodhealer,akama,1054,druid,restoration,42,26,16
3545,Manzar,illidan,1054,druid,restoration,18,11,7
3546,Lutzenberger,nemesis,1054,druid,restoration,47,20,27
3547,Careless,destromath,1053,druid,restoration,66,27,39
3548,Kitnip,proudmoore,1052,druid,restoration,24,16,8
3549,Côunsyl,silvermoon,1052,druid,restoration,18,11,7
3550,Áçxpërt,jubeithos,1052,druid,restoration,18,11,7
3551,Israh,malygos,1052,druid,restoration,26,15,11
3552,Yorch,stormrage,1052,druid,restoration,60,28,32
3553,Undaunted,bloodhoof,1051,druid,restoration,24,11,13
3554,Solisuu,frostmane,1051,druid,restoration,30,11,19
3555,Cres,moon-guard,1051,druid,restoration,42,11,31
3556,Agranock,nazgrel,1050,druid,restoration,52,26,26
3557,Phxburn,illidan,1050,druid,restoration,30,11,19
3558,Eredorn,darkspear,1049,druid,restoration,24,18,6
3559,Quarantinia,arathor,1049,druid,restoration,36,20,16
3560,Sodury,tichondrius,1049,druid,restoration,48,25,23
3561,Aarandiel,borean-tundra,1048,druid,restoration,18,12,6
3562,Dinglebops,stormrage,1047,druid,restoration,28,15,13
3563,Cratose,runetotem,1047,druid,restoration,41,17,24
3564,Yimii,stormrage,1046,druid,restoration,18,11,7
3565,Diglit,malganis,1046,druid,restoration,28,12,16
3566,Dorzaku,ragnaros,1045,druid,restoration,47,27,20
3567,Zadayos,aerie-peak,1044,druid,restoration,30,16,14
3568,Druilicious,ghostlands,1043,druid,restoration,55,27,28
3569,Mielo,illidan,1042,druid,restoration,76,38,38
3570,Feaveldin,moon-guard,1041,druid,restoration,18,11,7
3571,Jimmycooks,tichondrius,1039,druid,restoration,18,11,7
3572,Beefcurtâins,aggramar,1032,druid,restoration,18,11,7
3573,Fionnbharr,ragnaros,1031,druid,restoration,76,35,41
3574,Delicioso,wyrmrest-accord,1030,druid,restoration,33,21,12
3575,Janaki,malygos,1024,druid,restoration,30,13,17
3576,Imcop,tichondrius,1020,druid,restoration,18,11,7
3577,Burdup,tichondrius,1020,druid,restoration,18,11,7
3578,Troply,ragnaros,1020,druid,restoration,20,12,8
3579,Funnydruid,frostmourne,1020,druid,restoration,42,20,22
3580,Xarressian,moon-guard,1019,druid,restoration,24,11,13
3581,Sonrius,proudmoore,1017,druid,restoration,52,25,27
3582,Feanah,tichondrius,1017,druid,restoration,26,12,14
3583,Nachopuppet,kelthuzad,1017,druid,restoration,45,20,25
3584,Astharon,drakkari,1015,druid,restoration,50,29,21
3585,Sunneater,azuremyst,1008,druid,restoration,36,17,19
3586,Rivetrix,azralon,1007,druid,restoration,103,49,54
3587,Duducows,tichondrius,1007,druid,restoration,35,12,23
3588,Xzerhos,area-52,1004,druid,restoration,141,67,74
3589,Keladria,bleeding-hollow,1002,druid,restoration,102,55,47
3590,Guron,aegwynn,1001,druid,restoration,57,30,27
3591,Pmsprone,tichondrius,1001,druid,restoration,66,30,36
3592,Yeahhots,frostmourne,1000,druid,restoration,15,12,3
3593,Mainera,sargeras,1000,druid,restoration,26,12,14
3594,Bethemarble,sargeras,996,druid,restoration,29,16,13
3595,Alfurr,tichondrius,994,druid,restoration,85,43,42
3596,Canche,arthas,986,druid,restoration,34,19,15
3597,Feralgød,tichondrius,985,druid,restoration,30,11,19
3598,Treewik,emerald-dream,981,druid,restoration,85,48,37
3599,Lawlz,aegwynn,976,druid,restoration,30,16,14
3600,Santicow,ragnaros,975,druid,restoration,20,11,9
3601,Duxz,tichondrius,968,druid,restoration,17,11,6
3602,Boomshorts,blackrock,968,druid,restoration,29,14,15
3603,Wiggle,stormscale,962,druid,restoration,44,21,23
3604,Salzadruid,aggramar,960,druid,restoration,12,10,2
3605,Baruc,illidan,960,druid,restoration,12,10,2
3606,Jiywa,lightbringer,960,druid,restoration,18,10,8
3607,Aphroditezs,tichondrius,960,druid,restoration,18,10,8
3608,Smeekq,tichondrius,960,druid,restoration,24,10,14
3609,Dolwizz,tichondrius,959,druid,restoration,18,10,8
3610,Garbagebutt,burning-legion,959,druid,restoration,18,10,8
3611,Hoonjojjyanx,tichondrius,959,druid,restoration,18,10,8
3612,Oblackbetty,illidan,959,druid,restoration,39,18,21
3613,Blueclàssxx,akama,958,druid,restoration,12,10,2
3614,Lissette,thrall,958,druid,restoration,18,10,8
3615,Uggadruid,malganis,958,druid,restoration,18,10,8
3616,Magzally,stormrage,958,druid,restoration,24,10,14
3617,Simina,kargath,957,druid,restoration,18,10,8
3618,Chenxguang,tichondrius,957,druid,restoration,42,22,20
3619,Lovenug,shadowsong,957,druid,restoration,24,10,14
3620,Cranbérry,sargeras,956,druid,restoration,18,10,8
3621,Ñoobdruid,tichondrius,956,druid,restoration,18,10,8
3622,Vêzpêr,kelthuzad,956,druid,restoration,24,10,14
3623,Lorca,stormrage,955,druid,restoration,12,10,2
3624,Iheartmushu,mannoroth,955,druid,restoration,85,45,40
3625,Chopleaf,khadgar,953,druid,restoration,114,56,58
3626,Pronewb,frostmourne,952,druid,restoration,12,10,2
3627,Trolbearpig,malganis,952,druid,restoration,18,10,8
3628,Dietmilk,sargeras,952,druid,restoration,24,11,13
3629,Bovindickus,tichondrius,952,druid,restoration,24,10,14
3630,Barecow,tichondrius,952,druid,restoration,24,10,14
3631,Däll,tichondrius,952,druid,restoration,24,10,14
3632,Erisya,moon-guard,951,druid,restoration,18,10,8
3633,Fortnitburgr,tichondrius,951,druid,restoration,18,10,8
3634,Wintarz,sargeras,951,druid,restoration,30,10,20
3635,Honeymead,wyrmrest-accord,950,druid,restoration,65,36,29
3636,Hpcorrection,bleeding-hollow,946,druid,restoration,18,10,8
3637,Yourka,uther,946,druid,restoration,29,15,14
3638,Sneakysoren,kelthuzad,944,druid,restoration,24,10,14
3639,Fatjoints,tichondrius,943,druid,restoration,60,21,39
3640,Maxobviously,stormrage,942,druid,restoration,18,10,8
3641,Devilsparda,frostmane,942,druid,restoration,24,10,14
3642,Jethelium,illidan,941,druid,restoration,112,59,53
3643,Kg,cenarion-circle,941,druid,restoration,28,13,15
3644,Tyrantha,emerald-dream,941,druid,restoration,24,10,14
3645,Shiftaholic,azgalor,940,druid,restoration,33,17,16
3646,Drucaicer,quelthalas,939,druid,restoration,71,38,33
3647,Seceru,proudmoore,938,druid,restoration,52,26,26
3648,Bindudream,frostmane,938,druid,restoration,66,30,36
3649,Kataless,sargeras,936,druid,restoration,71,37,34
3650,Saltyzz,tichondrius,935,druid,restoration,24,10,14
3651,Idoldeoz,quelthalas,933,druid,restoration,24,10,14
3652,Killari,malganis,926,druid,restoration,24,12,12
3653,Dhannar,proudmoore,924,druid,restoration,12,10,2
3654,Cloudbreaker,duskwood,923,druid,restoration,18,10,8
3655,Moolan,bleeding-hollow,919,druid,restoration,32,15,17
3656,Lazypandas,silvermoon,914,druid,restoration,41,17,24
3657,Kymopexy,sargeras,905,druid,restoration,35,12,23
3658,Diaks,proudmoore,900,druid,restoration,24,12,12
3659,Merawr,area-52,896,druid,restoration,22,10,12
3660,Hentaiboom,kiljaeden,893,druid,restoration,36,16,20
3661,Dwalk,moknathal,893,druid,restoration,42,15,27
3662,Vengaul,amanthul,892,druid,restoration,24,10,14
3663,Lâvazza,tichondrius,890,druid,restoration,28,10,18
3664,Midníght,drakkari,880,druid,restoration,34,18,16
3665,Wp,proudmoore,880,druid,restoration,22,10,12
3666,Bunrÿl,thorium-brotherhood,874,druid,restoration,54,24,30
3667,Augus,hyjal,870,druid,restoration,33,11,22
3668,Theboy,dalaran,869,druid,restoration,48,15,33
3669,Duo,demon-soul,864,druid,restoration,12,9,3
3670,Spikeleaf,tichondrius,864,druid,restoration,12,9,3
3671,Bopplejr,tichondrius,864,druid,restoration,12,9,3
3672,Bridgerén,tichondrius,864,druid,restoration,12,9,3
3673,Justforgame,sargeras,864,druid,restoration,12,9,3
3674,Restokinaja,dreadmaul,864,druid,restoration,12,9,3
3675,Hellshifterr,tichondrius,864,druid,restoration,18,9,9
3676,Ppb,illidan,864,druid,restoration,18,9,9
3677,Mmrborrower,icecrown,864,druid,restoration,18,9,9
3678,Fruitberry,malganis,864,druid,restoration,30,9,21
3679,Zhn,sargeras,863,druid,restoration,12,9,3
3680,Ooh,stormreaver,863,druid,restoration,12,9,3
3681,Naturenugget,tichondrius,863,druid,restoration,12,9,3
3682,Rejuvenation,kaelthas,863,druid,restoration,12,9,3
3683,Ilovejuli,illidan,863,druid,restoration,12,9,3
3684,Canek,ghostlands,863,druid,restoration,18,9,9
3685,Vernaar,laughing-skull,863,druid,restoration,18,9,9
3686,Canitöuchit,tichondrius,863,druid,restoration,24,9,15
3687,Guss,mannoroth,863,druid,restoration,24,9,15
3688,Tugginudders,illidan,863,druid,restoration,30,9,21
3689,Jentzull,tichondrius,862,druid,restoration,12,9,3
3690,Shuffleqlol,stormrage,862,druid,restoration,12,9,3
3691,Pawsh,tichondrius,862,druid,restoration,12,9,3
3692,Chocoo,thaurissan,862,druid,restoration,18,9,9
3693,Sorrinn,tichondrius,862,druid,restoration,18,9,9
3694,Dummedruid,illidan,862,druid,restoration,24,9,15
3695,Monkeyxo,kelthuzad,861,druid,restoration,18,9,9
3696,Alindrä,moon-guard,861,druid,restoration,18,9,9
3697,Stetile,azralon,859,druid,restoration,18,9,9
3698,Sorio,area-52,858,druid,restoration,28,10,18
3699,Judwen,grizzly-hills,857,druid,restoration,42,14,28
3700,Malice,undermine,854,druid,restoration,24,9,15
3701,Faroo,azralon,854,druid,restoration,24,9,15
3702,Guerrillera,khadgar,849,druid,restoration,79,31,48
3703,Drexldrood,cenarius,847,druid,restoration,12,9,3
3704,Kanadae,thrall,846,druid,restoration,24,9,15
3705,Uwupollo,ragnaros,846,druid,restoration,42,13,29
3706,Katochi,area-52,844,druid,restoration,40,19,21
3707,Draycø,tichondrius,841,druid,restoration,18,9,9
3708,Fronkysilva,illidan,838,druid,restoration,48,19,29
3709,Kittyz,wyrmrest-accord,817,druid,restoration,18,9,9
3710,Worgbearpig,destromath,814,druid,restoration,17,9,8
3711,Elauria,stormreaver,804,druid,restoration,42,17,25
3712,Xxuan,tichondrius,803,druid,restoration,62,16,46
3713,Gypsysoul,barthilas,798,druid,restoration,17,9,8
3714,Mcy,nerzhul,798,druid,restoration,20,9,11
3715,Cannabull,echo-isles,794,druid,restoration,21,10,11
3716,Sweetgreen,blackrock,783,druid,restoration,11,9,2
3717,Redharp,proudmoore,776,druid,restoration,43,17,26
3718,Solbinn,nordrassil,771,druid,restoration,54,16,38
3719,Chinadruides,tichondrius,768,druid,restoration,12,8,4
3720,Hoebaz,tichondrius,768,druid,restoration,12,8,4
3721,Ppbdru,tichondrius,768,druid,restoration,12,8,4
3722,Albafic,illidan,768,druid,restoration,12,8,4
3723,Ppm,illidan,768,druid,restoration,12,8,4
3724,Bobxd,kelthuzad,768,druid,restoration,12,8,4
3725,Quss,tichondrius,768,druid,restoration,12,8,4
3726,Gotheelsx,illidan,768,druid,restoration,12,8,4
3727,Restobaby,tichondrius,768,druid,restoration,18,8,10
3728,Polyester,frostmourne,768,druid,restoration,18,8,10
3729,Taledra,stormrage,768,druid,restoration,18,8,10
3730,Înfamous,thrall,767,druid,restoration,12,8,4
3731,Alend,alexstrasza,767,druid,restoration,12,8,4
3732,Maeo,drenden,767,druid,restoration,12,8,4
3733,Sarojna,malganis,767,druid,restoration,12,8,4
3734,Mxlasthope,stormrage,767,druid,restoration,12,8,4
3735,Thetakeout,tichondrius,767,druid,restoration,18,8,10
3736,Waxedchest,emerald-dream,767,druid,restoration,18,8,10
3737,Lifebloomlol,area-52,767,druid,restoration,18,8,10
3738,Hughcockman,tichondrius,766,druid,restoration,12,8,4
3739,Ohhshiift,tichondrius,766,druid,restoration,18,8,10
3740,Wildsïde,tichondrius,766,druid,restoration,18,8,10
3741,Hedwíg,ragnaros,766,druid,restoration,24,8,16
3742,Louisvuittón,area-52,765,druid,restoration,12,8,4
3743,Dmanrepus,sargeras,765,druid,restoration,12,8,4
3744,Imnotinhuman,tichondrius,765,druid,restoration,12,8,4
3745,Guybranch,illidan,765,druid,restoration,24,8,16
3746,Slee,eredar,764,druid,restoration,12,8,4
3747,Leatherpig,proudmoore,764,druid,restoration,18,8,10
3748,Aurajin,spinebreaker,764,druid,restoration,24,8,16
3749,Needabandaid,arthas,764,druid,restoration,24,8,16
3750,Studioghibli,bleeding-hollow,762,druid,restoration,12,8,4
3751,Panacaea,windrunner,762,druid,restoration,12,8,4
3752,Atalìa,moon-guard,762,druid,restoration,18,8,10
3753,Blitzÿ,lothar,761,druid,restoration,12,8,4
3754,Markóla,stormrage,761,druid,restoration,18,8,10
3755,Lunkz,tichondrius,760,druid,restoration,24,8,16
3756,Rairven,stormrage,757,druid,restoration,42,8,34
3757,Rhondarootsy,zuljin,756,druid,restoration,18,8,10
3758,Marrana,altar-of-storms,754,druid,restoration,12,8,4
3759,Friarpuck,nerzhul,747,druid,restoration,12,8,4
3760,Dragondruid,dawnbringer,742,druid,restoration,35,9,26
3761,Stamynn,kelthuzad,738,druid,restoration,85,25,60
3762,Ekj,tichondrius,735,druid,restoration,14,9,5
3763,Akanx,tichondrius,735,druid,restoration,16,9,7
3764,Dypx,tichondrius,735,druid,restoration,22,8,14
3765,Elvishchamp,mugthol,733,druid,restoration,17,9,8
3766,Ojdidnt,bleeding-hollow,720,druid,restoration,15,9,6
3767,Rdruidchump,the-forgotten-coast,719,druid,restoration,15,9,6
3768,Xîstance,barthilas,717,druid,restoration,23,8,15
3769,Felinedreams,sargeras,714,druid,restoration,14,9,5
3770,Zoeyx,tichondrius,712,druid,restoration,13,9,4
3771,Madsewerslvt,stormrage,707,druid,restoration,19,9,10
3772,Whiskeyblues,ursin,706,druid,restoration,24,8,16
3773,Zephiee,kelthuzad,692,druid,restoration,23,8,15
3774,Sharkhotzlol,frostmourne,688,druid,restoration,19,8,11
3775,Gromdruid,azralon,683,druid,restoration,54,26,28
3776,Importedalc,zuljin,678,druid,restoration,36,8,28
3777,Yungdoinkski,icecrown,672,druid,restoration,12,7,5
3778,Cameltail,kelthuzad,672,druid,restoration,12,7,5
3779,Redo,zuluhed,672,druid,restoration,12,7,5
3780,Motate,malganis,672,druid,restoration,12,7,5
3781,Skitzo,akama,672,druid,restoration,12,7,5
3782,Treesh,kelthuzad,672,druid,restoration,12,7,5
3783,Hmoobforshoz,wildhammer,672,druid,restoration,12,7,5
3784,Puzzlebox,illidan,672,druid,restoration,12,7,5
3785,Esqueue,stormrage,672,druid,restoration,12,7,5
3786,Bigdockepoch,sargeras,672,druid,restoration,12,7,5
3787,Ddi,frostmourne,672,druid,restoration,12,7,5
3788,Toketree,sargeras,672,druid,restoration,12,7,5
3789,Tmdogwater,sargeras,672,druid,restoration,12,7,5
3790,Razberriesz,stormrage,672,druid,restoration,12,7,5
3791,Treeofangels,nathrezim,672,druid,restoration,12,7,5
3792,Spicyx,moon-guard,672,druid,restoration,12,7,5
3793,Bigmoran,tichondrius,672,druid,restoration,12,7,5
3794,Crusch,shattered-halls,672,druid,restoration,12,7,5
3795,Dotsbots,barthilas,672,druid,restoration,18,7,11
3796,Zblmystic,tichondrius,672,druid,restoration,18,7,11
3797,Suekey,frostmourne,672,druid,restoration,18,7,11
3798,Calimei,bladefist,672,druid,restoration,18,7,11
3799,Rapttors,zuljin,672,druid,restoration,18,7,11
3800,Wùúkìí,bleeding-hollow,672,druid,restoration,24,7,17
3801,Feykurds,sargeras,671,druid,restoration,12,7,5
3802,Tigranesia,proudmoore,671,druid,restoration,12,7,5
3803,Hugharection,illidan,671,druid,restoration,12,7,5
3804,Heniuhojia,tichondrius,671,druid,restoration,12,7,5
3805,Chixao,tichondrius,671,druid,restoration,12,7,5
3806,Iâmkyle,darkspear,671,druid,restoration,12,7,5
3807,Zthatchx,shadowmoon,671,druid,restoration,12,7,5
3808,Wildarumqt,tichondrius,671,druid,restoration,18,7,11
3809,Boomchí,tichondrius,671,druid,restoration,18,7,11
3810,Lexut,ragnaros,671,druid,restoration,18,7,11
3811,Fryy,balnazzar,671,druid,restoration,18,7,11
3812,Sêxcavator,thrall,671,druid,restoration,18,7,11
3813,Lilgee,kelthuzad,671,druid,restoration,18,7,11
3814,Tickman,altar-of-storms,671,druid,restoration,18,7,11
3815,Hellahots,spinebreaker,670,druid,restoration,12,7,5
3816,Erykk,dalaran,670,druid,restoration,12,7,5
3817,Flexxfurion,thrall,670,druid,restoration,18,7,11
3818,Wreckked,sargeras,670,druid,restoration,18,7,11
3819,Frave,dentarg,670,druid,restoration,24,7,17
3820,Hotpocketz,kiljaeden,670,druid,restoration,28,8,20
3821,Dipset,khadgar,670,druid,restoration,30,7,23
3822,Martymoo,bleeding-hollow,670,druid,restoration,30,7,23
3823,Dylonomancer,tichondrius,669,druid,restoration,12,7,5
3824,Nayelina,stormrage,669,druid,restoration,12,7,5
3825,Battiatus,malganis,669,druid,restoration,18,7,11
3826,Maggiee,arthas,669,druid,restoration,24,7,17
3827,Shiftyy,nordrassil,668,druid,restoration,19,7,12
3828,Esyiix,tichondrius,668,druid,restoration,24,7,17
3829,Mïms,area-52,667,druid,restoration,12,7,5
3830,Mydira,stormrage,666,druid,restoration,12,7,5
3831,Gentlesoapp,blackrock,665,druid,restoration,18,7,11
3832,Fovoss,dalaran,663,druid,restoration,12,7,5
3833,Madambuku,thrall,663,druid,restoration,12,7,5
3834,Tiufill,nemesis,659,druid,restoration,12,7,5
3835,Hewozuoai,area-52,654,druid,restoration,17,7,10
3836,Ikova,frostmourne,650,druid,restoration,18,7,11
3837,Gotdruid,sargeras,639,druid,restoration,14,8,6
3838,Riddickd,malfurion,639,druid,restoration,14,8,6
3839,Kellogs,malganis,639,druid,restoration,17,7,10
3840,Warmkitteh,kiljaeden,639,druid,restoration,17,7,10
3841,Breathe,ysera,639,druid,restoration,28,7,21
3842,Wolfelord,sargeras,624,druid,restoration,21,7,14
3843,Rígo,frostmourne,622,druid,restoration,15,8,7
3844,Puntcounder,sargeras,616,druid,restoration,12,8,4
3845,Midoriiro,dentarg,612,druid,restoration,25,8,17
3846,Milkz,zuljin,607,druid,restoration,26,7,19
3847,Treesonn,kelthuzad,584,druid,restoration,11,7,4
3848,Xiaoyi,tichondrius,576,druid,restoration,6,6,0
3849,Overthink,daggerspine,576,druid,restoration,6,6,0
3850,Ordono,emerald-dream,576,druid,restoration,6,6,0
3851,Chinadruidss,tichondrius,576,druid,restoration,12,6,6
3852,Tlanquility,tichondrius,576,druid,restoration,12,6,6
3853,Krunks,frostmourne,576,druid,restoration,12,6,6
3854,Xingyejingmi,tichondrius,576,druid,restoration,12,6,6
3855,Torbock,zuljin,576,druid,restoration,12,6,6
3856,Madowl,tichondrius,576,druid,restoration,12,6,6
3857,Kurohîme,illidan,576,druid,restoration,12,6,6
3858,Afkifuthrow,ysera,576,druid,restoration,12,6,6
3859,Daddypompum,tichondrius,576,druid,restoration,12,6,6
3860,Furrytorpedo,tichondrius,576,druid,restoration,12,6,6
3861,Gemo,tichondrius,576,druid,restoration,12,6,6
3862,Cheddastov,illidan,576,druid,restoration,12,6,6
3863,Nomilk,illidan,576,druid,restoration,12,6,6
3864,Sawajirii,tichondrius,576,druid,restoration,12,6,6
3865,Smeekqtwo,tichondrius,576,druid,restoration,12,6,6
3866,Moonpaws,frostmourne,576,druid,restoration,12,6,6
3867,Disembles,illidan,576,druid,restoration,12,6,6
3868,Dirtydrood,mugthol,576,druid,restoration,12,6,6
3869,Nhin,ghostlands,576,druid,restoration,12,6,6
3870,Asaphelps,stormrage,576,druid,restoration,12,6,6
3871,Admoney,sargeras,576,druid,restoration,12,6,6
3872,Larryjones,alleria,576,druid,restoration,12,6,6
3873,Gìtgoodtrash,frostmourne,576,druid,restoration,12,6,6
3874,Bobobear,proudmoore,576,druid,restoration,12,6,6
3875,Acerolita,azralon,576,druid,restoration,12,6,6
3876,Bearys,area-52,576,druid,restoration,12,6,6
3877,Naturenugget,sargeras,576,druid,restoration,12,6,6
3878,Forèst,sargeras,576,druid,restoration,12,6,6
3879,Nodeathz,sargeras,576,druid,restoration,12,6,6
3880,Kronik,jubeithos,576,druid,restoration,18,6,12
3881,Kuaite,azralon,576,druid,restoration,18,6,12
3882,Momorabbitd,tichondrius,576,druid,restoration,18,6,12
3883,Opim,sargeras,576,druid,restoration,18,6,12
3884,Hawtyforever,tichondrius,576,druid,restoration,18,6,12
3885,Suublime,ragnaros,576,druid,restoration,18,6,12
3886,Lolomas,proudmoore,576,druid,restoration,18,6,12
3887,Nerglet,aerie-peak,576,druid,restoration,24,6,18
3888,Hottietottie,laughing-skull,576,druid,restoration,24,6,18
3889,Naturemagic,malganis,575,druid,restoration,6,6,0
3890,Brandonxerox,tichondrius,575,druid,restoration,12,6,6
3891,Jonoa,nagrand,575,druid,restoration,12,6,6
3892,Clawandørder,tichondrius,575,druid,restoration,12,6,6
3893,Feutrine,zuljin,575,druid,restoration,12,6,6
3894,Flôkey,tichondrius,575,druid,restoration,12,6,6
3895,Nrp,stormrage,575,druid,restoration,12,6,6
3896,Wythrim,quelthalas,575,druid,restoration,12,6,6
3897,Noonoo,frostwolf,575,druid,restoration,12,6,6
3898,Weltherion,guldan,575,druid,restoration,12,6,6
3899,Gosch,stormrage,575,druid,restoration,12,6,6
3900,Kokushe,burning-legion,575,druid,restoration,12,6,6
3901,Velauris,sargeras,575,druid,restoration,12,6,6
3902,Lahsa,tichondrius,575,druid,restoration,12,6,6
3903,Muatigorn,blackrock,575,druid,restoration,12,6,6
3904,Cinderellax,illidan,575,druid,restoration,12,6,6
3905,Nightnes,sargeras,575,druid,restoration,12,6,6
3906,Skullchief,barthilas,575,druid,restoration,16,7,9
3907,Aligantor,thrall,575,druid,restoration,18,6,12
3908,Treynî,tichondrius,575,druid,restoration,18,6,12
3909,Dýreðaguð,gurubashi,575,druid,restoration,18,6,12
3910,Mithaelar,moon-guard,575,druid,restoration,18,6,12
3911,Sleepypaws,silvermoon,575,druid,restoration,18,6,12
3912,Poutyface,sargeras,575,druid,restoration,39,7,32
3913,Elpako,ragnaros,574,druid,restoration,6,6,0
3914,Astraelas,tichondrius,574,druid,restoration,12,6,6
3915,Meonk,frostmourne,574,druid,restoration,12,6,6
3916,Larc,frostwolf,574,druid,restoration,12,6,6
3917,Carther,korgath,574,druid,restoration,12,6,6
3918,Rockcow,tichondrius,574,druid,restoration,12,6,6
3919,Aranuir,emerald-dream,574,druid,restoration,18,6,12
3920,Brisketmre,dalaran,574,druid,restoration,36,6,30
3921,Lonewolfdrd,illidan,573,druid,restoration,6,6,0
3922,Persiancoco,area-52,572,druid,restoration,12,6,6
3923,Nightshiver,bleeding-hollow,572,druid,restoration,12,6,6
3924,Modification,eonar,572,druid,restoration,12,6,6
3925,Dyfurion,stormrage,572,druid,restoration,12,6,6
3926,Ahlekleklekk,azralon,572,druid,restoration,12,6,6
3927,Hallowbranch,moon-guard,572,druid,restoration,18,6,12
3928,Kupaloidzki,proudmoore,571,druid,restoration,12,6,6
3929,Bonemaul,bonechewer,571,druid,restoration,12,6,6
3930,Kellykapore,area-52,571,druid,restoration,36,6,30
3931,Aokseer,azralon,570,druid,restoration,12,6,6
3932,Vdubz,blackrock,570,druid,restoration,12,6,6
3933,Nordway,alexstrasza,569,druid,restoration,12,6,6
3934,Kawanishi,stormrage,567,druid,restoration,12,6,6
3935,Aquesadilla,tichondrius,567,druid,restoration,30,6,24
3936,Onyayo,barthilas,565,druid,restoration,12,6,6
3937,Lililililil,stormrage,552,druid,restoration,36,6,30
3938,Istishiã,tichondrius,543,druid,restoration,14,7,7
3939,Movom,tichondrius,543,druid,restoration,17,6,11
3940,Cudbacrakhed,tichondrius,541,druid,restoration,20,7,13
3941,Arthemisgodx,azralon,520,druid,restoration,17,10,7
3942,Pouncing,sargeras,511,druid,restoration,14,6,8
3943,Wildartform,malganis,494,druid,restoration,11,7,4
3944,Windù,azralon,488,druid,restoration,16,9,7
3945,Nersepha,gurubashi,480,druid,restoration,6,5,1
3946,Sevend,tichondrius,480,druid,restoration,6,5,1
3947,Naakx,tichondrius,480,druid,restoration,6,5,1
3948,Fanboy,magtheridon,480,druid,restoration,6,5,1
3949,Dëmoníc,ragnaros,480,druid,restoration,6,5,1
3950,Floray,tichondrius,480,druid,restoration,6,5,1
3951,Brëed,tichondrius,480,druid,restoration,6,5,1
3952,Kascatm,area-52,480,druid,restoration,6,5,1
3953,Treehealage,sargeras,480,druid,restoration,6,5,1
3954,Chaníng,frostmourne,480,druid,restoration,6,5,1
3955,Ppbtw,illidan,480,druid,restoration,12,5,7
3956,Imlordgumper,illidan,480,druid,restoration,12,5,7
3957,Stormjammer,proudmoore,480,druid,restoration,12,5,7
3958,Greeneguy,thrall,480,druid,restoration,12,5,7
3959,Zemul,ragnaros,480,druid,restoration,12,5,7
3960,Suekeys,frostmourne,480,druid,restoration,12,5,7
3961,Shwayshift,bleeding-hollow,480,druid,restoration,12,5,7
3962,Hotgoal,frostmourne,480,druid,restoration,12,5,7
3963,Lukass,tichondrius,480,druid,restoration,12,5,7
3964,Lookhowirun,emerald-dream,480,druid,restoration,12,5,7
3965,Jaydog,emerald-dream,480,druid,restoration,12,5,7
3966,Washedgodx,mugthol,480,druid,restoration,12,5,7
3967,Milkmoneymeo,illidan,480,druid,restoration,12,5,7
3968,Moonfannia,malganis,480,druid,restoration,12,5,7
3969,Memoryleaks,proudmoore,480,druid,restoration,12,5,7
3970,Hudada,emerald-dream,480,druid,restoration,12,5,7
3971,Stamookee,area-52,480,druid,restoration,12,5,7
3972,Noah,altar-of-storms,480,druid,restoration,12,5,7
3973,Judar,barthilas,480,druid,restoration,12,5,7
3974,Shartah,zuljin,480,druid,restoration,12,5,7
3975,Spuncone,frostmourne,480,druid,restoration,12,5,7
3976,Omelet,tichondrius,480,druid,restoration,12,5,7
3977,Mâckdâddy,kul-tiras,480,druid,restoration,12,5,7
3978,Twentyfour,laughing-skull,480,druid,restoration,12,5,7
3979,Teslabeam,illidan,480,druid,restoration,12,5,7
3980,Guavajuice,stormrage,480,druid,restoration,16,5,11
3981,Hgoo,tichondrius,480,druid,restoration,18,5,13
3982,Bumbleebee,azralon,480,druid,restoration,18,5,13
3983,Djimbo,kelthuzad,480,druid,restoration,18,5,13
3984,Qkskill,nemesis,480,druid,restoration,24,5,19
3985,Krevy,nazgrel,480,druid,restoration,24,5,19
3986,Spacaa,kelthuzad,480,druid,restoration,24,5,19
3987,Queiq,malganis,479,druid,restoration,6,5,1
3988,Sharialawl,stormreaver,479,druid,restoration,12,5,7
3989,Murkkd,tichondrius,479,druid,restoration,12,5,7
3990,Dunedaddy,silvermoon,479,druid,restoration,12,5,7
3991,Sønèca,azralon,479,druid,restoration,12,5,7
3992,Forest,frostmourne,479,druid,restoration,12,5,7
3993,Jamona,cenarius,479,druid,restoration,12,5,7
3994,Olegoatjames,darkspear,478,druid,restoration,13,6,7
3995,Cadekey,illidan,478,druid,restoration,12,5,7
3996,Fastafboy,stormrage,478,druid,restoration,12,5,7
3997,Pachacamac,dragonmaw,478,druid,restoration,12,5,7
3998,Natruid,sargeras,478,druid,restoration,12,5,7
3999,Bloodyhoofs,malganis,478,druid,restoration,12,5,7
4000,Chupaone,dalaran,478,druid,restoration,12,5,7
4001,Rònaldò,drakthul,478,druid,restoration,12,5,7
4002,Scheppke,bleeding-hollow,477,druid,restoration,12,5,7
4003,Wraiven,elune,477,druid,restoration,18,5,13
4004,Baha,azralon,477,druid,restoration,18,5,13
4005,Swiftstrider,frostmourne,476,druid,restoration,10,6,4
4006,Phlap,zuljin,476,druid,restoration,12,5,7
4007,Kaldrago,detheroc,476,druid,restoration,12,5,7
4008,Gôdôfwow,tichondrius,473,druid,restoration,25,9,16
4009,Vuthryx,tichondrius,472,druid,restoration,18,5,13
4010,Bobruid,nagrand,469,druid,restoration,19,9,10
4011,Maerk,aerie-peak,469,druid,restoration,18,5,13
4012,Atim,moon-guard,468,druid,restoration,36,5,31
4013,Xiaoddi,tichondrius,463,druid,restoration,11,5,6
4014,Metaldruid,tichondrius,463,druid,restoration,11,5,6
4015,Semangarbage,tichondrius,457,druid,restoration,15,8,7
4016,Fuzzie,icecrown,447,druid,restoration,16,5,11
4017,Bigelbows,area-52,432,druid,restoration,15,6,9
4018,Qij,eonar,431,druid,restoration,11,5,6
4019,Asclepïus,tichondrius,431,druid,restoration,11,5,6
4020,Gankstababy,tichondrius,426,druid,restoration,20,6,14
4021,Indicahigh,moon-guard,424,druid,restoration,16,7,9
4022,Oongadunga,tichondrius,415,druid,restoration,14,5,9
4023,Nøbuchi,kelthuzad,384,druid,restoration,6,4,2
4024,Zbh,tichondrius,384,druid,restoration,6,4,2
4025,Fresh,earthen-ring,384,druid,restoration,6,4,2
4026,Dzone,tichondrius,384,druid,restoration,6,4,2
4027,Cuzzidr,tichondrius,384,druid,restoration,6,4,2
4028,Bunrack,nerzhul,384,druid,restoration,6,4,2
4029,Koan,proudmoore,384,druid,restoration,6,4,2
4030,Kushkilla,malganis,384,druid,restoration,6,4,2
4031,Èmax,barthilas,384,druid,restoration,6,4,2
4032,Starshípx,tichondrius,384,druid,restoration,6,4,2
4033,Yoona,kiljaeden,384,druid,restoration,6,4,2
4034,Sanninx,barthilas,384,druid,restoration,6,4,2
4035,Bearkîng,stormrage,384,druid,restoration,6,4,2
4036,Metaindexqt,quelthalas,384,druid,restoration,6,4,2
4037,Jillferal,proudmoore,384,druid,restoration,6,4,2
4038,Druidlstrudl,moon-guard,384,druid,restoration,6,4,2
4039,Erû,ragnaros,384,druid,restoration,6,4,2
4040,Rasgabuxoh,azralon,384,druid,restoration,6,4,2
4041,Outcastmango,thrall,384,druid,restoration,6,4,2
4042,Queiq,kelthuzad,384,druid,restoration,6,4,2
4043,Slambeezy,emerald-dream,384,druid,restoration,6,4,2
4044,Shroomdealer,kelthuzad,384,druid,restoration,6,4,2
4045,Someshta,sargeras,384,druid,restoration,6,4,2
4046,Doomky,area-52,384,druid,restoration,6,4,2
4047,Joeyshiftz,blackrock,384,druid,restoration,6,4,2
4048,Nbendtner,tichondrius,384,druid,restoration,6,4,2
4049,Lylek,azshara,384,druid,restoration,6,4,2
4050,Peazoepico,tichondrius,384,druid,restoration,6,4,2
4051,Êhurricane,dalaran,384,druid,restoration,6,4,2
4052,Johnnybigg,frostmourne,384,druid,restoration,6,4,2
4053,Thõrr,tichondrius,384,druid,restoration,6,4,2
4054,Terokky,azralon,384,druid,restoration,6,4,2
4055,Armorkits,area-52,384,druid,restoration,6,4,2
4056,Tofumation,gorgonnash,384,druid,restoration,12,4,8
4057,Ohioman,bleeding-hollow,384,druid,restoration,12,4,8
4058,Shadru,bleeding-hollow,384,druid,restoration,12,4,8
4059,Synthesïs,malganis,384,druid,restoration,12,4,8
4060,Flyshles,frostmourne,384,druid,restoration,12,4,8
4061,Bumbally,illidan,384,druid,restoration,12,4,8
4062,Ganizote,ragnaros,384,druid,restoration,12,4,8
4063,Thebutterboy,stormrage,384,druid,restoration,12,4,8
4064,Greentoë,sargeras,384,druid,restoration,12,4,8
4065,Nocup,illidan,384,druid,restoration,12,4,8
4066,Kaboomy,moon-guard,384,druid,restoration,12,4,8
4067,Brittanychan,sargeras,384,druid,restoration,12,4,8
4068,Chickenwings,ragnaros,384,druid,restoration,12,4,8
4069,Bwaccowi,sargeras,384,druid,restoration,12,4,8
4070,Glenglooie,tichondrius,384,druid,restoration,12,4,8
4071,Awguseon,proudmoore,384,druid,restoration,12,4,8
4072,Malfurionis,tichondrius,384,druid,restoration,12,4,8
4073,Bigshred,tichondrius,384,druid,restoration,12,4,8
4074,Metaphysìcs,kelthuzad,384,druid,restoration,12,4,8
4075,Flompstomper,skullcrusher,384,druid,restoration,12,4,8
4076,Lillenan,illidan,384,druid,restoration,12,4,8
4077,Feraldudu,illidan,384,druid,restoration,12,4,8
4078,Mkat,illidan,384,druid,restoration,12,4,8
4079,Mastabtw,illidan,384,druid,restoration,12,4,8
4080,Weedmunchies,kelthuzad,384,druid,restoration,12,4,8
4081,Hotrecki,kelthuzad,384,druid,restoration,12,4,8
4082,Bopple,tichondrius,384,druid,restoration,12,4,8
4083,Mastahskills,illidan,384,druid,restoration,12,4,8
4084,Tarvosx,thrall,384,druid,restoration,18,4,14
4085,Bryle,kiljaeden,383,druid,restoration,6,4,2
4086,Theboyz,zuljin,383,druid,restoration,6,4,2
4087,Calleguard,terenas,383,druid,restoration,6,4,2
4088,Javoh,drakkari,383,druid,restoration,6,4,2
4089,Zelara,kilrogg,383,druid,restoration,12,4,8
4090,Hazbekbek,area-52,383,druid,restoration,12,4,8
4091,Brazzar,kiljaeden,383,druid,restoration,12,4,8
4092,Posmard,ragnaros,383,druid,restoration,12,4,8
4093,Migdrail,nemesis,383,druid,restoration,12,4,8
4094,Xay,runetotem,383,druid,restoration,12,4,8
4095,Kvacco,kiljaeden,383,druid,restoration,12,4,8
4096,Jonnyutaa,emerald-dream,383,druid,restoration,12,4,8
4097,Pahrump,stormrage,383,druid,restoration,12,4,8
4098,Ssuka,tichondrius,383,druid,restoration,12,4,8
4099,Nightflow,emerald-dream,383,druid,restoration,12,4,8
4100,Morphiius,archimonde,383,druid,restoration,18,4,14
4101,Madmandan,moon-guard,383,druid,restoration,18,4,14
4102,Rikey,thaurissan,383,druid,restoration,18,4,14
4103,Beôrn,mugthol,382,druid,restoration,6,4,2
4104,Puzzlè,thrall,382,druid,restoration,12,4,8
4105,Guojue,tichondrius,382,druid,restoration,12,4,8
4106,Maldrake,quelthalas,381,druid,restoration,12,4,8
4107,Certzu,moon-guard,381,druid,restoration,18,4,14
4108,Bigbadcow,sargeras,380,druid,restoration,12,4,8
4109,Breakthemm,bonechewer,379,druid,restoration,12,4,8
4110,Metamooseowl,crushridge,379,druid,restoration,12,4,8
4111,Nüg,frostmourne,379,druid,restoration,14,4,10
4112,Nerfmesoon,sargeras,367,druid,restoration,11,4,7
4113,Reyvin,illidan,362,druid,restoration,20,6,14
4114,Dashíng,proudmoore,348,druid,restoration,11,4,7
4115,Gairen,the-venture-co,318,druid,restoration,8,4,4
4116,Elendriss,quelthalas,304,druid,restoration,13,4,9
4117,Koratan,frostmourne,288,druid,restoration,6,3,3
4118,Azaran,bleeding-hollow,288,druid,restoration,6,3,3
4119,Juicecarton,thrall,288,druid,restoration,6,3,3
4120,Thenog,arthas,288,druid,restoration,6,3,3
4121,Tziv,area-52,288,druid,restoration,6,3,3
4122,Eryon,nemesis,288,druid,restoration,6,3,3
4123,Pollished,kelthuzad,288,druid,restoration,6,3,3
4124,Sonicphantom,kelthuzad,288,druid,restoration,6,3,3
4125,Yllercia,quelthalas,288,druid,restoration,6,3,3
4126,Lðhnar,malganis,288,druid,restoration,6,3,3
4127,Tarlis,khazgoroth,288,druid,restoration,6,3,3
4128,Mädnhairy,zuljin,288,druid,restoration,6,3,3
4129,Seekamp,khazgoroth,288,druid,restoration,6,3,3
4130,Ømí,quelthalas,288,druid,restoration,6,3,3
4131,Ulfvur,nagrand,288,druid,restoration,6,3,3
4132,Owaru,stormrage,288,druid,restoration,6,3,3
4133,Xötic,stormrage,288,druid,restoration,6,3,3
4134,Hashdxm,tichondrius,288,druid,restoration,6,3,3
4135,Sensations,moon-guard,288,druid,restoration,6,3,3
4136,Nokash,tichondrius,288,druid,restoration,6,3,3
4137,Reptile,terenas,288,druid,restoration,6,3,3
4138,Gloomster,tichondrius,288,druid,restoration,6,3,3
4139,Unis,tichondrius,288,druid,restoration,6,3,3
4140,Antonniel,azralon,288,druid,restoration,6,3,3
4141,Ateoate,stormscale,288,druid,restoration,6,3,3
4142,Hotmuztard,sargeras,288,druid,restoration,6,3,3
4143,Mythicdruid,ragnaros,288,druid,restoration,6,3,3
4144,Kcazz,thorium-brotherhood,288,druid,restoration,6,3,3
4145,Geno,cenarius,288,druid,restoration,6,3,3
4146,Panterarosa,ragnaros,288,druid,restoration,6,3,3
4147,Rdruid,zuluhed,288,druid,restoration,6,3,3
4148,Xgodhands,sargeras,288,druid,restoration,6,3,3
4149,Vìdá,tichondrius,288,druid,restoration,6,3,3
4150,Ðeepsixx,burning-legion,288,druid,restoration,6,3,3
4151,Ayra,sargeras,288,druid,restoration,6,3,3
4152,Cutefeetz,moon-guard,288,druid,restoration,6,3,3
4153,Flatnose,agamaggan,288,druid,restoration,6,3,3
4154,Càlthar,sargeras,288,druid,restoration,6,3,3
4155,Gizho,dark-iron,288,druid,restoration,6,3,3
4156,Wiskees,sargeras,288,druid,restoration,6,3,3
4157,Naturetazer,sargeras,288,druid,restoration,6,3,3
4158,Crapster,boulderfist,288,druid,restoration,6,3,3
4159,Creamsoda,frostmane,288,druid,restoration,6,3,3
4160,Kollective,sargeras,288,druid,restoration,6,3,3
4161,Wâggles,moon-guard,288,druid,restoration,6,3,3
4162,Hotwolf,tichondrius,288,druid,restoration,6,3,3
4163,Spinach,moon-guard,288,druid,restoration,6,3,3
4164,Pekingcuckoo,illidan,288,druid,restoration,6,3,3
4165,Tricklein,tichondrius,288,druid,restoration,6,3,3
4166,Vadroid,dalaran,288,druid,restoration,6,3,3
4167,Buffjungle,tichondrius,288,druid,restoration,6,3,3
4168,Demitassie,wyrmrest-accord,288,druid,restoration,8,3,5
4169,Overgrowth,zuljin,288,druid,restoration,9,3,6
4170,Quadrivium,stormrage,288,druid,restoration,12,3,9
4171,Soloqmenace,malganis,288,druid,restoration,12,3,9
4172,Theømega,stormrage,288,druid,restoration,12,3,9
4173,Garrodan,aerie-peak,288,druid,restoration,12,3,9
4174,Hoedrufroza,tichondrius,288,druid,restoration,12,3,9
4175,Kitiano,thunderlord,288,druid,restoration,12,3,9
4176,Arútam,ragnaros,288,druid,restoration,12,3,9
4177,Wwkd,illidan,288,druid,restoration,12,3,9
4178,Cybeé,sargeras,288,druid,restoration,12,3,9
4179,Sbc,anvilmar,288,druid,restoration,12,3,9
4180,Silasel,sargeras,288,druid,restoration,12,3,9
4181,Nemoo,tichondrius,288,druid,restoration,12,3,9
4182,Krispies,eredar,288,druid,restoration,12,3,9
4183,Kanokoho,wyrmrest-accord,288,druid,restoration,12,3,9
4184,Qdrui,tichondrius,288,druid,restoration,12,3,9
4185,Deyz,ysera,288,druid,restoration,12,3,9
4186,Bøo,frostmourne,288,druid,restoration,12,3,9
4187,Monicaduan,frostmourne,288,druid,restoration,12,3,9
4188,Nodab,tichondrius,288,druid,restoration,12,3,9
4189,Mattiu,area-52,288,druid,restoration,12,3,9
4190,Raptormotoo,lothar,288,druid,restoration,12,3,9
4191,Azngødz,tichondrius,288,druid,restoration,12,3,9
4192,Borbys,sargeras,288,druid,restoration,12,3,9
4193,Blacksimba,area-52,288,druid,restoration,12,3,9
4194,Biggié,bleeding-hollow,288,druid,restoration,12,3,9
4195,Nuantar,nemesis,288,druid,restoration,12,3,9
4196,Convokíng,kelthuzad,288,druid,restoration,18,3,15
4197,Thundyrcat,tichondrius,288,druid,restoration,18,3,15
4198,Giddeonv,draenor,288,druid,restoration,18,3,15
4199,Sarangzzang,tichondrius,287,druid,restoration,6,3,3
4200,Bullshifftt,kelthuzad,287,druid,restoration,6,3,3
4201,Anakum,azshara,287,druid,restoration,6,3,3
4202,Harderplease,emerald-dream,287,druid,restoration,6,3,3
4203,Bringo,executus,287,druid,restoration,6,3,3
4204,Udala,durotan,287,druid,restoration,6,3,3
4205,Breakertime,illidan,287,druid,restoration,6,3,3
4206,Budsmoke,stormrage,287,druid,restoration,6,3,3
4207,Xkcc,perenolde,287,druid,restoration,6,3,3
4208,Sefestria,senjin,287,druid,restoration,6,3,3
4209,Ugress,whisperwind,287,druid,restoration,6,3,3
4210,Iamanoob,sargeras,287,druid,restoration,10,4,6
4211,Bankinbäbe,illidan,287,druid,restoration,8,3,5
4212,Vulgär,kiljaeden,287,druid,restoration,12,3,9
4213,Megara,dalaran,287,druid,restoration,12,3,9
4214,Druishcat,dark-iron,287,druid,restoration,12,3,9
4215,Atillah,stormscale,287,druid,restoration,12,3,9
4216,Cieran,senjin,287,druid,restoration,18,3,15
4217,Naachocheeze,tichondrius,286,druid,restoration,6,3,3
4218,Bullshiftter,ursin,286,druid,restoration,6,3,3
4219,Fortunecat,illidan,286,druid,restoration,12,3,9
4220,Sabari,area-52,285,druid,restoration,18,3,15
4221,Anastasyiar,illidan,256,druid,restoration,10,3,7
4222,Gloomy,andorhal,256,druid,restoration,10,3,7
4223,Cipozento,azralon,240,druid,restoration,9,3,6
4224,Awkwarder,emerald-dream,239,druid,restoration,11,3,8
4225,Opiumheals,sargeras,234,druid,restoration,8,4,4
4226,Restyblazed,sargeras,234,druid,restoration,8,4,4
4227,Donaldsr,area-52,234,druid,restoration,9,4,5
4228,Stormwood,moonrunner,234,druid,restoration,21,4,17
4229,Stèvén,tichondrius,233,druid,restoration,13,4,9
4230,Gavdru,tichondrius,223,druid,restoration,8,3,5
4231,Blackmoomba,kiljaeden,192,druid,restoration,4,3,1
4232,Faentz,stormrage,192,druid,restoration,9,3,6
4233,Megasteak,lightninghoof,192,druid,restoration,6,2,4
4234,Zaddychulo,area-52,192,druid,restoration,6,2,4
4235,Bigtonkatruk,tichondrius,192,druid,restoration,6,2,4
4236,Cultnelf,illidan,192,druid,restoration,6,2,4
4237,Bobochi,tichondrius,192,druid,restoration,6,2,4
4238,Barkcheeks,area-52,192,druid,restoration,6,2,4
4239,Lilcocoxoxo,shadowmoon,192,druid,restoration,6,2,4
4240,Crazywoodowl,tichondrius,192,druid,restoration,6,2,4
4241,Violyte,tichondrius,192,druid,restoration,6,2,4
4242,Tadoo,tichondrius,192,druid,restoration,6,2,4
4243,Ambassador,kelthuzad,192,druid,restoration,6,2,4
4244,Freemac,tichondrius,192,druid,restoration,6,2,4
4245,Chopotron,ragnaros,192,druid,restoration,6,2,4
4246,Loveflowers,nemesis,192,druid,restoration,6,2,4
4247,Akinetic,illidan,192,druid,restoration,6,2,4
4248,Snugglin,kelthuzad,192,druid,restoration,6,2,4
4249,Clonkzy,area-52,192,druid,restoration,6,2,4
4250,Mcbeef,tichondrius,192,druid,restoration,6,2,4
4251,Droody,earthen-ring,192,druid,restoration,6,2,4
4252,Levincy,thrall,192,druid,restoration,6,2,4
4253,Fixn,tichondrius,192,druid,restoration,6,2,4
4254,Breezeys,tichondrius,192,druid,restoration,6,2,4
4255,Krisdu,kelthuzad,192,druid,restoration,6,2,4
4256,Whiplash,deathwing,192,druid,restoration,6,2,4
4257,Acexten,tichondrius,192,druid,restoration,6,2,4
4258,Tydruid,illidan,192,druid,restoration,6,2,4
4259,Fracxx,area-52,192,druid,restoration,6,2,4
4260,Nightwinter,area-52,192,druid,restoration,6,2,4
4261,Cauroth,azralon,192,druid,restoration,6,2,4
4262,Fastyhands,illidan,192,druid,restoration,6,2,4
4263,Bomp,malganis,192,druid,restoration,6,2,4
4264,Haful,emerald-dream,192,druid,restoration,6,2,4
4265,Psycloned,magtheridon,192,druid,restoration,6,2,4
4266,Bullbuddy,wyrmrest-accord,192,druid,restoration,6,2,4
4267,Hawtzi,stormrage,192,druid,restoration,6,2,4
4268,Py,stormscale,192,druid,restoration,6,2,4
4269,Owlgz,barthilas,192,druid,restoration,6,2,4
4270,Loved,stormrage,192,druid,restoration,6,2,4
4271,Kaisuckslol,stormrage,192,druid,restoration,6,2,4
4272,Gretatunberg,skywall,192,druid,restoration,6,2,4
4273,Feeoria,lothar,192,druid,restoration,6,2,4
4274,Nacur,bleeding-hollow,192,druid,restoration,6,2,4
4275,Five,the-underbog,192,druid,restoration,6,2,4
4276,Ghostti,stormrage,192,druid,restoration,6,2,4
4277,Loganski,korialstrasz,192,druid,restoration,6,2,4
4278,Firefireahh,sargeras,192,druid,restoration,6,2,4
4279,Theblind,korgath,192,druid,restoration,6,2,4
4280,Kroshape,stormrage,192,druid,restoration,6,2,4
4281,Tropikana,burning-legion,192,druid,restoration,6,2,4
4282,Tempesd,stormrage,192,druid,restoration,6,2,4
4283,Hydruidponic,aegwynn,192,druid,restoration,6,2,4
4284,Netflixnphil,sargeras,192,druid,restoration,6,2,4
4285,Zils,bleeding-hollow,192,druid,restoration,6,2,4
4286,Kagekuma,bleeding-hollow,192,druid,restoration,6,2,4
4287,Bekroh,crushridge,192,druid,restoration,6,2,4
4288,Krobz,bleeding-hollow,192,druid,restoration,6,2,4
4289,Epicbehr,kiljaeden,192,druid,restoration,6,2,4
4290,Zwind,nerzhul,192,druid,restoration,6,2,4
4291,Mojoforweeks,bleeding-hollow,192,druid,restoration,6,2,4
4292,Simperella,dalaran,192,druid,restoration,13,3,10
4293,Hotsx,frostmourne,192,druid,restoration,9,2,7
4294,Sleepyheals,tichondrius,192,druid,restoration,14,3,11
4295,Moocka,ragnaros,192,druid,restoration,12,2,10
4296,Naseebo,frostmourne,192,druid,restoration,12,2,10
4297,Gradiluth,proudmoore,192,druid,restoration,12,2,10
4298,Bboikha,quelthalas,192,druid,restoration,12,2,10
4299,Kittysnuggle,emerald-dream,192,druid,restoration,12,2,10
4300,Urhero,sargeras,192,druid,restoration,12,2,10
4301,Grullandur,hakkar,192,druid,restoration,12,2,10
4302,Wonderhood,quelthalas,192,druid,restoration,12,2,10
4303,Daesdaddy,sargeras,192,druid,restoration,12,2,10
4304,Elven,frostmourne,192,druid,restoration,12,2,10
4305,Lunmoon,thrall,192,druid,restoration,12,2,10
4306,Goorybud,tichondrius,192,druid,restoration,12,2,10
4307,Duckyy,garithos,192,druid,restoration,12,2,10
4308,Kymolyia,sargeras,192,druid,restoration,12,2,10
4309,Cpksdru,tichondrius,192,druid,restoration,12,2,10
4310,Killvious,kelthuzad,192,druid,restoration,12,2,10
4311,Rootslayer,tichondrius,192,druid,restoration,12,2,10
4312,Moonkay,tichondrius,192,druid,restoration,12,2,10
4313,Aelena,whisperwind,192,druid,restoration,12,2,10
4314,Crunchieroll,illidan,192,druid,restoration,12,2,10
4315,Gahr,wyrmrest-accord,192,druid,restoration,12,2,10
4316,Ddizz,cairne,192,druid,restoration,12,2,10
4317,Fribbleog,korgath,192,druid,restoration,12,2,10
4318,Trèè,frostmane,192,druid,restoration,12,2,10
4319,Brutalhealz,aegwynn,192,druid,restoration,18,2,16
4320,Clonemunster,frostmourne,192,druid,restoration,18,2,16
4321,Irontree,dunemaul,192,druid,restoration,18,2,16
4322,Devilzown,fenris,192,druid,restoration,18,2,16
4323,Boofndergz,area-52,191,druid,restoration,6,2,4
4324,Treeoleo,stormrage,191,druid,restoration,6,2,4
4325,Äbÿss,tichondrius,191,druid,restoration,12,2,10
4326,Calliecat,moon-guard,191,druid,restoration,12,2,10
4327,Daweed,zuluhed,191,druid,restoration,12,2,10
4328,Voodooshiftz,emerald-dream,191,druid,restoration,12,2,10
4329,Garritass,moon-guard,189,druid,restoration,29,2,27
4330,Dreamwalk,stormrage,175,druid,restoration,17,3,14
4331,Brbcatsonfir,malganis,175,druid,restoration,22,3,19
4332,Pvptactician,tichondrius,159,druid,restoration,11,4,7
4333,Jeppcat,tichondrius,159,druid,restoration,14,3,11
4334,Frenzymoon,zuljin,144,druid,restoration,3,3,0
4335,Pokieoaks,zuljin,138,druid,restoration,10,3,7
4336,Galind,rexxar,128,druid,restoration,4,2,2
4337,Crunkk,thunderlord,127,druid,restoration,14,2,12
4338,Nohkotana,illidan,96,druid,restoration,3,2,1
4339,Rakroz,emerald-dream,96,druid,restoration,6,1,5
4340,Moonfart,zuljin,96,druid,restoration,6,1,5
4341,Arthridas,wyrmrest-accord,96,druid,restoration,6,1,5
4342,Dedderita,bloodhoof,96,druid,restoration,6,1,5
4343,Jayto,frostmourne,96,druid,restoration,6,1,5
4344,Fartsicle,lightnings-blade,96,druid,restoration,6,1,5
4345,Inblooms,blackhand,96,druid,restoration,6,1,5
4346,Mollytonasty,demon-soul,96,druid,restoration,6,1,5
4347,Nìck,the-scryers,96,druid,restoration,6,1,5
4348,Macfluff,emerald-dream,96,druid,restoration,6,1,5
4349,Lokobah,wyrmrest-accord,96,druid,restoration,6,1,5
4350,Solá,skywall,96,druid,restoration,6,1,5
4351,Fadingfast,frostmourne,96,druid,restoration,6,1,5
4352,Sinistuhd,tichondrius,96,druid,restoration,6,1,5
4353,Stephonxd,area-52,96,druid,restoration,6,1,5
4354,Dotdmage,tichondrius,96,druid,restoration,6,1,5
4355,Samully,area-52,96,druid,restoration,6,1,5
4356,Tommyjimmy,andorhal,96,druid,restoration,6,1,5
4357,Zeelán,emerald-dream,96,druid,restoration,6,1,5
4358,Kzdubya,stormrage,96,druid,restoration,6,1,5
4359,Ånxiety,skullcrusher,96,druid,restoration,6,1,5
4360,Arienne,kelthuzad,96,druid,restoration,6,1,5
4361,Chomperz,tichondrius,96,druid,restoration,6,1,5
4362,Feralgo,tichondrius,96,druid,restoration,6,1,5
4363,Mandingodam,auchindoun,96,druid,restoration,6,1,5
4364,Carlosd,tichondrius,96,druid,restoration,6,1,5
4365,Moocowbear,illidan,96,druid,restoration,6,1,5
4366,Moonkingx,ragnaros,96,druid,restoration,6,1,5
4367,Kurzul,area-52,96,druid,restoration,6,1,5
4368,Rezl,sargeras,96,druid,restoration,6,1,5
4369,Atagoo,tichondrius,96,druid,restoration,6,1,5
4370,Hadoriss,kelthuzad,96,druid,restoration,6,1,5
4371,Hille,sargeras,96,druid,restoration,6,1,5
4372,Guap,bleeding-hollow,96,druid,restoration,6,1,5
4373,Frydaze,tichondrius,96,druid,restoration,6,1,5
4374,Afrogx,dalaran,96,druid,restoration,6,1,5
4375,Wotermelon,moon-guard,96,druid,restoration,6,1,5
4376,Djsummer,tichondrius,96,druid,restoration,6,1,5
4377,Beldiin,khazgoroth,96,druid,restoration,6,1,5
4378,Moonshocka,tichondrius,96,druid,restoration,6,1,5
4379,Jammi,skywall,96,druid,restoration,6,1,5
4380,Natürëblÿät,illidan,96,druid,restoration,6,1,5
4381,Caminanube,quelthalas,96,druid,restoration,6,1,5
4382,Ttaure,ragnaros,96,druid,restoration,6,1,5
4383,Rastakant,malganis,96,druid,restoration,6,1,5
4384,Suncintus,aggramar,96,druid,restoration,6,1,5
4385,Ðjx,stormrage,96,druid,restoration,6,1,5
4386,Nyanncat,frostmourne,96,druid,restoration,7,1,6
4387,Lirilith,shadowsong,96,druid,restoration,16,2,14
4388,Shebleeder,aegwynn,96,druid,restoration,11,1,10
4389,Foracus,sargeras,96,druid,restoration,11,1,10
4390,Kaeliah,stormrage,96,druid,restoration,12,1,11
4391,Sinigang,duskwood,96,druid,restoration,12,1,11
4392,Thorsèn,sargeras,96,druid,restoration,15,1,14
4393,Grakzul,blood-furnace,95,druid,restoration,9,2,7
4394,Wantto,moknathal,95,druid,restoration,6,1,5
4395,Eliteshift,frostmourne,64,druid,restoration,4,1,3
4396,Pownage,kelthuzad,64,druid,restoration,16,1,15
4397,Bòmi,tichondrius,63,druid,restoration,2,2,0
4398,Smorak,area-52,63,druid,restoration,2,2,0
4399,Suwonhealer,tichondrius,31,druid,restoration,8,1,7
4400,Neferpitou,fenris,16,druid,restoration,6,1,5
4401,Landro,tichondrius,1545,druid,guardian,59,33,26
4402,Haalls,gallywix,1107,druid,guardian,36,12,24
4403,Crashägásm,proudmoore,1062,druid,guardian,30,15,15
4404,Inxert,tichondrius,792,druid,guardian,16,9,7
4405,Koan,proudmoore,671,druid,guardian,24,7,17
4406,Multivar,burning-legion,669,druid,guardian,12,7,5
4407,Mordu,rivendare,665,druid,guardian,18,7,11
4408,Kesagake,feathermoon,664,druid,guardian,12,7,5
4409,Agmukar,wyrmrest-accord,659,druid,guardian,12,7,5
4410,Ishiftalot,bleeding-hollow,573,druid,guardian,15,7,8
4411,Giddeonv,draenor,570,druid,guardian,12,6,6
4412,Maraliss,shadowsong,566,druid,guardian,12,6,6
4413,Chärmin,area-52,479,druid,guardian,12,5,7
4414,Gifteddream,zuljin,474,druid,guardian,12,5,7
4415,Balanah,quelthalas,472,druid,guardian,15,6,9
4416,Wraithman,madoran,383,druid,guardian,6,4,2
4417,Aìón,emerald-dream,382,druid,guardian,6,4,2
4418,Tankbareass,aerie-peak,382,druid,guardian,18,4,14
4419,Dalidielor,dalaran,288,druid,guardian,6,3,3
4420,Manwool,illidan,288,druid,guardian,12,3,9
4421,Read,boulderfist,288,druid,guardian,12,3,9
4422,Woozydruid,anetheron,288,druid,guardian,12,3,9
4423,Cayinna,altar-of-storms,288,druid,guardian,12,3,9
4424,Deutschland,whisperwind,288,druid,guardian,12,3,9
4425,Mavren,uldaman,286,druid,guardian,6,3,3
4426,Classykitty,tichondrius,192,druid,guardian,4,3,1
4427,Battlecát,stormscale,192,druid,guardian,6,2,4
4428,Athious,moon-guard,192,druid,guardian,6,2,4
4429,Mommyh,duskwood,192,druid,guardian,6,2,4
4430,Skrimshaw,burning-legion,192,druid,guardian,6,2,4
4431,Gornish,azralon,190,druid,guardian,12,2,10
4432,Wintarz,sargeras,96,druid,guardian,6,1,5
4433,Sixfeetunder,shattered-halls,96,druid,guardian,6,1,5
4434,Kushtiger,ragnaros,96,druid,guardian,6,1,5
4435,Drur,zuljin,96,druid,guardian,6,1,5
4436,Vindecca,kelthuzad,96,druid,guardian,6,1,5
4437,Aurno,queldorei,96,druid,guardian,6,1,5
4438,Bigxworm,gurubashi,96,druid,guardian,6,1,5
4439,Kylysea,dalaran,96,druid,guardian,12,1,11
4440,Vineclaw,emerald-dream,96,druid,guardian,12,1,11
4441,Lakroz,zuljin,95,druid,guardian,6,1,5
4442,Marvin,stormreaver,2168,druid,feral,89,46,43
4443,Nyç,sargeras,2139,druid,feral,216,116,100
4444,Auntsusie,stormrage,2128,druid,feral,95,61,34
4445,Iinkinbio,alleria,2124,druid,feral,84,50,34
4446,Bawbe,lightbringer,2059,druid,feral,71,41,30
4447,Angryalyu,tichondrius,2058,druid,feral,72,35,37
4448,Crunchyroll,sargeras,2056,druid,feral,150,79,71
4449,Jaguar,whisperwind,2041,druid,feral,66,39,27
4450,Formrage,jubeithos,2027,druid,feral,176,92,84
4451,Beomjun,tichondrius,2009,druid,feral,101,57,44
4452,Loser,stormrage,1985,druid,feral,69,35,34
4453,Abstractf,sargeras,1972,druid,feral,74,44,30
4454,Boomboombom,tichondrius,1969,druid,feral,89,54,35
4455,Babekisser,stormrage,1961,druid,feral,130,69,61
4456,Pdfilewatch,stormrage,1943,druid,feral,42,30,12
4457,Duhfective,proudmoore,1942,druid,feral,59,32,27
4458,Feeg,sargeras,1937,druid,feral,65,33,32
4459,Chowxx,tichondrius,1937,druid,feral,90,43,47
4460,Fappywapple,kiljaeden,1932,druid,feral,88,46,42
4461,Amellies,quelthalas,1921,druid,feral,160,84,76
4462,Cliodhna,kelthuzad,1914,druid,feral,78,40,38
4463,Trìckyz,tichondrius,1913,druid,feral,80,41,39
4464,Alleae,stormrage,1908,druid,feral,54,32,22
4465,Samuel,ravencrest,1897,druid,feral,60,33,27
4466,Floorz,firetree,1895,druid,feral,42,23,19
4467,Ripbot,sargeras,1894,druid,feral,59,31,28
4468,Henikbite,zuljin,1893,druid,feral,66,34,32
4469,Duzis,tichondrius,1887,druid,feral,48,28,20
4470,Bassy,whisperwind,1885,druid,feral,70,31,39
4471,Astrozxy,sargeras,1860,druid,feral,42,23,19
4472,Vinjo,ragnaros,1858,druid,feral,54,25,29
4473,Darmari,quelthalas,1852,druid,feral,60,27,33
4474,Rwhatkr,tichondrius,1847,druid,feral,47,20,27
4475,Sammy,scilla,1842,druid,feral,84,40,44
4476,Tyxi,bleeding-hollow,1839,druid,feral,46,31,15
4477,Yukjr,stormrage,1839,druid,feral,137,66,71
4478,Yayue,tichondrius,1830,druid,feral,72,37,35
4479,Bpdferal,stormrage,1828,druid,feral,180,99,81
4480,Russiaguy,area-52,1826,druid,feral,271,141,130
4481,Porkloafed,illidan,1824,druid,feral,94,53,41
4482,Sappora,illidan,1824,druid,feral,178,92,86
4483,Feignxd,emerald-dream,1823,druid,feral,60,43,17
4484,Nuadris,azralon,1822,druid,feral,168,86,82
4485,Chrye,tichondrius,1820,druid,feral,69,35,34
4486,Hugecat,tichondrius,1812,druid,feral,60,26,34
4487,Lucky,destromath,1811,druid,feral,126,65,61
4488,Stellar,steamwheedle-cartel,1808,druid,feral,114,54,60
4489,Skrambles,mugthol,1791,druid,feral,57,27,30
4490,Porkonmyfork,frostmourne,1786,druid,feral,28,20,8
4491,Notapn,tichondrius,1786,druid,feral,78,40,38
4492,Icespicè,tichondrius,1772,druid,feral,84,38,46
4493,Killuf,quelthalas,1767,druid,feral,95,35,60
4494,Proudfurryxo,dragonmaw,1765,druid,feral,50,27,23
4495,Kakaroot,tichondrius,1762,druid,feral,87,43,44
4496,Kobez,bleeding-hollow,1748,druid,feral,84,46,38
4497,Mhdd,tichondrius,1747,druid,feral,43,29,14
4498,Lemön,frostmourne,1745,druid,feral,42,21,21
4499,Vebee,frostmourne,1744,druid,feral,53,29,24
4500,Extic,sargeras,1730,druid,feral,66,38,28
4501,Blrr,sargeras,1730,druid,feral,60,28,32
4502,Addymeow,drenden,1709,druid,feral,54,30,24
4503,Thycamore,cenarius,1708,druid,feral,60,23,37
4504,Bearoids,daggerspine,1706,druid,feral,42,29,13
4505,Tyx,bleeding-hollow,1702,druid,feral,56,26,30
4506,Yavà,tichondrius,1700,druid,feral,48,30,18
4507,Dewfuss,tichondrius,1697,druid,feral,42,26,16
4508,Turow,firetree,1690,druid,feral,53,25,28
4509,Lesliewj,proudmoore,1688,druid,feral,41,22,19
4510,Wildfire,nesingwary,1686,druid,feral,105,55,50
4511,Nrp,stormrage,1684,druid,feral,108,44,64
4512,Raincloud,mannoroth,1680,druid,feral,36,22,14
4513,Nitetree,thrall,1679,druid,feral,60,31,29
4514,Akanx,tichondrius,1677,druid,feral,36,21,15
4515,Hriiya,tichondrius,1676,druid,feral,47,18,29
4516,Tenavï,stormrage,1668,druid,feral,42,20,22
4517,Kdrumania,tichondrius,1666,druid,feral,116,67,49
4518,Fliip,barthilas,1662,druid,feral,47,24,23
4519,Brewdock,boulderfist,1656,druid,feral,45,21,24
4520,Fuqet,kelthuzad,1655,druid,feral,94,44,50
4521,Jonio,tichondrius,1654,druid,feral,41,20,21
4522,Mocfernando,sargeras,1652,druid,feral,36,21,15
4523,Flowkie,illidan,1651,druid,feral,98,48,50
4524,Chasertv,tichondrius,1650,druid,feral,36,19,17
4525,Zlegacy,anvilmar,1650,druid,feral,54,21,33
4526,Jpegcollectr,tichondrius,1649,druid,feral,66,23,43
4527,Nicó,darkspear,1648,druid,feral,84,37,47
4528,Kyoski,moon-guard,1645,druid,feral,34,19,15
4529,Zirrie,stormrage,1640,druid,feral,44,25,19
4530,Ferar,frostmourne,1638,druid,feral,47,22,25
4531,Tompunch,tichondrius,1638,druid,feral,43,19,24
4532,Bigbite,tichondrius,1637,druid,feral,48,27,21
4533,Xyphor,bladefist,1637,druid,feral,40,22,18
4534,Yavann,tichondrius,1636,druid,feral,66,38,28
4535,Kolbie,emerald-dream,1636,druid,feral,96,51,45
4536,Jaspurr,illidan,1634,druid,feral,42,26,16
4537,Atrumn,emerald-dream,1631,druid,feral,78,33,45
4538,Anxietyburns,stormrage,1630,druid,feral,60,36,24
4539,Stêff,zuljin,1630,druid,feral,60,31,29
4540,Fangry,queldorei,1623,druid,feral,88,44,44
4541,Off,ravencrest,1622,druid,feral,172,86,86
4542,Phøënîx,tichondrius,1622,druid,feral,36,17,19
4543,Zyhsul,emerald-dream,1620,druid,feral,42,21,21
4544,Durwyn,sargeras,1620,druid,feral,153,71,82
4545,Sïmba,andorhal,1619,druid,feral,65,26,39
4546,Enya,stormreaver,1618,druid,feral,66,31,35
4547,Hiddenfur,ragnaros,1617,druid,feral,36,19,17
4548,Poosnickety,kelthuzad,1617,druid,feral,49,21,28
4549,Wøs,area-52,1615,druid,feral,92,47,45
4550,Chococrispis,quelthalas,1606,druid,feral,48,21,27
4551,Yüxy,sargeras,1602,druid,feral,42,19,23
4552,Oldtomcat,moon-guard,1601,druid,feral,90,42,48
4553,Zwaski,thrall,1601,druid,feral,68,31,37
4554,Feralgo,tichondrius,1600,druid,feral,30,17,13
4555,Akamu,nemesis,1600,druid,feral,48,17,31
4556,Irontree,dunemaul,1598,druid,feral,48,23,25
4557,Jurasico,ragnaros,1591,druid,feral,162,84,78
4558,Rank,nerzhul,1588,druid,feral,126,59,67
4559,Nobruh,sargeras,1588,druid,feral,77,36,41
4560,Luvgames,area-52,1585,druid,feral,44,22,22
4561,Oroskii,bleeding-hollow,1582,druid,feral,42,19,23
4562,Gabdruid,kiljaeden,1578,druid,feral,42,20,22
4563,Azrethyu,emerald-dream,1578,druid,feral,66,28,38
4564,Dahmu,malygos,1572,druid,feral,150,79,71
4565,Skyde,sargeras,1570,druid,feral,81,36,45
4566,Franksuba,windrunner,1568,druid,feral,108,53,55
4567,Csinii,bleeding-hollow,1566,druid,feral,48,18,30
4568,Hellodan,proudmoore,1565,druid,feral,48,22,26
4569,Idiotferal,tortheldrin,1564,druid,feral,30,19,11
4570,Kibbens,area-52,1564,druid,feral,162,77,85
4571,Ursarius,skullcrusher,1561,druid,feral,45,20,25
4572,Rahxay,quelthalas,1556,druid,feral,54,24,30
4573,Slanue,tichondrius,1556,druid,feral,64,26,38
4574,Kwilli,tichondrius,1552,druid,feral,56,29,27
4575,Darkombra,frostmourne,1548,druid,feral,54,27,27
4576,Melez,kelthuzad,1547,druid,feral,139,71,68
4577,Kaisuckslol,stormrage,1543,druid,feral,150,76,74
4578,Fendiy,barthilas,1538,druid,feral,60,34,26
4579,Mxdi,tichondrius,1535,druid,feral,36,19,17
4580,Foxmeowz,blackwater-raiders,1534,druid,feral,30,16,14
4581,Delorík,illidan,1534,druid,feral,66,32,34
4582,Cawkaw,frostwolf,1528,druid,feral,122,62,60
4583,Jizzie,tichondrius,1527,druid,feral,90,52,38
4584,Plux,illidan,1522,druid,feral,126,65,61
4585,Dustin,moon-guard,1522,druid,feral,88,43,45
4586,Ulcera,nemesis,1520,druid,feral,48,30,18
4587,Ikkarus,nemesis,1511,druid,feral,71,39,32
4588,Conker,frostmourne,1509,druid,feral,49,22,27
4589,Kushtiger,ragnaros,1508,druid,feral,102,52,50
4590,Prowli,tichondrius,1505,druid,feral,128,69,59
4591,Swolareclips,eitrigg,1498,druid,feral,150,72,78
4592,Tree,lothar,1497,druid,feral,48,29,19
4593,Ozex,crushridge,1484,druid,feral,42,17,25
4594,Revcow,malganis,1477,druid,feral,42,21,21
4595,Faelonk,frostmourne,1476,druid,feral,66,32,34
4596,Bullcritzz,saurfang,1475,druid,feral,58,38,20
4597,Eletto,stormrage,1466,druid,feral,48,25,23
4598,Dillywadz,tichondrius,1463,druid,feral,158,72,86
4599,Hoffhoff,area-52,1458,druid,feral,36,22,14
4600,Blut,stormrage,1458,druid,feral,186,89,97
4601,Luluid,tichondrius,1458,druid,feral,36,16,20
4602,Badferal,blackhand,1455,druid,feral,78,38,40
4603,Oreganic,barthilas,1454,druid,feral,81,42,39
4604,Sheeyts,tichondrius,1453,druid,feral,54,28,26
4605,Bossdru,sargeras,1447,druid,feral,47,28,19
4606,Zivak,azshara,1445,druid,feral,48,22,26
4607,Chomperz,tichondrius,1442,druid,feral,85,45,40
4608,Prille,tichondrius,1438,druid,feral,33,16,17
4609,Psychofeör,quelthalas,1433,druid,feral,36,18,18
4610,Bênî,emerald-dream,1432,druid,feral,108,52,56
4611,Käïïjü,tichondrius,1432,druid,feral,76,28,48
4612,Feond,illidan,1431,druid,feral,70,37,33
4613,Classydruid,spinebreaker,1431,druid,feral,84,39,45
4614,Prêdator,ragnaros,1430,druid,feral,71,36,35
4615,Wowgamer,sargeras,1427,druid,feral,24,15,9
4616,Zenlonn,emerald-dream,1427,druid,feral,30,15,15
4617,Hööper,illidan,1427,druid,feral,54,19,35
4618,Weedsmuggler,burning-legion,1425,druid,feral,126,62,64
4619,Oneinchclaw,malganis,1424,druid,feral,36,18,18
4620,Xanybarz,stormrage,1422,druid,feral,60,23,37
4621,Duckystryker,tichondrius,1421,druid,feral,48,17,31
4622,Fugekî,zuljin,1420,druid,feral,41,24,17
4623,Kaissara,nemesis,1420,druid,feral,32,17,15
4624,Bobmarli,kiljaeden,1420,druid,feral,30,15,15
4625,Senex,stormrage,1416,druid,feral,68,40,28
4626,Treespec,stormrage,1414,druid,feral,29,18,11
4627,Gairen,the-venture-co,1413,druid,feral,48,25,23
4628,Clarice,shattered-halls,1409,druid,feral,24,15,9
4629,Snowfaerie,moon-guard,1400,druid,feral,310,163,147
4630,Gonjatusk,ravencrest,1397,druid,feral,54,30,24
4631,Hoppus,icecrown,1396,druid,feral,57,20,37
4632,Freinnar,kiljaeden,1393,druid,feral,36,15,21
4633,Ytgamezoned,darkspear,1390,druid,feral,30,16,14
4634,Swappy,korgath,1388,druid,feral,66,31,35
4635,Treeweed,tichondrius,1386,druid,feral,81,42,39
4636,Silvshifter,frostmourne,1382,druid,feral,29,22,7
4637,Chitára,ragnaros,1379,druid,feral,106,55,51
4638,Craak,tichondrius,1376,druid,feral,41,19,22
4639,Bigthirty,area-52,1372,druid,feral,24,16,8
4640,Fastcat,moon-guard,1369,druid,feral,54,25,29
4641,Vaniedron,zuljin,1365,druid,feral,111,43,68
4642,Gorim,area-52,1364,druid,feral,48,26,22
4643,Sweetxtooth,area-52,1364,druid,feral,66,34,32
4644,Erwelz,quelthalas,1363,druid,feral,29,15,14
4645,Tardcakes,tichondrius,1362,druid,feral,62,31,31
4646,Gnairda,sargeras,1357,druid,feral,174,90,84
4647,Hjerim,quelthalas,1357,druid,feral,44,20,24
4648,Kilohanno,alexstrasza,1356,druid,feral,42,19,23
4649,Fugg,frostmourne,1350,druid,feral,84,34,50
4650,Hadox,azralon,1348,druid,feral,83,41,42
4651,Floorz,bleeding-hollow,1343,druid,feral,24,14,10
4652,Kynvi,moon-guard,1343,druid,feral,30,14,16
4653,Azoth,hyjal,1342,druid,feral,24,14,10
4654,Senorcholo,malganis,1342,druid,feral,36,18,18
4655,Catzetzan,tichondrius,1342,druid,feral,30,14,16
4656,Darkdragoonz,barthilas,1340,druid,feral,37,17,20
4657,Zuljor,sargeras,1339,druid,feral,18,14,4
4658,Smeow,zuljin,1339,druid,feral,39,16,23
4659,Bigmolii,quelthalas,1338,druid,feral,74,29,45
4660,Brawleyx,tichondrius,1337,druid,feral,36,14,22
4661,Riemannzeta,azgalor,1336,druid,feral,54,29,25
4662,Dimsump,zuljin,1336,druid,feral,36,14,22
4663,Malthen,quelthalas,1335,druid,feral,48,24,24
4664,Cheshiire,moon-guard,1334,druid,feral,90,41,49
4665,Khyzan,illidan,1329,druid,feral,78,41,37
4666,Iamnature,dalaran,1325,druid,feral,43,17,26
4667,Bullboy,frostmourne,1320,druid,feral,30,17,13
4668,Panyot,kiljaeden,1318,druid,feral,60,31,29
4669,Glockitty,tichondrius,1318,druid,feral,72,35,37
4670,Kyrô,sargeras,1317,druid,feral,29,14,15
4671,Nazdaq,stormrage,1313,druid,feral,62,33,29
4672,Ninefeet,argent-dawn,1309,druid,feral,60,31,29
4673,Suedle,kelthuzad,1309,druid,feral,29,14,15
4674,Asteriel,stormrage,1305,druid,feral,52,25,27
4675,Nyanncat,frostmourne,1302,druid,feral,30,14,16
4676,Mbarakaja,malganis,1302,druid,feral,125,58,67
4677,Nojiling,quelthalas,1301,druid,feral,55,24,31
4678,Azuredreams,bleeding-hollow,1301,druid,feral,36,15,21
4679,Raebies,dalaran,1297,druid,feral,93,50,43
4680,Sahksi,lothar,1297,druid,feral,60,30,30
4681,Frostelles,stormrage,1297,druid,feral,97,45,52
4682,Anessan,silvermoon,1296,druid,feral,44,23,21
4683,Ðreadfang,tichondrius,1295,druid,feral,47,28,19
4684,Jasminonmars,zuluhed,1293,druid,feral,48,27,21
4685,Awarz,drakkari,1291,druid,feral,36,14,22
4686,Feanah,tichondrius,1284,druid,feral,48,22,26
4687,Erahar,illidan,1281,druid,feral,46,24,22
4688,Malu,muradin,1278,druid,feral,30,17,13
4689,Percefhone,azralon,1272,druid,feral,80,34,46
4690,Gotroadrash,azuremyst,1268,druid,feral,23,14,9
4691,Dätto,thrall,1261,druid,feral,54,25,29
4692,Evildooer,stormrage,1248,druid,feral,24,13,11
4693,Zelyvia,moon-guard,1247,druid,feral,30,14,16
4694,Sporadiclive,sargeras,1247,druid,feral,30,13,17
4695,Waggs,illidan,1247,druid,feral,30,13,17
4696,Mariko,area-52,1245,druid,feral,59,26,33
4697,Enchiladacat,stormrage,1243,druid,feral,24,13,11
4698,Shmayba,malganis,1241,druid,feral,24,13,11
4699,Kellydacat,azuremyst,1241,druid,feral,24,13,11
4700,Muwudred,stormrage,1240,druid,feral,24,13,11
4701,Pfheral,area-52,1240,druid,feral,30,13,17
4702,Theømega,stormrage,1237,druid,feral,24,13,11
4703,Hektuk,barthilas,1235,druid,feral,34,19,15
4704,Ourse,aegwynn,1234,druid,feral,77,46,31
4705,Aahx,thrall,1232,druid,feral,99,54,45
4706,Kleanxx,tichondrius,1232,druid,feral,223,111,112
4707,Traxxo,tichondrius,1228,druid,feral,30,13,17
4708,Matpd,norgannon,1228,druid,feral,66,28,38
4709,Orthognathic,emerald-dream,1227,druid,feral,57,35,22
4710,Bâgheera,sargeras,1225,druid,feral,61,25,36
4711,Xanbàr,hyjal,1222,druid,feral,35,22,13
4712,Yukcyducky,tichondrius,1222,druid,feral,42,15,27
4713,Yobibit,terenas,1221,druid,feral,36,14,22
4714,Zelazia,area-52,1219,druid,feral,30,16,14
4715,Scruffywolf,tichondrius,1217,druid,feral,143,63,80
4716,Xdkittyrawr,tichondrius,1216,druid,feral,76,39,37
4717,Berd,whisperwind,1215,druid,feral,40,20,20
4718,Midnitex,illidan,1214,druid,feral,37,16,21
4719,Súse,sargeras,1212,druid,feral,53,24,29
4720,Pusswhisperr,bleeding-hollow,1210,druid,feral,42,15,27
4721,Kyrona,frostmourne,1207,druid,feral,30,21,9
4722,Hermbott,proudmoore,1206,druid,feral,48,23,25
4723,Spinach,moon-guard,1195,druid,feral,33,13,20
4724,Beygatti,sargeras,1190,druid,feral,43,15,28
4725,Khione,dreadmaul,1172,druid,feral,68,38,30
4726,Haneulso,tichondrius,1171,druid,feral,33,14,19
4727,Werebruin,bleeding-hollow,1169,druid,feral,55,29,26
4728,Nomnomnomn,chogall,1168,druid,feral,22,13,9
4729,Dehltax,stormrage,1168,druid,feral,48,26,22
4730,Beargodx,stormrage,1163,druid,feral,42,20,22
4731,Skufty,illidan,1158,druid,feral,60,22,38
4732,Vintera,sargeras,1155,druid,feral,93,47,46
4733,Floppa,whisperwind,1152,druid,feral,24,12,12
4734,Milkmoneymeo,illidan,1151,druid,feral,24,12,12
4735,Ryecoke,stormrage,1151,druid,feral,24,12,12
4736,Boomboomboom,misha,1151,druid,feral,27,13,14
4737,Lycanthrøpe,moon-guard,1151,druid,feral,30,12,18
4738,Lakunahof,ragnaros,1149,druid,feral,27,13,14
4739,Chambz,tichondrius,1148,druid,feral,60,24,36
4740,Amishal,stormrage,1148,druid,feral,36,12,24
4741,Erykk,dalaran,1147,druid,feral,36,12,24
4742,Concordya,tichondrius,1146,druid,feral,30,13,17
4743,Ishiftalot,bleeding-hollow,1145,druid,feral,51,20,31
4744,Anastasyiar,illidan,1142,druid,feral,30,12,18
4745,Shiftex,arthas,1140,druid,feral,30,12,18
4746,Zazieraiel,moon-guard,1139,druid,feral,33,13,20
4747,Styli,tichondrius,1130,druid,feral,18,12,6
4748,Chëësëbürgër,illidan,1128,druid,feral,97,45,52
4749,Yobolsun,sargeras,1123,druid,feral,36,16,20
4750,Elunaya,illidan,1122,druid,feral,36,15,21
4751,Tonoshapepai,azralon,1122,druid,feral,36,13,23
4752,Borybuilder,azralon,1121,druid,feral,38,14,24
4753,Shahahrazad,queldorei,1118,druid,feral,36,12,24
4754,Eyzie,stormrage,1115,druid,feral,36,13,23
4755,Daniin,azralon,1107,druid,feral,66,29,37
4756,Ðementia,stormrage,1104,druid,feral,72,41,31
4757,Surmise,tichondrius,1100,druid,feral,24,12,12
4758,Azakana,sargeras,1094,druid,feral,23,12,11
4759,Leight,whisperwind,1093,druid,feral,24,14,10
4760,Strikinina,azralon,1091,druid,feral,61,26,35
4761,Kotau,azralon,1089,druid,feral,24,16,8
4762,Trevvor,thrall,1070,druid,feral,36,12,24
4763,Fb,darkspear,1069,druid,feral,20,12,8
4764,Druidsling,mugthol,1065,druid,feral,44,17,27
4765,Pokémon,grizzly-hills,1064,druid,feral,33,15,18
4766,Twigz,illidan,1059,druid,feral,42,21,21
4767,Birdy,proudmoore,1056,druid,feral,18,11,7
4768,Glenn,norgannon,1056,druid,feral,18,11,7
4769,Switchform,kiljaeden,1056,druid,feral,18,11,7
4770,Fyrkax,sargeras,1056,druid,feral,18,11,7
4771,Lelobull,ragnaros,1056,druid,feral,48,19,29
4772,Dangersweg,frostmourne,1056,druid,feral,30,11,19
4773,Bhen,tichondrius,1055,druid,feral,18,11,7
4774,Orekinya,area-52,1055,druid,feral,24,11,13
4775,Tabbsy,frostmourne,1055,druid,feral,36,11,25
4776,Kellydabear,azuremyst,1054,druid,feral,24,11,13
4777,Goldferal,illidan,1053,druid,feral,12,11,1
4778,Naturestouch,tichondrius,1053,druid,feral,24,11,13
4779,Myeow,illidan,1052,druid,feral,24,11,13
4780,Corv,drenden,1051,druid,feral,16,12,4
4781,Swindlestan,zuljin,1051,druid,feral,24,11,13
4782,Unfriendly,bleeding-hollow,1050,druid,feral,24,11,13
4783,Kongquest,emerald-dream,1049,druid,feral,36,11,25
4784,Vykarux,suramar,1048,druid,feral,24,11,13
4785,Yám,tichondrius,1048,druid,feral,30,11,19
4786,Bleedz,mugthol,1040,druid,feral,24,11,13
4787,Dkkng,dalaran,1039,druid,feral,18,11,7
4788,Buhooki,tichondrius,1035,druid,feral,77,37,40
4789,Anarad,dalaran,1032,druid,feral,30,15,15
4790,Seraphim,lightnings-blade,1029,druid,feral,60,30,30
4791,Bloodriot,wyrmrest-accord,1026,druid,feral,36,11,25
4792,Screwdrivers,moon-guard,1022,druid,feral,29,11,18
4793,Fennel,korgath,1017,druid,feral,23,11,12
4794,Lyndonww,frostmourne,1006,druid,feral,26,12,14
4795,Ursuur,drakkari,1004,druid,feral,29,11,18
4796,Afrogx,dalaran,1001,druid,feral,24,11,13
4797,Ruzkit,illidan,996,druid,feral,30,14,16
4798,Sisilo,bonechewer,971,druid,feral,60,23,37
4799,Semveta,alleria,960,druid,feral,12,10,2
4800,Hypérion,dalaran,960,druid,feral,24,10,14
4801,Buffjungle,tichondrius,960,druid,feral,26,10,16
4802,Meanbear,stormrage,959,druid,feral,18,10,8
4803,Juiceonlips,sargeras,959,druid,feral,18,10,8
4804,Kuzigothigh,thunderhorn,959,druid,feral,48,25,23
4805,Kekepöp,illidan,959,druid,feral,24,10,14
4806,Yaboidakota,stormrage,959,druid,feral,24,10,14
4807,Tysandra,sargeras,959,druid,feral,30,10,20
4808,Beastbaby,eldrethalas,959,druid,feral,30,10,20
4809,Nearkoo,tichondrius,958,druid,feral,24,10,14
4810,Rekrasaur,emerald-dream,958,druid,feral,30,10,20
4811,Doubledówn,sargeras,957,druid,feral,72,33,39
4812,Hoofin,blackwing-lair,957,druid,feral,24,10,14
4813,Pavel,aerie-peak,957,druid,feral,59,18,41
4814,Swornenemy,mugthol,956,druid,feral,18,10,8
4815,Shiftingdean,sargeras,956,druid,feral,30,10,20
4816,Grizzlepaw,tichondrius,955,druid,feral,24,10,14
4817,Kaya,hyjal,955,druid,feral,24,10,14
4818,Moonbow,frostmourne,954,druid,feral,18,10,8
4819,Dorio,quelthalas,952,druid,feral,18,10,8
4820,Barbary,tichondrius,952,druid,feral,24,10,14
4821,Duckieheit,sargeras,952,druid,feral,24,10,14
4822,Datkittydoe,kiljaeden,952,druid,feral,24,10,14
4823,Hobbles,emerald-dream,949,druid,feral,24,10,14
4824,Drdanknugs,laughing-skull,939,druid,feral,36,10,26
4825,Feraluwu,illidan,938,druid,feral,18,10,8
4826,Téddybéar,smolderthorn,929,druid,feral,12,10,2
4827,Greasemonkey,trollbane,919,druid,feral,22,12,10
4828,Sjana,bleeding-hollow,918,druid,feral,18,11,7
4829,Skrillin,thrall,914,druid,feral,23,11,12
4830,Superwrath,khaz-modan,908,druid,feral,17,10,7
4831,Àspên,moon-guard,908,druid,feral,42,20,22
4832,Wildbeasts,proudmoore,908,druid,feral,75,33,42
4833,Lusk,blades-edge,908,druid,feral,53,22,31
4834,Blêêd,stormscale,904,druid,feral,13,12,1
4835,Threeo,burning-blade,889,druid,feral,16,10,6
4836,Taurenaught,aegwynn,881,druid,feral,37,17,20
4837,Eglania,stormrage,866,druid,feral,24,11,13
4838,Retzerbil,sargeras,864,druid,feral,12,9,3
4839,Hatergodx,ravencrest,864,druid,feral,18,9,9
4840,Feorb,azuremyst,864,druid,feral,24,9,15
4841,Féèd,stormrage,863,druid,feral,18,9,9
4842,Tt,akama,863,druid,feral,18,9,9
4843,Jazzxs,proudmoore,863,druid,feral,18,9,9
4844,Gz,icecrown,863,druid,feral,18,9,9
4845,Ërebüs,emerald-dream,863,druid,feral,25,10,15
4846,Thaherb,korgath,863,druid,feral,24,9,15
4847,Malfurionsto,moon-guard,863,druid,feral,30,9,21
4848,Wabbehkus,barthilas,862,druid,feral,36,9,27
4849,Catten,barthilas,860,druid,feral,12,9,3
4850,Roots,anubarak,860,druid,feral,18,9,9
4851,Tommyjimmy,andorhal,860,druid,feral,18,9,9
4852,Boofings,sargeras,860,druid,feral,18,9,9
4853,Behrhart,stormrage,859,druid,feral,12,9,3
4854,Jonoa,nagrand,858,druid,feral,24,9,15
4855,Rum,the-venture-co,857,druid,feral,36,14,22
4856,Tolldruid,chogall,852,druid,feral,24,10,14
4857,Koag,dalaran,851,druid,feral,23,11,12
4858,Wuarlo,moon-guard,846,druid,feral,73,34,39
4859,Predatõr,malorne,841,druid,feral,24,10,14
4860,Sosd,kelthuzad,837,druid,feral,17,9,8
4861,Fogboom,area-52,830,druid,feral,20,10,10
4862,Mavren,uldaman,828,druid,feral,25,9,16
4863,Fanaror,frostmourne,822,druid,feral,18,9,9
4864,Shartasm,anetheron,822,druid,feral,30,12,18
4865,Tatiannaa,stormreaver,815,druid,feral,15,10,5
4866,Gapingloli,tichondrius,813,druid,feral,15,9,6
4867,Feorelm,proudmoore,810,druid,feral,17,9,8
4868,Nephdruid,stormrage,804,druid,feral,30,9,21
4869,Kattles,frostmourne,768,druid,feral,12,8,4
4870,Cätwälk,gnomeregan,768,druid,feral,12,8,4
4871,Notinsanity,proudmoore,768,druid,feral,12,8,4
4872,Jason,vashj,768,druid,feral,12,8,4
4873,Gregondor,skullcrusher,768,druid,feral,12,8,4
4874,Anìmorph,sargeras,768,druid,feral,12,8,4
4875,Cjæ,bleeding-hollow,768,druid,feral,15,9,6
4876,Mooncatbear,malganis,768,druid,feral,18,8,10
4877,Férállgødx,area-52,768,druid,feral,18,8,10
4878,Sylvaster,stormrage,768,druid,feral,24,8,16
4879,Saltydru,illidan,768,druid,feral,24,8,16
4880,Nahelae,tichondrius,767,druid,feral,12,8,4
4881,Pokeyouryolk,sargeras,767,druid,feral,12,8,4
4882,Jentzull,tichondrius,767,druid,feral,12,8,4
4883,Pergutory,frostmourne,767,druid,feral,18,8,10
4884,Koducck,tichondrius,767,druid,feral,18,8,10
4885,Kìttykat,stormrage,767,druid,feral,18,8,10
4886,Udderchaos,dark-iron,767,druid,feral,18,8,10
4887,Fullmoon,greymane,767,druid,feral,22,9,13
4888,Angulus,darkspear,766,druid,feral,18,8,10
4889,Herbx,sargeras,765,druid,feral,18,8,10
4890,Dròódles,barthilas,764,druid,feral,12,8,4
4891,Zimah,illidan,764,druid,feral,18,8,10
4892,Raknary,kelthuzad,764,druid,feral,30,8,22
4893,Freddiemerk,moon-guard,763,druid,feral,18,8,10
4894,Framko,quelthalas,763,druid,feral,36,8,28
4895,Gamble,the-underbog,760,druid,feral,24,8,16
4896,Pawprika,tichondrius,758,druid,feral,30,9,21
4897,Mychi,ragnaros,748,druid,feral,20,9,11
4898,Reallysauce,zuljin,748,druid,feral,18,8,10
4899,Nodraent,quelthalas,741,druid,feral,18,8,10
4900,Amdruid,bloodhoof,735,druid,feral,14,9,5
4901,Ashmila,ragnaros,716,druid,feral,17,8,9
4902,Mazoak,sargeras,703,druid,feral,28,8,20
4903,Zderhs,blackrock,702,druid,feral,14,8,6
4904,Byson,bleeding-hollow,702,druid,feral,17,8,9
4905,Shakedru,stormrage,684,druid,feral,19,8,11
4906,Cracked,vashj,672,druid,feral,12,7,5
4907,Primalxd,area-52,672,druid,feral,12,7,5
4908,Susruth,area-52,672,druid,feral,12,7,5
4909,Zðzð,zuljin,672,druid,feral,12,7,5
4910,Tnvï,stormrage,672,druid,feral,12,7,5
4911,Dailydruid,illidan,672,druid,feral,12,7,5
4912,Elyveen,proudmoore,672,druid,feral,12,7,5
4913,Krobz,bleeding-hollow,672,druid,feral,12,7,5
4914,Kiwidru,frostmourne,672,druid,feral,12,7,5
4915,Boll,akama,672,druid,feral,12,7,5
4916,Scuffedx,tichondrius,672,druid,feral,12,7,5
4917,Shiftage,frostmane,672,druid,feral,18,7,11
4918,Flowke,illidan,672,druid,feral,18,7,11
4919,Meowny,area-52,672,druid,feral,18,7,11
4920,Selendis,tichondrius,672,druid,feral,18,7,11
4921,Faithxo,stormrage,672,druid,feral,18,7,11
4922,Hroney,area-52,672,druid,feral,18,7,11
4923,Lunacore,illidan,672,druid,feral,18,7,11
4924,Muffbfloppn,zuljin,672,druid,feral,18,7,11
4925,Bearlyviable,stormrage,672,druid,feral,21,8,13
4926,Bobochan,tichondrius,672,druid,feral,24,7,17
4927,Happyhotter,proudmoore,671,druid,feral,12,7,5
4928,Ännä,moon-guard,671,druid,feral,18,7,11
4929,Druidydruid,blackrock,671,druid,feral,18,7,11
4930,Bananawaffle,proudmoore,671,druid,feral,18,7,11
4931,Bearmuda,trollbane,671,druid,feral,18,7,11
4932,Samirgodx,tichondrius,671,druid,feral,18,7,11
4933,Momoxchan,quelthalas,671,druid,feral,18,7,11
4934,Ruckiz,stormrage,671,druid,feral,18,7,11
4935,Thegrefgx,ragnaros,670,druid,feral,12,7,5
4936,Aligantor,thrall,670,druid,feral,12,7,5
4937,Servax,illidan,670,druid,feral,18,7,11
4938,Curainfeliz,nemesis,669,druid,feral,12,7,5
4939,Bullshiftin,area-52,669,druid,feral,12,7,5
4940,Redness,daggerspine,669,druid,feral,18,7,11
4941,Yokimo,amanthul,668,druid,feral,18,7,11
4942,Jordiët,dalaran,667,druid,feral,12,7,5
4943,Oxvxo,senjin,648,druid,feral,18,7,11
4944,Hyperlite,bonechewer,643,druid,feral,18,7,11
4945,Injail,tichondrius,640,druid,feral,16,7,9
4946,Arntu,malganis,639,druid,feral,11,7,4
4947,Chadwickx,illidan,639,druid,feral,11,7,4
4948,Ekkoh,sargeras,638,druid,feral,17,7,10
4949,Jeanz,bonechewer,632,druid,feral,19,9,10
4950,Meowzetzan,tichondrius,623,druid,feral,11,7,4
4951,Slapymilf,dentarg,623,druid,feral,11,7,4
4952,Ruhgen,deathwing,622,druid,feral,17,7,10
4953,Puzzykat,uldum,621,druid,feral,27,7,20
4954,Gutzzu,area-52,619,druid,feral,15,7,8
4955,Weedleaf,wyrmrest-accord,610,druid,feral,20,8,12
4956,Beaker,uldum,605,druid,feral,11,7,4
4957,Earlgrayl,kelthuzad,591,druid,feral,13,7,6
4958,Bigherbo,zuljin,585,druid,feral,20,8,12
4959,Duuj,illidan,576,druid,feral,6,6,0
4960,Lïberty,ragnaros,576,druid,feral,6,6,0
4961,Meldzetzan,tichondrius,576,druid,feral,6,6,0
4962,Hybridxo,kelthuzad,576,druid,feral,6,6,0
4963,Cíphenz,illidan,576,druid,feral,12,6,6
4964,Shiftalk,nerzhul,576,druid,feral,12,6,6
4965,Nelfwaifú,area-52,576,druid,feral,12,6,6
4966,Bloodynine,cairne,576,druid,feral,12,6,6
4967,Wilddeity,tichondrius,576,druid,feral,12,6,6
4968,Hashmall,ragnaros,576,druid,feral,12,6,6
4969,Bables,tichondrius,576,druid,feral,12,6,6
4970,Sooey,wyrmrest-accord,576,druid,feral,12,6,6
4971,Funkattack,tichondrius,576,druid,feral,12,6,6
4972,Spaléxgu,azralon,576,druid,feral,12,6,6
4973,Whitetigeris,tichondrius,576,druid,feral,12,6,6
4974,Daniverse,sargeras,576,druid,feral,12,6,6
4975,Thontt,sargeras,576,druid,feral,12,6,6
4976,Kittysnuggle,emerald-dream,576,druid,feral,15,7,8
4977,Welshblack,tichondrius,576,druid,feral,16,7,9
4978,Jinhova,stormrage,576,druid,feral,15,6,9
4979,Calikonger,spirestone,576,druid,feral,18,6,12
4980,Rebrrth,antonidas,576,druid,feral,18,6,12
4981,Kittendev,tichondrius,576,druid,feral,18,6,12
4982,Sugarbawls,area-52,576,druid,feral,24,6,18
4983,Wulfjack,emerald-dream,575,druid,feral,12,6,6
4984,Amoru,moon-guard,575,druid,feral,12,6,6
4985,Fireeloot,tichondrius,575,druid,feral,12,6,6
4986,Omnilul,zuljin,575,druid,feral,12,6,6
4987,Stríðsmaður,area-52,575,druid,feral,12,6,6
4988,Allenjunior,ragnaros,575,druid,feral,12,6,6
4989,Davinchii,drakkari,575,druid,feral,12,6,6
4990,Austîn,moon-guard,575,druid,feral,12,6,6
4991,Beelzehog,whisperwind,574,druid,feral,12,6,6
4992,Dinnerbone,echo-isles,573,druid,feral,12,6,6
4993,Hupod,proudmoore,573,druid,feral,18,6,12
4994,Nikozho,sargeras,573,druid,feral,18,6,12
4995,Kragma,zuluhed,572,druid,feral,12,6,6
4996,Soldadito,zuljin,572,druid,feral,15,7,8
4997,Udala,durotan,572,druid,feral,14,6,8
4998,Snowlion,the-forgotten-coast,570,druid,feral,12,6,6
4999,Expells,nemesis,569,druid,feral,18,6,12
5000,Bigdeeza,frostmourne,566,druid,feral,12,6,6
5001,Odesellena,moon-guard,563,druid,feral,18,6,12
5002,Druidcyber,stormrage,543,druid,feral,16,6,10
5003,Dreamfyre,kiljaeden,543,druid,feral,17,6,11
5004,Lacrarola,nemesis,542,druid,feral,11,6,5
5005,Lémons,tichondrius,542,druid,feral,17,6,11
5006,Wtfimacat,area-52,527,druid,feral,11,6,5
5007,Ðjangø,goldrinn,525,druid,feral,11,6,5
5008,Drulicious,tichondrius,522,druid,feral,14,7,7
5009,Shadalor,frostmourne,512,druid,feral,16,6,10
5010,Kilbys,nemesis,510,druid,feral,8,6,2
5011,Iamatomic,illidan,509,druid,feral,20,6,14
5012,Druski,lightbringer,508,druid,feral,11,6,5
5013,Bearjoo,kelthuzad,495,druid,feral,18,6,12
5014,Flompstomper,skullcrusher,480,druid,feral,6,5,1
5015,Exxh,tichondrius,480,druid,feral,6,5,1
5016,Nbnbnb,proudmoore,480,druid,feral,6,5,1
5017,Sweetnippies,elune,480,druid,feral,6,5,1
5018,Féralis,sargeras,480,druid,feral,6,5,1
5019,Sweetpurple,elune,480,druid,feral,6,5,1
5020,Gloomcat,illidan,480,druid,feral,6,5,1
5021,Idiotdruid,ragnaros,480,druid,feral,6,5,1
5022,Carboz,jubeithos,480,druid,feral,6,5,1
5023,Linkinbiox,alleria,480,druid,feral,12,5,7
5024,Gunnymad,tichondrius,480,druid,feral,12,5,7
5025,Choolah,area-52,480,druid,feral,12,5,7
5026,Softshirtxo,ragnaros,480,druid,feral,12,5,7
5027,Topangâ,lightninghoof,480,druid,feral,12,5,7
5028,Bloodyugly,area-52,480,druid,feral,12,5,7
5029,Noet,ragnaros,480,druid,feral,12,5,7
5030,Karizikat,tichondrius,480,druid,feral,12,5,7
5031,Lunarboy,tichondrius,480,druid,feral,12,5,7
5032,Feralhearted,kelthuzad,480,druid,feral,12,5,7
5033,Mythienair,stormrage,480,druid,feral,12,5,7
5034,Loamie,proudmoore,480,druid,feral,12,5,7
5035,Frenzyirl,darkspear,480,druid,feral,12,5,7
5036,Neetform,zuljin,480,druid,feral,12,5,7
5037,Ninelivez,gorgonnash,480,druid,feral,12,5,7
5038,Yizhiyuren,aegwynn,480,druid,feral,12,5,7
5039,Zeratull,cenarius,480,druid,feral,12,5,7
5040,Lurky,dalvengyr,480,druid,feral,12,5,7
5041,Honeybeam,moon-guard,480,druid,feral,12,5,7
5042,Scorn,spirestone,480,druid,feral,13,5,8
5043,Fredolay,tichondrius,480,druid,feral,13,5,8
5044,Oneninesix,frostmourne,480,druid,feral,18,5,13
5045,Bere,kul-tiras,480,druid,feral,18,5,13
5046,Caelüm,area-52,480,druid,feral,18,5,13
5047,Kobebeef,malganis,480,druid,feral,18,5,13
5048,Gouzz,frostmourne,480,druid,feral,18,5,13
5049,Doblun,nemesis,480,druid,feral,18,5,13
5050,Purrcat,tichondrius,480,druid,feral,18,5,13
5051,Goorybud,tichondrius,479,druid,feral,6,5,1
5052,Cooln,bleeding-hollow,479,druid,feral,6,5,1
5053,Aeonás,tichondrius,479,druid,feral,12,5,7
5054,Snugglin,kelthuzad,479,druid,feral,12,5,7
5055,Animalcade,area-52,479,druid,feral,12,5,7
5056,Balthøs,moon-guard,479,druid,feral,12,5,7
5057,Calani,lightnings-blade,479,druid,feral,12,5,7
5058,Ysemia,drakkari,479,druid,feral,14,5,9
5059,Zauska,cenarion-circle,479,druid,feral,18,5,13
5060,Drewiid,stormrage,478,druid,feral,12,5,7
5061,Nokther,muradin,478,druid,feral,24,5,19
5062,Ediiann,cenarius,477,druid,feral,12,5,7
5063,Wokoom,windrunner,474,druid,feral,24,5,19
5064,Moonrg,stormrage,431,druid,feral,11,5,6
5065,Maplesyrup,moonrunner,431,druid,feral,11,5,6
5066,Yunekai,stormrage,415,druid,feral,11,5,6
5067,Vaelthunis,sargeras,400,druid,feral,13,5,8
5068,Nâturê,dalaran,384,druid,feral,6,4,2
5069,Orizane,moon-guard,384,druid,feral,6,4,2
5070,Soaring,moon-guard,384,druid,feral,6,4,2
5071,Bearcathawk,sargeras,384,druid,feral,6,4,2
5072,Oobuck,kilrogg,384,druid,feral,6,4,2
5073,Kittycudi,hyjal,384,druid,feral,6,4,2
5074,Niwßor,azralon,384,druid,feral,6,4,2
5075,Curet,lightbringer,384,druid,feral,6,4,2
5076,Kistormx,tichondrius,384,druid,feral,6,4,2
5077,Cfab,tichondrius,384,druid,feral,6,4,2
5078,Pressuretd,frostmourne,384,druid,feral,6,4,2
5079,Menapäws,area-52,384,druid,feral,6,4,2
5080,Jaegerbombx,sargeras,384,druid,feral,6,4,2
5081,Drywatter,tichondrius,384,druid,feral,6,4,2
5082,Vecuronium,tichondrius,384,druid,feral,6,4,2
5083,Miviaris,alleria,384,druid,feral,6,4,2
5084,Olhosdlua,azralon,384,druid,feral,6,4,2
5085,Aldr,tichondrius,384,druid,feral,6,4,2
5086,Zzkitty,stormreaver,384,druid,feral,6,4,2
5087,Robomexi,tichondrius,384,druid,feral,6,4,2
5088,Mameseph,lightnings-blade,384,druid,feral,6,4,2
5089,Hótlife,fizzcrank,384,druid,feral,6,4,2
5090,Eliteshift,frostmourne,384,druid,feral,6,4,2
5091,Unfunnyferal,kelthuzad,384,druid,feral,6,4,2
5092,Srwow,elune,384,druid,feral,6,4,2
5093,Toiiz,malganis,384,druid,feral,9,4,5
5094,Genuine,guldan,384,druid,feral,11,4,7
5095,Gernichora,barthilas,384,druid,feral,12,4,8
5096,Iamfynch,sargeras,384,druid,feral,12,4,8
5097,Moohok,bleeding-hollow,384,druid,feral,12,4,8
5098,Gatona,stormrage,384,druid,feral,12,4,8
5099,Carnumoose,zuljin,384,druid,feral,12,4,8
5100,Teddybear,medivh,384,druid,feral,12,4,8
5101,Feralgød,tichondrius,384,druid,feral,12,4,8
5102,Freshzk,azralon,384,druid,feral,12,4,8
5103,Alaillais,moon-guard,384,druid,feral,12,4,8
5104,Pollykush,sargeras,384,druid,feral,12,4,8
5105,Lycanjungle,azralon,384,druid,feral,12,4,8
5106,Auxl,tichondrius,384,druid,feral,12,4,8
5107,Weeñor,tichondrius,384,druid,feral,12,4,8
5108,Quiziato,burning-legion,384,druid,feral,12,4,8
5109,Kajla,sargeras,384,druid,feral,12,4,8
5110,Sellîas,senjin,384,druid,feral,12,4,8
5111,Carlosd,tichondrius,384,druid,feral,12,4,8
5112,Ewok,vashj,384,druid,feral,12,4,8
5113,Toetoetoete,darrowmere,384,druid,feral,12,4,8
5114,Pretzle,kelthuzad,384,druid,feral,12,4,8
5115,Bearlylegalz,kelthuzad,384,druid,feral,12,4,8
5116,Pereréka,azralon,384,druid,feral,14,4,10
5117,Ráhilk,quelthalas,384,druid,feral,18,4,14
5118,Houseboat,hellscream,384,druid,feral,18,4,14
5119,Startalons,area-52,384,druid,feral,18,4,14
5120,Berall,bleeding-hollow,383,druid,feral,6,4,2
5121,Jamesbailey,sargeras,383,druid,feral,12,4,8
5122,Bramth,quelthalas,383,druid,feral,12,4,8
5123,Porrosman,quelthalas,383,druid,feral,12,4,8
5124,Shoboski,quelthalas,383,druid,feral,12,4,8
5125,Topguncarl,illidan,383,druid,feral,12,4,8
5126,Sansao,sargeras,383,druid,feral,12,4,8
5127,Mfgs,kelthuzad,383,druid,feral,12,4,8
5128,Mogli,perenolde,383,druid,feral,30,4,26
5129,Jabiso,smolderthorn,382,druid,feral,12,4,8
5130,Ssimbaa,area-52,382,druid,feral,12,4,8
5131,Dalinaìr,moon-guard,382,druid,feral,12,4,8
5132,Eightyhd,ravencrest,351,druid,feral,11,4,7
5133,Defku,quelthalas,330,druid,feral,28,6,22
5134,Ogversaucey,skullcrusher,288,druid,feral,6,3,3
5135,Dairycream,skullcrusher,288,druid,feral,6,3,3
5136,Ysero,area-52,288,druid,feral,6,3,3
5137,Yseraspawn,kelthuzad,288,druid,feral,6,3,3
5138,Purrfact,frostmourne,288,druid,feral,6,3,3
5139,Kurokyy,frostmourne,288,druid,feral,6,3,3
5140,Uag,emerald-dream,288,druid,feral,6,3,3
5141,Bubbleshiftz,area-52,288,druid,feral,6,3,3
5142,Shalaz,magtheridon,288,druid,feral,6,3,3
5143,Owlcapwn,stormreaver,288,druid,feral,6,3,3
5144,Bootayclappa,sargeras,288,druid,feral,6,3,3
5145,Arienne,kelthuzad,288,druid,feral,6,3,3
5146,Griefs,emerald-dream,288,druid,feral,6,3,3
5147,Pabag,chogall,288,druid,feral,6,3,3
5148,Thecolortwoo,tichondrius,288,druid,feral,6,3,3
5149,Celetra,kiljaeden,288,druid,feral,6,3,3
5150,Worgbearpig,destromath,288,druid,feral,6,3,3
5151,Ripx,khadgar,288,druid,feral,6,3,3
5152,Neksir,ragnaros,288,druid,feral,6,3,3
5153,Deadlykept,ragnaros,288,druid,feral,6,3,3
5154,Posmard,ragnaros,288,druid,feral,6,3,3
5155,Deaddpool,ragnaros,288,druid,feral,6,3,3
5156,Katatafish,azralon,288,druid,feral,6,3,3
5157,Øvernight,azralon,288,druid,feral,6,3,3
5158,Yesqt,dalaran,288,druid,feral,6,3,3
5159,Destrez,ragnaros,288,druid,feral,6,3,3
5160,Riverthorne,moon-guard,288,druid,feral,6,3,3
5161,Rígél,ragnaros,288,druid,feral,6,3,3
5162,Meowzedon,sargeras,288,druid,feral,6,3,3
5163,Zadayos,aerie-peak,288,druid,feral,6,3,3
5164,Espoir,azuremyst,288,druid,feral,6,3,3
5165,Nichodameus,firetree,288,druid,feral,6,3,3
5166,Hitchslaps,tichondrius,288,druid,feral,6,3,3
5167,Parallax,shadowsong,288,druid,feral,6,3,3
5168,Rotclaws,stormrage,288,druid,feral,6,3,3
5169,Datlogan,tichondrius,288,druid,feral,6,3,3
5170,Steakjr,senjin,288,druid,feral,6,3,3
5171,Jeperty,tichondrius,288,druid,feral,6,3,3
5172,Rairven,stormrage,288,druid,feral,6,3,3
5173,Frrest,proudmoore,288,druid,feral,6,3,3
5174,Chopleaf,khadgar,288,druid,feral,6,3,3
5175,Ahhpalu,tichondrius,288,druid,feral,6,3,3
5176,Opconvoke,illidan,288,druid,feral,6,3,3
5177,Nofeets,azshara,288,druid,feral,6,3,3
5178,Plantdaddy,bladefist,288,druid,feral,6,3,3
5179,Elythria,hellscream,288,druid,feral,6,3,3
5180,Tasselhoof,hyjal,288,druid,feral,6,3,3
5181,Hyldru,stormrage,288,druid,feral,6,3,3
5182,Bigskeeve,sargeras,288,druid,feral,6,3,3
5183,Riddickd,malfurion,288,druid,feral,6,3,3
5184,Lilrichdmg,sargeras,288,druid,feral,6,3,3
5185,Zalmo,area-52,288,druid,feral,9,4,5
5186,Lovemakitty,sargeras,288,druid,feral,12,3,9
5187,Tchallå,tichondrius,288,druid,feral,12,3,9
5188,Tenedoors,ragnaros,288,druid,feral,12,3,9
5189,Hídde,quelthalas,288,druid,feral,12,3,9
5190,Rivetrix,azralon,288,druid,feral,12,3,9
5191,Peppapig,mugthol,288,druid,feral,12,3,9
5192,Oo,grizzly-hills,288,druid,feral,12,3,9
5193,Maplêleaf,moon-guard,288,druid,feral,12,3,9
5194,Vorare,tichondrius,288,druid,feral,12,3,9
5195,Flayx,frostmourne,288,druid,feral,12,3,9
5196,Drailyo,ravenholdt,288,druid,feral,12,3,9
5197,Näna,dalaran,288,druid,feral,12,3,9
5198,Lilnippy,stormscale,288,druid,feral,12,3,9
5199,Uniquex,zuljin,288,druid,feral,12,3,9
5200,Garuharken,skullcrusher,288,druid,feral,12,3,9
5201,Solstice,frostmourne,288,druid,feral,12,3,9
5202,Flushi,nagrand,288,druid,feral,12,3,9
5203,Catorcow,aegwynn,288,druid,feral,13,3,10
5204,Iamthewambo,bloodhoof,288,druid,feral,30,3,27
5205,Extremeshift,dalaran,287,druid,feral,8,4,4
5206,Rawrii,nemesis,287,druid,feral,6,3,3
5207,Kurodash,tichondrius,287,druid,feral,6,3,3
5208,Slymar,darkspear,287,druid,feral,6,3,3
5209,Absoles,agamaggan,287,druid,feral,12,3,9
5210,Schwiftea,skullcrusher,287,druid,feral,12,3,9
5211,Psychosis,kul-tiras,285,druid,feral,12,3,9
5212,Punderful,stormrage,254,druid,feral,10,4,6
5213,Trippykitty,tichondrius,240,druid,feral,9,3,6
5214,Yámï,stormrage,239,druid,feral,5,3,2
5215,Worldly,medivh,223,druid,feral,14,3,11
5216,Rosalba,zuljin,221,druid,feral,29,8,21
5217,Ebrìthil,hyjal,208,druid,feral,7,3,4
5218,Puiltraxs,ragnaros,192,druid,feral,4,3,1
5219,Feraldudu,illidan,192,druid,feral,4,3,1
5220,Shiftdeznutz,tichondrius,192,druid,feral,6,2,4
5221,Unclebolty,frostmourne,192,druid,feral,6,2,4
5222,Klawzy,thrall,192,druid,feral,6,2,4
5223,Yakir,kiljaeden,192,druid,feral,6,2,4
5224,Aethorax,hyjal,192,druid,feral,6,2,4
5225,Samsaralol,tichondrius,192,druid,feral,6,2,4
5226,Augus,hyjal,192,druid,feral,6,2,4
5227,Ikova,frostmourne,192,druid,feral,6,2,4
5228,Geno,cenarius,192,druid,feral,6,2,4
5229,Kanadae,thrall,192,druid,feral,6,2,4
5230,Illr,laughing-skull,192,druid,feral,6,2,4
5231,Dawsonxo,proudmoore,192,druid,feral,6,2,4
5232,Manwool,illidan,192,druid,feral,6,2,4
5233,Shiftwork,korgath,192,druid,feral,6,2,4
5234,Asmondruud,tichondrius,192,druid,feral,6,2,4
5235,Stolenrims,tichondrius,192,druid,feral,6,2,4
5236,Zascat,malganis,192,druid,feral,6,2,4
5237,Metaldruid,tichondrius,192,druid,feral,6,2,4
5238,Kurakai,runetotem,192,druid,feral,6,2,4
5239,Loserceo,stormrage,192,druid,feral,6,2,4
5240,Onewitnature,nordrassil,192,druid,feral,6,2,4
5241,Aurajin,spinebreaker,192,druid,feral,6,2,4
5242,Bullbuddy,wyrmrest-accord,192,druid,feral,6,2,4
5243,Bernoboy,kelthuzad,192,druid,feral,6,2,4
5244,Imass,draka,192,druid,feral,6,2,4
5245,Karpin,area-52,192,druid,feral,6,2,4
5246,Catmóm,tichondrius,192,druid,feral,6,2,4
5247,Taztoc,stormrage,192,druid,feral,6,2,4
5248,Prosperz,dalaran,192,druid,feral,6,2,4
5249,Tootiebootie,bleeding-hollow,192,druid,feral,6,2,4
5250,Hännibal,hydraxis,192,druid,feral,6,2,4
5251,Dankbite,doomhammer,192,druid,feral,6,2,4
5252,Barrah,barthilas,192,druid,feral,6,2,4
5253,Haegur,tichondrius,192,druid,feral,6,2,4
5254,Bronaarr,nordrassil,192,druid,feral,6,2,4
5255,Numbkin,stormrage,192,druid,feral,6,2,4
5256,Atreis,malganis,192,druid,feral,6,2,4
5257,Eliaris,rivendare,192,druid,feral,6,2,4
5258,Strixferal,zuljin,192,druid,feral,6,2,4
5259,Kikothecat,burning-blade,192,druid,feral,6,2,4
5260,Madador,bleeding-hollow,192,druid,feral,6,2,4
5261,Taiga,moon-guard,192,druid,feral,6,2,4
5262,Qouro,area-52,192,druid,feral,6,2,4
5263,Dreadonly,tichondrius,192,druid,feral,6,2,4
5264,Snupy,area-52,192,druid,feral,6,2,4
5265,Vivinara,moon-guard,192,druid,feral,6,2,4
5266,Omgapuddycat,stormrage,192,druid,feral,6,2,4
5267,Owd,tichondrius,192,druid,feral,6,2,4
5268,Milezy,area-52,192,druid,feral,6,2,4
5269,Athious,moon-guard,192,druid,feral,6,2,4
5270,Binjuicex,frostmourne,192,druid,feral,6,2,4
5271,Sosorry,blackhand,192,druid,feral,6,2,4
5272,Corym,frostmourne,192,druid,feral,6,2,4
5273,Bdsurges,illidan,192,druid,feral,6,2,4
5274,Uphine,area-52,192,druid,feral,6,2,4
5275,Theliono,lightnings-blade,192,druid,feral,6,2,4
5276,Nabious,malganis,192,druid,feral,6,2,4
5277,Varietypack,antonidas,192,druid,feral,6,2,4
5278,Handolar,quelthalas,192,druid,feral,6,2,4
5279,Veryhighrn,area-52,192,druid,feral,6,2,4
5280,Lavanca,azralon,192,druid,feral,6,2,4
5281,Fieryferal,kargath,192,druid,feral,6,2,4
5282,Apothe,emerald-dream,192,druid,feral,6,2,4
5283,Pawblems,sargeras,192,druid,feral,6,2,4
5284,Wreckked,sargeras,192,druid,feral,6,2,4
5285,Evolute,sargeras,192,druid,feral,6,2,4
5286,Katskratch,sargeras,192,druid,feral,6,2,4
5287,Happyc,bleeding-hollow,192,druid,feral,12,2,10
5288,Faroo,azralon,192,druid,feral,12,2,10
5289,Seyala,moon-guard,192,druid,feral,12,2,10
5290,Codieneme,blades-edge,192,druid,feral,12,2,10
5291,Nerfdemo,kiljaeden,192,druid,feral,12,2,10
5292,Pawz,windrunner,192,druid,feral,12,2,10
5293,Envasions,emerald-dream,192,druid,feral,12,2,10
5294,Drabo,boulderfist,192,druid,feral,12,2,10
5295,Shiftyounot,shattered-hand,192,druid,feral,12,2,10
5296,Ymirgore,zuljin,192,druid,feral,12,2,10
5297,Meudayr,crushridge,192,druid,feral,12,2,10
5298,Shadedmika,zuljin,192,druid,feral,12,2,10
5299,Igneël,ragnaros,192,druid,feral,12,2,10
5300,Àcid,stormreaver,192,druid,feral,12,2,10
5301,Boomanon,illidan,191,druid,feral,6,2,4
5302,Liightbite,illidan,191,druid,feral,12,2,10
5303,Feralhearted,tichondrius,175,druid,feral,11,2,9
5304,Dullbozer,thrall,159,druid,feral,5,2,3
5305,Jdoozie,bleeding-hollow,159,druid,feral,5,2,3
5306,Bowbaggins,bleeding-hollow,159,druid,feral,5,2,3
5307,Jihadibleeds,stormrage,138,druid,feral,7,3,4
5308,Kipsmiffly,darkspear,128,druid,feral,4,2,2
5309,Mawnster,drenden,96,druid,feral,3,2,1
5310,Acórn,frostmourne,96,druid,feral,6,1,5
5311,Ärianagrande,stormrage,96,druid,feral,6,1,5
5312,Polyproof,emerald-dream,96,druid,feral,6,1,5
5313,Poppynoff,barthilas,96,druid,feral,6,1,5
5314,Asaptom,frostmourne,96,druid,feral,6,1,5
5315,Ilikedôggy,saurfang,96,druid,feral,6,1,5
5316,Kî,thunderlord,96,druid,feral,6,1,5
5317,Valdr,stormrage,96,druid,feral,6,1,5
5318,Swippy,blackhand,96,druid,feral,6,1,5
5319,Importedalc,zuljin,96,druid,feral,6,1,5
5320,Jawsbee,emerald-dream,96,druid,feral,6,1,5
5321,Krawnk,zuljin,96,druid,feral,6,1,5
5322,Lakroz,zuljin,96,druid,feral,6,1,5
5323,Dééz,illidan,96,druid,feral,6,1,5
5324,Ghostboy,zuljin,96,druid,feral,6,1,5
5325,Wreckingcrew,emerald-dream,96,druid,feral,6,1,5
5326,Fortunecat,illidan,96,druid,feral,6,1,5
5327,Hynz,barthilas,96,druid,feral,6,1,5
5328,Aigo,azralon,96,druid,feral,6,1,5
5329,Naztekk,dalaran,96,druid,feral,6,1,5
5330,Raigor,azralon,96,druid,feral,6,1,5
5331,Thebigcat,deathwing,96,druid,feral,6,1,5
5332,Frëýá,bleeding-hollow,96,druid,feral,6,1,5
5333,Purpyo,bleeding-hollow,96,druid,feral,6,1,5
5334,Ban,chogall,96,druid,feral,6,1,5
5335,Whiplash,deathwing,96,druid,feral,6,1,5
5336,Vernaar,laughing-skull,96,druid,feral,6,1,5
5337,Furrycon,ysera,96,druid,feral,6,1,5
5338,Glorp,blackwater-raiders,96,druid,feral,6,1,5
5339,Tuskdaddie,sargeras,96,druid,feral,6,1,5
5340,Édzar,area-52,96,druid,feral,6,1,5
5341,Crazypaddy,dark-iron,96,druid,feral,6,1,5
5342,Barnabie,black-dragonflight,96,druid,feral,6,1,5
5343,Ausbie,garona,96,druid,feral,6,1,5
5344,Bootzs,kelthuzad,96,druid,feral,6,1,5
5345,Aquahektik,malganis,96,druid,feral,6,1,5
5346,Chumdrumrum,malganis,96,druid,feral,6,1,5
5347,Feralhefty,stormrage,96,druid,feral,6,1,5
5348,Ashmíla,ragnaros,96,druid,feral,6,1,5
5349,Ticømia,stormrage,96,druid,feral,6,1,5
5350,Droody,earthen-ring,96,druid,feral,6,1,5
5351,Cattdog,tichondrius,96,druid,feral,6,1,5
5352,Healthy,auchindoun,96,druid,feral,6,1,5
5353,Nezrael,frostwolf,96,druid,feral,6,1,5
5354,Shlümp,tichondrius,96,druid,feral,6,1,5
5355,Crowaar,moon-guard,96,druid,feral,6,1,5
5356,Yungle,tichondrius,96,druid,feral,6,1,5
5357,Ojira,moon-guard,96,druid,feral,6,1,5
5358,Terminated,tichondrius,96,druid,feral,6,1,5
5359,Makonis,tichondrius,96,druid,feral,6,1,5
5360,Captclaws,tichondrius,96,druid,feral,6,1,5
5361,Pibily,sargeras,96,druid,feral,6,1,5
5362,Samedo,sargeras,96,druid,feral,6,1,5
5363,Morizo,proudmoore,96,druid,feral,6,1,5
5364,Alope,blades-edge,96,druid,feral,6,1,5
5365,Capson,darkspear,96,druid,feral,6,1,5
5366,Kollective,sargeras,96,druid,feral,6,1,5
5367,Gretatunberg,skywall,96,druid,feral,6,1,5
5368,Deelark,skywall,96,druid,feral,6,1,5
5369,Dotsgallore,garrosh,96,druid,feral,6,1,5
5370,Garcia,feathermoon,96,druid,feral,6,1,5
5371,Byefren,darkspear,96,druid,feral,7,1,6
5372,Habras,alterac-mountains,96,druid,feral,12,1,11
5373,Funfunfrank,aegwynn,96,druid,feral,12,1,11
5374,Grovestalker,nemesis,96,druid,feral,12,1,11
5375,Owlcapwn,tichondrius,96,druid,feral,12,1,11
5376,Weezydende,area-52,96,druid,feral,12,1,11
5377,Ballsnack,zuljin,96,druid,feral,12,1,11
5378,Lonewolfdrd,illidan,96,druid,feral,12,1,11
5379,Versipex,emerald-dream,96,druid,feral,12,1,11
5380,Rorhenn,moon-guard,96,druid,feral,12,1,11
5381,Furiøsä,quelthalas,95,druid,feral,6,1,5
5382,Zyila,garithos,79,druid,feral,5,1,4
5383,Gitsnshigles,frostmourne,79,druid,feral,5,1,4
5384,Pixyls,bleeding-hollow,48,druid,feral,3,1,2
5385,Chubakea,kiljaeden,48,druid,feral,3,1,2
5386,Wierdosaur,azralon,48,druid,feral,3,1,2
5387,Enderhero,illidan,42,druid,feral,14,2,12
5388,Ânhur,tichondrius,42,druid,feral,17,2,15
5389,Psynix,zuljin,16,druid,feral,1,1,0
5390,Laryfsherman,tichondrius,2324,druid,balance,83,54,29
5391,Fredagn,illidan,2306,druid,balance,90,55,35
5392,Legionsucks,tanaris,2300,druid,balance,132,76,56
5393,Jbz,balnazzar,2269,druid,balance,189,121,68
5394,Owl,shadowsong,2261,druid,balance,120,69,51
5395,Supatease,tichondrius,2253,druid,balance,117,67,50
5396,Cti,tichondrius,2204,druid,balance,59,42,17
5397,Tanerno,illidan,2201,druid,balance,108,65,43
5398,Theforeigner,arathor,2194,druid,balance,59,46,13
5399,Notes,farstriders,2187,druid,balance,104,54,50
5400,Flowerboï,azralon,2180,druid,balance,96,69,27
5401,Bkqtpie,tichondrius,2176,druid,balance,106,59,47
5402,Flapz,illidan,2164,druid,balance,66,38,28
5403,Sonicphantom,kelthuzad,2149,druid,balance,66,48,18
5404,Pushpop,frostmourne,2140,druid,balance,78,50,28
5405,Impëria,quelthalas,2137,druid,balance,89,58,31
5406,Mewfasa,duskwood,2135,druid,balance,147,94,53
5407,Houli,tichondrius,2134,druid,balance,96,50,46
5408,Peterßigßeam,malganis,2131,druid,balance,88,47,41
5409,Nbadizzyboy,illidan,2130,druid,balance,53,43,10
5410,Kidcudi,dentarg,2128,druid,balance,192,99,93
5411,Xijînping,tichondrius,2125,druid,balance,69,41,28
5412,Dízzen,bleeding-hollow,2120,druid,balance,90,57,33
5413,Tranquilo,stormrage,2118,druid,balance,114,69,45
5414,Brose,malganis,2115,druid,balance,66,43,23
5415,Hayase,tichondrius,2113,druid,balance,96,60,36
5416,Altoberano,azralon,2111,druid,balance,89,49,40
5417,Fergh,tichondrius,2109,druid,balance,83,45,38
5418,Gritzxv,stormrage,2105,druid,balance,83,48,35
5419,Sqwippyd,tichondrius,2102,druid,balance,78,49,29
5420,Trusyrusty,stormrage,2096,druid,balance,133,74,59
5421,Gspx,dalaran,2089,druid,balance,60,33,27
5422,Smëagol,zuljin,2078,druid,balance,66,38,28
5423,Boomçhicken,tichondrius,2078,druid,balance,70,39,31
5424,Soggykfc,illidan,2078,druid,balance,140,76,64
5425,Gugukuaipao,tichondrius,2078,druid,balance,137,71,66
5426,Lavlol,frostmourne,2059,druid,balance,251,135,116
5427,Nokomanida,zuljin,2053,druid,balance,75,48,27
5428,Ertuzi,tichondrius,2052,druid,balance,114,68,46
5429,Balancex,tichondrius,2049,druid,balance,120,58,62
5430,Solareclipse,tichondrius,2041,druid,balance,66,39,27
5431,Bigdiablo,frostmourne,2040,druid,balance,159,87,72
5432,Fhormations,area-52,2038,druid,balance,102,61,41
5433,Flatass,cairne,2029,druid,balance,116,71,45
5434,Houlix,stormrage,2029,druid,balance,140,68,72
5435,Lgpepperoni,tichondrius,2020,druid,balance,54,47,7
5436,Biophilic,moon-guard,2020,druid,balance,94,48,46
5437,Omends,thrall,2017,druid,balance,122,66,56
5438,Compléx,tichondrius,2016,druid,balance,78,41,37
5439,Soulz,quelthalas,2012,druid,balance,72,43,29
5440,Astraldank,tichondrius,2008,druid,balance,118,71,47
5441,Murkeÿ,frostmourne,2004,druid,balance,108,50,58
5442,Lazygaga,zuljin,2002,druid,balance,99,54,45
5443,Snöwghost,aerie-peak,2000,druid,balance,227,118,109
5444,Lazershartz,cenarion-circle,1992,druid,balance,72,36,36
5445,Zneb,darkspear,1987,druid,balance,36,29,7
5446,Dogwáter,tichondrius,1984,druid,balance,40,29,11
5447,Tòmathy,tichondrius,1982,druid,balance,65,38,27
5448,Fracxx,area-52,1981,druid,balance,30,21,9
5449,Murruk,darkspear,1972,druid,balance,153,84,69
5450,Riskies,tichondrius,1971,druid,balance,204,104,100
5451,Wnxmomthicc,tichondrius,1970,druid,balance,42,29,13
5452,Jimmypop,malganis,1970,druid,balance,115,71,44
5453,Babekisser,stormrage,1966,druid,balance,101,65,36
5454,Treirus,sargeras,1965,druid,balance,82,64,18
5455,Pisces,emerald-dream,1961,druid,balance,68,40,28
5456,Pønchø,quelthalas,1960,druid,balance,56,33,23
5457,Daspdruid,nagrand,1957,druid,balance,212,109,103
5458,Vertderferk,tichondrius,1954,druid,balance,68,40,28
5459,Ezgamed,tichondrius,1950,druid,balance,69,46,23
5460,Enøsh,tichondrius,1949,druid,balance,72,42,30
5461,Spamclonewin,tichondrius,1942,druid,balance,111,67,44
5462,Basedcatx,tichondrius,1940,druid,balance,82,52,30
5463,Thugrose,blackrock,1938,druid,balance,48,25,23
5464,Sebastian,tichondrius,1937,druid,balance,59,36,23
5465,Toughshift,zuljin,1936,druid,balance,66,28,38
5466,John,azralon,1930,druid,balance,120,56,64
5467,Cultnelf,illidan,1929,druid,balance,107,56,51
5468,Psychotycxd,tichondrius,1928,druid,balance,114,65,49
5469,Jakob,arygos,1925,druid,balance,144,83,61
5470,Lovemakitty,sargeras,1922,druid,balance,78,46,32
5471,Komacine,emerald-dream,1919,druid,balance,361,199,162
5472,Starfail,illidan,1917,druid,balance,54,27,27
5473,Bubalolz,quelthalas,1914,druid,balance,191,101,90
5474,Herpadruid,illidan,1912,druid,balance,102,48,54
5475,Acdru,tichondrius,1911,druid,balance,67,37,30
5476,Ztraws,tichondrius,1908,druid,balance,70,46,24
5477,Dilondru,area-52,1906,druid,balance,117,70,47
5478,Beefnudlsoup,tichondrius,1906,druid,balance,66,39,27
5479,Vengex,sargeras,1904,druid,balance,48,30,18
5480,Hxzard,dalaran,1904,druid,balance,116,66,50
5481,Hessenmèow,tichondrius,1901,druid,balance,66,33,33
5482,Jayelljaÿ,thrall,1899,druid,balance,129,78,51
5483,Knotgiver,moon-guard,1899,druid,balance,52,31,21
5484,Vernaar,laughing-skull,1888,druid,balance,84,47,37
5485,Oakwalker,moon-guard,1888,druid,balance,96,52,44
5486,Druidstin,tichondrius,1883,druid,balance,66,33,33
5487,Hefkerd,tichondrius,1881,druid,balance,30,20,10
5488,Lazersnewch,kelthuzad,1877,druid,balance,60,35,25
5489,Boomkek,wyrmrest-accord,1873,druid,balance,42,30,12
5490,Möshinòõb,proudmoore,1865,druid,balance,58,40,18
5491,Sarvi,zuljin,1864,druid,balance,33,24,9
5492,Elythria,hellscream,1863,druid,balance,30,26,4
5493,Petruccius,nordrassil,1863,druid,balance,178,94,84
5494,Vuru,azralon,1860,druid,balance,41,29,12
5495,Wereocelot,firetree,1857,druid,balance,96,58,38
5496,Lilbeam,sargeras,1855,druid,balance,42,27,15
5497,Foekinghobo,sargeras,1855,druid,balance,126,69,57
5498,Thundoon,tichondrius,1854,druid,balance,36,23,13
5499,Hogd,illidan,1854,druid,balance,60,35,25
5500,Rizzit,wyrmrest-accord,1852,druid,balance,58,32,26
5501,Johnieboy,azralon,1850,druid,balance,45,32,13
5502,Pennytrate,barthilas,1847,druid,balance,66,44,22
5503,Swaggu,kelthuzad,1847,druid,balance,72,44,28
5504,Geezbutt,tichondrius,1846,druid,balance,139,70,69
5505,Laser,bonechewer,1844,druid,balance,42,27,15
5506,Bentøbøx,barthilas,1841,druid,balance,47,27,20
5507,Gèb,dalaran,1835,druid,balance,116,71,45
5508,Elunegoddess,tichondrius,1834,druid,balance,46,27,19
5509,Moonflora,stormrage,1833,druid,balance,129,73,56
5510,Sawsaw,bleeding-hollow,1832,druid,balance,74,42,32
5511,Ilovediegoxo,kelthuzad,1830,druid,balance,48,32,16
5512,Hydrahl,thrall,1830,druid,balance,42,28,14
5513,Deloria,nemesis,1829,druid,balance,42,25,17
5514,Dontnerfmore,queldorei,1829,druid,balance,66,31,35
5515,Moozzash,azralon,1828,druid,balance,54,32,22
5516,Chernovax,kelthuzad,1828,druid,balance,87,47,40
5517,Equinøxx,malganis,1827,druid,balance,47,30,17
5518,Dorlingus,tichondrius,1825,druid,balance,42,28,14
5519,Ericzzdd,tichondrius,1823,druid,balance,54,40,14
5520,Poliage,moon-guard,1823,druid,balance,125,73,52
5521,Clonemunster,frostmourne,1821,druid,balance,66,38,28
5522,Lunalai,bloodhoof,1820,druid,balance,96,55,41
5523,Sueycide,tichondrius,1819,druid,balance,71,34,37
5524,Dipii,proudmoore,1818,druid,balance,30,22,8
5525,Resorange,malganis,1818,druid,balance,48,29,19
5526,Rìniroo,area-52,1816,druid,balance,48,30,18
5527,Xenny,chogall,1815,druid,balance,48,34,14
5528,Raïsin,moon-guard,1814,druid,balance,45,26,19
5529,Jacusias,stormrage,1814,druid,balance,188,102,86
5530,Animatronixz,area-52,1813,druid,balance,66,34,32
5531,Keylae,sargeras,1812,druid,balance,86,46,40
5532,Drugdoer,tichondrius,1811,druid,balance,106,64,42
5533,Thottiie,hyjal,1811,druid,balance,60,36,24
5534,Boyoboy,thrall,1810,druid,balance,24,19,5
5535,Moonkay,tichondrius,1810,druid,balance,42,26,16
5536,Spacedruidx,illidan,1810,druid,balance,78,45,33
5537,Instar,tichondrius,1810,druid,balance,36,19,17
5538,Bables,tichondrius,1809,druid,balance,54,35,19
5539,Drcuy,ragnaros,1809,druid,balance,98,56,42
5540,Cocainebeär,tichondrius,1808,druid,balance,54,30,24
5541,Dustydrx,area-52,1806,druid,balance,56,34,22
5542,Zeromoon,frostmourne,1806,druid,balance,59,29,30
5543,Harukai,azralon,1805,druid,balance,114,67,47
5544,Formhub,malganis,1805,druid,balance,78,38,40
5545,Starbränd,azralon,1803,druid,balance,60,38,22
5546,Halenson,illidan,1803,druid,balance,46,29,17
5547,Youngtree,tichondrius,1803,druid,balance,33,20,13
5548,Itachi,dragonmaw,1803,druid,balance,65,38,27
5549,Vengexd,sargeras,1802,druid,balance,24,19,5
5550,Mythleaf,ragnaros,1802,druid,balance,120,70,50
5551,Jaxer,illidan,1801,druid,balance,99,64,35
5552,Buffjungle,tichondrius,1801,druid,balance,36,20,16
5553,Treeheehee,frostmourne,1798,druid,balance,57,44,13
5554,Cousa,zuljin,1797,druid,balance,64,39,25
5555,Metroboomy,magtheridon,1795,druid,balance,68,40,28
5556,Lekick,tichondrius,1795,druid,balance,66,36,30
5557,Suen,tichondrius,1793,druid,balance,42,29,13
5558,Chal,illidan,1791,druid,balance,53,32,21
5559,Etherêal,stormrage,1791,druid,balance,84,46,38
5560,Alpine,eldrethalas,1790,druid,balance,54,35,19
5561,Hypefull,tichondrius,1790,druid,balance,48,23,25
5562,Yepz,tichondrius,1786,druid,balance,51,27,24
5563,Dànkness,frostwolf,1784,druid,balance,36,23,13
5564,Weckxa,sargeras,1784,druid,balance,48,28,20
5565,Destromz,zuljin,1780,druid,balance,36,24,12
5566,Ataraxie,illidan,1780,druid,balance,78,47,31
5567,Swayjizz,tichondrius,1779,druid,balance,102,59,43
5568,Glazinator,sargeras,1779,druid,balance,154,77,77
5569,Dorizio,illidan,1775,druid,balance,30,19,11
5570,Orollå,tichondrius,1771,druid,balance,50,29,21
5571,Oungan,illidan,1771,druid,balance,98,56,42
5572,Çørrúptíøñzx,tichondrius,1770,druid,balance,36,25,11
5573,Sadboy,moon-guard,1769,druid,balance,119,63,56
5574,Boomybro,thrall,1768,druid,balance,140,84,56
5575,Zoteqt,kelthuzad,1767,druid,balance,115,62,53
5576,Dôcteurowl,zuljin,1767,druid,balance,47,25,22
5577,Olongjonsson,wyrmrest-accord,1766,druid,balance,36,19,17
5578,Lilkitty,tichondrius,1764,druid,balance,148,81,67
5579,Ailari,moon-guard,1763,druid,balance,79,46,33
5580,Maligoz,nemesis,1759,druid,balance,89,48,41
5581,Jojo,ysera,1759,druid,balance,89,47,42
5582,Sommerrays,kelthuzad,1753,druid,balance,54,27,27
5583,Dextructive,tichondrius,1753,druid,balance,106,52,54
5584,Byk,tichondrius,1751,druid,balance,72,37,35
5585,Deviperdruid,frostmourne,1748,druid,balance,51,35,16
5586,Droodaphobé,sargeras,1745,druid,balance,53,32,21
5587,Fleasy,wyrmrest-accord,1744,druid,balance,68,41,27
5588,Owlyfans,frostmourne,1741,druid,balance,42,25,17
5589,Readt,malganis,1738,druid,balance,198,108,90
5590,Ebrìthil,hyjal,1737,druid,balance,54,27,27
5591,Nxf,sargeras,1734,druid,balance,35,21,14
5592,Druidwhat,stormrage,1734,druid,balance,153,81,72
5593,Form,bleeding-hollow,1732,druid,balance,72,42,30
5594,Daddyshift,proudmoore,1731,druid,balance,62,35,27
5595,Exxh,tichondrius,1729,druid,balance,34,26,8
5596,Nyloke,kelthuzad,1729,druid,balance,66,44,22
5597,Scene,frostmourne,1729,druid,balance,71,40,31
5598,Druidk,tichondrius,1728,druid,balance,60,28,32
5599,Cobal,goldrinn,1727,druid,balance,419,216,203
5600,Trapdoorboom,illidan,1726,druid,balance,96,51,45
5601,Bunnykiss,tichondrius,1726,druid,balance,64,30,34
5602,Faerie,kaelthas,1724,druid,balance,64,36,28
5603,Naakx,tichondrius,1722,druid,balance,52,30,22
5604,Megadruidx,stormrage,1721,druid,balance,39,25,14
5605,Wecksox,area-52,1721,druid,balance,246,119,127
5606,Xantastic,area-52,1719,druid,balance,42,24,18
5607,Bobthehefty,area-52,1718,druid,balance,36,24,12
5608,Swiftydel,frostmourne,1718,druid,balance,42,27,15
5609,Starsucceed,illidan,1718,druid,balance,42,21,21
5610,Jaseyxxl,area-52,1715,druid,balance,28,23,5
5611,Convokeopp,tichondrius,1713,druid,balance,24,21,3
5612,Cjæ,bleeding-hollow,1713,druid,balance,24,18,6
5613,Líu,area-52,1705,druid,balance,90,55,35
5614,Kyura,sargeras,1705,druid,balance,130,62,68
5615,Starcastic,tichondrius,1704,druid,balance,66,41,25
5616,Melloj,kelthuzad,1704,druid,balance,54,31,23
5617,Catpoop,frostmourne,1703,druid,balance,36,26,10
5618,Trapkin,tichondrius,1703,druid,balance,137,89,48
5619,Mädnhairy,zuljin,1703,druid,balance,45,28,17
5620,Showmanship,tichondrius,1703,druid,balance,75,45,30
5621,Beamed,thrall,1702,druid,balance,24,18,6
5622,Davione,tichondrius,1702,druid,balance,46,28,18
5623,Rerob,aerie-peak,1702,druid,balance,50,26,24
5624,Souress,shadowsong,1700,druid,balance,36,23,13
5625,Staystrongox,tichondrius,1700,druid,balance,58,35,23
5626,Kletys,azralon,1700,druid,balance,59,34,25
5627,Kamero,tichondrius,1697,druid,balance,45,26,19
5628,Tunaren,wyrmrest-accord,1696,druid,balance,42,21,21
5629,Angryjo,tichondrius,1695,druid,balance,40,24,16
5630,Bathrobe,bloodscalp,1695,druid,balance,42,23,19
5631,Raquelitá,ragnaros,1694,druid,balance,28,19,9
5632,Cynhawts,emerald-dream,1692,druid,balance,36,20,16
5633,Sibby,barthilas,1691,druid,balance,90,48,42
5634,Ilovediego,stormrage,1689,druid,balance,30,18,12
5635,Giantpanther,tichondrius,1689,druid,balance,42,24,18
5636,Bloomqt,tichondrius,1688,druid,balance,90,54,36
5637,Pipiwiwi,stormrage,1688,druid,balance,87,48,39
5638,Meowkit,blackrock,1687,druid,balance,30,22,8
5639,Fifty,ragnaros,1687,druid,balance,36,23,13
5640,Aule,frostmourne,1687,druid,balance,36,18,18
5641,Nophysique,zuljin,1686,druid,balance,76,43,33
5642,Spinach,moon-guard,1686,druid,balance,104,53,51
5643,Mortqt,tichondrius,1685,druid,balance,42,23,19
5644,Chickenwings,ragnaros,1683,druid,balance,42,27,15
5645,Ghaal,tichondrius,1682,druid,balance,78,50,28
5646,Fìlø,bleeding-hollow,1682,druid,balance,146,89,57
5647,Gordzak,illidan,1682,druid,balance,78,42,36
5648,Roofty,illidan,1681,druid,balance,34,22,12
5649,Buckwhêât,illidan,1680,druid,balance,41,20,21
5650,Justsidious,sargeras,1679,druid,balance,30,23,7
5651,Kzinti,zuluhed,1679,druid,balance,85,41,44
5652,Cattdog,tichondrius,1678,druid,balance,49,34,15
5653,Ruthlessbro,sargeras,1677,druid,balance,85,45,40
5654,Pizzaparties,tichondrius,1676,druid,balance,35,28,7
5655,Haneulso,tichondrius,1676,druid,balance,152,90,62
5656,Ànìmàl,stormrage,1674,druid,balance,36,27,9
5657,Jemima,auchindoun,1673,druid,balance,106,63,43
5658,Cirranis,moon-guard,1671,druid,balance,63,41,22
5659,Halensen,illidan,1668,druid,balance,47,23,24
5660,Choosegoose,area-52,1667,druid,balance,26,19,7
5661,Wallower,malganis,1667,druid,balance,54,24,30
5662,Yipëë,moon-guard,1666,druid,balance,64,34,30
5663,Nickyü,ragnaros,1665,druid,balance,54,23,31
5664,Partybeast,malganis,1664,druid,balance,74,55,19
5665,Meatbender,frostmourne,1663,druid,balance,54,26,28
5666,Gumbawl,sargeras,1662,druid,balance,36,22,14
5667,Seilah,lightbringer,1660,druid,balance,36,20,16
5668,Locose,black-dragonflight,1658,druid,balance,30,19,11
5669,Foafoa,illidan,1657,druid,balance,31,19,12
5670,Bukkwild,stormrage,1656,druid,balance,33,28,5
5671,Pannaxx,tichondrius,1653,druid,balance,30,21,9
5672,Aull,kelthuzad,1653,druid,balance,36,19,17
5673,Roar,moon-guard,1652,druid,balance,45,31,14
5674,Renithen,trollbane,1652,druid,balance,42,28,14
5675,Înfamous,thrall,1652,druid,balance,36,24,12
5676,Starlyxo,malganis,1652,druid,balance,59,37,22
5677,Seyala,moon-guard,1652,druid,balance,142,77,65
5678,Druentia,tichondrius,1650,druid,balance,30,20,10
5679,Frames,area-52,1646,druid,balance,65,31,34
5680,Panansy,stormrage,1644,druid,balance,251,122,129
5681,Josepha,tichondrius,1643,druid,balance,30,20,10
5682,Wizdùm,frostmourne,1643,druid,balance,53,34,19
5683,Convokeula,tichondrius,1643,druid,balance,90,55,35
5684,Pils,nemesis,1643,druid,balance,112,66,46
5685,Pankecito,ragnaros,1643,druid,balance,52,30,22
5686,Partylord,malganis,1641,druid,balance,96,51,45
5687,Oppose,akama,1640,druid,balance,49,30,19
5688,Grapeful,frostmourne,1640,druid,balance,66,37,29
5689,Sweatypapa,tichondrius,1639,druid,balance,72,49,23
5690,Chøpstixs,bleeding-hollow,1639,druid,balance,48,28,20
5691,Snugglin,kelthuzad,1639,druid,balance,60,31,29
5692,Goochies,aerie-peak,1638,druid,balance,29,18,11
5693,Jillferal,proudmoore,1638,druid,balance,78,47,31
5694,Phurr,area-52,1638,druid,balance,42,22,20
5695,Killiamp,tichondrius,1636,druid,balance,41,27,14
5696,Brokenomega,area-52,1636,druid,balance,100,61,39
5697,Thamoonsbak,aggramar,1635,druid,balance,35,18,17
5698,Wasabilol,tichondrius,1634,druid,balance,61,37,24
5699,Blitzkreigtv,area-52,1633,druid,balance,36,23,13
5700,Moonrg,stormrage,1632,druid,balance,42,21,21
5701,Midnitetoker,hyjal,1631,druid,balance,48,25,23
5702,Lostnsauce,tichondrius,1630,druid,balance,48,36,12
5703,Kekepöp,illidan,1628,druid,balance,36,25,11
5704,Bearyhallsjr,sargeras,1627,druid,balance,24,17,7
5705,Dreamwalker,bleeding-hollow,1626,druid,balance,24,17,7
5706,Ablackdruid,moon-guard,1624,druid,balance,35,21,14
5707,Flappyjacks,elune,1624,druid,balance,42,22,20
5708,Khryllx,tichondrius,1623,druid,balance,30,20,10
5709,Moonra,malganis,1623,druid,balance,66,38,28
5710,Soonntkgo,ragnaros,1623,druid,balance,56,29,27
5711,Eseldra,area-52,1622,druid,balance,58,34,24
5712,Harryhotter,blackrock,1622,druid,balance,109,54,55
5713,Reàsons,stormrage,1622,druid,balance,60,27,33
5714,Jeanz,bonechewer,1621,druid,balance,30,21,9
5715,Realmehji,wyrmrest-accord,1619,druid,balance,30,23,7
5716,Mûû,tichondrius,1619,druid,balance,80,46,34
5717,Gatø,area-52,1619,druid,balance,90,42,48
5718,Bolthor,wyrmrest-accord,1618,druid,balance,43,22,21
5719,Cyclone,darkspear,1618,druid,balance,36,17,19
5720,Wildslash,proudmoore,1617,druid,balance,75,37,38
5721,Yazmawma,tichondrius,1616,druid,balance,30,18,12
5722,Mastabtw,illidan,1616,druid,balance,30,17,13
5723,Treeshift,tichondrius,1615,druid,balance,53,32,21
5724,Scurse,tichondrius,1615,druid,balance,42,24,18
5725,Nasuu,bleeding-hollow,1613,druid,balance,54,35,19
5726,Auras,kelthuzad,1612,druid,balance,120,73,47
5727,Duglas,illidan,1612,druid,balance,91,55,36
5728,Ellguin,malganis,1611,druid,balance,60,44,16
5729,Skeevz,darkspear,1611,druid,balance,32,20,12
5730,Gwiffurry,tichondrius,1611,druid,balance,42,24,18
5731,Burninmoon,tichondrius,1611,druid,balance,30,17,13
5732,Judar,barthilas,1610,druid,balance,48,21,27
5733,Pänzerkin,sargeras,1609,druid,balance,30,21,9
5734,Alaillais,moon-guard,1609,druid,balance,48,28,20
5735,Canek,ghostlands,1609,druid,balance,107,62,45
5736,Boys,bleeding-hollow,1606,druid,balance,42,24,18
5737,Braviel,stormrage,1605,druid,balance,54,32,22
5738,Djsummer,tichondrius,1605,druid,balance,107,56,51
5739,Wòót,stormreaver,1604,druid,balance,60,42,18
5740,Lyshani,thrall,1604,druid,balance,46,27,19
5741,Softkiller,chogall,1603,druid,balance,36,23,13
5742,Anchunlol,tichondrius,1603,druid,balance,36,19,17
5743,Ehleven,tichondrius,1602,druid,balance,36,23,13
5744,Krispz,area-52,1602,druid,balance,35,18,17
5745,Haohomie,tichondrius,1601,druid,balance,30,21,9
5746,Coldkill,burning-legion,1600,druid,balance,30,17,13
5747,Brodda,sargeras,1600,druid,balance,194,101,93
5748,Doomdawn,sargeras,1600,druid,balance,83,41,42
5749,Boomchickens,area-52,1598,druid,balance,54,28,26
5750,Stellar,steamwheedle-cartel,1597,druid,balance,24,19,5
5751,Catworm,sargeras,1596,druid,balance,30,19,11
5752,Odirtytshirt,malganis,1595,druid,balance,55,27,28
5753,Skurts,tichondrius,1594,druid,balance,39,25,14
5754,Soupbeandru,zuljin,1593,druid,balance,48,28,20
5755,Kittycleave,tichondrius,1591,druid,balance,24,17,7
5756,Sodapooping,azjolnerub,1588,druid,balance,90,55,35
5757,Niroxic,frostmourne,1588,druid,balance,36,22,14
5758,Lewïs,stormrage,1588,druid,balance,54,29,25
5759,Davo,tichondrius,1587,druid,balance,42,27,15
5760,Aethisra,moon-guard,1587,druid,balance,101,58,43
5761,Beamrooster,silvermoon,1586,druid,balance,36,23,13
5762,Seyedo,sargeras,1586,druid,balance,47,29,18
5763,Korbö,zuljin,1585,druid,balance,30,18,12
5764,Thespían,tichondrius,1584,druid,balance,321,170,151
5765,Verbz,arthas,1584,druid,balance,48,21,27
5766,Yoglosmas,tichondrius,1582,druid,balance,24,19,5
5767,Chedisdru,mugthol,1582,druid,balance,30,20,10
5768,Glickbear,illidan,1582,druid,balance,36,18,18
5769,Shîfty,ysondre,1580,druid,balance,65,35,30
5770,Krahz,lightnings-blade,1580,druid,balance,265,136,129
5771,Animlcracker,emerald-dream,1579,druid,balance,30,21,9
5772,Druiddruid,daggerspine,1577,druid,balance,59,36,23
5773,Pawpurrazzi,darkspear,1574,druid,balance,30,19,11
5774,Sombrien,stormrage,1573,druid,balance,90,46,44
5775,Mõoõoõoõoõoõ,tichondrius,1573,druid,balance,36,18,18
5776,Surfingbird,tichondrius,1572,druid,balance,99,65,34
5777,Beretta,rexxar,1571,druid,balance,84,48,36
5778,Saltydru,illidan,1570,druid,balance,44,25,19
5779,Starsurgê,tichondrius,1569,druid,balance,66,42,24
5780,Venkin,gnomeregan,1566,druid,balance,96,47,49
5781,Ðøomkinz,azjolnerub,1565,druid,balance,36,23,13
5782,Atagoo,tichondrius,1565,druid,balance,174,91,83
5783,Inuyasha,sargeras,1564,druid,balance,41,24,17
5784,Swoopy,stormrage,1563,druid,balance,79,44,35
5785,Xiaoshuaigê,illidan,1562,druid,balance,30,18,12
5786,Jimrobloxttv,emerald-dream,1559,druid,balance,30,19,11
5787,Animaldoctor,illidan,1558,druid,balance,39,27,12
5788,Boõsty,bleeding-hollow,1558,druid,balance,30,17,13
5789,Polánd,area-52,1558,druid,balance,69,38,31
5790,Fancynut,kiljaeden,1558,druid,balance,42,19,23
5791,Cottonpaw,sargeras,1557,druid,balance,151,89,62
5792,Elyveen,proudmoore,1556,druid,balance,51,38,13
5793,Zesto,nazjatar,1555,druid,balance,24,17,7
5794,Furryswipe,proudmoore,1555,druid,balance,50,28,22
5795,Targareyen,sargeras,1555,druid,balance,47,20,27
5796,Syclonez,stormrage,1554,druid,balance,42,21,21
5797,Torrox,tichondrius,1553,druid,balance,105,59,46
5798,Drdrulittle,darkspear,1553,druid,balance,78,40,38
5799,Yehaw,bloodhoof,1552,druid,balance,36,24,12
5800,Darkombra,frostmourne,1552,druid,balance,60,28,32
5801,Nodadpullout,tichondrius,1550,druid,balance,30,17,13
5802,Lowkie,llane,1548,druid,balance,33,19,14
5803,Boome,blackrock,1544,druid,balance,60,33,27
5804,Clarice,shattered-halls,1544,druid,balance,87,44,43
5805,Còyot,stormrage,1544,druid,balance,44,20,24
5806,Hayop,illidan,1543,druid,balance,60,28,32
5807,Kg,cenarion-circle,1541,druid,balance,149,87,62
5808,Ihavehothots,kiljaeden,1540,druid,balance,38,26,12
5809,Zettka,tichondrius,1539,druid,balance,49,29,20
5810,Offthezaza,tichondrius,1538,druid,balance,70,37,33
5811,Montrá,stormrage,1537,druid,balance,84,38,46
5812,Hikoro,sargeras,1536,druid,balance,126,74,52
5813,Starsurgeon,thrall,1536,druid,balance,90,49,41
5814,Midoo,proudmoore,1535,druid,balance,44,22,22
5815,Umadornahh,malganis,1534,druid,balance,36,21,15
5816,Fironous,nerzhul,1532,druid,balance,36,20,16
5817,Gokki,zuljin,1531,druid,balance,47,33,14
5818,Hasteley,khadgar,1531,druid,balance,53,24,29
5819,November,wyrmrest-accord,1530,druid,balance,92,52,40
5820,Komaner,frostmourne,1529,druid,balance,36,16,20
5821,Brockolini,tichondrius,1528,druid,balance,82,44,38
5822,Lavanis,stormrage,1528,druid,balance,185,98,87
5823,Cauroth,azralon,1527,druid,balance,133,72,61
5824,Indicamicah,tichondrius,1526,druid,balance,36,20,16
5825,Cyeq,blackrock,1526,druid,balance,243,127,116
5826,Contrololol,hyjal,1525,druid,balance,36,17,19
5827,Bcup,sargeras,1524,druid,balance,30,16,14
5828,Âzn,tichondrius,1523,druid,balance,54,39,15
5829,Sweatydruidx,tichondrius,1523,druid,balance,24,16,8
5830,Smeepy,bleeding-hollow,1523,druid,balance,30,16,14
5831,Rayzer,bleeding-hollow,1523,druid,balance,96,50,46
5832,Aralix,zuljin,1520,druid,balance,45,25,20
5833,Raddosaurus,area-52,1520,druid,balance,65,33,32
5834,Druidlolwtf,area-52,1520,druid,balance,108,52,56
5835,Myeow,illidan,1520,druid,balance,74,35,39
5836,Milksquirts,thrall,1519,druid,balance,81,47,34
5837,Swooped,emerald-dream,1519,druid,balance,53,29,24
5838,Musha,tichondrius,1517,druid,balance,57,30,27
5839,Hagatta,stormrage,1517,druid,balance,151,77,74
5840,Skyde,sargeras,1517,druid,balance,36,17,19
5841,Faruu,tichondrius,1516,druid,balance,24,16,8
5842,Ghostowl,thrall,1516,druid,balance,66,42,24
5843,Pirira,quelthalas,1516,druid,balance,36,21,15
5844,Groovyroom,tichondrius,1516,druid,balance,42,23,19
5845,Lãzy,tichondrius,1512,druid,balance,78,46,32
5846,Blazeikin,tichondrius,1512,druid,balance,36,16,20
5847,Skum,bloodscalp,1512,druid,balance,57,23,34
5848,Mk,caelestrasz,1511,druid,balance,30,17,13
5849,Pëps,emerald-dream,1509,druid,balance,31,18,13
5850,Maviç,hyjal,1509,druid,balance,84,43,41
5851,Tyapet,area-52,1509,druid,balance,61,31,30
5852,Zorn,lightnings-blade,1508,druid,balance,48,26,22
5853,Drmf,frostmourne,1507,druid,balance,24,16,8
5854,Neytîrî,tichondrius,1506,druid,balance,65,35,30
5855,Clense,tichondrius,1505,druid,balance,55,34,21
5856,Sadsex,illidan,1505,druid,balance,71,42,29
5857,Woog,moon-guard,1504,druid,balance,60,34,26
5858,Awkwarder,emerald-dream,1504,druid,balance,84,43,41
5859,Daddymaple,tichondrius,1503,druid,balance,42,23,19
5860,Hoagiecannon,moon-guard,1503,druid,balance,143,75,68
5861,Jxrx,malganis,1501,druid,balance,24,16,8
5862,Maplêleaf,moon-guard,1501,druid,balance,84,41,43
5863,Nuubmurph,stormrage,1499,druid,balance,33,20,13
5864,Delorík,illidan,1499,druid,balance,54,27,27
5865,Vergota,emerald-dream,1498,druid,balance,49,33,16
5866,Thatscute,moon-guard,1497,druid,balance,282,147,135
5867,Tak,garrosh,1496,druid,balance,36,17,19
5868,Yoloboomkin,tichondrius,1494,druid,balance,46,23,23
5869,Rashmi,kiljaeden,1494,druid,balance,36,18,18
5870,Myex,illidan,1491,druid,balance,24,16,8
5871,Quaras,frostmourne,1489,druid,balance,205,107,98
5872,Cabek,malganis,1488,druid,balance,60,32,28
5873,Kittiepurry,blackrock,1488,druid,balance,83,44,39
5874,Boxtops,bleeding-hollow,1486,druid,balance,36,23,13
5875,Stepbro,malorne,1484,druid,balance,95,53,42
5876,Dreamkin,tichondrius,1484,druid,balance,48,25,23
5877,Byte,ragnaros,1482,druid,balance,29,16,13
5878,Donresantis,stormreaver,1482,druid,balance,78,38,40
5879,Syntheris,kaelthas,1481,druid,balance,81,49,32
5880,Blackjésüs,kelthuzad,1481,druid,balance,117,64,53
5881,Wildsïde,tichondrius,1480,druid,balance,30,19,11
5882,Ayla,gorefiend,1478,druid,balance,23,19,4
5883,Druuyid,jubeithos,1478,druid,balance,84,48,36
5884,Fahnir,ragnaros,1477,druid,balance,66,37,29
5885,Charnlok,thunderlord,1475,druid,balance,30,23,7
5886,Loudpax,zuljin,1475,druid,balance,23,16,7
5887,Kuwä,proudmoore,1474,druid,balance,72,36,36
5888,Gummoo,tichondrius,1472,druid,balance,42,30,12
5889,Kallabaluwa,azralon,1471,druid,balance,35,17,18
5890,Rootchan,azralon,1470,druid,balance,52,34,18
5891,Suncintus,aggramar,1468,druid,balance,54,24,30
5892,Bigherbo,zuljin,1466,druid,balance,30,16,14
5893,Sofereir,frostmourne,1466,druid,balance,149,76,73
5894,Kawshuhn,bleeding-hollow,1463,druid,balance,78,47,31
5895,Unclenya,barthilas,1463,druid,balance,72,32,40
5896,Nephdruid,stormrage,1462,druid,balance,75,44,31
5897,Rakex,tichondrius,1461,druid,balance,38,17,21
5898,Huggerino,stormrage,1460,druid,balance,46,25,21
5899,Zhinger,tichondrius,1460,druid,balance,73,36,37
5900,Bruddahderpp,tichondrius,1459,druid,balance,36,25,11
5901,Nightstalkr,kelthuzad,1459,druid,balance,187,101,86
5902,Seyon,tichondrius,1459,druid,balance,33,17,16
5903,Astrals,runetotem,1457,druid,balance,29,16,13
5904,Yaboidakota,stormrage,1456,druid,balance,160,84,76
5905,Haymade,sargeras,1455,druid,balance,42,24,18
5906,Cowody,moon-guard,1454,druid,balance,29,22,7
5907,Aranuir,emerald-dream,1452,druid,balance,35,20,15
5908,Dudur,zuljin,1452,druid,balance,36,17,19
5909,Rezlur,tichondrius,1452,druid,balance,35,16,19
5910,Thunderhox,tichondrius,1451,druid,balance,67,36,31
5911,Repanda,proudmoore,1451,druid,balance,71,37,34
5912,Paddywhacked,tichondrius,1449,druid,balance,36,22,14
5913,Padavore,wyrmrest-accord,1449,druid,balance,59,35,24
5914,Jruids,stormrage,1449,druid,balance,54,32,22
5915,Groggs,frostwolf,1447,druid,balance,27,16,11
5916,Instanodle,proudmoore,1447,druid,balance,36,20,16
5917,Rdruidchump,the-forgotten-coast,1445,druid,balance,32,19,13
5918,Bighomïe,emerald-dream,1445,druid,balance,48,27,21
5919,Formmaster,malganis,1441,druid,balance,76,38,38
5920,Thatboiscrew,tichondrius,1439,druid,balance,35,26,9
5921,Nicotinefien,sargeras,1439,druid,balance,24,15,9
5922,Ripdimebag,frostmourne,1438,druid,balance,34,18,16
5923,Lunarbalance,veknilash,1438,druid,balance,99,44,55
5924,Elvishrage,zuljin,1437,druid,balance,18,15,3
5925,Thorothir,ragnaros,1437,druid,balance,72,40,32
5926,Envoy,sargeras,1435,druid,balance,60,33,27
5927,Falkond,tichondrius,1433,druid,balance,35,18,17
5928,Arealdruid,moon-guard,1433,druid,balance,42,18,24
5929,Juicywap,proudmoore,1432,druid,balance,41,23,18
5930,Evsn,tichondrius,1431,druid,balance,18,15,3
5931,Djayolo,illidan,1431,druid,balance,18,15,3
5932,Shapedance,sargeras,1431,druid,balance,35,16,19
5933,Mcv,tichondrius,1430,druid,balance,30,15,15
5934,Nokash,tichondrius,1425,druid,balance,43,17,26
5935,Squidrific,tichondrius,1424,druid,balance,71,47,24
5936,Nebulose,moon-guard,1424,druid,balance,59,26,33
5937,Gaawdx,illidan,1424,druid,balance,90,39,51
5938,Mèowcenaary,chogall,1423,druid,balance,60,35,25
5939,Çoach,tichondrius,1423,druid,balance,36,15,21
5940,Relaeh,andorhal,1420,druid,balance,30,15,15
5941,Maimz,tichondrius,1419,druid,balance,54,33,21
5942,Dontfloodit,tichondrius,1419,druid,balance,57,25,32
5943,Maxspeed,tichondrius,1417,druid,balance,24,15,9
5944,Alliess,aerie-peak,1417,druid,balance,99,50,49
5945,Raximus,moon-guard,1417,druid,balance,84,42,42
5946,Jentlegiant,tichondrius,1416,druid,balance,24,15,9
5947,Faroo,azralon,1416,druid,balance,40,24,16
5948,Crocface,tichondrius,1415,druid,balance,66,38,28
5949,Axiomisop,tichondrius,1414,druid,balance,53,32,21
5950,Leonardsby,tichondrius,1414,druid,balance,54,28,26
5951,Fätål,ysera,1412,druid,balance,24,15,9
5952,Gullmock,quelthalas,1412,druid,balance,78,35,43
5953,Driftwood,bonechewer,1411,druid,balance,47,28,19
5954,Wiiee,darkspear,1410,druid,balance,80,48,32
5955,Snailbeam,shattered-hand,1410,druid,balance,48,20,28
5956,Feroz,frostmourne,1409,druid,balance,24,15,9
5957,Côheed,bleeding-hollow,1407,druid,balance,30,15,15
5958,Chonkykitty,frostmourne,1405,druid,balance,30,19,11
5959,Imnotinhuman,tichondrius,1405,druid,balance,35,22,13
5960,Slyfoxx,stonemaul,1403,druid,balance,92,53,39
5961,Trickatreyy,kelthuzad,1401,druid,balance,24,15,9
5962,Quelarre,velen,1400,druid,balance,54,29,25
5963,Jainzar,dreadmaul,1400,druid,balance,48,22,26
5964,Cudbacrakhed,tichondrius,1399,druid,balance,48,27,21
5965,Zuice,thrall,1398,druid,balance,69,32,37
5966,Deathkahn,lightninghoof,1397,druid,balance,60,31,29
5967,Tahunne,tichondrius,1396,druid,balance,66,41,25
5968,Drunknoodles,stormrage,1396,druid,balance,29,16,13
5969,Ulcera,nemesis,1396,druid,balance,33,17,16
5970,Tinkeress,stormrage,1396,druid,balance,84,43,41
5971,Justinheras,area-52,1394,druid,balance,52,30,22
5972,Seneshy,azralon,1387,druid,balance,30,22,8
5973,Indoee,mannoroth,1385,druid,balance,70,33,37
5974,Envasions,emerald-dream,1380,druid,balance,24,15,9
5975,Drufasa,tichondrius,1378,druid,balance,29,15,14
5976,Nanashi,tichondrius,1378,druid,balance,30,15,15
5977,Metal,jaedenar,1378,druid,balance,50,21,29
5978,Huskars,tichondrius,1375,druid,balance,48,26,22
5979,Illilydan,tichondrius,1375,druid,balance,30,16,14
5980,Shemeus,malganis,1374,druid,balance,54,27,27
5981,Starsaber,dalaran,1372,druid,balance,42,24,18
5982,Cerest,kaelthas,1370,druid,balance,28,17,11
5983,Saeval,korgath,1370,druid,balance,87,46,41
5984,Jaduss,thrall,1370,druid,balance,32,16,16
5985,Asteriel,stormrage,1367,druid,balance,54,24,30
5986,Binnchook,barthilas,1366,druid,balance,31,19,12
5987,Barrahjr,frostmourne,1366,druid,balance,51,28,23
5988,Throatjelly,blackrock,1363,druid,balance,42,23,19
5989,Twinscroll,tichondrius,1360,druid,balance,30,21,9
5990,Druiddreams,frostmourne,1358,druid,balance,24,17,7
5991,Gitsnshigles,frostmourne,1352,druid,balance,43,23,20
5992,Theirs,tichondrius,1351,druid,balance,121,71,50
5993,Tahnu,deathwing,1350,druid,balance,23,15,8
5994,Mythelian,icecrown,1348,druid,balance,60,34,26
5995,Skagakr,moon-guard,1347,druid,balance,107,52,55
5996,Bugbugz,tichondrius,1342,druid,balance,24,14,10
5997,Solarcannon,shuhalo,1342,druid,balance,130,70,60
5998,Odweaven,thunderlord,1342,druid,balance,41,20,21
5999,Starboy,garona,1340,druid,balance,24,14,10
6000,Ernest,goldrinn,1340,druid,balance,63,31,32
6001,Boomfold,tichondrius,1339,druid,balance,30,14,16
6002,Eldenis,drakkari,1338,druid,balance,53,29,24
6003,Xevão,nemesis,1338,druid,balance,32,15,17
6004,Boomchí,tichondrius,1337,druid,balance,18,14,4
6005,Boomsquanch,emerald-dream,1337,druid,balance,24,14,10
6006,Frostig,tichondrius,1337,druid,balance,24,14,10
6007,Boattastic,terenas,1337,druid,balance,24,14,10
6008,Druizzy,illidan,1336,druid,balance,36,14,22
6009,Skrimshaw,burning-legion,1335,druid,balance,30,15,15
6010,Monsin,illidan,1335,druid,balance,102,49,53
6011,Brawndiboom,stormrage,1335,druid,balance,71,33,38
6012,Bigboðm,tichondrius,1334,druid,balance,30,18,12
6013,Droody,earthen-ring,1333,druid,balance,40,20,20
6014,Breynna,draenor,1333,druid,balance,41,20,21
6015,Yungterp,zuljin,1332,druid,balance,18,14,4
6016,Bâzinga,bleeding-hollow,1331,druid,balance,47,24,23
6017,Xvenusaur,bleeding-hollow,1329,druid,balance,21,15,6
6018,Drubuzz,tichondrius,1328,druid,balance,72,37,35
6019,Noteff,illidan,1327,druid,balance,30,19,11
6020,Yaboydave,stonemaul,1327,druid,balance,24,14,10
6021,Thorsèn,sargeras,1327,druid,balance,47,25,22
6022,Limikeen,bleeding-hollow,1325,druid,balance,30,15,15
6023,Fondra,sargeras,1322,druid,balance,24,14,10
6024,Moohok,bleeding-hollow,1321,druid,balance,30,14,16
6025,Thickmoo,tichondrius,1319,druid,balance,81,38,43
6026,Winekoolers,malganis,1317,druid,balance,42,21,21
6027,Muscelmilk,tichondrius,1316,druid,balance,39,21,18
6028,Jonoa,nagrand,1315,druid,balance,73,42,31
6029,Qs,rivendare,1315,druid,balance,42,14,28
6030,Shuxz,sargeras,1313,druid,balance,30,20,10
6031,Pavati,bleeding-hollow,1313,druid,balance,26,14,12
6032,Réko,sargeras,1311,druid,balance,40,23,17
6033,Evilakali,tichondrius,1311,druid,balance,49,27,22
6034,Flôkey,tichondrius,1311,druid,balance,42,21,21
6035,Bigbeugs,frostmourne,1310,druid,balance,24,14,10
6036,Katobe,tichondrius,1310,druid,balance,30,15,15
6037,Audacities,bloodhoof,1309,druid,balance,46,23,23
6038,Squidwonk,sargeras,1309,druid,balance,30,14,16
6039,Stepdru,sargeras,1308,druid,balance,24,14,10
6040,Annef,tichondrius,1307,druid,balance,42,21,21
6041,Ðjx,stormrage,1306,druid,balance,19,15,4
6042,Duakx,malganis,1305,druid,balance,30,14,16
6043,Imshiftastic,area-52,1304,druid,balance,40,21,19
6044,Doomkiñ,darkspear,1303,druid,balance,29,14,15
6045,Treemendous,nemesis,1303,druid,balance,30,14,16
6046,Sergat,stormreaver,1302,druid,balance,54,28,26
6047,Floote,thrall,1302,druid,balance,50,23,27
6048,Sochin,nemesis,1296,druid,balance,72,41,31
6049,Lightconvoke,norgannon,1296,druid,balance,32,15,17
6050,Soar,destromath,1295,druid,balance,30,14,16
6051,Slumpxaddy,illidan,1289,druid,balance,23,14,9
6052,Restorationz,tichondrius,1286,druid,balance,26,15,11
6053,Stupidranga,barthilas,1286,druid,balance,54,29,25
6054,Minusdruid,dalaran,1286,druid,balance,117,57,60
6055,Lokdu,area-52,1284,druid,balance,30,15,15
6056,Redbbull,tichondrius,1282,druid,balance,48,30,18
6057,Xodz,sargeras,1282,druid,balance,42,21,21
6058,Treezús,thrall,1281,druid,balance,60,29,31
6059,Barrah,barthilas,1280,druid,balance,70,34,36
6060,Nimfaa,nemesis,1279,druid,balance,36,21,15
6061,Barekat,emerald-dream,1279,druid,balance,28,16,12
6062,Deez,korgath,1277,druid,balance,50,19,31
6063,Morphkow,sargeras,1272,druid,balance,45,26,19
6064,Softshirtxo,ragnaros,1271,druid,balance,24,14,10
6065,Mercz,illidan,1268,druid,balance,30,20,10
6066,Sileda,nemesis,1266,druid,balance,20,14,6
6067,Lønewolf,sargeras,1263,druid,balance,65,32,33
6068,Shivlary,stormrage,1262,druid,balance,30,20,10
6069,Knoxella,moon-guard,1257,druid,balance,86,42,44
6070,Dkat,malganis,1254,druid,balance,40,21,19
6071,Furu,bonechewer,1254,druid,balance,78,36,42
6072,Xenöchrist,ragnaros,1252,druid,balance,32,16,16
6073,Styless,azjolnerub,1251,druid,balance,28,16,12
6074,Lavenderowl,arthas,1250,druid,balance,52,27,25
6075,Slowreverb,silver-hand,1248,druid,balance,18,13,5
6076,Mayanardz,bleeding-hollow,1248,druid,balance,18,13,5
6077,Gatorskin,sargeras,1247,druid,balance,15,14,1
6078,Irl,frostmane,1246,druid,balance,18,13,5
6079,Galeshift,stormrage,1246,druid,balance,18,13,5
6080,Lawlz,aegwynn,1246,druid,balance,51,28,23
6081,Dirtdog,uther,1246,druid,balance,24,13,11
6082,Mntra,emerald-dream,1245,druid,balance,18,13,5
6083,Antiherø,sargeras,1245,druid,balance,18,13,5
6084,Nehrudruid,area-52,1243,druid,balance,18,13,5
6085,Sahksi,lothar,1243,druid,balance,24,13,11
6086,Kydralola,ragnaros,1243,druid,balance,24,13,11
6087,Ripkinztko,stormrage,1241,druid,balance,18,13,5
6088,Kyabe,ragnaros,1241,druid,balance,67,26,41
6089,Tummycummy,thrall,1240,druid,balance,18,13,5
6090,Trippyshift,hyjal,1240,druid,balance,24,13,11
6091,Héisénbérg,sargeras,1239,druid,balance,24,13,11
6092,Gwub,illidan,1238,druid,balance,18,13,5
6093,Guojue,tichondrius,1237,druid,balance,46,25,21
6094,Hawkk,azralon,1237,druid,balance,56,26,30
6095,Roundtummy,area-52,1234,druid,balance,24,13,11
6096,Astrixx,frostmourne,1233,druid,balance,18,13,5
6097,Édzar,area-52,1230,druid,balance,70,35,35
6098,Vicorin,illidan,1226,druid,balance,24,13,11
6099,Shiftyn,proudmoore,1225,druid,balance,18,13,5
6100,Vorare,tichondrius,1225,druid,balance,26,14,12
6101,Zentabra,proudmoore,1225,druid,balance,42,18,24
6102,Kuroshizen,tichondrius,1224,druid,balance,94,39,55
6103,Beal,azgalor,1224,druid,balance,54,21,33
6104,Sunboy,tichondrius,1221,druid,balance,73,36,37
6105,Deths,frostmourne,1219,druid,balance,18,13,5
6106,Acidmoon,tichondrius,1219,druid,balance,52,22,30
6107,Pokémon,grizzly-hills,1218,druid,balance,24,13,11
6108,Strallà,illidan,1217,druid,balance,96,49,47
6109,Flatnose,agamaggan,1216,druid,balance,30,13,17
6110,Vuginas,bleeding-hollow,1215,druid,balance,62,33,29
6111,Meowmixx,frostmane,1215,druid,balance,41,19,22
6112,Lindzy,moon-guard,1210,druid,balance,78,43,35
6113,Elpako,ragnaros,1208,druid,balance,54,23,31
6114,Mooing,azralon,1205,druid,balance,24,16,8
6115,Møønscar,tichondrius,1204,druid,balance,48,22,26
6116,Tankbareass,aerie-peak,1203,druid,balance,42,16,26
6117,Trollsmind,tichondrius,1202,druid,balance,28,14,14
6118,Pleasepime,stormrage,1202,druid,balance,84,35,49
6119,Thehooligan,stormrage,1200,druid,balance,75,41,34
6120,Chillcat,illidan,1194,druid,balance,18,14,4
6121,Nolifer,sargeras,1192,druid,balance,30,17,13
6122,Dumdumdugan,korgath,1191,druid,balance,83,41,42
6123,Chernlyssayo,stormrage,1188,druid,balance,26,16,10
6124,Dampnr,tichondrius,1186,druid,balance,30,14,16
6125,Maxable,alleria,1184,druid,balance,27,14,13
6126,Quincunx,tichondrius,1181,druid,balance,70,39,31
6127,Drßoom,stormrage,1181,druid,balance,81,35,46
6128,Kïx,illidan,1180,druid,balance,20,13,7
6129,Jokerdks,tichondrius,1174,druid,balance,26,14,12
6130,Mufaasa,boulderfist,1173,druid,balance,42,22,20
6131,Aberdare,tichondrius,1169,druid,balance,29,13,16
6132,Kattel,blackrock,1168,druid,balance,48,24,24
6133,Blackmoons,thunderlord,1166,druid,balance,42,15,27
6134,Baboongodx,frostmourne,1164,druid,balance,23,13,10
6135,Trythis,tichondrius,1161,druid,balance,24,13,11
6136,Goofyfoot,wyrmrest-accord,1161,druid,balance,32,15,17
6137,Draide,dragonblight,1159,druid,balance,31,13,18
6138,Mihnt,sargeras,1158,druid,balance,40,14,26
6139,Levincy,thrall,1156,druid,balance,60,33,27
6140,Crazystorm,ragnaros,1154,druid,balance,48,26,22
6141,Dojacow,mannoroth,1154,druid,balance,34,16,18
6142,Katbriel,zuljin,1151,druid,balance,18,12,6
6143,Doomty,tichondrius,1151,druid,balance,18,12,6
6144,Comidru,tichondrius,1150,druid,balance,24,12,12
6145,Borrdru,arthas,1150,druid,balance,24,12,12
6146,Hefe,terenas,1149,druid,balance,18,12,6
6147,Yoona,kiljaeden,1148,druid,balance,24,12,12
6148,Dbanned,nemesis,1144,druid,balance,24,12,12
6149,Roots,boulderfist,1144,druid,balance,30,13,17
6150,Gravshift,zuljin,1143,druid,balance,18,12,6
6151,Queiq,kelthuzad,1142,druid,balance,24,12,12
6152,Hitchslaps,tichondrius,1140,druid,balance,24,12,12
6153,Crashägásm,proudmoore,1140,druid,balance,49,19,30
6154,Ularda,bleeding-hollow,1139,druid,balance,18,12,6
6155,Saturday,frostmourne,1137,druid,balance,18,12,6
6156,Aozeh,kiljaeden,1136,druid,balance,18,12,6
6157,Chaossdruid,bleeding-hollow,1136,druid,balance,24,12,12
6158,Alphakatt,area-52,1136,druid,balance,54,22,32
6159,Ðementia,stormrage,1131,druid,balance,30,12,18
6160,Ûñø,frostmourne,1130,druid,balance,30,19,11
6161,Prismo,ravencrest,1129,druid,balance,24,12,12
6162,Treeteej,kelthuzad,1128,druid,balance,36,16,20
6163,Gepardéx,ragnaros,1127,druid,balance,64,26,38
6164,Kuthian,moon-guard,1126,druid,balance,39,17,22
6165,Kudro,garithos,1122,druid,balance,30,12,18
6166,Basilix,moon-guard,1121,druid,balance,33,16,17
6167,Burninmôön,tichondrius,1118,druid,balance,35,12,23
6168,Bethemarble,sargeras,1115,druid,balance,51,20,31
6169,Dirtydot,ragnaros,1114,druid,balance,18,12,6
6170,Dodid,laughing-skull,1111,druid,balance,42,20,22
6171,Ilgalsard,frostmourne,1109,druid,balance,36,16,20
6172,Judgedruid,scilla,1107,druid,balance,18,12,6
6173,Mambuz,tichondrius,1100,druid,balance,60,30,30
6174,Floridajoe,blackrock,1094,druid,balance,24,15,9
6175,Alucardxd,ragnaros,1094,druid,balance,29,12,17
6176,Krazykritz,illidan,1090,druid,balance,27,13,14
6177,Qelthalas,sargeras,1090,druid,balance,115,52,63
6178,Coppersnout,moon-guard,1089,druid,balance,54,29,25
6179,Gorgoncity,illidan,1088,druid,balance,22,12,10
6180,Moistcream,tichondrius,1087,druid,balance,21,12,9
6181,Meekgrylls,frostmourne,1087,druid,balance,28,12,16
6182,Zeromeme,frostmourne,1086,druid,balance,20,12,8
6183,Jâykeup,lightbringer,1085,druid,balance,32,13,19
6184,Råstafart,tichondrius,1080,druid,balance,30,12,18
6185,Thecovid,illidan,1073,druid,balance,71,29,42
6186,Lakermagik,moknathal,1071,druid,balance,19,12,7
6187,Moonfart,zuljin,1071,druid,balance,29,13,16
6188,Alagoano,azralon,1065,druid,balance,24,16,8
6189,Drdoomerkin,area-52,1056,druid,balance,12,11,1
6190,Slickitty,kelthuzad,1056,druid,balance,18,11,7
6191,Roccko,illidan,1056,druid,balance,18,11,7
6192,Chanimal,tichondrius,1055,druid,balance,12,11,1
6193,Purkins,barthilas,1055,druid,balance,18,11,7
6194,Likorit,azralon,1055,druid,balance,18,11,7
6195,Kydro,sargeras,1055,druid,balance,18,11,7
6196,Feralgo,tichondrius,1055,druid,balance,18,11,7
6197,Mastahskills,illidan,1055,druid,balance,18,11,7
6198,Docleave,tichondrius,1055,druid,balance,18,11,7
6199,Mooseknukel,zuljin,1055,druid,balance,18,11,7
6200,Shibbith,nordrassil,1054,druid,balance,18,11,7
6201,Buffclyde,blackrock,1054,druid,balance,18,11,7
6202,Erealana,tichondrius,1054,druid,balance,18,11,7
6203,Ryannshiftz,proudmoore,1054,druid,balance,18,11,7
6204,Abomasnow,turalyon,1054,druid,balance,18,11,7
6205,Theboomkin,kelthuzad,1054,druid,balance,18,11,7
6206,Quefemme,kelthuzad,1053,druid,balance,18,11,7
6207,Yggdrasil,ravencrest,1053,druid,balance,24,11,13
6208,Kittygoboom,kiljaeden,1053,druid,balance,24,11,13
6209,Awguseon,proudmoore,1051,druid,balance,18,11,7
6210,Milkshift,demon-soul,1051,druid,balance,24,11,13
6211,Fjblol,sargeras,1051,druid,balance,24,11,13
6212,Boostgu,illidan,1050,druid,balance,18,11,7
6213,Wildbloom,draenor,1050,druid,balance,18,11,7
6214,Nozgöth,quelthalas,1050,druid,balance,45,23,22
6215,Samsshifter,tichondrius,1050,druid,balance,24,11,13
6216,Spicydurid,tichondrius,1050,druid,balance,24,11,13
6217,Balverixqt,tichondrius,1048,druid,balance,24,11,13
6218,Shavedtaco,azshara,1047,druid,balance,12,11,1
6219,Chikenflu,tichondrius,1047,druid,balance,22,11,11
6220,Shebleeder,aegwynn,1047,druid,balance,24,11,13
6221,Catrene,mannoroth,1045,druid,balance,45,28,17
6222,Maulinyou,whisperwind,1045,druid,balance,18,11,7
6223,Jinglebells,kiljaeden,1038,druid,balance,18,11,7
6224,Miggzii,draka,1030,druid,balance,40,17,23
6225,Muhana,runetotem,1028,druid,balance,24,11,13
6226,Thèbearjèw,tichondrius,1024,druid,balance,55,23,32
6227,Hosehead,malganis,1023,druid,balance,24,14,10
6228,Malamew,antonidas,1016,druid,balance,18,12,6
6229,Lumipawz,frostmourne,1014,druid,balance,19,12,7
6230,Caminanube,quelthalas,1012,druid,balance,24,12,12
6231,Riprip,tichondrius,1012,druid,balance,27,12,15
6232,Bloomsong,emerald-dream,1012,druid,balance,30,13,17
6233,Araminka,drakkari,1011,druid,balance,12,11,1
6234,Rslm,tichondrius,1001,druid,balance,21,12,9
6235,Genghisz,area-52,1001,druid,balance,23,11,12
6236,Dustin,moon-guard,1000,druid,balance,22,12,10
6237,Finntröll,area-52,993,druid,balance,29,11,18
6238,Boomybalboa,stormrage,990,druid,balance,17,11,6
6239,Velaana,tichondrius,989,druid,balance,26,11,15
6240,Vapeculture,lightbringer,981,druid,balance,48,27,21
6241,Indy,rivendare,980,druid,balance,22,11,11
6242,Smashthatbox,illidan,977,druid,balance,32,12,20
6243,Salvattor,stormrage,970,druid,balance,14,11,3
6244,Cowel,tichondrius,969,druid,balance,25,11,14
6245,Bäñgarang,tichondrius,966,druid,balance,31,11,20
6246,Jubi,bleeding-hollow,960,druid,balance,12,10,2
6247,Roben,tichondrius,960,druid,balance,18,10,8
6248,Omnigrind,frostmourne,960,druid,balance,18,10,8
6249,Hugodruid,frostmourne,960,druid,balance,18,10,8
6250,Mcy,nerzhul,960,druid,balance,18,10,8
6251,Sÿndru,illidan,960,druid,balance,18,10,8
6252,Jshwills,sargeras,959,druid,balance,12,10,2
6253,Renamebdsm,cenarius,959,druid,balance,18,10,8
6254,Kohru,moon-guard,959,druid,balance,18,10,8
6255,Biggieclawz,tichondrius,958,druid,balance,12,10,2
6256,Shumarina,mannoroth,958,druid,balance,18,10,8
6257,Meatcat,sargeras,958,druid,balance,18,10,8
6258,Piping,thunderlord,958,druid,balance,18,10,8
6259,Kushidabs,tichondrius,958,druid,balance,34,11,23
6260,Messyboom,illidan,957,druid,balance,12,10,2
6261,Nøzopium,kelthuzad,956,druid,balance,18,10,8
6262,Airinsurgent,stormrage,956,druid,balance,24,10,14
6263,Drewpg,zuljin,955,druid,balance,18,10,8
6264,Tanguanota,quelthalas,955,druid,balance,24,10,14
6265,Pneumashift,tichondrius,954,druid,balance,12,10,2
6266,Jal,khazgoroth,953,druid,balance,18,10,8
6267,Moonowl,crushridge,953,druid,balance,18,10,8
6268,Santogrial,blood-furnace,953,druid,balance,46,25,21
6269,Bouffecul,zuljin,952,druid,balance,18,10,8
6270,Veraciouss,sargeras,952,druid,balance,18,10,8
6271,Crunkk,thunderlord,952,druid,balance,18,10,8
6272,Ðarkscar,laughing-skull,943,druid,balance,50,18,32
6273,Skiouros,emerald-dream,943,druid,balance,30,10,20
6274,Lacroix,wildhammer,938,druid,balance,12,10,2
6275,Rahkaaga,kiljaeden,936,druid,balance,18,10,8
6276,Rokk,baelgun,922,druid,balance,17,10,7
6277,Rakelan,tichondrius,912,druid,balance,134,68,66
6278,Krustyora,khazgoroth,911,druid,balance,17,10,7
6279,Athious,moon-guard,909,druid,balance,29,13,16
6280,Bellä,nazjatar,900,druid,balance,37,11,26
6281,Skirts,area-52,879,druid,balance,13,10,3
6282,Nalarin,kaelthas,878,druid,balance,72,35,37
6283,Ryügähidëki,tichondrius,875,druid,balance,25,10,15
6284,Gerrt,bleeding-hollow,864,druid,balance,12,9,3
6285,Ràjeesh,frostmourne,864,druid,balance,12,9,3
6286,Napes,tichondrius,864,druid,balance,12,9,3
6287,Zebyn,tichondrius,864,druid,balance,12,9,3
6288,Tôpdadwôrld,sargeras,864,druid,balance,18,9,9
6289,Mvpps,thrall,864,druid,balance,18,9,9
6290,Jssy,tichondrius,864,druid,balance,18,9,9
6291,Aqulaíssaela,sargeras,864,druid,balance,18,9,9
6292,Kûramä,dalaran,864,druid,balance,18,9,9
6293,Rikishi,executus,864,druid,balance,18,9,9
6294,Cthulhuqt,kelthuzad,863,druid,balance,12,9,3
6295,Zmk,barthilas,863,druid,balance,12,9,3
6296,Cdroo,burning-blade,863,druid,balance,12,9,3
6297,Verelyris,nordrassil,863,druid,balance,12,9,3
6298,Cheezaygx,arthas,863,druid,balance,18,9,9
6299,Starkraven,firetree,863,druid,balance,18,9,9
6300,Columpio,area-52,863,druid,balance,18,9,9
6301,Môônkîn,chogall,863,druid,balance,18,9,9
6302,Doots,aegwynn,863,druid,balance,18,9,9
6303,Amookelia,tichondrius,863,druid,balance,18,9,9
6304,Miviaris,alleria,863,druid,balance,18,9,9
6305,Sym,zuljin,863,druid,balance,18,9,9
6306,Dolwizz,tichondrius,863,druid,balance,24,9,15
6307,Kelagoat,kiljaeden,863,druid,balance,24,9,15
6308,Faelonk,frostmourne,862,druid,balance,12,9,3
6309,Oreoshift,illidan,862,druid,balance,12,9,3
6310,Rootslayer,tichondrius,862,druid,balance,12,9,3
6311,Zugdruid,tichondrius,862,druid,balance,13,9,4
6312,Felløwship,nemesis,862,druid,balance,18,9,9
6313,Furrmissile,area-52,862,druid,balance,18,9,9
6314,Muagor,tichondrius,862,druid,balance,18,9,9
6315,Swappy,korgath,862,druid,balance,18,9,9
6316,Tinkker,zuljin,861,druid,balance,12,9,3
6317,Pooöòôp,kiljaeden,861,druid,balance,12,9,3
6318,Blizdontcuur,area-52,860,druid,balance,12,9,3
6319,Sanleba,tichondrius,860,druid,balance,18,9,9
6320,Itchyrat,moon-guard,859,druid,balance,18,9,9
6321,Ascension,emerald-dream,858,druid,balance,18,9,9
6322,Amandi,magtheridon,858,druid,balance,24,9,15
6323,Epicworld,stormrage,857,druid,balance,18,9,9
6324,Kamionero,drakkari,856,druid,balance,12,9,3
6325,Elatheris,stormrage,855,druid,balance,18,9,9
6326,Slingin,illidan,855,druid,balance,30,9,21
6327,Firefirelol,proudmoore,847,druid,balance,23,9,14
6328,Jokey,quelthalas,845,druid,balance,12,9,3
6329,Dèmønblâckev,malganis,842,druid,balance,24,11,13
6330,Amigomel,emerald-dream,836,druid,balance,17,9,8
6331,Irooftrellen,chogall,815,druid,balance,17,9,8
6332,Ssïp,tichondrius,814,druid,balance,21,9,12
6333,Shifterx,illidan,810,druid,balance,22,13,9
6334,Taurenosorus,illidan,809,druid,balance,46,20,26
6335,Leeteracola,malganis,798,druid,balance,20,9,11
6336,Grgcostanza,bleeding-hollow,793,druid,balance,14,9,5
6337,Meliódás,area-52,785,druid,balance,174,70,104
6338,Koratan,frostmourne,784,druid,balance,13,9,4
6339,Astroshift,emerald-dream,784,druid,balance,20,9,11
6340,Spazz,firetree,783,druid,balance,11,9,2
6341,Thallid,hydraxis,768,druid,balance,12,8,4
6342,Guuh,tichondrius,768,druid,balance,12,8,4
6343,Nyzear,bleeding-hollow,768,druid,balance,12,8,4
6344,Laserxo,tichondrius,768,druid,balance,12,8,4
6345,Ligerbomb,bleeding-hollow,768,druid,balance,12,8,4
6346,Shaney,zuljin,768,druid,balance,12,8,4
6347,Shiftytom,spirestone,768,druid,balance,12,8,4
6348,Hootforce,spirestone,768,druid,balance,12,8,4
6349,Chococrispis,quelthalas,768,druid,balance,12,8,4
6350,Catmoomoo,tichondrius,768,druid,balance,12,8,4
6351,Chayten,bleeding-hollow,768,druid,balance,12,8,4
6352,Ryanspeed,mugthol,768,druid,balance,12,8,4
6353,Furor,eonar,768,druid,balance,12,8,4
6354,Ralphrawr,barthilas,768,druid,balance,12,8,4
6355,Mikelovin,nemesis,768,druid,balance,12,8,4
6356,Argento,frostmourne,768,druid,balance,12,8,4
6357,Johnnybigg,frostmourne,768,druid,balance,12,8,4
6358,Sñìp,zuljin,768,druid,balance,12,8,4
6359,Azakai,sargeras,768,druid,balance,12,8,4
6360,Elyiaida,emerald-dream,768,druid,balance,12,8,4
6361,Supafat,thrall,768,druid,balance,12,8,4
6362,Yøpìèrre,zuljin,768,druid,balance,12,8,4
6363,Onsen,tichondrius,768,druid,balance,18,8,10
6364,Zils,bleeding-hollow,768,druid,balance,18,8,10
6365,Arntu,malganis,767,druid,balance,12,8,4
6366,Adaptivv,sargeras,767,druid,balance,12,8,4
6367,Foxhoundlol,tichondrius,767,druid,balance,12,8,4
6368,Xornhxb,tichondrius,767,druid,balance,12,8,4
6369,Entakkt,cenarius,767,druid,balance,12,8,4
6370,Smokeheaters,dalaran,767,druid,balance,12,8,4
6371,Starbender,arygos,767,druid,balance,12,8,4
6372,Harddeenball,area-52,767,druid,balance,15,9,6
6373,Jiya,zuljin,767,druid,balance,18,8,10
6374,Ebonclaw,malganis,767,druid,balance,18,8,10
6375,Ruckiz,stormrage,767,druid,balance,18,8,10
6376,Ïny,emerald-dream,767,druid,balance,18,8,10
6377,Dárách,malganis,767,druid,balance,18,8,10
6378,Catastrophic,whisperwind,767,druid,balance,18,8,10
6379,Maldobear,stormrage,767,druid,balance,18,8,10
6380,Vyrrath,stormrage,767,druid,balance,18,8,10
6381,Narthurs,ragnaros,767,druid,balance,24,8,16
6382,Khristine,spinebreaker,767,druid,balance,24,8,16
6383,Aolus,kaelthas,766,druid,balance,12,8,4
6384,Mornis,zuljin,766,druid,balance,12,8,4
6385,Onidudu,frostmourne,766,druid,balance,12,8,4
6386,Nxghtfall,tichondrius,766,druid,balance,18,8,10
6387,Serega,skywall,766,druid,balance,18,8,10
6388,Lunapuma,stonemaul,765,druid,balance,12,8,4
6389,Jashrus,korgath,765,druid,balance,12,8,4
6390,Whitekongg,blackhand,765,druid,balance,15,9,6
6391,Lavanca,azralon,765,druid,balance,18,8,10
6392,Worldbullguy,area-52,765,druid,balance,18,8,10
6393,Sefestria,senjin,765,druid,balance,18,8,10
6394,Lazerckn,tichondrius,765,druid,balance,18,8,10
6395,Aton,frostwolf,764,druid,balance,12,8,4
6396,Crépes,bleeding-hollow,764,druid,balance,18,8,10
6397,Hootie,arygos,764,druid,balance,24,8,16
6398,Wabbehkus,barthilas,764,druid,balance,26,8,18
6399,Psnárf,area-52,763,druid,balance,12,8,4
6400,Naturlig,area-52,762,druid,balance,12,8,4
6401,Sleek,illidan,762,druid,balance,18,8,10
6402,Astromyles,tichondrius,762,druid,balance,25,8,17
6403,Dennyyd,illidan,759,druid,balance,12,8,4
6404,Jtogethendr,area-52,759,druid,balance,12,8,4
6405,Boneheir,proudmoore,757,druid,balance,21,9,12
6406,Volddy,tichondrius,755,druid,balance,18,8,10
6407,Reeiyna,gallywix,749,druid,balance,12,8,4
6408,Nokther,muradin,735,druid,balance,22,8,14
6409,Outclone,tichondrius,734,druid,balance,10,9,1
6410,Beleraine,moon-guard,732,druid,balance,17,8,9
6411,Buyadoge,area-52,703,druid,balance,16,8,8
6412,Dankasauras,tichondrius,703,druid,balance,26,9,17
6413,Gibbo,illidan,696,druid,balance,16,8,8
6414,Shiftness,nordrassil,679,druid,balance,11,8,3
6415,Psilo,kelthuzad,672,druid,balance,12,7,5
6416,Xioqt,chogall,672,druid,balance,12,7,5
6417,Sàbrè,darkspear,672,druid,balance,12,7,5
6418,Floofi,kelthuzad,672,druid,balance,12,7,5
6419,Nbnbnb,proudmoore,672,druid,balance,12,7,5
6420,Donaldsr,area-52,672,druid,balance,12,7,5
6421,Omegablasted,tichondrius,672,druid,balance,12,7,5
6422,Suedou,moon-guard,672,druid,balance,12,7,5
6423,Slickthick,sargeras,672,druid,balance,12,7,5
6424,Tensuen,boulderfist,672,druid,balance,12,7,5
6425,Pecopeco,sargeras,672,druid,balance,12,7,5
6426,Bippygucci,tichondrius,672,druid,balance,12,7,5
6427,Ottovonbird,tichondrius,672,druid,balance,12,7,5
6428,Junaleska,lightbringer,672,druid,balance,12,7,5
6429,Riptin,kelthuzad,672,druid,balance,12,7,5
6430,Notsofat,deathwing,672,druid,balance,12,7,5
6431,Fastlife,drakkari,672,druid,balance,12,7,5
6432,Seannybhoy,emerald-dream,672,druid,balance,12,7,5
6433,Uhnoheals,tichondrius,672,druid,balance,12,7,5
6434,Flapping,illidan,672,druid,balance,12,7,5
6435,Redscyclone,dalaran,672,druid,balance,12,7,5
6436,Kittycatman,tichondrius,672,druid,balance,12,7,5
6437,Themustafa,tichondrius,672,druid,balance,12,7,5
6438,Martians,laughing-skull,672,druid,balance,12,7,5
6439,Elithyra,area-52,672,druid,balance,12,7,5
6440,Starz,arthas,672,druid,balance,12,7,5
6441,Boomypower,dalaran,672,druid,balance,12,7,5
6442,Muunragery,illidan,672,druid,balance,12,7,5
6443,Cfp,tichondrius,672,druid,balance,12,7,5
6444,Kitinglol,alexstrasza,672,druid,balance,12,7,5
6445,Covidcarrier,thrall,672,druid,balance,12,7,5
6446,Straitbeast,tichondrius,672,druid,balance,12,7,5
6447,Espoir,azuremyst,672,druid,balance,12,7,5
6448,Lalalu,frostmourne,672,druid,balance,15,8,7
6449,Trashytrash,bleeding-hollow,672,druid,balance,18,7,11
6450,Dreveron,bleeding-hollow,672,druid,balance,18,7,11
6451,Dupaface,stormrage,672,druid,balance,18,7,11
6452,Dooruid,tichondrius,672,druid,balance,18,7,11
6453,Antagonist,burning-blade,671,druid,balance,12,7,5
6454,Catahoula,lothar,671,druid,balance,12,7,5
6455,Dgas,tichondrius,671,druid,balance,12,7,5
6456,Jeezelouise,kelthuzad,671,druid,balance,12,7,5
6457,Coochi,sargeras,671,druid,balance,12,7,5
6458,Ripx,khadgar,671,druid,balance,12,7,5
6459,Jubeam,area-52,671,druid,balance,12,7,5
6460,Dobidas,tichondrius,671,druid,balance,12,7,5
6461,Eyzie,stormrage,671,druid,balance,15,8,7
6462,Barkcheeks,area-52,671,druid,balance,18,7,11
6463,Galind,rexxar,671,druid,balance,18,7,11
6464,Wyldthangz,stormrage,671,druid,balance,18,7,11
6465,Rabbismang,area-52,671,druid,balance,18,7,11
6466,Chakrabeam,kelthuzad,671,druid,balance,18,7,11
6467,Starsurged,moon-guard,671,druid,balance,18,7,11
6468,Dashio,lightnings-blade,671,druid,balance,18,7,11
6469,Oâk,farstriders,670,druid,balance,12,7,5
6470,Shiffterzz,tichondrius,670,druid,balance,12,7,5
6471,Andrés,azralon,670,druid,balance,12,7,5
6472,Chukksz,nerzhul,670,druid,balance,12,7,5
6473,Hootyhoot,illidan,670,druid,balance,12,7,5
6474,Runhe,zuljin,670,druid,balance,12,7,5
6475,Traxxo,tichondrius,670,druid,balance,12,7,5
6476,Circadion,illidan,670,druid,balance,18,7,11
6477,Dizzyshiftz,dalaran,670,druid,balance,24,7,17
6478,Vicvc,tichondrius,669,druid,balance,12,7,5
6479,Aviendiana,thrall,669,druid,balance,12,7,5
6480,Eurotrance,frostmourne,669,druid,balance,12,7,5
6481,Exillïs,frostmourne,669,druid,balance,17,8,9
6482,Onecalf,tichondrius,668,druid,balance,12,7,5
6483,Wresty,frostmourne,667,druid,balance,12,7,5
6484,Boatox,jubeithos,666,druid,balance,24,7,17
6485,Coqeh,frostwolf,664,druid,balance,12,7,5
6486,Beammz,stormrage,664,druid,balance,15,8,7
6487,Pao,nordrassil,664,druid,balance,18,7,11
6488,Kångåwalafox,sargeras,663,druid,balance,12,7,5
6489,Azevedoo,nemesis,660,druid,balance,31,7,24
6490,Meiling,spirestone,659,druid,balance,12,7,5
6491,Abzuri,kiljaeden,655,druid,balance,15,8,7
6492,Vallk,area-52,639,druid,balance,14,8,6
6493,Spacéchicken,stormrage,638,druid,balance,10,8,2
6494,Vaalser,frostmourne,636,druid,balance,23,7,16
6495,Tumblr,terenas,624,druid,balance,9,7,2
6496,Desiration,area-52,624,druid,balance,15,7,8
6497,Arescarriess,shuhalo,622,druid,balance,17,7,10
6498,Chankletta,quelthalas,618,druid,balance,18,8,10
6499,Warberton,moon-guard,616,druid,balance,15,7,8
6500,Zalothianx,thrall,608,druid,balance,16,7,9
6501,Lawnkin,dalaran,608,druid,balance,16,7,9
6502,Feldstarx,stormrage,607,druid,balance,14,7,7
6503,Neurotoxins,tichondrius,576,druid,balance,6,6,0
6504,Nardwaur,tichondrius,576,druid,balance,6,6,0
6505,Starship,frostmourne,576,druid,balance,6,6,0
6506,Ory,illidan,576,druid,balance,6,6,0
6507,Prev,arathor,576,druid,balance,6,6,0
6508,Drop,shadow-council,576,druid,balance,6,6,0
6509,Gâlaxy,sargeras,576,druid,balance,12,6,6
6510,Gigathicc,malganis,576,druid,balance,12,6,6
6511,Beomjun,tichondrius,576,druid,balance,12,6,6
6512,Skydín,stormrage,576,druid,balance,12,6,6
6513,Nerfdemo,kiljaeden,576,druid,balance,12,6,6
6514,Kitem,tichondrius,576,druid,balance,12,6,6
6515,Celetra,kiljaeden,576,druid,balance,12,6,6
6516,Jamuestus,illidan,576,druid,balance,12,6,6
6517,Dalaverrunis,tichondrius,576,druid,balance,12,6,6
6518,Slaÿr,malganis,576,druid,balance,12,6,6
6519,Jacknit,illidan,576,druid,balance,12,6,6
6520,Ssantirap,quelthalas,576,druid,balance,12,6,6
6521,Bar,stormrage,576,druid,balance,12,6,6
6522,Wondercat,illidan,576,druid,balance,12,6,6
6523,Msparker,illidan,576,druid,balance,12,6,6
6524,Joux,barthilas,576,druid,balance,12,6,6
6525,Afpak,sargeras,576,druid,balance,12,6,6
6526,Scykin,stormrage,576,druid,balance,12,6,6
6527,Ggae,tichondrius,576,druid,balance,12,6,6
6528,Ephwürd,malganis,576,druid,balance,12,6,6
6529,Treehard,malganis,576,druid,balance,12,6,6
6530,Jawsbar,tichondrius,576,druid,balance,12,6,6
6531,Peteybears,stormrage,576,druid,balance,12,6,6
6532,Versena,moon-guard,576,druid,balance,12,6,6
6533,Runforest,tichondrius,576,druid,balance,12,6,6
6534,Zgg,ragnaros,576,druid,balance,12,6,6
6535,Lunartiç,kelthuzad,576,druid,balance,12,6,6
6536,Gallianö,frostmourne,576,druid,balance,12,6,6
6537,Nýla,stormrage,576,druid,balance,12,6,6
6538,Bamfferal,tichondrius,576,druid,balance,12,6,6
6539,Medibull,tichondrius,576,druid,balance,12,6,6
6540,Skaie,ragnaros,576,druid,balance,12,6,6
6541,Fixn,tichondrius,576,druid,balance,12,6,6
6542,Jmackd,frostmourne,576,druid,balance,12,6,6
6543,Notpodruida,tichondrius,576,druid,balance,13,6,7
6544,Yorch,stormrage,576,druid,balance,18,6,12
6545,Doomky,area-52,576,druid,balance,18,6,12
6546,Longnus,stormrage,576,druid,balance,18,6,12
6547,Droodad,mannoroth,576,druid,balance,18,6,12
6548,Faletra,eitrigg,576,druid,balance,18,6,12
6549,Drphilsmith,moon-guard,576,druid,balance,18,6,12
6550,Jherrak,area-52,575,druid,balance,6,6,0
6551,Zetii,emerald-dream,575,druid,balance,12,6,6
6552,Tariksha,sargeras,575,druid,balance,12,6,6
6553,Razzldazzle,thrall,575,druid,balance,12,6,6
6554,Rígél,ragnaros,575,druid,balance,12,6,6
6555,Zeanasfaratu,spinebreaker,575,druid,balance,12,6,6
6556,Hpcorrection,bleeding-hollow,575,druid,balance,12,6,6
6557,Runarok,ragnaros,575,druid,balance,12,6,6
6558,Guybranch,illidan,575,druid,balance,12,6,6
6559,Chodkiewicz,echo-isles,575,druid,balance,12,6,6
6560,Jynxy,sargeras,575,druid,balance,18,6,12
6561,Samelthios,proudmoore,575,druid,balance,20,6,14
6562,Uuli,area-52,574,druid,balance,12,6,6
6563,Feralchild,emerald-dream,574,druid,balance,12,6,6
6564,Outandy,quelthalas,574,druid,balance,12,6,6
6565,Quagsire,moon-guard,574,druid,balance,18,6,12
6566,Tinyypuppyy,sargeras,573,druid,balance,12,6,6
6567,Mctree,cenarius,572,druid,balance,12,6,6
6568,Wantto,moknathal,566,druid,balance,12,6,6
6569,Proñgs,tichondrius,566,druid,balance,12,6,6
6570,Orkinetvx,frostmourne,555,druid,balance,13,7,6
6571,Suist,moonrunner,544,druid,balance,10,6,4
6572,Casaran,anetheron,543,druid,balance,11,6,5
6573,Matock,malganis,543,druid,balance,11,6,5
6574,Liñk,sargeras,543,druid,balance,17,8,9
6575,Bearyhalls,frostmourne,528,druid,balance,9,6,3
6576,Boufa,dentarg,527,druid,balance,9,7,2
6577,Velais,exodar,512,druid,balance,22,6,16
6578,Gemineye,stormrage,511,druid,balance,11,6,5
6579,Istayfrawsty,darkspear,511,druid,balance,14,6,8
6580,Rank,nerzhul,496,druid,balance,13,6,7
6581,Oo,grizzly-hills,480,druid,balance,6,5,1
6582,Daroot,spinebreaker,480,druid,balance,6,5,1
6583,Yokux,thunderlord,480,druid,balance,6,5,1
6584,Toastsdruid,tichondrius,480,druid,balance,6,5,1
6585,Løk,sargeras,480,druid,balance,6,5,1
6586,Canuatemyrat,tichondrius,480,druid,balance,6,5,1
6587,Alindrä,moon-guard,480,druid,balance,6,5,1
6588,Eskimocowboy,sargeras,480,druid,balance,6,5,1
6589,Megåtron,kelthuzad,480,druid,balance,6,5,1
6590,Dojacat,tichondrius,480,druid,balance,6,5,1
6591,Bearyhalls,sargeras,480,druid,balance,6,5,1
6592,Aoewynn,nerzhul,480,druid,balance,6,5,1
6593,Simperella,dalaran,480,druid,balance,6,5,1
6594,Crazystarz,frostmourne,480,druid,balance,6,5,1
6595,Hàchi,malganis,480,druid,balance,6,5,1
6596,Ragiix,tichondrius,480,druid,balance,6,5,1
6597,Bumbleebee,azralon,480,druid,balance,6,5,1
6598,Nephsis,kelthuzad,480,druid,balance,6,5,1
6599,Ichangeabull,bleeding-hollow,480,druid,balance,6,5,1
6600,Marutot,tichondrius,480,druid,balance,6,5,1
6601,Ratspot,stormrage,480,druid,balance,6,5,1
6602,Prøspect,moon-guard,480,druid,balance,6,5,1
6603,Duckdie,moon-guard,480,druid,balance,6,5,1
6604,Dtefy,ragnaros,480,druid,balance,6,5,1
6605,ßælot,quelthalas,480,druid,balance,6,5,1
6606,Miçangak,azralon,480,druid,balance,6,5,1
6607,Immortalowl,illidan,480,druid,balance,6,5,1
6608,Arwëna,tichondrius,480,druid,balance,6,5,1
6609,Numbkin,stormrage,480,druid,balance,6,5,1
6610,Bayaba,tichondrius,480,druid,balance,6,5,1
6611,Rastakant,malganis,480,druid,balance,6,5,1
6612,Volgoro,thrall,480,druid,balance,6,5,1
6613,Mithroi,tichondrius,480,druid,balance,6,5,1
6614,Hännibal,hydraxis,480,druid,balance,6,5,1
6615,Rowdie,area-52,480,druid,balance,6,5,1
6616,Fakechower,stormreaver,480,druid,balance,6,5,1
6617,Zieda,sisters-of-elune,480,druid,balance,6,5,1
6618,Stacker,malganis,480,druid,balance,6,5,1
6619,Nuppxx,frostmourne,480,druid,balance,6,5,1
6620,Dahts,destromath,480,druid,balance,6,5,1
6621,Hooffy,emerald-dream,480,druid,balance,6,5,1
6622,Fattdiabetic,tichondrius,480,druid,balance,6,5,1
6623,Druidlow,azralon,480,druid,balance,7,5,2
6624,Bullquenepas,dalaran,480,druid,balance,12,5,7
6625,Xoth,executus,480,druid,balance,12,5,7
6626,Arnlu,malganis,480,druid,balance,12,5,7
6627,Ragerag,trollbane,480,druid,balance,12,5,7
6628,Nöches,quelthalas,480,druid,balance,12,5,7
6629,Fluff,gurubashi,480,druid,balance,12,5,7
6630,Zuga,the-venture-co,480,druid,balance,12,5,7
6631,Zimah,illidan,480,druid,balance,12,5,7
6632,Wrathmighty,frostmourne,480,druid,balance,12,5,7
6633,Cynderellaa,proudmoore,480,druid,balance,12,5,7
6634,Havócdh,tichondrius,480,druid,balance,12,5,7
6635,Dotdmage,tichondrius,480,druid,balance,12,5,7
6636,Livilla,sargeras,480,druid,balance,12,5,7
6637,Cloninglol,darkspear,480,druid,balance,12,5,7
6638,Veganmom,zuluhed,480,druid,balance,12,5,7
6639,Milkmoneymeo,illidan,480,druid,balance,12,5,7
6640,Voelcan,tichondrius,480,druid,balance,12,5,7
6641,Spudpatikins,barthilas,480,druid,balance,12,5,7
6642,Ripter,moon-guard,480,druid,balance,12,5,7
6643,Bigtammy,moon-guard,480,druid,balance,12,5,7
6644,Sharkfighter,sargeras,480,druid,balance,12,5,7
6645,Bearwithit,sargeras,480,druid,balance,12,5,7
6646,Sodacream,illidan,480,druid,balance,12,5,7
6647,Bigdaddyferg,illidan,480,druid,balance,12,5,7
6648,Lickmypaws,sargeras,480,druid,balance,12,5,7
6649,Paintlicker,emerald-dream,480,druid,balance,12,5,7
6650,Ghoouul,tichondrius,480,druid,balance,18,5,13
6651,Tuppyboom,barthilas,480,druid,balance,24,5,19
6652,Durdern,barthilas,479,druid,balance,6,5,1
6653,Wtfiisthis,tichondrius,479,druid,balance,6,5,1
6654,Fourthkind,illidan,479,druid,balance,12,5,7
6655,Damallis,anubarak,479,druid,balance,12,5,7
6656,Smhyle,frostmourne,479,druid,balance,12,5,7
6657,Palermo,aerie-peak,479,druid,balance,12,5,7
6658,Raknary,kelthuzad,479,druid,balance,12,5,7
6659,Baaksau,illidan,479,druid,balance,12,5,7
6660,Morphntime,blackrock,479,druid,balance,18,5,13
6661,Mantis,the-underbog,478,druid,balance,12,5,7
6662,Abzyplasm,sargeras,478,druid,balance,12,5,7
6663,Convoken,tichondrius,447,druid,balance,11,5,6
6664,Bearcathawk,sargeras,447,druid,balance,11,5,6
6665,Charmandxr,hyjal,447,druid,balance,14,6,8
6666,Féralis,sargeras,431,druid,balance,11,5,6
6667,Gigajuiced,proudmoore,400,druid,balance,7,5,2
6668,Eintier,tichondrius,384,druid,balance,6,4,2
6669,Anamoorphicc,kelthuzad,384,druid,balance,6,4,2
6670,Daddyfresh,ursin,384,druid,balance,6,4,2
6671,Brettdadad,shandris,384,druid,balance,6,4,2
6672,Flamejacker,tichondrius,384,druid,balance,6,4,2
6673,Oldcreg,emerald-dream,384,druid,balance,6,4,2
6674,Abelladañger,area-52,384,druid,balance,6,4,2
6675,Hadoriss,kelthuzad,384,druid,balance,6,4,2
6676,Somarythe,moon-guard,384,druid,balance,6,4,2
6677,Ahruan,stormrage,384,druid,balance,6,4,2
6678,Feathergun,ragnaros,384,druid,balance,6,4,2
6679,Kiwidru,frostmourne,384,druid,balance,6,4,2
6680,Notadopted,sargeras,384,druid,balance,6,4,2
6681,Selfplay,barthilas,384,druid,balance,6,4,2
6682,Drmnheal,frostmourne,384,druid,balance,6,4,2
6683,Stärfäll,frostmourne,384,druid,balance,6,4,2
6684,Nevershiftx,kirin-tor,384,druid,balance,6,4,2
6685,Qyuka,area-52,384,druid,balance,6,4,2
6686,Rennar,stormrage,384,druid,balance,6,4,2
6687,Girthybeam,sargeras,384,druid,balance,6,4,2
6688,Sharialawl,stormreaver,384,druid,balance,6,4,2
6689,Yevenbother,tichondrius,384,druid,balance,6,4,2
6690,Matinee,tichondrius,384,druid,balance,6,4,2
6691,Nicklul,llane,384,druid,balance,6,4,2
6692,Beastsworn,alexstrasza,384,druid,balance,6,4,2
6693,Tinishaker,ragnaros,384,druid,balance,6,4,2
6694,Söökie,tichondrius,384,druid,balance,6,4,2
6695,Withwind,dalaran,384,druid,balance,6,4,2
6696,Armorkits,area-52,384,druid,balance,6,4,2
6697,Bearlylegál,sargeras,384,druid,balance,6,4,2
6698,Bäldir,dalaran,384,druid,balance,6,4,2
6699,Harlisu,stormrage,384,druid,balance,6,4,2
6700,Twostars,thrall,384,druid,balance,6,4,2
6701,Cashgame,malganis,384,druid,balance,6,4,2
6702,Beamerboy,bleeding-hollow,384,druid,balance,6,4,2
6703,Pincho,hyjal,384,druid,balance,6,4,2
6704,Hëllchaos,sargeras,384,druid,balance,6,4,2
6705,Bubblybear,winterhoof,384,druid,balance,6,4,2
6706,Duo,demon-soul,384,druid,balance,6,4,2
6707,Joiczar,maelstrom,384,druid,balance,6,4,2
6708,Shinazugawa,maiev,384,druid,balance,6,4,2
6709,Melizaa,stormrage,384,druid,balance,6,4,2
6710,Luvgames,area-52,384,druid,balance,6,4,2
6711,Critkatbear,detheroc,384,druid,balance,6,4,2
6712,Druz,spirestone,384,druid,balance,6,4,2
6713,Dokasaurus,lightbringer,384,druid,balance,6,4,2
6714,Watchugonndo,tichondrius,384,druid,balance,6,4,2
6715,Gloomcat,illidan,384,druid,balance,6,4,2
6716,Korlstone,zuljin,384,druid,balance,6,4,2
6717,Lukass,tichondrius,384,druid,balance,6,4,2
6718,Elonmuskirl,illidan,384,druid,balance,6,4,2
6719,Zxve,stormrage,384,druid,balance,6,4,2
6720,Seekamp,khazgoroth,384,druid,balance,6,4,2
6721,Balancz,thrall,384,druid,balance,10,5,5
6722,Scraww,tichondrius,384,druid,balance,17,6,11
6723,Astraelas,tichondrius,384,druid,balance,12,4,8
6724,Tegrizelle,cenarion-circle,384,druid,balance,12,4,8
6725,Jakermans,area-52,384,druid,balance,12,4,8
6726,Blipshift,tichondrius,384,druid,balance,12,4,8
6727,Sinistuhd,tichondrius,384,druid,balance,12,4,8
6728,Datdruidrod,illidan,384,druid,balance,12,4,8
6729,Sorh,stormrage,384,druid,balance,12,4,8
6730,Veyrønn,stormrage,384,druid,balance,12,4,8
6731,Lutein,tichondrius,384,druid,balance,12,4,8
6732,Ethan,the-venture-co,384,druid,balance,12,4,8
6733,Altius,drakkari,384,druid,balance,12,4,8
6734,Einraedon,dalaran,384,druid,balance,12,4,8
6735,Omnipaw,kelthuzad,384,druid,balance,12,4,8
6736,Zenowl,turalyon,384,druid,balance,12,4,8
6737,Tasselhoof,hyjal,384,druid,balance,12,4,8
6738,Bignosecow,illidan,384,druid,balance,12,4,8
6739,Madisonivyx,area-52,384,druid,balance,12,4,8
6740,Simo,kaelthas,384,druid,balance,12,4,8
6741,Halrath,sargeras,384,druid,balance,12,4,8
6742,Vashida,stormrage,384,druid,balance,12,4,8
6743,Immortalwild,tichondrius,384,druid,balance,12,4,8
6744,Stormclaw,elune,384,druid,balance,12,4,8
6745,Wintarz,sargeras,384,druid,balance,12,4,8
6746,Velaar,arthas,384,druid,balance,12,4,8
6747,Guitarsolos,nagrand,384,druid,balance,12,4,8
6748,Katdog,warsong,384,druid,balance,18,4,14
6749,Krunge,frostwolf,383,druid,balance,6,4,2
6750,Bulldog,runetotem,383,druid,balance,6,4,2
6751,Huoxiaoying,tichondrius,383,druid,balance,6,4,2
6752,Aessinawisp,frostmourne,383,druid,balance,6,4,2
6753,Herbirove,frostmourne,383,druid,balance,6,4,2
6754,Xisloko,azralon,383,druid,balance,6,4,2
6755,Papitank,drakkari,383,druid,balance,6,4,2
6756,Balthøs,moon-guard,383,druid,balance,6,4,2
6757,Scienttific,malganis,383,druid,balance,12,4,8
6758,Balantina,tichondrius,383,druid,balance,12,4,8
6759,Nobullshift,icecrown,383,druid,balance,12,4,8
6760,Tïcks,illidan,383,druid,balance,12,4,8
6761,Nukaboom,elune,382,druid,balance,6,4,2
6762,Boomanon,illidan,382,druid,balance,6,4,2
6763,Sever,ysera,382,druid,balance,12,4,8
6764,Meowfacebby,stormrage,367,druid,balance,11,4,7
6765,Seytu,sargeras,351,druid,balance,8,5,3
6766,Gutanamo,stormrage,334,druid,balance,8,5,3
6767,Rahdek,azgalor,330,druid,balance,7,5,2
6768,Kimnim,tichondrius,330,druid,balance,9,6,3
6769,Ihjx,sargeras,330,druid,balance,11,6,5
6770,Yangrou,tichondrius,330,druid,balance,11,5,6
6771,Wiredxd,illidan,288,druid,balance,6,3,3
6772,Taztoc,stormrage,288,druid,balance,6,3,3
6773,Jabawockdeez,area-52,288,druid,balance,6,3,3
6774,Schmeatbawls,illidan,288,druid,balance,6,3,3
6775,Slottpocket,malganis,288,druid,balance,6,3,3
6776,Jxred,illidan,288,druid,balance,6,3,3
6777,Haaha,area-52,288,druid,balance,6,3,3
6778,Nidalie,zuljin,288,druid,balance,6,3,3
6779,Spooser,proudmoore,288,druid,balance,6,3,3
6780,Starfallgg,sargeras,288,druid,balance,6,3,3
6781,Pepperpawz,emerald-dream,288,druid,balance,6,3,3
6782,Polyproof,emerald-dream,288,druid,balance,6,3,3
6783,Loren,gorefiend,288,druid,balance,6,3,3
6784,Alcorria,area-52,288,druid,balance,6,3,3
6785,Guidoanchovz,thrall,288,druid,balance,6,3,3
6786,Kî,thunderlord,288,druid,balance,6,3,3
6787,Painsbrook,thrall,288,druid,balance,6,3,3
6788,Malfuria,tichondrius,288,druid,balance,6,3,3
6789,Aconcat,bleeding-hollow,288,druid,balance,6,3,3
6790,Icastsmells,tichondrius,288,druid,balance,6,3,3
6791,Budtender,moon-guard,288,druid,balance,6,3,3
6792,Boiledfrogs,zuljin,288,druid,balance,6,3,3
6793,Cimanin,malganis,288,druid,balance,6,3,3
6794,Swampduck,saurfang,288,druid,balance,6,3,3
6795,Goldentaint,tichondrius,288,druid,balance,6,3,3
6796,Luuxia,tichondrius,288,druid,balance,6,3,3
6797,Sawachicky,frostmourne,288,druid,balance,6,3,3
6798,Silynce,tichondrius,288,druid,balance,6,3,3
6799,Waiv,area-52,288,druid,balance,6,3,3
6800,Voodoopipe,tichondrius,288,druid,balance,6,3,3
6801,Fengfeidruid,illidan,288,druid,balance,6,3,3
6802,Azoth,hyjal,288,druid,balance,6,3,3
6803,Hootiepie,hyjal,288,druid,balance,6,3,3
6804,Coompie,frostmourne,288,druid,balance,6,3,3
6805,Iploopedyogf,bleeding-hollow,288,druid,balance,6,3,3
6806,Akiza,sargeras,288,druid,balance,6,3,3
6807,Silkyroad,tichondrius,288,druid,balance,6,3,3
6808,Stretchhxd,tichondrius,288,druid,balance,6,3,3
6809,Vykarux,suramar,288,druid,balance,6,3,3
6810,Kaldelar,emerald-dream,288,druid,balance,6,3,3
6811,Kalalana,illidan,288,druid,balance,6,3,3
6812,Icefang,tichondrius,288,druid,balance,6,3,3
6813,Bearys,area-52,288,druid,balance,6,3,3
6814,Cien,thrall,288,druid,balance,6,3,3
6815,Ohsnapz,silvermoon,288,druid,balance,6,3,3
6816,Papacard,stormrage,288,druid,balance,6,3,3
6817,Sodah,tichondrius,288,druid,balance,6,3,3
6818,Däll,tichondrius,288,druid,balance,6,3,3
6819,Ðeepsixx,burning-legion,288,druid,balance,6,3,3
6820,Jpylm,ysera,288,druid,balance,6,3,3
6821,Eøle,stormrage,288,druid,balance,6,3,3
6822,Mådge,frostmourne,288,druid,balance,6,3,3
6823,Shaftomatic,tichondrius,288,druid,balance,6,3,3
6824,Snartx,illidan,288,druid,balance,6,3,3
6825,Cbark,ravencrest,288,druid,balance,6,3,3
6826,Winmax,tichondrius,288,druid,balance,6,3,3
6827,Targeted,sargeras,288,druid,balance,6,3,3
6828,Bhíkkhu,stormrage,288,druid,balance,6,3,3
6829,Thumpb,bronzebeard,288,druid,balance,6,3,3
6830,Celestialife,frostmourne,288,druid,balance,6,3,3
6831,Sypìí,stormrage,288,druid,balance,6,3,3
6832,Pergutory,frostmourne,288,druid,balance,6,3,3
6833,Jgb,dalaran,288,druid,balance,6,3,3
6834,Galadriowl,dalaran,288,druid,balance,6,3,3
6835,Jayroneowo,frostmourne,288,druid,balance,6,3,3
6836,Shalaz,magtheridon,288,druid,balance,6,3,3
6837,Swiftboom,stormrage,288,druid,balance,6,3,3
6838,Çãñçèr,frostmourne,288,druid,balance,6,3,3
6839,Pigmanbear,kelthuzad,288,druid,balance,6,3,3
6840,Rhorr,frostmourne,288,druid,balance,6,3,3
6841,Ornaaga,blackrock,288,druid,balance,6,3,3
6842,Hchhi,ragnaros,288,druid,balance,6,3,3
6843,Bigswaag,malganis,288,druid,balance,7,3,4
6844,Xail,hyjal,288,druid,balance,8,3,5
6845,Wreckingcrew,emerald-dream,288,druid,balance,8,3,5
6846,Retsarehard,illidan,288,druid,balance,8,3,5
6847,Scythé,stormrage,288,druid,balance,12,3,9
6848,Feyrien,dalaran,288,druid,balance,12,3,9
6849,Mulgorer,tichondrius,288,druid,balance,12,3,9
6850,Monicaduan,frostmourne,288,druid,balance,12,3,9
6851,Plye,korgath,288,druid,balance,12,3,9
6852,Koan,proudmoore,288,druid,balance,12,3,9
6853,Uezzon,tol-barad,288,druid,balance,12,3,9
6854,Davelombardo,tichondrius,288,druid,balance,12,3,9
6855,Jalapenoz,wyrmrest-accord,288,druid,balance,12,3,9
6856,Furrycringe,stormrage,288,druid,balance,12,3,9
6857,Mørphea,darkspear,288,druid,balance,12,3,9
6858,Machinex,illidan,288,druid,balance,12,3,9
6859,Proudmom,barthilas,288,druid,balance,12,3,9
6860,Gilgorash,kiljaeden,288,druid,balance,12,3,9
6861,Xalstarrot,sargeras,288,druid,balance,12,3,9
6862,Cêania,moon-guard,288,druid,balance,12,3,9
6863,Hottiecake,bronzebeard,288,druid,balance,12,3,9
6864,Loathe,korialstrasz,288,druid,balance,12,3,9
6865,Teyollocuani,sargeras,288,druid,balance,12,3,9
6866,Evarene,vashj,288,druid,balance,12,3,9
6867,Wweegyy,tichondrius,287,druid,balance,6,3,3
6868,Guston,lightbringer,287,druid,balance,6,3,3
6869,Seethert,quelthalas,286,druid,balance,6,3,3
6870,Wiseoldman,jubeithos,286,druid,balance,6,3,3
6871,Elydaria,destromath,286,druid,balance,6,3,3
6872,Formgodx,malganis,256,druid,balance,10,3,7
6873,Vollzar,sargeras,255,druid,balance,11,3,8
6874,Amanara,echo-isles,255,druid,balance,11,3,8
6875,Oddclaw,stormrage,239,druid,balance,5,3,2
6876,Bigtoeess,tichondrius,239,druid,balance,5,3,2
6877,Tanawak,tichondrius,239,druid,balance,5,3,2
6878,Ranokaliki,area-52,239,druid,balance,5,3,2
6879,Clawandørder,tichondrius,223,druid,balance,8,3,5
6880,Jazzman,jubeithos,223,druid,balance,14,3,11
6881,Nodeathz,sargeras,192,druid,balance,4,3,1
6882,Flummoz,frostmourne,192,druid,balance,4,3,1
6883,Niwßor,azralon,192,druid,balance,10,4,6
6884,Hellabanx,tichondrius,192,druid,balance,6,2,4
6885,Isunami,emerald-dream,192,druid,balance,6,2,4
6886,Bobobear,proudmoore,192,druid,balance,6,2,4
6887,Lilherb,azralon,192,druid,balance,6,2,4
6888,Hagenws,azralon,192,druid,balance,6,2,4
6889,Edinhalfhorn,bonechewer,192,druid,balance,6,2,4
6890,Dazedru,stormrage,192,druid,balance,6,2,4
6891,Potus,illidan,192,druid,balance,6,2,4
6892,Smallrichard,bleeding-hollow,192,druid,balance,6,2,4
6893,Bubblebraìn,area-52,192,druid,balance,6,2,4
6894,Cbreezyy,tichondrius,192,druid,balance,6,2,4
6895,Spicyorange,dalaran,192,druid,balance,6,2,4
6896,Injeckx,tichondrius,192,druid,balance,6,2,4
6897,Ginunaga,tichondrius,192,druid,balance,6,2,4
6898,Moistism,tichondrius,192,druid,balance,6,2,4
6899,Adonalsium,area-52,192,druid,balance,6,2,4
6900,Credd,zuljin,192,druid,balance,6,2,4
6901,Yosuzume,thrall,192,druid,balance,6,2,4
6902,Bullwïnkle,uther,192,druid,balance,6,2,4
6903,Trippykitty,tichondrius,192,druid,balance,6,2,4
6904,Simeron,silvermoon,192,druid,balance,6,2,4
6905,Gazwazluz,lothar,192,druid,balance,6,2,4
6906,Pawswap,tichondrius,192,druid,balance,6,2,4
6907,Tp,dragonblight,192,druid,balance,6,2,4
6908,Tansdruid,area-52,192,druid,balance,6,2,4
6909,Azshunara,moon-guard,192,druid,balance,6,2,4
6910,Absentteeth,stormrage,192,druid,balance,6,2,4
6911,Speaks,moon-guard,192,druid,balance,6,2,4
6912,Crycloné,stormrage,192,druid,balance,6,2,4
6913,Dweralin,nemesis,192,druid,balance,6,2,4
6914,Starsfall,tichondrius,192,druid,balance,6,2,4
6915,Hoptimus,zuljin,192,druid,balance,6,2,4
6916,Zigh,azralon,192,druid,balance,6,2,4
6917,Ridicules,cenarius,192,druid,balance,6,2,4
6918,Katherine,moon-guard,192,druid,balance,6,2,4
6919,Markóla,stormrage,192,druid,balance,6,2,4
6920,Laymonath,elune,192,druid,balance,6,2,4
6921,Totorostard,tichondrius,192,druid,balance,6,2,4
6922,Hream,echo-isles,192,druid,balance,6,2,4
6923,Moonhorn,kelthuzad,192,druid,balance,6,2,4
6924,Mäûled,fizzcrank,192,druid,balance,6,2,4
6925,Octacer,malfurion,192,druid,balance,6,2,4
6926,Ohzú,ragnaros,192,druid,balance,6,2,4
6927,Hornny,shattered-hand,192,druid,balance,6,2,4
6928,Rakuath,zuljin,192,druid,balance,6,2,4
6929,Boomtastik,frostmourne,192,druid,balance,6,2,4
6930,Mythicdruid,ragnaros,192,druid,balance,6,2,4
6931,Trìckyz,tichondrius,192,druid,balance,6,2,4
6932,Bestik,quelthalas,192,druid,balance,6,2,4
6933,Gidam,moon-guard,192,druid,balance,6,2,4
6934,Chèétøhz,moon-guard,192,druid,balance,6,2,4
6935,Srbestias,quelthalas,192,druid,balance,6,2,4
6936,Wtfhommie,madoran,192,druid,balance,6,2,4
6937,Mòónwhisper,moon-guard,192,druid,balance,6,2,4
6938,Variandruid,kelthuzad,192,druid,balance,6,2,4
6939,Arienne,kelthuzad,192,druid,balance,6,2,4
6940,Guap,bleeding-hollow,192,druid,balance,6,2,4
6941,Skke,barthilas,192,druid,balance,6,2,4
6942,Hawgs,bleeding-hollow,192,druid,balance,6,2,4
6943,Loodichriss,area-52,192,druid,balance,6,2,4
6944,Maidah,malganis,192,druid,balance,6,2,4
6945,Nightnes,sargeras,192,druid,balance,6,2,4
6946,Zukru,malganis,192,druid,balance,6,2,4
6947,Hancalimon,nemesis,192,druid,balance,6,2,4
6948,Nokitty,tichondrius,192,druid,balance,6,2,4
6949,Flarkage,area-52,192,druid,balance,6,2,4
6950,Enlil,the-underbog,192,druid,balance,6,2,4
6951,Explicít,sargeras,192,druid,balance,6,2,4
6952,Treezyn,sargeras,192,druid,balance,6,2,4
6953,Empriona,wildhammer,192,druid,balance,6,2,4
6954,Sloppysheila,sargeras,192,druid,balance,6,2,4
6955,Visûcius,moon-guard,192,druid,balance,12,2,10
6956,Loggoruk,illidan,192,druid,balance,12,2,10
6957,Everglim,azralon,192,druid,balance,12,2,10
6958,Daydaygo,illidan,192,druid,balance,12,2,10
6959,Thundyrcat,tichondrius,192,druid,balance,12,2,10
6960,Solaress,moon-guard,192,druid,balance,12,2,10
6961,Thicchicken,emerald-dream,191,druid,balance,12,2,10
6962,Moonkingx,ragnaros,159,druid,balance,5,2,3
6963,Nightsanta,emerald-dream,159,druid,balance,5,2,3
6964,Stealthhero,lightbringer,159,druid,balance,5,2,3
6965,Irontree,dunemaul,159,druid,balance,5,2,3
6966,Formality,kalecgos,159,druid,balance,5,2,3
6967,Xylemcow,malganis,159,druid,balance,5,2,3
6968,Theriomorph,barthilas,138,druid,balance,10,3,7
6969,Appitrap,emerald-dream,137,druid,balance,19,3,16
6970,Aeo,frostmourne,112,druid,balance,7,2,5
6971,Alistar,scilla,96,druid,balance,3,2,1
6972,Vawdka,proudmoore,96,druid,balance,3,2,1
6973,Yøpièrre,bleeding-hollow,96,druid,balance,3,2,1
6974,Scoobyshiftz,frostmourne,96,druid,balance,8,2,6
6975,Omegabeast,frostmourne,96,druid,balance,6,1,5
6976,Aelena,whisperwind,96,druid,balance,6,1,5
6977,Kirrel,frostmourne,96,druid,balance,6,1,5
6978,Brucey,khadgar,96,druid,balance,6,1,5
6979,Travys,sargeras,96,druid,balance,6,1,5
6980,Dèrpin,thrall,96,druid,balance,6,1,5
6981,Chalupà,illidan,96,druid,balance,6,1,5
6982,Schlaankeyy,stormrage,96,druid,balance,6,1,5
6983,Zazinium,illidan,96,druid,balance,6,1,5
6984,Cloyer,stormrage,96,druid,balance,6,1,5
6985,Caponetonejr,steamwheedle-cartel,96,druid,balance,6,1,5
6986,Chickenaeg,stormrage,96,druid,balance,6,1,5
6987,Elivacheth,zuljin,96,druid,balance,6,1,5
6988,Iamatomic,illidan,96,druid,balance,6,1,5
6989,Salanzô,bleeding-hollow,96,druid,balance,6,1,5
6990,Tsaß,bleeding-hollow,96,druid,balance,6,1,5
6991,Fancyprance,dalaran,96,druid,balance,6,1,5
6992,Thissaene,sargeras,96,druid,balance,6,1,5
6993,Breedable,elune,96,druid,balance,6,1,5
6994,Grimmb,emerald-dream,96,druid,balance,6,1,5
6995,Sunmoonkong,area-52,96,druid,balance,6,1,5
6996,Stalfrus,area-52,96,druid,balance,6,1,5
6997,Shmooglite,emerald-dream,96,druid,balance,6,1,5
6998,Barecowbear,bleeding-hollow,96,druid,balance,6,1,5
6999,Sinapticc,proudmoore,96,druid,balance,6,1,5
7000,Papaland,tichondrius,96,druid,balance,6,1,5
7001,Torpina,malganis,96,druid,balance,6,1,5
7002,Stinkycrotch,malganis,96,druid,balance,6,1,5
7003,Ultracatx,tichondrius,96,druid,balance,6,1,5
7004,Dendríta,ragnaros,96,druid,balance,6,1,5
7005,Oatmeals,fizzcrank,96,druid,balance,6,1,5
7006,Walkdown,turalyon,96,druid,balance,6,1,5
7007,Whodoüvoodoo,tichondrius,96,druid,balance,6,1,5
7008,Furryluvr,tichondrius,96,druid,balance,6,1,5
7009,Goodhealer,akama,96,druid,balance,6,1,5
7010,Rennan,cenarius,96,druid,balance,6,1,5
7011,Ggumy,tichondrius,96,druid,balance,6,1,5
7012,Klint,darkspear,96,druid,balance,6,1,5
7013,Scatpanties,moon-guard,96,druid,balance,6,1,5
7014,Dobrman,sargeras,96,druid,balance,6,1,5
7015,Youlived,aegwynn,96,druid,balance,6,1,5
7016,Idontknowbro,bonechewer,96,druid,balance,6,1,5
7017,Simbaa,blades-edge,96,druid,balance,10,1,9
7018,Kängawalafox,frostmourne,96,druid,balance,12,1,11
7019,Kodrän,stormrage,96,druid,balance,12,1,11
7020,Drewcarriesu,arthas,79,druid,balance,5,2,3
7021,Zephiee,kelthuzad,79,druid,balance,5,1,4
7022,Manalune,firetree,79,druid,balance,5,1,4
7023,Foggie,spirestone,79,druid,balance,5,1,4
7024,Raahmirtah,illidan,79,druid,balance,5,1,4
7025,Lutzenberger,nemesis,79,druid,balance,5,1,4
7026,Hughhefferr,illidan,63,druid,balance,2,2,0
7027,Guron,aegwynn,48,druid,balance,3,1,2
7028,Joshepwrith,azralon,42,druid,balance,7,2,5
7029,Policë,skullcrusher,42,druid,balance,8,2,6
7030,Nåpes,frostmourne,31,druid,balance,2,1,1
7031,Thullian,stormrage,31,druid,balance,2,1,1
7032,Äbÿss,tichondrius,16,druid,balance,1,1,0
7033,Highs,sargeras,16,druid,balance,1,1,0
7034,Garbagevoker,scilla,2242,evoker,preservation,192,99,93
7035,Meraxes,moonrunner,2167,evoker,preservation,77,42,35
7036,Dracob,sargeras,2131,evoker,preservation,164,88,76
7037,Sleepiihead,stormrage,2130,evoker,preservation,96,50,46
7038,Jakedrake,stormrage,2128,evoker,preservation,97,49,48
7039,Dragocula,tichondrius,2106,evoker,preservation,109,55,54
7040,Jdbthyr,malganis,2025,evoker,preservation,156,73,83
7041,Sleepiiheadx,stormrage,2021,evoker,preservation,60,35,25
7042,Idk,proudmoore,2004,evoker,preservation,66,34,32
7043,Kiry,emerald-dream,1994,evoker,preservation,84,40,44
7044,Eskrizzle,thrall,1991,evoker,preservation,78,38,40
7045,Didy,tichondrius,1986,evoker,preservation,135,69,66
7046,Storeypagoda,tichondrius,1984,evoker,preservation,74,42,32
7047,Kallie,whisperwind,1971,evoker,preservation,503,250,253
7048,Idrinkurine,tichondrius,1918,evoker,preservation,88,45,43
7049,Ellafortnite,emerald-dream,1915,evoker,preservation,55,31,24
7050,Sloane,dunemaul,1899,evoker,preservation,51,32,19
7051,Mngxaltx,ragnaros,1885,evoker,preservation,78,37,41
7052,Philmcracken,proudmoore,1883,evoker,preservation,34,24,10
7053,Benym,tichondrius,1873,evoker,preservation,60,32,28
7054,Lieferant,area-52,1867,evoker,preservation,48,25,23
7055,Bimbus,illidan,1865,evoker,preservation,148,81,67
7056,Walf,stormrage,1864,evoker,preservation,311,156,155
7057,Eyjes,stormrage,1847,evoker,preservation,90,48,42
7058,Thnake,zuljin,1839,evoker,preservation,72,38,34
7059,Selkisaurus,area-52,1834,evoker,preservation,60,29,31
7060,Ancalagøn,ragnaros,1833,evoker,preservation,70,35,35
7061,Ojigi,sargeras,1833,evoker,preservation,69,28,41
7062,Driceses,area-52,1831,evoker,preservation,72,44,28
7063,Stønemonkey,sargeras,1831,evoker,preservation,123,66,57
7064,Iba,tichondrius,1828,evoker,preservation,96,54,42
7065,Ravebae,frostmourne,1828,evoker,preservation,45,25,20
7066,Neskor,moon-guard,1827,evoker,preservation,101,58,43
7067,Drupy,tichondrius,1816,evoker,preservation,54,28,26
7068,Dragongunz,illidan,1815,evoker,preservation,42,19,23
7069,Lucardeht,illidan,1813,evoker,preservation,44,23,21
7070,Dragonkok,stormrage,1810,evoker,preservation,42,26,16
7071,Hlaargh,illidan,1809,evoker,preservation,60,31,29
7072,Furegos,zuljin,1807,evoker,preservation,48,23,25
7073,Lodekiim,malganis,1806,evoker,preservation,66,30,36
7074,Obama,dragonmaw,1801,evoker,preservation,78,33,45
7075,Novustrasza,lightbringer,1800,evoker,preservation,66,43,23
7076,Petezra,ragnaros,1800,evoker,preservation,70,33,37
7077,Livesey,thunderhorn,1791,evoker,preservation,96,56,40
7078,Drerick,illidan,1772,evoker,preservation,104,53,51
7079,Dragontrees,illidan,1765,evoker,preservation,54,28,26
7080,Neocellx,frostwolf,1756,evoker,preservation,49,28,21
7081,Ugg,stormrage,1756,evoker,preservation,171,76,95
7082,Berquone,tichondrius,1747,evoker,preservation,72,31,41
7083,Cerevok,area-52,1745,evoker,preservation,60,37,23
7084,Phooby,sargeras,1736,evoker,preservation,72,37,35
7085,Dunkinonem,black-dragonflight,1734,evoker,preservation,562,281,281
7086,Rosestrasza,silvermoon,1734,evoker,preservation,132,63,69
7087,Dirtydragon,uther,1724,evoker,preservation,54,22,32
7088,Dracthyrfang,elune,1718,evoker,preservation,48,22,26
7089,Révoked,magtheridon,1715,evoker,preservation,305,166,139
7090,Courtvoke,turalyon,1715,evoker,preservation,153,82,71
7091,Basherm,moon-guard,1711,evoker,preservation,96,47,49
7092,Lodedragon,tichondrius,1695,evoker,preservation,102,44,58
7093,Elimi,tichondrius,1687,evoker,preservation,30,18,12
7094,Redseal,tichondrius,1685,evoker,preservation,66,31,35
7095,Evokethisdik,tichondrius,1684,evoker,preservation,37,20,17
7096,Schmitty,hellscream,1684,evoker,preservation,94,45,49
7097,Mirandaxo,tichondrius,1684,evoker,preservation,161,73,88
7098,Dragonclause,stormrage,1684,evoker,preservation,54,24,30
7099,Whethersmell,tichondrius,1674,evoker,preservation,92,43,49
7100,Judra,barthilas,1665,evoker,preservation,74,38,36
7101,Velstrasza,stormrage,1664,evoker,preservation,36,20,16
7102,Dupastrasza,illidan,1664,evoker,preservation,60,25,35
7103,Vulkerr,stormrage,1663,evoker,preservation,90,51,39
7104,Usedbandage,sargeras,1660,evoker,preservation,72,39,33
7105,Daegonz,lightbringer,1657,evoker,preservation,116,57,59
7106,Junkstam,malganis,1648,evoker,preservation,63,30,33
7107,Dragboy,stormrage,1645,evoker,preservation,116,64,52
7108,Domavem,tichondrius,1642,evoker,preservation,66,28,38
7109,Flamedramon,bleeding-hollow,1641,evoker,preservation,223,103,120
7110,Kainalaz,moon-guard,1637,evoker,preservation,49,23,26
7111,Trákanon,mugthol,1634,evoker,preservation,67,37,30
7112,Ðrac,bleeding-hollow,1633,evoker,preservation,53,30,23
7113,Modenzu,malganis,1629,evoker,preservation,66,33,33
7114,Purrlynn,tichondrius,1627,evoker,preservation,48,31,17
7115,Dripdrop,stormscale,1627,evoker,preservation,94,49,45
7116,Wingsoflyfe,frostmourne,1625,evoker,preservation,48,20,28
7117,Dragondikz,tichondrius,1622,evoker,preservation,48,25,23
7118,Chessyk,ragnaros,1615,evoker,preservation,35,25,10
7119,Grunkthyr,moon-guard,1614,evoker,preservation,47,25,22
7120,Leonilxd,tichondrius,1610,evoker,preservation,97,51,46
7121,Bigdwagon,stormrage,1608,evoker,preservation,36,17,19
7122,Triarcs,sargeras,1606,evoker,preservation,40,21,19
7123,Twizzthyr,bleeding-hollow,1604,evoker,preservation,90,42,48
7124,Deadlybx,bleeding-hollow,1603,evoker,preservation,70,32,38
7125,Layugos,azralon,1601,evoker,preservation,35,20,15
7126,Gharkul,frostmourne,1601,evoker,preservation,42,20,22
7127,Provokker,drakkari,1600,evoker,preservation,30,21,9
7128,Jlucks,wyrmrest-accord,1600,evoker,preservation,166,94,72
7129,Veraxsys,wyrmrest-accord,1600,evoker,preservation,52,20,32
7130,Emperör,quelthalas,1598,evoker,preservation,79,43,36
7131,Grousegamer,barthilas,1591,evoker,preservation,50,21,29
7132,Stinkler,stormscale,1586,evoker,preservation,78,36,42
7133,Adragon,garithos,1585,evoker,preservation,77,30,47
7134,Thinprivlege,area-52,1583,evoker,preservation,60,26,34
7135,Evokesyn,stormrage,1582,evoker,preservation,69,37,32
7136,Cyndragosa,dalvengyr,1565,evoker,preservation,59,27,32
7137,Buttcrease,emerald-dream,1562,evoker,preservation,42,22,20
7138,Møritz,stormrage,1562,evoker,preservation,86,40,46
7139,Deathdrake,jubeithos,1559,evoker,preservation,114,51,63
7140,Slimez,malganis,1556,evoker,preservation,48,21,27
7141,Dragonkink,sargeras,1550,evoker,preservation,54,28,26
7142,Dracore,firetree,1549,evoker,preservation,215,112,103
7143,Ffaarrvv,illidan,1540,evoker,preservation,97,58,39
7144,Tonysaur,lethon,1537,evoker,preservation,30,19,11
7145,Kwitty,illidan,1535,evoker,preservation,48,27,21
7146,Fláppÿbírd,bleeding-hollow,1533,evoker,preservation,24,16,8
7147,Runawayslave,frostmane,1530,evoker,preservation,204,99,105
7148,Cokobra,haomarush,1529,evoker,preservation,24,16,8
7149,Velocîraptor,bleeding-hollow,1524,evoker,preservation,92,53,39
7150,Bigbaojian,tichondrius,1522,evoker,preservation,24,16,8
7151,Trembulos,malganis,1522,evoker,preservation,36,18,18
7152,Eyolker,kelthuzad,1521,evoker,preservation,59,31,28
7153,Gobananas,sargeras,1520,evoker,preservation,29,17,12
7154,Quickshootin,tichondrius,1519,evoker,preservation,132,59,73
7155,Ponnukii,tichondrius,1517,evoker,preservation,172,89,83
7156,Mfka,dalaran,1515,evoker,preservation,53,24,29
7157,Drepz,dalaran,1514,evoker,preservation,57,40,17
7158,Thevochr,area-52,1514,evoker,preservation,42,27,15
7159,Dragonsteppz,aegwynn,1512,evoker,preservation,30,16,14
7160,Earthshatter,lightbringer,1510,evoker,preservation,166,91,75
7161,Ycnpass,tichondrius,1509,evoker,preservation,134,79,55
7162,Dragoncods,velen,1509,evoker,preservation,42,24,18
7163,Madegood,tichondrius,1508,evoker,preservation,54,26,28
7164,Jacm,fizzcrank,1502,evoker,preservation,48,23,25
7165,Youngyongdie,tichondrius,1499,evoker,preservation,52,25,27
7166,Corncrake,sargeras,1495,evoker,preservation,44,19,25
7167,Vhaegart,area-52,1491,evoker,preservation,90,38,52
7168,Emoker,magtheridon,1490,evoker,preservation,84,46,38
7169,Zenot,malganis,1488,evoker,preservation,34,25,9
7170,Macismighty,emerald-dream,1488,evoker,preservation,48,31,17
7171,Hepzibah,kelthuzad,1488,evoker,preservation,53,23,30
7172,Virtualcrush,sisters-of-elune,1486,evoker,preservation,94,49,45
7173,Nikholatrus,malganis,1483,evoker,preservation,106,52,54
7174,Splendadaddy,kiljaeden,1482,evoker,preservation,30,16,14
7175,Sineexe,illidan,1476,evoker,preservation,80,47,33
7176,Buttfinger,bladefist,1476,evoker,preservation,74,33,41
7177,Ralzital,auchindoun,1476,evoker,preservation,68,29,39
7178,Yotus,illidan,1474,evoker,preservation,60,35,25
7179,Necrathma,tichondrius,1473,evoker,preservation,62,31,31
7180,Nazatra,wyrmrest-accord,1473,evoker,preservation,71,34,37
7181,Suffler,warsong,1472,evoker,preservation,72,39,33
7182,Qiblii,moon-guard,1470,evoker,preservation,48,24,24
7183,Monavoker,bleeding-hollow,1466,evoker,preservation,36,20,16
7184,Weagle,zuljin,1465,evoker,preservation,45,18,27
7185,Garchamp,area-52,1462,evoker,preservation,42,19,23
7186,Enazen,kiljaeden,1460,evoker,preservation,83,45,38
7187,Delivv,hyjal,1455,evoker,preservation,54,30,24
7188,Cringilisk,kelthuzad,1454,evoker,preservation,126,82,44
7189,Thicscales,tichondrius,1454,evoker,preservation,58,29,29
7190,Lalargata,azralon,1450,evoker,preservation,59,28,31
7191,Pauly,suramar,1449,evoker,preservation,54,27,27
7192,Vormontis,azralon,1449,evoker,preservation,76,34,42
7193,Suedeshoes,bleeding-hollow,1448,evoker,preservation,162,88,74
7194,Egglayer,tichondrius,1448,evoker,preservation,114,42,72
7195,Nyxtari,ragnaros,1447,evoker,preservation,108,57,51
7196,Spyrox,zuluhed,1445,evoker,preservation,30,16,14
7197,Gogmagog,korgath,1442,evoker,preservation,84,40,44
7198,Dragisha,gnomeregan,1441,evoker,preservation,48,28,20
7199,Ráigon,ragnaros,1439,evoker,preservation,118,54,64
7200,Derazar,malganis,1438,evoker,preservation,249,111,138
7201,Squarter,kiljaeden,1437,evoker,preservation,48,28,20
7202,Bucket,wyrmrest-accord,1437,evoker,preservation,38,16,22
7203,Dragonmyass,tichondrius,1434,evoker,preservation,43,17,26
7204,Sovietønion,tichondrius,1433,evoker,preservation,71,32,39
7205,Fusrodude,shuhalo,1428,evoker,preservation,86,48,38
7206,Zakaraki,bloodscalp,1427,evoker,preservation,60,35,25
7207,Handeezol,malganis,1426,evoker,preservation,48,27,21
7208,Kjerne,stormrage,1424,evoker,preservation,64,34,30
7209,Elcigala,ragnaros,1423,evoker,preservation,210,103,107
7210,Spyrodadrago,malganis,1423,evoker,preservation,113,50,63
7211,Nyzara,emerald-dream,1419,evoker,preservation,36,16,20
7212,Xurota,proudmoore,1418,evoker,preservation,80,34,46
7213,Xerroh,area-52,1417,evoker,preservation,71,38,33
7214,Kephii,eonar,1415,evoker,preservation,42,22,20
7215,Vyndormu,moon-guard,1410,evoker,preservation,46,22,24
7216,Zka,nemesis,1408,evoker,preservation,43,21,22
7217,Meiron,azralon,1407,evoker,preservation,66,33,33
7218,Kigglypuff,illidan,1406,evoker,preservation,36,15,21
7219,Cyntheticdr,malganis,1404,evoker,preservation,54,30,24
7220,Roogye,illidan,1403,evoker,preservation,96,49,47
7221,Dylôn,tichondrius,1398,evoker,preservation,58,27,31
7222,Kikokosta,tichondrius,1389,evoker,preservation,106,57,49
7223,Jmir,tichondrius,1389,evoker,preservation,59,24,35
7224,Miliolievo,azralon,1385,evoker,preservation,235,115,120
7225,Otsira,frostmourne,1383,evoker,preservation,48,32,16
7226,Masquemeto,illidan,1382,evoker,preservation,43,21,22
7227,Mythsvoker,barthilas,1377,evoker,preservation,44,25,19
7228,Tazarke,dawnbringer,1375,evoker,preservation,60,35,25
7229,Fuoco,kiljaeden,1374,evoker,preservation,50,28,22
7230,Healmeta,sargeras,1369,evoker,preservation,308,154,154
7231,Pootylizard,daggerspine,1367,evoker,preservation,44,16,28
7232,Friedwings,wyrmrest-accord,1359,evoker,preservation,27,16,11
7233,Giratina,area-52,1357,evoker,preservation,72,37,35
7234,Thepplschamp,bloodhoof,1354,evoker,preservation,48,23,25
7235,Lifewing,bleeding-hollow,1352,evoker,preservation,67,25,42
7236,Darthjarjar,bloodscalp,1351,evoker,preservation,170,84,86
7237,Bomber,frostwolf,1351,evoker,preservation,34,16,18
7238,Quesodillas,stormreaver,1350,evoker,preservation,48,18,30
7239,Sía,drakkari,1349,evoker,preservation,48,28,20
7240,Cronós,tichondrius,1347,evoker,preservation,60,26,34
7241,Neffiie,dalaran,1345,evoker,preservation,96,45,51
7242,Misico,illidan,1343,evoker,preservation,48,30,18
7243,Kîñggïgàçhäð,stormrage,1343,evoker,preservation,24,14,10
7244,Feijiwang,aegwynn,1342,evoker,preservation,69,41,28
7245,Patzdormu,area-52,1342,evoker,preservation,30,14,16
7246,Dracadukez,illidan,1342,evoker,preservation,42,14,28
7247,Voithyr,moon-guard,1340,evoker,preservation,183,84,99
7248,Primshin,illidan,1339,evoker,preservation,69,34,35
7249,Gotbreath,dalaran,1338,evoker,preservation,57,32,25
7250,Enalen,azjolnerub,1338,evoker,preservation,62,29,33
7251,Actïoncat,emerald-dream,1338,evoker,preservation,69,26,43
7252,Paladinex,tichondrius,1337,evoker,preservation,35,23,12
7253,Moralies,area-52,1336,evoker,preservation,30,14,16
7254,Naykir,khazgoroth,1335,evoker,preservation,24,16,8
7255,Sanninv,barthilas,1334,evoker,preservation,30,14,16
7256,Forsakentime,sargeras,1333,evoker,preservation,60,32,28
7257,Chunkè,moon-guard,1331,evoker,preservation,63,26,37
7258,Kalsit,emerald-dream,1330,evoker,preservation,58,26,32
7259,Gumbåll,bleeding-hollow,1330,evoker,preservation,70,31,39
7260,Growthyy,malganis,1328,evoker,preservation,23,16,7
7261,Mäverick,kelthuzad,1327,evoker,preservation,35,23,12
7262,Bigdrag,blackhand,1325,evoker,preservation,97,51,46
7263,Linguistic,tichondrius,1325,evoker,preservation,30,14,16
7264,Chambea,kelthuzad,1324,evoker,preservation,53,26,27
7265,Tinine,frostmourne,1324,evoker,preservation,36,14,22
7266,Caphe,nerzhul,1323,evoker,preservation,54,24,30
7267,Vodkasauce,tichondrius,1321,evoker,preservation,24,14,10
7268,Dendywings,zuljin,1321,evoker,preservation,30,14,16
7269,Dracniel,illidan,1319,evoker,preservation,59,33,26
7270,Verk,deathwing,1318,evoker,preservation,132,72,60
7271,Hydrrax,dalaran,1316,evoker,preservation,178,90,88
7272,Annum,moon-guard,1312,evoker,preservation,42,14,28
7273,Nitalzith,area-52,1311,evoker,preservation,48,23,25
7274,Solong,sargeras,1310,evoker,preservation,67,38,29
7275,Jazzdragon,tichondrius,1310,evoker,preservation,51,24,27
7276,Zippityzoom,barthilas,1306,evoker,preservation,35,21,14
7277,Glizzurd,proudmoore,1306,evoker,preservation,273,133,140
7278,Zindrozarath,area-52,1306,evoker,preservation,109,53,56
7279,Dawitchvoker,illidan,1304,evoker,preservation,145,78,67
7280,Bryagh,executus,1304,evoker,preservation,36,18,18
7281,Kalikani,moon-guard,1303,evoker,preservation,93,41,52
7282,Wangasaur,emerald-dream,1302,evoker,preservation,55,26,29
7283,Aoibae,frostmourne,1300,evoker,preservation,60,27,33
7284,Cynderrellaa,proudmoore,1299,evoker,preservation,152,73,79
7285,Feelzz,illidan,1295,evoker,preservation,31,17,14
7286,Radragão,azralon,1291,evoker,preservation,42,24,18
7287,Nitalash,moon-guard,1286,evoker,preservation,29,14,15
7288,Selfhealzer,korgath,1285,evoker,preservation,62,29,33
7289,Xazxander,tichondrius,1284,evoker,preservation,42,20,22
7290,Thereptile,frostmourne,1284,evoker,preservation,90,41,49
7291,Crowqt,frostmourne,1282,evoker,preservation,78,29,49
7292,Ultis,tichondrius,1281,evoker,preservation,257,133,124
7293,Mëleys,ragnaros,1280,evoker,preservation,41,20,21
7294,Dragûn,stormrage,1279,evoker,preservation,30,16,14
7295,Shellessturt,kelthuzad,1278,evoker,preservation,27,14,13
7296,Lickndragons,sargeras,1265,evoker,preservation,36,14,22
7297,Xhamon,quelthalas,1264,evoker,preservation,56,29,27
7298,Lizzardload,stormreaver,1264,evoker,preservation,76,32,44
7299,Nêwt,darkspear,1256,evoker,preservation,154,77,77
7300,Skailyx,zuljin,1254,evoker,preservation,30,14,16
7301,Lilacstrasza,moon-guard,1254,evoker,preservation,71,33,38
7302,Sylf,kiljaeden,1253,evoker,preservation,75,42,33
7303,Brantley,stormscale,1253,evoker,preservation,86,41,45
7304,Vgt,nemesis,1253,evoker,preservation,84,35,49
7305,Lamentation,area-52,1252,evoker,preservation,42,23,19
7306,Bayvoker,area-52,1252,evoker,preservation,53,28,25
7307,Agony,emerald-dream,1252,evoker,preservation,249,121,128
7308,Döublepenn,tichondrius,1248,evoker,preservation,63,35,28
7309,Shudo,moon-guard,1248,evoker,preservation,71,35,36
7310,Mikoriivoker,tichondrius,1247,evoker,preservation,30,13,17
7311,Garboker,area-52,1246,evoker,preservation,80,34,46
7312,Stableboy,bleeding-hollow,1244,evoker,preservation,18,13,5
7313,Gloamdream,cenarius,1243,evoker,preservation,97,50,47
7314,Valarakuu,illidan,1242,evoker,preservation,24,13,11
7315,Allaston,tichondrius,1240,evoker,preservation,45,28,17
7316,Zandragosa,dalaran,1240,evoker,preservation,24,13,11
7317,Drakjar,nemesis,1238,evoker,preservation,30,13,17
7318,Dkvastate,tichondrius,1236,evoker,preservation,112,56,56
7319,Zerath,frostmane,1236,evoker,preservation,30,13,17
7320,Lavagurl,stormscale,1235,evoker,preservation,30,13,17
7321,Shenlong,malganis,1232,evoker,preservation,71,38,33
7322,Astoragosa,moon-guard,1231,evoker,preservation,61,38,23
7323,Verosria,area-52,1230,evoker,preservation,24,13,11
7324,Evokas,tichondrius,1230,evoker,preservation,198,103,95
7325,Onornun,magtheridon,1229,evoker,preservation,66,32,34
7326,Kycaka,area-52,1228,evoker,preservation,46,14,32
7327,Bendover,proudmoore,1227,evoker,preservation,24,13,11
7328,Lilithlittle,daggerspine,1227,evoker,preservation,112,52,60
7329,Lebronjmz,kiljaeden,1224,evoker,preservation,127,58,69
7330,Mungwings,area-52,1221,evoker,preservation,43,22,21
7331,Riz,blackhand,1221,evoker,preservation,71,35,36
7332,Mãttyy,malganis,1220,evoker,preservation,36,19,17
7333,Milfwizard,tichondrius,1219,evoker,preservation,24,13,11
7334,Nulldd,tichondrius,1219,evoker,preservation,41,13,28
7335,Dunkelzahn,gorgonnash,1214,evoker,preservation,30,15,15
7336,Zmaj,jubeithos,1213,evoker,preservation,18,13,5
7337,Greenscales,frostmourne,1213,evoker,preservation,93,37,56
7338,Amniotic,hyjal,1212,evoker,preservation,54,31,23
7339,Ysondrius,durotan,1212,evoker,preservation,48,26,22
7340,Lévocatrice,hakkar,1208,evoker,preservation,46,20,26
7341,Frozanat,kelthuzad,1205,evoker,preservation,75,34,41
7342,Sanaz,stormreaver,1204,evoker,preservation,48,25,23
7343,Allaker,kargath,1204,evoker,preservation,39,16,23
7344,Doogiehowser,azshara,1202,evoker,preservation,162,78,84
7345,Hamanv,tichondrius,1202,evoker,preservation,30,13,17
7346,Partysnaxx,thrall,1199,evoker,preservation,72,35,37
7347,Çhara,illidan,1198,evoker,preservation,126,65,61
7348,Shênlong,sargeras,1193,evoker,preservation,54,22,32
7349,Goonwing,frostmourne,1188,evoker,preservation,24,13,11
7350,Bahamut,magtheridon,1186,evoker,preservation,60,25,35
7351,Draconian,frostmourne,1182,evoker,preservation,34,13,21
7352,Wyldefire,senjin,1180,evoker,preservation,48,22,26
7353,Deralan,khaz-modan,1179,evoker,preservation,108,40,68
7354,Slither,terenas,1178,evoker,preservation,27,13,14
7355,Xblood,tichondrius,1172,evoker,preservation,42,25,17
7356,Héllfire,ghostlands,1171,evoker,preservation,36,17,19
7357,Kaguax,tichondrius,1167,evoker,preservation,84,32,52
7358,Worldx,illidan,1166,evoker,preservation,24,13,11
7359,Lyingdragon,tichondrius,1166,evoker,preservation,60,26,34
7360,Mazalagon,trollbane,1165,evoker,preservation,29,15,14
7361,Brôcôlînî,zuljin,1164,evoker,preservation,24,18,6
7362,Dandera,stormrage,1164,evoker,preservation,88,40,48
7363,Draginnuts,illidan,1162,evoker,preservation,53,25,28
7364,Djdavi,azralon,1157,evoker,preservation,96,60,36
7365,Vermitor,sargeras,1155,evoker,preservation,24,13,11
7366,Fatsu,executus,1152,evoker,preservation,30,12,18
7367,Mikoribreath,moknathal,1151,evoker,preservation,18,12,6
7368,Biggestbroie,frostmourne,1151,evoker,preservation,18,12,6
7369,Raundur,ragnaros,1150,evoker,preservation,24,12,12
7370,Mysticenergy,tichondrius,1150,evoker,preservation,60,28,32
7371,Emozoomer,malganis,1148,evoker,preservation,66,25,41
7372,Alitasbbq,malganis,1147,evoker,preservation,30,12,18
7373,Kaldobar,stormrage,1144,evoker,preservation,18,12,6
7374,Unknowndrago,kul-tiras,1143,evoker,preservation,24,12,12
7375,Detreshan,stormreaver,1142,evoker,preservation,104,57,47
7376,Hakuroyime,ragnaros,1141,evoker,preservation,24,15,9
7377,Zackxo,moon-guard,1137,evoker,preservation,29,19,10
7378,Vermax,akama,1133,evoker,preservation,45,17,28
7379,Buttstough,aerie-peak,1132,evoker,preservation,23,13,10
7380,Distortion,drakthul,1130,evoker,preservation,81,43,38
7381,Treadcinder,tichondrius,1130,evoker,preservation,30,14,16
7382,Blay,elune,1130,evoker,preservation,36,15,21
7383,Derkscale,stormrage,1125,evoker,preservation,24,13,11
7384,Endroz,tichondrius,1119,evoker,preservation,24,12,12
7385,Drathron,tichondrius,1118,evoker,preservation,28,13,15
7386,Dragonwench,sargeras,1101,evoker,preservation,22,13,9
7387,Geico,spinebreaker,1100,evoker,preservation,15,13,2
7388,Ilithiphobia,ghostlands,1100,evoker,preservation,38,16,22
7389,Wethotgarbee,tichondrius,1099,evoker,preservation,20,13,7
7390,Thegrinchh,malganis,1097,evoker,preservation,81,39,42
7391,Krossbones,cenarion-circle,1096,evoker,preservation,80,47,33
7392,Dragdezenutz,bleeding-hollow,1091,evoker,preservation,41,13,28
7393,Dragonknght,tichondrius,1085,evoker,preservation,24,14,10
7394,Shook,baelgun,1085,evoker,preservation,50,21,29
7395,Thendroz,aerie-peak,1084,evoker,preservation,34,19,15
7396,Emyhr,sargeras,1084,evoker,preservation,24,13,11
7397,Draisin,zuljin,1083,evoker,preservation,24,13,11
7398,Tryhard,wyrmrest-accord,1083,evoker,preservation,78,33,45
7399,Solryp,terokkar,1081,evoker,preservation,83,42,41
7400,Setash,hyjal,1081,evoker,preservation,24,12,12
7401,Clubmetro,boulderfist,1081,evoker,preservation,39,18,21
7402,Lahfly,tichondrius,1079,evoker,preservation,54,33,21
7403,Qiuhan,tichondrius,1076,evoker,preservation,48,23,25
7404,Lilithà,kelthuzad,1075,evoker,preservation,30,20,10
7405,Bumbledragn,moon-guard,1071,evoker,preservation,37,23,14
7406,Maxyz,khadgar,1071,evoker,preservation,42,13,29
7407,Balmoze,tichondrius,1070,evoker,preservation,60,31,29
7408,Careflight,barthilas,1066,evoker,preservation,42,22,20
7409,Draganoche,zuljin,1066,evoker,preservation,30,14,16
7410,Daikis,proudmoore,1066,evoker,preservation,36,16,20
7411,Aspecto,area-52,1066,evoker,preservation,34,13,21
7412,Ashandshadow,area-52,1065,evoker,preservation,37,13,24
7413,Balèrion,illidan,1064,evoker,preservation,24,12,12
7414,Yozhz,ragnaros,1059,evoker,preservation,29,13,16
7415,Versezz,tichondrius,1056,evoker,preservation,18,11,7
7416,Binidragon,tichondrius,1055,evoker,preservation,12,11,1
7417,Tallcanman,kelthuzad,1055,evoker,preservation,24,11,13
7418,Ajiz,mannoroth,1053,evoker,preservation,18,11,7
7419,Imugee,sargeras,1051,evoker,preservation,24,11,13
7420,Mordrakhuul,chogall,1051,evoker,preservation,24,11,13
7421,Puraimaru,sargeras,1049,evoker,preservation,30,11,19
7422,Sacrementus,tichondrius,1049,evoker,preservation,48,14,34
7423,Drittles,illidan,1043,evoker,preservation,62,28,34
7424,Rubellite,azralon,1042,evoker,preservation,39,18,21
7425,Uniqqe,tichondrius,1041,evoker,preservation,18,11,7
7426,Amnemís,tichondrius,1040,evoker,preservation,20,12,8
7427,Rynntynn,blood-furnace,1039,evoker,preservation,24,11,13
7428,Charadrius,zuljin,1038,evoker,preservation,41,23,18
7429,Myxter,tichondrius,1035,evoker,preservation,49,25,24
7430,Carloxd,tichondrius,1035,evoker,preservation,34,12,22
7431,Abigaile,illidan,1034,evoker,preservation,18,13,5
7432,Blankebr,gallywix,1032,evoker,preservation,36,24,12
7433,Droggerdrago,stormreaver,1031,evoker,preservation,18,11,7
7434,Evoke,boulderfist,1025,evoker,preservation,28,12,16
7435,Karmakulax,wildhammer,1024,evoker,preservation,31,12,19
7436,Vandinus,stormrage,1023,evoker,preservation,38,17,21
7437,Ownlyfans,silvermoon,1018,evoker,preservation,24,12,12
7438,Adessa,lothar,1012,evoker,preservation,24,11,13
7439,Mightywings,skywall,1011,evoker,preservation,138,70,68
7440,Richviewrd,illidan,1007,evoker,preservation,30,15,15
7441,Lightbeing,nazjatar,1001,evoker,preservation,42,26,16
7442,Azuril,wyrmrest-accord,1001,evoker,preservation,84,29,55
7443,Fibonac,frostmourne,1000,evoker,preservation,24,13,11
7444,Brahown,altar-of-storms,998,evoker,preservation,36,11,25
7445,Gemis,anvilmar,991,evoker,preservation,55,25,30
7446,Hover,vashj,989,evoker,preservation,27,13,14
7447,Items,frostmourne,987,evoker,preservation,22,11,11
7448,Vyreth,sargeras,987,evoker,preservation,81,38,43
7449,Echoker,destromath,986,evoker,preservation,37,17,20
7450,Arazerazer,thrall,984,evoker,preservation,66,23,43
7451,Gidury,tichondrius,982,evoker,preservation,84,39,45
7452,Sïgrìd,tichondrius,979,evoker,preservation,27,19,8
7453,Mesamune,bonechewer,969,evoker,preservation,61,23,38
7454,Sophdrac,illidan,966,evoker,preservation,24,12,12
7455,Milkspurt,tichondrius,962,evoker,preservation,52,23,29
7456,Syraxiez,sargeras,960,evoker,preservation,18,10,8
7457,Rubyzz,illidan,960,evoker,preservation,18,10,8
7458,Uncleìroh,tichondrius,960,evoker,preservation,24,10,14
7459,Jnitoscaly,tichondrius,959,evoker,preservation,18,10,8
7460,Cripcuhz,tichondrius,959,evoker,preservation,48,21,27
7461,Joc,khazgoroth,959,evoker,preservation,24,10,14
7462,Truffleßutta,tichondrius,958,evoker,preservation,18,10,8
7463,Puffthemagic,lightnings-blade,958,evoker,preservation,18,10,8
7464,Yaaj,black-dragonflight,958,evoker,preservation,20,10,10
7465,Dragonsand,area-52,958,evoker,preservation,62,30,32
7466,Drakthussey,illidan,957,evoker,preservation,18,10,8
7467,Dokthyr,lightbringer,956,evoker,preservation,12,10,2
7468,Goonguy,gnomeregan,955,evoker,preservation,12,10,2
7469,Holdherhorn,area-52,955,evoker,preservation,18,10,8
7470,Dragy,bonechewer,954,evoker,preservation,24,10,14
7471,Hoverharder,stormrage,953,evoker,preservation,18,10,8
7472,Soziin,skullcrusher,953,evoker,preservation,18,10,8
7473,Proevoker,illidan,951,evoker,preservation,18,10,8
7474,Barneydragon,stormrage,949,evoker,preservation,18,10,8
7475,Wheyvern,malganis,949,evoker,preservation,57,19,38
7476,Ayavi,illidan,942,evoker,preservation,18,10,8
7477,Zitasanazen,tichondrius,935,evoker,preservation,134,63,71
7478,Saintetoile,tichondrius,934,evoker,preservation,24,13,11
7479,Faethana,thrall,929,evoker,preservation,23,11,12
7480,Raptormoto,lothar,926,evoker,preservation,26,11,15
7481,Dragonbro,spirestone,923,evoker,preservation,18,10,8
7482,Justbreathe,sargeras,911,evoker,preservation,17,10,7
7483,Dmuzh,drakkari,904,evoker,preservation,198,99,99
7484,Badvoker,area-52,902,evoker,preservation,71,26,45
7485,Cransvoker,illidan,902,evoker,preservation,30,10,20
7486,Kerlaan,illidan,895,evoker,preservation,18,10,8
7487,Eldenkingy,sargeras,892,evoker,preservation,34,10,24
7488,Kivoke,proudmoore,888,evoker,preservation,24,10,14
7489,Mugenyan,ragnaros,879,evoker,preservation,41,21,20
7490,Draczod,proudmoore,878,evoker,preservation,41,10,31
7491,Dragginhealz,stormrage,876,evoker,preservation,36,17,19
7492,Ayoitspav,malganis,872,evoker,preservation,19,10,9
7493,Moxa,doomhammer,868,evoker,preservation,59,30,29
7494,Willowflight,illidan,867,evoker,preservation,50,23,27
7495,Mikorivoker,illidan,864,evoker,preservation,12,9,3
7496,Calvoker,moon-guard,864,evoker,preservation,18,9,9
7497,Wonderk,frostmourne,863,evoker,preservation,18,9,9
7498,Tonymanitoba,whisperwind,863,evoker,preservation,18,9,9
7499,Nuubvoker,stormrage,863,evoker,preservation,18,9,9
7500,Sandragon,ragnaros,863,evoker,preservation,27,10,17
7501,Velocivraull,malganis,862,evoker,preservation,12,9,3
7502,Dragocser,drakkari,862,evoker,preservation,24,9,15
7503,Kakanjutan,azralon,861,evoker,preservation,16,10,6
7504,Macdrag,malganis,861,evoker,preservation,18,9,9
7505,Jesstrasza,quelthalas,861,evoker,preservation,42,18,24
7506,Tigdragon,proudmoore,861,evoker,preservation,24,9,15
7507,Gravityblast,tichondrius,861,evoker,preservation,24,9,15
7508,Binxyboy,garrosh,860,evoker,preservation,16,10,6
7509,Arûmat,tichondrius,859,evoker,preservation,30,9,21
7510,Kaeszandrus,azralon,855,evoker,preservation,18,9,9
7511,Bjason,tichondrius,855,evoker,preservation,18,9,9
7512,Bizzstrasza,tichondrius,851,evoker,preservation,46,20,26
7513,Moiraine,kargath,850,evoker,preservation,24,9,15
7514,Hentaizilla,kiljaeden,850,evoker,preservation,55,19,36
7515,Lechonlechon,tichondrius,847,evoker,preservation,12,9,3
7516,Orïon,azralon,845,evoker,preservation,24,9,15
7517,Nazzadormu,tichondrius,830,evoker,preservation,17,9,8
7518,Venlormi,moon-guard,828,evoker,preservation,36,12,24
7519,Dragndeez,garrosh,824,evoker,preservation,40,9,31
7520,Sandrozeria,wyrmrest-accord,822,evoker,preservation,14,10,4
7521,Azuragon,illidan,822,evoker,preservation,48,15,33
7522,Drakthuul,icecrown,819,evoker,preservation,24,11,13
7523,Saintpablox,illidan,810,evoker,preservation,34,10,24
7524,Bandel,tichondrius,805,evoker,preservation,16,11,5
7525,Shenrøn,altar-of-storms,805,evoker,preservation,26,13,13
7526,Darkspyro,area-52,799,evoker,preservation,11,9,2
7527,Drackaras,stormrage,790,evoker,preservation,18,9,9
7528,Æsshayád,area-52,768,evoker,preservation,12,8,4
7529,Ninereeds,malganis,768,evoker,preservation,12,8,4
7530,Kaddyragon,mannoroth,768,evoker,preservation,12,8,4
7531,Hasstle,tichondrius,768,evoker,preservation,12,8,4
7532,Rvrbzv,stormrage,768,evoker,preservation,12,8,4
7533,Airschlong,tichondrius,768,evoker,preservation,18,8,10
7534,Chañïng,frostmourne,768,evoker,preservation,18,8,10
7535,Sheepdoll,icecrown,768,evoker,preservation,18,8,10
7536,Messyvok,illidan,768,evoker,preservation,18,8,10
7537,Walloper,malganis,767,evoker,preservation,12,8,4
7538,Cadwaladr,frostmourne,767,evoker,preservation,12,8,4
7539,Djvoker,zuljin,767,evoker,preservation,12,8,4
7540,Slèv,frostmourne,767,evoker,preservation,18,8,10
7541,Innervoker,tichondrius,767,evoker,preservation,18,8,10
7542,Vokr,area-52,767,evoker,preservation,18,8,10
7543,Nfts,darkspear,767,evoker,preservation,24,8,16
7544,Azarke,rivendare,767,evoker,preservation,24,8,16
7545,Chue,quelthalas,766,evoker,preservation,18,8,10
7546,Drgndeeznüts,tichondrius,766,evoker,preservation,28,10,18
7547,Skithyrix,bleeding-hollow,765,evoker,preservation,12,8,4
7548,Kathendrov,sargeras,764,evoker,preservation,12,8,4
7549,Everglow,the-forgotten-coast,763,evoker,preservation,12,8,4
7550,Spitdafire,tichondrius,763,evoker,preservation,18,8,10
7551,Nutsdragon,tichondrius,763,evoker,preservation,18,8,10
7552,Wrathiøn,sargeras,763,evoker,preservation,24,8,16
7553,Rorie,farstriders,762,evoker,preservation,12,8,4
7554,Matsutake,kelthuzad,762,evoker,preservation,18,8,10
7555,Draehgor,hyjal,758,evoker,preservation,18,8,10
7556,Crumbflaps,kelthuzad,758,evoker,preservation,24,8,16
7557,Lervish,durotan,755,evoker,preservation,12,8,4
7558,Criteria,burning-legion,748,evoker,preservation,18,8,10
7559,Durtyvoker,illidan,735,evoker,preservation,22,8,14
7560,Butta,darkspear,734,evoker,preservation,17,8,9
7561,Enuzan,dalaran,734,evoker,preservation,32,8,24
7562,Whinks,zangarmarsh,732,evoker,preservation,17,8,9
7563,Polland,area-52,731,evoker,preservation,17,8,9
7564,Icthelestron,black-dragonflight,729,evoker,preservation,14,9,5
7565,Geicovoker,tichondrius,714,evoker,preservation,28,9,19
7566,Shardsnorta,chogall,708,evoker,preservation,17,8,9
7567,Velaryonhero,arthas,700,evoker,preservation,20,8,12
7568,Wilbog,moon-guard,700,evoker,preservation,44,10,34
7569,Letharrian,sargeras,698,evoker,preservation,12,10,2
7570,Iantern,dalaran,672,evoker,preservation,12,7,5
7571,Vrondiss,trollbane,672,evoker,preservation,12,7,5
7572,Goursaud,malganis,672,evoker,preservation,12,7,5
7573,Prettycooll,dathremar,672,evoker,preservation,12,7,5
7574,Cycircle,tichondrius,672,evoker,preservation,12,7,5
7575,Skrimbles,tichondrius,672,evoker,preservation,12,7,5
7576,Vroomby,area-52,672,evoker,preservation,12,7,5
7577,Beatxqt,area-52,672,evoker,preservation,12,7,5
7578,Whelp,shadow-council,672,evoker,preservation,12,7,5
7579,Briggsybear,malganis,672,evoker,preservation,18,7,11
7580,Iamg,stormscale,672,evoker,preservation,18,7,11
7581,Draikia,zuljin,672,evoker,preservation,18,7,11
7582,Orncen,emerald-dream,672,evoker,preservation,18,7,11
7583,Darchomp,illidan,672,evoker,preservation,18,7,11
7584,Kwebab,tichondrius,672,evoker,preservation,18,7,11
7585,Hamine,tichondrius,672,evoker,preservation,18,7,11
7586,Gaslightqt,tichondrius,672,evoker,preservation,19,7,12
7587,Spyrotime,tichondrius,672,evoker,preservation,21,7,14
7588,Advancedonly,tichondrius,672,evoker,preservation,24,7,17
7589,Spicypnuts,zuljin,671,evoker,preservation,12,7,5
7590,Flapthewap,illidan,671,evoker,preservation,12,7,5
7591,Reskue,burning-legion,671,evoker,preservation,12,7,5
7592,Kymoxien,sargeras,671,evoker,preservation,12,7,5
7593,Matchamjölk,tichondrius,671,evoker,preservation,12,7,5
7594,Boomlvx,frostmourne,671,evoker,preservation,12,7,5
7595,Forlornomens,area-52,671,evoker,preservation,12,7,5
7596,Vertorgon,proudmoore,671,evoker,preservation,12,7,5
7597,Longxx,dalaran,671,evoker,preservation,18,7,11
7598,Bookkoo,burning-legion,671,evoker,preservation,24,7,17
7599,Rayvoker,elune,670,evoker,preservation,12,7,5
7600,Mad,aerie-peak,670,evoker,preservation,19,9,10
7601,Woozul,malganis,670,evoker,preservation,30,7,23
7602,Deezyroller,sargeras,669,evoker,preservation,12,7,5
7603,Retcondragon,sargeras,669,evoker,preservation,18,7,11
7604,Dragonballer,trollbane,669,evoker,preservation,18,7,11
7605,Rilex,kelthuzad,666,evoker,preservation,12,7,5
7606,Azulnova,tichondrius,665,evoker,preservation,18,7,11
7607,Pypokay,nemesis,665,evoker,preservation,18,7,11
7608,Acidbreath,tichondrius,661,evoker,preservation,18,7,11
7609,Itsac,daggerspine,656,evoker,preservation,12,7,5
7610,Yiptondabs,emerald-dream,650,evoker,preservation,29,7,22
7611,Thenasath,sargeras,640,evoker,preservation,17,7,10
7612,Mokkdala,blackrock,637,evoker,preservation,17,7,10
7613,Elderdragon,nerzhul,629,evoker,preservation,16,8,8
7614,Kixxely,sargeras,623,evoker,preservation,12,8,4
7615,Terpsy,area-52,620,evoker,preservation,11,7,4
7616,Kilawatt,barthilas,620,evoker,preservation,11,7,4
7617,Tsuruda,illidan,618,evoker,preservation,21,8,13
7618,Gdragons,tichondrius,607,evoker,preservation,11,7,4
7619,Saxthyr,stormreaver,592,evoker,preservation,13,7,6
7620,Ambadragon,frostmourne,591,evoker,preservation,11,7,4
7621,Hwansu,tichondrius,576,evoker,preservation,6,6,0
7622,Cheesedragon,tichondrius,576,evoker,preservation,6,6,0
7623,Tatsurai,tichondrius,576,evoker,preservation,10,7,3
7624,Whitesnow,korgath,576,evoker,preservation,12,6,6
7625,Oldgeorge,tichondrius,576,evoker,preservation,12,6,6
7626,Dgevoker,tichondrius,576,evoker,preservation,12,6,6
7627,Wtfhappen,tichondrius,576,evoker,preservation,12,6,6
7628,Ozvoker,area-52,576,evoker,preservation,12,6,6
7629,Theyevokbuda,kelthuzad,576,evoker,preservation,12,6,6
7630,Talzindera,sargeras,576,evoker,preservation,12,6,6
7631,Teëst,malganis,576,evoker,preservation,12,6,6
7632,Diregon,kelthuzad,576,evoker,preservation,12,6,6
7633,Flybro,malganis,576,evoker,preservation,12,6,6
7634,Daylenx,thrall,576,evoker,preservation,12,6,6
7635,Xiaolongmei,frostmourne,576,evoker,preservation,12,6,6
7636,Ccguzzlerx,tichondrius,576,evoker,preservation,12,6,6
7637,Thegoone,bleeding-hollow,576,evoker,preservation,12,6,6
7638,Localfemboy,area-52,576,evoker,preservation,12,6,6
7639,Bookwyrm,khadgar,576,evoker,preservation,12,6,6
7640,Datinysmaug,stormrage,576,evoker,preservation,12,6,6
7641,Teddydarg,tichondrius,576,evoker,preservation,14,6,8
7642,Dragonk,dragonblight,576,evoker,preservation,18,6,12
7643,Murphymonsta,stormscale,576,evoker,preservation,18,6,12
7644,Toodllesz,stormrage,575,evoker,preservation,6,6,0
7645,Tokeandvoke,haomarush,575,evoker,preservation,12,6,6
7646,Magnito,thorium-brotherhood,575,evoker,preservation,12,6,6
7647,Valadrakth,tichondrius,575,evoker,preservation,12,6,6
7648,Shinryuu,warsong,575,evoker,preservation,12,6,6
7649,Madzul,emerald-dream,575,evoker,preservation,12,6,6
7650,Flameschosen,malganis,575,evoker,preservation,12,6,6
7651,Bhfflove,area-52,575,evoker,preservation,12,6,6
7652,Naùghtygames,area-52,575,evoker,preservation,18,6,12
7653,Kyloflight,thrall,575,evoker,preservation,24,6,18
7654,Toothless,garithos,574,evoker,preservation,6,6,0
7655,Amun,frostwolf,574,evoker,preservation,12,6,6
7656,Fránky,ragnaros,574,evoker,preservation,12,6,6
7657,Cinderazerat,moon-guard,574,evoker,preservation,18,6,12
7658,Azalana,thrall,574,evoker,preservation,24,6,18
7659,Rzdrag,nemesis,574,evoker,preservation,36,6,30
7660,Moraise,bonechewer,573,evoker,preservation,12,6,6
7661,Rhaeynes,moon-guard,568,evoker,preservation,12,6,6
7662,Kratheu,azralon,559,evoker,preservation,17,6,11
7663,Dragussy,illidan,548,evoker,preservation,28,10,18
7664,Spliffdragon,sargeras,528,evoker,preservation,17,6,11
7665,Imperialist,proudmoore,522,evoker,preservation,29,7,22
7666,Shenlòng,drakkari,521,evoker,preservation,15,7,8
7667,Akavoker,sargeras,521,evoker,preservation,20,7,13
7668,Supernovax,illidan,512,evoker,preservation,16,6,10
7669,Imaginedrgn,tichondrius,511,evoker,preservation,11,6,5
7670,Errier,tichondrius,511,evoker,preservation,14,6,8
7671,Nwo,shattered-hand,494,evoker,preservation,11,6,5
7672,Brindletail,proudmoore,494,evoker,preservation,19,6,13
7673,Finnahorns,sargeras,480,evoker,preservation,6,5,1
7674,Evvookkeerr,tichondrius,480,evoker,preservation,6,5,1
7675,Chinadragon,balnazzar,480,evoker,preservation,6,5,1
7676,Whelpling,cenarion-circle,480,evoker,preservation,6,5,1
7677,Draggin,barthilas,480,evoker,preservation,12,5,7
7678,Shazdrag,stormrage,480,evoker,preservation,12,5,7
7679,Evizzar,zuljin,480,evoker,preservation,12,5,7
7680,Neewhad,malganis,480,evoker,preservation,12,5,7
7681,Cutewing,tichondrius,480,evoker,preservation,12,5,7
7682,Hageiz,tichondrius,480,evoker,preservation,12,5,7
7683,Ryloun,sargeras,480,evoker,preservation,12,5,7
7684,Cirroaltos,aerie-peak,480,evoker,preservation,12,5,7
7685,Chronocolter,thunderhorn,480,evoker,preservation,12,5,7
7686,Draktharl,tichondrius,480,evoker,preservation,12,5,7
7687,Roastdrake,tichondrius,480,evoker,preservation,12,5,7
7688,Oldmandrake,mannoroth,480,evoker,preservation,12,5,7
7689,Imwoker,illidan,480,evoker,preservation,12,5,7
7690,Salusx,proudmoore,480,evoker,preservation,12,5,7
7691,Dracndanuts,draenor,480,evoker,preservation,14,5,9
7692,Seeyn,tichondrius,480,evoker,preservation,18,5,13
7693,Cruv,boulderfist,480,evoker,preservation,18,5,13
7694,Yaaty,tichondrius,480,evoker,preservation,18,5,13
7695,Bronyflexy,sargeras,480,evoker,preservation,24,5,19
7696,Mcdonovan,stormrage,480,evoker,preservation,24,5,19
7697,Prevoker,kirin-tor,479,evoker,preservation,6,5,1
7698,Bvo,stormrage,479,evoker,preservation,6,5,1
7699,Dracdeez,dreadmaul,479,evoker,preservation,12,5,7
7700,Drizzydrag,jubeithos,479,evoker,preservation,12,5,7
7701,Álln,sargeras,479,evoker,preservation,12,5,7
7702,Kratostrasz,moon-guard,479,evoker,preservation,12,5,7
7703,Cootietooter,icecrown,479,evoker,preservation,12,5,7
7704,Drektar,the-scryers,479,evoker,preservation,12,5,7
7705,Selden,boulderfist,479,evoker,preservation,12,5,7
7706,Rhaènyra,sargeras,479,evoker,preservation,12,5,7
7707,Lickyertits,tichondrius,479,evoker,preservation,12,5,7
7708,Cindermint,mugthol,479,evoker,preservation,14,5,9
7709,Bitkoinz,tichondrius,479,evoker,preservation,18,5,13
7710,Dragown,sargeras,478,evoker,preservation,12,5,7
7711,Scaryðragon,akama,477,evoker,preservation,12,5,7
7712,Dracoly,medivh,476,evoker,preservation,12,5,7
7713,Interracial,stormscale,475,evoker,preservation,10,6,4
7714,Lisatallie,moon-guard,475,evoker,preservation,12,5,7
7715,Falsedaze,sargeras,475,evoker,preservation,12,5,7
7716,Trillis,eldrethalas,474,evoker,preservation,12,5,7
7717,Kaelestian,ragnaros,473,evoker,preservation,12,5,7
7718,Amoraz,tichondrius,460,evoker,preservation,23,5,18
7719,Jcii,tichondrius,447,evoker,preservation,11,5,6
7720,Bootymágic,tichondrius,431,evoker,preservation,9,6,3
7721,Gaserick,quelthalas,426,evoker,preservation,17,6,11
7722,Soukizilla,sargeras,416,evoker,preservation,10,5,5
7723,Monzydrake,emerald-dream,408,evoker,preservation,20,5,15
7724,Taegon,area-52,384,evoker,preservation,6,4,2
7725,Syneestra,nemesis,384,evoker,preservation,6,4,2
7726,Ygnizem,ysera,384,evoker,preservation,6,4,2
7727,Dreamfuego,tichondrius,384,evoker,preservation,6,4,2
7728,Fluffelss,moon-guard,384,evoker,preservation,6,4,2
7729,Azurgos,proudmoore,384,evoker,preservation,6,4,2
7730,Venitsu,malganis,384,evoker,preservation,6,4,2
7731,Tygor,arthas,384,evoker,preservation,6,4,2
7732,Atraxian,tichondrius,384,evoker,preservation,6,4,2
7733,Dragoontekka,tichondrius,384,evoker,preservation,6,4,2
7734,Ancalagðn,quelthalas,384,evoker,preservation,6,4,2
7735,Abevv,bonechewer,384,evoker,preservation,6,4,2
7736,Spaceox,tichondrius,384,evoker,preservation,6,4,2
7737,Babylons,area-52,384,evoker,preservation,6,4,2
7738,Linabeauty,ragnaros,384,evoker,preservation,6,4,2
7739,Exrtj,stormrage,384,evoker,preservation,6,4,2
7740,Docevoker,tichondrius,384,evoker,preservation,6,4,2
7741,Mtndewboy,illidan,384,evoker,preservation,6,4,2
7742,Murloc,shadowsong,384,evoker,preservation,6,4,2
7743,Darksmoke,spirestone,384,evoker,preservation,6,4,2
7744,Treysongz,area-52,384,evoker,preservation,6,4,2
7745,Jëthrø,illidan,384,evoker,preservation,6,4,2
7746,Gavstarz,frostmourne,384,evoker,preservation,6,4,2
7747,Baradad,frostmourne,384,evoker,preservation,6,4,2
7748,Bassblasterr,dalaran,384,evoker,preservation,6,4,2
7749,Tëssarion,quelthalas,384,evoker,preservation,9,5,4
7750,Zaedor,stormrage,384,evoker,preservation,10,5,5
7751,Longaot,tichondrius,384,evoker,preservation,10,4,6
7752,Olindoe,tichondrius,384,evoker,preservation,12,4,8
7753,Xaxas,boulderfist,384,evoker,preservation,12,4,8
7754,Galrend,firetree,384,evoker,preservation,12,4,8
7755,Oldui,frostmourne,384,evoker,preservation,12,4,8
7756,Yujirohanma,frostmourne,384,evoker,preservation,12,4,8
7757,Mignificent,sargeras,384,evoker,preservation,12,4,8
7758,Crumbsock,thrall,384,evoker,preservation,12,4,8
7759,Satratren,moon-guard,384,evoker,preservation,12,4,8
7760,Shoestrings,tichondrius,384,evoker,preservation,12,4,8
7761,Soyum,sargeras,384,evoker,preservation,12,4,8
7762,Donresantis,tichondrius,384,evoker,preservation,12,4,8
7763,Raphdragon,stormrage,384,evoker,preservation,12,4,8
7764,Williamjong,tichondrius,384,evoker,preservation,12,4,8
7765,Pensini,illidan,384,evoker,preservation,12,4,8
7766,Bryágh,wyrmrest-accord,384,evoker,preservation,12,4,8
7767,Upsdriver,dentarg,384,evoker,preservation,18,4,14
7768,Aceu,bloodhoof,383,evoker,preservation,6,4,2
7769,Shintrax,ragnaros,383,evoker,preservation,10,4,6
7770,Quesovoke,eldrethalas,383,evoker,preservation,12,4,8
7771,Dombi,moon-guard,383,evoker,preservation,12,4,8
7772,Xdragon,lightbringer,383,evoker,preservation,12,4,8
7773,Tihkal,spinebreaker,383,evoker,preservation,12,4,8
7774,Flymuch,illidan,383,evoker,preservation,12,4,8
7775,Bigtoots,illidan,382,evoker,preservation,12,4,8
7776,Danatreseth,moon-guard,380,evoker,preservation,12,4,8
7777,Nyxstrasza,moknathal,366,evoker,preservation,11,4,7
7778,Dreamvisage,silvermoon,351,evoker,preservation,8,5,3
7779,Annazara,stormrage,336,evoker,preservation,9,4,5
7780,Zathasar,tichondrius,333,evoker,preservation,28,4,24
7781,Corlys,thunderhorn,330,evoker,preservation,17,5,12
7782,Tealik,frostmourne,320,evoker,preservation,10,4,6
7783,Jolynne,illidan,320,evoker,preservation,14,4,10
7784,Lantur,perenolde,319,evoker,preservation,16,4,12
7785,Polyrhythmic,ysera,304,evoker,preservation,7,4,3
7786,Vaeghar,anvilmar,288,evoker,preservation,6,3,3
7787,Gvoker,nemesis,288,evoker,preservation,6,3,3
7788,Bigtitsdrag,illidan,288,evoker,preservation,6,3,3
7789,Æg,zuljin,288,evoker,preservation,6,3,3
7790,Jakburnon,stormrage,288,evoker,preservation,6,3,3
7791,Vokefuu,illidan,288,evoker,preservation,6,3,3
7792,Dragonblazer,illidan,288,evoker,preservation,6,3,3
7793,Thendetra,mannoroth,288,evoker,preservation,6,3,3
7794,Dimpulse,zuljin,288,evoker,preservation,6,3,3
7795,Icallthecops,tichondrius,288,evoker,preservation,6,3,3
7796,Ruffee,frostmourne,288,evoker,preservation,6,3,3
7797,Cônflicted,emerald-dream,288,evoker,preservation,6,3,3
7798,Crsevencr,tichondrius,288,evoker,preservation,6,3,3
7799,Chawp,tichondrius,288,evoker,preservation,6,3,3
7800,Heidibibe,tichondrius,288,evoker,preservation,6,3,3
7801,Lilrandal,emerald-dream,288,evoker,preservation,6,3,3
7802,Swagdriver,moon-guard,288,evoker,preservation,6,3,3
7803,Dragonsama,area-52,288,evoker,preservation,6,3,3
7804,Paradïsso,tichondrius,288,evoker,preservation,6,3,3
7805,Toastsevoker,tichondrius,288,evoker,preservation,6,3,3
7806,Evoketage,malganis,288,evoker,preservation,6,3,3
7807,Setren,antonidas,288,evoker,preservation,6,3,3
7808,Halcyonxz,tichondrius,288,evoker,preservation,6,3,3
7809,Jokko,moon-guard,288,evoker,preservation,6,3,3
7810,Flexlong,tichondrius,288,evoker,preservation,6,3,3
7811,Kreutzhauser,tichondrius,288,evoker,preservation,6,3,3
7812,Knowragretz,tichondrius,288,evoker,preservation,6,3,3
7813,Ðçßñÿåæéîùøð,tichondrius,288,evoker,preservation,6,3,3
7814,Rangä,caelestrasz,288,evoker,preservation,6,3,3
7815,Golden,area-52,288,evoker,preservation,6,3,3
7816,Dracoon,madoran,288,evoker,preservation,6,3,3
7817,Hlf,tichondrius,288,evoker,preservation,6,3,3
7818,Visserion,sargeras,288,evoker,preservation,6,3,3
7819,Draseew,drakkari,288,evoker,preservation,6,3,3
7820,Vygrax,nerzhul,288,evoker,preservation,6,3,3
7821,Jamörant,tichondrius,288,evoker,preservation,6,3,3
7822,Drakistraz,draenor,288,evoker,preservation,6,3,3
7823,Dragonleaves,sargeras,288,evoker,preservation,6,3,3
7824,Flyingmooie,frostmourne,288,evoker,preservation,6,3,3
7825,Garrgle,sargeras,288,evoker,preservation,6,3,3
7826,Dracritzzx,ragnaros,288,evoker,preservation,6,3,3
7827,Bad,nerzhul,288,evoker,preservation,6,3,3
7828,Meepslol,kiljaeden,288,evoker,preservation,6,3,3
7829,Redhorn,frostmourne,288,evoker,preservation,6,3,3
7830,Dansauce,sargeras,288,evoker,preservation,6,3,3
7831,Raxdragon,sargeras,288,evoker,preservation,6,3,3
7832,Jumpmaster,black-dragonflight,288,evoker,preservation,12,3,9
7833,Vxfire,sargeras,288,evoker,preservation,12,3,9
7834,Jammstraza,skywall,288,evoker,preservation,12,3,9
7835,Simmnyxia,area-52,288,evoker,preservation,12,3,9
7836,Dwacawys,zuljin,288,evoker,preservation,12,3,9
7837,Explosives,blades-edge,288,evoker,preservation,12,3,9
7838,Snáckbóx,alexstrasza,288,evoker,preservation,12,3,9
7839,Zumanitÿ,zangarmarsh,288,evoker,preservation,12,3,9
7840,Hel,stormrage,288,evoker,preservation,12,3,9
7841,Discussion,area-52,288,evoker,preservation,12,3,9
7842,Drakkar,elune,288,evoker,preservation,12,3,9
7843,Ahahaa,frostmourne,288,evoker,preservation,12,3,9
7844,Dragonbabu,area-52,288,evoker,preservation,12,3,9
7845,Galfiore,malganis,288,evoker,preservation,12,3,9
7846,Stormdagger,proudmoore,288,evoker,preservation,12,3,9
7847,Teldormu,drenden,288,evoker,preservation,12,3,9
7848,Fugginuhh,proudmoore,288,evoker,preservation,12,3,9
7849,Reflexd,malganis,288,evoker,preservation,12,3,9
7850,Cøømbuya,sargeras,288,evoker,preservation,12,3,9
7851,Mouthgorawr,tichondrius,288,evoker,preservation,13,3,10
7852,Yop,proudmoore,288,evoker,preservation,18,3,15
7853,Rogir,zuljin,288,evoker,preservation,18,3,15
7854,Wapowthion,blades-edge,288,evoker,preservation,18,3,15
7855,Killerdragon,darkspear,287,evoker,preservation,6,3,3
7856,Supereragon,area-52,287,evoker,preservation,6,3,3
7857,Saphfire,burning-legion,287,evoker,preservation,6,3,3
7858,Retroo,dark-iron,287,evoker,preservation,6,3,3
7859,Dragoreo,illidan,287,evoker,preservation,12,3,9
7860,Tazen,bleeding-hollow,287,evoker,preservation,12,3,9
7861,Chenrong,sargeras,287,evoker,preservation,12,3,9
7862,Toothlesz,draka,287,evoker,preservation,18,3,15
7863,Kalistro,quelthalas,286,evoker,preservation,6,3,3
7864,Straightman,stormrage,286,evoker,preservation,12,3,9
7865,Arazarion,mugthol,285,evoker,preservation,12,3,9
7866,Drakonyx,mugthol,285,evoker,preservation,12,3,9
7867,Ragendragon,hellscream,285,evoker,preservation,12,3,9
7868,Uskrait,tichondrius,255,evoker,preservation,14,4,10
7869,Stíckyj,tichondrius,255,evoker,preservation,11,3,8
7870,Decyrion,bleeding-hollow,255,evoker,preservation,17,3,14
7871,Tailia,sargeras,239,evoker,preservation,11,3,8
7872,Rápturé,tichondrius,234,evoker,preservation,10,6,4
7873,Daddyrp,tichondrius,234,evoker,preservation,15,5,10
7874,Tugmapvpean,kelthuzad,208,evoker,preservation,7,3,4
7875,Boseijwho,emerald-dream,208,evoker,preservation,7,3,4
7876,Carrnedge,area-52,192,evoker,preservation,6,2,4
7877,Aetherz,illidan,192,evoker,preservation,6,2,4
7878,Saviorkai,barthilas,192,evoker,preservation,6,2,4
7879,Dscim,zuljin,192,evoker,preservation,6,2,4
7880,Ignicion,quelthalas,192,evoker,preservation,6,2,4
7881,Nil,malganis,192,evoker,preservation,6,2,4
7882,Sekidrac,ragnaros,192,evoker,preservation,6,2,4
7883,Surasi,frostmourne,192,evoker,preservation,6,2,4
7884,Racovoker,zuljin,192,evoker,preservation,6,2,4
7885,Conorvokes,tichondrius,192,evoker,preservation,6,2,4
7886,Hochelaga,arthas,192,evoker,preservation,6,2,4
7887,Syfen,burning-blade,192,evoker,preservation,6,2,4
7888,Drakhaz,azralon,192,evoker,preservation,6,2,4
7889,Scyyterr,azralon,192,evoker,preservation,6,2,4
7890,Lëåf,area-52,192,evoker,preservation,6,2,4
7891,Flappyboy,bleeding-hollow,192,evoker,preservation,6,2,4
7892,Alexevoker,tichondrius,192,evoker,preservation,6,2,4
7893,Koopa,malygos,192,evoker,preservation,6,2,4
7894,Nunez,frostmourne,192,evoker,preservation,6,2,4
7895,Invdkill,azralon,192,evoker,preservation,6,2,4
7896,Lexazule,bleeding-hollow,192,evoker,preservation,6,2,4
7897,Tagritash,kelthuzad,192,evoker,preservation,6,2,4
7898,Inkdsy,detheroc,192,evoker,preservation,6,2,4
7899,Dragonpel,azralon,192,evoker,preservation,6,2,4
7900,Xerithious,bleeding-hollow,192,evoker,preservation,6,2,4
7901,Dwagonwage,zuljin,192,evoker,preservation,6,2,4
7902,Froky,stormrage,192,evoker,preservation,6,2,4
7903,Slaymedaddy,proudmoore,192,evoker,preservation,6,2,4
7904,Drugdoer,illidan,192,evoker,preservation,6,2,4
7905,Wse,illidan,192,evoker,preservation,6,2,4
7906,Daemon,terokkar,192,evoker,preservation,6,2,4
7907,Preserveluke,moon-guard,192,evoker,preservation,6,2,4
7908,Kalrid,sargeras,192,evoker,preservation,6,2,4
7909,Smurgma,frostmane,192,evoker,preservation,6,2,4
7910,Stickvoker,sargeras,192,evoker,preservation,6,2,4
7911,Ndr,proudmoore,192,evoker,preservation,6,2,4
7912,Nite,lothar,192,evoker,preservation,6,2,4
7913,Sketchybum,tichondrius,192,evoker,preservation,6,2,4
7914,Olesmokey,tichondrius,192,evoker,preservation,12,2,10
7915,Draghyon,tichondrius,192,evoker,preservation,12,2,10
7916,Prahvlord,shuhalo,192,evoker,preservation,12,2,10
7917,Hotblower,tichondrius,192,evoker,preservation,12,2,10
7918,Timecøp,zuljin,192,evoker,preservation,12,2,10
7919,Luxxa,bloodhoof,192,evoker,preservation,12,2,10
7920,Takasaki,dalaran,192,evoker,preservation,12,2,10
7921,Djornmustman,sargeras,192,evoker,preservation,12,2,10
7922,Ceraxxes,tichondrius,192,evoker,preservation,12,2,10
7923,Arkaan,malganis,192,evoker,preservation,12,2,10
7924,Tightp,malganis,192,evoker,preservation,12,2,10
7925,Drakthyrmonk,hyjal,192,evoker,preservation,12,2,10
7926,Lampizard,bonechewer,192,evoker,preservation,12,2,10
7927,Draxitar,blackrock,191,evoker,preservation,6,2,4
7928,Dracalis,thrall,191,evoker,preservation,6,2,4
7929,Lacost,area-52,191,evoker,preservation,6,2,4
7930,Valethal,ragnaros,191,evoker,preservation,6,2,4
7931,Frozonic,tichondrius,191,evoker,preservation,6,2,4
7932,Spyrð,emerald-dream,191,evoker,preservation,6,2,4
7933,Shadowyasuke,area-52,191,evoker,preservation,12,2,10
7934,Sodre,illidan,191,evoker,preservation,12,2,10
7935,Evooern,frostmourne,175,evoker,preservation,11,2,9
7936,Devokerkofwa,tichondrius,159,evoker,preservation,5,2,3
7937,Hexavalent,tichondrius,159,evoker,preservation,5,2,3
7938,Jetthryx,emerald-dream,159,evoker,preservation,11,2,9
7939,Temporal,mannoroth,144,evoker,preservation,3,3,0
7940,Dragonbush,sargeras,138,evoker,preservation,10,3,7
7941,Shíkyo,stormrage,138,evoker,preservation,20,3,17
7942,Lendren,sargeras,128,evoker,preservation,10,2,8
7943,Hutterbut,malganis,96,evoker,preservation,3,2,1
7944,Xampusaurio,ragnaros,96,evoker,preservation,6,1,5
7945,Tasdarallar,frostmourne,96,evoker,preservation,6,1,5
7946,Hardstuckirl,tichondrius,96,evoker,preservation,6,1,5
7947,Simarity,thrall,96,evoker,preservation,6,1,5
7948,Fkndragon,proudmoore,96,evoker,preservation,6,1,5
7949,Spyroh,crushridge,96,evoker,preservation,6,1,5
7950,Nowon,tichondrius,96,evoker,preservation,6,1,5
7951,Rdrako,emerald-dream,96,evoker,preservation,6,1,5
7952,Ðräco,quelthalas,96,evoker,preservation,6,1,5
7953,Ripdumpster,bonechewer,96,evoker,preservation,6,1,5
7954,Omars,sargeras,96,evoker,preservation,6,1,5
7955,Trrxx,tichondrius,96,evoker,preservation,6,1,5
7956,Vvhip,tichondrius,96,evoker,preservation,6,1,5
7957,Myjewelshurt,stormrage,96,evoker,preservation,6,1,5
7958,Keedrori,thrall,96,evoker,preservation,6,1,5
7959,Caelïn,malganis,96,evoker,preservation,6,1,5
7960,Ohmylanta,stormrage,96,evoker,preservation,6,1,5
7961,Daraz,tichondrius,96,evoker,preservation,6,1,5
7962,Uwuspit,tichondrius,96,evoker,preservation,6,1,5
7963,Iamthêt,sargeras,96,evoker,preservation,6,1,5
7964,Atreign,blackwing-lair,96,evoker,preservation,6,1,5
7965,Boppled,tichondrius,96,evoker,preservation,6,1,5
7966,Yoyke,tichondrius,96,evoker,preservation,6,1,5
7967,Patrdorasz,zuljin,96,evoker,preservation,6,1,5
7968,Freeblaze,blackhand,96,evoker,preservation,6,1,5
7969,Vermax,spirestone,96,evoker,preservation,6,1,5
7970,Dragondoh,frostmourne,96,evoker,preservation,6,1,5
7971,Liltj,tichondrius,96,evoker,preservation,6,1,5
7972,Frëëbîë,area-52,96,evoker,preservation,6,1,5
7973,Shockragosa,chogall,96,evoker,preservation,6,1,5
7974,Deviantart,emerald-dream,96,evoker,preservation,6,1,5
7975,Charbothyr,gorgonnash,96,evoker,preservation,6,1,5
7976,Gamerwords,barthilas,96,evoker,preservation,6,1,5
7977,Mookthyr,area-52,96,evoker,preservation,6,1,5
7978,Dracomedicus,frostmourne,96,evoker,preservation,10,1,9
7979,Shimshine,destromath,96,evoker,preservation,12,1,11
7980,Khorvin,proudmoore,96,evoker,preservation,12,1,11
7981,Morkite,moon-guard,96,evoker,preservation,12,1,11
7982,Eragon,feathermoon,96,evoker,preservation,12,1,11
7983,Dracarus,crushridge,96,evoker,preservation,12,1,11
7984,Bobstrasz,tichondrius,96,evoker,preservation,12,1,11
7985,Diavai,area-52,96,evoker,preservation,12,1,11
7986,Derath,maelstrom,96,evoker,preservation,12,1,11
7987,Dakotakek,illidan,96,evoker,preservation,12,1,11
7988,Tidehunter,chogall,96,evoker,preservation,12,1,11
7989,Jsb,moon-guard,96,evoker,preservation,18,1,17
7990,Blowmiê,area-52,79,evoker,preservation,5,1,4
7991,Wtsgoldpst,tichondrius,31,evoker,preservation,2,1,1
7992,Thiqc,zuluhed,9,evoker,preservation,9,3,6
7993,Nikthevoker,tichondrius,2153,evoker,devastation,150,81,69
7994,Whilefalse,stormrage,2125,evoker,devastation,95,48,47
7995,Lizzimcguire,zuljin,2118,evoker,devastation,90,60,30
7996,Shamblewing,arthas,2113,evoker,devastation,65,35,30
7997,Ocdgamer,malganis,2107,evoker,devastation,103,51,52
7998,Dametra,proudmoore,2100,evoker,devastation,102,59,43
7999,Caedalade,proudmoore,2076,evoker,devastation,220,113,107
8000,Breathalizer,sargeras,2029,evoker,devastation,90,51,39
8001,Evokemedaddy,bleeding-hollow,2024,evoker,devastation,132,70,62
8002,Rothvoker,tichondrius,2020,evoker,devastation,104,61,43
8003,Somyr,area-52,2003,evoker,devastation,78,43,35
8004,Koalaman,area-52,1972,evoker,devastation,180,96,84
8005,Nikthevoker,area-52,1963,evoker,devastation,135,64,71
8006,Quadude,illidan,1947,evoker,devastation,197,99,98
8007,Wazgon,emerald-dream,1940,evoker,devastation,194,94,100
8008,Hutaothighs,illidan,1937,evoker,devastation,124,64,60
8009,Arzaria,stormrage,1906,evoker,devastation,158,88,70
8010,Ethalem,thrall,1901,evoker,devastation,168,99,69
8011,Juicyjom,staghelm,1900,evoker,devastation,60,30,30
8012,Bigdrag,blackhand,1898,evoker,devastation,138,74,64
8013,Ayavi,illidan,1890,evoker,devastation,96,61,35
8014,Trogdør,illidan,1887,evoker,devastation,153,76,77
8015,Dzrn,moon-guard,1887,evoker,devastation,114,56,58
8016,Seldantria,dalaran,1875,evoker,devastation,71,36,35
8017,Draxarys,area-52,1865,evoker,devastation,197,102,95
8018,Eastwubz,norgannon,1862,evoker,devastation,90,44,46
8019,Saryuja,thunderhorn,1860,evoker,devastation,46,31,15
8020,Thrawn,arygos,1855,evoker,devastation,59,37,22
8021,Bugberry,illidan,1854,evoker,devastation,96,51,45
8022,Azazél,borean-tundra,1852,evoker,devastation,107,61,46
8023,Royquaza,illidan,1850,evoker,devastation,60,33,27
8024,Wheezee,emerald-dream,1850,evoker,devastation,46,25,21
8025,Rescued,wyrmrest-accord,1848,evoker,devastation,54,31,23
8026,Xxkimura,tichondrius,1848,evoker,devastation,174,94,80
8027,Tatsurai,tichondrius,1845,evoker,devastation,43,24,19
8028,Fores,tichondrius,1845,evoker,devastation,127,65,62
8029,Eshen,ragnaros,1843,evoker,devastation,298,158,140
8030,Plep,wyrmrest-accord,1836,evoker,devastation,51,30,21
8031,Laneva,moon-guard,1835,evoker,devastation,128,86,42
8032,Venarys,dalaran,1826,evoker,devastation,42,30,12
8033,Raxdragon,sargeras,1826,evoker,devastation,36,22,14
8034,Anachronormu,mannoroth,1826,evoker,devastation,71,40,31
8035,Airgordan,area-52,1821,evoker,devastation,77,37,40
8036,Komodolong,tichondrius,1819,evoker,devastation,53,26,27
8037,Evokes,moon-guard,1818,evoker,devastation,80,41,39
8038,Kyloflight,thrall,1817,evoker,devastation,50,33,17
8039,Puf,magtheridon,1817,evoker,devastation,177,101,76
8040,Drakori,azralon,1812,evoker,devastation,80,49,31
8041,Drogu,kelthuzad,1810,evoker,devastation,30,19,11
8042,Gojirastraza,stormrage,1810,evoker,devastation,53,32,21
8043,Pykan,skullcrusher,1809,evoker,devastation,47,24,23
8044,Ragedizzle,twisting-nether,1808,evoker,devastation,91,49,42
8045,Geicovoker,tichondrius,1806,evoker,devastation,52,30,22
8046,Tazriak,tichondrius,1803,evoker,devastation,83,52,31
8047,Thordak,drakkari,1801,evoker,devastation,72,40,32
8048,Fractalz,alterac-mountains,1800,evoker,devastation,169,92,77
8049,Azradormu,zuljin,1798,evoker,devastation,103,45,58
8050,Meltharian,frostmourne,1797,evoker,devastation,80,42,38
8051,Srb,chogall,1783,evoker,devastation,84,47,37
8052,Yrue,moon-guard,1779,evoker,devastation,36,19,17
8053,Nørbert,frostmourne,1769,evoker,devastation,48,29,19
8054,Dooklord,shuhalo,1763,evoker,devastation,54,24,30
8055,Juicylizard,stormrage,1755,evoker,devastation,155,81,74
8056,Oldxdrake,sargeras,1747,evoker,devastation,138,70,68
8057,Emiriss,thrall,1744,evoker,devastation,88,45,43
8058,Rizzanomics,zuljin,1741,evoker,devastation,64,30,34
8059,Stickvoker,sargeras,1732,evoker,devastation,48,31,17
8060,Rá,drenden,1728,evoker,devastation,78,34,44
8061,Blowmiê,area-52,1727,evoker,devastation,66,38,28
8062,Nunez,frostmourne,1713,evoker,devastation,41,22,19
8063,Psynister,illidan,1711,evoker,devastation,108,48,60
8064,Strepo,proudmoore,1710,evoker,devastation,48,25,23
8065,Gwaelii,tichondrius,1708,evoker,devastation,60,36,24
8066,Rðsè,tichondrius,1697,evoker,devastation,114,56,58
8067,Ðeepßreath,sargeras,1692,evoker,devastation,60,32,28
8068,Jase,gilneas,1691,evoker,devastation,74,45,29
8069,Scaleychad,zuljin,1688,evoker,devastation,53,27,26
8070,Krúnsh,ragnaros,1687,evoker,devastation,125,66,59
8071,Darkwingz,icecrown,1680,evoker,devastation,44,25,19
8072,Vhagarius,tichondrius,1680,evoker,devastation,45,21,24
8073,Eszel,thunderlord,1679,evoker,devastation,184,98,86
8074,Betasoldier,kelthuzad,1678,evoker,devastation,71,43,28
8075,Catvoker,area-52,1678,evoker,devastation,114,58,56
8076,Draxarys,tichondrius,1677,evoker,devastation,232,108,124
8077,Shoestrings,tichondrius,1675,evoker,devastation,108,51,57
8078,Dwagonwage,zuljin,1672,evoker,devastation,54,25,29
8079,Theredmenace,barthilas,1671,evoker,devastation,35,23,12
8080,Garlicbreth,stormrage,1671,evoker,devastation,76,40,36
8081,Shalander,proudmoore,1670,evoker,devastation,126,71,55
8082,Fizzlevoker,malganis,1670,evoker,devastation,48,23,25
8083,Evokez,barthilas,1661,evoker,devastation,36,27,9
8084,Izzythelizzy,tichondrius,1657,evoker,devastation,108,59,49
8085,Arkeryte,moon-guard,1657,evoker,devastation,108,56,52
8086,Beatdownbill,sargeras,1657,evoker,devastation,99,48,51
8087,Balrôg,malganis,1656,evoker,devastation,63,29,34
8088,Dovàhkin,moon-guard,1655,evoker,devastation,60,32,28
8089,Mindme,tichondrius,1652,evoker,devastation,53,30,23
8090,Dragonkings,tichondrius,1651,evoker,devastation,51,23,28
8091,Wingdeadly,tichondrius,1650,evoker,devastation,66,35,31
8092,Nazaral,mannoroth,1647,evoker,devastation,60,32,28
8093,Deralan,khaz-modan,1645,evoker,devastation,36,20,16
8094,Blackdragôn,stormrage,1641,evoker,devastation,43,22,21
8095,Rengöku,skullcrusher,1637,evoker,devastation,36,20,16
8096,Epollyon,sargeras,1633,evoker,devastation,30,19,11
8097,Xhamon,quelthalas,1630,evoker,devastation,52,23,29
8098,Zenithria,thrall,1627,evoker,devastation,94,49,45
8099,Nishalethen,moon-guard,1626,evoker,devastation,29,18,11
8100,Zona,moon-guard,1625,evoker,devastation,48,24,24
8101,Galakrønd,illidan,1624,evoker,devastation,116,63,53
8102,Bombs,shattered-hand,1621,evoker,devastation,132,70,62
8103,Æthyr,anubarak,1616,evoker,devastation,30,21,9
8104,Mayhemvoker,rexxar,1616,evoker,devastation,42,27,15
8105,Alekoslol,area-52,1615,evoker,devastation,40,23,17
8106,Spyrodadrago,malganis,1615,evoker,devastation,54,29,25
8107,Burnyxia,zuljin,1613,evoker,devastation,42,22,20
8108,Endoveire,tichondrius,1613,evoker,devastation,54,23,31
8109,Evòker,tichondrius,1610,evoker,devastation,48,25,23
8110,Bréáth,tichondrius,1608,evoker,devastation,48,33,15
8111,Akajills,tichondrius,1607,evoker,devastation,124,70,54
8112,Mushugon,wyrmrest-accord,1605,evoker,devastation,24,17,7
8113,Eshaybruh,barthilas,1605,evoker,devastation,34,20,14
8114,Flysokan,tichondrius,1604,evoker,devastation,48,25,23
8115,Dubskis,area-52,1603,evoker,devastation,122,63,59
8116,Jereico,stonemaul,1603,evoker,devastation,78,39,39
8117,Bently,bloodhoof,1603,evoker,devastation,48,21,27
8118,Marccuss,bleeding-hollow,1601,evoker,devastation,24,17,7
8119,Ryuback,sargeras,1601,evoker,devastation,42,26,16
8120,Xhaal,tichondrius,1601,evoker,devastation,168,83,85
8121,Mfquietus,illidan,1598,evoker,devastation,48,25,23
8122,Imugee,sargeras,1598,evoker,devastation,54,27,27
8123,Haramcad,tichondrius,1595,evoker,devastation,159,84,75
8124,Ackreshanaz,nagrand,1594,evoker,devastation,36,17,19
8125,Batwig,tichondrius,1590,evoker,devastation,71,39,32
8126,Djvoker,zuljin,1590,evoker,devastation,39,21,18
8127,Chànge,lothar,1587,evoker,devastation,41,23,18
8128,Lorb,icecrown,1584,evoker,devastation,153,84,69
8129,Juooun,tichondrius,1583,evoker,devastation,71,31,40
8130,Algonir,wyrmrest-accord,1581,evoker,devastation,30,17,13
8131,Zeranthal,moon-guard,1580,evoker,devastation,26,17,9
8132,Curtis,shadowmoon,1572,evoker,devastation,52,35,17
8133,Envisioned,kelthuzad,1572,evoker,devastation,36,19,17
8134,Aarax,tichondrius,1570,evoker,devastation,89,45,44
8135,Ævoker,tichondrius,1569,evoker,devastation,111,54,57
8136,Mmrglmrglmr,stormrage,1565,evoker,devastation,47,26,21
8137,Linguistic,tichondrius,1557,evoker,devastation,48,25,23
8138,Rinstraza,thrall,1554,evoker,devastation,120,59,61
8139,Sintholo,sargeras,1544,evoker,devastation,98,49,49
8140,Agheel,firetree,1543,evoker,devastation,44,23,21
8141,Caelïn,malganis,1542,evoker,devastation,132,67,65
8142,Jiminsgf,tichondrius,1539,evoker,devastation,54,36,18
8143,Dragnmÿballs,blackrock,1536,evoker,devastation,34,20,14
8144,Hydrogenbomb,sargeras,1530,evoker,devastation,86,47,39
8145,Voithyr,moon-guard,1526,evoker,devastation,42,24,18
8146,Hotdragon,zuljin,1526,evoker,devastation,78,43,35
8147,Drgua,tichondrius,1522,evoker,devastation,30,16,14
8148,Valthenax,frostmourne,1519,evoker,devastation,60,25,35
8149,Bryágh,wyrmrest-accord,1517,evoker,devastation,147,76,71
8150,Bumbaclot,illidan,1516,evoker,devastation,30,16,14
8151,Olesmokey,tichondrius,1513,evoker,devastation,86,45,41
8152,Galrend,firetree,1511,evoker,devastation,78,41,37
8153,Polyrhythmic,ysera,1510,evoker,devastation,79,38,41
8154,Qfyre,frostmourne,1508,evoker,devastation,51,32,19
8155,Gôdzevoker,area-52,1507,evoker,devastation,30,16,14
8156,Xplode,area-52,1504,evoker,devastation,176,89,87
8157,Tinine,frostmourne,1503,evoker,devastation,60,33,27
8158,Tezzyl,kiljaeden,1498,evoker,devastation,30,16,14
8159,Tealetaz,area-52,1495,evoker,devastation,49,32,17
8160,Hochenblume,proudmoore,1494,evoker,devastation,36,17,19
8161,Ùwüdragon,tichondrius,1490,evoker,devastation,118,71,47
8162,Zenasatral,sargeras,1483,evoker,devastation,23,16,7
8163,Eternabeam,gilneas,1478,evoker,devastation,35,16,19
8164,Dragonvore,moon-guard,1475,evoker,devastation,23,17,6
8165,Elurb,illidan,1475,evoker,devastation,44,27,17
8166,Prevocker,sargeras,1470,evoker,devastation,37,18,19
8167,Quadarius,tichondrius,1466,evoker,devastation,105,55,50
8168,Monkeydrake,tichondrius,1466,evoker,devastation,66,29,37
8169,Karox,moon-guard,1464,evoker,devastation,53,23,30
8170,Dekux,elune,1459,evoker,devastation,36,16,20
8171,Tagzy,tichondrius,1454,evoker,devastation,36,20,16
8172,Dragontrees,illidan,1450,evoker,devastation,36,19,17
8173,Bellerion,proudmoore,1450,evoker,devastation,48,22,26
8174,Amlug,illidan,1450,evoker,devastation,88,38,50
8175,Xaeradroz,area-52,1448,evoker,devastation,48,25,23
8176,Brounno,area-52,1446,evoker,devastation,64,43,21
8177,Emoker,magtheridon,1446,evoker,devastation,31,18,13
8178,Midi,boulderfist,1446,evoker,devastation,42,21,21
8179,Lilfootmommy,emerald-dream,1446,evoker,devastation,36,16,20
8180,Rhÿu,quelthalas,1444,evoker,devastation,29,16,13
8181,Chinesedragn,tichondrius,1443,evoker,devastation,54,28,26
8182,Peef,tichondrius,1439,evoker,devastation,24,15,9
8183,Mcglizzy,stormrage,1437,evoker,devastation,54,22,32
8184,Zalzin,agamaggan,1435,evoker,devastation,92,48,44
8185,Devonstation,zuljin,1429,evoker,devastation,42,24,18
8186,Malygoz,frostmourne,1426,evoker,devastation,48,20,28
8187,Dragonbic,illidan,1423,evoker,devastation,36,16,20
8188,Evoqz,stormrage,1422,evoker,devastation,30,18,12
8189,Grapthar,korgath,1418,evoker,devastation,78,41,37
8190,Trenash,illidan,1418,evoker,devastation,76,32,44
8191,You,deathwing,1413,evoker,devastation,30,16,14
8192,Toastragosa,cenarius,1406,evoker,devastation,149,66,83
8193,Kjerne,stormrage,1404,evoker,devastation,30,20,10
8194,Thechadwasgr,bleeding-hollow,1403,evoker,devastation,62,31,31
8195,Drussyboy,illidan,1402,evoker,devastation,30,15,15
8196,Firkrag,bleeding-hollow,1402,evoker,devastation,60,28,32
8197,Favoredson,area-52,1400,evoker,devastation,48,25,23
8198,Devdjinn,tichondrius,1400,evoker,devastation,132,67,65
8199,Valkalas,moon-guard,1400,evoker,devastation,63,30,33
8200,Børedom,burning-legion,1399,evoker,devastation,24,15,9
8201,Zartolas,moon-guard,1399,evoker,devastation,84,36,48
8202,Dillss,tichondrius,1397,evoker,devastation,66,31,35
8203,Veserion,azralon,1396,evoker,devastation,90,50,40
8204,Erling,duskwood,1396,evoker,devastation,54,28,26
8205,Rodgoesinya,blackrock,1392,evoker,devastation,54,30,24
8206,Blittlle,bleeding-hollow,1391,evoker,devastation,66,39,27
8207,Frequevoker,tichondrius,1390,evoker,devastation,35,15,20
8208,Narissian,wyrmrest-accord,1388,evoker,devastation,80,44,36
8209,Howtew,jubeithos,1384,evoker,devastation,30,18,12
8210,Tyrvin,kiljaeden,1382,evoker,devastation,145,72,73
8211,Puffthemagiq,mugthol,1373,evoker,devastation,30,16,14
8212,Dragneel,wyrmrest-accord,1367,evoker,devastation,39,17,22
8213,Drakoris,malganis,1365,evoker,devastation,93,50,43
8214,Dailon,stormreaver,1365,evoker,devastation,39,17,22
8215,Bvo,stormrage,1364,evoker,devastation,77,41,36
8216,Navaji,tichondrius,1362,evoker,devastation,55,30,25
8217,Jurokiel,sargeras,1361,evoker,devastation,123,64,59
8218,Evokedx,area-52,1361,evoker,devastation,42,21,21
8219,Zeetash,illidan,1361,evoker,devastation,42,15,27
8220,Zayllaerth,illidan,1360,evoker,devastation,82,42,40
8221,Ezarke,madoran,1359,evoker,devastation,35,17,18
8222,Aoxila,proudmoore,1359,evoker,devastation,129,58,71
8223,Thendroz,moon-guard,1357,evoker,devastation,30,18,12
8224,Grendalevo,tichondrius,1357,evoker,devastation,57,28,29
8225,Drogan,demon-soul,1356,evoker,devastation,92,55,37
8226,Kêristrasza,wyrmrest-accord,1352,evoker,devastation,54,27,27
8227,Bumbledragn,moon-guard,1344,evoker,devastation,95,46,49
8228,Sylnathaire,wyrmrest-accord,1343,evoker,devastation,84,41,43
8229,Aydetal,eonar,1343,evoker,devastation,42,20,22
8230,Monyz,emerald-dream,1342,evoker,devastation,34,26,8
8231,Tekath,altar-of-storms,1340,evoker,devastation,49,23,26
8232,Coltist,elune,1338,evoker,devastation,18,14,4
8233,Yuukee,thrall,1338,evoker,devastation,43,23,20
8234,Valyrik,illidan,1326,evoker,devastation,98,47,51
8235,Serthius,darkspear,1323,evoker,devastation,18,14,4
8236,Talanoth,skullcrusher,1323,evoker,devastation,45,25,20
8237,Dovå,moon-guard,1322,evoker,devastation,32,16,16
8238,Drachenatem,skywall,1319,evoker,devastation,24,14,10
8239,Emikothyr,thrall,1319,evoker,devastation,74,41,33
8240,Nazanazar,wyrmrest-accord,1317,evoker,devastation,73,37,36
8241,Jabbawockeëz,drakkari,1315,evoker,devastation,94,50,44
8242,Itwasntthis,tichondrius,1306,evoker,devastation,99,51,48
8243,Skykeeper,quelthalas,1300,evoker,devastation,112,58,54
8244,Setash,kiljaeden,1296,evoker,devastation,24,14,10
8245,Zlandicaar,area-52,1296,evoker,devastation,30,14,16
8246,Vahaerys,stormrage,1296,evoker,devastation,48,21,27
8247,Sidrasza,norgannon,1292,evoker,devastation,43,22,21
8248,Valentis,bleeding-hollow,1286,evoker,devastation,42,20,22
8249,Vokeero,ysera,1284,evoker,devastation,72,36,36
8250,Draconicus,bonechewer,1279,evoker,devastation,80,41,39
8251,Mønster,zuljin,1279,evoker,devastation,91,43,48
8252,Sylverion,thrall,1277,evoker,devastation,70,35,35
8253,Zendrov,skywall,1276,evoker,devastation,30,14,16
8254,Golden,area-52,1274,evoker,devastation,28,14,14
8255,Wrecketz,tichondrius,1266,evoker,devastation,47,26,21
8256,Evokjoe,tortheldrin,1262,evoker,devastation,58,29,29
8257,Zlolykcir,malganis,1258,evoker,devastation,64,34,30
8258,Crogosa,quelthalas,1251,evoker,devastation,36,14,22
8259,Ezgamedeez,tichondrius,1247,evoker,devastation,24,13,11
8260,Dracomalfoyy,caelestrasz,1246,evoker,devastation,21,14,7
8261,Marknormand,area-52,1246,evoker,devastation,24,13,11
8262,Shanegillis,emerald-dream,1244,evoker,devastation,18,13,5
8263,Hmong,proudmoore,1244,evoker,devastation,36,13,23
8264,Rotscale,proudmoore,1243,evoker,devastation,24,13,11
8265,Lexgrossman,kelthuzad,1242,evoker,devastation,49,21,28
8266,Jarzilla,illidan,1240,evoker,devastation,18,13,5
8267,Dracfire,saurfang,1239,evoker,devastation,24,13,11
8268,Longxx,dalaran,1235,evoker,devastation,24,13,11
8269,Galakraas,proudmoore,1235,evoker,devastation,75,34,41
8270,Xm,emerald-dream,1235,evoker,devastation,31,14,17
8271,Bigbadfred,tichondrius,1234,evoker,devastation,24,13,11
8272,Atreign,blackwing-lair,1234,evoker,devastation,43,13,30
8273,Raghnard,illidan,1231,evoker,devastation,64,31,33
8274,Sindraxx,stormrage,1228,evoker,devastation,48,25,23
8275,Phlegython,eredar,1226,evoker,devastation,30,13,17
8276,Valakaztower,area-52,1225,evoker,devastation,36,19,17
8277,Nathx,drakkari,1222,evoker,devastation,24,18,6
8278,Cheaterz,area-52,1222,evoker,devastation,36,22,14
8279,Dingermun,bleeding-hollow,1221,evoker,devastation,19,14,5
8280,Azorian,vashj,1208,evoker,devastation,30,17,13
8281,Dîego,azralon,1206,evoker,devastation,22,14,8
8282,Midnights,scarlet-crusade,1206,evoker,devastation,56,33,23
8283,Trenot,draenor,1202,evoker,devastation,42,21,21
8284,Layothyr,stormrage,1201,evoker,devastation,24,14,10
8285,Drakonyx,mugthol,1195,evoker,devastation,42,18,24
8286,Yiserion,sargeras,1194,evoker,devastation,54,29,25
8287,Enuzan,dalaran,1191,evoker,devastation,35,17,18
8288,Dragoceleste,ragnaros,1190,evoker,devastation,36,19,17
8289,Dragkon,azuremyst,1190,evoker,devastation,54,22,32
8290,Paean,moon-guard,1183,evoker,devastation,32,18,14
8291,Evooern,frostmourne,1181,evoker,devastation,84,39,45
8292,Vizora,moon-guard,1180,evoker,devastation,20,13,7
8293,Kaikisen,malganis,1178,evoker,devastation,41,19,22
8294,Climax,stormrage,1177,evoker,devastation,28,13,15
8295,Bhalaria,ragnaros,1170,evoker,devastation,57,21,36
8296,Teritwo,stormrage,1166,evoker,devastation,28,13,15
8297,Drakhaz,azralon,1156,evoker,devastation,22,13,9
8298,Crappysmellz,tichondrius,1152,evoker,devastation,18,12,6
8299,Asham,azralon,1152,evoker,devastation,63,36,27
8300,Devokerx,emerald-dream,1151,evoker,devastation,18,12,6
8301,Tërminus,quelthalas,1151,evoker,devastation,18,12,6
8302,Shwaydbz,zuljin,1151,evoker,devastation,24,12,12
8303,Klownfiesta,thrall,1148,evoker,devastation,30,15,15
8304,Mythsvoker,barthilas,1147,evoker,devastation,19,12,7
8305,Aentharion,argent-dawn,1147,evoker,devastation,24,12,12
8306,Zervis,arthas,1147,evoker,devastation,30,12,18
8307,Drozul,stormrage,1145,evoker,devastation,30,12,18
8308,Unseenzblack,tichondrius,1141,evoker,devastation,18,12,6
8309,Zippityzoom,barthilas,1139,evoker,devastation,36,15,21
8310,Dinnkyion,dalaran,1138,evoker,devastation,24,12,12
8311,Midyr,nemesis,1137,evoker,devastation,24,15,9
8312,Dragonbranch,area-52,1133,evoker,devastation,24,12,12
8313,Lorathyr,lothar,1128,evoker,devastation,24,12,12
8314,Loginplease,frostmourne,1124,evoker,devastation,56,23,33
8315,Paycussy,sargeras,1110,evoker,devastation,18,12,6
8316,Zitasanazen,tichondrius,1107,evoker,devastation,64,25,39
8317,Cowboyydann,malganis,1102,evoker,devastation,17,12,5
8318,Crymor,lethon,1099,evoker,devastation,30,16,14
8319,Madelines,tichondrius,1097,evoker,devastation,24,13,11
8320,Ðarkwyrm,laughing-skull,1092,evoker,devastation,36,20,16
8321,Byäkuyá,azralon,1091,evoker,devastation,53,27,26
8322,Trazana,wyrmrest-accord,1089,evoker,devastation,23,12,11
8323,Zhannecgos,moon-guard,1087,evoker,devastation,28,12,16
8324,Erizcdraa,tichondrius,1069,evoker,devastation,19,12,7
8325,Durijus,tichondrius,1069,evoker,devastation,35,14,21
8326,Aktas,illidan,1063,evoker,devastation,28,12,16
8327,Warhammerxx,tichondrius,1058,evoker,devastation,66,25,41
8328,Devokèr,tichondrius,1056,evoker,devastation,24,11,13
8329,Mtndewboy,illidan,1055,evoker,devastation,18,11,7
8330,Hydroponicsz,bloodscalp,1055,evoker,devastation,24,11,13
8331,Obsidianimp,sargeras,1055,evoker,devastation,24,11,13
8332,Kiry,emerald-dream,1055,evoker,devastation,24,11,13
8333,Kubus,emerald-dream,1054,evoker,devastation,18,11,7
8334,Yousurper,thunderlord,1054,evoker,devastation,27,14,13
8335,Kinto,stormrage,1054,evoker,devastation,30,11,19
8336,Eìdolon,sargeras,1049,evoker,devastation,18,11,7
8337,Sübjugador,azralon,1042,evoker,devastation,30,20,10
8338,Wackthyr,frostmourne,1042,evoker,devastation,24,11,13
8339,Visron,stormrage,1039,evoker,devastation,41,25,16
8340,Drögón,stormrage,1038,evoker,devastation,24,16,8
8341,Tïtäm,area-52,1032,evoker,devastation,21,12,9
8342,Tireoz,frostmourne,1026,evoker,devastation,38,11,27
8343,Abaddragon,dalaran,1020,evoker,devastation,29,11,18
8344,Culture,khazgoroth,1006,evoker,devastation,15,11,4
8345,Alnuin,stormrage,1004,evoker,devastation,102,42,60
8346,Stolesom,emerald-dream,992,evoker,devastation,59,29,30
8347,Daydrac,thrall,987,evoker,devastation,26,11,15
8348,Neofarian,lightbringer,986,evoker,devastation,20,11,9
8349,Dragongrim,silvermoon,986,evoker,devastation,30,14,16
8350,Chun,malganis,960,evoker,devastation,18,10,8
8351,Iantern,dalaran,960,evoker,devastation,18,10,8
8352,Kazrekan,moon-guard,960,evoker,devastation,18,10,8
8353,Cmiygl,proudmoore,959,evoker,devastation,12,10,2
8354,Cløud,hellscream,959,evoker,devastation,12,10,2
8355,Nasdanot,zuljin,959,evoker,devastation,18,10,8
8356,Xeerus,stormreaver,959,evoker,devastation,18,10,8
8357,Chime,dalaran,959,evoker,devastation,18,10,8
8358,Spicyrooster,area-52,959,evoker,devastation,18,10,8
8359,Milkymike,uldum,959,evoker,devastation,18,10,8
8360,Runescape,altar-of-storms,959,evoker,devastation,24,10,14
8361,Flapples,stormrage,958,evoker,devastation,24,10,14
8362,Vokezuì,sargeras,958,evoker,devastation,30,10,20
8363,Jormungandre,wyrmrest-accord,957,evoker,devastation,18,10,8
8364,Youdig,nazjatar,957,evoker,devastation,18,10,8
8365,Dragocser,drakkari,957,evoker,devastation,18,10,8
8366,Pewpowdragon,malganis,957,evoker,devastation,18,10,8
8367,Jgdragon,sargeras,957,evoker,devastation,18,10,8
8368,Herikas,tichondrius,956,evoker,devastation,72,35,37
8369,Embarasi,moon-guard,956,evoker,devastation,24,10,14
8370,Kheeleesi,illidan,956,evoker,devastation,24,10,14
8371,Oatmealneil,bleeding-hollow,955,evoker,devastation,24,10,14
8372,Kozukimomo,area-52,955,evoker,devastation,33,11,22
8373,Sinepbreath,bleeding-hollow,954,evoker,devastation,18,10,8
8374,Wizadsa,amanthul,951,evoker,devastation,12,10,2
8375,Loganvkr,illidan,950,evoker,devastation,18,10,8
8376,Fìg,wyrmrest-accord,948,evoker,devastation,18,10,8
8377,Jorlozthyr,ragnaros,948,evoker,devastation,24,10,14
8378,Prolyfe,blood-furnace,942,evoker,devastation,15,11,4
8379,Escanorr,ghostlands,936,evoker,devastation,20,11,9
8380,Stylez,anetheron,932,evoker,devastation,24,14,10
8381,Salakhar,drakkari,924,evoker,devastation,14,11,3
8382,Gridskully,quelthalas,912,evoker,devastation,21,11,10
8383,Drahconne,illidan,912,evoker,devastation,23,10,13
8384,Zyzzy,icecrown,910,evoker,devastation,15,10,5
8385,Ciana,black-dragonflight,902,evoker,devastation,38,19,19
8386,Mustardtiger,malorne,893,evoker,devastation,14,10,4
8387,Áspect,aegwynn,864,evoker,devastation,12,9,3
8388,Kiserys,suramar,864,evoker,devastation,12,9,3
8389,Oracle,duskwood,864,evoker,devastation,12,9,3
8390,Gobananas,sargeras,864,evoker,devastation,12,9,3
8391,Orncen,emerald-dream,864,evoker,devastation,16,10,6
8392,Todorøki,hyjal,864,evoker,devastation,18,9,9
8393,Dracaryz,blackhand,864,evoker,devastation,18,9,9
8394,Puffthemagic,lightnings-blade,864,evoker,devastation,18,9,9
8395,Dragonsteppz,aegwynn,863,evoker,devastation,18,9,9
8396,Nxnevo,tichondrius,863,evoker,devastation,18,9,9
8397,Siatrend,moon-guard,863,evoker,devastation,18,9,9
8398,Misik,frostwolf,863,evoker,devastation,18,9,9
8399,Missjenny,korgath,863,evoker,devastation,18,9,9
8400,Thyatera,ragnaros,863,evoker,devastation,18,9,9
8401,Mil,lightnings-blade,863,evoker,devastation,21,10,11
8402,Gharscales,tichondrius,863,evoker,devastation,24,9,15
8403,Terraxkhan,quelthalas,863,evoker,devastation,24,9,15
8404,Demidas,emerald-dream,862,evoker,devastation,13,9,4
8405,Arath,zangarmarsh,862,evoker,devastation,30,14,16
8406,Sía,drakkari,861,evoker,devastation,12,9,3
8407,Vaayu,moon-guard,861,evoker,devastation,12,9,3
8408,Nasath,arthas,861,evoker,devastation,18,9,9
8409,Teanie,tichondrius,861,evoker,devastation,18,9,9
8410,Karaxes,gorefiend,861,evoker,devastation,24,9,15
8411,Zorashal,kiljaeden,860,evoker,devastation,12,9,3
8412,Krokuzan,ragnaros,860,evoker,devastation,18,9,9
8413,Doombreath,ragnaros,859,evoker,devastation,18,9,9
8414,Keedrori,thrall,859,evoker,devastation,19,9,10
8415,Aelvina,moon-guard,857,evoker,devastation,24,9,15
8416,Nathenezital,frostmourne,856,evoker,devastation,18,9,9
8417,Azuria,lothar,855,evoker,devastation,12,9,3
8418,Furyíon,stormrage,855,evoker,devastation,12,9,3
8419,Acnølogia,stormrage,855,evoker,devastation,18,9,9
8420,Dragonpete,whisperwind,854,evoker,devastation,18,9,9
8421,Neith,aerie-peak,846,evoker,devastation,23,9,14
8422,Rasec,moon-guard,843,evoker,devastation,20,9,11
8423,Acnøløgia,azralon,840,evoker,devastation,30,9,21
8424,Rikfreedom,ragnaros,815,evoker,devastation,30,12,18
8425,Zandrov,greymane,814,evoker,devastation,15,9,6
8426,Dvrk,frostmourne,812,evoker,devastation,17,9,8
8427,Nyranblood,zuljin,795,evoker,devastation,18,9,9
8428,Gutterskank,illidan,793,evoker,devastation,17,9,8
8429,Dragonfarts,frostmourne,768,evoker,devastation,12,8,4
8430,Shortdargon,zuljin,768,evoker,devastation,12,8,4
8431,Cròk,quelthalas,768,evoker,devastation,12,8,4
8432,Taeloc,frostmourne,768,evoker,devastation,18,8,10
8433,Drsgme,dentarg,768,evoker,devastation,18,8,10
8434,Crosis,azralon,768,evoker,devastation,18,8,10
8435,Growthyy,malganis,767,evoker,devastation,12,8,4
8436,Dragontales,stormrage,767,evoker,devastation,12,8,4
8437,Vermax,akama,767,evoker,devastation,18,8,10
8438,Kozara,trollbane,767,evoker,devastation,18,8,10
8439,Satanasx,illidan,767,evoker,devastation,18,8,10
8440,Rïvé,tichondrius,767,evoker,devastation,24,8,16
8441,Dawitchvoker,illidan,766,evoker,devastation,18,8,10
8442,Aaztra,whisperwind,765,evoker,devastation,12,8,4
8443,Tinà,tichondrius,765,evoker,devastation,18,8,10
8444,Skrillerv,frostmourne,765,evoker,devastation,18,8,10
8445,Archion,azgalor,764,evoker,devastation,24,8,16
8446,Redeyés,area-52,761,evoker,devastation,12,8,4
8447,Seletgos,quelthalas,761,evoker,devastation,24,8,16
8448,Detraa,illidan,754,evoker,devastation,12,8,4
8449,Drapybaras,bleeding-hollow,745,evoker,devastation,24,8,16
8450,Pouncer,proudmoore,729,evoker,devastation,20,8,12
8451,Onornun,magtheridon,718,evoker,devastation,17,8,9
8452,Kalisee,skullcrusher,703,evoker,devastation,11,8,3
8453,Raygos,nemesis,700,evoker,devastation,26,8,18
8454,Zhyrouvion,stormrage,699,evoker,devastation,17,8,9
8455,Torakk,ravencrest,687,evoker,devastation,13,8,5
8456,Lacadabeef,tichondrius,672,evoker,devastation,12,7,5
8457,Koralia,wyrmrest-accord,672,evoker,devastation,12,7,5
8458,Vokr,area-52,672,evoker,devastation,12,7,5
8459,Axiomoixa,tichondrius,672,evoker,devastation,12,7,5
8460,Nysian,wyrmrest-accord,672,evoker,devastation,12,7,5
8461,Spikeyboi,eonar,672,evoker,devastation,12,7,5
8462,Bryiona,proudmoore,672,evoker,devastation,12,7,5
8463,Dudeofdragon,illidan,672,evoker,devastation,12,7,5
8464,Serathrine,smolderthorn,672,evoker,devastation,12,7,5
8465,Dragonherb,zuljin,672,evoker,devastation,12,7,5
8466,Chewbigred,vashj,672,evoker,devastation,12,7,5
8467,Écaille,dalaran,672,evoker,devastation,15,8,7
8468,Dragonstonks,moon-guard,672,evoker,devastation,18,7,11
8469,Razistzegrlz,illidan,672,evoker,devastation,24,7,17
8470,Jwoker,malganis,672,evoker,devastation,24,7,17
8471,Whiegrath,azralon,671,evoker,devastation,12,7,5
8472,Xeretas,bleeding-hollow,671,evoker,devastation,12,7,5
8473,Glaurungr,ragnaros,671,evoker,devastation,12,7,5
8474,Vexosza,moon-guard,671,evoker,devastation,12,7,5
8475,Gôdswrath,tichondrius,671,evoker,devastation,12,7,5
8476,Ggcthulhu,area-52,671,evoker,devastation,12,7,5
8477,Boseijwho,emerald-dream,671,evoker,devastation,12,7,5
8478,Hemipenes,tichondrius,671,evoker,devastation,18,7,11
8479,Phatë,nerzhul,671,evoker,devastation,18,7,11
8480,Setchagos,emerald-dream,670,evoker,devastation,12,7,5
8481,Beastlysoul,tichondrius,670,evoker,devastation,12,7,5
8482,Gulvoke,shattered-hand,670,evoker,devastation,12,7,5
8483,Nikeze,kiljaeden,670,evoker,devastation,18,7,11
8484,Takhysis,frostmourne,670,evoker,devastation,18,7,11
8485,Lamperr,illidan,670,evoker,devastation,54,10,44
8486,Pyrepapi,thrall,669,evoker,devastation,20,8,12
8487,Lostplanet,drakkari,669,evoker,devastation,24,7,17
8488,Mmanigoldo,quelthalas,667,evoker,devastation,18,7,11
8489,Sleepeasy,blackrock,667,evoker,devastation,18,7,11
8490,Evilsquirel,area-52,666,evoker,devastation,12,7,5
8491,Popgoesurmom,tichondrius,662,evoker,devastation,12,7,5
8492,Littleripper,tichondrius,658,evoker,devastation,12,7,5
8493,Stormstryke,queldorei,641,evoker,devastation,35,7,28
8494,Krefugee,tichondrius,637,evoker,devastation,17,7,10
8495,Drahkoo,azralon,623,evoker,devastation,15,7,8
8496,Zérai,quelthalas,576,evoker,devastation,6,6,0
8497,Yellowker,thrall,576,evoker,devastation,6,6,0
8498,Ilovepolpot,tichondrius,576,evoker,devastation,6,6,0
8499,Zlyrax,moon-guard,576,evoker,devastation,6,6,0
8500,Fuecoco,proudmoore,576,evoker,devastation,6,6,0
8501,Dragønbørne,blackrock,576,evoker,devastation,12,6,6
8502,Brakkarion,wyrmrest-accord,576,evoker,devastation,12,6,6
8503,Uncleìroh,tichondrius,576,evoker,devastation,12,6,6
8504,Sathregos,emerald-dream,576,evoker,devastation,12,6,6
8505,Glizard,firetree,576,evoker,devastation,12,6,6
8506,Müshü,icecrown,576,evoker,devastation,12,6,6
8507,Iamtrash,daggerspine,576,evoker,devastation,12,6,6
8508,Comepancito,quelthalas,576,evoker,devastation,12,6,6
8509,Dracthyrius,thunderlord,576,evoker,devastation,12,6,6
8510,Zoomi,whisperwind,576,evoker,devastation,12,6,6
8511,Lardicønn,thrall,576,evoker,devastation,12,6,6
8512,Dafiya,thrall,576,evoker,devastation,12,6,6
8513,Dimatis,ragnaros,576,evoker,devastation,12,6,6
8514,Dukä,dalaran,576,evoker,devastation,15,7,8
8515,Krashbandico,zangarmarsh,576,evoker,devastation,18,6,12
8516,Bhanethyr,illidan,576,evoker,devastation,18,6,12
8517,Saxthyr,stormreaver,576,evoker,devastation,24,6,18
8518,Avithori,borean-tundra,575,evoker,devastation,12,6,6
8519,Amaryliss,kelthuzad,575,evoker,devastation,12,6,6
8520,Lòrdope,illidan,575,evoker,devastation,12,6,6
8521,Avastri,moon-guard,575,evoker,devastation,12,6,6
8522,Rykuvokr,azuremyst,575,evoker,devastation,12,6,6
8523,Spicy,mannoroth,575,evoker,devastation,12,6,6
8524,Altri,lightnings-blade,575,evoker,devastation,12,6,6
8525,Tylexstranza,malganis,575,evoker,devastation,12,6,6
8526,Liekki,illidan,575,evoker,devastation,12,6,6
8527,Dragonair,spinebreaker,575,evoker,devastation,15,6,9
8528,Slitherin,dalaran,575,evoker,devastation,18,6,12
8529,Bazelgos,moon-guard,575,evoker,devastation,24,6,18
8530,Snowdragon,azralon,574,evoker,devastation,12,6,6
8531,Vermáx,caelestrasz,574,evoker,devastation,12,6,6
8532,Aegontargary,azralon,574,evoker,devastation,15,7,8
8533,Carloxd,tichondrius,574,evoker,devastation,24,6,18
8534,Syndue,malganis,573,evoker,devastation,12,6,6
8535,Noodleslut,stormrage,573,evoker,devastation,12,6,6
8536,Azuril,wyrmrest-accord,572,evoker,devastation,12,6,6
8537,Ezdrake,drakkari,572,evoker,devastation,24,6,18
8538,Aratre,daggerspine,560,evoker,devastation,30,6,24
8539,Toephotos,tichondrius,558,evoker,devastation,17,6,11
8540,Lightaurae,thunderlord,556,evoker,devastation,30,6,24
8541,Pzyko,ragnaros,551,evoker,devastation,17,6,11
8542,Zindrozarath,area-52,544,evoker,devastation,10,6,4
8543,Blazor,sisters-of-elune,542,evoker,devastation,11,6,5
8544,Dragonbreaf,emerald-dream,527,evoker,devastation,11,6,5
8545,Derite,bonechewer,511,evoker,devastation,10,6,4
8546,Gangbânk,tichondrius,480,evoker,devastation,6,5,1
8547,Vaelikai,korgath,480,evoker,devastation,6,5,1
8548,Kharibdis,kul-tiras,480,evoker,devastation,6,5,1
8549,Khalt,quelthalas,480,evoker,devastation,6,5,1
8550,Drakedrift,malganis,480,evoker,devastation,6,5,1
8551,Raller,malganis,480,evoker,devastation,6,5,1
8552,Toastsevoker,tichondrius,480,evoker,devastation,9,6,3
8553,Dhcb,tichondrius,480,evoker,devastation,12,5,7
8554,Nardleberry,wyrmrest-accord,480,evoker,devastation,12,5,7
8555,Rebuk,area-52,480,evoker,devastation,12,5,7
8556,Ackresh,executus,480,evoker,devastation,12,5,7
8557,Purplerocket,illidan,480,evoker,devastation,12,5,7
8558,Moltqt,tichondrius,480,evoker,devastation,12,5,7
8559,Deezdragon,stormrage,480,evoker,devastation,12,5,7
8560,Darkscale,haomarush,480,evoker,devastation,12,5,7
8561,Ryhu,sargeras,480,evoker,devastation,12,5,7
8562,Nuttutted,emerald-dream,480,evoker,devastation,12,5,7
8563,Nelthendros,moon-guard,480,evoker,devastation,12,5,7
8564,Faahrad,azralon,480,evoker,devastation,12,5,7
8565,Vikings,madoran,480,evoker,devastation,12,5,7
8566,Meleyx,saurfang,480,evoker,devastation,12,5,7
8567,Stælthßømbèr,baelgun,480,evoker,devastation,12,5,7
8568,Draehgor,hyjal,480,evoker,devastation,12,5,7
8569,Trillvoker,illidan,480,evoker,devastation,12,5,7
8570,Asatrat,greymane,480,evoker,devastation,12,5,7
8571,Kinndyvoker,sargeras,480,evoker,devastation,12,5,7
8572,Bucket,wyrmrest-accord,480,evoker,devastation,12,5,7
8573,Nethenezoth,auchindoun,480,evoker,devastation,12,5,7
8574,Glideoure,stonemaul,480,evoker,devastation,18,5,13
8575,Jugzxs,frostmourne,480,evoker,devastation,18,5,13
8576,Emsli,moon-guard,479,evoker,devastation,6,5,1
8577,Targaryenz,malganis,479,evoker,devastation,12,5,7
8578,Scalesun,azralon,479,evoker,devastation,12,5,7
8579,Dedderion,zuljin,479,evoker,devastation,12,5,7
8580,Historius,proudmoore,479,evoker,devastation,12,5,7
8581,Granolajin,ragnaros,479,evoker,devastation,12,5,7
8582,Niratrenn,area-52,478,evoker,devastation,12,5,7
8583,Nathrach,wyrmrest-accord,477,evoker,devastation,6,5,1
8584,Sandrov,kaelthas,477,evoker,devastation,12,5,7
8585,Daigrefn,echo-isles,476,evoker,devastation,12,5,7
8586,Zzae,tichondrius,432,evoker,devastation,15,5,10
8587,Lifcleal,moon-guard,415,evoker,devastation,14,5,9
8588,Kosstro,thunderlord,398,evoker,devastation,10,5,5
8589,Docevoker,tichondrius,384,evoker,devastation,6,4,2
8590,Zorlstisza,moon-guard,384,evoker,devastation,6,4,2
8591,Opsmybad,ragnaros,384,evoker,devastation,6,4,2
8592,Atraxian,tichondrius,384,evoker,devastation,6,4,2
8593,Whinks,zangarmarsh,384,evoker,devastation,6,4,2
8594,Deathraux,tichondrius,384,evoker,devastation,6,4,2
8595,Dragonsbgay,stormrage,384,evoker,devastation,6,4,2
8596,Potfase,tichondrius,384,evoker,devastation,6,4,2
8597,Kaidoxuchihv,ragnaros,384,evoker,devastation,6,4,2
8598,Shenròn,kelthuzad,384,evoker,devastation,6,4,2
8599,Drøgon,sargeras,384,evoker,devastation,6,4,2
8600,Draisin,zuljin,384,evoker,devastation,6,4,2
8601,Machaflux,winterhoof,384,evoker,devastation,6,4,2
8602,Testzvoker,dalaran,384,evoker,devastation,6,4,2
8603,Bmbo,illidan,384,evoker,devastation,6,4,2
8604,Jammstraza,skywall,384,evoker,devastation,6,4,2
8605,Dylawn,illidan,384,evoker,devastation,6,4,2
8606,Bodytypetwo,area-52,384,evoker,devastation,6,4,2
8607,Raikori,ragnaros,384,evoker,devastation,6,4,2
8608,Daemon,detheroc,384,evoker,devastation,6,4,2
8609,Mushú,archimonde,384,evoker,devastation,6,4,2
8610,Lizardgodtko,tichondrius,384,evoker,devastation,6,4,2
8611,Seaserpent,kelthuzad,384,evoker,devastation,6,4,2
8612,Skylizard,illidan,384,evoker,devastation,6,4,2
8613,Kcwt,illidan,384,evoker,devastation,6,4,2
8614,Mcflý,sargeras,384,evoker,devastation,6,4,2
8615,Swagondragon,illidan,384,evoker,devastation,6,4,2
8616,Biscotti,illidan,384,evoker,devastation,6,4,2
8617,Jenovi,tichondrius,384,evoker,devastation,6,4,2
8618,Vuldon,area-52,384,evoker,devastation,6,4,2
8619,Saìntgeorge,sargeras,384,evoker,devastation,6,4,2
8620,Blay,elune,384,evoker,devastation,12,4,8
8621,Dragostephen,nazjatar,384,evoker,devastation,12,4,8
8622,Nitalzith,area-52,384,evoker,devastation,12,4,8
8623,Lindrak,azralon,384,evoker,devastation,12,4,8
8624,Rizzlordx,bleeding-hollow,384,evoker,devastation,12,4,8
8625,Zirath,emerald-dream,384,evoker,devastation,12,4,8
8626,Baddrakthyr,moon-guard,384,evoker,devastation,12,4,8
8627,Butta,darkspear,384,evoker,devastation,12,4,8
8628,Kendrac,wyrmrest-accord,384,evoker,devastation,12,4,8
8629,Smacktoch,sargeras,384,evoker,devastation,12,4,8
8630,Dragonballer,trollbane,384,evoker,devastation,12,4,8
8631,Alragos,ragnaros,384,evoker,devastation,12,4,8
8632,Alligatorz,sargeras,384,evoker,devastation,12,4,8
8633,Idiotlizard,stormrage,384,evoker,devastation,12,4,8
8634,Thnake,zuljin,384,evoker,devastation,12,4,8
8635,Smackthyr,thrall,384,evoker,devastation,12,4,8
8636,Pewnee,eonar,384,evoker,devastation,12,4,8
8637,Cuarta,drakkari,384,evoker,devastation,12,4,8
8638,Lukamagik,boulderfist,384,evoker,devastation,12,4,8
8639,Syvernius,khazgoroth,384,evoker,devastation,12,4,8
8640,Muppetgronk,frostmourne,384,evoker,devastation,12,4,8
8641,Devåståtion,tichondrius,384,evoker,devastation,12,4,8
8642,Taylordra,tichondrius,384,evoker,devastation,12,4,8
8643,Munichho,spirestone,384,evoker,devastation,18,4,14
8644,Dinossauro,stormrage,383,evoker,devastation,6,4,2
8645,Rysonda,tichondrius,383,evoker,devastation,6,4,2
8646,Pläid,azuremyst,383,evoker,devastation,6,4,2
8647,Stretonaught,dalaran,383,evoker,devastation,9,4,5
8648,Jabberwockie,zuljin,383,evoker,devastation,12,4,8
8649,Ezath,zuljin,383,evoker,devastation,12,4,8
8650,Bagelsaurus,tichondrius,383,evoker,devastation,12,4,8
8651,Fukhur,ragnaros,381,evoker,devastation,12,4,8
8652,Vermicri,zuljin,351,evoker,devastation,11,4,7
8653,Serazenoth,area-52,336,evoker,devastation,9,4,5
8654,Acindor,stormrage,335,evoker,devastation,11,4,7
8655,Carrnedge,area-52,319,evoker,devastation,5,4,1
8656,Kettor,kelthuzad,288,evoker,devastation,6,3,3
8657,Dragoom,saurfang,288,evoker,devastation,6,3,3
8658,Kulrainor,drakkari,288,evoker,devastation,6,3,3
8659,Inferna,ysera,288,evoker,devastation,6,3,3
8660,Skeye,malganis,288,evoker,devastation,6,3,3
8661,Spyro,nazgrel,288,evoker,devastation,6,3,3
8662,Ripdumpster,bonechewer,288,evoker,devastation,6,3,3
8663,Saintpablox,illidan,288,evoker,devastation,6,3,3
8664,Straykitty,moon-guard,288,evoker,devastation,6,3,3
8665,Deathwingtwo,sargeras,288,evoker,devastation,6,3,3
8666,Jakarn,moon-guard,288,evoker,devastation,6,3,3
8667,Yousmokemids,frostwolf,288,evoker,devastation,6,3,3
8668,Ráigon,ragnaros,288,evoker,devastation,6,3,3
8669,Hausebat,aegwynn,288,evoker,devastation,6,3,3
8670,Dreamfyrexi,thrall,288,evoker,devastation,6,3,3
8671,Ironscale,dalaran,288,evoker,devastation,6,3,3
8672,Ceraxes,stormscale,288,evoker,devastation,6,3,3
8673,Madjeckyl,dalaran,288,evoker,devastation,6,3,3
8674,Deshalth,dalaran,288,evoker,devastation,6,3,3
8675,Zindraco,thrall,288,evoker,devastation,6,3,3
8676,Shenronda,moon-guard,288,evoker,devastation,6,3,3
8677,Lïzzy,tichondrius,288,evoker,devastation,6,3,3
8678,Scyyterr,azralon,288,evoker,devastation,6,3,3
8679,Xampusaurio,ragnaros,288,evoker,devastation,6,3,3
8680,Aomend,stormrage,288,evoker,devastation,6,3,3
8681,Platypus,tichondrius,288,evoker,devastation,6,3,3
8682,Ecoera,tichondrius,288,evoker,devastation,6,3,3
8683,Avasd,area-52,288,evoker,devastation,6,3,3
8684,Magicev,tichondrius,288,evoker,devastation,6,3,3
8685,Baddrake,moon-guard,288,evoker,devastation,6,3,3
8686,Êsh,lightbringer,288,evoker,devastation,6,3,3
8687,Lëåf,area-52,288,evoker,devastation,6,3,3
8688,Yeda,barthilas,288,evoker,devastation,6,3,3
8689,Cøømbuya,sargeras,288,evoker,devastation,6,3,3
8690,Brokenscales,nerzhul,288,evoker,devastation,6,3,3
8691,Drakthaer,tichondrius,288,evoker,devastation,6,3,3
8692,Cerisoromis,stormrage,288,evoker,devastation,6,3,3
8693,Bigsquirt,proudmoore,288,evoker,devastation,6,3,3
8694,Shennron,darkspear,288,evoker,devastation,6,3,3
8695,Lamdyn,wyrmrest-accord,288,evoker,devastation,6,3,3
8696,Dragbod,korgath,288,evoker,devastation,6,3,3
8697,Varandir,frostmane,288,evoker,devastation,6,3,3
8698,Galakrond,black-dragonflight,288,evoker,devastation,6,3,3
8699,Vallath,zuljin,288,evoker,devastation,6,3,3
8700,Deewey,sargeras,288,evoker,devastation,6,3,3
8701,Viverion,dalaran,288,evoker,devastation,10,4,6
8702,Taegon,area-52,288,evoker,devastation,10,4,6
8703,Nyldra,area-52,288,evoker,devastation,8,3,5
8704,Vandinus,stormrage,288,evoker,devastation,8,3,5
8705,Freddragon,illidan,288,evoker,devastation,12,3,9
8706,Enserio,stormrage,288,evoker,devastation,12,3,9
8707,Nazervis,silver-hand,288,evoker,devastation,12,3,9
8708,Healmeta,sargeras,288,evoker,devastation,12,3,9
8709,Ashenoth,antonidas,288,evoker,devastation,12,3,9
8710,Talonsong,wyrmrest-accord,288,evoker,devastation,12,3,9
8711,Velahesa,sargeras,288,evoker,devastation,12,3,9
8712,Althenot,emerald-dream,287,evoker,devastation,6,3,3
8713,Fortwonty,thrall,287,evoker,devastation,6,3,3
8714,Zeralzin,aerie-peak,287,evoker,devastation,6,3,3
8715,Myvrth,windrunner,287,evoker,devastation,12,3,9
8716,Kilnarx,uldaman,286,evoker,devastation,6,3,3
8717,Ghorin,akama,240,evoker,devastation,9,3,6
8718,Panicnodisco,zuljin,239,evoker,devastation,5,3,2
8719,Reombarth,nemesis,234,evoker,devastation,12,6,6
8720,Trrxx,tichondrius,224,evoker,devastation,10,3,7
8721,Joesount,frostmourne,192,evoker,devastation,6,2,4
8722,Garchamp,area-52,192,evoker,devastation,6,2,4
8723,Noxidian,moon-guard,192,evoker,devastation,6,2,4
8724,Ralzital,auchindoun,192,evoker,devastation,6,2,4
8725,Draketyr,area-52,192,evoker,devastation,6,2,4
8726,Rõÿ,area-52,192,evoker,devastation,6,2,4
8727,Goreriders,area-52,192,evoker,devastation,6,2,4
8728,Racovoker,zuljin,192,evoker,devastation,6,2,4
8729,Broconian,zuljin,192,evoker,devastation,6,2,4
8730,Dragonsand,area-52,192,evoker,devastation,6,2,4
8731,Ilithiphobia,ghostlands,192,evoker,devastation,6,2,4
8732,Dunkinonem,black-dragonflight,192,evoker,devastation,6,2,4
8733,Selocky,bleeding-hollow,192,evoker,devastation,6,2,4
8734,Pocketgiga,stormrage,192,evoker,devastation,6,2,4
8735,Frozanat,kelthuzad,192,evoker,devastation,6,2,4
8736,Parachutes,kelthuzad,192,evoker,devastation,6,2,4
8737,Puffed,frostmourne,192,evoker,devastation,6,2,4
8738,Theyevokbuda,kelthuzad,192,evoker,devastation,6,2,4
8739,Analogies,stormrage,192,evoker,devastation,6,2,4
8740,Lightbeing,nazjatar,192,evoker,devastation,6,2,4
8741,Slydawg,amanthul,192,evoker,devastation,6,2,4
8742,Siatren,shadowmoon,192,evoker,devastation,6,2,4
8743,Daemon,terokkar,192,evoker,devastation,6,2,4
8744,Wse,illidan,192,evoker,devastation,6,2,4
8745,Grawlix,stormreaver,192,evoker,devastation,6,2,4
8746,Vermithõr,ragnaros,192,evoker,devastation,6,2,4
8747,Usulamili,stormrage,192,evoker,devastation,6,2,4
8748,Paindragon,tol-barad,192,evoker,devastation,6,2,4
8749,Yalena,illidan,192,evoker,devastation,6,2,4
8750,Daebruk,ragnaros,192,evoker,devastation,6,2,4
8751,Mâne,ragnaros,192,evoker,devastation,6,2,4
8752,Dixb,illidan,192,evoker,devastation,6,2,4
8753,Mattykanish,illidan,192,evoker,devastation,6,2,4
8754,Ýüp,tichondrius,192,evoker,devastation,6,2,4
8755,Guavomango,moon-guard,192,evoker,devastation,6,2,4
8756,Acade,tichondrius,192,evoker,devastation,6,2,4
8757,Aralzit,tichondrius,192,evoker,devastation,6,2,4
8758,Nitalash,moon-guard,192,evoker,devastation,6,2,4
8759,Doldorrii,terenas,192,evoker,devastation,6,2,4
8760,Daraz,tichondrius,192,evoker,devastation,6,2,4
8761,Darazen,scarlet-crusade,192,evoker,devastation,6,2,4
8762,Xazxander,tichondrius,192,evoker,devastation,6,2,4
8763,Magnito,thorium-brotherhood,192,evoker,devastation,6,2,4
8764,Chriszilla,tichondrius,192,evoker,devastation,6,2,4
8765,Wydbro,kiljaeden,192,evoker,devastation,6,2,4
8766,Kímbah,emerald-dream,192,evoker,devastation,6,2,4
8767,Swamper,emerald-dream,192,evoker,devastation,6,2,4
8768,Zuberion,wyrmrest-accord,192,evoker,devastation,6,2,4
8769,Dokthyr,lightbringer,192,evoker,devastation,6,2,4
8770,Genderboy,tichondrius,192,evoker,devastation,6,2,4
8771,Nyaraoorun,uther,192,evoker,devastation,6,2,4
8772,Actïoncat,emerald-dream,192,evoker,devastation,6,2,4
8773,Kazervish,wyrmrest-accord,192,evoker,devastation,6,2,4
8774,Tasdaral,tichondrius,192,evoker,devastation,6,2,4
8775,Desdinova,tortheldrin,192,evoker,devastation,6,2,4
8776,Ytq,tichondrius,192,evoker,devastation,6,2,4
8777,Hellasketchy,sargeras,192,evoker,devastation,6,2,4
8778,Xfemboyqt,area-52,192,evoker,devastation,11,3,8
8779,Cyromancerr,illidan,192,evoker,devastation,8,2,6
8780,Arokh,frostmourne,192,evoker,devastation,12,2,10
8781,Gamerwords,barthilas,192,evoker,devastation,12,2,10
8782,Blueblack,proudmoore,192,evoker,devastation,12,2,10
8783,Sørrøw,blades-edge,192,evoker,devastation,18,2,16
8784,Dracalis,thrall,191,evoker,devastation,6,2,4
8785,Fearmybreath,stormrage,179,evoker,devastation,16,5,11
8786,Goongdi,tichondrius,159,evoker,devastation,5,2,3
8787,Tevvez,moon-guard,159,evoker,devastation,5,2,3
8788,Deathflamee,emerald-dream,138,evoker,devastation,12,3,9
8789,Eleechee,magtheridon,128,evoker,devastation,4,2,2
8790,Shunkagosa,frostmourne,128,evoker,devastation,4,2,2
8791,Vïtmercon,frostmourne,128,evoker,devastation,4,2,2
8792,Booniejimbob,illidan,128,evoker,devastation,4,2,2
8793,Vormontis,azralon,112,evoker,devastation,7,2,5
8794,Grafixx,sargeras,96,evoker,devastation,3,2,1
8795,Tugmapvpean,kelthuzad,96,evoker,devastation,3,2,1
8796,Gavstarz,frostmourne,96,evoker,devastation,3,2,1
8797,Demobreath,sargeras,96,evoker,devastation,6,1,5
8798,Asui,senjin,96,evoker,devastation,6,1,5
8799,Ojigi,sargeras,96,evoker,devastation,6,1,5
8800,Zinderaz,runetotem,96,evoker,devastation,6,1,5
8801,Aoibae,frostmourne,96,evoker,devastation,6,1,5
8802,Ackonstraza,frostmourne,96,evoker,devastation,6,1,5
8803,Ðrac,bleeding-hollow,96,evoker,devastation,6,1,5
8804,Eyedxl,magtheridon,96,evoker,devastation,6,1,5
8805,Kazadon,icecrown,96,evoker,devastation,6,1,5
8806,Handb,tichondrius,96,evoker,devastation,6,1,5
8807,Koopa,malygos,96,evoker,devastation,6,1,5
8808,Myjewelshurt,stormrage,96,evoker,devastation,6,1,5
8809,Bløssom,malganis,96,evoker,devastation,6,1,5
8810,Warchad,stormrage,96,evoker,devastation,6,1,5
8811,Yongyang,tichondrius,96,evoker,devastation,6,1,5
8812,Pisslizard,stormrage,96,evoker,devastation,6,1,5
8813,Modenzu,malganis,96,evoker,devastation,6,1,5
8814,Fígment,tichondrius,96,evoker,devastation,6,1,5
8815,Chillistraza,tichondrius,96,evoker,devastation,6,1,5
8816,Zealagon,ragnaros,96,evoker,devastation,6,1,5
8817,Lucià,thrall,96,evoker,devastation,6,1,5
8818,Charrio,illidan,96,evoker,devastation,6,1,5
8819,Batterypowa,frostmourne,96,evoker,devastation,6,1,5
8820,Dracoi,illidan,96,evoker,devastation,6,1,5
8821,Erathiss,wyrmrest-accord,96,evoker,devastation,6,1,5
8822,Shintrax,ragnaros,96,evoker,devastation,6,1,5
8823,Colloc,tichondrius,96,evoker,devastation,6,1,5
8824,Dadydafather,sargeras,96,evoker,devastation,12,1,11
8825,Ysondrius,durotan,96,evoker,devastation,12,1,11
8826,Carnosaur,lightbringer,96,evoker,devastation,12,1,11
8827,Embeka,illidan,95,evoker,devastation,6,1,5
8828,Bàkèd,illidan,79,evoker,devastation,5,1,4
8829,Nwo,shattered-hand,64,evoker,devastation,4,1,3
8830,Cerevok,area-52,64,evoker,devastation,4,1,3
8831,Charlestrasz,hyjal,42,evoker,devastation,11,3,8
8832,Remisha,emerald-dream,2136,hunter,marksmanship,82,44,38
8833,Darkshady,tichondrius,2050,hunter,marksmanship,78,40,38
8834,Abolick,area-52,1990,hunter,marksmanship,118,61,57
8835,Dobarantu,tichondrius,1972,hunter,marksmanship,98,49,49
8836,Imvalence,area-52,1947,hunter,marksmanship,82,36,46
8837,Rendel,drakkari,1932,hunter,marksmanship,89,42,47
8838,Fuknhunter,kiljaeden,1905,hunter,marksmanship,110,56,54
8839,Rakan,spinebreaker,1884,hunter,marksmanship,54,33,21
8840,Bøl,ragnaros,1882,hunter,marksmanship,30,20,10
8841,Hokutox,tichondrius,1870,hunter,marksmanship,68,31,37
8842,Blackjesu,blackrock,1868,hunter,marksmanship,72,33,39
8843,Renaître,tichondrius,1866,hunter,marksmanship,120,57,63
8844,Squawkers,sargeras,1848,hunter,marksmanship,78,43,35
8845,Iconvoked,sargeras,1842,hunter,marksmanship,142,75,67
8846,Hâwkêyê,thrall,1827,hunter,marksmanship,48,22,26
8847,Lely,tichondrius,1823,hunter,marksmanship,54,30,24
8848,Hrafn,illidan,1813,hunter,marksmanship,54,28,26
8849,Colada,malganis,1813,hunter,marksmanship,72,34,38
8850,Bosshunter,tichondrius,1810,hunter,marksmanship,86,43,43
8851,Nishinos,tichondrius,1808,hunter,marksmanship,183,88,95
8852,Deutêr,quelthalas,1801,hunter,marksmanship,66,35,31
8853,Kensho,illidan,1789,hunter,marksmanship,48,28,20
8854,Drasen,deathwing,1778,hunter,marksmanship,48,27,21
8855,Hagadinn,frostmourne,1765,hunter,marksmanship,48,21,27
8856,Boquiinha,stormrage,1759,hunter,marksmanship,90,46,44
8857,Globalcake,illidan,1757,hunter,marksmanship,121,59,62
8858,Dynith,sargeras,1756,hunter,marksmanship,39,21,18
8859,Ladderpolice,tichondrius,1749,hunter,marksmanship,61,35,26
8860,Undeadroach,tichondrius,1747,hunter,marksmanship,119,55,64
8861,Notnick,tichondrius,1747,hunter,marksmanship,84,37,47
8862,Preze,moon-guard,1739,hunter,marksmanship,51,29,22
8863,Chadsmanship,kelthuzad,1737,hunter,marksmanship,48,22,26
8864,Kristemis,thrall,1727,hunter,marksmanship,42,23,19
8865,Kkoduckk,tichondrius,1715,hunter,marksmanship,30,19,11
8866,Blungo,azralon,1713,hunter,marksmanship,60,31,29
8867,Dolcece,tichondrius,1713,hunter,marksmanship,48,24,24
8868,Overgnome,ragnaros,1710,hunter,marksmanship,54,26,28
8869,Surprisemfkr,emerald-dream,1693,hunter,marksmanship,54,29,25
8870,Tropic,proudmoore,1688,hunter,marksmanship,68,28,40
8871,Killatrap,malganis,1677,hunter,marksmanship,42,23,19
8872,Ingrutamig,tichondrius,1672,hunter,marksmanship,48,23,25
8873,Heädshöt,malorne,1672,hunter,marksmanship,66,31,35
8874,Onemoreshot,bleeding-hollow,1670,hunter,marksmanship,116,55,61
8875,Petattack,barthilas,1668,hunter,marksmanship,42,20,22
8876,Tassili,illidan,1666,hunter,marksmanship,60,23,37
8877,Somethinggo,tichondrius,1658,hunter,marksmanship,95,51,44
8878,Shawtytraps,tichondrius,1652,hunter,marksmanship,131,53,78
8879,Gotchã,area-52,1650,hunter,marksmanship,42,27,15
8880,Quickitty,proudmoore,1648,hunter,marksmanship,54,25,29
8881,Czeroenjoyer,malganis,1647,hunter,marksmanship,36,22,14
8882,Aymas,sargeras,1645,hunter,marksmanship,119,62,57
8883,Zumago,tichondrius,1633,hunter,marksmanship,42,19,23
8884,Hmh,burning-legion,1631,hunter,marksmanship,155,79,76
8885,Bigpie,daggerspine,1628,hunter,marksmanship,59,37,22
8886,Taylormadae,frostmourne,1627,hunter,marksmanship,66,37,29
8887,Arjunå,sargeras,1621,hunter,marksmanship,101,56,45
8888,Easynightjr,bleeding-hollow,1620,hunter,marksmanship,225,117,108
8889,Xcw,stormrage,1619,hunter,marksmanship,60,28,32
8890,Supersaiyan,antonidas,1618,hunter,marksmanship,36,17,19
8891,Alansho,tichondrius,1618,hunter,marksmanship,53,20,33
8892,Tânsøxøxø,tichondrius,1617,hunter,marksmanship,30,17,13
8893,Latesummer,tichondrius,1616,hunter,marksmanship,48,25,23
8894,Johaylon,sargeras,1616,hunter,marksmanship,42,19,23
8895,Jubiscleudo,azralon,1615,hunter,marksmanship,85,39,46
8896,Dezertpower,sargeras,1613,hunter,marksmanship,36,20,16
8897,Snìpershot,sargeras,1612,hunter,marksmanship,61,33,28
8898,Shotashot,area-52,1612,hunter,marksmanship,36,17,19
8899,Wildder,area-52,1609,hunter,marksmanship,56,31,25
8900,Simbagrove,dalaran,1605,hunter,marksmanship,42,19,23
8901,Evaelfi,illidan,1605,hunter,marksmanship,40,17,23
8902,Dienasty,zuljin,1601,hunter,marksmanship,30,21,9
8903,Vitekz,illidan,1593,hunter,marksmanship,24,17,7
8904,Mambothehunt,stormrage,1579,hunter,marksmanship,60,33,27
8905,Drivebymac,tichondrius,1578,hunter,marksmanship,42,21,21
8906,Dummorogh,stormrage,1578,hunter,marksmanship,96,45,51
8907,Wìkkihx,emerald-dream,1568,hunter,marksmanship,48,25,23
8908,Papiskrill,staghelm,1568,hunter,marksmanship,91,42,49
8909,Swagprince,skullcrusher,1563,hunter,marksmanship,52,32,20
8910,Stimpblimp,jubeithos,1563,hunter,marksmanship,48,19,29
8911,Onemøreshot,bleeding-hollow,1561,hunter,marksmanship,108,54,54
8912,Amyrkvothe,ragnaros,1561,hunter,marksmanship,42,19,23
8913,Saloran,akama,1560,hunter,marksmanship,54,33,21
8914,Gnomorecum,kiljaeden,1558,hunter,marksmanship,87,54,33
8915,Shotsphodays,sargeras,1558,hunter,marksmanship,72,37,35
8916,Crounzz,sargeras,1558,hunter,marksmanship,51,23,28
8917,Rampagez,tichondrius,1555,hunter,marksmanship,36,19,17
8918,Luchadoris,malganis,1552,hunter,marksmanship,60,30,30
8919,Alyywn,tichondrius,1551,hunter,marksmanship,101,44,57
8920,Hötdôg,kiljaeden,1548,hunter,marksmanship,36,20,16
8921,Hämhunter,stormrage,1539,hunter,marksmanship,48,31,17
8922,Arrowslol,stormrage,1537,hunter,marksmanship,48,23,25
8923,Huntncheekz,kelthuzad,1534,hunter,marksmanship,76,38,38
8924,Metalgear,icecrown,1533,hunter,marksmanship,66,34,32
8925,Adive,drakkari,1533,hunter,marksmanship,66,32,34
8926,Hitts,barthilas,1531,hunter,marksmanship,53,27,26
8927,Bowflexen,illidan,1531,hunter,marksmanship,36,17,19
8928,Zugbrained,illidan,1529,hunter,marksmanship,48,26,22
8929,Lilbang,thrall,1529,hunter,marksmanship,42,19,23
8930,Kekkww,hyjal,1526,hunter,marksmanship,48,25,23
8931,Acelol,proudmoore,1524,hunter,marksmanship,142,80,62
8932,Joshmckin,area-52,1524,hunter,marksmanship,86,42,44
8933,Guacmec,tichondrius,1521,hunter,marksmanship,48,28,20
8934,Elfymcelf,arthas,1520,hunter,marksmanship,84,39,45
8935,Gretress,azralon,1520,hunter,marksmanship,66,28,38
8936,Grands,tortheldrin,1519,hunter,marksmanship,48,23,25
8937,Lsily,tichondrius,1519,hunter,marksmanship,36,16,20
8938,Vibøra,stormrage,1518,hunter,marksmanship,85,39,46
8939,Realskinhead,terenas,1516,hunter,marksmanship,46,24,22
8940,Odin,goldrinn,1516,hunter,marksmanship,101,46,55
8941,Insanedabz,tichondrius,1515,hunter,marksmanship,72,35,37
8942,Undien,area-52,1509,hunter,marksmanship,30,16,14
8943,Cyrsmen,ragnaros,1509,hunter,marksmanship,63,30,33
8944,Kimghak,tichondrius,1506,hunter,marksmanship,49,20,29
8945,Lostfaith,tichondrius,1504,hunter,marksmanship,66,36,30
8946,Rïve,tichondrius,1504,hunter,marksmanship,36,17,19
8947,Marshen,zuljin,1503,hunter,marksmanship,36,17,19
8948,Huntkiller,tichondrius,1502,hunter,marksmanship,28,18,10
8949,Baixiaochu,area-52,1502,hunter,marksmanship,75,35,40
8950,Richmond,lightnings-blade,1500,hunter,marksmanship,48,20,28
8951,Lixniqua,tichondrius,1498,hunter,marksmanship,75,38,37
8952,Bertimus,sargeras,1498,hunter,marksmanship,42,17,25
8953,Papacohen,stormrage,1495,hunter,marksmanship,45,22,23
8954,Lildex,demon-soul,1494,hunter,marksmanship,30,18,12
8955,Jotosalsa,blackrock,1494,hunter,marksmanship,48,26,22
8956,Killshøtß,tichondrius,1494,hunter,marksmanship,48,23,25
8957,Dracõ,proudmoore,1491,hunter,marksmanship,42,18,24
8958,Esler,quelthalas,1490,hunter,marksmanship,54,28,26
8959,Xcisiion,nagrand,1487,hunter,marksmanship,97,51,46
8960,Pâl,quelthalas,1481,hunter,marksmanship,42,21,21
8961,Windrein,ysondre,1475,hunter,marksmanship,48,20,28
8962,Barrohunt,tichondrius,1473,hunter,marksmanship,49,31,18
8963,Scourgesurge,kiljaeden,1470,hunter,marksmanship,42,21,21
8964,Sagadegêmeos,stormrage,1465,hunter,marksmanship,48,16,32
8965,Lowlore,moon-guard,1463,hunter,marksmanship,96,52,44
8966,Tóri,emerald-dream,1445,hunter,marksmanship,47,25,22
8967,Chï,zuljin,1442,hunter,marksmanship,97,49,48
8968,Hemathios,drakkari,1442,hunter,marksmanship,50,21,29
8969,Ssdslol,bleeding-hollow,1437,hunter,marksmanship,79,48,31
8970,Shatterwax,area-52,1435,hunter,marksmanship,30,15,15
8971,Pokcmvmxckm,senjin,1433,hunter,marksmanship,66,35,31
8972,Crazyeasy,azshara,1431,hunter,marksmanship,30,15,15
8973,Lewanker,zuljin,1429,hunter,marksmanship,36,20,16
8974,Nelosi,shadowmoon,1427,hunter,marksmanship,42,18,24
8975,Lokuhzmarcus,goldrinn,1423,hunter,marksmanship,54,30,24
8976,Leucis,cenarius,1420,hunter,marksmanship,18,15,3
8977,Lederniertra,gorefiend,1416,hunter,marksmanship,71,35,36
8978,Boombob,sargeras,1415,hunter,marksmanship,53,24,29
8979,Cashhapp,zuljin,1413,hunter,marksmanship,111,58,53
8980,Zasnar,malganis,1413,hunter,marksmanship,30,15,15
8981,Aimz,zuluhed,1411,hunter,marksmanship,67,26,41
8982,Vergillx,ragnaros,1409,hunter,marksmanship,74,45,29
8983,Klannis,quelthalas,1409,hunter,marksmanship,42,19,23
8984,Malebolick,ragnaros,1409,hunter,marksmanship,59,25,34
8985,Ryukuzen,tichondrius,1409,hunter,marksmanship,36,15,21
8986,Pwnagraphic,barthilas,1407,hunter,marksmanship,64,25,39
8987,Banshee,frostmourne,1404,hunter,marksmanship,22,16,6
8988,Voidmarksman,whisperwind,1404,hunter,marksmanship,49,30,19
8989,Automatic,illidan,1402,hunter,marksmanship,42,19,23
8990,Kronicbeast,bleeding-hollow,1399,hunter,marksmanship,90,40,50
8991,Boggartt,ragnaros,1398,hunter,marksmanship,36,15,21
8992,Ashx,khazgoroth,1392,hunter,marksmanship,30,15,15
8993,Braxigarr,area-52,1392,hunter,marksmanship,196,95,101
8994,Insulin,moonrunner,1390,hunter,marksmanship,36,17,19
8995,Rockenrique,nemesis,1390,hunter,marksmanship,36,16,20
8996,Mèseeks,bleeding-hollow,1388,hunter,marksmanship,24,15,9
8997,ßeãst,bladefist,1387,hunter,marksmanship,24,16,8
8998,Maia,frostwolf,1387,hunter,marksmanship,36,15,21
8999,Trapshawty,darkspear,1382,hunter,marksmanship,36,15,21
9000,Deliond,moon-guard,1380,hunter,marksmanship,30,15,15
9001,Idiiot,sargeras,1376,hunter,marksmanship,44,22,22
9002,Húntingarrow,area-52,1373,hunter,marksmanship,72,36,36
9003,Leshwi,ragnaros,1370,hunter,marksmanship,47,23,24
9004,Ripmytoast,chogall,1368,hunter,marksmanship,121,71,50
9005,Lukhas,moon-guard,1367,hunter,marksmanship,60,24,36
9006,Blackhuntr,garona,1364,hunter,marksmanship,107,57,50
9007,Chokemescara,stormrage,1364,hunter,marksmanship,36,16,20
9008,Staticarrow,norgannon,1363,hunter,marksmanship,42,17,25
9009,Jumaanji,gurubashi,1362,hunter,marksmanship,70,36,34
9010,Bowinc,greymane,1357,hunter,marksmanship,24,15,9
9011,Benme,illidan,1357,hunter,marksmanship,162,73,89
9012,Pleyadez,drakkari,1356,hunter,marksmanship,42,24,18
9013,Dnicee,stormrage,1351,hunter,marksmanship,30,23,7
9014,Watchmanjoe,grizzly-hills,1350,hunter,marksmanship,54,30,24
9015,Uwuessy,illidan,1348,hunter,marksmanship,66,30,36
9016,Kyukon,illidan,1345,hunter,marksmanship,36,18,18
9017,Diisdik,tichondrius,1344,hunter,marksmanship,51,23,28
9018,Gorîlla,sargeras,1344,hunter,marksmanship,48,21,27
9019,Mariaassjx,ragnaros,1344,hunter,marksmanship,54,20,34
9020,Tren,blackrock,1342,hunter,marksmanship,24,14,10
9021,Takeiya,zuljin,1342,hunter,marksmanship,24,14,10
9022,Hurstt,kelthuzad,1341,hunter,marksmanship,56,27,29
9023,Glediator,tichondrius,1339,hunter,marksmanship,100,47,53
9024,Toniic,moon-guard,1337,hunter,marksmanship,54,33,21
9025,Orgpopeyes,illidan,1336,hunter,marksmanship,24,14,10
9026,Dvei,silvermoon,1336,hunter,marksmanship,57,25,32
9027,Legeye,malganis,1332,hunter,marksmanship,30,14,16
9028,Azaz,khaz-modan,1332,hunter,marksmanship,54,25,29
9029,Thebweh,ragnaros,1331,hunter,marksmanship,30,14,16
9030,Hukkx,kalecgos,1325,hunter,marksmanship,44,19,25
9031,Dathunterr,azralon,1325,hunter,marksmanship,65,28,37
9032,Softhunter,tichondrius,1324,hunter,marksmanship,36,14,22
9033,Tonnyfab,ragnaros,1323,hunter,marksmanship,23,16,7
9034,Tristiae,stormrage,1319,hunter,marksmanship,65,35,30
9035,Péppérmínt,korgath,1318,hunter,marksmanship,22,15,7
9036,Dogezandalar,illidan,1317,hunter,marksmanship,40,18,22
9037,Explosief,area-52,1315,hunter,marksmanship,60,30,30
9038,Cholohippie,blackrock,1315,hunter,marksmanship,37,17,20
9039,Ricas,malganis,1315,hunter,marksmanship,98,44,54
9040,Condorexe,illidan,1307,hunter,marksmanship,72,28,44
9041,Rekshot,amanthul,1306,hunter,marksmanship,150,73,77
9042,Snewboy,malganis,1299,hunter,marksmanship,24,14,10
9043,Celph,moon-guard,1299,hunter,marksmanship,48,20,28
9044,Gunther,korgath,1296,hunter,marksmanship,30,14,16
9045,Markymarc,tichondrius,1294,hunter,marksmanship,35,14,21
9046,Krattøs,bleeding-hollow,1293,hunter,marksmanship,34,16,18
9047,Swolfp,tichondrius,1291,hunter,marksmanship,40,16,24
9048,Gor,hyjal,1291,hunter,marksmanship,35,14,21
9049,Renzô,sargeras,1289,hunter,marksmanship,27,16,11
9050,Gstring,kelthuzad,1289,hunter,marksmanship,72,30,42
9051,Albe,azralon,1288,hunter,marksmanship,65,31,34
9052,Shadowhokage,zuljin,1286,hunter,marksmanship,30,14,16
9053,Kalibah,azralon,1285,hunter,marksmanship,81,30,51
9054,Hoboh,illidan,1284,hunter,marksmanship,77,34,43
9055,Toowizeë,barthilas,1284,hunter,marksmanship,35,14,21
9056,Seenobody,stormrage,1283,hunter,marksmanship,83,44,39
9057,Smokabombom,eredar,1281,hunter,marksmanship,28,15,13
9058,Gromtheponch,area-52,1280,hunter,marksmanship,41,21,20
9059,Xephert,ragnaros,1280,hunter,marksmanship,36,17,19
9060,Rawrzy,sargeras,1278,hunter,marksmanship,29,14,15
9061,Bojob,azgalor,1275,hunter,marksmanship,51,26,25
9062,Sniperarmy,dalaran,1274,hunter,marksmanship,103,52,51
9063,Darylovejr,destromath,1274,hunter,marksmanship,38,16,22
9064,Spyhunter,malganis,1266,hunter,marksmanship,67,28,39
9065,Ëzy,frostmourne,1263,hunter,marksmanship,36,22,14
9066,Smoothbrain,khadgar,1261,hunter,marksmanship,46,16,30
9067,Ilovehippos,laughing-skull,1259,hunter,marksmanship,139,67,72
9068,Cloudbuck,aegwynn,1258,hunter,marksmanship,52,18,34
9069,Urtthel,stormrage,1257,hunter,marksmanship,25,15,10
9070,Lightweight,kelthuzad,1257,hunter,marksmanship,47,22,25
9071,Ahegoface,frostmourne,1256,hunter,marksmanship,42,14,28
9072,Jerybery,gundrak,1253,hunter,marksmanship,29,18,11
9073,Ärtémisa,quelthalas,1251,hunter,marksmanship,24,14,10
9074,Tánsøxøxø,tichondrius,1246,hunter,marksmanship,30,13,17
9075,Duruainn,zuljin,1245,hunter,marksmanship,73,33,40
9076,Hoeswannafuk,stormrage,1243,hunter,marksmanship,24,13,11
9077,Vipermaster,azralon,1243,hunter,marksmanship,46,24,22
9078,Oattes,daggerspine,1243,hunter,marksmanship,30,13,17
9079,Hogshanks,moon-guard,1242,hunter,marksmanship,24,13,11
9080,Mizhu,ragnaros,1242,hunter,marksmanship,36,17,19
9081,Artemyzz,tichondrius,1241,hunter,marksmanship,24,13,11
9082,Mensrea,illidan,1240,hunter,marksmanship,35,22,13
9083,Rudekeef,illidan,1240,hunter,marksmanship,24,13,11
9084,Lafleche,kiljaeden,1239,hunter,marksmanship,29,15,14
9085,Hunimi,elune,1237,hunter,marksmanship,32,14,18
9086,Valimhir,tichondrius,1237,hunter,marksmanship,30,13,17
9087,Birgite,stormrage,1237,hunter,marksmanship,48,17,31
9088,Sootgarbage,sargeras,1235,hunter,marksmanship,18,13,5
9089,Pokeyourbutt,hydraxis,1235,hunter,marksmanship,24,13,11
9090,Killz,skullcrusher,1234,hunter,marksmanship,44,21,23
9091,Wìllòw,khazgoroth,1234,hunter,marksmanship,30,13,17
9092,Chikkynuggy,destromath,1228,hunter,marksmanship,33,14,19
9093,Fuzzypjs,stormrage,1226,hunter,marksmanship,33,14,19
9094,Mezmore,thrall,1223,hunter,marksmanship,48,23,25
9095,Raneldar,proudmoore,1223,hunter,marksmanship,42,14,28
9096,Targetreaper,proudmoore,1215,hunter,marksmanship,24,13,11
9097,Sukr,korgath,1215,hunter,marksmanship,98,37,61
9098,Give,draktharon,1214,hunter,marksmanship,33,14,19
9099,Puresport,hyjal,1212,hunter,marksmanship,24,13,11
9100,Kritsu,tichondrius,1209,hunter,marksmanship,41,20,21
9101,Augus,eredar,1207,hunter,marksmanship,30,13,17
9102,Cocobread,stormreaver,1207,hunter,marksmanship,42,16,26
9103,Apaweclover,stormrage,1206,hunter,marksmanship,155,74,81
9104,Vinranya,sargeras,1194,hunter,marksmanship,75,34,41
9105,Chaðs,amanthul,1190,hunter,marksmanship,39,21,18
9106,Kayzia,lightninghoof,1190,hunter,marksmanship,29,13,16
9107,Bluecoral,frostmourne,1189,hunter,marksmanship,51,21,30
9108,Valieev,black-dragonflight,1188,hunter,marksmanship,36,22,14
9109,Forthethrill,area-52,1187,hunter,marksmanship,45,24,21
9110,Oopsurtrappd,darkspear,1186,hunter,marksmanship,29,16,13
9111,Zock,lothar,1184,hunter,marksmanship,80,38,42
9112,Fova,wyrmrest-accord,1179,hunter,marksmanship,19,14,5
9113,Chïnchïlla,zuljin,1176,hunter,marksmanship,21,14,7
9114,Floozyfairy,daggerspine,1176,hunter,marksmanship,35,18,17
9115,Huntonthic,korgath,1176,hunter,marksmanship,32,14,18
9116,Rocroc,gurubashi,1175,hunter,marksmanship,66,29,37
9117,Silverweaver,illidan,1174,hunter,marksmanship,30,15,15
9118,Elendïr,tichondrius,1174,hunter,marksmanship,30,13,17
9119,Aftërlyfe,tichondrius,1170,hunter,marksmanship,29,14,15
9120,Calî,stormscale,1167,hunter,marksmanship,24,13,11
9121,Ackzar,ragnaros,1166,hunter,marksmanship,51,27,24
9122,Moüserat,moon-guard,1162,hunter,marksmanship,114,55,59
9123,Primalus,tichondrius,1152,hunter,marksmanship,18,12,6
9124,Negãn,tichondrius,1151,hunter,marksmanship,24,12,12
9125,Hunterlist,frostmourne,1151,hunter,marksmanship,24,12,12
9126,Spiketurtle,queldorei,1148,hunter,marksmanship,30,13,17
9127,Ocromiun,illidan,1146,hunter,marksmanship,39,13,26
9128,Rubinaldo,azralon,1145,hunter,marksmanship,24,12,12
9129,Yadír,quelthalas,1145,hunter,marksmanship,48,22,26
9130,Plopslopper,frostmourne,1142,hunter,marksmanship,24,12,12
9131,Inability,emerald-dream,1142,hunter,marksmanship,30,12,18
9132,Sugarboyy,darkspear,1141,hunter,marksmanship,30,14,16
9133,Alindra,zuluhed,1141,hunter,marksmanship,60,25,35
9134,Tenlbbow,illidan,1137,hunter,marksmanship,24,12,12
9135,Ghudi,moon-guard,1135,hunter,marksmanship,20,12,8
9136,Cßo,tichondrius,1135,hunter,marksmanship,60,27,33
9137,Vhan,azralon,1133,hunter,marksmanship,44,19,25
9138,Shooterzz,illidan,1132,hunter,marksmanship,18,12,6
9139,Caylix,sargeras,1132,hunter,marksmanship,30,12,18
9140,Jarloo,madoran,1129,hunter,marksmanship,35,19,16
9141,Bigolhippy,frostmourne,1129,hunter,marksmanship,24,12,12
9142,Táká,quelthalas,1129,hunter,marksmanship,30,13,17
9143,Malkuri,medivh,1127,hunter,marksmanship,29,12,17
9144,Kánnah,ragnaros,1126,hunter,marksmanship,120,63,57
9145,Clockwörk,sargeras,1125,hunter,marksmanship,21,13,8
9146,Tiofil,goldrinn,1124,hunter,marksmanship,24,14,10
9147,Oqqo,tichondrius,1123,hunter,marksmanship,45,18,27
9148,Bowdown,moon-guard,1119,hunter,marksmanship,36,18,18
9149,Linedalina,wyrmrest-accord,1119,hunter,marksmanship,30,14,16
9150,Wixyy,aegwynn,1114,hunter,marksmanship,58,23,35
9151,Killincrew,scilla,1112,hunter,marksmanship,26,13,13
9152,Grimbleneep,emerald-dream,1111,hunter,marksmanship,40,16,24
9153,Repotro,drakkari,1108,hunter,marksmanship,42,14,28
9154,Halibut,quelthalas,1106,hunter,marksmanship,47,25,22
9155,Bemaa,frostmourne,1106,hunter,marksmanship,42,21,21
9156,Rykár,kiljaeden,1106,hunter,marksmanship,24,12,12
9157,Týrak,illidan,1100,hunter,marksmanship,24,12,12
9158,Critaclyzm,moon-guard,1100,hunter,marksmanship,30,12,18
9159,Bentrick,altar-of-storms,1097,hunter,marksmanship,33,18,15
9160,Grànd,tortheldrin,1096,hunter,marksmanship,23,12,11
9161,Udietofast,illidan,1092,hunter,marksmanship,77,31,46
9162,Veranir,nemesis,1091,hunter,marksmanship,98,49,49
9163,Malo,dragonmaw,1090,hunter,marksmanship,30,16,14
9164,Angelacross,azralon,1087,hunter,marksmanship,54,26,28
9165,Maxwel,sargeras,1082,hunter,marksmanship,175,86,89
9166,Lezzbow,tichondrius,1081,hunter,marksmanship,61,32,29
9167,Foxhe,hyjal,1081,hunter,marksmanship,30,14,16
9168,Katebishop,nemesis,1071,hunter,marksmanship,22,12,10
9169,Thoopered,korgath,1062,hunter,marksmanship,65,33,32
9170,Piloks,gallywix,1058,hunter,marksmanship,36,17,19
9171,Imperatrix,emerald-dream,1058,hunter,marksmanship,72,25,47
9172,Gvjellybeans,tichondrius,1056,hunter,marksmanship,18,11,7
9173,Ryutiz,fizzcrank,1056,hunter,marksmanship,30,11,19
9174,Redzic,tichondrius,1054,hunter,marksmanship,18,11,7
9175,Landon,lightnings-blade,1054,hunter,marksmanship,24,11,13
9176,Aoolfs,stormrage,1054,hunter,marksmanship,30,12,18
9177,Inktray,durotan,1054,hunter,marksmanship,30,11,19
9178,Wockqt,kiljaeden,1053,hunter,marksmanship,24,11,13
9179,Nelandris,tichondrius,1053,hunter,marksmanship,54,24,30
9180,Longshánks,stormrage,1052,hunter,marksmanship,24,11,13
9181,Mathund,gurubashi,1052,hunter,marksmanship,89,37,52
9182,Shootipie,hyjal,1051,hunter,marksmanship,18,11,7
9183,Blimpbooty,stormrage,1050,hunter,marksmanship,24,11,13
9184,Kalinor,cenarius,1049,hunter,marksmanship,36,17,19
9185,Balun,sargeras,1049,hunter,marksmanship,24,11,13
9186,Vansatih,azralon,1047,hunter,marksmanship,66,27,39
9187,Amanazàra,tichondrius,1046,hunter,marksmanship,18,11,7
9188,Fëanora,quelthalas,1044,hunter,marksmanship,24,11,13
9189,Chainmaster,misha,1041,hunter,marksmanship,80,37,43
9190,Corruptid,moon-guard,1039,hunter,marksmanship,18,11,7
9191,Tazent,moon-guard,1039,hunter,marksmanship,24,11,13
9192,Deadalot,dalaran,1038,hunter,marksmanship,18,11,7
9193,Porkerr,black-dragonflight,1038,hunter,marksmanship,42,22,20
9194,Yoimiya,thunderlord,1036,hunter,marksmanship,41,18,23
9195,Baldor,stormrage,1036,hunter,marksmanship,66,27,39
9196,Sartros,drakkari,1034,hunter,marksmanship,19,13,6
9197,Huntnfizzle,dethecus,1031,hunter,marksmanship,18,11,7
9198,Clemenlemon,illidan,1029,hunter,marksmanship,18,11,7
9199,Vendortrash,aggramar,1029,hunter,marksmanship,24,12,12
9200,Silenciozzo,azralon,1026,hunter,marksmanship,42,17,25
9201,Balgair,hakkar,1019,hunter,marksmanship,40,22,18
9202,Flacidhunter,kelthuzad,1017,hunter,marksmanship,30,12,18
9203,Shukucingjr,illidan,1015,hunter,marksmanship,39,23,16
9204,Madogite,azralon,1014,hunter,marksmanship,60,34,26
9205,Secure,doomhammer,1014,hunter,marksmanship,30,12,18
9206,Kødran,stormrage,1013,hunter,marksmanship,48,23,25
9207,Jzander,ragnaros,1010,hunter,marksmanship,20,13,7
9208,Thyraza,proudmoore,1010,hunter,marksmanship,24,11,13
9209,Triggaplease,jubeithos,1008,hunter,marksmanship,67,37,30
9210,Killerxzxz,stormrage,1007,hunter,marksmanship,24,13,11
9211,Aïmïng,tichondrius,1006,hunter,marksmanship,24,11,13
9212,Brenri,boulderfist,1003,hunter,marksmanship,30,15,15
9213,Torturekilla,bleeding-hollow,1003,hunter,marksmanship,54,26,28
9214,Koonorc,dalaran,998,hunter,marksmanship,46,22,24
9215,Iililillilii,tichondrius,998,hunter,marksmanship,26,12,14
9216,Xaveco,gallywix,995,hunter,marksmanship,40,16,24
9217,Scottcrume,area-52,990,hunter,marksmanship,60,27,33
9218,Nelay,ragnaros,988,hunter,marksmanship,23,11,12
9219,Ritler,frostmourne,987,hunter,marksmanship,21,11,10
9220,Àbyss,shandris,982,hunter,marksmanship,42,15,27
9221,Fourkayiv,azgalor,971,hunter,marksmanship,29,16,13
9222,Tiidkloul,illidan,968,hunter,marksmanship,18,12,6
9223,Ontarget,cairne,968,hunter,marksmanship,52,24,28
9224,Reanivan,kiljaeden,968,hunter,marksmanship,66,24,42
9225,Drjingajanga,zuluhed,961,hunter,marksmanship,33,13,20
9226,Hanabanana,wyrmrest-accord,960,hunter,marksmanship,12,10,2
9227,Nainit,sargeras,960,hunter,marksmanship,18,10,8
9228,Zota,frostmourne,960,hunter,marksmanship,18,10,8
9229,Goonsh,tichondrius,960,hunter,marksmanship,18,10,8
9230,Dudemanyeah,skullcrusher,960,hunter,marksmanship,24,10,14
9231,Taumelz,sargeras,960,hunter,marksmanship,24,10,14
9232,Sylvaa,tichondrius,960,hunter,marksmanship,30,10,20
9233,Ñðñdêsçrípt,frostmourne,959,hunter,marksmanship,30,10,20
9234,Austelos,moon-guard,958,hunter,marksmanship,18,10,8
9235,Lilnatty,area-52,958,hunter,marksmanship,27,11,16
9236,Maximos,lightnings-blade,958,hunter,marksmanship,30,10,20
9237,Zeenuts,sargeras,957,hunter,marksmanship,18,10,8
9238,Tup,guldan,956,hunter,marksmanship,18,10,8
9239,Dartháne,moon-guard,956,hunter,marksmanship,29,11,18
9240,Grimcask,ragnaros,955,hunter,marksmanship,24,10,14
9241,Hawkeyë,ragnaros,954,hunter,marksmanship,18,10,8
9242,Zettl,eredar,954,hunter,marksmanship,45,19,26
9243,Daymanaahh,malfurion,954,hunter,marksmanship,24,10,14
9244,Salsa,hakkar,954,hunter,marksmanship,54,12,42
9245,Twist,burning-legion,953,hunter,marksmanship,12,10,2
9246,Skelyeelegno,perenolde,953,hunter,marksmanship,18,10,8
9247,Damadar,tichondrius,953,hunter,marksmanship,24,10,14
9248,Verdao,stormrage,952,hunter,marksmanship,30,10,20
9249,Xhartanis,magtheridon,950,hunter,marksmanship,24,10,14
9250,Sumom,darrowmere,950,hunter,marksmanship,66,26,40
9251,Wwing,frostwolf,949,hunter,marksmanship,192,92,100
9252,Moonet,amanthul,948,hunter,marksmanship,18,10,8
9253,Vanhe,quelthalas,947,hunter,marksmanship,18,10,8
9254,Milktoker,tichondrius,947,hunter,marksmanship,24,10,14
9255,Globlauncher,tichondrius,946,hunter,marksmanship,18,10,8
9256,Yamanashi,black-dragonflight,945,hunter,marksmanship,102,51,51
9257,Lauannÿ,gallywix,944,hunter,marksmanship,106,49,57
9258,Lazygnome,azshara,934,hunter,marksmanship,17,11,6
9259,Zarely,frostmourne,932,hunter,marksmanship,24,10,14
9260,Jamzlol,frostmourne,930,hunter,marksmanship,23,14,9
9261,Katnie,azralon,928,hunter,marksmanship,40,18,22
9262,Thundershots,tichondrius,927,hunter,marksmanship,62,23,39
9263,Silhouettes,barthilas,923,hunter,marksmanship,27,13,14
9264,Wael,perenolde,920,hunter,marksmanship,29,10,19
9265,Onehitrip,illidan,918,hunter,marksmanship,84,36,48
9266,Adbéélitø,ragnaros,913,hunter,marksmanship,18,10,8
9267,Zievieda,hellscream,910,hunter,marksmanship,24,12,12
9268,Sunnimuffens,deathwing,906,hunter,marksmanship,23,10,13
9269,Nachtcloverr,stormrage,906,hunter,marksmanship,57,23,34
9270,Blaws,tichondrius,906,hunter,marksmanship,27,10,17
9271,Flechá,illidan,900,hunter,marksmanship,17,10,7
9272,Desolateone,nazgrel,900,hunter,marksmanship,42,21,21
9273,Déadlyshot,tichondrius,900,hunter,marksmanship,77,36,41
9274,Huntercotoco,azralon,894,hunter,marksmanship,47,24,23
9275,Brenogam,azralon,884,hunter,marksmanship,33,16,17
9276,Alleessa,goldrinn,883,hunter,marksmanship,54,21,33
9277,Jetlinx,thrall,881,hunter,marksmanship,21,12,9
9278,Nightwatch,kelthuzad,877,hunter,marksmanship,18,10,8
9279,Rödrigö,azralon,876,hunter,marksmanship,30,14,16
9280,Galaxxis,bonechewer,868,hunter,marksmanship,46,22,24
9281,Karazuba,ragnaros,865,hunter,marksmanship,89,33,56
9282,Comebacks,ragnaros,864,hunter,marksmanship,18,9,9
9283,Bootywhop,dalaran,864,hunter,marksmanship,18,9,9
9284,Eratichunt,illidan,864,hunter,marksmanship,18,9,9
9285,Hunghang,frostmourne,864,hunter,marksmanship,24,9,15
9286,Keenz,frostmourne,864,hunter,marksmanship,24,9,15
9287,Drãgenox,quelthalas,864,hunter,marksmanship,24,9,15
9288,Topshotx,tichondrius,863,hunter,marksmanship,12,9,3
9289,Rambot,bleeding-hollow,863,hunter,marksmanship,12,9,3
9290,Photos,moon-guard,863,hunter,marksmanship,14,9,5
9291,Pkn,chogall,863,hunter,marksmanship,18,9,9
9292,Mehontar,area-52,863,hunter,marksmanship,18,9,9
9293,Torrthack,area-52,863,hunter,marksmanship,18,9,9
9294,Ultrasj,malfurion,863,hunter,marksmanship,18,9,9
9295,Telånnas,illidan,863,hunter,marksmanship,18,9,9
9296,Dayanier,ragnaros,863,hunter,marksmanship,18,9,9
9297,Dôntlosmebro,stormrage,863,hunter,marksmanship,18,9,9
9298,Nosmoke,kargath,863,hunter,marksmanship,24,9,15
9299,Junglejam,elune,863,hunter,marksmanship,24,9,15
9300,Fangs,arthas,862,hunter,marksmanship,12,9,3
9301,Airpodpro,emerald-dream,862,hunter,marksmanship,12,9,3
9302,Audioannie,thrall,862,hunter,marksmanship,18,9,9
9303,Syrach,area-52,862,hunter,marksmanship,18,9,9
9304,Mídnîght,azralon,862,hunter,marksmanship,18,9,9
9305,Varrinda,wyrmrest-accord,862,hunter,marksmanship,24,9,15
9306,Insgesicht,proudmoore,862,hunter,marksmanship,24,9,15
9307,Thirià,garona,861,hunter,marksmanship,12,9,3
9308,Snipastyle,twisting-nether,861,hunter,marksmanship,30,9,21
9309,Twistedtawl,area-52,860,hunter,marksmanship,18,9,9
9310,Junka,bleeding-hollow,860,hunter,marksmanship,18,9,9
9311,Bomomatic,zuljin,860,hunter,marksmanship,18,9,9
9312,Loyalrely,tichondrius,859,hunter,marksmanship,18,9,9
9313,Arzant,quelthalas,858,hunter,marksmanship,12,9,3
9314,Coldhunger,uldum,857,hunter,marksmanship,12,9,3
9315,Trikshot,magtheridon,855,hunter,marksmanship,18,10,8
9316,Azx,tichondrius,851,hunter,marksmanship,18,9,9
9317,Avindal,greymane,850,hunter,marksmanship,18,9,9
9318,Trìggered,dark-iron,849,hunter,marksmanship,18,9,9
9319,Ganeva,sargeras,846,hunter,marksmanship,18,10,8
9320,Kazzanval,sargeras,843,hunter,marksmanship,18,9,9
9321,Apochuntz,greymane,839,hunter,marksmanship,24,11,13
9322,Zelanst,illidan,838,hunter,marksmanship,18,9,9
9323,Muggzzy,malygos,824,hunter,marksmanship,18,9,9
9324,Kuramax,senjin,810,hunter,marksmanship,59,23,36
9325,Iamtotoro,area-52,809,hunter,marksmanship,28,9,19
9326,Babyhydra,frostmourne,799,hunter,marksmanship,17,9,8
9327,Myrfes,ragnaros,797,hunter,marksmanship,22,9,13
9328,Fian,lightnings-blade,797,hunter,marksmanship,22,9,13
9329,Cu,frostmourne,783,hunter,marksmanship,13,9,4
9330,Thaendra,moon-guard,781,hunter,marksmanship,17,9,8
9331,Skyloss,illidan,775,hunter,marksmanship,42,12,30
9332,Ragshunt,stormrage,768,hunter,marksmanship,12,8,4
9333,Doves,wyrmrest-accord,768,hunter,marksmanship,12,8,4
9334,Ashx,nemesis,768,hunter,marksmanship,12,8,4
9335,Headshoot,tichondrius,768,hunter,marksmanship,12,8,4
9336,Achillez,bleeding-hollow,768,hunter,marksmanship,18,8,10
9337,Tyrmaakk,emerald-dream,768,hunter,marksmanship,18,8,10
9338,Astolenis,quelthalas,768,hunter,marksmanship,22,8,14
9339,Soul,sargeras,768,hunter,marksmanship,24,8,16
9340,Civvo,dalaran,768,hunter,marksmanship,24,8,16
9341,Woeisyou,stormrage,768,hunter,marksmanship,24,8,16
9342,Cimotsw,stormrage,767,hunter,marksmanship,12,8,4
9343,Suyesh,tichondrius,767,hunter,marksmanship,12,8,4
9344,Huntnmaster,thrall,767,hunter,marksmanship,12,8,4
9345,Booyakah,hyjal,767,hunter,marksmanship,12,8,4
9346,Yory,tol-barad,767,hunter,marksmanship,18,8,10
9347,Mensita,quelthalas,767,hunter,marksmanship,18,8,10
9348,Ravanskull,burning-blade,767,hunter,marksmanship,18,8,10
9349,Vileplumè,stormrage,767,hunter,marksmanship,18,8,10
9350,Cufless,proudmoore,767,hunter,marksmanship,18,8,10
9351,Xtina,drakkari,767,hunter,marksmanship,18,8,10
9352,Saltz,tichondrius,766,hunter,marksmanship,12,8,4
9353,Juicyjams,moon-guard,766,hunter,marksmanship,12,8,4
9354,Ladright,altar-of-storms,766,hunter,marksmanship,18,8,10
9355,Zèd,azralon,766,hunter,marksmanship,18,8,10
9356,Trochillidae,dragonmaw,766,hunter,marksmanship,18,8,10
9357,Deathspot,thrall,766,hunter,marksmanship,18,8,10
9358,Raiku,aggramar,766,hunter,marksmanship,18,8,10
9359,Stupidgodx,tichondrius,766,hunter,marksmanship,18,8,10
9360,Picaubica,kiljaeden,766,hunter,marksmanship,24,8,16
9361,Daahm,malganis,765,hunter,marksmanship,25,8,17
9362,Taynen,azralon,764,hunter,marksmanship,18,8,10
9363,Myciri,proudmoore,764,hunter,marksmanship,18,8,10
9364,Drillklinton,tichondrius,764,hunter,marksmanship,22,9,13
9365,Herroo,thrall,764,hunter,marksmanship,24,8,16
9366,Rattrap,proudmoore,763,hunter,marksmanship,24,8,16
9367,Kluako,stormreaver,762,hunter,marksmanship,12,8,4
9368,Thisguÿ,arthas,762,hunter,marksmanship,18,8,10
9369,Buckethole,doomhammer,762,hunter,marksmanship,18,8,10
9370,Sorid,medivh,761,hunter,marksmanship,12,8,4
9371,Enonoa,thunderlord,760,hunter,marksmanship,12,8,4
9372,Heapstack,stormrage,753,hunter,marksmanship,18,8,10
9373,Huntercry,ragnaros,751,hunter,marksmanship,12,8,4
9374,Niceshotboi,azgalor,751,hunter,marksmanship,24,8,16
9375,Arshuntica,blackrock,750,hunter,marksmanship,18,8,10
9376,Lynnì,khadgar,750,hunter,marksmanship,18,8,10
9377,Xshadowdemon,korgath,749,hunter,marksmanship,12,8,4
9378,Aksalaz,area-52,749,hunter,marksmanship,17,8,9
9379,Belieli,ragnaros,740,hunter,marksmanship,22,8,14
9380,Mackin,maelstrom,740,hunter,marksmanship,24,8,16
9381,Volga,haomarush,733,hunter,marksmanship,16,8,8
9382,Netorip,azralon,718,hunter,marksmanship,15,8,7
9383,Mikeangel,hydraxis,718,hunter,marksmanship,21,8,13
9384,Lookøut,moon-guard,713,hunter,marksmanship,32,10,22
9385,Jvmr,azralon,704,hunter,marksmanship,20,9,11
9386,Andalora,malganis,703,hunter,marksmanship,11,8,3
9387,Llachiip,zuljin,702,hunter,marksmanship,17,9,8
9388,Fizzleshot,malganis,699,hunter,marksmanship,17,8,9
9389,Delukzin,azralon,695,hunter,marksmanship,26,8,18
9390,Felkrozzul,kalecgos,672,hunter,marksmanship,9,8,1
9391,Hyrus,shadowmoon,672,hunter,marksmanship,12,7,5
9392,Kookh,area-52,672,hunter,marksmanship,12,7,5
9393,Mörgoth,quelthalas,672,hunter,marksmanship,12,7,5
9394,Enty,khazgoroth,672,hunter,marksmanship,12,7,5
9395,Drupert,tichondrius,672,hunter,marksmanship,12,7,5
9396,Ehnub,stormrage,672,hunter,marksmanship,12,7,5
9397,Mms,frostmourne,672,hunter,marksmanship,12,7,5
9398,Shotmaster,tichondrius,672,hunter,marksmanship,12,7,5
9399,Timmee,bleeding-hollow,672,hunter,marksmanship,12,7,5
9400,Kaznik,ragnaros,672,hunter,marksmanship,12,7,5
9401,Keboks,alleria,672,hunter,marksmanship,12,7,5
9402,Kagaramar,hellscream,672,hunter,marksmanship,15,8,7
9403,Mochaxd,stormrage,672,hunter,marksmanship,14,7,7
9404,Focusfire,khazgoroth,672,hunter,marksmanship,18,7,11
9405,Vonkrieg,tichondrius,672,hunter,marksmanship,18,7,11
9406,Bigzane,darkspear,672,hunter,marksmanship,24,7,17
9407,Datbigbowdoe,illidan,672,hunter,marksmanship,24,7,17
9408,Neoxbow,wyrmrest-accord,671,hunter,marksmanship,12,7,5
9409,Hannover,ragnaros,671,hunter,marksmanship,12,7,5
9410,Dest,azralon,671,hunter,marksmanship,12,7,5
9411,Illt,blackrock,671,hunter,marksmanship,12,7,5
9412,Getnukedbud,emerald-dream,671,hunter,marksmanship,12,7,5
9413,Geraldson,proudmoore,671,hunter,marksmanship,12,7,5
9414,Sunyourmom,proudmoore,671,hunter,marksmanship,12,7,5
9415,Xhare,stormrage,671,hunter,marksmanship,12,7,5
9416,Ethne,garithos,671,hunter,marksmanship,12,7,5
9417,Larree,kelthuzad,671,hunter,marksmanship,12,7,5
9418,Ocui,ragnaros,671,hunter,marksmanship,12,7,5
9419,Vatits,dalaran,671,hunter,marksmanship,12,7,5
9420,Texploto,area-52,671,hunter,marksmanship,12,7,5
9421,Zhions,ragnaros,671,hunter,marksmanship,12,7,5
9422,Solomine,jubeithos,671,hunter,marksmanship,18,7,11
9423,Schbaltz,tichondrius,671,hunter,marksmanship,18,7,11
9424,Såvagehunter,malganis,671,hunter,marksmanship,18,7,11
9425,Sï,anubarak,671,hunter,marksmanship,18,7,11
9426,Kaeuljua,tichondrius,671,hunter,marksmanship,18,7,11
9427,Glittergun,sargeras,671,hunter,marksmanship,18,7,11
9428,Jackrandall,frostmourne,671,hunter,marksmanship,18,7,11
9429,Löbo,quelthalas,671,hunter,marksmanship,18,7,11
9430,Chuvug,quelthalas,671,hunter,marksmanship,18,7,11
9431,Toesgoes,thrall,671,hunter,marksmanship,18,7,11
9432,Kalizra,quelthalas,671,hunter,marksmanship,18,7,11
9433,Navagee,tichondrius,671,hunter,marksmanship,18,7,11
9434,Lyricly,lightbringer,671,hunter,marksmanship,18,7,11
9435,Sáns,sargeras,671,hunter,marksmanship,18,7,11
9436,Cullowhee,proudmoore,671,hunter,marksmanship,23,7,16
9437,Temara,icecrown,671,hunter,marksmanship,24,7,17
9438,Joogeenda,kaelthas,670,hunter,marksmanship,12,7,5
9439,Wolfyyxx,stormrage,670,hunter,marksmanship,18,7,11
9440,Gagau,stormrage,670,hunter,marksmanship,18,7,11
9441,Westbrooke,illidan,669,hunter,marksmanship,18,7,11
9442,Lilzoomer,barthilas,668,hunter,marksmanship,12,7,5
9443,Minzuki,drakkari,668,hunter,marksmanship,18,7,11
9444,Emeri,winterhoof,667,hunter,marksmanship,12,7,5
9445,Mahty,stormrage,665,hunter,marksmanship,12,7,5
9446,Konar,nemesis,656,hunter,marksmanship,30,7,23
9447,Righthole,area-52,640,hunter,marksmanship,22,7,15
9448,Mawlotov,barthilas,639,hunter,marksmanship,23,7,16
9449,Pikochon,illidan,637,hunter,marksmanship,23,7,16
9450,Muerteaterry,ragnaros,618,hunter,marksmanship,18,8,10
9451,Mesiauzx,stormrage,618,hunter,marksmanship,22,9,13
9452,Butimbutters,bleeding-hollow,617,hunter,marksmanship,22,8,14
9453,Typh,saurfang,607,hunter,marksmanship,11,7,4
9454,Hokutoxx,tichondrius,607,hunter,marksmanship,20,7,13
9455,Kushminion,zuljin,592,hunter,marksmanship,13,8,5
9456,Krossx,thrall,591,hunter,marksmanship,12,7,5
9457,Summerrain,illidan,576,hunter,marksmanship,6,6,0
9458,Rizzbow,dalvengyr,576,hunter,marksmanship,12,6,6
9459,Spanerd,moon-guard,576,hunter,marksmanship,12,6,6
9460,Rangêr,frostmourne,576,hunter,marksmanship,12,6,6
9461,Gugubird,proudmoore,576,hunter,marksmanship,12,6,6
9462,Gq,garona,576,hunter,marksmanship,12,6,6
9463,Elmozz,thrall,576,hunter,marksmanship,12,6,6
9464,Booffmeister,area-52,576,hunter,marksmanship,12,6,6
9465,Blaðe,kelthuzad,576,hunter,marksmanship,12,6,6
9466,Kyudo,moon-guard,576,hunter,marksmanship,12,6,6
9467,Islachan,ragnaros,576,hunter,marksmanship,12,6,6
9468,Mochigelato,kelthuzad,576,hunter,marksmanship,12,6,6
9469,Groomme,area-52,576,hunter,marksmanship,12,6,6
9470,Mhd,stormrage,576,hunter,marksmanship,12,6,6
9471,Êlautismo,wyrmrest-accord,576,hunter,marksmanship,12,6,6
9472,Vicecheney,illidan,576,hunter,marksmanship,12,6,6
9473,Throre,bleeding-hollow,576,hunter,marksmanship,12,6,6
9474,Juwannaaim,lethon,576,hunter,marksmanship,12,6,6
9475,Jeezyxxii,shadowmoon,576,hunter,marksmanship,12,6,6
9476,Kimbaa,tichondrius,576,hunter,marksmanship,12,6,6
9477,Pulso,illidan,576,hunter,marksmanship,12,6,6
9478,Zaamsa,ragnaros,576,hunter,marksmanship,12,6,6
9479,Gritzix,frostmourne,576,hunter,marksmanship,12,6,6
9480,Flämma,azralon,576,hunter,marksmanship,12,6,6
9481,Ssds,sargeras,576,hunter,marksmanship,12,6,6
9482,Birbwatcher,moon-guard,576,hunter,marksmanship,12,6,6
9483,Laurenx,illidan,576,hunter,marksmanship,12,6,6
9484,Aoti,nerzhul,576,hunter,marksmanship,12,6,6
9485,Murderone,undermine,576,hunter,marksmanship,12,6,6
9486,Tokez,moon-guard,576,hunter,marksmanship,14,6,8
9487,Boomphaque,ravencrest,576,hunter,marksmanship,18,6,12
9488,Gnometoprace,illidan,576,hunter,marksmanship,18,6,12
9489,Tandope,sargeras,576,hunter,marksmanship,18,6,12
9490,Aaggros,sargeras,576,hunter,marksmanship,18,6,12
9491,Qúin,frostmourne,576,hunter,marksmanship,18,6,12
9492,Jônathan,tichondrius,576,hunter,marksmanship,24,6,18
9493,Dirtbagchaz,illidan,575,hunter,marksmanship,12,6,6
9494,Littlespike,queldorei,575,hunter,marksmanship,12,6,6
9495,Brosk,drakthul,575,hunter,marksmanship,12,6,6
9496,Sylvaethas,lightninghoof,575,hunter,marksmanship,12,6,6
9497,Hobbës,kelthuzad,575,hunter,marksmanship,12,6,6
9498,Silentzkill,tichondrius,575,hunter,marksmanship,12,6,6
9499,Onlyfeìgns,frostmourne,575,hunter,marksmanship,12,6,6
9500,Cobrag,tichondrius,575,hunter,marksmanship,12,6,6
9501,Lagginwaggin,azgalor,575,hunter,marksmanship,12,6,6
9502,Aragörnn,azralon,575,hunter,marksmanship,12,6,6
9503,Chipsncheese,korgath,575,hunter,marksmanship,12,6,6
9504,Taphh,moon-guard,575,hunter,marksmanship,12,6,6
9505,Projectilez,sargeras,575,hunter,marksmanship,12,6,6
9506,Lahyanhou,azjolnerub,575,hunter,marksmanship,18,6,12
9507,Tazmaniak,gorefiend,575,hunter,marksmanship,18,6,12
9508,Wolverhino,thrall,575,hunter,marksmanship,18,6,12
9509,Marcusrarnis,zuljin,574,hunter,marksmanship,12,6,6
9510,Hildihunt,stormrage,574,hunter,marksmanship,12,6,6
9511,Zeddunn,stormrage,574,hunter,marksmanship,12,6,6
9512,Blåckhat,frostmourne,573,hunter,marksmanship,30,6,24
9513,Recebaa,barthilas,572,hunter,marksmanship,12,6,6
9514,Returners,emerald-dream,571,hunter,marksmanship,12,6,6
9515,Jogoran,thunderlord,571,hunter,marksmanship,12,6,6
9516,Tungles,tichondrius,570,hunter,marksmanship,24,6,18
9517,Lennfear,frostmourne,568,hunter,marksmanship,18,6,12
9518,Vaelanor,destromath,566,hunter,marksmanship,12,6,6
9519,Beastmodeqt,blood-furnace,566,hunter,marksmanship,18,6,12
9520,Neef,mannoroth,564,hunter,marksmanship,24,6,18
9521,Ratspit,chogall,557,hunter,marksmanship,11,6,5
9522,Wij,turalyon,557,hunter,marksmanship,18,6,12
9523,Gymli,destromath,543,hunter,marksmanship,11,6,5
9524,Jaydemo,thunderhorn,527,hunter,marksmanship,17,6,11
9525,Remixjy,burning-blade,522,hunter,marksmanship,16,7,9
9526,Cns,tichondrius,521,hunter,marksmanship,20,7,13
9527,Jonsnow,lightnings-blade,519,hunter,marksmanship,15,6,9
9528,Dainsleif,perenolde,512,hunter,marksmanship,10,6,4
9529,Tracershot,malganis,511,hunter,marksmanship,14,6,8
9530,Cplski,kelthuzad,511,hunter,marksmanship,16,6,10
9531,Stepbroski,moon-guard,510,hunter,marksmanship,14,6,8
9532,Brainzz,emerald-dream,509,hunter,marksmanship,16,7,9
9533,Chasseür,quelthalas,480,hunter,marksmanship,6,5,1
9534,Moktarg,archimonde,480,hunter,marksmanship,6,5,1
9535,Bendotexe,stormrage,480,hunter,marksmanship,6,5,1
9536,Qthunterr,dalaran,480,hunter,marksmanship,6,5,1
9537,Toxarch,aggramar,480,hunter,marksmanship,6,5,1
9538,Knerf,silvermoon,480,hunter,marksmanship,6,5,1
9539,Taije,arthas,480,hunter,marksmanship,6,5,1
9540,Thrandrial,smolderthorn,480,hunter,marksmanship,6,5,1
9541,Chickenzzack,tichondrius,480,hunter,marksmanship,6,5,1
9542,Kimchishotxo,tichondrius,480,hunter,marksmanship,6,5,1
9543,Shootandloot,zuljin,480,hunter,marksmanship,6,5,1
9544,Idtrapthat,nordrassil,480,hunter,marksmanship,9,5,4
9545,Déadshot,thaurissan,480,hunter,marksmanship,12,5,7
9546,Infamousorc,chogall,480,hunter,marksmanship,12,5,7
9547,Arraza,ragnaros,480,hunter,marksmanship,12,5,7
9548,Josyv,quelthalas,480,hunter,marksmanship,12,5,7
9549,Fjdominador,azralon,480,hunter,marksmanship,12,5,7
9550,Boomheadshot,blood-furnace,480,hunter,marksmanship,12,5,7
9551,Slobon,tichondrius,480,hunter,marksmanship,12,5,7
9552,Kyujin,ragnaros,480,hunter,marksmanship,12,5,7
9553,Lagshots,kelthuzad,480,hunter,marksmanship,12,5,7
9554,Kattarry,moon-guard,480,hunter,marksmanship,12,5,7
9555,Bullzeyê,kelthuzad,480,hunter,marksmanship,12,5,7
9556,Kaelhim,warsong,480,hunter,marksmanship,12,5,7
9557,Xísa,proudmoore,480,hunter,marksmanship,12,5,7
9558,Teaks,aggramar,480,hunter,marksmanship,12,5,7
9559,Jaywuz,tichondrius,480,hunter,marksmanship,12,5,7
9560,Omniquiver,sargeras,480,hunter,marksmanship,12,5,7
9561,Lianm,stormrage,480,hunter,marksmanship,12,5,7
9562,Thewïld,tichondrius,480,hunter,marksmanship,12,5,7
9563,Connora,stormrage,480,hunter,marksmanship,12,5,7
9564,Valro,hyjal,480,hunter,marksmanship,12,5,7
9565,Thejessiah,tichondrius,480,hunter,marksmanship,12,5,7
9566,Snoplow,illidan,480,hunter,marksmanship,12,5,7
9567,Aloa,nagrand,480,hunter,marksmanship,12,5,7
9568,Duckpow,frostmourne,480,hunter,marksmanship,12,5,7
9569,Hunt,the-underbog,480,hunter,marksmanship,12,5,7
9570,Ownshot,kiljaeden,480,hunter,marksmanship,12,5,7
9571,Regretful,kelthuzad,480,hunter,marksmanship,13,5,8
9572,Aueria,kiljaeden,480,hunter,marksmanship,18,5,13
9573,Absinther,emerald-dream,480,hunter,marksmanship,18,5,13
9574,Tarah,lightbringer,480,hunter,marksmanship,18,5,13
9575,Ikiteforfood,zuljin,480,hunter,marksmanship,18,5,13
9576,Blickys,area-52,480,hunter,marksmanship,18,5,13
9577,Eurekasl,ragnaros,480,hunter,marksmanship,18,5,13
9578,Ownyoufast,darkspear,480,hunter,marksmanship,24,5,19
9579,Hishamo,aggramar,479,hunter,marksmanship,6,5,1
9580,Runimurder,zuljin,479,hunter,marksmanship,6,5,1
9581,Globalhunter,emerald-dream,479,hunter,marksmanship,12,5,7
9582,Akomata,emerald-dream,479,hunter,marksmanship,12,5,7
9583,Ëz,ragnaros,479,hunter,marksmanship,12,5,7
9584,Blurrí,area-52,479,hunter,marksmanship,12,5,7
9585,Peitowyn,illidan,479,hunter,marksmanship,12,5,7
9586,Doubletappz,stormrage,479,hunter,marksmanship,12,5,7
9587,Rykbad,area-52,479,hunter,marksmanship,12,5,7
9588,Pathius,uldaman,479,hunter,marksmanship,12,5,7
9589,Papiquezo,nagrand,479,hunter,marksmanship,12,5,7
9590,Ohhsnaapp,blood-furnace,479,hunter,marksmanship,12,5,7
9591,Patmypet,terenas,479,hunter,marksmanship,12,5,7
9592,Diur,ragnaros,479,hunter,marksmanship,15,5,10
9593,Johar,nerzhul,479,hunter,marksmanship,18,5,13
9594,Enzym,archimonde,479,hunter,marksmanship,18,5,13
9595,Seyd,barthilas,479,hunter,marksmanship,18,5,13
9596,Ashaelyn,wyrmrest-accord,479,hunter,marksmanship,18,5,13
9597,Cócaine,tichondrius,478,hunter,marksmanship,13,6,7
9598,Lyssavirhus,azralon,478,hunter,marksmanship,12,5,7
9599,Ozzoty,tol-barad,478,hunter,marksmanship,12,5,7
9600,Damnnicebutt,borean-tundra,478,hunter,marksmanship,20,7,13
9601,Tularac,sentinels,477,hunter,marksmanship,12,5,7
9602,Survival,dentarg,477,hunter,marksmanship,12,5,7
9603,Darkmaximus,echo-isles,477,hunter,marksmanship,18,5,13
9604,Àrsha,gallywix,475,hunter,marksmanship,12,5,7
9605,Oorudun,hellscream,472,hunter,marksmanship,12,5,7
9606,Erudraugdin,quelthalas,468,hunter,marksmanship,18,5,13
9607,Raun,anvilmar,453,hunter,marksmanship,17,5,12
9608,Diavál,area-52,447,hunter,marksmanship,11,5,6
9609,Mukeru,stormrage,432,hunter,marksmanship,9,5,4
9610,Wook,hyjal,431,hunter,marksmanship,11,5,6
9611,Noriee,destromath,431,hunter,marksmanship,15,5,10
9612,Ellishunter,frostmourne,426,hunter,marksmanship,22,6,16
9613,Yaboismokey,aerie-peak,425,hunter,marksmanship,17,7,10
9614,Nirika,moon-guard,416,hunter,marksmanship,10,5,5
9615,Póra,stormrage,396,hunter,marksmanship,13,5,8
9616,Infatuatedx,moon-guard,384,hunter,marksmanship,6,4,2
9617,Rektarrow,area-52,384,hunter,marksmanship,6,4,2
9618,Wellerman,firetree,384,hunter,marksmanship,6,4,2
9619,Gogey,area-52,384,hunter,marksmanship,6,4,2
9620,Sylos,moon-guard,384,hunter,marksmanship,6,4,2
9621,Coolwhip,demon-soul,384,hunter,marksmanship,6,4,2
9622,Thehunturd,dalaran,384,hunter,marksmanship,6,4,2
9623,Moyria,quelthalas,384,hunter,marksmanship,6,4,2
9624,Subdue,tichondrius,384,hunter,marksmanship,6,4,2
9625,Hyyz,proudmoore,384,hunter,marksmanship,6,4,2
9626,Balaria,tichondrius,384,hunter,marksmanship,6,4,2
9627,Zendarae,tichondrius,384,hunter,marksmanship,6,4,2
9628,Jimryl,illidan,384,hunter,marksmanship,6,4,2
9629,Oromís,dalaran,384,hunter,marksmanship,6,4,2
9630,Emilysamuels,tichondrius,384,hunter,marksmanship,6,4,2
9631,Anecko,zuljin,384,hunter,marksmanship,6,4,2
9632,Shootbert,malganis,384,hunter,marksmanship,6,4,2
9633,Winotah,frostmourne,384,hunter,marksmanship,6,4,2
9634,Huataran,stormrage,384,hunter,marksmanship,6,4,2
9635,Cashisabeast,zuljin,384,hunter,marksmanship,6,4,2
9636,Aimbôt,frostmourne,384,hunter,marksmanship,6,4,2
9637,Revo,darkspear,384,hunter,marksmanship,6,4,2
9638,Llhopital,ragnaros,384,hunter,marksmanship,6,4,2
9639,Obsol,hyjal,384,hunter,marksmanship,6,4,2
9640,Arteene,illidan,384,hunter,marksmanship,6,4,2
9641,Venj,proudmoore,384,hunter,marksmanship,6,4,2
9642,Swoljashotxp,area-52,384,hunter,marksmanship,6,4,2
9643,Swish,burning-legion,384,hunter,marksmanship,6,4,2
9644,Goosejuicer,emerald-dream,384,hunter,marksmanship,6,4,2
9645,Stfd,illidan,384,hunter,marksmanship,6,4,2
9646,Relapse,dreadmaul,384,hunter,marksmanship,6,4,2
9647,Côckblocked,tichondrius,384,hunter,marksmanship,6,4,2
9648,Malcab,tichondrius,384,hunter,marksmanship,6,4,2
9649,Blamethenaga,sargeras,384,hunter,marksmanship,6,4,2
9650,Huumpoutine,burning-blade,384,hunter,marksmanship,6,4,2
9651,Archetype,bladefist,384,hunter,marksmanship,6,4,2
9652,Raevon,kelthuzad,384,hunter,marksmanship,6,4,2
9653,Junmuxiao,ragnaros,384,hunter,marksmanship,6,4,2
9654,Silvertokay,ragnaros,384,hunter,marksmanship,6,4,2
9655,Déwi,tichondrius,384,hunter,marksmanship,6,4,2
9656,Clutchxx,tichondrius,384,hunter,marksmanship,6,4,2
9657,Frîck,bleeding-hollow,384,hunter,marksmanship,6,4,2
9658,Maidán,azralon,384,hunter,marksmanship,6,4,2
9659,Malthiz,antonidas,384,hunter,marksmanship,8,4,4
9660,Msghunter,sargeras,384,hunter,marksmanship,12,4,8
9661,Dmasterbiter,zuljin,384,hunter,marksmanship,12,4,8
9662,Percision,bonechewer,384,hunter,marksmanship,12,4,8
9663,Trippyhunter,akama,384,hunter,marksmanship,12,4,8
9664,Dropflag,stormrage,384,hunter,marksmanship,12,4,8
9665,Artemisagro,greymane,384,hunter,marksmanship,12,4,8
9666,Hywhan,stormrage,384,hunter,marksmanship,12,4,8
9667,Ojmo,arthas,384,hunter,marksmanship,12,4,8
9668,Soljer,kiljaeden,384,hunter,marksmanship,12,4,8
9669,Patroclo,azralon,384,hunter,marksmanship,12,4,8
9670,Braindeadorc,illidan,384,hunter,marksmanship,12,4,8
9671,Revö,area-52,384,hunter,marksmanship,12,4,8
9672,Saralli,thrall,384,hunter,marksmanship,12,4,8
9673,Zipzyup,tichondrius,384,hunter,marksmanship,12,4,8
9674,Ningiiwose,garona,384,hunter,marksmanship,12,4,8
9675,Skillvanas,stormrage,384,hunter,marksmanship,12,4,8
9676,Shotfromhell,sargeras,384,hunter,marksmanship,12,4,8
9677,Abloodelf,zuljin,384,hunter,marksmanship,12,4,8
9678,Taurenseason,sargeras,384,hunter,marksmanship,12,4,8
9679,Bleedwolf,tichondrius,384,hunter,marksmanship,12,4,8
9680,Robobop,stormrage,384,hunter,marksmanship,12,4,8
9681,Vion,mannoroth,384,hunter,marksmanship,12,4,8
9682,Samsin,sargeras,384,hunter,marksmanship,12,4,8
9683,Karev,area-52,384,hunter,marksmanship,12,4,8
9684,Grukar,tichondrius,384,hunter,marksmanship,12,4,8
9685,Kumari,lothar,384,hunter,marksmanship,12,4,8
9686,Bombanodos,kelthuzad,384,hunter,marksmanship,12,4,8
9687,Ganzilla,aerie-peak,384,hunter,marksmanship,12,4,8
9688,Vélos,illidan,384,hunter,marksmanship,12,4,8
9689,Emérr,drakkari,384,hunter,marksmanship,12,4,8
9690,Cloudzbow,moon-guard,384,hunter,marksmanship,12,4,8
9691,Crackshotzz,illidan,384,hunter,marksmanship,12,4,8
9692,Joton,tichondrius,384,hunter,marksmanship,12,4,8
9693,Xeriife,stormrage,384,hunter,marksmanship,12,4,8
9694,Ðïanä,azralon,384,hunter,marksmanship,12,4,8
9695,Sylvanâs,bleeding-hollow,384,hunter,marksmanship,12,4,8
9696,Bowtech,kelthuzad,384,hunter,marksmanship,12,4,8
9697,Junglar,eitrigg,384,hunter,marksmanship,12,4,8
9698,Whatalexa,tichondrius,384,hunter,marksmanship,12,4,8
9699,Spunky,zuluhed,384,hunter,marksmanship,12,4,8
9700,Kä,blackhand,384,hunter,marksmanship,12,4,8
9701,Enchantras,jaedenar,384,hunter,marksmanship,12,4,8
9702,Ididntdoit,blackhand,384,hunter,marksmanship,12,4,8
9703,Sabo,nemesis,384,hunter,marksmanship,12,4,8
9704,Shottz,blackhand,384,hunter,marksmanship,12,4,8
9705,Limpnoodle,nerzhul,384,hunter,marksmanship,12,4,8
9706,Crimsonmm,ragnaros,384,hunter,marksmanship,12,4,8
9707,Aewyn,malganis,384,hunter,marksmanship,12,4,8
9708,Deadshöt,bleeding-hollow,384,hunter,marksmanship,18,4,14
9709,Kiteftw,tichondrius,384,hunter,marksmanship,18,4,14
9710,Angelickon,tichondrius,384,hunter,marksmanship,18,4,14
9711,Peashooter,sargeras,384,hunter,marksmanship,19,4,15
9712,Meriah,bleeding-hollow,383,hunter,marksmanship,6,4,2
9713,Snäpträp,stormrage,383,hunter,marksmanship,6,4,2
9714,Soulbutter,malganis,383,hunter,marksmanship,6,4,2
9715,Essya,frostmourne,383,hunter,marksmanship,6,4,2
9716,Euphylesz,garrosh,383,hunter,marksmanship,10,4,6
9717,Zérõ,area-52,383,hunter,marksmanship,12,4,8
9718,Rottinghood,hyjal,383,hunter,marksmanship,12,4,8
9719,Minibrö,tichondrius,383,hunter,marksmanship,12,4,8
9720,Brody,eitrigg,383,hunter,marksmanship,12,4,8
9721,Shootingjaem,tichondrius,383,hunter,marksmanship,12,4,8
9722,Diacachimbaa,ragnaros,383,hunter,marksmanship,12,4,8
9723,Aridan,area-52,383,hunter,marksmanship,12,4,8
9724,Juanita,laughing-skull,383,hunter,marksmanship,12,4,8
9725,Amsalja,tichondrius,383,hunter,marksmanship,12,4,8
9726,Chetta,ragnaros,383,hunter,marksmanship,22,5,17
9727,Nevon,azralon,383,hunter,marksmanship,18,4,14
9728,Oohuntsoo,emerald-dream,382,hunter,marksmanship,6,4,2
9729,Föcker,emerald-dream,382,hunter,marksmanship,10,6,4
9730,Eaudelune,vashj,382,hunter,marksmanship,12,4,8
9731,Skatenos,tortheldrin,381,hunter,marksmanship,12,4,8
9732,Twofeathers,wyrmrest-accord,381,hunter,marksmanship,12,4,8
9733,Äzrael,elune,379,hunter,marksmanship,12,4,8
9734,Venessie,moon-guard,379,hunter,marksmanship,12,4,8
9735,Arighthunt,frostmourne,367,hunter,marksmanship,17,4,13
9736,Hyesik,tichondrius,362,hunter,marksmanship,21,7,14
9737,Bloodarrow,tichondrius,351,hunter,marksmanship,11,4,7
9738,Trappxy,sargeras,336,hunter,marksmanship,9,4,5
9739,Zucarita,tichondrius,330,hunter,marksmanship,9,5,4
9740,Dsizzle,tichondrius,330,hunter,marksmanship,20,5,15
9741,Nubcaks,nerzhul,330,hunter,marksmanship,21,5,16
9742,Pérséús,ragnaros,320,hunter,marksmanship,10,4,6
9743,Stupïd,tichondrius,319,hunter,marksmanship,5,4,1
9744,Aimian,frostmourne,319,hunter,marksmanship,8,4,4
9745,Kazug,destromath,319,hunter,marksmanship,12,5,7
9746,Berkhof,tichondrius,319,hunter,marksmanship,14,4,10
9747,Dagre,the-forgotten-coast,304,hunter,marksmanship,13,4,9
9748,Mikey,exodar,288,hunter,marksmanship,6,3,3
9749,Physical,destromath,288,hunter,marksmanship,6,3,3
9750,Uc,khadgar,288,hunter,marksmanship,6,3,3
9751,Madsniper,thunderlord,288,hunter,marksmanship,6,3,3
9752,Racoon,spinebreaker,288,hunter,marksmanship,6,3,3
9753,Eatmybow,nemesis,288,hunter,marksmanship,6,3,3
9754,Pvrisxoxo,frostmourne,288,hunter,marksmanship,6,3,3
9755,Cù,frostmourne,288,hunter,marksmanship,6,3,3
9756,Internade,frostmourne,288,hunter,marksmanship,6,3,3
9757,Azairxd,tichondrius,288,hunter,marksmanship,6,3,3
9758,Stupedhunter,tichondrius,288,hunter,marksmanship,6,3,3
9759,Casadora,dark-iron,288,hunter,marksmanship,6,3,3
9760,Trænquility,tichondrius,288,hunter,marksmanship,6,3,3
9761,Javoj,drakkari,288,hunter,marksmanship,6,3,3
9762,Goatshots,lightninghoof,288,hunter,marksmanship,6,3,3
9763,Bloodyman,korgath,288,hunter,marksmanship,6,3,3
9764,Eforas,ragnaros,288,hunter,marksmanship,6,3,3
9765,Wasteyou,tichondrius,288,hunter,marksmanship,6,3,3
9766,Fruitenveg,frostmourne,288,hunter,marksmanship,6,3,3
9767,Muffhuntér,blackrock,288,hunter,marksmanship,6,3,3
9768,Vashra,stormrage,288,hunter,marksmanship,6,3,3
9769,Wannakill,stormrage,288,hunter,marksmanship,6,3,3
9770,Rivs,detheroc,288,hunter,marksmanship,6,3,3
9771,Kallindo,sargeras,288,hunter,marksmanship,6,3,3
9772,Tìnker,stormrage,288,hunter,marksmanship,6,3,3
9773,Khasu,ragnaros,288,hunter,marksmanship,6,3,3
9774,Bamfhunt,darkspear,288,hunter,marksmanship,6,3,3
9775,Candîce,moon-guard,288,hunter,marksmanship,6,3,3
9776,Vivaswan,tichondrius,288,hunter,marksmanship,6,3,3
9777,Ÿöskë,tichondrius,288,hunter,marksmanship,6,3,3
9778,Kansolly,tichondrius,288,hunter,marksmanship,6,3,3
9779,Triggamikê,tichondrius,288,hunter,marksmanship,6,3,3
9780,Aaron,jubeithos,288,hunter,marksmanship,6,3,3
9781,Auset,aegwynn,288,hunter,marksmanship,6,3,3
9782,Folgadoo,azralon,288,hunter,marksmanship,6,3,3
9783,Blakespace,area-52,288,hunter,marksmanship,6,3,3
9784,Baehydra,frostmourne,288,hunter,marksmanship,6,3,3
9785,Mabaku,tichondrius,288,hunter,marksmanship,6,3,3
9786,Zeonas,tichondrius,288,hunter,marksmanship,6,3,3
9787,Zym,the-forgotten-coast,288,hunter,marksmanship,6,3,3
9788,Grimdrakk,zuljin,288,hunter,marksmanship,6,3,3
9789,Buzzkiller,sargeras,288,hunter,marksmanship,6,3,3
9790,Wolftracer,sargeras,288,hunter,marksmanship,6,3,3
9791,Gorhound,tichondrius,288,hunter,marksmanship,6,3,3
9792,Daggétt,zuljin,288,hunter,marksmanship,6,3,3
9793,Diertz,area-52,288,hunter,marksmanship,6,3,3
9794,Innerhunt,aegwynn,288,hunter,marksmanship,6,3,3
9795,Carot,dalaran,288,hunter,marksmanship,6,3,3
9796,Kneecrippler,proudmoore,288,hunter,marksmanship,6,3,3
9797,Halosucks,sargeras,288,hunter,marksmanship,6,3,3
9798,Zengrin,quelthalas,288,hunter,marksmanship,6,3,3
9799,Humiliation,mugthol,288,hunter,marksmanship,6,3,3
9800,Neverhunter,azralon,288,hunter,marksmanship,6,3,3
9801,Sindain,bloodscalp,288,hunter,marksmanship,6,3,3
9802,Lilbic,bleeding-hollow,288,hunter,marksmanship,6,3,3
9803,Xtremesnipez,frostmourne,288,hunter,marksmanship,6,3,3
9804,Arithrawn,area-52,288,hunter,marksmanship,6,3,3
9805,Ropivacaine,illidan,288,hunter,marksmanship,6,3,3
9806,Thugbeast,tichondrius,288,hunter,marksmanship,6,3,3
9807,Kynigi,bleeding-hollow,288,hunter,marksmanship,6,3,3
9808,Wolfmilkers,illidan,288,hunter,marksmanship,6,3,3
9809,Weegnomie,wyrmrest-accord,288,hunter,marksmanship,6,3,3
9810,Sereom,frostmourne,288,hunter,marksmanship,6,3,3
9811,Mtuanwm,tichondrius,288,hunter,marksmanship,6,3,3
9812,Zzackchicken,tichondrius,288,hunter,marksmanship,6,3,3
9813,Kormas,illidan,288,hunter,marksmanship,6,3,3
9814,Tugh,maiev,288,hunter,marksmanship,6,3,3
9815,Exabyssus,bleeding-hollow,288,hunter,marksmanship,6,3,3
9816,Luckynoodlle,frostmourne,288,hunter,marksmanship,6,3,3
9817,Playnogames,moon-guard,288,hunter,marksmanship,6,3,3
9818,Chootembro,thunderlord,288,hunter,marksmanship,6,3,3
9819,Madjango,illidan,288,hunter,marksmanship,6,3,3
9820,Bernelli,kelthuzad,288,hunter,marksmanship,6,3,3
9821,Ligmubhole,queldorei,288,hunter,marksmanship,6,3,3
9822,Quondo,boulderfist,288,hunter,marksmanship,6,3,3
9823,Untermench,tichondrius,288,hunter,marksmanship,6,3,3
9824,Cloakedninja,illidan,288,hunter,marksmanship,6,3,3
9825,Sosaho,sargeras,288,hunter,marksmanship,6,3,3
9826,Keliara,dunemaul,288,hunter,marksmanship,6,3,3
9827,Kong,tichondrius,288,hunter,marksmanship,6,3,3
9828,Vinksy,sargeras,288,hunter,marksmanship,6,3,3
9829,Antily,kelthuzad,288,hunter,marksmanship,6,3,3
9830,Deepbowjob,sargeras,288,hunter,marksmanship,6,3,3
9831,Ekzoo,tichondrius,288,hunter,marksmanship,6,3,3
9832,Krelas,eldrethalas,288,hunter,marksmanship,6,3,3
9833,Waqz,tichondrius,288,hunter,marksmanship,6,3,3
9834,Miscreant,kelthuzad,288,hunter,marksmanship,6,3,3
9835,Starsabov,emerald-dream,288,hunter,marksmanship,6,3,3
9836,Eldotbrod,quelthalas,288,hunter,marksmanship,6,3,3
9837,Silvershot,emerald-dream,288,hunter,marksmanship,6,3,3
9838,Ud,eldrethalas,288,hunter,marksmanship,6,3,3
9839,Iannieht,illidan,288,hunter,marksmanship,6,3,3
9840,Zindula,malganis,288,hunter,marksmanship,7,3,4
9841,Amonerhunter,bleeding-hollow,288,hunter,marksmanship,10,4,6
9842,Mojopojo,tichondrius,288,hunter,marksmanship,12,4,8
9843,Prpl,sargeras,288,hunter,marksmanship,15,4,11
9844,Exiun,sargeras,288,hunter,marksmanship,12,3,9
9845,Mulnaaj,zuljin,288,hunter,marksmanship,12,3,9
9846,Princssdaizy,zuljin,288,hunter,marksmanship,12,3,9
9847,Alyzza,sargeras,288,hunter,marksmanship,12,3,9
9848,Peña,trollbane,288,hunter,marksmanship,12,3,9
9849,Oua,queldorei,288,hunter,marksmanship,12,3,9
9850,Bwaa,illidan,288,hunter,marksmanship,12,3,9
9851,Fatehunter,bleeding-hollow,288,hunter,marksmanship,12,3,9
9852,Zeedii,dalaran,288,hunter,marksmanship,12,3,9
9853,Sliperysaly,tichondrius,288,hunter,marksmanship,12,3,9
9854,Blarck,shattered-halls,288,hunter,marksmanship,12,3,9
9855,Gustavitch,executus,288,hunter,marksmanship,12,3,9
9856,Kòng,quelthalas,288,hunter,marksmanship,12,3,9
9857,Arbclimbs,frostmane,288,hunter,marksmanship,12,3,9
9858,Hatara,quelthalas,288,hunter,marksmanship,12,3,9
9859,Zøkøtrøkø,ragnaros,288,hunter,marksmanship,12,3,9
9860,Shootybootìe,tichondrius,288,hunter,marksmanship,12,3,9
9861,Wadadly,malganis,288,hunter,marksmanship,12,3,9
9862,Lumbygoblin,illidan,288,hunter,marksmanship,13,3,10
9863,Guntrïx,stormrage,288,hunter,marksmanship,18,3,15
9864,Multicereal,quelthalas,287,hunter,marksmanship,6,3,3
9865,Ghazzghkuull,ragnaros,287,hunter,marksmanship,6,3,3
9866,Puttry,stormrage,287,hunter,marksmanship,6,3,3
9867,Drâgônâr,stormrage,287,hunter,marksmanship,6,3,3
9868,Lapelada,ragnaros,287,hunter,marksmanship,6,3,3
9869,Scoundrella,sargeras,287,hunter,marksmanship,6,3,3
9870,Towness,kelthuzad,287,hunter,marksmanship,6,3,3
9871,Downtimes,illidan,287,hunter,marksmanship,6,3,3
9872,Slayemz,barthilas,287,hunter,marksmanship,6,3,3
9873,Darthwillie,cenarius,287,hunter,marksmanship,12,3,9
9874,Lulaladraun,azralon,287,hunter,marksmanship,12,3,9
9875,Tarbabies,mannoroth,287,hunter,marksmanship,12,3,9
9876,Bumbow,tichondrius,287,hunter,marksmanship,12,3,9
9877,Lorelåii,tichondrius,286,hunter,marksmanship,6,3,3
9878,Irishnia,bleeding-hollow,286,hunter,marksmanship,6,3,3
9879,Aeclpysis,dark-iron,281,hunter,marksmanship,12,5,7
9880,Zuuvuya,nemesis,255,hunter,marksmanship,14,4,10
9881,Setepalms,azralon,239,hunter,marksmanship,5,3,2
9882,Brorc,kul-tiras,239,hunter,marksmanship,5,3,2
9883,Knowtraps,area-52,234,hunter,marksmanship,7,4,3
9884,Druskritag,moon-guard,234,hunter,marksmanship,10,4,6
9885,Richihunt,ragnaros,234,hunter,marksmanship,14,4,10
9886,Demongirl,arathor,231,hunter,marksmanship,25,4,21
9887,Rnger,aerie-peak,223,hunter,marksmanship,8,3,5
9888,Andrømeda,frostmourne,208,hunter,marksmanship,7,3,4
9889,Lamb,undermine,202,hunter,marksmanship,11,4,7
9890,Traitorously,daggerspine,192,hunter,marksmanship,9,3,6
9891,Yortrox,ragnaros,192,hunter,marksmanship,6,2,4
9892,Muscletooth,moon-guard,192,hunter,marksmanship,6,2,4
9893,Latherel,bleeding-hollow,192,hunter,marksmanship,6,2,4
9894,Ilîiìîìiilil,bleeding-hollow,192,hunter,marksmanship,6,2,4
9895,Firskin,frostmourne,192,hunter,marksmanship,6,2,4
9896,Inurah,malganis,192,hunter,marksmanship,6,2,4
9897,Erebor,malganis,192,hunter,marksmanship,6,2,4
9898,Kanta,bleeding-hollow,192,hunter,marksmanship,6,2,4
9899,Alluminant,gilneas,192,hunter,marksmanship,6,2,4
9900,Leeshaarrow,moon-guard,192,hunter,marksmanship,6,2,4
9901,Àngèl,malganis,192,hunter,marksmanship,6,2,4
9902,Desdee,icecrown,192,hunter,marksmanship,6,2,4
9903,Ramchi,burning-blade,192,hunter,marksmanship,6,2,4
9904,Sevitham,dalaran,192,hunter,marksmanship,6,2,4
9905,Kahtniss,quelthalas,192,hunter,marksmanship,6,2,4
9906,Cornbreadfed,gorgonnash,192,hunter,marksmanship,6,2,4
9907,Dreezzy,bleeding-hollow,192,hunter,marksmanship,6,2,4
9908,Cazaaires,quelthalas,192,hunter,marksmanship,6,2,4
9909,Cefla,illidan,192,hunter,marksmanship,6,2,4
9910,Jebote,frostmourne,192,hunter,marksmanship,6,2,4
9911,Lorgor,eonar,192,hunter,marksmanship,6,2,4
9912,Haki,gallywix,192,hunter,marksmanship,6,2,4
9913,Tyraelias,kaelthas,192,hunter,marksmanship,6,2,4
9914,Cuchulláin,area-52,192,hunter,marksmanship,6,2,4
9915,Crownchild,illidan,192,hunter,marksmanship,6,2,4
9916,Sogeki,kelthuzad,192,hunter,marksmanship,6,2,4
9917,Orber,stormrage,192,hunter,marksmanship,6,2,4
9918,Wartoz,dragonblight,192,hunter,marksmanship,6,2,4
9919,Zaghoward,fenris,192,hunter,marksmanship,6,2,4
9920,Geeshot,area-52,192,hunter,marksmanship,6,2,4
9921,Huntkillerx,illidan,192,hunter,marksmanship,6,2,4
9922,Pumpydumpy,malganis,192,hunter,marksmanship,6,2,4
9923,Huntugz,frostmourne,192,hunter,marksmanship,6,2,4
9924,Mtq,thrall,192,hunter,marksmanship,6,2,4
9925,Ragnarlobkk,ragnaros,192,hunter,marksmanship,6,2,4
9926,Lulafourdedo,stormrage,192,hunter,marksmanship,6,2,4
9927,Mayhunter,ragnaros,192,hunter,marksmanship,6,2,4
9928,Percival,firetree,192,hunter,marksmanship,6,2,4
9929,Xpyroshot,area-52,192,hunter,marksmanship,6,2,4
9930,Knator,area-52,192,hunter,marksmanship,6,2,4
9931,Áppóló,spinebreaker,192,hunter,marksmanship,6,2,4
9932,Xxunderoath,frostwolf,192,hunter,marksmanship,6,2,4
9933,Doug,illidan,192,hunter,marksmanship,6,2,4
9934,Hfn,stormrage,192,hunter,marksmanship,6,2,4
9935,Ðevil,ragnaros,192,hunter,marksmanship,6,2,4
9936,Symz,ragnaros,192,hunter,marksmanship,6,2,4
9937,Rëxx,moon-guard,192,hunter,marksmanship,6,2,4
9938,Stingyshot,thrall,192,hunter,marksmanship,6,2,4
9939,Commonbuck,area-52,192,hunter,marksmanship,6,2,4
9940,Léfty,nagrand,192,hunter,marksmanship,6,2,4
9941,Gadorim,kelthuzad,192,hunter,marksmanship,6,2,4
9942,Yonzo,area-52,192,hunter,marksmanship,6,2,4
9943,Benryats,area-52,192,hunter,marksmanship,6,2,4
9944,Arantir,drakkari,192,hunter,marksmanship,6,2,4
9945,Najmoira,area-52,192,hunter,marksmanship,6,2,4
9946,Huntgar,earthen-ring,192,hunter,marksmanship,6,2,4
9947,Otirrub,deathwing,192,hunter,marksmanship,6,2,4
9948,Doopers,kiljaeden,192,hunter,marksmanship,6,2,4
9949,Huntingyou,destromath,192,hunter,marksmanship,6,2,4
9950,Vitae,shattered-halls,192,hunter,marksmanship,6,2,4
9951,Whitemàne,dalaran,192,hunter,marksmanship,6,2,4
9952,Angrypepe,bleeding-hollow,192,hunter,marksmanship,6,2,4
9953,Bôdon,illidan,192,hunter,marksmanship,6,2,4
9954,Voodoohunter,blood-furnace,192,hunter,marksmanship,6,2,4
9955,Ctrlaltdel,gundrak,192,hunter,marksmanship,6,2,4
9956,Regerts,sargeras,192,hunter,marksmanship,6,2,4
9957,Gangstashot,burning-legion,192,hunter,marksmanship,6,2,4
9958,Yembohi,queldorei,192,hunter,marksmanship,6,2,4
9959,Magvez,tichondrius,192,hunter,marksmanship,6,2,4
9960,Logonman,rexxar,192,hunter,marksmanship,6,2,4
9961,Fermra,dunemaul,192,hunter,marksmanship,6,2,4
9962,Warsh,anubarak,192,hunter,marksmanship,6,2,4
9963,Zeaks,emerald-dream,192,hunter,marksmanship,6,2,4
9964,Nes,azuremyst,192,hunter,marksmanship,6,2,4
9965,Bionix,sargeras,192,hunter,marksmanship,6,2,4
9966,Momomomo,draka,192,hunter,marksmanship,6,2,4
9967,Zhona,moon-guard,192,hunter,marksmanship,6,2,4
9968,Hunchback,emerald-dream,192,hunter,marksmanship,6,2,4
9969,Penelòpe,wyrmrest-accord,192,hunter,marksmanship,6,2,4
9970,Sinsix,akama,192,hunter,marksmanship,6,2,4
9971,Jgodsslayer,tichondrius,192,hunter,marksmanship,6,2,4
9972,Petmydog,aegwynn,192,hunter,marksmanship,6,2,4
9973,Zaheerz,sargeras,192,hunter,marksmanship,6,2,4
9974,Sobala,azralon,192,hunter,marksmanship,6,2,4
9975,Bowzørx,tichondrius,192,hunter,marksmanship,6,2,4
9976,Fleshfeast,tichondrius,192,hunter,marksmanship,6,2,4
9977,Dikbender,tichondrius,192,hunter,marksmanship,6,2,4
9978,Alssong,tichondrius,192,hunter,marksmanship,6,2,4
9979,Drysst,tichondrius,192,hunter,marksmanship,6,2,4
9980,Bloodrainia,ravencrest,192,hunter,marksmanship,6,2,4
9981,Lemmiewînkzz,sargeras,192,hunter,marksmanship,6,2,4
9982,Ragar,korialstrasz,192,hunter,marksmanship,6,2,4
9983,Lolknocked,alexstrasza,192,hunter,marksmanship,6,2,4
9984,Anilora,wyrmrest-accord,192,hunter,marksmanship,6,2,4
9985,Geldyn,stormreaver,192,hunter,marksmanship,6,2,4
9986,Amptx,tichondrius,192,hunter,marksmanship,6,2,4
9987,Rumnaheim,nemesis,192,hunter,marksmanship,6,2,4
9988,Bendoon,sargeras,192,hunter,marksmanship,6,2,4
9989,Kïwwï,tichondrius,192,hunter,marksmanship,6,2,4
9990,Kreaytion,sargeras,192,hunter,marksmanship,6,2,4
9991,Namøscä,nemesis,192,hunter,marksmanship,6,2,4
9992,Córnell,tichondrius,192,hunter,marksmanship,6,2,4
9993,Ayrana,tichondrius,192,hunter,marksmanship,6,2,4
9994,Ðecarlis,azralon,192,hunter,marksmanship,6,2,4
9995,Skolzero,azralon,192,hunter,marksmanship,6,2,4
9996,Blury,tichondrius,192,hunter,marksmanship,6,2,4
9997,Tus,tichondrius,192,hunter,marksmanship,6,2,4
9998,Xuxoo,nemesis,192,hunter,marksmanship,6,2,4
9999,Kìkìjiki,emerald-dream,192,hunter,marksmanship,6,2,4
10000,Thugio,sargeras,192,hunter,marksmanship,6,2,4
10001,Huntdawgg,illidan,192,hunter,marksmanship,12,2,10
10002,Dojaqat,frostmourne,192,hunter,marksmanship,12,2,10
10003,Hunterish,area-52,192,hunter,marksmanship,12,2,10
10004,Shafttrapper,queldorei,192,hunter,marksmanship,12,2,10
10005,Littleagu,proudmoore,192,hunter,marksmanship,12,2,10
10006,Seekem,destromath,192,hunter,marksmanship,12,2,10
10007,Zarknoth,cenarius,192,hunter,marksmanship,12,2,10
10008,Killdred,bonechewer,192,hunter,marksmanship,12,2,10
10009,Warpedshots,malganis,192,hunter,marksmanship,12,2,10
10010,Larts,fenris,192,hunter,marksmanship,12,2,10
10011,Findbind,altar-of-storms,192,hunter,marksmanship,12,2,10
10012,Stïinck,azralon,192,hunter,marksmanship,12,2,10
10013,Warrioress,illidan,192,hunter,marksmanship,12,2,10
10014,Mayohater,sargeras,192,hunter,marksmanship,12,2,10
10015,Josthar,thrall,192,hunter,marksmanship,12,2,10
10016,Àlëxx,aegwynn,192,hunter,marksmanship,12,2,10
10017,Thunderox,tichondrius,192,hunter,marksmanship,12,2,10
10018,Eaglesx,skullcrusher,192,hunter,marksmanship,12,2,10
10019,Sharpzy,jubeithos,192,hunter,marksmanship,12,2,10
10020,Shootybooty,arygos,192,hunter,marksmanship,12,2,10
10021,Roboputa,quelthalas,192,hunter,marksmanship,12,2,10
10022,Xulag,tichondrius,192,hunter,marksmanship,12,2,10
10023,Demolitions,kelthuzad,192,hunter,marksmanship,12,2,10
10024,Chinchompas,bleeding-hollow,192,hunter,marksmanship,18,2,16
10025,Tamsynn,stormrage,192,hunter,marksmanship,18,2,16
10026,Sylviannas,frostmourne,191,hunter,marksmanship,6,2,4
10027,Wörg,elune,191,hunter,marksmanship,6,2,4
10028,Lanney,firetree,191,hunter,marksmanship,6,2,4
10029,ßonßon,stormrage,160,hunter,marksmanship,10,2,8
10030,Clintbartun,shadowsong,159,hunter,marksmanship,5,2,3
10031,Hunntard,veknilash,159,hunter,marksmanship,5,2,3
10032,Thesloott,azshara,159,hunter,marksmanship,5,2,3
10033,Ryonel,moon-guard,159,hunter,marksmanship,11,2,9
10034,Dusle,azralon,138,hunter,marksmanship,8,3,5
10035,Darthski,drenden,138,hunter,marksmanship,12,4,8
10036,Ünknown,sargeras,138,hunter,marksmanship,10,3,7
10037,Plsnobanmee,frostmourne,137,hunter,marksmanship,9,5,4
10038,Almighty,trollbane,134,hunter,marksmanship,16,3,13
10039,Ggtooeasy,thrall,128,hunter,marksmanship,4,2,2
10040,Fartingshot,proudmoore,128,hunter,marksmanship,4,2,2
10041,Lúthiel,azralon,127,hunter,marksmanship,8,2,6
10042,Ïmprîsôñ,dalaran,96,hunter,marksmanship,3,2,1
10043,Shootr,darkspear,96,hunter,marksmanship,3,2,1
10044,Razer,anvilmar,96,hunter,marksmanship,3,2,1
10045,Terezhunt,tichondrius,96,hunter,marksmanship,6,1,5
10046,Puppyghoul,malganis,96,hunter,marksmanship,6,1,5
10047,Zünma,tichondrius,96,hunter,marksmanship,6,1,5
10048,Insönnia,azralon,96,hunter,marksmanship,6,1,5
10049,Blaptz,wyrmrest-accord,96,hunter,marksmanship,6,1,5
10050,Siimmplicitz,area-52,96,hunter,marksmanship,6,1,5
10051,Zral,dragonmaw,96,hunter,marksmanship,6,1,5
10052,Rämbow,frostmourne,96,hunter,marksmanship,6,1,5
10053,Bacchantress,tichondrius,96,hunter,marksmanship,6,1,5
10054,Sarutovy,kelthuzad,96,hunter,marksmanship,6,1,5
10055,Biehuixin,tichondrius,96,hunter,marksmanship,6,1,5
10056,Hopsmatei,azralon,96,hunter,marksmanship,6,1,5
10057,Pogcheddar,tichondrius,96,hunter,marksmanship,6,1,5
10058,Jaidev,nemesis,96,hunter,marksmanship,6,1,5
10059,Solderboi,tichondrius,96,hunter,marksmanship,6,1,5
10060,Clacktar,wyrmrest-accord,96,hunter,marksmanship,6,1,5
10061,Gabitoqt,gallywix,96,hunter,marksmanship,6,1,5
10062,Seizedhunt,frostmourne,96,hunter,marksmanship,6,1,5
10063,Jumeog,stormscale,96,hunter,marksmanship,6,1,5
10064,Arawnz,emerald-dream,96,hunter,marksmanship,6,1,5
10065,Keelif,arthas,96,hunter,marksmanship,6,1,5
10066,Hyena,kelthuzad,96,hunter,marksmanship,6,1,5
10067,Shootermgavn,frostmourne,96,hunter,marksmanship,6,1,5
10068,Longshott,azralon,96,hunter,marksmanship,6,1,5
10069,Maquire,tichondrius,96,hunter,marksmanship,6,1,5
10070,Zenwrath,illidan,96,hunter,marksmanship,6,1,5
10071,Zirstorm,altar-of-storms,96,hunter,marksmanship,6,1,5
10072,Laudion,quelthalas,96,hunter,marksmanship,6,1,5
10073,Artilleria,quelthalas,96,hunter,marksmanship,6,1,5
10074,Coppersnout,wyrmrest-accord,96,hunter,marksmanship,6,1,5
10075,Deadlyattack,barthilas,96,hunter,marksmanship,6,1,5
10076,Samanta,blood-furnace,96,hunter,marksmanship,6,1,5
10077,Elknut,sargeras,96,hunter,marksmanship,6,1,5
10078,Vilguz,illidan,96,hunter,marksmanship,6,1,5
10079,Fingamyquill,tichondrius,96,hunter,marksmanship,6,1,5
10080,Ashner,illidan,96,hunter,marksmanship,6,1,5
10081,Rockehm,frostmourne,96,hunter,marksmanship,6,1,5
10082,Anndaria,tichondrius,96,hunter,marksmanship,6,1,5
10083,Hovahdo,proudmoore,96,hunter,marksmanship,6,1,5
10084,Panchovill,ragnaros,96,hunter,marksmanship,6,1,5
10085,Boongtokes,illidan,96,hunter,marksmanship,6,1,5
10086,Narukín,tichondrius,96,hunter,marksmanship,6,1,5
10087,Fawn,moon-guard,96,hunter,marksmanship,6,1,5
10088,Kiatus,nesingwary,96,hunter,marksmanship,6,1,5
10089,Hellcry,khadgar,96,hunter,marksmanship,6,1,5
10090,Gunwalk,azjolnerub,96,hunter,marksmanship,6,1,5
10091,Shablagoosh,zuljin,96,hunter,marksmanship,6,1,5
10092,Ikiteforgold,zuljin,96,hunter,marksmanship,6,1,5
10093,Wolfmastera,zuljin,96,hunter,marksmanship,6,1,5
10094,Ruhak,windrunner,96,hunter,marksmanship,6,1,5
10095,Crazyshot,drakkari,96,hunter,marksmanship,6,1,5
10096,Aerefix,frostmourne,96,hunter,marksmanship,6,1,5
10097,Htcrazykofwa,tichondrius,96,hunter,marksmanship,6,1,5
10098,Cocobage,destromath,96,hunter,marksmanship,6,1,5
10099,Arin,suramar,96,hunter,marksmanship,6,1,5
10100,Cowboytroy,exodar,96,hunter,marksmanship,6,1,5
10101,Brutalhit,bonechewer,96,hunter,marksmanship,6,1,5
10102,Smackadoodlé,illidan,96,hunter,marksmanship,6,1,5
10103,Evemae,sargeras,96,hunter,marksmanship,6,1,5
10104,Dreygar,dawnbringer,96,hunter,marksmanship,6,1,5
10105,Dogtagluke,stormrage,96,hunter,marksmanship,6,1,5
10106,Darkarcher,hyjal,96,hunter,marksmanship,6,1,5
10107,Exitwoundz,hyjal,96,hunter,marksmanship,6,1,5
10108,Necroshotz,kul-tiras,96,hunter,marksmanship,6,1,5
10109,Desarus,archimonde,96,hunter,marksmanship,6,1,5
10110,Faceshots,tichondrius,96,hunter,marksmanship,6,1,5
10111,Kofan,darkspear,96,hunter,marksmanship,12,1,11
10112,Hawneyduo,skullcrusher,96,hunter,marksmanship,12,1,11
10113,Tarapandas,kilrogg,96,hunter,marksmanship,12,1,11
10114,Jacobsladder,illidan,96,hunter,marksmanship,12,1,11
10115,Xalmoinmybow,illidan,96,hunter,marksmanship,12,1,11
10116,Cerébro,illidan,96,hunter,marksmanship,12,1,11
10117,Bophadeaz,sargeras,96,hunter,marksmanship,12,1,11
10118,Elanor,feathermoon,96,hunter,marksmanship,18,1,17
10119,Strixis,blood-furnace,95,hunter,marksmanship,6,1,5
10120,Setbackhunt,illidan,79,hunter,marksmanship,5,1,4
10121,Raymose,tichondrius,64,hunter,marksmanship,4,1,3
10122,Huntsmate,tichondrius,64,hunter,marksmanship,4,1,3
10123,Nyloc,dalvengyr,64,hunter,marksmanship,4,1,3
10124,Maveraxx,executus,48,hunter,marksmanship,3,1,2
10125,Ahncheolsoo,tichondrius,42,hunter,marksmanship,11,2,9
10126,Dapoosyx,tichondrius,31,hunter,marksmanship,2,1,1
10127,Downworlder,darkspear,31,hunter,marksmanship,2,1,1
10128,Suntail,dalaran,2208,hunter,survival,111,58,53
10129,Saiiph,bleeding-hollow,2169,hunter,survival,144,74,70
10130,Cëb,stormrage,2157,hunter,survival,168,84,84
10131,Disciple,darkspear,2152,hunter,survival,74,43,31
10132,Cadencex,stormrage,2131,hunter,survival,135,69,66
10133,Hotmuscleman,tichondrius,2127,hunter,survival,74,45,29
10134,Malukaca,azralon,2121,hunter,survival,137,69,68
10135,Capncams,emerald-dream,2120,hunter,survival,130,68,62
10136,Buffmm,kelthuzad,2095,hunter,survival,72,40,32
10137,Dijhoni,moon-guard,2077,hunter,survival,96,55,41
10138,Aimbotmir,zuljin,2065,hunter,survival,74,35,39
10139,Pridefulz,stormrage,2062,hunter,survival,170,85,85
10140,Noimnotokay,tichondrius,2051,hunter,survival,107,56,51
10141,Legoelass,emerald-dream,2045,hunter,survival,137,78,59
10142,Kansolly,tichondrius,2040,hunter,survival,105,54,51
10143,Djtraphouse,stormrage,2013,hunter,survival,132,67,65
10144,Hamslapper,shattered-hand,2004,hunter,survival,129,64,65
10145,Ungrella,malganis,2001,hunter,survival,81,44,37
10146,Maxiam,frostmourne,1989,hunter,survival,71,37,34
10147,Nearly,wyrmrest-accord,1987,hunter,survival,79,40,39
10148,Koupon,tichondrius,1987,hunter,survival,95,48,47
10149,Veyronnx,stormrage,1982,hunter,survival,96,56,40
10150,Foxyhood,ragnaros,1980,hunter,survival,120,66,54
10151,Bicmex,sargeras,1970,hunter,survival,42,29,13
10152,Pokìmane,tichondrius,1961,hunter,survival,98,62,36
10153,Galavant,frostmourne,1960,hunter,survival,98,52,46
10154,Lèkïnhø,azralon,1953,hunter,survival,72,36,36
10155,Effyh,emerald-dream,1942,hunter,survival,134,72,62
10156,Coggenda,sargeras,1932,hunter,survival,102,63,39
10157,Runecrossbow,barthilas,1930,hunter,survival,102,52,50
10158,Finito,bladefist,1926,hunter,survival,127,66,61
10159,Gloomy,dark-iron,1925,hunter,survival,36,29,7
10160,Aurelx,tichondrius,1920,hunter,survival,42,30,12
10161,Dwx,bleeding-hollow,1911,hunter,survival,66,35,31
10162,Sikhunt,frostmourne,1908,hunter,survival,54,33,21
10163,Leonilc,tichondrius,1907,hunter,survival,78,36,42
10164,Drasen,deathwing,1874,hunter,survival,54,30,24
10165,Bergy,thrall,1873,hunter,survival,54,30,24
10166,Jalinhabbei,azralon,1862,hunter,survival,53,28,25
10167,Hwslol,tichondrius,1861,hunter,survival,130,68,62
10168,Ferex,tichondrius,1858,hunter,survival,45,31,14
10169,Covlol,illidan,1857,hunter,survival,42,21,21
10170,Destrumz,zuljin,1855,hunter,survival,66,31,35
10171,Briggsx,sargeras,1854,hunter,survival,42,24,18
10172,Kelarcia,moon-guard,1846,hunter,survival,65,29,36
10173,Pylorih,area-52,1842,hunter,survival,51,35,16
10174,Sartel,tichondrius,1837,hunter,survival,178,92,86
10175,Ssds,sargeras,1834,hunter,survival,42,26,16
10176,Endsnear,stormrage,1830,hunter,survival,66,31,35
10177,Gvoo,tichondrius,1829,hunter,survival,30,24,6
10178,Exhausted,blackrock,1828,hunter,survival,72,29,43
10179,Fizzleegear,area-52,1827,hunter,survival,153,74,79
10180,Mlemily,stormrage,1826,hunter,survival,47,31,16
10181,Otii,tichondrius,1826,hunter,survival,126,57,69
10182,Dyucol,tichondrius,1824,hunter,survival,89,51,38
10183,Queríde,emerald-dream,1822,hunter,survival,54,36,18
10184,Angrybow,ragnaros,1821,hunter,survival,36,25,11
10185,Thoromel,wyrmrest-accord,1820,hunter,survival,66,33,33
10186,Ynoit,sargeras,1818,hunter,survival,40,23,17
10187,Notnunca,tichondrius,1816,hunter,survival,54,31,23
10188,Kisuke,khaz-modan,1815,hunter,survival,54,34,20
10189,Trapula,tichondrius,1814,hunter,survival,84,46,38
10190,Kubu,emerald-dream,1810,hunter,survival,63,41,22
10191,Joón,moon-guard,1808,hunter,survival,43,26,17
10192,Jagaerz,emerald-dream,1808,hunter,survival,42,23,19
10193,Raef,azralon,1804,hunter,survival,60,32,28
10194,Wmsgs,tichondrius,1802,hunter,survival,58,29,29
10195,Kzmo,gnomeregan,1801,hunter,survival,24,19,5
10196,Ratonh,ragnaros,1801,hunter,survival,156,88,68
10197,Huntmon,nemesis,1800,hunter,survival,48,31,17
10198,Neonjz,ragnaros,1800,hunter,survival,60,28,32
10199,Jîñßæçhïñæ,sargeras,1800,hunter,survival,66,29,37
10200,Carnidon,area-52,1796,hunter,survival,193,97,96
10201,Snzzl,bleeding-hollow,1789,hunter,survival,42,25,17
10202,Gabiña,tichondrius,1780,hunter,survival,183,89,94
10203,Sobit,tichondrius,1776,hunter,survival,30,19,11
10204,Percival,firetree,1770,hunter,survival,36,19,17
10205,Nishinos,tichondrius,1766,hunter,survival,83,42,41
10206,Pathed,azralon,1761,hunter,survival,54,31,23
10207,Woriath,quelthalas,1761,hunter,survival,96,50,46
10208,Krømatik,tichondrius,1756,hunter,survival,30,20,10
10209,Vlf,tichondrius,1753,hunter,survival,60,30,30
10210,Queride,area-52,1753,hunter,survival,48,23,25
10211,Shootin,frostmourne,1749,hunter,survival,42,22,20
10212,Leaku,illidan,1744,hunter,survival,36,25,11
10213,Concur,frostmourne,1744,hunter,survival,60,30,30
10214,Róckzero,quelthalas,1739,hunter,survival,151,76,75
10215,Acres,emerald-dream,1737,hunter,survival,48,22,26
10216,Caiodluffy,malganis,1729,hunter,survival,60,30,30
10217,Hibyexo,illidan,1728,hunter,survival,36,22,14
10218,Peppancini,wyrmrest-accord,1725,hunter,survival,53,34,19
10219,Xyzv,tichondrius,1723,hunter,survival,30,18,12
10220,Pathofsexile,tichondrius,1714,hunter,survival,51,25,26
10221,Fictìon,kelthuzad,1712,hunter,survival,35,21,14
10222,Stevemonday,stormrage,1711,hunter,survival,96,53,43
10223,Knewbee,emerald-dream,1709,hunter,survival,51,29,22
10224,Blåker,bleeding-hollow,1709,hunter,survival,72,38,34
10225,Sylvanne,sargeras,1706,hunter,survival,30,18,12
10226,Názzul,area-52,1705,hunter,survival,30,18,12
10227,Partz,darkspear,1700,hunter,survival,50,33,17
10228,Samcro,rivendare,1700,hunter,survival,65,33,32
10229,Yip,moon-guard,1698,hunter,survival,39,20,19
10230,Kyujin,ragnaros,1697,hunter,survival,78,44,34
10231,Gnarwallz,stormrage,1691,hunter,survival,60,32,28
10232,Henhøuse,illidan,1691,hunter,survival,48,24,24
10233,Noxtis,kiljaeden,1689,hunter,survival,36,18,18
10234,Arrów,duskwood,1688,hunter,survival,36,18,18
10235,Bjornwald,thrall,1684,hunter,survival,220,114,106
10236,Anisphia,tichondrius,1683,hunter,survival,79,40,39
10237,Budgetben,stormrage,1682,hunter,survival,33,19,14
10238,Truckrsaurus,tichondrius,1681,hunter,survival,87,45,42
10239,Shablagoosh,zuljin,1672,hunter,survival,45,23,22
10240,Réxon,quelthalas,1672,hunter,survival,105,51,54
10241,Skàdii,tichondrius,1670,hunter,survival,79,41,38
10242,Arsk,ragnaros,1670,hunter,survival,45,19,26
10243,Ingridaniela,aegwynn,1668,hunter,survival,30,20,10
10244,Crypy,illidan,1664,hunter,survival,48,24,24
10245,Chimeralol,area-52,1660,hunter,survival,72,44,28
10246,Swordshot,moon-guard,1660,hunter,survival,72,37,35
10247,Fleche,aggramar,1658,hunter,survival,30,20,10
10248,Ganemdar,sargeras,1653,hunter,survival,57,22,35
10249,Ajacs,zuljin,1647,hunter,survival,35,24,11
10250,Undien,area-52,1647,hunter,survival,60,35,25
10251,Liekis,darkspear,1645,hunter,survival,54,24,30
10252,Ryukotsu,tichondrius,1641,hunter,survival,49,24,25
10253,Bendotexe,stormrage,1638,hunter,survival,36,21,15
10254,Killshøtß,tichondrius,1634,hunter,survival,84,43,41
10255,Nimeer,tichondrius,1632,hunter,survival,76,42,34
10256,Dju,stormrage,1628,hunter,survival,48,23,25
10257,Warhog,wyrmrest-accord,1626,hunter,survival,61,34,27
10258,Bigbillx,tichondrius,1623,hunter,survival,30,17,13
10259,Saltstream,tichondrius,1623,hunter,survival,36,17,19
10260,Viòlenc,tichondrius,1621,hunter,survival,41,24,17
10261,Skyland,tichondrius,1621,hunter,survival,54,29,25
10262,Mxabyycc,tichondrius,1619,hunter,survival,54,30,24
10263,Bbaronsamedi,darkspear,1615,hunter,survival,39,22,17
10264,Cuddlestomp,magtheridon,1614,hunter,survival,46,24,22
10265,Vhelkan,senjin,1613,hunter,survival,30,21,9
10266,Voidarrows,area-52,1612,hunter,survival,35,21,14
10267,Nandorius,proudmoore,1606,hunter,survival,60,29,31
10268,Vigon,stormrage,1605,hunter,survival,69,36,33
10269,Tøkÿöghøül,agamaggan,1603,hunter,survival,30,19,11
10270,Arazian,stormrage,1601,hunter,survival,29,19,10
10271,Töxic,dalaran,1601,hunter,survival,31,20,11
10272,Limpingspoon,kelthuzad,1600,hunter,survival,114,64,50
10273,Imapacifist,barthilas,1600,hunter,survival,69,37,32
10274,Noxickk,sargeras,1587,hunter,survival,30,19,11
10275,Exh,tichondrius,1586,hunter,survival,101,51,50
10276,Táká,quelthalas,1577,hunter,survival,36,22,14
10277,Xtina,drakkari,1577,hunter,survival,71,40,31
10278,Bigiesmalls,moon-guard,1572,hunter,survival,54,28,26
10279,Xebbec,sargeras,1571,hunter,survival,80,43,37
10280,Drifting,bleeding-hollow,1569,hunter,survival,60,34,26
10281,Lenacraft,frostmourne,1568,hunter,survival,36,18,18
10282,Køjo,emerald-dream,1564,hunter,survival,38,23,15
10283,Fabfilter,tichondrius,1564,hunter,survival,40,21,19
10284,Ripsurvival,area-52,1561,hunter,survival,28,18,10
10285,Mckennagrace,tichondrius,1558,hunter,survival,54,29,25
10286,Shooting,sargeras,1555,hunter,survival,64,35,29
10287,Interleukin,frostwolf,1554,hunter,survival,90,50,40
10288,Equilibrium,tol-barad,1554,hunter,survival,74,40,34
10289,Berenal,moon-guard,1554,hunter,survival,144,69,75
10290,Trap,vashj,1553,hunter,survival,30,19,11
10291,Kukulkan,haomarush,1553,hunter,survival,99,53,46
10292,Huntasaurus,saurfang,1553,hunter,survival,66,32,34
10293,Nicochan,senjin,1551,hunter,survival,66,28,38
10294,Legalt,tichondrius,1550,hunter,survival,42,24,18
10295,Asarden,jubeithos,1550,hunter,survival,42,23,19
10296,Viólenc,tichondrius,1548,hunter,survival,36,18,18
10297,Kurnos,hyjal,1547,hunter,survival,24,18,6
10298,Krouno,ragnaros,1543,hunter,survival,36,18,18
10299,Xenonviper,bleeding-hollow,1535,hunter,survival,60,29,31
10300,Garfieldbb,tichondrius,1531,hunter,survival,36,16,20
10301,Pfizershot,tichondrius,1526,hunter,survival,42,23,19
10302,Sativ,moknathal,1524,hunter,survival,54,27,27
10303,Fâmôûs,tichondrius,1522,hunter,survival,30,17,13
10304,Pivott,wyrmrest-accord,1521,hunter,survival,136,71,65
10305,Dorkins,azralon,1521,hunter,survival,75,35,40
10306,Meowtard,kaelthas,1520,hunter,survival,66,31,35
10307,Ronnïn,proudmoore,1517,hunter,survival,42,21,21
10308,Hildebald,moon-guard,1514,hunter,survival,42,25,17
10309,Lyler,tichondrius,1514,hunter,survival,40,23,17
10310,Ceejaee,tichondrius,1511,hunter,survival,66,31,35
10311,Hunterdemond,ragnaros,1509,hunter,survival,65,35,30
10312,Fkurrules,frostmourne,1505,hunter,survival,75,39,36
10313,Jubulba,frostwolf,1502,hunter,survival,24,16,8
10314,Helïos,drakkari,1495,hunter,survival,30,16,14
10315,Tharoks,tichondrius,1494,hunter,survival,42,21,21
10316,Uhm,laughing-skull,1490,hunter,survival,52,28,24
10317,Vinnieone,kiljaeden,1487,hunter,survival,24,16,8
10318,Rúdrá,area-52,1487,hunter,survival,81,43,38
10319,Rooman,ragnaros,1477,hunter,survival,48,24,24
10320,Altarare,ragnaros,1475,hunter,survival,221,106,115
10321,Nussyo,tichondrius,1474,hunter,survival,30,17,13
10322,Eliandriss,quelthalas,1468,hunter,survival,70,33,37
10323,Gadorim,kelthuzad,1465,hunter,survival,115,54,61
10324,Met,dentarg,1462,hunter,survival,30,16,14
10325,Hrywnn,azralon,1461,hunter,survival,165,86,79
10326,Alby,deathwing,1459,hunter,survival,67,33,34
10327,Tuohnosaj,sargeras,1454,hunter,survival,72,33,39
10328,Dversive,nagrand,1452,hunter,survival,33,18,15
10329,Kimbaa,tichondrius,1449,hunter,survival,37,16,21
10330,Dephobius,azralon,1447,hunter,survival,42,19,23
10331,Shtealo,ragnaros,1443,hunter,survival,60,31,29
10332,Gildthorn,frostmourne,1441,hunter,survival,36,20,16
10333,Seanpennis,barthilas,1437,hunter,survival,24,15,9
10334,Darkèlfo,azralon,1437,hunter,survival,54,32,22
10335,Dirtysoap,sargeras,1437,hunter,survival,36,15,21
10336,Krimzus,hyjal,1436,hunter,survival,42,21,21
10337,Jarhar,nesingwary,1432,hunter,survival,96,44,52
10338,Kensho,illidan,1432,hunter,survival,36,15,21
10339,Sensator,barthilas,1430,hunter,survival,24,15,9
10340,Scytsbow,illidan,1430,hunter,survival,24,15,9
10341,Titanaxis,tichondrius,1428,hunter,survival,101,46,55
10342,Volkr,bleeding-hollow,1427,hunter,survival,90,44,46
10343,Moartraps,zuljin,1425,hunter,survival,24,15,9
10344,Evilfury,tichondrius,1425,hunter,survival,134,65,69
10345,Kula,haomarush,1424,hunter,survival,52,24,28
10346,Dooper,malfurion,1424,hunter,survival,57,22,35
10347,Shadeckz,stormrage,1423,hunter,survival,74,32,42
10348,Pdg,ragnaros,1422,hunter,survival,54,31,23
10349,Axezul,tichondrius,1422,hunter,survival,30,15,15
10350,Grizzlydeath,stormrage,1421,hunter,survival,48,30,18
10351,Soulwarden,haomarush,1417,hunter,survival,36,17,19
10352,Exxonerous,sargeras,1414,hunter,survival,72,37,35
10353,Mayamia,ragnaros,1413,hunter,survival,54,24,30
10354,Ivansotes,quelthalas,1409,hunter,survival,39,18,21
10355,Weedhoof,barthilas,1406,hunter,survival,54,30,24
10356,Dudemanyeah,black-dragonflight,1406,hunter,survival,100,47,53
10357,Snowynightt,proudmoore,1406,hunter,survival,84,31,53
10358,Schurk,illidan,1405,hunter,survival,72,33,39
10359,Triplethreat,bleeding-hollow,1403,hunter,survival,42,18,24
10360,Dazarrow,burning-blade,1398,hunter,survival,35,15,20
10361,Apokryph,stormrage,1394,hunter,survival,48,35,13
10362,Zänich,tichondrius,1387,hunter,survival,36,18,18
10363,Fallacies,moon-guard,1387,hunter,survival,72,35,37
10364,Toross,stormscale,1379,hunter,survival,73,29,44
10365,Zorht,ragnaros,1378,hunter,survival,146,76,70
10366,Rirand,dalaran,1376,hunter,survival,53,26,27
10367,Luckboy,tichondrius,1371,hunter,survival,108,54,54
10368,Killconfirm,sargeras,1369,hunter,survival,59,24,35
10369,Fìebs,queldorei,1368,hunter,survival,53,25,28
10370,Navagee,tichondrius,1364,hunter,survival,47,25,22
10371,Thalrae,quelthalas,1363,hunter,survival,30,16,14
10372,Rayuwa,azralon,1358,hunter,survival,46,21,25
10373,Wetpeach,frostmourne,1352,hunter,survival,46,23,23
10374,Gunka,illidan,1349,hunter,survival,35,17,18
10375,Lfg,bleeding-hollow,1345,hunter,survival,23,15,8
10376,Lamerpvp,tichondrius,1343,hunter,survival,18,14,4
10377,Ikiteforfood,zuljin,1343,hunter,survival,24,14,10
10378,Cocobread,stormreaver,1343,hunter,survival,96,41,55
10379,Tumerok,barthilas,1342,hunter,survival,24,14,10
10380,Soyos,sargeras,1342,hunter,survival,41,16,25
10381,Ryonel,moon-guard,1341,hunter,survival,161,79,82
10382,Wingclippin,stormrage,1338,hunter,survival,24,16,8
10383,Jollycraze,spirestone,1337,hunter,survival,18,14,4
10384,Sniffler,barthilas,1337,hunter,survival,36,14,22
10385,Blackdevil,magtheridon,1333,hunter,survival,30,14,16
10386,Pedropete,barthilas,1331,hunter,survival,36,14,22
10387,Audiofly,tichondrius,1329,hunter,survival,42,22,20
10388,Bigsexi,kiljaeden,1329,hunter,survival,62,27,35
10389,Viró,sargeras,1325,hunter,survival,27,15,12
10390,Taiberianrex,khazgoroth,1317,hunter,survival,48,28,20
10391,Buggyhuntz,stormrage,1317,hunter,survival,42,16,26
10392,Core,gorefiend,1315,hunter,survival,30,14,16
10393,Chiad,kargath,1313,hunter,survival,36,22,14
10394,Henesis,sargeras,1312,hunter,survival,42,18,24
10395,Dirtysoap,tichondrius,1310,hunter,survival,28,14,14
10396,Gichiwalrus,emerald-dream,1306,hunter,survival,54,29,25
10397,Draban,stormrage,1305,hunter,survival,30,14,16
10398,Duckpow,frostmourne,1305,hunter,survival,54,23,31
10399,Kyoü,drakkari,1303,hunter,survival,24,16,8
10400,Darkarrow,hyjal,1302,hunter,survival,31,16,15
10401,Dreebizz,gorefiend,1294,hunter,survival,62,25,37
10402,Félíx,ragnaros,1292,hunter,survival,36,15,21
10403,Hovahdo,proudmoore,1287,hunter,survival,29,14,15
10404,Hawkethorn,moon-guard,1286,hunter,survival,72,28,44
10405,Rogaldornn,thrall,1280,hunter,survival,47,23,24
10406,Lashga,wyrmrest-accord,1279,hunter,survival,45,17,28
10407,Orgpopeyes,illidan,1275,hunter,survival,37,15,22
10408,Civvo,dalaran,1272,hunter,survival,33,15,18
10409,Vongard,wyrmrest-accord,1272,hunter,survival,40,18,22
10410,Firesail,kelthuzad,1268,hunter,survival,42,20,22
10411,Gxswow,tichondrius,1268,hunter,survival,66,30,36
10412,Ghuntcassh,quelthalas,1262,hunter,survival,30,18,12
10413,Budika,ragnaros,1247,hunter,survival,18,13,5
10414,Fancyox,frostmourne,1247,hunter,survival,18,13,5
10415,Hawkem,illidan,1246,hunter,survival,24,13,11
10416,Svhunt,frostmourne,1243,hunter,survival,26,13,13
10417,Ariädne,sargeras,1239,hunter,survival,72,27,45
10418,Kenjipoo,tichondrius,1238,hunter,survival,24,13,11
10419,Offensive,dragonmaw,1222,hunter,survival,31,14,17
10420,Rojpube,frostmourne,1215,hunter,survival,29,13,16
10421,Arkeryn,azralon,1203,hunter,survival,18,13,5
10422,Mypeach,frostmourne,1200,hunter,survival,30,13,17
10423,Rykbad,area-52,1195,hunter,survival,24,13,11
10424,Wartoz,dragonblight,1190,hunter,survival,59,40,19
10425,Rairin,tichondrius,1190,hunter,survival,47,20,27
10426,Vhan,azralon,1187,hunter,survival,42,21,21
10427,Bangerzx,stormrage,1185,hunter,survival,24,13,11
10428,Nigthunt,quelthalas,1176,hunter,survival,27,13,14
10429,Gruì,malganis,1168,hunter,survival,26,13,13
10430,Gigabigly,wyrmrest-accord,1152,hunter,survival,18,12,6
10431,Moroally,sargeras,1152,hunter,survival,24,12,12
10432,Åpe,illidan,1150,hunter,survival,18,12,6
10433,Laralodge,stormrage,1150,hunter,survival,72,29,43
10434,Barnbougle,sargeras,1149,hunter,survival,18,12,6
10435,Crimsoncoast,tichondrius,1149,hunter,survival,18,12,6
10436,Bolognã,tichondrius,1149,hunter,survival,24,12,12
10437,Giraffetrap,zuljin,1147,hunter,survival,18,12,6
10438,Freebeë,area-52,1147,hunter,survival,24,12,12
10439,Rhyzen,drenden,1146,hunter,survival,18,12,6
10440,Kekkww,hyjal,1146,hunter,survival,24,12,12
10441,Sukr,korgath,1143,hunter,survival,27,13,14
10442,Arcos,emerald-dream,1138,hunter,survival,18,12,6
10443,Vansatih,azralon,1138,hunter,survival,64,38,26
10444,Xitara,stormrage,1137,hunter,survival,24,12,12
10445,Chopsley,feathermoon,1136,hunter,survival,71,30,41
10446,Huntardadoo,nemesis,1135,hunter,survival,23,12,11
10447,Eastera,tichondrius,1119,hunter,survival,68,30,38
10448,Poston,ragnaros,1116,hunter,survival,29,12,17
10449,Allahakbar,ragnaros,1110,hunter,survival,24,12,12
10450,Nanotorque,moon-guard,1104,hunter,survival,55,23,32
10451,Lesseneth,aegwynn,1072,hunter,survival,42,17,25
10452,Scythedom,tichondrius,1056,hunter,survival,18,11,7
10453,Plsbepatient,wyrmrest-accord,1054,hunter,survival,18,11,7
10454,Expskippy,darkspear,1054,hunter,survival,30,18,12
10455,Jaw,hakkar,1053,hunter,survival,18,11,7
10456,Reignwolf,nemesis,1053,hunter,survival,18,11,7
10457,Bowzørx,tichondrius,1053,hunter,survival,24,11,13
10458,Kukulkán,muradin,1048,hunter,survival,24,11,13
10459,Zhafiro,drakkari,1037,hunter,survival,24,14,10
10460,Panm,runetotem,1034,hunter,survival,27,12,15
10461,Gairkill,area-52,1026,hunter,survival,89,48,41
10462,Aniraza,ragnaros,999,hunter,survival,21,11,10
10463,Lucarcher,stormrage,988,hunter,survival,17,11,6
10464,Kaïmsael,kelthuzad,985,hunter,survival,30,18,12
10465,Thrandrial,smolderthorn,985,hunter,survival,20,11,9
10466,Hellrayserr,azralon,970,hunter,survival,24,11,13
10467,Vanthel,ragnaros,966,hunter,survival,27,12,15
10468,Boogiemas,akama,960,hunter,survival,12,10,2
10469,Virindi,barthilas,960,hunter,survival,12,10,2
10470,Ickstab,illidan,960,hunter,survival,12,10,2
10471,Corpo,area-52,960,hunter,survival,24,10,14
10472,Covlolzz,illidan,960,hunter,survival,24,10,14
10473,Zipzyo,tichondrius,960,hunter,survival,24,10,14
10474,Snipin,ragnaros,960,hunter,survival,30,10,20
10475,Kêdokî,sargeras,959,hunter,survival,12,10,2
10476,Piñg,tichondrius,959,hunter,survival,18,10,8
10477,Anêmos,ragnaros,959,hunter,survival,18,10,8
10478,Plainrain,tichondrius,959,hunter,survival,18,10,8
10479,Tyleraq,area-52,959,hunter,survival,18,10,8
10480,Ifoxs,bleeding-hollow,959,hunter,survival,18,10,8
10481,Venoc,bleeding-hollow,959,hunter,survival,24,10,14
10482,Haemøphilus,area-52,958,hunter,survival,18,10,8
10483,Fangtreason,sargeras,958,hunter,survival,18,10,8
10484,Downer,antonidas,958,hunter,survival,24,10,14
10485,Randël,nemesis,957,hunter,survival,18,10,8
10486,Daréz,blackrock,956,hunter,survival,16,11,5
10487,Mmx,whisperwind,956,hunter,survival,18,10,8
10488,Shytshot,dalaran,954,hunter,survival,24,10,14
10489,Syvarris,medivh,943,hunter,survival,17,10,7
10490,Demtings,dark-iron,925,hunter,survival,32,11,21
10491,Lavo,borean-tundra,923,hunter,survival,25,10,15
10492,Tempistworg,greymane,919,hunter,survival,28,12,16
10493,Survïvalïst,bleeding-hollow,911,hunter,survival,17,10,7
10494,Liñcoln,sargeras,895,hunter,survival,16,10,6
10495,Khaoskills,thunderlord,884,hunter,survival,24,11,13
10496,Puffcopeak,illidan,864,hunter,survival,12,9,3
10497,Tigglyjits,tichondrius,864,hunter,survival,12,9,3
10498,Jaywaz,tichondrius,864,hunter,survival,12,9,3
10499,Weedzy,tichondrius,864,hunter,survival,12,9,3
10500,Hunterguyy,tichondrius,864,hunter,survival,12,9,3
10501,Desari,thunderhorn,864,hunter,survival,18,9,9
10502,Broskina,stormrage,864,hunter,survival,18,9,9
10503,Drunknachos,bleeding-hollow,864,hunter,survival,18,9,9
10504,Scottmeyers,proudmoore,864,hunter,survival,24,9,15
10505,Sarvaxagar,tichondrius,863,hunter,survival,18,9,9
10506,Grandpopjim,illidan,863,hunter,survival,18,9,9
10507,Landscape,kiljaeden,863,hunter,survival,24,9,15
10508,Vulkru,azralon,862,hunter,survival,18,9,9
10509,Inheart,khazgoroth,862,hunter,survival,18,9,9
10510,Htniss,tichondrius,862,hunter,survival,18,9,9
10511,Packlead,sargeras,861,hunter,survival,18,9,9
10512,Zotahunterx,ragnaros,859,hunter,survival,24,9,15
10513,Obsididan,aerie-peak,855,hunter,survival,24,9,15
10514,Prettysure,nesingwary,851,hunter,survival,25,12,13
10515,Shukucingjr,illidan,842,hunter,survival,18,9,9
10516,Blaymorrd,senjin,839,hunter,survival,18,9,9
10517,Trapgodxo,moon-guard,816,hunter,survival,15,10,5
10518,Kimchishotxo,tichondrius,815,hunter,survival,17,9,8
10519,Tyjes,stormrage,768,hunter,survival,12,8,4
10520,Toozz,frostmourne,768,hunter,survival,12,8,4
10521,Hazzeth,thrall,768,hunter,survival,12,8,4
10522,Viiu,sargeras,768,hunter,survival,12,8,4
10523,Árröw,arygos,768,hunter,survival,12,8,4
10524,Iizerd,illidan,768,hunter,survival,12,8,4
10525,Fineye,illidan,768,hunter,survival,14,8,6
10526,Diddycombe,stormrage,768,hunter,survival,18,8,10
10527,Kimssis,tichondrius,768,hunter,survival,18,8,10
10528,Buttercocoa,kelthuzad,768,hunter,survival,18,8,10
10529,Maxlol,stormrage,768,hunter,survival,18,8,10
10530,Eref,sargeras,768,hunter,survival,24,8,16
10531,Bicflop,azralon,767,hunter,survival,12,8,4
10532,Korasaya,area-52,767,hunter,survival,18,8,10
10533,Raiku,aggramar,767,hunter,survival,18,8,10
10534,Wakkå,mugthol,767,hunter,survival,21,9,12
10535,Mmchode,zuljin,767,hunter,survival,24,8,16
10536,Chokemescara,stormrage,767,hunter,survival,30,8,22
10537,Greyh,madoran,766,hunter,survival,12,8,4
10538,Hunfor,anubarak,766,hunter,survival,18,8,10
10539,Chicall,kalecgos,765,hunter,survival,18,8,10
10540,Lohse,emerald-dream,765,hunter,survival,18,8,10
10541,Loochlin,sargeras,765,hunter,survival,21,8,13
10542,Akigga,arthas,764,hunter,survival,12,8,4
10543,Sterge,maiev,764,hunter,survival,18,8,10
10544,Eithelleta,frostmourne,764,hunter,survival,18,8,10
10545,Haumer,wyrmrest-accord,763,hunter,survival,12,8,4
10546,Thoriden,amanthul,762,hunter,survival,36,8,28
10547,Iraxium,illidan,735,hunter,survival,14,9,5
10548,Dirtypolee,bleeding-hollow,719,hunter,survival,17,8,9
10549,Thrakgor,wyrmrest-accord,713,hunter,survival,23,10,13
10550,Ropivacaine,illidan,672,hunter,survival,12,7,5
10551,Mattyhuntz,tichondrius,672,hunter,survival,12,7,5
10552,Magvez,tichondrius,672,hunter,survival,12,7,5
10553,Arcobaleno,tichondrius,672,hunter,survival,12,7,5
10554,Seratoninx,malganis,672,hunter,survival,12,7,5
10555,Pfheign,area-52,672,hunter,survival,12,7,5
10556,Shinhyez,tichondrius,672,hunter,survival,12,7,5
10557,Joree,medivh,672,hunter,survival,12,7,5
10558,Jamesön,sargeras,672,hunter,survival,12,7,5
10559,Rickybobby,warsong,672,hunter,survival,12,7,5
10560,Oronir,frostmourne,672,hunter,survival,12,7,5
10561,Fannypacks,dragonmaw,672,hunter,survival,12,7,5
10562,Lovevv,frostmourne,672,hunter,survival,12,7,5
10563,Twodoobies,ghostlands,672,hunter,survival,12,7,5
10564,Vânillaice,stormrage,672,hunter,survival,12,7,5
10565,Egurl,firetree,672,hunter,survival,12,7,5
10566,Ozzsimp,stormrage,672,hunter,survival,12,7,5
10567,Awârz,drakkari,672,hunter,survival,12,7,5
10568,Arraza,ragnaros,672,hunter,survival,12,7,5
10569,Onécare,bleeding-hollow,672,hunter,survival,12,7,5
10570,Meowimadog,spinebreaker,672,hunter,survival,18,7,11
10571,Snoopinator,malganis,672,hunter,survival,18,7,11
10572,Porrainga,auchindoun,672,hunter,survival,18,7,11
10573,Trumpmerica,illidan,672,hunter,survival,18,7,11
10574,Bombbot,zuljin,672,hunter,survival,18,7,11
10575,Ajira,stormrage,671,hunter,survival,12,7,5
10576,Genocell,thunderlord,671,hunter,survival,12,7,5
10577,Sarqis,lightbringer,671,hunter,survival,12,7,5
10578,Ziaxel,bleeding-hollow,671,hunter,survival,12,7,5
10579,Turquesaa,wyrmrest-accord,670,hunter,survival,12,7,5
10580,Nowê,azralon,670,hunter,survival,18,7,11
10581,Catboikilla,ravencrest,639,hunter,survival,17,7,10
10582,Rotthem,ragnaros,638,hunter,survival,20,8,12
10583,Trappin,malganis,623,hunter,survival,11,7,4
10584,Éshen,illidan,623,hunter,survival,11,7,4
10585,Lartrius,bleeding-hollow,621,hunter,survival,15,8,7
10586,Arrebol,tichondrius,608,hunter,survival,16,7,9
10587,Odynshowl,stormrage,605,hunter,survival,11,7,4
10588,Ðevil,ragnaros,576,hunter,survival,6,6,0
10589,Ÿöskë,tichondrius,576,hunter,survival,6,6,0
10590,Ivanjackenov,illidan,576,hunter,survival,10,7,3
10591,Brewster,burning-legion,576,hunter,survival,12,6,6
10592,Wezkerh,ragnaros,576,hunter,survival,12,6,6
10593,Drupert,tichondrius,576,hunter,survival,12,6,6
10594,Turkshot,area-52,576,hunter,survival,12,6,6
10595,Traponomics,stormrage,576,hunter,survival,12,6,6
10596,Frêäkk,ragnaros,576,hunter,survival,12,6,6
10597,Woeisyou,stormrage,576,hunter,survival,12,6,6
10598,Jésús,dalaran,576,hunter,survival,12,6,6
10599,Kelx,azralon,576,hunter,survival,12,6,6
10600,Pilesofpoop,sargeras,576,hunter,survival,12,6,6
10601,Tazsic,mannoroth,576,hunter,survival,12,6,6
10602,Zerark,kelthuzad,576,hunter,survival,13,6,7
10603,Kimchimaster,tichondrius,576,hunter,survival,18,6,12
10604,Emart,bloodhoof,576,hunter,survival,18,6,12
10605,Xfo,bleeding-hollow,575,hunter,survival,12,6,6
10606,Týrak,illidan,575,hunter,survival,12,6,6
10607,Animityx,illidan,575,hunter,survival,12,6,6
10608,Xeiana,proudmoore,575,hunter,survival,12,6,6
10609,Vortann,proudmoore,575,hunter,survival,18,6,12
10610,Bushytails,illidan,573,hunter,survival,18,6,12
10611,Opsi,ragnaros,559,hunter,survival,11,6,5
10612,Tyrokk,barthilas,543,hunter,survival,18,6,12
10613,Dräkö,tichondrius,527,hunter,survival,15,7,8
10614,Hediilyan,azralon,522,hunter,survival,16,7,9
10615,Pxry,drenden,511,hunter,survival,11,6,5
10616,Jäger,zuljin,480,hunter,survival,6,5,1
10617,Lawyerpbj,tichondrius,480,hunter,survival,6,5,1
10618,Narukín,tichondrius,480,hunter,survival,6,5,1
10619,Selenis,khadgar,480,hunter,survival,6,5,1
10620,Tmzsteezy,tichondrius,480,hunter,survival,6,5,1
10621,Gufanyaun,tichondrius,480,hunter,survival,6,5,1
10622,Keenai,moon-guard,480,hunter,survival,6,5,1
10623,Jonah,sargeras,480,hunter,survival,6,5,1
10624,Kanta,bleeding-hollow,480,hunter,survival,6,5,1
10625,Neverturtlex,tichondrius,480,hunter,survival,6,5,1
10626,Casadega,sargeras,480,hunter,survival,10,6,4
10627,Lorethor,kaelthas,480,hunter,survival,12,5,7
10628,Shakeasaurus,sargeras,480,hunter,survival,12,5,7
10629,Alansho,tichondrius,480,hunter,survival,12,5,7
10630,Firskin,frostmourne,480,hunter,survival,12,5,7
10631,Downrange,stonemaul,480,hunter,survival,12,5,7
10632,Minxed,sargeras,480,hunter,survival,12,5,7
10633,Goromi,tichondrius,480,hunter,survival,12,5,7
10634,Mìtáng,moon-guard,480,hunter,survival,12,5,7
10635,Mambothehunt,stormrage,480,hunter,survival,12,5,7
10636,Shootnoscore,vashj,480,hunter,survival,15,6,9
10637,Cufless,proudmoore,480,hunter,survival,18,5,13
10638,Querosushi,ragnaros,479,hunter,survival,12,5,7
10639,Belvhar,skullcrusher,479,hunter,survival,12,5,7
10640,Sealteamrick,frostmourne,479,hunter,survival,12,5,7
10641,Emiri,dalaran,479,hunter,survival,18,5,13
10642,Crumpit,moon-guard,426,hunter,survival,22,6,16
10643,Cinnybunz,malganis,415,hunter,survival,16,6,10
10644,Rinehart,dalaran,415,hunter,survival,14,5,9
10645,Jawbreakër,tichondrius,400,hunter,survival,13,5,8
10646,Nastoid,area-52,384,hunter,survival,6,4,2
10647,Huntardxo,moon-guard,384,hunter,survival,6,4,2
10648,Chasseür,quelthalas,384,hunter,survival,6,4,2
10649,Bigpets,azralon,384,hunter,survival,6,4,2
10650,Lovoo,sargeras,384,hunter,survival,6,4,2
10651,Hunterlolxd,altar-of-storms,384,hunter,survival,6,4,2
10652,Thalyxion,moon-guard,384,hunter,survival,6,4,2
10653,Æßç,ragnaros,384,hunter,survival,6,4,2
10654,Lasagnadaddy,maiev,384,hunter,survival,6,4,2
10655,Petstun,moon-guard,384,hunter,survival,6,4,2
10656,Drachl,moon-guard,384,hunter,survival,6,4,2
10657,Zouzu,area-52,384,hunter,survival,6,4,2
10658,Equalizér,sargeras,384,hunter,survival,6,4,2
10659,Negligent,sargeras,384,hunter,survival,6,4,2
10660,Pokeahuntasz,frostmourne,384,hunter,survival,6,4,2
10661,Spinze,stormrage,384,hunter,survival,6,4,2
10662,Rankonee,area-52,384,hunter,survival,6,4,2
10663,Alfaan,moon-guard,384,hunter,survival,6,4,2
10664,Bendoon,sargeras,384,hunter,survival,6,4,2
10665,Litchi,illidan,384,hunter,survival,6,4,2
10666,Spitballa,emerald-dream,384,hunter,survival,6,4,2
10667,Swagprince,skullcrusher,384,hunter,survival,6,4,2
10668,Ehhee,twisting-nether,384,hunter,survival,6,4,2
10669,Yiyixx,tichondrius,384,hunter,survival,6,4,2
10670,Ðfac,moon-guard,384,hunter,survival,6,4,2
10671,Arrowmatic,frostmourne,384,hunter,survival,6,4,2
10672,Terapista,area-52,384,hunter,survival,6,4,2
10673,Mokuraak,emerald-dream,384,hunter,survival,6,4,2
10674,Ratherbully,tichondrius,384,hunter,survival,6,4,2
10675,Trapdaddyx,thrall,384,hunter,survival,6,4,2
10676,Ikitefordmt,zuljin,384,hunter,survival,6,4,2
10677,Thefanbus,tichondrius,384,hunter,survival,6,4,2
10678,Boomseed,nagrand,384,hunter,survival,6,4,2
10679,Mameikilled,saurfang,384,hunter,survival,6,4,2
10680,Glediator,tichondrius,384,hunter,survival,6,4,2
10681,Prêd,malganis,384,hunter,survival,6,4,2
10682,Ruskö,tichondrius,384,hunter,survival,7,4,3
10683,Hyena,kelthuzad,384,hunter,survival,9,5,4
10684,Leftty,illidan,384,hunter,survival,12,4,8
10685,Gunicks,illidan,384,hunter,survival,12,4,8
10686,Violénc,tichondrius,384,hunter,survival,12,4,8
10687,Skriill,tichondrius,384,hunter,survival,12,4,8
10688,Camfeed,illidan,384,hunter,survival,12,4,8
10689,Oatmeallover,stormrage,384,hunter,survival,12,4,8
10690,Stupidgodx,tichondrius,384,hunter,survival,12,4,8
10691,Gaezangsu,tichondrius,384,hunter,survival,12,4,8
10692,Ariran,illidan,384,hunter,survival,12,4,8
10693,Michaeljfox,area-52,384,hunter,survival,12,4,8
10694,Sharkzooka,illidan,384,hunter,survival,12,4,8
10695,Fâpple,stormrage,384,hunter,survival,12,4,8
10696,Eforas,ragnaros,384,hunter,survival,12,4,8
10697,Braindeadorc,illidan,384,hunter,survival,12,4,8
10698,Aaggros,sargeras,384,hunter,survival,12,4,8
10699,Banai,the-underbog,384,hunter,survival,12,4,8
10700,Wolfsok,norgannon,384,hunter,survival,12,4,8
10701,Éygon,sargeras,384,hunter,survival,12,4,8
10702,Wkx,tichondrius,384,hunter,survival,12,4,8
10703,Lahinch,darkspear,384,hunter,survival,12,4,8
10704,Alphaqt,dethecus,384,hunter,survival,12,4,8
10705,Keenz,frostmourne,384,hunter,survival,12,4,8
10706,Cakeislife,kelthuzad,384,hunter,survival,18,4,14
10707,Tydee,nagrand,383,hunter,survival,18,4,14
10708,Platonium,stormrage,351,hunter,survival,8,5,3
10709,Acidhunt,tichondrius,320,hunter,survival,16,4,12
10710,Adamariss,stormrage,319,hunter,survival,16,4,12
10711,Mistrj,frostmourne,288,hunter,survival,6,3,3
10712,Slowhunterr,tichondrius,288,hunter,survival,6,3,3
10713,Yøske,tichondrius,288,hunter,survival,6,3,3
10714,Trenbolone,frostmourne,288,hunter,survival,6,3,3
10715,Moistbooger,emerald-dream,288,hunter,survival,6,3,3
10716,Petkd,frostmourne,288,hunter,survival,6,3,3
10717,Whitemàne,dalaran,288,hunter,survival,6,3,3
10718,Chiline,frostmourne,288,hunter,survival,6,3,3
10719,Walterwhite,trollbane,288,hunter,survival,6,3,3
10720,Dirtymongrel,barthilas,288,hunter,survival,6,3,3
10721,Makeastinky,malfurion,288,hunter,survival,6,3,3
10722,Cantantie,tichondrius,288,hunter,survival,6,3,3
10723,Twom,area-52,288,hunter,survival,6,3,3
10724,Badseedz,kargath,288,hunter,survival,6,3,3
10725,Soukken,ragnaros,288,hunter,survival,6,3,3
10726,Pridefulzjr,stormrage,288,hunter,survival,6,3,3
10727,Trapmasterx,tichondrius,288,hunter,survival,6,3,3
10728,Hazzersk,ragnaros,288,hunter,survival,6,3,3
10729,Pistolon,quelthalas,288,hunter,survival,6,3,3
10730,Gaahl,aggramar,288,hunter,survival,6,3,3
10731,Spårrow,alleria,288,hunter,survival,6,3,3
10732,Zà,sargeras,288,hunter,survival,6,3,3
10733,Glockin,zuljin,288,hunter,survival,6,3,3
10734,Gorgrokk,area-52,288,hunter,survival,6,3,3
10735,Soul,sargeras,288,hunter,survival,6,3,3
10736,Embaçado,bleeding-hollow,288,hunter,survival,6,3,3
10737,Loogan,sargeras,288,hunter,survival,6,3,3
10738,Wooftoof,frostmourne,288,hunter,survival,6,3,3
10739,Thesniperx,sargeras,288,hunter,survival,6,3,3
10740,Ünitedi,nemesis,288,hunter,survival,6,3,3
10741,Furipoon,stormrage,288,hunter,survival,6,3,3
10742,Fälke,stormrage,288,hunter,survival,6,3,3
10743,Calidian,moon-guard,288,hunter,survival,6,3,3
10744,Rûff,azralon,288,hunter,survival,6,3,3
10745,Mythfive,stormrage,288,hunter,survival,6,3,3
10746,Lowlore,moon-guard,288,hunter,survival,6,3,3
10747,Fearna,destromath,288,hunter,survival,6,3,3
10748,Kharñe,tichondrius,288,hunter,survival,12,3,9
10749,Cndavyjones,akama,288,hunter,survival,12,3,9
10750,Lixniqua,tichondrius,288,hunter,survival,12,3,9
10751,Huntranger,malganis,288,hunter,survival,12,3,9
10752,Daxar,ragnaros,288,hunter,survival,12,3,9
10753,Gutshott,tichondrius,288,hunter,survival,12,3,9
10754,Kalibah,azralon,288,hunter,survival,12,3,9
10755,Calvarîam,korgath,288,hunter,survival,12,3,9
10756,Aiyanafox,moon-guard,288,hunter,survival,12,3,9
10757,Iol,blades-edge,288,hunter,survival,12,3,9
10758,Vizkha,azralon,287,hunter,survival,6,3,3
10759,Drunkbunny,tichondrius,271,hunter,survival,11,3,8
10760,Mokaonly,wildhammer,256,hunter,survival,8,4,4
10761,Crèpes,bleeding-hollow,239,hunter,survival,5,3,2
10762,Yogurtti,zuljin,239,hunter,survival,5,3,2
10763,Raeshots,area-52,233,hunter,survival,15,5,10
10764,Moscato,cenarion-circle,232,hunter,survival,14,4,10
10765,Rifomen,illidan,192,hunter,survival,9,3,6
10766,Sebastian,blackhand,192,hunter,survival,6,2,4
10767,Sunchea,arygos,192,hunter,survival,6,2,4
10768,Xoxono,frostmourne,192,hunter,survival,6,2,4
10769,Gunudown,haomarush,192,hunter,survival,6,2,4
10770,Lenyuecf,proudmoore,192,hunter,survival,6,2,4
10771,Blackjesu,blackrock,192,hunter,survival,6,2,4
10772,Mckim,tichondrius,192,hunter,survival,6,2,4
10773,Trígger,azshara,192,hunter,survival,6,2,4
10774,Nahzah,stormrage,192,hunter,survival,6,2,4
10775,Zellor,wyrmrest-accord,192,hunter,survival,6,2,4
10776,Bboo,bonechewer,192,hunter,survival,6,2,4
10777,Cosmodome,daggerspine,192,hunter,survival,6,2,4
10778,Zèd,azralon,192,hunter,survival,6,2,4
10779,Eclipsie,aerie-peak,192,hunter,survival,6,2,4
10780,Toruhagakure,tichondrius,192,hunter,survival,6,2,4
10781,Achilles,twisting-nether,192,hunter,survival,6,2,4
10782,Gaim,dalaran,192,hunter,survival,6,2,4
10783,Dobuu,tichondrius,192,hunter,survival,6,2,4
10784,Oattes,daggerspine,192,hunter,survival,6,2,4
10785,Cio,fizzcrank,192,hunter,survival,6,2,4
10786,Gomrog,gurubashi,192,hunter,survival,6,2,4
10787,Rainzs,stormrage,192,hunter,survival,6,2,4
10788,Kravern,ragnaros,192,hunter,survival,6,2,4
10789,Zackèse,area-52,192,hunter,survival,6,2,4
10790,Araghrn,draktharon,192,hunter,survival,6,2,4
10791,Vietnrg,doomhammer,192,hunter,survival,6,2,4
10792,Woobinman,tichondrius,192,hunter,survival,6,2,4
10793,Côckblocked,tichondrius,192,hunter,survival,6,2,4
10794,Mirdous,moon-guard,192,hunter,survival,6,2,4
10795,Zakorai,thrall,192,hunter,survival,6,2,4
10796,Dfnhdft,stormrage,192,hunter,survival,6,2,4
10797,Pedropete,frostmourne,192,hunter,survival,6,2,4
10798,Comebacks,ragnaros,192,hunter,survival,6,2,4
10799,Henroyer,quelthalas,192,hunter,survival,6,2,4
10800,Slipox,sargeras,192,hunter,survival,6,2,4
10801,Harposmash,trollbane,192,hunter,survival,6,2,4
10802,Shaftgravy,area-52,192,hunter,survival,6,2,4
10803,Stylebende,tichondrius,192,hunter,survival,6,2,4
10804,Gswag,malganis,192,hunter,survival,6,2,4
10805,Imraghorn,sargeras,192,hunter,survival,6,2,4
10806,Splewsh,area-52,192,hunter,survival,6,2,4
10807,Gobygobbs,magtheridon,192,hunter,survival,6,2,4
10808,Nelandris,tichondrius,192,hunter,survival,6,2,4
10809,Sharpster,zuljin,192,hunter,survival,6,2,4
10810,Rimbar,ysera,192,hunter,survival,6,2,4
10811,Clampula,sargeras,192,hunter,survival,6,2,4
10812,Kaldrool,frostmourne,192,hunter,survival,12,2,10
10813,Skrìms,tichondrius,192,hunter,survival,12,2,10
10814,Linova,stormrage,192,hunter,survival,12,2,10
10815,Zhona,moon-guard,192,hunter,survival,12,2,10
10816,Lawafla,area-52,138,hunter,survival,8,3,5
10817,Xradû,dawnbringer,138,hunter,survival,9,3,6
10818,Morganson,moon-guard,138,hunter,survival,22,4,18
10819,Bránn,quelthalas,128,hunter,survival,4,2,2
10820,Narakara,stormreaver,128,hunter,survival,5,2,3
10821,Fenrock,cenarius,96,hunter,survival,3,2,1
10822,Whitecake,area-52,96,hunter,survival,3,2,1
10823,Kölhberg,azralon,96,hunter,survival,6,1,5
10824,Jumpkick,azralon,96,hunter,survival,6,1,5
10825,Huntingjutsu,kelthuzad,96,hunter,survival,6,1,5
10826,Wildhùnt,tichondrius,96,hunter,survival,6,1,5
10827,Waylòn,moon-guard,96,hunter,survival,6,1,5
10828,Lammy,bleeding-hollow,96,hunter,survival,6,1,5
10829,Sobala,azralon,96,hunter,survival,6,1,5
10830,Dusle,azralon,96,hunter,survival,6,1,5
10831,Esser,mannoroth,96,hunter,survival,6,1,5
10832,Nucleosome,stormrage,96,hunter,survival,6,1,5
10833,Feorbxl,proudmoore,96,hunter,survival,6,1,5
10834,Jîlt,aerie-peak,96,hunter,survival,6,1,5
10835,Weegnomie,wyrmrest-accord,96,hunter,survival,6,1,5
10836,Nevertraps,tichondrius,96,hunter,survival,6,1,5
10837,Tejodite,thrall,96,hunter,survival,6,1,5
10838,Survbot,malganis,96,hunter,survival,6,1,5
10839,Fearlesarrow,suramar,96,hunter,survival,6,1,5
10840,Taofang,emerald-dream,96,hunter,survival,6,1,5
10841,Bloodarrow,tichondrius,96,hunter,survival,6,1,5
10842,Lance,darrowmere,96,hunter,survival,6,1,5
10843,Legosshi,darrowmere,96,hunter,survival,6,1,5
10844,Montakka,illidan,79,hunter,survival,5,1,4
10845,Luangg,tichondrius,31,hunter,survival,2,1,1
10846,Therealpafo,tichondrius,31,hunter,survival,8,1,7
10847,Saiiph,bleeding-hollow,2274,hunter,beastmastery,136,76,60
10848,Sphericsnow,shuhalo,2210,hunter,beastmastery,95,51,44
10849,Missedmytrap,agamaggan,2149,hunter,beastmastery,80,46,34
10850,Eref,sargeras,2116,hunter,beastmastery,78,42,36
10851,Wmsgs,tichondrius,2091,hunter,beastmastery,123,61,62
10852,Maiyev,quelthalas,2074,hunter,beastmastery,95,52,43
10853,Fish,darkspear,2070,hunter,beastmastery,90,45,45
10854,Hfn,stormrage,2058,hunter,beastmastery,70,37,33
10855,Warpath,ursin,2057,hunter,beastmastery,102,56,46
10856,Pãrzival,tichondrius,2042,hunter,beastmastery,60,30,30
10857,Manyu,tichondrius,2035,hunter,beastmastery,69,34,35
10858,Zujo,emerald-dream,2030,hunter,beastmastery,149,74,75
10859,Hazzersk,ragnaros,2023,hunter,beastmastery,155,75,80
10860,Axlee,tichondrius,2011,hunter,beastmastery,144,72,72
10861,Kensho,illidan,2007,hunter,beastmastery,118,62,56
10862,Cannondale,tichondrius,1993,hunter,beastmastery,36,21,15
10863,Beastmunster,frostmourne,1984,hunter,beastmastery,72,34,38
10864,Pokìmane,tichondrius,1980,hunter,beastmastery,74,44,30
10865,Antø,tichondrius,1978,hunter,beastmastery,117,56,61
10866,Outz,anvilmar,1952,hunter,beastmastery,222,111,111
10867,Arcobaleno,tichondrius,1952,hunter,beastmastery,89,44,45
10868,Nutellacrepe,kelthuzad,1949,hunter,beastmastery,152,80,72
10869,Øverdose,ragnaros,1935,hunter,beastmastery,54,28,26
10870,Arsk,ragnaros,1934,hunter,beastmastery,136,70,66
10871,Zugbrained,illidan,1925,hunter,beastmastery,142,78,64
10872,Blackathena,tichondrius,1922,hunter,beastmastery,126,65,61
10873,Wodhunterxdd,sargeras,1915,hunter,beastmastery,70,34,36
10874,Orber,stormrage,1914,hunter,beastmastery,254,131,123
10875,Headshotzplz,tichondrius,1912,hunter,beastmastery,62,34,28
10876,Ashenga,cairne,1910,hunter,beastmastery,114,64,50
10877,Nollzey,frostmourne,1903,hunter,beastmastery,39,21,18
10878,Nyxus,tichondrius,1887,hunter,beastmastery,125,63,62
10879,Lamerpvp,tichondrius,1885,hunter,beastmastery,50,31,19
10880,Edarkness,gurubashi,1884,hunter,beastmastery,103,51,52
10881,Perawantua,frostmourne,1878,hunter,beastmastery,61,35,26
10882,Ñotorious,frostmane,1878,hunter,beastmastery,42,24,18
10883,Mugiwara,frostwolf,1877,hunter,beastmastery,42,25,17
10884,Trapful,illidan,1872,hunter,beastmastery,54,30,24
10885,Argryta,azralon,1872,hunter,beastmastery,47,22,25
10886,Graar,tichondrius,1871,hunter,beastmastery,48,25,23
10887,Illweedx,kiljaeden,1870,hunter,beastmastery,71,36,35
10888,Lilstinstin,tichondrius,1867,hunter,beastmastery,42,23,19
10889,Hogx,sargeras,1862,hunter,beastmastery,72,32,40
10890,Lkw,tichondrius,1859,hunter,beastmastery,50,23,27
10891,Nelay,ragnaros,1857,hunter,beastmastery,106,59,47
10892,Zeddead,magtheridon,1854,hunter,beastmastery,130,67,63
10893,Koridelse,nemesis,1854,hunter,beastmastery,126,62,64
10894,Faniquitinha,stormrage,1854,hunter,beastmastery,54,25,29
10895,Trappxy,sargeras,1851,hunter,beastmastery,48,27,21
10896,Bolanite,illidan,1846,hunter,beastmastery,48,27,21
10897,Inktray,durotan,1844,hunter,beastmastery,37,22,15
10898,Ðeatheater,tichondrius,1843,hunter,beastmastery,41,21,20
10899,Ucl,tichondrius,1843,hunter,beastmastery,54,27,27
10900,Aqq,moon-guard,1842,hunter,beastmastery,98,58,40
10901,Monffbe,tichondrius,1842,hunter,beastmastery,60,28,32
10902,Taterballs,illidan,1838,hunter,beastmastery,54,29,25
10903,Auwstin,tichondrius,1837,hunter,beastmastery,55,31,24
10904,Traptations,sargeras,1836,hunter,beastmastery,42,23,19
10905,Bowrockobama,illidan,1836,hunter,beastmastery,69,37,32
10906,Mørodox,sargeras,1834,hunter,beastmastery,54,24,30
10907,Hollymarie,nazjatar,1832,hunter,beastmastery,48,31,17
10908,Absinther,emerald-dream,1829,hunter,beastmastery,66,41,25
10909,Nerfthepet,blackrock,1828,hunter,beastmastery,66,42,24
10910,Sobewan,staghelm,1828,hunter,beastmastery,80,37,43
10911,Negãn,tichondrius,1826,hunter,beastmastery,80,41,39
10912,Sosaho,sargeras,1825,hunter,beastmastery,41,21,20
10913,Phatshiet,anvilmar,1823,hunter,beastmastery,50,31,19
10914,Jeffersan,illidan,1823,hunter,beastmastery,149,72,77
10915,Tytonic,bleeding-hollow,1822,hunter,beastmastery,48,27,21
10916,Zefbaby,quelthalas,1822,hunter,beastmastery,66,31,35
10917,Tyreu,tichondrius,1820,hunter,beastmastery,59,30,29
10918,Zumago,tichondrius,1820,hunter,beastmastery,106,48,58
10919,Torolol,tichondrius,1819,hunter,beastmastery,126,73,53
10920,Bogen,nemesis,1819,hunter,beastmastery,64,34,30
10921,Grimrokk,malganis,1819,hunter,beastmastery,78,40,38
10922,Scuffedshots,tichondrius,1817,hunter,beastmastery,74,43,31
10923,Flitt,zuljin,1815,hunter,beastmastery,36,19,17
10924,Audeline,tichondrius,1815,hunter,beastmastery,69,33,36
10925,Goonsh,tichondrius,1813,hunter,beastmastery,40,25,15
10926,Songhammer,tichondrius,1813,hunter,beastmastery,77,44,33
10927,Asukaw,barthilas,1813,hunter,beastmastery,57,28,29
10928,Mythxplosive,ragnaros,1813,hunter,beastmastery,73,32,41
10929,Logjohn,frostmourne,1811,hunter,beastmastery,40,20,20
10930,Kybelís,dalaran,1810,hunter,beastmastery,110,61,49
10931,Hogd,sargeras,1810,hunter,beastmastery,54,26,28
10932,Easonl,tichondrius,1809,hunter,beastmastery,84,34,50
10933,Mckim,tichondrius,1805,hunter,beastmastery,36,22,14
10934,Swang,kiljaeden,1805,hunter,beastmastery,49,24,25
10935,Hunterphil,hyjal,1804,hunter,beastmastery,54,34,20
10936,Phayzd,sargeras,1804,hunter,beastmastery,48,28,20
10937,Sarutobi,black-dragonflight,1804,hunter,beastmastery,66,29,37
10938,Lenalena,tichondrius,1803,hunter,beastmastery,59,33,26
10939,Kabalaku,moon-guard,1802,hunter,beastmastery,130,72,58
10940,Warcher,azralon,1802,hunter,beastmastery,60,32,28
10941,Veevx,proudmoore,1801,hunter,beastmastery,53,35,18
10942,Hg,illidan,1800,hunter,beastmastery,38,25,13
10943,Shafttrapper,queldorei,1800,hunter,beastmastery,119,64,55
10944,Fernn,illidan,1799,hunter,beastmastery,88,45,43
10945,Funkyjunk,arthas,1799,hunter,beastmastery,66,32,34
10946,Robinhooz,illidan,1798,hunter,beastmastery,175,96,79
10947,Kytan,shadowmoon,1793,hunter,beastmastery,162,79,83
10948,Pathofsexile,tichondrius,1783,hunter,beastmastery,93,43,50
10949,Vëëv,proudmoore,1783,hunter,beastmastery,65,29,36
10950,Xgoh,sargeras,1782,hunter,beastmastery,42,22,20
10951,Liarael,illidan,1779,hunter,beastmastery,95,46,49
10952,Skywvlker,illidan,1777,hunter,beastmastery,53,26,27
10953,Kyló,sargeras,1774,hunter,beastmastery,54,26,28
10954,Zå,dalaran,1772,hunter,beastmastery,63,33,30
10955,Quietqt,ragnaros,1770,hunter,beastmastery,106,54,52
10956,Sxra,area-52,1762,hunter,beastmastery,46,23,23
10957,Sniperælite,korgath,1761,hunter,beastmastery,49,28,21
10958,Yucca,drenden,1760,hunter,beastmastery,36,20,16
10959,Spizsnipes,malganis,1756,hunter,beastmastery,48,24,24
10960,Drektorath,bleeding-hollow,1756,hunter,beastmastery,60,29,31
10961,Tracershot,malganis,1754,hunter,beastmastery,83,49,34
10962,Rëxx,moon-guard,1753,hunter,beastmastery,60,37,23
10963,Datbigbowdoe,illidan,1752,hunter,beastmastery,36,23,13
10964,Sbplayshunt,akama,1750,hunter,beastmastery,42,19,23
10965,Fockewulf,dragonmaw,1750,hunter,beastmastery,90,40,50
10966,Airpodpro,emerald-dream,1747,hunter,beastmastery,36,21,15
10967,Mhter,tichondrius,1745,hunter,beastmastery,41,21,20
10968,Kangarookyle,illidan,1741,hunter,beastmastery,84,50,34
10969,Madbéê,tichondrius,1741,hunter,beastmastery,41,19,22
10970,Mauklindaufe,fenris,1737,hunter,beastmastery,69,38,31
10971,Livelovelaff,tichondrius,1736,hunter,beastmastery,48,26,22
10972,Horcnbeans,bleeding-hollow,1736,hunter,beastmastery,78,42,36
10973,Shablagoosh,zuljin,1733,hunter,beastmastery,31,23,8
10974,Pineapplees,tichondrius,1733,hunter,beastmastery,54,29,25
10975,Dahmer,greymane,1732,hunter,beastmastery,62,29,33
10976,Melov,frostmourne,1730,hunter,beastmastery,64,30,34
10977,Comebacks,ragnaros,1726,hunter,beastmastery,54,29,25
10978,Krunkz,frostmourne,1724,hunter,beastmastery,53,33,20
10979,Turtlegirl,tichondrius,1724,hunter,beastmastery,41,20,21
10980,Reparcero,quelthalas,1723,hunter,beastmastery,42,20,22
10981,Bootydoo,illidan,1721,hunter,beastmastery,124,64,60
10982,Kushaddict,lightnings-blade,1718,hunter,beastmastery,108,49,59
10983,Twixzorz,boulderfist,1716,hunter,beastmastery,60,28,32
10984,Acres,emerald-dream,1714,hunter,beastmastery,27,19,8
10985,Tembaktytyd,barthilas,1714,hunter,beastmastery,43,22,21
10986,Edelyysa,arthas,1711,hunter,beastmastery,180,89,91
10987,Raymose,tichondrius,1709,hunter,beastmastery,40,20,20
10988,Lenacraft,frostmourne,1708,hunter,beastmastery,24,18,6
10989,Cuchulláin,area-52,1707,hunter,beastmastery,108,55,53
10990,Notvn,illidan,1707,hunter,beastmastery,41,20,21
10991,Shadowfangs,tichondrius,1703,hunter,beastmastery,48,24,24
10992,Hyjax,darkspear,1701,hunter,beastmastery,43,26,17
10993,Killshøtß,tichondrius,1701,hunter,beastmastery,65,30,35
10994,Facerolled,area-52,1699,hunter,beastmastery,63,40,23
10995,Jfkd,sargeras,1694,hunter,beastmastery,52,21,31
10996,Sindragostra,tichondrius,1693,hunter,beastmastery,120,62,58
10997,Dju,stormrage,1693,hunter,beastmastery,65,31,34
10998,Infinit,onyxia,1693,hunter,beastmastery,48,21,27
10999,Wodunaz,stormrage,1689,hunter,beastmastery,60,39,21
11000,Studiosx,tichondrius,1688,hunter,beastmastery,41,24,17
11001,Cresselia,drakkari,1686,hunter,beastmastery,53,29,24
11002,Biehuixin,tichondrius,1685,hunter,beastmastery,50,27,23
11003,Sniper,area-52,1683,hunter,beastmastery,94,45,49
11004,Lilskill,lightnings-blade,1682,hunter,beastmastery,30,18,12
11005,Lucki,blades-edge,1682,hunter,beastmastery,54,30,24
11006,Genom,tichondrius,1682,hunter,beastmastery,279,132,147
11007,Silverbite,garona,1678,hunter,beastmastery,92,51,41
11008,Coopshot,darkspear,1675,hunter,beastmastery,69,40,29
11009,Parnicyon,frostmourne,1675,hunter,beastmastery,124,69,55
11010,Saiiphz,bleeding-hollow,1675,hunter,beastmastery,40,22,18
11011,Tuân,azgalor,1674,hunter,beastmastery,36,23,13
11012,Alaurys,moon-guard,1674,hunter,beastmastery,35,18,17
11013,Koalahunter,area-52,1667,hunter,beastmastery,76,31,45
11014,Hokutoxx,tichondrius,1663,hunter,beastmastery,61,25,36
11015,Dpdóugh,illidan,1655,hunter,beastmastery,100,53,47
11016,Gufanyaun,tichondrius,1654,hunter,beastmastery,34,18,16
11017,Rndx,sargeras,1653,hunter,beastmastery,46,20,26
11018,Kwinoah,zuljin,1652,hunter,beastmastery,174,84,90
11019,Ipickmynose,tichondrius,1645,hunter,beastmastery,45,27,18
11020,Mlemily,stormrage,1643,hunter,beastmastery,63,36,27
11021,Cachín,ragnaros,1642,hunter,beastmastery,54,26,28
11022,Montakka,illidan,1638,hunter,beastmastery,48,26,22
11023,Publicpooper,tichondrius,1637,hunter,beastmastery,36,21,15
11024,Sissleto,tichondrius,1637,hunter,beastmastery,184,89,95
11025,Mcclintock,executus,1636,hunter,beastmastery,41,21,20
11026,Drakarth,khazgoroth,1635,hunter,beastmastery,47,22,25
11027,Apøllö,kilrogg,1635,hunter,beastmastery,208,96,112
11028,Kahll,azralon,1634,hunter,beastmastery,54,24,30
11029,Nobito,quelthalas,1632,hunter,beastmastery,97,52,45
11030,Kniightjayyx,kelthuzad,1631,hunter,beastmastery,42,19,23
11031,Asurvivor,suramar,1630,hunter,beastmastery,90,48,42
11032,Cocoapuffs,cenarius,1627,hunter,beastmastery,36,17,19
11033,Vox,tichondrius,1626,hunter,beastmastery,30,20,10
11034,Gumbro,malganis,1626,hunter,beastmastery,48,30,18
11035,Onemoreshot,bleeding-hollow,1626,hunter,beastmastery,84,44,40
11036,Layloww,thrall,1626,hunter,beastmastery,36,18,18
11037,Ryûkø,quelthalas,1626,hunter,beastmastery,48,23,25
11038,Energiser,stormrage,1625,hunter,beastmastery,52,26,26
11039,Whitecake,area-52,1623,hunter,beastmastery,40,25,15
11040,Svsnipe,tichondrius,1623,hunter,beastmastery,58,33,25
11041,Mojopotato,stormrage,1623,hunter,beastmastery,53,24,29
11042,Shootsb,tichondrius,1623,hunter,beastmastery,58,24,34
11043,Junglefever,skywall,1622,hunter,beastmastery,28,18,10
11044,Realskinhead,terenas,1622,hunter,beastmastery,54,29,25
11045,Eastwood,tichondrius,1621,hunter,beastmastery,86,37,49
11046,Consanguin,sargeras,1618,hunter,beastmastery,36,22,14
11047,Austelos,moon-guard,1617,hunter,beastmastery,42,22,20
11048,Sambucca,daggerspine,1617,hunter,beastmastery,42,21,21
11049,Andalora,malganis,1617,hunter,beastmastery,49,23,26
11050,Oblivîon,illidan,1616,hunter,beastmastery,59,38,21
11051,Terpa,nemesis,1616,hunter,beastmastery,161,83,78
11052,Telånnas,illidan,1616,hunter,beastmastery,42,21,21
11053,Skytrooper,boulderfist,1616,hunter,beastmastery,59,26,33
11054,Wøden,draka,1614,hunter,beastmastery,72,38,34
11055,Xionos,wyrmrest-accord,1612,hunter,beastmastery,54,28,26
11056,Huntinpuss,tichondrius,1611,hunter,beastmastery,30,17,13
11057,Casperonni,illidan,1611,hunter,beastmastery,48,27,21
11058,Revalay,emerald-dream,1611,hunter,beastmastery,42,23,19
11059,Mambothehunt,stormrage,1610,hunter,beastmastery,59,27,32
11060,Razor,destromath,1610,hunter,beastmastery,54,24,30
11061,Yughii,stormrage,1609,hunter,beastmastery,36,17,19
11062,Cobrakhan,tichondrius,1608,hunter,beastmastery,66,42,24
11063,Elad,tichondrius,1608,hunter,beastmastery,54,31,23
11064,Bertimus,sargeras,1608,hunter,beastmastery,132,61,71
11065,Skysmile,tichondrius,1607,hunter,beastmastery,30,17,13
11066,Focusfire,khazgoroth,1607,hunter,beastmastery,66,32,34
11067,Lexandr,tichondrius,1606,hunter,beastmastery,84,47,37
11068,Shootnoscore,vashj,1606,hunter,beastmastery,83,46,37
11069,Legacyhunter,nazgrel,1605,hunter,beastmastery,30,17,13
11070,Ðfac,moon-guard,1604,hunter,beastmastery,60,26,34
11071,Diegoshotz,zuljin,1603,hunter,beastmastery,40,19,21
11072,Aazua,frostmourne,1601,hunter,beastmastery,45,22,23
11073,Dreygar,dawnbringer,1599,hunter,beastmastery,81,41,40
11074,Airhunt,thrall,1599,hunter,beastmastery,36,17,19
11075,Sñïpêr,tichondrius,1595,hunter,beastmastery,36,19,17
11076,Spídër,maiev,1591,hunter,beastmastery,38,20,18
11077,Killwill,illidan,1586,hunter,beastmastery,48,25,23
11078,Sashagreen,frostmourne,1585,hunter,beastmastery,83,43,40
11079,Toxarch,aggramar,1585,hunter,beastmastery,78,39,39
11080,Mournebow,tichondrius,1583,hunter,beastmastery,219,119,100
11081,Teneightt,tichondrius,1578,hunter,beastmastery,62,30,32
11082,Wilmaßallfit,malganis,1578,hunter,beastmastery,42,18,24
11083,Fkkroglash,barthilas,1573,hunter,beastmastery,36,23,13
11084,Zennifi,bleeding-hollow,1573,hunter,beastmastery,73,36,37
11085,Kopula,illidan,1569,hunter,beastmastery,55,30,25
11086,Illsugoi,frostwolf,1565,hunter,beastmastery,81,36,45
11087,Velhokoira,illidan,1563,hunter,beastmastery,42,27,15
11088,Zakalla,malganis,1563,hunter,beastmastery,56,28,28
11089,Icecaffemoca,tichondrius,1562,hunter,beastmastery,45,19,26
11090,Trickshotss,illidan,1561,hunter,beastmastery,70,43,27
11091,Assbow,kiljaeden,1561,hunter,beastmastery,36,18,18
11092,Camhaanes,area-52,1560,hunter,beastmastery,74,42,32
11093,Lasix,burning-blade,1559,hunter,beastmastery,107,52,55
11094,Vanero,eonar,1557,hunter,beastmastery,42,19,23
11095,Urzoth,tichondrius,1556,hunter,beastmastery,42,26,16
11096,Keboks,alleria,1551,hunter,beastmastery,33,18,15
11097,Reay,frostmourne,1551,hunter,beastmastery,36,19,17
11098,Venrod,ragnaros,1551,hunter,beastmastery,48,21,27
11099,Bamfhunt,darkspear,1547,hunter,beastmastery,40,20,20
11100,Gernon,frostmourne,1546,hunter,beastmastery,39,20,19
11101,Sungoro,tichondrius,1546,hunter,beastmastery,60,30,30
11102,Snewfly,tichondrius,1544,hunter,beastmastery,36,25,11
11103,Mortalz,barthilas,1544,hunter,beastmastery,125,62,63
11104,Despairius,moon-guard,1543,hunter,beastmastery,44,25,19
11105,Limcross,drakkari,1543,hunter,beastmastery,48,26,22
11106,Ungoliánt,cairne,1541,hunter,beastmastery,54,28,26
11107,Rektarrow,area-52,1541,hunter,beastmastery,41,19,22
11108,Varka,area-52,1539,hunter,beastmastery,36,20,16
11109,Petkd,frostmourne,1538,hunter,beastmastery,42,23,19
11110,Punjisticks,tichondrius,1538,hunter,beastmastery,48,24,24
11111,Cerébro,illidan,1538,hunter,beastmastery,78,31,47
11112,Laurenx,illidan,1537,hunter,beastmastery,33,20,13
11113,Kaizong,hyjal,1537,hunter,beastmastery,29,17,12
11114,Axis,mugthol,1537,hunter,beastmastery,76,38,38
11115,Diavál,area-52,1533,hunter,beastmastery,36,22,14
11116,Freebeë,area-52,1531,hunter,beastmastery,85,49,36
11117,Pankyrangs,kelthuzad,1531,hunter,beastmastery,42,22,20
11118,Fatalshots,bonechewer,1529,hunter,beastmastery,30,16,14
11119,Flanzo,illidan,1528,hunter,beastmastery,36,16,20
11120,Teaks,aggramar,1527,hunter,beastmastery,30,16,14
11121,Shadowtensai,stormrage,1527,hunter,beastmastery,78,34,44
11122,Robnhunt,tichondrius,1526,hunter,beastmastery,30,16,14
11123,Szone,tichondrius,1526,hunter,beastmastery,71,36,35
11124,Phindo,agamaggan,1525,hunter,beastmastery,30,17,13
11125,Uzpak,tichondrius,1524,hunter,beastmastery,59,34,25
11126,Hazzeth,thrall,1516,hunter,beastmastery,30,21,9
11127,Grimbrew,garona,1514,hunter,beastmastery,29,17,12
11128,Readtitle,malganis,1513,hunter,beastmastery,36,22,14
11129,Liadrelle,proudmoore,1513,hunter,beastmastery,39,17,22
11130,Kript,dragonmaw,1512,hunter,beastmastery,283,134,149
11131,Gamestopceo,tichondrius,1511,hunter,beastmastery,84,41,43
11132,Selhort,quelthalas,1511,hunter,beastmastery,72,31,41
11133,Sonichunterr,illidan,1509,hunter,beastmastery,46,27,19
11134,Internade,frostmourne,1509,hunter,beastmastery,54,25,29
11135,Cyrsmen,ragnaros,1508,hunter,beastmastery,132,65,67
11136,Daarrk,thrall,1506,hunter,beastmastery,58,29,29
11137,Legoflaiz,drakkari,1506,hunter,beastmastery,36,16,20
11138,Volbz,barthilas,1505,hunter,beastmastery,36,16,20
11139,Shockwave,velen,1504,hunter,beastmastery,182,93,89
11140,Emilysamuels,tichondrius,1503,hunter,beastmastery,24,16,8
11141,Stalkstride,destromath,1503,hunter,beastmastery,72,35,37
11142,Outfazed,tichondrius,1502,hunter,beastmastery,58,32,26
11143,Irøneye,sargeras,1499,hunter,beastmastery,55,20,35
11144,Yaisk,tichondrius,1498,hunter,beastmastery,56,32,24
11145,Skarasha,tichondrius,1497,hunter,beastmastery,30,16,14
11146,Ramchi,burning-blade,1494,hunter,beastmastery,61,33,28
11147,Reloadz,shattered-hand,1494,hunter,beastmastery,34,18,16
11148,Chrest,sargeras,1491,hunter,beastmastery,36,19,17
11149,Scirfreez,ragnaros,1491,hunter,beastmastery,42,18,24
11150,Danncer,alexstrasza,1490,hunter,beastmastery,72,42,30
11151,Sereom,frostmourne,1490,hunter,beastmastery,95,55,40
11152,Chizhi,tichondrius,1489,hunter,beastmastery,72,36,36
11153,Wredd,nemesis,1488,hunter,beastmastery,35,20,15
11154,Brokiînn,aegwynn,1485,hunter,beastmastery,42,20,22
11155,Laras,blades-edge,1484,hunter,beastmastery,36,22,14
11156,Morganson,moon-guard,1484,hunter,beastmastery,126,61,65
11157,Jjack,muradin,1482,hunter,beastmastery,54,29,25
11158,Chowyunfatss,proudmoore,1481,hunter,beastmastery,112,53,59
11159,Grànd,tortheldrin,1480,hunter,beastmastery,66,33,33
11160,Scourgesurge,kiljaeden,1478,hunter,beastmastery,145,71,74
11161,Garzb,area-52,1476,hunter,beastmastery,42,22,20
11162,Montano,area-52,1471,hunter,beastmastery,26,17,9
11163,Aguntur,ragnaros,1471,hunter,beastmastery,93,56,37
11164,Breezekeeper,area-52,1470,hunter,beastmastery,72,35,37
11165,Virolac,tichondrius,1469,hunter,beastmastery,32,16,16
11166,Unrealpewpew,lightbringer,1469,hunter,beastmastery,42,18,24
11167,Paganfinn,tichondrius,1467,hunter,beastmastery,42,19,23
11168,Sootgarbage,sargeras,1464,hunter,beastmastery,72,42,30
11169,Dlabio,emerald-dream,1461,hunter,beastmastery,90,46,44
11170,Häm,dalaran,1458,hunter,beastmastery,54,27,27
11171,Zaetor,ragnaros,1457,hunter,beastmastery,36,21,15
11172,Ñðñdêsçrípt,frostmourne,1450,hunter,beastmastery,39,18,21
11173,Dontmissz,tichondrius,1449,hunter,beastmastery,42,24,18
11174,Chaw,nathrezim,1449,hunter,beastmastery,68,34,34
11175,Limpnoodle,nerzhul,1445,hunter,beastmastery,93,45,48
11176,Kouandjio,area-52,1444,hunter,beastmastery,36,18,18
11177,Recha,emerald-dream,1442,hunter,beastmastery,30,17,13
11178,Lashga,wyrmrest-accord,1439,hunter,beastmastery,47,22,25
11179,Cyboreg,stormrage,1436,hunter,beastmastery,35,21,14
11180,Aristæos,kelthuzad,1436,hunter,beastmastery,77,40,37
11181,Tacos,kelthuzad,1432,hunter,beastmastery,30,18,12
11182,Seatback,arathor,1432,hunter,beastmastery,76,33,43
11183,Kkoner,illidan,1431,hunter,beastmastery,24,15,9
11184,Fames,shuhalo,1431,hunter,beastmastery,49,22,27
11185,Bonnèy,zuljin,1430,hunter,beastmastery,36,22,14
11186,Dôntlosmebro,stormrage,1427,hunter,beastmastery,48,24,24
11187,Jungleboy,gorgonnash,1427,hunter,beastmastery,59,25,34
11188,Iyne,stormrage,1427,hunter,beastmastery,36,15,21
11189,Munyshotz,tichondrius,1426,hunter,beastmastery,86,50,36
11190,Syldris,proudmoore,1423,hunter,beastmastery,24,15,9
11191,Mukeru,stormrage,1418,hunter,beastmastery,24,15,9
11192,Araghrn,draktharon,1417,hunter,beastmastery,105,51,54
11193,Eldlichi,proudmoore,1416,hunter,beastmastery,48,20,28
11194,Terminatôr,malganis,1415,hunter,beastmastery,36,15,21
11195,Drunkhunter,malygos,1414,hunter,beastmastery,24,15,9
11196,Spèedbump,stormrage,1414,hunter,beastmastery,47,24,23
11197,Partz,darkspear,1413,hunter,beastmastery,24,15,9
11198,Tinyted,nathrezim,1412,hunter,beastmastery,30,15,15
11199,Drig,korgath,1409,hunter,beastmastery,47,19,28
11200,Cigâro,thrall,1404,hunter,beastmastery,93,46,47
11201,Cashisabeast,zuljin,1403,hunter,beastmastery,28,15,13
11202,Sioul,bleeding-hollow,1403,hunter,beastmastery,30,15,15
11203,Darthski,drenden,1402,hunter,beastmastery,51,24,27
11204,Thezeus,barthilas,1402,hunter,beastmastery,41,15,26
11205,Lilpoots,warsong,1401,hunter,beastmastery,59,28,31
11206,Orcanjo,azralon,1400,hunter,beastmastery,42,19,23
11207,Rcman,tichondrius,1399,hunter,beastmastery,24,17,7
11208,Jyttrg,tichondrius,1396,hunter,beastmastery,59,31,28
11209,Timmee,bleeding-hollow,1392,hunter,beastmastery,36,15,21
11210,Liillilliil,tichondrius,1391,hunter,beastmastery,31,16,15
11211,Omegalulzxd,kelthuzad,1390,hunter,beastmastery,72,35,37
11212,Sülivan,zuljin,1389,hunter,beastmastery,43,23,20
11213,Taelen,aegwynn,1386,hunter,beastmastery,41,20,21
11214,Tentoontrey,emerald-dream,1382,hunter,beastmastery,36,17,19
11215,Viperstng,area-52,1380,hunter,beastmastery,70,40,30
11216,Yandralen,kiljaeden,1379,hunter,beastmastery,30,15,15
11217,Oceandoom,tichondrius,1374,hunter,beastmastery,54,29,25
11218,Fruitenveg,frostmourne,1374,hunter,beastmastery,36,18,18
11219,Alitharia,nerzhul,1374,hunter,beastmastery,105,45,60
11220,Boward,illidan,1371,hunter,beastmastery,43,24,19
11221,Phaction,tichondrius,1369,hunter,beastmastery,60,26,34
11222,Jangle,mannoroth,1368,hunter,beastmastery,34,19,15
11223,Revbubs,darkspear,1360,hunter,beastmastery,54,26,28
11224,Ryukuzen,tichondrius,1359,hunter,beastmastery,35,15,20
11225,Femonemos,nemesis,1358,hunter,beastmastery,30,17,13
11226,Shlandy,frostmourne,1356,hunter,beastmastery,32,18,14
11227,Sliturthroat,barthilas,1354,hunter,beastmastery,44,17,27
11228,Fleetfox,tichondrius,1349,hunter,beastmastery,48,22,26
11229,Euclase,bleeding-hollow,1344,hunter,beastmastery,40,21,19
11230,Borudin,stormrage,1344,hunter,beastmastery,161,71,90
11231,Trapandclap,tichondrius,1343,hunter,beastmastery,24,14,10
11232,Lilien,khazgoroth,1341,hunter,beastmastery,30,18,12
11233,Bro,malorne,1341,hunter,beastmastery,72,34,38
11234,Tergls,illidan,1341,hunter,beastmastery,73,33,40
11235,Kârân,tichondrius,1341,hunter,beastmastery,60,27,33
11236,Deathtomyfoe,sargeras,1340,hunter,beastmastery,36,14,22
11237,Mitulla,wyrmrest-accord,1339,hunter,beastmastery,44,22,22
11238,Oatmeallover,stormrage,1339,hunter,beastmastery,30,14,16
11239,Peterming,tichondrius,1339,hunter,beastmastery,108,49,59
11240,Aiollus,stormreaver,1338,hunter,beastmastery,30,14,16
11241,Wolfarms,area-52,1338,hunter,beastmastery,39,16,23
11242,Kapukapu,illidan,1337,hunter,beastmastery,24,14,10
11243,Cw,gorefiend,1336,hunter,beastmastery,24,14,10
11244,Crownchild,illidan,1336,hunter,beastmastery,24,14,10
11245,Skulgor,zuljin,1336,hunter,beastmastery,66,34,32
11246,Psychiatry,bonechewer,1336,hunter,beastmastery,70,35,35
11247,Azx,tichondrius,1336,hunter,beastmastery,42,19,23
11248,Rnger,aerie-peak,1335,hunter,beastmastery,40,20,20
11249,Shootiepie,hyjal,1333,hunter,beastmastery,24,14,10
11250,Dirtymongrel,barthilas,1331,hunter,beastmastery,30,14,16
11251,Keknine,gnomeregan,1331,hunter,beastmastery,48,19,29
11252,Daken,ysera,1330,hunter,beastmastery,24,14,10
11253,Khaydarin,sargeras,1329,hunter,beastmastery,30,14,16
11254,Luprikus,maelstrom,1328,hunter,beastmastery,29,14,15
11255,Belime,korgath,1327,hunter,beastmastery,84,45,39
11256,Frostyarrow,moon-guard,1325,hunter,beastmastery,55,28,27
11257,Lastanar,amanthul,1322,hunter,beastmastery,60,32,28
11258,Tokendaily,sargeras,1321,hunter,beastmastery,60,33,27
11259,Vruul,sargeras,1321,hunter,beastmastery,52,23,29
11260,Jesticles,zuljin,1320,hunter,beastmastery,60,30,30
11261,Bowna,stormscale,1320,hunter,beastmastery,48,17,31
11262,Petmayo,tichondrius,1318,hunter,beastmastery,18,14,4
11263,Doug,illidan,1317,hunter,beastmastery,30,14,16
11264,Bepee,auchindoun,1313,hunter,beastmastery,83,46,37
11265,Narus,whisperwind,1310,hunter,beastmastery,48,26,22
11266,Ascer,gurubashi,1310,hunter,beastmastery,82,42,40
11267,Hoboh,illidan,1310,hunter,beastmastery,66,32,34
11268,Jetzy,illidan,1310,hunter,beastmastery,43,19,24
11269,Lizymcguire,malganis,1308,hunter,beastmastery,42,23,19
11270,Javoz,drakkari,1302,hunter,beastmastery,36,14,22
11271,Bacatran,darkspear,1301,hunter,beastmastery,58,32,26
11272,Wulfgeng,azgalor,1301,hunter,beastmastery,74,36,38
11273,Bluebow,tichondrius,1301,hunter,beastmastery,72,34,38
11274,Fallenfates,stormrage,1300,hunter,beastmastery,72,34,38
11275,Sunchea,arygos,1300,hunter,beastmastery,30,14,16
11276,Zzsocrateszz,dragonmaw,1298,hunter,beastmastery,104,52,52
11277,Rengarok,emerald-dream,1295,hunter,beastmastery,30,14,16
11278,Jacobsladder,illidan,1293,hunter,beastmastery,113,51,62
11279,Perffect,sargeras,1288,hunter,beastmastery,39,15,24
11280,Voodoohunter,blood-furnace,1286,hunter,beastmastery,30,15,15
11281,Vaettai,barthilas,1286,hunter,beastmastery,72,32,40
11282,Showmakerc,proudmoore,1284,hunter,beastmastery,35,15,20
11283,Glediator,tichondrius,1283,hunter,beastmastery,33,16,17
11284,Airtight,area-52,1281,hunter,beastmastery,53,24,29
11285,Vesity,tichondrius,1277,hunter,beastmastery,44,21,23
11286,Huukend,azjolnerub,1277,hunter,beastmastery,42,20,22
11287,Iar,tichondrius,1270,hunter,beastmastery,30,18,12
11288,Bulleitrye,illidan,1270,hunter,beastmastery,36,16,20
11289,Pingaamarela,nemesis,1266,hunter,beastmastery,96,47,49
11290,Caetomon,kiljaeden,1263,hunter,beastmastery,22,14,8
11291,Hairyhype,malganis,1263,hunter,beastmastery,36,18,18
11292,Shmurda,duskwood,1263,hunter,beastmastery,36,15,21
11293,Trailbreaker,trollbane,1255,hunter,beastmastery,51,33,18
11294,Trapz,hellscream,1251,hunter,beastmastery,90,44,46
11295,Sarahbeara,moonrunner,1247,hunter,beastmastery,18,13,5
11296,Broydiesnipe,illidan,1247,hunter,beastmastery,18,13,5
11297,Alexxspewpew,ragnaros,1247,hunter,beastmastery,23,13,10
11298,Kenshaunter,azralon,1247,hunter,beastmastery,24,13,11
11299,Wastdpenguin,area-52,1247,hunter,beastmastery,30,13,17
11300,Frankabingle,area-52,1247,hunter,beastmastery,30,13,17
11301,Slowhunterr,tichondrius,1247,hunter,beastmastery,36,13,23
11302,Shootnskoot,icecrown,1246,hunter,beastmastery,18,13,5
11303,Twopumphunt,tichondrius,1246,hunter,beastmastery,24,13,11
11304,Gabulmenina,nemesis,1245,hunter,beastmastery,24,13,11
11305,Reeload,tichondrius,1244,hunter,beastmastery,24,13,11
11306,Shotmieye,thunderhorn,1244,hunter,beastmastery,60,30,30
11307,Maquire,tichondrius,1244,hunter,beastmastery,36,17,19
11308,Jillypoo,azralon,1243,hunter,beastmastery,18,13,5
11309,Dj,arygos,1243,hunter,beastmastery,24,13,11
11310,Craftarrow,tichondrius,1243,hunter,beastmastery,41,21,20
11311,Wickyz,malganis,1243,hunter,beastmastery,30,13,17
11312,Hurak,elune,1243,hunter,beastmastery,30,13,17
11313,Sanchode,tichondrius,1240,hunter,beastmastery,30,13,17
11314,Wadadly,malganis,1239,hunter,beastmastery,138,66,72
11315,Ioioi,tichondrius,1238,hunter,beastmastery,34,16,18
11316,Chetta,ragnaros,1236,hunter,beastmastery,48,22,26
11317,Timogen,illidan,1236,hunter,beastmastery,36,16,20
11318,Nogaro,nemesis,1235,hunter,beastmastery,42,20,22
11319,Overshot,barthilas,1234,hunter,beastmastery,18,13,5
11320,Bubbz,bloodscalp,1233,hunter,beastmastery,42,20,22
11321,Hynathios,azralon,1233,hunter,beastmastery,30,13,17
11322,Honeygold,tichondrius,1233,hunter,beastmastery,51,19,32
11323,Rbtz,illidan,1231,hunter,beastmastery,17,13,4
11324,Xtop,draktharon,1231,hunter,beastmastery,23,15,8
11325,Luoca,shuhalo,1227,hunter,beastmastery,24,13,11
11326,Angdre,tichondrius,1227,hunter,beastmastery,30,13,17
11327,Shneedle,illidan,1226,hunter,beastmastery,30,14,16
11328,Hughneutron,kirin-tor,1224,hunter,beastmastery,147,76,71
11329,Urimiel,daggerspine,1223,hunter,beastmastery,36,16,20
11330,Varthurg,ragnaros,1222,hunter,beastmastery,24,13,11
11331,Bromance,kaelthas,1221,hunter,beastmastery,36,18,18
11332,Grands,tortheldrin,1219,hunter,beastmastery,29,14,15
11333,Havymetal,andorhal,1219,hunter,beastmastery,48,20,28
11334,Aggargh,baelgun,1214,hunter,beastmastery,27,14,13
11335,Nebulahaze,stormrage,1214,hunter,beastmastery,30,15,15
11336,Alaranel,kiljaeden,1208,hunter,beastmastery,36,15,21
11337,Fusionrpg,quelthalas,1207,hunter,beastmastery,24,13,11
11338,Artilleria,quelthalas,1207,hunter,beastmastery,42,18,24
11339,Desydn,draenor,1206,hunter,beastmastery,143,72,71
11340,Ydaine,alexstrasza,1206,hunter,beastmastery,75,33,42
11341,Gejagt,sargeras,1201,hunter,beastmastery,25,14,11
11342,Winchestyr,lightbringer,1201,hunter,beastmastery,30,14,16
11343,Brokenstars,illidan,1200,hunter,beastmastery,97,48,49
11344,Mithrandiel,blood-furnace,1197,hunter,beastmastery,46,23,23
11345,Rypunzul,proudmoore,1196,hunter,beastmastery,24,13,11
11346,Mordriva,azjolnerub,1193,hunter,beastmastery,29,13,16
11347,Ownyoufast,darkspear,1193,hunter,beastmastery,30,13,17
11348,Shootaids,illidan,1192,hunter,beastmastery,44,22,22
11349,Kleankilla,malganis,1189,hunter,beastmastery,20,13,7
11350,Gaktog,area-52,1189,hunter,beastmastery,27,13,14
11351,Wodhunterxdd,tichondrius,1182,hunter,beastmastery,20,13,7
11352,Genx,frostmane,1182,hunter,beastmastery,35,15,20
11353,Thetrickyone,area-52,1180,hunter,beastmastery,52,20,32
11354,Aztrappin,illidan,1177,hunter,beastmastery,63,24,39
11355,Kathoey,wyrmrest-accord,1175,hunter,beastmastery,36,14,22
11356,Eightbeers,bleeding-hollow,1173,hunter,beastmastery,30,13,17
11357,Taedulos,azralon,1169,hunter,beastmastery,36,19,17
11358,Frenzyfire,whisperwind,1162,hunter,beastmastery,39,16,23
11359,Iffy,dentarg,1161,hunter,beastmastery,24,14,10
11360,Pvrisxoxo,frostmourne,1161,hunter,beastmastery,25,13,12
11361,Arucedd,frostmourne,1156,hunter,beastmastery,53,22,31
11362,Chrønic,khadgar,1155,hunter,beastmastery,24,13,11
11363,Lustblitz,illidan,1152,hunter,beastmastery,18,12,6
11364,Malvnfresh,tichondrius,1152,hunter,beastmastery,24,12,12
11365,Tus,tichondrius,1151,hunter,beastmastery,30,12,18
11366,Smullik,wyrmrest-accord,1150,hunter,beastmastery,30,12,18
11367,Kroozeh,illidan,1149,hunter,beastmastery,24,12,12
11368,Mvpwonder,frostmourne,1149,hunter,beastmastery,36,12,24
11369,Squishasf,tichondrius,1148,hunter,beastmastery,18,12,6
11370,Sax,stormreaver,1147,hunter,beastmastery,24,12,12
11371,Puffcopeak,illidan,1147,hunter,beastmastery,24,12,12
11372,Yembohi,queldorei,1145,hunter,beastmastery,18,12,6
11373,Cuteorcgirl,sargeras,1145,hunter,beastmastery,38,15,23
11374,Riivali,quelthalas,1144,hunter,beastmastery,42,17,25
11375,Chrise,darkspear,1142,hunter,beastmastery,12,12,0
11376,Dyz,ragnaros,1137,hunter,beastmastery,28,13,15
11377,Karev,area-52,1134,hunter,beastmastery,24,12,12
11378,Blimpbooty,stormrage,1130,hunter,beastmastery,41,20,21
11379,Juicedhunter,tichondrius,1128,hunter,beastmastery,24,12,12
11380,Camperbill,borean-tundra,1127,hunter,beastmastery,25,14,11
11381,Huñté,stormrage,1127,hunter,beastmastery,24,12,12
11382,Kälec,quelthalas,1127,hunter,beastmastery,66,32,34
11383,Legolasbow,tichondrius,1127,hunter,beastmastery,30,12,18
11384,Faldran,earthen-ring,1123,hunter,beastmastery,70,30,40
11385,Qpoc,tichondrius,1120,hunter,beastmastery,44,20,24
11386,Mvpbunny,tichondrius,1117,hunter,beastmastery,46,21,25
11387,Argent,altar-of-storms,1113,hunter,beastmastery,24,12,12
11388,Merkidy,illidan,1099,hunter,beastmastery,17,12,5
11389,Ehnó,illidan,1098,hunter,beastmastery,21,12,9
11390,Ukamau,ragnaros,1097,hunter,beastmastery,24,14,10
11391,Setepalms,azralon,1097,hunter,beastmastery,21,12,9
11392,Topshunter,sargeras,1095,hunter,beastmastery,58,31,27
11393,Funwell,dalaran,1090,hunter,beastmastery,29,14,15
11394,Tmac,winterhoof,1087,hunter,beastmastery,41,18,23
11395,Zalyssavara,aerie-peak,1085,hunter,beastmastery,27,12,15
11396,Fixnoone,moon-guard,1083,hunter,beastmastery,26,13,13
11397,Ragnarlobkk,ragnaros,1082,hunter,beastmastery,124,56,68
11398,Eithelleta,frostmourne,1078,hunter,beastmastery,48,18,30
11399,Quigfoot,area-52,1077,hunter,beastmastery,30,12,18
11400,Buyaga,stormreaver,1073,hunter,beastmastery,72,37,35
11401,Dracð,malganis,1071,hunter,beastmastery,30,14,16
11402,Rotokrim,emerald-dream,1059,hunter,beastmastery,142,72,70
11403,Hog,darkspear,1056,hunter,beastmastery,18,11,7
11404,Playnogames,moon-guard,1056,hunter,beastmastery,24,11,13
11405,Jawnhunter,tichondrius,1056,hunter,beastmastery,24,11,13
11406,Unicom,malganis,1056,hunter,beastmastery,30,11,19
11407,Ryutiz,fizzcrank,1055,hunter,beastmastery,18,11,7
11408,Tashio,aerie-peak,1055,hunter,beastmastery,24,11,13
11409,Datadyne,stormrage,1054,hunter,beastmastery,12,11,1
11410,Ispamtraps,emerald-dream,1054,hunter,beastmastery,18,11,7
11411,Selljzs,zuljin,1054,hunter,beastmastery,18,11,7
11412,Crounzz,sargeras,1054,hunter,beastmastery,42,11,31
11413,Bigolekack,tichondrius,1053,hunter,beastmastery,24,11,13
11414,Anastasia,gorgonnash,1052,hunter,beastmastery,18,11,7
11415,Phiyuh,stormrage,1051,hunter,beastmastery,18,11,7
11416,Cummis,skullcrusher,1051,hunter,beastmastery,18,11,7
11417,Lunarlunar,khadgar,1051,hunter,beastmastery,30,11,19
11418,Luckshot,destromath,1050,hunter,beastmastery,24,11,13
11419,Zünma,tichondrius,1050,hunter,beastmastery,24,11,13
11420,Reallybroke,stormrage,1050,hunter,beastmastery,24,11,13
11421,Gannidema,illidan,1049,hunter,beastmastery,18,11,7
11422,Gølin,aerie-peak,1049,hunter,beastmastery,30,11,19
11423,Freeside,emerald-dream,1048,hunter,beastmastery,18,11,7
11424,Wingclipped,kelthuzad,1048,hunter,beastmastery,18,11,7
11425,ßaelon,malganis,1047,hunter,beastmastery,12,11,1
11426,Kynagidas,korgath,1047,hunter,beastmastery,24,11,13
11427,Vord,frostmourne,1046,hunter,beastmastery,24,11,13
11428,Cilnolm,moon-guard,1045,hunter,beastmastery,24,11,13
11429,Wogolas,barthilas,1044,hunter,beastmastery,18,11,7
11430,Youngteflon,bonechewer,1043,hunter,beastmastery,24,11,13
11431,Ketulirantle,azralon,1041,hunter,beastmastery,42,11,31
11432,Zooker,tichondrius,1039,hunter,beastmastery,29,11,18
11433,Kamikazey,tichondrius,1037,hunter,beastmastery,24,11,13
11434,Neverhunter,azralon,1036,hunter,beastmastery,24,12,12
11435,Bobbysmurica,cenarion-circle,1032,hunter,beastmastery,30,11,19
11436,Caytano,quelthalas,1031,hunter,beastmastery,24,15,9
11437,Robingear,baelgun,1029,hunter,beastmastery,93,43,50
11438,Huntercry,ragnaros,1026,hunter,beastmastery,18,11,7
11439,Hetaya,haomarush,1024,hunter,beastmastery,80,31,49
11440,Vegamax,illidan,1020,hunter,beastmastery,18,11,7
11441,Bolbathefett,shadowsong,1020,hunter,beastmastery,30,11,19
11442,Sumom,darrowmere,1019,hunter,beastmastery,38,17,21
11443,Brendie,thrall,1019,hunter,beastmastery,118,52,66
11444,Fifie,azgalor,1011,hunter,beastmastery,31,12,19
11445,Londen,tichondrius,1006,hunter,beastmastery,20,12,8
11446,Rairin,tichondrius,1004,hunter,beastmastery,65,33,32
11447,Antihero,norgannon,1001,hunter,beastmastery,20,12,8
11448,Eddyholiday,tichondrius,1001,hunter,beastmastery,26,13,13
11449,Falesta,sargeras,999,hunter,beastmastery,28,12,16
11450,Flexxbow,thrall,994,hunter,beastmastery,23,13,10
11451,Warsh,anubarak,990,hunter,beastmastery,22,11,11
11452,Dadhatesme,stormrage,989,hunter,beastmastery,22,11,11
11453,Onihanzo,thrall,987,hunter,beastmastery,25,12,13
11454,Zullypewpew,stormrage,982,hunter,beastmastery,17,11,6
11455,Boomseed,nagrand,982,hunter,beastmastery,28,11,17
11456,Erik,nemesis,980,hunter,beastmastery,47,19,28
11457,Dayneryz,quelthalas,971,hunter,beastmastery,32,11,21
11458,Håwkeye,hyjal,970,hunter,beastmastery,93,44,49
11459,Erovianoria,silver-hand,968,hunter,beastmastery,57,29,28
11460,Puhpsy,azralon,966,hunter,beastmastery,36,19,17
11461,Ahhpash,tichondrius,960,hunter,beastmastery,16,11,5
11462,Survenant,zuljin,960,hunter,beastmastery,18,10,8
11463,Worsthunt,tichondrius,960,hunter,beastmastery,18,10,8
11464,Pumplum,kiljaeden,960,hunter,beastmastery,18,10,8
11465,Gööber,hyjal,960,hunter,beastmastery,18,10,8
11466,Yná,azralon,960,hunter,beastmastery,18,10,8
11467,Bustyredhead,kelthuzad,960,hunter,beastmastery,18,10,8
11468,Emmihunt,tichondrius,960,hunter,beastmastery,18,10,8
11469,Sniperfx,lightbringer,960,hunter,beastmastery,18,10,8
11470,Shinhyez,tichondrius,960,hunter,beastmastery,18,10,8
11471,Wovow,tichondrius,960,hunter,beastmastery,18,10,8
11472,Savagerko,illidan,960,hunter,beastmastery,21,11,10
11473,Prêd,malganis,960,hunter,beastmastery,21,11,10
11474,Focús,laughing-skull,960,hunter,beastmastery,24,10,14
11475,Willdey,frostmourne,960,hunter,beastmastery,24,10,14
11476,Rosebullets,bleeding-hollow,959,hunter,beastmastery,18,10,8
11477,Mmeep,illidan,959,hunter,beastmastery,18,10,8
11478,Exitwoundz,hyjal,959,hunter,beastmastery,18,10,8
11479,Tmnarcanttv,tichondrius,959,hunter,beastmastery,18,10,8
11480,Huntfaceguy,agamaggan,959,hunter,beastmastery,24,10,14
11481,Stonehard,mugthol,959,hunter,beastmastery,24,10,14
11482,Orgpopeyes,illidan,959,hunter,beastmastery,24,10,14
11483,Sagadegêmeos,stormrage,959,hunter,beastmastery,24,10,14
11484,Vigon,stormrage,959,hunter,beastmastery,24,10,14
11485,Leyliann,quelthalas,959,hunter,beastmastery,27,11,16
11486,Kimbaa,tichondrius,959,hunter,beastmastery,30,10,20
11487,Yager,kalecgos,958,hunter,beastmastery,18,10,8
11488,Aquabat,wildhammer,958,hunter,beastmastery,18,10,8
11489,Quickfyre,stormrage,958,hunter,beastmastery,18,10,8
11490,Celarla,tichondrius,958,hunter,beastmastery,21,11,10
11491,Pafäcïle,tichondrius,958,hunter,beastmastery,24,10,14
11492,Alwaysblazed,hyjal,957,hunter,beastmastery,18,10,8
11493,Mikly,ragnaros,957,hunter,beastmastery,24,10,14
11494,Hyena,kelthuzad,955,hunter,beastmastery,24,10,14
11495,Rocchettâ,kirin-tor,954,hunter,beastmastery,18,10,8
11496,Anaiset,hyjal,954,hunter,beastmastery,18,10,8
11497,Trim,tichondrius,954,hunter,beastmastery,18,10,8
11498,Murdaugh,icecrown,954,hunter,beastmastery,18,10,8
11499,Deepcarver,tichondrius,954,hunter,beastmastery,24,10,14
11500,Gïzmo,malganis,953,hunter,beastmastery,18,10,8
11501,Rezkiin,tichondrius,953,hunter,beastmastery,18,10,8
11502,Jijiyoyo,tichondrius,953,hunter,beastmastery,35,12,23
11503,Raikuu,skullcrusher,951,hunter,beastmastery,36,18,18
11504,Steelaeon,moon-guard,951,hunter,beastmastery,24,10,14
11505,Flacidhunter,kelthuzad,948,hunter,beastmastery,24,10,14
11506,Böuntyhuntêr,area-52,948,hunter,beastmastery,24,10,14
11507,ßaeløn,malganis,947,hunter,beastmastery,15,11,4
11508,Glizzys,cairne,943,hunter,beastmastery,24,11,13
11509,Arrowae,sargeras,941,hunter,beastmastery,26,12,14
11510,Shootyurshot,stormrage,927,hunter,beastmastery,20,11,9
11511,Finol,azralon,926,hunter,beastmastery,14,11,3
11512,Entrapment,emerald-dream,924,hunter,beastmastery,23,10,13
11513,Dekestei,bleeding-hollow,911,hunter,beastmastery,29,10,19
11514,Çhexmix,kiljaeden,910,hunter,beastmastery,15,10,5
11515,Coyner,tichondrius,907,hunter,beastmastery,21,10,11
11516,Wael,perenolde,905,hunter,beastmastery,17,10,7
11517,Saltz,tichondrius,901,hunter,beastmastery,21,11,10
11518,Hillside,frostmourne,895,hunter,beastmastery,11,10,1
11519,Gandson,fizzcrank,892,hunter,beastmastery,24,10,14
11520,Foh,kelthuzad,888,hunter,beastmastery,17,10,7
11521,Leaii,thrall,880,hunter,beastmastery,33,16,17
11522,Petattack,barthilas,864,hunter,beastmastery,12,9,3
11523,Huntations,sargeras,864,hunter,beastmastery,12,9,3
11524,Jaysuper,zuljin,864,hunter,beastmastery,12,9,3
11525,Bmhuntlol,illidan,864,hunter,beastmastery,12,9,3
11526,Survivalists,kelthuzad,864,hunter,beastmastery,12,9,3
11527,Slipox,sargeras,864,hunter,beastmastery,12,9,3
11528,Lubze,bleeding-hollow,864,hunter,beastmastery,12,9,3
11529,Déwi,tichondrius,864,hunter,beastmastery,18,9,9
11530,Esstark,bleeding-hollow,864,hunter,beastmastery,18,9,9
11531,Wildlifezoo,tichondrius,864,hunter,beastmastery,18,9,9
11532,Lilsynchfyb,sargeras,864,hunter,beastmastery,18,9,9
11533,Deutêr,quelthalas,864,hunter,beastmastery,18,9,9
11534,Hagadinn,frostmourne,864,hunter,beastmastery,18,9,9
11535,Xbloody,tichondrius,864,hunter,beastmastery,18,9,9
11536,Heparinqt,area-52,864,hunter,beastmastery,24,9,15
11537,Balrröt,malganis,864,hunter,beastmastery,24,9,15
11538,Dirtyytroll,area-52,864,hunter,beastmastery,24,9,15
11539,Arteene,illidan,864,hunter,beastmastery,24,9,15
11540,Twoshotzz,darkspear,863,hunter,beastmastery,15,10,5
11541,Nikronos,quelthalas,863,hunter,beastmastery,18,9,9
11542,Akoshi,illidan,863,hunter,beastmastery,18,9,9
11543,Snowjin,stormrage,863,hunter,beastmastery,18,9,9
11544,Drivebyjuju,dentarg,863,hunter,beastmastery,18,9,9
11545,Xernen,thrall,863,hunter,beastmastery,18,9,9
11546,Jamzlol,frostmourne,863,hunter,beastmastery,18,9,9
11547,Çute,moon-guard,863,hunter,beastmastery,18,9,9
11548,Nubberton,sargeras,863,hunter,beastmastery,24,9,15
11549,Myladyy,zuljin,863,hunter,beastmastery,30,9,21
11550,Bleedwish,tichondrius,863,hunter,beastmastery,31,9,22
11551,Seáhawk,kiljaeden,862,hunter,beastmastery,12,9,3
11552,Loriandel,proudmoore,862,hunter,beastmastery,14,9,5
11553,Qúin,frostmourne,862,hunter,beastmastery,18,9,9
11554,Hawkeye,boulderfist,862,hunter,beastmastery,18,9,9
11555,Pokérap,dalaran,862,hunter,beastmastery,18,9,9
11556,Kinete,proudmoore,862,hunter,beastmastery,18,9,9
11557,Toross,stormscale,862,hunter,beastmastery,18,9,9
11558,Bootylickin,tichondrius,862,hunter,beastmastery,18,9,9
11559,Korasaurus,tichondrius,861,hunter,beastmastery,12,9,3
11560,Exotichunter,the-underbog,861,hunter,beastmastery,24,9,15
11561,Cottonshots,dalaran,861,hunter,beastmastery,24,9,15
11562,Trápngap,barthilas,861,hunter,beastmastery,24,9,15
11563,Thiccit,illidan,858,hunter,beastmastery,18,9,9
11564,Xeriife,stormrage,858,hunter,beastmastery,19,9,10
11565,More,khadgar,858,hunter,beastmastery,24,9,15
11566,Chuphunts,tichondrius,857,hunter,beastmastery,12,9,3
11567,Vexxør,bleeding-hollow,856,hunter,beastmastery,18,9,9
11568,Galerius,illidan,855,hunter,beastmastery,30,9,21
11569,Shiztec,malganis,854,hunter,beastmastery,24,9,15
11570,Hunterdps,gurubashi,851,hunter,beastmastery,18,9,9
11571,Survival,dentarg,851,hunter,beastmastery,24,9,15
11572,Hovahdo,proudmoore,847,hunter,beastmastery,17,9,8
11573,Eggsquatch,emerald-dream,844,hunter,beastmastery,12,9,3
11574,Noahxkhalel,azralon,832,hunter,beastmastery,29,9,20
11575,Vastiks,dalaran,829,hunter,beastmastery,26,9,17
11576,Coletrickle,chogall,822,hunter,beastmastery,32,10,22
11577,Monatre,fizzcrank,816,hunter,beastmastery,21,9,12
11578,Sharpster,zuljin,815,hunter,beastmastery,15,9,6
11579,Rawspits,kiljaeden,814,hunter,beastmastery,29,9,20
11580,Vyalaris,emerald-dream,813,hunter,beastmastery,21,9,12
11581,Anya,proudmoore,801,hunter,beastmastery,30,12,18
11582,Jsrhuntz,sargeras,768,hunter,beastmastery,12,8,4
11583,Chippendales,illidan,768,hunter,beastmastery,12,8,4
11584,Puns,stormreaver,768,hunter,beastmastery,12,8,4
11585,Bowzørx,tichondrius,768,hunter,beastmastery,12,8,4
11586,Clydebarro,sargeras,768,hunter,beastmastery,12,8,4
11587,Seljzs,zuljin,768,hunter,beastmastery,12,8,4
11588,Ogstrutt,zuljin,768,hunter,beastmastery,12,8,4
11589,Yonzo,area-52,768,hunter,beastmastery,18,8,10
11590,Bicas,emerald-dream,768,hunter,beastmastery,18,8,10
11591,Getrekt,azralon,768,hunter,beastmastery,18,8,10
11592,Ddukgue,tichondrius,768,hunter,beastmastery,18,8,10
11593,Seongnam,tichondrius,768,hunter,beastmastery,18,8,10
11594,Oblitus,zuljin,768,hunter,beastmastery,18,8,10
11595,Axxll,tichondrius,768,hunter,beastmastery,18,8,10
11596,Tigglyjits,tichondrius,768,hunter,beastmastery,18,8,10
11597,Kellsier,nordrassil,768,hunter,beastmastery,18,8,10
11598,Heädshöt,malorne,768,hunter,beastmastery,18,8,10
11599,Katherìnelol,tichondrius,768,hunter,beastmastery,21,9,12
11600,Skeetslinger,illidan,768,hunter,beastmastery,24,8,16
11601,Remièl,frostmourne,767,hunter,beastmastery,12,8,4
11602,Flacidpasta,sargeras,767,hunter,beastmastery,12,8,4
11603,Cxnt,saurfang,767,hunter,beastmastery,15,9,6
11604,Gorgoon,sargeras,767,hunter,beastmastery,16,9,7
11605,Morbow,proudmoore,767,hunter,beastmastery,18,8,10
11606,Zephanno,sargeras,767,hunter,beastmastery,18,8,10
11607,Jesselos,stormrage,767,hunter,beastmastery,18,8,10
11608,Dooper,malfurion,767,hunter,beastmastery,18,8,10
11609,Raphgun,stormrage,767,hunter,beastmastery,18,8,10
11610,Bowjingles,blackrock,767,hunter,beastmastery,18,8,10
11611,Thehunturd,dalaran,767,hunter,beastmastery,18,8,10
11612,Picapaul,stormrage,767,hunter,beastmastery,18,8,10
11613,Flîp,daggerspine,767,hunter,beastmastery,18,8,10
11614,Suetyic,tichondrius,767,hunter,beastmastery,18,8,10
11615,Jímmycorn,sargeras,767,hunter,beastmastery,18,8,10
11616,Computer,darkspear,767,hunter,beastmastery,18,8,10
11617,Lûrtz,aegwynn,767,hunter,beastmastery,21,8,13
11618,Laudion,quelthalas,766,hunter,beastmastery,12,8,4
11619,Satours,quelthalas,766,hunter,beastmastery,18,8,10
11620,Thirtyeight,blades-edge,766,hunter,beastmastery,18,8,10
11621,Traps,deathwing,766,hunter,beastmastery,18,8,10
11622,Josyv,quelthalas,766,hunter,beastmastery,18,8,10
11623,Frenzygirl,azralon,765,hunter,beastmastery,12,8,4
11624,Ivix,sargeras,765,hunter,beastmastery,12,8,4
11625,Handicrap,tichondrius,765,hunter,beastmastery,16,9,7
11626,Hunt,akama,765,hunter,beastmastery,24,8,16
11627,Grøøves,dalaran,763,hunter,beastmastery,18,8,10
11628,Halberick,quelthalas,762,hunter,beastmastery,12,8,4
11629,Shamtus,bladefist,762,hunter,beastmastery,12,8,4
11630,Blury,tichondrius,762,hunter,beastmastery,18,8,10
11631,Ophiela,shuhalo,759,hunter,beastmastery,36,8,28
11632,Massivattack,skullcrusher,758,hunter,beastmastery,24,8,16
11633,Blankshot,doomhammer,757,hunter,beastmastery,18,8,10
11634,Androki,stormrage,752,hunter,beastmastery,12,8,4
11635,Raevenah,dalaran,747,hunter,beastmastery,12,8,4
11636,Vendortrash,aggramar,733,hunter,beastmastery,17,8,9
11637,Timberex,drenden,715,hunter,beastmastery,15,8,7
11638,Kysii,burning-blade,714,hunter,beastmastery,21,8,13
11639,Cloxygen,moon-guard,713,hunter,beastmastery,22,9,13
11640,Petpenguin,kelthuzad,703,hunter,beastmastery,11,8,3
11641,Yozomoto,nordrassil,703,hunter,beastmastery,14,8,6
11642,Jinchuriki,shadow-council,703,hunter,beastmastery,28,8,20
11643,Imthaböss,nazjatar,672,hunter,beastmastery,12,7,5
11644,Starkhaven,firetree,672,hunter,beastmastery,12,7,5
11645,Pmø,sargeras,672,hunter,beastmastery,12,7,5
11646,Jsr,tichondrius,672,hunter,beastmastery,12,7,5
11647,Barainto,tichondrius,672,hunter,beastmastery,12,7,5
11648,Alfentanil,thrall,672,hunter,beastmastery,12,7,5
11649,Downor,malganis,672,hunter,beastmastery,12,7,5
11650,Skippyh,zuluhed,672,hunter,beastmastery,12,7,5
11651,Flamenco,arthas,672,hunter,beastmastery,12,7,5
11652,Wellerman,firetree,672,hunter,beastmastery,12,7,5
11653,Gunbladez,burning-blade,672,hunter,beastmastery,12,7,5
11654,Gotrap,saurfang,672,hunter,beastmastery,12,7,5
11655,Crimsoncoast,tichondrius,672,hunter,beastmastery,12,7,5
11656,Litchi,illidan,672,hunter,beastmastery,12,7,5
11657,Grannygatya,tichondrius,672,hunter,beastmastery,12,7,5
11658,Shrian,illidan,672,hunter,beastmastery,12,7,5
11659,Gentledream,dalaran,672,hunter,beastmastery,12,7,5
11660,Buzzkilla,mannoroth,672,hunter,beastmastery,12,7,5
11661,Tusxx,tichondrius,672,hunter,beastmastery,12,7,5
11662,Mauiies,sargeras,672,hunter,beastmastery,12,7,5
11663,Airlol,tichondrius,672,hunter,beastmastery,12,7,5
11664,Machiko,gorefiend,672,hunter,beastmastery,12,7,5
11665,Teammatescba,tichondrius,672,hunter,beastmastery,12,7,5
11666,Handmemygun,aggramar,672,hunter,beastmastery,12,7,5
11667,Yolotraps,thrall,672,hunter,beastmastery,12,7,5
11668,Sakedji,area-52,672,hunter,beastmastery,12,7,5
11669,Xerosa,emerald-dream,672,hunter,beastmastery,12,7,5
11670,Cinnybunz,malganis,672,hunter,beastmastery,12,7,5
11671,Csantana,sargeras,672,hunter,beastmastery,12,7,5
11672,Mehontar,area-52,672,hunter,beastmastery,12,7,5
11673,Jawnhunterii,tichondrius,672,hunter,beastmastery,12,7,5
11674,Mylaqt,malganis,672,hunter,beastmastery,12,7,5
11675,Hollowhunt,sentinels,672,hunter,beastmastery,12,7,5
11676,Åspect,aegwynn,672,hunter,beastmastery,12,7,5
11677,Booffmeister,area-52,672,hunter,beastmastery,12,7,5
11678,Zemphoths,eredar,672,hunter,beastmastery,15,7,8
11679,Xxo,frostmourne,672,hunter,beastmastery,17,7,10
11680,Dreagneal,ragnaros,672,hunter,beastmastery,18,7,11
11681,Antares,dalaran,672,hunter,beastmastery,18,7,11
11682,Hrodvitnir,quelthalas,672,hunter,beastmastery,18,7,11
11683,Memënto,barthilas,672,hunter,beastmastery,18,7,11
11684,Geeshot,area-52,672,hunter,beastmastery,18,7,11
11685,Cantcatchtin,tichondrius,672,hunter,beastmastery,18,7,11
11686,Sylpheous,bleeding-hollow,672,hunter,beastmastery,18,7,11
11687,Joerogan,hydraxis,672,hunter,beastmastery,18,7,11
11688,Clowntown,illidan,672,hunter,beastmastery,18,7,11
11689,Ðevil,ragnaros,672,hunter,beastmastery,18,7,11
11690,Titanaxis,tichondrius,672,hunter,beastmastery,24,7,17
11691,Darksector,nemesis,672,hunter,beastmastery,24,7,17
11692,Scrubmastery,emerald-dream,671,hunter,beastmastery,12,7,5
11693,Hunterjim,tichondrius,671,hunter,beastmastery,12,7,5
11694,Exploits,stormrage,671,hunter,beastmastery,12,7,5
11695,Deadlyarrows,ragnaros,671,hunter,beastmastery,12,7,5
11696,Jendell,area-52,671,hunter,beastmastery,12,7,5
11697,Mannypew,kelthuzad,671,hunter,beastmastery,12,7,5
11698,Melinda,kilrogg,671,hunter,beastmastery,12,7,5
11699,Lavo,borean-tundra,671,hunter,beastmastery,12,7,5
11700,Wook,hyjal,671,hunter,beastmastery,12,7,5
11701,Anniefuchsia,stormrage,671,hunter,beastmastery,12,7,5
11702,Valintine,the-scryers,671,hunter,beastmastery,12,7,5
11703,Spunkked,tichondrius,671,hunter,beastmastery,12,7,5
11704,Nightfal,emerald-dream,671,hunter,beastmastery,18,7,11
11705,Mooséhunt,wyrmrest-accord,671,hunter,beastmastery,18,7,11
11706,Shdwhntrclub,wyrmrest-accord,671,hunter,beastmastery,18,7,11
11707,Peiching,proudmoore,671,hunter,beastmastery,18,7,11
11708,Cotó,stormrage,671,hunter,beastmastery,18,7,11
11709,Amortiz,illidan,671,hunter,beastmastery,18,7,11
11710,Threethirty,thrall,671,hunter,beastmastery,18,7,11
11711,Genowin,sargeras,671,hunter,beastmastery,18,7,11
11712,Ratfood,tichondrius,671,hunter,beastmastery,23,7,16
11713,Ddänz,kiljaeden,671,hunter,beastmastery,27,8,19
11714,Yanzz,spinebreaker,670,hunter,beastmastery,12,7,5
11715,Easypoacher,tichondrius,670,hunter,beastmastery,12,7,5
11716,Fawn,moon-guard,670,hunter,beastmastery,18,7,11
11717,Spaeth,borean-tundra,670,hunter,beastmastery,24,7,17
11718,Neurosurgery,azralon,669,hunter,beastmastery,18,7,11
11719,Morenarösa,nemesis,669,hunter,beastmastery,24,7,17
11720,Strafenshoot,darkspear,666,hunter,beastmastery,12,7,5
11721,Elisen,frostmourne,665,hunter,beastmastery,30,7,23
11722,Eastera,tichondrius,663,hunter,beastmastery,27,8,19
11723,Theprovider,burning-blade,659,hunter,beastmastery,12,7,5
11724,Benryats,area-52,657,hunter,beastmastery,21,8,13
11725,Lyduc,barthilas,655,hunter,beastmastery,17,7,10
11726,Boomsprocket,khazgoroth,639,hunter,beastmastery,8,8,0
11727,Hawkkeye,thunderlord,639,hunter,beastmastery,17,7,10
11728,Hikkupz,tichondrius,639,hunter,beastmastery,17,7,10
11729,Scaredcrow,azshara,639,hunter,beastmastery,28,7,21
11730,Hunbatz,dalaran,634,hunter,beastmastery,19,9,10
11731,Árescarries,shuhalo,623,hunter,beastmastery,15,7,8
11732,Ashx,nemesis,623,hunter,beastmastery,17,7,10
11733,Loktarnum,illidan,607,hunter,beastmastery,14,7,7
11734,Supdawg,aggramar,607,hunter,beastmastery,17,7,10
11735,Shanghunt,cenarius,604,hunter,beastmastery,14,7,7
11736,Oshosiwar,ragnaros,588,hunter,beastmastery,21,7,14
11737,Rekkis,area-52,576,hunter,beastmastery,6,6,0
11738,Píps,maelstrom,576,hunter,beastmastery,6,6,0
11739,Gassmask,area-52,576,hunter,beastmastery,6,6,0
11740,Igotapvpness,tichondrius,576,hunter,beastmastery,6,6,0
11741,Jjaro,area-52,576,hunter,beastmastery,6,6,0
11742,Evolushun,kiljaeden,576,hunter,beastmastery,9,7,2
11743,Marexx,tichondrius,576,hunter,beastmastery,12,6,6
11744,Zeedii,dalaran,576,hunter,beastmastery,12,6,6
11745,Dbrickashaw,proudmoore,576,hunter,beastmastery,12,6,6
11746,Darkoshuntar,tichondrius,576,hunter,beastmastery,12,6,6
11747,Vindication,ysera,576,hunter,beastmastery,12,6,6
11748,Squírtle,ragnaros,576,hunter,beastmastery,12,6,6
11749,Conizle,sargeras,576,hunter,beastmastery,12,6,6
11750,Geregaux,sargeras,576,hunter,beastmastery,12,6,6
11751,Hxnry,barthilas,576,hunter,beastmastery,12,6,6
11752,Wongy,tichondrius,576,hunter,beastmastery,12,6,6
11753,Retaâáàäãart,tichondrius,576,hunter,beastmastery,12,6,6
11754,Jonah,sargeras,576,hunter,beastmastery,12,6,6
11755,Elyssandrá,thrall,576,hunter,beastmastery,12,6,6
11756,Huntard,stormrage,576,hunter,beastmastery,12,6,6
11757,Kånade,ragnaros,576,hunter,beastmastery,12,6,6
11758,Skyfel,aggramar,576,hunter,beastmastery,12,6,6
11759,Spottedoger,burning-legion,576,hunter,beastmastery,12,6,6
11760,Toniic,moon-guard,576,hunter,beastmastery,12,6,6
11761,Tyrokk,barthilas,576,hunter,beastmastery,12,6,6
11762,Raadun,terokkar,576,hunter,beastmastery,12,6,6
11763,Runforthehil,barthilas,576,hunter,beastmastery,12,6,6
11764,Zizilio,kelthuzad,576,hunter,beastmastery,12,6,6
11765,Digitizoid,tichondrius,576,hunter,beastmastery,12,6,6
11766,Thoridhal,quelthalas,576,hunter,beastmastery,12,6,6
11767,Khanittus,area-52,576,hunter,beastmastery,12,6,6
11768,Ecl,azralon,576,hunter,beastmastery,12,6,6
11769,Jwzz,tichondrius,576,hunter,beastmastery,12,6,6
11770,Wrècked,kiljaeden,576,hunter,beastmastery,12,6,6
11771,Shøz,wyrmrest-accord,576,hunter,beastmastery,12,6,6
11772,Undeadroach,tichondrius,576,hunter,beastmastery,12,6,6
11773,Evilblammo,thorium-brotherhood,576,hunter,beastmastery,12,6,6
11774,Hunterpk,lightbringer,576,hunter,beastmastery,12,6,6
11775,Alochol,vashj,576,hunter,beastmastery,12,6,6
11776,Zookeepah,tichondrius,576,hunter,beastmastery,12,6,6
11777,Zertkal,undermine,576,hunter,beastmastery,12,6,6
11778,Pikabow,tichondrius,576,hunter,beastmastery,12,6,6
11779,Raerdun,bonechewer,576,hunter,beastmastery,12,6,6
11780,Nytefell,skullcrusher,576,hunter,beastmastery,12,6,6
11781,Kyoü,drakkari,576,hunter,beastmastery,12,6,6
11782,Ahncheolsoo,tichondrius,576,hunter,beastmastery,12,6,6
11783,Scurvypete,perenolde,576,hunter,beastmastery,12,6,6
11784,Balboa,tortheldrin,576,hunter,beastmastery,12,6,6
11785,Somethinglit,sargeras,576,hunter,beastmastery,12,6,6
11786,Jalinhabbei,azralon,576,hunter,beastmastery,12,6,6
11787,Jboogie,malganis,576,hunter,beastmastery,12,6,6
11788,Fma,stormrage,576,hunter,beastmastery,12,6,6
11789,Shyck,ragnaros,576,hunter,beastmastery,12,6,6
11790,Daylilycoast,emerald-dream,576,hunter,beastmastery,12,6,6
11791,Bloodymalik,tichondrius,576,hunter,beastmastery,12,6,6
11792,Tethro,zuljin,576,hunter,beastmastery,12,6,6
11793,Peregrin,burning-legion,576,hunter,beastmastery,12,6,6
11794,Fanikita,azralon,576,hunter,beastmastery,12,6,6
11795,Despise,frostmourne,576,hunter,beastmastery,12,6,6
11796,Gravshot,zuljin,576,hunter,beastmastery,12,6,6
11797,Gennaro,ragnaros,576,hunter,beastmastery,12,6,6
11798,Virgim,kelthuzad,576,hunter,beastmastery,12,6,6
11799,Nitroxl,illidan,576,hunter,beastmastery,12,6,6
11800,Puppe,sargeras,576,hunter,beastmastery,15,7,8
11801,Misakilr,illidan,576,hunter,beastmastery,13,6,7
11802,Arraza,ragnaros,576,hunter,beastmastery,16,7,9
11803,Justforfunxx,tichondrius,576,hunter,beastmastery,18,6,12
11804,Bowreckage,malganis,576,hunter,beastmastery,18,6,12
11805,Snipin,ragnaros,576,hunter,beastmastery,18,6,12
11806,Kanta,bleeding-hollow,576,hunter,beastmastery,18,6,12
11807,Nishinos,tichondrius,576,hunter,beastmastery,18,6,12
11808,Crumpit,moon-guard,576,hunter,beastmastery,21,6,15
11809,Yolloswag,tichondrius,576,hunter,beastmastery,24,6,18
11810,Sniffler,barthilas,576,hunter,beastmastery,24,6,18
11811,Beastbaal,sargeras,576,hunter,beastmastery,24,6,18
11812,Lulafourdedo,stormrage,575,hunter,beastmastery,7,6,1
11813,Noitrag,azralon,575,hunter,beastmastery,11,6,5
11814,Míbu,lightbringer,575,hunter,beastmastery,12,6,6
11815,Recoyl,proudmoore,575,hunter,beastmastery,12,6,6
11816,Gammaraven,dalaran,575,hunter,beastmastery,12,6,6
11817,Yobby,area-52,575,hunter,beastmastery,12,6,6
11818,Ovî,area-52,575,hunter,beastmastery,12,6,6
11819,Gwarnar,stormrage,575,hunter,beastmastery,12,6,6
11820,Eastwake,stormrage,575,hunter,beastmastery,12,6,6
11821,Asuryakha,darkspear,575,hunter,beastmastery,12,6,6
11822,Fireshots,tichondrius,575,hunter,beastmastery,12,6,6
11823,Tozier,destromath,575,hunter,beastmastery,18,6,12
11824,Revö,area-52,575,hunter,beastmastery,18,6,12
11825,Camorcaist,stormrage,575,hunter,beastmastery,18,6,12
11826,Balsagoth,azralon,575,hunter,beastmastery,18,6,12
11827,Aliciaomg,andorhal,575,hunter,beastmastery,18,6,12
11828,Arcticuz,aegwynn,574,hunter,beastmastery,12,6,6
11829,Nekrongar,agamaggan,574,hunter,beastmastery,12,6,6
11830,Shikago,wyrmrest-accord,574,hunter,beastmastery,18,6,12
11831,Kalibah,azralon,574,hunter,beastmastery,18,6,12
11832,Sapphie,frostmourne,574,hunter,beastmastery,24,6,18
11833,Rikitiki,bleeding-hollow,573,hunter,beastmastery,12,6,6
11834,Foffy,darkspear,573,hunter,beastmastery,12,6,6
11835,Dakirell,drakkari,573,hunter,beastmastery,18,6,12
11836,Pewpew,gallywix,573,hunter,beastmastery,18,6,12
11837,Pewpewd,tichondrius,572,hunter,beastmastery,12,6,6
11838,Dethh,dunemaul,572,hunter,beastmastery,12,6,6
11839,Kargathx,ragnaros,569,hunter,beastmastery,20,8,12
11840,Bluehead,emerald-dream,566,hunter,beastmastery,12,6,6
11841,Wkg,azgalor,566,hunter,beastmastery,12,6,6
11842,Squeeb,frostmourne,543,hunter,beastmastery,14,7,7
11843,Viserysll,azralon,542,hunter,beastmastery,11,6,5
11844,Socrato,tichondrius,526,hunter,beastmastery,11,6,5
11845,Ataxyus,area-52,512,hunter,beastmastery,10,6,4
11846,Aluminumfoil,kelthuzad,510,hunter,beastmastery,11,6,5
11847,Bagodonuts,malganis,510,hunter,beastmastery,17,7,10
11848,Malthiz,antonidas,507,hunter,beastmastery,22,8,14
11849,Jackcoügh,frostmourne,496,hunter,beastmastery,13,6,7
11850,Unloaded,illidan,480,hunter,beastmastery,6,5,1
11851,Oeoeoeoeoeoe,alterac-mountains,480,hunter,beastmastery,6,5,1
11852,Arrebol,tichondrius,480,hunter,beastmastery,6,5,1
11853,Yajr,black-dragonflight,480,hunter,beastmastery,6,5,1
11854,Slêv,frostmourne,480,hunter,beastmastery,6,5,1
11855,Cojáx,dalaran,480,hunter,beastmastery,6,5,1
11856,Dankshunt,arthas,480,hunter,beastmastery,6,5,1
11857,Kkoduckk,tichondrius,480,hunter,beastmastery,6,5,1
11858,Wopper,moon-guard,480,hunter,beastmastery,6,5,1
11859,Brokensnipez,area-52,480,hunter,beastmastery,6,5,1
11860,Beasting,moon-guard,480,hunter,beastmastery,6,5,1
11861,Traptrinket,sargeras,480,hunter,beastmastery,6,5,1
11862,Berkhof,tichondrius,480,hunter,beastmastery,6,5,1
11863,Zansnipes,dalaran,480,hunter,beastmastery,6,5,1
11864,Bluez,tichondrius,480,hunter,beastmastery,6,5,1
11865,Megahuntard,bleeding-hollow,480,hunter,beastmastery,6,5,1
11866,Plsnobanmee,frostmourne,480,hunter,beastmastery,6,5,1
11867,Hitx,tichondrius,480,hunter,beastmastery,6,5,1
11868,Laoai,tichondrius,480,hunter,beastmastery,6,5,1
11869,Chimeralol,area-52,480,hunter,beastmastery,6,5,1
11870,Nsjp,darkspear,480,hunter,beastmastery,6,5,1
11871,Linkolnn,sargeras,480,hunter,beastmastery,6,5,1
11872,Nokda,tichondrius,480,hunter,beastmastery,6,5,1
11873,Tèrrabite,sargeras,480,hunter,beastmastery,6,5,1
11874,Tukki,quelthalas,480,hunter,beastmastery,6,5,1
11875,Hediilyan,azralon,480,hunter,beastmastery,7,5,2
11876,Angrypepe,bleeding-hollow,480,hunter,beastmastery,12,5,7
11877,Køk,agamaggan,480,hunter,beastmastery,12,5,7
11878,Àthenaa,malygos,480,hunter,beastmastery,12,5,7
11879,Lrnb,tichondrius,480,hunter,beastmastery,12,5,7
11880,Imperatrix,emerald-dream,480,hunter,beastmastery,12,5,7
11881,Ariais,zangarmarsh,480,hunter,beastmastery,12,5,7
11882,Wønky,stormrage,480,hunter,beastmastery,12,5,7
11883,Snoozee,emerald-dream,480,hunter,beastmastery,12,5,7
11884,Nj,kiljaeden,480,hunter,beastmastery,12,5,7
11885,Drakku,zuljin,480,hunter,beastmastery,12,5,7
11886,Ferex,tichondrius,480,hunter,beastmastery,12,5,7
11887,Lissavi,tichondrius,480,hunter,beastmastery,12,5,7
11888,Nflmaster,malganis,480,hunter,beastmastery,12,5,7
11889,Sunflwerdawn,emerald-dream,480,hunter,beastmastery,12,5,7
11890,Rürü,illidan,480,hunter,beastmastery,12,5,7
11891,Xuorias,area-52,480,hunter,beastmastery,12,5,7
11892,Powdersoak,area-52,480,hunter,beastmastery,12,5,7
11893,Michaeljfox,area-52,480,hunter,beastmastery,12,5,7
11894,Viral,grizzly-hills,480,hunter,beastmastery,12,5,7
11895,Valeous,azjolnerub,480,hunter,beastmastery,12,5,7
11896,Sinvat,tichondrius,480,hunter,beastmastery,12,5,7
11897,Skillvanas,stormrage,480,hunter,beastmastery,12,5,7
11898,Zyzzmirin,illidan,480,hunter,beastmastery,12,5,7
11899,Kurmojo,hyjal,480,hunter,beastmastery,12,5,7
11900,Yatyegatchun,illidan,480,hunter,beastmastery,12,5,7
11901,Smexyhunter,moon-guard,480,hunter,beastmastery,12,5,7
11902,Taphh,moon-guard,480,hunter,beastmastery,12,5,7
11903,Mojopojo,tichondrius,480,hunter,beastmastery,12,5,7
11904,Twoshotz,stormrage,480,hunter,beastmastery,12,5,7
11905,Kolosaltraps,tichondrius,480,hunter,beastmastery,12,5,7
11906,Fallacies,moon-guard,480,hunter,beastmastery,12,5,7
11907,Mostmanly,tichondrius,480,hunter,beastmastery,12,5,7
11908,Yesterday,draka,480,hunter,beastmastery,12,5,7
11909,Fabbs,frostmourne,480,hunter,beastmastery,12,5,7
11910,Mav,dragonmaw,480,hunter,beastmastery,14,5,9
11911,Bøl,ragnaros,480,hunter,beastmastery,16,5,11
11912,Motegi,illidan,480,hunter,beastmastery,18,5,13
11913,Blockbusters,sargeras,480,hunter,beastmastery,18,5,13
11914,Amoreiene,stormrage,480,hunter,beastmastery,18,5,13
11915,Gratmuk,ragnaros,480,hunter,beastmastery,18,5,13
11916,Tazer,area-52,480,hunter,beastmastery,18,5,13
11917,Chetxs,bleeding-hollow,480,hunter,beastmastery,18,5,13
11918,Trycaza,ragnaros,480,hunter,beastmastery,18,5,13
11919,Clinteastwoo,ragnaros,480,hunter,beastmastery,18,5,13
11920,Cophunter,tichondrius,480,hunter,beastmastery,18,5,13
11921,Snoogen,illidan,480,hunter,beastmastery,18,5,13
11922,Bighuntz,bleeding-hollow,480,hunter,beastmastery,18,5,13
11923,Grindal,drakkari,480,hunter,beastmastery,18,5,13
11924,Zpax,area-52,479,hunter,beastmastery,6,5,1
11925,Mafghine,malganis,479,hunter,beastmastery,6,5,1
11926,Smallsouljah,demon-soul,479,hunter,beastmastery,12,5,7
11927,Shoya,nerzhul,479,hunter,beastmastery,12,5,7
11928,Oblíviion,stormrage,479,hunter,beastmastery,12,5,7
11929,Zhanzu,quelthalas,479,hunter,beastmastery,12,5,7
11930,Mecatrón,quelthalas,479,hunter,beastmastery,12,5,7
11931,Kairoke,azralon,479,hunter,beastmastery,12,5,7
11932,Trianthel,azralon,479,hunter,beastmastery,12,5,7
11933,Deadlyattack,barthilas,479,hunter,beastmastery,12,5,7
11934,Equipmunk,arthas,479,hunter,beastmastery,12,5,7
11935,Namikawa,stormrage,479,hunter,beastmastery,12,5,7
11936,Trushôtz,tichondrius,479,hunter,beastmastery,17,5,12
11937,Smider,magtheridon,479,hunter,beastmastery,18,5,13
11938,Tiraa,kelthuzad,479,hunter,beastmastery,18,5,13
11939,Zarrockk,emerald-dream,478,hunter,beastmastery,12,5,7
11940,Fiznits,nerzhul,478,hunter,beastmastery,18,5,13
11941,Feralhuntard,muradin,477,hunter,beastmastery,12,5,7
11942,Jîa,tichondrius,448,hunter,beastmastery,10,5,5
11943,Travisshot,tichondrius,447,hunter,beastmastery,11,5,6
11944,Gunther,korgath,447,hunter,beastmastery,11,5,6
11945,Spunky,zuluhed,447,hunter,beastmastery,11,5,6
11946,Verzatyle,frostwolf,447,hunter,beastmastery,11,5,6
11947,Vuur,korialstrasz,447,hunter,beastmastery,19,6,13
11948,Rástakhan,ragnaros,431,hunter,beastmastery,11,5,6
11949,Hazzlôk,cairne,426,hunter,beastmastery,20,7,13
11950,Malgar,zuljin,415,hunter,beastmastery,11,5,6
11951,Actioh,stormrage,384,hunter,beastmastery,6,4,2
11952,Ithanna,quelthalas,384,hunter,beastmastery,6,4,2
11953,Markymarc,tichondrius,384,hunter,beastmastery,6,4,2
11954,Jerso,zuljin,384,hunter,beastmastery,6,4,2
11955,Reilerhunt,stormrage,384,hunter,beastmastery,6,4,2
11956,Probo,aegwynn,384,hunter,beastmastery,6,4,2
11957,Strongene,aegwynn,384,hunter,beastmastery,6,4,2
11958,Dexh,frostmourne,384,hunter,beastmastery,6,4,2
11959,Kong,tichondrius,384,hunter,beastmastery,6,4,2
11960,Coppersnout,wyrmrest-accord,384,hunter,beastmastery,6,4,2
11961,Redzic,tichondrius,384,hunter,beastmastery,6,4,2
11962,Silvershot,emerald-dream,384,hunter,beastmastery,6,4,2
11963,Mhters,tichondrius,384,hunter,beastmastery,6,4,2
11964,Chichi,korgath,384,hunter,beastmastery,6,4,2
11965,Sindshai,onyxia,384,hunter,beastmastery,6,4,2
11966,Funnk,tichondrius,384,hunter,beastmastery,6,4,2
11967,Dcousins,tichondrius,384,hunter,beastmastery,6,4,2
11968,Naxhunter,stormrage,384,hunter,beastmastery,6,4,2
11969,Gorillafart,spirestone,384,hunter,beastmastery,6,4,2
11970,Yeaheh,area-52,384,hunter,beastmastery,6,4,2
11971,Heylenny,area-52,384,hunter,beastmastery,6,4,2
11972,Tangoda,tichondrius,384,hunter,beastmastery,6,4,2
11973,Ragerab,trollbane,384,hunter,beastmastery,6,4,2
11974,Chikkynuggy,destromath,384,hunter,beastmastery,6,4,2
11975,Houdan,frostmourne,384,hunter,beastmastery,6,4,2
11976,Zarnick,frostwolf,384,hunter,beastmastery,6,4,2
11977,Bodangel,galakrond,384,hunter,beastmastery,6,4,2
11978,Sôuleater,moon-guard,384,hunter,beastmastery,6,4,2
11979,Pillarington,tichondrius,384,hunter,beastmastery,6,4,2
11980,Nodougaelark,dalaran,384,hunter,beastmastery,6,4,2
11981,Chokemescara,stormrage,384,hunter,beastmastery,6,4,2
11982,Malcab,tichondrius,384,hunter,beastmastery,6,4,2
11983,Fizzpow,blackrock,384,hunter,beastmastery,6,4,2
11984,Naestrá,bleeding-hollow,384,hunter,beastmastery,6,4,2
11985,Jagare,tichondrius,384,hunter,beastmastery,6,4,2
11986,Khels,stormreaver,384,hunter,beastmastery,6,4,2
11987,Zubo,tichondrius,384,hunter,beastmastery,6,4,2
11988,Bittitan,frostmourne,384,hunter,beastmastery,6,4,2
11989,Hitcompleted,moon-guard,384,hunter,beastmastery,6,4,2
11990,Skytah,darkspear,384,hunter,beastmastery,6,4,2
11991,Bufluu,bleeding-hollow,384,hunter,beastmastery,6,4,2
11992,Mexishots,tichondrius,384,hunter,beastmastery,6,4,2
11993,Shiki,icecrown,384,hunter,beastmastery,6,4,2
11994,Snipingmilfs,zuluhed,384,hunter,beastmastery,6,4,2
11995,Tyleraq,area-52,384,hunter,beastmastery,6,4,2
11996,Ziêg,eonar,384,hunter,beastmastery,6,4,2
11997,Shedowhunter,azralon,384,hunter,beastmastery,6,4,2
11998,Recklaw,frostmourne,384,hunter,beastmastery,6,4,2
11999,Xarmozao,nemesis,384,hunter,beastmastery,6,4,2
12000,Lowlore,moon-guard,384,hunter,beastmastery,6,4,2
12001,Infatuatedx,moon-guard,384,hunter,beastmastery,6,4,2
12002,Moash,spinebreaker,384,hunter,beastmastery,6,4,2
12003,Tezcâtlipocâ,sargeras,384,hunter,beastmastery,6,4,2
12004,Byrdh,zuljin,384,hunter,beastmastery,9,5,4
12005,Nakyash,ragnaros,384,hunter,beastmastery,9,5,4
12006,Jeonghun,tichondrius,384,hunter,beastmastery,9,5,4
12007,Anteróz,tichondrius,384,hunter,beastmastery,9,4,5
12008,Rycksanches,quelthalas,384,hunter,beastmastery,10,4,6
12009,Shaevie,lothar,384,hunter,beastmastery,12,4,8
12010,Calypso,chromaggus,384,hunter,beastmastery,12,4,8
12011,Moùrningwood,stormrage,384,hunter,beastmastery,12,4,8
12012,Inetpub,stormrage,384,hunter,beastmastery,12,4,8
12013,Kaliaraan,bleeding-hollow,384,hunter,beastmastery,12,4,8
12014,Skycaptaín,lightbringer,384,hunter,beastmastery,12,4,8
12015,Bangerzx,stormrage,384,hunter,beastmastery,12,4,8
12016,Oztroza,grizzly-hills,384,hunter,beastmastery,12,4,8
12017,Artemisa,warsong,384,hunter,beastmastery,12,4,8
12018,Bówjòb,nordrassil,384,hunter,beastmastery,12,4,8
12019,Elywen,alexstrasza,384,hunter,beastmastery,12,4,8
12020,Shatterwax,area-52,384,hunter,beastmastery,12,4,8
12021,Macabre,scilla,384,hunter,beastmastery,12,4,8
12022,Bowsauce,khadgar,384,hunter,beastmastery,12,4,8
12023,Cndavyjones,akama,384,hunter,beastmastery,12,4,8
12024,Odb,kelthuzad,384,hunter,beastmastery,12,4,8
12025,Mingsomnia,kiljaeden,384,hunter,beastmastery,12,4,8
12026,Iililillilii,tichondrius,384,hunter,beastmastery,12,4,8
12027,Alkynabm,kelthuzad,384,hunter,beastmastery,12,4,8
12028,Bazanguita,tichondrius,384,hunter,beastmastery,12,4,8
12029,Throwadox,malganis,384,hunter,beastmastery,12,4,8
12030,Killatrap,malganis,384,hunter,beastmastery,12,4,8
12031,Devastavi,proudmoore,384,hunter,beastmastery,12,4,8
12032,Arcuz,quelthalas,384,hunter,beastmastery,12,4,8
12033,Grumaku,area-52,384,hunter,beastmastery,12,4,8
12034,Seanpaì,tichondrius,384,hunter,beastmastery,12,4,8
12035,Bingdat,area-52,384,hunter,beastmastery,12,4,8
12036,Twopawshunta,tichondrius,384,hunter,beastmastery,12,4,8
12037,Grimshot,boulderfist,384,hunter,beastmastery,12,4,8
12038,Päinal,area-52,384,hunter,beastmastery,12,4,8
12039,Kok,andorhal,384,hunter,beastmastery,12,4,8
12040,Xcisiion,nagrand,384,hunter,beastmastery,12,4,8
12041,Teddybowschi,sargeras,384,hunter,beastmastery,12,4,8
12042,Atheranni,azralon,384,hunter,beastmastery,12,4,8
12043,Noxura,illidan,384,hunter,beastmastery,12,4,8
12044,Kidao,emerald-dream,384,hunter,beastmastery,12,4,8
12045,Saharä,illidan,384,hunter,beastmastery,12,4,8
12046,Rogshunt,sargeras,384,hunter,beastmastery,12,4,8
12047,Sèasons,tichondrius,384,hunter,beastmastery,15,4,11
12048,Atheos,gallywix,384,hunter,beastmastery,18,4,14
12049,Boomup,tichondrius,384,hunter,beastmastery,18,4,14
12050,Ruffini,tichondrius,384,hunter,beastmastery,18,4,14
12051,Katiepie,frostmourne,384,hunter,beastmastery,18,4,14
12052,Löö,arthas,384,hunter,beastmastery,23,4,19
12053,Jônathan,tichondrius,383,hunter,beastmastery,6,4,2
12054,Gichiwalrus,emerald-dream,383,hunter,beastmastery,6,4,2
12055,Eeremm,drakkari,383,hunter,beastmastery,6,4,2
12056,Bboo,bonechewer,383,hunter,beastmastery,6,4,2
12057,Gigawrench,darkspear,383,hunter,beastmastery,6,4,2
12058,Paulayork,drakthul,383,hunter,beastmastery,12,4,8
12059,Böwjøb,illidan,383,hunter,beastmastery,12,4,8
12060,Lazygnome,azshara,383,hunter,beastmastery,12,4,8
12061,Lamper,emerald-dream,383,hunter,beastmastery,12,4,8
12062,Beatnyou,tichondrius,383,hunter,beastmastery,12,4,8
12063,Àléç,mannoroth,383,hunter,beastmastery,12,4,8
12064,Terusa,ragnaros,383,hunter,beastmastery,18,4,14
12065,Fiury,hyjal,382,hunter,beastmastery,6,4,2
12066,Etb,bleeding-hollow,382,hunter,beastmastery,12,4,8
12067,Wuzi,echo-isles,380,hunter,beastmastery,12,4,8
12068,Vicluvv,stormrage,367,hunter,beastmastery,11,4,7
12069,Sylaris,arathor,366,hunter,beastmastery,11,4,7
12070,Linszsz,nemesis,361,hunter,beastmastery,17,6,11
12071,Stimpblimp,jubeithos,352,hunter,beastmastery,10,4,6
12072,Clinkz,chogall,351,hunter,beastmastery,11,4,7
12073,Vínçent,blood-furnace,351,hunter,beastmastery,17,4,13
12074,Sadarrow,frostmourne,334,hunter,beastmastery,11,4,7
12075,Bugsßunny,sargeras,330,hunter,beastmastery,16,5,11
12076,Somethinggo,tichondrius,330,hunter,beastmastery,22,6,16
12077,Sylviai,hyjal,319,hunter,beastmastery,8,4,4
12078,Resonators,tichondrius,304,hunter,beastmastery,7,4,3
12079,Ironova,illidan,288,hunter,beastmastery,6,3,3
12080,Venj,proudmoore,288,hunter,beastmastery,6,3,3
12081,Gudlukk,stormrage,288,hunter,beastmastery,6,3,3
12082,Tibineids,stormrage,288,hunter,beastmastery,6,3,3
12083,Onahai,tichondrius,288,hunter,beastmastery,6,3,3
12084,Therealgam,the-underbog,288,hunter,beastmastery,6,3,3
12085,Barrohunt,tichondrius,288,hunter,beastmastery,6,3,3
12086,Wannakill,stormrage,288,hunter,beastmastery,6,3,3
12087,Enonoa,thunderlord,288,hunter,beastmastery,6,3,3
12088,Grayføxx,twisting-nether,288,hunter,beastmastery,6,3,3
12089,Britannian,moon-guard,288,hunter,beastmastery,6,3,3
12090,Oddangel,azuremyst,288,hunter,beastmastery,6,3,3
12091,Thiccphat,sargeras,288,hunter,beastmastery,6,3,3
12092,Lyler,tichondrius,288,hunter,beastmastery,6,3,3
12093,Fakerz,stormrage,288,hunter,beastmastery,6,3,3
12094,Hannes,boulderfist,288,hunter,beastmastery,6,3,3
12095,Parâsite,kelthuzad,288,hunter,beastmastery,6,3,3
12096,Billcsbyswtr,sargeras,288,hunter,beastmastery,6,3,3
12097,Makeastinky,malfurion,288,hunter,beastmastery,6,3,3
12098,Nyloc,dalvengyr,288,hunter,beastmastery,6,3,3
12099,Rachetbutt,tichondrius,288,hunter,beastmastery,6,3,3
12100,Mastasnipa,illidan,288,hunter,beastmastery,6,3,3
12101,Hobbléfoot,proudmoore,288,hunter,beastmastery,6,3,3
12102,Adapted,proudmoore,288,hunter,beastmastery,6,3,3
12103,Sabanna,proudmoore,288,hunter,beastmastery,6,3,3
12104,Saynice,warsong,288,hunter,beastmastery,6,3,3
12105,Norgalys,proudmoore,288,hunter,beastmastery,6,3,3
12106,Harmfulwang,emerald-dream,288,hunter,beastmastery,6,3,3
12107,Stel,tichondrius,288,hunter,beastmastery,6,3,3
12108,Bountybud,kiljaeden,288,hunter,beastmastery,6,3,3
12109,Chouklak,zuljin,288,hunter,beastmastery,6,3,3
12110,Skarioth,azralon,288,hunter,beastmastery,6,3,3
12111,Realzanderr,antonidas,288,hunter,beastmastery,6,3,3
12112,Vikshen,illidan,288,hunter,beastmastery,6,3,3
12113,Tetzuo,illidan,288,hunter,beastmastery,6,3,3
12114,Warrccjr,steamwheedle-cartel,288,hunter,beastmastery,6,3,3
12115,Backa,jubeithos,288,hunter,beastmastery,6,3,3
12116,Cefla,illidan,288,hunter,beastmastery,6,3,3
12117,Relaxnerd,antonidas,288,hunter,beastmastery,6,3,3
12118,Bmsurvmm,tichondrius,288,hunter,beastmastery,6,3,3
12119,Vicarnam,uldum,288,hunter,beastmastery,6,3,3
12120,Herroo,thrall,288,hunter,beastmastery,6,3,3
12121,Longshott,azralon,288,hunter,beastmastery,6,3,3
12122,Airoh,gorefiend,288,hunter,beastmastery,6,3,3
12123,Cluhaywood,zuljin,288,hunter,beastmastery,6,3,3
12124,Deahtgab,ragnaros,288,hunter,beastmastery,6,3,3
12125,Redthedeer,warsong,288,hunter,beastmastery,6,3,3
12126,Guacmec,tichondrius,288,hunter,beastmastery,6,3,3
12127,Jellyleg,bleeding-hollow,288,hunter,beastmastery,6,3,3
12128,Exabyssus,bleeding-hollow,288,hunter,beastmastery,6,3,3
12129,Oblio,silvermoon,288,hunter,beastmastery,6,3,3
12130,Soberish,bleeding-hollow,288,hunter,beastmastery,6,3,3
12131,Wanshöt,tichondrius,288,hunter,beastmastery,6,3,3
12132,Mynds,stormrage,288,hunter,beastmastery,6,3,3
12133,Raainha,stormrage,288,hunter,beastmastery,6,3,3
12134,Thejw,firetree,288,hunter,beastmastery,6,3,3
12135,Scolhunter,scarlet-crusade,288,hunter,beastmastery,6,3,3
12136,Braxigarr,area-52,288,hunter,beastmastery,6,3,3
12137,Ljai,gilneas,288,hunter,beastmastery,6,3,3
12138,Archetype,bladefist,288,hunter,beastmastery,6,3,3
12139,Viavii,barthilas,288,hunter,beastmastery,6,3,3
12140,Urukah,gallywix,288,hunter,beastmastery,6,3,3
12141,Mogradme,shadowsong,288,hunter,beastmastery,6,3,3
12142,Pewpewbang,muradin,288,hunter,beastmastery,6,3,3
12143,Aldurion,wyrmrest-accord,288,hunter,beastmastery,6,3,3
12144,Bagofsnit,frostmourne,288,hunter,beastmastery,6,3,3
12145,Beastmodex,quelthalas,288,hunter,beastmastery,6,3,3
12146,Chrisp,bloodhoof,288,hunter,beastmastery,6,3,3
12147,Moyria,quelthalas,288,hunter,beastmastery,6,3,3
12148,Trailed,dalaran,288,hunter,beastmastery,6,3,3
12149,Emart,bloodhoof,288,hunter,beastmastery,6,3,3
12150,Blastinnagas,tichondrius,288,hunter,beastmastery,6,3,3
12151,Enigmer,area-52,288,hunter,beastmastery,6,3,3
12152,Latrampoza,quelthalas,288,hunter,beastmastery,6,3,3
12153,Goraku,dalaran,288,hunter,beastmastery,6,3,3
12154,Orqism,tichondrius,288,hunter,beastmastery,6,3,3
12155,Dualp,tichondrius,288,hunter,beastmastery,6,3,3
12156,Brorc,kul-tiras,288,hunter,beastmastery,6,3,3
12157,Nalsa,tichondrius,288,hunter,beastmastery,6,3,3
12158,Leadblaster,gorefiend,288,hunter,beastmastery,6,3,3
12159,Díllý,area-52,288,hunter,beastmastery,6,3,3
12160,Zeroday,emerald-dream,288,hunter,beastmastery,6,3,3
12161,Teaa,dalaran,288,hunter,beastmastery,6,3,3
12162,Siimmplicitz,area-52,288,hunter,beastmastery,6,3,3
12163,Kalekros,tichondrius,288,hunter,beastmastery,6,3,3
12164,Perfectcrit,area-52,288,hunter,beastmastery,6,3,3
12165,Vinksy,sargeras,288,hunter,beastmastery,6,3,3
12166,Akirarika,wyrmrest-accord,288,hunter,beastmastery,6,3,3
12167,Ballistik,area-52,288,hunter,beastmastery,6,3,3
12168,Shallwe,frostmourne,288,hunter,beastmastery,6,3,3
12169,Wiittig,hyjal,288,hunter,beastmastery,6,3,3
12170,Yoyoletsgo,malganis,288,hunter,beastmastery,6,3,3
12171,Nexxa,muradin,288,hunter,beastmastery,6,3,3
12172,Burguir,ragnaros,288,hunter,beastmastery,6,3,3
12173,Mcfibers,malganis,288,hunter,beastmastery,6,3,3
12174,Firskin,frostmourne,288,hunter,beastmastery,6,3,3
12175,Gugubird,proudmoore,288,hunter,beastmastery,6,3,3
12176,Jungling,kelthuzad,288,hunter,beastmastery,6,3,3
12177,Georgigeo,turalyon,288,hunter,beastmastery,6,3,3
12178,Harosh,azralon,288,hunter,beastmastery,6,3,3
12179,Autismo,garithos,288,hunter,beastmastery,6,3,3
12180,Trixex,darkspear,288,hunter,beastmastery,6,3,3
12181,Popshotz,khazgoroth,288,hunter,beastmastery,6,3,3
12182,Llachiip,zuljin,288,hunter,beastmastery,10,4,6
12183,Aybeara,area-52,288,hunter,beastmastery,12,3,9
12184,Grlzzlyadams,norgannon,288,hunter,beastmastery,12,3,9
12185,Zhona,moon-guard,288,hunter,beastmastery,12,3,9
12186,Wargodthor,blades-edge,288,hunter,beastmastery,12,3,9
12187,Brewster,burning-legion,288,hunter,beastmastery,12,3,9
12188,Harÿn,nemesis,288,hunter,beastmastery,12,3,9
12189,Aamoody,bloodhoof,288,hunter,beastmastery,12,3,9
12190,Rinasonline,sargeras,288,hunter,beastmastery,12,3,9
12191,Natnat,sargeras,288,hunter,beastmastery,12,3,9
12192,Punkrockguy,illidan,288,hunter,beastmastery,12,3,9
12193,Dieplox,thunderhorn,288,hunter,beastmastery,12,3,9
12194,Terrygross,sargeras,288,hunter,beastmastery,12,3,9
12195,Elfinballz,khadgar,288,hunter,beastmastery,12,3,9
12196,Thiande,zuljin,288,hunter,beastmastery,12,3,9
12197,Hohohohahah,gallywix,288,hunter,beastmastery,12,3,9
12198,Fistbèk,bleeding-hollow,288,hunter,beastmastery,12,3,9
12199,Dunkam,quelthalas,288,hunter,beastmastery,12,3,9
12200,Bowflëx,zuljin,288,hunter,beastmastery,12,3,9
12201,Ryanderanged,wyrmrest-accord,288,hunter,beastmastery,12,3,9
12202,Dodirty,laughing-skull,288,hunter,beastmastery,12,3,9
12203,Leggodex,caelestrasz,288,hunter,beastmastery,12,3,9
12204,Jgalth,chogall,288,hunter,beastmastery,12,3,9
12205,Nikå,ragnaros,288,hunter,beastmastery,12,3,9
12206,Gunwalk,azjolnerub,288,hunter,beastmastery,12,3,9
12207,Rooman,ragnaros,288,hunter,beastmastery,12,3,9
12208,Kharthorin,moon-guard,288,hunter,beastmastery,12,3,9
12209,Tarah,lightbringer,288,hunter,beastmastery,12,3,9
12210,Scythedom,tichondrius,288,hunter,beastmastery,12,3,9
12211,Digsites,emerald-dream,288,hunter,beastmastery,12,3,9
12212,Prowd,staghelm,288,hunter,beastmastery,12,3,9
12213,Delanooch,rexxar,288,hunter,beastmastery,12,3,9
12214,ßloodmain,tichondrius,288,hunter,beastmastery,12,3,9
12215,Tanrith,dark-iron,288,hunter,beastmastery,12,3,9
12216,Neríne,drakkari,288,hunter,beastmastery,12,3,9
12217,Toozz,frostmourne,288,hunter,beastmastery,12,3,9
12218,Rice,veknilash,288,hunter,beastmastery,12,3,9
12219,Jezoo,frostmourne,288,hunter,beastmastery,18,3,15
12220,Blanar,quelthalas,288,hunter,beastmastery,18,3,15
12221,Kango,azgalor,288,hunter,beastmastery,18,3,15
12222,Yiyixx,tichondrius,288,hunter,beastmastery,18,3,15
12223,Drpenatrator,barthilas,287,hunter,beastmastery,6,3,3
12224,Pureguava,gorefiend,287,hunter,beastmastery,6,3,3
12225,Luzyfer,quelthalas,287,hunter,beastmastery,6,3,3
12226,Euroniimus,ragnaros,287,hunter,beastmastery,6,3,3
12227,Wolftracer,sargeras,287,hunter,beastmastery,6,3,3
12228,Ledan,lightnings-blade,287,hunter,beastmastery,6,3,3
12229,Maveraxx,executus,287,hunter,beastmastery,12,3,9
12230,Arin,suramar,287,hunter,beastmastery,12,3,9
12231,Acotas,blades-edge,286,hunter,beastmastery,6,3,3
12232,Mehtcurious,ragnaros,286,hunter,beastmastery,12,3,9
12233,Darkally,blades-edge,285,hunter,beastmastery,12,3,9
12234,Twatshót,burning-legion,281,hunter,beastmastery,15,5,10
12235,Salurian,destromath,271,hunter,beastmastery,11,3,8
12236,Bulszeye,azgalor,255,hunter,beastmastery,8,4,4
12237,Tearsofnoobs,tichondrius,255,hunter,beastmastery,9,4,5
12238,Pokeyourbutt,hydraxis,240,hunter,beastmastery,15,3,12
12239,Metrallon,black-dragonflight,239,hunter,beastmastery,5,3,2
12240,Diisdik,tichondrius,239,hunter,beastmastery,5,3,2
12241,Trycen,bleeding-hollow,239,hunter,beastmastery,5,3,2
12242,Vicecheney,illidan,239,hunter,beastmastery,5,3,2
12243,Léfty,nagrand,239,hunter,beastmastery,11,3,8
12244,Djcummyfeet,stormrage,234,hunter,beastmastery,17,6,11
12245,Feralcat,nazjatar,208,hunter,beastmastery,13,3,10
12246,Kansolly,tichondrius,192,hunter,beastmastery,6,2,4
12247,Shootermgavn,frostmourne,192,hunter,beastmastery,6,2,4
12248,Solderboi,tichondrius,192,hunter,beastmastery,6,2,4
12249,Pfheign,area-52,192,hunter,beastmastery,6,2,4
12250,Ussy,area-52,192,hunter,beastmastery,6,2,4
12251,Zoopdapoop,dalaran,192,hunter,beastmastery,6,2,4
12252,Blakespace,area-52,192,hunter,beastmastery,6,2,4
12253,Thunderbúll,tichondrius,192,hunter,beastmastery,6,2,4
12254,Drimhuzzah,velen,192,hunter,beastmastery,6,2,4
12255,Hollee,turalyon,192,hunter,beastmastery,6,2,4
12256,Varianhunter,kelthuzad,192,hunter,beastmastery,6,2,4
12257,Gruì,malganis,192,hunter,beastmastery,6,2,4
12258,Gohan,jubeithos,192,hunter,beastmastery,6,2,4
12259,Powerful,aerie-peak,192,hunter,beastmastery,6,2,4
12260,Etarie,malganis,192,hunter,beastmastery,6,2,4
12261,Mojito,frostmourne,192,hunter,beastmastery,6,2,4
12262,Habanero,anetheron,192,hunter,beastmastery,6,2,4
12263,Munrrack,ragnaros,192,hunter,beastmastery,6,2,4
12264,Diacachimbaa,ragnaros,192,hunter,beastmastery,6,2,4
12265,Juicyfruit,bleeding-hollow,192,hunter,beastmastery,6,2,4
12266,Survbot,malganis,192,hunter,beastmastery,6,2,4
12267,Alikay,ragnaros,192,hunter,beastmastery,6,2,4
12268,Impërïum,zuljin,192,hunter,beastmastery,6,2,4
12269,Åî,tichondrius,192,hunter,beastmastery,6,2,4
12270,Hüh,area-52,192,hunter,beastmastery,6,2,4
12271,Verzoz,illidan,192,hunter,beastmastery,6,2,4
12272,Revengexyz,zuljin,192,hunter,beastmastery,6,2,4
12273,Plastera,zuljin,192,hunter,beastmastery,6,2,4
12274,Caligar,tichondrius,192,hunter,beastmastery,6,2,4
12275,Xavííer,tichondrius,192,hunter,beastmastery,6,2,4
12276,Ikiteforfood,zuljin,192,hunter,beastmastery,6,2,4
12277,Warplaquee,zuljin,192,hunter,beastmastery,6,2,4
12278,Dreadrahl,deathwing,192,hunter,beastmastery,6,2,4
12279,Rämbow,frostmourne,192,hunter,beastmastery,6,2,4
12280,Monffbc,tichondrius,192,hunter,beastmastery,6,2,4
12281,Snaken,the-forgotten-coast,192,hunter,beastmastery,6,2,4
12282,Barrelsofrum,illidan,192,hunter,beastmastery,6,2,4
12283,Vanpeltz,illidan,192,hunter,beastmastery,6,2,4
12284,Autoshotxprt,frostmourne,192,hunter,beastmastery,6,2,4
12285,Singer,lothar,192,hunter,beastmastery,6,2,4
12286,Frìtz,barthilas,192,hunter,beastmastery,6,2,4
12287,Totolol,trollbane,192,hunter,beastmastery,6,2,4
12288,Shådé,stormrage,192,hunter,beastmastery,6,2,4
12289,Viracha,stormrage,192,hunter,beastmastery,6,2,4
12290,Wooftoof,frostmourne,192,hunter,beastmastery,6,2,4
12291,Greasyboi,tichondrius,192,hunter,beastmastery,6,2,4
12292,Seenobody,stormrage,192,hunter,beastmastery,6,2,4
12293,Dnicee,stormrage,192,hunter,beastmastery,6,2,4
12294,Kudzue,illidan,192,hunter,beastmastery,6,2,4
12295,Purpreynolds,tichondrius,192,hunter,beastmastery,6,2,4
12296,Presleyjane,tichondrius,192,hunter,beastmastery,6,2,4
12297,Nahzah,stormrage,192,hunter,beastmastery,6,2,4
12298,Yangthekhunt,tichondrius,192,hunter,beastmastery,6,2,4
12299,Harrowin,area-52,192,hunter,beastmastery,6,2,4
12300,Nevon,azralon,192,hunter,beastmastery,6,2,4
12301,Bluntcrushed,area-52,192,hunter,beastmastery,6,2,4
12302,Fjdominador,azralon,192,hunter,beastmastery,6,2,4
12303,Madsniper,thunderlord,192,hunter,beastmastery,6,2,4
12304,Rúdrá,area-52,192,hunter,beastmastery,6,2,4
12305,Neverwipes,frostmourne,192,hunter,beastmastery,6,2,4
12306,Skillhunter,tichondrius,192,hunter,beastmastery,6,2,4
12307,Urukkz,goldrinn,192,hunter,beastmastery,6,2,4
12308,Defacecilth,dalaran,192,hunter,beastmastery,6,2,4
12309,Camfeed,illidan,192,hunter,beastmastery,6,2,4
12310,Ivanjackenov,illidan,192,hunter,beastmastery,6,2,4
12311,Bloodstark,dreadmaul,192,hunter,beastmastery,6,2,4
12312,Csadark,nemesis,192,hunter,beastmastery,6,2,4
12313,Chaseurnoir,exodar,192,hunter,beastmastery,6,2,4
12314,Rostter,azralon,192,hunter,beastmastery,6,2,4
12315,Magvez,tichondrius,192,hunter,beastmastery,6,2,4
12316,Yugno,wildhammer,192,hunter,beastmastery,6,2,4
12317,Softhunter,tichondrius,192,hunter,beastmastery,6,2,4
12318,Smokiiganja,proudmoore,192,hunter,beastmastery,6,2,4
12319,Aaggros,sargeras,192,hunter,beastmastery,6,2,4
12320,Critaclyzm,moon-guard,192,hunter,beastmastery,6,2,4
12321,Jumeog,stormscale,192,hunter,beastmastery,6,2,4
12322,Fova,wyrmrest-accord,192,hunter,beastmastery,6,2,4
12323,Zarknoth,cenarius,192,hunter,beastmastery,6,2,4
12324,Sukr,korgath,192,hunter,beastmastery,6,2,4
12325,Pressbro,tichondrius,192,hunter,beastmastery,6,2,4
12326,Zellor,wyrmrest-accord,192,hunter,beastmastery,6,2,4
12327,Sativ,moknathal,192,hunter,beastmastery,6,2,4
12328,Capnjack,hyjal,192,hunter,beastmastery,6,2,4
12329,Twocranes,tichondrius,192,hunter,beastmastery,6,2,4
12330,Chømp,tichondrius,192,hunter,beastmastery,6,2,4
12331,Nubcaks,nerzhul,192,hunter,beastmastery,6,2,4
12332,Skolzero,azralon,192,hunter,beastmastery,6,2,4
12333,Nanotorque,moon-guard,192,hunter,beastmastery,6,2,4
12334,Flor,boulderfist,192,hunter,beastmastery,6,2,4
12335,Garble,darkspear,192,hunter,beastmastery,6,2,4
12336,Doves,wyrmrest-accord,192,hunter,beastmastery,6,2,4
12337,Notoffended,sargeras,192,hunter,beastmastery,6,2,4
12338,Pickshot,boulderfist,192,hunter,beastmastery,6,2,4
12339,Mídnîght,azralon,192,hunter,beastmastery,6,2,4
12340,Dynith,sargeras,192,hunter,beastmastery,6,2,4
12341,Thugio,sargeras,192,hunter,beastmastery,6,2,4
12342,Zaydenm,sargeras,192,hunter,beastmastery,6,2,4
12343,Blickymon,wyrmrest-accord,192,hunter,beastmastery,6,2,4
12344,Equalizér,sargeras,192,hunter,beastmastery,6,2,4
12345,Expskippy,darkspear,192,hunter,beastmastery,6,2,4
12346,Jbahh,hyjal,192,hunter,beastmastery,6,2,4
12347,Cufless,proudmoore,192,hunter,beastmastery,6,2,4
12348,Ganderion,sargeras,192,hunter,beastmastery,6,2,4
12349,Illrannevian,garrosh,192,hunter,beastmastery,6,2,4
12350,Ratbasterrd,darkspear,192,hunter,beastmastery,6,2,4
12351,Nfo,lightbringer,192,hunter,beastmastery,6,2,4
12352,Rhyzen,drenden,192,hunter,beastmastery,6,2,4
12353,Budget,emerald-dream,192,hunter,beastmastery,6,2,4
12354,Graatata,shandris,192,hunter,beastmastery,6,2,4
12355,Jämmëdclïp,emerald-dream,192,hunter,beastmastery,6,2,4
12356,Shootr,darkspear,192,hunter,beastmastery,6,2,4
12357,Clütch,darkspear,192,hunter,beastmastery,6,2,4
12358,Hötdôg,kiljaeden,192,hunter,beastmastery,6,2,4
12359,Hìrcine,nesingwary,192,hunter,beastmastery,6,2,4
12360,Seratoninx,malganis,192,hunter,beastmastery,9,2,7
12361,Aeriladin,moon-guard,192,hunter,beastmastery,12,2,10
12362,Gilonate,tichondrius,192,hunter,beastmastery,12,2,10
12363,Thyladaern,kiljaeden,192,hunter,beastmastery,12,2,10
12364,Tânsøxøxø,tichondrius,192,hunter,beastmastery,12,2,10
12365,Lhax,stormrage,192,hunter,beastmastery,12,2,10
12366,Arrowzpeckt,tichondrius,192,hunter,beastmastery,12,2,10
12367,Meetdmonster,illidan,192,hunter,beastmastery,12,2,10
12368,Tánsøxøxø,tichondrius,192,hunter,beastmastery,12,2,10
12369,Bjj,eonar,192,hunter,beastmastery,12,2,10
12370,Khabul,area-52,192,hunter,beastmastery,12,2,10
12371,Carloslaun,drakkari,192,hunter,beastmastery,12,2,10
12372,Ullr,gurubashi,192,hunter,beastmastery,12,2,10
12373,Ijii,tichondrius,192,hunter,beastmastery,12,2,10
12374,Sojun,jaedenar,192,hunter,beastmastery,14,2,12
12375,Aiilton,gallywix,191,hunter,beastmastery,6,2,4
12376,Tuvasa,blood-furnace,191,hunter,beastmastery,6,2,4
12377,Kolarius,emerald-dream,191,hunter,beastmastery,6,2,4
12378,Stoneforged,ragnaros,191,hunter,beastmastery,6,2,4
12379,Recebaa,barthilas,191,hunter,beastmastery,6,2,4
12380,Moapax,azralon,191,hunter,beastmastery,6,2,4
12381,Enrage,queldorei,191,hunter,beastmastery,12,2,10
12382,Drakarÿs,drakkari,191,hunter,beastmastery,12,2,10
12383,Sagittarion,malfurion,190,hunter,beastmastery,7,3,4
12384,Zock,lothar,160,hunter,beastmastery,10,2,8
12385,Sleepywrld,area-52,159,hunter,beastmastery,5,2,3
12386,Stèlla,frostmourne,159,hunter,beastmastery,5,2,3
12387,Helikaon,deathwing,159,hunter,beastmastery,5,2,3
12388,Tezlekhan,haomarush,159,hunter,beastmastery,5,2,3
12389,Skrìms,tichondrius,159,hunter,beastmastery,5,2,3
12390,Maximum,tichondrius,159,hunter,beastmastery,5,2,3
12391,Lele,stormrage,138,hunter,beastmastery,8,4,4
12392,Daréz,blackrock,138,hunter,beastmastery,8,3,5
12393,Piñg,tichondrius,128,hunter,beastmastery,4,2,2
12394,Beastmastr,garrosh,128,hunter,beastmastery,4,2,2
12395,Popster,cenarius,128,hunter,beastmastery,4,2,2
12396,Laviè,tichondrius,112,hunter,beastmastery,4,3,1
12397,Opsi,ragnaros,96,hunter,beastmastery,6,1,5
12398,Poonbaddy,kiljaeden,96,hunter,beastmastery,6,1,5
12399,Panm,runetotem,96,hunter,beastmastery,6,1,5
12400,Taurenseason,sargeras,96,hunter,beastmastery,6,1,5
12401,Sõulhunter,frostmourne,96,hunter,beastmastery,6,1,5
12402,Bithiáh,quelthalas,96,hunter,beastmastery,6,1,5
12403,Wârhunt,frostmourne,96,hunter,beastmastery,6,1,5
12404,Frenchhtoast,sargeras,96,hunter,beastmastery,6,1,5
12405,Taumelz,sargeras,96,hunter,beastmastery,6,1,5
12406,Muckenfoose,frostmourne,96,hunter,beastmastery,6,1,5
12407,Warpedshots,malganis,96,hunter,beastmastery,6,1,5
12408,Penelòpe,wyrmrest-accord,96,hunter,beastmastery,6,1,5
12409,Dampteeth,sargeras,96,hunter,beastmastery,6,1,5
12410,Xclaw,llane,96,hunter,beastmastery,6,1,5
12411,Bigpie,daggerspine,96,hunter,beastmastery,6,1,5
12412,Spitballa,emerald-dream,96,hunter,beastmastery,6,1,5
12413,Baehydra,frostmourne,96,hunter,beastmastery,6,1,5
12414,Auset,aegwynn,96,hunter,beastmastery,6,1,5
12415,Marksmanpain,malganis,96,hunter,beastmastery,6,1,5
12416,Wixyy,aegwynn,96,hunter,beastmastery,6,1,5
12417,Speirs,tichondrius,96,hunter,beastmastery,6,1,5
12418,Pampas,darkspear,96,hunter,beastmastery,6,1,5
12419,Allgasnocap,kelthuzad,96,hunter,beastmastery,6,1,5
12420,Appä,lightnings-blade,96,hunter,beastmastery,6,1,5
12421,Slimetime,tichondrius,96,hunter,beastmastery,6,1,5
12422,Varag,amanthul,96,hunter,beastmastery,6,1,5
12423,Fadingtrapz,jubeithos,96,hunter,beastmastery,6,1,5
12424,Sóggybóxers,tichondrius,96,hunter,beastmastery,6,1,5
12425,Båttousai,kiljaeden,96,hunter,beastmastery,6,1,5
12426,Rexxiga,kiljaeden,96,hunter,beastmastery,6,1,5
12427,Carot,dalaran,96,hunter,beastmastery,6,1,5
12428,Nearsightedd,area-52,96,hunter,beastmastery,6,1,5
12429,Jootuber,barthilas,96,hunter,beastmastery,6,1,5
12430,Globlauncher,tichondrius,96,hunter,beastmastery,6,1,5
12431,Vencc,tichondrius,96,hunter,beastmastery,6,1,5
12432,Henhøuse,illidan,96,hunter,beastmastery,6,1,5
12433,Ilîiìîìiilil,bleeding-hollow,96,hunter,beastmastery,6,1,5
12434,Jabbar,bleeding-hollow,96,hunter,beastmastery,6,1,5
12435,Wamion,zuljin,96,hunter,beastmastery,6,1,5
12436,Percival,firetree,96,hunter,beastmastery,6,1,5
12437,Nimbioth,proudmoore,96,hunter,beastmastery,6,1,5
12438,Bertiebott,zuljin,96,hunter,beastmastery,6,1,5
12439,Murk,spirestone,96,hunter,beastmastery,6,1,5
12440,Ghostone,sargeras,96,hunter,beastmastery,6,1,5
12441,Foakus,zuljin,96,hunter,beastmastery,6,1,5
12442,Birggitte,the-venture-co,96,hunter,beastmastery,6,1,5
12443,Cynasia,maelstrom,96,hunter,beastmastery,6,1,5
12444,Huntardness,moon-guard,96,hunter,beastmastery,6,1,5
12445,Boido,ghostlands,96,hunter,beastmastery,6,1,5
12446,Dusle,azralon,96,hunter,beastmastery,6,1,5
12447,Sobala,azralon,96,hunter,beastmastery,6,1,5
12448,Mtuanwm,tichondrius,96,hunter,beastmastery,6,1,5
12449,Nachtcloverr,stormrage,96,hunter,beastmastery,6,1,5
12450,Tybierious,illidan,96,hunter,beastmastery,6,1,5
12451,Ãmi,moon-guard,96,hunter,beastmastery,6,1,5
12452,Ballinpotato,tichondrius,96,hunter,beastmastery,6,1,5
12453,Oldmandave,stormrage,96,hunter,beastmastery,6,1,5
12454,Xcopel,azralon,96,hunter,beastmastery,6,1,5
12455,Bellaphonte,stormrage,96,hunter,beastmastery,6,1,5
12456,Physical,destromath,96,hunter,beastmastery,6,1,5
12457,Espaada,tichondrius,96,hunter,beastmastery,6,1,5
12458,Robious,tichondrius,96,hunter,beastmastery,6,1,5
12459,Darkhunterr,tichondrius,96,hunter,beastmastery,6,1,5
12460,Cocobread,stormreaver,96,hunter,beastmastery,6,1,5
12461,Bosshunt,whisperwind,96,hunter,beastmastery,6,1,5
12462,Jaboe,thrall,96,hunter,beastmastery,6,1,5
12463,Boyarsky,area-52,96,hunter,beastmastery,6,1,5
12464,Justin,agamaggan,96,hunter,beastmastery,6,1,5
12465,Patcherson,kargath,96,hunter,beastmastery,6,1,5
12466,Chosan,sargeras,96,hunter,beastmastery,6,1,5
12467,Bendotexe,stormrage,96,hunter,beastmastery,7,1,6
12468,Divineseraph,dentarg,96,hunter,beastmastery,12,1,11
12469,Tydee,nagrand,96,hunter,beastmastery,12,1,11
12470,Tinsho,drakkari,96,hunter,beastmastery,12,1,11
12471,Kaitoo,tichondrius,96,hunter,beastmastery,12,1,11
12472,Desoh,kelthuzad,96,hunter,beastmastery,12,1,11
12473,Kölhberg,azralon,64,hunter,beastmastery,10,1,9
12474,Jonyvi,stormrage,63,hunter,beastmastery,2,2,0
12475,Triggamikê,tichondrius,63,hunter,beastmastery,2,2,0
12476,Yory,tol-barad,48,hunter,beastmastery,3,1,2
12477,Falsifier,ragnaros,48,hunter,beastmastery,3,1,2
12478,Luckione,destromath,48,hunter,beastmastery,3,1,2
12479,Memorypet,proudmoore,48,hunter,beastmastery,3,1,2
12480,Bowjoblul,stormrage,42,hunter,beastmastery,9,2,7
12481,Voladren,moon-guard,31,hunter,beastmastery,2,1,1
12482,Khillin,destromath,31,hunter,beastmastery,2,1,1
12483,Numbing,sargeras,2233,mage,arcane,100,54,46
12484,Venruki,tichondrius,2137,mage,arcane,78,44,34
12485,Cvark,sargeras,2123,mage,arcane,76,45,31
12486,Ktp,tichondrius,2067,mage,arcane,72,42,30
12487,Junglejape,tichondrius,1967,mage,arcane,54,35,19
12488,Whiterice,zuljin,1879,mage,arcane,50,31,19
12489,Bambambilly,kelthuzad,1864,mage,arcane,78,43,35
12490,Bíscuít,illidan,1864,mage,arcane,139,76,63
12491,Birdfather,tichondrius,1861,mage,arcane,48,33,15
12492,Snortmeth,area-52,1841,mage,arcane,90,58,32
12493,Vampìrelolz,tichondrius,1809,mage,arcane,48,26,22
12494,Oneschool,sargeras,1781,mage,arcane,48,24,24
12495,Juicemage,tichondrius,1779,mage,arcane,54,27,27
12496,Elfmage,tichondrius,1777,mage,arcane,30,19,11
12497,Hallat,archimonde,1775,mage,arcane,281,139,142
12498,Mokelovin,sargeras,1757,mage,arcane,47,26,21
12499,Ezchallenger,undermine,1751,mage,arcane,66,28,38
12500,Lmaginedying,illidan,1715,mage,arcane,30,24,6
12501,Delibro,tichondrius,1709,mage,arcane,46,27,19
12502,Zps,illidan,1706,mage,arcane,72,40,32
12503,Nyj,tichondrius,1695,mage,arcane,53,31,22
12504,Clutchy,gorefiend,1672,mage,arcane,42,29,13
12505,Ligmmah,stormrage,1672,mage,arcane,36,21,15
12506,Maegwynah,jaedenar,1665,mage,arcane,40,20,20
12507,Shwaysted,burning-blade,1657,mage,arcane,42,22,20
12508,Tbkz,amanthul,1656,mage,arcane,42,20,22
12509,Exterminatüs,tichondrius,1652,mage,arcane,81,41,40
12510,Höövalt,illidan,1641,mage,arcane,30,20,10
12511,Xialing,tichondrius,1631,mage,arcane,40,24,16
12512,Magecombe,thrall,1617,mage,arcane,30,17,13
12513,Arianark,sargeras,1616,mage,arcane,42,28,14
12514,Dmgperseç,tichondrius,1612,mage,arcane,30,20,10
12515,Proximalol,tichondrius,1610,mage,arcane,36,20,16
12516,Lucidaze,daggerspine,1608,mage,arcane,116,61,55
12517,Hööva,illidan,1604,mage,arcane,30,17,13
12518,Rhythmdog,tichondrius,1603,mage,arcane,45,21,24
12519,Primearcanis,tol-barad,1601,mage,arcane,48,22,26
12520,Spitemage,tichondrius,1595,mage,arcane,73,32,41
12521,Sestren,zuljin,1591,mage,arcane,73,34,39
12522,Felsparkles,area-52,1589,mage,arcane,54,30,24
12523,Agoniey,illidan,1572,mage,arcane,107,55,52
12524,Dbox,stormscale,1570,mage,arcane,64,36,28
12525,Ject,ragnaros,1557,mage,arcane,95,51,44
12526,Clernlol,emerald-dream,1548,mage,arcane,60,27,33
12527,Perrc,area-52,1546,mage,arcane,174,88,86
12528,Zhanna,nazjatar,1535,mage,arcane,96,47,49
12529,Prosperoh,burning-legion,1526,mage,arcane,48,25,23
12530,Wretchy,ragnaros,1523,mage,arcane,42,25,17
12531,Vênsêr,emerald-dream,1506,mage,arcane,30,16,14
12532,Cyphen,proudmoore,1500,mage,arcane,30,16,14
12533,Linkolni,azralon,1486,mage,arcane,99,54,45
12534,Hennimage,sargeras,1485,mage,arcane,140,82,58
12535,Hustle,frostmourne,1483,mage,arcane,102,53,49
12536,Alode,moon-guard,1461,mage,arcane,30,19,11
12537,Missile,frostmourne,1454,mage,arcane,36,17,19
12538,Waisted,kelthuzad,1431,mage,arcane,27,17,10
12539,Sáron,quelthalas,1412,mage,arcane,72,37,35
12540,Somariais,illidan,1399,mage,arcane,42,20,22
12541,Söngs,goldrinn,1387,mage,arcane,24,15,9
12542,Wizzyx,illidan,1373,mage,arcane,40,21,19
12543,Castarcane,nordrassil,1370,mage,arcane,36,17,19
12544,Avandal,proudmoore,1362,mage,arcane,71,29,42
12545,Valrendor,nazjatar,1359,mage,arcane,90,53,37
12546,Melkdud,wyrmrest-accord,1341,mage,arcane,24,14,10
12547,Themagicman,whisperwind,1324,mage,arcane,42,17,25
12548,Coôler,illidan,1313,mage,arcane,39,16,23
12549,Szrp,stormrage,1306,mage,arcane,51,23,28
12550,Ruzam,area-52,1303,mage,arcane,180,88,92
12551,Draell,drakkari,1301,mage,arcane,54,30,24
12552,Véyda,emerald-dream,1300,mage,arcane,60,30,30
12553,Airbnb,area-52,1299,mage,arcane,46,26,20
12554,Kickpollyplx,lothar,1294,mage,arcane,24,15,9
12555,Maplemage,akama,1293,mage,arcane,82,39,43
12556,Chezzmasterx,misha,1289,mage,arcane,69,34,35
12557,Jedamere,proudmoore,1260,mage,arcane,48,23,25
12558,Strêss,kelthuzad,1255,mage,arcane,123,60,63
12559,Skywalkerino,azralon,1250,mage,arcane,121,63,58
12560,Lünå,onyxia,1247,mage,arcane,24,14,10
12561,Hocusjokus,frostmourne,1246,mage,arcane,18,13,5
12562,Gessin,area-52,1245,mage,arcane,100,50,50
12563,Bananappeal,kelthuzad,1243,mage,arcane,30,13,17
12564,Unlike,sargeras,1235,mage,arcane,71,29,42
12565,Oharvestero,illidan,1234,mage,arcane,25,14,11
12566,Antifreezex,tichondrius,1227,mage,arcane,41,25,16
12567,Kevymarts,tichondrius,1210,mage,arcane,36,14,22
12568,Greenwise,illidan,1170,mage,arcane,54,28,26
12569,Gryd,area-52,1165,mage,arcane,84,44,40
12570,Yonzho,area-52,1160,mage,arcane,20,13,7
12571,Fearhades,drakkari,1159,mage,arcane,24,13,11
12572,Magnesiium,illidan,1148,mage,arcane,22,13,9
12573,Frozonnee,aggramar,1145,mage,arcane,18,12,6
12574,Thewizârd,stormrage,1145,mage,arcane,210,107,103
12575,Allýria,stormrage,1138,mage,arcane,30,12,18
12576,Firehawk,azralon,1129,mage,arcane,23,14,9
12577,Cokézero,frostmourne,1128,mage,arcane,49,24,25
12578,Chëryl,proudmoore,1119,mage,arcane,94,40,54
12579,Badwoman,tichondrius,1111,mage,arcane,36,13,23
12580,Kittikk,tichondrius,1098,mage,arcane,101,47,54
12581,Oyagi,moon-guard,1097,mage,arcane,89,42,47
12582,Gin,nemesis,1091,mage,arcane,30,12,18
12583,Cassanara,moon-guard,1090,mage,arcane,30,13,17
12584,Dereliction,nagrand,1087,mage,arcane,48,22,26
12585,Spart,runetotem,1087,mage,arcane,27,12,15
12586,Klausgc,sargeras,1084,mage,arcane,20,12,8
12587,Holbrook,greymane,1081,mage,arcane,48,17,31
12588,Arcanemagek,tichondrius,1056,mage,arcane,12,11,1
12589,Spellsteål,malganis,1055,mage,arcane,12,11,1
12590,Flaux,sargeras,1055,mage,arcane,18,11,7
12591,Dawitchery,illidan,1055,mage,arcane,24,11,13
12592,Tommagic,tichondrius,1055,mage,arcane,30,11,19
12593,Wïzarduous,mannoroth,1053,mage,arcane,18,11,7
12594,Enthy,frostmourne,1052,mage,arcane,24,11,13
12595,Shmage,dragonmaw,1050,mage,arcane,18,11,7
12596,Astrojrue,sargeras,1049,mage,arcane,23,11,12
12597,Tsarevich,fizzcrank,1039,mage,arcane,42,18,24
12598,Smoks,stormrage,973,mage,arcane,26,12,14
12599,Raeign,frostmourne,972,mage,arcane,141,67,74
12600,Nightsaber,blackrock,960,mage,arcane,12,10,2
12601,Windwìtch,quelthalas,960,mage,arcane,18,10,8
12602,Zerathremar,proudmoore,958,mage,arcane,18,10,8
12603,Balencii,kiljaeden,957,mage,arcane,18,10,8
12604,Haze,hyjal,955,mage,arcane,18,10,8
12605,Tagere,moon-guard,954,mage,arcane,24,10,14
12606,Orderlight,alexstrasza,954,mage,arcane,24,10,14
12607,Wizfajita,malganis,951,mage,arcane,24,10,14
12608,Morkleen,korgath,943,mage,arcane,30,10,20
12609,Shadows,exodar,934,mage,arcane,24,10,14
12610,Akagamix,sargeras,917,mage,arcane,30,14,16
12611,Dietdeww,borean-tundra,913,mage,arcane,18,10,8
12612,Khierlana,hellscream,903,mage,arcane,66,27,39
12613,Mastablastar,windrunner,899,mage,arcane,23,10,13
12614,Jazzgroyper,sargeras,864,mage,arcane,18,9,9
12615,Gachaguy,bleeding-hollow,864,mage,arcane,18,9,9
12616,Viôlentj,area-52,863,mage,arcane,12,9,3
12617,Arcalìte,illidan,863,mage,arcane,15,10,5
12618,Pandazed,proudmoore,863,mage,arcane,18,9,9
12619,Edisia,moon-guard,862,mage,arcane,18,9,9
12620,Sherian,queldorei,832,mage,arcane,18,9,9
12621,Drainbamage,coilfang,810,mage,arcane,54,10,44
12622,Jackson,altar-of-storms,809,mage,arcane,60,17,43
12623,Kirayu,gilneas,798,mage,arcane,16,9,7
12624,Jööz,deathwing,768,mage,arcane,18,8,10
12625,Eludin,aegwynn,768,mage,arcane,18,8,10
12626,Crøwgawd,tichondrius,767,mage,arcane,12,8,4
12627,Watchmepog,tichondrius,767,mage,arcane,12,8,4
12628,Badboykilla,dentarg,767,mage,arcane,12,8,4
12629,Fakebusiness,area-52,767,mage,arcane,18,8,10
12630,Boredmoomoo,thunderlord,765,mage,arcane,12,8,4
12631,Archtype,azralon,764,mage,arcane,24,8,16
12632,Sceledrus,quelthalas,760,mage,arcane,18,8,10
12633,Aycc,tichondrius,735,mage,arcane,17,8,9
12634,Failedwizard,frostmourne,714,mage,arcane,34,10,24
12635,Perkaset,turalyon,703,mage,arcane,17,8,9
12636,Rof,sargeras,672,mage,arcane,12,7,5
12637,Valériemeow,tichondrius,672,mage,arcane,18,7,11
12638,Zezima,spirestone,671,mage,arcane,12,7,5
12639,Murr,boulderfist,671,mage,arcane,12,7,5
12640,Ankidar,quelthalas,671,mage,arcane,18,7,11
12641,Warthormage,stormrage,670,mage,arcane,12,7,5
12642,Austere,boulderfist,670,mage,arcane,12,7,5
12643,Derkrìeger,turalyon,670,mage,arcane,18,7,11
12644,Zimzum,bladefist,666,mage,arcane,12,7,5
12645,Søkø,tichondrius,660,mage,arcane,18,7,11
12646,Karamzov,zuljin,652,mage,arcane,18,7,11
12647,Softbody,barthilas,634,mage,arcane,27,7,20
12648,Arcanochillz,ghostlands,606,mage,arcane,20,7,13
12649,Zukoprince,azralon,576,mage,arcane,6,6,0
12650,Aeghis,stormrage,576,mage,arcane,12,6,6
12651,Astroner,frostmourne,576,mage,arcane,12,6,6
12652,Swàn,stormrage,576,mage,arcane,12,6,6
12653,Fryry,dalaran,576,mage,arcane,12,6,6
12654,Harshx,bleeding-hollow,576,mage,arcane,12,6,6
12655,Nazmagus,hydraxis,576,mage,arcane,18,6,12
12656,Moond,drakkari,575,mage,arcane,12,6,6
12657,Zayth,silvermoon,575,mage,arcane,12,6,6
12658,Mageyoulooks,kelthuzad,575,mage,arcane,18,6,12
12659,Bobalama,tichondrius,573,mage,arcane,24,6,18
12660,Waef,quelthalas,571,mage,arcane,12,6,6
12661,Enfuegoe,tichondrius,571,mage,arcane,12,6,6
12662,Instataterz,eonar,557,mage,arcane,23,6,17
12663,Esien,tichondrius,522,mage,arcane,20,7,13
12664,Unmix,tichondrius,510,mage,arcane,14,6,8
12665,Skillsbro,arthas,480,mage,arcane,6,5,1
12666,Zeró,frostmourne,480,mage,arcane,6,5,1
12667,Maxtorgar,quelthalas,480,mage,arcane,12,5,7
12668,Étel,nemesis,480,mage,arcane,12,5,7
12669,Zulugara,barthilas,480,mage,arcane,12,5,7
12670,Beerbelly,tichondrius,480,mage,arcane,12,5,7
12671,Shäräpova,zuljin,480,mage,arcane,12,5,7
12672,Hansol,farstriders,480,mage,arcane,12,5,7
12673,Cicciozi,sargeras,480,mage,arcane,12,5,7
12674,Diamondx,ragnaros,480,mage,arcane,12,5,7
12675,Wauzcrol,quelthalas,480,mage,arcane,12,5,7
12676,Dagreatone,malganis,480,mage,arcane,12,5,7
12677,Hogdog,illidan,480,mage,arcane,18,5,13
12678,Kosiris,tichondrius,480,mage,arcane,18,5,13
12679,Humpadumplin,wyrmrest-accord,478,mage,arcane,24,5,19
12680,Merlon,dalaran,476,mage,arcane,12,5,7
12681,Larouse,quelthalas,415,mage,arcane,8,5,3
12682,Noescaping,illidan,400,mage,arcane,13,5,8
12683,Garrieto,sargeras,384,mage,arcane,6,4,2
12684,Wanming,tichondrius,384,mage,arcane,6,4,2
12685,Cinnamon,boulderfist,384,mage,arcane,6,4,2
12686,Parapio,tichondrius,384,mage,arcane,6,4,2
12687,Tuggernaug,malganis,384,mage,arcane,6,4,2
12688,Jordèb,sargeras,384,mage,arcane,6,4,2
12689,Blaxmagic,stormrage,384,mage,arcane,6,4,2
12690,Fredcouples,tichondrius,384,mage,arcane,6,4,2
12691,Chilléd,tichondrius,384,mage,arcane,6,4,2
12692,Dogmagetw,tichondrius,384,mage,arcane,6,4,2
12693,Lightsoran,tichondrius,384,mage,arcane,6,4,2
12694,Hasteboy,kelthuzad,384,mage,arcane,6,4,2
12695,Sausage,boulderfist,384,mage,arcane,6,4,2
12696,Lavaera,illidan,384,mage,arcane,6,4,2
12697,Skoals,thrall,384,mage,arcane,6,4,2
12698,Imbusting,kiljaeden,384,mage,arcane,6,4,2
12699,Magicos,frostmourne,384,mage,arcane,6,4,2
12700,Cømbust,frostmourne,384,mage,arcane,6,4,2
12701,Billzeye,dalaran,384,mage,arcane,12,4,8
12702,Hogslop,saurfang,384,mage,arcane,12,4,8
12703,Forestella,tichondrius,384,mage,arcane,12,4,8
12704,Scxut,tichondrius,384,mage,arcane,12,4,8
12705,Khaldyn,tichondrius,384,mage,arcane,12,4,8
12706,Bigbuttangel,borean-tundra,384,mage,arcane,12,4,8
12707,Nedrin,nemesis,384,mage,arcane,12,4,8
12708,Biotic,kiljaeden,384,mage,arcane,12,4,8
12709,Delana,darkspear,384,mage,arcane,12,4,8
12710,Nesomage,destromath,384,mage,arcane,12,4,8
12711,Thetodd,emerald-dream,382,mage,arcane,6,4,2
12712,Preckwinkle,moon-guard,382,mage,arcane,12,4,8
12713,Moogician,aerie-peak,304,mage,arcane,7,4,3
12714,Ærtai,black-dragonflight,304,mage,arcane,7,4,3
12715,Xythros,stormrage,288,mage,arcane,6,3,3
12716,Adrazell,sargeras,288,mage,arcane,6,3,3
12717,Christensen,stormrage,288,mage,arcane,6,3,3
12718,Bobbyyx,sargeras,288,mage,arcane,6,3,3
12719,Pwnstarx,proudmoore,288,mage,arcane,6,3,3
12720,Madpoondog,frostmourne,288,mage,arcane,6,3,3
12721,Myrondor,tichondrius,288,mage,arcane,6,3,3
12722,Sazza,tichondrius,288,mage,arcane,6,3,3
12723,Zerodium,sargeras,288,mage,arcane,6,3,3
12724,Neverbroke,illidan,288,mage,arcane,6,3,3
12725,Milfmaster,aerie-peak,288,mage,arcane,6,3,3
12726,Koro,tichondrius,288,mage,arcane,6,3,3
12727,Unknownblast,kul-tiras,288,mage,arcane,6,3,3
12728,Xzude,korgath,288,mage,arcane,6,3,3
12729,Watchmesleep,tichondrius,288,mage,arcane,6,3,3
12730,Snoogma,illidan,288,mage,arcane,6,3,3
12731,Jizzlez,tichondrius,288,mage,arcane,6,3,3
12732,Natzue,sargeras,288,mage,arcane,6,3,3
12733,Kogin,thrall,288,mage,arcane,6,3,3
12734,Elux,whisperwind,288,mage,arcane,12,3,9
12735,Heflash,azralon,288,mage,arcane,12,3,9
12736,Arçanemage,tichondrius,288,mage,arcane,12,3,9
12737,Fasttwitch,kiljaeden,288,mage,arcane,12,3,9
12738,Toknsmoke,tichondrius,288,mage,arcane,12,3,9
12739,Matmagic,drakkari,288,mage,arcane,13,3,10
12740,Kryptekk,area-52,287,mage,arcane,6,3,3
12741,Calcaster,aegwynn,287,mage,arcane,6,3,3
12742,Ìgnìtìöñ,whisperwind,287,mage,arcane,12,3,9
12743,Grarg,stormrage,286,mage,arcane,6,3,3
12744,Prosperoo,aerie-peak,286,mage,arcane,6,3,3
12745,Culours,stormrage,286,mage,arcane,6,3,3
12746,Arcanin,thunderlord,285,mage,arcane,12,3,9
12747,Etyx,tichondrius,239,mage,arcane,5,3,2
12748,Røcco,azralon,192,mage,arcane,4,3,1
12749,Xpez,stormrage,192,mage,arcane,6,2,4
12750,Barbarabush,hellscream,192,mage,arcane,6,2,4
12751,Opiumlord,tichondrius,192,mage,arcane,6,2,4
12752,Nekrobear,nemesis,192,mage,arcane,6,2,4
12753,Pullmefingy,illidan,192,mage,arcane,6,2,4
12754,Chinkins,illidan,192,mage,arcane,6,2,4
12755,Crinkit,frostmourne,192,mage,arcane,6,2,4
12756,Icebish,skullcrusher,192,mage,arcane,6,2,4
12757,Sheepshot,dentarg,192,mage,arcane,6,2,4
12758,Xunalatu,frostmourne,192,mage,arcane,6,2,4
12759,Akunimon,ragnaros,192,mage,arcane,6,2,4
12760,Ferdabombs,tichondrius,192,mage,arcane,6,2,4
12761,Celciius,stormrage,192,mage,arcane,6,2,4
12762,Mymaage,andorhal,192,mage,arcane,6,2,4
12763,Vengx,tichondrius,192,mage,arcane,6,2,4
12764,Burna,amanthul,192,mage,arcane,6,2,4
12765,Umber,dreadmaul,192,mage,arcane,6,2,4
12766,Emden,khadgar,192,mage,arcane,6,2,4
12767,Mershon,tichondrius,192,mage,arcane,6,2,4
12768,Blastgodx,stormrage,192,mage,arcane,6,2,4
12769,Caimil,echo-isles,192,mage,arcane,6,2,4
12770,Vensyr,stormrage,192,mage,arcane,6,2,4
12771,Frostecho,moon-guard,192,mage,arcane,6,2,4
12772,Alìv,tichondrius,192,mage,arcane,6,2,4
12773,Sweetypie,fenris,192,mage,arcane,6,2,4
12774,Duffs,hyjal,192,mage,arcane,6,2,4
12775,Highafrn,area-52,192,mage,arcane,6,2,4
12776,Fakelovè,area-52,192,mage,arcane,6,2,4
12777,Granmago,azralon,192,mage,arcane,6,2,4
12778,Shimmerpoly,sargeras,192,mage,arcane,6,2,4
12779,Gatka,quelthalas,192,mage,arcane,12,2,10
12780,Compactor,emerald-dream,192,mage,arcane,12,2,10
12781,Baskal,area-52,192,mage,arcane,12,2,10
12782,Mcshwackin,area-52,192,mage,arcane,12,2,10
12783,Vires,kelthuzad,159,mage,arcane,5,2,3
12784,Purpledrank,nagrand,96,mage,arcane,9,2,7
12785,Ignit,stormrage,96,mage,arcane,6,1,5
12786,Octané,illidan,96,mage,arcane,6,1,5
12787,Cubanarox,gallywix,96,mage,arcane,6,1,5
12788,Hvnlyfathr,stormrage,96,mage,arcane,6,1,5
12789,Nazztwren,bleeding-hollow,96,mage,arcane,6,1,5
12790,Gôøglëlòl,nemesis,96,mage,arcane,6,1,5
12791,Burrbon,area-52,96,mage,arcane,6,1,5
12792,Nachtt,sargeras,96,mage,arcane,6,1,5
12793,Lacouet,lightnings-blade,96,mage,arcane,6,1,5
12794,Smôl,emerald-dream,96,mage,arcane,6,1,5
12795,Xlordpagan,sargeras,96,mage,arcane,6,1,5
12796,Coldrin,tichondrius,96,mage,arcane,6,1,5
12797,Mageki,ragnaros,96,mage,arcane,6,1,5
12798,Frozorfs,tichondrius,96,mage,arcane,6,1,5
12799,Krazsus,tichondrius,96,mage,arcane,6,1,5
12800,Flomin,tichondrius,96,mage,arcane,6,1,5
12801,Singheart,tichondrius,96,mage,arcane,6,1,5
12802,Telkham,tichondrius,96,mage,arcane,6,1,5
12803,Needmyvape,moon-guard,96,mage,arcane,6,1,5
12804,Pollybot,tichondrius,96,mage,arcane,6,1,5
12805,Illúmi,moon-guard,96,mage,arcane,6,1,5
12806,Trippy,senjin,96,mage,arcane,6,1,5
12807,Quinnfreeze,boulderfist,96,mage,arcane,6,1,5
12808,Darthez,darkspear,96,mage,arcane,6,1,5
12809,Greaterbust,tichondrius,96,mage,arcane,12,1,11
12810,Poofnpass,malorne,95,mage,arcane,6,1,5
12811,Kralien,dalaran,95,mage,arcane,6,1,5
12812,Frostmaul,dreadmaul,79,mage,arcane,11,1,10
12813,Keepinitnoob,tichondrius,63,mage,arcane,2,2,0
12814,Privilege,dragonmaw,31,mage,arcane,8,1,7
12815,Setback,illidan,2122,mage,fire,138,69,69
12816,Hansol,farstriders,2120,mage,fire,84,42,42
12817,Valériemeow,tichondrius,2097,mage,fire,115,57,58
12818,Taylorlol,tichondrius,2092,mage,fire,104,51,53
12819,Talibandzx,sargeras,2042,mage,fire,159,77,82
12820,Asetback,illidan,2035,mage,fire,120,58,62
12821,Horoba,sargeras,2011,mage,fire,186,90,96
12822,Adjudicatory,tichondrius,2003,mage,fire,69,34,35
12823,Gohonn,emerald-dream,1992,mage,fire,114,68,46
12824,Kasperkar,illidan,1991,mage,fire,239,121,118
12825,Vcamusorz,tichondrius,1969,mage,fire,160,84,76
12826,Aeghis,stormrage,1958,mage,fire,48,26,22
12827,Bigfirebat,tichondrius,1957,mage,fire,84,42,42
12828,Icetomeetyu,bleeding-hollow,1956,mage,fire,130,68,62
12829,Dáddyshark,sargeras,1937,mage,fire,109,51,58
12830,Xiaoxiaochu,tichondrius,1929,mage,fire,146,88,58
12831,Starxen,tichondrius,1915,mage,fire,54,31,23
12832,Poundcakezx,tichondrius,1905,mage,fire,54,28,26
12833,Vazlgs,tichondrius,1902,mage,fire,72,42,30
12834,Peachygamer,stormscale,1891,mage,fire,174,86,88
12835,Yaya,kargath,1883,mage,fire,99,51,48
12836,Udmx,zuljin,1871,mage,fire,73,42,31
12837,Nightsaber,blackrock,1869,mage,fire,42,26,16
12838,Benisp,stormrage,1866,mage,fire,56,28,28
12839,Sorcerous,bloodhoof,1862,mage,fire,129,78,51
12840,Ròÿ,area-52,1861,mage,fire,72,37,35
12841,Csx,turalyon,1857,mage,fire,120,68,52
12842,Purpscurp,illidan,1850,mage,fire,76,45,31
12843,Ksmackm,illidan,1842,mage,fire,65,34,31
12844,Undeadmerlin,zuljin,1834,mage,fire,54,30,24
12845,Rmxd,malganis,1833,mage,fire,90,46,44
12846,Vampìrelolz,tichondrius,1828,mage,fire,47,25,22
12847,Cinnablast,darkspear,1824,mage,fire,26,20,6
12848,Degen,laughing-skull,1824,mage,fire,34,25,9
12849,Fwooshinator,malganis,1823,mage,fire,71,56,15
12850,Såni,tichondrius,1819,mage,fire,67,39,28
12851,Zoryack,azralon,1816,mage,fire,72,39,33
12852,Notini,azralon,1813,mage,fire,96,46,50
12853,Háté,ragnaros,1805,mage,fire,72,31,41
12854,Juju,tichondrius,1796,mage,fire,75,44,31
12855,Kyphosis,illidan,1774,mage,fire,42,24,18
12856,Younghehe,tichondrius,1771,mage,fire,136,74,62
12857,Volkazar,sargeras,1766,mage,fire,39,21,18
12858,Käxs,ragnaros,1762,mage,fire,42,21,21
12859,Getmaged,bleeding-hollow,1749,mage,fire,40,26,14
12860,Kraxos,stormrage,1737,mage,fire,78,44,34
12861,Yorgøs,ragnaros,1736,mage,fire,60,31,29
12862,Highms,stormrage,1727,mage,fire,54,28,26
12863,Stergenutfr,tichondrius,1720,mage,fire,42,27,15
12864,Creaystar,area-52,1714,mage,fire,149,74,75
12865,Ranj,tichondrius,1713,mage,fire,55,25,30
12866,Opisop,kelthuzad,1707,mage,fire,48,24,24
12867,Snoogma,illidan,1702,mage,fire,35,25,10
12868,Mângo,frostmourne,1699,mage,fire,24,18,6
12869,Likebutter,tichondrius,1695,mage,fire,30,22,8
12870,Dagreatone,malganis,1687,mage,fire,46,24,22
12871,Ööf,emerald-dream,1675,mage,fire,54,26,28
12872,Nickioxox,tichondrius,1674,mage,fire,24,18,6
12873,Bighot,tichondrius,1673,mage,fire,90,53,37
12874,Tuniepop,sargeras,1666,mage,fire,83,42,41
12875,Wanming,tichondrius,1662,mage,fire,36,23,13
12876,Firewreckage,malganis,1655,mage,fire,48,24,24
12877,Daddymayhem,proudmoore,1653,mage,fire,54,24,30
12878,Itshug,area-52,1652,mage,fire,53,27,26
12879,Thxo,hyjal,1651,mage,fire,75,36,39
12880,Lycheeoolong,frostmourne,1649,mage,fire,38,22,16
12881,Pootysmooch,sargeras,1639,mage,fire,54,33,21
12882,Rockoe,tichondrius,1630,mage,fire,76,44,32
12883,Trippy,senjin,1630,mage,fire,60,30,30
12884,Varroc,quelthalas,1626,mage,fire,106,48,58
12885,Enthy,frostmourne,1623,mage,fire,60,30,30
12886,Dexpy,tichondrius,1619,mage,fire,37,20,17
12887,Ligmmah,stormrage,1615,mage,fire,42,25,17
12888,Myrondor,tichondrius,1611,mage,fire,78,43,35
12889,Muztaccio,tichondrius,1611,mage,fire,47,25,22
12890,Chainpoly,area-52,1609,mage,fire,37,25,12
12891,Magicmaghar,area-52,1607,mage,fire,30,19,11
12892,Fruitdealerr,tichondrius,1607,mage,fire,48,29,19
12893,Englavian,frostmane,1607,mage,fire,42,21,21
12894,Torched,stormreaver,1605,mage,fire,42,21,21
12895,Zarkanis,tichondrius,1604,mage,fire,49,25,24
12896,Wizarts,ragnaros,1602,mage,fire,42,20,22
12897,Mushys,stormrage,1601,mage,fire,35,22,13
12898,Ârcano,ragnaros,1601,mage,fire,47,25,22
12899,Jardz,area-52,1597,mage,fire,42,21,21
12900,Sakurai,tichondrius,1593,mage,fire,48,28,20
12901,Kev,sentinels,1589,mage,fire,96,53,43
12902,Iceward,frostmourne,1583,mage,fire,54,24,30
12903,Pzaz,moon-guard,1582,mage,fire,50,30,20
12904,Sandylove,zuljin,1582,mage,fire,36,17,19
12905,Hpthewizard,deathwing,1579,mage,fire,89,52,37
12906,Formi,frostmourne,1577,mage,fire,36,19,17
12907,Alenikus,blackhand,1575,mage,fire,56,26,30
12908,Garbagemage,barthilas,1572,mage,fire,78,41,37
12909,Ultrá,stormscale,1561,mage,fire,66,41,25
12910,Murcury,tichondrius,1556,mage,fire,156,80,76
12911,Marrioo,tichondrius,1555,mage,fire,42,22,20
12912,Wickymorph,barthilas,1549,mage,fire,53,25,28
12913,Wotl,tichondrius,1546,mage,fire,121,61,60
12914,Trolson,sargeras,1546,mage,fire,54,26,28
12915,Lilbabyx,stormrage,1538,mage,fire,68,36,32
12916,Xs,stormrage,1534,mage,fire,120,67,53
12917,Djpolymorph,stormrage,1530,mage,fire,88,49,39
12918,Teetems,sargeras,1530,mage,fire,116,59,57
12919,Squantanimo,shadowmoon,1527,mage,fire,53,26,27
12920,Magekylex,proudmoore,1522,mage,fire,99,58,41
12921,Biscobush,turalyon,1519,mage,fire,30,18,12
12922,Crazytime,tichondrius,1519,mage,fire,42,23,19
12923,Dropdeadlol,bonechewer,1517,mage,fire,30,17,13
12924,Fookz,malganis,1515,mage,fire,60,32,28
12925,Imannoyingha,darkspear,1510,mage,fire,71,37,34
12926,Dârkus,sargeras,1509,mage,fire,71,35,36
12927,Mager,dentarg,1508,mage,fire,62,40,22
12928,Oi,frostwolf,1498,mage,fire,51,31,20
12929,Audacy,sargeras,1496,mage,fire,132,64,68
12930,Pòlly,illidan,1495,mage,fire,42,25,17
12931,Fifthelëment,emerald-dream,1493,mage,fire,64,36,28
12932,Eazzybaby,eredar,1490,mage,fire,377,198,179
12933,Singheart,tichondrius,1490,mage,fire,132,66,66
12934,Mariomario,tichondrius,1488,mage,fire,48,29,19
12935,Gigatuts,stormrage,1487,mage,fire,30,16,14
12936,Beerandmagic,zuljin,1487,mage,fire,30,16,14
12937,Coolhandz,tichondrius,1487,mage,fire,47,24,23
12938,Grynthwzrd,stormrage,1484,mage,fire,42,24,18
12939,Worldonfire,ragnaros,1482,mage,fire,124,63,61
12940,Coneofkony,bleeding-hollow,1477,mage,fire,24,16,8
12941,Jojomage,thrall,1473,mage,fire,138,71,67
12942,Chickenspank,stormrage,1473,mage,fire,36,18,18
12943,Nazmagus,hydraxis,1472,mage,fire,69,39,30
12944,Pyroshima,barthilas,1464,mage,fire,83,39,44
12945,Smallbrainz,emerald-dream,1462,mage,fire,60,34,26
12946,Frostpimp,anubarak,1460,mage,fire,60,22,38
12947,Pyroflinger,stormrage,1453,mage,fire,90,46,44
12948,Sparklepoof,tichondrius,1449,mage,fire,29,17,12
12949,Bettybonk,cenarius,1449,mage,fire,42,20,22
12950,Xanthan,runetotem,1437,mage,fire,39,21,18
12951,Lolololololo,kelthuzad,1435,mage,fire,162,79,83
12952,Swaglo,illidan,1435,mage,fire,40,18,22
12953,Ålmøst,tichondrius,1433,mage,fire,59,34,25
12954,Juul,emerald-dream,1426,mage,fire,60,27,33
12955,Øzmage,area-52,1416,mage,fire,21,16,5
12956,Anàrchy,emerald-dream,1411,mage,fire,39,21,18
12957,Purpledrank,nagrand,1411,mage,fire,67,31,36
12958,Eekzlol,illidan,1409,mage,fire,30,16,14
12959,Toastedoats,hyjal,1408,mage,fire,55,28,27
12960,Dreadparadox,bleeding-hollow,1405,mage,fire,34,16,18
12961,Yooyar,barthilas,1403,mage,fire,104,46,58
12962,Whiteyx,saurfang,1399,mage,fire,52,29,23
12963,Leonr,tichondrius,1397,mage,fire,47,27,20
12964,Ruzam,area-52,1394,mage,fire,66,31,35
12965,Jundead,dalaran,1393,mage,fire,79,46,33
12966,Hööva,illidan,1392,mage,fire,71,35,36
12967,Jizzlez,tichondrius,1392,mage,fire,48,23,25
12968,Coôler,illidan,1388,mage,fire,84,40,44
12969,Elwyn,dunemaul,1387,mage,fire,54,27,27
12970,Sydrol,area-52,1384,mage,fire,72,37,35
12971,Leaso,tichondrius,1384,mage,fire,45,22,23
12972,Wïzarduous,mannoroth,1380,mage,fire,30,17,13
12973,Neglect,moknathal,1375,mage,fire,30,16,14
12974,Ferdabombs,tichondrius,1373,mage,fire,48,26,22
12975,Mageonthc,korgath,1368,mage,fire,23,15,8
12976,Rudeswizard,area-52,1368,mage,fire,43,20,23
12977,Melkra,tichondrius,1367,mage,fire,46,23,23
12978,Coltrip,azralon,1359,mage,fire,83,38,45
12979,Skoffla,executus,1354,mage,fire,36,17,19
12980,Jööz,deathwing,1354,mage,fire,33,15,18
12981,Marajaade,tichondrius,1346,mage,fire,74,33,41
12982,Badaszbich,tichondrius,1344,mage,fire,36,20,16
12983,Sikeyzlol,bleeding-hollow,1343,mage,fire,24,14,10
12984,Sorankim,tichondrius,1343,mage,fire,30,14,16
12985,Pinkmagetko,tichondrius,1338,mage,fire,30,14,16
12986,Snanth,black-dragonflight,1337,mage,fire,33,18,15
12987,Búrsting,kelthuzad,1335,mage,fire,24,14,10
12988,Dearasian,ragnaros,1335,mage,fire,60,32,28
12989,Adrazell,sargeras,1333,mage,fire,42,21,21
12990,Gødvana,frostmourne,1331,mage,fire,30,18,12
12991,Banquetmeal,emerald-dream,1330,mage,fire,24,14,10
12992,Anuub,kelthuzad,1320,mage,fire,24,14,10
12993,Holbrook,greymane,1316,mage,fire,49,24,25
12994,Quizzard,blackrock,1310,mage,fire,28,15,13
12995,Raynark,nemesis,1307,mage,fire,30,18,12
12996,Jjijuns,tichondrius,1302,mage,fire,40,18,22
12997,Waffles,ravencrest,1297,mage,fire,56,26,30
12998,Carnelius,bleeding-hollow,1292,mage,fire,63,32,31
12999,Adronicus,tichondrius,1287,mage,fire,60,31,29
13000,Smigui,azralon,1284,mage,fire,146,69,77
13001,Hypernova,vashj,1277,mage,fire,41,19,22
13002,Abzy,sargeras,1264,mage,fire,60,29,31
13003,Helcarwen,area-52,1261,mage,fire,60,30,30
13004,Christjan,tichondrius,1260,mage,fire,138,72,66
13005,Zulugara,barthilas,1258,mage,fire,36,19,17
13006,Reddfire,proudmoore,1253,mage,fire,42,15,27
13007,Mirimida,ragnaros,1251,mage,fire,61,31,30
13008,Alzagen,ragnaros,1249,mage,fire,38,17,21
13009,Babysharky,uther,1249,mage,fire,34,14,20
13010,Tweydey,tichondrius,1247,mage,fire,18,13,5
13011,Charkoalzz,moon-guard,1246,mage,fire,24,13,11
13012,Deepgodsz,azralon,1243,mage,fire,24,13,11
13013,Feogato,proudmoore,1237,mage,fire,60,29,31
13014,Politeness,tichondrius,1233,mage,fire,24,13,11
13015,Mongomike,stormrage,1231,mage,fire,51,21,30
13016,Slumpgodd,frostmourne,1230,mage,fire,30,13,17
13017,Gadgítte,moon-guard,1229,mage,fire,24,13,11
13018,Fíery,blades-edge,1227,mage,fire,60,27,33
13019,Prinseza,quelthalas,1226,mage,fire,29,14,15
13020,Dragonie,nordrassil,1224,mage,fire,45,23,22
13021,Zinnos,tichondrius,1218,mage,fire,30,13,17
13022,Archtype,azralon,1217,mage,fire,18,13,5
13023,Genthruz,ragnaros,1215,mage,fire,48,22,26
13024,Sorrenton,sargeras,1197,mage,fire,24,15,9
13025,Dorkski,bleeding-hollow,1190,mage,fire,67,27,40
13026,Burist,illidan,1185,mage,fire,38,19,19
13027,Esfire,frostmourne,1185,mage,fire,48,23,25
13028,Saladguy,thrall,1181,mage,fire,30,13,17
13029,Zonmague,drakkari,1177,mage,fire,36,17,19
13030,Tamarolfrost,illidan,1158,mage,fire,19,13,6
13031,Gradmage,proudmoore,1156,mage,fire,50,20,30
13032,Maxvila,kelthuzad,1152,mage,fire,18,12,6
13033,Snaregodx,area-52,1151,mage,fire,18,12,6
13034,Farragan,ragnaros,1151,mage,fire,24,12,12
13035,Sunskim,tichondrius,1151,mage,fire,24,12,12
13036,Kjuuler,moon-guard,1151,mage,fire,24,12,12
13037,Dmgdaddy,zuljin,1150,mage,fire,30,12,18
13038,Frostymart,arthas,1149,mage,fire,18,12,6
13039,Rhykx,malganis,1149,mage,fire,18,12,6
13040,Grymorum,ragnaros,1141,mage,fire,30,12,18
13041,Fleët,tichondrius,1139,mage,fire,18,12,6
13042,Hositonet,malganis,1136,mage,fire,45,22,23
13043,Gnarwallx,stormrage,1132,mage,fire,30,12,18
13044,Wawakun,ragnaros,1127,mage,fire,30,14,16
13045,Xzilence,aerie-peak,1118,mage,fire,30,12,18
13046,Sánzunokawa,quelthalas,1109,mage,fire,27,16,11
13047,Noescaping,illidan,1102,mage,fire,24,12,12
13048,Gempette,tichondrius,1095,mage,fire,23,12,11
13049,Wazzerd,moon-guard,1093,mage,fire,27,12,15
13050,Guccilaflur,proudmoore,1082,mage,fire,27,12,15
13051,Crnomage,area-52,1081,mage,fire,23,12,11
13052,Lightsoran,tichondrius,1055,mage,fire,18,11,7
13053,Alorae,wyrmrest-accord,1054,mage,fire,18,11,7
13054,Albbano,tichondrius,1054,mage,fire,18,11,7
13055,Avicci,shattered-halls,1054,mage,fire,30,11,19
13056,Streetember,nemesis,1053,mage,fire,24,11,13
13057,Magibe,thrall,1052,mage,fire,18,11,7
13058,Cinns,moon-guard,1051,mage,fire,24,11,13
13059,Radakos,emerald-dream,1050,mage,fire,24,11,13
13060,Harlloo,the-underbog,1049,mage,fire,24,11,13
13061,Kryptekk,area-52,1048,mage,fire,24,11,13
13062,Garungar,antonidas,1045,mage,fire,18,11,7
13063,Erlendr,moon-guard,1041,mage,fire,44,22,22
13064,Flame,arthas,1028,mage,fire,30,11,19
13065,Strêss,kelthuzad,1020,mage,fire,20,12,8
13066,Asönia,illidan,1020,mage,fire,30,11,19
13067,Bobalama,tichondrius,1012,mage,fire,54,19,35
13068,Magalí,nemesis,1009,mage,fire,24,11,13
13069,Hotjazzfarts,sargeras,1003,mage,fire,61,35,26
13070,Grandpapi,arthas,997,mage,fire,23,11,12
13071,Coldblooded,zuljin,991,mage,fire,41,14,27
13072,Bàttlemage,nagrand,982,mage,fire,36,21,15
13073,Endmepls,ysera,965,mage,fire,96,40,56
13074,Skaq,tichondrius,960,mage,fire,12,10,2
13075,Squidio,stormrage,959,mage,fire,18,10,8
13076,Mokelovin,sargeras,959,mage,fire,18,10,8
13077,Mudohir,stormrage,959,mage,fire,18,10,8
13078,Zakume,stormrage,958,mage,fire,18,10,8
13079,Iguanodon,proudmoore,957,mage,fire,26,11,15
13080,Osh,malorne,957,mage,fire,24,10,14
13081,Preceptør,azralon,957,mage,fire,24,10,14
13082,Sahala,frostmourne,955,mage,fire,24,10,14
13083,Dårks,area-52,955,mage,fire,24,10,14
13084,Ripburn,stormrage,953,mage,fire,47,20,27
13085,Snuurf,ragnaros,953,mage,fire,24,10,14
13086,Etyx,tichondrius,953,mage,fire,30,10,20
13087,Flavaflame,mugthol,952,mage,fire,18,10,8
13088,Hýdro,ghostlands,951,mage,fire,30,16,14
13089,Clapsyou,illidan,951,mage,fire,24,10,14
13090,Christensen,stormrage,948,mage,fire,18,10,8
13091,Abstractgoat,tichondrius,946,mage,fire,30,15,15
13092,Vamkari,ragnaros,942,mage,fire,18,10,8
13093,Sasghengis,frostmourne,930,mage,fire,18,10,8
13094,Coldarei,nagrand,928,mage,fire,27,12,15
13095,Dojacute,frostmourne,910,mage,fire,17,10,7
13096,Isoicast,moon-guard,909,mage,fire,17,10,7
13097,Coldrin,tichondrius,897,mage,fire,28,11,17
13098,Alywgard,sargeras,894,mage,fire,22,10,12
13099,Alaramaria,sargeras,886,mage,fire,18,10,8
13100,Ops,frostmourne,881,mage,fire,27,13,14
13101,Senegau,azralon,877,mage,fire,45,19,26
13102,Zstyle,frostmourne,875,mage,fire,13,10,3
13103,Ddouble,tichondrius,863,mage,fire,18,9,9
13104,Dabsx,moon-guard,863,mage,fire,18,9,9
13105,Snoü,proudmoore,863,mage,fire,24,9,15
13106,Shimmerpoly,sargeras,863,mage,fire,24,9,15
13107,Desfunz,mugthol,862,mage,fire,18,9,9
13108,Fryry,dalaran,860,mage,fire,24,9,15
13109,Baelthezer,moon-guard,858,mage,fire,21,12,9
13110,Halfsquad,malfurion,858,mage,fire,18,9,9
13111,Product,mugthol,858,mage,fire,18,9,9
13112,Freez,garona,858,mage,fire,21,10,11
13113,Gadalka,frostmourne,857,mage,fire,18,9,9
13114,Othokk,tichondrius,852,mage,fire,24,9,15
13115,Arcanemain,kargath,845,mage,fire,36,16,20
13116,Dánó,lightbringer,843,mage,fire,62,26,36
13117,Umber,dreadmaul,829,mage,fire,17,9,8
13118,Ljaie,lightbringer,813,mage,fire,17,9,8
13119,Cymbalta,azralon,789,mage,fire,16,9,7
13120,Pherixsw,stormrage,768,mage,fire,12,8,4
13121,Dandrix,sargeras,768,mage,fire,12,8,4
13122,Mágos,stormrage,768,mage,fire,12,8,4
13123,Blinksz,korgath,768,mage,fire,12,8,4
13124,Wakkaflame,stormrage,768,mage,fire,18,8,10
13125,Salvick,emerald-dream,768,mage,fire,18,8,10
13126,Avócadó,malganis,768,mage,fire,18,8,10
13127,Castana,tichondrius,768,mage,fire,18,8,10
13128,Kawailenard,tichondrius,767,mage,fire,12,8,4
13129,Ingrumatig,tichondrius,767,mage,fire,18,8,10
13130,Ashenlad,moon-guard,766,mage,fire,18,8,10
13131,Tarmiel,quelthalas,765,mage,fire,24,8,16
13132,Putridìty,thrall,762,mage,fire,18,8,10
13133,Orianne,windrunner,750,mage,fire,12,8,4
13134,Pyrlos,terokkar,738,mage,fire,24,9,15
13135,Béssie,area-52,722,mage,fire,18,8,10
13136,Drewann,draenor,704,mage,fire,16,8,8
13137,Amge,uldum,703,mage,fire,14,8,6
13138,Shmagee,azralon,684,mage,fire,13,8,5
13139,Tuggernaug,malganis,672,mage,fire,12,7,5
13140,Xythros,stormrage,672,mage,fire,12,7,5
13141,Warpfactor,malganis,672,mage,fire,12,7,5
13142,Sos,kelthuzad,672,mage,fire,12,7,5
13143,Osirax,frostmane,672,mage,fire,12,7,5
13144,Silimage,area-52,672,mage,fire,12,7,5
13145,Vastlord,stormrage,672,mage,fire,18,7,11
13146,Bigdjohnson,dalaran,672,mage,fire,18,7,11
13147,Keileon,tichondrius,671,mage,fire,12,7,5
13148,Allhitz,ragnaros,671,mage,fire,12,7,5
13149,Lucidaze,daggerspine,671,mage,fire,12,7,5
13150,Mymrmage,mannoroth,671,mage,fire,12,7,5
13151,Blastfire,stormrage,671,mage,fire,12,7,5
13152,Ásune,moon-guard,671,mage,fire,12,7,5
13153,Skryte,mannoroth,671,mage,fire,16,8,8
13154,Magination,frostmourne,671,mage,fire,18,7,11
13155,Alàh,stormscale,671,mage,fire,18,7,11
13156,Dreaming,draktharon,670,mage,fire,12,7,5
13157,Fanshen,tichondrius,670,mage,fire,17,7,10
13158,Supermajor,frostmourne,670,mage,fire,18,7,11
13159,Tmo,mannoroth,670,mage,fire,24,7,17
13160,Slipqt,tichondrius,607,mage,fire,22,7,15
13161,Mômö,argent-dawn,606,mage,fire,22,7,15
13162,Strdelmaker,tichondrius,576,mage,fire,6,6,0
13163,Shmoked,kelthuzad,576,mage,fire,12,6,6
13164,Tearsfórgód,kelthuzad,576,mage,fire,12,6,6
13165,Omagawd,tichondrius,576,mage,fire,12,6,6
13166,Velvetlurker,tichondrius,576,mage,fire,12,6,6
13167,Toteypotter,frostmourne,576,mage,fire,12,6,6
13168,Magicmidget,malganis,576,mage,fire,12,6,6
13169,Magicmichel,malganis,576,mage,fire,12,6,6
13170,Kaylemage,tichondrius,576,mage,fire,12,6,6
13171,Plutón,tichondrius,576,mage,fire,12,6,6
13172,Myfamilygpie,nazgrel,576,mage,fire,12,6,6
13173,Darkisfrosty,tichondrius,576,mage,fire,12,6,6
13174,Leakyboots,illidan,576,mage,fire,12,6,6
13175,Fredcouples,tichondrius,576,mage,fire,12,6,6
13176,Frostboy,borean-tundra,576,mage,fire,12,6,6
13177,Alunarassra,area-52,576,mage,fire,12,6,6
13178,Cuterthanyou,sargeras,576,mage,fire,12,6,6
13179,Wakamage,area-52,576,mage,fire,12,6,6
13180,Aangx,stormrage,576,mage,fire,16,7,9
13181,Linkolni,azralon,576,mage,fire,18,6,12
13182,Stimml,blood-furnace,576,mage,fire,18,6,12
13183,Unknownblast,kul-tiras,576,mage,fire,20,6,14
13184,Zukoprince,azralon,575,mage,fire,6,6,0
13185,Insightæ,frostmourne,575,mage,fire,10,7,3
13186,Magja,bloodhoof,575,mage,fire,12,6,6
13187,Astroblasty,tichondrius,575,mage,fire,18,6,12
13188,Eraticmage,illidan,575,mage,fire,24,6,18
13189,Calínico,quelthalas,575,mage,fire,24,6,18
13190,Spellpowa,khaz-modan,574,mage,fire,12,6,6
13191,Pellemus,malganis,574,mage,fire,12,6,6
13192,Calcaster,aegwynn,573,mage,fire,18,6,12
13193,Ashex,moon-guard,559,mage,fire,18,7,11
13194,Glacier,firetree,543,mage,fire,11,6,5
13195,Youezdawg,tichondrius,480,mage,fire,6,5,1
13196,Tupactopus,tichondrius,480,mage,fire,6,5,1
13197,Hocusjokus,frostmourne,480,mage,fire,6,5,1
13198,Ñïz,bleeding-hollow,480,mage,fire,6,5,1
13199,Mageboy,bonechewer,480,mage,fire,6,5,1
13200,Maxmie,sargeras,480,mage,fire,6,5,1
13201,Chumpp,tichondrius,480,mage,fire,6,5,1
13202,Slavic,sargeras,480,mage,fire,6,5,1
13203,Polypolypoly,kiljaeden,480,mage,fire,10,6,4
13204,Jikario,zuljin,480,mage,fire,12,5,7
13205,Entomas,quelthalas,480,mage,fire,12,5,7
13206,Skillcap,nagrand,480,mage,fire,12,5,7
13207,Chionê,velen,480,mage,fire,12,5,7
13208,Icestory,tichondrius,480,mage,fire,12,5,7
13209,Strumms,tichondrius,480,mage,fire,12,5,7
13210,Bigpøppapump,tichondrius,480,mage,fire,12,5,7
13211,Espyy,area-52,480,mage,fire,12,5,7
13212,Zerosaspect,thrall,480,mage,fire,12,5,7
13213,Pugsmugg,icecrown,480,mage,fire,12,5,7
13214,Kyriê,darkspear,480,mage,fire,12,5,7
13215,Covín,malganis,480,mage,fire,12,5,7
13216,Kevymarts,tichondrius,480,mage,fire,12,5,7
13217,Kqlyy,tichondrius,480,mage,fire,12,5,7
13218,Epod,illidan,480,mage,fire,12,5,7
13219,Cumbus,stormrage,480,mage,fire,12,5,7
13220,Baida,kelthuzad,480,mage,fire,12,5,7
13221,Magicalbuns,illidan,480,mage,fire,12,5,7
13222,Lambsalsa,tichondrius,480,mage,fire,12,5,7
13223,Diamondx,ragnaros,480,mage,fire,12,5,7
13224,Numbing,sargeras,480,mage,fire,12,5,7
13225,Marxeflamer,ragnaros,480,mage,fire,12,5,7
13226,Dìus,malganis,480,mage,fire,12,5,7
13227,Arishasis,tichondrius,480,mage,fire,12,5,7
13228,Honeydutchss,black-dragonflight,480,mage,fire,12,5,7
13229,Marther,whisperwind,480,mage,fire,12,5,7
13230,Arrcadia,darkspear,480,mage,fire,12,5,7
13231,Dbsheep,kul-tiras,480,mage,fire,12,5,7
13232,Aapple,tichondrius,480,mage,fire,17,5,12
13233,Tunax,tichondrius,480,mage,fire,18,5,13
13234,Mageyoulooks,kelthuzad,480,mage,fire,18,5,13
13235,Xunalatu,frostmourne,479,mage,fire,12,5,7
13236,Mescudi,bonechewer,479,mage,fire,12,5,7
13237,Shadowgalaxy,arthas,479,mage,fire,12,5,7
13238,Xannymancan,tichondrius,479,mage,fire,24,5,19
13239,Søkø,tichondrius,478,mage,fire,12,5,7
13240,Apolarus,bonechewer,478,mage,fire,12,5,7
13241,Zendrix,bonechewer,478,mage,fire,12,5,7
13242,Gwenage,tichondrius,472,mage,fire,12,5,7
13243,Shotö,skullcrusher,463,mage,fire,17,5,12
13244,Roastbeefxd,tichondrius,447,mage,fire,11,5,6
13245,Jazen,quelthalas,432,mage,fire,15,6,9
13246,Letitgoo,azralon,430,mage,fire,19,6,13
13247,Chumleyson,eonar,415,mage,fire,8,5,3
13248,Certifried,emerald-dream,415,mage,fire,14,5,9
13249,Firèballin,tichondrius,400,mage,fire,7,5,2
13250,Molassess,illidan,400,mage,fire,13,5,8
13251,Majjix,illidan,384,mage,fire,6,4,2
13252,Gíldrin,proudmoore,384,mage,fire,6,4,2
13253,Pyröz,kelthuzad,384,mage,fire,6,4,2
13254,Cømbust,frostmourne,384,mage,fire,6,4,2
13255,Floatyz,tichondrius,384,mage,fire,6,4,2
13256,Polymedaddi,tichondrius,384,mage,fire,6,4,2
13257,Haze,hyjal,384,mage,fire,6,4,2
13258,Sifr,tichondrius,384,mage,fire,6,4,2
13259,Feenìx,tichondrius,384,mage,fire,6,4,2
13260,Burstyboi,frostmourne,384,mage,fire,6,4,2
13261,Yeetcannøn,illidan,384,mage,fire,6,4,2
13262,Gominsi,tichondrius,384,mage,fire,6,4,2
13263,Minuswizard,dalaran,384,mage,fire,6,4,2
13264,Pollybot,tichondrius,384,mage,fire,6,4,2
13265,Frozonnee,aggramar,384,mage,fire,6,4,2
13266,Refreshments,bleeding-hollow,384,mage,fire,6,4,2
13267,Zokorzik,area-52,384,mage,fire,6,4,2
13268,Fullsheep,emerald-dream,384,mage,fire,6,4,2
13269,Fïtz,quelthalas,384,mage,fire,6,4,2
13270,Keepv,tichondrius,384,mage,fire,6,4,2
13271,Extremeways,tichondrius,384,mage,fire,6,4,2
13272,Belven,proudmoore,384,mage,fire,6,4,2
13273,Crøwgawd,tichondrius,384,mage,fire,6,4,2
13274,Aerligar,area-52,384,mage,fire,6,4,2
13275,Jazzgroyper,sargeras,384,mage,fire,6,4,2
13276,Flaux,sargeras,384,mage,fire,6,4,2
13277,Frogbum,fizzcrank,384,mage,fire,10,5,5
13278,Dytonie,moon-guard,384,mage,fire,9,4,5
13279,Percivaltp,scarlet-crusade,384,mage,fire,12,4,8
13280,Udó,proudmoore,384,mage,fire,12,4,8
13281,Elfmage,tichondrius,384,mage,fire,12,4,8
13282,Droppinbombs,draka,384,mage,fire,12,4,8
13283,Wzrdxz,tichondrius,384,mage,fire,12,4,8
13284,Thiio,tichondrius,384,mage,fire,12,4,8
13285,Felsparkles,area-52,384,mage,fire,12,4,8
13286,Pigdancel,tichondrius,384,mage,fire,12,4,8
13287,Galsola,bronzebeard,384,mage,fire,12,4,8
13288,Sarahbeth,khadgar,384,mage,fire,12,4,8
13289,Spookydookie,dark-iron,384,mage,fire,12,4,8
13290,Aquralina,moon-guard,384,mage,fire,12,4,8
13291,Siayo,stormscale,384,mage,fire,12,4,8
13292,Hogslop,saurfang,384,mage,fire,12,4,8
13293,Gôøglëlòl,nemesis,384,mage,fire,18,4,14
13294,Kronicblast,bleeding-hollow,384,mage,fire,18,4,14
13295,Boptimus,moonrunner,383,mage,fire,6,4,2
13296,Noyade,illidan,383,mage,fire,6,4,2
13297,Drewzz,tichondrius,383,mage,fire,8,4,4
13298,Chuggin,emerald-dream,383,mage,fire,15,5,10
13299,Hockisonz,moon-guard,383,mage,fire,12,4,8
13300,Wetguuch,area-52,383,mage,fire,12,4,8
13301,Soulwiper,illidan,383,mage,fire,17,5,12
13302,Smoney,icecrown,383,mage,fire,18,4,14
13303,Hollfz,nemesis,367,mage,fire,11,4,7
13304,Vixm,stormrage,352,mage,fire,10,5,5
13305,Tmharp,tichondrius,336,mage,fire,9,5,4
13306,Pyrotactics,sargeras,320,mage,fire,10,4,6
13307,Absentbrain,stormrage,288,mage,fire,6,3,3
13308,Zerathremar,proudmoore,288,mage,fire,6,3,3
13309,Herzthroh,stormrage,288,mage,fire,6,3,3
13310,Missingxx,silvermoon,288,mage,fire,6,3,3
13311,Urbadxd,llane,288,mage,fire,6,3,3
13312,Sourpatchkds,emerald-dream,288,mage,fire,6,3,3
13313,Chilléd,tichondrius,288,mage,fire,6,3,3
13314,Aulle,whisperwind,288,mage,fire,6,3,3
13315,Cacaushow,stormrage,288,mage,fire,6,3,3
13316,Jimmyhendrix,wildhammer,288,mage,fire,6,3,3
13317,Gåndalf,ragnaros,288,mage,fire,6,3,3
13318,Kuther,draenor,288,mage,fire,6,3,3
13319,Frostkage,tichondrius,288,mage,fire,6,3,3
13320,Mindthegap,tichondrius,288,mage,fire,6,3,3
13321,Lampert,tichondrius,288,mage,fire,6,3,3
13322,Zenzoh,azuremyst,288,mage,fire,6,3,3
13323,Hasteboy,kelthuzad,288,mage,fire,6,3,3
13324,Botoslàp,dragonmaw,288,mage,fire,6,3,3
13325,Kushjointz,tichondrius,288,mage,fire,6,3,3
13326,Bhalec,kelthuzad,288,mage,fire,6,3,3
13327,Mayumî,moon-guard,288,mage,fire,6,3,3
13328,Zuhbo,moon-guard,288,mage,fire,6,3,3
13329,Garion,moon-guard,288,mage,fire,6,3,3
13330,Ancientmagik,area-52,288,mage,fire,6,3,3
13331,Gö,tichondrius,288,mage,fire,6,3,3
13332,Pollylol,proudmoore,288,mage,fire,6,3,3
13333,Tráshmage,zuljin,288,mage,fire,6,3,3
13334,Slinkyslink,area-52,288,mage,fire,6,3,3
13335,Easyfreeze,sargeras,288,mage,fire,6,3,3
13336,Polyburst,darkspear,288,mage,fire,6,3,3
13337,Azuriex,tichondrius,288,mage,fire,6,3,3
13338,Kyliec,tichondrius,288,mage,fire,6,3,3
13339,Wqnmlgbdy,tichondrius,288,mage,fire,6,3,3
13340,Pecs,kiljaeden,288,mage,fire,6,3,3
13341,Síra,firetree,288,mage,fire,6,3,3
13342,Bergan,sargeras,288,mage,fire,6,3,3
13343,Emvepee,sargeras,288,mage,fire,6,3,3
13344,Thecorruptor,malorne,288,mage,fire,6,3,3
13345,Sabrita,proudmoore,288,mage,fire,6,3,3
13346,Rích,tichondrius,288,mage,fire,6,3,3
13347,Svips,illidan,288,mage,fire,6,3,3
13348,Rhunón,dalaran,288,mage,fire,6,3,3
13349,Ave,anetheron,288,mage,fire,6,3,3
13350,Chez,tichondrius,288,mage,fire,6,3,3
13351,Vengefuly,tichondrius,288,mage,fire,6,3,3
13352,Mntaindew,bleeding-hollow,288,mage,fire,6,3,3
13353,Blinkinghobo,sargeras,288,mage,fire,6,3,3
13354,Nuzzle,boulderfist,288,mage,fire,8,3,5
13355,Danggurl,tichondrius,288,mage,fire,12,3,9
13356,Mendittorosa,tichondrius,288,mage,fire,12,3,9
13357,Keionti,dalaran,288,mage,fire,12,3,9
13358,Fatalexo,tichondrius,288,mage,fire,12,3,9
13359,Gnomegeddons,dalaran,288,mage,fire,24,3,21
13360,Frostyii,stonemaul,287,mage,fire,6,3,3
13361,Aphazia,kiljaeden,287,mage,fire,6,3,3
13362,Harlen,quelthalas,287,mage,fire,6,3,3
13363,Brànd,antonidas,287,mage,fire,6,3,3
13364,Nesomage,destromath,256,mage,fire,10,3,7
13365,Rossanopolis,tichondrius,255,mage,fire,11,3,8
13366,Genozyde,elune,239,mage,fire,5,3,2
13367,Fizario,barthilas,239,mage,fire,5,3,2
13368,Orderlight,alexstrasza,239,mage,fire,5,3,2
13369,Wabï,tichondrius,234,mage,fire,9,4,5
13370,Flomin,tichondrius,234,mage,fire,16,6,10
13371,Cînderellas,proudmoore,234,mage,fire,13,4,9
13372,Rennifer,malganis,192,mage,fire,9,3,6
13373,Burna,amanthul,192,mage,fire,6,2,4
13374,Zuqo,sargeras,192,mage,fire,6,2,4
13375,Randommagi,area-52,192,mage,fire,6,2,4
13376,Rbn,tichondrius,192,mage,fire,6,2,4
13377,Clickhard,suramar,192,mage,fire,6,2,4
13378,Karameltart,barthilas,192,mage,fire,6,2,4
13379,Avandal,proudmoore,192,mage,fire,6,2,4
13380,Massivepoo,barthilas,192,mage,fire,6,2,4
13381,Dohnutt,tichondrius,192,mage,fire,6,2,4
13382,Trebbiano,illidan,192,mage,fire,6,2,4
13383,Chelseâ,emerald-dream,192,mage,fire,6,2,4
13384,Magiër,tichondrius,192,mage,fire,6,2,4
13385,Pendrake,sargeras,192,mage,fire,6,2,4
13386,Chadicewayne,tichondrius,192,mage,fire,6,2,4
13387,Killemz,dragonmaw,192,mage,fire,6,2,4
13388,Pòpsmóke,tichondrius,192,mage,fire,6,2,4
13389,Juniel,bleeding-hollow,192,mage,fire,6,2,4
13390,Jinglehz,frostmourne,192,mage,fire,6,2,4
13391,Snowday,nerzhul,192,mage,fire,6,2,4
13392,Trízín,frostmourne,192,mage,fire,6,2,4
13393,Cradic,tichondrius,192,mage,fire,6,2,4
13394,Ignitex,bleeding-hollow,192,mage,fire,6,2,4
13395,Kymowiz,sargeras,192,mage,fire,6,2,4
13396,Notria,illidan,192,mage,fire,6,2,4
13397,Starguy,terenas,192,mage,fire,6,2,4
13398,Coldnuke,stormrage,192,mage,fire,6,2,4
13399,Aquafiona,garona,192,mage,fire,6,2,4
13400,Ellywizzle,tichondrius,192,mage,fire,6,2,4
13401,Emìlia,malygos,192,mage,fire,6,2,4
13402,Kaboodlz,stormrage,192,mage,fire,6,2,4
13403,Alïce,kelthuzad,192,mage,fire,6,2,4
13404,Likelyhard,tichondrius,192,mage,fire,6,2,4
13405,Coldcaster,mugthol,192,mage,fire,6,2,4
13406,Thedodgex,sargeras,192,mage,fire,6,2,4
13407,Remana,anvilmar,192,mage,fire,6,2,4
13408,Gódsfather,kelthuzad,192,mage,fire,6,2,4
13409,Gtown,kelthuzad,192,mage,fire,6,2,4
13410,Flamiohotman,illidan,192,mage,fire,6,2,4
13411,Josephaqil,tichondrius,192,mage,fire,6,2,4
13412,Parruka,warsong,192,mage,fire,6,2,4
13413,Phantose,sargeras,192,mage,fire,6,2,4
13414,Gotya,tichondrius,192,mage,fire,6,2,4
13415,Missile,frostmourne,192,mage,fire,6,2,4
13416,Shardgodx,kelthuzad,192,mage,fire,6,2,4
13417,Dustychill,illidan,192,mage,fire,6,2,4
13418,Burrbon,area-52,192,mage,fire,6,2,4
13419,Maddoggs,tichondrius,192,mage,fire,6,2,4
13420,Sogood,tanaris,192,mage,fire,6,2,4
13421,Preplex,thrall,192,mage,fire,6,2,4
13422,Yonzho,area-52,192,mage,fire,6,2,4
13423,Magifish,malganis,192,mage,fire,6,2,4
13424,Natzue,sargeras,192,mage,fire,6,2,4
13425,Naimi,malganis,192,mage,fire,6,2,4
13426,Shashyta,drakkari,192,mage,fire,6,2,4
13427,Juicemage,tichondrius,192,mage,fire,6,2,4
13428,Roggitman,emerald-dream,192,mage,fire,6,2,4
13429,Elhechizero,quelthalas,192,mage,fire,6,2,4
13430,Zënith,quelthalas,192,mage,fire,6,2,4
13431,Valodrin,tichondrius,192,mage,fire,6,2,4
13432,Gunzz,aegwynn,192,mage,fire,6,2,4
13433,Defaultx,turalyon,192,mage,fire,6,2,4
13434,Wauzcrol,quelthalas,192,mage,fire,6,2,4
13435,Abrácadaver,frostwolf,192,mage,fire,10,3,7
13436,Arnx,tichondrius,192,mage,fire,11,2,9
13437,Bic,darrowmere,192,mage,fire,12,2,10
13438,Driel,illidan,192,mage,fire,12,2,10
13439,Abruaa,area-52,192,mage,fire,12,2,10
13440,Flippendicus,stormrage,192,mage,fire,12,2,10
13441,Granmago,azralon,192,mage,fire,12,2,10
13442,Spellbrker,stormrage,192,mage,fire,12,2,10
13443,Saydar,stormrage,192,mage,fire,12,2,10
13444,Beji,frostmourne,191,mage,fire,9,2,7
13445,Prosperoo,aerie-peak,191,mage,fire,12,2,10
13446,Neroclover,ysera,191,mage,fire,24,2,22
13447,Madalon,nemesis,160,mage,fire,10,2,8
13448,Zezima,spirestone,159,mage,fire,5,2,3
13449,Kindlin,frostmourne,159,mage,fire,5,2,3
13450,Tungstentoes,shuhalo,144,mage,fire,5,3,2
13451,Fingerblaste,malganis,138,mage,fire,16,3,13
13452,Eromir,dawnbringer,128,mage,fire,4,2,2
13453,Yeweiliang,tichondrius,128,mage,fire,4,2,2
13454,Ratfather,the-forgotten-coast,128,mage,fire,4,2,2
13455,Supremeboxer,tichondrius,127,mage,fire,8,2,6
13456,Neltar,dalaran,112,mage,fire,7,2,5
13457,Jaysaucetv,tichondrius,112,mage,fire,7,2,5
13458,Haliax,bronzebeard,96,mage,fire,3,2,1
13459,Trojay,malganis,96,mage,fire,6,1,5
13460,Dildope,frostmourne,96,mage,fire,6,1,5
13461,Tabuta,ravenholdt,96,mage,fire,6,1,5
13462,Hrichit,tichondrius,96,mage,fire,6,1,5
13463,Eldrielle,frostmourne,96,mage,fire,6,1,5
13464,Eludin,aegwynn,96,mage,fire,6,1,5
13465,Nomidian,area-52,96,mage,fire,6,1,5
13466,Arkuran,proudmoore,96,mage,fire,6,1,5
13467,Iamsol,area-52,96,mage,fire,6,1,5
13468,Muted,frostmourne,96,mage,fire,6,1,5
13469,Dâzk,sargeras,96,mage,fire,6,1,5
13470,Ejzok,dreadmaul,96,mage,fire,6,1,5
13471,Brayni,wyrmrest-accord,96,mage,fire,6,1,5
13472,Couto,tichondrius,96,mage,fire,6,1,5
13473,Hyndoriann,azgalor,96,mage,fire,6,1,5
13474,Tonydippin,illidan,96,mage,fire,6,1,5
13475,Merreda,sargeras,96,mage,fire,6,1,5
13476,Magicmooman,thunderlord,96,mage,fire,6,1,5
13477,Édika,area-52,96,mage,fire,6,1,5
13478,Jarethleon,ragnaros,96,mage,fire,6,1,5
13479,Rolypolyman,tichondrius,96,mage,fire,6,1,5
13480,Ssmurfett,dalaran,96,mage,fire,6,1,5
13481,Scmage,exodar,96,mage,fire,6,1,5
13482,Caldian,wyrmrest-accord,96,mage,fire,6,1,5
13483,Nazztwren,bleeding-hollow,96,mage,fire,6,1,5
13484,Firemids,thrall,96,mage,fire,6,1,5
13485,Lv,stormscale,96,mage,fire,6,1,5
13486,Prosperoh,burning-legion,96,mage,fire,6,1,5
13487,Clutchy,gorefiend,96,mage,fire,6,1,5
13488,Ignit,stormrage,96,mage,fire,6,1,5
13489,Miapolyafoo,stormrage,96,mage,fire,6,1,5
13490,Truewinter,tichondrius,96,mage,fire,6,1,5
13491,Pyrophobia,mannoroth,96,mage,fire,6,1,5
13492,Pyromaniac,stormscale,96,mage,fire,6,1,5
13493,Somnuss,barthilas,96,mage,fire,7,1,6
13494,Vakina,tichondrius,96,mage,fire,8,1,7
13495,Zuroz,dathremar,96,mage,fire,12,1,11
13496,Allesanda,sargeras,96,mage,fire,12,1,11
13497,Mideon,whisperwind,95,mage,fire,6,1,5
13498,Savanali,kelthuzad,79,mage,fire,5,1,4
13499,Jaked,frostmourne,79,mage,fire,5,1,4
13500,Jarvase,mugthol,79,mage,fire,5,1,4
13501,Sossmage,jaedenar,48,mage,fire,3,1,2
13502,Redeyez,arthas,48,mage,fire,9,1,8
13503,Minerves,tichondrius,42,mage,fire,10,3,7
13504,Absolutepowa,bleeding-hollow,31,mage,fire,2,1,1
13505,Squishymage,frostmourne,16,mage,fire,1,1,0
13506,Juicemage,tichondrius,2224,mage,frost,120,65,55
13507,Stonedmonkeý,tichondrius,2072,mage,frost,125,62,63
13508,Cremgotrockd,blackrock,2064,mage,frost,89,50,39
13509,Ghostrr,tichondrius,2044,mage,frost,147,78,69
13510,Lawuera,quelthalas,2011,mage,frost,96,48,48
13511,Easyfreeze,sargeras,1996,mage,frost,48,27,21
13512,Koro,tichondrius,1985,mage,frost,115,61,54
13513,Backjing,tichondrius,1969,mage,frost,87,42,45
13514,Zerodium,sargeras,1938,mage,frost,83,44,39
13515,Hogmantwo,illidan,1935,mage,frost,54,29,25
13516,Douyuweifa,tichondrius,1911,mage,frost,65,31,34
13517,Elkiador,area-52,1909,mage,frost,30,21,9
13518,Valériemeow,tichondrius,1903,mage,frost,70,36,34
13519,Grumpyòlfart,tichondrius,1898,mage,frost,126,64,62
13520,Vazlgs,tichondrius,1896,mage,frost,82,47,35
13521,Ams,aerie-peak,1890,mage,frost,60,33,27
13522,Yeweiliang,tichondrius,1887,mage,frost,252,134,118
13523,Kissradiox,tichondrius,1879,mage,frost,102,51,51
13524,Joe,llane,1877,mage,frost,69,36,33
13525,Kleinz,quelthalas,1863,mage,frost,67,45,22
13526,Tupactopus,tichondrius,1861,mage,frost,54,27,27
13527,Pigdancell,tichondrius,1858,mage,frost,60,25,35
13528,Fròzt,ragnaros,1857,mage,frost,72,31,41
13529,Xanthilia,chogall,1849,mage,frost,96,49,47
13530,Snaregodx,area-52,1845,mage,frost,53,29,24
13531,Hideongp,barthilas,1842,mage,frost,108,54,54
13532,Smuky,stormrage,1834,mage,frost,66,29,37
13533,Dahp,thrall,1831,mage,frost,47,23,24
13534,Stöpwatch,hyjal,1830,mage,frost,60,39,21
13535,Kassmage,skullcrusher,1825,mage,frost,102,45,57
13536,Gelokay,tichondrius,1821,mage,frost,42,25,17
13537,Chrisxo,azuremyst,1820,mage,frost,42,24,18
13538,Chez,tichondrius,1818,mage,frost,30,19,11
13539,Faynet,dalaran,1817,mage,frost,90,48,42
13540,Cømbust,frostmourne,1816,mage,frost,72,50,22
13541,Juicechanel,tichondrius,1816,mage,frost,52,25,27
13542,Quippy,kiljaeden,1813,mage,frost,309,156,153
13543,Leakyboots,illidan,1812,mage,frost,47,25,22
13544,Ribot,sargeras,1812,mage,frost,60,28,32
13545,Koozay,kelthuzad,1805,mage,frost,65,38,27
13546,Maegwynah,stormrage,1804,mage,frost,66,29,37
13547,Instincts,uldum,1796,mage,frost,42,25,17
13548,Ligmmah,stormrage,1792,mage,frost,110,61,49
13549,Mcdfries,tichondrius,1792,mage,frost,48,25,23
13550,Pitball,area-52,1788,mage,frost,55,30,25
13551,Dtbmar,misha,1788,mage,frost,70,32,38
13552,Laserface,bleeding-hollow,1786,mage,frost,30,21,9
13553,Drewdy,stormreaver,1783,mage,frost,30,19,11
13554,Sheepgodx,malganis,1779,mage,frost,35,20,15
13555,Hunchojack,tichondrius,1770,mage,frost,48,21,27
13556,Sestren,zuljin,1766,mage,frost,54,25,29
13557,Factszxy,area-52,1761,mage,frost,41,29,12
13558,Rhythmdog,tichondrius,1758,mage,frost,60,25,35
13559,Valtessa,stormrage,1753,mage,frost,48,30,18
13560,Hogdog,illidan,1751,mage,frost,54,28,26
13561,Téfy,ragnaros,1744,mage,frost,59,34,25
13562,Riddickl,malfurion,1736,mage,frost,90,44,46
13563,Srinshi,sargeras,1736,mage,frost,142,68,74
13564,Corgim,thrall,1730,mage,frost,47,24,23
13565,Ingcho,tichondrius,1730,mage,frost,72,32,40
13566,Illumià,illidan,1719,mage,frost,26,20,6
13567,Polyenjoyerx,ysera,1719,mage,frost,102,54,48
13568,Endymiòn,tichondrius,1718,mage,frost,42,21,21
13569,Traelol,blades-edge,1715,mage,frost,114,58,56
13570,Sifr,tichondrius,1713,mage,frost,36,18,18
13571,Castana,tichondrius,1707,mage,frost,90,40,50
13572,Headbake,malganis,1705,mage,frost,42,24,18
13573,Maebalim,tichondrius,1701,mage,frost,30,18,12
13574,Rizke,tichondrius,1701,mage,frost,35,18,17
13575,Glaciated,the-forgotten-coast,1699,mage,frost,74,38,36
13576,Golfirl,doomhammer,1694,mage,frost,36,20,16
13577,Fromcanadaqc,stormrage,1689,mage,frost,41,24,17
13578,Zinnos,tichondrius,1684,mage,frost,214,105,109
13579,Persia,illidan,1683,mage,frost,53,24,29
13580,Sabrita,proudmoore,1680,mage,frost,92,47,45
13581,Jtizzlè,tichondrius,1679,mage,frost,59,33,26
13582,Christmas,tichondrius,1674,mage,frost,384,196,188
13583,Jerawokee,undermine,1674,mage,frost,61,25,36
13584,Alurion,moon-guard,1673,mage,frost,32,21,11
13585,Arcayne,tichondrius,1667,mage,frost,92,51,41
13586,Tommagic,tichondrius,1666,mage,frost,40,23,17
13587,Mokelovin,sargeras,1663,mage,frost,41,26,15
13588,Stimml,blood-furnace,1662,mage,frost,66,38,28
13589,Venachi,emerald-dream,1658,mage,frost,128,74,54
13590,Tatertots,bladefist,1658,mage,frost,47,18,29
13591,Bmuafgfe,tichondrius,1655,mage,frost,33,20,13
13592,Bambambilly,kelthuzad,1655,mage,frost,75,35,40
13593,Theetwotime,area-52,1654,mage,frost,78,37,41
13594,Minverces,tichondrius,1653,mage,frost,40,23,17
13595,Dexd,laughing-skull,1652,mage,frost,36,23,13
13596,Entm,burning-blade,1651,mage,frost,42,22,20
13597,Tjofmajik,stormrage,1651,mage,frost,42,20,22
13598,Zhangxiaowu,tichondrius,1648,mage,frost,50,32,18
13599,Deallus,tichondrius,1648,mage,frost,76,36,40
13600,Luxør,aegwynn,1647,mage,frost,30,18,12
13601,Zorexx,area-52,1643,mage,frost,61,30,31
13602,Lorlene,frostmourne,1638,mage,frost,115,52,63
13603,Gûmbÿ,illidan,1636,mage,frost,36,28,8
13604,Charmed,black-dragonflight,1635,mage,frost,80,42,38
13605,Lambsalsa,tichondrius,1631,mage,frost,42,18,24
13606,Mayumî,moon-guard,1629,mage,frost,36,19,17
13607,Zezima,spirestone,1625,mage,frost,36,23,13
13608,Dace,tichondrius,1625,mage,frost,36,20,16
13609,Elyandria,proudmoore,1625,mage,frost,42,23,19
13610,Xialing,tichondrius,1625,mage,frost,35,18,17
13611,Tris,malganis,1625,mage,frost,43,19,24
13612,Fgnb,sargeras,1619,mage,frost,36,23,13
13613,Neverblockx,kirin-tor,1618,mage,frost,30,17,13
13614,Gwyn,nemesis,1614,mage,frost,54,29,25
13615,Gôøglëlòl,nemesis,1608,mage,frost,175,86,89
13616,Dillor,tichondrius,1606,mage,frost,124,66,58
13617,Snoogensftw,tichondrius,1602,mage,frost,36,17,19
13618,Syntacks,lightnings-blade,1598,mage,frost,225,112,113
13619,Pichorrá,quelthalas,1595,mage,frost,50,28,22
13620,Blinkbow,tichondrius,1595,mage,frost,102,46,56
13621,Dorsia,jaedenar,1594,mage,frost,28,20,8
13622,Frostpimp,anubarak,1594,mage,frost,62,27,35
13623,Dve,frostmourne,1593,mage,frost,66,40,26
13624,Flâvor,illidan,1593,mage,frost,54,29,25
13625,Praestigium,barthilas,1589,mage,frost,57,31,26
13626,Triuneward,tichondrius,1585,mage,frost,36,20,16
13627,Mageonthcc,korgath,1583,mage,frost,98,49,49
13628,Sheepu,bladefist,1578,mage,frost,88,51,37
13629,Axecap,tichondrius,1578,mage,frost,36,20,16
13630,Enflame,tichondrius,1576,mage,frost,36,27,9
13631,Trolson,sargeras,1575,mage,frost,94,41,53
13632,Squidio,stormrage,1570,mage,frost,125,68,57
13633,Eldrielle,frostmourne,1569,mage,frost,312,162,150
13634,Crithappy,baelgun,1568,mage,frost,48,26,22
13635,Frizbee,sargeras,1567,mage,frost,39,19,20
13636,Nickioxox,tichondrius,1567,mage,frost,41,17,24
13637,Maagin,zuljin,1560,mage,frost,92,51,41
13638,Animatronic,moon-guard,1560,mage,frost,149,73,76
13639,Affewxd,lothar,1557,mage,frost,126,65,61
13640,Orderlight,alexstrasza,1556,mage,frost,59,24,35
13641,Deathrøll,moon-guard,1552,mage,frost,84,48,36
13642,Zeshilol,stormrage,1549,mage,frost,39,19,20
13643,Sáron,quelthalas,1539,mage,frost,54,31,23
13644,Toaststrudel,tichondrius,1537,mage,frost,58,27,31
13645,Biglance,frostmourne,1533,mage,frost,36,17,19
13646,Frostqt,area-52,1532,mage,frost,132,71,61
13647,Yorgøs,ragnaros,1530,mage,frost,30,16,14
13648,Littlejay,kelthuzad,1528,mage,frost,30,16,14
13649,Magetherian,frostmourne,1528,mage,frost,42,21,21
13650,Flaux,sargeras,1526,mage,frost,24,16,8
13651,Floofies,moon-guard,1526,mage,frost,120,59,61
13652,Erîol,ragnaros,1525,mage,frost,46,24,22
13653,Preceptør,azralon,1523,mage,frost,45,22,23
13654,Galacticslug,tichondrius,1519,mage,frost,48,28,20
13655,Savanali,kelthuzad,1518,mage,frost,36,21,15
13656,Revised,sargeras,1518,mage,frost,88,51,37
13657,Qsc,barthilas,1514,mage,frost,103,51,52
13658,Priyel,hyjal,1513,mage,frost,36,19,17
13659,Fawcett,khazgoroth,1511,mage,frost,66,31,35
13660,Atra,spinebreaker,1510,mage,frost,36,16,20
13661,Playsfrost,skullcrusher,1501,mage,frost,106,62,44
13662,Khadberry,aerie-peak,1501,mage,frost,71,34,37
13663,Kazmir,area-52,1494,mage,frost,41,16,25
13664,Soulberg,emerald-dream,1492,mage,frost,71,31,40
13665,Burritsacold,bleeding-hollow,1491,mage,frost,54,26,28
13666,Guyza,frostmourne,1489,mage,frost,41,18,23
13667,Datazonfire,illidan,1488,mage,frost,36,22,14
13668,Deverror,frostmourne,1487,mage,frost,113,50,63
13669,Song,sargeras,1485,mage,frost,83,42,41
13670,Emetah,ysera,1485,mage,frost,60,27,33
13671,Omnislasher,terenas,1482,mage,frost,115,53,62
13672,Pibb,rivendare,1480,mage,frost,48,25,23
13673,Léstat,quelthalas,1479,mage,frost,36,21,15
13674,Frussy,blood-furnace,1478,mage,frost,66,36,30
13675,Cubanmage,drakkari,1477,mage,frost,42,19,23
13676,Genswift,thrall,1475,mage,frost,36,17,19
13677,Fbd,bloodscalp,1473,mage,frost,30,16,14
13678,Scrúmp,tichondrius,1468,mage,frost,30,16,14
13679,Miketao,tichondrius,1468,mage,frost,38,16,22
13680,Enterthevoid,proudmoore,1463,mage,frost,36,21,15
13681,Osnapmage,malganis,1462,mage,frost,244,121,123
13682,Kh,stormrage,1460,mage,frost,81,44,37
13683,Ado,zuluhed,1460,mage,frost,108,56,52
13684,Yulian,tichondrius,1454,mage,frost,79,44,35
13685,Azhim,tichondrius,1453,mage,frost,48,24,24
13686,Tifrodo,azralon,1452,mage,frost,70,39,31
13687,Coôler,illidan,1451,mage,frost,160,90,70
13688,Moyuu,proudmoore,1450,mage,frost,84,39,45
13689,Nereidan,drakkari,1448,mage,frost,56,26,30
13690,Bettybonk,cenarius,1448,mage,frost,42,18,24
13691,Minerves,tichondrius,1446,mage,frost,42,20,22
13692,Corruptionz,nemesis,1441,mage,frost,36,18,18
13693,Pvpbilly,tichondrius,1439,mage,frost,24,15,9
13694,Fròzen,moon-guard,1436,mage,frost,74,35,39
13695,Paü,illidan,1436,mage,frost,70,29,41
13696,Aapple,tichondrius,1433,mage,frost,30,15,15
13697,Sesshomaru,emerald-dream,1433,mage,frost,51,18,33
13698,Vornz,sargeras,1432,mage,frost,61,28,33
13699,Gasolína,stormrage,1431,mage,frost,66,31,35
13700,Respectx,nemesis,1431,mage,frost,58,25,33
13701,Mmine,tichondrius,1430,mage,frost,30,15,15
13702,Kymowiz,sargeras,1423,mage,frost,36,15,21
13703,Myxzz,barthilas,1422,mage,frost,184,93,91
13704,Trebbiano,illidan,1416,mage,frost,103,52,51
13705,Tylers,moon-guard,1415,mage,frost,36,19,17
13706,Gazzuu,ragnaros,1413,mage,frost,42,22,20
13707,Clm,lightnings-blade,1412,mage,frost,65,32,33
13708,Vecna,tichondrius,1411,mage,frost,103,47,56
13709,Mclanda,frostmourne,1409,mage,frost,65,30,35
13710,Perrc,area-52,1407,mage,frost,128,56,72
13711,Canva,barthilas,1406,mage,frost,41,25,16
13712,Umber,dreadmaul,1405,mage,frost,146,69,77
13713,Nate,black-dragonflight,1404,mage,frost,128,65,63
13714,Gunzup,lightnings-blade,1403,mage,frost,30,15,15
13715,Tentaçao,stormrage,1400,mage,frost,45,24,21
13716,Frøzzen,quelthalas,1400,mage,frost,105,49,56
13717,Fakebusiness,area-52,1398,mage,frost,94,45,49
13718,Selless,zuljin,1397,mage,frost,60,33,27
13719,Starscreamm,ragnaros,1394,mage,frost,34,20,14
13720,Mkudos,ragnaros,1394,mage,frost,38,18,20
13721,Crymachine,garrosh,1391,mage,frost,33,17,16
13722,Boejanglz,frostmourne,1390,mage,frost,28,17,11
13723,Affinitty,zuljin,1389,mage,frost,42,24,18
13724,Rích,tichondrius,1389,mage,frost,108,49,59
13725,Hermanmiller,tichondrius,1388,mage,frost,66,32,34
13726,Maguín,tichondrius,1384,mage,frost,30,15,15
13727,Kouks,tichondrius,1383,mage,frost,23,15,8
13728,Plainblaine,illidan,1379,mage,frost,68,32,36
13729,Zoidy,bleeding-hollow,1377,mage,frost,35,15,20
13730,Tagere,moon-guard,1370,mage,frost,80,38,42
13731,Kahili,stormrage,1361,mage,frost,47,19,28
13732,Kevymarts,tichondrius,1358,mage,frost,54,31,23
13733,Koulder,zuljin,1357,mage,frost,30,18,12
13734,Chadyus,illidan,1356,mage,frost,36,15,21
13735,Mëlkart,ragnaros,1350,mage,frost,36,17,19
13736,Anarista,wyrmrest-accord,1345,mage,frost,24,15,9
13737,Vampìrelolz,tichondrius,1344,mage,frost,24,14,10
13738,Osh,malorne,1343,mage,frost,26,15,11
13739,Mâsterkush,tichondrius,1343,mage,frost,46,23,23
13740,Cryogeniks,illidan,1343,mage,frost,30,14,16
13741,Milambehr,elune,1340,mage,frost,30,16,14
13742,Safety,stormreaver,1337,mage,frost,106,57,49
13743,Wolfgangvn,stormrage,1336,mage,frost,31,15,16
13744,Shatturd,sargeras,1336,mage,frost,42,15,27
13745,Forged,tichondrius,1335,mage,frost,24,14,10
13746,Safu,bleeding-hollow,1335,mage,frost,120,63,57
13747,Slipqt,tichondrius,1333,mage,frost,42,15,27
13748,Marisadaze,tichondrius,1331,mage,frost,39,15,24
13749,Gualter,nemesis,1329,mage,frost,96,54,42
13750,Juul,emerald-dream,1328,mage,frost,237,109,128
13751,Vorass,kelthuzad,1325,mage,frost,30,15,15
13752,Lachawr,stormrage,1324,mage,frost,95,51,44
13753,Starkp,ragnaros,1319,mage,frost,153,73,80
13754,Soia,ragnaros,1318,mage,frost,102,52,50
13755,Kabonkle,drakthul,1317,mage,frost,44,17,27
13756,Andorlin,barthilas,1315,mage,frost,47,22,25
13757,Clownspocket,tichondrius,1313,mage,frost,65,36,29
13758,Magicbunny,andorhal,1312,mage,frost,142,71,71
13759,Ragemage,borean-tundra,1311,mage,frost,59,20,39
13760,Mntaindew,bleeding-hollow,1309,mage,frost,35,14,21
13761,Numz,sargeras,1302,mage,frost,94,42,52
13762,Valtaira,wyrmrest-accord,1301,mage,frost,65,39,26
13763,Kryliak,ragnaros,1301,mage,frost,54,31,23
13764,Frostítute,alterac-mountains,1299,mage,frost,60,28,32
13765,Frostitutå,eonar,1293,mage,frost,118,54,64
13766,Icybanter,emerald-dream,1286,mage,frost,30,14,16
13767,Alìv,tichondrius,1281,mage,frost,148,65,83
13768,Dumblexgamer,ragnaros,1280,mage,frost,58,26,32
13769,Thergon,kul-tiras,1279,mage,frost,32,17,15
13770,Derpmanjr,area-52,1277,mage,frost,60,39,21
13771,Skynhet,ragnaros,1277,mage,frost,36,16,20
13772,Cheapsects,drakthul,1272,mage,frost,32,17,15
13773,Meer,stonemaul,1270,mage,frost,30,17,13
13774,Ignit,stormrage,1269,mage,frost,34,17,17
13775,Throatdemon,hakkar,1269,mage,frost,36,15,21
13776,Tarmiel,quelthalas,1267,mage,frost,30,15,15
13777,Vengefuly,tichondrius,1264,mage,frost,34,17,17
13778,Zssy,tichondrius,1263,mage,frost,23,14,9
13779,Samuoa,tichondrius,1261,mage,frost,30,17,13
13780,Feogato,proudmoore,1249,mage,frost,129,64,65
13781,Factsx,area-52,1247,mage,frost,30,13,17
13782,Isellstuff,thrall,1243,mage,frost,30,13,17
13783,Yourefat,emerald-dream,1238,mage,frost,36,20,16
13784,Burstage,destromath,1238,mage,frost,30,13,17
13785,Agniih,azralon,1236,mage,frost,66,31,35
13786,Rankryman,quelthalas,1235,mage,frost,40,20,20
13787,Unleáshed,moonrunner,1229,mage,frost,61,29,32
13788,Satív,moknathal,1228,mage,frost,30,18,12
13789,Zirkur,mannoroth,1228,mage,frost,30,13,17
13790,Frostzadan,quelthalas,1228,mage,frost,54,22,32
13791,Acarilla,stormrage,1228,mage,frost,48,18,30
13792,Jikario,zuljin,1224,mage,frost,30,13,17
13793,Jobar,malganis,1221,mage,frost,24,13,11
13794,Magifish,malganis,1220,mage,frost,30,18,12
13795,Chade,dunemaul,1220,mage,frost,36,15,21
13796,Ruzam,area-52,1216,mage,frost,39,16,23
13797,Featherboo,stormrage,1215,mage,frost,24,14,10
13798,Pocsermage,drakkari,1210,mage,frost,28,13,15
13799,Kromeus,illidan,1210,mage,frost,36,16,20
13800,Ràmdas,hyjal,1208,mage,frost,24,13,11
13801,Canassa,azralon,1208,mage,frost,113,58,55
13802,Wowenjoyer,area-52,1197,mage,frost,70,33,37
13803,Giovannie,zuluhed,1195,mage,frost,24,13,11
13804,Layolis,area-52,1195,mage,frost,56,29,27
13805,Rrite,tichondrius,1192,mage,frost,23,13,10
13806,Arcánè,velen,1191,mage,frost,23,13,10
13807,Valrendor,nazjatar,1191,mage,frost,79,36,43
13808,Gtó,sargeras,1190,mage,frost,29,13,16
13809,Whyammage,dalaran,1185,mage,frost,71,40,31
13810,Copperfield,dreadmaul,1185,mage,frost,80,33,47
13811,Palruki,tichondrius,1185,mage,frost,54,19,35
13812,Sølem,frostmourne,1182,mage,frost,36,16,20
13813,Maigoddess,proudmoore,1180,mage,frost,71,29,42
13814,Sahir,thaurissan,1173,mage,frost,30,14,16
13815,Pendrake,sargeras,1170,mage,frost,34,13,21
13816,Gsr,nerzhul,1169,mage,frost,34,14,20
13817,Zlint,quelthalas,1167,mage,frost,25,13,12
13818,Toesuckerlol,tichondrius,1164,mage,frost,33,16,17
13819,Devlux,area-52,1158,mage,frost,104,50,54
13820,Tyrecgosa,tichondrius,1155,mage,frost,54,26,28
13821,Rekonx,tichondrius,1152,mage,frost,35,15,20
13822,Quietusllil,gurubashi,1151,mage,frost,54,33,21
13823,Kabrax,nerzhul,1150,mage,frost,30,12,18
13824,Pëpz,emerald-dream,1150,mage,frost,30,12,18
13825,Evilear,andorhal,1150,mage,frost,30,12,18
13826,Defarefa,frostmourne,1144,mage,frost,34,14,20
13827,Yungice,hyjal,1144,mage,frost,36,14,22
13828,Diixynormus,illidan,1141,mage,frost,30,17,13
13829,Cheesebuns,proudmoore,1139,mage,frost,30,12,18
13830,Twinklestars,sargeras,1138,mage,frost,48,27,21
13831,Aquariusmoon,bonechewer,1138,mage,frost,42,21,21
13832,Gryd,area-52,1137,mage,frost,52,27,25
13833,Magicmooman,thunderlord,1137,mage,frost,24,12,12
13834,Darkrukia,tichondrius,1137,mage,frost,51,25,26
13835,Who,emerald-dream,1131,mage,frost,40,19,21
13836,Lucyphilis,stormrage,1131,mage,frost,42,18,24
13837,Mageeoh,bleeding-hollow,1128,mage,frost,41,14,27
13838,Khaldyn,tichondrius,1127,mage,frost,126,61,65
13839,Mageyoulooks,kelthuzad,1125,mage,frost,30,12,18
13840,Jejihev,drakkari,1124,mage,frost,24,12,12
13841,Fatum,ragnaros,1124,mage,frost,32,14,18
13842,Elwyn,dunemaul,1123,mage,frost,27,13,14
13843,Nazneen,elune,1122,mage,frost,73,31,42
13844,Gunzz,aegwynn,1122,mage,frost,30,12,18
13845,Paidemago,azralon,1121,mage,frost,24,14,10
13846,Coldfrønt,moon-guard,1120,mage,frost,48,21,27
13847,Couto,tichondrius,1116,mage,frost,23,12,11
13848,Gatka,quelthalas,1116,mage,frost,188,85,103
13849,Bellåtrîx,quelthalas,1115,mage,frost,18,12,6
13850,Drumzter,ragnaros,1114,mage,frost,29,16,13
13851,Osda,azralon,1111,mage,frost,36,19,17
13852,Icegiants,tichondrius,1111,mage,frost,23,12,11
13853,Levitaine,bleeding-hollow,1110,mage,frost,38,19,19
13854,Shäräpova,zuljin,1109,mage,frost,24,12,12
13855,Sturmrevenge,lightnings-blade,1109,mage,frost,102,49,53
13856,Xárdas,quelthalas,1109,mage,frost,52,22,30
13857,Castingmommy,moon-guard,1108,mage,frost,73,37,36
13858,Discoinferno,kelthuzad,1107,mage,frost,21,13,8
13859,Cìfel,quelthalas,1105,mage,frost,19,13,6
13860,Ibalyn,khazgoroth,1104,mage,frost,83,40,43
13861,Twirkin,proudmoore,1102,mage,frost,36,18,18
13862,Somethinglos,sargeras,1102,mage,frost,32,13,19
13863,Cocmagic,kelthuzad,1101,mage,frost,27,13,14
13864,Corucia,echo-isles,1101,mage,frost,148,69,79
13865,Hollerin,whisperwind,1098,mage,frost,18,12,6
13866,Corrmic,winterhoof,1098,mage,frost,30,14,16
13867,Aherom,ragnaros,1095,mage,frost,21,13,8
13868,Magedango,bleeding-hollow,1095,mage,frost,35,14,21
13869,Azzurn,doomhammer,1090,mage,frost,24,13,11
13870,Helcarwen,area-52,1081,mage,frost,31,13,18
13871,Xannymancan,tichondrius,1080,mage,frost,54,21,33
13872,Mindthegap,tichondrius,1079,mage,frost,45,25,20
13873,Gradivous,emerald-dream,1072,mage,frost,70,31,39
13874,Arkoz,tichondrius,1071,mage,frost,18,12,6
13875,Magecombe,thrall,1071,mage,frost,19,12,7
13876,Frostitutex,illidan,1071,mage,frost,25,12,13
13877,Cavit,wyrmrest-accord,1070,mage,frost,50,24,26
13878,Degenhours,illidan,1069,mage,frost,27,13,14
13879,Smáckington,tichondrius,1058,mage,frost,63,26,37
13880,Lildabpen,tichondrius,1057,mage,frost,86,34,52
13881,Luckysir,illidan,1055,mage,frost,24,11,13
13882,Pivnert,boulderfist,1055,mage,frost,24,11,13
13883,Marrioo,tichondrius,1055,mage,frost,24,11,13
13884,Luckysix,illidan,1055,mage,frost,30,11,19
13885,Angerfrost,khazgoroth,1054,mage,frost,36,22,14
13886,Babyspise,nathrezim,1054,mage,frost,18,11,7
13887,Renoria,norgannon,1054,mage,frost,24,11,13
13888,Sheepshot,dentarg,1054,mage,frost,24,11,13
13889,Gadogear,draka,1054,mage,frost,30,11,19
13890,Doubledown,kiljaeden,1053,mage,frost,18,11,7
13891,Nairmage,tichondrius,1053,mage,frost,20,11,9
13892,Magekingz,shattered-halls,1052,mage,frost,42,20,22
13893,Tsuchek,tichondrius,1051,mage,frost,18,11,7
13894,Auralyn,wyrmrest-accord,1051,mage,frost,25,11,14
13895,Zuqo,sargeras,1050,mage,frost,18,11,7
13896,Dejavuh,dalaran,1047,mage,frost,48,25,23
13897,Zibbo,ragnaros,1046,mage,frost,18,11,7
13898,Ceadruk,darkspear,1046,mage,frost,30,14,16
13899,Skywalkerino,azralon,1045,mage,frost,24,11,13
13900,Krabby,malganis,1044,mage,frost,36,11,25
13901,Esun,moon-guard,1042,mage,frost,19,12,7
13902,Devoh,dunemaul,1040,mage,frost,20,11,9
13903,Khrixa,illidan,1036,mage,frost,114,55,59
13904,Pugsmugg,icecrown,1032,mage,frost,49,13,36
13905,Sluagh,terenas,1031,mage,frost,52,24,28
13906,Bobalama,tichondrius,1025,mage,frost,18,14,4
13907,Drbloodmuscl,black-dragonflight,1020,mage,frost,36,15,21
13908,Moonfhang,azralon,1018,mage,frost,153,71,82
13909,Trollsita,thrall,1013,mage,frost,18,11,7
13910,Grudel,archimonde,1011,mage,frost,35,19,16
13911,Sènding,sargeras,1010,mage,frost,42,11,31
13912,Diegoneally,bleeding-hollow,1009,mage,frost,24,11,13
13913,Littlebeth,azjolnerub,1006,mage,frost,48,21,27
13914,Rizzbot,sargeras,1005,mage,frost,75,27,48
13915,Jaymage,agamaggan,994,mage,frost,37,13,24
13916,Ejzok,dreadmaul,992,mage,frost,33,13,20
13917,Megapasta,illidan,989,mage,frost,23,11,12
13918,Superoirity,trollbane,988,mage,frost,48,24,24
13919,Drfrostie,anvilmar,987,mage,frost,20,11,9
13920,Prometheus,crushridge,986,mage,frost,52,27,25
13921,Thatlejund,tichondrius,986,mage,frost,28,11,17
13922,Bòóyah,muradin,980,mage,frost,40,21,19
13923,Icebboxx,tichondrius,979,mage,frost,18,11,7
13924,Damage,skullcrusher,971,mage,frost,25,11,14
13925,Torthie,burning-blade,960,mage,frost,12,10,2
13926,Cumbustyomom,illidan,960,mage,frost,18,10,8
13927,Feener,stormreaver,960,mage,frost,18,10,8
13928,Warmweather,nagrand,959,mage,frost,18,10,8
13929,Walrusxo,kelthuzad,959,mage,frost,18,10,8
13930,Legendkiller,bleeding-hollow,959,mage,frost,18,10,8
13931,Nukedat,proudmoore,959,mage,frost,18,10,8
13932,Qcomberoo,frostmane,959,mage,frost,27,11,16
13933,Aluce,frostmourne,958,mage,frost,18,10,8
13934,Ciaooh,tichondrius,958,mage,frost,18,10,8
13935,Hylord,tichondrius,957,mage,frost,18,10,8
13936,Critique,malorne,956,mage,frost,36,20,16
13937,Epifeni,blackrock,955,mage,frost,30,10,20
13938,Trízín,frostmourne,954,mage,frost,18,10,8
13939,Magicke,azgalor,953,mage,frost,17,11,6
13940,Nnenna,bonechewer,952,mage,frost,18,10,8
13941,Keelaron,proudmoore,949,mage,frost,24,10,14
13942,Evierix,illidan,948,mage,frost,50,17,33
13943,Tyning,blood-furnace,947,mage,frost,24,10,14
13944,Trollings,azralon,943,mage,frost,45,21,24
13945,Onlyfansme,dalaran,939,mage,frost,18,10,8
13946,Wickednoob,malganis,927,mage,frost,66,24,42
13947,Misfyre,malganis,926,mage,frost,24,10,14
13948,Crankweigth,rivendare,923,mage,frost,66,29,37
13949,Tristania,archimonde,921,mage,frost,43,22,21
13950,Xoxmage,frostmourne,921,mage,frost,36,15,21
13951,Bigpinkies,korgath,921,mage,frost,24,10,14
13952,Marschubas,drakthul,917,mage,frost,65,28,37
13953,Aramire,drakkari,911,mage,frost,21,11,10
13954,Moesel,emerald-dream,908,mage,frost,15,11,4
13955,Leocius,daggerspine,906,mage,frost,23,10,13
13956,Redeyez,arthas,900,mage,frost,42,17,25
13957,Radiku,blood-furnace,899,mage,frost,25,11,14
13958,Mageboy,bonechewer,894,mage,frost,29,10,19
13959,Guji,area-52,890,mage,frost,23,11,12
13960,Itoncruxy,tichondrius,886,mage,frost,63,29,34
13961,Scár,blackrock,873,mage,frost,14,10,4
13962,Whosdismage,illidan,864,mage,frost,12,9,3
13963,Rositajonez,terenas,864,mage,frost,12,9,3
13964,Nalabb,illidan,864,mage,frost,12,9,3
13965,Furisheep,stormrage,864,mage,frost,12,9,3
13966,Kaylemage,tichondrius,864,mage,frost,12,9,3
13967,Bamx,stormrage,864,mage,frost,18,9,9
13968,Hyoonsfeet,stormrage,864,mage,frost,18,9,9
13969,Cunzhang,tichondrius,864,mage,frost,18,9,9
13970,Fromcanada,eitrigg,864,mage,frost,18,9,9
13971,Weathersmell,tichondrius,864,mage,frost,18,9,9
13972,Evilnuts,quelthalas,864,mage,frost,19,9,10
13973,Skoals,thrall,864,mage,frost,29,10,19
13974,Seeu,tichondrius,864,mage,frost,30,9,21
13975,Nicemangoes,proudmoore,863,mage,frost,12,9,3
13976,Blinkbotx,proudmoore,863,mage,frost,18,9,9
13977,Lastiari,wyrmrest-accord,863,mage,frost,18,9,9
13978,Blinkharder,stormrage,863,mage,frost,24,9,15
13979,Pyroshima,barthilas,863,mage,frost,28,10,18
13980,Jaked,frostmourne,863,mage,frost,30,9,21
13981,Kitenic,proudmoore,862,mage,frost,12,9,3
13982,Skillcap,nagrand,862,mage,frost,18,9,9
13983,Cryyo,queldorei,862,mage,frost,18,9,9
13984,Raisonmage,tichondrius,862,mage,frost,18,9,9
13985,Åøe,tichondrius,862,mage,frost,18,9,9
13986,Boredomkïlls,burning-legion,862,mage,frost,18,9,9
13987,Jodebabss,dalaran,862,mage,frost,18,9,9
13988,Tunax,tichondrius,862,mage,frost,24,9,15
13989,Shenme,moon-guard,861,mage,frost,20,9,11
13990,Fruza,emerald-dream,860,mage,frost,16,10,6
13991,Rasmin,greymane,860,mage,frost,24,11,13
13992,Remana,anvilmar,859,mage,frost,18,9,9
13993,Plunks,bleeding-hollow,859,mage,frost,39,10,29
13994,Vallet,ragnaros,858,mage,frost,12,9,3
13995,Cùrtiñ,tichondrius,858,mage,frost,30,9,21
13996,Mageolisious,kelthuzad,857,mage,frost,24,9,15
13997,Cransmage,illidan,856,mage,frost,18,9,9
13998,Kaboozles,area-52,853,mage,frost,24,9,15
13999,Soya,sargeras,852,mage,frost,24,9,15
14000,Naoz,ragnaros,851,mage,frost,18,9,9
14001,Worknlurk,malganis,841,mage,frost,18,9,9
14002,Jarethleon,ragnaros,837,mage,frost,21,11,10
14003,Âürõrâ,firetree,834,mage,frost,24,9,15
14004,Hiiamtay,azralon,826,mage,frost,14,10,4
14005,Erykk,mugthol,810,mage,frost,33,10,23
14006,Zionist,earthen-ring,796,mage,frost,14,9,5
14007,Kfortyone,kiljaeden,768,mage,frost,12,8,4
14008,Frightmare,sargeras,768,mage,frost,12,8,4
14009,Tonystonerz,lightnings-blade,768,mage,frost,12,8,4
14010,Nefm,frostmourne,768,mage,frost,12,8,4
14011,Pandazed,stormscale,768,mage,frost,12,8,4
14012,Dearyuanmage,tichondrius,768,mage,frost,12,8,4
14013,Wiztopher,frostmourne,768,mage,frost,12,8,4
14014,Pigdancel,tichondrius,768,mage,frost,18,8,10
14015,Magibe,thrall,768,mage,frost,18,8,10
14016,Yeetcannøn,illidan,768,mage,frost,18,8,10
14017,Lycheeoolong,frostmourne,768,mage,frost,18,8,10
14018,Nôtôrious,thrall,767,mage,frost,12,8,4
14019,Mempool,darkspear,767,mage,frost,12,8,4
14020,Bigdjohnson,dalaran,767,mage,frost,12,8,4
14021,Vamplol,tichondrius,767,mage,frost,18,8,10
14022,Wickymorph,barthilas,767,mage,frost,18,8,10
14023,Qtqq,malganis,767,mage,frost,18,8,10
14024,Badboykilla,dentarg,767,mage,frost,21,9,12
14025,Gardes,tichondrius,767,mage,frost,24,8,16
14026,Travarra,terenas,766,mage,frost,18,8,10
14027,Freez,garona,766,mage,frost,22,9,13
14028,Nynalith,area-52,764,mage,frost,18,8,10
14029,Snowjôb,illidan,764,mage,frost,24,8,16
14030,Marvelcuck,sargeras,763,mage,frost,12,8,4
14031,Crizzpy,tichondrius,762,mage,frost,18,8,10
14032,Keahiláni,area-52,759,mage,frost,15,9,6
14033,Vantus,tichondrius,757,mage,frost,14,8,6
14034,Pizzle,perenolde,755,mage,frost,18,8,10
14035,Ratrider,dreadmaul,752,mage,frost,12,8,4
14036,Fizario,barthilas,751,mage,frost,23,9,14
14037,Artruis,detheroc,748,mage,frost,12,8,4
14038,Bandmaid,emerald-dream,736,mage,frost,16,9,7
14039,Omegablink,sargeras,734,mage,frost,17,8,9
14040,Letitgoo,azralon,733,mage,frost,34,17,17
14041,Heca,tichondrius,719,mage,frost,11,8,3
14042,Stankfreezer,thrall,719,mage,frost,11,8,3
14043,Alùcârd,tichondrius,719,mage,frost,17,8,9
14044,Asparagoose,stormrage,718,mage,frost,17,8,9
14045,Ìgnìtìöñ,whisperwind,718,mage,frost,21,8,13
14046,Creatïne,stormrage,703,mage,frost,16,8,8
14047,Jayfunk,sargeras,702,mage,frost,11,8,3
14048,Mushys,stormrage,672,mage,frost,12,7,5
14049,Emvepee,sargeras,672,mage,frost,12,7,5
14050,Kygores,tichondrius,672,mage,frost,12,7,5
14051,Kujousara,stormrage,672,mage,frost,12,7,5
14052,Myfamilygpie,nazgrel,672,mage,frost,12,7,5
14053,Proximalol,tichondrius,672,mage,frost,12,7,5
14054,Neovim,stormrage,672,mage,frost,12,7,5
14055,Archewing,azjolnerub,672,mage,frost,12,7,5
14056,Sylendron,area-52,672,mage,frost,12,7,5
14057,Hrichit,tichondrius,672,mage,frost,12,7,5
14058,Ntys,frostmourne,672,mage,frost,12,7,5
14059,Ankidar,quelthalas,672,mage,frost,12,7,5
14060,Tibbit,kelthuzad,672,mage,frost,12,7,5
14061,Crnomage,area-52,672,mage,frost,12,7,5
14062,Elfvis,deathwing,672,mage,frost,12,7,5
14063,Toteypotter,frostmourne,672,mage,frost,12,7,5
14064,Chunzhangfs,tichondrius,672,mage,frost,18,7,11
14065,Betrian,quelthalas,672,mage,frost,18,7,11
14066,Coldshouldér,nerzhul,672,mage,frost,18,7,11
14067,Licklix,tichondrius,672,mage,frost,18,7,11
14068,Stealing,barthilas,672,mage,frost,18,7,11
14069,Baleiabranca,stormrage,672,mage,frost,18,7,11
14070,Aosin,wyrmrest-accord,672,mage,frost,18,7,11
14071,Privilege,burning-legion,672,mage,frost,18,7,11
14072,Snoogma,illidan,671,mage,frost,12,7,5
14073,Dairian,whisperwind,671,mage,frost,12,7,5
14074,Khaziiong,scilla,671,mage,frost,12,7,5
14075,Burist,illidan,671,mage,frost,12,7,5
14076,Blinksz,korgath,671,mage,frost,12,7,5
14077,Nihilitý,malganis,671,mage,frost,12,7,5
14078,Zaxrie,malganis,671,mage,frost,12,7,5
14079,Solusek,garona,671,mage,frost,12,7,5
14080,Tokiaro,tortheldrin,671,mage,frost,12,7,5
14081,Därkmägician,tichondrius,671,mage,frost,18,7,11
14082,Kasparhausar,garithos,671,mage,frost,18,7,11
14083,Oharvestero,illidan,671,mage,frost,18,7,11
14084,Annalee,ragnaros,671,mage,frost,18,7,11
14085,Baemers,tichondrius,671,mage,frost,18,7,11
14086,Numaïr,kiljaeden,671,mage,frost,18,7,11
14087,Aulie,burning-blade,670,mage,frost,12,7,5
14088,Kidfurry,wyrmrest-accord,670,mage,frost,12,7,5
14089,Megladon,tichondrius,670,mage,frost,12,7,5
14090,Tchass,skullcrusher,670,mage,frost,12,7,5
14091,Ranje,kiljaeden,670,mage,frost,12,7,5
14092,Starguy,laughing-skull,670,mage,frost,18,7,11
14093,Putosucio,nordrassil,670,mage,frost,18,7,11
14094,Cäelüm,area-52,670,mage,frost,24,7,17
14095,Banída,stormrage,669,mage,frost,12,7,5
14096,Criticalness,illidan,669,mage,frost,12,7,5
14097,Zalatirix,bleeding-hollow,669,mage,frost,12,7,5
14098,Icelordd,ragnaros,669,mage,frost,13,7,6
14099,Memnor,amanthul,668,mage,frost,12,7,5
14100,Bubbleblower,hakkar,667,mage,frost,18,7,11
14101,Tatersmaccs,sargeras,667,mage,frost,18,7,11
14102,Evieril,tichondrius,665,mage,frost,12,7,5
14103,Dánó,lightbringer,663,mage,frost,24,7,17
14104,Tigoditties,emerald-dream,662,mage,frost,12,7,5
14105,Vendizzle,malganis,654,mage,frost,23,7,16
14106,Taylorrain,arthas,650,mage,frost,18,7,11
14107,Slaash,barthilas,639,mage,frost,14,8,6
14108,Shaynna,tichondrius,624,mage,frost,15,7,8
14109,Leeandroo,quelthalas,623,mage,frost,17,7,10
14110,Boldwarp,dalaran,622,mage,frost,11,7,4
14111,Ghostblaze,blackhand,621,mage,frost,15,8,7
14112,Ghrámz,stormrage,607,mage,frost,16,7,9
14113,Gralnur,kelthuzad,606,mage,frost,14,7,7
14114,Parruka,warsong,605,mage,frost,26,7,19
14115,Redhell,dalaran,576,mage,frost,6,6,0
14116,Zstyle,frostmourne,576,mage,frost,12,6,6
14117,Alludèd,illidan,576,mage,frost,12,6,6
14118,Eriktherod,maelstrom,576,mage,frost,12,6,6
14119,Hambürglar,garrosh,576,mage,frost,12,6,6
14120,Supergun,tichondrius,576,mage,frost,12,6,6
14121,Pollylol,proudmoore,576,mage,frost,12,6,6
14122,Saymenre,tichondrius,576,mage,frost,12,6,6
14123,Froshar,ragnaros,576,mage,frost,12,6,6
14124,Johncxvii,sargeras,576,mage,frost,12,6,6
14125,Hýdramist,sargeras,576,mage,frost,12,6,6
14126,Soukidiot,sargeras,576,mage,frost,18,6,12
14127,Fromcanada,tichondrius,576,mage,frost,18,6,12
14128,Bustercraft,kelthuzad,576,mage,frost,18,6,12
14129,Maxtorgar,quelthalas,576,mage,frost,18,6,12
14130,Covil,tichondrius,576,mage,frost,24,6,18
14131,Bloodpumper,thrall,575,mage,frost,12,6,6
14132,Baultery,moon-guard,575,mage,frost,12,6,6
14133,Bootygoats,emerald-dream,575,mage,frost,12,6,6
14134,Oogabooga,lethon,575,mage,frost,12,6,6
14135,Hasty,emerald-dream,575,mage,frost,18,6,12
14136,Aarne,thrall,575,mage,frost,18,6,12
14137,Lucidgaze,bonechewer,575,mage,frost,18,6,12
14138,Fabled,stonemaul,575,mage,frost,18,6,12
14139,Kalzak,hyjal,574,mage,frost,12,6,6
14140,Gelile,tichondrius,574,mage,frost,12,6,6
14141,Kaël,area-52,574,mage,frost,12,6,6
14142,Åquå,area-52,574,mage,frost,12,6,6
14143,Tonepedo,zuljin,574,mage,frost,18,6,12
14144,Lincepotter,quelthalas,574,mage,frost,18,6,12
14145,Zehlks,garrosh,573,mage,frost,12,6,6
14146,Deadmarley,blackhand,572,mage,frost,12,6,6
14147,Ärià,sargeras,571,mage,frost,12,6,6
14148,Sodrezinn,illidan,571,mage,frost,12,6,6
14149,Meliam,tichondrius,557,mage,frost,29,6,23
14150,Arckayne,zuljin,543,mage,frost,11,6,5
14151,Peetufo,whisperwind,542,mage,frost,17,6,11
14152,Ozwauld,emerald-dream,526,mage,frost,11,6,5
14153,Pidge,aggramar,519,mage,frost,22,6,16
14154,Emieralol,tichondrius,512,mage,frost,10,6,4
14155,Aycc,tichondrius,512,mage,frost,10,6,4
14156,Ereblink,proudmoore,511,mage,frost,11,6,5
14157,Zabaione,stormrage,508,mage,frost,16,6,10
14158,Luckysi,illidan,496,mage,frost,13,6,7
14159,Fromcanadaqc,zuljin,480,mage,frost,6,5,1
14160,Arcaneshally,area-52,480,mage,frost,6,5,1
14161,Flavaflame,mugthol,480,mage,frost,6,5,1
14162,Hüz,frostmourne,480,mage,frost,6,5,1
14163,Hansol,farstriders,480,mage,frost,6,5,1
14164,Frosttwoop,moon-guard,480,mage,frost,6,5,1
14165,Elwynnforest,sargeras,480,mage,frost,6,5,1
14166,Jarvase,mugthol,480,mage,frost,10,6,4
14167,Juniel,bleeding-hollow,480,mage,frost,10,6,4
14168,Starguy,terenas,480,mage,frost,12,5,7
14169,Isömetrics,tichondrius,480,mage,frost,12,5,7
14170,Kayenri,area-52,480,mage,frost,12,5,7
14171,Messiaah,tichondrius,480,mage,frost,12,5,7
14172,Hustle,frostmourne,480,mage,frost,12,5,7
14173,Tëy,zuljin,480,mage,frost,12,5,7
14174,Mcshwackin,area-52,480,mage,frost,12,5,7
14175,Adronicus,tichondrius,480,mage,frost,12,5,7
14176,Gadwick,alexstrasza,480,mage,frost,12,5,7
14177,Syndra,korialstrasz,480,mage,frost,12,5,7
14178,Xàr,ragnaros,480,mage,frost,12,5,7
14179,Garbagemage,barthilas,480,mage,frost,12,5,7
14180,Siobhána,moon-guard,480,mage,frost,12,5,7
14181,Cinns,moon-guard,480,mage,frost,12,5,7
14182,Frostytoez,firetree,480,mage,frost,12,5,7
14183,Zime,moon-guard,480,mage,frost,12,5,7
14184,Arendelle,kiljaeden,480,mage,frost,12,5,7
14185,Vires,kelthuzad,480,mage,frost,12,5,7
14186,Saydar,stormrage,480,mage,frost,18,5,13
14187,Dreddpool,barthilas,480,mage,frost,18,5,13
14188,Twiztidwitch,burning-legion,480,mage,frost,18,5,13
14189,Mikwam,proudmoore,479,mage,frost,6,5,1
14190,Piixxiie,sargeras,479,mage,frost,6,5,1
14191,Grimreefer,trollbane,479,mage,frost,12,5,7
14192,Brokser,quelthalas,479,mage,frost,12,5,7
14193,Odinzz,azralon,479,mage,frost,12,5,7
14194,Dimmershnitz,draka,479,mage,frost,12,5,7
14195,Phazora,suramar,479,mage,frost,12,5,7
14196,Cuoreforte,moon-guard,479,mage,frost,12,5,7
14197,Daddyplease,bleeding-hollow,479,mage,frost,12,5,7
14198,Édika,area-52,479,mage,frost,12,5,7
14199,Loa,hydraxis,479,mage,frost,12,5,7
14200,Cezax,frostmourne,479,mage,frost,12,5,7
14201,Limeade,ursin,479,mage,frost,12,5,7
14202,Crimpster,illidan,479,mage,frost,18,5,13
14203,Frenk,moon-guard,479,mage,frost,18,5,13
14204,Srloko,azralon,479,mage,frost,18,5,13
14205,Comaner,frostmourne,447,mage,frost,11,5,6
14206,Summey,tichondrius,431,mage,frost,11,5,6
14207,Cerisium,kiljaeden,431,mage,frost,11,5,6
14208,Lillbean,thunderlord,425,mage,frost,13,6,7
14209,Quinnfreeze,boulderfist,414,mage,frost,11,5,6
14210,Harrypothead,senjin,399,mage,frost,5,5,0
14211,Kutulu,aerie-peak,384,mage,frost,6,4,2
14212,Cewchí,tichondrius,384,mage,frost,6,4,2
14213,Arillius,malganis,384,mage,frost,6,4,2
14214,Ratfather,the-forgotten-coast,384,mage,frost,6,4,2
14215,Zgodspeedz,stormrage,384,mage,frost,6,4,2
14216,Frðstítutè,tichondrius,384,mage,frost,6,4,2
14217,Çhíllßrõ,tichondrius,384,mage,frost,6,4,2
14218,Dashdoor,stormrage,384,mage,frost,6,4,2
14219,Frostkage,tichondrius,384,mage,frost,6,4,2
14220,Lohkey,darkspear,384,mage,frost,6,4,2
14221,Kälis,zuljin,384,mage,frost,6,4,2
14222,Pzaz,moon-guard,384,mage,frost,6,4,2
14223,Vixm,stormrage,384,mage,frost,6,4,2
14224,Wienerjeff,area-52,384,mage,frost,6,4,2
14225,Deadsayru,drakkari,384,mage,frost,6,4,2
14226,Fromcanadaqc,tichondrius,384,mage,frost,6,4,2
14227,Aigam,hyjal,384,mage,frost,6,4,2
14228,Faire,stonemaul,384,mage,frost,6,4,2
14229,Voiddude,proudmoore,384,mage,frost,6,4,2
14230,Myrondor,tichondrius,384,mage,frost,6,4,2
14231,Stinkyblinky,bleeding-hollow,384,mage,frost,6,4,2
14232,Gai,lightnings-blade,384,mage,frost,6,4,2
14233,Scorgasm,thrall,384,mage,frost,6,4,2
14234,Neverbroke,illidan,384,mage,frost,6,4,2
14235,Unlike,sargeras,384,mage,frost,6,4,2
14236,Poonfarmer,zangarmarsh,384,mage,frost,6,4,2
14237,Frobo,mannoroth,384,mage,frost,6,4,2
14238,Reptär,demon-soul,384,mage,frost,6,4,2
14239,Finnese,medivh,384,mage,frost,6,4,2
14240,Tofusmell,illidan,384,mage,frost,6,4,2
14241,Bçøløñápûðgé,illidan,384,mage,frost,6,4,2
14242,Hocusjokus,frostmourne,384,mage,frost,6,4,2
14243,Snipymagus,shattered-hand,384,mage,frost,9,5,4
14244,Iladiin,malganis,384,mage,frost,9,4,5
14245,Yippmagus,area-52,384,mage,frost,12,4,8
14246,Yeuxbleus,tichondrius,384,mage,frost,12,4,8
14247,Klinkr,illidan,384,mage,frost,12,4,8
14248,Darthez,darkspear,384,mage,frost,12,4,8
14249,Dallamar,frostwolf,384,mage,frost,12,4,8
14250,Novokaine,area-52,384,mage,frost,12,4,8
14251,Nexttmage,area-52,384,mage,frost,12,4,8
14252,Splocke,azralon,384,mage,frost,12,4,8
14253,Fantabulous,korgath,384,mage,frost,12,4,8
14254,Numb,trollbane,384,mage,frost,12,4,8
14255,Meduka,proudmoore,384,mage,frost,12,4,8
14256,Horizons,moon-guard,384,mage,frost,12,4,8
14257,Badaszbich,tichondrius,384,mage,frost,12,4,8
14258,Themageguy,eitrigg,384,mage,frost,12,4,8
14259,Bluedustfart,illidan,384,mage,frost,12,4,8
14260,Dead,nemesis,384,mage,frost,12,4,8
14261,Coldcaster,mugthol,384,mage,frost,12,4,8
14262,Nickygift,tichondrius,384,mage,frost,12,4,8
14263,Perkaset,turalyon,384,mage,frost,12,4,8
14264,Ineedashave,shandris,384,mage,frost,12,4,8
14265,Ultrá,stormscale,384,mage,frost,12,4,8
14266,Gemaicy,sargeras,384,mage,frost,12,4,8
14267,Snanth,black-dragonflight,384,mage,frost,18,4,14
14268,Rolypolyman,tichondrius,384,mage,frost,18,4,14
14269,Briélla,area-52,383,mage,frost,6,4,2
14270,Ehduh,onyxia,383,mage,frost,6,4,2
14271,Cynafox,moon-guard,383,mage,frost,12,4,8
14272,Dieselonfire,the-venture-co,382,mage,frost,6,4,2
14273,Freyia,mugthol,382,mage,frost,12,4,8
14274,Kuni,ghostlands,382,mage,frost,12,4,8
14275,Brezman,tichondrius,382,mage,frost,12,4,8
14276,Cowwboydan,malganis,351,mage,frost,8,5,3
14277,Lirahmi,quelthalas,351,mage,frost,11,4,7
14278,Freezeup,area-52,349,mage,frost,14,7,7
14279,Triambukh,grizzly-hills,348,mage,frost,11,4,7
14280,Titsncoke,proudmoore,336,mage,frost,9,4,5
14281,Devkek,area-52,330,mage,frost,22,7,15
14282,Icëblöck,ysera,329,mage,frost,6,5,1
14283,Lezafort,area-52,320,mage,frost,10,4,6
14284,Crøwgawd,tichondrius,304,mage,frost,7,4,3
14285,Scarablast,bleeding-hollow,304,mage,frost,7,4,3
14286,Linsz,nemesis,288,mage,frost,6,3,3
14287,Kaïdis,nemesis,288,mage,frost,6,3,3
14288,Coneofkony,bleeding-hollow,288,mage,frost,6,3,3
14289,Illúmi,moon-guard,288,mage,frost,6,3,3
14290,Percivaltp,scarlet-crusade,288,mage,frost,6,3,3
14291,Betaduck,bleeding-hollow,288,mage,frost,6,3,3
14292,Isuikido,nemesis,288,mage,frost,6,3,3
14293,Lilpolyx,illidan,288,mage,frost,6,3,3
14294,Blinkinghobo,sargeras,288,mage,frost,6,3,3
14295,Youngwiz,arthas,288,mage,frost,6,3,3
14296,Pyroseraph,bleeding-hollow,288,mage,frost,6,3,3
14297,Natallyn,stormrage,288,mage,frost,6,3,3
14298,Üman,bleeding-hollow,288,mage,frost,6,3,3
14299,Missingxx,silvermoon,288,mage,frost,6,3,3
14300,Personah,darkspear,288,mage,frost,6,3,3
14301,Kryptekk,area-52,288,mage,frost,6,3,3
14302,Staytrill,stormreaver,288,mage,frost,6,3,3
14303,Lilsake,sargeras,288,mage,frost,6,3,3
14304,Abruaa,area-52,288,mage,frost,6,3,3
14305,Címegripe,stormrage,288,mage,frost,6,3,3
14306,Léras,stormrage,288,mage,frost,6,3,3
14307,Nksbluedeath,area-52,288,mage,frost,6,3,3
14308,Mäz,malorne,288,mage,frost,6,3,3
14309,Frostytits,spirestone,288,mage,frost,6,3,3
14310,Highafrn,area-52,288,mage,frost,6,3,3
14311,Killemz,dragonmaw,288,mage,frost,6,3,3
14312,Hékate,moon-guard,288,mage,frost,6,3,3
14313,Atwyxn,illidan,288,mage,frost,6,3,3
14314,Eraticmage,illidan,288,mage,frost,6,3,3
14315,Icetooseeyou,barthilas,288,mage,frost,6,3,3
14316,Dragonie,nordrassil,288,mage,frost,6,3,3
14317,Ðontßlink,illidan,288,mage,frost,6,3,3
14318,Murcury,tichondrius,288,mage,frost,6,3,3
14319,Kqlyy,tichondrius,288,mage,frost,6,3,3
14320,Aurumium,illidan,288,mage,frost,6,3,3
14321,Chriglol,black-dragonflight,288,mage,frost,6,3,3
14322,Nalla,nerzhul,288,mage,frost,6,3,3
14323,Toastmg,tichondrius,288,mage,frost,6,3,3
14324,Puvö,tichondrius,288,mage,frost,6,3,3
14325,Bigmêan,boulderfist,288,mage,frost,6,3,3
14326,Coldrin,tichondrius,288,mage,frost,6,3,3
14327,Låvazza,tichondrius,288,mage,frost,6,3,3
14328,Alatria,frostmourne,288,mage,frost,6,3,3
14329,Botoslàp,dragonmaw,288,mage,frost,6,3,3
14330,Bønemage,azralon,288,mage,frost,6,3,3
14331,Murderlin,tichondrius,288,mage,frost,6,3,3
14332,Ariezx,kelthuzad,288,mage,frost,6,3,3
14333,Quinnc,tichondrius,288,mage,frost,6,3,3
14334,Maelista,tichondrius,288,mage,frost,6,3,3
14335,Trozkov,dalaran,288,mage,frost,6,3,3
14336,Ingrumatig,tichondrius,288,mage,frost,6,3,3
14337,Noescaping,illidan,288,mage,frost,6,3,3
14338,Zukoprince,azralon,288,mage,frost,6,3,3
14339,Thxo,hyjal,288,mage,frost,6,3,3
14340,Packaged,emerald-dream,288,mage,frost,6,3,3
14341,Magusia,emerald-dream,288,mage,frost,6,3,3
14342,Urbadxd,llane,288,mage,frost,6,3,3
14343,Kandyperreo,ragnaros,288,mage,frost,6,3,3
14344,Bigchilly,malganis,288,mage,frost,6,3,3
14345,Gobstpper,nagrand,288,mage,frost,6,3,3
14346,Jorzan,kelthuzad,288,mage,frost,6,3,3
14347,Índís,ragnaros,288,mage,frost,6,3,3
14348,Oomoo,malganis,288,mage,frost,6,3,3
14349,Mashii,kiljaeden,288,mage,frost,6,3,3
14350,Cruxx,ragnaros,288,mage,frost,6,3,3
14351,Bound,emerald-dream,288,mage,frost,6,3,3
14352,Etyx,tichondrius,288,mage,frost,10,4,6
14353,Vague,tichondrius,288,mage,frost,9,3,6
14354,Linadeslayer,chogall,288,mage,frost,12,3,9
14355,Daydreamz,lightnings-blade,288,mage,frost,12,3,9
14356,Bravden,area-52,288,mage,frost,12,3,9
14357,Houdiinii,illidan,288,mage,frost,12,3,9
14358,Voidera,wyrmrest-accord,288,mage,frost,12,3,9
14359,Merkkinz,thrall,288,mage,frost,12,3,9
14360,Anuub,kelthuzad,288,mage,frost,12,3,9
14361,Calcaster,aegwynn,288,mage,frost,12,3,9
14362,Fracxure,area-52,288,mage,frost,12,3,9
14363,Frostcakes,quelthalas,288,mage,frost,12,3,9
14364,Argyron,fizzcrank,288,mage,frost,12,3,9
14365,Rabeiro,tichondrius,288,mage,frost,12,3,9
14366,Ezchallenger,undermine,288,mage,frost,12,3,9
14367,Worldonfire,ragnaros,288,mage,frost,12,3,9
14368,Steefers,arygos,288,mage,frost,12,3,9
14369,Grynthwzrd,stormrage,288,mage,frost,12,3,9
14370,Draell,drakkari,288,mage,frost,12,3,9
14371,Radakos,emerald-dream,288,mage,frost,12,3,9
14372,Rastafarix,ragnaros,288,mage,frost,12,3,9
14373,Hqscoltt,azralon,288,mage,frost,12,3,9
14374,Fingeredx,zuljin,288,mage,frost,12,3,9
14375,Magicginger,barthilas,288,mage,frost,12,3,9
14376,Albbano,tichondrius,288,mage,frost,12,3,9
14377,Makén,illidan,287,mage,frost,6,3,3
14378,Gufi,drakkari,287,mage,frost,6,3,3
14379,Icehero,tichondrius,287,mage,frost,6,3,3
14380,Cawyro,caelestrasz,287,mage,frost,12,3,9
14381,Lünâliä,bleeding-hollow,286,mage,frost,6,3,3
14382,Iceehott,kargath,265,mage,frost,13,7,6
14383,Chuekona,ragnaros,256,mage,frost,10,3,7
14384,Unydae,frostmourne,239,mage,frost,5,3,2
14385,Drewann,draenor,239,mage,frost,5,3,2
14386,Cheyz,onyxia,239,mage,frost,5,3,2
14387,Itsoveryo,jubeithos,239,mage,frost,11,3,8
14388,Gtown,kelthuzad,234,mage,frost,11,4,7
14389,Thaldarian,emerald-dream,234,mage,frost,13,4,9
14390,Hotpeachpie,zuljin,234,mage,frost,14,4,10
14391,Skerei,azralon,234,mage,frost,19,4,15
14392,Veritas,wildhammer,192,mage,frost,4,3,1
14393,Abracadaver,greymane,192,mage,frost,4,3,1
14394,Rayricefan,blood-furnace,192,mage,frost,4,3,1
14395,Strêss,kelthuzad,192,mage,frost,6,2,4
14396,Fullmetal,jaedenar,192,mage,frost,6,2,4
14397,Cottonmage,malganis,192,mage,frost,6,2,4
14398,Pyröz,kelthuzad,192,mage,frost,6,2,4
14399,Rapidmage,malganis,192,mage,frost,6,2,4
14400,Afknz,frostmourne,192,mage,frost,6,2,4
14401,Kammany,thrall,192,mage,frost,6,2,4
14402,Westii,illidan,192,mage,frost,6,2,4
14403,Vallfire,malganis,192,mage,frost,6,2,4
14404,Ess,tichondrius,192,mage,frost,6,2,4
14405,Elhechizero,quelthalas,192,mage,frost,6,2,4
14406,Jayma,moon-guard,192,mage,frost,6,2,4
14407,Icetomeetyu,bleeding-hollow,192,mage,frost,6,2,4
14408,Fleët,tichondrius,192,mage,frost,6,2,4
14409,Harlloo,the-underbog,192,mage,frost,6,2,4
14410,Muskybiggie,bleeding-hollow,192,mage,frost,6,2,4
14411,Drdocx,frostmourne,192,mage,frost,6,2,4
14412,Raynark,nemesis,192,mage,frost,6,2,4
14413,Vasthrash,bleeding-hollow,192,mage,frost,6,2,4
14414,Elvin,frostmourne,192,mage,frost,6,2,4
14415,Abstractgoat,tichondrius,192,mage,frost,6,2,4
14416,Bluishhue,thrall,192,mage,frost,6,2,4
14417,Mager,dentarg,192,mage,frost,6,2,4
14418,Fatalexo,tichondrius,192,mage,frost,6,2,4
14419,Whiteyx,saurfang,192,mage,frost,6,2,4
14420,Choctøp,frostmourne,192,mage,frost,6,2,4
14421,Getmaged,bleeding-hollow,192,mage,frost,6,2,4
14422,Fïtz,quelthalas,192,mage,frost,6,2,4
14423,Stìnkfîst,tichondrius,192,mage,frost,6,2,4
14424,Kickpollyplx,lothar,192,mage,frost,6,2,4
14425,Smók,ragnaros,192,mage,frost,6,2,4
14426,Cantblocklul,baelgun,192,mage,frost,6,2,4
14427,Karameltart,barthilas,192,mage,frost,6,2,4
14428,Valire,kelthuzad,192,mage,frost,6,2,4
14429,Crazytime,tichondrius,192,mage,frost,6,2,4
14430,Avicci,shattered-halls,192,mage,frost,6,2,4
14431,Fineous,kalecgos,192,mage,frost,6,2,4
14432,Sophrates,burning-blade,192,mage,frost,6,2,4
14433,Aangx,stormrage,192,mage,frost,6,2,4
14434,Korky,dalvengyr,192,mage,frost,6,2,4
14435,Anyahs,tichondrius,192,mage,frost,6,2,4
14436,Quesomancer,illidan,192,mage,frost,6,2,4
14437,Viccluvin,stormrage,192,mage,frost,6,2,4
14438,Dinklord,azuremyst,192,mage,frost,6,2,4
14439,Mystics,dawnbringer,192,mage,frost,6,2,4
14440,Agoniey,illidan,192,mage,frost,6,2,4
14441,Ayci,velen,192,mage,frost,6,2,4
14442,Xü,stormrage,192,mage,frost,6,2,4
14443,Mageethot,moon-guard,192,mage,frost,6,2,4
14444,Xar,guldan,192,mage,frost,6,2,4
14445,Makius,area-52,192,mage,frost,6,2,4
14446,Winstonchill,zuljin,192,mage,frost,6,2,4
14447,Cradic,tichondrius,192,mage,frost,6,2,4
14448,Moogician,aerie-peak,192,mage,frost,6,2,4
14449,Tanedos,tichondrius,192,mage,frost,6,2,4
14450,Vortex,fenris,192,mage,frost,6,2,4
14451,Wyss,azralon,192,mage,frost,6,2,4
14452,Roarly,stonemaul,192,mage,frost,6,2,4
14453,Cayoux,darkspear,192,mage,frost,6,2,4
14454,Nachtt,sargeras,192,mage,frost,6,2,4
14455,Audacy,sargeras,192,mage,frost,6,2,4
14456,Skdonkay,nerzhul,192,mage,frost,6,2,4
14457,Undeadmager,nerzhul,192,mage,frost,6,2,4
14458,Airsickjet,kiljaeden,192,mage,frost,6,2,4
14459,Arkuran,proudmoore,192,mage,frost,6,2,4
14460,Gradmage,proudmoore,192,mage,frost,6,2,4
14461,Jainamommy,emerald-dream,192,mage,frost,6,2,4
14462,Earff,kiljaeden,192,mage,frost,6,2,4
14463,Iguanodon,proudmoore,192,mage,frost,6,2,4
14464,Drewzz,tichondrius,192,mage,frost,6,2,4
14465,Sparqablink,tichondrius,192,mage,frost,6,2,4
14466,Clickhard,suramar,192,mage,frost,9,2,7
14467,Mageyoulooks,shattered-hand,192,mage,frost,12,2,10
14468,Mendittorosa,tichondrius,192,mage,frost,12,2,10
14469,Tracemaker,emerald-dream,192,mage,frost,12,2,10
14470,Hositonet,malganis,192,mage,frost,12,2,10
14471,Rán,spirestone,192,mage,frost,12,2,10
14472,Converseqt,stormrage,192,mage,frost,12,2,10
14473,Joare,area-52,192,mage,frost,12,2,10
14474,Zerg,fenris,192,mage,frost,12,2,10
14475,Sîmply,zuljin,192,mage,frost,12,2,10
14476,Èvilmage,blackrock,192,mage,frost,12,2,10
14477,Dylanpickles,darkspear,192,mage,frost,12,2,10
14478,Wqnmlgbdy,tichondrius,192,mage,frost,18,2,16
14479,Kahldyn,stormrage,191,mage,frost,4,3,1
14480,Silverstrza,gnomeregan,191,mage,frost,6,2,4
14481,Rathrizar,emerald-dream,191,mage,frost,6,2,4
14482,Hense,stormrage,191,mage,frost,6,2,4
14483,Brynach,trollbane,191,mage,frost,6,2,4
14484,Cheapped,emerald-dream,175,mage,frost,6,3,3
14485,Blakus,tichondrius,159,mage,frost,6,3,3
14486,Frosteddiks,shattered-halls,159,mage,frost,5,2,3
14487,Erudit,tichondrius,144,mage,frost,15,2,13
14488,Shardgodx,kelthuzad,138,mage,frost,8,4,4
14489,Firèballin,tichondrius,128,mage,frost,4,2,2
14490,Máximus,illidan,128,mage,frost,4,2,2
14491,Idamnedu,crushridge,128,mage,frost,4,2,2
14492,Goingmassive,frostmourne,127,mage,frost,4,2,2
14493,Proviet,frostmourne,127,mage,frost,8,2,6
14494,Mongera,bonechewer,126,mage,frost,8,2,6
14495,Sillycole,emerald-dream,96,mage,frost,3,2,1
14496,Thôrsena,ursin,96,mage,frost,3,2,1
14497,Nohealani,dragonmaw,96,mage,frost,3,2,1
14498,Coolhandz,tichondrius,96,mage,frost,6,1,5
14499,Ñõxx,sargeras,96,mage,frost,6,1,5
14500,Ricter,hyjal,96,mage,frost,6,1,5
14501,Freezze,malganis,96,mage,frost,6,1,5
14502,Wuzzo,tichondrius,96,mage,frost,6,1,5
14503,Gnòmêrcy,kelthuzad,96,mage,frost,6,1,5
14504,Mastacombust,illidan,96,mage,frost,6,1,5
14505,Fookz,malganis,96,mage,frost,6,1,5
14506,Michaelbust,tichondrius,96,mage,frost,6,1,5
14507,Magicmom,wyrmrest-accord,96,mage,frost,6,1,5
14508,Astería,ragnaros,96,mage,frost,6,1,5
14509,Dathoe,laughing-skull,96,mage,frost,6,1,5
14510,Soulbite,barthilas,96,mage,frost,6,1,5
14511,Ârcano,ragnaros,96,mage,frost,6,1,5
14512,Yeonmok,tichondrius,96,mage,frost,6,1,5
14513,Sparklmotion,cenarius,96,mage,frost,6,1,5
14514,Mïzzfreeze,haomarush,96,mage,frost,6,1,5
14515,Professor,khadgar,96,mage,frost,6,1,5
14516,Beerandmagic,zuljin,96,mage,frost,6,1,5
14517,Fortemage,tichondrius,96,mage,frost,6,1,5
14518,Neverworks,tichondrius,96,mage,frost,6,1,5
14519,Jizzlez,tichondrius,96,mage,frost,6,1,5
14520,Gíldrin,proudmoore,96,mage,frost,6,1,5
14521,Themose,sargeras,96,mage,frost,6,1,5
14522,Geekm,frostmourne,96,mage,frost,6,1,5
14523,Thiccness,hydraxis,96,mage,frost,6,1,5
14524,Stormfrieza,tichondrius,96,mage,frost,6,1,5
14525,Truewinter,tichondrius,96,mage,frost,6,1,5
14526,Pblastdatass,stormrage,96,mage,frost,6,1,5
14527,Åpollous,frostmourne,96,mage,frost,6,1,5
14528,Ichirou,stormrage,96,mage,frost,6,1,5
14529,Furrblock,tichondrius,96,mage,frost,6,1,5
14530,Alode,moon-guard,96,mage,frost,6,1,5
14531,Adrazell,sargeras,96,mage,frost,6,1,5
14532,Badiatorr,alterac-mountains,96,mage,frost,12,1,11
14533,Zei,bleeding-hollow,96,mage,frost,12,1,11
14534,Taladas,suramar,96,mage,frost,12,1,11
14535,Pyrophobia,mannoroth,96,mage,frost,12,1,11
14536,Pizzatest,area-52,96,mage,frost,12,1,11
14537,Icestory,tichondrius,96,mage,frost,19,1,18
14538,Eirwan,illidan,95,mage,frost,6,1,5
14539,Icemaker,destromath,95,mage,frost,18,1,17
14540,Notria,illidan,79,mage,frost,5,1,4
14541,Buckybever,illidan,79,mage,frost,11,1,10
14542,Frostybihh,bonechewer,64,mage,frost,4,1,3
14543,Taevy,tichondrius,64,mage,frost,4,1,3
14544,Barkäi,ragnaros,48,mage,frost,3,1,2
14545,Lv,stormscale,48,mage,frost,9,1,8
14546,Dazby,tichondrius,42,mage,frost,11,3,8
14547,Dannycarey,tichondrius,2278,monk,mistweaver,78,55,23
14548,Woezx,stormreaver,2264,monk,mistweaver,68,47,21
14549,Sharkpiglet,illidan,2249,monk,mistweaver,90,57,33
14550,Garbagemonk,scilla,2239,monk,mistweaver,185,115,70
14551,Dãnwun,tichondrius,2236,monk,mistweaver,84,52,32
14552,Mysticallx,sargeras,2220,monk,mistweaver,78,50,28
14553,Zenjj,thorium-brotherhood,2211,monk,mistweaver,158,92,66
14554,Jep,tichondrius,2190,monk,mistweaver,138,88,50
14555,Weavied,sargeras,2186,monk,mistweaver,138,74,64
14556,Boogstyle,malganis,2179,monk,mistweaver,100,56,44
14557,Hernameplz,proudmoore,2153,monk,mistweaver,111,60,51
14558,Emoeres,kelthuzad,2151,monk,mistweaver,104,55,49
14559,Cool,crushridge,2148,monk,mistweaver,120,71,49
14560,Linlol,tichondrius,2147,monk,mistweaver,392,225,167
14561,Oblivæon,tichondrius,2143,monk,mistweaver,72,45,27
14562,Sloppyroppy,tichondrius,2143,monk,mistweaver,101,59,42
14563,Moremoretea,tichondrius,2140,monk,mistweaver,87,53,34
14564,Cuteballs,tichondrius,2138,monk,mistweaver,81,50,31
14565,Oldmanswirl,mugthol,2137,monk,mistweaver,84,50,34
14566,Dowsk,tichondrius,2136,monk,mistweaver,88,52,36
14567,Mãsterpõ,tichondrius,2136,monk,mistweaver,194,104,90
14568,Crunchyrollx,tichondrius,2135,monk,mistweaver,66,49,17
14569,Canghaigg,tichondrius,2134,monk,mistweaver,132,85,47
14570,Woggitie,jubeithos,2129,monk,mistweaver,68,45,23
14571,Igriefidiots,tichondrius,2129,monk,mistweaver,71,40,31
14572,Griefgodx,tichondrius,2127,monk,mistweaver,88,49,39
14573,Moonym,nagrand,2126,monk,mistweaver,68,41,27
14574,Vaen,kelthuzad,2126,monk,mistweaver,78,47,31
14575,Wheatsli,malganis,2126,monk,mistweaver,138,81,57
14576,Oliveirarr,tichondrius,2123,monk,mistweaver,126,71,55
14577,Babyfaceqt,skullcrusher,2123,monk,mistweaver,184,103,81
14578,Purgenm,tichondrius,2122,monk,mistweaver,90,52,38
14579,Proghouse,illidan,2118,monk,mistweaver,78,42,36
14580,Secdog,tichondrius,2118,monk,mistweaver,84,44,40
14581,Kicub,emerald-dream,2115,monk,mistweaver,84,44,40
14582,Itzokinlol,malganis,2113,monk,mistweaver,114,70,44
14583,Firewatches,emerald-dream,2113,monk,mistweaver,72,42,30
14584,Akiramenaide,tichondrius,2112,monk,mistweaver,60,43,17
14585,Akkiira,sargeras,2112,monk,mistweaver,72,42,30
14586,Sintifissti,sargeras,2111,monk,mistweaver,62,41,21
14587,Drdabz,illidan,2105,monk,mistweaver,60,35,25
14588,Glqjkglbfgdl,zuljin,2105,monk,mistweaver,126,70,56
14589,Waggìes,moon-guard,2101,monk,mistweaver,83,50,33
14590,Nohandslost,blackrock,2097,monk,mistweaver,194,99,95
14591,Heywhatsup,emerald-dream,2097,monk,mistweaver,102,50,52
14592,Yangroumo,tichondrius,2088,monk,mistweaver,108,66,42
14593,Wagfu,moon-guard,2067,monk,mistweaver,64,38,26
14594,Jiwå,terenas,2066,monk,mistweaver,549,284,265
14595,Parodies,illidan,2065,monk,mistweaver,85,41,44
14596,Drracaryss,sargeras,2060,monk,mistweaver,203,125,78
14597,Gabîmaru,area-52,2058,monk,mistweaver,135,80,55
14598,Heha,tichondrius,2049,monk,mistweaver,179,97,82
14599,Originull,darkspear,2045,monk,mistweaver,95,53,42
14600,Timermørk,kalecgos,2042,monk,mistweaver,66,46,20
14601,Huaren,tichondrius,2042,monk,mistweaver,131,75,56
14602,Fizzlefarmer,moon-guard,2031,monk,mistweaver,89,54,35
14603,Kris,llane,2030,monk,mistweaver,48,31,17
14604,Zuhak,tichondrius,2030,monk,mistweaver,48,28,20
14605,Breadweaver,malganis,2026,monk,mistweaver,72,38,34
14606,Brazfu,skullcrusher,2023,monk,mistweaver,123,74,49
14607,Zhoku,tichondrius,2020,monk,mistweaver,58,34,24
14608,Triixxy,thrall,2018,monk,mistweaver,101,64,37
14609,Gameníne,tichondrius,2012,monk,mistweaver,60,36,24
14610,Punchgodx,greymane,2010,monk,mistweaver,78,46,32
14611,Físterxd,bleeding-hollow,2008,monk,mistweaver,98,60,38
14612,Ðrägønéyèz,malygos,2001,monk,mistweaver,164,89,75
14613,Voidstate,stormrage,2001,monk,mistweaver,131,71,60
14614,Àvríam,stormrage,1999,monk,mistweaver,95,45,50
14615,Taeeun,tichondrius,1994,monk,mistweaver,57,38,19
14616,Tyrfan,sargeras,1994,monk,mistweaver,154,84,70
14617,Bhoredom,kiljaeden,1992,monk,mistweaver,146,80,66
14618,Sevymonk,stormrage,1990,monk,mistweaver,102,62,40
14619,Millé,frostmourne,1989,monk,mistweaver,54,31,23
14620,Thet,sargeras,1989,monk,mistweaver,177,90,87
14621,Wingchungus,sargeras,1987,monk,mistweaver,42,30,12
14622,Raddxd,illidan,1981,monk,mistweaver,47,32,15
14623,Bungfist,stormrage,1977,monk,mistweaver,35,25,10
14624,Leetcoder,tichondrius,1977,monk,mistweaver,159,102,57
14625,Speedcapped,area-52,1974,monk,mistweaver,132,65,67
14626,Martiálfarts,malganis,1973,monk,mistweaver,42,30,12
14627,Chadweave,moon-guard,1970,monk,mistweaver,162,91,71
14628,Liltuna,icecrown,1968,monk,mistweaver,42,26,16
14629,Nfm,cairne,1967,monk,mistweaver,84,47,37
14630,Pragma,kiljaeden,1964,monk,mistweaver,66,37,29
14631,Venfuki,tichondrius,1963,monk,mistweaver,60,35,25
14632,Jakethegreat,moknathal,1963,monk,mistweaver,187,108,79
14633,Zamist,sargeras,1962,monk,mistweaver,66,44,22
14634,Suamw,tichondrius,1956,monk,mistweaver,104,52,52
14635,Hafezassad,illidan,1954,monk,mistweaver,48,23,25
14636,Swurvex,bleeding-hollow,1953,monk,mistweaver,72,34,38
14637,Assez,tichondrius,1951,monk,mistweaver,68,36,32
14638,Vongg,tichondrius,1950,monk,mistweaver,66,36,30
14639,Zuhakmw,tichondrius,1947,monk,mistweaver,78,39,39
14640,Poscom,tichondrius,1944,monk,mistweaver,143,98,45
14641,Grif,nazjatar,1942,monk,mistweaver,207,108,99
14642,Orbgodx,darkspear,1941,monk,mistweaver,48,30,18
14643,Wetchickennz,tichondrius,1940,monk,mistweaver,130,75,55
14644,Mcoos,tichondrius,1937,monk,mistweaver,156,94,62
14645,Ilovekok,sargeras,1933,monk,mistweaver,84,64,20
14646,Wrxx,kelthuzad,1932,monk,mistweaver,322,161,161
14647,Xeus,darkspear,1931,monk,mistweaver,36,25,11
14648,Gsdfjskpx,sargeras,1930,monk,mistweaver,180,92,88
14649,Pandacottoco,azralon,1924,monk,mistweaver,78,44,34
14650,Vaemonka,stormrage,1923,monk,mistweaver,119,70,49
14651,Imdabes,velen,1923,monk,mistweaver,72,39,33
14652,Postmark,tichondrius,1922,monk,mistweaver,60,34,26
14653,Vethosis,illidan,1921,monk,mistweaver,43,27,16
14654,Lmhs,tichondrius,1920,monk,mistweaver,54,32,22
14655,Ònó,quelthalas,1919,monk,mistweaver,67,39,28
14656,Brewsome,bloodhoof,1919,monk,mistweaver,82,43,39
14657,Abellmonk,tichondrius,1910,monk,mistweaver,203,117,86
14658,Paperfist,stormrage,1906,monk,mistweaver,126,87,39
14659,Basedbuck,dalaran,1904,monk,mistweaver,36,23,13
14660,Mavvi,tichondrius,1904,monk,mistweaver,128,71,57
14661,Sillyguy,stormrage,1901,monk,mistweaver,107,69,38
14662,Hydroz,dethecus,1900,monk,mistweaver,54,30,24
14663,Wootzhu,zuljin,1900,monk,mistweaver,98,53,45
14664,Toyotasupra,emerald-dream,1898,monk,mistweaver,72,46,26
14665,Michæ,quelthalas,1898,monk,mistweaver,226,126,100
14666,Kansú,ragnaros,1898,monk,mistweaver,94,49,45
14667,Nilox,sargeras,1896,monk,mistweaver,114,63,51
14668,Zukki,zuljin,1894,monk,mistweaver,130,73,57
14669,Kristië,stormrage,1891,monk,mistweaver,42,30,12
14670,Taichí,tichondrius,1891,monk,mistweaver,65,35,30
14671,Nakedidiot,kelthuzad,1888,monk,mistweaver,54,35,19
14672,Nezly,sargeras,1882,monk,mistweaver,60,29,31
14673,Zeçe,tichondrius,1879,monk,mistweaver,36,23,13
14674,Yasysy,tichondrius,1879,monk,mistweaver,36,22,14
14675,Suhjoon,bleeding-hollow,1878,monk,mistweaver,160,80,80
14676,Toozmania,stormrage,1876,monk,mistweaver,52,31,21
14677,Vramonk,area-52,1875,monk,mistweaver,47,27,20
14678,Sifu,bleeding-hollow,1873,monk,mistweaver,59,36,23
14679,Spicyx,kiljaeden,1871,monk,mistweaver,30,24,6
14680,Tekuto,tichondrius,1871,monk,mistweaver,67,46,21
14681,Xdfu,stormrage,1870,monk,mistweaver,54,35,19
14682,Dro,khadgar,1870,monk,mistweaver,42,22,20
14683,Robocto,area-52,1869,monk,mistweaver,102,61,41
14684,Natalié,caelestrasz,1868,monk,mistweaver,42,29,13
14685,Shùù,tichondrius,1866,monk,mistweaver,65,37,28
14686,Dalillama,stormreaver,1865,monk,mistweaver,48,31,17
14687,Logtich,moon-guard,1864,monk,mistweaver,78,42,36
14688,Nesoween,tichondrius,1863,monk,mistweaver,39,30,9
14689,Ringofpeace,sargeras,1860,monk,mistweaver,36,27,9
14690,Papermade,barthilas,1860,monk,mistweaver,48,26,22
14691,Monktease,tichondrius,1860,monk,mistweaver,66,34,32
14692,Aegea,illidan,1859,monk,mistweaver,55,30,25
14693,Cmonktwo,turalyon,1858,monk,mistweaver,54,31,23
14694,Sevenmonk,tichondrius,1857,monk,mistweaver,54,36,18
14695,Tokol,tichondrius,1857,monk,mistweaver,168,90,78
14696,Esqu,sargeras,1856,monk,mistweaver,36,22,14
14697,Cmonk,turalyon,1856,monk,mistweaver,40,24,16
14698,Piilsburry,sargeras,1855,monk,mistweaver,48,26,22
14699,Shad,frostmourne,1853,monk,mistweaver,102,58,44
14700,ßullsack,barthilas,1852,monk,mistweaver,102,56,46
14701,Zdeg,tichondrius,1852,monk,mistweaver,51,28,23
14702,Ileffsinll,illidan,1851,monk,mistweaver,107,60,47
14703,Cardrik,thrall,1851,monk,mistweaver,143,74,69
14704,Celerein,illidan,1850,monk,mistweaver,112,60,52
14705,Zipmw,tichondrius,1848,monk,mistweaver,66,36,30
14706,Proxy,ragnaros,1846,monk,mistweaver,46,31,15
14707,Tonyboloney,tichondrius,1845,monk,mistweaver,42,25,17
14708,Dampdampdamp,tichondrius,1844,monk,mistweaver,24,20,4
14709,Fîstweave,emerald-dream,1844,monk,mistweaver,77,45,32
14710,Caffeinated,barthilas,1844,monk,mistweaver,166,80,86
14711,Qtmonk,emerald-dream,1843,monk,mistweaver,60,41,19
14712,Yujiro,draktharon,1843,monk,mistweaver,36,23,13
14713,Crabfest,zuljin,1843,monk,mistweaver,60,35,25
14714,Discurzed,barthilas,1841,monk,mistweaver,118,67,51
14715,Morzmyth,nemesis,1841,monk,mistweaver,64,34,30
14716,Xinergy,illidan,1840,monk,mistweaver,98,65,33
14717,Stonemists,ragnaros,1840,monk,mistweaver,65,40,25
14718,Rokkon,sargeras,1840,monk,mistweaver,60,35,25
14719,Fluval,moon-guard,1839,monk,mistweaver,59,41,18
14720,Nabunaga,illidan,1837,monk,mistweaver,42,34,8
14721,Hinåta,thrall,1837,monk,mistweaver,40,26,14
14722,Okchat,emerald-dream,1837,monk,mistweaver,113,72,41
14723,Baychiz,sargeras,1837,monk,mistweaver,42,25,17
14724,Irraeine,malganis,1836,monk,mistweaver,48,31,17
14725,Shiinobi,area-52,1836,monk,mistweaver,81,46,35
14726,Zarenki,tichondrius,1835,monk,mistweaver,73,33,40
14727,Liteup,smolderthorn,1833,monk,mistweaver,396,199,197
14728,Guarantee,tichondrius,1832,monk,mistweaver,182,102,80
14729,Nuriva,tichondrius,1831,monk,mistweaver,48,36,12
14730,Worldhopperx,area-52,1831,monk,mistweaver,60,40,20
14731,Cmonkey,turalyon,1831,monk,mistweaver,48,31,17
14732,Sleeks,bonechewer,1831,monk,mistweaver,102,62,40
14733,Dræmwalker,malygos,1831,monk,mistweaver,505,253,252
14734,Threefanandy,kelthuzad,1830,monk,mistweaver,30,21,9
14735,Carzzy,sargeras,1829,monk,mistweaver,35,23,12
14736,Tirionx,area-52,1828,monk,mistweaver,215,125,90
14737,Baoma,tichondrius,1827,monk,mistweaver,95,55,40
14738,Monklike,illidan,1827,monk,mistweaver,60,30,30
14739,Gentleuncle,tichondrius,1826,monk,mistweaver,125,72,53
14740,Jackouse,frostmourne,1824,monk,mistweaver,50,31,19
14741,Harkwind,azralon,1824,monk,mistweaver,151,89,62
14742,Hugdealer,warsong,1823,monk,mistweaver,80,47,33
14743,Gtmdyjs,illidan,1822,monk,mistweaver,29,20,9
14744,Ekn,tichondrius,1822,monk,mistweaver,30,20,10
14745,Toonington,sargeras,1821,monk,mistweaver,51,37,14
14746,Søpra,zuljin,1821,monk,mistweaver,72,46,26
14747,Tazi,chromaggus,1821,monk,mistweaver,84,50,34
14748,Voltio,frostmane,1820,monk,mistweaver,103,68,35
14749,Chaddington,malorne,1820,monk,mistweaver,48,30,18
14750,Blackoutmonk,stormreaver,1819,monk,mistweaver,95,61,34
14751,Monknutt,tichondrius,1819,monk,mistweaver,56,32,24
14752,Ilovefrogs,stormrage,1819,monk,mistweaver,60,30,30
14753,Malibrew,proudmoore,1817,monk,mistweaver,42,29,13
14754,Ándi,barthilas,1817,monk,mistweaver,53,28,25
14755,Spook,kalecgos,1816,monk,mistweaver,49,35,14
14756,Wolf,shattered-hand,1816,monk,mistweaver,30,19,11
14757,Yobeel,tichondrius,1816,monk,mistweaver,54,23,31
14758,Qup,lightbringer,1815,monk,mistweaver,66,49,17
14759,Xhilong,quelthalas,1815,monk,mistweaver,48,28,20
14760,Lexxbtw,thrall,1815,monk,mistweaver,107,59,48
14761,Ellesig,ragnaros,1814,monk,mistweaver,148,81,67
14762,Canadá,bleeding-hollow,1813,monk,mistweaver,36,27,9
14763,Dancah,eitrigg,1813,monk,mistweaver,30,19,11
14764,Intra,exodar,1812,monk,mistweaver,144,76,68
14765,Mistpump,tichondrius,1811,monk,mistweaver,48,26,22
14766,Cangry,area-52,1809,monk,mistweaver,60,31,29
14767,Phattea,thrall,1808,monk,mistweaver,48,31,17
14768,Djkungfu,thrall,1808,monk,mistweaver,156,95,61
14769,Yokuu,thunderlord,1808,monk,mistweaver,54,29,25
14770,Abeldra,moon-guard,1807,monk,mistweaver,82,42,40
14771,Itdreams,illidan,1806,monk,mistweaver,42,25,17
14772,Timed,shuhalo,1806,monk,mistweaver,49,26,23
14773,Astrino,zuljin,1805,monk,mistweaver,42,29,13
14774,Briàr,area-52,1805,monk,mistweaver,48,27,21
14775,Strongmandan,twisting-nether,1805,monk,mistweaver,42,23,19
14776,Onlyfansx,ragnaros,1805,monk,mistweaver,256,139,117
14777,Mð,vashj,1805,monk,mistweaver,120,64,56
14778,Cenfu,malganis,1805,monk,mistweaver,72,29,43
14779,Cromulent,saurfang,1804,monk,mistweaver,128,68,60
14780,Imdabes,destromath,1804,monk,mistweaver,81,35,46
14781,Vrieden,illidan,1804,monk,mistweaver,99,42,57
14782,Zundor,ghostlands,1802,monk,mistweaver,32,25,7
14783,Kungfoocious,tichondrius,1802,monk,mistweaver,57,33,24
14784,Mixflo,bleeding-hollow,1802,monk,mistweaver,39,20,19
14785,Mistweave,aerie-peak,1801,monk,mistweaver,54,34,20
14786,Vanmonk,eonar,1801,monk,mistweaver,54,33,21
14787,Zengriff,ysondre,1801,monk,mistweaver,54,31,23
14788,Squalicorax,area-52,1801,monk,mistweaver,47,24,23
14789,Jiucho,dalaran,1800,monk,mistweaver,35,23,12
14790,Monjimen,ragnaros,1800,monk,mistweaver,185,107,78
14791,Tiptea,stormrage,1799,monk,mistweaver,42,23,19
14792,Mackiechan,kelthuzad,1797,monk,mistweaver,128,73,55
14793,Dwánesan,tichondrius,1792,monk,mistweaver,66,39,27
14794,Confa,ragnaros,1792,monk,mistweaver,113,49,64
14795,Gamesuxlol,the-underbog,1790,monk,mistweaver,84,51,33
14796,Slunka,tichondrius,1790,monk,mistweaver,42,24,18
14797,Watersheep,darkspear,1786,monk,mistweaver,42,25,17
14798,Rexfiend,tichondrius,1782,monk,mistweaver,24,19,5
14799,Triarcs,area-52,1781,monk,mistweaver,36,24,12
14800,Ttvchickchau,tichondrius,1781,monk,mistweaver,101,63,38
14801,Quitw,tichondrius,1781,monk,mistweaver,55,28,27
14802,Xzeer,illidan,1779,monk,mistweaver,30,25,5
14803,Coomweaver,stormrage,1778,monk,mistweaver,42,22,20
14804,Gummycat,bonechewer,1776,monk,mistweaver,186,100,86
14805,Velzarria,zuljin,1775,monk,mistweaver,42,27,15
14806,Jaja,kiljaeden,1775,monk,mistweaver,42,26,16
14807,Lgee,kelthuzad,1774,monk,mistweaver,30,19,11
14808,Praggers,proudmoore,1771,monk,mistweaver,101,48,53
14809,Canghaimonk,tichondrius,1769,monk,mistweaver,60,28,32
14810,Femalejam,darkspear,1768,monk,mistweaver,54,33,21
14811,Epî,tichondrius,1768,monk,mistweaver,116,58,58
14812,Trackstarx,area-52,1767,monk,mistweaver,30,25,5
14813,Daito,jubeithos,1767,monk,mistweaver,110,62,48
14814,Hepp,stormrage,1764,monk,mistweaver,36,25,11
14815,Melonmuncher,duskwood,1763,monk,mistweaver,69,36,33
14816,Iightning,dentarg,1762,monk,mistweaver,66,40,26
14817,Wigglygiggly,mannoroth,1762,monk,mistweaver,66,38,28
14818,Itspoils,illidan,1759,monk,mistweaver,55,41,14
14819,Crypomunkz,malganis,1758,monk,mistweaver,35,23,12
14820,Manggi,tichondrius,1758,monk,mistweaver,121,76,45
14821,Mikamonk,illidan,1755,monk,mistweaver,75,45,30
14822,Ajizzaÿ,saurfang,1755,monk,mistweaver,53,28,25
14823,Rîce,burning-blade,1754,monk,mistweaver,42,29,13
14824,Grabbitz,kelthuzad,1751,monk,mistweaver,42,27,15
14825,Spinharder,stormrage,1750,monk,mistweaver,65,38,27
14826,Ensaymada,frostmourne,1750,monk,mistweaver,138,71,67
14827,Callmekoldi,dalaran,1748,monk,mistweaver,93,52,41
14828,Jojostar,shadowsong,1747,monk,mistweaver,48,26,22
14829,Tippity,stormrage,1746,monk,mistweaver,37,24,13
14830,Bebuu,proudmoore,1744,monk,mistweaver,65,44,21
14831,Mxf,tichondrius,1743,monk,mistweaver,36,23,13
14832,Bubblepony,illidan,1741,monk,mistweaver,293,151,142
14833,Vernki,laughing-skull,1738,monk,mistweaver,59,36,23
14834,Actualcrime,tichondrius,1738,monk,mistweaver,42,22,20
14835,Starçandy,tichondrius,1737,monk,mistweaver,108,58,50
14836,Decompress,illidan,1734,monk,mistweaver,93,55,38
14837,Ricearolli,area-52,1731,monk,mistweaver,36,26,10
14838,Shlunks,illidan,1730,monk,mistweaver,217,120,97
14839,Ïtächï,illidan,1727,monk,mistweaver,42,19,23
14840,Cystweaver,dalaran,1726,monk,mistweaver,65,41,24
14841,Sayflight,tichondrius,1726,monk,mistweaver,60,26,34
14842,Fistofchanny,tichondrius,1725,monk,mistweaver,104,57,47
14843,Supbro,hyjal,1723,monk,mistweaver,30,18,12
14844,Steelcase,frostmourne,1722,monk,mistweaver,47,26,21
14845,Mvqws,tichondrius,1721,monk,mistweaver,30,24,6
14846,Ðescubra,stormrage,1721,monk,mistweaver,80,44,36
14847,Moushindeiru,sargeras,1719,monk,mistweaver,42,35,7
14848,Alekun,quelthalas,1719,monk,mistweaver,122,66,56
14849,Elesm,area-52,1719,monk,mistweaver,78,28,50
14850,Deathsteel,emerald-dream,1718,monk,mistweaver,29,19,10
14851,Gramazen,tichondrius,1718,monk,mistweaver,42,25,17
14852,Sqmw,tichondrius,1716,monk,mistweaver,30,18,12
14853,Beerflow,stormrage,1714,monk,mistweaver,97,49,48
14854,Alphamist,thrall,1711,monk,mistweaver,30,18,12
14855,Aviee,illidan,1711,monk,mistweaver,108,40,68
14856,Roypoker,illidan,1710,monk,mistweaver,36,25,11
14857,Snuggubae,moon-guard,1710,monk,mistweaver,78,42,36
14858,Yeji,altar-of-storms,1710,monk,mistweaver,85,40,45
14859,Noremaç,frostmourne,1709,monk,mistweaver,36,21,15
14860,Gauche,arygos,1709,monk,mistweaver,168,88,80
14861,Betasquadxd,bleeding-hollow,1707,monk,mistweaver,43,25,18
14862,Gnappyy,tichondrius,1705,monk,mistweaver,30,18,12
14863,Wildfists,tichondrius,1705,monk,mistweaver,427,221,206
14864,Røllitup,illidan,1704,monk,mistweaver,54,34,20
14865,Bloodyxmonk,firetree,1704,monk,mistweaver,55,31,24
14866,Turbokíll,proudmoore,1703,monk,mistweaver,36,22,14
14867,Mexii,hellscream,1702,monk,mistweaver,203,98,105
14868,Sparksgamer,ragnaros,1701,monk,mistweaver,36,18,18
14869,Hansul,tichondrius,1700,monk,mistweaver,83,38,45
14870,Qarmax,azralon,1699,monk,mistweaver,30,18,12
14871,Qxt,tichondrius,1699,monk,mistweaver,52,31,21
14872,Phtarded,stormreaver,1699,monk,mistweaver,86,45,41
14873,Danarolls,spirestone,1697,monk,mistweaver,48,21,27
14874,Krömbopulos,magtheridon,1696,monk,mistweaver,36,24,12
14875,Zaqqari,wyrmrest-accord,1695,monk,mistweaver,48,24,24
14876,Rizzdriver,moon-guard,1694,monk,mistweaver,60,37,23
14877,Sniffinsteak,laughing-skull,1693,monk,mistweaver,24,18,6
14878,Rokk,rivendare,1693,monk,mistweaver,66,35,31
14879,Omihli,sargeras,1692,monk,mistweaver,42,25,17
14880,Linsey,frostmourne,1691,monk,mistweaver,36,20,16
14881,Mariabaraks,darkspear,1690,monk,mistweaver,102,56,46
14882,Greenbrews,area-52,1690,monk,mistweaver,192,100,92
14883,Roogymw,emerald-dream,1688,monk,mistweaver,70,39,31
14884,Lovehate,zuljin,1688,monk,mistweaver,54,27,27
14885,Bromonster,zuljin,1687,monk,mistweaver,36,18,18
14886,Cohenn,tichondrius,1686,monk,mistweaver,24,18,6
14887,Ææøææôææôææô,illidan,1686,monk,mistweaver,126,84,42
14888,Vïolët,moon-guard,1686,monk,mistweaver,123,79,44
14889,Botweaver,proudmoore,1686,monk,mistweaver,80,45,35
14890,Unclety,tichondrius,1685,monk,mistweaver,42,24,18
14891,Ropturttlê,tichondrius,1684,monk,mistweaver,36,24,12
14892,Teewin,area-52,1683,monk,mistweaver,77,55,22
14893,Sypìì,stormrage,1683,monk,mistweaver,42,23,19
14894,Aráshicage,malganis,1681,monk,mistweaver,48,29,19
14895,Janeil,wyrmrest-accord,1681,monk,mistweaver,177,99,78
14896,Fisetèrr,kelthuzad,1680,monk,mistweaver,59,35,24
14897,Motogp,tichondrius,1680,monk,mistweaver,128,61,67
14898,Dwãrf,tichondrius,1678,monk,mistweaver,36,25,11
14899,Alexìn,sargeras,1678,monk,mistweaver,63,40,23
14900,Soprà,zuljin,1677,monk,mistweaver,33,20,13
14901,Stepfistz,aegwynn,1677,monk,mistweaver,66,36,30
14902,Zenox,rexxar,1675,monk,mistweaver,90,46,44
14903,Xblingtron,malganis,1675,monk,mistweaver,59,24,35
14904,Brewy,bloodhoof,1674,monk,mistweaver,24,19,5
14905,Drunkentoker,illidan,1673,monk,mistweaver,48,26,22
14906,Takugava,illidan,1671,monk,mistweaver,60,40,20
14907,Stonymcblaze,malganis,1671,monk,mistweaver,42,25,17
14908,Tezcatyo,malganis,1671,monk,mistweaver,54,32,22
14909,Xcrispy,scilla,1670,monk,mistweaver,30,20,10
14910,Chonmist,darkspear,1670,monk,mistweaver,56,36,20
14911,Fisticufs,bleeding-hollow,1670,monk,mistweaver,42,23,19
14912,Loudpäck,dalaran,1666,monk,mistweaver,41,26,15
14913,Nahr,tichondrius,1666,monk,mistweaver,39,22,17
14914,Nugskis,dalaran,1666,monk,mistweaver,263,135,128
14915,Twoshero,tichondrius,1665,monk,mistweaver,34,22,12
14916,Mememories,tichondrius,1665,monk,mistweaver,74,46,28
14917,Cherep,kiljaeden,1665,monk,mistweaver,93,49,44
14918,Winfred,bleeding-hollow,1663,monk,mistweaver,54,36,18
14919,Smallboots,area-52,1662,monk,mistweaver,24,20,4
14920,Mistweaverxo,malganis,1662,monk,mistweaver,116,65,51
14921,Zuen,ragnaros,1662,monk,mistweaver,200,101,99
14922,Gomon,terenas,1661,monk,mistweaver,29,20,9
14923,Èmacs,barthilas,1661,monk,mistweaver,35,24,11
14924,Seokdenam,tichondrius,1660,monk,mistweaver,84,47,37
14925,Rectus,proudmoore,1659,monk,mistweaver,30,22,8
14926,Dupaweaver,stormrage,1659,monk,mistweaver,59,26,33
14927,Cheetosnmilk,malganis,1658,monk,mistweaver,35,20,15
14928,Serikko,frostmourne,1657,monk,mistweaver,44,26,18
14929,Cööked,illidan,1656,monk,mistweaver,63,33,30
14930,Greenrice,thrall,1655,monk,mistweaver,52,33,19
14931,Velenious,tichondrius,1655,monk,mistweaver,113,68,45
14932,Calvana,tichondrius,1653,monk,mistweaver,101,40,61
14933,Hatsu,madoran,1651,monk,mistweaver,60,29,31
14934,Rexzilla,tichondrius,1648,monk,mistweaver,36,25,11
14935,Suntzulml,quelthalas,1648,monk,mistweaver,48,26,22
14936,Kawali,thrall,1647,monk,mistweaver,48,26,22
14937,Swuseng,tichondrius,1646,monk,mistweaver,36,21,15
14938,Grublord,stormrage,1646,monk,mistweaver,41,21,20
14939,Beez,balnazzar,1645,monk,mistweaver,33,19,14
14940,Miillkz,zuljin,1644,monk,mistweaver,47,25,22
14941,Swoleypoley,tichondrius,1642,monk,mistweaver,36,21,15
14942,Místme,tichondrius,1641,monk,mistweaver,36,22,14
14943,Tenoseven,area-52,1640,monk,mistweaver,21,19,2
14944,Rhorkfist,frostmourne,1640,monk,mistweaver,43,23,20
14945,Djux,zuljin,1639,monk,mistweaver,30,20,10
14946,Copula,illidan,1637,monk,mistweaver,74,34,40
14947,Paralee,tichondrius,1635,monk,mistweaver,48,34,14
14948,Gujunpyó,sargeras,1635,monk,mistweaver,66,40,26
14949,Ropgobbler,muradin,1634,monk,mistweaver,30,18,12
14950,Grandpå,tichondrius,1634,monk,mistweaver,40,23,17
14951,Musachi,barthilas,1634,monk,mistweaver,66,34,32
14952,Gellindra,malganis,1633,monk,mistweaver,24,18,6
14953,Xhangtu,thrall,1633,monk,mistweaver,82,53,29
14954,Misthealz,black-dragonflight,1633,monk,mistweaver,65,40,25
14955,Ermac,kiljaeden,1632,monk,mistweaver,47,32,15
14956,Minaffection,tichondrius,1632,monk,mistweaver,36,19,17
14957,Akkiraa,sargeras,1631,monk,mistweaver,24,17,7
14958,Ludan,eredar,1629,monk,mistweaver,160,85,75
14959,Tazermw,sargeras,1628,monk,mistweaver,56,33,23
14960,Baldbutcute,darkspear,1627,monk,mistweaver,28,19,9
14961,Damndaniel,hyjal,1627,monk,mistweaver,86,42,44
14962,Gooncave,stormrage,1627,monk,mistweaver,52,24,28
14963,Avãrîce,stormrage,1626,monk,mistweaver,24,17,7
14964,Mekawa,gurubashi,1626,monk,mistweaver,24,17,7
14965,Monke,onyxia,1625,monk,mistweaver,42,23,19
14966,Innerchii,tichondrius,1624,monk,mistweaver,24,17,7
14967,Keshir,sargeras,1624,monk,mistweaver,36,22,14
14968,Lilsloptop,moon-guard,1624,monk,mistweaver,143,86,57
14969,Rañga,caelestrasz,1624,monk,mistweaver,66,37,29
14970,Zhíu,ragnaros,1623,monk,mistweaver,54,33,21
14971,Nicotinetap,tichondrius,1623,monk,mistweaver,30,18,12
14972,Kaylux,stormrage,1623,monk,mistweaver,30,17,13
14973,Adop,dark-iron,1622,monk,mistweaver,60,36,24
14974,Proventos,azralon,1622,monk,mistweaver,216,119,97
14975,Ywingtsuan,frostmourne,1622,monk,mistweaver,41,21,20
14976,Whaes,thrall,1621,monk,mistweaver,24,17,7
14977,Valian,tichondrius,1621,monk,mistweaver,42,22,20
14978,Gabaan,azralon,1620,monk,mistweaver,30,17,13
14979,Monkwalker,tichondrius,1620,monk,mistweaver,66,35,31
14980,Barelroll,proudmoore,1619,monk,mistweaver,69,49,20
14981,Swolington,proudmoore,1619,monk,mistweaver,41,26,15
14982,Intertwine,frostmourne,1619,monk,mistweaver,30,17,13
14983,Avz,azralon,1618,monk,mistweaver,30,21,9
14984,Centalink,barthilas,1618,monk,mistweaver,50,34,16
14985,Hunkymonky,thrall,1618,monk,mistweaver,57,35,22
14986,Stormpounder,proudmoore,1616,monk,mistweaver,60,40,20
14987,Locusta,tichondrius,1616,monk,mistweaver,30,19,11
14988,Drinkkin,bleeding-hollow,1616,monk,mistweaver,114,68,46
14989,Wpola,tichondrius,1616,monk,mistweaver,30,17,13
14990,Greenstar,bleeding-hollow,1616,monk,mistweaver,142,74,68
14991,Nekzí,sargeras,1615,monk,mistweaver,30,20,10
14992,Bréwmaster,stormrage,1615,monk,mistweaver,36,17,19
14993,Mukboo,tichondrius,1615,monk,mistweaver,36,17,19
14994,Hitaru,azralon,1614,monk,mistweaver,54,35,19
14995,Keiirah,zuluhed,1614,monk,mistweaver,60,24,36
14996,Pacee,deathwing,1613,monk,mistweaver,24,17,7
14997,Kûshi,stormrage,1613,monk,mistweaver,35,23,12
14998,Kendro,trollbane,1613,monk,mistweaver,59,38,21
14999,Somebodym,illidan,1613,monk,mistweaver,36,22,14
15000,Yunmen,blades-edge,1613,monk,mistweaver,113,61,52
15001,Qords,tichondrius,1612,monk,mistweaver,148,77,71
15002,Pingpang,stormreaver,1610,monk,mistweaver,81,46,35
15003,Korata,frostwolf,1610,monk,mistweaver,42,23,19
15004,Sixsticks,tichondrius,1610,monk,mistweaver,58,30,28
15005,Hîbîscus,illidan,1609,monk,mistweaver,32,17,15
15006,Chessyx,ragnaros,1608,monk,mistweaver,36,17,19
15007,Mîstchievous,sargeras,1607,monk,mistweaver,28,21,7
15008,Jadestørmz,illidan,1607,monk,mistweaver,30,20,10
15009,Liké,tichondrius,1607,monk,mistweaver,36,23,13
15010,Santiaguiño,ragnaros,1607,monk,mistweaver,71,27,44
15011,Slipperybobs,tichondrius,1605,monk,mistweaver,71,46,25
15012,Songwei,barthilas,1605,monk,mistweaver,77,45,32
15013,Tamingpanda,wildhammer,1605,monk,mistweaver,60,33,27
15014,Hiiyaa,tichondrius,1605,monk,mistweaver,84,46,38
15015,Pandaiax,area-52,1605,monk,mistweaver,59,31,28
15016,Luvdeluxe,skullcrusher,1605,monk,mistweaver,61,30,31
15017,Oblivion,wildhammer,1604,monk,mistweaver,61,36,25
15018,Goochtickles,bleeding-hollow,1602,monk,mistweaver,128,79,49
15019,Kariwanji,tichondrius,1602,monk,mistweaver,148,85,63
15020,Gess,stormscale,1602,monk,mistweaver,108,54,54
15021,Xuenws,tichondrius,1602,monk,mistweaver,84,36,48
15022,Elvenmonk,frostmane,1601,monk,mistweaver,30,19,11
15023,Buhmonk,thrall,1601,monk,mistweaver,42,21,21
15024,Zeroxe,area-52,1600,monk,mistweaver,42,30,12
15025,Lunarc,mannoroth,1600,monk,mistweaver,58,41,17
15026,Manchu,stormrage,1599,monk,mistweaver,30,18,12
15027,Wittymonk,illidan,1598,monk,mistweaver,93,53,40
15028,Bodhisattvax,bleeding-hollow,1597,monk,mistweaver,36,21,15
15029,Onees,tichondrius,1596,monk,mistweaver,83,42,41
15030,Bobbybiz,bleeding-hollow,1595,monk,mistweaver,128,74,54
15031,Lightskinmon,area-52,1595,monk,mistweaver,42,23,19
15032,Furyjames,quelthalas,1594,monk,mistweaver,78,33,45
15033,Senseii,dathremar,1592,monk,mistweaver,54,35,19
15034,Merkey,tichondrius,1591,monk,mistweaver,48,26,22
15035,Pp,icecrown,1589,monk,mistweaver,31,27,4
15036,Coralys,sargeras,1587,monk,mistweaver,42,36,6
15037,Neonep,stormrage,1586,monk,mistweaver,130,72,58
15038,Diobrando,illidan,1585,monk,mistweaver,45,29,16
15039,Bussyweaver,sargeras,1585,monk,mistweaver,117,74,43
15040,Kwoon,hyjal,1585,monk,mistweaver,52,30,22
15041,Avm,azralon,1584,monk,mistweaver,48,23,25
15042,Lickthefist,sargeras,1582,monk,mistweaver,24,17,7
15043,Zawlp,sargeras,1582,monk,mistweaver,24,17,7
15044,Ekèl,tichondrius,1581,monk,mistweaver,48,29,19
15045,Patfu,area-52,1581,monk,mistweaver,29,17,12
15046,Yepcocc,lightbringer,1581,monk,mistweaver,29,17,12
15047,Mistpowaz,stormrage,1577,monk,mistweaver,89,50,39
15048,Pumakicks,tichondrius,1576,monk,mistweaver,70,37,33
15049,Sebsws,proudmoore,1575,monk,mistweaver,64,39,25
15050,Lozza,jubeithos,1574,monk,mistweaver,54,32,22
15051,Moonhealsyou,moon-guard,1573,monk,mistweaver,73,44,29
15052,Beboté,quelthalas,1573,monk,mistweaver,205,97,108
15053,Cryptmist,frostmourne,1572,monk,mistweaver,30,21,9
15054,Bootÿmagic,tichondrius,1572,monk,mistweaver,48,33,15
15055,Sodamint,sargeras,1572,monk,mistweaver,48,23,25
15056,Mistastep,tichondrius,1572,monk,mistweaver,84,40,44
15057,Ckqt,stormrage,1569,monk,mistweaver,41,23,18
15058,Boneykicks,tichondrius,1569,monk,mistweaver,42,21,21
15059,Mwgodqtxtko,nazjatar,1564,monk,mistweaver,48,27,21
15060,Bebess,moon-guard,1564,monk,mistweaver,51,28,23
15061,Eatmykïtty,dalaran,1563,monk,mistweaver,36,23,13
15062,Buffmonkdmg,tichondrius,1563,monk,mistweaver,78,41,37
15063,Frogsarecool,stormrage,1563,monk,mistweaver,40,20,20
15064,Badonkadonk,kiljaeden,1563,monk,mistweaver,48,18,30
15065,Tiduskies,crushridge,1562,monk,mistweaver,54,25,29
15066,Fistuhcuffs,sargeras,1561,monk,mistweaver,87,49,38
15067,Aokuâng,malganis,1559,monk,mistweaver,78,51,27
15068,Spaazz,tichondrius,1559,monk,mistweaver,83,53,30
15069,Romdansik,tichondrius,1558,monk,mistweaver,124,69,55
15070,Bunnygal,thaurissan,1557,monk,mistweaver,143,73,70
15071,Planetariumz,bleeding-hollow,1556,monk,mistweaver,259,135,124
15072,Azahri,sargeras,1555,monk,mistweaver,29,19,10
15073,Nelly,grizzly-hills,1552,monk,mistweaver,36,17,19
15074,Nailtech,tichondrius,1550,monk,mistweaver,66,37,29
15075,Sabersatin,sargeras,1550,monk,mistweaver,42,21,21
15076,Crypslegacy,tichondrius,1550,monk,mistweaver,108,53,55
15077,Waataafaak,malganis,1547,monk,mistweaver,66,33,33
15078,Frenchfries,dragonmaw,1547,monk,mistweaver,72,34,38
15079,Ahnlev,ragnaros,1544,monk,mistweaver,101,54,47
15080,Chopschtichs,kiljaeden,1543,monk,mistweaver,35,21,14
15081,Haiyà,malganis,1542,monk,mistweaver,30,17,13
15082,Seung,duskwood,1541,monk,mistweaver,250,121,129
15083,Omii,darkspear,1540,monk,mistweaver,34,17,17
15084,Marsha,tichondrius,1540,monk,mistweaver,66,29,37
15085,Notfw,tichondrius,1540,monk,mistweaver,64,27,37
15086,Jackphan,azralon,1539,monk,mistweaver,78,47,31
15087,Aledal,agamaggan,1538,monk,mistweaver,60,39,21
15088,Snoozzy,kelthuzad,1536,monk,mistweaver,36,17,19
15089,Grizzm,sargeras,1535,monk,mistweaver,60,34,26
15090,Forgèt,kelthuzad,1534,monk,mistweaver,30,16,14
15091,Lonebamboo,tichondrius,1534,monk,mistweaver,50,24,26
15092,Keileas,moon-guard,1534,monk,mistweaver,94,43,51
15093,Kaelastra,stormrage,1532,monk,mistweaver,72,45,27
15094,Bastilaqt,korgath,1532,monk,mistweaver,109,62,47
15095,Hyori,saurfang,1532,monk,mistweaver,30,16,14
15096,Dryungpwnz,zuljin,1530,monk,mistweaver,72,44,28
15097,Flavier,illidan,1530,monk,mistweaver,36,16,20
15098,Brucechez,tichondrius,1529,monk,mistweaver,24,16,8
15099,Chiban,misha,1529,monk,mistweaver,30,18,12
15100,Monkybidness,tichondrius,1529,monk,mistweaver,39,20,19
15101,Dlysezzic,tichondrius,1529,monk,mistweaver,65,33,32
15102,Vynchi,area-52,1527,monk,mistweaver,23,17,6
15103,Carzo,area-52,1527,monk,mistweaver,38,23,15
15104,Timbomist,kelthuzad,1526,monk,mistweaver,30,16,14
15105,Turbofist,bleeding-hollow,1526,monk,mistweaver,35,17,18
15106,Zarma,stormrage,1525,monk,mistweaver,70,42,28
15107,Lépøissøn,tichondrius,1525,monk,mistweaver,30,16,14
15108,Sóntix,sargeras,1523,monk,mistweaver,29,17,12
15109,Tarkir,quelthalas,1523,monk,mistweaver,77,45,32
15110,Metakillër,ragnaros,1522,monk,mistweaver,76,37,39
15111,Dedracula,quelthalas,1521,monk,mistweaver,45,33,12
15112,Swiftm,thrall,1520,monk,mistweaver,141,83,58
15113,Snoodle,korgath,1520,monk,mistweaver,84,48,36
15114,Kiqz,stormrage,1519,monk,mistweaver,30,16,14
15115,Mustaf,stormrage,1517,monk,mistweaver,55,31,24
15116,Ophibrew,zuljin,1516,monk,mistweaver,30,16,14
15117,Versachi,stormreaver,1516,monk,mistweaver,60,30,30
15118,Gnetic,nemesis,1516,monk,mistweaver,68,33,35
15119,Showshoway,tichondrius,1515,monk,mistweaver,71,31,40
15120,Zeroskil,thrall,1514,monk,mistweaver,33,19,14
15121,Pcyesh,nemesis,1514,monk,mistweaver,58,33,25
15122,Colbz,barthilas,1513,monk,mistweaver,24,16,8
15123,Chelada,sargeras,1513,monk,mistweaver,48,22,26
15124,Themonkfunk,bleeding-hollow,1511,monk,mistweaver,36,25,11
15125,Sshri,illidan,1511,monk,mistweaver,121,58,63
15126,Aioffe,emerald-dream,1509,monk,mistweaver,30,16,14
15127,Vorikson,stormrage,1509,monk,mistweaver,156,75,81
15128,Oakleet,bleeding-hollow,1507,monk,mistweaver,48,27,21
15129,Pagtuk,daggerspine,1507,monk,mistweaver,48,23,25
15130,Greenpigo,tichondrius,1504,monk,mistweaver,18,17,1
15131,Ghim,frostmourne,1504,monk,mistweaver,46,18,28
15132,Tamonger,stormrage,1502,monk,mistweaver,182,100,82
15133,Axellrod,tichondrius,1500,monk,mistweaver,60,38,22
15134,Kungfused,frostmourne,1500,monk,mistweaver,36,18,18
15135,Xomonik,borean-tundra,1499,monk,mistweaver,66,39,27
15136,Ferrarí,quelthalas,1499,monk,mistweaver,281,153,128
15137,Lekrosa,thrall,1499,monk,mistweaver,71,38,33
15138,Rockemsockem,gorefiend,1497,monk,mistweaver,60,34,26
15139,Xenitate,bleeding-hollow,1497,monk,mistweaver,30,17,13
15140,Udderpunch,barthilas,1497,monk,mistweaver,30,16,14
15141,Fissg,frostmourne,1496,monk,mistweaver,30,17,13
15142,Märthä,azralon,1496,monk,mistweaver,143,74,69
15143,Tinypunch,emerald-dream,1496,monk,mistweaver,72,34,38
15144,Närza,kelthuzad,1492,monk,mistweaver,42,24,18
15145,Jerumay,tichondrius,1491,monk,mistweaver,35,20,15
15146,Muzzye,frostmourne,1491,monk,mistweaver,143,80,63
15147,Lýøp,illidan,1491,monk,mistweaver,30,16,14
15148,Fistnanweavn,dawnbringer,1488,monk,mistweaver,132,62,70
15149,Rakia,moon-guard,1487,monk,mistweaver,148,71,77
15150,Conormonk,tichondrius,1486,monk,mistweaver,24,18,6
15151,Warzsong,azralon,1486,monk,mistweaver,54,33,21
15152,Buddhabud,sargeras,1485,monk,mistweaver,54,28,26
15153,Swiftyboi,tichondrius,1483,monk,mistweaver,132,64,68
15154,Fehthermane,area-52,1482,monk,mistweaver,70,42,28
15155,Soothinn,tichondrius,1481,monk,mistweaver,36,26,10
15156,Slothman,nagrand,1481,monk,mistweaver,48,27,21
15157,Integrity,durotan,1481,monk,mistweaver,100,53,47
15158,Âfrika,ysondre,1480,monk,mistweaver,65,31,34
15159,Florla,illidan,1479,monk,mistweaver,28,17,11
15160,Banterx,sargeras,1478,monk,mistweaver,53,24,29
15161,Talented,azuremyst,1477,monk,mistweaver,63,41,22
15162,Fister,garithos,1476,monk,mistweaver,58,38,20
15163,Monkpowaz,stormrage,1476,monk,mistweaver,42,26,16
15164,Ichiros,cenarion-circle,1476,monk,mistweaver,88,53,35
15165,Cranekicks,moon-guard,1475,monk,mistweaver,143,79,64
15166,Sangthos,darkspear,1474,monk,mistweaver,102,44,58
15167,Bruceteå,area-52,1473,monk,mistweaver,29,19,10
15168,Mòñk,shattered-halls,1473,monk,mistweaver,42,26,16
15169,Missweaver,sargeras,1473,monk,mistweaver,62,31,31
15170,Clipping,tichondrius,1472,monk,mistweaver,42,26,16
15171,Wheygodx,lothar,1471,monk,mistweaver,42,28,14
15172,Roadrunnerxl,korgath,1471,monk,mistweaver,60,34,26
15173,Tuss,tichondrius,1471,monk,mistweaver,46,18,28
15174,Willowa,frostmourne,1470,monk,mistweaver,50,30,20
15175,Slashsmack,caelestrasz,1470,monk,mistweaver,42,19,23
15176,Hadryan,proudmoore,1469,monk,mistweaver,80,43,37
15177,Scrapfu,proudmoore,1469,monk,mistweaver,66,31,35
15178,Rockcalm,malganis,1468,monk,mistweaver,62,28,34
15179,Brewmanchew,frostmourne,1466,monk,mistweaver,42,26,16
15180,Dovhug,draenor,1465,monk,mistweaver,66,30,36
15181,Gotmonk,aggramar,1464,monk,mistweaver,30,19,11
15182,Buoymoose,bleeding-hollow,1464,monk,mistweaver,30,19,11
15183,Bøkky,frostmourne,1463,monk,mistweaver,48,31,17
15184,Tirêd,sargeras,1459,monk,mistweaver,78,41,37
15185,Gnomepuncher,dalaran,1459,monk,mistweaver,48,25,23
15186,Wohrfnok,illidan,1458,monk,mistweaver,24,16,8
15187,Gotosleepkid,dalaran,1458,monk,mistweaver,35,19,16
15188,Kazov,proudmoore,1458,monk,mistweaver,178,92,86
15189,Fidgetspinna,zuljin,1457,monk,mistweaver,38,18,20
15190,Guïnness,tichondrius,1455,monk,mistweaver,30,18,12
15191,Ghorb,boulderfist,1455,monk,mistweaver,63,33,30
15192,Americå,zuljin,1453,monk,mistweaver,60,39,21
15193,Abdoolah,illidan,1453,monk,mistweaver,48,26,22
15194,Sudury,tichondrius,1451,monk,mistweaver,54,29,25
15195,Baee,cairne,1451,monk,mistweaver,43,17,26
15196,Pomonk,nazjatar,1450,monk,mistweaver,69,45,24
15197,Endér,tichondrius,1450,monk,mistweaver,157,82,75
15198,Aramonk,tichondrius,1449,monk,mistweaver,52,32,20
15199,Xtrememisty,frostmourne,1449,monk,mistweaver,66,35,31
15200,Yurm,moon-guard,1445,monk,mistweaver,24,20,4
15201,Lidela,sargeras,1445,monk,mistweaver,52,27,25
15202,Äncient,quelthalas,1444,monk,mistweaver,63,41,22
15203,Glad,stormscale,1444,monk,mistweaver,258,137,121
15204,Toastage,tichondrius,1443,monk,mistweaver,30,16,14
15205,Strugglebus,sargeras,1438,monk,mistweaver,18,15,3
15206,Elcidx,tichondrius,1438,monk,mistweaver,24,15,9
15207,Tobyblack,illidan,1436,monk,mistweaver,49,27,22
15208,Outhume,eredar,1435,monk,mistweaver,30,15,15
15209,Atsugin,khazgoroth,1435,monk,mistweaver,30,15,15
15210,Dhomonk,rexxar,1434,monk,mistweaver,29,17,12
15211,Monktor,dalaran,1433,monk,mistweaver,72,38,34
15212,Fartknocker,magtheridon,1433,monk,mistweaver,30,15,15
15213,Safiel,proudmoore,1433,monk,mistweaver,118,51,67
15214,Chadmw,illidan,1432,monk,mistweaver,18,15,3
15215,Mungka,tichondrius,1432,monk,mistweaver,94,47,47
15216,Docpalpatine,tichondrius,1432,monk,mistweaver,30,15,15
15217,Pichau,zuljin,1431,monk,mistweaver,21,16,5
15218,Josciel,ragnaros,1430,monk,mistweaver,311,151,160
15219,Iamamonk,kelthuzad,1429,monk,mistweaver,20,17,3
15220,Healzpapi,tichondrius,1428,monk,mistweaver,136,71,65
15221,Fuqame,kiljaeden,1428,monk,mistweaver,42,19,23
15222,Chiang,chogall,1426,monk,mistweaver,23,17,6
15223,Fistlord,zuljin,1425,monk,mistweaver,32,18,14
15224,Tenshu,runetotem,1425,monk,mistweaver,93,48,45
15225,Pøkemonk,malganis,1424,monk,mistweaver,24,15,9
15226,Poundmedaddi,tichondrius,1422,monk,mistweaver,98,62,36
15227,Friskyfister,tichondrius,1422,monk,mistweaver,30,15,15
15228,Leemîn,tichondrius,1421,monk,mistweaver,36,24,12
15229,Spencere,hyjal,1421,monk,mistweaver,30,15,15
15230,Jasonmonk,sargeras,1420,monk,mistweaver,31,19,12
15231,Taijutzu,darkspear,1419,monk,mistweaver,24,15,9
15232,Comonk,area-52,1416,monk,mistweaver,24,15,9
15233,Viralpog,bleeding-hollow,1413,monk,mistweaver,30,16,14
15234,Ralphiex,tichondrius,1411,monk,mistweaver,101,53,48
15235,Ninetrigrams,illidan,1411,monk,mistweaver,32,15,17
15236,Shoumi,turalyon,1410,monk,mistweaver,30,17,13
15237,Ungankable,sargeras,1408,monk,mistweaver,60,32,28
15238,Sobuu,wyrmrest-accord,1406,monk,mistweaver,30,24,6
15239,Puoll,gallywix,1406,monk,mistweaver,93,51,42
15240,Ojiin,wyrmrest-accord,1405,monk,mistweaver,197,105,92
15241,Thirteendads,turalyon,1403,monk,mistweaver,35,17,18
15242,Meshugah,quelthalas,1402,monk,mistweaver,78,34,44
15243,Kylièjenner,gilneas,1401,monk,mistweaver,42,26,16
15244,Phatcheeks,aegwynn,1400,monk,mistweaver,66,37,29
15245,Carlosm,tichondrius,1398,monk,mistweaver,30,19,11
15246,Jèricho,thrall,1397,monk,mistweaver,60,32,28
15247,Zoltwo,sargeras,1395,monk,mistweaver,30,15,15
15248,Edbtz,illidan,1394,monk,mistweaver,24,18,6
15249,Iluvthugnmcz,sargeras,1394,monk,mistweaver,53,25,28
15250,Kemmy,ravencrest,1393,monk,mistweaver,31,17,14
15251,Mcfisted,area-52,1393,monk,mistweaver,57,25,32
15252,Nelda,gorgonnash,1392,monk,mistweaver,36,22,14
15253,Htm,barthilas,1392,monk,mistweaver,41,16,25
15254,Mcfluffey,area-52,1391,monk,mistweaver,89,49,40
15255,Jitsu,frostmane,1387,monk,mistweaver,80,46,34
15256,Mýthik,hyjal,1387,monk,mistweaver,42,22,20
15257,Vum,quelthalas,1385,monk,mistweaver,21,16,5
15258,Mightbweavin,bleeding-hollow,1385,monk,mistweaver,108,48,60
15259,Drama,tichondrius,1384,monk,mistweaver,26,18,8
15260,Flixz,stormrage,1382,monk,mistweaver,48,25,23
15261,Docwang,malganis,1381,monk,mistweaver,42,27,15
15262,Riokhan,ragnaros,1381,monk,mistweaver,54,31,23
15263,Valiantroar,shandris,1381,monk,mistweaver,38,16,22
15264,Noodalie,moon-guard,1378,monk,mistweaver,24,18,6
15265,Shandaspanda,rivendare,1378,monk,mistweaver,54,26,28
15266,Pablojám,ragnaros,1375,monk,mistweaver,42,23,19
15267,Neuron,spirestone,1374,monk,mistweaver,32,15,17
15268,Afabled,drakkari,1373,monk,mistweaver,48,26,22
15269,Ozen,burning-blade,1373,monk,mistweaver,72,37,35
15270,Baroon,chogall,1373,monk,mistweaver,93,40,53
15271,Rhynoo,lothar,1371,monk,mistweaver,96,51,45
15272,Statue,cenarius,1370,monk,mistweaver,23,15,8
15273,Thyfist,frostmourne,1369,monk,mistweaver,28,16,12
15274,Cisneros,doomhammer,1369,monk,mistweaver,81,39,42
15275,Sinistuhm,tichondrius,1368,monk,mistweaver,41,22,19
15276,Bobthedrag,illidan,1366,monk,mistweaver,36,17,19
15277,Vonn,drakkari,1364,monk,mistweaver,72,36,36
15278,Tianji,malganis,1363,monk,mistweaver,42,26,16
15279,Tert,aerie-peak,1363,monk,mistweaver,146,83,63
15280,Lõgan,azralon,1362,monk,mistweaver,46,24,22
15281,Chuks,nerzhul,1358,monk,mistweaver,164,91,73
15282,Reque,illidan,1356,monk,mistweaver,160,89,71
15283,Ataxic,illidan,1355,monk,mistweaver,29,15,14
15284,Vegoku,moon-guard,1354,monk,mistweaver,78,41,37
15285,Pandalee,skullcrusher,1353,monk,mistweaver,36,26,10
15286,Ninjagordu,nemesis,1353,monk,mistweaver,118,57,61
15287,Pandemikmonk,turalyon,1349,monk,mistweaver,48,22,26
15288,Ninjatoots,aerie-peak,1346,monk,mistweaver,59,36,23
15289,Monkqi,lightbringer,1344,monk,mistweaver,30,23,7
15290,Veejaex,stormreaver,1343,monk,mistweaver,18,14,4
15291,Rylens,draka,1343,monk,mistweaver,40,25,15
15292,Lanifear,area-52,1343,monk,mistweaver,29,17,12
15293,Siserfister,sargeras,1343,monk,mistweaver,24,14,10
15294,Mixon,archimonde,1343,monk,mistweaver,24,14,10
15295,Benneroy,moon-guard,1343,monk,mistweaver,24,14,10
15296,Damogen,spinebreaker,1343,monk,mistweaver,30,14,16
15297,Khylu,kelthuzad,1342,monk,mistweaver,18,14,4
15298,Cnww,tichondrius,1342,monk,mistweaver,24,14,10
15299,Emporertrump,bleeding-hollow,1342,monk,mistweaver,85,38,47
15300,Séthrogèn,tichondrius,1341,monk,mistweaver,18,14,4
15301,Cilantrõ,malorne,1341,monk,mistweaver,30,21,9
15302,Bouncymoo,frostmourne,1341,monk,mistweaver,24,14,10
15303,Coldridge,bleeding-hollow,1341,monk,mistweaver,24,14,10
15304,Alternatives,sargeras,1339,monk,mistweaver,18,14,4
15305,Zenmasta,exodar,1336,monk,mistweaver,30,17,13
15306,Ryantiger,tichondrius,1336,monk,mistweaver,30,14,16
15307,Lazeekick,sargeras,1335,monk,mistweaver,30,14,16
15308,Iielia,wyrmrest-accord,1335,monk,mistweaver,35,16,19
15309,Monkeynut,whisperwind,1334,monk,mistweaver,83,46,37
15310,Chañi,ragnaros,1333,monk,mistweaver,59,33,26
15311,Zettelkasten,tichondrius,1332,monk,mistweaver,24,14,10
15312,Chongal,whisperwind,1332,monk,mistweaver,24,14,10
15313,Inebriated,auchindoun,1329,monk,mistweaver,24,14,10
15314,Himah,area-52,1329,monk,mistweaver,30,14,16
15315,Manicata,tichondrius,1328,monk,mistweaver,63,33,30
15316,Tenzing,azgalor,1324,monk,mistweaver,24,14,10
15317,Momochi,malygos,1323,monk,mistweaver,30,16,14
15318,Nerfmonk,spirestone,1322,monk,mistweaver,24,14,10
15319,Jeffdagnome,moon-guard,1320,monk,mistweaver,96,48,48
15320,Gerranni,wyrmrest-accord,1318,monk,mistweaver,24,16,8
15321,Shon,frostmourne,1316,monk,mistweaver,24,14,10
15322,Waxxi,barthilas,1316,monk,mistweaver,102,58,44
15323,Albusventos,azralon,1315,monk,mistweaver,35,21,14
15324,Brewswayne,argent-dawn,1315,monk,mistweaver,24,14,10
15325,Smackdat,azjolnerub,1315,monk,mistweaver,58,29,29
15326,Johnkreese,andorhal,1313,monk,mistweaver,30,14,16
15327,Sweatweaver,frostmourne,1313,monk,mistweaver,64,28,36
15328,Binghe,illidan,1311,monk,mistweaver,30,17,13
15329,Breezymist,doomhammer,1311,monk,mistweaver,30,14,16
15330,Ric,gundrak,1310,monk,mistweaver,69,38,31
15331,Dashenna,illidan,1310,monk,mistweaver,84,32,52
15332,Punch,lothar,1309,monk,mistweaver,31,18,13
15333,Odogin,tichondrius,1307,monk,mistweaver,65,41,24
15334,Dextr,arthas,1302,monk,mistweaver,27,14,13
15335,Kocksnapper,stormreaver,1297,monk,mistweaver,57,32,25
15336,Boozebear,spirestone,1297,monk,mistweaver,118,60,58
15337,Bresmeatfore,barthilas,1295,monk,mistweaver,24,14,10
15338,Güwop,tichondrius,1294,monk,mistweaver,30,14,16
15339,Keyszz,tichondrius,1294,monk,mistweaver,176,77,99
15340,Izolatedrin,tichondrius,1293,monk,mistweaver,17,14,3
15341,Notblakexo,tichondrius,1290,monk,mistweaver,23,14,9
15342,Gomey,bleeding-hollow,1287,monk,mistweaver,26,15,11
15343,Dblfistez,stormreaver,1287,monk,mistweaver,40,16,24
15344,Iovegõd,tichondrius,1286,monk,mistweaver,24,14,10
15345,Gallorex,frostmourne,1286,monk,mistweaver,42,24,18
15346,Kìmjungheal,tichondrius,1281,monk,mistweaver,41,21,20
15347,Chnzhs,tichondrius,1281,monk,mistweaver,58,18,40
15348,Zeiana,proudmoore,1280,monk,mistweaver,38,22,16
15349,Miçrosoft,area-52,1278,monk,mistweaver,66,40,26
15350,Byakugan,moon-guard,1277,monk,mistweaver,41,23,18
15351,Börg,bleeding-hollow,1277,monk,mistweaver,38,19,19
15352,Giatzo,barthilas,1263,monk,mistweaver,55,25,30
15353,Damemasduro,ragnaros,1262,monk,mistweaver,355,166,189
15354,Makimä,stormrage,1260,monk,mistweaver,54,28,26
15355,Onekickman,dalaran,1257,monk,mistweaver,54,30,24
15356,Shinarri,thrall,1253,monk,mistweaver,114,63,51
15357,Omimonk,sargeras,1251,monk,mistweaver,56,24,32
15358,Donnieyen,aerie-peak,1250,monk,mistweaver,19,14,5
15359,Shefcurry,boulderfist,1248,monk,mistweaver,24,13,11
15360,Mwomegalul,sargeras,1248,monk,mistweaver,30,13,17
15361,Ticmonk,frostmourne,1247,monk,mistweaver,18,13,5
15362,Beefyteet,tichondrius,1247,monk,mistweaver,18,13,5
15363,Stinkycok,tichondrius,1247,monk,mistweaver,24,13,11
15364,Gothamonk,tichondrius,1247,monk,mistweaver,24,13,11
15365,Brews,black-dragonflight,1247,monk,mistweaver,25,13,12
15366,Evilstep,tichondrius,1247,monk,mistweaver,60,31,29
15367,Antriai,icecrown,1247,monk,mistweaver,36,13,23
15368,Mirokushan,skywall,1246,monk,mistweaver,117,65,52
15369,Hîddëncløùdx,tichondrius,1245,monk,mistweaver,18,13,5
15370,Floka,bleeding-hollow,1245,monk,mistweaver,18,13,5
15371,Afw,moon-guard,1245,monk,mistweaver,32,18,14
15372,Kênpächi,rexxar,1245,monk,mistweaver,24,13,11
15373,Ieatshrooms,malfurion,1245,monk,mistweaver,60,25,35
15374,Drunkgiraffe,zuljin,1244,monk,mistweaver,18,13,5
15375,Yuï,bleeding-hollow,1244,monk,mistweaver,18,13,5
15376,Mis,tichondrius,1243,monk,mistweaver,24,13,11
15377,React,frostwolf,1242,monk,mistweaver,18,13,5
15378,Psypalm,zuljin,1242,monk,mistweaver,18,13,5
15379,Raígon,ragnaros,1242,monk,mistweaver,24,13,11
15380,Rehder,barthilas,1241,monk,mistweaver,24,13,11
15381,Poppyharlow,saurfang,1240,monk,mistweaver,24,17,7
15382,Noogiie,barthilas,1238,monk,mistweaver,22,14,8
15383,Originalmonk,tichondrius,1237,monk,mistweaver,18,13,5
15384,Monxellius,moon-guard,1237,monk,mistweaver,69,34,35
15385,Oyyo,tichondrius,1237,monk,mistweaver,95,35,60
15386,Sorowblade,lothar,1235,monk,mistweaver,18,13,5
15387,Zenquadz,elune,1234,monk,mistweaver,30,21,9
15388,Lolkungfu,spirestone,1234,monk,mistweaver,24,13,11
15389,Bossmonk,tichondrius,1233,monk,mistweaver,24,13,11
15390,Siddlez,frostmourne,1231,monk,mistweaver,34,25,9
15391,Taichichuan,tichondrius,1231,monk,mistweaver,40,22,18
15392,Azizyzz,barthilas,1231,monk,mistweaver,42,20,22
15393,Fistergand,frostwolf,1229,monk,mistweaver,18,13,5
15394,Shizunô,stormrage,1229,monk,mistweaver,30,14,16
15395,Ludafist,whisperwind,1227,monk,mistweaver,60,32,28
15396,Fkedyourwife,dalaran,1227,monk,mistweaver,30,13,17
15397,Gôrr,tichondrius,1226,monk,mistweaver,42,23,19
15398,Iloki,shuhalo,1226,monk,mistweaver,75,37,38
15399,Göat,emerald-dream,1226,monk,mistweaver,30,13,17
15400,Zefta,moon-guard,1226,monk,mistweaver,42,18,24
15401,Cheesemónk,tichondrius,1222,monk,mistweaver,30,13,17
15402,Cammy,aerie-peak,1219,monk,mistweaver,32,20,12
15403,Troutline,bonechewer,1218,monk,mistweaver,84,50,34
15404,ßrewslèè,tichondrius,1216,monk,mistweaver,38,20,18
15405,Kickbone,tichondrius,1215,monk,mistweaver,48,20,28
15406,Marimonkori,stormscale,1214,monk,mistweaver,51,24,27
15407,Sedition,emerald-dream,1213,monk,mistweaver,317,159,158
15408,Mortimir,echo-isles,1213,monk,mistweaver,30,14,16
15409,Phoenixspark,gnomeregan,1211,monk,mistweaver,18,13,5
15410,Kodrik,tichondrius,1207,monk,mistweaver,66,34,32
15411,Biggoosie,korgath,1206,monk,mistweaver,76,47,29
15412,Kreacher,ravencrest,1199,monk,mistweaver,65,32,33
15413,Michaeljordn,destromath,1199,monk,mistweaver,44,16,28
15414,Pepperoncini,korgath,1199,monk,mistweaver,54,17,37
15415,Menadraene,wyrmrest-accord,1198,monk,mistweaver,26,14,12
15416,Puffpuffp,nazgrel,1196,monk,mistweaver,24,13,11
15417,Darkheälzz,sargeras,1194,monk,mistweaver,93,44,49
15418,Poppinbrews,thrall,1191,monk,mistweaver,28,15,13
15419,Titofresh,quelthalas,1191,monk,mistweaver,33,15,18
15420,Soderbergh,ysera,1185,monk,mistweaver,36,13,23
15421,Orenj,boulderfist,1182,monk,mistweaver,30,16,14
15422,Zonianman,tichondrius,1182,monk,mistweaver,30,13,17
15423,Blackthorne,illidan,1179,monk,mistweaver,30,14,16
15424,Anthuri,frostmourne,1178,monk,mistweaver,41,28,13
15425,Soothem,tichondrius,1178,monk,mistweaver,24,16,8
15426,Haruko,baelgun,1178,monk,mistweaver,40,13,27
15427,Iseeyouqt,tichondrius,1176,monk,mistweaver,20,13,7
15428,Maiitoguy,illidan,1175,monk,mistweaver,30,14,16
15429,Puya,nemesis,1174,monk,mistweaver,30,14,16
15430,Cdeez,malganis,1171,monk,mistweaver,24,13,11
15431,Hamandchi,sargeras,1169,monk,mistweaver,23,16,7
15432,Hie,laughing-skull,1166,monk,mistweaver,90,38,52
15433,Shwankeesha,thrall,1165,monk,mistweaver,28,14,14
15434,Darrhon,illidan,1163,monk,mistweaver,84,39,45
15435,Monkoala,illidan,1160,monk,mistweaver,30,17,13
15436,Madmint,illidan,1159,monk,mistweaver,60,26,34
15437,Valdosta,bloodscalp,1158,monk,mistweaver,48,25,23
15438,Callibella,amanthul,1155,monk,mistweaver,26,13,13
15439,Xaurian,firetree,1153,monk,mistweaver,22,13,9
15440,Magmuruk,garrosh,1152,monk,mistweaver,18,12,6
15441,Austinm,tichondrius,1152,monk,mistweaver,18,12,6
15442,Genjen,bleeding-hollow,1150,monk,mistweaver,18,12,6
15443,Onlythumbs,area-52,1148,monk,mistweaver,18,12,6
15444,Santhz,ragnaros,1148,monk,mistweaver,18,12,6
15445,Trojanz,malganis,1148,monk,mistweaver,24,12,12
15446,Zugroi,frostmourne,1147,monk,mistweaver,12,12,0
15447,Strixx,silvermoon,1147,monk,mistweaver,18,14,4
15448,Drexlla,barthilas,1147,monk,mistweaver,24,15,9
15449,Oochi,illidan,1146,monk,mistweaver,24,12,12
15450,Kaniou,proudmoore,1146,monk,mistweaver,29,13,16
15451,Jagichan,area-52,1145,monk,mistweaver,18,12,6
15452,Monkaveli,ursin,1145,monk,mistweaver,78,37,41
15453,Lørðjimmy,sargeras,1142,monk,mistweaver,18,12,6
15454,Calmemaybe,darkspear,1138,monk,mistweaver,18,12,6
15455,Drfoochi,tichondrius,1138,monk,mistweaver,30,12,18
15456,Lumïnous,moon-guard,1136,monk,mistweaver,30,14,16
15457,Kexti,wyrmrest-accord,1135,monk,mistweaver,45,18,27
15458,Affrika,ragnaros,1133,monk,mistweaver,47,21,26
15459,Szuka,tichondrius,1131,monk,mistweaver,18,12,6
15460,Herbivorous,sargeras,1131,monk,mistweaver,24,12,12
15461,Modelman,area-52,1130,monk,mistweaver,26,14,12
15462,Gobfu,emerald-dream,1130,monk,mistweaver,65,26,39
15463,Fitmonje,drakkari,1126,monk,mistweaver,43,22,21
15464,Boostmonk,terenas,1126,monk,mistweaver,78,34,44
15465,Fistmeister,tichondrius,1125,monk,mistweaver,30,19,11
15466,Whitepotato,bleeding-hollow,1124,monk,mistweaver,86,52,34
15467,Honjada,tichondrius,1121,monk,mistweaver,18,12,6
15468,Purging,draka,1121,monk,mistweaver,59,39,20
15469,Orbii,tichondrius,1111,monk,mistweaver,48,32,16
15470,Lolcutie,shandris,1105,monk,mistweaver,37,21,16
15471,Dokfu,tichondrius,1105,monk,mistweaver,159,86,73
15472,Xulieng,tichondrius,1101,monk,mistweaver,289,147,142
15473,Baittor,proudmoore,1100,monk,mistweaver,21,13,8
15474,Meepmonk,kilrogg,1098,monk,mistweaver,27,13,14
15475,Emenboats,zuljin,1096,monk,mistweaver,70,44,26
15476,Kimonk,proudmoore,1095,monk,mistweaver,36,21,15
15477,Benex,tichondrius,1093,monk,mistweaver,23,12,11
15478,Gentle,cenarius,1093,monk,mistweaver,26,12,14
15479,Brewamp,zuljin,1091,monk,mistweaver,29,13,16
15480,Mongénoio,nemesis,1083,monk,mistweaver,20,12,8
15481,Rowbur,thrall,1077,monk,mistweaver,33,22,11
15482,Harryrichard,sargeras,1073,monk,mistweaver,23,12,11
15483,Lita,barthilas,1071,monk,mistweaver,17,12,5
15484,Raphzen,stormrage,1070,monk,mistweaver,27,13,14
15485,Keeanuweaves,tichondrius,1069,monk,mistweaver,13,12,1
15486,Hakushin,ragnaros,1067,monk,mistweaver,36,20,16
15487,Razod,stormrage,1066,monk,mistweaver,154,74,80
15488,Shaolyyn,zuljin,1062,monk,mistweaver,36,19,17
15489,Ratioed,moon-guard,1061,monk,mistweaver,35,21,14
15490,Boojaa,silvermoon,1058,monk,mistweaver,42,19,23
15491,Lustymonk,kelthuzad,1056,monk,mistweaver,12,11,1
15492,Duelist,the-scryers,1056,monk,mistweaver,12,11,1
15493,Knuqz,stormrage,1056,monk,mistweaver,18,11,7
15494,Mistussy,sargeras,1056,monk,mistweaver,18,11,7
15495,Sharkpiggie,illidan,1056,monk,mistweaver,18,11,7
15496,Jetnoob,sargeras,1056,monk,mistweaver,18,11,7
15497,Haren,gundrak,1056,monk,mistweaver,18,11,7
15498,Kynalla,thunderlord,1055,monk,mistweaver,18,11,7
15499,Undertickle,illidan,1055,monk,mistweaver,18,11,7
15500,Crispeel,tichondrius,1055,monk,mistweaver,18,11,7
15501,Smoovhoov,kiljaeden,1055,monk,mistweaver,18,11,7
15502,Focalors,proudmoore,1055,monk,mistweaver,18,11,7
15503,Alandis,spinebreaker,1055,monk,mistweaver,18,11,7
15504,Shilakamesn,tichondrius,1055,monk,mistweaver,18,11,7
15505,Fkinbis,area-52,1055,monk,mistweaver,18,11,7
15506,Iplus,thrall,1055,monk,mistweaver,18,11,7
15507,Axibar,tichondrius,1055,monk,mistweaver,18,11,7
15508,Lemmetouch,illidan,1055,monk,mistweaver,24,11,13
15509,Oppsimop,frostmourne,1055,monk,mistweaver,24,11,13
15510,Chillionaíre,proudmoore,1055,monk,mistweaver,24,11,13
15511,Evilbit,boulderfist,1054,monk,mistweaver,18,11,7
15512,Igaku,windrunner,1054,monk,mistweaver,18,11,7
15513,Yamatoqt,frostmourne,1054,monk,mistweaver,18,11,7
15514,Mahhnaga,tichondrius,1054,monk,mistweaver,83,34,49
15515,Dreadknotz,hyjal,1054,monk,mistweaver,42,17,25
15516,Hache,azjolnerub,1053,monk,mistweaver,80,34,46
15517,Theymistbuda,kelthuzad,1052,monk,mistweaver,12,11,1
15518,Havasupai,turalyon,1052,monk,mistweaver,18,11,7
15519,Wungpo,the-forgotten-coast,1052,monk,mistweaver,18,11,7
15520,Karnbroo,frostmourne,1052,monk,mistweaver,24,11,13
15521,Bârcõdë,tichondrius,1051,monk,mistweaver,12,11,1
15522,Pappaya,tichondrius,1051,monk,mistweaver,18,11,7
15523,Superbae,area-52,1051,monk,mistweaver,24,11,13
15524,Fistful,destromath,1050,monk,mistweaver,12,11,1
15525,Dégg,thrall,1050,monk,mistweaver,18,11,7
15526,Hazelbazel,bleeding-hollow,1050,monk,mistweaver,18,11,7
15527,Proctology,tichondrius,1047,monk,mistweaver,18,11,7
15528,Ilani,malganis,1047,monk,mistweaver,18,11,7
15529,Redweave,moon-guard,1047,monk,mistweaver,24,11,13
15530,Wraithfire,uldum,1047,monk,mistweaver,30,12,18
15531,Shaolinmists,malganis,1045,monk,mistweaver,12,11,1
15532,Telospateo,ragnaros,1045,monk,mistweaver,24,11,13
15533,Galiplays,zangarmarsh,1042,monk,mistweaver,21,12,9
15534,Raidenmnx,tichondrius,1042,monk,mistweaver,24,11,13
15535,Knaveus,frostmourne,1039,monk,mistweaver,18,11,7
15536,Gguldduk,tichondrius,1038,monk,mistweaver,16,12,4
15537,Thors,gorgonnash,1038,monk,mistweaver,24,13,11
15538,Teancrumpets,wyrmrest-accord,1038,monk,mistweaver,48,20,28
15539,Tadaku,dalaran,1033,monk,mistweaver,37,17,20
15540,Reinah,malganis,1033,monk,mistweaver,30,11,19
15541,Petsëmatary,bleeding-hollow,1032,monk,mistweaver,29,11,18
15542,Merand,tichondrius,1031,monk,mistweaver,36,20,16
15543,Marnartou,zuljin,1026,monk,mistweaver,12,11,1
15544,Kreezoo,tichondrius,1026,monk,mistweaver,33,13,20
15545,Hapgido,deathwing,1025,monk,mistweaver,56,26,30
15546,Hafu,wildhammer,1025,monk,mistweaver,30,11,19
15547,Ambuinc,burning-blade,1024,monk,mistweaver,18,11,7
15548,Dalillamas,sargeras,1023,monk,mistweaver,14,12,2
15549,Ursorcen,frostmourne,1019,monk,mistweaver,27,12,15
15550,Grizzchan,sargeras,1017,monk,mistweaver,17,11,6
15551,Ainz,nagrand,1016,monk,mistweaver,30,15,15
15552,Vitcheztein,ragnaros,1007,monk,mistweaver,17,11,6
15553,Twizzurp,magtheridon,1007,monk,mistweaver,21,12,9
15554,Kfpanda,hellscream,1004,monk,mistweaver,42,19,23
15555,Vencö,tichondrius,1001,monk,mistweaver,33,11,22
15556,Clutchinmist,malganis,1000,monk,mistweaver,40,12,28
15557,Senseipwnda,stormrage,999,monk,mistweaver,23,14,9
15558,Wmo,tichondrius,997,monk,mistweaver,17,11,6
15559,Joeyfists,frostwolf,997,monk,mistweaver,24,11,13
15560,Zendemic,thrall,996,monk,mistweaver,30,17,13
15561,Bbunglee,tichondrius,995,monk,mistweaver,17,11,6
15562,Kpeste,tichondrius,995,monk,mistweaver,42,23,19
15563,Telrande,ysondre,994,monk,mistweaver,35,24,11
15564,Sukrit,darkspear,993,monk,mistweaver,40,19,21
15565,Mintbear,illidan,984,monk,mistweaver,14,11,3
15566,Monkgringo,azralon,983,monk,mistweaver,48,27,21
15567,Bomer,moknathal,980,monk,mistweaver,49,29,20
15568,Moldboy,area-52,975,monk,mistweaver,17,11,6
15569,Winniethepoo,borean-tundra,975,monk,mistweaver,19,11,8
15570,Sipu,wyrmrest-accord,969,monk,mistweaver,41,20,21
15571,Hype,ursin,960,monk,mistweaver,12,10,2
15572,Drizzywow,arathor,960,monk,mistweaver,12,10,2
15573,Titti,korgath,960,monk,mistweaver,18,10,8
15574,Chignar,dathremar,960,monk,mistweaver,18,10,8
15575,Inkar,tichondrius,960,monk,mistweaver,18,10,8
15576,Milkshayx,kiljaeden,960,monk,mistweaver,18,10,8
15577,Mywave,bleeding-hollow,960,monk,mistweaver,18,10,8
15578,Fheng,emerald-dream,960,monk,mistweaver,18,10,8
15579,Dapperdabz,illidan,960,monk,mistweaver,18,10,8
15580,Greenfriend,illidan,960,monk,mistweaver,18,10,8
15581,Mlngo,illidan,960,monk,mistweaver,18,10,8
15582,Gundamfish,tichondrius,960,monk,mistweaver,24,10,14
15583,Blasê,frostmourne,959,monk,mistweaver,12,10,2
15584,Mïstyfïsty,moon-guard,959,monk,mistweaver,12,10,2
15585,Shâdòw,ragnaros,959,monk,mistweaver,12,10,2
15586,Hanlover,tichondrius,959,monk,mistweaver,12,10,2
15587,Cymonka,sargeras,959,monk,mistweaver,18,10,8
15588,Insidedog,frostmourne,959,monk,mistweaver,18,10,8
15589,Chanîng,frostmourne,959,monk,mistweaver,18,10,8
15590,Miniswag,arthas,959,monk,mistweaver,24,10,14
15591,Anabolicx,khazgoroth,959,monk,mistweaver,24,10,14
15592,Squaanched,emerald-dream,959,monk,mistweaver,30,10,20
15593,Ramisan,barthilas,958,monk,mistweaver,18,10,8
15594,Lostinmistz,tichondrius,958,monk,mistweaver,18,10,8
15595,Madkickzack,blades-edge,958,monk,mistweaver,24,10,14
15596,Gngrbeardman,tichondrius,957,monk,mistweaver,24,10,14
15597,Oldfashheals,tichondrius,957,monk,mistweaver,24,10,14
15598,Wessex,sargeras,954,monk,mistweaver,18,10,8
15599,Deadlyzz,gilneas,954,monk,mistweaver,70,37,33
15600,Shinobui,jubeithos,950,monk,mistweaver,18,10,8
15601,Brewtalitops,illidan,950,monk,mistweaver,18,10,8
15602,Teil,illidan,949,monk,mistweaver,18,10,8
15603,Dirtyshef,deathwing,949,monk,mistweaver,45,11,34
15604,Gazzoxsan,chogall,946,monk,mistweaver,25,10,15
15605,Jæmz,moon-guard,944,monk,mistweaver,36,13,23
15606,Mystafista,tichondrius,939,monk,mistweaver,23,10,13
15607,Siamack,illidan,920,monk,mistweaver,14,11,3
15608,Xbrewtal,tichondrius,909,monk,mistweaver,30,17,13
15609,Lovechabill,darkspear,906,monk,mistweaver,17,10,7
15610,Delassian,moon-guard,894,monk,mistweaver,37,16,21
15611,Inbu,tichondrius,893,monk,mistweaver,26,10,16
15612,Stickbundle,illidan,888,monk,mistweaver,15,11,4
15613,Edj,drenden,884,monk,mistweaver,75,37,38
15614,Monkgyfatso,tichondrius,878,monk,mistweaver,11,10,1
15615,Galyndra,darkspear,877,monk,mistweaver,13,10,3
15616,Jonnymon,sargeras,864,monk,mistweaver,12,9,3
15617,Flicksx,arthas,864,monk,mistweaver,12,9,3
15618,Ggonext,wyrmrest-accord,864,monk,mistweaver,12,9,3
15619,Toastsmonk,tichondrius,864,monk,mistweaver,12,9,3
15620,Sâx,stormreaver,864,monk,mistweaver,12,9,3
15621,Horndog,skullcrusher,864,monk,mistweaver,12,9,3
15622,Imnumberone,alterac-mountains,864,monk,mistweaver,12,9,3
15623,Mistyfisty,laughing-skull,864,monk,mistweaver,14,9,5
15624,Kriticalkush,kelthuzad,864,monk,mistweaver,18,9,9
15625,Bobbytheorc,tichondrius,864,monk,mistweaver,18,9,9
15626,Gottí,sargeras,864,monk,mistweaver,18,9,9
15627,Kármah,emerald-dream,864,monk,mistweaver,18,9,9
15628,Pinkfairy,wyrmrest-accord,864,monk,mistweaver,18,9,9
15629,Taelinn,moonrunner,864,monk,mistweaver,24,9,15
15630,Hulkhogan,mugthol,863,monk,mistweaver,14,11,3
15631,Maicuta,thrall,863,monk,mistweaver,12,9,3
15632,Theminivan,sargeras,863,monk,mistweaver,12,9,3
15633,Kazzichi,area-52,863,monk,mistweaver,12,9,3
15634,Ghðst,ragnaros,863,monk,mistweaver,12,9,3
15635,Brewley,thrall,863,monk,mistweaver,12,9,3
15636,Dareelyst,arygos,863,monk,mistweaver,18,9,9
15637,Tjab,kiljaeden,863,monk,mistweaver,18,9,9
15638,Fisthealz,area-52,862,monk,mistweaver,12,9,3
15639,Ørçhid,ravenholdt,862,monk,mistweaver,12,9,3
15640,Zac,veknilash,862,monk,mistweaver,12,9,3
15641,Kungupanda,nesingwary,862,monk,mistweaver,24,9,15
15642,Madussy,zuljin,862,monk,mistweaver,24,9,15
15643,Pimpolhona,nemesis,862,monk,mistweaver,24,9,15
15644,Jhaded,tichondrius,862,monk,mistweaver,24,9,15
15645,Kromrax,stormrage,862,monk,mistweaver,24,9,15
15646,Kirshta,kelthuzad,861,monk,mistweaver,12,9,3
15647,Rosellina,kelthuzad,861,monk,mistweaver,18,9,9
15648,Palomagozzu,ragnaros,860,monk,mistweaver,12,9,3
15649,Håzê,kul-tiras,860,monk,mistweaver,18,9,9
15650,Jugies,emerald-dream,860,monk,mistweaver,18,9,9
15651,Fludz,burning-blade,859,monk,mistweaver,24,9,15
15652,Monkism,warsong,855,monk,mistweaver,12,9,3
15653,Winwakamank,sargeras,855,monk,mistweaver,24,9,15
15654,Gino,proudmoore,852,monk,mistweaver,148,68,80
15655,Eago,sargeras,852,monk,mistweaver,24,9,15
15656,Bullshido,aerie-peak,851,monk,mistweaver,18,9,9
15657,Epptwo,aggramar,851,monk,mistweaver,30,9,21
15658,Lilbee,azjolnerub,845,monk,mistweaver,18,9,9
15659,Sìrtankallot,stormrage,837,monk,mistweaver,32,9,23
15660,Twinktoez,bleeding-hollow,831,monk,mistweaver,14,10,4
15661,Sihgriid,tichondrius,826,monk,mistweaver,20,10,10
15662,Soapy,moon-guard,824,monk,mistweaver,17,9,8
15663,Seaja,malganis,823,monk,mistweaver,93,23,70
15664,Kyndrïa,tichondrius,819,monk,mistweaver,65,26,39
15665,Qlispe,bloodscalp,814,monk,mistweaver,64,32,32
15666,Goodluck,madoran,809,monk,mistweaver,27,10,17
15667,Tokkyo,frostmourne,804,monk,mistweaver,66,15,51
15668,Picoree,frostmourne,799,monk,mistweaver,15,10,5
15669,Mastahp,tichondrius,797,monk,mistweaver,22,9,13
15670,Akfourseven,barthilas,795,monk,mistweaver,71,32,39
15671,Dreamy,mugthol,773,monk,mistweaver,42,12,30
15672,Kaskã,tichondrius,768,monk,mistweaver,12,8,4
15673,Udmonk,tichondrius,768,monk,mistweaver,12,8,4
15674,Itsnoozes,illidan,768,monk,mistweaver,12,8,4
15675,Tuladura,tichondrius,768,monk,mistweaver,12,8,4
15676,Monkzilla,tichondrius,768,monk,mistweaver,12,8,4
15677,Furiousfrank,stormrage,768,monk,mistweaver,12,8,4
15678,Pantypirate,tichondrius,768,monk,mistweaver,12,8,4
15679,Jiskweaver,sargeras,768,monk,mistweaver,12,8,4
15680,Omnly,stormrage,768,monk,mistweaver,12,8,4
15681,Ninjachavez,tichondrius,768,monk,mistweaver,12,8,4
15682,Valhira,kiljaeden,768,monk,mistweaver,12,8,4
15683,Ojarax,bleeding-hollow,768,monk,mistweaver,12,8,4
15684,Feel,frostmourne,768,monk,mistweaver,12,8,4
15685,Torakigai,ghostlands,768,monk,mistweaver,12,8,4
15686,Funkmunk,aegwynn,768,monk,mistweaver,12,8,4
15687,Chevvyy,azshara,768,monk,mistweaver,12,8,4
15688,Tubescreamer,barthilas,768,monk,mistweaver,12,8,4
15689,Sàìñtàsønìà,kelthuzad,768,monk,mistweaver,12,8,4
15690,Ragemore,emerald-dream,768,monk,mistweaver,12,8,4
15691,Garg,malganis,768,monk,mistweaver,12,8,4
15692,Cuckoon,malganis,768,monk,mistweaver,12,8,4
15693,Picklefartjr,malfurion,768,monk,mistweaver,12,8,4
15694,Shquiz,sargeras,768,monk,mistweaver,12,8,4
15695,Scrypter,proudmoore,768,monk,mistweaver,12,8,4
15696,Bralex,black-dragonflight,768,monk,mistweaver,12,8,4
15697,Catmonk,the-forgotten-coast,768,monk,mistweaver,12,8,4
15698,Dreamscapexo,kelthuzad,768,monk,mistweaver,18,8,10
15699,Drunkenfist,chogall,768,monk,mistweaver,18,8,10
15700,Imafqnbaby,tichondrius,768,monk,mistweaver,18,8,10
15701,Donnieyen,area-52,768,monk,mistweaver,18,8,10
15702,Kwatann,bonechewer,768,monk,mistweaver,18,8,10
15703,Erwynz,tichondrius,768,monk,mistweaver,24,8,16
15704,Rileyreidfan,azjolnerub,767,monk,mistweaver,12,8,4
15705,Lenee,frostmourne,767,monk,mistweaver,12,8,4
15706,Blitzcombo,thrall,767,monk,mistweaver,12,8,4
15707,Rolybones,boulderfist,767,monk,mistweaver,12,8,4
15708,Dragonwhirl,stormrage,767,monk,mistweaver,12,8,4
15709,Themys,zuljin,767,monk,mistweaver,12,8,4
15710,Zenspice,stormrage,767,monk,mistweaver,12,8,4
15711,Abird,tichondrius,767,monk,mistweaver,12,8,4
15712,Jeolmyung,tichondrius,767,monk,mistweaver,12,8,4
15713,Voltekkor,tichondrius,767,monk,mistweaver,14,8,6
15714,Juchiyosamu,illidan,767,monk,mistweaver,15,8,7
15715,Elfass,bleeding-hollow,767,monk,mistweaver,18,8,10
15716,Bogez,area-52,767,monk,mistweaver,18,8,10
15717,Barleygar,tichondrius,767,monk,mistweaver,18,8,10
15718,Dabnhash,emerald-dream,767,monk,mistweaver,18,8,10
15719,Kailzchi,area-52,766,monk,mistweaver,12,8,4
15720,Feynzen,frostmourne,766,monk,mistweaver,12,8,4
15721,Artomist,stormrage,766,monk,mistweaver,12,8,4
15722,Selfiestíck,tichondrius,766,monk,mistweaver,12,8,4
15723,Apexian,kelthuzad,766,monk,mistweaver,12,8,4
15724,Trapeez,kelthuzad,766,monk,mistweaver,12,8,4
15725,Fairyeflora,hellscream,766,monk,mistweaver,12,8,4
15726,Wzzi,tichondrius,765,monk,mistweaver,18,8,10
15727,Nuubchi,stormrage,764,monk,mistweaver,18,8,10
15728,Scips,fizzcrank,764,monk,mistweaver,18,8,10
15729,Kushmintz,whisperwind,762,monk,mistweaver,18,8,10
15730,Halfaling,tichondrius,761,monk,mistweaver,12,8,4
15731,Fufu,terokkar,761,monk,mistweaver,18,8,10
15732,Monktyson,barthilas,760,monk,mistweaver,12,8,4
15733,Steenkk,tichondrius,754,monk,mistweaver,18,8,10
15734,Fusionspell,stormrage,747,monk,mistweaver,24,8,16
15735,Prddoss,quelthalas,745,monk,mistweaver,12,8,4
15736,Sätsu,bleeding-hollow,735,monk,mistweaver,17,8,9
15737,Kryflex,frostmourne,720,monk,mistweaver,15,9,6
15738,Thaliondor,stormrage,720,monk,mistweaver,15,9,6
15739,Carlyjepsen,shadowmoon,713,monk,mistweaver,27,9,18
15740,Karynia,illidan,712,monk,mistweaver,15,9,6
15741,Rektfu,emerald-dream,708,monk,mistweaver,21,9,12
15742,Tanskee,sargeras,707,monk,mistweaver,21,9,12
15743,Evílryü,quelthalas,706,monk,mistweaver,15,9,6
15744,Diagrams,tichondrius,703,monk,mistweaver,11,8,3
15745,Hirav,khazgoroth,697,monk,mistweaver,21,9,12
15746,Minttea,kiljaeden,690,monk,mistweaver,28,9,19
15747,Muzzen,fizzcrank,688,monk,mistweaver,13,8,5
15748,Saiyañ,proudmoore,672,monk,mistweaver,12,7,5
15749,Synpunch,tichondrius,672,monk,mistweaver,12,7,5
15750,Missclickx,azralon,672,monk,mistweaver,12,7,5
15751,Phunkymonkey,mannoroth,672,monk,mistweaver,12,7,5
15752,Moönk,tichondrius,672,monk,mistweaver,12,7,5
15753,Lynio,area-52,672,monk,mistweaver,12,7,5
15754,Truefists,stormrage,672,monk,mistweaver,12,7,5
15755,Valelarus,doomhammer,672,monk,mistweaver,12,7,5
15756,Zbell,sargeras,672,monk,mistweaver,12,7,5
15757,Yangzai,tichondrius,672,monk,mistweaver,12,7,5
15758,Mundane,sargeras,672,monk,mistweaver,12,7,5
15759,Agilities,sargeras,672,monk,mistweaver,12,7,5
15760,Ammonk,bloodhoof,672,monk,mistweaver,12,7,5
15761,Copamine,dalaran,672,monk,mistweaver,12,7,5
15762,Tuesdây,wyrmrest-accord,672,monk,mistweaver,12,7,5
15763,Zerker,nagrand,672,monk,mistweaver,12,7,5
15764,Aniwhy,tichondrius,672,monk,mistweaver,12,7,5
15765,Toothpick,blackrock,672,monk,mistweaver,12,7,5
15766,Boorams,tichondrius,672,monk,mistweaver,12,7,5
15767,Darong,tichondrius,672,monk,mistweaver,12,7,5
15768,Pandatrainer,drakkari,672,monk,mistweaver,12,7,5
15769,Mwr,frostmourne,672,monk,mistweaver,12,7,5
15770,Laggytoodope,kelthuzad,672,monk,mistweaver,12,7,5
15771,Prisonike,bleeding-hollow,672,monk,mistweaver,12,7,5
15772,Nerf,malganis,672,monk,mistweaver,12,7,5
15773,Annisokay,bleeding-hollow,672,monk,mistweaver,12,7,5
15774,Ashmisty,kelthuzad,672,monk,mistweaver,12,7,5
15775,Rookere,malganis,672,monk,mistweaver,12,7,5
15776,Fistay,burning-legion,672,monk,mistweaver,15,8,7
15777,Beejae,tichondrius,672,monk,mistweaver,14,7,7
15778,Èxpèrtisè,jubeithos,672,monk,mistweaver,14,7,7
15779,Cungflu,crushridge,672,monk,mistweaver,18,7,11
15780,Thevy,area-52,672,monk,mistweaver,18,7,11
15781,Babychi,frostmourne,672,monk,mistweaver,18,7,11
15782,Monktu,frostmourne,672,monk,mistweaver,18,7,11
15783,Audrun,frostmourne,672,monk,mistweaver,18,7,11
15784,Caliroll,gorefiend,672,monk,mistweaver,18,7,11
15785,Hoofweaver,proudmoore,672,monk,mistweaver,24,7,17
15786,Naxanax,area-52,671,monk,mistweaver,12,7,5
15787,Kurtall,area-52,671,monk,mistweaver,12,7,5
15788,Alisoly,tichondrius,671,monk,mistweaver,12,7,5
15789,Monkydoo,blackhand,671,monk,mistweaver,12,7,5
15790,Touzin,bleeding-hollow,671,monk,mistweaver,12,7,5
15791,Eldrik,stormrage,671,monk,mistweaver,12,7,5
15792,Rôbo,emerald-dream,671,monk,mistweaver,12,7,5
15793,Hornymonkale,thrall,671,monk,mistweaver,12,7,5
15794,Iwonson,mugthol,671,monk,mistweaver,12,7,5
15795,Shórtlived,skullcrusher,671,monk,mistweaver,13,7,6
15796,Táishen,wyrmrest-accord,671,monk,mistweaver,16,8,8
15797,Divaweaver,sargeras,671,monk,mistweaver,18,7,11
15798,Bükki,ragnaros,671,monk,mistweaver,18,7,11
15799,Chitacos,trollbane,671,monk,mistweaver,18,7,11
15800,Bruceki,bleeding-hollow,671,monk,mistweaver,18,7,11
15801,Diligentmonk,illidan,671,monk,mistweaver,21,8,13
15802,Slinger,kalecgos,670,monk,mistweaver,10,8,2
15803,Microdose,blackrock,670,monk,mistweaver,18,7,11
15804,Pandaranga,saurfang,670,monk,mistweaver,28,8,20
15805,Djwushu,blackhand,668,monk,mistweaver,18,7,11
15806,Shoguns,zuljin,667,monk,mistweaver,12,7,5
15807,Balooballs,frostmourne,667,monk,mistweaver,18,7,11
15808,Miretunie,arathor,666,monk,mistweaver,12,7,5
15809,Wetspaghetti,malganis,661,monk,mistweaver,18,7,11
15810,Karu,barthilas,639,monk,mistweaver,18,8,10
15811,Rènh,ragnaros,639,monk,mistweaver,17,7,10
15812,Reflexsivex,malganis,638,monk,mistweaver,11,7,4
15813,Kangeroo,tichondrius,624,monk,mistweaver,15,8,7
15814,Blessedbalor,tichondrius,624,monk,mistweaver,15,7,8
15815,Sourcandyx,area-52,624,monk,mistweaver,15,7,8
15816,Jetchi,proudmoore,623,monk,mistweaver,11,7,4
15817,Bigjuicers,bleeding-hollow,623,monk,mistweaver,11,7,4
15818,Dasubb,crushridge,623,monk,mistweaver,11,7,4
15819,Azz,barthilas,623,monk,mistweaver,11,7,4
15820,Praydoh,tichondrius,623,monk,mistweaver,11,7,4
15821,Brüce,ragnaros,623,monk,mistweaver,15,7,8
15822,Aerona,stormreaver,617,monk,mistweaver,12,8,4
15823,Hirahxx,frostmourne,606,monk,mistweaver,14,7,7
15824,Chainwax,korgath,576,monk,mistweaver,6,6,0
15825,Chrîstmas,proudmoore,576,monk,mistweaver,6,6,0
15826,Fenriranger,tichondrius,576,monk,mistweaver,6,6,0
15827,Watty,zuljin,576,monk,mistweaver,6,6,0
15828,Ezqueue,area-52,576,monk,mistweaver,6,6,0
15829,Bowstâff,lightbringer,576,monk,mistweaver,6,6,0
15830,Onecoolmonk,tichondrius,576,monk,mistweaver,6,6,0
15831,Kaølin,azralon,576,monk,mistweaver,6,6,0
15832,Munkï,tichondrius,576,monk,mistweaver,6,6,0
15833,Kruxx,anvilmar,576,monk,mistweaver,6,6,0
15834,Grimaku,tichondrius,576,monk,mistweaver,12,6,6
15835,Meepmonk,tichondrius,576,monk,mistweaver,12,6,6
15836,Vayce,barthilas,576,monk,mistweaver,12,6,6
15837,Eppsmonk,tichondrius,576,monk,mistweaver,12,6,6
15838,Shaqkobe,stormrage,576,monk,mistweaver,12,6,6
15839,Inkers,detheroc,576,monk,mistweaver,12,6,6
15840,Khungfeu,area-52,576,monk,mistweaver,12,6,6
15841,Faccemelter,illidan,576,monk,mistweaver,12,6,6
15842,Fïish,stormrage,576,monk,mistweaver,12,6,6
15843,Karrigwyn,tichondrius,576,monk,mistweaver,12,6,6
15844,Imakeplaysyo,illidan,576,monk,mistweaver,12,6,6
15845,Steyi,nazjatar,576,monk,mistweaver,12,6,6
15846,Underpants,skullcrusher,576,monk,mistweaver,12,6,6
15847,Peachtea,burning-legion,576,monk,mistweaver,12,6,6
15848,Eightpoint,illidan,576,monk,mistweaver,12,6,6
15849,Dracc,zuljin,576,monk,mistweaver,12,6,6
15850,Saitamâ,tichondrius,576,monk,mistweaver,12,6,6
15851,Dreamfist,emerald-dream,576,monk,mistweaver,12,6,6
15852,Broyoulined,spirestone,576,monk,mistweaver,12,6,6
15853,Nukeproof,stormreaver,576,monk,mistweaver,12,6,6
15854,Boppweave,tichondrius,576,monk,mistweaver,12,6,6
15855,Cerrado,emerald-dream,576,monk,mistweaver,12,6,6
15856,Meisterbrew,garona,576,monk,mistweaver,12,6,6
15857,Até,azralon,576,monk,mistweaver,12,6,6
15858,Dungfish,mugthol,576,monk,mistweaver,12,6,6
15859,Xitearith,ragnaros,576,monk,mistweaver,12,6,6
15860,Sumaran,hydraxis,576,monk,mistweaver,12,6,6
15861,Raonoc,sargeras,576,monk,mistweaver,12,6,6
15862,Krob,bleeding-hollow,576,monk,mistweaver,12,6,6
15863,Janim,illidan,576,monk,mistweaver,12,6,6
15864,Wèave,tichondrius,576,monk,mistweaver,12,6,6
15865,Whoonmonk,tichondrius,576,monk,mistweaver,12,6,6
15866,Danceofchiji,tichondrius,576,monk,mistweaver,12,6,6
15867,Transcend,nerzhul,576,monk,mistweaver,12,6,6
15868,Magnustavick,bleeding-hollow,576,monk,mistweaver,12,6,6
15869,Lumiän,area-52,576,monk,mistweaver,12,6,6
15870,Mtsalt,bleeding-hollow,576,monk,mistweaver,12,6,6
15871,Aiswalle,illidan,576,monk,mistweaver,12,6,6
15872,Jieterchan,malganis,576,monk,mistweaver,12,6,6
15873,Bearmode,wyrmrest-accord,576,monk,mistweaver,12,6,6
15874,Pai,sargeras,576,monk,mistweaver,12,6,6
15875,Roloyolo,illidan,576,monk,mistweaver,18,6,12
15876,Fistweebin,area-52,576,monk,mistweaver,18,6,12
15877,Stonefists,ysondre,576,monk,mistweaver,18,6,12
15878,Simarity,kelthuzad,576,monk,mistweaver,18,6,12
15879,Chìforce,sargeras,576,monk,mistweaver,23,6,17
15880,Littlegeorge,moon-guard,575,monk,mistweaver,6,6,0
15881,Philthyjutsu,moon-guard,575,monk,mistweaver,6,6,0
15882,Kung,tichondrius,575,monk,mistweaver,12,6,6
15883,Hibìscus,tichondrius,575,monk,mistweaver,12,6,6
15884,Fânnybâws,stormrage,575,monk,mistweaver,12,6,6
15885,Itsjohnnylol,azuremyst,575,monk,mistweaver,12,6,6
15886,Misha,akama,575,monk,mistweaver,12,6,6
15887,Soysaucë,malganis,575,monk,mistweaver,12,6,6
15888,Monkney,tichondrius,575,monk,mistweaver,12,6,6
15889,Biglinky,sargeras,575,monk,mistweaver,12,6,6
15890,Nf,zuljin,575,monk,mistweaver,12,6,6
15891,Glitchi,area-52,575,monk,mistweaver,12,6,6
15892,Putisucia,nordrassil,575,monk,mistweaver,12,6,6
15893,Laopow,area-52,575,monk,mistweaver,12,6,6
15894,Ormchi,stormrage,575,monk,mistweaver,13,6,7
15895,Opmother,elune,575,monk,mistweaver,18,6,12
15896,Freepunchz,frostmourne,575,monk,mistweaver,18,6,12
15897,Blorkk,area-52,574,monk,mistweaver,12,6,6
15898,Crãsh,quelthalas,574,monk,mistweaver,12,6,6
15899,Yanedin,dalaran,574,monk,mistweaver,12,6,6
15900,Monjepa,illidan,574,monk,mistweaver,18,6,12
15901,Tubbytiph,ghostlands,574,monk,mistweaver,24,6,18
15902,Hastle,windrunner,573,monk,mistweaver,12,6,6
15903,Ironfistorm,stormrage,573,monk,mistweaver,12,6,6
15904,Bluemyselph,tichondrius,573,monk,mistweaver,18,6,12
15905,Mënace,skullcrusher,572,monk,mistweaver,12,6,6
15906,Gaturis,tichondrius,572,monk,mistweaver,21,7,14
15907,Samanosukee,illidan,571,monk,mistweaver,12,6,6
15908,Paladinei,tichondrius,571,monk,mistweaver,12,6,6
15909,Bógus,tichondrius,571,monk,mistweaver,12,6,6
15910,Dejohnette,quelthalas,565,monk,mistweaver,12,6,6
15911,Boofie,perenolde,559,monk,mistweaver,11,6,5
15912,Sohéi,proudmoore,559,monk,mistweaver,17,6,11
15913,Bradyfour,moon-guard,553,monk,mistweaver,25,8,17
15914,Tcoon,frostmourne,543,monk,mistweaver,14,7,7
15915,Monkeybooze,sargeras,543,monk,mistweaver,14,7,7
15916,Sensey,veknilash,527,monk,mistweaver,11,6,5
15917,Domisalamii,sargeras,527,monk,mistweaver,11,6,5
15918,Exuperjun,emerald-dream,522,monk,mistweaver,16,7,9
15919,Mastamonksta,illidan,512,monk,mistweaver,16,6,10
15920,Räyè,tichondrius,511,monk,mistweaver,8,6,2
15921,Fonnf,nemesis,511,monk,mistweaver,8,6,2
15922,Oldmanwalker,mannoroth,511,monk,mistweaver,11,6,5
15923,Jurassaf,illidan,480,monk,mistweaver,6,5,1
15924,Koyon,sargeras,480,monk,mistweaver,6,5,1
15925,Donatello,arthas,480,monk,mistweaver,6,5,1
15926,Bombshellxo,illidan,480,monk,mistweaver,6,5,1
15927,Woes,stormreaver,480,monk,mistweaver,6,5,1
15928,Møzy,darkspear,480,monk,mistweaver,6,5,1
15929,Pinot,dragonmaw,480,monk,mistweaver,6,5,1
15930,Meepz,arthas,480,monk,mistweaver,6,5,1
15931,Theodôn,dalaran,480,monk,mistweaver,6,5,1
15932,Dragonwarior,zuluhed,480,monk,mistweaver,6,5,1
15933,Kayflock,tichondrius,480,monk,mistweaver,6,5,1
15934,Xiang,dreadmaul,480,monk,mistweaver,6,5,1
15935,Spirits,dreadmaul,480,monk,mistweaver,6,5,1
15936,Pungeebi,tichondrius,480,monk,mistweaver,6,5,1
15937,Zbhm,illidan,480,monk,mistweaver,6,5,1
15938,Rivnn,sargeras,480,monk,mistweaver,6,5,1
15939,Flarks,area-52,480,monk,mistweaver,6,5,1
15940,Elcidw,tichondrius,480,monk,mistweaver,6,5,1
15941,Mistwalk,tichondrius,480,monk,mistweaver,6,5,1
15942,Yajirobei,area-52,480,monk,mistweaver,6,5,1
15943,Møzy,tichondrius,480,monk,mistweaver,6,5,1
15944,Stepfíster,tichondrius,480,monk,mistweaver,6,5,1
15945,Pyoapple,tichondrius,480,monk,mistweaver,6,5,1
15946,Grumpî,tichondrius,480,monk,mistweaver,6,5,1
15947,Zxenn,tichondrius,480,monk,mistweaver,6,5,1
15948,Yuldaddy,tichondrius,480,monk,mistweaver,6,5,1
15949,Chingwang,frostmourne,480,monk,mistweaver,6,5,1
15950,Genia,ragnaros,480,monk,mistweaver,6,5,1
15951,Prf,ragnaros,480,monk,mistweaver,6,5,1
15952,Alvinete,tichondrius,480,monk,mistweaver,6,5,1
15953,Satiremaster,frostmourne,480,monk,mistweaver,6,5,1
15954,Siddharthä,barthilas,480,monk,mistweaver,6,5,1
15955,Choibaedal,tichondrius,480,monk,mistweaver,7,5,2
15956,Ocmonk,hyjal,480,monk,mistweaver,12,5,7
15957,Eraticmonk,illidan,480,monk,mistweaver,12,5,7
15958,Nawzhy,emerald-dream,480,monk,mistweaver,12,5,7
15959,Whipllash,tichondrius,480,monk,mistweaver,12,5,7
15960,Gogumamonk,tichondrius,480,monk,mistweaver,12,5,7
15961,Kaiøken,tichondrius,480,monk,mistweaver,12,5,7
15962,Palumorww,deathwing,480,monk,mistweaver,12,5,7
15963,Paradissô,tichondrius,480,monk,mistweaver,12,5,7
15964,Gnarmony,malganis,480,monk,mistweaver,12,5,7
15965,Judo,khadgar,480,monk,mistweaver,12,5,7
15966,Ouibaguette,kelthuzad,480,monk,mistweaver,12,5,7
15967,Odindad,tichondrius,480,monk,mistweaver,12,5,7
15968,Bigolbootay,tichondrius,480,monk,mistweaver,12,5,7
15969,Nîxs,frostmourne,480,monk,mistweaver,12,5,7
15970,Fortyozkilla,thrall,480,monk,mistweaver,12,5,7
15971,Catchmemaybe,stormscale,480,monk,mistweaver,12,5,7
15972,Otzyy,turalyon,480,monk,mistweaver,12,5,7
15973,Kungfused,antonidas,480,monk,mistweaver,12,5,7
15974,Mmrmonkey,tichondrius,480,monk,mistweaver,12,5,7
15975,Masonn,kiljaeden,480,monk,mistweaver,12,5,7
15976,Amybaby,sargeras,480,monk,mistweaver,12,5,7
15977,Onak,illidan,480,monk,mistweaver,12,5,7
15978,Crìstiano,malganis,480,monk,mistweaver,12,5,7
15979,Rockyßalboa,sargeras,480,monk,mistweaver,12,5,7
15980,Snuzzao,darkspear,480,monk,mistweaver,14,5,9
15981,Blackflag,queldorei,480,monk,mistweaver,18,5,13
15982,Màngø,ragnaros,480,monk,mistweaver,18,5,13
15983,Cckknckr,sargeras,480,monk,mistweaver,24,5,19
15984,Monqq,tichondrius,479,monk,mistweaver,6,5,1
15985,Tianhu,sargeras,479,monk,mistweaver,12,5,7
15986,Paticus,area-52,479,monk,mistweaver,12,5,7
15987,Asliam,undermine,479,monk,mistweaver,12,5,7
15988,Annara,tichondrius,479,monk,mistweaver,12,5,7
15989,Troutz,sargeras,479,monk,mistweaver,12,5,7
15990,Bitrau,destromath,479,monk,mistweaver,12,5,7
15991,Angrybrewski,tichondrius,479,monk,mistweaver,12,5,7
15992,Stephani,turalyon,479,monk,mistweaver,12,5,7
15993,Wisepaw,tichondrius,479,monk,mistweaver,12,5,7
15994,Chugs,malorne,479,monk,mistweaver,18,5,13
15995,Satchelgizmo,tichondrius,479,monk,mistweaver,18,5,13
15996,Ltsneaky,bladefist,479,monk,mistweaver,30,5,25
15997,Shmello,akama,478,monk,mistweaver,6,5,1
15998,Cahuun,baelgun,478,monk,mistweaver,12,5,7
15999,Sahalee,emerald-dream,478,monk,mistweaver,12,5,7
16000,Safigirl,doomhammer,478,monk,mistweaver,12,5,7
16001,Yungsun,ragnaros,463,monk,mistweaver,13,6,7
16002,Pinkgucci,thrall,463,monk,mistweaver,17,5,12
16003,Bengal,arthas,447,monk,mistweaver,11,5,6
16004,Beefdadyfist,tichondrius,440,monk,mistweaver,24,8,16
16005,Ogsimpsonn,tichondrius,432,monk,mistweaver,9,5,4
16006,Boomtac,moon-guard,426,monk,mistweaver,9,6,3
16007,Indrazzxx,jubeithos,426,monk,mistweaver,11,7,4
16008,Bellátíx,quelthalas,426,monk,mistweaver,17,9,8
16009,Obàma,tichondrius,426,monk,mistweaver,13,6,7
16010,Keyndanlamor,sargeras,384,monk,mistweaver,6,4,2
16011,Treysongz,illidan,384,monk,mistweaver,6,4,2
16012,Brucetea,chogall,384,monk,mistweaver,6,4,2
16013,Snoogiee,khazgoroth,384,monk,mistweaver,6,4,2
16014,Bigs,duskwood,384,monk,mistweaver,6,4,2
16015,Teddybéar,illidan,384,monk,mistweaver,6,4,2
16016,Monkatron,arthas,384,monk,mistweaver,6,4,2
16017,Balduglybaby,tichondrius,384,monk,mistweaver,6,4,2
16018,Sekushî,kelthuzad,384,monk,mistweaver,6,4,2
16019,Nakiki,cenarion-circle,384,monk,mistweaver,6,4,2
16020,Kharazina,azralon,384,monk,mistweaver,6,4,2
16021,Tinyboots,area-52,384,monk,mistweaver,6,4,2
16022,Jâzze,zuljin,384,monk,mistweaver,6,4,2
16023,Lyla,aegwynn,384,monk,mistweaver,6,4,2
16024,Nipfuu,maelstrom,384,monk,mistweaver,6,4,2
16025,Crentist,mannoroth,384,monk,mistweaver,6,4,2
16026,Danie,nerzhul,384,monk,mistweaver,6,4,2
16027,Lingerer,aerie-peak,384,monk,mistweaver,6,4,2
16028,Kokochiggy,tichondrius,384,monk,mistweaver,6,4,2
16029,Shakeweightt,blackrock,384,monk,mistweaver,6,4,2
16030,Mightbewôrth,thunderhorn,384,monk,mistweaver,6,4,2
16031,Dude,tichondrius,384,monk,mistweaver,6,4,2
16032,Globalmonk,emerald-dream,384,monk,mistweaver,6,4,2
16033,Kobuya,tichondrius,384,monk,mistweaver,6,4,2
16034,Rizzjutsu,stormrage,384,monk,mistweaver,6,4,2
16035,Ufs,illidan,384,monk,mistweaver,6,4,2
16036,Jellobag,frostmane,384,monk,mistweaver,6,4,2
16037,Blpkosher,tichondrius,384,monk,mistweaver,6,4,2
16038,Justamönk,moon-guard,384,monk,mistweaver,6,4,2
16039,Miley,lethon,384,monk,mistweaver,6,4,2
16040,Dontchattome,sargeras,384,monk,mistweaver,6,4,2
16041,Freeoni,sargeras,384,monk,mistweaver,6,4,2
16042,Brewtillis,tichondrius,384,monk,mistweaver,6,4,2
16043,Jmonks,stormrage,384,monk,mistweaver,6,4,2
16044,Srgtbingo,azgalor,384,monk,mistweaver,6,4,2
16045,Brantkicks,tichondrius,384,monk,mistweaver,6,4,2
16046,Keepcryin,gorefiend,384,monk,mistweaver,6,4,2
16047,Howziexd,tichondrius,384,monk,mistweaver,6,4,2
16048,Nezkabad,frostmourne,384,monk,mistweaver,6,4,2
16049,Macrobrewski,tichondrius,384,monk,mistweaver,6,4,2
16050,Mêlon,tichondrius,384,monk,mistweaver,6,4,2
16051,Mizzycash,malganis,384,monk,mistweaver,12,4,8
16052,Áasuna,ragnaros,384,monk,mistweaver,12,4,8
16053,Hirado,kelthuzad,384,monk,mistweaver,12,4,8
16054,Eqoy,moon-guard,384,monk,mistweaver,12,4,8
16055,Zkingmonk,stormrage,384,monk,mistweaver,12,4,8
16056,Nicolascåge,destromath,384,monk,mistweaver,12,4,8
16057,Jimbojenkins,bleeding-hollow,384,monk,mistweaver,12,4,8
16058,Pax,boulderfist,384,monk,mistweaver,12,4,8
16059,Nutbag,norgannon,384,monk,mistweaver,12,4,8
16060,Valkana,kelthuzad,384,monk,mistweaver,12,4,8
16061,Mockz,dentarg,384,monk,mistweaver,12,4,8
16062,Pandàmonium,frostmourne,384,monk,mistweaver,12,4,8
16063,Samzo,barthilas,384,monk,mistweaver,12,4,8
16064,Zënløvë,tichondrius,384,monk,mistweaver,12,4,8
16065,Macktickle,zuljin,384,monk,mistweaver,12,4,8
16066,Darylphilbin,emerald-dream,384,monk,mistweaver,12,4,8
16067,Shredmw,tichondrius,384,monk,mistweaver,12,4,8
16068,Windwalken,sargeras,384,monk,mistweaver,12,4,8
16069,Darkeiji,stormrage,384,monk,mistweaver,12,4,8
16070,Crakgirl,malganis,384,monk,mistweaver,12,4,8
16071,Hoyocochino,quelthalas,384,monk,mistweaver,12,4,8
16072,Sim,frostmourne,384,monk,mistweaver,12,4,8
16073,Jincíe,area-52,384,monk,mistweaver,12,4,8
16074,Sprinkli,sargeras,384,monk,mistweaver,12,4,8
16075,Iamapotato,tichondrius,384,monk,mistweaver,18,4,14
16076,Åvå,emerald-dream,384,monk,mistweaver,18,4,14
16077,Ragepalm,aegwynn,383,monk,mistweaver,6,4,2
16078,Ghostmk,nagrand,383,monk,mistweaver,12,4,8
16079,Zyemell,tichondrius,383,monk,mistweaver,12,4,8
16080,Esleif,moonrunner,383,monk,mistweaver,12,4,8
16081,Jigong,bleeding-hollow,383,monk,mistweaver,12,4,8
16082,Izgoku,frostmane,383,monk,mistweaver,18,4,14
16083,Rollbot,kelthuzad,382,monk,mistweaver,6,4,2
16084,Metalmønk,nerzhul,360,monk,mistweaver,13,7,6
16085,Sáble,stormrage,351,monk,mistweaver,11,4,7
16086,Bakus,tichondrius,336,monk,mistweaver,11,5,6
16087,Varlena,wyrmrest-accord,330,monk,mistweaver,10,5,5
16088,ßiggiesmallz,barthilas,330,monk,mistweaver,12,5,7
16089,Kimchidelite,gorefiend,319,monk,mistweaver,5,4,1
16090,Fiztingfaded,area-52,319,monk,mistweaver,11,4,7
16091,Whatdaheal,darkspear,313,monk,mistweaver,26,5,21
16092,Roskoh,area-52,303,monk,mistweaver,13,4,9
16093,Drkeen,frostmourne,288,monk,mistweaver,10,5,5
16094,Lindraice,illidan,288,monk,mistweaver,6,3,3
16095,Mccoy,quelthalas,288,monk,mistweaver,6,3,3
16096,Hundski,bleeding-hollow,288,monk,mistweaver,6,3,3
16097,Chingu,ragnaros,288,monk,mistweaver,6,3,3
16098,Fistin,laughing-skull,288,monk,mistweaver,6,3,3
16099,Karaka,ysera,288,monk,mistweaver,6,3,3
16100,Cädemaddöx,stormrage,288,monk,mistweaver,6,3,3
16101,Voguex,area-52,288,monk,mistweaver,6,3,3
16102,Xavelha,tichondrius,288,monk,mistweaver,6,3,3
16103,Notcheez,area-52,288,monk,mistweaver,6,3,3
16104,Loppjr,tichondrius,288,monk,mistweaver,6,3,3
16105,Feelsogöod,tichondrius,288,monk,mistweaver,6,3,3
16106,Alianli,tichondrius,288,monk,mistweaver,6,3,3
16107,Imisswodxo,illidan,288,monk,mistweaver,6,3,3
16108,Stigzz,stormrage,288,monk,mistweaver,6,3,3
16109,Vidrus,gorefiend,288,monk,mistweaver,6,3,3
16110,Spacoli,stormrage,288,monk,mistweaver,6,3,3
16111,Zzizzi,tichondrius,288,monk,mistweaver,6,3,3
16112,Greenteafrãp,bleeding-hollow,288,monk,mistweaver,6,3,3
16113,Pisswalker,area-52,288,monk,mistweaver,6,3,3
16114,Lawroadp,tichondrius,288,monk,mistweaver,6,3,3
16115,Lemeta,tichondrius,288,monk,mistweaver,6,3,3
16116,Saeloon,frostmourne,288,monk,mistweaver,6,3,3
16117,Fammi,stormrage,288,monk,mistweaver,6,3,3
16118,Aphrodîîte,area-52,288,monk,mistweaver,6,3,3
16119,Ighostgirls,thrall,288,monk,mistweaver,6,3,3
16120,Teclas,ragnaros,288,monk,mistweaver,6,3,3
16121,Növa,alterac-mountains,288,monk,mistweaver,6,3,3
16122,Austaar,frostmourne,288,monk,mistweaver,6,3,3
16123,Maripaulita,ragnaros,288,monk,mistweaver,6,3,3
16124,Lundch,tichondrius,288,monk,mistweaver,6,3,3
16125,Streetcreds,bleeding-hollow,288,monk,mistweaver,6,3,3
16126,Maybeyooshi,kelthuzad,288,monk,mistweaver,6,3,3
16127,Fysicalx,zuljin,288,monk,mistweaver,6,3,3
16128,Graoul,thaurissan,288,monk,mistweaver,6,3,3
16129,Ðreadhot,malganis,288,monk,mistweaver,6,3,3
16130,Bosschops,illidan,288,monk,mistweaver,6,3,3
16131,Gguldduck,tichondrius,288,monk,mistweaver,6,3,3
16132,Stunnedheals,arthas,288,monk,mistweaver,6,3,3
16133,Mauvem,tichondrius,288,monk,mistweaver,6,3,3
16134,Billycobham,tichondrius,288,monk,mistweaver,6,3,3
16135,Zeelos,kelthuzad,288,monk,mistweaver,6,3,3
16136,Fistër,area-52,288,monk,mistweaver,6,3,3
16137,Galeindra,whisperwind,288,monk,mistweaver,6,3,3
16138,Giggacuck,frostmourne,288,monk,mistweaver,6,3,3
16139,Rzeznik,boulderfist,288,monk,mistweaver,6,3,3
16140,Möösê,moon-guard,288,monk,mistweaver,6,3,3
16141,Fìst,hyjal,288,monk,mistweaver,6,3,3
16142,Hogarg,emerald-dream,288,monk,mistweaver,6,3,3
16143,Brosiedon,sargeras,288,monk,mistweaver,6,3,3
16144,Miýagi,sargeras,288,monk,mistweaver,6,3,3
16145,Ase,frostwolf,288,monk,mistweaver,6,3,3
16146,Jlowbob,tichondrius,288,monk,mistweaver,6,3,3
16147,Zaçh,frostmane,288,monk,mistweaver,6,3,3
16148,Spiritmist,sargeras,288,monk,mistweaver,6,3,3
16149,Abevx,bonechewer,288,monk,mistweaver,6,3,3
16150,Tambher,lightbringer,288,monk,mistweaver,6,3,3
16151,Jbonk,hyjal,288,monk,mistweaver,6,3,3
16152,Droppinfast,sargeras,288,monk,mistweaver,6,3,3
16153,Saltyone,firetree,288,monk,mistweaver,6,3,3
16154,Quartztiger,sargeras,288,monk,mistweaver,6,3,3
16155,Fitofryfitof,aegwynn,288,monk,mistweaver,6,3,3
16156,Sterow,kiljaeden,288,monk,mistweaver,6,3,3
16157,Grogio,wyrmrest-accord,288,monk,mistweaver,6,3,3
16158,Ryukenshin,proudmoore,288,monk,mistweaver,6,3,3
16159,Kúrios,azralon,288,monk,mistweaver,10,3,7
16160,Selfîe,ysera,288,monk,mistweaver,12,3,9
16161,Mwtouch,nemesis,288,monk,mistweaver,12,3,9
16162,Wizcaulifa,stormrage,288,monk,mistweaver,12,3,9
16163,Absolutvodca,nemesis,288,monk,mistweaver,12,3,9
16164,Wørm,emerald-dream,288,monk,mistweaver,12,3,9
16165,Vchii,tichondrius,288,monk,mistweaver,12,3,9
16166,Chilliweaver,frostmourne,288,monk,mistweaver,12,3,9
16167,Korvishka,malganis,288,monk,mistweaver,12,3,9
16168,Starskreem,tichondrius,287,monk,mistweaver,6,3,3
16169,Deyseddia,azgalor,287,monk,mistweaver,6,3,3
16170,Alanimistw,khadgar,287,monk,mistweaver,6,3,3
16171,Madmoose,smolderthorn,287,monk,mistweaver,6,3,3
16172,Holandri,moon-guard,287,monk,mistweaver,6,3,3
16173,Rosinhood,illidan,287,monk,mistweaver,6,3,3
16174,Gatsbi,arthas,287,monk,mistweaver,6,3,3
16175,Fistidmi,area-52,287,monk,mistweaver,11,4,7
16176,Shlumpuh,tichondrius,287,monk,mistweaver,16,4,12
16177,Lilpielover,zuljin,286,monk,mistweaver,15,4,11
16178,Karkata,sargeras,284,monk,mistweaver,18,3,15
16179,Hinudhera,barthilas,274,monk,mistweaver,25,6,19
16180,Lildae,burning-legion,256,monk,mistweaver,4,4,0
16181,Excitable,moon-guard,234,monk,mistweaver,8,4,4
16182,Zeisei,wyrmrest-accord,234,monk,mistweaver,10,4,6
16183,Friedpanda,kelthuzad,234,monk,mistweaver,16,4,12
16184,Hunchojack,undermine,192,monk,mistweaver,4,3,1
16185,Fortnight,emerald-dream,192,monk,mistweaver,6,2,4
16186,Zåz,nazgrel,192,monk,mistweaver,6,2,4
16187,Wamii,tichondrius,192,monk,mistweaver,6,2,4
16188,Barlyfe,tichondrius,192,monk,mistweaver,6,2,4
16189,Drfistyfingr,malganis,192,monk,mistweaver,6,2,4
16190,Quitschi,tichondrius,192,monk,mistweaver,6,2,4
16191,Inalambrico,quelthalas,192,monk,mistweaver,6,2,4
16192,Hitchslapz,tichondrius,192,monk,mistweaver,6,2,4
16193,Mistbeard,aggramar,192,monk,mistweaver,6,2,4
16194,Lilknucks,bonechewer,192,monk,mistweaver,6,2,4
16195,Tarae,nagrand,192,monk,mistweaver,6,2,4
16196,Fistorcstar,daggerspine,192,monk,mistweaver,6,2,4
16197,Fïstbeaver,malganis,192,monk,mistweaver,6,2,4
16198,Hymasterlol,tichondrius,192,monk,mistweaver,6,2,4
16199,Apparent,lightnings-blade,192,monk,mistweaver,6,2,4
16200,Silkymoves,tichondrius,192,monk,mistweaver,6,2,4
16201,Aquamonk,tichondrius,192,monk,mistweaver,6,2,4
16202,Pumpsx,area-52,192,monk,mistweaver,6,2,4
16203,Selocke,bleeding-hollow,192,monk,mistweaver,6,2,4
16204,Zengoku,zuljin,192,monk,mistweaver,6,2,4
16205,Iililiililil,stormrage,192,monk,mistweaver,6,2,4
16206,Fäded,trollbane,192,monk,mistweaver,6,2,4
16207,Privm,moonrunner,192,monk,mistweaver,6,2,4
16208,Jayjaybrew,area-52,192,monk,mistweaver,6,2,4
16209,Rubntug,zuljin,192,monk,mistweaver,6,2,4
16210,Sebasu,perenolde,192,monk,mistweaver,6,2,4
16211,Chaihard,sargeras,192,monk,mistweaver,6,2,4
16212,Caralia,exodar,192,monk,mistweaver,6,2,4
16213,Foxmacleod,bleeding-hollow,192,monk,mistweaver,6,2,4
16214,Ashenn,area-52,192,monk,mistweaver,6,2,4
16215,Jaybum,sargeras,192,monk,mistweaver,6,2,4
16216,Odradek,thunderlord,192,monk,mistweaver,6,2,4
16217,Hugerichard,wyrmrest-accord,192,monk,mistweaver,6,2,4
16218,Xanzee,area-52,192,monk,mistweaver,6,2,4
16219,Skadouch,wyrmrest-accord,192,monk,mistweaver,6,2,4
16220,Flagreturned,illidan,192,monk,mistweaver,6,2,4
16221,Bodyshot,area-52,192,monk,mistweaver,6,2,4
16222,Jittersx,silvermoon,192,monk,mistweaver,6,2,4
16223,Melocotonn,goldrinn,192,monk,mistweaver,6,2,4
16224,Taipanni,sargeras,192,monk,mistweaver,6,2,4
16225,Nilonsso,sargeras,192,monk,mistweaver,6,2,4
16226,Theriní,stormrage,192,monk,mistweaver,6,2,4
16227,Streetjezus,bloodhoof,192,monk,mistweaver,6,2,4
16228,Acena,stormrage,192,monk,mistweaver,6,2,4
16229,Fumoo,sargeras,192,monk,mistweaver,6,2,4
16230,Tigerlust,sargeras,192,monk,mistweaver,6,2,4
16231,Onepunch,exodar,192,monk,mistweaver,7,2,5
16232,Coffeek,area-52,192,monk,mistweaver,8,2,6
16233,Glowsgreenby,area-52,192,monk,mistweaver,8,2,6
16234,Ðetroitsmash,sargeras,192,monk,mistweaver,12,2,10
16235,Bubblekit,nerzhul,192,monk,mistweaver,12,2,10
16236,Tacoma,sargeras,192,monk,mistweaver,12,2,10
16237,Sanytea,sargeras,192,monk,mistweaver,12,2,10
16238,Monkik,laughing-skull,192,monk,mistweaver,12,2,10
16239,Hellcow,frostmourne,192,monk,mistweaver,12,2,10
16240,Tragictea,zuljin,192,monk,mistweaver,12,2,10
16241,Whynotec,tichondrius,192,monk,mistweaver,12,2,10
16242,Kick,dragonmaw,192,monk,mistweaver,12,2,10
16243,Missmagda,darkspear,192,monk,mistweaver,12,2,10
16244,Mung,boulderfist,192,monk,mistweaver,12,2,10
16245,Fatde,daggerspine,192,monk,mistweaver,18,2,16
16246,Senzmist,lightbringer,191,monk,mistweaver,6,2,4
16247,Realisthands,barthilas,191,monk,mistweaver,6,2,4
16248,Honestworkz,area-52,191,monk,mistweaver,6,2,4
16249,Jeme,tichondrius,191,monk,mistweaver,6,2,4
16250,Rorik,deathwing,191,monk,mistweaver,12,2,10
16251,Phystweaver,malganis,175,monk,mistweaver,11,2,9
16252,Hyugga,azralon,159,monk,mistweaver,5,2,3
16253,Craziediemon,malganis,138,monk,mistweaver,8,3,5
16254,Fijiwater,stormrage,138,monk,mistweaver,9,3,6
16255,ßøøstêðçhåñ,illidan,138,monk,mistweaver,9,3,6
16256,Matsakaicin,azralon,138,monk,mistweaver,10,3,7
16257,Doomstroller,aegwynn,138,monk,mistweaver,11,3,8
16258,Vyostao,ragnaros,138,monk,mistweaver,11,3,8
16259,Averagéjoe,tichondrius,127,monk,mistweaver,8,2,6
16260,Figurines,sargeras,112,monk,mistweaver,7,2,5
16261,Findorato,windrunner,96,monk,mistweaver,6,1,5
16262,Monkuxe,zuljin,96,monk,mistweaver,6,1,5
16263,Kenvuki,emerald-dream,96,monk,mistweaver,6,1,5
16264,Stinx,ragnaros,96,monk,mistweaver,6,1,5
16265,Kungfucheeks,illidan,96,monk,mistweaver,6,1,5
16266,Ünarù,area-52,96,monk,mistweaver,6,1,5
16267,Raylá,kelthuzad,96,monk,mistweaver,6,1,5
16268,Charrek,zuljin,96,monk,mistweaver,6,1,5
16269,Kiawe,zuljin,96,monk,mistweaver,6,1,5
16270,Onegai,illidan,96,monk,mistweaver,6,1,5
16271,Notthefather,area-52,96,monk,mistweaver,6,1,5
16272,Farmerstan,sargeras,96,monk,mistweaver,6,1,5
16273,Fatboyswag,tichondrius,96,monk,mistweaver,6,1,5
16274,Danicah,altar-of-storms,96,monk,mistweaver,6,1,5
16275,Stickyloads,illidan,96,monk,mistweaver,6,1,5
16276,Froggie,illidan,96,monk,mistweaver,6,1,5
16277,Samaera,uther,96,monk,mistweaver,6,1,5
16278,Ruion,moon-guard,96,monk,mistweaver,6,1,5
16279,Squidbillie,moon-guard,96,monk,mistweaver,6,1,5
16280,Shrimptown,dalaran,96,monk,mistweaver,6,1,5
16281,Kayakpunch,moon-guard,96,monk,mistweaver,6,1,5
16282,Frankènmonk,illidan,96,monk,mistweaver,6,1,5
16283,Lainerya,moon-guard,96,monk,mistweaver,6,1,5
16284,Ezpzmonk,bloodscalp,96,monk,mistweaver,6,1,5
16285,Naveex,bleeding-hollow,96,monk,mistweaver,6,1,5
16286,Turkeydinner,frostmourne,96,monk,mistweaver,6,1,5
16287,Súprä,stormrage,96,monk,mistweaver,6,1,5
16288,Ogmonk,skullcrusher,96,monk,mistweaver,6,1,5
16289,Kimmyfists,tichondrius,96,monk,mistweaver,6,1,5
16290,Zrza,tichondrius,96,monk,mistweaver,6,1,5
16291,Lomist,nazjatar,96,monk,mistweaver,6,1,5
16292,Brewtalìty,tichondrius,96,monk,mistweaver,6,1,5
16293,Dankestkhan,korialstrasz,96,monk,mistweaver,6,1,5
16294,Ghostsofur,tichondrius,96,monk,mistweaver,12,1,11
16295,Eliwenn,ragnaros,96,monk,mistweaver,12,1,11
16296,Selectra,malfurion,95,monk,mistweaver,6,1,5
16297,Sputnîk,nemesis,84,monk,mistweaver,16,6,10
16298,Fairymonk,frostwolf,79,monk,mistweaver,5,1,4
16299,Braindi,arathor,79,monk,mistweaver,5,1,4
16300,Clixstermonk,area-52,79,monk,mistweaver,5,1,4
16301,Majinyooshi,kelthuzad,64,monk,mistweaver,4,1,3
16302,Thalreyzian,vashj,64,monk,mistweaver,4,1,3
16303,Deethnutth,bleeding-hollow,63,monk,mistweaver,2,2,0
16304,Sivedrafely,arthas,42,monk,mistweaver,17,2,15
16305,Epucphail,kelthuzad,1219,monk,brewmaster,42,15,27
16306,Omgar,frostmourne,1046,monk,brewmaster,44,17,27
16307,Worldpvp,nerzhul,767,monk,brewmaster,27,9,18
16308,Daesun,quelthalas,672,monk,brewmaster,12,7,5
16309,Robbo,tichondrius,288,monk,brewmaster,6,3,3
16310,Quaria,moon-guard,288,monk,brewmaster,18,3,15
16311,Drunkfight,zuljin,192,monk,brewmaster,18,2,16
16312,Encry,zuljin,191,monk,brewmaster,6,2,4
16313,Ferrarí,quelthalas,79,monk,brewmaster,11,1,10
16314,Neighbors,sargeras,2265,monk,windwalker,103,58,45
16315,Keyam,illidan,2208,monk,windwalker,101,54,47
16316,Iminglee,area-52,2178,monk,windwalker,88,46,42
16317,Sean,nazjatar,2143,monk,windwalker,72,38,34
16318,Senseiww,sargeras,2143,monk,windwalker,126,64,62
16319,Thewy,tichondrius,2132,monk,windwalker,108,55,53
16320,Rickybobbyx,vashj,2129,monk,windwalker,96,50,46
16321,Droguex,tichondrius,2128,monk,windwalker,222,111,111
16322,Cmx,sargeras,2125,monk,windwalker,172,88,84
16323,Riversøng,frostmourne,2115,monk,windwalker,84,46,38
16324,Flattsww,tichondrius,2111,monk,windwalker,274,140,134
16325,Stárset,illidan,2104,monk,windwalker,96,54,42
16326,Iílílílílílí,area-52,2101,monk,windwalker,84,43,41
16327,Fatal,bonechewer,2059,monk,windwalker,118,65,53
16328,Pacmankr,tichondrius,2016,monk,windwalker,105,52,53
16329,Blackpandax,tichondrius,2008,monk,windwalker,107,55,52
16330,Fueld,burning-legion,2000,monk,windwalker,246,125,121
16331,Larryjonés,area-52,1992,monk,windwalker,120,59,61
16332,Lodbork,tichondrius,1974,monk,windwalker,341,178,163
16333,Fínzy,ragnaros,1964,monk,windwalker,54,30,24
16334,Touchofdeáth,stormrage,1963,monk,windwalker,125,69,56
16335,Conngaline,stormreaver,1963,monk,windwalker,227,112,115
16336,Cuteirl,tichondrius,1958,monk,windwalker,42,32,10
16337,Threnody,malganis,1957,monk,windwalker,76,39,37
16338,Nehji,illidan,1956,monk,windwalker,57,31,26
16339,Bdw,tichondrius,1955,monk,windwalker,130,78,52
16340,Hypnøtìze,frostmourne,1953,monk,windwalker,107,56,51
16341,Yerky,stormrage,1951,monk,windwalker,60,32,28
16342,Vybïn,tichondrius,1951,monk,windwalker,181,94,87
16343,Liamllama,barthilas,1945,monk,windwalker,80,41,39
16344,Spotifyfan,ysera,1944,monk,windwalker,147,80,67
16345,Jaxvisto,dalaran,1940,monk,windwalker,95,51,44
16346,Mikephoenix,tichondrius,1934,monk,windwalker,36,23,13
16347,Repbrew,sargeras,1934,monk,windwalker,81,40,41
16348,Madtiger,scilla,1933,monk,windwalker,78,38,40
16349,Wondý,quelthalas,1931,monk,windwalker,173,86,87
16350,Chyx,tichondrius,1931,monk,windwalker,64,30,34
16351,Frootsmoothi,thrall,1929,monk,windwalker,77,38,39
16352,Weathermanxv,kelthuzad,1927,monk,windwalker,105,48,57
16353,Wwlékinhø,azralon,1924,monk,windwalker,54,33,21
16354,Rytes,moon-guard,1908,monk,windwalker,147,74,73
16355,Bigherosixx,tichondrius,1907,monk,windwalker,60,34,26
16356,Dzq,stormrage,1906,monk,windwalker,87,48,39
16357,Chopt,zuljin,1895,monk,windwalker,72,33,39
16358,Serthean,illidan,1891,monk,windwalker,152,77,75
16359,Maozhën,tichondrius,1882,monk,windwalker,60,31,29
16360,Shïvïr,azralon,1877,monk,windwalker,131,66,65
16361,Helvectius,tichondrius,1874,monk,windwalker,150,70,80
16362,Catgallery,tichondrius,1872,monk,windwalker,173,82,91
16363,Artam,thrall,1859,monk,windwalker,65,40,25
16364,Torkscrew,bleeding-hollow,1850,monk,windwalker,36,21,15
16365,Fátë,tichondrius,1848,monk,windwalker,84,37,47
16366,Guylian,tichondrius,1845,monk,windwalker,58,30,28
16367,Tschi,illidan,1844,monk,windwalker,42,29,13
16368,Crashandflow,zuljin,1844,monk,windwalker,48,25,23
16369,Smokechief,hyjal,1841,monk,windwalker,48,27,21
16370,Omnly,stormrage,1841,monk,windwalker,50,26,24
16371,Baddi,uldum,1841,monk,windwalker,94,46,48
16372,Allmight,wyrmrest-accord,1839,monk,windwalker,105,58,47
16373,Kuranchi,sargeras,1836,monk,windwalker,42,23,19
16374,Sunfistway,sargeras,1835,monk,windwalker,80,48,32
16375,Judo,agamaggan,1827,monk,windwalker,57,25,32
16376,Lopez,sargeras,1825,monk,windwalker,54,35,19
16377,Edenx,sargeras,1825,monk,windwalker,42,23,19
16378,Xanaxåddict,sargeras,1823,monk,windwalker,128,66,62
16379,Nelariah,wyrmrest-accord,1822,monk,windwalker,59,28,31
16380,Sentomaru,bleeding-hollow,1820,monk,windwalker,66,33,33
16381,Brewceo,area-52,1817,monk,windwalker,60,32,28
16382,Turbofist,bleeding-hollow,1803,monk,windwalker,42,25,17
16383,Muhli,kiljaeden,1800,monk,windwalker,42,22,20
16384,Screwz,tichondrius,1797,monk,windwalker,56,28,28
16385,Homun,tichondrius,1794,monk,windwalker,59,28,31
16386,Inbu,tichondrius,1790,monk,windwalker,81,35,46
16387,Gigached,zuljin,1787,monk,windwalker,57,27,30
16388,Alps,darkspear,1780,monk,windwalker,48,24,24
16389,Rockyßalboa,sargeras,1774,monk,windwalker,85,50,35
16390,Monkatron,arthas,1770,monk,windwalker,77,38,39
16391,Yuujitsu,sargeras,1768,monk,windwalker,96,48,48
16392,Primez,frostmourne,1763,monk,windwalker,41,22,19
16393,Haharetsdead,illidan,1758,monk,windwalker,125,71,54
16394,Jükedx,stormrage,1756,monk,windwalker,85,52,33
16395,Jåðëðrägøñ,sargeras,1745,monk,windwalker,61,36,25
16396,Kagebunshin,kelthuzad,1744,monk,windwalker,42,25,17
16397,Bruceteå,area-52,1744,monk,windwalker,36,19,17
16398,Zynflex,tichondrius,1743,monk,windwalker,59,27,32
16399,Zenluckydo,grizzly-hills,1740,monk,windwalker,65,39,26
16400,Lker,sargeras,1740,monk,windwalker,60,31,29
16401,Pandagirlw,tichondrius,1735,monk,windwalker,72,43,29
16402,Ambal,hellscream,1734,monk,windwalker,55,32,23
16403,Kárma,malganis,1731,monk,windwalker,42,24,18
16404,Robbo,tichondrius,1730,monk,windwalker,54,25,29
16405,Jasey,area-52,1729,monk,windwalker,29,21,8
16406,Mechamonk,aerie-peak,1728,monk,windwalker,105,46,59
16407,Percentx,tichondrius,1722,monk,windwalker,36,18,18
16408,Khawai,sargeras,1720,monk,windwalker,36,23,13
16409,Boostedww,bloodscalp,1720,monk,windwalker,48,25,23
16410,Takkeya,zuljin,1713,monk,windwalker,42,25,17
16411,Marçi,moon-guard,1713,monk,windwalker,36,21,15
16412,Tenooki,illidan,1707,monk,windwalker,41,19,22
16413,Tippytap,bleeding-hollow,1707,monk,windwalker,54,23,31
16414,Windmónk,tichondrius,1705,monk,windwalker,89,44,45
16415,Monkgyatso,drakthul,1704,monk,windwalker,72,37,35
16416,Titanus,chogall,1702,monk,windwalker,301,156,145
16417,Wolffangfist,sargeras,1695,monk,windwalker,69,42,27
16418,Napbox,bleeding-hollow,1694,monk,windwalker,92,44,48
16419,Furiamvp,stormrage,1693,monk,windwalker,42,23,19
16420,Unhappyclown,tichondrius,1692,monk,windwalker,59,34,25
16421,Sínsayer,tichondrius,1691,monk,windwalker,42,20,22
16422,Jümmy,area-52,1690,monk,windwalker,36,18,18
16423,Pankekz,tichondrius,1689,monk,windwalker,90,48,42
16424,Maomaogun,tichondrius,1687,monk,windwalker,30,23,7
16425,Bamron,fizzcrank,1686,monk,windwalker,101,52,49
16426,Shids,barthilas,1686,monk,windwalker,47,22,25
16427,Vanmonk,eonar,1681,monk,windwalker,36,18,18
16428,Zhoku,tichondrius,1674,monk,windwalker,30,19,11
16429,Tôpsônworld,tichondrius,1671,monk,windwalker,60,35,25
16430,Zenigma,area-52,1670,monk,windwalker,45,24,21
16431,Dea,thrall,1670,monk,windwalker,84,43,41
16432,Rakije,barthilas,1669,monk,windwalker,66,40,26
16433,Bigpoppap,tichondrius,1668,monk,windwalker,54,29,25
16434,Hèllòkîttý,illidan,1666,monk,windwalker,30,19,11
16435,Hæt,stormrage,1665,monk,windwalker,48,23,25
16436,Züdo,area-52,1663,monk,windwalker,51,22,29
16437,Rigi,stormrage,1661,monk,windwalker,95,43,52
16438,Lhiri,moon-guard,1661,monk,windwalker,42,19,23
16439,Hotwatertank,area-52,1658,monk,windwalker,48,29,19
16440,Adamthemonk,proudmoore,1654,monk,windwalker,39,26,13
16441,Dumplíngs,emerald-dream,1647,monk,windwalker,59,27,32
16442,Snebyos,tichondrius,1646,monk,windwalker,42,25,17
16443,Lahri,silvermoon,1646,monk,windwalker,50,27,23
16444,Mists,velen,1645,monk,windwalker,54,31,23
16445,Oxli,emerald-dream,1645,monk,windwalker,46,26,20
16446,Karmerr,proudmoore,1645,monk,windwalker,48,23,25
16447,Ludanford,eitrigg,1643,monk,windwalker,42,22,20
16448,Mastâ,kelthuzad,1642,monk,windwalker,78,41,37
16449,Foxchik,zuljin,1641,monk,windwalker,76,42,34
16450,Capiirotta,nemesis,1639,monk,windwalker,80,48,32
16451,Galaxystrike,illidan,1638,monk,windwalker,36,20,16
16452,Hagano,drakkari,1637,monk,windwalker,77,44,33
16453,Senritsuh,drakkari,1625,monk,windwalker,40,18,22
16454,Tnsnow,illidan,1623,monk,windwalker,36,21,15
16455,Fistyuh,illidan,1621,monk,windwalker,30,20,10
16456,Fuqmeh,darkspear,1621,monk,windwalker,84,42,42
16457,Jigong,bleeding-hollow,1620,monk,windwalker,42,23,19
16458,Karelio,wyrmrest-accord,1619,monk,windwalker,48,22,26
16459,Aidenww,area-52,1618,monk,windwalker,24,17,7
16460,Jbills,muradin,1617,monk,windwalker,53,32,21
16461,Jerax,thunderlord,1617,monk,windwalker,97,55,42
16462,Corsan,illidan,1616,monk,windwalker,42,30,12
16463,Hadoukeñ,thrall,1616,monk,windwalker,41,22,19
16464,Euman,sargeras,1613,monk,windwalker,36,21,15
16465,Shaszx,zuljin,1613,monk,windwalker,41,22,19
16466,Themanski,area-52,1612,monk,windwalker,46,24,22
16467,Xradu,dawnbringer,1611,monk,windwalker,66,41,25
16468,Syerzie,dalaran,1611,monk,windwalker,51,22,29
16469,Fistnu,aggramar,1608,monk,windwalker,83,49,34
16470,Flyingfury,illidan,1604,monk,windwalker,54,25,29
16471,Bruhmesoftly,thrall,1601,monk,windwalker,60,34,26
16472,Pepeloser,illidan,1601,monk,windwalker,48,23,25
16473,Ronk,the-forgotten-coast,1600,monk,windwalker,30,17,13
16474,Dirtypunch,proudmoore,1598,monk,windwalker,42,19,23
16475,Windwalker,blackhand,1597,monk,windwalker,35,19,16
16476,Lingerer,aerie-peak,1593,monk,windwalker,110,57,53
16477,Marcusm,bleeding-hollow,1592,monk,windwalker,33,20,13
16478,Surgarush,moon-guard,1592,monk,windwalker,106,64,42
16479,Druta,illidan,1589,monk,windwalker,42,32,10
16480,Reprap,elune,1582,monk,windwalker,58,33,25
16481,Kogoli,frostwolf,1580,monk,windwalker,101,47,54
16482,Råii,sargeras,1579,monk,windwalker,30,20,10
16483,Wonderx,darkspear,1579,monk,windwalker,30,20,10
16484,Toyotatacoma,bleeding-hollow,1578,monk,windwalker,36,23,13
16485,Copenfist,black-dragonflight,1578,monk,windwalker,36,21,15
16486,Pokinpooters,stormrage,1578,monk,windwalker,108,56,52
16487,Pinot,dragonmaw,1572,monk,windwalker,42,17,25
16488,Meatwrap,mugthol,1566,monk,windwalker,52,26,26
16489,Unlike,tichondrius,1566,monk,windwalker,84,40,44
16490,Daddyrugburn,area-52,1558,monk,windwalker,36,20,16
16491,Sonsia,arthas,1554,monk,windwalker,82,47,35
16492,Bakedmonk,smolderthorn,1553,monk,windwalker,40,19,21
16493,Fistnafurry,tichondrius,1550,monk,windwalker,42,21,21
16494,Chucksandmk,barthilas,1548,monk,windwalker,54,25,29
16495,Therapeutics,moon-guard,1548,monk,windwalker,78,35,43
16496,Nagato,nemesis,1545,monk,windwalker,23,17,6
16497,Borekkar,emerald-dream,1544,monk,windwalker,41,22,19
16498,Chingu,ragnaros,1543,monk,windwalker,123,59,64
16499,Gøgeta,stormrage,1543,monk,windwalker,42,19,23
16500,Vai,korgath,1542,monk,windwalker,36,17,19
16501,Cpapi,sargeras,1540,monk,windwalker,54,24,30
16502,Odi,stonemaul,1535,monk,windwalker,89,42,47
16503,Çraßsßùrgêr,bonechewer,1533,monk,windwalker,24,16,8
16504,Mitras,dragonblight,1529,monk,windwalker,24,16,8
16505,Zaabuza,azralon,1528,monk,windwalker,60,39,21
16506,Fapmonk,illidan,1527,monk,windwalker,30,22,8
16507,Kómugi,area-52,1525,monk,windwalker,95,51,44
16508,Muritors,ragnaros,1523,monk,windwalker,36,17,19
16509,Byakugun,wyrmrest-accord,1522,monk,windwalker,36,21,15
16510,Naagg,tichondrius,1521,monk,windwalker,30,16,14
16511,Yoshifistsu,malganis,1521,monk,windwalker,54,26,28
16512,Odogin,tichondrius,1520,monk,windwalker,65,42,23
16513,Dïsturbedtko,azralon,1519,monk,windwalker,90,42,48
16514,Bløødÿ,ragnaros,1516,monk,windwalker,21,17,4
16515,Wartenja,frostmourne,1516,monk,windwalker,84,41,43
16516,Göllyjee,tichondrius,1516,monk,windwalker,72,30,42
16517,Healzpapi,tichondrius,1513,monk,windwalker,72,48,24
16518,Kutz,proudmoore,1512,monk,windwalker,75,37,38
16519,Sgarbossa,tortheldrin,1509,monk,windwalker,42,16,26
16520,Dabzin,stormrage,1508,monk,windwalker,79,41,38
16521,Arizøna,illidan,1507,monk,windwalker,80,44,36
16522,Hòlygòd,dalaran,1505,monk,windwalker,54,28,26
16523,Phukyu,moon-guard,1504,monk,windwalker,48,26,22
16524,Geekweek,frostmourne,1503,monk,windwalker,30,17,13
16525,Npepper,khadgar,1503,monk,windwalker,52,23,29
16526,Hím,garrosh,1500,monk,windwalker,49,28,21
16527,Banyasong,tichondrius,1497,monk,windwalker,36,21,15
16528,Ascilica,firetree,1495,monk,windwalker,24,16,8
16529,Kawasakii,tichondrius,1495,monk,windwalker,142,75,67
16530,Shishosenin,quelthalas,1495,monk,windwalker,152,72,80
16531,Harde,thrall,1492,monk,windwalker,65,29,36
16532,Varn,frostmourne,1488,monk,windwalker,74,35,39
16533,Simonb,tichondrius,1487,monk,windwalker,54,24,30
16534,Rockemsockem,gorefiend,1485,monk,windwalker,90,48,42
16535,Kiulang,kelthuzad,1483,monk,windwalker,93,44,49
16536,Brewbaker,hyjal,1480,monk,windwalker,38,21,17
16537,Broomooster,bleeding-hollow,1479,monk,windwalker,47,20,27
16538,Ökami,tichondrius,1473,monk,windwalker,48,24,24
16539,Daslow,quelthalas,1468,monk,windwalker,116,62,54
16540,Mastahp,tichondrius,1457,monk,windwalker,42,23,19
16541,Tigerstrikes,sargeras,1456,monk,windwalker,24,16,8
16542,Tyroneßanks,stormrage,1456,monk,windwalker,30,17,13
16543,Showshoway,tichondrius,1450,monk,windwalker,53,23,30
16544,Lickthefist,sargeras,1445,monk,windwalker,24,16,8
16545,Shôckley,tichondrius,1445,monk,windwalker,90,46,44
16546,Zionk,tichondrius,1443,monk,windwalker,42,29,13
16547,Ahrk,emerald-dream,1439,monk,windwalker,58,20,38
16548,Katsübooy,azralon,1437,monk,windwalker,221,113,108
16549,Lavinci,area-52,1437,monk,windwalker,30,15,15
16550,Jegann,tichondrius,1435,monk,windwalker,92,41,51
16551,Fistys,area-52,1433,monk,windwalker,117,60,57
16552,Heiwei,stormrage,1432,monk,windwalker,24,15,9
16553,Elfoverde,stormrage,1430,monk,windwalker,24,15,9
16554,Xuenws,tichondrius,1429,monk,windwalker,24,15,9
16555,Thåi,anubarak,1426,monk,windwalker,42,15,27
16556,Yamoshì,stormrage,1425,monk,windwalker,48,25,23
16557,Domiik,ragnaros,1421,monk,windwalker,30,15,15
16558,Kungxxl,kiljaeden,1419,monk,windwalker,62,33,29
16559,Wind,misha,1416,monk,windwalker,31,22,9
16560,Shlumpuh,tichondrius,1412,monk,windwalker,36,16,20
16561,Gesir,tichondrius,1408,monk,windwalker,30,15,15
16562,Bhodie,zuljin,1407,monk,windwalker,42,16,26
16563,Killmachine,farstriders,1393,monk,windwalker,93,44,49
16564,Milkychi,frostmourne,1392,monk,windwalker,40,15,25
16565,Resolver,stormscale,1385,monk,windwalker,40,23,17
16566,Backfliptime,ragnaros,1383,monk,windwalker,34,19,15
16567,Pepepunch,bleeding-hollow,1381,monk,windwalker,36,15,21
16568,Astrofu,tichondrius,1373,monk,windwalker,64,26,38
16569,Brewmaker,sargeras,1372,monk,windwalker,46,22,24
16570,Shianjuo,ragnaros,1372,monk,windwalker,42,20,22
16571,Tassmonk,hyjal,1367,monk,windwalker,36,17,19
16572,Ghaelessi,senjin,1366,monk,windwalker,71,40,31
16573,Daracus,kelthuzad,1364,monk,windwalker,26,18,8
16574,Bluntdoctor,stormreaver,1361,monk,windwalker,60,22,38
16575,Rïggen,thrall,1360,monk,windwalker,23,15,8
16576,Kriticalkush,kelthuzad,1353,monk,windwalker,24,17,7
16577,Owned,dreadmaul,1349,monk,windwalker,36,23,13
16578,Smoothboxing,tichondrius,1347,monk,windwalker,86,48,38
16579,Sultanofwind,malganis,1344,monk,windwalker,24,14,10
16580,Gún,ragnaros,1344,monk,windwalker,72,34,38
16581,Zuì,sargeras,1342,monk,windwalker,24,14,10
16582,Garmakasmonk,skullcrusher,1341,monk,windwalker,34,19,15
16583,Skymonge,stormrage,1339,monk,windwalker,74,33,41
16584,Pangpoong,tichondrius,1339,monk,windwalker,45,20,25
16585,Plucky,tichondrius,1337,monk,windwalker,32,14,18
16586,Trapeez,kelthuzad,1326,monk,windwalker,58,32,26
16587,Saltystepbro,illidan,1323,monk,windwalker,24,14,10
16588,Butjaum,stormrage,1313,monk,windwalker,40,16,24
16589,Acharä,tichondrius,1305,monk,windwalker,36,20,16
16590,Goonkeg,frostmourne,1304,monk,windwalker,30,14,16
16591,Napoleonic,vashj,1303,monk,windwalker,24,14,10
16592,Jacquelline,moon-guard,1294,monk,windwalker,36,19,17
16593,Dodried,ragnaros,1290,monk,windwalker,52,24,28
16594,Sleýin,tichondrius,1284,monk,windwalker,71,33,38
16595,Fanetö,stormrage,1283,monk,windwalker,48,15,33
16596,Sarious,lightbringer,1282,monk,windwalker,127,65,62
16597,Tacofox,tichondrius,1282,monk,windwalker,48,19,29
16598,Zettelkasten,tichondrius,1266,monk,windwalker,42,21,21
16599,Wutangkillaß,kiljaeden,1266,monk,windwalker,48,18,30
16600,Tino,kelthuzad,1265,monk,windwalker,60,31,29
16601,Weezzyboi,tichondrius,1263,monk,windwalker,42,22,20
16602,Anarska,thrall,1263,monk,windwalker,90,42,48
16603,Natus,greymane,1262,monk,windwalker,36,18,18
16604,Kungfüsed,stormrage,1260,monk,windwalker,24,14,10
16605,Supremekick,frostmourne,1254,monk,windwalker,39,25,14
16606,Opmother,elune,1252,monk,windwalker,35,19,16
16607,Dazzler,ragnaros,1250,monk,windwalker,36,15,21
16608,Hamyu,illidan,1247,monk,windwalker,30,15,15
16609,Prostotak,area-52,1246,monk,windwalker,18,13,5
16610,Zeati,tichondrius,1246,monk,windwalker,18,13,5
16611,Pamii,quelthalas,1246,monk,windwalker,36,13,23
16612,Båshkin,terenas,1245,monk,windwalker,42,19,23
16613,Xiaowën,nemesis,1244,monk,windwalker,43,19,24
16614,Bükki,ragnaros,1243,monk,windwalker,18,13,5
16615,Marstol,bleeding-hollow,1241,monk,windwalker,47,30,17
16616,Nightww,area-52,1241,monk,windwalker,24,13,11
16617,Fimeu,kiljaeden,1240,monk,windwalker,24,13,11
16618,Tianhu,sargeras,1239,monk,windwalker,30,15,15
16619,Screwballz,blackrock,1239,monk,windwalker,51,16,35
16620,Hinakii,dalaran,1230,monk,windwalker,103,44,59
16621,Yrn,crushridge,1229,monk,windwalker,42,21,21
16622,Ruckm,stormrage,1225,monk,windwalker,24,13,11
16623,Xøxo,trollbane,1220,monk,windwalker,24,13,11
16624,Stickyloads,illidan,1220,monk,windwalker,72,33,39
16625,Rufaso,sargeras,1207,monk,windwalker,36,16,20
16626,Gurda,wyrmrest-accord,1204,monk,windwalker,54,25,29
16627,Ofn,moon-guard,1202,monk,windwalker,96,45,51
16628,Xéia,area-52,1201,monk,windwalker,60,23,37
16629,Akanq,tichondrius,1194,monk,windwalker,27,13,14
16630,Ohgiddyttv,dalaran,1188,monk,windwalker,36,13,23
16631,Razielic,frostmourne,1185,monk,windwalker,42,17,25
16632,Sleepÿ,area-52,1171,monk,windwalker,84,34,50
16633,Milktank,medivh,1167,monk,windwalker,69,40,29
16634,Mommysalamii,moon-guard,1167,monk,windwalker,25,13,12
16635,Kandinarra,jubeithos,1156,monk,windwalker,52,28,24
16636,Leehofook,azshara,1154,monk,windwalker,60,27,33
16637,Linkya,daggerspine,1152,monk,windwalker,22,14,8
16638,Xedou,azralon,1151,monk,windwalker,18,12,6
16639,Micai,thrall,1151,monk,windwalker,18,12,6
16640,Soprà,zuljin,1151,monk,windwalker,24,12,12
16641,Xølik,draenor,1150,monk,windwalker,18,12,6
16642,Pikotaro,tichondrius,1150,monk,windwalker,24,12,12
16643,Miýagi,sargeras,1149,monk,windwalker,18,12,6
16644,Anavara,drakkari,1144,monk,windwalker,36,18,18
16645,Madbuffz,nemesis,1143,monk,windwalker,24,12,12
16646,Tenshu,runetotem,1141,monk,windwalker,24,12,12
16647,Delorenzi,hellscream,1137,monk,windwalker,24,12,12
16648,Moopdahoop,stormrage,1136,monk,windwalker,37,22,15
16649,Eavale,destromath,1135,monk,windwalker,24,12,12
16650,Kfpeeves,sargeras,1134,monk,windwalker,30,15,15
16651,Shinjiki,tichondrius,1134,monk,windwalker,29,12,17
16652,Sedition,emerald-dream,1133,monk,windwalker,24,12,12
16653,Highku,drenden,1129,monk,windwalker,18,12,6
16654,Boldyr,sargeras,1128,monk,windwalker,24,12,12
16655,Shinaniganz,chogall,1128,monk,windwalker,42,17,25
16656,Stigzz,stormrage,1118,monk,windwalker,23,12,11
16657,Jimothydab,lightbringer,1117,monk,windwalker,23,12,11
16658,Gorton,lightbringer,1114,monk,windwalker,24,12,12
16659,Imonkalot,destromath,1111,monk,windwalker,55,23,32
16660,Loadedfries,frostmourne,1110,monk,windwalker,24,12,12
16661,Fitmonje,drakkari,1108,monk,windwalker,28,13,15
16662,Phistea,area-52,1102,monk,windwalker,23,12,11
16663,Bonflur,quelthalas,1101,monk,windwalker,235,119,116
16664,Angerday,illidan,1097,monk,windwalker,30,12,18
16665,Jinpo,lightninghoof,1090,monk,windwalker,48,25,23
16666,Silvopanda,azralon,1089,monk,windwalker,71,34,37
16667,Deadlyfist,stormrage,1089,monk,windwalker,47,19,28
16668,Astteell,proudmoore,1089,monk,windwalker,39,13,26
16669,Drektarz,area-52,1085,monk,windwalker,75,33,42
16670,Ojiin,wyrmrest-accord,1079,monk,windwalker,24,13,11
16671,Quanon,stormreaver,1071,monk,windwalker,33,14,19
16672,Calmpunchman,mannoroth,1070,monk,windwalker,25,12,13
16673,Mikeyx,area-52,1056,monk,windwalker,18,11,7
16674,Xyän,bleeding-hollow,1056,monk,windwalker,18,11,7
16675,Madtigon,scilla,1056,monk,windwalker,18,11,7
16676,Baconbiscuit,area-52,1056,monk,windwalker,24,11,13
16677,Yavaxye,stormrage,1056,monk,windwalker,24,11,13
16678,Orkmonk,tichondrius,1055,monk,windwalker,12,11,1
16679,Facekandy,tichondrius,1055,monk,windwalker,16,12,4
16680,Rubntug,zuljin,1055,monk,windwalker,18,11,7
16681,Kungfupurk,bleeding-hollow,1055,monk,windwalker,18,11,7
16682,Songokusan,thrall,1055,monk,windwalker,18,11,7
16683,Sockem,arthas,1055,monk,windwalker,24,11,13
16684,Jdanîel,ragnaros,1055,monk,windwalker,24,11,13
16685,Lidä,tichondrius,1055,monk,windwalker,30,11,19
16686,Jamut,stormrage,1055,monk,windwalker,36,11,25
16687,Monkamax,tichondrius,1054,monk,windwalker,18,11,7
16688,Onepunchman,quelthalas,1053,monk,windwalker,24,11,13
16689,Wimdrewk,quelthalas,1053,monk,windwalker,39,12,27
16690,Hira,zuljin,1052,monk,windwalker,30,11,19
16691,Píñg,area-52,1051,monk,windwalker,30,11,19
16692,Omimonk,sargeras,1050,monk,windwalker,18,11,7
16693,Rocketfist,bleeding-hollow,1050,monk,windwalker,24,11,13
16694,Sandii,azralon,1049,monk,windwalker,51,29,22
16695,Whtnyhuston,sargeras,1049,monk,windwalker,24,11,13
16696,Chowlaos,coilfang,1048,monk,windwalker,18,11,7
16697,Senseî,altar-of-storms,1048,monk,windwalker,30,11,19
16698,Chaosrose,area-52,1044,monk,windwalker,18,11,7
16699,Lexivixi,khazgoroth,1044,monk,windwalker,24,12,12
16700,Tremonk,kelthuzad,1043,monk,windwalker,18,11,7
16701,Monkii,bonechewer,1041,monk,windwalker,21,14,7
16702,Rbs,tichondrius,1041,monk,windwalker,36,11,25
16703,Jnx,emerald-dream,1038,monk,windwalker,24,11,13
16704,Arshavin,skullcrusher,1038,monk,windwalker,30,11,19
16705,Mcnipple,moonrunner,1036,monk,windwalker,18,11,7
16706,Rollsroycist,trollbane,1032,monk,windwalker,37,23,14
16707,Natintell,drakkari,1032,monk,windwalker,71,33,38
16708,Abboo,hyjal,1030,monk,windwalker,24,12,12
16709,Steenkk,tichondrius,1023,monk,windwalker,24,11,13
16710,Kuffy,kelthuzad,1021,monk,windwalker,17,11,6
16711,Rosarìolover,stormrage,1008,monk,windwalker,36,18,18
16712,Brewzllee,tichondrius,1000,monk,windwalker,66,34,32
16713,Scarlos,tichondrius,1000,monk,windwalker,166,81,85
16714,Sébástián,drakkari,984,monk,windwalker,46,24,22
16715,Tobearus,stormscale,974,monk,windwalker,29,13,16
16716,Fettywhopper,kaelthas,960,monk,windwalker,12,10,2
16717,Aýre,ravencrest,960,monk,windwalker,12,10,2
16718,Shadmtwo,tichondrius,960,monk,windwalker,12,10,2
16719,Shírÿu,azralon,960,monk,windwalker,18,10,8
16720,Innerverse,tichondrius,960,monk,windwalker,18,10,8
16721,Telospateo,ragnaros,960,monk,windwalker,18,10,8
16722,Lolqtxd,sargeras,960,monk,windwalker,24,10,14
16723,Dwarfmonk,tichondrius,960,monk,windwalker,24,10,14
16724,Kinkykyle,emerald-dream,960,monk,windwalker,24,10,14
16725,Bearface,blades-edge,960,monk,windwalker,24,10,14
16726,Watercowz,tichondrius,959,monk,windwalker,12,10,2
16727,Ghooch,illidan,959,monk,windwalker,18,10,8
16728,Goldfornudez,area-52,959,monk,windwalker,18,10,8
16729,Quanyaozu,ragnaros,959,monk,windwalker,18,10,8
16730,Schwenkyytv,sargeras,959,monk,windwalker,18,10,8
16731,Stendari,moon-guard,959,monk,windwalker,18,10,8
16732,Jdkick,sargeras,959,monk,windwalker,24,10,14
16733,Åsurã,stormrage,959,monk,windwalker,30,10,20
16734,Squidie,tichondrius,959,monk,windwalker,30,10,20
16735,Creonus,proudmoore,958,monk,windwalker,26,10,16
16736,Mônkdunk,daggerspine,957,monk,windwalker,18,10,8
16737,Avz,azralon,957,monk,windwalker,24,10,14
16738,Ezpzmonk,bloodscalp,956,monk,windwalker,21,11,10
16739,Thalreyzian,vashj,954,monk,windwalker,24,10,14
16740,Megatraun,tichondrius,953,monk,windwalker,18,10,8
16741,Xìðñ,moon-guard,952,monk,windwalker,18,10,8
16742,Alcaquito,goldrinn,950,monk,windwalker,18,10,8
16743,Chigang,deathwing,949,monk,windwalker,24,10,14
16744,Madmint,illidan,941,monk,windwalker,23,11,12
16745,Nutcrakerz,tichondrius,935,monk,windwalker,24,13,11
16746,Mcwallets,moon-guard,933,monk,windwalker,78,33,45
16747,Mynamegeorge,area-52,915,monk,windwalker,24,10,14
16748,Blackychan,scilla,902,monk,windwalker,24,12,12
16749,Ipmán,moon-guard,892,monk,windwalker,41,18,23
16750,Bussÿ,area-52,879,monk,windwalker,17,10,7
16751,Veganbacon,mannoroth,875,monk,windwalker,14,10,4
16752,Poormanx,illidan,864,monk,windwalker,12,9,3
16753,Rhyskrispiez,sargeras,864,monk,windwalker,12,9,3
16754,Danimalz,stormrage,864,monk,windwalker,12,9,3
16755,Hybrid,stormrage,864,monk,windwalker,12,9,3
16756,Garypool,emerald-dream,864,monk,windwalker,15,9,6
16757,Jaige,illidan,864,monk,windwalker,18,9,9
16758,Djjackyd,stormrage,864,monk,windwalker,18,9,9
16759,Molta,tichondrius,864,monk,windwalker,18,9,9
16760,Rocketfrogg,bleeding-hollow,864,monk,windwalker,24,9,15
16761,Tmjojo,tichondrius,864,monk,windwalker,24,9,15
16762,Chiang,chogall,864,monk,windwalker,24,9,15
16763,Jajabelugeng,tichondrius,863,monk,windwalker,12,9,3
16764,Stepsista,sargeras,863,monk,windwalker,18,9,9
16765,Tomatosaucin,area-52,863,monk,windwalker,18,9,9
16766,Azzmane,bronzebeard,863,monk,windwalker,18,9,9
16767,Kahpital,azralon,863,monk,windwalker,18,9,9
16768,Helicopter,borean-tundra,863,monk,windwalker,18,9,9
16769,Somethingre,sargeras,862,monk,windwalker,12,9,3
16770,Chingwang,frostmourne,862,monk,windwalker,12,9,3
16771,Duwhack,wyrmrest-accord,862,monk,windwalker,18,9,9
16772,Kaishya,emerald-dream,861,monk,windwalker,12,9,3
16773,Yodi,hakkar,861,monk,windwalker,12,9,3
16774,Ryútt,illidan,860,monk,windwalker,24,9,15
16775,Romeonjuliet,tichondrius,859,monk,windwalker,18,9,9
16776,Wwmonks,sargeras,857,monk,windwalker,12,9,3
16777,Felgolos,azralon,857,monk,windwalker,15,10,5
16778,Acena,stormrage,856,monk,windwalker,24,9,15
16779,Acindian,malganis,853,monk,windwalker,18,9,9
16780,Tzidkiyahu,barthilas,849,monk,windwalker,12,9,3
16781,Agroétudo,azralon,838,monk,windwalker,18,9,9
16782,Thekilla,aegwynn,827,monk,windwalker,18,9,9
16783,Bradyfour,moon-guard,812,monk,windwalker,17,9,8
16784,Drakfu,tichondrius,806,monk,windwalker,21,10,11
16785,Rykouu,area-52,784,monk,windwalker,19,9,10
16786,Hitchslapz,tichondrius,783,monk,windwalker,13,9,4
16787,Livitsu,aerie-peak,768,monk,windwalker,12,8,4
16788,Shisama,area-52,768,monk,windwalker,12,8,4
16789,Twichyling,tichondrius,768,monk,windwalker,12,8,4
16790,Zoomerxd,stormrage,768,monk,windwalker,12,8,4
16791,Whitepandax,tichondrius,768,monk,windwalker,12,8,4
16792,Hitman,thrall,768,monk,windwalker,12,8,4
16793,Rennafgc,stormrage,768,monk,windwalker,12,8,4
16794,Öñlýfåñs,tichondrius,768,monk,windwalker,12,8,4
16795,Mcbluffin,onyxia,768,monk,windwalker,12,8,4
16796,Tingum,kelthuzad,768,monk,windwalker,16,9,7
16797,Sodamint,sargeras,768,monk,windwalker,18,8,10
16798,Sterow,kiljaeden,768,monk,windwalker,18,8,10
16799,Taggz,thunderlord,768,monk,windwalker,18,8,10
16800,Stepfistz,aegwynn,768,monk,windwalker,18,8,10
16801,Hitt,barthilas,768,monk,windwalker,18,8,10
16802,Gnomepuncher,dalaran,768,monk,windwalker,18,8,10
16803,Slimcognito,zuljin,768,monk,windwalker,18,8,10
16804,Xas,sentinels,768,monk,windwalker,18,8,10
16805,Gelgameks,eredar,768,monk,windwalker,18,8,10
16806,Mahatmä,dalaran,768,monk,windwalker,18,8,10
16807,Rerolled,moon-guard,768,monk,windwalker,18,8,10
16808,Monke,onyxia,768,monk,windwalker,24,8,16
16809,Tews,quelthalas,767,monk,windwalker,12,8,4
16810,Prickhead,sargeras,767,monk,windwalker,15,9,6
16811,Zukki,zuljin,767,monk,windwalker,18,8,10
16812,Metalmønk,nerzhul,767,monk,windwalker,18,8,10
16813,Pipochen,ragnaros,767,monk,windwalker,18,8,10
16814,Niked,tichondrius,767,monk,windwalker,18,8,10
16815,Faashbae,illidan,767,monk,windwalker,18,8,10
16816,Saiyajinsoul,ragnaros,767,monk,windwalker,18,8,10
16817,Anatomyx,kelthuzad,766,monk,windwalker,12,8,4
16818,Nf,zuljin,766,monk,windwalker,12,8,4
16819,Finesse,frostwolf,766,monk,windwalker,12,8,4
16820,Dynamo,blackrock,766,monk,windwalker,18,8,10
16821,Ragraxx,quelthalas,766,monk,windwalker,18,8,10
16822,Bowlbreak,sargeras,765,monk,windwalker,12,8,4
16823,Shocclol,stormrage,764,monk,windwalker,15,9,6
16824,Extinctión,stormscale,762,monk,windwalker,12,8,4
16825,Ryucko,azralon,761,monk,windwalker,12,8,4
16826,Sprinkli,sargeras,761,monk,windwalker,24,8,16
16827,Iamanangel,illidan,759,monk,windwalker,12,8,4
16828,Hehex,bleeding-hollow,751,monk,windwalker,17,8,9
16829,Thäiländiä,bleeding-hollow,745,monk,windwalker,12,8,4
16830,Kilabit,azshara,742,monk,windwalker,22,9,13
16831,Captnmurphy,tichondrius,735,monk,windwalker,11,8,3
16832,Bakha,illidan,703,monk,windwalker,11,8,3
16833,Onepunch,exodar,702,monk,windwalker,14,8,6
16834,Dragonwhirl,stormrage,672,monk,windwalker,12,7,5
16835,Gothamonk,tichondrius,672,monk,windwalker,12,7,5
16836,Garofalo,tichondrius,672,monk,windwalker,12,7,5
16837,Ristion,moon-guard,672,monk,windwalker,12,7,5
16838,Duhäst,sargeras,672,monk,windwalker,12,7,5
16839,Richywayne,bleeding-hollow,672,monk,windwalker,12,7,5
16840,Kudrix,frostwolf,672,monk,windwalker,12,7,5
16841,Lalpu,tichondrius,672,monk,windwalker,12,7,5
16842,Yoojimin,kiljaeden,672,monk,windwalker,12,7,5
16843,Gigagirth,emerald-dream,672,monk,windwalker,12,7,5
16844,Goldx,ragnaros,672,monk,windwalker,12,7,5
16845,Bramicaye,malganis,672,monk,windwalker,12,7,5
16846,Jowtaro,azralon,672,monk,windwalker,12,7,5
16847,Iol,whisperwind,672,monk,windwalker,12,7,5
16848,Shiphappens,barthilas,672,monk,windwalker,12,7,5
16849,Ázão,stormrage,672,monk,windwalker,12,7,5
16850,Dublefist,draktharon,672,monk,windwalker,12,7,5
16851,Thuyvan,barthilas,672,monk,windwalker,12,7,5
16852,Lilpøøter,tichondrius,672,monk,windwalker,12,7,5
16853,Wizcaulifa,stormrage,672,monk,windwalker,12,7,5
16854,Porxhub,tichondrius,672,monk,windwalker,12,7,5
16855,Vuadeira,azralon,672,monk,windwalker,12,7,5
16856,Tokyozesty,area-52,672,monk,windwalker,12,7,5
16857,Jxyfist,illidan,672,monk,windwalker,12,7,5
16858,Buffmonkdmg,tichondrius,672,monk,windwalker,15,8,7
16859,Tapzm,area-52,672,monk,windwalker,18,7,11
16860,Verizani,stormrage,672,monk,windwalker,18,7,11
16861,Slapcîty,bleeding-hollow,672,monk,windwalker,18,7,11
16862,Stevezee,barthilas,672,monk,windwalker,18,7,11
16863,Awcfanboy,bleeding-hollow,672,monk,windwalker,21,8,13
16864,Judgevr,frostmourne,672,monk,windwalker,23,8,15
16865,Zenkam,ragnaros,672,monk,windwalker,24,7,17
16866,Asaltofsorts,tichondrius,671,monk,windwalker,12,7,5
16867,Quietbegger,sargeras,671,monk,windwalker,12,7,5
16868,Keys,earthen-ring,671,monk,windwalker,12,7,5
16869,Convectuoso,illidan,671,monk,windwalker,12,7,5
16870,Jackboi,the-underbog,671,monk,windwalker,18,7,11
16871,Chuchinga,tichondrius,670,monk,windwalker,13,8,5
16872,Minusmonk,dalaran,670,monk,windwalker,12,7,5
16873,Chihad,stormrage,670,monk,windwalker,12,7,5
16874,Cryptique,tichondrius,670,monk,windwalker,12,7,5
16875,Samaelsin,emerald-dream,670,monk,windwalker,24,7,17
16876,Kuungfoo,tichondrius,667,monk,windwalker,12,7,5
16877,Hyun,stormrage,666,monk,windwalker,12,7,5
16878,Kush,dalvengyr,665,monk,windwalker,12,7,5
16879,Traxshin,kelthuzad,664,monk,windwalker,18,7,11
16880,Léesin,stormrage,655,monk,windwalker,17,7,10
16881,Currycooker,tichondrius,655,monk,windwalker,17,7,10
16882,Mùnkey,nagrand,638,monk,windwalker,17,7,10
16883,Sistafistaa,akama,606,monk,windwalker,14,7,7
16884,Sckmonk,tichondrius,606,monk,windwalker,16,7,9
16885,Veso,tichondrius,576,monk,windwalker,6,6,0
16886,Tazermw,sargeras,576,monk,windwalker,6,6,0
16887,Aizu,ragnaros,576,monk,windwalker,6,6,0
16888,Selfîe,ysera,576,monk,windwalker,6,6,0
16889,Aveium,moon-guard,576,monk,windwalker,6,6,0
16890,Goblinitto,archimonde,576,monk,windwalker,6,6,0
16891,Makgøra,malganis,576,monk,windwalker,6,6,0
16892,Srýbrø,illidan,576,monk,windwalker,6,6,0
16893,Griswolld,ragnaros,576,monk,windwalker,6,6,0
16894,Monkfy,moon-guard,576,monk,windwalker,6,6,0
16895,Vandamme,durotan,576,monk,windwalker,12,6,6
16896,Tahs,azralon,576,monk,windwalker,12,6,6
16897,Xua,sargeras,576,monk,windwalker,12,6,6
16898,Gójó,tichondrius,576,monk,windwalker,12,6,6
16899,Jaspier,quelthalas,576,monk,windwalker,12,6,6
16900,Singao,malganis,576,monk,windwalker,12,6,6
16901,Sylash,ragnaros,576,monk,windwalker,12,6,6
16902,Nyofu,moon-guard,576,monk,windwalker,12,6,6
16903,Neejitsu,malganis,576,monk,windwalker,12,6,6
16904,Ranchy,zuljin,576,monk,windwalker,12,6,6
16905,Bakacia,ragnaros,576,monk,windwalker,12,6,6
16906,Monksoon,tichondrius,576,monk,windwalker,12,6,6
16907,Xoir,tichondrius,576,monk,windwalker,12,6,6
16908,Läôtzu,fizzcrank,576,monk,windwalker,12,6,6
16909,Creamchop,stormreaver,576,monk,windwalker,12,6,6
16910,Xuenfu,tichondrius,576,monk,windwalker,12,6,6
16911,Silvyrx,boulderfist,576,monk,windwalker,12,6,6
16912,Tulalong,area-52,576,monk,windwalker,12,6,6
16913,Tinypunch,emerald-dream,576,monk,windwalker,12,6,6
16914,Pinkgucci,thrall,576,monk,windwalker,12,6,6
16915,Mapaly,ragnaros,576,monk,windwalker,12,6,6
16916,Afrosamurai,thrall,576,monk,windwalker,12,6,6
16917,Sxywind,azgalor,576,monk,windwalker,12,6,6
16918,Affected,lightninghoof,576,monk,windwalker,12,6,6
16919,Syffer,sargeras,576,monk,windwalker,12,6,6
16920,Popchi,stormrage,576,monk,windwalker,12,6,6
16921,Forthekicks,tichondrius,576,monk,windwalker,19,8,11
16922,Káizen,area-52,576,monk,windwalker,18,6,12
16923,Hîddènsõündx,tichondrius,576,monk,windwalker,18,6,12
16924,Monjimen,ragnaros,576,monk,windwalker,18,6,12
16925,Awsmonk,malygos,576,monk,windwalker,18,6,12
16926,Jatzai,emerald-dream,576,monk,windwalker,28,6,22
16927,Ipnam,kelthuzad,575,monk,windwalker,10,7,3
16928,Kalrsk,frostmourne,575,monk,windwalker,12,6,6
16929,Rowenoa,tichondrius,575,monk,windwalker,18,6,12
16930,Kajjou,illidan,575,monk,windwalker,20,6,14
16931,Linwong,garithos,574,monk,windwalker,12,6,6
16932,Dragorovich,aerie-peak,574,monk,windwalker,12,6,6
16933,Fistidmi,area-52,573,monk,windwalker,12,6,6
16934,Tøxicø,quelthalas,572,monk,windwalker,16,7,9
16935,Nedpanders,nagrand,564,monk,windwalker,12,6,6
16936,Shindoro,bonechewer,521,monk,windwalker,16,10,6
16937,Ddoongmonk,tichondrius,496,monk,windwalker,13,6,7
16938,Monkskiiz,tichondrius,480,monk,windwalker,6,5,1
16939,Misery,stormscale,480,monk,windwalker,6,5,1
16940,Yenjung,azralon,480,monk,windwalker,6,5,1
16941,Pikadejegue,nemesis,480,monk,windwalker,6,5,1
16942,Hennyww,dalaran,480,monk,windwalker,6,5,1
16943,Kimmyfists,tichondrius,480,monk,windwalker,6,5,1
16944,Varimå,area-52,480,monk,windwalker,6,5,1
16945,Poem,grizzly-hills,480,monk,windwalker,6,5,1
16946,Pleasetouch,emerald-dream,480,monk,windwalker,6,5,1
16947,Iflykites,zuljin,480,monk,windwalker,6,5,1
16948,Xunzao,emerald-dream,480,monk,windwalker,6,5,1
16949,Zakaza,kelthuzad,480,monk,windwalker,6,5,1
16950,Shevchenkô,quelthalas,480,monk,windwalker,6,5,1
16951,Danksweaver,malganis,480,monk,windwalker,6,5,1
16952,Kuranchi,illidan,480,monk,windwalker,6,5,1
16953,Nitrobrewed,stormrage,480,monk,windwalker,6,5,1
16954,Iloveabby,sargeras,480,monk,windwalker,6,5,1
16955,Bibis,sargeras,480,monk,windwalker,6,5,1
16956,Zackesé,area-52,480,monk,windwalker,6,5,1
16957,Miresa,kelthuzad,480,monk,windwalker,6,5,1
16958,Tyrus,kelthuzad,480,monk,windwalker,9,5,4
16959,Zhíu,ragnaros,480,monk,windwalker,12,5,7
16960,Aydowon,illidan,480,monk,windwalker,12,5,7
16961,Tripster,wyrmrest-accord,480,monk,windwalker,12,5,7
16962,Silkzy,frostwolf,480,monk,windwalker,12,5,7
16963,Miuss,illidan,480,monk,windwalker,12,5,7
16964,Plagai,fizzcrank,480,monk,windwalker,12,5,7
16965,Tenkix,zuljin,480,monk,windwalker,12,5,7
16966,Kentodne,stormrage,480,monk,windwalker,12,5,7
16967,Lokimana,zuljin,480,monk,windwalker,12,5,7
16968,Mepepegaclap,malganis,480,monk,windwalker,12,5,7
16969,Xueyu,malganis,480,monk,windwalker,12,5,7
16970,Skyvaan,barthilas,480,monk,windwalker,12,5,7
16971,Güwop,tichondrius,480,monk,windwalker,12,5,7
16972,Akrethar,medivh,480,monk,windwalker,12,5,7
16973,Ferknights,moon-guard,480,monk,windwalker,12,5,7
16974,Zadaa,alleria,480,monk,windwalker,12,5,7
16975,Suntzuvius,tichondrius,480,monk,windwalker,12,5,7
16976,Nject,malganis,480,monk,windwalker,12,5,7
16977,Kickkick,burning-blade,480,monk,windwalker,12,5,7
16978,Smigz,area-52,480,monk,windwalker,12,5,7
16979,Sivedrafely,arthas,480,monk,windwalker,12,5,7
16980,Izu,senjin,480,monk,windwalker,12,5,7
16981,Valdur,sargeras,480,monk,windwalker,12,5,7
16982,Gabaan,azralon,480,monk,windwalker,18,5,13
16983,Vinndz,azralon,480,monk,windwalker,18,5,13
16984,Zmajevratnik,illidan,479,monk,windwalker,6,5,1
16985,Kiukiukiu,tichondrius,479,monk,windwalker,12,5,7
16986,Tamonk,veknilash,478,monk,windwalker,6,5,1
16987,Liänä,quelthalas,476,monk,windwalker,12,5,7
16988,Mcmaplol,tichondrius,447,monk,windwalker,11,5,6
16989,Ighostgirls,thrall,431,monk,windwalker,11,5,6
16990,Trembull,gurubashi,384,monk,windwalker,6,4,2
16991,Lowkn,sargeras,384,monk,windwalker,6,4,2
16992,Fistedby,nesingwary,384,monk,windwalker,6,4,2
16993,Kame,moon-guard,384,monk,windwalker,6,4,2
16994,Hate,korialstrasz,384,monk,windwalker,6,4,2
16995,Wørm,emerald-dream,384,monk,windwalker,6,4,2
16996,Orbgodx,darkspear,384,monk,windwalker,6,4,2
16997,Liucang,archimonde,384,monk,windwalker,6,4,2
16998,Fiddletix,stormrage,384,monk,windwalker,6,4,2
16999,Evanyfist,proudmoore,384,monk,windwalker,6,4,2
17000,Pathad,stormrage,384,monk,windwalker,6,4,2
17001,Monkespin,stormrage,384,monk,windwalker,6,4,2
17002,Coldridge,bleeding-hollow,384,monk,windwalker,6,4,2
17003,Molific,gurubashi,384,monk,windwalker,6,4,2
17004,Gorblox,emerald-dream,384,monk,windwalker,6,4,2
17005,Aedalithe,stormrage,384,monk,windwalker,6,4,2
17006,Kiggo,bonechewer,384,monk,windwalker,6,4,2
17007,Ðøhkø,nemesis,384,monk,windwalker,6,4,2
17008,Illiea,cenarius,384,monk,windwalker,6,4,2
17009,Vernki,laughing-skull,384,monk,windwalker,6,4,2
17010,Cowsgonuts,gorefiend,384,monk,windwalker,6,4,2
17011,Sistuhfista,tichondrius,384,monk,windwalker,6,4,2
17012,Satchelgizmo,tichondrius,384,monk,windwalker,6,4,2
17013,Yogiji,proudmoore,384,monk,windwalker,6,4,2
17014,Preceptonk,azralon,384,monk,windwalker,6,4,2
17015,Xulieng,tichondrius,384,monk,windwalker,6,4,2
17016,Touchbot,tichondrius,384,monk,windwalker,6,4,2
17017,Champoo,executus,384,monk,windwalker,6,4,2
17018,Peacefulpaco,malganis,384,monk,windwalker,6,4,2
17019,Barleygar,tichondrius,384,monk,windwalker,6,4,2
17020,Delaî,dalaran,384,monk,windwalker,6,4,2
17021,Azizyzz,barthilas,384,monk,windwalker,6,4,2
17022,Chaipie,kelthuzad,384,monk,windwalker,6,4,2
17023,Thewyjr,illidan,384,monk,windwalker,6,4,2
17024,Saitamami,tichondrius,384,monk,windwalker,6,4,2
17025,Iarw,tichondrius,384,monk,windwalker,6,4,2
17026,Beverage,frostmourne,384,monk,windwalker,6,4,2
17027,Korgark,tichondrius,384,monk,windwalker,6,4,2
17028,Punchbuggy,frostmourne,384,monk,windwalker,6,4,2
17029,Yeawe,tichondrius,384,monk,windwalker,6,4,2
17030,Callae,dreadmaul,384,monk,windwalker,6,4,2
17031,Research,frostmourne,384,monk,windwalker,6,4,2
17032,Nuclearpunch,tichondrius,384,monk,windwalker,6,4,2
17033,Eçua,tichondrius,384,monk,windwalker,7,4,3
17034,Serenitys,tanaris,384,monk,windwalker,9,4,5
17035,Kfp,gorefiend,384,monk,windwalker,12,4,8
17036,Röllup,area-52,384,monk,windwalker,12,4,8
17037,Merand,tichondrius,384,monk,windwalker,12,4,8
17038,Jxytwo,arygos,384,monk,windwalker,12,4,8
17039,Paracetamonk,kelthuzad,384,monk,windwalker,12,4,8
17040,Fruitpünch,tichondrius,384,monk,windwalker,12,4,8
17041,Threnz,magtheridon,384,monk,windwalker,12,4,8
17042,Wheresmyjuul,malganis,384,monk,windwalker,12,4,8
17043,Ohtani,frostwolf,384,monk,windwalker,12,4,8
17044,Jayr,bleeding-hollow,384,monk,windwalker,12,4,8
17045,Evilstep,tichondrius,384,monk,windwalker,12,4,8
17046,Machita,spirestone,384,monk,windwalker,12,4,8
17047,Cudzingtin,dalaran,384,monk,windwalker,12,4,8
17048,Grocerymonk,malganis,384,monk,windwalker,12,4,8
17049,Ramisan,barthilas,384,monk,windwalker,12,4,8
17050,Graphyt,moon-guard,384,monk,windwalker,12,4,8
17051,Mysticzen,tichondrius,384,monk,windwalker,12,4,8
17052,Excalibrew,malganis,384,monk,windwalker,12,4,8
17053,Chijinx,area-52,384,monk,windwalker,12,4,8
17054,Merçeÿ,tichondrius,384,monk,windwalker,12,4,8
17055,Solrise,wyrmrest-accord,384,monk,windwalker,12,4,8
17056,Ferrarí,quelthalas,384,monk,windwalker,12,4,8
17057,Rookz,drakthul,384,monk,windwalker,12,4,8
17058,Xinvictus,frostmourne,384,monk,windwalker,12,4,8
17059,Hiurge,tichondrius,384,monk,windwalker,12,4,8
17060,Bunnygal,thaurissan,384,monk,windwalker,18,4,14
17061,Zanmonk,moon-guard,383,monk,windwalker,6,4,2
17062,Chugs,malorne,383,monk,windwalker,18,4,14
17063,Viko,llane,382,monk,windwalker,6,4,2
17064,Pastarasta,malganis,382,monk,windwalker,6,4,2
17065,Miyage,emerald-dream,382,monk,windwalker,6,4,2
17066,Broxxenidas,quelthalas,351,monk,windwalker,11,4,7
17067,Nakuang,tichondrius,339,monk,windwalker,24,7,17
17068,Sahhalea,sargeras,319,monk,windwalker,14,4,10
17069,Monklad,malganis,288,monk,windwalker,6,3,3
17070,Shizzyowoxd,bleeding-hollow,288,monk,windwalker,6,3,3
17071,Rhonco,quelthalas,288,monk,windwalker,6,3,3
17072,Harvex,area-52,288,monk,windwalker,6,3,3
17073,Mlngo,illidan,288,monk,windwalker,6,3,3
17074,Mgzx,kelthuzad,288,monk,windwalker,6,3,3
17075,Swurvex,bleeding-hollow,288,monk,windwalker,6,3,3
17076,Bogez,area-52,288,monk,windwalker,6,3,3
17077,Mcfluffey,area-52,288,monk,windwalker,6,3,3
17078,Sosm,kelthuzad,288,monk,windwalker,6,3,3
17079,Hábìtz,area-52,288,monk,windwalker,6,3,3
17080,Jubei,dragonmaw,288,monk,windwalker,6,3,3
17081,Cráne,duskwood,288,monk,windwalker,6,3,3
17082,Bromonster,zuljin,288,monk,windwalker,6,3,3
17083,Frimayadri,area-52,288,monk,windwalker,6,3,3
17084,Redami,gnomeregan,288,monk,windwalker,6,3,3
17085,Tababtz,illidan,288,monk,windwalker,6,3,3
17086,Powerfisterr,stormrage,288,monk,windwalker,6,3,3
17087,Dkdakìng,stormrage,288,monk,windwalker,6,3,3
17088,Bakicaa,dalaran,288,monk,windwalker,6,3,3
17089,Lomist,nazjatar,288,monk,windwalker,6,3,3
17090,Spaaca,kelthuzad,288,monk,windwalker,6,3,3
17091,Idonthustle,area-52,288,monk,windwalker,6,3,3
17092,Reflexsivex,malganis,288,monk,windwalker,6,3,3
17093,Iilmachoggy,stormrage,288,monk,windwalker,6,3,3
17094,Trunkx,area-52,288,monk,windwalker,6,3,3
17095,Triixxy,thrall,288,monk,windwalker,6,3,3
17096,Gulmokk,tichondrius,288,monk,windwalker,6,3,3
17097,Karkata,sargeras,288,monk,windwalker,6,3,3
17098,Tictox,sargeras,288,monk,windwalker,6,3,3
17099,ßluedream,dalaran,288,monk,windwalker,6,3,3
17100,Muffinz,shattered-halls,288,monk,windwalker,6,3,3
17101,Fistay,burning-legion,288,monk,windwalker,6,3,3
17102,Goodluck,madoran,288,monk,windwalker,6,3,3
17103,Dripharder,tichondrius,288,monk,windwalker,6,3,3
17104,Daspmonk,nagrand,288,monk,windwalker,6,3,3
17105,Röllö,tichondrius,288,monk,windwalker,6,3,3
17106,Pusily,tichondrius,288,monk,windwalker,6,3,3
17107,Apølon,azralon,288,monk,windwalker,6,3,3
17108,Burash,frostwolf,288,monk,windwalker,6,3,3
17109,Giatzo,barthilas,288,monk,windwalker,6,3,3
17110,Detox,sargeras,288,monk,windwalker,6,3,3
17111,Choibaedal,tichondrius,288,monk,windwalker,6,3,3
17112,Silestial,sargeras,288,monk,windwalker,6,3,3
17113,Oyyo,tichondrius,288,monk,windwalker,6,3,3
17114,Mattyj,darkspear,288,monk,windwalker,6,3,3
17115,Pandaforlife,area-52,288,monk,windwalker,6,3,3
17116,Highaskite,tichondrius,288,monk,windwalker,6,3,3
17117,Tigerlust,sargeras,288,monk,windwalker,6,3,3
17118,Gngrbeardman,tichondrius,288,monk,windwalker,6,3,3
17119,Tonkchi,khaz-modan,288,monk,windwalker,6,3,3
17120,Bokchoii,sargeras,288,monk,windwalker,6,3,3
17121,Heavytrain,azralon,288,monk,windwalker,6,3,3
17122,Mistérfister,blackrock,288,monk,windwalker,6,3,3
17123,Raires,tichondrius,288,monk,windwalker,6,3,3
17124,Rumlee,sargeras,288,monk,windwalker,6,3,3
17125,Atezo,tichondrius,288,monk,windwalker,6,3,3
17126,Rozlynnww,tichondrius,288,monk,windwalker,6,3,3
17127,Rafyww,tichondrius,288,monk,windwalker,6,3,3
17128,Slurrpslutt,proudmoore,288,monk,windwalker,6,3,3
17129,Gageismonk,mugthol,288,monk,windwalker,6,3,3
17130,Imasterl,proudmoore,288,monk,windwalker,6,3,3
17131,Brewtool,tichondrius,288,monk,windwalker,6,3,3
17132,Dorander,frostmourne,288,monk,windwalker,6,3,3
17133,Evilbit,boulderfist,288,monk,windwalker,6,3,3
17134,Skippa,emerald-dream,288,monk,windwalker,6,3,3
17135,Rampant,anubarak,288,monk,windwalker,9,4,5
17136,Dmhsaint,sargeras,288,monk,windwalker,12,3,9
17137,Bujiburger,frostmourne,288,monk,windwalker,12,3,9
17138,Meatcleave,kiljaeden,288,monk,windwalker,12,3,9
17139,Luckystrike,area-52,288,monk,windwalker,12,3,9
17140,Siddharthä,barthilas,288,monk,windwalker,12,3,9
17141,Senseixww,sargeras,288,monk,windwalker,12,3,9
17142,Vova,bleeding-hollow,288,monk,windwalker,12,3,9
17143,Wwx,whisperwind,288,monk,windwalker,12,3,9
17144,Paramendic,frostwolf,288,monk,windwalker,12,3,9
17145,Mistyfist,bleeding-hollow,288,monk,windwalker,12,3,9
17146,Joreg,moon-guard,288,monk,windwalker,12,3,9
17147,Rockxtv,illidan,288,monk,windwalker,12,3,9
17148,Honkbazz,illidan,288,monk,windwalker,12,3,9
17149,Breakbonez,dalaran,288,monk,windwalker,18,3,15
17150,Brewmooser,area-52,287,monk,windwalker,6,3,3
17151,Ogre,the-venture-co,287,monk,windwalker,6,3,3
17152,Pandalex,draenor,287,monk,windwalker,6,3,3
17153,Thedeäd,stormrage,287,monk,windwalker,12,3,9
17154,Gaziee,tichondrius,271,monk,windwalker,11,3,8
17155,Dafuqk,stormrage,256,monk,windwalker,16,3,13
17156,Raskalnikov,kelthuzad,201,monk,windwalker,14,4,10
17157,Kfchi,tichondrius,192,monk,windwalker,4,3,1
17158,Mùk,tichondrius,192,monk,windwalker,4,3,1
17159,Klamfu,thrall,192,monk,windwalker,4,3,1
17160,Dangodxz,quelthalas,192,monk,windwalker,4,3,1
17161,Novoctek,quelthalas,192,monk,windwalker,6,2,4
17162,Taringa,drakkari,192,monk,windwalker,6,2,4
17163,Deathgoku,norgannon,192,monk,windwalker,6,2,4
17164,Strongmandan,twisting-nether,192,monk,windwalker,6,2,4
17165,Icesmoker,frostmourne,192,monk,windwalker,6,2,4
17166,Deyasth,zuljin,192,monk,windwalker,6,2,4
17167,Brëwslee,twisting-nether,192,monk,windwalker,6,2,4
17168,Lonebamboo,tichondrius,192,monk,windwalker,6,2,4
17169,Hydraoxy,moon-guard,192,monk,windwalker,6,2,4
17170,Giorhno,ragnaros,192,monk,windwalker,6,2,4
17171,Toxicaff,dalaran,192,monk,windwalker,6,2,4
17172,Gøldéngødx,tichondrius,192,monk,windwalker,6,2,4
17173,Hutmok,dalaran,192,monk,windwalker,6,2,4
17174,Möösê,moon-guard,192,monk,windwalker,6,2,4
17175,Fistpumps,thrall,192,monk,windwalker,6,2,4
17176,Coomerww,kelthuzad,192,monk,windwalker,6,2,4
17177,Cranjis,agamaggan,192,monk,windwalker,6,2,4
17178,Sinistuhm,tichondrius,192,monk,windwalker,6,2,4
17179,Pvptone,bleeding-hollow,192,monk,windwalker,6,2,4
17180,Epî,tichondrius,192,monk,windwalker,6,2,4
17181,Bvndio,ragnaros,192,monk,windwalker,6,2,4
17182,Çhëèch,tichondrius,192,monk,windwalker,6,2,4
17183,Boeingair,kelthuzad,192,monk,windwalker,6,2,4
17184,Flattswwjr,tichondrius,192,monk,windwalker,6,2,4
17185,Maisoftheart,barthilas,192,monk,windwalker,6,2,4
17186,Bakusao,bleeding-hollow,192,monk,windwalker,6,2,4
17187,Mannkin,zuluhed,192,monk,windwalker,6,2,4
17188,Thöran,ragnaros,192,monk,windwalker,6,2,4
17189,Dragoro,exodar,192,monk,windwalker,6,2,4
17190,Tadaku,dalaran,192,monk,windwalker,6,2,4
17191,Salanzoww,bleeding-hollow,192,monk,windwalker,6,2,4
17192,Zengawd,magtheridon,192,monk,windwalker,6,2,4
17193,Akiiko,draenor,192,monk,windwalker,6,2,4
17194,Imafqnbaby,tichondrius,192,monk,windwalker,6,2,4
17195,Heävenly,kelthuzad,192,monk,windwalker,6,2,4
17196,Averagéjoe,tichondrius,192,monk,windwalker,6,2,4
17197,Bhoredom,kiljaeden,192,monk,windwalker,6,2,4
17198,Troutz,sargeras,192,monk,windwalker,6,2,4
17199,Privix,tichondrius,192,monk,windwalker,6,2,4
17200,Defacen,illidan,192,monk,windwalker,6,2,4
17201,Saywha,windrunner,192,monk,windwalker,6,2,4
17202,Feelsogöod,tichondrius,192,monk,windwalker,6,2,4
17203,Spirits,dreadmaul,192,monk,windwalker,6,2,4
17204,Wât,bleeding-hollow,192,monk,windwalker,6,2,4
17205,Gumrag,illidan,192,monk,windwalker,6,2,4
17206,Jüdo,barthilas,192,monk,windwalker,6,2,4
17207,Weewalker,wyrmrest-accord,192,monk,windwalker,6,2,4
17208,Xarra,bleeding-hollow,192,monk,windwalker,6,2,4
17209,Prf,ragnaros,192,monk,windwalker,6,2,4
17210,Fuchizaki,ragnaros,192,monk,windwalker,6,2,4
17211,Sickbanga,barthilas,192,monk,windwalker,6,2,4
17212,Transcend,nerzhul,192,monk,windwalker,6,2,4
17213,Kitfisty,kiljaeden,192,monk,windwalker,6,2,4
17214,Induhca,area-52,192,monk,windwalker,6,2,4
17215,Flicksx,arthas,192,monk,windwalker,6,2,4
17216,Hossdelgadoe,kiljaeden,192,monk,windwalker,6,2,4
17217,Liw,quelthalas,192,monk,windwalker,6,2,4
17218,Takazawas,bonechewer,192,monk,windwalker,6,2,4
17219,Homunculusx,bleeding-hollow,192,monk,windwalker,6,2,4
17220,Romeoe,muradin,192,monk,windwalker,6,2,4
17221,Youngnudy,sargeras,192,monk,windwalker,6,2,4
17222,Puraimu,sargeras,192,monk,windwalker,6,2,4
17223,Metios,aggramar,192,monk,windwalker,6,2,4
17224,Selfless,gilneas,192,monk,windwalker,6,2,4
17225,Monkbro,altar-of-storms,192,monk,windwalker,6,2,4
17226,Lìpz,zuljin,192,monk,windwalker,6,2,4
17227,Monkuban,destromath,192,monk,windwalker,6,2,4
17228,Ked,ragnaros,192,monk,windwalker,6,2,4
17229,Pongo,kelthuzad,192,monk,windwalker,12,2,10
17230,Altaidm,ragnaros,192,monk,windwalker,12,2,10
17231,Dankestkhan,korialstrasz,192,monk,windwalker,12,2,10
17232,Xinpa,quelthalas,192,monk,windwalker,12,2,10
17233,Eliwenn,ragnaros,192,monk,windwalker,12,2,10
17234,Razekahl,wyrmrest-accord,192,monk,windwalker,12,2,10
17235,Bruceflea,gurubashi,192,monk,windwalker,18,2,16
17236,Hontaruk,ragnaros,175,monk,windwalker,11,2,9
17237,Habzz,tichondrius,159,monk,windwalker,5,2,3
17238,Wheatsli,malganis,159,monk,windwalker,5,2,3
17239,Goku,frostmourne,159,monk,windwalker,5,2,3
17240,Stellae,emerald-dream,159,monk,windwalker,5,2,3
17241,Fendi,stormrage,159,monk,windwalker,5,2,3
17242,Lazy,shattered-halls,159,monk,windwalker,5,2,3
17243,Clytpuncher,emerald-dream,159,monk,windwalker,5,2,3
17244,Chisuschrist,hyjal,144,monk,windwalker,9,2,7
17245,Heartsies,sargeras,128,monk,windwalker,4,2,2
17246,Raninn,bleeding-hollow,128,monk,windwalker,4,2,2
17247,Prettyflacko,thrall,128,monk,windwalker,4,2,2
17248,Versuri,azralon,128,monk,windwalker,10,2,8
17249,Jayjaybrew,area-52,96,monk,windwalker,3,2,1
17250,Monkwayz,emerald-dream,96,monk,windwalker,3,2,1
17251,Neaxain,tichondrius,96,monk,windwalker,3,2,1
17252,Forestweaver,area-52,96,monk,windwalker,6,1,5
17253,Imingleejr,illidan,96,monk,windwalker,6,1,5
17254,Munnk,stormreaver,96,monk,windwalker,6,1,5
17255,Saruyo,frostmourne,96,monk,windwalker,6,1,5
17256,Tmtricks,tichondrius,96,monk,windwalker,6,1,5
17257,Zinque,emerald-dream,96,monk,windwalker,6,1,5
17258,Piccolo,emerald-dream,96,monk,windwalker,6,1,5
17259,Cerocool,hyjal,96,monk,windwalker,6,1,5
17260,Comical,malygos,96,monk,windwalker,6,1,5
17261,Memurk,bleeding-hollow,96,monk,windwalker,6,1,5
17262,Buddaba,tichondrius,96,monk,windwalker,6,1,5
17263,Ischys,kelthuzad,96,monk,windwalker,6,1,5
17264,Sanemi,amanthul,96,monk,windwalker,6,1,5
17265,Shinobiww,area-52,96,monk,windwalker,6,1,5
17266,Tristantwo,sargeras,96,monk,windwalker,6,1,5
17267,Raekwan,area-52,96,monk,windwalker,6,1,5
17268,Chunlee,tichondrius,96,monk,windwalker,6,1,5
17269,Alkaholik,stormrage,96,monk,windwalker,6,1,5
17270,Quaria,moon-guard,96,monk,windwalker,6,1,5
17271,Omoplàta,illidan,96,monk,windwalker,6,1,5
17272,Windlordx,illidan,96,monk,windwalker,6,1,5
17273,Giriom,thrall,96,monk,windwalker,6,1,5
17274,Okuraseru,bleeding-hollow,96,monk,windwalker,6,1,5
17275,Chipócluda,ragnaros,96,monk,windwalker,6,1,5
17276,Molsonicee,tichondrius,96,monk,windwalker,6,1,5
17277,Æsir,moon-guard,96,monk,windwalker,6,1,5
17278,Lainerya,moon-guard,96,monk,windwalker,6,1,5
17279,Bwan,kelthuzad,96,monk,windwalker,6,1,5
17280,Srgtbingo,azgalor,96,monk,windwalker,6,1,5
17281,Monkanome,gilneas,96,monk,windwalker,6,1,5
17282,Yípman,uldum,96,monk,windwalker,6,1,5
17283,Obiiwan,tichondrius,96,monk,windwalker,6,1,5
17284,Teewin,area-52,96,monk,windwalker,6,1,5
17285,Gablle,tol-barad,96,monk,windwalker,6,1,5
17286,Nbatrap,stormrage,96,monk,windwalker,6,1,5
17287,Yosisoy,zuljin,79,monk,windwalker,5,1,4
17288,Leisa,jaedenar,79,monk,windwalker,5,1,4
17289,Zhatafaq,ragnaros,48,monk,windwalker,3,1,2
17290,Kreese,rivendare,42,monk,windwalker,9,2,7
17291,Cosetteb,proudmoore,31,monk,windwalker,2,1,1
17292,Notamønk,bonechewer,31,monk,windwalker,2,1,1
17293,Rèxpéi,area-52,2157,paladin,holy,84,48,36
17294,Sunita,arthas,2116,paladin,holy,189,99,90
17295,Pattar,area-52,2107,paladin,holy,66,37,29
17296,Holylolz,ragnaros,2059,paladin,holy,168,86,82
17297,Tmborn,tichondrius,2035,paladin,holy,89,40,49
17298,Digglesx,area-52,2012,paladin,holy,78,35,43
17299,Braindeadrsj,anetheron,1990,paladin,holy,161,90,71
17300,Bilmurii,zuljin,1979,paladin,holy,84,46,38
17301,Thejustice,tichondrius,1954,paladin,holy,102,53,49
17302,Nickimahoj,tichondrius,1943,paladin,holy,81,42,39
17303,Eskerda,azralon,1939,paladin,holy,160,77,83
17304,Bombboyoz,area-52,1936,paladin,holy,84,44,40
17305,Bubblebuddyx,tichondrius,1926,paladin,holy,47,22,25
17306,Flõw,gnomeregan,1919,paladin,holy,84,52,32
17307,Hamsti,sargeras,1909,paladin,holy,125,63,62
17308,Flashv,barthilas,1896,paladin,holy,62,32,30
17309,Baelsimp,illidan,1894,paladin,holy,90,47,43
17310,Angrycubanx,black-dragonflight,1887,paladin,holy,50,25,25
17311,Nyctemavanna,ragnaros,1872,paladin,holy,88,48,40
17312,Thejustices,tichondrius,1860,paladin,holy,36,22,14
17313,Curator,emerald-dream,1859,paladin,holy,56,29,27
17314,Sde,kelthuzad,1851,paladin,holy,120,55,65
17315,Dreathhammer,muradin,1849,paladin,holy,42,24,18
17316,Dýstopia,stormrage,1841,paladin,holy,41,21,20
17317,Skillenjoyer,tichondrius,1839,paladin,holy,78,49,29
17318,Cynthianna,tichondrius,1839,paladin,holy,116,61,55
17319,Csupremacy,tichondrius,1839,paladin,holy,64,30,34
17320,Bushyy,tichondrius,1838,paladin,holy,54,26,28
17321,Saacbot,area-52,1831,paladin,holy,69,25,44
17322,Ðáx,sargeras,1828,paladin,holy,75,39,36
17323,Ppgdx,azralon,1826,paladin,holy,78,34,44
17324,Caveyodeler,zuluhed,1822,paladin,holy,47,28,19
17325,Cyphinx,darkspear,1822,paladin,holy,103,48,55
17326,Memnoche,frostmane,1821,paladin,holy,89,53,36
17327,Sacbubldead,area-52,1820,paladin,holy,126,79,47
17328,Truluck,area-52,1820,paladin,holy,111,56,55
17329,Deadlyassian,sargeras,1819,paladin,holy,100,54,46
17330,Fonypally,tichondrius,1815,paladin,holy,332,171,161
17331,Sojupapi,area-52,1813,paladin,holy,96,47,49
17332,Uxe,zuljin,1812,paladin,holy,60,30,30
17333,Judgejim,barthilas,1812,paladin,holy,144,66,78
17334,Fukndibs,kiljaeden,1811,paladin,holy,172,85,87
17335,Sd,kelthuzad,1811,paladin,holy,123,59,64
17336,Bubblist,tichondrius,1811,paladin,holy,68,28,40
17337,Bravepl,tichondrius,1808,paladin,holy,73,28,45
17338,Dracfire,zuljin,1807,paladin,holy,45,24,21
17339,Overwhelm,muradin,1806,paladin,holy,40,22,18
17340,Zetsubõ,stormrage,1806,paladin,holy,54,24,30
17341,Ængelic,barthilas,1803,paladin,holy,202,107,95
17342,Dyppally,moon-guard,1803,paladin,holy,102,51,51
17343,Wtbmana,frostmourne,1801,paladin,holy,72,39,33
17344,Richpiana,nathrezim,1800,paladin,holy,106,60,46
17345,Hongwoosang,tichondrius,1795,paladin,holy,188,89,99
17346,Amourranth,stormrage,1785,paladin,holy,52,30,22
17347,Airbad,tichondrius,1785,paladin,holy,53,23,30
17348,Veejayx,tichondrius,1775,paladin,holy,44,21,23
17349,Fixyouz,mannoroth,1773,paladin,holy,100,48,52
17350,Zilea,kiljaeden,1768,paladin,holy,48,24,24
17351,Duallkore,stormrage,1764,paladin,holy,66,33,33
17352,Hps,argent-dawn,1759,paladin,holy,42,22,20
17353,Scamlikely,tichondrius,1758,paladin,holy,96,49,47
17354,Beyondsausag,malganis,1753,paladin,holy,59,28,31
17355,Defensezone,tichondrius,1749,paladin,holy,74,36,38
17356,Chenzo,exodar,1743,paladin,holy,124,65,59
17357,Colepal,zuljin,1741,paladin,holy,54,23,31
17358,Ihaveajob,zuluhed,1730,paladin,holy,42,23,19
17359,Mercedez,bleeding-hollow,1724,paladin,holy,54,28,26
17360,Brynnhild,stormrage,1722,paladin,holy,102,55,47
17361,Pelletbrain,emerald-dream,1719,paladin,holy,126,61,65
17362,Ckaïnë,stormrage,1714,paladin,holy,68,36,32
17363,Softsister,tichondrius,1713,paladin,holy,42,22,20
17364,Bpalaayo,kelthuzad,1706,paladin,holy,66,26,40
17365,Taargaryenn,tichondrius,1701,paladin,holy,60,32,28
17366,Ivan,tichondrius,1693,paladin,holy,96,44,52
17367,Fortold,bloodhoof,1692,paladin,holy,54,23,31
17368,Virabelle,gurubashi,1690,paladin,holy,48,25,23
17369,Avengom,tichondrius,1685,paladin,holy,315,160,155
17370,Evylinn,burning-legion,1684,paladin,holy,126,69,57
17371,Tenêbrae,area-52,1674,paladin,holy,52,33,19
17372,Thorfinaa,moon-guard,1673,paladin,holy,41,24,17
17373,Sàga,hyjal,1671,paladin,holy,53,29,24
17374,Hats,icecrown,1671,paladin,holy,153,73,80
17375,Mvpj,medivh,1669,paladin,holy,153,78,75
17376,Tylennis,archimonde,1669,paladin,holy,150,66,84
17377,Cheerleader,bleeding-hollow,1668,paladin,holy,138,62,76
17378,Imshmackedd,darkspear,1663,paladin,holy,84,35,49
17379,Tiernoo,illidan,1662,paladin,holy,98,46,52
17380,Landrysdad,malorne,1660,paladin,holy,54,26,28
17381,Sacridas,fizzcrank,1657,paladin,holy,36,20,16
17382,Zunit,laughing-skull,1656,paladin,holy,46,22,24
17383,Ddeuk,tichondrius,1653,paladin,holy,301,156,145
17384,Pallice,queldorei,1651,paladin,holy,96,43,53
17385,Bombboyozjr,area-52,1649,paladin,holy,30,20,10
17386,Kevinthecube,nerzhul,1647,paladin,holy,30,22,8
17387,Ppgddxx,azralon,1643,paladin,holy,30,18,12
17388,Nerfretpls,area-52,1642,paladin,holy,42,20,22
17389,Citylights,tichondrius,1640,paladin,holy,27,19,8
17390,Dazargeros,moon-guard,1638,paladin,holy,132,66,66
17391,Ellyarian,emerald-dream,1635,paladin,holy,42,22,20
17392,Asherm,moon-guard,1635,paladin,holy,92,47,45
17393,Teenytoots,burning-legion,1635,paladin,holy,69,26,43
17394,Yuuichi,moon-guard,1634,paladin,holy,64,29,35
17395,Enzõ,illidan,1632,paladin,holy,42,23,19
17396,Rhunon,dalaran,1631,paladin,holy,78,41,37
17397,Barcie,lothar,1624,paladin,holy,54,18,36
17398,Bopbotx,area-52,1621,paladin,holy,49,17,32
17399,Guerrer,hyjal,1619,paladin,holy,374,195,179
17400,Gospel,duskwood,1617,paladin,holy,65,37,28
17401,Scoopzi,frostmourne,1616,paladin,holy,47,27,20
17402,Ascion,tichondrius,1614,paladin,holy,119,58,61
17403,Chonsic,darkspear,1612,paladin,holy,58,26,32
17404,Sekitar,ragnaros,1611,paladin,holy,155,79,76
17405,Xcuse,tichondrius,1611,paladin,holy,60,30,30
17406,Zergmé,executus,1610,paladin,holy,42,21,21
17407,Jealp,sargeras,1608,paladin,holy,42,26,16
17408,Larryhoova,malganis,1608,paladin,holy,36,20,16
17409,Crâfty,bleeding-hollow,1608,paladin,holy,83,45,38
17410,Minefujiko,tichondrius,1603,paladin,holy,377,191,186
17411,Sinfolly,whisperwind,1602,paladin,holy,58,31,27
17412,Gjoker,azralon,1600,paladin,holy,42,25,17
17413,Pála,dalaran,1600,paladin,holy,158,76,82
17414,Jiraya,nemesis,1598,paladin,holy,79,39,40
17415,Perfect,crushridge,1597,paladin,holy,32,18,14
17416,Wuhb,aerie-peak,1596,paladin,holy,88,44,44
17417,Saveursavior,bleeding-hollow,1595,paladin,holy,99,49,50
17418,Boomda,tichondrius,1594,paladin,holy,80,42,38
17419,Retsincewod,zuluhed,1586,paladin,holy,54,28,26
17420,Zacháry,sargeras,1583,paladin,holy,40,21,19
17421,Kustp,tichondrius,1575,paladin,holy,116,66,50
17422,Regivän,azralon,1575,paladin,holy,78,39,39
17423,Pasda,frostmourne,1575,paladin,holy,53,22,31
17424,Deepnasty,galakrond,1573,paladin,holy,107,55,52
17425,Aluríel,quelthalas,1568,paladin,holy,56,28,28
17426,Erikx,smolderthorn,1566,paladin,holy,78,44,34
17427,Beejae,stormreaver,1565,paladin,holy,41,17,24
17428,Hônòr,thrall,1564,paladin,holy,51,29,22
17429,Forsakenlite,sargeras,1558,paladin,holy,84,36,48
17430,Xinqingle,tichondrius,1557,paladin,holy,154,78,76
17431,Drägonmynuts,tichondrius,1556,paladin,holy,103,43,60
17432,Montageflav,illidan,1554,paladin,holy,56,27,29
17433,Luminainre,zuljin,1553,paladin,holy,71,34,37
17434,Gorgona,illidan,1551,paladin,holy,107,53,54
17435,Crabsaladpal,illidan,1550,paladin,holy,112,62,50
17436,Handsomedan,twisting-nether,1550,paladin,holy,54,26,28
17437,Jiberish,illidan,1548,paladin,holy,110,53,57
17438,Blarr,azshara,1541,paladin,holy,60,25,35
17439,Riptonix,stormrage,1540,paladin,holy,121,66,55
17440,Molki,tichondrius,1539,paladin,holy,93,54,39
17441,Discordnitro,illidan,1539,paladin,holy,36,20,16
17442,Gazapal,thrall,1528,paladin,holy,114,64,50
17443,Solfire,stormreaver,1526,paladin,holy,74,32,42
17444,Rodrigo,frostmourne,1524,paladin,holy,69,34,35
17445,Kidstable,nathrezim,1523,paladin,holy,70,27,43
17446,Avahir,moon-guard,1521,paladin,holy,48,24,24
17447,Beyönd,quelthalas,1520,paladin,holy,78,39,39
17448,Dageraad,tichondrius,1519,paladin,holy,30,16,14
17449,Bigoldman,tichondrius,1519,paladin,holy,72,37,35
17450,Gwok,thrall,1510,paladin,holy,64,34,30
17451,Caitthegreat,malorne,1508,paladin,holy,30,16,14
17452,Humañ,tichondrius,1507,paladin,holy,60,32,28
17453,Raigha,stormrage,1507,paladin,holy,30,16,14
17454,Cjqcjq,tichondrius,1507,paladin,holy,41,21,20
17455,Wokeinator,malganis,1506,paladin,holy,174,96,78
17456,Kdex,tichondrius,1505,paladin,holy,84,37,47
17457,Ageroÿ,sargeras,1503,paladin,holy,61,31,30
17458,Doofum,stormrage,1503,paladin,holy,131,58,73
17459,Brumm,quelthalas,1501,paladin,holy,77,39,38
17460,Devöut,aggramar,1501,paladin,holy,97,47,50
17461,Vitabro,bleeding-hollow,1500,paladin,holy,101,56,45
17462,Dodgeandhoj,nerzhul,1498,paladin,holy,30,16,14
17463,Rarth,nemesis,1497,paladin,holy,47,20,27
17464,Rg,nerzhul,1496,paladin,holy,179,86,93
17465,Jeromee,area-52,1496,paladin,holy,48,19,29
17466,Lightkillerx,thrall,1494,paladin,holy,84,37,47
17467,Xciss,kiljaeden,1493,paladin,holy,103,46,57
17468,Ibury,quelthalas,1492,paladin,holy,101,46,55
17469,Cynical,dalvengyr,1490,paladin,holy,66,40,26
17470,Wonpai,frostmourne,1490,paladin,holy,36,18,18
17471,Nickiminhoj,stormrage,1488,paladin,holy,51,29,22
17472,Handyandy,kelthuzad,1487,paladin,holy,94,50,44
17473,Allitharis,tichondrius,1486,paladin,holy,97,53,44
17474,Condone,earthen-ring,1484,paladin,holy,90,41,49
17475,Leónrey,stormrage,1484,paladin,holy,57,20,37
17476,Runihaveaids,stormrage,1483,paladin,holy,77,37,40
17477,Glørythrives,tichondrius,1483,paladin,holy,45,20,25
17478,Nrpzy,stormrage,1480,paladin,holy,65,32,33
17479,Senorbaxter,emerald-dream,1478,paladin,holy,48,17,31
17480,Jorik,lightbringer,1477,paladin,holy,42,20,22
17481,Granklol,tichondrius,1476,paladin,holy,50,25,25
17482,Percüles,sargeras,1473,paladin,holy,66,38,28
17483,Nume,nesingwary,1469,paladin,holy,24,16,8
17484,Judgemode,the-scryers,1468,paladin,holy,96,41,55
17485,Daenrahh,azralon,1465,paladin,holy,164,84,80
17486,Haitishammer,stormrage,1465,paladin,holy,60,27,33
17487,Konvi,tichondrius,1464,paladin,holy,60,24,36
17488,Cohesion,draenor,1461,paladin,holy,77,35,42
17489,Prettylightx,kelthuzad,1460,paladin,holy,95,44,51
17490,Quertz,sargeras,1458,paladin,holy,41,27,14
17491,Indemnity,wildhammer,1457,paladin,holy,69,40,29
17492,Gankstapwn,tichondrius,1455,paladin,holy,53,24,29
17493,Orphandog,zuljin,1454,paladin,holy,23,16,7
17494,Dewlight,zuljin,1454,paladin,holy,157,75,82
17495,Holyterror,dentarg,1451,paladin,holy,42,23,19
17496,Liå,frostmourne,1449,paladin,holy,78,43,35
17497,Zoeyxo,tichondrius,1448,paladin,holy,80,42,38
17498,Noback,ragnaros,1448,paladin,holy,66,31,35
17499,Kihluxo,frostmourne,1446,paladin,holy,101,56,45
17500,Holyknight,veknilash,1446,paladin,holy,71,32,39
17501,Bushÿ,tichondrius,1444,paladin,holy,88,50,38
17502,Celsica,kelthuzad,1443,paladin,holy,153,73,80
17503,Chowdar,proudmoore,1443,paladin,holy,78,36,42
17504,Holyprotectr,tichondrius,1442,paladin,holy,30,17,13
17505,Droopyz,quelthalas,1440,paladin,holy,48,19,29
17506,Sigmapepe,quelthalas,1436,paladin,holy,96,52,44
17507,Dadcantsac,frostmourne,1436,paladin,holy,75,37,38
17508,Careless,malganis,1435,paladin,holy,30,15,15
17509,Rezmefool,tichondrius,1428,paladin,holy,115,54,61
17510,Mayru,ragnaros,1425,paladin,holy,30,15,15
17511,Mabia,tichondrius,1421,paladin,holy,215,111,104
17512,Jpwx,barthilas,1419,paladin,holy,30,15,15
17513,Decalli,tichondrius,1417,paladin,holy,69,35,34
17514,Danpros,azralon,1417,paladin,holy,66,24,42
17515,Samaze,tichondrius,1413,paladin,holy,87,42,45
17516,Xuanxingchai,tichondrius,1413,paladin,holy,72,30,42
17517,Splashleyy,bleeding-hollow,1413,paladin,holy,60,23,37
17518,Amadeo,hyjal,1410,paladin,holy,77,34,43
17519,Jezëbel,azralon,1408,paladin,holy,24,15,9
17520,Donkeydumper,wyrmrest-accord,1407,paladin,holy,88,48,40
17521,Vasar,tichondrius,1406,paladin,holy,37,26,11
17522,Wonpaiv,frostmourne,1404,paladin,holy,35,15,20
17523,Moonmi,tichondrius,1403,paladin,holy,115,61,54
17524,Oralen,daggerspine,1402,paladin,holy,48,24,24
17525,Talantyr,zuljin,1398,paladin,holy,48,23,25
17526,Wálker,ragnaros,1397,paladin,holy,68,34,34
17527,Paladinaa,lothar,1393,paladin,holy,98,39,59
17528,Nanøha,frostmourne,1391,paladin,holy,82,22,60
17529,Anea,kelthuzad,1388,paladin,holy,32,17,15
17530,Summercarma,area-52,1387,paladin,holy,27,15,12
17531,Nxkita,sargeras,1387,paladin,holy,48,24,24
17532,Heaven,gurubashi,1382,paladin,holy,35,16,19
17533,Rengen,frostmourne,1379,paladin,holy,30,17,13
17534,Twck,hyjal,1374,paladin,holy,114,55,59
17535,Lu,the-venture-co,1371,paladin,holy,34,15,19
17536,Fiate,azralon,1370,paladin,holy,36,16,20
17537,Shaidd,bleeding-hollow,1368,paladin,holy,77,34,43
17538,Saeranella,moon-guard,1366,paladin,holy,106,44,62
17539,Holyhades,auchindoun,1360,paladin,holy,85,46,39
17540,Maeyz,sargeras,1358,paladin,holy,90,41,49
17541,Choonsly,tichondrius,1356,paladin,holy,69,36,33
17542,Omfgitsyang,tichondrius,1354,paladin,holy,23,15,8
17543,Maleguz,azralon,1354,paladin,holy,148,76,72
17544,Danyuel,zuljin,1354,paladin,holy,56,20,36
17545,Palapoxi,arygos,1353,paladin,holy,54,23,31
17546,Saphri,kiljaeden,1353,paladin,holy,63,26,37
17547,Brioc,tichondrius,1352,paladin,holy,30,17,13
17548,Galabanja,malganis,1350,paladin,holy,42,24,18
17549,Goodwood,ghostlands,1350,paladin,holy,42,18,24
17550,Hawtwangs,proudmoore,1349,paladin,holy,48,26,22
17551,Flippo,sargeras,1346,paladin,holy,36,17,19
17552,Quadrifoglio,moon-guard,1344,paladin,holy,199,100,99
17553,Uprise,chogall,1343,paladin,holy,42,19,23
17554,Miswalkpally,ragnaros,1342,paladin,holy,30,14,16
17555,Holymooie,frostmourne,1341,paladin,holy,24,14,10
17556,Chunzhangsqs,tichondrius,1339,paladin,holy,36,14,22
17557,Htmlar,tichondrius,1338,paladin,holy,63,35,28
17558,Therealdeal,sargeras,1338,paladin,holy,51,28,23
17559,Hodl,barthilas,1338,paladin,holy,89,47,42
17560,Xiaoladin,frostmourne,1337,paladin,holy,25,16,9
17561,Güido,stormrage,1337,paladin,holy,42,23,19
17562,Leonrey,stormrage,1337,paladin,holy,43,21,22
17563,Dwarrior,quelthalas,1337,paladin,holy,33,15,18
17564,Finerkane,quelthalas,1334,paladin,holy,138,62,76
17565,Alphanerd,burning-blade,1333,paladin,holy,55,27,28
17566,Minereth,quelthalas,1330,paladin,holy,48,24,24
17567,Buri,tichondrius,1330,paladin,holy,42,17,25
17568,Scrubbinton,zuljin,1330,paladin,holy,48,14,34
17569,Savagegirlz,tichondrius,1329,paladin,holy,72,33,39
17570,Syrenz,khazgoroth,1327,paladin,holy,42,24,18
17571,Castleknight,tichondrius,1327,paladin,holy,36,14,22
17572,Catechism,laughing-skull,1325,paladin,holy,44,24,20
17573,Jordenz,bonechewer,1324,paladin,holy,30,14,16
17574,Consecrated,daggerspine,1324,paladin,holy,75,30,45
17575,Ryhighh,sargeras,1324,paladin,holy,81,32,49
17576,Mcllovin,kiljaeden,1323,paladin,holy,60,28,32
17577,Paladinaiko,nemesis,1322,paladin,holy,111,56,55
17578,Zantdemption,frostmourne,1322,paladin,holy,30,15,15
17579,Kektrixia,tichondrius,1318,paladin,holy,24,15,9
17580,Ùnholypally,jubeithos,1316,paladin,holy,71,42,29
17581,Bakoø,tichondrius,1315,paladin,holy,42,17,25
17582,Valandiel,proudmoore,1315,paladin,holy,61,15,46
17583,Holyramen,illidan,1310,paladin,holy,108,45,63
17584,Ramphastoz,quelthalas,1307,paladin,holy,60,26,34
17585,Ozpal,burning-blade,1305,paladin,holy,38,24,14
17586,Errant,bonechewer,1305,paladin,holy,53,31,22
17587,Kriegmeister,amanthul,1305,paladin,holy,30,14,16
17588,Santiadin,ragnaros,1304,paladin,holy,20,15,5
17589,Dreadrot,azralon,1302,paladin,holy,50,24,26
17590,Sorkar,tichondrius,1301,paladin,holy,129,66,63
17591,Ironpaladin,sargeras,1297,paladin,holy,90,39,51
17592,Dimior,quelthalas,1296,paladin,holy,36,19,17
17593,Vurian,uther,1295,paladin,holy,90,36,54
17594,Gotomars,tichondrius,1295,paladin,holy,42,14,28
17595,Jestiny,amanthul,1290,paladin,holy,49,28,21
17596,Tandury,tichondrius,1277,paladin,holy,42,22,20
17597,Malakor,thrall,1274,paladin,holy,45,22,23
17598,Darkbringer,frostmourne,1268,paladin,holy,36,19,17
17599,Röniin,ragnaros,1267,paladin,holy,244,126,118
17600,Merll,ragnaros,1265,paladin,holy,115,55,60
17601,Affrika,ysondre,1264,paladin,holy,104,52,52
17602,Pallin,sargeras,1264,paladin,holy,90,41,49
17603,Quarall,blackhand,1263,paladin,holy,52,25,27
17604,Mawning,kelthuzad,1259,paladin,holy,45,22,23
17605,Salipally,dalaran,1258,paladin,holy,101,46,55
17606,Brenenk,quelthalas,1257,paladin,holy,65,32,33
17607,Vithar,bleeding-hollow,1257,paladin,holy,116,56,60
17608,Whangsta,tichondrius,1257,paladin,holy,42,19,23
17609,Holysplonk,stonemaul,1255,paladin,holy,72,30,42
17610,Negodoskate,nemesis,1252,paladin,holy,183,89,94
17611,Wukongsunn,dalaran,1251,paladin,holy,30,14,16
17612,Sinay,azshara,1250,paladin,holy,40,23,17
17613,Colbroggins,crushridge,1246,paladin,holy,36,18,18
17614,Chewiipal,dalaran,1245,paladin,holy,39,23,16
17615,Stephon,area-52,1244,paladin,holy,30,13,17
17616,Bubblepigo,tichondrius,1243,paladin,holy,36,22,14
17617,Sologriefer,sargeras,1242,paladin,holy,30,13,17
17618,Scarlet,skywall,1241,paladin,holy,30,13,17
17619,Undefeatæd,korgath,1238,paladin,holy,36,18,18
17620,Kristienna,boulderfist,1236,paladin,holy,35,16,19
17621,Jaenus,azralon,1236,paladin,holy,42,17,25
17622,Cbm,tichondrius,1235,paladin,holy,23,14,9
17623,Judgynomnom,the-underbog,1234,paladin,holy,36,13,23
17624,Kencyxx,tichondrius,1233,paladin,holy,30,13,17
17625,Oldgrumpster,stormrage,1232,paladin,holy,93,43,50
17626,Harryhui,tichondrius,1231,paladin,holy,24,13,11
17627,Aoishie,bleeding-hollow,1229,paladin,holy,84,38,46
17628,Justizz,vashj,1228,paladin,holy,65,35,30
17629,Chopsparks,khadgar,1228,paladin,holy,123,63,60
17630,Enuug,malfurion,1226,paladin,holy,42,23,19
17631,Mundomaloo,quelthalas,1226,paladin,holy,59,31,28
17632,Crocfacex,tichondrius,1226,paladin,holy,46,18,28
17633,Holyredx,bleeding-hollow,1224,paladin,holy,84,45,39
17634,Aellithiene,tichondrius,1221,paladin,holy,30,13,17
17635,Elizzabeth,skullcrusher,1220,paladin,holy,35,21,14
17636,Ramspartan,drakkari,1218,paladin,holy,106,52,54
17637,Boarfarmer,tichondrius,1215,paladin,holy,81,35,46
17638,Saffranzord,azralon,1214,paladin,holy,73,35,38
17639,Kamaelyn,proudmoore,1211,paladin,holy,133,68,65
17640,Fuzed,frostmourne,1211,paladin,holy,141,70,71
17641,Capedcrusade,area-52,1208,paladin,holy,24,13,11
17642,Yérn,barthilas,1208,paladin,holy,42,15,27
17643,Xq,aegwynn,1205,paladin,holy,38,18,20
17644,Hobbsone,trollbane,1204,paladin,holy,107,40,67
17645,Burgalveist,azgalor,1202,paladin,holy,25,15,10
17646,Maaxxee,zuljin,1200,paladin,holy,27,13,14
17647,Bárdokø,ragnaros,1198,paladin,holy,48,23,25
17648,Mörphêus,tichondrius,1197,paladin,holy,54,30,24
17649,Encantado,thrall,1196,paladin,holy,31,15,16
17650,Shorthordeon,kelthuzad,1194,paladin,holy,54,30,24
17651,Dbolpala,frostmourne,1192,paladin,holy,48,26,22
17652,Pallythre,proudmoore,1187,paladin,holy,54,23,31
17653,Diebeatus,zuljin,1181,paladin,holy,48,20,28
17654,Sixtynine,nathrezim,1180,paladin,holy,78,35,43
17655,Myrthedara,kargath,1178,paladin,holy,33,16,17
17656,Lilfingered,malganis,1177,paladin,holy,30,14,16
17657,Hawianbread,stormrage,1174,paladin,holy,24,13,11
17658,Barbaluzz,quelthalas,1174,paladin,holy,257,123,134
17659,Solanin,frostmourne,1169,paladin,holy,51,26,25
17660,Cowladino,tichondrius,1169,paladin,holy,36,15,21
17661,Coltlocks,sargeras,1168,paladin,holy,36,14,22
17662,Hammercy,tichondrius,1155,paladin,holy,73,39,34
17663,Onecmpeter,kelthuzad,1152,paladin,holy,67,38,29
17664,Boxjang,tichondrius,1149,paladin,holy,24,12,12
17665,Abellpally,tichondrius,1149,paladin,holy,24,12,12
17666,Bubblebooty,drakthul,1146,paladin,holy,48,30,18
17667,Renteria,sargeras,1144,paladin,holy,24,12,12
17668,Sinara,detheroc,1143,paladin,holy,119,56,63
17669,Kënsi,quelthalas,1141,paladin,holy,134,68,66
17670,Randuir,proudmoore,1140,paladin,holy,42,20,22
17671,Dazztrain,barthilas,1139,paladin,holy,24,12,12
17672,Deepsearide,illidan,1139,paladin,holy,54,26,28
17673,Exxin,turalyon,1139,paladin,holy,90,40,50
17674,Flareous,moon-guard,1138,paladin,holy,30,12,18
17675,Crüst,proudmoore,1135,paladin,holy,24,12,12
17676,Daik,proudmoore,1134,paladin,holy,24,15,9
17677,Toroke,nemesis,1133,paladin,holy,42,23,19
17678,Toesy,area-52,1128,paladin,holy,58,23,35
17679,Alarter,azralon,1128,paladin,holy,36,13,23
17680,Dóminos,quelthalas,1127,paladin,holy,24,12,12
17681,Stompcomp,tichondrius,1127,paladin,holy,59,29,30
17682,Belmonte,greymane,1125,paladin,holy,18,12,6
17683,Kentö,area-52,1123,paladin,holy,30,14,16
17684,Balanoriaa,azralon,1122,paladin,holy,50,24,26
17685,Faileeria,malganis,1121,paladin,holy,24,16,8
17686,Bonz,ragnaros,1121,paladin,holy,24,12,12
17687,Galeras,norgannon,1120,paladin,holy,107,43,64
17688,Sloppybobby,zuljin,1119,paladin,holy,30,16,14
17689,Ziggzag,hyjal,1117,paladin,holy,78,34,44
17690,Dawnhammer,mugthol,1115,paladin,holy,52,25,27
17691,Palooma,area-52,1115,paladin,holy,48,20,28
17692,Biwi,zuljin,1115,paladin,holy,61,25,36
17693,Zowolf,quelthalas,1108,paladin,holy,65,33,32
17694,Acori,azralon,1108,paladin,holy,39,18,21
17695,Lovehan,tichondrius,1103,paladin,holy,27,12,15
17696,Holysols,zuljin,1102,paladin,holy,24,12,12
17697,Swordstrikes,tichondrius,1096,paladin,holy,23,12,11
17698,Júpiter,kiljaeden,1091,paladin,holy,22,13,9
17699,Rykeran,warsong,1088,paladin,holy,78,46,32
17700,Ëd,moon-guard,1088,paladin,holy,162,79,83
17701,Granitei,quelthalas,1086,paladin,holy,27,13,14
17702,Lobõ,ragnaros,1086,paladin,holy,48,18,30
17703,Odiinn,stormscale,1086,paladin,holy,33,12,21
17704,Maín,tichondrius,1085,paladin,holy,22,12,10
17705,Liadrin,sentinels,1085,paladin,holy,29,12,17
17706,Teloniow,quelthalas,1084,paladin,holy,38,19,19
17707,Spikele,barthilas,1079,paladin,holy,30,13,17
17708,Shocka,norgannon,1078,paladin,holy,90,48,42
17709,Beerüs,crushridge,1069,paladin,holy,27,12,15
17710,Stemi,kelthuzad,1069,paladin,holy,35,12,23
17711,Lycheelz,illidan,1064,paladin,holy,48,26,22
17712,Unworn,proudmoore,1064,paladin,holy,36,17,19
17713,Vidalia,barthilas,1062,paladin,holy,23,12,11
17714,Rajava,gallywix,1062,paladin,holy,48,25,23
17715,Buckybarnes,gorefiend,1060,paladin,holy,36,23,13
17716,Hivers,stormrage,1059,paladin,holy,42,18,24
17717,Mèdic,illidan,1057,paladin,holy,62,34,28
17718,Odriew,sargeras,1056,paladin,holy,18,11,7
17719,Twichy,tichondrius,1055,paladin,holy,18,11,7
17720,Waifu,area-52,1055,paladin,holy,18,11,7
17721,Bushys,tichondrius,1055,paladin,holy,18,11,7
17722,Lazio,frostmourne,1055,paladin,holy,24,11,13
17723,Lickmysacx,tichondrius,1055,paladin,holy,30,11,19
17724,Aldrion,stormrage,1054,paladin,holy,24,11,13
17725,Ricopal,frostmourne,1054,paladin,holy,30,11,19
17726,Shagalaga,tichondrius,1053,paladin,holy,24,11,13
17727,Amiigo,tichondrius,1052,paladin,holy,24,11,13
17728,Malakk,zuljin,1051,paladin,holy,47,25,22
17729,Ramhammerz,sargeras,1051,paladin,holy,54,23,31
17730,Kolmourn,deathwing,1048,paladin,holy,30,11,19
17731,Imabandagins,bleeding-hollow,1045,paladin,holy,18,11,7
17732,Joeboomers,tichondrius,1045,paladin,holy,24,13,11
17733,Resio,illidan,1045,paladin,holy,30,12,18
17734,Overthrrow,kelthuzad,1042,paladin,holy,123,62,61
17735,Hybbo,runetotem,1042,paladin,holy,24,12,12
17736,Yadiyadiyada,barthilas,1038,paladin,holy,18,11,7
17737,Tyriam,stormscale,1038,paladin,holy,18,11,7
17738,Holodecoy,bleeding-hollow,1038,paladin,holy,18,11,7
17739,Mcduss,proudmoore,1037,paladin,holy,18,11,7
17740,Jacobhowda,tichondrius,1037,paladin,holy,30,11,19
17741,Nugsbunne,tichondrius,1035,paladin,holy,115,49,66
17742,Lukas,vashj,1033,paladin,holy,95,46,49
17743,Pheriox,agamaggan,1032,paladin,holy,24,11,13
17744,Starfaith,illidan,1032,paladin,holy,67,27,40
17745,Va,onyxia,1029,paladin,holy,54,26,28
17746,Palqq,tichondrius,1025,paladin,holy,24,11,13
17747,Imajeala,thrall,1024,paladin,holy,28,18,10
17748,Ahundo,stonemaul,1022,paladin,holy,35,18,17
17749,Center,ragnaros,1022,paladin,holy,23,11,12
17750,Palaadiin,sargeras,1016,paladin,holy,42,21,21
17751,Xöchïqüëtzäl,tichondrius,1016,paladin,holy,23,11,12
17752,Varenka,stormrage,1015,paladin,holy,83,36,47
17753,Iamholyman,dragonmaw,1014,paladin,holy,29,14,15
17754,Vamir,magtheridon,1014,paladin,holy,30,13,17
17755,Ihr,kiljaeden,1013,paladin,holy,63,28,35
17756,Jazzmatic,dalaran,1012,paladin,holy,23,11,12
17757,Paladinomoto,sargeras,1011,paladin,holy,29,12,17
17758,Troxnar,ragnaros,1000,paladin,holy,28,18,10
17759,Paulx,malganis,999,paladin,holy,75,40,35
17760,Gigadunker,tichondrius,999,paladin,holy,29,13,16
17761,Seonghwa,kelthuzad,996,paladin,holy,28,18,10
17762,Minouther,area-52,996,paladin,holy,68,25,43
17763,Ðß,arthas,995,paladin,holy,30,15,15
17764,Hzo,tichondrius,989,paladin,holy,17,11,6
17765,Kaina,wildhammer,987,paladin,holy,53,22,31
17766,Colombía,illidan,986,paladin,holy,54,27,27
17767,Agravaine,moon-guard,986,paladin,holy,23,11,12
17768,Ckemosabe,emerald-dream,985,paladin,holy,32,11,21
17769,Adventholy,tichondrius,970,paladin,holy,36,15,21
17770,Photons,emerald-dream,966,paladin,holy,24,13,11
17771,Romeoo,silver-hand,964,paladin,holy,66,26,40
17772,Hammerabi,moon-guard,963,paladin,holy,21,13,8
17773,Thoryin,tichondrius,960,paladin,holy,12,10,2
17774,Síríús,malganis,960,paladin,holy,15,11,4
17775,Censy,tichondrius,960,paladin,holy,18,10,8
17776,Svitanie,bleeding-hollow,960,paladin,holy,80,38,42
17777,Mangoflash,malganis,960,paladin,holy,24,10,14
17778,Bopthebomb,sargeras,959,paladin,holy,18,10,8
17779,Kencyz,tichondrius,959,paladin,holy,18,10,8
17780,Arevia,stormrage,959,paladin,holy,18,10,8
17781,Boundric,emerald-dream,959,paladin,holy,18,10,8
17782,Rhönin,sargeras,959,paladin,holy,24,10,14
17783,Bërzerk,zuluhed,959,paladin,holy,30,10,20
17784,Klam,kelthuzad,958,paladin,holy,24,10,14
17785,Vajuicy,dalaran,957,paladin,holy,24,10,14
17786,Lightswitchx,stormrage,957,paladin,holy,24,10,14
17787,Marklite,area-52,955,paladin,holy,24,10,14
17788,Viviana,shadowmoon,955,paladin,holy,24,10,14
17789,Raenilil,area-52,955,paladin,holy,30,12,18
17790,Avasti,proudmoore,953,paladin,holy,24,10,14
17791,Dragonchaos,ragnaros,953,paladin,holy,27,11,16
17792,Palladomal,azralon,952,paladin,holy,30,10,20
17793,Snnow,stormrage,951,paladin,holy,30,19,11
17794,Motoa,stormrage,951,paladin,holy,18,10,8
17795,Sventyn,frostmourne,951,paladin,holy,25,11,14
17796,Paladam,burning-blade,948,paladin,holy,24,10,14
17797,Holydood,thunderhorn,947,paladin,holy,18,10,8
17798,Nikopala,tichondrius,945,paladin,holy,18,10,8
17799,Tolliver,area-52,944,paladin,holy,18,11,7
17800,Maldobarr,stormrage,944,paladin,holy,24,10,14
17801,Athanaiëll,proudmoore,942,paladin,holy,12,10,2
17802,Blackiron,frostmourne,941,paladin,holy,23,10,13
17803,Swazanaseger,frostmourne,941,paladin,holy,24,10,14
17804,Shâka,stormrage,940,paladin,holy,39,20,19
17805,Doidyph,frostmourne,935,paladin,holy,24,10,14
17806,Eradrae,mannoroth,933,paladin,holy,18,10,8
17807,Saìdelia,moon-guard,929,paladin,holy,71,24,47
17808,Mianheyo,quelthalas,919,paladin,holy,35,14,21
17809,Hentaiangel,kiljaeden,918,paladin,holy,39,19,20
17810,Psychorino,tichondrius,906,paladin,holy,27,10,17
17811,Grumpybubble,sargeras,905,paladin,holy,19,11,8
17812,Zhahira,hakkar,905,paladin,holy,24,10,14
17813,Thaedrun,hydraxis,896,paladin,holy,54,26,28
17814,Fedpowell,tichondrius,894,paladin,holy,23,10,13
17815,Monad,nazjatar,893,paladin,holy,36,15,21
17816,Shananakin,azshara,892,paladin,holy,29,13,16
17817,Huijji,illidan,891,paladin,holy,18,11,7
17818,Moogmodular,malganis,890,paladin,holy,27,11,16
17819,Gênji,eldrethalas,890,paladin,holy,48,16,32
17820,Zakh,proudmoore,882,paladin,holy,26,11,15
17821,Papakatsu,proudmoore,878,paladin,holy,48,22,26
17822,Ascension,amanthul,866,paladin,holy,120,44,76
17823,Bobthemad,proudmoore,864,paladin,holy,12,9,3
17824,Sovice,illidan,864,paladin,holy,12,9,3
17825,Trâshcårt,sargeras,864,paladin,holy,12,9,3
17826,Adrizzyx,barthilas,864,paladin,holy,18,9,9
17827,Rachaelucky,malganis,864,paladin,holy,18,9,9
17828,Airbusx,tichondrius,864,paladin,holy,18,9,9
17829,Deadry,ysera,864,paladin,holy,18,9,9
17830,Zilzag,moon-guard,864,paladin,holy,23,9,14
17831,Diamondwater,tichondrius,864,paladin,holy,24,9,15
17832,Racketyman,illidan,863,paladin,holy,12,9,3
17833,Superzero,area-52,863,paladin,holy,12,9,3
17834,Sutadansa,doomhammer,863,paladin,holy,77,42,35
17835,Gorilla,kiljaeden,863,paladin,holy,48,9,39
17836,Repèntance,stormrage,862,paladin,holy,18,9,9
17837,Sevenword,tichondrius,862,paladin,holy,18,9,9
17838,Kusotarão,nemesis,861,paladin,holy,18,9,9
17839,Palltard,illidan,861,paladin,holy,24,9,15
17840,Chånïng,frostmourne,859,paladin,holy,24,9,15
17841,Spamsalot,malganis,857,paladin,holy,24,9,15
17842,Holyiseasy,alleria,853,paladin,holy,29,11,18
17843,Nedorshock,stormrage,853,paladin,holy,24,9,15
17844,Veronica,sentinels,852,paladin,holy,42,9,33
17845,Vëlar,tichondrius,851,paladin,holy,18,9,9
17846,Mytolo,malganis,851,paladin,holy,24,9,15
17847,Maalik,thrall,844,paladin,holy,18,9,9
17848,Jaok,tichondrius,831,paladin,holy,21,10,11
17849,Bainn,nerzhul,822,paladin,holy,73,31,42
17850,Lavarball,tichondrius,810,paladin,holy,35,11,24
17851,Praisin,zuljin,805,paladin,holy,18,9,9
17852,Justeight,stormrage,804,paladin,holy,22,10,12
17853,Nea,argent-dawn,784,paladin,holy,65,22,43
17854,Buqi,barthilas,782,paladin,holy,27,9,18
17855,Holyfrénzy,thrall,776,paladin,holy,25,9,16
17856,Nualrossan,veknilash,776,paladin,holy,42,14,28
17857,Alkyna,kelthuzad,768,paladin,holy,12,8,4
17858,Kritzyx,stormrage,768,paladin,holy,12,8,4
17859,Swellowsx,tichondrius,768,paladin,holy,12,8,4
17860,Archerxx,ragnaros,768,paladin,holy,12,8,4
17861,Rhönin,illidan,768,paladin,holy,12,8,4
17862,Zero,anetheron,768,paladin,holy,18,8,10
17863,Kensyzs,tichondrius,768,paladin,holy,18,8,10
17864,Everrlasting,tichondrius,768,paladin,holy,18,8,10
17865,Artús,ragnaros,768,paladin,holy,18,8,10
17866,Regivan,nemesis,768,paladin,holy,24,8,16
17867,Blessthfall,bleeding-hollow,768,paladin,holy,36,8,28
17868,Usebandage,sargeras,767,paladin,holy,12,8,4
17869,Mhera,sargeras,767,paladin,holy,12,8,4
17870,Bestpally,alterac-mountains,767,paladin,holy,12,8,4
17871,Zenkk,sargeras,767,paladin,holy,16,9,7
17872,Tigranes,proudmoore,767,paladin,holy,18,8,10
17873,Lanzzelot,goldrinn,767,paladin,holy,18,8,10
17874,Swamprat,zuljin,767,paladin,holy,18,8,10
17875,Zakath,the-underbog,767,paladin,holy,18,8,10
17876,Wonpai,barthilas,767,paladin,holy,18,8,10
17877,Trancelancer,kelthuzad,767,paladin,holy,18,8,10
17878,Miniweiner,proudmoore,767,paladin,holy,18,8,10
17879,Pandahorn,tichondrius,767,paladin,holy,24,8,16
17880,Bebebig,tichondrius,766,paladin,holy,12,8,4
17881,Caike,frostmourne,766,paladin,holy,12,8,4
17882,Notdjalex,zuljin,766,paladin,holy,12,8,4
17883,Hruuhwa,wyrmrest-accord,766,paladin,holy,12,8,4
17884,Thonar,stormrage,765,paladin,holy,12,8,4
17885,Revenere,tichondrius,765,paladin,holy,36,8,28
17886,Grumpy,the-forgotten-coast,764,paladin,holy,12,8,4
17887,Elogant,mannoroth,764,paladin,holy,12,8,4
17888,Pambam,thrall,763,paladin,holy,18,9,9
17889,Clehley,turalyon,760,paladin,holy,24,8,16
17890,Vaalbara,fizzcrank,757,paladin,holy,18,8,10
17891,Blacktemplar,area-52,755,paladin,holy,18,8,10
17892,Darkwingdad,illidan,752,paladin,holy,33,13,20
17893,Willycrow,nordrassil,740,paladin,holy,18,8,10
17894,Mirotchburns,illidan,724,paladin,holy,16,9,7
17895,Holyslapy,illidan,717,paladin,holy,15,9,6
17896,Crinject,sargeras,672,paladin,holy,12,7,5
17897,Ilovecanada,sargeras,672,paladin,holy,12,7,5
17898,Naxzy,quelthalas,672,paladin,holy,12,7,5
17899,Imsuffering,zuljin,672,paladin,holy,12,7,5
17900,Bubblet,bleeding-hollow,672,paladin,holy,12,7,5
17901,Shxz,illidan,672,paladin,holy,12,7,5
17902,Oîn,area-52,672,paladin,holy,12,7,5
17903,Loganholy,tichondrius,672,paladin,holy,12,7,5
17904,Peelmeree,kelthuzad,672,paladin,holy,12,7,5
17905,Bigolbittiez,tichondrius,672,paladin,holy,12,7,5
17906,Busdid,sargeras,672,paladin,holy,12,7,5
17907,Aulty,sargeras,672,paladin,holy,12,7,5
17908,Xiaoholy,barthilas,672,paladin,holy,12,7,5
17909,Gimmethéloot,stormrage,672,paladin,holy,12,7,5
17910,Orekilol,stormrage,672,paladin,holy,18,7,11
17911,Zayiro,eonar,672,paladin,holy,24,7,17
17912,Stompedlawl,illidan,672,paladin,holy,24,7,17
17913,Sensible,sargeras,672,paladin,holy,24,7,17
17914,Boraz,bleeding-hollow,672,paladin,holy,36,7,29
17915,Lördnextdoor,tichondrius,671,paladin,holy,12,7,5
17916,Evanlina,bleeding-hollow,671,paladin,holy,12,7,5
17917,Doktavius,lightbringer,671,paladin,holy,12,7,5
17918,Thin,ragnaros,671,paladin,holy,12,7,5
17919,Loguto,stormrage,671,paladin,holy,18,7,11
17920,Shoppee,jubeithos,671,paladin,holy,18,7,11
17921,Virkas,area-52,671,paladin,holy,18,7,11
17922,Animal,korialstrasz,671,paladin,holy,18,7,11
17923,Lemmiéwinkzz,sargeras,671,paladin,holy,18,7,11
17924,Sýteck,sargeras,671,paladin,holy,24,7,17
17925,Korvén,area-52,670,paladin,holy,12,7,5
17926,Drgn,azgalor,670,paladin,holy,30,7,23
17927,Saxmurderz,tichondrius,669,paladin,holy,12,7,5
17928,Pluto,the-underbog,669,paladin,holy,12,7,5
17929,Stationarity,frostmourne,669,paladin,holy,18,7,11
17930,Røusseff,azralon,669,paladin,holy,18,7,11
17931,Kimahri,anvilmar,669,paladin,holy,36,7,29
17932,Voxoen,bleeding-hollow,668,paladin,holy,12,7,5
17933,Cephadrome,proudmoore,667,paladin,holy,12,7,5
17934,Madcandy,illidan,667,paladin,holy,12,7,5
17935,Bangerzzx,sargeras,663,paladin,holy,18,7,11
17936,Chaós,queldorei,657,paladin,holy,18,7,11
17937,Snowdawg,blackhand,654,paladin,holy,24,7,17
17938,Emojunz,ragnaros,638,paladin,holy,11,7,4
17939,Mycow,tichondrius,638,paladin,holy,17,7,10
17940,Delilahxoxo,mugthol,615,paladin,holy,33,9,24
17941,Mojiberus,wyrmrest-accord,606,paladin,holy,14,7,7
17942,Erán,quelthalas,600,paladin,holy,14,7,7
17943,Turnevil,wyrmrest-accord,591,paladin,holy,19,7,12
17944,Jonfox,stormrage,590,paladin,holy,11,7,4
17945,Lhpal,ragnaros,576,paladin,holy,6,6,0
17946,Bulgecranker,tichondrius,576,paladin,holy,6,6,0
17947,Wonpait,frostmourne,576,paladin,holy,9,7,2
17948,Catharsis,tichondrius,576,paladin,holy,12,6,6
17949,Fadiez,sargeras,576,paladin,holy,12,6,6
17950,Tolentino,elune,576,paladin,holy,12,6,6
17951,Piura,stormreaver,576,paladin,holy,12,6,6
17952,Narcissism,emerald-dream,576,paladin,holy,12,6,6
17953,Squarehammer,blackrock,576,paladin,holy,12,6,6
17954,Dequincy,tichondrius,576,paladin,holy,12,6,6
17955,Amadin,winterhoof,576,paladin,holy,12,6,6
17956,Madorian,bleeding-hollow,576,paladin,holy,18,6,12
17957,Remibear,tichondrius,576,paladin,holy,18,6,12
17958,Kelosia,bonechewer,576,paladin,holy,18,6,12
17959,Santiagolol,ragnaros,576,paladin,holy,24,6,18
17960,Acpally,tichondrius,576,paladin,holy,24,6,18
17961,Leatherfase,dalaran,575,paladin,holy,12,6,6
17962,Jereth,kelthuzad,575,paladin,holy,12,6,6
17963,Kipow,proudmoore,575,paladin,holy,12,6,6
17964,Cassiel,barthilas,575,paladin,holy,12,6,6
17965,Roachpally,area-52,575,paladin,holy,12,6,6
17966,Nøzawkalypse,kelthuzad,575,paladin,holy,12,6,6
17967,Emptyjump,eredar,575,paladin,holy,12,6,6
17968,Vänhélsing,tichondrius,575,paladin,holy,13,6,7
17969,Tig,alleria,575,paladin,holy,18,6,12
17970,Hojadin,area-52,575,paladin,holy,18,6,12
17971,Rhonielson,tichondrius,574,paladin,holy,12,6,6
17972,Hitsilent,warsong,574,paladin,holy,12,6,6
17973,Sixthycent,kiljaeden,574,paladin,holy,12,6,6
17974,Kilion,illidan,574,paladin,holy,18,6,12
17975,Ahsys,tichondrius,574,paladin,holy,18,6,12
17976,Mitshuki,ragnaros,573,paladin,holy,18,6,12
17977,Ducii,stormrage,571,paladin,holy,18,6,12
17978,Cloûd,tichondrius,570,paladin,holy,13,6,7
17979,Maplleafs,kelthuzad,560,paladin,holy,24,6,18
17980,Fayernaa,proudmoore,557,paladin,holy,10,7,3
17981,Powtilted,thrall,543,paladin,holy,11,6,5
17982,Redpally,emerald-dream,543,paladin,holy,16,6,10
17983,Møcha,moon-guard,542,paladin,holy,14,7,7
17984,Heniou,tichondrius,542,paladin,holy,17,6,11
17985,Eboi,daggerspine,542,paladin,holy,26,7,19
17986,Kbot,zuljin,528,paladin,holy,9,6,3
17987,Dispirit,the-forgotten-coast,523,paladin,holy,11,6,5
17988,Mfn,tichondrius,522,paladin,holy,12,7,5
17989,Theebus,tichondrius,522,paladin,holy,23,7,16
17990,Biggestkritz,frostmourne,511,paladin,holy,14,6,8
17991,Trivana,durotan,496,paladin,holy,7,6,1
17992,Holythunderx,tichondrius,496,paladin,holy,19,6,13
17993,Badboí,azralon,480,paladin,holy,6,5,1
17994,Zanduncy,stormrage,480,paladin,holy,6,5,1
17995,Msheen,azralon,480,paladin,holy,6,5,1
17996,Dlt,frostmourne,480,paladin,holy,6,5,1
17997,Zenastra,moon-guard,480,paladin,holy,6,5,1
17998,Gøldenlight,illidan,480,paladin,holy,12,5,7
17999,Gareyn,moon-guard,480,paladin,holy,12,5,7
18000,Zhangliyi,tichondrius,480,paladin,holy,12,5,7
18001,Trycider,lightninghoof,480,paladin,holy,12,5,7
18002,Beila,illidan,480,paladin,holy,12,5,7
18003,Inmortall,illidan,480,paladin,holy,12,5,7
18004,Hamen,frostwolf,480,paladin,holy,12,5,7
18005,Velline,tichondrius,480,paladin,holy,12,5,7
18006,Lyticmartyr,bleeding-hollow,480,paladin,holy,12,5,7
18007,Garethorne,illidan,480,paladin,holy,12,5,7
18008,Tèhflip,tichondrius,480,paladin,holy,12,5,7
18009,Fartburger,saurfang,480,paladin,holy,12,5,7
18010,Saintus,proudmoore,480,paladin,holy,12,5,7
18011,Twoshockz,stormrage,480,paladin,holy,12,5,7
18012,Vaerume,sargeras,480,paladin,holy,12,5,7
18013,Mightypally,area-52,480,paladin,holy,12,5,7
18014,Sprjustice,frostmourne,480,paladin,holy,12,5,7
18015,Bíteme,sargeras,480,paladin,holy,15,6,9
18016,Trevmagoosey,tichondrius,480,paladin,holy,18,5,13
18017,Chrisgrin,malganis,480,paladin,holy,18,5,13
18018,Bubbleosèven,tichondrius,479,paladin,holy,6,5,1
18019,Loabandit,malorne,479,paladin,holy,12,5,7
18020,Tankgreed,quelthalas,479,paladin,holy,12,5,7
18021,Mileihot,quelthalas,479,paladin,holy,12,5,7
18022,Goksuu,ragnaros,479,paladin,holy,12,5,7
18023,Holyshasha,tichondrius,479,paladin,holy,12,5,7
18024,Gyle,stormrage,479,paladin,holy,12,5,7
18025,Joelsama,area-52,479,paladin,holy,12,5,7
18026,Marcopolo,azralon,479,paladin,holy,12,5,7
18027,Mightythorxx,tichondrius,479,paladin,holy,12,5,7
18028,Meistyr,thrall,479,paladin,holy,18,5,13
18029,Boiducéu,azralon,478,paladin,holy,12,5,7
18030,Yobnai,zuljin,478,paladin,holy,12,5,7
18031,Duecesz,area-52,478,paladin,holy,26,5,21
18032,Sovereignt,aggramar,477,paladin,holy,12,5,7
18033,Goingturbo,wyrmrest-accord,477,paladin,holy,12,5,7
18034,Redentor,dalaran,473,paladin,holy,12,5,7
18035,Parts,aerie-peak,468,paladin,holy,30,5,25
18036,Fleshoflíght,azjolnerub,463,paladin,holy,11,5,6
18037,Toastedheals,stormreaver,463,paladin,holy,17,5,12
18038,Blancaflór,ragnaros,447,paladin,holy,11,5,6
18039,Ziggerqt,stormrage,432,paladin,holy,15,5,10
18040,Nivie,moon-guard,430,paladin,holy,15,5,10
18041,Rashell,garrosh,426,paladin,holy,16,7,9
18042,Retribution,mannoroth,426,paladin,holy,23,6,17
18043,Monts,azralon,425,paladin,holy,20,7,13
18044,Ziti,bonechewer,415,paladin,holy,8,5,3
18045,Cyandra,moon-guard,400,paladin,holy,7,5,2
18046,Dewagon,area-52,398,paladin,holy,19,5,14
18047,Immensepower,tichondrius,384,paladin,holy,6,4,2
18048,Ohthatguy,sargeras,384,paladin,holy,6,4,2
18049,Kigz,illidan,384,paladin,holy,6,4,2
18050,Cheers,garona,384,paladin,holy,6,4,2
18051,Arleos,mannoroth,384,paladin,holy,6,4,2
18052,Mywifeisbad,tichondrius,384,paladin,holy,6,4,2
18053,Lightwerk,frostmourne,384,paladin,holy,6,4,2
18054,Icac,stormrage,384,paladin,holy,6,4,2
18055,Îcandy,stormrage,384,paladin,holy,6,4,2
18056,Dumpytrucks,sargeras,384,paladin,holy,6,4,2
18057,Respect,black-dragonflight,384,paladin,holy,6,4,2
18058,Ladanthal,barthilas,384,paladin,holy,6,4,2
18059,Eladore,hakkar,384,paladin,holy,6,4,2
18060,Rc,tichondrius,384,paladin,holy,6,4,2
18061,Decree,rexxar,384,paladin,holy,6,4,2
18062,Sanasana,spirestone,384,paladin,holy,6,4,2
18063,Neurôtoxins,frostmourne,384,paladin,holy,6,4,2
18064,Leddie,stormrage,384,paladin,holy,6,4,2
18065,Devsrdumb,bonechewer,384,paladin,holy,12,4,8
18066,Contémpt,kelthuzad,384,paladin,holy,12,4,8
18067,Waldir,silver-hand,384,paladin,holy,12,4,8
18068,Daflash,emerald-dream,384,paladin,holy,12,4,8
18069,Flow,spinebreaker,384,paladin,holy,12,4,8
18070,Nerfrets,stormrage,384,paladin,holy,12,4,8
18071,Ajlol,thrall,384,paladin,holy,12,4,8
18072,Holygutzz,barthilas,384,paladin,holy,12,4,8
18073,Bighardshock,aggramar,384,paladin,holy,12,4,8
18074,Swolsus,illidan,384,paladin,holy,12,4,8
18075,Nontheism,malganis,384,paladin,holy,12,4,8
18076,Lesauceboss,tichondrius,384,paladin,holy,12,4,8
18077,Wangzu,wildhammer,384,paladin,holy,12,4,8
18078,Bigtimepali,tichondrius,384,paladin,holy,12,4,8
18079,Dimix,sargeras,384,paladin,holy,12,4,8
18080,Nikkixo,ysera,384,paladin,holy,12,4,8
18081,Gotredwings,proudmoore,384,paladin,holy,12,4,8
18082,Healadelphia,illidan,384,paladin,holy,12,4,8
18083,Footjob,baelgun,384,paladin,holy,12,4,8
18084,Cadap,bleeding-hollow,384,paladin,holy,12,4,8
18085,Sacratess,area-52,384,paladin,holy,12,4,8
18086,Palawun,nerzhul,384,paladin,holy,12,4,8
18087,Doorii,tichondrius,384,paladin,holy,18,4,14
18088,Caobobby,tichondrius,384,paladin,holy,18,4,14
18089,Retholyprot,tichondrius,384,paladin,holy,18,4,14
18090,Bloodangelz,sargeras,384,paladin,holy,18,4,14
18091,Kaminasol,quelthalas,384,paladin,holy,18,4,14
18092,Beebopper,illidan,384,paladin,holy,18,4,14
18093,Cutebtw,zuljin,384,paladin,holy,18,4,14
18094,Hímüra,nemesis,384,paladin,holy,18,4,14
18095,Mikeawk,tichondrius,384,paladin,holy,24,4,20
18096,Holyflux,winterhoof,383,paladin,holy,6,4,2
18097,Guççi,thunderlord,383,paladin,holy,12,4,8
18098,Lunchmoney,aggramar,383,paladin,holy,12,4,8
18099,Akromma,drakkari,383,paladin,holy,12,4,8
18100,Vorex,ragnaros,383,paladin,holy,12,4,8
18101,Lightbeard,feathermoon,383,paladin,holy,12,4,8
18102,Thulamon,zuljin,383,paladin,holy,12,4,8
18103,Dreemie,tichondrius,383,paladin,holy,18,4,14
18104,Anjøs,azralon,383,paladin,holy,18,4,14
18105,Alyosya,barthilas,383,paladin,holy,24,4,20
18106,Unsungherø,skywall,382,paladin,holy,6,4,2
18107,Rustacian,area-52,380,paladin,holy,12,4,8
18108,Orleenz,zuljin,379,paladin,holy,12,4,8
18109,Gnomeslapper,frostmourne,351,paladin,holy,11,4,7
18110,Lucciuzz,tichondrius,351,paladin,holy,11,4,7
18111,Aärøn,stormrage,351,paladin,holy,11,4,7
18112,Tarnak,kelthuzad,336,paladin,holy,15,4,11
18113,Nvgesus,undermine,329,paladin,holy,16,5,11
18114,Veeve,emerald-dream,304,paladin,holy,7,4,3
18115,Nulric,moon-guard,304,paladin,holy,13,4,9
18116,Kaleroenin,cenarius,288,paladin,holy,6,3,3
18117,Breesh,nerzhul,288,paladin,holy,6,3,3
18118,Leronos,zuljin,288,paladin,holy,6,3,3
18119,Repgodx,illidan,288,paladin,holy,6,3,3
18120,Gothsick,zuljin,288,paladin,holy,6,3,3
18121,Laythoz,hyjal,288,paladin,holy,6,3,3
18122,Soapgirl,area-52,288,paladin,holy,6,3,3
18123,Datguysname,illidan,288,paladin,holy,6,3,3
18124,Schwârts,blackrock,288,paladin,holy,6,3,3
18125,Drippinheals,eitrigg,288,paladin,holy,6,3,3
18126,Lachaple,illidan,288,paladin,holy,6,3,3
18127,Whitekao,illidan,288,paladin,holy,6,3,3
18128,Botburger,stormrage,288,paladin,holy,6,3,3
18129,Grimmey,azjolnerub,288,paladin,holy,6,3,3
18130,Phut,stormrage,288,paladin,holy,6,3,3
18131,Dayatthespa,stormrage,288,paladin,holy,6,3,3
18132,Hughmyron,stormrage,288,paladin,holy,6,3,3
18133,Alîcë,wyrmrest-accord,288,paladin,holy,6,3,3
18134,Nipon,stormrage,288,paladin,holy,6,3,3
18135,Miggsy,stormrage,288,paladin,holy,6,3,3
18136,Alkina,kelthuzad,288,paladin,holy,6,3,3
18137,Ingrìd,ragnaros,288,paladin,holy,6,3,3
18138,Clare,burning-blade,288,paladin,holy,6,3,3
18139,Kharissia,proudmoore,288,paladin,holy,6,3,3
18140,Loyantal,tichondrius,288,paladin,holy,6,3,3
18141,Twodkittyy,kelthuzad,288,paladin,holy,6,3,3
18142,Aduhrawl,moon-guard,288,paladin,holy,6,3,3
18143,Psalms,lightnings-blade,288,paladin,holy,6,3,3
18144,Holysheesh,cenarion-circle,288,paladin,holy,6,3,3
18145,Luxsit,tichondrius,288,paladin,holy,6,3,3
18146,Mcpuffin,aggramar,288,paladin,holy,6,3,3
18147,Auralyon,tichondrius,288,paladin,holy,6,3,3
18148,Odinns,proudmoore,288,paladin,holy,6,3,3
18149,Wonpæi,frostmourne,288,paladin,holy,6,3,3
18150,Lànd,tichondrius,288,paladin,holy,6,3,3
18151,Paintthinner,frostmourne,288,paladin,holy,6,3,3
18152,Sixty,sargeras,288,paladin,holy,6,3,3
18153,Mindfoolness,sargeras,288,paladin,holy,6,3,3
18154,Iluvitar,kiljaeden,288,paladin,holy,6,3,3
18155,Lamas,kelthuzad,288,paladin,holy,6,3,3
18156,Hazkal,sargeras,288,paladin,holy,6,3,3
18157,Holzinger,quelthalas,288,paladin,holy,6,3,3
18158,Mamothman,barthilas,288,paladin,holy,9,4,5
18159,Reverbz,malganis,288,paladin,holy,12,3,9
18160,Dartherion,shandris,288,paladin,holy,12,3,9
18161,Marleigh,kelthuzad,288,paladin,holy,12,3,9
18162,Hemmyr,deathwing,288,paladin,holy,12,3,9
18163,Yanggongru,sargeras,288,paladin,holy,12,3,9
18164,Teerblood,illidan,288,paladin,holy,12,3,9
18165,Haldry,wyrmrest-accord,288,paladin,holy,12,3,9
18166,Onlycams,sargeras,288,paladin,holy,12,3,9
18167,Westlysñipes,tichondrius,288,paladin,holy,12,3,9
18168,Prâytorian,illidan,288,paladin,holy,12,3,9
18169,Repths,illidan,288,paladin,holy,12,3,9
18170,Thaeldan,archimonde,288,paladin,holy,12,3,9
18171,Dráugus,azralon,288,paladin,holy,12,3,9
18172,Alogagain,frostmourne,288,paladin,holy,18,3,15
18173,Bigboppapump,lightnings-blade,288,paladin,holy,18,3,15
18174,Hugokpz,quelthalas,288,paladin,holy,18,3,15
18175,Flarisic,kelthuzad,288,paladin,holy,18,3,15
18176,Mathalt,area-52,288,paladin,holy,18,3,15
18177,Kelthor,azralon,287,paladin,holy,6,3,3
18178,Holyslapz,nazjatar,287,paladin,holy,6,3,3
18179,Spacebacon,thunderlord,287,paladin,holy,12,3,9
18180,Bullivan,sisters-of-elune,287,paladin,holy,12,3,9
18181,Schnabdain,exodar,285,paladin,holy,18,3,15
18182,Ryuzu,arathor,256,paladin,holy,4,4,0
18183,Antivaxer,frostmourne,255,paladin,holy,11,3,8
18184,Iradruidz,tichondrius,255,paladin,holy,11,3,8
18185,Alltoohuman,nagrand,255,paladin,holy,11,3,8
18186,Holywoof,agamaggan,234,paladin,holy,11,5,6
18187,Itheternal,dalaran,234,paladin,holy,9,4,5
18188,Emilywilis,sargeras,234,paladin,holy,13,4,9
18189,Inarit,thrall,232,paladin,holy,22,5,17
18190,Goldirock,quelthalas,192,paladin,holy,6,2,4
18191,Gilazhar,eldrethalas,192,paladin,holy,6,2,4
18192,Hitabull,hyjal,192,paladin,holy,6,2,4
18193,Irêsha,quelthalas,192,paladin,holy,6,2,4
18194,Elchupalibre,tichondrius,192,paladin,holy,6,2,4
18195,Gabs,quelthalas,192,paladin,holy,6,2,4
18196,Papaa,nemesis,192,paladin,holy,6,2,4
18197,Raiel,aegwynn,192,paladin,holy,6,2,4
18198,Veguê,ragnaros,192,paladin,holy,6,2,4
18199,Smôres,sargeras,192,paladin,holy,6,2,4
18200,Lørdthemar,azralon,192,paladin,holy,6,2,4
18201,Penpal,sargeras,192,paladin,holy,6,2,4
18202,Toonchies,barthilas,192,paladin,holy,6,2,4
18203,Jastella,illidan,192,paladin,holy,6,2,4
18204,Lazydin,tichondrius,192,paladin,holy,6,2,4
18205,Cristineth,tanaris,192,paladin,holy,6,2,4
18206,Mangchì,tichondrius,192,paladin,holy,6,2,4
18207,Zhula,nerzhul,192,paladin,holy,6,2,4
18208,Antoniano,ragnaros,192,paladin,holy,6,2,4
18209,Raywhite,kelthuzad,192,paladin,holy,6,2,4
18210,Traumaboy,terenas,192,paladin,holy,6,2,4
18211,Kagranac,moon-guard,192,paladin,holy,6,2,4
18212,Davinity,senjin,192,paladin,holy,6,2,4
18213,Gnomesexer,illidan,192,paladin,holy,6,2,4
18214,Bakapal,tichondrius,192,paladin,holy,6,2,4
18215,Rawpaladin,blackrock,192,paladin,holy,6,2,4
18216,Trâgedy,azjolnerub,192,paladin,holy,6,2,4
18217,Turnipfãrmer,tichondrius,192,paladin,holy,6,2,4
18218,Romaztlan,area-52,192,paladin,holy,6,2,4
18219,Chinaballoon,moonrunner,192,paladin,holy,6,2,4
18220,Iolwhat,sargeras,192,paladin,holy,6,2,4
18221,Borngood,tichondrius,192,paladin,holy,6,2,4
18222,Stormwinter,azralon,192,paladin,holy,6,2,4
18223,Svane,thunderlord,192,paladin,holy,6,2,4
18224,Sainttom,sargeras,192,paladin,holy,6,2,4
18225,Breach,blades-edge,192,paladin,holy,6,2,4
18226,Flexxborn,thrall,192,paladin,holy,6,2,4
18227,Razzypal,sargeras,192,paladin,holy,6,2,4
18228,Naxzero,shadowsong,192,paladin,holy,8,2,6
18229,Anderentonso,tichondrius,192,paladin,holy,9,2,7
18230,Cehart,windrunner,192,paladin,holy,12,2,10
18231,Carmiínha,azralon,192,paladin,holy,12,2,10
18232,Piupiubiu,stormrage,192,paladin,holy,12,2,10
18233,Trojani,malganis,192,paladin,holy,12,2,10
18234,Willywønka,azgalor,192,paladin,holy,12,2,10
18235,Bighausse,thrall,192,paladin,holy,12,2,10
18236,Juuzou,turalyon,192,paladin,holy,12,2,10
18237,Einheilagr,stormrage,192,paladin,holy,12,2,10
18238,Gavril,kirin-tor,192,paladin,holy,12,2,10
18239,Minzyy,frostmourne,192,paladin,holy,12,2,10
18240,Chimp,kiljaeden,192,paladin,holy,12,2,10
18241,Milkovir,quelthalas,192,paladin,holy,18,2,16
18242,Waifupaladin,azralon,192,paladin,holy,18,2,16
18243,Shoresy,terokkar,192,paladin,holy,18,2,16
18244,Levarious,thunderlord,192,paladin,holy,18,2,16
18245,Holygota,nemesis,191,paladin,holy,6,2,4
18246,Prh,frostmourne,191,paladin,holy,6,2,4
18247,Arobelse,sargeras,191,paladin,holy,12,2,10
18248,Palaknight,tichondrius,190,paladin,holy,12,2,10
18249,Shkafell,ragnaros,159,paladin,holy,5,2,3
18250,Ashera,amanthul,159,paladin,holy,14,3,11
18251,Itsoverninek,emerald-dream,159,paladin,holy,17,2,15
18252,Hearthledger,ragnaros,144,paladin,holy,3,3,0
18253,Hálløwéð,firetree,138,paladin,holy,9,4,5
18254,Whitedozer,darkspear,138,paladin,holy,10,4,6
18255,Myû,korgath,112,paladin,holy,7,2,5
18256,Kenric,quelthalas,96,paladin,holy,3,2,1
18257,Vîxey,ragnaros,96,paladin,holy,6,1,5
18258,Therëv,zuljin,96,paladin,holy,6,1,5
18259,Holycowisroy,illidan,96,paladin,holy,6,1,5
18260,Yikyok,stormrage,96,paladin,holy,6,1,5
18261,Chakris,wyrmrest-accord,96,paladin,holy,6,1,5
18262,Elrecka,stormrage,96,paladin,holy,6,1,5
18263,Evilpallie,illidan,96,paladin,holy,6,1,5
18264,Wings,arygos,96,paladin,holy,6,1,5
18265,Kamí,elune,96,paladin,holy,6,1,5
18266,Syrenadrel,hydraxis,96,paladin,holy,6,1,5
18267,Silreck,ragnaros,96,paladin,holy,6,1,5
18268,Kurook,moon-guard,96,paladin,holy,6,1,5
18269,Rhinno,lothar,96,paladin,holy,6,1,5
18270,Mfpink,thrall,96,paladin,holy,6,1,5
18271,Emmipal,tichondrius,96,paladin,holy,6,1,5
18272,Imabigkidnow,emerald-dream,96,paladin,holy,6,1,5
18273,Mobitz,dalvengyr,96,paladin,holy,6,1,5
18274,Lgbtq,trollbane,96,paladin,holy,6,1,5
18275,Tetulia,quelthalas,96,paladin,holy,6,1,5
18276,ßls,illidan,96,paladin,holy,6,1,5
18277,Wrekster,tichondrius,96,paladin,holy,6,1,5
18278,Deadlyassian,ysera,96,paladin,holy,6,1,5
18279,Vexe,emerald-dream,96,paladin,holy,6,1,5
18280,Goldensmile,frostmourne,96,paladin,holy,6,1,5
18281,Krypton,tichondrius,96,paladin,holy,6,1,5
18282,Arturias,kiljaeden,96,paladin,holy,6,1,5
18283,Sherrill,nagrand,96,paladin,holy,6,1,5
18284,Burgasari,tichondrius,96,paladin,holy,6,1,5
18285,Purdicks,emerald-dream,96,paladin,holy,6,1,5
18286,Zwilliam,frostmourne,96,paladin,holy,6,1,5
18287,Trixzthot,barthilas,96,paladin,holy,6,1,5
18288,Ploppers,sargeras,96,paladin,holy,6,1,5
18289,Elronda,malganis,96,paladin,holy,6,1,5
18290,Luxs,tichondrius,96,paladin,holy,6,1,5
18291,Netéro,skywall,96,paladin,holy,6,1,5
18292,Khaosactual,proudmoore,96,paladin,holy,6,1,5
18293,Badnold,area-52,96,paladin,holy,6,1,5
18294,Palabora,kelthuzad,96,paladin,holy,6,1,5
18295,Keltheas,rivendare,96,paladin,holy,6,1,5
18296,Sevina,twisting-nether,96,paladin,holy,6,1,5
18297,Combidin,garrosh,96,paladin,holy,6,1,5
18298,Timeparadox,illidan,96,paladin,holy,6,1,5
18299,Tfcpaladin,the-forgotten-coast,96,paladin,holy,6,1,5
18300,Nikxx,tichondrius,96,paladin,holy,6,1,5
18301,Criaharn,turalyon,96,paladin,holy,6,1,5
18302,Cremefraichè,tichondrius,96,paladin,holy,6,1,5
18303,Ripadin,dunemaul,96,paladin,holy,11,1,10
18304,Zentrick,whisperwind,96,paladin,holy,12,1,11
18305,Lennon,stormrage,96,paladin,holy,12,1,11
18306,Vanquishyr,stormrage,96,paladin,holy,12,1,11
18307,Midnightboto,dragonmaw,96,paladin,holy,12,1,11
18308,Soloist,tichondrius,96,paladin,holy,12,1,11
18309,Jwilks,black-dragonflight,96,paladin,holy,12,1,11
18310,Ordained,moonrunner,96,paladin,holy,12,1,11
18311,Arlé,stormrage,95,paladin,holy,6,1,5
18312,Ååron,thrall,89,paladin,holy,11,3,8
18313,Tmzoeyqt,tichondrius,84,paladin,holy,9,4,5
18314,Athenia,moon-guard,63,paladin,holy,6,3,3
18315,Jkethuhsnake,ghostlands,48,paladin,holy,21,1,20
18316,Alpinestârs,tichondrius,42,paladin,holy,9,2,7
18317,Justinbebr,tichondrius,42,paladin,holy,14,3,11
18318,Kziwei,stormrage,31,paladin,holy,2,1,1
18319,Durendin,bonechewer,31,paladin,holy,2,1,1
18320,Oghal,frostmourne,9,paladin,holy,23,3,20
18321,Vanguards,tichondrius,2192,paladin,retribution,78,43,35
18322,Theblèss,tichondrius,2158,paladin,retribution,91,48,43
18323,Imitlol,alexstrasza,2154,paladin,retribution,181,91,90
18324,Hamburgeryu,tichondrius,2114,paladin,retribution,94,47,47
18325,Picachü,ragnaros,2104,paladin,retribution,125,63,62
18326,Bullmarket,tichondrius,2104,paladin,retribution,114,57,57
18327,Lanteranth,drenden,2103,paladin,retribution,126,63,63
18328,Yuji,darkspear,2102,paladin,retribution,108,54,54
18329,Hollyflame,tichondrius,2086,paladin,retribution,149,76,73
18330,Quitzz,tichondrius,2050,paladin,retribution,117,58,59
18331,Aldda,azralon,2047,paladin,retribution,122,59,63
18332,Ryuseiblade,ragnaros,2047,paladin,retribution,108,52,56
18333,Xexe,stormreaver,2030,paladin,retribution,150,74,76
18334,Angryvelic,tichondrius,2019,paladin,retribution,87,41,46
18335,Furylolz,tichondrius,2009,paladin,retribution,70,35,35
18336,Memorisë,ragnaros,1998,paladin,retribution,99,57,42
18337,Caperx,tichondrius,1994,paladin,retribution,48,21,27
18338,Notvelic,tichondrius,1993,paladin,retribution,99,46,53
18339,Wasteddwolf,tichondrius,1992,paladin,retribution,99,50,49
18340,Coolvelic,tichondrius,1991,paladin,retribution,138,66,72
18341,Dreamcastx,tichondrius,1984,paladin,retribution,131,64,67
18342,Smortain,tichondrius,1973,paladin,retribution,84,39,45
18343,Bigdickrick,ragnaros,1972,paladin,retribution,54,32,22
18344,Maledraenei,sargeras,1970,paladin,retribution,113,54,59
18345,Ämoureux,bleeding-hollow,1970,paladin,retribution,141,67,74
18346,Alpinestârs,tichondrius,1967,paladin,retribution,122,60,62
18347,Kamadonezuko,illidan,1965,paladin,retribution,59,34,25
18348,Caveyodeler,zuluhed,1962,paladin,retribution,66,31,35
18349,Mashbringer,moon-guard,1958,paladin,retribution,60,33,27
18350,Dreamcastz,tichondrius,1957,paladin,retribution,48,33,15
18351,Ohuo,tichondrius,1955,paladin,retribution,190,105,85
18352,Evanguards,tichondrius,1954,paladin,retribution,113,52,61
18353,Asukaba,sargeras,1950,paladin,retribution,68,33,35
18354,Yccorz,frostmourne,1948,paladin,retribution,154,79,75
18355,Alicê,moon-guard,1946,paladin,retribution,60,30,30
18356,Xuantianchai,tichondrius,1944,paladin,retribution,60,36,24
18357,Conndiment,earthen-ring,1942,paladin,retribution,72,35,37
18358,Dratzq,ragnaros,1938,paladin,retribution,90,49,41
18359,Bestowed,moon-guard,1933,paladin,retribution,87,44,43
18360,Bartharious,malganis,1932,paladin,retribution,78,37,41
18361,Indivisionxp,tichondrius,1928,paladin,retribution,55,34,21
18362,Fuchí,tichondrius,1924,paladin,retribution,159,80,79
18363,Roushex,sargeras,1920,paladin,retribution,66,34,32
18364,Bøgård,sargeras,1919,paladin,retribution,135,68,67
18365,Retroreq,tichondrius,1912,paladin,retribution,154,84,70
18366,Ozzium,ragnaros,1912,paladin,retribution,125,62,63
18367,Daxxj,akama,1910,paladin,retribution,104,46,58
18368,Hammrekt,illidan,1905,paladin,retribution,48,25,23
18369,Furgalicious,area-52,1904,paladin,retribution,125,60,65
18370,Angelguards,tichondrius,1900,paladin,retribution,60,30,30
18371,Danceholy,tichondrius,1894,paladin,retribution,81,39,42
18372,Cønk,khadgar,1892,paladin,retribution,170,100,70
18373,Simplybést,zuljin,1891,paladin,retribution,111,51,60
18374,Xxwitcherxx,stormrage,1890,paladin,retribution,87,48,39
18375,Lazypally,frostmourne,1890,paladin,retribution,48,25,23
18376,Dtaitou,tichondrius,1889,paladin,retribution,60,28,32
18377,Vendatha,darkspear,1887,paladin,retribution,30,25,5
18378,Hellsingwolf,zuljin,1885,paladin,retribution,30,20,10
18379,Pécorino,malganis,1884,paladin,retribution,52,31,21
18380,Ðiviñe,zuluhed,1884,paladin,retribution,78,45,33
18381,Kurôsh,kalecgos,1884,paladin,retribution,72,37,35
18382,Zeldoul,magtheridon,1879,paladin,retribution,71,36,35
18383,Condiments,earthen-ring,1876,paladin,retribution,66,34,32
18384,Voidaz,stormscale,1873,paladin,retribution,60,31,29
18385,Mwqyyds,tichondrius,1871,paladin,retribution,72,32,40
18386,Alexjones,stormrage,1866,paladin,retribution,78,43,35
18387,Reypally,dalaran,1865,paladin,retribution,120,62,58
18388,Xilio,tichondrius,1865,paladin,retribution,72,36,36
18389,Getmeabag,tichondrius,1861,paladin,retribution,54,25,29
18390,Kubota,sargeras,1860,paladin,retribution,48,29,19
18391,Chuoo,proudmoore,1859,paladin,retribution,46,22,24
18392,Draenkz,quelthalas,1858,paladin,retribution,51,31,20
18393,Younghova,kelthuzad,1857,paladin,retribution,66,32,34
18394,Zyzzftw,stormrage,1856,paladin,retribution,53,31,22
18395,Vânguards,tichondrius,1852,paladin,retribution,42,24,18
18396,Foofs,shadowmoon,1851,paladin,retribution,53,26,27
18397,Solanin,frostmourne,1849,paladin,retribution,35,20,15
18398,Kaitúr,stormrage,1849,paladin,retribution,39,21,18
18399,Hurv,area-52,1848,paladin,retribution,53,30,23
18400,Palabora,kelthuzad,1847,paladin,retribution,47,27,20
18401,Nishru,sargeras,1843,paladin,retribution,60,32,28
18402,Divinehammer,proudmoore,1842,paladin,retribution,60,28,32
18403,Retxsilver,thrall,1841,paladin,retribution,100,51,49
18404,Mikhàël,stormscale,1840,paladin,retribution,52,37,15
18405,Luosiding,tichondrius,1840,paladin,retribution,155,68,87
18406,Chuckvandam,illidan,1839,paladin,retribution,54,36,18
18407,Popje,zuljin,1839,paladin,retribution,36,20,16
18408,Grifnballs,agamaggan,1839,paladin,retribution,56,31,25
18409,Immobilized,frostmourne,1839,paladin,retribution,58,29,29
18410,Mvpj,medivh,1839,paladin,retribution,48,23,25
18411,Kushsessions,zuljin,1837,paladin,retribution,42,20,22
18412,Alodorx,tichondrius,1836,paladin,retribution,36,23,13
18413,Kangsang,illidan,1835,paladin,retribution,70,33,37
18414,Dkdldkdld,tichondrius,1833,paladin,retribution,36,27,9
18415,Lilglick,illidan,1833,paladin,retribution,36,21,15
18416,Masqadin,tichondrius,1832,paladin,retribution,36,26,10
18417,Leonilx,tichondrius,1832,paladin,retribution,48,21,27
18418,ßò,area-52,1830,paladin,retribution,46,31,15
18419,Burnning,tichondrius,1830,paladin,retribution,51,27,24
18420,Eldenblade,moon-guard,1829,paladin,retribution,54,31,23
18421,Coldzerox,ragnaros,1829,paladin,retribution,161,82,79
18422,Honeydutchtv,black-dragonflight,1829,paladin,retribution,174,79,95
18423,Hammrekt,kelthuzad,1829,paladin,retribution,47,20,27
18424,Bornterrible,queldorei,1828,paladin,retribution,54,25,29
18425,Talymra,ragnaros,1827,paladin,retribution,66,34,32
18426,Idenline,moon-guard,1827,paladin,retribution,59,30,29
18427,Wolfs,firetree,1826,paladin,retribution,66,29,37
18428,Metallíka,nemesis,1826,paladin,retribution,71,31,40
18429,Tramatic,sargeras,1825,paladin,retribution,54,29,25
18430,Genericuser,sargeras,1825,paladin,retribution,58,30,28
18431,Vip,frostmourne,1824,paladin,retribution,72,37,35
18432,Praysnblaze,zuljin,1824,paladin,retribution,55,28,27
18433,Lundor,ragnaros,1824,paladin,retribution,101,51,50
18434,Apollidin,malganis,1824,paladin,retribution,57,23,34
18435,Bohring,bleeding-hollow,1823,paladin,retribution,48,26,22
18436,Damionblade,proudmoore,1823,paladin,retribution,161,84,77
18437,Saradomin,kelthuzad,1822,paladin,retribution,129,66,63
18438,Olixx,blackrock,1821,paladin,retribution,54,30,24
18439,Kíngkáísér,azralon,1820,paladin,retribution,29,20,9
18440,Yorøchi,azralon,1819,paladin,retribution,57,31,26
18441,Geöspäwn,tichondrius,1819,paladin,retribution,39,20,19
18442,Anbivilent,moon-guard,1819,paladin,retribution,48,23,25
18443,Cardynivans,tichondrius,1819,paladin,retribution,67,25,42
18444,Hargol,stormrage,1818,paladin,retribution,90,43,47
18445,Dorex,moon-guard,1817,paladin,retribution,111,72,39
18446,Dazargeros,moon-guard,1817,paladin,retribution,30,19,11
18447,Dwimberlike,ragnaros,1816,paladin,retribution,56,37,19
18448,Chadsteroid,sargeras,1816,paladin,retribution,48,29,19
18449,Kooi,illidan,1816,paladin,retribution,78,35,43
18450,Tyrillian,aerie-peak,1816,paladin,retribution,48,21,27
18451,Kíngkáiser,azralon,1815,paladin,retribution,46,27,19
18452,Iäl,tichondrius,1815,paladin,retribution,65,27,38
18453,Zulmay,malganis,1814,paladin,retribution,156,78,78
18454,Dorktanian,stormrage,1813,paladin,retribution,78,40,38
18455,Rethumtv,tichondrius,1812,paladin,retribution,72,30,42
18456,Arkadiano,drakkari,1812,paladin,retribution,78,29,49
18457,Animepower,moon-guard,1811,paladin,retribution,94,56,38
18458,Venguards,azralon,1811,paladin,retribution,57,30,27
18459,Zanur,tichondrius,1811,paladin,retribution,136,67,69
18460,Iqt,moon-guard,1811,paladin,retribution,78,32,46
18461,Triston,area-52,1810,paladin,retribution,120,66,54
18462,Lilcyans,ragnaros,1810,paladin,retribution,66,34,32
18463,Primaryee,tichondrius,1810,paladin,retribution,121,53,68
18464,Ladeon,proudmoore,1809,paladin,retribution,72,44,28
18465,Stêvêts,tichondrius,1807,paladin,retribution,36,20,16
18466,Downways,sargeras,1807,paladin,retribution,73,39,34
18467,Profundity,area-52,1807,paladin,retribution,70,37,33
18468,Velstadt,sargeras,1807,paladin,retribution,66,29,37
18469,Gelosagrado,illidan,1807,paladin,retribution,113,48,65
18470,Jhasøn,quelthalas,1806,paladin,retribution,60,40,20
18471,Pornenjoyer,dalaran,1806,paladin,retribution,30,19,11
18472,Darcobs,ragnaros,1806,paladin,retribution,172,90,82
18473,Pambeazley,bronzebeard,1806,paladin,retribution,46,23,23
18474,Pramethious,sargeras,1806,paladin,retribution,72,34,38
18475,Erodan,moon-guard,1806,paladin,retribution,88,38,50
18476,Annihilàtion,frostmourne,1805,paladin,retribution,42,30,12
18477,Antlkd,quelthalas,1805,paladin,retribution,59,31,28
18478,Panncakeman,tichondrius,1804,paladin,retribution,60,33,27
18479,Ironblade,zuljin,1804,paladin,retribution,54,29,25
18480,Palli,moon-guard,1804,paladin,retribution,60,31,29
18481,Lumbersnack,moon-guard,1804,paladin,retribution,75,36,39
18482,Justicejosh,frostmourne,1803,paladin,retribution,42,25,17
18483,Niubcjq,tichondrius,1803,paladin,retribution,42,19,23
18484,Disappearing,stormrage,1802,paladin,retribution,48,31,17
18485,Sâdê,bleeding-hollow,1802,paladin,retribution,36,19,17
18486,Mürlin,illidan,1802,paladin,retribution,117,58,59
18487,Ópsv,quelthalas,1801,paladin,retribution,149,89,60
18488,Parlore,moon-guard,1801,paladin,retribution,144,75,69
18489,Mabia,tichondrius,1801,paladin,retribution,72,37,35
18490,Kádabrak,tichondrius,1794,paladin,retribution,54,34,20
18491,Teknik,stormscale,1793,paladin,retribution,112,57,55
18492,Fylerz,blackhand,1790,paladin,retribution,78,45,33
18493,Mikeqiaodan,tichondrius,1790,paladin,retribution,91,40,51
18494,Zett,jubeithos,1789,paladin,retribution,79,35,44
18495,Trippën,tichondrius,1784,paladin,retribution,145,82,63
18496,Víkk,zuljin,1784,paladin,retribution,176,88,88
18497,Holychris,shadowmoon,1784,paladin,retribution,66,28,38
18498,Andelko,tichondrius,1783,paladin,retribution,36,21,15
18499,Giørther,ragnaros,1783,paladin,retribution,57,29,28
18500,Homelanderp,tichondrius,1779,paladin,retribution,57,30,27
18501,Dampenedxd,bleeding-hollow,1779,paladin,retribution,98,45,53
18502,Zakladchick,illidan,1778,paladin,retribution,48,26,22
18503,Aleríon,ragnaros,1773,paladin,retribution,151,83,68
18504,Rasler,stormrage,1773,paladin,retribution,144,73,71
18505,Syleith,shadow-council,1768,paladin,retribution,115,54,61
18506,Rahkinishu,khaz-modan,1766,paladin,retribution,189,109,80
18507,Koketsu,ragnaros,1766,paladin,retribution,172,83,89
18508,Nr,blood-furnace,1763,paladin,retribution,48,28,20
18509,Malakor,thrall,1762,paladin,retribution,144,74,70
18510,Ðori,tichondrius,1759,paladin,retribution,53,26,27
18511,Beautiful,proudmoore,1756,paladin,retribution,123,62,61
18512,Teniale,moon-guard,1756,paladin,retribution,48,23,25
18513,Sweetfish,kiljaeden,1752,paladin,retribution,42,25,17
18514,Neonblade,illidan,1752,paladin,retribution,88,42,46
18515,Lunalunar,quelthalas,1750,paladin,retribution,53,28,25
18516,Scarotv,malganis,1750,paladin,retribution,60,29,31
18517,Therëv,zuljin,1750,paladin,retribution,71,31,40
18518,Nhsvikings,bleeding-hollow,1748,paladin,retribution,53,29,24
18519,Thørmento,azralon,1748,paladin,retribution,57,23,34
18520,Ssjlimit,tichondrius,1747,paladin,retribution,47,25,22
18521,Hozna,andorhal,1743,paladin,retribution,43,30,13
18522,Htnhy,aegwynn,1743,paladin,retribution,60,24,36
18523,Rashbringer,azgalor,1742,paladin,retribution,67,34,33
18524,Josxth,stormrage,1741,paladin,retribution,54,29,25
18525,Naverpay,tichondrius,1740,paladin,retribution,35,19,16
18526,Awbie,moon-guard,1740,paladin,retribution,48,24,24
18527,Triginhall,moon-guard,1740,paladin,retribution,54,26,28
18528,Helldevil,zuljin,1739,paladin,retribution,48,25,23
18529,Iggÿ,illidan,1739,paladin,retribution,52,24,28
18530,Lvladen,sargeras,1739,paladin,retribution,54,22,32
18531,Angelicwhim,stormrage,1738,paladin,retribution,36,20,16
18532,Handyandy,kelthuzad,1738,paladin,retribution,96,42,54
18533,Bigdaddysdic,illidan,1736,paladin,retribution,72,36,36
18534,Dippedxd,tichondrius,1735,paladin,retribution,60,32,28
18535,Gellehar,barthilas,1735,paladin,retribution,36,19,17
18536,Remethea,sargeras,1733,paladin,retribution,129,67,62
18537,Usdacertifed,lightnings-blade,1733,paladin,retribution,132,65,67
18538,Konesky,dalaran,1732,paladin,retribution,40,21,19
18539,Lilthroatbby,malganis,1732,paladin,retribution,114,49,65
18540,Talivar,kelthuzad,1730,paladin,retribution,60,40,20
18541,Zeyrox,stormrage,1729,paladin,retribution,42,20,22
18542,Alduur,aggramar,1728,paladin,retribution,48,30,18
18543,Agamemnom,tichondrius,1728,paladin,retribution,154,83,71
18544,Cristø,stormrage,1727,paladin,retribution,72,30,42
18545,Quinnzel,barthilas,1726,paladin,retribution,68,37,31
18546,Coleta,stormrage,1725,paladin,retribution,36,25,11
18547,Nah,emerald-dream,1725,paladin,retribution,57,30,27
18548,Riseandgrind,tichondrius,1723,paladin,retribution,36,18,18
18549,Puredecuy,ragnaros,1722,paladin,retribution,42,19,23
18550,Whathehell,black-dragonflight,1720,paladin,retribution,75,37,38
18551,Elegan,frostmourne,1719,paladin,retribution,60,30,30
18552,Apnea,ragnaros,1719,paladin,retribution,90,39,51
18553,Holywaffle,nemesis,1718,paladin,retribution,109,57,52
18554,Scrubble,thrall,1717,paladin,retribution,80,40,40
18555,Notae,icecrown,1717,paladin,retribution,42,21,21
18556,Retrachet,thrall,1717,paladin,retribution,42,21,21
18557,Éætûgýäëí,area-52,1716,paladin,retribution,42,18,24
18558,Dippedlol,tichondrius,1714,paladin,retribution,30,19,11
18559,Jonathein,barthilas,1713,paladin,retribution,82,40,42
18560,Dankrachet,thrall,1713,paladin,retribution,60,25,35
18561,Soverejgn,bleeding-hollow,1712,paladin,retribution,178,80,98
18562,Fussyotter,stormreaver,1709,paladin,retribution,73,41,32
18563,Svinadin,emerald-dream,1708,paladin,retribution,36,21,15
18564,Crismj,tichondrius,1707,paladin,retribution,45,27,18
18565,Luzoscura,quelthalas,1707,paladin,retribution,66,37,29
18566,Alxndrr,area-52,1707,paladin,retribution,42,23,19
18567,Lokâr,lightbringer,1706,paladin,retribution,66,30,36
18568,Egirlret,tichondrius,1706,paladin,retribution,48,21,27
18569,Ashkandi,tichondrius,1705,paladin,retribution,72,35,37
18570,Bakafish,tichondrius,1702,paladin,retribution,24,18,6
18571,Áldin,ragnaros,1702,paladin,retribution,34,21,13
18572,Bizzaz,moon-guard,1702,paladin,retribution,62,27,35
18573,Whosyadaddy,tichondrius,1701,paladin,retribution,48,25,23
18574,Buckey,kilrogg,1699,paladin,retribution,52,28,24
18575,Toughxguy,sargeras,1699,paladin,retribution,62,28,34
18576,Voodoovon,tichondrius,1697,paladin,retribution,89,42,47
18577,Bubblemark,tichondrius,1697,paladin,retribution,91,39,52
18578,Zèrà,thunderhorn,1696,paladin,retribution,42,20,22
18579,Evangelìne,darkspear,1695,paladin,retribution,36,23,13
18580,Practícal,moon-guard,1693,paladin,retribution,66,35,31
18581,Dazn,tichondrius,1693,paladin,retribution,78,26,52
18582,Keltar,burning-blade,1692,paladin,retribution,30,18,12
18583,Justnikop,tichondrius,1692,paladin,retribution,115,56,59
18584,Dârkk,tichondrius,1691,paladin,retribution,36,20,16
18585,Tuuro,stormrage,1690,paladin,retribution,117,56,61
18586,Peledin,azralon,1689,paladin,retribution,59,31,28
18587,Pickleret,emerald-dream,1689,paladin,retribution,96,45,51
18588,Thrax,spirestone,1688,paladin,retribution,82,34,48
18589,ßountystrike,sargeras,1687,paladin,retribution,60,26,34
18590,Nitemareforu,stormreaver,1686,paladin,retribution,42,28,14
18591,Titannious,stormrage,1686,paladin,retribution,107,52,55
18592,Nbtv,tichondrius,1686,paladin,retribution,54,21,33
18593,Xeldar,tichondrius,1685,paladin,retribution,54,28,26
18594,Goldnhart,wyrmrest-accord,1685,paladin,retribution,66,34,32
18595,Wing,frostwolf,1685,paladin,retribution,66,34,32
18596,Kaithen,quelthalas,1684,paladin,retribution,173,88,85
18597,Raxadin,stormrage,1681,paladin,retribution,42,23,19
18598,Palimedic,sargeras,1681,paladin,retribution,78,35,43
18599,Bravepala,tichondrius,1680,paladin,retribution,54,20,34
18600,Konsentrate,tichondrius,1678,paladin,retribution,156,80,76
18601,Mordirhar,tichondrius,1678,paladin,retribution,54,23,31
18602,Loisterly,bladefist,1676,paladin,retribution,98,50,48
18603,Siire,darkspear,1675,paladin,retribution,36,21,15
18604,Mílkywayx,stormrage,1675,paladin,retribution,90,46,44
18605,Oneaßoveall,azralon,1674,paladin,retribution,36,25,11
18606,Zozo,zuljin,1674,paladin,retribution,36,22,14
18607,Flykzu,azralon,1674,paladin,retribution,100,48,52
18608,Tagex,malganis,1673,paladin,retribution,137,69,68
18609,Chriskriego,frostmourne,1671,paladin,retribution,60,24,36
18610,Hólyélf,illidan,1671,paladin,retribution,54,21,33
18611,Johnmacclane,azralon,1670,paladin,retribution,82,43,39
18612,Pantufä,stormrage,1670,paladin,retribution,41,21,20
18613,Genovah,sargeras,1669,paladin,retribution,30,20,10
18614,Zarrakra,daggerspine,1669,paladin,retribution,81,45,36
18615,Accépting,sargeras,1669,paladin,retribution,66,33,33
18616,Pumperjer,tichondrius,1669,paladin,retribution,53,26,27
18617,Boarfarmer,tichondrius,1669,paladin,retribution,48,23,25
18618,Lolcraftv,tichondrius,1667,paladin,retribution,48,22,26
18619,Powermonster,tichondrius,1666,paladin,retribution,42,19,23
18620,Palban,tichondrius,1665,paladin,retribution,48,26,22
18621,Paladincane,sargeras,1665,paladin,retribution,108,54,54
18622,Haiden,goldrinn,1665,paladin,retribution,55,23,32
18623,Christtel,stormrage,1664,paladin,retribution,48,25,23
18624,Ibullyourmom,tichondrius,1664,paladin,retribution,53,24,29
18625,Stompëd,proudmoore,1663,paladin,retribution,62,29,33
18626,Clownfister,barthilas,1662,paladin,retribution,48,25,23
18627,Finaljustice,sargeras,1661,paladin,retribution,30,19,11
18628,Lyrz,sargeras,1661,paladin,retribution,69,40,29
18629,Mortaine,moon-guard,1660,paladin,retribution,47,23,24
18630,Bigjiba,proudmoore,1658,paladin,retribution,48,25,23
18631,Mesmi,moon-guard,1658,paladin,retribution,36,18,18
18632,Sabotsaint,tichondrius,1656,paladin,retribution,49,20,29
18633,Xbloodknight,malganis,1654,paladin,retribution,38,23,15
18634,Paladinomg,darkspear,1654,paladin,retribution,124,71,53
18635,Miktley,area-52,1654,paladin,retribution,42,19,23
18636,Itzcupcake,illidan,1653,paladin,retribution,120,69,51
18637,Duffnroses,tichondrius,1653,paladin,retribution,60,27,33
18638,Backdrop,proudmoore,1652,paladin,retribution,133,67,66
18639,Borrus,malygos,1651,paladin,retribution,72,40,32
18640,Lanach,lightbringer,1651,paladin,retribution,64,33,31
18641,Orivia,spirestone,1651,paladin,retribution,48,23,25
18642,Trixtur,tichondrius,1651,paladin,retribution,60,28,32
18643,Comeuppance,wyrmrest-accord,1649,paladin,retribution,88,46,42
18644,Matthrian,moon-guard,1649,paladin,retribution,60,22,38
18645,Likzebawlz,tichondrius,1648,paladin,retribution,42,25,17
18646,Techno,tichondrius,1647,paladin,retribution,109,57,52
18647,Divínos,area-52,1647,paladin,retribution,60,31,29
18648,Incubus,rexxar,1647,paladin,retribution,48,22,26
18649,Lucy,sargeras,1647,paladin,retribution,48,19,29
18650,Nasnyl,stormrage,1646,paladin,retribution,42,20,22
18651,Parkwons,tichondrius,1646,paladin,retribution,60,23,37
18652,Bigolcriddys,barthilas,1645,paladin,retribution,36,21,15
18653,Geedee,ysera,1645,paladin,retribution,70,39,31
18654,Beaconlol,proudmoore,1644,paladin,retribution,43,29,14
18655,Semellem,bloodhoof,1644,paladin,retribution,42,23,19
18656,Beefjustice,velen,1643,paladin,retribution,48,27,21
18657,Sevik,garithos,1643,paladin,retribution,66,35,31
18658,Hedilyan,azralon,1643,paladin,retribution,90,47,43
18659,Garlond,moon-guard,1642,paladin,retribution,42,25,17
18660,Oathen,proudmoore,1642,paladin,retribution,56,27,29
18661,Serås,silvermoon,1640,paladin,retribution,66,43,23
18662,Forthestreet,tichondrius,1640,paladin,retribution,82,45,37
18663,Lleo,nemesis,1640,paladin,retribution,118,54,64
18664,Bakapal,tichondrius,1639,paladin,retribution,42,22,20
18665,Davinshki,stormrage,1638,paladin,retribution,37,23,14
18666,Pomboxd,stormrage,1638,paladin,retribution,30,18,12
18667,Notneo,zuljin,1638,paladin,retribution,53,31,22
18668,Swiftskillz,bleeding-hollow,1638,paladin,retribution,109,61,48
18669,Brightstar,azjolnerub,1637,paladin,retribution,65,36,29
18670,Dimdabbin,malganis,1637,paladin,retribution,42,22,20
18671,Saccro,area-52,1637,paladin,retribution,114,57,57
18672,Jud,frostmourne,1636,paladin,retribution,90,43,47
18673,Çestlavie,korgath,1634,paladin,retribution,48,24,24
18674,Lightowen,draka,1634,paladin,retribution,46,22,24
18675,Beardy,emerald-dream,1633,paladin,retribution,60,36,24
18676,Craq,alexstrasza,1631,paladin,retribution,56,26,30
18677,Mihawk,drenden,1630,paladin,retribution,24,17,7
18678,Berryblast,shadowmoon,1630,paladin,retribution,30,20,10
18679,Zayblade,dragonblight,1630,paladin,retribution,40,23,17
18680,Mixz,bleeding-hollow,1630,paladin,retribution,42,22,20
18681,Ulrah,moon-guard,1629,paladin,retribution,120,68,52
18682,Thoreal,thrall,1629,paladin,retribution,72,34,38
18683,Ítsyôúñötmé,tichondrius,1627,paladin,retribution,62,35,27
18684,Kíbá,malganis,1627,paladin,retribution,33,18,15
18685,Djdiogø,azralon,1627,paladin,retribution,80,36,44
18686,Shiryn,illidan,1626,paladin,retribution,42,21,21
18687,Quadrifoglio,moon-guard,1625,paladin,retribution,96,52,44
18688,Aeterias,dalaran,1625,paladin,retribution,81,41,40
18689,Inmortall,illidan,1624,paladin,retribution,46,25,21
18690,Clapstick,illidan,1624,paladin,retribution,36,17,19
18691,Watchamebaba,malganis,1624,paladin,retribution,42,17,25
18692,Radacos,emerald-dream,1623,paladin,retribution,160,80,80
18693,Joeyrat,area-52,1623,paladin,retribution,42,20,22
18694,Litler,tichondrius,1622,paladin,retribution,44,30,14
18695,Gobblerr,blackrock,1622,paladin,retribution,30,20,10
18696,Crayt,tichondrius,1622,paladin,retribution,68,31,37
18697,Hazexd,illidan,1621,paladin,retribution,36,20,16
18698,Dashhighborn,sargeras,1621,paladin,retribution,71,38,33
18699,Faladrim,moon-guard,1621,paladin,retribution,160,84,76
18700,Michaelsmith,frostmourne,1621,paladin,retribution,36,17,19
18701,Rukkas,sargeras,1621,paladin,retribution,54,21,33
18702,Valytonz,wyrmrest-accord,1620,paladin,retribution,36,17,19
18703,Gunderbok,emerald-dream,1620,paladin,retribution,45,21,24
18704,Sasorï,stormrage,1620,paladin,retribution,84,36,48
18705,Bbtea,frostmourne,1619,paladin,retribution,48,20,28
18706,Omnnii,tichondrius,1618,paladin,retribution,30,17,13
18707,Glørious,drakkari,1618,paladin,retribution,90,42,48
18708,Lawmower,sargeras,1616,paladin,retribution,54,32,22
18709,Raelan,icecrown,1614,paladin,retribution,71,49,22
18710,Bramot,moon-guard,1613,paladin,retribution,36,20,16
18711,Moolishous,frostmourne,1612,paladin,retribution,83,43,40
18712,Jvbai,area-52,1612,paladin,retribution,87,39,48
18713,Nilin,tichondrius,1611,paladin,retribution,36,21,15
18714,Kevybevy,stormrage,1611,paladin,retribution,150,81,69
18715,Allîe,malganis,1611,paladin,retribution,72,37,35
18716,Rahmie,kiljaeden,1611,paladin,retribution,96,41,55
18717,Purejudgemnt,area-52,1610,paladin,retribution,54,33,21
18718,Moød,ragnaros,1610,paladin,retribution,39,20,19
18719,Beeftink,tichondrius,1609,paladin,retribution,100,51,49
18720,Battlepope,thrall,1609,paladin,retribution,59,27,32
18721,Regivan,nemesis,1609,paladin,retribution,54,21,33
18722,Palejandro,illidan,1608,paladin,retribution,65,33,32
18723,Sololeveling,malganis,1608,paladin,retribution,98,48,50
18724,Golden,tichondrius,1608,paladin,retribution,42,20,22
18725,Andrilsteh,malganis,1608,paladin,retribution,78,35,43
18726,Yezzyll,korgath,1607,paladin,retribution,30,17,13
18727,Dazedpal,tichondrius,1607,paladin,retribution,254,135,119
18728,Trolladin,rivendare,1607,paladin,retribution,110,51,59
18729,Sukilol,tichondrius,1607,paladin,retribution,54,22,32
18730,Eurekasret,ragnaros,1606,paladin,retribution,36,20,16
18731,Marehk,thrall,1606,paladin,retribution,59,32,27
18732,Stônemôuntan,moon-guard,1606,paladin,retribution,72,26,46
18733,Theseusz,tichondrius,1605,paladin,retribution,24,19,5
18734,Chrisader,stormrage,1605,paladin,retribution,36,19,17
18735,Dïlly,area-52,1605,paladin,retribution,84,43,41
18736,Retrodino,anvilmar,1605,paladin,retribution,42,18,24
18737,Elcíd,quelthalas,1605,paladin,retribution,75,28,47
18738,Xeniél,illidan,1604,paladin,retribution,36,19,17
18739,Rycerzforge,ragnaros,1604,paladin,retribution,74,38,36
18740,Actionb,aggramar,1604,paladin,retribution,90,41,49
18741,Zalndraeda,barthilas,1603,paladin,retribution,90,47,43
18742,Skylinator,bleeding-hollow,1603,paladin,retribution,59,26,33
18743,Jowliet,stormrage,1601,paladin,retribution,36,17,19
18744,Cyrenity,tichondrius,1601,paladin,retribution,54,17,37
18745,Telarøn,stormrage,1600,paladin,retribution,165,83,82
18746,Southerly,tichondrius,1598,paladin,retribution,54,26,28
18747,Eneraxx,proudmoore,1598,paladin,retribution,42,17,25
18748,Galatus,tichondrius,1597,paladin,retribution,35,17,18
18749,Happybubbles,tichondrius,1594,paladin,retribution,36,20,16
18750,Layonhánd,ragnaros,1593,paladin,retribution,48,22,26
18751,Alpengeist,turalyon,1591,paladin,retribution,36,19,17
18752,Gimlias,kelthuzad,1591,paladin,retribution,42,21,21
18753,Cøøkïë,frostmourne,1590,paladin,retribution,42,22,20
18754,Torinel,illidan,1590,paladin,retribution,35,17,18
18755,Auralyon,tichondrius,1590,paladin,retribution,42,17,25
18756,Tyirr,kelthuzad,1589,paladin,retribution,78,35,43
18757,Midheaven,moon-guard,1588,paladin,retribution,41,25,16
18758,Sinmca,moon-guard,1588,paladin,retribution,60,34,26
18759,Cowsecration,ragnaros,1585,paladin,retribution,24,17,7
18760,Benoít,zuljin,1583,paladin,retribution,72,40,32
18761,Fótm,bleeding-hollow,1583,paladin,retribution,72,36,36
18762,Lightlana,frostwolf,1583,paladin,retribution,68,34,34
18763,Thenextx,illidan,1583,paladin,retribution,54,20,34
18764,Landeren,khazgoroth,1582,paladin,retribution,48,22,26
18765,Taphos,icecrown,1581,paladin,retribution,53,30,23
18766,Toguro,kelthuzad,1580,paladin,retribution,40,22,18
18767,Chiphazard,stormscale,1579,paladin,retribution,52,22,30
18768,Leztatium,quelthalas,1578,paladin,retribution,36,19,17
18769,Fuknshané,area-52,1577,paladin,retribution,68,32,36
18770,Malacriianza,quelthalas,1576,paladin,retribution,54,30,24
18771,Daddytoad,tichondrius,1576,paladin,retribution,54,24,30
18772,Fìlìgree,tichondrius,1574,paladin,retribution,55,30,25
18773,Seraphini,illidan,1574,paladin,retribution,48,23,25
18774,Traceless,emerald-dream,1573,paladin,retribution,75,42,33
18775,Brokeniron,wyrmrest-accord,1573,paladin,retribution,60,29,31
18776,Varekaì,frostmourne,1572,paladin,retribution,63,34,29
18777,Dzx,nemesis,1572,paladin,retribution,204,109,95
18778,Stackmymoney,kelthuzad,1572,paladin,retribution,50,22,28
18779,Ðoflamingo,area-52,1570,paladin,retribution,48,27,21
18780,Plophero,moon-guard,1570,paladin,retribution,42,21,21
18781,Tobaz,azralon,1569,paladin,retribution,79,43,36
18782,Tesak,emerald-dream,1568,paladin,retribution,48,25,23
18783,Guerrer,hyjal,1567,paladin,retribution,60,33,27
18784,Notbärry,area-52,1567,paladin,retribution,42,22,20
18785,Obsolete,onyxia,1567,paladin,retribution,36,18,18
18786,Coffeepal,tichondrius,1567,paladin,retribution,48,23,25
18787,Mazaltoff,proudmoore,1567,paladin,retribution,72,33,39
18788,Wasembroder,ragnaros,1566,paladin,retribution,71,40,31
18789,Émiluss,stormrage,1566,paladin,retribution,36,18,18
18790,Samgonz,tichondrius,1565,paladin,retribution,48,28,20
18791,Ragarèn,emerald-dream,1565,paladin,retribution,36,17,19
18792,Fionno,quelthalas,1564,paladin,retribution,116,58,58
18793,Tantradin,area-52,1564,paladin,retribution,48,20,28
18794,Rhegyna,quelthalas,1562,paladin,retribution,36,19,17
18795,Mormdring,fizzcrank,1562,paladin,retribution,54,23,31
18796,Rxes,frostmourne,1562,paladin,retribution,75,31,44
18797,Oppressive,moon-guard,1561,paladin,retribution,266,127,139
18798,Kiritazuma,ravencrest,1560,paladin,retribution,66,33,33
18799,Baeflux,kelthuzad,1560,paladin,retribution,48,19,29
18800,Ilovecl,tichondrius,1557,paladin,retribution,48,28,20
18801,Vêgenace,proudmoore,1556,paladin,retribution,48,24,24
18802,Missusomutch,azralon,1556,paladin,retribution,50,17,33
18803,Gokuu,korgath,1555,paladin,retribution,62,33,29
18804,Lit,alexstrasza,1555,paladin,retribution,46,19,27
18805,Crybátt,quelthalas,1553,paladin,retribution,68,35,33
18806,Luminiscente,ragnaros,1553,paladin,retribution,58,29,29
18807,Alexieus,wyrmrest-accord,1553,paladin,retribution,71,32,39
18808,Lumaros,wyrmrest-accord,1552,paladin,retribution,48,25,23
18809,Thastrian,stormreaver,1552,paladin,retribution,60,31,29
18810,Marvallous,area-52,1552,paladin,retribution,40,19,21
18811,Notoriouus,bleeding-hollow,1552,paladin,retribution,42,18,24
18812,Yovan,proudmoore,1551,paladin,retribution,90,51,39
18813,Holybirkkal,arthas,1551,paladin,retribution,47,25,22
18814,Holyjoint,uther,1550,paladin,retribution,92,39,53
18815,Utherpendrag,bladefist,1550,paladin,retribution,66,24,42
18816,Chancellor,azralon,1549,paladin,retribution,138,76,62
18817,Caribourider,tichondrius,1548,paladin,retribution,65,29,36
18818,Pallehx,tichondrius,1547,paladin,retribution,41,18,23
18819,Pinkies,frostmourne,1545,paladin,retribution,48,26,22
18820,Getdiswork,malygos,1545,paladin,retribution,63,29,34
18821,Thaldun,wyrmrest-accord,1541,paladin,retribution,95,41,54
18822,Smallhammer,aegwynn,1540,paladin,retribution,48,21,27
18823,Nqe,area-52,1538,paladin,retribution,34,20,14
18824,Frùglé,sargeras,1538,paladin,retribution,36,20,16
18825,Renckay,ragnaros,1538,paladin,retribution,87,43,44
18826,Celethor,wyrmrest-accord,1537,paladin,retribution,54,30,24
18827,Thepinkdept,proudmoore,1537,paladin,retribution,38,20,18
18828,Greciâ,ragnaros,1535,paladin,retribution,42,18,24
18829,Hammrekt,sargeras,1534,paladin,retribution,24,16,8
18830,Álkair,ragnaros,1534,paladin,retribution,83,36,47
18831,Avenging,wyrmrest-accord,1533,paladin,retribution,24,16,8
18832,Jager,medivh,1533,paladin,retribution,71,41,30
18833,Popwings,azralon,1532,paladin,retribution,28,17,11
18834,Xiaoqingye,tichondrius,1532,paladin,retribution,30,16,14
18835,Shiadfang,tichondrius,1532,paladin,retribution,48,23,25
18836,Mcconnell,sargeras,1530,paladin,retribution,30,16,14
18837,Holyroro,area-52,1530,paladin,retribution,38,20,18
18838,Elëssar,ragnaros,1530,paladin,retribution,77,40,37
18839,Ezcoatl,stormrage,1530,paladin,retribution,92,47,45
18840,Vasharien,nerzhul,1530,paladin,retribution,60,30,30
18841,Alphanerd,burning-blade,1529,paladin,retribution,36,24,12
18842,Beardedbrute,korgath,1529,paladin,retribution,30,16,14
18843,Joeschmo,area-52,1529,paladin,retribution,30,16,14
18844,Schankyy,stormrage,1529,paladin,retribution,36,19,17
18845,Deepsearide,illidan,1529,paladin,retribution,119,61,58
18846,Unfairness,skullcrusher,1528,paladin,retribution,63,33,30
18847,Ástridr,moon-guard,1528,paladin,retribution,95,43,52
18848,Galeast,tichondrius,1528,paladin,retribution,36,16,20
18849,Arturias,kiljaeden,1527,paladin,retribution,77,38,39
18850,Oneshotman,stormrage,1526,paladin,retribution,30,16,14
18851,Beshiki,hakkar,1526,paladin,retribution,264,130,134
18852,Kenpachí,doomhammer,1525,paladin,retribution,42,30,12
18853,Venxpeita,azralon,1525,paladin,retribution,24,16,8
18854,Rektwings,area-52,1525,paladin,retribution,30,16,14
18855,Shaidd,bleeding-hollow,1524,paladin,retribution,98,49,49
18856,Lucianz,ragnaros,1523,paladin,retribution,48,20,28
18857,Filthyape,wyrmrest-accord,1520,paladin,retribution,24,17,7
18858,Anjurus,moon-guard,1519,paladin,retribution,30,16,14
18859,Tzakial,area-52,1519,paladin,retribution,42,16,26
18860,Chewyjitsu,tichondrius,1517,paladin,retribution,30,17,13
18861,Worshipmex,tichondrius,1517,paladin,retribution,36,20,16
18862,Souyiro,sargeras,1517,paladin,retribution,36,16,20
18863,Lorenzinho,azralon,1516,paladin,retribution,80,42,38
18864,Attkdmgcurry,illidan,1515,paladin,retribution,41,16,25
18865,Kawkpaladin,kaelthas,1512,paladin,retribution,54,28,26
18866,Greasysteve,stormrage,1511,paladin,retribution,36,22,14
18867,Malandru,darrowmere,1510,paladin,retribution,36,16,20
18868,Protein,magtheridon,1509,paladin,retribution,42,16,26
18869,Mysticblade,sargeras,1508,paladin,retribution,54,31,23
18870,Cyreus,emerald-dream,1508,paladin,retribution,57,26,31
18871,Varlip,wyrmrest-accord,1508,paladin,retribution,41,16,25
18872,Miemiesage,illidan,1508,paladin,retribution,42,16,26
18873,Aberpal,illidan,1507,paladin,retribution,35,19,16
18874,Yazuka,wyrmrest-accord,1506,paladin,retribution,54,30,24
18875,Istril,ragnaros,1505,paladin,retribution,235,122,113
18876,Jonfox,stormrage,1504,paladin,retribution,48,26,22
18877,Angrytitan,tichondrius,1504,paladin,retribution,42,17,25
18878,Alanthor,ragnaros,1503,paladin,retribution,108,48,60
18879,Xk,kiljaeden,1502,paladin,retribution,30,16,14
18880,Lecheroø,tichondrius,1502,paladin,retribution,30,16,14
18881,Whyta,azralon,1502,paladin,retribution,133,66,67
18882,Rohrn,firetree,1501,paladin,retribution,49,29,20
18883,Savøx,sargeras,1500,paladin,retribution,77,37,40
18884,Killmönger,tichondrius,1499,paladin,retribution,46,20,26
18885,Kookamønga,tichondrius,1498,paladin,retribution,67,32,35
18886,Pocserpala,drakkari,1497,paladin,retribution,24,16,8
18887,Mäýhëm,sargeras,1497,paladin,retribution,36,22,14
18888,Audris,chogall,1497,paladin,retribution,65,29,36
18889,Valardaharis,thunderlord,1497,paladin,retribution,88,39,49
18890,Schwârts,blackrock,1494,paladin,retribution,70,36,34
18891,Preacherfudd,area-52,1493,paladin,retribution,30,16,14
18892,Anivan,moon-guard,1493,paladin,retribution,42,21,21
18893,Sneeber,stormrage,1493,paladin,retribution,66,30,36
18894,Konthrus,azralon,1492,paladin,retribution,59,40,19
18895,Ignasius,blood-furnace,1492,paladin,retribution,42,19,23
18896,Arquidea,tichondrius,1492,paladin,retribution,36,16,20
18897,Ascetic,barthilas,1492,paladin,retribution,174,73,101
18898,Týrael,uldum,1491,paladin,retribution,36,21,15
18899,Kozk,quelthalas,1488,paladin,retribution,129,73,56
18900,Mathieü,zuljin,1488,paladin,retribution,36,20,16
18901,Castïël,area-52,1488,paladin,retribution,151,73,78
18902,Dgâza,tichondrius,1488,paladin,retribution,36,17,19
18903,Jdgmnt,sargeras,1487,paladin,retribution,60,30,30
18904,Joltie,quelthalas,1485,paladin,retribution,131,70,61
18905,Haunter,akama,1485,paladin,retribution,54,25,29
18906,Levian,spirestone,1483,paladin,retribution,90,46,44
18907,Tacien,tichondrius,1483,paladin,retribution,100,49,51
18908,Pàladwarf,stormrage,1483,paladin,retribution,39,19,20
18909,Lebowski,nordrassil,1482,paladin,retribution,36,19,17
18910,Dalgren,quelthalas,1482,paladin,retribution,81,30,51
18911,Galeatus,tichondrius,1481,paladin,retribution,47,17,30
18912,Ralo,khaz-modan,1480,paladin,retribution,30,16,14
18913,Forlam,sargeras,1480,paladin,retribution,108,45,63
18914,Cloaxy,azgalor,1480,paladin,retribution,60,23,37
18915,Areuss,tichondrius,1479,paladin,retribution,29,16,13
18916,Mcholy,thrall,1479,paladin,retribution,38,20,18
18917,Janokaluo,wyrmrest-accord,1479,paladin,retribution,89,46,43
18918,Faowin,sargeras,1478,paladin,retribution,60,27,33
18919,Holydiver,sargeras,1478,paladin,retribution,78,34,44
18920,Insideous,kelthuzad,1478,paladin,retribution,54,23,31
18921,Ellyee,jaedenar,1478,paladin,retribution,46,17,29
18922,Killeralan,quelthalas,1477,paladin,retribution,74,34,40
18923,Shartea,moon-guard,1475,paladin,retribution,46,21,25
18924,Azoruken,quelthalas,1475,paladin,retribution,71,31,40
18925,Arecht,moon-guard,1474,paladin,retribution,30,19,11
18926,Freiermoth,shadowmoon,1474,paladin,retribution,123,63,60
18927,Fressbee,nathrezim,1473,paladin,retribution,41,19,22
18928,Cyniaria,moon-guard,1472,paladin,retribution,60,33,27
18929,Zuthora,alleria,1471,paladin,retribution,70,37,33
18930,Yoboyindahiz,stormrage,1471,paladin,retribution,57,23,34
18931,Rykorth,moon-guard,1470,paladin,retribution,33,20,13
18932,Charleyy,stormscale,1469,paladin,retribution,78,45,33
18933,Cókelol,zuljin,1469,paladin,retribution,60,32,28
18934,Pijbins,moon-guard,1469,paladin,retribution,66,34,32
18935,Purdicks,emerald-dream,1467,paladin,retribution,60,25,35
18936,Dimmadome,frostmourne,1465,paladin,retribution,66,44,22
18937,Toughlife,tichondrius,1464,paladin,retribution,66,25,41
18938,Nohpalli,kelthuzad,1463,paladin,retribution,79,43,36
18939,Bañe,lightbringer,1463,paladin,retribution,81,35,46
18940,Dreyan,wyrmrest-accord,1462,paladin,retribution,47,23,24
18941,Sanguinata,shadowsong,1461,paladin,retribution,47,30,17
18942,Snussp,emerald-dream,1461,paladin,retribution,69,32,37
18943,Hamertime,wyrmrest-accord,1460,paladin,retribution,81,40,41
18944,Lasteroy,nemesis,1459,paladin,retribution,29,16,13
18945,Grîshnâkh,ragnaros,1458,paladin,retribution,95,48,47
18946,Dentarg,garrosh,1456,paladin,retribution,54,29,25
18947,Folgimar,moon-guard,1455,paladin,retribution,72,37,35
18948,Thalorian,azshara,1455,paladin,retribution,51,25,26
18949,Lolslikeomg,malganis,1454,paladin,retribution,72,29,43
18950,Sovereignt,aggramar,1453,paladin,retribution,157,84,73
18951,Monchy,bleeding-hollow,1453,paladin,retribution,52,27,25
18952,Wwanntae,tichondrius,1453,paladin,retribution,60,26,34
18953,Yamush,silver-hand,1452,paladin,retribution,36,18,18
18954,Murtag,bloodscalp,1451,paladin,retribution,36,18,18
18955,Vexxa,nerzhul,1451,paladin,retribution,36,18,18
18956,Liaadrin,azralon,1450,paladin,retribution,32,16,16
18957,Solandiis,tichondrius,1450,paladin,retribution,67,32,35
18958,Airplane,malygos,1449,paladin,retribution,24,16,8
18959,Lustros,stormrage,1449,paladin,retribution,66,28,38
18960,Californía,bleeding-hollow,1448,paladin,retribution,37,23,14
18961,Ellanaria,thrall,1445,paladin,retribution,111,57,54
18962,Aoishie,bleeding-hollow,1444,paladin,retribution,96,45,51
18963,Bladetm,proudmoore,1444,paladin,retribution,53,23,30
18964,Carnagias,bleeding-hollow,1443,paladin,retribution,65,34,31
18965,Andrinn,nemesis,1443,paladin,retribution,36,18,18
18966,Iluminadoor,nemesis,1442,paladin,retribution,29,19,10
18967,Weskar,frostwolf,1440,paladin,retribution,36,21,15
18968,Awake,chogall,1439,paladin,retribution,24,15,9
18969,Kkgame,tichondrius,1439,paladin,retribution,37,19,18
18970,Zadragon,sargeras,1438,paladin,retribution,48,24,24
18971,Dúrnir,stormscale,1437,paladin,retribution,24,15,9
18972,Saakero,illidan,1436,paladin,retribution,24,15,9
18973,Zolktro,stormrage,1435,paladin,retribution,52,27,25
18974,Stax,moon-guard,1435,paladin,retribution,36,15,21
18975,Warmpôcket,proudmoore,1435,paladin,retribution,66,26,40
18976,Lumíty,sargeras,1434,paladin,retribution,125,64,61
18977,Gimli,mannoroth,1434,paladin,retribution,36,15,21
18978,Saakadin,illidan,1431,paladin,retribution,24,15,9
18979,Rasc,barthilas,1431,paladin,retribution,42,18,24
18980,Sprinkills,frostmourne,1430,paladin,retribution,25,18,7
18981,Richiggaa,illidan,1430,paladin,retribution,47,29,18
18982,Konarik,stormrage,1430,paladin,retribution,40,21,19
18983,Theretpally,kelthuzad,1430,paladin,retribution,42,20,22
18984,Forged,steamwheedle-cartel,1430,paladin,retribution,66,29,37
18985,Dréveleth,quelthalas,1430,paladin,retribution,47,15,32
18986,Lmd,tichondrius,1429,paladin,retribution,54,29,25
18987,Onitenshi,stormscale,1429,paladin,retribution,67,31,36
18988,Dawncröwn,stormrage,1429,paladin,retribution,53,17,36
18989,Traize,kelthuzad,1428,paladin,retribution,24,15,9
18990,Talantyr,zuljin,1426,paladin,retribution,78,36,42
18991,Tribiani,lightbringer,1425,paladin,retribution,24,15,9
18992,Dallyon,stormrage,1425,paladin,retribution,24,15,9
18993,Mathalt,area-52,1425,paladin,retribution,51,26,25
18994,Tekar,altar-of-storms,1424,paladin,retribution,42,17,25
18995,Sammyste,elune,1423,paladin,retribution,80,41,39
18996,Shlaps,crushridge,1423,paladin,retribution,42,21,21
18997,Modjytech,tichondrius,1422,paladin,retribution,66,24,42
18998,Astharor,nemesis,1421,paladin,retribution,52,29,23
18999,Arahann,bleeding-hollow,1420,paladin,retribution,29,16,13
19000,Palpinga,kelthuzad,1420,paladin,retribution,44,18,26
19001,Annhette,sargeras,1418,paladin,retribution,31,15,16
19002,Promethèus,jubeithos,1418,paladin,retribution,42,15,27
19003,Napstër,ragnaros,1417,paladin,retribution,36,15,21
19004,Hägär,tichondrius,1416,paladin,retribution,30,15,15
19005,Wagyou,skywall,1416,paladin,retribution,30,15,15
19006,Reckcowning,area-52,1416,paladin,retribution,42,15,27
19007,Hdmi,darkspear,1415,paladin,retribution,41,20,21
19008,Zadquel,ragnaros,1414,paladin,retribution,59,30,29
19009,Belgrieve,proudmoore,1414,paladin,retribution,42,20,22
19010,Pockopea,arygos,1413,paladin,retribution,42,23,19
19011,Savagedemise,barthilas,1413,paladin,retribution,55,28,27
19012,Justicierø,aegwynn,1413,paladin,retribution,42,21,21
19013,Solgrïm,wyrmrest-accord,1412,paladin,retribution,36,18,18
19014,Bubblestar,ragnaros,1412,paladin,retribution,48,22,26
19015,Rhodela,illidan,1412,paladin,retribution,36,16,20
19016,Smashnasty,area-52,1409,paladin,retribution,24,15,9
19017,Arreliya,sargeras,1409,paladin,retribution,30,15,15
19018,Vaqoh,ragnaros,1409,paladin,retribution,36,15,21
19019,Kalboko,twisting-nether,1408,paladin,retribution,45,23,22
19020,Reìarthur,stormrage,1408,paladin,retribution,72,32,40
19021,Kulandis,stormrage,1408,paladin,retribution,57,24,33
19022,Perzeføne,quelthalas,1407,paladin,retribution,35,19,16
19023,Jxke,barthilas,1406,paladin,retribution,29,15,14
19024,Szeq,tichondrius,1405,paladin,retribution,32,16,16
19025,Wesdarian,jaedenar,1405,paladin,retribution,72,31,41
19026,Sconci,whisperwind,1404,paladin,retribution,30,15,15
19027,Zimzob,stormscale,1403,paladin,retribution,30,15,15
19028,Swietomierz,proudmoore,1403,paladin,retribution,48,20,28
19029,Fabolouss,tichondrius,1402,paladin,retribution,66,38,28
19030,Viclovin,stormrage,1400,paladin,retribution,34,17,17
19031,Sländers,sargeras,1400,paladin,retribution,53,24,29
19032,Keltec,bonechewer,1400,paladin,retribution,39,16,23
19033,Tøpbløke,frostmourne,1399,paladin,retribution,55,28,27
19034,Yawnbringer,tichondrius,1399,paladin,retribution,78,37,41
19035,Falaran,azralon,1398,paladin,retribution,56,28,28
19036,Mordered,proudmoore,1396,paladin,retribution,34,15,19
19037,Albïreo,drakkari,1394,paladin,retribution,30,15,15
19038,Rhodius,dalaran,1393,paladin,retribution,42,23,19
19039,Tmac,azralon,1393,paladin,retribution,68,35,33
19040,Belregn,illidan,1393,paladin,retribution,78,36,42
19041,Hurukpaly,azralon,1393,paladin,retribution,42,19,23
19042,Öpäf,steamwheedle-cartel,1393,paladin,retribution,49,21,28
19043,Wésters,quelthalas,1391,paladin,retribution,85,37,48
19044,Tronzyy,trollbane,1391,paladin,retribution,35,15,20
19045,Droden,tichondrius,1390,paladin,retribution,55,29,26
19046,Industry,firetree,1389,paladin,retribution,27,16,11
19047,Mfgspally,kelthuzad,1389,paladin,retribution,30,15,15
19048,Yiqieyouwei,proudmoore,1388,paladin,retribution,36,15,21
19049,Slowedreverb,stormrage,1387,paladin,retribution,81,42,39
19050,Granisdh,aegwynn,1387,paladin,retribution,54,27,27
19051,Erowyn,tichondrius,1385,paladin,retribution,30,15,15
19052,Judgmentor,malganis,1384,paladin,retribution,64,25,39
19053,Urfavxbf,baelgun,1383,paladin,retribution,104,56,48
19054,Lightcast,moon-guard,1382,paladin,retribution,36,17,19
19055,Cillessá,kelthuzad,1378,paladin,retribution,42,17,25
19056,Elsinore,senjin,1377,paladin,retribution,35,19,16
19057,Mitchyc,stormrage,1376,paladin,retribution,60,28,32
19058,Delanadras,kelthuzad,1375,paladin,retribution,47,19,28
19059,Stdee,zuljin,1372,paladin,retribution,57,30,27
19060,Swurvezx,bleeding-hollow,1371,paladin,retribution,23,15,8
19061,Minitas,blackrock,1369,paladin,retribution,42,15,27
19062,Kellissandra,aerie-peak,1368,paladin,retribution,84,34,50
19063,Wlq,frostmourne,1368,paladin,retribution,47,18,29
19064,Kadbury,icecrown,1367,paladin,retribution,103,38,65
19065,Scubàlicous,magtheridon,1366,paladin,retribution,42,19,23
19066,Wîckèd,tichondrius,1366,paladin,retribution,35,15,20
19067,Bilbain,proudmoore,1365,paladin,retribution,167,82,85
19068,Bebopin,tichondrius,1365,paladin,retribution,34,16,18
19069,Erethonis,bladefist,1364,paladin,retribution,48,23,25
19070,Áthz,ragnaros,1363,paladin,retribution,41,21,20
19071,Alvick,icecrown,1363,paladin,retribution,39,16,23
19072,Donao,illidan,1361,paladin,retribution,42,21,21
19073,Sellenagomez,malganis,1359,paladin,retribution,48,21,27
19074,Balrok,cenarius,1358,paladin,retribution,179,88,91
19075,Dfbattlepass,kelthuzad,1357,paladin,retribution,61,32,29
19076,Pallytoot,aerie-peak,1356,paladin,retribution,30,19,11
19077,Messeb,veknilash,1356,paladin,retribution,115,62,53
19078,Wickedwingz,sargeras,1356,paladin,retribution,30,15,15
19079,Bullzor,aerie-peak,1352,paladin,retribution,43,28,15
19080,Andronik,bleeding-hollow,1352,paladin,retribution,33,16,17
19081,Hùck,alexstrasza,1352,paladin,retribution,104,48,56
19082,Tlahtoani,illidan,1350,paladin,retribution,23,15,8
19083,Zantdemption,frostmourne,1349,paladin,retribution,29,15,14
19084,Øxøxø,emerald-dream,1347,paladin,retribution,78,41,37
19085,Ôdenswrath,stormscale,1347,paladin,retribution,68,34,34
19086,Hazmât,illidan,1347,paladin,retribution,81,32,49
19087,Dwurim,moon-guard,1346,paladin,retribution,48,26,22
19088,Kalendawn,moon-guard,1345,paladin,retribution,43,26,17
19089,Ddeadwhisper,executus,1345,paladin,retribution,104,56,48
19090,Chinsta,zuljin,1344,paladin,retribution,24,16,8
19091,Retman,azuremyst,1344,paladin,retribution,42,17,25
19092,Aiseyqt,frostmourne,1343,paladin,retribution,42,25,17
19093,Bossmin,tichondrius,1343,paladin,retribution,24,14,10
19094,Kumdonia,illidan,1343,paladin,retribution,30,14,16
19095,Sôck,zuljin,1343,paladin,retribution,32,14,18
19096,Worder,tichondrius,1342,paladin,retribution,24,15,9
19097,Strøngkiing,bleeding-hollow,1342,paladin,retribution,24,14,10
19098,Samphlty,azralon,1340,paladin,retribution,30,14,16
19099,Outstrike,tichondrius,1340,paladin,retribution,30,14,16
19100,Retsonictwo,tichondrius,1340,paladin,retribution,30,14,16
19101,Xandia,aegwynn,1340,paladin,retribution,42,14,28
19102,Athenauwu,illidan,1339,paladin,retribution,34,15,19
19103,Stöneblood,moon-guard,1339,paladin,retribution,36,14,22
19104,Juffury,illidan,1339,paladin,retribution,42,14,28
19105,Hapii,tichondrius,1338,paladin,retribution,41,16,25
19106,Palajeans,stormrage,1337,paladin,retribution,24,14,10
19107,Neró,quelthalas,1337,paladin,retribution,55,25,30
19108,Hristian,tichondrius,1336,paladin,retribution,24,14,10
19109,Healmeboi,tichondrius,1336,paladin,retribution,24,14,10
19110,Oldicktwist,garrosh,1336,paladin,retribution,42,23,19
19111,Ibustcheeks,sargeras,1334,paladin,retribution,24,14,10
19112,Waffletrain,tichondrius,1334,paladin,retribution,34,15,19
19113,Anafensa,malganis,1334,paladin,retribution,36,14,22
19114,Väkariän,quelthalas,1333,paladin,retribution,30,14,16
19115,Mïkhael,nemesis,1333,paladin,retribution,54,20,34
19116,Yusha,barthilas,1332,paladin,retribution,23,15,8
19117,Snowcrest,cenarius,1332,paladin,retribution,36,17,19
19118,Heraolympian,black-dragonflight,1331,paladin,retribution,24,15,9
19119,Trogdorpwn,bonechewer,1331,paladin,retribution,30,17,13
19120,Ënfos,azralon,1331,paladin,retribution,30,14,16
19121,Däkh,sargeras,1329,paladin,retribution,24,14,10
19122,Yree,ragnaros,1329,paladin,retribution,30,14,16
19123,Amanzhul,quelthalas,1329,paladin,retribution,36,14,22
19124,Brightsaber,tichondrius,1328,paladin,retribution,63,34,29
19125,Melize,area-52,1328,paladin,retribution,93,44,49
19126,Adrockiller,quelthalas,1328,paladin,retribution,38,17,21
19127,Snowcrow,tichondrius,1327,paladin,retribution,80,36,44
19128,Aztraseneco,ragnaros,1325,paladin,retribution,74,40,34
19129,Oschy,moon-guard,1325,paladin,retribution,67,31,36
19130,Akabanee,ragnaros,1324,paladin,retribution,24,14,10
19131,Christman,illidan,1323,paladin,retribution,78,33,45
19132,Jizii,tichondrius,1322,paladin,retribution,24,14,10
19133,Rusinator,bonechewer,1320,paladin,retribution,24,14,10
19134,Sventyn,frostmourne,1320,paladin,retribution,41,14,27
19135,Avantasias,sargeras,1319,paladin,retribution,64,30,34
19136,Bennu,sargeras,1319,paladin,retribution,45,17,28
19137,Taîno,thrall,1318,paladin,retribution,68,35,33
19138,Levarious,thunderlord,1317,paladin,retribution,54,25,29
19139,Hwanko,tichondrius,1316,paladin,retribution,28,20,8
19140,Morneau,malganis,1315,paladin,retribution,204,98,106
19141,Bigdoosa,frostmourne,1309,paladin,retribution,28,16,12
19142,Dcountt,area-52,1307,paladin,retribution,36,14,22
19143,Retrah,azralon,1306,paladin,retribution,24,14,10
19144,Malorian,azgalor,1306,paladin,retribution,42,17,25
19145,Shecara,malygos,1305,paladin,retribution,48,26,22
19146,Arkanica,moon-guard,1305,paladin,retribution,36,15,21
19147,Carolena,thaurissan,1305,paladin,retribution,48,19,29
19148,Krawmwell,lothar,1303,paladin,retribution,54,34,20
19149,Jursch,emerald-dream,1303,paladin,retribution,97,44,53
19150,Happywow,tichondrius,1302,paladin,retribution,59,30,29
19151,Atrayeus,dawnbringer,1300,paladin,retribution,48,21,27
19152,Oneminute,nerzhul,1299,paladin,retribution,42,21,21
19153,Gixpal,skullcrusher,1297,paladin,retribution,24,14,10
19154,Mobitz,dalvengyr,1297,paladin,retribution,36,18,18
19155,Vtyr,nemesis,1297,paladin,retribution,51,23,28
19156,Jøestar,proudmoore,1297,paladin,retribution,36,14,22
19157,Sunwrath,quelthalas,1296,paladin,retribution,72,29,43
19158,Athenariel,bleeding-hollow,1295,paladin,retribution,36,16,20
19159,Haiyaa,frostwolf,1294,paladin,retribution,30,14,16
19160,Jugheadqc,mugthol,1293,paladin,retribution,51,25,26
19161,Paladingirl,darkspear,1292,paladin,retribution,92,50,42
19162,Throwable,illidan,1291,paladin,retribution,40,16,24
19163,Vêndar,ragnaros,1289,paladin,retribution,78,33,45
19164,Chadatron,tichondrius,1288,paladin,retribution,30,15,15
19165,Tutankhammer,stormrage,1286,paladin,retribution,58,28,30
19166,Dedsxy,tichondrius,1286,paladin,retribution,30,14,16
19167,Critxx,tichondrius,1286,paladin,retribution,71,32,39
19168,Broxon,tichondrius,1285,paladin,retribution,58,30,28
19169,Gainen,illidan,1285,paladin,retribution,47,24,23
19170,Heindallr,nemesis,1284,paladin,retribution,36,18,18
19171,Paliodin,dalaran,1284,paladin,retribution,36,15,21
19172,Nadrela,burning-blade,1281,paladin,retribution,42,25,17
19173,Garcinddra,vashj,1281,paladin,retribution,28,15,13
19174,Navicc,zuljin,1279,paladin,retribution,29,14,15
19175,Mikehawkhuge,area-52,1276,paladin,retribution,42,22,20
19176,Rimjobrachel,barthilas,1276,paladin,retribution,57,25,32
19177,Follower,sargeras,1274,paladin,retribution,67,31,36
19178,Hinataa,illidan,1273,paladin,retribution,45,24,21
19179,Webothhateme,tichondrius,1272,paladin,retribution,30,17,13
19180,Khorgus,gundrak,1271,paladin,retribution,54,27,27
19181,Bulioevn,emerald-dream,1271,paladin,retribution,30,14,16
19182,Giulio,moon-guard,1266,paladin,retribution,30,15,15
19183,Formergf,crushridge,1265,paladin,retribution,60,29,31
19184,Tonnerre,silvermoon,1263,paladin,retribution,61,29,32
19185,Galaxahan,bonechewer,1262,paladin,retribution,64,30,34
19186,Ajoladin,illidan,1262,paladin,retribution,42,16,26
19187,Punative,darkspear,1262,paladin,retribution,48,16,32
19188,Garruckadin,dalaran,1261,paladin,retribution,25,14,11
19189,Suncrashkid,nerzhul,1260,paladin,retribution,55,37,18
19190,Herrit,frostmourne,1260,paladin,retribution,72,40,32
19191,Sïrenek,tichondrius,1260,paladin,retribution,55,27,28
19192,Canadianeh,malganis,1260,paladin,retribution,66,28,38
19193,Todesgott,tichondrius,1259,paladin,retribution,30,15,15
19194,Xoxoxoxoxoxo,aegwynn,1259,paladin,retribution,30,14,16
19195,Fogonaventa,nemesis,1259,paladin,retribution,48,16,32
19196,Toyotasupra,azgalor,1258,paladin,retribution,42,24,18
19197,Holyshôckz,stormrage,1258,paladin,retribution,35,16,19
19198,Belena,jaedenar,1258,paladin,retribution,36,16,20
19199,Minlarkwa,frostmourne,1257,paladin,retribution,30,16,14
19200,Aretwin,dalaran,1255,paladin,retribution,30,14,16
19201,Balster,moon-guard,1254,paladin,retribution,43,18,25
19202,Ulessys,bleeding-hollow,1250,paladin,retribution,48,25,23
19203,Dárí,stormrage,1250,paladin,retribution,90,42,48
19204,Irantir,drakkari,1249,paladin,retribution,41,17,24
19205,Zanthus,shadow-council,1248,paladin,retribution,24,13,11
19206,Venturep,azralon,1247,paladin,retribution,24,13,11
19207,Hojdin,tichondrius,1247,paladin,retribution,30,13,17
19208,Davinchi,laughing-skull,1246,paladin,retribution,41,24,17
19209,Beyönd,quelthalas,1246,paladin,retribution,30,13,17
19210,Zephyrvalor,sargeras,1245,paladin,retribution,54,32,22
19211,Pérona,tichondrius,1245,paladin,retribution,30,13,17
19212,Yuccalicious,area-52,1245,paladin,retribution,41,16,25
19213,Hijinxx,antonidas,1244,paladin,retribution,35,16,19
19214,Redemptiøn,nemesis,1244,paladin,retribution,30,13,17
19215,Goons,frostmourne,1244,paladin,retribution,36,13,23
19216,Doktavius,lightbringer,1243,paladin,retribution,24,13,11
19217,Tofuupal,tichondrius,1243,paladin,retribution,30,13,17
19218,Gànnicus,korgath,1243,paladin,retribution,30,13,17
19219,Deployed,kaelthas,1243,paladin,retribution,36,13,23
19220,Tedward,emerald-dream,1242,paladin,retribution,24,13,11
19221,Bebitufiufiu,illidan,1242,paladin,retribution,24,13,11
19222,Vapanor,ragnaros,1241,paladin,retribution,30,13,17
19223,Såssy,moon-guard,1240,paladin,retribution,48,18,30
19224,Saintpower,stormscale,1239,paladin,retribution,24,13,11
19225,Bawek,azralon,1239,paladin,retribution,36,13,23
19226,Deftonia,stormrage,1238,paladin,retribution,65,31,34
19227,Perfectgirl,maiev,1238,paladin,retribution,50,22,28
19228,Rigotakp,illidan,1237,paladin,retribution,24,13,11
19229,Siaaryn,darkspear,1237,paladin,retribution,30,13,17
19230,Pristinne,darkspear,1237,paladin,retribution,82,34,48
19231,Sconey,andorhal,1237,paladin,retribution,34,14,20
19232,Hammerzite,whisperwind,1234,paladin,retribution,24,13,11
19233,Krinkin,illidan,1233,paladin,retribution,36,13,23
19234,Bapped,dalaran,1232,paladin,retribution,30,13,17
19235,Nicret,tichondrius,1230,paladin,retribution,18,13,5
19236,Saucepally,laughing-skull,1229,paladin,retribution,42,21,21
19237,Arlanso,frostmourne,1229,paladin,retribution,34,14,20
19238,Legible,tichondrius,1228,paladin,retribution,28,15,13
19239,Lyricism,tichondrius,1227,paladin,retribution,24,13,11
19240,Lüuz,area-52,1227,paladin,retribution,36,13,23
19241,Thorsenâ,sargeras,1226,paladin,retribution,27,17,10
19242,Hiikari,silver-hand,1225,paladin,retribution,30,14,16
19243,Dankpaladin,frostwolf,1224,paladin,retribution,30,13,17
19244,Amarith,queldorei,1224,paladin,retribution,76,31,45
19245,Arnblass,magtheridon,1224,paladin,retribution,51,19,32
19246,Soana,alexstrasza,1223,paladin,retribution,72,44,28
19247,Vanthor,emerald-dream,1223,paladin,retribution,24,13,11
19248,Albion,sargeras,1222,paladin,retribution,36,13,23
19249,Füriøsa,quelthalas,1221,paladin,retribution,59,29,30
19250,Kiergann,quelthalas,1221,paladin,retribution,48,18,30
19251,Gorriuke,wyrmrest-accord,1220,paladin,retribution,24,13,11
19252,Demihoj,illidan,1220,paladin,retribution,36,13,23
19253,Naghret,area-52,1218,paladin,retribution,24,13,11
19254,Beastyone,tichondrius,1218,paladin,retribution,110,58,52
19255,Ablunedion,illidan,1218,paladin,retribution,30,13,17
19256,Uglymugz,area-52,1218,paladin,retribution,37,16,21
19257,Redeviliu,tichondrius,1217,paladin,retribution,41,15,26
19258,Brucedwal,moon-guard,1216,paladin,retribution,45,22,23
19259,Shusekki,drakkari,1216,paladin,retribution,54,26,28
19260,Aellâ,bloodscalp,1214,paladin,retribution,134,70,64
19261,Kalgormoth,ragnaros,1213,paladin,retribution,29,13,16
19262,Drholypurp,tichondrius,1212,paladin,retribution,23,13,10
19263,Brsjak,frostmourne,1212,paladin,retribution,41,18,23
19264,Páláx,stormrage,1211,paladin,retribution,45,20,25
19265,Serran,durotan,1210,paladin,retribution,36,13,23
19266,Armstrongz,bleeding-hollow,1210,paladin,retribution,36,13,23
19267,Melloow,azralon,1208,paladin,retribution,73,30,43
19268,Huitz,drakkari,1207,paladin,retribution,42,19,23
19269,Xenagos,akama,1207,paladin,retribution,30,13,17
19270,Longinus,eredar,1206,paladin,retribution,24,13,11
19271,Amgirlinv,malganis,1206,paladin,retribution,26,14,12
19272,Clayban,stormrage,1204,paladin,retribution,24,13,11
19273,Rediems,drakkari,1203,paladin,retribution,42,21,21
19274,Sturka,illidan,1203,paladin,retribution,30,15,15
19275,Noskill,moonrunner,1202,paladin,retribution,42,27,15
19276,Hibrael,azralon,1201,paladin,retribution,56,32,24
19277,Stõnêdpimp,agamaggan,1201,paladin,retribution,29,13,16
19278,Cexus,tichondrius,1198,paladin,retribution,23,13,10
19279,Oathden,area-52,1198,paladin,retribution,34,18,16
19280,Finishearlyx,kelthuzad,1198,paladin,retribution,35,13,22
19281,Lucigiorna,stormrage,1197,paladin,retribution,42,18,24
19282,Statícx,ragnaros,1197,paladin,retribution,73,31,42
19283,Spartus,area-52,1191,paladin,retribution,26,15,11
19284,Avelane,caelestrasz,1191,paladin,retribution,52,24,28
19285,Sathandrä,sargeras,1191,paladin,retribution,33,14,19
19286,Dynamais,barthilas,1190,paladin,retribution,42,15,27
19287,Popwingzz,sargeras,1188,paladin,retribution,42,14,28
19288,Reptaur,bleeding-hollow,1185,paladin,retribution,64,31,33
19289,Souljahgirl,demon-soul,1185,paladin,retribution,36,16,20
19290,Holycower,tichondrius,1182,paladin,retribution,24,15,9
19291,Thadose,bonechewer,1182,paladin,retribution,40,24,16
19292,Sugnidrom,frostmourne,1179,paladin,retribution,28,13,15
19293,Hokkan,quelthalas,1176,paladin,retribution,17,13,4
19294,Schnabdain,exodar,1171,paladin,retribution,66,36,30
19295,Dralkou,kaelthas,1171,paladin,retribution,44,14,30
19296,Crosshammer,quelthalas,1170,paladin,retribution,42,20,22
19297,Linias,quelthalas,1169,paladin,retribution,21,14,7
19298,Drágons,stormrage,1167,paladin,retribution,66,29,37
19299,Soopadupa,trollbane,1164,paladin,retribution,68,36,32
19300,Ktwocrank,dalaran,1162,paladin,retribution,31,13,18
19301,Draerys,drakkari,1159,paladin,retribution,36,26,10
19302,Procs,hyjal,1157,paladin,retribution,20,15,5
19303,Meanlight,zuljin,1156,paladin,retribution,60,30,30
19304,Tearet,tichondrius,1152,paladin,retribution,18,12,6
19305,Huavi,tichondrius,1152,paladin,retribution,18,12,6
19306,Hammrekt,dalaran,1152,paladin,retribution,18,12,6
19307,Ghøjan,malganis,1152,paladin,retribution,23,15,8
19308,Scathol,tichondrius,1152,paladin,retribution,24,12,12
19309,Vânguârds,tichondrius,1152,paladin,retribution,24,12,12
19310,Galedance,tichondrius,1152,paladin,retribution,28,13,15
19311,Xalø,ragnaros,1151,paladin,retribution,18,12,6
19312,Cöjax,dalaran,1151,paladin,retribution,18,12,6
19313,Iloveqiqi,sargeras,1151,paladin,retribution,24,12,12
19314,Kuico,ragnaros,1151,paladin,retribution,24,12,12
19315,Dragynfist,malganis,1151,paladin,retribution,30,12,18
19316,Sukmyret,sargeras,1151,paladin,retribution,30,12,18
19317,Geospawn,tichondrius,1151,paladin,retribution,30,12,18
19318,Dayuanzhong,tichondrius,1151,paladin,retribution,32,12,20
19319,Aiethyria,tichondrius,1150,paladin,retribution,18,12,6
19320,Mmbakes,shadowsong,1150,paladin,retribution,18,12,6
19321,Thirtyfivemm,area-52,1150,paladin,retribution,36,19,17
19322,Milizi,zuljin,1150,paladin,retribution,24,12,12
19323,Britanybich,area-52,1150,paladin,retribution,24,12,12
19324,Supercharged,area-52,1150,paladin,retribution,24,12,12
19325,Hurrîcane,illidan,1150,paladin,retribution,30,12,18
19326,Nizzy,caelestrasz,1150,paladin,retribution,30,12,18
19327,Plniss,tichondrius,1150,paladin,retribution,30,12,18
19328,Jaikerino,emerald-dream,1150,paladin,retribution,30,12,18
19329,Streetsaint,frostmourne,1149,paladin,retribution,54,27,27
19330,Zcho,proudmoore,1149,paladin,retribution,24,12,12
19331,Yeeter,thrall,1149,paladin,retribution,24,12,12
19332,Retosterone,stormrage,1149,paladin,retribution,30,12,18
19333,Kadryck,drakkari,1148,paladin,retribution,18,12,6
19334,Leennoox,quelthalas,1148,paladin,retribution,31,17,14
19335,Sigmond,azralon,1148,paladin,retribution,27,13,14
19336,Bigdpally,frostmourne,1148,paladin,retribution,36,12,24
19337,Arkoth,kelthuzad,1147,paladin,retribution,24,12,12
19338,Snoogans,korgath,1147,paladin,retribution,30,12,18
19339,Ödin,scarlet-crusade,1146,paladin,retribution,24,12,12
19340,Barcar,area-52,1146,paladin,retribution,24,12,12
19341,Røshea,hydraxis,1146,paladin,retribution,24,12,12
19342,Véxv,emerald-dream,1146,paladin,retribution,36,12,24
19343,Luminainre,zuljin,1145,paladin,retribution,24,12,12
19344,Deosfires,ragnaros,1145,paladin,retribution,28,13,15
19345,Xdiegox,stormrage,1145,paladin,retribution,30,12,18
19346,Rafaela,alterac-mountains,1144,paladin,retribution,18,12,6
19347,Atterz,azralon,1144,paladin,retribution,30,12,18
19348,Lightshope,coilfang,1143,paladin,retribution,18,12,6
19349,Thoti,tichondrius,1143,paladin,retribution,25,12,13
19350,Scudstock,tichondrius,1143,paladin,retribution,71,34,37
19351,Polypal,zuljin,1143,paladin,retribution,30,12,18
19352,Seongje,tichondrius,1143,paladin,retribution,33,13,20
19353,Stormwinter,azralon,1143,paladin,retribution,36,12,24
19354,Ginbirdup,kelthuzad,1141,paladin,retribution,18,12,6
19355,Smorezz,bonechewer,1141,paladin,retribution,18,12,6
19356,Aowynd,tichondrius,1141,paladin,retribution,55,29,26
19357,Elbigboy,tichondrius,1140,paladin,retribution,83,42,41
19358,Kittylickers,tichondrius,1138,paladin,retribution,84,46,38
19359,Victidin,quelthalas,1138,paladin,retribution,24,12,12
19360,Oopalaoo,azralon,1137,paladin,retribution,24,12,12
19361,Sophany,shattered-halls,1134,paladin,retribution,18,12,6
19362,Jdn,ysera,1134,paladin,retribution,36,17,19
19363,Pallyhealed,tichondrius,1134,paladin,retribution,27,12,15
19364,Carliitoz,quelthalas,1132,paladin,retribution,43,14,29
19365,Tatánka,ragnaros,1130,paladin,retribution,24,12,12
19366,Arun,arthas,1128,paladin,retribution,33,15,18
19367,Chbestafera,nemesis,1127,paladin,retribution,18,12,6
19368,Faaqmee,gorefiend,1126,paladin,retribution,18,12,6
19369,Pìerre,ragnaros,1126,paladin,retribution,86,42,44
19370,Damorte,ragnaros,1125,paladin,retribution,30,15,15
19371,Dirkadirkka,stormrage,1125,paladin,retribution,24,12,12
19372,Sparkchaser,proudmoore,1125,paladin,retribution,24,12,12
19373,Newerlight,tichondrius,1124,paladin,retribution,25,13,12
19374,Grimhammer,the-scryers,1123,paladin,retribution,50,27,23
19375,Canadapants,kelthuzad,1120,paladin,retribution,18,12,6
19376,Zaklehblue,daggerspine,1118,paladin,retribution,60,24,36
19377,Shadowarius,aerie-peak,1117,paladin,retribution,54,24,30
19378,Deathwyz,thunderlord,1116,paladin,retribution,36,14,22
19379,Thal,silvermoon,1113,paladin,retribution,24,13,11
19380,Sandicang,azuremyst,1112,paladin,retribution,54,27,27
19381,Quickthing,dalaran,1111,paladin,retribution,26,14,12
19382,Willhookah,azralon,1111,paladin,retribution,30,16,14
19383,Superzooted,sargeras,1111,paladin,retribution,28,12,16
19384,Vanillur,tichondrius,1109,paladin,retribution,38,16,22
19385,Drekgor,drakkari,1108,paladin,retribution,30,14,16
19386,Uunjaaku,kiljaeden,1107,paladin,retribution,39,18,21
19387,Greatgirthy,hyjal,1106,paladin,retribution,30,13,17
19388,Fortueni,illidan,1103,paladin,retribution,88,51,37
19389,Oraborra,area-52,1103,paladin,retribution,30,12,18
19390,Decareos,tichondrius,1102,paladin,retribution,29,12,17
19391,Trappadin,sargeras,1098,paladin,retribution,30,14,16
19392,Riggar,uther,1098,paladin,retribution,42,18,24
19393,Solomonss,frostmourne,1097,paladin,retribution,52,19,33
19394,Joelanson,blood-furnace,1092,paladin,retribution,30,16,14
19395,Omenix,laughing-skull,1091,paladin,retribution,29,12,17
19396,Cheesetitan,tichondrius,1090,paladin,retribution,52,22,30
19397,Billnighy,alleria,1089,paladin,retribution,30,14,16
19398,Mcbraín,quelthalas,1089,paladin,retribution,30,12,18
19399,Killumminati,tichondrius,1087,paladin,retribution,21,13,8
19400,Slashnroses,tichondrius,1085,paladin,retribution,32,12,20
19401,Avati,sargeras,1084,paladin,retribution,16,12,4
19402,Merculios,stormrage,1083,paladin,retribution,22,12,10
19403,Thaly,shadowmoon,1082,paladin,retribution,30,12,18
19404,Orestis,stormrage,1079,paladin,retribution,23,12,11
19405,Mechelle,thrall,1079,paladin,retribution,50,26,24
19406,Jinfandi,gurubashi,1079,paladin,retribution,30,12,18
19407,Bubblegums,nagrand,1078,paladin,retribution,63,36,27
19408,Eliasor,illidan,1077,paladin,retribution,18,13,5
19409,Zir,frostmourne,1077,paladin,retribution,41,21,20
19410,Warswordz,stormrage,1077,paladin,retribution,40,16,24
19411,Clefairy,arathor,1076,paladin,retribution,39,23,16
19412,Holygerp,darrowmere,1060,paladin,retribution,18,12,6
19413,Thanatiel,area-52,1060,paladin,retribution,33,19,14
19414,Alairius,tichondrius,1059,paladin,retribution,17,13,4
19415,Andras,emerald-dream,1059,paladin,retribution,22,12,10
19416,Makayla,kiljaeden,1056,paladin,retribution,24,11,13
19417,Shôtgun,tichondrius,1056,paladin,retribution,30,11,19
19418,Hefaista,ragnaros,1056,paladin,retribution,30,11,19
19419,Siq,arthas,1056,paladin,retribution,30,11,19
19420,Auxilio,arathor,1056,paladin,retribution,30,11,19
19421,Pathalerix,eonar,1055,paladin,retribution,18,11,7
19422,Volcathos,moon-guard,1055,paladin,retribution,18,11,7
19423,Ricocheto,ragnaros,1055,paladin,retribution,18,11,7
19424,Subtilizer,tichondrius,1055,paladin,retribution,18,11,7
19425,Reptila,bonechewer,1055,paladin,retribution,18,11,7
19426,Redarted,thrall,1055,paladin,retribution,18,11,7
19427,Clee,sargeras,1055,paladin,retribution,18,11,7
19428,Yérn,barthilas,1055,paladin,retribution,24,11,13
19429,Sandokhán,ragnaros,1055,paladin,retribution,24,11,13
19430,Retsaíyan,tichondrius,1055,paladin,retribution,24,11,13
19431,Pallysmack,stormrage,1055,paladin,retribution,24,11,13
19432,Wde,zuljin,1055,paladin,retribution,31,12,19
19433,Hrota,laughing-skull,1054,paladin,retribution,18,11,7
19434,Gannecus,bleeding-hollow,1054,paladin,retribution,18,11,7
19435,Keenos,frostmourne,1054,paladin,retribution,18,11,7
19436,Pallyzo,zuljin,1054,paladin,retribution,24,11,13
19437,Varaben,sargeras,1054,paladin,retribution,36,11,25
19438,Sweetcandy,sargeras,1053,paladin,retribution,18,11,7
19439,Nest,stormrage,1053,paladin,retribution,18,11,7
19440,Sancthia,area-52,1053,paladin,retribution,24,11,13
19441,Divineknight,moonrunner,1053,paladin,retribution,24,11,13
19442,Cripplemakër,stormrage,1052,paladin,retribution,18,11,7
19443,Neovincent,aggramar,1052,paladin,retribution,18,11,7
19444,Vynesonia,emerald-dream,1052,paladin,retribution,21,12,9
19445,Sniper,uther,1052,paladin,retribution,24,11,13
19446,Brolando,hyjal,1052,paladin,retribution,24,11,13
19447,Tuff,ysera,1051,paladin,retribution,18,14,4
19448,Iesous,kiljaeden,1051,paladin,retribution,18,11,7
19449,Ragnore,shadow-council,1051,paladin,retribution,21,12,9
19450,Libertylol,tichondrius,1051,paladin,retribution,28,12,16
19451,Caonizumu,area-52,1051,paladin,retribution,30,11,19
19452,Ranthoril,hydraxis,1050,paladin,retribution,12,11,1
19453,Autoattacker,mannoroth,1050,paladin,retribution,18,11,7
19454,Kaélthas,eonar,1050,paladin,retribution,24,11,13
19455,Cowhair,tichondrius,1050,paladin,retribution,24,11,13
19456,Ødin,turalyon,1049,paladin,retribution,18,11,7
19457,Wickedpälly,kelthuzad,1049,paladin,retribution,18,11,7
19458,Wasimodo,emerald-dream,1049,paladin,retribution,60,29,31
19459,Mangguo,tichondrius,1049,paladin,retribution,24,11,13
19460,Unknownplay,tichondrius,1048,paladin,retribution,18,11,7
19461,Lïgma,dalaran,1048,paladin,retribution,18,11,7
19462,Exulta,illidan,1047,paladin,retribution,54,29,25
19463,Stonekey,warsong,1046,paladin,retribution,18,11,7
19464,Kiboko,tichondrius,1046,paladin,retribution,19,11,8
19465,Theldart,ragnaros,1046,paladin,retribution,24,11,13
19466,Simplesam,draenor,1046,paladin,retribution,30,11,19
19467,Souiler,thunderlord,1045,paladin,retribution,22,12,10
19468,Guji,jubeithos,1045,paladin,retribution,24,11,13
19469,Søøka,azralon,1045,paladin,retribution,36,11,25
19470,Xalixxa,wyrmrest-accord,1044,paladin,retribution,24,11,13
19471,Strobeyjr,tichondrius,1044,paladin,retribution,24,11,13
19472,Lostkanvas,azralon,1043,paladin,retribution,18,11,7
19473,Alpine,nordrassil,1043,paladin,retribution,44,24,20
19474,Rensvall,frostmourne,1043,paladin,retribution,24,13,11
19475,Hyperforce,area-52,1043,paladin,retribution,24,11,13
19476,Missoutale,aerie-peak,1043,paladin,retribution,76,31,45
19477,Neutroo,stormrage,1039,paladin,retribution,24,11,13
19478,Mikezheng,tichondrius,1039,paladin,retribution,30,11,19
19479,Bayaz,emerald-dream,1038,paladin,retribution,18,11,7
19480,Steelbreaker,deathwing,1038,paladin,retribution,24,11,13
19481,Smithulu,kelthuzad,1034,paladin,retribution,26,16,10
19482,Gramaton,malfurion,1034,paladin,retribution,30,11,19
19483,Jeinova,barthilas,1033,paladin,retribution,30,20,10
19484,Mortika,frostmourne,1033,paladin,retribution,30,14,16
19485,Salvations,queldorei,1029,paladin,retribution,42,19,23
19486,Anyatay,ragnaros,1027,paladin,retribution,47,13,34
19487,Soledad,tichondrius,1024,paladin,retribution,24,11,13
19488,Lejeñd,stormrage,1021,paladin,retribution,35,11,24
19489,Furnost,drenden,1019,paladin,retribution,23,11,12
19490,Meltedcheese,destromath,1018,paladin,retribution,24,11,13
19491,Volorick,dalaran,1016,paladin,retribution,38,13,25
19492,Sisterbubble,dathremar,1013,paladin,retribution,29,11,18
19493,Avlystein,wyrmrest-accord,1013,paladin,retribution,71,24,47
19494,Kènjii,sargeras,1009,paladin,retribution,34,16,18
19495,Sanctum,barthilas,1008,paladin,retribution,135,65,70
19496,Keu,emerald-dream,1008,paladin,retribution,63,26,37
19497,Durothar,dalaran,1006,paladin,retribution,24,11,13
19498,Savagefck,sargeras,999,paladin,retribution,18,11,7
19499,Atreuss,moon-guard,996,paladin,retribution,24,12,12
19500,Tyrswrath,sargeras,992,paladin,retribution,36,19,17
19501,Iammj,skywall,990,paladin,retribution,17,11,6
19502,Paim,tol-barad,990,paladin,retribution,26,11,15
19503,Veroth,caelestrasz,988,paladin,retribution,26,11,15
19504,Lêe,dalaran,987,paladin,retribution,15,12,3
19505,Tharkeves,cenarius,987,paladin,retribution,22,11,11
19506,Playandrunn,illidan,984,paladin,retribution,22,11,11
19507,Bigjwpb,illidan,984,paladin,retribution,130,62,68
19508,Cuthroat,area-52,982,paladin,retribution,121,60,61
19509,Johnyfresh,jubeithos,977,paladin,retribution,33,12,21
19510,Hammerhitter,lightbringer,972,paladin,retribution,36,14,22
19511,Bainn,nerzhul,969,paladin,retribution,43,23,20
19512,Kmackk,tichondrius,960,paladin,retribution,18,10,8
19513,Meleegodx,darkspear,960,paladin,retribution,18,10,8
19514,Cesah,tichondrius,960,paladin,retribution,18,10,8
19515,Nattandin,ragnaros,960,paladin,retribution,18,10,8
19516,Fumaçaa,nemesis,960,paladin,retribution,27,13,14
19517,Miketavius,moon-guard,960,paladin,retribution,24,10,14
19518,Komonai,illidan,960,paladin,retribution,24,10,14
19519,Friendfriend,proudmoore,960,paladin,retribution,24,10,14
19520,Bizaro,malganis,960,paladin,retribution,30,10,20
19521,Kikazaru,moon-guard,960,paladin,retribution,30,10,20
19522,Kasoon,illidan,959,paladin,retribution,12,10,2
19523,Jaimi,stormreaver,959,paladin,retribution,12,10,2
19524,Atair,antonidas,959,paladin,retribution,12,10,2
19525,Chainsapally,stormrage,959,paladin,retribution,12,10,2
19526,Darguen,ragnaros,959,paladin,retribution,16,11,5
19527,ßöbby,sargeras,959,paladin,retribution,18,10,8
19528,Chajaaro,ragnaros,959,paladin,retribution,18,10,8
19529,Mundomaloo,quelthalas,959,paladin,retribution,18,10,8
19530,Roddaric,nerzhul,959,paladin,retribution,18,10,8
19531,Daeyang,tichondrius,959,paladin,retribution,18,10,8
19532,Mesaa,illidan,959,paladin,retribution,18,10,8
19533,Vaaga,quelthalas,959,paladin,retribution,18,10,8
19534,Thebubbajay,illidan,959,paladin,retribution,18,10,8
19535,Kayaman,tichondrius,959,paladin,retribution,18,10,8
19536,Dividin,stormrage,959,paladin,retribution,18,10,8
19537,Yugee,doomhammer,959,paladin,retribution,18,10,8
19538,Dontaylor,tichondrius,959,paladin,retribution,24,10,14
19539,Déathkiing,area-52,959,paladin,retribution,24,10,14
19540,Lestaroth,goldrinn,959,paladin,retribution,30,10,20
19541,Zensargge,tichondrius,959,paladin,retribution,36,10,26
19542,Runö,frostmourne,959,paladin,retribution,37,10,27
19543,Eustace,thunderhorn,958,paladin,retribution,18,10,8
19544,Pugnosano,black-dragonflight,958,paladin,retribution,18,10,8
19545,Nuggetpusher,thunderlord,958,paladin,retribution,21,10,11
19546,Cryptdog,illidan,958,paladin,retribution,21,10,11
19547,Evilmerdoc,kelthuzad,958,paladin,retribution,24,10,14
19548,Skilladin,zuljin,958,paladin,retribution,24,10,14
19549,Ssparkk,stormrage,958,paladin,retribution,24,10,14
19550,Umbrasanctus,daggerspine,958,paladin,retribution,24,10,14
19551,Tåine,suramar,958,paladin,retribution,30,10,20
19552,Verdicts,moon-guard,958,paladin,retribution,30,10,20
19553,Vallahad,emerald-dream,957,paladin,retribution,18,10,8
19554,Grünt,ragnaros,957,paladin,retribution,18,10,8
19555,Luxord,ysera,957,paladin,retribution,22,11,11
19556,Esçanór,darkspear,957,paladin,retribution,24,10,14
19557,Uxd,tichondrius,957,paladin,retribution,24,10,14
19558,Angriel,azralon,957,paladin,retribution,24,10,14
19559,Againstfilet,azralon,957,paladin,retribution,36,10,26
19560,Vulkaros,azralon,956,paladin,retribution,12,10,2
19561,Caylorn,illidan,956,paladin,retribution,18,10,8
19562,Antarcticala,frostmourne,956,paladin,retribution,24,10,14
19563,Temote,anvilmar,956,paladin,retribution,24,10,14
19564,Vejita,frostmourne,955,paladin,retribution,18,10,8
19565,Heälmeñow,tichondrius,955,paladin,retribution,24,10,14
19566,Winbott,sargeras,955,paladin,retribution,30,10,20
19567,Emethala,windrunner,954,paladin,retribution,18,10,8
19568,Puresight,kelthuzad,954,paladin,retribution,18,10,8
19569,Cacaine,goldrinn,954,paladin,retribution,21,11,10
19570,Sòl,stormrage,954,paladin,retribution,24,10,14
19571,Didymus,boulderfist,954,paladin,retribution,41,17,24
19572,Justsmiteit,dalaran,953,paladin,retribution,18,10,8
19573,Azëitona,azralon,952,paladin,retribution,18,10,8
19574,Giltronix,thrall,952,paladin,retribution,18,10,8
19575,Exeneyder,elune,952,paladin,retribution,25,10,15
19576,Äeriah,fizzcrank,950,paladin,retribution,24,10,14
19577,ßlððdyßðnez,malganis,949,paladin,retribution,18,10,8
19578,Lashlan,barthilas,946,paladin,retribution,20,10,10
19579,Xhotbutters,korgath,945,paladin,retribution,31,13,18
19580,Gwendolyynn,moon-guard,944,paladin,retribution,16,11,5
19581,Luke,frostwolf,943,paladin,retribution,23,10,13
19582,Ekyu,sargeras,942,paladin,retribution,19,12,7
19583,Thørîm,nazjatar,941,paladin,retribution,24,10,14
19584,Diablosgrim,stormrage,939,paladin,retribution,12,10,2
19585,Zentrick,whisperwind,929,paladin,retribution,36,14,22
19586,Nerfret,zuljin,926,paladin,retribution,14,11,3
19587,Reti,ursin,925,paladin,retribution,107,54,53
19588,Bradoxx,thorium-brotherhood,924,paladin,retribution,24,11,13
19589,Mehchelol,azgalor,923,paladin,retribution,24,14,10
19590,Galanblack,dalaran,923,paladin,retribution,32,13,19
19591,Diësëlsmoke,bronzebeard,917,paladin,retribution,18,10,8
19592,Toepuller,doomhammer,917,paladin,retribution,30,15,15
19593,Goldranger,hakkar,916,paladin,retribution,42,22,20
19594,Kokuryuha,quelthalas,916,paladin,retribution,46,21,25
19595,Sosalo,sargeras,912,paladin,retribution,39,15,24
19596,Rönän,sargeras,911,paladin,retribution,17,10,7
19597,Rebukezz,dalaran,911,paladin,retribution,23,10,13
19598,Allixis,wyrmrest-accord,910,paladin,retribution,29,10,19
19599,Drtom,mannoroth,908,paladin,retribution,21,10,11
19600,Loween,thunderlord,906,paladin,retribution,30,10,20
19601,Lilsquirt,proudmoore,901,paladin,retribution,23,14,9
19602,Luret,tichondrius,896,paladin,retribution,22,10,12
19603,Denthor,lightbringer,894,paladin,retribution,20,10,10
19604,Biggin,garona,867,paladin,retribution,72,18,54
19605,Arimae,turalyon,864,paladin,retribution,12,9,3
19606,Taeret,tichondrius,864,paladin,retribution,12,9,3
19607,Raggnarokk,kelthuzad,864,paladin,retribution,12,9,3
19608,Naughtygames,area-52,864,paladin,retribution,12,9,3
19609,Chrigpal,tichondrius,864,paladin,retribution,12,9,3
19610,Slivkoff,wyrmrest-accord,864,paladin,retribution,12,9,3
19611,Warstompgg,ragnaros,864,paladin,retribution,12,9,3
19612,Kaetix,frostmourne,864,paladin,retribution,12,9,3
19613,Wölfheärt,tichondrius,864,paladin,retribution,12,9,3
19614,Pallyseeker,thrall,864,paladin,retribution,12,9,3
19615,Emiaru,illidan,864,paladin,retribution,16,10,6
19616,Brohtato,area-52,864,paladin,retribution,18,9,9
19617,Gude,sargeras,864,paladin,retribution,18,9,9
19618,Wogyu,area-52,864,paladin,retribution,18,9,9
19619,Syreqt,nemesis,864,paladin,retribution,18,9,9
19620,Xiddin,frostmourne,864,paladin,retribution,18,9,9
19621,Beefdaddyx,tichondrius,864,paladin,retribution,18,9,9
19622,Hardnow,emerald-dream,864,paladin,retribution,18,9,9
19623,Bigdixss,tichondrius,864,paladin,retribution,18,9,9
19624,Thebless,tichondrius,864,paladin,retribution,18,9,9
19625,Axeliee,kiljaeden,864,paladin,retribution,18,9,9
19626,Rockdeath,sargeras,864,paladin,retribution,18,9,9
19627,Héber,nemesis,864,paladin,retribution,18,9,9
19628,Huuzhaa,tichondrius,864,paladin,retribution,18,9,9
19629,Kishou,stormrage,864,paladin,retribution,21,10,11
19630,Diebygcd,tichondrius,864,paladin,retribution,19,9,10
19631,Yáhtzee,tichondrius,864,paladin,retribution,22,10,12
19632,Justeight,stormrage,864,paladin,retribution,21,9,12
19633,Traevel,moon-guard,864,paladin,retribution,24,9,15
19634,Pistis,kelthuzad,864,paladin,retribution,24,9,15
19635,Shakalot,illidan,864,paladin,retribution,24,9,15
19636,Gabbynator,emerald-dream,864,paladin,retribution,24,9,15
19637,Stoof,arygos,864,paladin,retribution,24,9,15
19638,Saintgeórge,frostmourne,864,paladin,retribution,25,9,16
19639,Mightythorxx,tichondrius,863,paladin,retribution,12,9,3
19640,Pallyofhell,area-52,863,paladin,retribution,12,9,3
19641,Heathen,spirestone,863,paladin,retribution,12,9,3
19642,Inquisídor,nemesis,863,paladin,retribution,12,9,3
19643,Jhaann,tichondrius,863,paladin,retribution,18,9,9
19644,Loraven,wyrmrest-accord,863,paladin,retribution,18,9,9
19645,Enril,azgalor,863,paladin,retribution,18,9,9
19646,Paliwarrior,illidan,863,paladin,retribution,18,9,9
19647,Heizero,area-52,863,paladin,retribution,18,9,9
19648,Tarnyb,illidan,863,paladin,retribution,18,9,9
19649,Avacii,illidan,863,paladin,retribution,18,9,9
19650,Øðyn,sargeras,863,paladin,retribution,18,9,9
19651,Blasstar,quelthalas,863,paladin,retribution,18,9,9
19652,Teewrecks,frostmourne,863,paladin,retribution,18,9,9
19653,Articilia,ragnaros,863,paladin,retribution,18,9,9
19654,Thickdam,korgath,863,paladin,retribution,24,9,15
19655,Oppression,kul-tiras,863,paladin,retribution,24,9,15
19656,Galadriele,zuljin,863,paladin,retribution,24,9,15
19657,Derigoth,quelthalas,863,paladin,retribution,24,9,15
19658,Rivzx,tichondrius,863,paladin,retribution,24,9,15
19659,Detrimentãl,nagrand,863,paladin,retribution,24,9,15
19660,Zerohöur,emerald-dream,863,paladin,retribution,30,9,21
19661,Ástedór,ragnaros,862,paladin,retribution,12,9,3
19662,Salaminhoo,azralon,862,paladin,retribution,12,9,3
19663,Badboí,azralon,862,paladin,retribution,12,9,3
19664,Pinelli,aegwynn,862,paladin,retribution,18,9,9
19665,Albagail,draka,862,paladin,retribution,18,9,9
19666,Schalpy,illidan,862,paladin,retribution,18,9,9
19667,Kelthálas,illidan,862,paladin,retribution,24,9,15
19668,Velarelan,moon-guard,862,paladin,retribution,24,9,15
19669,Restitution,area-52,862,paladin,retribution,24,9,15
19670,Holyskeeter,thunderhorn,862,paladin,retribution,25,9,16
19671,Stevas,khazgoroth,861,paladin,retribution,12,9,3
19672,Borélock,kelthuzad,861,paladin,retribution,18,9,9
19673,Rennalux,stormrage,861,paladin,retribution,24,9,15
19674,Aeroßlaze,dragonmaw,860,paladin,retribution,18,9,9
19675,Cyäbyë,frostmourne,860,paladin,retribution,18,9,9
19676,Emmastoned,bleeding-hollow,860,paladin,retribution,24,9,15
19677,Khetzi,thunderhorn,859,paladin,retribution,18,9,9
19678,Layonthis,the-venture-co,859,paladin,retribution,18,9,9
19679,Derethen,emerald-dream,858,paladin,retribution,18,9,9
19680,Alysca,tichondrius,858,paladin,retribution,18,9,9
19681,Irongiant,grizzly-hills,858,paladin,retribution,18,9,9
19682,Dannoruk,ragnaros,858,paladin,retribution,24,9,15
19683,Vick,zuljin,857,paladin,retribution,12,9,3
19684,Holyzeen,darkspear,857,paladin,retribution,17,11,6
19685,Alerz,moon-guard,857,paladin,retribution,15,9,6
19686,Hellhawk,hellscream,856,paladin,retribution,18,9,9
19687,Morddrohung,hyjal,855,paladin,retribution,12,9,3
19688,Adelsman,quelthalas,853,paladin,retribution,18,9,9
19689,Agonyss,quelthalas,853,paladin,retribution,18,9,9
19690,Goldfînger,zuljin,853,paladin,retribution,24,9,15
19691,Mybadfoo,lethon,850,paladin,retribution,12,9,3
19692,Pallydin,smolderthorn,849,paladin,retribution,18,9,9
19693,Leyon,alterac-mountains,847,paladin,retribution,18,9,9
19694,Sycomaniac,illidan,846,paladin,retribution,23,9,14
19695,Morthalos,moon-guard,845,paladin,retribution,23,9,14
19696,Hotdgwatr,bleeding-hollow,843,paladin,retribution,24,10,14
19697,Avaheal,dragonmaw,842,paladin,retribution,23,9,14
19698,Pickypally,moon-guard,835,paladin,retribution,18,9,9
19699,Brioc,tichondrius,832,paladin,retribution,22,9,13
19700,Blulux,ragnaros,829,paladin,retribution,20,10,10
19701,Thorviim,azralon,823,paladin,retribution,23,9,14
19702,Fiate,azralon,815,paladin,retribution,23,9,14
19703,Cozzey,amanthul,810,paladin,retribution,17,9,8
19704,Theboxx,frostmourne,810,paladin,retribution,28,11,17
19705,Ðetroity,stormrage,800,paladin,retribution,21,10,11
19706,Lizzyz,illidan,799,paladin,retribution,20,9,11
19707,Witewolf,illidan,798,paladin,retribution,19,10,9
19708,Erós,azralon,798,paladin,retribution,22,9,13
19709,Layoya,aerie-peak,797,paladin,retribution,16,9,7
19710,Lightfdre,rexxar,797,paladin,retribution,33,11,22
19711,Jdisco,bonechewer,782,paladin,retribution,19,9,10
19712,Noholy,nemesis,777,paladin,retribution,31,10,21
19713,Deltajk,drakkari,771,paladin,retribution,24,9,15
19714,Rendyrend,frostmourne,768,paladin,retribution,12,8,4
19715,Djangø,azuremyst,768,paladin,retribution,12,8,4
19716,Unicornslayr,antonidas,768,paladin,retribution,12,8,4
19717,Takinvcards,area-52,768,paladin,retribution,12,8,4
19718,Dasp,nagrand,768,paladin,retribution,12,8,4
19719,Swellows,tichondrius,768,paladin,retribution,12,8,4
19720,Arellis,barthilas,768,paladin,retribution,12,8,4
19721,Hatchet,skullcrusher,768,paladin,retribution,12,8,4
19722,Nornix,fenris,768,paladin,retribution,12,8,4
19723,Mortalbeef,zuljin,768,paladin,retribution,12,8,4
19724,Rikkupìgu,sargeras,768,paladin,retribution,12,8,4
19725,Tolliver,area-52,768,paladin,retribution,12,8,4
19726,Bubblless,thrall,768,paladin,retribution,12,8,4
19727,Eskynor,sargeras,768,paladin,retribution,12,8,4
19728,Soymilkdrnka,sargeras,768,paladin,retribution,12,8,4
19729,Céllash,tichondrius,768,paladin,retribution,12,8,4
19730,Franckz,ragnaros,768,paladin,retribution,12,8,4
19731,Laboøn,stormrage,768,paladin,retribution,12,8,4
19732,Tanishalfelf,stormrage,768,paladin,retribution,12,8,4
19733,Schmïtty,tichondrius,768,paladin,retribution,12,8,4
19734,Cutebtw,zuljin,768,paladin,retribution,16,9,7
19735,Grimreaperx,azralon,768,paladin,retribution,17,8,9
19736,Roshord,quelthalas,768,paladin,retribution,18,8,10
19737,Gatzu,tichondrius,768,paladin,retribution,18,8,10
19738,Jebpal,tichondrius,768,paladin,retribution,18,8,10
19739,Hôtt,kul-tiras,768,paladin,retribution,18,8,10
19740,Bubbletaunt,frostmourne,768,paladin,retribution,18,8,10
19741,Aurken,ragnaros,768,paladin,retribution,18,8,10
19742,Jachugz,tichondrius,768,paladin,retribution,18,8,10
19743,Hamerfall,tichondrius,768,paladin,retribution,18,8,10
19744,Tævèn,tichondrius,768,paladin,retribution,18,8,10
19745,Jakkatähn,malganis,768,paladin,retribution,18,8,10
19746,Daion,quelthalas,768,paladin,retribution,18,8,10
19747,Auranove,azralon,768,paladin,retribution,18,8,10
19748,Ponytail,dark-iron,768,paladin,retribution,18,8,10
19749,Dynamism,frostmourne,768,paladin,retribution,18,8,10
19750,Cammack,thrall,768,paladin,retribution,18,8,10
19751,Duhvine,malganis,768,paladin,retribution,18,8,10
19752,Gorostas,kelthuzad,768,paladin,retribution,18,8,10
19753,Torosagrado,drakkari,768,paladin,retribution,18,8,10
19754,Vanquishy,burning-legion,768,paladin,retribution,18,8,10
19755,Mattilla,tichondrius,768,paladin,retribution,18,8,10
19756,Blackpie,bleeding-hollow,768,paladin,retribution,18,8,10
19757,Nozfferatu,drakkari,768,paladin,retribution,18,8,10
19758,Dogf,tichondrius,768,paladin,retribution,23,8,15
19759,Vibránium,tichondrius,768,paladin,retribution,24,8,16
19760,Zoliz,tichondrius,768,paladin,retribution,24,8,16
19761,Fây,sargeras,768,paladin,retribution,24,8,16
19762,Bubbleblade,burning-blade,768,paladin,retribution,24,8,16
19763,Healsonyou,windrunner,768,paladin,retribution,24,8,16
19764,Galess,tichondrius,768,paladin,retribution,24,8,16
19765,Isayas,tichondrius,768,paladin,retribution,24,8,16
19766,Adamantïum,azralon,768,paladin,retribution,24,8,16
19767,Rexpeitaboot,azralon,768,paladin,retribution,24,8,16
19768,Roundhere,area-52,768,paladin,retribution,30,8,22
19769,Garethorne,illidan,768,paladin,retribution,30,8,22
19770,Theholysword,tichondrius,768,paladin,retribution,30,8,22
19771,Keit,moon-guard,767,paladin,retribution,12,8,4
19772,Greybrox,barthilas,767,paladin,retribution,12,8,4
19773,Mægenta,tichondrius,767,paladin,retribution,12,8,4
19774,Imhardirl,area-52,767,paladin,retribution,12,8,4
19775,Lunchboxpaly,stormrage,767,paladin,retribution,12,8,4
19776,Vassen,echo-isles,767,paladin,retribution,12,8,4
19777,Smitetheweak,rivendare,767,paladin,retribution,12,8,4
19778,Kaladini,jubeithos,767,paladin,retribution,12,8,4
19779,Lidranas,sargeras,767,paladin,retribution,12,8,4
19780,Dachenkov,tichondrius,767,paladin,retribution,12,8,4
19781,Beachyo,tichondrius,767,paladin,retribution,12,8,4
19782,Husurdaddy,dalaran,767,paladin,retribution,12,8,4
19783,Andallar,nordrassil,767,paladin,retribution,12,8,4
19784,Hqknight,moon-guard,767,paladin,retribution,12,8,4
19785,Porterhousee,bleeding-hollow,767,paladin,retribution,13,8,5
19786,Amlovích,quelthalas,767,paladin,retribution,18,8,10
19787,Ashess,sargeras,767,paladin,retribution,18,8,10
19788,Virtuosi,area-52,767,paladin,retribution,18,8,10
19789,Hughkane,tichondrius,767,paladin,retribution,18,8,10
19790,Bruhstice,area-52,767,paladin,retribution,18,8,10
19791,Stroods,stormrage,767,paladin,retribution,18,8,10
19792,Ironcoco,ragnaros,767,paladin,retribution,18,8,10
19793,Dontsleep,magtheridon,767,paladin,retribution,18,8,10
19794,Nightfallz,farstriders,767,paladin,retribution,18,8,10
19795,Buddyolpally,proudmoore,767,paladin,retribution,18,8,10
19796,Sermon,moon-guard,767,paladin,retribution,18,8,10
19797,Doobiehigh,proudmoore,767,paladin,retribution,18,8,10
19798,Nutsmashèr,illidan,767,paladin,retribution,18,8,10
19799,Phanna,the-forgotten-coast,767,paladin,retribution,18,8,10
19800,Nooplug,illidan,767,paladin,retribution,18,8,10
19801,Releváncé,barthilas,767,paladin,retribution,18,8,10
19802,Pallynation,korgath,767,paladin,retribution,18,8,10
19803,Saifollah,area-52,767,paladin,retribution,30,8,22
19804,Dorzwaz,draka,766,paladin,retribution,12,8,4
19805,Deesqueezie,area-52,766,paladin,retribution,12,8,4
19806,Passion,wyrmrest-accord,766,paladin,retribution,12,8,4
19807,Lainn,zuljin,766,paladin,retribution,12,8,4
19808,Dresdén,skullcrusher,766,paladin,retribution,12,8,4
19809,Otorten,bladefist,766,paladin,retribution,12,8,4
19810,Kylarha,stormrage,766,paladin,retribution,12,8,4
19811,Chippo,aegwynn,766,paladin,retribution,18,8,10
19812,Hanael,quelthalas,766,paladin,retribution,19,8,11
19813,Torvus,bonechewer,766,paladin,retribution,22,9,13
19814,Holyfilers,thunderlord,766,paladin,retribution,24,8,16
19815,Gírthbrooks,hyjal,765,paladin,retribution,12,8,4
19816,Kristary,ragnaros,765,paladin,retribution,12,8,4
19817,Nikinaki,stormrage,765,paladin,retribution,12,8,4
19818,Mothh,terokkar,765,paladin,retribution,12,8,4
19819,Cederas,sargeras,765,paladin,retribution,12,8,4
19820,Gigadorff,stormrage,765,paladin,retribution,18,8,10
19821,Ichigò,sargeras,765,paladin,retribution,18,8,10
19822,Butchur,area-52,765,paladin,retribution,30,8,22
19823,Xanamun,magtheridon,764,paladin,retribution,18,8,10
19824,Iceburg,shadowmoon,764,paladin,retribution,18,8,10
19825,Yenkmeilleur,zuljin,763,paladin,retribution,12,8,4
19826,Guccii,quelthalas,763,paladin,retribution,18,8,10
19827,Deathblazer,blades-edge,763,paladin,retribution,18,8,10
19828,Jebadia,proudmoore,762,paladin,retribution,12,8,4
19829,Gys,ragnaros,762,paladin,retribution,18,8,10
19830,Unicochori,drakkari,762,paladin,retribution,18,8,10
19831,Flisk,garona,761,paladin,retribution,12,8,4
19832,Eldirn,bleeding-hollow,761,paladin,retribution,12,8,4
19833,Lucifuge,twisting-nether,760,paladin,retribution,12,8,4
19834,Darkknes,quelthalas,760,paladin,retribution,18,8,10
19835,Mandragor,borean-tundra,759,paladin,retribution,12,8,4
19836,Eetswaz,frostmourne,759,paladin,retribution,18,9,9
19837,Aladid,aggramar,758,paladin,retribution,12,8,4
19838,Populate,tichondrius,752,paladin,retribution,12,8,4
19839,Cleavix,tichondrius,751,paladin,retribution,35,8,27
19840,Oogablah,wyrmrest-accord,749,paladin,retribution,12,8,4
19841,Maelie,shadowmoon,749,paladin,retribution,12,8,4
19842,Yulasa,area-52,735,paladin,retribution,14,9,5
19843,Tonimâster,misha,735,paladin,retribution,17,8,9
19844,Hekki,ragnaros,735,paladin,retribution,19,8,11
19845,Són,ragnaros,735,paladin,retribution,23,8,15
19846,Whisk,tichondrius,720,paladin,retribution,15,8,7
19847,Mádz,ragnaros,718,paladin,retribution,17,8,9
19848,Mareaaturbo,azralon,716,paladin,retribution,17,8,9
19849,Lilbursty,tichondrius,714,paladin,retribution,19,9,10
19850,Andorsi,elune,714,paladin,retribution,21,9,12
19851,Pantheeon,altar-of-storms,713,paladin,retribution,30,9,21
19852,Connextion,terenas,704,paladin,retribution,16,8,8
19853,Palavittar,azralon,702,paladin,retribution,14,8,6
19854,Wadalee,tichondrius,702,paladin,retribution,26,8,18
19855,Palaðu,azralon,700,paladin,retribution,14,8,6
19856,Àmárìs,tichondrius,700,paladin,retribution,16,8,8
19857,Turtlehoof,thrall,684,paladin,retribution,19,8,11
19858,Meridional,tichondrius,672,paladin,retribution,12,7,5
19859,Dabbicus,tichondrius,672,paladin,retribution,12,7,5
19860,Shadoweelite,sargeras,672,paladin,retribution,12,7,5
19861,Unitiss,velen,672,paladin,retribution,12,7,5
19862,Vozy,bronzebeard,672,paladin,retribution,12,7,5
19863,Fakesimp,illidan,672,paladin,retribution,12,7,5
19864,Ròwdy,area-52,672,paladin,retribution,12,7,5
19865,Wèbb,burning-legion,672,paladin,retribution,12,7,5
19866,Greatwyrm,illidan,672,paladin,retribution,12,7,5
19867,Paltarrd,bleeding-hollow,672,paladin,retribution,12,7,5
19868,Bighoochie,moon-guard,672,paladin,retribution,12,7,5
19869,Qsx,bleeding-hollow,672,paladin,retribution,12,7,5
19870,Armstrong,azralon,672,paladin,retribution,12,7,5
19871,Turner,skullcrusher,672,paladin,retribution,12,7,5
19872,Zaxxous,hyjal,672,paladin,retribution,12,7,5
19873,Pandoro,tichondrius,672,paladin,retribution,12,7,5
19874,Holreshee,tichondrius,672,paladin,retribution,12,7,5
19875,Trejetë,tichondrius,672,paladin,retribution,12,7,5
19876,Greasy,quelthalas,672,paladin,retribution,12,7,5
19877,Aurðra,kiljaeden,672,paladin,retribution,12,7,5
19878,Âllmíght,quelthalas,672,paladin,retribution,12,7,5
19879,Mes,dragonmaw,672,paladin,retribution,12,7,5
19880,Araguaney,bleeding-hollow,672,paladin,retribution,12,7,5
19881,Chäinswellx,area-52,672,paladin,retribution,12,7,5
19882,Lightballz,vashj,672,paladin,retribution,12,7,5
19883,Pals,bronzebeard,672,paladin,retribution,12,7,5
19884,Sathras,madoran,672,paladin,retribution,12,7,5
19885,Bomdia,stormrage,672,paladin,retribution,12,7,5
19886,Mikâel,cairne,672,paladin,retribution,12,7,5
19887,Cathode,area-52,672,paladin,retribution,12,7,5
19888,Nosferätu,illidan,672,paladin,retribution,12,7,5
19889,Holycar,illidan,672,paladin,retribution,12,7,5
19890,Zözo,zuljin,672,paladin,retribution,12,7,5
19891,Bootyfùnk,tichondrius,672,paladin,retribution,12,7,5
19892,Steelemantle,moon-guard,672,paladin,retribution,12,7,5
19893,Kanaki,gilneas,672,paladin,retribution,12,7,5
19894,Noitra,azralon,672,paladin,retribution,12,7,5
19895,Montyer,ragnaros,672,paladin,retribution,12,7,5
19896,Theehopper,shandris,672,paladin,retribution,12,7,5
19897,Furdaddylant,drenden,672,paladin,retribution,12,7,5
19898,Gattís,stormrage,672,paladin,retribution,12,7,5
19899,Ceyh,ragnaros,672,paladin,retribution,12,7,5
19900,Merkzz,arthas,672,paladin,retribution,12,7,5
19901,Hèlfar,wyrmrest-accord,672,paladin,retribution,12,7,5
19902,Montecrîsto,area-52,672,paladin,retribution,12,7,5
19903,Iloveket,blackrock,672,paladin,retribution,12,7,5
19904,Steezyret,barthilas,672,paladin,retribution,12,7,5
19905,Thazadin,barthilas,672,paladin,retribution,16,8,8
19906,Lhacius,drakkari,672,paladin,retribution,16,8,8
19907,Ðreschí,ragnaros,672,paladin,retribution,16,7,9
19908,Teamamerica,proudmoore,672,paladin,retribution,18,7,11
19909,Orin,guldan,672,paladin,retribution,18,7,11
19910,Cuteluna,tichondrius,672,paladin,retribution,18,7,11
19911,Uoenò,moon-guard,672,paladin,retribution,18,7,11
19912,Neverwogx,kirin-tor,672,paladin,retribution,18,7,11
19913,Shoresy,terokkar,672,paladin,retribution,18,7,11
19914,Nocomus,andorhal,672,paladin,retribution,18,7,11
19915,Trfreedomz,frostmourne,672,paladin,retribution,18,7,11
19916,Moistbible,kelthuzad,672,paladin,retribution,18,7,11
19917,Kipow,proudmoore,672,paladin,retribution,18,7,11
19918,Aledin,frostmourne,672,paladin,retribution,18,7,11
19919,Covidin,quelthalas,672,paladin,retribution,18,7,11
19920,Aldhebarán,ragnaros,672,paladin,retribution,18,7,11
19921,Fossilz,sargeras,672,paladin,retribution,18,7,11
19922,Eurthswrath,lightbringer,672,paladin,retribution,18,7,11
19923,Kloud,sargeras,672,paladin,retribution,18,7,11
19924,Gummybearz,doomhammer,672,paladin,retribution,18,7,11
19925,Manryux,tichondrius,672,paladin,retribution,18,7,11
19926,Pâpito,drakkari,672,paladin,retribution,18,7,11
19927,Amntir,sargeras,672,paladin,retribution,18,7,11
19928,Fokatayew,korialstrasz,672,paladin,retribution,18,7,11
19929,Loyality,sargeras,672,paladin,retribution,18,7,11
19930,Anjocaído,nemesis,672,paladin,retribution,18,7,11
19931,Xvetis,thrall,672,paladin,retribution,18,7,11
19932,Bdaws,tichondrius,672,paladin,retribution,18,7,11
19933,Hølyshyt,tichondrius,672,paladin,retribution,18,7,11
19934,Ziti,bonechewer,672,paladin,retribution,18,7,11
19935,Geospawn,bleeding-hollow,672,paladin,retribution,18,7,11
19936,Weike,barthilas,672,paladin,retribution,18,7,11
19937,Hakson,stormrage,672,paladin,retribution,18,7,11
19938,Édzor,area-52,672,paladin,retribution,18,7,11
19939,Hulfsark,stormrage,672,paladin,retribution,18,7,11
19940,Tothegravetv,illidan,672,paladin,retribution,18,7,11
19941,Cliftôn,illidan,672,paladin,retribution,18,7,11
19942,Palaxoto,nemesis,672,paladin,retribution,21,8,13
19943,Kamí,elune,672,paladin,retribution,21,7,14
19944,Kaupe,barthilas,672,paladin,retribution,23,7,16
19945,Zazaron,kiljaeden,672,paladin,retribution,24,7,17
19946,Ledster,kelthuzad,672,paladin,retribution,24,7,17
19947,Goozlight,area-52,672,paladin,retribution,24,7,17
19948,Kyuubî,bloodhoof,672,paladin,retribution,24,7,17
19949,Digider,area-52,672,paladin,retribution,24,7,17
19950,Hayden,stormscale,672,paladin,retribution,24,7,17
19951,Goldmembër,malganis,672,paladin,retribution,24,7,17
19952,Haimdallr,azralon,672,paladin,retribution,24,7,17
19953,Thantore,scilla,672,paladin,retribution,24,7,17
19954,Ganan,frostmane,672,paladin,retribution,24,7,17
19955,Cyanss,ragnaros,672,paladin,retribution,24,7,17
19956,Palabeshar,area-52,672,paladin,retribution,30,7,23
19957,Cryof,illidan,672,paladin,retribution,30,7,23
19958,Nume,nesingwary,672,paladin,retribution,30,7,23
19959,Mhelyssa,goldrinn,671,paladin,retribution,12,7,5
19960,Easiestcomp,sargeras,671,paladin,retribution,12,7,5
19961,Dabnpaladin,kelthuzad,671,paladin,retribution,12,7,5
19962,Shadd,destromath,671,paladin,retribution,12,7,5
19963,Jaybbers,malganis,671,paladin,retribution,12,7,5
19964,Ðrêâð,kirin-tor,671,paladin,retribution,12,7,5
19965,Crematória,azralon,671,paladin,retribution,12,7,5
19966,Miitt,blackrock,671,paladin,retribution,12,7,5
19967,Zerofans,ragnaros,671,paladin,retribution,12,7,5
19968,Darawin,korgath,671,paladin,retribution,12,7,5
19969,Torujo,drakkari,671,paladin,retribution,12,7,5
19970,Prophesied,zuljin,671,paladin,retribution,12,7,5
19971,Thorean,sargeras,671,paladin,retribution,12,7,5
19972,Koohny,stormrage,671,paladin,retribution,12,7,5
19973,Tonytoi,aegwynn,671,paladin,retribution,12,7,5
19974,Talvyr,icecrown,671,paladin,retribution,12,7,5
19975,Lystia,malfurion,671,paladin,retribution,12,7,5
19976,Elemezs,tichondrius,671,paladin,retribution,12,7,5
19977,Ironpaladin,sargeras,671,paladin,retribution,12,7,5
19978,Smuglý,wyrmrest-accord,671,paladin,retribution,12,7,5
19979,Holyretribut,tichondrius,671,paladin,retribution,12,7,5
19980,Tanesdeline,area-52,671,paladin,retribution,12,7,5
19981,Darktank,malganis,671,paladin,retribution,12,7,5
19982,Jåy,nazjatar,671,paladin,retribution,12,7,5
19983,Showfet,dalaran,671,paladin,retribution,16,8,8
19984,Auriol,azshara,671,paladin,retribution,14,7,7
19985,Ziberax,chogall,671,paladin,retribution,16,7,9
19986,Royalfather,tichondrius,671,paladin,retribution,16,7,9
19987,Babyshuangs,illidan,671,paladin,retribution,18,7,11
19988,Tyelca,zuljin,671,paladin,retribution,18,7,11
19989,Sona,jubeithos,671,paladin,retribution,18,7,11
19990,Vaelicus,emerald-dream,671,paladin,retribution,18,7,11
19991,Kaidoz,aegwynn,671,paladin,retribution,18,7,11
19992,Valtariel,wyrmrest-accord,671,paladin,retribution,18,7,11
19993,Dannyram,zuljin,671,paladin,retribution,18,7,11
19994,Giorgyos,ragnaros,671,paladin,retribution,18,7,11
19995,Blaeng,shandris,671,paladin,retribution,18,7,11
19996,Misskilljoy,proudmoore,671,paladin,retribution,18,7,11
19997,Madalynn,quelthalas,671,paladin,retribution,18,7,11
19998,Golozzakum,tichondrius,671,paladin,retribution,18,7,11
19999,Ane,gorefiend,671,paladin,retribution,18,7,11
20000,Sozmsjackson,barthilas,671,paladin,retribution,21,8,13
20001,Doraléous,illidan,671,paladin,retribution,24,7,17
20002,Aduhrawl,moon-guard,671,paladin,retribution,24,7,17
20003,Asunima,wyrmrest-accord,670,paladin,retribution,12,7,5
20004,Vlandor,area-52,670,paladin,retribution,12,7,5
20005,Hanno,azshara,670,paladin,retribution,12,7,5
20006,Holychach,tichondrius,670,paladin,retribution,12,7,5
20007,Itsapoc,sargeras,670,paladin,retribution,12,7,5
20008,Lvlone,sargeras,670,paladin,retribution,12,7,5
20009,Riek,sargeras,670,paladin,retribution,16,8,8
20010,Augus,arygos,670,paladin,retribution,18,7,11
20011,Rampetos,mannoroth,670,paladin,retribution,18,7,11
20012,Jorgevercilo,azralon,670,paladin,retribution,18,7,11
20013,Tpane,kelthuzad,670,paladin,retribution,18,7,11
20014,Areura,hellscream,669,paladin,retribution,12,7,5
20015,Terroll,bonechewer,669,paladin,retribution,13,7,6
20016,Vargonha,azralon,669,paladin,retribution,18,9,9
20017,Denstain,kul-tiras,669,paladin,retribution,18,7,11
20018,Sîegfried,moon-guard,669,paladin,retribution,18,7,11
20019,Salvø,tichondrius,669,paladin,retribution,24,7,17
20020,Sponce,kirin-tor,669,paladin,retribution,30,7,23
20021,Marshman,kelthuzad,668,paladin,retribution,12,7,5
20022,Retgasm,drakthul,668,paladin,retribution,12,7,5
20023,Holyrõller,malganis,668,paladin,retribution,18,7,11
20024,Bennygee,moonrunner,668,paladin,retribution,24,7,17
20025,Eddardstark,agamaggan,667,paladin,retribution,16,8,8
20026,Mandow,tichondrius,667,paladin,retribution,22,8,14
20027,Imsoosmall,sargeras,666,paladin,retribution,12,7,5
20028,Calmador,proudmoore,666,paladin,retribution,12,7,5
20029,Toogud,moon-guard,666,paladin,retribution,21,8,13
20030,Jonnywick,duskwood,665,paladin,retribution,12,7,5
20031,Chaosbubble,burning-legion,665,paladin,retribution,18,7,11
20032,Palgiga,tichondrius,664,paladin,retribution,12,7,5
20033,Dweezill,daggerspine,664,paladin,retribution,18,7,11
20034,Tectorr,proudmoore,661,paladin,retribution,12,7,5
20035,Nicepally,moon-guard,657,paladin,retribution,18,7,11
20036,Pathed,aerie-peak,655,paladin,retribution,17,7,10
20037,Palliful,runetotem,651,paladin,retribution,18,7,11
20038,Superpaladin,stormrage,639,paladin,retribution,17,7,10
20039,Epòc,frostmourne,639,paladin,retribution,20,8,12
20040,Quotation,silvermoon,638,paladin,retribution,14,8,6
20041,Fatalpally,antonidas,633,paladin,retribution,17,7,10
20042,Taéyeon,quelthalas,624,paladin,retribution,15,7,8
20043,Táçô,illidan,623,paladin,retribution,11,7,4
20044,Wingalings,malganis,623,paladin,retribution,11,7,4
20045,Krossfyre,kiljaeden,623,paladin,retribution,17,7,10
20046,Strabic,stormrage,623,paladin,retribution,27,8,19
20047,Jortesh,tichondrius,622,paladin,retribution,15,7,8
20048,Virrata,tichondrius,618,paladin,retribution,14,8,6
20049,Antoniano,ragnaros,617,paladin,retribution,13,8,5
20050,Traditionalp,area-52,617,paladin,retribution,13,8,5
20051,Thorsmites,sargeras,616,paladin,retribution,29,11,18
20052,Krixes,firetree,615,paladin,retribution,18,8,10
20053,Kaharule,akama,608,paladin,retribution,16,7,9
20054,Lalatinx,quelthalas,608,paladin,retribution,16,7,9
20055,Frêyr,barthilas,608,paladin,retribution,22,7,15
20056,Andelk,tichondrius,607,paladin,retribution,11,7,4
20057,Chestbrah,nemesis,607,paladin,retribution,14,7,7
20058,Tolkki,dalaran,607,paladin,retribution,26,7,19
20059,Krønos,nordrassil,602,paladin,retribution,22,7,15
20060,Sixtynine,nathrezim,592,paladin,retribution,31,7,24
20061,Warbird,lightnings-blade,591,paladin,retribution,13,7,6
20062,Theomere,sargeras,586,paladin,retribution,27,10,17
20063,Fibonaci,sargeras,576,paladin,retribution,6,6,0
20064,Bubbledober,tichondrius,576,paladin,retribution,6,6,0
20065,Xandiê,sargeras,576,paladin,retribution,6,6,0
20066,Thøradin,moon-guard,576,paladin,retribution,6,6,0
20067,Ashley,sargeras,576,paladin,retribution,6,6,0
20068,Liht,blood-furnace,576,paladin,retribution,6,6,0
20069,Koyoikonan,tichondrius,576,paladin,retribution,6,6,0
20070,Bigdogchief,stormrage,576,paladin,retribution,6,6,0
20071,Lucard,drakkari,576,paladin,retribution,6,6,0
20072,Rakzan,nerzhul,576,paladin,retribution,12,6,6
20073,Vozy,shandris,576,paladin,retribution,12,6,6
20074,Memepaladin,area-52,576,paladin,retribution,12,6,6
20075,Tacohuntter,stormrage,576,paladin,retribution,12,6,6
20076,Crânkdât,frostmourne,576,paladin,retribution,12,6,6
20077,Cinacalcet,dalaran,576,paladin,retribution,12,6,6
20078,Zèró,terokkar,576,paladin,retribution,12,6,6
20079,Holycrp,proudmoore,576,paladin,retribution,12,6,6
20080,Sacerbelator,zuluhed,576,paladin,retribution,12,6,6
20081,Lmac,frostmourne,576,paladin,retribution,12,6,6
20082,Gambitdin,moon-guard,576,paladin,retribution,12,6,6
20083,Onixx,kargath,576,paladin,retribution,12,6,6
20084,Irushthots,tichondrius,576,paladin,retribution,12,6,6
20085,Thuggrnaut,darkspear,576,paladin,retribution,12,6,6
20086,Banzz,azralon,576,paladin,retribution,12,6,6
20087,Germ,korgath,576,paladin,retribution,12,6,6
20088,Joeseph,stormrage,576,paladin,retribution,12,6,6
20089,Retboy,archimonde,576,paladin,retribution,12,6,6
20090,Outlivz,hyjal,576,paladin,retribution,12,6,6
20091,Kaïty,azralon,576,paladin,retribution,12,6,6
20092,Relentless,magtheridon,576,paladin,retribution,12,6,6
20093,Obeliskk,frostmourne,576,paladin,retribution,12,6,6
20094,Careyprice,area-52,576,paladin,retribution,12,6,6
20095,Ogholyhands,bleeding-hollow,576,paladin,retribution,12,6,6
20096,Cause,farstriders,576,paladin,retribution,12,6,6
20097,Venter,bleeding-hollow,576,paladin,retribution,12,6,6
20098,Rohad,thrall,576,paladin,retribution,12,6,6
20099,Brpistol,azralon,576,paladin,retribution,12,6,6
20100,Emetselchs,tichondrius,576,paladin,retribution,12,6,6
20101,Seeys,tichondrius,576,paladin,retribution,12,6,6
20102,Onnakishi,azralon,576,paladin,retribution,12,6,6
20103,Velyssatha,moon-guard,576,paladin,retribution,12,6,6
20104,Totalaustin,sargeras,576,paladin,retribution,12,6,6
20105,Glynisir,sargeras,576,paladin,retribution,12,6,6
20106,Checkeettpal,sargeras,576,paladin,retribution,12,6,6
20107,Çhñkzrèt,illidan,576,paladin,retribution,12,6,6
20108,Margit,moon-guard,576,paladin,retribution,12,6,6
20109,Xlnc,illidan,576,paladin,retribution,12,6,6
20110,Koûtt,ragnaros,576,paladin,retribution,12,6,6
20111,Truthkeeper,moon-guard,576,paladin,retribution,12,6,6
20112,Cübe,malganis,576,paladin,retribution,12,6,6
20113,Gánico,ragnaros,576,paladin,retribution,12,6,6
20114,Yungcheezy,illidan,576,paladin,retribution,12,6,6
20115,Immensepower,tichondrius,576,paladin,retribution,12,6,6
20116,Jabrohnie,sargeras,576,paladin,retribution,12,6,6
20117,Trixzthot,barthilas,576,paladin,retribution,12,6,6
20118,Bloodyängel,emerald-dream,576,paladin,retribution,12,6,6
20119,Seballedo,drakkari,576,paladin,retribution,12,6,6
20120,Raywhite,kelthuzad,576,paladin,retribution,12,6,6
20121,Soapgirl,area-52,576,paladin,retribution,12,6,6
20122,Proctrlx,tichondrius,576,paladin,retribution,12,6,6
20123,Bronytime,illidan,576,paladin,retribution,12,6,6
20124,Tazanian,aegwynn,576,paladin,retribution,12,6,6
20125,Pállyho,tichondrius,576,paladin,retribution,12,6,6
20126,Troegenator,stormrage,576,paladin,retribution,12,6,6
20127,Thaléros,tichondrius,576,paladin,retribution,12,6,6
20128,Fallenp,hakkar,576,paladin,retribution,12,6,6
20129,Escanøor,stormrage,576,paladin,retribution,12,6,6
20130,Ltt,dalaran,576,paladin,retribution,12,6,6
20131,Gronmpa,nemesis,576,paladin,retribution,12,6,6
20132,Byebyetwinks,khaz-modan,576,paladin,retribution,12,6,6
20133,Cvpal,stormrage,576,paladin,retribution,12,6,6
20134,Illëst,stormrage,576,paladin,retribution,12,6,6
20135,Sonicblazer,darrowmere,576,paladin,retribution,12,6,6
20136,Roguesmoker,zuljin,576,paladin,retribution,12,6,6
20137,Contritus,kiljaeden,576,paladin,retribution,12,6,6
20138,Munaru,illidan,576,paladin,retribution,12,6,6
20139,Crtinsideyou,skullcrusher,576,paladin,retribution,12,6,6
20140,Cybopig,kelthuzad,576,paladin,retribution,12,6,6
20141,Aura,emerald-dream,576,paladin,retribution,12,6,6
20142,Bigkspally,korgath,576,paladin,retribution,12,6,6
20143,Nyroxz,quelthalas,576,paladin,retribution,12,6,6
20144,Lebubbles,azuremyst,576,paladin,retribution,12,6,6
20145,Zägreus,moon-guard,576,paladin,retribution,12,6,6
20146,Shãw,zuljin,576,paladin,retribution,12,6,6
20147,Norlannd,ragnaros,576,paladin,retribution,12,6,6
20148,Bootcrusader,thrall,576,paladin,retribution,15,7,8
20149,Sunwalker,tichondrius,576,paladin,retribution,17,6,11
20150,Nufi,magtheridon,576,paladin,retribution,18,6,12
20151,Exorcìst,tichondrius,576,paladin,retribution,18,6,12
20152,Felwythe,emerald-dream,576,paladin,retribution,18,6,12
20153,Shiftybugar,tichondrius,576,paladin,retribution,18,6,12
20154,Heatyr,malganis,576,paladin,retribution,18,6,12
20155,Respect,moon-guard,576,paladin,retribution,18,6,12
20156,Retz,tichondrius,576,paladin,retribution,18,6,12
20157,Bubblelol,bloodhoof,576,paladin,retribution,18,6,12
20158,Kronicle,bleeding-hollow,576,paladin,retribution,18,6,12
20159,Hetodo,blood-furnace,576,paladin,retribution,18,6,12
20160,Wreathy,sargeras,576,paladin,retribution,18,6,12
20161,Goldskìn,sargeras,576,paladin,retribution,18,6,12
20162,Terrordin,illidan,576,paladin,retribution,18,6,12
20163,Mixnut,tichondrius,576,paladin,retribution,18,6,12
20164,Slaneesh,ragnaros,576,paladin,retribution,18,6,12
20165,Emaus,tichondrius,576,paladin,retribution,18,6,12
20166,Slowmoshend,illidan,576,paladin,retribution,18,6,12
20167,Astolfo,tortheldrin,576,paladin,retribution,18,6,12
20168,Xinqingle,tichondrius,576,paladin,retribution,18,6,12
20169,Riggen,thrall,576,paladin,retribution,18,6,12
20170,Liandroa,stormrage,576,paladin,retribution,18,6,12
20171,Gogofisco,moonrunner,576,paladin,retribution,18,6,12
20172,Niksilp,malfurion,576,paladin,retribution,18,6,12
20173,Jivvy,eredar,576,paladin,retribution,18,6,12
20174,Kochinodin,ragnaros,576,paladin,retribution,18,6,12
20175,Lightslion,stormrage,576,paladin,retribution,18,6,12
20176,Bakednub,malganis,576,paladin,retribution,23,6,17
20177,Pallyfreddyy,frostmourne,576,paladin,retribution,24,6,18
20178,Knobody,emerald-dream,575,paladin,retribution,12,6,6
20179,Heiinneken,queldorei,575,paladin,retribution,12,6,6
20180,Synthetic,moon-guard,575,paladin,retribution,12,6,6
20181,Übermane,illidan,575,paladin,retribution,12,6,6
20182,Ikanacanyon,stormrage,575,paladin,retribution,12,6,6
20183,Potiguar,azralon,575,paladin,retribution,12,6,6
20184,Pocacoco,azralon,575,paladin,retribution,12,6,6
20185,Blëssëd,zuljin,575,paladin,retribution,12,6,6
20186,Yuzuru,mannoroth,575,paladin,retribution,12,6,6
20187,Onecmpeter,kelthuzad,575,paladin,retribution,12,6,6
20188,Haziel,darkspear,575,paladin,retribution,12,6,6
20189,Jovolur,dalaran,575,paladin,retribution,12,6,6
20190,Bingbingcd,tichondrius,575,paladin,retribution,12,6,6
20191,Crixius,eredar,575,paladin,retribution,12,6,6
20192,Laluce,malganis,575,paladin,retribution,12,6,6
20193,Drágônbôrn,tichondrius,575,paladin,retribution,12,6,6
20194,Skyangel,illidan,575,paladin,retribution,12,6,6
20195,Holyginger,barthilas,575,paladin,retribution,15,7,8
20196,Trekpii,area-52,575,paladin,retribution,13,6,7
20197,Rynis,arthas,575,paladin,retribution,16,7,9
20198,Vosailer,illidan,575,paladin,retribution,16,7,9
20199,Amorimbr,area-52,575,paladin,retribution,18,6,12
20200,Killstien,illidan,575,paladin,retribution,18,6,12
20201,Oceangal,illidan,575,paladin,retribution,18,6,12
20202,Vecknilashx,quelthalas,575,paladin,retribution,24,6,18
20203,Ihmperiuus,quelthalas,574,paladin,retribution,12,6,6
20204,Slar,emerald-dream,574,paladin,retribution,12,6,6
20205,Akeero,khaz-modan,574,paladin,retribution,12,6,6
20206,Halordriest,tichondrius,574,paladin,retribution,18,6,12
20207,Darqtank,smolderthorn,574,paladin,retribution,18,6,12
20208,Tamahu,azralon,574,paladin,retribution,18,6,12
20209,Rcon,khadgar,573,paladin,retribution,12,6,6
20210,Phankro,quelthalas,573,paladin,retribution,12,6,6
20211,Tauyoshi,azjolnerub,573,paladin,retribution,12,6,6
20212,Nerfmehpls,ragnaros,573,paladin,retribution,12,6,6
20213,Holyshoc,kiljaeden,573,paladin,retribution,20,6,14
20214,Chadrickk,tichondrius,572,paladin,retribution,12,6,6
20215,Ajaex,area-52,571,paladin,retribution,12,6,6
20216,Kalerien,wildhammer,571,paladin,retribution,12,6,6
20217,Lucent,duskwood,571,paladin,retribution,18,6,12
20218,Niáa,quelthalas,570,paladin,retribution,18,6,12
20219,Bubbleöseven,agamaggan,568,paladin,retribution,17,8,9
20220,Palâdino,azralon,568,paladin,retribution,21,7,14
20221,Juang,arthas,566,paladin,retribution,20,7,13
20222,Sote,lightnings-blade,559,paladin,retribution,15,7,8
20223,Bellamor,burning-blade,543,paladin,retribution,11,6,5
20224,Cherrypally,area-52,543,paladin,retribution,11,6,5
20225,Buffalosaucé,illidan,543,paladin,retribution,17,6,11
20226,Gloren,garrosh,543,paladin,retribution,17,6,11
20227,Suslazin,area-52,543,paladin,retribution,20,7,13
20228,Màli,akama,543,paladin,retribution,23,6,17
20229,Hadagoodlay,zuljin,528,paladin,retribution,15,6,9
20230,Gtate,azjolnerub,527,paladin,retribution,11,6,5
20231,Yulzypal,tichondrius,527,paladin,retribution,11,6,5
20232,Shuckles,windrunner,522,paladin,retribution,20,7,13
20233,Briaelyne,tichondrius,522,paladin,retribution,25,8,17
20234,Ha,bleeding-hollow,522,paladin,retribution,22,7,15
20235,Lítebearer,kelthuzad,521,paladin,retribution,11,6,5
20236,Noblelight,saurfang,520,paladin,retribution,12,7,5
20237,Uhklathel,quelthalas,520,paladin,retribution,27,9,18
20238,Nathaniel,galakrond,511,paladin,retribution,14,6,8
20239,ßìgdám,bleeding-hollow,511,paladin,retribution,17,6,11
20240,Javiermiléi,quelthalas,511,paladin,retribution,26,6,20
20241,Dexko,silvermoon,509,paladin,retribution,12,7,5
20242,Shampin,alexstrasza,495,paladin,retribution,9,7,2
20243,Fionax,frostmourne,495,paladin,retribution,21,6,15
20244,Senorwang,dalaran,494,paladin,retribution,13,6,7
20245,Mikkylol,tichondrius,494,paladin,retribution,16,6,10
20246,Mizumaru,sargeras,480,paladin,retribution,6,5,1
20247,Moozafa,kiljaeden,480,paladin,retribution,6,5,1
20248,Mandymuze,illidan,480,paladin,retribution,6,5,1
20249,Stricken,kul-tiras,480,paladin,retribution,6,5,1
20250,Mollymatt,drenden,480,paladin,retribution,6,5,1
20251,Littlebadbad,tichondrius,480,paladin,retribution,6,5,1
20252,Vaelinarys,ragnaros,480,paladin,retribution,6,5,1
20253,Ganrof,mugthol,480,paladin,retribution,6,5,1
20254,Chopsparks,khadgar,480,paladin,retribution,6,5,1
20255,Pallisix,barthilas,480,paladin,retribution,6,5,1
20256,Akâme,kelthuzad,480,paladin,retribution,6,5,1
20257,Ashbrînger,emerald-dream,480,paladin,retribution,6,5,1
20258,Speedlight,ragnaros,480,paladin,retribution,6,5,1
20259,Devvn,laughing-skull,480,paladin,retribution,6,5,1
20260,Fistrozenemy,illidan,480,paladin,retribution,6,5,1
20261,Kelimir,dathremar,480,paladin,retribution,6,5,1
20262,Pickleparker,stormrage,480,paladin,retribution,6,5,1
20263,Rektributíon,area-52,480,paladin,retribution,6,5,1
20264,Oldlemon,tichondrius,480,paladin,retribution,6,5,1
20265,Capsiel,caelestrasz,480,paladin,retribution,6,5,1
20266,Annii,aegwynn,480,paladin,retribution,6,5,1
20267,Lagwat,sargeras,480,paladin,retribution,6,5,1
20268,Avasti,proudmoore,480,paladin,retribution,6,5,1
20269,Luzmu,azralon,480,paladin,retribution,6,5,1
20270,Kimitail,tichondrius,480,paladin,retribution,6,5,1
20271,Holdup,moon-guard,480,paladin,retribution,6,5,1
20272,Swegswog,frostmourne,480,paladin,retribution,6,5,1
20273,Divenelena,sargeras,480,paladin,retribution,6,5,1
20274,Solidifyxz,area-52,480,paladin,retribution,6,5,1
20275,Demetriusxy,tichondrius,480,paladin,retribution,6,5,1
20276,Excalibur,amanthul,480,paladin,retribution,6,5,1
20277,Mmrdonator,icecrown,480,paladin,retribution,6,5,1
20278,Zeprikito,nemesis,480,paladin,retribution,6,5,1
20279,Amarnath,turalyon,480,paladin,retribution,6,5,1
20280,Sonatas,ursin,480,paladin,retribution,9,6,3
20281,Smaugg,boulderfist,480,paladin,retribution,9,6,3
20282,Frepz,illidan,480,paladin,retribution,10,6,4
20283,Siamac,illidan,480,paladin,retribution,13,7,6
20284,Htmlar,tichondrius,480,paladin,retribution,11,5,6
20285,Dinobe,arthas,480,paladin,retribution,12,5,7
20286,Lücid,arthas,480,paladin,retribution,12,5,7
20287,Thrasheric,ragnaros,480,paladin,retribution,12,5,7
20288,Pique,malganis,480,paladin,retribution,12,5,7
20289,Mateeka,malganis,480,paladin,retribution,12,5,7
20290,Retsupreme,tichondrius,480,paladin,retribution,12,5,7
20291,Valkaurus,drakkari,480,paladin,retribution,12,5,7
20292,Liadryn,kiljaeden,480,paladin,retribution,12,5,7
20293,Gennara,ragnaros,480,paladin,retribution,12,5,7
20294,Cedwarlancy,sargeras,480,paladin,retribution,12,5,7
20295,Gotenks,trollbane,480,paladin,retribution,12,5,7
20296,Retcuzyaknow,illidan,480,paladin,retribution,12,5,7
20297,Suro,moon-guard,480,paladin,retribution,12,5,7
20298,Hegarth,archimonde,480,paladin,retribution,12,5,7
20299,Hallastus,stormrage,480,paladin,retribution,12,5,7
20300,Zhaslk,ragnaros,480,paladin,retribution,12,5,7
20301,Imperious,anetheron,480,paladin,retribution,12,5,7
20302,Shiningtendi,aerie-peak,480,paladin,retribution,12,5,7
20303,Lepirate,emerald-dream,480,paladin,retribution,12,5,7
20304,Jinuhn,illidan,480,paladin,retribution,12,5,7
20305,Thin,ragnaros,480,paladin,retribution,12,5,7
20306,Thickgirl,bleeding-hollow,480,paladin,retribution,12,5,7
20307,Toojazzyleah,proudmoore,480,paladin,retribution,12,5,7
20308,Smiteup,sargeras,480,paladin,retribution,12,5,7
20309,Daddyspit,arthas,480,paladin,retribution,12,5,7
20310,Farmerzonly,tichondrius,480,paladin,retribution,12,5,7
20311,Randvi,sargeras,480,paladin,retribution,12,5,7
20312,Dirtbagg,demon-soul,480,paladin,retribution,12,5,7
20313,Trg,azralon,480,paladin,retribution,12,5,7
20314,Abegáil,area-52,480,paladin,retribution,12,5,7
20315,Gavriel,quelthalas,480,paladin,retribution,12,5,7
20316,Vain,shuhalo,480,paladin,retribution,12,5,7
20317,Aeoliá,moon-guard,480,paladin,retribution,12,5,7
20318,Bettyböp,bleeding-hollow,480,paladin,retribution,12,5,7
20319,Uneazyxx,tichondrius,480,paladin,retribution,12,5,7
20320,Chàrron,garrosh,480,paladin,retribution,12,5,7
20321,Delaswing,quelthalas,480,paladin,retribution,12,5,7
20322,Noleyboo,proudmoore,480,paladin,retribution,12,5,7
20323,Ravage,lothar,480,paladin,retribution,12,5,7
20324,Jaenus,azralon,480,paladin,retribution,12,5,7
20325,Maxduo,bleeding-hollow,480,paladin,retribution,12,5,7
20326,Maanuel,ragnaros,480,paladin,retribution,12,5,7
20327,Itaghí,sargeras,480,paladin,retribution,12,5,7
20328,Ganster,dreadmaul,480,paladin,retribution,12,5,7
20329,Dragomnnm,stormrage,480,paladin,retribution,12,5,7
20330,Faithkiller,garrosh,480,paladin,retribution,12,5,7
20331,ßraveheart,zuljin,480,paladin,retribution,12,5,7
20332,Namiiswan,area-52,480,paladin,retribution,12,5,7
20333,Dehya,sargeras,480,paladin,retribution,12,5,7
20334,Níngjìngy,tichondrius,480,paladin,retribution,12,5,7
20335,Rikku,undermine,480,paladin,retribution,12,5,7
20336,Adrexious,dalaran,480,paladin,retribution,12,5,7
20337,Shinymoo,laughing-skull,480,paladin,retribution,12,5,7
20338,Mikeawk,tichondrius,480,paladin,retribution,12,5,7
20339,Bold,frostmourne,480,paladin,retribution,12,5,7
20340,Hekcthor,ragnaros,480,paladin,retribution,12,5,7
20341,Yellowmay,sargeras,480,paladin,retribution,12,5,7
20342,Sabericdos,proudmoore,480,paladin,retribution,12,5,7
20343,Attkdamdam,illidan,480,paladin,retribution,12,5,7
20344,Walleis,moon-guard,480,paladin,retribution,12,5,7
20345,Zulyourmom,tichondrius,480,paladin,retribution,12,5,7
20346,Yoroding,tichondrius,480,paladin,retribution,12,5,7
20347,Bullpaladin,barthilas,480,paladin,retribution,12,5,7
20348,Nadinebb,proudmoore,480,paladin,retribution,12,5,7
20349,Dipho,illidan,480,paladin,retribution,12,5,7
20350,Shadòw,emerald-dream,480,paladin,retribution,12,5,7
20351,Dalance,draka,480,paladin,retribution,12,5,7
20352,Critadins,thrall,480,paladin,retribution,12,5,7
20353,Unholypally,suramar,480,paladin,retribution,12,5,7
20354,Jaslexa,illidan,480,paladin,retribution,12,5,7
20355,Minzyp,illidan,480,paladin,retribution,12,5,7
20356,Cropcircles,whisperwind,480,paladin,retribution,12,5,7
20357,Xizzor,darkspear,480,paladin,retribution,12,5,7
20358,Callandør,illidan,480,paladin,retribution,12,5,7
20359,Holytankadin,alleria,480,paladin,retribution,12,5,7
20360,Ssawsy,illidan,480,paladin,retribution,12,5,7
20361,Beatman,blades-edge,480,paladin,retribution,12,5,7
20362,Kirklandbeef,gorefiend,480,paladin,retribution,12,5,7
20363,Joonzu,frostmane,480,paladin,retribution,12,5,7
20364,Lightvader,illidan,480,paladin,retribution,12,5,7
20365,Leaelda,wyrmrest-accord,480,paladin,retribution,12,5,7
20366,Methor,thrall,480,paladin,retribution,12,5,7
20367,Dwk,thrall,480,paladin,retribution,12,5,7
20368,Athamon,nemesis,480,paladin,retribution,12,5,7
20369,Connore,stormrage,480,paladin,retribution,12,5,7
20370,Koreancannon,tichondrius,480,paladin,retribution,15,6,9
20371,Chriscoz,korgath,480,paladin,retribution,18,5,13
20372,Deecompose,sargeras,480,paladin,retribution,18,5,13
20373,Tieberion,bleeding-hollow,480,paladin,retribution,18,5,13
20374,Valinorean,nemesis,480,paladin,retribution,18,5,13
20375,Møemøeda,illidan,480,paladin,retribution,18,5,13
20376,Kurasi,frostmourne,480,paladin,retribution,18,5,13
20377,Downs,tichondrius,480,paladin,retribution,18,5,13
20378,Razuel,frostmourne,480,paladin,retribution,18,5,13
20379,Zightmare,azralon,480,paladin,retribution,18,5,13
20380,Typheuz,wyrmrest-accord,480,paladin,retribution,18,5,13
20381,Onemassacre,spirestone,480,paladin,retribution,18,5,13
20382,Holiness,stormreaver,480,paladin,retribution,18,5,13
20383,Photons,emerald-dream,480,paladin,retribution,18,5,13
20384,Holycots,stormrage,480,paladin,retribution,18,5,13
20385,Honeybunza,area-52,480,paladin,retribution,18,5,13
20386,Freddieroach,tichondrius,480,paladin,retribution,18,5,13
20387,Ulcerà,azralon,480,paladin,retribution,18,5,13
20388,Purged,wyrmrest-accord,480,paladin,retribution,18,5,13
20389,Melgamis,quelthalas,480,paladin,retribution,18,5,13
20390,Boogerred,korialstrasz,480,paladin,retribution,18,5,13
20391,Imrahilaf,korialstrasz,480,paladin,retribution,18,5,13
20392,Midnightboto,dragonmaw,480,paladin,retribution,18,5,13
20393,Artherion,kelthuzad,480,paladin,retribution,27,6,21
20394,Spoelstra,dragonmaw,480,paladin,retribution,24,5,19
20395,Trapqueenlol,alterac-mountains,480,paladin,retribution,24,5,19
20396,Zero,garona,480,paladin,retribution,30,5,25
20397,Appolas,shattered-hand,479,paladin,retribution,6,5,1
20398,Kremation,zuljin,479,paladin,retribution,6,5,1
20399,Tooholy,kiljaeden,479,paladin,retribution,6,5,1
20400,Noctis,nerzhul,479,paladin,retribution,12,5,7
20401,Memoríez,zuljin,479,paladin,retribution,12,5,7
20402,Dredberserk,stormrage,479,paladin,retribution,12,5,7
20403,Cowsavior,terenas,479,paladin,retribution,12,5,7
20404,Frostbitee,nerzhul,479,paladin,retribution,12,5,7
20405,Reedeemer,bonechewer,479,paladin,retribution,12,5,7
20406,Khels,gilneas,479,paladin,retribution,12,5,7
20407,Murderous,frostmourne,479,paladin,retribution,12,5,7
20408,Onemorelight,area-52,479,paladin,retribution,12,5,7
20409,Ðarksealz,laughing-skull,479,paladin,retribution,12,5,7
20410,Inqa,thunderlord,479,paladin,retribution,12,5,7
20411,Ashera,amanthul,479,paladin,retribution,12,5,7
20412,Hodne,blackhand,479,paladin,retribution,12,5,7
20413,Zelrich,moon-guard,479,paladin,retribution,12,5,7
20414,Provail,stormrage,479,paladin,retribution,18,5,13
20415,Griz,magtheridon,479,paladin,retribution,18,5,13
20416,Brightfire,dawnbringer,479,paladin,retribution,18,5,13
20417,Romonite,bleeding-hollow,479,paladin,retribution,18,5,13
20418,Palypunchh,darrowmere,478,paladin,retribution,12,6,6
20419,Chengduqq,illidan,478,paladin,retribution,12,5,7
20420,Lagun,wyrmrest-accord,478,paladin,retribution,12,5,7
20421,Neipala,ragnaros,478,paladin,retribution,12,5,7
20422,Benzen,bleeding-hollow,477,paladin,retribution,12,5,7
20423,Jammsheed,arthas,477,paladin,retribution,12,5,7
20424,Kaminasol,quelthalas,477,paladin,retribution,18,5,13
20425,Felordron,silvermoon,475,paladin,retribution,12,5,7
20426,Solstein,dalaran,474,paladin,retribution,12,5,7
20427,Vengecide,proudmoore,473,paladin,retribution,12,5,7
20428,Dubaron,burning-blade,473,paladin,retribution,12,5,7
20429,Pablito,fizzcrank,457,paladin,retribution,21,7,14
20430,Thepallyx,silvermoon,448,paladin,retribution,16,5,11
20431,Jackstank,dragonmaw,447,paladin,retribution,8,6,2
20432,Árèz,frostmourne,441,paladin,retribution,17,7,10
20433,Neverforgot,quelthalas,431,paladin,retribution,11,5,6
20434,Zzf,turalyon,431,paladin,retribution,11,5,6
20435,Regivän,azralon,426,paladin,retribution,12,6,6
20436,Hálløwéð,firetree,426,paladin,retribution,14,6,8
20437,Stankylordz,sargeras,426,paladin,retribution,19,8,11
20438,Rashrind,moon-guard,426,paladin,retribution,23,8,15
20439,Kimochiyuh,illidan,425,paladin,retribution,17,7,10
20440,Ducii,stormrage,424,paladin,retribution,22,6,16
20441,Stahny,thrall,415,paladin,retribution,10,5,5
20442,Saviorsavior,bleeding-hollow,415,paladin,retribution,11,5,6
20443,Artaxerxes,stormrage,415,paladin,retribution,14,5,9
20444,Wrekkin,stormrage,415,paladin,retribution,14,5,9
20445,Epxilon,ragnaros,415,paladin,retribution,14,5,9
20446,Rainingrets,tichondrius,404,paladin,retribution,28,10,18
20447,Iamriched,illidan,400,paladin,retribution,13,5,8
20448,Sydnneeyy,kelthuzad,399,paladin,retribution,5,5,0
20449,Dwarfineas,dalaran,384,paladin,retribution,6,4,2
20450,Lyà,area-52,384,paladin,retribution,6,4,2
20451,Mystictoast,area-52,384,paladin,retribution,6,4,2
20452,Temptrez,bleeding-hollow,384,paladin,retribution,6,4,2
20453,Geesworld,nazjatar,384,paladin,retribution,6,4,2
20454,Bisket,illidan,384,paladin,retribution,6,4,2
20455,Supernampal,sargeras,384,paladin,retribution,6,4,2
20456,Vxm,illidan,384,paladin,retribution,6,4,2
20457,Yuliu,magtheridon,384,paladin,retribution,6,4,2
20458,Täintcrusher,illidan,384,paladin,retribution,6,4,2
20459,Limitier,proudmoore,384,paladin,retribution,6,4,2
20460,Leoros,blackrock,384,paladin,retribution,6,4,2
20461,Tifalockhart,dathremar,384,paladin,retribution,6,4,2
20462,Ironpallyx,garrosh,384,paladin,retribution,6,4,2
20463,Gospel,duskwood,384,paladin,retribution,6,4,2
20464,Panicbubblin,stormrage,384,paladin,retribution,6,4,2
20465,Easiestclass,azshara,384,paladin,retribution,6,4,2
20466,Åphrodite,bleeding-hollow,384,paladin,retribution,6,4,2
20467,Doç,stormrage,384,paladin,retribution,6,4,2
20468,Ezpzxd,arygos,384,paladin,retribution,6,4,2
20469,Gåbrîel,emerald-dream,384,paladin,retribution,6,4,2
20470,Baladine,zuljin,384,paladin,retribution,6,4,2
20471,Rohlin,boulderfist,384,paladin,retribution,6,4,2
20472,Aohxmathoss,zuljin,384,paladin,retribution,6,4,2
20473,Merlinä,illidan,384,paladin,retribution,6,4,2
20474,Darthhelios,illidan,384,paladin,retribution,6,4,2
20475,Gilgamesh,moonrunner,384,paladin,retribution,6,4,2
20476,Kaypross,area-52,384,paladin,retribution,6,4,2
20477,Daylit,proudmoore,384,paladin,retribution,6,4,2
20478,Ruca,icecrown,384,paladin,retribution,6,4,2
20479,Notaefc,icecrown,384,paladin,retribution,6,4,2
20480,Ascencer,spirestone,384,paladin,retribution,6,4,2
20481,Thrandeill,bleeding-hollow,384,paladin,retribution,6,4,2
20482,Trisøn,area-52,384,paladin,retribution,6,4,2
20483,Rhaegorn,drakkari,384,paladin,retribution,6,4,2
20484,Cratt,chromaggus,384,paladin,retribution,6,4,2
20485,Pappablanco,stormrage,384,paladin,retribution,6,4,2
20486,Tayvar,stormrage,384,paladin,retribution,6,4,2
20487,Thottylight,stormrage,384,paladin,retribution,6,4,2
20488,Malicia,malorne,384,paladin,retribution,6,4,2
20489,Khanid,emerald-dream,384,paladin,retribution,6,4,2
20490,Laventus,area-52,384,paladin,retribution,6,4,2
20491,Saulhudson,bleeding-hollow,384,paladin,retribution,6,4,2
20492,Luluwu,stormrage,384,paladin,retribution,6,4,2
20493,Dazztrain,barthilas,384,paladin,retribution,6,4,2
20494,Anstyl,moon-guard,384,paladin,retribution,6,4,2
20495,Crewsade,sargeras,384,paladin,retribution,6,4,2
20496,Daylin,tichondrius,384,paladin,retribution,6,4,2
20497,Candysugar,tichondrius,384,paladin,retribution,6,4,2
20498,Bigolhammer,khadgar,384,paladin,retribution,6,4,2
20499,Malavon,azralon,384,paladin,retribution,6,4,2
20500,Fxxku,tichondrius,384,paladin,retribution,6,4,2
20501,Cobaine,illidan,384,paladin,retribution,6,4,2
20502,Shrektacular,malganis,384,paladin,retribution,6,4,2
20503,Dörisseline,tichondrius,384,paladin,retribution,6,4,2
20504,Dinapal,frostmourne,384,paladin,retribution,6,4,2
20505,Legèndaïry,tichondrius,384,paladin,retribution,6,4,2
20506,Wyrmblood,moon-guard,384,paladin,retribution,6,4,2
20507,Crocfacex,tichondrius,384,paladin,retribution,6,4,2
20508,Reclusiarch,tichondrius,384,paladin,retribution,6,4,2
20509,Taiffan,azralon,384,paladin,retribution,6,4,2
20510,Anaxxie,azralon,384,paladin,retribution,6,4,2
20511,Ðorlie,malganis,384,paladin,retribution,6,4,2
20512,Mikeyqt,nemesis,384,paladin,retribution,6,4,2
20513,Shadp,frostmourne,384,paladin,retribution,6,4,2
20514,Damnhammer,tichondrius,384,paladin,retribution,6,4,2
20515,Holyham,fizzcrank,384,paladin,retribution,6,4,2
20516,Zzerox,ragnaros,384,paladin,retribution,6,4,2
20517,Minikalina,ragnaros,384,paladin,retribution,6,4,2
20518,Sasukee,quelthalas,384,paladin,retribution,6,4,2
20519,Silreck,ragnaros,384,paladin,retribution,6,4,2
20520,Lightsheart,lightbringer,384,paladin,retribution,6,4,2
20521,Balango,azralon,384,paladin,retribution,6,4,2
20522,Pvppaulx,moon-guard,384,paladin,retribution,6,4,2
20523,Hellcallerl,quelthalas,384,paladin,retribution,6,4,2
20524,Ennvy,nemesis,384,paladin,retribution,6,4,2
20525,Zexion,azralon,384,paladin,retribution,6,4,2
20526,Fâmed,tichondrius,384,paladin,retribution,6,4,2
20527,Tiduz,tichondrius,384,paladin,retribution,6,4,2
20528,Farlayne,quelthalas,384,paladin,retribution,6,4,2
20529,Eduardoap,azralon,384,paladin,retribution,6,4,2
20530,Glexann,sargeras,384,paladin,retribution,6,4,2
20531,Seven,blackwing-lair,384,paladin,retribution,6,4,2
20532,Izidar,tichondrius,384,paladin,retribution,10,5,5
20533,Bigddady,quelthalas,384,paladin,retribution,8,4,4
20534,Paladan,tichondrius,384,paladin,retribution,11,4,7
20535,Athenax,area-52,384,paladin,retribution,12,4,8
20536,Msjudged,blackrock,384,paladin,retribution,12,4,8
20537,Exer,ragnaros,384,paladin,retribution,12,4,8
20538,Thaleros,tichondrius,384,paladin,retribution,12,4,8
20539,Eddf,ursin,384,paladin,retribution,12,4,8
20540,Forzanapoli,tichondrius,384,paladin,retribution,12,4,8
20541,Sixty,sargeras,384,paladin,retribution,12,4,8
20542,Psadin,thunderlord,384,paladin,retribution,12,4,8
20543,Akiralons,ragnaros,384,paladin,retribution,12,4,8
20544,Catuvalos,kiljaeden,384,paladin,retribution,12,4,8
20545,Juliusplzher,area-52,384,paladin,retribution,12,4,8
20546,Pallyforeva,sargeras,384,paladin,retribution,12,4,8
20547,Dohsevèn,tichondrius,384,paladin,retribution,12,4,8
20548,Atalzel,kiljaeden,384,paladin,retribution,12,4,8
20549,Murdameek,area-52,384,paladin,retribution,12,4,8
20550,Prettylightx,kelthuzad,384,paladin,retribution,12,4,8
20551,Inareus,agamaggan,384,paladin,retribution,12,4,8
20552,Niolite,ragnaros,384,paladin,retribution,12,4,8
20553,Lânnâ,tichondrius,384,paladin,retribution,12,4,8
20554,Kraggar,arthas,384,paladin,retribution,12,4,8
20555,Smontis,sargeras,384,paladin,retribution,12,4,8
20556,Kyrianjutsu,area-52,384,paladin,retribution,12,4,8
20557,Crazysyco,proudmoore,384,paladin,retribution,12,4,8
20558,Ddawz,proudmoore,384,paladin,retribution,12,4,8
20559,Veshral,arthas,384,paladin,retribution,12,4,8
20560,Miniell,tichondrius,384,paladin,retribution,12,4,8
20561,Greenracer,kiljaeden,384,paladin,retribution,12,4,8
20562,Imcomingbro,blackrock,384,paladin,retribution,12,4,8
20563,Lightahean,proudmoore,384,paladin,retribution,12,4,8
20564,Dmghack,tichondrius,384,paladin,retribution,12,4,8
20565,Lenneth,nordrassil,384,paladin,retribution,12,4,8
20566,Rusticles,aerie-peak,384,paladin,retribution,12,4,8
20567,Mikeelul,tichondrius,384,paladin,retribution,12,4,8
20568,Sigmapepe,quelthalas,384,paladin,retribution,12,4,8
20569,Aricen,thunderhorn,384,paladin,retribution,12,4,8
20570,Eettooko,aegwynn,384,paladin,retribution,12,4,8
20571,Tëmplar,bleeding-hollow,384,paladin,retribution,12,4,8
20572,Rëtribution,tichondrius,384,paladin,retribution,12,4,8
20573,Lokkillos,drakkari,384,paladin,retribution,12,4,8
20574,Oroürke,stormrage,384,paladin,retribution,12,4,8
20575,Retspec,darkspear,384,paladin,retribution,12,4,8
20576,Harke,drakkari,384,paladin,retribution,12,4,8
20577,Taelpalx,stormrage,384,paladin,retribution,12,4,8
20578,Zøzø,zuljin,384,paladin,retribution,12,4,8
20579,Senion,velen,384,paladin,retribution,12,4,8
20580,Givinpowpows,korgath,384,paladin,retribution,12,4,8
20581,Aewynn,nemesis,384,paladin,retribution,12,4,8
20582,Corrán,thrall,384,paladin,retribution,12,4,8
20583,Chuckman,skullcrusher,384,paladin,retribution,12,4,8
20584,Varuul,nerzhul,384,paladin,retribution,12,4,8
20585,Danaimei,tichondrius,384,paladin,retribution,12,4,8
20586,Krypton,tichondrius,384,paladin,retribution,12,4,8
20587,Anastos,anvilmar,384,paladin,retribution,12,4,8
20588,Clariten,ghostlands,384,paladin,retribution,12,4,8
20589,Botch,drenden,384,paladin,retribution,12,4,8
20590,Gripadin,tichondrius,384,paladin,retribution,12,4,8
20591,Blackmuu,malganis,384,paladin,retribution,12,4,8
20592,Roländ,thrall,384,paladin,retribution,12,4,8
20593,Jimithing,senjin,384,paladin,retribution,12,4,8
20594,Minidin,kiljaeden,384,paladin,retribution,12,4,8
20595,Crystahlmeth,sargeras,384,paladin,retribution,12,4,8
20596,Theril,kelthuzad,384,paladin,retribution,12,4,8
20597,Heavener,tichondrius,384,paladin,retribution,12,4,8
20598,Strugglèbus,thrall,384,paladin,retribution,12,4,8
20599,Phattpump,tichondrius,384,paladin,retribution,12,4,8
20600,Drriz,stormrage,384,paladin,retribution,12,4,8
20601,Drízzy,ragnaros,384,paladin,retribution,12,4,8
20602,Àpolo,stormrage,384,paladin,retribution,12,4,8
20603,Adrn,tichondrius,384,paladin,retribution,12,4,8
20604,Roodictz,zuljin,384,paladin,retribution,12,4,8
20605,Baptism,shattered-hand,384,paladin,retribution,12,4,8
20606,Kurook,moon-guard,384,paladin,retribution,12,4,8
20607,Sethy,feathermoon,384,paladin,retribution,12,4,8
20608,Grimdel,moon-guard,384,paladin,retribution,12,4,8
20609,Simonis,windrunner,384,paladin,retribution,12,4,8
20610,Ibull,stormscale,384,paladin,retribution,12,4,8
20611,Júdgedredd,illidan,384,paladin,retribution,12,4,8
20612,Eutectic,moon-guard,384,paladin,retribution,12,4,8
20613,Adauto,illidan,384,paladin,retribution,12,4,8
20614,Illhaveacoke,moon-guard,384,paladin,retribution,12,4,8
20615,Pheonixpally,azralon,384,paladin,retribution,12,4,8
20616,Goloh,shadowmoon,384,paladin,retribution,12,4,8
20617,Dezul,stormscale,384,paladin,retribution,12,4,8
20618,Toxanator,frostmourne,384,paladin,retribution,12,4,8
20619,Bauldrin,moon-guard,384,paladin,retribution,12,4,8
20620,Bigpin,shattered-hand,384,paladin,retribution,12,4,8
20621,Hrizul,drakthul,384,paladin,retribution,12,4,8
20622,Litium,frostmourne,384,paladin,retribution,12,4,8
20623,Simpforomenx,emerald-dream,384,paladin,retribution,12,4,8
20624,Kreigvar,moon-guard,384,paladin,retribution,12,4,8
20625,Smöke,frostmourne,384,paladin,retribution,12,4,8
20626,Talionz,illidan,384,paladin,retribution,12,4,8
20627,Elflicious,illidan,384,paladin,retribution,12,4,8
20628,Aidillon,shadowsong,384,paladin,retribution,12,4,8
20629,Delukk,azralon,384,paladin,retribution,12,4,8
20630,Acquiesce,bleeding-hollow,384,paladin,retribution,16,5,11
20631,Batmanp,quelthalas,384,paladin,retribution,13,4,9
20632,Ccpx,area-52,384,paladin,retribution,18,4,14
20633,Talurius,azralon,384,paladin,retribution,18,4,14
20634,Indemnity,wildhammer,384,paladin,retribution,18,4,14
20635,Ongang,illidan,384,paladin,retribution,18,4,14
20636,Powercelest,quelthalas,384,paladin,retribution,18,4,14
20637,Draknals,illidan,384,paladin,retribution,18,4,14
20638,Caityaj,illidan,384,paladin,retribution,18,4,14
20639,Hupa,crushridge,384,paladin,retribution,18,4,14
20640,Essexqt,blackhand,384,paladin,retribution,18,4,14
20641,Mhakoi,bleeding-hollow,384,paladin,retribution,24,4,20
20642,Iskándar,tichondrius,384,paladin,retribution,24,4,20
20643,Stepurgameup,ghostlands,383,paladin,retribution,6,4,2
20644,Brandforge,thunderlord,383,paladin,retribution,6,4,2
20645,Vinjonc,drenden,383,paladin,retribution,6,4,2
20646,Trodos,quelthalas,383,paladin,retribution,6,4,2
20647,Dabsmaster,dalaran,383,paladin,retribution,6,4,2
20648,Pajjy,azralon,383,paladin,retribution,6,4,2
20649,Praisin,zuljin,383,paladin,retribution,6,4,2
20650,Sinficha,quelthalas,383,paladin,retribution,6,4,2
20651,Vonfraud,lightbringer,383,paladin,retribution,12,4,8
20652,Kennysun,azralon,383,paladin,retribution,12,4,8
20653,Holyburger,hakkar,383,paladin,retribution,12,4,8
20654,Hølydiver,rivendare,383,paladin,retribution,12,4,8
20655,Holyqt,thunderlord,383,paladin,retribution,12,4,8
20656,Funkknight,sargeras,383,paladin,retribution,18,4,14
20657,Hadrianus,azralon,383,paladin,retribution,24,4,20
20658,Kenbad,aegwynn,382,paladin,retribution,6,4,2
20659,Sparklepuss,turalyon,379,paladin,retribution,12,4,8
20660,Amerok,malfurion,378,paladin,retribution,18,4,14
20661,Novachrono,bladefist,367,paladin,retribution,9,5,4
20662,Crucifine,wyrmrest-accord,367,paladin,retribution,11,4,7
20663,Barzø,tichondrius,367,paladin,retribution,11,4,7
20664,Goinglarge,frostmourne,367,paladin,retribution,11,4,7
20665,Mèdic,illidan,367,paladin,retribution,11,4,7
20666,Bibimbop,boulderfist,352,paladin,retribution,13,5,8
20667,Vietnomeez,tichondrius,351,paladin,retribution,11,4,7
20668,Páladian,quelthalas,351,paladin,retribution,11,4,7
20669,Xcream,nemesis,351,paladin,retribution,20,5,15
20670,Bruujqt,moon-guard,336,paladin,retribution,9,5,4
20671,Titansnake,illidan,336,paladin,retribution,9,4,5
20672,Meduselda,kelthuzad,335,paladin,retribution,9,5,4
20673,Botïs,sargeras,335,paladin,retribution,9,5,4
20674,Ethernaly,quelthalas,335,paladin,retribution,11,4,7
20675,Stinaz,quelthalas,335,paladin,retribution,11,4,7
20676,Exwars,moon-guard,330,paladin,retribution,8,5,3
20677,Bastiion,stormrage,320,paladin,retribution,10,4,6
20678,Wellowar,moon-guard,320,paladin,retribution,10,4,6
20679,Làzårus,area-52,320,paladin,retribution,16,4,12
20680,Junmá,tichondrius,319,paladin,retribution,5,4,1
20681,Ruulight,tichondrius,319,paladin,retribution,5,4,1
20682,Jnxzster,sargeras,319,paladin,retribution,8,4,4
20683,Jadelong,azshara,319,paladin,retribution,8,4,4
20684,Karig,sargeras,319,paladin,retribution,8,4,4
20685,Gryphin,moon-guard,319,paladin,retribution,8,4,4
20686,Holyshasha,tichondrius,319,paladin,retribution,8,4,4
20687,Holynaps,malganis,319,paladin,retribution,9,4,5
20688,Darkjewmagic,frostmourne,319,paladin,retribution,14,4,10
20689,Torrthak,area-52,304,paladin,retribution,7,4,3
20690,Paullokis,gallywix,304,paladin,retribution,7,4,3
20691,Releváncé,frostmourne,304,paladin,retribution,19,4,15
20692,Lomis,azgalor,288,paladin,retribution,6,3,3
20693,Bigdamham,tichondrius,288,paladin,retribution,6,3,3
20694,Olsen,stormrage,288,paladin,retribution,6,3,3
20695,Kyperion,stormrage,288,paladin,retribution,6,3,3
20696,Elri,ragnaros,288,paladin,retribution,6,3,3
20697,Sleekz,moon-guard,288,paladin,retribution,6,3,3
20698,Jadedx,stormrage,288,paladin,retribution,6,3,3
20699,Xupalaa,azralon,288,paladin,retribution,6,3,3
20700,Ximenita,ragnaros,288,paladin,retribution,6,3,3
20701,Purekiller,destromath,288,paladin,retribution,6,3,3
20702,Pirofosfato,azralon,288,paladin,retribution,6,3,3
20703,Zercker,ragnaros,288,paladin,retribution,6,3,3
20704,Holyshockss,stormrage,288,paladin,retribution,6,3,3
20705,Bíteme,sargeras,288,paladin,retribution,6,3,3
20706,Heamis,thunderlord,288,paladin,retribution,6,3,3
20707,Mòse,emerald-dream,288,paladin,retribution,6,3,3
20708,Nerilliah,sargeras,288,paladin,retribution,6,3,3
20709,Dráugus,azralon,288,paladin,retribution,6,3,3
20710,Vindictacho,tichondrius,288,paladin,retribution,6,3,3
20711,Wálker,ragnaros,288,paladin,retribution,6,3,3
20712,Jónò,tichondrius,288,paladin,retribution,6,3,3
20713,Apocryphx,stormrage,288,paladin,retribution,6,3,3
20714,Retsuxks,twisting-nether,288,paladin,retribution,6,3,3
20715,Dfz,mannoroth,288,paladin,retribution,6,3,3
20716,Aëriy,moon-guard,288,paladin,retribution,6,3,3
20717,Zeroret,tichondrius,288,paladin,retribution,6,3,3
20718,Pvar,stormrage,288,paladin,retribution,6,3,3
20719,Àxçël,hyjal,288,paladin,retribution,6,3,3
20720,Nâtion,cenarius,288,paladin,retribution,6,3,3
20721,Vynlen,uldaman,288,paladin,retribution,6,3,3
20722,Gstbubble,hyjal,288,paladin,retribution,6,3,3
20723,Kloernstarr,sargeras,288,paladin,retribution,6,3,3
20724,Elhoj,illidan,288,paladin,retribution,6,3,3
20725,Nalenne,alexstrasza,288,paladin,retribution,6,3,3
20726,Kôld,tichondrius,288,paladin,retribution,6,3,3
20727,Sparticuss,frostmane,288,paladin,retribution,6,3,3
20728,Vük,destromath,288,paladin,retribution,6,3,3
20729,Zoroastrø,azralon,288,paladin,retribution,6,3,3
20730,Luxuriousman,fizzcrank,288,paladin,retribution,6,3,3
20731,Pahlevahn,stormrage,288,paladin,retribution,6,3,3
20732,Senisse,illidan,288,paladin,retribution,6,3,3
20733,Deadlyskills,arathor,288,paladin,retribution,6,3,3
20734,Beato,silvermoon,288,paladin,retribution,6,3,3
20735,Meith,ragnaros,288,paladin,retribution,6,3,3
20736,Kahleesy,sargeras,288,paladin,retribution,6,3,3
20737,Tisu,kiljaeden,288,paladin,retribution,6,3,3
20738,Hybrix,tichondrius,288,paladin,retribution,6,3,3
20739,Muffinknight,quelthalas,288,paladin,retribution,6,3,3
20740,Beepsmash,executus,288,paladin,retribution,6,3,3
20741,Halnarran,area-52,288,paladin,retribution,6,3,3
20742,Stamptime,emerald-dream,288,paladin,retribution,6,3,3
20743,Mki,kargath,288,paladin,retribution,6,3,3
20744,Ýøg,tichondrius,288,paladin,retribution,6,3,3
20745,Rillumas,wyrmrest-accord,288,paladin,retribution,6,3,3
20746,Accept,frostmourne,288,paladin,retribution,6,3,3
20747,Runebane,doomhammer,288,paladin,retribution,6,3,3
20748,Moox,wyrmrest-accord,288,paladin,retribution,6,3,3
20749,Gashlycrumb,tichondrius,288,paladin,retribution,6,3,3
20750,Lawdeedawh,tichondrius,288,paladin,retribution,6,3,3
20751,Zenpally,doomhammer,288,paladin,retribution,6,3,3
20752,Merphy,tichondrius,288,paladin,retribution,6,3,3
20753,Selivara,zuljin,288,paladin,retribution,6,3,3
20754,Poisson,wildhammer,288,paladin,retribution,6,3,3
20755,Bleeked,emerald-dream,288,paladin,retribution,6,3,3
20756,Shibbz,illidan,288,paladin,retribution,6,3,3
20757,Jojoboskies,aegwynn,288,paladin,retribution,6,3,3
20758,Holyham,bonechewer,288,paladin,retribution,6,3,3
20759,Barbesacrer,zuljin,288,paladin,retribution,6,3,3
20760,Dev,frostwolf,288,paladin,retribution,6,3,3
20761,Theßest,baelgun,288,paladin,retribution,6,3,3
20762,Reaslovak,jubeithos,288,paladin,retribution,6,3,3
20763,Shakemup,stormrage,288,paladin,retribution,6,3,3
20764,Morlunè,tichondrius,288,paladin,retribution,6,3,3
20765,Kegman,thrall,288,paladin,retribution,6,3,3
20766,Berapal,tichondrius,288,paladin,retribution,6,3,3
20767,Jireen,tichondrius,288,paladin,retribution,6,3,3
20768,Lasonil,zuljin,288,paladin,retribution,6,3,3
20769,Boladosx,azralon,288,paladin,retribution,6,3,3
20770,Fluffnac,tichondrius,288,paladin,retribution,6,3,3
20771,Aeltharix,blackwater-raiders,288,paladin,retribution,6,3,3
20772,Menjo,malganis,288,paladin,retribution,6,3,3
20773,Varezion,vashj,288,paladin,retribution,6,3,3
20774,Taynos,tichondrius,288,paladin,retribution,6,3,3
20775,Nawwll,stonemaul,288,paladin,retribution,6,3,3
20776,Timu,suramar,288,paladin,retribution,6,3,3
20777,Palman,frostmourne,288,paladin,retribution,6,3,3
20778,Flareous,moon-guard,288,paladin,retribution,6,3,3
20779,Justsaiyen,bleeding-hollow,288,paladin,retribution,6,3,3
20780,Rectaluse,dalaran,288,paladin,retribution,6,3,3
20781,Leá,illidan,288,paladin,retribution,6,3,3
20782,Tadaki,dalaran,288,paladin,retribution,6,3,3
20783,Obbzz,spirestone,288,paladin,retribution,6,3,3
20784,Ironboxer,tichondrius,288,paladin,retribution,6,3,3
20785,Doogo,cenarius,288,paladin,retribution,6,3,3
20786,Everith,bleeding-hollow,288,paladin,retribution,6,3,3
20787,Mcfleye,malganis,288,paladin,retribution,6,3,3
20788,Palinator,bleeding-hollow,288,paladin,retribution,6,3,3
20789,Hadory,shattered-halls,288,paladin,retribution,6,3,3
20790,Principe,queldorei,288,paladin,retribution,6,3,3
20791,Minzyy,frostmourne,288,paladin,retribution,6,3,3
20792,Scamadin,tichondrius,288,paladin,retribution,6,3,3
20793,Finnthepally,proudmoore,288,paladin,retribution,6,3,3
20794,Assaultron,dalaran,288,paladin,retribution,6,3,3
20795,Ankhz,area-52,288,paladin,retribution,6,3,3
20796,Rickadin,bleeding-hollow,288,paladin,retribution,6,3,3
20797,Pauliss,sargeras,288,paladin,retribution,6,3,3
20798,Lituation,sargeras,288,paladin,retribution,6,3,3
20799,Bubblet,bleeding-hollow,288,paladin,retribution,6,3,3
20800,Konyfotm,bleeding-hollow,288,paladin,retribution,6,3,3
20801,Pipay,proudmoore,288,paladin,retribution,6,3,3
20802,Kaelel,barthilas,288,paladin,retribution,6,3,3
20803,Krackanut,kelthuzad,288,paladin,retribution,6,3,3
20804,Brahlix,area-52,288,paladin,retribution,6,3,3
20805,Amega,bleeding-hollow,288,paladin,retribution,6,3,3
20806,Kanachi,bleeding-hollow,288,paladin,retribution,6,3,3
20807,Eleonorr,proudmoore,288,paladin,retribution,6,3,3
20808,Mvpp,dalaran,288,paladin,retribution,6,3,3
20809,Valadinna,tichondrius,288,paladin,retribution,6,3,3
20810,Buttflapster,proudmoore,288,paladin,retribution,6,3,3
20811,Syvir,area-52,288,paladin,retribution,6,3,3
20812,Wetterguuch,area-52,288,paladin,retribution,6,3,3
20813,Zakh,proudmoore,288,paladin,retribution,6,3,3
20814,Dimsimbar,frostmourne,288,paladin,retribution,6,3,3
20815,Nerfretpls,area-52,288,paladin,retribution,6,3,3
20816,Astasia,laughing-skull,288,paladin,retribution,6,3,3
20817,Holyshrekt,frostmourne,288,paladin,retribution,6,3,3
20818,Warchaos,skullcrusher,288,paladin,retribution,6,3,3
20819,Orangepa,dalaran,288,paladin,retribution,6,3,3
20820,Lorainn,ragnaros,288,paladin,retribution,6,3,3
20821,Nickotines,kelthuzad,288,paladin,retribution,6,3,3
20822,Reallyfe,skullcrusher,288,paladin,retribution,6,3,3
20823,Aura,stormreaver,288,paladin,retribution,6,3,3
20824,Rockbell,kiljaeden,288,paladin,retribution,6,3,3
20825,Blake,frostmourne,288,paladin,retribution,6,3,3
20826,Nyxkithar,nagrand,288,paladin,retribution,6,3,3
20827,Ahzreal,garona,288,paladin,retribution,6,3,3
20828,Itzon,proudmoore,288,paladin,retribution,6,3,3
20829,Cocodog,kiljaeden,288,paladin,retribution,6,3,3
20830,Yugawn,maiev,288,paladin,retribution,6,3,3
20831,Chiraqret,thunderhorn,288,paladin,retribution,6,3,3
20832,Sóláris,moon-guard,288,paladin,retribution,6,3,3
20833,Bigdumpy,thaurissan,288,paladin,retribution,6,3,3
20834,Hypheríon,ragnaros,288,paladin,retribution,6,3,3
20835,Jestiny,amanthul,288,paladin,retribution,6,3,3
20836,Thortanous,icecrown,288,paladin,retribution,9,4,5
20837,Ivanko,dalaran,288,paladin,retribution,7,3,4
20838,Hermacles,stormrage,288,paladin,retribution,7,3,4
20839,Xanaxlol,sargeras,288,paladin,retribution,10,4,6
20840,Grindlimg,dalaran,288,paladin,retribution,12,3,9
20841,Reehzlol,stormrage,288,paladin,retribution,12,3,9
20842,Bubblebooty,drakthul,288,paladin,retribution,12,3,9
20843,Nik,the-underbog,288,paladin,retribution,12,3,9
20844,Tylnish,hyjal,288,paladin,retribution,12,3,9
20845,Kadabrak,area-52,288,paladin,retribution,12,3,9
20846,Divinedabs,stormrage,288,paladin,retribution,12,3,9
20847,Tarkovkappa,illidan,288,paladin,retribution,12,3,9
20848,Ucvnt,illidan,288,paladin,retribution,12,3,9
20849,Kuoch,shandris,288,paladin,retribution,12,3,9
20850,Corni,kiljaeden,288,paladin,retribution,12,3,9
20851,Eljosco,nordrassil,288,paladin,retribution,12,3,9
20852,Chetmorton,emerald-dream,288,paladin,retribution,12,3,9
20853,Ultrah,area-52,288,paladin,retribution,12,3,9
20854,Koltar,stormrage,288,paladin,retribution,12,3,9
20855,Varthinator,stormrage,288,paladin,retribution,12,3,9
20856,Asukaxt,illidan,288,paladin,retribution,12,3,9
20857,Bulbi,emerald-dream,288,paladin,retribution,12,3,9
20858,Dalden,trollbane,288,paladin,retribution,12,3,9
20859,Johnus,lightbringer,288,paladin,retribution,12,3,9
20860,Dragonbait,khadgar,288,paladin,retribution,12,3,9
20861,Kreigan,hellscream,288,paladin,retribution,12,3,9
20862,Vaaleria,dalaran,288,paladin,retribution,12,3,9
20863,Pallypòwer,garrosh,288,paladin,retribution,12,3,9
20864,Palâdin,zuljin,288,paladin,retribution,12,3,9
20865,Leronos,zuljin,288,paladin,retribution,12,3,9
20866,Elpal,thrall,288,paladin,retribution,12,3,9
20867,Smokeys,sargeras,288,paladin,retribution,12,3,9
20868,Dárkness,blades-edge,288,paladin,retribution,12,3,9
20869,Theodrei,darrowmere,288,paladin,retribution,12,3,9
20870,Cromsecrate,dalaran,288,paladin,retribution,12,3,9
20871,Quelite,sargeras,288,paladin,retribution,12,3,9
20872,Walkerbait,nazgrel,288,paladin,retribution,12,3,9
20873,Jontapally,stormrage,288,paladin,retribution,12,3,9
20874,Slania,area-52,288,paladin,retribution,12,3,9
20875,Marrike,moon-guard,288,paladin,retribution,12,3,9
20876,Spiritkeep,veknilash,288,paladin,retribution,12,3,9
20877,Tíron,dalaran,288,paladin,retribution,12,3,9
20878,Kentö,area-52,288,paladin,retribution,12,3,9
20879,Madworld,moon-guard,288,paladin,retribution,12,3,9
20880,Marthellus,quelthalas,288,paladin,retribution,12,3,9
20881,Chuizz,frostmourne,288,paladin,retribution,12,3,9
20882,Zaeris,proudmoore,288,paladin,retribution,12,3,9
20883,Aenwyl,quelthalas,288,paladin,retribution,12,3,9
20884,Donsagrado,quelthalas,288,paladin,retribution,12,3,9
20885,Rxxkiee,tichondrius,288,paladin,retribution,12,3,9
20886,Dävis,ragnaros,288,paladin,retribution,12,3,9
20887,Stealhearsp,tichondrius,288,paladin,retribution,12,3,9
20888,Gämä,azralon,288,paladin,retribution,12,3,9
20889,Brutaldeath,area-52,288,paladin,retribution,12,3,9
20890,Aduynn,tichondrius,288,paladin,retribution,12,3,9
20891,Sàber,tichondrius,288,paladin,retribution,12,3,9
20892,Jafbe,mugthol,288,paladin,retribution,12,3,9
20893,Tolleytrain,malganis,288,paladin,retribution,12,3,9
20894,Paladatrox,ragnaros,288,paladin,retribution,12,3,9
20895,Lue,boulderfist,288,paladin,retribution,12,3,9
20896,Uzbadkhazad,ragnaros,288,paladin,retribution,12,3,9
20897,Hahe,tichondrius,288,paladin,retribution,12,3,9
20898,Valdi,stonemaul,288,paladin,retribution,12,3,9
20899,Boopif,sargeras,288,paladin,retribution,12,3,9
20900,Wälly,garona,288,paladin,retribution,12,3,9
20901,Yeluh,malganis,288,paladin,retribution,12,3,9
20902,Hardclimacks,frostmourne,288,paladin,retribution,12,3,9
20903,Säv,tichondrius,288,paladin,retribution,12,3,9
20904,Fknnoath,frostmourne,288,paladin,retribution,12,3,9
20905,Dubliner,garona,288,paladin,retribution,12,3,9
20906,Bigplucker,kelthuzad,288,paladin,retribution,12,3,9
20907,Baconsock,kelthuzad,288,paladin,retribution,12,3,9
20908,Pepepally,area-52,288,paladin,retribution,18,3,15
20909,Fourchon,tichondrius,288,paladin,retribution,18,3,15
20910,Whangsta,tichondrius,288,paladin,retribution,24,3,21
20911,Matøs,stormrage,287,paladin,retribution,6,3,3
20912,Iralyn,frostmane,287,paladin,retribution,6,3,3
20913,Soyafed,mugthol,287,paladin,retribution,6,3,3
20914,Kapaw,windrunner,287,paladin,retribution,6,3,3
20915,Covidxlx,hakkar,287,paladin,retribution,6,3,3
20916,Dragollias,anvilmar,287,paladin,retribution,12,3,9
20917,Reathe,llane,287,paladin,retribution,12,3,9
20918,Laylee,anvilmar,287,paladin,retribution,12,3,9
20919,Slædgæhæmmær,bonechewer,287,paladin,retribution,12,3,9
20920,Cruz,silver-hand,286,paladin,retribution,12,3,9
20921,Hukah,darkspear,286,paladin,retribution,18,3,15
20922,Milkmi,frostmourne,271,paladin,retribution,11,3,8
20923,Gabrielú,lightninghoof,256,paladin,retribution,10,3,7
20924,Logaen,stormrage,256,paladin,retribution,16,3,13
20925,Gusset,tichondrius,255,paladin,retribution,8,4,4
20926,Lorgax,alterac-mountains,240,paladin,retribution,9,3,6
20927,Badmix,tichondrius,239,paladin,retribution,5,3,2
20928,Sôsaboy,tichondrius,239,paladin,retribution,5,3,2
20929,Palitard,tichondrius,234,paladin,retribution,7,5,2
20930,Swiftysh,ragnaros,234,paladin,retribution,9,4,5
20931,Stinkystan,korgath,234,paladin,retribution,10,4,6
20932,Wainkywink,malganis,234,paladin,retribution,15,4,11
20933,Draidan,area-52,224,paladin,retribution,10,3,7
20934,Livalil,chogall,224,paladin,retribution,16,3,13
20935,Argonis,shadowsong,223,paladin,retribution,8,3,5
20936,Waffulzz,moonrunner,223,paladin,retribution,8,3,5
20937,Wabukis,twisting-nether,223,paladin,retribution,8,3,5
20938,Ráky,quelthalas,223,paladin,retribution,14,3,11
20939,Keegân,area-52,192,paladin,retribution,4,3,1
20940,Zhspeilian,tichondrius,192,paladin,retribution,11,4,7
20941,Anonymvs,eredar,192,paladin,retribution,9,3,6
20942,Thõre,frostmourne,192,paladin,retribution,9,3,6
20943,Alyxandr,dalaran,192,paladin,retribution,6,2,4
20944,Eull,skullcrusher,192,paladin,retribution,6,2,4
20945,Smolbeef,tichondrius,192,paladin,retribution,6,2,4
20946,Passinpeace,tichondrius,192,paladin,retribution,6,2,4
20947,Arkcadius,frostmourne,192,paladin,retribution,6,2,4
20948,Quiznossubs,kelthuzad,192,paladin,retribution,6,2,4
20949,Varianpally,kelthuzad,192,paladin,retribution,6,2,4
20950,Yeshayah,dalaran,192,paladin,retribution,6,2,4
20951,Snuggymuffin,barthilas,192,paladin,retribution,6,2,4
20952,Bigdret,moon-guard,192,paladin,retribution,6,2,4
20953,Oxoslayeroxo,firetree,192,paladin,retribution,6,2,4
20954,Machoo,laughing-skull,192,paladin,retribution,6,2,4
20955,Schooiez,tichondrius,192,paladin,retribution,6,2,4
20956,Bubbleblast,elune,192,paladin,retribution,6,2,4
20957,Mereoleona,elune,192,paladin,retribution,6,2,4
20958,Bërzerk,zuluhed,192,paladin,retribution,6,2,4
20959,Nicerice,dalaran,192,paladin,retribution,6,2,4
20960,Crazymikey,bleeding-hollow,192,paladin,retribution,6,2,4
20961,Reepr,tichondrius,192,paladin,retribution,6,2,4
20962,Twatiegodx,malganis,192,paladin,retribution,6,2,4
20963,Alasper,malganis,192,paladin,retribution,6,2,4
20964,Paintpumper,malganis,192,paladin,retribution,6,2,4
20965,Calvary,stormscale,192,paladin,retribution,6,2,4
20966,Guanglong,malganis,192,paladin,retribution,6,2,4
20967,Ohsoclose,bleeding-hollow,192,paladin,retribution,6,2,4
20968,Killmode,kelthuzad,192,paladin,retribution,6,2,4
20969,Noscajj,tichondrius,192,paladin,retribution,6,2,4
20970,Morcant,drakkari,192,paladin,retribution,6,2,4
20971,Liht,khazgoroth,192,paladin,retribution,6,2,4
20972,Petunias,malganis,192,paladin,retribution,6,2,4
20973,Hyphenated,frostmourne,192,paladin,retribution,6,2,4
20974,Hinamattsuri,velen,192,paladin,retribution,6,2,4
20975,Loocille,frostmourne,192,paladin,retribution,6,2,4
20976,Felkor,caelestrasz,192,paladin,retribution,6,2,4
20977,Aleio,moon-guard,192,paladin,retribution,6,2,4
20978,Jazzmatic,dalaran,192,paladin,retribution,6,2,4
20979,Stainless,magtheridon,192,paladin,retribution,6,2,4
20980,Sinsy,moon-guard,192,paladin,retribution,6,2,4
20981,Whyurunning,area-52,192,paladin,retribution,6,2,4
20982,Stöny,illidan,192,paladin,retribution,6,2,4
20983,Alexese,area-52,192,paladin,retribution,6,2,4
20984,Retro,magtheridon,192,paladin,retribution,6,2,4
20985,Paladam,burning-blade,192,paladin,retribution,6,2,4
20986,Capedcrusade,area-52,192,paladin,retribution,6,2,4
20987,Crosjudge,zuljin,192,paladin,retribution,6,2,4
20988,Malakk,zuljin,192,paladin,retribution,6,2,4
20989,Freslys,zuljin,192,paladin,retribution,6,2,4
20990,Johnygoodboi,khazgoroth,192,paladin,retribution,6,2,4
20991,Psychlight,quelthalas,192,paladin,retribution,6,2,4
20992,Marcêl,quelthalas,192,paladin,retribution,6,2,4
20993,Izaacckk,hakkar,192,paladin,retribution,6,2,4
20994,Kigz,illidan,192,paladin,retribution,6,2,4
20995,Greatblade,barthilas,192,paladin,retribution,6,2,4
20996,Ordinary,greymane,192,paladin,retribution,6,2,4
20997,Alluxian,zuljin,192,paladin,retribution,6,2,4
20998,Palade,proudmoore,192,paladin,retribution,6,2,4
20999,Kanyewes,zuluhed,192,paladin,retribution,6,2,4
21000,Ugotburstt,arthas,192,paladin,retribution,6,2,4
21001,Ret,onyxia,192,paladin,retribution,6,2,4
21002,Sahbabii,baelgun,192,paladin,retribution,6,2,4
21003,Blackflare,undermine,192,paladin,retribution,6,2,4
21004,Kiloalpha,area-52,192,paladin,retribution,6,2,4
21005,Lilpally,frostmourne,192,paladin,retribution,6,2,4
21006,Blessinofsac,nagrand,192,paladin,retribution,6,2,4
21007,Oxycleän,doomhammer,192,paladin,retribution,6,2,4
21008,Hulc,ysera,192,paladin,retribution,6,2,4
21009,Rochet,kiljaeden,192,paladin,retribution,6,2,4
21010,Dithfeo,tichondrius,192,paladin,retribution,6,2,4
21011,Thejüdge,malfurion,192,paladin,retribution,6,2,4
21012,Alkon,quelthalas,192,paladin,retribution,6,2,4
21013,Verzuhazadon,tichondrius,192,paladin,retribution,6,2,4
21014,Hafra,zuljin,192,paladin,retribution,6,2,4
21015,Bageru,gnomeregan,192,paladin,retribution,6,2,4
21016,Desterro,quelthalas,192,paladin,retribution,6,2,4
21017,Alphönsë,quelthalas,192,paladin,retribution,6,2,4
21018,Virisanctii,stormrage,192,paladin,retribution,6,2,4
21019,Tufybighamer,malganis,192,paladin,retribution,6,2,4
21020,Supermetroid,vashj,192,paladin,retribution,6,2,4
21021,Rây,stormrage,192,paladin,retribution,6,2,4
21022,Buri,tichondrius,192,paladin,retribution,6,2,4
21023,Spyglas,quelthalas,192,paladin,retribution,6,2,4
21024,Prèèd,frostmourne,192,paladin,retribution,6,2,4
21025,Tomackin,quelthalas,192,paladin,retribution,6,2,4
21026,Enjoy,frostmourne,192,paladin,retribution,6,2,4
21027,Tìg,proudmoore,192,paladin,retribution,6,2,4
21028,Xoppo,tichondrius,192,paladin,retribution,6,2,4
21029,Majinpal,illidan,192,paladin,retribution,6,2,4
21030,Fairbairn,tichondrius,192,paladin,retribution,6,2,4
21031,Criskaruz,ragnaros,192,paladin,retribution,6,2,4
21032,Kêy,the-venture-co,192,paladin,retribution,6,2,4
21033,Madnhairy,zuljin,192,paladin,retribution,6,2,4
21034,Farvadin,illidan,192,paladin,retribution,6,2,4
21035,Ðuel,area-52,192,paladin,retribution,6,2,4
21036,Jaok,tichondrius,192,paladin,retribution,6,2,4
21037,Roundbutts,stormrage,192,paladin,retribution,6,2,4
21038,Repèntance,stormrage,192,paladin,retribution,6,2,4
21039,Holypumper,moon-guard,192,paladin,retribution,6,2,4
21040,Gîmply,proudmoore,192,paladin,retribution,6,2,4
21041,Spanx,blackwing-lair,192,paladin,retribution,6,2,4
21042,Felourian,malganis,192,paladin,retribution,6,2,4
21043,Dose,moon-guard,192,paladin,retribution,6,2,4
21044,Herbzilla,haomarush,192,paladin,retribution,6,2,4
21045,Killerspally,area-52,192,paladin,retribution,6,2,4
21046,Byonsay,zuljin,192,paladin,retribution,6,2,4
21047,Blargnarg,area-52,192,paladin,retribution,6,2,4
21048,Bullworm,ragnaros,192,paladin,retribution,6,2,4
21049,Durotar,ragnaros,192,paladin,retribution,6,2,4
21050,Angelscrÿ,stormrage,192,paladin,retribution,6,2,4
21051,Réalg,area-52,192,paladin,retribution,6,2,4
21052,Tôhru,ragnaros,192,paladin,retribution,6,2,4
21053,Siberios,stormrage,192,paladin,retribution,6,2,4
21054,Mazexd,illidan,192,paladin,retribution,6,2,4
21055,Diänë,ragnaros,192,paladin,retribution,6,2,4
21056,Cïelo,dragonmaw,192,paladin,retribution,6,2,4
21057,Toscadin,ragnaros,192,paladin,retribution,6,2,4
21058,Pelegroot,azralon,192,paladin,retribution,6,2,4
21059,Misease,illidan,192,paladin,retribution,6,2,4
21060,Voro,barthilas,192,paladin,retribution,6,2,4
21061,Shaqueefah,illidan,192,paladin,retribution,6,2,4
21062,Holypoizan,tichondrius,192,paladin,retribution,6,2,4
21063,Abivion,stormrage,192,paladin,retribution,6,2,4
21064,Haznthley,proudmoore,192,paladin,retribution,6,2,4
21065,Wards,thunderlord,192,paladin,retribution,6,2,4
21066,Ienhova,area-52,192,paladin,retribution,6,2,4
21067,Guelmin,azralon,192,paladin,retribution,6,2,4
21068,Crânkz,blackrock,192,paladin,retribution,6,2,4
21069,Crijr,ragnaros,192,paladin,retribution,6,2,4
21070,Adavinn,azjolnerub,192,paladin,retribution,6,2,4
21071,Armasexodus,barthilas,192,paladin,retribution,6,2,4
21072,Issac,tichondrius,192,paladin,retribution,6,2,4
21073,Ghatte,azralon,192,paladin,retribution,6,2,4
21074,Oniizuna,thrall,192,paladin,retribution,6,2,4
21075,Corthic,area-52,192,paladin,retribution,6,2,4
21076,Tacosmells,thunderlord,192,paladin,retribution,6,2,4
21077,Pearlx,ragnaros,192,paladin,retribution,6,2,4
21078,Ezekìël,tichondrius,192,paladin,retribution,6,2,4
21079,Thaidron,area-52,192,paladin,retribution,6,2,4
21080,Tyrack,ragnaros,192,paladin,retribution,6,2,4
21081,Forprophet,blackrock,192,paladin,retribution,6,2,4
21082,Svane,thunderlord,192,paladin,retribution,6,2,4
21083,Lunchboxz,nazjatar,192,paladin,retribution,6,2,4
21084,Rùckûs,tichondrius,192,paladin,retribution,6,2,4
21085,Pallypallyy,aerie-peak,192,paladin,retribution,6,2,4
21086,Släyèr,tichondrius,192,paladin,retribution,6,2,4
21087,Blastoise,drakkari,192,paladin,retribution,6,2,4
21088,Juanvaldez,muradin,192,paladin,retribution,6,2,4
21089,Narcolepso,azralon,192,paladin,retribution,6,2,4
21090,Quinnl,dreadmaul,192,paladin,retribution,6,2,4
21091,Rhoruk,turalyon,192,paladin,retribution,6,2,4
21092,Rightz,muradin,192,paladin,retribution,6,2,4
21093,Tmwesker,azralon,192,paladin,retribution,6,2,4
21094,Roity,proudmoore,192,paladin,retribution,6,2,4
21095,Inexcusable,wyrmrest-accord,192,paladin,retribution,6,2,4
21096,Xavorn,illidan,192,paladin,retribution,6,2,4
21097,Tyberas,wyrmrest-accord,192,paladin,retribution,6,2,4
21098,Überlin,whisperwind,192,paladin,retribution,6,2,4
21099,Vankaer,uldum,192,paladin,retribution,6,2,4
21100,Krabbiepatty,wyrmrest-accord,192,paladin,retribution,6,2,4
21101,Theodden,tichondrius,192,paladin,retribution,6,2,4
21102,Parkhwi,tichondrius,192,paladin,retribution,6,2,4
21103,Ramises,nemesis,192,paladin,retribution,6,2,4
21104,Avengzeus,tichondrius,192,paladin,retribution,6,2,4
21105,Piousgecko,illidan,192,paladin,retribution,6,2,4
21106,Mercuryx,tichondrius,192,paladin,retribution,6,2,4
21107,Zoeyxo,tichondrius,192,paladin,retribution,6,2,4
21108,Talions,illidan,192,paladin,retribution,6,2,4
21109,Whittia,wyrmrest-accord,192,paladin,retribution,6,2,4
21110,Jeddmaus,tichondrius,192,paladin,retribution,6,2,4
21111,Lxwd,tichondrius,192,paladin,retribution,6,2,4
21112,Taddedpally,tichondrius,192,paladin,retribution,6,2,4
21113,Brucitenjr,illidan,192,paladin,retribution,6,2,4
21114,Øexørcistta,nemesis,192,paladin,retribution,6,2,4
21115,Thisissus,tichondrius,192,paladin,retribution,6,2,4
21116,Pallylyfe,wyrmrest-accord,192,paladin,retribution,6,2,4
21117,Troyamat,nemesis,192,paladin,retribution,6,2,4
21118,Sigurd,khadgar,192,paladin,retribution,6,2,4
21119,Roél,tichondrius,192,paladin,retribution,6,2,4
21120,Pushabuton,illidan,192,paladin,retribution,6,2,4
21121,Gwff,tichondrius,192,paladin,retribution,6,2,4
21122,Outofholy,stormrage,192,paladin,retribution,6,2,4
21123,Bøzø,stormrage,192,paladin,retribution,6,2,4
21124,Rite,azralon,192,paladin,retribution,6,2,4
21125,Ratkiller,barthilas,192,paladin,retribution,6,2,4
21126,Lightkillerx,thrall,192,paladin,retribution,6,2,4
21127,Bøble,thrall,192,paladin,retribution,6,2,4
21128,Cyliex,illidan,192,paladin,retribution,6,2,4
21129,Juiicebox,darrowmere,192,paladin,retribution,6,2,4
21130,Shanehere,thrall,192,paladin,retribution,6,2,4
21131,Pállymán,proudmoore,192,paladin,retribution,6,2,4
21132,Exalter,malganis,192,paladin,retribution,6,2,4
21133,Dynastyhero,area-52,192,paladin,retribution,6,2,4
21134,Ríf,sargeras,192,paladin,retribution,6,2,4
21135,Chrisqwa,sargeras,192,paladin,retribution,6,2,4
21136,Astrøworld,sargeras,192,paladin,retribution,6,2,4
21137,Motrîn,sargeras,192,paladin,retribution,6,2,4
21138,Toto,sargeras,192,paladin,retribution,6,2,4
21139,Sac,sargeras,192,paladin,retribution,6,2,4
21140,Vengx,sargeras,192,paladin,retribution,6,2,4
21141,Airane,sargeras,192,paladin,retribution,6,2,4
21142,Brifos,sargeras,192,paladin,retribution,6,2,4
21143,Mynnorath,emerald-dream,192,paladin,retribution,6,2,4
21144,Carenye,thunderhorn,192,paladin,retribution,6,2,4
21145,Neydisa,sargeras,192,paladin,retribution,6,2,4
21146,Divineera,frostmourne,192,paladin,retribution,6,2,4
21147,Trê,sargeras,192,paladin,retribution,6,2,4
21148,Kegmight,emerald-dream,192,paladin,retribution,6,2,4
21149,Guacamello,emerald-dream,192,paladin,retribution,6,2,4
21150,Brand,emerald-dream,192,paladin,retribution,6,2,4
21151,Alexandros,the-underbog,192,paladin,retribution,6,2,4
21152,Moltensilver,emerald-dream,192,paladin,retribution,6,2,4
21153,Oynx,emerald-dream,192,paladin,retribution,6,2,4
21154,Strîkes,emerald-dream,192,paladin,retribution,6,2,4
21155,Roseheart,emerald-dream,192,paladin,retribution,6,2,4
21156,Solånar,bloodscalp,192,paladin,retribution,7,2,5
21157,Scyni,kelthuzad,192,paladin,retribution,7,2,5
21158,Murgly,tichondrius,192,paladin,retribution,8,2,6
21159,Takz,daggerspine,192,paladin,retribution,8,2,6
21160,Bebedor,azralon,192,paladin,retribution,9,2,7
21161,Azajudgeman,nemesis,192,paladin,retribution,9,2,7
21162,Dirtfunk,illidan,192,paladin,retribution,12,2,10
21163,Kief,emerald-dream,192,paladin,retribution,12,2,10
21164,Vantz,tichondrius,192,paladin,retribution,12,2,10
21165,Seltzer,tichondrius,192,paladin,retribution,12,2,10
21166,Holyshifts,exodar,192,paladin,retribution,12,2,10
21167,Rîf,malganis,192,paladin,retribution,12,2,10
21168,Anahl,icecrown,192,paladin,retribution,12,2,10
21169,Rayli,dalaran,192,paladin,retribution,12,2,10
21170,Arminhamer,sargeras,192,paladin,retribution,12,2,10
21171,Fazoéli,stormrage,192,paladin,retribution,12,2,10
21172,Dánteé,ragnaros,192,paladin,retribution,12,2,10
21173,Redyomi,drakkari,192,paladin,retribution,12,2,10
21174,Milfcrusader,tichondrius,192,paladin,retribution,12,2,10
21175,Bubzfordubz,sargeras,192,paladin,retribution,12,2,10
21176,Yawnday,farstriders,192,paladin,retribution,12,2,10
21177,Kaiyleigh,sargeras,192,paladin,retribution,12,2,10
21178,Clrty,area-52,192,paladin,retribution,12,2,10
21179,Crasíus,quelthalas,192,paladin,retribution,12,2,10
21180,Cronodxl,quelthalas,192,paladin,retribution,12,2,10
21181,Seratox,illidan,192,paladin,retribution,12,2,10
21182,Ghratadin,bleeding-hollow,192,paladin,retribution,12,2,10
21183,Lamer,proudmoore,192,paladin,retribution,12,2,10
21184,Cabacarl,quelthalas,192,paladin,retribution,12,2,10
21185,Trippierett,bloodscalp,192,paladin,retribution,12,2,10
21186,Goomie,icecrown,192,paladin,retribution,12,2,10
21187,Slithix,stormreaver,192,paladin,retribution,12,2,10
21188,Ricopal,frostmourne,192,paladin,retribution,12,2,10
21189,Sïncere,frostmourne,192,paladin,retribution,12,2,10
21190,Xuanxingchai,tichondrius,192,paladin,retribution,12,2,10
21191,Criixx,malganis,192,paladin,retribution,12,2,10
21192,Paladocka,stormrage,192,paladin,retribution,12,2,10
21193,Aetol,proudmoore,192,paladin,retribution,12,2,10
21194,Backfattammy,bleeding-hollow,192,paladin,retribution,12,2,10
21195,Runandhide,aerie-peak,192,paladin,retribution,18,2,16
21196,Dorisseline,emerald-dream,192,paladin,retribution,18,2,16
21197,Imnoracist,thrall,192,paladin,retribution,18,2,16
21198,Caitlyn,nazjatar,191,paladin,retribution,6,2,4
21199,Nejie,nazjatar,191,paladin,retribution,6,2,4
21200,Túss,khazgoroth,191,paladin,retribution,6,2,4
21201,Vegetå,malganis,180,paladin,retribution,31,6,25
21202,Thugmuffin,thrall,176,paladin,retribution,7,3,4
21203,Wokeinator,malganis,175,paladin,retribution,11,3,8
21204,Baalduru,borean-tundra,175,paladin,retribution,11,2,9
21205,Laysonus,moon-guard,169,paladin,retribution,11,4,7
21206,Bubbletop,tichondrius,169,paladin,retribution,11,4,7
21207,Gordonryan,bleeding-hollow,160,paladin,retribution,10,2,8
21208,Bringbackrmp,tichondrius,159,paladin,retribution,5,2,3
21209,Pallydeen,illidan,159,paladin,retribution,5,2,3
21210,Sorgeno,ursin,159,paladin,retribution,5,2,3
21211,Nalahra,moon-guard,159,paladin,retribution,5,2,3
21212,Prïmavera,azralon,159,paladin,retribution,5,2,3
21213,Zyllo,area-52,159,paladin,retribution,5,2,3
21214,Whoopsie,dragonmaw,159,paladin,retribution,5,2,3
21215,Holeesheett,tichondrius,144,paladin,retribution,9,2,7
21216,Ájummalukout,tichondrius,138,paladin,retribution,9,3,6
21217,Iæl,stormrage,138,paladin,retribution,10,3,7
21218,Åddict,kelthuzad,138,paladin,retribution,10,3,7
21219,Dathromir,stormrage,138,paladin,retribution,15,3,12
21220,Bubbleosèven,tichondrius,138,paladin,retribution,16,3,13
21221,Modafinil,bonechewer,138,paladin,retribution,20,3,17
21222,Kforty,kiljaeden,128,paladin,retribution,4,2,2
21223,Yemotis,emerald-dream,128,paladin,retribution,4,2,2
21224,Molodino,nemesis,128,paladin,retribution,4,2,2
21225,Mikwa,ragnaros,128,paladin,retribution,4,2,2
21226,Khileeha,sargeras,128,paladin,retribution,10,2,8
21227,Sofiora,thunderlord,128,paladin,retribution,10,2,8
21228,Celerios,stormreaver,127,paladin,retribution,8,2,6
21229,Utho,wyrmrest-accord,96,paladin,retribution,3,2,1
21230,Swordstrikes,tichondrius,96,paladin,retribution,3,2,1
21231,Dazak,ragnaros,96,paladin,retribution,3,2,1
21232,Gaismagorm,ragnaros,96,paladin,retribution,3,2,1
21233,Bruwdblood,bleeding-hollow,96,paladin,retribution,6,1,5
21234,Smudgexy,frostmourne,96,paladin,retribution,6,1,5
21235,Poeboyz,stormrage,96,paladin,retribution,6,1,5
21236,Dafoq,stormrage,96,paladin,retribution,6,1,5
21237,Càséy,zuljin,96,paladin,retribution,6,1,5
21238,Lowther,bleeding-hollow,96,paladin,retribution,6,1,5
21239,Holythanos,bleeding-hollow,96,paladin,retribution,6,1,5
21240,Pugnacity,stormrage,96,paladin,retribution,6,1,5
21241,Franchy,stormrage,96,paladin,retribution,6,1,5
21242,Actionman,bleeding-hollow,96,paladin,retribution,6,1,5
21243,Ownedcrazy,stormrage,96,paladin,retribution,6,1,5
21244,Orthín,stormrage,96,paladin,retribution,6,1,5
21245,Palajem,stormrage,96,paladin,retribution,6,1,5
21246,Holyclapzy,stormrage,96,paladin,retribution,6,1,5
21247,Beebopper,illidan,96,paladin,retribution,6,1,5
21248,Zwilliam,frostmourne,96,paladin,retribution,6,1,5
21249,Flashbubble,sargeras,96,paladin,retribution,6,1,5
21250,Gressilin,arthas,96,paladin,retribution,6,1,5
21251,Cyona,gallywix,96,paladin,retribution,6,1,5
21252,Ðeathguise,ysera,96,paladin,retribution,6,1,5
21253,Balloony,stormrage,96,paladin,retribution,6,1,5
21254,Goksuu,ragnaros,96,paladin,retribution,6,1,5
21255,Thumos,sargeras,96,paladin,retribution,6,1,5
21256,Smïthh,area-52,96,paladin,retribution,6,1,5
21257,Chuggawhugga,area-52,96,paladin,retribution,6,1,5
21258,Mindfoolness,sargeras,96,paladin,retribution,6,1,5
21259,Duecesz,area-52,96,paladin,retribution,6,1,5
21260,Tenethor,area-52,96,paladin,retribution,6,1,5
21261,Flashstark,area-52,96,paladin,retribution,6,1,5
21262,Lygophobia,frostmourne,96,paladin,retribution,6,1,5
21263,Chainjustice,area-52,96,paladin,retribution,6,1,5
21264,Thòrisòn,stormrage,96,paladin,retribution,6,1,5
21265,Justtrollin,black-dragonflight,96,paladin,retribution,6,1,5
21266,Shamashjoel,black-dragonflight,96,paladin,retribution,6,1,5
21267,Immunelf,azgalor,96,paladin,retribution,6,1,5
21268,Retx,arthas,96,paladin,retribution,6,1,5
21269,Kaidao,black-dragonflight,96,paladin,retribution,6,1,5
21270,Warhero,sargeras,96,paladin,retribution,6,1,5
21271,Erindor,emerald-dream,96,paladin,retribution,6,1,5
21272,Nytto,lightnings-blade,96,paladin,retribution,6,1,5
21273,Rodrigo,frostmourne,96,paladin,retribution,6,1,5
21274,Djset,blackhand,96,paladin,retribution,6,1,5
21275,Zulzander,kelthuzad,96,paladin,retribution,6,1,5
21276,Bojanglz,frostmourne,96,paladin,retribution,6,1,5
21277,Kaylafell,kelthuzad,96,paladin,retribution,6,1,5
21278,Ariolo,baelgun,96,paladin,retribution,6,1,5
21279,Aldwyn,deathwing,96,paladin,retribution,6,1,5
21280,Ryudoshël,nemesis,96,paladin,retribution,6,1,5
21281,Terppy,stormrage,96,paladin,retribution,6,1,5
21282,Mugann,malganis,96,paladin,retribution,6,1,5
21283,Shádøwy,nemesis,96,paladin,retribution,6,1,5
21284,Krulu,thrall,96,paladin,retribution,6,1,5
21285,Holyflopper,malganis,96,paladin,retribution,6,1,5
21286,Howlerhead,illidan,96,paladin,retribution,6,1,5
21287,Brynleigh,malganis,96,paladin,retribution,6,1,5
21288,Dûälïpä,barthilas,96,paladin,retribution,6,1,5
21289,Marcovk,quelthalas,96,paladin,retribution,6,1,5
21290,Giita,quelthalas,96,paladin,retribution,6,1,5
21291,Scarllye,illidan,96,paladin,retribution,6,1,5
21292,Fistopain,staghelm,96,paladin,retribution,6,1,5
21293,Scah,illidan,96,paladin,retribution,6,1,5
21294,Holyxsmokes,illidan,96,paladin,retribution,6,1,5
21295,Phelix,lightninghoof,96,paladin,retribution,6,1,5
21296,Coffeebean,quelthalas,96,paladin,retribution,6,1,5
21297,Skadooshh,illidan,96,paladin,retribution,6,1,5
21298,Partenna,quelthalas,96,paladin,retribution,6,1,5
21299,Paldan,illidan,96,paladin,retribution,6,1,5
21300,Kënsi,quelthalas,96,paladin,retribution,6,1,5
21301,Sunnix,illidan,96,paladin,retribution,6,1,5
21302,Rodt,dalaran,96,paladin,retribution,6,1,5
21303,Liongolden,azralon,96,paladin,retribution,6,1,5
21304,Wonas,ragnaros,96,paladin,retribution,6,1,5
21305,Retsarro,frostmourne,96,paladin,retribution,6,1,5
21306,Chapichapi,illidan,96,paladin,retribution,6,1,5
21307,Fatkidslag,sargeras,96,paladin,retribution,6,1,5
21308,Burom,kelthuzad,96,paladin,retribution,6,1,5
21309,Conámi,ragnaros,96,paladin,retribution,6,1,5
21310,Wilmâ,ragnaros,96,paladin,retribution,6,1,5
21311,Airndel,illidan,96,paladin,retribution,6,1,5
21312,Parts,aerie-peak,96,paladin,retribution,6,1,5
21313,Ssjgodvy,illidan,96,paladin,retribution,6,1,5
21314,Carloss,drakkari,96,paladin,retribution,6,1,5
21315,Luiiguii,drakkari,96,paladin,retribution,6,1,5
21316,Maeyz,sargeras,96,paladin,retribution,6,1,5
21317,Këys,earthen-ring,96,paladin,retribution,6,1,5
21318,Volphorix,illidan,96,paladin,retribution,6,1,5
21319,Därth,azralon,96,paladin,retribution,6,1,5
21320,Cots,azralon,96,paladin,retribution,6,1,5
21321,Narsys,tichondrius,96,paladin,retribution,6,1,5
21322,Boundric,emerald-dream,96,paladin,retribution,6,1,5
21323,Tradalia,illidan,96,paladin,retribution,6,1,5
21324,Acpally,tichondrius,96,paladin,retribution,6,1,5
21325,Urudith,azralon,96,paladin,retribution,6,1,5
21326,Slantee,illidan,96,paladin,retribution,6,1,5
21327,Aragonns,illidan,96,paladin,retribution,6,1,5
21328,Thechoseno,tichondrius,96,paladin,retribution,6,1,5
21329,Fpaladin,tichondrius,96,paladin,retribution,6,1,5
21330,Damndoi,tichondrius,96,paladin,retribution,6,1,5
21331,Judgémental,bleeding-hollow,96,paladin,retribution,6,1,5
21332,Sneakycastro,bleeding-hollow,96,paladin,retribution,6,1,5
21333,Astraelon,bleeding-hollow,96,paladin,retribution,6,1,5
21334,Minjikim,tichondrius,96,paladin,retribution,6,1,5
21335,Odos,zuljin,96,paladin,retribution,6,1,5
21336,Hasla,tichondrius,96,paladin,retribution,6,1,5
21337,Asellusarc,kelthuzad,96,paladin,retribution,6,1,5
21338,Adobro,tichondrius,96,paladin,retribution,6,1,5
21339,Fourwives,sargeras,96,paladin,retribution,6,1,5
21340,Gazef,proudmoore,96,paladin,retribution,6,1,5
21341,Retrib,tichondrius,96,paladin,retribution,6,1,5
21342,Bogùs,tichondrius,96,paladin,retribution,6,1,5
21343,Lòuisvuttion,tichondrius,96,paladin,retribution,6,1,5
21344,Gdesign,tichondrius,96,paladin,retribution,6,1,5
21345,Solambul,tichondrius,96,paladin,retribution,6,1,5
21346,Tehgodofdmg,tichondrius,96,paladin,retribution,6,1,5
21347,Yøu,tichondrius,96,paladin,retribution,6,1,5
21348,Rg,nerzhul,96,paladin,retribution,6,1,5
21349,Cupidxbye,tichondrius,96,paladin,retribution,6,1,5
21350,Tehbeasty,hyjal,96,paladin,retribution,6,1,5
21351,Ahrieze,moon-guard,96,paladin,retribution,6,1,5
21352,Valadinn,tichondrius,96,paladin,retribution,6,1,5
21353,Zealotry,tichondrius,96,paladin,retribution,6,1,5
21354,Matrium,kiljaeden,96,paladin,retribution,6,1,5
21355,Angusbeef,hyjal,96,paladin,retribution,6,1,5
21356,Scuffedhoj,tichondrius,96,paladin,retribution,6,1,5
21357,Jüstice,tichondrius,96,paladin,retribution,6,1,5
21358,Kamakazê,sargeras,96,paladin,retribution,6,1,5
21359,Alk,windrunner,96,paladin,retribution,6,1,5
21360,Homeboywill,hyjal,96,paladin,retribution,6,1,5
21361,Deviill,winterhoof,96,paladin,retribution,6,1,5
21362,Ashlïe,moon-guard,96,paladin,retribution,6,1,5
21363,Donoph,blades-edge,96,paladin,retribution,6,1,5
21364,Talahar,boulderfist,96,paladin,retribution,6,1,5
21365,Bosmoklikdat,moon-guard,96,paladin,retribution,6,1,5
21366,Bravsirrobin,firetree,96,paladin,retribution,6,1,5
21367,Xkillz,korgath,96,paladin,retribution,6,1,5
21368,Mentalíssues,moon-guard,96,paladin,retribution,6,1,5
21369,Momhips,bloodscalp,96,paladin,retribution,6,1,5
21370,Synnderilla,wyrmrest-accord,96,paladin,retribution,6,1,5
21371,Chakin,burning-legion,96,paladin,retribution,6,1,5
21372,Daelann,moon-guard,96,paladin,retribution,6,1,5
21373,Wantsome,frostmourne,96,paladin,retribution,7,1,6
21374,Lelythia,bleeding-hollow,96,paladin,retribution,7,1,6
21375,Kregar,kelthuzad,96,paladin,retribution,7,1,6
21376,Geykum,tichondrius,96,paladin,retribution,11,1,10
21377,Reinhardburm,quelthalas,96,paladin,retribution,12,1,11
21378,Yobnai,zuljin,96,paladin,retribution,12,1,11
21379,Oshia,destromath,96,paladin,retribution,12,1,11
21380,Hondacivicsi,mannoroth,96,paladin,retribution,12,1,11
21381,Hojpocketx,tichondrius,96,paladin,retribution,12,1,11
21382,Astralweed,quelthalas,96,paladin,retribution,12,1,11
21383,Lorenzojr,sargeras,96,paladin,retribution,12,1,11
21384,Shamo,stormreaver,96,paladin,retribution,12,1,11
21385,Firexfist,gurubashi,96,paladin,retribution,12,1,11
21386,Malisaa,tichondrius,96,paladin,retribution,12,1,11
21387,Séykän,ragnaros,96,paladin,retribution,12,1,11
21388,Catholica,tichondrius,96,paladin,retribution,12,1,11
21389,Æpaldin,tichondrius,96,paladin,retribution,12,1,11
21390,Theadona,runetotem,96,paladin,retribution,12,1,11
21391,Rimorse,illidan,96,paladin,retribution,12,1,11
21392,Roosterface,azjolnerub,96,paladin,retribution,12,1,11
21393,Whosyourdady,azjolnerub,96,paladin,retribution,12,1,11
21394,Hottest,wyrmrest-accord,84,paladin,retribution,13,5,8
21395,Torms,illidan,79,paladin,retribution,3,3,0
21396,Maverickxz,nemesis,79,paladin,retribution,5,1,4
21397,Bowdown,wildhammer,79,paladin,retribution,5,1,4
21398,Goldieg,tichondrius,79,paladin,retribution,5,1,4
21399,Ryxxi,sargeras,79,paladin,retribution,5,1,4
21400,Hivers,stormrage,79,paladin,retribution,11,1,10
21401,Belenor,quelthalas,63,paladin,retribution,2,2,0
21402,Dronedròp,illidan,63,paladin,retribution,2,2,0
21403,Piston,kiljaeden,63,paladin,retribution,2,2,0
21404,Fulgal,jubeithos,48,paladin,retribution,3,1,2
21405,Lawbandit,tichondrius,42,paladin,retribution,10,3,7
21406,Eljefee,emerald-dream,42,paladin,retribution,11,3,8
21407,Dabakle,stormrage,42,paladin,retribution,8,2,6
21408,Newwow,tichondrius,42,paladin,retribution,9,2,7
21409,Voncruz,proudmoore,42,paladin,retribution,12,2,10
21410,Patrious,moon-guard,31,paladin,retribution,2,1,1
21411,Trainstorm,emerald-dream,31,paladin,retribution,2,1,1
21412,Kletüs,quelthalas,16,paladin,retribution,1,1,0
21413,Bluether,sargeras,16,paladin,retribution,1,1,0
21414,Moistsaiyan,blood-furnace,15,paladin,retribution,1,1,0
21415,ßleider,quelthalas,1906,paladin,protection,55,39,16
21416,Ëlmaster,nemesis,1831,paladin,protection,126,80,46
21417,Kierolechita,ragnaros,1807,paladin,protection,118,63,55
21418,Degenratebri,moon-guard,1779,paladin,protection,47,35,12
21419,Motates,malganis,1766,paladin,protection,87,47,40
21420,Zhspeilian,tichondrius,1730,paladin,protection,84,47,37
21421,Sutadansa,doomhammer,1711,paladin,protection,104,51,53
21422,Uglyboyryan,sargeras,1674,paladin,protection,84,51,33
21423,Eclipsor,bleeding-hollow,1657,paladin,protection,48,30,18
21424,Vondonna,moon-guard,1655,paladin,protection,113,65,48
21425,Lxwd,tichondrius,1655,paladin,protection,113,56,57
21426,Aopidsfihjov,stormrage,1649,paladin,protection,48,34,14
21427,Sôlux,quelthalas,1638,paladin,protection,56,31,25
21428,Bighardshock,aggramar,1610,paladin,protection,30,18,12
21429,Höpönpöppö,frostmourne,1589,paladin,protection,36,17,19
21430,Zephyrvalor,sargeras,1580,paladin,protection,134,62,72
21431,Blackmiya,tichondrius,1570,paladin,protection,31,20,11
21432,Øziris,goldrinn,1567,paladin,protection,74,33,41
21433,Rehtua,bleeding-hollow,1557,paladin,protection,83,35,48
21434,Aeythyr,wyrmrest-accord,1495,paladin,protection,54,27,27
21435,Chozverialyz,ysondre,1494,paladin,protection,68,32,36
21436,Crâfty,bleeding-hollow,1485,paladin,protection,35,17,18
21437,Modafinil,bonechewer,1455,paladin,protection,111,53,58
21438,Wowmike,sargeras,1434,paladin,protection,60,28,32
21439,Íaan,drakkari,1433,paladin,protection,70,43,27
21440,Domocho,azgalor,1417,paladin,protection,42,22,20
21441,Arcilys,illidan,1398,paladin,protection,60,29,31
21442,Goldjade,khazgoroth,1366,paladin,protection,47,19,28
21443,Almeta,kelthuzad,1350,paladin,protection,36,18,18
21444,Stormvikingx,darkspear,1336,paladin,protection,24,14,10
21445,Khrome,cenarion-circle,1328,paladin,protection,134,44,90
21446,Jkethuhsnake,ghostlands,1306,paladin,protection,51,31,20
21447,Thorsmites,sargeras,1273,paladin,protection,48,18,30
21448,Rakasho,azralon,1263,paladin,protection,48,15,33
21449,Borrus,malygos,1240,paladin,protection,24,13,11
21450,Poorly,thorium-brotherhood,1210,paladin,protection,24,13,11
21451,Imthabromb,dragonblight,1206,paladin,protection,35,18,17
21452,Lelythia,bleeding-hollow,1161,paladin,protection,65,25,40
21453,Palahogx,sargeras,1150,paladin,protection,24,12,12
21454,Herimi,drakkari,1130,paladin,protection,35,12,23
21455,Gredo,queldorei,1070,paladin,protection,17,12,5
21456,Zakh,proudmoore,1053,paladin,protection,18,11,7
21457,Cusino,tichondrius,1052,paladin,protection,18,11,7
21458,Penitent,barthilas,1052,paladin,protection,18,11,7
21459,Ronor,thorium-brotherhood,1037,paladin,protection,24,11,13
21460,Bubblemark,tichondrius,959,paladin,protection,24,10,14
21461,Ndnpaly,bonechewer,953,paladin,protection,12,10,2
21462,Ratzon,dalaran,950,paladin,protection,18,10,8
21463,Aluvia,malygos,864,paladin,protection,12,9,3
21464,Negativeiq,moon-guard,798,paladin,protection,10,10,0
21465,Courageousz,dalaran,768,paladin,protection,18,8,10
21466,Crusâder,area-52,767,paladin,protection,24,8,16
21467,Kittié,proudmoore,760,paladin,protection,24,8,16
21468,Halnoth,dethecus,702,paladin,protection,11,8,3
21469,Valkaire,area-52,671,paladin,protection,12,7,5
21470,Dirkdigglerz,bleeding-hollow,670,paladin,protection,18,7,11
21471,Bullivan,sisters-of-elune,668,paladin,protection,18,7,11
21472,Whëëls,stormreaver,576,paladin,protection,12,6,6
21473,Sølis,alleria,576,paladin,protection,12,6,6
21474,Bt,quelthalas,575,paladin,protection,12,6,6
21475,Danthorin,malfurion,575,paladin,protection,24,6,18
21476,Dankerton,tichondrius,480,paladin,protection,6,5,1
21477,Kiehui,lightbringer,480,paladin,protection,12,5,7
21478,Lythos,dathremar,384,paladin,protection,6,4,2
21479,Zexion,azralon,384,paladin,protection,15,5,10
21480,Belmorlin,moon-guard,384,paladin,protection,12,4,8
21481,Gîmply,proudmoore,384,paladin,protection,12,4,8
21482,Isecretly,stormrage,335,paladin,protection,7,7,0
21483,Urfavxbf,baelgun,288,paladin,protection,13,3,10
21484,Saeranella,moon-guard,240,paladin,protection,9,3,6
21485,Blâckhârt,saurfang,234,paladin,protection,9,4,5
21486,Lewstelamon,korialstrasz,192,paladin,protection,6,2,4
21487,Hittit,thrall,192,paladin,protection,6,2,4
21488,Xinqingle,tichondrius,192,paladin,protection,6,2,4
21489,Consecrated,daggerspine,192,paladin,protection,12,2,10
21490,Zifre,ragnaros,192,paladin,protection,12,2,10
21491,Dwarvendude,sargeras,159,paladin,protection,11,2,9
21492,Holyknight,veknilash,96,paladin,protection,8,2,6
21493,Bullmarket,tichondrius,96,paladin,protection,6,1,5
21494,Holykura,thrall,96,paladin,protection,6,1,5
21495,Combidin,garrosh,96,paladin,protection,6,1,5
21496,Lasonil,zuljin,96,paladin,protection,6,1,5
21497,Yötönyö,sargeras,2082,priest,holy,114,57,57
21498,Priestlike,tichondrius,2010,priest,holy,127,68,59
21499,Dogbutt,burning-legion,1996,priest,holy,222,111,111
21500,Pickle,illidan,1954,priest,holy,74,42,32
21501,Fluent,emerald-dream,1948,priest,holy,186,90,96
21502,Tirrify,frostmourne,1899,priest,holy,54,29,25
21503,Cokeheals,kelthuzad,1897,priest,holy,42,26,16
21504,Fusira,gurubashi,1894,priest,holy,36,20,16
21505,Pianohouse,illidan,1893,priest,holy,54,29,25
21506,Haruspex,azralon,1876,priest,holy,64,34,30
21507,Jjmms,akama,1862,priest,holy,193,103,90
21508,Teslashield,bleeding-hollow,1856,priest,holy,54,25,29
21509,Ninbara,tichondrius,1851,priest,holy,102,49,53
21510,Lilyxo,bleeding-hollow,1845,priest,holy,72,36,36
21511,Peat,hyjal,1844,priest,holy,54,27,27
21512,Superduperr,illidan,1840,priest,holy,66,33,33
21513,Vandalia,shadowsong,1837,priest,holy,181,89,92
21514,Citrinesta,illidan,1835,priest,holy,197,121,76
21515,Saintjpii,tichondrius,1818,priest,holy,108,66,42
21516,Nickydamous,moon-guard,1817,priest,holy,66,38,28
21517,Mastuti,azralon,1817,priest,holy,59,27,32
21518,Onemission,whisperwind,1817,priest,holy,54,23,31
21519,Iniquitatem,tichondrius,1817,priest,holy,60,23,37
21520,Tromnasty,area-52,1816,priest,holy,90,53,37
21521,Whitetails,illidan,1816,priest,holy,54,31,23
21522,Onikûdaki,sargeras,1814,priest,holy,86,37,49
21523,Cinnalite,darkspear,1813,priest,holy,36,26,10
21524,Sweatynick,proudmoore,1813,priest,holy,227,109,118
21525,Scyner,bleeding-hollow,1811,priest,holy,152,87,65
21526,Dmgisop,illidan,1811,priest,holy,141,80,61
21527,Bloodlinex,malganis,1806,priest,holy,171,102,69
21528,Pipelayerx,illidan,1804,priest,holy,50,25,25
21529,Murkd,tichondrius,1804,priest,holy,145,68,77
21530,Tookiex,stormrage,1796,priest,holy,55,26,29
21531,Gerpe,stormrage,1789,priest,holy,183,101,82
21532,Rustymvp,nagrand,1787,priest,holy,50,24,26
21533,Turnipp,sargeras,1780,priest,holy,42,19,23
21534,Immthuggin,tichondrius,1780,priest,holy,102,43,59
21535,Zenelu,tichondrius,1775,priest,holy,329,162,167
21536,Santyel,ragnaros,1768,priest,holy,72,43,29
21537,Moonideli,moon-guard,1765,priest,holy,72,36,36
21538,Pancakeboi,tichondrius,1759,priest,holy,83,41,42
21539,Goodlife,frostmourne,1753,priest,holy,107,52,55
21540,Dreckie,sargeras,1751,priest,holy,119,58,61
21541,Lëønë,nemesis,1746,priest,holy,130,79,51
21542,Heavyflo,kelthuzad,1746,priest,holy,96,49,47
21543,Nanatoo,sargeras,1743,priest,holy,42,22,20
21544,Zazul,frostmane,1734,priest,holy,107,61,46
21545,Icychain,area-52,1726,priest,holy,35,19,16
21546,Hyouka,area-52,1723,priest,holy,223,114,109
21547,Cheekypriest,stormrage,1714,priest,holy,66,30,36
21548,Cryptron,tichondrius,1701,priest,holy,102,45,57
21549,Gill,proudmoore,1696,priest,holy,118,59,59
21550,Falsegodx,tichondrius,1689,priest,holy,96,50,46
21551,Geoffrred,illidan,1686,priest,holy,54,21,33
21552,Pws,azralon,1683,priest,holy,66,29,37
21553,Candohp,frostmourne,1682,priest,holy,42,22,20
21554,Dream,kelthuzad,1682,priest,holy,54,26,28
21555,Soloqqt,tichondrius,1675,priest,holy,42,24,18
21556,Gaudthree,tichondrius,1675,priest,holy,48,26,22
21557,Minipriest,sargeras,1673,priest,holy,42,20,22
21558,Óst,tichondrius,1673,priest,holy,42,18,24
21559,Wøo,area-52,1672,priest,holy,141,76,65
21560,Iluvthgnmicz,sargeras,1655,priest,holy,57,30,27
21561,Wankenobi,stormrage,1655,priest,holy,260,131,129
21562,Snowymooie,frostmourne,1643,priest,holy,48,22,26
21563,Bopang,emerald-dream,1638,priest,holy,59,27,32
21564,Cosmicyiff,area-52,1635,priest,holy,42,20,22
21565,Elbowbeans,tichondrius,1629,priest,holy,94,43,51
21566,Hardiness,tichondrius,1627,priest,holy,66,45,21
21567,Punkndrublic,sargeras,1625,priest,holy,165,83,82
21568,ßsimp,darrowmere,1623,priest,holy,59,24,35
21569,Washdp,frostmourne,1621,priest,holy,48,21,27
21570,Dypkillet,moon-guard,1612,priest,holy,144,69,75
21571,Leoshi,turalyon,1604,priest,holy,48,27,21
21572,Dylbags,frostmourne,1600,priest,holy,35,21,14
21573,Tarlex,illidan,1589,priest,holy,70,32,38
21574,Soaphia,kelthuzad,1571,priest,holy,124,64,60
21575,Sacrifer,moon-guard,1570,priest,holy,90,48,42
21576,ßeautiful,sargeras,1562,priest,holy,42,22,20
21577,Dgpriest,tichondrius,1559,priest,holy,42,19,23
21578,Krobs,bleeding-hollow,1559,priest,holy,48,20,28
21579,Cerebrill,bleeding-hollow,1557,priest,holy,45,22,23
21580,Dawnside,wyrmrest-accord,1547,priest,holy,406,229,177
21581,Avis,illidan,1539,priest,holy,110,54,56
21582,Heluupa,illidan,1538,priest,holy,113,71,42
21583,Nielbomb,tichondrius,1527,priest,holy,414,206,208
21584,Matthiass,thrall,1526,priest,holy,130,64,66
21585,Sukeena,malganis,1525,priest,holy,83,38,45
21586,Cardinalpéll,frostmourne,1520,priest,holy,41,23,18
21587,Archbishop,stormscale,1514,priest,holy,79,42,37
21588,Ducky,drakthul,1513,priest,holy,60,35,25
21589,Saetia,drenden,1513,priest,holy,69,40,29
21590,Boboxiao,illidan,1512,priest,holy,47,16,31
21591,Cutiepriest,gnomeregan,1511,priest,holy,96,57,39
21592,Bestgirlna,area-52,1509,priest,holy,30,16,14
21593,Strivedaily,proudmoore,1506,priest,holy,151,74,77
21594,Sooyáaa,illidan,1504,priest,holy,96,39,57
21595,Plebiss,burning-blade,1503,priest,holy,149,81,68
21596,Chervz,chogall,1503,priest,holy,42,18,24
21597,Tranquilty,tichondrius,1501,priest,holy,72,31,41
21598,Giveheadpats,moon-guard,1496,priest,holy,164,80,84
21599,Tazzi,chromaggus,1494,priest,holy,79,35,44
21600,Handsumheals,kiljaeden,1493,priest,holy,43,23,20
21601,Oyy,barthilas,1490,priest,holy,78,39,39
21602,Soleyxo,frostmourne,1489,priest,holy,54,31,23
21603,Chadopri,stormrage,1486,priest,holy,42,26,16
21604,Bubbles,drakthul,1485,priest,holy,364,179,185
21605,Xedus,mannoroth,1485,priest,holy,62,28,34
21606,Kostantina,kelthuzad,1484,priest,holy,42,18,24
21607,Tòxìç,stormrage,1480,priest,holy,175,93,82
21608,Goyimhealer,area-52,1476,priest,holy,53,23,30
21609,Pettypriest,dalaran,1474,priest,holy,179,86,93
21610,Symbolofhope,moon-guard,1474,priest,holy,45,20,25
21611,Stonemonkeyp,sargeras,1473,priest,holy,121,64,57
21612,Illyasviel,terenas,1472,priest,holy,103,41,62
21613,Ayanamil,tichondrius,1460,priest,holy,79,57,22
21614,Vampiric,laughing-skull,1457,priest,holy,62,35,27
21615,Griddly,alterac-mountains,1445,priest,holy,55,17,38
21616,Arçhángël,moon-guard,1442,priest,holy,48,27,21
21617,Artiannaa,bleeding-hollow,1436,priest,holy,63,39,24
21618,Necroplasma,area-52,1433,priest,holy,55,31,24
21619,Mizzbehavn,tichondrius,1430,priest,holy,44,24,20
21620,Pesca,proudmoore,1429,priest,holy,36,15,21
21621,Edmen,stormrage,1428,priest,holy,84,40,44
21622,Cantheel,stormrage,1428,priest,holy,84,39,45
21623,Wrinkletink,whisperwind,1426,priest,holy,49,24,25
21624,Duhàst,sargeras,1419,priest,holy,42,22,20
21625,Gosilly,tichondrius,1417,priest,holy,24,15,9
21626,Applepieyum,illidan,1417,priest,holy,60,23,37
21627,Anguishment,stormrage,1416,priest,holy,153,73,80
21628,Wisdumos,frostmourne,1410,priest,holy,36,15,21
21629,Kovaxx,frostmourne,1407,priest,holy,156,74,82
21630,Fyne,kelthuzad,1403,priest,holy,87,35,52
21631,Reverenced,stormrage,1401,priest,holy,84,48,36
21632,Sacredforce,sargeras,1400,priest,holy,66,21,45
21633,Holyb,tichondrius,1395,priest,holy,53,29,24
21634,Merellia,moon-guard,1395,priest,holy,72,37,35
21635,Owlchubz,mannoroth,1395,priest,holy,109,49,60
21636,Aisperwind,shadowsong,1391,priest,holy,42,20,22
21637,Soapfan,kelthuzad,1387,priest,holy,195,94,101
21638,Akaneo,tichondrius,1380,priest,holy,36,18,18
21639,Rolence,tichondrius,1378,priest,holy,44,22,22
21640,Mkenze,moon-guard,1378,priest,holy,114,53,61
21641,Xenatic,emerald-dream,1375,priest,holy,36,18,18
21642,Pottime,tichondrius,1375,priest,holy,48,23,25
21643,Methodist,proudmoore,1374,priest,holy,78,28,50
21644,Cruxave,aegwynn,1366,priest,holy,46,23,23
21645,Sabene,greymane,1364,priest,holy,91,44,47
21646,Heist,kelthuzad,1353,priest,holy,26,16,10
21647,Quartzolio,azralon,1353,priest,holy,59,35,24
21648,Rihen,tichondrius,1353,priest,holy,293,139,154
21649,Etain,bloodscalp,1351,priest,holy,41,21,20
21650,Shaldra,bleeding-hollow,1348,priest,holy,109,64,45
21651,Phearix,zuljin,1348,priest,holy,42,19,23
21652,Esvary,quelthalas,1347,priest,holy,110,59,51
21653,Holyshytt,tichondrius,1346,priest,holy,55,30,25
21654,Sappes,area-52,1346,priest,holy,54,27,27
21655,Dioecesis,moon-guard,1345,priest,holy,83,30,53
21656,Eccentricx,sargeras,1342,priest,holy,24,14,10
21657,Alathea,elune,1337,priest,holy,30,14,16
21658,Ænußís,stormrage,1335,priest,holy,84,46,38
21659,Preacherr,bonechewer,1334,priest,holy,30,17,13
21660,Spriest,kul-tiras,1332,priest,holy,74,41,33
21661,Trufumthunzi,illidan,1330,priest,holy,26,17,9
21662,Healztonic,dalaran,1323,priest,holy,85,38,47
21663,Discospider,sargeras,1316,priest,holy,31,16,15
21664,Operandi,sargeras,1315,priest,holy,29,16,13
21665,Holynug,stormrage,1314,priest,holy,24,14,10
21666,Lexiié,area-52,1312,priest,holy,55,33,22
21667,Gracarix,frostmourne,1309,priest,holy,24,15,9
21668,Mercý,zuljin,1309,priest,holy,60,34,26
21669,Ksâh,bleeding-hollow,1309,priest,holy,36,17,19
21670,Animè,zuluhed,1305,priest,holy,89,52,37
21671,Xinferesia,sargeras,1305,priest,holy,61,25,36
21672,Xrafa,azralon,1301,priest,holy,84,38,46
21673,Maddrox,sargeras,1297,priest,holy,24,14,10
21674,Chemod,quelthalas,1278,priest,holy,35,17,18
21675,Djdazzle,kargath,1278,priest,holy,29,14,15
21676,Duskherald,zuljin,1274,priest,holy,96,45,51
21677,Freshtodeath,malganis,1269,priest,holy,42,23,19
21678,Raskreia,dragonmaw,1268,priest,holy,30,14,16
21679,Threesclass,tichondrius,1262,priest,holy,29,14,15
21680,Anemonie,gorefiend,1258,priest,holy,84,38,46
21681,Junatoh,area-52,1253,priest,holy,49,27,22
21682,Galadrael,quelthalas,1252,priest,holy,35,16,19
21683,Zallstan,zuljin,1249,priest,holy,30,15,15
21684,Bjorke,tichondrius,1247,priest,holy,30,13,17
21685,Tegridyfarm,malganis,1246,priest,holy,28,15,13
21686,Holiermilk,demon-soul,1243,priest,holy,213,95,118
21687,Packet,zuluhed,1241,priest,holy,18,13,5
21688,Fanseband,dalaran,1240,priest,holy,41,22,19
21689,Joeschmoe,proudmoore,1235,priest,holy,24,13,11
21690,Healgirls,dalaran,1230,priest,holy,59,28,31
21691,Nowwow,tichondrius,1230,priest,holy,30,14,16
21692,Aiwa,winterhoof,1229,priest,holy,18,13,5
21693,Littlebat,proudmoore,1226,priest,holy,76,39,37
21694,Zerolimitzz,arthas,1225,priest,holy,48,22,26
21695,Cléah,sargeras,1218,priest,holy,107,49,58
21696,Leggoscams,tichondrius,1217,priest,holy,28,14,14
21697,Firewatcher,sisters-of-elune,1214,priest,holy,30,17,13
21698,Akainuu,nazjatar,1207,priest,holy,55,22,33
21699,Dóctóre,thrall,1205,priest,holy,61,24,37
21700,Stayhealed,tichondrius,1201,priest,holy,45,22,23
21701,Vernis,nazjatar,1200,priest,holy,36,15,21
21702,Dagaen,thunderlord,1199,priest,holy,209,104,105
21703,Pílí,drakkari,1198,priest,holy,60,28,32
21704,Ranøth,deathwing,1197,priest,holy,53,24,29
21705,Valkur,aegwynn,1194,priest,holy,90,39,51
21706,Theophobe,illidan,1190,priest,holy,85,45,40
21707,Dolandir,quelthalas,1181,priest,holy,30,18,12
21708,Kälashnikova,ragnaros,1180,priest,holy,104,51,53
21709,Flemyth,eitrigg,1180,priest,holy,40,16,24
21710,Tytusx,stormrage,1176,priest,holy,26,13,13
21711,Haushauha,azralon,1164,priest,holy,48,23,25
21712,Celinsa,ragnaros,1163,priest,holy,30,14,16
21713,Daisie,bleeding-hollow,1159,priest,holy,42,20,22
21714,Etros,wyrmrest-accord,1156,priest,holy,90,38,52
21715,Milkgulper,illidan,1152,priest,holy,24,12,12
21716,Leonihpriest,nemesis,1151,priest,holy,30,12,18
21717,Trompiscola,quelthalas,1151,priest,holy,30,12,18
21718,Ukizeal,moknathal,1151,priest,holy,42,15,27
21719,Endure,moon-guard,1149,priest,holy,24,12,12
21720,Padrecarras,ragnaros,1146,priest,holy,24,12,12
21721,Maiyennefer,proudmoore,1146,priest,holy,34,13,21
21722,Selket,stormscale,1145,priest,holy,96,42,54
21723,Priestlie,malganis,1141,priest,holy,24,12,12
21724,Meiev,quelthalas,1139,priest,holy,24,12,12
21725,Carray,goldrinn,1138,priest,holy,43,14,29
21726,Kasiry,ragnaros,1137,priest,holy,90,37,53
21727,Tianqing,tichondrius,1126,priest,holy,34,12,22
21728,Benjamints,thrall,1124,priest,holy,24,12,12
21729,Dactylion,moon-guard,1119,priest,holy,24,12,12
21730,Æsir,skullcrusher,1119,priest,holy,30,12,18
21731,Niná,arathor,1114,priest,holy,20,13,7
21732,Zojhira,khazgoroth,1114,priest,holy,66,32,34
21733,Kytiana,blackwing-lair,1088,priest,holy,548,266,282
21734,Atlana,gilneas,1086,priest,holy,18,12,6
21735,Floppytatas,illidan,1085,priest,holy,123,58,65
21736,Veltaxis,moon-guard,1084,priest,holy,110,45,65
21737,Suzzanna,frostmourne,1082,priest,holy,23,13,10
21738,Sôlîånia,alterac-mountains,1081,priest,holy,39,27,12
21739,Deathrina,moon-guard,1079,priest,holy,27,13,14
21740,Fayth,maiev,1070,priest,holy,29,15,14
21741,Mavuiss,barthilas,1069,priest,holy,25,12,13
21742,Beckzz,illidan,1063,priest,holy,24,15,9
21743,Meatboxmoldy,blood-furnace,1056,priest,holy,20,15,5
21744,Pesian,dalaran,1055,priest,holy,22,12,10
21745,Kernelious,illidan,1055,priest,holy,24,11,13
21746,Doob,ghostlands,1050,priest,holy,18,11,7
21747,Dotdotdead,earthen-ring,1049,priest,holy,18,11,7
21748,Hypepriest,sargeras,1049,priest,holy,18,11,7
21749,Yinaiteen,drakkari,1049,priest,holy,52,30,22
21750,Soulhealer,shadowmoon,1048,priest,holy,24,13,11
21751,Berzum,chogall,1048,priest,holy,24,11,13
21752,Swrvlol,emerald-dream,1045,priest,holy,18,11,7
21753,Dylirium,dathremar,1044,priest,holy,18,11,7
21754,Droneboy,moon-guard,1037,priest,holy,24,11,13
21755,Karenpigbear,area-52,1037,priest,holy,120,41,79
21756,Sanaconda,sargeras,1035,priest,holy,30,11,19
21757,Seråphim,sargeras,1021,priest,holy,54,31,23
21758,Dreäveler,stormrage,1007,priest,holy,21,11,10
21759,Souljourner,stormrage,996,priest,holy,48,22,26
21760,Sybenela,proudmoore,994,priest,holy,61,28,33
21761,Priesttess,skullcrusher,981,priest,holy,23,11,12
21762,Ragekiller,lothar,968,priest,holy,48,23,25
21763,Oxynor,zuljin,960,priest,holy,18,10,8
21764,Jameswarren,silvermoon,959,priest,holy,11,11,0
21765,Pèrona,tichondrius,959,priest,holy,24,10,14
21766,Trickyhobo,area-52,958,priest,holy,12,10,2
21767,Iaptop,tichondrius,958,priest,holy,18,10,8
21768,Folate,frostmourne,957,priest,holy,18,10,8
21769,Musashibo,kelthuzad,957,priest,holy,33,11,22
21770,Bugshott,tichondrius,956,priest,holy,32,10,22
21771,Noobepriest,thrall,955,priest,holy,18,10,8
21772,Adrenalinn,illidan,955,priest,holy,18,10,8
21773,Whitepigogo,tichondrius,955,priest,holy,24,10,14
21774,Cappoo,tichondrius,955,priest,holy,36,10,26
21775,Delthas,nagrand,952,priest,holy,124,60,64
21776,Dovoso,kargath,951,priest,holy,26,10,16
21777,Hycinamun,malganis,949,priest,holy,24,10,14
21778,Novous,area-52,944,priest,holy,30,10,20
21779,Kazehanaa,ragnaros,942,priest,holy,18,10,8
21780,Fäctor,bleeding-hollow,941,priest,holy,26,12,14
21781,Holyfizzle,dethecus,936,priest,holy,30,14,16
21782,Taylorsmites,emerald-dream,931,priest,holy,42,18,24
21783,Eredwarraim,akama,930,priest,holy,36,13,23
21784,Jol,aggramar,928,priest,holy,24,10,14
21785,Dipanddøts,area-52,926,priest,holy,17,10,7
21786,Artemix,azralon,903,priest,holy,119,48,71
21787,Edessa,lothar,903,priest,holy,35,10,25
21788,Vìxèn,zuljin,877,priest,holy,31,10,21
21789,Moosepriestx,sargeras,864,priest,holy,18,9,9
21790,Rustymvpfan,nagrand,864,priest,holy,18,9,9
21791,Rootandboot,frostmourne,864,priest,holy,24,9,15
21792,Holyxb,bleeding-hollow,863,priest,holy,18,9,9
21793,Lickless,illidan,863,priest,holy,18,9,9
21794,Glöws,area-52,863,priest,holy,24,9,15
21795,Çummiñs,malganis,862,priest,holy,18,9,9
21796,Kaelthos,quelthalas,862,priest,holy,18,9,9
21797,Padreamarol,ragnaros,859,priest,holy,18,9,9
21798,Sondrak,doomhammer,846,priest,holy,41,16,25
21799,Alicia,nazjatar,844,priest,holy,12,9,3
21800,Psïren,quelthalas,831,priest,holy,28,9,19
21801,Ascian,daggerspine,809,priest,holy,18,10,8
21802,Híkarí,windrunner,796,priest,holy,14,9,5
21803,Gbumy,tichondrius,784,priest,holy,13,9,4
21804,Turnip,zuljin,768,priest,holy,12,8,4
21805,Tookz,stormrage,768,priest,holy,12,8,4
21806,Fotmtrash,the-underbog,768,priest,holy,12,8,4
21807,Voidzx,tichondrius,768,priest,holy,18,8,10
21808,Garbagedisc,scilla,768,priest,holy,24,8,16
21809,Khalesî,ragnaros,767,priest,holy,12,8,4
21810,Hynzor,barthilas,767,priest,holy,30,8,22
21811,Lilyanná,tichondrius,766,priest,holy,12,8,4
21812,Ofmanyfaces,illidan,766,priest,holy,12,8,4
21813,Prayzar,illidan,766,priest,holy,12,8,4
21814,Zeroo,maiev,765,priest,holy,12,8,4
21815,Manatea,moon-guard,765,priest,holy,18,8,10
21816,Zolpidem,quelthalas,765,priest,holy,18,8,10
21817,Lenlune,bloodscalp,763,priest,holy,18,8,10
21818,Hälø,moon-guard,762,priest,holy,12,8,4
21819,Celani,gilneas,762,priest,holy,18,8,10
21820,Bienhechora,quelthalas,760,priest,holy,12,8,4
21821,Mêgumin,area-52,759,priest,holy,12,8,4
21822,Ishtana,bleeding-hollow,734,priest,holy,14,9,5
21823,Fäñcÿ,tichondrius,734,priest,holy,17,8,9
21824,Rylance,burning-blade,720,priest,holy,21,8,13
21825,Bigmommyxo,whisperwind,718,priest,holy,21,9,12
21826,Msdash,tichondrius,717,priest,holy,15,8,7
21827,Saintfulsins,sargeras,716,priest,holy,15,8,7
21828,Jaytee,aggramar,703,priest,holy,14,9,5
21829,Teheleopapi,quelthalas,703,priest,holy,45,9,36
21830,Voidthulhu,stormrage,672,priest,holy,12,7,5
21831,Iilmama,area-52,672,priest,holy,12,7,5
21832,Canibumsmoke,illidan,672,priest,holy,12,7,5
21833,Pevis,thrall,672,priest,holy,12,7,5
21834,Yyuan,tichondrius,672,priest,holy,12,7,5
21835,Nwok,frostmourne,672,priest,holy,12,7,5
21836,Clarifytwo,arathor,672,priest,holy,12,7,5
21837,Beliana,boulderfist,672,priest,holy,16,8,8
21838,Tylexus,tichondrius,672,priest,holy,18,7,11
21839,Sorrowful,mannoroth,672,priest,holy,18,7,11
21840,Jüdaspriest,gorefiend,672,priest,holy,18,7,11
21841,Lagemela,quelthalas,672,priest,holy,24,7,17
21842,Drelia,jubeithos,672,priest,holy,24,7,17
21843,Jordandoesnt,tichondrius,671,priest,holy,12,7,5
21844,Helgar,frostmourne,671,priest,holy,12,7,5
21845,Suppòrt,stormrage,671,priest,holy,12,7,5
21846,Xoraya,proudmoore,671,priest,holy,12,7,5
21847,Akö,jubeithos,671,priest,holy,12,7,5
21848,Chaynal,proudmoore,671,priest,holy,12,7,5
21849,Deidre,illidan,671,priest,holy,16,8,8
21850,Braevera,wyrmrest-accord,671,priest,holy,18,7,11
21851,Arena,lothar,669,priest,holy,12,7,5
21852,Uzakichan,arygos,669,priest,holy,24,7,17
21853,Klassa,thrall,668,priest,holy,17,8,9
21854,Kisstina,tichondrius,667,priest,holy,24,7,17
21855,Stennic,emerald-dream,645,priest,holy,19,9,10
21856,Releknosleep,frostwolf,634,priest,holy,17,7,10
21857,Blackprez,dathremar,613,priest,holy,17,7,10
21858,Punishing,illidan,606,priest,holy,16,7,9
21859,Papadarkness,tichondrius,603,priest,holy,14,7,7
21860,Pikachuwu,moon-guard,586,priest,holy,11,7,4
21861,Hpcando,frostmourne,576,priest,holy,6,6,0
21862,Hysteria,dalaran,576,priest,holy,12,6,6
21863,Sìnz,area-52,576,priest,holy,12,6,6
21864,Îcarus,tichondrius,576,priest,holy,12,6,6
21865,Skylust,azralon,576,priest,holy,12,6,6
21866,Marïmba,azralon,576,priest,holy,12,6,6
21867,Praggy,proudmoore,576,priest,holy,12,6,6
21868,Dadcantdeath,frostmourne,576,priest,holy,12,6,6
21869,Hamburgle,blackrock,576,priest,holy,12,6,6
21870,Bootleg,crushridge,576,priest,holy,12,6,6
21871,Sigx,area-52,576,priest,holy,12,6,6
21872,Jezebëll,nemesis,576,priest,holy,12,6,6
21873,Didntâsk,arthas,576,priest,holy,12,6,6
21874,Shockterror,area-52,576,priest,holy,12,6,6
21875,Becrixx,thunderlord,576,priest,holy,12,6,6
21876,Xhirra,quelthalas,576,priest,holy,18,6,12
21877,Suirr,tichondrius,576,priest,holy,18,6,12
21878,Mattkoster,mannoroth,575,priest,holy,12,6,6
21879,Meowforheals,sargeras,575,priest,holy,12,6,6
21880,Bismund,chogall,575,priest,holy,12,6,6
21881,Darkheals,azralon,575,priest,holy,12,6,6
21882,Därkness,azralon,575,priest,holy,18,6,12
21883,Kephrek,eonar,575,priest,holy,18,6,12
21884,Giusep,tichondrius,575,priest,holy,18,6,12
21885,Sêtsunà,dalaran,575,priest,holy,36,6,30
21886,Veni,kiljaeden,574,priest,holy,18,6,12
21887,Aldryth,lightbringer,571,priest,holy,12,6,6
21888,Altara,malygos,569,priest,holy,12,6,6
21889,Zual,hakkar,569,priest,holy,12,6,6
21890,Satíva,dark-iron,543,priest,holy,11,6,5
21891,Xanky,frostmourne,511,priest,holy,10,6,4
21892,Jâmïè,gurubashi,511,priest,holy,11,6,5
21893,Illooj,eonar,510,priest,holy,19,7,12
21894,Huxleypoo,boulderfist,480,priest,holy,6,5,1
21895,Runalor,zuljin,480,priest,holy,6,5,1
21896,Thisistragic,frostmourne,480,priest,holy,6,5,1
21897,Soulghast,gorefiend,480,priest,holy,6,5,1
21898,Timbobaloo,thrall,480,priest,holy,12,5,7
21899,Secrèt,tichondrius,480,priest,holy,12,5,7
21900,Xeras,ravencrest,480,priest,holy,12,5,7
21901,Blackoss,sargeras,480,priest,holy,12,5,7
21902,Snookp,kiljaeden,480,priest,holy,12,5,7
21903,Rysie,winterhoof,480,priest,holy,12,5,7
21904,Maelei,ragnaros,480,priest,holy,12,5,7
21905,Selidri,proudmoore,480,priest,holy,12,5,7
21906,Írithyll,sargeras,480,priest,holy,12,5,7
21907,Steve,drakthul,480,priest,holy,12,5,7
21908,Holyharlot,sargeras,480,priest,holy,18,5,13
21909,Kaelsgf,kaelthas,480,priest,holy,18,5,13
21910,Lieuwe,kelthuzad,479,priest,holy,6,5,1
21911,Miganmarkle,sargeras,479,priest,holy,12,5,7
21912,Adjectives,nerzhul,479,priest,holy,12,5,7
21913,Arterrmis,barthilas,479,priest,holy,12,5,7
21914,Unni,azralon,479,priest,holy,18,5,13
21915,Amunsu,stormrage,475,priest,holy,12,5,7
21916,Smellybox,area-52,463,priest,holy,13,6,7
21917,Shadowchárm,bleeding-hollow,447,priest,holy,11,5,6
21918,Yav,exodar,384,priest,holy,6,4,2
21919,Amayå,kelthuzad,384,priest,holy,6,4,2
21920,Calissy,proudmoore,384,priest,holy,6,4,2
21921,Chanyt,azralon,384,priest,holy,6,4,2
21922,Xusin,tichondrius,384,priest,holy,6,4,2
21923,Jiñx,destromath,384,priest,holy,6,4,2
21924,Bunnykinz,moon-guard,384,priest,holy,6,4,2
21925,Schátten,spirestone,384,priest,holy,6,4,2
21926,Dankpope,malganis,384,priest,holy,6,4,2
21927,Patchyemoly,frostmourne,384,priest,holy,6,4,2
21928,Priestybear,illidan,384,priest,holy,6,4,2
21929,Mellow,tichondrius,384,priest,holy,12,4,8
21930,Sätîvá,tichondrius,384,priest,holy,12,4,8
21931,Darknuzs,sargeras,384,priest,holy,12,4,8
21932,Bofin,stormrage,384,priest,holy,12,4,8
21933,Clarify,arathor,384,priest,holy,12,4,8
21934,Döyöuliftbro,tichondrius,384,priest,holy,12,4,8
21935,Yumä,kiljaeden,384,priest,holy,12,4,8
21936,Hoglet,moon-guard,384,priest,holy,12,4,8
21937,Carti,bleeding-hollow,384,priest,holy,12,4,8
21938,Frozencherry,elune,384,priest,holy,12,4,8
21939,Hazzang,tichondrius,384,priest,holy,12,4,8
21940,Aeøns,sargeras,384,priest,holy,18,4,14
21941,Chambler,aegwynn,384,priest,holy,18,4,14
21942,Pavle,laughing-skull,384,priest,holy,19,4,15
21943,Dyianah,wyrmrest-accord,383,priest,holy,12,4,8
21944,Healia,tichondrius,383,priest,holy,12,4,8
21945,Messra,dathremar,381,priest,holy,18,4,14
21946,Conno,thunderlord,379,priest,holy,12,4,8
21947,Hatxsu,emerald-dream,372,priest,holy,22,8,14
21948,Stradey,tichondrius,367,priest,holy,11,4,7
21949,Sharkda,frostmourne,350,priest,holy,17,4,13
21950,Santamuerte,agamaggan,336,priest,holy,15,4,11
21951,Yidra,illidan,335,priest,holy,11,4,7
21952,Qtasiangirl,emerald-dream,330,priest,holy,21,5,16
21953,Boogiedo,area-52,319,priest,holy,5,4,1
21954,Kabutta,stormrage,318,priest,holy,14,4,10
21955,Whehaw,kelthuzad,288,priest,holy,6,3,3
21956,Mëïsoön,quelthalas,288,priest,holy,6,3,3
21957,Vynlanesh,illidan,288,priest,holy,6,3,3
21958,Grindr,ragnaros,288,priest,holy,6,3,3
21959,Lullabya,tichondrius,288,priest,holy,6,3,3
21960,Orderic,ragnaros,288,priest,holy,6,3,3
21961,Ärchangél,tichondrius,288,priest,holy,6,3,3
21962,Ñÿx,arthas,288,priest,holy,6,3,3
21963,Calvisper,thunderlord,288,priest,holy,6,3,3
21964,Charbosan,gorgonnash,288,priest,holy,6,3,3
21965,Estaria,the-forgotten-coast,288,priest,holy,6,3,3
21966,Tseirpyeroc,area-52,288,priest,holy,6,3,3
21967,Greet,hyjal,288,priest,holy,6,3,3
21968,Dividëd,stormrage,288,priest,holy,6,3,3
21969,Smiteyducks,stormrage,288,priest,holy,6,3,3
21970,Trying,ysera,288,priest,holy,6,3,3
21971,Madomie,bladefist,288,priest,holy,6,3,3
21972,Raphan,stormrage,288,priest,holy,6,3,3
21973,Toje,korgath,288,priest,holy,6,3,3
21974,Wubbi,blackrock,288,priest,holy,6,3,3
21975,Alwaystry,tichondrius,288,priest,holy,6,3,3
21976,Laurens,fenris,288,priest,holy,6,3,3
21977,Meatguzzler,tichondrius,288,priest,holy,6,3,3
21978,Miamama,hydraxis,288,priest,holy,6,3,3
21979,Zesho,firetree,288,priest,holy,6,3,3
21980,Healdog,thrall,288,priest,holy,6,3,3
21981,Duonaiameng,illidan,288,priest,holy,6,3,3
21982,Bagoheals,area-52,288,priest,holy,6,3,3
21983,Discountay,burning-legion,288,priest,holy,6,3,3
21984,Nerfdisc,azralon,288,priest,holy,6,3,3
21985,Pej,emerald-dream,288,priest,holy,6,3,3
21986,Crypthion,emerald-dream,288,priest,holy,6,3,3
21987,Xtcbtc,sargeras,288,priest,holy,6,3,3
21988,Purgeoften,sargeras,288,priest,holy,6,3,3
21989,Swis,area-52,288,priest,holy,12,3,9
21990,Disperse,vashj,288,priest,holy,12,3,9
21991,Smitepie,malganis,288,priest,holy,12,3,9
21992,Irilde,proudmoore,288,priest,holy,12,3,9
21993,Ísábella,ragnaros,288,priest,holy,12,3,9
21994,Lalight,tichondrius,288,priest,holy,12,3,9
21995,Sarkozzlol,tichondrius,288,priest,holy,12,3,9
21996,Jezuz,aerie-peak,288,priest,holy,12,3,9
21997,Fertalize,maiev,288,priest,holy,18,3,15
21998,Pringlés,suramar,288,priest,holy,18,3,15
21999,Fìngerbanger,lightnings-blade,287,priest,holy,6,3,3
22000,Priestognic,azralon,287,priest,holy,6,3,3
22001,Korhíl,ragnaros,287,priest,holy,6,3,3
22002,Auradaluz,stormrage,287,priest,holy,12,3,9
22003,Ftheman,tichondrius,234,priest,holy,17,4,13
22004,Halö,doomhammer,223,priest,holy,14,3,11
22005,Speyside,medivh,192,priest,holy,6,2,4
22006,Pandap,dalaran,192,priest,holy,6,2,4
22007,Spïcÿ,frostmourne,192,priest,holy,6,2,4
22008,Sinthe,stormrage,192,priest,holy,6,2,4
22009,Mindgoblin,terokkar,192,priest,holy,6,2,4
22010,Voltstein,dalaran,192,priest,holy,6,2,4
22011,Gusho,frostmourne,192,priest,holy,6,2,4
22012,Hypodontia,caelestrasz,192,priest,holy,6,2,4
22013,Wagnerr,jubeithos,192,priest,holy,6,2,4
22014,Nodorme,quelthalas,192,priest,holy,6,2,4
22015,Silentprayer,area-52,192,priest,holy,6,2,4
22016,Mitras,moon-guard,192,priest,holy,6,2,4
22017,Daddyhammer,area-52,192,priest,holy,6,2,4
22018,Belfortx,tichondrius,192,priest,holy,6,2,4
22019,Saenax,area-52,192,priest,holy,6,2,4
22020,Verboden,kelthuzad,192,priest,holy,6,2,4
22021,Faedre,smolderthorn,192,priest,holy,6,2,4
22022,Arodar,wyrmrest-accord,192,priest,holy,6,2,4
22023,Tuulipp,aegwynn,192,priest,holy,6,2,4
22024,ßræcher,black-dragonflight,192,priest,holy,6,2,4
22025,Whitelabel,proudmoore,192,priest,holy,6,2,4
22026,Twodxo,kelthuzad,192,priest,holy,6,2,4
22027,Mendx,tichondrius,192,priest,holy,6,2,4
22028,Mommyafk,moon-guard,192,priest,holy,6,2,4
22029,Gles,quelthalas,192,priest,holy,6,2,4
22030,Ôp,sargeras,192,priest,holy,6,2,4
22031,Opas,rivendare,192,priest,holy,6,2,4
22032,Igotubrah,malganis,192,priest,holy,6,2,4
22033,Jonhey,tichondrius,192,priest,holy,6,2,4
22034,Tïto,blackrock,192,priest,holy,6,2,4
22035,Dchi,tichondrius,192,priest,holy,6,2,4
22036,Jilt,aerie-peak,192,priest,holy,6,2,4
22037,Shemhazai,ragnaros,192,priest,holy,6,2,4
22038,Langyi,tichondrius,192,priest,holy,10,2,8
22039,Fraggydaddy,frostmourne,192,priest,holy,12,2,10
22040,Nevertelsp,malganis,192,priest,holy,12,2,10
22041,Påticus,area-52,192,priest,holy,13,2,11
22042,Remixcandoit,malganis,191,priest,holy,6,2,4
22043,Mikeliteo,blades-edge,190,priest,holy,12,2,10
22044,Rebirthed,kelthuzad,172,priest,holy,82,39,43
22045,Sneaks,frostmourne,159,priest,holy,5,2,3
22046,Identìty,moon-guard,138,priest,holy,8,3,5
22047,Pumpss,area-52,138,priest,holy,11,3,8
22048,Bigvuqoffdam,area-52,138,priest,holy,16,3,13
22049,Plzhelp,cairne,136,priest,holy,9,3,6
22050,Burtier,zuljin,96,priest,holy,6,1,5
22051,Tammyone,emerald-dream,96,priest,holy,6,1,5
22052,Lasaldra,quelthalas,96,priest,holy,6,1,5
22053,Hiroshikun,azshara,96,priest,holy,6,1,5
22054,Faithmelter,stormrage,96,priest,holy,6,1,5
22055,Qnarisha,tichondrius,96,priest,holy,6,1,5
22056,Hüde,stormrage,96,priest,holy,6,1,5
22057,Yungsherm,tichondrius,96,priest,holy,6,1,5
22058,Akami,tichondrius,96,priest,holy,6,1,5
22059,Haedn,azralon,96,priest,holy,6,1,5
22060,Janova,tichondrius,96,priest,holy,6,1,5
22061,Novoul,stormrage,96,priest,holy,6,1,5
22062,Alëssana,illidan,96,priest,holy,6,1,5
22063,Minamy,tichondrius,96,priest,holy,6,1,5
22064,Olassi,stormrage,96,priest,holy,6,1,5
22065,Kagura,dunemaul,96,priest,holy,6,1,5
22066,Angelicduck,illidan,96,priest,holy,6,1,5
22067,Sukmysplooge,queldorei,96,priest,holy,6,1,5
22068,Bloodcure,ysera,96,priest,holy,6,1,5
22069,Breathkeeper,proudmoore,96,priest,holy,6,1,5
22070,Majjic,proudmoore,96,priest,holy,6,1,5
22071,Bigboyadam,frostmourne,96,priest,holy,6,1,5
22072,Lilpaprika,sargeras,96,priest,holy,6,1,5
22073,Bunked,bleeding-hollow,96,priest,holy,6,1,5
22074,Badgoy,dalaran,96,priest,holy,6,1,5
22075,Deryus,dalaran,96,priest,holy,6,1,5
22076,Shadyvoodoo,barthilas,96,priest,holy,6,1,5
22077,Rakel,nathrezim,96,priest,holy,6,1,5
22078,Tuuros,wyrmrest-accord,96,priest,holy,6,1,5
22079,Nancynibbler,bleeding-hollow,96,priest,holy,6,1,5
22080,Missjules,illidan,96,priest,holy,6,1,5
22081,Sarïya,moon-guard,96,priest,holy,6,1,5
22082,Bofuri,barthilas,96,priest,holy,6,1,5
22083,Øliverxp,lightbringer,96,priest,holy,6,1,5
22084,Alaskaa,moon-guard,96,priest,holy,6,1,5
22085,Gutrose,area-52,96,priest,holy,12,1,11
22086,Gillís,thrall,96,priest,holy,12,1,11
22087,Barryp,wyrmrest-accord,96,priest,holy,12,1,11
22088,Djriest,sargeras,96,priest,holy,12,1,11
22089,Whalexo,kelthuzad,84,priest,holy,17,4,13
22090,Brownsnooter,sargeras,79,priest,holy,5,1,4
22091,Helorren,nagrand,79,priest,holy,11,1,10
22092,Wiralyn,nathrezim,79,priest,holy,11,1,10
22093,Pûnishër,illidan,42,priest,holy,9,2,7
22094,Èfflux,sargeras,2252,priest,discipline,97,56,41
22095,Whammiez,tichondrius,2243,priest,discipline,84,50,34
22096,Strickmaney,nathrezim,2237,priest,discipline,258,139,119
22097,Yefri,ravencrest,2210,priest,discipline,107,65,42
22098,Reedyjrrtv,tichondrius,2172,priest,discipline,95,53,42
22099,Gentlewoman,ragnaros,2160,priest,discipline,81,50,31
22100,Pesian,dalaran,2153,priest,discipline,233,121,112
22101,Cinnamontage,illidan,2142,priest,discipline,114,64,50
22102,Castsmite,tichondrius,2141,priest,discipline,99,52,47
22103,Undrcvr,sargeras,2140,priest,discipline,90,47,43
22104,Shikinomi,illidan,2133,priest,discipline,78,46,32
22105,Wcnmb,blackrock,2123,priest,discipline,72,46,26
22106,Jiangfeng,tichondrius,2120,priest,discipline,72,37,35
22107,Celestiah,kelthuzad,2119,priest,discipline,72,37,35
22108,Nusrah,tichondrius,2114,priest,discipline,87,45,42
22109,Frksake,area-52,2111,priest,discipline,192,114,78
22110,Sÿnpriest,illidan,2111,priest,discipline,384,193,191
22111,Kovulol,area-52,2107,priest,discipline,126,67,59
22112,Néylo,illidan,2106,priest,discipline,112,56,56
22113,Psyches,dalaran,2106,priest,discipline,109,50,59
22114,Woolp,frostmourne,2102,priest,discipline,100,58,42
22115,Changwongpk,kelthuzad,2101,priest,discipline,237,124,113
22116,Søryn,madoran,2100,priest,discipline,102,52,50
22117,Bholebender,tichondrius,2085,priest,discipline,89,47,42
22118,Classmaster,stormrage,2082,priest,discipline,159,90,69
22119,Ante,stonemaul,2075,priest,discipline,108,59,49
22120,Zxxkawaii,tichondrius,2075,priest,discipline,163,85,78
22121,Kkelly,stormrage,2053,priest,discipline,250,126,124
22122,Esqueue,illidan,2044,priest,discipline,54,26,28
22123,Lemonmint,tichondrius,2040,priest,discipline,94,46,48
22124,Shazdo,illidan,2039,priest,discipline,60,39,21
22125,Twocrshort,area-52,2037,priest,discipline,125,78,47
22126,Baldzx,sargeras,2034,priest,discipline,221,121,100
22127,Instoway,illidan,2029,priest,discipline,150,89,61
22128,Pancakeboi,tichondrius,2028,priest,discipline,101,47,54
22129,Crutched,blackhand,2022,priest,discipline,60,35,25
22130,Zámmy,area-52,2021,priest,discipline,65,44,21
22131,Redonkulos,shattered-hand,2021,priest,discipline,162,85,77
22132,Idkmyname,proudmoore,2018,priest,discipline,58,29,29
22133,Proxs,sargeras,2017,priest,discipline,213,108,105
22134,Blessxo,ragnaros,2016,priest,discipline,96,45,51
22135,Rmpmeeper,kilrogg,2013,priest,discipline,60,35,25
22136,Smokezter,area-52,2013,priest,discipline,135,70,65
22137,Cosmicyiff,area-52,2010,priest,discipline,100,57,43
22138,Stepxo,sargeras,2005,priest,discipline,105,59,46
22139,Reilacoste,moon-guard,2002,priest,discipline,83,41,42
22140,Rukiyou,frostwolf,1997,priest,discipline,108,50,58
22141,Xajen,illidan,1996,priest,discipline,84,39,45
22142,Eluneslight,tichondrius,1990,priest,discipline,78,40,38
22143,Markers,spinebreaker,1989,priest,discipline,130,64,66
22144,Mauvex,stormrage,1986,priest,discipline,476,233,243
22145,Boykoz,zuljin,1982,priest,discipline,91,48,43
22146,Crabsp,illidan,1981,priest,discipline,132,68,64
22147,Crutch,blackhand,1980,priest,discipline,54,30,24
22148,Praemal,tichondrius,1980,priest,discipline,96,42,54
22149,Dayx,malganis,1974,priest,discipline,90,45,45
22150,Sonicboomsz,azralon,1973,priest,discipline,116,59,57
22151,Poporeborn,tichondrius,1973,priest,discipline,183,91,92
22152,Amine,tichondrius,1970,priest,discipline,60,34,26
22153,Azzäm,tichondrius,1970,priest,discipline,90,48,42
22154,Astüty,illidan,1967,priest,discipline,66,37,29
22155,Supaflute,tichondrius,1967,priest,discipline,72,32,40
22156,Clearclouds,tichondrius,1964,priest,discipline,180,97,83
22157,Abepriest,zuljin,1964,priest,discipline,204,106,98
22158,Praitne,tichondrius,1963,priest,discipline,113,59,54
22159,Leorid,stormrage,1963,priest,discipline,148,71,77
22160,Aratis,bleeding-hollow,1961,priest,discipline,90,44,46
22161,Etharass,illidan,1960,priest,discipline,78,34,44
22162,Veivei,tichondrius,1959,priest,discipline,47,31,16
22163,Hospetal,tichondrius,1955,priest,discipline,146,74,72
22164,Awàken,sargeras,1952,priest,discipline,57,35,22
22165,Iilmama,area-52,1948,priest,discipline,105,55,50
22166,Gotdro,kelthuzad,1942,priest,discipline,68,36,32
22167,Mimikyú,tichondrius,1941,priest,discipline,96,41,55
22168,Gosharbg,tichondrius,1940,priest,discipline,34,24,10
22169,Devinere,tichondrius,1940,priest,discipline,336,185,151
22170,Sarkozzlol,tichondrius,1938,priest,discipline,84,43,41
22171,Goodlife,frostmourne,1936,priest,discipline,65,30,35
22172,Quaree,stormrage,1935,priest,discipline,501,258,243
22173,Ccgo,tichondrius,1933,priest,discipline,84,42,42
22174,Plaedo,stormscale,1932,priest,discipline,52,28,24
22175,Fádé,illidan,1932,priest,discipline,97,48,49
22176,Namilol,tichondrius,1931,priest,discipline,54,30,24
22177,Budings,tichondrius,1927,priest,discipline,143,77,66
22178,Diabloluckie,tichondrius,1926,priest,discipline,96,50,46
22179,Curachon,darkspear,1926,priest,discipline,93,42,51
22180,Indiglo,arthas,1925,priest,discipline,60,37,23
22181,Fannyny,tichondrius,1924,priest,discipline,102,66,36
22182,Invincible,ragnaros,1924,priest,discipline,80,45,35
22183,Balsak,zuljin,1924,priest,discipline,152,72,80
22184,Solecíto,ragnaros,1923,priest,discipline,77,53,24
22185,Vinnydiesel,tichondrius,1918,priest,discipline,66,32,34
22186,Hamstip,sargeras,1915,priest,discipline,72,46,26
22187,Thefiveoh,malganis,1914,priest,discipline,27,23,4
22188,Muhfinx,tichondrius,1911,priest,discipline,47,27,20
22189,Artíst,sargeras,1911,priest,discipline,119,64,55
22190,Varenon,stormrage,1910,priest,discipline,159,90,69
22191,Penanceperry,bleeding-hollow,1910,priest,discipline,191,88,103
22192,Lovelike,tichondrius,1907,priest,discipline,63,36,27
22193,Velftrixi,sargeras,1907,priest,discipline,168,87,81
22194,Omhz,tichondrius,1905,priest,discipline,96,49,47
22195,Yanye,tichondrius,1902,priest,discipline,136,72,64
22196,Riseandshine,illidan,1896,priest,discipline,54,38,16
22197,Evicereith,ragnaros,1896,priest,discipline,42,25,17
22198,Miamama,hydraxis,1896,priest,discipline,99,52,47
22199,Adûnaic,frostmourne,1895,priest,discipline,272,134,138
22200,Pølupoker,illidan,1895,priest,discipline,59,27,32
22201,Capcana,tichondrius,1893,priest,discipline,90,50,40
22202,Boriz,frostmourne,1892,priest,discipline,79,44,35
22203,Myles,alexstrasza,1891,priest,discipline,52,32,20
22204,Aitri,hakkar,1890,priest,discipline,85,41,44
22205,Zerorizz,tichondrius,1890,priest,discipline,42,20,22
22206,Ndzy,malganis,1890,priest,discipline,48,21,27
22207,Haunting,nerzhul,1886,priest,discipline,209,103,106
22208,Usefirstaid,sargeras,1883,priest,discipline,42,26,16
22209,Wapriest,blades-edge,1883,priest,discipline,468,235,233
22210,Frostinal,illidan,1882,priest,discipline,114,61,53
22211,Khaoshealer,destromath,1882,priest,discipline,136,67,69
22212,Abt,proudmoore,1882,priest,discipline,66,31,35
22213,Usedwrap,sargeras,1881,priest,discipline,78,43,35
22214,Throatgoated,moon-guard,1881,priest,discipline,47,21,26
22215,Kck,sentinels,1880,priest,discipline,89,42,47
22216,Cremona,tichondrius,1878,priest,discipline,84,39,45
22217,Chee,bleeding-hollow,1875,priest,discipline,36,24,12
22218,Sñ,illidan,1874,priest,discipline,48,27,21
22219,Rileymcgerr,tichondrius,1873,priest,discipline,42,24,18
22220,Praeyer,area-52,1873,priest,discipline,368,184,184
22221,Exdric,kiljaeden,1873,priest,discipline,72,36,36
22222,Mumrah,antonidas,1873,priest,discipline,113,56,57
22223,Rawze,tichondrius,1873,priest,discipline,69,32,37
22224,Dellaptop,sargeras,1871,priest,discipline,88,51,37
22225,Nerfthedoc,blackrock,1869,priest,discipline,55,34,21
22226,Reydehaiti,ragnaros,1869,priest,discipline,54,31,23
22227,Montagehey,illidan,1868,priest,discipline,83,43,40
22228,Lidoradra,zuljin,1867,priest,discipline,77,36,41
22229,Notatk,tichondrius,1866,priest,discipline,221,99,122
22230,Shallwedance,tichondrius,1864,priest,discipline,74,43,31
22231,Candyshack,area-52,1863,priest,discipline,88,51,37
22232,Spoõks,darkspear,1862,priest,discipline,141,69,72
22233,Cokeheals,tichondrius,1861,priest,discipline,60,29,31
22234,Bubblekanush,tichondrius,1859,priest,discipline,36,22,14
22235,Reecepack,moon-guard,1859,priest,discipline,53,31,22
22236,Athênå,tichondrius,1859,priest,discipline,186,106,80
22237,Usebindwound,sargeras,1857,priest,discipline,108,65,43
22238,Highskrizzle,thrall,1857,priest,discipline,67,37,30
22239,Jjmms,akama,1857,priest,discipline,114,59,55
22240,Duw,icecrown,1857,priest,discipline,151,75,76
22241,Phludd,malganis,1856,priest,discipline,82,45,37
22242,Ravnica,kelthuzad,1856,priest,discipline,82,43,39
22243,Shadey,onyxia,1855,priest,discipline,54,26,28
22244,Nayzoh,darkspear,1855,priest,discipline,78,37,41
22245,Vidzar,area-52,1854,priest,discipline,42,28,14
22246,Drsquiddy,tichondrius,1854,priest,discipline,47,30,17
22247,Stayspooked,moon-guard,1852,priest,discipline,54,31,23
22248,Jtheals,illidan,1852,priest,discipline,35,20,15
22249,Vizzy,stormrage,1852,priest,discipline,90,48,42
22250,Centalinkxo,frostmourne,1851,priest,discipline,72,36,36
22251,Cardinaldave,frostmourne,1850,priest,discipline,48,26,22
22252,Shieldspamx,tichondrius,1850,priest,discipline,89,41,48
22253,Lumies,tichondrius,1848,priest,discipline,42,21,21
22254,Bigshieldlol,illidan,1847,priest,discipline,60,39,21
22255,Chromielol,tichondrius,1847,priest,discipline,54,31,23
22256,Tzïñåçåñ,tichondrius,1847,priest,discipline,54,29,25
22257,Voidnoodles,area-52,1846,priest,discipline,60,32,28
22258,Cavityx,illidan,1844,priest,discipline,52,30,22
22259,Dacine,illidan,1843,priest,discipline,60,30,30
22260,Nickydamous,moon-guard,1843,priest,discipline,66,31,35
22261,Jiangfenglol,tichondrius,1843,priest,discipline,54,24,30
22262,Chk,moon-guard,1842,priest,discipline,106,51,55
22263,Zelená,trollbane,1841,priest,discipline,128,77,51
22264,Meoveryou,stormrage,1840,priest,discipline,86,47,39
22265,Syliva,frostmourne,1840,priest,discipline,65,30,35
22266,Hectorz,zuljin,1840,priest,discipline,64,29,35
22267,Alisas,malganis,1840,priest,discipline,118,51,67
22268,Donutpriest,kelthuzad,1839,priest,discipline,78,44,34
22269,ßeyonder,tichondrius,1839,priest,discipline,96,44,52
22270,Koalakazamza,shadow-council,1839,priest,discipline,62,28,34
22271,Shamáng,tichondrius,1838,priest,discipline,62,33,29
22272,Psyjes,stormrage,1837,priest,discipline,105,67,38
22273,Tistapriest,proudmoore,1837,priest,discipline,70,41,29
22274,Waggers,moon-guard,1837,priest,discipline,42,23,19
22275,Lotion,icecrown,1837,priest,discipline,48,25,23
22276,Fotmvark,stormrage,1837,priest,discipline,66,31,35
22277,Binipriest,tichondrius,1835,priest,discipline,67,40,27
22278,Jamino,jubeithos,1835,priest,discipline,111,60,51
22279,Tmeugene,tichondrius,1835,priest,discipline,40,21,19
22280,Bugweeb,sargeras,1834,priest,discipline,87,56,31
22281,Layons,nemesis,1834,priest,discipline,134,86,48
22282,Thottsteal,queldorei,1834,priest,discipline,60,31,29
22283,Ameliarys,sargeras,1833,priest,discipline,103,51,52
22284,Sons,zuljin,1832,priest,discipline,54,29,25
22285,Oghealz,lightnings-blade,1832,priest,discipline,54,27,27
22286,Mcgg,tichondrius,1832,priest,discipline,122,58,64
22287,Cklifer,tichondrius,1831,priest,discipline,34,20,14
22288,Msai,tichondrius,1830,priest,discipline,114,68,46
22289,Strvnge,malganis,1830,priest,discipline,60,28,32
22290,Joezyxz,tichondrius,1829,priest,discipline,133,67,66
22291,Snackermz,tichondrius,1829,priest,discipline,77,32,45
22292,Cpks,tichondrius,1828,priest,discipline,76,48,28
22293,Baphomet,hyjal,1828,priest,discipline,88,53,35
22294,Misatomori,tichondrius,1828,priest,discipline,54,28,26
22295,Didy,dark-iron,1828,priest,discipline,58,27,31
22296,Epitoh,bleeding-hollow,1828,priest,discipline,78,36,42
22297,Sleetherp,barthilas,1827,priest,discipline,64,37,27
22298,Meloxicamm,tichondrius,1827,priest,discipline,100,51,49
22299,Fracxured,sargeras,1827,priest,discipline,68,31,37
22300,Bloodyxx,bleeding-hollow,1825,priest,discipline,34,23,11
22301,Buffle,zuluhed,1825,priest,discipline,66,38,28
22302,Yokuz,thunderlord,1825,priest,discipline,48,26,22
22303,Mackulate,tichondrius,1825,priest,discipline,65,34,31
22304,Cokeheals,kelthuzad,1825,priest,discipline,54,28,26
22305,Aprîl,quelthalas,1825,priest,discipline,72,37,35
22306,Däzzlë,quelthalas,1825,priest,discipline,72,35,37
22307,Pnsp,perenolde,1824,priest,discipline,42,30,12
22308,Xholyshietz,emerald-dream,1824,priest,discipline,71,48,23
22309,Pervysaged,sargeras,1824,priest,discipline,60,40,20
22310,Anasuzana,stormrage,1824,priest,discipline,48,28,20
22311,Cya,deathwing,1824,priest,discipline,54,30,24
22312,Senzy,tichondrius,1824,priest,discipline,144,79,65
22313,Mancito,mannoroth,1824,priest,discipline,144,74,70
22314,Swurvexo,bleeding-hollow,1823,priest,discipline,47,28,19
22315,Barthol,malygos,1823,priest,discipline,225,115,110
22316,Sprankels,bleeding-hollow,1823,priest,discipline,108,55,53
22317,Likethis,ragnaros,1823,priest,discipline,275,138,137
22318,Luhkx,stormrage,1823,priest,discipline,54,25,29
22319,Ohsop,chogall,1822,priest,discipline,49,33,16
22320,Dairy,the-underbog,1822,priest,discipline,49,29,20
22321,Memoria,emerald-dream,1822,priest,discipline,117,60,57
22322,Zachon,sargeras,1822,priest,discipline,54,27,27
22323,Oohso,chogall,1821,priest,discipline,91,43,48
22324,Jerkingit,tichondrius,1821,priest,discipline,64,30,34
22325,Ultrà,ragnaros,1820,priest,discipline,71,44,27
22326,Wreklol,tichondrius,1820,priest,discipline,60,34,26
22327,Dietcokee,stormrage,1820,priest,discipline,62,31,31
22328,Ujelin,kiljaeden,1820,priest,discipline,48,24,24
22329,Tophr,illidan,1819,priest,discipline,41,24,17
22330,Soojwa,frostmourne,1819,priest,discipline,54,24,30
22331,Novel,moon-guard,1817,priest,discipline,30,24,6
22332,Gaudthree,tichondrius,1817,priest,discipline,46,25,21
22333,Akuzaki,illidan,1817,priest,discipline,54,25,29
22334,Sliktrik,area-52,1817,priest,discipline,65,29,36
22335,Dapp,barthilas,1817,priest,discipline,77,33,44
22336,Cynthus,dalvengyr,1816,priest,discipline,102,60,42
22337,Lichtschreit,zuljin,1816,priest,discipline,41,24,17
22338,Juicyturon,moon-guard,1816,priest,discipline,77,45,32
22339,Dispassion,dalaran,1816,priest,discipline,58,33,25
22340,Woodowl,tichondrius,1816,priest,discipline,46,25,21
22341,Bamboon,tanaris,1816,priest,discipline,102,55,47
22342,Jackski,nemesis,1816,priest,discipline,48,25,23
22343,Badrapture,sargeras,1815,priest,discipline,92,69,23
22344,Discopenguin,kelthuzad,1815,priest,discipline,54,30,24
22345,Engle,arathor,1815,priest,discipline,42,22,20
22346,Badnsweaty,sargeras,1815,priest,discipline,76,38,38
22347,Ousïa,quelthalas,1815,priest,discipline,164,81,83
22348,Mommyafk,moon-guard,1815,priest,discipline,54,25,29
22349,Fullmetals,azralon,1814,priest,discipline,53,30,23
22350,Zuwukey,kirin-tor,1814,priest,discipline,163,85,78
22351,Tanmo,illidan,1814,priest,discipline,96,50,46
22352,Syllè,area-52,1814,priest,discipline,48,24,24
22353,Fibbre,tichondrius,1814,priest,discipline,121,54,67
22354,Razdaz,twisting-nether,1814,priest,discipline,66,29,37
22355,Relicx,firetree,1813,priest,discipline,54,33,21
22356,Hoonjojjyang,tichondrius,1813,priest,discipline,66,37,29
22357,Morboo,proudmoore,1813,priest,discipline,78,43,35
22358,Svzy,illidan,1813,priest,discipline,48,26,22
22359,Ritzzx,ragnaros,1813,priest,discipline,59,31,28
22360,Sasha,muradin,1813,priest,discipline,142,70,72
22361,Falsity,kelthuzad,1813,priest,discipline,66,32,34
22362,Ahoy,sargeras,1812,priest,discipline,75,46,29
22363,Abstention,area-52,1812,priest,discipline,66,35,31
22364,Fatbellyx,sargeras,1812,priest,discipline,72,36,36
22365,Faeleath,emerald-dream,1812,priest,discipline,56,27,29
22366,Tyrrshadow,skywall,1811,priest,discipline,104,58,46
22367,Tallïa,stormrage,1811,priest,discipline,155,82,73
22368,Wübbie,emerald-dream,1810,priest,discipline,72,40,32
22369,Paytin,illidan,1810,priest,discipline,71,32,39
22370,Arguseonp,proudmoore,1809,priest,discipline,54,37,17
22371,Ãbelladanger,area-52,1809,priest,discipline,65,43,22
22372,Jemine,tichondrius,1809,priest,discipline,108,64,44
22373,Thepumps,sargeras,1809,priest,discipline,73,43,30
22374,Bkwhopper,emerald-dream,1809,priest,discipline,131,75,56
22375,Paramour,laughing-skull,1809,priest,discipline,108,59,49
22376,Fhinky,tichondrius,1809,priest,discipline,201,103,98
22377,Jaquels,sargeras,1809,priest,discipline,130,65,65
22378,Dabaojian,tichondrius,1809,priest,discipline,60,28,32
22379,Aube,frostmourne,1809,priest,discipline,51,23,28
22380,Antts,tichondrius,1808,priest,discipline,48,31,17
22381,Tiestô,tichondrius,1808,priest,discipline,42,25,17
22382,Vbear,dunemaul,1808,priest,discipline,71,39,32
22383,Pkkdestiny,archimonde,1808,priest,discipline,71,37,34
22384,Catbabyorz,tichondrius,1808,priest,discipline,84,41,43
22385,Pns,perenolde,1808,priest,discipline,66,32,34
22386,Oogs,tichondrius,1808,priest,discipline,65,27,38
22387,Buhroketwo,thrall,1807,priest,discipline,66,41,25
22388,Dopeypriest,area-52,1807,priest,discipline,120,68,52
22389,Gices,area-52,1806,priest,discipline,36,24,12
22390,Ayakashi,frostmourne,1806,priest,discipline,75,46,29
22391,Wormface,moon-guard,1806,priest,discipline,58,35,23
22392,Releriel,area-52,1806,priest,discipline,58,31,27
22393,Inthemix,stormreaver,1806,priest,discipline,376,197,179
22394,Yezhua,zuljin,1806,priest,discipline,84,44,40
22395,Purplebeauty,tichondrius,1805,priest,discipline,198,119,79
22396,Leapofdoubt,zuljin,1805,priest,discipline,250,132,118
22397,Rylla,illidan,1805,priest,discipline,66,34,32
22398,Öxhö,tichondrius,1804,priest,discipline,44,31,13
22399,Ðsco,tichondrius,1804,priest,discipline,36,24,12
22400,Absorbs,stormrage,1804,priest,discipline,30,19,11
22401,Fearmen,tichondrius,1804,priest,discipline,59,33,26
22402,Reignen,tichondrius,1804,priest,discipline,165,92,73
22403,Selath,ragnaros,1804,priest,discipline,47,26,21
22404,Angelumlucis,frostmane,1804,priest,discipline,145,80,65
22405,Syrillia,wildhammer,1804,priest,discipline,142,78,64
22406,Astroverse,tichondrius,1804,priest,discipline,52,28,24
22407,Temérios,azralon,1804,priest,discipline,48,24,24
22408,Cln,bleeding-hollow,1804,priest,discipline,65,32,33
22409,Thaldrum,tichondrius,1804,priest,discipline,79,30,49
22410,Curney,stormrage,1803,priest,discipline,65,46,19
22411,Jinais,zuluhed,1803,priest,discipline,48,33,15
22412,Phillthevoid,sargeras,1803,priest,discipline,45,29,16
22413,Applecare,illidan,1803,priest,discipline,102,60,42
22414,Tarlex,illidan,1803,priest,discipline,168,94,74
22415,Goldsunx,emerald-dream,1803,priest,discipline,152,85,67
22416,Cbalnom,tichondrius,1803,priest,discipline,70,37,33
22417,Manyhot,tichondrius,1802,priest,discipline,51,32,19
22418,Yrñwiotøø,illidan,1802,priest,discipline,54,33,21
22419,Seifong,frostmourne,1802,priest,discipline,125,68,57
22420,Retardèr,tichondrius,1801,priest,discipline,97,68,29
22421,Reverendtun,area-52,1801,priest,discipline,83,55,28
22422,Vànhendrix,tichondrius,1801,priest,discipline,53,29,24
22423,Wânda,tichondrius,1801,priest,discipline,111,57,54
22424,Cupitan,tichondrius,1801,priest,discipline,50,22,28
22425,Bigmomcook,tichondrius,1800,priest,discipline,215,125,90
22426,Imissdave,dethecus,1800,priest,discipline,48,27,21
22427,Narakku,sargeras,1800,priest,discipline,108,59,49
22428,Bwgyx,area-52,1800,priest,discipline,42,22,20
22429,Louisé,hydraxis,1800,priest,discipline,42,22,20
22430,Bibleblak,stormrage,1800,priest,discipline,102,53,49
22431,Alola,illidan,1800,priest,discipline,135,69,66
22432,Anyra,stormrage,1799,priest,discipline,51,26,25
22433,Bomí,tichondrius,1799,priest,discipline,84,41,43
22434,Olark,durotan,1799,priest,discipline,286,139,147
22435,Fearinoculúm,bleeding-hollow,1798,priest,discipline,24,19,5
22436,Mimz,trollbane,1798,priest,discipline,48,24,24
22437,Comebaack,stormrage,1797,priest,discipline,98,51,47
22438,Celestiah,illidan,1796,priest,discipline,54,28,26
22439,Impvp,tichondrius,1795,priest,discipline,89,49,40
22440,Deathtones,barthilas,1793,priest,discipline,131,72,59
22441,Valothrian,area-52,1791,priest,discipline,148,78,70
22442,Wormclergy,tichondrius,1791,priest,discipline,80,39,41
22443,Neverbeen,tichondrius,1790,priest,discipline,347,189,158
22444,Shnozberry,tichondrius,1790,priest,discipline,102,43,59
22445,Bublehead,zuljin,1789,priest,discipline,114,56,58
22446,Xiaoqunzi,tichondrius,1787,priest,discipline,36,22,14
22447,Analogxz,nemesis,1787,priest,discipline,138,68,70
22448,Euphorz,tichondrius,1786,priest,discipline,36,19,17
22449,Tiernocookie,illidan,1786,priest,discipline,323,162,161
22450,Osis,rivendare,1786,priest,discipline,135,66,69
22451,Hadoka,ragnaros,1786,priest,discipline,54,23,31
22452,Tmversace,tichondrius,1781,priest,discipline,112,56,56
22453,Usedmedkit,sargeras,1780,priest,discipline,47,28,19
22454,Vaaynee,ragnaros,1780,priest,discipline,108,57,51
22455,Discflips,dalaran,1779,priest,discipline,210,106,104
22456,Wandynha,nemesis,1776,priest,discipline,59,32,27
22457,Deathlullaby,malganis,1775,priest,discipline,42,21,21
22458,Isilador,moon-guard,1775,priest,discipline,95,44,51
22459,Legendary,ragnaros,1775,priest,discipline,72,30,42
22460,Pesca,proudmoore,1774,priest,discipline,125,59,66
22461,Compxx,barthilas,1772,priest,discipline,48,30,18
22462,Jezebëll,nemesis,1772,priest,discipline,186,98,88
22463,Zins,emerald-dream,1771,priest,discipline,72,34,38
22464,Nohéalforu,stormrage,1770,priest,discipline,47,25,22
22465,Canibumsmoke,illidan,1769,priest,discipline,69,37,32
22466,Auxp,tichondrius,1769,priest,discipline,59,23,36
22467,Dannycarrier,tichondrius,1768,priest,discipline,30,21,9
22468,Rlzpriest,tichondrius,1768,priest,discipline,107,56,51
22469,Írithyll,stormrage,1767,priest,discipline,59,33,26
22470,Pibkac,stormrage,1767,priest,discipline,69,34,35
22471,Breakmoon,tichondrius,1767,priest,discipline,66,27,39
22472,Sebpriest,proudmoore,1764,priest,discipline,42,20,22
22473,Ragretsxo,darkspear,1763,priest,discipline,78,41,37
22474,Deadpriesst,arthas,1763,priest,discipline,72,36,36
22475,Qipriest,tichondrius,1763,priest,discipline,54,19,35
22476,Hugemilkys,tichondrius,1762,priest,discipline,85,46,39
22477,Pnub,aggramar,1762,priest,discipline,75,37,38
22478,Hotgirlshiit,dalaran,1762,priest,discipline,286,137,149
22479,Gochuxx,tichondrius,1761,priest,discipline,66,34,32
22480,Youhealme,area-52,1759,priest,discipline,48,31,17
22481,Raysx,stormrage,1759,priest,discipline,83,37,46
22482,Kaddy,mannoroth,1757,priest,discipline,130,60,70
22483,Demaholy,illidan,1755,priest,discipline,107,56,51
22484,Papabrokuttv,sargeras,1755,priest,discipline,42,19,23
22485,Jaytee,aggramar,1754,priest,discipline,72,33,39
22486,Inquisitionx,frostmourne,1753,priest,discipline,164,93,71
22487,Stoneflute,emerald-dream,1752,priest,discipline,130,78,52
22488,Healum,nemesis,1752,priest,discipline,78,45,33
22489,Quèénstar,tichondrius,1752,priest,discipline,73,29,44
22490,Corvenna,zuljin,1751,priest,discipline,48,27,21
22491,Høwtokill,azralon,1750,priest,discipline,71,24,47
22492,Chiot,tichondrius,1748,priest,discipline,55,42,13
22493,Raizy,stormrage,1748,priest,discipline,53,26,27
22494,Ferguss,ragnaros,1747,priest,discipline,79,42,37
22495,Grimacê,sargeras,1747,priest,discipline,62,29,33
22496,Klydasoreass,malganis,1745,priest,discipline,42,26,16
22497,Alarin,whisperwind,1745,priest,discipline,60,30,30
22498,Ninbara,tichondrius,1745,priest,discipline,59,27,32
22499,Onikûdaki,sargeras,1744,priest,discipline,53,24,29
22500,Evilear,tichondrius,1743,priest,discipline,54,25,29
22501,Natoshi,illidan,1742,priest,discipline,48,25,23
22502,Qtasiangirl,emerald-dream,1742,priest,discipline,85,38,47
22503,Shadheda,andorhal,1738,priest,discipline,56,26,30
22504,Paidtowin,frostmourne,1738,priest,discipline,56,21,35
22505,Orderic,ragnaros,1736,priest,discipline,57,32,25
22506,Marcìano,bleeding-hollow,1736,priest,discipline,64,35,29
22507,Cursèlol,tichondrius,1736,priest,discipline,66,33,33
22508,Pgpriest,kelthuzad,1736,priest,discipline,84,41,43
22509,Kostantina,kelthuzad,1736,priest,discipline,130,58,72
22510,Kelthax,sargeras,1736,priest,discipline,54,23,31
22511,Niark,frostmourne,1736,priest,discipline,48,20,28
22512,Luwoona,tichondrius,1735,priest,discipline,54,23,31
22513,Maybedead,tichondrius,1734,priest,discipline,42,26,16
22514,Obscure,malygos,1734,priest,discipline,74,32,42
22515,Toastspriest,tichondrius,1733,priest,discipline,83,51,32
22516,Trebrooke,sargeras,1732,priest,discipline,155,86,69
22517,Sinday,zuljin,1732,priest,discipline,60,29,31
22518,Nyluh,deathwing,1731,priest,discipline,56,29,27
22519,Saelom,frostmourne,1730,priest,discipline,78,49,29
22520,Murth,laughing-skull,1729,priest,discipline,47,30,17
22521,Vandamnation,barthilas,1729,priest,discipline,104,51,53
22522,Airelia,sargeras,1728,priest,discipline,54,28,26
22523,Kabugi,illidan,1727,priest,discipline,78,41,37
22524,Åpples,tichondrius,1727,priest,discipline,71,31,40
22525,Apoorstudent,tichondrius,1726,priest,discipline,116,72,44
22526,Mxfd,tichondrius,1726,priest,discipline,47,27,20
22527,Dévore,dalaran,1726,priest,discipline,46,25,21
22528,Cody,magtheridon,1725,priest,discipline,54,40,14
22529,Conifer,emerald-dream,1725,priest,discipline,60,35,25
22530,Holyhõ,stormrage,1725,priest,discipline,48,27,21
22531,Heart,misha,1725,priest,discipline,120,66,54
22532,Dontlineme,tichondrius,1723,priest,discipline,142,64,78
22533,Xtcbtc,sargeras,1723,priest,discipline,69,30,39
22534,Xidis,vashj,1723,priest,discipline,71,29,42
22535,Sobamian,tichondrius,1723,priest,discipline,90,36,54
22536,Mååxxee,zuljin,1722,priest,discipline,30,18,12
22537,Zaryx,wildhammer,1722,priest,discipline,42,24,18
22538,Änanti,tichondrius,1722,priest,discipline,54,29,25
22539,Vegetable,suramar,1722,priest,discipline,36,18,18
22540,Philmacrakn,stormrage,1721,priest,discipline,167,81,86
22541,Mindseye,azgalor,1721,priest,discipline,102,48,54
22542,Leticia,magtheridon,1719,priest,discipline,100,48,52
22543,Jexso,tichondrius,1719,priest,discipline,163,78,85
22544,Opriest,queldorei,1718,priest,discipline,54,27,27
22545,Ooit,tichondrius,1717,priest,discipline,24,22,2
22546,Eetsqt,barthilas,1717,priest,discipline,108,70,38
22547,Stinkiez,area-52,1717,priest,discipline,70,36,34
22548,Priceléss,tichondrius,1715,priest,discipline,24,18,6
22549,Woobgasm,sargeras,1715,priest,discipline,72,46,26
22550,Barthbelro,kiljaeden,1714,priest,discipline,69,40,29
22551,Kragenn,malganis,1713,priest,discipline,165,83,82
22552,Deathwisher,illidan,1712,priest,discipline,54,28,26
22553,Ukishizumi,tichondrius,1712,priest,discipline,131,67,64
22554,Kastep,tichondrius,1712,priest,discipline,88,44,44
22555,Smitelytius,tichondrius,1711,priest,discipline,30,18,12
22556,Touchrr,tichondrius,1710,priest,discipline,108,58,50
22557,Veejae,tichondrius,1710,priest,discipline,42,22,20
22558,Størmy,kiljaeden,1709,priest,discipline,240,131,109
22559,Dorgondra,wyrmrest-accord,1709,priest,discipline,48,26,22
22560,Dippyboi,whisperwind,1709,priest,discipline,48,25,23
22561,Meltmeltz,nerzhul,1708,priest,discipline,65,29,36
22562,Selenitax,sargeras,1707,priest,discipline,68,30,38
22563,Asthenia,saurfang,1706,priest,discipline,120,59,61
22564,Sarïya,moon-guard,1706,priest,discipline,125,61,64
22565,Sodezz,stormrage,1705,priest,discipline,36,21,15
22566,Memoriesorz,tichondrius,1705,priest,discipline,214,119,95
22567,Forti,sargeras,1705,priest,discipline,156,74,82
22568,Squaanchy,bleeding-hollow,1705,priest,discipline,129,61,68
22569,Bellaelle,stormrage,1704,priest,discipline,42,22,20
22570,Nightcráwler,illidan,1702,priest,discipline,89,47,42
22571,Bennito,moon-guard,1701,priest,discipline,72,30,42
22572,Bisholan,frostwolf,1700,priest,discipline,63,31,32
22573,Tanzen,andorhal,1699,priest,discipline,36,21,15
22574,Beowulfy,stormrage,1699,priest,discipline,48,27,21
22575,Holyster,tichondrius,1699,priest,discipline,38,18,20
22576,Gibens,tichondrius,1698,priest,discipline,124,63,61
22577,Séxgodx,tichondrius,1698,priest,discipline,53,24,29
22578,Clydeington,illidan,1697,priest,discipline,49,29,20
22579,Taipriest,frostmourne,1697,priest,discipline,198,87,111
22580,Saviorlol,tichondrius,1697,priest,discipline,53,23,30
22581,Mixful,bleeding-hollow,1696,priest,discipline,40,27,13
22582,Vcainyfairy,stormrage,1696,priest,discipline,290,148,142
22583,Nickzx,tichondrius,1694,priest,discipline,52,36,16
22584,Adrio,malorne,1694,priest,discipline,224,109,115
22585,Geon,sargeras,1693,priest,discipline,107,53,54
22586,Catonement,moon-guard,1693,priest,discipline,430,208,222
22587,Veiveilol,tichondrius,1693,priest,discipline,59,24,35
22588,Acpriest,tichondrius,1692,priest,discipline,87,46,41
22589,Bosspriest,tichondrius,1691,priest,discipline,48,23,25
22590,Jimmythedon,mugthol,1691,priest,discipline,48,22,26
22591,Elilium,tichondrius,1690,priest,discipline,74,46,28
22592,Pigogo,tichondrius,1690,priest,discipline,45,26,19
22593,Rythmzz,kiljaeden,1690,priest,discipline,60,30,30
22594,Highprofile,proudmoore,1690,priest,discipline,36,18,18
22595,Nxghtmares,tichondrius,1690,priest,discipline,360,175,185
22596,Rotbaron,bleeding-hollow,1690,priest,discipline,84,35,49
22597,Blasphêmy,malganis,1689,priest,discipline,68,42,26
22598,Mastaspell,illidan,1689,priest,discipline,31,18,13
22599,Elybele,sargeras,1689,priest,discipline,114,61,53
22600,Leonilcx,tichondrius,1689,priest,discipline,481,238,243
22601,Kujox,tichondrius,1689,priest,discipline,47,20,27
22602,Yobell,tichondrius,1688,priest,discipline,36,23,13
22603,Argylemomo,emerald-dream,1688,priest,discipline,202,103,99
22604,Probs,frostmourne,1688,priest,discipline,112,57,55
22605,Whalexo,kelthuzad,1688,priest,discipline,89,45,44
22606,Sweetnipsbro,tichondrius,1688,priest,discipline,71,35,36
22607,Luciuz,tichondrius,1688,priest,discipline,55,25,30
22608,Cayleey,stormrage,1687,priest,discipline,66,29,37
22609,Mygameslaggy,area-52,1687,priest,discipline,72,29,43
22610,Twopiece,blackrock,1683,priest,discipline,30,18,12
22611,Bfts,illidan,1682,priest,discipline,126,67,59
22612,Wildsmite,hyjal,1682,priest,discipline,216,99,117
22613,Shrimpouh,illidan,1681,priest,discipline,54,31,23
22614,Plaguebaby,stormrage,1681,priest,discipline,45,23,22
22615,Ieveling,skywall,1681,priest,discipline,65,30,35
22616,Justafkoutpr,gorefiend,1680,priest,discipline,30,23,7
22617,Lingdums,tichondrius,1680,priest,discipline,31,18,13
22618,Caveria,emerald-dream,1679,priest,discipline,72,39,33
22619,Poosydoodlez,malganis,1679,priest,discipline,105,48,57
22620,Rámmstein,wyrmrest-accord,1678,priest,discipline,120,65,55
22621,Nabukom,destromath,1678,priest,discipline,52,25,27
22622,Danceslol,area-52,1678,priest,discipline,42,20,22
22623,Holyfall,sargeras,1676,priest,discipline,220,116,104
22624,Mintadnade,nemesis,1676,priest,discipline,119,60,59
22625,Fordranger,frostmourne,1676,priest,discipline,40,20,20
22626,Mcfref,tichondrius,1675,priest,discipline,93,50,43
22627,Bacpack,area-52,1675,priest,discipline,125,66,59
22628,Bonehead,warsong,1675,priest,discipline,48,23,25
22629,Bonigan,sargeras,1673,priest,discipline,101,64,37
22630,Hanley,tichondrius,1673,priest,discipline,79,46,33
22631,Jammeslight,quelthalas,1673,priest,discipline,124,67,57
22632,Merit,emerald-dream,1672,priest,discipline,144,76,68
22633,Aco,tichondrius,1672,priest,discipline,150,79,71
22634,Claverr,stormrage,1670,priest,discipline,33,20,13
22635,Serakiki,nemesis,1670,priest,discipline,72,41,31
22636,Playsoon,illidan,1669,priest,discipline,114,64,50
22637,Holécriss,tichondrius,1669,priest,discipline,125,68,57
22638,Vampirê,tichondrius,1669,priest,discipline,48,24,24
22639,Kagemetsu,sargeras,1669,priest,discipline,152,74,78
22640,Boostedpi,tichondrius,1669,priest,discipline,44,21,23
22641,Jmlz,tichondrius,1668,priest,discipline,36,23,13
22642,Alomari,zuljin,1668,priest,discipline,32,19,13
22643,Oyy,barthilas,1668,priest,discipline,48,24,24
22644,Klitarus,barthilas,1668,priest,discipline,48,23,25
22645,Wonpaipri,frostmourne,1667,priest,discipline,65,31,34
22646,Nelpesh,tichondrius,1666,priest,discipline,60,27,33
22647,Crysknife,korgath,1664,priest,discipline,35,20,15
22648,Buhroke,thrall,1663,priest,discipline,33,19,14
22649,Skunkbishop,sargeras,1663,priest,discipline,185,86,99
22650,Shocklol,stormrage,1662,priest,discipline,29,22,7
22651,Apathist,sargeras,1662,priest,discipline,66,44,22
22652,Hallucinogen,kelthuzad,1662,priest,discipline,95,51,44
22653,Hideonlight,barthilas,1662,priest,discipline,400,205,195
22654,Fisp,moon-guard,1661,priest,discipline,72,33,39
22655,Resisted,gorefiend,1660,priest,discipline,238,120,118
22656,Sanddglokta,tichondrius,1658,priest,discipline,210,102,108
22657,Yunnan,executus,1657,priest,discipline,78,43,35
22658,Caveron,tichondrius,1657,priest,discipline,42,23,19
22659,Geekynerd,frostmourne,1656,priest,discipline,80,57,23
22660,Syo,dreadmaul,1656,priest,discipline,95,48,47
22661,Toopriestly,deathwing,1656,priest,discipline,65,32,33
22662,Silkydeath,frostmourne,1655,priest,discipline,42,24,18
22663,Theravus,moon-guard,1655,priest,discipline,124,67,57
22664,Arianagrande,garona,1654,priest,discipline,89,48,41
22665,Darknuz,sargeras,1654,priest,discipline,53,27,26
22666,Perceptions,dalaran,1653,priest,discipline,36,23,13
22667,Kathere,tichondrius,1653,priest,discipline,42,23,19
22668,Zunitpriest,laughing-skull,1653,priest,discipline,36,18,18
22669,Dpendant,frostmourne,1653,priest,discipline,66,31,35
22670,Vtp,frostmourne,1652,priest,discipline,70,40,30
22671,Glassbirds,stormrage,1652,priest,discipline,48,25,23
22672,Vanderbeek,frostmourne,1651,priest,discipline,66,33,33
22673,Somefire,proudmoore,1650,priest,discipline,155,78,77
22674,Ixchelune,kelthuzad,1649,priest,discipline,237,119,118
22675,Bloodyx,bleeding-hollow,1649,priest,discipline,118,56,62
22676,Nopang,tichondrius,1649,priest,discipline,167,77,90
22677,Chañing,frostmourne,1649,priest,discipline,72,33,39
22678,Andreslol,sargeras,1648,priest,discipline,36,21,15
22679,Tanthsondis,illidan,1648,priest,discipline,48,27,21
22680,Cixelpvp,area-52,1648,priest,discipline,47,22,25
22681,Deadpla,ragnaros,1648,priest,discipline,83,36,47
22682,Krewesin,ravencrest,1647,priest,discipline,43,22,21
22683,Lòthnalar,ragnaros,1647,priest,discipline,60,29,31
22684,Synsparks,tichondrius,1647,priest,discipline,60,25,35
22685,Supôrte,nemesis,1646,priest,discipline,53,33,20
22686,Klttzz,sargeras,1646,priest,discipline,60,32,28
22687,Rosaparksxo,sargeras,1645,priest,discipline,70,35,35
22688,Cavatea,illidan,1645,priest,discipline,42,21,21
22689,Döllyy,illidan,1645,priest,discipline,42,21,21
22690,Deathallpoly,tichondrius,1644,priest,discipline,246,127,119
22691,Honeyduutch,black-dragonflight,1644,priest,discipline,72,37,35
22692,Barrenbuffet,zuljin,1644,priest,discipline,44,22,22
22693,Pawnza,tichondrius,1644,priest,discipline,72,34,38
22694,Scab,anetheron,1644,priest,discipline,106,49,57
22695,Beelzebul,illidan,1644,priest,discipline,60,26,34
22696,Toddmund,tichondrius,1644,priest,discipline,64,25,39
22697,Despairx,tichondrius,1642,priest,discipline,54,35,19
22698,Ÿsk,tichondrius,1642,priest,discipline,84,47,37
22699,Kuell,ragnaros,1642,priest,discipline,53,29,24
22700,Selfless,barthilas,1642,priest,discipline,60,26,34
22701,Reiae,malganis,1642,priest,discipline,70,27,43
22702,Googolplex,tichondrius,1640,priest,discipline,51,36,15
22703,Lolcrafthd,ragnaros,1640,priest,discipline,64,36,28
22704,Alguîen,ragnaros,1640,priest,discipline,115,61,54
22705,Noted,aegwynn,1639,priest,discipline,68,44,24
22706,Randompreest,stormrage,1639,priest,discipline,42,23,19
22707,Aetyn,tichondrius,1638,priest,discipline,55,31,24
22708,Lunarina,hyjal,1638,priest,discipline,167,75,92
22709,Marejaynez,tichondrius,1638,priest,discipline,111,48,63
22710,Bigsmart,tichondrius,1637,priest,discipline,44,22,22
22711,Yaz,emerald-dream,1637,priest,discipline,47,23,24
22712,Evvylou,stormrage,1637,priest,discipline,42,19,23
22713,Onineko,bleeding-hollow,1636,priest,discipline,46,25,21
22714,Hungrybone,proudmoore,1636,priest,discipline,526,262,264
22715,Ketapriest,frostmourne,1636,priest,discipline,136,67,69
22716,Oopsy,bleeding-hollow,1636,priest,discipline,48,23,25
22717,Rmx,illidan,1635,priest,discipline,35,18,17
22718,Grizzlysmite,stormrage,1635,priest,discipline,343,168,175
22719,Mangolatte,frostmourne,1634,priest,discipline,55,41,14
22720,Ngin,queldorei,1634,priest,discipline,36,21,15
22721,Sêlbus,stormrage,1634,priest,discipline,179,95,84
22722,Beejaex,stormreaver,1634,priest,discipline,48,22,26
22723,Narodiz,nemesis,1633,priest,discipline,42,23,19
22724,Huxleypoo,boulderfist,1633,priest,discipline,42,22,20
22725,Mclyte,whisperwind,1633,priest,discipline,149,77,72
22726,Jâmïè,gurubashi,1632,priest,discipline,41,31,10
22727,Persimmons,lightbringer,1632,priest,discipline,87,46,41
22728,Antagzy,bleeding-hollow,1631,priest,discipline,54,33,21
22729,Discgoddess,proudmoore,1631,priest,discipline,103,54,49
22730,Chewey,tichondrius,1631,priest,discipline,48,23,25
22731,Gödtier,frostwolf,1631,priest,discipline,42,18,24
22732,Meip,illidan,1630,priest,discipline,24,17,7
22733,Skadín,stormrage,1630,priest,discipline,155,92,63
22734,Jennyle,sargeras,1630,priest,discipline,48,26,22
22735,Bluecho,tichondrius,1629,priest,discipline,48,25,23
22736,Shastea,crushridge,1629,priest,discipline,58,30,28
22737,Powerwordwap,malganis,1629,priest,discipline,53,23,30
22738,Bustit,azgalor,1628,priest,discipline,52,28,24
22739,Stepsistér,ragnaros,1628,priest,discipline,36,19,17
22740,Kazgry,illidan,1628,priest,discipline,42,22,20
22741,Ayabae,illidan,1628,priest,discipline,638,313,325
22742,Twêet,frostmourne,1628,priest,discipline,162,72,90
22743,Hootheals,illidan,1627,priest,discipline,34,21,13
22744,Çammy,frostmourne,1626,priest,discipline,24,17,7
22745,Andrew,sargeras,1626,priest,discipline,30,20,10
22746,Discavow,bleeding-hollow,1626,priest,discipline,51,31,20
22747,Luthiene,area-52,1626,priest,discipline,174,99,75
22748,Brothercarl,stormrage,1626,priest,discipline,95,51,44
22749,Raxekk,stormrage,1626,priest,discipline,48,25,23
22750,Slickwilly,bloodhoof,1626,priest,discipline,257,125,132
22751,Psycozis,hyjal,1625,priest,discipline,262,138,124
22752,Yeeseafood,tichondrius,1625,priest,discipline,36,17,19
22753,Peelforheals,nordrassil,1625,priest,discipline,48,21,27
22754,Jatral,azralon,1625,priest,discipline,53,23,30
22755,Amberturd,cenarius,1625,priest,discipline,54,20,34
22756,Vinvictus,tichondrius,1624,priest,discipline,225,108,117
22757,Ussmissouri,area-52,1624,priest,discipline,141,63,78
22758,Incisions,moon-guard,1623,priest,discipline,84,49,35
22759,Caesus,sargeras,1623,priest,discipline,124,70,54
22760,Illuminare,sargeras,1623,priest,discipline,154,82,72
22761,Gamist,area-52,1623,priest,discipline,132,70,62
22762,Chookspriest,tichondrius,1623,priest,discipline,74,37,37
22763,Liteztvp,tichondrius,1623,priest,discipline,150,68,82
22764,Dream,kelthuzad,1622,priest,discipline,30,17,13
22765,Wickedpriest,malganis,1622,priest,discipline,54,25,29
22766,Kûrtt,azralon,1622,priest,discipline,42,19,23
22767,Sätîvá,tichondrius,1621,priest,discipline,38,20,18
22768,Vsat,illidan,1621,priest,discipline,48,23,25
22769,Tammyone,emerald-dream,1620,priest,discipline,66,42,24
22770,Pigro,area-52,1620,priest,discipline,30,19,11
22771,Samirah,arthas,1620,priest,discipline,36,20,16
22772,Halfcutt,tichondrius,1620,priest,discipline,48,23,25
22773,Dolm,tichondrius,1619,priest,discipline,190,99,91
22774,Baddmachine,illidan,1619,priest,discipline,47,21,26
22775,Iyoui,tichondrius,1618,priest,discipline,24,17,7
22776,Rigxy,arthas,1618,priest,discipline,51,35,16
22777,Archìtects,wyrmrest-accord,1618,priest,discipline,42,25,17
22778,Timbobaloo,thrall,1618,priest,discipline,58,33,25
22779,Syrul,tichondrius,1618,priest,discipline,63,34,29
22780,Esciel,ragnaros,1618,priest,discipline,72,32,40
22781,Punisherror,area-52,1618,priest,discipline,52,22,30
22782,Astrøpriest,tichondrius,1618,priest,discipline,54,22,32
22783,Jmr,onyxia,1617,priest,discipline,24,17,7
22784,Khathor,kargath,1617,priest,discipline,30,17,13
22785,Gurlyounasty,khazgoroth,1617,priest,discipline,103,55,48
22786,Trollpreist,tichondrius,1617,priest,discipline,106,53,53
22787,Prayussy,tichondrius,1616,priest,discipline,135,72,63
22788,Hoshx,sargeras,1615,priest,discipline,66,40,26
22789,Kraamur,area-52,1615,priest,discipline,96,57,39
22790,Jîtters,silvermoon,1615,priest,discipline,84,45,39
22791,Downturn,tichondrius,1615,priest,discipline,36,17,19
22792,Catbabyeah,tichondrius,1614,priest,discipline,36,26,10
22793,Buchöna,quelthalas,1614,priest,discipline,77,41,36
22794,Zymmie,moon-guard,1614,priest,discipline,78,34,44
22795,Iovedoctor,tichondrius,1614,priest,discipline,78,25,53
22796,Sâsh,stormrage,1613,priest,discipline,72,40,32
22797,Nolar,shadowmoon,1613,priest,discipline,36,20,16
22798,Mudshadow,tichondrius,1613,priest,discipline,97,53,44
22799,Aåurøra,stormrage,1613,priest,discipline,46,23,23
22800,ßðßßÿ,area-52,1613,priest,discipline,42,21,21
22801,Onezor,frostmourne,1612,priest,discipline,66,34,32
22802,Kks,tichondrius,1612,priest,discipline,90,46,44
22803,Shrax,emerald-dream,1612,priest,discipline,132,64,68
22804,Gsek,nemesis,1611,priest,discipline,36,23,13
22805,Scruge,frostmourne,1611,priest,discipline,55,32,23
22806,Slumpbusterx,bonechewer,1611,priest,discipline,67,36,31
22807,Vincejddp,zuljin,1611,priest,discipline,199,105,94
22808,Haill,quelthalas,1611,priest,discipline,76,38,38
22809,Shadoris,antonidas,1611,priest,discipline,48,23,25
22810,Cinsare,moon-guard,1610,priest,discipline,84,49,35
22811,Swagraptor,stormreaver,1610,priest,discipline,98,54,44
22812,Blathers,malganis,1610,priest,discipline,92,48,44
22813,Interworld,illidan,1610,priest,discipline,50,24,26
22814,Mortteus,agamaggan,1610,priest,discipline,60,28,32
22815,Pleasant,dathremar,1610,priest,discipline,123,52,71
22816,Valeilah,illidan,1609,priest,discipline,102,68,34
22817,Ryno,cenarion-circle,1609,priest,discipline,38,20,18
22818,Fõrcedtowipe,tichondrius,1609,priest,discipline,180,93,87
22819,Gsek,azralon,1608,priest,discipline,54,34,20
22820,Wrekkit,area-52,1608,priest,discipline,84,42,42
22821,Dawgshiz,tichondrius,1608,priest,discipline,40,20,20
22822,Reginaa,nemesis,1608,priest,discipline,65,30,35
22823,Buttfive,illidan,1608,priest,discipline,58,24,34
22824,Exøtic,tichondrius,1607,priest,discipline,30,21,9
22825,Indigojuly,sargeras,1607,priest,discipline,52,31,21
22826,Milkkz,zuljin,1607,priest,discipline,36,20,16
22827,Swartzp,tichondrius,1607,priest,discipline,104,55,49
22828,Darknus,sargeras,1607,priest,discipline,78,37,41
22829,Ggsaurusrex,area-52,1607,priest,discipline,36,17,19
22830,Teewat,illidan,1606,priest,discipline,42,23,19
22831,Kazuret,ragnaros,1606,priest,discipline,242,125,117
22832,Lovesy,burning-legion,1606,priest,discipline,60,30,30
22833,Luciellis,sargeras,1606,priest,discipline,48,23,25
22834,Darkispriest,tichondrius,1606,priest,discipline,36,17,19
22835,Trojanphobia,bleeding-hollow,1605,priest,discipline,36,20,16
22836,Yoggismydad,emerald-dream,1605,priest,discipline,185,95,90
22837,Snakedoc,emerald-dream,1605,priest,discipline,66,33,33
22838,Crypcanheal,sargeras,1605,priest,discipline,349,165,184
22839,Horzp,bleeding-hollow,1605,priest,discipline,42,17,25
22840,Míkò,sargeras,1604,priest,discipline,18,17,1
22841,Hoglet,moon-guard,1604,priest,discipline,65,39,26
22842,Djc,tichondrius,1604,priest,discipline,78,40,38
22843,Priestass,bleeding-hollow,1604,priest,discipline,78,37,41
22844,Deathsmoke,ragnaros,1604,priest,discipline,58,27,31
22845,Vern,laughing-skull,1604,priest,discipline,78,29,49
22846,Lines,sargeras,1603,priest,discipline,70,38,32
22847,Fukneasy,darkspear,1603,priest,discipline,37,20,17
22848,Iamgess,kilrogg,1603,priest,discipline,42,22,20
22849,Moalboal,tichondrius,1603,priest,discipline,102,52,50
22850,Daburnz,bleeding-hollow,1603,priest,discipline,72,36,36
22851,Fäctor,bleeding-hollow,1603,priest,discipline,78,36,42
22852,Resortv,illidan,1602,priest,discipline,42,32,10
22853,Arcalon,thrall,1602,priest,discipline,86,45,41
22854,Gromkekz,area-52,1602,priest,discipline,73,38,35
22855,Crizem,bleeding-hollow,1602,priest,discipline,242,119,123
22856,Ünagi,thrall,1602,priest,discipline,77,34,43
22857,Beeffdaddy,tichondrius,1602,priest,discipline,87,38,49
22858,Mealmassttr,frostmourne,1602,priest,discipline,66,27,39
22859,Flatëarth,tichondrius,1601,priest,discipline,54,33,21
22860,Mepisth,sargeras,1600,priest,discipline,66,36,30
22861,Zarakonna,illidan,1600,priest,discipline,60,32,28
22862,Charbosan,gorgonnash,1600,priest,discipline,471,246,225
22863,Eccentrixx,mannoroth,1600,priest,discipline,54,28,26
22864,Obsolete,area-52,1600,priest,discipline,36,17,19
22865,Marython,tichondrius,1600,priest,discipline,52,22,30
22866,Puttles,tichondrius,1600,priest,discipline,60,22,38
22867,Dbod,tichondrius,1599,priest,discipline,186,98,88
22868,Joeyslaps,frostwolf,1599,priest,discipline,53,26,27
22869,Zunari,thrall,1599,priest,discipline,48,23,25
22870,Andypr,illidan,1599,priest,discipline,54,20,34
22871,Muffinboy,illidan,1599,priest,discipline,48,17,31
22872,Dupaforted,stormrage,1598,priest,discipline,71,26,45
22873,Wøo,area-52,1597,priest,discipline,45,28,17
22874,Zulazane,azralon,1597,priest,discipline,208,114,94
22875,Choochang,sargeras,1596,priest,discipline,29,22,7
22876,Weapestrong,tichondrius,1596,priest,discipline,30,18,12
22877,Emytoty,ragnaros,1596,priest,discipline,138,75,63
22878,Ivorytiger,bleeding-hollow,1596,priest,discipline,42,19,23
22879,Rmxx,illidan,1595,priest,discipline,119,64,55
22880,Jhivagosp,tichondrius,1594,priest,discipline,36,20,16
22881,Bonoo,tichondrius,1594,priest,discipline,282,147,135
22882,Famemolol,tichondrius,1594,priest,discipline,213,105,108
22883,Gummachine,tichondrius,1594,priest,discipline,36,17,19
22884,Comana,frostmourne,1594,priest,discipline,53,25,28
22885,Drtyror,area-52,1593,priest,discipline,24,17,7
22886,Planchebois,zuljin,1592,priest,discipline,36,20,16
22887,Isteri,thrall,1590,priest,discipline,52,26,26
22888,Woosanghong,tichondrius,1590,priest,discipline,90,44,46
22889,Emotionally,sargeras,1589,priest,discipline,30,20,10
22890,Arzaei,quelthalas,1589,priest,discipline,74,39,35
22891,Eggsdenny,illidan,1588,priest,discipline,36,17,19
22892,Primael,tichondrius,1587,priest,discipline,40,18,22
22893,Conezy,frostmourne,1586,priest,discipline,60,32,28
22894,Bistek,bleeding-hollow,1586,priest,discipline,148,74,74
22895,Rilad,icecrown,1586,priest,discipline,180,86,94
22896,Hasby,area-52,1585,priest,discipline,60,38,22
22897,Tuniepope,sargeras,1585,priest,discipline,57,34,23
22898,Priestreto,zuljin,1585,priest,discipline,77,42,35
22899,Alaran,magtheridon,1584,priest,discipline,35,21,14
22900,Ärchangél,tichondrius,1584,priest,discipline,54,28,26
22901,Zerokool,moonrunner,1583,priest,discipline,42,25,17
22902,Rómmul,azralon,1582,priest,discipline,65,33,32
22903,Tecnica,kelthuzad,1582,priest,discipline,107,51,56
22904,Maomaoangel,tichondrius,1581,priest,discipline,42,22,20
22905,Shieldharder,stormrage,1581,priest,discipline,39,18,21
22906,Gus,the-venture-co,1580,priest,discipline,78,44,34
22907,Trengodqt,destromath,1580,priest,discipline,113,57,56
22908,Cringepriest,area-52,1579,priest,discipline,54,33,21
22909,Bigwap,illidan,1579,priest,discipline,60,29,31
22910,Krusheal,tichondrius,1578,priest,discipline,35,18,17
22911,Knucklesandy,tichondrius,1576,priest,discipline,35,17,18
22912,Predolph,illidan,1575,priest,discipline,48,26,22
22913,Blindingstar,area-52,1574,priest,discipline,57,33,24
22914,Brxddx,sargeras,1574,priest,discipline,71,34,37
22915,Anahka,tichondrius,1574,priest,discipline,42,18,24
22916,Summersetisl,tichondrius,1574,priest,discipline,42,18,24
22917,Gankdez,kelthuzad,1573,priest,discipline,99,52,47
22918,Pinchevato,ragnaros,1573,priest,discipline,200,103,97
22919,Bloodify,azralon,1573,priest,discipline,95,46,49
22920,Kihlupr,frostmourne,1573,priest,discipline,58,25,33
22921,Bubblebuddí,tichondrius,1572,priest,discipline,68,37,31
22922,Dellitor,illidan,1572,priest,discipline,41,21,20
22923,Holymagetv,tichondrius,1572,priest,discipline,39,18,21
22924,Archeo,area-52,1572,priest,discipline,60,19,41
22925,Malpractíce,zuljin,1571,priest,discipline,95,50,45
22926,Tokaru,frostmourne,1571,priest,discipline,56,26,30
22927,Valdurai,stormrage,1570,priest,discipline,41,23,18
22928,Bingleboi,area-52,1570,priest,discipline,166,90,76
22929,Önagashøw,azralon,1570,priest,discipline,265,135,130
22930,Life,thrall,1570,priest,discipline,95,48,47
22931,Badhabit,zuluhed,1570,priest,discipline,91,40,51
22932,Ariês,tichondrius,1570,priest,discipline,54,20,34
22933,Ppsp,azralon,1569,priest,discipline,42,25,17
22934,Leliane,tichondrius,1569,priest,discipline,48,27,21
22935,Ol,firetree,1569,priest,discipline,51,25,26
22936,Trickyhobo,area-52,1567,priest,discipline,66,40,26
22937,Feymuhs,blackrock,1567,priest,discipline,90,48,42
22938,Fairlightpp,zuljin,1567,priest,discipline,72,36,36
22939,Jiñx,destromath,1566,priest,discipline,260,136,124
22940,Alexsp,amanthul,1565,priest,discipline,76,45,31
22941,Erinzdern,quelthalas,1565,priest,discipline,58,31,27
22942,Mylo,azralon,1564,priest,discipline,42,23,19
22943,Nijoral,tichondrius,1564,priest,discipline,348,182,166
22944,Scarabless,bleeding-hollow,1564,priest,discipline,138,62,76
22945,Deadnyx,tichondrius,1562,priest,discipline,36,20,16
22946,Hadtogothere,kelthuzad,1562,priest,discipline,209,103,106
22947,Valyx,tichondrius,1561,priest,discipline,116,63,53
22948,Jylertason,kelthuzad,1561,priest,discipline,52,25,27
22949,Verna,dunemaul,1560,priest,discipline,85,47,38
22950,Tyksu,area-52,1560,priest,discipline,94,50,44
22951,Shadzx,andorhal,1559,priest,discipline,35,17,18
22952,Moustachío,stormrage,1559,priest,discipline,53,24,29
22953,Spliffs,tichondrius,1559,priest,discipline,77,29,48
22954,Melitele,magtheridon,1558,priest,discipline,36,21,15
22955,Highasf,sargeras,1558,priest,discipline,72,41,31
22956,Vanco,tichondrius,1558,priest,discipline,59,32,27
22957,Juckerr,tichondrius,1558,priest,discipline,156,82,74
22958,Säcrilege,drakkari,1558,priest,discipline,177,92,85
22959,Twistinfate,hyjal,1558,priest,discipline,119,58,61
22960,Thadino,nagrand,1558,priest,discipline,66,32,34
22961,Zsofi,rivendare,1558,priest,discipline,89,41,48
22962,Mellow,tichondrius,1558,priest,discipline,74,34,40
22963,Qenq,tichondrius,1557,priest,discipline,30,17,13
22964,Gucciflops,tichondrius,1557,priest,discipline,48,25,23
22965,Kaeda,drenden,1557,priest,discipline,54,27,27
22966,Sensaye,dalaran,1557,priest,discipline,75,37,38
22967,Ropriest,frostmourne,1557,priest,discipline,59,29,30
22968,Zizziz,tichondrius,1557,priest,discipline,54,26,28
22969,Datdarnbéar,stormrage,1557,priest,discipline,54,25,29
22970,Karebenniian,area-52,1554,priest,discipline,96,48,48
22971,Shesaidthat,stormrage,1554,priest,discipline,189,93,96
22972,Carti,bleeding-hollow,1553,priest,discipline,226,125,101
22973,Sacrify,ragnaros,1553,priest,discipline,60,29,31
22974,Rustypinball,bleeding-hollow,1552,priest,discipline,29,19,10
22975,Rhima,tichondrius,1552,priest,discipline,97,51,46
22976,Rexîfy,zuljin,1551,priest,discipline,41,25,16
22977,Mfynch,sargeras,1551,priest,discipline,66,40,26
22978,Grannieslove,sargeras,1551,priest,discipline,48,28,20
22979,Zachlol,area-52,1551,priest,discipline,90,52,38
22980,Gommacura,stormrage,1551,priest,discipline,178,93,85
22981,Pilixil,bleeding-hollow,1551,priest,discipline,42,21,21
22982,Sorrowful,mannoroth,1550,priest,discipline,30,19,11
22983,Unisia,tichondrius,1550,priest,discipline,98,41,57
22984,Fámóus,stormrage,1549,priest,discipline,83,30,53
22985,Nisagerx,tichondrius,1548,priest,discipline,33,19,14
22986,Aralia,ragnaros,1548,priest,discipline,87,42,45
22987,Kaguyä,ragnaros,1547,priest,discipline,41,24,17
22988,Luhhx,sargeras,1547,priest,discipline,36,19,17
22989,Azureslaps,tichondrius,1547,priest,discipline,212,106,106
22990,Lydra,ragnaros,1547,priest,discipline,195,91,104
22991,Sâishâ,proudmoore,1547,priest,discipline,188,84,104
22992,Jugeumx,proudmoore,1547,priest,discipline,48,19,29
22993,Uriyel,quelthalas,1546,priest,discipline,119,62,57
22994,Sacredlight,malygos,1546,priest,discipline,99,51,48
22995,Linarindil,hyjal,1546,priest,discipline,102,51,51
22996,Kflexx,hydraxis,1546,priest,discipline,110,40,70
22997,Hennywhite,sargeras,1545,priest,discipline,90,42,48
22998,Shadöwtest,quelthalas,1545,priest,discipline,113,49,64
22999,Goo,boulderfist,1544,priest,discipline,36,22,14
23000,Nutshotxx,skullcrusher,1544,priest,discipline,154,67,87
23001,Herder,zuljin,1543,priest,discipline,41,25,16
23002,Justashadow,zangarmarsh,1542,priest,discipline,103,59,44
23003,Kimjongdots,illidan,1542,priest,discipline,44,24,20
23004,Bigdaddios,dalaran,1542,priest,discipline,41,18,23
23005,Metick,illidan,1542,priest,discipline,48,18,30
23006,Zórg,stormrage,1541,priest,discipline,56,30,26
23007,Makuwu,area-52,1541,priest,discipline,93,49,44
23008,Winss,tichondrius,1541,priest,discipline,220,114,106
23009,Qmabayteckkl,tichondrius,1540,priest,discipline,42,23,19
23010,Alex,boulderfist,1540,priest,discipline,189,90,99
23011,Dawnsy,arygos,1540,priest,discipline,44,20,24
23012,Haduth,area-52,1539,priest,discipline,114,58,56
23013,Healbaby,illidan,1539,priest,discipline,157,78,79
23014,Avis,illidan,1538,priest,discipline,50,33,17
23015,Daddydoeet,zuljin,1538,priest,discipline,36,19,17
23016,Rourk,medivh,1537,priest,discipline,84,41,43
23017,Zllik,illidan,1536,priest,discipline,84,44,40
23018,Santhiel,ragnaros,1535,priest,discipline,42,18,24
23019,Iinu,tichondrius,1534,priest,discipline,113,62,51
23020,Highmoon,kelthuzad,1534,priest,discipline,30,16,14
23021,Sevÿ,malygos,1534,priest,discipline,40,20,20
23022,Feedya,tichondrius,1534,priest,discipline,311,153,158
23023,Gilthðniel,quelthalas,1534,priest,discipline,219,104,115
23024,Maid,demon-soul,1534,priest,discipline,63,28,35
23025,Dëàthwîsh,tichondrius,1533,priest,discipline,30,16,14
23026,Priesmatco,area-52,1533,priest,discipline,81,40,41
23027,Androalis,thaurissan,1532,priest,discipline,36,20,16
23028,Pocserpriest,drakkari,1532,priest,discipline,38,17,21
23029,Cazuex,ragnaros,1531,priest,discipline,24,16,8
23030,Pryst,bonechewer,1531,priest,discipline,54,28,26
23031,Bryelx,ragnaros,1531,priest,discipline,108,55,53
23032,Vañity,malganis,1531,priest,discipline,66,33,33
23033,Robdàwg,illidan,1531,priest,discipline,36,16,20
23034,Johanna,tichondrius,1530,priest,discipline,24,16,8
23035,Scræm,sargeras,1530,priest,discipline,97,44,53
23036,Aríola,frostmourne,1529,priest,discipline,69,37,32
23037,Finnabustt,tichondrius,1529,priest,discipline,94,49,45
23038,Luvenia,sargeras,1529,priest,discipline,114,58,56
23039,Halö,area-52,1529,priest,discipline,54,26,28
23040,Griddly,alterac-mountains,1528,priest,discipline,102,56,46
23041,Truce,moon-guard,1528,priest,discipline,77,39,38
23042,Beefoverload,durotan,1527,priest,discipline,96,46,50
23043,Swapsy,illidan,1526,priest,discipline,47,27,20
23044,Jacksreturne,kelthuzad,1526,priest,discipline,338,168,170
23045,Alëssana,illidan,1526,priest,discipline,122,60,62
23046,Umbrous,ysera,1525,priest,discipline,42,18,24
23047,Matics,tichondrius,1524,priest,discipline,56,29,27
23048,Thedude,spirestone,1524,priest,discipline,36,16,20
23049,Oesobagi,tichondrius,1523,priest,discipline,68,39,29
23050,Sonofbetch,emerald-dream,1523,priest,discipline,55,30,25
23051,Bloodytears,kiljaeden,1523,priest,discipline,138,65,73
23052,Razledazzled,grizzly-hills,1523,priest,discipline,74,34,40
23053,Propagàndhi,daggerspine,1523,priest,discipline,104,45,59
23054,Zortkis,garithos,1523,priest,discipline,52,20,32
23055,Madhairy,ragnaros,1522,priest,discipline,126,65,61
23056,Niurouchuan,tichondrius,1522,priest,discipline,123,60,63
23057,Winsforgoldd,area-52,1521,priest,discipline,34,17,17
23058,Pheener,stormreaver,1521,priest,discipline,198,97,101
23059,Aphrodìtë,tichondrius,1521,priest,discipline,78,38,40
23060,Magpul,arthas,1521,priest,discipline,36,16,20
23061,Jâldabaoth,area-52,1520,priest,discipline,48,29,19
23062,Ezzy,bleeding-hollow,1520,priest,discipline,48,24,24
23063,Pedobearx,ragnaros,1520,priest,discipline,54,22,32
23064,Hideyason,area-52,1519,priest,discipline,60,31,29
23065,Augustrox,ragnaros,1519,priest,discipline,42,21,21
23066,Dædrà,stormrage,1519,priest,discipline,76,37,39
23067,Blessrish,icecrown,1519,priest,discipline,66,31,35
23068,Aleykz,illidan,1518,priest,discipline,41,24,17
23069,Nanoboost,dark-iron,1518,priest,discipline,477,233,244
23070,Shunio,illidan,1518,priest,discipline,54,23,31
23071,Bobelgum,emerald-dream,1517,priest,discipline,36,26,10
23072,Bonnieron,frostmourne,1516,priest,discipline,77,39,38
23073,Triangle,draka,1516,priest,discipline,36,17,19
23074,Drupmonst,dalaran,1516,priest,discipline,60,26,34
23075,Lavenderism,moon-guard,1515,priest,discipline,54,29,25
23076,Friendzonefw,illidan,1515,priest,discipline,126,60,66
23077,Lauretânia,nemesis,1515,priest,discipline,72,32,40
23078,Marantbourge,frostmourne,1514,priest,discipline,122,57,65
23079,Fakechow,nathrezim,1513,priest,discipline,95,47,48
23080,Josquin,illidan,1513,priest,discipline,47,22,25
23081,Inssania,ragnaros,1513,priest,discipline,60,28,32
23082,Gustáv,sargeras,1512,priest,discipline,72,37,35
23083,Evilspreist,arthas,1512,priest,discipline,108,48,60
23084,Absørptiøn,area-52,1511,priest,discipline,42,23,19
23085,Mse,eonar,1511,priest,discipline,48,26,22
23086,Galestick,illidan,1511,priest,discipline,30,16,14
23087,Nottahealer,anvilmar,1511,priest,discipline,36,18,18
23088,Doggyy,tichondrius,1510,priest,discipline,148,82,66
23089,Manascythe,illidan,1510,priest,discipline,46,22,24
23090,Zroheals,illidan,1510,priest,discipline,101,45,56
23091,Cexcexyomi,tichondrius,1509,priest,discipline,61,33,28
23092,Agraheals,barthilas,1509,priest,discipline,42,22,20
23093,Life,amanthul,1508,priest,discipline,64,39,25
23094,Ballzach,ysera,1508,priest,discipline,197,102,95
23095,Euphotic,tichondrius,1507,priest,discipline,55,29,26
23096,Hawtzp,stormrage,1506,priest,discipline,42,24,18
23097,Akëla,nemesis,1506,priest,discipline,42,18,24
23098,Zinnar,dalaran,1506,priest,discipline,96,38,58
23099,Chainsalight,stormrage,1505,priest,discipline,144,77,67
23100,Altarboy,agamaggan,1505,priest,discipline,62,30,32
23101,Perothon,garrosh,1505,priest,discipline,60,27,33
23102,Legó,illidan,1504,priest,discipline,60,29,31
23103,Scrollozaddy,illidan,1503,priest,discipline,81,56,25
23104,Rháényra,tichondrius,1502,priest,discipline,36,20,16
23105,Dachenchen,tichondrius,1501,priest,discipline,24,16,8
23106,Artista,quelthalas,1501,priest,discipline,100,54,46
23107,Nerfdisc,azralon,1501,priest,discipline,142,75,67
23108,Yoozi,sargeras,1501,priest,discipline,126,63,63
23109,Lelenia,tichondrius,1501,priest,discipline,49,22,27
23110,Soulcleave,dark-iron,1501,priest,discipline,42,16,26
23111,Howiecakes,bloodhoof,1501,priest,discipline,45,17,28
23112,Luffzie,barthilas,1500,priest,discipline,54,35,19
23113,Bailez,malganis,1500,priest,discipline,49,27,22
23114,Valtres,tichondrius,1499,priest,discipline,30,16,14
23115,Minii,tichondrius,1498,priest,discipline,31,19,12
23116,Jpray,bleeding-hollow,1498,priest,discipline,115,62,53
23117,Healther,firetree,1498,priest,discipline,30,16,14
23118,Approved,moon-guard,1498,priest,discipline,156,75,81
23119,Inkders,detheroc,1498,priest,discipline,58,26,32
23120,Boundword,emerald-dream,1498,priest,discipline,54,22,32
23121,Yorp,tichondrius,1497,priest,discipline,72,36,36
23122,Thottee,bleeding-hollow,1497,priest,discipline,120,55,65
23123,Valixia,sargeras,1497,priest,discipline,90,41,49
23124,Tajee,area-52,1496,priest,discipline,107,57,50
23125,Namemetwo,malganis,1496,priest,discipline,42,20,22
23126,Doutoodou,tichondrius,1495,priest,discipline,94,55,39
23127,Amarexlol,stormrage,1495,priest,discipline,54,27,27
23128,Zivn,tichondrius,1494,priest,discipline,588,306,282
23129,Sgiath,alleria,1493,priest,discipline,42,30,12
23130,Sleezi,emerald-dream,1493,priest,discipline,60,34,26
23131,Weezyxo,tichondrius,1493,priest,discipline,46,19,27
23132,Betterheals,tichondrius,1492,priest,discipline,145,79,66
23133,Bubblerwrapp,malganis,1492,priest,discipline,36,17,19
23134,Delrey,sargeras,1491,priest,discipline,38,19,19
23135,Saiyana,frostmourne,1491,priest,discipline,148,72,76
23136,Pootzy,malganis,1491,priest,discipline,72,27,45
23137,Kalilol,tichondrius,1490,priest,discipline,132,61,71
23138,Akayayuelol,tichondrius,1488,priest,discipline,24,19,5
23139,Discobluntzz,tichondrius,1488,priest,discipline,54,31,23
23140,Labraidor,tichondrius,1488,priest,discipline,185,81,104
23141,Orzington,laughing-skull,1487,priest,discipline,74,40,34
23142,Watchemeyolo,tichondrius,1487,priest,discipline,66,35,31
23143,Luxyel,azralon,1487,priest,discipline,149,65,84
23144,Zeusqt,azralon,1486,priest,discipline,168,90,78
23145,Windroseh,proudmoore,1486,priest,discipline,60,32,28
23146,Blobble,tichondrius,1486,priest,discipline,102,45,57
23147,Tëmpting,moon-guard,1485,priest,discipline,50,25,25
23148,Zilah,ravencrest,1485,priest,discipline,72,33,39
23149,Aerdaras,illidan,1485,priest,discipline,80,36,44
23150,Bater,mugthol,1484,priest,discipline,34,18,16
23151,Dingldangle,tichondrius,1483,priest,discipline,144,70,74
23152,Nidüz,stormrage,1483,priest,discipline,144,68,76
23153,Blacklightz,korgath,1483,priest,discipline,91,42,49
23154,Prff,ragnaros,1483,priest,discipline,42,19,23
23155,Drully,moon-guard,1482,priest,discipline,83,41,42
23156,Zaemyn,dalaran,1482,priest,discipline,44,20,24
23157,Tartapelle,zuljin,1481,priest,discipline,78,44,34
23158,Vemilli,tichondrius,1481,priest,discipline,40,20,20
23159,Holypuffs,burning-legion,1481,priest,discipline,59,27,32
23160,Hysteria,dalaran,1480,priest,discipline,70,33,37
23161,Sstar,area-52,1479,priest,discipline,24,16,8
23162,Besó,proudmoore,1479,priest,discipline,102,58,44
23163,Keyoshe,altar-of-storms,1479,priest,discipline,90,43,47
23164,Lyrä,kiljaeden,1478,priest,discipline,55,29,26
23165,Confesiional,area-52,1478,priest,discipline,68,31,37
23166,Fenian,frostmourne,1477,priest,discipline,119,60,59
23167,Jjløver,tichondrius,1476,priest,discipline,24,16,8
23168,Rëckful,area-52,1476,priest,discipline,599,303,296
23169,Slipzie,sargeras,1475,priest,discipline,53,31,22
23170,Zenobiai,hyjal,1475,priest,discipline,115,60,55
23171,Xîîaotong,tichondrius,1473,priest,discipline,37,23,14
23172,Mistàclean,tichondrius,1473,priest,discipline,77,38,39
23173,Swagndragon,zuljin,1473,priest,discipline,86,42,44
23174,Weakwind,burning-blade,1471,priest,discipline,44,25,19
23175,Ricekak,haomarush,1471,priest,discipline,66,37,29
23176,Rufían,quelthalas,1471,priest,discipline,48,25,23
23177,Feorlar,tichondrius,1471,priest,discipline,66,32,34
23178,Mäí,ragnaros,1470,priest,discipline,60,41,19
23179,Bigtimeplay,tichondrius,1470,priest,discipline,42,25,17
23180,Yugewap,hyjal,1470,priest,discipline,102,60,42
23181,Doesine,area-52,1469,priest,discipline,42,25,17
23182,Skillfull,chogall,1468,priest,discipline,211,112,99
23183,Purged,shadowmoon,1468,priest,discipline,262,136,126
23184,Sandfire,thrall,1467,priest,discipline,30,16,14
23185,Stargoddess,illidan,1467,priest,discipline,168,84,84
23186,Shadowdaddy,barthilas,1466,priest,discipline,72,39,33
23187,Curemeste,illidan,1466,priest,discipline,90,47,43
23188,Preacharóund,frostmourne,1466,priest,discipline,72,36,36
23189,Yeyoz,tichondrius,1466,priest,discipline,70,33,37
23190,Wöödy,area-52,1465,priest,discipline,32,18,14
23191,Brian,lightnings-blade,1465,priest,discipline,46,24,22
23192,Fearnought,stormrage,1464,priest,discipline,55,29,26
23193,Vullena,moon-guard,1464,priest,discipline,60,28,32
23194,Oiled,barthilas,1463,priest,discipline,47,29,18
23195,Dib,arathor,1463,priest,discipline,48,25,23
23196,Gðttlich,stormrage,1462,priest,discipline,38,19,19
23197,Fallenumbra,area-52,1461,priest,discipline,77,44,33
23198,Priestsz,stormrage,1461,priest,discipline,151,78,73
23199,Ínfocus,area-52,1460,priest,discipline,120,57,63
23200,Syfy,thrall,1460,priest,discipline,108,45,63
23201,Growth,fizzcrank,1460,priest,discipline,60,24,36
23202,Floratil,ragnaros,1459,priest,discipline,54,21,33
23203,Nexp,tichondrius,1458,priest,discipline,41,29,12
23204,Xerzosh,area-52,1458,priest,discipline,132,70,62
23205,Prayf,area-52,1458,priest,discipline,92,43,49
23206,Forsakenz,jaedenar,1458,priest,discipline,60,27,33
23207,Darenlor,tichondrius,1458,priest,discipline,93,40,53
23208,Shykaii,azralon,1456,priest,discipline,108,61,47
23209,Crashed,frostmourne,1456,priest,discipline,36,20,16
23210,Kälëy,ragnaros,1456,priest,discipline,59,31,28
23211,Akovob,tichondrius,1456,priest,discipline,50,25,25
23212,Merkinhealz,darkspear,1456,priest,discipline,48,24,24
23213,Sineater,zuljin,1456,priest,discipline,77,36,41
23214,Tiannatrump,stormrage,1455,priest,discipline,53,31,22
23215,Triggaz,tichondrius,1455,priest,discipline,100,54,46
23216,Calientaeggs,drakkari,1454,priest,discipline,104,57,47
23217,Huevos,blackwing-lair,1454,priest,discipline,144,76,68
23218,Giveheadpats,moon-guard,1454,priest,discipline,101,47,54
23219,Modotszilla,bleeding-hollow,1454,priest,discipline,36,16,20
23220,Hermeneutic,illidan,1454,priest,discipline,39,17,22
23221,Jaindoe,illidan,1453,priest,discipline,84,46,38
23222,Ünarû,illidan,1452,priest,discipline,102,57,45
23223,Puddín,area-52,1452,priest,discipline,84,42,42
23224,Xeras,misha,1452,priest,discipline,47,21,26
23225,Azaradet,ragnaros,1452,priest,discipline,78,31,47
23226,Sadnez,illidan,1451,priest,discipline,91,51,40
23227,Billzerian,nemesis,1451,priest,discipline,36,20,16
23228,Spookynun,moon-guard,1450,priest,discipline,216,122,94
23229,Vezaxx,barthilas,1450,priest,discipline,108,55,53
23230,Phasmaaxd,tichondrius,1450,priest,discipline,59,29,30
23231,Vampiric,laughing-skull,1449,priest,discipline,36,20,16
23232,Wisher,tichondrius,1447,priest,discipline,110,45,65
23233,Priøst,tichondrius,1446,priest,discipline,63,38,25
23234,Newchaos,hakkar,1446,priest,discipline,40,24,16
23235,Zäelly,moon-guard,1446,priest,discipline,192,98,94
23236,Mileslol,azgalor,1446,priest,discipline,68,34,34
23237,Mamabless,quelthalas,1445,priest,discipline,460,238,222
23238,Stynke,bleeding-hollow,1445,priest,discipline,54,16,38
23239,Sappes,area-52,1443,priest,discipline,154,87,67
23240,Specialed,wildhammer,1443,priest,discipline,65,36,29
23241,Yótecuro,quelthalas,1443,priest,discipline,66,31,35
23242,Raisonpriest,tichondrius,1442,priest,discipline,84,44,40
23243,Kiritomauti,ragnaros,1442,priest,discipline,42,18,24
23244,Mannius,tichondrius,1441,priest,discipline,54,26,28
23245,Shadowblax,thrall,1441,priest,discipline,160,75,85
23246,Saentha,sargeras,1440,priest,discipline,48,23,25
23247,Docmcstufins,darkspear,1440,priest,discipline,65,31,34
23248,Kristyenna,boulderfist,1440,priest,discipline,42,20,22
23249,Goodvybes,tichondrius,1440,priest,discipline,54,23,31
23250,Tallshiraz,destromath,1439,priest,discipline,24,19,5
23251,Cubski,darkspear,1439,priest,discipline,30,15,15
23252,Umadcüzubad,azralon,1439,priest,discipline,115,54,61
23253,Keepyaheadup,malganis,1438,priest,discipline,18,15,3
23254,Grimspriest,moon-guard,1438,priest,discipline,30,16,14
23255,Disperse,vashj,1438,priest,discipline,138,62,76
23256,Tekneeq,barthilas,1438,priest,discipline,42,16,26
23257,Rabbix,aggramar,1437,priest,discipline,30,19,11
23258,Mason,winterhoof,1437,priest,discipline,24,15,9
23259,Yotinha,stormrage,1437,priest,discipline,24,15,9
23260,Joesus,kelthuzad,1437,priest,discipline,38,17,21
23261,Vivián,tichondrius,1436,priest,discipline,115,63,52
23262,Compåctdisc,sargeras,1436,priest,discipline,36,18,18
23263,Jacob,shadowmoon,1436,priest,discipline,153,74,79
23264,Draazja,dalaran,1436,priest,discipline,126,60,66
23265,Mandymuze,barthilas,1436,priest,discipline,71,31,40
23266,Amãnita,illidan,1436,priest,discipline,35,15,20
23267,Pphill,aegwynn,1436,priest,discipline,48,19,29
23268,Murdock,the-forgotten-coast,1435,priest,discipline,56,31,25
23269,Bootycough,malganis,1435,priest,discipline,63,32,31
23270,Nasser,tichondrius,1435,priest,discipline,30,15,15
23271,Sliding,wyrmrest-accord,1435,priest,discipline,30,15,15
23272,Miix,proudmoore,1434,priest,discipline,18,15,3
23273,Luminous,moon-guard,1434,priest,discipline,137,73,64
23274,Apâthy,area-52,1434,priest,discipline,48,20,28
23275,Lípjju,tichondrius,1434,priest,discipline,36,15,21
23276,Soméone,sargeras,1433,priest,discipline,128,70,58
23277,Baali,moon-guard,1432,priest,discipline,29,21,8
23278,Amorus,illidan,1432,priest,discipline,60,40,20
23279,Madjak,lightnings-blade,1432,priest,discipline,90,52,38
23280,Necrodiva,magtheridon,1432,priest,discipline,84,43,41
23281,Rôôk,kiljaeden,1432,priest,discipline,56,26,30
23282,Lullabya,tichondrius,1431,priest,discipline,24,15,9
23283,Havocshadows,deathwing,1431,priest,discipline,176,107,69
23284,Tiskka,magtheridon,1431,priest,discipline,62,27,35
23285,Elysiana,wyrmrest-accord,1430,priest,discipline,18,15,3
23286,Jinxaleyster,ragnaros,1430,priest,discipline,113,64,49
23287,Eridan,moon-guard,1429,priest,discipline,65,33,32
23288,Kwaremont,sargeras,1429,priest,discipline,30,15,15
23289,Faithmelter,stormrage,1429,priest,discipline,49,24,25
23290,Jilt,aerie-peak,1428,priest,discipline,90,53,37
23291,ßlest,stormrage,1428,priest,discipline,96,56,40
23292,Tainna,quelthalas,1428,priest,discipline,78,44,34
23293,Healthreat,area-52,1428,priest,discipline,58,31,27
23294,Elexy,tichondrius,1428,priest,discipline,72,37,35
23295,Luanwanx,tichondrius,1427,priest,discipline,48,26,22
23296,Cherryfuzz,sargeras,1427,priest,discipline,89,45,44
23297,Braffuki,frostmourne,1427,priest,discipline,95,45,50
23298,Pumtootoot,tichondrius,1427,priest,discipline,36,15,21
23299,Basisc,frostmourne,1426,priest,discipline,177,99,78
23300,Starshollow,ragnaros,1426,priest,discipline,37,18,19
23301,Haizsu,tichondrius,1426,priest,discipline,53,23,30
23302,Clockwororan,tichondrius,1425,priest,discipline,24,15,9
23303,Femìnazzi,ragnaros,1425,priest,discipline,64,35,29
23304,Voicekal,sargeras,1425,priest,discipline,77,41,36
23305,Blodwell,illidan,1425,priest,discipline,96,48,48
23306,Teeds,stormrage,1425,priest,discipline,69,34,35
23307,Langyi,tichondrius,1424,priest,discipline,72,41,31
23308,Staysmall,stormrage,1424,priest,discipline,30,15,15
23309,Manryu,tichondrius,1424,priest,discipline,48,17,31
23310,Dreadpriate,emerald-dream,1423,priest,discipline,92,46,46
23311,Shakky,queldorei,1423,priest,discipline,78,34,44
23312,Nolan,drakkari,1422,priest,discipline,47,27,20
23313,Zørb,area-52,1422,priest,discipline,54,31,23
23314,Ketaminè,tichondrius,1422,priest,discipline,48,25,23
23315,Miaria,chogall,1422,priest,discipline,126,63,63
23316,Eavin,laughing-skull,1422,priest,discipline,231,115,116
23317,Wpj,barthilas,1422,priest,discipline,51,17,34
23318,Bloatie,zuljin,1421,priest,discipline,42,28,14
23319,Izikial,illidan,1421,priest,discipline,48,24,24
23320,Holycast,arygos,1420,priest,discipline,24,15,9
23321,Sackura,quelthalas,1420,priest,discipline,49,26,23
23322,Machinecoach,stormrage,1419,priest,discipline,30,15,15
23323,Brotatochip,andorhal,1419,priest,discipline,49,24,25
23324,Malavidax,malganis,1419,priest,discipline,108,45,63
23325,Wïgjaw,tichondrius,1419,priest,discipline,60,25,35
23326,Takethat,emerald-dream,1418,priest,discipline,54,32,22
23327,Zjqf,akama,1418,priest,discipline,179,89,90
23328,Whehaw,kelthuzad,1418,priest,discipline,114,54,60
23329,Holyish,proudmoore,1418,priest,discipline,42,19,23
23330,Vundead,tichondrius,1418,priest,discipline,36,16,20
23331,Spazmode,malganis,1417,priest,discipline,75,38,37
23332,Strawson,quelthalas,1417,priest,discipline,84,40,44
23333,Sibble,boulderfist,1416,priest,discipline,38,17,21
23334,Shonkee,tichondrius,1415,priest,discipline,27,16,11
23335,Sasaberry,frostmourne,1415,priest,discipline,169,80,89
23336,Dtsgx,tichondrius,1414,priest,discipline,27,16,11
23337,Chimiechurro,proudmoore,1414,priest,discipline,72,37,35
23338,Suitoo,ragnaros,1414,priest,discipline,30,15,15
23339,Ankhxiety,area-52,1414,priest,discipline,71,33,38
23340,Aubine,sargeras,1414,priest,discipline,41,15,26
23341,Ananiel,moon-guard,1413,priest,discipline,24,15,9
23342,Hiraa,frostmourne,1413,priest,discipline,24,15,9
23343,Artiannaa,bleeding-hollow,1413,priest,discipline,42,24,18
23344,Clancygilroy,thrall,1413,priest,discipline,90,44,46
23345,Daluu,tichondrius,1413,priest,discipline,51,18,33
23346,Accismus,khadgar,1412,priest,discipline,78,37,41
23347,Feløre,quelthalas,1411,priest,discipline,46,29,17
23348,Angusb,sargeras,1410,priest,discipline,80,35,45
23349,Joktips,proudmoore,1409,priest,discipline,84,45,39
23350,Buqisama,barthilas,1409,priest,discipline,72,29,43
23351,Jamesxupttv,draenor,1408,priest,discipline,52,28,24
23352,Shelak,frostmourne,1408,priest,discipline,62,33,29
23353,Eatmyfear,quelthalas,1408,priest,discipline,247,122,125
23354,Verchou,shattered-hand,1408,priest,discipline,36,15,21
23355,Midoopriest,proudmoore,1408,priest,discipline,36,15,21
23356,Justanoutlaw,darkspear,1407,priest,discipline,36,21,15
23357,Kawin,goldrinn,1407,priest,discipline,101,54,47
23358,Sunenergy,tichondrius,1407,priest,discipline,78,41,37
23359,Dmlx,frostmourne,1406,priest,discipline,72,47,25
23360,Smirkinlive,illidan,1405,priest,discipline,32,20,12
23361,Seáoflions,aggramar,1405,priest,discipline,24,15,9
23362,Eshimä,quelthalas,1405,priest,discipline,69,40,29
23363,Tryst,the-underbog,1404,priest,discipline,60,37,23
23364,Iivelaughluv,kiljaeden,1404,priest,discipline,33,20,13
23365,Gurgs,emerald-dream,1404,priest,discipline,32,16,16
23366,Nihilm,emerald-dream,1404,priest,discipline,69,31,38
23367,Itsmaám,moon-guard,1403,priest,discipline,42,25,17
23368,Pitayakiller,tichondrius,1403,priest,discipline,29,15,14
23369,Gwyneth,whisperwind,1403,priest,discipline,80,35,45
23370,Nek,malganis,1402,priest,discipline,85,50,35
23371,Nicety,skywall,1402,priest,discipline,50,22,28
23372,Jelzz,area-52,1401,priest,discipline,28,17,11
23373,Dipadre,azralon,1401,priest,discipline,42,25,17
23374,Cezure,stormrage,1401,priest,discipline,227,119,108
23375,Bubbahotep,laughing-skull,1401,priest,discipline,52,25,27
23376,Khyonne,nemesis,1400,priest,discipline,68,37,31
23377,Oomed,bonechewer,1400,priest,discipline,106,55,51
23378,Hunanbeef,kiljaeden,1400,priest,discipline,58,29,29
23379,Cathêlay,bleeding-hollow,1400,priest,discipline,73,35,38
23380,Napzz,sargeras,1399,priest,discipline,36,21,15
23381,Shnítzel,thrall,1399,priest,discipline,103,51,52
23382,Smegmancer,korgath,1399,priest,discipline,54,24,30
23383,Ringofvalor,lightnings-blade,1398,priest,discipline,101,52,49
23384,Lonpriest,stormrage,1396,priest,discipline,174,79,95
23385,Slippedadisc,kelthuzad,1396,priest,discipline,42,19,23
23386,Ðohko,ragnaros,1395,priest,discipline,36,20,16
23387,Ems,dawnbringer,1394,priest,discipline,29,15,14
23388,Karminha,azralon,1393,priest,discipline,24,17,7
23389,Freck,stormrage,1393,priest,discipline,42,25,17
23390,Icônz,malganis,1393,priest,discipline,59,31,28
23391,Lilblackguys,stormrage,1393,priest,discipline,102,50,52
23392,Darkquinn,boulderfist,1393,priest,discipline,242,114,128
23393,Scriptz,frostwolf,1393,priest,discipline,66,30,36
23394,Raggasoca,malganis,1393,priest,discipline,99,44,55
23395,Ðiplø,tichondrius,1392,priest,discipline,35,21,14
23396,Donzorro,ragnaros,1392,priest,discipline,87,46,41
23397,Tluoc,nemesis,1391,priest,discipline,47,25,22
23398,Smittën,barthilas,1390,priest,discipline,72,40,32
23399,Phayzz,area-52,1390,priest,discipline,123,63,60
23400,Welovan,sargeras,1390,priest,discipline,46,23,23
23401,Chofis,nathrezim,1389,priest,discipline,36,24,12
23402,Leviathanh,tichondrius,1389,priest,discipline,42,27,15
23403,Zygotes,tichondrius,1388,priest,discipline,27,16,11
23404,Xyló,area-52,1388,priest,discipline,118,65,53
23405,Dårc,tichondrius,1386,priest,discipline,89,52,37
23406,Unholywizard,sargeras,1386,priest,discipline,66,37,29
23407,Vexyy,tichondrius,1385,priest,discipline,32,19,13
23408,Mursey,sargeras,1385,priest,discipline,111,51,60
23409,Tungus,shadowsong,1384,priest,discipline,97,51,46
23410,Voltstein,dalaran,1384,priest,discipline,68,32,36
23411,Palpitine,kiljaeden,1383,priest,discipline,48,26,22
23412,Arkenes,dalaran,1383,priest,discipline,78,41,37
23413,Wholeness,kelthuzad,1383,priest,discipline,48,21,27
23414,Sinnertitanz,quelthalas,1382,priest,discipline,84,44,40
23415,Holykushed,tichondrius,1382,priest,discipline,38,19,19
23416,Sukmysplooge,queldorei,1382,priest,discipline,66,28,38
23417,Bradythree,moon-guard,1380,priest,discipline,26,16,10
23418,Jinniu,azralon,1380,priest,discipline,42,17,25
23419,Bøness,area-52,1379,priest,discipline,94,50,44
23420,Helarix,malganis,1379,priest,discipline,127,58,69
23421,Winnzhor,bonechewer,1378,priest,discipline,41,27,14
23422,Evpray,area-52,1377,priest,discipline,24,18,6
23423,Lexinalis,stormrage,1376,priest,discipline,29,17,12
23424,Fádéd,tichondrius,1376,priest,discipline,29,15,14
23425,Hazzang,tichondrius,1376,priest,discipline,78,37,41
23426,Laüren,ragnaros,1376,priest,discipline,100,44,56
23427,Sixfiggas,darkspear,1375,priest,discipline,24,17,7
23428,Dlysexic,barthilas,1375,priest,discipline,66,35,31
23429,Sistamaggie,bleeding-hollow,1375,priest,discipline,66,33,33
23430,Jeresh,sargeras,1375,priest,discipline,59,17,42
23431,Bhoyka,ragnaros,1374,priest,discipline,27,16,11
23432,Lolweedbro,illidan,1374,priest,discipline,31,17,14
23433,Drinkndrive,tichondrius,1374,priest,discipline,51,27,24
23434,Risedead,azralon,1373,priest,discipline,91,50,41
23435,Zombieheals,gundrak,1373,priest,discipline,53,27,26
23436,Halcyon,eonar,1372,priest,discipline,74,34,40
23437,Karazhan,burning-legion,1371,priest,discipline,44,19,25
23438,Glauga,azralon,1371,priest,discipline,42,17,25
23439,Safetyy,bleeding-hollow,1370,priest,discipline,29,15,14
23440,Jìtters,silvermoon,1370,priest,discipline,36,17,19
23441,Onjah,kiljaeden,1369,priest,discipline,60,25,35
23442,Exploded,moon-guard,1369,priest,discipline,73,30,43
23443,Krindil,korgath,1367,priest,discipline,47,29,18
23444,Rickjames,laughing-skull,1367,priest,discipline,74,43,31
23445,Pipete,frostmourne,1367,priest,discipline,95,52,43
23446,Yürika,emerald-dream,1367,priest,discipline,48,17,31
23447,Meditåtion,tichondrius,1366,priest,discipline,102,48,54
23448,Solsano,stormrage,1365,priest,discipline,76,44,32
23449,Kurobankai,tichondrius,1364,priest,discipline,30,15,15
23450,Toxictampax,azjolnerub,1364,priest,discipline,64,25,39
23451,Halfyo,dragonmaw,1363,priest,discipline,90,49,41
23452,Nometh,emerald-dream,1363,priest,discipline,66,30,36
23453,Handyheals,frostmourne,1362,priest,discipline,101,54,47
23454,Füuzin,stormrage,1362,priest,discipline,66,34,32
23455,Curasia,drakkari,1360,priest,discipline,57,37,20
23456,Sadistic,hyjal,1360,priest,discipline,61,25,36
23457,Helianna,whisperwind,1360,priest,discipline,54,20,34
23458,Trummp,tichondrius,1359,priest,discipline,75,40,35
23459,Powerwordzz,dragonmaw,1359,priest,discipline,72,36,36
23460,Itsme,quelthalas,1359,priest,discipline,71,32,39
23461,Nêrô,dalaran,1359,priest,discipline,48,21,27
23462,Nomsayin,stormrage,1358,priest,discipline,19,15,4
23463,Crucïfïx,stormrage,1358,priest,discipline,70,41,29
23464,Nexoox,drakkari,1358,priest,discipline,42,23,19
23465,Tûbes,trollbane,1358,priest,discipline,101,42,59
23466,Replacednewb,chogall,1357,priest,discipline,51,27,24
23467,Aerdune,dalaran,1356,priest,discipline,68,36,32
23468,Easypriest,tichondrius,1356,priest,discipline,66,32,34
23469,Empower,garrosh,1355,priest,discipline,45,29,16
23470,Bigskill,proudmoore,1355,priest,discipline,36,17,19
23471,Masochist,barthilas,1353,priest,discipline,100,61,39
23472,Msdash,tichondrius,1353,priest,discipline,42,23,19
23473,Icetraygang,suramar,1353,priest,discipline,380,200,180
23474,Victrix,tichondrius,1353,priest,discipline,112,47,65
23475,Dotsfortots,malfurion,1352,priest,discipline,29,15,14
23476,Chìbiusa,gurubashi,1352,priest,discipline,106,52,54
23477,Aurajade,queldorei,1349,priest,discipline,30,15,15
23478,Beñzi,sargeras,1348,priest,discipline,26,16,10
23479,Dxskadi,stormrage,1348,priest,discipline,156,68,88
23480,Renews,azralon,1346,priest,discipline,46,25,21
23481,Revreal,thrall,1346,priest,discipline,48,25,23
23482,Benedictüs,tichondrius,1345,priest,discipline,154,77,77
23483,Pelagius,suramar,1345,priest,discipline,44,19,25
23484,Temkcalb,ragnaros,1344,priest,discipline,84,42,42
23485,Hoppus,stormrage,1344,priest,discipline,90,44,46
23486,Helibix,bleeding-hollow,1344,priest,discipline,50,20,30
23487,Bohomagz,tichondrius,1343,priest,discipline,24,14,10
23488,Tyreliy,eitrigg,1343,priest,discipline,150,78,72
23489,Fadewench,sargeras,1343,priest,discipline,41,21,20
23490,Míssdank,tichondrius,1343,priest,discipline,36,18,18
23491,Crazykitsune,thaurissan,1342,priest,discipline,42,27,15
23492,Lawroade,tichondrius,1342,priest,discipline,67,36,31
23493,Mitoloshi,ragnaros,1342,priest,discipline,114,55,59
23494,Jthealz,tichondrius,1342,priest,discipline,30,14,16
23495,Kobayashy,ragnaros,1341,priest,discipline,36,21,15
23496,Redcoolaid,moon-guard,1341,priest,discipline,24,14,10
23497,Armî,ragnaros,1341,priest,discipline,30,15,15
23498,Pettypriest,dalaran,1341,priest,discipline,31,15,16
23499,Zoap,stormrage,1341,priest,discipline,60,26,34
23500,Teiam,skullcrusher,1340,priest,discipline,24,14,10
23501,Psÿçhë,stormrage,1340,priest,discipline,30,14,16
23502,Eyolo,tichondrius,1340,priest,discipline,30,14,16
23503,Storylord,malganis,1340,priest,discipline,30,14,16
23504,Yeshùa,drakkari,1340,priest,discipline,110,51,59
23505,Protega,illidan,1339,priest,discipline,18,14,4
23506,Fleckyy,tichondrius,1339,priest,discipline,36,14,22
23507,Ksâh,bleeding-hollow,1338,priest,discipline,18,14,4
23508,Vehlind,quelthalas,1338,priest,discipline,101,52,49
23509,Knoskeezy,proudmoore,1337,priest,discipline,18,14,4
23510,Mateekie,malganis,1337,priest,discipline,40,21,19
23511,Monâ,sargeras,1337,priest,discipline,30,14,16
23512,Foxspritques,area-52,1337,priest,discipline,58,16,42
23513,Lilazngirl,stormrage,1336,priest,discipline,30,19,11
23514,Devilwithin,moon-guard,1336,priest,discipline,29,18,11
23515,Metagameswag,tichondrius,1335,priest,discipline,24,14,10
23516,Xxqq,illidan,1335,priest,discipline,24,14,10
23517,Sinsuu,tichondrius,1334,priest,discipline,36,19,17
23518,Erossenin,proudmoore,1334,priest,discipline,30,15,15
23519,Healmedaddyy,korgath,1334,priest,discipline,130,60,70
23520,Dederpriest,stormrage,1333,priest,discipline,18,14,4
23521,Rblood,emerald-dream,1332,priest,discipline,54,33,21
23522,Billymaays,azgalor,1332,priest,discipline,73,37,36
23523,Mangueroide,quelthalas,1332,priest,discipline,90,44,46
23524,Cathiah,darkspear,1331,priest,discipline,146,76,70
23525,Noveh,tichondrius,1331,priest,discipline,36,17,19
23526,Bathenape,bleeding-hollow,1330,priest,discipline,40,23,17
23527,Holyfromrmp,tichondrius,1330,priest,discipline,72,35,37
23528,Decline,balnazzar,1330,priest,discipline,30,14,16
23529,Xuun,illidan,1329,priest,discipline,71,42,29
23530,Paidessanto,azralon,1329,priest,discipline,92,53,39
23531,Themoon,tichondrius,1328,priest,discipline,24,14,10
23532,Draxxankou,tanaris,1328,priest,discipline,55,28,27
23533,Mythica,gurubashi,1327,priest,discipline,84,50,34
23534,Raydz,altar-of-storms,1327,priest,discipline,266,127,139
23535,Danrien,azralon,1326,priest,discipline,34,20,14
23536,Aveil,bloodscalp,1326,priest,discipline,34,20,14
23537,Naranjitá,ragnaros,1324,priest,discipline,24,14,10
23538,Edmust,black-dragonflight,1324,priest,discipline,24,14,10
23539,Rvxy,tichondrius,1324,priest,discipline,84,42,42
23540,Namî,barthilas,1323,priest,discipline,179,97,82
23541,Jaysontatum,gurubashi,1323,priest,discipline,33,17,16
23542,Muuq,frostmourne,1323,priest,discipline,143,70,73
23543,Heltor,sargeras,1323,priest,discipline,66,25,41
23544,Kaeshia,proudmoore,1322,priest,discipline,30,18,12
23545,Lucsor,malganis,1322,priest,discipline,101,50,51
23546,Burroviejo,quelthalas,1322,priest,discipline,40,17,23
23547,Javox,drakkari,1321,priest,discipline,24,14,10
23548,Aldrych,malganis,1321,priest,discipline,48,26,22
23549,Sòraka,tichondrius,1321,priest,discipline,56,30,26
23550,Xtty,thrall,1321,priest,discipline,31,15,16
23551,Tonybanderas,shattered-halls,1321,priest,discipline,30,14,16
23552,Sinnon,turalyon,1320,priest,discipline,30,17,13
23553,Srwilly,ragnaros,1320,priest,discipline,81,42,39
23554,Kafarmer,frostmourne,1320,priest,discipline,83,43,40
23555,Bionix,stormrage,1320,priest,discipline,66,33,33
23556,Mkowns,tichondrius,1319,priest,discipline,24,14,10
23557,Nadiaxo,moon-guard,1319,priest,discipline,65,35,30
23558,Nøzmonica,kelthuzad,1319,priest,discipline,32,15,17
23559,Psychic,bladefist,1317,priest,discipline,24,14,10
23560,Lethalrosé,thrall,1316,priest,discipline,24,14,10
23561,Malevolently,illidan,1316,priest,discipline,137,62,75
23562,ßræcher,black-dragonflight,1315,priest,discipline,30,20,10
23563,Chaøz,emerald-dream,1314,priest,discipline,41,24,17
23564,Thelondon,tichondrius,1314,priest,discipline,27,15,12
23565,Flab,tichondrius,1314,priest,discipline,30,15,15
23566,Blaydun,elune,1313,priest,discipline,114,66,48
23567,Moontearss,tichondrius,1313,priest,discipline,48,25,23
23568,Kms,sargeras,1313,priest,discipline,51,26,25
23569,Jsuschristix,zuljin,1311,priest,discipline,36,23,13
23570,Misfyt,emerald-dream,1311,priest,discipline,54,25,29
23571,Goodwin,darkspear,1310,priest,discipline,48,29,19
23572,Chîna,hyjal,1310,priest,discipline,126,76,50
23573,Heallarious,stormrage,1310,priest,discipline,50,30,20
23574,Leprêtre,hakkar,1310,priest,discipline,30,16,14
23575,Tazzi,chromaggus,1309,priest,discipline,24,14,10
23576,Diabiitus,stormrage,1309,priest,discipline,63,36,27
23577,Mellerwine,azralon,1309,priest,discipline,300,156,144
23578,Anymoon,tichondrius,1308,priest,discipline,66,36,30
23579,Booyâh,muradin,1308,priest,discipline,54,27,27
23580,Novous,area-52,1308,priest,discipline,50,24,26
23581,Majesticar,moon-guard,1307,priest,discipline,30,20,10
23582,Médíc,dalaran,1307,priest,discipline,63,32,31
23583,Xpera,dalaran,1307,priest,discipline,77,37,40
23584,Unholyhand,moon-guard,1307,priest,discipline,36,15,21
23585,Aesudan,dalaran,1306,priest,discipline,51,27,24
23586,Priestgobrr,emerald-dream,1305,priest,discipline,50,30,20
23587,Ruthlèss,ragnaros,1305,priest,discipline,54,28,26
23588,Fairylìght,stormrage,1305,priest,discipline,61,22,39
23589,Dahrwin,thrall,1303,priest,discipline,42,24,18
23590,Plznokill,tichondrius,1303,priest,discipline,36,18,18
23591,Gustavustus,barthilas,1303,priest,discipline,42,14,28
23592,Juliusceazer,skywall,1302,priest,discipline,116,66,50
23593,Poorass,sargeras,1301,priest,discipline,30,19,11
23594,Aedarelyn,ysera,1301,priest,discipline,42,22,20
23595,Textmepls,barthilas,1300,priest,discipline,30,19,11
23596,Gäindalt,tichondrius,1300,priest,discipline,30,18,12
23597,Pyta,frostmourne,1299,priest,discipline,38,17,21
23598,Rotass,hyjal,1298,priest,discipline,54,30,24
23599,Phonomena,malganis,1298,priest,discipline,90,48,42
23600,Krané,area-52,1298,priest,discipline,51,24,27
23601,Wildmanfrank,tichondrius,1297,priest,discipline,37,21,16
23602,Mechahomo,dalaran,1297,priest,discipline,52,28,24
23603,Zóe,eredar,1297,priest,discipline,40,21,19
23604,ßoogey,tichondrius,1297,priest,discipline,35,17,18
23605,Penetron,tichondrius,1297,priest,discipline,53,22,31
23606,Volkova,quelthalas,1296,priest,discipline,48,26,22
23607,Dabbinton,chogall,1296,priest,discipline,52,26,26
23608,Hydramîst,ragnaros,1296,priest,discipline,36,15,21
23609,Sportsgloss,tichondrius,1295,priest,discipline,36,16,20
23610,Overpriest,ragnaros,1294,priest,discipline,28,14,14
23611,Theheal,ragnaros,1293,priest,discipline,57,19,38
23612,Dadthegreat,bonechewer,1292,priest,discipline,42,25,17
23613,Penitentrowr,illidan,1292,priest,discipline,57,31,26
23614,Usmond,azralon,1292,priest,discipline,48,23,25
23615,Halliburton,illidan,1292,priest,discipline,56,26,30
23616,Cyphrus,hyjal,1292,priest,discipline,35,15,20
23617,Unfriend,sargeras,1291,priest,discipline,48,22,26
23618,Lyxx,kelthuzad,1290,priest,discipline,22,15,7
23619,Icychain,area-52,1289,priest,discipline,34,15,19
23620,Troublmaker,illidan,1288,priest,discipline,46,24,22
23621,Markspell,stormrage,1286,priest,discipline,133,72,61
23622,Iwonthealu,senjin,1286,priest,discipline,30,16,14
23623,Khaleth,suramar,1286,priest,discipline,48,20,28
23624,Matchakatt,tichondrius,1285,priest,discipline,49,31,18
23625,Brounly,drakkari,1285,priest,discipline,72,36,36
23626,Yayoo,exodar,1285,priest,discipline,33,16,17
23627,Klowdz,burning-blade,1285,priest,discipline,54,23,31
23628,Quickq,barthilas,1283,priest,discipline,36,22,14
23629,Penancepapi,stormrage,1283,priest,discipline,30,14,16
23630,Cuddly,shandris,1283,priest,discipline,84,38,46
23631,Jaskil,skywall,1282,priest,discipline,60,32,28
23632,Sauile,kelthuzad,1281,priest,discipline,60,32,28
23633,Dismybracket,tichondrius,1281,priest,discipline,42,20,22
23634,Lifeswap,area-52,1281,priest,discipline,54,21,33
23635,Elixia,maiev,1280,priest,discipline,36,20,16
23636,Ðiscipline,kelthuzad,1280,priest,discipline,68,33,35
23637,Dzpi,azralon,1280,priest,discipline,48,23,25
23638,Saadboii,thrall,1279,priest,discipline,55,29,26
23639,Briefs,stormrage,1278,priest,discipline,21,15,6
23640,Souriel,tichondrius,1278,priest,discipline,78,41,37
23641,Kakao,stormreaver,1278,priest,discipline,120,51,69
23642,Ggums,tichondrius,1277,priest,discipline,45,19,26
23643,Oprawinfree,tichondrius,1276,priest,discipline,54,29,25
23644,Knifê,moon-guard,1276,priest,discipline,102,52,50
23645,Rbgeezus,lightnings-blade,1275,priest,discipline,107,55,52
23646,Lowkii,malfurion,1275,priest,discipline,35,17,18
23647,Nylaza,kiljaeden,1274,priest,discipline,71,28,43
23648,Melforn,moon-guard,1273,priest,discipline,35,14,21
23649,Fanatic,nemesis,1271,priest,discipline,97,48,49
23650,Discgolfsux,sargeras,1271,priest,discipline,50,19,31
23651,Healmegently,bonechewer,1271,priest,discipline,45,15,30
23652,Themøn,quelthalas,1270,priest,discipline,30,16,14
23653,Derlanger,frostmourne,1270,priest,discipline,48,25,23
23654,Twotimechamp,azshara,1269,priest,discipline,50,26,24
23655,Zumbaoqepdqt,quelthalas,1269,priest,discipline,42,19,23
23656,Nanabritches,moon-guard,1268,priest,discipline,74,41,33
23657,Aggravating,mugthol,1267,priest,discipline,176,89,87
23658,Testament,greymane,1267,priest,discipline,120,58,62
23659,Miraz,the-venture-co,1266,priest,discipline,53,29,24
23660,Ahane,wyrmrest-accord,1266,priest,discipline,36,15,21
23661,Náay,ragnaros,1265,priest,discipline,29,19,10
23662,Rakpriest,nerzhul,1264,priest,discipline,26,15,11
23663,Keskima,malganis,1263,priest,discipline,81,51,30
23664,Soaphia,kelthuzad,1263,priest,discipline,84,47,37
23665,Tempgnome,stonemaul,1263,priest,discipline,85,44,41
23666,Wise,wildhammer,1262,priest,discipline,70,37,33
23667,Saràh,stormscale,1262,priest,discipline,94,43,51
23668,Reindharth,quelthalas,1262,priest,discipline,84,35,49
23669,Emlix,tichondrius,1262,priest,discipline,42,14,28
23670,Fesix,akama,1261,priest,discipline,30,17,13
23671,Hideyourkids,stormreaver,1261,priest,discipline,42,18,24
23672,Pico,spirestone,1260,priest,discipline,36,20,16
23673,Hobbs,trollbane,1260,priest,discipline,42,22,20
23674,Wanaatlarboy,dark-iron,1259,priest,discipline,35,21,14
23675,Jestiann,aegwynn,1259,priest,discipline,193,100,93
23676,Alawn,wyrmrest-accord,1259,priest,discipline,120,52,68
23677,Tarny,tichondrius,1258,priest,discipline,40,24,16
23678,Kymosolop,sargeras,1258,priest,discipline,25,14,11
23679,Skall,kirin-tor,1258,priest,discipline,41,21,20
23680,Ickarus,anubarak,1257,priest,discipline,84,47,37
23681,Kenzao,nemesis,1257,priest,discipline,64,30,34
23682,Lge,kelthuzad,1257,priest,discipline,31,14,17
23683,Dartonya,thrall,1257,priest,discipline,36,15,21
23684,Xmasmiracle,korgath,1256,priest,discipline,94,54,40
23685,Gurkorr,boulderfist,1256,priest,discipline,45,20,25
23686,Eleeira,zuljin,1256,priest,discipline,36,15,21
23687,Nìght,trollbane,1255,priest,discipline,96,51,45
23688,Thotznprayrz,bleeding-hollow,1254,priest,discipline,36,23,13
23689,Kuriyasu,emerald-dream,1254,priest,discipline,88,41,47
23690,Chavkoraken,stormrage,1254,priest,discipline,38,15,23
23691,Fatherßrian,draktharon,1253,priest,discipline,30,16,14
23692,Cajl,dathremar,1253,priest,discipline,109,48,61
23693,Mchinder,tanaris,1252,priest,discipline,33,18,15
23694,Yidra,illidan,1252,priest,discipline,30,15,15
23695,Këyglock,kelthuzad,1252,priest,discipline,203,86,117
23696,Kapriestun,tichondrius,1250,priest,discipline,54,32,22
23697,Dosarix,sargeras,1250,priest,discipline,40,23,17
23698,Burpees,dalaran,1250,priest,discipline,28,15,13
23699,Dominantz,khazgoroth,1250,priest,discipline,36,15,21
23700,Frikapp,stormrage,1248,priest,discipline,24,13,11
23701,Allhubris,stormrage,1248,priest,discipline,24,13,11
23702,Lalaliza,kelthuzad,1248,priest,discipline,24,13,11
23703,Webbii,frostmourne,1248,priest,discipline,48,21,27
23704,Curiosities,kiljaeden,1248,priest,discipline,30,13,17
23705,Kayern,kelthuzad,1247,priest,discipline,18,13,5
23706,Meatboxmoldy,blood-furnace,1247,priest,discipline,24,13,11
23707,Lvcia,thrall,1247,priest,discipline,70,35,35
23708,Pce,korialstrasz,1247,priest,discipline,34,13,21
23709,Picurry,frostmourne,1246,priest,discipline,24,13,11
23710,Peacetreaty,bleeding-hollow,1246,priest,discipline,24,13,11
23711,Nearo,barthilas,1246,priest,discipline,30,13,17
23712,Madmilesstv,zuljin,1246,priest,discipline,30,13,17
23713,Akuhei,illidan,1245,priest,discipline,18,13,5
23714,Youaint,sargeras,1245,priest,discipline,30,13,17
23715,Blessedelf,tichondrius,1245,priest,discipline,42,14,28
23716,Croissånt,illidan,1244,priest,discipline,18,13,5
23717,Bòngu,tichondrius,1244,priest,discipline,30,13,17
23718,Haetas,zuljin,1243,priest,discipline,30,13,17
23719,Meiev,quelthalas,1243,priest,discipline,36,13,23
23720,Velandrys,earthen-ring,1242,priest,discipline,24,13,11
23721,Grapës,jubeithos,1242,priest,discipline,48,23,25
23722,Kukion,uldum,1242,priest,discipline,30,13,17
23723,Gránd,emerald-dream,1242,priest,discipline,36,13,23
23724,Sofhya,ragnaros,1241,priest,discipline,94,49,45
23725,Harborcoat,whisperwind,1241,priest,discipline,35,14,21
23726,Fullfear,lothar,1240,priest,discipline,24,13,11
23727,Creòle,area-52,1240,priest,discipline,24,13,11
23728,Seriosity,kelthuzad,1240,priest,discipline,30,13,17
23729,Discobish,sargeras,1239,priest,discipline,30,13,17
23730,Dics,barthilas,1238,priest,discipline,18,13,5
23731,Misaosan,azralon,1238,priest,discipline,60,29,31
23732,Saviorsélf,tichondrius,1238,priest,discipline,78,35,43
23733,Rêvelation,trollbane,1237,priest,discipline,36,18,18
23734,Xuxao,azralon,1237,priest,discipline,35,15,20
23735,Xinnie,illidan,1237,priest,discipline,36,15,21
23736,Hootin,whisperwind,1236,priest,discipline,23,14,9
23737,Holycoww,lightnings-blade,1236,priest,discipline,24,13,11
23738,Voidathon,sargeras,1235,priest,discipline,24,13,11
23739,Bonkerwaffle,kelthuzad,1235,priest,discipline,54,29,25
23740,Betrthenadam,bleeding-hollow,1235,priest,discipline,66,32,34
23741,Magicßoy,magtheridon,1235,priest,discipline,60,29,31
23742,Karmatron,chogall,1235,priest,discipline,30,13,17
23743,Catpictures,stormrage,1235,priest,discipline,30,13,17
23744,Mauriel,proudmoore,1234,priest,discipline,30,13,17
23745,Zapix,tichondrius,1234,priest,discipline,30,13,17
23746,Axelrod,tichondrius,1234,priest,discipline,30,13,17
23747,Dispelbot,kelthuzad,1233,priest,discipline,88,54,34
23748,Scirzzy,tichondrius,1233,priest,discipline,24,13,11
23749,Kinkypriest,tichondrius,1233,priest,discipline,24,13,11
23750,Sanitater,frostmourne,1232,priest,discipline,72,34,38
23751,Chernota,kiljaeden,1232,priest,discipline,30,13,17
23752,Kuroyanagi,ragnaros,1232,priest,discipline,36,13,23
23753,Xora,frostmourne,1232,priest,discipline,36,13,23
23754,Menorsita,tichondrius,1231,priest,discipline,90,43,47
23755,Theboogieman,magtheridon,1231,priest,discipline,54,25,29
23756,Peristalsis,nesingwary,1231,priest,discipline,30,13,17
23757,Holyxb,bleeding-hollow,1231,priest,discipline,36,13,23
23758,Presto,kalecgos,1230,priest,discipline,18,14,4
23759,Stormìst,korgath,1230,priest,discipline,18,13,5
23760,Shïtheals,frostmourne,1230,priest,discipline,42,25,17
23761,Riotgearmd,sargeras,1229,priest,discipline,30,17,13
23762,Lichae,ragnaros,1229,priest,discipline,48,24,24
23763,Kurtsheals,destromath,1228,priest,discipline,60,31,29
23764,Krypticus,tichondrius,1227,priest,discipline,48,28,20
23765,Aape,frostmourne,1227,priest,discipline,24,13,11
23766,Holyren,sargeras,1227,priest,discipline,81,43,38
23767,Notfandy,tichondrius,1227,priest,discipline,36,13,23
23768,Gurbooz,tichondrius,1225,priest,discipline,77,35,42
23769,Bendoverbb,tichondrius,1225,priest,discipline,30,13,17
23770,Eneco,alleria,1223,priest,discipline,162,93,69
23771,Ahitaro,ragnaros,1223,priest,discipline,60,18,42
23772,Haø,stormrage,1222,priest,discipline,194,92,102
23773,Finake,kelthuzad,1221,priest,discipline,61,34,27
23774,Aynone,blood-furnace,1221,priest,discipline,126,60,66
23775,Pòba,malganis,1220,priest,discipline,30,13,17
23776,Kaonn,frostmourne,1219,priest,discipline,185,91,94
23777,Séraphin,proudmoore,1219,priest,discipline,37,16,21
23778,Jic,barthilas,1219,priest,discipline,66,25,41
23779,Nonamegame,sargeras,1218,priest,discipline,78,42,36
23780,Såge,chogall,1218,priest,discipline,147,76,71
23781,Yvága,ragnaros,1217,priest,discipline,48,27,21
23782,Smashhley,bleeding-hollow,1216,priest,discipline,24,13,11
23783,Russbell,ragnaros,1215,priest,discipline,125,54,71
23784,Aipata,stormrage,1214,priest,discipline,44,24,20
23785,Orìsel,wyrmrest-accord,1214,priest,discipline,93,42,51
23786,Castnngcouch,tichondrius,1213,priest,discipline,175,85,90
23787,Armspriest,stormrage,1212,priest,discipline,47,24,23
23788,Visse,auchindoun,1212,priest,discipline,211,98,113
23789,Nóin,tichondrius,1212,priest,discipline,72,33,39
23790,Wísh,emerald-dream,1211,priest,discipline,60,35,25
23791,Dotersacer,quelthalas,1211,priest,discipline,31,15,16
23792,Deckardkane,stormrage,1209,priest,discipline,32,14,18
23793,Bröke,nemesis,1208,priest,discipline,60,32,28
23794,Ariavish,area-52,1208,priest,discipline,48,25,23
23795,Kodaks,frostmourne,1208,priest,discipline,75,37,38
23796,Methodist,sargeras,1207,priest,discipline,24,13,11
23797,Pixa,tichondrius,1207,priest,discipline,72,33,39
23798,Kithlas,emerald-dream,1206,priest,discipline,18,13,5
23799,Nothinsexual,frostmourne,1206,priest,discipline,26,14,12
23800,Dpshealer,azralon,1206,priest,discipline,66,29,37
23801,Tdmheals,zuluhed,1204,priest,discipline,24,18,6
23802,Pactosombrio,azralon,1204,priest,discipline,94,52,42
23803,Svrite,area-52,1204,priest,discipline,29,15,14
23804,Rowman,frostmourne,1204,priest,discipline,47,22,25
23805,Libationz,area-52,1204,priest,discipline,108,49,59
23806,Vancake,quelthalas,1204,priest,discipline,156,69,87
23807,Psychiatrist,darkspear,1204,priest,discipline,58,25,33
23808,Inferis,ragnaros,1203,priest,discipline,348,173,175
23809,Ithvedriel,moon-guard,1203,priest,discipline,67,32,35
23810,Ðelight,ragnaros,1202,priest,discipline,42,18,24
23811,Wrathchildd,azralon,1201,priest,discipline,84,42,42
23812,Healzyew,dragonmaw,1201,priest,discipline,73,28,45
23813,Defilex,tichondrius,1199,priest,discipline,21,14,7
23814,Zephxd,illidan,1199,priest,discipline,64,31,33
23815,Terenor,thrall,1199,priest,discipline,42,13,29
23816,Jtewatch,zuljin,1197,priest,discipline,30,23,7
23817,Sasafras,feathermoon,1196,priest,discipline,78,39,39
23818,Cast,bronzebeard,1196,priest,discipline,42,17,25
23819,Abhu,quelthalas,1195,priest,discipline,31,18,13
23820,Deadlydocc,illidan,1195,priest,discipline,33,18,15
23821,Fozil,area-52,1194,priest,discipline,62,33,29
23822,Bladam,bleeding-hollow,1192,priest,discipline,27,13,14
23823,Tomseleck,frostmourne,1191,priest,discipline,29,13,16
23824,Healyoudead,draenor,1191,priest,discipline,41,15,26
23825,Dokthekim,frostmourne,1190,priest,discipline,26,14,12
23826,Holyycrit,kelthuzad,1189,priest,discipline,30,16,14
23827,Rinmaru,dark-iron,1188,priest,discipline,24,14,10
23828,Goingserious,frostmourne,1188,priest,discipline,81,46,35
23829,Iltharaph,illidan,1188,priest,discipline,25,14,11
23830,Ktqt,moon-guard,1188,priest,discipline,148,70,78
23831,Yukih,tichondrius,1188,priest,discipline,41,17,24
23832,Inarius,dragonblight,1188,priest,discipline,42,17,25
23833,Kruciphix,tichondrius,1187,priest,discipline,29,20,9
23834,Kaxleigh,emerald-dream,1187,priest,discipline,29,18,11
23835,Sëv,stormrage,1187,priest,discipline,29,14,15
23836,Phaille,chromaggus,1185,priest,discipline,80,41,39
23837,Eirenth,bleeding-hollow,1184,priest,discipline,18,14,4
23838,Tesserak,tichondrius,1184,priest,discipline,105,49,56
23839,Unwòke,dalaran,1182,priest,discipline,24,14,10
23840,Happydot,stormrage,1182,priest,discipline,30,14,16
23841,Belletrael,wyrmrest-accord,1182,priest,discipline,70,32,38
23842,Kßnstuff,area-52,1182,priest,discipline,37,15,22
23843,Doubtmyfaith,frostmourne,1181,priest,discipline,42,21,21
23844,Gongá,moon-guard,1179,priest,discipline,87,33,54
23845,Icyspicy,shadowsong,1177,priest,discipline,59,26,33
23846,Iwillsaveyou,tichondrius,1177,priest,discipline,40,16,24
23847,Damoclexz,area-52,1176,priest,discipline,72,38,34
23848,Dittless,stormrage,1176,priest,discipline,36,16,20
23849,Jagelclam,gorefiend,1175,priest,discipline,47,22,25
23850,Kethseth,ragnaros,1175,priest,discipline,102,45,57
23851,Hiheals,anvilmar,1174,priest,discipline,36,20,16
23852,Slewt,aggramar,1173,priest,discipline,24,13,11
23853,Mindlames,bleeding-hollow,1173,priest,discipline,68,30,38
23854,Minimelo,stormrage,1172,priest,discipline,23,13,10
23855,Spyzz,gilneas,1172,priest,discipline,36,18,18
23856,Aliciab,andorhal,1172,priest,discipline,78,36,42
23857,Psïcopata,gallywix,1171,priest,discipline,54,16,38
23858,Toastanator,wyrmrest-accord,1170,priest,discipline,143,81,62
23859,Eîr,tichondrius,1170,priest,discipline,66,24,42
23860,Kerazul,sargeras,1169,priest,discipline,42,20,22
23861,Moralism,moon-guard,1167,priest,discipline,38,22,16
23862,Killían,darkspear,1166,priest,discipline,37,20,17
23863,Zadae,area-52,1166,priest,discipline,51,26,25
23864,Kafzial,zuljin,1162,priest,discipline,74,43,31
23865,Priést,stormrage,1162,priest,discipline,36,13,23
23866,Varbirttok,sargeras,1160,priest,discipline,37,14,23
23867,Dralaan,proudmoore,1159,priest,discipline,63,26,37
23868,Semirg,moon-guard,1158,priest,discipline,30,13,17
23869,Köto,dalaran,1157,priest,discipline,23,13,10
23870,Coldphobia,uldum,1157,priest,discipline,32,14,18
23871,Gobnik,illidan,1156,priest,discipline,24,16,8
23872,Khallmir,goldrinn,1156,priest,discipline,36,15,21
23873,Voidwyrm,tichondrius,1155,priest,discipline,72,39,33
23874,Xaerwolaeth,area-52,1155,priest,discipline,34,16,18
23875,Abalowpt,nemesis,1154,priest,discipline,36,16,20
23876,Sylvphrena,stormrage,1152,priest,discipline,18,12,6
23877,Maraagsdad,tichondrius,1152,priest,discipline,18,12,6
23878,Kalyndaxo,frostmourne,1152,priest,discipline,24,12,12
23879,Teddyy,tichondrius,1152,priest,discipline,24,12,12
23880,Ultradumb,ragnaros,1152,priest,discipline,24,12,12
23881,Swagdemøn,kelthuzad,1152,priest,discipline,24,12,12
23882,Ømegagødx,illidan,1152,priest,discipline,30,12,18
23883,Eudog,zuljin,1151,priest,discipline,12,12,0
23884,Addisonraee,tichondrius,1151,priest,discipline,12,12,0
23885,Faithbuild,emerald-dream,1151,priest,discipline,18,12,6
23886,Skeepsi,area-52,1151,priest,discipline,30,18,12
23887,Randrimm,stormrage,1151,priest,discipline,24,12,12
23888,Pewwpew,malganis,1151,priest,discipline,24,12,12
23889,Hyoeun,dragonmaw,1151,priest,discipline,24,12,12
23890,Alphôn,bleeding-hollow,1151,priest,discipline,24,12,12
23891,Sshhaaddooww,tichondrius,1151,priest,discipline,24,12,12
23892,Kiriko,mannoroth,1151,priest,discipline,24,12,12
23893,Momorabbit,tichondrius,1151,priest,discipline,30,12,18
23894,Attenea,illidan,1151,priest,discipline,36,12,24
23895,Ilmx,illidan,1150,priest,discipline,12,12,0
23896,Pastapizza,zuljin,1150,priest,discipline,12,12,0
23897,Aaff,tichondrius,1150,priest,discipline,18,12,6
23898,Chkashaa,emerald-dream,1150,priest,discipline,42,21,21
23899,Rhaist,sargeras,1150,priest,discipline,36,18,18
23900,Glöws,area-52,1150,priest,discipline,24,12,12
23901,Papafajita,area-52,1150,priest,discipline,24,12,12
23902,Ahealer,alterac-mountains,1150,priest,discipline,24,12,12
23903,Wartrix,bonechewer,1150,priest,discipline,24,12,12
23904,Icesnowli,tichondrius,1150,priest,discipline,24,12,12
23905,Cenrtrix,stormrage,1150,priest,discipline,24,12,12
23906,Crunchywater,stormrage,1150,priest,discipline,24,12,12
23907,Abercromby,malganis,1150,priest,discipline,25,12,13
23908,Penancedeez,moon-guard,1150,priest,discipline,35,15,20
23909,Maxximuss,bleeding-hollow,1150,priest,discipline,42,17,25
23910,Dayquills,illidan,1150,priest,discipline,30,12,18
23911,Bakara,jubeithos,1150,priest,discipline,36,12,24
23912,Profpepper,tichondrius,1149,priest,discipline,18,12,6
23913,Marethelia,stonemaul,1149,priest,discipline,18,12,6
23914,Sungji,tichondrius,1149,priest,discipline,24,12,12
23915,Pakc,tichondrius,1149,priest,discipline,24,12,12
23916,Shadowchaos,malganis,1149,priest,discipline,24,12,12
23917,Nerfholyplz,illidan,1149,priest,discipline,24,12,12
23918,Kitenix,proudmoore,1149,priest,discipline,35,14,21
23919,Gigaflex,sargeras,1148,priest,discipline,24,12,12
23920,Amaranth,the-forgotten-coast,1148,priest,discipline,24,12,12
23921,Luminatio,quelthalas,1148,priest,discipline,76,36,40
23922,Ekros,illidan,1147,priest,discipline,25,13,12
23923,Opscurum,bleeding-hollow,1147,priest,discipline,24,12,12
23924,Cigarillõ,thrall,1147,priest,discipline,24,12,12
23925,Nutsin,tichondrius,1147,priest,discipline,30,12,18
23926,Scrubgames,garrosh,1146,priest,discipline,12,12,0
23927,Bakerstr,tichondrius,1146,priest,discipline,18,12,6
23928,Lynnar,stormrage,1146,priest,discipline,54,30,24
23929,Smightful,garona,1146,priest,discipline,24,12,12
23930,Invocational,moon-guard,1146,priest,discipline,35,15,20
23931,Lilbaldjosh,frostmourne,1146,priest,discipline,36,12,24
23932,Atelios,azralon,1145,priest,discipline,18,13,5
23933,Benin,shattered-hand,1144,priest,discipline,18,12,6
23934,Mashpotato,aerie-peak,1144,priest,discipline,24,13,11
23935,Mindkilla,area-52,1143,priest,discipline,84,46,38
23936,Thoaxx,magtheridon,1143,priest,discipline,24,12,12
23937,Depressedboy,wyrmrest-accord,1143,priest,discipline,24,12,12
23938,Fìngerbanger,lightnings-blade,1143,priest,discipline,66,28,38
23939,Mutilla,tichondrius,1142,priest,discipline,18,12,6
23940,Supski,destromath,1141,priest,discipline,24,12,12
23941,Vanhealsing,tichondrius,1141,priest,discipline,24,12,12
23942,Ulzaar,nerzhul,1141,priest,discipline,42,12,30
23943,Osombra,azralon,1139,priest,discipline,36,17,19
23944,Boibussy,tichondrius,1139,priest,discipline,30,13,17
23945,Draniev,azralon,1138,priest,discipline,83,44,39
23946,Elvspriesly,doomhammer,1138,priest,discipline,104,51,53
23947,Drywàter,tichondrius,1137,priest,discipline,81,45,36
23948,Hanuroa,tichondrius,1136,priest,discipline,184,92,92
23949,Brotherheals,nagrand,1136,priest,discipline,60,30,30
23950,Inot,nemesis,1136,priest,discipline,41,12,29
23951,Blessings,aerie-peak,1135,priest,discipline,66,34,32
23952,Senumbra,tichondrius,1134,priest,discipline,24,12,12
23953,Faerline,kelthuzad,1134,priest,discipline,29,12,17
23954,Myeryc,frostmourne,1134,priest,discipline,35,12,23
23955,Arodar,wyrmrest-accord,1132,priest,discipline,24,12,12
23956,Goodbyekiss,illidan,1132,priest,discipline,65,31,34
23957,Thinmintt,wyrmrest-accord,1132,priest,discipline,60,25,35
23958,Ayakoji,proudmoore,1132,priest,discipline,30,12,18
23959,Ihealyoudeal,korgath,1130,priest,discipline,18,12,6
23960,Charybdis,bonechewer,1129,priest,discipline,92,56,36
23961,Makkima,area-52,1129,priest,discipline,48,20,28
23962,Corthien,thrall,1129,priest,discipline,30,12,18
23963,Pushap,blood-furnace,1128,priest,discipline,66,36,30
23964,Mäy,greymane,1128,priest,discipline,24,12,12
23965,Cyrilien,tichondrius,1127,priest,discipline,52,29,23
23966,Ragnarøk,warsong,1127,priest,discipline,30,12,18
23967,Zolibeth,azshara,1124,priest,discipline,24,15,9
23968,Eluv,area-52,1122,priest,discipline,30,16,14
23969,Ðåmìéñ,tichondrius,1122,priest,discipline,24,12,12
23970,Fulldesire,dalaran,1121,priest,discipline,63,38,25
23971,Londog,vashj,1121,priest,discipline,78,36,42
23972,Lanäthel,sargeras,1119,priest,discipline,16,13,3
23973,Primeevil,black-dragonflight,1119,priest,discipline,24,14,10
23974,Priestøuchme,tichondrius,1119,priest,discipline,23,13,10
23975,Nardhead,sargeras,1118,priest,discipline,36,20,16
23976,Hoochiemomma,kelthuzad,1115,priest,discipline,18,12,6
23977,Cvstodia,tichondrius,1115,priest,discipline,24,12,12
23978,Vitalizes,nagrand,1114,priest,discipline,30,13,17
23979,Celf,ragnaros,1113,priest,discipline,30,12,18
23980,Sístermary,stormrage,1112,priest,discipline,24,16,8
23981,Tetha,fizzcrank,1112,priest,discipline,30,14,16
23982,Steezyy,black-dragonflight,1112,priest,discipline,65,30,35
23983,Foxyy,wildhammer,1112,priest,discipline,35,14,21
23984,Trustheals,tichondrius,1109,priest,discipline,36,22,14
23985,Rhayzel,ragnaros,1108,priest,discipline,30,15,15
23986,Fushia,emerald-dream,1107,priest,discipline,45,16,29
23987,Optîmuskrayt,tichondrius,1106,priest,discipline,83,40,43
23988,Tootsieroll,dark-iron,1106,priest,discipline,53,25,28
23989,Abbot,zangarmarsh,1105,priest,discipline,120,56,64
23990,Opri,andorhal,1104,priest,discipline,48,20,28
23991,Ataraksija,sargeras,1103,priest,discipline,21,13,8
23992,Anäster,ragnaros,1103,priest,discipline,47,24,23
23993,Kloudypriest,moon-guard,1103,priest,discipline,47,24,23
23994,Súlfuro,quelthalas,1103,priest,discipline,83,39,44
23995,Averli,moon-guard,1103,priest,discipline,42,18,24
23996,Khamata,kelthuzad,1100,priest,discipline,30,12,18
23997,Wheresmyvape,tichondrius,1098,priest,discipline,20,13,7
23998,Steck,illidan,1098,priest,discipline,30,15,15
23999,Lilbabynaga,stormrage,1097,priest,discipline,63,23,40
24000,Vákc,quelthalas,1096,priest,discipline,23,12,11
24001,Draiger,quelthalas,1096,priest,discipline,36,14,22
24002,Fistavert,stormreaver,1095,priest,discipline,24,12,12
24003,Joní,malganis,1094,priest,discipline,29,13,16
24004,Shaytyme,tichondrius,1094,priest,discipline,34,13,21
24005,Mcdizzle,bloodscalp,1093,priest,discipline,90,41,49
24006,Valonar,emerald-dream,1090,priest,discipline,29,13,16
24007,Zacksnotcool,sargeras,1090,priest,discipline,33,13,20
24008,Benmem,illidan,1089,priest,discipline,64,30,34
24009,Bigdaddyku,hyjal,1088,priest,discipline,34,20,14
24010,Holysmokesx,tichondrius,1087,priest,discipline,22,12,10
24011,Antiraus,aerie-peak,1086,priest,discipline,24,13,11
24012,Alizeë,illidan,1086,priest,discipline,119,63,56
24013,Fatherfilth,frostwolf,1086,priest,discipline,30,14,16
24014,Deehilie,illidan,1085,priest,discipline,37,19,18
24015,Solkadp,tichondrius,1085,priest,discipline,28,12,16
24016,Quavö,tichondrius,1085,priest,discipline,68,29,39
24017,Kidha,stormrage,1085,priest,discipline,60,19,41
24018,Enkognito,tichondrius,1083,priest,discipline,34,23,11
24019,Vaddaru,kirin-tor,1083,priest,discipline,66,38,28
24020,Cypress,dreadmaul,1082,priest,discipline,140,70,70
24021,Sadury,tichondrius,1081,priest,discipline,47,30,17
24022,Spellpower,azralon,1081,priest,discipline,29,13,16
24023,Puralux,balnazzar,1080,priest,discipline,24,15,9
24024,Synes,bleeding-hollow,1080,priest,discipline,34,12,22
24025,Tmpriest,tichondrius,1080,priest,discipline,48,12,36
24026,Fregè,ysera,1078,priest,discipline,30,12,18
24027,Novoc,blackhand,1076,priest,discipline,36,17,19
24028,Anakou,emerald-dream,1074,priest,discipline,23,13,10
24029,Redchord,kiljaeden,1072,priest,discipline,33,13,20
24030,Psïren,quelthalas,1070,priest,discipline,24,13,11
24031,Nenemsis,drakkari,1070,priest,discipline,26,12,14
24032,Tricklee,tichondrius,1068,priest,discipline,23,12,11
24033,Kyoku,tanaris,1067,priest,discipline,23,12,11
24034,Zhaann,kelthuzad,1067,priest,discipline,30,14,16
24035,Twinkmuncher,proudmoore,1065,priest,discipline,25,12,13
24036,Mtito,drakkari,1063,priest,discipline,25,13,12
24037,Vahlen,azralon,1062,priest,discipline,23,12,11
24038,Jmjeezy,tichondrius,1056,priest,discipline,18,11,7
24039,Maghobou,tichondrius,1056,priest,discipline,18,11,7
24040,Lespaula,ragnaros,1056,priest,discipline,24,12,12
24041,Walterwhite,bleeding-hollow,1056,priest,discipline,30,11,19
24042,Ogneus,crushridge,1056,priest,discipline,30,11,19
24043,Naelsaze,tichondrius,1055,priest,discipline,12,11,1
24044,Crucifer,proudmoore,1055,priest,discipline,12,11,1
24045,Piftw,illidan,1055,priest,discipline,18,11,7
24046,Vehex,malganis,1055,priest,discipline,18,11,7
24047,Septmoon,tichondrius,1055,priest,discipline,18,11,7
24048,Ffej,bleeding-hollow,1055,priest,discipline,24,11,13
24049,Tooziq,stormrage,1055,priest,discipline,24,11,13
24050,Anastasiá,barthilas,1055,priest,discipline,30,11,19
24051,Wintrow,sargeras,1055,priest,discipline,30,11,19
24052,Lampvpgerl,illidan,1055,priest,discipline,36,11,25
24053,Turrec,illidan,1054,priest,discipline,12,11,1
24054,Aiss,malganis,1054,priest,discipline,16,12,4
24055,Missyoung,tichondrius,1054,priest,discipline,18,11,7
24056,Honeyweiss,cairne,1054,priest,discipline,24,12,12
24057,Sentactic,illidan,1054,priest,discipline,27,13,14
24058,Dpsmercy,sargeras,1054,priest,discipline,24,11,13
24059,Goneqt,illidan,1054,priest,discipline,30,11,19
24060,Doubt,eredar,1053,priest,discipline,18,11,7
24061,Whitepigogo,tichondrius,1053,priest,discipline,18,11,7
24062,Slavoj,gurubashi,1052,priest,discipline,41,19,22
24063,ßlackøut,sargeras,1052,priest,discipline,24,11,13
24064,Spacecowboyz,stormrage,1052,priest,discipline,24,11,13
24065,Kerith,ragnaros,1051,priest,discipline,34,24,10
24066,Efrem,tichondrius,1051,priest,discipline,60,28,32
24067,Darkills,tichondrius,1051,priest,discipline,24,11,13
24068,Daleyn,ragnaros,1051,priest,discipline,24,11,13
24069,Lumia,quelthalas,1051,priest,discipline,30,11,19
24070,Saviorr,dalaran,1051,priest,discipline,30,11,19
24071,Moopha,zuljin,1050,priest,discipline,12,11,1
24072,Zarfel,ragnaros,1050,priest,discipline,18,11,7
24073,Silnetlee,tichondrius,1050,priest,discipline,18,11,7
24074,Prniss,tichondrius,1050,priest,discipline,18,11,7
24075,Lalight,tichondrius,1050,priest,discipline,30,11,19
24076,Jabreez,illidan,1049,priest,discipline,18,11,7
24077,Posabilties,bleeding-hollow,1049,priest,discipline,24,11,13
24078,Wíckéd,frostmourne,1049,priest,discipline,30,11,19
24079,Inmortar,dalaran,1049,priest,discipline,30,11,19
24080,Zhatfko,illidan,1049,priest,discipline,36,11,25
24081,Sajahsa,moon-guard,1048,priest,discipline,25,15,10
24082,Ricksanchez,moonrunner,1047,priest,discipline,24,11,13
24083,Jackflashh,hakkar,1047,priest,discipline,78,35,43
24084,Quinnx,tichondrius,1046,priest,discipline,24,11,13
24085,Feff,shuhalo,1046,priest,discipline,30,11,19
24086,Aud,kiljaeden,1045,priest,discipline,12,11,1
24087,Knez,ragnaros,1045,priest,discipline,18,11,7
24088,Lilbabe,stormrage,1043,priest,discipline,24,11,13
24089,Femalema,tichondrius,1042,priest,discipline,27,13,14
24090,Flexeggette,illidan,1042,priest,discipline,31,14,17
24091,Holyhog,whisperwind,1042,priest,discipline,33,13,20
24092,Bedläm,kilrogg,1042,priest,discipline,30,11,19
24093,Dottinu,area-52,1040,priest,discipline,12,11,1
24094,Notdavido,illidan,1040,priest,discipline,18,11,7
24095,Sinthe,stormrage,1039,priest,discipline,18,12,6
24096,Sendia,hydraxis,1038,priest,discipline,66,31,35
24097,Dalowks,area-52,1038,priest,discipline,30,11,19
24098,Gungagingong,queldorei,1035,priest,discipline,18,11,7
24099,Mottsarella,mugthol,1035,priest,discipline,66,37,29
24100,Linarelitha,area-52,1035,priest,discipline,38,18,20
24101,Donoras,ursin,1033,priest,discipline,18,11,7
24102,Uchihalol,tichondrius,1032,priest,discipline,24,11,13
24103,Geulis,illidan,1030,priest,discipline,65,30,35
24104,Discotecno,tichondrius,1030,priest,discipline,24,11,13
24105,Uljinoo,blackwing-lair,1028,priest,discipline,38,16,22
24106,Egraner,drakkari,1027,priest,discipline,24,11,13
24107,Bakharftw,nemesis,1023,priest,discipline,28,17,11
24108,Astalail,emerald-dream,1022,priest,discipline,22,11,11
24109,Mxd,bleeding-hollow,1021,priest,discipline,20,12,8
24110,Taedrid,stormrage,1021,priest,discipline,59,22,37
24111,Mgfoxxie,scarlet-crusade,1020,priest,discipline,30,12,18
24112,Gnralways,andorhal,1020,priest,discipline,39,12,27
24113,Thadan,uldaman,1019,priest,discipline,24,11,13
24114,Sév,frostmane,1017,priest,discipline,190,89,101
24115,Nightmxres,zuljin,1016,priest,discipline,30,11,19
24116,Shaydeep,nagrand,1015,priest,discipline,22,12,10
24117,Jèf,stormrage,1015,priest,discipline,23,11,12
24118,Profît,stormrage,1014,priest,discipline,24,12,12
24119,Anneyann,fenris,1012,priest,discipline,18,12,6
24120,Sublety,aerie-peak,1011,priest,discipline,30,14,16
24121,Drãith,magtheridon,1009,priest,discipline,24,12,12
24122,Dynopriest,kelthuzad,1007,priest,discipline,29,11,18
24123,Happylonely,farstriders,1006,priest,discipline,15,11,4
24124,Lesserfaith,sargeras,1006,priest,discipline,21,11,10
24125,Lördgrim,stormrage,1002,priest,discipline,25,13,12
24126,Ketone,malganis,1002,priest,discipline,81,41,40
24127,Tikel,ragnaros,1001,priest,discipline,21,11,10
24128,Stinkyfingr,frostmourne,1000,priest,discipline,42,15,27
24129,Ayezex,tichondrius,999,priest,discipline,30,12,18
24130,Aerîs,magtheridon,998,priest,discipline,34,12,22
24131,Classifiedcc,illidan,997,priest,discipline,29,16,13
24132,Bårriër,darkspear,996,priest,discipline,23,12,11
24133,Methodist,proudmoore,996,priest,discipline,34,12,22
24134,Rescueherø,tichondrius,992,priest,discipline,24,14,10
24135,Robertsmurda,emerald-dream,992,priest,discipline,22,11,11
24136,Macoa,zuljin,992,priest,discipline,54,25,29
24137,Norastanne,moon-guard,992,priest,discipline,27,12,15
24138,Cilpri,emerald-dream,991,priest,discipline,16,11,5
24139,Lamont,archimonde,991,priest,discipline,32,11,21
24140,Carbonated,zuljin,986,priest,discipline,17,11,6
24141,Scaloni,proudmoore,980,priest,discipline,17,11,6
24142,Diamontie,tichondrius,977,priest,discipline,26,16,10
24143,Alurand,bleeding-hollow,976,priest,discipline,18,11,7
24144,Hèáls,tichondrius,975,priest,discipline,66,29,37
24145,Cellestine,aggramar,975,priest,discipline,31,11,20
24146,Exsufficate,frostmourne,974,priest,discipline,22,12,10
24147,Sölemn,barthilas,971,priest,discipline,53,21,32
24148,Mikkik,zuljin,970,priest,discipline,30,18,12
24149,Sharkda,frostmourne,965,priest,discipline,39,20,19
24150,Cezanne,tichondrius,961,priest,discipline,125,52,73
24151,Charón,tichondrius,960,priest,discipline,12,10,2
24152,Tinyheal,sargeras,960,priest,discipline,12,10,2
24153,Swaggie,skullcrusher,960,priest,discipline,12,10,2
24154,Harlei,tichondrius,960,priest,discipline,18,11,7
24155,Bswagxx,illidan,960,priest,discipline,18,10,8
24156,Ggwizkaboo,tichondrius,960,priest,discipline,18,10,8
24157,Likehisname,tichondrius,960,priest,discipline,18,10,8
24158,Fishondabeat,proudmoore,960,priest,discipline,18,10,8
24159,Shadina,gorefiend,960,priest,discipline,18,10,8
24160,Barley,chogall,960,priest,discipline,18,10,8
24161,Testzpriests,dalaran,960,priest,discipline,18,10,8
24162,Ishyeboi,stormrage,960,priest,discipline,18,10,8
24163,Wbu,frostmourne,960,priest,discipline,18,10,8
24164,Belielosong,moon-guard,960,priest,discipline,57,29,28
24165,Fyne,kelthuzad,960,priest,discipline,21,10,11
24166,Fotmtrash,the-underbog,960,priest,discipline,24,10,14
24167,Nobodystarx,steamwheedle-cartel,960,priest,discipline,24,10,14
24168,Ajxoz,thrall,960,priest,discipline,24,10,14
24169,Kk,fizzcrank,959,priest,discipline,12,10,2
24170,Hm,the-scryers,959,priest,discipline,12,10,2
24171,Kóba,bleeding-hollow,959,priest,discipline,12,10,2
24172,Jinforever,tichondrius,959,priest,discipline,12,10,2
24173,Elimix,frostmourne,959,priest,discipline,12,10,2
24174,Henchwoman,stormrage,959,priest,discipline,12,10,2
24175,Krupticus,tichondrius,959,priest,discipline,16,11,5
24176,Cigma,magtheridon,959,priest,discipline,18,10,8
24177,Gutrìck,tichondrius,959,priest,discipline,18,10,8
24178,Gamepass,tichondrius,959,priest,discipline,18,10,8
24179,Pocket,alleria,959,priest,discipline,18,10,8
24180,Thorzan,eredar,959,priest,discipline,18,10,8
24181,Jzd,dreadmaul,959,priest,discipline,18,10,8
24182,Budlyy,dalaran,959,priest,discipline,18,10,8
24183,Crøws,ragnaros,959,priest,discipline,18,10,8
24184,Tamzy,eredar,959,priest,discipline,18,10,8
24185,Itachî,ravencrest,959,priest,discipline,18,10,8
24186,Oduum,tichondrius,959,priest,discipline,18,10,8
24187,Arianthe,darrowmere,959,priest,discipline,18,10,8
24188,Csjy,illidan,959,priest,discipline,18,10,8
24189,Azrïel,mannoroth,959,priest,discipline,29,16,13
24190,Stylébender,tichondrius,959,priest,discipline,24,10,14
24191,Feivalentine,illidan,959,priest,discipline,24,10,14
24192,Mosquito,tichondrius,959,priest,discipline,24,10,14
24193,Dorazòn,bleeding-hollow,959,priest,discipline,24,10,14
24194,Tshik,ragnaros,959,priest,discipline,24,10,14
24195,Johadorr,shadowsong,959,priest,discipline,24,10,14
24196,Byck,tichondrius,959,priest,discipline,30,10,20
24197,Grimoz,illidan,959,priest,discipline,36,10,26
24198,Rebzyyx,tichondrius,958,priest,discipline,12,10,2
24199,Phrìke,illidan,958,priest,discipline,18,10,8
24200,Raivn,illidan,958,priest,discipline,18,10,8
24201,Glitterballs,khazgoroth,958,priest,discipline,18,10,8
24202,Spx,frostmourne,958,priest,discipline,18,10,8
24203,Tîg,nemesis,958,priest,discipline,21,10,11
24204,Rhennythal,tichondrius,958,priest,discipline,24,10,14
24205,Xävier,farstriders,958,priest,discipline,24,10,14
24206,Fashion,bleeding-hollow,957,priest,discipline,12,10,2
24207,Senpriest,ragnaros,957,priest,discipline,18,10,8
24208,Akkassha,zuljin,957,priest,discipline,18,10,8
24209,Wilburre,sargeras,957,priest,discipline,18,10,8
24210,Bigchalupaz,sargeras,957,priest,discipline,18,10,8
24211,Rellington,frostwolf,957,priest,discipline,24,10,14
24212,Emmelly,whisperwind,957,priest,discipline,24,10,14
24213,Chanyt,azralon,956,priest,discipline,12,10,2
24214,Rigityrekt,aggramar,956,priest,discipline,18,13,5
24215,Hoffmanx,emerald-dream,956,priest,discipline,18,10,8
24216,Aexdawg,malganis,956,priest,discipline,18,10,8
24217,Alphe,sargeras,956,priest,discipline,18,10,8
24218,Ripscrew,area-52,956,priest,discipline,18,10,8
24219,Huck,khazgoroth,955,priest,discipline,18,10,8
24220,Galaxypepe,medivh,955,priest,discipline,23,10,13
24221,Çõrlëøñè,illidan,955,priest,discipline,24,10,14
24222,Bachaterah,skullcrusher,955,priest,discipline,24,10,14
24223,Fidalus,stormrage,955,priest,discipline,38,10,28
24224,Hanklin,lightnings-blade,954,priest,discipline,18,10,8
24225,Chinsta,tichondrius,954,priest,discipline,24,10,14
24226,Kerahk,drakkari,954,priest,discipline,26,10,16
24227,Anthoras,stormrage,953,priest,discipline,18,10,8
24228,Spõt,stormrage,953,priest,discipline,24,10,14
24229,Flagged,azgalor,953,priest,discipline,24,10,14
24230,Worthy,runetotem,952,priest,discipline,18,10,8
24231,Kjpriest,kelthuzad,952,priest,discipline,18,10,8
24232,Jessicä,malganis,952,priest,discipline,18,10,8
24233,Xiöm,quelthalas,952,priest,discipline,24,10,14
24234,Atyourcervix,emerald-dream,951,priest,discipline,18,10,8
24235,Daijoubu,lightnings-blade,951,priest,discipline,24,10,14
24236,Discbubbles,moonrunner,950,priest,discipline,18,10,8
24237,Throwinshadê,stormrage,950,priest,discipline,90,46,44
24238,Zeas,moon-guard,950,priest,discipline,66,23,43
24239,Threlad,elune,949,priest,discipline,18,10,8
24240,Howdydoo,azshara,949,priest,discipline,31,10,21
24241,Cravex,stormrage,948,priest,discipline,30,14,16
24242,Filterz,korgath,948,priest,discipline,24,10,14
24243,Samsunglions,tichondrius,947,priest,discipline,18,10,8
24244,Moomagic,sargeras,945,priest,discipline,42,16,26
24245,Lusch,stormscale,943,priest,discipline,61,32,29
24246,Praiz,tichondrius,942,priest,discipline,24,15,9
24247,Youngboys,stormreaver,942,priest,discipline,30,16,14
24248,Icemeilarda,illidan,940,priest,discipline,81,32,49
24249,Sisterdeáth,area-52,938,priest,discipline,24,11,13
24250,Neehow,hyjal,936,priest,discipline,12,10,2
24251,Miel,kargath,935,priest,discipline,60,22,38
24252,Preezoo,tichondrius,932,priest,discipline,30,10,20
24253,Toastedheal,stormreaver,927,priest,discipline,20,11,9
24254,Voidwulf,azgalor,924,priest,discipline,107,52,55
24255,Kauldër,illidan,924,priest,discipline,23,10,13
24256,Rymzxx,ragnaros,918,priest,discipline,19,11,8
24257,Thekingheals,draenor,918,priest,discipline,28,14,14
24258,Aladelre,aerie-peak,914,priest,discipline,26,11,15
24259,Matafuka,ragnaros,913,priest,discipline,22,11,11
24260,Luxah,bloodhoof,911,priest,discipline,15,11,4
24261,Twistedead,illidan,911,priest,discipline,21,11,10
24262,Priestrix,frostmourne,910,priest,discipline,55,22,33
24263,Brock,lightbringer,905,priest,discipline,27,11,16
24264,Ðanté,the-venture-co,904,priest,discipline,22,13,9
24265,Eluko,tichondrius,904,priest,discipline,21,11,10
24266,Ohashi,ragnaros,902,priest,discipline,18,11,7
24267,Fujinpriest,azralon,894,priest,discipline,28,10,18
24268,Aladdinlol,tichondrius,894,priest,discipline,34,10,24
24269,Chapitä,drakkari,893,priest,discipline,16,10,6
24270,Tezcatyo,area-52,891,priest,discipline,17,10,7
24271,Kaizzen,gorgonnash,891,priest,discipline,17,10,7
24272,Lunett,area-52,887,priest,discipline,34,10,24
24273,Deusthanatos,medivh,879,priest,discipline,28,12,16
24274,Khinthazin,barthilas,878,priest,discipline,42,20,22
24275,Arfaxad,quelthalas,864,priest,discipline,12,9,3
24276,Trinaty,senjin,864,priest,discipline,12,9,3
24277,Gillette,thunderlord,864,priest,discipline,12,9,3
24278,Néy,illidan,864,priest,discipline,12,9,3
24279,Squiddyjr,tichondrius,864,priest,discipline,12,9,3
24280,Mswatermelon,malganis,864,priest,discipline,16,10,6
24281,Marcalus,garrosh,864,priest,discipline,15,9,6
24282,Gekko,azgalor,864,priest,discipline,18,9,9
24283,Arcmage,malganis,864,priest,discipline,18,9,9
24284,Toteme,proudmoore,864,priest,discipline,18,9,9
24285,Jonesypriest,tichondrius,864,priest,discipline,18,9,9
24286,Sinnskløft,tichondrius,864,priest,discipline,18,9,9
24287,Challengerz,suramar,864,priest,discipline,18,9,9
24288,Cinnalite,darkspear,864,priest,discipline,18,9,9
24289,Inmotion,tichondrius,864,priest,discipline,18,9,9
24290,June,dragonmaw,864,priest,discipline,18,9,9
24291,Zlowbly,ragnaros,864,priest,discipline,18,9,9
24292,Wv,kelthuzad,864,priest,discipline,18,9,9
24293,Healthyadult,zuluhed,864,priest,discipline,18,9,9
24294,Biggunsaint,icecrown,864,priest,discipline,18,9,9
24295,Kencyx,tichondrius,864,priest,discipline,18,9,9
24296,Ilovedailies,frostmourne,864,priest,discipline,18,9,9
24297,Shadooe,tichondrius,864,priest,discipline,18,9,9
24298,Phurbosjr,sargeras,864,priest,discipline,18,9,9
24299,Renfury,bleeding-hollow,864,priest,discipline,24,9,15
24300,Dasaq,sargeras,864,priest,discipline,24,9,15
24301,Lostmind,malganis,864,priest,discipline,24,9,15
24302,Dakp,sargeras,864,priest,discipline,24,9,15
24303,Voidgames,area-52,864,priest,discipline,24,9,15
24304,Ninbará,stormrage,864,priest,discipline,24,9,15
24305,Marminator,stormrage,864,priest,discipline,24,9,15
24306,Neuro,barthilas,863,priest,discipline,12,9,3
24307,Djxkidrock,moon-guard,863,priest,discipline,12,9,3
24308,Davinatrans,azralon,863,priest,discipline,12,9,3
24309,Boycrazy,nerzhul,863,priest,discipline,12,9,3
24310,Stroserous,hyjal,863,priest,discipline,12,9,3
24311,Starpass,illidan,863,priest,discipline,12,9,3
24312,Helleamh,tichondrius,863,priest,discipline,12,9,3
24313,Maleklek,azralon,863,priest,discipline,12,9,3
24314,Frotters,kiljaeden,863,priest,discipline,18,9,9
24315,Hottymcdotty,black-dragonflight,863,priest,discipline,18,9,9
24316,Fugazy,barthilas,863,priest,discipline,18,9,9
24317,Iamrisen,tichondrius,863,priest,discipline,18,9,9
24318,Lemmiewinkzx,sargeras,863,priest,discipline,18,9,9
24319,Digop,azralon,863,priest,discipline,18,9,9
24320,Oprst,tichondrius,863,priest,discipline,18,9,9
24321,Darkmoonsun,frostmourne,863,priest,discipline,18,9,9
24322,Aleana,ragnaros,863,priest,discipline,18,9,9
24323,Dojacatx,frostmourne,863,priest,discipline,24,9,15
24324,Mudbuttman,kelthuzad,863,priest,discipline,24,9,15
24325,Marshpillow,barthilas,863,priest,discipline,24,9,15
24326,Bubblerenew,altar-of-storms,863,priest,discipline,24,9,15
24327,Shadowgobbo,thrall,863,priest,discipline,24,9,15
24328,Mothra,ragnaros,862,priest,discipline,12,9,3
24329,Gäindalf,tichondrius,862,priest,discipline,16,10,6
24330,Drerrdaytv,kelthuzad,862,priest,discipline,18,9,9
24331,Redclover,tichondrius,862,priest,discipline,18,9,9
24332,Ppomx,tichondrius,862,priest,discipline,18,9,9
24333,Neuroflex,proudmoore,862,priest,discipline,18,9,9
24334,Satanshealer,terokkar,862,priest,discipline,18,9,9
24335,Rondrica,stormscale,862,priest,discipline,18,9,9
24336,Tyrea,kiljaeden,862,priest,discipline,18,9,9
24337,Lacerating,illidan,862,priest,discipline,18,9,9
24338,Releknosleep,frostwolf,862,priest,discipline,19,9,10
24339,Auras,boulderfist,862,priest,discipline,22,10,12
24340,Padragon,tichondrius,862,priest,discipline,24,9,15
24341,Discountay,burning-legion,861,priest,discipline,18,9,9
24342,Ohgiddy,dalaran,861,priest,discipline,24,9,15
24343,Blinxed,tichondrius,861,priest,discipline,24,9,15
24344,Jeraphìm,tichondrius,860,priest,discipline,18,9,9
24345,Imcringing,illidan,860,priest,discipline,18,9,9
24346,Mawlaana,frostmourne,860,priest,discipline,18,9,9
24347,Ilickdeadppl,sargeras,860,priest,discipline,18,9,9
24348,Discalaneous,tichondrius,860,priest,discipline,27,9,18
24349,Forestpriest,area-52,859,priest,discipline,18,9,9
24350,Moresbo,frostmourne,859,priest,discipline,18,9,9
24351,Pacopriest,tichondrius,859,priest,discipline,18,9,9
24352,Greif,garrosh,859,priest,discipline,18,9,9
24353,Rakket,moon-guard,859,priest,discipline,18,9,9
24354,Divinity,hellscream,858,priest,discipline,24,9,15
24355,Mando,area-52,857,priest,discipline,56,27,29
24356,Rugaru,emerald-dream,857,priest,discipline,21,10,11
24357,Talbadontu,thrall,856,priest,discipline,24,9,15
24358,Caiitlynn,quelthalas,856,priest,discipline,24,9,15
24359,Jebadiia,tichondrius,855,priest,discipline,31,12,19
24360,Maiyennefer,proudmoore,855,priest,discipline,24,9,15
24361,Igotdots,scilla,854,priest,discipline,42,18,24
24362,Sunayriah,illidan,853,priest,discipline,12,9,3
24363,Coachbombae,tichondrius,853,priest,discipline,12,9,3
24364,Mangoes,scilla,853,priest,discipline,20,9,11
24365,Whitegirlirl,blackrock,850,priest,discipline,12,9,3
24366,Radgars,frostmourne,843,priest,discipline,19,13,6
24367,Timeglass,kelthuzad,841,priest,discipline,17,9,8
24368,Brahskeet,illidan,841,priest,discipline,30,9,21
24369,Chastised,moon-guard,834,priest,discipline,228,92,136
24370,Thelonioüs,tichondrius,832,priest,discipline,55,20,35
24371,Rockrock,zuljin,831,priest,discipline,14,11,3
24372,Swu,tichondrius,830,priest,discipline,26,10,16
24373,Delithara,tichondrius,826,priest,discipline,18,9,9
24374,Naniwa,ragnaros,825,priest,discipline,27,10,17
24375,Mydranol,tichondrius,824,priest,discipline,29,9,20
24376,Serana,maelstrom,822,priest,discipline,95,46,49
24377,Yea,shadow-council,814,priest,discipline,15,9,6
24378,Såx,stormreaver,814,priest,discipline,21,9,12
24379,Nuvea,tichondrius,814,priest,discipline,21,9,12
24380,Faxingberlin,sargeras,814,priest,discipline,29,9,20
24381,Shadowdeathx,bleeding-hollow,813,priest,discipline,17,9,8
24382,Wellheeled,norgannon,806,priest,discipline,21,9,12
24383,Nepy,stormrage,805,priest,discipline,22,10,12
24384,Painpaws,moon-guard,800,priest,discipline,22,9,13
24385,Plaedito,stormscale,799,priest,discipline,17,9,8
24386,Slaac,malfurion,799,priest,discipline,17,9,8
24387,Goldenfatty,blackrock,798,priest,discipline,20,9,11
24388,Ðrip,burning-legion,796,priest,discipline,16,9,7
24389,Eclìpsè,barthilas,795,priest,discipline,20,9,11
24390,Unholydomina,zuljin,794,priest,discipline,15,9,6
24391,Winston,tichondrius,784,priest,discipline,19,9,10
24392,Cityboyy,tichondrius,784,priest,discipline,19,9,10
24393,Ezelra,frostmourne,783,priest,discipline,17,9,8
24394,Aupascamarad,tichondrius,783,priest,discipline,17,9,8
24395,Caz,sargeras,775,priest,discipline,24,12,12
24396,Myòvó,tichondrius,768,priest,discipline,12,8,4
24397,Heeka,kelthuzad,768,priest,discipline,12,8,4
24398,Xzliak,area-52,768,priest,discipline,12,8,4
24399,Blesstwo,ragnaros,768,priest,discipline,12,8,4
24400,Yansuanmu,tichondrius,768,priest,discipline,12,8,4
24401,Criiltwo,area-52,768,priest,discipline,12,8,4
24402,Spriestbro,emerald-dream,768,priest,discipline,12,8,4
24403,Discipline,the-scryers,768,priest,discipline,12,8,4
24404,Tastyloads,illidan,768,priest,discipline,12,8,4
24405,Voltekkeh,tichondrius,768,priest,discipline,12,8,4
24406,Bananass,sargeras,768,priest,discipline,12,8,4
24407,Lovesthebox,frostmourne,768,priest,discipline,12,8,4
24408,Müsic,stormrage,768,priest,discipline,12,8,4
24409,Chocopp,illidan,768,priest,discipline,12,8,4
24410,Airalia,bleeding-hollow,768,priest,discipline,12,8,4
24411,Saintpleb,sargeras,768,priest,discipline,12,8,4
24412,Soupbean,zuljin,768,priest,discipline,12,8,4
24413,Evèlyn,dathremar,768,priest,discipline,12,8,4
24414,Soloqqt,tichondrius,768,priest,discipline,12,8,4
24415,Meren,kelthuzad,768,priest,discipline,12,8,4
24416,Censyz,tichondrius,768,priest,discipline,12,8,4
24417,Qohoo,tichondrius,768,priest,discipline,12,8,4
24418,Ñightelf,area-52,768,priest,discipline,12,8,4
24419,Vonpaolo,emerald-dream,768,priest,discipline,12,8,4
24420,Aikinorz,tichondrius,768,priest,discipline,18,8,10
24421,Amayå,kelthuzad,768,priest,discipline,18,8,10
24422,Benedictiion,tichondrius,768,priest,discipline,18,8,10
24423,Haquin,malganis,768,priest,discipline,18,8,10
24424,Jodaa,sargeras,768,priest,discipline,18,8,10
24425,Sontïx,sargeras,768,priest,discipline,18,8,10
24426,Jacqueline,tichondrius,768,priest,discipline,18,8,10
24427,Dehf,bleeding-hollow,768,priest,discipline,18,8,10
24428,Troja,malganis,768,priest,discipline,18,8,10
24429,Sotore,bleeding-hollow,768,priest,discipline,18,8,10
24430,Smiliebomb,tichondrius,768,priest,discipline,18,8,10
24431,Derpmodé,staghelm,768,priest,discipline,18,8,10
24432,Diwara,ragnaros,768,priest,discipline,18,8,10
24433,Melielectra,tichondrius,768,priest,discipline,18,8,10
24434,Muffingal,tichondrius,768,priest,discipline,18,8,10
24435,Sussywussy,stormrage,768,priest,discipline,18,8,10
24436,Physics,frostmane,768,priest,discipline,18,8,10
24437,Manbelow,bleeding-hollow,768,priest,discipline,27,9,18
24438,Hugeshield,stormrage,768,priest,discipline,24,8,16
24439,Dylan,shuhalo,768,priest,discipline,24,8,16
24440,Melshiesty,stormrage,768,priest,discipline,24,8,16
24441,Voidrisu,sargeras,768,priest,discipline,24,8,16
24442,Mavalie,zuljin,768,priest,discipline,24,8,16
24443,Epijho,area-52,767,priest,discipline,12,8,4
24444,Spicey,korgath,767,priest,discipline,12,8,4
24445,Elkies,area-52,767,priest,discipline,12,8,4
24446,Kencyy,tichondrius,767,priest,discipline,12,8,4
24447,Gawlas,azshara,767,priest,discipline,12,8,4
24448,Iulu,doomhammer,767,priest,discipline,12,8,4
24449,Powerranger,senjin,767,priest,discipline,12,8,4
24450,Shinemyhead,stormrage,767,priest,discipline,12,8,4
24451,Piusxll,tichondrius,767,priest,discipline,12,8,4
24452,Lucènt,frostmourne,767,priest,discipline,12,8,4
24453,Daegal,malfurion,767,priest,discipline,12,8,4
24454,Urgetopurge,dunemaul,767,priest,discipline,12,8,4
24455,Alarisa,chogall,767,priest,discipline,12,8,4
24456,Cassiuss,kelthuzad,767,priest,discipline,12,8,4
24457,Ryuuka,sargeras,767,priest,discipline,12,8,4
24458,Mariels,quelthalas,767,priest,discipline,12,8,4
24459,Lelyna,stormrage,767,priest,discipline,12,8,4
24460,Rainny,proudmoore,767,priest,discipline,12,8,4
24461,Yotinha,nemesis,767,priest,discipline,12,8,4
24462,Kynsias,stormrage,767,priest,discipline,15,8,7
24463,Beansofdean,proudmoore,767,priest,discipline,18,8,10
24464,Zyklonova,frostmourne,767,priest,discipline,18,8,10
24465,Brakála,ragnaros,767,priest,discipline,18,8,10
24466,Analiesa,moon-guard,767,priest,discipline,18,8,10
24467,Grotti,ragnaros,767,priest,discipline,18,8,10
24468,Therialjp,ragnaros,767,priest,discipline,18,8,10
24469,Datspice,stormrage,767,priest,discipline,18,8,10
24470,Hellsembrace,lightbringer,767,priest,discipline,18,8,10
24471,Hesus,deathwing,767,priest,discipline,18,8,10
24472,Jùdas,ravencrest,767,priest,discipline,18,8,10
24473,Holyslap,nerzhul,767,priest,discipline,18,8,10
24474,Cäpriestsunn,thrall,767,priest,discipline,18,8,10
24475,Luxury,blackrock,767,priest,discipline,18,8,10
24476,Hl,dalaran,767,priest,discipline,24,8,16
24477,Providennce,tichondrius,767,priest,discipline,24,8,16
24478,Èuneekz,thrall,767,priest,discipline,24,8,16
24479,Oniizanagi,thrall,767,priest,discipline,24,8,16
24480,Fatherdan,blackrock,767,priest,discipline,24,8,16
24481,Showakoi,ragnaros,767,priest,discipline,28,9,19
24482,Snoog,tichondrius,767,priest,discipline,30,8,22
24483,Shirley,skywall,767,priest,discipline,30,8,22
24484,Dorós,coilfang,766,priest,discipline,12,8,4
24485,Abzorbed,stormrage,766,priest,discipline,12,8,4
24486,Juniorfloyd,tichondrius,766,priest,discipline,12,8,4
24487,Payperbuff,tichondrius,766,priest,discipline,12,8,4
24488,Xhaajyh,area-52,766,priest,discipline,12,8,4
24489,Spitefuldirk,dalaran,766,priest,discipline,12,8,4
24490,Grizzblessed,sargeras,766,priest,discipline,12,8,4
24491,Jerserra,emerald-dream,766,priest,discipline,12,8,4
24492,Spriest,kul-tiras,766,priest,discipline,18,8,10
24493,Gõd,zuluhed,766,priest,discipline,18,8,10
24494,Via,chogall,766,priest,discipline,18,8,10
24495,Bandaidvibes,tichondrius,765,priest,discipline,12,8,4
24496,Pollyphia,kiljaeden,765,priest,discipline,12,8,4
24497,Fhelurian,quelthalas,765,priest,discipline,18,8,10
24498,Aybaby,kiljaeden,765,priest,discipline,18,8,10
24499,Darrong,darkspear,764,priest,discipline,18,8,10
24500,Healrat,thrall,764,priest,discipline,18,8,10
24501,Itchybubble,emerald-dream,763,priest,discipline,12,8,4
24502,Lätöxïkä,alleria,763,priest,discipline,17,8,9
24503,Rókue,silvermoon,763,priest,discipline,18,8,10
24504,Squatrack,tichondrius,763,priest,discipline,24,8,16
24505,Badazzfrank,tichondrius,762,priest,discipline,18,8,10
24506,Lytherina,aegwynn,761,priest,discipline,12,8,4
24507,Mommyshere,vashj,761,priest,discipline,18,8,10
24508,Oniyuri,dark-iron,760,priest,discipline,12,8,4
24509,Fluxus,sargeras,760,priest,discipline,12,8,4
24510,Runemidgard,illidan,760,priest,discipline,18,8,10
24511,Cheuksin,korgath,759,priest,discipline,12,8,4
24512,Flannigan,veknilash,753,priest,discipline,12,8,4
24513,Whitepi,tichondrius,751,priest,discipline,21,9,12
24514,Healloween,stormrage,749,priest,discipline,12,8,4
24515,Peacebewithu,echo-isles,749,priest,discipline,12,8,4
24516,Iseeyoulookn,stormrage,743,priest,discipline,23,10,13
24517,Valith,bleeding-hollow,735,priest,discipline,16,9,7
24518,Pokebox,frostmourne,735,priest,discipline,16,8,8
24519,Unholyshield,frostmourne,734,priest,discipline,17,8,9
24520,Itssehctap,chogall,732,priest,discipline,14,9,5
24521,Aloragon,tichondrius,732,priest,discipline,17,8,9
24522,Alterboy,garrosh,724,priest,discipline,18,8,10
24523,Invoice,bloodscalp,719,priest,discipline,17,8,9
24524,Pðpë,area-52,718,priest,discipline,11,8,3
24525,Clarity,arthas,718,priest,discipline,15,9,6
24526,Ivf,darrowmere,714,priest,discipline,29,10,19
24527,Inmøthep,ragnaros,713,priest,discipline,22,9,13
24528,Trashdiscx,stormrage,707,priest,discipline,25,11,14
24529,Drethor,saurfang,702,priest,discipline,16,8,8
24530,Styléßéndérx,illidan,687,priest,discipline,11,8,3
24531,Gdessairmed,exodar,686,priest,discipline,19,8,11
24532,Läsombra,area-52,684,priest,discipline,17,9,8
24533,Termiina,hyjal,684,priest,discipline,25,8,17
24534,Vaticly,hyjal,672,priest,discipline,12,7,5
24535,Taboogie,tichondrius,672,priest,discipline,12,7,5
24536,Walpurgis,skywall,672,priest,discipline,12,7,5
24537,Artirie,darkspear,672,priest,discipline,12,7,5
24538,Dirtydebbie,lightnings-blade,672,priest,discipline,12,7,5
24539,Pavesarii,proudmoore,672,priest,discipline,12,7,5
24540,Mattgarska,tichondrius,672,priest,discipline,12,7,5
24541,Dances,emerald-dream,672,priest,discipline,12,7,5
24542,Bnn,arathor,672,priest,discipline,12,7,5
24543,Aeyde,proudmoore,672,priest,discipline,12,7,5
24544,Fialiadia,illidan,672,priest,discipline,12,7,5
24545,Skcits,sargeras,672,priest,discipline,12,7,5
24546,Anmu,illidan,672,priest,discipline,12,7,5
24547,Afflickzz,kelthuzad,672,priest,discipline,12,7,5
24548,Nosgoróth,quelthalas,672,priest,discipline,12,7,5
24549,Dráugr,ragnaros,672,priest,discipline,12,7,5
24550,Thewaker,tichondrius,672,priest,discipline,12,7,5
24551,Kiloe,tichondrius,672,priest,discipline,12,7,5
24552,Nerfdisc,elune,672,priest,discipline,12,7,5
24553,Tslacalls,malganis,672,priest,discipline,12,7,5
24554,Vels,blackrock,672,priest,discipline,12,7,5
24555,Woolly,tichondrius,672,priest,discipline,12,7,5
24556,Carboload,thrall,672,priest,discipline,12,7,5
24557,Omsi,emerald-dream,672,priest,discipline,12,7,5
24558,Niik,tichondrius,672,priest,discipline,12,7,5
24559,Kymomeh,sargeras,672,priest,discipline,12,7,5
24560,Iatemykids,tichondrius,672,priest,discipline,12,7,5
24561,Dudebanger,sargeras,672,priest,discipline,12,7,5
24562,Washdp,frostmourne,672,priest,discipline,12,7,5
24563,Sadsadge,sargeras,672,priest,discipline,12,7,5
24564,Sentenel,duskwood,672,priest,discipline,12,7,5
24565,Fäÿë,tichondrius,672,priest,discipline,12,7,5
24566,Clevelandboy,blackrock,672,priest,discipline,12,7,5
24567,Littleshower,illidan,672,priest,discipline,12,7,5
24568,Greyx,moon-guard,672,priest,discipline,12,7,5
24569,Littlehcl,tichondrius,672,priest,discipline,12,7,5
24570,Deagled,tichondrius,672,priest,discipline,12,7,5
24571,Hypes,korgath,672,priest,discipline,12,7,5
24572,Iol,spinebreaker,672,priest,discipline,12,7,5
24573,Kencys,tichondrius,672,priest,discipline,12,7,5
24574,Ninielly,stormrage,672,priest,discipline,14,8,6
24575,Siddhar,illidan,672,priest,discipline,13,7,6
24576,Shenanígans,malganis,672,priest,discipline,18,7,11
24577,Joeybats,frostwolf,672,priest,discipline,18,7,11
24578,Jagsp,area-52,672,priest,discipline,18,7,11
24579,Mastahspell,illidan,672,priest,discipline,18,7,11
24580,Yaksa,proudmoore,672,priest,discipline,18,7,11
24581,Rafers,tichondrius,672,priest,discipline,18,7,11
24582,Criminalsp,frostmourne,672,priest,discipline,18,7,11
24583,Iwillrezguys,tichondrius,672,priest,discipline,18,7,11
24584,Marmintor,stormrage,672,priest,discipline,18,7,11
24585,Rigotakx,illidan,672,priest,discipline,18,7,11
24586,Kepp,korgath,672,priest,discipline,18,7,11
24587,Xayda,area-52,672,priest,discipline,18,7,11
24588,Overshields,caelestrasz,672,priest,discipline,18,7,11
24589,Aryeinna,illidan,672,priest,discipline,18,7,11
24590,Jugeum,proudmoore,672,priest,discipline,18,7,11
24591,Meepsw,stormrage,672,priest,discipline,18,7,11
24592,Döyöuliftbro,tichondrius,672,priest,discipline,18,7,11
24593,Whateverbrah,tichondrius,672,priest,discipline,21,8,13
24594,Stríkes,emerald-dream,672,priest,discipline,24,7,17
24595,Babymieo,illidan,672,priest,discipline,24,7,17
24596,Remusha,dalaran,672,priest,discipline,24,7,17
24597,Zortroz,tichondrius,671,priest,discipline,10,8,2
24598,Thalladori,area-52,671,priest,discipline,16,10,6
24599,Honypot,ysondre,671,priest,discipline,12,7,5
24600,Popeofdope,queldorei,671,priest,discipline,12,7,5
24601,Demonwizard,sargeras,671,priest,discipline,12,7,5
24602,Mahelet,drakkari,671,priest,discipline,12,7,5
24603,Debigheal,stormrage,671,priest,discipline,12,7,5
24604,Guerisser,hyjal,671,priest,discipline,12,7,5
24605,Trinidy,illidan,671,priest,discipline,12,7,5
24606,Fatherjerry,kiljaeden,671,priest,discipline,12,7,5
24607,Lightschosen,malganis,671,priest,discipline,12,7,5
24608,Travakel,proudmoore,671,priest,discipline,12,7,5
24609,Beocca,nerzhul,671,priest,discipline,12,7,5
24610,Jeremey,darkspear,671,priest,discipline,12,7,5
24611,Bombinburbon,durotan,671,priest,discipline,12,7,5
24612,Maenard,emerald-dream,671,priest,discipline,12,7,5
24613,Zarfs,burning-blade,671,priest,discipline,12,7,5
24614,Unholyio,barthilas,671,priest,discipline,12,7,5
24615,Skgangmm,tichondrius,671,priest,discipline,12,7,5
24616,Clerkbum,emerald-dream,671,priest,discipline,12,7,5
24617,Saphet,draktharon,671,priest,discipline,12,7,5
24618,Linlight,stormrage,671,priest,discipline,12,7,5
24619,Lumyra,malganis,671,priest,discipline,12,7,5
24620,Randomheal,dunemaul,671,priest,discipline,18,7,11
24621,Adofthealer,illidan,671,priest,discipline,18,7,11
24622,Canharm,tichondrius,671,priest,discipline,18,7,11
24623,Voyou,icecrown,671,priest,discipline,18,7,11
24624,Sreykalip,frostmourne,671,priest,discipline,18,7,11
24625,Vania,tortheldrin,671,priest,discipline,18,7,11
24626,Caeda,icecrown,671,priest,discipline,24,7,17
24627,Shastyr,tichondrius,671,priest,discipline,24,7,17
24628,Malansuo,wyrmrest-accord,671,priest,discipline,30,7,23
24629,Antìdote,tichondrius,670,priest,discipline,12,7,5
24630,Thrudarkness,thrall,670,priest,discipline,12,7,5
24631,Lavvari,durotan,670,priest,discipline,12,7,5
24632,Susannahh,goldrinn,670,priest,discipline,12,7,5
24633,Mitras,moon-guard,670,priest,discipline,12,7,5
24634,Xð,jubeithos,670,priest,discipline,12,7,5
24635,Donus,frostmane,670,priest,discipline,12,7,5
24636,Panelopie,maiev,670,priest,discipline,12,7,5
24637,Jivita,lightbringer,670,priest,discipline,12,7,5
24638,Angelicduck,illidan,670,priest,discipline,12,7,5
24639,Spiceenjoyer,emerald-dream,670,priest,discipline,15,8,7
24640,Xeras,ravencrest,670,priest,discipline,18,7,11
24641,Kerfos,azralon,669,priest,discipline,10,8,2
24642,Feelmyheels,frostmourne,669,priest,discipline,12,7,5
24643,Gabryanna,emerald-dream,669,priest,discipline,18,7,11
24644,Evelien,kiljaeden,669,priest,discipline,24,7,17
24645,Jikoguu,stormscale,669,priest,discipline,24,7,17
24646,Nielic,arygos,668,priest,discipline,12,7,5
24647,Butterflyblu,ragnaros,668,priest,discipline,13,7,6
24648,Albertth,ragnaros,668,priest,discipline,18,7,11
24649,Butterblessr,thunderlord,668,priest,discipline,19,7,12
24650,Todrecas,ragnaros,667,priest,discipline,12,7,5
24651,Tassik,dalaran,667,priest,discipline,18,7,11
24652,Mortecraft,sargeras,666,priest,discipline,12,7,5
24653,Tenet,stormscale,666,priest,discipline,18,7,11
24654,Crossblesser,alleria,663,priest,discipline,12,7,5
24655,Ödin,tichondrius,663,priest,discipline,22,8,14
24656,Sezyks,malganis,655,priest,discipline,17,7,10
24657,Rcx,sargeras,655,priest,discipline,17,7,10
24658,Neutrino,quelthalas,655,priest,discipline,17,7,10
24659,Ibangedaqt,malganis,647,priest,discipline,26,11,15
24660,Elomszz,tichondrius,640,priest,discipline,16,7,9
24661,Creamedcorn,tichondrius,639,priest,discipline,11,7,4
24662,Spicer,eredar,639,priest,discipline,11,7,4
24663,Stunsilence,malganis,639,priest,discipline,14,8,6
24664,Gankchange,tichondrius,639,priest,discipline,14,8,6
24665,Sofluffy,burning-blade,638,priest,discipline,17,7,10
24666,Lalo,bleeding-hollow,638,priest,discipline,23,7,16
24667,Fumes,ghostlands,638,priest,discipline,24,7,17
24668,Calliah,moknathal,637,priest,discipline,11,7,4
24669,Jeffo,baelgun,636,priest,discipline,17,7,10
24670,Futatsi,zuljin,634,priest,discipline,23,7,16
24671,Swagacious,malganis,624,priest,discipline,13,8,5
24672,Holysmegma,dreadmaul,623,priest,discipline,11,7,4
24673,Ezpríest,kelthuzad,623,priest,discipline,11,7,4
24674,Archcerion,stormreaver,621,priest,discipline,15,8,7
24675,Szx,akama,618,priest,discipline,22,8,14
24676,Bibops,area-52,618,priest,discipline,25,8,17
24677,Elevatez,stormrage,608,priest,discipline,10,7,3
24678,Åffliction,sargeras,607,priest,discipline,11,7,4
24679,Meatguzzler,tichondrius,607,priest,discipline,11,7,4
24680,Coolzo,dethecus,607,priest,discipline,14,8,6
24681,Jimyo,tichondrius,607,priest,discipline,15,7,8
24682,Karamapang,illidan,607,priest,discipline,16,7,9
24683,Astroluma,illidan,607,priest,discipline,17,7,10
24684,Played,dark-iron,607,priest,discipline,26,7,19
24685,Codiroli,tichondrius,606,priest,discipline,14,7,7
24686,Forprophet,proudmoore,606,priest,discipline,22,7,15
24687,Dreamskull,aegwynn,605,priest,discipline,14,7,7
24688,Athzziry,ragnaros,599,priest,discipline,21,7,14
24689,Gnepe,sargeras,591,priest,discipline,14,7,7
24690,Eldoras,zuljin,576,priest,discipline,6,6,0
24691,Wizeau,dalaran,576,priest,discipline,6,6,0
24692,Syndrox,kelthuzad,576,priest,discipline,6,6,0
24693,Porffy,malygos,576,priest,discipline,6,6,0
24694,Càptain,moon-guard,576,priest,discipline,6,6,0
24695,Delai,dalaran,576,priest,discipline,6,6,0
24696,Healia,tichondrius,576,priest,discipline,6,6,0
24697,Thirddps,illidan,576,priest,discipline,6,6,0
24698,Pearl,chogall,576,priest,discipline,6,6,0
24699,Illmatíc,malganis,576,priest,discipline,6,6,0
24700,Lisau,tichondrius,576,priest,discipline,12,6,6
24701,Saelomism,frostmourne,576,priest,discipline,12,6,6
24702,Jpgpng,tichondrius,576,priest,discipline,12,6,6
24703,Metius,smolderthorn,576,priest,discipline,12,6,6
24704,Purpskurp,stormrage,576,priest,discipline,12,6,6
24705,Shwayp,zuljin,576,priest,discipline,12,6,6
24706,Shoepooper,kelthuzad,576,priest,discipline,12,6,6
24707,Boppdot,tichondrius,576,priest,discipline,12,6,6
24708,Saintjpii,tichondrius,576,priest,discipline,12,6,6
24709,Bloodfaith,stormrage,576,priest,discipline,12,6,6
24710,Ariste,tichondrius,576,priest,discipline,12,6,6
24711,Brezi,azralon,576,priest,discipline,12,6,6
24712,Fatherjohnny,azuremyst,576,priest,discipline,12,6,6
24713,Cency,tichondrius,576,priest,discipline,12,6,6
24714,Ferilla,illidan,576,priest,discipline,12,6,6
24715,Inukimi,sargeras,576,priest,discipline,12,6,6
24716,Flarkyllama,area-52,576,priest,discipline,12,6,6
24717,Trezz,hakkar,576,priest,discipline,12,6,6
24718,Nokzo,dalaran,576,priest,discipline,12,6,6
24719,Tuxen,wyrmrest-accord,576,priest,discipline,12,6,6
24720,Slobmygnob,illidan,576,priest,discipline,12,6,6
24721,Randyortonn,tichondrius,576,priest,discipline,12,6,6
24722,Scripture,stormreaver,576,priest,discipline,12,6,6
24723,Seleniax,sargeras,576,priest,discipline,12,6,6
24724,Wøah,stormrage,576,priest,discipline,12,6,6
24725,Jackski,aerie-peak,576,priest,discipline,12,6,6
24726,Meshuggah,archimonde,576,priest,discipline,12,6,6
24727,Redkiwi,illidan,576,priest,discipline,12,6,6
24728,Johncrank,bleeding-hollow,576,priest,discipline,12,6,6
24729,Epik,moknathal,576,priest,discipline,12,6,6
24730,Wodpriestx,stormrage,576,priest,discipline,12,6,6
24731,Thelastfight,frostmourne,576,priest,discipline,12,6,6
24732,Ifortalot,lothar,576,priest,discipline,12,6,6
24733,Degenerates,blood-furnace,576,priest,discipline,12,6,6
24734,Bigsàd,proudmoore,576,priest,discipline,12,6,6
24735,Seléne,tichondrius,576,priest,discipline,12,6,6
24736,Pissfeet,tichondrius,576,priest,discipline,12,6,6
24737,Mthwz,tichondrius,576,priest,discipline,12,6,6
24738,Skiza,stormrage,576,priest,discipline,12,6,6
24739,Syncope,garona,576,priest,discipline,12,6,6
24740,Wabie,illidan,576,priest,discipline,12,6,6
24741,Kzo,gnomeregan,576,priest,discipline,12,6,6
24742,Aloxc,drakkari,576,priest,discipline,12,6,6
24743,Decades,moon-guard,576,priest,discipline,12,6,6
24744,Ilovemia,zuljin,576,priest,discipline,12,6,6
24745,Panikâ,thrall,576,priest,discipline,12,6,6
24746,Stankychimpo,malganis,576,priest,discipline,12,6,6
24747,Punchyxz,illidan,576,priest,discipline,12,6,6
24748,Kawasakix,tichondrius,576,priest,discipline,12,6,6
24749,Nikkazul,drakkari,576,priest,discipline,12,6,6
24750,Darkinfusion,illidan,576,priest,discipline,12,6,6
24751,Notskynet,tichondrius,576,priest,discipline,12,6,6
24752,Eirua,proudmoore,576,priest,discipline,12,6,6
24753,Neep,turalyon,576,priest,discipline,12,6,6
24754,Xiaochenchen,tichondrius,576,priest,discipline,12,6,6
24755,Janna,jubeithos,576,priest,discipline,12,6,6
24756,Zerola,sargeras,576,priest,discipline,12,6,6
24757,Wizpell,area-52,576,priest,discipline,12,6,6
24758,Joanoarc,destromath,576,priest,discipline,12,6,6
24759,Fenders,stormrage,576,priest,discipline,12,6,6
24760,Obstetrician,tichondrius,576,priest,discipline,12,6,6
24761,Nelfpriest,khadgar,576,priest,discipline,12,6,6
24762,Frankoizz,quelthalas,576,priest,discipline,12,6,6
24763,Duubz,kelthuzad,576,priest,discipline,12,6,6
24764,Alcoric,illidan,576,priest,discipline,12,6,6
24765,Moselol,tichondrius,576,priest,discipline,12,6,6
24766,Imfresh,illidan,576,priest,discipline,12,6,6
24767,Flatlining,illidan,576,priest,discipline,12,6,6
24768,Prostrat,deathwing,576,priest,discipline,12,6,6
24769,Celypriest,moon-guard,576,priest,discipline,12,6,6
24770,Azurestorm,tichondrius,576,priest,discipline,12,6,6
24771,Napr,proudmoore,576,priest,discipline,12,6,6
24772,Treri,bleeding-hollow,576,priest,discipline,12,6,6
24773,Chicoryx,illidan,576,priest,discipline,12,6,6
24774,Instaboned,sargeras,576,priest,discipline,12,6,6
24775,Bumps,zuljin,576,priest,discipline,12,6,6
24776,Chawp,kelthuzad,576,priest,discipline,12,6,6
24777,Padrë,tichondrius,576,priest,discipline,12,6,6
24778,Kiddonia,whisperwind,576,priest,discipline,15,7,8
24779,Bigfirebet,tichondrius,576,priest,discipline,15,7,8
24780,Preyforme,tichondrius,576,priest,discipline,13,6,7
24781,Dadcantdeath,frostmourne,576,priest,discipline,14,6,8
24782,Repriest,malganis,576,priest,discipline,18,6,12
24783,Oymay,illidan,576,priest,discipline,18,6,12
24784,Asmødeus,bleeding-hollow,576,priest,discipline,18,6,12
24785,Ershackleton,illidan,576,priest,discipline,18,6,12
24786,Ancilx,area-52,576,priest,discipline,18,6,12
24787,Jazmiine,ragnaros,576,priest,discipline,18,6,12
24788,Dots,tichondrius,576,priest,discipline,18,6,12
24789,Komicks,tichondrius,576,priest,discipline,18,6,12
24790,Høðj,tichondrius,576,priest,discipline,18,6,12
24791,Starp,tichondrius,576,priest,discipline,18,6,12
24792,Buffhpriest,tichondrius,576,priest,discipline,18,6,12
24793,Jiedx,tichondrius,576,priest,discipline,18,6,12
24794,Priestmass,dalaran,576,priest,discipline,18,6,12
24795,Hårper,area-52,576,priest,discipline,18,6,12
24796,Slthrysnake,area-52,576,priest,discipline,18,6,12
24797,Fartnutts,dalaran,576,priest,discipline,18,6,12
24798,Scpzi,frostmourne,576,priest,discipline,18,6,12
24799,Jarzo,thunderhorn,576,priest,discipline,18,6,12
24800,Dgpriest,tichondrius,576,priest,discipline,18,6,12
24801,Junethegreat,tichondrius,576,priest,discipline,18,6,12
24802,Peaky,moonrunner,576,priest,discipline,18,6,12
24803,Vineller,malganis,576,priest,discipline,18,6,12
24804,Keepsleepin,stormrage,576,priest,discipline,18,6,12
24805,Çørrúptíøñz,tichondrius,576,priest,discipline,18,6,12
24806,Synaptikk,proudmoore,576,priest,discipline,18,6,12
24807,Sandelios,aggramar,576,priest,discipline,18,6,12
24808,Mylà,ragnaros,576,priest,discipline,20,6,14
24809,Drupith,dalaran,576,priest,discipline,24,6,18
24810,Cûrry,bleeding-hollow,576,priest,discipline,24,6,18
24811,Felixfire,moon-guard,576,priest,discipline,24,6,18
24812,Nachòs,wildhammer,575,priest,discipline,6,6,0
24813,Astrìx,tichondrius,575,priest,discipline,6,6,0
24814,Kephrek,eonar,575,priest,discipline,6,6,0
24815,Göats,emerald-dream,575,priest,discipline,12,6,6
24816,Forroc,stormrage,575,priest,discipline,12,6,6
24817,Preachermang,laughing-skull,575,priest,discipline,12,6,6
24818,Mpshield,kiljaeden,575,priest,discipline,12,6,6
24819,Lobstersock,malganis,575,priest,discipline,12,6,6
24820,Imhotap,illidan,575,priest,discipline,12,6,6
24821,Yusarin,garona,575,priest,discipline,12,6,6
24822,Artmend,malganis,575,priest,discipline,12,6,6
24823,Kajagoogoö,emerald-dream,575,priest,discipline,12,6,6
24824,Silveri,thrall,575,priest,discipline,12,6,6
24825,Pinaybebe,kiljaeden,575,priest,discipline,12,6,6
24826,Exanthrope,stormrage,575,priest,discipline,12,6,6
24827,Aanora,illidan,575,priest,discipline,12,6,6
24828,Wickedmoon,emerald-dream,575,priest,discipline,12,6,6
24829,Nevertelsp,malganis,575,priest,discipline,12,6,6
24830,Moarhaste,kelthuzad,575,priest,discipline,12,6,6
24831,Brahmin,nazjatar,575,priest,discipline,12,6,6
24832,Lúçíd,sargeras,575,priest,discipline,12,6,6
24833,Healdog,thrall,575,priest,discipline,12,6,6
24834,Uncensøred,tichondrius,575,priest,discipline,12,6,6
24835,Swaptohealer,misha,575,priest,discipline,12,6,6
24836,Herzattacken,malganis,575,priest,discipline,12,6,6
24837,Demimo,frostwolf,575,priest,discipline,12,6,6
24838,Galastine,emerald-dream,575,priest,discipline,12,6,6
24839,Mcfluffin,aggramar,575,priest,discipline,12,6,6
24840,Peeinbottles,stormrage,575,priest,discipline,16,7,9
24841,Biltpeter,tichondrius,575,priest,discipline,15,6,9
24842,Flexxwzkaboo,thrall,575,priest,discipline,18,6,12
24843,Mortaroth,doomhammer,575,priest,discipline,18,6,12
24844,Naxiest,stormrage,575,priest,discipline,18,6,12
24845,Kosiris,stormrage,575,priest,discipline,18,6,12
24846,Lìlí,tichondrius,575,priest,discipline,18,6,12
24847,Xyberius,barthilas,575,priest,discipline,18,6,12
24848,Baldpate,tichondrius,575,priest,discipline,24,6,18
24849,Papadarkness,tichondrius,574,priest,discipline,24,6,18
24850,Reilean,sargeras,573,priest,discipline,12,6,6
24851,Prebruisz,baelgun,573,priest,discipline,12,6,6
24852,Ságrádá,area-52,573,priest,discipline,12,6,6
24853,Pharaoh,deathwing,573,priest,discipline,12,6,6
24854,Lookfig,frostmourne,573,priest,discipline,18,6,12
24855,Bigchip,sargeras,573,priest,discipline,24,6,18
24856,Marpi,quelthalas,572,priest,discipline,24,6,18
24857,Clergy,arthas,571,priest,discipline,12,6,6
24858,Voidlordd,kelthuzad,571,priest,discipline,12,6,6
24859,Terric,shattered-hand,570,priest,discipline,12,6,6
24860,Thøt,malganis,570,priest,discipline,12,6,6
24861,Jaster,proudmoore,570,priest,discipline,14,6,8
24862,Antipreist,bonechewer,567,priest,discipline,12,6,6
24863,Crossbones,cenarion-circle,566,priest,discipline,12,6,6
24864,Emmarîl,sargeras,559,priest,discipline,17,6,11
24865,Justfaith,barthilas,558,priest,discipline,17,6,11
24866,Zeno,haomarush,557,priest,discipline,11,6,5
24867,Wingchick,azshara,557,priest,discipline,24,6,18
24868,Earface,blades-edge,543,priest,discipline,14,7,7
24869,Tapel,khazgoroth,543,priest,discipline,18,7,11
24870,Awaken,nerzhul,543,priest,discipline,17,6,11
24871,Surfgang,tichondrius,543,priest,discipline,17,6,11
24872,Shemhazai,ragnaros,542,priest,discipline,14,7,7
24873,Mørbol,tichondrius,541,priest,discipline,14,7,7
24874,Itxo,quelthalas,540,priest,discipline,10,7,3
24875,Haidees,akama,540,priest,discipline,10,7,3
24876,Moonlightx,destromath,528,priest,discipline,9,7,2
24877,Xiaz,lightbringer,528,priest,discipline,12,8,4
24878,Dotdotdead,earthen-ring,522,priest,discipline,16,7,9
24879,Twistèr,zuljin,522,priest,discipline,26,7,19
24880,Identìty,moon-guard,521,priest,discipline,28,7,21
24881,Ethari,crushridge,520,priest,discipline,21,7,14
24882,Enphý,quelthalas,511,priest,discipline,11,6,5
24883,Oneinurdome,moknathal,511,priest,discipline,14,6,8
24884,Bigtang,kiljaeden,511,priest,discipline,14,6,8
24885,Lilmad,stormrage,511,priest,discipline,20,6,14
24886,Moneymurph,blackrock,511,priest,discipline,26,6,20
24887,Pavarotti,laughing-skull,510,priest,discipline,20,6,14
24888,Jessikal,quelthalas,496,priest,discipline,13,6,7
24889,Yait,tichondrius,495,priest,discipline,14,7,7
24890,Aquandrelea,aegwynn,480,priest,discipline,6,5,1
24891,Laggytwodope,tichondrius,480,priest,discipline,6,5,1
24892,Corov,korgath,480,priest,discipline,6,5,1
24893,Danawhitex,thrall,480,priest,discipline,6,5,1
24894,Bulleitrye,emerald-dream,480,priest,discipline,6,5,1
24895,Aetonyx,anvilmar,480,priest,discipline,6,5,1
24896,Privx,bleeding-hollow,480,priest,discipline,6,5,1
24897,Kardinalkeso,frostmourne,480,priest,discipline,6,5,1
24898,Sixnoh,moonrunner,480,priest,discipline,6,5,1
24899,Çøçø,tichondrius,480,priest,discipline,6,5,1
24900,Kebab,tichondrius,480,priest,discipline,6,5,1
24901,Djd,frostmourne,480,priest,discipline,6,5,1
24902,Hateutoo,sargeras,480,priest,discipline,6,5,1
24903,Lily,blackrock,480,priest,discipline,6,5,1
24904,Darknuzs,sargeras,480,priest,discipline,6,5,1
24905,Compromise,the-scryers,480,priest,discipline,6,5,1
24906,Eneldz,quelthalas,480,priest,discipline,6,5,1
24907,Gosarix,tichondrius,480,priest,discipline,6,5,1
24908,Azuremissile,tichondrius,480,priest,discipline,6,5,1
24909,Dzikuss,aegwynn,480,priest,discipline,6,5,1
24910,Uncletouchy,illidan,480,priest,discipline,6,5,1
24911,Káldorei,proudmoore,480,priest,discipline,6,5,1
24912,Xorriz,bleeding-hollow,480,priest,discipline,6,5,1
24913,Holyhand,auchindoun,480,priest,discipline,6,5,1
24914,Azari,illidan,480,priest,discipline,6,5,1
24915,Lildubs,bloodhoof,480,priest,discipline,6,5,1
24916,Sharkbones,tichondrius,480,priest,discipline,6,5,1
24917,Deacoderx,area-52,480,priest,discipline,6,5,1
24918,Stegp,kelthuzad,480,priest,discipline,6,5,1
24919,Radackan,quelthalas,480,priest,discipline,6,5,1
24920,Cxmplex,malganis,480,priest,discipline,6,5,1
24921,Nawtyforever,tichondrius,480,priest,discipline,6,5,1
24922,Karnival,aggramar,480,priest,discipline,6,5,1
24923,Phantømz,zuljin,480,priest,discipline,6,5,1
24924,Matin,frostmourne,480,priest,discipline,9,5,4
24925,Azngød,tichondrius,480,priest,discipline,12,5,7
24926,Alleeyy,tichondrius,480,priest,discipline,12,5,7
24927,Rofrofmu,aegwynn,480,priest,discipline,12,5,7
24928,Vérse,stormrage,480,priest,discipline,12,5,7
24929,Skwishee,illidan,480,priest,discipline,12,5,7
24930,Makeshiftz,zuljin,480,priest,discipline,12,5,7
24931,Htx,dunemaul,480,priest,discipline,12,5,7
24932,Shôta,kelthuzad,480,priest,discipline,12,5,7
24933,Shadowcrash,zuljin,480,priest,discipline,12,5,7
24934,Feyns,illidan,480,priest,discipline,12,5,7
24935,Ptam,tichondrius,480,priest,discipline,12,5,7
24936,Doublesix,malganis,480,priest,discipline,12,5,7
24937,Câstiêl,malganis,480,priest,discipline,12,5,7
24938,Goonie,spirestone,480,priest,discipline,12,5,7
24939,Tòxìç,stormrage,480,priest,discipline,12,5,7
24940,Yaheals,gorefiend,480,priest,discipline,12,5,7
24941,Drzz,tichondrius,480,priest,discipline,12,5,7
24942,Justgoon,tichondrius,480,priest,discipline,12,5,7
24943,Altaeres,tichondrius,480,priest,discipline,12,5,7
24944,Krazyapollo,tichondrius,480,priest,discipline,12,5,7
24945,Whosjoe,tichondrius,480,priest,discipline,12,5,7
24946,Sypii,stormrage,480,priest,discipline,12,5,7
24947,Upsahl,area-52,480,priest,discipline,12,5,7
24948,Augus,velen,480,priest,discipline,12,5,7
24949,Rompenepes,drakkari,480,priest,discipline,12,5,7
24950,Sipmemaster,tichondrius,480,priest,discipline,12,5,7
24951,Scyndar,bonechewer,480,priest,discipline,12,5,7
24952,Jackymv,kelthuzad,480,priest,discipline,12,5,7
24953,Arcosis,turalyon,480,priest,discipline,12,5,7
24954,Rúbybest,tichondrius,480,priest,discipline,12,5,7
24955,Bubblebeasst,area-52,480,priest,discipline,12,5,7
24956,Jangma,tichondrius,480,priest,discipline,12,5,7
24957,Goosemongler,bleeding-hollow,480,priest,discipline,12,5,7
24958,Alpacasama,illidan,480,priest,discipline,12,5,7
24959,Xpenance,ragnaros,480,priest,discipline,12,5,7
24960,Nursébeardy,whisperwind,480,priest,discipline,12,5,7
24961,Sabela,moon-guard,480,priest,discipline,12,5,7
24962,Detainedz,malganis,480,priest,discipline,12,5,7
24963,Lchcl,tichondrius,480,priest,discipline,12,5,7
24964,Vyrah,area-52,480,priest,discipline,12,5,7
24965,Dweem,stormrage,480,priest,discipline,12,5,7
24966,Qoon,tichondrius,480,priest,discipline,12,5,7
24967,Góndhi,tichondrius,480,priest,discipline,12,5,7
24968,Raslin,bonechewer,480,priest,discipline,12,5,7
24969,Batiatus,moon-guard,480,priest,discipline,12,5,7
24970,Blavkata,area-52,480,priest,discipline,12,5,7
24971,Pumice,destromath,480,priest,discipline,12,5,7
24972,Mdibaxx,tichondrius,480,priest,discipline,12,5,7
24973,Dènalí,area-52,480,priest,discipline,12,5,7
24974,Wtfamdoing,quelthalas,480,priest,discipline,12,5,7
24975,Piffbadar,tichondrius,480,priest,discipline,12,5,7
24976,Tamtwo,the-forgotten-coast,480,priest,discipline,12,5,7
24977,Deeply,tichondrius,480,priest,discipline,12,5,7
24978,Hotlink,daggerspine,480,priest,discipline,12,5,7
24979,Ajazz,zuljin,480,priest,discipline,12,5,7
24980,Bluffzp,boulderfist,480,priest,discipline,12,5,7
24981,Giraffebaitt,zuljin,480,priest,discipline,12,5,7
24982,Healryyduff,barthilas,480,priest,discipline,12,5,7
24983,Lindsanp,illidan,480,priest,discipline,12,5,7
24984,Soulbane,frostmourne,480,priest,discipline,12,5,7
24985,Robbailey,dalvengyr,480,priest,discipline,12,5,7
24986,Amperx,wyrmrest-accord,480,priest,discipline,12,5,7
24987,Drmattydubz,tichondrius,480,priest,discipline,12,5,7
24988,Äpriest,sargeras,480,priest,discipline,12,5,7
24989,Inflate,frostmourne,480,priest,discipline,12,5,7
24990,Anellas,sargeras,480,priest,discipline,12,5,7
24991,Lolkwtf,sargeras,480,priest,discipline,12,5,7
24992,Takomochi,sargeras,480,priest,discipline,12,5,7
24993,Sacredmoon,dreadmaul,480,priest,discipline,12,5,7
24994,Taikosqt,azralon,480,priest,discipline,12,5,7
24995,Canswersp,sargeras,480,priest,discipline,12,5,7
24996,Stubby,shadowsong,480,priest,discipline,12,5,7
24997,Takosoufflé,emerald-dream,480,priest,discipline,12,5,7
24998,Abbydaddy,illidan,480,priest,discipline,12,5,7
24999,Mywifesaidno,sargeras,480,priest,discipline,12,5,7
25000,Humblemumble,barthilas,480,priest,discipline,12,5,7
25001,Ón,tichondrius,480,priest,discipline,12,5,7
25002,Ophiuchus,jubeithos,480,priest,discipline,12,5,7
25003,Somethingkoo,sargeras,480,priest,discipline,17,7,10
25004,Fleshliight,area-52,480,priest,discipline,15,6,9
25005,Gatty,kiljaeden,480,priest,discipline,13,5,8
25006,Fréákk,ragnaros,480,priest,discipline,18,5,13
25007,Kark,tichondrius,480,priest,discipline,18,5,13
25008,Nuditwo,malganis,480,priest,discipline,18,5,13
25009,Fearufaraway,tichondrius,480,priest,discipline,18,5,13
25010,Pasher,sargeras,480,priest,discipline,18,5,13
25011,Bebe,fizzcrank,480,priest,discipline,18,5,13
25012,Phenic,aggramar,480,priest,discipline,18,5,13
25013,Cheekypriest,stormrage,480,priest,discipline,18,5,13
25014,Piskel,vashj,480,priest,discipline,18,5,13
25015,Ticheals,tichondrius,480,priest,discipline,18,5,13
25016,Klerick,kiljaeden,480,priest,discipline,18,5,13
25017,Healiesuwu,kiljaeden,480,priest,discipline,18,5,13
25018,Vetisrx,thrall,480,priest,discipline,18,5,13
25019,Aguadejamica,tichondrius,480,priest,discipline,18,5,13
25020,Discpriestxo,malganis,480,priest,discipline,18,5,13
25021,Georgepells,barthilas,480,priest,discipline,24,5,19
25022,Tonymòntana,area-52,479,priest,discipline,6,5,1
25023,Kasamm,nazjatar,479,priest,discipline,6,5,1
25024,Sevioletté,wyrmrest-accord,479,priest,discipline,6,5,1
25025,Remixcandoit,malganis,479,priest,discipline,6,5,1
25026,Krisdavra,thrall,479,priest,discipline,6,5,1
25027,Taiji,whisperwind,479,priest,discipline,6,5,1
25028,Berzap,frostmourne,479,priest,discipline,6,5,1
25029,Ghettobarbie,kelthuzad,479,priest,discipline,6,5,1
25030,Audacy,azuremyst,479,priest,discipline,9,5,4
25031,Techninë,chogall,479,priest,discipline,12,5,7
25032,Healzutwo,tichondrius,479,priest,discipline,12,5,7
25033,Tubelight,sargeras,479,priest,discipline,12,5,7
25034,Aalicya,tanaris,479,priest,discipline,12,5,7
25035,Krynoobz,senjin,479,priest,discipline,12,5,7
25036,Drayen,korgath,479,priest,discipline,12,5,7
25037,Viehweg,azralon,479,priest,discipline,12,5,7
25038,Demished,zuljin,479,priest,discipline,12,5,7
25039,Ibuyfeetpics,tichondrius,479,priest,discipline,12,5,7
25040,Frazzysparks,stormrage,479,priest,discipline,12,5,7
25041,Amäo,illidan,479,priest,discipline,12,5,7
25042,Bloodsorrow,ragnaros,479,priest,discipline,12,5,7
25043,Selea,frostwolf,479,priest,discipline,12,5,7
25044,Chadlyfe,tichondrius,479,priest,discipline,12,5,7
25045,Gaaq,stormrage,479,priest,discipline,12,5,7
25046,Chopstix,senjin,479,priest,discipline,12,5,7
25047,Blackbubba,tichondrius,479,priest,discipline,12,5,7
25048,Crusifixx,tichondrius,479,priest,discipline,18,5,13
25049,Pyper,medivh,479,priest,discipline,18,5,13
25050,Kaladaz,destromath,478,priest,discipline,12,5,7
25051,Jeanmarc,aerie-peak,478,priest,discipline,18,5,13
25052,Eumalfa,dalaran,477,priest,discipline,6,5,1
25053,Bellack,emerald-dream,477,priest,discipline,12,5,7
25054,Goldenlilly,moon-guard,477,priest,discipline,18,5,13
25055,Lotzofhealz,wyrmrest-accord,476,priest,discipline,12,5,7
25056,Forober,queldorei,466,priest,discipline,39,14,25
25057,Faíthless,sargeras,447,priest,discipline,11,5,6
25058,Hungzilla,malganis,447,priest,discipline,11,5,6
25059,Shadowkr,tichondrius,447,priest,discipline,11,5,6
25060,Darkascended,arthas,447,priest,discipline,14,6,8
25061,Agrotothemax,tichondrius,432,priest,discipline,15,5,10
25062,Fxxkdamn,tichondrius,432,priest,discipline,21,6,15
25063,Frenchfries,sargeras,431,priest,discipline,11,5,6
25064,Texmix,stormrage,431,priest,discipline,21,6,15
25065,Leejungjae,tichondrius,426,priest,discipline,15,6,9
25066,Slùm,barthilas,416,priest,discipline,10,5,5
25067,Shinomiko,frostmourne,415,priest,discipline,19,5,14
25068,Melsebek,stormrage,415,priest,discipline,20,5,15
25069,Elbowbeans,tichondrius,414,priest,discipline,16,5,11
25070,Whodatpriest,blackhand,399,priest,discipline,5,5,0
25071,Normill,bonechewer,399,priest,discipline,7,5,2
25072,Bunked,bleeding-hollow,392,priest,discipline,23,7,16
25073,Miniambá,tichondrius,384,priest,discipline,6,4,2
25074,Tristanp,frostmourne,384,priest,discipline,6,4,2
25075,Lavigne,tichondrius,384,priest,discipline,6,4,2
25076,Fenty,nemesis,384,priest,discipline,6,4,2
25077,Remuni,tichondrius,384,priest,discipline,6,4,2
25078,Jixxersp,malganis,384,priest,discipline,6,4,2
25079,Cosenzza,tichondrius,384,priest,discipline,6,4,2
25080,Potatopriest,frostmourne,384,priest,discipline,6,4,2
25081,Crueldotz,illidan,384,priest,discipline,6,4,2
25082,Hiphopanomis,arthas,384,priest,discipline,6,4,2
25083,Yunggawd,illidan,384,priest,discipline,6,4,2
25084,Antifaithx,frostmourne,384,priest,discipline,6,4,2
25085,Onipapae,frostmourne,384,priest,discipline,6,4,2
25086,Lebanese,frostmourne,384,priest,discipline,6,4,2
25087,Altari,whisperwind,384,priest,discipline,6,4,2
25088,Rashad,proudmoore,384,priest,discipline,6,4,2
25089,Meemó,area-52,384,priest,discipline,6,4,2
25090,Optimism,frostmane,384,priest,discipline,6,4,2
25091,Ðyluxx,blackwater-raiders,384,priest,discipline,6,4,2
25092,Zhanay,ragnaros,384,priest,discipline,6,4,2
25093,Healaryduff,skullcrusher,384,priest,discipline,6,4,2
25094,Jaxthree,illidan,384,priest,discipline,6,4,2
25095,Ritalyn,korgath,384,priest,discipline,6,4,2
25096,Kàobeini,tichondrius,384,priest,discipline,6,4,2
25097,Zenelu,tichondrius,384,priest,discipline,6,4,2
25098,Chambler,aegwynn,384,priest,discipline,6,4,2
25099,Lithelin,frostmourne,384,priest,discipline,6,4,2
25100,Mødilon,nemesis,384,priest,discipline,6,4,2
25101,Gardiancloun,sargeras,384,priest,discipline,6,4,2
25102,Djchickpea,chogall,384,priest,discipline,6,4,2
25103,Metéora,nemesis,384,priest,discipline,6,4,2
25104,Acenthe,sargeras,384,priest,discipline,6,4,2
25105,Celanea,bleeding-hollow,384,priest,discipline,6,4,2
25106,Mightydrëk,malganis,384,priest,discipline,6,4,2
25107,Sevros,moon-guard,384,priest,discipline,6,4,2
25108,Wilita,drakkari,384,priest,discipline,6,4,2
25109,Béépboop,tichondrius,384,priest,discipline,6,4,2
25110,Crode,bleeding-hollow,384,priest,discipline,6,4,2
25111,Conney,mugthol,384,priest,discipline,6,4,2
25112,Priesticules,illidan,384,priest,discipline,6,4,2
25113,Lavazzå,tichondrius,384,priest,discipline,6,4,2
25114,Gdlsheretic,sargeras,384,priest,discipline,6,4,2
25115,Babygsuss,tichondrius,384,priest,discipline,6,4,2
25116,Ruems,area-52,384,priest,discipline,6,4,2
25117,Vyndïllïn,tichondrius,384,priest,discipline,6,4,2
25118,Celani,gilneas,384,priest,discipline,6,4,2
25119,Anddori,moknathal,384,priest,discipline,6,4,2
25120,Febronia,aerie-peak,384,priest,discipline,6,4,2
25121,Chemdawwg,aerie-peak,384,priest,discipline,6,4,2
25122,Uglydiego,quelthalas,384,priest,discipline,6,4,2
25123,Äni,sargeras,384,priest,discipline,6,4,2
25124,Goyqqp,illidan,384,priest,discipline,6,4,2
25125,Blzy,area-52,384,priest,discipline,6,4,2
25126,Rahmynpriest,tichondrius,384,priest,discipline,6,4,2
25127,Packa,khaz-modan,384,priest,discipline,6,4,2
25128,Ðescub0962D2,stormrage,384,priest,discipline,6,4,2
25129,Tomp,tichondrius,384,priest,discipline,6,4,2
25130,Sigurdr,muradin,384,priest,discipline,6,4,2
25131,Madskills,shadow-council,384,priest,discipline,6,4,2
25132,Granger,senjin,384,priest,discipline,6,4,2
25133,Gregorovich,ragnaros,384,priest,discipline,6,4,2
25134,Demongodtren,blackrock,384,priest,discipline,6,4,2
25135,Dimedaddy,tichondrius,384,priest,discipline,6,4,2
25136,Goseoa,tichondrius,384,priest,discipline,6,4,2
25137,Zil,spinebreaker,384,priest,discipline,6,4,2
25138,Batface,frostmourne,384,priest,discipline,6,4,2
25139,Spyderco,mugthol,384,priest,discipline,6,4,2
25140,Galandora,kelthuzad,384,priest,discipline,6,4,2
25141,Myds,sargeras,384,priest,discipline,6,4,2
25142,Lexaprö,moon-guard,384,priest,discipline,6,4,2
25143,Ahnassi,stormrage,384,priest,discipline,6,4,2
25144,Prïestitute,zuljin,384,priest,discipline,6,4,2
25145,Bubbleboi,malganis,384,priest,discipline,6,4,2
25146,Subscribe,khazgoroth,384,priest,discipline,6,4,2
25147,Feminizm,tichondrius,384,priest,discipline,6,4,2
25148,Papaheal,runetotem,384,priest,discipline,6,4,2
25149,Zaperama,tichondrius,384,priest,discipline,6,4,2
25150,Ranthrough,tichondrius,384,priest,discipline,6,4,2
25151,Goatedpriest,kelthuzad,384,priest,discipline,6,4,2
25152,Deathrina,moon-guard,384,priest,discipline,6,4,2
25153,Yunganal,sargeras,384,priest,discipline,6,4,2
25154,Dreaminz,tichondrius,384,priest,discipline,6,4,2
25155,Soupbeanx,zuljin,384,priest,discipline,6,4,2
25156,Seí,barthilas,384,priest,discipline,6,4,2
25157,Nordheal,stormrage,384,priest,discipline,6,4,2
25158,Sensitive,eitrigg,384,priest,discipline,6,4,2
25159,Merçy,zuljin,384,priest,discipline,6,4,2
25160,Leebow,tichondrius,384,priest,discipline,6,4,2
25161,Aethestan,zuljin,384,priest,discipline,6,4,2
25162,Pridesp,tichondrius,384,priest,discipline,6,4,2
25163,Discotec,stormrage,384,priest,discipline,6,4,2
25164,Fûsoya,zuljin,384,priest,discipline,6,4,2
25165,Pprriieesst,tichondrius,384,priest,discipline,6,4,2
25166,Stepbrohelp,barthilas,384,priest,discipline,6,4,2
25167,Dioecesis,moon-guard,384,priest,discipline,6,4,2
25168,Sip,sargeras,384,priest,discipline,6,4,2
25169,Chü,dalaran,384,priest,discipline,6,4,2
25170,Monkeyp,barthilas,384,priest,discipline,6,4,2
25171,Fadedyourgo,tichondrius,384,priest,discipline,6,4,2
25172,Popeachini,sargeras,384,priest,discipline,6,4,2
25173,Brodel,dark-iron,384,priest,discipline,9,4,5
25174,Poonanixo,gundrak,384,priest,discipline,10,4,6
25175,Nvøsuperstar,zuljin,384,priest,discipline,15,5,10
25176,Holyshiitzz,illidan,384,priest,discipline,12,4,8
25177,Mezervescent,thrall,384,priest,discipline,12,4,8
25178,Ganelm,vashj,384,priest,discipline,12,4,8
25179,Exisa,stormrage,384,priest,discipline,12,4,8
25180,Chaxiubao,stormrage,384,priest,discipline,12,4,8
25181,Skydemons,malganis,384,priest,discipline,12,4,8
25182,Gothmidget,illidan,384,priest,discipline,12,4,8
25183,Sìrena,tichondrius,384,priest,discipline,12,4,8
25184,Barclan,destromath,384,priest,discipline,12,4,8
25185,Tangykiwi,dalaran,384,priest,discipline,12,4,8
25186,Bearfriend,malorne,384,priest,discipline,12,4,8
25187,Larisa,moon-guard,384,priest,discipline,12,4,8
25188,Staywild,tichondrius,384,priest,discipline,12,4,8
25189,Holynova,nerzhul,384,priest,discipline,12,4,8
25190,Jonahas,sargeras,384,priest,discipline,12,4,8
25191,Ophailea,thrall,384,priest,discipline,12,4,8
25192,Akewnón,stormrage,384,priest,discipline,12,4,8
25193,Wìd,khazgoroth,384,priest,discipline,12,4,8
25194,Echoos,proudmoore,384,priest,discipline,12,4,8
25195,Conorpriest,tichondrius,384,priest,discipline,12,4,8
25196,Haruspex,azralon,384,priest,discipline,12,4,8
25197,Jejer,moon-guard,384,priest,discipline,12,4,8
25198,Billiard,stormrage,384,priest,discipline,12,4,8
25199,Peavzian,kiljaeden,384,priest,discipline,12,4,8
25200,Srazul,azralon,384,priest,discipline,12,4,8
25201,Gooseundead,tichondrius,384,priest,discipline,12,4,8
25202,Madpriest,blades-edge,384,priest,discipline,12,4,8
25203,Xalty,emerald-dream,384,priest,discipline,12,4,8
25204,Dabrat,darkspear,384,priest,discipline,12,4,8
25205,Plebiss,burning-blade,384,priest,discipline,12,4,8
25206,Ioudas,ragnaros,384,priest,discipline,12,4,8
25207,Someonesxy,aggramar,384,priest,discipline,12,4,8
25208,Amys,kargath,384,priest,discipline,12,4,8
25209,Vyvivienx,tichondrius,384,priest,discipline,12,4,8
25210,Villageidiot,lightbringer,384,priest,discipline,12,4,8
25211,Seyler,barthilas,384,priest,discipline,12,4,8
25212,Nancynibbler,bleeding-hollow,384,priest,discipline,12,4,8
25213,Darkxrp,bleeding-hollow,384,priest,discipline,12,4,8
25214,Lankyschlong,frostmourne,384,priest,discipline,12,4,8
25215,Littlean,frostmourne,384,priest,discipline,12,4,8
25216,Burkett,sargeras,384,priest,discipline,12,4,8
25217,Kikyo,antonidas,384,priest,discipline,12,4,8
25218,Ollarlamente,zuljin,384,priest,discipline,12,4,8
25219,Darkspearr,tichondrius,384,priest,discipline,12,4,8
25220,Zaphfkiel,ragnaros,384,priest,discipline,12,4,8
25221,Pontiffvelen,area-52,384,priest,discipline,12,4,8
25222,Ranksix,area-52,384,priest,discipline,12,4,8
25223,Lucet,aegwynn,384,priest,discipline,12,4,8
25224,Karmapi,malganis,384,priest,discipline,12,4,8
25225,Suekmydisc,frostmourne,384,priest,discipline,12,4,8
25226,Auttø,area-52,384,priest,discipline,12,4,8
25227,Priestmode,garona,384,priest,discipline,12,4,8
25228,Phobe,windrunner,384,priest,discipline,12,4,8
25229,Danceofpales,bleeding-hollow,384,priest,discipline,12,4,8
25230,Giannis,garrosh,384,priest,discipline,12,4,8
25231,Melithor,frostmourne,384,priest,discipline,12,4,8
25232,Disperse,sargeras,384,priest,discipline,12,4,8
25233,Steefe,arygos,384,priest,discipline,12,4,8
25234,Healbilli,archimonde,384,priest,discipline,12,4,8
25235,Mucgib,frostmourne,384,priest,discipline,18,4,14
25236,Kymohek,sargeras,384,priest,discipline,18,4,14
25237,Kibariyb,drakkari,384,priest,discipline,18,4,14
25238,Polythis,kelthuzad,384,priest,discipline,18,4,14
25239,Rainms,sargeras,384,priest,discipline,18,4,14
25240,Disçxrespeçt,cairne,384,priest,discipline,18,4,14
25241,Discodork,bleeding-hollow,383,priest,discipline,6,4,2
25242,Gabrieleron,quelthalas,383,priest,discipline,6,4,2
25243,Needalung,stormrage,383,priest,discipline,6,4,2
25244,Fanaeth,arathor,383,priest,discipline,6,4,2
25245,Lifesavér,tichondrius,383,priest,discipline,6,4,2
25246,Notahero,tichondrius,383,priest,discipline,6,4,2
25247,Coorslite,proudmoore,383,priest,discipline,6,4,2
25248,Meddyglyn,area-52,383,priest,discipline,6,4,2
25249,Mirex,tichondrius,383,priest,discipline,6,4,2
25250,Shén,barthilas,383,priest,discipline,6,4,2
25251,Looneý,drakkari,383,priest,discipline,18,6,12
25252,Uckuck,illidan,383,priest,discipline,12,4,8
25253,Theleena,malorne,383,priest,discipline,12,4,8
25254,Chêrubim,arthas,383,priest,discipline,12,4,8
25255,Whatisholy,bleeding-hollow,383,priest,discipline,12,4,8
25256,Sybal,suramar,383,priest,discipline,12,4,8
25257,Anoxic,kiljaeden,383,priest,discipline,12,4,8
25258,Nocturnimal,grizzly-hills,382,priest,discipline,12,4,8
25259,Väin,proudmoore,381,priest,discipline,12,4,8
25260,Divinebones,gurubashi,381,priest,discipline,12,4,8
25261,Touchedbygud,frostmourne,381,priest,discipline,12,4,8
25262,Primela,sargeras,381,priest,discipline,12,4,8
25263,Malhotra,amanthul,381,priest,discipline,12,4,8
25264,Bunnychloe,sargeras,381,priest,discipline,12,4,8
25265,Shenanigans,illidan,367,priest,discipline,11,4,7
25266,Burtier,zuljin,367,priest,discipline,11,4,7
25267,Gringotaco,tichondrius,362,priest,discipline,20,7,13
25268,Scrïpt,thaurissan,351,priest,discipline,11,4,7
25269,Llaarrkkss,tichondrius,351,priest,discipline,11,4,7
25270,Kuwapre,proudmoore,336,priest,discipline,9,5,4
25271,Proftimothy,tichondrius,336,priest,discipline,9,5,4
25272,Rosabell,ragnaros,336,priest,discipline,21,4,17
25273,Grianné,mannoroth,335,priest,discipline,9,4,5
25274,Causeoflife,eitrigg,335,priest,discipline,11,4,7
25275,Siobhin,wyrmrest-accord,335,priest,discipline,11,4,7
25276,Subvert,zuljin,330,priest,discipline,7,5,2
25277,Tmnaarcanttv,tichondrius,330,priest,discipline,7,5,2
25278,Xiangjiao,tichondrius,330,priest,discipline,17,6,11
25279,Takedisdisc,tichondrius,330,priest,discipline,17,6,11
25280,Lilgeek,kelthuzad,330,priest,discipline,21,5,16
25281,Leviosa,bleeding-hollow,319,priest,discipline,8,4,4
25282,Rôxxy,thrall,319,priest,discipline,8,4,4
25283,Smarttakka,emerald-dream,319,priest,discipline,8,4,4
25284,Manachai,the-forgotten-coast,319,priest,discipline,14,4,10
25285,Klizzy,tichondrius,319,priest,discipline,14,4,10
25286,Rancidcookie,tichondrius,304,priest,discipline,13,4,9
25287,Educated,tichondrius,303,priest,discipline,20,4,16
25288,Fouroneo,tichondrius,288,priest,discipline,6,3,3
25289,Idhealthat,tichondrius,288,priest,discipline,6,3,3
25290,Kynnen,mannoroth,288,priest,discipline,6,3,3
25291,Sassygayboyx,bleeding-hollow,288,priest,discipline,6,3,3
25292,Wiseguise,illidan,288,priest,discipline,6,3,3
25293,Frye,bleeding-hollow,288,priest,discipline,6,3,3
25294,Tooeasy,vashj,288,priest,discipline,6,3,3
25295,Poøpoopeepee,tichondrius,288,priest,discipline,6,3,3
25296,Îcecube,sargeras,288,priest,discipline,6,3,3
25297,Maniacx,stormrage,288,priest,discipline,6,3,3
25298,Drrunk,bleeding-hollow,288,priest,discipline,6,3,3
25299,Serenderpity,moon-guard,288,priest,discipline,6,3,3
25300,Midget,darkspear,288,priest,discipline,6,3,3
25301,Bernietopper,tichondrius,288,priest,discipline,6,3,3
25302,Frogfrompad,tichondrius,288,priest,discipline,6,3,3
25303,Strokingmydx,illidan,288,priest,discipline,6,3,3
25304,Amoureuxz,bleeding-hollow,288,priest,discipline,6,3,3
25305,Swinee,tichondrius,288,priest,discipline,6,3,3
25306,Bgundy,sargeras,288,priest,discipline,6,3,3
25307,Hellokuti,silvermoon,288,priest,discipline,6,3,3
25308,Alleviate,frostmourne,288,priest,discipline,6,3,3
25309,Zugzugheal,bleeding-hollow,288,priest,discipline,6,3,3
25310,Sojumike,proudmoore,288,priest,discipline,6,3,3
25311,Adelda,nazjatar,288,priest,discipline,6,3,3
25312,Bigpoppapwn,darkspear,288,priest,discipline,6,3,3
25313,Minzyx,tichondrius,288,priest,discipline,6,3,3
25314,Kiazma,zuljin,288,priest,discipline,6,3,3
25315,Nevermyndz,bleeding-hollow,288,priest,discipline,6,3,3
25316,Imagees,stormscale,288,priest,discipline,6,3,3
25317,Cromagnøn,dalaran,288,priest,discipline,6,3,3
25318,Kelody,zuljin,288,priest,discipline,6,3,3
25319,Kabutta,stormrage,288,priest,discipline,6,3,3
25320,Filthmaster,moon-guard,288,priest,discipline,6,3,3
25321,Huckdaddy,tichondrius,288,priest,discipline,6,3,3
25322,Kleiâ,tichondrius,288,priest,discipline,6,3,3
25323,Sterycraiied,stormreaver,288,priest,discipline,6,3,3
25324,Éxploït,tichondrius,288,priest,discipline,6,3,3
25325,Hükk,kalecgos,288,priest,discipline,6,3,3
25326,Empyreanlite,dalaran,288,priest,discipline,6,3,3
25327,Dradinx,illidan,288,priest,discipline,6,3,3
25328,Epicp,sargeras,288,priest,discipline,6,3,3
25329,Oxicontin,sargeras,288,priest,discipline,6,3,3
25330,Icarryozz,darkspear,288,priest,discipline,6,3,3
25331,Havefaith,whisperwind,288,priest,discipline,6,3,3
25332,Sæýfír,illidan,288,priest,discipline,6,3,3
25333,Näme,frostmourne,288,priest,discipline,6,3,3
25334,Eddiethehead,zuljin,288,priest,discipline,6,3,3
25335,Relianth,stormrage,288,priest,discipline,6,3,3
25336,Ææae,nemesis,288,priest,discipline,6,3,3
25337,Xsy,stormrage,288,priest,discipline,6,3,3
25338,Iamsatan,illidan,288,priest,discipline,6,3,3
25339,Keyohh,tichondrius,288,priest,discipline,6,3,3
25340,Krewed,ravencrest,288,priest,discipline,6,3,3
25341,Sophistdew,proudmoore,288,priest,discipline,6,3,3
25342,Zzavidwong,tichondrius,288,priest,discipline,6,3,3
25343,Kaiah,gorefiend,288,priest,discipline,6,3,3
25344,Thattpriest,thrall,288,priest,discipline,6,3,3
25345,Magazíne,tichondrius,288,priest,discipline,6,3,3
25346,Heelznfeelz,tichondrius,288,priest,discipline,6,3,3
25347,Mindmelts,gallywix,288,priest,discipline,6,3,3
25348,Ayoheals,zuljin,288,priest,discipline,6,3,3
25349,Mindgamez,stormreaver,288,priest,discipline,6,3,3
25350,Blackdeathx,tichondrius,288,priest,discipline,6,3,3
25351,Umbramortìs,tichondrius,288,priest,discipline,6,3,3
25352,Pwrwordthicc,illidan,288,priest,discipline,6,3,3
25353,Shadowform,illidan,288,priest,discipline,6,3,3
25354,Rotnn,thrall,288,priest,discipline,6,3,3
25355,Niniua,tichondrius,288,priest,discipline,6,3,3
25356,Diamondz,emerald-dream,288,priest,discipline,6,3,3
25357,Psyfriend,area-52,288,priest,discipline,6,3,3
25358,Ellipsiz,area-52,288,priest,discipline,6,3,3
25359,Mks,barthilas,288,priest,discipline,6,3,3
25360,Jesstor,frostmourne,288,priest,discipline,6,3,3
25361,Vanzera,thrall,288,priest,discipline,6,3,3
25362,Madalôn,nemesis,288,priest,discipline,6,3,3
25363,Sandreth,bonechewer,288,priest,discipline,6,3,3
25364,Popeofhope,queldorei,288,priest,discipline,6,3,3
25365,Randomprist,area-52,288,priest,discipline,6,3,3
25366,Pzx,zuljin,288,priest,discipline,6,3,3
25367,Healyhaney,stormrage,288,priest,discipline,6,3,3
25368,Furydos,zuljin,288,priest,discipline,6,3,3
25369,Kawesha,emerald-dream,288,priest,discipline,6,3,3
25370,Humps,sargeras,288,priest,discipline,6,3,3
25371,Khaospriest,proudmoore,288,priest,discipline,6,3,3
25372,Scandi,tichondrius,288,priest,discipline,6,3,3
25373,Wale,akama,288,priest,discipline,6,3,3
25374,Grafîx,frostmourne,288,priest,discipline,6,3,3
25375,Nutdrip,tichondrius,288,priest,discipline,6,3,3
25376,Ìdiot,saurfang,288,priest,discipline,6,3,3
25377,Healznfeel,tichondrius,288,priest,discipline,6,3,3
25378,Illegalkill,tichondrius,288,priest,discipline,6,3,3
25379,Alucardibee,turalyon,288,priest,discipline,6,3,3
25380,Calcifer,drakkari,288,priest,discipline,6,3,3
25381,Boogiê,illidan,288,priest,discipline,6,3,3
25382,Tempname,thunderhorn,288,priest,discipline,6,3,3
25383,Megz,zuljin,288,priest,discipline,6,3,3
25384,Kakera,tichondrius,288,priest,discipline,6,3,3
25385,Bessias,area-52,288,priest,discipline,6,3,3
25386,Edmen,stormrage,288,priest,discipline,6,3,3
25387,Dìngobaby,stormrage,288,priest,discipline,6,3,3
25388,Jinzp,area-52,288,priest,discipline,6,3,3
25389,Irar,tichondrius,288,priest,discipline,6,3,3
25390,Killduran,hellscream,288,priest,discipline,6,3,3
25391,Oofx,darkspear,288,priest,discipline,6,3,3
25392,Aspéct,aegwynn,288,priest,discipline,6,3,3
25393,Pumpkinpino,stormrage,288,priest,discipline,6,3,3
25394,Moirâ,silvermoon,288,priest,discipline,6,3,3
25395,Tmall,tichondrius,288,priest,discipline,6,3,3
25396,Trezz,aegwynn,288,priest,discipline,6,3,3
25397,Mooray,thrall,288,priest,discipline,6,3,3
25398,Decastro,silvermoon,288,priest,discipline,6,3,3
25399,Zuuji,frostmourne,288,priest,discipline,6,3,3
25400,Ashidox,proudmoore,288,priest,discipline,6,3,3
25401,Spiritbear,thrall,288,priest,discipline,6,3,3
25402,Kaldoon,azjolnerub,288,priest,discipline,6,3,3
25403,Animityz,illidan,288,priest,discipline,6,3,3
25404,Methandrial,hyjal,288,priest,discipline,6,3,3
25405,Illiteratex,sargeras,288,priest,discipline,6,3,3
25406,Sasagui,bloodscalp,288,priest,discipline,6,3,3
25407,Daryldeath,tichondrius,288,priest,discipline,6,3,3
25408,Numinous,wyrmrest-accord,288,priest,discipline,6,3,3
25409,Lostnthought,aggramar,288,priest,discipline,6,3,3
25410,Aia,frostwolf,288,priest,discipline,6,3,3
25411,Sinzex,tichondrius,288,priest,discipline,6,3,3
25412,Sabene,greymane,288,priest,discipline,6,3,3
25413,Bestworldxz,illidan,288,priest,discipline,6,3,3
25414,Tarwow,moon-guard,288,priest,discipline,6,3,3
25415,Triazolam,illidan,288,priest,discipline,6,3,3
25416,Kefkå,sargeras,288,priest,discipline,6,3,3
25417,Dredre,aggramar,288,priest,discipline,6,3,3
25418,Pulso,area-52,288,priest,discipline,6,3,3
25419,Yannigirl,area-52,288,priest,discipline,6,3,3
25420,Dumbthott,illidan,288,priest,discipline,6,3,3
25421,Partypack,stormrage,288,priest,discipline,6,3,3
25422,Germanica,area-52,288,priest,discipline,6,3,3
25423,Jjaeminkim,area-52,288,priest,discipline,6,3,3
25424,Tigrania,proudmoore,288,priest,discipline,6,3,3
25425,Dudurr,zuluhed,288,priest,discipline,6,3,3
25426,Shaddäye,andorhal,288,priest,discipline,6,3,3
25427,Nokizzgrizz,sargeras,288,priest,discipline,6,3,3
25428,Liminality,illidan,288,priest,discipline,6,3,3
25429,Chervz,chogall,288,priest,discipline,6,3,3
25430,Seyvyur,black-dragonflight,288,priest,discipline,6,3,3
25431,Nikci,tichondrius,288,priest,discipline,6,3,3
25432,Àneres,illidan,288,priest,discipline,6,3,3
25433,Nyxvoid,ragnaros,288,priest,discipline,6,3,3
25434,Buc,barthilas,288,priest,discipline,6,3,3
25435,Chaner,scarlet-crusade,288,priest,discipline,6,3,3
25436,Aenbubble,tichondrius,288,priest,discipline,6,3,3
25437,Zegron,rexxar,288,priest,discipline,6,3,3
25438,Elise,ravenholdt,288,priest,discipline,6,3,3
25439,Okiin,malganis,288,priest,discipline,6,3,3
25440,Fausto,kiljaeden,288,priest,discipline,6,3,3
25441,Kovie,twisting-nether,288,priest,discipline,6,3,3
25442,Zaradomin,kelthuzad,288,priest,discipline,6,3,3
25443,Nineoneone,kilrogg,288,priest,discipline,6,3,3
25444,Lyriczx,kelthuzad,288,priest,discipline,6,3,3
25445,Namecusein,ragnaros,288,priest,discipline,6,3,3
25446,Alladys,shattered-hand,288,priest,discipline,6,3,3
25447,Hypnogypsy,malganis,288,priest,discipline,6,3,3
25448,Paradoxbot,kelthuzad,288,priest,discipline,6,3,3
25449,Heratic,malganis,288,priest,discipline,6,3,3
25450,Barackhobama,malganis,288,priest,discipline,6,3,3
25451,Xusin,tichondrius,288,priest,discipline,6,3,3
25452,Haedn,azralon,288,priest,discipline,6,3,3
25453,Lifeswaplol,kelthuzad,288,priest,discipline,6,3,3
25454,Fackinheals,kelthuzad,288,priest,discipline,6,3,3
25455,Discs,detheroc,288,priest,discipline,6,3,3
25456,Diskope,kelthuzad,288,priest,discipline,6,3,3
25457,Eiricka,kelthuzad,288,priest,discipline,6,3,3
25458,Whackagnome,kelthuzad,288,priest,discipline,9,4,5
25459,Waterßoÿ,emerald-dream,288,priest,discipline,9,4,5
25460,Aarei,stormrage,288,priest,discipline,10,4,6
25461,Catboynahj,dalaran,288,priest,discipline,8,3,5
25462,Atheistbtw,sargeras,288,priest,discipline,16,5,11
25463,Skimpdubs,bleeding-hollow,288,priest,discipline,12,3,9
25464,Virydian,stormrage,288,priest,discipline,12,3,9
25465,Zrn,bleeding-hollow,288,priest,discipline,12,3,9
25466,Fitzop,frostmourne,288,priest,discipline,12,3,9
25467,Snupyfangirl,area-52,288,priest,discipline,12,3,9
25468,Googus,bleeding-hollow,288,priest,discipline,12,3,9
25469,Avipriest,area-52,288,priest,discipline,12,3,9
25470,Kymmei,warsong,288,priest,discipline,12,3,9
25471,Hail,kaelthas,288,priest,discipline,12,3,9
25472,Doomageddon,thorium-brotherhood,288,priest,discipline,12,3,9
25473,Die,crushridge,288,priest,discipline,12,3,9
25474,Xalatath,stormrage,288,priest,discipline,12,3,9
25475,Realheal,tichondrius,288,priest,discipline,12,3,9
25476,Frag,frostmourne,288,priest,discipline,12,3,9
25477,Tý,frostmourne,288,priest,discipline,12,3,9
25478,Xavaat,nerzhul,288,priest,discipline,12,3,9
25479,Itha,illidan,288,priest,discipline,12,3,9
25480,Manaburnout,blackhand,288,priest,discipline,12,3,9
25481,Quartzolio,azralon,288,priest,discipline,12,3,9
25482,Soleyxo,frostmourne,288,priest,discipline,12,3,9
25483,Lightshizzle,illidan,288,priest,discipline,12,3,9
25484,Gwenoviere,whisperwind,288,priest,discipline,12,3,9
25485,Nogetget,frostmourne,288,priest,discipline,12,3,9
25486,Paztech,arthas,288,priest,discipline,12,3,9
25487,Hokon,tortheldrin,288,priest,discipline,12,3,9
25488,Kurnak,arthas,288,priest,discipline,12,3,9
25489,Autogenic,malganis,288,priest,discipline,12,3,9
25490,Phillyrivers,area-52,288,priest,discipline,12,3,9
25491,Xìdís,vashj,288,priest,discipline,12,3,9
25492,Slackinhealz,thrall,288,priest,discipline,12,3,9
25493,Phantøms,zuljin,288,priest,discipline,12,3,9
25494,Disconelf,barthilas,288,priest,discipline,12,3,9
25495,Nsquared,illidan,288,priest,discipline,12,3,9
25496,Solestro,malganis,288,priest,discipline,12,3,9
25497,Krewtoo,illidan,288,priest,discipline,12,3,9
25498,Devili,wyrmrest-accord,288,priest,discipline,12,3,9
25499,Gloomswrath,illidan,288,priest,discipline,12,3,9
25500,Shattgreen,malganis,288,priest,discipline,12,3,9
25501,Bree,area-52,288,priest,discipline,12,3,9
25502,Jahratu,tichondrius,288,priest,discipline,12,3,9
25503,Aaxahfon,moon-guard,288,priest,discipline,12,3,9
25504,Bån,ragnaros,288,priest,discipline,12,3,9
25505,Decokim,tichondrius,288,priest,discipline,12,3,9
25506,Zemms,tichondrius,288,priest,discipline,12,3,9
25507,Muriaticacid,tichondrius,288,priest,discipline,12,3,9
25508,Chaddadbod,emerald-dream,288,priest,discipline,12,3,9
25509,Twohpriest,aerie-peak,288,priest,discipline,12,3,9
25510,Bugshott,tichondrius,288,priest,discipline,12,3,9
25511,Bewbeez,fizzcrank,288,priest,discipline,12,3,9
25512,Pedialyte,kiljaeden,288,priest,discipline,12,3,9
25513,Dumplolz,quelthalas,288,priest,discipline,12,3,9
25514,Bandagebabe,sargeras,288,priest,discipline,12,3,9
25515,Abefromann,sargeras,288,priest,discipline,12,3,9
25516,Shadowdroid,tichondrius,288,priest,discipline,12,3,9
25517,Kaztorz,tichondrius,288,priest,discipline,16,3,13
25518,Moc,jubeithos,288,priest,discipline,18,3,15
25519,Chirho,malganis,288,priest,discipline,18,3,15
25520,Pïque,proudmoore,288,priest,discipline,18,3,15
25521,Pravant,illidan,288,priest,discipline,18,3,15
25522,Imgold,emerald-dream,287,priest,discipline,6,3,3
25523,Solzal,korgath,287,priest,discipline,6,3,3
25524,Wobbleskank,tichondrius,287,priest,discipline,6,3,3
25525,Dorkulous,wyrmrest-accord,287,priest,discipline,12,3,9
25526,Kagayaku,aegwynn,287,priest,discipline,12,3,9
25527,Priestkofwa,tichondrius,287,priest,discipline,12,3,9
25528,Kataró,tichondrius,286,priest,discipline,12,3,9
25529,Poodledad,wyrmrest-accord,255,priest,discipline,8,4,4
25530,Prèèst,proudmoore,255,priest,discipline,11,3,8
25531,Stormlighter,proudmoore,255,priest,discipline,11,3,8
25532,Plaguepumper,sargeras,255,priest,discipline,11,3,8
25533,Imamu,tichondrius,251,priest,discipline,35,16,19
25534,Holycwap,stormrage,240,priest,discipline,9,3,6
25535,Holdentudikz,area-52,239,priest,discipline,5,3,2
25536,Koalakazamzy,shadow-council,239,priest,discipline,5,3,2
25537,Pasquell,emerald-dream,239,priest,discipline,5,3,2
25538,Yumä,kiljaeden,239,priest,discipline,5,3,2
25539,Mawwt,moon-guard,239,priest,discipline,5,3,2
25540,Canô,quelthalas,239,priest,discipline,5,3,2
25541,Skruffles,black-dragonflight,239,priest,discipline,5,3,2
25542,Murillio,moon-guard,239,priest,discipline,5,3,2
25543,Pohky,area-52,239,priest,discipline,5,3,2
25544,Wodturbo,bleeding-hollow,234,priest,discipline,7,4,3
25545,Johnnweedd,ragnaros,234,priest,discipline,8,4,4
25546,Priêsty,stormrage,234,priest,discipline,9,4,5
25547,Onahaihu,tichondrius,234,priest,discipline,14,4,10
25548,Gloomyspp,illidan,234,priest,discipline,14,4,10
25549,Islada,illidan,233,priest,discipline,18,4,14
25550,Hycinamun,malganis,223,priest,discipline,8,3,5
25551,Holyshield,jubeithos,223,priest,discipline,8,3,5
25552,Wagonss,stormrage,222,priest,discipline,25,7,18
25553,Reâpêr,kelthuzad,201,priest,discipline,13,4,9
25554,Berzum,chogall,192,priest,discipline,4,3,1
25555,Jedrick,malganis,192,priest,discipline,4,3,1
25556,Deckx,khazgoroth,192,priest,discipline,6,4,2
25557,Notthebappo,malganis,192,priest,discipline,11,4,7
25558,Tedesq,stormrage,192,priest,discipline,9,3,6
25559,Lunarras,aggramar,192,priest,discipline,6,2,4
25560,Patagoniabae,kelthuzad,192,priest,discipline,6,2,4
25561,Makdaddy,skullcrusher,192,priest,discipline,6,2,4
25562,Davedawg,emerald-dream,192,priest,discipline,6,2,4
25563,Brazen,emerald-dream,192,priest,discipline,6,2,4
25564,Haushauha,azralon,192,priest,discipline,6,2,4
25565,Jpandha,azralon,192,priest,discipline,6,2,4
25566,Ansgar,eonar,192,priest,discipline,6,2,4
25567,Ligthsoul,ragnaros,192,priest,discipline,6,2,4
25568,Zereht,ragnaros,192,priest,discipline,6,2,4
25569,Médic,guldan,192,priest,discipline,6,2,4
25570,Plasmax,ragnaros,192,priest,discipline,6,2,4
25571,Genevieve,aggramar,192,priest,discipline,6,2,4
25572,Linaelinatia,area-52,192,priest,discipline,6,2,4
25573,Shadowpáin,ragnaros,192,priest,discipline,6,2,4
25574,Saenax,area-52,192,priest,discipline,6,2,4
25575,Verboden,kelthuzad,192,priest,discipline,6,2,4
25576,Disc,haomarush,192,priest,discipline,6,2,4
25577,Ocxpriest,azralon,192,priest,discipline,6,2,4
25578,Zarakih,azralon,192,priest,discipline,6,2,4
25579,Mayzal,emerald-dream,192,priest,discipline,6,2,4
25580,Trienolone,emerald-dream,192,priest,discipline,6,2,4
25581,Nars,draka,192,priest,discipline,6,2,4
25582,Keaina,malganis,192,priest,discipline,6,2,4
25583,Stilla,kelthuzad,192,priest,discipline,6,2,4
25584,Gwendalynne,tichondrius,192,priest,discipline,6,2,4
25585,Spampws,aerie-peak,192,priest,discipline,6,2,4
25586,Holyshafted,kelthuzad,192,priest,discipline,6,2,4
25587,Stennic,emerald-dream,192,priest,discipline,6,2,4
25588,Vikingkøng,ragnaros,192,priest,discipline,6,2,4
25589,Thangthangin,icecrown,192,priest,discipline,6,2,4
25590,Cryptoccocus,zuljin,192,priest,discipline,6,2,4
25591,Heartsblood,whisperwind,192,priest,discipline,6,2,4
25592,Hotdice,bleeding-hollow,192,priest,discipline,6,2,4
25593,Castholy,nordrassil,192,priest,discipline,6,2,4
25594,Bigmommyxo,whisperwind,192,priest,discipline,6,2,4
25595,Chazzwizz,area-52,192,priest,discipline,6,2,4
25596,Slenden,illidan,192,priest,discipline,6,2,4
25597,Feelmydisc,bonechewer,192,priest,discipline,6,2,4
25598,Drbønghitmd,tichondrius,192,priest,discipline,6,2,4
25599,Pimeharder,tichondrius,192,priest,discipline,6,2,4
25600,Stiffmeister,bleeding-hollow,192,priest,discipline,6,2,4
25601,Dilonpi,area-52,192,priest,discipline,6,2,4
25602,Gwenholy,hakkar,192,priest,discipline,6,2,4
25603,Príest,nordrassil,192,priest,discipline,6,2,4
25604,Halloweenx,area-52,192,priest,discipline,6,2,4
25605,Noteenurse,blackrock,192,priest,discipline,6,2,4
25606,Budheals,spirestone,192,priest,discipline,6,2,4
25607,Discyple,ysera,192,priest,discipline,6,2,4
25608,Ubbzy,illidan,192,priest,discipline,6,2,4
25609,Coldstone,bloodhoof,192,priest,discipline,6,2,4
25610,Holytipz,stormrage,192,priest,discipline,6,2,4
25611,Cub,darkspear,192,priest,discipline,6,2,4
25612,Keygodx,illidan,192,priest,discipline,6,2,4
25613,Boostvoid,terenas,192,priest,discipline,6,2,4
25614,Easywins,sargeras,192,priest,discipline,6,2,4
25615,Snowlily,illidan,192,priest,discipline,6,2,4
25616,Mordaren,arthas,192,priest,discipline,6,2,4
25617,Yoxxoo,tichondrius,192,priest,discipline,6,2,4
25618,Mindgoblin,terokkar,192,priest,discipline,6,2,4
25619,Baldy,arthas,192,priest,discipline,6,2,4
25620,Bestwizardx,tichondrius,192,priest,discipline,6,2,4
25621,Penicilin,terokkar,192,priest,discipline,6,2,4
25622,Nejisaiyan,sargeras,192,priest,discipline,6,2,4
25623,Hankspank,hakkar,192,priest,discipline,6,2,4
25624,Soulclap,sargeras,192,priest,discipline,6,2,4
25625,Bmox,borean-tundra,192,priest,discipline,6,2,4
25626,Sabalonely,tichondrius,192,priest,discipline,6,2,4
25627,Jaq,altar-of-storms,192,priest,discipline,6,2,4
25628,Linkolln,sargeras,192,priest,discipline,6,2,4
25629,Novakaynersj,anetheron,192,priest,discipline,6,2,4
25630,Krossvoid,thrall,192,priest,discipline,6,2,4
25631,Qnarisha,tichondrius,192,priest,discipline,6,2,4
25632,Pingleangel,tichondrius,192,priest,discipline,6,2,4
25633,Whitesharks,tichondrius,192,priest,discipline,6,2,4
25634,Tulip,frostmourne,192,priest,discipline,6,2,4
25635,Kustem,tichondrius,192,priest,discipline,6,2,4
25636,Noobepriest,thrall,192,priest,discipline,6,2,4
25637,Shalther,thrall,192,priest,discipline,6,2,4
25638,Benjamints,thrall,192,priest,discipline,6,2,4
25639,Bubblewrap,wyrmrest-accord,192,priest,discipline,6,2,4
25640,Coffeek,sargeras,192,priest,discipline,6,2,4
25641,Rickmason,frostmane,192,priest,discipline,6,2,4
25642,Discogs,frostmourne,192,priest,discipline,6,2,4
25643,Járngreipr,nerzhul,192,priest,discipline,6,2,4
25644,Roivas,bleeding-hollow,192,priest,discipline,6,2,4
25645,Mindfak,bleeding-hollow,192,priest,discipline,6,2,4
25646,Kìttý,cenarius,192,priest,discipline,6,2,4
25647,Plaguesus,dalaran,192,priest,discipline,6,2,4
25648,Corpsen,frostmourne,192,priest,discipline,6,2,4
25649,Helorren,nagrand,192,priest,discipline,6,2,4
25650,Ayani,khadgar,192,priest,discipline,6,2,4
25651,Meowforheals,sargeras,192,priest,discipline,6,2,4
25652,Kaeruz,stormrage,192,priest,discipline,6,2,4
25653,Insomnya,sargeras,192,priest,discipline,6,2,4
25654,Mhanaburn,nerzhul,192,priest,discipline,6,2,4
25655,Vivø,nemesis,192,priest,discipline,6,2,4
25656,Krevs,proudmoore,192,priest,discipline,6,2,4
25657,Qmine,tichondrius,192,priest,discipline,6,2,4
25658,Smallz,silvermoon,192,priest,discipline,6,2,4
25659,Râven,proudmoore,192,priest,discipline,6,2,4
25660,Dinkk,stormrage,192,priest,discipline,6,2,4
25661,Sheriff,lightbringer,192,priest,discipline,6,2,4
25662,Rbmxp,barthilas,192,priest,discipline,6,2,4
25663,Kimbeloria,bleeding-hollow,192,priest,discipline,6,2,4
25664,Goatedhp,dalaran,192,priest,discipline,6,2,4
25665,Mentiroso,kaelthas,192,priest,discipline,6,2,4
25666,Xeroxlivee,tichondrius,192,priest,discipline,6,2,4
25667,Phatheals,norgannon,192,priest,discipline,6,2,4
25668,Kaldrbock,sargeras,192,priest,discipline,6,2,4
25669,Quasenada,stormrage,192,priest,discipline,6,2,4
25670,Tamilu,terenas,192,priest,discipline,6,2,4
25671,Holydrop,sargeras,192,priest,discipline,6,2,4
25672,Whitecaster,tichondrius,192,priest,discipline,6,2,4
25673,Riztwo,moon-guard,192,priest,discipline,6,2,4
25674,Faedre,smolderthorn,192,priest,discipline,6,2,4
25675,Schadên,wyrmrest-accord,192,priest,discipline,6,2,4
25676,Hundski,darkspear,192,priest,discipline,6,2,4
25677,Issaley,tichondrius,192,priest,discipline,6,2,4
25678,Irixus,zuljin,192,priest,discipline,6,2,4
25679,Çherished,stormrage,192,priest,discipline,6,2,4
25680,Aelap,malganis,192,priest,discipline,6,2,4
25681,Skellieman,malorne,192,priest,discipline,6,2,4
25682,Meaning,tichondrius,192,priest,discipline,6,2,4
25683,Dimanche,thunderlord,192,priest,discipline,6,2,4
25684,Dxs,hydraxis,192,priest,discipline,6,2,4
25685,Djwienerbum,darkspear,192,priest,discipline,6,2,4
25686,Machiomora,dunemaul,192,priest,discipline,6,2,4
25687,Skêptic,tichondrius,192,priest,discipline,6,2,4
25688,Stepbroplzno,barthilas,192,priest,discipline,6,2,4
25689,Wiccano,stormrage,192,priest,discipline,6,2,4
25690,Ôp,sargeras,192,priest,discipline,6,2,4
25691,Mattkoster,mannoroth,192,priest,discipline,6,2,4
25692,Qtpriestx,tichondrius,192,priest,discipline,6,2,4
25693,Rezy,darkspear,192,priest,discipline,6,2,4
25694,Brokennurse,area-52,192,priest,discipline,7,2,5
25695,Lightski,thunderlord,192,priest,discipline,7,2,5
25696,Patchyemoly,frostmourne,192,priest,discipline,8,2,6
25697,Rewena,silver-hand,192,priest,discipline,12,2,10
25698,Canyounaut,kelthuzad,192,priest,discipline,12,2,10
25699,Lûdløw,kelthuzad,192,priest,discipline,12,2,10
25700,Grâfix,barthilas,192,priest,discipline,12,2,10
25701,Ularim,tichondrius,192,priest,discipline,12,2,10
25702,Meatbaoo,tichondrius,192,priest,discipline,12,2,10
25703,Fearward,silvermoon,192,priest,discipline,12,2,10
25704,Majiinbuu,maelstrom,192,priest,discipline,12,2,10
25705,Vyvanse,azuremyst,192,priest,discipline,12,2,10
25706,Deadmoron,illidan,192,priest,discipline,12,2,10
25707,Fiéstah,illidan,192,priest,discipline,12,2,10
25708,Kuazi,frostmourne,192,priest,discipline,12,2,10
25709,Toguol,stormrage,192,priest,discipline,12,2,10
25710,Prilance,hyjal,192,priest,discipline,12,2,10
25711,Häle,bloodscalp,192,priest,discipline,12,2,10
25712,Bolognypony,norgannon,192,priest,discipline,12,2,10
25713,Jordiest,dalaran,192,priest,discipline,12,2,10
25714,Ergoproxy,barthilas,192,priest,discipline,18,2,16
25715,Charlie,azshara,191,priest,discipline,6,2,4
25716,Leoi,fenris,191,priest,discipline,6,2,4
25717,Myobi,tichondrius,191,priest,discipline,6,2,4
25718,Frothyfran,icecrown,191,priest,discipline,12,2,10
25719,Mynigajeff,zuljin,185,priest,discipline,14,4,10
25720,Akåsha,zuljin,175,priest,discipline,11,2,9
25721,Gabuncher,barthilas,175,priest,discipline,11,2,9
25722,Strict,the-forgotten-coast,159,priest,discipline,5,2,3
25723,Cruxave,aegwynn,159,priest,discipline,5,2,3
25724,Hotpockets,detheroc,159,priest,discipline,5,2,3
25725,Dinogingy,lightbringer,159,priest,discipline,5,2,3
25726,Pochis,bleeding-hollow,159,priest,discipline,8,3,5
25727,Yuhstin,sargeras,159,priest,discipline,8,3,5
25728,ßßxßß,tichondrius,144,priest,discipline,3,3,0
25729,Saintguard,tichondrius,138,priest,discipline,7,3,4
25730,Mesiausx,stormrage,138,priest,discipline,8,3,5
25731,Prayanmantis,tichondrius,138,priest,discipline,8,3,5
25732,Tylennin,hyjal,138,priest,discipline,13,4,9
25733,Desiree,emerald-dream,138,priest,discipline,13,4,9
25734,Ariadneminos,illidan,138,priest,discipline,11,3,8
25735,Theophobe,illidan,138,priest,discipline,19,5,14
25736,Strepsis,icecrown,128,priest,discipline,4,2,2
25737,Dangerhealz,frostmourne,128,priest,discipline,4,2,2
25738,Càipirinha,tichondrius,128,priest,discipline,4,2,2
25739,Fadinglol,tichondrius,128,priest,discipline,4,2,2
25740,Krathe,azralon,128,priest,discipline,4,2,2
25741,Juvell,illidan,96,priest,discipline,3,2,1
25742,Tmspongwo,tichondrius,96,priest,discipline,3,2,1
25743,Standback,wyrmrest-accord,96,priest,discipline,3,2,1
25744,Shadp,tichondrius,96,priest,discipline,3,2,1
25745,Allaurah,thrall,96,priest,discipline,3,2,1
25746,Nickerbocker,nazgrel,96,priest,discipline,6,1,5
25747,Yessír,stormrage,96,priest,discipline,6,1,5
25748,Dwennalous,stormrage,96,priest,discipline,6,1,5
25749,Kireepilef,ragnaros,96,priest,discipline,6,1,5
25750,Doobzy,proudmoore,96,priest,discipline,6,1,5
25751,Nonbinary,trollbane,96,priest,discipline,6,1,5
25752,Worstpriest,stormscale,96,priest,discipline,6,1,5
25753,Edessa,lothar,96,priest,discipline,6,1,5
25754,Baerybonds,kiljaeden,96,priest,discipline,6,1,5
25755,Annoka,sargeras,96,priest,discipline,6,1,5
25756,Shaylari,kelthuzad,96,priest,discipline,6,1,5
25757,Thasar,azgalor,96,priest,discipline,6,1,5
25758,Religions,wyrmrest-accord,96,priest,discipline,6,1,5
25759,Common,tichondrius,96,priest,discipline,6,1,5
25760,Runecarver,anvilmar,96,priest,discipline,6,1,5
25761,Clárke,tichondrius,96,priest,discipline,6,1,5
25762,Ripchadman,tichondrius,96,priest,discipline,6,1,5
25763,Nekkz,sargeras,96,priest,discipline,6,1,5
25764,Løøtgoblin,skullcrusher,96,priest,discipline,6,1,5
25765,Yogirabbit,kiljaeden,96,priest,discipline,6,1,5
25766,Sukeena,malganis,96,priest,discipline,6,1,5
25767,Omgnerfz,zuljin,96,priest,discipline,6,1,5
25768,Kunof,ragnaros,96,priest,discipline,6,1,5
25769,Djriest,sargeras,96,priest,discipline,6,1,5
25770,Púrg,frostmourne,96,priest,discipline,6,1,5
25771,Apbrady,sargeras,96,priest,discipline,6,1,5
25772,Spêc,frostmourne,96,priest,discipline,6,1,5
25773,Lzzp,azralon,96,priest,discipline,6,1,5
25774,Wreklol,sargeras,96,priest,discipline,6,1,5
25775,Shadeven,nagrand,96,priest,discipline,6,1,5
25776,Aeøns,sargeras,96,priest,discipline,6,1,5
25777,Raihn,garrosh,96,priest,discipline,6,1,5
25778,Tooflyy,sargeras,96,priest,discipline,6,1,5
25779,Mannybtuggin,kelthuzad,96,priest,discipline,6,1,5
25780,Jaseyrae,emerald-dream,96,priest,discipline,6,1,5
25781,Fatherwyatt,bleeding-hollow,96,priest,discipline,6,1,5
25782,Ugamie,proudmoore,96,priest,discipline,6,1,5
25783,Hairyleg,kelthuzad,96,priest,discipline,6,1,5
25784,Rickitz,bleeding-hollow,96,priest,discipline,6,1,5
25785,Breathkeeper,proudmoore,96,priest,discipline,6,1,5
25786,Mêatpuppet,kiljaeden,96,priest,discipline,6,1,5
25787,Kimmie,kelthuzad,96,priest,discipline,6,1,5
25788,Ndz,wyrmrest-accord,96,priest,discipline,6,1,5
25789,Blosinrosin,lightbringer,96,priest,discipline,6,1,5
25790,Tisifone,ragnaros,96,priest,discipline,6,1,5
25791,Trupriest,alleria,96,priest,discipline,6,1,5
25792,Floofball,medivh,96,priest,discipline,6,1,5
25793,Snotanygood,alleria,96,priest,discipline,6,1,5
25794,Regzi,stormrage,96,priest,discipline,6,1,5
25795,Halfcab,runetotem,96,priest,discipline,6,1,5
25796,Terripriest,sargeras,96,priest,discipline,6,1,5
25797,Ivermectin,eredar,96,priest,discipline,6,1,5
25798,Canklez,stormscale,96,priest,discipline,6,1,5
25799,Ilikis,tichondrius,96,priest,discipline,6,1,5
25800,Fades,hellscream,96,priest,discipline,6,1,5
25801,Shelleypin,bleeding-hollow,96,priest,discipline,6,1,5
25802,Scenekîd,moon-guard,96,priest,discipline,6,1,5
25803,Minamy,tichondrius,96,priest,discipline,6,1,5
25804,Mêga,illidan,96,priest,discipline,6,1,5
25805,Vayr,thrall,96,priest,discipline,6,1,5
25806,Leach,darkspear,96,priest,discipline,6,1,5
25807,Bingoreferee,kelthuzad,96,priest,discipline,6,1,5
25808,Saltedaddy,tichondrius,96,priest,discipline,6,1,5
25809,Billyscousin,chogall,96,priest,discipline,6,1,5
25810,Rahna,azralon,96,priest,discipline,6,1,5
25811,Orethon,thrall,96,priest,discipline,6,1,5
25812,Tatereh,illidan,96,priest,discipline,6,1,5
25813,Lifejuice,tichondrius,96,priest,discipline,6,1,5
25814,Shåde,skullcrusher,96,priest,discipline,6,1,5
25815,Hordehealin,laughing-skull,96,priest,discipline,6,1,5
25816,Kyrabon,ragnaros,96,priest,discipline,6,1,5
25817,Braxxten,tichondrius,96,priest,discipline,6,1,5
25818,Rookieone,thrall,96,priest,discipline,6,1,5
25819,Kryoff,illidan,96,priest,discipline,6,1,5
25820,Battlemage,magtheridon,96,priest,discipline,6,1,5
25821,Pastortee,sargeras,96,priest,discipline,6,1,5
25822,Gódriç,emerald-dream,96,priest,discipline,6,1,5
25823,Radiance,aggramar,96,priest,discipline,6,1,5
25824,Mistnamed,emerald-dream,96,priest,discipline,6,1,5
25825,Moonideli,moon-guard,96,priest,discipline,6,1,5
25826,Ayzen,emerald-dream,96,priest,discipline,6,1,5
25827,Payforheals,malganis,96,priest,discipline,6,1,5
25828,Robinophelia,sargeras,96,priest,discipline,6,1,5
25829,Nineoneoneh,stormrage,96,priest,discipline,6,1,5
25830,Tichealstwo,tichondrius,96,priest,discipline,6,1,5
25831,Keynnish,sargeras,96,priest,discipline,6,1,5
25832,Drmuhammad,sargeras,96,priest,discipline,6,1,5
25833,Holddacheese,area-52,96,priest,discipline,6,1,5
25834,Barelylegalx,tichondrius,96,priest,discipline,6,1,5
25835,Lildes,tichondrius,96,priest,discipline,6,1,5
25836,Mïsstres,area-52,96,priest,discipline,6,1,5
25837,Vandi,moon-guard,96,priest,discipline,6,1,5
25838,Cenzlyor,arthas,96,priest,discipline,6,1,5
25839,Spspsp,illidan,96,priest,discipline,6,1,5
25840,Hionlife,tichondrius,96,priest,discipline,6,1,5
25841,Kagura,dunemaul,96,priest,discipline,6,1,5
25842,Prayforhealz,tichondrius,96,priest,discipline,6,1,5
25843,Dchi,tichondrius,96,priest,discipline,6,1,5
25844,Throwshade,moon-guard,96,priest,discipline,6,1,5
25845,Trixor,area-52,96,priest,discipline,6,1,5
25846,Dáhealz,tichondrius,96,priest,discipline,6,1,5
25847,Thh,emerald-dream,96,priest,discipline,6,1,5
25848,Lingt,drakkari,96,priest,discipline,6,1,5
25849,Holnderoth,malganis,96,priest,discipline,6,1,5
25850,Priestmika,illidan,96,priest,discipline,6,1,5
25851,Wilcarfegus,draka,96,priest,discipline,6,1,5
25852,Aneresxo,illidan,96,priest,discipline,6,1,5
25853,Soliidsnake,area-52,96,priest,discipline,6,1,5
25854,Escence,jubeithos,96,priest,discipline,6,1,5
25855,Tabzorbing,illidan,96,priest,discipline,6,1,5
25856,Lenigrast,blackrock,96,priest,discipline,6,1,5
25857,Galice,archimonde,96,priest,discipline,6,1,5
25858,Capixaba,stormrage,96,priest,discipline,6,1,5
25859,Powerwordqt,kalecgos,96,priest,discipline,6,1,5
25860,Merxy,bleeding-hollow,96,priest,discipline,6,1,5
25861,Dawnside,wyrmrest-accord,96,priest,discipline,12,1,11
25862,Ssmushi,tichondrius,96,priest,discipline,12,1,11
25863,Gusgp,tichondrius,96,priest,discipline,12,1,11
25864,Sifts,proudmoore,96,priest,discipline,12,1,11
25865,Sevenlions,stormrage,96,priest,discipline,12,1,11
25866,Mallzahar,darkspear,96,priest,discipline,12,1,11
25867,Chewboppa,zuljin,96,priest,discipline,12,1,11
25868,Erinyn,area-52,96,priest,discipline,12,1,11
25869,Torgasm,frostmourne,96,priest,discipline,12,1,11
25870,Punkndrublic,sargeras,96,priest,discipline,12,1,11
25871,Timéo,zuljin,96,priest,discipline,18,1,17
25872,Mixxd,shuhalo,95,priest,discipline,6,1,5
25873,Larry,tichondrius,79,priest,discipline,5,1,4
25874,Sáito,area-52,79,priest,discipline,5,1,4
25875,Oldmanlou,spirestone,63,priest,discipline,14,2,12
25876,Wyldpiece,frostmourne,42,priest,discipline,7,3,4
25877,Jqueryy,tichondrius,42,priest,discipline,11,3,8
25878,Bigpimpnz,wildhammer,42,priest,discipline,14,3,11
25879,Küno,kelthuzad,42,priest,discipline,10,2,8
25880,Londy,area-52,42,priest,discipline,16,3,13
25881,Alathan,sargeras,31,priest,discipline,2,1,1
25882,Nås,elune,31,priest,discipline,2,1,1
25883,Jennaôrtega,tichondrius,2312,priest,shadow,84,54,30
25884,Orchidp,tichondrius,2302,priest,shadow,216,136,80
25885,Yeazy,stormrage,2296,priest,shadow,108,62,46
25886,Ejr,altar-of-storms,2247,priest,shadow,103,55,48
25887,Kishoengi,sargeras,2239,priest,shadow,90,56,34
25888,Pboo,tichondrius,2232,priest,shadow,66,41,25
25889,Edd,tichondrius,2215,priest,shadow,158,84,74
25890,Yeona,tichondrius,2195,priest,shadow,101,60,41
25891,Mearas,kelthuzad,2189,priest,shadow,88,52,36
25892,Disemble,illidan,2186,priest,shadow,78,44,34
25893,Techbadar,tichondrius,2185,priest,shadow,125,65,60
25894,Eradication,frostmourne,2168,priest,shadow,93,61,32
25895,Dyrr,barthilas,2164,priest,shadow,102,55,47
25896,Zçythe,tichondrius,2158,priest,shadow,84,51,33
25897,Geovanni,barthilas,2147,priest,shadow,89,47,42
25898,Moraver,kelthuzad,2141,priest,shadow,74,39,35
25899,Zlipz,frostmourne,2125,priest,shadow,66,42,24
25900,Dream,tichondrius,2122,priest,shadow,126,63,63
25901,Yenïza,illidan,2111,priest,shadow,148,81,67
25902,Kottun,stormrage,2110,priest,shadow,66,38,28
25903,Lìám,frostmourne,2110,priest,shadow,187,102,85
25904,Bayter,frostmourne,2105,priest,shadow,181,97,84
25905,Strwbrynaner,sargeras,2098,priest,shadow,150,79,71
25906,Ombravuota,blades-edge,2085,priest,shadow,153,83,70
25907,Oohhmágáá,azralon,2079,priest,shadow,66,48,18
25908,Scandi,tichondrius,2053,priest,shadow,60,35,25
25909,Vtp,frostmourne,2052,priest,shadow,116,66,50
25910,Nekroscream,queldorei,2050,priest,shadow,95,53,42
25911,Xiaozhui,tichondrius,2046,priest,shadow,75,41,34
25912,Spamndam,tichondrius,2045,priest,shadow,54,32,22
25913,Laundryday,korgath,2043,priest,shadow,96,51,45
25914,Pdfileclass,tichondrius,2039,priest,shadow,54,36,18
25915,Eunu,tichondrius,2036,priest,shadow,132,65,67
25916,Targora,lightninghoof,2030,priest,shadow,72,42,30
25917,Omenx,emerald-dream,2018,priest,shadow,48,30,18
25918,Expr,area-52,2016,priest,shadow,84,47,37
25919,Knowknow,tichondrius,2013,priest,shadow,108,57,51
25920,Welplayedman,emerald-dream,2009,priest,shadow,60,35,25
25921,Kiriko,mannoroth,2009,priest,shadow,95,54,41
25922,Maskali,tichondrius,2009,priest,shadow,138,66,72
25923,Arobahn,tichondrius,2008,priest,shadow,100,54,46
25924,Zlips,frostmourne,2006,priest,shadow,75,37,38
25925,Gâdzêd,kelthuzad,2003,priest,shadow,62,38,24
25926,Babyh,tichondrius,1994,priest,shadow,77,41,36
25927,Keygodx,illidan,1977,priest,shadow,59,36,23
25928,Viyana,stormrage,1977,priest,shadow,204,104,100
25929,Talbadar,tichondrius,1973,priest,shadow,66,42,24
25930,Apbrady,sargeras,1973,priest,shadow,66,35,31
25931,Blax,stormscale,1972,priest,shadow,78,43,35
25932,Aro,tichondrius,1966,priest,shadow,60,32,28
25933,Mamísonga,ragnaros,1965,priest,shadow,71,35,36
25934,Helmsman,tichondrius,1960,priest,shadow,100,56,44
25935,Urelz,illidan,1956,priest,shadow,30,21,9
25936,Greaterfade,stormrage,1952,priest,shadow,60,34,26
25937,Maìden,sargeras,1946,priest,shadow,54,30,24
25938,Shibuu,moon-guard,1942,priest,shadow,52,28,24
25939,Garpd,tichondrius,1938,priest,shadow,72,47,25
25940,Ysuran,moon-guard,1930,priest,shadow,184,106,78
25941,Katallyst,tichondrius,1926,priest,shadow,77,36,41
25942,Zyrith,sargeras,1925,priest,shadow,69,36,33
25943,Sin,guldan,1924,priest,shadow,268,144,124
25944,Kuraga,bleeding-hollow,1922,priest,shadow,332,177,155
25945,Cheesëburg,illidan,1915,priest,shadow,54,28,26
25946,Pbxx,tichondrius,1914,priest,shadow,52,31,21
25947,Amyyds,illidan,1907,priest,shadow,95,61,34
25948,Ousïa,quelthalas,1905,priest,shadow,88,44,44
25949,Erebusz,tichondrius,1903,priest,shadow,72,36,36
25950,Yberisa,zuljin,1897,priest,shadow,55,34,21
25951,Soapee,illidan,1896,priest,shadow,191,96,95
25952,Holydose,moon-guard,1893,priest,shadow,78,34,44
25953,Criminalsp,frostmourne,1889,priest,shadow,54,29,25
25954,Metasp,sargeras,1887,priest,shadow,60,32,28
25955,Meehx,illidan,1886,priest,shadow,102,65,37
25956,Louloudots,malganis,1880,priest,shadow,66,34,32
25957,Netheerix,tichondrius,1879,priest,shadow,51,30,21
25958,Stinkiez,area-52,1878,priest,shadow,229,119,110
25959,Delasoul,malganis,1876,priest,shadow,63,37,26
25960,Sênju,thrall,1875,priest,shadow,65,35,30
25961,Blackoss,sargeras,1874,priest,shadow,53,27,26
25962,Mythsnake,ragnaros,1872,priest,shadow,49,29,20
25963,Soar,ravencrest,1872,priest,shadow,47,26,21
25964,Atarri,illidan,1868,priest,shadow,54,31,23
25965,Creapture,zuluhed,1864,priest,shadow,42,24,18
25966,Xayp,kelthuzad,1863,priest,shadow,101,73,28
25967,Keliarc,sargeras,1863,priest,shadow,60,34,26
25968,Taylorsp,tichondrius,1863,priest,shadow,76,42,34
25969,Voidkay,tichondrius,1862,priest,shadow,42,35,7
25970,Wizkxjwap,tichondrius,1862,priest,shadow,36,24,12
25971,Puppyboyx,moon-guard,1861,priest,shadow,62,31,31
25972,Fungame,malganis,1855,priest,shadow,50,35,15
25973,Tamajka,the-forgotten-coast,1855,priest,shadow,93,49,44
25974,Itkev,area-52,1854,priest,shadow,35,27,8
25975,Couldntbeme,sargeras,1852,priest,shadow,54,31,23
25976,Kattallyst,tichondrius,1851,priest,shadow,42,24,18
25977,Asmødeus,bleeding-hollow,1851,priest,shadow,71,37,34
25978,Echoos,proudmoore,1849,priest,shadow,42,28,14
25979,Yoggismydad,emerald-dream,1847,priest,shadow,48,29,19
25980,Wafflezsp,frostmourne,1847,priest,shadow,120,62,58
25981,Sapoopettas,quelthalas,1845,priest,shadow,54,26,28
25982,Niark,frostmourne,1844,priest,shadow,46,24,22
25983,Griffsp,sargeras,1844,priest,shadow,203,101,102
25984,Remixsp,malganis,1840,priest,shadow,42,24,18
25985,Jugeumx,proudmoore,1838,priest,shadow,42,25,17
25986,Marfas,illidan,1837,priest,shadow,62,30,32
25987,Emopriestqt,tichondrius,1836,priest,shadow,114,68,46
25988,Niurouchuan,tichondrius,1834,priest,shadow,62,31,31
25989,Plztrainme,spinebreaker,1831,priest,shadow,106,58,48
25990,Phubar,stormreaver,1831,priest,shadow,78,34,44
25991,Remedio,emerald-dream,1830,priest,shadow,33,21,12
25992,Cøtt,emerald-dream,1829,priest,shadow,48,30,18
25993,Doma,malganis,1829,priest,shadow,43,26,17
25994,Yb,kelthuzad,1829,priest,shadow,54,32,22
25995,Auttø,area-52,1829,priest,shadow,45,26,19
25996,Kalantris,ragnaros,1828,priest,shadow,64,41,23
25997,Throwshade,moon-guard,1828,priest,shadow,89,56,33
25998,Giriosp,thrall,1827,priest,shadow,31,22,9
25999,Ensanity,stormrage,1826,priest,shadow,60,33,27
26000,Gromkekz,area-52,1826,priest,shadow,72,33,39
26001,Celypriest,moon-guard,1825,priest,shadow,30,25,5
26002,Ptam,tichondrius,1825,priest,shadow,47,26,21
26003,Idiotgarbage,moon-guard,1824,priest,shadow,48,26,22
26004,Snozberry,malganis,1822,priest,shadow,66,36,30
26005,Mindslips,tichondrius,1821,priest,shadow,144,82,62
26006,Sodíum,wyrmrest-accord,1821,priest,shadow,65,33,32
26007,Bearoom,frostmourne,1820,priest,shadow,66,39,27
26008,Kydraah,ragnaros,1820,priest,shadow,47,27,20
26009,Plaguesus,dalaran,1820,priest,shadow,64,35,29
26010,Vil,lightnings-blade,1819,priest,shadow,90,50,40
26011,Nevertelsp,malganis,1818,priest,shadow,122,79,43
26012,Dots,tichondrius,1816,priest,shadow,53,33,20
26013,Katarot,area-52,1816,priest,shadow,51,30,21
26014,Discipline,chogall,1816,priest,shadow,48,26,22
26015,Hollister,illidan,1816,priest,shadow,246,132,114
26016,Blissily,sargeras,1814,priest,shadow,75,47,28
26017,Irasponsible,stormrage,1814,priest,shadow,42,23,19
26018,Holytalk,tichondrius,1814,priest,shadow,60,30,30
26019,Drupith,dalaran,1814,priest,shadow,54,27,27
26020,Melonsoda,stormrage,1813,priest,shadow,48,26,22
26021,Resonator,laughing-skull,1813,priest,shadow,46,22,24
26022,Invain,executus,1812,priest,shadow,30,24,6
26023,Xannè,tichondrius,1811,priest,shadow,60,30,30
26024,Tomcruisé,zuljin,1810,priest,shadow,54,31,23
26025,Llamabush,malganis,1809,priest,shadow,39,26,13
26026,Doublesix,malganis,1809,priest,shadow,72,43,29
26027,Krelaeren,tichondrius,1809,priest,shadow,65,33,32
26028,Cixelpvp,area-52,1809,priest,shadow,54,26,28
26029,Arthrix,sargeras,1807,priest,shadow,72,46,26
26030,Ericxd,area-52,1807,priest,shadow,77,38,39
26031,Edai,malganis,1806,priest,shadow,229,124,105
26032,Ghostz,alleria,1805,priest,shadow,54,36,18
26033,Pesca,proudmoore,1805,priest,shadow,60,35,25
26034,Jomm,area-52,1805,priest,shadow,69,37,32
26035,Exoticfather,area-52,1805,priest,shadow,60,30,30
26036,Saintpleb,sargeras,1804,priest,shadow,92,64,28
26037,Panndaz,tichondrius,1803,priest,shadow,30,19,11
26038,Metricdotem,terenas,1803,priest,shadow,42,26,16
26039,Euthanasìa,deathwing,1803,priest,shadow,70,31,39
26040,Korrà,turalyon,1802,priest,shadow,30,19,11
26041,Hástür,quelthalas,1801,priest,shadow,121,67,54
26042,Eclipsë,malganis,1800,priest,shadow,24,19,5
26043,Soyul,tichondrius,1795,priest,shadow,72,41,31
26044,Stresscube,tichondrius,1794,priest,shadow,34,20,14
26045,Axelrod,tichondrius,1792,priest,shadow,48,29,19
26046,Ðemi,zuljin,1792,priest,shadow,60,36,24
26047,Brokenspc,tichondrius,1791,priest,shadow,94,53,41
26048,Girthed,bloodscalp,1785,priest,shadow,68,40,28
26049,Desaros,tichondrius,1782,priest,shadow,72,41,31
26050,Estéve,wyrmrest-accord,1781,priest,shadow,95,47,48
26051,Alisasa,tichondrius,1780,priest,shadow,42,24,18
26052,Jydge,tichondrius,1780,priest,shadow,39,22,17
26053,Ericzssp,tichondrius,1779,priest,shadow,45,25,20
26054,Evenly,tichondrius,1777,priest,shadow,108,58,50
26055,Jojotwo,illidan,1777,priest,shadow,60,30,30
26056,Palmerin,ravencrest,1775,priest,shadow,81,45,36
26057,Snookp,kiljaeden,1774,priest,shadow,166,86,80
26058,Shadowforsho,sargeras,1771,priest,shadow,64,30,34
26059,Zlowbly,ragnaros,1762,priest,shadow,89,46,43
26060,Sleepynuj,stormrage,1757,priest,shadow,66,41,25
26061,Inflate,frostmourne,1757,priest,shadow,78,42,36
26062,Ussmissouri,area-52,1755,priest,shadow,134,72,62
26063,Orgasmiq,frostmourne,1755,priest,shadow,84,45,39
26064,Lauretânia,nemesis,1754,priest,shadow,66,35,31
26065,Afromon,suramar,1750,priest,shadow,72,45,27
26066,Mepisth,sargeras,1748,priest,shadow,72,46,26
26067,What,drakthul,1745,priest,shadow,42,26,16
26068,Brickzyhehe,dalaran,1745,priest,shadow,95,47,48
26069,Impérial,stormrage,1744,priest,shadow,179,107,72
26070,Zhiwanam,tichondrius,1744,priest,shadow,53,31,22
26071,Derisha,ragnaros,1742,priest,shadow,78,43,35
26072,Mindburn,nemesis,1742,priest,shadow,84,38,46
26073,Laokele,tichondrius,1731,priest,shadow,48,29,19
26074,Dildocrates,darkspear,1730,priest,shadow,48,28,20
26075,Aristedes,thrall,1729,priest,shadow,35,20,15
26076,Xmewo,sargeras,1728,priest,shadow,41,25,16
26077,Ðantex,thrall,1728,priest,shadow,254,131,123
26078,Jthreetx,kelthuzad,1722,priest,shadow,34,19,15
26079,Peggable,moon-guard,1718,priest,shadow,42,23,19
26080,Jeseck,quelthalas,1718,priest,shadow,46,23,23
26081,Brokentrojan,moon-guard,1718,priest,shadow,48,23,25
26082,Crbandit,moon-guard,1716,priest,shadow,85,54,31
26083,Disxlyec,barthilas,1711,priest,shadow,112,60,52
26084,Bagjoe,illidan,1711,priest,shadow,117,60,57
26085,Nishishabi,tichondrius,1707,priest,shadow,48,24,24
26086,Priestine,dreadmaul,1706,priest,shadow,150,81,69
26087,Furbog,area-52,1705,priest,shadow,30,20,10
26088,Shwayp,zuljin,1702,priest,shadow,36,22,14
26089,Twoboo,bleeding-hollow,1701,priest,shadow,72,40,32
26090,Voidazepam,zuljin,1700,priest,shadow,84,49,35
26091,Aformoflove,tichondrius,1700,priest,shadow,41,21,20
26092,Krytical,illidan,1699,priest,shadow,123,75,48
26093,Shadowblastx,sargeras,1696,priest,shadow,48,29,19
26094,Cavaliersr,ragnaros,1696,priest,shadow,90,53,37
26095,Milan,dalaran,1694,priest,shadow,63,39,24
26096,Voiders,area-52,1691,priest,shadow,169,99,70
26097,Ticklefingrs,malganis,1689,priest,shadow,42,25,17
26098,Álvarez,tichondrius,1689,priest,shadow,86,43,43
26099,Mindgoblin,terokkar,1689,priest,shadow,36,18,18
26100,Pengwinxl,agamaggan,1683,priest,shadow,36,20,16
26101,Giveheadpats,moon-guard,1683,priest,shadow,216,118,98
26102,Woodney,ragnaros,1676,priest,shadow,30,19,11
26103,Dovoso,kargath,1676,priest,shadow,48,28,20
26104,Darkvagician,malganis,1676,priest,shadow,36,19,17
26105,Cmg,sargeras,1673,priest,shadow,42,22,20
26106,Evx,demon-soul,1673,priest,shadow,96,50,46
26107,Swungzebra,stormrage,1672,priest,shadow,134,81,53
26108,Psyfiend,alterac-mountains,1672,priest,shadow,36,20,16
26109,Missyoung,tichondrius,1671,priest,shadow,42,24,18
26110,Clownface,tichondrius,1671,priest,shadow,42,24,18
26111,Manic,skywall,1671,priest,shadow,144,79,65
26112,Silero,dalaran,1668,priest,shadow,69,47,22
26113,Scarabless,bleeding-hollow,1667,priest,shadow,54,30,24
26114,Felrynpr,malganis,1665,priest,shadow,35,21,14
26115,Esteedees,bonechewer,1665,priest,shadow,60,30,30
26116,Nuggs,mannoroth,1665,priest,shadow,42,21,21
26117,Nvøsuperstar,zuljin,1664,priest,shadow,42,21,21
26118,Soný,stormrage,1663,priest,shadow,46,25,21
26119,Xdipi,proudmoore,1662,priest,shadow,44,25,19
26120,Mushill,tichondrius,1662,priest,shadow,48,26,22
26121,Saintjudys,tichondrius,1661,priest,shadow,30,19,11
26122,Swaggylee,tichondrius,1661,priest,shadow,40,22,18
26123,Zachlol,area-52,1658,priest,shadow,66,36,30
26124,Deadsp,thrall,1657,priest,shadow,115,58,57
26125,Shadowkr,tichondrius,1656,priest,shadow,42,26,16
26126,Uploading,moon-guard,1655,priest,shadow,30,19,11
26127,Pluse,bonechewer,1655,priest,shadow,52,31,21
26128,Insanity,azuremyst,1655,priest,shadow,101,53,48
26129,Moonideli,moon-guard,1654,priest,shadow,30,19,11
26130,Ilovealina,gorefiend,1653,priest,shadow,30,21,9
26131,Littlewench,sargeras,1647,priest,shadow,80,45,35
26132,Kultil,dalaran,1646,priest,shadow,66,39,27
26133,Painful,malganis,1645,priest,shadow,62,36,26
26134,Amarexlol,stormrage,1645,priest,shadow,60,34,26
26135,Sigx,area-52,1643,priest,shadow,30,21,9
26136,Trenbologni,illidan,1637,priest,shadow,156,90,66
26137,Nullreferenc,frostmourne,1637,priest,shadow,75,42,33
26138,Ellindria,spinebreaker,1637,priest,shadow,47,26,21
26139,Partypriest,tichondrius,1637,priest,shadow,66,36,30
26140,Iuka,emerald-dream,1637,priest,shadow,107,56,51
26141,Kovie,twisting-nether,1636,priest,shadow,112,68,44
26142,Murkqz,stormrage,1634,priest,shadow,42,24,18
26143,Dillydackx,sargeras,1634,priest,shadow,108,60,48
26144,Alip,tichondrius,1633,priest,shadow,64,41,23
26145,Cxrsed,illidan,1633,priest,shadow,36,20,16
26146,Slasheal,caelestrasz,1633,priest,shadow,84,43,41
26147,Cixelp,area-52,1631,priest,shadow,42,23,19
26148,Fantasía,moon-guard,1631,priest,shadow,66,28,38
26149,Safe,illidan,1629,priest,shadow,97,51,46
26150,Fireballingg,tichondrius,1625,priest,shadow,30,18,12
26151,Ranthrough,tichondrius,1624,priest,shadow,66,43,23
26152,Snuffp,sargeras,1623,priest,shadow,108,70,38
26153,Shalla,blackrock,1623,priest,shadow,72,37,35
26154,Bobbyvagene,area-52,1622,priest,shadow,36,17,19
26155,Dirtyysanta,tichondrius,1619,priest,shadow,29,18,11
26156,Solstunn,moon-guard,1619,priest,shadow,48,24,24
26157,Ilostmybible,quelthalas,1619,priest,shadow,46,23,23
26158,Iogical,kelthuzad,1618,priest,shadow,116,70,46
26159,Sînkaî,demon-soul,1617,priest,shadow,118,70,48
26160,Skrillô,emerald-dream,1617,priest,shadow,42,20,22
26161,Wenger,crushridge,1616,priest,shadow,120,61,59
26162,Kwõnc,tichondrius,1614,priest,shadow,44,24,20
26163,Djcyrus,barthilas,1614,priest,shadow,36,19,17
26164,Fig,nazgrel,1614,priest,shadow,78,41,37
26165,Holyxb,bleeding-hollow,1613,priest,shadow,54,32,22
26166,Mêdúsa,area-52,1613,priest,shadow,46,24,22
26167,Vallfiresp,malganis,1612,priest,shadow,40,22,18
26168,Shelize,kirin-tor,1611,priest,shadow,163,83,80
26169,Adopted,wyrmrest-accord,1607,priest,shadow,60,34,26
26170,Bandages,stormreaver,1606,priest,shadow,104,57,47
26171,Deuz,quelthalas,1606,priest,shadow,84,37,47
26172,Manofmystery,dalaran,1605,priest,shadow,30,19,11
26173,Shadowdurps,area-52,1604,priest,shadow,66,36,30
26174,Clamchowdy,kiljaeden,1603,priest,shadow,27,18,9
26175,Pumpss,area-52,1603,priest,shadow,49,28,21
26176,Sarâda,moon-guard,1603,priest,shadow,156,82,74
26177,Madcaddies,bonechewer,1603,priest,shadow,42,19,23
26178,Shadork,area-52,1602,priest,shadow,49,31,18
26179,Aspéct,aegwynn,1602,priest,shadow,30,17,13
26180,Dispèrsion,darkspear,1601,priest,shadow,46,21,25
26181,Hotphoyou,moon-guard,1600,priest,shadow,60,39,21
26182,Manifestor,illidan,1600,priest,shadow,86,51,35
26183,Machinecoach,stormrage,1600,priest,shadow,40,20,20
26184,Vyabl,thrall,1599,priest,shadow,42,24,18
26185,Gusho,frostmourne,1599,priest,shadow,175,88,87
26186,Scalpell,tichondrius,1598,priest,shadow,154,80,74
26187,Wifegrip,tichondrius,1598,priest,shadow,42,19,23
26188,Nexumbra,dunemaul,1597,priest,shadow,66,37,29
26189,Radicional,azralon,1596,priest,shadow,36,20,16
26190,Minamy,tichondrius,1593,priest,shadow,30,17,13
26191,Pestee,quelthalas,1592,priest,shadow,140,81,59
26192,Graviton,tichondrius,1591,priest,shadow,54,31,23
26193,Greyyan,wyrmrest-accord,1589,priest,shadow,178,102,76
26194,Fâêlyn,wyrmrest-accord,1589,priest,shadow,52,24,28
26195,Dahliá,frostmourne,1587,priest,shadow,60,33,27
26196,Aethestan,zuljin,1587,priest,shadow,65,30,35
26197,Ventusp,azralon,1586,priest,shadow,35,21,14
26198,Occult,bloodscalp,1584,priest,shadow,93,45,48
26199,Vaala,jubeithos,1580,priest,shadow,60,30,30
26200,Ajazz,zuljin,1578,priest,shadow,36,22,14
26201,Milkgrabber,bleeding-hollow,1578,priest,shadow,103,57,46
26202,Voidshift,tichondrius,1578,priest,shadow,277,142,135
26203,Brothercarl,stormrage,1576,priest,shadow,48,24,24
26204,Çummiñs,malganis,1575,priest,shadow,36,21,15
26205,Nøfaith,area-52,1574,priest,shadow,106,48,58
26206,Heàvenly,moon-guard,1573,priest,shadow,36,21,15
26207,Shmage,malganis,1573,priest,shadow,48,24,24
26208,Raptorjésus,azjolnerub,1573,priest,shadow,36,18,18
26209,Griddly,alterac-mountains,1568,priest,shadow,36,21,15
26210,Marantbourge,frostmourne,1566,priest,shadow,75,45,30
26211,Sorrentin,ragnaros,1566,priest,shadow,58,31,27
26212,Crazyherb,azralon,1565,priest,shadow,83,47,36
26213,Vashrapani,stormrage,1563,priest,shadow,237,120,117
26214,Nevermôre,area-52,1562,priest,shadow,42,27,15
26215,Ethandryl,kelthuzad,1558,priest,shadow,39,23,16
26216,Alex,boulderfist,1557,priest,shadow,54,31,23
26217,Sìnz,area-52,1555,priest,shadow,36,26,10
26218,Nightcráwler,illidan,1553,priest,shadow,42,25,17
26219,Seedisc,kelthuzad,1552,priest,shadow,36,23,13
26220,Krazé,tichondrius,1552,priest,shadow,78,39,39
26221,Softs,area-52,1549,priest,shadow,83,42,41
26222,Cyanovoid,thrall,1549,priest,shadow,36,18,18
26223,Nonamegame,sargeras,1548,priest,shadow,30,18,12
26224,Khelleya,moon-guard,1543,priest,shadow,48,26,22
26225,Ezrashade,tichondrius,1541,priest,shadow,71,36,35
26226,Ratleen,malganis,1541,priest,shadow,194,93,101
26227,Stepho,dalaran,1539,priest,shadow,42,19,23
26228,Lilithice,moon-guard,1537,priest,shadow,48,25,23
26229,Faeinia,elune,1534,priest,shadow,105,61,44
26230,Ikillfast,tichondrius,1533,priest,shadow,54,32,22
26231,Imabeast,stormrage,1532,priest,shadow,52,26,26
26232,Dotdotwin,illidan,1531,priest,shadow,71,43,28
26233,Mealmassttr,frostmourne,1531,priest,shadow,36,18,18
26234,Vtplz,bleeding-hollow,1530,priest,shadow,29,17,12
26235,Drossv,shadowmoon,1528,priest,shadow,36,16,20
26236,Stankychimpo,malganis,1526,priest,shadow,30,16,14
26237,Sochron,stormrage,1526,priest,shadow,62,28,34
26238,Purpskurp,stormrage,1525,priest,shadow,42,20,22
26239,Suery,hyjal,1525,priest,shadow,65,27,38
26240,Aqurielen,turalyon,1522,priest,shadow,35,23,12
26241,Whitehandpr,tichondrius,1522,priest,shadow,242,121,121
26242,Márceline,stormrage,1520,priest,shadow,64,40,24
26243,Rhoku,nesingwary,1519,priest,shadow,36,21,15
26244,Elogant,frostmourne,1516,priest,shadow,48,20,28
26245,Keepitlegal,sargeras,1515,priest,shadow,30,16,14
26246,Vynlanesh,illidan,1515,priest,shadow,78,37,41
26247,Delbringer,moon-guard,1513,priest,shadow,31,19,12
26248,Tënëbrë,nemesis,1508,priest,shadow,30,20,10
26249,Bigboyadam,frostmourne,1508,priest,shadow,64,42,22
26250,Juicymist,moon-guard,1508,priest,shadow,148,86,62
26251,Lowkii,malfurion,1505,priest,shadow,63,41,22
26252,Wobbleskank,tichondrius,1505,priest,shadow,78,47,31
26253,Iuvrainee,area-52,1503,priest,shadow,78,40,38
26254,Benjamints,thrall,1502,priest,shadow,54,32,22
26255,Frankeebutt,stormrage,1501,priest,shadow,36,22,14
26256,Justfaith,barthilas,1501,priest,shadow,61,29,32
26257,Swp,sargeras,1499,priest,shadow,36,24,12
26258,Carniosso,azralon,1498,priest,shadow,116,58,58
26259,Moralism,moon-guard,1495,priest,shadow,199,109,90
26260,Flickmybick,sargeras,1495,priest,shadow,63,32,31
26261,Dischaffy,shadowmoon,1491,priest,shadow,42,29,13
26262,Azheel,stormrage,1490,priest,shadow,65,26,39
26263,Toddmund,tichondrius,1489,priest,shadow,56,27,29
26264,Teeprie,drakthul,1488,priest,shadow,36,24,12
26265,Beckðn,tichondrius,1488,priest,shadow,82,43,39
26266,Fïo,proudmoore,1488,priest,shadow,66,32,34
26267,Chenny,darkspear,1486,priest,shadow,62,36,26
26268,Azagthøth,ravenholdt,1478,priest,shadow,239,122,117
26269,Lucael,durotan,1476,priest,shadow,42,23,19
26270,Bornagain,gundrak,1476,priest,shadow,35,16,19
26271,Plebcakès,sargeras,1474,priest,shadow,43,23,20
26272,Iminyou,kelthuzad,1472,priest,shadow,36,22,14
26273,Antìdote,tichondrius,1470,priest,shadow,104,57,47
26274,Londy,area-52,1464,priest,shadow,272,136,136
26275,Cuaiminator,ragnaros,1463,priest,shadow,87,47,40
26276,Rhick,azralon,1462,priest,shadow,24,17,7
26277,Daysgone,bleeding-hollow,1462,priest,shadow,94,57,37
26278,Plzdontlos,hyjal,1461,priest,shadow,36,22,14
26279,Boogiê,illidan,1460,priest,shadow,36,21,15
26280,Xannis,thrall,1460,priest,shadow,42,23,19
26281,Xæl,tichondrius,1457,priest,shadow,58,35,23
26282,Fritzi,shattered-hand,1456,priest,shadow,30,17,13
26283,Numinous,wyrmrest-accord,1456,priest,shadow,68,35,33
26284,Lelyna,stormrage,1454,priest,shadow,36,22,14
26285,Øbara,frostmourne,1454,priest,shadow,52,29,23
26286,Csheweishan,aerie-peak,1454,priest,shadow,42,20,22
26287,Thelordx,barthilas,1450,priest,shadow,48,23,25
26288,Spoõks,darkspear,1449,priest,shadow,50,21,29
26289,Methandrial,hyjal,1447,priest,shadow,85,42,43
26290,Kadralin,illidan,1445,priest,shadow,54,27,27
26291,Sezyks,malganis,1444,priest,shadow,30,23,7
26292,Astoshan,moon-guard,1444,priest,shadow,101,60,41
26293,Kokai,area-52,1440,priest,shadow,18,15,3
26294,Wdnmmd,proudmoore,1440,priest,shadow,85,40,45
26295,Nozp,stormrage,1439,priest,shadow,30,15,15
26296,Secrèt,tichondrius,1438,priest,shadow,24,15,9
26297,Teddipriest,tichondrius,1438,priest,shadow,24,15,9
26298,Inmotion,tichondrius,1437,priest,shadow,24,15,9
26299,ßarracuda,illidan,1436,priest,shadow,48,32,16
26300,Rida,zuljin,1436,priest,shadow,38,24,14
26301,Drmuhammad,sargeras,1436,priest,shadow,24,15,9
26302,Onegil,tichondrius,1436,priest,shadow,75,38,37
26303,Gershwinner,daggerspine,1436,priest,shadow,30,15,15
26304,Covidchamp,proudmoore,1431,priest,shadow,24,15,9
26305,Ciem,tichondrius,1431,priest,shadow,24,15,9
26306,ßroßraßroski,sargeras,1431,priest,shadow,36,22,14
26307,Sheiizy,azralon,1430,priest,shadow,24,15,9
26308,Pepps,proudmoore,1427,priest,shadow,274,139,135
26309,Aguitardient,ragnaros,1426,priest,shadow,33,19,14
26310,Stusy,tichondrius,1425,priest,shadow,71,44,27
26311,Invincible,ragnaros,1422,priest,shadow,30,15,15
26312,Pastortee,sargeras,1420,priest,shadow,48,27,21
26313,Finfangfoom,laughing-skull,1419,priest,shadow,36,15,21
26314,Bigmollet,tichondrius,1418,priest,shadow,77,32,45
26315,Lilmix,hydraxis,1417,priest,shadow,41,26,15
26316,Bûdussy,bonechewer,1417,priest,shadow,31,17,14
26317,Imhðtep,ragnaros,1415,priest,shadow,42,21,21
26318,Kilal,sargeras,1414,priest,shadow,30,20,10
26319,Strokkerx,azralon,1413,priest,shadow,89,48,41
26320,Sandelios,aggramar,1408,priest,shadow,42,28,14
26321,Voidscrypt,thrall,1406,priest,shadow,100,60,40
26322,Chewthefat,darkspear,1406,priest,shadow,29,15,14
26323,Deeaann,tichondrius,1405,priest,shadow,179,91,88
26324,Whorticiå,area-52,1403,priest,shadow,89,38,51
26325,Bastét,skullcrusher,1402,priest,shadow,108,60,48
26326,Shirubamoya,gurubashi,1401,priest,shadow,41,23,18
26327,Frorgnence,stormrage,1400,priest,shadow,30,22,8
26328,Mindboink,malganis,1399,priest,shadow,76,41,35
26329,Wowgreatgame,tichondrius,1399,priest,shadow,53,27,26
26330,Brothofnzoth,emerald-dream,1398,priest,shadow,38,16,22
26331,Malikeht,drakkari,1394,priest,shadow,48,25,23
26332,Suicider,emerald-dream,1394,priest,shadow,123,56,67
26333,Luvkak,tichondrius,1391,priest,shadow,29,15,14
26334,Dipírex,azralon,1389,priest,shadow,84,40,44
26335,Shadyvoodoo,barthilas,1388,priest,shadow,74,41,33
26336,Ashtahius,ragnaros,1386,priest,shadow,95,56,39
26337,Fäÿë,tichondrius,1386,priest,shadow,54,26,28
26338,Kuazi,khazgoroth,1386,priest,shadow,116,54,62
26339,Muurielle,quelthalas,1385,priest,shadow,60,31,29
26340,Bloodify,azralon,1385,priest,shadow,53,26,27
26341,Showakoi,ragnaros,1384,priest,shadow,48,25,23
26342,Nüt,malganis,1381,priest,shadow,41,21,20
26343,Jeanbi,ragnaros,1380,priest,shadow,120,67,53
26344,Healztonic,dalaran,1380,priest,shadow,72,32,40
26345,Wongÿ,tichondrius,1377,priest,shadow,24,20,4
26346,Lawgiva,thrall,1377,priest,shadow,30,19,11
26347,Miniimenx,azralon,1375,priest,shadow,41,29,12
26348,Akuvurá,nemesis,1373,priest,shadow,29,19,10
26349,Sekhen,area-52,1370,priest,shadow,33,18,15
26350,Urspareparts,sargeras,1370,priest,shadow,89,48,41
26351,Spõõky,illidan,1368,priest,shadow,26,15,11
26352,Tyisanity,tichondrius,1368,priest,shadow,68,32,36
26353,Samsypriest,frostmourne,1367,priest,shadow,28,17,11
26354,Abientot,tichondrius,1366,priest,shadow,48,23,25
26355,Saphet,draktharon,1365,priest,shadow,88,55,33
26356,Danoc,tichondrius,1360,priest,shadow,29,15,14
26357,Habann,frostmourne,1360,priest,shadow,131,65,66
26358,Bugsbright,tichondrius,1351,priest,shadow,75,36,39
26359,Dawnkìn,bleeding-hollow,1348,priest,shadow,108,54,54
26360,Poague,area-52,1343,priest,shadow,24,14,10
26361,Chazzwizz,area-52,1343,priest,shadow,30,14,16
26362,Flay,dragonmaw,1342,priest,shadow,18,14,4
26363,Palumorp,deathwing,1342,priest,shadow,18,14,4
26364,Thaumaturgy,chogall,1342,priest,shadow,24,14,10
26365,Cixelp,tichondrius,1342,priest,shadow,30,14,16
26366,Verbeka,nemesis,1338,priest,shadow,18,14,4
26367,Haø,stormrage,1337,priest,shadow,29,15,14
26368,Bibleblak,stormrage,1337,priest,shadow,30,14,16
26369,Cheez,tichondrius,1336,priest,shadow,58,25,33
26370,Tidals,sargeras,1335,priest,shadow,24,14,10
26371,Scriptö,fizzcrank,1334,priest,shadow,66,44,22
26372,Hüde,stormrage,1334,priest,shadow,102,53,49
26373,Shadelink,tichondrius,1333,priest,shadow,30,14,16
26374,Boogle,frostmourne,1333,priest,shadow,59,26,33
26375,Leach,darkspear,1332,priest,shadow,53,21,32
26376,Dreaminz,tichondrius,1331,priest,shadow,24,14,10
26377,Lirien,kelthuzad,1328,priest,shadow,42,15,27
26378,Aedaki,garona,1326,priest,shadow,88,49,39
26379,Pfl,sargeras,1321,priest,shadow,63,33,30
26380,Maynard,ragnaros,1321,priest,shadow,60,30,30
26381,Rammstèin,sargeras,1314,priest,shadow,30,14,16
26382,Timreaper,barthilas,1311,priest,shadow,35,21,14
26383,Alisaie,dalvengyr,1308,priest,shadow,52,27,25
26384,Locjawbe,area-52,1307,priest,shadow,35,18,17
26385,Shén,barthilas,1306,priest,shadow,83,53,30
26386,Synkiz,darkspear,1306,priest,shadow,24,14,10
26387,Uncletouches,thrall,1303,priest,shadow,30,14,16
26388,Alvorr,ragnaros,1302,priest,shadow,36,20,16
26389,Xionys,sargeras,1296,priest,shadow,30,14,16
26390,Mamofwar,arthas,1296,priest,shadow,66,29,37
26391,Healingstats,tichondrius,1295,priest,shadow,23,14,9
26392,Onipapae,frostmourne,1295,priest,shadow,70,36,34
26393,Øvøxø,emerald-dream,1295,priest,shadow,33,15,18
26394,Beautifulgir,illidan,1294,priest,shadow,24,15,9
26395,Xaneo,kelthuzad,1290,priest,shadow,23,14,9
26396,Ancene,illidan,1290,priest,shadow,42,24,18
26397,Àx,draka,1290,priest,shadow,32,18,14
26398,Nóin,tichondrius,1289,priest,shadow,65,27,38
26399,Chádeervas,nemesis,1285,priest,shadow,33,20,13
26400,Dorraheals,tichondrius,1275,priest,shadow,29,15,14
26401,Pandarue,tichondrius,1273,priest,shadow,33,16,17
26402,Reos,jubeithos,1267,priest,shadow,42,25,17
26403,Layrissa,whisperwind,1266,priest,shadow,24,15,9
26404,Lyriczx,kelthuzad,1265,priest,shadow,42,18,24
26405,Stankylegz,tichondrius,1262,priest,shadow,24,15,9
26406,Festær,area-52,1254,priest,shadow,42,23,19
26407,Synergize,korgath,1254,priest,shadow,60,30,30
26408,Jwx,malganis,1248,priest,shadow,18,13,5
26409,Madcuzyaknow,bleeding-hollow,1248,priest,shadow,24,13,11
26410,Mentalprison,khazgoroth,1248,priest,shadow,24,13,11
26411,Avraf,sargeras,1246,priest,shadow,24,13,11
26412,Gelato,velen,1246,priest,shadow,24,13,11
26413,Headbrake,malganis,1246,priest,shadow,24,13,11
26414,Bubblepop,blackhand,1245,priest,shadow,18,13,5
26415,Vanisa,hellscream,1245,priest,shadow,29,16,13
26416,Fanfansp,tichondrius,1244,priest,shadow,18,13,5
26417,Goodlife,frostmourne,1244,priest,shadow,24,13,11
26418,Yayonaise,tichondrius,1244,priest,shadow,24,13,11
26419,Crayon,stormrage,1244,priest,shadow,30,13,17
26420,Sakuraginero,illidan,1243,priest,shadow,24,13,11
26421,Fancycorpse,tichondrius,1243,priest,shadow,30,13,17
26422,Shadowjisha,emerald-dream,1243,priest,shadow,33,14,19
26423,Amentia,area-52,1242,priest,shadow,24,13,11
26424,Ashidox,proudmoore,1242,priest,shadow,27,14,13
26425,Nodoubt,barthilas,1242,priest,shadow,35,13,22
26426,Houzz,frostmourne,1241,priest,shadow,18,13,5
26427,Xedus,mannoroth,1240,priest,shadow,74,37,37
26428,Ascian,daggerspine,1239,priest,shadow,30,13,17
26429,Holydarkness,quelthalas,1239,priest,shadow,42,17,25
26430,Dilly,tichondrius,1238,priest,shadow,21,14,7
26431,Nums,tichondrius,1236,priest,shadow,42,22,20
26432,Amideus,dunemaul,1236,priest,shadow,30,13,17
26433,Vaporachi,emerald-dream,1234,priest,shadow,24,13,11
26434,Shadowyeti,illidan,1233,priest,shadow,18,13,5
26435,Jiedx,tichondrius,1230,priest,shadow,29,14,15
26436,Marni,akama,1227,priest,shadow,86,38,48
26437,Kaermor,stormrage,1227,priest,shadow,66,28,38
26438,Harisleidy,quelthalas,1226,priest,shadow,24,13,11
26439,Simplyfaded,black-dragonflight,1226,priest,shadow,24,13,11
26440,Jeffgordo,tichondrius,1223,priest,shadow,24,13,11
26441,Antoz,kelthuzad,1222,priest,shadow,49,28,21
26442,Vílja,moon-guard,1219,priest,shadow,94,41,53
26443,Sorrowful,mannoroth,1208,priest,shadow,29,13,16
26444,Lilpika,illidan,1205,priest,shadow,30,13,17
26445,Estelars,aggramar,1202,priest,shadow,35,18,17
26446,Discpi,illidan,1202,priest,shadow,78,34,44
26447,Senumbra,tichondrius,1200,priest,shadow,36,16,20
26448,Sècret,tichondrius,1199,priest,shadow,23,13,10
26449,Zyræl,stormrage,1199,priest,shadow,85,35,50
26450,Niias,hyjal,1192,priest,shadow,24,13,11
26451,Chinchillin,demon-soul,1187,priest,shadow,90,48,42
26452,Pristoleiro,azralon,1182,priest,shadow,17,13,4
26453,Shadøwheal,stormrage,1180,priest,shadow,18,13,5
26454,Darksheals,barthilas,1176,priest,shadow,30,22,8
26455,Foli,zuljin,1166,priest,shadow,20,13,7
26456,Aflstan,frostmourne,1159,priest,shadow,51,30,21
26457,Trollypriest,darkspear,1157,priest,shadow,94,44,50
26458,Halselin,senjin,1156,priest,shadow,31,16,15
26459,Snakklè,illidan,1152,priest,shadow,18,13,5
26460,Bubbyflay,area-52,1151,priest,shadow,18,12,6
26461,Cozies,stormreaver,1151,priest,shadow,24,12,12
26462,Cathery,tichondrius,1151,priest,shadow,24,12,12
26463,Achíllesheal,stormrage,1147,priest,shadow,42,16,26
26464,Zolgeta,exodar,1146,priest,shadow,29,18,11
26465,Shadowhazed,tichondrius,1145,priest,shadow,18,12,6
26466,Dayquills,illidan,1145,priest,shadow,24,12,12
26467,Lidole,barthilas,1145,priest,shadow,30,12,18
26468,Agraciada,illidan,1142,priest,shadow,18,12,6
26469,Overcastedxo,kelthuzad,1142,priest,shadow,42,25,17
26470,Tye,medivh,1141,priest,shadow,24,12,12
26471,Anrop,illidan,1140,priest,shadow,18,12,6
26472,Knglizward,stormrage,1140,priest,shadow,59,33,26
26473,Kibariyb,drakkari,1139,priest,shadow,30,12,18
26474,Grianné,mannoroth,1134,priest,shadow,18,12,6
26475,Unholyreáper,magtheridon,1132,priest,shadow,24,12,12
26476,Abolita,korgath,1113,priest,shadow,66,32,34
26477,Urmorphine,area-52,1112,priest,shadow,170,89,81
26478,Võid,tichondrius,1103,priest,shadow,23,12,11
26479,Wetleaftx,chogall,1097,priest,shadow,18,13,5
26480,Demples,darkspear,1095,priest,shadow,18,12,6
26481,Dockani,sargeras,1091,priest,shadow,24,12,12
26482,Himikko,illidan,1087,priest,shadow,28,12,16
26483,Scormm,runetotem,1073,priest,shadow,24,13,11
26484,Manofmystery,drenden,1071,priest,shadow,17,12,5
26485,Shinyspriest,tichondrius,1068,priest,shadow,42,16,26
26486,Freebolte,frostmourne,1056,priest,shadow,12,11,1
26487,Nawzyh,emerald-dream,1056,priest,shadow,18,11,7
26488,Royx,stormreaver,1056,priest,shadow,24,11,13
26489,Patagoniabae,kelthuzad,1055,priest,shadow,12,11,1
26490,Destta,stormrage,1055,priest,shadow,16,12,4
26491,Nobutter,archimonde,1055,priest,shadow,18,11,7
26492,Pwrwordsquee,lightbringer,1055,priest,shadow,18,11,7
26493,Saevita,area-52,1055,priest,shadow,18,11,7
26494,Iceveins,illidan,1055,priest,shadow,18,11,7
26495,Heihunüwang,kargath,1055,priest,shadow,18,11,7
26496,Eskettit,korgath,1054,priest,shadow,12,11,1
26497,Sleezi,emerald-dream,1054,priest,shadow,18,11,7
26498,Fouroneo,tichondrius,1054,priest,shadow,18,11,7
26499,Büd,sargeras,1054,priest,shadow,18,11,7
26500,Faedyspriest,sargeras,1052,priest,shadow,18,11,7
26501,Moc,jubeithos,1052,priest,shadow,18,11,7
26502,Bhruno,proudmoore,1052,priest,shadow,18,11,7
26503,Darkshadows,ravenholdt,1052,priest,shadow,18,11,7
26504,Tsmc,moon-guard,1052,priest,shadow,24,11,13
26505,Shadowbee,kargath,1051,priest,shadow,18,11,7
26506,Féarlust,demon-soul,1051,priest,shadow,18,11,7
26507,Badnfluence,kiljaeden,1046,priest,shadow,18,11,7
26508,Bestwizardx,tichondrius,1046,priest,shadow,18,11,7
26509,Coors,lightnings-blade,1046,priest,shadow,24,11,13
26510,Nocturnalx,moon-guard,1045,priest,shadow,18,11,7
26511,Xammys,malganis,1043,priest,shadow,18,11,7
26512,Hephiron,area-52,1042,priest,shadow,30,11,19
26513,Emlix,tichondrius,1042,priest,shadow,30,11,19
26514,Galice,archimonde,1038,priest,shadow,48,23,25
26515,Kàiju,zuljin,1027,priest,shadow,30,11,19
26516,Vinasky,moon-guard,1022,priest,shadow,26,12,14
26517,Task,korgath,1010,priest,shadow,29,11,18
26518,Oglilptown,thunderlord,1005,priest,shadow,60,33,27
26519,Ipse,azshara,1002,priest,shadow,66,36,30
26520,Deadcode,frostmane,1000,priest,shadow,33,12,21
26521,Sinkz,ragnaros,992,priest,shadow,16,11,5
26522,Pocket,alleria,991,priest,shadow,22,11,11
26523,Healtheze,kelthuzad,989,priest,shadow,14,11,3
26524,Jhivagosp,tichondrius,988,priest,shadow,22,11,11
26525,Daemoon,deathwing,973,priest,shadow,20,12,8
26526,Discountay,burning-legion,965,priest,shadow,20,11,9
26527,Illushadio,area-52,963,priest,shadow,15,12,3
26528,Claudiosip,tichondrius,960,priest,shadow,12,10,2
26529,Mmrassassin,stormrage,960,priest,shadow,12,10,2
26530,Anoumenon,tichondrius,960,priest,shadow,18,10,8
26531,Pèrona,tichondrius,960,priest,shadow,18,10,8
26532,Kissmyvoìd,frostmourne,960,priest,shadow,18,10,8
26533,Whysoserious,duskwood,960,priest,shadow,18,10,8
26534,Evilgeniusx,area-52,960,priest,shadow,18,10,8
26535,Míslead,kelthuzad,959,priest,shadow,12,10,2
26536,Dxsc,tichondrius,959,priest,shadow,12,10,2
26537,Inflìctìøn,frostmourne,959,priest,shadow,12,10,2
26538,Synergia,drakkari,959,priest,shadow,12,10,2
26539,Chillypriest,azjolnerub,959,priest,shadow,18,10,8
26540,Xtradotz,tichondrius,959,priest,shadow,18,10,8
26541,Philmacrakn,stormrage,959,priest,shadow,18,10,8
26542,Mimósa,quelthalas,959,priest,shadow,18,10,8
26543,Delai,dalaran,959,priest,shadow,18,10,8
26544,Keepsleepin,stormrage,959,priest,shadow,24,10,14
26545,Terý,dalaran,959,priest,shadow,24,10,14
26546,Ightdoe,zuljin,958,priest,shadow,12,10,2
26547,Eraseme,bleeding-hollow,958,priest,shadow,18,10,8
26548,Shadeven,nagrand,958,priest,shadow,18,10,8
26549,Fathersmits,area-52,958,priest,shadow,18,10,8
26550,Volkova,quelthalas,958,priest,shadow,18,10,8
26551,Tatzis,frostmourne,958,priest,shadow,18,10,8
26552,Porffy,malygos,958,priest,shadow,18,10,8
26553,Exigyo,quelthalas,957,priest,shadow,23,13,10
26554,Voidork,tichondrius,957,priest,shadow,18,10,8
26555,Rizzle,emerald-dream,956,priest,shadow,18,10,8
26556,Mortivore,azralon,956,priest,shadow,24,10,14
26557,Gankdalf,draktharon,955,priest,shadow,18,10,8
26558,Aeonar,alleria,954,priest,shadow,18,10,8
26559,Ragnálodbrok,ragnaros,953,priest,shadow,18,10,8
26560,Xora,frostmourne,952,priest,shadow,18,10,8
26561,Etan,thrall,952,priest,shadow,18,10,8
26562,Hurtfeet,sargeras,951,priest,shadow,32,12,20
26563,Farnkxd,bleeding-hollow,925,priest,shadow,32,11,21
26564,Thrageqt,sargeras,908,priest,shadow,20,11,9
26565,Silmeriá,darkspear,904,priest,shadow,29,11,18
26566,Theodorous,frostmourne,903,priest,shadow,22,11,11
26567,Exen,moon-guard,894,priest,shadow,18,11,7
26568,Fullfear,lothar,894,priest,shadow,20,10,10
26569,Yoggsarodney,tichondrius,880,priest,shadow,13,10,3
26570,Vamp,proudmoore,878,priest,shadow,17,10,7
26571,Csonka,stormrage,868,priest,shadow,38,13,25
26572,Taxzury,tichondrius,864,priest,shadow,12,9,3
26573,Feverx,tichondrius,864,priest,shadow,12,9,3
26574,Æë,area-52,864,priest,shadow,12,9,3
26575,Wololo,emerald-dream,864,priest,shadow,18,9,9
26576,Bumps,zuljin,864,priest,shadow,18,9,9
26577,Swurvexo,bleeding-hollow,864,priest,shadow,24,9,15
26578,Beloriath,ragnaros,863,priest,shadow,12,9,3
26579,Ðecease,thrall,863,priest,shadow,18,9,9
26580,Delrey,sargeras,863,priest,shadow,18,9,9
26581,Woosanghong,tichondrius,863,priest,shadow,18,9,9
26582,Xtcbtc,sargeras,863,priest,shadow,18,9,9
26583,Efxsp,sargeras,863,priest,shadow,24,9,15
26584,Shadhoee,sargeras,863,priest,shadow,30,9,21
26585,Pozcas,blood-furnace,862,priest,shadow,12,9,3
26586,Everblack,executus,862,priest,shadow,12,9,3
26587,Suirr,tichondrius,862,priest,shadow,12,9,3
26588,Arzeuz,ragnaros,862,priest,shadow,18,9,9
26589,Dóctóre,thrall,862,priest,shadow,18,9,9
26590,Constentien,tichondrius,862,priest,shadow,18,9,9
26591,Touchypriest,jaedenar,862,priest,shadow,18,9,9
26592,Shadowflux,thunderlord,862,priest,shadow,30,9,21
26593,Nekkz,sargeras,861,priest,shadow,12,9,3
26594,Grimdox,tichondrius,861,priest,shadow,12,9,3
26595,Healixd,area-52,861,priest,shadow,24,9,15
26596,Melas,stormrage,861,priest,shadow,24,9,15
26597,Viejiyoh,ragnaros,860,priest,shadow,18,9,9
26598,Wankenobi,stormrage,859,priest,shadow,18,9,9
26599,Methodist,sargeras,859,priest,shadow,24,9,15
26600,Aeingel,amanthul,859,priest,shadow,30,9,21
26601,Sacerthu,goldrinn,858,priest,shadow,18,9,9
26602,Ed,crushridge,858,priest,shadow,18,9,9
26603,Beansontoast,wyrmrest-accord,857,priest,shadow,12,9,3
26604,Zaxine,moon-guard,854,priest,shadow,30,9,21
26605,Hibot,illidan,849,priest,shadow,24,9,15
26606,Lightbanter,emerald-dream,846,priest,shadow,24,9,15
26607,Kagamì,frostmane,843,priest,shadow,31,9,22
26608,Pipiwiwi,tichondrius,831,priest,shadow,16,9,7
26609,Cymin,dalaran,816,priest,shadow,21,10,11
26610,Jeängrey,tichondrius,815,priest,shadow,15,10,5
26611,Stylonious,hyjal,815,priest,shadow,15,9,6
26612,Buc,barthilas,813,priest,shadow,15,9,6
26613,Dernièreplac,blackrock,810,priest,shadow,15,10,5
26614,Fledgeling,frostmourne,799,priest,shadow,14,9,5
26615,Fedodesubaco,gallywix,782,priest,shadow,21,10,11
26616,Silentólògy,malganis,768,priest,shadow,12,8,4
26617,Mindeas,the-forgotten-coast,768,priest,shadow,12,8,4
26618,Stungods,frostmourne,768,priest,shadow,12,8,4
26619,Mindfulness,tichondrius,768,priest,shadow,12,8,4
26620,Cloribestmom,tichondrius,768,priest,shadow,12,8,4
26621,Madmelter,emerald-dream,768,priest,shadow,12,8,4
26622,Lastbubble,area-52,768,priest,shadow,12,8,4
26623,Oxycodex,thrall,768,priest,shadow,12,8,4
26624,Ruzhi,moon-guard,768,priest,shadow,12,8,4
26625,Nohealerhere,frostmourne,768,priest,shadow,12,8,4
26626,Nutdrip,tichondrius,768,priest,shadow,12,8,4
26627,Skraitbussin,tichondrius,768,priest,shadow,12,8,4
26628,Jugeum,proudmoore,768,priest,shadow,12,8,4
26629,Dazull,bleeding-hollow,768,priest,shadow,12,8,4
26630,Originull,emerald-dream,768,priest,shadow,18,8,10
26631,Ripchadman,tichondrius,768,priest,shadow,18,8,10
26632,Lillyp,malganis,768,priest,shadow,18,8,10
26633,Alucardibee,turalyon,768,priest,shadow,18,8,10
26634,Skepix,lightbringer,768,priest,shadow,18,8,10
26635,Àústîn,moon-guard,768,priest,shadow,18,8,10
26636,Deacoderx,area-52,768,priest,shadow,18,8,10
26637,Zeromisx,proudmoore,768,priest,shadow,18,8,10
26638,Iluvwizkx,malganis,768,priest,shadow,18,8,10
26639,Hairyboxx,frostmourne,767,priest,shadow,12,8,4
26640,Tungus,shadowsong,767,priest,shadow,12,8,4
26641,Easyrevenge,kelthuzad,767,priest,shadow,12,8,4
26642,Ddark,tichondrius,767,priest,shadow,12,8,4
26643,Faithplusone,zuljin,767,priest,shadow,12,8,4
26644,Oldmanlou,spirestone,767,priest,shadow,12,8,4
26645,Rogspriest,sargeras,767,priest,shadow,12,8,4
26646,Shadowlords,emerald-dream,767,priest,shadow,12,8,4
26647,Sgssg,illidan,767,priest,shadow,12,8,4
26648,Badxjuju,frostmourne,767,priest,shadow,18,8,10
26649,Smitepie,malganis,767,priest,shadow,18,8,10
26650,Irangara,gorefiend,767,priest,shadow,18,8,10
26651,Priestzerath,azralon,767,priest,shadow,18,8,10
26652,Powerwordcry,stormrage,767,priest,shadow,18,8,10
26653,Twistedtéa,garrosh,767,priest,shadow,18,8,10
26654,Aránhell,ragnaros,766,priest,shadow,12,8,4
26655,Sãoleozinho,azralon,766,priest,shadow,12,8,4
26656,Solrina,khazgoroth,766,priest,shadow,12,8,4
26657,Krypts,shadow-council,766,priest,shadow,12,8,4
26658,Jinzan,stormrage,766,priest,shadow,18,8,10
26659,Rigotakx,illidan,766,priest,shadow,18,8,10
26660,Maricotä,azralon,765,priest,shadow,12,8,4
26661,Bmô,stormrage,765,priest,shadow,18,8,10
26662,Kumojorno,gilneas,765,priest,shadow,18,8,10
26663,Allsmite,aerie-peak,765,priest,shadow,24,8,16
26664,Puerquirri,quelthalas,763,priest,shadow,18,8,10
26665,Likeleela,azshara,763,priest,shadow,24,8,16
26666,Drkwispers,stormrage,762,priest,shadow,18,8,10
26667,Castnngcouch,tichondrius,762,priest,shadow,18,8,10
26668,Sôuljah,skywall,760,priest,shadow,26,10,16
26669,Eslaughter,twisting-nether,759,priest,shadow,12,8,4
26670,Tinypuppyy,sargeras,759,priest,shadow,24,8,16
26671,Battlepope,the-scryers,755,priest,shadow,20,9,11
26672,Memoria,emerald-dream,751,priest,shadow,15,9,6
26673,Heheheg,tichondrius,751,priest,shadow,23,8,15
26674,Maldicius,emerald-dream,735,priest,shadow,17,8,9
26675,Misslost,nerzhul,729,priest,shadow,17,8,9
26676,Strazloraz,baelgun,719,priest,shadow,11,8,3
26677,Meegoshy,azuremyst,718,priest,shadow,17,8,9
26678,Mikó,dawnbringer,714,priest,shadow,29,10,19
26679,Sempiternus,barthilas,713,priest,shadow,20,9,11
26680,Pnub,aggramar,703,priest,shadow,17,9,8
26681,Yrrep,kelthuzad,703,priest,shadow,16,8,8
26682,Mòrbídìtý,area-52,672,priest,shadow,12,7,5
26683,Lontra,zangarmarsh,672,priest,shadow,12,7,5
26684,Bestpimp,frostmane,672,priest,shadow,12,7,5
26685,Chicoryx,illidan,672,priest,shadow,12,7,5
26686,Jojoxxz,illidan,672,priest,shadow,12,7,5
26687,Hårper,area-52,672,priest,shadow,12,7,5
26688,Pikeysplol,illidan,672,priest,shadow,12,7,5
26689,Såx,stormreaver,672,priest,shadow,12,7,5
26690,Kwiksi,arthas,672,priest,shadow,12,7,5
26691,Moonlightx,destromath,672,priest,shadow,12,7,5
26692,Diddlur,black-dragonflight,672,priest,shadow,12,7,5
26693,Wodturbo,bleeding-hollow,672,priest,shadow,12,7,5
26694,Bucksp,zuljin,672,priest,shadow,12,7,5
26695,Ayooblitz,guldan,672,priest,shadow,12,7,5
26696,Xiphoidz,frostmourne,672,priest,shadow,12,7,5
26697,Jah,frostmourne,672,priest,shadow,12,7,5
26698,Folesian,tichondrius,672,priest,shadow,12,7,5
26699,Aeøns,sargeras,672,priest,shadow,12,7,5
26700,Bugweeb,sargeras,672,priest,shadow,12,7,5
26701,Blackaries,frostmourne,672,priest,shadow,12,7,5
26702,Duhpriest,frostmourne,672,priest,shadow,12,7,5
26703,Grëýmåttèr,moon-guard,672,priest,shadow,12,7,5
26704,Twítch,bonechewer,672,priest,shadow,12,7,5
26705,Didy,dark-iron,672,priest,shadow,12,7,5
26706,Badbwoi,frostmourne,672,priest,shadow,12,7,5
26707,Zuuji,frostmourne,672,priest,shadow,12,7,5
26708,Phéonìx,zuljin,672,priest,shadow,12,7,5
26709,Nightelffeet,stormrage,672,priest,shadow,12,7,5
26710,Fatzoid,the-forgotten-coast,672,priest,shadow,12,7,5
26711,Gles,quelthalas,672,priest,shadow,13,7,6
26712,Evelën,azralon,672,priest,shadow,18,7,11
26713,Nightious,malganis,672,priest,shadow,18,7,11
26714,Acpriest,tichondrius,672,priest,shadow,18,7,11
26715,Tanzen,andorhal,672,priest,shadow,18,7,11
26716,Veressà,quelthalas,672,priest,shadow,22,8,14
26717,Chês,tichondrius,672,priest,shadow,24,7,17
26718,Lilmermaid,laughing-skull,671,priest,shadow,12,7,5
26719,Moonpenance,windrunner,671,priest,shadow,12,7,5
26720,Ghedeloco,tichondrius,671,priest,shadow,12,7,5
26721,Nastyyshadow,aegwynn,671,priest,shadow,12,7,5
26722,Clayphace,darkspear,671,priest,shadow,12,7,5
26723,Preyforme,tichondrius,671,priest,shadow,12,7,5
26724,Voltstein,dalaran,671,priest,shadow,12,7,5
26725,Darkrics,barthilas,671,priest,shadow,12,7,5
26726,Pottime,tichondrius,671,priest,shadow,18,7,11
26727,Nachòs,wildhammer,671,priest,shadow,18,7,11
26728,Torangi,tichondrius,671,priest,shadow,18,7,11
26729,Havefaith,whisperwind,671,priest,shadow,18,7,11
26730,Deffaultz,turalyon,671,priest,shadow,18,7,11
26731,Anathamaz,stormrage,671,priest,shadow,18,7,11
26732,Ramaven,arygos,671,priest,shadow,18,7,11
26733,Shadowtreta,azralon,670,priest,shadow,12,7,5
26734,Bobbeans,area-52,670,priest,shadow,12,7,5
26735,Tonybromoo,kelthuzad,670,priest,shadow,12,7,5
26736,Nerfdisc,azralon,670,priest,shadow,12,7,5
26737,Montcrief,tichondrius,670,priest,shadow,12,7,5
26738,Littlebagel,nesingwary,670,priest,shadow,12,7,5
26739,Iseeyoulookn,stormrage,670,priest,shadow,16,8,8
26740,Lyxorr,area-52,670,priest,shadow,18,7,11
26741,Shadzie,sargeras,670,priest,shadow,18,7,11
26742,Gabryanna,emerald-dream,669,priest,shadow,24,7,17
26743,Lõkî,malganis,667,priest,shadow,12,7,5
26744,Bellalugosi,auchindoun,667,priest,shadow,12,7,5
26745,Crashed,frostmourne,654,priest,shadow,17,7,10
26746,Popejack,stormrage,654,priest,shadow,17,7,10
26747,Nizeurflayzz,tichondrius,648,priest,shadow,20,10,10
26748,Lucifena,darkspear,639,priest,shadow,11,7,4
26749,Metaila,aerie-peak,639,priest,shadow,11,7,4
26750,Goodvybz,illidan,639,priest,shadow,17,7,10
26751,Emmitson,scarlet-crusade,638,priest,shadow,28,7,21
26752,Chiliy,frostmourne,623,priest,shadow,11,7,4
26753,Propumper,dalaran,607,priest,shadow,11,7,4
26754,Valloren,kalecgos,606,priest,shadow,14,7,7
26755,Flowerpetals,emerald-dream,599,priest,shadow,21,7,14
26756,Pootzy,malganis,592,priest,shadow,13,7,6
26757,Mastahmind,illidan,591,priest,shadow,13,7,6
26758,Ìforted,zuljin,587,priest,shadow,19,7,12
26759,Sydgames,area-52,576,priest,shadow,6,6,0
26760,Caricius,ravenholdt,576,priest,shadow,6,6,0
26761,Henrywhopper,fizzcrank,576,priest,shadow,6,6,0
26762,Blindingstar,area-52,576,priest,shadow,6,6,0
26763,Moonwald,moon-guard,576,priest,shadow,6,6,0
26764,Innovate,dragonmaw,576,priest,shadow,6,6,0
26765,Deckx,khazgoroth,576,priest,shadow,10,7,3
26766,Yungjim,the-forgotten-coast,576,priest,shadow,12,6,6
26767,Evansong,frostmane,576,priest,shadow,12,6,6
26768,Tiernocookie,illidan,576,priest,shadow,12,6,6
26769,Slimfo,sargeras,576,priest,shadow,12,6,6
26770,Studiosxz,tichondrius,576,priest,shadow,12,6,6
26771,Imshadow,azralon,576,priest,shadow,12,6,6
26772,Fxxkdamn,tichondrius,576,priest,shadow,12,6,6
26773,Sped,saurfang,576,priest,shadow,12,6,6
26774,Mydixi,stormrage,576,priest,shadow,12,6,6
26775,Ôverweight,sargeras,576,priest,shadow,12,6,6
26776,Bipölar,area-52,576,priest,shadow,12,6,6
26777,Bearuwu,frostmourne,576,priest,shadow,12,6,6
26778,Verbane,frostmourne,576,priest,shadow,12,6,6
26779,Jeremyissped,proudmoore,576,priest,shadow,12,6,6
26780,Spookyman,malganis,576,priest,shadow,12,6,6
26781,Mks,barthilas,576,priest,shadow,12,6,6
26782,Rachelstarrx,hyjal,576,priest,shadow,12,6,6
26783,Voidgodtko,tichondrius,576,priest,shadow,12,6,6
26784,Voidhearted,tichondrius,576,priest,shadow,12,6,6
26785,Valerift,moon-guard,576,priest,shadow,12,6,6
26786,Spriestbro,emerald-dream,576,priest,shadow,12,6,6
26787,Fitchbucker,sargeras,576,priest,shadow,12,6,6
26788,Lostnlight,aggramar,576,priest,shadow,12,6,6
26789,Pønt,sargeras,576,priest,shadow,12,6,6
26790,Kessavannell,frostwolf,576,priest,shadow,12,6,6
26791,Küno,kelthuzad,576,priest,shadow,12,6,6
26792,Virsyti,area-52,576,priest,shadow,12,6,6
26793,Qadris,tichondrius,576,priest,shadow,12,6,6
26794,Drognar,lightbringer,576,priest,shadow,12,6,6
26795,Heàl,akama,576,priest,shadow,12,6,6
26796,Disembly,illidan,576,priest,shadow,12,6,6
26797,Soulrulerx,tichondrius,576,priest,shadow,18,6,12
26798,Caeda,icecrown,576,priest,shadow,18,6,12
26799,Mscleo,lothar,576,priest,shadow,18,6,12
26800,Osmatspriest,firetree,576,priest,shadow,18,6,12
26801,Mindgamez,stormreaver,576,priest,shadow,18,6,12
26802,Jexso,tichondrius,576,priest,shadow,19,6,13
26803,Cykle,blackrock,576,priest,shadow,24,6,18
26804,Xð,jubeithos,575,priest,shadow,12,6,6
26805,Vashyy,stormrage,575,priest,shadow,12,6,6
26806,Grympriest,wyrmrest-accord,575,priest,shadow,12,6,6
26807,Drsonny,proudmoore,575,priest,shadow,12,6,6
26808,Xinthra,stormrage,575,priest,shadow,12,6,6
26809,Mìdnìght,ragnaros,575,priest,shadow,12,6,6
26810,Creedence,jubeithos,575,priest,shadow,17,6,11
26811,Nyktøs,quelthalas,575,priest,shadow,18,6,12
26812,Ëlliot,stormrage,574,priest,shadow,12,6,6
26813,Duhk,moon-guard,574,priest,shadow,12,6,6
26814,Jamashud,mannoroth,571,priest,shadow,12,6,6
26815,Raelintha,kelthuzad,571,priest,shadow,15,7,8
26816,Holysheht,icecrown,566,priest,shadow,12,6,6
26817,Rotass,hyjal,559,priest,shadow,11,6,5
26818,Duckdemon,ragnaros,559,priest,shadow,17,6,11
26819,Holydestroyr,dentarg,527,priest,shadow,21,6,15
26820,Kundalini,boulderfist,526,priest,shadow,11,6,5
26821,Totorostarp,tichondrius,521,priest,shadow,22,8,14
26822,Ceoofvoid,moon-guard,511,priest,shadow,8,6,2
26823,By,bonechewer,496,priest,shadow,7,6,1
26824,Drteabaghaam,zuljin,480,priest,shadow,6,5,1
26825,Pri,jubeithos,480,priest,shadow,6,5,1
26826,Likelydapper,tichondrius,480,priest,shadow,6,5,1
26827,Megamind,elune,480,priest,shadow,6,5,1
26828,Ukishizumi,tichondrius,480,priest,shadow,6,5,1
26829,Jâmïè,gurubashi,480,priest,shadow,6,5,1
26830,Chervz,chogall,480,priest,shadow,6,5,1
26831,Diyel,area-52,480,priest,shadow,6,5,1
26832,Yuhstin,sargeras,480,priest,shadow,6,5,1
26833,Talkura,tichondrius,480,priest,shadow,6,5,1
26834,Flynni,bleeding-hollow,480,priest,shadow,6,5,1
26835,Plaguepumper,sargeras,480,priest,shadow,6,5,1
26836,Altera,drakkari,480,priest,shadow,6,5,1
26837,Bradythree,moon-guard,480,priest,shadow,6,5,1
26838,Hypochondria,moon-guard,480,priest,shadow,6,5,1
26839,Fiéstah,illidan,480,priest,shadow,6,5,1
26840,Luokni,illidan,480,priest,shadow,6,5,1
26841,Tensorflow,tichondrius,480,priest,shadow,6,5,1
26842,Jezebëll,nemesis,480,priest,shadow,6,5,1
26843,Lillyspr,malganis,480,priest,shadow,6,5,1
26844,Nawtyforever,tichondrius,480,priest,shadow,6,5,1
26845,Ahleven,tichondrius,480,priest,shadow,6,5,1
26846,Hadoka,ragnaros,480,priest,shadow,6,5,1
26847,ßluedreamx,tichondrius,480,priest,shadow,6,5,1
26848,Rattyp,barthilas,480,priest,shadow,6,5,1
26849,Corthien,thrall,480,priest,shadow,6,5,1
26850,Kaidow,wyrmrest-accord,480,priest,shadow,6,5,1
26851,Death,firetree,480,priest,shadow,6,5,1
26852,Seanuts,emerald-dream,480,priest,shadow,6,5,1
26853,Voltétt,tichondrius,480,priest,shadow,6,5,1
26854,Rykispriest,tichondrius,480,priest,shadow,6,5,1
26855,Komy,tichondrius,480,priest,shadow,6,5,1
26856,Nadrii,illidan,480,priest,shadow,16,8,8
26857,Soulistic,arygos,480,priest,shadow,12,5,7
26858,Hriest,tichondrius,480,priest,shadow,12,5,7
26859,Moä,nemesis,480,priest,shadow,12,5,7
26860,Enchantrez,frostmourne,480,priest,shadow,12,5,7
26861,Glek,tichondrius,480,priest,shadow,12,5,7
26862,Orderic,ragnaros,480,priest,shadow,12,5,7
26863,Seraphims,moon-guard,480,priest,shadow,12,5,7
26864,Cryptron,tichondrius,480,priest,shadow,12,5,7
26865,Jenastreaux,wyrmrest-accord,480,priest,shadow,12,5,7
26866,Spriest,kul-tiras,480,priest,shadow,12,5,7
26867,Optimism,frostmane,480,priest,shadow,12,5,7
26868,Mookelina,stormrage,480,priest,shadow,12,5,7
26869,Minnowhead,kelthuzad,480,priest,shadow,12,5,7
26870,Holliebell,zuljin,480,priest,shadow,12,5,7
26871,Aghorï,sargeras,480,priest,shadow,12,5,7
26872,Lucariö,area-52,480,priest,shadow,12,5,7
26873,Goblindruid,bleeding-hollow,480,priest,shadow,12,5,7
26874,Barelylegalx,tichondrius,480,priest,shadow,12,5,7
26875,Sohalexs,tichondrius,480,priest,shadow,12,5,7
26876,Mdt,tichondrius,480,priest,shadow,12,5,7
26877,Sársaukis,illidan,480,priest,shadow,12,5,7
26878,Littledog,velen,480,priest,shadow,12,5,7
26879,Onizukakeiji,hyjal,480,priest,shadow,12,5,7
26880,Xijinping,chogall,480,priest,shadow,12,5,7
26881,Arataxx,area-52,480,priest,shadow,12,5,7
26882,Flukex,tichondrius,480,priest,shadow,12,5,7
26883,Hygeïa,lightbringer,480,priest,shadow,12,5,7
26884,Fatzzbtw,illidan,480,priest,shadow,12,5,7
26885,Helleamh,tichondrius,480,priest,shadow,12,5,7
26886,Pokeyoobutt,hydraxis,480,priest,shadow,12,5,7
26887,Heion,detheroc,480,priest,shadow,12,5,7
26888,Faydes,arthas,480,priest,shadow,13,5,8
26889,Stillmatick,tichondrius,480,priest,shadow,16,6,10
26890,Zerohoür,emerald-dream,480,priest,shadow,16,6,10
26891,Nedajoon,tichondrius,480,priest,shadow,17,6,11
26892,Azrothlol,kul-tiras,480,priest,shadow,18,5,13
26893,Drakracs,doomhammer,480,priest,shadow,18,5,13
26894,Sybal,suramar,480,priest,shadow,19,5,14
26895,Merlynaah,azralon,479,priest,shadow,6,5,1
26896,Roylwcheese,illidan,479,priest,shadow,6,5,1
26897,Phantomz,malganis,479,priest,shadow,12,5,7
26898,Wolfeclipse,sargeras,479,priest,shadow,12,5,7
26899,Amestroada,nemesis,479,priest,shadow,12,5,7
26900,Knoxy,fizzcrank,479,priest,shadow,12,5,7
26901,Drkvagician,tichondrius,479,priest,shadow,12,5,7
26902,Rippmmr,frostmourne,479,priest,shadow,18,5,13
26903,Noodloctopus,area-52,478,priest,shadow,10,6,4
26904,Antiraus,aerie-peak,478,priest,shadow,12,5,7
26905,Valeknun,stormrage,477,priest,shadow,6,5,1
26906,Khaibit,stormrage,475,priest,shadow,12,5,7
26907,Blonkie,azgalor,474,priest,shadow,12,5,7
26908,Wiiuwiiu,malganis,447,priest,shadow,11,5,6
26909,Forober,queldorei,446,priest,shadow,10,6,4
26910,Ryanrealz,tichondrius,432,priest,shadow,9,6,3
26911,Sohalex,tichondrius,431,priest,shadow,11,5,6
26912,Shietamazon,tichondrius,426,priest,shadow,16,6,10
26913,Warklaw,frostmourne,415,priest,shadow,14,5,9
26914,Reignsp,malganis,400,priest,shadow,7,5,2
26915,Ampela,dalaran,400,priest,shadow,13,5,8
26916,Nizr,bleeding-hollow,399,priest,shadow,5,5,0
26917,Vengep,sargeras,384,priest,shadow,6,4,2
26918,Carosene,thrall,384,priest,shadow,6,4,2
26919,Iifa,medivh,384,priest,shadow,6,4,2
26920,Härpocrates,area-52,384,priest,shadow,6,4,2
26921,Mugiwarà,stormrage,384,priest,shadow,6,4,2
26922,Sukes,korgath,384,priest,shadow,6,4,2
26923,Pootang,hyjal,384,priest,shadow,6,4,2
26924,Nås,elune,384,priest,shadow,6,4,2
26925,Shådøw,destromath,384,priest,shadow,6,4,2
26926,Icarryozz,darkspear,384,priest,shadow,6,4,2
26927,Rustinheber,stormscale,384,priest,shadow,6,4,2
26928,Itha,illidan,384,priest,shadow,6,4,2
26929,Shiikari,terenas,384,priest,shadow,6,4,2
26930,Kynyssaelz,proudmoore,384,priest,shadow,6,4,2
26931,Airil,mugthol,384,priest,shadow,6,4,2
26932,Frúdgé,illidan,384,priest,shadow,6,4,2
26933,Shieldspamx,tichondrius,384,priest,shadow,6,4,2
26934,Äni,sargeras,384,priest,shadow,6,4,2
26935,Dzikuss,aegwynn,384,priest,shadow,6,4,2
26936,Ikiteforhash,zuljin,384,priest,shadow,6,4,2
26937,Ðrip,burning-legion,384,priest,shadow,6,4,2
26938,Zeacho,proudmoore,384,priest,shadow,6,4,2
26939,Ayzen,emerald-dream,384,priest,shadow,6,4,2
26940,Bax,kilrogg,384,priest,shadow,6,4,2
26941,Krythe,laughing-skull,384,priest,shadow,6,4,2
26942,Floofball,medivh,384,priest,shadow,6,4,2
26943,Yuricksus,malganis,384,priest,shadow,6,4,2
26944,Spôoky,illidan,384,priest,shadow,6,4,2
26945,Voidathon,sargeras,384,priest,shadow,6,4,2
26946,Plushys,emerald-dream,384,priest,shadow,6,4,2
26947,Killían,darkspear,384,priest,shadow,6,4,2
26948,Iemon,vashj,384,priest,shadow,6,4,2
26949,Sungsh,zuljin,384,priest,shadow,6,4,2
26950,Chapyh,malganis,384,priest,shadow,6,4,2
26951,Mitogen,malganis,384,priest,shadow,6,4,2
26952,Káldorei,proudmoore,384,priest,shadow,6,4,2
26953,Whosjoe,tichondrius,384,priest,shadow,6,4,2
26954,Adíos,malganis,384,priest,shadow,6,4,2
26955,Guillotine,azralon,384,priest,shadow,6,4,2
26956,Dyé,hydraxis,384,priest,shadow,6,4,2
26957,Prostrat,deathwing,384,priest,shadow,6,4,2
26958,Haedn,azralon,384,priest,shadow,6,4,2
26959,Valtres,tichondrius,384,priest,shadow,6,4,2
26960,Ydonburi,tichondrius,384,priest,shadow,6,4,2
26961,Skgangmm,tichondrius,384,priest,shadow,6,4,2
26962,Kks,tichondrius,384,priest,shadow,6,4,2
26963,Despairx,tichondrius,384,priest,shadow,6,4,2
26964,Balverix,tichondrius,384,priest,shadow,6,4,2
26965,Tiinkerbell,moon-guard,384,priest,shadow,6,4,2
26966,Minarhy,moon-guard,384,priest,shadow,6,4,2
26967,Cheach,echo-isles,384,priest,shadow,6,4,2
26968,Comoli,tichondrius,384,priest,shadow,6,4,2
26969,Mindflay,tichondrius,384,priest,shadow,6,4,2
26970,Prydas,tichondrius,384,priest,shadow,6,4,2
26971,Quartzolio,azralon,384,priest,shadow,6,4,2
26972,Diskordia,stormrage,384,priest,shadow,6,4,2
26973,Rôss,tichondrius,384,priest,shadow,6,4,2
26974,Feminizm,tichondrius,384,priest,shadow,6,4,2
26975,Omnivoîd,tichondrius,384,priest,shadow,6,4,2
26976,Unclecam,tichondrius,384,priest,shadow,6,4,2
26977,Píty,ragnaros,384,priest,shadow,6,4,2
26978,Mfn,deathwing,384,priest,shadow,11,4,7
26979,Oligan,quelthalas,384,priest,shadow,12,4,8
26980,Fhelurian,quelthalas,384,priest,shadow,12,4,8
26981,Nonbinary,trollbane,384,priest,shadow,12,4,8
26982,Mannyelf,ragnaros,384,priest,shadow,12,4,8
26983,Dialis,frostmourne,384,priest,shadow,12,4,8
26984,Lätöxïkä,alleria,384,priest,shadow,12,4,8
26985,Tokaru,frostmourne,384,priest,shadow,12,4,8
26986,Jikoguu,stormscale,384,priest,shadow,12,4,8
26987,Fáll,bleeding-hollow,384,priest,shadow,12,4,8
26988,Labraidor,tichondrius,384,priest,shadow,12,4,8
26989,Junethegreat,tichondrius,384,priest,shadow,12,4,8
26990,Ralphiez,tichondrius,384,priest,shadow,12,4,8
26991,Reverendpope,tichondrius,384,priest,shadow,12,4,8
26992,Shadylotion,stormrage,384,priest,shadow,12,4,8
26993,Holydrop,sargeras,384,priest,shadow,12,4,8
26994,Aerith,barthilas,384,priest,shadow,12,4,8
26995,Drosslolz,illidan,384,priest,shadow,12,4,8
26996,Tuggyp,tichondrius,384,priest,shadow,12,4,8
26997,Grimmyreap,malygos,384,priest,shadow,12,4,8
26998,Influencing,moon-guard,384,priest,shadow,12,4,8
26999,Vynardis,arygos,384,priest,shadow,12,4,8
27000,Fatäl,moon-guard,384,priest,shadow,12,4,8
27001,Deathbyhot,gorefiend,384,priest,shadow,12,4,8
27002,Mìçah,fizzcrank,384,priest,shadow,12,4,8
27003,Demoñ,deathwing,384,priest,shadow,12,4,8
27004,Vaeryl,stormrage,384,priest,shadow,12,4,8
27005,Tenaebreu,tichondrius,384,priest,shadow,13,4,9
27006,Arca,cenarion-circle,384,priest,shadow,18,4,14
27007,Whisper,zuljin,383,priest,shadow,12,4,8
27008,Rijonkulous,area-52,383,priest,shadow,12,4,8
27009,Jammý,barthilas,383,priest,shadow,12,4,8
27010,Unfriend,sargeras,383,priest,shadow,12,4,8
27011,Hermïs,stormrage,383,priest,shadow,12,4,8
27012,Kkpriest,frostmourne,382,priest,shadow,6,4,2
27013,Daisydux,emerald-dream,382,priest,shadow,6,4,2
27014,Geulis,illidan,382,priest,shadow,12,4,8
27015,Romero,blood-furnace,382,priest,shadow,12,4,8
27016,Bwansandi,blackrock,370,priest,shadow,38,8,30
27017,Thotsndots,blood-furnace,351,priest,shadow,8,5,3
27018,Sgiath,alleria,330,priest,shadow,15,6,9
27019,Libationz,area-52,329,priest,shadow,19,7,12
27020,Dtbündertree,nordrassil,319,priest,shadow,5,4,1
27021,Coolbie,korgath,319,priest,shadow,14,4,10
27022,Oxytoxin,sargeras,304,priest,shadow,7,4,3
27023,Creata,frostmourne,304,priest,shadow,7,4,3
27024,Peazyqt,tichondrius,304,priest,shadow,7,4,3
27025,Sealife,kelthuzad,288,priest,shadow,6,3,3
27026,Snackabre,moon-guard,288,priest,shadow,6,3,3
27027,Nuclease,turalyon,288,priest,shadow,6,3,3
27028,Pogchamp,alterac-mountains,288,priest,shadow,6,3,3
27029,Haransimongo,area-52,288,priest,shadow,6,3,3
27030,Xandir,kaelthas,288,priest,shadow,6,3,3
27031,Chroma,amanthul,288,priest,shadow,6,3,3
27032,Jaliera,malganis,288,priest,shadow,6,3,3
27033,Mïndgames,kelthuzad,288,priest,shadow,6,3,3
27034,Samio,area-52,288,priest,shadow,6,3,3
27035,Russbell,ragnaros,288,priest,shadow,6,3,3
27036,Slogger,illidan,288,priest,shadow,6,3,3
27037,Furìøns,nemesis,288,priest,shadow,6,3,3
27038,Fight,icecrown,288,priest,shadow,6,3,3
27039,Halîth,terenas,288,priest,shadow,6,3,3
27040,Issaley,tichondrius,288,priest,shadow,6,3,3
27041,Aliciab,andorhal,288,priest,shadow,6,3,3
27042,Mallox,quelthalas,288,priest,shadow,6,3,3
27043,Empyreanlite,dalaran,288,priest,shadow,6,3,3
27044,Etherrion,area-52,288,priest,shadow,6,3,3
27045,Spõt,stormrage,288,priest,shadow,6,3,3
27046,Whittysp,tichondrius,288,priest,shadow,6,3,3
27047,Mightyp,malganis,288,priest,shadow,6,3,3
27048,Wrathhealer,hellscream,288,priest,shadow,6,3,3
27049,Shaðows,malganis,288,priest,shadow,6,3,3
27050,Valsong,argent-dawn,288,priest,shadow,6,3,3
27051,Lotros,area-52,288,priest,shadow,6,3,3
27052,Whalexo,kelthuzad,288,priest,shadow,6,3,3
27053,Reginaa,nemesis,288,priest,shadow,6,3,3
27054,Vullena,moon-guard,288,priest,shadow,6,3,3
27055,Fenix,bloodhoof,288,priest,shadow,6,3,3
27056,Mhorkarion,quelthalas,288,priest,shadow,6,3,3
27057,Lolsodacans,malganis,288,priest,shadow,6,3,3
27058,Ej,altar-of-storms,288,priest,shadow,6,3,3
27059,Shakarot,illidan,288,priest,shadow,6,3,3
27060,Caiitlynn,quelthalas,288,priest,shadow,6,3,3
27061,Döllyy,illidan,288,priest,shadow,6,3,3
27062,Beneficium,nazjatar,288,priest,shadow,6,3,3
27063,Reâpêr,kelthuzad,288,priest,shadow,6,3,3
27064,Dumpesitwo,frostmourne,288,priest,shadow,6,3,3
27065,Spspsp,illidan,288,priest,shadow,6,3,3
27066,Intheway,bleeding-hollow,288,priest,shadow,6,3,3
27067,Elitë,frostmourne,288,priest,shadow,6,3,3
27068,Worldhealer,area-52,288,priest,shadow,6,3,3
27069,Ricksanchez,moonrunner,288,priest,shadow,6,3,3
27070,Nizanz,illidan,288,priest,shadow,6,3,3
27071,Kindyx,ragnaros,288,priest,shadow,6,3,3
27072,Ozzx,stormrage,288,priest,shadow,6,3,3
27073,ßoy,amanthul,288,priest,shadow,6,3,3
27074,Xuxu,frostmourne,288,priest,shadow,6,3,3
27075,ßìrth,kelthuzad,288,priest,shadow,6,3,3
27076,Lucènt,frostmourne,288,priest,shadow,6,3,3
27077,Egraner,drakkari,288,priest,shadow,6,3,3
27078,Studpriest,tichondrius,288,priest,shadow,6,3,3
27079,Voidballs,tichondrius,288,priest,shadow,6,3,3
27080,Mockr,kiljaeden,288,priest,shadow,6,3,3
27081,Bubbleguppyx,tichondrius,288,priest,shadow,6,3,3
27082,Eddysmokes,tichondrius,288,priest,shadow,6,3,3
27083,Pics,emerald-dream,288,priest,shadow,6,3,3
27084,Seniorpickle,emerald-dream,288,priest,shadow,6,3,3
27085,Enaan,proudmoore,288,priest,shadow,6,3,3
27086,Ossirus,emerald-dream,288,priest,shadow,6,3,3
27087,Drelia,jubeithos,288,priest,shadow,6,3,3
27088,Moselol,tichondrius,288,priest,shadow,6,3,3
27089,Pezziate,tichondrius,288,priest,shadow,6,3,3
27090,Limèria,emerald-dream,288,priest,shadow,6,3,3
27091,Quantumgoat,tichondrius,288,priest,shadow,6,3,3
27092,Envyion,sargeras,288,priest,shadow,6,3,3
27093,Alykus,emerald-dream,288,priest,shadow,6,3,3
27094,Deathzpirit,kiljaeden,288,priest,shadow,6,3,3
27095,Toxictampax,azjolnerub,288,priest,shadow,6,3,3
27096,Unclelively,dragonmaw,288,priest,shadow,6,3,3
27097,Leyspring,moon-guard,288,priest,shadow,6,3,3
27098,Xxmewo,sargeras,288,priest,shadow,6,3,3
27099,Cappoo,tichondrius,288,priest,shadow,6,3,3
27100,Auras,boulderfist,288,priest,shadow,6,3,3
27101,Soloqqt,tichondrius,288,priest,shadow,6,3,3
27102,Runakk,stonemaul,288,priest,shadow,6,3,3
27103,Likesshadows,tichondrius,288,priest,shadow,6,3,3
27104,Bbeaie,tichondrius,288,priest,shadow,6,3,3
27105,Îcecube,sargeras,288,priest,shadow,6,3,3
27106,Synisteria,sargeras,288,priest,shadow,6,3,3
27107,Strokkerzin,azralon,288,priest,shadow,6,3,3
27108,Snoog,tichondrius,288,priest,shadow,6,3,3
27109,Randyortonn,tichondrius,288,priest,shadow,6,3,3
27110,Nylaza,kiljaeden,288,priest,shadow,6,3,3
27111,Plumpkinn,kiljaeden,288,priest,shadow,6,3,3
27112,Sandrö,sargeras,288,priest,shadow,6,3,3
27113,Chewit,kargath,288,priest,shadow,6,3,3
27114,Shadowzypher,wyrmrest-accord,288,priest,shadow,6,3,3
27115,Achllia,proudmoore,288,priest,shadow,6,3,3
27116,Onahaihu,tichondrius,288,priest,shadow,9,4,5
27117,Xeras,ravencrest,288,priest,shadow,12,3,9
27118,Dunnbledore,area-52,288,priest,shadow,12,3,9
27119,Shadowpain,the-underbog,288,priest,shadow,12,3,9
27120,Shadøwbølt,tichondrius,288,priest,shadow,12,3,9
27121,Cpoppa,sargeras,288,priest,shadow,12,3,9
27122,Cloax,azgalor,288,priest,shadow,12,3,9
27123,Scaryspise,nathrezim,288,priest,shadow,12,3,9
27124,Valuations,tichondrius,288,priest,shadow,12,3,9
27125,Tylored,zuljin,288,priest,shadow,12,3,9
27126,Poppyp,stormrage,288,priest,shadow,12,3,9
27127,Sybenela,proudmoore,288,priest,shadow,12,3,9
27128,Alphawon,area-52,288,priest,shadow,12,3,9
27129,Pactosombrio,azralon,288,priest,shadow,12,3,9
27130,Stantz,burning-legion,288,priest,shadow,12,3,9
27131,Astari,illidan,288,priest,shadow,12,3,9
27132,Aurilain,malganis,288,priest,shadow,12,3,9
27133,Messiahp,illidan,288,priest,shadow,18,3,15
27134,Shadowbishop,barthilas,287,priest,shadow,6,3,3
27135,Angro,ragnaros,287,priest,shadow,6,3,3
27136,Grímmz,veknilash,287,priest,shadow,7,3,4
27137,Bernhard,azralon,239,priest,shadow,5,3,2
27138,Shadowblax,thrall,192,priest,shadow,4,3,1
27139,Holyhand,auchindoun,192,priest,shadow,4,3,1
27140,Plenipotent,moon-guard,192,priest,shadow,11,5,6
27141,Lzzp,azralon,192,priest,shadow,6,2,4
27142,Geoat,barthilas,192,priest,shadow,6,2,4
27143,Mitoloshi,ragnaros,192,priest,shadow,6,2,4
27144,Midget,darkspear,192,priest,shadow,6,2,4
27145,Andso,azralon,192,priest,shadow,6,2,4
27146,Ptheld,tichondrius,192,priest,shadow,6,2,4
27147,Darkenside,moon-guard,192,priest,shadow,6,2,4
27148,Jessticalz,frostmourne,192,priest,shadow,6,2,4
27149,Pandiwoodney,ragnaros,192,priest,shadow,6,2,4
27150,Clistyn,quelthalas,192,priest,shadow,6,2,4
27151,Nodorme,quelthalas,192,priest,shadow,6,2,4
27152,Jdcii,tichondrius,192,priest,shadow,6,2,4
27153,Priést,stormrage,192,priest,shadow,6,2,4
27154,Lolsithlord,tichondrius,192,priest,shadow,6,2,4
27155,Pipete,frostmourne,192,priest,shadow,6,2,4
27156,Senadori,azjolnerub,192,priest,shadow,6,2,4
27157,Murkqz,azralon,192,priest,shadow,6,2,4
27158,Beertriarch,frostmourne,192,priest,shadow,6,2,4
27159,Bumbleedot,azralon,192,priest,shadow,6,2,4
27160,Dotdotdead,earthen-ring,192,priest,shadow,6,2,4
27161,Púrg,frostmourne,192,priest,shadow,6,2,4
27162,Kälashnikova,ragnaros,192,priest,shadow,6,2,4
27163,Gineska,tichondrius,192,priest,shadow,6,2,4
27164,Kryoff,illidan,192,priest,shadow,6,2,4
27165,Furryoflife,suramar,192,priest,shadow,6,2,4
27166,Lifejuice,tichondrius,192,priest,shadow,6,2,4
27167,Shmmoie,frostmourne,192,priest,shadow,6,2,4
27168,Melithor,frostmourne,192,priest,shadow,6,2,4
27169,Brounly,drakkari,192,priest,shadow,6,2,4
27170,Hail,kaelthas,192,priest,shadow,6,2,4
27171,Cxmplex,malganis,192,priest,shadow,6,2,4
27172,Detainedz,malganis,192,priest,shadow,6,2,4
27173,Onlyphantoms,kelthuzad,192,priest,shadow,6,2,4
27174,Enochian,hyjal,192,priest,shadow,6,2,4
27175,Zyte,stormrage,192,priest,shadow,6,2,4
27176,Jmanhealz,stormrage,192,priest,shadow,6,2,4
27177,Ateras,emerald-dream,192,priest,shadow,6,2,4
27178,Selspriest,kelthuzad,192,priest,shadow,6,2,4
27179,Shrax,emerald-dream,192,priest,shadow,6,2,4
27180,Sorojín,zuljin,192,priest,shadow,6,2,4
27181,Innergee,aegwynn,192,priest,shadow,6,2,4
27182,Dippyzs,alterac-mountains,192,priest,shadow,6,2,4
27183,Dagaen,thunderlord,192,priest,shadow,6,2,4
27184,Juliusceazer,skywall,192,priest,shadow,6,2,4
27185,Projectalice,ravencrest,192,priest,shadow,6,2,4
27186,Dogfrompark,illidan,192,priest,shadow,6,2,4
27187,Horsegirls,kelthuzad,192,priest,shadow,6,2,4
27188,Scenekîd,moon-guard,192,priest,shadow,6,2,4
27189,Lemmiewinkzx,sargeras,192,priest,shadow,6,2,4
27190,Clickbait,spirestone,192,priest,shadow,6,2,4
27191,Slctivhealng,area-52,192,priest,shadow,6,2,4
27192,Layons,nemesis,192,priest,shadow,6,2,4
27193,Kabutta,stormrage,192,priest,shadow,6,2,4
27194,Byungsik,terenas,192,priest,shadow,6,2,4
27195,Orethon,thrall,192,priest,shadow,6,2,4
27196,Vanzera,thrall,192,priest,shadow,6,2,4
27197,Sâishâ,proudmoore,192,priest,shadow,6,2,4
27198,Jjaeminkim,area-52,192,priest,shadow,6,2,4
27199,Apâthy,area-52,192,priest,shadow,6,2,4
27200,Sshhaaddooww,tichondrius,192,priest,shadow,6,2,4
27201,Tomriddlle,sargeras,192,priest,shadow,6,2,4
27202,Anxìetý,area-52,192,priest,shadow,6,2,4
27203,Laq,proudmoore,192,priest,shadow,6,2,4
27204,Cryptoccocus,zuljin,192,priest,shadow,6,2,4
27205,Hevnlyst,proudmoore,192,priest,shadow,6,2,4
27206,Psychohazard,area-52,192,priest,shadow,6,2,4
27207,Quinnx,tichondrius,192,priest,shadow,6,2,4
27208,Wheelson,wildhammer,192,priest,shadow,6,2,4
27209,Ozztwo,tichondrius,192,priest,shadow,12,2,10
27210,Kulrig,shuhalo,192,priest,shadow,12,2,10
27211,Alizhe,ragnaros,192,priest,shadow,12,2,10
27212,Tmpriest,tichondrius,175,priest,shadow,11,2,9
27213,Chü,dalaran,169,priest,shadow,12,5,7
27214,Tiizz,malganis,159,priest,shadow,5,2,3
27215,Gobananas,bleeding-hollow,159,priest,shadow,5,2,3
27216,Saltheril,burning-blade,159,priest,shadow,5,2,3
27217,Dekomori,quelthalas,159,priest,shadow,5,2,3
27218,Vorial,cenarion-circle,159,priest,shadow,5,2,3
27219,Gaeira,azralon,159,priest,shadow,11,2,9
27220,Winss,tichondrius,128,priest,shadow,4,2,2
27221,Cravex,stormrage,128,priest,shadow,4,2,2
27222,Sätîvá,tichondrius,96,priest,shadow,3,2,1
27223,Priestthingz,area-52,96,priest,shadow,8,2,6
27224,Jaquels,sargeras,96,priest,shadow,6,1,5
27225,Sadury,tichondrius,96,priest,shadow,6,1,5
27226,Tusket,black-dragonflight,96,priest,shadow,6,1,5
27227,Vdip,illidan,96,priest,shadow,6,1,5
27228,Lilskizz,dalaran,96,priest,shadow,6,1,5
27229,Younext,sargeras,96,priest,shadow,6,1,5
27230,Shadowreck,malganis,96,priest,shadow,6,1,5
27231,Irilde,proudmoore,96,priest,shadow,6,1,5
27232,Powerwordwap,malganis,96,priest,shadow,6,1,5
27233,Tmspongwo,tichondrius,96,priest,shadow,6,1,5
27234,Wrinkletink,whisperwind,96,priest,shadow,6,1,5
27235,Bigdaddios,dalaran,96,priest,shadow,6,1,5
27236,Syrillia,wildhammer,96,priest,shadow,6,1,5
27237,Cultists,tichondrius,96,priest,shadow,6,1,5
27238,Nightboxer,tichondrius,96,priest,shadow,6,1,5
27239,Dawnbréaker,azralon,96,priest,shadow,6,1,5
27240,Milliyakk,area-52,96,priest,shadow,6,1,5
27241,Mangemoélqc,darkspear,96,priest,shadow,6,1,5
27242,Teccalil,tichondrius,96,priest,shadow,6,1,5
27243,Amikam,barthilas,96,priest,shadow,6,1,5
27244,Omygawd,tichondrius,96,priest,shadow,6,1,5
27245,Oxyy,aerie-peak,96,priest,shadow,6,1,5
27246,Vyndictus,shattered-hand,96,priest,shadow,6,1,5
27247,Baerybonds,kiljaeden,96,priest,shadow,6,1,5
27248,Shadolord,illidan,96,priest,shadow,6,1,5
27249,Paingivër,drakkari,96,priest,shadow,6,1,5
27250,Jxkep,frostmourne,96,priest,shadow,6,1,5
27251,Óst,tichondrius,96,priest,shadow,6,1,5
27252,Whatsittoya,tichondrius,96,priest,shadow,6,1,5
27253,Cärdi,frostmourne,96,priest,shadow,6,1,5
27254,Lôvecraft,frostmourne,96,priest,shadow,6,1,5
27255,Shädë,emerald-dream,96,priest,shadow,6,1,5
27256,Vineller,malganis,96,priest,shadow,6,1,5
27257,Voidrisu,sargeras,96,priest,shadow,6,1,5
27258,Kodaks,frostmourne,96,priest,shadow,6,1,5
27259,Dazzlems,tichondrius,96,priest,shadow,6,1,5
27260,Rays,drakkari,96,priest,shadow,6,1,5
27261,Galestick,illidan,96,priest,shadow,6,1,5
27262,Nancynibbler,bleeding-hollow,96,priest,shadow,6,1,5
27263,Mauriel,proudmoore,96,priest,shadow,6,1,5
27264,Kelody,zuljin,96,priest,shadow,6,1,5
27265,Althlon,emerald-dream,96,priest,shadow,6,1,5
27266,Lleak,tichondrius,96,priest,shadow,6,1,5
27267,Ibangedaqt,malganis,96,priest,shadow,6,1,5
27268,Psyward,tichondrius,96,priest,shadow,6,1,5
27269,Lukaspriest,proudmoore,96,priest,shadow,6,1,5
27270,Shadowftw,illidan,96,priest,shadow,6,1,5
27271,Dadsalad,zuljin,96,priest,shadow,6,1,5
27272,Fámóus,stormrage,96,priest,shadow,6,1,5
27273,Toddo,trollbane,96,priest,shadow,6,1,5
27274,Jèf,stormrage,96,priest,shadow,6,1,5
27275,Releknosleep,frostwolf,96,priest,shadow,6,1,5
27276,Soonya,arygos,96,priest,shadow,9,1,8
27277,Murdangus,moon-guard,96,priest,shadow,12,1,11
27278,Jpray,bleeding-hollow,96,priest,shadow,12,1,11
27279,Xic,thrall,79,priest,shadow,5,1,4
27280,Runswithrain,lethon,79,priest,shadow,5,1,4
27281,Kunof,ragnaros,79,priest,shadow,5,1,4
27282,Jadon,sargeras,63,priest,shadow,2,2,0
27283,Bublethenrun,cenarius,48,priest,shadow,3,1,2
27284,Ràvn,emerald-dream,48,priest,shadow,3,1,2
27285,Fadehojx,illidan,42,priest,shadow,9,2,7
27286,Shaurana,stormrage,31,priest,shadow,8,1,7
27287,Pilixil,bleeding-hollow,16,priest,shadow,1,1,0
27288,Trågédy,azjolnerub,16,priest,shadow,1,1,0
27289,Yellowrose,kelthuzad,2006,rogue,outlaw,75,42,33
27290,Weran,tichondrius,1890,rogue,outlaw,54,28,26
27291,Dvn,stormrage,1844,rogue,outlaw,54,32,22
27292,Sadiator,illidan,1810,rogue,outlaw,59,31,28
27293,Millspec,tichondrius,1762,rogue,outlaw,117,58,59
27294,Welinth,thunderlord,1750,rogue,outlaw,396,201,195
27295,Millspec,zuljin,1730,rogue,outlaw,42,25,17
27296,Dennerdz,tichondrius,1688,rogue,outlaw,47,19,28
27297,Arena,uldum,1672,rogue,outlaw,41,20,21
27298,Lycanthropî,illidan,1655,rogue,outlaw,80,37,43
27299,Xylvána,kiljaeden,1640,rogue,outlaw,66,31,35
27300,Lardiconn,thrall,1628,rogue,outlaw,42,30,12
27301,Deadracer,moon-guard,1624,rogue,outlaw,54,29,25
27302,Lazeestab,sargeras,1618,rogue,outlaw,172,95,77
27303,Supherr,sargeras,1608,rogue,outlaw,41,20,21
27304,Càgil,stormrage,1607,rogue,outlaw,34,19,15
27305,Jmaxx,tichondrius,1603,rogue,outlaw,51,32,19
27306,Gnøver,ragnaros,1585,rogue,outlaw,88,45,43
27307,Supine,illidan,1539,rogue,outlaw,109,58,51
27308,Mirâge,illidan,1533,rogue,outlaw,50,28,22
27309,Kentaki,tichondrius,1515,rogue,outlaw,60,33,27
27310,Velskud,area-52,1494,rogue,outlaw,58,31,27
27311,Karambit,frostmourne,1494,rogue,outlaw,102,45,57
27312,Trêl,velen,1485,rogue,outlaw,81,39,42
27313,Combo,norgannon,1484,rogue,outlaw,102,61,41
27314,Blackmont,bleeding-hollow,1483,rogue,outlaw,53,32,21
27315,Disrawen,ragnaros,1457,rogue,outlaw,282,138,144
27316,Jenaki,gurubashi,1442,rogue,outlaw,62,32,30
27317,Jolly,frostmourne,1440,rogue,outlaw,53,22,31
27318,Itsuksiko,quelthalas,1435,rogue,outlaw,40,21,19
27319,Omnïslash,stormrage,1433,rogue,outlaw,42,17,25
27320,Gotosor,quelthalas,1415,rogue,outlaw,144,73,71
27321,Sapsis,shandris,1409,rogue,outlaw,47,22,25
27322,Shindeiru,area-52,1399,rogue,outlaw,43,30,13
27323,Bleaklord,emerald-dream,1373,rogue,outlaw,48,17,31
27324,Snakeblisken,emerald-dream,1352,rogue,outlaw,36,15,21
27325,Hobblefoot,proudmoore,1340,rogue,outlaw,46,24,22
27326,Dogeggs,area-52,1331,rogue,outlaw,30,14,16
27327,Dross,shadowmoon,1325,rogue,outlaw,30,14,16
27328,Chrisdorner,area-52,1316,rogue,outlaw,25,14,11
27329,Jakamungo,area-52,1315,rogue,outlaw,46,22,24
27330,Reyskywalker,kelthuzad,1303,rogue,outlaw,24,15,9
27331,Mgzx,tichondrius,1295,rogue,outlaw,48,25,23
27332,Ntrfighter,tichondrius,1258,rogue,outlaw,71,36,35
27333,Wátchyoúrbák,wyrmrest-accord,1247,rogue,outlaw,30,14,16
27334,Redimído,quelthalas,1244,rogue,outlaw,27,14,13
27335,Gothamzzing,tichondrius,1242,rogue,outlaw,24,13,11
27336,Houlton,moon-guard,1234,rogue,outlaw,24,13,11
27337,Cheddery,dalaran,1151,rogue,outlaw,36,17,19
27338,Swingonya,stormrage,1150,rogue,outlaw,18,12,6
27339,Corevis,moon-guard,1149,rogue,outlaw,24,12,12
27340,Luolan,kargath,1149,rogue,outlaw,39,13,26
27341,Fastblast,wyrmrest-accord,1146,rogue,outlaw,24,12,12
27342,Mabushi,sargeras,1135,rogue,outlaw,42,15,27
27343,Azarha,zuljin,1117,rogue,outlaw,58,32,26
27344,Vanorn,aerie-peak,1108,rogue,outlaw,54,17,37
27345,Zarthrox,bladefist,1105,rogue,outlaw,30,16,14
27346,Johnnyelbows,tichondrius,1078,rogue,outlaw,27,13,14
27347,Wujn,tichondrius,1050,rogue,outlaw,24,11,13
27348,Lumifer,quelthalas,1050,rogue,outlaw,54,18,36
27349,Adevoir,hakkar,1049,rogue,outlaw,48,24,24
27350,Xyleth,azgalor,1048,rogue,outlaw,53,20,33
27351,Thèory,sargeras,1044,rogue,outlaw,24,11,13
27352,Valefarr,emerald-dream,1043,rogue,outlaw,29,13,16
27353,Mechamind,draka,1034,rogue,outlaw,18,11,7
27354,Thuganomics,dark-iron,1008,rogue,outlaw,27,12,15
27355,Emoond,ragnaros,989,rogue,outlaw,27,13,14
27356,Farstrider,tichondrius,985,rogue,outlaw,72,27,45
27357,Inhume,eredar,960,rogue,outlaw,24,10,14
27358,Larmx,tichondrius,960,rogue,outlaw,24,10,14
27359,Straite,area-52,959,rogue,outlaw,18,10,8
27360,Quapi,tichondrius,959,rogue,outlaw,18,10,8
27361,Preceptor,azralon,956,rogue,outlaw,24,10,14
27362,Nitroxy,quelthalas,950,rogue,outlaw,24,10,14
27363,Badpatatas,proudmoore,913,rogue,outlaw,42,10,32
27364,Shninzy,senjin,910,rogue,outlaw,31,11,20
27365,Tanadoril,wyrmrest-accord,863,rogue,outlaw,18,9,9
27366,Asdestroyerr,tichondrius,863,rogue,outlaw,18,9,9
27367,Stabbythorus,stormrage,862,rogue,outlaw,18,9,9
27368,Bebesita,sisters-of-elune,860,rogue,outlaw,18,9,9
27369,Phraze,silvermoon,859,rogue,outlaw,30,14,16
27370,Zogbu,stormrage,858,rogue,outlaw,18,9,9
27371,Coalie,tichondrius,816,rogue,outlaw,15,9,6
27372,Zeed,ragnaros,802,rogue,outlaw,24,10,14
27373,Lesty,kelthuzad,768,rogue,outlaw,12,8,4
27374,Deepsyo,frostmourne,768,rogue,outlaw,12,8,4
27375,Airi,darkspear,768,rogue,outlaw,18,8,10
27376,Synj,frostmourne,767,rogue,outlaw,12,8,4
27377,Tarnished,ravenholdt,766,rogue,outlaw,24,8,16
27378,Slitherex,thunderlord,763,rogue,outlaw,21,9,12
27379,Itricku,tichondrius,759,rogue,outlaw,48,14,34
27380,Thompson,bloodscalp,672,rogue,outlaw,12,7,5
27381,Drsinz,tichondrius,671,rogue,outlaw,18,7,11
27382,Slowtime,quelthalas,671,rogue,outlaw,18,7,11
27383,Cosmicò,trollbane,670,rogue,outlaw,12,7,5
27384,Evilkoreanz,tichondrius,670,rogue,outlaw,12,7,5
27385,Jamesallen,silvermoon,659,rogue,outlaw,12,7,5
27386,Roxy,ghostlands,623,rogue,outlaw,17,7,10
27387,Esky,tichondrius,576,rogue,outlaw,12,6,6
27388,Deeppockets,sargeras,576,rogue,outlaw,12,6,6
27389,Cidi,moon-guard,576,rogue,outlaw,18,6,12
27390,Zanith,wyrmrest-accord,575,rogue,outlaw,12,6,6
27391,Sprork,kiljaeden,575,rogue,outlaw,18,6,12
27392,Drakariano,ragnaros,575,rogue,outlaw,18,6,12
27393,Deddyy,zuljin,574,rogue,outlaw,18,6,12
27394,Bonizzi,stormrage,573,rogue,outlaw,12,6,6
27395,Marraya,area-52,573,rogue,outlaw,12,6,6
27396,Abatoire,wyrmrest-accord,572,rogue,outlaw,12,6,6
27397,Listrew,stormrage,571,rogue,outlaw,12,6,6
27398,Maglove,nemesis,571,rogue,outlaw,12,6,6
27399,Tsubamë,tichondrius,480,rogue,outlaw,6,5,1
27400,Tmpikaboo,tichondrius,480,rogue,outlaw,6,5,1
27401,Galfuran,burning-legion,480,rogue,outlaw,12,5,7
27402,Sekkelx,moon-guard,480,rogue,outlaw,12,5,7
27403,Alexyy,blades-edge,480,rogue,outlaw,12,5,7
27404,Spikiera,silvermoon,480,rogue,outlaw,18,5,13
27405,Earthinhorn,frostmourne,480,rogue,outlaw,18,5,13
27406,Sasskei,malganis,479,rogue,outlaw,12,5,7
27407,Kasharo,tichondrius,479,rogue,outlaw,12,5,7
27408,Stabbymcgee,duskwood,478,rogue,outlaw,12,5,7
27409,Alerana,dathremar,474,rogue,outlaw,12,5,7
27410,Darthkelso,arathor,465,rogue,outlaw,24,5,19
27411,Kents,tichondrius,384,rogue,outlaw,6,4,2
27412,Flashmob,zuljin,384,rogue,outlaw,6,4,2
27413,Alandoril,tichondrius,384,rogue,outlaw,6,4,2
27414,Xylvana,kiljaeden,384,rogue,outlaw,6,4,2
27415,Krypticstab,malganis,384,rogue,outlaw,6,4,2
27416,Xavar,malganis,384,rogue,outlaw,6,4,2
27417,Dayvanie,area-52,384,rogue,outlaw,12,4,8
27418,Blingtronx,malganis,384,rogue,outlaw,12,4,8
27419,Showclass,stormrage,384,rogue,outlaw,12,4,8
27420,Subnini,kelthuzad,384,rogue,outlaw,18,4,14
27421,Gheez,quelthalas,383,rogue,outlaw,6,4,2
27422,Katanië,moon-guard,383,rogue,outlaw,12,4,8
27423,Houdinilogic,skullcrusher,381,rogue,outlaw,12,4,8
27424,Daftjack,bleeding-hollow,381,rogue,outlaw,12,4,8
27425,Ningaturtle,korgath,376,rogue,outlaw,18,4,14
27426,Fennick,tanaris,351,rogue,outlaw,11,4,7
27427,Siamés,quelthalas,319,rogue,outlaw,14,4,10
27428,Homeschoolx,moon-guard,288,rogue,outlaw,6,3,3
27429,Whaazz,emerald-dream,288,rogue,outlaw,6,3,3
27430,Dicenslice,proudmoore,288,rogue,outlaw,6,3,3
27431,Peteylee,stormrage,288,rogue,outlaw,6,3,3
27432,Bootypie,hyjal,288,rogue,outlaw,6,3,3
27433,Karmagoodttv,stormrage,288,rogue,outlaw,6,3,3
27434,Pikartz,stormrage,288,rogue,outlaw,6,3,3
27435,Lacero,bonechewer,288,rogue,outlaw,6,3,3
27436,Machos,azralon,288,rogue,outlaw,6,3,3
27437,Movze,area-52,288,rogue,outlaw,6,3,3
27438,Amorfirion,frostmourne,288,rogue,outlaw,6,3,3
27439,Ghøstfäce,tichondrius,288,rogue,outlaw,6,3,3
27440,Hedillyan,azralon,288,rogue,outlaw,6,3,3
27441,Bàndit,wyrmrest-accord,288,rogue,outlaw,6,3,3
27442,Daehyun,moknathal,288,rogue,outlaw,6,3,3
27443,Alexdelion,tichondrius,288,rogue,outlaw,6,3,3
27444,Drpibb,ghostlands,288,rogue,outlaw,12,3,9
27445,Xzarfi,moon-guard,288,rogue,outlaw,18,3,15
27446,Stabyou,sentinels,287,rogue,outlaw,6,3,3
27447,Grimthorn,icecrown,285,rogue,outlaw,12,3,9
27448,Fryphilip,dalaran,256,rogue,outlaw,10,3,7
27449,Hotboxthefox,illidan,253,rogue,outlaw,11,3,8
27450,Mud,saurfang,192,rogue,outlaw,6,2,4
27451,Touchthetip,bleeding-hollow,192,rogue,outlaw,6,2,4
27452,Duskeron,cenarius,192,rogue,outlaw,6,2,4
27453,Remonezero,moon-guard,192,rogue,outlaw,6,2,4
27454,Jsyn,kiljaeden,192,rogue,outlaw,6,2,4
27455,Slobernocker,stormrage,192,rogue,outlaw,6,2,4
27456,Creamcakepop,stormrage,192,rogue,outlaw,6,2,4
27457,Nestha,quelthalas,192,rogue,outlaw,6,2,4
27458,Prisonshank,arthas,192,rogue,outlaw,6,2,4
27459,Jebubs,tichondrius,192,rogue,outlaw,6,2,4
27460,ßuu,sargeras,192,rogue,outlaw,6,2,4
27461,Sxs,kiljaeden,192,rogue,outlaw,12,2,10
27462,Òklahomie,frostwolf,191,rogue,outlaw,6,2,4
27463,Landrik,trollbane,191,rogue,outlaw,6,2,4
27464,Philliamson,azgalor,190,rogue,outlaw,12,2,10
27465,Madge,area-52,96,rogue,outlaw,6,1,5
27466,Lu,lethon,96,rogue,outlaw,6,1,5
27467,Sindor,azralon,96,rogue,outlaw,6,1,5
27468,Reginageorge,azuremyst,96,rogue,outlaw,6,1,5
27469,Vîllâîn,tichondrius,96,rogue,outlaw,6,1,5
27470,Downsix,sargeras,96,rogue,outlaw,6,1,5
27471,Happyslice,stormrage,96,rogue,outlaw,6,1,5
27472,Neilyo,barthilas,96,rogue,outlaw,6,1,5
27473,Xm,sargeras,96,rogue,outlaw,6,1,5
27474,Rinestiria,arthas,96,rogue,outlaw,6,1,5
27475,Hîzzÿ,ghostlands,96,rogue,outlaw,12,1,11
27476,Culpera,undermine,95,rogue,outlaw,6,1,5
27477,Lawyergamer,bonechewer,63,rogue,outlaw,2,2,0
27478,Aliasfaker,stormrage,16,rogue,outlaw,1,1,0
27479,Erebüs,thunderlord,2227,rogue,subtlety,78,50,28
27480,Battzii,wyrmrest-accord,2147,rogue,subtlety,516,268,248
27481,Ymxxworld,tichondrius,2107,rogue,subtlety,96,49,47
27482,Lies,dalaran,2010,rogue,subtlety,87,43,44
27483,Ajl,drenden,1999,rogue,subtlety,88,47,41
27484,Flashmob,zuljin,1983,rogue,subtlety,50,25,25
27485,Danrathm,sargeras,1958,rogue,subtlety,79,44,35
27486,Roguesparrow,illidan,1931,rogue,subtlety,104,61,43
27487,Røgüë,malganis,1929,rogue,subtlety,60,32,28
27488,Alexdelion,tichondrius,1923,rogue,subtlety,66,34,32
27489,Rangoons,tichondrius,1894,rogue,subtlety,60,36,24
27490,Norbury,tichondrius,1893,rogue,subtlety,83,40,43
27491,Stealthypoop,kelthuzad,1887,rogue,subtlety,89,45,44
27492,Slashthunder,blades-edge,1876,rogue,subtlety,54,29,25
27493,Needbuff,tichondrius,1865,rogue,subtlety,54,25,29
27494,Coopi,tichondrius,1853,rogue,subtlety,115,60,55
27495,Scuffedjr,tichondrius,1852,rogue,subtlety,84,37,47
27496,Himitu,tichondrius,1849,rogue,subtlety,89,46,43
27497,Yázim,tichondrius,1848,rogue,subtlety,55,33,22
27498,Coregx,tichondrius,1842,rogue,subtlety,36,24,12
27499,Rõý,area-52,1837,rogue,subtlety,42,23,19
27500,Stunsofpuns,sargeras,1833,rogue,subtlety,60,33,27
27501,Brucerogue,tichondrius,1833,rogue,subtlety,200,107,93
27502,Maulline,tichondrius,1828,rogue,subtlety,42,20,22
27503,Cydonian,ragnaros,1827,rogue,subtlety,96,54,42
27504,Fátálíty,tichondrius,1827,rogue,subtlety,60,30,30
27505,Ulley,sargeras,1826,rogue,subtlety,120,67,53
27506,Smkgpvp,stormrage,1823,rogue,subtlety,68,43,25
27507,Clern,emerald-dream,1818,rogue,subtlety,65,35,30
27508,Ðèãth,area-52,1818,rogue,subtlety,36,19,17
27509,Celèphaïs,tichondrius,1817,rogue,subtlety,63,30,33
27510,Wetit,illidan,1816,rogue,subtlety,78,52,26
27511,Zerogh,tichondrius,1811,rogue,subtlety,129,75,54
27512,Bigpump,lothar,1809,rogue,subtlety,60,33,27
27513,Bruítzy,barthilas,1809,rogue,subtlety,156,82,74
27514,Kellenx,moon-guard,1809,rogue,subtlety,139,71,68
27515,Wizlysnipz,tichondrius,1808,rogue,subtlety,60,35,25
27516,Díor,azralon,1807,rogue,subtlety,124,70,54
27517,Stabem,moon-guard,1800,rogue,subtlety,57,36,21
27518,Wazowskiy,tichondrius,1781,rogue,subtlety,70,31,39
27519,Axtually,proudmoore,1778,rogue,subtlety,60,38,22
27520,Silentkush,arthas,1774,rogue,subtlety,48,28,20
27521,Dvin,stormrage,1770,rogue,subtlety,54,30,24
27522,Gyokkó,sargeras,1770,rogue,subtlety,36,20,16
27523,Ganknvanish,tichondrius,1757,rogue,subtlety,156,77,79
27524,Shinigâmì,tichondrius,1749,rogue,subtlety,78,52,26
27525,Aaronjlol,tichondrius,1747,rogue,subtlety,36,23,13
27526,Baeruto,thunderlord,1726,rogue,subtlety,24,18,6
27527,Poizzon,emerald-dream,1704,rogue,subtlety,59,33,26
27528,Nicoaa,tichondrius,1702,rogue,subtlety,133,71,62
27529,Kidcutti,proudmoore,1701,rogue,subtlety,56,26,30
27530,Assassìn,moon-guard,1697,rogue,subtlety,158,86,72
27531,Whoox,khazgoroth,1695,rogue,subtlety,42,29,13
27532,Xiaozhi,tichondrius,1692,rogue,subtlety,52,26,26
27533,Okaylmao,tichondrius,1685,rogue,subtlety,30,21,9
27534,Greyyfox,illidan,1680,rogue,subtlety,51,23,28
27535,Majk,eldrethalas,1674,rogue,subtlety,52,24,28
27536,Bezeta,azralon,1672,rogue,subtlety,203,111,92
27537,Vyrenn,destromath,1672,rogue,subtlety,81,42,39
27538,Jaos,tichondrius,1667,rogue,subtlety,42,22,20
27539,Beanlord,spinebreaker,1654,rogue,subtlety,42,25,17
27540,Lxw,frostmourne,1652,rogue,subtlety,37,20,17
27541,Blakezilla,tichondrius,1648,rogue,subtlety,48,29,19
27542,Bobsaget,kiljaeden,1642,rogue,subtlety,53,26,27
27543,Zipperx,tichondrius,1641,rogue,subtlety,65,34,31
27544,Steef,arygos,1638,rogue,subtlety,80,48,32
27545,Furt,frostmourne,1633,rogue,subtlety,44,25,19
27546,Kenpàchi,kelthuzad,1626,rogue,subtlety,36,21,15
27547,Bruitzygg,barthilas,1619,rogue,subtlety,44,20,24
27548,Preceptor,azralon,1614,rogue,subtlety,86,44,42
27549,Eekz,sargeras,1613,rogue,subtlety,128,67,61
27550,Themosk,malganis,1613,rogue,subtlety,36,18,18
27551,Haiev,tichondrius,1613,rogue,subtlety,54,26,28
27552,Pxb,sargeras,1609,rogue,subtlety,36,17,19
27553,Piscís,sargeras,1606,rogue,subtlety,54,28,26
27554,Yesua,ragnaros,1604,rogue,subtlety,181,90,91
27555,Runakó,kelthuzad,1603,rogue,subtlety,48,21,27
27556,Hayzarc,malfurion,1598,rogue,subtlety,42,21,21
27557,Kalvish,dalaran,1597,rogue,subtlety,29,17,12
27558,Camlaw,area-52,1594,rogue,subtlety,84,47,37
27559,Wowamaze,aegwynn,1587,rogue,subtlety,82,46,36
27560,Saprìse,darkspear,1582,rogue,subtlety,30,19,11
27561,Tarny,illidan,1579,rogue,subtlety,58,25,33
27562,Plado,tichondrius,1574,rogue,subtlety,47,27,20
27563,Trizin,frostmourne,1563,rogue,subtlety,84,45,39
27564,Turtlespeed,thrall,1559,rogue,subtlety,69,38,31
27565,Cahlee,sargeras,1554,rogue,subtlety,64,26,38
27566,Grelinho,stormrage,1554,rogue,subtlety,66,26,40
27567,Klawz,norgannon,1553,rogue,subtlety,42,24,18
27568,Îzu,ysera,1553,rogue,subtlety,51,27,24
27569,Cut,ragnaros,1544,rogue,subtlety,81,40,41
27570,Eekz,illidan,1535,rogue,subtlety,203,113,90
27571,Mitsurí,sargeras,1534,rogue,subtlety,24,16,8
27572,Fela,crushridge,1531,rogue,subtlety,132,67,65
27573,Rosoma,kelthuzad,1530,rogue,subtlety,40,23,17
27574,Dissociated,stormrage,1523,rogue,subtlety,47,17,30
27575,Mayhemghost,rexxar,1515,rogue,subtlety,42,25,17
27576,Killmebaby,lightnings-blade,1514,rogue,subtlety,48,26,22
27577,Kainm,stormrage,1514,rogue,subtlety,248,130,118
27578,Bombman,tichondrius,1513,rogue,subtlety,53,23,30
27579,Kinbaal,bleeding-hollow,1511,rogue,subtlety,36,22,14
27580,Kaliasteddin,area-52,1509,rogue,subtlety,45,23,22
27581,Tulis,frostmourne,1507,rogue,subtlety,152,92,60
27582,Quinity,wyrmrest-accord,1505,rogue,subtlety,97,53,44
27583,Illmatíc,kelthuzad,1502,rogue,subtlety,29,16,13
27584,Galaxybrain,icecrown,1498,rogue,subtlety,120,76,44
27585,Dysxliec,dalaran,1485,rogue,subtlety,36,16,20
27586,Garrotte,tichondrius,1478,rogue,subtlety,69,26,43
27587,Pince,black-dragonflight,1475,rogue,subtlety,36,21,15
27588,Lurios,rivendare,1475,rogue,subtlety,76,39,37
27589,Errorless,moon-guard,1475,rogue,subtlety,42,21,21
27590,Mosedz,tichondrius,1474,rogue,subtlety,48,28,20
27591,Åer,dalaran,1470,rogue,subtlety,83,41,42
27592,Gnøver,ragnaros,1463,rogue,subtlety,114,66,48
27593,Stankyx,bleeding-hollow,1460,rogue,subtlety,66,37,29
27594,Rufian,ursin,1460,rogue,subtlety,36,18,18
27595,Vigílant,proudmoore,1460,rogue,subtlety,72,35,37
27596,Greasybbsea,illidan,1459,rogue,subtlety,60,28,32
27597,Scenna,stormrage,1457,rogue,subtlety,72,30,42
27598,Vyll,stormrage,1452,rogue,subtlety,31,16,15
27599,Bugser,tichondrius,1451,rogue,subtlety,60,32,28
27600,Trucidovaco,daggerspine,1449,rogue,subtlety,88,40,48
27601,Speedboi,skullcrusher,1448,rogue,subtlety,98,61,37
27602,Eridian,tichondrius,1445,rogue,subtlety,49,23,26
27603,Cuizhudi,tichondrius,1440,rogue,subtlety,26,17,9
27604,Kyubïx,ragnaros,1437,rogue,subtlety,48,27,21
27605,Kaylyth,whisperwind,1436,rogue,subtlety,36,15,21
27606,Minaciki,tichondrius,1434,rogue,subtlety,24,15,9
27607,Epipenqt,dark-iron,1431,rogue,subtlety,42,26,16
27608,Hunchó,area-52,1431,rogue,subtlety,65,38,27
27609,Brrant,tichondrius,1430,rogue,subtlety,24,15,9
27610,Yoskit,tichondrius,1429,rogue,subtlety,24,15,9
27611,Pichichi,frostmourne,1426,rogue,subtlety,39,24,15
27612,Kibbs,korgath,1422,rogue,subtlety,60,30,30
27613,Cv,proudmoore,1417,rogue,subtlety,30,18,12
27614,Toxsith,tichondrius,1416,rogue,subtlety,36,22,14
27615,Murked,barthilas,1416,rogue,subtlety,36,21,15
27616,Rougething,bleeding-hollow,1415,rogue,subtlety,36,17,19
27617,Xleo,drakkari,1414,rogue,subtlety,137,67,70
27618,Axerax,draka,1412,rogue,subtlety,30,15,15
27619,Secrettecbot,barthilas,1411,rogue,subtlety,30,18,12
27620,Fulkrem,wyrmrest-accord,1410,rogue,subtlety,74,34,40
27621,Worrglaive,dalaran,1404,rogue,subtlety,90,46,44
27622,Luradfate,dalaran,1397,rogue,subtlety,178,91,87
27623,Sasugay,sargeras,1391,rogue,subtlety,38,21,17
27624,Sapyalater,thrall,1389,rogue,subtlety,150,78,72
27625,Klâng,tichondrius,1389,rogue,subtlety,49,22,27
27626,Neuschurke,warsong,1386,rogue,subtlety,42,23,19
27627,Sgtbuttfat,dalaran,1385,rogue,subtlety,41,20,21
27628,Saintt,khaz-modan,1384,rogue,subtlety,24,16,8
27629,Sapùwú,stormrage,1384,rogue,subtlety,90,48,42
27630,Roguetrix,stormrage,1384,rogue,subtlety,32,16,16
27631,Fofree,hyjal,1382,rogue,subtlety,24,15,9
27632,Frusciante,nemesis,1378,rogue,subtlety,42,18,24
27633,Chãlons,tichondrius,1376,rogue,subtlety,78,37,41
27634,Usernameqtxo,kelthuzad,1376,rogue,subtlety,63,27,36
27635,Ojibwe,tichondrius,1373,rogue,subtlety,28,15,13
27636,Kolander,tichondrius,1373,rogue,subtlety,58,29,29
27637,Abacura,moon-guard,1364,rogue,subtlety,48,29,19
27638,Ironfistofcn,tichondrius,1364,rogue,subtlety,60,32,28
27639,Techie,frostmane,1363,rogue,subtlety,27,15,12
27640,Mistnazgul,quelthalas,1358,rogue,subtlety,76,43,33
27641,Axiy,stormrage,1357,rogue,subtlety,30,15,15
27642,Odelöt,drakkari,1356,rogue,subtlety,78,43,35
27643,Raymga,tichondrius,1355,rogue,subtlety,48,29,19
27644,Søprøle,ragnaros,1355,rogue,subtlety,86,50,36
27645,Emrogr,tichondrius,1354,rogue,subtlety,66,36,30
27646,Narcoleptic,dalaran,1346,rogue,subtlety,84,40,44
27647,Deadguys,tichondrius,1344,rogue,subtlety,54,25,29
27648,Swanl,stormrage,1343,rogue,subtlety,36,17,19
27649,Pargo,quelthalas,1342,rogue,subtlety,37,18,19
27650,Corrier,tichondrius,1340,rogue,subtlety,24,14,10
27651,Lyfallah,proudmoore,1338,rogue,subtlety,121,66,55
27652,Spacebase,illidan,1337,rogue,subtlety,24,14,10
27653,Tolthe,hyjal,1333,rogue,subtlety,48,21,27
27654,Saltypwncake,illidan,1331,rogue,subtlety,30,14,16
27655,Genève,dreadmaul,1327,rogue,subtlety,24,14,10
27656,Pikabuu,bleeding-hollow,1326,rogue,subtlety,39,16,23
27657,Gankolicious,nerzhul,1317,rogue,subtlety,18,14,4
27658,Lagault,muradin,1316,rogue,subtlety,66,38,28
27659,Tamsy,the-forgotten-coast,1315,rogue,subtlety,21,15,6
27660,Sabedoria,barthilas,1314,rogue,subtlety,77,40,37
27661,Threeplates,silvermoon,1310,rogue,subtlety,30,14,16
27662,Pocketman,barthilas,1299,rogue,subtlety,59,24,35
27663,Tapwaterx,illidan,1299,rogue,subtlety,36,14,22
27664,Skoalr,thrall,1295,rogue,subtlety,28,16,12
27665,Vanvanlords,azralon,1291,rogue,subtlety,32,15,17
27666,Turec,illidan,1290,rogue,subtlety,29,14,15
27667,Ikmagine,icecrown,1281,rogue,subtlety,42,17,25
27668,Täy,thrall,1280,rogue,subtlety,47,23,24
27669,Thugspice,stormrage,1279,rogue,subtlety,53,26,27
27670,Pegglerogue,fizzcrank,1275,rogue,subtlety,56,24,32
27671,Lisnp,tichondrius,1274,rogue,subtlety,200,94,106
27672,Ikerz,tichondrius,1272,rogue,subtlety,27,14,13
27673,Pinksleep,sargeras,1266,rogue,subtlety,48,20,28
27674,Hollfex,nemesis,1265,rogue,subtlety,44,22,22
27675,Pleodonis,tichondrius,1263,rogue,subtlety,45,18,27
27676,Sahima,tichondrius,1262,rogue,subtlety,110,58,52
27677,Lefteex,tichondrius,1260,rogue,subtlety,45,25,20
27678,Gothblade,malganis,1258,rogue,subtlety,30,15,15
27679,Imgunnacrumb,malganis,1249,rogue,subtlety,116,58,58
27680,Tmpikaboo,tichondrius,1248,rogue,subtlety,18,13,5
27681,Howton,kelthuzad,1248,rogue,subtlety,18,13,5
27682,Unshut,tichondrius,1247,rogue,subtlety,18,13,5
27683,Lxke,stormrage,1247,rogue,subtlety,18,13,5
27684,Calebrogue,illidan,1247,rogue,subtlety,18,13,5
27685,Termkilledu,moon-guard,1244,rogue,subtlety,30,18,12
27686,Trc,illidan,1243,rogue,subtlety,24,13,11
27687,Endlesswaltz,zuljin,1243,rogue,subtlety,30,13,17
27688,Prrey,hydraxis,1242,rogue,subtlety,30,13,17
27689,Mcromance,khadgar,1242,rogue,subtlety,54,23,31
27690,Liryth,lightninghoof,1240,rogue,subtlety,39,22,17
27691,Stealthkid,tichondrius,1237,rogue,subtlety,24,13,11
27692,Lululee,tichondrius,1237,rogue,subtlety,36,13,23
27693,Jinglez,frostmourne,1236,rogue,subtlety,18,13,5
27694,Variat,azralon,1235,rogue,subtlety,54,25,29
27695,Oddblade,stormrage,1232,rogue,subtlety,24,14,10
27696,Kawagreen,tichondrius,1232,rogue,subtlety,33,17,16
27697,Shellby,tichondrius,1221,rogue,subtlety,56,29,27
27698,Vaith,wyrmrest-accord,1221,rogue,subtlety,30,13,17
27699,Loquen,ragnaros,1218,rogue,subtlety,24,13,11
27700,Noxik,blackrock,1217,rogue,subtlety,34,19,15
27701,Drsinz,tichondrius,1217,rogue,subtlety,67,28,39
27702,Trâshy,stormrage,1215,rogue,subtlety,25,14,11
27703,Stanley,mugthol,1212,rogue,subtlety,24,13,11
27704,Dessenia,illidan,1208,rogue,subtlety,73,44,29
27705,Mendiant,azralon,1206,rogue,subtlety,24,13,11
27706,Xoltin,tichondrius,1201,rogue,subtlety,68,28,40
27707,Arakine,uldaman,1200,rogue,subtlety,21,14,7
27708,Tigerinu,stormreaver,1194,rogue,subtlety,23,13,10
27709,Kylerxius,korgath,1192,rogue,subtlety,36,21,15
27710,Lilstab,hakkar,1191,rogue,subtlety,104,50,54
27711,Arbitér,moonrunner,1191,rogue,subtlety,58,20,38
27712,Frèyjä,bleeding-hollow,1186,rogue,subtlety,78,39,39
27713,Elmabrox,quelthalas,1183,rogue,subtlety,45,20,25
27714,Roxeni,tichondrius,1181,rogue,subtlety,28,13,15
27715,Eraticrogue,illidan,1178,rogue,subtlety,29,13,16
27716,Abogansterr,ragnaros,1167,rogue,subtlety,78,42,36
27717,Poohpants,frostmourne,1166,rogue,subtlety,71,34,37
27718,Zarkans,proudmoore,1163,rogue,subtlety,30,16,14
27719,Guiguzidr,illidan,1159,rogue,subtlety,48,24,24
27720,Mirajoo,tichondrius,1157,rogue,subtlety,64,27,37
27721,Gyrfalcon,spirestone,1156,rogue,subtlety,154,72,82
27722,Paulpitation,blood-furnace,1155,rogue,subtlety,39,15,24
27723,Antos,tichondrius,1152,rogue,subtlety,18,12,6
27724,Håkünämãtåtä,stormrage,1152,rogue,subtlety,18,12,6
27725,Bèstworld,dalaran,1152,rogue,subtlety,24,12,12
27726,Vendettita,quelthalas,1151,rogue,subtlety,18,12,6
27727,Esky,tichondrius,1151,rogue,subtlety,24,12,12
27728,Onîkudaki,sargeras,1151,rogue,subtlety,30,12,18
27729,Stealthyxd,arthas,1150,rogue,subtlety,36,12,24
27730,Itskanashi,frostmourne,1148,rogue,subtlety,69,30,39
27731,Smormu,bonechewer,1144,rogue,subtlety,24,12,12
27732,Oilydaimon,tichondrius,1143,rogue,subtlety,61,29,32
27733,Rigotak,illidan,1139,rogue,subtlety,24,12,12
27734,Smashol,barthilas,1136,rogue,subtlety,54,23,31
27735,Micromoon,windrunner,1131,rogue,subtlety,36,13,23
27736,Draculà,wyrmrest-accord,1130,rogue,subtlety,30,17,13
27737,Vangroen,quelthalas,1129,rogue,subtlety,24,14,10
27738,Hypermix,tichondrius,1129,rogue,subtlety,24,12,12
27739,Miraclesap,stormrage,1127,rogue,subtlety,82,48,34
27740,Meer,balnazzar,1125,rogue,subtlety,34,24,10
27741,Dustt,stormrage,1125,rogue,subtlety,18,12,6
27742,Doklim,spinebreaker,1122,rogue,subtlety,74,42,32
27743,Cutthroat,aegwynn,1121,rogue,subtlety,45,20,25
27744,Jeri,gundrak,1113,rogue,subtlety,30,17,13
27745,Drapezz,kelthuzad,1110,rogue,subtlety,29,16,13
27746,Humphugull,skullcrusher,1108,rogue,subtlety,35,12,23
27747,Venace,agamaggan,1104,rogue,subtlety,23,12,11
27748,Jadier,emerald-dream,1103,rogue,subtlety,23,12,11
27749,Prisonshank,arthas,1093,rogue,subtlety,61,36,25
27750,Santyno,ragnaros,1085,rogue,subtlety,114,54,60
27751,Noriel,dathremar,1085,rogue,subtlety,30,13,17
27752,Jaanmonty,frostmourne,1081,rogue,subtlety,24,12,12
27753,Hotcarl,kiljaeden,1077,rogue,subtlety,28,14,14
27754,Riskgo,frostwolf,1071,rogue,subtlety,24,12,12
27755,Vanishman,ragnaros,1063,rogue,subtlety,24,12,12
27756,Larmx,tichondrius,1056,rogue,subtlety,12,11,1
27757,Sixcombopts,area-52,1056,rogue,subtlety,18,11,7
27758,Queuethunder,blades-edge,1055,rogue,subtlety,12,11,1
27759,Ozzinton,kelthuzad,1055,rogue,subtlety,18,11,7
27760,Esmeraldas,frostmourne,1054,rogue,subtlety,18,11,7
27761,Tootsio,tichondrius,1054,rogue,subtlety,18,11,7
27762,Rabe,nagrand,1053,rogue,subtlety,24,11,13
27763,Ninetaildfox,arthas,1051,rogue,subtlety,18,11,7
27764,Yanh,tichondrius,1051,rogue,subtlety,24,11,13
27765,Brangs,ragnaros,1050,rogue,subtlety,18,11,7
27766,Corntens,area-52,1050,rogue,subtlety,20,11,9
27767,Négrá,ragnaros,1048,rogue,subtlety,18,11,7
27768,Trolladrão,goldrinn,1048,rogue,subtlety,24,11,13
27769,Ðarkrøøxs,stormrage,1048,rogue,subtlety,24,11,13
27770,Laotrec,nemesis,1045,rogue,subtlety,33,12,21
27771,Olg,arathor,1043,rogue,subtlety,71,36,35
27772,Hyperdexia,stormrage,1042,rogue,subtlety,88,47,41
27773,Orangez,malfurion,1040,rogue,subtlety,18,11,7
27774,Soulvex,barthilas,1040,rogue,subtlety,18,11,7
27775,Abaløne,tichondrius,1037,rogue,subtlety,55,22,33
27776,Undreas,kiljaeden,1035,rogue,subtlety,193,97,96
27777,Kaminokage,barthilas,1035,rogue,subtlety,33,12,21
27778,Shadownibba,illidan,1032,rogue,subtlety,36,18,18
27779,Kachimodo,illidan,1029,rogue,subtlety,42,20,22
27780,Ambushr,tichondrius,1028,rogue,subtlety,18,11,7
27781,Sneakyshots,emerald-dream,1017,rogue,subtlety,13,11,2
27782,Slackness,bleeding-hollow,1015,rogue,subtlety,61,35,26
27783,Nadari,cenarius,1015,rogue,subtlety,30,13,17
27784,Fateapocryph,azralon,1014,rogue,subtlety,26,13,13
27785,Korviz,area-52,1008,rogue,subtlety,60,30,30
27786,Bloodwish,tichondrius,1007,rogue,subtlety,23,11,12
27787,Ghost,shattered-halls,1006,rogue,subtlety,68,27,41
27788,Log,blackhand,1004,rogue,subtlety,36,18,18
27789,Relidria,thrall,1002,rogue,subtlety,30,18,12
27790,Feragho,tichondrius,992,rogue,subtlety,34,11,23
27791,Sadtears,thrall,990,rogue,subtlety,16,11,5
27792,Weenies,illidan,989,rogue,subtlety,17,11,6
27793,Jalaroot,frostmourne,985,rogue,subtlety,23,13,10
27794,Bubblesr,whisperwind,980,rogue,subtlety,48,22,26
27795,Lesliechow,sargeras,967,rogue,subtlety,52,28,24
27796,Ascherx,veknilash,960,rogue,subtlety,12,10,2
27797,Scuffedsr,tichondrius,960,rogue,subtlety,12,10,2
27798,Æsshayádlay,tichondrius,960,rogue,subtlety,24,10,14
27799,Eazyg,tichondrius,959,rogue,subtlety,18,10,8
27800,Spaca,kelthuzad,959,rogue,subtlety,18,10,8
27801,Zaszune,stormrage,958,rogue,subtlety,18,10,8
27802,Lucki,tichondrius,958,rogue,subtlety,18,10,8
27803,Harkknight,sargeras,958,rogue,subtlety,104,53,51
27804,Aszombie,tichondrius,957,rogue,subtlety,12,10,2
27805,Stuntedscamp,bleeding-hollow,957,rogue,subtlety,24,10,14
27806,Shilaya,dreadmaul,957,rogue,subtlety,24,10,14
27807,Géminis,sargeras,956,rogue,subtlety,18,10,8
27808,Reclusivexo,tichondrius,956,rogue,subtlety,24,10,14
27809,Înfêrnô,emerald-dream,955,rogue,subtlety,24,10,14
27810,Kilrogga,azshara,953,rogue,subtlety,24,12,12
27811,Topapple,mugthol,952,rogue,subtlety,24,11,13
27812,Moufwash,sargeras,952,rogue,subtlety,24,10,14
27813,Onara,quelthalas,929,rogue,subtlety,24,12,12
27814,Swayo,tichondrius,920,rogue,subtlety,18,10,8
27815,Toe,boulderfist,912,rogue,subtlety,27,13,14
27816,Rarkalth,azralon,907,rogue,subtlety,35,10,25
27817,Silentmoralz,tichondrius,903,rogue,subtlety,35,10,25
27818,Skallywagg,emerald-dream,902,rogue,subtlety,46,18,28
27819,Linkzq,frostmourne,895,rogue,subtlety,23,10,13
27820,Sxs,kiljaeden,878,rogue,subtlety,23,10,13
27821,Bimbogirl,dalaran,865,rogue,subtlety,22,11,11
27822,Yodiegang,tichondrius,864,rogue,subtlety,12,9,3
27823,Votekanye,bleeding-hollow,864,rogue,subtlety,12,9,3
27824,Zeiss,tichondrius,864,rogue,subtlety,18,9,9
27825,Ðankbud,barthilas,864,rogue,subtlety,21,10,11
27826,Ideology,azgalor,864,rogue,subtlety,24,9,15
27827,Acid,warsong,863,rogue,subtlety,12,9,3
27828,Illoo,frostmourne,863,rogue,subtlety,18,9,9
27829,ßeep,windrunner,863,rogue,subtlety,18,9,9
27830,Proddivus,stormrage,863,rogue,subtlety,30,9,21
27831,Neilyo,barthilas,862,rogue,subtlety,18,9,9
27832,Hattorikun,proudmoore,862,rogue,subtlety,18,9,9
27833,Twotimed,magtheridon,862,rogue,subtlety,18,9,9
27834,Poolover,barthilas,862,rogue,subtlety,18,9,9
27835,Mermm,burning-blade,862,rogue,subtlety,18,9,9
27836,Cosmicò,trollbane,861,rogue,subtlety,12,9,3
27837,Blitzree,thrall,861,rogue,subtlety,12,9,3
27838,Lanres,stormrage,860,rogue,subtlety,12,9,3
27839,Biggisdiggis,tichondrius,860,rogue,subtlety,12,9,3
27840,Dionavelynn,area-52,860,rogue,subtlety,18,9,9
27841,Raqed,eredar,860,rogue,subtlety,18,9,9
27842,Lozion,malganis,860,rogue,subtlety,24,9,15
27843,Overzz,azralon,859,rogue,subtlety,21,9,12
27844,Gannjalord,frostmane,858,rogue,subtlety,22,10,12
27845,Harlyfknquin,jubeithos,857,rogue,subtlety,18,9,9
27846,Jhors,tichondrius,856,rogue,subtlety,18,9,9
27847,Esker,dragonmaw,854,rogue,subtlety,18,9,9
27848,Suñg,tichondrius,854,rogue,subtlety,24,9,15
27849,Macsap,frostmourne,850,rogue,subtlety,24,9,15
27850,Alexon,wyrmrest-accord,848,rogue,subtlety,72,30,42
27851,Dizzm,area-52,847,rogue,subtlety,12,9,3
27852,Revelationzz,turalyon,846,rogue,subtlety,16,10,6
27853,Aelnoor,ragnaros,846,rogue,subtlety,24,9,15
27854,Ayo,exodar,845,rogue,subtlety,18,9,9
27855,Cutindle,illidan,842,rogue,subtlety,18,9,9
27856,Elßronkas,quelthalas,836,rogue,subtlety,48,21,27
27857,Zamji,tichondrius,834,rogue,subtlety,20,9,11
27858,Yellowdeep,tichondrius,831,rogue,subtlety,14,10,4
27859,Trillkage,tichondrius,797,rogue,subtlety,26,9,17
27860,Hahaurblind,perenolde,796,rogue,subtlety,22,9,13
27861,Redtvco,blackrock,789,rogue,subtlety,17,9,8
27862,Fearnomore,destromath,783,rogue,subtlety,66,23,43
27863,Asoj,tichondrius,768,rogue,subtlety,12,8,4
27864,Wîzz,bleeding-hollow,768,rogue,subtlety,12,8,4
27865,Originalfake,sargeras,768,rogue,subtlety,12,8,4
27866,Czd,frostmourne,768,rogue,subtlety,12,8,4
27867,Nicørøbin,tichondrius,768,rogue,subtlety,12,8,4
27868,Lesty,kelthuzad,768,rogue,subtlety,12,8,4
27869,Decóm,zuljin,768,rogue,subtlety,16,9,7
27870,Köfy,quelthalas,768,rogue,subtlety,17,8,9
27871,Shreddér,tichondrius,768,rogue,subtlety,18,8,10
27872,Hiyõ,tichondrius,768,rogue,subtlety,18,8,10
27873,Rooke,draktharon,768,rogue,subtlety,18,8,10
27874,Taidath,area-52,768,rogue,subtlety,18,8,10
27875,Getfkdkid,tichondrius,768,rogue,subtlety,24,8,16
27876,Donnice,area-52,767,rogue,subtlety,12,8,4
27877,Kiingspade,tichondrius,767,rogue,subtlety,12,8,4
27878,Nítzy,quelthalas,767,rogue,subtlety,18,8,10
27879,Ilesire,frostmourne,767,rogue,subtlety,18,8,10
27880,Chancelör,illidan,766,rogue,subtlety,12,8,4
27881,Razmir,malfurion,766,rogue,subtlety,18,8,10
27882,Bríng,illidan,764,rogue,subtlety,12,8,4
27883,Yato,mugthol,764,rogue,subtlety,12,8,4
27884,Subtlepuddle,bleeding-hollow,764,rogue,subtlety,24,8,16
27885,Vexyz,tichondrius,763,rogue,subtlety,18,8,10
27886,Sildin,sargeras,762,rogue,subtlety,12,8,4
27887,Defaces,illidan,762,rogue,subtlety,12,8,4
27888,Abatoire,wyrmrest-accord,762,rogue,subtlety,18,8,10
27889,Khorgan,mugthol,762,rogue,subtlety,24,8,16
27890,Shivlightnin,tichondrius,762,rogue,subtlety,24,8,16
27891,Ricros,bleeding-hollow,760,rogue,subtlety,20,10,10
27892,Mhasto,azralon,759,rogue,subtlety,18,8,10
27893,Kerimoynihan,barthilas,757,rogue,subtlety,28,11,17
27894,Aynrand,drakkari,757,rogue,subtlety,29,8,21
27895,Nijanari,wyrmrest-accord,754,rogue,subtlety,24,8,16
27896,Bladefang,quelthalas,732,rogue,subtlety,17,10,7
27897,Wimpz,hyjal,672,rogue,subtlety,12,7,5
27898,Flaremagnet,whisperwind,672,rogue,subtlety,12,7,5
27899,Sandorroguee,stormrage,672,rogue,subtlety,12,7,5
27900,Joeyzord,stormrage,672,rogue,subtlety,12,7,5
27901,Bobfoonk,tichondrius,672,rogue,subtlety,12,7,5
27902,Coughsyrup,sargeras,672,rogue,subtlety,12,7,5
27903,Xvds,tichondrius,672,rogue,subtlety,12,7,5
27904,Frooty,stormrage,672,rogue,subtlety,12,7,5
27905,Àsgà,area-52,672,rogue,subtlety,12,7,5
27906,Feyahni,wyrmrest-accord,672,rogue,subtlety,12,7,5
27907,Bloodyhairy,area-52,672,rogue,subtlety,12,7,5
27908,Spytes,kiljaeden,672,rogue,subtlety,18,7,11
27909,Memoríst,frostmourne,672,rogue,subtlety,18,7,11
27910,Misthios,chogall,672,rogue,subtlety,18,7,11
27911,Clicksbtns,area-52,672,rogue,subtlety,18,7,11
27912,Niwbor,azralon,672,rogue,subtlety,24,7,17
27913,Keepitshadow,frostmourne,671,rogue,subtlety,12,7,5
27914,Kazzo,tichondrius,671,rogue,subtlety,12,7,5
27915,Liquidmojo,tichondrius,671,rogue,subtlety,12,7,5
27916,Darkìs,tichondrius,671,rogue,subtlety,12,7,5
27917,Gatõ,quelthalas,671,rogue,subtlety,12,7,5
27918,Christiaan,area-52,671,rogue,subtlety,12,7,5
27919,Nezumikami,malganis,671,rogue,subtlety,18,7,11
27920,Felistrien,wyrmrest-accord,671,rogue,subtlety,18,7,11
27921,Brilliance,skywall,671,rogue,subtlety,18,7,11
27922,Sapzz,tichondrius,671,rogue,subtlety,18,7,11
27923,Jdmg,azralon,670,rogue,subtlety,12,7,5
27924,Takamoto,windrunner,670,rogue,subtlety,18,7,11
27925,Rykojin,sargeras,669,rogue,subtlety,12,7,5
27926,Anteccessor,tichondrius,669,rogue,subtlety,18,7,11
27927,Deathben,tichondrius,669,rogue,subtlety,24,7,17
27928,Jagó,malganis,667,rogue,subtlety,12,7,5
27929,Chompycat,tichondrius,667,rogue,subtlety,18,7,11
27930,Srmazakre,ragnaros,667,rogue,subtlety,18,7,11
27931,Dogedealer,ragnaros,665,rogue,subtlety,12,7,5
27932,Kody,dalaran,639,rogue,subtlety,17,7,10
27933,Lilshanker,tichondrius,617,rogue,subtlety,22,8,14
27934,Mhün,malganis,607,rogue,subtlety,16,7,9
27935,Gptcodeplay,tichondrius,576,rogue,subtlety,6,6,0
27936,Caldø,tichondrius,576,rogue,subtlety,6,6,0
27937,Deadshank,bleeding-hollow,576,rogue,subtlety,6,6,0
27938,Homarx,quelthalas,576,rogue,subtlety,10,7,3
27939,Popss,whisperwind,576,rogue,subtlety,12,6,6
27940,Lymon,azralon,576,rogue,subtlety,12,6,6
27941,Nihue,terenas,576,rogue,subtlety,12,6,6
27942,Candren,area-52,576,rogue,subtlety,12,6,6
27943,Shadxr,tichondrius,576,rogue,subtlety,12,6,6
27944,Topfloorboss,illidan,576,rogue,subtlety,12,6,6
27945,Vlone,icecrown,576,rogue,subtlety,12,6,6
27946,Palumor,deathwing,576,rogue,subtlety,12,6,6
27947,Unholydood,bonechewer,576,rogue,subtlety,12,6,6
27948,Pamaaj,sargeras,576,rogue,subtlety,12,6,6
27949,Kindasorry,illidan,576,rogue,subtlety,12,6,6
27950,Fkq,emerald-dream,576,rogue,subtlety,12,6,6
27951,Littlescrub,frostmourne,576,rogue,subtlety,12,6,6
27952,Xedi,illidan,576,rogue,subtlety,12,6,6
27953,Revila,bleeding-hollow,576,rogue,subtlety,12,6,6
27954,Jannie,rexxar,576,rogue,subtlety,12,6,6
27955,Tmpikaboo,mugthol,576,rogue,subtlety,12,6,6
27956,Cinnashank,darkspear,576,rogue,subtlety,18,6,12
27957,Goopthicc,sargeras,576,rogue,subtlety,18,6,12
27958,Kents,tichondrius,576,rogue,subtlety,18,6,12
27959,Drakariano,ragnaros,576,rogue,subtlety,18,6,12
27960,Swippz,tichondrius,576,rogue,subtlety,18,6,12
27961,Struggle,sargeras,576,rogue,subtlety,24,6,18
27962,Jácket,area-52,576,rogue,subtlety,24,6,18
27963,Whothekilla,tichondrius,575,rogue,subtlety,12,6,6
27964,Mcnastier,dunemaul,575,rogue,subtlety,12,6,6
27965,Gank,jubeithos,575,rogue,subtlety,12,6,6
27966,Jinxkiller,tichondrius,575,rogue,subtlety,12,6,6
27967,Maulgryve,frostwolf,575,rogue,subtlety,12,6,6
27968,Hiarolson,stormrage,575,rogue,subtlety,12,6,6
27969,Krolczz,tichondrius,575,rogue,subtlety,12,6,6
27970,Calvin,moon-guard,575,rogue,subtlety,12,6,6
27971,Superharry,tichondrius,575,rogue,subtlety,12,6,6
27972,Zogbu,stormrage,575,rogue,subtlety,18,6,12
27973,Ballflicker,malganis,575,rogue,subtlety,18,6,12
27974,Dreamcatcher,azralon,575,rogue,subtlety,18,6,12
27975,Poofus,vashj,575,rogue,subtlety,18,6,12
27976,Alttee,proudmoore,573,rogue,subtlety,12,6,6
27977,Iapologize,area-52,572,rogue,subtlety,12,6,6
27978,Xylow,garona,571,rogue,subtlety,27,6,21
27979,Degrok,quelthalas,568,rogue,subtlety,12,6,6
27980,Confianzudo,ragnaros,567,rogue,subtlety,18,6,12
27981,Hmmkek,frostmourne,527,rogue,subtlety,11,6,5
27982,Zelthy,frostmourne,510,rogue,subtlety,11,6,5
27983,Yurasick,lightbringer,480,rogue,subtlety,6,5,1
27984,Towncar,kelthuzad,480,rogue,subtlety,6,5,1
27985,Kwins,cenarion-circle,480,rogue,subtlety,6,5,1
27986,Oceboomer,frostmourne,480,rogue,subtlety,6,5,1
27987,Deepsyo,frostmourne,480,rogue,subtlety,6,5,1
27988,Ghoarie,sargeras,480,rogue,subtlety,6,5,1
27989,Tmskitsou,tichondrius,480,rogue,subtlety,10,6,4
27990,Monkeykongr,lightnings-blade,480,rogue,subtlety,12,5,7
27991,Filid,frostmourne,480,rogue,subtlety,12,5,7
27992,Wooluncle,tichondrius,480,rogue,subtlety,12,5,7
27993,Uchihaputin,tichondrius,480,rogue,subtlety,12,5,7
27994,Atulano,wyrmrest-accord,480,rogue,subtlety,12,5,7
27995,Milafortnite,tichondrius,480,rogue,subtlety,12,5,7
27996,Xandroesh,darkspear,480,rogue,subtlety,12,5,7
27997,Henya,magtheridon,480,rogue,subtlety,12,5,7
27998,Blakezillax,tichondrius,480,rogue,subtlety,12,5,7
27999,Danielsylerr,drakkari,480,rogue,subtlety,12,5,7
28000,Pwnsauce,frostmourne,480,rogue,subtlety,12,5,7
28001,Scrubzz,barthilas,480,rogue,subtlety,12,5,7
28002,Defthands,tichondrius,480,rogue,subtlety,12,5,7
28003,Blinky,blades-edge,480,rogue,subtlety,12,5,7
28004,Wowcode,tichondrius,480,rogue,subtlety,12,5,7
28005,Grinjuk,area-52,480,rogue,subtlety,12,5,7
28006,Pjh,sargeras,480,rogue,subtlety,12,5,7
28007,Orihimesz,azralon,480,rogue,subtlety,12,5,7
28008,Jon,the-venture-co,480,rogue,subtlety,12,5,7
28009,Clayton,frostmourne,480,rogue,subtlety,12,5,7
28010,Killdrunk,stormrage,480,rogue,subtlety,12,5,7
28011,Twnice,tichondrius,480,rogue,subtlety,12,5,7
28012,Chimpo,ravencrest,480,rogue,subtlety,12,5,7
28013,Tiladar,tichondrius,480,rogue,subtlety,12,5,7
28014,Liqwid,stormrage,480,rogue,subtlety,12,5,7
28015,Arsènè,whisperwind,480,rogue,subtlety,13,5,8
28016,Faelanna,stormrage,480,rogue,subtlety,13,5,8
28017,Reinaldojr,azralon,480,rogue,subtlety,18,5,13
28018,Vex,durotan,480,rogue,subtlety,18,5,13
28019,Psychostabby,tichondrius,480,rogue,subtlety,18,5,13
28020,Greasymario,kelthuzad,480,rogue,subtlety,18,5,13
28021,Tekrul,area-52,480,rogue,subtlety,24,5,19
28022,Zitihait,amanthul,479,rogue,subtlety,6,5,1
28023,Stêf,zuljin,479,rogue,subtlety,6,5,1
28024,Catoline,bleeding-hollow,479,rogue,subtlety,12,5,7
28025,Toodlles,stormrage,479,rogue,subtlety,12,5,7
28026,Qlog,tichondrius,479,rogue,subtlety,12,5,7
28027,Arÿaa,azralon,479,rogue,subtlety,12,5,7
28028,Kekdasneak,dragonmaw,479,rogue,subtlety,18,5,13
28029,Abdullahh,tichondrius,478,rogue,subtlety,12,5,7
28030,Smokepipe,nerzhul,478,rogue,subtlety,12,5,7
28031,Falra,wyrmrest-accord,478,rogue,subtlety,18,5,13
28032,Hattrìck,area-52,478,rogue,subtlety,18,5,13
28033,Indivisible,thunderlord,477,rogue,subtlety,12,5,7
28034,Liamoz,amanthul,475,rogue,subtlety,12,5,7
28035,Fingolfin,terenas,447,rogue,subtlety,11,5,6
28036,Backtoch,sargeras,447,rogue,subtlety,11,5,6
28037,Arwy,stormrage,447,rogue,subtlety,11,5,6
28038,Pangppy,tichondrius,431,rogue,subtlety,11,5,6
28039,Sketchyweas,sargeras,426,rogue,subtlety,14,6,8
28040,Cayladin,tichondrius,416,rogue,subtlety,10,5,5
28041,Luriél,stormrage,415,rogue,subtlety,10,5,5
28042,Deadopps,stormrage,384,rogue,subtlety,6,4,2
28043,Xemnxnt,stormrage,384,rogue,subtlety,6,4,2
28044,Foreverioi,tichondrius,384,rogue,subtlety,6,4,2
28045,Coldkill,bleeding-hollow,384,rogue,subtlety,6,4,2
28046,Evasionx,tichondrius,384,rogue,subtlety,6,4,2
28047,Nines,icecrown,384,rogue,subtlety,6,4,2
28048,Chauva,zuljin,384,rogue,subtlety,6,4,2
28049,Sapntapx,malganis,384,rogue,subtlety,6,4,2
28050,Invokesap,area-52,384,rogue,subtlety,6,4,2
28051,Prepcoin,malganis,384,rogue,subtlety,6,4,2
28052,Malgoria,tichondrius,384,rogue,subtlety,6,4,2
28053,Brocolini,zuljin,384,rogue,subtlety,6,4,2
28054,Donpeon,hellscream,384,rogue,subtlety,6,4,2
28055,Suggmadi,stormrage,384,rogue,subtlety,6,4,2
28056,Bootimus,illidan,384,rogue,subtlety,6,4,2
28057,Wrldstars,illidan,384,rogue,subtlety,6,4,2
28058,Memnõch,emerald-dream,384,rogue,subtlety,6,4,2
28059,Astutý,illidan,384,rogue,subtlety,6,4,2
28060,Unoshade,illidan,384,rogue,subtlety,6,4,2
28061,Sinary,cenarion-circle,384,rogue,subtlety,6,4,2
28062,Exacerbatê,mannoroth,384,rogue,subtlety,6,4,2
28063,Seerenai,moon-guard,384,rogue,subtlety,6,4,2
28064,Thèllè,sargeras,384,rogue,subtlety,6,4,2
28065,Siyeong,tichondrius,384,rogue,subtlety,6,4,2
28066,Smang,mugthol,384,rogue,subtlety,6,4,2
28067,Qq,doomhammer,384,rogue,subtlety,6,4,2
28068,ßackshots,kelthuzad,384,rogue,subtlety,6,4,2
28069,Nightcloud,tichondrius,384,rogue,subtlety,6,4,2
28070,Dåve,tichondrius,384,rogue,subtlety,6,4,2
28071,Altaureen,thrall,384,rogue,subtlety,6,4,2
28072,Gøblìn,tichondrius,384,rogue,subtlety,12,4,8
28073,Seutobinhaa,stormrage,384,rogue,subtlety,12,4,8
28074,Zzffqsm,tichondrius,384,rogue,subtlety,12,4,8
28075,Morpheûs,tichondrius,384,rogue,subtlety,12,4,8
28076,Flankks,sargeras,384,rogue,subtlety,12,4,8
28077,Freshcakes,darkspear,384,rogue,subtlety,12,4,8
28078,Blackstabyth,thrall,384,rogue,subtlety,12,4,8
28079,ßaltø,bleeding-hollow,384,rogue,subtlety,12,4,8
28080,Muggzy,emerald-dream,384,rogue,subtlety,12,4,8
28081,Twinkasz,nemesis,384,rogue,subtlety,12,4,8
28082,Miamiganster,lothar,384,rogue,subtlety,12,4,8
28083,Ntshaav,illidan,384,rogue,subtlety,12,4,8
28084,Elishadowed,proudmoore,384,rogue,subtlety,12,4,8
28085,Restinpeacex,bleeding-hollow,384,rogue,subtlety,12,4,8
28086,Tàlion,emerald-dream,384,rogue,subtlety,12,4,8
28087,Lazaruslong,stormrage,384,rogue,subtlety,12,4,8
28088,Mercaderps,frostmourne,384,rogue,subtlety,12,4,8
28089,Oksanaastan,tichondrius,384,rogue,subtlety,18,4,14
28090,Schnozz,lightbringer,383,rogue,subtlety,6,4,2
28091,Freego,quelthalas,383,rogue,subtlety,6,4,2
28092,Betrayerz,darkspear,383,rogue,subtlety,12,4,8
28093,Ràinê,dalaran,383,rogue,subtlety,12,4,8
28094,Hènnéssy,frostmourne,383,rogue,subtlety,12,4,8
28095,Maewyn,aerie-peak,383,rogue,subtlety,13,4,9
28096,Toxiccarnage,ghostlands,383,rogue,subtlety,14,4,10
28097,Shadowpunx,nemesis,382,rogue,subtlety,6,4,2
28098,Knife,moon-guard,381,rogue,subtlety,12,4,8
28099,Jjp,tichondrius,367,rogue,subtlety,11,4,7
28100,Sinice,draka,351,rogue,subtlety,8,5,3
28101,Samuraii,zuljin,335,rogue,subtlety,11,4,7
28102,Idsapdat,illidan,330,rogue,subtlety,9,6,3
28103,Peeryl,daggerspine,327,rogue,subtlety,15,5,10
28104,Rawdawged,illidan,320,rogue,subtlety,16,4,12
28105,Grima,azralon,319,rogue,subtlety,14,4,10
28106,Shadowreapz,barthilas,288,rogue,subtlety,6,3,3
28107,Roguish,kiljaeden,288,rogue,subtlety,6,3,3
28108,Dìngapoof,tichondrius,288,rogue,subtlety,6,3,3
28109,Antijax,stormrage,288,rogue,subtlety,6,3,3
28110,Castsequence,khaz-modan,288,rogue,subtlety,6,3,3
28111,Schneric,stormrage,288,rogue,subtlety,6,3,3
28112,Hemorrhages,tichondrius,288,rogue,subtlety,6,3,3
28113,Yamillpgk,ragnaros,288,rogue,subtlety,6,3,3
28114,Støné,azjolnerub,288,rogue,subtlety,6,3,3
28115,Junemylove,tichondrius,288,rogue,subtlety,6,3,3
28116,Raidei,elune,288,rogue,subtlety,6,3,3
28117,Anbuartist,dalaran,288,rogue,subtlety,6,3,3
28118,Gongarn,thrall,288,rogue,subtlety,6,3,3
28119,Ãnimefãnx,moon-guard,288,rogue,subtlety,6,3,3
28120,Vellkann,azralon,288,rogue,subtlety,6,3,3
28121,Leftyleaf,proudmoore,288,rogue,subtlety,6,3,3
28122,Stunjunky,area-52,288,rogue,subtlety,6,3,3
28123,Sinfate,bleeding-hollow,288,rogue,subtlety,6,3,3
28124,Isonlydosex,tichondrius,288,rogue,subtlety,6,3,3
28125,Yurkarogue,tichondrius,288,rogue,subtlety,6,3,3
28126,Luolan,kargath,288,rogue,subtlety,6,3,3
28127,Metalz,exodar,288,rogue,subtlety,6,3,3
28128,Screwzx,tichondrius,288,rogue,subtlety,6,3,3
28129,Sit,frostwolf,288,rogue,subtlety,6,3,3
28130,Creayuncle,area-52,288,rogue,subtlety,6,3,3
28131,Amatoxin,tichondrius,288,rogue,subtlety,6,3,3
28132,Gåñðøñ,stormscale,288,rogue,subtlety,6,3,3
28133,Reverel,tichondrius,288,rogue,subtlety,6,3,3
28134,Snackable,tichondrius,288,rogue,subtlety,6,3,3
28135,Thargal,tichondrius,288,rogue,subtlety,6,3,3
28136,Zurza,proudmoore,288,rogue,subtlety,6,3,3
28137,Dödoubleg,stormrage,288,rogue,subtlety,6,3,3
28138,Ralæriel,wyrmrest-accord,288,rogue,subtlety,6,3,3
28139,Zarrth,malganis,288,rogue,subtlety,6,3,3
28140,Draiygo,nerzhul,288,rogue,subtlety,6,3,3
28141,Zefeckz,tichondrius,288,rogue,subtlety,6,3,3
28142,Tonjuras,uther,288,rogue,subtlety,6,3,3
28143,Cron,arygos,288,rogue,subtlety,6,3,3
28144,Saulgoodz,tichondrius,288,rogue,subtlety,6,3,3
28145,Bumboklaat,bleeding-hollow,288,rogue,subtlety,6,3,3
28146,Commodore,arthas,288,rogue,subtlety,6,3,3
28147,Taraminkadot,sargeras,288,rogue,subtlety,9,4,5
28148,Siniel,scarlet-crusade,288,rogue,subtlety,9,4,5
28149,ßutthead,malganis,288,rogue,subtlety,7,3,4
28150,Veatrix,zuljin,288,rogue,subtlety,12,3,9
28151,Yülia,skywall,288,rogue,subtlety,12,3,9
28152,Bumpamoose,aggramar,288,rogue,subtlety,12,3,9
28153,Maløkeirø,stormrage,288,rogue,subtlety,12,3,9
28154,Terala,perenolde,288,rogue,subtlety,12,3,9
28155,Corchô,moon-guard,288,rogue,subtlety,12,3,9
28156,Yottsu,proudmoore,288,rogue,subtlety,12,3,9
28157,Grinz,sargeras,288,rogue,subtlety,12,3,9
28158,Zapersapp,malygos,288,rogue,subtlety,12,3,9
28159,Hogstradamus,malganis,288,rogue,subtlety,12,3,9
28160,Jexy,barthilas,288,rogue,subtlety,12,3,9
28161,Miloandotis,malganis,288,rogue,subtlety,12,3,9
28162,Carpe,barthilas,288,rogue,subtlety,12,3,9
28163,Relaxsingh,tichondrius,288,rogue,subtlety,18,3,15
28164,Wolfmans,trollbane,287,rogue,subtlety,6,3,3
28165,Framsteg,kelthuzad,287,rogue,subtlety,6,3,3
28166,Witherblade,area-52,287,rogue,subtlety,6,3,3
28167,Urukzog,ragnaros,287,rogue,subtlety,6,3,3
28168,Minnicent,amanthul,287,rogue,subtlety,18,3,15
28169,Cerebrian,malygos,286,rogue,subtlety,6,3,3
28170,Tareduwu,area-52,286,rogue,subtlety,18,3,15
28171,Samllnuts,area-52,285,rogue,subtlety,12,3,9
28172,Notlim,azralon,240,rogue,subtlety,9,3,6
28173,Wulfcrest,moon-guard,239,rogue,subtlety,5,3,2
28174,Uncleblinker,proudmoore,239,rogue,subtlety,5,3,2
28175,Youngdraco,tichondrius,239,rogue,subtlety,5,3,2
28176,Radagon,fenris,234,rogue,subtlety,9,4,5
28177,Dogpaws,moon-guard,192,rogue,subtlety,4,3,1
28178,Tigbits,frostmourne,192,rogue,subtlety,9,3,6
28179,Jsnlol,zuljin,192,rogue,subtlety,6,2,4
28180,ßecomeðeath,tichondrius,192,rogue,subtlety,6,2,4
28181,Mãtthew,tichondrius,192,rogue,subtlety,6,2,4
28182,Smakkey,tichondrius,192,rogue,subtlety,6,2,4
28183,Boredomkills,frostmane,192,rogue,subtlety,6,2,4
28184,Sathrion,zuljin,192,rogue,subtlety,6,2,4
28185,Yourhomieaj,tichondrius,192,rogue,subtlety,6,2,4
28186,Meadview,bleeding-hollow,192,rogue,subtlety,6,2,4
28187,Sapsis,shandris,192,rogue,subtlety,6,2,4
28188,Nubes,illidan,192,rogue,subtlety,6,2,4
28189,Pootymunchin,daggerspine,192,rogue,subtlety,6,2,4
28190,Draef,illidan,192,rogue,subtlety,6,2,4
28191,Toomuchcap,aggramar,192,rogue,subtlety,6,2,4
28192,Teribád,area-52,192,rogue,subtlety,6,2,4
28193,Elvesnknives,stormrage,192,rogue,subtlety,6,2,4
28194,Jujudaddy,sargeras,192,rogue,subtlety,6,2,4
28195,Smolblade,nordrassil,192,rogue,subtlety,6,2,4
28196,Kami,kelthuzad,192,rogue,subtlety,6,2,4
28197,Runescape,frostmourne,192,rogue,subtlety,6,2,4
28198,Heegawn,proudmoore,192,rogue,subtlety,6,2,4
28199,Badonka,aggramar,192,rogue,subtlety,6,2,4
28200,Xyltann,bleeding-hollow,192,rogue,subtlety,6,2,4
28201,Antmang,bleeding-hollow,192,rogue,subtlety,6,2,4
28202,Chêckmatê,darkspear,192,rogue,subtlety,6,2,4
28203,Wyyre,hyjal,192,rogue,subtlety,6,2,4
28204,Gzl,frostmourne,192,rogue,subtlety,6,2,4
28205,Shankmcganks,chogall,192,rogue,subtlety,6,2,4
28206,Stateless,kelthuzad,192,rogue,subtlety,6,2,4
28207,Surplus,stormscale,192,rogue,subtlety,6,2,4
28208,Notty,kelthuzad,192,rogue,subtlety,6,2,4
28209,Reflexiv,malganis,192,rogue,subtlety,6,2,4
28210,Pouet,caelestrasz,192,rogue,subtlety,6,2,4
28211,Lmorningstar,altar-of-storms,192,rogue,subtlety,6,2,4
28212,Joegamer,sargeras,192,rogue,subtlety,6,2,4
28213,Jeezy,shadowmoon,192,rogue,subtlety,6,2,4
28214,Wètdream,sargeras,192,rogue,subtlety,6,2,4
28215,Söda,emerald-dream,192,rogue,subtlety,6,2,4
28216,Slycndice,tortheldrin,192,rogue,subtlety,6,2,4
28217,Picaropanda,quelthalas,192,rogue,subtlety,6,2,4
28218,Dions,ragnaros,192,rogue,subtlety,6,2,4
28219,Coalie,tichondrius,192,rogue,subtlety,6,2,4
28220,Nemoye,tichondrius,192,rogue,subtlety,6,2,4
28221,Grue,gundrak,192,rogue,subtlety,6,2,4
28222,Åaron,thrall,192,rogue,subtlety,6,2,4
28223,Macklittle,area-52,192,rogue,subtlety,6,2,4
28224,Slíçk,tichondrius,192,rogue,subtlety,6,2,4
28225,Lennysnephew,tichondrius,192,rogue,subtlety,6,2,4
28226,Tothegravetv,sargeras,192,rogue,subtlety,6,2,4
28227,Kahlx,azralon,192,rogue,subtlety,6,2,4
28228,Brustent,icecrown,192,rogue,subtlety,6,2,4
28229,Lenik,azuremyst,192,rogue,subtlety,6,2,4
28230,Nlynn,veknilash,192,rogue,subtlety,6,2,4
28231,Letsgobranon,sargeras,192,rogue,subtlety,6,2,4
28232,Rehze,area-52,192,rogue,subtlety,6,2,4
28233,Jâm,nerzhul,192,rogue,subtlety,6,2,4
28234,Faxingberlin,skullcrusher,192,rogue,subtlety,6,2,4
28235,Sneakyt,shadow-council,192,rogue,subtlety,6,2,4
28236,Terrorstrike,tichondrius,192,rogue,subtlety,6,2,4
28237,Buddymelon,thrall,192,rogue,subtlety,6,2,4
28238,Tìlt,whisperwind,192,rogue,subtlety,6,2,4
28239,Skorsh,wyrmrest-accord,192,rogue,subtlety,6,2,4
28240,Skitsöu,tichondrius,192,rogue,subtlety,6,2,4
28241,Bambooßobby,area-52,192,rogue,subtlety,6,2,4
28242,Icantsleep,tichondrius,192,rogue,subtlety,6,2,4
28243,Xenitech,bleeding-hollow,192,rogue,subtlety,8,2,6
28244,Bâerâ,bloodscalp,192,rogue,subtlety,8,2,6
28245,Flèè,illidan,192,rogue,subtlety,12,2,10
28246,Mitchrogue,barthilas,192,rogue,subtlety,12,2,10
28247,Trinktick,doomhammer,192,rogue,subtlety,12,2,10
28248,Krius,blood-furnace,192,rogue,subtlety,12,2,10
28249,Ezmate,frostmourne,192,rogue,subtlety,12,2,10
28250,Brickjohnson,illidan,192,rogue,subtlety,12,2,10
28251,Barmiah,stormrage,192,rogue,subtlety,12,2,10
28252,Cerel,baelgun,192,rogue,subtlety,12,2,10
28253,Glíz,bloodscalp,192,rogue,subtlety,12,2,10
28254,Zeriek,stormrage,192,rogue,subtlety,12,2,10
28255,Kidcudi,bonechewer,192,rogue,subtlety,12,2,10
28256,Onulyo,tichondrius,192,rogue,subtlety,12,2,10
28257,Kestor,barthilas,192,rogue,subtlety,12,2,10
28258,Zabava,malganis,192,rogue,subtlety,12,2,10
28259,Mccarter,bonechewer,191,rogue,subtlety,6,2,4
28260,Allirra,ragnaros,191,rogue,subtlety,6,2,4
28261,Lancarlorïus,ragnaros,191,rogue,subtlety,6,2,4
28262,Eliasael,moon-guard,159,rogue,subtlety,5,2,3
28263,Suhwooh,area-52,159,rogue,subtlety,5,2,3
28264,Koobbo,tichondrius,159,rogue,subtlety,5,2,3
28265,Opensap,tichondrius,159,rogue,subtlety,5,2,3
28266,Ganksterqt,dentarg,138,rogue,subtlety,10,3,7
28267,Mdrogue,sargeras,128,rogue,subtlety,4,2,2
28268,Cheapdeal,frostmourne,128,rogue,subtlety,4,2,2
28269,Fadedx,darkspear,128,rogue,subtlety,4,2,2
28270,Namig,cenarion-circle,128,rogue,subtlety,4,2,2
28271,Swickwockdus,azralon,112,rogue,subtlety,7,2,5
28272,Amonn,arthas,96,rogue,subtlety,3,2,1
28273,Kidneyisntop,illidan,96,rogue,subtlety,6,1,5
28274,Bonizzi,stormrage,96,rogue,subtlety,6,1,5
28275,Wrin,sargeras,96,rogue,subtlety,6,1,5
28276,Páige,ragnaros,96,rogue,subtlety,6,1,5
28277,Dabrat,frostwolf,96,rogue,subtlety,6,1,5
28278,Mídnìght,aegwynn,96,rogue,subtlety,6,1,5
28279,Yoodoo,nemesis,96,rogue,subtlety,6,1,5
28280,Ironrod,shadowmoon,96,rogue,subtlety,6,1,5
28281,Originkorean,terenas,96,rogue,subtlety,6,1,5
28282,Rotbreath,bleeding-hollow,96,rogue,subtlety,6,1,5
28283,Illidin,executus,96,rogue,subtlety,6,1,5
28284,Sawred,bonechewer,96,rogue,subtlety,6,1,5
28285,Frootylol,stormrage,96,rogue,subtlety,6,1,5
28286,Ivanapavlov,kelthuzad,96,rogue,subtlety,6,1,5
28287,Nevatell,malganis,96,rogue,subtlety,6,1,5
28288,Valekk,stormscale,96,rogue,subtlety,6,1,5
28289,Steffmaister,tichondrius,96,rogue,subtlety,6,1,5
28290,Reurog,garrosh,96,rogue,subtlety,6,1,5
28291,Anadrol,sargeras,96,rogue,subtlety,6,1,5
28292,Skinnymayne,laughing-skull,96,rogue,subtlety,6,1,5
28293,Bloodbrawl,caelestrasz,96,rogue,subtlety,6,1,5
28294,Docheatt,dalaran,96,rogue,subtlety,6,1,5
28295,Twinkrogue,firetree,96,rogue,subtlety,6,1,5
28296,Dedrater,shadowmoon,96,rogue,subtlety,6,1,5
28297,Bloodyblades,blackhand,96,rogue,subtlety,6,1,5
28298,Crypblade,sargeras,96,rogue,subtlety,6,1,5
28299,Studders,kiljaeden,96,rogue,subtlety,6,1,5
28300,Slobernocker,stormrage,96,rogue,subtlety,6,1,5
28301,Cotuffa,drakkari,96,rogue,subtlety,6,1,5
28302,Onetwostep,tichondrius,96,rogue,subtlety,6,1,5
28303,Deepcutz,barthilas,96,rogue,subtlety,6,1,5
28304,Jokerr,proudmoore,96,rogue,subtlety,6,1,5
28305,Satanicrizz,tichondrius,96,rogue,subtlety,6,1,5
28306,Chitovera,tichondrius,96,rogue,subtlety,6,1,5
28307,Quackerjacks,lightnings-blade,96,rogue,subtlety,6,1,5
28308,Macc,khazgoroth,96,rogue,subtlety,6,1,5
28309,Flelfo,quelthalas,96,rogue,subtlety,12,1,11
28310,Uchihà,sargeras,95,rogue,subtlety,6,1,5
28311,Drpibb,ghostlands,63,rogue,subtlety,2,2,0
28312,Saraelith,moon-guard,48,rogue,subtlety,3,1,2
28313,Rocanról,quelthalas,42,rogue,subtlety,6,2,4
28314,Thenelis,dalaran,42,rogue,subtlety,11,2,9
28315,Traumashears,proudmoore,31,rogue,subtlety,2,1,1
28316,Demonioverde,ragnaros,31,rogue,subtlety,2,1,1
28317,Betakong,quelthalas,31,rogue,subtlety,2,1,1
28318,Mirrorx,tichondrius,2136,rogue,assassination,162,81,81
28319,Sllabymkcus,sargeras,2126,rogue,assassination,72,37,35
28320,Larmx,tichondrius,2111,rogue,assassination,78,40,38
28321,Xiaochulol,tichondrius,2039,rogue,assassination,78,40,38
28322,Zarkk,kelthuzad,2017,rogue,assassination,119,57,62
28323,Ånko,tichondrius,1891,rogue,assassination,60,27,33
28324,Alethal,tichondrius,1873,rogue,assassination,60,33,27
28325,Snortedgfuel,drenden,1871,rogue,assassination,48,23,25
28326,Lemon,arygos,1851,rogue,assassination,47,20,27
28327,Poonanixo,frostmourne,1846,rogue,assassination,78,38,40
28328,Feinting,moon-guard,1839,rogue,assassination,76,35,41
28329,Jon,the-venture-co,1838,rogue,assassination,54,27,27
28330,Sio,bleeding-hollow,1837,rogue,assassination,60,30,30
28331,Ajúmma,tichondrius,1831,rogue,assassination,57,23,34
28332,Jjp,tichondrius,1827,rogue,assassination,65,33,32
28333,Köfy,quelthalas,1826,rogue,assassination,72,34,38
28334,Relän,ragnaros,1805,rogue,assassination,59,33,26
28335,Sairak,tichondrius,1804,rogue,assassination,101,49,52
28336,Plumblossomx,tichondrius,1803,rogue,assassination,54,24,30
28337,Slickyo,malganis,1792,rogue,assassination,30,20,10
28338,Alterfate,wyrmrest-accord,1788,rogue,assassination,60,30,30
28339,Bloodlessftw,azralon,1783,rogue,assassination,75,33,42
28340,Thargal,tichondrius,1747,rogue,assassination,60,32,28
28341,Lunatixz,emerald-dream,1723,rogue,assassination,47,24,23
28342,Niarzz,tichondrius,1722,rogue,assassination,60,35,25
28343,Ybby,tichondrius,1714,rogue,assassination,68,34,34
28344,Bellamor,tichondrius,1710,rogue,assassination,90,54,36
28345,Cutercarver,proudmoore,1687,rogue,assassination,60,27,33
28346,Vmoney,draenor,1685,rogue,assassination,30,18,12
28347,Vél,blackrock,1674,rogue,assassination,42,22,20
28348,Whooxx,khazgoroth,1673,rogue,assassination,66,29,37
28349,Riventrix,zuljin,1668,rogue,assassination,59,27,32
28350,Johnnycryp,barthilas,1652,rogue,assassination,53,27,26
28351,Bellicoses,tichondrius,1651,rogue,assassination,155,84,71
28352,Ivanrah,zuljin,1648,rogue,assassination,45,20,25
28353,Rapcher,illidan,1632,rogue,assassination,148,75,73
28354,Doraz,tichondrius,1632,rogue,assassination,102,51,51
28355,Josex,lightbringer,1632,rogue,assassination,48,20,28
28356,Gyutaro,black-dragonflight,1629,rogue,assassination,282,143,139
28357,Sheerlol,stormrage,1626,rogue,assassination,49,24,25
28358,Beaconlight,tichondrius,1624,rogue,assassination,48,20,28
28359,Assassìn,moon-guard,1618,rogue,assassination,48,27,21
28360,Ulley,sargeras,1610,rogue,assassination,50,28,22
28361,Purplechil,garrosh,1610,rogue,assassination,79,38,41
28362,Osuba,proudmoore,1604,rogue,assassination,72,33,39
28363,Elinarra,sargeras,1603,rogue,assassination,42,21,21
28364,Ultranumb,sargeras,1602,rogue,assassination,44,23,21
28365,Lucidstorm,tichondrius,1593,rogue,assassination,30,17,13
28366,Seroth,tichondrius,1590,rogue,assassination,24,17,7
28367,Foreverioi,tichondrius,1589,rogue,assassination,48,27,21
28368,Sparqxx,tichondrius,1589,rogue,assassination,199,100,99
28369,Chêckmatê,darkspear,1589,rogue,assassination,54,25,29
28370,Devstrike,sargeras,1587,rogue,assassination,53,25,28
28371,Isàputàp,tichondrius,1585,rogue,assassination,54,30,24
28372,Katovo,tichondrius,1584,rogue,assassination,36,21,15
28373,Xagreth,illidan,1579,rogue,assassination,40,20,20
28374,Bukaboo,tichondrius,1577,rogue,assassination,24,20,4
28375,Spikiera,silvermoon,1575,rogue,assassination,36,20,16
28376,Garrotte,tichondrius,1574,rogue,assassination,98,44,54
28377,Nsns,drenden,1571,rogue,assassination,143,70,73
28378,Hickery,frostmourne,1571,rogue,assassination,60,26,34
28379,Ãnimefãnx,moon-guard,1564,rogue,assassination,131,64,67
28380,Wxvi,tichondrius,1563,rogue,assassination,54,30,24
28381,Miamiganster,lothar,1550,rogue,assassination,120,54,66
28382,Kenyel,frostmourne,1543,rogue,assassination,84,37,47
28383,Replayz,stormrage,1540,rogue,assassination,78,34,44
28384,Quefist,sargeras,1533,rogue,assassination,38,18,20
28385,Sinepymkcus,illidan,1532,rogue,assassination,36,16,20
28386,Kidneyshiv,stormrage,1531,rogue,assassination,36,20,16
28387,Skeezy,vashj,1523,rogue,assassination,48,17,31
28388,Wujn,tichondrius,1514,rogue,assassination,62,32,30
28389,Tryedge,moon-guard,1512,rogue,assassination,36,19,17
28390,Notjawn,arthas,1507,rogue,assassination,138,74,64
28391,Staabzz,thrall,1505,rogue,assassination,66,27,39
28392,Xilorio,skullcrusher,1496,rogue,assassination,48,24,24
28393,Onetwostep,tichondrius,1492,rogue,assassination,39,17,22
28394,Stabem,moon-guard,1487,rogue,assassination,153,82,71
28395,Kiosh,tichondrius,1485,rogue,assassination,78,36,42
28396,Sizka,sargeras,1483,rogue,assassination,102,48,54
28397,Paraisbae,tichondrius,1480,rogue,assassination,36,20,16
28398,Camlaw,area-52,1477,rogue,assassination,55,26,29
28399,Creamypeach,stormrage,1477,rogue,assassination,51,24,27
28400,Gøblìn,tichondrius,1469,rogue,assassination,91,40,51
28401,Pandrogue,shadowsong,1467,rogue,assassination,36,21,15
28402,Smkgpvp,stormrage,1456,rogue,assassination,29,16,13
28403,Blackmont,bleeding-hollow,1456,rogue,assassination,60,26,34
28404,Cleam,darkspear,1432,rogue,assassination,36,19,17
28405,Coquìn,proudmoore,1429,rogue,assassination,80,39,41
28406,Pirrow,moon-guard,1426,rogue,assassination,46,25,21
28407,Hypnothot,tichondrius,1425,rogue,assassination,108,36,72
28408,Happyslice,stormrage,1415,rogue,assassination,27,16,11
28409,Nightdelphya,azralon,1411,rogue,assassination,42,15,27
28410,Rêdrum,illidan,1411,rogue,assassination,60,19,41
28411,Youwho,kiljaeden,1410,rogue,assassination,87,42,45
28412,Lcl,proudmoore,1400,rogue,assassination,226,114,112
28413,Leônhart,thrall,1399,rogue,assassination,36,16,20
28414,Playmaker,frostwolf,1396,rogue,assassination,156,82,74
28415,Apocalipto,barthilas,1393,rogue,assassination,53,23,30
28416,Páïgèvêntürã,bleeding-hollow,1367,rogue,assassination,32,15,17
28417,Boonee,frostmourne,1363,rogue,assassination,71,33,38
28418,Valråvn,bloodscalp,1359,rogue,assassination,23,15,8
28419,Itokuri,ysera,1341,rogue,assassination,36,16,20
28420,Strîkér,tichondrius,1339,rogue,assassination,31,15,16
28421,Swexee,area-52,1339,rogue,assassination,60,26,34
28422,Røgüë,malganis,1338,rogue,assassination,30,14,16
28423,Wxva,tichondrius,1331,rogue,assassination,30,14,16
28424,Galaily,proudmoore,1329,rogue,assassination,78,36,42
28425,Urukzog,ragnaros,1327,rogue,assassination,36,19,17
28426,Ezmate,frostmourne,1320,rogue,assassination,43,15,28
28427,Shankeez,tichondrius,1319,rogue,assassination,30,14,16
28428,Driprat,area-52,1316,rogue,assassination,24,14,10
28429,Vannisshh,shattered-halls,1315,rogue,assassination,129,60,69
28430,Ninjadoo,tichondrius,1301,rogue,assassination,44,17,27
28431,Powerjuicer,tichondrius,1300,rogue,assassination,66,31,35
28432,Greenlemons,lightnings-blade,1297,rogue,assassination,42,24,18
28433,Kindasorry,illidan,1290,rogue,assassination,54,23,31
28434,Gorgdrake,illidan,1283,rogue,assassination,78,39,39
28435,Aynrand,drakkari,1281,rogue,assassination,36,16,20
28436,Keepitshadow,frostmourne,1279,rogue,assassination,89,45,44
28437,Spooky,bleeding-hollow,1277,rogue,assassination,66,33,33
28438,Doomcore,barthilas,1276,rogue,assassination,41,21,20
28439,Blindfun,emerald-dream,1275,rogue,assassination,33,19,14
28440,Omnìslash,area-52,1274,rogue,assassination,26,15,11
28441,Keylâ,thrall,1264,rogue,assassination,62,33,29
28442,Seengivenchy,zuljin,1262,rogue,assassination,26,14,12
28443,Zirkir,mannoroth,1262,rogue,assassination,32,14,18
28444,Hiddencosts,proudmoore,1260,rogue,assassination,85,41,44
28445,Sinnister,queldorei,1259,rogue,assassination,47,20,27
28446,Grasiel,tichondrius,1257,rogue,assassination,50,20,30
28447,Regios,shadowmoon,1255,rogue,assassination,71,31,40
28448,Lemonlemon,arygos,1247,rogue,assassination,24,13,11
28449,Sênorita,tichondrius,1246,rogue,assassination,36,13,23
28450,Lakeshark,stormrage,1246,rogue,assassination,36,13,23
28451,Worm,demon-soul,1240,rogue,assassination,36,16,20
28452,Roollz,nemesis,1240,rogue,assassination,33,14,19
28453,Dianiss,ragnaros,1234,rogue,assassination,24,13,11
28454,Raskapashan,moon-guard,1229,rogue,assassination,36,13,23
28455,Pst,spirestone,1227,rogue,assassination,24,14,10
28456,Shinobick,kelthuzad,1222,rogue,assassination,30,15,15
28457,Morgoophh,azralon,1208,rogue,assassination,86,44,42
28458,Lórdx,illidan,1189,rogue,assassination,56,25,31
28459,Fakie,quelthalas,1176,rogue,assassination,37,21,16
28460,Beedie,malganis,1169,rogue,assassination,69,31,38
28461,Engels,quelthalas,1168,rogue,assassination,30,13,17
28462,Mìtsuru,proudmoore,1165,rogue,assassination,36,20,16
28463,Jeshka,wyrmrest-accord,1162,rogue,assassination,36,16,20
28464,Indivisible,thunderlord,1160,rogue,assassination,48,26,22
28465,Rizzboy,tichondrius,1153,rogue,assassination,30,13,17
28466,Lycanthropì,illidan,1151,rogue,assassination,18,12,6
28467,Kenteenx,tichondrius,1151,rogue,assassination,30,12,18
28468,Kriszov,moon-guard,1149,rogue,assassination,142,71,71
28469,Lesentixd,stormrage,1149,rogue,assassination,30,12,18
28470,Slycndice,tortheldrin,1148,rogue,assassination,78,45,33
28471,Odetodindel,nerzhul,1146,rogue,assassination,60,32,28
28472,Sergioz,quelthalas,1143,rogue,assassination,54,23,31
28473,Ixìa,vashj,1135,rogue,assassination,30,12,18
28474,Laotrec,nemesis,1126,rogue,assassination,24,12,12
28475,Gogothirteen,kiljaeden,1117,rogue,assassination,30,15,15
28476,Copler,tichondrius,1110,rogue,assassination,48,17,31
28477,Roguepvp,stormrage,1108,rogue,assassination,64,35,29
28478,Nikhlaus,ragnaros,1107,rogue,assassination,24,13,11
28479,Altarys,ragnaros,1103,rogue,assassination,27,15,12
28480,Chingado,kaelthas,1102,rogue,assassination,30,12,18
28481,Dysxliec,dalaran,1101,rogue,assassination,35,12,23
28482,Tortador,quelthalas,1098,rogue,assassination,50,25,25
28483,Smoketoad,tichondrius,1081,rogue,assassination,30,15,15
28484,Cashbigknife,area-52,1061,rogue,assassination,70,28,42
28485,Aiden,burning-legion,1056,rogue,assassination,18,11,7
28486,Lycanthropî,illidan,1056,rogue,assassination,24,11,13
28487,Ziggee,sargeras,1055,rogue,assassination,50,25,25
28488,Grafting,tichondrius,1055,rogue,assassination,24,11,13
28489,Nayle,dalaran,1054,rogue,assassination,24,11,13
28490,Zipperx,tichondrius,1053,rogue,assassination,30,11,19
28491,Stuns,azshara,1052,rogue,assassination,18,11,7
28492,Kazzo,tichondrius,1050,rogue,assassination,18,11,7
28493,Adrianstab,dalaran,1049,rogue,assassination,36,19,17
28494,Dothras,stormrage,1047,rogue,assassination,81,37,44
28495,Torshe,sargeras,1046,rogue,assassination,18,11,7
28496,Looprevil,andorhal,1043,rogue,assassination,24,14,10
28497,Osiriko,thunderlord,1028,rogue,assassination,108,57,51
28498,Oddblade,stormrage,1025,rogue,assassination,36,11,25
28499,Skigskag,shadowsong,1024,rogue,assassination,73,34,39
28500,Sheinnér,ragnaros,998,rogue,assassination,25,12,13
28501,Rodanheim,burning-blade,996,rogue,assassination,30,11,19
28502,Roguecity,tichondrius,987,rogue,assassination,106,39,67
28503,Karing,onyxia,977,rogue,assassination,22,11,11
28504,Pegglerogue,fizzcrank,977,rogue,assassination,84,37,47
28505,Headless,dragonmaw,972,rogue,assassination,41,22,19
28506,Jonuts,bleeding-hollow,960,rogue,assassination,18,10,8
28507,Lakeshark,tichondrius,960,rogue,assassination,18,10,8
28508,Dizzymoods,stormrage,960,rogue,assassination,24,10,14
28509,Kents,tichondrius,960,rogue,assassination,24,10,14
28510,Nhic,tichondrius,959,rogue,assassination,24,10,14
28511,Øsi,icecrown,959,rogue,assassination,30,10,20
28512,Cerut,illidan,957,rogue,assassination,18,10,8
28513,Vindzl,azralon,957,rogue,assassination,24,10,14
28514,Snoopdrogado,sargeras,956,rogue,assassination,18,11,7
28515,Zamorant,emerald-dream,956,rogue,assassination,48,10,38
28516,Average,burning-blade,954,rogue,assassination,27,10,17
28517,Sangreale,nemesis,953,rogue,assassination,18,10,8
28518,Pál,quelthalas,950,rogue,assassination,18,10,8
28519,Problemchild,rexxar,949,rogue,assassination,24,10,14
28520,Vozzy,proudmoore,947,rogue,assassination,30,17,13
28521,Elithr,nemesis,944,rogue,assassination,18,10,8
28522,Skoorbals,tichondrius,938,rogue,assassination,22,11,11
28523,Atomicgoat,tichondrius,928,rogue,assassination,33,12,21
28524,Teach,illidan,920,rogue,assassination,73,23,50
28525,Papadopolous,zuluhed,917,rogue,assassination,26,11,15
28526,Wolgan,nemesis,916,rogue,assassination,55,25,30
28527,Vastørogue,azralon,913,rogue,assassination,37,16,21
28528,Endlesswaltz,zuljin,912,rogue,assassination,27,10,17
28529,Thenelis,dalaran,897,rogue,assassination,43,10,33
28530,Evilsanta,sargeras,893,rogue,assassination,25,10,15
28531,Criptoniø,azralon,879,rogue,assassination,24,11,13
28532,Unlucký,sargeras,864,rogue,assassination,12,9,3
28533,Ahjii,malganis,864,rogue,assassination,30,9,21
28534,Brendantko,arthas,863,rogue,assassination,18,9,9
28535,Whoox,khazgoroth,863,rogue,assassination,30,9,21
28536,Mcskipa,sargeras,862,rogue,assassination,12,9,3
28537,Chakarr,stormrage,861,rogue,assassination,12,9,3
28538,Stillsol,stormrage,861,rogue,assassination,12,9,3
28539,Yanhuaa,illidan,861,rogue,assassination,18,9,9
28540,Ballflicker,malganis,857,rogue,assassination,30,9,21
28541,Wreatus,moon-guard,825,rogue,assassination,48,16,32
28542,Píxíedúst,black-dragonflight,812,rogue,assassination,34,10,24
28543,Zxytox,hyjal,806,rogue,assassination,21,10,11
28544,Zapersapp,malygos,803,rogue,assassination,28,10,18
28545,Ôñéèýèdkíñg,stormrage,768,rogue,assassination,12,8,4
28546,Frez,amanthul,768,rogue,assassination,18,8,10
28547,Clairered,tichondrius,768,rogue,assassination,18,8,10
28548,Snakegødx,sargeras,768,rogue,assassination,21,9,12
28549,Exeg,tichondrius,767,rogue,assassination,12,8,4
28550,Kzx,illidan,767,rogue,assassination,12,8,4
28551,Lyliym,frostmourne,767,rogue,assassination,12,8,4
28552,Dockside,stormrage,767,rogue,assassination,12,8,4
28553,Gøblìn,stormrage,767,rogue,assassination,15,9,6
28554,Zetéra,ragnaros,767,rogue,assassination,18,8,10
28555,Shiddlesz,area-52,767,rogue,assassination,18,8,10
28556,Sagatha,bleeding-hollow,767,rogue,assassination,18,8,10
28557,Xshadowt,ragnaros,767,rogue,assassination,24,8,16
28558,Sindor,azralon,767,rogue,assassination,30,8,22
28559,Mylovejunex,tichondrius,766,rogue,assassination,12,8,4
28560,Lakki,chromaggus,766,rogue,assassination,18,8,10
28561,ßackshots,kelthuzad,766,rogue,assassination,18,8,10
28562,Velsad,sargeras,764,rogue,assassination,18,8,10
28563,Hattrìck,area-52,763,rogue,assassination,24,8,16
28564,Picaroxp,drakkari,762,rogue,assassination,12,8,4
28565,Zropi,quelthalas,762,rogue,assassination,24,8,16
28566,Pikacuulo,ragnaros,760,rogue,assassination,31,9,22
28567,Snoor,nemesis,753,rogue,assassination,21,9,12
28568,Killua,dalaran,752,rogue,assassination,18,8,10
28569,Ñovä,tichondrius,750,rogue,assassination,18,8,10
28570,Snub,aerie-peak,713,rogue,assassination,28,8,20
28571,Ghoulzer,tichondrius,704,rogue,assassination,10,8,2
28572,Superharry,tichondrius,702,rogue,assassination,22,8,14
28573,Shninzy,senjin,672,rogue,assassination,12,7,5
28574,Skitsöu,tichondrius,672,rogue,assassination,12,7,5
28575,Sotypical,area-52,672,rogue,assassination,12,7,5
28576,Chriseanrock,illidan,672,rogue,assassination,12,7,5
28577,Jaganz,stormrage,672,rogue,assassination,12,7,5
28578,Nogodplsno,stormrage,672,rogue,assassination,18,7,11
28579,Elwynë,tichondrius,672,rogue,assassination,18,7,11
28580,Mydearest,tichondrius,672,rogue,assassination,18,7,11
28581,Shyzuku,drakkari,672,rogue,assassination,18,7,11
28582,Helecho,tichondrius,672,rogue,assassination,18,7,11
28583,Khrezin,tichondrius,672,rogue,assassination,18,7,11
28584,Zaszune,stormrage,672,rogue,assassination,18,7,11
28585,Wongcha,darkspear,672,rogue,assassination,18,7,11
28586,Sanozü,azralon,672,rogue,assassination,18,7,11
28587,Alizashea,stormrage,671,rogue,assassination,12,7,5
28588,Ambushr,tichondrius,671,rogue,assassination,12,7,5
28589,Deepman,gorefiend,671,rogue,assassination,12,7,5
28590,Løgîc,tichondrius,671,rogue,assassination,12,7,5
28591,Johnthefum,malganis,671,rogue,assassination,18,7,11
28592,Ezzdeath,tichondrius,671,rogue,assassination,18,7,11
28593,Showclass,stormrage,671,rogue,assassination,18,7,11
28594,Tìnkerton,wyrmrest-accord,671,rogue,assassination,24,7,17
28595,Cjayy,bleeding-hollow,670,rogue,assassination,18,7,11
28596,Jagó,malganis,669,rogue,assassination,18,7,11
28597,Respia,proudmoore,668,rogue,assassination,18,7,11
28598,Sinistro,bleeding-hollow,667,rogue,assassination,12,7,5
28599,Jakkov,blackrock,666,rogue,assassination,18,7,11
28600,Slickdude,stormrage,666,rogue,assassination,24,7,17
28601,Kiorz,tichondrius,665,rogue,assassination,12,7,5
28602,Slootslayer,azshara,662,rogue,assassination,18,7,11
28603,Lambs,blackhand,623,rogue,assassination,11,7,4
28604,Runakó,kelthuzad,623,rogue,assassination,11,7,4
28605,Pochomän,ragnaros,618,rogue,assassination,16,9,7
28606,Onulyo,tichondrius,618,rogue,assassination,16,8,8
28607,Núm,tichondrius,618,rogue,assassination,21,8,13
28608,Hookahrogue,area-52,576,rogue,assassination,6,6,0
28609,Stabasaurus,blood-furnace,576,rogue,assassination,12,6,6
28610,Mosedz,tichondrius,576,rogue,assassination,12,6,6
28611,Viicky,ghostlands,576,rogue,assassination,12,6,6
28612,Olé,azralon,576,rogue,assassination,12,6,6
28613,Turec,illidan,576,rogue,assassination,12,6,6
28614,Luriél,stormrage,576,rogue,assassination,12,6,6
28615,Jaywas,tichondrius,576,rogue,assassination,12,6,6
28616,Bloodygoat,area-52,576,rogue,assassination,12,6,6
28617,Twoheaded,frostmourne,576,rogue,assassination,12,6,6
28618,Wansuiye,tichondrius,576,rogue,assassination,18,6,12
28619,Slipperydog,jubeithos,576,rogue,assassination,18,6,12
28620,Çõvìd,malganis,576,rogue,assassination,30,6,24
28621,Cox,bleeding-hollow,575,rogue,assassination,6,6,0
28622,Blaçkout,thrall,575,rogue,assassination,12,6,6
28623,Robinsony,tichondrius,575,rogue,assassination,12,6,6
28624,Theblindsap,dalaran,575,rogue,assassination,12,6,6
28625,Vendëttä,quelthalas,575,rogue,assassination,12,6,6
28626,Sgnome,quelthalas,575,rogue,assassination,18,6,12
28627,Manersi,akama,575,rogue,assassination,18,6,12
28628,Eldan,moon-guard,575,rogue,assassination,24,6,18
28629,Aurrora,kiljaeden,574,rogue,assassination,17,6,11
28630,Mcvillain,kelthuzad,573,rogue,assassination,12,6,6
28631,Daggerback,bleeding-hollow,571,rogue,assassination,9,7,2
28632,Escape,elune,571,rogue,assassination,12,6,6
28633,Akalio,laughing-skull,571,rogue,assassination,18,6,12
28634,Addvilpm,wyrmrest-accord,570,rogue,assassination,12,6,6
28635,Vitalz,bloodscalp,568,rogue,assassination,18,6,12
28636,Annastasiya,moon-guard,568,rogue,assassination,18,6,12
28637,Euweu,azralon,567,rogue,assassination,18,6,12
28638,Tiptoez,bleeding-hollow,565,rogue,assassination,12,6,6
28639,Hellwolf,azgalor,565,rogue,assassination,13,6,7
28640,Drpepzi,tichondrius,565,rogue,assassination,24,6,18
28641,Genève,dreadmaul,526,rogue,assassination,11,6,5
28642,Purcius,moon-guard,480,rogue,assassination,6,5,1
28643,Lvx,frostmourne,480,rogue,assassination,6,5,1
28644,Pwnsauce,frostmourne,480,rogue,assassination,7,5,2
28645,Enyr,frostmourne,480,rogue,assassination,12,5,7
28646,Madge,area-52,480,rogue,assassination,12,5,7
28647,Vimit,tichondrius,480,rogue,assassination,12,5,7
28648,Fuzzyslow,stormrage,480,rogue,assassination,12,5,7
28649,Surprises,azralon,480,rogue,assassination,12,5,7
28650,Xalsathoth,sargeras,480,rogue,assassination,12,5,7
28651,Kahlx,azralon,480,rogue,assassination,12,5,7
28652,Breakxcvii,bleeding-hollow,480,rogue,assassination,12,5,7
28653,Stealthdeath,quelthalas,480,rogue,assassination,12,5,7
28654,Tberg,emerald-dream,480,rogue,assassination,12,5,7
28655,Bloore,fizzcrank,480,rogue,assassination,12,5,7
28656,Gomma,stormrage,480,rogue,assassination,12,5,7
28657,Pkkrevolt,archimonde,480,rogue,assassination,16,6,10
28658,Xm,sargeras,480,rogue,assassination,18,5,13
28659,Senpaifuta,proudmoore,479,rogue,assassination,12,5,7
28660,Mashad,moon-guard,479,rogue,assassination,12,5,7
28661,Stepper,aegwynn,479,rogue,assassination,12,5,7
28662,Møfshanks,sargeras,479,rogue,assassination,12,5,7
28663,Meilh,emerald-dream,479,rogue,assassination,12,5,7
28664,Poofhottie,lightbringer,479,rogue,assassination,12,5,7
28665,Eliasael,moon-guard,479,rogue,assassination,15,6,9
28666,Cynalia,sargeras,479,rogue,assassination,15,5,10
28667,Rinestiria,arthas,479,rogue,assassination,18,5,13
28668,Maison,ragnaros,478,rogue,assassination,12,5,7
28669,Villainrogue,stormrage,478,rogue,assassination,12,5,7
28670,Bonizzi,stormrage,478,rogue,assassination,12,5,7
28671,Lethalist,whisperwind,476,rogue,assassination,12,5,7
28672,Killdead,warsong,473,rogue,assassination,12,5,7
28673,Peeryl,daggerspine,472,rogue,assassination,12,5,7
28674,Savagedeeps,stormreaver,472,rogue,assassination,12,5,7
28675,Julius,malganis,447,rogue,assassination,8,6,2
28676,Shizz,tichondrius,447,rogue,assassination,14,6,8
28677,Inaniss,tichondrius,415,rogue,assassination,8,5,3
28678,Minnicent,amanthul,413,rogue,assassination,10,5,5
28679,Betakong,quelthalas,384,rogue,assassination,6,4,2
28680,Ahji,malganis,384,rogue,assassination,6,4,2
28681,Buckbreaker,stormrage,384,rogue,assassination,6,4,2
28682,Schleazy,emerald-dream,384,rogue,assassination,6,4,2
28683,Alavennian,tichondrius,384,rogue,assassination,6,4,2
28684,Venomsnáke,tichondrius,384,rogue,assassination,6,4,2
28685,Yurkarogue,tichondrius,384,rogue,assassination,6,4,2
28686,Arlom,daggerspine,384,rogue,assassination,6,4,2
28687,Kayriss,antonidas,384,rogue,assassination,6,4,2
28688,Kágé,ragnaros,384,rogue,assassination,6,4,2
28689,Fofree,hyjal,384,rogue,assassination,6,4,2
28690,Csguixuan,aerie-peak,384,rogue,assassination,6,4,2
28691,Grima,azralon,384,rogue,assassination,6,4,2
28692,Chokonet,gurubashi,384,rogue,assassination,6,4,2
28693,Taessin,kelthuzad,384,rogue,assassination,6,4,2
28694,Hollowtipzz,tichondrius,384,rogue,assassination,6,4,2
28695,Colom,moon-guard,384,rogue,assassination,6,4,2
28696,Slizard,boulderfist,384,rogue,assassination,6,4,2
28697,Tmpikaboo,tichondrius,384,rogue,assassination,6,4,2
28698,Shigoo,sargeras,384,rogue,assassination,6,4,2
28699,Rîa,area-52,384,rogue,assassination,12,4,8
28700,Ninjamf,bleeding-hollow,384,rogue,assassination,12,4,8
28701,Cryoph,illidan,384,rogue,assassination,12,4,8
28702,Mirâge,illidan,384,rogue,assassination,12,4,8
28703,Shadøw,the-forgotten-coast,384,rogue,assassination,12,4,8
28704,Gridisx,wyrmrest-accord,384,rogue,assassination,12,4,8
28705,Hirian,misha,384,rogue,assassination,12,4,8
28706,Saiine,drenden,384,rogue,assassination,12,4,8
28707,Cv,proudmoore,384,rogue,assassination,12,4,8
28708,Thepitt,stormrage,384,rogue,assassination,12,4,8
28709,Tri,the-underbog,384,rogue,assassination,12,4,8
28710,Kargargar,thrall,384,rogue,assassination,12,4,8
28711,Sillikitti,tichondrius,384,rogue,assassination,12,4,8
28712,Psilocin,sargeras,384,rogue,assassination,12,4,8
28713,Girio,thrall,384,rogue,assassination,12,4,8
28714,Celèphaïs,tichondrius,384,rogue,assassination,12,4,8
28715,Skinnymayne,laughing-skull,384,rogue,assassination,18,4,14
28716,Azrek,sargeras,384,rogue,assassination,18,4,14
28717,Gladlol,stormrage,384,rogue,assassination,18,4,14
28718,Kdrx,thrall,384,rogue,assassination,18,4,14
28719,Nikjawar,illidan,383,rogue,assassination,6,4,2
28720,Ñinjå,alleria,383,rogue,assassination,12,4,8
28721,Corteleve,nemesis,383,rogue,assassination,12,4,8
28722,Steeldiesel,sargeras,383,rogue,assassination,12,4,8
28723,Setsu,sargeras,383,rogue,assassination,13,4,9
28724,Kalandar,moon-guard,382,rogue,assassination,12,4,8
28725,Tralisong,azshara,382,rogue,assassination,12,4,8
28726,Hésta,moon-guard,382,rogue,assassination,12,4,8
28727,Wrinklevoss,proudmoore,382,rogue,assassination,12,4,8
28728,Slobernocker,stormrage,381,rogue,assassination,12,4,8
28729,Sneakyfoot,gorgonnash,374,rogue,assassination,25,4,21
28730,Tolthe,hyjal,351,rogue,assassination,11,4,7
28731,Siniel,scarlet-crusade,336,rogue,assassination,9,4,5
28732,Riggie,turalyon,335,rogue,assassination,11,4,7
28733,Whatsåpp,gallywix,320,rogue,assassination,10,4,6
28734,Coopi,tichondrius,320,rogue,assassination,10,4,6
28735,Pícáróóná,ragnaros,320,rogue,assassination,16,4,12
28736,Xvds,tichondrius,319,rogue,assassination,14,4,10
28737,Ziedrich,frostmourne,318,rogue,assassination,10,4,6
28738,Gulvzer,tichondrius,288,rogue,assassination,6,3,3
28739,Åmg,tichondrius,288,rogue,assassination,6,3,3
28740,Jarcus,aggramar,288,rogue,assassination,6,3,3
28741,Bigtengu,tichondrius,288,rogue,assassination,6,3,3
28742,Steffmaister,tichondrius,288,rogue,assassination,6,3,3
28743,Cron,arygos,288,rogue,assassination,6,3,3
28744,Rýuu,bleeding-hollow,288,rogue,assassination,6,3,3
28745,Dïeb,zuljin,288,rogue,assassination,6,3,3
28746,Lyapunov,tichondrius,288,rogue,assassination,6,3,3
28747,Corrier,tichondrius,288,rogue,assassination,6,3,3
28748,Ncb,bleeding-hollow,288,rogue,assassination,6,3,3
28749,Emvee,kelthuzad,288,rogue,assassination,6,3,3
28750,Mügi,ragnaros,288,rogue,assassination,6,3,3
28751,Toxicplyer,malganis,288,rogue,assassination,6,3,3
28752,Maciota,area-52,288,rogue,assassination,6,3,3
28753,Alkal,stormreaver,288,rogue,assassination,6,3,3
28754,Jannie,rexxar,288,rogue,assassination,6,3,3
28755,Sonymf,frostmourne,288,rogue,assassination,6,3,3
28756,Calebrogue,illidan,288,rogue,assassination,6,3,3
28757,Scarrog,wyrmrest-accord,288,rogue,assassination,6,3,3
28758,Peaches,akama,288,rogue,assassination,6,3,3
28759,Wowamaze,aegwynn,288,rogue,assassination,6,3,3
28760,Kidneyisntop,illidan,288,rogue,assassination,6,3,3
28761,Chipetan,hyjal,288,rogue,assassination,6,3,3
28762,Syxs,sargeras,288,rogue,assassination,6,3,3
28763,Twinkasz,nemesis,288,rogue,assassination,6,3,3
28764,Esraxo,frostmourne,288,rogue,assassination,6,3,3
28765,Saltypwncake,illidan,288,rogue,assassination,6,3,3
28766,Thâïßòÿgøóñ,jubeithos,288,rogue,assassination,6,3,3
28767,Deeshdosh,illidan,288,rogue,assassination,6,3,3
28768,Yenrab,illidan,288,rogue,assassination,6,3,3
28769,Anímosity,darkspear,288,rogue,assassination,6,3,3
28770,Punkyass,azralon,288,rogue,assassination,6,3,3
28771,Mcjagerx,darkspear,288,rogue,assassination,6,3,3
28772,Prodixybn,illidan,288,rogue,assassination,6,3,3
28773,Alithileria,moon-guard,288,rogue,assassination,6,3,3
28774,Kk,dalaran,288,rogue,assassination,6,3,3
28775,Brlsels,azralon,288,rogue,assassination,6,3,3
28776,Joeyzord,stormrage,288,rogue,assassination,12,3,9
28777,Cydonian,ragnaros,288,rogue,assassination,12,3,9
28778,Tìlt,whisperwind,288,rogue,assassination,12,3,9
28779,Arïa,drakkari,288,rogue,assassination,12,3,9
28780,Shortcut,khadgar,288,rogue,assassination,12,3,9
28781,Ereshkigall,ragnaros,288,rogue,assassination,12,3,9
28782,Atulano,wyrmrest-accord,288,rogue,assassination,12,3,9
28783,Trinktick,doomhammer,288,rogue,assassination,12,3,9
28784,Lilgoosie,korgath,288,rogue,assassination,12,3,9
28785,Karmagoodttv,stormrage,288,rogue,assassination,12,3,9
28786,Benielfman,illidan,288,rogue,assassination,12,3,9
28787,Aevaela,duskwood,288,rogue,assassination,12,3,9
28788,Elevorra,frostmourne,288,rogue,assassination,12,3,9
28789,Alttee,proudmoore,288,rogue,assassination,12,3,9
28790,Pintofwoc,area-52,288,rogue,assassination,12,3,9
28791,Sunshinezx,frostmourne,288,rogue,assassination,12,3,9
28792,Chersy,tichondrius,288,rogue,assassination,17,3,14
28793,Loligotyou,stormrage,288,rogue,assassination,18,3,15
28794,Revozy,azralon,287,rogue,assassination,6,3,3
28795,Clipp,wildhammer,287,rogue,assassination,6,3,3
28796,Gilhela,bloodhoof,287,rogue,assassination,6,3,3
28797,Fllokii,arygos,287,rogue,assassination,6,3,3
28798,Moridra,demon-soul,287,rogue,assassination,6,3,3
28799,Lyndra,thunderlord,287,rogue,assassination,12,3,9
28800,Anarusekkusu,wyrmrest-accord,287,rogue,assassination,12,3,9
28801,Olg,arathor,287,rogue,assassination,12,3,9
28802,Sanguinnar,nemesis,285,rogue,assassination,12,3,9
28803,Clothies,zuljin,285,rogue,assassination,12,3,9
28804,Synesh,moon-guard,255,rogue,assassination,11,3,8
28805,Thoxic,barthilas,239,rogue,assassination,5,3,2
28806,Tamsy,the-forgotten-coast,239,rogue,assassination,5,3,2
28807,Walnutrog,area-52,234,rogue,assassination,11,5,6
28808,Pãndã,stormrage,234,rogue,assassination,13,4,9
28809,Skairipa,agamaggan,232,rogue,assassination,7,4,3
28810,Yoodoo,nemesis,192,rogue,assassination,6,2,4
28811,Haeqn,nemesis,192,rogue,assassination,6,2,4
28812,Historymaker,tichondrius,192,rogue,assassination,6,2,4
28813,Jerzs,tichondrius,192,rogue,assassination,6,2,4
28814,Zogbu,stormrage,192,rogue,assassination,6,2,4
28815,Gilbertgr,boulderfist,192,rogue,assassination,6,2,4
28816,Swingonya,stormrage,192,rogue,assassination,6,2,4
28817,Dessenia,illidan,192,rogue,assassination,6,2,4
28818,Slashinsteev,dalaran,192,rogue,assassination,6,2,4
28819,Novarra,tichondrius,192,rogue,assassination,6,2,4
28820,Karmakula,wildhammer,192,rogue,assassination,6,2,4
28821,Katmira,tichondrius,192,rogue,assassination,6,2,4
28822,Cktko,stormrage,192,rogue,assassination,6,2,4
28823,Apssal,tichondrius,192,rogue,assassination,6,2,4
28824,Ganksterqt,dentarg,192,rogue,assassination,6,2,4
28825,Someone,ravencrest,192,rogue,assassination,6,2,4
28826,Karlemagne,blackrock,192,rogue,assassination,6,2,4
28827,Nicknasty,kelthuzad,192,rogue,assassination,6,2,4
28828,Combo,norgannon,192,rogue,assassination,6,2,4
28829,Muffens,alterac-mountains,192,rogue,assassination,6,2,4
28830,Støné,azjolnerub,192,rogue,assassination,6,2,4
28831,Salätzar,quelthalas,192,rogue,assassination,6,2,4
28832,Roguemain,smolderthorn,192,rogue,assassination,6,2,4
28833,Wowslayer,bleeding-hollow,192,rogue,assassination,6,2,4
28834,Swickwockdus,azralon,192,rogue,assassination,6,2,4
28835,Mermm,burning-blade,192,rogue,assassination,6,2,4
28836,Vanishcdc,area-52,192,rogue,assassination,6,2,4
28837,Lesty,kelthuzad,192,rogue,assassination,6,2,4
28838,Bladä,area-52,192,rogue,assassination,6,2,4
28839,Poohkié,malganis,192,rogue,assassination,6,2,4
28840,Thianir,emerald-dream,192,rogue,assassination,6,2,4
28841,Frostheartyy,azralon,192,rogue,assassination,6,2,4
28842,Sneakysharky,frostmourne,192,rogue,assassination,6,2,4
28843,Itskanashi,frostmourne,192,rogue,assassination,6,2,4
28844,Tagerung,malganis,192,rogue,assassination,6,2,4
28845,Ssjseem,sargeras,192,rogue,assassination,6,2,4
28846,Quickflash,bloodhoof,192,rogue,assassination,6,2,4
28847,Kellthzard,goldrinn,192,rogue,assassination,6,2,4
28848,Roguegirl,alexstrasza,192,rogue,assassination,6,2,4
28849,Ilesire,frostmourne,192,rogue,assassination,6,2,4
28850,Darkfalleng,azralon,192,rogue,assassination,6,2,4
28851,Jaanmonty,frostmourne,192,rogue,assassination,6,2,4
28852,Sellers,tichondrius,192,rogue,assassination,6,2,4
28853,Escurecer,azralon,192,rogue,assassination,6,2,4
28854,Ennmaa,azralon,192,rogue,assassination,6,2,4
28855,Zaozaa,frostmourne,192,rogue,assassination,6,2,4
28856,Miloandotis,malganis,192,rogue,assassination,6,2,4
28857,Gentlesaop,blackrock,192,rogue,assassination,6,2,4
28858,Liridor,quelthalas,192,rogue,assassination,11,2,9
28859,Youngtugger,daggerspine,192,rogue,assassination,11,2,9
28860,Pleodonis,tichondrius,192,rogue,assassination,12,2,10
28861,Bloodwish,tichondrius,192,rogue,assassination,12,2,10
28862,Geradyn,stormrage,192,rogue,assassination,12,2,10
28863,Slowtime,quelthalas,192,rogue,assassination,12,2,10
28864,Subculture,emerald-dream,192,rogue,assassination,12,2,10
28865,Nikosneako,tichondrius,192,rogue,assassination,12,2,10
28866,Alts,tichondrius,192,rogue,assassination,12,2,10
28867,Nines,icecrown,192,rogue,assassination,12,2,10
28868,Seltzie,bleeding-hollow,192,rogue,assassination,12,2,10
28869,Impkasn,tichondrius,192,rogue,assassination,12,2,10
28870,Cryptixx,blades-edge,191,rogue,assassination,6,2,4
28871,Diatonic,illidan,191,rogue,assassination,6,2,4
28872,Cretos,jaedenar,191,rogue,assassination,6,2,4
28873,Swiftbones,burning-blade,191,rogue,assassination,6,2,4
28874,Dabrat,frostwolf,191,rogue,assassination,12,2,10
28875,Donpablò,area-52,175,rogue,assassination,11,2,9
28876,ßalto,bleeding-hollow,160,rogue,assassination,10,2,8
28877,Vandalyze,sargeras,159,rogue,assassination,5,2,3
28878,Xavar,malganis,159,rogue,assassination,5,2,3
28879,Stâbitha,bloodscalp,138,rogue,assassination,20,4,16
28880,Canesuckr,stormrage,96,rogue,assassination,6,1,5
28881,Nubes,illidan,96,rogue,assassination,6,1,5
28882,Lululee,tichondrius,96,rogue,assassination,6,1,5
28883,Nebiroth,illidan,96,rogue,assassination,6,1,5
28884,Preceptor,azralon,96,rogue,assassination,6,1,5
28885,Sevrow,wyrmrest-accord,96,rogue,assassination,6,1,5
28886,Assakiller,azralon,96,rogue,assassination,6,1,5
28887,Touchthetip,bleeding-hollow,96,rogue,assassination,6,1,5
28888,Bubbski,area-52,96,rogue,assassination,6,1,5
28889,Buhuhbles,area-52,96,rogue,assassination,6,1,5
28890,Ràinê,dalaran,96,rogue,assassination,6,1,5
28891,Ntshaav,illidan,96,rogue,assassination,6,1,5
28892,Rokkhan,blackrock,96,rogue,assassination,6,1,5
28893,Greased,arthas,96,rogue,assassination,6,1,5
28894,Twotimed,magtheridon,96,rogue,assassination,6,1,5
28895,Finlander,area-52,96,rogue,assassination,6,1,5
28896,Clicksbtns,area-52,96,rogue,assassination,6,1,5
28897,Mõtaru,stormrage,96,rogue,assassination,6,1,5
28898,Saintjon,bleeding-hollow,96,rogue,assassination,6,1,5
28899,Nightmarës,frostmourne,96,rogue,assassination,6,1,5
28900,Khlapncheeks,emerald-dream,96,rogue,assassination,6,1,5
28901,Flinchyy,dalaran,96,rogue,assassination,6,1,5
28902,Burtonee,aegwynn,96,rogue,assassination,6,1,5
28903,Icantsleep,tichondrius,96,rogue,assassination,6,1,5
28904,Scylas,stormrage,96,rogue,assassination,6,1,5
28905,Docheatt,dalaran,96,rogue,assassination,6,1,5
28906,Twinkrogue,firetree,96,rogue,assassination,6,1,5
28907,Bourrasque,frostmourne,96,rogue,assassination,6,1,5
28908,Harlyquinn,barthilas,96,rogue,assassination,6,1,5
28909,Slycraft,gorgonnash,96,rogue,assassination,6,1,5
28910,Stêf,zuljin,96,rogue,assassination,6,1,5
28911,Zitihait,amanthul,96,rogue,assassination,6,1,5
28912,Lu,lethon,96,rogue,assassination,6,1,5
28913,Rykojin,sargeras,96,rogue,assassination,6,1,5
28914,Meritra,ragnaros,96,rogue,assassination,6,1,5
28915,Darkdessoft,ragnaros,96,rogue,assassination,6,1,5
28916,Sømeøne,malygos,96,rogue,assassination,6,1,5
28917,Wuzi,azralon,96,rogue,assassination,6,1,5
28918,Kiskapolyus,thrall,96,rogue,assassination,6,1,5
28919,Brianä,quelthalas,96,rogue,assassination,6,1,5
28920,Rafikaa,ragnaros,96,rogue,assassination,6,1,5
28921,Deathxx,destromath,96,rogue,assassination,6,1,5
28922,Yohigo,quelthalas,96,rogue,assassination,6,1,5
28923,Moiatropos,ragnaros,96,rogue,assassination,6,1,5
28924,Combøz,tichondrius,96,rogue,assassination,6,1,5
28925,Vladtsepesh,stormrage,96,rogue,assassination,12,1,11
28926,Keljadian,black-dragonflight,96,rogue,assassination,12,1,11
28927,Kistef,tichondrius,96,rogue,assassination,12,1,11
28928,Voidbrain,area-52,96,rogue,assassination,12,1,11
28929,Véndéttá,area-52,96,rogue,assassination,12,1,11
28930,Karparog,ragnaros,96,rogue,assassination,12,1,11
28931,Xô,lothar,96,rogue,assassination,12,1,11
28932,Radiantrogue,nordrassil,79,rogue,assassination,5,1,4
28933,Averagepimpn,tichondrius,79,rogue,assassination,5,1,4
28934,Stabbindude,illidan,48,rogue,assassination,3,1,2
28935,Botches,bonechewer,48,rogue,assassination,3,1,2
28936,Sûshì,tichondrius,48,rogue,assassination,9,1,8
28937,Naoyuki,stormrage,42,rogue,assassination,7,2,5
28938,Ajy,tichondrius,31,rogue,assassination,2,1,1
28939,Najmoiran,area-52,31,rogue,assassination,2,1,1
28940,Ascherx,illidan,16,rogue,assassination,1,1,0
28941,Iissham,darkspear,2192,shaman,restoration,152,87,65
28942,Spagetje,tichondrius,2189,shaman,restoration,191,105,86
28943,Xtremeorc,area-52,2159,shaman,restoration,66,39,27
28944,Plewt,zuljin,2150,shaman,restoration,130,70,60
28945,Dyllbar,tichondrius,2138,shaman,restoration,110,57,53
28946,Aameng,tichondrius,2136,shaman,restoration,102,54,48
28947,Tréway,area-52,2135,shaman,restoration,66,41,25
28948,Skipperx,thrall,2134,shaman,restoration,72,43,29
28949,Restobyte,moon-guard,2124,shaman,restoration,72,44,28
28950,Akwesy,stormrage,2114,shaman,restoration,95,54,41
28951,Shamaen,kelthuzad,2107,shaman,restoration,86,51,35
28952,Selketh,area-52,2107,shaman,restoration,79,46,33
28953,Zavoky,tichondrius,2096,shaman,restoration,114,65,49
28954,Svanteson,wyrmrest-accord,2073,shaman,restoration,120,62,58
28955,Vicioushands,illidan,2047,shaman,restoration,66,37,29
28956,Kantok,quelthalas,2031,shaman,restoration,77,48,29
28957,Timpossible,tichondrius,2030,shaman,restoration,320,165,155
28958,Itsallgoodx,tichondrius,2008,shaman,restoration,114,55,59
28959,Ilavayoualot,malganis,2006,shaman,restoration,130,62,68
28960,Smlz,garrosh,1998,shaman,restoration,68,38,30
28961,Sizure,frostmourne,1998,shaman,restoration,124,64,60
28962,Corianderism,tichondrius,1982,shaman,restoration,77,40,37
28963,Ravaburst,sargeras,1975,shaman,restoration,72,36,36
28964,Berquon,tichondrius,1974,shaman,restoration,78,40,38
28965,Lötus,tichondrius,1966,shaman,restoration,92,50,42
28966,Abovesky,proudmoore,1955,shaman,restoration,150,72,78
28967,Breuer,tichondrius,1951,shaman,restoration,122,60,62
28968,Samyeh,tichondrius,1947,shaman,restoration,53,35,18
28969,Boyfromhell,stormrage,1941,shaman,restoration,97,47,50
28970,Cruv,thrall,1936,shaman,restoration,96,47,49
28971,Jangbi,malganis,1934,shaman,restoration,246,129,117
28972,Menc,frostmourne,1924,shaman,restoration,114,56,58
28973,Laji,cairne,1923,shaman,restoration,168,90,78
28974,Terapatrik,area-52,1921,shaman,restoration,164,84,80
28975,Kurtcx,tichondrius,1920,shaman,restoration,159,82,77
28976,Bigbadsac,frostmourne,1920,shaman,restoration,114,58,56
28977,Slimdavey,tichondrius,1916,shaman,restoration,155,86,69
28978,Oryxx,kiljaeden,1912,shaman,restoration,78,36,42
28979,Plorenz,illidan,1905,shaman,restoration,54,34,20
28980,Nepos,dragonmaw,1891,shaman,restoration,66,34,32
28981,Yungtooth,emerald-dream,1890,shaman,restoration,53,29,24
28982,Däbü,tichondrius,1887,shaman,restoration,84,40,44
28983,Smrtdeath,zuljin,1884,shaman,restoration,53,30,23
28984,Stormtitan,malganis,1881,shaman,restoration,86,42,44
28985,Gragomga,area-52,1877,shaman,restoration,102,51,51
28986,Tisaa,illidan,1876,shaman,restoration,30,20,10
28987,Yooseafood,tichondrius,1871,shaman,restoration,54,31,23
28988,Madoka,llane,1870,shaman,restoration,54,31,23
28989,Dehsaw,illidan,1867,shaman,restoration,96,50,46
28990,Bozzyy,illidan,1865,shaman,restoration,66,37,29
28991,Hulan,tichondrius,1865,shaman,restoration,36,20,16
28992,Kellogsz,malganis,1864,shaman,restoration,96,43,53
28993,Ratedpvp,thrall,1862,shaman,restoration,159,93,66
28994,Laydboiyo,tichondrius,1861,shaman,restoration,66,32,34
28995,Hódoong,tichondrius,1857,shaman,restoration,46,24,22
28996,Peyn,shadowsong,1856,shaman,restoration,54,31,23
28997,Bômi,tichondrius,1856,shaman,restoration,172,90,82
28998,Badshock,tichondrius,1855,shaman,restoration,42,32,10
28999,Moistbeans,tichondrius,1854,shaman,restoration,48,26,22
29000,Oridean,area-52,1854,shaman,restoration,42,22,20
29001,Baodan,azshara,1847,shaman,restoration,83,42,41
29002,Moldymeatbox,emerald-dream,1847,shaman,restoration,96,47,49
29003,Oceangrown,emerald-dream,1847,shaman,restoration,45,22,23
29004,Blackpïnk,tichondrius,1846,shaman,restoration,155,83,72
29005,Helga,hellscream,1845,shaman,restoration,48,29,19
29006,Nemix,barthilas,1844,shaman,restoration,42,27,15
29007,Shamcena,the-scryers,1842,shaman,restoration,51,28,23
29008,Üchihamadarâ,tichondrius,1841,shaman,restoration,49,30,19
29009,Shamanbini,tichondrius,1839,shaman,restoration,47,26,21
29010,Chocopuff,bleeding-hollow,1838,shaman,restoration,66,33,33
29011,Erwin,bonechewer,1837,shaman,restoration,154,90,64
29012,Waymond,khadgar,1837,shaman,restoration,80,44,36
29013,Crazyshamañ,akama,1837,shaman,restoration,53,27,26
29014,Caibeeshammy,tichondrius,1835,shaman,restoration,162,77,85
29015,Stylesp,tichondrius,1833,shaman,restoration,60,32,28
29016,Wanghaisham,kelthuzad,1830,shaman,restoration,123,63,60
29017,Chobawn,tichondrius,1829,shaman,restoration,60,32,28
29018,Bluekid,barthilas,1828,shaman,restoration,54,30,24
29019,Beyoncé,lethon,1826,shaman,restoration,53,30,23
29020,Hathul,bleeding-hollow,1826,shaman,restoration,60,33,27
29021,Vlly,tichondrius,1826,shaman,restoration,59,27,32
29022,Tuskcrusher,dalaran,1825,shaman,restoration,72,30,42
29023,Ogctkoy,illidan,1824,shaman,restoration,102,51,51
29024,Gjök,nemesis,1824,shaman,restoration,54,22,32
29025,Cryochemist,tichondrius,1819,shaman,restoration,29,23,6
29026,Bigspaghetti,thrall,1818,shaman,restoration,66,31,35
29027,Totempack,stormrage,1817,shaman,restoration,54,26,28
29028,Chairstain,kelthuzad,1816,shaman,restoration,60,33,27
29029,Eboy,thrall,1816,shaman,restoration,67,33,34
29030,Papatooties,tichondrius,1815,shaman,restoration,202,97,105
29031,Ogran,stormscale,1815,shaman,restoration,54,25,29
29032,Chomang,stormreaver,1814,shaman,restoration,96,47,49
29033,Shawmen,zuljin,1813,shaman,restoration,181,100,81
29034,Ericzlassoz,tichondrius,1812,shaman,restoration,66,42,24
29035,Dantheman,twisting-nether,1810,shaman,restoration,42,23,19
29036,Waterbro,tichondrius,1809,shaman,restoration,101,57,44
29037,Meatballs,kirin-tor,1809,shaman,restoration,62,31,31
29038,Desee,bleeding-hollow,1809,shaman,restoration,54,27,27
29039,Orochisháman,stormrage,1808,shaman,restoration,42,22,20
29040,Ookmetide,bleeding-hollow,1807,shaman,restoration,52,29,23
29041,Willy,icecrown,1807,shaman,restoration,87,44,43
29042,Nediar,tichondrius,1805,shaman,restoration,30,23,7
29043,Totemgripper,moon-guard,1804,shaman,restoration,65,39,26
29044,Hydrocheck,tichondrius,1804,shaman,restoration,94,54,40
29045,Astrøcyte,tichondrius,1804,shaman,restoration,96,46,50
29046,Nanosec,tichondrius,1803,shaman,restoration,36,23,13
29047,Cmsi,tichondrius,1803,shaman,restoration,42,23,19
29048,Huáxià,tichondrius,1802,shaman,restoration,60,32,28
29049,Nktx,tichondrius,1800,shaman,restoration,118,66,52
29050,Zaapi,dalaran,1800,shaman,restoration,108,60,48
29051,Nazugresha,bleeding-hollow,1800,shaman,restoration,42,23,19
29052,Shockmematty,tichondrius,1798,shaman,restoration,36,25,11
29053,Shanasty,bleeding-hollow,1797,shaman,restoration,54,29,25
29054,Inmø,ragnaros,1797,shaman,restoration,36,19,17
29055,Hodoongs,tichondrius,1797,shaman,restoration,49,23,26
29056,Cigaretter,tichondrius,1793,shaman,restoration,56,25,31
29057,Mybbro,kiljaeden,1792,shaman,restoration,87,42,45
29058,Nayro,bleeding-hollow,1787,shaman,restoration,378,206,172
29059,Baseballcap,sargeras,1781,shaman,restoration,54,28,26
29060,Booramqt,tichondrius,1780,shaman,restoration,47,27,20
29061,Semtechs,tichondrius,1777,shaman,restoration,246,117,129
29062,Blazingtotem,dunemaul,1775,shaman,restoration,125,64,61
29063,Splashz,illidan,1768,shaman,restoration,65,31,34
29064,Stórmstruck,area-52,1767,shaman,restoration,48,29,19
29065,Kimflo,tichondrius,1767,shaman,restoration,285,138,147
29066,Bobbybigdam,tichondrius,1752,shaman,restoration,93,50,43
29067,Mandleman,tichondrius,1751,shaman,restoration,128,73,55
29068,Magma,spirestone,1747,shaman,restoration,96,61,35
29069,Gatorwavez,bleeding-hollow,1746,shaman,restoration,89,51,38
29070,Warríed,sargeras,1746,shaman,restoration,59,29,30
29071,Toazty,stormscale,1745,shaman,restoration,75,44,31
29072,Mastashamsta,illidan,1745,shaman,restoration,48,25,23
29073,Blackfancy,thrall,1744,shaman,restoration,56,32,24
29074,Chessyc,ragnaros,1739,shaman,restoration,48,21,27
29075,Tokuma,illidan,1738,shaman,restoration,52,26,26
29076,Petzah,barthilas,1736,shaman,restoration,42,20,22
29077,Ozmats,malganis,1734,shaman,restoration,65,32,33
29078,Rantòn,bleeding-hollow,1733,shaman,restoration,59,27,32
29079,Vayces,barthilas,1731,shaman,restoration,182,97,85
29080,Møp,spirestone,1730,shaman,restoration,103,54,49
29081,Haedodae,tichondrius,1727,shaman,restoration,63,25,38
29082,Krazyc,sargeras,1726,shaman,restoration,90,47,43
29083,Suzhixie,akama,1724,shaman,restoration,102,41,61
29084,Phxhouse,illidan,1722,shaman,restoration,324,159,165
29085,Aureal,malganis,1721,shaman,restoration,88,55,33
29086,Patzog,area-52,1718,shaman,restoration,30,18,12
29087,Ribbeye,tichondrius,1717,shaman,restoration,125,63,62
29088,Cardïß,tichondrius,1716,shaman,restoration,30,18,12
29089,Epicthesloth,sargeras,1716,shaman,restoration,47,23,24
29090,Moocatpie,illidan,1715,shaman,restoration,76,45,31
29091,Inpantsment,barthilas,1714,shaman,restoration,151,78,73
29092,Bizzarro,azgalor,1713,shaman,restoration,79,40,39
29093,Sasgöb,illidan,1713,shaman,restoration,65,29,36
29094,Itsyabøiwill,area-52,1712,shaman,restoration,48,30,18
29095,Vrom,whisperwind,1710,shaman,restoration,60,37,23
29096,Kurtxc,tichondrius,1707,shaman,restoration,24,18,6
29097,Shacewoman,altar-of-storms,1706,shaman,restoration,156,71,85
29098,Sìxnìne,tichondrius,1706,shaman,restoration,62,28,34
29099,Tobírama,bleeding-hollow,1705,shaman,restoration,54,23,31
29100,Slm,bleeding-hollow,1704,shaman,restoration,24,18,6
29101,Hustlenflow,tichondrius,1704,shaman,restoration,54,29,25
29102,Kafkaesk,tichondrius,1704,shaman,restoration,54,21,33
29103,Elementz,tichondrius,1703,shaman,restoration,222,116,106
29104,Cpplol,tichondrius,1702,shaman,restoration,41,25,16
29105,Erbicklet,ragnaros,1701,shaman,restoration,148,77,71
29106,Texmawave,moon-guard,1700,shaman,restoration,91,57,34
29107,Groundingtot,hydraxis,1699,shaman,restoration,42,25,17
29108,Lavalavalava,eonar,1699,shaman,restoration,42,18,24
29109,Uncleilli,tichondrius,1699,shaman,restoration,53,20,33
29110,Lingduacn,tichondrius,1698,shaman,restoration,36,18,18
29111,Wtbtotem,tichondrius,1697,shaman,restoration,48,24,24
29112,Wraethy,illidan,1695,shaman,restoration,109,60,49
29113,Scroogz,emerald-dream,1693,shaman,restoration,48,24,24
29114,Horizonsham,stormrage,1690,shaman,restoration,42,25,17
29115,Illiteratex,tichondrius,1689,shaman,restoration,32,19,13
29116,Ittøki,tichondrius,1689,shaman,restoration,41,24,17
29117,Rockzoa,tichondrius,1688,shaman,restoration,60,27,33
29118,Záheer,arthas,1685,shaman,restoration,72,38,34
29119,Solidhomme,tichondrius,1684,shaman,restoration,42,23,19
29120,Belarix,emerald-dream,1682,shaman,restoration,133,59,74
29121,Bizzarra,azshara,1681,shaman,restoration,39,26,13
29122,Ibreakanklez,bleeding-hollow,1681,shaman,restoration,42,20,22
29123,Exshocks,tichondrius,1680,shaman,restoration,42,25,17
29124,Pookiexo,illidan,1677,shaman,restoration,35,22,13
29125,Zoeyzour,illidan,1676,shaman,restoration,144,80,64
29126,Raywhiter,tichondrius,1676,shaman,restoration,62,29,33
29127,Devastaterr,bleeding-hollow,1675,shaman,restoration,84,44,40
29128,Diulama,tichondrius,1673,shaman,restoration,39,28,11
29129,Urga,hyjal,1672,shaman,restoration,36,20,16
29130,Spiritry,tichondrius,1667,shaman,restoration,60,35,25
29131,Chonchastic,darkspear,1666,shaman,restoration,48,23,25
29132,Stonetides,tichondrius,1665,shaman,restoration,48,23,25
29133,Semnicktotem,area-52,1663,shaman,restoration,60,30,30
29134,Bogz,korgath,1663,shaman,restoration,113,51,62
29135,Isagii,stormrage,1662,shaman,restoration,42,26,16
29136,Reppinsix,sargeras,1662,shaman,restoration,58,24,34
29137,Chazzwozza,area-52,1660,shaman,restoration,41,22,19
29138,Bluepigo,tichondrius,1660,shaman,restoration,59,24,35
29139,Lingdusm,tichondrius,1657,shaman,restoration,36,20,16
29140,Zuescannon,kelthuzad,1656,shaman,restoration,84,39,45
29141,Novoz,tichondrius,1653,shaman,restoration,42,24,18
29142,Whameradetu,suramar,1653,shaman,restoration,71,31,40
29143,Svondo,illidan,1652,shaman,restoration,31,21,10
29144,Win,blackwing-lair,1651,shaman,restoration,36,21,15
29145,Bolteon,malganis,1648,shaman,restoration,30,21,9
29146,Nethyxsoy,frostmourne,1648,shaman,restoration,42,29,13
29147,Rollintotems,bleeding-hollow,1648,shaman,restoration,54,23,31
29148,Jizzlewizwiz,tichondrius,1647,shaman,restoration,163,81,82
29149,Jsell,zuljin,1646,shaman,restoration,56,28,28
29150,Flappygooch,illidan,1646,shaman,restoration,84,35,49
29151,Amdshaman,thrall,1645,shaman,restoration,67,37,30
29152,Bigmontana,tichondrius,1644,shaman,restoration,36,21,15
29153,Gabant,azralon,1644,shaman,restoration,42,19,23
29154,Annte,stonemaul,1642,shaman,restoration,46,23,23
29155,Weoo,doomhammer,1642,shaman,restoration,48,23,25
29156,Thunderspark,tichondrius,1641,shaman,restoration,36,24,12
29157,Gordonramsai,sargeras,1641,shaman,restoration,272,148,124
29158,Hoshwear,azralon,1639,shaman,restoration,48,31,17
29159,Beastofmagic,illidan,1638,shaman,restoration,125,68,57
29160,Cheddaman,kiljaeden,1637,shaman,restoration,48,21,27
29161,Singleorigin,tichondrius,1637,shaman,restoration,89,33,56
29162,Bigamez,azuremyst,1636,shaman,restoration,122,71,51
29163,Krilick,blackrock,1635,shaman,restoration,104,57,47
29164,Daddybeaarr,thrall,1635,shaman,restoration,55,25,30
29165,Gjok,nemesis,1634,shaman,restoration,59,20,39
29166,Xruok,kelthuzad,1633,shaman,restoration,33,20,13
29167,Quitnectar,aggramar,1633,shaman,restoration,48,24,24
29168,Dingfu,sargeras,1632,shaman,restoration,153,89,64
29169,Shortbusqt,hyjal,1631,shaman,restoration,42,23,19
29170,Wawsham,tichondrius,1631,shaman,restoration,48,19,29
29171,Eatmymeatbal,illidan,1628,shaman,restoration,53,23,30
29172,Lacid,tichondrius,1627,shaman,restoration,62,40,22
29173,Fujiyama,dark-iron,1626,shaman,restoration,114,63,51
29174,Zeonard,ragnaros,1626,shaman,restoration,64,34,30
29175,Lilgeeh,kelthuzad,1626,shaman,restoration,36,18,18
29176,Grizze,bonechewer,1626,shaman,restoration,90,41,49
29177,Goranzo,emerald-dream,1626,shaman,restoration,54,24,30
29178,Peegee,zuluhed,1626,shaman,restoration,60,24,36
29179,Sin,bleeding-hollow,1625,shaman,restoration,30,17,13
29180,Oldguy,ragnaros,1622,shaman,restoration,59,30,29
29181,Grymn,sargeras,1622,shaman,restoration,136,59,77
29182,Thuntard,bleeding-hollow,1621,shaman,restoration,48,23,25
29183,Pingatronx,ragnaros,1619,shaman,restoration,36,17,19
29184,Héadshot,bleeding-hollow,1619,shaman,restoration,65,28,37
29185,Bigdictuna,sargeras,1616,shaman,restoration,131,74,57
29186,Mitchestic,illidan,1615,shaman,restoration,42,17,25
29187,Montageb,illidan,1614,shaman,restoration,32,23,9
29188,Skoobasteeve,sargeras,1614,shaman,restoration,69,39,30
29189,World,frostmourne,1614,shaman,restoration,47,25,22
29190,Quendella,aggramar,1613,shaman,restoration,42,25,17
29191,Polared,hyjal,1613,shaman,restoration,52,25,27
29192,Skipler,stormrage,1610,shaman,restoration,48,25,23
29193,Drammah,malganis,1610,shaman,restoration,48,19,29
29194,Akheeta,tichondrius,1608,shaman,restoration,51,37,14
29195,Ðoomed,kiljaeden,1608,shaman,restoration,30,19,11
29196,Bubbacheeks,area-52,1608,shaman,restoration,42,23,19
29197,Plzdontlos,illidan,1607,shaman,restoration,113,69,44
29198,Randomshammy,area-52,1606,shaman,restoration,30,17,13
29199,Astrauk,nemesis,1606,shaman,restoration,76,43,33
29200,Raxshock,stormrage,1606,shaman,restoration,42,22,20
29201,Prêttylights,bleeding-hollow,1605,shaman,restoration,30,17,13
29202,Hexrz,area-52,1605,shaman,restoration,42,21,21
29203,Sliditin,tichondrius,1604,shaman,restoration,36,25,11
29204,Oninobu,sargeras,1604,shaman,restoration,28,18,10
29205,Hurú,azralon,1604,shaman,restoration,36,21,15
29206,Kratór,kelthuzad,1603,shaman,restoration,47,31,16
29207,Fernetbrança,ragnaros,1603,shaman,restoration,48,26,22
29208,Telchar,quelthalas,1602,shaman,restoration,102,62,40
29209,Asnalda,emerald-dream,1602,shaman,restoration,51,30,21
29210,Rugmat,tichondrius,1602,shaman,restoration,48,24,24
29211,Purgebotx,bleeding-hollow,1601,shaman,restoration,114,70,44
29212,Foilcap,bonechewer,1600,shaman,restoration,296,144,152
29213,Ddogz,illidan,1600,shaman,restoration,48,21,27
29214,Gulmuwu,zuljin,1599,shaman,restoration,38,22,16
29215,Mastlau,tichondrius,1599,shaman,restoration,30,17,13
29216,Tevya,dalvengyr,1598,shaman,restoration,78,44,34
29217,Tideoverdose,tichondrius,1594,shaman,restoration,36,19,17
29218,Charlesby,tichondrius,1593,shaman,restoration,126,73,53
29219,Shocksauce,tichondrius,1590,shaman,restoration,53,28,25
29220,Tzyorz,illidan,1589,shaman,restoration,54,31,23
29221,Xzxz,sargeras,1588,shaman,restoration,109,60,49
29222,Besylate,illidan,1586,shaman,restoration,80,39,41
29223,Shamsom,tichondrius,1586,shaman,restoration,104,49,55
29224,Kolanji,akama,1585,shaman,restoration,41,22,19
29225,Muggz,sargeras,1585,shaman,restoration,42,19,23
29226,Improvedx,akama,1583,shaman,restoration,41,21,20
29227,Tpokes,sargeras,1580,shaman,restoration,36,18,18
29228,Kromgul,malfurion,1580,shaman,restoration,42,19,23
29229,Turborundat,area-52,1579,shaman,restoration,201,115,86
29230,Flubydont,icecrown,1578,shaman,restoration,48,24,24
29231,Sewerperson,zuljin,1578,shaman,restoration,36,18,18
29232,Ethikas,tichondrius,1577,shaman,restoration,36,20,16
29233,Rynoh,dalaran,1575,shaman,restoration,109,54,55
29234,Rainz,aggramar,1574,shaman,restoration,42,22,20
29235,Arkerus,emerald-dream,1573,shaman,restoration,36,22,14
29236,Dawnyshock,arygos,1573,shaman,restoration,41,19,22
29237,Strives,icecrown,1573,shaman,restoration,48,21,27
29238,Improvize,malganis,1571,shaman,restoration,53,25,28
29239,Rogrim,malganis,1570,shaman,restoration,48,24,24
29240,Sikotics,area-52,1568,shaman,restoration,111,58,53
29241,Moosk,zuluhed,1567,shaman,restoration,51,27,24
29242,Spurske,emerald-dream,1564,shaman,restoration,78,32,46
29243,Bigdampurge,illidan,1563,shaman,restoration,95,49,46
29244,Gyrogg,scilla,1563,shaman,restoration,381,194,187
29245,Waater,lightbringer,1562,shaman,restoration,86,49,37
29246,Bwinthewomb,stormrage,1561,shaman,restoration,136,74,62
29247,Gki,tichondrius,1560,shaman,restoration,37,26,11
29248,Mudlùst,moon-guard,1560,shaman,restoration,62,35,27
29249,Wilmar,ragnaros,1560,shaman,restoration,66,33,33
29250,Intruzionall,barthilas,1558,shaman,restoration,136,72,64
29251,Rulf,proudmoore,1558,shaman,restoration,90,34,56
29252,Bighaircut,darkspear,1555,shaman,restoration,72,33,39
29253,Kimchimi,tichondrius,1553,shaman,restoration,66,41,25
29254,Goatedsham,dalaran,1553,shaman,restoration,65,36,29
29255,Pherolex,tichondrius,1550,shaman,restoration,42,23,19
29256,Tehrani,winterhoof,1550,shaman,restoration,36,18,18
29257,Hwyl,frostmourne,1549,shaman,restoration,60,27,33
29258,Lanzero,chogall,1547,shaman,restoration,42,30,12
29259,Steveyy,frostmourne,1544,shaman,restoration,27,17,10
29260,Tyar,area-52,1543,shaman,restoration,137,64,73
29261,Chainstuff,area-52,1541,shaman,restoration,29,17,12
29262,Santiagodx,ragnaros,1541,shaman,restoration,36,20,16
29263,Akubai,kelthuzad,1537,shaman,restoration,60,30,30
29264,Riptideafk,sargeras,1536,shaman,restoration,48,25,23
29265,Redek,sargeras,1534,shaman,restoration,167,92,75
29266,Namso,tichondrius,1534,shaman,restoration,30,16,14
29267,Mistarklean,malganis,1534,shaman,restoration,99,42,57
29268,Ärtful,illidan,1533,shaman,restoration,30,22,8
29269,Aguinha,azralon,1533,shaman,restoration,60,33,27
29270,Succmytotems,tichondrius,1533,shaman,restoration,69,33,36
29271,Tides,skullcrusher,1533,shaman,restoration,42,18,24
29272,Draidosh,area-52,1532,shaman,restoration,36,23,13
29273,Benta,zuljin,1530,shaman,restoration,64,35,29
29274,Spongemama,tichondrius,1530,shaman,restoration,47,25,22
29275,Rookieshaman,tichondrius,1528,shaman,restoration,24,16,8
29276,Belshiro,sargeras,1528,shaman,restoration,90,39,51
29277,Dogecoincäsh,sargeras,1527,shaman,restoration,46,25,21
29278,Kayadee,stormrage,1527,shaman,restoration,63,29,34
29279,Rinnan,malganis,1524,shaman,restoration,97,48,49
29280,Platewalrus,illidan,1523,shaman,restoration,30,16,14
29281,Hehew,kelthuzad,1523,shaman,restoration,122,61,61
29282,Killercam,maiev,1523,shaman,restoration,207,102,105
29283,Furrytotems,darkspear,1523,shaman,restoration,120,56,64
29284,Kaytahn,proudmoore,1520,shaman,restoration,66,36,30
29285,Rocyt,sargeras,1520,shaman,restoration,66,35,31
29286,Boxfour,tichondrius,1519,shaman,restoration,36,16,20
29287,Hairyrichard,zuljin,1517,shaman,restoration,629,324,305
29288,Jbalvi,ragnaros,1516,shaman,restoration,75,44,31
29289,Freesolo,barthilas,1516,shaman,restoration,152,76,76
29290,Zuralah,nemesis,1515,shaman,restoration,46,25,21
29291,Shamankïng,proudmoore,1512,shaman,restoration,77,40,37
29292,Prowdt,azralon,1511,shaman,restoration,299,153,146
29293,Worldx,barthilas,1511,shaman,restoration,84,40,44
29294,Heniu,tichondrius,1511,shaman,restoration,36,16,20
29295,Shamansrock,tichondrius,1509,shaman,restoration,36,16,20
29296,Gemoz,tichondrius,1508,shaman,restoration,24,16,8
29297,Draüguss,azralon,1508,shaman,restoration,72,35,37
29298,Shamxrob,sargeras,1507,shaman,restoration,72,42,30
29299,Plâto,stormrage,1507,shaman,restoration,30,16,14
29300,Gattious,illidan,1507,shaman,restoration,48,25,23
29301,Trapghost,cenarius,1506,shaman,restoration,87,41,46
29302,Packspiritqt,tichondrius,1505,shaman,restoration,42,21,21
29303,Shulace,area-52,1505,shaman,restoration,36,17,19
29304,Harigomi,tichondrius,1504,shaman,restoration,112,56,56
29305,Randomshammy,stormrage,1504,shaman,restoration,54,27,27
29306,Cokehealsx,tichondrius,1503,shaman,restoration,30,16,14
29307,Agharn,moon-guard,1503,shaman,restoration,51,26,25
29308,Shadowz,alexstrasza,1502,shaman,restoration,30,18,12
29309,Foragorn,stormrage,1502,shaman,restoration,103,47,56
29310,Rsdyxjh,tichondrius,1502,shaman,restoration,45,19,26
29311,Drekkhal,area-52,1498,shaman,restoration,54,30,24
29312,Ban,blackrock,1498,shaman,restoration,39,21,18
29313,Hachikø,frostmourne,1498,shaman,restoration,54,25,29
29314,Yarl,ragnaros,1497,shaman,restoration,30,19,11
29315,Elementàlius,quelthalas,1497,shaman,restoration,71,32,39
29316,Mentyb,emerald-dream,1491,shaman,restoration,42,16,26
29317,Hyonkh,tichondrius,1487,shaman,restoration,77,45,32
29318,Cultsulyvahn,tichondrius,1487,shaman,restoration,43,21,22
29319,Kaaying,tichondrius,1487,shaman,restoration,43,17,26
29320,Pawbed,aegwynn,1484,shaman,restoration,58,34,24
29321,Chitoss,gorgonnash,1484,shaman,restoration,59,30,29
29322,Thegil,tichondrius,1484,shaman,restoration,72,32,40
29323,ßread,illidan,1484,shaman,restoration,56,21,35
29324,Trenhance,stormrage,1481,shaman,restoration,30,23,7
29325,Krewesham,uldaman,1481,shaman,restoration,28,17,11
29326,Wuruizec,illidan,1481,shaman,restoration,47,23,24
29327,Abellone,tichondrius,1480,shaman,restoration,33,17,16
29328,Ryukims,tichondrius,1477,shaman,restoration,35,17,18
29329,Defac,proudmoore,1475,shaman,restoration,72,42,30
29330,Maxchungie,azshara,1475,shaman,restoration,30,16,14
29331,Angelabaaby,proudmoore,1475,shaman,restoration,60,28,32
29332,Yossarabi,bleeding-hollow,1475,shaman,restoration,54,23,31
29333,Brainal,sargeras,1472,shaman,restoration,60,25,35
29334,Pissticles,bleeding-hollow,1471,shaman,restoration,150,75,75
29335,Neosham,frostwolf,1470,shaman,restoration,42,16,26
29336,Ballistíc,boulderfist,1468,shaman,restoration,60,34,26
29337,Philbert,boulderfist,1466,shaman,restoration,42,25,17
29338,Shockszz,onyxia,1466,shaman,restoration,108,50,58
29339,Ãrthor,stormrage,1464,shaman,restoration,66,37,29
29340,Hirah,frostmourne,1460,shaman,restoration,23,16,7
29341,Smartakkar,emerald-dream,1460,shaman,restoration,57,36,21
29342,Nilstorm,quelthalas,1458,shaman,restoration,72,38,34
29343,Kwzy,stormrage,1457,shaman,restoration,51,26,25
29344,Goatpornbad,sargeras,1457,shaman,restoration,96,44,52
29345,Tizz,quelthalas,1456,shaman,restoration,112,54,58
29346,Whoshealing,lightninghoof,1455,shaman,restoration,66,35,31
29347,Harth,zuljin,1454,shaman,restoration,72,40,32
29348,Ssaotizi,tichondrius,1454,shaman,restoration,196,91,105
29349,Totemgoddess,nemesis,1453,shaman,restoration,42,20,22
29350,Carltonbanks,aggramar,1452,shaman,restoration,36,18,18
29351,Tidalstorm,ragnaros,1450,shaman,restoration,90,52,38
29352,Mkyz,tichondrius,1450,shaman,restoration,52,28,24
29353,Enalen,argent-dawn,1449,shaman,restoration,57,34,23
29354,Buffduude,shadowsong,1449,shaman,restoration,48,22,26
29355,Bluedynamite,tichondrius,1449,shaman,restoration,42,18,24
29356,Hugebrain,proudmoore,1448,shaman,restoration,118,48,70
29357,Bazinguinha,azralon,1445,shaman,restoration,36,19,17
29358,Subnôize,bleeding-hollow,1444,shaman,restoration,44,30,14
29359,Joltik,area-52,1444,shaman,restoration,173,84,89
29360,Rumkin,malganis,1443,shaman,restoration,72,40,32
29361,Vzla,ragnaros,1443,shaman,restoration,78,41,37
29362,Milkkshake,illidan,1443,shaman,restoration,250,116,134
29363,Vanklayser,ragnaros,1440,shaman,restoration,72,34,38
29364,Nezzuk,quelthalas,1439,shaman,restoration,42,22,20
29365,Breadx,khaz-modan,1439,shaman,restoration,30,15,15
29366,Miketheseal,bleeding-hollow,1437,shaman,restoration,36,15,21
29367,Glocksitotem,malganis,1436,shaman,restoration,63,37,26
29368,Creatine,area-52,1436,shaman,restoration,71,37,34
29369,Tenyks,tichondrius,1436,shaman,restoration,51,26,25
29370,Halfinha,nemesis,1436,shaman,restoration,157,76,81
29371,Sarkhanvol,aggramar,1435,shaman,restoration,24,17,7
29372,Dawny,arygos,1435,shaman,restoration,36,15,21
29373,Siyusm,illidan,1435,shaman,restoration,60,21,39
29374,Ghomragar,antonidas,1434,shaman,restoration,24,15,9
29375,Wardruna,andorhal,1434,shaman,restoration,24,15,9
29376,Lustlolol,korgath,1433,shaman,restoration,75,33,42
29377,Geser,silvermoon,1432,shaman,restoration,44,26,18
29378,Insertyzs,azralon,1431,shaman,restoration,66,36,30
29379,Kabasan,illidan,1431,shaman,restoration,60,27,33
29380,Totem,burning-legion,1431,shaman,restoration,36,16,20
29381,Fatherrtime,illidan,1430,shaman,restoration,48,26,22
29382,Erthshawk,wildhammer,1429,shaman,restoration,60,30,30
29383,Fierymoo,frostmourne,1429,shaman,restoration,36,15,21
29384,Totembarx,illidan,1428,shaman,restoration,42,29,13
29385,Duregar,tichondrius,1425,shaman,restoration,24,15,9
29386,Wuargh,area-52,1423,shaman,restoration,214,114,100
29387,Kelta,kelthuzad,1423,shaman,restoration,30,15,15
29388,Naweiv,caelestrasz,1422,shaman,restoration,30,15,15
29389,Samanl,tichondrius,1420,shaman,restoration,77,44,33
29390,Cinematticz,tichondrius,1420,shaman,restoration,101,51,50
29391,Pýe,bleeding-hollow,1420,shaman,restoration,42,21,21
29392,Slothstorm,barthilas,1419,shaman,restoration,59,31,28
29393,Springtide,thrall,1416,shaman,restoration,53,26,27
29394,Djshammy,barthilas,1414,shaman,restoration,80,42,38
29395,Bearmanshrek,tichondrius,1414,shaman,restoration,72,26,46
29396,Tawahka,hyjal,1412,shaman,restoration,179,87,92
29397,Bitxxnumber,tichondrius,1411,shaman,restoration,175,94,81
29398,Enflexi,lightbringer,1411,shaman,restoration,53,26,27
29399,Tundertotem,tichondrius,1410,shaman,restoration,57,32,25
29400,Orkwa,bleeding-hollow,1410,shaman,restoration,68,32,36
29401,Catchclause,eonar,1409,shaman,restoration,30,15,15
29402,Fuzzymuzzy,illidan,1407,shaman,restoration,30,15,15
29403,Pèpé,sargeras,1405,shaman,restoration,32,19,13
29404,Zizö,barthilas,1404,shaman,restoration,42,19,23
29405,Trúnks,magtheridon,1402,shaman,restoration,48,27,21
29406,Supdaug,vashj,1402,shaman,restoration,66,32,34
29407,Buffdestru,azralon,1401,shaman,restoration,95,55,40
29408,Sploosh,norgannon,1401,shaman,restoration,36,20,16
29409,Bluetooth,stormrage,1401,shaman,restoration,89,39,50
29410,Ironcrag,moon-guard,1398,shaman,restoration,200,102,98
29411,Stylesp,area-52,1396,shaman,restoration,125,58,67
29412,Mlpz,black-dragonflight,1395,shaman,restoration,42,22,20
29413,Circuits,malganis,1395,shaman,restoration,35,18,17
29414,Drinkharder,stormrage,1395,shaman,restoration,34,16,18
29415,Arginine,tichondrius,1395,shaman,restoration,42,15,27
29416,Kachupinsito,ragnaros,1394,shaman,restoration,79,42,37
29417,Prøduce,tichondrius,1393,shaman,restoration,45,27,18
29418,Kakiscala,proudmoore,1393,shaman,restoration,30,16,14
29419,ßøvîn,thrall,1393,shaman,restoration,71,36,35
29420,Windfrenzy,thrall,1392,shaman,restoration,36,15,21
29421,Nomediocur,moknathal,1390,shaman,restoration,59,23,36
29422,Rizam,malganis,1389,shaman,restoration,42,33,9
29423,Shaquillius,tichondrius,1389,shaman,restoration,36,17,19
29424,Amperage,spirestone,1387,shaman,restoration,46,22,24
29425,Soowecide,tichondrius,1387,shaman,restoration,60,23,37
29426,Elex,frostmourne,1386,shaman,restoration,36,15,21
29427,Shazik,spirestone,1386,shaman,restoration,54,21,33
29428,Fungus,firetree,1384,shaman,restoration,42,23,19
29429,Fishman,exodar,1382,shaman,restoration,101,45,56
29430,Onepunchsham,illidan,1382,shaman,restoration,70,31,39
29431,Çruces,illidan,1381,shaman,restoration,36,17,19
29432,Lanuur,moon-guard,1379,shaman,restoration,54,31,23
29433,Kephax,eonar,1378,shaman,restoration,69,34,35
29434,Kiojin,ragnaros,1375,shaman,restoration,180,97,83
29435,Voluptuous,mannoroth,1374,shaman,restoration,301,150,151
29436,Praxis,tichondrius,1374,shaman,restoration,142,70,72
29437,Jensenx,proudmoore,1374,shaman,restoration,82,38,44
29438,Kandin,icecrown,1373,shaman,restoration,71,36,35
29439,Kirawindu,zuljin,1371,shaman,restoration,42,25,17
29440,Kaili,illidan,1370,shaman,restoration,41,25,16
29441,Gromgrai,bleeding-hollow,1368,shaman,restoration,53,30,23
29442,Charmize,azralon,1366,shaman,restoration,60,32,28
29443,Krevsham,proudmoore,1364,shaman,restoration,56,23,33
29444,Ralinta,tichondrius,1364,shaman,restoration,77,27,50
29445,Wooskier,tichondrius,1363,shaman,restoration,45,25,20
29446,Ryùko,proudmoore,1363,shaman,restoration,60,19,41
29447,Fwwrs,illidan,1359,shaman,restoration,25,16,9
29448,Sàuron,tichondrius,1359,shaman,restoration,37,20,17
29449,Wyått,emerald-dream,1359,shaman,restoration,95,43,52
29450,Fàrrò,thrall,1355,shaman,restoration,30,20,10
29451,Alexustexas,tichondrius,1353,shaman,restoration,30,16,14
29452,Message,agamaggan,1353,shaman,restoration,546,270,276
29453,Tumble,frostmourne,1352,shaman,restoration,105,51,54
29454,Køtømine,ragnaros,1349,shaman,restoration,58,36,22
29455,Chandye,proudmoore,1348,shaman,restoration,72,27,45
29456,Orjamba,barthilas,1347,shaman,restoration,29,17,12
29457,Daddyk,gnomeregan,1347,shaman,restoration,53,30,23
29458,Crittingbull,veknilash,1347,shaman,restoration,88,42,46
29459,Lildunny,tichondrius,1346,shaman,restoration,36,15,21
29460,Kultirio,quelthalas,1344,shaman,restoration,61,32,29
29461,Elemen,quelthalas,1344,shaman,restoration,97,48,49
29462,Unchaman,ragnaros,1344,shaman,restoration,50,19,31
29463,Jîneth,tichondrius,1343,shaman,restoration,24,14,10
29464,Esqueue,sargeras,1343,shaman,restoration,24,14,10
29465,Squimbert,tichondrius,1343,shaman,restoration,30,14,16
29466,Muscleyuan,tichondrius,1342,shaman,restoration,35,14,21
29467,Camer,sargeras,1341,shaman,restoration,18,14,4
29468,Fluxxy,tichondrius,1341,shaman,restoration,36,14,22
29469,Xoweeknd,bleeding-hollow,1340,shaman,restoration,30,14,16
29470,Nyathera,barthilas,1339,shaman,restoration,42,24,18
29471,Durogh,darkspear,1336,shaman,restoration,36,14,22
29472,Shakrakhan,tichondrius,1335,shaman,restoration,30,14,16
29473,Boggins,dalaran,1334,shaman,restoration,42,21,21
29474,Aseew,drakkari,1334,shaman,restoration,66,31,35
29475,Libragirl,tichondrius,1334,shaman,restoration,42,18,24
29476,Azhen,ragnaros,1333,shaman,restoration,102,51,51
29477,Goobie,crushridge,1332,shaman,restoration,18,14,4
29478,Zinns,dalaran,1332,shaman,restoration,30,15,15
29479,Jazzlightnin,tichondrius,1331,shaman,restoration,36,14,22
29480,Leca,tichondrius,1328,shaman,restoration,30,14,16
29481,Huroth,proudmoore,1328,shaman,restoration,42,14,28
29482,Brongar,bleeding-hollow,1327,shaman,restoration,42,14,28
29483,Meatballer,queldorei,1325,shaman,restoration,77,42,35
29484,Crazytotems,dalaran,1325,shaman,restoration,106,55,51
29485,Ginkuma,illidan,1325,shaman,restoration,30,14,16
29486,Afgoox,tichondrius,1324,shaman,restoration,84,47,37
29487,Gangzmmsk,tichondrius,1322,shaman,restoration,18,14,4
29488,Zuljiba,illidan,1322,shaman,restoration,60,35,25
29489,Restosud,crushridge,1320,shaman,restoration,30,18,12
29490,Sittinn,malganis,1320,shaman,restoration,30,14,16
29491,Infsham,hyjal,1320,shaman,restoration,60,27,33
29492,Cleanfossil,stormrage,1319,shaman,restoration,41,24,17
29493,Eekumbokum,bleeding-hollow,1318,shaman,restoration,50,29,21
29494,Bearlysober,draka,1318,shaman,restoration,44,24,20
29495,Badião,azralon,1318,shaman,restoration,131,58,73
29496,Clutchinbuds,malganis,1318,shaman,restoration,48,21,27
29497,Xaltas,moon-guard,1314,shaman,restoration,24,16,8
29498,Vibration,akama,1312,shaman,restoration,78,41,37
29499,Barbosina,stormrage,1311,shaman,restoration,220,113,107
29500,Ithappens,senjin,1310,shaman,restoration,30,16,14
29501,Reuxxe,area-52,1310,shaman,restoration,149,74,75
29502,Entropey,daggerspine,1310,shaman,restoration,30,14,16
29503,Zetli,tichondrius,1310,shaman,restoration,48,19,29
29504,Orlá,moon-guard,1310,shaman,restoration,54,18,36
29505,Hefestos,nemesis,1309,shaman,restoration,30,14,16
29506,Absorblife,barthilas,1309,shaman,restoration,69,31,38
29507,Toteapole,malganis,1308,shaman,restoration,76,42,34
29508,Aelwydx,quelthalas,1307,shaman,restoration,239,124,115
29509,Feldstar,stormrage,1306,shaman,restoration,95,43,52
29510,Torgah,tichondrius,1305,shaman,restoration,90,44,46
29511,Genjuu,proudmoore,1304,shaman,restoration,42,20,22
29512,Wunderwaffe,the-underbog,1303,shaman,restoration,46,22,24
29513,Hüsky,dalaran,1303,shaman,restoration,42,14,28
29514,Tumble,barthilas,1302,shaman,restoration,52,26,26
29515,Badgeshock,area-52,1301,shaman,restoration,108,48,60
29516,Cæl,azralon,1300,shaman,restoration,35,20,15
29517,Bigtoy,frostmane,1296,shaman,restoration,42,14,28
29518,Hicys,azralon,1292,shaman,restoration,38,23,15
29519,Slaggdaddy,durotan,1292,shaman,restoration,30,14,16
29520,Thunderborn,laughing-skull,1292,shaman,restoration,30,14,16
29521,Derkx,thrall,1289,shaman,restoration,24,20,4
29522,Graveman,illidan,1289,shaman,restoration,75,37,38
29523,Aviator,muradin,1288,shaman,restoration,36,19,17
29524,Belgrom,tichondrius,1287,shaman,restoration,42,23,19
29525,Drazic,area-52,1286,shaman,restoration,49,28,21
29526,Mynigabob,zuljin,1285,shaman,restoration,148,83,65
29527,Shamorrhoids,frostmourne,1285,shaman,restoration,137,70,67
29528,Ketaminedrip,illidan,1284,shaman,restoration,42,22,20
29529,Stargun,korgath,1284,shaman,restoration,147,76,71
29530,Alraxion,ragnaros,1281,shaman,restoration,84,41,43
29531,Ulala,azshara,1280,shaman,restoration,72,31,41
29532,Hasselshock,area-52,1280,shaman,restoration,94,40,54
29533,Aemi,tichondrius,1279,shaman,restoration,102,45,57
29534,Youneverknow,frostmourne,1278,shaman,restoration,137,68,69
29535,Noobcrits,tichondrius,1276,shaman,restoration,24,14,10
29536,Mudeng,tichondrius,1276,shaman,restoration,60,30,30
29537,Retgarr,tichondrius,1272,shaman,restoration,30,17,13
29538,Foodlust,sargeras,1272,shaman,restoration,108,57,51
29539,Tákhisis,darkspear,1271,shaman,restoration,72,33,39
29540,Angelicrain,stormrage,1269,shaman,restoration,30,16,14
29541,Thomastides,tichondrius,1268,shaman,restoration,78,36,42
29542,Pushaheal,tichondrius,1267,shaman,restoration,42,23,19
29543,Aceshamm,kelthuzad,1265,shaman,restoration,42,20,22
29544,Joocer,emerald-dream,1265,shaman,restoration,60,27,33
29545,Shiestys,tichondrius,1264,shaman,restoration,33,23,10
29546,Shohzegky,azralon,1264,shaman,restoration,91,40,51
29547,Defnotheals,kelthuzad,1261,shaman,restoration,84,38,46
29548,Menah,moon-guard,1260,shaman,restoration,36,20,16
29549,Hauby,zuljin,1259,shaman,restoration,48,15,33
29550,Shimansham,aegwynn,1258,shaman,restoration,155,74,81
29551,Jaandar,saurfang,1257,shaman,restoration,72,36,36
29552,Woodrose,frostmourne,1257,shaman,restoration,52,24,28
29553,Tedmosbe,tichondrius,1257,shaman,restoration,78,32,46
29554,Ragerax,trollbane,1254,shaman,restoration,23,16,7
29555,Brislin,sargeras,1252,shaman,restoration,105,51,54
29556,Mishalla,tichondrius,1252,shaman,restoration,60,22,38
29557,Luto,tichondrius,1251,shaman,restoration,130,71,59
29558,Blodbar,kiljaeden,1249,shaman,restoration,36,24,12
29559,Peppito,illidan,1249,shaman,restoration,45,27,18
29560,Watchmytrem,ragnaros,1249,shaman,restoration,60,20,40
29561,Evilabev,bonechewer,1248,shaman,restoration,24,13,11
29562,Toroph,azralon,1248,shaman,restoration,30,16,14
29563,Bigwave,zuluhed,1248,shaman,restoration,30,15,15
29564,Tôôz,stormrage,1247,shaman,restoration,18,13,5
29565,Drfentanylx,emerald-dream,1247,shaman,restoration,24,13,11
29566,Krishshammy,azshara,1247,shaman,restoration,100,48,52
29567,Moorgl,tichondrius,1246,shaman,restoration,24,13,11
29568,Funkesapien,tichondrius,1246,shaman,restoration,24,13,11
29569,Tacho,bleeding-hollow,1246,shaman,restoration,34,15,19
29570,Hooldcool,tichondrius,1245,shaman,restoration,77,41,36
29571,Tayictwo,tichondrius,1244,shaman,restoration,24,13,11
29572,Shoxx,wyrmrest-accord,1243,shaman,restoration,24,13,11
29573,Nyf,khazgoroth,1243,shaman,restoration,24,13,11
29574,Jsoto,ghostlands,1243,shaman,restoration,30,13,17
29575,Colterr,thunderhorn,1242,shaman,restoration,24,13,11
29576,Sharmut,bleeding-hollow,1242,shaman,restoration,117,59,58
29577,Harbert,black-dragonflight,1240,shaman,restoration,36,17,19
29578,Maserati,korialstrasz,1240,shaman,restoration,54,23,31
29579,Shamfold,illidan,1239,shaman,restoration,24,13,11
29580,Jnzz,area-52,1239,shaman,restoration,24,13,11
29581,Beefstocks,area-52,1238,shaman,restoration,66,32,34
29582,Lastdwarf,tichondrius,1237,shaman,restoration,18,13,5
29583,Shamakazi,tichondrius,1237,shaman,restoration,31,14,17
29584,Sleepysham,kelthuzad,1237,shaman,restoration,36,13,23
29585,Chingobling,illidan,1234,shaman,restoration,24,13,11
29586,Krolii,tichondrius,1234,shaman,restoration,80,33,47
29587,Shamicare,stormrage,1232,shaman,restoration,136,75,61
29588,Kinjin,dragonmaw,1232,shaman,restoration,30,13,17
29589,Quakess,zuljin,1232,shaman,restoration,36,13,23
29590,Xajsham,tichondrius,1231,shaman,restoration,96,51,45
29591,Satrixss,ragnaros,1231,shaman,restoration,56,28,28
29592,Conjunction,azjolnerub,1231,shaman,restoration,29,13,16
29593,Fênrisulfer,area-52,1231,shaman,restoration,89,37,52
29594,Kikkóman,malganis,1230,shaman,restoration,48,25,23
29595,Lüca,wyrmrest-accord,1229,shaman,restoration,256,139,117
29596,Edemental,area-52,1229,shaman,restoration,129,61,68
29597,Sindury,tichondrius,1226,shaman,restoration,54,28,26
29598,Splonkydonky,stonemaul,1225,shaman,restoration,24,13,11
29599,Ozzai,ragnaros,1225,shaman,restoration,42,15,27
29600,Shaokhang,emerald-dream,1222,shaman,restoration,52,19,33
29601,Hoong,garrosh,1219,shaman,restoration,32,17,15
29602,Lavablurst,stormrage,1218,shaman,restoration,59,23,36
29603,Babytiramisu,stormrage,1217,shaman,restoration,36,16,20
29604,Ekuku,tichondrius,1215,shaman,restoration,40,19,21
29605,Smashtheface,nagrand,1211,shaman,restoration,54,27,27
29606,Killdeaderer,barthilas,1209,shaman,restoration,90,54,36
29607,Certz,dark-iron,1209,shaman,restoration,39,15,24
29608,Terdsammich,malganis,1205,shaman,restoration,42,21,21
29609,Thunderphury,proudmoore,1205,shaman,restoration,35,13,22
29610,Patoron,proudmoore,1204,shaman,restoration,34,17,17
29611,Bluffin,stormrage,1200,shaman,restoration,18,14,4
29612,Magnethor,frostmourne,1200,shaman,restoration,42,24,18
29613,Redbulls,azralon,1198,shaman,restoration,96,54,42
29614,Cruelface,sargeras,1196,shaman,restoration,26,14,12
29615,Synkrona,tichondrius,1191,shaman,restoration,38,16,22
29616,Furti,daggerspine,1190,shaman,restoration,34,16,18
29617,Kinshaman,lightnings-blade,1188,shaman,restoration,55,26,29
29618,Lokhtar,zuljin,1184,shaman,restoration,36,17,19
29619,Getwetand,quelthalas,1182,shaman,restoration,103,51,52
29620,Stabix,tichondrius,1181,shaman,restoration,66,31,35
29621,Rimmington,frostmourne,1179,shaman,restoration,54,24,30
29622,Dcãicer,quelthalas,1178,shaman,restoration,25,15,10
29623,Käck,tichondrius,1178,shaman,restoration,56,27,29
29624,Flametide,proudmoore,1176,shaman,restoration,35,20,15
29625,Dabmarinø,tichondrius,1174,shaman,restoration,24,14,10
29626,Vanty,proudmoore,1170,shaman,restoration,29,13,16
29627,Shammimane,tichondrius,1169,shaman,restoration,107,53,54
29628,Hedbang,kiljaeden,1169,shaman,restoration,60,24,36
29629,Wazöö,sargeras,1168,shaman,restoration,63,28,35
29630,Oomshamm,area-52,1167,shaman,restoration,130,68,62
29631,Shazikial,illidan,1167,shaman,restoration,38,18,20
29632,Restoramen,frostmourne,1166,shaman,restoration,24,13,11
29633,Senzxlolxz,lightbringer,1165,shaman,restoration,45,29,16
29634,Onpoint,frostmourne,1165,shaman,restoration,23,13,10
29635,Hammerme,barthilas,1161,shaman,restoration,101,35,66
29636,Stahlman,blackhand,1160,shaman,restoration,48,17,31
29637,Delayy,destromath,1155,shaman,restoration,65,29,36
29638,Drboidzerg,tichondrius,1154,shaman,restoration,32,20,12
29639,Dahmerjr,area-52,1153,shaman,restoration,78,43,35
29640,Dbmx,tichondrius,1152,shaman,restoration,24,12,12
29641,Badjojò,ragnaros,1152,shaman,restoration,24,12,12
29642,Rawdòggin,emerald-dream,1152,shaman,restoration,33,13,20
29643,Ruupaul,kiljaeden,1151,shaman,restoration,18,12,6
29644,Booramz,tichondrius,1151,shaman,restoration,18,12,6
29645,Lignipzyo,doomhammer,1151,shaman,restoration,24,12,12
29646,Sunyang,tichondrius,1151,shaman,restoration,24,12,12
29647,Suyy,tichondrius,1151,shaman,restoration,30,12,18
29648,Gödöfbüdå,tichondrius,1150,shaman,restoration,18,12,6
29649,Uglybastrd,stormrage,1150,shaman,restoration,24,12,12
29650,Uhd,malganis,1150,shaman,restoration,32,13,19
29651,Ixis,bleeding-hollow,1149,shaman,restoration,18,12,6
29652,Noolube,barthilas,1148,shaman,restoration,24,12,12
29653,Jineluki,emerald-dream,1148,shaman,restoration,53,23,30
29654,Mcwindyfists,zuljin,1148,shaman,restoration,30,12,18
29655,Flamehorns,malganis,1147,shaman,restoration,18,12,6
29656,Xiaoxiboy,tichondrius,1147,shaman,restoration,24,12,12
29657,Ricn,tichondrius,1147,shaman,restoration,24,12,12
29658,Tesle,illidan,1147,shaman,restoration,30,12,18
29659,Dduddaddu,tichondrius,1146,shaman,restoration,24,12,12
29660,Bitruff,tichondrius,1146,shaman,restoration,24,12,12
29661,Mäjorlazer,lightbringer,1144,shaman,restoration,18,12,6
29662,Boltadeez,tichondrius,1144,shaman,restoration,24,12,12
29663,Szeav,tichondrius,1143,shaman,restoration,24,12,12
29664,Redds,tichondrius,1141,shaman,restoration,18,12,6
29665,Hannamayzing,arathor,1135,shaman,restoration,30,12,18
29666,Mandinga,warsong,1134,shaman,restoration,65,28,37
29667,Solaraa,proudmoore,1133,shaman,restoration,28,13,15
29668,Gsync,tichondrius,1131,shaman,restoration,41,27,14
29669,Smooths,bloodscalp,1131,shaman,restoration,30,16,14
29670,Meanbetty,illidan,1131,shaman,restoration,24,12,12
29671,Lechaman,hakkar,1131,shaman,restoration,66,22,44
29672,Darrann,kiljaeden,1126,shaman,restoration,18,12,6
29673,Dinaliia,lothar,1126,shaman,restoration,36,16,20
29674,Donmills,tichondrius,1122,shaman,restoration,24,12,12
29675,Laterallus,nagrand,1121,shaman,restoration,67,34,33
29676,Rocksteddy,area-52,1120,shaman,restoration,24,12,12
29677,Fencepost,bleeding-hollow,1118,shaman,restoration,18,12,6
29678,Kunio,proudmoore,1117,shaman,restoration,24,12,12
29679,Shamanceylol,barthilas,1116,shaman,restoration,21,13,8
29680,Tartar,lightbringer,1112,shaman,restoration,29,18,11
29681,Cameltotêm,frostmourne,1109,shaman,restoration,24,14,10
29682,Taò,tichondrius,1109,shaman,restoration,84,38,46
29683,Roxzid,area-52,1105,shaman,restoration,20,13,7
29684,Shammyguy,stormreaver,1103,shaman,restoration,50,23,27
29685,Totemist,tichondrius,1100,shaman,restoration,36,12,24
29686,Thräll,shuhalo,1097,shaman,restoration,190,93,97
29687,Sparks,ragnaros,1093,shaman,restoration,23,12,11
29688,Stormburst,sargeras,1092,shaman,restoration,42,20,22
29689,Peanutto,illidan,1090,shaman,restoration,48,28,20
29690,Taquitho,quelthalas,1088,shaman,restoration,69,29,40
29691,Mikeisbadwow,tichondrius,1086,shaman,restoration,16,12,4
29692,Ðno,frostmourne,1086,shaman,restoration,17,12,5
29693,Saicey,zuljin,1081,shaman,restoration,54,24,30
29694,Grimmzhul,daggerspine,1077,shaman,restoration,90,43,47
29695,Turbluscious,frostmourne,1074,shaman,restoration,49,26,23
29696,Elharm,ragnaros,1072,shaman,restoration,36,13,23
29697,Hazorele,nagrand,1069,shaman,restoration,48,23,25
29698,Grullander,hakkar,1063,shaman,restoration,36,20,16
29699,Sekkuo,kiljaeden,1061,shaman,restoration,60,28,32
29700,Littledream,quelthalas,1061,shaman,restoration,58,26,32
29701,Nickwoper,emerald-dream,1056,shaman,restoration,18,11,7
29702,Biofly,thrall,1056,shaman,restoration,18,11,7
29703,Lfgzookeeper,malganis,1056,shaman,restoration,18,11,7
29704,Brocules,aerie-peak,1056,shaman,restoration,24,11,13
29705,Censyzz,tichondrius,1056,shaman,restoration,24,11,13
29706,Imd,tichondrius,1055,shaman,restoration,18,11,7
29707,Specifyz,arathor,1055,shaman,restoration,18,11,7
29708,Sweetpotatoe,malganis,1055,shaman,restoration,24,11,13
29709,Pericazo,sargeras,1055,shaman,restoration,24,11,13
29710,Haard,area-52,1055,shaman,restoration,24,11,13
29711,Jtrxs,tichondrius,1055,shaman,restoration,24,11,13
29712,Mindgooblin,sargeras,1055,shaman,restoration,36,11,25
29713,Ituma,tichondrius,1054,shaman,restoration,18,11,7
29714,Damoclez,jubeithos,1054,shaman,restoration,18,11,7
29715,Sipo,tichondrius,1054,shaman,restoration,18,11,7
29716,Earthfirex,ragnaros,1054,shaman,restoration,18,11,7
29717,Keybordternr,tichondrius,1054,shaman,restoration,24,11,13
29718,Elmonkeyloco,bleeding-hollow,1053,shaman,restoration,18,11,7
29719,Yoshìmìtsu,illidan,1053,shaman,restoration,24,11,13
29720,Murm,burning-blade,1053,shaman,restoration,24,11,13
29721,Velesa,kiljaeden,1052,shaman,restoration,30,11,19
29722,Urin,emerald-dream,1051,shaman,restoration,21,11,10
29723,Psiexrcst,tichondrius,1051,shaman,restoration,24,11,13
29724,Glark,tichondrius,1051,shaman,restoration,24,11,13
29725,Bluebones,frostmane,1050,shaman,restoration,18,11,7
29726,Dragum,blackrock,1050,shaman,restoration,30,11,19
29727,Blowurbubble,tichondrius,1049,shaman,restoration,18,11,7
29728,Groundded,tichondrius,1049,shaman,restoration,29,11,18
29729,Ryuukas,illidan,1047,shaman,restoration,18,11,7
29730,Mcstop,tanaris,1046,shaman,restoration,36,15,21
29731,Babibolo,duskwood,1045,shaman,restoration,18,11,7
29732,Tràuma,caelestrasz,1045,shaman,restoration,45,13,32
29733,Edhance,area-52,1044,shaman,restoration,18,11,7
29734,Gl,nordrassil,1043,shaman,restoration,18,11,7
29735,Saraguthix,dalaran,1043,shaman,restoration,30,11,19
29736,Twoflower,frostmourne,1043,shaman,restoration,66,24,42
29737,Mvpstorm,darkspear,1041,shaman,restoration,24,11,13
29738,Zugzugthug,moon-guard,1040,shaman,restoration,84,33,51
29739,Exportgold,barthilas,1039,shaman,restoration,24,11,13
29740,Truemooin,wyrmrest-accord,1036,shaman,restoration,215,105,110
29741,Bóòchainz,tichondrius,1024,shaman,restoration,16,12,4
29742,Anttoekneeoh,thrall,1024,shaman,restoration,24,12,12
29743,Mastrionilol,stormrage,1023,shaman,restoration,34,11,23
29744,Jìmmybuckets,tichondrius,1022,shaman,restoration,17,11,6
29745,Dextex,azralon,1022,shaman,restoration,47,26,21
29746,Lavatotem,stormrage,1021,shaman,restoration,41,20,21
29747,Narikó,aggramar,1017,shaman,restoration,30,17,13
29748,Nupi,thaurissan,1013,shaman,restoration,59,26,33
29749,Lazi,frostmourne,1008,shaman,restoration,27,12,15
29750,Volsdeep,illidan,1007,shaman,restoration,21,11,10
29751,Speedranger,stormrage,1004,shaman,restoration,42,15,27
29752,Fio,nerzhul,1002,shaman,restoration,176,81,95
29753,Baygone,tichondrius,1002,shaman,restoration,24,11,13
29754,Shamankie,tichondrius,999,shaman,restoration,40,13,27
29755,Hentaistorm,kiljaeden,998,shaman,restoration,80,41,39
29756,Wâgu,moon-guard,992,shaman,restoration,28,11,17
29757,Kencyzz,tichondrius,991,shaman,restoration,17,11,6
29758,Vogaz,ragnaros,991,shaman,restoration,28,11,17
29759,Nottrhall,azralon,990,shaman,restoration,14,11,3
29760,Teardrinker,korgath,988,shaman,restoration,30,11,19
29761,Faegle,area-52,984,shaman,restoration,24,11,13
29762,Doomgodx,tichondrius,983,shaman,restoration,36,16,20
29763,Illeh,illidan,983,shaman,restoration,36,15,21
29764,Banterx,emerald-dream,979,shaman,restoration,35,12,23
29765,Andrastia,thrall,976,shaman,restoration,24,15,9
29766,Shammystic,quelthalas,972,shaman,restoration,48,17,31
29767,Shamadran,hyjal,971,shaman,restoration,23,11,12
29768,Njjshamm,thrall,969,shaman,restoration,36,16,20
29769,Tharapita,bleeding-hollow,968,shaman,restoration,33,12,21
29770,Superchunk,shattered-hand,965,shaman,restoration,102,53,49
29771,Twinkolava,nemesis,961,shaman,restoration,19,11,8
29772,Yunotho,sargeras,960,shaman,restoration,18,10,8
29773,Naisayyds,tichondrius,960,shaman,restoration,18,10,8
29774,Hst,barthilas,960,shaman,restoration,18,10,8
29775,Freerath,tichondrius,960,shaman,restoration,22,10,12
29776,Enhancex,frostwolf,960,shaman,restoration,24,10,14
29777,Ekss,tichondrius,960,shaman,restoration,30,10,20
29778,Chenguanxi,tichondrius,959,shaman,restoration,12,10,2
29779,Farfar,tichondrius,959,shaman,restoration,12,10,2
29780,Zensarg,tichondrius,959,shaman,restoration,18,10,8
29781,Nobiggy,tichondrius,959,shaman,restoration,24,10,14
29782,Forcè,bleeding-hollow,959,shaman,restoration,24,10,14
29783,Cosmô,sargeras,959,shaman,restoration,30,10,20
29784,Ggoong,tichondrius,959,shaman,restoration,36,10,26
29785,Vinceshamwow,lightbringer,958,shaman,restoration,12,10,2
29786,Furiousnick,stormrage,958,shaman,restoration,18,10,8
29787,Shyva,frostmourne,958,shaman,restoration,18,10,8
29788,Torric,kalecgos,958,shaman,restoration,18,10,8
29789,Zechary,proudmoore,958,shaman,restoration,18,10,8
29790,Thundershade,deathwing,958,shaman,restoration,24,10,14
29791,Lawlsham,korgath,957,shaman,restoration,12,10,2
29792,Halloweenz,area-52,957,shaman,restoration,18,10,8
29793,Athayis,malorne,957,shaman,restoration,59,31,28
29794,Eggrollninja,illidan,956,shaman,restoration,12,10,2
29795,Maakasarg,tichondrius,956,shaman,restoration,24,10,14
29796,Orcstain,moknathal,956,shaman,restoration,28,11,17
29797,Karaaka,ysera,956,shaman,restoration,30,10,20
29798,Cameltótém,sargeras,955,shaman,restoration,18,10,8
29799,Oohkillemm,silvermoon,955,shaman,restoration,18,10,8
29800,Johnnyblue,frostmourne,954,shaman,restoration,24,10,14
29801,Tequíla,quelthalas,952,shaman,restoration,18,10,8
29802,Mikeyodinson,area-52,952,shaman,restoration,24,10,14
29803,Bruhh,stormscale,951,shaman,restoration,18,10,8
29804,Romcomx,tichondrius,951,shaman,restoration,24,10,14
29805,Soulmiracle,tichondrius,951,shaman,restoration,24,10,14
29806,Overcåst,barthilas,951,shaman,restoration,36,10,26
29807,Kisimi,proudmoore,950,shaman,restoration,18,10,8
29808,Haether,madoran,949,shaman,restoration,65,31,34
29809,Problamatic,tichondrius,949,shaman,restoration,24,10,14
29810,Tabby,emerald-dream,948,shaman,restoration,24,10,14
29811,Daxetan,area-52,947,shaman,restoration,18,10,8
29812,Fíxer,tichondrius,933,shaman,restoration,19,11,8
29813,Boppshock,tichondrius,928,shaman,restoration,16,11,5
29814,Mikeoxxgigg,kelthuzad,927,shaman,restoration,51,28,23
29815,Rastablaze,darkspear,926,shaman,restoration,70,27,43
29816,Artsha,tol-barad,925,shaman,restoration,18,11,7
29817,Roostershama,tichondrius,925,shaman,restoration,20,11,9
29818,Siksika,bloodscalp,924,shaman,restoration,18,10,8
29819,Psilocypher,nazjatar,923,shaman,restoration,18,11,7
29820,Klev,frostmourne,921,shaman,restoration,33,12,21
29821,Jorko,dathremar,918,shaman,restoration,26,16,10
29822,Malløry,mugthol,917,shaman,restoration,30,12,18
29823,Joyrex,spinebreaker,912,shaman,restoration,21,11,10
29824,Kawixxi,ysondre,912,shaman,restoration,25,13,12
29825,Meskthemage,barthilas,911,shaman,restoration,17,10,7
29826,Flexexpress,stormrage,911,shaman,restoration,17,10,7
29827,Privxd,bleeding-hollow,910,shaman,restoration,17,10,7
29828,Mainstreamx,sargeras,908,shaman,restoration,33,10,23
29829,Ttvfoxyllama,tichondrius,906,shaman,restoration,28,12,16
29830,Alestorm,nemesis,899,shaman,restoration,28,12,16
29831,Msooli,tichondrius,895,shaman,restoration,11,10,1
29832,Holdmytotum,tichondrius,895,shaman,restoration,17,10,7
29833,Swifteyy,area-52,883,shaman,restoration,22,10,12
29834,Astàròth,malganis,880,shaman,restoration,13,10,3
29835,Orochishaman,stormrage,864,shaman,restoration,12,9,3
29836,Washedupty,illidan,864,shaman,restoration,12,9,3
29837,Èmaxx,barthilas,864,shaman,restoration,12,9,3
29838,Iadyboi,kiljaeden,864,shaman,restoration,12,9,3
29839,Seiunsky,area-52,864,shaman,restoration,12,9,3
29840,Bakenquake,tichondrius,864,shaman,restoration,12,9,3
29841,ßonevoyage,malganis,864,shaman,restoration,12,9,3
29842,Owtyobwol,area-52,864,shaman,restoration,12,9,3
29843,Flatt,uther,864,shaman,restoration,18,9,9
29844,Medullarum,suramar,864,shaman,restoration,18,9,9
29845,Momolagbbit,tichondrius,864,shaman,restoration,18,9,9
29846,Hexcalibur,laughing-skull,864,shaman,restoration,18,9,9
29847,Neviahz,illidan,864,shaman,restoration,18,9,9
29848,Awyiss,dreadmaul,864,shaman,restoration,18,9,9
29849,Polarities,malganis,864,shaman,restoration,24,9,15
29850,Wildmaster,ragnaros,864,shaman,restoration,30,9,21
29851,Kzxs,illidan,863,shaman,restoration,12,9,3
29852,Jaegertotem,stormrage,863,shaman,restoration,12,9,3
29853,Køre,tichondrius,863,shaman,restoration,12,9,3
29854,Balsonz,zuljin,863,shaman,restoration,12,9,3
29855,Ryeqt,illidan,863,shaman,restoration,18,9,9
29856,Snoff,burning-blade,863,shaman,restoration,18,9,9
29857,Darcheros,quelthalas,863,shaman,restoration,18,9,9
29858,Murica,area-52,863,shaman,restoration,18,9,9
29859,Yeeraldyn,quelthalas,863,shaman,restoration,24,9,15
29860,Xiwg,tichondrius,863,shaman,restoration,24,9,15
29861,Mastrionilol,dragonmaw,863,shaman,restoration,24,9,15
29862,Shocksfuker,stormrage,862,shaman,restoration,20,10,10
29863,Obrahma,burning-legion,862,shaman,restoration,18,9,9
29864,Drünk,hyjal,862,shaman,restoration,18,9,9
29865,Turtleinmud,frostmourne,862,shaman,restoration,18,9,9
29866,Vywolf,frostmourne,862,shaman,restoration,27,11,16
29867,Milkstress,whisperwind,861,shaman,restoration,24,9,15
29868,Macdab,malganis,860,shaman,restoration,18,9,9
29869,Esanim,tichondrius,860,shaman,restoration,18,9,9
29870,Wagesisdeath,illidan,859,shaman,restoration,24,9,15
29871,Aargonos,tichondrius,858,shaman,restoration,12,9,3
29872,Shockburst,dalaran,858,shaman,restoration,18,9,9
29873,Ironfart,destromath,858,shaman,restoration,18,9,9
29874,Blois,thunderlord,857,shaman,restoration,18,9,9
29875,Klaital,boulderfist,855,shaman,restoration,12,9,3
29876,Yakella,trollbane,854,shaman,restoration,12,9,3
29877,Mtnju,eredar,852,shaman,restoration,18,9,9
29878,Chablez,shattered-hand,849,shaman,restoration,18,9,9
29879,Slëvin,frostmourne,848,shaman,restoration,30,9,21
29880,Ayahuassca,illidan,847,shaman,restoration,44,19,25
29881,Spampurge,blackwing-lair,841,shaman,restoration,25,11,14
29882,Scrototëm,azralon,833,shaman,restoration,24,9,15
29883,Dreadxtotems,illidan,830,shaman,restoration,17,9,8
29884,Deadlyshocks,gilneas,827,shaman,restoration,35,17,18
29885,Sittingwolf,stormreaver,825,shaman,restoration,17,9,8
29886,Angelbie,tichondrius,815,shaman,restoration,15,10,5
29887,Touchmytotmm,tichondrius,768,shaman,restoration,12,8,4
29888,Multran,stormscale,768,shaman,restoration,12,8,4
29889,Coreygunz,illidan,768,shaman,restoration,12,8,4
29890,Hexistential,tichondrius,768,shaman,restoration,12,8,4
29891,Kensyz,tichondrius,768,shaman,restoration,12,8,4
29892,Tarròò,bleeding-hollow,768,shaman,restoration,12,8,4
29893,Stormlashx,sargeras,768,shaman,restoration,12,8,4
29894,Xiaoshaman,frostmourne,768,shaman,restoration,12,8,4
29895,Animus,dark-iron,768,shaman,restoration,12,8,4
29896,Shxl,zuljin,768,shaman,restoration,12,8,4
29897,Ophitotem,zuljin,768,shaman,restoration,12,8,4
29898,Ggdumpy,tichondrius,768,shaman,restoration,12,8,4
29899,Xannysnapper,zuljin,768,shaman,restoration,12,8,4
29900,Vernzi,laughing-skull,768,shaman,restoration,12,8,4
29901,Doubletåp,emerald-dream,768,shaman,restoration,12,8,4
29902,Xiaoshaman,tichondrius,768,shaman,restoration,12,8,4
29903,Wolvez,tichondrius,768,shaman,restoration,18,8,10
29904,Jisthexx,senjin,768,shaman,restoration,18,8,10
29905,Gorillox,chogall,768,shaman,restoration,18,8,10
29906,Toastjr,frostmourne,768,shaman,restoration,18,8,10
29907,Luckyscatter,frostmourne,768,shaman,restoration,18,8,10
29908,Edisto,darkspear,768,shaman,restoration,18,8,10
29909,Traumateam,tichondrius,768,shaman,restoration,18,8,10
29910,Deathwards,frostmane,768,shaman,restoration,18,8,10
29911,Songo,frostmane,768,shaman,restoration,18,8,10
29912,Kaddya,mannoroth,768,shaman,restoration,18,8,10
29913,Taronì,zuljin,768,shaman,restoration,18,8,10
29914,Earthuncle,illidan,768,shaman,restoration,24,8,16
29915,Vernacks,area-52,767,shaman,restoration,12,8,4
29916,Vazlah,tichondrius,767,shaman,restoration,12,8,4
29917,Mymojo,tichondrius,767,shaman,restoration,12,8,4
29918,Veeve,kelthuzad,767,shaman,restoration,12,8,4
29919,Totemism,warsong,767,shaman,restoration,12,8,4
29920,Klimax,tichondrius,767,shaman,restoration,12,8,4
29921,Squirtrussel,boulderfist,767,shaman,restoration,12,8,4
29922,Earthentotem,tichondrius,767,shaman,restoration,18,8,10
29923,Chrigshock,black-dragonflight,767,shaman,restoration,18,8,10
29924,Zombaschamy,ragnaros,767,shaman,restoration,18,8,10
29925,Agrîm,tichondrius,767,shaman,restoration,24,8,16
29926,Thunderfucj,tichondrius,767,shaman,restoration,24,8,16
29927,Totemlord,lightnings-blade,766,shaman,restoration,18,8,10
29928,Skylet,azralon,766,shaman,restoration,18,8,10
29929,Rapwnzel,tichondrius,766,shaman,restoration,18,8,10
29930,Santral,ragnaros,766,shaman,restoration,19,8,11
29931,Nooch,malganis,766,shaman,restoration,27,9,18
29932,Elementorx,stormrage,766,shaman,restoration,24,8,16
29933,Magatotem,sargeras,766,shaman,restoration,24,8,16
29934,Angron,barthilas,765,shaman,restoration,12,8,4
29935,Skippe,hyjal,764,shaman,restoration,12,8,4
29936,Mochiko,frostmourne,764,shaman,restoration,18,8,10
29937,Vulcanik,quelthalas,764,shaman,restoration,24,8,16
29938,Vínnie,tichondrius,763,shaman,restoration,18,8,10
29939,ßøn,altar-of-storms,762,shaman,restoration,12,8,4
29940,Shamnnoodlez,area-52,762,shaman,restoration,18,8,10
29941,Qüickeze,khazgoroth,761,shaman,restoration,12,8,4
29942,Cremecheese,crushridge,760,shaman,restoration,12,8,4
29943,Eleshortal,azuremyst,759,shaman,restoration,18,8,10
29944,Geoleo,stormrage,758,shaman,restoration,18,8,10
29945,Kordir,kiljaeden,756,shaman,restoration,24,8,16
29946,Tremór,frostmourne,755,shaman,restoration,18,8,10
29947,Amonamarth,tichondrius,753,shaman,restoration,18,8,10
29948,Getpurged,thrall,751,shaman,restoration,17,8,9
29949,Shubba,thrall,747,shaman,restoration,12,8,4
29950,Plop,tichondrius,736,shaman,restoration,10,9,1
29951,Treris,bleeding-hollow,719,shaman,restoration,11,8,3
29952,Immabòt,tichondrius,719,shaman,restoration,17,8,9
29953,Notragii,kelthuzad,719,shaman,restoration,17,8,9
29954,Luxiaa,tichondrius,714,shaman,restoration,23,9,14
29955,Kencysz,tichondrius,714,shaman,restoration,23,9,14
29956,Trouvaille,tichondrius,714,shaman,restoration,25,9,16
29957,Kenithwest,tichondrius,703,shaman,restoration,11,8,3
29958,Xinz,guldan,703,shaman,restoration,11,8,3
29959,Wasuwant,frostmourne,703,shaman,restoration,14,8,6
29960,Garbagedump,burning-legion,703,shaman,restoration,14,8,6
29961,Kikahna,stormreaver,683,shaman,restoration,22,9,13
29962,Paaman,proudmoore,672,shaman,restoration,12,7,5
29963,Dizzyswift,tichondrius,672,shaman,restoration,12,7,5
29964,Strykked,illidan,672,shaman,restoration,12,7,5
29965,Boltekka,tichondrius,672,shaman,restoration,12,7,5
29966,Invokeesorin,area-52,672,shaman,restoration,12,7,5
29967,Restosêxual,tichondrius,672,shaman,restoration,12,7,5
29968,Miroen,tichondrius,672,shaman,restoration,12,7,5
29969,Esoterikk,malganis,672,shaman,restoration,12,7,5
29970,Hexmix,muradin,672,shaman,restoration,12,7,5
29971,Kencyi,tichondrius,672,shaman,restoration,12,7,5
29972,Crakmane,kelthuzad,672,shaman,restoration,12,7,5
29973,Gornu,nemesis,672,shaman,restoration,12,7,5
29974,Fàlc,stormrage,672,shaman,restoration,12,7,5
29975,Daxotv,sargeras,672,shaman,restoration,12,7,5
29976,Sorgal,area-52,672,shaman,restoration,12,7,5
29977,Elîas,tichondrius,672,shaman,restoration,12,7,5
29978,Girthquake,agamaggan,672,shaman,restoration,12,7,5
29979,Kyma,black-dragonflight,672,shaman,restoration,12,7,5
29980,Dadbar,tichondrius,672,shaman,restoration,12,7,5
29981,Symbox,tichondrius,672,shaman,restoration,12,7,5
29982,Abulailah,sargeras,672,shaman,restoration,12,7,5
29983,Zerwyn,senjin,672,shaman,restoration,12,7,5
29984,Dektide,zuljin,672,shaman,restoration,12,7,5
29985,Flõp,dalaran,672,shaman,restoration,12,7,5
29986,Laodo,tichondrius,672,shaman,restoration,16,8,8
29987,Zrosurge,stormrage,672,shaman,restoration,14,7,7
29988,Smeagles,ragnaros,672,shaman,restoration,18,7,11
29989,Chlckenx,tichondrius,672,shaman,restoration,18,7,11
29990,Nosekandyz,chogall,672,shaman,restoration,18,7,11
29991,Morphose,tichondrius,672,shaman,restoration,18,7,11
29992,Lindsanx,illidan,672,shaman,restoration,18,7,11
29993,Flekzs,blackhand,671,shaman,restoration,12,7,5
29994,Winchi,stormrage,671,shaman,restoration,12,7,5
29995,Pakdis,sargeras,671,shaman,restoration,12,7,5
29996,Lurue,tichondrius,671,shaman,restoration,12,7,5
29997,Raininwishes,aegwynn,671,shaman,restoration,12,7,5
29998,Rokvahn,illidan,671,shaman,restoration,12,7,5
29999,Chebbs,bleeding-hollow,671,shaman,restoration,12,7,5
30000,Shamiggels,sargeras,671,shaman,restoration,12,7,5
30001,Otem,frostmourne,671,shaman,restoration,16,7,9
30002,Caobuloso,azralon,671,shaman,restoration,18,7,11
30003,Hamshamwitch,shadowmoon,671,shaman,restoration,18,7,11
30004,Lvcianrs,thrall,671,shaman,restoration,18,7,11
30005,Crynoobs,senjin,670,shaman,restoration,12,7,5
30006,Mengemort,crushridge,670,shaman,restoration,12,7,5
30007,Stormcallerr,sargeras,670,shaman,restoration,12,7,5
30008,Shamanastic,tichondrius,670,shaman,restoration,12,7,5
30009,Bethorá,suramar,670,shaman,restoration,12,7,5
30010,Totori,stormscale,670,shaman,restoration,12,7,5
30011,Grakkah,thrall,670,shaman,restoration,18,7,11
30012,Víì,tichondrius,670,shaman,restoration,24,7,17
30013,Yamishka,dalaran,669,shaman,restoration,18,7,11
30014,Vulkova,illidan,669,shaman,restoration,18,7,11
30015,Thordan,lothar,669,shaman,restoration,18,7,11
30016,Hatethetotem,bleeding-hollow,668,shaman,restoration,12,7,5
30017,Evilraven,tichondrius,668,shaman,restoration,18,7,11
30018,Detropolis,illidan,668,shaman,restoration,48,7,41
30019,Dennwoop,sargeras,666,shaman,restoration,22,8,14
30020,Lfhotmoms,moon-guard,665,shaman,restoration,11,9,2
30021,Ruadhri,moon-guard,665,shaman,restoration,12,7,5
30022,Churgarm,zuljin,665,shaman,restoration,18,7,11
30023,Zoodoo,nagrand,663,shaman,restoration,30,7,23
30024,Lamente,ragnaros,655,shaman,restoration,17,7,10
30025,Stormsurgë,bleeding-hollow,640,shaman,restoration,10,8,2
30026,Koomrog,frostmourne,638,shaman,restoration,14,8,6
30027,Alátreon,azralon,623,shaman,restoration,15,7,8
30028,Deacoderz,area-52,618,shaman,restoration,14,8,6
30029,Bigbrenx,tichondrius,607,shaman,restoration,14,7,7
30030,Drfate,kargath,604,shaman,restoration,16,7,9
30031,Matrìx,sargeras,594,shaman,restoration,26,8,18
30032,Kassix,illidan,576,shaman,restoration,6,6,0
30033,Sbrinz,thrall,576,shaman,restoration,6,6,0
30034,Pangniu,illidan,576,shaman,restoration,6,6,0
30035,Jimmyapple,illidan,576,shaman,restoration,6,6,0
30036,Jordnöt,moon-guard,576,shaman,restoration,9,6,3
30037,Xenvale,illidan,576,shaman,restoration,12,6,6
30038,Ccmeifbald,moon-guard,576,shaman,restoration,12,6,6
30039,Tcurts,stormrage,576,shaman,restoration,12,6,6
30040,Gratiens,zuljin,576,shaman,restoration,12,6,6
30041,Iamg,kilrogg,576,shaman,restoration,12,6,6
30042,Lunds,tichondrius,576,shaman,restoration,12,6,6
30043,Fevolution,dreadmaul,576,shaman,restoration,12,6,6
30044,Caprise,tichondrius,576,shaman,restoration,12,6,6
30045,Burstekka,tichondrius,576,shaman,restoration,12,6,6
30046,Bombadil,korgath,576,shaman,restoration,12,6,6
30047,Akamâ,stormrage,576,shaman,restoration,12,6,6
30048,Trewlolz,sargeras,576,shaman,restoration,12,6,6
30049,Nisthesham,tichondrius,576,shaman,restoration,12,6,6
30050,Mazekheen,barthilas,576,shaman,restoration,12,6,6
30051,Motatos,malganis,576,shaman,restoration,12,6,6
30052,Abev,bonechewer,576,shaman,restoration,12,6,6
30053,Pex,sargeras,576,shaman,restoration,12,6,6
30054,Spiritbb,area-52,576,shaman,restoration,12,6,6
30055,Aespeon,stormrage,576,shaman,restoration,12,6,6
30056,Cencyzz,tichondrius,576,shaman,restoration,12,6,6
30057,Eccentrix,mannoroth,576,shaman,restoration,12,6,6
30058,Hhex,tichondrius,576,shaman,restoration,12,6,6
30059,Joeschhmoe,tichondrius,576,shaman,restoration,12,6,6
30060,Potf,illidan,576,shaman,restoration,12,6,6
30061,Littleshasha,tichondrius,576,shaman,restoration,12,6,6
30062,Ajj,thrall,576,shaman,restoration,12,6,6
30063,Scadouche,korgath,576,shaman,restoration,12,6,6
30064,Lindnerx,malganis,576,shaman,restoration,12,6,6
30065,Ataia,tichondrius,576,shaman,restoration,12,6,6
30066,Bakayarøu,tichondrius,576,shaman,restoration,12,6,6
30067,Nehpets,kiljaeden,576,shaman,restoration,12,6,6
30068,Icehole,kelthuzad,576,shaman,restoration,12,6,6
30069,Pikapiko,tichondrius,576,shaman,restoration,12,6,6
30070,Chogramm,illidan,576,shaman,restoration,12,6,6
30071,Atsukaia,tichondrius,576,shaman,restoration,12,6,6
30072,Handzum,blades-edge,576,shaman,restoration,12,6,6
30073,Weqeqwqwqex,ragnaros,576,shaman,restoration,12,6,6
30074,Sweatshirtz,tanaris,576,shaman,restoration,12,6,6
30075,Mariansaurus,ragnaros,576,shaman,restoration,12,6,6
30076,Gullirachad,stormrage,576,shaman,restoration,12,6,6
30077,Oppaswag,tichondrius,576,shaman,restoration,12,6,6
30078,Rubmytiki,skywall,576,shaman,restoration,18,6,12
30079,Jukedlawl,illidan,576,shaman,restoration,18,6,12
30080,Alett,arathor,576,shaman,restoration,18,6,12
30081,Kÿlé,darkspear,576,shaman,restoration,18,6,12
30082,Greensween,thrall,576,shaman,restoration,19,6,13
30083,Blck,malorne,576,shaman,restoration,23,7,16
30084,Shampowl,jaedenar,576,shaman,restoration,20,6,14
30085,Anußis,stormrage,576,shaman,restoration,24,6,18
30086,Slowpo,illidan,576,shaman,restoration,24,6,18
30087,Battleobobby,medivh,576,shaman,restoration,29,6,23
30088,Donojo,zuljin,575,shaman,restoration,12,6,6
30089,Todem,stormrage,575,shaman,restoration,12,6,6
30090,Quequin,quelthalas,575,shaman,restoration,12,6,6
30091,Powerpress,thunderlord,575,shaman,restoration,12,6,6
30092,Fallhazard,malganis,575,shaman,restoration,12,6,6
30093,Zqshaman,tichondrius,575,shaman,restoration,12,6,6
30094,Lhost,tanaris,575,shaman,restoration,12,6,6
30095,Yarockheal,malganis,575,shaman,restoration,12,6,6
30096,Mâyo,thrall,575,shaman,restoration,12,6,6
30097,Sarevoc,sargeras,575,shaman,restoration,12,6,6
30098,Cùìó,barthilas,575,shaman,restoration,12,6,6
30099,Tagliatelle,kelthuzad,575,shaman,restoration,15,7,8
30100,Numbreseven,frostmourne,575,shaman,restoration,14,6,8
30101,Ragnarüz,ragnaros,575,shaman,restoration,19,7,12
30102,Spiritwler,tichondrius,575,shaman,restoration,18,6,12
30103,Girafasuarx,korgath,575,shaman,restoration,18,6,12
30104,Killerphreak,mannoroth,574,shaman,restoration,12,6,6
30105,Luciuzz,tichondrius,574,shaman,restoration,12,6,6
30106,Dodirt,laughing-skull,574,shaman,restoration,12,6,6
30107,Kunshíí,bleeding-hollow,574,shaman,restoration,15,6,9
30108,Gimlyman,madoran,567,shaman,restoration,12,6,6
30109,Trustfall,rexxar,566,shaman,restoration,12,6,6
30110,Bloodmoôn,frostmourne,566,shaman,restoration,18,6,12
30111,Earthnsky,bleeding-hollow,543,shaman,restoration,11,6,5
30112,Desgarcon,zuljin,543,shaman,restoration,11,6,5
30113,Hoghlinn,stormrage,541,shaman,restoration,8,7,1
30114,Tsunamic,sargeras,528,shaman,restoration,15,6,9
30115,Galaxiya,blackhand,525,shaman,restoration,21,7,14
30116,Htsu,quelthalas,522,shaman,restoration,16,7,9
30117,Woof,agamaggan,522,shaman,restoration,29,7,22
30118,Señordoge,malganis,511,shaman,restoration,14,6,8
30119,Dankestmemes,illidan,480,shaman,restoration,6,5,1
30120,Oprawinfuryy,thrall,480,shaman,restoration,6,5,1
30121,Hexgodx,illidan,480,shaman,restoration,6,5,1
30122,Spekgawd,emerald-dream,480,shaman,restoration,6,5,1
30123,Yehbeen,tichondrius,480,shaman,restoration,6,5,1
30124,Nuggsfxce,frostmourne,480,shaman,restoration,6,5,1
30125,Blueclass,akama,480,shaman,restoration,6,5,1
30126,Binishaman,tichondrius,480,shaman,restoration,6,5,1
30127,Nymrose,stormrage,480,shaman,restoration,6,5,1
30128,Cantshear,zuljin,480,shaman,restoration,6,5,1
30129,Esterosa,tichondrius,480,shaman,restoration,6,5,1
30130,Skelesham,zuljin,480,shaman,restoration,6,5,1
30131,Lavamon,illidan,480,shaman,restoration,6,5,1
30132,Çhïcagø,aegwynn,480,shaman,restoration,6,5,1
30133,Dgshaman,tichondrius,480,shaman,restoration,6,5,1
30134,Oopy,icecrown,480,shaman,restoration,6,5,1
30135,Cheddatotz,illidan,480,shaman,restoration,6,5,1
30136,Royblue,illidan,480,shaman,restoration,6,5,1
30137,Juked,aegwynn,480,shaman,restoration,12,5,7
30138,Zingysham,tichondrius,480,shaman,restoration,12,5,7
30139,Elmoss,thrall,480,shaman,restoration,12,5,7
30140,Weebzealot,kelthuzad,480,shaman,restoration,12,5,7
30141,Vegaslights,tichondrius,480,shaman,restoration,12,5,7
30142,Nagish,alexstrasza,480,shaman,restoration,12,5,7
30143,Hijodelrayo,drakkari,480,shaman,restoration,12,5,7
30144,Bröxigâr,wyrmrest-accord,480,shaman,restoration,12,5,7
30145,Sâxman,stormreaver,480,shaman,restoration,12,5,7
30146,Teftx,area-52,480,shaman,restoration,12,5,7
30147,Devastian,quelthalas,480,shaman,restoration,12,5,7
30148,Sixtyninelol,thunderlord,480,shaman,restoration,12,5,7
30149,Nøir,drakkari,480,shaman,restoration,12,5,7
30150,Synkronaqt,tichondrius,480,shaman,restoration,12,5,7
30151,Kwesy,tichondrius,480,shaman,restoration,12,5,7
30152,Plotwave,bleeding-hollow,480,shaman,restoration,12,5,7
30153,Goresx,tichondrius,480,shaman,restoration,12,5,7
30154,Dyllbat,illidan,480,shaman,restoration,12,5,7
30155,Bignutters,bleeding-hollow,480,shaman,restoration,12,5,7
30156,Enzÿte,tichondrius,480,shaman,restoration,12,5,7
30157,Tmkaldärýs,tichondrius,480,shaman,restoration,12,5,7
30158,Boryndor,stormrage,480,shaman,restoration,12,5,7
30159,Dókki,tichondrius,480,shaman,restoration,12,5,7
30160,Azrlol,illidan,480,shaman,restoration,12,5,7
30161,Astotems,tichondrius,480,shaman,restoration,12,5,7
30162,Wegoagain,tichondrius,480,shaman,restoration,12,5,7
30163,Krupto,tichondrius,480,shaman,restoration,12,5,7
30164,Nøzurbo,area-52,480,shaman,restoration,12,5,7
30165,Doop,kiljaeden,480,shaman,restoration,12,5,7
30166,Deyodin,illidan,480,shaman,restoration,12,5,7
30167,Thonty,sargeras,480,shaman,restoration,12,5,7
30168,Derbain,caelestrasz,480,shaman,restoration,12,5,7
30169,Pohtayto,darkspear,480,shaman,restoration,12,5,7
30170,Huulu,blades-edge,480,shaman,restoration,12,5,7
30171,Daintydan,illidan,480,shaman,restoration,12,5,7
30172,Totemfizzle,spirestone,480,shaman,restoration,12,5,7
30173,Juicypork,moon-guard,480,shaman,restoration,12,5,7
30174,Baltarian,emerald-dream,480,shaman,restoration,12,5,7
30175,Larvabust,azralon,480,shaman,restoration,12,5,7
30176,Oriyani,sargeras,480,shaman,restoration,12,5,7
30177,Cherryboy,illidan,480,shaman,restoration,12,5,7
30178,Fidelityfx,sargeras,480,shaman,restoration,12,5,7
30179,Shämpäin,moon-guard,480,shaman,restoration,12,5,7
30180,Saviørkai,barthilas,480,shaman,restoration,12,5,7
30181,Stumpyjoe,terokkar,480,shaman,restoration,13,5,8
30182,Dùffman,jubeithos,480,shaman,restoration,16,6,10
30183,Yoloswage,tichondrius,480,shaman,restoration,21,6,15
30184,Oilburner,malganis,480,shaman,restoration,18,5,13
30185,Rekashaki,illidan,480,shaman,restoration,18,5,13
30186,Localxhero,stormrage,480,shaman,restoration,18,5,13
30187,Krisu,kelthuzad,480,shaman,restoration,18,5,13
30188,Animac,bleeding-hollow,480,shaman,restoration,18,5,13
30189,Intress,moon-guard,479,shaman,restoration,6,5,1
30190,Sâvage,zuljin,479,shaman,restoration,6,5,1
30191,Greenberry,bonechewer,479,shaman,restoration,10,6,4
30192,Highmountain,tichondrius,479,shaman,restoration,12,5,7
30193,Fläkky,area-52,479,shaman,restoration,12,5,7
30194,Blkpowerfist,malganis,479,shaman,restoration,12,5,7
30195,Bobaflexqt,korgath,479,shaman,restoration,12,5,7
30196,Turksham,tichondrius,479,shaman,restoration,12,5,7
30197,Beardedone,durotan,479,shaman,restoration,12,5,7
30198,Youngneal,sargeras,479,shaman,restoration,12,5,7
30199,Çatastrophe,dalaran,479,shaman,restoration,12,5,7
30200,Tattoö,elune,479,shaman,restoration,12,5,7
30201,Nytestalker,sargeras,479,shaman,restoration,18,5,13
30202,Alphamael,lightbringer,479,shaman,restoration,19,5,14
30203,Vaginix,tichondrius,478,shaman,restoration,18,5,13
30204,Stahlye,proudmoore,477,shaman,restoration,6,5,1
30205,Timprecu,azralon,477,shaman,restoration,12,5,7
30206,Pileef,thrall,473,shaman,restoration,13,7,6
30207,Uderlol,tichondrius,448,shaman,restoration,10,5,5
30208,Danil,emerald-dream,447,shaman,restoration,11,5,6
30209,Brocklee,farstriders,447,shaman,restoration,16,5,11
30210,Akhae,duskwood,445,shaman,restoration,14,6,8
30211,Jakjohnson,stormrage,432,shaman,restoration,9,5,4
30212,Lampstand,wildhammer,431,shaman,restoration,11,5,6
30213,Mythruxx,sargeras,426,shaman,restoration,14,6,8
30214,Ggezlmao,bleeding-hollow,426,shaman,restoration,16,6,10
30215,Zio,akama,425,shaman,restoration,14,6,8
30216,Wragnus,tichondrius,425,shaman,restoration,15,6,9
30217,Eloquent,emerald-dream,423,shaman,restoration,18,6,12
30218,Lebs,barthilas,415,shaman,restoration,8,5,3
30219,Shockjoy,malganis,415,shaman,restoration,11,5,6
30220,Chûnk,tichondrius,400,shaman,restoration,13,5,8
30221,Clapton,darkspear,400,shaman,restoration,19,5,14
30222,Aeølus,tichondrius,384,shaman,restoration,6,4,2
30223,Udungoofedd,the-underbog,384,shaman,restoration,6,4,2
30224,Curador,nemesis,384,shaman,restoration,6,4,2
30225,Excaliburumb,tichondrius,384,shaman,restoration,6,4,2
30226,Sidnii,tichondrius,384,shaman,restoration,6,4,2
30227,Viprus,nerzhul,384,shaman,restoration,6,4,2
30228,Ârtík,tichondrius,384,shaman,restoration,6,4,2
30229,Sagester,illidan,384,shaman,restoration,6,4,2
30230,Gotmolk,illidan,384,shaman,restoration,6,4,2
30231,Yeamn,saurfang,384,shaman,restoration,6,4,2
30232,Xiaoya,tichondrius,384,shaman,restoration,6,4,2
30233,Hoonjojjyans,tichondrius,384,shaman,restoration,6,4,2
30234,Thormodin,destromath,384,shaman,restoration,6,4,2
30235,Humpvack,tichondrius,384,shaman,restoration,6,4,2
30236,Bhann,tichondrius,384,shaman,restoration,6,4,2
30237,Shamankofwa,tichondrius,384,shaman,restoration,6,4,2
30238,Kustum,tichondrius,384,shaman,restoration,6,4,2
30239,Smeeza,frostmourne,384,shaman,restoration,6,4,2
30240,Éarl,sargeras,384,shaman,restoration,6,4,2
30241,Stylebenderx,frostmourne,384,shaman,restoration,6,4,2
30242,Weathersmell,sargeras,384,shaman,restoration,6,4,2
30243,Piaopiao,skywall,384,shaman,restoration,6,4,2
30244,Cháningtotem,frostmourne,384,shaman,restoration,6,4,2
30245,Aletcheoddox,sargeras,384,shaman,restoration,6,4,2
30246,Tisaa,tichondrius,384,shaman,restoration,6,4,2
30247,Nepshock,stormrage,384,shaman,restoration,6,4,2
30248,Príde,ragnaros,384,shaman,restoration,6,4,2
30249,Arkilios,tichondrius,384,shaman,restoration,6,4,2
30250,Telnos,emerald-dream,384,shaman,restoration,6,4,2
30251,Totesmcgoatz,arthas,384,shaman,restoration,6,4,2
30252,Boonno,tichondrius,384,shaman,restoration,6,4,2
30253,Kaîowas,malganis,384,shaman,restoration,6,4,2
30254,Castia,sargeras,384,shaman,restoration,6,4,2
30255,Shocknrot,maelstrom,384,shaman,restoration,6,4,2
30256,Xillicit,sargeras,384,shaman,restoration,6,4,2
30257,Hordeoeuvre,zuljin,384,shaman,restoration,6,4,2
30258,Acdc,zuljin,384,shaman,restoration,6,4,2
30259,Intravz,tichondrius,384,shaman,restoration,6,4,2
30260,Bigboorst,kelthuzad,384,shaman,restoration,6,4,2
30261,Gumballin,sargeras,384,shaman,restoration,8,4,4
30262,Saksa,garrosh,384,shaman,restoration,12,4,8
30263,Galeswind,sargeras,384,shaman,restoration,12,4,8
30264,Qitian,tichondrius,384,shaman,restoration,12,4,8
30265,Naturasol,quelthalas,384,shaman,restoration,12,4,8
30266,Dadidun,tichondrius,384,shaman,restoration,12,4,8
30267,Ayev,illidan,384,shaman,restoration,12,4,8
30268,Kobecoopper,sargeras,384,shaman,restoration,12,4,8
30269,Misakism,sargeras,384,shaman,restoration,12,4,8
30270,Toobeastly,deathwing,384,shaman,restoration,12,4,8
30271,Xändra,ragnaros,384,shaman,restoration,12,4,8
30272,Fluiid,tichondrius,384,shaman,restoration,12,4,8
30273,Lollzerz,the-forgotten-coast,384,shaman,restoration,12,4,8
30274,Tyrión,aggramar,384,shaman,restoration,12,4,8
30275,Shamanese,emerald-dream,384,shaman,restoration,12,4,8
30276,Bäsedgód,tichondrius,384,shaman,restoration,12,4,8
30277,Ngentotem,frostmourne,384,shaman,restoration,12,4,8
30278,Pjtremblay,frostmourne,384,shaman,restoration,12,4,8
30279,Cgq,tichondrius,384,shaman,restoration,12,4,8
30280,Bacnbitz,hellscream,384,shaman,restoration,12,4,8
30281,Mythshaman,tichondrius,384,shaman,restoration,12,4,8
30282,Shâmbulance,hyjal,384,shaman,restoration,12,4,8
30283,Wolfsokar,emerald-dream,384,shaman,restoration,12,4,8
30284,Stackinheals,thrall,384,shaman,restoration,12,4,8
30285,Healswin,sargeras,384,shaman,restoration,12,4,8
30286,Ränton,bleeding-hollow,384,shaman,restoration,12,4,8
30287,Boyyo,maiev,384,shaman,restoration,12,4,8
30288,Porkbrains,emerald-dream,384,shaman,restoration,16,5,11
30289,Dukaman,malganis,384,shaman,restoration,18,4,14
30290,Conductivity,frostmourne,384,shaman,restoration,18,4,14
30291,Kermut,frostmourne,384,shaman,restoration,18,4,14
30292,Bøx,ragnaros,383,shaman,restoration,6,4,2
30293,Rockyisback,illidan,383,shaman,restoration,6,4,2
30294,Hexnation,frostmourne,383,shaman,restoration,6,4,2
30295,Rikswordfire,wyrmrest-accord,383,shaman,restoration,12,4,8
30296,Huugsnkissez,sargeras,383,shaman,restoration,12,4,8
30297,Foogus,tichondrius,383,shaman,restoration,12,4,8
30298,Tandarin,burning-legion,383,shaman,restoration,12,4,8
30299,Ctrlaltelite,burning-blade,383,shaman,restoration,12,4,8
30300,Ânûbis,sargeras,383,shaman,restoration,12,4,8
30301,Sndtome,stormrage,383,shaman,restoration,12,4,8
30302,Elementium,azshara,383,shaman,restoration,12,4,8
30303,Shockshow,zuljin,382,shaman,restoration,12,4,8
30304,Huukron,emerald-dream,382,shaman,restoration,12,4,8
30305,Turbö,hyjal,382,shaman,restoration,12,4,8
30306,Uggbootz,amanthul,379,shaman,restoration,25,4,21
30307,Pche,tichondrius,367,shaman,restoration,11,4,7
30308,Rainingheals,auchindoun,352,shaman,restoration,14,5,9
30309,Shamanakin,emerald-dream,351,shaman,restoration,8,5,3
30310,Tineer,tichondrius,336,shaman,restoration,9,4,5
30311,Avidas,malganis,331,shaman,restoration,15,4,11
30312,Vudu,terokkar,330,shaman,restoration,13,5,8
30313,Stitchez,illidan,330,shaman,restoration,21,5,16
30314,Elevatezxo,stormrage,304,shaman,restoration,7,4,3
30315,Wulfey,sargeras,288,shaman,restoration,6,3,3
30316,Shamjam,moon-guard,288,shaman,restoration,6,3,3
30317,Samac,ravencrest,288,shaman,restoration,6,3,3
30318,Shearx,illidan,288,shaman,restoration,6,3,3
30319,Väsain,wyrmrest-accord,288,shaman,restoration,6,3,3
30320,Voron,kiljaeden,288,shaman,restoration,6,3,3
30321,Smackzs,sargeras,288,shaman,restoration,6,3,3
30322,Pressyocds,darkspear,288,shaman,restoration,6,3,3
30323,Youngie,dathremar,288,shaman,restoration,6,3,3
30324,Digglr,tichondrius,288,shaman,restoration,6,3,3
30325,Sonsii,tichondrius,288,shaman,restoration,6,3,3
30326,Tigs,alleria,288,shaman,restoration,6,3,3
30327,Bigbadpercy,frostmourne,288,shaman,restoration,6,3,3
30328,Phinoi,tichondrius,288,shaman,restoration,6,3,3
30329,Restoele,tichondrius,288,shaman,restoration,6,3,3
30330,Nanishock,area-52,288,shaman,restoration,6,3,3
30331,Curtrex,amanthul,288,shaman,restoration,6,3,3
30332,Gucciblunts,sargeras,288,shaman,restoration,6,3,3
30333,Puntress,barthilas,288,shaman,restoration,6,3,3
30334,Alwinaa,kiljaeden,288,shaman,restoration,6,3,3
30335,Totumstroker,thrall,288,shaman,restoration,6,3,3
30336,Dragonsauce,grizzly-hills,288,shaman,restoration,6,3,3
30337,Sumdumshaman,illidan,288,shaman,restoration,6,3,3
30338,Blaiserpub,tichondrius,288,shaman,restoration,6,3,3
30339,Hiermy,tichondrius,288,shaman,restoration,6,3,3
30340,Wreckaholic,alterac-mountains,288,shaman,restoration,6,3,3
30341,Skrubbles,bleeding-hollow,288,shaman,restoration,6,3,3
30342,Rakkasham,blackrock,288,shaman,restoration,6,3,3
30343,Ñoobshaman,tichondrius,288,shaman,restoration,6,3,3
30344,Slimshämmy,area-52,288,shaman,restoration,6,3,3
30345,Massif,emerald-dream,288,shaman,restoration,6,3,3
30346,Tym,sargeras,288,shaman,restoration,6,3,3
30347,Gunx,darkspear,288,shaman,restoration,6,3,3
30348,Daggonet,sargeras,288,shaman,restoration,6,3,3
30349,Fruityrudyy,area-52,288,shaman,restoration,6,3,3
30350,Chacham,tichondrius,288,shaman,restoration,6,3,3
30351,Cloudsh,silvermoon,288,shaman,restoration,6,3,3
30352,Eleresto,tichondrius,288,shaman,restoration,6,3,3
30353,Zoltide,sargeras,288,shaman,restoration,6,3,3
30354,Apathcat,the-forgotten-coast,288,shaman,restoration,6,3,3
30355,Akupapu,illidan,288,shaman,restoration,6,3,3
30356,Taproots,ursin,288,shaman,restoration,6,3,3
30357,Maana,dragonmaw,288,shaman,restoration,6,3,3
30358,Totemtots,illidan,288,shaman,restoration,6,3,3
30359,Biased,sargeras,288,shaman,restoration,6,3,3
30360,Wastedlink,tichondrius,288,shaman,restoration,6,3,3
30361,Maheva,ragnaros,288,shaman,restoration,6,3,3
30362,Hitchsláp,tichondrius,288,shaman,restoration,6,3,3
30363,Drwaters,lightnings-blade,288,shaman,restoration,6,3,3
30364,Bovinefever,kiljaeden,288,shaman,restoration,6,3,3
30365,Xueticsham,tichondrius,288,shaman,restoration,6,3,3
30366,Slimcube,illidan,288,shaman,restoration,6,3,3
30367,Mudtide,tichondrius,288,shaman,restoration,6,3,3
30368,Laucian,malganis,288,shaman,restoration,6,3,3
30369,Uwuxdlol,tichondrius,288,shaman,restoration,6,3,3
30370,Cloudycloud,tichondrius,288,shaman,restoration,6,3,3
30371,Tampíco,ragnaros,288,shaman,restoration,6,3,3
30372,Sreve,malganis,288,shaman,restoration,6,3,3
30373,Illmental,kelthuzad,288,shaman,restoration,6,3,3
30374,Snowkingx,illidan,288,shaman,restoration,6,3,3
30375,Gargrax,malganis,288,shaman,restoration,6,3,3
30376,Rollînçoàl,malganis,288,shaman,restoration,6,3,3
30377,Herpeaz,kelthuzad,288,shaman,restoration,6,3,3
30378,Yunqboichay,kelthuzad,288,shaman,restoration,6,3,3
30379,Catnïp,maelstrom,288,shaman,restoration,6,3,3
30380,Megadabs,malganis,288,shaman,restoration,6,3,3
30381,Kanntok,quelthalas,288,shaman,restoration,6,3,3
30382,Spencêrf,illidan,288,shaman,restoration,6,3,3
30383,Millionvoltz,tichondrius,288,shaman,restoration,6,3,3
30384,Squidazzle,tichondrius,288,shaman,restoration,8,3,5
30385,Rebelutioni,lothar,288,shaman,restoration,11,3,8
30386,Loanomi,zuljin,288,shaman,restoration,12,3,9
30387,Mochomò,ragnaros,288,shaman,restoration,12,3,9
30388,Meatyball,tichondrius,288,shaman,restoration,12,3,9
30389,Sooweecide,tichondrius,288,shaman,restoration,12,3,9
30390,Equinsuochha,silvermoon,288,shaman,restoration,12,3,9
30391,Calliope,burning-legion,288,shaman,restoration,12,3,9
30392,Pootergash,shadowmoon,288,shaman,restoration,12,3,9
30393,Sliccricc,doomhammer,288,shaman,restoration,12,3,9
30394,Chocobomb,burning-blade,288,shaman,restoration,12,3,9
30395,Scion,thaurissan,288,shaman,restoration,12,3,9
30396,Oomme,area-52,288,shaman,restoration,12,3,9
30397,Possessing,illidan,288,shaman,restoration,12,3,9
30398,Zéwel,tichondrius,288,shaman,restoration,12,3,9
30399,Strawberryz,sargeras,288,shaman,restoration,12,3,9
30400,Showkinho,azralon,288,shaman,restoration,12,3,9
30401,Trysts,wyrmrest-accord,288,shaman,restoration,12,3,9
30402,Mondaymood,illidan,288,shaman,restoration,12,3,9
30403,Galarix,nerzhul,288,shaman,restoration,18,3,15
30404,Valien,kiljaeden,287,shaman,restoration,6,3,3
30405,Racsors,ragnaros,287,shaman,restoration,6,3,3
30406,Trovac,azralon,287,shaman,restoration,6,3,3
30407,Laveidem,frostmourne,287,shaman,restoration,12,3,9
30408,Nottoshammy,dalaran,287,shaman,restoration,12,3,9
30409,Garurt,daggerspine,286,shaman,restoration,12,6,6
30410,Tarlonygg,malganis,281,shaman,restoration,15,6,9
30411,Reddleman,stormrage,256,shaman,restoration,16,3,13
30412,Hilung,lightnings-blade,255,shaman,restoration,11,3,8
30413,Smniss,tichondrius,239,shaman,restoration,5,3,2
30414,Shamanship,haomarush,239,shaman,restoration,5,3,2
30415,Lickerman,stormreaver,239,shaman,restoration,5,3,2
30416,Shamyshame,quelthalas,234,shaman,restoration,6,4,2
30417,Succies,emerald-dream,234,shaman,restoration,16,4,12
30418,Bigripnow,sargeras,234,shaman,restoration,20,4,16
30419,Tokelahoma,stormrage,234,shaman,restoration,22,4,18
30420,Sannyasin,azralon,192,shaman,restoration,6,2,4
30421,Juraf,malganis,192,shaman,restoration,6,2,4
30422,Tamzlol,the-forgotten-coast,192,shaman,restoration,6,2,4
30423,Waterspinach,tichondrius,192,shaman,restoration,6,2,4
30424,Jimmybutler,tichondrius,192,shaman,restoration,6,2,4
30425,Ändiroba,azralon,192,shaman,restoration,6,2,4
30426,Dwârf,tichondrius,192,shaman,restoration,6,2,4
30427,Oprawîndfury,tichondrius,192,shaman,restoration,6,2,4
30428,Cpkzlol,tichondrius,192,shaman,restoration,6,2,4
30429,Dallìa,tichondrius,192,shaman,restoration,6,2,4
30430,Twistër,illidan,192,shaman,restoration,6,2,4
30431,Konga,korialstrasz,192,shaman,restoration,6,2,4
30432,Umadilia,area-52,192,shaman,restoration,6,2,4
30433,Raxxom,tichondrius,192,shaman,restoration,6,2,4
30434,Ara,zuljin,192,shaman,restoration,6,2,4
30435,Duality,shattered-halls,192,shaman,restoration,6,2,4
30436,Purpose,nerzhul,192,shaman,restoration,6,2,4
30437,Subhealth,tichondrius,192,shaman,restoration,6,2,4
30438,Ioki,spirestone,192,shaman,restoration,6,2,4
30439,Aderra,garrosh,192,shaman,restoration,6,2,4
30440,Plutoshaker,tichondrius,192,shaman,restoration,6,2,4
30441,Timbosteve,thrall,192,shaman,restoration,6,2,4
30442,Dabrat,lightnings-blade,192,shaman,restoration,6,2,4
30443,Relâx,icecrown,192,shaman,restoration,6,2,4
30444,Lakeshow,tichondrius,192,shaman,restoration,6,2,4
30445,Zhangyider,illidan,192,shaman,restoration,6,2,4
30446,Thundertusks,norgannon,192,shaman,restoration,6,2,4
30447,Óompaloompa,frostmourne,192,shaman,restoration,6,2,4
30448,Lolcàt,tichondrius,192,shaman,restoration,6,2,4
30449,Mjxholland,aegwynn,192,shaman,restoration,6,2,4
30450,Mauiiei,sargeras,192,shaman,restoration,6,2,4
30451,Notviscent,illidan,192,shaman,restoration,6,2,4
30452,Nbax,tichondrius,192,shaman,restoration,6,2,4
30453,Zâppý,stormrage,192,shaman,restoration,6,2,4
30454,Keldara,aerie-peak,192,shaman,restoration,6,2,4
30455,Cawlin,stormrage,192,shaman,restoration,6,2,4
30456,Kupnicki,zuljin,192,shaman,restoration,6,2,4
30457,Chainandrain,frostmourne,192,shaman,restoration,6,2,4
30458,Lequandarius,sargeras,192,shaman,restoration,6,2,4
30459,Yngvii,tichondrius,192,shaman,restoration,6,2,4
30460,Hruggol,bleeding-hollow,192,shaman,restoration,6,2,4
30461,Sid,frostmourne,192,shaman,restoration,6,2,4
30462,Karnnages,cenarion-circle,192,shaman,restoration,6,2,4
30463,Chungxs,illidan,192,shaman,restoration,6,2,4
30464,Firesurge,sargeras,192,shaman,restoration,6,2,4
30465,Heebeegeebee,stormrage,192,shaman,restoration,6,2,4
30466,Valcn,moon-guard,192,shaman,restoration,6,2,4
30467,Ezeya,area-52,192,shaman,restoration,6,2,4
30468,Shäman,anetheron,192,shaman,restoration,6,2,4
30469,Zugzugpurge,thrall,192,shaman,restoration,6,2,4
30470,Bloodlustxo,frostmourne,192,shaman,restoration,6,2,4
30471,Linkandwink,nerzhul,192,shaman,restoration,6,2,4
30472,Gbe,tichondrius,192,shaman,restoration,6,2,4
30473,Shamansz,stormrage,192,shaman,restoration,6,2,4
30474,Sphaerus,tichondrius,192,shaman,restoration,6,2,4
30475,Dhalishama,thrall,192,shaman,restoration,6,2,4
30476,Gwenstifani,sargeras,192,shaman,restoration,6,2,4
30477,Suspend,gorgonnash,192,shaman,restoration,9,2,7
30478,Kitanoo,kiljaeden,192,shaman,restoration,12,2,10
30479,Bizzy,black-dragonflight,192,shaman,restoration,12,2,10
30480,Wasiri,illidan,192,shaman,restoration,12,2,10
30481,Lomínark,stormrage,192,shaman,restoration,12,2,10
30482,Rhaksh,sargeras,192,shaman,restoration,12,2,10
30483,Rueem,area-52,192,shaman,restoration,12,2,10
30484,Awool,lightbringer,192,shaman,restoration,12,2,10
30485,Soomer,frostmourne,192,shaman,restoration,12,2,10
30486,Aoiiro,dentarg,192,shaman,restoration,12,2,10
30487,Monchsham,area-52,192,shaman,restoration,13,2,11
30488,Kicksave,illidan,192,shaman,restoration,18,2,16
30489,Shockbot,stormscale,192,shaman,restoration,18,2,16
30490,Bootsix,area-52,192,shaman,restoration,18,2,16
30491,Doctermoo,daggerspine,192,shaman,restoration,28,3,25
30492,Roogys,emerald-dream,192,shaman,restoration,22,2,20
30493,Vazan,arthas,191,shaman,restoration,6,2,4
30494,Malsturm,stormrage,191,shaman,restoration,6,2,4
30495,Donix,destromath,191,shaman,restoration,6,2,4
30496,Machalo,sargeras,191,shaman,restoration,6,2,4
30497,Fóurelements,malganis,191,shaman,restoration,6,2,4
30498,Jammylol,frostmourne,180,shaman,restoration,21,6,15
30499,Nolij,sargeras,159,shaman,restoration,5,2,3
30500,Restomilk,tichondrius,159,shaman,restoration,5,2,3
30501,Drowsbad,tichondrius,138,shaman,restoration,10,4,6
30502,Bigdaddyion,thrall,138,shaman,restoration,9,3,6
30503,Swampy,tanaris,138,shaman,restoration,9,3,6
30504,Uggerz,barthilas,138,shaman,restoration,9,3,6
30505,Hueymagoo,firetree,112,shaman,restoration,13,2,11
30506,Jbahr,hyjal,96,shaman,restoration,3,2,1
30507,Eleshamanz,tichondrius,96,shaman,restoration,6,1,5
30508,Liltex,malganis,96,shaman,restoration,6,1,5
30509,Dodey,malganis,96,shaman,restoration,6,1,5
30510,Bayslaps,tichondrius,96,shaman,restoration,6,1,5
30511,Slacken,kiljaeden,96,shaman,restoration,6,1,5
30512,Dasckisham,area-52,96,shaman,restoration,6,1,5
30513,Cyberheler,quelthalas,96,shaman,restoration,6,1,5
30514,Ogeez,area-52,96,shaman,restoration,6,1,5
30515,Daiablo,barthilas,96,shaman,restoration,6,1,5
30516,Iightning,frostwolf,96,shaman,restoration,6,1,5
30517,Restorates,tichondrius,96,shaman,restoration,6,1,5
30518,Stickshaman,sargeras,96,shaman,restoration,6,1,5
30519,Billydreams,drakkari,96,shaman,restoration,6,1,5
30520,Tchamí,blackrock,96,shaman,restoration,6,1,5
30521,Meshugga,scarlet-crusade,96,shaman,restoration,6,1,5
30522,Shapaman,tichondrius,96,shaman,restoration,6,1,5
30523,Ashamanist,barthilas,96,shaman,restoration,6,1,5
30524,Toyletpaper,mugthol,96,shaman,restoration,6,1,5
30525,Camdoc,destromath,96,shaman,restoration,6,1,5
30526,Schmutz,emerald-dream,96,shaman,restoration,6,1,5
30527,Zorg,area-52,96,shaman,restoration,6,1,5
30528,Galiffa,area-52,96,shaman,restoration,6,1,5
30529,Célty,moon-guard,96,shaman,restoration,6,1,5
30530,Teathin,ragnaros,96,shaman,restoration,6,1,5
30531,Babehmakr,lightnings-blade,96,shaman,restoration,6,1,5
30532,Twizzhurp,bleeding-hollow,96,shaman,restoration,6,1,5
30533,Muruaic,dentarg,96,shaman,restoration,6,1,5
30534,Meramin,illidan,96,shaman,restoration,6,1,5
30535,Wannabecdeww,kelthuzad,96,shaman,restoration,6,1,5
30536,Shamoover,kelthuzad,96,shaman,restoration,6,1,5
30537,Finnaburstt,tichondrius,96,shaman,restoration,6,1,5
30538,Totemrack,tichondrius,96,shaman,restoration,6,1,5
30539,Movemaker,shattered-hand,96,shaman,restoration,6,1,5
30540,Paniczone,madoran,96,shaman,restoration,6,1,5
30541,Thenewsherek,maelstrom,96,shaman,restoration,6,1,5
30542,Hadèes,zuljin,96,shaman,restoration,6,1,5
30543,Sshhammann,tichondrius,96,shaman,restoration,6,1,5
30544,Restoz,thrall,96,shaman,restoration,6,1,5
30545,Average,bonechewer,96,shaman,restoration,6,1,5
30546,Cluffatty,tichondrius,96,shaman,restoration,6,1,5
30547,Sleepysham,anubarak,96,shaman,restoration,6,1,5
30548,Asanako,illidan,96,shaman,restoration,6,1,5
30549,Calicø,durotan,96,shaman,restoration,7,1,6
30550,Finark,tichondrius,96,shaman,restoration,7,1,6
30551,Bigbøss,stormrage,96,shaman,restoration,12,1,11
30552,Hexpert,firetree,96,shaman,restoration,12,1,11
30553,Meatlog,dalaran,96,shaman,restoration,12,1,11
30554,Njolmir,khazgoroth,96,shaman,restoration,12,1,11
30555,Tinytiddies,chogall,96,shaman,restoration,12,1,11
30556,Tehbeast,khadgar,96,shaman,restoration,12,1,11
30557,Okdopey,area-52,95,shaman,restoration,6,1,5
30558,Interwebzz,tichondrius,95,shaman,restoration,18,1,17
30559,Lupog,illidan,89,shaman,restoration,8,4,4
30560,Dirtyshammy,mugthol,79,shaman,restoration,11,1,10
30561,Totèm,tichondrius,64,shaman,restoration,4,1,3
30562,Ryforges,frostmourne,63,shaman,restoration,2,2,0
30563,Cónò,tichondrius,42,shaman,restoration,11,4,7
30564,Annöying,ysera,42,shaman,restoration,6,2,4
30565,Applicable,tichondrius,42,shaman,restoration,9,2,7
30566,Julíp,tichondrius,42,shaman,restoration,10,2,8
30567,Shamining,illidan,31,shaman,restoration,2,1,1
30568,Darkn,cenarion-circle,31,shaman,restoration,2,1,1
30569,Cashe,kiljaeden,2368,shaman,elemental,126,80,46
30570,Ttvozzyxy,tichondrius,2349,shaman,elemental,115,72,43
30571,Bronzer,tichondrius,2325,shaman,elemental,75,53,22
30572,Meatbeaterx,aggramar,2195,shaman,elemental,87,48,39
30573,Thegloc,illidan,2168,shaman,elemental,59,36,23
30574,Itzgucci,illidan,2143,shaman,elemental,80,46,34
30575,Benanderson,tichondrius,2137,shaman,elemental,104,59,45
30576,Bøøgaa,proudmoore,2137,shaman,elemental,107,57,50
30577,Jimmysporty,malganis,2135,shaman,elemental,84,43,41
30578,Jgmbs,dalaran,2134,shaman,elemental,106,64,42
30579,Axelsteel,illidan,2132,shaman,elemental,66,45,21
30580,Hitzz,malganis,2127,shaman,elemental,78,49,29
30581,Lardaz,darkspear,2118,shaman,elemental,60,37,23
30582,Crøwgød,tichondrius,2112,shaman,elemental,103,60,43
30583,Hollowbaby,tichondrius,2101,shaman,elemental,73,48,25
30584,Ranjeesh,frostmourne,2098,shaman,elemental,126,71,55
30585,Iavalash,bleeding-hollow,2070,shaman,elemental,160,81,79
30586,Bujii,frostmourne,2068,shaman,elemental,113,62,51
30587,Jeasham,malganis,2055,shaman,elemental,113,58,55
30588,Manofsand,drenden,2027,shaman,elemental,155,82,73
30589,Tisaa,tichondrius,2025,shaman,elemental,66,32,34
30590,Reckfulq,proudmoore,1990,shaman,elemental,108,70,38
30591,Yejinok,tichondrius,1969,shaman,elemental,102,53,49
30592,Shiggenbasta,tichondrius,1966,shaman,elemental,72,39,33
30593,Kaandel,azralon,1960,shaman,elemental,114,54,60
30594,Chunchünmaru,area-52,1957,shaman,elemental,71,40,31
30595,Billycool,tichondrius,1948,shaman,elemental,54,34,20
30596,Bakenquake,tichondrius,1947,shaman,elemental,92,48,44
30597,Joedna,tichondrius,1940,shaman,elemental,70,36,34
30598,Sasageyo,tichondrius,1929,shaman,elemental,81,47,34
30599,Safeword,nesingwary,1919,shaman,elemental,68,39,29
30600,Sleepysham,kelthuzad,1909,shaman,elemental,72,41,31
30601,Scaman,tichondrius,1903,shaman,elemental,36,23,13
30602,Makazar,tichondrius,1901,shaman,elemental,42,26,16
30603,Ultron,deathwing,1890,shaman,elemental,143,74,69
30604,Hedeadxs,illidan,1882,shaman,elemental,60,30,30
30605,Matikz,boulderfist,1878,shaman,elemental,142,78,64
30606,Powerdown,blackrock,1878,shaman,elemental,65,32,33
30607,Tremordrfear,lightbringer,1877,shaman,elemental,30,20,10
30608,Tyar,area-52,1876,shaman,elemental,45,31,14
30609,Juicébox,tichondrius,1874,shaman,elemental,62,35,27
30610,Cùìó,barthilas,1868,shaman,elemental,54,25,29
30611,Kimkar,bleeding-hollow,1862,shaman,elemental,42,23,19
30612,Shockay,tichondrius,1861,shaman,elemental,56,30,26
30613,Geodude,executus,1851,shaman,elemental,41,25,16
30614,Johnsju,sargeras,1847,shaman,elemental,63,33,30
30615,Chemjenn,korgath,1838,shaman,elemental,84,37,47
30616,Skkarz,malganis,1834,shaman,elemental,65,40,25
30617,Depression,baelgun,1834,shaman,elemental,54,33,21
30618,Mavz200744,area-52,1833,shaman,elemental,77,42,35
30619,Starmaker,malganis,1833,shaman,elemental,44,23,21
30620,Molerat,illidan,1830,shaman,elemental,140,65,75
30621,Gaymakaí,sargeras,1828,shaman,elemental,48,27,21
30622,Hotdogwaterx,tichondrius,1817,shaman,elemental,62,42,20
30623,Dxxlol,tichondrius,1816,shaman,elemental,30,26,4
30624,Trenzix,sargeras,1815,shaman,elemental,142,67,75
30625,Beyoncé,lethon,1813,shaman,elemental,42,25,17
30626,Snookìe,sargeras,1813,shaman,elemental,58,28,30
30627,Wangyinanmin,tichondrius,1812,shaman,elemental,30,19,11
30628,Illchayqt,frostmourne,1809,shaman,elemental,41,24,17
30629,Elefusion,sargeras,1806,shaman,elemental,36,22,14
30630,Swigadee,tichondrius,1806,shaman,elemental,72,33,39
30631,Bismarks,frostmourne,1805,shaman,elemental,66,38,28
30632,Hexxás,bloodscalp,1805,shaman,elemental,39,22,17
30633,Luhz,tichondrius,1805,shaman,elemental,48,22,26
30634,Drazziqt,malganis,1803,shaman,elemental,45,27,18
30635,Nonomori,frostmourne,1802,shaman,elemental,48,30,18
30636,Torchic,drakkari,1801,shaman,elemental,60,31,29
30637,Monkeysham,dathremar,1800,shaman,elemental,48,30,18
30638,Elementàlius,quelthalas,1800,shaman,elemental,80,46,34
30639,Utilitytotem,moon-guard,1800,shaman,elemental,102,56,46
30640,Mackq,tichondrius,1800,shaman,elemental,103,54,49
30641,Scherzer,frostwolf,1800,shaman,elemental,90,42,48
30642,Foudre,malganis,1798,shaman,elemental,30,19,11
30643,Zoeytur,sargeras,1793,shaman,elemental,48,25,23
30644,Emppege,tichondrius,1789,shaman,elemental,69,30,39
30645,Vkzz,sargeras,1784,shaman,elemental,49,23,26
30646,Ãmg,tichondrius,1779,shaman,elemental,36,24,12
30647,Gangmembr,illidan,1779,shaman,elemental,36,21,15
30648,Zipzsham,maiev,1776,shaman,elemental,45,33,12
30649,Zqsyyds,illidan,1770,shaman,elemental,35,19,16
30650,Orksham,tichondrius,1770,shaman,elemental,48,24,24
30651,Meatbeaterx,bleeding-hollow,1768,shaman,elemental,42,23,19
30652,Møp,spirestone,1766,shaman,elemental,66,39,27
30653,Donkeyteeth,bleeding-hollow,1766,shaman,elemental,66,38,28
30654,Dampenedxx,bleeding-hollow,1748,shaman,elemental,101,56,45
30655,Blmqt,stormrage,1741,shaman,elemental,35,25,10
30656,Brezel,azralon,1740,shaman,elemental,42,27,15
30657,Hexistential,tichondrius,1731,shaman,elemental,34,26,8
30658,Uglymuger,tichondrius,1730,shaman,elemental,62,30,32
30659,Taranís,sargeras,1730,shaman,elemental,54,25,29
30660,Sshaman,tichondrius,1728,shaman,elemental,58,26,32
30661,Bronzers,tichondrius,1723,shaman,elemental,30,18,12
30662,Apyôn,tichondrius,1719,shaman,elemental,42,24,18
30663,Liquidmagma,deathwing,1715,shaman,elemental,42,24,18
30664,Ayumihamasai,tichondrius,1710,shaman,elemental,60,33,27
30665,Whameradetu,suramar,1706,shaman,elemental,59,26,33
30666,Notahappyone,area-52,1703,shaman,elemental,48,34,14
30667,Osev,stormrage,1703,shaman,elemental,36,21,15
30668,Carondes,proudmoore,1703,shaman,elemental,57,29,28
30669,Mytotemisbig,lothar,1694,shaman,elemental,59,38,21
30670,Notbpage,burning-blade,1694,shaman,elemental,102,51,51
30671,Sonire,tichondrius,1691,shaman,elemental,161,78,83
30672,Soyboyxxo,barthilas,1691,shaman,elemental,83,40,43
30673,Shockyshock,emerald-dream,1683,shaman,elemental,46,29,17
30674,Swiatek,ragnaros,1681,shaman,elemental,43,25,18
30675,Enkix,drakkari,1681,shaman,elemental,42,23,19
30676,Cyhren,illidan,1679,shaman,elemental,54,33,21
30677,Gorjun,stormrage,1679,shaman,elemental,81,38,43
30678,Zugzugdogg,destromath,1674,shaman,elemental,42,23,19
30679,Buffele,tichondrius,1672,shaman,elemental,42,18,24
30680,Jerkdaddy,aggramar,1668,shaman,elemental,30,19,11
30681,Sweatshock,frostmourne,1667,shaman,elemental,92,57,35
30682,Buju,bleeding-hollow,1666,shaman,elemental,140,78,62
30683,Baddaboom,sargeras,1664,shaman,elemental,61,31,30
30684,Illmental,kelthuzad,1658,shaman,elemental,85,44,41
30685,Mercs,frostmourne,1653,shaman,elemental,44,25,19
30686,Kawj,eonar,1652,shaman,elemental,36,21,15
30687,Dyxlol,tichondrius,1652,shaman,elemental,56,25,31
30688,Thaelia,azgalor,1650,shaman,elemental,40,23,17
30689,Walabi,tichondrius,1649,shaman,elemental,50,22,28
30690,Gravygumdrop,tichondrius,1648,shaman,elemental,80,39,41
30691,Zeylhe,proudmoore,1647,shaman,elemental,54,26,28
30692,Hecstacy,dalaran,1645,shaman,elemental,36,23,13
30693,Hexzy,moon-guard,1645,shaman,elemental,47,23,24
30694,Fàlç,stormrage,1644,shaman,elemental,36,21,15
30695,Smoketide,stormrage,1644,shaman,elemental,47,21,26
30696,Shockisha,sisters-of-elune,1644,shaman,elemental,52,23,29
30697,Meatyball,tichondrius,1642,shaman,elemental,35,22,13
30698,Streetmeat,crushridge,1640,shaman,elemental,125,64,61
30699,Deckìn,proudmoore,1637,shaman,elemental,112,60,52
30700,Triknolov,dalaran,1636,shaman,elemental,47,22,25
30701,Billydreams,drakkari,1634,shaman,elemental,123,59,64
30702,Imnumberl,sargeras,1630,shaman,elemental,78,51,27
30703,Hexecute,tichondrius,1630,shaman,elemental,30,17,13
30704,Loxshox,gnomeregan,1628,shaman,elemental,162,84,78
30705,Tenyks,tichondrius,1627,shaman,elemental,40,22,18
30706,Fiftybeers,frostmourne,1627,shaman,elemental,35,19,16
30707,Handzum,blades-edge,1627,shaman,elemental,36,18,18
30708,Caserguy,sargeras,1619,shaman,elemental,52,21,31
30709,Mulak,frostmourne,1616,shaman,elemental,110,54,56
30710,Duality,shattered-halls,1615,shaman,elemental,59,38,21
30711,Flüke,tichondrius,1615,shaman,elemental,42,23,19
30712,Chajaa,ragnaros,1615,shaman,elemental,165,83,82
30713,Squealer,sargeras,1612,shaman,elemental,74,37,37
30714,Gangstà,stormrage,1611,shaman,elemental,66,30,36
30715,Datbigthing,frostmourne,1609,shaman,elemental,54,22,32
30716,Thündermoose,tichondrius,1608,shaman,elemental,42,21,21
30717,Taxd,sargeras,1605,shaman,elemental,40,21,19
30718,Jaimenohex,illidan,1603,shaman,elemental,36,19,17
30719,Nutty,dentarg,1602,shaman,elemental,42,24,18
30720,Tulol,tichondrius,1602,shaman,elemental,114,54,60
30721,Opaltsing,tichondrius,1601,shaman,elemental,39,19,20
30722,Daddykooll,tichondrius,1600,shaman,elemental,36,22,14
30723,Igotu,tichondrius,1595,shaman,elemental,30,17,13
30724,Setò,quelthalas,1591,shaman,elemental,42,22,20
30725,Zelthakaru,emerald-dream,1587,shaman,elemental,42,18,24
30726,Imense,sargeras,1584,shaman,elemental,42,24,18
30727,Ssjgreen,illidan,1580,shaman,elemental,54,26,28
30728,Isekai,alterac-mountains,1579,shaman,elemental,139,69,70
30729,Zap,wyrmrest-accord,1576,shaman,elemental,78,39,39
30730,Cepheí,bleeding-hollow,1573,shaman,elemental,42,19,23
30731,ßævis,magtheridon,1572,shaman,elemental,24,17,7
30732,Óompaloompa,frostmourne,1570,shaman,elemental,42,25,17
30733,Topax,vashj,1568,shaman,elemental,35,21,14
30734,Hadèes,zuljin,1567,shaman,elemental,144,72,72
30735,Heavyboxer,tichondrius,1565,shaman,elemental,42,20,22
30736,Indika,stormrage,1560,shaman,elemental,30,18,12
30737,Climhazard,senjin,1555,shaman,elemental,36,18,18
30738,Shellshocka,korgath,1554,shaman,elemental,38,20,18
30739,Generators,area-52,1553,shaman,elemental,177,88,89
30740,Dtab,tichondrius,1552,shaman,elemental,36,18,18
30741,Illbuyurmom,tichondrius,1552,shaman,elemental,37,17,20
30742,Washedupty,illidan,1550,shaman,elemental,106,53,53
30743,Doodleburger,dathremar,1545,shaman,elemental,50,41,9
30744,Drogues,tichondrius,1543,shaman,elemental,47,26,21
30745,Univearth,emerald-dream,1542,shaman,elemental,66,34,32
30746,Borheals,tichondrius,1538,shaman,elemental,32,18,14
30747,Pikopiko,tichondrius,1535,shaman,elemental,24,16,8
30748,Robot,illidan,1534,shaman,elemental,30,16,14
30749,Simada,tichondrius,1532,shaman,elemental,30,16,14
30750,Harrypotqueu,zuljin,1527,shaman,elemental,30,16,14
30751,Thundermatt,aegwynn,1525,shaman,elemental,81,39,42
30752,Draghul,frostwolf,1520,shaman,elemental,43,24,19
30753,Yasmiel,zuljin,1517,shaman,elemental,54,24,30
30754,Honeybean,tichondrius,1516,shaman,elemental,60,29,31
30755,Clapton,darkspear,1515,shaman,elemental,47,21,26
30756,Magtark,frostwolf,1509,shaman,elemental,30,16,14
30757,Uglymugshock,tichondrius,1509,shaman,elemental,54,24,30
30758,Rss,barthilas,1507,shaman,elemental,47,25,22
30759,Tuntar,ragnaros,1504,shaman,elemental,110,58,52
30760,Cowish,illidan,1487,shaman,elemental,42,23,19
30761,Soulrak,tichondrius,1486,shaman,elemental,94,44,50
30762,Chandye,proudmoore,1485,shaman,elemental,36,16,20
30763,Groundme,malganis,1484,shaman,elemental,29,16,13
30764,Huskër,tichondrius,1483,shaman,elemental,64,38,26
30765,Innvious,sargeras,1483,shaman,elemental,60,28,32
30766,Gloi,ragnaros,1481,shaman,elemental,31,19,12
30767,Evilraven,tichondrius,1477,shaman,elemental,167,82,85
30768,Defrout,kelthuzad,1469,shaman,elemental,54,25,29
30769,Stitchis,black-dragonflight,1466,shaman,elemental,51,29,22
30770,Gahaa,tichondrius,1464,shaman,elemental,23,16,7
30771,Joehogan,stormrage,1463,shaman,elemental,67,40,27
30772,Drazzella,arthas,1445,shaman,elemental,41,19,22
30773,Däbü,tichondrius,1440,shaman,elemental,24,15,9
30774,Lovesthegear,blackrock,1438,shaman,elemental,24,15,9
30775,Biberom,kelthuzad,1434,shaman,elemental,57,32,25
30776,Nøir,drakkari,1432,shaman,elemental,48,20,28
30777,Waterground,tichondrius,1428,shaman,elemental,31,16,15
30778,Saraguthix,dalaran,1427,shaman,elemental,60,27,33
30779,Zugzugthug,moon-guard,1426,shaman,elemental,107,58,49
30780,Cgq,tichondrius,1425,shaman,elemental,54,28,26
30781,Snapstr,illidan,1419,shaman,elemental,36,15,21
30782,Hufflefluffs,kiljaeden,1418,shaman,elemental,38,23,15
30783,Letronix,azralon,1418,shaman,elemental,36,15,21
30784,Blacklm,tichondrius,1413,shaman,elemental,24,15,9
30785,Plotious,antonidas,1413,shaman,elemental,36,19,17
30786,Dumpweed,stormscale,1413,shaman,elemental,42,21,21
30787,Gumballin,sargeras,1412,shaman,elemental,85,41,44
30788,Malosa,hyjal,1411,shaman,elemental,41,16,25
30789,Ragnards,ragnaros,1410,shaman,elemental,38,18,20
30790,Morluné,tichondrius,1407,shaman,elemental,54,26,28
30791,Zappynips,frostmourne,1399,shaman,elemental,39,20,19
30792,Liloggie,illidan,1385,shaman,elemental,23,15,8
30793,Shampainn,demon-soul,1383,shaman,elemental,65,33,32
30794,Ceedlamb,kelthuzad,1381,shaman,elemental,66,34,32
30795,Chonkymilk,illidan,1373,shaman,elemental,44,18,26
30796,Zechary,proudmoore,1372,shaman,elemental,48,19,29
30797,Venekk,shattered-hand,1366,shaman,elemental,29,17,12
30798,Rythia,elune,1363,shaman,elemental,40,18,22
30799,Telain,quelthalas,1360,shaman,elemental,84,42,42
30800,Conductivity,frostmourne,1351,shaman,elemental,30,15,15
30801,Rinnobunen,wyrmrest-accord,1347,shaman,elemental,30,15,15
30802,Spoonforkorc,thrall,1342,shaman,elemental,24,14,10
30803,Hurky,sargeras,1340,shaman,elemental,85,43,42
30804,Eimear,kelthuzad,1336,shaman,elemental,24,14,10
30805,Cocainbear,emerald-dream,1332,shaman,elemental,39,20,19
30806,Rolltìde,tichondrius,1328,shaman,elemental,129,72,57
30807,Totem,burning-legion,1327,shaman,elemental,24,14,10
30808,Ekstasiel,azralon,1323,shaman,elemental,54,28,26
30809,Mittss,sargeras,1323,shaman,elemental,76,39,37
30810,Lenin,nathrezim,1316,shaman,elemental,62,24,38
30811,Jaapo,barthilas,1313,shaman,elemental,61,31,30
30812,Ralae,zuljin,1310,shaman,elemental,23,14,9
30813,Luvstospooj,thaurissan,1308,shaman,elemental,55,23,32
30814,Hüsky,dalaran,1305,shaman,elemental,29,14,15
30815,Hueymagoo,firetree,1295,shaman,elemental,24,14,10
30816,Malrom,kelthuzad,1293,shaman,elemental,243,124,119
30817,Orkuss,illidan,1281,shaman,elemental,23,14,9
30818,Ffaísca,azralon,1279,shaman,elemental,38,19,19
30819,Shamanzinh,azralon,1262,shaman,elemental,36,19,17
30820,Sugirukifuja,stormrage,1258,shaman,elemental,23,16,7
30821,Gambezee,kelthuzad,1247,shaman,elemental,30,13,17
30822,Missedkick,tichondrius,1246,shaman,elemental,18,13,5
30823,Clarix,quelthalas,1241,shaman,elemental,24,13,11
30824,Kkangsiki,tichondrius,1233,shaman,elemental,30,13,17
30825,Edenorion,ragnaros,1232,shaman,elemental,42,20,22
30826,Moacmathi,quelthalas,1232,shaman,elemental,54,23,31
30827,Snewboii,malganis,1231,shaman,elemental,24,13,11
30828,Porkfririe,kelthuzad,1224,shaman,elemental,34,14,20
30829,Yasuriyamile,illidan,1222,shaman,elemental,82,36,46
30830,Chaposz,tichondrius,1221,shaman,elemental,30,13,17
30831,Totemtown,darkspear,1220,shaman,elemental,42,17,25
30832,Synerggy,hakkar,1217,shaman,elemental,114,57,57
30833,Engara,frostmane,1216,shaman,elemental,29,13,16
30834,Øten,area-52,1214,shaman,elemental,30,20,10
30835,Beerofdoom,proudmoore,1214,shaman,elemental,30,15,15
30836,Vulkuro,quelthalas,1214,shaman,elemental,30,13,17
30837,Yippeekiyay,zuluhed,1212,shaman,elemental,33,14,19
30838,Grezzkall,malganis,1207,shaman,elemental,39,19,20
30839,Syile,stormrage,1206,shaman,elemental,26,14,12
30840,Omegaman,lightninghoof,1204,shaman,elemental,69,35,34
30841,Stormsanta,emerald-dream,1203,shaman,elemental,29,13,16
30842,Faygodream,illidan,1203,shaman,elemental,30,13,17
30843,Rafiki,haomarush,1198,shaman,elemental,48,19,29
30844,Mhaal,wyrmrest-accord,1196,shaman,elemental,77,31,46
30845,Alphamael,lightbringer,1195,shaman,elemental,41,21,20
30846,Forgediniron,stormrage,1195,shaman,elemental,36,17,19
30847,Cptnmagma,bleeding-hollow,1189,shaman,elemental,118,55,63
30848,Kumer,tichondrius,1171,shaman,elemental,22,13,9
30849,Bazinguinha,azralon,1169,shaman,elemental,36,15,21
30850,Srbski,emerald-dream,1167,shaman,elemental,26,13,13
30851,Zhokal,quelthalas,1166,shaman,elemental,125,65,60
30852,Jaycobb,area-52,1159,shaman,elemental,30,13,17
30853,Zugdabou,bonechewer,1155,shaman,elemental,66,30,36
30854,Pasto,bleeding-hollow,1152,shaman,elemental,18,12,6
30855,Kustys,tichondrius,1151,shaman,elemental,18,12,6
30856,Krupto,tichondrius,1151,shaman,elemental,24,12,12
30857,Kang,terenas,1150,shaman,elemental,18,12,6
30858,Smiteums,sargeras,1150,shaman,elemental,24,12,12
30859,Poonqtx,frostmourne,1149,shaman,elemental,18,12,6
30860,Electriik,kiljaeden,1146,shaman,elemental,18,12,6
30861,Ratson,ragnaros,1144,shaman,elemental,24,12,12
30862,Yodahh,daggerspine,1131,shaman,elemental,27,15,12
30863,Exoticz,barthilas,1131,shaman,elemental,38,12,26
30864,Johnwilke,area-52,1123,shaman,elemental,43,17,26
30865,Bravederp,kelthuzad,1120,shaman,elemental,63,31,32
30866,Shockazulu,vashj,1109,shaman,elemental,42,22,20
30867,Shamarock,stonemaul,1103,shaman,elemental,42,23,19
30868,Afgoox,tichondrius,1097,shaman,elemental,30,21,9
30869,Yunow,ragnaros,1096,shaman,elemental,48,20,28
30870,Nooglee,malganis,1085,shaman,elemental,27,12,15
30871,Omnath,zuluhed,1083,shaman,elemental,35,19,16
30872,Zappz,thunderlord,1082,shaman,elemental,60,34,26
30873,Karashamy,ragnaros,1078,shaman,elemental,28,12,16
30874,Shammpain,barthilas,1075,shaman,elemental,41,22,19
30875,Semasham,khazgoroth,1068,shaman,elemental,25,12,13
30876,Xoelement,borean-tundra,1062,shaman,elemental,24,12,12
30877,Hazzathxy,tichondrius,1056,shaman,elemental,18,11,7
30878,Petrafk,illidan,1056,shaman,elemental,18,11,7
30879,Bestshamus,sargeras,1056,shaman,elemental,18,11,7
30880,Miroen,tichondrius,1056,shaman,elemental,24,11,13
30881,Pubechin,jubeithos,1056,shaman,elemental,24,11,13
30882,Highsteakss,tichondrius,1055,shaman,elemental,12,11,1
30883,Kymo,tichondrius,1055,shaman,elemental,18,11,7
30884,Smooths,bloodscalp,1055,shaman,elemental,18,11,7
30885,Pipesable,ragnaros,1055,shaman,elemental,18,11,7
30886,Ndndurkadurk,malganis,1055,shaman,elemental,18,11,7
30887,Bootietootie,bleeding-hollow,1055,shaman,elemental,18,11,7
30888,Laelyk,kiljaeden,1055,shaman,elemental,24,11,13
30889,Thuntard,bleeding-hollow,1055,shaman,elemental,24,11,13
30890,Kigoros,bleeding-hollow,1054,shaman,elemental,18,11,7
30891,Sumnah,sargeras,1054,shaman,elemental,42,22,20
30892,Blastuh,kiljaeden,1053,shaman,elemental,18,11,7
30893,Ectomee,tichondrius,1051,shaman,elemental,18,11,7
30894,Taeilendar,ragnaros,1050,shaman,elemental,24,11,13
30895,Nazz,cenarion-circle,1048,shaman,elemental,18,11,7
30896,Üchihamadarâ,tichondrius,1046,shaman,elemental,27,12,15
30897,Skwiglz,tichondrius,1045,shaman,elemental,63,29,34
30898,Minzysm,illidan,1045,shaman,elemental,24,11,13
30899,Enflexi,lightbringer,1044,shaman,elemental,24,11,13
30900,Baltharzhard,saurfang,1040,shaman,elemental,24,11,13
30901,Darkrock,echo-isles,1033,shaman,elemental,24,12,12
30902,Asanako,illidan,1028,shaman,elemental,46,20,26
30903,Rollypolli,gnomeregan,1022,shaman,elemental,72,36,36
30904,Olani,nesingwary,1022,shaman,elemental,38,12,26
30905,Treesntotemz,darkspear,1020,shaman,elemental,18,11,7
30906,Cavolt,stormrage,1017,shaman,elemental,23,11,12
30907,Geladoo,gallywix,1008,shaman,elemental,56,23,33
30908,Wälee,sargeras,1004,shaman,elemental,77,37,40
30909,Firecracker,warsong,1003,shaman,elemental,52,29,23
30910,Shambix,illidan,1002,shaman,elemental,19,12,7
30911,Cheweydadawg,shandris,990,shaman,elemental,23,11,12
30912,Soartotes,sargeras,987,shaman,elemental,22,11,11
30913,Shamanic,dunemaul,984,shaman,elemental,83,31,52
30914,Saanrixa,jubeithos,981,shaman,elemental,72,24,48
30915,Bronan,laughing-skull,976,shaman,elemental,54,20,34
30916,Mistayl,bleeding-hollow,968,shaman,elemental,30,12,18
30917,Dewoverload,garithos,960,shaman,elemental,12,10,2
30918,Smrtdeath,zuljin,960,shaman,elemental,12,10,2
30919,Smeagles,ragnaros,960,shaman,elemental,18,10,8
30920,Mazadu,malganis,960,shaman,elemental,18,10,8
30921,Àspect,aegwynn,960,shaman,elemental,18,10,8
30922,Bigdaddyion,thrall,960,shaman,elemental,18,10,8
30923,Shøckys,tichondrius,960,shaman,elemental,24,10,14
30924,Molbeato,uldum,960,shaman,elemental,24,10,14
30925,Hexoffend,zuljin,959,shaman,elemental,18,10,8
30926,Kodyaj,illidan,959,shaman,elemental,18,10,8
30927,Ñîmåbè,tichondrius,959,shaman,elemental,18,10,8
30928,Tidalstorm,thrall,959,shaman,elemental,18,10,8
30929,Ryukims,tichondrius,959,shaman,elemental,18,10,8
30930,Fruityrudyy,area-52,958,shaman,elemental,18,10,8
30931,Enhancers,sargeras,958,shaman,elemental,18,10,8
30932,Aingry,darkspear,958,shaman,elemental,18,10,8
30933,Moartotems,kelthuzad,957,shaman,elemental,12,10,2
30934,Korlog,tichondrius,957,shaman,elemental,12,10,2
30935,Charabon,ragnaros,957,shaman,elemental,18,10,8
30936,Tunegrote,ragnaros,957,shaman,elemental,24,10,14
30937,Redlava,turalyon,956,shaman,elemental,12,10,2
30938,Shockshammy,kiljaeden,956,shaman,elemental,18,10,8
30939,Sanlu,tichondrius,955,shaman,elemental,59,27,32
30940,Kakaaroto,nemesis,954,shaman,elemental,18,10,8
30941,Tinkd,stormrage,953,shaman,elemental,18,10,8
30942,Izreborn,tichondrius,953,shaman,elemental,24,10,14
30943,Vktr,drakkari,953,shaman,elemental,24,10,14
30944,Discokid,norgannon,951,shaman,elemental,24,10,14
30945,Lezzer,ragnaros,944,shaman,elemental,30,10,20
30946,Proignite,drakthul,934,shaman,elemental,35,17,18
30947,Lavablaster,kelthuzad,932,shaman,elemental,12,10,2
30948,Gorron,frostwolf,929,shaman,elemental,24,10,14
30949,Dooman,area-52,927,shaman,elemental,30,10,20
30950,Golozok,zuljin,923,shaman,elemental,23,10,13
30951,Bushdeedit,stormrage,910,shaman,elemental,23,10,13
30952,Aragog,malygos,899,shaman,elemental,32,16,16
30953,Threehandz,bleeding-hollow,886,shaman,elemental,55,20,35
30954,Boomsele,tichondrius,880,shaman,elemental,13,10,3
30955,Trilz,barthilas,880,shaman,elemental,19,10,9
30956,Zeroclue,area-52,879,shaman,elemental,17,10,7
30957,Destroçadorx,azralon,872,shaman,elemental,20,10,10
30958,Notragii,kelthuzad,864,shaman,elemental,12,9,3
30959,Planetwaves,malganis,864,shaman,elemental,12,9,3
30960,Jer,tichondrius,864,shaman,elemental,12,9,3
30961,Helga,hellscream,864,shaman,elemental,12,9,3
30962,Koalatricks,shadow-council,864,shaman,elemental,12,9,3
30963,Oldcregg,emerald-dream,864,shaman,elemental,12,9,3
30964,Councilman,illidan,864,shaman,elemental,18,9,9
30965,Exceedër,ragnaros,864,shaman,elemental,18,9,9
30966,Ehhmacros,doomhammer,864,shaman,elemental,18,9,9
30967,Owtyobwol,area-52,864,shaman,elemental,18,9,9
30968,Zuescannon,kelthuzad,864,shaman,elemental,18,9,9
30969,Earthclap,tichondrius,864,shaman,elemental,24,9,15
30970,Ðomzy,tichondrius,863,shaman,elemental,12,9,3
30971,Poseidon,kiljaeden,863,shaman,elemental,18,9,9
30972,Earthfirex,ragnaros,863,shaman,elemental,18,9,9
30973,Onnyx,proudmoore,863,shaman,elemental,18,9,9
30974,Blöw,tichondrius,863,shaman,elemental,18,9,9
30975,Skyten,quelthalas,863,shaman,elemental,21,10,11
30976,Dtrumpx,tichondrius,863,shaman,elemental,24,9,15
30977,Xodeus,frostmourne,863,shaman,elemental,24,9,15
30978,Thaél,proudmoore,863,shaman,elemental,24,9,15
30979,Luxenor,kelthuzad,862,shaman,elemental,12,9,3
30980,Tottemic,blackrock,862,shaman,elemental,18,9,9
30981,Phagocytosis,illidan,861,shaman,elemental,18,9,9
30982,Grandwolf,ragnaros,861,shaman,elemental,18,9,9
30983,Jensenx,proudmoore,861,shaman,elemental,24,9,15
30984,Grukall,galakrond,860,shaman,elemental,12,9,3
30985,Ayahuaskah,illidan,860,shaman,elemental,18,9,9
30986,Galabanjø,malganis,860,shaman,elemental,24,9,15
30987,Velekar,moon-guard,858,shaman,elemental,24,9,15
30988,Gorakh,illidan,856,shaman,elemental,18,9,9
30989,Dellnar,nagrand,847,shaman,elemental,18,9,9
30990,Justballs,stormscale,835,shaman,elemental,18,9,9
30991,Shàmpow,darkspear,823,shaman,elemental,17,9,8
30992,Vegaslights,tichondrius,816,shaman,elemental,21,9,12
30993,Thanwirn,ragnaros,809,shaman,elemental,24,9,15
30994,Relâx,icecrown,779,shaman,elemental,19,9,10
30995,Bagovs,tichondrius,768,shaman,elemental,12,8,4
30996,Supbrø,zuluhed,768,shaman,elemental,12,8,4
30997,Xammaa,illidan,768,shaman,elemental,12,8,4
30998,Morabebi,tichondrius,768,shaman,elemental,12,8,4
30999,Talonga,moon-guard,768,shaman,elemental,12,8,4
31000,Biggiechief,illidan,768,shaman,elemental,12,8,4
31001,Squidzy,tichondrius,768,shaman,elemental,12,8,4
31002,Caninius,sargeras,768,shaman,elemental,18,8,10
31003,Shocksrus,arthas,768,shaman,elemental,18,8,10
31004,Momothewolf,malganis,767,shaman,elemental,12,8,4
31005,Shockerfist,thunderlord,767,shaman,elemental,12,8,4
31006,Endorovich,mannoroth,767,shaman,elemental,18,8,10
31007,Mazdamundï,ragnaros,767,shaman,elemental,24,8,16
31008,Kowabounga,ragnaros,766,shaman,elemental,18,8,10
31009,Fênrisulfer,area-52,766,shaman,elemental,18,8,10
31010,Nírnez,ragnaros,765,shaman,elemental,24,8,16
31011,Cheddatotz,illidan,764,shaman,elemental,12,8,4
31012,Pãníç,bladefist,764,shaman,elemental,18,8,10
31013,Maldini,tol-barad,764,shaman,elemental,18,8,10
31014,Toho,ragnaros,764,shaman,elemental,18,8,10
31015,Neebon,jubeithos,763,shaman,elemental,12,8,4
31016,Shammany,stormrage,763,shaman,elemental,18,8,10
31017,Teekona,tichondrius,763,shaman,elemental,18,8,10
31018,Lowiqpleb,tichondrius,719,shaman,elemental,17,8,9
31019,Pileef,thrall,704,shaman,elemental,10,8,2
31020,Dmt,exodar,704,shaman,elemental,22,8,14
31021,Fwwrs,illidan,703,shaman,elemental,14,8,6
31022,Makogo,earthen-ring,686,shaman,elemental,13,8,5
31023,Xinz,guldan,672,shaman,elemental,12,7,5
31024,Shambergler,tichondrius,672,shaman,elemental,12,7,5
31025,Drmeatballmd,tichondrius,672,shaman,elemental,12,7,5
31026,Totemzie,illidan,672,shaman,elemental,12,7,5
31027,Thoraq,bleeding-hollow,672,shaman,elemental,12,7,5
31028,Ayetex,kelthuzad,672,shaman,elemental,12,7,5
31029,Willy,icecrown,672,shaman,elemental,12,7,5
31030,Tatespeech,barthilas,672,shaman,elemental,12,7,5
31031,Chazzwozza,area-52,672,shaman,elemental,12,7,5
31032,Pericazo,sargeras,672,shaman,elemental,12,7,5
31033,Ðøææøð,stormrage,672,shaman,elemental,12,7,5
31034,Rahkarg,korgath,672,shaman,elemental,12,7,5
31035,Xpire,ragnaros,672,shaman,elemental,12,7,5
31036,Humorlava,tichondrius,672,shaman,elemental,12,7,5
31037,Cuban,kelthuzad,672,shaman,elemental,12,7,5
31038,Glizzyjamon,sargeras,672,shaman,elemental,12,7,5
31039,Neotrad,proudmoore,672,shaman,elemental,18,7,11
31040,Eravas,thrall,672,shaman,elemental,18,7,11
31041,Hengler,emerald-dream,672,shaman,elemental,18,7,11
31042,Desdìnova,tortheldrin,672,shaman,elemental,18,7,11
31043,Dansham,zuljin,672,shaman,elemental,24,7,17
31044,Jacori,malganis,671,shaman,elemental,12,7,5
31045,Ôprawindfury,mugthol,671,shaman,elemental,12,7,5
31046,Lenå,moon-guard,671,shaman,elemental,12,7,5
31047,Hairyrichard,zuljin,671,shaman,elemental,12,7,5
31048,Xantoor,area-52,670,shaman,elemental,12,7,5
31049,Grimlên,skullcrusher,669,shaman,elemental,18,7,11
31050,Phuamya,dalaran,667,shaman,elemental,12,7,5
31051,Mîkâ,area-52,664,shaman,elemental,18,7,11
31052,Jyster,area-52,664,shaman,elemental,24,7,17
31053,Totempoke,frostmourne,654,shaman,elemental,11,7,4
31054,Cardanø,illidan,652,shaman,elemental,29,7,22
31055,Cheesewheelz,arthas,651,shaman,elemental,22,7,15
31056,Megalithic,moon-guard,639,shaman,elemental,14,8,6
31057,Koongram,area-52,623,shaman,elemental,11,7,4
31058,Shizzänk,illidan,606,shaman,elemental,11,7,4
31059,Boltadeez,tichondrius,576,shaman,elemental,6,6,0
31060,Adutchcowboy,tichondrius,576,shaman,elemental,6,6,0
31061,Kasparøv,tichondrius,576,shaman,elemental,6,6,0
31062,Funuser,hellscream,576,shaman,elemental,9,7,2
31063,Doorti,area-52,576,shaman,elemental,12,6,6
31064,Sheriffbj,emerald-dream,576,shaman,elemental,12,6,6
31065,Cornivore,malganis,576,shaman,elemental,12,6,6
31066,Jnzz,area-52,576,shaman,elemental,12,6,6
31067,Doommjölnir,sargeras,576,shaman,elemental,12,6,6
31068,Hydroponicz,sargeras,576,shaman,elemental,12,6,6
31069,Finark,tichondrius,576,shaman,elemental,12,6,6
31070,Rubmytotêm,tichondrius,576,shaman,elemental,12,6,6
31071,Redpocket,zuluhed,576,shaman,elemental,12,6,6
31072,Getwetand,quelthalas,576,shaman,elemental,12,6,6
31073,Orkshammy,illidan,576,shaman,elemental,12,6,6
31074,Thunderfaker,tichondrius,576,shaman,elemental,12,6,6
31075,Bustinbooty,kiljaeden,576,shaman,elemental,12,6,6
31076,Storminlorka,sargeras,576,shaman,elemental,12,6,6
31077,Soo,kiljaeden,576,shaman,elemental,12,6,6
31078,Tairen,ragnaros,576,shaman,elemental,12,6,6
31079,Deyodin,illidan,576,shaman,elemental,12,6,6
31080,Traindablue,illidan,576,shaman,elemental,12,6,6
31081,Shockjob,frostmourne,576,shaman,elemental,12,6,6
31082,Zzarit,tichondrius,576,shaman,elemental,13,6,7
31083,Shøckolate,magtheridon,575,shaman,elemental,12,6,6
31084,Deggle,frostwolf,575,shaman,elemental,12,6,6
31085,Procdepartme,area-52,575,shaman,elemental,12,6,6
31086,Skribblez,tichondrius,575,shaman,elemental,12,6,6
31087,Nuofu,illidan,575,shaman,elemental,12,6,6
31088,Apocalypsehb,quelthalas,575,shaman,elemental,12,6,6
31089,Seinnome,azralon,575,shaman,elemental,12,6,6
31090,Moctezumma,area-52,575,shaman,elemental,12,6,6
31091,Nemei,zuljin,575,shaman,elemental,12,6,6
31092,Shachone,zuljin,575,shaman,elemental,12,6,6
31093,Drewshammy,zuljin,575,shaman,elemental,12,6,6
31094,Nomahuata,cenarion-circle,575,shaman,elemental,18,6,12
31095,Grimitt,suramar,575,shaman,elemental,18,6,12
31096,Coffee,mugthol,574,shaman,elemental,18,6,12
31097,Tideborn,azralon,572,shaman,elemental,16,7,9
31098,Totempaul,frostmourne,570,shaman,elemental,18,6,12
31099,Asy,tichondrius,559,shaman,elemental,11,6,5
31100,Aitex,kelthuzad,543,shaman,elemental,15,7,8
31101,Thanen,the-scryers,541,shaman,elemental,16,6,10
31102,Aseew,drakkari,522,shaman,elemental,21,9,12
31103,Zerium,nemesis,495,shaman,elemental,19,6,13
31104,Farku,illidan,480,shaman,elemental,6,5,1
31105,Sxr,moon-guard,480,shaman,elemental,6,5,1
31106,Meatballsx,tichondrius,480,shaman,elemental,6,5,1
31107,Kebboz,frostmourne,480,shaman,elemental,6,5,1
31108,Shamxrob,sargeras,480,shaman,elemental,6,5,1
31109,Lfhotmoms,moon-guard,480,shaman,elemental,6,5,1
31110,Afri,tichondrius,480,shaman,elemental,6,5,1
31111,Vulcansh,azralon,480,shaman,elemental,6,5,1
31112,Hurìon,coilfang,480,shaman,elemental,6,5,1
31113,Lff,stormrage,480,shaman,elemental,6,5,1
31114,Firedchips,tichondrius,480,shaman,elemental,17,8,9
31115,Zajashuna,malganis,480,shaman,elemental,12,5,7
31116,Shamberheard,kelthuzad,480,shaman,elemental,12,5,7
31117,Adesaa,illidan,480,shaman,elemental,12,5,7
31118,Sgorr,illidan,480,shaman,elemental,12,5,7
31119,Zeebouzy,illidan,480,shaman,elemental,12,5,7
31120,Gjaj,tichondrius,480,shaman,elemental,12,5,7
31121,Kanasya,quelthalas,480,shaman,elemental,12,5,7
31122,Arukz,tichondrius,480,shaman,elemental,12,5,7
31123,Wobbleshock,tichondrius,480,shaman,elemental,12,5,7
31124,Everyst,darkspear,480,shaman,elemental,12,5,7
31125,Delement,ragnaros,480,shaman,elemental,12,5,7
31126,Zò,zuljin,480,shaman,elemental,12,5,7
31127,Shamigo,tichondrius,480,shaman,elemental,12,5,7
31128,Eluulne,silvermoon,480,shaman,elemental,12,5,7
31129,Flamestrife,illidan,480,shaman,elemental,12,5,7
31130,Mariarlee,proudmoore,480,shaman,elemental,12,5,7
31131,Cónò,tichondrius,480,shaman,elemental,12,5,7
31132,Slumpinator,tichondrius,480,shaman,elemental,12,5,7
31133,Twistedteas,tichondrius,480,shaman,elemental,12,5,7
31134,Stayz,tichondrius,480,shaman,elemental,12,5,7
31135,Chomolungma,azralon,480,shaman,elemental,12,5,7
31136,Vashidda,stormrage,480,shaman,elemental,12,5,7
31137,Daerönn,azralon,480,shaman,elemental,12,5,7
31138,Richode,burning-legion,480,shaman,elemental,12,5,7
31139,Jènova,whisperwind,480,shaman,elemental,12,5,7
31140,Totemchucker,stormrage,480,shaman,elemental,15,6,9
31141,Shuñk,frostmourne,480,shaman,elemental,18,5,13
31142,Helapoon,area-52,480,shaman,elemental,18,5,13
31143,Firesurge,sargeras,480,shaman,elemental,18,5,13
31144,Arialial,hyjal,480,shaman,elemental,18,5,13
31145,Lugak,ragnaros,480,shaman,elemental,18,5,13
31146,Advìl,area-52,480,shaman,elemental,18,5,13
31147,Madeleines,goldrinn,479,shaman,elemental,6,5,1
31148,Shanão,nemesis,479,shaman,elemental,6,5,1
31149,Killdeaderer,barthilas,479,shaman,elemental,6,5,1
31150,Ðarkvolts,stormrage,479,shaman,elemental,12,5,7
31151,Sparkyy,kelthuzad,479,shaman,elemental,12,5,7
31152,Doughboy,khadgar,478,shaman,elemental,14,6,8
31153,Dizzytotem,dalaran,478,shaman,elemental,12,5,7
31154,Daiskei,nordrassil,476,shaman,elemental,12,5,7
31155,Kinjin,dragonmaw,415,shaman,elemental,14,5,9
31156,Ripklanian,blood-furnace,400,shaman,elemental,13,5,8
31157,Clamson,tichondrius,384,shaman,elemental,6,4,2
31158,Thorlottie,stormrage,384,shaman,elemental,6,4,2
31159,Shammyqua,tichondrius,384,shaman,elemental,6,4,2
31160,Ruugo,malganis,384,shaman,elemental,6,4,2
31161,Merkal,illidan,384,shaman,elemental,6,4,2
31162,Thandius,arygos,384,shaman,elemental,6,4,2
31163,Madelements,tichondrius,384,shaman,elemental,6,4,2
31164,Littz,malganis,384,shaman,elemental,6,4,2
31165,Jimmyapple,illidan,384,shaman,elemental,6,4,2
31166,Blueku,tichondrius,384,shaman,elemental,6,4,2
31167,Simped,bleeding-hollow,384,shaman,elemental,6,4,2
31168,Jeffspicele,emerald-dream,384,shaman,elemental,6,4,2
31169,Dragaru,illidan,384,shaman,elemental,6,4,2
31170,Novoz,tichondrius,384,shaman,elemental,6,4,2
31171,Cduck,zuljin,384,shaman,elemental,6,4,2
31172,Weebdestroyr,illidan,384,shaman,elemental,6,4,2
31173,Aishel,area-52,384,shaman,elemental,6,4,2
31174,Dgshaman,tichondrius,384,shaman,elemental,6,4,2
31175,Munchies,madoran,384,shaman,elemental,6,4,2
31176,Lukora,stonemaul,384,shaman,elemental,6,4,2
31177,Drakhe,proudmoore,384,shaman,elemental,6,4,2
31178,Zenan,stormreaver,384,shaman,elemental,6,4,2
31179,Boogiefever,area-52,384,shaman,elemental,6,4,2
31180,Lasso,shattered-hand,384,shaman,elemental,6,4,2
31181,Elebro,emerald-dream,384,shaman,elemental,6,4,2
31182,Stormflow,dalaran,384,shaman,elemental,6,4,2
31183,Hexellént,kiljaeden,384,shaman,elemental,6,4,2
31184,Creativemind,ragnaros,384,shaman,elemental,6,4,2
31185,Dingfu,sargeras,384,shaman,elemental,6,4,2
31186,Vodord,arathor,384,shaman,elemental,6,4,2
31187,Dromus,dalvengyr,384,shaman,elemental,6,4,2
31188,Greensween,thrall,384,shaman,elemental,6,4,2
31189,Ktom,runetotem,384,shaman,elemental,6,4,2
31190,Brickzilla,dalaran,384,shaman,elemental,6,4,2
31191,Stormsage,jubeithos,384,shaman,elemental,6,4,2
31192,Seraøth,area-52,384,shaman,elemental,6,4,2
31193,Wodgodx,sargeras,384,shaman,elemental,6,4,2
31194,Graveshocks,illidan,384,shaman,elemental,6,4,2
31195,Bitamin,frostmourne,384,shaman,elemental,6,4,2
31196,Minigible,tichondrius,384,shaman,elemental,6,4,2
31197,Borgmash,chogall,384,shaman,elemental,6,4,2
31198,Kilydily,destromath,384,shaman,elemental,6,4,2
31199,Muffïn,moon-guard,384,shaman,elemental,6,4,2
31200,Super,azshara,384,shaman,elemental,14,5,9
31201,Sin,bleeding-hollow,384,shaman,elemental,12,4,8
31202,Oohkillemm,silvermoon,384,shaman,elemental,12,4,8
31203,Kushnations,chogall,384,shaman,elemental,12,4,8
31204,Pozcaster,tichondrius,384,shaman,elemental,12,4,8
31205,Feetfungus,area-52,384,shaman,elemental,12,4,8
31206,Zizö,barthilas,384,shaman,elemental,12,4,8
31207,Shrektar,cenarius,384,shaman,elemental,12,4,8
31208,Lavasurge,area-52,384,shaman,elemental,12,4,8
31209,Sjostrom,proudmoore,384,shaman,elemental,12,4,8
31210,Ayatsu,thrall,384,shaman,elemental,12,4,8
31211,Fatherrtime,illidan,384,shaman,elemental,12,4,8
31212,Krimz,executus,384,shaman,elemental,12,4,8
31213,Rudoboy,ragnaros,384,shaman,elemental,12,4,8
31214,Elryl,sargeras,384,shaman,elemental,12,4,8
31215,Popsoot,area-52,384,shaman,elemental,12,4,8
31216,Hansolorz,tichondrius,384,shaman,elemental,18,4,14
31217,Vjeze,frostmourne,384,shaman,elemental,18,4,14
31218,Pepîllo,ragnaros,384,shaman,elemental,24,4,20
31219,Nezzuk,quelthalas,383,shaman,elemental,6,4,2
31220,Machalo,sargeras,383,shaman,elemental,12,4,8
31221,Potatopirate,burning-legion,381,shaman,elemental,18,4,14
31222,Coffeeblacc,magtheridon,379,shaman,elemental,12,4,8
31223,Babyblake,malganis,351,shaman,elemental,8,5,3
31224,Shk,illidan,351,shaman,elemental,11,4,7
31225,Råys,turalyon,350,shaman,elemental,11,4,7
31226,Stormfronts,kelthuzad,336,shaman,elemental,9,4,5
31227,Trashaman,garona,336,shaman,elemental,9,4,5
31228,Nondracil,ragnaros,336,shaman,elemental,14,4,10
31229,Taraneh,garrosh,325,shaman,elemental,15,5,10
31230,Orochishaman,stormrage,319,shaman,elemental,5,4,1
31231,Sweetbabyraé,bleeding-hollow,304,shaman,elemental,7,4,3
31232,Tsunamibrew,moon-guard,302,shaman,elemental,9,4,5
31233,Shamyuna,dalaran,288,shaman,elemental,6,3,3
31234,Earthfurÿ,quelthalas,288,shaman,elemental,6,3,3
31235,Shocks,alleria,288,shaman,elemental,6,3,3
31236,Malgrave,ragnaros,288,shaman,elemental,6,3,3
31237,Mabite,frostmourne,288,shaman,elemental,6,3,3
31238,Fluffyhex,sargeras,288,shaman,elemental,6,3,3
31239,Fattizer,sargeras,288,shaman,elemental,6,3,3
31240,Axshaman,darkspear,288,shaman,elemental,6,3,3
31241,Éarl,sargeras,288,shaman,elemental,6,3,3
31242,Shadeele,cenarius,288,shaman,elemental,6,3,3
31243,Healingtime,nerzhul,288,shaman,elemental,6,3,3
31244,Häzel,nerzhul,288,shaman,elemental,6,3,3
31245,Blakki,barthilas,288,shaman,elemental,6,3,3
31246,Shizamm,hyjal,288,shaman,elemental,6,3,3
31247,Dì,barthilas,288,shaman,elemental,6,3,3
31248,Daiablo,barthilas,288,shaman,elemental,6,3,3
31249,Passion,sargeras,288,shaman,elemental,6,3,3
31250,Rokogg,thrall,288,shaman,elemental,6,3,3
31251,Shamtactic,thrall,288,shaman,elemental,6,3,3
31252,Arckos,thrall,288,shaman,elemental,6,3,3
31253,Dràgoon,thrall,288,shaman,elemental,6,3,3
31254,Doop,kiljaeden,288,shaman,elemental,6,3,3
31255,Autisty,sargeras,288,shaman,elemental,6,3,3
31256,Groink,kiljaeden,288,shaman,elemental,6,3,3
31257,Flowerchild,proudmoore,288,shaman,elemental,6,3,3
31258,Mønønøke,tichondrius,288,shaman,elemental,6,3,3
31259,Largerwang,sargeras,288,shaman,elemental,6,3,3
31260,Gödöfbüdå,tichondrius,288,shaman,elemental,6,3,3
31261,Applicable,tichondrius,288,shaman,elemental,6,3,3
31262,Bizle,jaedenar,288,shaman,elemental,6,3,3
31263,Ieeguen,tichondrius,288,shaman,elemental,6,3,3
31264,Ggoong,tichondrius,288,shaman,elemental,6,3,3
31265,Statikrage,eonar,288,shaman,elemental,6,3,3
31266,Fobb,area-52,288,shaman,elemental,6,3,3
31267,Trenhance,stormrage,288,shaman,elemental,6,3,3
31268,Rampàge,ragnaros,288,shaman,elemental,6,3,3
31269,Vanëssão,stormrage,288,shaman,elemental,6,3,3
31270,Tokelahoma,stormrage,288,shaman,elemental,6,3,3
31271,Spacemilk,stormrage,288,shaman,elemental,6,3,3
31272,Ragor,quelthalas,288,shaman,elemental,6,3,3
31273,Raiden,gorgonnash,288,shaman,elemental,6,3,3
31274,Fanatix,moon-guard,288,shaman,elemental,6,3,3
31275,Ioki,spirestone,288,shaman,elemental,6,3,3
31276,Zlateral,malganis,288,shaman,elemental,6,3,3
31277,Bolteon,malganis,288,shaman,elemental,6,3,3
31278,Improvize,malganis,288,shaman,elemental,6,3,3
31279,Zynt,illidan,288,shaman,elemental,6,3,3
31280,Zon,laughing-skull,288,shaman,elemental,6,3,3
31281,Malito,ursin,288,shaman,elemental,6,3,3
31282,Palcyon,eonar,288,shaman,elemental,6,3,3
31283,Vibration,akama,288,shaman,elemental,6,3,3
31284,Talfur,area-52,288,shaman,elemental,6,3,3
31285,Scrymax,area-52,288,shaman,elemental,6,3,3
31286,Groundfaults,bleeding-hollow,288,shaman,elemental,6,3,3
31287,Exsh,area-52,288,shaman,elemental,6,3,3
31288,Shàman,durotan,288,shaman,elemental,6,3,3
31289,Beatryx,the-scryers,288,shaman,elemental,6,3,3
31290,Blaydin,elune,288,shaman,elemental,6,3,3
31291,Shajay,area-52,288,shaman,elemental,6,3,3
31292,Grimnur,bleeding-hollow,288,shaman,elemental,11,3,8
31293,Emptee,area-52,288,shaman,elemental,12,3,9
31294,Oznog,bleeding-hollow,288,shaman,elemental,12,3,9
31295,Winiethepoöh,stormrage,288,shaman,elemental,12,3,9
31296,Tdub,frostmourne,288,shaman,elemental,12,3,9
31297,Maxchamo,ragnaros,288,shaman,elemental,12,3,9
31298,Tawahka,hyjal,288,shaman,elemental,12,3,9
31299,Taquitho,quelthalas,288,shaman,elemental,12,3,9
31300,Bloodytotemz,emerald-dream,288,shaman,elemental,12,3,9
31301,Káládin,malganis,288,shaman,elemental,12,3,9
31302,Arakye,stormrage,287,shaman,elemental,6,3,3
31303,Strikzjr,frostmourne,287,shaman,elemental,6,3,3
31304,Cropdustr,sargeras,286,shaman,elemental,6,3,3
31305,Nuggitz,tichondrius,286,shaman,elemental,9,4,5
31306,Hexytimexoqt,thrall,255,shaman,elemental,11,3,8
31307,Hannibol,tichondrius,255,shaman,elemental,11,3,8
31308,Oxxnabatko,amanthul,240,shaman,elemental,9,3,6
31309,Spunjie,frostmourne,239,shaman,elemental,5,3,2
31310,Liamus,amanthul,239,shaman,elemental,5,3,2
31311,Sarahfe,wyrmrest-accord,239,shaman,elemental,5,3,2
31312,Olex,zuluhed,192,shaman,elemental,6,2,4
31313,Hehew,kelthuzad,192,shaman,elemental,6,2,4
31314,Dehsaw,illidan,192,shaman,elemental,6,2,4
31315,Snoocher,kelthuzad,192,shaman,elemental,6,2,4
31316,Bigbadbolt,malganis,192,shaman,elemental,6,2,4
31317,Rokhnar,zuljin,192,shaman,elemental,6,2,4
31318,Shamans,zuljin,192,shaman,elemental,6,2,4
31319,Dadadabang,frostmourne,192,shaman,elemental,6,2,4
31320,Yssyyds,illidan,192,shaman,elemental,6,2,4
31321,Ric,malganis,192,shaman,elemental,6,2,4
31322,Gorillox,chogall,192,shaman,elemental,6,2,4
31323,Killtotem,illidan,192,shaman,elemental,6,2,4
31324,Lenxd,dalaran,192,shaman,elemental,6,2,4
31325,Zugharder,illidan,192,shaman,elemental,6,2,4
31326,Tuksha,alleria,192,shaman,elemental,6,2,4
31327,Shockbot,stormscale,192,shaman,elemental,6,2,4
31328,Smellyogre,area-52,192,shaman,elemental,6,2,4
31329,Beazel,moon-guard,192,shaman,elemental,6,2,4
31330,Bitflip,jubeithos,192,shaman,elemental,6,2,4
31331,Naextramus,ragnaros,192,shaman,elemental,6,2,4
31332,Tampíco,ragnaros,192,shaman,elemental,6,2,4
31333,Ladash,ragnaros,192,shaman,elemental,6,2,4
31334,Whitecake,frostmourne,192,shaman,elemental,6,2,4
31335,Thormzz,tichondrius,192,shaman,elemental,6,2,4
31336,Sumyl,ragnaros,192,shaman,elemental,6,2,4
31337,Folus,azjolnerub,192,shaman,elemental,6,2,4
31338,Shåmwowz,sargeras,192,shaman,elemental,6,2,4
31339,Wrestleman,drakthul,192,shaman,elemental,6,2,4
31340,Dantheman,twisting-nether,192,shaman,elemental,6,2,4
31341,Matzahmeal,skywall,192,shaman,elemental,6,2,4
31342,Manitbaggins,earthen-ring,192,shaman,elemental,6,2,4
31343,Boodissy,tichondrius,192,shaman,elemental,6,2,4
31344,Tartar,lightbringer,192,shaman,elemental,6,2,4
31345,Lilmollet,tichondrius,192,shaman,elemental,6,2,4
31346,Grandmaster,frostmourne,192,shaman,elemental,6,2,4
31347,Yangsangchu,tichondrius,192,shaman,elemental,6,2,4
31348,Piffzorz,tichondrius,192,shaman,elemental,6,2,4
31349,Funeropolis,stormrage,192,shaman,elemental,6,2,4
31350,Britisy,stormrage,192,shaman,elemental,6,2,4
31351,Moodizzle,tichondrius,192,shaman,elemental,6,2,4
31352,Oppaswag,tichondrius,192,shaman,elemental,6,2,4
31353,Krilick,blackrock,192,shaman,elemental,6,2,4
31354,Ínfected,azralon,192,shaman,elemental,6,2,4
31355,Kanbar,emerald-dream,192,shaman,elemental,6,2,4
31356,Yellowfev,thrall,192,shaman,elemental,6,2,4
31357,Zaxibow,area-52,192,shaman,elemental,6,2,4
31358,Saltywap,proudmoore,192,shaman,elemental,6,2,4
31359,Sid,frostmourne,192,shaman,elemental,6,2,4
31360,Puntress,barthilas,192,shaman,elemental,6,2,4
31361,Alleys,tichondrius,192,shaman,elemental,6,2,4
31362,Wempa,moon-guard,192,shaman,elemental,6,2,4
31363,Trizzeh,moon-guard,192,shaman,elemental,6,2,4
31364,Praisegodx,stormrage,192,shaman,elemental,6,2,4
31365,Stickshaman,sargeras,192,shaman,elemental,6,2,4
31366,Withinfinity,stormrage,192,shaman,elemental,6,2,4
31367,Zeldrys,emerald-dream,192,shaman,elemental,6,2,4
31368,Heniu,tichondrius,192,shaman,elemental,6,2,4
31369,Jbahr,hyjal,192,shaman,elemental,6,2,4
31370,Thuggliife,frostmourne,192,shaman,elemental,6,2,4
31371,Blastj,tichondrius,192,shaman,elemental,6,2,4
31372,Oriyani,sargeras,192,shaman,elemental,6,2,4
31373,Shamsky,tichondrius,192,shaman,elemental,6,2,4
31374,Pacapinchhit,azgalor,192,shaman,elemental,6,2,4
31375,Zuroster,kiljaeden,192,shaman,elemental,7,2,5
31376,Harrìson,tichondrius,192,shaman,elemental,12,2,10
31377,Mega,azralon,192,shaman,elemental,12,2,10
31378,Jazzblast,tichondrius,192,shaman,elemental,12,2,10
31379,Jedley,azshara,192,shaman,elemental,12,2,10
31380,Rìddles,malygos,192,shaman,elemental,12,2,10
31381,Cowtidetotem,thrall,192,shaman,elemental,12,2,10
31382,Fluffy,smolderthorn,192,shaman,elemental,12,2,10
31383,Fulingyu,moon-guard,192,shaman,elemental,12,2,10
31384,Azl,guldan,192,shaman,elemental,13,2,11
31385,Eleveil,emerald-dream,191,shaman,elemental,6,2,4
31386,Hakaskry,caelestrasz,191,shaman,elemental,12,2,10
31387,Hazzardttvz,illidan,159,shaman,elemental,5,2,3
31388,Kidkovid,illidan,159,shaman,elemental,17,2,15
31389,Noslol,bronzebeard,138,shaman,elemental,9,3,6
31390,Uracemytotem,kiljaeden,138,shaman,elemental,10,3,7
31391,Bycrax,ragnaros,128,shaman,elemental,4,2,2
31392,Mynigabob,zuljin,128,shaman,elemental,4,2,2
31393,Rahloo,sargeras,127,shaman,elemental,8,2,6
31394,Obiwonsamdi,illidan,96,shaman,elemental,6,1,5
31395,Ognerkish,black-dragonflight,96,shaman,elemental,6,1,5
31396,Succies,emerald-dream,96,shaman,elemental,6,1,5
31397,Sàuron,tichondrius,96,shaman,elemental,6,1,5
31398,Girafasuarx,korgath,96,shaman,elemental,6,1,5
31399,Juicemcroose,zuljin,96,shaman,elemental,6,1,5
31400,Zral,emerald-dream,96,shaman,elemental,6,1,5
31401,Bouje,frostmourne,96,shaman,elemental,6,1,5
31402,Seanie,bleeding-hollow,96,shaman,elemental,6,1,5
31403,Zorgen,anvilmar,96,shaman,elemental,6,1,5
31404,Firevag,hakkar,96,shaman,elemental,6,1,5
31405,Ludacrìtz,stormrage,96,shaman,elemental,6,1,5
31406,Healsquish,area-52,96,shaman,elemental,6,1,5
31407,Cathxy,kelthuzad,96,shaman,elemental,6,1,5
31408,Jalgago,tichondrius,96,shaman,elemental,6,1,5
31409,Bullcowsby,darkspear,96,shaman,elemental,6,1,5
31410,Drmn,frostmourne,96,shaman,elemental,6,1,5
31411,Toxidizetkö,azralon,96,shaman,elemental,6,1,5
31412,Ravaburst,sargeras,96,shaman,elemental,6,1,5
31413,Sinsar,illidan,96,shaman,elemental,6,1,5
31414,Stormklepter,fizzcrank,96,shaman,elemental,6,1,5
31415,Mugiwára,ragnaros,96,shaman,elemental,6,1,5
31416,Gan,silvermoon,96,shaman,elemental,6,1,5
31417,Aegaeonlol,tichondrius,96,shaman,elemental,6,1,5
31418,Akó,quelthalas,96,shaman,elemental,6,1,5
31419,Teathin,ragnaros,96,shaman,elemental,6,1,5
31420,Mcshockturds,tichondrius,96,shaman,elemental,6,1,5
31421,Oldshammy,eldrethalas,96,shaman,elemental,6,1,5
31422,Shamofshame,garrosh,96,shaman,elemental,12,1,11
31423,Ëìê,tichondrius,96,shaman,elemental,18,1,17
31424,Eleshamanz,tichondrius,79,shaman,elemental,5,1,4
31425,Camltotem,tichondrius,79,shaman,elemental,5,1,4
31426,Docadams,chogall,79,shaman,elemental,5,1,4
31427,Esbet,echo-isles,79,shaman,elemental,11,1,10
31428,Mcstop,tanaris,64,shaman,elemental,4,1,3
31429,Hentaistorm,kiljaeden,48,shaman,elemental,3,1,2
31430,Gurdle,frostwolf,48,shaman,elemental,3,1,2
31431,Hothouse,malganis,31,shaman,elemental,2,1,1
31432,Saul,tichondrius,2218,shaman,enhancement,66,42,24
31433,Aýanokoji,tichondrius,2201,shaman,enhancement,137,74,63
31434,Alleys,tichondrius,2179,shaman,enhancement,171,88,83
31435,Rauthgar,dalaran,2148,shaman,enhancement,90,51,39
31436,Opoy,sargeras,2142,shaman,enhancement,201,112,89
31437,Nopnopajnin,tichondrius,2135,shaman,enhancement,112,57,55
31438,Skydre,area-52,2131,shaman,enhancement,89,54,35
31439,Jimmyjobs,tichondrius,2129,shaman,enhancement,114,70,44
31440,Pizzashaman,illidan,2128,shaman,enhancement,106,63,43
31441,Ftyue,area-52,2116,shaman,enhancement,112,59,53
31442,Stew,illidan,2114,shaman,enhancement,113,61,52
31443,Doomwìnds,stormrage,2111,shaman,enhancement,144,81,63
31444,Wetdraenei,moon-guard,2102,shaman,enhancement,271,152,119
31445,Lustingchery,area-52,2101,shaman,enhancement,63,41,22
31446,Mítsurí,tichondrius,2093,shaman,enhancement,138,66,72
31447,Veggiess,emerald-dream,2083,shaman,enhancement,300,150,150
31448,Baseballcap,sargeras,2070,shaman,enhancement,96,58,38
31449,Zarktwo,azralon,2066,shaman,enhancement,114,59,55
31450,Shakeys,tichondrius,2032,shaman,enhancement,71,45,26
31451,Musclebrain,tichondrius,2021,shaman,enhancement,138,67,71
31452,Axegerd,quelthalas,2016,shaman,enhancement,129,71,58
31453,Realypump,area-52,2015,shaman,enhancement,78,42,36
31454,Swrdfsh,tichondrius,2004,shaman,enhancement,168,92,76
31455,Zarasvati,tichondrius,2004,shaman,enhancement,119,63,56
31456,Futeuncle,tichondrius,1991,shaman,enhancement,54,28,26
31457,Dano,tichondrius,1981,shaman,enhancement,96,54,42
31458,Crowns,tichondrius,1981,shaman,enhancement,78,36,42
31459,Windshearbøt,tichondrius,1977,shaman,enhancement,71,43,28
31460,Dopeysimida,illidan,1976,shaman,enhancement,92,57,35
31461,Spippippin,illidan,1972,shaman,enhancement,80,42,38
31462,Musclebrains,tichondrius,1969,shaman,enhancement,66,36,30
31463,Zootywild,tichondrius,1963,shaman,enhancement,123,69,54
31464,Proctopus,moon-guard,1958,shaman,enhancement,142,77,65
31465,Imchuckbass,tichondrius,1957,shaman,enhancement,104,55,49
31466,Superchief,altar-of-storms,1954,shaman,enhancement,86,50,36
31467,Musclebrainz,tichondrius,1952,shaman,enhancement,54,26,28
31468,Balgron,emerald-dream,1949,shaman,enhancement,52,26,26
31469,Ohmálley,tichondrius,1944,shaman,enhancement,62,40,22
31470,Shk,illidan,1938,shaman,enhancement,60,36,24
31471,Ogeezkush,zuljin,1935,shaman,enhancement,160,93,67
31472,Rozboiclique,frostmourne,1929,shaman,enhancement,132,89,43
31473,Heisna,stormrage,1920,shaman,enhancement,259,143,116
31474,Smxxn,tichondrius,1913,shaman,enhancement,66,31,35
31475,Eityhdz,tichondrius,1912,shaman,enhancement,401,207,194
31476,Watergirl,thaurissan,1912,shaman,enhancement,128,65,63
31477,Grommi,proudmoore,1907,shaman,enhancement,202,99,103
31478,Temar,sargeras,1905,shaman,enhancement,81,54,27
31479,Scaman,tichondrius,1904,shaman,enhancement,24,20,4
31480,Cowaii,illidan,1904,shaman,enhancement,60,37,23
31481,Rukagar,barthilas,1902,shaman,enhancement,72,42,30
31482,Keyturn,tichondrius,1899,shaman,enhancement,78,36,42
31483,Oosheratchet,illidan,1896,shaman,enhancement,52,36,16
31484,Kushnations,chogall,1896,shaman,enhancement,36,20,16
31485,Tastydonut,blackrock,1893,shaman,enhancement,65,40,25
31486,Jayhastotems,area-52,1890,shaman,enhancement,96,69,27
31487,Olxsixsm,illidan,1884,shaman,enhancement,74,48,26
31488,Bestshamus,sargeras,1883,shaman,enhancement,71,42,29
31489,Gìmli,tichondrius,1882,shaman,enhancement,65,37,28
31490,Earlainn,stormrage,1879,shaman,enhancement,72,41,31
31491,Plsnerfret,stormrage,1876,shaman,enhancement,48,33,15
31492,Stormrageman,tichondrius,1875,shaman,enhancement,81,49,32
31493,Windfury,chogall,1870,shaman,enhancement,66,35,31
31494,Antek,quelthalas,1868,shaman,enhancement,141,86,55
31495,Doomberrie,thrall,1864,shaman,enhancement,102,59,43
31496,Zarrka,tichondrius,1864,shaman,enhancement,36,20,16
31497,Ballinhance,illidan,1858,shaman,enhancement,48,28,20
31498,Wonima,tichondrius,1858,shaman,enhancement,35,20,15
31499,Zanderpla,kelthuzad,1856,shaman,enhancement,72,41,31
31500,Timzero,tichondrius,1855,shaman,enhancement,60,33,27
31501,Lavitris,illidan,1854,shaman,enhancement,42,29,13
31502,Konfuzious,emerald-dream,1849,shaman,enhancement,123,72,51
31503,Norlak,antonidas,1849,shaman,enhancement,60,32,28
31504,Undertów,area-52,1847,shaman,enhancement,48,26,22
31505,Rawdòggin,emerald-dream,1844,shaman,enhancement,42,30,12
31506,Xakaeri,hyjal,1844,shaman,enhancement,60,36,24
31507,Vanhalestorm,frostmourne,1841,shaman,enhancement,58,30,28
31508,Artenior,stormrage,1841,shaman,enhancement,89,44,45
31509,Megalithic,moon-guard,1840,shaman,enhancement,62,44,18
31510,Ishano,area-52,1839,shaman,enhancement,48,23,25
31511,Berxek,tichondrius,1835,shaman,enhancement,48,27,21
31512,Thuntard,bleeding-hollow,1835,shaman,enhancement,66,33,33
31513,Beañ,barthilas,1830,shaman,enhancement,303,153,150
31514,Shamanabuser,illidan,1825,shaman,enhancement,60,27,33
31515,Kiddfurious,kelthuzad,1823,shaman,enhancement,72,36,36
31516,Midwestern,emerald-dream,1822,shaman,enhancement,44,26,18
31517,Blueraccoon,tichondrius,1821,shaman,enhancement,57,35,22
31518,Hooftoface,moon-guard,1821,shaman,enhancement,72,40,32
31519,Gladdorta,azralon,1821,shaman,enhancement,54,30,24
31520,Btruez,tichondrius,1819,shaman,enhancement,63,35,28
31521,Thunderlaw,area-52,1819,shaman,enhancement,82,44,38
31522,Whírlwínd,area-52,1818,shaman,enhancement,30,19,11
31523,Harrypotqueu,zuljin,1817,shaman,enhancement,54,29,25
31524,Léxar,sargeras,1817,shaman,enhancement,72,33,39
31525,Sarthuul,emerald-dream,1814,shaman,enhancement,48,30,18
31526,Thrallas,frostmourne,1814,shaman,enhancement,54,33,21
31527,Boombigshaq,ysera,1813,shaman,enhancement,38,25,13
31528,Louiev,bleeding-hollow,1812,shaman,enhancement,48,28,20
31529,Legendslayar,area-52,1811,shaman,enhancement,42,27,15
31530,Typhe,bleeding-hollow,1811,shaman,enhancement,30,19,11
31531,Nygiants,tichondrius,1810,shaman,enhancement,24,19,5
31532,Xibalba,khaz-modan,1810,shaman,enhancement,96,57,39
31533,Sassyx,steamwheedle-cartel,1810,shaman,enhancement,48,27,21
31534,Iamashaman,malganis,1810,shaman,enhancement,302,154,148
31535,Algresh,muradin,1809,shaman,enhancement,36,19,17
31536,Bikboisteez,barthilas,1808,shaman,enhancement,92,47,45
31537,Shakeysham,tichondrius,1806,shaman,enhancement,24,19,5
31538,Lashandtrash,tichondrius,1806,shaman,enhancement,30,19,11
31539,Garai,emerald-dream,1805,shaman,enhancement,105,55,50
31540,Niuniudada,illidan,1805,shaman,enhancement,84,39,45
31541,Kltz,sargeras,1804,shaman,enhancement,41,23,18
31542,Ëxceeder,ragnaros,1803,shaman,enhancement,78,46,32
31543,Madonion,zuljin,1803,shaman,enhancement,60,31,29
31544,Blakki,barthilas,1801,shaman,enhancement,66,40,26
31545,Turbowolf,sargeras,1800,shaman,enhancement,98,43,55
31546,Landlordxx,area-52,1795,shaman,enhancement,52,32,20
31547,Fwwrs,illidan,1793,shaman,enhancement,37,26,11
31548,Mcshockturds,tichondrius,1791,shaman,enhancement,137,77,60
31549,Cunkinator,stormrage,1787,shaman,enhancement,91,61,30
31550,Turdfergesen,destromath,1787,shaman,enhancement,64,33,31
31551,Wautyriex,area-52,1783,shaman,enhancement,48,23,25
31552,Cammeez,area-52,1781,shaman,enhancement,79,41,38
31553,Krovn,stormrage,1772,shaman,enhancement,60,33,27
31554,Novedz,illidan,1767,shaman,enhancement,62,32,30
31555,Muisor,quelthalas,1763,shaman,enhancement,60,33,27
31556,Biubiuz,tichondrius,1757,shaman,enhancement,96,60,36
31557,Shylabuffkin,area-52,1755,shaman,enhancement,64,35,29
31558,Shearx,illidan,1754,shaman,enhancement,69,41,28
31559,Beaviis,frostmourne,1749,shaman,enhancement,48,29,19
31560,Soshatsumi,tichondrius,1749,shaman,enhancement,76,42,34
31561,Boboyaga,emerald-dream,1748,shaman,enhancement,42,21,21
31562,Kalvishdam,dalaran,1746,shaman,enhancement,36,25,11
31563,Mercó,bleeding-hollow,1741,shaman,enhancement,48,26,22
31564,Metako,sargeras,1737,shaman,enhancement,71,38,33
31565,Electricity,tichondrius,1735,shaman,enhancement,73,31,42
31566,Thromjin,ragnaros,1731,shaman,enhancement,65,39,26
31567,Xaltas,moon-guard,1727,shaman,enhancement,72,46,26
31568,Darkcnight,stormrage,1727,shaman,enhancement,54,31,23
31569,Adalid,thrall,1724,shaman,enhancement,42,31,11
31570,Reflexsivx,malganis,1722,shaman,enhancement,48,29,19
31571,Hallofcost,illidan,1715,shaman,enhancement,54,34,20
31572,Cwippin,proudmoore,1712,shaman,enhancement,134,77,57
31573,Slapnarp,wyrmrest-accord,1710,shaman,enhancement,82,42,40
31574,Nyckysh,illidan,1706,shaman,enhancement,76,41,35
31575,Stewtwo,illidan,1705,shaman,enhancement,39,22,17
31576,Wrathics,emerald-dream,1702,shaman,enhancement,60,32,28
31577,Stormnala,zuljin,1700,shaman,enhancement,41,26,15
31578,Tdlz,tichondrius,1698,shaman,enhancement,62,41,21
31579,Bbshock,stormrage,1698,shaman,enhancement,84,50,34
31580,Halfzugzug,sargeras,1697,shaman,enhancement,30,21,9
31581,Axelsteel,illidan,1697,shaman,enhancement,48,21,27
31582,Bitsuey,frostmourne,1696,shaman,enhancement,84,46,38
31583,Stonetrog,blackrock,1695,shaman,enhancement,24,19,5
31584,Platanos,proudmoore,1694,shaman,enhancement,68,40,28
31585,Xiaoxiaoxi,tichondrius,1694,shaman,enhancement,42,23,19
31586,Miketideson,proudmoore,1693,shaman,enhancement,72,38,34
31587,Hecks,malorne,1692,shaman,enhancement,90,49,41
31588,Zappithorus,stormrage,1691,shaman,enhancement,36,24,12
31589,Sonofabat,spirestone,1689,shaman,enhancement,124,67,57
31590,Shamezee,stormreaver,1689,shaman,enhancement,47,22,25
31591,Plzbuffme,dalaran,1688,shaman,enhancement,54,34,20
31592,Jàro,thrall,1688,shaman,enhancement,42,20,22
31593,Asumo,azralon,1687,shaman,enhancement,63,34,29
31594,Elryl,sargeras,1686,shaman,enhancement,116,64,52
31595,Gorgonash,magtheridon,1684,shaman,enhancement,42,22,20
31596,Durozu,tichondrius,1682,shaman,enhancement,36,18,18
31597,Vortexfury,area-52,1682,shaman,enhancement,42,20,22
31598,Wingshaman,illidan,1680,shaman,enhancement,196,104,92
31599,Geeblast,area-52,1676,shaman,enhancement,53,34,19
31600,Bòómz,stormrage,1674,shaman,enhancement,130,62,68
31601,Jazzlightnin,tichondrius,1670,shaman,enhancement,29,18,11
31602,Pla,tichondrius,1670,shaman,enhancement,144,82,62
31603,Volkuul,zuljin,1669,shaman,enhancement,72,40,32
31604,Synivabyatch,eonar,1668,shaman,enhancement,66,37,29
31605,Onlyshams,dalaran,1666,shaman,enhancement,36,22,14
31606,Bodai,magtheridon,1666,shaman,enhancement,36,21,15
31607,Shocksrus,arthas,1665,shaman,enhancement,42,25,17
31608,Doex,thrall,1662,shaman,enhancement,42,21,21
31609,Tandrian,daggerspine,1662,shaman,enhancement,36,18,18
31610,Dcg,hyjal,1654,shaman,enhancement,47,22,25
31611,Døømsdáy,thrall,1652,shaman,enhancement,90,49,41
31612,Vonvulviln,emerald-dream,1651,shaman,enhancement,41,21,20
31613,Windflex,emerald-dream,1651,shaman,enhancement,85,43,42
31614,Roysoy,stormrage,1648,shaman,enhancement,72,45,27
31615,Shinian,tichondrius,1648,shaman,enhancement,39,23,16
31616,Haishoe,stormrage,1647,shaman,enhancement,52,31,21
31617,Judgeesham,bleeding-hollow,1647,shaman,enhancement,45,23,22
31618,Shapaman,tichondrius,1644,shaman,enhancement,30,22,8
31619,Volsdeep,illidan,1644,shaman,enhancement,52,31,21
31620,Elemores,tichondrius,1642,shaman,enhancement,66,40,26
31621,Loabud,tichondrius,1641,shaman,enhancement,30,18,12
31622,Dalianyen,bladefist,1638,shaman,enhancement,40,19,21
31623,Ràntòn,bleeding-hollow,1637,shaman,enhancement,35,24,11
31624,Seanan,tichondrius,1635,shaman,enhancement,42,28,14
31625,Askpuntee,sargeras,1635,shaman,enhancement,42,25,17
31626,Lavamon,illidan,1631,shaman,enhancement,48,26,22
31627,Orkuss,illidan,1631,shaman,enhancement,48,25,23
31628,Tettnanger,azralon,1630,shaman,enhancement,31,19,12
31629,Slashpity,stormrage,1630,shaman,enhancement,63,33,30
31630,Omaguap,tichondrius,1628,shaman,enhancement,50,29,21
31631,Toobeastly,deathwing,1628,shaman,enhancement,42,24,18
31632,Flabby,lightbringer,1627,shaman,enhancement,36,17,19
31633,Hxzard,stormrage,1626,shaman,enhancement,36,17,19
31634,Stormbash,ragnaros,1626,shaman,enhancement,54,23,31
31635,Åvarice,shattered-halls,1626,shaman,enhancement,54,22,32
31636,Alablast,malganis,1625,shaman,enhancement,36,21,15
31637,Jyupaonaiwa,tichondrius,1625,shaman,enhancement,30,17,13
31638,Shamom,silver-hand,1624,shaman,enhancement,112,64,48
31639,Zapnclap,tichondrius,1623,shaman,enhancement,42,24,18
31640,Smash,fenris,1623,shaman,enhancement,82,42,40
31641,Frëdstorm,kelthuzad,1622,shaman,enhancement,91,45,46
31642,Ironaddictz,kiljaeden,1620,shaman,enhancement,51,30,21
31643,Venmoo,illidan,1620,shaman,enhancement,42,20,22
31644,Ceasebelief,tichondrius,1619,shaman,enhancement,30,21,9
31645,Deyodin,illidan,1619,shaman,enhancement,26,18,8
31646,Shamikazi,crushridge,1617,shaman,enhancement,119,69,50
31647,Shamgawd,illidan,1617,shaman,enhancement,36,20,16
31648,Bjorengahr,emerald-dream,1615,shaman,enhancement,30,20,10
31649,Keeba,wyrmrest-accord,1615,shaman,enhancement,48,27,21
31650,Forksin,tichondrius,1615,shaman,enhancement,48,20,28
31651,Meataballa,the-underbog,1614,shaman,enhancement,24,17,7
31652,Stýlébéñdér,kelthuzad,1613,shaman,enhancement,24,17,7
31653,Yakora,stormrage,1613,shaman,enhancement,36,22,14
31654,Drakhe,proudmoore,1612,shaman,enhancement,110,60,50
31655,Robdaman,tichondrius,1607,shaman,enhancement,24,18,6
31656,Egirlshmu,stormrage,1606,shaman,enhancement,48,28,20
31657,Kindaretro,tichondrius,1605,shaman,enhancement,42,27,15
31658,Totemnikiel,stormrage,1602,shaman,enhancement,84,39,45
31659,Revtide,thrall,1597,shaman,enhancement,30,19,11
31660,Soupi,illidan,1597,shaman,enhancement,66,39,27
31661,Poizele,tichondrius,1594,shaman,enhancement,270,147,123
31662,Aibheit,area-52,1592,shaman,enhancement,24,22,2
31663,Jerykco,drakkari,1591,shaman,enhancement,36,20,16
31664,Nøname,azshara,1591,shaman,enhancement,149,74,75
31665,Tootshock,illidan,1585,shaman,enhancement,42,21,21
31666,Deemmorti,stormrage,1584,shaman,enhancement,46,26,20
31667,Split,zuljin,1581,shaman,enhancement,154,86,68
31668,Anadal,kargath,1580,shaman,enhancement,42,19,23
31669,Zavar,tichondrius,1579,shaman,enhancement,77,40,37
31670,Täcti,tichondrius,1579,shaman,enhancement,60,31,29
31671,Struck,emerald-dream,1576,shaman,enhancement,104,66,38
31672,Harrìson,tichondrius,1575,shaman,enhancement,29,17,12
31673,Gambazzlok,terokkar,1573,shaman,enhancement,42,25,17
31674,Thunda,black-dragonflight,1572,shaman,enhancement,30,21,9
31675,Zeroshocks,kelthuzad,1572,shaman,enhancement,30,19,11
31676,Eliteshamann,tichondrius,1570,shaman,enhancement,42,23,19
31677,Nÿh,quelthalas,1569,shaman,enhancement,48,27,21
31678,Ðr,earthen-ring,1569,shaman,enhancement,104,57,47
31679,Shamanees,area-52,1567,shaman,enhancement,106,52,54
31680,Shmnsm,kiljaeden,1565,shaman,enhancement,42,18,24
31681,Krûde,tichondrius,1564,shaman,enhancement,95,56,39
31682,Uracemytotem,kiljaeden,1562,shaman,enhancement,84,51,33
31683,Armønixx,ragnaros,1562,shaman,enhancement,108,62,46
31684,ßurstmedaddy,bleeding-hollow,1557,shaman,enhancement,36,27,9
31685,Dankthunda,stormrage,1557,shaman,enhancement,114,63,51
31686,Thiccsha,moon-guard,1554,shaman,enhancement,36,17,19
31687,Cayed,stormscale,1553,shaman,enhancement,84,44,40
31688,Eyecandi,barthilas,1553,shaman,enhancement,121,60,61
31689,Dirtyunique,tichondrius,1549,shaman,enhancement,84,49,35
31690,Beaversniper,tichondrius,1549,shaman,enhancement,42,20,22
31691,Shámdemons,area-52,1547,shaman,enhancement,78,46,32
31692,Killavicious,area-52,1547,shaman,enhancement,54,24,30
31693,Speedrush,nagrand,1546,shaman,enhancement,38,25,13
31694,Thilv,ravenholdt,1543,shaman,enhancement,30,19,11
31695,Mindfields,barthilas,1542,shaman,enhancement,73,42,31
31696,Clappadactyl,frostmourne,1542,shaman,enhancement,63,34,29
31697,Heäven,malganis,1539,shaman,enhancement,139,75,64
31698,Grx,tichondrius,1539,shaman,enhancement,41,22,19
31699,Small,alleria,1538,shaman,enhancement,60,32,28
31700,Thewindman,sargeras,1535,shaman,enhancement,48,22,26
31701,Gorillahazed,tichondrius,1535,shaman,enhancement,90,41,49
31702,Anzet,ragnaros,1534,shaman,enhancement,24,16,8
31703,Derzwaz,draka,1532,shaman,enhancement,29,17,12
31704,Shoresy,kaelthas,1531,shaman,enhancement,36,20,16
31705,Khormac,moon-guard,1529,shaman,enhancement,64,43,21
31706,Larrylardazz,tichondrius,1529,shaman,enhancement,85,51,34
31707,Loadiez,frostmourne,1527,shaman,enhancement,30,21,9
31708,Shamwows,dalaran,1524,shaman,enhancement,142,69,73
31709,Hurrikaine,dalaran,1522,shaman,enhancement,80,40,40
31710,Greenydapooh,nerzhul,1515,shaman,enhancement,30,16,14
31711,Bräindëad,hyjal,1514,shaman,enhancement,54,32,22
31712,Wortwort,tichondrius,1514,shaman,enhancement,83,40,43
31713,Clenlift,emerald-dream,1510,shaman,enhancement,102,57,45
31714,Hellamental,malganis,1509,shaman,enhancement,30,16,14
31715,Hehew,kelthuzad,1508,shaman,enhancement,42,26,16
31716,Deshamann,illidan,1507,shaman,enhancement,59,24,35
31717,Tumble,frostmourne,1504,shaman,enhancement,84,46,38
31718,Mixn,frostmourne,1503,shaman,enhancement,75,46,29
31719,Kronkxd,malganis,1501,shaman,enhancement,30,16,14
31720,Smartbunny,illidan,1500,shaman,enhancement,222,108,114
31721,Sinestario,illidan,1497,shaman,enhancement,50,28,22
31722,Elementin,kelthuzad,1495,shaman,enhancement,78,37,41
31723,Justincasé,sargeras,1494,shaman,enhancement,66,31,35
31724,Earthfirex,ragnaros,1493,shaman,enhancement,48,25,23
31725,Hephron,area-52,1493,shaman,enhancement,72,32,40
31726,Quakenbake,emerald-dream,1491,shaman,enhancement,33,20,13
31727,Shockmehard,area-52,1486,shaman,enhancement,59,49,10
31728,Nomoreswap,zuljin,1486,shaman,enhancement,24,16,8
31729,Udb,the-scryers,1486,shaman,enhancement,29,18,11
31730,Taowth,tichondrius,1486,shaman,enhancement,29,16,13
31731,Konga,korialstrasz,1483,shaman,enhancement,38,22,16
31732,Ragnarocck,sargeras,1479,shaman,enhancement,75,36,39
31733,Dashmmy,dalaran,1478,shaman,enhancement,54,26,28
31734,Zugzugenh,stormrage,1475,shaman,enhancement,36,18,18
31735,Atthegates,illidan,1472,shaman,enhancement,90,37,53
31736,Arlikai,arthas,1470,shaman,enhancement,59,20,39
31737,Makocc,tichondrius,1469,shaman,enhancement,62,28,34
31738,Lakindrentv,gorefiend,1467,shaman,enhancement,30,17,13
31739,Skyzik,area-52,1465,shaman,enhancement,54,34,20
31740,Woof,agamaggan,1464,shaman,enhancement,30,16,14
31741,Earthlsflat,tichondrius,1463,shaman,enhancement,31,21,10
31742,Daddyzap,stormrage,1462,shaman,enhancement,104,58,46
31743,Lyrzsa,blackwing-lair,1461,shaman,enhancement,44,27,17
31744,Flirstatic,nemesis,1459,shaman,enhancement,97,52,45
31745,Amasaei,bleeding-hollow,1453,shaman,enhancement,54,26,28
31746,Somebozo,darkspear,1453,shaman,enhancement,72,32,40
31747,Goribash,wyrmrest-accord,1449,shaman,enhancement,42,26,16
31748,Sndhlp,tichondrius,1446,shaman,enhancement,28,20,8
31749,Calich,kelthuzad,1445,shaman,enhancement,38,23,15
31750,Zmogon,quelthalas,1445,shaman,enhancement,32,16,16
31751,Stubbywayne,area-52,1445,shaman,enhancement,112,54,58
31752,Lavabone,dalaran,1443,shaman,enhancement,54,21,33
31753,Rexoss,hyjal,1442,shaman,enhancement,117,60,57
31754,Tamtam,gorefiend,1438,shaman,enhancement,24,15,9
31755,Gaelfury,malganis,1436,shaman,enhancement,42,22,20
31756,Qvibin,tichondrius,1435,shaman,enhancement,30,21,9
31757,Scrötotem,saurfang,1435,shaman,enhancement,71,40,31
31758,Däbü,tichondrius,1435,shaman,enhancement,30,15,15
31759,Friednocap,kelthuzad,1435,shaman,enhancement,48,21,27
31760,Rojhaz,stormrage,1433,shaman,enhancement,42,25,17
31761,Maribain,barthilas,1432,shaman,enhancement,60,37,23
31762,Whydead,sargeras,1431,shaman,enhancement,72,40,32
31763,Riptiedx,barthilas,1430,shaman,enhancement,24,15,9
31764,Earfshock,thrall,1428,shaman,enhancement,74,41,33
31765,Iamurfather,magtheridon,1427,shaman,enhancement,89,45,44
31766,Convolutedx,tichondrius,1427,shaman,enhancement,30,15,15
31767,Ventus,thrall,1427,shaman,enhancement,54,25,29
31768,Teeroll,frostmourne,1426,shaman,enhancement,36,22,14
31769,Cowely,madoran,1423,shaman,enhancement,30,17,13
31770,Rokogg,thrall,1422,shaman,enhancement,121,68,53
31771,Raazzasham,moon-guard,1422,shaman,enhancement,65,34,31
31772,Silyshamshyt,stormrage,1421,shaman,enhancement,24,15,9
31773,Neyavv,tichondrius,1418,shaman,enhancement,40,20,20
31774,Mackandal,tichondrius,1417,shaman,enhancement,80,39,41
31775,Tyven,tichondrius,1415,shaman,enhancement,42,17,25
31776,Mudroller,moon-guard,1414,shaman,enhancement,52,24,28
31777,Lavawreckage,malganis,1412,shaman,enhancement,48,25,23
31778,Dimitrio,azralon,1409,shaman,enhancement,42,18,24
31779,Fhenh,proudmoore,1408,shaman,enhancement,64,35,29
31780,Getacho,stormrage,1407,shaman,enhancement,102,46,56
31781,Nankdug,tichondrius,1405,shaman,enhancement,45,24,21
31782,Tizzl,kelthuzad,1403,shaman,enhancement,30,17,13
31783,Surtel,tichondrius,1401,shaman,enhancement,66,28,38
31784,Djasura,blackhand,1400,shaman,enhancement,47,25,22
31785,Shabenn,proudmoore,1400,shaman,enhancement,48,18,30
31786,Zzar,daggerspine,1398,shaman,enhancement,36,20,16
31787,Scrototëm,azralon,1398,shaman,enhancement,57,27,30
31788,Djelemental,darkspear,1394,shaman,enhancement,27,17,10
31789,Shamann,azshara,1393,shaman,enhancement,57,29,28
31790,Stickysham,illidan,1391,shaman,enhancement,30,20,10
31791,Shipmatekev,sargeras,1386,shaman,enhancement,54,29,25
31792,Zktz,warsong,1385,shaman,enhancement,31,17,14
31793,Rbmx,frostmourne,1384,shaman,enhancement,70,41,29
31794,Abigdude,frostmourne,1384,shaman,enhancement,47,24,23
31795,Lazugga,area-52,1378,shaman,enhancement,80,42,38
31796,Tyzek,illidan,1375,shaman,enhancement,42,26,16
31797,Gettatotem,frostmourne,1373,shaman,enhancement,30,17,13
31798,Shamrockcawk,malganis,1372,shaman,enhancement,30,21,9
31799,Raylord,ragnaros,1364,shaman,enhancement,83,46,37
31800,Montí,moon-guard,1361,shaman,enhancement,83,51,32
31801,Grohltusk,barthilas,1360,shaman,enhancement,42,24,18
31802,Borwald,dalaran,1359,shaman,enhancement,90,45,45
31803,Johnwilke,area-52,1356,shaman,enhancement,119,59,60
31804,Hagass,tichondrius,1354,shaman,enhancement,55,26,29
31805,Isbabani,moon-guard,1353,shaman,enhancement,30,16,14
31806,Argrax,sargeras,1350,shaman,enhancement,36,24,12
31807,Chalked,stormrage,1348,shaman,enhancement,93,46,47
31808,Orcshamen,tichondrius,1347,shaman,enhancement,42,24,18
31809,Mybadshawty,tichondrius,1347,shaman,enhancement,72,32,40
31810,Drumman,skullcrusher,1346,shaman,enhancement,70,39,31
31811,Pockethealer,emerald-dream,1344,shaman,enhancement,108,54,54
31812,Xiaoxiboy,tichondrius,1342,shaman,enhancement,18,14,4
31813,Keyturns,tichondrius,1342,shaman,enhancement,18,14,4
31814,Dugomik,malganis,1342,shaman,enhancement,77,39,38
31815,Tsaheylu,barthilas,1342,shaman,enhancement,48,22,26
31816,Kaediea,moon-guard,1341,shaman,enhancement,18,14,4
31817,Rngena,trollbane,1341,shaman,enhancement,24,14,10
31818,Dashinra,stormrage,1341,shaman,enhancement,26,15,11
31819,Clumpen,thunderhorn,1341,shaman,enhancement,29,16,13
31820,Crøwgød,tichondrius,1340,shaman,enhancement,24,14,10
31821,Trashfarmer,tichondrius,1340,shaman,enhancement,78,35,43
31822,Stormgraves,moon-guard,1337,shaman,enhancement,24,14,10
31823,Thromir,blackwing-lair,1333,shaman,enhancement,30,17,13
31824,Tkarfuno,exodar,1333,shaman,enhancement,30,14,16
31825,Aldinatir,ragnaros,1332,shaman,enhancement,24,14,10
31826,Clownshòes,tichondrius,1328,shaman,enhancement,30,17,13
31827,Psilocypher,nazjatar,1327,shaman,enhancement,26,19,7
31828,Leschaises,skullcrusher,1325,shaman,enhancement,27,18,9
31829,Firevag,hakkar,1321,shaman,enhancement,72,38,34
31830,Bessame,sargeras,1320,shaman,enhancement,82,41,41
31831,Shamorrhoids,frostmourne,1311,shaman,enhancement,118,62,56
31832,Harvesting,azralon,1311,shaman,enhancement,30,14,16
31833,Prymalfury,illidan,1311,shaman,enhancement,84,37,47
31834,Díesel,azralon,1306,shaman,enhancement,29,14,15
31835,Obeilius,illidan,1303,shaman,enhancement,49,25,24
31836,Lüca,wyrmrest-accord,1303,shaman,enhancement,130,65,65
31837,Whichdoctah,proudmoore,1302,shaman,enhancement,30,14,16
31838,Blasho,ragnaros,1302,shaman,enhancement,48,19,29
31839,Atroll,moonrunner,1300,shaman,enhancement,48,20,28
31840,Rongkhan,tichondrius,1296,shaman,enhancement,35,20,15
31841,Vapus,area-52,1294,shaman,enhancement,89,47,42
31842,Cbomberz,tichondrius,1294,shaman,enhancement,37,18,19
31843,Murlook,sargeras,1292,shaman,enhancement,58,37,21
31844,Fyahchaming,drakkari,1288,shaman,enhancement,34,19,15
31845,Jackofstorms,veknilash,1285,shaman,enhancement,56,25,31
31846,Baloneyfiveo,kiljaeden,1284,shaman,enhancement,32,17,15
31847,Stormwolf,emerald-dream,1284,shaman,enhancement,36,18,18
31848,Mairn,tichondrius,1282,shaman,enhancement,42,20,22
31849,Piffenstien,malganis,1282,shaman,enhancement,54,25,29
31850,Deathjoker,icecrown,1279,shaman,enhancement,48,26,22
31851,Peynful,shadowsong,1277,shaman,enhancement,23,14,9
31852,Zechary,proudmoore,1273,shaman,enhancement,54,33,21
31853,Jäyp,thrall,1270,shaman,enhancement,30,14,16
31854,Popsmoke,gnomeregan,1265,shaman,enhancement,23,14,9
31855,Datblueboi,dalaran,1263,shaman,enhancement,76,39,37
31856,Gorebog,feathermoon,1259,shaman,enhancement,42,23,19
31857,Obrahma,burning-legion,1258,shaman,enhancement,24,16,8
31858,Taò,tichondrius,1254,shaman,enhancement,75,37,38
31859,Holosoul,bleeding-hollow,1254,shaman,enhancement,67,27,40
31860,Ryuuraix,area-52,1245,shaman,enhancement,21,14,7
31861,Mobi,tichondrius,1243,shaman,enhancement,24,13,11
31862,Lenin,nathrezim,1242,shaman,enhancement,18,13,5
31863,Dalthragoz,tichondrius,1239,shaman,enhancement,24,13,11
31864,Dalsun,turalyon,1237,shaman,enhancement,30,13,17
31865,Furrybâstard,wyrmrest-accord,1235,shaman,enhancement,24,13,11
31866,Githealed,kelthuzad,1234,shaman,enhancement,27,15,12
31867,Vozs,proudmoore,1233,shaman,enhancement,60,34,26
31868,Willy,icecrown,1230,shaman,enhancement,23,13,10
31869,Magmao,quelthalas,1228,shaman,enhancement,38,22,16
31870,Lamagra,nemesis,1227,shaman,enhancement,18,13,5
31871,Kasukaga,shadowmoon,1227,shaman,enhancement,54,23,31
31872,Uglykunt,barthilas,1224,shaman,enhancement,111,62,49
31873,Netherfury,illidan,1224,shaman,enhancement,51,28,23
31874,Totesmagotes,scilla,1223,shaman,enhancement,18,13,5
31875,Shamantwo,windrunner,1223,shaman,enhancement,24,13,11
31876,Kohatan,moon-guard,1220,shaman,enhancement,28,14,14
31877,Mullten,sargeras,1219,shaman,enhancement,36,15,21
31878,Kamíhameha,stormrage,1218,shaman,enhancement,44,20,24
31879,Zheúz,azralon,1218,shaman,enhancement,32,14,18
31880,Onezap,trollbane,1214,shaman,enhancement,43,17,26
31881,Hammeredd,hyjal,1212,shaman,enhancement,36,18,18
31882,Slowgrath,burning-legion,1202,shaman,enhancement,33,19,14
31883,Sinsar,illidan,1200,shaman,enhancement,35,13,22
31884,Trenbolone,maiev,1194,shaman,enhancement,48,26,22
31885,Killbro,blackrock,1194,shaman,enhancement,62,24,38
31886,Spiderjohn,sargeras,1189,shaman,enhancement,30,18,12
31887,Gdiafplox,thunderhorn,1186,shaman,enhancement,54,27,27
31888,Lightnessx,stormrage,1185,shaman,enhancement,36,13,23
31889,Djshammy,barthilas,1183,shaman,enhancement,28,15,13
31890,Àspec,aegwynn,1182,shaman,enhancement,16,13,3
31891,Enhancementz,azralon,1174,shaman,enhancement,68,37,31
31892,Mëister,stormrage,1170,shaman,enhancement,47,18,29
31893,Finnaburstt,tichondrius,1162,shaman,enhancement,54,29,25
31894,Parallels,blackrock,1161,shaman,enhancement,45,16,29
31895,Camdoc,destromath,1156,shaman,enhancement,41,19,22
31896,Robis,thrall,1156,shaman,enhancement,84,38,46
31897,Splendapapi,stormrage,1155,shaman,enhancement,38,13,25
31898,Gangmember,shadowmoon,1152,shaman,enhancement,18,12,6
31899,Crownsx,tichondrius,1152,shaman,enhancement,24,12,12
31900,Jinxicle,illidan,1151,shaman,enhancement,18,12,6
31901,Shamcowhah,frostmourne,1151,shaman,enhancement,18,12,6
31902,Lutheran,dragonmaw,1151,shaman,enhancement,35,14,21
31903,Nyknicks,tichondrius,1150,shaman,enhancement,18,12,6
31904,Hanhze,quelthalas,1150,shaman,enhancement,30,18,12
31905,Dialtone,blackrock,1150,shaman,enhancement,30,12,18
31906,Rainjig,emerald-dream,1149,shaman,enhancement,21,12,9
31907,Olíndo,tichondrius,1146,shaman,enhancement,18,12,6
31908,Seltheran,tichondrius,1146,shaman,enhancement,18,12,6
31909,Saraguthix,dalaran,1141,shaman,enhancement,18,12,6
31910,Fourstorms,gundrak,1141,shaman,enhancement,37,19,18
31911,Extraguacpls,tichondrius,1139,shaman,enhancement,18,12,6
31912,Wagar,dawnbringer,1139,shaman,enhancement,30,12,18
31913,Sydstorm,frostmourne,1137,shaman,enhancement,18,12,6
31914,Popz,dark-iron,1128,shaman,enhancement,18,12,6
31915,ßøn,altar-of-storms,1125,shaman,enhancement,33,16,17
31916,Astroglyde,emerald-dream,1123,shaman,enhancement,24,12,12
31917,Chapope,quelthalas,1120,shaman,enhancement,22,14,8
31918,Shøxic,perenolde,1118,shaman,enhancement,18,12,6
31919,Drokron,azralon,1118,shaman,enhancement,36,17,19
31920,Catiçero,azralon,1117,shaman,enhancement,30,12,18
31921,Schlemiel,barthilas,1112,shaman,enhancement,82,36,46
31922,Cseril,bonechewer,1111,shaman,enhancement,71,41,30
31923,Lassoway,illidan,1110,shaman,enhancement,30,12,18
31924,Synshenrongt,thrall,1109,shaman,enhancement,166,68,98
31925,Lilpump,boulderfist,1106,shaman,enhancement,26,13,13
31926,Shaminism,chromaggus,1103,shaman,enhancement,23,12,11
31927,Groundfaults,bleeding-hollow,1103,shaman,enhancement,29,12,17
31928,Ashida,stormrage,1086,shaman,enhancement,26,14,12
31929,Nîghtstalker,vashj,1081,shaman,enhancement,52,20,32
31930,Svddëndëath,sargeras,1079,shaman,enhancement,60,22,38
31931,Valkriie,tichondrius,1072,shaman,enhancement,19,12,7
31932,Shamgødx,dalaran,1056,shaman,enhancement,12,11,1
31933,Gamergirlx,area-52,1056,shaman,enhancement,18,11,7
31934,Gatorwaves,bleeding-hollow,1056,shaman,enhancement,18,11,7
31935,Pedaphil,frostmourne,1056,shaman,enhancement,18,11,7
31936,Dä,tichondrius,1056,shaman,enhancement,24,11,13
31937,Shamawolf,stormrage,1055,shaman,enhancement,12,11,1
31938,Leaning,wyrmrest-accord,1055,shaman,enhancement,18,11,7
31939,Shampowl,jaedenar,1055,shaman,enhancement,30,11,19
31940,Möuthbläster,malganis,1054,shaman,enhancement,12,11,1
31941,Syraak,elune,1054,shaman,enhancement,15,12,3
31942,Rtÿo,area-52,1054,shaman,enhancement,18,11,7
31943,Balldo,stormrage,1054,shaman,enhancement,30,11,19
31944,Buffdudé,illidan,1052,shaman,enhancement,24,11,13
31945,Peepingtotem,tichondrius,1052,shaman,enhancement,24,11,13
31946,Faminex,dragonmaw,1051,shaman,enhancement,12,11,1
31947,Elementalïst,durotan,1051,shaman,enhancement,18,11,7
31948,Kungfuvoodoo,tichondrius,1050,shaman,enhancement,18,11,7
31949,Dronesum,tichondrius,1050,shaman,enhancement,24,11,13
31950,Totegoat,nazjatar,1050,shaman,enhancement,30,11,19
31951,Scams,bleeding-hollow,1049,shaman,enhancement,30,18,12
31952,Vöödooranger,stormrage,1048,shaman,enhancement,18,11,7
31953,Eze,tichondrius,1047,shaman,enhancement,19,12,7
31954,Sparkqt,sargeras,1047,shaman,enhancement,18,11,7
31955,Hazak,nemesis,1047,shaman,enhancement,42,19,23
31956,Johnnygeh,stormrage,1047,shaman,enhancement,30,11,19
31957,Stormwolf,azjolnerub,1045,shaman,enhancement,36,20,16
31958,Jamblee,sargeras,1043,shaman,enhancement,18,11,7
31959,Jyster,area-52,1043,shaman,enhancement,48,18,30
31960,Sigir,darrowmere,1042,shaman,enhancement,24,11,13
31961,Trulos,stormrage,1041,shaman,enhancement,18,11,7
31962,Bobaflexqt,korgath,1039,shaman,enhancement,18,11,7
31963,Hannibol,tichondrius,1036,shaman,enhancement,72,25,47
31964,Allmeatie,hyjal,1035,shaman,enhancement,18,11,7
31965,Zalkran,area-52,1034,shaman,enhancement,24,15,9
31966,Lovetides,area-52,1031,shaman,enhancement,24,14,10
31967,Sevare,area-52,1023,shaman,enhancement,21,12,9
31968,Tøtëm,tichondrius,1021,shaman,enhancement,28,12,16
31969,Raxabico,nemesis,1017,shaman,enhancement,32,12,20
31970,Pùffball,anvilmar,1011,shaman,enhancement,57,29,28
31971,Tukkutz,moon-guard,1006,shaman,enhancement,27,12,15
31972,Dedlystorm,dalaran,1003,shaman,enhancement,18,12,6
31973,Hoodfigga,tichondrius,1002,shaman,enhancement,23,11,12
31974,Bigbólts,emerald-dream,1001,shaman,enhancement,18,12,6
31975,Stroheim,warsong,1000,shaman,enhancement,21,12,9
31976,Poseidonxd,lightbringer,1000,shaman,enhancement,23,13,10
31977,Slaughterdog,coilfang,995,shaman,enhancement,22,13,9
31978,Prinkipíssa,tichondrius,994,shaman,enhancement,36,16,20
31979,Pwnôgraphy,kelthuzad,989,shaman,enhancement,14,11,3
31980,Deckìn,proudmoore,987,shaman,enhancement,14,11,3
31981,Shomani,madoran,983,shaman,enhancement,29,11,18
31982,Shammybreakx,malganis,971,shaman,enhancement,35,20,15
31983,Ctrlaltelite,burning-blade,971,shaman,enhancement,36,11,25
31984,Freyía,illidan,960,shaman,enhancement,12,10,2
31985,Futeboy,tichondrius,960,shaman,enhancement,18,10,8
31986,Enhance,sargeras,960,shaman,enhancement,18,10,8
31987,Mcb,barthilas,960,shaman,enhancement,18,10,8
31988,Beanerburst,frostwolf,960,shaman,enhancement,24,11,13
31989,Zatchbell,lightnings-blade,960,shaman,enhancement,30,13,17
31990,Lokrath,zangarmarsh,959,shaman,enhancement,12,10,2
31991,Pikachil,tichondrius,959,shaman,enhancement,15,11,4
31992,Vonnsmallpp,area-52,959,shaman,enhancement,18,10,8
31993,Kumboi,frostmourne,959,shaman,enhancement,24,10,14
31994,Unezx,tichondrius,958,shaman,enhancement,12,10,2
31995,Marginalized,tichondrius,958,shaman,enhancement,18,10,8
31996,Ggsggs,akama,958,shaman,enhancement,18,10,8
31997,Leotis,tichondrius,957,shaman,enhancement,18,10,8
31998,Kandin,icecrown,957,shaman,enhancement,24,10,14
31999,Keroh,blackrock,956,shaman,enhancement,18,10,8
32000,Súrtr,sargeras,955,shaman,enhancement,18,10,8
32001,Aelpian,emerald-dream,954,shaman,enhancement,18,10,8
32002,Ryntyntyn,blood-furnace,954,shaman,enhancement,24,10,14
32003,Beardcramps,tichondrius,954,shaman,enhancement,30,10,20
32004,Pumpz,magtheridon,953,shaman,enhancement,24,10,14
32005,Fireclaws,bleeding-hollow,952,shaman,enhancement,18,10,8
32006,Bloodytotemz,emerald-dream,944,shaman,enhancement,18,10,8
32007,Iamegirl,moon-guard,935,shaman,enhancement,23,10,13
32008,Hordeymaori,jubeithos,929,shaman,enhancement,80,38,42
32009,Çhïcagø,aegwynn,928,shaman,enhancement,28,10,18
32010,Thanwirn,ragnaros,924,shaman,enhancement,30,13,17
32011,Wälee,sargeras,921,shaman,enhancement,18,10,8
32012,Gammacide,sargeras,921,shaman,enhancement,29,10,19
32013,Oct,thrall,912,shaman,enhancement,36,18,18
32014,Grimlên,skullcrusher,910,shaman,enhancement,32,12,20
32015,Wigwog,hyjal,901,shaman,enhancement,18,10,8
32016,Interruptbøt,tichondrius,895,shaman,enhancement,11,10,1
32017,Ongruge,hyjal,895,shaman,enhancement,60,22,38
32018,Orfelix,nemesis,889,shaman,enhancement,30,11,19
32019,ßlessedx,tichondrius,875,shaman,enhancement,17,10,7
32020,Nibrax,moknathal,864,shaman,enhancement,12,9,3
32021,Solbis,tichondrius,864,shaman,enhancement,12,9,3
32022,Blackenergy,stormrage,864,shaman,enhancement,12,9,3
32023,Deixw,tichondrius,864,shaman,enhancement,12,9,3
32024,Raídyn,sargeras,864,shaman,enhancement,12,9,3
32025,Cyclrin,sargeras,864,shaman,enhancement,12,9,3
32026,Lickerman,stormreaver,863,shaman,enhancement,12,9,3
32027,Ephraalin,frostmourne,863,shaman,enhancement,18,9,9
32028,Chaac,firetree,863,shaman,enhancement,18,9,9
32029,Rubious,cenarius,863,shaman,enhancement,19,9,10
32030,Okkoto,malfurion,862,shaman,enhancement,12,9,3
32031,Ginjij,thrall,862,shaman,enhancement,18,9,9
32032,Îvôry,bloodhoof,862,shaman,enhancement,18,9,9
32033,Tigtotem,malganis,861,shaman,enhancement,12,9,3
32034,Gorgrom,thunderlord,861,shaman,enhancement,12,9,3
32035,Canabal,eonar,861,shaman,enhancement,18,9,9
32036,Dilfmaster,tichondrius,861,shaman,enhancement,21,10,11
32037,Forgediniron,stormrage,859,shaman,enhancement,18,9,9
32038,Rikswordfire,wyrmrest-accord,859,shaman,enhancement,23,9,14
32039,Hazorele,nagrand,857,shaman,enhancement,18,9,9
32040,Bilbobaggenz,sargeras,854,shaman,enhancement,18,9,9
32041,Windfuryshm,emerald-dream,853,shaman,enhancement,18,9,9
32042,Pingatronx,ragnaros,849,shaman,enhancement,19,12,7
32043,Shayymann,exodar,843,shaman,enhancement,24,9,15
32044,Googurt,barthilas,831,shaman,enhancement,17,9,8
32045,Taowth,area-52,831,shaman,enhancement,29,9,20
32046,Britisy,stormrage,825,shaman,enhancement,24,10,14
32047,Yâmz,area-52,813,shaman,enhancement,21,10,11
32048,Poagrious,bonechewer,804,shaman,enhancement,34,11,23
32049,Thorael,borean-tundra,798,shaman,enhancement,11,9,2
32050,Totemclass,bleeding-hollow,768,shaman,enhancement,12,8,4
32051,Ennoku,khadgar,768,shaman,enhancement,12,8,4
32052,Plznostepmom,tichondrius,768,shaman,enhancement,12,8,4
32053,Chillpoppin,emerald-dream,768,shaman,enhancement,12,8,4
32054,Clasm,tichondrius,768,shaman,enhancement,12,8,4
32055,Cinderfury,magtheridon,768,shaman,enhancement,12,8,4
32056,Onamakawash,black-dragonflight,768,shaman,enhancement,12,8,4
32057,Mobiediqônú,skywall,768,shaman,enhancement,12,8,4
32058,Arázi,wyrmrest-accord,768,shaman,enhancement,18,8,10
32059,Pinechanga,ragnaros,768,shaman,enhancement,18,8,10
32060,Sethbrogen,vashj,768,shaman,enhancement,18,8,10
32061,Napski,cenarius,768,shaman,enhancement,24,8,16
32062,Tyranitaur,frostmourne,768,shaman,enhancement,24,8,16
32063,Faultline,khadgar,767,shaman,enhancement,12,8,4
32064,Elevatezxo,stormrage,767,shaman,enhancement,12,8,4
32065,Volrog,magtheridon,767,shaman,enhancement,18,8,10
32066,Garabashi,boulderfist,767,shaman,enhancement,18,8,10
32067,Cuban,kelthuzad,767,shaman,enhancement,18,8,10
32068,Niteshammy,lothar,767,shaman,enhancement,18,8,10
32069,Finaplex,spirestone,767,shaman,enhancement,18,8,10
32070,Reptimus,sargeras,767,shaman,enhancement,24,8,16
32071,Vekku,ragnaros,766,shaman,enhancement,12,8,4
32072,Chamxz,ragnaros,766,shaman,enhancement,12,8,4
32073,Mcgraff,frostmourne,766,shaman,enhancement,12,8,4
32074,Adhdeeznuts,frostmourne,766,shaman,enhancement,18,8,10
32075,Shometrin,tichondrius,766,shaman,enhancement,18,8,10
32076,Triní,ragnaros,761,shaman,enhancement,18,8,10
32077,Orendail,jubeithos,758,shaman,enhancement,24,8,16
32078,Shimshak,destromath,756,shaman,enhancement,18,8,10
32079,Kumu,stormscale,735,shaman,enhancement,11,8,3
32080,Ryb,sargeras,735,shaman,enhancement,14,9,5
32081,Radan,kelthuzad,735,shaman,enhancement,17,8,9
32082,Dàfèng,wyrmrest-accord,719,shaman,enhancement,23,8,15
32083,Blackshami,quelthalas,718,shaman,enhancement,18,8,10
32084,Pwnskillz,area-52,712,shaman,enhancement,17,8,9
32085,Shamvandám,kiljaeden,710,shaman,enhancement,24,10,14
32086,Hammerdog,illidan,703,shaman,enhancement,16,8,8
32087,Grìmlock,lightbringer,687,shaman,enhancement,13,8,5
32088,Battleimp,kelthuzad,672,shaman,enhancement,12,7,5
32089,Døømwinds,tichondrius,672,shaman,enhancement,12,7,5
32090,Flukz,nazjatar,672,shaman,enhancement,12,7,5
32091,Eimear,kelthuzad,672,shaman,enhancement,12,7,5
32092,Overpowered,korgath,672,shaman,enhancement,12,7,5
32093,Enhance,bleeding-hollow,672,shaman,enhancement,12,7,5
32094,Lividelement,area-52,672,shaman,enhancement,12,7,5
32095,Mattzander,kiljaeden,672,shaman,enhancement,12,7,5
32096,Jofstrom,tichondrius,672,shaman,enhancement,12,7,5
32097,Asy,tichondrius,672,shaman,enhancement,12,7,5
32098,Vlal,tichondrius,672,shaman,enhancement,12,7,5
32099,Goondruka,area-52,672,shaman,enhancement,12,7,5
32100,Shockshack,illidan,672,shaman,enhancement,12,7,5
32101,Yaytotems,sargeras,672,shaman,enhancement,12,7,5
32102,Shokaria,frostwolf,672,shaman,enhancement,17,8,9
32103,Stronghit,tichondrius,672,shaman,enhancement,18,7,11
32104,Kidkovid,illidan,672,shaman,enhancement,18,7,11
32105,Raywhiter,tichondrius,672,shaman,enhancement,22,8,14
32106,Hexondabeach,barthilas,671,shaman,enhancement,12,7,5
32107,Shomminn,tichondrius,671,shaman,enhancement,12,7,5
32108,Murm,burning-blade,671,shaman,enhancement,12,7,5
32109,Ayahuaska,darkspear,671,shaman,enhancement,12,7,5
32110,Checkmâte,emerald-dream,671,shaman,enhancement,12,7,5
32111,Nondracil,ragnaros,671,shaman,enhancement,18,7,11
32112,Gwyste,moon-guard,671,shaman,enhancement,18,7,11
32113,Hrotah,wyrmrest-accord,671,shaman,enhancement,18,7,11
32114,Naesala,thunderlord,671,shaman,enhancement,18,7,11
32115,Enhancee,bonechewer,671,shaman,enhancement,18,7,11
32116,Zald,shattered-halls,671,shaman,enhancement,18,7,11
32117,Velekar,moon-guard,671,shaman,enhancement,21,8,13
32118,Radiology,garithos,670,shaman,enhancement,12,7,5
32119,Morehammeerr,thunderlord,670,shaman,enhancement,12,7,5
32120,Drewshammy,zuljin,670,shaman,enhancement,12,7,5
32121,Kigorami,nerzhul,670,shaman,enhancement,18,7,11
32122,Orcgirth,kiljaeden,670,shaman,enhancement,21,8,13
32123,Bhaelfury,moon-guard,669,shaman,enhancement,12,7,5
32124,Halajo,thrall,669,shaman,enhancement,15,8,7
32125,Vladd,hellscream,669,shaman,enhancement,18,7,11
32126,Helljumper,illidan,669,shaman,enhancement,21,8,13
32127,Blaçktide,thrall,665,shaman,enhancement,12,7,5
32128,Facebooksux,sargeras,657,shaman,enhancement,12,7,5
32129,Shammich,vashj,655,shaman,enhancement,11,7,4
32130,Speedmonster,hellscream,655,shaman,enhancement,19,8,11
32131,Darshidarsh,emerald-dream,640,shaman,enhancement,16,7,9
32132,Relyts,tichondrius,638,shaman,enhancement,18,9,9
32133,Xapoxy,nemesis,636,shaman,enhancement,14,8,6
32134,Rhagnar,warsong,623,shaman,enhancement,11,7,4
32135,Intress,moon-guard,607,shaman,enhancement,10,7,3
32136,Shockolatte,sargeras,607,shaman,enhancement,11,7,4
32137,Eanne,moon-guard,592,shaman,enhancement,19,7,12
32138,Ftierspec,frostmourne,576,shaman,enhancement,6,6,0
32139,Eletastic,tichondrius,576,shaman,enhancement,6,6,0
32140,Ambevsulfr,deathwing,576,shaman,enhancement,6,6,0
32141,Vuduü,stormrage,576,shaman,enhancement,6,6,0
32142,Pikoom,tichondrius,576,shaman,enhancement,6,6,0
32143,Kyzen,tichondrius,576,shaman,enhancement,12,6,6
32144,Stoneseed,steamwheedle-cartel,576,shaman,enhancement,12,6,6
32145,Uggoluga,dalaran,576,shaman,enhancement,12,6,6
32146,ßigðåddy,ghostlands,576,shaman,enhancement,12,6,6
32147,Agpx,tichondrius,576,shaman,enhancement,12,6,6
32148,Owtyobwol,area-52,576,shaman,enhancement,12,6,6
32149,Enhpower,area-52,576,shaman,enhancement,12,6,6
32150,Lindsanx,illidan,576,shaman,enhancement,12,6,6
32151,Crucybletv,korgath,576,shaman,enhancement,12,6,6
32152,Stormdancer,elune,576,shaman,enhancement,12,6,6
32153,Fischerman,barthilas,576,shaman,enhancement,12,6,6
32154,Strønklesøn,drakthul,576,shaman,enhancement,12,6,6
32155,Scarlo,bleeding-hollow,576,shaman,enhancement,12,6,6
32156,Måståçåstå,bleeding-hollow,576,shaman,enhancement,12,6,6
32157,Kêtchpup,wyrmrest-accord,576,shaman,enhancement,12,6,6
32158,Gódsgíft,tichondrius,576,shaman,enhancement,12,6,6
32159,Grippysockz,dalaran,576,shaman,enhancement,12,6,6
32160,Groovesh,thrall,576,shaman,enhancement,14,6,8
32161,Pipers,frostmourne,576,shaman,enhancement,18,6,12
32162,Ferdashock,tichondrius,576,shaman,enhancement,18,6,12
32163,Gluestick,shadowmoon,576,shaman,enhancement,18,6,12
32164,Enhancex,frostwolf,576,shaman,enhancement,18,6,12
32165,Gingeroo,stonemaul,575,shaman,enhancement,12,6,6
32166,Eternalife,khazgoroth,575,shaman,enhancement,12,6,6
32167,Somethingdop,sargeras,575,shaman,enhancement,12,6,6
32168,Fevolution,dreadmaul,575,shaman,enhancement,12,6,6
32169,Naextramus,ragnaros,575,shaman,enhancement,12,6,6
32170,Argues,tichondrius,575,shaman,enhancement,12,6,6
32171,Oaktar,bleeding-hollow,575,shaman,enhancement,12,6,6
32172,Nuofu,illidan,575,shaman,enhancement,16,7,9
32173,Gundar,chogall,575,shaman,enhancement,18,6,12
32174,Flaméy,stormrage,575,shaman,enhancement,18,6,12
32175,Zeebouzy,illidan,575,shaman,enhancement,18,6,12
32176,Talfur,area-52,575,shaman,enhancement,18,6,12
32177,Møp,spirestone,575,shaman,enhancement,18,6,12
32178,Golkork,quelthalas,574,shaman,enhancement,12,6,6
32179,Esko,magtheridon,574,shaman,enhancement,18,6,12
32180,Størmbreäker,tichondrius,572,shaman,enhancement,12,6,6
32181,Hazreti,zuljin,572,shaman,enhancement,18,6,12
32182,Charr,nemesis,571,shaman,enhancement,12,6,6
32183,Fadesrp,moon-guard,571,shaman,enhancement,12,6,6
32184,Karlpoppa,thunderhorn,571,shaman,enhancement,12,6,6
32185,Ðg,tichondrius,569,shaman,enhancement,18,6,12
32186,Maxsimiliano,emerald-dream,559,shaman,enhancement,18,6,12
32187,Noveske,arthas,522,shaman,enhancement,15,7,8
32188,Monadazs,ragnaros,511,shaman,enhancement,8,6,2
32189,Zaxibow,area-52,496,shaman,enhancement,19,6,13
32190,Fiercegoblin,drakkari,493,shaman,enhancement,19,6,13
32191,Nakamora,tichondrius,480,shaman,enhancement,6,5,1
32192,Daysub,crushridge,480,shaman,enhancement,6,5,1
32193,Tactíc,chromaggus,480,shaman,enhancement,6,5,1
32194,Badshock,tichondrius,480,shaman,enhancement,6,5,1
32195,Bofah,draktharon,480,shaman,enhancement,6,5,1
32196,Rokudo,dragonmaw,480,shaman,enhancement,6,5,1
32197,Iava,dalaran,480,shaman,enhancement,6,5,1
32198,Zappiiboii,malganis,480,shaman,enhancement,6,5,1
32199,Krunggar,azralon,480,shaman,enhancement,6,5,1
32200,Beatmán,blades-edge,480,shaman,enhancement,6,5,1
32201,Nekorii,bleeding-hollow,480,shaman,enhancement,6,5,1
32202,Mynigabob,zuljin,480,shaman,enhancement,6,5,1
32203,Dörnèr,malganis,480,shaman,enhancement,6,5,1
32204,Matzahmeal,skywall,480,shaman,enhancement,12,5,7
32205,Zèus,draka,480,shaman,enhancement,12,5,7
32206,Spencesham,sargeras,480,shaman,enhancement,12,5,7
32207,Sleepysham,anubarak,480,shaman,enhancement,12,5,7
32208,Capivarãão,stormrage,480,shaman,enhancement,12,5,7
32209,Tiostroke,stormrage,480,shaman,enhancement,12,5,7
32210,Indaka,kiljaeden,480,shaman,enhancement,12,5,7
32211,Hroth,tanaris,480,shaman,enhancement,12,5,7
32212,Macumbolo,nemesis,480,shaman,enhancement,12,5,7
32213,Kultirio,quelthalas,480,shaman,enhancement,12,5,7
32214,Scrototæm,area-52,480,shaman,enhancement,12,5,7
32215,Earthclap,tichondrius,480,shaman,enhancement,12,5,7
32216,Stankydad,tichondrius,480,shaman,enhancement,12,5,7
32217,Electrikz,moonrunner,480,shaman,enhancement,12,5,7
32218,Meatlog,dalaran,480,shaman,enhancement,12,5,7
32219,Loliqueenfae,illidan,480,shaman,enhancement,12,5,7
32220,Azzula,tichondrius,480,shaman,enhancement,13,5,8
32221,Kushgodd,kiljaeden,480,shaman,enhancement,18,5,13
32222,Gyokuken,stormrage,480,shaman,enhancement,18,5,13
32223,Fíren,area-52,480,shaman,enhancement,18,5,13
32224,Tugnar,ragnaros,479,shaman,enhancement,12,5,7
32225,Denki,nesingwary,479,shaman,enhancement,12,5,7
32226,Dushkanar,barthilas,479,shaman,enhancement,12,5,7
32227,Aegaeonlol,tichondrius,479,shaman,enhancement,18,5,13
32228,Shamgoddam,illidan,479,shaman,enhancement,18,5,13
32229,Brorogan,aerie-peak,478,shaman,enhancement,12,5,7
32230,Enkkiz,ragnaros,477,shaman,enhancement,12,5,7
32231,Curtrex,amanthul,431,shaman,enhancement,11,5,6
32232,Flamestrife,illidan,426,shaman,enhancement,28,8,20
32233,Ezzroz,guldan,384,shaman,enhancement,6,4,2
32234,Sorgal,area-52,384,shaman,enhancement,6,4,2
32235,Slurslinger,area-52,384,shaman,enhancement,6,4,2
32236,Utilitytotem,moon-guard,384,shaman,enhancement,6,4,2
32237,Aureal,malganis,384,shaman,enhancement,6,4,2
32238,Shalkahn,malganis,384,shaman,enhancement,6,4,2
32239,Kylani,thrall,384,shaman,enhancement,6,4,2
32240,Hruggol,bleeding-hollow,384,shaman,enhancement,6,4,2
32241,Angrytotems,ragnaros,384,shaman,enhancement,6,4,2
32242,Shamsz,frostmourne,384,shaman,enhancement,6,4,2
32243,Tokyotimxxo,malganis,384,shaman,enhancement,6,4,2
32244,Megumi,aggramar,384,shaman,enhancement,6,4,2
32245,Goldshîre,tichondrius,384,shaman,enhancement,6,4,2
32246,Kisseyfaçaí,kelthuzad,384,shaman,enhancement,6,4,2
32247,Dingfu,sargeras,384,shaman,enhancement,6,4,2
32248,Protoaster,tichondrius,384,shaman,enhancement,6,4,2
32249,Bioshocked,korgath,384,shaman,enhancement,6,4,2
32250,Hooluu,frostmourne,384,shaman,enhancement,6,4,2
32251,Yildiri,area-52,384,shaman,enhancement,6,4,2
32252,Wools,frostmourne,384,shaman,enhancement,6,4,2
32253,Jènova,whisperwind,384,shaman,enhancement,6,4,2
32254,Bussybutter,sargeras,384,shaman,enhancement,6,4,2
32255,Mastrionilol,dragonmaw,384,shaman,enhancement,6,4,2
32256,Justkitettv,stormrage,384,shaman,enhancement,6,4,2
32257,Katojune,tichondrius,384,shaman,enhancement,6,4,2
32258,Taikø,area-52,384,shaman,enhancement,6,4,2
32259,Azumaa,tichondrius,384,shaman,enhancement,6,4,2
32260,Notglads,thrall,384,shaman,enhancement,6,4,2
32261,Lukora,stonemaul,384,shaman,enhancement,6,4,2
32262,Skipler,stormrage,384,shaman,enhancement,6,4,2
32263,Grimwind,tichondrius,384,shaman,enhancement,6,4,2
32264,Meramin,illidan,384,shaman,enhancement,6,4,2
32265,Jamieslays,korgath,384,shaman,enhancement,6,4,2
32266,Eleshortal,azuremyst,384,shaman,enhancement,9,4,5
32267,Gangdan,emerald-dream,384,shaman,enhancement,12,4,8
32268,Solka,illidan,384,shaman,enhancement,12,4,8
32269,Tictactotem,lothar,384,shaman,enhancement,12,4,8
32270,Emppege,tichondrius,384,shaman,enhancement,12,4,8
32271,Neeman,malganis,384,shaman,enhancement,12,4,8
32272,Vertrág,malganis,384,shaman,enhancement,12,4,8
32273,Nehrakgu,wyrmrest-accord,384,shaman,enhancement,12,4,8
32274,Piril,moon-guard,384,shaman,enhancement,12,4,8
32275,Bloudabadee,emerald-dream,384,shaman,enhancement,12,4,8
32276,Gaurudon,zuljin,384,shaman,enhancement,12,4,8
32277,Skizzymars,malganis,384,shaman,enhancement,12,4,8
32278,Grimdil,quelthalas,384,shaman,enhancement,18,4,14
32279,Jacniclstorm,frostmourne,383,shaman,enhancement,6,4,2
32280,Toeto,darrowmere,383,shaman,enhancement,6,4,2
32281,Ghogann,bleeding-hollow,383,shaman,enhancement,6,4,2
32282,Rhal,ragnaros,383,shaman,enhancement,6,4,2
32283,Rocktor,alleria,383,shaman,enhancement,6,4,2
32284,Kalashnikov,maiev,383,shaman,enhancement,12,4,8
32285,Shambostik,thrall,383,shaman,enhancement,12,4,8
32286,Icedogg,malganis,380,shaman,enhancement,12,4,8
32287,Notahealz,zuljin,367,shaman,enhancement,11,4,7
32288,Töpg,garrosh,352,shaman,enhancement,10,4,6
32289,Admetis,vashj,351,shaman,enhancement,17,4,13
32290,Thorsén,ursin,335,shaman,enhancement,17,4,13
32291,Jeaunoo,darkspear,330,shaman,enhancement,14,5,9
32292,Sasageyo,tichondrius,319,shaman,enhancement,8,4,4
32293,Xulangshammy,illidan,319,shaman,enhancement,11,4,7
32294,Tempestsmash,tichondrius,304,shaman,enhancement,7,4,3
32295,Tekashi,muradin,304,shaman,enhancement,13,4,9
32296,Sourcreamqtx,stormrage,288,shaman,enhancement,6,3,3
32297,Haititnahtou,kaelthas,288,shaman,enhancement,6,3,3
32298,Freshoranges,blood-furnace,288,shaman,enhancement,6,3,3
32299,Dreamers,anvilmar,288,shaman,enhancement,6,3,3
32300,Painfury,zuljin,288,shaman,enhancement,6,3,3
32301,Lennylemons,stormrage,288,shaman,enhancement,6,3,3
32302,Mavz200744,area-52,288,shaman,enhancement,6,3,3
32303,Swifteyy,area-52,288,shaman,enhancement,6,3,3
32304,Defiant,azgalor,288,shaman,enhancement,6,3,3
32305,Jibbajabber,laughing-skull,288,shaman,enhancement,6,3,3
32306,Sleepysham,kelthuzad,288,shaman,enhancement,6,3,3
32307,Zoma,elune,288,shaman,enhancement,6,3,3
32308,Ulala,azshara,288,shaman,enhancement,6,3,3
32309,Ftp,kelthuzad,288,shaman,enhancement,6,3,3
32310,Frèya,uldaman,288,shaman,enhancement,6,3,3
32311,Korgen,area-52,288,shaman,enhancement,6,3,3
32312,Shlongers,illidan,288,shaman,enhancement,6,3,3
32313,Luxenor,kelthuzad,288,shaman,enhancement,6,3,3
32314,Newele,thrall,288,shaman,enhancement,6,3,3
32315,Vanmaichet,azshara,288,shaman,enhancement,6,3,3
32316,Electabuzz,arygos,288,shaman,enhancement,6,3,3
32317,Dogcompany,tichondrius,288,shaman,enhancement,6,3,3
32318,Jokerxksx,tichondrius,288,shaman,enhancement,6,3,3
32319,Glexhex,tichondrius,288,shaman,enhancement,6,3,3
32320,Vivean,kelthuzad,288,shaman,enhancement,6,3,3
32321,Jhivone,tichondrius,288,shaman,enhancement,6,3,3
32322,Shawkedu,tichondrius,288,shaman,enhancement,6,3,3
32323,Cluffatty,tichondrius,288,shaman,enhancement,6,3,3
32324,Getwetand,quelthalas,288,shaman,enhancement,6,3,3
32325,Falasha,bloodscalp,288,shaman,enhancement,6,3,3
32326,Gojiras,barthilas,288,shaman,enhancement,6,3,3
32327,Arckos,thrall,288,shaman,enhancement,6,3,3
32328,Gorszu,proudmoore,288,shaman,enhancement,6,3,3
32329,Gimpanzee,kiljaeden,288,shaman,enhancement,6,3,3
32330,Nìke,nazgrel,288,shaman,enhancement,6,3,3
32331,Jumoma,thrall,288,shaman,enhancement,6,3,3
32332,Morderus,aegwynn,288,shaman,enhancement,6,3,3
32333,Argena,bonechewer,288,shaman,enhancement,6,3,3
32334,Murig,bladefist,288,shaman,enhancement,6,3,3
32335,Ban,blackrock,288,shaman,enhancement,6,3,3
32336,Aruçar,drakkari,288,shaman,enhancement,6,3,3
32337,Bovinefony,blackrock,288,shaman,enhancement,6,3,3
32338,Xantíd,wyrmrest-accord,288,shaman,enhancement,6,3,3
32339,Emtflakes,darkspear,288,shaman,enhancement,6,3,3
32340,Slowdown,malganis,288,shaman,enhancement,6,3,3
32341,Shamaro,malganis,288,shaman,enhancement,6,3,3
32342,Botu,malorne,288,shaman,enhancement,6,3,3
32343,Torvi,saurfang,288,shaman,enhancement,6,3,3
32344,Toyletpaper,mugthol,288,shaman,enhancement,6,3,3
32345,Thiccwater,frostmourne,288,shaman,enhancement,6,3,3
32346,Chavezlives,area-52,288,shaman,enhancement,6,3,3
32347,Mundi,madoran,288,shaman,enhancement,6,3,3
32348,Dwightjr,emerald-dream,288,shaman,enhancement,6,3,3
32349,Corkrain,sargeras,288,shaman,enhancement,6,3,3
32350,Smeeza,frostmourne,288,shaman,enhancement,6,3,3
32351,Cars,jaedenar,288,shaman,enhancement,6,3,3
32352,Slowkeeper,azralon,288,shaman,enhancement,6,3,3
32353,Owiez,sargeras,288,shaman,enhancement,6,3,3
32354,Gumballin,sargeras,288,shaman,enhancement,6,3,3
32355,Jaftter,quelthalas,288,shaman,enhancement,9,4,5
32356,Putinsdad,tichondrius,288,shaman,enhancement,10,4,6
32357,Kakiscala,proudmoore,288,shaman,enhancement,11,3,8
32358,Bobbymooshay,area-52,288,shaman,enhancement,12,3,9
32359,Wickyz,moon-guard,288,shaman,enhancement,12,3,9
32360,Drgiggleheim,tichondrius,288,shaman,enhancement,12,3,9
32361,Jajxshammy,rivendare,288,shaman,enhancement,12,3,9
32362,Drahlos,tichondrius,288,shaman,enhancement,12,3,9
32363,Jireñ,area-52,288,shaman,enhancement,12,3,9
32364,Spacex,velen,288,shaman,enhancement,12,3,9
32365,Shockfreak,stormrage,288,shaman,enhancement,12,3,9
32366,Gudac,tichondrius,288,shaman,enhancement,12,3,9
32367,Smeagðl,tichondrius,288,shaman,enhancement,12,3,9
32368,Azl,guldan,288,shaman,enhancement,12,3,9
32369,Rockbass,sargeras,288,shaman,enhancement,12,3,9
32370,Hammaam,illidan,288,shaman,enhancement,12,3,9
32371,Regeneration,darkspear,288,shaman,enhancement,12,3,9
32372,Malsturm,stormrage,288,shaman,enhancement,12,3,9
32373,Faelzão,nemesis,288,shaman,enhancement,12,3,9
32374,Azão,stormrage,288,shaman,enhancement,12,3,9
32375,Fishmoley,zuljin,288,shaman,enhancement,12,3,9
32376,Xaryu,shuhalo,287,shaman,enhancement,12,3,9
32377,Dnttazemebro,area-52,286,shaman,enhancement,6,3,3
32378,ßodycount,area-52,240,shaman,enhancement,9,3,6
32379,Deeznuts,the-forgotten-coast,239,shaman,enhancement,5,3,2
32380,Sølbi,tichondrius,239,shaman,enhancement,5,3,2
32381,Caobuloso,azralon,239,shaman,enhancement,5,3,2
32382,Totojar,alexstrasza,234,shaman,enhancement,10,4,6
32383,Smooths,bloodscalp,234,shaman,enhancement,19,5,14
32384,Forge,maelstrom,223,shaman,enhancement,8,3,5
32385,Szael,durotan,192,shaman,enhancement,6,2,4
32386,Thorlottie,stormrage,192,shaman,enhancement,6,2,4
32387,Spicyballs,coilfang,192,shaman,enhancement,6,2,4
32388,Sparklebunny,dark-iron,192,shaman,enhancement,6,2,4
32389,Killamanjaro,alterac-mountains,192,shaman,enhancement,6,2,4
32390,Durogh,darkspear,192,shaman,enhancement,6,2,4
32391,Tamzlol,the-forgotten-coast,192,shaman,enhancement,6,2,4
32392,Kelce,stormrage,192,shaman,enhancement,6,2,4
32393,Shamutari,sargeras,192,shaman,enhancement,6,2,4
32394,Rinjio,zuljin,192,shaman,enhancement,6,2,4
32395,Stnky,cairne,192,shaman,enhancement,6,2,4
32396,Tuugo,mannoroth,192,shaman,enhancement,6,2,4
32397,Cutedraenei,destromath,192,shaman,enhancement,6,2,4
32398,Stallos,zuljin,192,shaman,enhancement,6,2,4
32399,Fatluma,zuljin,192,shaman,enhancement,6,2,4
32400,Maicer,goldrinn,192,shaman,enhancement,6,2,4
32401,Brenqt,nemesis,192,shaman,enhancement,6,2,4
32402,Jbahr,hyjal,192,shaman,enhancement,6,2,4
32403,Badjujubruh,thrall,192,shaman,enhancement,6,2,4
32404,Pissticles,bleeding-hollow,192,shaman,enhancement,6,2,4
32405,Dadajuju,azralon,192,shaman,enhancement,6,2,4
32406,Sluggox,bleeding-hollow,192,shaman,enhancement,6,2,4
32407,Kulnash,auchindoun,192,shaman,enhancement,6,2,4
32408,Kumer,tichondrius,192,shaman,enhancement,6,2,4
32409,Boj,magtheridon,192,shaman,enhancement,6,2,4
32410,Jahahahamon,arthas,192,shaman,enhancement,6,2,4
32411,Emptyy,azralon,192,shaman,enhancement,6,2,4
32412,Bullcowsby,darkspear,192,shaman,enhancement,6,2,4
32413,Hothandxo,illidan,192,shaman,enhancement,6,2,4
32414,Unhapintadaa,azralon,192,shaman,enhancement,6,2,4
32415,Shaminja,kiljaeden,192,shaman,enhancement,6,2,4
32416,Zenitsue,sargeras,192,shaman,enhancement,6,2,4
32417,Totemzie,illidan,192,shaman,enhancement,6,2,4
32418,Whameradetu,suramar,192,shaman,enhancement,6,2,4
32419,Twistër,illidan,192,shaman,enhancement,6,2,4
32420,Saltt,proudmoore,192,shaman,enhancement,6,2,4
32421,Thrallzballz,firetree,192,shaman,enhancement,6,2,4
32422,Brofessor,frostwolf,192,shaman,enhancement,6,2,4
32423,Scarshamxn,frostmourne,192,shaman,enhancement,6,2,4
32424,Girthquake,agamaggan,192,shaman,enhancement,6,2,4
32425,Pericazo,sargeras,192,shaman,enhancement,6,2,4
32426,Hèllzpyro,sargeras,192,shaman,enhancement,6,2,4
32427,Friedshammy,frostmourne,192,shaman,enhancement,6,2,4
32428,Zentius,thunderhorn,192,shaman,enhancement,6,2,4
32429,Amzurs,area-52,192,shaman,enhancement,6,2,4
32430,Vjeze,frostmourne,192,shaman,enhancement,6,2,4
32431,Ôprawindfury,mugthol,192,shaman,enhancement,6,2,4
32432,Daiablo,barthilas,192,shaman,enhancement,6,2,4
32433,Amärök,area-52,192,shaman,enhancement,6,2,4
32434,Valcannos,area-52,192,shaman,enhancement,6,2,4
32435,Bootsix,area-52,192,shaman,enhancement,6,2,4
32436,Shamanakin,emerald-dream,192,shaman,enhancement,6,2,4
32437,Freesolo,barthilas,192,shaman,enhancement,6,2,4
32438,Böc,tichondrius,192,shaman,enhancement,6,2,4
32439,Jammylol,frostmourne,192,shaman,enhancement,6,2,4
32440,Vitaminc,garona,192,shaman,enhancement,6,2,4
32441,Ceedlamb,kelthuzad,192,shaman,enhancement,6,2,4
32442,Stormfronts,kelthuzad,192,shaman,enhancement,6,2,4
32443,Milkmeforhp,frostmourne,192,shaman,enhancement,6,2,4
32444,Shamnick,malganis,192,shaman,enhancement,6,2,4
32445,Electrica,quelthalas,192,shaman,enhancement,6,2,4
32446,Skyten,quelthalas,192,shaman,enhancement,6,2,4
32447,Wìzz,zuljin,192,shaman,enhancement,6,2,4
32448,Khuufu,fizzcrank,192,shaman,enhancement,6,2,4
32449,Immunize,tichondrius,192,shaman,enhancement,6,2,4
32450,Víì,tichondrius,192,shaman,enhancement,6,2,4
32451,Zeldrys,emerald-dream,192,shaman,enhancement,6,2,4
32452,Shamflu,tichondrius,192,shaman,enhancement,6,2,4
32453,Jasonnworb,tichondrius,192,shaman,enhancement,6,2,4
32454,ßeesy,emerald-dream,192,shaman,enhancement,6,2,4
32455,Soapmactavis,sargeras,192,shaman,enhancement,6,2,4
32456,Ectomee,tichondrius,192,shaman,enhancement,6,2,4
32457,Bitxxnumber,tichondrius,192,shaman,enhancement,6,2,4
32458,Kinzle,tichondrius,192,shaman,enhancement,6,2,4
32459,Dennwoop,sargeras,192,shaman,enhancement,6,2,4
32460,Rayjamalblk,tichondrius,192,shaman,enhancement,6,2,4
32461,Mishalla,tichondrius,192,shaman,enhancement,6,2,4
32462,Meattoilet,tichondrius,192,shaman,enhancement,6,2,4
32463,Meatyball,tichondrius,192,shaman,enhancement,6,2,4
32464,Slapchainz,tichondrius,192,shaman,enhancement,6,2,4
32465,Legendmatic,illidan,192,shaman,enhancement,12,2,10
32466,Chontu,area-52,192,shaman,enhancement,12,2,10
32467,Zuljiba,illidan,192,shaman,enhancement,12,2,10
32468,Tarresh,azralon,192,shaman,enhancement,12,2,10
32469,Stylebend,area-52,192,shaman,enhancement,12,2,10
32470,Shockszz,onyxia,192,shaman,enhancement,12,2,10
32471,Calmconflict,daggerspine,191,shaman,enhancement,6,2,4
32472,Dahmerjr,area-52,191,shaman,enhancement,6,2,4
32473,Dønßlack,thunderhorn,159,shaman,enhancement,5,2,3
32474,Skuffedx,spirestone,159,shaman,enhancement,5,2,3
32475,Nuggitz,tichondrius,159,shaman,enhancement,5,2,3
32476,Shamto,zuljin,144,shaman,enhancement,3,3,0
32477,Reavs,illidan,138,shaman,enhancement,16,3,13
32478,Thanen,the-scryers,137,shaman,enhancement,10,3,7
32479,Flashyjoe,tichondrius,128,shaman,enhancement,4,2,2
32480,Badgeshock,area-52,128,shaman,enhancement,4,2,2
32481,Bogz,korgath,128,shaman,enhancement,4,2,2
32482,Ludacrìtz,stormrage,112,shaman,enhancement,7,2,5
32483,Tekdar,kiljaeden,96,shaman,enhancement,3,2,1
32484,Shamcakes,kilrogg,96,shaman,enhancement,17,3,14
32485,Succies,emerald-dream,96,shaman,enhancement,6,1,5
32486,Tritun,proudmoore,96,shaman,enhancement,6,1,5
32487,Sweettooth,area-52,96,shaman,enhancement,6,1,5
32488,Totemtîme,frostmourne,96,shaman,enhancement,6,1,5
32489,Okdopey,area-52,96,shaman,enhancement,6,1,5
32490,Drekkhal,area-52,96,shaman,enhancement,6,1,5
32491,Stormsanta,emerald-dream,96,shaman,enhancement,6,1,5
32492,Karmar,proudmoore,96,shaman,enhancement,6,1,5
32493,Aiggiggigne,sargeras,96,shaman,enhancement,6,1,5
32494,Ikora,crushridge,96,shaman,enhancement,6,1,5
32495,Sandmanatee,crushridge,96,shaman,enhancement,6,1,5
32496,Geladoo,gallywix,96,shaman,enhancement,6,1,5
32497,Hangellyca,azralon,96,shaman,enhancement,6,1,5
32498,Tictactotum,hyjal,96,shaman,enhancement,6,1,5
32499,Shamofshame,garrosh,96,shaman,enhancement,6,1,5
32500,Paramecium,sargeras,96,shaman,enhancement,6,1,5
32501,Muyg,staghelm,96,shaman,enhancement,6,1,5
32502,Bigsquatzy,bleeding-hollow,96,shaman,enhancement,6,1,5
32503,Mawcus,zuljin,96,shaman,enhancement,6,1,5
32504,Thunderblood,nerzhul,96,shaman,enhancement,6,1,5
32505,Zapsquidzap,illidan,96,shaman,enhancement,6,1,5
32506,Ohtoro,zuljin,96,shaman,enhancement,6,1,5
32507,Acéz,korgath,96,shaman,enhancement,6,1,5
32508,Jëks,azjolnerub,96,shaman,enhancement,6,1,5
32509,Shamikkazee,illidan,96,shaman,enhancement,6,1,5
32510,Jags,baelgun,96,shaman,enhancement,6,1,5
32511,Axshaman,darkspear,96,shaman,enhancement,6,1,5
32512,Pileef,thrall,96,shaman,enhancement,6,1,5
32513,Blackjackxx,frostmourne,96,shaman,enhancement,6,1,5
32514,Sèktor,dalaran,96,shaman,enhancement,6,1,5
32515,Sureofname,frostmourne,96,shaman,enhancement,6,1,5
32516,Wangbangjr,mugthol,96,shaman,enhancement,6,1,5
32517,Kinjin,dragonmaw,96,shaman,enhancement,6,1,5
32518,Alferian,moon-guard,96,shaman,enhancement,6,1,5
32519,Zoeyzour,illidan,96,shaman,enhancement,6,1,5
32520,Beazel,moon-guard,96,shaman,enhancement,6,1,5
32521,Threehandz,bleeding-hollow,96,shaman,enhancement,8,1,7
32522,Thallor,stormrage,96,shaman,enhancement,12,1,11
32523,Smokeymcpots,khazgoroth,95,shaman,enhancement,6,1,5
32524,Dilldoughnut,sargeras,79,shaman,enhancement,5,1,4
32525,Shablam,daggerspine,64,shaman,enhancement,10,1,9
32526,Engorgdshock,tichondrius,63,shaman,enhancement,2,2,0
32527,Totemlord,lightnings-blade,31,shaman,enhancement,2,1,1
32528,Rykku,illidan,16,shaman,enhancement,1,1,0
32529,Mlx,proudmoore,2345,warlock,demonology,119,69,50
32530,Wildimp,aerie-peak,2323,warlock,demonology,108,66,42
32531,Btsfangirl,moon-guard,2262,warlock,demonology,98,57,41
32532,Zuelu,tichondrius,2252,warlock,demonology,85,53,32
32533,Wzxx,tichondrius,2222,warlock,demonology,84,46,38
32534,Wildimpx,sargeras,2206,warlock,demonology,95,52,43
32535,Beyourselff,tichondrius,2192,warlock,demonology,145,78,67
32536,Mixtape,stormrage,2178,warlock,demonology,77,47,30
32537,Bahamas,bleeding-hollow,2166,warlock,demonology,78,46,32
32538,Gentleq,tichondrius,2149,warlock,demonology,99,53,46
32539,Ediya,tichondrius,2141,warlock,demonology,96,49,47
32540,Fishorz,tichondrius,2128,warlock,demonology,89,47,42
32541,Harambê,sargeras,2127,warlock,demonology,36,27,9
32542,Awdam,tichondrius,2114,warlock,demonology,96,50,46
32543,Ensebado,azralon,2111,warlock,demonology,140,78,62
32544,Falco,azshara,2110,warlock,demonology,66,38,28
32545,Synkz,blood-furnace,2110,warlock,demonology,72,38,34
32546,Cosmosxx,illidan,2110,warlock,demonology,112,58,54
32547,Ogchaos,tichondrius,2107,warlock,demonology,78,45,33
32548,Wesyane,anetheron,2092,warlock,demonology,101,53,48
32549,Bronzerl,tichondrius,2083,warlock,demonology,40,28,12
32550,Erock,korgath,2082,warlock,demonology,54,42,12
32551,Kaossqt,azralon,2082,warlock,demonology,102,54,48
32552,Xadge,tichondrius,2076,warlock,demonology,73,40,33
32553,Ztlivid,area-52,2075,warlock,demonology,163,88,75
32554,Erlandesher,tichondrius,2075,warlock,demonology,83,41,42
32555,Etuskaa,tichondrius,2066,warlock,demonology,113,57,56
32556,Vexxes,malganis,2053,warlock,demonology,114,62,52
32557,Oymmander,illidan,2046,warlock,demonology,56,37,19
32558,Miredö,tichondrius,2040,warlock,demonology,48,30,18
32559,Gianni,chogall,2039,warlock,demonology,83,41,42
32560,Fatass,cairne,2028,warlock,demonology,60,33,27
32561,Eazyw,stormrage,2024,warlock,demonology,95,47,48
32562,Sslock,sargeras,2008,warlock,demonology,71,37,34
32563,Ziffy,emerald-dream,2008,warlock,demonology,66,34,32
32564,Nocrackrocks,stormrage,2007,warlock,demonology,117,66,51
32565,Persistencss,tichondrius,2004,warlock,demonology,42,26,16
32566,Elbrujon,sargeras,2002,warlock,demonology,107,55,52
32567,Awangdemon,tichondrius,1997,warlock,demonology,54,27,27
32568,Lilballz,tichondrius,1987,warlock,demonology,42,24,18
32569,Babyaga,illidan,1981,warlock,demonology,54,33,21
32570,Teivlol,mugthol,1980,warlock,demonology,90,48,42
32571,Extreme,blackwing-lair,1978,warlock,demonology,78,53,25
32572,Toiletghost,tichondrius,1973,warlock,demonology,56,35,21
32573,Ihaveapowers,maiev,1973,warlock,demonology,114,58,56
32574,Patoquenn,azralon,1966,warlock,demonology,54,32,22
32575,Xygg,tichondrius,1962,warlock,demonology,48,29,19
32576,Ofc,malganis,1961,warlock,demonology,48,29,19
32577,Paygo,tichondrius,1956,warlock,demonology,51,30,21
32578,Ketahole,warsong,1949,warlock,demonology,99,50,49
32579,Naughtybolts,sargeras,1941,warlock,demonology,80,46,34
32580,Amazingamez,sargeras,1940,warlock,demonology,137,66,71
32581,Baka,moon-guard,1937,warlock,demonology,54,29,25
32582,Stopdot,lightnings-blade,1934,warlock,demonology,76,38,38
32583,Bwonsamdijin,tichondrius,1924,warlock,demonology,77,38,39
32584,Shadowmoonon,tichondrius,1921,warlock,demonology,43,21,22
32585,Aramith,tichondrius,1912,warlock,demonology,60,36,24
32586,Lemmefear,illidan,1911,warlock,demonology,30,20,10
32587,Littlerod,tichondrius,1909,warlock,demonology,48,26,22
32588,Lilgigs,stormrage,1909,warlock,demonology,60,30,30
32589,Sofan,dalaran,1905,warlock,demonology,58,33,25
32590,Lockedinn,mannoroth,1904,warlock,demonology,91,54,37
32591,Babydots,stormreaver,1903,warlock,demonology,112,59,53
32592,Percadu,barthilas,1902,warlock,demonology,54,32,22
32593,Demondisco,tichondrius,1901,warlock,demonology,83,40,43
32594,Daerde,malganis,1900,warlock,demonology,47,27,20
32595,Siphoned,darkspear,1900,warlock,demonology,53,27,26
32596,Deadlpoo,stormscale,1899,warlock,demonology,81,41,40
32597,Xiyangpvp,tichondrius,1898,warlock,demonology,54,31,23
32598,Lemmepvponu,illidan,1896,warlock,demonology,48,30,18
32599,Alisa,moon-guard,1896,warlock,demonology,60,28,32
32600,Lrry,dalaran,1893,warlock,demonology,144,84,60
32601,Bleachkk,tichondrius,1888,warlock,demonology,42,29,13
32602,Maadhum,illidan,1888,warlock,demonology,57,31,26
32603,Rakshama,chogall,1885,warlock,demonology,42,25,17
32604,Debao,malganis,1881,warlock,demonology,60,29,31
32605,Snuufels,area-52,1879,warlock,demonology,54,32,22
32606,Petattack,nerzhul,1878,warlock,demonology,125,60,65
32607,Tessarath,area-52,1876,warlock,demonology,41,26,15
32608,Kimchiblast,tichondrius,1876,warlock,demonology,48,28,20
32609,Ceeloftw,tichondrius,1873,warlock,demonology,90,47,43
32610,Zydiva,sargeras,1872,warlock,demonology,118,62,56
32611,Huajianmanwu,tichondrius,1872,warlock,demonology,166,87,79
32612,Sàill,tichondrius,1871,warlock,demonology,35,22,13
32613,Thranlock,area-52,1863,warlock,demonology,102,50,52
32614,Mhael,lightninghoof,1856,warlock,demonology,54,32,22
32615,Atheø,ragnaros,1854,warlock,demonology,42,23,19
32616,Bbangtimo,tichondrius,1852,warlock,demonology,36,20,16
32617,Bigdaddylol,ragnaros,1849,warlock,demonology,53,30,23
32618,Demyo,tichondrius,1849,warlock,demonology,38,21,17
32619,Unhòólylck,ragnaros,1848,warlock,demonology,46,25,21
32620,Redfish,tichondrius,1847,warlock,demonology,34,20,14
32621,Phóbòs,tichondrius,1843,warlock,demonology,54,40,14
32622,Kerrigan,the-venture-co,1842,warlock,demonology,66,38,28
32623,Darkzell,azralon,1841,warlock,demonology,48,30,18
32624,Ccona,tichondrius,1835,warlock,demonology,42,23,19
32625,Jyhoona,chromaggus,1835,warlock,demonology,184,99,85
32626,Speakeasy,malygos,1835,warlock,demonology,58,29,29
32627,Åmön,zuljin,1832,warlock,demonology,66,32,34
32628,ßøßßÿßøûçhêr,tichondrius,1831,warlock,demonology,36,25,11
32629,Drakatattwo,tichondrius,1831,warlock,demonology,42,23,19
32630,Spicyfingers,illidan,1829,warlock,demonology,48,29,19
32631,Evildeath,tichondrius,1829,warlock,demonology,48,26,22
32632,Bic,thrall,1828,warlock,demonology,66,45,21
32633,Lowrcase,zuljin,1828,warlock,demonology,42,24,18
32634,Xoboroz,moon-guard,1827,warlock,demonology,60,29,31
32635,Playtoy,moon-guard,1826,warlock,demonology,142,71,71
32636,Jerclard,proudmoore,1825,warlock,demonology,90,51,39
32637,Castingfear,barthilas,1825,warlock,demonology,48,27,21
32638,Dowal,whisperwind,1824,warlock,demonology,54,28,26
32639,Sharaßha,moon-guard,1820,warlock,demonology,69,41,28
32640,Dapete,malorne,1818,warlock,demonology,53,30,23
32641,Arcinian,kelthuzad,1817,warlock,demonology,66,39,27
32642,Boltqt,tichondrius,1815,warlock,demonology,36,22,14
32643,Richards,thrall,1812,warlock,demonology,42,32,10
32644,Ltr,moon-guard,1811,warlock,demonology,30,22,8
32645,Abrocket,alleria,1811,warlock,demonology,30,19,11
32646,Voidxo,tichondrius,1811,warlock,demonology,36,22,14
32647,Bronzel,tichondrius,1811,warlock,demonology,42,25,17
32648,Raegon,kiljaeden,1811,warlock,demonology,39,23,16
32649,Errogant,area-52,1810,warlock,demonology,60,30,30
32650,Beckypls,zuljin,1809,warlock,demonology,36,27,9
32651,Dounutlock,area-52,1809,warlock,demonology,54,33,21
32652,Chilipeppa,wyrmrest-accord,1808,warlock,demonology,60,34,26
32653,Mälwaré,tichondrius,1808,warlock,demonology,58,29,29
32654,Chaosthekid,malganis,1807,warlock,demonology,40,25,15
32655,Reneqtxo,jubeithos,1806,warlock,demonology,30,19,11
32656,Xacayth,ragnaros,1804,warlock,demonology,80,47,33
32657,Rakudemon,ragnaros,1804,warlock,demonology,147,77,70
32658,Dlhmlock,tichondrius,1803,warlock,demonology,35,23,12
32659,Darkborkain,tichondrius,1803,warlock,demonology,30,19,11
32660,Thelockzx,azralon,1801,warlock,demonology,60,28,32
32661,Broccoleh,area-52,1799,warlock,demonology,41,25,16
32662,Tarth,sargeras,1797,warlock,demonology,96,48,48
32663,Magë,ursin,1796,warlock,demonology,78,34,44
32664,Lockeslock,sargeras,1795,warlock,demonology,112,59,53
32665,Hugebolt,tichondrius,1793,warlock,demonology,48,28,20
32666,Jaganshi,tichondrius,1791,warlock,demonology,52,29,23
32667,Búmchúm,frostmourne,1788,warlock,demonology,54,34,20
32668,Keylloggz,sargeras,1779,warlock,demonology,102,53,49
32669,Aidadeshu,tichondrius,1778,warlock,demonology,60,28,32
32670,Flocka,agamaggan,1773,warlock,demonology,42,33,9
32671,Axelrodx,tichondrius,1773,warlock,demonology,42,27,15
32672,Qp,thrall,1771,warlock,demonology,38,28,10
32673,Atheô,ragnaros,1769,warlock,demonology,53,28,25
32674,Spreadlove,emerald-dream,1766,warlock,demonology,138,74,64
32675,Sasaology,frostmourne,1765,warlock,demonology,54,31,23
32676,Döremi,tichondrius,1760,warlock,demonology,35,21,14
32677,Villaìn,moon-guard,1759,warlock,demonology,87,38,49
32678,Nüts,blackrock,1753,warlock,demonology,38,20,18
32679,Procalypse,stormrage,1748,warlock,demonology,30,22,8
32680,Coèrce,tichondrius,1748,warlock,demonology,29,19,10
32681,ßállin,illidan,1745,warlock,demonology,35,22,13
32682,Mcpickls,illidan,1740,warlock,demonology,48,26,22
32683,Michae,tichondrius,1740,warlock,demonology,48,25,23
32684,Feldren,wyrmrest-accord,1739,warlock,demonology,59,33,26
32685,Arityy,tichondrius,1738,warlock,demonology,33,23,10
32686,Chanigay,tichondrius,1737,warlock,demonology,35,20,15
32687,Dreadlõck,malganis,1737,warlock,demonology,78,39,39
32688,Wls,frostmourne,1736,warlock,demonology,47,27,20
32689,Beatinu,draenor,1732,warlock,demonology,42,26,16
32690,Nethron,the-venture-co,1731,warlock,demonology,66,33,33
32691,Ðëâthløck,tichondrius,1729,warlock,demonology,47,25,22
32692,Hadoukën,hyjal,1727,warlock,demonology,90,44,46
32693,Overclocked,destromath,1726,warlock,demonology,24,18,6
32694,Domenic,sentinels,1725,warlock,demonology,46,26,20
32695,Lemmewin,illidan,1724,warlock,demonology,24,18,6
32696,Playßøy,area-52,1724,warlock,demonology,30,18,12
32697,Ökïlôck,proudmoore,1722,warlock,demonology,36,18,18
32698,Aroug,aggramar,1720,warlock,demonology,84,43,41
32699,Devilman,darkspear,1720,warlock,demonology,129,64,65
32700,Missalice,nesingwary,1719,warlock,demonology,36,22,14
32701,Muchas,area-52,1717,warlock,demonology,30,18,12
32702,Fadedemon,area-52,1716,warlock,demonology,42,32,10
32703,Zver,drakkari,1712,warlock,demonology,48,29,19
32704,Eastwitch,ragnaros,1712,warlock,demonology,90,39,51
32705,Larixpotanin,tichondrius,1709,warlock,demonology,42,23,19
32706,Dätura,tichondrius,1708,warlock,demonology,32,21,11
32707,Hulkyy,illidan,1706,warlock,demonology,89,53,36
32708,Milkybøng,area-52,1705,warlock,demonology,99,61,38
32709,Dëvïl,ragnaros,1702,warlock,demonology,62,39,23
32710,Dìablo,area-52,1702,warlock,demonology,78,43,35
32711,Ourlegacy,tichondrius,1695,warlock,demonology,40,24,16
32712,Fksm,tichondrius,1692,warlock,demonology,36,20,16
32713,Gamecover,azralon,1691,warlock,demonology,51,30,21
32714,Ciprýan,azralon,1691,warlock,demonology,58,26,32
32715,Stopdottroll,zuljin,1690,warlock,demonology,30,18,12
32716,Metrow,area-52,1688,warlock,demonology,30,18,12
32717,Houdneeznuts,tichondrius,1688,warlock,demonology,150,81,69
32718,Melisândre,kiljaeden,1687,warlock,demonology,47,23,24
32719,Leeka,tichondrius,1687,warlock,demonology,48,23,25
32720,Notomorrow,tichondrius,1686,warlock,demonology,146,87,59
32721,Lockiator,moon-guard,1686,warlock,demonology,41,24,17
32722,Amgs,frostmourne,1685,warlock,demonology,36,26,10
32723,Dotman,tichondrius,1685,warlock,demonology,48,23,25
32724,Dogegg,tichondrius,1685,warlock,demonology,66,28,38
32725,Säbrine,zuljin,1679,warlock,demonology,73,35,38
32726,Døtyou,area-52,1676,warlock,demonology,35,18,17
32727,Juswannarock,tichondrius,1676,warlock,demonology,51,25,26
32728,Oluluo,andorhal,1675,warlock,demonology,35,19,16
32729,Zörkô,zuljin,1675,warlock,demonology,60,26,34
32730,Shinyballz,tichondrius,1673,warlock,demonology,35,18,17
32731,Obséssèd,aggramar,1670,warlock,demonology,42,26,16
32732,Bigfatballz,tichondrius,1670,warlock,demonology,40,24,16
32733,Wrathh,stormscale,1669,warlock,demonology,45,20,25
32734,Narmazulnn,area-52,1666,warlock,demonology,41,25,16
32735,Altairo,illidan,1666,warlock,demonology,76,39,37
32736,Mcpickl,illidan,1662,warlock,demonology,54,25,29
32737,Funkminot,illidan,1661,warlock,demonology,211,111,100
32738,Archibalding,area-52,1656,warlock,demonology,42,26,16
32739,Skanckqt,malganis,1654,warlock,demonology,48,26,22
32740,Rathul,bonechewer,1654,warlock,demonology,55,27,28
32741,Vcain,stormrage,1652,warlock,demonology,66,31,35
32742,Gihaewon,tichondrius,1650,warlock,demonology,30,20,10
32743,Eriebos,area-52,1647,warlock,demonology,48,27,21
32744,Xaryl,stormrage,1646,warlock,demonology,48,25,23
32745,Soreanus,illidan,1645,warlock,demonology,42,28,14
32746,Dlchem,tichondrius,1644,warlock,demonology,70,37,33
32747,Phogy,bleeding-hollow,1644,warlock,demonology,71,35,36
32748,Cinderwhip,moon-guard,1643,warlock,demonology,123,59,64
32749,Miryem,illidan,1642,warlock,demonology,49,30,19
32750,Juxsr,nerzhul,1642,warlock,demonology,42,22,20
32751,Gløcked,area-52,1637,warlock,demonology,30,19,11
32752,Blastfinger,tichondrius,1637,warlock,demonology,42,24,18
32753,Suzüki,tichondrius,1635,warlock,demonology,36,19,17
32754,Fearedu,thunderhorn,1633,warlock,demonology,101,47,54
32755,Gørb,wyrmrest-accord,1632,warlock,demonology,36,22,14
32756,Graendol,tichondrius,1630,warlock,demonology,30,17,13
32757,Innocentius,illidan,1630,warlock,demonology,70,37,33
32758,Sickmade,zuljin,1628,warlock,demonology,70,44,26
32759,Spicyfingerx,illidan,1627,warlock,demonology,30,20,10
32760,Aoepump,tichondrius,1627,warlock,demonology,30,17,13
32761,Ggooudan,tichondrius,1625,warlock,demonology,29,21,8
32762,Raidspot,bleeding-hollow,1624,warlock,demonology,60,36,24
32763,Stonelocke,area-52,1624,warlock,demonology,65,34,31
32764,Fabriziø,ragnaros,1622,warlock,demonology,30,21,9
32765,Kreâtor,tichondrius,1622,warlock,demonology,71,40,31
32766,Demonicsmoke,darrowmere,1622,warlock,demonology,104,56,48
32767,Diabolock,proudmoore,1620,warlock,demonology,36,20,16
32768,Bagn,tichondrius,1620,warlock,demonology,42,23,19
32769,Mcpickles,illidan,1618,warlock,demonology,30,19,11
32770,Epinetheus,stormrage,1617,warlock,demonology,54,23,31
32771,Buymymixtåpe,ursin,1615,warlock,demonology,33,21,12
32772,Zantology,frostmourne,1615,warlock,demonology,54,31,23
32773,Krýptizl,frostmourne,1615,warlock,demonology,81,45,36
32774,Ministàff,ursin,1615,warlock,demonology,36,17,19
32775,Xlilgee,kelthuzad,1614,warlock,demonology,30,17,13
32776,Abismoarmdr,ragnaros,1613,warlock,demonology,115,66,49
32777,Alndron,thrall,1613,warlock,demonology,36,17,19
32778,Shooterg,tichondrius,1613,warlock,demonology,42,18,24
32779,Yükina,stormrage,1611,warlock,demonology,54,29,25
32780,Mcjoy,akama,1608,warlock,demonology,121,72,49
32781,Hentry,sargeras,1608,warlock,demonology,47,25,22
32782,Eternalsmile,tichondrius,1606,warlock,demonology,36,21,15
32783,Cambolts,tichondrius,1604,warlock,demonology,36,20,16
32784,Toestye,lightbringer,1600,warlock,demonology,108,56,52
32785,Harrydotterr,bonechewer,1598,warlock,demonology,60,29,31
32786,Valkynaris,chogall,1594,warlock,demonology,30,20,10
32787,Warlocklmao,malganis,1594,warlock,demonology,36,19,17
32788,Raisa,chogall,1593,warlock,demonology,42,20,22
32789,Yanlexx,stormrage,1592,warlock,demonology,86,44,42
32790,Amour,wyrmrest-accord,1592,warlock,demonology,58,26,32
32791,Empiratore,quelthalas,1590,warlock,demonology,42,20,22
32792,Doombaby,zuljin,1588,warlock,demonology,48,30,18
32793,Lazymongoose,frostmourne,1588,warlock,demonology,114,61,53
32794,Invisibles,barthilas,1586,warlock,demonology,29,17,12
32795,Voltshot,tichondrius,1584,warlock,demonology,165,87,78
32796,Kìllèrgf,area-52,1584,warlock,demonology,78,39,39
32797,Goorock,area-52,1581,warlock,demonology,78,40,38
32798,Dreamsw,frostmourne,1578,warlock,demonology,36,18,18
32799,Agertis,frostmourne,1578,warlock,demonology,42,18,24
32800,Fearmebro,bleeding-hollow,1577,warlock,demonology,72,45,27
32801,Spookyfurry,area-52,1576,warlock,demonology,48,33,15
32802,Smallj,zuljin,1576,warlock,demonology,54,27,27
32803,Redbullsz,bleeding-hollow,1573,warlock,demonology,68,34,34
32804,Hoana,azralon,1570,warlock,demonology,87,50,37
32805,Xephostwo,area-52,1567,warlock,demonology,42,20,22
32806,Th,kiljaeden,1567,warlock,demonology,53,23,30
32807,Caesaros,quelthalas,1563,warlock,demonology,87,40,47
32808,Necronemesis,arthas,1556,warlock,demonology,60,27,33
32809,Curseifier,frostmourne,1554,warlock,demonology,44,23,21
32810,Fullxd,quelthalas,1551,warlock,demonology,48,28,20
32811,Deathcyth,crushridge,1550,warlock,demonology,123,69,54
32812,Spooknjuke,bleeding-hollow,1546,warlock,demonology,41,26,15
32813,Wickdways,daggerspine,1546,warlock,demonology,54,32,22
32814,Bauchalain,area-52,1541,warlock,demonology,36,21,15
32815,Soulrulerxc,tichondrius,1534,warlock,demonology,30,16,14
32816,Isometrics,barthilas,1534,warlock,demonology,30,16,14
32817,Canobio,tichondrius,1531,warlock,demonology,18,16,2
32818,Silentfears,tichondrius,1531,warlock,demonology,27,20,7
32819,Forsâken,tichondrius,1531,warlock,demonology,95,42,53
32820,Cilium,illidan,1530,warlock,demonology,35,20,15
32821,Almostoogood,illidan,1526,warlock,demonology,24,16,8
32822,Wollylock,dark-iron,1520,warlock,demonology,52,25,27
32823,Ktlock,frostmourne,1518,warlock,demonology,96,53,43
32824,Sadgellation,arthas,1514,warlock,demonology,30,19,11
32825,Fãttyqt,sargeras,1513,warlock,demonology,52,35,17
32826,Dárklórd,dalaran,1512,warlock,demonology,144,76,68
32827,Krolczdots,tichondrius,1505,warlock,demonology,30,18,12
32828,Proletariat,moon-guard,1503,warlock,demonology,64,38,26
32829,Parmenides,tichondrius,1502,warlock,demonology,112,56,56
32830,Bigdotenergi,tichondrius,1501,warlock,demonology,24,16,8
32831,Icemanliddel,area-52,1500,warlock,demonology,35,16,19
32832,Mindfulchimp,sargeras,1499,warlock,demonology,36,21,15
32833,Rasildur,ragnaros,1496,warlock,demonology,43,17,26
32834,Heartpvp,tichondrius,1495,warlock,demonology,54,27,27
32835,Shigero,tichondrius,1494,warlock,demonology,30,19,11
32836,Eriand,nordrassil,1482,warlock,demonology,102,51,51
32837,Zhoull,thrall,1479,warlock,demonology,48,23,25
32838,Grixis,zuluhed,1478,warlock,demonology,36,23,13
32839,Rotsndotss,thrall,1469,warlock,demonology,42,19,23
32840,Prägä,drakkari,1467,warlock,demonology,45,23,22
32841,Khanaan,illidan,1466,warlock,demonology,30,16,14
32842,Blavindy,illidan,1461,warlock,demonology,54,26,28
32843,Sugarwaffles,area-52,1460,warlock,demonology,60,33,27
32844,Kandrus,moon-guard,1454,warlock,demonology,92,43,49
32845,Iselltacos,dalaran,1451,warlock,demonology,25,16,9
32846,Immortallock,tichondrius,1449,warlock,demonology,54,27,27
32847,Tsunamibaby,anvilmar,1440,warlock,demonology,54,30,24
32848,Discordance,zuljin,1439,warlock,demonology,24,15,9
32849,Darkwîngduck,illidan,1439,warlock,demonology,24,15,9
32850,Invalid,frostmourne,1438,warlock,demonology,18,15,3
32851,Cosmosxi,illidan,1437,warlock,demonology,24,15,9
32852,Sosahawk,stormrage,1437,warlock,demonology,30,15,15
32853,Lamo,dawnbringer,1437,warlock,demonology,112,54,58
32854,Dottcha,blackrock,1436,warlock,demonology,24,15,9
32855,Chaosboltlol,tichondrius,1436,warlock,demonology,30,15,15
32856,Valerik,azralon,1435,warlock,demonology,42,20,22
32857,Synisterlock,moon-guard,1432,warlock,demonology,36,18,18
32858,Saevitar,area-52,1431,warlock,demonology,30,15,15
32859,Garcheros,ragnaros,1427,warlock,demonology,27,16,11
32860,Aomniloltv,zuljin,1426,warlock,demonology,24,15,9
32861,Voidwarlord,tichondrius,1420,warlock,demonology,47,26,21
32862,Yuengling,illidan,1420,warlock,demonology,30,15,15
32863,Arlenna,sargeras,1419,warlock,demonology,122,57,65
32864,Gromy,lightnings-blade,1415,warlock,demonology,50,30,20
32865,Smartpimp,tichondrius,1414,warlock,demonology,24,15,9
32866,Kuyog,illidan,1411,warlock,demonology,60,30,30
32867,Mothapucka,thrall,1410,warlock,demonology,35,16,19
32868,Laggyturbo,barthilas,1409,warlock,demonology,66,38,28
32869,Dcpwns,arthas,1405,warlock,demonology,42,18,24
32870,Monstir,sargeras,1396,warlock,demonology,31,16,15
32871,Suminl,tichondrius,1392,warlock,demonology,24,15,9
32872,Guisls,azralon,1386,warlock,demonology,54,22,32
32873,Tiná,tichondrius,1385,warlock,demonology,27,15,12
32874,Lemongillo,stormrage,1378,warlock,demonology,35,20,15
32875,Mysteryannie,tichondrius,1371,warlock,demonology,70,42,28
32876,Narcan,arthas,1371,warlock,demonology,29,16,13
32877,Guldorum,kiljaeden,1355,warlock,demonology,24,15,9
32878,Gimmeprecog,tichondrius,1344,warlock,demonology,18,14,4
32879,Voidxx,tichondrius,1343,warlock,demonology,18,14,4
32880,Ellynaria,nemesis,1343,warlock,demonology,18,14,4
32881,Biubius,tichondrius,1343,warlock,demonology,24,14,10
32882,Doomdm,zuljin,1342,warlock,demonology,24,14,10
32883,Paparoxy,illidan,1341,warlock,demonology,24,14,10
32884,Maral,kelthuzad,1341,warlock,demonology,27,15,12
32885,Juleno,quelthalas,1341,warlock,demonology,27,15,12
32886,Demonalien,malganis,1339,warlock,demonology,18,14,4
32887,Jamesiyah,moon-guard,1332,warlock,demonology,48,23,25
32888,Ézman,tichondrius,1330,warlock,demonology,24,14,10
32889,Bestwarlock,skywall,1328,warlock,demonology,30,14,16
32890,Eldriptch,kelthuzad,1325,warlock,demonology,27,15,12
32891,Superjuno,sargeras,1319,warlock,demonology,18,14,4
32892,Dawdrax,gallywix,1313,warlock,demonology,22,15,7
32893,Kuroyt,drakkari,1311,warlock,demonology,30,14,16
32894,Jokerks,tichondrius,1310,warlock,demonology,23,14,9
32895,Avoidence,tanaris,1308,warlock,demonology,24,14,10
32896,Sû,stormrage,1301,warlock,demonology,82,39,43
32897,Shadowflame,skullcrusher,1299,warlock,demonology,91,48,43
32898,Salacia,chogall,1286,warlock,demonology,81,39,42
32899,Gauul,illidan,1281,warlock,demonology,70,39,31
32900,Heathncraig,illidan,1279,warlock,demonology,50,29,21
32901,Screampied,sargeras,1279,warlock,demonology,53,24,29
32902,Tizzy,malganis,1276,warlock,demonology,32,21,11
32903,Valerilma,azralon,1276,warlock,demonology,36,16,20
32904,Cornboil,tichondrius,1274,warlock,demonology,57,27,30
32905,Willsayan,ragnaros,1266,warlock,demonology,42,16,26
32906,Bluffzlock,boulderfist,1260,warlock,demonology,23,14,9
32907,Wazog,jubeithos,1250,warlock,demonology,30,16,14
32908,Gotfear,zuljin,1249,warlock,demonology,141,70,71
32909,Scalpelx,tichondrius,1248,warlock,demonology,18,13,5
32910,Adonege,tichondrius,1248,warlock,demonology,24,13,11
32911,Drakatat,tichondrius,1248,warlock,demonology,24,13,11
32912,Deathboltx,zuljin,1248,warlock,demonology,24,13,11
32913,Pfhear,area-52,1247,warlock,demonology,24,13,11
32914,Feinnx,dalaran,1246,warlock,demonology,30,13,17
32915,Thalsiani,moon-guard,1239,warlock,demonology,24,13,11
32916,Drain,proudmoore,1233,warlock,demonology,18,13,5
32917,Felorc,wyrmrest-accord,1232,warlock,demonology,36,21,15
32918,Lpharji,tichondrius,1231,warlock,demonology,24,13,11
32919,Alaren,korgath,1231,warlock,demonology,36,13,23
32920,Brawndelock,stormrage,1228,warlock,demonology,24,13,11
32921,Welendiock,malganis,1228,warlock,demonology,43,21,22
32922,Zeeref,stormrage,1206,warlock,demonology,30,13,17
32923,Arcaangell,sargeras,1195,warlock,demonology,51,27,24
32924,Memon,frostmane,1187,warlock,demonology,29,13,16
32925,Syndrielle,emerald-dream,1175,warlock,demonology,42,16,26
32926,Artmaster,nordrassil,1174,warlock,demonology,30,20,10
32927,Snuffer,detheroc,1164,warlock,demonology,30,13,17
32928,Adistril,bleeding-hollow,1161,warlock,demonology,42,13,29
32929,Voidxz,tichondrius,1152,warlock,demonology,18,12,6
32930,Avery,mannoroth,1152,warlock,demonology,24,12,12
32931,Medzor,tichondrius,1152,warlock,demonology,24,12,12
32932,Blliizz,aegwynn,1151,warlock,demonology,18,12,6
32933,Tazerr,sargeras,1151,warlock,demonology,24,12,12
32934,Mongobros,illidan,1151,warlock,demonology,24,12,12
32935,Lentil,zuljin,1150,warlock,demonology,18,12,6
32936,Edzeá,frostmourne,1150,warlock,demonology,24,12,12
32937,Chipt,kelthuzad,1149,warlock,demonology,30,12,18
32938,Bosongo,boulderfist,1147,warlock,demonology,18,12,6
32939,Theseance,dalaran,1147,warlock,demonology,24,12,12
32940,Emperator,quelthalas,1146,warlock,demonology,22,13,9
32941,Tickleskin,windrunner,1146,warlock,demonology,25,13,12
32942,Nyhn,bleeding-hollow,1144,warlock,demonology,18,12,6
32943,Critthis,illidan,1141,warlock,demonology,24,12,12
32944,Helyana,illidan,1140,warlock,demonology,18,12,6
32945,Saltiernuts,malganis,1128,warlock,demonology,48,22,26
32946,Warlockafk,darkspear,1109,warlock,demonology,18,12,6
32947,Löksöflöve,sargeras,1101,warlock,demonology,60,25,35
32948,Politepvperx,kelthuzad,1070,warlock,demonology,17,12,5
32949,Lilmollyboy,demon-soul,1068,warlock,demonology,13,12,1
32950,Igortrikadva,zuljin,1056,warlock,demonology,12,11,1
32951,Bøltqt,tichondrius,1056,warlock,demonology,12,11,1
32952,Inmøtion,tichondrius,1056,warlock,demonology,18,11,7
32953,Netherhigh,tichondrius,1056,warlock,demonology,36,17,19
32954,Zzooxxqt,area-52,1056,warlock,demonology,24,11,13
32955,Betterone,azralon,1055,warlock,demonology,18,11,7
32956,Cendit,malganis,1055,warlock,demonology,18,11,7
32957,Fotmspec,area-52,1055,warlock,demonology,18,11,7
32958,Homeschooler,darkspear,1055,warlock,demonology,18,11,7
32959,Comina,kelthuzad,1055,warlock,demonology,24,11,13
32960,Praemonium,dalaran,1054,warlock,demonology,18,11,7
32961,Greasymario,area-52,1053,warlock,demonology,18,11,7
32962,Thelocker,stormrage,1051,warlock,demonology,18,11,7
32963,Adlfcritler,emerald-dream,1049,warlock,demonology,18,11,7
32964,Zinkro,quelthalas,1049,warlock,demonology,22,12,10
32965,Tròll,moon-guard,1049,warlock,demonology,54,25,29
32966,Moryan,malfurion,1049,warlock,demonology,27,12,15
32967,Tartamuda,ragnaros,1037,warlock,demonology,30,11,19
32968,Rickrock,gnomeregan,1034,warlock,demonology,18,11,7
32969,Rannieck,dark-iron,1022,warlock,demonology,16,12,4
32970,Kronii,jubeithos,1006,warlock,demonology,17,11,6
32971,Lukelock,azralon,990,warlock,demonology,22,11,11
32972,Celestialock,tichondrius,984,warlock,demonology,16,11,5
32973,Mocreia,azralon,981,warlock,demonology,28,11,17
32974,Thekook,illidan,971,warlock,demonology,25,12,13
32975,Hecataeus,stormrage,960,warlock,demonology,12,10,2
32976,Meltlordqt,mannoroth,960,warlock,demonology,12,10,2
32977,Evianne,skywall,960,warlock,demonology,18,10,8
32978,Idiocy,stormrage,960,warlock,demonology,18,10,8
32979,Joung,tichondrius,960,warlock,demonology,18,10,8
32980,Vexice,firetree,960,warlock,demonology,18,10,8
32981,Millions,barthilas,960,warlock,demonology,24,10,14
32982,Slothycrip,emerald-dream,960,warlock,demonology,30,10,20
32983,Zrò,bleeding-hollow,959,warlock,demonology,12,10,2
32984,Syraxi,illidan,959,warlock,demonology,18,10,8
32985,Hâm,dalaran,959,warlock,demonology,36,10,26
32986,Daesire,moon-guard,957,warlock,demonology,18,10,8
32987,Lockswagger,stormrage,956,warlock,demonology,18,10,8
32988,Zaintv,illidan,955,warlock,demonology,18,10,8
32989,Leine,proudmoore,955,warlock,demonology,24,10,14
32990,Methrocks,emerald-dream,953,warlock,demonology,24,10,14
32991,Uzag,mugthol,949,warlock,demonology,24,10,14
32992,Jojofann,nemesis,911,warlock,demonology,17,10,7
32993,Tichondrus,ragnaros,911,warlock,demonology,23,10,13
32994,Sheara,silver-hand,905,warlock,demonology,24,10,14
32995,Twinklockxx,mannoroth,895,warlock,demonology,23,10,13
32996,Apples,ravencrest,894,warlock,demonology,17,10,7
32997,Douzz,frostmourne,864,warlock,demonology,12,9,3
32998,Impenjoyer,tichondrius,864,warlock,demonology,12,9,3
32999,Hellbraive,queldorei,864,warlock,demonology,12,9,3
33000,Evanylock,proudmoore,864,warlock,demonology,18,9,9
33001,Louu,emerald-dream,864,warlock,demonology,18,9,9
33002,Bewær,deathwing,864,warlock,demonology,18,9,9
33003,Dxhusky,tichondrius,864,warlock,demonology,18,9,9
33004,Deboltzaru,ragnaros,864,warlock,demonology,19,9,10
33005,Gulßad,tichondrius,863,warlock,demonology,12,9,3
33006,Fatals,thrall,863,warlock,demonology,12,9,3
33007,Jorloz,ragnaros,863,warlock,demonology,12,9,3
33008,Ezgamejr,tichondrius,863,warlock,demonology,12,9,3
33009,Criticalpets,stormrage,863,warlock,demonology,18,9,9
33010,Skullsoul,arthas,863,warlock,demonology,18,9,9
33011,Päpï,tichondrius,862,warlock,demonology,12,9,3
33012,Harleyjames,ravenholdt,862,warlock,demonology,12,9,3
33013,Kothoped,wyrmrest-accord,861,warlock,demonology,24,9,15
33014,Oopsíe,nagrand,860,warlock,demonology,24,9,15
33015,Braylon,azuremyst,856,warlock,demonology,18,9,9
33016,Stankidanky,illidan,854,warlock,demonology,12,9,3
33017,Kymochaos,sargeras,847,warlock,demonology,17,9,8
33018,Orbvoid,sargeras,845,warlock,demonology,24,9,15
33019,Demoniclily,kiljaeden,816,warlock,demonology,21,9,12
33020,Haxtoss,stormrage,815,warlock,demonology,11,9,2
33021,Yoyoling,illidan,794,warlock,demonology,19,10,9
33022,Kotica,stormrage,781,warlock,demonology,16,9,7
33023,Xanetor,illidan,768,warlock,demonology,12,8,4
33024,Bigboltkazar,tichondrius,768,warlock,demonology,12,8,4
33025,Saeph,burning-legion,768,warlock,demonology,12,8,4
33026,Pvtpotato,tichondrius,768,warlock,demonology,12,8,4
33027,Westhofs,sargeras,768,warlock,demonology,12,8,4
33028,Marshyxd,tichondrius,768,warlock,demonology,12,8,4
33029,Esdreel,ragnaros,768,warlock,demonology,12,8,4
33030,Mukkamuk,shadowmoon,768,warlock,demonology,12,8,4
33031,Gnumbnutz,blades-edge,768,warlock,demonology,12,8,4
33032,Moramont,stormrage,768,warlock,demonology,12,8,4
33033,Asmion,earthen-ring,768,warlock,demonology,12,8,4
33034,Joseph,draktharon,768,warlock,demonology,18,8,10
33035,Niava,tichondrius,768,warlock,demonology,18,8,10
33036,Vasqu,stormrage,768,warlock,demonology,18,8,10
33037,Nismo,trollbane,768,warlock,demonology,18,8,10
33038,Bïcho,queldorei,768,warlock,demonology,18,8,10
33039,Neutrinowal,tichondrius,768,warlock,demonology,24,8,16
33040,Gibberishss,tichondrius,767,warlock,demonology,12,8,4
33041,Regime,deathwing,767,warlock,demonology,12,8,4
33042,Rosacrutian,tichondrius,767,warlock,demonology,12,8,4
33043,Krumlax,thrall,767,warlock,demonology,12,8,4
33044,Shâdowman,stormrage,767,warlock,demonology,12,8,4
33045,Fullmelt,azjolnerub,767,warlock,demonology,18,8,10
33046,Damerus,illidan,767,warlock,demonology,21,9,12
33047,Boltsfordays,dalaran,767,warlock,demonology,24,8,16
33048,Bojàck,stormrage,766,warlock,demonology,12,8,4
33049,Nezsarek,sargeras,766,warlock,demonology,12,8,4
33050,Elioknight,area-52,766,warlock,demonology,18,8,10
33051,Sørceress,bonechewer,765,warlock,demonology,12,8,4
33052,Lustyclam,tichondrius,765,warlock,demonology,12,8,4
33053,Cvntpvntcans,kelthuzad,764,warlock,demonology,18,8,10
33054,Pulentinskin,quelthalas,764,warlock,demonology,24,8,16
33055,Es,velen,761,warlock,demonology,24,8,16
33056,Eklypso,kelthuzad,714,warlock,demonology,20,9,11
33057,Jweezy,malganis,672,warlock,demonology,12,7,5
33058,Devilin,drakkari,672,warlock,demonology,12,7,5
33059,Protomán,agamaggan,672,warlock,demonology,12,7,5
33060,Deammon,tichondrius,672,warlock,demonology,12,7,5
33061,Aruotnof,nemesis,672,warlock,demonology,12,7,5
33062,Djvetis,blackhand,672,warlock,demonology,12,7,5
33063,Xyguoguo,tichondrius,672,warlock,demonology,12,7,5
33064,Løckyun,tichondrius,672,warlock,demonology,12,7,5
33065,Løcalplugxø,barthilas,672,warlock,demonology,12,7,5
33066,Demonmal,frostmourne,672,warlock,demonology,12,7,5
33067,Agla,quelthalas,672,warlock,demonology,12,7,5
33068,Sauronne,illidan,672,warlock,demonology,12,7,5
33069,Sorenbjerga,zuljin,672,warlock,demonology,12,7,5
33070,Dadtired,tichondrius,672,warlock,demonology,12,7,5
33071,Lifeinsuranc,tichondrius,672,warlock,demonology,12,7,5
33072,Bestcookies,malganis,672,warlock,demonology,12,7,5
33073,Isömetrics,barthilas,672,warlock,demonology,12,7,5
33074,Idoovoodoo,burning-legion,672,warlock,demonology,12,7,5
33075,Daxxter,tichondrius,672,warlock,demonology,12,7,5
33076,Evarona,gorefiend,672,warlock,demonology,18,7,11
33077,Matrriixx,proudmoore,672,warlock,demonology,18,7,11
33078,Ranil,mannoroth,672,warlock,demonology,18,7,11
33079,Saldori,malganis,671,warlock,demonology,12,7,5
33080,Glortheeb,spirestone,671,warlock,demonology,12,7,5
33081,Pollodelight,deathwing,671,warlock,demonology,12,7,5
33082,Celindeyn,stormrage,671,warlock,demonology,12,7,5
33083,Nëcrophil,area-52,671,warlock,demonology,12,7,5
33084,Zorah,quelthalas,671,warlock,demonology,12,7,5
33085,Menedemus,amanthul,671,warlock,demonology,18,7,11
33086,Dotsfired,crushridge,671,warlock,demonology,18,7,11
33087,Varian,quelthalas,671,warlock,demonology,18,7,11
33088,Deanwarlock,sargeras,670,warlock,demonology,12,7,5
33089,Lokiiee,azuremyst,664,warlock,demonology,12,7,5
33090,Tsmcfker,tichondrius,654,warlock,demonology,17,7,10
33091,Voldamorte,tichondrius,639,warlock,demonology,17,7,10
33092,Chlomakï,azralon,622,warlock,demonology,11,7,4
33093,Chaosboltex,tichondrius,618,warlock,demonology,14,8,6
33094,Phyxylock,stormrage,576,warlock,demonology,6,6,0
33095,Nðm,tichondrius,576,warlock,demonology,6,6,0
33096,Ritzhul,nordrassil,576,warlock,demonology,6,6,0
33097,Lcomi,tichondrius,576,warlock,demonology,6,6,0
33098,Warlockluo,tichondrius,576,warlock,demonology,12,6,6
33099,Yaldin,nemesis,576,warlock,demonology,12,6,6
33100,Hers,vashj,576,warlock,demonology,12,6,6
33101,Seekma,gallywix,576,warlock,demonology,12,6,6
33102,Destructio,tichondrius,576,warlock,demonology,12,6,6
33103,Eddybigbolts,tichondrius,576,warlock,demonology,12,6,6
33104,Marothredd,nathrezim,576,warlock,demonology,12,6,6
33105,Sorath,blackrock,576,warlock,demonology,12,6,6
33106,Aboode,blackrock,576,warlock,demonology,12,6,6
33107,Scarletdemon,malganis,576,warlock,demonology,12,6,6
33108,Epícburn,illidan,576,warlock,demonology,12,6,6
33109,Jæja,wyrmrest-accord,576,warlock,demonology,12,6,6
33110,Projectpump,kelthuzad,576,warlock,demonology,12,6,6
33111,Chaosblade,burning-blade,576,warlock,demonology,12,6,6
33112,Muchopower,ragnaros,576,warlock,demonology,12,6,6
33113,Dalah,illidan,576,warlock,demonology,12,6,6
33114,Antigotenent,sargeras,576,warlock,demonology,12,6,6
33115,Davidofbowie,burning-legion,576,warlock,demonology,12,6,6
33116,Kyralena,stormrage,576,warlock,demonology,12,6,6
33117,Bellath,azralon,576,warlock,demonology,12,6,6
33118,Zoerina,fizzcrank,576,warlock,demonology,12,6,6
33119,Artzul,tichondrius,576,warlock,demonology,15,7,8
33120,Dreadful,frostmourne,576,warlock,demonology,18,6,12
33121,Shadowhax,area-52,576,warlock,demonology,18,6,12
33122,Shadü,tichondrius,576,warlock,demonology,25,6,19
33123,Voidgown,moon-guard,575,warlock,demonology,12,6,6
33124,Sylvanes,emerald-dream,575,warlock,demonology,12,6,6
33125,Xenagos,antonidas,575,warlock,demonology,12,6,6
33126,Canning,shuhalo,575,warlock,demonology,18,6,12
33127,Nécromonster,illidan,574,warlock,demonology,18,6,12
33128,Undeadcurse,frostmourne,574,warlock,demonology,24,6,18
33129,Westhøf,sargeras,543,warlock,demonology,11,6,5
33130,Kronicdotz,bleeding-hollow,528,warlock,demonology,9,7,2
33131,Penzer,stormrage,528,warlock,demonology,15,6,9
33132,Creepydotman,mannoroth,511,warlock,demonology,14,6,8
33133,Gigagnomer,kelthuzad,480,warlock,demonology,6,5,1
33134,Tiatiatia,illidan,480,warlock,demonology,6,5,1
33135,Sinixx,tichondrius,480,warlock,demonology,6,5,1
33136,Floorlamp,anvilmar,480,warlock,demonology,6,5,1
33137,Gavvi,frostmourne,480,warlock,demonology,6,5,1
33138,Symplicìty,area-52,480,warlock,demonology,6,5,1
33139,Necrotko,malganis,480,warlock,demonology,6,5,1
33140,Séptima,illidan,480,warlock,demonology,6,5,1
33141,Zehzet,area-52,480,warlock,demonology,6,5,1
33142,Seutóóbinha,stormrage,480,warlock,demonology,6,5,1
33143,Scalpelexis,stormrage,480,warlock,demonology,6,5,1
33144,Aînzooalgown,ragnaros,480,warlock,demonology,6,5,1
33145,Velrose,thrall,480,warlock,demonology,6,5,1
33146,Zjxy,tichondrius,480,warlock,demonology,6,5,1
33147,Drainedd,blades-edge,480,warlock,demonology,6,5,1
33148,Zeexi,illidan,480,warlock,demonology,6,5,1
33149,Igniz,tichondrius,480,warlock,demonology,6,5,1
33150,Dodgebolts,khaz-modan,480,warlock,demonology,6,5,1
33151,Ötì,altar-of-storms,480,warlock,demonology,6,5,1
33152,Cidkagenou,sargeras,480,warlock,demonology,7,5,2
33153,Mêdìvh,tichondrius,480,warlock,demonology,12,5,7
33154,Breeak,sargeras,480,warlock,demonology,12,5,7
33155,Dewandoritos,kelthuzad,480,warlock,demonology,12,5,7
33156,Wheremyshoes,area-52,480,warlock,demonology,12,5,7
33157,Liuh,tichondrius,480,warlock,demonology,12,5,7
33158,Søcks,tichondrius,480,warlock,demonology,12,5,7
33159,Tubarão,azralon,480,warlock,demonology,12,5,7
33160,Sinápsís,ragnaros,480,warlock,demonology,12,5,7
33161,Rumpology,illidan,480,warlock,demonology,12,5,7
33162,Dapperdanxy,tichondrius,480,warlock,demonology,12,5,7
33163,Zarinista,veknilash,480,warlock,demonology,12,5,7
33164,Tribulatiön,moon-guard,480,warlock,demonology,12,5,7
33165,Mânuel,akama,480,warlock,demonology,12,5,7
33166,Alataar,sargeras,480,warlock,demonology,12,5,7
33167,Rooms,sargeras,480,warlock,demonology,12,5,7
33168,Yungwilly,silvermoon,480,warlock,demonology,12,5,7
33169,Grandpapapa,tichondrius,480,warlock,demonology,12,5,7
33170,Grineed,emerald-dream,480,warlock,demonology,12,5,7
33171,Gandreleda,wyrmrest-accord,480,warlock,demonology,16,6,10
33172,Paleontology,moon-guard,480,warlock,demonology,14,5,9
33173,Stinkmeaner,chogall,479,warlock,demonology,12,5,7
33174,Yury,scarlet-crusade,479,warlock,demonology,12,5,7
33175,Omegawarlock,quelthalas,479,warlock,demonology,18,5,13
33176,Sathorastus,spirestone,448,warlock,demonology,10,6,4
33177,Bâppo,antonidas,426,warlock,demonology,14,7,7
33178,Agaros,zuljin,426,warlock,demonology,17,6,11
33179,Rosalynda,azralon,398,warlock,demonology,10,5,5
33180,Peterdotz,whisperwind,384,warlock,demonology,6,4,2
33181,Curpt,the-scryers,384,warlock,demonology,6,4,2
33182,Xekk,wyrmrest-accord,384,warlock,demonology,6,4,2
33183,Brujever,ragnaros,384,warlock,demonology,6,4,2
33184,Mazzaleen,area-52,384,warlock,demonology,6,4,2
33185,Alchan,tichondrius,384,warlock,demonology,6,4,2
33186,Thefunk,tichondrius,384,warlock,demonology,6,4,2
33187,Deatthmoon,stormrage,384,warlock,demonology,6,4,2
33188,Lambe,tichondrius,384,warlock,demonology,6,4,2
33189,Menemies,malganis,384,warlock,demonology,6,4,2
33190,Bellatriks,nemesis,384,warlock,demonology,6,4,2
33191,Viejitaa,quelthalas,384,warlock,demonology,6,4,2
33192,Frustration,darkspear,384,warlock,demonology,6,4,2
33193,Oniyooshi,kelthuzad,384,warlock,demonology,6,4,2
33194,Il,nerzhul,384,warlock,demonology,6,4,2
33195,Syndel,drakkari,384,warlock,demonology,6,4,2
33196,Coomerdoomer,stormrage,384,warlock,demonology,6,4,2
33197,Quonton,tichondrius,384,warlock,demonology,6,4,2
33198,Kernlberton,tichondrius,384,warlock,demonology,6,4,2
33199,Drix,wyrmrest-accord,384,warlock,demonology,6,4,2
33200,Meelady,tichondrius,384,warlock,demonology,6,4,2
33201,Ardam,cenarion-circle,384,warlock,demonology,6,4,2
33202,Hordefella,malganis,384,warlock,demonology,6,4,2
33203,Vesaloth,zuljin,384,warlock,demonology,6,4,2
33204,Ethero,emerald-dream,384,warlock,demonology,6,4,2
33205,Omertà,staghelm,384,warlock,demonology,6,4,2
33206,Bigmancam,illidan,384,warlock,demonology,6,4,2
33207,Rodneyjones,emerald-dream,384,warlock,demonology,6,4,2
33208,Conjur,barthilas,384,warlock,demonology,6,4,2
33209,Meep,madoran,384,warlock,demonology,6,4,2
33210,Twototheone,illidan,384,warlock,demonology,6,4,2
33211,Fokâi,sargeras,384,warlock,demonology,6,4,2
33212,Bashel,sargeras,384,warlock,demonology,6,4,2
33213,Eflock,barthilas,384,warlock,demonology,6,4,2
33214,Mssy,illidan,384,warlock,demonology,6,4,2
33215,Moräl,frostmourne,384,warlock,demonology,6,4,2
33216,Dashaad,illidan,384,warlock,demonology,6,4,2
33217,Nerolock,frostmourne,384,warlock,demonology,6,4,2
33218,Hélà,sargeras,384,warlock,demonology,6,4,2
33219,Salaszar,illidan,384,warlock,demonology,6,4,2
33220,Metic,firetree,384,warlock,demonology,6,4,2
33221,Kyrionn,azralon,384,warlock,demonology,6,4,2
33222,Logixo,sargeras,384,warlock,demonology,7,4,3
33223,Warlooch,area-52,384,warlock,demonology,9,5,4
33224,Woudini,malganis,384,warlock,demonology,10,5,5
33225,Ddorangmoon,tichondrius,384,warlock,demonology,12,4,8
33226,Puchador,sargeras,384,warlock,demonology,12,4,8
33227,Diekast,tichondrius,384,warlock,demonology,12,4,8
33228,Dogcookie,moon-guard,384,warlock,demonology,12,4,8
33229,Jezzika,azralon,384,warlock,demonology,12,4,8
33230,Naydene,moon-guard,384,warlock,demonology,12,4,8
33231,Tahmrin,quelthalas,384,warlock,demonology,12,4,8
33232,Dagadon,arathor,384,warlock,demonology,12,4,8
33233,Pìnto,illidan,384,warlock,demonology,12,4,8
33234,Naz,shadowsong,384,warlock,demonology,12,4,8
33235,Srz,stormrage,384,warlock,demonology,12,4,8
33236,Soulrman,tichondrius,384,warlock,demonology,12,4,8
33237,Uarus,tichondrius,384,warlock,demonology,12,4,8
33238,Arckádia,stormrage,384,warlock,demonology,12,4,8
33239,Arsaurelica,blackrock,384,warlock,demonology,12,4,8
33240,Nefertarie,illidan,384,warlock,demonology,12,4,8
33241,Ven,dalaran,384,warlock,demonology,12,4,8
33242,Deatt,deathwing,384,warlock,demonology,12,4,8
33243,Warlack,jubeithos,384,warlock,demonology,12,4,8
33244,Çheesestick,dalaran,384,warlock,demonology,12,4,8
33245,Xoxoxu,frostmourne,384,warlock,demonology,12,4,8
33246,Ragnalock,laughing-skull,384,warlock,demonology,14,4,10
33247,Tofulery,tichondrius,384,warlock,demonology,18,4,14
33248,Greems,tichondrius,383,warlock,demonology,6,4,2
33249,Voodootidies,proudmoore,382,warlock,demonology,9,4,5
33250,Freshimps,blood-furnace,367,warlock,demonology,11,4,7
33251,Sharee,azuremyst,363,warlock,demonology,11,4,7
33252,Ärminvßuurën,barthilas,351,warlock,demonology,11,4,7
33253,Minichompei,frostmourne,319,warlock,demonology,5,4,1
33254,Sumondeznuts,wyrmrest-accord,319,warlock,demonology,5,4,1
33255,Naokishi,stormrage,288,warlock,demonology,6,3,3
33256,Graveland,frostwolf,288,warlock,demonology,6,3,3
33257,Feartool,stormrage,288,warlock,demonology,6,3,3
33258,Gotty,stormrage,288,warlock,demonology,6,3,3
33259,Darthael,stormrage,288,warlock,demonology,6,3,3
33260,Tynks,mannoroth,288,warlock,demonology,6,3,3
33261,Kogath,thunderlord,288,warlock,demonology,6,3,3
33262,Disgustingfk,illidan,288,warlock,demonology,6,3,3
33263,Domwarlock,uther,288,warlock,demonology,6,3,3
33264,Diebydots,blackrock,288,warlock,demonology,6,3,3
33265,Leonito,tichondrius,288,warlock,demonology,6,3,3
33266,Pikslol,bleeding-hollow,288,warlock,demonology,6,3,3
33267,Psyløck,bleeding-hollow,288,warlock,demonology,6,3,3
33268,Lamdyn,moon-guard,288,warlock,demonology,6,3,3
33269,Molguzano,ragnaros,288,warlock,demonology,6,3,3
33270,Neruvian,tichondrius,288,warlock,demonology,6,3,3
33271,Capslock,arthas,288,warlock,demonology,6,3,3
33272,Bral,hyjal,288,warlock,demonology,6,3,3
33273,Khatrat,azralon,288,warlock,demonology,6,3,3
33274,Fëlgibson,illidan,288,warlock,demonology,6,3,3
33275,Schrader,sargeras,288,warlock,demonology,6,3,3
33276,Zanlockos,dalaran,288,warlock,demonology,6,3,3
33277,Nockdreal,azralon,288,warlock,demonology,6,3,3
33278,Whydemono,tichondrius,288,warlock,demonology,6,3,3
33279,Elementzero,malorne,288,warlock,demonology,6,3,3
33280,Ðemented,bleeding-hollow,288,warlock,demonology,6,3,3
33281,Archleon,smolderthorn,288,warlock,demonology,6,3,3
33282,Juankkii,bonechewer,288,warlock,demonology,6,3,3
33283,Drelgun,aerie-peak,288,warlock,demonology,6,3,3
33284,Criptix,bleeding-hollow,288,warlock,demonology,6,3,3
33285,Locksoul,area-52,288,warlock,demonology,6,3,3
33286,Lockinha,azralon,288,warlock,demonology,6,3,3
33287,Asmodeun,malganis,288,warlock,demonology,6,3,3
33288,Poggun,tichondrius,288,warlock,demonology,6,3,3
33289,Faraday,laughing-skull,288,warlock,demonology,6,3,3
33290,Demonia,dathremar,288,warlock,demonology,6,3,3
33291,Azland,proudmoore,288,warlock,demonology,6,3,3
33292,Deadlylock,gilneas,288,warlock,demonology,6,3,3
33293,Munick,spirestone,288,warlock,demonology,6,3,3
33294,Asiopdu,tichondrius,288,warlock,demonology,6,3,3
33295,Nipz,korialstrasz,288,warlock,demonology,6,3,3
33296,Itzlandox,emerald-dream,288,warlock,demonology,6,3,3
33297,Ðamndaddy,sargeras,288,warlock,demonology,6,3,3
33298,Soulruler,tichondrius,288,warlock,demonology,6,3,3
33299,Lilthicy,sargeras,288,warlock,demonology,6,3,3
33300,Rumjugs,barthilas,288,warlock,demonology,6,3,3
33301,Keezus,area-52,288,warlock,demonology,6,3,3
33302,Superbroly,area-52,288,warlock,demonology,6,3,3
33303,Jennifear,sargeras,288,warlock,demonology,6,3,3
33304,Lhordeign,area-52,288,warlock,demonology,6,3,3
33305,Sangala,malganis,288,warlock,demonology,6,3,3
33306,Guldylox,kiljaeden,288,warlock,demonology,6,3,3
33307,Nightterrour,frostmourne,288,warlock,demonology,6,3,3
33308,Zhul,nerzhul,288,warlock,demonology,6,3,3
33309,Sooshi,malganis,288,warlock,demonology,6,3,3
33310,Lefteexd,tichondrius,288,warlock,demonology,6,3,3
33311,Khamzatt,proudmoore,288,warlock,demonology,6,3,3
33312,Drerrday,kelthuzad,288,warlock,demonology,6,3,3
33313,Hauntsin,hyjal,288,warlock,demonology,6,3,3
33314,Agonie,tichondrius,288,warlock,demonology,6,3,3
33315,Areolaz,kelthuzad,288,warlock,demonology,6,3,3
33316,Hgma,tichondrius,288,warlock,demonology,6,3,3
33317,Crtyodautr,skullcrusher,288,warlock,demonology,6,3,3
33318,Iamfear,shuhalo,288,warlock,demonology,6,3,3
33319,Saffuky,frostmourne,288,warlock,demonology,6,3,3
33320,Okul,frostmourne,288,warlock,demonology,6,3,3
33321,Fatuglyegirl,sargeras,288,warlock,demonology,6,3,3
33322,Imbooms,blackrock,288,warlock,demonology,6,3,3
33323,Crispee,azuremyst,288,warlock,demonology,12,3,9
33324,Killvilock,kelthuzad,288,warlock,demonology,12,3,9
33325,Dàmagicman,drakthul,288,warlock,demonology,12,3,9
33326,Wineburger,frostmourne,288,warlock,demonology,12,3,9
33327,Albbanoo,tichondrius,288,warlock,demonology,12,3,9
33328,Constantine,exodar,288,warlock,demonology,12,3,9
33329,Strax,shattered-hand,288,warlock,demonology,12,3,9
33330,Kwrhitom,zuljin,288,warlock,demonology,12,3,9
33331,Nostractus,azralon,287,warlock,demonology,6,3,3
33332,Ijustsharded,area-52,255,warlock,demonology,11,3,8
33333,Ceeloww,illidan,239,warlock,demonology,5,3,2
33334,Slugworth,rivendare,239,warlock,demonology,5,3,2
33335,Quetzâlcoâtl,sargeras,239,warlock,demonology,5,3,2
33336,Uwantpeach,tichondrius,239,warlock,demonology,5,3,2
33337,Bänno,bleeding-hollow,239,warlock,demonology,5,3,2
33338,Frankandbean,dawnbringer,234,warlock,demonology,7,4,3
33339,Predictions,sargeras,234,warlock,demonology,10,5,5
33340,Apøçàlÿpsè,firetree,234,warlock,demonology,11,5,6
33341,Schofen,tichondrius,234,warlock,demonology,13,4,9
33342,Cocoabuttâ,stormrage,192,warlock,demonology,4,3,1
33343,Javirr,ragnaros,192,warlock,demonology,15,5,10
33344,Kaertis,emerald-dream,192,warlock,demonology,9,3,6
33345,Felforyouu,illidan,192,warlock,demonology,6,2,4
33346,Cursedkash,stormrage,192,warlock,demonology,6,2,4
33347,Lilbiackguy,stormrage,192,warlock,demonology,6,2,4
33348,Xblessed,stormrage,192,warlock,demonology,6,2,4
33349,Sakyameil,area-52,192,warlock,demonology,6,2,4
33350,Dedology,area-52,192,warlock,demonology,6,2,4
33351,Nanicide,kelthuzad,192,warlock,demonology,6,2,4
33352,Griffoz,frostwolf,192,warlock,demonology,6,2,4
33353,Watchmeport,onyxia,192,warlock,demonology,6,2,4
33354,Knobbynobbas,stormrage,192,warlock,demonology,6,2,4
33355,Feardr,frostmourne,192,warlock,demonology,6,2,4
33356,Buboñic,area-52,192,warlock,demonology,6,2,4
33357,Darkboltz,area-52,192,warlock,demonology,6,2,4
33358,Wearelegionx,frostmourne,192,warlock,demonology,6,2,4
33359,Firemike,kelthuzad,192,warlock,demonology,6,2,4
33360,Warfeen,malganis,192,warlock,demonology,6,2,4
33361,Infecçäo,stormrage,192,warlock,demonology,6,2,4
33362,Sinissa,ysondre,192,warlock,demonology,6,2,4
33363,Sheshð,stormrage,192,warlock,demonology,6,2,4
33364,Reckzet,stormrage,192,warlock,demonology,6,2,4
33365,Ziroken,crushridge,192,warlock,demonology,6,2,4
33366,Qic,runetotem,192,warlock,demonology,6,2,4
33367,Caesis,illidan,192,warlock,demonology,6,2,4
33368,Irene,nagrand,192,warlock,demonology,6,2,4
33369,Medallok,laughing-skull,192,warlock,demonology,6,2,4
33370,Demic,thrall,192,warlock,demonology,6,2,4
33371,Maroth,elune,192,warlock,demonology,6,2,4
33372,Expiredonion,bleeding-hollow,192,warlock,demonology,6,2,4
33373,Stuffs,wyrmrest-accord,192,warlock,demonology,6,2,4
33374,Boon,spirestone,192,warlock,demonology,6,2,4
33375,Ggaayyooii,anubarak,192,warlock,demonology,6,2,4
33376,Zerowarlock,stormrage,192,warlock,demonology,6,2,4
33377,Koffay,bleeding-hollow,192,warlock,demonology,6,2,4
33378,Trippednfel,stormrage,192,warlock,demonology,6,2,4
33379,Easymac,thunderlord,192,warlock,demonology,6,2,4
33380,Rokdas,area-52,192,warlock,demonology,6,2,4
33381,Feldotz,illidan,192,warlock,demonology,6,2,4
33382,Draindeez,sargeras,192,warlock,demonology,6,2,4
33383,Zevoc,tichondrius,192,warlock,demonology,6,2,4
33384,Borudo,thrall,192,warlock,demonology,6,2,4
33385,Ragdoll,illidan,192,warlock,demonology,6,2,4
33386,Greenbeanzs,tichondrius,192,warlock,demonology,6,2,4
33387,Hentailust,kiljaeden,192,warlock,demonology,6,2,4
33388,Capïrota,nemesis,192,warlock,demonology,6,2,4
33389,Brough,illidan,192,warlock,demonology,6,2,4
33390,Kaosqt,nemesis,192,warlock,demonology,6,2,4
33391,Evilempire,sargeras,192,warlock,demonology,6,2,4
33392,Doomtome,moon-guard,192,warlock,demonology,6,2,4
33393,Sphîñx,sargeras,192,warlock,demonology,6,2,4
33394,Ceelowtf,sargeras,192,warlock,demonology,6,2,4
33395,Promancer,drakkari,192,warlock,demonology,6,2,4
33396,Vendareth,earthen-ring,192,warlock,demonology,6,2,4
33397,Barbieelf,sargeras,192,warlock,demonology,6,2,4
33398,Zalissel,proudmoore,192,warlock,demonology,6,2,4
33399,Xuker,tichondrius,192,warlock,demonology,6,2,4
33400,Draino,tichondrius,192,warlock,demonology,6,2,4
33401,Wreckquiem,draka,192,warlock,demonology,6,2,4
33402,Eternitty,nemesis,192,warlock,demonology,6,2,4
33403,Yuckytoetoe,emerald-dream,192,warlock,demonology,6,2,4
33404,Rôsé,tichondrius,192,warlock,demonology,6,2,4
33405,Destructo,illidan,192,warlock,demonology,6,2,4
33406,Anukh,emerald-dream,192,warlock,demonology,6,2,4
33407,Daliadark,sargeras,192,warlock,demonology,6,2,4
33408,Malegnant,proudmoore,192,warlock,demonology,6,2,4
33409,Soulbane,tol-barad,192,warlock,demonology,6,2,4
33410,Geauxst,tichondrius,192,warlock,demonology,6,2,4
33411,Drkdestro,boulderfist,192,warlock,demonology,12,2,10
33412,Timerad,maelstrom,192,warlock,demonology,14,2,12
33413,Tunacanthicc,moon-guard,159,warlock,demonology,5,2,3
33414,Jafi,coilfang,159,warlock,demonology,5,2,3
33415,Wårloçk,tichondrius,159,warlock,demonology,5,2,3
33416,Gartlarrey,daggerspine,158,warlock,demonology,14,3,11
33417,Cslice,magtheridon,128,warlock,demonology,4,2,2
33418,Tazlock,blackrock,128,warlock,demonology,10,2,8
33419,Tonyxx,tichondrius,96,warlock,demonology,6,1,5
33420,Malzahard,ragnaros,96,warlock,demonology,6,1,5
33421,Overlard,illidan,96,warlock,demonology,6,1,5
33422,Bmó,stormrage,96,warlock,demonology,6,1,5
33423,Yora,illidan,96,warlock,demonology,6,1,5
33424,Ñinelyfe,frostmourne,96,warlock,demonology,6,1,5
33425,Borthrel,moon-guard,96,warlock,demonology,6,1,5
33426,Erimegara,ragnaros,96,warlock,demonology,6,1,5
33427,Xalithra,moon-guard,96,warlock,demonology,6,1,5
33428,Thugpenus,frostmane,96,warlock,demonology,6,1,5
33429,Nùts,frostmourne,96,warlock,demonology,6,1,5
33430,Shortbuhz,tichondrius,96,warlock,demonology,6,1,5
33431,Flangy,kiljaeden,96,warlock,demonology,6,1,5
33432,Varvanta,proudmoore,96,warlock,demonology,6,1,5
33433,Isthismeta,tichondrius,96,warlock,demonology,6,1,5
33434,Halloweèn,kelthuzad,96,warlock,demonology,6,1,5
33435,Shadococo,tichondrius,96,warlock,demonology,6,1,5
33436,Uggaboogga,malganis,96,warlock,demonology,6,1,5
33437,Oreo,velen,96,warlock,demonology,6,1,5
33438,Zíppen,proudmoore,96,warlock,demonology,6,1,5
33439,Kajayak,nazjatar,96,warlock,demonology,6,1,5
33440,Solöw,tichondrius,96,warlock,demonology,6,1,5
33441,Laklin,stormscale,96,warlock,demonology,6,1,5
33442,Fashon,barthilas,96,warlock,demonology,6,1,5
33443,Bilidin,azralon,96,warlock,demonology,6,1,5
33444,Hâunted,khazgoroth,96,warlock,demonology,6,1,5
33445,Sidiouss,dreadmaul,96,warlock,demonology,6,1,5
33446,Hsxcx,stonemaul,96,warlock,demonology,6,1,5
33447,Fearedit,bleeding-hollow,96,warlock,demonology,6,1,5
33448,Osteogenesis,quelthalas,96,warlock,demonology,6,1,5
33449,Nameflagged,arathor,96,warlock,demonology,6,1,5
33450,Sinful,darkspear,96,warlock,demonology,6,1,5
33451,Damdochael,bleeding-hollow,96,warlock,demonology,6,1,5
33452,Quinsnyder,zuljin,96,warlock,demonology,6,1,5
33453,Amauder,moon-guard,96,warlock,demonology,6,1,5
33454,Skured,maiev,96,warlock,demonology,6,1,5
33455,Velondris,illidan,96,warlock,demonology,6,1,5
33456,Badstepbro,sargeras,96,warlock,demonology,6,1,5
33457,Glizzÿ,thrall,96,warlock,demonology,6,1,5
33458,Jazzycj,bleeding-hollow,96,warlock,demonology,6,1,5
33459,Rylal,illidan,96,warlock,demonology,6,1,5
33460,Eriss,exodar,96,warlock,demonology,6,1,5
33461,Decrepticus,kargath,96,warlock,demonology,6,1,5
33462,Fluximilian,azralon,96,warlock,demonology,7,1,6
33463,Vèigarr,frostmourne,96,warlock,demonology,9,1,8
33464,Kecca,azralon,96,warlock,demonology,15,1,14
33465,Mamabolts,kelthuzad,79,warlock,demonology,5,1,4
33466,Shaurial,zuljin,48,warlock,demonology,3,1,2
33467,Locksyy,tichondrius,31,warlock,demonology,2,1,1
33468,Warlow,mugthol,31,warlock,demonology,8,1,7
33469,Camila,lightnings-blade,16,warlock,demonology,1,1,0
33470,Voidchaos,whisperwind,2335,warlock,destruction,184,103,81
33471,Reverence,tichondrius,2283,warlock,destruction,101,64,37
33472,Mengqil,tichondrius,2267,warlock,destruction,114,64,50
33473,Singleaf,stormrage,2255,warlock,destruction,98,57,41
33474,Locean,tichondrius,2224,warlock,destruction,94,56,38
33475,Demonicxs,area-52,2211,warlock,destruction,101,56,45
33476,Drexia,tichondrius,2208,warlock,destruction,54,41,13
33477,Hahahahahha,stormrage,2187,warlock,destruction,71,44,27
33478,Warzog,wyrmrest-accord,2186,warlock,destruction,78,49,29
33479,Kamohoalii,bleeding-hollow,2181,warlock,destruction,72,46,26
33480,Dannyl,tichondrius,2178,warlock,destruction,60,41,19
33481,Nos,bleeding-hollow,2170,warlock,destruction,70,43,27
33482,Diabolicalz,sargeras,2169,warlock,destruction,93,52,41
33483,Nosw,bleeding-hollow,2167,warlock,destruction,72,43,29
33484,Søülætër,bleeding-hollow,2161,warlock,destruction,66,42,24
33485,Mcdudebro,malganis,2160,warlock,destruction,60,40,20
33486,Ihavestds,tichondrius,2158,warlock,destruction,60,35,25
33487,Impenjoyer,tichondrius,2154,warlock,destruction,66,41,25
33488,Playßøy,area-52,2154,warlock,destruction,78,45,33
33489,Jonboyy,illidan,2154,warlock,destruction,96,51,45
33490,Truetime,tichondrius,2147,warlock,destruction,84,46,38
33491,Woahlock,thrall,2146,warlock,destruction,64,40,24
33492,Ihatemyson,tichondrius,2144,warlock,destruction,59,33,26
33493,Ellynaria,nemesis,2142,warlock,destruction,78,51,27
33494,Sarcophagus,duskwood,2142,warlock,destruction,108,58,50
33495,Tomatobob,thrall,2136,warlock,destruction,84,44,40
33496,Igortrikadva,zuljin,2135,warlock,destruction,72,43,29
33497,Mclovn,suramar,2135,warlock,destruction,101,57,44
33498,Leredi,stormrage,2135,warlock,destruction,146,78,68
33499,Yifaruhún,illidan,2132,warlock,destruction,78,58,20
33500,Deideimeow,illidan,2130,warlock,destruction,65,42,23
33501,Darthael,stormrage,2130,warlock,destruction,188,112,76
33502,Drâkedog,illidan,2128,warlock,destruction,66,38,28
33503,Medzor,tichondrius,2128,warlock,destruction,93,53,40
33504,Loopsy,stormrage,2126,warlock,destruction,115,64,51
33505,Sockems,guldan,2125,warlock,destruction,90,51,39
33506,Demonman,kirin-tor,2124,warlock,destruction,72,41,31
33507,Dodgeykun,khaz-modan,2123,warlock,destruction,83,53,30
33508,Rizzard,lightnings-blade,2123,warlock,destruction,107,64,43
33509,Zyzx,malganis,2120,warlock,destruction,59,37,22
33510,Hudwinx,illidan,2119,warlock,destruction,78,47,31
33511,Drakedogee,illidan,2119,warlock,destruction,66,35,31
33512,Bananapan,tichondrius,2116,warlock,destruction,66,44,22
33513,Dyenamik,stormrage,2116,warlock,destruction,65,36,29
33514,Usurpest,bleeding-hollow,2114,warlock,destruction,79,50,29
33515,Dean,frostmourne,2111,warlock,destruction,66,33,33
33516,Alucarduo,emerald-dream,2110,warlock,destruction,72,39,33
33517,Ghoul,demon-soul,2109,warlock,destruction,60,35,25
33518,Mjn,tichondrius,2107,warlock,destruction,100,51,49
33519,Stingzz,azralon,2106,warlock,destruction,61,38,23
33520,Chaosboltex,tichondrius,2106,warlock,destruction,72,41,31
33521,Pillçosby,bleeding-hollow,2106,warlock,destruction,139,71,68
33522,Babyaga,illidan,2106,warlock,destruction,85,42,43
33523,Xavier,wyrmrest-accord,2105,warlock,destruction,87,50,37
33524,Jcm,hyjal,2104,warlock,destruction,59,41,18
33525,Dottle,frostmourne,2104,warlock,destruction,66,39,27
33526,Dae,burning-legion,2103,warlock,destruction,59,38,21
33527,Bufflockmore,tichondrius,2103,warlock,destruction,112,62,50
33528,Kaytoxic,tichondrius,2103,warlock,destruction,72,39,33
33529,Ohmend,thrall,2102,warlock,destruction,69,45,24
33530,Disembolt,illidan,2102,warlock,destruction,66,41,25
33531,Rainbowdate,tichondrius,2101,warlock,destruction,36,29,7
33532,Implify,tichondrius,2101,warlock,destruction,142,73,69
33533,Nvlnx,tichondrius,2096,warlock,destruction,95,55,40
33534,Kruxxqt,illidan,2096,warlock,destruction,251,135,116
33535,Gimmeprecog,tichondrius,2091,warlock,destruction,62,38,24
33536,Dxxz,tichondrius,2089,warlock,destruction,85,47,38
33537,Thugonomicz,demon-soul,2071,warlock,destruction,54,37,17
33538,Quinsnyder,zuljin,2071,warlock,destruction,186,94,92
33539,Butterboyx,stormrage,2068,warlock,destruction,77,46,31
33540,Thumperrz,frostmourne,2068,warlock,destruction,71,37,34
33541,Luvana,kelthuzad,2066,warlock,destruction,65,42,23
33542,Demofire,tichondrius,2063,warlock,destruction,63,39,24
33543,Idotû,tichondrius,2063,warlock,destruction,161,87,74
33544,Mazewl,illidan,2062,warlock,destruction,93,63,30
33545,Vapeboi,bleeding-hollow,2060,warlock,destruction,54,33,21
33546,Insanetroll,stormrage,2059,warlock,destruction,66,46,20
33547,Etuskaa,tichondrius,2056,warlock,destruction,78,46,32
33548,Revenid,tichondrius,2049,warlock,destruction,72,42,30
33549,Slantsix,tichondrius,2049,warlock,destruction,72,40,32
33550,Colombø,gallywix,2048,warlock,destruction,140,74,66
33551,Breeped,tichondrius,2044,warlock,destruction,108,68,40
33552,Foresthills,sargeras,2044,warlock,destruction,96,50,46
33553,Uwantpeach,tichondrius,2043,warlock,destruction,46,34,12
33554,Hàrrydotter,darkspear,2041,warlock,destruction,58,36,22
33555,Horror,moon-guard,2041,warlock,destruction,75,35,40
33556,Brainless,tichondrius,2040,warlock,destruction,109,66,43
33557,Cux,malganis,2038,warlock,destruction,78,40,38
33558,Sinápsís,ragnaros,2035,warlock,destruction,54,36,18
33559,Cc,hellscream,2035,warlock,destruction,114,75,39
33560,Kaidow,tichondrius,2033,warlock,destruction,78,50,28
33561,Instabilityx,tichondrius,2028,warlock,destruction,71,42,29
33562,Audition,ragnaros,2026,warlock,destruction,90,47,43
33563,Usainboltzz,tichondrius,2017,warlock,destruction,42,32,10
33564,Duukka,malganis,2015,warlock,destruction,96,53,43
33565,Truenatestes,proudmoore,2012,warlock,destruction,59,33,26
33566,Ðlrwêcïûj,stormrage,2009,warlock,destruction,48,34,14
33567,Napiersdot,tichondrius,2009,warlock,destruction,72,39,33
33568,Epícburn,illidan,1996,warlock,destruction,30,21,9
33569,Darkmagicc,tichondrius,1995,warlock,destruction,96,48,48
33570,Äran,azralon,1992,warlock,destruction,48,28,20
33571,Scørrgx,azralon,1990,warlock,destruction,66,34,32
33572,Albbanoo,tichondrius,1985,warlock,destruction,137,73,64
33573,Kyranu,tichondrius,1984,warlock,destruction,97,52,45
33574,Deadlpoo,stormscale,1984,warlock,destruction,154,81,73
33575,Tacobelf,magtheridon,1980,warlock,destruction,129,73,56
33576,Zhul,nerzhul,1979,warlock,destruction,63,40,23
33577,Fotmspec,area-52,1976,warlock,destruction,66,46,20
33578,Dazu,illidan,1972,warlock,destruction,95,51,44
33579,Zeari,sargeras,1972,warlock,destruction,109,55,54
33580,Calvarr,bleeding-hollow,1970,warlock,destruction,77,45,32
33581,Butteredbun,stormrage,1969,warlock,destruction,90,54,36
33582,Salanzø,bleeding-hollow,1965,warlock,destruction,54,31,23
33583,Mizmagius,moon-guard,1965,warlock,destruction,65,31,34
33584,Reneqtxo,frostmourne,1964,warlock,destruction,86,59,27
33585,Boltsnhoes,illidan,1961,warlock,destruction,78,46,32
33586,Blackyeonnam,tichondrius,1959,warlock,destruction,86,46,40
33587,Hrrpeuh,zuljin,1959,warlock,destruction,76,38,38
33588,Pernicious,bladefist,1959,warlock,destruction,167,81,86
33589,Lopenx,korgath,1957,warlock,destruction,122,64,58
33590,Ztlivid,area-52,1956,warlock,destruction,60,41,19
33591,Seangnong,tichondrius,1953,warlock,destruction,54,34,20
33592,Freddiewill,tichondrius,1953,warlock,destruction,96,60,36
33593,Panna,tichondrius,1948,warlock,destruction,173,90,83
33594,Kyrmax,malganis,1946,warlock,destruction,96,52,44
33595,Heckindoggø,tichondrius,1945,warlock,destruction,57,34,23
33596,Slipnslide,malganis,1944,warlock,destruction,48,31,17
33597,Rakshama,chogall,1944,warlock,destruction,45,26,19
33598,Xertling,sargeras,1941,warlock,destruction,55,38,17
33599,Nightmanx,sargeras,1941,warlock,destruction,53,31,22
33600,Nðm,tichondrius,1939,warlock,destruction,102,50,52
33601,Zyltan,tichondrius,1938,warlock,destruction,36,25,11
33602,Isodjdojk,sargeras,1938,warlock,destruction,58,34,24
33603,Balveer,tichondrius,1937,warlock,destruction,35,21,14
33604,Abrocket,alleria,1931,warlock,destruction,59,33,26
33605,Destroyy,greymane,1930,warlock,destruction,48,28,20
33606,Sourslock,shadowsong,1929,warlock,destruction,72,44,28
33607,Beegbeechy,nesingwary,1929,warlock,destruction,72,41,31
33608,Chaosjedi,stormrage,1928,warlock,destruction,83,44,39
33609,Archimondee,rivendare,1928,warlock,destruction,84,42,42
33610,Felfeels,area-52,1926,warlock,destruction,54,33,21
33611,Yuoalx,tichondrius,1922,warlock,destruction,72,38,34
33612,Kaelith,kelthuzad,1920,warlock,destruction,103,53,50
33613,Deathair,tichondrius,1918,warlock,destruction,54,31,23
33614,Shadowhax,area-52,1918,warlock,destruction,90,47,43
33615,Mayelinvail,moon-guard,1917,warlock,destruction,72,41,31
33616,Benafflockz,kelthuzad,1913,warlock,destruction,65,41,24
33617,Vileröze,zuljin,1909,warlock,destruction,72,40,32
33618,Heresucacok,frostmourne,1908,warlock,destruction,30,20,10
33619,Turiggyjr,tichondrius,1908,warlock,destruction,59,33,26
33620,Forestfruit,tichondrius,1907,warlock,destruction,36,23,13
33621,Dreadful,frostmourne,1907,warlock,destruction,81,49,32
33622,Whatisthis,tichondrius,1906,warlock,destruction,36,20,16
33623,Yoyoyosup,stormrage,1905,warlock,destruction,48,32,16
33624,Ribman,stormrage,1905,warlock,destruction,54,27,27
33625,Hellsparks,malganis,1903,warlock,destruction,48,29,19
33626,Koitis,tichondrius,1901,warlock,destruction,38,25,13
33627,Laiquisha,zuljin,1900,warlock,destruction,49,29,20
33628,Ozmat,spirestone,1900,warlock,destruction,36,20,16
33629,Amez,grizzly-hills,1900,warlock,destruction,60,33,27
33630,Tott,hellscream,1898,warlock,destruction,50,26,24
33631,Scatz,sargeras,1897,warlock,destruction,36,33,3
33632,Fingerslock,malganis,1897,warlock,destruction,102,52,50
33633,Maadhum,illidan,1894,warlock,destruction,72,32,40
33634,Belandyr,stormrage,1893,warlock,destruction,36,20,16
33635,Stilltrilly,tichondrius,1892,warlock,destruction,36,25,11
33636,Sitomey,emerald-dream,1892,warlock,destruction,54,33,21
33637,Eggós,sargeras,1888,warlock,destruction,156,81,75
33638,Sonlyc,tichondrius,1886,warlock,destruction,66,33,33
33639,Genzy,tichondrius,1885,warlock,destruction,102,49,53
33640,Madthelock,sargeras,1884,warlock,destruction,42,20,22
33641,Warcalk,stormrage,1882,warlock,destruction,60,37,23
33642,Vexe,tichondrius,1880,warlock,destruction,38,29,9
33643,Humanwarlock,spirestone,1879,warlock,destruction,57,32,25
33644,Latchlock,malganis,1877,warlock,destruction,102,62,40
33645,Chaosbolt,bloodhoof,1876,warlock,destruction,54,31,23
33646,Tommybahama,velen,1875,warlock,destruction,64,39,25
33647,Roxmysox,darkspear,1875,warlock,destruction,84,43,41
33648,Pikslol,bleeding-hollow,1874,warlock,destruction,48,27,21
33649,Ignorai,illidan,1874,warlock,destruction,118,66,52
33650,Warlockwars,amanthul,1874,warlock,destruction,166,83,83
33651,Dottcha,blackrock,1873,warlock,destruction,84,45,39
33652,Zarinista,veknilash,1872,warlock,destruction,73,38,35
33653,Twinklockxx,mannoroth,1872,warlock,destruction,143,66,77
33654,Hommer,tichondrius,1870,warlock,destruction,57,34,23
33655,Alchandil,tichondrius,1868,warlock,destruction,36,26,10
33656,Amazingamez,sargeras,1867,warlock,destruction,72,39,33
33657,Dustywlx,area-52,1865,warlock,destruction,74,45,29
33658,Pheadas,deathwing,1865,warlock,destruction,42,20,22
33659,Painful,mannoroth,1863,warlock,destruction,84,52,32
33660,Tonyxx,tichondrius,1863,warlock,destruction,88,47,41
33661,Sweatystain,tichondrius,1862,warlock,destruction,58,36,22
33662,Drakwlya,tichondrius,1859,warlock,destruction,48,30,18
33663,Luhgëek,tichondrius,1856,warlock,destruction,47,29,18
33664,Amgs,frostmourne,1855,warlock,destruction,101,55,46
33665,Soulrulerxc,tichondrius,1854,warlock,destruction,42,27,15
33666,Maggotworm,sargeras,1854,warlock,destruction,129,80,49
33667,Darksummoner,kaelthas,1853,warlock,destruction,84,46,38
33668,Immolate,eitrigg,1852,warlock,destruction,48,29,19
33669,Drugmuffin,tichondrius,1852,warlock,destruction,48,28,20
33670,Milkdrunk,blackrock,1852,warlock,destruction,119,61,58
33671,Eqx,illidan,1851,warlock,destruction,54,31,23
33672,Mistrnesbitt,malganis,1850,warlock,destruction,48,25,23
33673,Whodatman,illidan,1849,warlock,destruction,36,27,9
33674,Synkz,blood-furnace,1849,warlock,destruction,42,24,18
33675,Threeinches,kelthuzad,1848,warlock,destruction,158,94,64
33676,Mycelium,greymane,1848,warlock,destruction,34,20,14
33677,Wwlock,area-52,1847,warlock,destruction,110,57,53
33678,Dotorama,sargeras,1846,warlock,destruction,41,30,11
33679,Brazlem,blackrock,1846,warlock,destruction,49,34,15
33680,Verbzz,tichondrius,1846,warlock,destruction,36,23,13
33681,Illinkin,illidan,1846,warlock,destruction,108,65,43
33682,Narila,firetree,1846,warlock,destruction,36,21,15
33683,Lemmepvponu,illidan,1846,warlock,destruction,59,28,31
33684,Ñpç,bleeding-hollow,1844,warlock,destruction,83,44,39
33685,Boxtrolls,ragnaros,1843,warlock,destruction,48,28,20
33686,Chilipeppa,wyrmrest-accord,1842,warlock,destruction,36,27,9
33687,Herpalock,illidan,1842,warlock,destruction,78,34,44
33688,Rocketman,hydraxis,1841,warlock,destruction,48,32,16
33689,Urukái,dalaran,1841,warlock,destruction,105,62,43
33690,Rizzofsparta,stormrage,1841,warlock,destruction,48,27,21
33691,Benafflockzz,kelthuzad,1840,warlock,destruction,66,44,22
33692,Millidots,bleeding-hollow,1840,warlock,destruction,54,31,23
33693,Sithaholic,wildhammer,1840,warlock,destruction,60,33,27
33694,Cosmosxx,illidan,1838,warlock,destruction,42,31,11
33695,Enter,saurfang,1838,warlock,destruction,36,24,12
33696,Jaspieno,illidan,1838,warlock,destruction,48,29,19
33697,Dragonixs,ragnaros,1837,warlock,destruction,96,53,43
33698,Curse,agamaggan,1836,warlock,destruction,108,63,45
33699,Wife,bleeding-hollow,1836,warlock,destruction,60,31,29
33700,Sibëria,quelthalas,1835,warlock,destruction,48,35,13
33701,Badstep,tichondrius,1835,warlock,destruction,51,30,21
33702,Gigabiga,area-52,1834,warlock,destruction,24,20,4
33703,Soragen,barthilas,1834,warlock,destruction,54,37,17
33704,Farathos,ragnaros,1834,warlock,destruction,114,71,43
33705,Puchador,sargeras,1834,warlock,destruction,120,64,56
33706,Charlieo,barthilas,1833,warlock,destruction,48,32,16
33707,Gotthmog,nerzhul,1833,warlock,destruction,48,30,18
33708,Giantgobrin,zuljin,1832,warlock,destruction,48,30,18
33709,Neverending,malganis,1831,warlock,destruction,43,25,18
33710,Buu,veknilash,1830,warlock,destruction,54,33,21
33711,Rhelialock,stormrage,1830,warlock,destruction,36,21,15
33712,Suaveaye,tichondrius,1829,warlock,destruction,54,31,23
33713,Nezlock,moon-guard,1829,warlock,destruction,92,45,47
33714,Shequita,stormrage,1825,warlock,destruction,48,37,11
33715,Agaros,zuljin,1825,warlock,destruction,49,30,19
33716,Dàmagicman,drakthul,1824,warlock,destruction,48,32,16
33717,Realgodlock,proudmoore,1824,warlock,destruction,86,41,45
33718,Dipicrowcaw,tichondrius,1822,warlock,destruction,24,19,5
33719,Hakai,bleeding-hollow,1822,warlock,destruction,80,51,29
33720,Warsmock,tichondrius,1822,warlock,destruction,35,20,15
33721,Punstable,tichondrius,1821,warlock,destruction,91,52,39
33722,Drazh,area-52,1821,warlock,destruction,57,32,25
33723,Róckroad,lightnings-blade,1820,warlock,destruction,42,26,16
33724,Azaradx,sargeras,1819,warlock,destruction,84,54,30
33725,Yipláw,stormrage,1819,warlock,destruction,36,23,13
33726,Puginlock,illidan,1819,warlock,destruction,60,38,22
33727,Bumbleebolt,azralon,1817,warlock,destruction,24,19,5
33728,Sereniaa,sargeras,1817,warlock,destruction,38,20,18
33729,Wraithlord,chogall,1816,warlock,destruction,51,32,19
33730,Eav,area-52,1816,warlock,destruction,48,30,18
33731,Reallymagic,malganis,1816,warlock,destruction,106,63,43
33732,Bismorc,frostmourne,1816,warlock,destruction,42,23,19
33733,Dunnin,dalaran,1815,warlock,destruction,36,22,14
33734,Savlonicsego,stormrage,1815,warlock,destruction,78,45,33
33735,Frappucino,wyrmrest-accord,1814,warlock,destruction,30,23,7
33736,Løcalplugxø,barthilas,1814,warlock,destruction,102,69,33
33737,Shinjuro,stormrage,1814,warlock,destruction,36,24,12
33738,Slpxoxo,sargeras,1814,warlock,destruction,54,30,24
33739,Wzxx,tichondrius,1814,warlock,destruction,117,62,55
33740,Crayonchewer,alleria,1814,warlock,destruction,60,31,29
33741,Zaef,kelthuzad,1814,warlock,destruction,88,45,43
33742,Famerap,tichondrius,1813,warlock,destruction,36,25,11
33743,Wiredftw,illidan,1813,warlock,destruction,30,19,11
33744,Sacalawia,drakkari,1813,warlock,destruction,45,27,18
33745,Zauber,magtheridon,1812,warlock,destruction,44,29,15
33746,Destructio,tichondrius,1812,warlock,destruction,54,31,23
33747,Marshyw,tichondrius,1812,warlock,destruction,36,19,17
33748,Bellaswans,hyjal,1811,warlock,destruction,54,33,21
33749,Naroy,malygos,1811,warlock,destruction,38,21,17
33750,Thegodd,nemesis,1811,warlock,destruction,54,28,26
33751,Venticm,tichondrius,1810,warlock,destruction,42,26,16
33752,Alchan,tichondrius,1810,warlock,destruction,65,38,27
33753,Tonnon,stormrage,1810,warlock,destruction,72,42,30
33754,Fartymårty,tichondrius,1810,warlock,destruction,36,21,15
33755,Omnireaper,tichondrius,1810,warlock,destruction,54,29,25
33756,Berkz,stormrage,1810,warlock,destruction,66,33,33
33757,Oof,dalaran,1809,warlock,destruction,30,22,8
33758,Ashlet,kelthuzad,1809,warlock,destruction,48,30,18
33759,Necroboi,alterac-mountains,1809,warlock,destruction,46,28,18
33760,Fanzhiyi,illidan,1808,warlock,destruction,43,27,16
33761,Blackchinese,zuljin,1808,warlock,destruction,138,73,65
33762,Niava,tichondrius,1808,warlock,destruction,54,28,26
33763,Payn,kiljaeden,1808,warlock,destruction,54,26,28
33764,Pigii,tichondrius,1807,warlock,destruction,24,19,5
33765,Drthiccbolts,malganis,1807,warlock,destruction,47,29,18
33766,Drdoom,sargeras,1807,warlock,destruction,36,22,14
33767,Aidadeshu,tichondrius,1807,warlock,destruction,60,32,28
33768,Yeepzbytre,bleeding-hollow,1806,warlock,destruction,42,32,10
33769,Almostoogood,illidan,1806,warlock,destruction,30,19,11
33770,Elfwarlock,aerie-peak,1806,warlock,destruction,40,25,15
33771,Belenas,tichondrius,1806,warlock,destruction,48,28,20
33772,Nigthdeath,nemesis,1806,warlock,destruction,173,91,82
33773,Döremi,tichondrius,1805,warlock,destruction,48,28,20
33774,Veleza,kiljaeden,1805,warlock,destruction,82,47,35
33775,Vulcke,kelthuzad,1805,warlock,destruction,47,23,24
33776,Expiredfood,stormreaver,1803,warlock,destruction,42,26,16
33777,Bod,bleeding-hollow,1803,warlock,destruction,42,24,18
33778,Neghros,illidan,1803,warlock,destruction,101,52,49
33779,Scârecrow,stormrage,1802,warlock,destruction,72,46,26
33780,Barbieelf,sargeras,1802,warlock,destruction,127,69,58
33781,Struggles,emerald-dream,1802,warlock,destruction,159,85,74
33782,Mamosa,stormrage,1801,warlock,destruction,72,52,20
33783,Leeroydots,area-52,1801,warlock,destruction,48,34,14
33784,Geekmonster,tichondrius,1801,warlock,destruction,54,33,21
33785,Seltzi,illidan,1801,warlock,destruction,47,25,22
33786,Necrochemist,frostmane,1800,warlock,destruction,24,19,5
33787,Salival,chogall,1800,warlock,destruction,27,21,6
33788,Xervas,frostmourne,1800,warlock,destruction,54,33,21
33789,Soulbane,nemesis,1800,warlock,destruction,36,22,14
33790,Warmstreak,blackrock,1800,warlock,destruction,48,28,20
33791,Lapidate,malganis,1800,warlock,destruction,59,33,26
33792,Sherlóck,duskwood,1798,warlock,destruction,54,28,26
33793,Cróhns,bleeding-hollow,1797,warlock,destruction,133,83,50
33794,Kartharian,wyrmrest-accord,1795,warlock,destruction,106,52,54
33795,Feardotjpg,stormrage,1791,warlock,destruction,42,29,13
33796,Brujoalfa,ragnaros,1791,warlock,destruction,109,64,45
33797,Shadøwy,nemesis,1791,warlock,destruction,184,102,82
33798,Feinnx,dalaran,1789,warlock,destruction,64,34,30
33799,Omegapasta,illidan,1788,warlock,destruction,72,34,38
33800,Coilsinfive,tichondrius,1787,warlock,destruction,30,19,11
33801,Wreyz,mannoroth,1783,warlock,destruction,72,39,33
33802,Eskyx,tichondrius,1783,warlock,destruction,42,22,20
33803,Nevermindxd,barthilas,1783,warlock,destruction,66,32,34
33804,Positivity,thunderhorn,1782,warlock,destruction,48,30,18
33805,Ercaz,frostmourne,1781,warlock,destruction,42,20,22
33806,Dupapad,stormrage,1780,warlock,destruction,65,31,34
33807,Jakjub,kelthuzad,1778,warlock,destruction,54,31,23
33808,Grq,stormrage,1775,warlock,destruction,69,43,26
33809,Screwed,tichondrius,1773,warlock,destruction,96,49,47
33810,Tenaciousd,malganis,1772,warlock,destruction,42,21,21
33811,Alùcärd,tichondrius,1772,warlock,destruction,54,25,29
33812,Twilson,moon-guard,1771,warlock,destruction,54,29,25
33813,Radicalz,ragnaros,1771,warlock,destruction,37,19,18
33814,Karimbenzema,tichondrius,1770,warlock,destruction,48,28,20
33815,Jierd,tichondrius,1769,warlock,destruction,40,24,16
33816,Doughnut,mugthol,1768,warlock,destruction,60,34,26
33817,Lifeinsuranc,tichondrius,1767,warlock,destruction,30,19,11
33818,Trundle,area-52,1766,warlock,destruction,29,21,8
33819,Disgustingfk,illidan,1766,warlock,destruction,60,37,23
33820,Aryoc,ragnaros,1765,warlock,destruction,54,35,19
33821,Åbyssal,stormrage,1765,warlock,destruction,93,59,34
33822,Kogath,thunderlord,1763,warlock,destruction,86,50,36
33823,Sidgnosis,stormrage,1763,warlock,destruction,123,67,56
33824,Kakistocracy,kelthuzad,1761,warlock,destruction,30,23,7
33825,Firenzy,dalaran,1760,warlock,destruction,61,34,27
33826,Antinurse,bleeding-hollow,1760,warlock,destruction,72,40,32
33827,Andelaylas,tichondrius,1758,warlock,destruction,48,33,15
33828,Sosahawk,stormrage,1758,warlock,destruction,96,61,35
33829,Tìdals,zuljin,1757,warlock,destruction,38,25,13
33830,Nick,llane,1757,warlock,destruction,36,23,13
33831,Darkwidow,sargeras,1756,warlock,destruction,114,55,59
33832,Locodwarf,frostmourne,1756,warlock,destruction,248,119,129
33833,Squishyboy,tichondrius,1755,warlock,destruction,57,30,27
33834,Ravëncläw,quelthalas,1755,warlock,destruction,67,35,32
33835,Flattsl,tichondrius,1755,warlock,destruction,84,39,45
33836,Obliceress,crushridge,1754,warlock,destruction,42,26,16
33837,Screampies,tichondrius,1754,warlock,destruction,46,27,19
33838,Ibrroski,proudmoore,1753,warlock,destruction,24,20,4
33839,Kissmybolts,frostmourne,1752,warlock,destruction,54,28,26
33840,Bigdamege,tichondrius,1749,warlock,destruction,43,27,16
33841,Symaitiel,azralon,1749,warlock,destruction,60,33,27
33842,Isoldmysoul,stormrage,1745,warlock,destruction,66,32,34
33843,Magnetix,arthas,1744,warlock,destruction,169,87,82
33844,Thinktank,tichondrius,1743,warlock,destruction,42,25,17
33845,Halloweèn,kelthuzad,1741,warlock,destruction,131,74,57
33846,Qualio,thrall,1740,warlock,destruction,57,28,29
33847,Darkmagician,kelthuzad,1735,warlock,destruction,30,22,8
33848,Hädes,frostwolf,1734,warlock,destruction,42,29,13
33849,Uranusa,proudmoore,1733,warlock,destruction,48,23,25
33850,Mânuel,akama,1731,warlock,destruction,30,22,8
33851,Evilclass,tichondrius,1729,warlock,destruction,30,23,7
33852,Harmfuul,illidan,1728,warlock,destruction,45,28,17
33853,Kairiesmirk,illidan,1727,warlock,destruction,58,32,26
33854,Nasn,black-dragonflight,1726,warlock,destruction,50,31,19
33855,Babybolt,frostmourne,1726,warlock,destruction,54,25,29
33856,Marcelium,greymane,1724,warlock,destruction,30,21,9
33857,Scathey,area-52,1724,warlock,destruction,102,61,41
33858,Mindrekt,azralon,1723,warlock,destruction,60,44,16
33859,Daylyt,sargeras,1723,warlock,destruction,27,19,8
33860,Popdotdropit,frostwolf,1723,warlock,destruction,72,42,30
33861,Gucciflops,bleeding-hollow,1723,warlock,destruction,48,23,25
33862,Philsbad,lightbringer,1722,warlock,destruction,74,42,32
33863,Inmøtion,tichondrius,1721,warlock,destruction,36,18,18
33864,Chaoticchaos,kelthuzad,1719,warlock,destruction,29,19,10
33865,Notprint,sargeras,1718,warlock,destruction,30,18,12
33866,Agni,gurubashi,1718,warlock,destruction,126,66,60
33867,Bigulinhos,nemesis,1717,warlock,destruction,30,18,12
33868,Meatmanxtrem,sargeras,1717,warlock,destruction,48,27,21
33869,Yidhra,aerie-peak,1717,warlock,destruction,99,55,44
33870,Spooked,khadgar,1716,warlock,destruction,36,24,12
33871,Koramoz,area-52,1715,warlock,destruction,111,55,56
33872,Lockfoxyy,tichondrius,1714,warlock,destruction,30,21,9
33873,Ashoraya,area-52,1714,warlock,destruction,42,29,13
33874,Podda,shuhalo,1713,warlock,destruction,47,29,18
33875,Azlloa,tichondrius,1713,warlock,destruction,36,22,14
33876,Hehimx,bleeding-hollow,1711,warlock,destruction,24,18,6
33877,Evanylock,proudmoore,1711,warlock,destruction,35,21,14
33878,Richãrd,area-52,1709,warlock,destruction,49,26,23
33879,Wårløck,stormrage,1707,warlock,destruction,24,18,6
33880,Cocaineparty,tichondrius,1707,warlock,destruction,53,29,24
33881,Fredwinsta,laughing-skull,1706,warlock,destruction,24,18,6
33882,Drain,proudmoore,1706,warlock,destruction,54,36,18
33883,Evatar,malganis,1705,warlock,destruction,30,19,11
33884,Eggpower,tichondrius,1703,warlock,destruction,40,23,17
33885,Grandmama,tichondrius,1702,warlock,destruction,36,21,15
33886,Rettek,bleeding-hollow,1701,warlock,destruction,30,21,9
33887,Stormrift,sargeras,1701,warlock,destruction,68,39,29
33888,Doclove,destromath,1700,warlock,destruction,94,51,43
33889,Wolfstein,tichondrius,1699,warlock,destruction,24,18,6
33890,Frightbright,sargeras,1698,warlock,destruction,31,18,13
33891,Daartaru,quelthalas,1698,warlock,destruction,90,48,42
33892,Zehoc,thrall,1698,warlock,destruction,66,33,33
33893,Krikxy,tichondrius,1697,warlock,destruction,44,24,20
33894,Feetsampler,stormrage,1697,warlock,destruction,46,21,25
33895,Iskiplegday,illidan,1697,warlock,destruction,101,43,58
33896,Sairic,azralon,1696,warlock,destruction,48,36,12
33897,Zírds,stormrage,1696,warlock,destruction,42,22,20
33898,Doombaby,zuljin,1694,warlock,destruction,76,50,26
33899,Iconicxo,thrall,1693,warlock,destruction,72,39,33
33900,Hellwish,tichondrius,1692,warlock,destruction,60,30,30
33901,Pk,azralon,1691,warlock,destruction,24,18,6
33902,Dotandforget,tichondrius,1691,warlock,destruction,36,24,12
33903,Dferreira,azralon,1691,warlock,destruction,96,56,40
33904,Cbx,kelthuzad,1690,warlock,destruction,36,28,8
33905,Aluaris,earthen-ring,1690,warlock,destruction,30,23,7
33906,Chaosbeard,korgath,1690,warlock,destruction,62,36,26
33907,Buboñic,area-52,1690,warlock,destruction,47,27,20
33908,Muffîn,moon-guard,1689,warlock,destruction,98,60,38
33909,Demonicsnap,bleeding-hollow,1689,warlock,destruction,47,27,20
33910,Hellparks,malganis,1688,warlock,destruction,36,23,13
33911,Cloudynightz,tichondrius,1688,warlock,destruction,71,42,29
33912,Lockfaceguy,agamaggan,1688,warlock,destruction,48,26,22
33913,Tahmrin,quelthalas,1687,warlock,destruction,40,23,17
33914,Dautenit,illidan,1687,warlock,destruction,66,32,34
33915,Bobbyshmurdå,frostmourne,1686,warlock,destruction,48,29,19
33916,Tribulatiön,moon-guard,1685,warlock,destruction,161,91,70
33917,Contagion,dragonmaw,1685,warlock,destruction,36,20,16
33918,Oblivious,firetree,1685,warlock,destruction,172,88,84
33919,Cvoaw,bonechewer,1683,warlock,destruction,36,23,13
33920,Vamprixlz,illidan,1680,warlock,destruction,37,25,12
33921,Droptopp,malganis,1680,warlock,destruction,42,27,15
33922,Brutalsummon,frostmourne,1680,warlock,destruction,63,34,29
33923,Yaresly,kelthuzad,1678,warlock,destruction,38,25,13
33924,Gavrhin,area-52,1678,warlock,destruction,41,26,15
33925,Sakyameil,area-52,1678,warlock,destruction,42,25,17
33926,Razlock,moon-guard,1677,warlock,destruction,177,94,83
33927,Breeak,sargeras,1676,warlock,destruction,48,31,17
33928,Dipixd,tichondrius,1675,warlock,destruction,24,22,2
33929,Gianni,chogall,1675,warlock,destruction,42,24,18
33930,Terrorbytes,frostmourne,1675,warlock,destruction,68,38,30
33931,Feardadots,tichondrius,1674,warlock,destruction,69,46,23
33932,Deathhawkz,ravencrest,1674,warlock,destruction,30,19,11
33933,Monika,anetheron,1674,warlock,destruction,40,23,17
33934,Làsko,area-52,1673,warlock,destruction,78,39,39
33935,Pyatpree,bleeding-hollow,1671,warlock,destruction,30,19,11
33936,Intentionz,sargeras,1671,warlock,destruction,41,24,17
33937,Mlxd,tichondrius,1670,warlock,destruction,24,19,5
33938,Nocrackrocks,stormrage,1670,warlock,destruction,34,22,12
33939,Bouldrlickr,dragonmaw,1669,warlock,destruction,42,25,17
33940,Razzakka,stormrage,1669,warlock,destruction,147,75,72
33941,Rxjr,sargeras,1669,warlock,destruction,65,33,32
33942,Nooko,frostmourne,1668,warlock,destruction,30,18,12
33943,Ðiêsel,malganis,1668,warlock,destruction,57,32,25
33944,Covidmaster,frostmourne,1668,warlock,destruction,59,32,27
33945,Manapouli,area-52,1667,warlock,destruction,33,21,12
33946,Levantine,barthilas,1667,warlock,destruction,45,24,21
33947,Chaosbôlt,proudmoore,1667,warlock,destruction,78,39,39
33948,Daimonic,bronzebeard,1666,warlock,destruction,36,23,13
33949,Zimer,moon-guard,1665,warlock,destruction,60,34,26
33950,Rotshtëin,tichondrius,1665,warlock,destruction,143,72,71
33951,Degred,tichondrius,1664,warlock,destruction,45,34,11
33952,Cenich,darkspear,1663,warlock,destruction,37,25,12
33953,Evilempire,sargeras,1663,warlock,destruction,36,22,14
33954,Ralerhard,kelthuzad,1663,warlock,destruction,46,27,19
33955,Olgee,tortheldrin,1663,warlock,destruction,53,30,23
33956,Grandpa,daggerspine,1663,warlock,destruction,61,33,28
33957,Dartthvader,azralon,1661,warlock,destruction,92,45,47
33958,Hynnis,nemesis,1659,warlock,destruction,48,32,16
33959,Vallàx,area-52,1658,warlock,destruction,72,36,36
33960,Bytezlk,area-52,1657,warlock,destruction,30,20,10
33961,Kâyn,area-52,1657,warlock,destruction,59,30,29
33962,Deangood,tichondrius,1656,warlock,destruction,152,77,75
33963,Mursay,tichondrius,1655,warlock,destruction,30,23,7
33964,Steebi,tichondrius,1655,warlock,destruction,36,23,13
33965,Warmandei,dalaran,1653,warlock,destruction,48,30,18
33966,Lockforyou,frostmourne,1652,warlock,destruction,60,36,24
33967,Stølo,deathwing,1651,warlock,destruction,94,65,29
33968,Zoagen,ragnaros,1650,warlock,destruction,28,20,8
33969,Midoolock,proudmoore,1650,warlock,destruction,48,31,17
33970,Mchawi,tichondrius,1649,warlock,destruction,36,22,14
33971,Cheqmate,moon-guard,1648,warlock,destruction,43,25,18
33972,Noggét,frostmourne,1647,warlock,destruction,102,61,41
33973,Juicestarr,barthilas,1647,warlock,destruction,60,27,33
33974,Nt,burning-legion,1646,warlock,destruction,37,30,7
33975,Missmonday,tichondrius,1646,warlock,destruction,36,20,16
33976,Neverportx,kirin-tor,1645,warlock,destruction,36,21,15
33977,Plasticware,korgath,1645,warlock,destruction,36,20,16
33978,Critthis,illidan,1644,warlock,destruction,35,25,10
33979,Krokusx,illidan,1643,warlock,destruction,78,41,37
33980,Devilman,darkspear,1643,warlock,destruction,109,57,52
33981,Debigbolt,area-52,1642,warlock,destruction,30,22,8
33982,Josaith,moon-guard,1642,warlock,destruction,83,49,34
33983,Katrisse,aegwynn,1642,warlock,destruction,60,32,28
33984,Barovir,tichondrius,1642,warlock,destruction,42,22,20
33985,Chaosage,sargeras,1640,warlock,destruction,42,28,14
33986,Vyrecks,hyjal,1640,warlock,destruction,36,21,15
33987,Spaceghóst,bleeding-hollow,1640,warlock,destruction,93,49,44
33988,Galfear,malganis,1639,warlock,destruction,153,82,71
33989,Fearmebro,bleeding-hollow,1639,warlock,destruction,139,72,67
33990,Pyralock,malfurion,1638,warlock,destruction,48,25,23
33991,Demonclock,sargeras,1637,warlock,destruction,39,24,15
33992,Gottawiz,illidan,1637,warlock,destruction,36,22,14
33993,Ardentia,malganis,1637,warlock,destruction,54,30,24
33994,Arenis,stormrage,1636,warlock,destruction,36,25,11
33995,Xylâ,emerald-dream,1636,warlock,destruction,39,22,17
33996,Dëstró,tichondrius,1636,warlock,destruction,41,23,18
33997,Eyoeyo,tichondrius,1636,warlock,destruction,42,18,24
33998,Killabeesack,tichondrius,1635,warlock,destruction,43,25,18
33999,Bénâfflock,area-52,1634,warlock,destruction,54,32,22
34000,Leônidos,ghostlands,1634,warlock,destruction,60,33,27
34001,Snerp,frostmourne,1634,warlock,destruction,78,40,38
34002,Guldoom,tichondrius,1631,warlock,destruction,18,17,1
34003,Deammon,tichondrius,1631,warlock,destruction,36,24,12
34004,Sagatt,illidan,1631,warlock,destruction,68,37,31
34005,Lafourche,tichondrius,1631,warlock,destruction,48,26,22
34006,Ddorangmoon,tichondrius,1630,warlock,destruction,42,25,17
34007,Dipixyz,tichondrius,1630,warlock,destruction,30,17,13
34008,Tanskeeh,sargeras,1630,warlock,destruction,64,35,29
34009,Holunging,illidan,1630,warlock,destruction,36,19,17
34010,Psyløck,bleeding-hollow,1629,warlock,destruction,48,29,19
34011,Dewandoritos,kelthuzad,1629,warlock,destruction,30,17,13
34012,Hiddentech,saurfang,1629,warlock,destruction,30,17,13
34013,Whitexzz,tichondrius,1629,warlock,destruction,30,17,13
34014,Ltoplaylock,area-52,1628,warlock,destruction,24,17,7
34015,Undeadzx,tichondrius,1627,warlock,destruction,36,19,17
34016,Meep,madoran,1626,warlock,destruction,59,35,24
34017,Nahz,tichondrius,1626,warlock,destruction,30,17,13
34018,Sîthfu,tichondrius,1626,warlock,destruction,177,95,82
34019,Killvilock,kelthuzad,1626,warlock,destruction,55,29,26
34020,Døomsday,hyjal,1626,warlock,destruction,42,21,21
34021,Byndedlock,dragonmaw,1625,warlock,destruction,33,20,13
34022,Vvivienx,tichondrius,1625,warlock,destruction,30,17,13
34023,Dovahkini,stormrage,1625,warlock,destruction,47,23,24
34024,Zandõx,jubeithos,1624,warlock,destruction,42,27,15
34025,Exilegd,proudmoore,1624,warlock,destruction,41,26,15
34026,Matafé,kelthuzad,1623,warlock,destruction,30,20,10
34027,Maddotts,malganis,1622,warlock,destruction,30,23,7
34028,Thotblood,stormrage,1622,warlock,destruction,24,18,6
34029,Lïttle,stormrage,1622,warlock,destruction,57,34,23
34030,Permaslowed,kiljaeden,1622,warlock,destruction,40,22,18
34031,Richãrdjr,area-52,1621,warlock,destruction,24,17,7
34032,Elmobolt,thrall,1620,warlock,destruction,37,27,10
34033,Jarasseck,malganis,1620,warlock,destruction,48,25,23
34034,Penzer,stormrage,1618,warlock,destruction,36,20,16
34035,Dolut,azralon,1617,warlock,destruction,54,31,23
34036,Restolock,destromath,1617,warlock,destruction,60,34,26
34037,Mephizar,moon-guard,1617,warlock,destruction,50,25,25
34038,Infecçäo,stormrage,1616,warlock,destruction,72,43,29
34039,Stocktonslap,saurfang,1616,warlock,destruction,111,63,48
34040,Keylloggz,sargeras,1616,warlock,destruction,68,36,32
34041,Esså,jaedenar,1616,warlock,destruction,42,18,24
34042,Paparoxy,illidan,1616,warlock,destruction,42,18,24
34043,Jpepps,perenolde,1615,warlock,destruction,41,28,13
34044,Ðarkñess,burning-legion,1615,warlock,destruction,66,38,28
34045,Dxhusky,illidan,1614,warlock,destruction,36,20,16
34046,Birez,kelthuzad,1614,warlock,destruction,56,28,28
34047,Alfaflux,tol-barad,1614,warlock,destruction,47,23,24
34048,Leruss,zangarmarsh,1614,warlock,destruction,37,17,20
34049,Saltiez,sargeras,1613,warlock,destruction,24,18,6
34050,Calidaze,tichondrius,1613,warlock,destruction,62,35,27
34051,Jussmollett,arygos,1613,warlock,destruction,59,32,27
34052,Anujy,moon-guard,1612,warlock,destruction,60,38,22
34053,Thirdsol,stormrage,1612,warlock,destruction,29,18,11
34054,Belzebud,area-52,1612,warlock,destruction,93,56,37
34055,Wayce,burning-blade,1612,warlock,destruction,45,26,19
34056,Absoluté,nemesis,1612,warlock,destruction,30,17,13
34057,Hypnotikal,illidan,1611,warlock,destruction,30,22,8
34058,Bigjmmywiggl,illidan,1611,warlock,destruction,67,36,31
34059,Woezz,tichondrius,1610,warlock,destruction,75,41,34
34060,Apøçàlÿpsè,firetree,1610,warlock,destruction,60,32,28
34061,Pigmahz,malganis,1610,warlock,destruction,47,24,23
34062,Omleaf,malganis,1610,warlock,destruction,36,18,18
34063,Gigabiga,tol-barad,1609,warlock,destruction,24,17,7
34064,Horloc,moon-guard,1609,warlock,destruction,68,38,30
34065,Brickedx,malfurion,1609,warlock,destruction,71,35,36
34066,Ayrr,zuljin,1608,warlock,destruction,30,17,13
34067,Gnomlette,smolderthorn,1608,warlock,destruction,98,53,45
34068,Lemonfire,area-52,1608,warlock,destruction,36,19,17
34069,Notspeedy,tichondrius,1608,warlock,destruction,75,32,43
34070,Lostanubis,tichondrius,1607,warlock,destruction,39,24,15
34071,Dottx,frostmourne,1607,warlock,destruction,30,17,13
34072,Xivra,thrall,1606,warlock,destruction,30,20,10
34073,Macdeezylock,sargeras,1605,warlock,destruction,36,23,13
34074,Javirr,ragnaros,1605,warlock,destruction,36,23,13
34075,Vugaddi,illidan,1605,warlock,destruction,30,19,11
34076,Hordeadlock,illidan,1604,warlock,destruction,60,31,29
34077,Nosferatu,arthas,1602,warlock,destruction,26,20,6
34078,Sslock,sargeras,1602,warlock,destruction,46,26,20
34079,Espyn,silvermoon,1602,warlock,destruction,105,51,54
34080,Juswannarock,tichondrius,1601,warlock,destruction,33,22,11
34081,Lyonesse,frostmourne,1601,warlock,destruction,34,21,13
34082,Hâm,dalaran,1601,warlock,destruction,96,46,50
34083,Dapete,malorne,1600,warlock,destruction,36,26,10
34084,Locknug,tichondrius,1600,warlock,destruction,132,74,58
34085,Kurifodo,illidan,1600,warlock,destruction,59,33,26
34086,Warlockmf,sargeras,1599,warlock,destruction,79,47,32
34087,Belford,tichondrius,1598,warlock,destruction,49,25,24
34088,Glôck,lightbringer,1597,warlock,destruction,50,21,29
34089,Closetslut,moon-guard,1596,warlock,destruction,24,20,4
34090,Serveq,tichondrius,1595,warlock,destruction,79,42,37
34091,Guula,alexstrasza,1595,warlock,destruction,42,22,20
34092,Dotcoin,tichondrius,1594,warlock,destruction,30,17,13
34093,Rotfull,burning-legion,1594,warlock,destruction,39,18,21
34094,Wheremyshoes,area-52,1593,warlock,destruction,141,68,73
34095,Jerearderedo,thrall,1592,warlock,destruction,42,24,18
34096,Grindwald,echo-isles,1592,warlock,destruction,49,26,23
34097,Kernlberton,tichondrius,1592,warlock,destruction,48,25,23
34098,Larryfisher,drenden,1591,warlock,destruction,30,19,11
34099,Cairo,emerald-dream,1591,warlock,destruction,207,107,100
34100,Dots,haomarush,1591,warlock,destruction,60,31,29
34101,Yisuschríst,quelthalas,1591,warlock,destruction,41,21,20
34102,Demonkiiller,kelthuzad,1591,warlock,destruction,48,19,29
34103,Caustikk,malganis,1587,warlock,destruction,44,25,19
34104,Buffwarlocks,senjin,1587,warlock,destruction,48,26,22
34105,Vasago,jubeithos,1586,warlock,destruction,59,31,28
34106,Parishiltoon,frostmourne,1586,warlock,destruction,46,19,27
34107,Tothegrave,sargeras,1585,warlock,destruction,35,22,13
34108,Kuroyt,drakkari,1583,warlock,destruction,42,26,16
34109,Conradlenoir,illidan,1582,warlock,destruction,30,18,12
34110,Malagas,tichondrius,1580,warlock,destruction,33,22,11
34111,Booßiemiles,area-52,1580,warlock,destruction,79,50,29
34112,Gerthclas,aggramar,1579,warlock,destruction,35,24,11
34113,Bbclover,thrall,1579,warlock,destruction,29,19,10
34114,Korose,tichondrius,1579,warlock,destruction,142,72,70
34115,Felnightz,area-52,1577,warlock,destruction,36,18,18
34116,Charnoob,kelthuzad,1577,warlock,destruction,48,23,25
34117,Soreanus,illidan,1576,warlock,destruction,28,20,8
34118,Zhaphrax,frostmourne,1574,warlock,destruction,71,34,37
34119,Chachanoobx,sargeras,1573,warlock,destruction,96,63,33
34120,Necrotic,mannoroth,1572,warlock,destruction,54,21,33
34121,Sixv,barthilas,1571,warlock,destruction,24,17,7
34122,Stankbigly,thrall,1571,warlock,destruction,38,23,15
34123,Carmelasin,moon-guard,1570,warlock,destruction,60,39,21
34124,Melôck,area-52,1569,warlock,destruction,30,20,10
34125,Strykerliath,bleeding-hollow,1568,warlock,destruction,37,21,16
34126,Kály,azralon,1567,warlock,destruction,39,20,19
34127,Khrom,illidan,1565,warlock,destruction,64,32,32
34128,Meraz,zuljin,1564,warlock,destruction,28,17,11
34129,Whathurts,tichondrius,1564,warlock,destruction,86,42,44
34130,Uow,stormrage,1564,warlock,destruction,42,20,22
34131,Kossnen,shandris,1562,warlock,destruction,34,19,15
34132,Revérence,sargeras,1559,warlock,destruction,30,17,13
34133,Zalord,mannoroth,1559,warlock,destruction,100,43,57
34134,Khurze,area-52,1558,warlock,destruction,57,29,28
34135,Chnos,mugthol,1557,warlock,destruction,29,17,12
34136,Promethian,proudmoore,1556,warlock,destruction,53,23,30
34137,Lilbiackguy,stormrage,1555,warlock,destruction,72,45,27
34138,Jaythuzad,stormrage,1555,warlock,destruction,68,36,32
34139,Niked,sargeras,1553,warlock,destruction,114,67,47
34140,Brettmackson,area-52,1553,warlock,destruction,57,32,25
34141,Flxmin,area-52,1551,warlock,destruction,52,27,25
34142,Wiildgoose,area-52,1550,warlock,destruction,30,21,9
34143,Resuah,tichondrius,1549,warlock,destruction,51,25,26
34144,Bayfayth,zuljin,1546,warlock,destruction,92,52,40
34145,Jnxzlock,sargeras,1546,warlock,destruction,61,34,27
34146,Darthðotspam,mugthol,1542,warlock,destruction,60,40,20
34147,Gluestik,shadowmoon,1542,warlock,destruction,46,23,23
34148,Remua,tichondrius,1540,warlock,destruction,29,18,11
34149,Dragoska,kiljaeden,1540,warlock,destruction,30,17,13
34150,Cryptos,kalecgos,1538,warlock,destruction,38,22,16
34151,Hadouh,stormrage,1537,warlock,destruction,29,17,12
34152,Manthos,sargeras,1537,warlock,destruction,63,24,39
34153,Chadica,malganis,1534,warlock,destruction,18,16,2
34154,Katastrophïk,area-52,1534,warlock,destruction,30,16,14
34155,Burnzul,bleeding-hollow,1533,warlock,destruction,36,18,18
34156,Scarletdemon,malganis,1532,warlock,destruction,65,35,30
34157,Xiyangpvp,tichondrius,1532,warlock,destruction,42,16,26
34158,Captrollol,tichondrius,1531,warlock,destruction,60,30,30
34159,Slurpme,stormscale,1529,warlock,destruction,24,16,8
34160,Beetlejoos,stormreaver,1529,warlock,destruction,30,16,14
34161,Brucelock,proudmoore,1528,warlock,destruction,24,16,8
34162,Kelifan,sargeras,1528,warlock,destruction,66,43,23
34163,Scarified,illidan,1527,warlock,destruction,36,16,20
34164,Somethingud,tichondrius,1527,warlock,destruction,77,31,46
34165,Badmagic,area-52,1526,warlock,destruction,60,33,27
34166,Isarac,zuljin,1524,warlock,destruction,54,35,19
34167,Nefandous,malganis,1524,warlock,destruction,90,52,38
34168,Dauntx,proudmoore,1524,warlock,destruction,30,16,14
34169,Sidious,jubeithos,1523,warlock,destruction,38,24,14
34170,Dotte,tichondrius,1523,warlock,destruction,48,27,21
34171,Conspiration,sargeras,1522,warlock,destruction,24,19,5
34172,Xêlsnåp,steamwheedle-cartel,1519,warlock,destruction,91,53,38
34173,Thravis,tichondrius,1518,warlock,destruction,36,20,16
34174,Picklepuller,arthas,1517,warlock,destruction,42,28,14
34175,Misolock,sargeras,1515,warlock,destruction,48,23,25
34176,Austeeny,wyrmrest-accord,1513,warlock,destruction,31,21,10
34177,Politex,malganis,1513,warlock,destruction,64,40,24
34178,Fshi,frostmourne,1513,warlock,destruction,96,56,40
34179,Lockybalboah,turalyon,1513,warlock,destruction,54,30,24
34180,Pauldiesel,ragnaros,1512,warlock,destruction,30,16,14
34181,Trewlocke,sargeras,1511,warlock,destruction,24,16,8
34182,Ezdagor,quelthalas,1511,warlock,destruction,136,73,63
34183,Tharki,darkspear,1510,warlock,destruction,52,27,25
34184,Kuoma,boulderfist,1510,warlock,destruction,109,53,56
34185,Joseph,draktharon,1509,warlock,destruction,66,35,31
34186,Derok,bleeding-hollow,1509,warlock,destruction,203,95,108
34187,Guldåniel,tichondrius,1508,warlock,destruction,30,16,14
34188,Yanned,hakkar,1507,warlock,destruction,92,50,42
34189,Luckehlock,firetree,1506,warlock,destruction,53,23,30
34190,Dinglerdots,tichondrius,1502,warlock,destruction,27,21,6
34191,Jugaa,arthas,1502,warlock,destruction,41,29,12
34192,Yaldin,nemesis,1501,warlock,destruction,115,66,49
34193,Bosongo,boulderfist,1501,warlock,destruction,65,37,28
34194,Cbolt,tichondrius,1501,warlock,destruction,36,20,16
34195,Deboltzaru,ragnaros,1501,warlock,destruction,85,42,43
34196,Daenon,kiljaeden,1500,warlock,destruction,30,16,14
34197,Sauromann,sargeras,1499,warlock,destruction,60,34,26
34198,Hellbòund,mugthol,1499,warlock,destruction,30,17,13
34199,Jennifear,sargeras,1499,warlock,destruction,50,28,22
34200,Fiddlesticks,draka,1498,warlock,destruction,24,17,7
34201,Odiums,area-52,1498,warlock,destruction,77,44,33
34202,Kyoarnez,quelthalas,1498,warlock,destruction,48,24,24
34203,Nattydots,sargeras,1497,warlock,destruction,49,25,24
34204,Firewõrks,moon-guard,1496,warlock,destruction,30,17,13
34205,Kascade,drakkari,1493,warlock,destruction,44,23,21
34206,Memnøch,emerald-dream,1492,warlock,destruction,41,24,17
34207,Teesolinia,stormrage,1491,warlock,destruction,36,22,14
34208,Darkÿoda,malganis,1490,warlock,destruction,44,22,22
34209,Goomgoom,doomhammer,1489,warlock,destruction,114,50,64
34210,Terrival,illidan,1487,warlock,destruction,41,22,19
34211,Dynamó,tichondrius,1483,warlock,destruction,74,37,37
34212,Gingery,the-underbog,1483,warlock,destruction,71,34,37
34213,Humanreapers,malganis,1482,warlock,destruction,31,22,9
34214,Dercair,korgath,1480,warlock,destruction,30,18,12
34215,Beyourselff,tichondrius,1479,warlock,destruction,35,16,19
34216,Dloq,azgalor,1478,warlock,destruction,117,70,47
34217,Borthrel,moon-guard,1478,warlock,destruction,108,60,48
34218,Yükina,stormrage,1477,warlock,destruction,88,45,43
34219,Chàõs,tichondrius,1477,warlock,destruction,54,27,27
34220,Tofulery,tichondrius,1475,warlock,destruction,50,23,27
34221,Sickgurl,stormrage,1474,warlock,destruction,42,26,16
34222,Bauchalain,area-52,1474,warlock,destruction,38,19,19
34223,Gatewayoncd,frostmourne,1474,warlock,destruction,54,25,29
34224,Revenus,tichondrius,1473,warlock,destruction,47,17,30
34225,Glenfarclas,tichondrius,1471,warlock,destruction,43,19,24
34226,Obscurity,tichondrius,1470,warlock,destruction,36,17,19
34227,Demondots,sargeras,1469,warlock,destruction,54,31,23
34228,Tunacanthicc,moon-guard,1469,warlock,destruction,108,55,53
34229,Laylowl,tichondrius,1468,warlock,destruction,36,22,14
34230,Gharlock,tichondrius,1468,warlock,destruction,32,19,13
34231,Shadowxlock,misha,1468,warlock,destruction,95,51,44
34232,Magy,deathwing,1467,warlock,destruction,48,30,18
34233,Pwz,azralon,1465,warlock,destruction,108,60,48
34234,Noxdolor,stormreaver,1465,warlock,destruction,36,20,16
34235,Squatchamp,sargeras,1463,warlock,destruction,36,20,16
34236,Hootenanny,korialstrasz,1463,warlock,destruction,42,18,24
34237,Meatybolts,nagrand,1462,warlock,destruction,60,36,24
34238,Annereyn,stormrage,1462,warlock,destruction,35,16,19
34239,Jakeyboii,frostmourne,1459,warlock,destruction,51,33,18
34240,Falcorr,area-52,1459,warlock,destruction,34,19,15
34241,Noxfear,azralon,1458,warlock,destruction,24,18,6
34242,Diabhlaí,tichondrius,1457,warlock,destruction,54,35,19
34243,Avelmi,daggerspine,1456,warlock,destruction,60,28,32
34244,Darknessgodd,goldrinn,1454,warlock,destruction,49,29,20
34245,Dunbu,illidan,1454,warlock,destruction,109,60,49
34246,Hellcon,area-52,1452,warlock,destruction,58,38,20
34247,Masefield,moon-guard,1452,warlock,destruction,38,18,20
34248,Kalellock,azralon,1451,warlock,destruction,102,52,50
34249,Vexedconvex,area-52,1451,warlock,destruction,233,114,119
34250,Aksness,stormrage,1448,warlock,destruction,36,18,18
34251,Eriess,burning-blade,1447,warlock,destruction,54,24,30
34252,Sickmade,zuljin,1445,warlock,destruction,24,16,8
34253,Mcjoy,akama,1445,warlock,destruction,224,114,110
34254,Maleficmango,tichondrius,1444,warlock,destruction,36,23,13
34255,Agonie,tichondrius,1443,warlock,destruction,186,95,91
34256,Zetsu,zuljin,1443,warlock,destruction,205,103,102
34257,Ðemented,bleeding-hollow,1442,warlock,destruction,27,16,11
34258,Marcedlc,ragnaros,1442,warlock,destruction,42,24,18
34259,Munar,quelthalas,1442,warlock,destruction,87,44,43
34260,Jaboltz,tichondrius,1441,warlock,destruction,25,16,9
34261,Mantis,proudmoore,1441,warlock,destruction,43,23,20
34262,Nttslock,tichondrius,1441,warlock,destruction,42,22,20
34263,Atrofourth,tichondrius,1441,warlock,destruction,48,23,25
34264,Warlockgomes,azralon,1440,warlock,destruction,127,63,64
34265,Discordant,trollbane,1439,warlock,destruction,36,23,13
34266,Indelock,drenden,1439,warlock,destruction,24,15,9
34267,Janeciap,tichondrius,1439,warlock,destruction,24,15,9
34268,Chaosmorty,tichondrius,1439,warlock,destruction,39,24,15
34269,Danaowns,spirestone,1439,warlock,destruction,30,15,15
34270,Selwitch,dalaran,1438,warlock,destruction,18,15,3
34271,Spectro,laughing-skull,1438,warlock,destruction,18,15,3
34272,Sâlâñzø,bleeding-hollow,1438,warlock,destruction,18,15,3
34273,Dewars,aggramar,1438,warlock,destruction,54,28,26
34274,Deathmásk,ragnaros,1437,warlock,destruction,18,15,3
34275,Goofycupcake,drakthul,1437,warlock,destruction,18,15,3
34276,Kaytoxics,tichondrius,1437,warlock,destruction,18,15,3
34277,Imbooms,blackrock,1437,warlock,destruction,30,15,15
34278,Jämeson,tichondrius,1436,warlock,destruction,24,15,9
34279,Artzul,tichondrius,1436,warlock,destruction,60,25,35
34280,Bourrasq,illidan,1435,warlock,destruction,18,15,3
34281,Mastasnipah,illidan,1435,warlock,destruction,30,15,15
34282,Zettian,quelthalas,1434,warlock,destruction,30,15,15
34283,Felacid,tichondrius,1433,warlock,destruction,48,28,20
34284,Mcrfan,illidan,1432,warlock,destruction,18,15,3
34285,Sëcond,azralon,1432,warlock,destruction,24,15,9
34286,Twototheone,illidan,1432,warlock,destruction,91,47,44
34287,Kayersoul,tichondrius,1432,warlock,destruction,30,15,15
34288,Wasrenai,tichondrius,1432,warlock,destruction,41,20,21
34289,Dance,sargeras,1431,warlock,destruction,18,15,3
34290,Naughtybolts,sargeras,1430,warlock,destruction,18,15,3
34291,Verminosa,nemesis,1429,warlock,destruction,24,15,9
34292,Conorloco,tichondrius,1429,warlock,destruction,36,15,21
34293,Demontos,darkspear,1427,warlock,destruction,48,24,24
34294,Demonicus,thunderlord,1427,warlock,destruction,48,21,27
34295,Pestilocks,area-52,1426,warlock,destruction,26,18,8
34296,Reficul,frostmourne,1426,warlock,destruction,36,15,21
34297,Stonnerz,ragnaros,1425,warlock,destruction,24,16,8
34298,Shadowfork,illidan,1424,warlock,destruction,24,15,9
34299,Thralord,blackrock,1424,warlock,destruction,30,18,12
34300,Straightlock,sargeras,1424,warlock,destruction,53,22,31
34301,Kanekiskid,mannoroth,1423,warlock,destruction,42,29,13
34302,Laklin,stormscale,1423,warlock,destruction,62,29,33
34303,Çrayoneater,tichondrius,1423,warlock,destruction,52,22,30
34304,Soiedentaire,illidan,1422,warlock,destruction,36,30,6
34305,Nueleth,frostmourne,1422,warlock,destruction,47,24,23
34306,Tulu,muradin,1421,warlock,destruction,42,26,16
34307,Loçk,zuljin,1421,warlock,destruction,57,26,31
34308,Yuh,moon-guard,1420,warlock,destruction,18,15,3
34309,Fearloom,tichondrius,1420,warlock,destruction,151,78,73
34310,Decrepticus,kargath,1419,warlock,destruction,44,26,18
34311,Krokodiil,tichondrius,1418,warlock,destruction,36,24,12
34312,Dotsyu,frostmourne,1418,warlock,destruction,44,25,19
34313,Flor,khadgar,1417,warlock,destruction,134,65,69
34314,Deatthmoon,stormrage,1415,warlock,destruction,24,15,9
34315,Chéztér,proudmoore,1415,warlock,destruction,79,39,40
34316,Locker,lightnings-blade,1414,warlock,destruction,30,18,12
34317,Jezwazerox,area-52,1413,warlock,destruction,69,36,33
34318,Budgetkroozz,illidan,1413,warlock,destruction,30,15,15
34319,Bilidin,azralon,1413,warlock,destruction,93,41,52
34320,Vindicated,azgalor,1412,warlock,destruction,25,20,5
34321,Yorchziel,ragnaros,1412,warlock,destruction,88,47,41
34322,Thicclöcc,tichondrius,1410,warlock,destruction,30,15,15
34323,Parmenides,tichondrius,1410,warlock,destruction,42,19,23
34324,Johnnybegood,frostmourne,1409,warlock,destruction,24,15,9
34325,Impdad,destromath,1408,warlock,destruction,36,26,10
34326,Blackguldan,illidan,1405,warlock,destruction,24,15,9
34327,Lightname,arthas,1404,warlock,destruction,24,17,7
34328,Raizël,ragnaros,1404,warlock,destruction,49,28,21
34329,Lockerdoo,aegwynn,1404,warlock,destruction,30,17,13
34330,Bellanomikus,stormrage,1404,warlock,destruction,60,25,35
34331,Drudotzz,hyjal,1403,warlock,destruction,30,16,14
34332,Adderall,altar-of-storms,1402,warlock,destruction,42,20,22
34333,Nezsarek,sargeras,1401,warlock,destruction,152,66,86
34334,Antistar,barthilas,1400,warlock,destruction,43,27,16
34335,Perples,dalaran,1399,warlock,destruction,54,27,27
34336,Lockssy,tichondrius,1398,warlock,destruction,95,56,39
34337,Momshutup,sargeras,1397,warlock,destruction,23,15,8
34338,Iongestpp,bleeding-hollow,1395,warlock,destruction,42,22,20
34339,Rotsndotss,thrall,1393,warlock,destruction,33,16,17
34340,Shadococo,tichondrius,1393,warlock,destruction,36,16,20
34341,Adhauto,illidan,1390,warlock,destruction,113,62,51
34342,Exofilth,thrall,1390,warlock,destruction,36,15,21
34343,Tergale,illidan,1388,warlock,destruction,66,28,38
34344,Nazzlock,lethon,1387,warlock,destruction,29,16,13
34345,Rangmar,ragnaros,1385,warlock,destruction,39,18,21
34346,Loadybigbolt,dalaran,1385,warlock,destruction,39,17,22
34347,Gorelami,tichondrius,1384,warlock,destruction,42,23,19
34348,Evillyñ,tichondrius,1384,warlock,destruction,48,25,23
34349,Necrotic,antonidas,1379,warlock,destruction,66,33,33
34350,Eldriptch,kelthuzad,1379,warlock,destruction,30,15,15
34351,Coreleron,proudmoore,1378,warlock,destruction,61,29,32
34352,Siccwidit,area-52,1378,warlock,destruction,74,34,40
34353,Avae,frostmourne,1376,warlock,destruction,78,42,36
34354,Lockonthc,korgath,1375,warlock,destruction,32,16,16
34355,Kecca,azralon,1373,warlock,destruction,60,33,27
34356,Telvanni,sargeras,1371,warlock,destruction,30,21,9
34357,Doublebolt,illidan,1371,warlock,destruction,57,36,21
34358,Connect,borean-tundra,1371,warlock,destruction,35,18,17
34359,Dessoft,ragnaros,1371,warlock,destruction,36,17,19
34360,Notchinese,kiljaeden,1371,warlock,destruction,35,16,19
34361,Foxfoxfel,thrall,1369,warlock,destruction,24,16,8
34362,Lladyyheartt,nesingwary,1368,warlock,destruction,48,26,22
34363,Év,azralon,1367,warlock,destruction,36,16,20
34364,Extinção,azralon,1366,warlock,destruction,56,35,21
34365,Getpissed,emerald-dream,1365,warlock,destruction,65,32,33
34366,Critneyfearz,stormscale,1365,warlock,destruction,47,22,25
34367,Blindingsun,kiljaeden,1365,warlock,destruction,72,27,45
34368,Jhop,sargeras,1364,warlock,destruction,54,31,23
34369,Luxenna,malganis,1363,warlock,destruction,84,40,44
34370,Saddestboi,proudmoore,1362,warlock,destruction,36,23,13
34371,Esteedees,moon-guard,1361,warlock,destruction,42,16,26
34372,Wackykid,azralon,1360,warlock,destruction,80,36,44
34373,Spicywhite,tichondrius,1359,warlock,destruction,25,15,10
34374,Freggen,shadowsong,1358,warlock,destruction,24,15,9
34375,Iceameri,tichondrius,1358,warlock,destruction,36,19,17
34376,Azöd,tichondrius,1356,warlock,destruction,63,40,23
34377,Matdamon,barthilas,1354,warlock,destruction,60,33,27
34378,Xoxoxu,frostmourne,1352,warlock,destruction,26,15,11
34379,Ptheven,area-52,1351,warlock,destruction,28,19,9
34380,Neodron,thrall,1351,warlock,destruction,57,38,19
34381,Demonista,illidan,1349,warlock,destruction,19,15,4
34382,Karadelice,stormrage,1349,warlock,destruction,54,29,25
34383,Razizzles,malganis,1345,warlock,destruction,72,42,30
34384,Zinkro,quelthalas,1345,warlock,destruction,50,17,33
34385,Odjure,zuljin,1344,warlock,destruction,23,14,9
34386,Soulruler,tichondrius,1344,warlock,destruction,24,14,10
34387,Chazzlock,area-52,1344,warlock,destruction,24,14,10
34388,Spreadnhiv,thrall,1344,warlock,destruction,42,18,24
34389,Loksoflove,tichondrius,1343,warlock,destruction,18,14,4
34390,Kryl,kiljaeden,1343,warlock,destruction,24,14,10
34391,Starta,tichondrius,1343,warlock,destruction,24,14,10
34392,Sktfäker,sargeras,1343,warlock,destruction,24,14,10
34393,Toggafputuhs,illidan,1343,warlock,destruction,24,14,10
34394,Súpersonic,tichondrius,1343,warlock,destruction,24,14,10
34395,Gingerlocky,barthilas,1343,warlock,destruction,94,44,50
34396,Austen,tichondrius,1343,warlock,destruction,55,24,31
34397,Wizlox,illidan,1343,warlock,destruction,80,33,47
34398,Lockonomicz,tichondrius,1342,warlock,destruction,24,14,10
34399,Marware,quelthalas,1342,warlock,destruction,30,14,16
34400,Plaintive,moon-guard,1341,warlock,destruction,24,14,10
34401,Shadowsloc,tichondrius,1340,warlock,destruction,24,14,10
34402,Bobbygoulant,tichondrius,1340,warlock,destruction,259,128,131
34403,Grammapatty,tichondrius,1339,warlock,destruction,24,14,10
34404,Aemma,proudmoore,1338,warlock,destruction,18,14,4
34405,Pantypeeler,barthilas,1338,warlock,destruction,60,35,25
34406,Scãryz,jubeithos,1338,warlock,destruction,50,29,21
34407,Magiaoscurax,quelthalas,1338,warlock,destruction,42,20,22
34408,Veerdz,area-52,1338,warlock,destruction,30,14,16
34409,Éx,jubeithos,1337,warlock,destruction,18,14,4
34410,Dealcloud,tichondrius,1337,warlock,destruction,56,29,27
34411,Gingerspise,nathrezim,1337,warlock,destruction,30,14,16
34412,Vilebeing,frostmourne,1336,warlock,destruction,18,14,4
34413,Bunnyhugs,gorefiend,1336,warlock,destruction,18,14,4
34414,Sugmabone,zuluhed,1336,warlock,destruction,24,17,7
34415,Gukky,misha,1336,warlock,destruction,89,55,34
34416,Memon,frostmane,1336,warlock,destruction,36,19,17
34417,Fearsntears,stormrage,1336,warlock,destruction,36,14,22
34418,Theredwoman,emerald-dream,1335,warlock,destruction,30,14,16
34419,Swapsfour,area-52,1334,warlock,destruction,24,14,10
34420,Lòthloria,mannoroth,1334,warlock,destruction,149,74,75
34421,Majinbuû,malganis,1334,warlock,destruction,30,14,16
34422,Lilibe,tichondrius,1334,warlock,destruction,42,19,23
34423,Spongebobjrj,tichondrius,1331,warlock,destruction,36,20,16
34424,Aomniloltv,zuljin,1331,warlock,destruction,47,24,23
34425,Grandpapapa,tichondrius,1330,warlock,destruction,54,22,32
34426,Darksolace,dalaran,1329,warlock,destruction,24,14,10
34427,Freestyle,blackwater-raiders,1328,warlock,destruction,54,34,20
34428,Celeden,emerald-dream,1327,warlock,destruction,30,18,12
34429,Lockdogg,mannoroth,1327,warlock,destruction,24,14,10
34430,Salties,magtheridon,1326,warlock,destruction,24,14,10
34431,Kevin,moon-guard,1323,warlock,destruction,24,14,10
34432,Drcameron,zuljin,1322,warlock,destruction,24,15,9
34433,Ehcsrop,doomhammer,1322,warlock,destruction,80,41,39
34434,Gòtti,frostmourne,1320,warlock,destruction,24,14,10
34435,Griget,runetotem,1320,warlock,destruction,47,24,23
34436,Jugerdotz,sargeras,1320,warlock,destruction,30,14,16
34437,Notäçultist,nagrand,1317,warlock,destruction,30,17,13
34438,Jeramie,darkspear,1317,warlock,destruction,38,17,21
34439,Zephee,queldorei,1315,warlock,destruction,36,22,14
34440,Predictions,sargeras,1315,warlock,destruction,35,17,18
34441,Undies,demon-soul,1314,warlock,destruction,72,39,33
34442,Jecklez,tichondrius,1312,warlock,destruction,135,70,65
34443,Verdoso,stormrage,1310,warlock,destruction,30,16,14
34444,Condevil,quelthalas,1308,warlock,destruction,35,21,14
34445,Dotyoazz,tichondrius,1308,warlock,destruction,38,22,16
34446,Dotsfired,crushridge,1307,warlock,destruction,24,15,9
34447,Downbad,ysera,1305,warlock,destruction,37,16,21
34448,Gscar,area-52,1303,warlock,destruction,48,28,20
34449,Wadoom,tichondrius,1302,warlock,destruction,48,23,25
34450,Felqueenn,windrunner,1301,warlock,destruction,30,19,11
34451,Mickylock,tichondrius,1301,warlock,destruction,75,43,32
34452,Voidchaos,korgath,1300,warlock,destruction,18,14,4
34453,Bustednut,nerzhul,1293,warlock,destruction,74,40,34
34454,Rauwërrs,azralon,1292,warlock,destruction,55,26,29
34455,Kombat,amanthul,1292,warlock,destruction,71,32,39
34456,Stinkychef,hyjal,1287,warlock,destruction,18,14,4
34457,Lolimalock,bleeding-hollow,1286,warlock,destruction,35,19,16
34458,Haxlock,azralon,1282,warlock,destruction,34,15,19
34459,Chuwhee,sargeras,1282,warlock,destruction,48,14,34
34460,Awfeelya,sargeras,1281,warlock,destruction,29,17,12
34461,Sylestrio,feathermoon,1281,warlock,destruction,42,18,24
34462,Hurriicane,stormrage,1280,warlock,destruction,92,48,44
34463,Ahrimus,area-52,1275,warlock,destruction,28,14,14
34464,Potatostew,dalaran,1273,warlock,destruction,36,14,22
34465,Derfflinger,tichondrius,1270,warlock,destruction,118,49,69
34466,Felryssa,kiljaeden,1269,warlock,destruction,60,29,31
34467,Prinzheinric,quelthalas,1267,warlock,destruction,33,21,12
34468,Kyle,shandris,1267,warlock,destruction,45,21,24
34469,Schmok,terenas,1266,warlock,destruction,34,20,14
34470,Thizzmaa,area-52,1266,warlock,destruction,31,16,15
34471,Lockednloade,tichondrius,1265,warlock,destruction,51,28,23
34472,Gattsonn,kiljaeden,1259,warlock,destruction,42,15,27
34473,Tichonkimc,tichondrius,1256,warlock,destruction,32,16,16
34474,Mordekhay,tichondrius,1255,warlock,destruction,62,30,32
34475,Ticktóck,ghostlands,1253,warlock,destruction,19,14,5
34476,Kortinanga,tichondrius,1252,warlock,destruction,54,30,24
34477,Iiferna,sargeras,1252,warlock,destruction,107,51,56
34478,Eurygnomous,thrall,1252,warlock,destruction,30,14,16
34479,Ganosh,aggramar,1251,warlock,destruction,56,31,25
34480,Beastsuper,tichondrius,1248,warlock,destruction,24,13,11
34481,Voqo,shandris,1247,warlock,destruction,18,13,5
34482,Nahalmaeim,tichondrius,1247,warlock,destruction,18,13,5
34483,Pressurë,tichondrius,1247,warlock,destruction,18,13,5
34484,Rèdrùm,tichondrius,1247,warlock,destruction,24,13,11
34485,Kimsoul,zuljin,1247,warlock,destruction,24,13,11
34486,Grenswood,arathor,1247,warlock,destruction,27,14,13
34487,Lotussama,anetheron,1246,warlock,destruction,18,13,5
34488,Skanckqt,malganis,1246,warlock,destruction,24,13,11
34489,Inaane,thrall,1246,warlock,destruction,24,13,11
34490,Hauntsin,hyjal,1246,warlock,destruction,30,13,17
34491,Destructo,illidan,1245,warlock,destruction,30,13,17
34492,Sladez,tichondrius,1245,warlock,destruction,36,13,23
34493,Toastwl,tichondrius,1244,warlock,destruction,18,13,5
34494,Pkzy,azralon,1244,warlock,destruction,24,13,11
34495,Lhandus,drakkari,1243,warlock,destruction,24,13,11
34496,Nigsy,nagrand,1242,warlock,destruction,24,13,11
34497,Spòngwò,tichondrius,1242,warlock,destruction,24,13,11
34498,Felpsychosis,illidan,1242,warlock,destruction,66,33,33
34499,Wineburger,frostmourne,1241,warlock,destruction,18,13,5
34500,Mothmayhem,moon-guard,1241,warlock,destruction,24,13,11
34501,Shadü,tichondrius,1241,warlock,destruction,36,14,22
34502,Babydots,stormreaver,1240,warlock,destruction,24,13,11
34503,Sendnudez,nemesis,1240,warlock,destruction,24,13,11
34504,Covírus,azralon,1237,warlock,destruction,18,13,5
34505,Evapilot,tichondrius,1237,warlock,destruction,24,13,11
34506,Pruevolf,tichondrius,1236,warlock,destruction,80,35,45
34507,Xbqss,illidan,1236,warlock,destruction,30,13,17
34508,Rainymood,frostmourne,1233,warlock,destruction,18,13,5
34509,Munick,spirestone,1233,warlock,destruction,24,13,11
34510,Dalruk,wyrmrest-accord,1232,warlock,destruction,18,13,5
34511,Klatuu,stonemaul,1232,warlock,destruction,24,15,9
34512,Chaotíc,zuljin,1231,warlock,destruction,24,13,11
34513,Sû,stormrage,1231,warlock,destruction,54,19,35
34514,Wåbi,tichondrius,1228,warlock,destruction,30,13,17
34515,Impieties,emerald-dream,1228,warlock,destruction,36,14,22
34516,Ellneggro,zuljin,1226,warlock,destruction,18,13,5
34517,Mèrlin,aerie-peak,1226,warlock,destruction,18,13,5
34518,Titusvorenus,runetotem,1226,warlock,destruction,24,13,11
34519,Rickyspanish,malygos,1226,warlock,destruction,30,13,17
34520,Zoluraan,proudmoore,1225,warlock,destruction,39,25,14
34521,Kyrionn,azralon,1225,warlock,destruction,24,13,11
34522,Blockk,moknathal,1216,warlock,destruction,62,26,36
34523,Zydaria,stormrage,1213,warlock,destruction,30,18,12
34524,Erevas,area-52,1213,warlock,destruction,24,14,10
34525,Prototyp,azralon,1212,warlock,destruction,18,13,5
34526,Daeykras,crushridge,1209,warlock,destruction,28,17,11
34527,Beldiinlock,khazgoroth,1207,warlock,destruction,69,35,34
34528,Felinå,hyjal,1206,warlock,destruction,39,24,15
34529,Valval,moon-guard,1206,warlock,destruction,60,21,39
34530,Superbroly,area-52,1204,warlock,destruction,30,16,14
34531,Luulloo,proudmoore,1203,warlock,destruction,54,29,25
34532,Blew,bleeding-hollow,1200,warlock,destruction,15,14,1
34533,Nhen,daggerspine,1196,warlock,destruction,113,63,50
34534,Zaeloc,ragnaros,1195,warlock,destruction,42,13,29
34535,Nybeth,malganis,1194,warlock,destruction,23,13,10
34536,Spookyfurry,area-52,1192,warlock,destruction,30,13,17
34537,Umdur,zuljin,1191,warlock,destruction,27,13,14
34538,Mocreia,azralon,1191,warlock,destruction,53,23,30
34539,Bénn,moon-guard,1189,warlock,destruction,60,39,21
34540,Cørruption,emerald-dream,1188,warlock,destruction,47,22,25
34541,Pancakestack,stormrage,1187,warlock,destruction,73,38,35
34542,Kärên,proudmoore,1185,warlock,destruction,22,16,6
34543,Sutra,tichondrius,1185,warlock,destruction,23,14,9
34544,Chodetamer,lethon,1180,warlock,destruction,29,18,11
34545,Necrodeath,malygos,1180,warlock,destruction,30,15,15
34546,Maldíta,quelthalas,1180,warlock,destruction,117,52,65
34547,Kemchaos,illidan,1179,warlock,destruction,48,21,27
34548,Kidsoul,illidan,1178,warlock,destruction,97,46,51
34549,Nanodingo,tichondrius,1176,warlock,destruction,59,30,29
34550,Funnysoxx,caelestrasz,1171,warlock,destruction,28,13,15
34551,Covenslave,nemesis,1169,warlock,destruction,205,95,110
34552,Ilovedemons,aegwynn,1168,warlock,destruction,42,26,16
34553,Rodimus,hyjal,1167,warlock,destruction,87,50,37
34554,Bawldimort,stormrage,1165,warlock,destruction,89,46,43
34555,Dex,jubeithos,1163,warlock,destruction,47,13,34
34556,Theporkchunk,nordrassil,1162,warlock,destruction,24,17,7
34557,Aerozyn,wyrmrest-accord,1161,warlock,destruction,30,16,14
34558,Dudda,sargeras,1152,warlock,destruction,12,12,0
34559,Rightwaylovê,illidan,1152,warlock,destruction,18,12,6
34560,Osmatz,area-52,1152,warlock,destruction,18,12,6
34561,Sphoo,tichondrius,1152,warlock,destruction,18,12,6
34562,Dxhusky,tichondrius,1151,warlock,destruction,18,12,6
34563,Blastamastah,tichondrius,1151,warlock,destruction,18,12,6
34564,Shutupthug,illidan,1151,warlock,destruction,18,12,6
34565,Lockdotsftw,illidan,1151,warlock,destruction,24,12,12
34566,Oceangrownx,emerald-dream,1151,warlock,destruction,24,12,12
34567,Flûké,tichondrius,1151,warlock,destruction,24,12,12
34568,Homeboyardee,the-venture-co,1151,warlock,destruction,24,12,12
34569,Asmit,firetree,1151,warlock,destruction,28,13,15
34570,Zaiocian,tichondrius,1151,warlock,destruction,26,12,14
34571,Mattypatty,the-forgotten-coast,1150,warlock,destruction,18,12,6
34572,Dralok,area-52,1150,warlock,destruction,18,12,6
34573,Ñigorshedøn,area-52,1150,warlock,destruction,18,12,6
34574,Cesily,frostmourne,1150,warlock,destruction,24,12,12
34575,Iggyiggy,sargeras,1149,warlock,destruction,24,12,12
34576,Siellisele,illidan,1149,warlock,destruction,24,12,12
34577,Ole,area-52,1149,warlock,destruction,27,13,14
34578,Poock,goldrinn,1148,warlock,destruction,18,12,6
34579,Kylaria,emerald-dream,1148,warlock,destruction,24,12,12
34580,Gwar,khazgoroth,1148,warlock,destruction,90,35,55
34581,Omarlil,kelthuzad,1147,warlock,destruction,18,12,6
34582,Aboode,blackrock,1147,warlock,destruction,29,13,16
34583,Nadirius,shadowmoon,1146,warlock,destruction,18,12,6
34584,Shïrõ,tichondrius,1145,warlock,destruction,18,12,6
34585,Handler,earthen-ring,1142,warlock,destruction,42,28,14
34586,Gridwild,drakkari,1142,warlock,destruction,24,12,12
34587,Løvesick,zuljin,1141,warlock,destruction,30,12,18
34588,Sunkuna,aerie-peak,1141,warlock,destruction,36,13,23
34589,Hawkstalker,thaurissan,1140,warlock,destruction,40,21,19
34590,Nadek,tichondrius,1140,warlock,destruction,24,12,12
34591,Lessance,dalaran,1138,warlock,destruction,24,12,12
34592,Cælohin,tichondrius,1132,warlock,destruction,24,12,12
34593,Dlchem,tichondrius,1126,warlock,destruction,18,12,6
34594,Timmerstar,tichondrius,1124,warlock,destruction,42,20,22
34595,Rageraff,trollbane,1121,warlock,destruction,30,18,12
34596,Nocchi,amanthul,1119,warlock,destruction,22,12,10
34597,Aeonora,akama,1117,warlock,destruction,18,12,6
34598,Josemb,ragnaros,1114,warlock,destruction,26,14,12
34599,Ðeãdman,bleeding-hollow,1112,warlock,destruction,20,13,7
34600,Marvolö,darkspear,1112,warlock,destruction,24,15,9
34601,Kracky,tichondrius,1104,warlock,destruction,86,49,37
34602,Anstik,area-52,1103,warlock,destruction,15,13,2
34603,Mshyde,gurubashi,1100,warlock,destruction,18,12,6
34604,Madgettike,stormrage,1094,warlock,destruction,36,22,14
34605,Varuuss,ragnaros,1092,warlock,destruction,21,12,9
34606,Mindfulchimp,sargeras,1092,warlock,destruction,23,12,11
34607,Cheiff,tichondrius,1092,warlock,destruction,42,16,26
34608,Imprecátion,tichondrius,1089,warlock,destruction,41,12,29
34609,Taìnted,lightbringer,1088,warlock,destruction,28,12,16
34610,Medeia,tichondrius,1087,warlock,destruction,23,12,11
34611,Skynflute,tichondrius,1087,warlock,destruction,28,12,16
34612,Escro,azgalor,1085,warlock,destruction,66,38,28
34613,Spicý,sargeras,1084,warlock,destruction,63,31,32
34614,Punishment,jubeithos,1080,warlock,destruction,17,12,5
34615,Wìckedelf,area-52,1078,warlock,destruction,57,29,28
34616,Locksoul,area-52,1077,warlock,destruction,36,18,18
34617,Phreaky,area-52,1072,warlock,destruction,36,17,19
34618,Juniorsalanu,quelthalas,1067,warlock,destruction,24,13,11
34619,Toby,azralon,1066,warlock,destruction,25,12,13
34620,Romminus,zuljin,1065,warlock,destruction,19,12,7
34621,Davnport,frostmourne,1065,warlock,destruction,38,12,26
34622,Luke,lightnings-blade,1062,warlock,destruction,18,12,6
34623,Caesaros,quelthalas,1057,warlock,destruction,25,12,13
34624,Bumbleebolts,azralon,1056,warlock,destruction,12,11,1
34625,Boltsnhoez,tichondrius,1056,warlock,destruction,16,12,4
34626,Boodizz,frostmourne,1056,warlock,destruction,18,11,7
34627,Thragèqt,sargeras,1056,warlock,destruction,18,11,7
34628,Drböb,area-52,1056,warlock,destruction,18,11,7
34629,Tacticalderp,bleeding-hollow,1056,warlock,destruction,24,11,13
34630,Drsmegmaz,dreadmaul,1056,warlock,destruction,24,11,13
34631,Edeklock,frostmourne,1055,warlock,destruction,12,11,1
34632,Gladyr,frostmourne,1055,warlock,destruction,18,11,7
34633,Alktrz,azralon,1055,warlock,destruction,18,11,7
34634,Dreadxbolts,stormrage,1055,warlock,destruction,18,11,7
34635,Fabiusbilex,tichondrius,1055,warlock,destruction,18,11,7
34636,Mindheist,stormrage,1055,warlock,destruction,18,11,7
34637,Matilla,tichondrius,1055,warlock,destruction,18,11,7
34638,Feardotzrun,illidan,1055,warlock,destruction,18,11,7
34639,Sahdude,illidan,1055,warlock,destruction,18,11,7
34640,Tuzadin,tichondrius,1055,warlock,destruction,18,11,7
34641,Ðòt,nagrand,1055,warlock,destruction,18,11,7
34642,Guldansbicep,illidan,1055,warlock,destruction,22,12,10
34643,Bolsheivik,dentarg,1054,warlock,destruction,18,11,7
34644,Vigius,dalaran,1054,warlock,destruction,18,11,7
34645,Locksolo,tichondrius,1054,warlock,destruction,18,11,7
34646,Spudzies,bleeding-hollow,1054,warlock,destruction,24,11,13
34647,Dipz,zuljin,1053,warlock,destruction,18,11,7
34648,Buffwarlockz,stormrage,1053,warlock,destruction,18,11,7
34649,Faënn,zuljin,1053,warlock,destruction,18,11,7
34650,Baldandugly,illidan,1052,warlock,destruction,18,11,7
34651,Honchoe,illidan,1052,warlock,destruction,18,11,7
34652,Trastham,malganis,1052,warlock,destruction,24,11,13
34653,Blanklee,tichondrius,1051,warlock,destruction,12,11,1
34654,Unprønuncea,azralon,1050,warlock,destruction,25,11,14
34655,Taylôr,proudmoore,1049,warlock,destruction,24,11,13
34656,Tirp,illidan,1048,warlock,destruction,24,11,13
34657,Pokemebutt,hydraxis,1046,warlock,destruction,18,11,7
34658,Patagucci,bleeding-hollow,1046,warlock,destruction,18,11,7
34659,Nazgal,tichondrius,1046,warlock,destruction,21,12,9
34660,Ltr,moon-guard,1045,warlock,destruction,18,11,7
34661,Haloren,moon-guard,1044,warlock,destruction,18,11,7
34662,Barathron,tichondrius,1044,warlock,destruction,36,11,25
34663,Xenagos,antonidas,1043,warlock,destruction,30,11,19
34664,Seeword,sargeras,1039,warlock,destruction,18,11,7
34665,Gambel,duskwood,1038,warlock,destruction,24,11,13
34666,Saraphina,maiev,1033,warlock,destruction,108,44,64
34667,Mysophobia,frostmourne,1032,warlock,destruction,53,22,31
34668,Baiss,tichondrius,1030,warlock,destruction,18,11,7
34669,Danoinfelizz,nemesis,1029,warlock,destruction,15,12,3
34670,Noriaeradra,illidan,1025,warlock,destruction,24,13,11
34671,Shedara,ragnaros,1023,warlock,destruction,17,11,6
34672,Getsmoked,moknathal,1023,warlock,destruction,23,11,12
34673,Cumbledor,bleeding-hollow,1023,warlock,destruction,26,12,14
34674,Darthlockz,illidan,1020,warlock,destruction,18,11,7
34675,Cascades,icecrown,1019,warlock,destruction,96,38,58
34676,Nathalyâ,drakkari,1018,warlock,destruction,60,28,32
34677,Superbvious,lothar,1012,warlock,destruction,37,13,24
34678,Bobthedoc,sargeras,1011,warlock,destruction,23,11,12
34679,Faliceu,sargeras,1006,warlock,destruction,26,11,15
34680,Panyc,tichondrius,1002,warlock,destruction,23,11,12
34681,Ticklebolts,tichondrius,1001,warlock,destruction,34,12,22
34682,Valerilma,azralon,998,warlock,destruction,23,11,12
34683,Wingzerø,tichondrius,988,warlock,destruction,23,11,12
34684,Nevermorde,area-52,986,warlock,destruction,23,11,12
34685,Wafflezcb,frostmourne,976,warlock,destruction,19,11,8
34686,Hanoaa,tichondrius,975,warlock,destruction,11,11,0
34687,Nikôlas,stormrage,975,warlock,destruction,48,21,27
34688,Zíppen,proudmoore,970,warlock,destruction,61,30,31
34689,Plagueis,zuluhed,969,warlock,destruction,25,11,14
34690,Kimis,azralon,963,warlock,destruction,24,14,10
34691,Drwongmd,sargeras,960,warlock,destruction,12,10,2
34692,Jaboy,dragonmaw,960,warlock,destruction,12,10,2
34693,Fxckyuo,tichondrius,960,warlock,destruction,12,10,2
34694,Kammuany,sargeras,960,warlock,destruction,12,10,2
34695,Retwarr,tichondrius,960,warlock,destruction,12,10,2
34696,Maldivà,tichondrius,960,warlock,destruction,12,10,2
34697,Nino,barthilas,960,warlock,destruction,12,10,2
34698,Letmecastpls,tichondrius,960,warlock,destruction,12,10,2
34699,Lockbtw,altar-of-storms,960,warlock,destruction,12,10,2
34700,Wanglock,blackrock,960,warlock,destruction,12,10,2
34701,Minglocked,proudmoore,960,warlock,destruction,12,10,2
34702,Lilshedon,kelthuzad,960,warlock,destruction,12,10,2
34703,Fearem,tichondrius,960,warlock,destruction,15,11,4
34704,Teefgap,sargeras,960,warlock,destruction,18,10,8
34705,Baka,moon-guard,960,warlock,destruction,18,10,8
34706,Veryezgame,tichondrius,960,warlock,destruction,18,10,8
34707,Areufearious,sargeras,960,warlock,destruction,18,10,8
34708,Teivlol,mugthol,960,warlock,destruction,18,10,8
34709,Dimanel,moon-guard,960,warlock,destruction,18,10,8
34710,Contägion,bleeding-hollow,960,warlock,destruction,24,10,14
34711,Dkdakìng,dalaran,959,warlock,destruction,12,10,2
34712,Foxar,stormrage,959,warlock,destruction,12,10,2
34713,Mixolydian,malganis,959,warlock,destruction,12,10,2
34714,Britnyfearz,illidan,959,warlock,destruction,12,10,2
34715,Percaddict,illidan,959,warlock,destruction,12,10,2
34716,Naughtybôlts,sargeras,959,warlock,destruction,15,10,5
34717,Knockknock,llane,959,warlock,destruction,18,10,8
34718,Kongal,tichondrius,959,warlock,destruction,18,10,8
34719,Years,moon-guard,959,warlock,destruction,18,10,8
34720,Sixonenine,boulderfist,959,warlock,destruction,18,10,8
34721,Soulicit,kelthuzad,959,warlock,destruction,18,10,8
34722,Notatryhard,emerald-dream,959,warlock,destruction,18,10,8
34723,Maral,kelthuzad,959,warlock,destruction,18,10,8
34724,Thânàtös,malganis,959,warlock,destruction,18,10,8
34725,Wickedry,antonidas,959,warlock,destruction,18,10,8
34726,Riptyler,illidan,959,warlock,destruction,18,10,8
34727,Pykorrg,ragnaros,959,warlock,destruction,24,10,14
34728,Asetiks,tichondrius,959,warlock,destruction,24,10,14
34729,Trobgol,bleeding-hollow,958,warlock,destruction,12,10,2
34730,Helraz,darkspear,958,warlock,destruction,12,10,2
34731,Mørgoth,thrall,958,warlock,destruction,18,10,8
34732,Yibbel,area-52,958,warlock,destruction,18,10,8
34733,Chrishasnen,moon-guard,958,warlock,destruction,24,10,14
34734,Morcegø,azralon,958,warlock,destruction,24,10,14
34735,Newty,zuljin,957,warlock,destruction,12,10,2
34736,Xerozus,tichondrius,957,warlock,destruction,18,10,8
34737,Dialalock,frostmourne,957,warlock,destruction,18,10,8
34738,Dercrow,quelthalas,957,warlock,destruction,18,10,8
34739,Kåos,kelthuzad,957,warlock,destruction,18,10,8
34740,Greasymario,area-52,957,warlock,destruction,22,11,11
34741,Dippidydot,illidan,957,warlock,destruction,24,10,14
34742,Ragnalock,laughing-skull,956,warlock,destruction,18,10,8
34743,Manã,wyrmrest-accord,956,warlock,destruction,18,10,8
34744,Muchoprecogo,tichondrius,956,warlock,destruction,18,10,8
34745,Graced,dalaran,956,warlock,destruction,18,10,8
34746,Dårkfyre,kiljaeden,956,warlock,destruction,18,10,8
34747,Raidspot,bleeding-hollow,956,warlock,destruction,24,10,14
34748,Yarrz,kelthuzad,955,warlock,destruction,12,10,2
34749,Friendd,frostmourne,955,warlock,destruction,18,10,8
34750,Zaintv,illidan,955,warlock,destruction,18,10,8
34751,Chaoticstorm,area-52,955,warlock,destruction,18,10,8
34752,Dvorakk,frostmourne,954,warlock,destruction,15,11,4
34753,Harleyjames,ravenholdt,953,warlock,destruction,18,10,8
34754,Sñeed,sargeras,953,warlock,destruction,25,11,14
34755,Siliconsnipe,tichondrius,952,warlock,destruction,12,10,2
34756,Punjj,jubeithos,952,warlock,destruction,18,10,8
34757,Huuchie,moon-guard,951,warlock,destruction,18,10,8
34758,Puscifear,azralon,951,warlock,destruction,30,10,20
34759,Sojupain,kaelthas,950,warlock,destruction,12,10,2
34760,Moreedotss,malganis,947,warlock,destruction,30,10,20
34761,Hamadan,azralon,946,warlock,destruction,24,10,14
34762,Cursé,stormrage,944,warlock,destruction,18,10,8
34763,Mogran,twisting-nether,934,warlock,destruction,18,10,8
34764,Marlett,destromath,929,warlock,destruction,107,56,51
34765,Neph,malganis,927,warlock,destruction,20,11,9
34766,Goal,malganis,927,warlock,destruction,20,11,9
34767,Astarõth,zuljin,926,warlock,destruction,26,11,15
34768,Twohandedkil,stormrage,920,warlock,destruction,26,11,15
34769,Keleiron,velen,916,warlock,destruction,18,10,8
34770,Xekk,wyrmrest-accord,910,warlock,destruction,23,10,13
34771,Wawfw,bleeding-hollow,909,warlock,destruction,15,11,4
34772,Rnicu,bonechewer,908,warlock,destruction,45,18,27
34773,Locksyy,tichondrius,907,warlock,destruction,29,10,19
34774,Lockyy,khaz-modan,904,warlock,destruction,26,11,15
34775,Ppoonlock,tichondrius,896,warlock,destruction,22,10,12
34776,Katsby,moon-guard,894,warlock,destruction,17,10,7
34777,Fiennx,dalaran,894,warlock,destruction,17,10,7
34778,Rakudemon,ragnaros,894,warlock,destruction,20,10,10
34779,Savagetheron,korgath,887,warlock,destruction,18,10,8
34780,Lafuke,tichondrius,880,warlock,destruction,13,10,3
34781,Pyria,boulderfist,877,warlock,destruction,13,10,3
34782,Drezx,frostmourne,864,warlock,destruction,12,9,3
34783,Matthewx,stormrage,864,warlock,destruction,12,9,3
34784,Whaad,tichondrius,864,warlock,destruction,12,9,3
34785,Lysitheä,moon-guard,864,warlock,destruction,12,9,3
34786,Pengliyuaner,illidan,864,warlock,destruction,12,9,3
34787,Fenriakshog,zuljin,864,warlock,destruction,12,9,3
34788,Baddummy,tichondrius,864,warlock,destruction,12,9,3
34789,Liuh,tichondrius,864,warlock,destruction,12,9,3
34790,Soulbane,jubeithos,864,warlock,destruction,12,9,3
34791,Quickzmaster,blackrock,864,warlock,destruction,12,9,3
34792,Golock,tichondrius,864,warlock,destruction,12,9,3
34793,Moóndust,bleeding-hollow,864,warlock,destruction,12,9,3
34794,Pugnatwo,kelthuzad,864,warlock,destruction,12,9,3
34795,Lokiy,ragnaros,864,warlock,destruction,12,9,3
34796,Voidsoda,whisperwind,864,warlock,destruction,12,9,3
34797,Frustration,darkspear,864,warlock,destruction,12,9,3
34798,Rice,lothar,864,warlock,destruction,12,9,3
34799,Øutbreak,thrall,864,warlock,destruction,12,9,3
34800,Bonita,garona,864,warlock,destruction,12,9,3
34801,Raxxis,moon-guard,864,warlock,destruction,12,9,3
34802,Stuffs,wyrmrest-accord,864,warlock,destruction,18,9,9
34803,Bigolehogger,area-52,864,warlock,destruction,18,9,9
34804,Miroir,illidan,864,warlock,destruction,18,9,9
34805,Wampeter,azshara,864,warlock,destruction,18,9,9
34806,Voidxo,tichondrius,864,warlock,destruction,18,9,9
34807,Itstista,proudmoore,864,warlock,destruction,18,9,9
34808,Biggbolts,tichondrius,864,warlock,destruction,18,9,9
34809,Shadowmoonon,tichondrius,864,warlock,destruction,18,9,9
34810,Reflexlock,malganis,864,warlock,destruction,18,9,9
34811,Oymmander,illidan,864,warlock,destruction,18,9,9
34812,Woopie,malfurion,864,warlock,destruction,18,9,9
34813,Shendù,stormrage,864,warlock,destruction,24,9,15
34814,Greedy,garrosh,863,warlock,destruction,12,9,3
34815,Azrezzael,area-52,863,warlock,destruction,12,9,3
34816,Shooff,area-52,863,warlock,destruction,12,9,3
34817,Ahrimaan,illidan,863,warlock,destruction,12,9,3
34818,Mateekabr,malganis,863,warlock,destruction,12,9,3
34819,Mjndewb,tichondrius,863,warlock,destruction,12,9,3
34820,Zycas,tichondrius,863,warlock,destruction,12,9,3
34821,Pacopico,illidan,863,warlock,destruction,12,9,3
34822,Glergarby,stormscale,863,warlock,destruction,15,10,5
34823,Tromeo,sargeras,863,warlock,destruction,18,9,9
34824,Ruknài,barthilas,863,warlock,destruction,18,9,9
34825,Rothmar,bleeding-hollow,863,warlock,destruction,18,9,9
34826,Cyio,zuljin,863,warlock,destruction,18,9,9
34827,Minzyw,illidan,863,warlock,destruction,18,9,9
34828,Rhabdo,ravenholdt,863,warlock,destruction,18,9,9
34829,Dmox,darkspear,863,warlock,destruction,18,9,9
34830,Nethron,the-venture-co,863,warlock,destruction,18,9,9
34831,Goarage,tichondrius,863,warlock,destruction,22,10,12
34832,Rokdas,area-52,863,warlock,destruction,24,9,15
34833,Cogitoergo,stormrage,862,warlock,destruction,12,9,3
34834,Cvntpvntcans,kelthuzad,862,warlock,destruction,12,9,3
34835,Locklockdead,earthen-ring,862,warlock,destruction,12,9,3
34836,Çhåos,destromath,862,warlock,destruction,12,9,3
34837,Namig,aerie-peak,862,warlock,destruction,12,9,3
34838,Pyresworn,wyrmrest-accord,862,warlock,destruction,12,9,3
34839,Artheás,azralon,862,warlock,destruction,18,9,9
34840,Nmelock,malganis,862,warlock,destruction,18,9,9
34841,Breaad,tichondrius,862,warlock,destruction,24,9,15
34842,Tanathoz,thrall,862,warlock,destruction,28,10,18
34843,Methandmmkay,illidan,861,warlock,destruction,15,10,5
34844,Funnelcakies,area-52,861,warlock,destruction,18,9,9
34845,Warlo,moonrunner,860,warlock,destruction,12,9,3
34846,Shipmatelock,stormrage,860,warlock,destruction,12,9,3
34847,Damdochael,bleeding-hollow,860,warlock,destruction,24,9,15
34848,Githany,hyjal,859,warlock,destruction,18,9,9
34849,Gorskij,frostwolf,859,warlock,destruction,19,9,10
34850,Cynwise,arathor,858,warlock,destruction,18,9,9
34851,Hookslinger,barthilas,856,warlock,destruction,18,9,9
34852,Shadohz,lightnings-blade,855,warlock,destruction,12,9,3
34853,Klummzy,tichondrius,850,warlock,destruction,18,9,9
34854,Vampir,hellscream,850,warlock,destruction,24,9,15
34855,Rustý,illidan,834,warlock,destruction,17,9,8
34856,Jannus,wyrmrest-accord,834,warlock,destruction,26,11,15
34857,Freakdoa,blades-edge,834,warlock,destruction,53,20,33
34858,Ovosound,tichondrius,815,warlock,destruction,11,9,2
34859,Chaospump,frostmourne,815,warlock,destruction,17,9,8
34860,Rockzilatour,tichondrius,815,warlock,destruction,17,9,8
34861,Metamòrph,malganis,810,warlock,destruction,16,10,6
34862,Taneverah,wyrmrest-accord,799,warlock,destruction,11,9,2
34863,Felancholy,illidan,788,warlock,destruction,14,10,4
34864,Tempestzone,barthilas,775,warlock,destruction,19,10,9
34865,Roblockz,illidan,768,warlock,destruction,12,8,4
34866,Necrotiá,tichondrius,768,warlock,destruction,12,8,4
34867,Dazedl,stormrage,768,warlock,destruction,12,8,4
34868,Shatteroidz,darkspear,768,warlock,destruction,12,8,4
34869,Kápz,darkspear,768,warlock,destruction,12,8,4
34870,Romdi,tichondrius,768,warlock,destruction,12,8,4
34871,Elldiablo,darkspear,768,warlock,destruction,12,8,4
34872,Dëception,ragnaros,768,warlock,destruction,12,8,4
34873,Munje,bleeding-hollow,768,warlock,destruction,12,8,4
34874,Badhombre,tichondrius,768,warlock,destruction,12,8,4
34875,Searinox,scilla,768,warlock,destruction,12,8,4
34876,Aptukk,archimonde,768,warlock,destruction,12,8,4
34877,Zunexx,malganis,768,warlock,destruction,12,8,4
34878,Flavakid,malganis,768,warlock,destruction,12,8,4
34879,Clorvenna,zuljin,768,warlock,destruction,12,8,4
34880,Falsaqt,area-52,768,warlock,destruction,12,8,4
34881,Flake,kelthuzad,768,warlock,destruction,12,8,4
34882,Xidothewitch,stormrage,768,warlock,destruction,12,8,4
34883,Dadtired,tichondrius,768,warlock,destruction,12,8,4
34884,Shinagae,tichondrius,768,warlock,destruction,12,8,4
34885,Diznei,nemesis,768,warlock,destruction,12,8,4
34886,Palumorl,deathwing,768,warlock,destruction,12,8,4
34887,Rebolting,tichondrius,768,warlock,destruction,12,8,4
34888,Narzhul,drakkari,768,warlock,destruction,12,8,4
34889,Slackjaww,kiljaeden,768,warlock,destruction,12,8,4
34890,Blodrain,tichondrius,768,warlock,destruction,12,8,4
34891,Smeezles,frostmourne,768,warlock,destruction,12,8,4
34892,Idoovoodoo,burning-legion,768,warlock,destruction,12,8,4
34893,Flackory,tichondrius,768,warlock,destruction,12,8,4
34894,Identiti,tichondrius,768,warlock,destruction,12,8,4
34895,Devi,executus,768,warlock,destruction,12,8,4
34896,Fearsponce,dragonmaw,768,warlock,destruction,12,8,4
34897,Pandasrlegit,burning-blade,768,warlock,destruction,12,8,4
34898,Bopplock,tichondrius,768,warlock,destruction,12,8,4
34899,Fece,area-52,768,warlock,destruction,12,8,4
34900,Ayedss,dalaran,768,warlock,destruction,12,8,4
34901,Søulswap,tichondrius,768,warlock,destruction,12,8,4
34902,Esolock,malganis,768,warlock,destruction,12,8,4
34903,Nyhn,bleeding-hollow,768,warlock,destruction,13,8,5
34904,Westtung,tichondrius,768,warlock,destruction,13,8,5
34905,Metic,firetree,768,warlock,destruction,16,9,7
34906,Demfearslol,terokkar,768,warlock,destruction,18,8,10
34907,Soulripped,area-52,768,warlock,destruction,18,8,10
34908,Bbangtimo,tichondrius,768,warlock,destruction,18,8,10
34909,Westhofxx,sargeras,768,warlock,destruction,18,8,10
34910,Kallym,azralon,768,warlock,destruction,18,8,10
34911,Gneçro,area-52,768,warlock,destruction,18,8,10
34912,Iniboltquity,tichondrius,768,warlock,destruction,18,8,10
34913,Accentuate,tichondrius,767,warlock,destruction,12,8,4
34914,Yonz,area-52,767,warlock,destruction,12,8,4
34915,Coil,kiljaeden,767,warlock,destruction,12,8,4
34916,Diabolous,malganis,767,warlock,destruction,12,8,4
34917,Ranil,mannoroth,767,warlock,destruction,12,8,4
34918,Shadowlifts,kelthuzad,767,warlock,destruction,12,8,4
34919,Killafornia,runetotem,767,warlock,destruction,12,8,4
34920,Lynnilock,area-52,767,warlock,destruction,12,8,4
34921,Hugechungusw,frostmourne,767,warlock,destruction,12,8,4
34922,Egirlgamer,sargeras,767,warlock,destruction,12,8,4
34923,Destruction,frostmourne,767,warlock,destruction,12,8,4
34924,Shikyo,lightnings-blade,767,warlock,destruction,18,8,10
34925,Forsâken,tichondrius,767,warlock,destruction,18,8,10
34926,Windwolff,dalvengyr,767,warlock,destruction,18,8,10
34927,Hargol,azralon,767,warlock,destruction,18,8,10
34928,Síkaría,malganis,767,warlock,destruction,18,8,10
34929,Alizondemdik,azralon,767,warlock,destruction,18,8,10
34930,Aldaill,moon-guard,767,warlock,destruction,18,8,10
34931,Sauronne,illidan,767,warlock,destruction,18,8,10
34932,Katsurägi,tichondrius,767,warlock,destruction,18,8,10
34933,Plexwl,sargeras,767,warlock,destruction,24,8,16
34934,Raglans,amanthul,766,warlock,destruction,12,8,4
34935,Devdolittle,tichondrius,766,warlock,destruction,12,8,4
34936,Jelluz,ghostlands,766,warlock,destruction,12,8,4
34937,Staudt,mugthol,766,warlock,destruction,12,8,4
34938,Doomers,frostmourne,766,warlock,destruction,12,8,4
34939,Faldoras,kalecgos,766,warlock,destruction,12,8,4
34940,Mandley,nazgrel,766,warlock,destruction,18,8,10
34941,Darkboltz,area-52,765,warlock,destruction,12,8,4
34942,Blankdots,sargeras,765,warlock,destruction,12,8,4
34943,Skullsoul,arthas,765,warlock,destruction,18,8,10
34944,Deseo,moon-guard,764,warlock,destruction,12,8,4
34945,Cursedtool,quelthalas,764,warlock,destruction,15,9,6
34946,Guinegobbler,hyjal,764,warlock,destruction,20,8,12
34947,Esoo,kul-tiras,763,warlock,destruction,12,8,4
34948,Caryn,dalaran,763,warlock,destruction,18,8,10
34949,Disrespex,kelthuzad,762,warlock,destruction,18,8,10
34950,Djfear,tichondrius,762,warlock,destruction,18,8,10
34951,Degynlock,wyrmrest-accord,762,warlock,destruction,24,8,16
34952,Shooterg,tichondrius,761,warlock,destruction,18,8,10
34953,Myshadow,gorefiend,758,warlock,destruction,24,8,16
34954,Mordror,azralon,746,warlock,destruction,17,8,9
34955,Nobuyori,tichondrius,745,warlock,destruction,24,9,15
34956,Oldwing,illidan,735,warlock,destruction,23,8,15
34957,Fellraiser,bleeding-hollow,720,warlock,destruction,15,8,7
34958,Notoriusmma,illidan,720,warlock,destruction,19,10,9
34959,Sotera,bleeding-hollow,719,warlock,destruction,11,8,3
34960,Rentblod,azralon,719,warlock,destruction,11,8,3
34961,Lökdown,dalaran,714,warlock,destruction,15,11,4
34962,Castngcouch,tichondrius,711,warlock,destruction,21,10,11
34963,Boltsfordays,dalaran,706,warlock,destruction,20,9,11
34964,Tinyjo,sargeras,703,warlock,destruction,11,8,3
34965,Ihaveapowers,maiev,703,warlock,destruction,11,8,3
34966,Bäbz,barthilas,703,warlock,destruction,11,8,3
34967,Demotional,wyrmrest-accord,703,warlock,destruction,14,8,6
34968,Liljamie,stormrage,703,warlock,destruction,17,8,9
34969,Screampied,sargeras,699,warlock,destruction,20,8,12
34970,Getfeared,emerald-dream,672,warlock,destruction,10,8,2
34971,Flággedname,area-52,672,warlock,destruction,12,7,5
34972,Glizzÿ,thrall,672,warlock,destruction,12,7,5
34973,Says,gorefiend,672,warlock,destruction,12,7,5
34974,Haì,illidan,672,warlock,destruction,12,7,5
34975,Lockâsf,tichondrius,672,warlock,destruction,12,7,5
34976,Lessthanjake,zuljin,672,warlock,destruction,12,7,5
34977,Suminl,tichondrius,672,warlock,destruction,12,7,5
34978,Vafa,kelthuzad,672,warlock,destruction,12,7,5
34979,Sonovabeech,winterhoof,672,warlock,destruction,12,7,5
34980,Ðòm,tichondrius,672,warlock,destruction,12,7,5
34981,Flicks,arthas,672,warlock,destruction,12,7,5
34982,Blair,wildhammer,672,warlock,destruction,12,7,5
34983,Sofan,dalaran,672,warlock,destruction,12,7,5
34984,Thewkama,tichondrius,672,warlock,destruction,12,7,5
34985,Luciusvrenus,tichondrius,672,warlock,destruction,12,7,5
34986,Insànity,bleeding-hollow,672,warlock,destruction,12,7,5
34987,Tamzin,kelthuzad,672,warlock,destruction,12,7,5
34988,Snikpan,silver-hand,672,warlock,destruction,12,7,5
34989,Dipgodx,bleeding-hollow,672,warlock,destruction,12,7,5
34990,Soranpotter,tichondrius,672,warlock,destruction,12,7,5
34991,Aegywn,gorgonnash,672,warlock,destruction,12,7,5
34992,Iboltudie,tichondrius,672,warlock,destruction,12,7,5
34993,Schlutty,malganis,672,warlock,destruction,12,7,5
34994,Lokintots,darkspear,672,warlock,destruction,12,7,5
34995,Ko,nordrassil,672,warlock,destruction,12,7,5
34996,Tatordotzz,tichondrius,672,warlock,destruction,12,7,5
34997,Uggaboogga,malganis,672,warlock,destruction,12,7,5
34998,Clingrita,tichondrius,672,warlock,destruction,12,7,5
34999,Westhofz,sargeras,672,warlock,destruction,12,7,5
35000,Méphisto,emerald-dream,672,warlock,destruction,12,7,5
35001,Felforyouu,illidan,672,warlock,destruction,12,7,5
35002,Dötkill,illidan,672,warlock,destruction,12,7,5
35003,Mokfernal,tichondrius,672,warlock,destruction,12,7,5
35004,Kymamd,sargeras,672,warlock,destruction,12,7,5
35005,Ztc,dalaran,672,warlock,destruction,12,7,5
35006,Zelophobiaz,crushridge,672,warlock,destruction,12,7,5
35007,Hellfires,ragnaros,672,warlock,destruction,12,7,5
35008,Furryfears,gurubashi,672,warlock,destruction,12,7,5
35009,Busterbob,tichondrius,672,warlock,destruction,12,7,5
35010,Kountdrakula,tichondrius,672,warlock,destruction,12,7,5
35011,Balepyre,moon-guard,672,warlock,destruction,12,7,5
35012,Rothslock,tichondrius,672,warlock,destruction,12,7,5
35013,Sylvarri,stormrage,672,warlock,destruction,12,7,5
35014,Dplexs,jubeithos,672,warlock,destruction,12,7,5
35015,Yikës,stormrage,672,warlock,destruction,12,7,5
35016,Bosswarlock,tichondrius,672,warlock,destruction,13,7,6
35017,Anasúi,quelthalas,672,warlock,destruction,18,7,11
35018,Necrófear,tichondrius,672,warlock,destruction,18,7,11
35019,Dmacxl,tichondrius,672,warlock,destruction,18,7,11
35020,Sourmilkz,zuljin,672,warlock,destruction,18,7,11
35021,Starwitch,darkspear,672,warlock,destruction,18,7,11
35022,Modot,tichondrius,672,warlock,destruction,18,7,11
35023,Zantology,frostmourne,672,warlock,destruction,18,7,11
35024,Shivalx,tichondrius,671,warlock,destruction,12,7,5
35025,Strawberryz,boulderfist,671,warlock,destruction,12,7,5
35026,Sonnagalook,sargeras,671,warlock,destruction,12,7,5
35027,Watchmegate,darkspear,671,warlock,destruction,12,7,5
35028,Dirtybóy,tichondrius,671,warlock,destruction,12,7,5
35029,Azâziel,ragnaros,671,warlock,destruction,12,7,5
35030,Zyraxx,moon-guard,671,warlock,destruction,12,7,5
35031,Demosthenes,nazjatar,671,warlock,destruction,12,7,5
35032,Mérli,quelthalas,671,warlock,destruction,12,7,5
35033,Aroris,silver-hand,671,warlock,destruction,12,7,5
35034,Naba,malorne,671,warlock,destruction,12,7,5
35035,Boltondahoes,sargeras,671,warlock,destruction,12,7,5
35036,Irunaways,stormrage,671,warlock,destruction,12,7,5
35037,Yury,scarlet-crusade,671,warlock,destruction,12,7,5
35038,Grimzo,mugthol,671,warlock,destruction,12,7,5
35039,Bhupzy,barthilas,671,warlock,destruction,12,7,5
35040,Saicinxd,darkspear,671,warlock,destruction,12,7,5
35041,Soulwipe,dethecus,671,warlock,destruction,12,7,5
35042,Hadit,malganis,671,warlock,destruction,15,8,7
35043,Blastyboat,terenas,671,warlock,destruction,16,8,8
35044,Vetislock,thrall,671,warlock,destruction,18,7,11
35045,Jhivtwo,tichondrius,671,warlock,destruction,18,7,11
35046,Hellslayer,frostmourne,671,warlock,destruction,18,7,11
35047,Ørfna,zuljin,671,warlock,destruction,18,7,11
35048,Jvilla,tichondrius,671,warlock,destruction,18,7,11
35049,Wollylock,dark-iron,671,warlock,destruction,18,7,11
35050,Kachauwoo,kiljaeden,671,warlock,destruction,18,7,11
35051,Altazor,thunderlord,671,warlock,destruction,24,7,17
35052,Balfast,quelthalas,671,warlock,destruction,24,7,17
35053,Fearlord,shattered-hand,671,warlock,destruction,24,7,17
35054,Doomtome,moon-guard,671,warlock,destruction,26,7,19
35055,Lagcursed,frostmourne,670,warlock,destruction,12,7,5
35056,Amilkman,area-52,670,warlock,destruction,12,7,5
35057,Tørturë,tichondrius,670,warlock,destruction,12,7,5
35058,Cazadorius,jubeithos,670,warlock,destruction,13,7,6
35059,Heartpvp,tichondrius,670,warlock,destruction,18,7,11
35060,Revenancer,smolderthorn,669,warlock,destruction,12,7,5
35061,Kristenßell,senjin,669,warlock,destruction,12,7,5
35062,Otus,echo-isles,669,warlock,destruction,12,7,5
35063,Sumonníng,tichondrius,669,warlock,destruction,18,7,11
35064,Juan,borean-tundra,668,warlock,destruction,18,7,11
35065,Sneakywarlok,dalaran,668,warlock,destruction,19,7,12
35066,Deathjerky,thrall,667,warlock,destruction,12,7,5
35067,Saltboi,azjolnerub,640,warlock,destruction,16,7,9
35068,Voidxx,tichondrius,639,warlock,destruction,11,7,4
35069,Shendotigans,illidan,639,warlock,destruction,17,7,10
35070,Demondan,magtheridon,638,warlock,destruction,23,7,16
35071,Buildsuccess,tichondrius,623,warlock,destruction,17,7,10
35072,Cassetes,tichondrius,622,warlock,destruction,11,7,4
35073,Perfsx,bleeding-hollow,607,warlock,destruction,14,7,7
35074,Honne,sargeras,607,warlock,destruction,14,7,7
35075,Furrlokc,tichondrius,607,warlock,destruction,16,7,9
35076,Djvetis,blackhand,592,warlock,destruction,13,7,6
35077,Surleshilla,malganis,592,warlock,destruction,13,7,6
35078,Studathlete,tichondrius,592,warlock,destruction,13,7,6
35079,Malevolent,velen,576,warlock,destruction,6,6,0
35080,Schrader,sargeras,576,warlock,destruction,6,6,0
35081,Ebølarot,tichondrius,576,warlock,destruction,6,6,0
35082,Denotate,zuljin,576,warlock,destruction,6,6,0
35083,Menggoth,tichondrius,576,warlock,destruction,6,6,0
35084,Gabbagoul,sargeras,576,warlock,destruction,6,6,0
35085,Chaoscoach,sargeras,576,warlock,destruction,6,6,0
35086,Bronzel,tichondrius,576,warlock,destruction,6,6,0
35087,Mitchosx,frostmourne,576,warlock,destruction,6,6,0
35088,Redsolojdc,tichondrius,576,warlock,destruction,6,6,0
35089,Notstingz,azralon,576,warlock,destruction,6,6,0
35090,Doobielock,kelthuzad,576,warlock,destruction,6,6,0
35091,Çxb,tichondrius,576,warlock,destruction,6,6,0
35092,Drainerx,kelthuzad,576,warlock,destruction,6,6,0
35093,Qp,thrall,576,warlock,destruction,6,6,0
35094,Kòngal,tichondrius,576,warlock,destruction,6,6,0
35095,Winipuhmalo,quelthalas,576,warlock,destruction,6,6,0
35096,Broovid,tichondrius,576,warlock,destruction,13,7,6
35097,Riskydemon,azralon,576,warlock,destruction,12,6,6
35098,Crimsonela,emerald-dream,576,warlock,destruction,12,6,6
35099,Wolfib,tichondrius,576,warlock,destruction,12,6,6
35100,Graingrippin,malganis,576,warlock,destruction,12,6,6
35101,Bowltz,chogall,576,warlock,destruction,12,6,6
35102,Aikus,quelthalas,576,warlock,destruction,12,6,6
35103,Klol,proudmoore,576,warlock,destruction,12,6,6
35104,Souldrain,malganis,576,warlock,destruction,12,6,6
35105,Ronnietherat,tichondrius,576,warlock,destruction,12,6,6
35106,Imbadatpvp,tichondrius,576,warlock,destruction,12,6,6
35107,Zeromech,sargeras,576,warlock,destruction,12,6,6
35108,Metafin,quelthalas,576,warlock,destruction,12,6,6
35109,Sauzith,area-52,576,warlock,destruction,12,6,6
35110,Limeriax,emerald-dream,576,warlock,destruction,12,6,6
35111,Geegas,malganis,576,warlock,destruction,12,6,6
35112,Kmüz,drakkari,576,warlock,destruction,12,6,6
35113,Kulgar,aerie-peak,576,warlock,destruction,12,6,6
35114,Quadrillion,stormrage,576,warlock,destruction,12,6,6
35115,Tjdotter,stormrage,576,warlock,destruction,12,6,6
35116,Zedonius,dragonmaw,576,warlock,destruction,12,6,6
35117,Andrewpg,zuljin,576,warlock,destruction,12,6,6
35118,Donutd,stormrage,576,warlock,destruction,12,6,6
35119,Kreemy,ysera,576,warlock,destruction,12,6,6
35120,Sepültüra,quelthalas,576,warlock,destruction,12,6,6
35121,Indrah,tichondrius,576,warlock,destruction,12,6,6
35122,Footyl,stormrage,576,warlock,destruction,12,6,6
35123,Tonifortnite,emerald-dream,576,warlock,destruction,12,6,6
35124,Vravras,kelthuzad,576,warlock,destruction,12,6,6
35125,Aureboros,sargeras,576,warlock,destruction,12,6,6
35126,Liability,zuljin,576,warlock,destruction,12,6,6
35127,Ïmpdance,tichondrius,576,warlock,destruction,12,6,6
35128,Eboknight,area-52,576,warlock,destruction,12,6,6
35129,Manethail,aegwynn,576,warlock,destruction,12,6,6
35130,Maèlstrom,area-52,576,warlock,destruction,12,6,6
35131,Árkadiano,drakkari,576,warlock,destruction,12,6,6
35132,Coffeezx,malganis,576,warlock,destruction,12,6,6
35133,Peeberson,tichondrius,576,warlock,destruction,12,6,6
35134,Massivebolts,area-52,576,warlock,destruction,12,6,6
35135,Itsmeagain,area-52,576,warlock,destruction,12,6,6
35136,Ritua,dragonmaw,576,warlock,destruction,12,6,6
35137,Manalis,zuljin,576,warlock,destruction,12,6,6
35138,Plutö,thrall,576,warlock,destruction,12,6,6
35139,Cöpeñhagen,illidan,576,warlock,destruction,12,6,6
35140,Sumrule,dreadmaul,576,warlock,destruction,12,6,6
35141,Iemonv,vashj,576,warlock,destruction,12,6,6
35142,Girthlock,tichondrius,576,warlock,destruction,12,6,6
35143,Charmandfarm,nerzhul,576,warlock,destruction,12,6,6
35144,Asamsbinladn,illidan,576,warlock,destruction,12,6,6
35145,Emptysoul,illidan,576,warlock,destruction,12,6,6
35146,Celash,barthilas,576,warlock,destruction,12,6,6
35147,Hiro,steamwheedle-cartel,576,warlock,destruction,12,6,6
35148,Draxxus,barthilas,576,warlock,destruction,12,6,6
35149,Flu,darkspear,576,warlock,destruction,12,6,6
35150,Sdiaz,illidan,576,warlock,destruction,12,6,6
35151,Canobio,tichondrius,576,warlock,destruction,12,6,6
35152,Bhris,wildhammer,576,warlock,destruction,12,6,6
35153,Truepain,tichondrius,576,warlock,destruction,12,6,6
35154,Zephidel,thrall,576,warlock,destruction,12,6,6
35155,Shigero,tichondrius,576,warlock,destruction,12,6,6
35156,Lokkup,dalaran,576,warlock,destruction,12,6,6
35157,Beamin,dentarg,576,warlock,destruction,12,6,6
35158,Dunkindots,dalaran,576,warlock,destruction,12,6,6
35159,Draenil,eredar,576,warlock,destruction,12,6,6
35160,Betrili,tichondrius,576,warlock,destruction,12,6,6
35161,Tlock,azjolnerub,576,warlock,destruction,12,6,6
35162,Wzrdtrx,deathwing,576,warlock,destruction,18,6,12
35163,Lamdyn,moon-guard,576,warlock,destruction,18,6,12
35164,Bêlthazor,kelthuzad,576,warlock,destruction,18,6,12
35165,Brough,illidan,576,warlock,destruction,18,6,12
35166,Plutheros,stormrage,576,warlock,destruction,18,6,12
35167,Xdta,frostmourne,576,warlock,destruction,18,6,12
35168,Jinxdacat,shandris,576,warlock,destruction,18,6,12
35169,Tenletters,kirin-tor,576,warlock,destruction,18,6,12
35170,Esoteríc,sargeras,576,warlock,destruction,18,6,12
35171,Lenestus,stormrage,576,warlock,destruction,18,6,12
35172,Feoona,hyjal,576,warlock,destruction,18,6,12
35173,Rathianna,sargeras,575,warlock,destruction,12,6,6
35174,Crankshaft,nordrassil,575,warlock,destruction,12,6,6
35175,Beelzibub,firetree,575,warlock,destruction,12,6,6
35176,Nytefels,skullcrusher,575,warlock,destruction,12,6,6
35177,Azracore,illidan,575,warlock,destruction,12,6,6
35178,Méhoe,bleeding-hollow,575,warlock,destruction,12,6,6
35179,Edielyth,proudmoore,575,warlock,destruction,12,6,6
35180,Naparima,stormreaver,575,warlock,destruction,12,6,6
35181,Baphomët,tichondrius,575,warlock,destruction,12,6,6
35182,Shadowy,dragonblight,575,warlock,destruction,12,6,6
35183,Daimon,kaelthas,575,warlock,destruction,12,6,6
35184,Zezkin,alexstrasza,575,warlock,destruction,16,7,9
35185,Yetiaids,tichondrius,575,warlock,destruction,18,6,12
35186,Oluluo,andorhal,575,warlock,destruction,18,6,12
35187,Trayga,illidan,574,warlock,destruction,6,6,0
35188,Ggumx,tichondrius,574,warlock,destruction,12,6,6
35189,Persephoné,blackrock,574,warlock,destruction,12,6,6
35190,Totti,tol-barad,574,warlock,destruction,12,6,6
35191,Hungovermate,barthilas,574,warlock,destruction,12,6,6
35192,Tesdeez,tichondrius,574,warlock,destruction,12,6,6
35193,Träzyn,kiljaeden,574,warlock,destruction,18,6,12
35194,Supercracker,bleeding-hollow,572,warlock,destruction,18,6,12
35195,Fidobiu,stormrage,571,warlock,destruction,12,6,6
35196,Expiredonion,bleeding-hollow,559,warlock,destruction,11,6,5
35197,Friend,frostmourne,559,warlock,destruction,17,6,11
35198,Drdotngo,tichondrius,543,warlock,destruction,8,7,1
35199,Imsupercool,bleeding-hollow,543,warlock,destruction,11,6,5
35200,Promancer,drakkari,528,warlock,destruction,9,6,3
35201,Tm,dalaran,527,warlock,destruction,11,6,5
35202,Loch,destromath,527,warlock,destruction,11,6,5
35203,Exillis,barthilas,527,warlock,destruction,17,6,11
35204,Tesowenn,tichondrius,522,warlock,destruction,15,7,8
35205,Locdup,sargeras,512,warlock,destruction,22,6,16
35206,Ðêcimatê,frostmourne,511,warlock,destruction,12,6,6
35207,Glifosáto,quelthalas,510,warlock,destruction,10,8,2
35208,Ràistlin,madoran,494,warlock,destruction,11,6,5
35209,Spiritofodin,grizzly-hills,480,warlock,destruction,6,5,1
35210,Domenic,sentinels,480,warlock,destruction,6,5,1
35211,Phyxylock,stormrage,480,warlock,destruction,6,5,1
35212,Karmalock,malganis,480,warlock,destruction,6,5,1
35213,Babyvet,stormreaver,480,warlock,destruction,6,5,1
35214,Shokran,frostmourne,480,warlock,destruction,6,5,1
35215,Ozric,quelthalas,480,warlock,destruction,6,5,1
35216,Neruvian,tichondrius,480,warlock,destruction,6,5,1
35217,Dotlockndrop,stormreaver,480,warlock,destruction,6,5,1
35218,Reportmenerd,tichondrius,480,warlock,destruction,6,5,1
35219,Adonegege,tichondrius,480,warlock,destruction,6,5,1
35220,Delarae,frostmourne,480,warlock,destruction,6,5,1
35221,Jalean,illidan,480,warlock,destruction,6,5,1
35222,Jfet,sargeras,480,warlock,destruction,6,5,1
35223,Chewybolt,illidan,480,warlock,destruction,6,5,1
35224,Oreganow,icecrown,480,warlock,destruction,6,5,1
35225,Arnan,korgath,480,warlock,destruction,6,5,1
35226,Addonic,hyjal,480,warlock,destruction,6,5,1
35227,Unicornspit,tichondrius,480,warlock,destruction,6,5,1
35228,Poonanifotm,gundrak,480,warlock,destruction,6,5,1
35229,Stíngz,nemesis,480,warlock,destruction,6,5,1
35230,Beranflakes,darkspear,480,warlock,destruction,6,5,1
35231,Cheesëbolt,illidan,480,warlock,destruction,6,5,1
35232,Popnloc,tichondrius,480,warlock,destruction,6,5,1
35233,Dippindotz,scilla,480,warlock,destruction,6,5,1
35234,Gritzixx,frostmourne,480,warlock,destruction,6,5,1
35235,Halftism,sargeras,480,warlock,destruction,6,5,1
35236,Novah,balnazzar,480,warlock,destruction,6,5,1
35237,Onidium,area-52,480,warlock,destruction,6,5,1
35238,Khaozx,ragnaros,480,warlock,destruction,6,5,1
35239,Humblegodd,illidan,480,warlock,destruction,6,5,1
35240,Destructium,stormrage,480,warlock,destruction,6,5,1
35241,Leîa,tichondrius,480,warlock,destruction,6,5,1
35242,Cytosine,medivh,480,warlock,destruction,6,5,1
35243,Bolèyn,moon-guard,480,warlock,destruction,6,5,1
35244,Púp,bleeding-hollow,480,warlock,destruction,6,5,1
35245,Felegance,proudmoore,480,warlock,destruction,6,5,1
35246,Mørøs,tichondrius,480,warlock,destruction,6,5,1
35247,Malékíth,ragnaros,480,warlock,destruction,6,5,1
35248,Cloperry,area-52,480,warlock,destruction,6,5,1
35249,Elprup,tichondrius,480,warlock,destruction,6,5,1
35250,Kabroom,boulderfist,480,warlock,destruction,6,5,1
35251,Blorgaflob,thaurissan,480,warlock,destruction,6,5,1
35252,Balencinaga,frostmourne,480,warlock,destruction,6,5,1
35253,Yuckytoetoe,emerald-dream,480,warlock,destruction,6,5,1
35254,Rorvask,area-52,480,warlock,destruction,6,5,1
35255,Ikite,zuljin,480,warlock,destruction,6,5,1
35256,Zakhim,zuljin,480,warlock,destruction,6,5,1
35257,Ohthemisery,sargeras,480,warlock,destruction,6,5,1
35258,Efuc,tichondrius,480,warlock,destruction,6,5,1
35259,Wodwarlock,thrall,480,warlock,destruction,6,5,1
35260,Virûs,vashj,480,warlock,destruction,6,5,1
35261,Xiáoyan,tichondrius,480,warlock,destruction,6,5,1
35262,Cheylock,stormrage,480,warlock,destruction,6,5,1
35263,Michae,tichondrius,480,warlock,destruction,6,5,1
35264,Halfmade,tichondrius,480,warlock,destruction,6,5,1
35265,Corruptblxck,tichondrius,480,warlock,destruction,9,6,3
35266,Shadowflame,skullcrusher,480,warlock,destruction,12,5,7
35267,Lockwell,tichondrius,480,warlock,destruction,12,5,7
35268,Rytaint,emerald-dream,480,warlock,destruction,12,5,7
35269,Gameface,garrosh,480,warlock,destruction,12,5,7
35270,Justganmore,tichondrius,480,warlock,destruction,12,5,7
35271,Stizzy,eredar,480,warlock,destruction,12,5,7
35272,Gnimms,sargeras,480,warlock,destruction,12,5,7
35273,Ascendant,amanthul,480,warlock,destruction,12,5,7
35274,Lildottythot,malganis,480,warlock,destruction,12,5,7
35275,Wediditjoe,kelthuzad,480,warlock,destruction,12,5,7
35276,Pveisboring,tichondrius,480,warlock,destruction,12,5,7
35277,Daremyth,azralon,480,warlock,destruction,12,5,7
35278,Sylvine,korgath,480,warlock,destruction,12,5,7
35279,Darezs,frostmourne,480,warlock,destruction,12,5,7
35280,Bellgrande,shadowmoon,480,warlock,destruction,12,5,7
35281,Macnab,malganis,480,warlock,destruction,12,5,7
35282,Enmama,malganis,480,warlock,destruction,12,5,7
35283,Souljäboy,bleeding-hollow,480,warlock,destruction,12,5,7
35284,Richards,thrall,480,warlock,destruction,12,5,7
35285,Snapp,kelthuzad,480,warlock,destruction,12,5,7
35286,Lockandload,malfurion,480,warlock,destruction,12,5,7
35287,Imhereforrbg,moon-guard,480,warlock,destruction,12,5,7
35288,Archleon,smolderthorn,480,warlock,destruction,12,5,7
35289,Mitryc,illidan,480,warlock,destruction,12,5,7
35290,Koei,tichondrius,480,warlock,destruction,12,5,7
35291,Jankity,kelthuzad,480,warlock,destruction,12,5,7
35292,Redmil,quelthalas,480,warlock,destruction,12,5,7
35293,Locknes,kiljaeden,480,warlock,destruction,12,5,7
35294,Oppaijuggler,tichondrius,480,warlock,destruction,12,5,7
35295,Crashcrash,area-52,480,warlock,destruction,12,5,7
35296,Rainali,tichondrius,480,warlock,destruction,12,5,7
35297,Seraphserius,laughing-skull,480,warlock,destruction,12,5,7
35298,Kubera,mannoroth,480,warlock,destruction,12,5,7
35299,Arkangel,dalvengyr,480,warlock,destruction,12,5,7
35300,Wombogombo,malganis,480,warlock,destruction,12,5,7
35301,Chaoz,aggramar,480,warlock,destruction,12,5,7
35302,Totsdots,blackrock,480,warlock,destruction,12,5,7
35303,Gallynna,moon-guard,480,warlock,destruction,12,5,7
35304,Pontoontim,mugthol,480,warlock,destruction,12,5,7
35305,Errogant,area-52,480,warlock,destruction,12,5,7
35306,Dommön,ragnaros,480,warlock,destruction,12,5,7
35307,Yurick,frostmourne,480,warlock,destruction,12,5,7
35308,Topboypepito,tichondrius,480,warlock,destruction,12,5,7
35309,Daemonixx,vashj,480,warlock,destruction,12,5,7
35310,Sukmalock,proudmoore,480,warlock,destruction,15,6,9
35311,Ëliphas,tichondrius,480,warlock,destruction,18,5,13
35312,Corezach,proudmoore,480,warlock,destruction,18,5,13
35313,Osteogenesis,quelthalas,479,warlock,destruction,12,5,7
35314,Grix,uldaman,479,warlock,destruction,12,5,7
35315,Loccdawg,laughing-skull,479,warlock,destruction,12,5,7
35316,Kelici,borean-tundra,479,warlock,destruction,12,5,7
35317,Esmaldo,tichondrius,479,warlock,destruction,12,5,7
35318,Vordz,amanthul,479,warlock,destruction,12,5,7
35319,Stallrooks,moon-guard,479,warlock,destruction,12,5,7
35320,Fearndot,draenor,479,warlock,destruction,15,6,9
35321,Daemonddred,hakkar,479,warlock,destruction,18,5,13
35322,Giled,runetotem,478,warlock,destruction,12,5,7
35323,Saintvil,drakkari,477,warlock,destruction,6,5,1
35324,Casusita,area-52,472,warlock,destruction,12,5,7
35325,Klapincheeks,malganis,468,warlock,destruction,38,8,30
35326,Viejitaa,quelthalas,447,warlock,destruction,10,6,4
35327,Døtbomb,stormrage,447,warlock,destruction,11,5,6
35328,Britnyfears,korgath,447,warlock,destruction,16,5,11
35329,Heizx,area-52,432,warlock,destruction,15,5,10
35330,Brútek,moon-guard,431,warlock,destruction,11,5,6
35331,Empowerdlock,garrosh,416,warlock,destruction,10,5,5
35332,Gorontar,kelthuzad,415,warlock,destruction,14,5,9
35333,Thelynx,chogall,384,warlock,destruction,6,4,2
35334,Saruon,proudmoore,384,warlock,destruction,6,4,2
35335,Toomanymind,stormrage,384,warlock,destruction,6,4,2
35336,Chumbing,sargeras,384,warlock,destruction,6,4,2
35337,Slappndemons,mugthol,384,warlock,destruction,6,4,2
35338,Lîlý,bleeding-hollow,384,warlock,destruction,6,4,2
35339,Phreekish,bleeding-hollow,384,warlock,destruction,6,4,2
35340,Espanol,magtheridon,384,warlock,destruction,6,4,2
35341,Moramont,stormrage,384,warlock,destruction,6,4,2
35342,Norastrum,area-52,384,warlock,destruction,6,4,2
35343,Sprenn,bleeding-hollow,384,warlock,destruction,6,4,2
35344,Mailerdaemön,proudmoore,384,warlock,destruction,6,4,2
35345,Donttouchme,azralon,384,warlock,destruction,6,4,2
35346,Demonchurch,area-52,384,warlock,destruction,6,4,2
35347,Galtur,azralon,384,warlock,destruction,6,4,2
35348,Souwantwar,kiljaeden,384,warlock,destruction,6,4,2
35349,Siltharious,senjin,384,warlock,destruction,6,4,2
35350,Smnslock,emerald-dream,384,warlock,destruction,6,4,2
35351,Rodneyjones,emerald-dream,384,warlock,destruction,6,4,2
35352,Adøràßøltz,tichondrius,384,warlock,destruction,6,4,2
35353,Iamfear,shuhalo,384,warlock,destruction,6,4,2
35354,Drakatat,tichondrius,384,warlock,destruction,6,4,2
35355,Pegorn,illidan,384,warlock,destruction,6,4,2
35356,Zzat,area-52,384,warlock,destruction,6,4,2
35357,Damienn,wyrmrest-accord,384,warlock,destruction,6,4,2
35358,Asalaviik,illidan,384,warlock,destruction,6,4,2
35359,Crnowarlock,area-52,384,warlock,destruction,6,4,2
35360,Fearoshimá,thrall,384,warlock,destruction,6,4,2
35361,Jerothia,lethon,384,warlock,destruction,6,4,2
35362,Rendori,the-scryers,384,warlock,destruction,6,4,2
35363,Extreme,blackwing-lair,384,warlock,destruction,6,4,2
35364,Khaos,norgannon,384,warlock,destruction,6,4,2
35365,Underchicken,blackrock,384,warlock,destruction,6,4,2
35366,Zver,drakkari,384,warlock,destruction,6,4,2
35367,Menedemus,amanthul,384,warlock,destruction,6,4,2
35368,Sheetzlock,azgalor,384,warlock,destruction,6,4,2
35369,Yëët,wildhammer,384,warlock,destruction,6,4,2
35370,Lockiana,zuljin,384,warlock,destruction,6,4,2
35371,Ñever,winterhoof,384,warlock,destruction,6,4,2
35372,Dotsamoray,frostmourne,384,warlock,destruction,6,4,2
35373,Outkãst,illidan,384,warlock,destruction,6,4,2
35374,Elcidoo,tichondrius,384,warlock,destruction,6,4,2
35375,Solöw,tichondrius,384,warlock,destruction,6,4,2
35376,Frem,eonar,384,warlock,destruction,6,4,2
35377,Hollowl,tichondrius,384,warlock,destruction,6,4,2
35378,Calcadius,zuljin,384,warlock,destruction,6,4,2
35379,Wreckquiem,burning-blade,384,warlock,destruction,6,4,2
35380,Rhelialock,icecrown,384,warlock,destruction,6,4,2
35381,Smallj,zuljin,384,warlock,destruction,6,4,2
35382,Biger,nemesis,384,warlock,destruction,6,4,2
35383,Magvezx,kelthuzad,384,warlock,destruction,6,4,2
35384,Raven,baelgun,384,warlock,destruction,6,4,2
35385,Wiredftwx,illidan,384,warlock,destruction,6,4,2
35386,Zonss,tichondrius,384,warlock,destruction,6,4,2
35387,Litemeatlary,kelthuzad,384,warlock,destruction,6,4,2
35388,Tsmcfker,tichondrius,384,warlock,destruction,6,4,2
35389,Fatherbolt,tichondrius,384,warlock,destruction,6,4,2
35390,Drgiggles,tichondrius,384,warlock,destruction,6,4,2
35391,Thinkchair,sargeras,384,warlock,destruction,6,4,2
35392,Xlilgee,kelthuzad,384,warlock,destruction,6,4,2
35393,Leroybrown,alterac-mountains,384,warlock,destruction,6,4,2
35394,Fullmelt,azjolnerub,384,warlock,destruction,6,4,2
35395,Crackhammer,sargeras,384,warlock,destruction,6,4,2
35396,Deathtones,moon-guard,384,warlock,destruction,6,4,2
35397,Wallzz,stormrage,384,warlock,destruction,6,4,2
35398,Gordoxin,area-52,384,warlock,destruction,6,4,2
35399,Doubledigit,tichondrius,384,warlock,destruction,6,4,2
35400,Cønsfèáracy,sargeras,384,warlock,destruction,6,4,2
35401,Qfear,tichondrius,384,warlock,destruction,6,4,2
35402,Kerrigan,the-venture-co,384,warlock,destruction,6,4,2
35403,Quetzâlcoâtl,sargeras,384,warlock,destruction,6,4,2
35404,Afflackxl,sargeras,384,warlock,destruction,6,4,2
35405,Laytome,stormreaver,384,warlock,destruction,6,4,2
35406,Deathcoill,frostmourne,384,warlock,destruction,6,4,2
35407,Arredivh,blackhand,384,warlock,destruction,6,4,2
35408,Eatmybeef,ravencrest,384,warlock,destruction,6,4,2
35409,Eazyw,stormrage,384,warlock,destruction,6,4,2
35410,Asiopdu,tichondrius,384,warlock,destruction,6,4,2
35411,Dottcom,laughing-skull,384,warlock,destruction,6,4,2
35412,Tuugadark,echo-isles,384,warlock,destruction,6,4,2
35413,Wømanizer,azralon,384,warlock,destruction,6,4,2
35414,Ozidus,tichondrius,384,warlock,destruction,6,4,2
35415,Ðarkbat,ragnaros,384,warlock,destruction,6,4,2
35416,Superspreadr,silvermoon,384,warlock,destruction,6,4,2
35417,Synisterlock,moon-guard,384,warlock,destruction,6,4,2
35418,Woofbolt,malganis,384,warlock,destruction,6,4,2
35419,Antigotenent,sargeras,384,warlock,destruction,6,4,2
35420,Jxstinl,tichondrius,384,warlock,destruction,6,4,2
35421,Necrotko,malganis,384,warlock,destruction,6,4,2
35422,Anthaxel,dalaran,384,warlock,destruction,6,4,2
35423,Balden,fenris,384,warlock,destruction,6,4,2
35424,Stambye,ragnaros,384,warlock,destruction,6,4,2
35425,Ardamelech,quelthalas,384,warlock,destruction,6,4,2
35426,Kroshuto,ragnaros,384,warlock,destruction,6,4,2
35427,Cursebolt,tichondrius,384,warlock,destruction,6,4,2
35428,Roota,dalaran,384,warlock,destruction,6,4,2
35429,Dottzie,malganis,384,warlock,destruction,6,4,2
35430,Warfeen,malganis,384,warlock,destruction,6,4,2
35431,Tizzy,malganis,384,warlock,destruction,6,4,2
35432,Deebeel,sargeras,384,warlock,destruction,6,4,2
35433,Cowboydann,malganis,384,warlock,destruction,6,4,2
35434,Agla,quelthalas,384,warlock,destruction,6,4,2
35435,Beerbolt,dalaran,384,warlock,destruction,6,4,2
35436,Syraxi,illidan,384,warlock,destruction,6,4,2
35437,Hawtchili,illidan,384,warlock,destruction,6,4,2
35438,Sumondeznuts,wyrmrest-accord,384,warlock,destruction,9,5,4
35439,Renatis,malganis,384,warlock,destruction,9,5,4
35440,Deathboltx,zuljin,384,warlock,destruction,9,5,4
35441,Ahp,stormrage,384,warlock,destruction,9,5,4
35442,Meathat,gorefiend,384,warlock,destruction,9,5,4
35443,Krozu,bleeding-hollow,384,warlock,destruction,12,4,8
35444,Jáws,zuljin,384,warlock,destruction,12,4,8
35445,Evarona,gorefiend,384,warlock,destruction,12,4,8
35446,Rumpology,illidan,384,warlock,destruction,12,4,8
35447,Medraut,wyrmrest-accord,384,warlock,destruction,12,4,8
35448,Puddulz,thrall,384,warlock,destruction,12,4,8
35449,Catastrophk,malganis,384,warlock,destruction,12,4,8
35450,Cursedoll,ragnaros,384,warlock,destruction,12,4,8
35451,Regent,nemesis,384,warlock,destruction,12,4,8
35452,Mokushiroku,trollbane,384,warlock,destruction,12,4,8
35453,Aededa,proudmoore,384,warlock,destruction,12,4,8
35454,Nazrakin,malganis,384,warlock,destruction,12,4,8
35455,Pãni,area-52,384,warlock,destruction,12,4,8
35456,Praemonium,dalaran,384,warlock,destruction,12,4,8
35457,Awangdemon,tichondrius,384,warlock,destruction,12,4,8
35458,Letsfckingo,tichondrius,384,warlock,destruction,12,4,8
35459,Damerus,illidan,384,warlock,destruction,12,4,8
35460,Overlard,illidan,384,warlock,destruction,12,4,8
35461,Darksòúl,stormrage,384,warlock,destruction,12,4,8
35462,Mostlyundead,darkspear,384,warlock,destruction,12,4,8
35463,Destructing,hyjal,384,warlock,destruction,12,4,8
35464,Soulinite,fizzcrank,384,warlock,destruction,12,4,8
35465,Perfidien,tichondrius,384,warlock,destruction,12,4,8
35466,Kholdstarev,thunderlord,384,warlock,destruction,12,4,8
35467,Spacedots,illidan,384,warlock,destruction,12,4,8
35468,Poisondeepnu,malganis,384,warlock,destruction,12,4,8
35469,Offendor,stormrage,384,warlock,destruction,12,4,8
35470,Giggideez,bleeding-hollow,384,warlock,destruction,12,4,8
35471,Threk,quelthalas,384,warlock,destruction,12,4,8
35472,Hateslocks,bladefist,384,warlock,destruction,12,4,8
35473,Oxylock,magtheridon,384,warlock,destruction,12,4,8
35474,Blumercricet,stormrage,384,warlock,destruction,12,4,8
35475,Carcine,frostwolf,384,warlock,destruction,12,4,8
35476,Ktlock,frostmourne,384,warlock,destruction,12,4,8
35477,Flocka,agamaggan,384,warlock,destruction,12,4,8
35478,Dotsandchill,dalaran,384,warlock,destruction,12,4,8
35479,Syileria,frostmourne,384,warlock,destruction,12,4,8
35480,Pitou,akama,384,warlock,destruction,12,4,8
35481,Daedayus,frostwolf,384,warlock,destruction,12,4,8
35482,Dotington,frostmourne,384,warlock,destruction,12,4,8
35483,Lønewølf,sargeras,384,warlock,destruction,12,4,8
35484,Capslockfury,frostmourne,384,warlock,destruction,12,4,8
35485,Tarth,sargeras,384,warlock,destruction,12,4,8
35486,Stepmommie,moon-guard,384,warlock,destruction,12,4,8
35487,Fowll,frostwolf,384,warlock,destruction,12,4,8
35488,Mozbet,kiljaeden,384,warlock,destruction,13,4,9
35489,Pvman,onyxia,384,warlock,destruction,18,4,14
35490,Ravikk,dalaran,384,warlock,destruction,18,4,14
35491,Gorski,frostwolf,383,warlock,destruction,6,4,2
35492,Halkroz,nathrezim,383,warlock,destruction,6,4,2
35493,Thulium,dawnbringer,383,warlock,destruction,6,4,2
35494,Destroyaz,stormreaver,383,warlock,destruction,6,4,2
35495,Downing,drakkari,383,warlock,destruction,12,4,8
35496,Asheräh,stormrage,383,warlock,destruction,12,4,8
35497,Fearanddots,moon-guard,383,warlock,destruction,12,4,8
35498,Kurmenos,uldum,382,warlock,destruction,6,4,2
35499,Mageline,thrall,382,warlock,destruction,18,4,14
35500,Fartonomus,illidan,381,warlock,destruction,12,4,8
35501,Valintine,khadgar,367,warlock,destruction,9,5,4
35502,Vanvídd,ragnaros,351,warlock,destruction,11,4,7
35503,Gobbledeez,moknathal,349,warlock,destruction,19,5,14
35504,Gyxx,exodar,336,warlock,destruction,9,4,5
35505,Tangslock,skullcrusher,335,warlock,destruction,11,4,7
35506,Lockazo,quelthalas,330,warlock,destruction,11,6,5
35507,Sooshi,malganis,330,warlock,destruction,11,6,5
35508,Sojulord,sargeras,320,warlock,destruction,10,4,6
35509,Saintläurent,bleeding-hollow,319,warlock,destruction,5,4,1
35510,Fancynuts,kiljaeden,319,warlock,destruction,5,4,1
35511,Jackscar,windrunner,319,warlock,destruction,5,4,1
35512,Velsona,moon-guard,319,warlock,destruction,8,4,4
35513,Lockedyaup,skullcrusher,319,warlock,destruction,8,4,4
35514,Valkynaris,chogall,319,warlock,destruction,14,4,10
35515,Nutzosaurus,darkspear,288,warlock,destruction,6,3,3
35516,Siphoned,darkspear,288,warlock,destruction,6,3,3
35517,Amuros,illidan,288,warlock,destruction,6,3,3
35518,Ratedtorgast,illidan,288,warlock,destruction,6,3,3
35519,Yuvirayz,illidan,288,warlock,destruction,6,3,3
35520,Felsgoodman,illidan,288,warlock,destruction,6,3,3
35521,Pikvas,darkspear,288,warlock,destruction,6,3,3
35522,Ärminvßuurën,barthilas,288,warlock,destruction,6,3,3
35523,Dìpndots,wyrmrest-accord,288,warlock,destruction,6,3,3
35524,Gurlock,illidan,288,warlock,destruction,6,3,3
35525,Papablasty,nagrand,288,warlock,destruction,6,3,3
35526,Dashaad,illidan,288,warlock,destruction,6,3,3
35527,Youkeyoh,illidan,288,warlock,destruction,6,3,3
35528,Lübelock,illidan,288,warlock,destruction,6,3,3
35529,Mastroguise,illidan,288,warlock,destruction,6,3,3
35530,Velvalla,chogall,288,warlock,destruction,6,3,3
35531,Borudo,thrall,288,warlock,destruction,6,3,3
35532,Avadakedavra,warsong,288,warlock,destruction,6,3,3
35533,Ðëâthløck,tichondrius,288,warlock,destruction,6,3,3
35534,Nihilus,anvilmar,288,warlock,destruction,6,3,3
35535,Fatals,thrall,288,warlock,destruction,6,3,3
35536,Vxms,barthilas,288,warlock,destruction,6,3,3
35537,Sweetjezuz,barthilas,288,warlock,destruction,6,3,3
35538,Saffuky,frostmourne,288,warlock,destruction,6,3,3
35539,Rumplefust,thrall,288,warlock,destruction,6,3,3
35540,Zalurk,emerald-dream,288,warlock,destruction,6,3,3
35541,Ceeloftw,tichondrius,288,warlock,destruction,6,3,3
35542,Merlinsbeard,zuluhed,288,warlock,destruction,6,3,3
35543,Darthzugzug,gorefiend,288,warlock,destruction,6,3,3
35544,Hairydottr,malganis,288,warlock,destruction,6,3,3
35545,Slothdots,tichondrius,288,warlock,destruction,6,3,3
35546,Shadow,frostwolf,288,warlock,destruction,6,3,3
35547,Sanzofunke,area-52,288,warlock,destruction,6,3,3
35548,Ragnorök,medivh,288,warlock,destruction,6,3,3
35549,Mamabolts,kelthuzad,288,warlock,destruction,6,3,3
35550,Larsiezwei,spirestone,288,warlock,destruction,6,3,3
35551,Ghettobeluga,area-52,288,warlock,destruction,6,3,3
35552,Niétzsché,emerald-dream,288,warlock,destruction,6,3,3
35553,Milkybøng,area-52,288,warlock,destruction,6,3,3
35554,Kronman,zuluhed,288,warlock,destruction,6,3,3
35555,Silkxy,frostwolf,288,warlock,destruction,6,3,3
35556,Warlockluo,tichondrius,288,warlock,destruction,6,3,3
35557,Deejaye,frostmourne,288,warlock,destruction,6,3,3
35558,Aruotnof,nemesis,288,warlock,destruction,6,3,3
35559,Speakeasy,malygos,288,warlock,destruction,6,3,3
35560,Ägnar,nemesis,288,warlock,destruction,6,3,3
35561,Ñevaeh,emerald-dream,288,warlock,destruction,6,3,3
35562,Desconjuro,nemesis,288,warlock,destruction,6,3,3
35563,Poggyjones,tichondrius,288,warlock,destruction,6,3,3
35564,Dluttysots,emerald-dream,288,warlock,destruction,6,3,3
35565,Rockalock,burning-blade,288,warlock,destruction,6,3,3
35566,Mfcalamity,uldum,288,warlock,destruction,6,3,3
35567,Cancer,bloodscalp,288,warlock,destruction,6,3,3
35568,Peterdotz,whisperwind,288,warlock,destruction,6,3,3
35569,Æsidius,tichondrius,288,warlock,destruction,6,3,3
35570,Souldotz,proudmoore,288,warlock,destruction,6,3,3
35571,Dotbot,blades-edge,288,warlock,destruction,6,3,3
35572,Neversoft,bleeding-hollow,288,warlock,destruction,6,3,3
35573,Ðáyshéll,kelthuzad,288,warlock,destruction,6,3,3
35574,Voldamorte,tichondrius,288,warlock,destruction,6,3,3
35575,Ijustsharded,area-52,288,warlock,destruction,6,3,3
35576,Jishtructo,frostmourne,288,warlock,destruction,6,3,3
35577,Blakedogx,tichondrius,288,warlock,destruction,6,3,3
35578,Chesterfear,quelthalas,288,warlock,destruction,6,3,3
35579,Buttkins,tichondrius,288,warlock,destruction,6,3,3
35580,Blaxzlock,stormscale,288,warlock,destruction,6,3,3
35581,Oleg,bleeding-hollow,288,warlock,destruction,6,3,3
35582,Jerclard,proudmoore,288,warlock,destruction,6,3,3
35583,Lockabeesha,chogall,288,warlock,destruction,6,3,3
35584,Tiptonb,tichondrius,288,warlock,destruction,6,3,3
35585,Pheríe,sargeras,288,warlock,destruction,6,3,3
35586,Markov,goldrinn,288,warlock,destruction,6,3,3
35587,Voldormort,uldaman,288,warlock,destruction,6,3,3
35588,Itsawarlock,thunderlord,288,warlock,destruction,6,3,3
35589,Devi,destromath,288,warlock,destruction,6,3,3
35590,Feeltheviibe,zuljin,288,warlock,destruction,6,3,3
35591,Unquit,frostmourne,288,warlock,destruction,6,3,3
35592,Blastindotz,frostmane,288,warlock,destruction,6,3,3
35593,Imports,tichondrius,288,warlock,destruction,6,3,3
35594,Hamdulla,tichondrius,288,warlock,destruction,6,3,3
35595,Dogcookie,moon-guard,288,warlock,destruction,6,3,3
35596,Héllboy,akama,288,warlock,destruction,6,3,3
35597,Fatass,cairne,288,warlock,destruction,6,3,3
35598,Feartool,stormrage,288,warlock,destruction,6,3,3
35599,Phénom,tichondrius,288,warlock,destruction,6,3,3
35600,Vasqu,stormrage,288,warlock,destruction,6,3,3
35601,Maledictivus,stormrage,288,warlock,destruction,6,3,3
35602,Pillçosby,tichondrius,288,warlock,destruction,6,3,3
35603,Ökïlôck,proudmoore,288,warlock,destruction,6,3,3
35604,Shawzyy,tichondrius,288,warlock,destruction,6,3,3
35605,Embraces,tichondrius,288,warlock,destruction,6,3,3
35606,Shâdowman,stormrage,288,warlock,destruction,6,3,3
35607,Warlocknroll,frostmourne,288,warlock,destruction,6,3,3
35608,Fungiforest,kelthuzad,288,warlock,destruction,6,3,3
35609,Sàill,tichondrius,288,warlock,destruction,6,3,3
35610,Zuelu,tichondrius,288,warlock,destruction,6,3,3
35611,Odelgabiana,area-52,288,warlock,destruction,6,3,3
35612,Espanyolo,zuljin,288,warlock,destruction,6,3,3
35613,Xephostwo,area-52,288,warlock,destruction,6,3,3
35614,Gingerlock,stonemaul,288,warlock,destruction,6,3,3
35615,Warlooch,area-52,288,warlock,destruction,6,3,3
35616,Xblessed,stormrage,288,warlock,destruction,6,3,3
35617,Wondon,tichondrius,288,warlock,destruction,6,3,3
35618,Joung,tichondrius,288,warlock,destruction,6,3,3
35619,Tomathus,moon-guard,288,warlock,destruction,6,3,3
35620,Metaphors,stormrage,288,warlock,destruction,6,3,3
35621,Ganondolph,sargeras,288,warlock,destruction,6,3,3
35622,Fearedit,bleeding-hollow,288,warlock,destruction,6,3,3
35623,Vampydark,quelthalas,288,warlock,destruction,6,3,3
35624,Háydn,azuremyst,288,warlock,destruction,6,3,3
35625,Ciprýan,azralon,288,warlock,destruction,6,3,3
35626,Karter,anetheron,288,warlock,destruction,6,3,3
35627,Lillpfudd,area-52,288,warlock,destruction,6,3,3
35628,Maleficist,bleeding-hollow,288,warlock,destruction,6,3,3
35629,Carpedemon,malganis,288,warlock,destruction,6,3,3
35630,Creedmore,sargeras,288,warlock,destruction,6,3,3
35631,Nòpê,tichondrius,288,warlock,destruction,6,3,3
35632,Striga,staghelm,288,warlock,destruction,6,3,3
35633,Pennÿ,quelthalas,288,warlock,destruction,6,3,3
35634,Famouslos,anetheron,288,warlock,destruction,6,3,3
35635,Toxicatedz,azralon,288,warlock,destruction,6,3,3
35636,Trainwreck,sargeras,288,warlock,destruction,6,3,3
35637,Enaria,queldorei,288,warlock,destruction,6,3,3
35638,Bhalthazar,staghelm,288,warlock,destruction,6,3,3
35639,Pocserlock,drakkari,288,warlock,destruction,6,3,3
35640,Dohmie,argent-dawn,288,warlock,destruction,6,3,3
35641,Cocoabuttâ,stormrage,288,warlock,destruction,6,3,3
35642,Uwubolt,moon-guard,288,warlock,destruction,6,3,3
35643,Drelgun,aerie-peak,288,warlock,destruction,6,3,3
35644,Bunami,kiljaeden,288,warlock,destruction,6,3,3
35645,Atheô,ragnaros,288,warlock,destruction,6,3,3
35646,Rerolledfotm,sargeras,288,warlock,destruction,6,3,3
35647,Eiram,ragnaros,288,warlock,destruction,6,3,3
35648,Muchopower,ragnaros,288,warlock,destruction,6,3,3
35649,Crucifieds,tichondrius,288,warlock,destruction,6,3,3
35650,Anastadora,proudmoore,288,warlock,destruction,6,3,3
35651,Nismo,trollbane,288,warlock,destruction,6,3,3
35652,Hauntgød,tichondrius,288,warlock,destruction,6,3,3
35653,Reyaena,moon-guard,288,warlock,destruction,6,3,3
35654,Tamzlock,the-forgotten-coast,288,warlock,destruction,6,3,3
35655,Famelol,tichondrius,288,warlock,destruction,6,3,3
35656,Amauder,moon-guard,288,warlock,destruction,6,3,3
35657,Gotfear,zuljin,288,warlock,destruction,6,3,3
35658,Geofar,bleeding-hollow,288,warlock,destruction,6,3,3
35659,Ÿoucantwin,kiljaeden,288,warlock,destruction,6,3,3
35660,Gasgrassnass,sargeras,288,warlock,destruction,6,3,3
35661,Meltingface,bleeding-hollow,288,warlock,destruction,6,3,3
35662,Astarothe,proudmoore,288,warlock,destruction,6,3,3
35663,Taldaroth,moon-guard,288,warlock,destruction,7,3,4
35664,Ellipsispain,bleeding-hollow,288,warlock,destruction,7,3,4
35665,Fluximilian,azralon,288,warlock,destruction,10,4,6
35666,Dampenedx,bleeding-hollow,288,warlock,destruction,10,4,6
35667,Gorgaron,zuljin,288,warlock,destruction,12,3,9
35668,Mireffect,auchindoun,288,warlock,destruction,12,3,9
35669,Drwolfman,bonechewer,288,warlock,destruction,12,3,9
35670,Prelick,illidan,288,warlock,destruction,12,3,9
35671,Wickedt,ragnaros,288,warlock,destruction,12,3,9
35672,Zeeref,stormrage,288,warlock,destruction,12,3,9
35673,Darkhadouken,sargeras,288,warlock,destruction,12,3,9
35674,Demonâ,ragnaros,288,warlock,destruction,12,3,9
35675,Sankestones,burning-legion,288,warlock,destruction,12,3,9
35676,Shaddaj,illidan,288,warlock,destruction,12,3,9
35677,Wyrelock,hyjal,288,warlock,destruction,12,3,9
35678,Gotty,stormrage,288,warlock,destruction,12,3,9
35679,Hachiui,galakrond,288,warlock,destruction,12,3,9
35680,Trotndot,dragonmaw,288,warlock,destruction,12,3,9
35681,Reluxify,dalaran,288,warlock,destruction,12,3,9
35682,Rabiesdot,tichondrius,288,warlock,destruction,12,3,9
35683,Feladrae,wyrmrest-accord,288,warlock,destruction,12,3,9
35684,Fearfactory,lethon,288,warlock,destruction,12,3,9
35685,Fazzlock,nagrand,288,warlock,destruction,12,3,9
35686,Gdpx,malganis,288,warlock,destruction,12,3,9
35687,Cexdragon,tichondrius,288,warlock,destruction,14,3,11
35688,Gulliftonan,zuljin,288,warlock,destruction,18,3,15
35689,Izmadara,frostmane,287,warlock,destruction,6,3,3
35690,Verybaked,sargeras,287,warlock,destruction,6,3,3
35691,Kklock,frostmourne,287,warlock,destruction,6,3,3
35692,Infortunium,sargeras,287,warlock,destruction,6,3,3
35693,Brenmen,tichondrius,287,warlock,destruction,6,3,3
35694,Trrolling,jubeithos,287,warlock,destruction,12,5,7
35695,Alvatio,tichondrius,287,warlock,destruction,12,3,9
35696,Evilbacon,stormrage,287,warlock,destruction,12,3,9
35697,Elyzier,gallywix,286,warlock,destruction,12,3,9
35698,Drunklockdot,tichondrius,271,warlock,destruction,11,3,8
35699,Ainzeal,nagrand,256,warlock,destruction,4,4,0
35700,Sophia,wildhammer,255,warlock,destruction,8,4,4
35701,Mikejones,dawnbringer,255,warlock,destruction,14,4,10
35702,Draisien,moon-guard,250,warlock,destruction,7,5,2
35703,Blightbeast,area-52,239,warlock,destruction,5,3,2
35704,Infectionl,ragnaros,239,warlock,destruction,5,3,2
35705,Lustyclam,tichondrius,239,warlock,destruction,5,3,2
35706,Nawtychannel,aegwynn,239,warlock,destruction,5,3,2
35707,Nozixx,thrall,224,warlock,destruction,10,3,7
35708,Particles,proudmoore,192,warlock,destruction,4,3,1
35709,Perfidious,altar-of-storms,192,warlock,destruction,4,3,1
35710,Gregfearnrun,area-52,192,warlock,destruction,4,3,1
35711,Mldxd,undermine,192,warlock,destruction,4,3,1
35712,Portalgun,tichondrius,192,warlock,destruction,4,3,1
35713,Draindeez,sargeras,192,warlock,destruction,9,3,6
35714,Yungwilly,silvermoon,192,warlock,destruction,6,2,4
35715,Nuradzec,illidan,192,warlock,destruction,6,2,4
35716,Royalmace,dethecus,192,warlock,destruction,6,2,4
35717,Morganith,ravenholdt,192,warlock,destruction,6,2,4
35718,Leine,proudmoore,192,warlock,destruction,6,2,4
35719,Ibanez,bleeding-hollow,192,warlock,destruction,6,2,4
35720,Sinissa,ysondre,192,warlock,destruction,6,2,4
35721,Sinsky,darkspear,192,warlock,destruction,6,2,4
35722,Leno,twisting-nether,192,warlock,destruction,6,2,4
35723,Lolokayhaha,vashj,192,warlock,destruction,6,2,4
35724,Zoboo,zuljin,192,warlock,destruction,6,2,4
35725,Sinnâcle,illidan,192,warlock,destruction,6,2,4
35726,Iadminl,moon-guard,192,warlock,destruction,6,2,4
35727,Checkit,zuljin,192,warlock,destruction,6,2,4
35728,Nazug,dark-iron,192,warlock,destruction,6,2,4
35729,Asaveyous,wyrmrest-accord,192,warlock,destruction,6,2,4
35730,Klisman,azralon,192,warlock,destruction,6,2,4
35731,Albuuss,daggerspine,192,warlock,destruction,6,2,4
35732,Fstndantilus,moonrunner,192,warlock,destruction,6,2,4
35733,Sorenbjerga,zuljin,192,warlock,destruction,6,2,4
35734,Cholock,anubarak,192,warlock,destruction,6,2,4
35735,Lhorgainz,area-52,192,warlock,destruction,6,2,4
35736,Nameflagged,arathor,192,warlock,destruction,6,2,4
35737,Imindanger,frostmourne,192,warlock,destruction,6,2,4
35738,Hadeys,amanthul,192,warlock,destruction,6,2,4
35739,Fantumz,illidan,192,warlock,destruction,6,2,4
35740,Guisls,azralon,192,warlock,destruction,6,2,4
35741,Diabolock,proudmoore,192,warlock,destruction,6,2,4
35742,Brawndelock,stormrage,192,warlock,destruction,6,2,4
35743,Fluffylockk,bloodscalp,192,warlock,destruction,6,2,4
35744,Demonia,dathremar,192,warlock,destruction,6,2,4
35745,Spicyfingers,illidan,192,warlock,destruction,6,2,4
35746,Loçkshow,hyjal,192,warlock,destruction,6,2,4
35747,Æonas,bladefist,192,warlock,destruction,6,2,4
35748,Disapoin,stormrage,192,warlock,destruction,6,2,4
35749,Muffinlol,frostmourne,192,warlock,destruction,6,2,4
35750,Reckzet,stormrage,192,warlock,destruction,6,2,4
35751,Sulívan,azralon,192,warlock,destruction,6,2,4
35752,Gadalann,area-52,192,warlock,destruction,6,2,4
35753,Kelthutard,area-52,192,warlock,destruction,6,2,4
35754,Pinguswalrus,stormrage,192,warlock,destruction,6,2,4
35755,Oopsíe,nagrand,192,warlock,destruction,6,2,4
35756,Njunx,queldorei,192,warlock,destruction,6,2,4
35757,Stîgz,stormrage,192,warlock,destruction,6,2,4
35758,Locksama,area-52,192,warlock,destruction,6,2,4
35759,Becà,stormrage,192,warlock,destruction,6,2,4
35760,Qbl,wyrmrest-accord,192,warlock,destruction,6,2,4
35761,Shanelle,korgath,192,warlock,destruction,6,2,4
35762,Vetic,area-52,192,warlock,destruction,6,2,4
35763,Mutexlock,whisperwind,192,warlock,destruction,6,2,4
35764,Dach,moon-guard,192,warlock,destruction,6,2,4
35765,Sugarfire,nemesis,192,warlock,destruction,6,2,4
35766,Fjklock,nemesis,192,warlock,destruction,6,2,4
35767,Apokálipse,frostmourne,192,warlock,destruction,6,2,4
35768,Darkbaron,khadgar,192,warlock,destruction,6,2,4
35769,Cthuga,frostmourne,192,warlock,destruction,6,2,4
35770,Sathorastus,spirestone,192,warlock,destruction,6,2,4
35771,Lazzie,thrall,192,warlock,destruction,6,2,4
35772,Mothapucka,thrall,192,warlock,destruction,6,2,4
35773,Arthürr,thrall,192,warlock,destruction,6,2,4
35774,Theredwolf,zuljin,192,warlock,destruction,6,2,4
35775,Itzlandox,emerald-dream,192,warlock,destruction,6,2,4
35776,Medusablood,area-52,192,warlock,destruction,6,2,4
35777,Gløcked,area-52,192,warlock,destruction,6,2,4
35778,Ðuckworth,azralon,192,warlock,destruction,6,2,4
35779,Gvz,tichondrius,192,warlock,destruction,6,2,4
35780,Adalaya,emerald-dream,192,warlock,destruction,6,2,4
35781,Goldieloc,sargeras,192,warlock,destruction,6,2,4
35782,Outlanderr,tichondrius,192,warlock,destruction,6,2,4
35783,Aliciayd,andorhal,192,warlock,destruction,6,2,4
35784,Bleachkk,tichondrius,192,warlock,destruction,6,2,4
35785,Gihaewon,tichondrius,192,warlock,destruction,6,2,4
35786,Ourlegacy,tichondrius,192,warlock,destruction,6,2,4
35787,Harambê,sargeras,192,warlock,destruction,6,2,4
35788,Xaraki,skullcrusher,192,warlock,destruction,6,2,4
35789,Brillina,windrunner,192,warlock,destruction,6,2,4
35790,Biznam,tichondrius,192,warlock,destruction,6,2,4
35791,Teahourse,tichondrius,192,warlock,destruction,6,2,4
35792,Camila,lightnings-blade,192,warlock,destruction,6,2,4
35793,Marshyxd,tichondrius,192,warlock,destruction,6,2,4
35794,Hollows,burning-blade,192,warlock,destruction,6,2,4
35795,Konarik,nagrand,192,warlock,destruction,6,2,4
35796,Zephiy,kelthuzad,192,warlock,destruction,6,2,4
35797,Raghog,kelthuzad,192,warlock,destruction,6,2,4
35798,Voltshot,tichondrius,192,warlock,destruction,6,2,4
35799,Chipt,kelthuzad,192,warlock,destruction,6,2,4
35800,Lõck,tichondrius,192,warlock,destruction,6,2,4
35801,Montaine,malganis,192,warlock,destruction,6,2,4
35802,Ballpain,sargeras,192,warlock,destruction,6,2,4
35803,Innerforce,tichondrius,192,warlock,destruction,6,2,4
35804,Savemykoalas,tichondrius,192,warlock,destruction,6,2,4
35805,Abbyshapiro,kelthuzad,192,warlock,destruction,6,2,4
35806,Infant,agamaggan,192,warlock,destruction,6,2,4
35807,Mykiel,sargeras,192,warlock,destruction,6,2,4
35808,Yordich,kelthuzad,192,warlock,destruction,6,2,4
35809,Diablox,silvermoon,192,warlock,destruction,6,2,4
35810,Shredlock,tichondrius,192,warlock,destruction,6,2,4
35811,Ozgwad,thunderhorn,192,warlock,destruction,6,2,4
35812,Dotnrunn,kelthuzad,192,warlock,destruction,6,2,4
35813,Startx,tichondrius,192,warlock,destruction,6,2,4
35814,Daesire,moon-guard,192,warlock,destruction,6,2,4
35815,Cynnd,tichondrius,192,warlock,destruction,6,2,4
35816,Azazil,malganis,192,warlock,destruction,6,2,4
35817,Cityswimmer,malganis,192,warlock,destruction,6,2,4
35818,Dotcòm,illidan,192,warlock,destruction,6,2,4
35819,Ramone,turalyon,192,warlock,destruction,6,2,4
35820,Dedremus,korialstrasz,192,warlock,destruction,6,2,4
35821,Tirisfel,tichondrius,192,warlock,destruction,6,2,4
35822,Deiformis,malganis,192,warlock,destruction,6,2,4
35823,Bludlock,illidan,192,warlock,destruction,6,2,4
35824,Terminall,quelthalas,192,warlock,destruction,6,2,4
35825,Ðamndaddy,sargeras,192,warlock,destruction,6,2,4
35826,Omegawarlock,quelthalas,192,warlock,destruction,6,2,4
35827,Theboss,arygos,192,warlock,destruction,6,2,4
35828,Deanwarlock,sargeras,192,warlock,destruction,6,2,4
35829,Theyfearbuda,kelthuzad,192,warlock,destruction,6,2,4
35830,Silverfire,ragnaros,192,warlock,destruction,6,2,4
35831,Åchse,ragnaros,192,warlock,destruction,6,2,4
35832,Ricklock,aggramar,192,warlock,destruction,6,2,4
35833,Dotdoctor,thrall,192,warlock,destruction,9,2,7
35834,Whydemono,tichondrius,192,warlock,destruction,10,2,8
35835,Kandrus,moon-guard,192,warlock,destruction,12,2,10
35836,Dapperdanxy,tichondrius,192,warlock,destruction,12,2,10
35837,Asumi,nemesis,192,warlock,destruction,12,2,10
35838,Wizie,arthas,192,warlock,destruction,12,2,10
35839,Luntrazz,arthas,192,warlock,destruction,12,2,10
35840,Moknuhg,emerald-dream,192,warlock,destruction,12,2,10
35841,Abramerlin,tichondrius,192,warlock,destruction,12,2,10
35842,Bladebank,kirin-tor,192,warlock,destruction,12,2,10
35843,Thediaz,quelthalas,191,warlock,destruction,6,2,4
35844,Mystickittie,aerie-peak,191,warlock,destruction,6,2,4
35845,Eldrien,spirestone,191,warlock,destruction,12,2,10
35846,Hayhatchie,nagrand,159,warlock,destruction,5,2,3
35847,Fearfeaster,tichondrius,159,warlock,destruction,5,2,3
35848,Dotyoazz,stormrage,159,warlock,destruction,5,2,3
35849,Eatmyboltz,hyjal,159,warlock,destruction,5,2,3
35850,Prds,illidan,159,warlock,destruction,5,2,3
35851,Hentailust,kiljaeden,128,warlock,destruction,4,2,2
35852,Thegoatmen,stormrage,128,warlock,destruction,4,2,2
35853,Miggazzizle,senjin,128,warlock,destruction,4,2,2
35854,Rosacrutian,tichondrius,128,warlock,destruction,4,2,2
35855,Oreo,velen,112,warlock,destruction,7,2,5
35856,Goodforyou,stormscale,96,warlock,destruction,3,2,1
35857,Ministàff,ursin,96,warlock,destruction,3,2,1
35858,Crankak,zuljin,96,warlock,destruction,3,2,1
35859,Willsayan,ragnaros,96,warlock,destruction,3,2,1
35860,Rëappér,ragnaros,96,warlock,destruction,6,1,5
35861,Alcorick,moon-guard,96,warlock,destruction,6,1,5
35862,Kaotiq,area-52,96,warlock,destruction,6,1,5
35863,Hinatasu,greymane,96,warlock,destruction,6,1,5
35864,Karpawarlock,ragnaros,96,warlock,destruction,6,1,5
35865,Gamecobra,greymane,96,warlock,destruction,6,1,5
35866,Pspot,kiljaeden,96,warlock,destruction,6,1,5
35867,Gsr,bleeding-hollow,96,warlock,destruction,6,1,5
35868,Vexxes,malganis,96,warlock,destruction,6,1,5
35869,Heffyboi,frostmourne,96,warlock,destruction,6,1,5
35870,Kraguenöth,drakkari,96,warlock,destruction,6,1,5
35871,Plaguedoctor,stormrage,96,warlock,destruction,6,1,5
35872,Lucifuhrerr,tichondrius,96,warlock,destruction,6,1,5
35873,Lawkdown,dark-iron,96,warlock,destruction,6,1,5
35874,Badufin,azralon,96,warlock,destruction,6,1,5
35875,Bfaclâssic,zuljin,96,warlock,destruction,6,1,5
35876,Lokiiee,azuremyst,96,warlock,destruction,6,1,5
35877,Shidded,lightbringer,96,warlock,destruction,6,1,5
35878,Chilevael,sargeras,96,warlock,destruction,6,1,5
35879,Acribal,quelthalas,96,warlock,destruction,6,1,5
35880,Demonist,moon-guard,96,warlock,destruction,6,1,5
35881,Siinistuh,tichondrius,96,warlock,destruction,6,1,5
35882,Lizlock,stormrage,96,warlock,destruction,6,1,5
35883,Monstir,sargeras,96,warlock,destruction,6,1,5
35884,Basticor,moon-guard,96,warlock,destruction,6,1,5
35885,Dotomizer,moonrunner,96,warlock,destruction,6,1,5
35886,Däemön,area-52,96,warlock,destruction,6,1,5
35887,Mcpickl,illidan,96,warlock,destruction,6,1,5
35888,Seutóóbinha,stormrage,96,warlock,destruction,6,1,5
35889,Lockswagger,stormrage,96,warlock,destruction,6,1,5
35890,Tartamuda,ragnaros,96,warlock,destruction,6,1,5
35891,Brothadoinks,zuljin,96,warlock,destruction,6,1,5
35892,Sheara,silver-hand,96,warlock,destruction,6,1,5
35893,Elaïla,area-52,96,warlock,destruction,6,1,5
35894,Proletariat,moon-guard,96,warlock,destruction,6,1,5
35895,Mílkduds,zuljin,96,warlock,destruction,6,1,5
35896,Raebolts,area-52,96,warlock,destruction,6,1,5
35897,Killulock,area-52,96,warlock,destruction,6,1,5
35898,Biigdaddyy,kelthuzad,96,warlock,destruction,6,1,5
35899,Lazymongoose,frostmourne,96,warlock,destruction,6,1,5
35900,Koillock,bleeding-hollow,96,warlock,destruction,6,1,5
35901,Xaryus,barthilas,96,warlock,destruction,6,1,5
35902,Adlfcritler,emerald-dream,96,warlock,destruction,6,1,5
35903,Trïnîty,tichondrius,96,warlock,destruction,6,1,5
35904,Stonelocke,area-52,96,warlock,destruction,6,1,5
35905,Niubeelol,tichondrius,96,warlock,destruction,6,1,5
35906,Scatach,area-52,96,warlock,destruction,6,1,5
35907,Lockedinn,mannoroth,96,warlock,destruction,6,1,5
35908,Bigdoinks,nagrand,96,warlock,destruction,6,1,5
35909,Gulgrin,eldrethalas,96,warlock,destruction,6,1,5
35910,Infear,area-52,96,warlock,destruction,6,1,5
35911,Cornboil,tichondrius,96,warlock,destruction,6,1,5
35912,Vendareth,earthen-ring,96,warlock,destruction,6,1,5
35913,Ezgamejr,tichondrius,96,warlock,destruction,6,1,5
35914,Resima,stormscale,96,warlock,destruction,6,1,5
35915,Wesyane,anetheron,96,warlock,destruction,6,1,5
35916,Demonellea,frostmourne,96,warlock,destruction,6,1,5
35917,Jiwonpark,goldrinn,96,warlock,destruction,6,1,5
35918,Yuengling,illidan,96,warlock,destruction,6,1,5
35919,Lilcarmy,emerald-dream,96,warlock,destruction,6,1,5
35920,Kurtcodrain,blackhand,96,warlock,destruction,6,1,5
35921,Erindevil,demon-soul,96,warlock,destruction,6,1,5
35922,Vandenso,stormrage,96,warlock,destruction,6,1,5
35923,Jill,thunderhorn,96,warlock,destruction,6,1,5
35924,Ensanaty,dalaran,96,warlock,destruction,6,1,5
35925,Darkmatter,frostmourne,96,warlock,destruction,6,1,5
35926,Kothoped,wyrmrest-accord,96,warlock,destruction,6,1,5
35927,Ãids,khadgar,96,warlock,destruction,6,1,5
35928,Voky,whisperwind,96,warlock,destruction,6,1,5
35929,Amour,wyrmrest-accord,96,warlock,destruction,6,1,5
35930,Saytiri,tichondrius,96,warlock,destruction,6,1,5
35931,Charlîe,vashj,96,warlock,destruction,6,1,5
35932,Juwi,frostmourne,96,warlock,destruction,6,1,5
35933,Sailuhh,frostwolf,96,warlock,destruction,6,1,5
35934,Wickedicky,alleria,96,warlock,destruction,6,1,5
35935,Bosshoglock,whisperwind,96,warlock,destruction,6,1,5
35936,Wherelock,area-52,96,warlock,destruction,7,1,6
35937,Beamac,cenarius,96,warlock,destruction,8,1,7
35938,Anubís,vashj,79,warlock,destruction,5,1,4
35939,Epicgaymer,zuljin,79,warlock,destruction,5,1,4
35940,Felse,stormrage,64,warlock,destruction,10,1,9
35941,Thiccdoinkz,tichondrius,63,warlock,destruction,2,2,0
35942,Kosugi,kelthuzad,42,warlock,destruction,8,2,6
35943,Lazzarros,area-52,42,warlock,destruction,10,2,8
35944,Heathncraig,illidan,31,warlock,destruction,2,1,1
35945,Moräl,frostmourne,31,warlock,destruction,2,1,1
35946,Amarexd,stormrage,31,warlock,destruction,2,1,1
35947,Americanbull,moon-guard,2157,warrior,fury,247,133,114
35948,Grimgrip,frostmane,2131,warrior,fury,92,53,39
35949,Joshiman,area-52,2124,warrior,fury,78,42,36
35950,Cabelastwo,tichondrius,2124,warrior,fury,87,46,41
35951,Cabelas,tichondrius,2112,warrior,fury,89,45,44
35952,Thrator,wyrmrest-accord,2110,warrior,fury,108,55,53
35953,Riproarin,stormrage,2105,warrior,fury,92,53,39
35954,Braxxínn,tichondrius,2023,warrior,fury,42,34,8
35955,Sworda,sargeras,2017,warrior,fury,77,48,29
35956,Warqt,kelthuzad,1983,warrior,fury,89,49,40
35957,Gazzef,thrall,1980,warrior,fury,66,38,28
35958,Ragwreck,bleeding-hollow,1959,warrior,fury,68,35,33
35959,Sandronb,illidan,1938,warrior,fury,83,41,42
35960,Eno,ragnaros,1937,warrior,fury,69,46,23
35961,Alabamá,sargeras,1925,warrior,fury,36,21,15
35962,Furrytakeda,kelthuzad,1925,warrior,fury,72,39,33
35963,Wienertoes,tichondrius,1904,warrior,fury,102,55,47
35964,Veevz,proudmoore,1894,warrior,fury,48,26,22
35965,Brodestar,sargeras,1874,warrior,fury,42,28,14
35966,Badvelic,tichondrius,1874,warrior,fury,46,28,18
35967,Shîzu,moon-guard,1868,warrior,fury,102,67,35
35968,Vèév,proudmoore,1867,warrior,fury,56,37,19
35969,Damonadrann,proudmoore,1859,warrior,fury,66,34,32
35970,Lahired,drakkari,1857,warrior,fury,119,54,65
35971,Dowser,goldrinn,1852,warrior,fury,131,69,62
35972,Melifehorde,tichondrius,1848,warrior,fury,216,110,106
35973,Cannabiddies,illidan,1845,warrior,fury,42,22,20
35974,Larrybiscuit,moon-guard,1839,warrior,fury,156,95,61
35975,Hlt,tichondrius,1839,warrior,fury,54,31,23
35976,Esilox,area-52,1836,warrior,fury,42,28,14
35977,Jenjang,proudmoore,1834,warrior,fury,83,52,31
35978,Zanzaa,sargeras,1830,warrior,fury,67,37,30
35979,Brainhaze,tichondrius,1829,warrior,fury,36,21,15
35980,Ragwreckz,bleeding-hollow,1826,warrior,fury,52,32,20
35981,Soymong,frostmourne,1825,warrior,fury,116,74,42
35982,Mty,tichondrius,1824,warrior,fury,54,35,19
35983,Szauren,stormrage,1824,warrior,fury,63,31,32
35984,Apocalyptist,stormrage,1821,warrior,fury,99,58,41
35985,Bosswin,tichondrius,1820,warrior,fury,53,28,25
35986,Skyja,quelthalas,1820,warrior,fury,42,22,20
35987,Gorehardt,illidan,1820,warrior,fury,48,22,26
35988,Veyrin,stormrage,1818,warrior,fury,138,81,57
35989,Isahri,moon-guard,1818,warrior,fury,110,64,46
35990,Orchilles,illidan,1817,warrior,fury,60,35,25
35991,Damiansuv,moon-guard,1817,warrior,fury,154,89,65
35992,Jírky,ragnaros,1816,warrior,fury,240,134,106
35993,Zujuzo,moon-guard,1815,warrior,fury,111,64,47
35994,Neôn,frostmourne,1815,warrior,fury,66,37,29
35995,Ragemane,illidan,1815,warrior,fury,66,35,31
35996,Darkduke,tichondrius,1813,warrior,fury,33,21,12
35997,Donutwar,proudmoore,1813,warrior,fury,54,30,24
35998,Barafang,wyrmrest-accord,1811,warrior,fury,234,125,109
35999,Kennäy,azralon,1810,warrior,fury,46,28,18
36000,Psychogenic,barthilas,1810,warrior,fury,102,60,42
36001,Zyzz,scarlet-crusade,1807,warrior,fury,72,41,31
36002,Killuall,sargeras,1807,warrior,fury,42,23,19
36003,Yawdamper,illidan,1805,warrior,fury,51,32,19
36004,Starshattr,bleeding-hollow,1805,warrior,fury,108,64,44
36005,Seoní,wyrmrest-accord,1805,warrior,fury,76,43,33
36006,Franticlol,tichondrius,1802,warrior,fury,90,59,31
36007,Cubie,malganis,1802,warrior,fury,75,40,35
36008,Tøpg,sargeras,1801,warrior,fury,55,32,23
36009,Ágsdóùblémàú,bleeding-hollow,1794,warrior,fury,120,66,54
36010,Rekatron,area-52,1783,warrior,fury,49,25,24
36011,Sàndman,malganis,1775,warrior,fury,39,23,16
36012,Splasch,kelthuzad,1775,warrior,fury,41,20,21
36013,Jimjinjin,tichondrius,1770,warrior,fury,54,29,25
36014,Rôxi,malganis,1770,warrior,fury,118,58,60
36015,Choppiechop,area-52,1763,warrior,fury,42,26,16
36016,Rynkae,moon-guard,1762,warrior,fury,36,20,16
36017,Alteryx,sargeras,1761,warrior,fury,196,112,84
36018,Gladheateher,bonechewer,1759,warrior,fury,42,22,20
36019,Onionsauce,frostmourne,1758,warrior,fury,149,82,67
36020,Taras,blackhand,1754,warrior,fury,57,25,32
36021,Chopped,wyrmrest-accord,1750,warrior,fury,93,43,50
36022,Alarìon,malganis,1745,warrior,fury,45,31,14
36023,Bigfatork,area-52,1741,warrior,fury,76,38,38
36024,Dripgodx,malganis,1736,warrior,fury,54,30,24
36025,Gooberbear,frostmourne,1732,warrior,fury,115,64,51
36026,Shadax,bleeding-hollow,1730,warrior,fury,134,72,62
36027,Beanstrom,tichondrius,1729,warrior,fury,77,39,38
36028,Escånor,moon-guard,1728,warrior,fury,25,19,6
36029,Eazyc,tichondrius,1724,warrior,fury,48,26,22
36030,Biaa,tichondrius,1723,warrior,fury,30,18,12
36031,Eggroll,emerald-dream,1720,warrior,fury,90,54,36
36032,Slamurai,moon-guard,1719,warrior,fury,24,18,6
36033,Duochuanjun,illidan,1719,warrior,fury,48,26,22
36034,Warroiser,quelthalas,1716,warrior,fury,55,33,22
36035,Coldshots,stormreaver,1710,warrior,fury,42,28,14
36036,Shibaraku,tichondrius,1704,warrior,fury,214,107,107
36037,Mphx,tichondrius,1702,warrior,fury,30,18,12
36038,Zangetsy,sargeras,1697,warrior,fury,57,35,22
36039,Daedrion,dalaran,1697,warrior,fury,54,30,24
36040,Mochigome,moon-guard,1696,warrior,fury,97,49,48
36041,Scolpi,stormrage,1695,warrior,fury,76,42,34
36042,Drashi,nazjatar,1693,warrior,fury,42,29,13
36043,Slughorn,moon-guard,1693,warrior,fury,78,37,41
36044,Blgjb,tichondrius,1693,warrior,fury,66,30,36
36045,Ttvdjrio,area-52,1689,warrior,fury,30,20,10
36046,Onîkudakì,sargeras,1689,warrior,fury,91,55,36
36047,Mulish,frostmourne,1681,warrior,fury,67,40,27
36048,Scrotedog,area-52,1680,warrior,fury,55,24,31
36049,Tyroe,thunderhorn,1679,warrior,fury,36,22,14
36050,Torbajhorn,moon-guard,1676,warrior,fury,66,34,32
36051,Fearless,moon-guard,1675,warrior,fury,126,68,58
36052,Thugdorr,sargeras,1675,warrior,fury,102,53,49
36053,Aotha,moon-guard,1674,warrior,fury,26,18,8
36054,Morfoggore,ragnaros,1673,warrior,fury,55,25,30
36055,Rendwarchief,garrosh,1668,warrior,fury,145,76,69
36056,Velarrine,illidan,1667,warrior,fury,67,37,30
36057,Festergrin,area-52,1665,warrior,fury,60,32,28
36058,Moistt,nesingwary,1660,warrior,fury,32,22,10
36059,Hairygrundel,area-52,1660,warrior,fury,42,27,15
36060,Ethyrie,ragnaros,1660,warrior,fury,38,19,19
36061,Gnomageddon,anetheron,1653,warrior,fury,82,39,43
36062,Kholusia,kul-tiras,1649,warrior,fury,112,53,59
36063,Keltanas,quelthalas,1645,warrior,fury,71,37,34
36064,Faren,agamaggan,1643,warrior,fury,167,91,76
36065,Youaredafeds,moon-guard,1641,warrior,fury,125,71,54
36066,Eregor,sargeras,1638,warrior,fury,48,24,24
36067,Budgetclap,nordrassil,1636,warrior,fury,36,18,18
36068,Dardash,ragnaros,1634,warrior,fury,30,21,9
36069,Kellyboitv,frostmourne,1628,warrior,fury,42,20,22
36070,Wagù,moon-guard,1626,warrior,fury,30,21,9
36071,Colorx,sargeras,1625,warrior,fury,52,30,22
36072,Ðåddý,stormrage,1625,warrior,fury,107,52,55
36073,Ugriker,skullcrusher,1623,warrior,fury,42,26,16
36074,Ruuthless,sargeras,1623,warrior,fury,51,30,21
36075,Flexid,tichondrius,1622,warrior,fury,66,34,32
36076,Ediann,elune,1619,warrior,fury,77,45,32
36077,Rinima,tichondrius,1616,warrior,fury,72,37,35
36078,Furíous,thunderhorn,1616,warrior,fury,48,23,25
36079,Illaedan,quelthalas,1611,warrior,fury,42,18,24
36080,Noramed,moon-guard,1610,warrior,fury,54,30,24
36081,Khrull,khazgoroth,1609,warrior,fury,74,40,34
36082,Damburga,tichondrius,1608,warrior,fury,42,27,15
36083,Leviqt,moon-guard,1606,warrior,fury,36,21,15
36084,Lilgucci,stonemaul,1602,warrior,fury,36,20,16
36085,Bulgrim,moon-guard,1601,warrior,fury,42,21,21
36086,Soulfang,stormscale,1600,warrior,fury,36,20,16
36087,Brutality,kirin-tor,1598,warrior,fury,107,57,50
36088,Gaazhel,quelthalas,1598,warrior,fury,97,49,48
36089,Ssamba,shattered-hand,1597,warrior,fury,30,17,13
36090,Darkbunny,thaurissan,1597,warrior,fury,78,40,38
36091,Gigatroll,tichondrius,1592,warrior,fury,59,30,29
36092,Påpi,sargeras,1591,warrior,fury,72,43,29
36093,Wampzug,azshara,1591,warrior,fury,78,37,41
36094,Igoboom,bleeding-hollow,1585,warrior,fury,46,25,21
36095,Tanorai,area-52,1582,warrior,fury,42,27,15
36096,Sayjaki,stormrage,1582,warrior,fury,48,26,22
36097,Sithlõrd,moon-guard,1580,warrior,fury,54,27,27
36098,Trôca,ragnaros,1575,warrior,fury,48,25,23
36099,Tenger,velen,1574,warrior,fury,100,56,44
36100,Easons,tichondrius,1574,warrior,fury,54,24,30
36101,Wolfcultist,moon-guard,1572,warrior,fury,117,54,63
36102,Dann,ragnaros,1569,warrior,fury,59,35,24
36103,Wöûlöû,trollbane,1568,warrior,fury,85,46,39
36104,Zuggrok,zuljin,1564,warrior,fury,114,53,61
36105,Romus,spirestone,1562,warrior,fury,42,26,16
36106,Khargrok,ragnaros,1561,warrior,fury,75,44,31
36107,Daelganis,blood-furnace,1560,warrior,fury,36,19,17
36108,Fearlessly,moon-guard,1559,warrior,fury,124,68,56
36109,Gûard,stormrage,1558,warrior,fury,52,27,25
36110,Rikbielo,dragonmaw,1554,warrior,fury,67,37,30
36111,Morguez,tichondrius,1552,warrior,fury,66,37,29
36112,Garobber,stormrage,1552,warrior,fury,36,17,19
36113,Zareshi,sargeras,1546,warrior,fury,116,64,52
36114,Sugmad,area-52,1545,warrior,fury,48,22,26
36115,Bigßiceps,tichondrius,1544,warrior,fury,30,18,12
36116,Tádakatsu,sargeras,1544,warrior,fury,103,53,50
36117,Ohdang,dark-iron,1543,warrior,fury,90,51,39
36118,Raggnarsøøn,ragnaros,1543,warrior,fury,99,46,53
36119,Kortera,malganis,1542,warrior,fury,30,22,8
36120,Dwarlan,stormrage,1539,warrior,fury,60,38,22
36121,Stavsie,tichondrius,1535,warrior,fury,30,17,13
36122,Impalle,nazjatar,1531,warrior,fury,54,33,21
36123,Invdeath,azralon,1529,warrior,fury,35,19,16
36124,Philsbbqnow,dark-iron,1525,warrior,fury,24,16,8
36125,Chillawigs,kelthuzad,1524,warrior,fury,30,19,11
36126,Abomlnatlon,tichondrius,1524,warrior,fury,36,22,14
36127,Zombad,azralon,1522,warrior,fury,30,18,12
36128,Okme,tichondrius,1522,warrior,fury,36,16,20
36129,Warrmachine,mannoroth,1520,warrior,fury,132,75,57
36130,Crohdey,madoran,1519,warrior,fury,120,65,55
36131,Zitfrlt,wildhammer,1515,warrior,fury,87,39,48
36132,Playbox,area-52,1514,warrior,fury,83,37,46
36133,Mytharion,sargeras,1511,warrior,fury,30,18,12
36134,Linker,ragnaros,1511,warrior,fury,42,25,17
36135,Ragnararagor,ragnaros,1510,warrior,fury,245,122,123
36136,Machomanran,zuljin,1509,warrior,fury,89,47,42
36137,Jorked,drakkari,1509,warrior,fury,68,35,33
36138,Dcashmoney,moon-guard,1508,warrior,fury,59,33,26
36139,Benchpress,bleeding-hollow,1508,warrior,fury,60,30,30
36140,Anandamide,frostwolf,1503,warrior,fury,51,27,24
36141,Chounshiryu,drakkari,1502,warrior,fury,231,120,111
36142,Grômm,tichondrius,1500,warrior,fury,63,33,30
36143,Brøsk,azralon,1500,warrior,fury,48,24,24
36144,Nimna,moon-guard,1499,warrior,fury,59,29,30
36145,Sigiswald,cenarion-circle,1491,warrior,fury,30,16,14
36146,Viagraliker,tichondrius,1490,warrior,fury,45,28,17
36147,Arágorn,sargeras,1490,warrior,fury,30,18,12
36148,Albinosword,azralon,1488,warrior,fury,74,37,37
36149,Shádo,darkspear,1485,warrior,fury,36,23,13
36150,Rafurk,area-52,1483,warrior,fury,30,18,12
36151,Ronok,ghostlands,1481,warrior,fury,42,26,16
36152,Know,anetheron,1480,warrior,fury,39,25,14
36153,Ikoré,saurfang,1480,warrior,fury,81,44,37
36154,Karusuke,stormrage,1472,warrior,fury,36,21,15
36155,Hammerock,ragnaros,1469,warrior,fury,29,16,13
36156,Hôdû,tichondrius,1466,warrior,fury,58,32,26
36157,Jubeithos,draktharon,1466,warrior,fury,60,28,32
36158,Venirith,moon-guard,1465,warrior,fury,76,39,37
36159,Nixe,caelestrasz,1465,warrior,fury,80,38,42
36160,Stoopkid,uldum,1465,warrior,fury,36,16,20
36161,Jimseung,tichondrius,1459,warrior,fury,36,16,20
36162,Celere,azralon,1458,warrior,fury,54,23,31
36163,Éomer,eitrigg,1457,warrior,fury,48,31,17
36164,Commandó,proudmoore,1457,warrior,fury,47,30,17
36165,Mandremin,moon-guard,1456,warrior,fury,24,17,7
36166,Thyssara,moon-guard,1456,warrior,fury,45,25,20
36167,Rhann,kelthuzad,1454,warrior,fury,42,22,20
36168,Wazy,ragnaros,1448,warrior,fury,60,28,32
36169,Pootyspootz,warsong,1442,warrior,fury,30,17,13
36170,Bestgrunt,tichondrius,1442,warrior,fury,42,17,25
36171,Smexxin,tichondrius,1439,warrior,fury,24,15,9
36172,Varith,sargeras,1439,warrior,fury,48,21,27
36173,Cohëëd,kelthuzad,1436,warrior,fury,60,31,29
36174,Wurrukattezz,tichondrius,1435,warrior,fury,38,22,16
36175,Elken,haomarush,1434,warrior,fury,48,26,22
36176,Mankus,tichondrius,1432,warrior,fury,90,45,45
36177,Kazora,zuljin,1425,warrior,fury,24,15,9
36178,Errejota,illidan,1424,warrior,fury,36,18,18
36179,Mikejustice,kelthuzad,1423,warrior,fury,88,43,45
36180,Murderwalk,shadowmoon,1422,warrior,fury,39,19,20
36181,Attractive,silvermoon,1420,warrior,fury,103,57,46
36182,Heenguer,azralon,1420,warrior,fury,60,31,29
36183,Majindoom,illidan,1418,warrior,fury,47,27,20
36184,Hêllseeker,ragnaros,1417,warrior,fury,36,18,18
36185,Zerríck,moon-guard,1415,warrior,fury,36,18,18
36186,Weesten,aerie-peak,1411,warrior,fury,138,80,58
36187,Teyroporah,azralon,1409,warrior,fury,39,20,19
36188,Warsongwolf,tichondrius,1409,warrior,fury,78,36,42
36189,Aarmii,ragnaros,1408,warrior,fury,36,18,18
36190,Burtiera,wyrmrest-accord,1407,warrior,fury,54,33,21
36191,Koffray,malfurion,1405,warrior,fury,39,20,19
36192,Exëqt,area-52,1404,warrior,fury,60,25,35
36193,Sálieri,ragnaros,1403,warrior,fury,36,19,17
36194,Apeal,skullcrusher,1403,warrior,fury,84,44,40
36195,Braxtön,moon-guard,1401,warrior,fury,45,20,25
36196,Xurug,zuljin,1400,warrior,fury,30,15,15
36197,Sensho,azralon,1398,warrior,fury,24,15,9
36198,Fluffytaco,illidan,1396,warrior,fury,36,20,16
36199,Gorrtog,stormrage,1395,warrior,fury,84,36,48
36200,Slaggdad,illidan,1395,warrior,fury,62,26,36
36201,Lyonele,moon-guard,1394,warrior,fury,50,28,22
36202,Ourhero,malganis,1392,warrior,fury,27,16,11
36203,Zekken,blades-edge,1392,warrior,fury,77,39,38
36204,Fearlessxq,tichondrius,1390,warrior,fury,72,38,34
36205,Iskandr,amanthul,1389,warrior,fury,75,35,40
36206,Swiftslaýer,vashj,1383,warrior,fury,35,16,19
36207,Kratøz,tichondrius,1382,warrior,fury,36,18,18
36208,Fendimonster,tichondrius,1379,warrior,fury,136,74,62
36209,Swiffy,stormrage,1375,warrior,fury,46,29,17
36210,Kaladbolg,tichondrius,1369,warrior,fury,24,15,9
36211,Zootonius,bloodscalp,1368,warrior,fury,36,20,16
36212,Firmware,illidan,1368,warrior,fury,34,15,19
36213,Crushanater,tichondrius,1364,warrior,fury,33,17,16
36214,Spaceguybro,whisperwind,1364,warrior,fury,36,18,18
36215,Assaulttank,drenden,1361,warrior,fury,30,15,15
36216,Nebgleb,bleeding-hollow,1360,warrior,fury,24,16,8
36217,Emotionaldps,malygos,1360,warrior,fury,141,74,67
36218,Calzonez,bloodscalp,1354,warrior,fury,24,15,9
36219,Matthegreat,area-52,1354,warrior,fury,51,25,26
36220,Eatmyblade,wyrmrest-accord,1350,warrior,fury,169,76,93
36221,Cenanuandra,gnomeregan,1349,warrior,fury,40,21,19
36222,Rageinc,jubeithos,1347,warrior,fury,56,24,32
36223,Arfzz,zangarmarsh,1343,warrior,fury,36,16,20
36224,Girioo,thrall,1342,warrior,fury,18,14,4
36225,Moriax,azralon,1342,warrior,fury,53,26,27
36226,Oddyseey,moon-guard,1341,warrior,fury,24,14,10
36227,Rekill,emerald-dream,1337,warrior,fury,24,14,10
36228,Berawar,tichondrius,1335,warrior,fury,24,14,10
36229,Ensïs,moon-guard,1335,warrior,fury,54,22,32
36230,Kombatwombat,kaelthas,1334,warrior,fury,18,14,4
36231,Ciellë,proudmoore,1334,warrior,fury,27,17,10
36232,Ciege,illidan,1333,warrior,fury,24,14,10
36233,Johnnysnowx,sargeras,1332,warrior,fury,54,26,28
36234,Breaker,undermine,1331,warrior,fury,30,14,16
36235,Gromarth,wyrmrest-accord,1329,warrior,fury,29,16,13
36236,Screwz,blackrock,1328,warrior,fury,78,43,35
36237,Bondeye,stormrage,1325,warrior,fury,83,38,45
36238,Dhaemom,azralon,1324,warrior,fury,47,23,24
36239,Ivanzaytsev,ragnaros,1321,warrior,fury,66,32,34
36240,Violençe,malganis,1320,warrior,fury,30,14,16
36241,Galaxarr,bonechewer,1319,warrior,fury,65,32,33
36242,Wuushang,area-52,1315,warrior,fury,42,22,20
36243,Hellframe,ysondre,1315,warrior,fury,42,17,25
36244,Warföx,stormrage,1310,warrior,fury,36,15,21
36245,Tüssèll,khazgoroth,1306,warrior,fury,97,48,49
36246,Badoosh,kaelthas,1302,warrior,fury,23,15,8
36247,Goleus,emerald-dream,1299,warrior,fury,42,17,25
36248,Youserg,khazgoroth,1298,warrior,fury,70,32,38
36249,Xeto,ragnaros,1296,warrior,fury,34,20,14
36250,Sperow,malygos,1296,warrior,fury,26,15,11
36251,Fabian,kelthuzad,1296,warrior,fury,76,40,36
36252,Noten,thunderlord,1295,warrior,fury,60,30,30
36253,Kelandrin,illidan,1292,warrior,fury,24,15,9
36254,Vapyr,moon-guard,1291,warrior,fury,23,14,9
36255,Savikk,earthen-ring,1287,warrior,fury,36,21,15
36256,Zweihänder,nemesis,1284,warrior,fury,23,14,9
36257,Thywub,proudmoore,1284,warrior,fury,30,14,16
36258,Lighttaker,proudmoore,1280,warrior,fury,72,38,34
36259,Rsage,lightbringer,1274,warrior,fury,116,59,57
36260,Zenrrei,ragnaros,1272,warrior,fury,22,14,8
36261,Grumok,tichondrius,1267,warrior,fury,26,14,12
36262,Ivoryana,kelthuzad,1266,warrior,fury,48,25,23
36263,Paí,nemesis,1265,warrior,fury,24,15,9
36264,Elbetoques,ragnaros,1261,warrior,fury,30,18,12
36265,Lilcha,stormrage,1258,warrior,fury,36,15,21
36266,Garce,aerie-peak,1253,warrior,fury,31,16,15
36267,Vandrad,stormrage,1252,warrior,fury,123,56,67
36268,Varlekt,frostmourne,1251,warrior,fury,53,25,28
36269,Kurishjadar,tichondrius,1251,warrior,fury,66,31,35
36270,Elonownesme,zuljin,1251,warrior,fury,44,20,24
36271,Wariorphilip,moon-guard,1250,warrior,fury,30,18,12
36272,Wakkawar,stormrage,1248,warrior,fury,48,24,24
36273,Carnemontana,shadowsong,1246,warrior,fury,24,17,7
36274,Torkscreww,bleeding-hollow,1243,warrior,fury,24,13,11
36275,Buckleboot,illidan,1242,warrior,fury,24,13,11
36276,Rendard,sargeras,1242,warrior,fury,24,13,11
36277,Tinyexcute,tichondrius,1242,warrior,fury,24,13,11
36278,Tdaddy,lightbringer,1242,warrior,fury,121,61,60
36279,Rerollrogue,thrall,1241,warrior,fury,55,19,36
36280,Robocöp,quelthalas,1239,warrior,fury,24,13,11
36281,Jarheadz,bleeding-hollow,1238,warrior,fury,18,13,5
36282,Skipowawa,area-52,1237,warrior,fury,30,16,14
36283,Atracasöl,ragnaros,1236,warrior,fury,24,13,11
36284,Hârambe,kiljaeden,1235,warrior,fury,24,13,11
36285,Zephyron,moonrunner,1231,warrior,fury,38,18,20
36286,Renseven,frostmourne,1230,warrior,fury,36,19,17
36287,Cjay,bleeding-hollow,1229,warrior,fury,30,13,17
36288,Honduranhary,sargeras,1227,warrior,fury,28,16,12
36289,Groggam,illidan,1226,warrior,fury,24,13,11
36290,Osannd,tichondrius,1226,warrior,fury,48,19,29
36291,Furiousangel,area-52,1223,warrior,fury,36,19,17
36292,Vornicar,moon-guard,1221,warrior,fury,32,14,18
36293,Koraciá,illidan,1215,warrior,fury,36,17,19
36294,Grosjambes,turalyon,1214,warrior,fury,30,18,12
36295,Tenebrocity,stormrage,1213,warrior,fury,42,19,23
36296,Breinan,ragnaros,1205,warrior,fury,51,26,25
36297,Kaíroz,quelthalas,1203,warrior,fury,42,24,18
36298,Kyle,kargath,1201,warrior,fury,28,17,11
36299,Rendus,hyjal,1198,warrior,fury,54,21,33
36300,Cliveswife,frostmourne,1196,warrior,fury,17,13,4
36301,Bigglyjoobs,tichondrius,1195,warrior,fury,23,13,10
36302,Tinycutty,frostmourne,1189,warrior,fury,23,13,10
36303,Furyknight,velen,1187,warrior,fury,43,23,20
36304,Nemesioh,tichondrius,1184,warrior,fury,59,25,34
36305,Antei,thunderlord,1171,warrior,fury,23,13,10
36306,Zèldris,gallywix,1171,warrior,fury,109,61,48
36307,Liljon,windrunner,1166,warrior,fury,36,17,19
36308,Zorhn,skywall,1161,warrior,fury,24,18,6
36309,Darthwarr,bleeding-hollow,1156,warrior,fury,35,23,12
36310,Líliúm,ragnaros,1151,warrior,fury,31,19,12
36311,Takeda,sargeras,1151,warrior,fury,30,12,18
36312,Hellamoist,tichondrius,1150,warrior,fury,18,12,6
36313,Ganzism,tichondrius,1150,warrior,fury,24,12,12
36314,Ganzi,tichondrius,1150,warrior,fury,24,12,12
36315,Notcoverage,tichondrius,1150,warrior,fury,24,12,12
36316,Ganzar,nesingwary,1148,warrior,fury,24,12,12
36317,Nordama,stormrage,1147,warrior,fury,18,12,6
36318,Zuggyboi,moon-guard,1147,warrior,fury,18,12,6
36319,Synalia,sargeras,1147,warrior,fury,24,12,12
36320,Zarxc,quelthalas,1147,warrior,fury,24,12,12
36321,Orrof,antonidas,1147,warrior,fury,69,25,44
36322,Galigiggs,emerald-dream,1146,warrior,fury,18,12,6
36323,Lòrdnasher,tichondrius,1146,warrior,fury,21,13,8
36324,Ianprime,the-scryers,1146,warrior,fury,24,12,12
36325,Setseno,stormrage,1145,warrior,fury,24,12,12
36326,Kanekhy,ragnaros,1143,warrior,fury,28,13,15
36327,Casmier,tichondrius,1141,warrior,fury,18,12,6
36328,Joxer,nordrassil,1141,warrior,fury,30,13,17
36329,Balbyo,shattered-hand,1139,warrior,fury,30,12,18
36330,Sansãocore,nemesis,1138,warrior,fury,28,13,15
36331,Originalkhan,stormrage,1138,warrior,fury,30,12,18
36332,Talismantate,quelthalas,1135,warrior,fury,18,12,6
36333,Makcumba,ragnaros,1132,warrior,fury,24,12,12
36334,Zoldian,tichondrius,1132,warrior,fury,29,14,15
36335,Chahta,shadowsong,1125,warrior,fury,18,12,6
36336,Cougaloo,sargeras,1123,warrior,fury,42,17,25
36337,Rekitralph,tichondrius,1116,warrior,fury,30,13,17
36338,Irontarkus,garrosh,1112,warrior,fury,18,12,6
36339,Sphílly,thrall,1107,warrior,fury,36,19,17
36340,Tyraelius,kiljaeden,1103,warrior,fury,39,24,15
36341,Smallestwar,zuljin,1093,warrior,fury,41,16,25
36342,Xfootman,quelthalas,1092,warrior,fury,42,25,17
36343,Roxon,hellscream,1088,warrior,fury,83,41,42
36344,Duxor,sargeras,1086,warrior,fury,22,12,10
36345,Kolosaltwo,tichondrius,1084,warrior,fury,23,12,11
36346,Dodiru,azralon,1084,warrior,fury,27,13,14
36347,Brodîn,tichondrius,1083,warrior,fury,54,30,24
36348,Elsee,drakkari,1080,warrior,fury,26,12,14
36349,Undmyaxe,shattered-halls,1078,warrior,fury,24,13,11
36350,Bigjier,proudmoore,1078,warrior,fury,26,12,14
36351,Fatguy,tichondrius,1076,warrior,fury,60,29,31
36352,Assmut,stormrage,1074,warrior,fury,35,15,20
36353,Lucymay,kelthuzad,1072,warrior,fury,36,19,17
36354,Starplatinum,aerie-peak,1060,warrior,fury,30,12,18
36355,Xcuses,area-52,1055,warrior,fury,18,11,7
36356,Ragingboner,aggramar,1055,warrior,fury,18,11,7
36357,Tctc,emerald-dream,1055,warrior,fury,18,11,7
36358,Nicfury,alterac-mountains,1055,warrior,fury,18,11,7
36359,Flaco,tichondrius,1055,warrior,fury,21,12,9
36360,Gorbagglúk,azralon,1055,warrior,fury,30,15,15
36361,Zerkxi,kelthuzad,1053,warrior,fury,18,11,7
36362,Hjomura,quelthalas,1053,warrior,fury,18,11,7
36363,Serviettski,zuljin,1053,warrior,fury,24,12,12
36364,Cupper,tichondrius,1052,warrior,fury,24,11,13
36365,Axesage,tichondrius,1051,warrior,fury,24,11,13
36366,Radisa,sargeras,1051,warrior,fury,30,11,19
36367,Mäjka,dalaran,1050,warrior,fury,24,11,13
36368,Ráionshin,quelthalas,1049,warrior,fury,24,11,13
36369,Trco,quelthalas,1047,warrior,fury,18,11,7
36370,Tayne,ragnaros,1046,warrior,fury,18,11,7
36371,Marcuss,bonechewer,1043,warrior,fury,18,11,7
36372,Garmeg,nemesis,1041,warrior,fury,42,16,26
36373,Jellyjamz,zuljin,1032,warrior,fury,30,14,16
36374,Owwycowwy,area-52,1032,warrior,fury,36,15,21
36375,Ashwalker,malganis,1022,warrior,fury,20,12,8
36376,Rumka,draktharon,1015,warrior,fury,65,26,39
36377,Wyrmscream,moon-guard,1011,warrior,fury,84,40,44
36378,Éeu,anubarak,1008,warrior,fury,112,58,54
36379,Mandragorn,kelthuzad,1004,warrior,fury,27,11,16
36380,Crazysharpz,thaurissan,1001,warrior,fury,29,12,17
36381,Leturen,emerald-dream,999,warrior,fury,25,12,13
36382,Painfulangel,nesingwary,994,warrior,fury,20,15,5
36383,Warchine,malganis,994,warrior,fury,27,12,15
36384,Baeowar,area-52,994,warrior,fury,39,13,26
36385,Shoteiotoshi,ragnaros,991,warrior,fury,35,18,17
36386,Yêawen,tichondrius,990,warrior,fury,20,11,9
36387,Jonÿ,sargeras,989,warrior,fury,84,44,40
36388,Curacao,dark-iron,987,warrior,fury,26,11,15
36389,Darkarus,drakkari,979,warrior,fury,30,13,17
36390,Pulp,sargeras,976,warrior,fury,19,11,8
36391,Judessi,kiljaeden,971,warrior,fury,20,11,9
36392,Brugo,area-52,960,warrior,fury,30,18,12
36393,Dawx,thrall,960,warrior,fury,18,10,8
36394,Jingson,moon-guard,959,warrior,fury,12,10,2
36395,Râvik,illidan,959,warrior,fury,18,10,8
36396,Hasbullaa,proudmoore,959,warrior,fury,18,10,8
36397,Ymìr,moon-guard,959,warrior,fury,18,10,8
36398,Orrkky,jubeithos,959,warrior,fury,18,10,8
36399,Giannï,chogall,959,warrior,fury,18,10,8
36400,Genrÿuusai,azralon,958,warrior,fury,18,10,8
36401,Wrniss,tichondrius,958,warrior,fury,18,10,8
36402,Lechonk,suramar,958,warrior,fury,18,10,8
36403,Strëngth,aggramar,958,warrior,fury,18,10,8
36404,Basedaf,frostmourne,958,warrior,fury,24,10,14
36405,Venóm,moon-guard,957,warrior,fury,18,10,8
36406,Farklesnarf,tichondrius,957,warrior,fury,18,10,8
36407,Quuavo,tichondrius,957,warrior,fury,18,10,8
36408,Limpninny,dalaran,957,warrior,fury,21,10,11
36409,Modì,sargeras,957,warrior,fury,24,10,14
36410,Harlow,spirestone,955,warrior,fury,24,10,14
36411,Nordrages,stormrage,953,warrior,fury,18,10,8
36412,Ironpanzer,thrall,952,warrior,fury,18,10,8
36413,Maytrixx,stormrage,950,warrior,fury,12,10,2
36414,Jellybomb,sargeras,950,warrior,fury,24,10,14
36415,Shaøkahn,azralon,938,warrior,fury,26,11,15
36416,Hùlksmâsh,zuljin,924,warrior,fury,23,13,10
36417,Ghostlyedge,turalyon,918,warrior,fury,72,25,47
36418,Warkinit,proudmoore,915,warrior,fury,22,10,12
36419,Harkeigh,wyrmrest-accord,909,warrior,fury,17,10,7
36420,Akusenshi,dragonblight,899,warrior,fury,24,11,13
36421,Samdarkblade,kilrogg,898,warrior,fury,33,10,23
36422,Grievouz,nemesis,894,warrior,fury,17,10,7
36423,Copinhodagua,azralon,889,warrior,fury,19,11,8
36424,Maximad,moon-guard,864,warrior,fury,12,9,3
36425,Michaela,moon-guard,864,warrior,fury,12,9,3
36426,Notacop,malygos,864,warrior,fury,12,9,3
36427,Agragar,zuljin,864,warrior,fury,12,9,3
36428,Ggull,tichondrius,864,warrior,fury,18,9,9
36429,Astrëa,quelthalas,864,warrior,fury,18,9,9
36430,Naelynh,quelthalas,864,warrior,fury,18,9,9
36431,Baylîfe,illidan,864,warrior,fury,18,9,9
36432,Elmosmash,thrall,864,warrior,fury,18,9,9
36433,Hìm,tichondrius,864,warrior,fury,24,9,15
36434,Sonyanalogue,frostmourne,864,warrior,fury,24,9,15
36435,Lootacris,illidan,864,warrior,fury,24,9,15
36436,Likelygood,tichondrius,863,warrior,fury,12,9,3
36437,Hoodlark,lightbringer,863,warrior,fury,12,9,3
36438,Okkin,cairne,863,warrior,fury,12,9,3
36439,Neurötic,ragnaros,863,warrior,fury,12,9,3
36440,Squonks,kelthuzad,863,warrior,fury,12,9,3
36441,Zastrow,dalaran,863,warrior,fury,18,9,9
36442,Whitetaure,arthas,863,warrior,fury,18,9,9
36443,Liltom,sargeras,863,warrior,fury,18,9,9
36444,Youjumpijump,frostmourne,863,warrior,fury,24,9,15
36445,Gzilla,queldorei,863,warrior,fury,24,9,15
36446,Wishayzka,drakkari,862,warrior,fury,18,9,9
36447,Nowarriororc,thrall,862,warrior,fury,18,9,9
36448,Rediger,aggramar,861,warrior,fury,34,15,19
36449,Rageraz,trollbane,860,warrior,fury,12,9,3
36450,Asuna,burning-blade,860,warrior,fury,18,9,9
36451,Maddzspin,tichondrius,860,warrior,fury,18,9,9
36452,Groguu,windrunner,859,warrior,fury,18,9,9
36453,Stunninchaos,shattered-hand,859,warrior,fury,24,9,15
36454,Lovehandlez,proudmoore,858,warrior,fury,18,9,9
36455,Rücküs,tichondrius,858,warrior,fury,18,9,9
36456,Goinberserk,tichondrius,854,warrior,fury,22,9,13
36457,Rocketcayton,veknilash,845,warrior,fury,18,9,9
36458,Trufsoturi,bleeding-hollow,845,warrior,fury,23,9,14
36459,Cannan,the-underbog,841,warrior,fury,39,10,29
36460,Kajing,boulderfist,836,warrior,fury,19,10,9
36461,Machâ,illidan,830,warrior,fury,17,9,8
36462,Magdar,daggerspine,813,warrior,fury,28,9,19
36463,Futtmebuck,emerald-dream,810,warrior,fury,18,10,8
36464,Sïxsnacks,stormrage,799,warrior,fury,16,9,7
36465,Bargorengar,skullcrusher,797,warrior,fury,108,48,60
36466,Tyranatusk,malganis,783,warrior,fury,11,9,2
36467,Klim,grizzly-hills,781,warrior,fury,25,9,16
36468,Cüba,nemesis,770,warrior,fury,24,9,15
36469,Ryse,aegwynn,768,warrior,fury,12,8,4
36470,Verigan,barthilas,768,warrior,fury,12,8,4
36471,Bbcapitalist,blackrock,768,warrior,fury,12,8,4
36472,Rimshotts,sargeras,768,warrior,fury,12,8,4
36473,Stimm,blood-furnace,768,warrior,fury,12,8,4
36474,Bamag,dethecus,768,warrior,fury,12,8,4
36475,Bornclueless,illidan,768,warrior,fury,12,8,4
36476,ßdm,illidan,768,warrior,fury,12,8,4
36477,Angryexe,zuljin,768,warrior,fury,12,8,4
36478,Beforever,kiljaeden,768,warrior,fury,12,8,4
36479,Akenox,area-52,768,warrior,fury,12,8,4
36480,Swìll,illidan,768,warrior,fury,12,8,4
36481,Volgarr,zuljin,768,warrior,fury,12,8,4
36482,Sulze,tichondrius,768,warrior,fury,15,9,6
36483,Shimizuken,tichondrius,768,warrior,fury,18,8,10
36484,Cheiftain,dalaran,768,warrior,fury,18,8,10
36485,Oohsht,tichondrius,768,warrior,fury,18,8,10
36486,Asstastic,bonechewer,768,warrior,fury,18,8,10
36487,Icebringer,frostmourne,768,warrior,fury,24,8,16
36488,Cannonballz,sargeras,767,warrior,fury,12,8,4
36489,Dagrone,drakkari,767,warrior,fury,12,8,4
36490,Rodahn,emerald-dream,767,warrior,fury,12,8,4
36491,Moggos,firetree,767,warrior,fury,12,8,4
36492,Hydrolisk,area-52,767,warrior,fury,12,8,4
36493,Gorethrax,tichondrius,767,warrior,fury,18,8,10
36494,Wíldcat,illidan,767,warrior,fury,18,8,10
36495,Mers,garrosh,767,warrior,fury,18,8,10
36496,Ungabunga,frostwolf,767,warrior,fury,18,8,10
36497,Funk,illidan,767,warrior,fury,18,8,10
36498,Zêtt,drakkari,767,warrior,fury,18,8,10
36499,Dtrumpo,moon-guard,767,warrior,fury,18,8,10
36500,Droggo,cenarius,766,warrior,fury,12,8,4
36501,Drumann,hyjal,766,warrior,fury,12,8,4
36502,Theßull,frostmourne,766,warrior,fury,12,8,4
36503,Arågòrn,stormrage,766,warrior,fury,18,8,10
36504,Corbray,frostmourne,766,warrior,fury,24,8,16
36505,Stinkyfuq,area-52,764,warrior,fury,12,8,4
36506,Haelerostus,moon-guard,763,warrior,fury,36,13,23
36507,Trendxx,stormrage,763,warrior,fury,24,8,16
36508,Huri,nemesis,763,warrior,fury,30,8,22
36509,Frettyhooman,blood-furnace,762,warrior,fury,12,8,4
36510,Blackpro,sargeras,762,warrior,fury,12,8,4
36511,Creedz,dreadmaul,761,warrior,fury,18,8,10
36512,Alandris,icecrown,760,warrior,fury,18,10,8
36513,Uhtred,moonrunner,757,warrior,fury,18,8,10
36514,Kessahh,moon-guard,755,warrior,fury,12,8,4
36515,Kilp,thrall,751,warrior,fury,17,8,9
36516,Marleau,bleeding-hollow,742,warrior,fury,21,9,12
36517,Arngrimm,area-52,735,warrior,fury,14,9,5
36518,Azmael,sargeras,735,warrior,fury,17,8,9
36519,Onionlord,wyrmrest-accord,719,warrior,fury,11,8,3
36520,Pigonhae,zuljin,713,warrior,fury,19,10,9
36521,Zaraki,moon-guard,704,warrior,fury,16,8,8
36522,Eleronogoth,draka,704,warrior,fury,16,8,8
36523,Udmwarrior,zuljin,704,warrior,fury,16,8,8
36524,Chippurrz,illidan,685,warrior,fury,11,8,3
36525,Eino,llane,672,warrior,fury,12,7,5
36526,Canduin,queldorei,672,warrior,fury,12,7,5
36527,Ðêed,area-52,672,warrior,fury,12,7,5
36528,Vuraxx,area-52,672,warrior,fury,12,7,5
36529,Funsyze,garona,672,warrior,fury,12,7,5
36530,Unbreakkable,tichondrius,672,warrior,fury,12,7,5
36531,Ladderx,area-52,672,warrior,fury,12,7,5
36532,Krunas,quelthalas,672,warrior,fury,12,7,5
36533,Käggai,khadgar,672,warrior,fury,12,7,5
36534,Doczz,malganis,672,warrior,fury,12,7,5
36535,Ðow,burning-blade,672,warrior,fury,12,7,5
36536,Sypii,malganis,672,warrior,fury,12,7,5
36537,Ruckw,stormrage,672,warrior,fury,12,7,5
36538,Maar,lightbringer,672,warrior,fury,12,7,5
36539,Ðrëäd,area-52,672,warrior,fury,12,7,5
36540,Xårren,stormrage,672,warrior,fury,12,7,5
36541,Dós,emerald-dream,672,warrior,fury,12,7,5
36542,Cryposlice,malganis,672,warrior,fury,18,7,11
36543,Warhand,frostmourne,672,warrior,fury,18,7,11
36544,Mardrex,korgath,672,warrior,fury,18,7,11
36545,Blxckbeard,hyjal,672,warrior,fury,18,7,11
36546,Endlesskilla,destromath,672,warrior,fury,18,7,11
36547,Mullf,stormrage,671,warrior,fury,12,7,5
36548,Zikeno,dalaran,671,warrior,fury,12,7,5
36549,Quintonious,dark-iron,671,warrior,fury,12,7,5
36550,Nokak,borean-tundra,671,warrior,fury,12,7,5
36551,Pelikanesis,arthas,671,warrior,fury,12,7,5
36552,Iorak,queldorei,671,warrior,fury,12,7,5
36553,Mág,burning-legion,671,warrior,fury,12,7,5
36554,Remudan,tichondrius,671,warrior,fury,18,7,11
36555,Xochicotzin,mugthol,671,warrior,fury,18,7,11
36556,Ghurrk,hyjal,671,warrior,fury,18,7,11
36557,Ragnir,kelthuzad,671,warrior,fury,18,7,11
36558,Aggravation,bleeding-hollow,671,warrior,fury,18,7,11
36559,Tiqokz,sargeras,670,warrior,fury,12,7,5
36560,Ganon,garrosh,670,warrior,fury,12,7,5
36561,Melankoma,sargeras,670,warrior,fury,12,7,5
36562,Kræzee,kelthuzad,670,warrior,fury,18,7,11
36563,Djfredsd,tichondrius,670,warrior,fury,18,7,11
36564,Xauce,queldorei,670,warrior,fury,24,7,17
36565,Markodarko,gilneas,669,warrior,fury,12,7,5
36566,Rafaeldantas,azralon,669,warrior,fury,12,7,5
36567,Gamoosh,illidan,669,warrior,fury,20,7,13
36568,Deáthwing,steamwheedle-cartel,669,warrior,fury,24,7,17
36569,Shadowtitanx,korgath,669,warrior,fury,30,7,23
36570,Warbane,barthilas,667,warrior,fury,18,7,11
36571,Siiss,stormrage,665,warrior,fury,21,9,12
36572,Keateane,frostmourne,662,warrior,fury,12,7,5
36573,Studsrus,aegwynn,662,warrior,fury,18,7,11
36574,Crashacorn,stormrage,659,warrior,fury,18,7,11
36575,Jendal,ragnaros,658,warrior,fury,12,7,5
36576,Zambonibob,eonar,657,warrior,fury,12,7,5
36577,Naughtytwat,tichondrius,639,warrior,fury,14,8,6
36578,Zovudo,area-52,638,warrior,fury,14,8,6
36579,Wintz,dreadmaul,638,warrior,fury,14,8,6
36580,Donjuan,skullcrusher,637,warrior,fury,20,8,12
36581,Furryhorv,frostmourne,608,warrior,fury,22,7,15
36582,Vorthax,korgath,607,warrior,fury,14,7,7
36583,Rohkvan,illidan,607,warrior,fury,14,7,7
36584,Noktyn,haomarush,591,warrior,fury,11,7,4
36585,Taiine,moon-guard,576,warrior,fury,6,6,0
36586,Whateverzhan,tichondrius,576,warrior,fury,12,6,6
36587,Azázyel,quelthalas,576,warrior,fury,12,6,6
36588,Snowflakee,jaedenar,576,warrior,fury,12,6,6
36589,Ggludan,area-52,576,warrior,fury,12,6,6
36590,Yükana,quelthalas,576,warrior,fury,12,6,6
36591,Kaivax,tichondrius,576,warrior,fury,12,6,6
36592,Whittyxc,tichondrius,576,warrior,fury,12,6,6
36593,Vinvivenna,emerald-dream,576,warrior,fury,12,6,6
36594,Ðrënch,tichondrius,576,warrior,fury,12,6,6
36595,Dëåth,azgalor,576,warrior,fury,12,6,6
36596,Jcßot,exodar,576,warrior,fury,12,6,6
36597,Ezcharger,kelthuzad,576,warrior,fury,12,6,6
36598,Lurtras,exodar,576,warrior,fury,12,6,6
36599,Gamelagged,area-52,576,warrior,fury,12,6,6
36600,Strongerjaw,tichondrius,576,warrior,fury,12,6,6
36601,Alysson,moon-guard,576,warrior,fury,12,6,6
36602,Prestico,ragnaros,576,warrior,fury,12,6,6
36603,Skoll,illidan,576,warrior,fury,12,6,6
36604,Carnemølida,thrall,576,warrior,fury,12,6,6
36605,Rigil,the-forgotten-coast,576,warrior,fury,12,6,6
36606,Tacrolimus,thrall,576,warrior,fury,12,6,6
36607,Nertharul,zuljin,576,warrior,fury,12,6,6
36608,Progesterone,bleeding-hollow,576,warrior,fury,12,6,6
36609,Benieswar,frostmourne,576,warrior,fury,12,6,6
36610,Zartren,khazgoroth,576,warrior,fury,12,6,6
36611,Disarmed,proudmoore,576,warrior,fury,12,6,6
36612,Endurefen,sargeras,576,warrior,fury,12,6,6
36613,Décapitator,area-52,576,warrior,fury,18,6,12
36614,Xiosè,ragnaros,576,warrior,fury,18,6,12
36615,Digitaldj,frostmourne,576,warrior,fury,18,6,12
36616,Dragnol,quelthalas,575,warrior,fury,6,6,0
36617,Burninated,tichondrius,575,warrior,fury,12,6,6
36618,Elleaux,bloodscalp,575,warrior,fury,12,6,6
36619,Trackhawk,moon-guard,575,warrior,fury,12,6,6
36620,Metalstorms,firetree,575,warrior,fury,12,6,6
36621,Lorelie,malganis,575,warrior,fury,12,6,6
36622,Plidan,shuhalo,575,warrior,fury,12,6,6
36623,Xenyn,malganis,575,warrior,fury,12,6,6
36624,Isitorganic,nesingwary,575,warrior,fury,12,6,6
36625,Luckychaos,bleeding-hollow,575,warrior,fury,12,6,6
36626,Uggtrick,zuljin,575,warrior,fury,12,6,6
36627,Icon,tichondrius,575,warrior,fury,18,6,12
36628,Redblade,bleeding-hollow,575,warrior,fury,18,6,12
36629,Rageroni,tichondrius,574,warrior,fury,12,6,6
36630,Badairplane,gilneas,574,warrior,fury,12,6,6
36631,Axekill,bleeding-hollow,574,warrior,fury,18,6,12
36632,Siegeshatter,moon-guard,574,warrior,fury,24,6,18
36633,Shiddoshi,ragnaros,569,warrior,fury,12,6,6
36634,Alexthar,drakkari,560,warrior,fury,24,6,18
36635,Alaricck,quelthalas,543,warrior,fury,14,7,7
36636,Freakin,ragnaros,543,warrior,fury,16,6,10
36637,Ghonad,windrunner,541,warrior,fury,17,6,11
36638,Thorkéll,proudmoore,541,warrior,fury,23,6,17
36639,Sinbãd,sargeras,527,warrior,fury,11,6,5
36640,Agarto,illidan,526,warrior,fury,11,6,5
36641,Cornmaster,darkspear,522,warrior,fury,18,10,8
36642,Nïckböï,misha,519,warrior,fury,11,6,5
36643,Tryhardr,sargeras,480,warrior,fury,6,5,1
36644,Onyx,auchindoun,480,warrior,fury,6,5,1
36645,Gahenk,chogall,480,warrior,fury,6,5,1
36646,Bearlornan,frostmourne,480,warrior,fury,6,5,1
36647,Yepkorean,tichondrius,480,warrior,fury,6,5,1
36648,Orkussw,illidan,480,warrior,fury,6,5,1
36649,Finnin,nathrezim,480,warrior,fury,6,5,1
36650,Invinciblé,tichondrius,480,warrior,fury,6,5,1
36651,Smorc,stormrage,480,warrior,fury,6,5,1
36652,Äléx,frostmourne,480,warrior,fury,6,5,1
36653,Swingretzky,zuljin,480,warrior,fury,6,5,1
36654,Colonclogger,proudmoore,480,warrior,fury,6,5,1
36655,Perserve,thunderlord,480,warrior,fury,6,5,1
36656,Deseroth,illidan,480,warrior,fury,6,5,1
36657,Ramseyx,dalaran,480,warrior,fury,6,5,1
36658,Tazmanianfur,akama,480,warrior,fury,6,5,1
36659,Korsarro,frostmourne,480,warrior,fury,6,5,1
36660,Falconheart,wyrmrest-accord,480,warrior,fury,6,5,1
36661,Balrog,firetree,480,warrior,fury,6,5,1
36662,Devaya,ragnaros,480,warrior,fury,6,5,1
36663,Goon,frostmourne,480,warrior,fury,6,5,1
36664,Hyperdevil,ragnaros,480,warrior,fury,9,6,3
36665,Victoriaöus,emerald-dream,480,warrior,fury,9,5,4
36666,Nondracio,ragnaros,480,warrior,fury,12,5,7
36667,Pápý,ragnaros,480,warrior,fury,12,5,7
36668,Krovikân,area-52,480,warrior,fury,12,5,7
36669,Maltrate,hyjal,480,warrior,fury,12,5,7
36670,Slamuëladams,bleeding-hollow,480,warrior,fury,12,5,7
36671,Ironsavage,frostmourne,480,warrior,fury,12,5,7
36672,Ðìbs,moon-guard,480,warrior,fury,12,5,7
36673,Riftgar,hyjal,480,warrior,fury,12,5,7
36674,Coalpit,emerald-dream,480,warrior,fury,12,5,7
36675,Nukemdown,darkspear,480,warrior,fury,12,5,7
36676,Andorane,bleeding-hollow,480,warrior,fury,12,5,7
36677,Iwillcrushyo,darkspear,480,warrior,fury,12,5,7
36678,Trekk,azralon,480,warrior,fury,12,5,7
36679,Crøm,tichondrius,480,warrior,fury,12,5,7
36680,Clansy,moon-guard,480,warrior,fury,12,5,7
36681,Wraithvlad,moon-guard,480,warrior,fury,12,5,7
36682,Carnith,arthas,480,warrior,fury,12,5,7
36683,Ghostwalker,akama,480,warrior,fury,12,5,7
36684,Axesomebody,tichondrius,480,warrior,fury,12,5,7
36685,Buhurt,sargeras,480,warrior,fury,12,5,7
36686,Còlòssal,moknathal,480,warrior,fury,12,5,7
36687,Sleazedog,kelthuzad,480,warrior,fury,12,5,7
36688,Himiko,kaelthas,480,warrior,fury,12,5,7
36689,Warkaiser,ragnaros,480,warrior,fury,12,5,7
36690,Marimadelene,aegwynn,480,warrior,fury,12,5,7
36691,Gurukakko,ragnaros,480,warrior,fury,12,5,7
36692,Brutalpløx,illidan,480,warrior,fury,12,5,7
36693,Chainsa,stormrage,480,warrior,fury,12,5,7
36694,Izhansheni,illidan,480,warrior,fury,12,5,7
36695,Conflíct,illidan,480,warrior,fury,12,5,7
36696,Chop,khadgar,480,warrior,fury,12,5,7
36697,Taurenosaur,illidan,480,warrior,fury,12,5,7
36698,Pingolona,nemesis,480,warrior,fury,12,5,7
36699,Cubanßûrst,stormrage,480,warrior,fury,12,5,7
36700,Wangjianguo,illidan,480,warrior,fury,12,5,7
36701,Gadlfuerte,ragnaros,480,warrior,fury,14,5,9
36702,Honorloxo,bleeding-hollow,480,warrior,fury,18,5,13
36703,Spinspin,borean-tundra,480,warrior,fury,18,5,13
36704,Dragonrage,tanaris,480,warrior,fury,18,5,13
36705,Georgedubya,illidan,480,warrior,fury,18,5,13
36706,Tupacsback,stormrage,479,warrior,fury,6,5,1
36707,Vonkinky,sargeras,479,warrior,fury,6,5,1
36708,Zirtag,proudmoore,479,warrior,fury,6,5,1
36709,Olegg,laughing-skull,479,warrior,fury,12,5,7
36710,Ksubîî,frostmourne,479,warrior,fury,12,5,7
36711,Warsero,tichondrius,479,warrior,fury,12,5,7
36712,Ragemarley,dalaran,479,warrior,fury,12,5,7
36713,Rodorn,frostmourne,479,warrior,fury,16,6,10
36714,Supersquish,moon-guard,479,warrior,fury,18,5,13
36715,Arrad,sargeras,479,warrior,fury,18,5,13
36716,Madaroy,stormrage,478,warrior,fury,12,5,7
36717,Welgo,moon-guard,478,warrior,fury,12,5,7
36718,Fabszord,nemesis,476,warrior,fury,12,5,7
36719,Veganwarrior,quelthalas,469,warrior,fury,18,5,13
36720,Rageverd,malganis,432,warrior,fury,9,5,4
36721,Thalloom,thaurissan,432,warrior,fury,15,5,10
36722,Avatarl,ragnaros,432,warrior,fury,15,5,10
36723,Glaros,blood-furnace,431,warrior,fury,11,5,6
36724,Leónard,moon-guard,431,warrior,fury,11,5,6
36725,Sukstofuk,frostmourne,431,warrior,fury,11,5,6
36726,Hugz,thrall,431,warrior,fury,11,5,6
36727,Panterra,azralon,426,warrior,fury,16,7,9
36728,Dolsorae,malganis,426,warrior,fury,16,6,10
36729,Forerunner,tichondrius,416,warrior,fury,10,5,5
36730,Israelelel,azralon,416,warrior,fury,10,5,5
36731,Stompgnomes,malganis,414,warrior,fury,14,5,9
36732,Lucicicia,bronzebeard,384,warrior,fury,6,4,2
36733,Ymirock,area-52,384,warrior,fury,6,4,2
36734,Unpaused,kelthuzad,384,warrior,fury,6,4,2
36735,Sarachnis,area-52,384,warrior,fury,6,4,2
36736,Nikomasked,kelthuzad,384,warrior,fury,6,4,2
36737,Chash,frostmourne,384,warrior,fury,6,4,2
36738,Tylerdurdenx,dalaran,384,warrior,fury,6,4,2
36739,Affeine,malganis,384,warrior,fury,6,4,2
36740,Akaínu,area-52,384,warrior,fury,6,4,2
36741,Hellsinga,stormrage,384,warrior,fury,6,4,2
36742,Cidrick,stormrage,384,warrior,fury,6,4,2
36743,Slashen,sargeras,384,warrior,fury,6,4,2
36744,Drengarusk,area-52,384,warrior,fury,6,4,2
36745,Painedd,stormrage,384,warrior,fury,6,4,2
36746,Qram,illidan,384,warrior,fury,6,4,2
36747,Jàmiè,wyrmrest-accord,384,warrior,fury,6,4,2
36748,Blackbaba,illidan,384,warrior,fury,6,4,2
36749,Tomatogodx,sargeras,384,warrior,fury,6,4,2
36750,Youngmoneyd,illidan,384,warrior,fury,6,4,2
36751,Midweststuna,kul-tiras,384,warrior,fury,6,4,2
36752,Carfal,spirestone,384,warrior,fury,6,4,2
36753,Breké,moon-guard,384,warrior,fury,6,4,2
36754,Brogdar,moon-guard,384,warrior,fury,6,4,2
36755,Darkirondadi,frostmourne,384,warrior,fury,6,4,2
36756,Varkiren,moon-guard,384,warrior,fury,6,4,2
36757,Squishmello,hyjal,384,warrior,fury,6,4,2
36758,Coldlòve,akama,384,warrior,fury,6,4,2
36759,Alerish,quelthalas,384,warrior,fury,6,4,2
36760,Spraten,bonechewer,384,warrior,fury,6,4,2
36761,Chopemupp,area-52,384,warrior,fury,6,4,2
36762,Murghol,malganis,384,warrior,fury,6,4,2
36763,Phandrosa,ragnaros,384,warrior,fury,6,4,2
36764,Techanina,aerie-peak,384,warrior,fury,6,4,2
36765,Inocencius,ragnaros,384,warrior,fury,6,4,2
36766,Wolurog,emerald-dream,384,warrior,fury,6,4,2
36767,Jutank,sargeras,384,warrior,fury,6,4,2
36768,Heyzulnut,whisperwind,384,warrior,fury,6,4,2
36769,Nerjinzul,bloodscalp,384,warrior,fury,6,4,2
36770,Hasbullá,ragnaros,384,warrior,fury,6,4,2
36771,Gtrain,barthilas,384,warrior,fury,6,4,2
36772,Testees,senjin,384,warrior,fury,6,4,2
36773,Samuluo,tichondrius,384,warrior,fury,6,4,2
36774,Ankhxiety,sargeras,384,warrior,fury,6,4,2
36775,Willcharge,tichondrius,384,warrior,fury,6,4,2
36776,Suzushi,tichondrius,384,warrior,fury,6,4,2
36777,Kamidaren,tichondrius,384,warrior,fury,6,4,2
36778,Hewman,aerie-peak,384,warrior,fury,6,4,2
36779,Methodicaly,aerie-peak,384,warrior,fury,6,4,2
36780,Youdumbaut,tichondrius,384,warrior,fury,6,4,2
36781,Braxxinn,tichondrius,384,warrior,fury,6,4,2
36782,Obiwun,azgalor,384,warrior,fury,6,4,2
36783,Negrus,sargeras,384,warrior,fury,11,4,7
36784,Rägnarök,stormrage,384,warrior,fury,12,4,8
36785,Gorm,greymane,384,warrior,fury,12,4,8
36786,Tyrannus,chogall,384,warrior,fury,12,4,8
36787,Krodah,quelthalas,384,warrior,fury,12,4,8
36788,Çampbêll,area-52,384,warrior,fury,12,4,8
36789,Beetcoyne,azuremyst,384,warrior,fury,12,4,8
36790,Muradinpica,stormrage,384,warrior,fury,12,4,8
36791,Bladetko,tichondrius,384,warrior,fury,12,4,8
36792,Zibby,malganis,384,warrior,fury,12,4,8
36793,Agonistes,emerald-dream,384,warrior,fury,12,4,8
36794,Corazondleón,ragnaros,384,warrior,fury,12,4,8
36795,Cýnzz,frostmourne,384,warrior,fury,12,4,8
36796,Skrot,stormrage,384,warrior,fury,12,4,8
36797,Luosifen,tichondrius,384,warrior,fury,12,4,8
36798,Shinshido,tichondrius,384,warrior,fury,12,4,8
36799,Hukzula,illidan,384,warrior,fury,12,4,8
36800,Goremack,hellscream,384,warrior,fury,12,4,8
36801,Metalhaed,thrall,384,warrior,fury,12,4,8
36802,Aislistraee,moon-guard,384,warrior,fury,12,4,8
36803,Potan,thrall,384,warrior,fury,12,4,8
36804,Rezzett,wyrmrest-accord,384,warrior,fury,12,4,8
36805,Chacca,suramar,384,warrior,fury,12,4,8
36806,Eamonvalda,dalaran,384,warrior,fury,12,4,8
36807,Dotlom,wyrmrest-accord,384,warrior,fury,12,4,8
36808,Goatmanee,tichondrius,384,warrior,fury,12,4,8
36809,Lsays,tichondrius,384,warrior,fury,18,4,14
36810,Awell,azralon,383,warrior,fury,6,4,2
36811,Nelissa,runetotem,383,warrior,fury,6,4,2
36812,Villäïness,daggerspine,383,warrior,fury,6,4,2
36813,Hæmomancy,moon-guard,383,warrior,fury,12,4,8
36814,Galadon,amanthul,383,warrior,fury,12,4,8
36815,Rahmholz,bonechewer,383,warrior,fury,12,4,8
36816,Drovik,malygos,383,warrior,fury,12,4,8
36817,Anger,zuljin,383,warrior,fury,24,4,20
36818,Fangerbiter,destromath,382,warrior,fury,6,4,2
36819,Ünö,proudmoore,382,warrior,fury,6,4,2
36820,Solveighelga,drakkari,381,warrior,fury,12,4,8
36821,Bonebreakr,tichondrius,381,warrior,fury,24,4,20
36822,Glennyballs,dalaran,379,warrior,fury,12,4,8
36823,Baxel,arthas,367,warrior,fury,11,4,7
36824,Gotrekson,azralon,351,warrior,fury,11,4,7
36825,Guerreraa,ragnaros,351,warrior,fury,11,4,7
36826,Ghazzghkull,illidan,351,warrior,fury,11,4,7
36827,Darkrevel,dalvengyr,335,warrior,fury,11,4,7
36828,Kíngkaisér,azralon,330,warrior,fury,15,6,9
36829,Huleo,tichondrius,330,warrior,fury,14,5,9
36830,Mataviejitos,ragnaros,329,warrior,fury,16,7,9
36831,Washim,area-52,319,warrior,fury,5,4,1
36832,Rohde,nemesis,319,warrior,fury,8,4,4
36833,Decimateme,tichondrius,288,warrior,fury,6,3,3
36834,Kurowar,drakkari,288,warrior,fury,6,3,3
36835,Hithen,quelthalas,288,warrior,fury,6,3,3
36836,Govosh,thrall,288,warrior,fury,6,3,3
36837,Instakill,garrosh,288,warrior,fury,6,3,3
36838,Kreamyumyums,tichondrius,288,warrior,fury,6,3,3
36839,Vodak,daggerspine,288,warrior,fury,6,3,3
36840,Swiftÿ,gurubashi,288,warrior,fury,6,3,3
36841,Pancárcho,quelthalas,288,warrior,fury,6,3,3
36842,Demøletiøn,stormrage,288,warrior,fury,6,3,3
36843,Connero,stormrage,288,warrior,fury,6,3,3
36844,Aeros,winterhoof,288,warrior,fury,6,3,3
36845,Kàli,kiljaeden,288,warrior,fury,6,3,3
36846,Áres,spinebreaker,288,warrior,fury,6,3,3
36847,Kimed,nordrassil,288,warrior,fury,6,3,3
36848,Corgii,khaz-modan,288,warrior,fury,6,3,3
36849,Slãmpiece,stormrage,288,warrior,fury,6,3,3
36850,Malystik,ragnaros,288,warrior,fury,6,3,3
36851,Lightswords,stormrage,288,warrior,fury,6,3,3
36852,Corvesio,wyrmrest-accord,288,warrior,fury,6,3,3
36853,Nginx,queldorei,288,warrior,fury,6,3,3
36854,Maarilayne,wyrmrest-accord,288,warrior,fury,6,3,3
36855,Riggs,stonemaul,288,warrior,fury,6,3,3
36856,Resize,wyrmrest-accord,288,warrior,fury,6,3,3
36857,Bhutjolokia,ragnaros,288,warrior,fury,6,3,3
36858,Kåyotix,proudmoore,288,warrior,fury,6,3,3
36859,Smeshyou,kelthuzad,288,warrior,fury,6,3,3
36860,Yagluth,illidan,288,warrior,fury,6,3,3
36861,Arthurston,tichondrius,288,warrior,fury,6,3,3
36862,Zerrekarr,wyrmrest-accord,288,warrior,fury,6,3,3
36863,Kujø,wyrmrest-accord,288,warrior,fury,6,3,3
36864,Archibaldo,darkspear,288,warrior,fury,6,3,3
36865,Madblackcat,illidan,288,warrior,fury,6,3,3
36866,Greenugly,tichondrius,288,warrior,fury,6,3,3
36867,Pongk,tichondrius,288,warrior,fury,6,3,3
36868,Sixtydolla,kelthuzad,288,warrior,fury,6,3,3
36869,Illmindofpoo,kelthuzad,288,warrior,fury,6,3,3
36870,Wårrior,kelthuzad,288,warrior,fury,6,3,3
36871,Jethrix,kelthuzad,288,warrior,fury,6,3,3
36872,Painfulsin,tichondrius,288,warrior,fury,6,3,3
36873,Oprampage,illidan,288,warrior,fury,6,3,3
36874,Ruffless,skullcrusher,288,warrior,fury,6,3,3
36875,Lechee,silvermoon,288,warrior,fury,6,3,3
36876,Vengxdor,stormrage,288,warrior,fury,6,3,3
36877,Lindsanv,illidan,288,warrior,fury,6,3,3
36878,Kénblock,tichondrius,288,warrior,fury,6,3,3
36879,Rowdyanders,area-52,288,warrior,fury,6,3,3
36880,Morasar,area-52,288,warrior,fury,6,3,3
36881,Xragnar,area-52,288,warrior,fury,6,3,3
36882,Guillotinè,area-52,288,warrior,fury,6,3,3
36883,Gros,exodar,288,warrior,fury,6,3,3
36884,Seymourbot,illidan,288,warrior,fury,6,3,3
36885,Fartden,tichondrius,288,warrior,fury,6,3,3
36886,Rí,moon-guard,288,warrior,fury,6,3,3
36887,Executie,duskwood,288,warrior,fury,6,3,3
36888,Mcdowëll,moon-guard,288,warrior,fury,6,3,3
36889,Colössal,moon-guard,288,warrior,fury,6,3,3
36890,Riechst,quelthalas,288,warrior,fury,6,3,3
36891,Wargasms,alterac-mountains,288,warrior,fury,6,3,3
36892,Aùstin,moon-guard,288,warrior,fury,6,3,3
36893,Tâlos,magtheridon,288,warrior,fury,6,3,3
36894,Zangre,stormrage,288,warrior,fury,6,3,3
36895,Ironbark,elune,288,warrior,fury,6,3,3
36896,Barbarìan,bleeding-hollow,288,warrior,fury,6,3,3
36897,Uncritable,dalaran,288,warrior,fury,6,3,3
36898,Vongrave,moonrunner,288,warrior,fury,6,3,3
36899,Gryl,stormrage,288,warrior,fury,6,3,3
36900,Kahn,andorhal,288,warrior,fury,6,3,3
36901,Scran,sargeras,288,warrior,fury,6,3,3
36902,Akarì,emerald-dream,288,warrior,fury,6,3,3
36903,Razzik,emerald-dream,288,warrior,fury,6,3,3
36904,Santhvel,jubeithos,288,warrior,fury,6,3,3
36905,Carborr,frostmourne,288,warrior,fury,6,3,3
36906,Glexecute,sargeras,288,warrior,fury,6,3,3
36907,Beârz,the-underbog,288,warrior,fury,6,3,3
36908,Wwesheamus,frostmourne,288,warrior,fury,6,3,3
36909,Daddyd,sargeras,288,warrior,fury,6,3,3
36910,Taywar,sargeras,288,warrior,fury,6,3,3
36911,Wescer,frostmourne,288,warrior,fury,6,3,3
36912,Bothar,sargeras,288,warrior,fury,6,3,3
36913,Makeranbing,barthilas,288,warrior,fury,6,3,3
36914,Herkja,barthilas,288,warrior,fury,6,3,3
36915,Orcveinz,tichondrius,288,warrior,fury,11,5,6
36916,Tríxman,moon-guard,288,warrior,fury,12,3,9
36917,Pastorpeen,thrall,288,warrior,fury,12,3,9
36918,Flexìn,tichondrius,288,warrior,fury,12,3,9
36919,Krimmjðw,sargeras,288,warrior,fury,12,3,9
36920,Barcëlð,frostmourne,288,warrior,fury,12,3,9
36921,Warseed,ragnaros,288,warrior,fury,12,3,9
36922,Goaco,drakkari,288,warrior,fury,12,3,9
36923,Rólex,tichondrius,288,warrior,fury,12,3,9
36924,Kromgrall,tichondrius,288,warrior,fury,12,3,9
36925,Zelekron,emerald-dream,288,warrior,fury,12,3,9
36926,Kimuraa,hyjal,288,warrior,fury,12,3,9
36927,Apolio,magtheridon,288,warrior,fury,12,3,9
36928,Blackscale,grizzly-hills,288,warrior,fury,12,3,9
36929,Leonz,undermine,288,warrior,fury,12,3,9
36930,Ratface,frostmourne,288,warrior,fury,12,3,9
36931,Kuragdem,trollbane,288,warrior,fury,12,3,9
36932,Banggo,frostmourne,288,warrior,fury,12,3,9
36933,Lodog,proudmoore,288,warrior,fury,12,3,9
36934,Eadsmasher,jubeithos,287,warrior,fury,6,3,3
36935,Lourdadmiwal,aegwynn,287,warrior,fury,6,3,3
36936,Disclone,tichondrius,287,warrior,fury,6,3,3
36937,Deltong,bonechewer,287,warrior,fury,6,3,3
36938,Monsterpepe,tichondrius,287,warrior,fury,12,3,9
36939,Boothtowolf,the-forgotten-coast,286,warrior,fury,6,3,3
36940,Bigdaddyzees,bleeding-hollow,255,warrior,fury,11,3,8
36941,Offthecharts,mannoroth,254,warrior,fury,11,3,8
36942,Kitiará,area-52,240,warrior,fury,9,4,5
36943,Chupelo,tichondrius,239,warrior,fury,5,3,2
36944,Moelolita,illidan,239,warrior,fury,5,3,2
36945,Shapur,tichondrius,239,warrior,fury,5,3,2
36946,Reagzy,stormrage,234,warrior,fury,10,4,6
36947,Schlosh,laughing-skull,223,warrior,fury,8,3,5
36948,Heirel,kelthuzad,208,warrior,fury,7,3,4
36949,Çórý,area-52,192,warrior,fury,4,3,1
36950,Sabers,mannoroth,192,warrior,fury,6,2,4
36951,Hughmungús,frostmourne,192,warrior,fury,6,2,4
36952,ßoris,grizzly-hills,192,warrior,fury,6,2,4
36953,Shandrar,frostmourne,192,warrior,fury,6,2,4
36954,Snugglebuggs,stormrage,192,warrior,fury,6,2,4
36955,Bachyr,stormrage,192,warrior,fury,6,2,4
36956,Azrailz,stormrage,192,warrior,fury,6,2,4
36957,Halò,thrall,192,warrior,fury,6,2,4
36958,Yadiig,illidan,192,warrior,fury,6,2,4
36959,Mordoo,zuljin,192,warrior,fury,6,2,4
36960,Cartmain,illidan,192,warrior,fury,6,2,4
36961,Outo,stormrage,192,warrior,fury,6,2,4
36962,Draxxarlol,zuljin,192,warrior,fury,6,2,4
36963,Gangelx,illidan,192,warrior,fury,6,2,4
36964,Boombop,zuljin,192,warrior,fury,6,2,4
36965,Beatmeat,frostmourne,192,warrior,fury,6,2,4
36966,Jägernaught,stormrage,192,warrior,fury,6,2,4
36967,Bonafidesimp,stormrage,192,warrior,fury,6,2,4
36968,Rundai,zuljin,192,warrior,fury,6,2,4
36969,Therealflex,zuljin,192,warrior,fury,6,2,4
36970,Veyronn,stormrage,192,warrior,fury,6,2,4
36971,Drugdilla,zuljin,192,warrior,fury,6,2,4
36972,Munanio,stormrage,192,warrior,fury,6,2,4
36973,Saltyareolas,destromath,192,warrior,fury,6,2,4
36974,Itzyourmom,nazjatar,192,warrior,fury,6,2,4
36975,Warmul,bleeding-hollow,192,warrior,fury,6,2,4
36976,Iapologiz,illidan,192,warrior,fury,6,2,4
36977,Blademaw,stormreaver,192,warrior,fury,6,2,4
36978,Melithiae,barthilas,192,warrior,fury,6,2,4
36979,Ragetide,illidan,192,warrior,fury,6,2,4
36980,Aboveaverage,arthas,192,warrior,fury,6,2,4
36981,Painstake,illidan,192,warrior,fury,6,2,4
36982,Gakatarc,thrall,192,warrior,fury,6,2,4
36983,Yeèzy,stormrage,192,warrior,fury,6,2,4
36984,Joog,kalecgos,192,warrior,fury,6,2,4
36985,Aisinbro,illidan,192,warrior,fury,6,2,4
36986,Hadowar,thrall,192,warrior,fury,6,2,4
36987,Faywarsong,area-52,192,warrior,fury,6,2,4
36988,Tappyz,area-52,192,warrior,fury,6,2,4
36989,Sveenn,area-52,192,warrior,fury,6,2,4
36990,Reäl,dalaran,192,warrior,fury,6,2,4
36991,Cellyndia,area-52,192,warrior,fury,6,2,4
36992,Assamith,nemesis,192,warrior,fury,6,2,4
36993,Ballinx,illidan,192,warrior,fury,6,2,4
36994,Tarkvs,ragnaros,192,warrior,fury,6,2,4
36995,Kokixz,tichondrius,192,warrior,fury,6,2,4
36996,Rageroidz,area-52,192,warrior,fury,6,2,4
36997,Clerond,tichondrius,192,warrior,fury,6,2,4
36998,Fooko,lethon,192,warrior,fury,6,2,4
36999,Zdokk,sargeras,192,warrior,fury,6,2,4
37000,Good,garona,192,warrior,fury,6,2,4
37001,Druckerz,lightnings-blade,192,warrior,fury,6,2,4
37002,Tacomeat,malorne,192,warrior,fury,6,2,4
37003,Tigas,icecrown,192,warrior,fury,6,2,4
37004,Smasher,garona,192,warrior,fury,6,2,4
37005,Koppo,kelthuzad,192,warrior,fury,6,2,4
37006,Kachigas,sargeras,192,warrior,fury,6,2,4
37007,Zareos,azralon,192,warrior,fury,6,2,4
37008,Ultraa,lightbringer,192,warrior,fury,6,2,4
37009,Mfgodofwar,kelthuzad,192,warrior,fury,6,2,4
37010,Twilightzza,sargeras,192,warrior,fury,6,2,4
37011,Tortag,malganis,192,warrior,fury,6,2,4
37012,Xorjak,tichondrius,192,warrior,fury,6,2,4
37013,Maintarget,malganis,192,warrior,fury,6,2,4
37014,Matahorda,darkspear,192,warrior,fury,6,2,4
37015,Filamon,dentarg,192,warrior,fury,6,2,4
37016,Noor,tichondrius,192,warrior,fury,6,2,4
37017,Kaniks,dalaran,192,warrior,fury,6,2,4
37018,Nebraskapete,wyrmrest-accord,192,warrior,fury,6,2,4
37019,Elchacál,ragnaros,192,warrior,fury,6,2,4
37020,Amberlym,ragnaros,192,warrior,fury,6,2,4
37021,Horahloux,ragnaros,192,warrior,fury,6,2,4
37022,Wqnmlgbd,tichondrius,192,warrior,fury,6,2,4
37023,Slamspam,the-underbog,192,warrior,fury,6,2,4
37024,Ghostkin,ragnaros,192,warrior,fury,6,2,4
37025,Containerbox,korgath,192,warrior,fury,6,2,4
37026,Erikx,ragnaros,192,warrior,fury,6,2,4
37027,Lox,blades-edge,192,warrior,fury,6,2,4
37028,Koast,aerie-peak,192,warrior,fury,6,2,4
37029,Shrexecute,tichondrius,192,warrior,fury,6,2,4
37030,Bobisyourmom,tichondrius,192,warrior,fury,6,2,4
37031,Lokiullr,tichondrius,192,warrior,fury,6,2,4
37032,Gromkhor,tichondrius,192,warrior,fury,6,2,4
37033,Saltyniples,aegwynn,192,warrior,fury,6,2,4
37034,Impaling,moon-guard,192,warrior,fury,6,2,4
37035,Deafwarrior,sargeras,192,warrior,fury,6,2,4
37036,Illicitiri,sargeras,192,warrior,fury,6,2,4
37037,Peekyblinder,kiljaeden,192,warrior,fury,6,2,4
37038,Stugwar,moon-guard,192,warrior,fury,6,2,4
37039,Wariorwang,tichondrius,192,warrior,fury,6,2,4
37040,Skollyd,tichondrius,192,warrior,fury,6,2,4
37041,Estrozo,sargeras,192,warrior,fury,6,2,4
37042,Jäëgër,moon-guard,192,warrior,fury,6,2,4
37043,Daymancometh,proudmoore,192,warrior,fury,6,2,4
37044,Sîn,sargeras,192,warrior,fury,6,2,4
37045,Tempusbane,proudmoore,192,warrior,fury,6,2,4
37046,Xenogears,boulderfist,192,warrior,fury,6,2,4
37047,Neifle,tichondrius,192,warrior,fury,6,2,4
37048,Xanåtos,moon-guard,192,warrior,fury,6,2,4
37049,Gromtalin,sargeras,192,warrior,fury,6,2,4
37050,Linios,tichondrius,192,warrior,fury,6,2,4
37051,Mortaldznuts,tichondrius,192,warrior,fury,6,2,4
37052,Eîghtysîx,sargeras,192,warrior,fury,6,2,4
37053,Bighamm,tichondrius,192,warrior,fury,6,2,4
37054,Ëdwärd,moon-guard,192,warrior,fury,6,2,4
37055,Bonesheild,ursin,192,warrior,fury,11,2,9
37056,Thiccsauce,wyrmrest-accord,192,warrior,fury,12,2,10
37057,Norru,moon-guard,192,warrior,fury,12,2,10
37058,Queterompo,ragnaros,192,warrior,fury,12,2,10
37059,Doappy,darkspear,192,warrior,fury,12,2,10
37060,Naabii,moon-guard,191,warrior,fury,6,2,4
37061,Werrewolf,kul-tiras,191,warrior,fury,6,2,4
37062,Wayne,kargath,160,warrior,fury,16,2,14
37063,Crankyhorn,stormrage,159,warrior,fury,5,2,3
37064,Chiffonade,kelthuzad,144,warrior,fury,5,3,2
37065,Tankieone,aggramar,138,warrior,fury,17,3,14
37066,Rhohan,ysera,128,warrior,fury,4,2,2
37067,Bootskrapp,azgalor,112,warrior,fury,7,2,5
37068,Bradockqt,azralon,96,warrior,fury,3,2,1
37069,Dokoba,bleeding-hollow,96,warrior,fury,6,1,5
37070,Lawlstørm,stormrage,96,warrior,fury,6,1,5
37071,Warriorlee,jubeithos,96,warrior,fury,6,1,5
37072,Xiaohuzi,tichondrius,96,warrior,fury,6,1,5
37073,Trollchopo,kiljaeden,96,warrior,fury,6,1,5
37074,Bbyè,tichondrius,96,warrior,fury,6,1,5
37075,Gristly,sargeras,96,warrior,fury,6,1,5
37076,Tamagoshi,kiljaeden,96,warrior,fury,6,1,5
37077,Murrdock,nesingwary,96,warrior,fury,6,1,5
37078,Flywar,nesingwary,96,warrior,fury,6,1,5
37079,Andro,arthas,96,warrior,fury,6,1,5
37080,Aftershóck,daggerspine,96,warrior,fury,6,1,5
37081,Nerdturd,mannoroth,96,warrior,fury,6,1,5
37082,Grândmâ,zuljin,96,warrior,fury,6,1,5
37083,Kaikah,aegwynn,96,warrior,fury,6,1,5
37084,Warritha,ragnaros,96,warrior,fury,6,1,5
37085,Kevinersaa,frostmourne,96,warrior,fury,6,1,5
37086,Broxar,area-52,96,warrior,fury,6,1,5
37087,Rexxous,hyjal,96,warrior,fury,6,1,5
37088,Genesisxp,barthilas,96,warrior,fury,6,1,5
37089,Xehm,tichondrius,96,warrior,fury,6,1,5
37090,Flabergaster,skullcrusher,96,warrior,fury,6,1,5
37091,Dabdaddyy,dawnbringer,96,warrior,fury,6,1,5
37092,Aiforix,gorefiend,96,warrior,fury,6,1,5
37093,Bigk,korgath,96,warrior,fury,6,1,5
37094,Orsex,ragnaros,96,warrior,fury,6,1,5
37095,Gymnopolar,barthilas,96,warrior,fury,6,1,5
37096,Srze,azralon,96,warrior,fury,6,1,5
37097,Carnagè,area-52,96,warrior,fury,6,1,5
37098,Polox,ragnaros,96,warrior,fury,6,1,5
37099,Neotico,quelthalas,96,warrior,fury,6,1,5
37100,Draann,kirin-tor,96,warrior,fury,6,1,5
37101,Choppin,sargeras,96,warrior,fury,6,1,5
37102,Ustadbaba,area-52,96,warrior,fury,6,1,5
37103,Trén,hydraxis,96,warrior,fury,6,1,5
37104,Freanor,azralon,96,warrior,fury,6,1,5
37105,Horabad,terenas,96,warrior,fury,6,1,5
37106,Lifaen,zangarmarsh,96,warrior,fury,6,1,5
37107,Magarrior,shadowsong,96,warrior,fury,6,1,5
37108,Smashkuntz,lightnings-blade,96,warrior,fury,6,1,5
37109,Warrbull,spirestone,96,warrior,fury,6,1,5
37110,Bumrushed,tichondrius,96,warrior,fury,6,1,5
37111,Aladarith,moon-guard,96,warrior,fury,6,1,5
37112,Girthyslaps,frostmourne,96,warrior,fury,6,1,5
37113,Spartacam,frostmourne,96,warrior,fury,6,1,5
37114,Vvengencezz,the-underbog,96,warrior,fury,6,1,5
37115,Augutra,moon-guard,96,warrior,fury,6,1,5
37116,Largegayman,sargeras,96,warrior,fury,6,1,5
37117,Nasrôth,korialstrasz,96,warrior,fury,6,1,5
37118,Kreigër,area-52,96,warrior,fury,6,1,5
37119,Osselan,moon-guard,96,warrior,fury,6,1,5
37120,Iceice,dalaran,96,warrior,fury,6,1,5
37121,ßallinjr,illidan,96,warrior,fury,6,1,5
37122,Arkayla,moon-guard,96,warrior,fury,6,1,5
37123,Pcprincipal,khadgar,96,warrior,fury,6,1,5
37124,Jujuassgeter,darkspear,96,warrior,fury,12,1,11
37125,Zaxari,gurubashi,96,warrior,fury,12,1,11
37126,Shhiraq,zuljin,96,warrior,fury,12,1,11
37127,Gigglamesh,muradin,64,warrior,fury,4,1,3
37128,Cremosö,azralon,64,warrior,fury,4,1,3
37129,Coverage,frostmourne,63,warrior,fury,2,2,0
37130,Mchamstring,stormrage,63,warrior,fury,3,2,1
37131,Kirikash,illidan,42,warrior,fury,6,2,4
37132,Ztg,tichondrius,42,warrior,fury,11,2,9
37133,Vioar,hyjal,31,warrior,fury,2,1,1
37134,Thiccbiscuit,area-52,2168,warrior,arms,133,67,66
37135,Zhanwudix,tichondrius,2162,warrior,arms,111,62,49
37136,Killbørn,azralon,2156,warrior,arms,90,47,43
37137,Río,area-52,2156,warrior,arms,130,67,63
37138,Turtleboy,feathermoon,2141,warrior,arms,79,45,34
37139,Todory,moon-guard,2137,warrior,arms,155,78,77
37140,Ðêed,area-52,2133,warrior,arms,81,46,35
37141,Dpoy,tichondrius,2128,warrior,arms,108,54,54
37142,Kraftyx,bleeding-hollow,2125,warrior,arms,72,44,28
37143,Huzha,tichondrius,2114,warrior,arms,117,64,53
37144,Warried,sargeras,2113,warrior,arms,66,37,29
37145,Tyranitar,proudmoore,2113,warrior,arms,90,50,40
37146,Strife,sargeras,2112,warrior,arms,56,32,24
37147,Buckwar,zuljin,2110,warrior,arms,72,39,33
37148,Vituu,sargeras,2104,warrior,arms,104,54,50
37149,Edgarllama,sargeras,2103,warrior,arms,87,48,39
37150,ßallinjr,illidan,2103,warrior,arms,90,46,44
37151,Récksus,tichondrius,2101,warrior,arms,74,43,31
37152,Nikomasked,kelthuzad,2100,warrior,arms,66,37,29
37153,Schonkopf,moon-guard,2100,warrior,arms,90,46,44
37154,Vø,agamaggan,2097,warrior,arms,141,73,68
37155,Islonely,tichondrius,2090,warrior,arms,96,47,49
37156,Killborn,tichondrius,2049,warrior,arms,103,50,53
37157,Leans,sargeras,2048,warrior,arms,143,78,65
37158,Grantlol,illidan,2033,warrior,arms,66,40,26
37159,Orclog,illidan,2033,warrior,arms,72,37,35
37160,Perfs,bleeding-hollow,2031,warrior,arms,90,48,42
37161,Exzistance,area-52,2026,warrior,arms,71,40,31
37162,Ssamök,ragnaros,2026,warrior,arms,281,141,140
37163,Gyracide,area-52,2016,warrior,arms,101,49,52
37164,Recksus,tichondrius,2011,warrior,arms,66,44,22
37165,Kimchikick,tichondrius,2004,warrior,arms,150,80,70
37166,Foxxfighter,thrall,2000,warrior,arms,77,40,37
37167,Cloudxxy,kiljaeden,1988,warrior,arms,69,38,31
37168,Sziw,tichondrius,1983,warrior,arms,168,91,77
37169,Exespamtwo,area-52,1980,warrior,arms,180,97,83
37170,Ironbad,sargeras,1975,warrior,arms,94,50,44
37171,Lyrics,tichondrius,1969,warrior,arms,62,32,30
37172,Icarryrats,tichondrius,1967,warrior,arms,81,39,42
37173,Bighamm,tichondrius,1965,warrior,arms,71,40,31
37174,Mítos,quelthalas,1965,warrior,arms,186,97,89
37175,Massacretko,area-52,1962,warrior,arms,88,50,38
37176,Zankets,area-52,1955,warrior,arms,132,67,65
37177,Foraken,dragonmaw,1948,warrior,arms,59,36,23
37178,Belàriá,tichondrius,1948,warrior,arms,66,36,30
37179,Exëqt,nemesis,1946,warrior,arms,96,51,45
37180,Icanfixher,moon-guard,1944,warrior,arms,308,155,153
37181,Ikkyuo,proudmoore,1944,warrior,arms,66,32,34
37182,Yermalx,tichondrius,1941,warrior,arms,54,30,24
37183,Nuqipq,tichondrius,1936,warrior,arms,48,27,21
37184,Barrbarossa,stormrage,1932,warrior,arms,139,73,66
37185,Hapigirl,tichondrius,1929,warrior,arms,42,30,12
37186,Executeqt,azralon,1928,warrior,arms,143,81,62
37187,Kalpok,tichondrius,1928,warrior,arms,58,30,28
37188,Ricorecklezz,korgath,1925,warrior,arms,66,32,34
37189,Gormag,sargeras,1917,warrior,arms,54,32,22
37190,Smorc,stormrage,1917,warrior,arms,60,31,29
37191,Bigbait,hyjal,1912,warrior,arms,72,36,36
37192,Szw,tichondrius,1909,warrior,arms,131,82,49
37193,Cosmicsteel,tichondrius,1908,warrior,arms,88,51,37
37194,Solastro,malganis,1906,warrior,arms,74,35,39
37195,Destrey,emerald-dream,1905,warrior,arms,71,41,30
37196,Yermalt,tichondrius,1905,warrior,arms,80,41,39
37197,Ælilblessedñ,azralon,1904,warrior,arms,148,76,72
37198,Madblackcat,illidan,1902,warrior,arms,58,34,24
37199,Marfas,hyjal,1901,warrior,arms,147,80,67
37200,Og,shattered-hand,1900,warrior,arms,41,25,16
37201,Ignid,tichondrius,1900,warrior,arms,72,32,40
37202,Eqztw,tichondrius,1897,warrior,arms,83,58,25
37203,Paoxiaolol,tichondrius,1890,warrior,arms,73,47,26
37204,Bhaldur,sargeras,1889,warrior,arms,86,49,37
37205,Azaks,drakkari,1889,warrior,arms,48,27,21
37206,Joshiguy,area-52,1889,warrior,arms,78,36,42
37207,Etchiasoko,gurubashi,1888,warrior,arms,42,30,12
37208,Pezy,frostmourne,1887,warrior,arms,114,57,57
37209,Bacchanal,illidan,1884,warrior,arms,78,37,41
37210,Comehnrfce,illidan,1882,warrior,arms,92,43,49
37211,Masumura,kaelthas,1877,warrior,arms,62,31,31
37212,Tryhardr,sargeras,1875,warrior,arms,119,65,54
37213,Dishonorkill,dentarg,1873,warrior,arms,37,25,12
37214,Trezturbo,tichondrius,1871,warrior,arms,105,56,49
37215,Veilsidewar,kelthuzad,1870,warrior,arms,206,113,93
37216,Huugg,skullcrusher,1869,warrior,arms,81,43,38
37217,Cammerz,area-52,1864,warrior,arms,72,36,36
37218,Salgadoryan,stormrage,1864,warrior,arms,166,79,87
37219,Dawx,thrall,1862,warrior,arms,65,32,33
37220,Jadeemerald,kelthuzad,1856,warrior,arms,60,34,26
37221,Betterthanu,azralon,1856,warrior,arms,168,87,81
37222,Spìke,thrall,1856,warrior,arms,149,75,74
37223,Pooshshi,illidan,1855,warrior,arms,60,29,31
37224,Falindrah,moon-guard,1854,warrior,arms,66,32,34
37225,Archosaurs,illidan,1854,warrior,arms,48,23,25
37226,Evnine,illidan,1853,warrior,arms,39,29,10
37227,Rafheeki,tichondrius,1853,warrior,arms,90,49,41
37228,Ksharer,tichondrius,1853,warrior,arms,65,31,34
37229,Boblennon,tichondrius,1852,warrior,arms,60,25,35
37230,Zacharyx,tichondrius,1851,warrior,arms,179,88,91
37231,Ruzoc,frostmourne,1851,warrior,arms,112,50,62
37232,Demetor,skywall,1850,warrior,arms,53,27,26
37233,Xîonorc,ragnaros,1850,warrior,arms,150,76,74
37234,Icon,tichondrius,1846,warrior,arms,46,35,11
37235,Blozar,illidan,1846,warrior,arms,60,30,30
37236,Blackpînk,tichondrius,1845,warrior,arms,54,32,22
37237,Pdbq,tichondrius,1845,warrior,arms,48,28,20
37238,Rageroidz,area-52,1845,warrior,arms,54,29,25
37239,Randydanger,illidan,1845,warrior,arms,66,32,34
37240,Battousai,kiljaeden,1844,warrior,arms,54,27,27
37241,Sukonamí,draka,1842,warrior,arms,60,33,27
37242,Krunnknator,azralon,1840,warrior,arms,41,26,15
37243,Kigame,tichondrius,1840,warrior,arms,96,53,43
37244,Narwhål,tichondrius,1840,warrior,arms,90,44,46
37245,Warney,tichondrius,1838,warrior,arms,53,31,22
37246,Uzza,stormrage,1838,warrior,arms,60,34,26
37247,Draus,nemesis,1838,warrior,arms,119,67,52
37248,Bahlahkay,proudmoore,1838,warrior,arms,42,22,20
37249,Kylewalker,tichondrius,1838,warrior,arms,71,32,39
37250,Kydrav,khadgar,1837,warrior,arms,46,25,21
37251,Adaana,kargath,1836,warrior,arms,119,70,49
37252,Vatix,sargeras,1836,warrior,arms,50,28,22
37253,Ânticide,darkspear,1836,warrior,arms,72,37,35
37254,Bigdude,frostwolf,1835,warrior,arms,54,36,18
37255,Croc,frostmourne,1834,warrior,arms,32,21,11
37256,Fleegugeegu,malganis,1834,warrior,arms,90,45,45
37257,Nilah,tichondrius,1833,warrior,arms,41,24,17
37258,Bùbbájr,emerald-dream,1833,warrior,arms,54,29,25
37259,Yossarrion,frostwolf,1833,warrior,arms,48,25,23
37260,Arthurjlol,tichondrius,1833,warrior,arms,54,24,30
37261,Brilliance,suramar,1832,warrior,arms,60,30,30
37262,Hildemir,tichondrius,1831,warrior,arms,88,52,36
37263,Darrowshire,moon-guard,1831,warrior,arms,41,23,18
37264,Frëdsmite,kelthuzad,1831,warrior,arms,144,77,67
37265,Xiaoheihei,tichondrius,1831,warrior,arms,150,77,73
37266,Granzelion,tichondrius,1829,warrior,arms,96,46,50
37267,Damage,malganis,1829,warrior,arms,48,23,25
37268,Cushman,tichondrius,1828,warrior,arms,96,57,39
37269,Ruinenlust,zuljin,1828,warrior,arms,60,28,32
37270,Elpappa,tichondrius,1827,warrior,arms,48,42,6
37271,Sanquelme,ragnaros,1827,warrior,arms,63,32,31
37272,Jonathann,suramar,1827,warrior,arms,132,65,67
37273,Samuluo,tichondrius,1827,warrior,arms,66,30,36
37274,Blaíze,ragnaros,1826,warrior,arms,44,24,20
37275,Grayview,sargeras,1826,warrior,arms,77,41,36
37276,Seblleddo,drakkari,1826,warrior,arms,66,34,32
37277,Rebied,ragnaros,1826,warrior,arms,90,40,50
37278,Warriorbloo,sargeras,1825,warrior,arms,72,39,33
37279,Lebanesemvp,tichondrius,1825,warrior,arms,85,45,40
37280,Sandycrack,blackrock,1825,warrior,arms,60,30,30
37281,Coby,wildhammer,1823,warrior,arms,65,36,29
37282,Bigdaddyxo,whisperwind,1823,warrior,arms,47,24,23
37283,Cyster,proudmoore,1822,warrior,arms,42,24,18
37284,Kiggs,tichondrius,1822,warrior,arms,48,27,21
37285,Soultarius,area-52,1822,warrior,arms,69,36,33
37286,Kurï,duskwood,1822,warrior,arms,51,24,27
37287,Pkkcrisis,archimonde,1822,warrior,arms,60,28,32
37288,Soloqandy,moon-guard,1821,warrior,arms,60,29,31
37289,Kamoo,bonechewer,1820,warrior,arms,48,27,21
37290,Meccsecute,tichondrius,1820,warrior,arms,102,54,48
37291,Anautumnday,tichondrius,1820,warrior,arms,48,24,24
37292,Aggnilia,proudmoore,1820,warrior,arms,102,50,52
37293,Honock,ragnaros,1820,warrior,arms,72,34,38
37294,Yeawen,tichondrius,1818,warrior,arms,42,23,19
37295,Beanbags,zangarmarsh,1818,warrior,arms,66,34,32
37296,Nozmok,proudmoore,1818,warrior,arms,65,33,32
37297,Arivok,hyjal,1818,warrior,arms,89,43,46
37298,Thugdorr,sargeras,1818,warrior,arms,70,33,37
37299,Shadowstingg,tichondrius,1817,warrior,arms,65,30,35
37300,Missrend,hyjal,1816,warrior,arms,114,57,57
37301,Berzek,area-52,1816,warrior,arms,59,23,36
37302,Leoneceo,azralon,1815,warrior,arms,84,51,33
37303,Destram,kelthuzad,1815,warrior,arms,107,57,50
37304,Anti,nerzhul,1814,warrior,arms,57,30,27
37305,Dissector,ragnaros,1814,warrior,arms,54,28,26
37306,Zapatín,quelthalas,1814,warrior,arms,67,32,35
37307,Mäddôx,tichondrius,1814,warrior,arms,126,60,66
37308,Slaten,barthilas,1813,warrior,arms,107,57,50
37309,Ðìbs,moon-guard,1813,warrior,arms,59,31,28
37310,Onebraincell,stormrage,1811,warrior,arms,48,34,14
37311,Orçaos,ragnaros,1811,warrior,arms,120,69,51
37312,Glocç,sargeras,1811,warrior,arms,112,59,53
37313,Knuklez,tichondrius,1811,warrior,arms,64,33,31
37314,Dangerousd,kiljaeden,1811,warrior,arms,60,30,30
37315,Kaimedran,moon-guard,1810,warrior,arms,48,30,18
37316,Kriloth,frostmourne,1810,warrior,arms,50,30,20
37317,Bussupshut,kelthuzad,1810,warrior,arms,64,32,32
37318,Ürürææae,sargeras,1810,warrior,arms,189,94,95
37319,Melifehorde,tichondrius,1809,warrior,arms,42,25,17
37320,Møcat,illidan,1809,warrior,arms,90,52,38
37321,Gryffith,bleeding-hollow,1809,warrior,arms,81,36,45
37322,Ciz,emerald-dream,1808,warrior,arms,64,34,30
37323,Spartus,kelthuzad,1808,warrior,arms,78,32,46
37324,Crøm,tichondrius,1807,warrior,arms,48,29,19
37325,Tutifrutiø,azralon,1807,warrior,arms,102,48,54
37326,Darkduet,tichondrius,1806,warrior,arms,64,30,34
37327,Sickwidit,kiljaeden,1805,warrior,arms,49,28,21
37328,Noblewinter,sargeras,1805,warrior,arms,36,19,17
37329,Menethíl,tichondrius,1805,warrior,arms,52,27,25
37330,Wootzu,zuljin,1805,warrior,arms,54,27,27
37331,Tankypandazd,stormrage,1805,warrior,arms,174,81,93
37332,Mildlol,tichondrius,1804,warrior,arms,42,25,17
37333,Peinx,ragnaros,1804,warrior,arms,59,31,28
37334,Blackpinkx,tichondrius,1804,warrior,arms,42,19,23
37335,Vascoes,alleria,1803,warrior,arms,168,92,76
37336,Chakø,tichondrius,1803,warrior,arms,66,36,30
37337,Ariést,bleeding-hollow,1803,warrior,arms,42,20,22
37338,Cgelangdula,tichondrius,1802,warrior,arms,54,28,26
37339,Marsshine,tichondrius,1802,warrior,arms,42,19,23
37340,Matesan,jubeithos,1801,warrior,arms,48,28,20
37341,Hìm,tichondrius,1801,warrior,arms,54,28,26
37342,Undefied,moon-guard,1800,warrior,arms,45,27,18
37343,Strongbaby,tichondrius,1800,warrior,arms,42,23,19
37344,Zira,thrall,1800,warrior,arms,115,59,56
37345,Këther,tichondrius,1800,warrior,arms,66,33,33
37346,Kustybuckets,korgath,1798,warrior,arms,46,27,19
37347,Hèphæstús,sargeras,1792,warrior,arms,84,48,36
37348,Sponsored,argent-dawn,1792,warrior,arms,59,26,33
37349,Huuzha,tichondrius,1791,warrior,arms,53,28,25
37350,Debbie,bleeding-hollow,1790,warrior,arms,60,31,29
37351,Bigglyjoobs,tichondrius,1787,warrior,arms,78,38,40
37352,Relerocker,area-52,1786,warrior,arms,77,43,34
37353,Wulouzhan,tichondrius,1785,warrior,arms,83,49,34
37354,Hbrandy,tichondrius,1784,warrior,arms,47,26,21
37355,Vâlôr,tichondrius,1782,warrior,arms,39,26,13
37356,Thlam,muradin,1782,warrior,arms,107,58,49
37357,Ígnatius,malganis,1781,warrior,arms,48,31,17
37358,Samwolok,tichondrius,1780,warrior,arms,36,19,17
37359,Mecc,tichondrius,1780,warrior,arms,48,23,25
37360,Zindawg,frostmourne,1778,warrior,arms,186,89,97
37361,Nanchobo,tichondrius,1778,warrior,arms,66,28,38
37362,Hoboedd,area-52,1776,warrior,arms,40,22,18
37363,Dogmar,staghelm,1776,warrior,arms,92,46,46
37364,Wolfsbanne,khadgar,1775,warrior,arms,114,67,47
37365,Okita,bleeding-hollow,1775,warrior,arms,88,45,43
37366,Picarus,thunderhorn,1772,warrior,arms,60,32,28
37367,Sharer,tichondrius,1772,warrior,arms,36,19,17
37368,Noodlezz,moon-guard,1772,warrior,arms,65,31,34
37369,Tùngrâu,frostmourne,1769,warrior,arms,160,83,77
37370,Dalan,korgath,1766,warrior,arms,48,30,18
37371,Rólex,tichondrius,1766,warrior,arms,54,25,29
37372,Krbigcow,tichondrius,1764,warrior,arms,96,49,47
37373,Goodlikeplay,ragnaros,1762,warrior,arms,48,25,23
37374,Invalidoath,tichondrius,1760,warrior,arms,54,27,27
37375,Dawxw,thrall,1759,warrior,arms,41,24,17
37376,Kurodia,quelthalas,1758,warrior,arms,72,30,42
37377,Yonkerss,garrosh,1756,warrior,arms,95,51,44
37378,Doublezuglol,tichondrius,1756,warrior,arms,89,47,42
37379,Dabdaddyy,dawnbringer,1755,warrior,arms,93,43,50
37380,Genghiz,azralon,1752,warrior,arms,60,35,25
37381,Dramalas,lightbringer,1751,warrior,arms,263,136,127
37382,Warfuse,illidan,1749,warrior,arms,126,63,63
37383,Nànchobo,tichondrius,1749,warrior,arms,72,31,41
37384,Goonassassin,tichondrius,1748,warrior,arms,48,24,24
37385,Hoodrch,azralon,1747,warrior,arms,59,31,28
37386,Smashxx,area-52,1744,warrior,arms,89,49,40
37387,Ogrelurd,malygos,1743,warrior,arms,42,22,20
37388,Ollena,wyrmrest-accord,1743,warrior,arms,66,32,34
37389,Iwillcrushyo,darkspear,1743,warrior,arms,54,26,28
37390,Razw,frostmourne,1742,warrior,arms,36,23,13
37391,Madwolf,tichondrius,1742,warrior,arms,67,29,38
37392,Støne,draktharon,1741,warrior,arms,65,36,29
37393,Stáclin,ragnaros,1740,warrior,arms,348,193,155
37394,Wartruë,tichondrius,1738,warrior,arms,256,136,120
37395,Mynameyaff,tichondrius,1735,warrior,arms,103,62,41
37396,Afrikunt,tichondrius,1733,warrior,arms,54,30,24
37397,Lvlthreemage,fizzcrank,1733,warrior,arms,66,31,35
37398,Nightheller,stormrage,1733,warrior,arms,78,33,45
37399,Hoobaz,area-52,1732,warrior,arms,34,19,15
37400,Slaught,kelthuzad,1731,warrior,arms,76,37,39
37401,Brendanshwab,bleeding-hollow,1730,warrior,arms,42,23,19
37402,Kames,garrosh,1727,warrior,arms,101,49,52
37403,Nïcowo,ragnaros,1727,warrior,arms,74,35,39
37404,Tiredkev,tichondrius,1726,warrior,arms,60,32,28
37405,Isnlonely,tichondrius,1725,warrior,arms,30,18,12
37406,Swifty,anvilmar,1725,warrior,arms,30,18,12
37407,Jdubz,frostmourne,1725,warrior,arms,42,23,19
37408,Crushedlol,bleeding-hollow,1725,warrior,arms,42,22,20
37409,Athalen,nemesis,1724,warrior,arms,67,33,34
37410,Swordborne,moon-guard,1722,warrior,arms,94,43,51
37411,Itsfall,tichondrius,1721,warrior,arms,42,21,21
37412,Sick,azralon,1720,warrior,arms,52,27,25
37413,Izugyou,thrall,1718,warrior,arms,48,29,19
37414,Kruma,stormscale,1715,warrior,arms,31,18,13
37415,Cåfe,tichondrius,1715,warrior,arms,119,66,53
37416,Überwältigen,thrall,1715,warrior,arms,42,18,24
37417,Mezdrì,quelthalas,1714,warrior,arms,54,33,21
37418,Asstastic,bonechewer,1714,warrior,arms,125,56,69
37419,Bigladmike,sargeras,1714,warrior,arms,48,21,27
37420,Basedaf,frostmourne,1713,warrior,arms,84,45,39
37421,Murderbell,tichondrius,1711,warrior,arms,84,42,42
37422,Lindsanv,illidan,1710,warrior,arms,80,47,33
37423,Warginger,malygos,1710,warrior,arms,41,23,18
37424,Illing,tichondrius,1710,warrior,arms,136,74,62
37425,Boomergodx,stormrage,1708,warrior,arms,78,43,35
37426,Pachacutecxx,ragnaros,1708,warrior,arms,75,40,35
37427,Smashies,kelthuzad,1708,warrior,arms,47,24,23
37428,Raahjz,sargeras,1708,warrior,arms,66,32,34
37429,Chaytin,bleeding-hollow,1707,warrior,arms,50,27,23
37430,Paoxiaoevs,tichondrius,1707,warrior,arms,36,18,18
37431,Heater,stormrage,1705,warrior,arms,89,44,45
37432,Unhòólyshy,ragnaros,1704,warrior,arms,42,27,15
37433,Niubzs,tichondrius,1704,warrior,arms,53,27,26
37434,Míasma,ragnaros,1703,warrior,arms,54,24,30
37435,Maddawgg,mugthol,1702,warrior,arms,46,23,23
37436,Misakizs,illidan,1701,warrior,arms,61,26,35
37437,Zarrdune,darkspear,1700,warrior,arms,30,21,9
37438,Coldlòve,akama,1699,warrior,arms,30,20,10
37439,Milough,nesingwary,1699,warrior,arms,78,47,31
37440,Thrator,wyrmrest-accord,1699,warrior,arms,42,23,19
37441,Rocta,tichondrius,1698,warrior,arms,86,47,39
37442,Johnburns,tichondrius,1698,warrior,arms,36,19,17
37443,Urdem,moon-guard,1696,warrior,arms,96,51,45
37444,Kpc,tichondrius,1696,warrior,arms,60,24,36
37445,Mantistabogn,zuluhed,1695,warrior,arms,76,39,37
37446,Ashtonx,sargeras,1694,warrior,arms,36,24,12
37447,Lôwkeyfix,illidan,1694,warrior,arms,96,46,50
37448,Anukhar,emerald-dream,1693,warrior,arms,72,42,30
37449,Delphont,stormrage,1693,warrior,arms,107,59,48
37450,Zaÿne,moon-guard,1692,warrior,arms,87,41,46
37451,Rookìe,illidan,1690,warrior,arms,101,54,47
37452,Bbyè,tichondrius,1690,warrior,arms,203,105,98
37453,Bozzy,illidan,1690,warrior,arms,77,34,43
37454,Kâdé,malganis,1689,warrior,arms,30,18,12
37455,Lostsummer,frostmourne,1689,warrior,arms,58,31,27
37456,Trackstarz,llane,1688,warrior,arms,134,75,59
37457,Raveve,area-52,1688,warrior,arms,65,35,30
37458,Bigbrick,stormrage,1688,warrior,arms,90,44,46
37459,Polydopam,tichondrius,1688,warrior,arms,86,42,44
37460,Zastrow,dalaran,1686,warrior,arms,84,33,51
37461,Meowdaa,proudmoore,1686,warrior,arms,72,24,48
37462,Sindevelor,tichondrius,1684,warrior,arms,89,50,39
37463,Bebob,tichondrius,1684,warrior,arms,62,33,29
37464,Bmo,chogall,1684,warrior,arms,87,44,43
37465,Chimbrila,azralon,1684,warrior,arms,102,44,58
37466,Nazraill,aggramar,1683,warrior,arms,75,42,33
37467,Marvachi,moon-guard,1683,warrior,arms,62,32,30
37468,Shinigamix,steamwheedle-cartel,1682,warrior,arms,48,29,19
37469,Sosimi,tichondrius,1681,warrior,arms,68,41,27
37470,Stonesoup,kelthuzad,1680,warrior,arms,83,33,50
37471,Gtr,illidan,1679,warrior,arms,48,31,17
37472,Fartazz,zuljin,1673,warrior,arms,84,40,44
37473,Franziskaner,frostmourne,1673,warrior,arms,126,59,67
37474,Cokeroom,tichondrius,1672,warrior,arms,55,33,22
37475,Arkkaine,sargeras,1672,warrior,arms,81,42,39
37476,Partyx,tichondrius,1672,warrior,arms,211,106,105
37477,Pusspeepers,kelthuzad,1671,warrior,arms,39,18,21
37478,Trágus,azralon,1670,warrior,arms,95,56,39
37479,Qingmei,illidan,1670,warrior,arms,60,26,34
37480,Winota,frostmourne,1669,warrior,arms,30,22,8
37481,Brøly,sargeras,1669,warrior,arms,78,35,43
37482,Amlahj,stormrage,1668,warrior,arms,53,30,23
37483,Hydranoid,ragnaros,1666,warrior,arms,50,24,26
37484,Legoyoda,zuljin,1663,warrior,arms,54,29,25
37485,Edgárllama,sargeras,1663,warrior,arms,38,20,18
37486,Groundpound,sargeras,1663,warrior,arms,78,41,37
37487,Colössal,moon-guard,1663,warrior,arms,94,48,46
37488,Fluffyarm,sargeras,1663,warrior,arms,161,81,80
37489,Tastý,moon-guard,1663,warrior,arms,48,20,28
37490,Ystkk,tichondrius,1662,warrior,arms,42,25,17
37491,Warbeshar,area-52,1662,warrior,arms,42,21,21
37492,Khørnë,ragnaros,1661,warrior,arms,54,30,24
37493,Hickorie,sargeras,1661,warrior,arms,78,41,37
37494,Killbórn,azralon,1660,warrior,arms,30,19,11
37495,Bugsberserk,tichondrius,1658,warrior,arms,101,54,47
37496,Twshizgd,proudmoore,1657,warrior,arms,139,68,71
37497,Axazel,drakkari,1657,warrior,arms,56,27,29
37498,Iwillcrushu,tichondrius,1655,warrior,arms,77,40,37
37499,Golem,frostmourne,1655,warrior,arms,54,27,27
37500,Sineatér,frostmourne,1654,warrior,arms,61,30,31
37501,Maktarax,zuljin,1654,warrior,arms,40,18,22
37502,Soupwar,moon-guard,1653,warrior,arms,64,33,31
37503,Rynrak,tichondrius,1653,warrior,arms,41,19,22
37504,Kilgorath,area-52,1652,warrior,arms,60,26,34
37505,Bakadoom,illidan,1651,warrior,arms,66,34,32
37506,Allyer,darkspear,1650,warrior,arms,42,23,19
37507,Creøn,silvermoon,1650,warrior,arms,68,35,33
37508,Phabian,frostmourne,1648,warrior,arms,41,22,19
37509,Zenrrei,ragnaros,1647,warrior,arms,96,53,43
37510,Arx,frostwolf,1647,warrior,arms,123,66,57
37511,Droguernaut,tichondrius,1646,warrior,arms,59,30,29
37512,Bøek,area-52,1646,warrior,arms,86,39,47
37513,Xwarz,drakkari,1645,warrior,arms,42,19,23
37514,Wolfcultist,moon-guard,1645,warrior,arms,48,20,28
37515,Forakenna,dragonmaw,1644,warrior,arms,29,20,9
37516,Rainingblooð,blackrock,1644,warrior,arms,103,53,50
37517,Kekbyemmr,illidan,1644,warrior,arms,48,22,26
37518,Morfoggore,ragnaros,1643,warrior,arms,54,28,26
37519,Kromgrall,tichondrius,1643,warrior,arms,161,75,86
37520,Pipedoctor,kelthuzad,1642,warrior,arms,30,21,9
37521,Smokes,sargeras,1642,warrior,arms,108,49,59
37522,Tatsuu,tichondrius,1640,warrior,arms,264,131,133
37523,Sonjeba,malganis,1640,warrior,arms,70,32,38
37524,Fulaixiong,illidan,1639,warrior,arms,51,34,17
37525,Wargasmx,tichondrius,1638,warrior,arms,46,22,24
37526,Ngu,eldrethalas,1636,warrior,arms,53,26,27
37527,Jottman,tichondrius,1635,warrior,arms,72,31,41
37528,Ciskokido,illidan,1634,warrior,arms,42,23,19
37529,Stick,tichondrius,1634,warrior,arms,101,54,47
37530,Wingaling,malganis,1633,warrior,arms,54,24,30
37531,Matrias,tichondrius,1632,warrior,arms,100,58,42
37532,Lexíbelle,korgath,1631,warrior,arms,36,21,15
37533,Delakos,frostmourne,1630,warrior,arms,66,37,29
37534,Crowsfall,aggramar,1630,warrior,arms,196,99,97
37535,Shazbøt,tichondrius,1630,warrior,arms,45,19,26
37536,Furykets,proudmoore,1629,warrior,arms,38,19,19
37537,Yabahdabah,stormrage,1628,warrior,arms,81,45,36
37538,Tatërs,zuljin,1628,warrior,arms,42,22,20
37539,Hõdõnsin,tichondrius,1628,warrior,arms,57,26,31
37540,Ikaikasan,illidan,1627,warrior,arms,32,22,10
37541,Hookahboss,area-52,1627,warrior,arms,40,21,19
37542,Vauquelin,tichondrius,1626,warrior,arms,60,33,27
37543,Zeroskill,cenarius,1626,warrior,arms,60,28,32
37544,Kazecap,proudmoore,1626,warrior,arms,66,29,37
37545,Gravewurm,twisting-nether,1625,warrior,arms,36,21,15
37546,Orgnosh,tichondrius,1625,warrior,arms,96,52,44
37547,Gutting,moon-guard,1625,warrior,arms,36,18,18
37548,Duxor,sargeras,1625,warrior,arms,54,24,30
37549,Jgillz,sargeras,1624,warrior,arms,30,17,13
37550,Bâlthor,quelthalas,1624,warrior,arms,110,57,53
37551,Zenchi,nerzhul,1624,warrior,arms,55,24,31
37552,Bddg,tichondrius,1623,warrior,arms,30,18,12
37553,Testflight,tichondrius,1623,warrior,arms,54,30,24
37554,Bwandøn,moon-guard,1623,warrior,arms,76,38,38
37555,Painsoul,illidan,1622,warrior,arms,40,21,19
37556,Ôn,tichondrius,1622,warrior,arms,107,52,55
37557,Ðrex,nagrand,1621,warrior,arms,45,27,18
37558,Chadwarr,tichondrius,1621,warrior,arms,31,17,14
37559,Twilightrain,tichondrius,1621,warrior,arms,261,138,123
37560,Kirown,quelthalas,1621,warrior,arms,98,45,53
37561,Jdubzr,frostmourne,1621,warrior,arms,48,22,26
37562,Stooklol,tichondrius,1621,warrior,arms,54,22,32
37563,Swagramarr,area-52,1619,warrior,arms,81,43,38
37564,Morioso,boulderfist,1619,warrior,arms,60,26,34
37565,Szeo,tichondrius,1617,warrior,arms,24,17,7
37566,Achilex,sargeras,1617,warrior,arms,127,66,61
37567,Bromro,tichondrius,1617,warrior,arms,116,55,61
37568,Ryängosling,azralon,1616,warrior,arms,150,83,67
37569,Necroticism,bleeding-hollow,1616,warrior,arms,36,17,19
37570,Slamuëladams,bleeding-hollow,1616,warrior,arms,48,20,28
37571,Stormlørd,frostmourne,1615,warrior,arms,52,29,23
37572,Timbermack,moon-guard,1615,warrior,arms,78,43,35
37573,Ichirisw,tichondrius,1615,warrior,arms,47,23,24
37574,Axellent,gilneas,1614,warrior,arms,70,44,26
37575,Rittylord,frostmourne,1614,warrior,arms,68,37,31
37576,Metalchileno,ragnaros,1614,warrior,arms,48,20,28
37577,Willcharge,tichondrius,1614,warrior,arms,49,17,32
37578,Myndon,area-52,1613,warrior,arms,37,27,10
37579,Abswar,tichondrius,1613,warrior,arms,24,17,7
37580,Pepétí,azralon,1613,warrior,arms,119,58,61
37581,Indominate,tichondrius,1612,warrior,arms,98,43,55
37582,Hofukumizuki,tichondrius,1612,warrior,arms,54,21,33
37583,Shaõkahn,nemesis,1611,warrior,arms,46,23,23
37584,Scrümp,illidan,1610,warrior,arms,79,44,35
37585,Stickybladez,frostmourne,1610,warrior,arms,108,58,50
37586,Ramzeé,kelthuzad,1609,warrior,arms,78,47,31
37587,Thebigsmash,tichondrius,1609,warrior,arms,42,23,19
37588,Nuccî,azralon,1608,warrior,arms,36,17,19
37589,Warrgawd,illidan,1607,warrior,arms,59,32,27
37590,Furydudz,tichondrius,1607,warrior,arms,42,21,21
37591,Wartrue,tichondrius,1607,warrior,arms,156,71,85
37592,Dokgö,tichondrius,1607,warrior,arms,60,27,33
37593,Ottø,area-52,1606,warrior,arms,72,40,32
37594,Bobu,area-52,1606,warrior,arms,52,28,24
37595,Aventajadu,ragnaros,1606,warrior,arms,42,20,22
37596,Brainhaze,tichondrius,1606,warrior,arms,48,21,27
37597,Vanexx,tichondrius,1605,warrior,arms,37,22,15
37598,Maraudertko,area-52,1605,warrior,arms,30,17,13
37599,Mitigated,bleeding-hollow,1605,warrior,arms,42,22,20
37600,Bìgpoppapump,tichondrius,1605,warrior,arms,72,36,36
37601,Myxz,barthilas,1605,warrior,arms,120,59,61
37602,Ethuil,azshara,1605,warrior,arms,65,29,36
37603,Kakamallo,black-dragonflight,1604,warrior,arms,201,109,92
37604,Blodreìna,hyjal,1604,warrior,arms,109,53,56
37605,Sayyaf,moon-guard,1604,warrior,arms,57,20,37
37606,Bleedx,bleeding-hollow,1603,warrior,arms,51,30,21
37607,Yamadaflash,tichondrius,1603,warrior,arms,37,21,16
37608,Zaràki,area-52,1603,warrior,arms,186,95,91
37609,Mahoogler,hakkar,1603,warrior,arms,66,31,35
37610,Malerick,illidan,1603,warrior,arms,63,27,36
37611,Sheriff,eldrethalas,1600,warrior,arms,54,31,23
37612,Ävdol,emerald-dream,1599,warrior,arms,42,20,22
37613,Patwong,frostmourne,1597,warrior,arms,66,36,30
37614,Raph,barthilas,1595,warrior,arms,36,20,16
37615,Coollelex,proudmoore,1595,warrior,arms,50,25,25
37616,Sayîon,zuljin,1594,warrior,arms,42,19,23
37617,Rapcherawr,illidan,1593,warrior,arms,33,20,13
37618,Faelash,stormrage,1592,warrior,arms,55,25,30
37619,Blíding,ragnaros,1592,warrior,arms,57,22,35
37620,Gromkhor,tichondrius,1590,warrior,arms,41,18,23
37621,Meatbone,emerald-dream,1589,warrior,arms,84,48,36
37622,Mistrpower,bleeding-hollow,1589,warrior,arms,78,44,34
37623,Wutains,tichondrius,1589,warrior,arms,36,19,17
37624,Cutgirl,quelthalas,1589,warrior,arms,44,19,25
37625,Maddorlon,thrall,1588,warrior,arms,47,23,24
37626,Dewbae,whisperwind,1586,warrior,arms,72,37,35
37627,Homebody,uldaman,1585,warrior,arms,38,25,13
37628,Hyperdevil,ragnaros,1585,warrior,arms,35,19,16
37629,Kilgrah,emerald-dream,1585,warrior,arms,36,19,17
37630,Sheetss,tichondrius,1585,warrior,arms,48,23,25
37631,Dukà,hyjal,1584,warrior,arms,54,30,24
37632,Destructör,nagrand,1584,warrior,arms,93,49,44
37633,Tzumugi,ragnaros,1583,warrior,arms,243,124,119
37634,Heylol,blackhand,1583,warrior,arms,48,19,29
37635,Gannïcûs,drakkari,1582,warrior,arms,53,20,33
37636,Rongor,drakkari,1580,warrior,arms,54,26,28
37637,Traumaj,bleeding-hollow,1579,warrior,arms,103,57,46
37638,Gbar,azralon,1578,warrior,arms,32,19,13
37639,Drjuicce,tichondrius,1577,warrior,arms,24,17,7
37640,Ragetodef,illidan,1577,warrior,arms,91,45,46
37641,Därkzh,stormrage,1576,warrior,arms,30,20,10
37642,Lootacris,illidan,1576,warrior,arms,55,27,28
37643,Mokron,moon-guard,1576,warrior,arms,44,19,25
37644,Juuz,frostmourne,1575,warrior,arms,114,56,58
37645,Lunartime,sargeras,1575,warrior,arms,42,20,22
37646,Ferozan,azralon,1575,warrior,arms,42,20,22
37647,Sulze,tichondrius,1575,warrior,arms,177,83,94
37648,Aumni,illidan,1574,warrior,arms,86,39,47
37649,Darthbleezy,malygos,1573,warrior,arms,42,22,20
37650,Sinbãd,sargeras,1573,warrior,arms,65,29,36
37651,Marchdream,tichondrius,1572,warrior,arms,36,19,17
37652,Danceylol,barthilas,1572,warrior,arms,48,19,29
37653,Yarock,malganis,1571,warrior,arms,84,38,46
37654,Armamortal,kelthuzad,1570,warrior,arms,161,84,77
37655,Ÿüñí,tichondrius,1570,warrior,arms,42,19,23
37656,Spartiguss,emerald-dream,1569,warrior,arms,35,18,17
37657,Dotlom,wyrmrest-accord,1569,warrior,arms,112,55,57
37658,Juicylumpia,moon-guard,1568,warrior,arms,48,31,17
37659,Shadderaz,sargeras,1568,warrior,arms,30,18,12
37660,PlayerRNKMRN,korgath,1567,warrior,arms,55,35,20
37661,Johnnysmizle,kelthuzad,1567,warrior,arms,70,32,38
37662,Riggragg,tichondrius,1565,warrior,arms,48,28,20
37663,Orahard,illidan,1565,warrior,arms,176,86,90
37664,Pigzig,nagrand,1564,warrior,arms,36,18,18
37665,Hanadaddy,frostmourne,1564,warrior,arms,104,51,53
37666,Mcluffin,proudmoore,1563,warrior,arms,42,26,16
37667,Blaiize,ragnaros,1563,warrior,arms,48,18,30
37668,Chogar,proudmoore,1562,warrior,arms,64,34,30
37669,Chañ,tichondrius,1562,warrior,arms,36,19,17
37670,Executie,duskwood,1562,warrior,arms,73,36,37
37671,Sakutarou,lightbringer,1561,warrior,arms,196,93,103
37672,Nerdstompêr,illidan,1561,warrior,arms,66,29,37
37673,Oppressor,darkspear,1559,warrior,arms,65,33,32
37674,Hônor,ragnaros,1558,warrior,arms,54,24,30
37675,Ashantia,stormrage,1557,warrior,arms,61,33,28
37676,Alator,gorgonnash,1556,warrior,arms,36,21,15
37677,Monstersynde,nemesis,1556,warrior,arms,96,49,47
37678,Firesx,tichondrius,1555,warrior,arms,36,20,16
37679,Arctures,stormrage,1554,warrior,arms,72,45,27
37680,Naejwar,ragnaros,1552,warrior,arms,164,85,79
37681,Ghóstx,alleria,1550,warrior,arms,53,37,16
37682,Wydstepwar,malganis,1550,warrior,arms,48,31,17
37683,Krakatóa,kelthuzad,1550,warrior,arms,82,46,36
37684,Titanzz,quelthalas,1550,warrior,arms,71,35,36
37685,Xkickaxes,tichondrius,1550,warrior,arms,42,19,23
37686,Rèckit,thrall,1550,warrior,arms,48,21,27
37687,Itskel,stormreaver,1546,warrior,arms,44,23,21
37688,Warriordanim,tichondrius,1545,warrior,arms,132,59,73
37689,Abbastanza,tichondrius,1544,warrior,arms,51,18,33
37690,Zyppz,sargeras,1543,warrior,arms,38,26,12
37691,Xunxie,tichondrius,1543,warrior,arms,71,37,34
37692,Fyruz,sargeras,1542,warrior,arms,74,41,33
37693,Ginormous,rivendare,1542,warrior,arms,51,26,25
37694,Know,anetheron,1542,warrior,arms,98,45,53
37695,Wingedknight,malganis,1541,warrior,arms,98,47,51
37696,Ohanaglad,illidan,1539,warrior,arms,96,51,45
37697,Uhttercow,tichondrius,1539,warrior,arms,66,33,33
37698,Slitt,azralon,1538,warrior,arms,72,39,33
37699,Isarat,illidan,1535,warrior,arms,30,17,13
37700,Larrylurker,proudmoore,1533,warrior,arms,107,53,54
37701,Garrmash,hyjal,1533,warrior,arms,169,83,86
37702,Hydrolisk,area-52,1533,warrior,arms,114,55,59
37703,Rohta,kiljaeden,1533,warrior,arms,77,36,41
37704,Torzzen,azralon,1532,warrior,arms,77,40,37
37705,Nyle,zuljin,1532,warrior,arms,60,31,29
37706,Yueren,tichondrius,1532,warrior,arms,36,16,20
37707,Anticiðe,zuljin,1531,warrior,arms,24,16,8
37708,Rokgral,tichondrius,1531,warrior,arms,56,29,27
37709,Bottlecaps,shadowmoon,1530,warrior,arms,45,23,22
37710,Kowboy,stormrage,1530,warrior,arms,102,52,50
37711,Chillimus,tichondrius,1530,warrior,arms,48,23,25
37712,Ratfang,zuljin,1528,warrior,arms,28,17,11
37713,Shiv,illidan,1527,warrior,arms,93,46,47
37714,Tkazo,tichondrius,1527,warrior,arms,35,17,18
37715,Yiplaw,stormrage,1526,warrior,arms,30,16,14
37716,Lehzera,frostmourne,1526,warrior,arms,44,20,24
37717,Flynnstone,tichondrius,1524,warrior,arms,30,19,11
37718,Chinamonk,tichondrius,1524,warrior,arms,101,49,52
37719,Hannibalkng,zangarmarsh,1524,warrior,arms,52,20,32
37720,Lionbuster,ragnaros,1523,warrior,arms,36,22,14
37721,Magicalol,tichondrius,1523,warrior,arms,30,16,14
37722,Stinkyw,tichondrius,1522,warrior,arms,37,21,16
37723,Jrod,boulderfist,1522,warrior,arms,180,91,89
37724,Kaÿip,tichondrius,1521,warrior,arms,30,16,14
37725,Kimed,nordrassil,1520,warrior,arms,30,16,14
37726,Unstàble,frostmourne,1520,warrior,arms,66,34,32
37727,Spartacam,frostmourne,1520,warrior,arms,166,83,83
37728,Flexìn,tichondrius,1520,warrior,arms,36,16,20
37729,Elchacál,ragnaros,1520,warrior,arms,66,27,39
37730,Randysnapper,zuljin,1519,warrior,arms,24,16,8
37731,Ichigö,gundrak,1519,warrior,arms,51,25,26
37732,Memorylane,proudmoore,1519,warrior,arms,36,16,20
37733,Rukittenme,area-52,1519,warrior,arms,72,29,43
37734,Powerbucks,tichondrius,1518,warrior,arms,32,17,15
37735,Damiansuv,moon-guard,1516,warrior,arms,153,73,80
37736,Jimjinjin,tichondrius,1515,warrior,arms,30,16,14
37737,Rads,stormscale,1514,warrior,arms,69,39,30
37738,Brayitann,illidan,1514,warrior,arms,49,27,22
37739,Chupelo,tichondrius,1513,warrior,arms,24,18,6
37740,Dtrumpo,moon-guard,1513,warrior,arms,52,27,25
37741,Liltop,moon-guard,1512,warrior,arms,39,20,19
37742,Luosifen,tichondrius,1511,warrior,arms,161,83,78
37743,Línfert,stormrage,1511,warrior,arms,111,56,55
37744,Tuvia,malganis,1511,warrior,arms,177,89,88
37745,Raala,cenarius,1510,warrior,arms,45,31,14
37746,Cathillex,eonar,1510,warrior,arms,24,16,8
37747,Tríxman,moon-guard,1510,warrior,arms,104,60,44
37748,Buntpunt,mannoroth,1510,warrior,arms,61,33,28
37749,Gorez,ragnaros,1510,warrior,arms,36,18,18
37750,Draganovich,aerie-peak,1509,warrior,arms,54,30,24
37751,Ewenki,tichondrius,1509,warrior,arms,117,61,56
37752,Aloregorey,malganis,1509,warrior,arms,84,38,46
37753,Bozwar,tichondrius,1508,warrior,arms,48,25,23
37754,Punknicanor,quelthalas,1508,warrior,arms,66,33,33
37755,Flexeçute,moon-guard,1508,warrior,arms,66,30,36
37756,Lyliumn,frostmourne,1508,warrior,arms,42,19,23
37757,Geñeralguap,tichondrius,1507,warrior,arms,162,87,75
37758,Machete,nemesis,1507,warrior,arms,76,40,36
37759,Grumtak,azralon,1507,warrior,arms,35,18,17
37760,Saleem,tichondrius,1507,warrior,arms,145,74,71
37761,Dysensor,illidan,1506,warrior,arms,60,33,27
37762,Nornogin,tichondrius,1505,warrior,arms,48,21,27
37763,Koberos,queldorei,1504,warrior,arms,42,16,26
37764,Wouili,zuljin,1503,warrior,arms,97,59,38
37765,Theokos,dalaran,1503,warrior,arms,72,32,40
37766,Calmaah,frostmourne,1502,warrior,arms,58,32,26
37767,Skronkar,illidan,1501,warrior,arms,78,37,41
37768,Michaelrossx,bloodhoof,1500,warrior,arms,174,85,89
37769,Muskratz,tichondrius,1500,warrior,arms,66,32,34
37770,Yawdamper,illidan,1499,warrior,arms,24,17,7
37771,Swólepetrol,tichondrius,1499,warrior,arms,30,16,14
37772,Metalwarr,illidan,1499,warrior,arms,47,23,24
37773,Banhaezzi,tichondrius,1499,warrior,arms,124,60,64
37774,Zalakan,malganis,1497,warrior,arms,24,16,8
37775,Tcchmm,akama,1497,warrior,arms,64,28,36
37776,Enilaw,proudmoore,1496,warrior,arms,62,36,26
37777,Utgarde,stormrage,1496,warrior,arms,176,92,84
37778,Ghianna,quelthalas,1496,warrior,arms,48,22,26
37779,Danield,illidan,1496,warrior,arms,42,16,26
37780,Flintish,moon-guard,1495,warrior,arms,48,30,18
37781,Ralphy,lightnings-blade,1495,warrior,arms,88,48,40
37782,Achillescool,tichondrius,1495,warrior,arms,54,25,29
37783,Hoodlark,lightbringer,1495,warrior,arms,66,27,39
37784,Gorenay,nemesis,1494,warrior,arms,36,17,19
37785,Datneck,tichondrius,1493,warrior,arms,30,16,14
37786,Horsekok,tichondrius,1492,warrior,arms,30,19,11
37787,Aggorak,illidan,1492,warrior,arms,36,16,20
37788,Brewstrike,dalaran,1491,warrior,arms,30,17,13
37789,Morboo,illidan,1491,warrior,arms,30,16,14
37790,Sáítámá,tichondrius,1491,warrior,arms,52,27,25
37791,Torimzor,nemesis,1490,warrior,arms,126,69,57
37792,Fraannky,windrunner,1490,warrior,arms,72,38,34
37793,Roidraging,thunderlord,1490,warrior,arms,149,66,83
37794,Garadiels,tichondrius,1490,warrior,arms,73,31,42
37795,Sinsinatra,azralon,1489,warrior,arms,174,85,89
37796,Rockstedy,area-52,1489,warrior,arms,68,31,37
37797,Flavor,aegwynn,1489,warrior,arms,36,16,20
37798,Ôxluck,ragnaros,1489,warrior,arms,74,27,47
37799,Islik,stormrage,1488,warrior,arms,30,16,14
37800,Taywar,sargeras,1488,warrior,arms,60,29,31
37801,Dragvovar,thrall,1488,warrior,arms,42,16,26
37802,Casablancas,azralon,1488,warrior,arms,42,16,26
37803,Zänn,dalaran,1486,warrior,arms,60,38,22
37804,Pelonna,drakkari,1486,warrior,arms,120,57,63
37805,Painfulsin,tichondrius,1486,warrior,arms,42,19,23
37806,Wmf,frostmourne,1486,warrior,arms,78,35,43
37807,Soltrain,stormrage,1485,warrior,arms,44,21,23
37808,Karnakk,thrall,1485,warrior,arms,41,16,25
37809,Kénjar,tichondrius,1484,warrior,arms,24,16,8
37810,Ogeezus,crushridge,1484,warrior,arms,36,17,19
37811,Earlsiriuz,tichondrius,1483,warrior,arms,51,23,28
37812,Dorianfrost,ravenholdt,1483,warrior,arms,54,20,34
37813,Kolossux,ragnaros,1482,warrior,arms,66,35,31
37814,Frankoiz,quelthalas,1482,warrior,arms,42,19,23
37815,Gorgan,ragnaros,1481,warrior,arms,52,23,29
37816,Visenyä,mannoroth,1481,warrior,arms,52,21,31
37817,Kissmyaxê,tichondrius,1480,warrior,arms,57,24,33
37818,Brutallicus,kelthuzad,1479,warrior,arms,33,17,16
37819,Volstraya,frostmourne,1478,warrior,arms,36,18,18
37820,Shortgoofy,sargeras,1477,warrior,arms,129,61,68
37821,Crystaríum,stormrage,1477,warrior,arms,79,37,42
37822,Alexitwo,ragnaros,1476,warrior,arms,48,29,19
37823,Rainzy,stormrage,1476,warrior,arms,36,16,20
37824,Weedow,proudmoore,1474,warrior,arms,29,16,13
37825,Saîyanroyce,barthilas,1473,warrior,arms,137,69,68
37826,Naughtytwat,tichondrius,1472,warrior,arms,183,90,93
37827,Dann,ragnaros,1472,warrior,arms,84,39,45
37828,Radagøn,drakkari,1472,warrior,arms,36,16,20
37829,Lòrdnasher,tichondrius,1471,warrior,arms,53,29,24
37830,Ygucheng,emerald-dream,1471,warrior,arms,49,25,24
37831,Arthwarf,proudmoore,1470,warrior,arms,54,26,28
37832,Bricksquad,mannoroth,1470,warrior,arms,39,18,21
37833,Baul,area-52,1469,warrior,arms,59,31,28
37834,Kolosal,tichondrius,1469,warrior,arms,33,16,17
37835,Mardrex,korgath,1469,warrior,arms,36,16,20
37836,Smokedaperc,illidan,1468,warrior,arms,84,44,40
37837,Jeffo,amanthul,1468,warrior,arms,38,18,20
37838,Thurman,spirestone,1467,warrior,arms,44,26,18
37839,Unkultom,stormrage,1467,warrior,arms,57,30,27
37840,Beaerboy,darkspear,1466,warrior,arms,96,43,53
37841,Eggroll,emerald-dream,1465,warrior,arms,47,17,30
37842,Gwendolynl,hyjal,1464,warrior,arms,55,29,26
37843,Toughguts,saurfang,1464,warrior,arms,60,29,31
37844,Armsprotfury,tichondrius,1463,warrior,arms,42,26,16
37845,Frashes,darkspear,1463,warrior,arms,55,26,29
37846,Bigdingus,frostwolf,1463,warrior,arms,60,28,32
37847,Moonär,emerald-dream,1463,warrior,arms,60,27,33
37848,Sertss,proudmoore,1462,warrior,arms,71,30,41
37849,Golkän,goldrinn,1461,warrior,arms,66,34,32
37850,Duroxzee,area-52,1460,warrior,arms,168,90,78
37851,Slyith,shadow-council,1460,warrior,arms,77,38,39
37852,Nabiouscx,malganis,1460,warrior,arms,101,47,54
37853,Fatnfurious,dunemaul,1459,warrior,arms,77,40,37
37854,Raves,quelthalas,1459,warrior,arms,60,22,38
37855,Allgas,barthilas,1458,warrior,arms,77,46,31
37856,Warlow,korgath,1458,warrior,arms,58,26,32
37857,Mommysharky,illidan,1457,warrior,arms,36,26,10
37858,Dathalidus,area-52,1457,warrior,arms,50,32,18
37859,Creepi,sargeras,1457,warrior,arms,56,30,26
37860,Legbreaker,tichondrius,1457,warrior,arms,58,29,29
37861,Ihadnochoice,barthilas,1457,warrior,arms,166,80,86
37862,Zeerohkool,malganis,1457,warrior,arms,68,31,37
37863,Enzoh,zuljin,1457,warrior,arms,50,16,34
37864,Bullmastic,deathwing,1456,warrior,arms,46,21,25
37865,Pongk,tichondrius,1456,warrior,arms,57,17,40
37866,Amaragos,tichondrius,1455,warrior,arms,62,37,25
37867,Jotto,zuljin,1455,warrior,arms,36,18,18
37868,Xaka,tichondrius,1455,warrior,arms,42,19,23
37869,Hotdadparty,frostmourne,1455,warrior,arms,59,26,33
37870,Zhânshen,tichondrius,1454,warrior,arms,48,24,24
37871,Doves,tichondrius,1453,warrior,arms,33,16,17
37872,Arot,bloodhoof,1453,warrior,arms,93,42,51
37873,Mailløche,bleeding-hollow,1452,warrior,arms,60,32,28
37874,Xenogears,boulderfist,1452,warrior,arms,96,51,45
37875,Gwlade,sargeras,1452,warrior,arms,121,63,58
37876,Biznizwar,sargeras,1450,warrior,arms,124,61,63
37877,Dajva,ragnaros,1450,warrior,arms,36,16,20
37878,Wellowarr,moon-guard,1448,warrior,arms,78,34,44
37879,Dcashmoney,moon-guard,1448,warrior,arms,66,28,38
37880,Balroge,illidan,1447,warrior,arms,48,22,26
37881,Overswing,tichondrius,1446,warrior,arms,78,32,46
37882,Rárict,moon-guard,1445,warrior,arms,46,26,20
37883,Shawnemd,proudmoore,1445,warrior,arms,54,29,25
37884,Furyass,bleeding-hollow,1442,warrior,arms,114,61,53
37885,Ashbringera,proudmoore,1442,warrior,arms,120,57,63
37886,Kréix,sargeras,1442,warrior,arms,59,27,32
37887,Lionssong,bleeding-hollow,1442,warrior,arms,47,20,27
37888,Riskydevil,azralon,1441,warrior,arms,40,23,17
37889,Muertededios,quelthalas,1441,warrior,arms,123,62,61
37890,Lisande,sargeras,1440,warrior,arms,70,40,30
37891,Ðêad,area-52,1439,warrior,arms,24,15,9
37892,Bigjbs,tichondrius,1439,warrior,arms,24,15,9
37893,Crownzz,tichondrius,1439,warrior,arms,30,15,15
37894,Rekatron,area-52,1439,warrior,arms,30,15,15
37895,Darkfang,icecrown,1438,warrior,arms,48,26,22
37896,Jichelei,tichondrius,1438,warrior,arms,72,35,37
37897,Loosz,stormrage,1438,warrior,arms,36,15,21
37898,Graelus,terenas,1437,warrior,arms,43,24,19
37899,Slamix,area-52,1436,warrior,arms,63,33,30
37900,Lsays,tichondrius,1435,warrior,arms,86,41,45
37901,Nikon,bleeding-hollow,1435,warrior,arms,42,16,26
37902,Vainamóinen,kelthuzad,1433,warrior,arms,24,15,9
37903,Áres,malganis,1433,warrior,arms,178,95,83
37904,Monowarx,frostmourne,1433,warrior,arms,46,22,24
37905,Badguys,illidan,1431,warrior,arms,36,15,21
37906,Krimgar,quelthalas,1430,warrior,arms,64,24,40
37907,Naxxiki,wyrmrest-accord,1429,warrior,arms,42,25,17
37908,Destroid,zuljin,1428,warrior,arms,24,15,9
37909,Klouddraft,tichondrius,1428,warrior,arms,39,22,17
37910,Shishokun,quelthalas,1428,warrior,arms,64,29,35
37911,Shiiftybuga,frostmourne,1427,warrior,arms,50,27,23
37912,Supremegalek,tichondrius,1427,warrior,arms,82,44,38
37913,Karrok,zuluhed,1427,warrior,arms,192,90,102
37914,Hulkbuster,ragnaros,1427,warrior,arms,42,18,24
37915,Kadira,stormrage,1427,warrior,arms,90,37,53
37916,Robodad,illidan,1425,warrior,arms,30,15,15
37917,Thorado,nemesis,1425,warrior,arms,63,31,32
37918,Joebo,thrall,1424,warrior,arms,18,15,3
37919,Draugus,azralon,1424,warrior,arms,24,15,9
37920,Dinogc,barthilas,1424,warrior,arms,32,17,15
37921,Scrapx,malganis,1423,warrior,arms,66,33,33
37922,Tergll,illidan,1423,warrior,arms,51,23,28
37923,Cjz,tichondrius,1422,warrior,arms,42,25,17
37924,Automator,proudmoore,1422,warrior,arms,36,15,21
37925,Wapistun,thrall,1421,warrior,arms,36,19,17
37926,Kralo,moon-guard,1421,warrior,arms,33,16,17
37927,Zaexx,stormrage,1420,warrior,arms,41,22,19
37928,Braxin,dalaran,1420,warrior,arms,66,34,32
37929,Mahkrash,quelthalas,1420,warrior,arms,47,22,25
37930,Sleazedog,kelthuzad,1420,warrior,arms,48,21,27
37931,Waraze,tichondrius,1420,warrior,arms,42,17,25
37932,Maywarro,ragnaros,1419,warrior,arms,36,19,17
37933,Noyel,tichondrius,1419,warrior,arms,31,15,16
37934,Kinzi,quelthalas,1419,warrior,arms,64,25,39
37935,Dreadedbeef,area-52,1417,warrior,arms,24,15,9
37936,Aaryn,caelestrasz,1415,warrior,arms,104,56,48
37937,Ártorius,sargeras,1415,warrior,arms,36,17,19
37938,Auzery,emerald-dream,1415,warrior,arms,36,15,21
37939,Ukris,area-52,1414,warrior,arms,89,48,41
37940,Kahuwuna,tichondrius,1414,warrior,arms,30,15,15
37941,Scumrat,frostmourne,1414,warrior,arms,66,32,34
37942,Claymation,tichondrius,1414,warrior,arms,42,15,27
37943,Korboc,malganis,1413,warrior,arms,60,29,31
37944,Slickpapi,area-52,1413,warrior,arms,93,44,49
37945,Ëssex,tichondrius,1412,warrior,arms,71,32,39
37946,Northhill,tichondrius,1411,warrior,arms,41,24,17
37947,Aragorn,mannoroth,1410,warrior,arms,30,15,15
37948,Radamäntthys,nemesis,1410,warrior,arms,75,29,46
37949,Áustin,sargeras,1409,warrior,arms,24,15,9
37950,Varith,sargeras,1409,warrior,arms,30,18,12
37951,Asc,barthilas,1409,warrior,arms,99,55,44
37952,Atróx,quelthalas,1409,warrior,arms,30,15,15
37953,Chrosis,norgannon,1408,warrior,arms,42,18,24
37954,Warthorns,malganis,1408,warrior,arms,49,17,32
37955,Kannzox,quelthalas,1406,warrior,arms,79,40,39
37956,Unitsven,barthilas,1406,warrior,arms,36,15,21
37957,Solano,illidan,1405,warrior,arms,48,30,18
37958,Byung,terenas,1405,warrior,arms,54,22,32
37959,Broodthorne,tichondrius,1404,warrior,arms,30,15,15
37960,Rhohan,ysera,1404,warrior,arms,77,38,39
37961,Yummysushi,gorgonnash,1404,warrior,arms,76,31,45
37962,Dúmßlòwn,tichondrius,1403,warrior,arms,138,66,72
37963,Aloloco,ragnaros,1403,warrior,arms,66,30,36
37964,Zareos,azralon,1403,warrior,arms,40,17,23
37965,Barbatenaz,ragnaros,1403,warrior,arms,36,15,21
37966,Aesom,wyrmrest-accord,1402,warrior,arms,115,63,52
37967,Nightshauyia,kelthuzad,1401,warrior,arms,39,22,17
37968,Aión,nemesis,1400,warrior,arms,24,17,7
37969,Peeb,tichondrius,1399,warrior,arms,30,15,15
37970,Yunnkel,ragnaros,1399,warrior,arms,81,37,44
37971,Nagaboner,frostmourne,1398,warrior,arms,53,29,24
37972,Tern,emerald-dream,1398,warrior,arms,76,39,37
37973,Doomreaper,hellscream,1398,warrior,arms,41,21,20
37974,Ikrad,quelthalas,1398,warrior,arms,84,42,42
37975,Tenebrous,nemesis,1397,warrior,arms,48,20,28
37976,Tdestroy,ragnaros,1396,warrior,arms,27,16,11
37977,Rokó,illidan,1396,warrior,arms,72,34,38
37978,Wesih,ragnaros,1396,warrior,arms,48,18,30
37979,Peacemake,tichondrius,1395,warrior,arms,33,16,17
37980,Disarmiea,cairne,1393,warrior,arms,69,31,38
37981,Magnar,zuljin,1392,warrior,arms,42,25,17
37982,Vanglorio,azralon,1392,warrior,arms,81,44,37
37983,Mjorn,sargeras,1392,warrior,arms,58,28,30
37984,Belldor,barthilas,1392,warrior,arms,66,23,43
37985,Zaurka,sargeras,1391,warrior,arms,30,18,12
37986,Bigster,malganis,1391,warrior,arms,30,16,14
37987,Nicegirl,sargeras,1391,warrior,arms,69,36,33
37988,Zeerohkool,tichondrius,1391,warrior,arms,102,46,56
37989,Khargrok,ragnaros,1389,warrior,arms,30,15,15
37990,Apallô,tichondrius,1388,warrior,arms,89,40,49
37991,Gusbus,malganis,1387,warrior,arms,72,40,32
37992,Saltyundies,tichondrius,1387,warrior,arms,117,54,63
37993,Kilrosao,nordrassil,1386,warrior,arms,71,37,34
37994,Iigotu,tichondrius,1386,warrior,arms,202,97,105
37995,Momojojo,daggerspine,1385,warrior,arms,26,18,8
37996,Morhgath,bonechewer,1385,warrior,arms,49,26,23
37997,Yirko,quelthalas,1385,warrior,arms,74,31,43
37998,Yolo,dunemaul,1384,warrior,arms,29,15,14
37999,Lilmerman,laughing-skull,1384,warrior,arms,36,16,20
38000,Themudcrab,frostmourne,1384,warrior,arms,175,77,98
38001,Sludgthwaps,stormrage,1383,warrior,arms,59,29,30
38002,Kanamechan,area-52,1383,warrior,arms,65,24,41
38003,Tigo,khaz-modan,1382,warrior,arms,49,29,20
38004,Holddapoop,area-52,1382,warrior,arms,36,19,17
38005,Ghostss,tichondrius,1382,warrior,arms,67,29,38
38006,Eîghtysîx,sargeras,1382,warrior,arms,100,43,57
38007,Rivenz,moon-guard,1382,warrior,arms,57,20,37
38008,Verain,thrall,1381,warrior,arms,36,17,19
38009,Typhön,tichondrius,1380,warrior,arms,77,31,46
38010,Theragar,kilrogg,1379,warrior,arms,30,18,12
38011,Druckerz,lightnings-blade,1379,warrior,arms,42,15,27
38012,Vyndronor,illidan,1377,warrior,arms,30,16,14
38013,Brotu,nemesis,1376,warrior,arms,121,68,53
38014,Brocky,malorne,1376,warrior,arms,362,171,191
38015,Luckyw,draktharon,1375,warrior,arms,42,23,19
38016,Beowúlf,burning-blade,1375,warrior,arms,41,16,25
38017,Dolkal,tichondrius,1375,warrior,arms,57,21,36
38018,Dubstoob,illidan,1372,warrior,arms,118,61,57
38019,Rushour,quelthalas,1372,warrior,arms,32,15,17
38020,Ðarkstar,zuljin,1370,warrior,arms,140,62,78
38021,Powerhard,area-52,1368,warrior,arms,57,26,31
38022,Tÿÿr,azralon,1367,warrior,arms,48,20,28
38023,Dhaemom,azralon,1366,warrior,arms,133,69,64
38024,Evilkorean,tichondrius,1366,warrior,arms,59,29,30
38025,Ángron,ragnaros,1366,warrior,arms,62,29,33
38026,Jalaskâ,azralon,1364,warrior,arms,40,21,19
38027,Xampuu,ragnaros,1363,warrior,arms,34,20,14
38028,Sevala,spinebreaker,1363,warrior,arms,58,32,26
38029,Neozsmash,thrall,1362,warrior,arms,58,29,29
38030,Chanchoswar,ragnaros,1362,warrior,arms,63,25,38
38031,Qetimporta,quelthalas,1361,warrior,arms,54,30,24
38032,Cheeriozz,thrall,1361,warrior,arms,42,21,21
38033,Marvél,quelthalas,1360,warrior,arms,33,20,13
38034,Mervyn,aegwynn,1360,warrior,arms,48,29,19
38035,Warsaínt,area-52,1360,warrior,arms,65,31,34
38036,Destoryhamer,illidan,1359,warrior,arms,66,33,33
38037,Mortalstrike,chogall,1359,warrior,arms,34,16,18
38038,Lègèndáry,dark-iron,1359,warrior,arms,48,21,27
38039,Davidorco,drakkari,1358,warrior,arms,41,19,22
38040,Tenchuu,azralon,1358,warrior,arms,99,43,56
38041,Stufit,emerald-dream,1357,warrior,arms,28,17,11
38042,Chawp,emerald-dream,1355,warrior,arms,41,23,18
38043,Asgaurdius,thunderlord,1355,warrior,arms,30,15,15
38044,Bùlk,barthilas,1355,warrior,arms,77,33,44
38045,Lowlow,lightbringer,1354,warrior,arms,36,16,20
38046,Perrin,burning-blade,1354,warrior,arms,35,15,20
38047,Dropopen,tichondrius,1354,warrior,arms,48,15,33
38048,Irix,tichondrius,1353,warrior,arms,86,44,42
38049,Bagur,ragnaros,1352,warrior,arms,78,42,36
38050,Browneyed,area-52,1352,warrior,arms,36,15,21
38051,Nviv,proudmoore,1351,warrior,arms,90,40,50
38052,Swordmasters,icecrown,1350,warrior,arms,42,18,24
38053,Ooze,darkspear,1349,warrior,arms,61,33,28
38054,Rampage,azralon,1349,warrior,arms,125,59,66
38055,Jsolucky,thrall,1348,warrior,arms,36,15,21
38056,Thegoochgoon,malorne,1347,warrior,arms,57,31,26
38057,Dimus,area-52,1347,warrior,arms,36,15,21
38058,Doomreaprr,hellscream,1346,warrior,arms,26,16,10
38059,Rasgriz,moon-guard,1346,warrior,arms,43,20,23
38060,ßaldbornë,stormrage,1344,warrior,arms,94,47,47
38061,Tusktrollmon,illidan,1344,warrior,arms,77,37,40
38062,Jeffe,khadgar,1344,warrior,arms,74,30,44
38063,Notmagnusz,zuljin,1343,warrior,arms,30,14,16
38064,Legday,stormrage,1343,warrior,arms,30,14,16
38065,Wtssap,ragnaros,1342,warrior,arms,24,14,10
38066,Storkos,moon-guard,1342,warrior,arms,101,53,48
38067,Jellybomb,sargeras,1342,warrior,arms,138,65,73
38068,Coolade,thunderhorn,1342,warrior,arms,64,28,36
38069,Ddaÿ,tichondrius,1342,warrior,arms,36,14,22
38070,Zzchocolate,illidan,1341,warrior,arms,24,14,10
38071,Niudazhuang,tichondrius,1341,warrior,arms,76,43,33
38072,Jikith,proudmoore,1341,warrior,arms,30,14,16
38073,Machineofwar,zuluhed,1341,warrior,arms,126,58,68
38074,Longzhan,tichondrius,1341,warrior,arms,36,14,22
38075,Coisini,tichondrius,1340,warrior,arms,61,29,32
38076,Juggerboo,frostmourne,1340,warrior,arms,43,19,24
38077,Erple,eldrethalas,1340,warrior,arms,78,31,47
38078,Sunamys,illidan,1340,warrior,arms,36,14,22
38079,Gentlehugs,illidan,1340,warrior,arms,36,14,22
38080,Tamagoshi,kiljaeden,1339,warrior,arms,54,29,25
38081,Gáren,quelthalas,1338,warrior,arms,24,14,10
38082,Nuvola,tichondrius,1338,warrior,arms,24,14,10
38083,Kelidar,kaelthas,1338,warrior,arms,42,22,20
38084,Gohrgroc,quelthalas,1337,warrior,arms,24,14,10
38085,Okanos,tichondrius,1337,warrior,arms,30,14,16
38086,Govosh,thrall,1336,warrior,arms,24,14,10
38087,Swamis,stormreaver,1336,warrior,arms,36,19,17
38088,Nosfuratuzod,frostmourne,1336,warrior,arms,36,19,17
38089,Azog,bleeding-hollow,1336,warrior,arms,48,25,23
38090,Viagraliker,tichondrius,1336,warrior,arms,44,19,25
38091,Tehfury,area-52,1336,warrior,arms,36,14,22
38092,Xenoblade,wildhammer,1335,warrior,arms,48,21,27
38093,Xenowar,alleria,1335,warrior,arms,96,41,55
38094,Dicedup,stormrage,1335,warrior,arms,36,14,22
38095,Crowncrumpah,illidan,1334,warrior,arms,24,14,10
38096,Rageinice,tichondrius,1334,warrior,arms,42,21,21
38097,Purrava,tichondrius,1334,warrior,arms,30,14,16
38098,Akj,sargeras,1334,warrior,arms,42,18,24
38099,Ybo,illidan,1333,warrior,arms,63,39,24
38100,Laint,wyrmrest-accord,1332,warrior,arms,126,65,61
38101,Baix,frostmourne,1332,warrior,arms,51,26,25
38102,Xufoxpikmin,gurubashi,1332,warrior,arms,94,41,53
38103,Asgér,quelthalas,1332,warrior,arms,36,14,22
38104,Aranacn,tichondrius,1331,warrior,arms,18,14,4
38105,Dashballer,sargeras,1331,warrior,arms,24,14,10
38106,Kappis,illidan,1331,warrior,arms,29,16,13
38107,Varekai,frostmourne,1331,warrior,arms,62,32,30
38108,Loothar,goldrinn,1331,warrior,arms,75,37,38
38109,Fuknazum,gundrak,1331,warrior,arms,96,44,52
38110,Lexxsteele,mugthol,1330,warrior,arms,24,14,10
38111,Carken,kiljaeden,1330,warrior,arms,36,20,16
38112,Gooshin,sargeras,1330,warrior,arms,37,19,18
38113,Seukkang,tichondrius,1330,warrior,arms,30,14,16
38114,Himer,tichondrius,1330,warrior,arms,30,14,16
38115,Papaming,tichondrius,1330,warrior,arms,48,21,27
38116,Nervoxztwo,ragnaros,1329,warrior,arms,66,33,33
38117,Kilroywar,tichondrius,1329,warrior,arms,30,14,16
38118,Ivanovh,quelthalas,1328,warrior,arms,159,82,77
38119,Fixafflock,bleeding-hollow,1327,warrior,arms,24,14,10
38120,Trapbois,tichondrius,1327,warrior,arms,24,14,10
38121,Kalnor,dark-iron,1327,warrior,arms,50,26,24
38122,Retros,kelthuzad,1327,warrior,arms,66,32,34
38123,Ketasshi,kelthuzad,1327,warrior,arms,30,14,16
38124,Deamonkiller,kelthuzad,1327,warrior,arms,79,36,43
38125,Twistwarr,area-52,1326,warrior,arms,24,14,10
38126,Soez,tichondrius,1325,warrior,arms,22,15,7
38127,Aoste,tichondrius,1324,warrior,arms,31,16,15
38128,Handain,malganis,1324,warrior,arms,30,14,16
38129,Amputate,akama,1324,warrior,arms,42,14,28
38130,Aparentlynot,shattered-hand,1323,warrior,arms,30,14,16
38131,Dre,anubarak,1323,warrior,arms,30,14,16
38132,Rockystyle,proudmoore,1321,warrior,arms,48,28,20
38133,Dáinsleif,frostmourne,1321,warrior,arms,30,14,16
38134,Rekem,malganis,1320,warrior,arms,60,27,33
38135,Ønì,tichondrius,1319,warrior,arms,42,33,9
38136,Macsen,zuljin,1319,warrior,arms,36,18,18
38137,Edwiddin,frostmourne,1319,warrior,arms,38,15,23
38138,Warthok,turalyon,1319,warrior,arms,36,14,22
38139,Grimreáper,bleeding-hollow,1319,warrior,arms,42,14,28
38140,Devildriver,malganis,1318,warrior,arms,24,14,10
38141,Chargeback,zuljin,1318,warrior,arms,63,34,29
38142,Arkayko,quelthalas,1318,warrior,arms,28,15,13
38143,Zroz,ragnaros,1318,warrior,arms,54,28,26
38144,Zaddybear,aerie-peak,1318,warrior,arms,30,14,16
38145,Lujzika,stormreaver,1318,warrior,arms,39,17,22
38146,Dennlss,quelthalas,1318,warrior,arms,36,14,22
38147,Hiddensquidd,stormrage,1316,warrior,arms,27,19,8
38148,Blokz,arthas,1316,warrior,arms,30,17,13
38149,Orcaine,ursin,1315,warrior,arms,41,27,14
38150,Banggo,frostmourne,1315,warrior,arms,30,17,13
38151,Valder,akama,1315,warrior,arms,30,15,15
38152,Ghostmourne,ragnaros,1314,warrior,arms,113,51,62
38153,Vemue,tichondrius,1312,warrior,arms,142,69,73
38154,Qtcrow,frostmourne,1310,warrior,arms,78,39,39
38155,Fòntaine,shandris,1310,warrior,arms,30,15,15
38156,Korsarro,frostmourne,1310,warrior,arms,80,37,43
38157,Blackwulff,korgath,1310,warrior,arms,60,25,35
38158,Doomtree,zuljin,1309,warrior,arms,18,14,4
38159,Mickyplate,tichondrius,1307,warrior,arms,78,39,39
38160,Swiftui,nemesis,1307,warrior,arms,60,26,34
38161,Golîath,mannoroth,1307,warrior,arms,54,23,31
38162,Aldérmach,zuljin,1306,warrior,arms,112,57,55
38163,Velarrine,illidan,1306,warrior,arms,89,39,50
38164,Blightscream,bleeding-hollow,1306,warrior,arms,88,36,52
38165,Knghtofseven,nemesis,1305,warrior,arms,72,39,33
38166,Tikkò,tichondrius,1305,warrior,arms,50,25,25
38167,Raekor,tichondrius,1304,warrior,arms,42,25,17
38168,Calynn,frostmourne,1304,warrior,arms,90,46,44
38169,Brontok,darkspear,1304,warrior,arms,46,22,24
38170,Benjiprice,sargeras,1303,warrior,arms,23,14,9
38171,Qookymonster,zuljin,1303,warrior,arms,48,26,22
38172,Killtarget,tichondrius,1303,warrior,arms,61,32,29
38173,Silverkiller,drakkari,1302,warrior,arms,24,14,10
38174,Emaree,thrall,1302,warrior,arms,55,28,27
38175,Deadee,aerie-peak,1302,warrior,arms,100,48,52
38176,Ludicrous,dreadmaul,1302,warrior,arms,85,36,49
38177,Kittybang,quelthalas,1302,warrior,arms,54,19,35
38178,Krazyguerra,bleeding-hollow,1301,warrior,arms,36,21,15
38179,Donhoolio,illidan,1301,warrior,arms,24,14,10
38180,Legolant,uther,1301,warrior,arms,30,14,16
38181,Hopar,illidan,1299,warrior,arms,27,17,10
38182,Pvpheart,tichondrius,1299,warrior,arms,47,27,20
38183,Krostyx,ragnaros,1299,warrior,arms,72,40,32
38184,Kitonic,proudmoore,1296,warrior,arms,29,18,11
38185,Guitter,nazjatar,1296,warrior,arms,48,20,28
38186,Bajheera,sargeras,1295,warrior,arms,23,14,9
38187,Beeny,tichondrius,1295,warrior,arms,33,14,19
38188,Iyamii,hyjal,1294,warrior,arms,29,16,13
38189,Superpot,bleeding-hollow,1294,warrior,arms,48,22,26
38190,Avoraçado,nemesis,1294,warrior,arms,61,22,39
38191,Crú,stormrage,1293,warrior,arms,30,14,16
38192,Kenshín,ragnaros,1291,warrior,arms,47,16,31
38193,Noobslayr,wyrmrest-accord,1290,warrior,arms,30,18,12
38194,Grimus,bleeding-hollow,1289,warrior,arms,43,21,22
38195,Tasesino,quelthalas,1289,warrior,arms,34,16,18
38196,Grumok,tichondrius,1289,warrior,arms,57,24,33
38197,Hôdû,tichondrius,1286,warrior,arms,75,36,39
38198,Dualip,tichondrius,1283,warrior,arms,75,38,37
38199,Excaliburz,frostmourne,1283,warrior,arms,101,48,53
38200,Mussashí,stormrage,1282,warrior,arms,50,31,19
38201,Putong,tichondrius,1282,warrior,arms,41,23,18
38202,Kagerou,ragnaros,1282,warrior,arms,62,28,34
38203,Kuchikilla,borean-tundra,1279,warrior,arms,64,31,33
38204,Rayks,tichondrius,1278,warrior,arms,42,22,20
38205,Bfrenzy,dalaran,1278,warrior,arms,42,18,24
38206,Drygen,tichondrius,1277,warrior,arms,24,15,9
38207,Kourny,frostmourne,1276,warrior,arms,75,36,39
38208,Rikuduo,quelthalas,1276,warrior,arms,54,20,34
38209,Ragnarwar,azralon,1275,warrior,arms,40,21,19
38210,Warsongwolf,tichondrius,1275,warrior,arms,32,14,18
38211,Loucha,nagrand,1275,warrior,arms,63,26,37
38212,Zuggarnaught,tichondrius,1274,warrior,arms,70,37,33
38213,Warb,aggramar,1273,warrior,arms,48,21,27
38214,Gtatewarr,azjolnerub,1272,warrior,arms,20,14,6
38215,Arox,ghostlands,1272,warrior,arms,60,30,30
38216,Warnick,illidan,1272,warrior,arms,54,25,29
38217,Dëkm,quelthalas,1272,warrior,arms,41,18,23
38218,Thebruce,nemesis,1271,warrior,arms,82,43,39
38219,Cowtipin,illidan,1268,warrior,arms,34,14,20
38220,Athin,azralon,1267,warrior,arms,29,14,15
38221,Kantorowicz,goldrinn,1267,warrior,arms,54,24,30
38222,Thorablade,barthilas,1266,warrior,arms,84,38,46
38223,Spartaner,shadowsong,1265,warrior,arms,36,14,22
38224,Datsongz,proudmoore,1264,warrior,arms,90,42,48
38225,Timotheapple,stormrage,1264,warrior,arms,32,14,18
38226,Krimmjðw,sargeras,1263,warrior,arms,36,14,22
38227,Babyguns,tichondrius,1262,warrior,arms,66,29,37
38228,ßloodshed,frostmourne,1261,warrior,arms,19,14,5
38229,Helandas,moknathal,1261,warrior,arms,111,60,51
38230,Laynarri,hyjal,1260,warrior,arms,60,28,32
38231,Devilsbane,khaz-modan,1259,warrior,arms,48,22,26
38232,Juff,hakkar,1258,warrior,arms,30,14,16
38233,Aràthor,stormrage,1258,warrior,arms,66,30,36
38234,Superdah,kiljaeden,1257,warrior,arms,60,26,34
38235,Gritrog,thrall,1255,warrior,arms,38,27,11
38236,Queterompo,ragnaros,1255,warrior,arms,66,36,30
38237,Pangpou,tichondrius,1255,warrior,arms,96,49,47
38238,Aleniá,tichondrius,1255,warrior,arms,79,37,42
38239,Brynjah,azralon,1249,warrior,arms,90,40,50
38240,Bersorcker,ragnaros,1249,warrior,arms,37,16,21
38241,Lagzistance,area-52,1248,warrior,arms,24,13,11
38242,Areaves,moon-guard,1247,warrior,arms,24,13,11
38243,Wtbfriends,malganis,1247,warrior,arms,24,13,11
38244,Scotteh,eredar,1247,warrior,arms,30,13,17
38245,Ggtk,tichondrius,1247,warrior,arms,30,13,17
38246,Xvett,drakkari,1246,warrior,arms,36,20,16
38247,Callad,tichondrius,1246,warrior,arms,47,22,25
38248,Schizogeist,malganis,1246,warrior,arms,40,18,22
38249,Wrathena,khadgar,1246,warrior,arms,41,18,23
38250,Rarefxck,tichondrius,1244,warrior,arms,30,13,17
38251,Ironboar,proudmoore,1244,warrior,arms,30,13,17
38252,Andorane,bleeding-hollow,1243,warrior,arms,24,13,11
38253,Odrath,tichondrius,1243,warrior,arms,57,23,34
38254,Flexinbooty,kelthuzad,1243,warrior,arms,36,13,23
38255,Ystk,tichondrius,1242,warrior,arms,24,13,11
38256,Wilric,ragnaros,1242,warrior,arms,30,13,17
38257,Titanika,wyrmrest-accord,1242,warrior,arms,66,25,41
38258,Greywo,tichondrius,1241,warrior,arms,34,19,15
38259,Guerra,goldrinn,1241,warrior,arms,24,13,11
38260,Ragedump,shadowsong,1241,warrior,arms,24,13,11
38261,Blacksmiff,malganis,1240,warrior,arms,42,24,18
38262,Grimjouw,sargeras,1240,warrior,arms,24,13,11
38263,Methwitch,moon-guard,1240,warrior,arms,24,13,11
38264,Radox,tichondrius,1240,warrior,arms,24,13,11
38265,Chadblade,tichondrius,1240,warrior,arms,24,13,11
38266,Qtxd,malganis,1240,warrior,arms,24,13,11
38267,Jaminos,frostmourne,1240,warrior,arms,51,22,29
38268,Ðhrâgøn,ragnaros,1239,warrior,arms,18,15,3
38269,Mitigation,hyjal,1239,warrior,arms,34,15,19
38270,Noitrak,azralon,1239,warrior,arms,33,14,19
38271,Kiddoe,rivendare,1238,warrior,arms,66,31,35
38272,Rimz,sargeras,1237,warrior,arms,27,14,13
38273,Deathengine,area-52,1237,warrior,arms,29,14,15
38274,Squeekzz,frostmane,1236,warrior,arms,50,24,26
38275,Volkz,ragnaros,1236,warrior,arms,30,13,17
38276,Winjerrywin,frostwolf,1235,warrior,arms,22,16,6
38277,Hoodlord,tichondrius,1234,warrior,arms,54,24,30
38278,Skumwarr,moon-guard,1234,warrior,arms,46,18,28
38279,Märkdî,quelthalas,1233,warrior,arms,24,13,11
38280,Crustyfella,stormrage,1233,warrior,arms,24,13,11
38281,Standsonkegs,illidan,1233,warrior,arms,30,13,17
38282,Pandaniela,area-52,1232,warrior,arms,30,18,12
38283,Gale,kelthuzad,1232,warrior,arms,24,13,11
38284,Goldbêrg,malganis,1232,warrior,arms,24,13,11
38285,Wankcelot,kiljaeden,1231,warrior,arms,48,21,27
38286,Joed,quelthalas,1230,warrior,arms,35,18,17
38287,Gorash,gundrak,1230,warrior,arms,69,33,36
38288,Fatty,mugthol,1229,warrior,arms,18,13,5
38289,Konraad,amanthul,1229,warrior,arms,30,13,17
38290,Awkagar,hyjal,1228,warrior,arms,23,13,10
38291,Chilicezo,durotan,1228,warrior,arms,41,22,19
38292,Dji,tichondrius,1228,warrior,arms,215,102,113
38293,Ninefingers,madoran,1226,warrior,arms,24,13,11
38294,Catastrophie,mugthol,1226,warrior,arms,36,14,22
38295,Rägar,quelthalas,1224,warrior,arms,24,13,11
38296,Tunchi,runetotem,1224,warrior,arms,90,47,43
38297,Tommytimbo,destromath,1224,warrior,arms,31,13,18
38298,Armorlancer,stormrage,1223,warrior,arms,24,13,11
38299,Diamict,wyrmrest-accord,1221,warrior,arms,18,13,5
38300,Daymiian,blackrock,1221,warrior,arms,30,13,17
38301,Rekcd,sargeras,1217,warrior,arms,18,13,5
38302,Urscrewed,frostmane,1217,warrior,arms,35,13,22
38303,Hikikomori,goldrinn,1214,warrior,arms,41,20,21
38304,Vâìn,tichondrius,1214,warrior,arms,34,15,19
38305,Dippindabz,area-52,1213,warrior,arms,47,26,21
38306,Gíal,ragnaros,1213,warrior,arms,58,22,36
38307,Truongx,kiljaeden,1212,warrior,arms,24,14,10
38308,Franc,kiljaeden,1212,warrior,arms,29,14,15
38309,Ediict,illidan,1212,warrior,arms,29,13,16
38310,Deomer,quelthalas,1211,warrior,arms,30,14,16
38311,Geoorg,ragnaros,1209,warrior,arms,53,24,29
38312,Flycosmos,tichondrius,1208,warrior,arms,44,22,22
38313,Rageloading,amanthul,1208,warrior,arms,36,18,18
38314,Baadomishram,ragnaros,1208,warrior,arms,30,14,16
38315,Fkndog,tichondrius,1203,warrior,arms,60,28,32
38316,Bifilar,frostmourne,1203,warrior,arms,30,14,16
38317,Vapòr,frostmourne,1201,warrior,arms,24,14,10
38318,Tenskj,proudmoore,1199,warrior,arms,27,14,13
38319,Friendnoodle,frostmourne,1199,warrior,arms,59,28,31
38320,Aclipse,nagrand,1197,warrior,arms,65,34,31
38321,Nosetackle,area-52,1197,warrior,arms,58,29,29
38322,Torkus,ragnaros,1197,warrior,arms,28,14,14
38323,Sherway,quelthalas,1193,warrior,arms,191,94,97
38324,Bazironbeard,ravencrest,1190,warrior,arms,17,13,4
38325,Annaliyah,wyrmrest-accord,1190,warrior,arms,66,36,30
38326,Areiden,sargeras,1190,warrior,arms,48,16,32
38327,Groxxigore,chogall,1189,warrior,arms,48,24,24
38328,Njjszn,thrall,1189,warrior,arms,138,68,70
38329,Barricade,velen,1189,warrior,arms,107,48,59
38330,Gohawn,hyjal,1186,warrior,arms,37,20,17
38331,Âmânthul,alexstrasza,1186,warrior,arms,134,72,62
38332,Lozakuran,tichondrius,1185,warrior,arms,30,14,16
38333,Lazyclap,nagrand,1184,warrior,arms,35,18,17
38334,Hadesz,nazjatar,1183,warrior,arms,71,34,37
38335,Lícketysplít,ysondre,1182,warrior,arms,22,13,9
38336,Cowbøycrytoo,azralon,1182,warrior,arms,88,46,42
38337,Kannerhus,quelthalas,1182,warrior,arms,41,18,23
38338,Aelrog,malganis,1180,warrior,arms,100,52,48
38339,Tunasurprize,stormrage,1180,warrior,arms,27,13,14
38340,Archonian,stormscale,1177,warrior,arms,34,21,13
38341,Babybears,tichondrius,1177,warrior,arms,32,13,19
38342,Orsex,ragnaros,1176,warrior,arms,26,13,13
38343,Robotríp,illidan,1175,warrior,arms,42,18,24
38344,Zarrock,emerald-dream,1174,warrior,arms,26,14,12
38345,Süspicious,malfurion,1174,warrior,arms,35,14,21
38346,Ãleister,stormrage,1174,warrior,arms,45,17,28
38347,Tÿ,haomarush,1172,warrior,arms,25,14,11
38348,Philbert,alexstrasza,1172,warrior,arms,39,21,18
38349,Bigolpeen,sargeras,1172,warrior,arms,36,19,17
38350,Droogust,tichondrius,1172,warrior,arms,30,15,15
38351,Rebelzudo,azralon,1171,warrior,arms,30,18,12
38352,Rauh,emerald-dream,1171,warrior,arms,22,13,9
38353,Thedargz,trollbane,1170,warrior,arms,110,58,52
38354,Medusaann,proudmoore,1166,warrior,arms,33,15,18
38355,Adunken,ragnaros,1165,warrior,arms,30,17,13
38356,Grömäash,ragnaros,1165,warrior,arms,32,13,19
38357,Cocainiouz,dalaran,1164,warrior,arms,36,16,20
38358,Daddymoist,moon-guard,1163,warrior,arms,54,24,30
38359,Gongos,doomhammer,1161,warrior,arms,207,107,100
38360,Mortilant,perenolde,1160,warrior,arms,75,34,41
38361,Akunaswar,dalaran,1159,warrior,arms,65,27,38
38362,Ambiss,azjolnerub,1157,warrior,arms,35,16,19
38363,Xyazhiro,ragnaros,1156,warrior,arms,60,27,33
38364,Elpish,ragnaros,1153,warrior,arms,54,25,29
38365,Magnuszx,zuljin,1152,warrior,arms,18,12,6
38366,Atomiclol,area-52,1151,warrior,arms,18,12,6
38367,Wewladdie,malganis,1151,warrior,arms,18,12,6
38368,Tokugawaieya,nemesis,1151,warrior,arms,24,12,12
38369,Rogôsh,tichondrius,1151,warrior,arms,30,12,18
38370,Baitson,hyjal,1151,warrior,arms,30,12,18
38371,Hàru,illidan,1150,warrior,arms,18,12,6
38372,Einnarr,tichondrius,1150,warrior,arms,19,12,7
38373,Nexgenwar,destromath,1150,warrior,arms,24,12,12
38374,Malakaimapk,korgath,1150,warrior,arms,24,12,12
38375,Pocserwar,drakkari,1150,warrior,arms,24,12,12
38376,Recktko,sargeras,1150,warrior,arms,33,13,20
38377,Nyloras,illidan,1150,warrior,arms,34,13,21
38378,Jarheadz,bleeding-hollow,1150,warrior,arms,35,12,23
38379,Gordofofo,azralon,1149,warrior,arms,18,12,6
38380,Scaredwarr,stormrage,1149,warrior,arms,45,24,21
38381,Montibello,moon-guard,1149,warrior,arms,24,12,12
38382,Arixos,frostmourne,1149,warrior,arms,24,12,12
38383,Retrospex,black-dragonflight,1148,warrior,arms,24,12,12
38384,Kamuwarr,azralon,1148,warrior,arms,24,12,12
38385,Woth,deathwing,1148,warrior,arms,24,12,12
38386,Suicider,stormrage,1148,warrior,arms,30,12,18
38387,Vodkagoblin,sargeras,1147,warrior,arms,24,12,12
38388,Misclickëd,dalaran,1147,warrior,arms,24,12,12
38389,Marsoc,burning-legion,1147,warrior,arms,24,12,12
38390,Virillius,wyrmrest-accord,1147,warrior,arms,28,13,15
38391,Jianhung,tichondrius,1147,warrior,arms,30,12,18
38392,Hektar,tichondrius,1146,warrior,arms,18,12,6
38393,Stompyocouch,mugthol,1146,warrior,arms,21,13,8
38394,Slivers,stormrage,1146,warrior,arms,24,13,11
38395,Furryhorv,frostmourne,1146,warrior,arms,24,12,12
38396,Boypartz,onyxia,1146,warrior,arms,36,12,24
38397,Ragnarloðbró,tichondrius,1146,warrior,arms,36,12,24
38398,Skittlesxo,bleeding-hollow,1144,warrior,arms,24,12,12
38399,Ujumpijump,andorhal,1144,warrior,arms,60,22,38
38400,Invared,stormrage,1143,warrior,arms,18,12,6
38401,Vamtoro,illidan,1143,warrior,arms,22,13,9
38402,Ginthril,magtheridon,1143,warrior,arms,37,12,25
38403,Lucidx,malfurion,1142,warrior,arms,18,12,6
38404,Nibbzy,sargeras,1142,warrior,arms,18,12,6
38405,Sigfir,ragnaros,1142,warrior,arms,24,12,12
38406,Realthiccbbw,tichondrius,1142,warrior,arms,24,12,12
38407,Haldeer,shadow-council,1142,warrior,arms,24,12,12
38408,Carnith,arthas,1142,warrior,arms,30,12,18
38409,Yisunshin,azralon,1141,warrior,arms,24,12,12
38410,Elmosmash,thrall,1141,warrior,arms,24,12,12
38411,Hblock,barthilas,1140,warrior,arms,30,12,18
38412,Brocc,tichondrius,1139,warrior,arms,24,12,12
38413,Brownman,saurfang,1139,warrior,arms,30,12,18
38414,Dreweth,altar-of-storms,1138,warrior,arms,18,12,6
38415,Sloppyglucks,moon-guard,1138,warrior,arms,24,12,12
38416,Selathiel,burning-blade,1138,warrior,arms,34,13,21
38417,Warrimon,nemesis,1138,warrior,arms,36,12,24
38418,Tappia,quelthalas,1138,warrior,arms,36,12,24
38419,Dizgraceful,malganis,1137,warrior,arms,18,12,6
38420,Soggynapkin,proudmoore,1136,warrior,arms,30,17,13
38421,Zulgadark,ragnaros,1136,warrior,arms,39,15,24
38422,Sudavis,alleria,1135,warrior,arms,29,20,9
38423,Theregulator,area-52,1135,warrior,arms,58,29,29
38424,Anotee,kelthuzad,1134,warrior,arms,93,48,45
38425,Drahconian,aggramar,1134,warrior,arms,24,12,12
38426,Shattering,fizzcrank,1134,warrior,arms,24,12,12
38427,Demðnslayer,kelthuzad,1134,warrior,arms,54,24,30
38428,Cecchino,zuluhed,1133,warrior,arms,24,12,12
38429,Tripleblack,mugthol,1132,warrior,arms,18,12,6
38430,Isildur,nerzhul,1132,warrior,arms,36,20,16
38431,Bigsvit,trollbane,1131,warrior,arms,60,29,31
38432,Spritez,malganis,1131,warrior,arms,70,27,43
38433,Logi,alexstrasza,1130,warrior,arms,30,12,18
38434,Stoul,illidan,1129,warrior,arms,24,18,6
38435,Thelgrath,quelthalas,1129,warrior,arms,84,35,49
38436,Lunks,kelthuzad,1128,warrior,arms,18,12,6
38437,Dsz,nemesis,1128,warrior,arms,29,13,16
38438,Yuccaleaptus,area-52,1128,warrior,arms,71,30,41
38439,Bulletfodder,tichondrius,1127,warrior,arms,24,12,12
38440,Jhave,ragnaros,1124,warrior,arms,32,13,19
38441,Mfmuggz,thunderlord,1124,warrior,arms,35,14,21
38442,Unbeatablezs,tichondrius,1123,warrior,arms,30,13,17
38443,Slumdawgg,andorhal,1119,warrior,arms,59,32,27
38444,Clovê,ragnaros,1118,warrior,arms,36,21,15
38445,Småckin,frostmourne,1118,warrior,arms,24,13,11
38446,Roughknuckle,kelthuzad,1118,warrior,arms,23,12,11
38447,Tyránny,stormrage,1118,warrior,arms,35,12,23
38448,Warrdawg,tichondrius,1117,warrior,arms,24,12,12
38449,Rahtahtas,area-52,1116,warrior,arms,24,12,12
38450,Bussundas,azralon,1116,warrior,arms,54,25,29
38451,Thunderclapz,stormscale,1114,warrior,arms,24,12,12
38452,Looffy,saurfang,1114,warrior,arms,30,12,18
38453,Casteleiro,azralon,1112,warrior,arms,32,13,19
38454,Alejandros,azgalor,1111,warrior,arms,23,12,11
38455,Warriorlee,jubeithos,1111,warrior,arms,44,19,25
38456,Târtàrûs,tichondrius,1108,warrior,arms,24,15,9
38457,Garìk,moon-guard,1108,warrior,arms,51,17,34
38458,Youtank,kiljaeden,1105,warrior,arms,72,33,39
38459,Dvhwec,tichondrius,1105,warrior,arms,28,12,16
38460,Odinsglory,mugthol,1105,warrior,arms,54,18,36
38461,Ragebladë,tichondrius,1103,warrior,arms,48,28,20
38462,Riga,tichondrius,1102,warrior,arms,48,24,24
38463,Thebeastwar,area-52,1101,warrior,arms,36,19,17
38464,Tipincider,perenolde,1100,warrior,arms,21,12,9
38465,Raserei,moonrunner,1098,warrior,arms,75,35,40
38466,Panzerian,area-52,1097,warrior,arms,37,14,23
38467,Tyrantwolf,ragnaros,1097,warrior,arms,45,17,28
38468,Theøcritus,korgath,1096,warrior,arms,42,25,17
38469,Sugarpanties,moon-guard,1095,warrior,arms,57,20,37
38470,Knocks,blackrock,1094,warrior,arms,21,13,8
38471,Melankoma,sargeras,1094,warrior,arms,30,12,18
38472,Arrogated,emerald-dream,1093,warrior,arms,90,44,46
38473,Royye,blood-furnace,1088,warrior,arms,24,12,12
38474,Bloodbath,kiljaeden,1086,warrior,arms,23,12,11
38475,Bløødy,lethon,1084,warrior,arms,14,12,2
38476,Kempachii,ragnaros,1083,warrior,arms,82,40,42
38477,Aquannas,bloodscalp,1082,warrior,arms,24,14,10
38478,Pingorosho,quelthalas,1082,warrior,arms,36,16,20
38479,Malok,deathwing,1082,warrior,arms,57,20,37
38480,Inunotaysho,quelthalas,1081,warrior,arms,30,12,18
38481,Flexakute,malganis,1080,warrior,arms,20,12,8
38482,Rockedanger,stormrage,1080,warrior,arms,26,15,11
38483,Riuk,goldrinn,1080,warrior,arms,29,16,13
38484,Raharon,chogall,1079,warrior,arms,52,20,32
38485,Gorfin,spirestone,1077,warrior,arms,42,12,30
38486,Purefury,whisperwind,1076,warrior,arms,93,41,52
38487,Several,whisperwind,1073,warrior,arms,39,23,16
38488,Ødïñ,sargeras,1071,warrior,arms,75,37,38
38489,Mezi,tichondrius,1069,warrior,arms,23,12,11
38490,Colosal,drakkari,1068,warrior,arms,21,14,7
38491,Handkerchief,bleeding-hollow,1068,warrior,arms,25,12,13
38492,Úmarth,azralon,1062,warrior,arms,48,21,27
38493,Ugrundan,zuljin,1061,warrior,arms,48,21,27
38494,Hagud,tichondrius,1061,warrior,arms,29,12,17
38495,Imcute,senjin,1058,warrior,arms,60,21,39
38496,Midorikwa,area-52,1056,warrior,arms,18,11,7
38497,Evanx,sargeras,1056,warrior,arms,24,11,13
38498,Jehocc,tichondrius,1056,warrior,arms,24,11,13
38499,Wizcleavuh,area-52,1056,warrior,arms,24,11,13
38500,Pkgd,tichondrius,1055,warrior,arms,12,11,1
38501,Deathsteelw,zuljin,1055,warrior,arms,18,11,7
38502,Dutchyy,frostmourne,1055,warrior,arms,18,11,7
38503,Nerdstorm,tichondrius,1055,warrior,arms,18,11,7
38504,Turtlestorm,tichondrius,1055,warrior,arms,18,11,7
38505,Gladiator,azshara,1055,warrior,arms,18,11,7
38506,Bûm,sargeras,1055,warrior,arms,18,11,7
38507,Carriney,illidan,1055,warrior,arms,77,36,41
38508,Duckyuwu,tichondrius,1055,warrior,arms,24,11,13
38509,Mantrà,skullcrusher,1055,warrior,arms,24,11,13
38510,Bigdad,whisperwind,1055,warrior,arms,24,11,13
38511,Omnïslash,tichondrius,1055,warrior,arms,24,11,13
38512,Wheyprotein,illidan,1055,warrior,arms,24,11,13
38513,Feedzz,area-52,1055,warrior,arms,24,11,13
38514,Laddèrx,area-52,1055,warrior,arms,24,11,13
38515,Abomlnatlon,tichondrius,1055,warrior,arms,24,11,13
38516,Tankomode,area-52,1055,warrior,arms,24,11,13
38517,Chopped,wyrmrest-accord,1054,warrior,arms,18,11,7
38518,Vooné,tichondrius,1054,warrior,arms,18,11,7
38519,Exorbit,sargeras,1054,warrior,arms,18,11,7
38520,Wurua,tichondrius,1054,warrior,arms,24,11,13
38521,Wargasms,alterac-mountains,1054,warrior,arms,24,11,13
38522,Skolltonxoxo,tichondrius,1054,warrior,arms,30,11,19
38523,Wolfsrage,frostmourne,1054,warrior,arms,30,11,19
38524,Ttl,dalaran,1053,warrior,arms,18,11,7
38525,Orctiddy,emerald-dream,1053,warrior,arms,18,11,7
38526,Haxzors,sargeras,1053,warrior,arms,24,11,13
38527,Mavrus,malganis,1053,warrior,arms,24,11,13
38528,Awm,wyrmrest-accord,1053,warrior,arms,24,11,13
38529,Môrôdin,area-52,1053,warrior,arms,30,11,19
38530,Karrosh,agamaggan,1052,warrior,arms,24,11,13
38531,Theisius,tichondrius,1052,warrior,arms,27,11,16
38532,Eternalwill,rexxar,1051,warrior,arms,18,11,7
38533,Sharpen,terokkar,1051,warrior,arms,18,11,7
38534,Drillbit,wyrmrest-accord,1051,warrior,arms,30,11,19
38535,Boocawkeyy,illidan,1051,warrior,arms,30,11,19
38536,Georgedubya,illidan,1051,warrior,arms,36,11,25
38537,Thecolor,tichondrius,1050,warrior,arms,30,11,19
38538,Myceliumlog,frostmourne,1049,warrior,arms,18,11,7
38539,Týrodar,moon-guard,1049,warrior,arms,24,11,13
38540,Gadderhammer,azgalor,1049,warrior,arms,42,17,25
38541,Snewdawg,malganis,1048,warrior,arms,22,12,10
38542,Rathty,shadowsong,1048,warrior,arms,24,11,13
38543,Noktyn,haomarush,1048,warrior,arms,24,11,13
38544,Kanekhy,ragnaros,1048,warrior,arms,24,11,13
38545,Pum,bleeding-hollow,1048,warrior,arms,24,11,13
38546,Genesisxp,barthilas,1048,warrior,arms,24,11,13
38547,Kushhy,illidan,1048,warrior,arms,33,12,21
38548,Bøgz,kelthuzad,1047,warrior,arms,18,11,7
38549,Bouk,bloodscalp,1047,warrior,arms,18,11,7
38550,Dwarfanage,tichondrius,1047,warrior,arms,28,12,16
38551,Prunebery,area-52,1046,warrior,arms,30,16,14
38552,Blaxst,gorgonnash,1046,warrior,arms,30,16,14
38553,Nirax,burning-legion,1046,warrior,arms,26,11,15
38554,Eiendira,proudmoore,1045,warrior,arms,30,11,19
38555,Orphasmic,moon-guard,1044,warrior,arms,36,11,25
38556,Homicideted,frostmourne,1043,warrior,arms,18,11,7
38557,Brostormftw,shattered-halls,1043,warrior,arms,24,11,13
38558,Yiffathon,wyrmrest-accord,1043,warrior,arms,24,11,13
38559,Puertorc,ragnaros,1043,warrior,arms,30,12,18
38560,Thedin,gorefiend,1043,warrior,arms,42,11,31
38561,Bloodfx,darkspear,1042,warrior,arms,87,36,51
38562,Creator,dalaran,1041,warrior,arms,24,11,13
38563,Hunnam,illidan,1041,warrior,arms,30,11,19
38564,Stolz,dragonmaw,1040,warrior,arms,24,11,13
38565,Dylaiin,kelthuzad,1038,warrior,arms,30,11,19
38566,Wrekkshop,tichondrius,1037,warrior,arms,27,13,14
38567,Wrrx,frostmourne,1037,warrior,arms,24,11,13
38568,Jamil,illidan,1037,warrior,arms,66,29,37
38569,Bloodwish,stormrage,1036,warrior,arms,18,11,7
38570,Møønnlight,quelthalas,1035,warrior,arms,35,11,24
38571,Regthar,illidan,1034,warrior,arms,23,11,12
38572,Indoondabeat,azgalor,1034,warrior,arms,32,15,17
38573,Sllvrbck,tichondrius,1032,warrior,arms,22,12,10
38574,Nobowar,tichondrius,1032,warrior,arms,24,11,13
38575,Fûry,tichondrius,1032,warrior,arms,42,18,24
38576,Potan,thrall,1030,warrior,arms,60,25,35
38577,Märiä,ragnaros,1028,warrior,arms,52,27,25
38578,Cronie,steamwheedle-cartel,1027,warrior,arms,36,16,20
38579,Nøzerker,kelthuzad,1020,warrior,arms,26,12,14
38580,Tyrantt,malganis,1019,warrior,arms,30,13,17
38581,Guanyúu,tichondrius,1017,warrior,arms,23,11,12
38582,Stygïàn,draenor,1016,warrior,arms,80,45,35
38583,Galuf,malygos,1014,warrior,arms,18,11,7
38584,Marcolatus,ragnaros,1012,warrior,arms,42,17,25
38585,Tucô,skullcrusher,1010,warrior,arms,43,20,23
38586,Psýchótic,tichondrius,1009,warrior,arms,23,11,12
38587,Halis,illidan,1006,warrior,arms,21,13,8
38588,Erdres,kelthuzad,1006,warrior,arms,21,11,10
38589,Blackstamp,tichondrius,1006,warrior,arms,35,18,17
38590,Hexenbæne,tichondrius,1006,warrior,arms,23,11,12
38591,Danzohh,dalaran,1006,warrior,arms,27,11,16
38592,Titanrage,tichondrius,1004,warrior,arms,21,11,10
38593,Starplatinum,aerie-peak,1004,warrior,arms,32,11,21
38594,Vicor,ragnaros,1003,warrior,arms,24,14,10
38595,Gorepig,sargeras,1002,warrior,arms,29,11,18
38596,Deathsmirk,illidan,1001,warrior,arms,49,25,24
38597,Kreeper,farstriders,1001,warrior,arms,23,11,12
38598,Irishhammer,malfurion,999,warrior,arms,29,11,18
38599,Tribbally,silver-hand,998,warrior,arms,17,11,6
38600,Goofyahwok,doomhammer,998,warrior,arms,33,12,21
38601,Lokityr,tichondrius,996,warrior,arms,48,19,29
38602,Altruiel,sargeras,995,warrior,arms,40,20,20
38603,Joran,dathremar,995,warrior,arms,32,14,18
38604,Estivador,kelthuzad,995,warrior,arms,32,12,20
38605,Kyritto,azralon,994,warrior,arms,35,18,17
38606,Orkuduro,azralon,993,warrior,arms,77,37,40
38607,Tmhinfen,tichondrius,991,warrior,arms,16,11,5
38608,Elsamok,ragnaros,991,warrior,arms,17,11,6
38609,Szee,tichondrius,991,warrior,arms,17,11,6
38610,Jragonmaster,borean-tundra,991,warrior,arms,36,13,23
38611,Neekka,tichondrius,990,warrior,arms,28,12,16
38612,Kalaxe,quelthalas,990,warrior,arms,36,11,25
38613,Midge,proudmoore,988,warrior,arms,65,31,34
38614,Hemone,frostmourne,986,warrior,arms,24,11,13
38615,Huri,nemesis,985,warrior,arms,26,13,13
38616,Skornnd,malganis,985,warrior,arms,26,11,15
38617,Budzie,frostwolf,984,warrior,arms,22,11,11
38618,Darkthok,drakkari,982,warrior,arms,34,15,19
38619,Sneaknyoface,sargeras,982,warrior,arms,26,11,15
38620,Southmariner,malganis,981,warrior,arms,24,13,11
38621,Sudokubrain,tichondrius,974,warrior,arms,19,11,8
38622,Axedeity,caelestrasz,974,warrior,arms,24,13,11
38623,Djfredsd,tichondrius,972,warrior,arms,13,11,2
38624,Nitechaos,thrall,972,warrior,arms,19,12,7
38625,Sherrywalken,azralon,960,warrior,arms,12,10,2
38626,Escanòr,malganis,960,warrior,arms,18,10,8
38627,Adios,tichondrius,960,warrior,arms,18,10,8
38628,Varrior,wyrmrest-accord,960,warrior,arms,18,10,8
38629,Battousäi,kiljaeden,960,warrior,arms,18,10,8
38630,Facefïster,malganis,960,warrior,arms,18,10,8
38631,Szew,tichondrius,960,warrior,arms,18,10,8
38632,Codyjones,illidan,960,warrior,arms,18,10,8
38633,Sowavey,korgath,960,warrior,arms,18,10,8
38634,ßdm,illidan,960,warrior,arms,24,10,14
38635,Choppin,sargeras,960,warrior,arms,24,10,14
38636,Wargázm,thrall,960,warrior,arms,24,10,14
38637,Iløveaysla,azralon,960,warrior,arms,30,10,20
38638,Cúdi,darkspear,959,warrior,arms,12,10,2
38639,Tmjakeful,area-52,959,warrior,arms,18,10,8
38640,Bamxz,sargeras,959,warrior,arms,18,10,8
38641,Tantei,moon-guard,959,warrior,arms,18,10,8
38642,Bigdumborc,tichondrius,959,warrior,arms,18,10,8
38643,Scran,sargeras,959,warrior,arms,18,10,8
38644,Kaìju,dragonmaw,959,warrior,arms,18,10,8
38645,Drdelicious,tichondrius,959,warrior,arms,24,10,14
38646,Jiszle,sargeras,959,warrior,arms,30,10,20
38647,Elsee,drakkari,959,warrior,arms,42,10,32
38648,Arrtorias,quelthalas,958,warrior,arms,12,10,2
38649,Nickfurie,emerald-dream,958,warrior,arms,18,10,8
38650,Icrìtmypants,dragonmaw,958,warrior,arms,18,10,8
38651,Glacierrsz,sargeras,958,warrior,arms,18,10,8
38652,Säbeër,ragnaros,958,warrior,arms,18,10,8
38653,Macray,proudmoore,958,warrior,arms,18,10,8
38654,Retrostorm,illidan,958,warrior,arms,18,10,8
38655,Skollyd,tichondrius,958,warrior,arms,22,11,11
38656,Ryank,bonechewer,958,warrior,arms,24,10,14
38657,Icestormray,illidan,958,warrior,arms,24,10,14
38658,Moozz,dreadmaul,958,warrior,arms,24,10,14
38659,Maintarget,malganis,958,warrior,arms,29,10,19
38660,Razakamx,tichondrius,957,warrior,arms,12,10,2
38661,Vecira,moon-guard,957,warrior,arms,18,10,8
38662,Sìkarío,illidan,957,warrior,arms,18,10,8
38663,Whórm,kelthuzad,957,warrior,arms,18,10,8
38664,Leapsalp,proudmoore,957,warrior,arms,18,10,8
38665,Bryk,korgath,957,warrior,arms,18,10,8
38666,Tooto,kelthuzad,957,warrior,arms,18,10,8
38667,Bionikus,nemesis,957,warrior,arms,78,33,45
38668,Pootybeef,daggerspine,957,warrior,arms,24,10,14
38669,Aberwarr,illidan,956,warrior,arms,18,10,8
38670,Carrito,perenolde,956,warrior,arms,29,16,13
38671,Numb,moon-guard,956,warrior,arms,26,11,15
38672,Torbajhorn,moon-guard,956,warrior,arms,24,10,14
38673,Aisinbro,illidan,956,warrior,arms,24,10,14
38674,Gerztok,aggramar,956,warrior,arms,24,10,14
38675,Ermeji,ragnaros,956,warrior,arms,24,10,14
38676,Warrbull,spirestone,956,warrior,arms,30,10,20
38677,Vayper,illidan,954,warrior,arms,24,10,14
38678,Starshattr,bleeding-hollow,954,warrior,arms,30,10,20
38679,Coffeebottom,wyrmrest-accord,953,warrior,arms,18,10,8
38680,Toky,malganis,952,warrior,arms,18,10,8
38681,Makcumba,ragnaros,952,warrior,arms,18,10,8
38682,Aaltara,barthilas,951,warrior,arms,18,10,8
38683,Helaume,arathor,950,warrior,arms,18,10,8
38684,Discopogo,nemesis,950,warrior,arms,24,10,14
38685,Waabi,emerald-dream,949,warrior,arms,18,10,8
38686,Thråsh,area-52,948,warrior,arms,42,18,24
38687,Axharafuji,dalvengyr,947,warrior,arms,24,10,14
38688,Digitalpsyko,hyjal,946,warrior,arms,18,10,8
38689,Swiftynifty,area-52,946,warrior,arms,30,14,16
38690,Iblowloads,illidan,942,warrior,arms,18,10,8
38691,Meatdrps,frostmane,941,warrior,arms,26,11,15
38692,Thing,gorgonnash,941,warrior,arms,24,10,14
38693,Pumpuup,bleeding-hollow,941,warrior,arms,30,12,18
38694,Vezixx,dragonmaw,939,warrior,arms,18,10,8
38695,Dragmös,nemesis,937,warrior,arms,12,10,2
38696,Brutallypwnd,tichondrius,936,warrior,arms,29,16,13
38697,Mariò,area-52,934,warrior,arms,18,10,8
38698,Tramplehaste,barthilas,931,warrior,arms,18,10,8
38699,Lieutemajor,nemesis,931,warrior,arms,25,11,14
38700,Sseobeon,tichondrius,928,warrior,arms,22,10,12
38701,Pocketaxe,blackwater-raiders,927,warrior,arms,83,40,43
38702,Gargameld,stormrage,925,warrior,arms,42,20,22
38703,Warrshield,ragnaros,921,warrior,arms,28,10,18
38704,Velliena,tichondrius,916,warrior,arms,32,11,21
38705,Jindyn,boulderfist,912,warrior,arms,52,24,28
38706,Skarkla,thrall,911,warrior,arms,29,10,19
38707,Valde,stormrage,910,warrior,arms,21,10,11
38708,Jägernaught,stormrage,910,warrior,arms,23,10,13
38709,Kratosxx,quelthalas,909,warrior,arms,23,10,13
38710,Tandiko,wyrmrest-accord,908,warrior,arms,17,10,7
38711,Spitts,frostmourne,904,warrior,arms,21,10,11
38712,Dissx,illidan,903,warrior,arms,21,11,10
38713,Atrocithy,ragnaros,896,warrior,arms,16,10,6
38714,Yagura,emerald-dream,896,warrior,arms,22,10,12
38715,Girioo,thrall,895,warrior,arms,14,10,4
38716,Krokgoldmane,drakkari,893,warrior,arms,36,17,19
38717,Malathire,illidan,893,warrior,arms,22,10,12
38718,Wallzar,sargeras,887,warrior,arms,20,10,10
38719,Gulgosh,stormscale,879,warrior,arms,17,10,7
38720,Orcbreaker,quelthalas,878,warrior,arms,26,10,16
38721,Breyns,garrosh,875,warrior,arms,19,10,9
38722,Sígmar,dreadmaul,869,warrior,arms,18,10,8
38723,Moonyxx,frostmourne,864,warrior,arms,12,9,3
38724,Youngmoneyd,illidan,864,warrior,arms,12,9,3
38725,Dripgodx,malganis,864,warrior,arms,12,9,3
38726,Dedgamesucks,darkspear,864,warrior,arms,12,9,3
38727,Thuggyfresh,malganis,864,warrior,arms,12,9,3
38728,Tigris,nesingwary,864,warrior,arms,12,9,3
38729,Potero,ragnaros,864,warrior,arms,18,9,9
38730,Gorek,illidan,864,warrior,arms,18,9,9
38731,Moxxyy,tichondrius,864,warrior,arms,18,9,9
38732,Ârmstrong,quelthalas,864,warrior,arms,18,9,9
38733,Mlau,tichondrius,864,warrior,arms,18,9,9
38734,Alchera,fizzcrank,864,warrior,arms,18,9,9
38735,Stÿgian,blood-furnace,864,warrior,arms,18,9,9
38736,Scoopdog,stormrage,864,warrior,arms,18,9,9
38737,Warwagon,the-underbog,864,warrior,arms,18,9,9
38738,Miniraccoon,tichondrius,864,warrior,arms,18,9,9
38739,Oxia,quelthalas,864,warrior,arms,18,9,9
38740,Warrmoose,tichondrius,864,warrior,arms,24,9,15
38741,Sejac,moon-guard,864,warrior,arms,24,9,15
38742,Kolossus,korgath,864,warrior,arms,24,9,15
38743,Feiler,ragnaros,864,warrior,arms,24,9,15
38744,Dustywx,area-52,864,warrior,arms,24,9,15
38745,Reave,wyrmrest-accord,863,warrior,arms,12,9,3
38746,Zaynafein,emerald-dream,863,warrior,arms,18,9,9
38747,Nosoraki,thrall,863,warrior,arms,18,9,9
38748,Suntore,malganis,863,warrior,arms,18,9,9
38749,Chrom,illidan,863,warrior,arms,18,9,9
38750,Odiseo,ragnaros,863,warrior,arms,18,9,9
38751,Terneitor,ragnaros,863,warrior,arms,18,9,9
38752,Bowlingball,darkspear,863,warrior,arms,18,9,9
38753,Tâte,sargeras,863,warrior,arms,18,9,9
38754,Illicitkillz,destromath,863,warrior,arms,18,9,9
38755,Demonsláyer,illidan,863,warrior,arms,18,9,9
38756,Erradic,sargeras,863,warrior,arms,18,9,9
38757,Venecus,stormrage,863,warrior,arms,18,9,9
38758,Erdnase,ragnaros,863,warrior,arms,18,9,9
38759,Spincycle,khadgar,863,warrior,arms,21,9,12
38760,Kelmor,thunderhorn,863,warrior,arms,24,9,15
38761,Notoxzy,tichondrius,863,warrior,arms,24,9,15
38762,Ðirtyboy,tichondrius,863,warrior,arms,24,9,15
38763,Brokthard,ragnaros,863,warrior,arms,24,9,15
38764,Wrecktang,tichondrius,863,warrior,arms,24,9,15
38765,Abidis,tichondrius,863,warrior,arms,30,9,21
38766,Kilrok,thunderlord,863,warrior,arms,30,9,21
38767,Warwslayer,tichondrius,863,warrior,arms,30,9,21
38768,Nyuk,tichondrius,862,warrior,arms,15,9,6
38769,Caupølican,ragnaros,862,warrior,arms,18,9,9
38770,Xargosh,magtheridon,862,warrior,arms,18,9,9
38771,Cptstarship,sargeras,862,warrior,arms,18,9,9
38772,Wargorin,bleeding-hollow,862,warrior,arms,18,9,9
38773,Um,moon-guard,862,warrior,arms,18,9,9
38774,Hazew,kelthuzad,862,warrior,arms,18,9,9
38775,Xurc,gnomeregan,862,warrior,arms,24,9,15
38776,Lögän,azralon,862,warrior,arms,24,9,15
38777,Topmeoff,bleeding-hollow,862,warrior,arms,24,9,15
38778,Wárriór,tichondrius,862,warrior,arms,24,9,15
38779,Malvadin,stormrage,862,warrior,arms,30,9,21
38780,Balakay,drenden,861,warrior,arms,12,9,3
38781,Bananae,stormrage,861,warrior,arms,15,10,5
38782,Jodoro,malfurion,861,warrior,arms,18,9,9
38783,Overfury,azralon,861,warrior,arms,18,9,9
38784,Kror,garona,861,warrior,arms,18,9,9
38785,Rhagnael,malganis,861,warrior,arms,24,9,15
38786,Gunnaoffxans,sargeras,860,warrior,arms,18,9,9
38787,Durtmcsmash,stormrage,860,warrior,arms,18,9,9
38788,Stormit,illidan,860,warrior,arms,19,9,10
38789,Umogarmac,draktharon,860,warrior,arms,24,9,15
38790,Marnan,quelthalas,860,warrior,arms,24,9,15
38791,Layllassa,moon-guard,860,warrior,arms,24,9,15
38792,Lokiilloo,drakkari,859,warrior,arms,15,10,5
38793,Nishtana,quelthalas,859,warrior,arms,18,9,9
38794,Vio,mannoroth,859,warrior,arms,18,9,9
38795,Depthsii,lightbringer,859,warrior,arms,18,9,9
38796,Deadhawk,wyrmrest-accord,859,warrior,arms,30,9,21
38797,Arm,stormscale,859,warrior,arms,30,9,21
38798,Tolette,quelthalas,858,warrior,arms,18,9,9
38799,Féril,ragnaros,858,warrior,arms,18,9,9
38800,Tinyguysmall,eredar,857,warrior,arms,22,11,11
38801,Arthknight,ragnaros,857,warrior,arms,18,9,9
38802,Kaimana,zuljin,857,warrior,arms,18,9,9
38803,Kapalua,darkspear,857,warrior,arms,19,9,10
38804,Joshums,warsong,857,warrior,arms,26,10,16
38805,Karusuke,stormrage,857,warrior,arms,24,9,15
38806,Éllenor,azralon,856,warrior,arms,18,9,9
38807,Broxhar,ragnaros,856,warrior,arms,18,9,9
38808,Eorik,stormrage,856,warrior,arms,36,9,27
38809,Daytime,scilla,855,warrior,arms,18,9,9
38810,Hkbdynamus,black-dragonflight,855,warrior,arms,24,9,15
38811,Preschool,sargeras,854,warrior,arms,12,9,3
38812,Hintofmint,tichondrius,854,warrior,arms,18,9,9
38813,Sartin,boulderfist,854,warrior,arms,30,9,21
38814,Garusok,thrall,853,warrior,arms,12,9,3
38815,Asiyurekhans,borean-tundra,851,warrior,arms,12,9,3
38816,Tsebaoth,quelthalas,851,warrior,arms,30,10,20
38817,Jaimey,malganis,845,warrior,arms,23,9,14
38818,Rainiki,stormrage,845,warrior,arms,24,9,15
38819,Whiteclouds,blood-furnace,844,warrior,arms,42,17,25
38820,Macdollibee,barthilas,834,warrior,arms,18,9,9
38821,Battlestance,shadowsong,831,warrior,arms,23,9,14
38822,Swamphell,barthilas,831,warrior,arms,31,9,22
38823,Soulcalibur,zuljin,830,warrior,arms,23,9,14
38824,Túrin,quelthalas,829,warrior,arms,28,9,19
38825,Verigislena,moon-guard,827,warrior,arms,20,10,10
38826,Ightdoex,zuljin,825,warrior,arms,14,10,4
38827,Xwoyer,malganis,825,warrior,arms,22,11,11
38828,Eskama,hyjal,823,warrior,arms,23,9,14
38829,Hjoz,illidan,822,warrior,arms,16,9,7
38830,Bargorengar,skullcrusher,814,warrior,arms,78,34,44
38831,Paí,nemesis,808,warrior,arms,17,9,8
38832,Gigazug,stormrage,799,warrior,arms,20,9,11
38833,Rahj,saurfang,799,warrior,arms,20,9,11
38834,Fatmân,tichondrius,798,warrior,arms,22,9,13
38835,Zuljikan,illidan,798,warrior,arms,23,9,14
38836,Murrdock,nesingwary,794,warrior,arms,14,9,5
38837,Rhydonero,azralon,791,warrior,arms,17,9,8
38838,Vandalizer,sargeras,788,warrior,arms,20,10,10
38839,Hanzmat,illidan,768,warrior,arms,12,8,4
38840,Åthos,illidan,768,warrior,arms,12,8,4
38841,Dadslapper,illidan,768,warrior,arms,12,8,4
38842,Executiepie,hyjal,768,warrior,arms,12,8,4
38843,Zleam,area-52,768,warrior,arms,12,8,4
38844,Janjannodie,tichondrius,768,warrior,arms,12,8,4
38845,Traglos,ragnaros,768,warrior,arms,12,8,4
38846,Slvrback,stormrage,768,warrior,arms,12,8,4
38847,Ikitee,zuljin,768,warrior,arms,12,8,4
38848,Spinspin,borean-tundra,768,warrior,arms,12,8,4
38849,Msallsunday,nerzhul,768,warrior,arms,12,8,4
38850,Chestbrook,icecrown,768,warrior,arms,12,8,4
38851,Saucebussin,emerald-dream,768,warrior,arms,12,8,4
38852,Smallbrainx,tichondrius,768,warrior,arms,12,8,4
38853,Zdokk,sargeras,768,warrior,arms,12,8,4
38854,Patékphilípe,area-52,768,warrior,arms,12,8,4
38855,Hashwar,area-52,768,warrior,arms,12,8,4
38856,Hugeflopper,malganis,768,warrior,arms,12,8,4
38857,Gabv,shadowmoon,768,warrior,arms,12,8,4
38858,Leunitas,shadow-council,768,warrior,arms,18,8,10
38859,Cuddlechamp,barthilas,768,warrior,arms,18,8,10
38860,Elkz,tichondrius,768,warrior,arms,18,8,10
38861,Betterwar,zuljin,768,warrior,arms,18,8,10
38862,Thulsan,emerald-dream,768,warrior,arms,18,8,10
38863,Chronek,sargeras,768,warrior,arms,18,8,10
38864,Toxxel,wyrmrest-accord,768,warrior,arms,18,8,10
38865,Crysis,malorne,768,warrior,arms,18,8,10
38866,Dreadtøøth,tichondrius,768,warrior,arms,18,8,10
38867,Tádakatsu,sargeras,768,warrior,arms,18,8,10
38868,Elitistx,bleeding-hollow,768,warrior,arms,18,8,10
38869,Easylel,stormrage,768,warrior,arms,18,8,10
38870,Gízzmo,tichondrius,768,warrior,arms,18,8,10
38871,Wârtorn,darkspear,768,warrior,arms,18,8,10
38872,Elky,area-52,768,warrior,arms,18,8,10
38873,Dtitanzz,quelthalas,768,warrior,arms,18,8,10
38874,Onecho,tichondrius,768,warrior,arms,18,8,10
38875,Deadhate,sargeras,768,warrior,arms,18,8,10
38876,Tuggernaut,khadgar,768,warrior,arms,18,8,10
38877,Supermieo,illidan,768,warrior,arms,18,8,10
38878,Dirkdallas,tichondrius,768,warrior,arms,24,8,16
38879,Ochinching,tichondrius,768,warrior,arms,24,8,16
38880,Bornne,doomhammer,768,warrior,arms,30,8,22
38881,Blazingguard,stormrage,767,warrior,arms,12,8,4
38882,Theestallion,kiljaeden,767,warrior,arms,12,8,4
38883,Rúz,illidan,767,warrior,arms,12,8,4
38884,Angrybulky,illidan,767,warrior,arms,12,8,4
38885,Nãrax,area-52,767,warrior,arms,12,8,4
38886,Letsgosmokes,stormrage,767,warrior,arms,12,8,4
38887,Wantor,lightnings-blade,767,warrior,arms,12,8,4
38888,Executefreak,illidan,767,warrior,arms,12,8,4
38889,Silac,drenden,767,warrior,arms,12,8,4
38890,Pigblind,azralon,767,warrior,arms,12,8,4
38891,Kàkarot,illidan,767,warrior,arms,12,8,4
38892,Underbite,area-52,767,warrior,arms,12,8,4
38893,Domminux,darkspear,767,warrior,arms,12,8,4
38894,Azziiqt,stormrage,767,warrior,arms,12,8,4
38895,Skizoid,kiljaeden,767,warrior,arms,12,8,4
38896,Kixxel,sargeras,767,warrior,arms,12,8,4
38897,Akkar,gilneas,767,warrior,arms,12,8,4
38898,Zédelívery,azralon,767,warrior,arms,16,9,7
38899,Itskinggrizz,thrall,767,warrior,arms,16,9,7
38900,Empriux,quelthalas,767,warrior,arms,18,8,10
38901,Cevadix,azralon,767,warrior,arms,18,8,10
38902,Drusillaa,deathwing,767,warrior,arms,18,8,10
38903,Croxxs,aegwynn,767,warrior,arms,18,8,10
38904,Nanor,zuljin,767,warrior,arms,18,8,10
38905,Logsplitter,stormrage,767,warrior,arms,18,8,10
38906,Onionion,stormrage,767,warrior,arms,18,8,10
38907,Ihazlolstorm,area-52,767,warrior,arms,18,8,10
38908,Pípe,nemesis,767,warrior,arms,18,8,10
38909,Moarbrainz,mannoroth,767,warrior,arms,18,8,10
38910,Cagrekk,wyrmrest-accord,767,warrior,arms,18,8,10
38911,Æwarrìor,tichondrius,767,warrior,arms,18,8,10
38912,Orgreshin,area-52,767,warrior,arms,21,9,12
38913,Saskouach,stormrage,767,warrior,arms,20,8,12
38914,Brawnforce,shadowsong,767,warrior,arms,24,8,16
38915,Techanina,aerie-peak,767,warrior,arms,24,8,16
38916,Warriorc,laughing-skull,766,warrior,arms,12,8,4
38917,Jackhanma,kelthuzad,766,warrior,arms,12,8,4
38918,Zhasi,bonechewer,766,warrior,arms,12,8,4
38919,Diãbel,azralon,766,warrior,arms,12,8,4
38920,Ragarok,jubeithos,766,warrior,arms,12,8,4
38921,Hemmyroidz,tichondrius,766,warrior,arms,18,8,10
38922,Sálieri,ragnaros,766,warrior,arms,18,8,10
38923,Rineer,tichondrius,766,warrior,arms,18,8,10
38924,Rapralph,barthilas,766,warrior,arms,18,8,10
38925,Donnacha,garona,766,warrior,arms,18,8,10
38926,Rezzett,wyrmrest-accord,766,warrior,arms,21,9,12
38927,Beatmeat,frostmourne,766,warrior,arms,24,8,16
38928,Modzilla,aerie-peak,766,warrior,arms,30,8,22
38929,Malystik,ragnaros,765,warrior,arms,12,8,4
38930,Percthirty,blackrock,765,warrior,arms,18,8,10
38931,Ligerii,quelthalas,765,warrior,arms,18,8,10
38932,Jijiyeya,tichondrius,765,warrior,arms,24,8,16
38933,Loktarrogar,illidan,765,warrior,arms,24,8,16
38934,Alexarchos,chogall,764,warrior,arms,18,8,10
38935,Pangean,sargeras,764,warrior,arms,18,8,10
38936,Plssaveme,ysera,764,warrior,arms,24,8,16
38937,Enthria,illidan,763,warrior,arms,12,8,4
38938,Stalecrouton,doomhammer,763,warrior,arms,12,8,4
38939,Friends,azjolnerub,763,warrior,arms,18,8,10
38940,Sygw,area-52,763,warrior,arms,24,8,16
38941,Dieselsauce,stormscale,762,warrior,arms,12,8,4
38942,Sweetdeé,zuljin,762,warrior,arms,18,8,10
38943,Tarmer,moon-guard,762,warrior,arms,18,8,10
38944,Revenn,greymane,761,warrior,arms,12,8,4
38945,Hunchless,detheroc,761,warrior,arms,22,8,14
38946,Vynfull,area-52,760,warrior,arms,18,8,10
38947,Rágnárr,ragnaros,759,warrior,arms,18,8,10
38948,Brrzrrkrr,twisting-nether,757,warrior,arms,12,8,4
38949,Trapwar,malganis,755,warrior,arms,12,8,4
38950,Tankdatt,frostmourne,755,warrior,arms,18,8,10
38951,Fleshtuxedo,stormrage,752,warrior,arms,12,8,4
38952,Evoltoad,illidan,751,warrior,arms,29,8,21
38953,Gladiattor,tol-barad,749,warrior,arms,18,8,10
38954,Ironwarr,hyjal,740,warrior,arms,23,8,15
38955,Vetinari,nazjatar,735,warrior,arms,11,8,3
38956,Outo,stormrage,735,warrior,arms,17,8,9
38957,Casmier,tichondrius,734,warrior,arms,17,8,9
38958,Brysontiller,frostmourne,734,warrior,arms,17,8,9
38959,Gorakis,barthilas,733,warrior,arms,20,9,11
38960,Mêlo,area-52,719,warrior,arms,17,8,9
38961,Layoon,azralon,718,warrior,arms,17,8,9
38962,Wreckthis,area-52,718,warrior,arms,17,8,9
38963,Khâi,tichondrius,718,warrior,arms,21,8,13
38964,Alemão,bleeding-hollow,713,warrior,arms,23,9,14
38965,Fraccx,area-52,704,warrior,arms,16,8,8
38966,Tomatogodx,sargeras,704,warrior,arms,16,8,8
38967,Bluthammer,wyrmrest-accord,701,warrior,arms,20,8,12
38968,Tabadigbick,bleeding-hollow,698,warrior,arms,17,8,9
38969,Elfmonger,proudmoore,687,warrior,arms,13,8,5
38970,Wreckerr,area-52,680,warrior,arms,20,10,10
38971,Donivan,illidan,672,warrior,arms,12,7,5
38972,Solocon,tichondrius,672,warrior,arms,12,7,5
38973,Xdoombringer,area-52,672,warrior,arms,12,7,5
38974,Grounyl,azralon,672,warrior,arms,12,7,5
38975,Lilreese,tichondrius,672,warrior,arms,12,7,5
38976,Papazugs,kelthuzad,672,warrior,arms,12,7,5
38977,Giv,frostmourne,672,warrior,arms,12,7,5
38978,Studdythejet,zuljin,672,warrior,arms,12,7,5
38979,Faronstompz,sargeras,672,warrior,arms,12,7,5
38980,Ryalaeth,moon-guard,672,warrior,arms,12,7,5
38981,Jahrakál,thunderlord,672,warrior,arms,12,7,5
38982,Vids,aegwynn,672,warrior,arms,12,7,5
38983,Arsis,whisperwind,672,warrior,arms,12,7,5
38984,Kevy,arygos,672,warrior,arms,12,7,5
38985,Madmartiggan,tichondrius,672,warrior,arms,12,7,5
38986,Turtleofhope,barthilas,672,warrior,arms,12,7,5
38987,Jaysmom,tichondrius,672,warrior,arms,12,7,5
38988,Havocsmash,tichondrius,672,warrior,arms,12,7,5
38989,Roiboy,stormrage,672,warrior,arms,12,7,5
38990,Jesbar,ragnaros,672,warrior,arms,12,7,5
38991,Noelglz,quelthalas,672,warrior,arms,12,7,5
38992,Mõgorrin,area-52,672,warrior,arms,12,7,5
38993,Zekkenx,azjolnerub,672,warrior,arms,12,7,5
38994,Okayge,proudmoore,672,warrior,arms,12,7,5
38995,Salthouse,sargeras,672,warrior,arms,12,7,5
38996,Gbrz,stormrage,672,warrior,arms,12,7,5
38997,Madamemarie,stormrage,672,warrior,arms,12,7,5
38998,Yrz,malganis,672,warrior,arms,12,7,5
38999,Natating,terenas,672,warrior,arms,12,7,5
39000,Cugij,frostmourne,672,warrior,arms,12,7,5
39001,Turecw,illidan,672,warrior,arms,12,7,5
39002,Magnusz,zuljin,672,warrior,arms,12,7,5
39003,Bladebuster,stormrage,672,warrior,arms,12,7,5
39004,Reichbeast,area-52,672,warrior,arms,12,7,5
39005,Furìous,stormrage,672,warrior,arms,12,7,5
39006,Slaughtér,tichondrius,672,warrior,arms,12,7,5
39007,Dehumanized,greymane,672,warrior,arms,12,7,5
39008,Heojae,tichondrius,672,warrior,arms,12,7,5
39009,Bloodshêdz,stormrage,672,warrior,arms,12,7,5
39010,Vxjohnson,proudmoore,672,warrior,arms,15,8,7
39011,Imyourdaddy,chogall,672,warrior,arms,16,8,8
39012,Warhji,malganis,672,warrior,arms,18,7,11
39013,Zerosends,kelthuzad,672,warrior,arms,18,7,11
39014,Rhynehardt,scilla,672,warrior,arms,18,7,11
39015,Warfeno,malganis,672,warrior,arms,18,7,11
39016,Ryänlord,mugthol,672,warrior,arms,18,7,11
39017,Tasilia,tichondrius,672,warrior,arms,18,7,11
39018,Jethrix,kelthuzad,672,warrior,arms,18,7,11
39019,Käggai,khadgar,672,warrior,arms,18,7,11
39020,Sayjaki,stormrage,672,warrior,arms,18,7,11
39021,Pathelsonsus,stormrage,672,warrior,arms,18,7,11
39022,Raxek,stormrage,672,warrior,arms,18,7,11
39023,Yamzprime,stormrage,672,warrior,arms,18,7,11
39024,Ivory,emerald-dream,672,warrior,arms,18,7,11
39025,Bigbadbaka,thaurissan,672,warrior,arms,18,7,11
39026,Goyqqw,illidan,672,warrior,arms,18,7,11
39027,Thètrùth,duskwood,672,warrior,arms,18,7,11
39028,Tbagg,area-52,672,warrior,arms,18,7,11
39029,Galehna,ragnaros,672,warrior,arms,23,7,16
39030,Festerclaws,wyrmrest-accord,672,warrior,arms,24,7,17
39031,Farquahd,illidan,672,warrior,arms,24,7,17
39032,Blazie,barthilas,671,warrior,arms,12,7,5
39033,Gunnëy,malganis,671,warrior,arms,12,7,5
39034,Glizzarms,dalaran,671,warrior,arms,12,7,5
39035,Crnogorac,hakkar,671,warrior,arms,12,7,5
39036,Furiousangel,area-52,671,warrior,arms,12,7,5
39037,Jfordnever,area-52,671,warrior,arms,12,7,5
39038,Dêsêcratê,frostmourne,671,warrior,arms,12,7,5
39039,Orthopedic,tichondrius,671,warrior,arms,12,7,5
39040,Ramborco,kelthuzad,671,warrior,arms,12,7,5
39041,Jedeva,stormrage,671,warrior,arms,12,7,5
39042,Seshømaru,quelthalas,671,warrior,arms,12,7,5
39043,Irongummy,frostmourne,671,warrior,arms,12,7,5
39044,Rhuktar,azralon,671,warrior,arms,12,7,5
39045,Nehpets,akama,671,warrior,arms,12,7,5
39046,Vodkalol,bleeding-hollow,671,warrior,arms,12,7,5
39047,Lilboytroy,korgath,671,warrior,arms,12,7,5
39048,Pipeman,blackhand,671,warrior,arms,12,7,5
39049,Sneakyhand,draktharon,671,warrior,arms,12,7,5
39050,Maddzspin,tichondrius,671,warrior,arms,12,7,5
39051,Qtrpndwcheez,area-52,671,warrior,arms,12,7,5
39052,Dunkindots,tichondrius,671,warrior,arms,12,7,5
39053,Drekzul,azralon,671,warrior,arms,12,7,5
39054,Girthstick,eredar,671,warrior,arms,12,7,5
39055,Menestz,dreadmaul,671,warrior,arms,17,9,8
39056,Paratech,thrall,671,warrior,arms,18,7,11
39057,Chumbinhu,stormrage,671,warrior,arms,18,7,11
39058,Kasheeka,spirestone,671,warrior,arms,18,7,11
39059,Layøut,azralon,671,warrior,arms,18,7,11
39060,Grazellor,khaz-modan,671,warrior,arms,18,7,11
39061,Struka,drakkari,671,warrior,arms,18,7,11
39062,Ironhide,malorne,671,warrior,arms,18,7,11
39063,Violençe,malganis,671,warrior,arms,18,7,11
39064,Rawlur,zuljin,671,warrior,arms,18,7,11
39065,Stepzugger,illidan,671,warrior,arms,18,7,11
39066,Elíte,kelthuzad,671,warrior,arms,18,7,11
39067,Sako,amanthul,671,warrior,arms,18,7,11
39068,Josephcrazy,tichondrius,671,warrior,arms,18,7,11
39069,Pharan,malganis,671,warrior,arms,18,7,11
39070,Danzael,quelthalas,671,warrior,arms,24,7,17
39071,Draggo,tortheldrin,670,warrior,arms,12,7,5
39072,Nraged,illidan,670,warrior,arms,12,7,5
39073,Dizzygal,hyjal,670,warrior,arms,18,7,11
39074,Swám,quelthalas,670,warrior,arms,18,7,11
39075,Dhano,drakkari,670,warrior,arms,18,7,11
39076,Amrap,dentarg,670,warrior,arms,18,7,11
39077,Gìraffe,illidan,670,warrior,arms,18,7,11
39078,Warraaxx,stonemaul,670,warrior,arms,18,7,11
39079,Reidahn,zuljin,670,warrior,arms,24,7,17
39080,Aersasi,tichondrius,669,warrior,arms,12,7,5
39081,Deadhofe,azuremyst,669,warrior,arms,15,8,7
39082,Harnor,garrosh,669,warrior,arms,18,7,11
39083,Tämuros,thrall,669,warrior,arms,18,7,11
39084,Teyliemond,amanthul,668,warrior,arms,12,7,5
39085,Pandamoanman,moon-guard,668,warrior,arms,18,7,11
39086,Yanïka,barthilas,667,warrior,arms,13,7,6
39087,Rogkhan,tichondrius,667,warrior,arms,18,7,11
39088,Kevasaurr,sargeras,667,warrior,arms,24,7,17
39089,Borgee,tichondrius,666,warrior,arms,18,7,11
39090,Terribletom,stormrage,665,warrior,arms,18,7,11
39091,Nepharia,kirin-tor,664,warrior,arms,18,7,11
39092,Tanatos,the-venture-co,664,warrior,arms,24,7,17
39093,Jötunn,dalaran,663,warrior,arms,12,7,5
39094,Dierdris,gnomeregan,659,warrior,arms,13,7,6
39095,Tankadin,dragonmaw,659,warrior,arms,18,7,11
39096,Parmizan,hydraxis,639,warrior,arms,16,7,9
39097,Phoveros,sargeras,639,warrior,arms,17,7,10
39098,Fewfingers,sargeras,638,warrior,arms,16,7,9
39099,Twinxin,thrall,637,warrior,arms,17,7,10
39100,Allenwalker,dreadmaul,623,warrior,arms,13,7,6
39101,Fidel,blackrock,623,warrior,arms,23,7,16
39102,Bigboycandy,malganis,621,warrior,arms,11,7,4
39103,Xunaco,quelthalas,620,warrior,arms,26,7,19
39104,Xandrak,barthilas,618,warrior,arms,11,7,4
39105,Ålbedo,malganis,616,warrior,arms,23,8,15
39106,Justfair,barthilas,607,warrior,arms,14,7,7
39107,Pkrage,hellscream,606,warrior,arms,11,7,4
39108,Exxic,zuljin,606,warrior,arms,14,7,7
39109,Bullkathoss,bleeding-hollow,605,warrior,arms,22,7,15
39110,Tyférious,tichondrius,602,warrior,arms,32,7,25
39111,Mortalchop,tichondrius,592,warrior,arms,13,7,6
39112,Dóminus,malfurion,576,warrior,arms,6,6,0
39113,Baltusrol,hydraxis,576,warrior,arms,6,6,0
39114,Elpresador,dragonmaw,576,warrior,arms,6,6,0
39115,Stoneshield,senjin,576,warrior,arms,6,6,0
39116,Bean,ragnaros,576,warrior,arms,6,6,0
39117,Khalwar,ragnaros,576,warrior,arms,6,6,0
39118,Slammshady,tichondrius,576,warrior,arms,9,7,2
39119,Iskandr,amanthul,576,warrior,arms,9,7,2
39120,Painremaìns,dunemaul,576,warrior,arms,12,6,6
39121,Roflcombo,illidan,576,warrior,arms,12,6,6
39122,Natalieftm,tichondrius,576,warrior,arms,12,6,6
39123,Monkeystrike,barthilas,576,warrior,arms,12,6,6
39124,Tàlent,thrall,576,warrior,arms,12,6,6
39125,Luckychaos,bleeding-hollow,576,warrior,arms,12,6,6
39126,Lotsay,tichondrius,576,warrior,arms,12,6,6
39127,Bigbadaxe,sargeras,576,warrior,arms,12,6,6
39128,Averagewar,frostwolf,576,warrior,arms,12,6,6
39129,Geubsalx,tichondrius,576,warrior,arms,12,6,6
39130,Atuey,area-52,576,warrior,arms,12,6,6
39131,Benkenobi,khaz-modan,576,warrior,arms,12,6,6
39132,Linios,tichondrius,576,warrior,arms,12,6,6
39133,Blazight,dunemaul,576,warrior,arms,12,6,6
39134,Aladarith,moon-guard,576,warrior,arms,12,6,6
39135,Flidumpling,tichondrius,576,warrior,arms,12,6,6
39136,Rexquando,barthilas,576,warrior,arms,12,6,6
39137,Griftustle,moon-guard,576,warrior,arms,12,6,6
39138,Malvicious,proudmoore,576,warrior,arms,12,6,6
39139,Himurinha,nemesis,576,warrior,arms,12,6,6
39140,Assamith,nemesis,576,warrior,arms,12,6,6
39141,Biorhn,area-52,576,warrior,arms,12,6,6
39142,Feedmetren,tichondrius,576,warrior,arms,12,6,6
39143,Rargou,illidan,576,warrior,arms,12,6,6
39144,Dreamwarr,tichondrius,576,warrior,arms,12,6,6
39145,Kazabare,tichondrius,576,warrior,arms,12,6,6
39146,Cassetto,icecrown,576,warrior,arms,12,6,6
39147,Rembrand,blackhand,576,warrior,arms,12,6,6
39148,Gladdz,moon-guard,576,warrior,arms,12,6,6
39149,Fatpoos,barthilas,576,warrior,arms,12,6,6
39150,Hololeave,tichondrius,576,warrior,arms,12,6,6
39151,Zzode,tichondrius,576,warrior,arms,12,6,6
39152,Zuans,azralon,576,warrior,arms,12,6,6
39153,Luminiere,sargeras,576,warrior,arms,12,6,6
39154,Toegap,illidan,576,warrior,arms,12,6,6
39155,Lacorte,ragnaros,576,warrior,arms,12,6,6
39156,Zizwe,proudmoore,576,warrior,arms,12,6,6
39157,Sodarzok,thaurissan,576,warrior,arms,12,6,6
39158,Musclecrowe,illidan,576,warrior,arms,12,6,6
39159,Prìscìlla,stormrage,576,warrior,arms,12,6,6
39160,Streetdog,stormrage,576,warrior,arms,12,6,6
39161,Ratherfull,ragnaros,576,warrior,arms,12,6,6
39162,Headsour,thunderhorn,576,warrior,arms,12,6,6
39163,Hülkamanïa,sargeras,576,warrior,arms,12,6,6
39164,Bamlin,sargeras,576,warrior,arms,12,6,6
39165,Marîn,stormrage,576,warrior,arms,12,6,6
39166,Róngor,ragnaros,576,warrior,arms,12,6,6
39167,Unwarmas,ragnaros,576,warrior,arms,12,6,6
39168,Auxthas,tichondrius,576,warrior,arms,12,6,6
39169,Agresvnapkin,dalaran,576,warrior,arms,12,6,6
39170,Fraxxure,proudmoore,576,warrior,arms,12,6,6
39171,Jerebeloz,proudmoore,576,warrior,arms,12,6,6
39172,Bonclay,nerzhul,576,warrior,arms,12,6,6
39173,Maleap,moon-guard,576,warrior,arms,12,6,6
39174,Areiana,stormrage,576,warrior,arms,12,6,6
39175,Roitty,proudmoore,576,warrior,arms,12,6,6
39176,Illmindofboo,tichondrius,576,warrior,arms,12,6,6
39177,Fûry,barthilas,576,warrior,arms,12,6,6
39178,Orkussw,illidan,576,warrior,arms,12,6,6
39179,Houdinix,stormrage,576,warrior,arms,12,6,6
39180,Inkurushio,suramar,576,warrior,arms,12,6,6
39181,Aùstin,moon-guard,576,warrior,arms,12,6,6
39182,Sunderstruck,boulderfist,576,warrior,arms,12,6,6
39183,Arozay,illidan,576,warrior,arms,12,6,6
39184,Bagginses,quelthalas,576,warrior,arms,12,6,6
39185,Glourfindel,quelthalas,576,warrior,arms,12,6,6
39186,Raahj,sargeras,576,warrior,arms,12,6,6
39187,Truecarnage,emerald-dream,576,warrior,arms,12,6,6
39188,Bailu,ragnaros,576,warrior,arms,12,6,6
39189,Amortens,area-52,576,warrior,arms,12,6,6
39190,Aliminar,zuluhed,576,warrior,arms,12,6,6
39191,Invinciblé,tichondrius,576,warrior,arms,12,6,6
39192,Musclehead,moon-guard,576,warrior,arms,12,6,6
39193,Joesbàr,tichondrius,576,warrior,arms,12,6,6
39194,Supersquish,moon-guard,576,warrior,arms,12,6,6
39195,Stÿgían,kelthuzad,576,warrior,arms,12,6,6
39196,Sigrik,moon-guard,576,warrior,arms,12,6,6
39197,Jaybers,malganis,576,warrior,arms,12,6,6
39198,Breaker,undermine,576,warrior,arms,12,6,6
39199,Doucherocket,kelthuzad,576,warrior,arms,12,6,6
39200,Adryina,zuljin,576,warrior,arms,12,6,6
39201,Brahmo,kelthuzad,576,warrior,arms,13,6,7
39202,Ganzism,tichondrius,576,warrior,arms,13,6,7
39203,Aziz,kiljaeden,576,warrior,arms,13,6,7
39204,Monardaid,uldum,576,warrior,arms,18,6,12
39205,Rhorix,korialstrasz,576,warrior,arms,18,6,12
39206,Májorrobot,area-52,576,warrior,arms,18,6,12
39207,Sõnics,tichondrius,576,warrior,arms,18,6,12
39208,Durres,tichondrius,576,warrior,arms,18,6,12
39209,Cowboybeast,tanaris,576,warrior,arms,18,6,12
39210,Cleavxy,sargeras,576,warrior,arms,18,6,12
39211,Psilly,sargeras,576,warrior,arms,18,6,12
39212,Baciless,illidan,576,warrior,arms,18,6,12
39213,Toutie,tichondrius,576,warrior,arms,18,6,12
39214,Ontull,emerald-dream,576,warrior,arms,18,6,12
39215,Xgraves,sargeras,576,warrior,arms,18,6,12
39216,Durko,whisperwind,576,warrior,arms,18,6,12
39217,Eabywarrs,tichondrius,576,warrior,arms,18,6,12
39218,Swìll,illidan,576,warrior,arms,18,6,12
39219,Ronak,vashj,576,warrior,arms,18,6,12
39220,Ezgamelol,azralon,576,warrior,arms,18,6,12
39221,Nillor,emerald-dream,576,warrior,arms,18,6,12
39222,Winso,blood-furnace,576,warrior,arms,18,6,12
39223,Deathstrøke,illidan,576,warrior,arms,18,6,12
39224,Kennäy,azralon,576,warrior,arms,18,6,12
39225,Egoist,malganis,576,warrior,arms,18,6,12
39226,Hariban,shuhalo,576,warrior,arms,18,6,12
39227,Benw,dawnbringer,576,warrior,arms,18,6,12
39228,Hugz,thrall,576,warrior,arms,18,6,12
39229,Pushh,thrall,576,warrior,arms,18,6,12
39230,Lieofa,tichondrius,576,warrior,arms,19,6,13
39231,Omnismash,stormrage,576,warrior,arms,20,6,14
39232,Contentious,moon-guard,576,warrior,arms,24,6,18
39233,Odrak,ragnaros,576,warrior,arms,24,6,18
39234,Shîzu,moon-guard,576,warrior,arms,24,6,18
39235,Fenømenoide,ragnaros,575,warrior,arms,6,6,0
39236,Bolx,archimonde,575,warrior,arms,12,6,6
39237,Desul,tichondrius,575,warrior,arms,12,6,6
39238,Croton,moon-guard,575,warrior,arms,12,6,6
39239,Obstruktíon,tichondrius,575,warrior,arms,12,6,6
39240,Uragiri,shadowsong,575,warrior,arms,12,6,6
39241,Pandatrue,azralon,575,warrior,arms,12,6,6
39242,Tenserr,kiljaeden,575,warrior,arms,12,6,6
39243,Kurgos,quelthalas,575,warrior,arms,12,6,6
39244,Weewarrior,wyrmrest-accord,575,warrior,arms,12,6,6
39245,Balthazãr,quelthalas,575,warrior,arms,12,6,6
39246,Gahii,barthilas,575,warrior,arms,12,6,6
39247,Vioar,hyjal,575,warrior,arms,12,6,6
39248,Bkdorbandit,illidan,575,warrior,arms,12,6,6
39249,Teyrn,stormrage,575,warrior,arms,12,6,6
39250,Ereborh,ragnaros,575,warrior,arms,12,6,6
39251,Nospace,tichondrius,575,warrior,arms,12,6,6
39252,Ragefested,tichondrius,575,warrior,arms,12,6,6
39253,Xarlon,stormrage,575,warrior,arms,12,6,6
39254,Redneckk,emerald-dream,575,warrior,arms,12,6,6
39255,Thornakh,stormrage,575,warrior,arms,12,6,6
39256,Maltrate,hyjal,575,warrior,arms,15,7,8
39257,Bärdock,ragnaros,575,warrior,arms,16,7,9
39258,Filthyrandy,proudmoore,575,warrior,arms,18,6,12
39259,Hatedßyßlízz,area-52,575,warrior,arms,18,6,12
39260,Kenroc,illidan,574,warrior,arms,12,6,6
39261,Darkshrek,quelthalas,574,warrior,arms,12,6,6
39262,Ådolf,sargeras,574,warrior,arms,15,7,8
39263,Padalouh,kelthuzad,574,warrior,arms,18,6,12
39264,Masami,moon-guard,574,warrior,arms,18,6,12
39265,Locotto,ragnaros,574,warrior,arms,24,6,18
39266,Dúmp,stormrage,573,warrior,arms,12,6,6
39267,Logohn,wyrmrest-accord,573,warrior,arms,12,6,6
39268,Môgwai,kelthuzad,573,warrior,arms,12,6,6
39269,Rafaelwar,drakkari,573,warrior,arms,12,6,6
39270,Bilmuuri,illidan,573,warrior,arms,18,6,12
39271,Brosèph,sargeras,573,warrior,arms,18,6,12
39272,Lololosda,quelthalas,572,warrior,arms,12,6,6
39273,Faóra,moon-guard,572,warrior,arms,12,6,6
39274,Bitiatus,scilla,572,warrior,arms,18,6,12
39275,Tatsher,turalyon,571,warrior,arms,12,6,6
39276,Conchalover,illidan,559,warrior,arms,17,6,11
39277,Mindgoblin,smolderthorn,559,warrior,arms,17,6,11
39278,Kastenz,frostmourne,559,warrior,arms,23,6,17
39279,Ecopolis,azshara,544,warrior,arms,16,6,10
39280,Ballzindeep,tichondrius,543,warrior,arms,8,7,1
39281,Tastyskeet,illidan,543,warrior,arms,11,6,5
39282,Tâlos,ysondre,543,warrior,arms,11,6,5
39283,Uneasyw,tichondrius,543,warrior,arms,17,6,11
39284,Randywar,tichondrius,528,warrior,arms,15,6,9
39285,Ogpapabear,stormscale,528,warrior,arms,21,6,15
39286,Beyblade,jubeithos,527,warrior,arms,11,6,5
39287,Kzw,illidan,527,warrior,arms,11,6,5
39288,Vikkz,frostmourne,527,warrior,arms,11,6,5
39289,Warwik,stormscale,527,warrior,arms,17,6,11
39290,Meadsweats,tichondrius,522,warrior,arms,17,10,7
39291,Bersérk,area-52,522,warrior,arms,14,8,6
39292,Tomcruz,bloodscalp,522,warrior,arms,16,7,9
39293,Hrókr,kiljaeden,522,warrior,arms,19,8,11
39294,Orz,sargeras,522,warrior,arms,25,7,18
39295,Munchiesxqc,exodar,521,warrior,arms,21,7,14
39296,Warrage,kiljaeden,519,warrior,arms,21,9,12
39297,Illicitiri,sargeras,511,warrior,arms,10,6,4
39298,Kvobash,area-52,511,warrior,arms,11,6,5
39299,Ohjim,stormrage,511,warrior,arms,14,6,8
39300,Jackjaeger,area-52,511,warrior,arms,16,6,10
39301,Berzerc,stormrage,511,warrior,arms,18,6,12
39302,Ripstorm,emerald-dream,510,warrior,arms,14,6,8
39303,Ruiend,bonechewer,510,warrior,arms,14,6,8
39304,Tyraelius,kiljaeden,510,warrior,arms,17,6,11
39305,Lishajr,malganis,507,warrior,arms,8,6,2
39306,Magarrior,shadowsong,495,warrior,arms,13,7,6
39307,Vanlur,khaz-modan,480,warrior,arms,6,5,1
39308,Millywhopz,thrall,480,warrior,arms,6,5,1
39309,Ryü,khaz-modan,480,warrior,arms,6,5,1
39310,Warronin,kaelthas,480,warrior,arms,6,5,1
39311,Noor,tichondrius,480,warrior,arms,6,5,1
39312,Roadglide,korgath,480,warrior,arms,6,5,1
39313,Ghostblood,stormscale,480,warrior,arms,6,5,1
39314,Jenkin,korgath,480,warrior,arms,6,5,1
39315,Jackox,sargeras,480,warrior,arms,6,5,1
39316,Noreaga,tichondrius,480,warrior,arms,6,5,1
39317,Jarlaix,dragonmaw,480,warrior,arms,6,5,1
39318,Biggesttoees,tichondrius,480,warrior,arms,6,5,1
39319,Thombelina,malganis,480,warrior,arms,6,5,1
39320,Saladin,gnomeregan,480,warrior,arms,6,5,1
39321,Ousetadoidao,nemesis,480,warrior,arms,6,5,1
39322,Xaenne,zuljin,480,warrior,arms,6,5,1
39323,Khrull,khazgoroth,480,warrior,arms,6,5,1
39324,Bootypound,sargeras,480,warrior,arms,6,5,1
39325,Billythunda,tichondrius,480,warrior,arms,6,5,1
39326,Onefourfifty,tichondrius,480,warrior,arms,6,5,1
39327,Calmebigfeet,tichondrius,480,warrior,arms,6,5,1
39328,Scozziee,barthilas,480,warrior,arms,6,5,1
39329,Dukagã,tichondrius,480,warrior,arms,6,5,1
39330,Hotshótz,kelthuzad,480,warrior,arms,6,5,1
39331,Armsupx,tichondrius,480,warrior,arms,6,5,1
39332,Grehk,sargeras,480,warrior,arms,6,5,1
39333,Tinymo,archimonde,480,warrior,arms,6,5,1
39334,Sparkye,gallywix,480,warrior,arms,6,5,1
39335,Geàrbreaker,tichondrius,480,warrior,arms,6,5,1
39336,Painqt,area-52,480,warrior,arms,6,5,1
39337,Houk,frostmourne,480,warrior,arms,6,5,1
39338,Rickywarx,illidan,480,warrior,arms,6,5,1
39339,Tâlos,magtheridon,480,warrior,arms,6,5,1
39340,Mongosyco,proudmoore,480,warrior,arms,6,5,1
39341,Warpenguin,kelthuzad,480,warrior,arms,10,6,4
39342,Whittyxc,tichondrius,480,warrior,arms,9,5,4
39343,Excalibruh,frostmourne,480,warrior,arms,12,5,7
39344,Mondëgo,stormrage,480,warrior,arms,12,5,7
39345,Loveføx,stormrage,480,warrior,arms,12,5,7
39346,Izârâk,frostmourne,480,warrior,arms,12,5,7
39347,Lanco,kiljaeden,480,warrior,arms,12,5,7
39348,Martydom,proudmoore,480,warrior,arms,12,5,7
39349,Brøxigár,quelthalas,480,warrior,arms,12,5,7
39350,Pandaxes,proudmoore,480,warrior,arms,12,5,7
39351,Dillý,area-52,480,warrior,arms,12,5,7
39352,Morphexo,quelthalas,480,warrior,arms,12,5,7
39353,Karik,proudmoore,480,warrior,arms,12,5,7
39354,Alëwar,quelthalas,480,warrior,arms,12,5,7
39355,Sideon,frostmourne,480,warrior,arms,12,5,7
39356,Greyknights,kiljaeden,480,warrior,arms,12,5,7
39357,Ccmeharder,kiljaeden,480,warrior,arms,12,5,7
39358,Kàli,kiljaeden,480,warrior,arms,12,5,7
39359,Kaikah,aegwynn,480,warrior,arms,12,5,7
39360,Peters,malfurion,480,warrior,arms,12,5,7
39361,Maniel,greymane,480,warrior,arms,12,5,7
39362,Beerstorm,stormrage,480,warrior,arms,12,5,7
39363,Thalfor,emerald-dream,480,warrior,arms,12,5,7
39364,Gonzwold,drenden,480,warrior,arms,12,5,7
39365,Dalinare,area-52,480,warrior,arms,12,5,7
39366,Spredforbred,area-52,480,warrior,arms,12,5,7
39367,Ericthegreat,azuremyst,480,warrior,arms,12,5,7
39368,Quinntis,anvilmar,480,warrior,arms,12,5,7
39369,Etothed,stormrage,480,warrior,arms,12,5,7
39370,Dynamiite,bleeding-hollow,480,warrior,arms,12,5,7
39371,Ricksanches,shadowmoon,480,warrior,arms,12,5,7
39372,Ximzhao,quelthalas,480,warrior,arms,12,5,7
39373,Trén,hydraxis,480,warrior,arms,12,5,7
39374,Blakeb,area-52,480,warrior,arms,12,5,7
39375,Kriegsheer,bleeding-hollow,480,warrior,arms,12,5,7
39376,Arcâdio,cairne,480,warrior,arms,12,5,7
39377,Kð,zuljin,480,warrior,arms,12,5,7
39378,Angertooth,tichondrius,480,warrior,arms,12,5,7
39379,Fayttful,area-52,480,warrior,arms,12,5,7
39380,Mustachelove,bleeding-hollow,480,warrior,arms,12,5,7
39381,Taürok,azralon,480,warrior,arms,12,5,7
39382,Bradockqt,azralon,480,warrior,arms,12,5,7
39383,Cabi,frostmourne,480,warrior,arms,12,5,7
39384,Gläedr,dalaran,480,warrior,arms,12,5,7
39385,Shwip,tichondrius,480,warrior,arms,12,5,7
39386,Coltronitis,kelthuzad,480,warrior,arms,12,5,7
39387,Andrexion,moon-guard,480,warrior,arms,12,5,7
39388,Toddlovesu,kelthuzad,480,warrior,arms,12,5,7
39389,Zewl,barthilas,480,warrior,arms,12,5,7
39390,Targos,frostwolf,480,warrior,arms,12,5,7
39391,Huleo,tichondrius,480,warrior,arms,12,5,7
39392,Slamoholic,turalyon,480,warrior,arms,12,5,7
39393,Orcimonde,arthas,480,warrior,arms,12,5,7
39394,Shrëkslovaki,tichondrius,480,warrior,arms,12,5,7
39395,Téry,dalaran,480,warrior,arms,12,5,7
39396,Wcb,sargeras,480,warrior,arms,12,5,7
39397,Empyrius,exodar,480,warrior,arms,12,5,7
39398,Igoon,dentarg,480,warrior,arms,12,5,7
39399,Paulhëyman,sargeras,480,warrior,arms,12,5,7
39400,Felorelea,moon-guard,480,warrior,arms,12,5,7
39401,Fracked,sargeras,480,warrior,arms,12,5,7
39402,Varenkä,drakkari,480,warrior,arms,12,5,7
39403,Stattic,illidan,480,warrior,arms,12,5,7
39404,Colnar,stormrage,480,warrior,arms,12,5,7
39405,Mayshowgunmo,tichondrius,480,warrior,arms,12,5,7
39406,Sylvanos,arthas,480,warrior,arms,12,5,7
39407,Clamjammed,thrall,480,warrior,arms,12,5,7
39408,Hemkcus,zuluhed,480,warrior,arms,12,5,7
39409,Bladeblade,burning-blade,480,warrior,arms,12,5,7
39410,Gävilar,sargeras,480,warrior,arms,12,5,7
39411,Flëët,tichondrius,480,warrior,arms,12,5,7
39412,Vexwar,bleeding-hollow,480,warrior,arms,12,5,7
39413,Osannd,tichondrius,480,warrior,arms,12,5,7
39414,Killimanjaro,aggramar,480,warrior,arms,12,5,7
39415,Dondà,illidan,480,warrior,arms,12,5,7
39416,Qwort,moon-guard,480,warrior,arms,12,5,7
39417,Takenotez,sargeras,480,warrior,arms,12,5,7
39418,Buffwar,tichondrius,480,warrior,arms,12,5,7
39419,Slasherman,illidan,480,warrior,arms,12,5,7
39420,Mirado,tichondrius,480,warrior,arms,12,5,7
39421,Haowar,tichondrius,480,warrior,arms,12,5,7
39422,Schoolbuhs,tichondrius,480,warrior,arms,12,5,7
39423,Crushingnews,sargeras,480,warrior,arms,12,5,7
39424,Sabers,mannoroth,480,warrior,arms,12,5,7
39425,Baaltica,ragnaros,480,warrior,arms,12,5,7
39426,Ahkimih,ragnaros,480,warrior,arms,12,5,7
39427,Tepaste,ragnaros,480,warrior,arms,12,5,7
39428,Brickhouse,tichondrius,480,warrior,arms,12,5,7
39429,Biggiesmash,bleeding-hollow,480,warrior,arms,12,5,7
39430,Rockadoodle,tichondrius,480,warrior,arms,15,6,9
39431,Grandtank,veknilash,480,warrior,arms,15,6,9
39432,Mág,burning-legion,480,warrior,arms,13,5,8
39433,Siegfriéd,bleeding-hollow,480,warrior,arms,14,5,9
39434,Tigershárk,tichondrius,480,warrior,arms,16,5,11
39435,Huacai,tichondrius,480,warrior,arms,18,5,13
39436,Cyllyzie,emerald-dream,480,warrior,arms,18,5,13
39437,Essofeit,frostmourne,480,warrior,arms,18,5,13
39438,Imprw,stormrage,480,warrior,arms,18,5,13
39439,Tsathoggua,kiljaeden,480,warrior,arms,18,5,13
39440,Eightydeuce,bonechewer,480,warrior,arms,18,5,13
39441,Kkuzo,bleeding-hollow,480,warrior,arms,18,5,13
39442,Bruttallis,frostmane,480,warrior,arms,18,5,13
39443,Omlas,azralon,480,warrior,arms,18,5,13
39444,Goaco,drakkari,480,warrior,arms,18,5,13
39445,Aldathion,argent-dawn,480,warrior,arms,18,5,13
39446,Tasërface,hakkar,480,warrior,arms,18,5,13
39447,Shaynaynay,tichondrius,480,warrior,arms,18,5,13
39448,Calto,tichondrius,480,warrior,arms,18,5,13
39449,Crul,gurubashi,480,warrior,arms,19,5,14
39450,Thunderbash,thrall,480,warrior,arms,24,5,19
39451,Lorinzer,zuljin,480,warrior,arms,24,5,19
39452,Asarg,emerald-dream,479,warrior,arms,6,5,1
39453,Tanger,korgath,479,warrior,arms,6,5,1
39454,Rinngo,proudmoore,479,warrior,arms,6,5,1
39455,Carralee,azralon,479,warrior,arms,6,5,1
39456,Arrozkonlech,proudmoore,479,warrior,arms,10,6,4
39457,Loaksz,tichondrius,479,warrior,arms,12,5,7
39458,Spàcetìme,stormrage,479,warrior,arms,12,5,7
39459,Celt,uldum,479,warrior,arms,12,5,7
39460,Dirtyrandy,zuluhed,479,warrior,arms,12,5,7
39461,Alderr,frostmourne,479,warrior,arms,12,5,7
39462,Qqmachine,tichondrius,479,warrior,arms,12,5,7
39463,Têzeret,shadowmoon,479,warrior,arms,12,5,7
39464,Rücküs,tichondrius,479,warrior,arms,12,5,7
39465,Josiah,frostmourne,479,warrior,arms,12,5,7
39466,Märx,barthilas,479,warrior,arms,12,5,7
39467,Baloraj,barthilas,479,warrior,arms,12,5,7
39468,Wondaimon,drakkari,479,warrior,arms,12,5,7
39469,Azaeil,tanaris,479,warrior,arms,12,5,7
39470,Buffalobob,bronzebeard,479,warrior,arms,12,5,7
39471,Trufsoturi,bleeding-hollow,479,warrior,arms,12,5,7
39472,Cueromodel,ragnaros,479,warrior,arms,12,5,7
39473,Synestira,frostmourne,479,warrior,arms,12,5,7
39474,Zeldrissx,quelthalas,479,warrior,arms,18,5,13
39475,Helscreem,hyjal,479,warrior,arms,18,5,13
39476,Flexecute,senjin,479,warrior,arms,18,5,13
39477,Gorrthrax,area-52,479,warrior,arms,24,5,19
39478,Arooy,azralon,478,warrior,arms,6,5,1
39479,Wastenott,area-52,478,warrior,arms,6,5,1
39480,Otyek,proudmoore,478,warrior,arms,12,5,7
39481,Tmible,ragnaros,477,warrior,arms,6,5,1
39482,Acanof,azjolnerub,474,warrior,arms,9,6,3
39483,Inuyasha,korgath,473,warrior,arms,12,5,7
39484,Lòvex,alterac-mountains,473,warrior,arms,12,5,7
39485,Raktrazbirt,dalaran,472,warrior,arms,12,5,7
39486,Danalle,area-52,448,warrior,arms,10,6,4
39487,Thistleberry,aegwynn,447,warrior,arms,11,5,6
39488,Notcoverage,tichondrius,447,warrior,arms,11,5,6
39489,Dontkiteme,frostmourne,447,warrior,arms,17,5,12
39490,Cyllå,frostmourne,446,warrior,arms,9,6,3
39491,Jrodrick,nemesis,432,warrior,arms,9,6,3
39492,Bingchilly,aegwynn,432,warrior,arms,9,6,3
39493,Shotgunzx,tichondrius,432,warrior,arms,9,5,4
39494,Señor,barthilas,432,warrior,arms,9,5,4
39495,Warrgodlol,illidan,432,warrior,arms,15,5,10
39496,Gurgak,illidan,431,warrior,arms,11,5,6
39497,Llewellenar,stormrage,431,warrior,arms,11,5,6
39498,Bloodbottle,darkspear,426,warrior,arms,14,7,7
39499,Boombasta,shuhalo,426,warrior,arms,15,6,9
39500,Machutron,quelthalas,415,warrior,arms,8,5,3
39501,Yarocktoo,kelthuzad,415,warrior,arms,8,5,3
39502,Crackersmack,stormrage,415,warrior,arms,11,6,5
39503,Thano,kiljaeden,415,warrior,arms,10,5,5
39504,Alzuga,quelthalas,415,warrior,arms,14,5,9
39505,Gushyguts,tichondrius,399,warrior,arms,19,5,14
39506,Egargiss,malygos,384,warrior,arms,6,4,2
39507,Ragingboner,aggramar,384,warrior,arms,6,4,2
39508,Dysazter,ravencrest,384,warrior,arms,6,4,2
39509,Kimbö,quelthalas,384,warrior,arms,6,4,2
39510,Bütch,stormrage,384,warrior,arms,6,4,2
39511,Zarttorius,quelthalas,384,warrior,arms,6,4,2
39512,Swaystko,sargeras,384,warrior,arms,6,4,2
39513,Oddyseey,moon-guard,384,warrior,arms,6,4,2
39514,Hamburgezo,quelthalas,384,warrior,arms,6,4,2
39515,Daddydomtop,moon-guard,384,warrior,arms,6,4,2
39516,Cogsbixby,aerie-peak,384,warrior,arms,6,4,2
39517,Thottprot,blackhand,384,warrior,arms,6,4,2
39518,Murrderrface,azgalor,384,warrior,arms,6,4,2
39519,Hordrek,moon-guard,384,warrior,arms,6,4,2
39520,Toungy,kelthuzad,384,warrior,arms,6,4,2
39521,Styiex,ragnaros,384,warrior,arms,6,4,2
39522,Boomtacular,moon-guard,384,warrior,arms,6,4,2
39523,Jersucristö,quelthalas,384,warrior,arms,6,4,2
39524,Amérus,moon-guard,384,warrior,arms,6,4,2
39525,Warcheif,dentarg,384,warrior,arms,6,4,2
39526,Larrythelob,kelthuzad,384,warrior,arms,6,4,2
39527,Yivicus,sargeras,384,warrior,arms,6,4,2
39528,Elbelgon,ragnaros,384,warrior,arms,6,4,2
39529,Fancysin,malganis,384,warrior,arms,6,4,2
39530,Míaguiulfo,ragnaros,384,warrior,arms,6,4,2
39531,Swordfighter,moon-guard,384,warrior,arms,6,4,2
39532,Varyanguard,quelthalas,384,warrior,arms,6,4,2
39533,Flèx,stormrage,384,warrior,arms,6,4,2
39534,Sygurd,drakkari,384,warrior,arms,6,4,2
39535,Evencane,stormrage,384,warrior,arms,6,4,2
39536,Raime,sargeras,384,warrior,arms,6,4,2
39537,Irascible,stormrage,384,warrior,arms,6,4,2
39538,Mommystrasza,kelthuzad,384,warrior,arms,6,4,2
39539,Tickej,dragonmaw,384,warrior,arms,6,4,2
39540,Martiallawl,skullcrusher,384,warrior,arms,6,4,2
39541,Mfgodofwar,kelthuzad,384,warrior,arms,6,4,2
39542,Pineapplezz,kelthuzad,384,warrior,arms,6,4,2
39543,Hugewarrior,area-52,384,warrior,arms,6,4,2
39544,Veedrin,ysera,384,warrior,arms,6,4,2
39545,Thiccyb,area-52,384,warrior,arms,6,4,2
39546,Ummso,nerzhul,384,warrior,arms,6,4,2
39547,Gladìus,area-52,384,warrior,arms,6,4,2
39548,Sonwar,azralon,384,warrior,arms,6,4,2
39549,Brrazze,moon-guard,384,warrior,arms,6,4,2
39550,Hamur,azralon,384,warrior,arms,6,4,2
39551,Diesel,duskwood,384,warrior,arms,6,4,2
39552,Hipower,lethon,384,warrior,arms,6,4,2
39553,Ziggeraut,cenarion-circle,384,warrior,arms,6,4,2
39554,Tsutsana,lightninghoof,384,warrior,arms,6,4,2
39555,Fazeo,madoran,384,warrior,arms,6,4,2
39556,Appolyonn,hyjal,384,warrior,arms,6,4,2
39557,Gnasty,hyjal,384,warrior,arms,6,4,2
39558,Jakslasfa,aegwynn,384,warrior,arms,6,4,2
39559,Fulreck,tichondrius,384,warrior,arms,6,4,2
39560,Pilgrimslays,tichondrius,384,warrior,arms,6,4,2
39561,Suprslayer,spirestone,384,warrior,arms,6,4,2
39562,Babyreap,frostmourne,384,warrior,arms,6,4,2
39563,Gurneyhalec,proudmoore,384,warrior,arms,6,4,2
39564,Jäÿ,proudmoore,384,warrior,arms,6,4,2
39565,Alèx,tichondrius,384,warrior,arms,6,4,2
39566,Wariorwang,tichondrius,384,warrior,arms,6,4,2
39567,Killaen,thrall,384,warrior,arms,6,4,2
39568,Airhood,frostmourne,384,warrior,arms,6,4,2
39569,Vãryan,frostmourne,384,warrior,arms,6,4,2
39570,Thornhardt,frostmourne,384,warrior,arms,6,4,2
39571,Zhangye,tichondrius,384,warrior,arms,6,4,2
39572,Aægekaz,proudmoore,384,warrior,arms,6,4,2
39573,Blucollardad,bleeding-hollow,384,warrior,arms,6,4,2
39574,Gílly,borean-tundra,384,warrior,arms,6,4,2
39575,Rinima,tichondrius,384,warrior,arms,6,4,2
39576,Cheshe,area-52,384,warrior,arms,6,4,2
39577,Trevmo,bloodscalp,384,warrior,arms,6,4,2
39578,Koalabear,shadow-council,384,warrior,arms,6,4,2
39579,Dazfury,barthilas,384,warrior,arms,6,4,2
39580,Rottlingberg,kelthuzad,384,warrior,arms,6,4,2
39581,Bailo,dathremar,384,warrior,arms,6,4,2
39582,Frakt,illidan,384,warrior,arms,6,4,2
39583,Gangdan,sargeras,384,warrior,arms,6,4,2
39584,Còlòssal,moknathal,384,warrior,arms,6,4,2
39585,Bruisebanner,area-52,384,warrior,arms,6,4,2
39586,Gamörä,illidan,384,warrior,arms,6,4,2
39587,Odalp,tichondrius,384,warrior,arms,6,4,2
39588,Krokü,area-52,384,warrior,arms,6,4,2
39589,Sakuraya,tichondrius,384,warrior,arms,6,4,2
39590,Slapywar,illidan,384,warrior,arms,6,4,2
39591,Neon,wildhammer,384,warrior,arms,6,4,2
39592,Yêawen,tichondrius,384,warrior,arms,6,4,2
39593,Bajheeraz,tichondrius,384,warrior,arms,6,4,2
39594,Kahn,andorhal,384,warrior,arms,6,4,2
39595,Babamama,tichondrius,384,warrior,arms,6,4,2
39596,Báhamut,area-52,384,warrior,arms,6,4,2
39597,Mòrgo,agamaggan,384,warrior,arms,6,4,2
39598,Braxxìnn,tichondrius,384,warrior,arms,6,4,2
39599,Mortalhandx,tichondrius,384,warrior,arms,6,4,2
39600,Swillzz,illidan,384,warrior,arms,6,4,2
39601,Littlegengar,tichondrius,384,warrior,arms,6,4,2
39602,Keffdog,laughing-skull,384,warrior,arms,6,4,2
39603,Malgoth,illidan,384,warrior,arms,6,4,2
39604,Bajheeraz,sargeras,384,warrior,arms,6,4,2
39605,Greenishfox,illidan,384,warrior,arms,9,5,4
39606,Kalisandra,undermine,384,warrior,arms,10,5,5
39607,Ragnarlbrok,goldrinn,384,warrior,arms,10,5,5
39608,Maxprotein,area-52,384,warrior,arms,8,4,4
39609,Jubeithos,draktharon,384,warrior,arms,11,5,6
39610,Ailes,hakkar,384,warrior,arms,11,4,7
39611,Snack,stormreaver,384,warrior,arms,12,4,8
39612,Filth,tichondrius,384,warrior,arms,12,4,8
39613,Tonesman,tichondrius,384,warrior,arms,12,4,8
39614,Ulfioff,whisperwind,384,warrior,arms,12,4,8
39615,Mindgoblin,bleeding-hollow,384,warrior,arms,12,4,8
39616,Bigboy,icecrown,384,warrior,arms,12,4,8
39617,Rocketbom,tichondrius,384,warrior,arms,12,4,8
39618,Brendan,llane,384,warrior,arms,12,4,8
39619,Tappyc,tichondrius,384,warrior,arms,12,4,8
39620,Iridikron,dalaran,384,warrior,arms,12,4,8
39621,Fortchin,area-52,384,warrior,arms,12,4,8
39622,Handikap,stormrage,384,warrior,arms,12,4,8
39623,Franticlol,tichondrius,384,warrior,arms,12,4,8
39624,Stoneball,kiljaeden,384,warrior,arms,12,4,8
39625,Zugface,tichondrius,384,warrior,arms,12,4,8
39626,Warriormikey,tichondrius,384,warrior,arms,12,4,8
39627,Jaclksparrow,azralon,384,warrior,arms,12,4,8
39628,Nänchobo,tichondrius,384,warrior,arms,12,4,8
39629,Dámöuse,stormrage,384,warrior,arms,12,4,8
39630,Gangaa,barthilas,384,warrior,arms,12,4,8
39631,Izhansheni,illidan,384,warrior,arms,12,4,8
39632,Dessindir,quelthalas,384,warrior,arms,12,4,8
39633,Licona,wyrmrest-accord,384,warrior,arms,12,4,8
39634,Flexyx,arthas,384,warrior,arms,12,4,8
39635,Draiken,dalaran,384,warrior,arms,12,4,8
39636,Çrusha,thrall,384,warrior,arms,12,4,8
39637,Renclave,wyrmrest-accord,384,warrior,arms,12,4,8
39638,Xårren,stormrage,384,warrior,arms,12,4,8
39639,Hârambe,kiljaeden,384,warrior,arms,12,4,8
39640,Heliza,ragnaros,384,warrior,arms,12,4,8
39641,Gazah,skullcrusher,384,warrior,arms,12,4,8
39642,Moseshrute,zuljin,384,warrior,arms,12,4,8
39643,Burstmacro,garrosh,384,warrior,arms,12,4,8
39644,Koraciá,illidan,384,warrior,arms,12,4,8
39645,Jasonsdady,illidan,384,warrior,arms,12,4,8
39646,Stewwar,wyrmrest-accord,384,warrior,arms,12,4,8
39647,Mefus,wyrmrest-accord,384,warrior,arms,12,4,8
39648,Grândmâ,zuljin,384,warrior,arms,12,4,8
39649,Durango,duskwood,384,warrior,arms,12,4,8
39650,Furyofrage,dalaran,384,warrior,arms,12,4,8
39651,Dâvo,area-52,384,warrior,arms,12,4,8
39652,Kenedy,moon-guard,384,warrior,arms,12,4,8
39653,Lui,the-forgotten-coast,384,warrior,arms,12,4,8
39654,Rexxous,hyjal,384,warrior,arms,12,4,8
39655,Sandrine,fizzcrank,384,warrior,arms,12,4,8
39656,Laokan,illidan,384,warrior,arms,12,4,8
39657,Còsmico,trollbane,384,warrior,arms,12,4,8
39658,Hameey,sargeras,384,warrior,arms,12,4,8
39659,Drewpqawk,tichondrius,384,warrior,arms,12,4,8
39660,Twoshoutz,stormrage,384,warrior,arms,12,4,8
39661,Amaus,queldorei,384,warrior,arms,12,4,8
39662,Fuller,kelthuzad,384,warrior,arms,12,4,8
39663,Ballsy,fenris,384,warrior,arms,12,4,8
39664,Joekenshield,stonemaul,384,warrior,arms,12,4,8
39665,Exist,kaelthas,384,warrior,arms,12,4,8
39666,Totenhammer,nathrezim,384,warrior,arms,12,4,8
39667,Koei,illidan,384,warrior,arms,12,4,8
39668,Ladderx,area-52,384,warrior,arms,12,4,8
39669,Syllana,sargeras,384,warrior,arms,12,4,8
39670,Lundyswung,silver-hand,384,warrior,arms,12,4,8
39671,Fatherkelso,tichondrius,384,warrior,arms,12,4,8
39672,Nginx,queldorei,384,warrior,arms,12,4,8
39673,Cupper,tichondrius,384,warrior,arms,12,4,8
39674,Turkin,proudmoore,384,warrior,arms,12,4,8
39675,Warspartan,stormrage,384,warrior,arms,12,4,8
39676,Redrumman,demon-soul,384,warrior,arms,12,4,8
39677,Gfree,kiljaeden,384,warrior,arms,12,4,8
39678,Naelynh,quelthalas,384,warrior,arms,12,4,8
39679,Tinydingo,sargeras,384,warrior,arms,12,4,8
39680,Doully,proudmoore,384,warrior,arms,12,4,8
39681,Tsurik,malfurion,384,warrior,arms,12,4,8
39682,Palumorw,deathwing,384,warrior,arms,12,4,8
39683,Iden,vashj,384,warrior,arms,12,4,8
39684,Steelfist,grizzly-hills,384,warrior,arms,12,4,8
39685,Barrocops,kiljaeden,384,warrior,arms,12,4,8
39686,Grullhamer,ragnaros,384,warrior,arms,12,4,8
39687,Metalhit,tichondrius,384,warrior,arms,12,4,8
39688,Narduk,emerald-dream,384,warrior,arms,12,4,8
39689,Magmaheart,lightbringer,384,warrior,arms,12,4,8
39690,Iargestpp,bleeding-hollow,384,warrior,arms,12,4,8
39691,Angrybrog,malfurion,384,warrior,arms,12,4,8
39692,Nxmabala,proudmoore,384,warrior,arms,12,4,8
39693,Varkery,sargeras,384,warrior,arms,13,4,9
39694,Kyres,moon-guard,384,warrior,arms,16,4,12
39695,Gladicus,zuljin,384,warrior,arms,18,4,14
39696,Noppô,tichondrius,384,warrior,arms,18,4,14
39697,Vargoth,frostmourne,384,warrior,arms,18,4,14
39698,Dulapamore,tichondrius,384,warrior,arms,18,4,14
39699,Retiarius,tichondrius,384,warrior,arms,18,4,14
39700,Cowsgomerr,tichondrius,384,warrior,arms,18,4,14
39701,Asphyxiating,illidan,384,warrior,arms,18,4,14
39702,Yerajmiel,proudmoore,383,warrior,arms,6,4,2
39703,Yeit,tichondrius,383,warrior,arms,6,4,2
39704,Tookbeki,tichondrius,383,warrior,arms,6,4,2
39705,Shìromìzù,eredar,383,warrior,arms,6,4,2
39706,Ezaxe,tichondrius,383,warrior,arms,6,4,2
39707,Chisum,gnomeregan,383,warrior,arms,6,4,2
39708,Baroque,darkspear,383,warrior,arms,12,4,8
39709,Ajamu,aegwynn,383,warrior,arms,12,4,8
39710,Shabus,moon-guard,383,warrior,arms,12,4,8
39711,Spitbeard,kargath,383,warrior,arms,12,4,8
39712,Christellà,dalaran,383,warrior,arms,18,4,14
39713,Såmmÿ,moon-guard,379,warrior,arms,12,4,8
39714,Lightstrikes,sargeras,379,warrior,arms,12,4,8
39715,Dingoe,wyrmrest-accord,379,warrior,arms,12,4,8
39716,Ayuko,greymane,367,warrior,arms,11,4,7
39717,Loomine,illidan,367,warrior,arms,11,4,7
39718,Warsins,bonechewer,367,warrior,arms,17,4,13
39719,Tecnowar,quelthalas,352,warrior,arms,10,4,6
39720,Bellonar,stormrage,351,warrior,arms,8,5,3
39721,Raygé,malygos,351,warrior,arms,8,5,3
39722,Thøros,moon-guard,351,warrior,arms,11,4,7
39723,Förkz,ragnaros,351,warrior,arms,11,4,7
39724,Vaetren,area-52,351,warrior,arms,11,4,7
39725,Moostorm,darkspear,351,warrior,arms,11,4,7
39726,Pachacutec,area-52,351,warrior,arms,14,5,9
39727,Matasimio,drakkari,336,warrior,arms,9,4,5
39728,Caynos,stormrage,335,warrior,arms,11,4,7
39729,Toir,bladefist,335,warrior,arms,11,4,7
39730,Ashrah,emerald-dream,330,warrior,arms,9,5,4
39731,Nanaru,tichondrius,330,warrior,arms,17,6,11
39732,Rubbers,thrall,330,warrior,arms,17,6,11
39733,Macray,zuljin,330,warrior,arms,18,5,13
39734,Machatlan,stormrage,324,warrior,arms,16,7,9
39735,Lildumptruck,emerald-dream,320,warrior,arms,10,4,6
39736,Painstake,illidan,320,warrior,arms,19,5,14
39737,Toetoeto,darrowmere,319,warrior,arms,5,4,1
39738,Bruze,hellscream,319,warrior,arms,8,4,4
39739,Knewty,stormrage,319,warrior,arms,8,4,4
39740,Cptdrako,alterac-mountains,319,warrior,arms,8,4,4
39741,Rauwers,azralon,319,warrior,arms,8,4,4
39742,Dadookibooty,area-52,319,warrior,arms,8,4,4
39743,Armada,sargeras,319,warrior,arms,8,4,4
39744,Kleavage,korgath,304,warrior,arms,13,4,9
39745,Pezek,thrall,288,warrior,arms,6,3,3
39746,Badboyjan,tichondrius,288,warrior,arms,6,3,3
39747,Twoone,illidan,288,warrior,arms,6,3,3
39748,Baye,kargath,288,warrior,arms,6,3,3
39749,Trackhawk,moon-guard,288,warrior,arms,6,3,3
39750,Philipjoo,illidan,288,warrior,arms,6,3,3
39751,Spirìt,illidan,288,warrior,arms,6,3,3
39752,Skullsplittr,illidan,288,warrior,arms,6,3,3
39753,Helrise,sargeras,288,warrior,arms,6,3,3
39754,Rockybâlboa,illidan,288,warrior,arms,6,3,3
39755,Orkwar,tichondrius,288,warrior,arms,6,3,3
39756,Trashman,frostwolf,288,warrior,arms,6,3,3
39757,Êraser,tichondrius,288,warrior,arms,6,3,3
39758,Swizzly,tichondrius,288,warrior,arms,6,3,3
39759,Execute,kirin-tor,288,warrior,arms,6,3,3
39760,Ushouldnome,tichondrius,288,warrior,arms,6,3,3
39761,Ellx,sargeras,288,warrior,arms,6,3,3
39762,Tommygunns,area-52,288,warrior,arms,6,3,3
39763,Jabakas,tichondrius,288,warrior,arms,6,3,3
39764,Bilboswagins,agamaggan,288,warrior,arms,6,3,3
39765,Hitmypronoun,illidan,288,warrior,arms,6,3,3
39766,Salveknight,ragnaros,288,warrior,arms,6,3,3
39767,Larosfan,tichondrius,288,warrior,arms,6,3,3
39768,Tnytank,burning-legion,288,warrior,arms,6,3,3
39769,Seymourbot,illidan,288,warrior,arms,6,3,3
39770,Shiromiya,tichondrius,288,warrior,arms,6,3,3
39771,Solembuumm,illidan,288,warrior,arms,6,3,3
39772,Cabelas,tichondrius,288,warrior,arms,6,3,3
39773,Huffzo,tichondrius,288,warrior,arms,6,3,3
39774,Nazakeen,tichondrius,288,warrior,arms,6,3,3
39775,Cheekclapps,tichondrius,288,warrior,arms,6,3,3
39776,Husyuzhi,tichondrius,288,warrior,arms,6,3,3
39777,Pneumasmash,tichondrius,288,warrior,arms,6,3,3
39778,Davien,tichondrius,288,warrior,arms,6,3,3
39779,Éten,drakkari,288,warrior,arms,6,3,3
39780,Thunderess,illidan,288,warrior,arms,6,3,3
39781,Downblow,tichondrius,288,warrior,arms,6,3,3
39782,Schlosh,laughing-skull,288,warrior,arms,6,3,3
39783,Zåzriel,tichondrius,288,warrior,arms,6,3,3
39784,Manbok,tichondrius,288,warrior,arms,6,3,3
39785,Críxus,sargeras,288,warrior,arms,6,3,3
39786,Warriorbod,area-52,288,warrior,arms,6,3,3
39787,Endurefen,sargeras,288,warrior,arms,6,3,3
39788,Scottpilgrim,illidan,288,warrior,arms,6,3,3
39789,Outterspace,illidan,288,warrior,arms,6,3,3
39790,Zugsok,thrall,288,warrior,arms,6,3,3
39791,Kryptïç,moon-guard,288,warrior,arms,6,3,3
39792,Herey,moon-guard,288,warrior,arms,6,3,3
39793,Polox,ragnaros,288,warrior,arms,6,3,3
39794,Geubsal,tichondrius,288,warrior,arms,6,3,3
39795,Grapegush,bleeding-hollow,288,warrior,arms,6,3,3
39796,Mandofl,ragnaros,288,warrior,arms,6,3,3
39797,Hukzula,illidan,288,warrior,arms,6,3,3
39798,Tothepain,thrall,288,warrior,arms,6,3,3
39799,Soyu,tichondrius,288,warrior,arms,6,3,3
39800,Faywarsong,area-52,288,warrior,arms,6,3,3
39801,Thaedes,kelthuzad,288,warrior,arms,6,3,3
39802,Akilosh,illidan,288,warrior,arms,6,3,3
39803,Wulfgarn,frostwolf,288,warrior,arms,6,3,3
39804,Jamajuicedx,thrall,288,warrior,arms,6,3,3
39805,Fivewarrior,tichondrius,288,warrior,arms,6,3,3
39806,Zemi,sargeras,288,warrior,arms,6,3,3
39807,Axeslaps,illidan,288,warrior,arms,6,3,3
39808,Drudw,moon-guard,288,warrior,arms,6,3,3
39809,Bachyr,stormrage,288,warrior,arms,6,3,3
39810,Fakktwo,blackhand,288,warrior,arms,6,3,3
39811,Hanginaround,zuluhed,288,warrior,arms,6,3,3
39812,Hesch,thunderlord,288,warrior,arms,6,3,3
39813,Wqnmlgbd,tichondrius,288,warrior,arms,6,3,3
39814,Ughh,bleeding-hollow,288,warrior,arms,6,3,3
39815,Spartanfury,tichondrius,288,warrior,arms,6,3,3
39816,Mesw,illidan,288,warrior,arms,6,3,3
39817,Mcrîb,stormscale,288,warrior,arms,6,3,3
39818,Az,malorne,288,warrior,arms,6,3,3
39819,Nukehazard,bleeding-hollow,288,warrior,arms,6,3,3
39820,Hateuu,tichondrius,288,warrior,arms,6,3,3
39821,Wrèckingball,tichondrius,288,warrior,arms,6,3,3
39822,Luckybrother,tichondrius,288,warrior,arms,6,3,3
39823,Readytoflee,moon-guard,288,warrior,arms,6,3,3
39824,Linjunfeng,tichondrius,288,warrior,arms,6,3,3
39825,Topee,area-52,288,warrior,arms,6,3,3
39826,Poppacd,stormrage,288,warrior,arms,6,3,3
39827,Idarkshakra,illidan,288,warrior,arms,6,3,3
39828,Vãnth,kelthuzad,288,warrior,arms,6,3,3
39829,Rockhardt,tichondrius,288,warrior,arms,6,3,3
39830,Humanlog,illidan,288,warrior,arms,6,3,3
39831,Iwishiknew,kargath,288,warrior,arms,6,3,3
39832,Ragemelon,icecrown,288,warrior,arms,6,3,3
39833,Evôlutiôn,kelthuzad,288,warrior,arms,6,3,3
39834,Robio,tichondrius,288,warrior,arms,6,3,3
39835,Qutuz,illidan,288,warrior,arms,6,3,3
39836,Kénblock,tichondrius,288,warrior,arms,6,3,3
39837,Drugdilla,zuljin,288,warrior,arms,6,3,3
39838,Udmwarrior,zuljin,288,warrior,arms,6,3,3
39839,Mortaryon,malganis,288,warrior,arms,6,3,3
39840,Evach,kelthuzad,288,warrior,arms,6,3,3
39841,Dazuu,illidan,288,warrior,arms,6,3,3
39842,Smashndspin,sargeras,288,warrior,arms,6,3,3
39843,Zenmore,illidan,288,warrior,arms,6,3,3
39844,Exiledwarz,area-52,288,warrior,arms,6,3,3
39845,Ei,darrowmere,288,warrior,arms,6,3,3
39846,Elessarr,moon-guard,288,warrior,arms,6,3,3
39847,Dunsker,stormrage,288,warrior,arms,6,3,3
39848,Bëowulf,malganis,288,warrior,arms,6,3,3
39849,Azeryan,azralon,288,warrior,arms,6,3,3
39850,Sweetmojito,vashj,288,warrior,arms,6,3,3
39851,Duglug,malganis,288,warrior,arms,6,3,3
39852,Saelaa,azralon,288,warrior,arms,6,3,3
39853,Smash,frostmane,288,warrior,arms,6,3,3
39854,Renning,malganis,288,warrior,arms,6,3,3
39855,Faelzerá,azralon,288,warrior,arms,6,3,3
39856,Tiitlefight,bleeding-hollow,288,warrior,arms,6,3,3
39857,Drakr,ragnaros,288,warrior,arms,6,3,3
39858,Allmotor,zuljin,288,warrior,arms,6,3,3
39859,Jackanape,sargeras,288,warrior,arms,6,3,3
39860,Cryptex,illidan,288,warrior,arms,6,3,3
39861,Swifty,tichondrius,288,warrior,arms,6,3,3
39862,Robostergler,tichondrius,288,warrior,arms,6,3,3
39863,Tomcruizes,tichondrius,288,warrior,arms,6,3,3
39864,Dublinn,llane,288,warrior,arms,6,3,3
39865,Staticego,dalaran,288,warrior,arms,6,3,3
39866,Rezorc,stormrage,288,warrior,arms,6,3,3
39867,Gaydin,eldrethalas,288,warrior,arms,6,3,3
39868,Marraneitor,quelthalas,288,warrior,arms,6,3,3
39869,Daduké,stormrage,288,warrior,arms,6,3,3
39870,Endstorm,proudmoore,288,warrior,arms,6,3,3
39871,Ichigami,kelthuzad,288,warrior,arms,6,3,3
39872,Batchat,frostmourne,288,warrior,arms,6,3,3
39873,Warnuk,lightnings-blade,288,warrior,arms,6,3,3
39874,Jerveen,quelthalas,288,warrior,arms,6,3,3
39875,Jutank,sargeras,288,warrior,arms,6,3,3
39876,Orryn,proudmoore,288,warrior,arms,6,3,3
39877,Hopefulki,duskwood,288,warrior,arms,6,3,3
39878,Magthor,warsong,288,warrior,arms,6,3,3
39879,Corrum,shuhalo,288,warrior,arms,6,3,3
39880,Osselan,moon-guard,288,warrior,arms,6,3,3
39881,Fyle,stormrage,288,warrior,arms,6,3,3
39882,Milbën,tichondrius,288,warrior,arms,6,3,3
39883,Sambojüjü,stormrage,288,warrior,arms,6,3,3
39884,Reishera,stormrage,288,warrior,arms,6,3,3
39885,Daedrion,dalaran,288,warrior,arms,6,3,3
39886,Glowstick,tichondrius,288,warrior,arms,6,3,3
39887,Gypsypsycho,stormrage,288,warrior,arms,6,3,3
39888,Zulataza,zuljin,288,warrior,arms,6,3,3
39889,Uzy,proudmoore,288,warrior,arms,6,3,3
39890,Pummels,area-52,288,warrior,arms,6,3,3
39891,Imperiial,stormrage,288,warrior,arms,6,3,3
39892,Kuntahkintah,tichondrius,288,warrior,arms,6,3,3
39893,Assmut,stormrage,288,warrior,arms,6,3,3
39894,Krïtzkreig,the-forgotten-coast,288,warrior,arms,6,3,3
39895,Sweeped,darkspear,288,warrior,arms,6,3,3
39896,Nitron,dawnbringer,288,warrior,arms,6,3,3
39897,Exdilla,zuljin,288,warrior,arms,6,3,3
39898,Retrô,uldum,288,warrior,arms,6,3,3
39899,Staystrong,tichondrius,288,warrior,arms,6,3,3
39900,Deadlypsycho,moonrunner,288,warrior,arms,6,3,3
39901,Biggieswords,madoran,288,warrior,arms,6,3,3
39902,Kroni,ragnaros,288,warrior,arms,6,3,3
39903,Sauceslinga,frostmourne,288,warrior,arms,6,3,3
39904,Leeth,azralon,288,warrior,arms,6,3,3
39905,Rendron,frostmourne,288,warrior,arms,6,3,3
39906,Zuiken,kiljaeden,288,warrior,arms,6,3,3
39907,Aggor,trollbane,288,warrior,arms,6,3,3
39908,Cbum,quelthalas,288,warrior,arms,6,3,3
39909,Hìtchslap,tichondrius,288,warrior,arms,6,3,3
39910,Clerond,tichondrius,288,warrior,arms,6,3,3
39911,Buddhahood,tichondrius,288,warrior,arms,6,3,3
39912,Noteko,tichondrius,288,warrior,arms,6,3,3
39913,Scanlan,dalvengyr,288,warrior,arms,6,3,3
39914,Caalypso,stormrage,288,warrior,arms,6,3,3
39915,Moonsworn,moon-guard,288,warrior,arms,6,3,3
39916,Valför,ysera,288,warrior,arms,6,3,3
39917,Tharsìs,emerald-dream,288,warrior,arms,6,3,3
39918,Grognäk,malganis,288,warrior,arms,6,3,3
39919,Warreeper,area-52,288,warrior,arms,6,3,3
39920,Mittyroar,khazgoroth,288,warrior,arms,6,3,3
39921,Slamedi,frostmourne,288,warrior,arms,6,3,3
39922,Swàgnáros,area-52,288,warrior,arms,6,3,3
39923,Tread,mugthol,288,warrior,arms,6,3,3
39924,Vinetic,kiljaeden,288,warrior,arms,6,3,3
39925,Sunhands,emerald-dream,288,warrior,arms,6,3,3
39926,Madhouse,tanaris,288,warrior,arms,6,3,3
39927,Executing,emerald-dream,288,warrior,arms,6,3,3
39928,Kushe,moon-guard,288,warrior,arms,6,3,3
39929,Notawar,stormrage,288,warrior,arms,6,3,3
39930,Temperament,area-52,288,warrior,arms,6,3,3
39931,Vistacleave,maiev,288,warrior,arms,6,3,3
39932,Kokurawr,burning-legion,288,warrior,arms,6,3,3
39933,Poonoxo,gundrak,288,warrior,arms,6,3,3
39934,Alejandrica,ragnaros,288,warrior,arms,6,3,3
39935,Ghomory,quelthalas,288,warrior,arms,6,3,3
39936,Telynne,frostmourne,288,warrior,arms,6,3,3
39937,Aintou,aegwynn,288,warrior,arms,6,3,3
39938,Tinylimbs,frostmourne,288,warrior,arms,6,3,3
39939,Aalrua,moon-guard,288,warrior,arms,6,3,3
39940,Targramu,emerald-dream,288,warrior,arms,6,3,3
39941,Ðuffman,jubeithos,288,warrior,arms,6,3,3
39942,Mikero,terenas,288,warrior,arms,6,3,3
39943,Zibby,malganis,288,warrior,arms,6,3,3
39944,Liltotey,frostmourne,288,warrior,arms,6,3,3
39945,Benieswar,frostmourne,288,warrior,arms,6,3,3
39946,Demetrïus,moon-guard,288,warrior,arms,6,3,3
39947,Fregory,moon-guard,288,warrior,arms,6,3,3
39948,Carborr,frostmourne,288,warrior,arms,6,3,3
39949,Bigshett,sargeras,288,warrior,arms,6,3,3
39950,Hungdiesel,area-52,288,warrior,arms,6,3,3
39951,Leonidas,barthilas,288,warrior,arms,6,3,3
39952,Rageslayer,area-52,288,warrior,arms,9,4,5
39953,Metaphoric,stormrage,288,warrior,arms,9,4,5
39954,Kwelve,proudmoore,288,warrior,arms,7,3,4
39955,Ohdang,dark-iron,288,warrior,arms,8,3,5
39956,Ennia,azralon,288,warrior,arms,9,3,6
39957,Shewar,ragnaros,288,warrior,arms,9,3,6
39958,Akil,ragnaros,288,warrior,arms,15,4,11
39959,Basingsei,area-52,288,warrior,arms,12,3,9
39960,Minnysota,area-52,288,warrior,arms,12,3,9
39961,Scrubzwarr,barthilas,288,warrior,arms,12,3,9
39962,Rahgnarson,kelthuzad,288,warrior,arms,12,3,9
39963,Ichil,azshara,288,warrior,arms,12,3,9
39964,Xdragonfirex,terenas,288,warrior,arms,12,3,9
39965,Fupatwo,moon-guard,288,warrior,arms,12,3,9
39966,Kintownhero,aegwynn,288,warrior,arms,12,3,9
39967,Enulimen,daggerspine,288,warrior,arms,12,3,9
39968,Smallraccoon,tichondrius,288,warrior,arms,12,3,9
39969,Chardz,ragnaros,288,warrior,arms,12,3,9
39970,Kregnar,gundrak,288,warrior,arms,12,3,9
39971,Äisemberg,quelthalas,288,warrior,arms,12,3,9
39972,Erzawälkër,quelthalas,288,warrior,arms,12,3,9
39973,Legnar,malganis,288,warrior,arms,12,3,9
39974,Porori,proudmoore,288,warrior,arms,12,3,9
39975,Kero,malganis,288,warrior,arms,12,3,9
39976,Amberlym,ragnaros,288,warrior,arms,12,3,9
39977,Kigo,azralon,288,warrior,arms,12,3,9
39978,Phargo,korgath,288,warrior,arms,12,3,9
39979,Weepingdeath,burning-legion,288,warrior,arms,12,3,9
39980,Kamigoroshi,crushridge,288,warrior,arms,12,3,9
39981,Alliancerulz,darrowmere,288,warrior,arms,12,3,9
39982,Fatalian,proudmoore,288,warrior,arms,12,3,9
39983,Extremist,nagrand,288,warrior,arms,12,3,9
39984,Neltar,nagrand,288,warrior,arms,12,3,9
39985,Aræn,sargeras,288,warrior,arms,12,3,9
39986,Greenmachine,twisting-nether,288,warrior,arms,12,3,9
39987,Wxxz,tichondrius,288,warrior,arms,12,3,9
39988,Guerreraa,ragnaros,288,warrior,arms,12,3,9
39989,Doomr,tichondrius,288,warrior,arms,12,3,9
39990,Durist,tichondrius,288,warrior,arms,12,3,9
39991,Morgithia,suramar,288,warrior,arms,12,3,9
39992,Wasabiz,tichondrius,288,warrior,arms,12,3,9
39993,Vobiscum,drakkari,288,warrior,arms,12,3,9
39994,Dablao,tichondrius,288,warrior,arms,12,3,9
39995,Edmaghar,ragnaros,288,warrior,arms,12,3,9
39996,Pretending,dalaran,288,warrior,arms,12,3,9
39997,Ggéz,stormrage,288,warrior,arms,12,3,9
39998,Valestrike,moon-guard,288,warrior,arms,12,3,9
39999,Brütalize,wyrmrest-accord,288,warrior,arms,12,3,9
40000,Sabini,nemesis,288,warrior,arms,12,3,9
40001,Bjjorm,malganis,288,warrior,arms,12,3,9
40002,Aztecvil,drakkari,288,warrior,arms,12,3,9
40003,Mansin,tichondrius,288,warrior,arms,12,3,9
40004,Hrl,tichondrius,288,warrior,arms,12,3,9
40005,Kiillwar,smolderthorn,288,warrior,arms,12,3,9
40006,Gnomas,destromath,288,warrior,arms,12,3,9
40007,Rflexxo,tichondrius,288,warrior,arms,12,3,9
40008,Eihn,quelthalas,288,warrior,arms,21,5,16
40009,Slamspam,the-underbog,288,warrior,arms,13,3,10
40010,Bornclueless,illidan,288,warrior,arms,15,3,12
40011,Khallell,illidan,288,warrior,arms,18,3,15
40012,Boardslide,proudmoore,288,warrior,arms,18,3,15
40013,Macbride,blackrock,288,warrior,arms,24,3,21
40014,Kì,moon-guard,287,warrior,arms,6,3,3
40015,Yomaaln,blackrock,287,warrior,arms,6,3,3
40016,Lilwarrior,blackrock,287,warrior,arms,6,3,3
40017,Magtharas,dunemaul,287,warrior,arms,6,3,3
40018,Smashthings,area-52,287,warrior,arms,6,3,3
40019,Saintgeorge,thorium-brotherhood,287,warrior,arms,6,3,3
40020,Brutekush,barthilas,287,warrior,arms,12,3,9
40021,Leosax,drakthul,287,warrior,arms,12,3,9
40022,Clayske,gurubashi,287,warrior,arms,12,3,9
40023,Angryskeever,garona,287,warrior,arms,12,3,9
40024,Borgosa,wyrmrest-accord,287,warrior,arms,18,3,15
40025,Dazanor,moon-guard,271,warrior,arms,11,3,8
40026,Nooy,blackrock,271,warrior,arms,17,3,14
40027,Azindar,gilneas,256,warrior,arms,4,4,0
40028,Thorsën,sargeras,256,warrior,arms,8,4,4
40029,Nècroxious,hellscream,255,warrior,arms,11,3,8
40030,Spicywagyu,tichondrius,255,warrior,arms,11,3,8
40031,Omicripto,tichondrius,239,warrior,arms,5,3,2
40032,Likearock,thrall,239,warrior,arms,5,3,2
40033,ßlitzxkreig,tichondrius,239,warrior,arms,5,3,2
40034,Jÿp,tichondrius,239,warrior,arms,5,3,2
40035,Kalphok,tichondrius,239,warrior,arms,5,3,2
40036,Jackedaniels,stormrage,239,warrior,arms,6,3,3
40037,Nayaqt,tichondrius,223,warrior,arms,8,3,5
40038,Benchpress,bleeding-hollow,223,warrior,arms,8,3,5
40039,Condemnd,area-52,207,warrior,arms,8,3,5
40040,Elyn,tichondrius,192,warrior,arms,4,3,1
40041,Stickystorm,proudmoore,192,warrior,arms,4,3,1
40042,Wonderjack,akama,192,warrior,arms,4,3,1
40043,Corthíus,stormrage,192,warrior,arms,4,3,1
40044,Berru,bleeding-hollow,192,warrior,arms,9,3,6
40045,Cugino,tichondrius,192,warrior,arms,9,3,6
40046,Primørdíal,tichondrius,192,warrior,arms,6,2,4
40047,Lazarenthus,stormrage,192,warrior,arms,6,2,4
40048,Raldoron,thrall,192,warrior,arms,6,2,4
40049,Anabolicjim,frostmourne,192,warrior,arms,6,2,4
40050,Nabii,tichondrius,192,warrior,arms,6,2,4
40051,Kvnñ,frostmourne,192,warrior,arms,6,2,4
40052,Mongofiera,quelthalas,192,warrior,arms,6,2,4
40053,Glamen,alleria,192,warrior,arms,6,2,4
40054,Nordrages,stormrage,192,warrior,arms,6,2,4
40055,Àyo,frostmourne,192,warrior,arms,6,2,4
40056,Yeèzy,stormrage,192,warrior,arms,6,2,4
40057,Maxalyss,stormrage,192,warrior,arms,6,2,4
40058,Snikkles,frostmourne,192,warrior,arms,6,2,4
40059,Draenøk,tichondrius,192,warrior,arms,6,2,4
40060,Tobiwan,ragnaros,192,warrior,arms,6,2,4
40061,Åmowarr,illidan,192,warrior,arms,6,2,4
40062,Bjorgsen,frostmourne,192,warrior,arms,6,2,4
40063,Wooglinx,stormrage,192,warrior,arms,6,2,4
40064,Lawyer,quelthalas,192,warrior,arms,6,2,4
40065,Swingú,illidan,192,warrior,arms,6,2,4
40066,Hamslamm,area-52,192,warrior,arms,6,2,4
40067,Wakkawar,stormrage,192,warrior,arms,6,2,4
40068,Rambð,illidan,192,warrior,arms,6,2,4
40069,Hagger,quelthalas,192,warrior,arms,6,2,4
40070,Ronipastrami,kelthuzad,192,warrior,arms,6,2,4
40071,Chura,kiljaeden,192,warrior,arms,6,2,4
40072,Uglycubano,quelthalas,192,warrior,arms,6,2,4
40073,Vegr,queldorei,192,warrior,arms,6,2,4
40074,Orcbum,kiljaeden,192,warrior,arms,6,2,4
40075,Ponchetas,quelthalas,192,warrior,arms,6,2,4
40076,Nerffrogues,stormrage,192,warrior,arms,6,2,4
40077,Ðåddý,stormrage,192,warrior,arms,6,2,4
40078,Bigdickgomez,frostmourne,192,warrior,arms,6,2,4
40079,Nogèt,frostmourne,192,warrior,arms,6,2,4
40080,Lhariza,stormrage,192,warrior,arms,6,2,4
40081,Endlesskilla,destromath,192,warrior,arms,6,2,4
40082,Mikejustice,kelthuzad,192,warrior,arms,6,2,4
40083,Dahakawar,malganis,192,warrior,arms,6,2,4
40084,Riggs,stonemaul,192,warrior,arms,6,2,4
40085,Lgnasty,area-52,192,warrior,arms,6,2,4
40086,Gtrain,barthilas,192,warrior,arms,6,2,4
40087,Rudakoff,ragnaros,192,warrior,arms,6,2,4
40088,Wl,ragnaros,192,warrior,arms,6,2,4
40089,Bearlornan,frostmourne,192,warrior,arms,6,2,4
40090,Xaviorn,illidan,192,warrior,arms,6,2,4
40091,Kostikk,tichondrius,192,warrior,arms,6,2,4
40092,Ggrone,ragnaros,192,warrior,arms,6,2,4
40093,Hellabandz,bleeding-hollow,192,warrior,arms,6,2,4
40094,Soldiër,proudmoore,192,warrior,arms,6,2,4
40095,Zolotrollo,area-52,192,warrior,arms,6,2,4
40096,Düde,whisperwind,192,warrior,arms,6,2,4
40097,Warkaiser,ragnaros,192,warrior,arms,6,2,4
40098,Guroku,tichondrius,192,warrior,arms,6,2,4
40099,Smokinlean,chogall,192,warrior,arms,6,2,4
40100,Berario,garrosh,192,warrior,arms,6,2,4
40101,Kreits,drakkari,192,warrior,arms,6,2,4
40102,Karlsabad,medivh,192,warrior,arms,6,2,4
40103,Frankal,aegwynn,192,warrior,arms,6,2,4
40104,Justicwar,area-52,192,warrior,arms,6,2,4
40105,Elimination,tichondrius,192,warrior,arms,6,2,4
40106,Pisagnòmos,quelthalas,192,warrior,arms,6,2,4
40107,Superbest,tichondrius,192,warrior,arms,6,2,4
40108,Drtbag,tichondrius,192,warrior,arms,6,2,4
40109,Bbyzugga,kelthuzad,192,warrior,arms,6,2,4
40110,Trouz,ragnaros,192,warrior,arms,6,2,4
40111,Danskmand,tichondrius,192,warrior,arms,6,2,4
40112,Stinkdog,khazgoroth,192,warrior,arms,6,2,4
40113,Tüssèll,khazgoroth,192,warrior,arms,6,2,4
40114,Xurug,zuljin,192,warrior,arms,6,2,4
40115,Bennybrock,crushridge,192,warrior,arms,6,2,4
40116,Tallix,smolderthorn,192,warrior,arms,6,2,4
40117,Chapa,tichondrius,192,warrior,arms,6,2,4
40118,Trigon,chromaggus,192,warrior,arms,6,2,4
40119,Suavay,executus,192,warrior,arms,6,2,4
40120,Befòx,tichondrius,192,warrior,arms,6,2,4
40121,Akaínu,area-52,192,warrior,arms,6,2,4
40122,Deldramor,proudmoore,192,warrior,arms,6,2,4
40123,Kinaed,durotan,192,warrior,arms,6,2,4
40124,Icebringer,frostmourne,192,warrior,arms,6,2,4
40125,Orphenkaos,bleeding-hollow,192,warrior,arms,6,2,4
40126,Bogii,area-52,192,warrior,arms,6,2,4
40127,Swolthelas,tichondrius,192,warrior,arms,6,2,4
40128,Stormbadge,tichondrius,192,warrior,arms,6,2,4
40129,Shiestyzug,tichondrius,192,warrior,arms,6,2,4
40130,Jírky,ragnaros,192,warrior,arms,6,2,4
40131,Ningz,tichondrius,192,warrior,arms,6,2,4
40132,Annubiis,tichondrius,192,warrior,arms,6,2,4
40133,Hbbaboy,nagrand,192,warrior,arms,6,2,4
40134,Sylvannlee,tichondrius,192,warrior,arms,6,2,4
40135,Slamzftw,stormreaver,192,warrior,arms,6,2,4
40136,Warmachined,grizzly-hills,192,warrior,arms,6,2,4
40137,Sonicboom,whisperwind,192,warrior,arms,6,2,4
40138,Braxxinn,tichondrius,192,warrior,arms,6,2,4
40139,Esko,tichondrius,192,warrior,arms,6,2,4
40140,Ahore,illidan,192,warrior,arms,6,2,4
40141,Tansozzi,tichondrius,192,warrior,arms,6,2,4
40142,Sypii,malganis,192,warrior,arms,6,2,4
40143,Focalabbys,illidan,192,warrior,arms,6,2,4
40144,Uldrath,hyjal,192,warrior,arms,6,2,4
40145,Fabszord,nemesis,192,warrior,arms,6,2,4
40146,Rendus,hyjal,192,warrior,arms,6,2,4
40147,Deloum,tichondrius,192,warrior,arms,6,2,4
40148,Tarkvs,ragnaros,192,warrior,arms,6,2,4
40149,Kimuraa,hyjal,192,warrior,arms,6,2,4
40150,Corazondleón,ragnaros,192,warrior,arms,6,2,4
40151,Kratøz,tichondrius,192,warrior,arms,6,2,4
40152,Laintimee,tichondrius,192,warrior,arms,6,2,4
40153,Maudlewis,bladefist,192,warrior,arms,6,2,4
40154,Agoge,stormrage,192,warrior,arms,6,2,4
40155,Bradic,bladefist,192,warrior,arms,6,2,4
40156,Dreadworld,bleeding-hollow,192,warrior,arms,6,2,4
40157,Derr,tichondrius,192,warrior,arms,6,2,4
40158,Kirikash,illidan,192,warrior,arms,6,2,4
40159,Scrubwarrior,black-dragonflight,192,warrior,arms,6,2,4
40160,Burstful,bleeding-hollow,192,warrior,arms,6,2,4
40161,Aistine,alterac-mountains,192,warrior,arms,6,2,4
40162,Squonks,kelthuzad,192,warrior,arms,6,2,4
40163,Ignorebrain,tichondrius,192,warrior,arms,6,2,4
40164,Trenbopanda,tichondrius,192,warrior,arms,6,2,4
40165,Noblêsix,dalaran,192,warrior,arms,6,2,4
40166,Kraff,tichondrius,192,warrior,arms,6,2,4
40167,Papichoppyme,bleeding-hollow,192,warrior,arms,6,2,4
40168,Helminth,kirin-tor,192,warrior,arms,6,2,4
40169,Playbox,area-52,192,warrior,arms,6,2,4
40170,Luchonamøm,ragnaros,192,warrior,arms,6,2,4
40171,Titanwarr,malganis,192,warrior,arms,6,2,4
40172,Nachobeef,illidan,192,warrior,arms,6,2,4
40173,Eleenoor,drakkari,192,warrior,arms,6,2,4
40174,Mixx,bleeding-hollow,192,warrior,arms,6,2,4
40175,Gátzú,ragnaros,192,warrior,arms,6,2,4
40176,Pippysmallz,tichondrius,192,warrior,arms,6,2,4
40177,Crimsóñ,kelthuzad,192,warrior,arms,6,2,4
40178,Taigola,aggramar,192,warrior,arms,6,2,4
40179,Verwischen,zuljin,192,warrior,arms,6,2,4
40180,Passionjar,bleeding-hollow,192,warrior,arms,6,2,4
40181,Notsi,ragnaros,192,warrior,arms,6,2,4
40182,Dalmor,stormrage,192,warrior,arms,6,2,4
40183,Guanabacoa,area-52,192,warrior,arms,6,2,4
40184,Negrolas,nemesis,192,warrior,arms,6,2,4
40185,Airolol,tichondrius,192,warrior,arms,6,2,4
40186,Uprisèn,illidan,192,warrior,arms,6,2,4
40187,Iapologiz,illidan,192,warrior,arms,6,2,4
40188,Rekitralph,tichondrius,192,warrior,arms,6,2,4
40189,Meanface,malganis,192,warrior,arms,6,2,4
40190,Drashka,ragnaros,192,warrior,arms,6,2,4
40191,Jessicajinn,illidan,192,warrior,arms,6,2,4
40192,Brenrainn,thrall,192,warrior,arms,6,2,4
40193,Fùzzy,zuluhed,192,warrior,arms,6,2,4
40194,Èxecutè,area-52,192,warrior,arms,6,2,4
40195,Hawaiianko,guldan,192,warrior,arms,6,2,4
40196,Pép,malganis,192,warrior,arms,6,2,4
40197,Tanksbad,lightnings-blade,192,warrior,arms,6,2,4
40198,Shrexecute,tichondrius,192,warrior,arms,6,2,4
40199,Donni,kelthuzad,192,warrior,arms,6,2,4
40200,Chuck,zangarmarsh,192,warrior,arms,6,2,4
40201,Tinykong,zuljin,192,warrior,arms,6,2,4
40202,Sosaalmigh,tichondrius,192,warrior,arms,6,2,4
40203,Flexid,tichondrius,192,warrior,arms,6,2,4
40204,Bloren,thrall,192,warrior,arms,6,2,4
40205,Jakelope,proudmoore,192,warrior,arms,6,2,4
40206,Annihilataur,blackhand,192,warrior,arms,6,2,4
40207,Gigglamesh,muradin,192,warrior,arms,6,2,4
40208,Enzothebaker,thrall,192,warrior,arms,6,2,4
40209,Melancalli,thorium-brotherhood,192,warrior,arms,6,2,4
40210,Dodiru,azralon,192,warrior,arms,6,2,4
40211,Bonetotem,azralon,192,warrior,arms,6,2,4
40212,Irondefense,thrall,192,warrior,arms,6,2,4
40213,Hugezs,tichondrius,192,warrior,arms,6,2,4
40214,Thresdan,emerald-dream,192,warrior,arms,6,2,4
40215,Wonbin,moon-guard,192,warrior,arms,6,2,4
40216,Mochigome,moon-guard,192,warrior,arms,6,2,4
40217,Relaxnerdlol,antonidas,192,warrior,arms,6,2,4
40218,Mahknut,moon-guard,192,warrior,arms,6,2,4
40219,Åres,wyrmrest-accord,192,warrior,arms,6,2,4
40220,Deseroth,sargeras,192,warrior,arms,6,2,4
40221,Donpepe,sargeras,192,warrior,arms,6,2,4
40222,Skalvi,moon-guard,192,warrior,arms,6,2,4
40223,Moosoka,malorne,192,warrior,arms,6,2,4
40224,Rassius,sargeras,192,warrior,arms,6,2,4
40225,Rekshor,wyrmrest-accord,192,warrior,arms,6,2,4
40226,Pollere,firetree,192,warrior,arms,6,2,4
40227,Bigdickfever,sargeras,192,warrior,arms,6,2,4
40228,Aavyrre,moon-guard,192,warrior,arms,6,2,4
40229,Zerríck,moon-guard,192,warrior,arms,6,2,4
40230,Tormite,spirestone,192,warrior,arms,6,2,4
40231,Oðín,emerald-dream,192,warrior,arms,6,2,4
40232,Valky,sargeras,192,warrior,arms,6,2,4
40233,Ðíablø,tichondrius,192,warrior,arms,6,2,4
40234,Oneeyewille,sargeras,192,warrior,arms,6,2,4
40235,Racky,dragonmaw,192,warrior,arms,6,2,4
40236,Smashyu,fenris,192,warrior,arms,6,2,4
40237,Rí,moon-guard,192,warrior,arms,6,2,4
40238,Daechoochoo,frostwolf,192,warrior,arms,6,2,4
40239,Berserkchow,sargeras,192,warrior,arms,6,2,4
40240,Jäëgër,moon-guard,192,warrior,arms,6,2,4
40241,Eurthx,lightbringer,192,warrior,arms,6,2,4
40242,Flakesskillz,darkspear,192,warrior,arms,6,2,4
40243,Lopotron,sargeras,192,warrior,arms,6,2,4
40244,Alppha,emerald-dream,192,warrior,arms,6,2,4
40245,Zekken,blades-edge,192,warrior,arms,6,2,4
40246,Angelsantos,sargeras,192,warrior,arms,6,2,4
40247,Fugmaface,sargeras,192,warrior,arms,6,2,4
40248,Flexo,moon-guard,192,warrior,arms,6,2,4
40249,Gnizzmo,sargeras,192,warrior,arms,6,2,4
40250,Sezariùs,darkspear,192,warrior,arms,6,2,4
40251,Twobyfuor,sargeras,192,warrior,arms,6,2,4
40252,Suhwoosh,bleeding-hollow,192,warrior,arms,10,3,7
40253,Bondadoso,stormrage,192,warrior,arms,7,2,5
40254,Rickyxp,aggramar,192,warrior,arms,7,2,5
40255,Sinenrs,tichondrius,192,warrior,arms,8,2,6
40256,Xavíerus,tichondrius,192,warrior,arms,9,2,7
40257,Lokiullr,tichondrius,192,warrior,arms,11,2,9
40258,Hiddensquids,laughing-skull,192,warrior,arms,11,2,9
40259,Loveliuna,illidan,192,warrior,arms,12,2,10
40260,Loktaromoose,frostmourne,192,warrior,arms,12,2,10
40261,Kurzix,crushridge,192,warrior,arms,12,2,10
40262,Twoironfist,azralon,192,warrior,arms,12,2,10
40263,Containerbox,korgath,192,warrior,arms,12,2,10
40264,Warhoofz,malganis,192,warrior,arms,12,2,10
40265,Soultarius,sargeras,192,warrior,arms,12,2,10
40266,Erwin,kiljaeden,192,warrior,arms,12,2,10
40267,Rios,jubeithos,192,warrior,arms,12,2,10
40268,Gornal,sargeras,192,warrior,arms,12,2,10
40269,Aymadommy,illidan,192,warrior,arms,12,2,10
40270,Rraw,demon-soul,192,warrior,arms,12,2,10
40271,Bronkyaf,hyjal,192,warrior,arms,12,2,10
40272,Léonwow,tichondrius,192,warrior,arms,12,2,10
40273,Arthurston,tichondrius,192,warrior,arms,12,2,10
40274,Råging,area-52,192,warrior,arms,12,2,10
40275,Haruq,tichondrius,192,warrior,arms,12,2,10
40276,Hellswine,barthilas,192,warrior,arms,12,2,10
40277,Kaimera,echo-isles,192,warrior,arms,12,2,10
40278,Item,nerzhul,192,warrior,arms,12,2,10
40279,Lawlstørm,stormrage,192,warrior,arms,12,2,10
40280,Gambii,moon-guard,192,warrior,arms,12,2,10
40281,Hiness,tichondrius,192,warrior,arms,12,2,10
40282,Schecterguy,area-52,192,warrior,arms,14,2,12
40283,Fallensoul,nazjatar,192,warrior,arms,14,2,12
40284,Humminity,quelthalas,192,warrior,arms,14,2,12
40285,Hazell,gundrak,191,warrior,arms,6,2,4
40286,Krátös,farstriders,191,warrior,arms,6,2,4
40287,Edrelang,bronzebeard,191,warrior,arms,6,2,4
40288,Rudiblade,dalaran,191,warrior,arms,6,2,4
40289,Deathhit,barthilas,191,warrior,arms,6,2,4
40290,Beepboop,malganis,191,warrior,arms,6,2,4
40291,Blackkcow,zuljin,191,warrior,arms,6,2,4
40292,Bunedau,azgalor,191,warrior,arms,12,2,10
40293,Ybsorc,kelthuzad,160,warrior,arms,10,2,8
40294,Wyerlyn,illidan,159,warrior,arms,5,2,3
40295,Notoriousmmà,illidan,159,warrior,arms,5,2,3
40296,Gontore,thrall,159,warrior,arms,5,2,3
40297,Vapyr,moon-guard,159,warrior,arms,5,2,3
40298,Swordblood,ragnaros,159,warrior,arms,5,2,3
40299,Kellsbro,hyjal,159,warrior,arms,5,2,3
40300,Eatscrayons,barthilas,159,warrior,arms,11,2,9
40301,Czartacus,dalaran,144,warrior,arms,3,3,0
40302,Strongtall,tichondrius,138,warrior,arms,12,3,9
40303,Mnoga,azralon,138,warrior,arms,16,3,13
40304,Rhok,elune,136,warrior,arms,10,5,5
40305,Scottie,cairne,136,warrior,arms,7,3,4
40306,Clarityw,illidan,128,warrior,arms,4,2,2
40307,Nosors,kelthuzad,128,warrior,arms,4,2,2
40308,Eatmyblade,wyrmrest-accord,128,warrior,arms,10,2,8
40309,Berserko,gurubashi,112,warrior,arms,7,2,5
40310,Syradar,ragnaros,112,warrior,arms,7,2,5
40311,Seariphim,lothar,105,warrior,arms,9,4,5
40312,Battosaì,bonechewer,96,warrior,arms,3,2,1
40313,Ryuulion,proudmoore,96,warrior,arms,3,2,1
40314,Azyxia,emerald-dream,96,warrior,arms,3,2,1
40315,Ragemane,illidan,96,warrior,arms,3,2,1
40316,Kevs,sargeras,96,warrior,arms,3,2,1
40317,Arianarkw,sargeras,96,warrior,arms,3,2,1
40318,Hergo,spirestone,96,warrior,arms,6,1,5
40319,Arantx817800,illidan,96,warrior,arms,6,1,5
40320,Sver,dalaran,96,warrior,arms,6,1,5
40321,Ghaladir,area-52,96,warrior,arms,6,1,5
40322,Wartrué,tichondrius,96,warrior,arms,6,1,5
40323,Hazelbean,tichondrius,96,warrior,arms,6,1,5
40324,Rahj,caelestrasz,96,warrior,arms,6,1,5
40325,Rambovix,tichondrius,96,warrior,arms,6,1,5
40326,Tfd,tichondrius,96,warrior,arms,6,1,5
40327,Berawar,tichondrius,96,warrior,arms,6,1,5
40328,Goywarr,illidan,96,warrior,arms,6,1,5
40329,Ghostierip,illidan,96,warrior,arms,6,1,5
40330,Wienertoes,tichondrius,96,warrior,arms,6,1,5
40331,Timbajimba,silvermoon,96,warrior,arms,6,1,5
40332,Rollz,amanthul,96,warrior,arms,6,1,5
40333,Eightballerz,barthilas,96,warrior,arms,6,1,5
40334,Jazz,frostwolf,96,warrior,arms,6,1,5
40335,Broxar,area-52,96,warrior,arms,6,1,5
40336,Smoogzz,tichondrius,96,warrior,arms,6,1,5
40337,Kargan,thrall,96,warrior,arms,6,1,5
40338,Bigwarrior,stonemaul,96,warrior,arms,6,1,5
40339,Bhuppzz,barthilas,96,warrior,arms,6,1,5
40340,Shöthetank,area-52,96,warrior,arms,6,1,5
40341,Atomicboxer,tichondrius,96,warrior,arms,6,1,5
40342,Jennatolls,boulderfist,96,warrior,arms,6,1,5
40343,Wolurog,emerald-dream,96,warrior,arms,6,1,5
40344,Tangö,barthilas,96,warrior,arms,6,1,5
40345,Warrmachine,scarlet-crusade,96,warrior,arms,6,1,5
40346,Nelfmoehawk,barthilas,96,warrior,arms,6,1,5
40347,Regax,thrall,96,warrior,arms,6,1,5
40348,Mahoneslice,thrall,96,warrior,arms,6,1,5
40349,Warbomb,thrall,96,warrior,arms,6,1,5
40350,Raokao,senjin,96,warrior,arms,6,1,5
40351,Kåyotix,proudmoore,96,warrior,arms,6,1,5
40352,Áres,spinebreaker,96,warrior,arms,6,1,5
40353,Lifaen,zangarmarsh,96,warrior,arms,6,1,5
40354,Facekilla,nordrassil,96,warrior,arms,6,1,5
40355,Bobisyourmom,tichondrius,96,warrior,arms,6,1,5
40356,Ñors,spinebreaker,96,warrior,arms,6,1,5
40357,Erhue,sargeras,96,warrior,arms,6,1,5
40358,Ohhgeekush,proudmoore,96,warrior,arms,6,1,5
40359,Mauler,medivh,96,warrior,arms,6,1,5
40360,Ogrimir,moon-guard,96,warrior,arms,6,1,5
40361,Flexxinpapi,exodar,96,warrior,arms,6,1,5
40362,Morlu,alleria,96,warrior,arms,6,1,5
40363,Kevinersaa,frostmourne,96,warrior,arms,6,1,5
40364,Augutra,moon-guard,96,warrior,arms,6,1,5
40365,Mechagodzila,kiljaeden,96,warrior,arms,6,1,5
40366,Mezw,tichondrius,96,warrior,arms,6,1,5
40367,Wàrrðèémzý,frostmourne,96,warrior,arms,6,1,5
40368,Soymong,frostmourne,96,warrior,arms,6,1,5
40369,Bestgrunt,tichondrius,96,warrior,arms,6,1,5
40370,Rasazghal,darrowmere,96,warrior,arms,6,1,5
40371,Hadrum,turalyon,96,warrior,arms,6,1,5
40372,Gizzmo,bonechewer,96,warrior,arms,6,1,5
40373,Ammeh,draka,96,warrior,arms,6,1,5
40374,Grosjambes,turalyon,96,warrior,arms,6,1,5
40375,Heyzulnut,whisperwind,96,warrior,arms,6,1,5
40376,Vhagaar,emerald-dream,96,warrior,arms,6,1,5
40377,Blitzkrieegz,drakkari,96,warrior,arms,6,1,5
40378,Xeno,steamwheedle-cartel,96,warrior,arms,6,1,5
40379,Doriax,sentinels,96,warrior,arms,6,1,5
40380,Draann,kirin-tor,96,warrior,arms,6,1,5
40381,Geontage,drakkari,96,warrior,arms,6,1,5
40382,Beenbag,aerie-peak,96,warrior,arms,6,1,5
40383,Cindabotica,sargeras,96,warrior,arms,6,1,5
40384,Jimhoffa,bonechewer,96,warrior,arms,6,1,5
40385,Rage,tanaris,96,warrior,arms,6,1,5
40386,Jimpepega,quelthalas,96,warrior,arms,6,1,5
40387,Maxtavius,baelgun,96,warrior,arms,6,1,5
40388,Kboyrage,sargeras,96,warrior,arms,6,1,5
40389,Jiva,emerald-dream,96,warrior,arms,6,1,5
40390,Meleth,darkspear,96,warrior,arms,6,1,5
40391,Adav,arthas,96,warrior,arms,6,1,5
40392,Dogmar,moon-guard,96,warrior,arms,6,1,5
40393,Bootstraps,hyjal,96,warrior,arms,6,1,5
40394,Bootysmelly,mannoroth,96,warrior,arms,6,1,5
40395,Sneeze,kul-tiras,96,warrior,arms,6,1,5
40396,Abaton,wyrmrest-accord,96,warrior,arms,6,1,5
40397,Drdrip,shuhalo,96,warrior,arms,6,1,5
40398,Klobnslob,mannoroth,96,warrior,arms,6,1,5
40399,Skärz,azshara,96,warrior,arms,6,1,5
40400,Beastro,rexxar,96,warrior,arms,6,1,5
40401,Nerolanast,wyrmrest-accord,96,warrior,arms,6,1,5
40402,Fréäkk,ragnaros,96,warrior,arms,6,1,5
40403,Roxesc,area-52,96,warrior,arms,6,1,5
40404,Cleaver,draka,96,warrior,arms,6,1,5
40405,Gärroshh,ragnaros,96,warrior,arms,6,1,5
40406,Vlix,korgath,96,warrior,arms,6,1,5
40407,Gromhell,azralon,96,warrior,arms,6,1,5
40408,Däger,ragnaros,96,warrior,arms,6,1,5
40409,Sienge,tortheldrin,96,warrior,arms,6,1,5
40410,Racsorr,ragnaros,96,warrior,arms,6,1,5
40411,Droggo,cenarius,96,warrior,arms,6,1,5
40412,Durseyturm,area-52,96,warrior,arms,6,1,5
40413,Mikachero,ragnaros,96,warrior,arms,6,1,5
40414,Zépileque,azralon,96,warrior,arms,6,1,5
40415,Elodié,stormrage,96,warrior,arms,6,1,5
40416,Silverdeadl,ragnaros,96,warrior,arms,6,1,5
40417,Noctrelor,sargeras,96,warrior,arms,6,1,5
40418,Nyaner,quelthalas,96,warrior,arms,6,1,5
40419,Shagstrike,azralon,96,warrior,arms,6,1,5
40420,Joetempest,azralon,96,warrior,arms,6,1,5
40421,Aidenwr,area-52,96,warrior,arms,6,1,5
40422,Xalë,tichondrius,96,warrior,arms,6,1,5
40423,Neotico,quelthalas,96,warrior,arms,6,1,5
40424,Uub,malganis,96,warrior,arms,6,1,5
40425,Sosaw,moon-guard,96,warrior,arms,6,1,5
40426,Nibones,malganis,96,warrior,arms,6,1,5
40427,Weechubber,bleeding-hollow,96,warrior,arms,6,1,5
40428,Selockclap,bleeding-hollow,96,warrior,arms,6,1,5
40429,Flabergaster,skullcrusher,96,warrior,arms,6,1,5
40430,Meytuglin,stormrage,96,warrior,arms,6,1,5
40431,Damadar,malganis,96,warrior,arms,6,1,5
40432,Codey,stormrage,96,warrior,arms,6,1,5
40433,Faintswar,stormrage,96,warrior,arms,6,1,5
40434,Betsisword,stormrage,96,warrior,arms,6,1,5
40435,Dokoba,bleeding-hollow,96,warrior,arms,6,1,5
40436,Darkromel,quelthalas,96,warrior,arms,6,1,5
40437,Beatstickz,malganis,96,warrior,arms,6,1,5
40438,Paralyzed,malganis,96,warrior,arms,6,1,5
40439,Kado,zuluhed,96,warrior,arms,6,1,5
40440,Alvitr,kelthuzad,96,warrior,arms,6,1,5
40441,Skunkz,kelthuzad,96,warrior,arms,6,1,5
40442,Deathislovê,moonrunner,96,warrior,arms,6,1,5
40443,Striphex,trollbane,96,warrior,arms,6,1,5
40444,Gordurin,akama,96,warrior,arms,6,1,5
40445,Immortal,icecrown,96,warrior,arms,6,1,5
40446,Kluster,kelthuzad,96,warrior,arms,6,1,5
40447,Snippy,garona,96,warrior,arms,6,1,5
40448,Notacop,malygos,96,warrior,arms,6,1,5
40449,Draxxarlol,zuljin,96,warrior,arms,6,1,5
40450,Zørg,bleeding-hollow,96,warrior,arms,6,1,5
40451,Charcharbinx,zuljin,96,warrior,arms,6,1,5
40452,Myc,zuljin,96,warrior,arms,6,1,5
40453,Sweetlove,akama,96,warrior,arms,6,1,5
40454,Äléx,frostmourne,96,warrior,arms,7,1,6
40455,Sangettsu,stormrage,96,warrior,arms,8,1,7
40456,Drdalidou,zuljin,96,warrior,arms,12,1,11
40457,Berzerk,dentarg,96,warrior,arms,12,1,11
40458,Integrâl,tichondrius,96,warrior,arms,12,1,11
40459,Semyus,ragnaros,96,warrior,arms,12,1,11
40460,Meelehard,zuljin,96,warrior,arms,12,1,11
40461,Babyfelix,tichondrius,96,warrior,arms,12,1,11
40462,Odyssey,vashj,96,warrior,arms,12,1,11
40463,Cartou,stormscale,96,warrior,arms,12,1,11
40464,Bushwook,emerald-dream,96,warrior,arms,12,1,11
40465,Njalulfhild,korgath,96,warrior,arms,12,1,11
40466,Wmuuzh,quelthalas,96,warrior,arms,12,1,11
40467,Falkur,amanthul,96,warrior,arms,12,1,11
40468,Drarn,norgannon,96,warrior,arms,12,1,11
40469,Savagetko,illidan,79,warrior,arms,5,1,4
40470,Naindejardin,sargeras,79,warrior,arms,5,1,4
40471,Rokmok,frostmane,79,warrior,arms,5,1,4
40472,Keringan,stormrage,79,warrior,arms,5,1,4
40473,Psykd,arathor,79,warrior,arms,5,1,4
40474,Roxon,hellscream,79,warrior,arms,5,1,4
40475,Garrossh,thunderhorn,64,warrior,arms,4,1,3
40476,Sniperbeer,sargeras,64,warrior,arms,4,1,3
40477,Mverstappen,azralon,64,warrior,arms,4,1,3
40478,Thewarrior,tichondrius,48,warrior,arms,3,1,2
40479,Haveya,ghostlands,48,warrior,arms,3,1,2
40480,Warriorba,tichondrius,48,warrior,arms,3,1,2
40481,Critnectar,aggramar,48,warrior,arms,3,1,2
40482,Rumka,draktharon,42,warrior,arms,6,2,4
40483,Reignwolf,azralon,42,warrior,arms,7,2,5
40484,Ghostkin,ragnaros,42,warrior,arms,7,2,5
40485,Tatsuujin,sargeras,42,warrior,arms,8,2,6
40486,Trôca,ragnaros,42,warrior,arms,8,2,6
40487,Billy,area-52,31,warrior,arms,2,1,1
40488,Mantiflash,stormrage,31,warrior,arms,2,1,1
40489,Flandiz,sargeras,31,warrior,arms,2,1,1
40490,Zachw,stormrage,16,warrior,arms,1,1,0
40491,Shwutty,stormrage,16,warrior,arms,1,1,0
40492,Goodidea,mannoroth,16,warrior,arms,1,1,0
40493,Psyrush,area-52,16,warrior,arms,7,1,6
40494,Americanbull,moon-guard,1455,warrior,protection,62,34,28
40495,Percaderp,barthilas,1203,warrior,protection,27,15,12
40496,Graventhal,tichondrius,1192,warrior,protection,53,25,28
40497,Thororan,whisperwind,845,warrior,protection,27,10,17
40498,Appolyonn,hyjal,838,warrior,protection,42,17,25
40499,Logan,twisting-nether,681,warrior,protection,38,10,28
40500,Mileigh,kelthuzad,668,warrior,protection,24,7,17
40501,Ghostoffury,thrall,574,warrior,protection,12,6,6
40502,Stophitingme,bloodscalp,469,warrior,protection,18,5,13
40503,Ksubîî,frostmourne,448,warrior,protection,16,5,11
40504,Dabdaddyy,dawnbringer,384,warrior,protection,6,4,2
40505,Kidkolby,moon-guard,384,warrior,protection,12,4,8
40506,Rhuk,drakkari,383,warrior,protection,12,4,8
40507,Manthraxx,sargeras,288,warrior,protection,6,3,3
40508,Chàrr,crushridge,288,warrior,protection,15,4,11
40509,Toothnnailz,destromath,284,warrior,protection,12,3,9
40510,Stowdace,bladefist,239,warrior,protection,5,3,2
40511,Executespam,madoran,192,warrior,protection,6,2,4
40512,Lagurtz,ragnaros,192,warrior,protection,6,2,4
40513,Loonycity,arygos,192,warrior,protection,12,2,10
40514,Littlefatman,terokkar,192,warrior,protection,12,2,10
40515,Fearless,moon-guard,96,warrior,protection,6,1,5
40516,Varith,sargeras,96,warrior,protection,12,1,11
40517,Jindyn,boulderfist,95,warrior,protection,6,1,5
